KUENM/Final_Models/M_0.1_F_lq_Set_2_E/sp1_se_asia_stddev.asc
ncols         320
nrows         243
xllcorner     44.0
yllcorner     -0.666666666666667
cellsize      0.166666666666667
NODATA_value  -9999
[rows 93 to 123 of 243, columns 210 to 279 of 320]
1.11106E-2 3.9231E-3 4.19929E-3 1.46372E-2 2.80599E-2 3.37412E-2 3.5502E-2 3.68926E-2 3.34117E-2 2.97082E-2 3.63395E-2 3.07865E-2 2.25653E-2 1.8511E-2 1.95839E-2 2.32074E-2 2.6177E-2 3.40991E-2 4.47388E-2 5.31288E-2 5.19088E-2 4.76563E-2 4.71647E-2 4.55046E-2 4.42246E-2 4.40963E-2 3.85317E-2 3.88433E-2 4.04028E-2 3.91377E-2 2.4929E-2 1.72114E-2 2.07453E-2 2.4929E-2 2.47586E-2 1.91202E-2 2.6177E-2 3.18959E-2 3.067E-2 3.65961E-2 4.06166E-2 3.85789E-2 2.87922E-2 2.12125E-2 1.50235E-2 1.19317E-2 1.09035E-2 8.47126E-3 6.38927E-3 1.52359E-3 2.24375E-4 1.36906E-4 3.43888E-4 6.03539E-4 9.92096E-4 1.193E-3 7.81067E-4 3.22113E-4 1.05953E-4 1.7953E-5 3.83654E-6 2.33048E-6 1.23243E-6 3.30332E-7 5.08997E-8 7.05324E-9 7.0376E-10 6.07412E-11 6.11568E-12 1.00201E-12
9.74051E-3 5.96763E-3 9.86097E-3 1.76848E-2 2.68581E-2 2.41606E-2 3.16495E-2 3.76587E-2 3.48898E-2 2.81137E-2 2.84406E-2 2.62329E-2 2.39536E-2 2.36452E-2 2.65953E-2 2.50984E-2 2.42245E-2 3.02946E-2 3.44032E-2 3.91531E-2 4.16925E-2 4.39999E-2 4.18428E-2 3.76483E-2 3.18469E-2 3.18293E-2 2.76432E-2 2.55524E-2 2.64665E-2 2.86063E-2 3.13627E-2 3.54176E-2 2.7264E-2 2.15018E-2 1.44576E-2 1.26555E-2 1.29702E-2 9.52578E-3 8.05725E-3 1.31145E-2 2.30763E-2 2.73359E-2 1.74989E-2 1.48283E-2 1.49956E-2 1.04511E-2 9.00547E-3 6.53038E-3 4.21375E-3 1.95026E-3 9.22483E-4 7.16263E-4 6.05332E-4 3.72506E-4 4.88927E-4 1.0336E-3 8.4007E-4 3.19421E-4 8.54689E-5 1.41598E-5 2.70278E-6 4.02092E-6 2.10496E-6 4.05754E-7 6.16365E-8 7.69456E-9 1.04855E-9 1.29767E-10 2.3739E-11 6.82469E-12
1.65894E-2 1.53717E-2 8.16696E-3 1.80364E-2 2.62329E-2 2.1811E-2 2.3789E-2 2.7798E-2 2.65631E-2 2.44252E-2 2.10872E-2 1.96741E-2 2.08817E-2 2.44252E-2 2.72606E-2 2.45223E-2 2.01716E-2 2.02041E-2 1.96376E-2 2.69571E-2 2.41002E-2 3.16886E-2 2.84931E-2 2.27187E-2 1.92078E-2 1.84069E-2 1.55269E-2 1.48785E-2 1.45615E-2 1.90195E-2 3.11892E-2 3.64478E-2 2.05864E-2 1.50982E-2 1.17226E-2 1.27051E-2 1.36389E-2 6.82499E-3 4.91415E-3 7.18078E-3 1.45348E-2 1.60594E-2 8.70353E-3 6.97243E-3 1.01682E-2 9.53722E-3 7.91586E-3 4.98846E-3 3.52782E-3 2.58238E-3 2.11737E-3 1.9879E-3 1.46463E-3 5.35742E-4 4.72601E-4 8.14177E-4 7.08817E-4 3.45161E-4 1.0697E-4 2.50916E-5 9.25529E-6 6.88518E-6 2.48993E-6 3.75705E-7 4.4365E-8 6.6549E-9 1.12265E-9 1.7302E-10 4.62508E-11 2.40146E-11
1.75064E-2 1.6062E-2 6.72551E-3 2.08347E-2 1.94771E-2 1.34414E-2 1.16915E-2 1.45472E-2 1.41516E-2 1.23619E-2 1.05671E-2 9.71691E-3 1.45472E-2 2.18302E-2 2.18819E-2 2.04606E-2 1.66109E-2 1.35546E-2 1.27186E-2 1.37291E-2 1.14744E-2 1.20314E-2 1.55234E-2 1.31455E-2 1.11252E-2 9.46599E-3 8.05725E-3 9.08814E-3 8.69512E-3 1.15436E-2 1.36876E-2 1.04433E-2 1.161E-2 1.37675E-2 1.0942E-2 1.17366E-2 1.14757E-2 1.02445E-2 1.14836E-2 1.1818E-2 9.84835E-3 1.07715E-2 9.71583E-3 1.53585E-2 1.119E-2 1.01833E-2 8.89127E-3 3.66395E-3 3.50507E-3 3.72899E-3 2.98102E-3 3.67446E-3 3.84015E-3 1.54172E-3 1.0186E-3 1.00152E-3 7.73092E-4 3.93503E-4 1.47087E-4 4.54458E-5 1.51313E-5 5.96968E-6 1.7349E-6 2.40184E-7 2.9033E-8 5.07499E-9 1.47556E-9 3.17621E-10 1.23118E-10 5.00269E-11
9.38423E-3 1.01099E-2 1.1542E-2 1.38732E-2 1.04433E-2 9.76148E-3 8.63166E-3 7.38643E-3 5.37527E-3 4.80749E-3 3.85746E-3 4.87397E-3 1.0635E-2 2.0297E-2 2.09193E-2 1.65354E-2 1.19919E-2 8.48511E-3 5.85984E-3 5.42615E-3 4.95423E-3 4.34007E-3 6.48369E-3 5.56515E-3 4.80477E-3 4.05224E-3 3.45112E-3 3.54888E-3 4.36793E-3 3.64572E-3 2.70967E-3 1.66506E-3 1.95853E-3 5.78563E-3 8.48046E-3 6.28878E-3 4.15132E-3 3.75823E-3 3.05129E-3 2.84596E-3 2.13808E-3 3.1048E-3 6.36083E-3 9.44398E-3 1.23094E-2 1.41769E-2 1.33368E-2 7.40647E-3 5.89798E-3 7.40647E-3 2.80531E-3 2.0897E-3 2.29577E-3 2.02477E-3 1.69887E-3 1.54172E-3 1.0186E-3 5.34661E-4 2.16198E-4 6.32812E-5 1.88486E-5 5.07736E-6 1.25483E-6 1.89761E-7 1.96044E-8 5.54065E-9 2.61159E-9 1.03646E-9 2.84401E-10 -9999
8.60077E-3 1.08728E-2 1.23492E-2 9.66483E-3 7.69061E-3 6.53097E-3 4.70927E-3 3.48915E-3 2.17907E-3 1.64252E-3 1.29223E-3 3.51331E-3 9.95453E-3 2.04606E-2 2.35069E-2 1.62662E-2 1.0289E-2 7.38599E-3 5.97262E-3 3.6962E-3 2.91486E-3 2.4534E-3 3.21264E-3 2.92345E-3 2.45005E-3 1.8938E-3 1.55197E-3 1.37524E-3 1.83037E-3 1.52252E-3 1.96133E-3 1.32201E-3 1.44848E-3 4.62407E-3 6.88151E-3 2.51983E-3 1.17948E-3 1.01707E-3 5.16867E-4 9.56025E-4 2.21628E-3 3.11925E-3 3.69747E-3 4.47366E-3 5.8039E-3 1.12792E-2 1.66094E-2 1.10064E-2 7.82755E-3 2.60347E-2 5.4265E-3 2.40544E-3 2.22515E-3 2.02477E-3 2.33182E-3 2.76284E-3 1.81149E-3 9.68137E-4 3.52552E-4 7.15335E-5 1.57363E-5 4.28889E-6 1.05599E-6 2.22086E-7 4.4365E-8 1.53211E-8 6.7038E-9 2.20836E-9 3.21783E-10 -9999
9.60964E-3 1.05342E-2 1.29962E-2 1.45916E-2 1.04409E-2 3.34865E-3 2.18823E-3 1.20087E-3 6.10011E-4 4.32377E-4 5.25621E-4 1.09668E-3 4.17588E-3 1.11084E-2 1.85931E-2 1.31656E-2 8.50014E-3 6.42301E-3 6.25793E-3 5.59552E-3 2.92345E-3 1.73859E-3 1.69469E-3 1.66842E-3 1.18166E-3 7.52645E-4 6.04948E-4 6.53089E-4 8.91155E-4 1.21047E-3 1.43356E-3 1.33491E-3 9.34617E-4 1.52064E-3 2.06513E-3 9.17665E-4 3.78945E-4 4.96998E-4 5.10747E-4 3.75666E-3 6.93591E-3 3.17898E-3 1.62499E-3 2.49301E-3 3.46326E-3 7.40647E-3 1.57089E-2 1.85595E-2 8.70218E-3 1.89592E-2 1.58861E-2 7.5236E-3 3.5675E-3 2.0897E-3 2.0897E-3 4.50433E-3 4.83752E-3 3.07245E-3 4.23205E-4 4.93955E-5 8.80302E-6 2.87284E-6 1.03696E-6 2.97887E-7 8.83301E-8 3.38947E-8 1.64404E-8 4.00289E-9 2.82772E-10 6.04772E-12
1.74997E-2 1.693E-2 2.02191E-2 1.68974E-2 9.41101E-3 4.56667E-3 2.11368E-3 7.07776E-4 1.90286E-4 1.8273E-4 3.3616E-4 7.31797E-4 1.06953E-3 2.7844E-3 4.66123E-3 4.67636E-3 5.36133E-3 5.21808E-3 6.45883E-3 7.95001E-3 4.15205E-3 2.1387E-3 1.28667E-3 9.81793E-4 6.07118E-4 3.08611E-4 2.22192E-4 2.67021E-4 3.79102E-4 5.56763E-4 7.15015E-4 5.95071E-4 4.57845E-4 3.07403E-4 4.43982E-4 5.89404E-4 6.53322E-4 8.37281E-4 1.37233E-3 5.05978E-3 5.37646E-3 2.44301E-3 1.44089E-3 2.2366E-3 4.83752E-3 6.49121E-3 1.13099E-2 1.59206E-2 9.04458E-3 1.10569E-2 2.14761E-2 1.52179E-2 8.46562E-3 3.41214E-3 1.1458E-3 1.26613E-3 2.51973E-3 6.72644E-4 9.73859E-5 1.93422E-5 5.34392E-6 1.96917E-6 8.98475E-7 3.15745E-7 8.88998E-8 3.05198E-8 1.27922E-8 2.55091E-9 1.04824E-10 -9999
2.3005E-2 2.38883E-2 2.33581E-2 1.85481E-2 1.01271E-2 5.58237E-3 1.73859E-3 4.70785E-4 1.63813E-4 1.95341E-4 3.02124E-4 7.2747E-4 1.61688E-3 2.52338E-3 1.93594E-3 5.8914E-4 9.53257E-4 2.01885E-3 5.55405E-3 1.09528E-2 5.95243E-3 2.58375E-3 1.11292E-3 5.93405E-4 3.36347E-4 1.83855E-4 1.05881E-4 9.77352E-5 1.14029E-4 1.63813E-4 2.70605E-4 2.26289E-4 1.01609E-4 5.70525E-5 1.2721E-4 4.64688E-4 1.05899E-3 1.10561E-3 1.35044E-3 1.91034E-3 1.51694E-3 1.31562E-3 1.26613E-3 1.95026E-3 3.81468E-3 4.37668E-3 6.85206E-3 7.54119E-3 5.82855E-3 7.54119E-3 1.23476E-2 1.356E-2 1.29358E-2 3.8479E-3 5.45372E-4 3.16169E-4 7.88272E-4 1.076E-4 2.86956E-5 1.22033E-5 3.96157E-6 1.55217E-6 7.39097E-7 2.39675E-7 4.6697E-8 8.55405E-9 1.9005E-9 2.54766E-10 6.63705E-12 -9999
1.8511E-2 1.8829E-2 2.45223E-2 2.15964E-2 1.26849E-2 5.4114E-3 1.64252E-3 5.33217E-4 2.44949E-4 2.50379E-4 3.83386E-4 6.92072E-4 1.40871E-3 1.9853E-3 2.75027E-3 1.11475E-3 3.93466E-4 8.59697E-4 3.44581E-3 8.10705E-3 4.77431E-3 2.00861E-3 8.87986E-4 4.41635E-4 2.18646E-4 1.50695E-4 9.10215E-5 7.32649E-5 1.00616E-4 1.11337E-4 2.20465E-4 2.51025E-4 1.34633E-4 6.23619E-5 1.13206E-4 6.48728E-4 1.71509E-3 1.79381E-3 1.11261E-3 1.35948E-3 1.78272E-3 2.3359E-3 2.76791E-3 3.73646E-3 4.19106E-3 3.22689E-3 3.26273E-3 3.52664E-3 2.99001E-3 3.4746E-3 5.13953E-3 5.82855E-3 3.63187E-3 5.45987E-4 3.19705E-5 3.80182E-6 3.0636E-5 4.20265E-5 1.94438E-5 9.55199E-6 2.24649E-6 7.8209E-7 3.2849E-7 8.31001E-8 8.87449E-9 7.42874E-10 6.6608E-11 7.14325E-12 -9999 4.25065E-16
1.26555E-2 1.55829E-2 1.98417E-2 2.32546E-2 1.25645E-2 4.7919E-3 1.45422E-3 4.13699E-4 2.46997E-4 1.98878E-4 3.50655E-4 8.39733E-4 2.01194E-3 2.13647E-3 1.61736E-3 1.20357E-3 1.40892E-3 2.17117E-3 2.6837E-3 2.30326E-3 1.74245E-3 6.08976E-4 4.62716E-4 3.19407E-4 3.03672E-4 2.33751E-4 1.75333E-4 1.72021E-4 2.46281E-4 5.37012E-4 1.20564E-3 8.49396E-4 2.83923E-4 1.39923E-4 2.53651E-4 1.04555E-3 1.75945E-3 1.73165E-3 1.49861E-3 1.31562E-3 2.47977E-3 3.84015E-3 5.62782E-3 8.20032E-3 4.90663E-3 3.57455E-3 2.40968E-3 2.29968E-3 1.67524E-3 1.24592E-3 1.81368E-3 2.40978E-3 7.89149E-4 5.52025E-5 3.80182E-6 5.79645E-7 1.1377E-6 7.27179E-6 7.61177E-6 3.98076E-6 1.00527E-6 2.67682E-7 6.52597E-8 9.13447E-9 6.19361E-10 2.11092E-11 4.20262E-13 6.99741E-15 1.16885E-16 -9999
9.4242E-3 1.68259E-2 1.89027E-2 1.74938E-2 1.04928E-2 3.75859E-3 9.41951E-4 3.25266E-4 1.72907E-4 1.59275E-4 3.341E-4 9.98468E-4 2.17471E-3 4.34002E-3 5.70747E-3 6.18292E-3 3.92998E-3 3.0662E-3 3.6135E-3 2.16161E-3 8.18475E-4 1.7602E-4 2.34276E-4 3.17714E-4 3.80493E-4 3.83864E-4 3.00904E-4 2.63264E-4 4.535E-4 8.42141E-4 1.2117E-3 7.95403E-4 4.26112E-4 3.00765E-4 3.82087E-4 6.94468E-4 8.80827E-4 1.12917E-3 1.46044E-3 1.22751E-3 1.66303E-3 2.07711E-3 2.77513E-3 2.45684E-3 3.1935E-3 3.17568E-3 2.48784E-3 1.84481E-3 9.19927E-4 3.15656E-4 6.61976E-4 1.81552E-3 3.40794E-4 -9999 2.12409E-5 8.72515E-6 3.29662E-6 3.98076E-6 3.14407E-6 1.45466E-6 3.9511E-7 7.4762E-8 9.70101E-9 7.45392E-10 2.58615E-11 3.26548E-13 1.41577E-15 1.18811E-18 5.48182E-21 5.81746E-22
1.65591E-2 2.15788E-2 1.48326E-2 7.38643E-3 5.20543E-3 1.9711E-3 4.03257E-4 2.20901E-4 1.27179E-4 1.29387E-4 4.13803E-4 1.25189E-3 3.21133E-3 1.26765E-2 1.5852E-2 1.24048E-2 8.48963E-3 5.94743E-3 3.8479E-3 2.30175E-3 1.08961E-3 5.75658E-4 4.31979E-4 3.73588E-4 4.39164E-4 4.61918E-4 3.72506E-4 2.61691E-4 3.8164E-4 6.72656E-4 7.46767E-4 4.92121E-4 2.81476E-4 1.86344E-4 1.79308E-4 2.34276E-4 3.53161E-4 5.59931E-4 8.43971E-4 8.18984E-4 7.02037E-4 7.40675E-4 1.12253E-3 9.92003E-4 8.58229E-4 1.40039E-3 1.24592E-3 7.7451E-4 5.16463E-4 2.52175E-4 5.74776E-4 7.62274E-4 2.08979E-4 5.52025E-5 1.59662E-4 1.16488E-4 1.8209E-5 5.26737E-6 1.90106E-6 6.2481E-7 1.38677E-7 1.92439E-8 1.60225E-9 6.93389E-11 1.31703E-12 6.4995E-15 1.05445E-17 3.01437E-21 1.11393E-23 1.60722E-24
2.53744E-2 2.36228E-2 1.03194E-2 2.97182E-3 3.40468E-3 1.39905E-3 1.9766E-4 1.30855E-4 1.22292E-4 1.22335E-4 5.91673E-4 2.35145E-3 6.56768E-3 2.45319E-2 2.69313E-2 1.96678E-2 1.33747E-2 8.82278E-3 4.99622E-3 3.52443E-3 2.36847E-3 1.17919E-3 5.13476E-4 4.38058E-4 4.05936E-4 3.14824E-4 1.30984E-4 1.076E-4 1.89635E-4 4.24469E-4 4.24028E-4 2.47499E-4 1.31647E-4 9.03243E-5 6.80353E-5 7.03233E-5 1.65957E-4 3.68679E-4 6.16215E-4 7.39204E-4 6.19116E-4 4.21421E-4 4.55922E-4 3.22464E-4 2.81956E-4 2.09186E-4 1.16588E-4 1.34003E-4 2.82765E-4 4.3127E-4 4.23508E-4 2.82765E-4 1.53662E-4 1.69348E-4 2.57456E-4 1.01357E-4 2.21562E-5 4.91275E-6 1.31641E-6 2.96984E-7 5.10208E-8 5.26968E-9 3.11826E-10 -9999 1.01578E-13 3.95972E-16 5.91571E-19 5.5487E-22 2.16982E-24 -9999
2.91586E-2 2.82528E-2 1.52461E-2 5.93536E-3 4.46971E-3 2.13808E-3 2.61164E-4 8.33648E-5 1.66431E-4 3.49296E-4 1.56195E-3 5.4114E-3 1.5333E-2 3.49933E-2 3.47647E-2 2.37241E-2 1.70416E-2 1.26455E-2 8.37031E-3 6.22405E-3 4.89321E-3 2.90931E-3 1.32835E-3 1.05116E-3 8.13535E-4 1.8171E-4 2.03096E-5 2.57024E-5 4.97401E-5 1.07685E-4 1.50697E-4 8.64627E-5 5.36679E-5 5.57298E-5 3.04134E-5 1.70745E-5 9.30589E-5 3.50655E-4 6.33842E-4 9.21939E-4 7.71153E-4 4.50482E-4 2.46637E-4 9.99174E-5 5.36542E-5 3.50068E-5 8.32831E-6 1.86002E-5 7.65022E-5 1.65578E-4 1.47625E-4 5.86295E-5 1.86289E-5 2.07903E-5 2.26418E-5 1.63152E-5 8.15032E-6 3.29027E-6 7.25417E-7 1.76016E-7 2.21585E-8 1.91536E-9 8.98827E-11 1.22738E-12 1.81888E-14 -9999 7.04722E-20 3.00646E-22 1.023E-24 -9999
3.24424E-2 3.42049E-2 3.24847E-2 2.51001E-2 1.58833E-2 5.56748E-3 4.3224E-4 5.29369E-5 1.23904E-4 4.90493E-4 2.64655E-3 9.56216E-3 1.92699E-2 3.53118E-2 3.11992E-2 2.10768E-2 1.78136E-2 1.61282E-2 1.06465E-2 7.50146E-3 8.41854E-3 7.54562E-3 4.62432E-3 3.20072E-3 2.42969E-3 4.19254E-4 5.14632E-5 2.59325E-5 2.35754E-5 2.57024E-5 2.93495E-5 2.75269E-5 2.3592E-5 2.96262E-5 2.21893E-5 1.04599E-5 8.08673E-5 4.17475E-4 9.81793E-4 1.53854E-3 9.77863E-4 4.7251E-4 2.11887E-4 6.08326E-5 3.35363E-5 1.49365E-5 5.75544E-6 8.71545E-6 2.86178E-5 6.09603E-5 6.7695E-5 2.52146E-5 2.47765E-6 -9999 5.23283E-7 2.19311E-6 3.13803E-6 1.8975E-6 5.09249E-7 1.03357E-7 -9999 1.0131E-9 4.24562E-11 4.21634E-13 -9999 -9999 -9999 -9999 -9999 -9999
4.40432E-2 4.11208E-2 3.6535E-2 3.16446E-2 2.70866E-2 7.95024E-3 9.84775E-4 8.81403E-5 1.04673E-5 1.46051E-4 2.60442E-3 1.17908E-2 2.31312E-2 2.7586E-2 2.26215E-2 1.52462E-2 1.31051E-2 1.10648E-2 6.84677E-3 5.55577E-3 8.14077E-3 8.35659E-3 5.32691E-3 3.28354E-3 2.03476E-3 7.90385E-4 2.3444E-4 7.06083E-5 2.3161E-5 8.11984E-6 7.79134E-6 1.30079E-5 1.83501E-5 2.92837E-5 3.68031E-5 4.03696E-5 1.34964E-4 5.84594E-4 1.08973E-3 1.34335E-3 1.14488E-3 4.33452E-4 1.79204E-4 6.67043E-5 3.53243E-5 1.30633E-5 6.62647E-6 7.41161E-6 1.85545E-5 3.94542E-5 -9999 -9999 -9999 -9999 -9999 1.80776E-6 -9999 -9999 5.09249E-7 -9999 -9999 -9999 -9999 -9999 -9999 -9999 -9999 -9999 -9999 -9999
5.62685E-2 4.12089E-2 2.25834E-2 2.19513E-2 1.9823E-2 5.05927E-3 1.31102E-3 7.4963E-5 9.32853E-6 1.30789E-4 3.35002E-3 1.76149E-2 2.8598E-2 2.12934E-2 1.50656E-2 9.4004E-3 7.14183E-3 5.74662E-3 3.56363E-3 2.39946E-3 3.08187E-3 3.42101E-3 2.36847E-3 1.54007E-3 1.21922E-3 1.08756E-3 7.94249E-4 1.94785E-4 3.2985E-5 6.0061E-6 4.80121E-6 1.14115E-5 3.53622E-5 4.05536E-5 5.87302E-5 1.05342E-4 2.3828E-4 5.82586E-4 1.07001E-3 1.12381E-3 8.07632E-4 3.23628E-4 1.53886E-4 7.79547E-5 3.31361E-5 1.62307E-5 9.35083E-6 8.89241E-6 -9999 -9999 -9999 -9999 -9999 -9999 -9999 -9999 -9999 -9999 -9999 -9999 -9999 -9999 -9999 -9999 -9999 -9999 -9999 -9999 -9999 -9999
4.13089E-2 2.76808E-2 1.38989E-2 9.75096E-3 5.64965E-3 1.54479E-3 3.46851E-4 5.18534E-5 3.48032E-5 5.60146E-4 4.46245E-3 7.5053E-3 9.88567E-3 1.16237E-2 1.0933E-2 5.90153E-3 4.32774E-3 4.07782E-3 2.18445E-3 1.09127E-3 7.89149E-4 7.4636E-4 7.57036E-4 6.91011E-4 7.83762E-4 1.20261E-3 1.43312E-3 4.04191E-4 8.34844E-5 2.4011E-5 1.52927E-5 2.72338E-5 4.2819E-5 8.13806E-5 1.53662E-4 3.10392E-4 5.53349E-4 8.31092E-4 9.33691E-4 8.16075E-4 4.90493E-4 2.40267E-4 1.31395E-4 7.35717E-5 3.86311E-5 2.2091E-5 1.55608E-5 -9999 -9999 -9999 -9999 -9999 -9999 -9999 -9999 -9999 -9999 -9999 -9999 -9999 -9999 -9999 -9999 -9999 -9999 -9999 -9999 -9999 -9999 -9999
2.79339E-2 1.72235E-2 8.2481E-3 4.11602E-3 1.72029E-3 4.05936E-4 1.00526E-4 3.86853E-5 4.29759E-5 4.71667E-4 1.84367E-3 1.09169E-3 1.64869E-3 6.68403E-3 1.20405E-2 9.77231E-3 5.51322E-3 2.12231E-3 7.72736E-4 4.72853E-4 3.80532E-4 3.21567E-4 2.80502E-4 3.44148E-4 5.69126E-4 9.1145E-4 9.49395E-4 4.90782E-4 1.82866E-4 8.42189E-5 5.73044E-5 6.23646E-5 9.95064E-5 2.11968E-4 3.85297E-4 7.8804E-4 1.26048E-3 1.30948E-3 9.21181E-4 4.56351E-4 2.79041E-4 1.36024E-4 8.79533E-5 5.95317E-5 4.1056E-5 2.8524E-5 2.46171E-5 -9999 -9999 -9999 -9999 -9999 -9999 -9999 -9999 -9999 -9999 -9999 -9999 -9999 -9999 -9999 -9999 -9999 -9999 -9999 -9999 -9999 -9999 -9999
1.91905E-2 1.05297E-2 4.56879E-3 1.85745E-3 7.53982E-4 2.89903E-4 9.69571E-5 4.77124E-5 6.23472E-5 2.25167E-4 5.45987E-4 6.51611E-4 1.33246E-3 5.28373E-3 1.26319E-2 1.27982E-2 6.33001E-3 1.42357E-3 5.36101E-4 3.47113E-4 3.22388E-4 2.77521E-4 1.82377E-4 2.56996E-4 4.6933E-4 6.79012E-4 7.24615E-4 5.2728E-4 3.28478E-4 2.01299E-4 1.51474E-4 1.54455E-4 2.12017E-4 3.66435E-4 6.88422E-4 1.49558E-3 2.93811E-3 1.79885E-3 7.61192E-4 2.66823E-4 8.44749E-5 5.38563E-5 5.06048E-5 4.8191E-5 3.99076E-5 3.45602E-5 3.61739E-5 4.1056E-5 -9999 -9999 -9999 -9999 -9999 -9999 -9999 -9999 -9999 -9999 -9999 -9999 -9999 -9999 -9999 -9999 -9999 -9999 -9999 -9999 -9999 -9999
1.12679E-2 4.83806E-3 1.74823E-3 8.22178E-4 5.36788E-4 3.24149E-4 1.32069E-4 5.28697E-5 5.28624E-5 1.11961E-4 2.67313E-4 5.05298E-4 1.06901E-3 2.85364E-3 5.4265E-3 6.31683E-3 5.20998E-3 1.3999E-3 4.46829E-4 3.34216E-4 4.22002E-4 6.50836E-4 6.51611E-4 5.45748E-4 6.04704E-4 6.55586E-4 6.79012E-4 6.04354E-4 4.90782E-4 4.04191E-4 3.44148E-4 3.78611E-4 4.04191E-4 5.5241E-4 8.47041E-4 1.41437E-3 2.6441E-3 1.56095E-3 5.41773E-4 1.55174E-4 5.07191E-5 3.33084E-5 4.0294E-5 4.16227E-5 4.52642E-5 4.35855E-5 4.85413E-5 6.22271E-5 -9999 -9999 -9999 -9999 -9999 -9999 -9999 -9999 -9999 -9999 -9999 -9999 -9999 -9999 -9999 -9999 -9999 -9999 -9999 -9999 -9999 -9999
5.58901E-3 1.303E-3 3.44148E-4 4.54213E-4 5.49219E-4 5.08729E-4 1.80359E-4 3.6057E-5 2.26778E-5 4.54458E-5 1.09117E-4 2.67475E-4 6.64804E-4 1.38408E-3 2.27173E-3 2.28174E-3 1.87113E-3 1.26835E-3 4.2972E-4 2.91111E-4 3.35662E-4 1.72213E-3 2.72591E-3 1.62192E-3 9.66062E-4 7.18511E-4 7.03205E-4 6.52338E-4 6.4891E-4 7.00518E-4 8.09157E-4 9.53445E-4 8.86426E-4 6.98889E-4 6.28351E-4 6.49478E-4 1.06759E-3 9.30778E-4 4.08371E-4 1.2023E-4 4.22942E-5 3.78433E-5 4.50392E-5 5.02406E-5 5.66156E-5 6.30684E-5 6.87299E-5 -9999 -9999 -9999 -9999 -9999 -9999 -9999 -9999 -9999 -9999 -9999 -9999 -9999 -9999 -9999 -9999 -9999 -9999 -9999 -9999 -9999 -9999 -9999
3.5742E-3 7.97446E-4 2.22656E-4 3.24149E-4 4.95377E-4 4.6734E-4 1.00047E-4 9.27209E-6 5.02124E-6 1.33004E-5 3.69551E-5 1.12449E-4 3.22113E-4 5.91038E-4 1.37707E-3 2.62038E-3 5.031E-3 2.30035E-3 4.28677E-4 2.08732E-4 2.96652E-4 2.31754E-3 4.65092E-3 2.94281E-3 1.35072E-3 7.83762E-4 7.63447E-4 8.39825E-4 9.17922E-4 9.10885E-4 1.03543E-3 1.34715E-3 1.37447E-3 1.11491E-3 7.59578E-4 4.23508E-4 5.11318E-4 5.5152E-4 3.18192E-4 1.27946E-4 4.89921E-5 4.71325E-5 6.19825E-5 7.05569E-5 8.18127E-5 9.46625E-5 -9999 -9999 -9999 -9999 -9999 -9999 -9999 -9999 -9999 -9999 -9999 -9999 -9999 -9999 -9999 -9999 -9999 -9999 -9999 -9999 -9999 -9999 -9999 -9999
4.08105E-3 1.48088E-3 6.93837E-4 5.89696E-4 6.00236E-4 2.67546E-4 3.3524E-5 2.39897E-6 1.81111E-6 4.46653E-6 1.22288E-5 3.10874E-5 6.97953E-5 9.56526E-5 4.18103E-4 1.52303E-3 2.65151E-3 1.50845E-3 3.61593E-4 2.08712E-4 3.68679E-4 4.38586E-3 7.05342E-3 5.19369E-3 2.17687E-3 1.02675E-3 1.04426E-3 1.12678E-3 9.11079E-4 1.18638E-3 1.06549E-3 1.33405E-3 1.55916E-3 1.53298E-3 1.12917E-3 8.75125E-4 8.60247E-4 7.06075E-4 4.19191E-4 2.1728E-4 9.12127E-5 7.48437E-5 1.07051E-4 1.18995E-4 1.29495E-4 1.3269E-4 -9999 -9999 -9999 -9999 -9999 -9999 -9999 -9999 -9999 -9999 -9999 -9999 -9999 -9999 -9999 -9999 -9999 -9999 -9999 -9999 -9999 -9999 -9999 -9999
6.21256E-3 2.95394E-3 2.08353E-3 1.92978E-3 1.4189E-3 2.09147E-4 2.43073E-5 3.96395E-6 2.09591E-6 2.5399E-6 4.69399E-6 7.40298E-6 5.86169E-6 1.44338E-5 3.16013E-5 8.57284E-5 1.48407E-4 2.96661E-4 3.71407E-4 5.66241E-4 2.45485E-3 9.76183E-3 1.34019E-2 8.26205E-3 4.43906E-3 2.29567E-3 1.70249E-3 1.43992E-3 1.48137E-3 1.20087E-3 1.18811E-3 1.23684E-3 1.91817E-3 2.12285E-3 1.83604E-3 1.64755E-3 1.47099E-3 1.14802E-3 8.08103E-4 4.99681E-4 3.03096E-4 2.20072E-4 2.25708E-4 2.25708E-4 2.10284E-4 -9999 -9999 -9999 -9999 -9999 -9999 -9999 -9999 -9999 -9999 -9999 -9999 -9999 -9999 -9999 -9999 -9999 -9999 -9999 -9999 -9999 -9999 -9999 -9999 -9999
8.90547E-3 4.9932E-3 3.99746E-3 2.93942E-3 9.65706E-4 1.55626E-4 2.37874E-5 5.12564E-6 2.47765E-6 2.42118E-6 3.86961E-6 5.71783E-6 7.70162E-6 1.66865E-5 3.95464E-5 6.61852E-5 1.39937E-4 1.97388E-4 2.51615E-4 6.21869E-4 4.70179E-3 1.59206E-2 2.44672E-2 1.35823E-2 6.41298E-3 2.88879E-3 1.96551E-3 1.0548E-3 1.58837E-3 1.0847E-3 9.50695E-4 1.93697E-3 3.18912E-3 3.27307E-3 2.98961E-3 2.77513E-3 2.47977E-3 2.12646E-3 1.65957E-3 1.22926E-3 9.27162E-4 6.91011E-4 5.11318E-4 3.62123E-4 -9999 -9999 -9999 -9999 -9999 -9999 -9999 -9999 -9999 -9999 -9999 -9999 -9999 -9999 -9999 -9999 -9999 -9999 -9999 -9999 -9999 -9999 -9999 -9999 -9999 -9999
1.31835E-2 1.16474E-2 9.49574E-3 3.73668E-3 5.85347E-4 8.93958E-5 2.27791E-5 6.89512E-6 3.29127E-6 2.59911E-6 4.73534E-6 1.0347E-5 2.23472E-5 5.28907E-5 7.13912E-5 1.17248E-4 1.93286E-4 2.37922E-4 2.709E-4 5.17147E-4 1.42879E-3 5.21224E-3 1.52381E-2 1.05236E-2 3.46928E-3 1.58693E-3 2.05895E-3 2.21628E-3 2.29468E-3 1.34855E-3 1.44653E-3 3.30118E-3 4.64504E-3 4.85634E-3 4.71982E-3 4.34702E-3 4.20479E-3 -9999 -9999 2.39946E-3 -9999 -9999 -9999 -9999 -9999 -9999 -9999 -9999 -9999 -9999 -9999 -9999 -9999 -9999 -9999 -9999 -9999 -9999 -9999 -9999 -9999 -9999 -9999 -9999 -9999 -9999 -9999 -9999 -9999 -9999
1.25262E-2 1.68309E-2 1.97366E-2 1.0064E-2 6.56852E-4 9.07773E-5 3.14739E-5 9.39253E-6 4.13945E-6 3.37009E-6 6.6584E-6 1.5804E-5 3.49874E-5 6.61852E-5 1.23424E-4 1.96488E-4 2.55967E-4 2.37996E-4 2.61092E-4 3.55951E-4 3.75845E-4 1.19888E-3 6.15529E-3 2.03358E-3 4.54996E-4 1.18375E-3 9.97801E-4 2.82757E-3 3.06835E-3 2.52721E-3 2.78252E-3 3.25282E-3 4.90979E-3 6.77056E-3 6.77391E-3 7.05342E-3 6.59274E-3 5.82035E-3 -9999 -9999 -9999 -9999 -9999 -9999 -9999 -9999 -9999 -9999 -9999 -9999 -9999 -9999 -9999 -9999 -9999 -9999 -9999 -9999 -9999 -9999 -9999 -9999 -9999 -9999 -9999 -9999 -9999 -9999 -9999 -9999
2.4232E-2 4.06368E-2 3.30706E-2 1.91155E-2 2.8594E-3 4.01272E-4 7.72321E-5 1.39724E-5 4.57782E-6 3.33341E-6 7.57392E-6 2.07473E-5 4.22906E-5 9.41015E-5 1.80689E-4 2.19287E-4 2.59438E-4 2.7939E-4 2.4611E-4 2.55434E-4 2.65624E-4 3.31283E-4 1.42776E-3 4.22884E-4 2.05302E-4 9.578E-4 1.94653E-3 1.85867E-3 3.17898E-3 3.33259E-3 2.77754E-3 3.47446E-3 6.59048E-3 8.4798E-3 9.05261E-3 9.64828E-3 9.28723E-3 -9999 -9999 -9999 -9999 -9999 -9999 -9999 -9999 -9999 -9999 -9999 -9999 -9999 -9999 -9999 -9999 -9999 -9999 -9999 -9999 -9999 -9999 -9999 -9999 -9999 -9999 -9999 -9999 -9999 -9999 -9999 -9999 -9999
2.80581E-2 4.07387E-2 3.84587E-2 2.02494E-2 5.35861E-3 9.76107E-4 1.48592E-4 1.95793E-5 4.10505E-6 3.2376E-6 6.79196E-6 2.839E-5 5.8682E-5 1.08666E-4 2.23123E-4 2.39841E-4 2.44365E-4 2.35395E-4 1.92142E-4 1.71402E-4 1.50422E-4 1.68768E-4 1.79468E-4 1.11032E-4 1.41637E-4 5.79325E-4 1.84162E-3 1.63822E-3 3.3183E-3 4.2037E-3 3.47495E-3 3.35044E-3 8.4495E-3 1.02663E-2 1.11724E-2 -9999 -9999 -9999 -9999 -9999 -9999 -9999 -9999 -9999 -9999 -9999 -9999 -9999 -9999 -9999 -9999 -9999 -9999 -9999 -9999 -9999 -9999 -9999 -9999 -9999 -9999 -9999 -9999 -9999 -9999 -9999 -9999 -9999 -9999 -9999
