KUENM/Final_Models/M_0.1_F_lq_Set_2_E/sp1_0_se_asia.asc
ncols         320
nrows         243
xllcorner     44.0
yllcorner     -0.666666666666667
cellsize      0.166666666666667
NODATA_value  -9999
[rows 31 to 61 of 243, columns 70 to 139 of 320]
1.74661E-2 1.80663E-2 1.78548E-2 1.80663E-2 1.80663E-2 1.72619E-2 1.70596E-2 1.57287E-2 9.04967E-3 6.06647E-3 1.22277E-2 1.38566E-2 1.31063E-2 9.00379E-3 7.06275E-3 5.8818E-3 7.25264E-3 9.63962E-3 1.21024E-2 1.27579E-2 1.26921E-2 1.2741E-2 1.25159E-2 1.21598E-2 1.06642E-2 4.20266E-3 6.92792E-3 4.44762E-3 1.44226E-3 5.82265E-3 1.0768E-2 1.2562E-2 1.10712E-2 1.1581E-2 1.03987E-2 6.39717E-3 4.13088E-3 2.66258E-3 1.6074E-3 2.8814E-4 2.94423E-4 6.15744E-5 3.59329E-5 2.86619E-6 3.3266E-7 6.22101E-7 5.34427E-7 1.40078E-7 4.48182E-8 2.77298E-8 3.59218E-9 5.26811E-9 7.44065E-10 8.57834E-9 1.85623E-8 5.26869E-8 6.58724E-8 1.19801E-7 4.28662E-8 2.56551E-8 4.32207E-8 1.72966E-8 3.91548E-9 1.7429E-9 6.42535E-10 1.53236E-10 6.18007E-11 4.42136E-10 3.00839E-11 3.69761E-11
1.77513E-2 1.77513E-2 1.77513E-2 1.77513E-2 1.69812E-2 1.62342E-2 1.73925E-2 1.60771E-2 1.13072E-2 7.14723E-3 1.32681E-2 1.35835E-2 1.25151E-2 5.93854E-3 1.39362E-3 1.37711E-3 3.10408E-3 6.34627E-3 9.28154E-3 1.13068E-2 1.19212E-2 1.2561E-2 1.35802E-2 8.77956E-3 1.13391E-2 1.42035E-2 1.07708E-2 1.13156E-2 5.20415E-3 4.17548E-3 8.53952E-3 9.37754E-3 8.28244E-3 1.02834E-2 1.42492E-2 1.21068E-2 1.01591E-2 8.05038E-3 6.15478E-3 3.92774E-3 3.24974E-3 1.1719E-3 2.99895E-5 5.34427E-7 1.38494E-5 1.85663E-4 3.85583E-5 1.51151E-6 7.54143E-8 1.77684E-7 1.91938E-7 3.70525E-8 2.61766E-8 2.48111E-8 1.57936E-8 3.90731E-8 3.87573E-8 6.54338E-9 8.61778E-9 2.86138E-9 2.47141E-9 1.06499E-9 5.2894E-10 4.65578E-10 1.96114E-10 4.31077E-10 3.78146E-10 2.86438E-10 1.04388E-9 1.86341E-10
1.84523E-2 1.82307E-2 1.82307E-2 1.7251E-2 1.31405E-2 9.26182E-3 1.34639E-2 1.29949E-2 8.84954E-3 9.28343E-3 1.44761E-2 1.37764E-2 1.14748E-2 7.75933E-3 2.70219E-3 9.94964E-4 4.98778E-4 3.10408E-3 5.5824E-3 5.33524E-3 6.21009E-3 1.06089E-2 1.3502E-2 9.15886E-3 6.56121E-3 1.71417E-2 1.88895E-2 1.82793E-2 1.64932E-2 1.42357E-2 1.09555E-2 8.61236E-3 1.13333E-2 1.11568E-2 1.09698E-2 6.96149E-3 4.10098E-3 7.93509E-3 1.08735E-2 8.92156E-3 6.40961E-3 4.56751E-3 1.85742E-3 1.14902E-3 4.76911E-4 5.57402E-6 3.16412E-7 5.83306E-7 2.92031E-7 2.47809E-7 5.30863E-8 3.56501E-9 2.60256E-9 3.79945E-9 1.78596E-9 2.08587E-9 2.05463E-9 2.38007E-9 6.29238E-9 3.23655E-9 2.81867E-9 1.86758E-9 5.07011E-9 9.09822E-9 2.65991E-9 2.10962E-9 1.2393E-9 3.82948E-9 5.99459E-10 5.94107E-9
1.86666E-2 1.76831E-2 1.74677E-2 1.58365E-2 1.08266E-2 3.93429E-3 8.71394E-3 9.52209E-3 6.19262E-3 1.16384E-2 1.4301E-2 1.28296E-2 9.85021E-3 7.49533E-3 5.00926E-3 2.92944E-3 4.48012E-4 1.77065E-4 1.22427E-3 1.80475E-3 2.33304E-3 4.81986E-3 8.86338E-3 1.12496E-2 9.43842E-3 1.7384E-2 1.83263E-2 2.24866E-2 2.36278E-2 2.27586E-2 2.2768E-2 2.04914E-2 1.48104E-2 1.27503E-2 6.65411E-3 1.70002E-3 3.65966E-3 5.83764E-3 3.76981E-3 2.35599E-3 7.75893E-4 1.26271E-4 1.62597E-5 3.28496E-6 5.33198E-6 1.55948E-6 3.84159E-7 8.82347E-7 1.24502E-7 3.57003E-8 1.29029E-8 1.06355E-8 5.03157E-9 5.71802E-9 3.65725E-9 3.54579E-9 1.11413E-8 6.34211E-9 4.22561E-9 1.28061E-8 2.2211E-8 3.85722E-9 5.85125E-9 5.10069E-8 2.69173E-8 9.59404E-9 9.20431E-10 4.39361E-10 7.38572E-9 2.93765E-8
1.80714E-2 1.78492E-2 1.71266E-2 1.54505E-2 7.99241E-3 6.06405E-3 1.0956E-2 5.68633E-3 2.70363E-3 7.89355E-3 1.3628E-2 1.26771E-2 9.62019E-3 5.92627E-3 4.26167E-3 4.27931E-3 2.7944E-3 7.06513E-4 5.09333E-4 2.09944E-3 2.67171E-3 1.74348E-3 4.45769E-3 8.0763E-3 8.77024E-3 1.40187E-2 1.19212E-2 1.70224E-2 2.30527E-2 2.3794E-2 1.77244E-2 1.9506E-2 1.42035E-2 6.85192E-3 3.70263E-3 3.80894E-3 4.57389E-3 3.15698E-3 1.16213E-3 2.76917E-4 1.35587E-4 2.04443E-5 8.2415E-7 2.57226E-7 3.28871E-7 6.81577E-7 1.23498E-6 3.4287E-7 1.75709E-8 1.29998E-8 7.00997E-9 4.42385E-9 3.28592E-9 9.84114E-9 1.29086E-8 1.6617E-8 4.87917E-9 8.55042E-9 2.83998E-9 4.2911E-9 1.10818E-7 1.79931E-8 1.79931E-8 1.86091E-7 2.41268E-9 3.28494E-9 1.64196E-9 5.04963E-9 7.63377E-8 1.87063E-8
1.72519E-2 1.74693E-2 1.5238E-2 1.11918E-2 9.68162E-3 1.53514E-2 1.91535E-2 1.36269E-2 2.78473E-3 2.14045E-3 1.02922E-2 1.19368E-2 9.17335E-3 7.3175E-3 5.03523E-3 4.95224E-3 4.8107E-3 3.59542E-3 1.27425E-3 5.49125E-4 1.78845E-3 2.30907E-3 3.72533E-3 5.82721E-3 3.28486E-3 3.38926E-3 1.17218E-2 1.26734E-2 2.01499E-2 2.24516E-2 1.94477E-2 2.05074E-2 1.33018E-2 5.97913E-3 6.83021E-3 7.58901E-3 4.3048E-3 2.28528E-3 8.72144E-4 8.22141E-4 2.09651E-4 3.50015E-5 1.34413E-5 1.06245E-6 1.05409E-6 1.58875E-7 2.75844E-8 1.17222E-8 5.10933E-8 1.66685E-8 7.3154E-8 6.11221E-8 4.03522E-8 5.71802E-9 9.84114E-9 1.28061E-8 6.49271E-9 4.32207E-8 8.69712E-8 3.09366E-7 3.58979E-7 8.0196E-9 1.18353E-7 1.20142E-6 2.51969E-8 3.55966E-7 2.20908E-6 3.38239E-7 2.99722E-9 1.66083E-10
1.82183E-2 1.61519E-2 1.20809E-2 5.41997E-3 5.62795E-3 1.70368E-2 2.22631E-2 2.01775E-2 9.56044E-3 6.48436E-4 4.89771E-3 8.33085E-3 6.20809E-3 6.14271E-3 6.21647E-3 5.8469E-3 5.41966E-3 3.92812E-3 4.63111E-3 2.15971E-3 8.69011E-4 1.45291E-3 1.88616E-3 1.54815E-3 4.1824E-3 4.83619E-3 1.07524E-2 1.59255E-2 1.96088E-2 2.15897E-2 2.09347E-2 2.03687E-2 1.61437E-2 1.19212E-2 1.00274E-2 7.10638E-3 4.59269E-3 2.61308E-3 1.90373E-3 1.4655E-3 4.06794E-4 5.15846E-5 2.81176E-5 1.84228E-5 4.22736E-7 1.72465E-7 8.42396E-7 4.2978E-6 3.71721E-6 1.62327E-6 2.55743E-7 1.51733E-7 5.26869E-8 5.22637E-8 1.98445E-8 5.76223E-9 4.57543E-8 6.01456E-8 3.15722E-6 1.32605E-5 2.34945E-6 1.70519E-8 3.87478E-6 2.57523E-5 6.73772E-6 3.37814E-6 3.41154E-8 4.58924E-10 4.7879E-10 9.95742E-9
1.73212E-2 1.31269E-2 8.65057E-3 3.87344E-3 5.41997E-3 1.48592E-2 2.09375E-2 2.19864E-2 1.3458E-2 2.23742E-3 2.26451E-3 6.55631E-3 6.42077E-3 4.89225E-3 5.78875E-3 6.21647E-3 6.28182E-3 5.27242E-3 5.87157E-3 4.83006E-3 2.50932E-3 1.06114E-3 6.50561E-4 3.60855E-4 9.06343E-4 3.79678E-4 1.26335E-3 9.82453E-3 1.90482E-2 2.22226E-2 2.04316E-2 1.73757E-2 1.49493E-2 1.24361E-2 9.8488E-3 6.91188E-3 3.79123E-3 2.78451E-3 3.49729E-3 3.49729E-3 2.62856E-3 1.22719E-3 2.63555E-4 5.10162E-5 3.1409E-5 1.18416E-4 8.15487E-5 1.32605E-5 6.09684E-7 2.25113E-6 1.23282E-6 2.20066E-7 1.34284E-8 2.00033E-8 7.69651E-8 1.31335E-7 7.55683E-7 3.25343E-7 2.58731E-6 4.59823E-6 7.71031E-5 1.11757E-7 8.95005E-6 1.31905E-4 5.62361E-6 9.99784E-7 1.10003E-7 6.13009E-9 1.51747E-8 3.54405E-9
1.62319E-2 1.33635E-2 7.23975E-3 7.1388E-3 7.91828E-3 1.16864E-2 1.96755E-2 2.27276E-2 2.04323E-2 1.12164E-2 3.38043E-3 5.97124E-3 8.7868E-3 7.60501E-3 7.45543E-3 6.74687E-3 5.99603E-3 5.23484E-3 5.27242E-3 4.3282E-3 3.17371E-3 1.23358E-3 4.23869E-4 1.37297E-4 2.72658E-4 1.88139E-4 3.64561E-4 1.18613E-3 1.30821E-2 1.82623E-2 1.60714E-2 1.46828E-2 1.36826E-2 1.11488E-2 7.92925E-3 6.96691E-3 4.31833E-3 4.0766E-3 4.62029E-3 4.9929E-3 2.59141E-3 1.00419E-3 4.63043E-4 6.94178E-4 2.62911E-4 4.76866E-4 1.43292E-4 6.9031E-5 1.73788E-4 4.2298E-5 1.02042E-5 1.51552E-6 6.01456E-8 4.5021E-8 8.91336E-8 4.70377E-7 3.62255E-6 1.86869E-6 1.61959E-5 2.30241E-4 6.13729E-5 7.54642E-6 1.45802E-4 2.43485E-5 4.09455E-7 4.55622E-9 1.05544E-8 2.04848E-8 4.7162E-9 2.35092E-9
1.39987E-2 1.43614E-2 1.09691E-2 8.02037E-3 6.08224E-3 6.85816E-3 1.49202E-2 2.04171E-2 2.33056E-2 2.12131E-2 3.64546E-3 4.39207E-3 1.20786E-2 1.20862E-2 1.09369E-2 6.43448E-3 6.07196E-3 3.24187E-3 1.80733E-3 1.75712E-3 2.23465E-3 7.64205E-4 3.21975E-4 3.51865E-4 8.15282E-4 9.5874E-4 1.30196E-3 6.23758E-4 8.11095E-3 1.58406E-2 1.39539E-2 1.45102E-2 1.38766E-2 9.85715E-3 8.5968E-3 5.5055E-3 3.12011E-3 3.5058E-3 5.56685E-3 2.56012E-3 1.61999E-3 2.45829E-3 2.23729E-3 4.19133E-4 2.5889E-4 1.71932E-4 1.03632E-3 2.28162E-4 1.08241E-5 7.90143E-6 4.09323E-7 3.08263E-8 4.61236E-8 3.19959E-7 4.91235E-6 7.43414E-5 1.01607E-4 9.25943E-7 1.33297E-4 1.17991E-3 9.58435E-5 1.55161E-4 3.24376E-5 3.33979E-6 1.38565E-7 1.06823E-7 4.1275E-7 8.22715E-9 1.08598E-8 2.49391E-8
7.62083E-3 1.49691E-2 1.17123E-2 7.23975E-3 4.39616E-3 4.56602E-3 1.24807E-2 1.59495E-2 1.68239E-2 2.01775E-2 1.55438E-2 1.26394E-2 1.65356E-2 1.5228E-2 1.46015E-2 1.23766E-2 1.04878E-2 7.56656E-3 2.70783E-3 3.58634E-3 3.75408E-3 2.64209E-3 1.87879E-3 3.7629E-4 1.40657E-4 1.1284E-3 2.63423E-3 3.36022E-3 7.93948E-3 1.27217E-2 1.82798E-2 1.66779E-2 1.33822E-2 9.81942E-3 9.81942E-3 8.60144E-3 6.65455E-3 6.10274E-3 5.2427E-3 4.29067E-3 5.48484E-3 3.97542E-3 5.38443E-3 5.22249E-3 2.83034E-3 1.2971E-3 1.0883E-3 4.1543E-5 5.43104E-6 5.74558E-7 2.14634E-7 2.89113E-6 1.87374E-6 7.49845E-6 3.34868E-4 2.97534E-4 2.14387E-5 1.05724E-5 1.85537E-3 3.44144E-3 3.37E-4 1.48091E-5 1.1462E-4 2.25961E-5 6.07195E-6 6.50069E-6 3.0248E-7 1.81181E-9 8.15241E-8 4.25026E-6
7.91157E-3 1.12707E-2 9.61322E-3 8.02037E-3 7.04888E-3 7.52082E-3 1.13949E-2 1.50476E-2 1.5238E-2 1.63564E-2 1.91535E-2 2.09458E-2 1.88217E-2 1.55348E-2 1.57264E-2 1.39408E-2 1.33128E-2 1.0614E-2 7.47776E-3 5.77928E-3 1.14256E-3 4.62982E-4 6.88901E-4 8.50952E-4 3.05419E-4 2.08993E-4 2.64209E-3 3.71156E-3 7.07128E-3 1.39396E-2 1.76011E-2 1.89928E-2 1.60771E-2 1.15793E-2 8.10022E-3 8.83903E-3 9.791E-3 6.67135E-3 5.64596E-3 1.15793E-2 1.15327E-2 1.00138E-2 9.09976E-3 5.03396E-3 4.63111E-3 2.98638E-3 1.73176E-3 2.54028E-4 1.28535E-4 7.27486E-6 9.31482E-6 1.6171E-5 3.04894E-5 4.67617E-4 1.79456E-3 4.89781E-4 7.15158E-5 6.86737E-5 2.90546E-3 1.77924E-3 2.49542E-4 1.22456E-3 5.76671E-4 1.5865E-4 5.10916E-6 1.13425E-7 3.11722E-8 1.82664E-8 2.0142E-6 1.82035E-5
6.44582E-3 1.21576E-2 1.09114E-2 8.32703E-3 9.64554E-3 7.32154E-3 9.32323E-3 1.33827E-2 1.18345E-2 6.77647E-3 1.00524E-2 1.96359E-2 1.98808E-2 1.58365E-2 1.55348E-2 1.37723E-2 1.10698E-2 1.13395E-2 8.79657E-3 5.85718E-3 3.81459E-3 2.70783E-3 7.07863E-4 5.71019E-4 8.23298E-4 5.77302E-4 2.24342E-3 3.0008E-3 3.13818E-3 1.13072E-2 1.84523E-2 2.04211E-2 1.47796E-2 8.32995E-3 9.83791E-3 1.33014E-2 1.23779E-2 1.1795E-2 1.3115E-2 1.28236E-2 1.17794E-2 9.90818E-3 7.40387E-3 5.0937E-3 2.18514E-3 1.43968E-3 6.36354E-4 6.432E-4 1.69964E-4 1.16677E-4 1.10164E-4 4.19434E-5 3.99241E-4 1.62224E-3 3.60573E-3 1.11967E-3 7.58659E-4 1.31717E-3 9.52065E-3 2.73342E-3 4.61503E-3 3.99609E-3 6.58345E-4 1.18761E-5 6.1931E-8 4.67958E-6 1.93221E-5 3.14032E-5 7.23776E-5 1.98836E-5
7.71051E-3 1.23734E-2 1.32506E-2 1.06051E-2 1.12514E-2 1.21684E-2 9.66836E-3 1.31253E-2 1.17309E-2 5.48017E-3 3.51507E-3 1.8135E-2 2.06673E-2 1.82958E-2 1.87516E-2 1.67401E-2 1.09369E-2 7.69678E-3 5.00956E-3 3.45101E-3 1.68783E-3 2.22322E-3 2.70783E-3 9.7761E-4 8.93385E-4 1.44786E-3 2.73915E-3 3.30749E-3 2.38487E-3 2.76829E-3 1.29949E-2 1.95296E-2 1.72545E-2 1.32769E-2 1.56425E-2 1.43203E-2 1.37976E-2 1.16186E-2 1.2704E-2 1.13564E-2 9.90286E-3 2.58547E-3 2.80057E-3 4.64111E-3 5.11451E-3 5.56637E-3 2.61245E-3 2.96671E-3 2.36239E-3 9.48516E-4 1.78875E-4 4.65303E-4 2.0119E-3 4.3644E-3 6.55374E-3 7.05187E-3 8.97168E-3 8.46619E-3 1.20178E-3 1.8114E-3 2.10735E-3 5.58906E-4 7.91725E-5 8.79288E-6 8.72479E-6 1.46016E-4 2.85282E-4 2.2574E-4 3.93143E-5 1.56531E-4
3.54467E-3 9.16491E-3 9.40263E-3 1.09691E-2 1.03773E-2 9.32323E-3 9.91521E-3 1.32151E-2 1.47863E-2 1.14748E-2 1.08211E-2 2.44261E-2 2.50426E-2 2.14712E-2 2.25691E-2 1.92912E-2 1.62305E-2 1.31405E-2 9.72039E-3 8.03625E-3 5.00956E-3 2.38532E-3 7.53063E-4 7.10408E-4 1.92842E-3 1.66855E-3 1.05584E-3 2.98821E-3 7.60501E-3 5.65488E-3 6.93697E-3 1.50722E-2 1.74116E-2 1.74116E-2 1.47017E-2 1.56248E-2 1.46728E-2 1.40599E-2 1.3883E-2 1.22342E-2 1.21781E-2 9.42943E-3 1.10958E-2 1.23779E-2 1.20819E-2 1.01975E-2 8.63242E-3 7.93042E-3 5.41966E-3 2.54748E-3 1.64045E-3 2.87719E-3 4.29435E-3 7.09615E-3 9.78999E-3 1.14277E-2 9.25387E-3 3.69009E-3 6.90567E-4 4.52577E-4 3.73778E-4 5.49582E-4 3.36742E-4 9.03342E-4 7.69535E-4 1.33068E-3 5.81651E-4 4.76062E-4 5.31873E-4 2.49542E-4
1.95276E-3 4.34074E-3 2.95692E-3 7.61653E-3 1.19292E-2 1.18345E-2 1.29616E-2 1.35519E-2 1.67719E-2 1.4886E-2 1.37976E-2 2.71725E-2 2.66489E-2 2.48036E-2 2.36902E-2 2.20184E-2 2.0079E-2 1.60325E-2 1.23779E-2 7.84524E-3 5.58772E-3 2.46766E-3 1.26864E-3 9.76956E-4 2.526E-3 4.77722E-3 1.32134E-3 1.42362E-3 7.15959E-3 8.57563E-3 9.42943E-3 1.42471E-2 1.72519E-2 1.94326E-2 1.84694E-2 1.66498E-2 1.55926E-2 1.5161E-2 1.49691E-2 1.39465E-2 1.36353E-2 1.2704E-2 1.37976E-2 1.32393E-2 1.26676E-2 1.2234E-2 1.10698E-2 8.42979E-3 6.98923E-3 5.35747E-3 5.96488E-3 7.66372E-3 9.53099E-3 1.07839E-2 1.27284E-2 1.37376E-2 8.7894E-3 4.54472E-3 1.47013E-3 2.46114E-3 3.11605E-3 4.57415E-3 4.2329E-3 3.86821E-3 1.55067E-3 9.96061E-4 1.57003E-3 1.46507E-3 5.54149E-4 1.03495E-4
1.71776E-3 2.8102E-3 2.403E-3 2.77055E-3 9.44144E-3 1.23892E-2 1.82183E-2 2.27276E-2 2.22631E-2 2.22631E-2 2.22631E-2 2.89115E-2 2.55832E-2 2.59034E-2 2.65536E-2 2.51125E-2 2.20184E-2 1.85226E-2 1.34403E-2 9.15002E-3 5.2019E-3 3.85726E-3 3.04664E-3 1.59323E-3 1.07709E-3 2.3543E-3 2.52082E-3 1.14934E-3 5.19846E-3 5.38202E-3 8.39834E-3 1.39834E-2 1.80083E-2 1.96566E-2 1.80114E-2 1.73347E-2 1.6252E-2 1.56214E-2 1.6252E-2 1.56214E-2 1.5355E-2 1.44883E-2 1.39834E-2 1.40706E-2 1.41443E-2 1.40307E-2 1.31405E-2 1.05222E-2 9.9566E-3 9.90818E-3 1.02666E-2 1.13415E-2 1.28079E-2 1.37197E-2 1.62528E-2 1.01129E-2 6.10987E-3 1.77646E-3 2.9061E-3 6.28658E-3 9.03165E-3 1.29491E-2 1.27951E-2 5.77615E-3 4.61288E-3 4.89186E-3 2.68742E-3 1.31333E-3 2.48927E-4 1.75304E-4
8.14893E-4 2.01961E-4 1.50513E-3 1.61564E-3 5.34624E-3 1.2704E-2 1.64996E-2 2.14689E-2 2.80373E-2 3.03046E-2 3.06849E-2 2.75139E-2 2.44978E-2 2.73212E-2 2.73212E-2 2.76625E-2 2.59912E-2 2.01611E-2 1.46779E-2 9.15002E-3 6.19262E-3 4.60887E-3 5.13984E-3 3.91832E-3 1.12314E-3 7.97615E-4 2.90536E-3 2.51192E-3 5.01243E-3 7.24555E-3 8.3156E-3 1.16864E-2 1.66498E-2 1.98233E-2 1.79735E-2 1.73191E-2 1.68943E-2 1.68943E-2 1.6464E-2 1.58401E-2 1.54223E-2 1.62319E-2 1.61985E-2 1.61519E-2 1.58918E-2 1.4886E-2 1.32393E-2 1.1795E-2 1.20862E-2 1.25342E-2 1.29957E-2 1.38016E-2 1.53613E-2 1.68737E-2 1.78512E-2 1.58735E-2 1.40187E-2 1.0982E-2 1.04534E-2 1.42357E-2 1.72358E-2 1.61658E-2 1.51766E-2 1.28058E-2 7.27424E-3 5.18206E-3 5.67169E-3 1.08712E-3 1.56939E-4 3.47964E-4
1.36758E-3 7.21122E-4 4.31673E-4 2.88193E-4 2.67117E-3 8.29527E-3 8.95679E-3 5.13582E-3 7.93425E-3 3.03046E-2 3.38841E-2 2.64462E-2 2.73212E-2 2.87449E-2 2.92741E-2 2.92741E-2 2.75139E-2 2.44978E-2 1.83616E-2 1.34036E-2 1.0431E-2 4.07318E-3 2.78397E-3 7.61017E-3 7.20603E-3 3.82555E-3 5.38202E-3 5.68633E-3 8.63123E-3 1.11918E-2 9.68162E-3 1.20809E-2 1.71149E-2 1.97572E-2 1.95041E-2 1.85872E-2 1.85872E-2 1.729E-2 1.68774E-2 1.79735E-2 1.77704E-2 1.77704E-2 1.75574E-2 1.66498E-2 1.46728E-2 1.31253E-2 1.24427E-2 1.32393E-2 1.29549E-2 1.42506E-2 1.56042E-2 1.59879E-2 1.75397E-2 1.70737E-2 1.98434E-2 2.22226E-2 2.18274E-2 2.19519E-2 2.55942E-2 2.514E-2 2.44419E-2 2.43925E-2 2.20495E-2 1.80599E-2 1.77232E-2 1.36016E-2 7.72073E-3 2.36161E-3 1.25164E-3 1.11144E-3
3.47747E-3 1.06951E-3 1.50666E-3 5.3326E-4 7.77744E-4 3.7346E-3 8.82131E-3 1.32769E-2 1.63331E-2 3.48189E-2 3.65925E-2 3.24861E-2 3.10691E-2 3.06849E-2 3.11915E-2 3.11915E-2 2.97943E-2 2.63179E-2 2.17387E-2 1.52604E-2 1.52604E-2 1.41443E-2 9.42943E-3 8.60766E-3 1.08211E-2 6.0947E-3 5.50049E-3 1.00515E-2 1.02954E-2 8.98426E-3 1.34641E-2 1.3194E-2 1.68974E-2 1.99315E-2 1.94218E-2 1.85185E-2 1.87609E-2 1.82787E-2 1.85185E-2 1.83479E-2 1.85872E-2 1.84022E-2 1.82316E-2 1.47319E-2 1.36353E-2 1.39834E-2 1.41602E-2 1.40706E-2 1.44254E-2 1.56425E-2 1.74677E-2 1.86666E-2 1.75397E-2 1.44387E-2 1.54285E-2 1.95407E-2 2.10377E-2 2.45781E-2 2.83168E-2 3.04335E-2 2.91415E-2 3.09938E-2 2.59007E-2 2.39958E-2 1.54409E-2 1.55608E-2 4.27879E-3 1.75623E-3 1.62825E-3 1.22149E-3
5.80226E-3 4.66514E-3 2.24527E-3 9.09E-4 5.76284E-5 3.64158E-4 6.85353E-3 1.04185E-2 1.69467E-2 3.28921E-2 3.79468E-2 3.56964E-2 3.34647E-2 3.38841E-2 3.34647E-2 3.30496E-2 3.08044E-2 2.63179E-2 2.3599E-2 2.04309E-2 1.71962E-2 1.84125E-2 1.58212E-2 9.92873E-3 1.12164E-2 6.37022E-3 1.86602E-3 1.09407E-2 1.38084E-2 1.15399E-2 1.24807E-2 1.71149E-2 1.77704E-2 1.99315E-2 1.9171E-2 1.9171E-2 1.86776E-2 1.86776E-2 1.8923E-2 1.9324E-2 1.9171E-2 1.94218E-2 1.95041E-2 1.86794E-2 1.71028E-2 1.59944E-2 1.5497E-2 1.50476E-2 1.58212E-2 1.74116E-2 1.93502E-2 2.14037E-2 1.77513E-2 1.57211E-2 1.57846E-2 1.72754E-2 2.04852E-2 2.1337E-2 2.4375E-2 2.51805E-2 2.62161E-2 3.2229E-2 2.68929E-2 2.48816E-2 2.43281E-2 1.59666E-2 1.90844E-3 1.18577E-3 1.07845E-3 9.12059E-4
2.09563E-3 6.39932E-3 4.12231E-3 1.7576E-3 6.7153E-4 2.77673E-4 2.14763E-3 5.58737E-3 2.07122E-3 2.3131E-2 3.61418E-2 3.70504E-2 3.96233E-2 3.82776E-2 3.69531E-2 3.78024E-2 3.56904E-2 2.86968E-2 2.44261E-2 1.9421E-2 1.51611E-2 1.74693E-2 1.99266E-2 1.25987E-2 1.18784E-2 7.67681E-3 6.06405E-3 1.09407E-2 1.36353E-2 1.55926E-2 1.49691E-2 1.82062E-2 2.06204E-2 2.03554E-2 1.96753E-2 1.86776E-2 1.86776E-2 1.90731E-2 1.94646E-2 1.99802E-2 1.99802E-2 1.98341E-2 2.03554E-2 1.77432E-2 1.53949E-2 1.5355E-2 1.61519E-2 1.66132E-2 1.79579E-2 2.01611E-2 2.20184E-2 2.3131E-2 1.97218E-2 1.66783E-2 1.48462E-2 1.88366E-2 2.10377E-2 2.36851E-2 2.38749E-2 2.67236E-2 2.78316E-2 3.57832E-2 3.79078E-2 4.48006E-2 4.416E-2 1.52557E-2 7.03208E-4 6.00448E-4 3.86049E-4 3.8908E-4
5.13984E-3 2.05013E-3 4.65559E-3 3.59818E-3 2.73631E-3 6.84756E-4 5.64791E-4 1.1554E-3 1.30248E-3 1.17794E-2 2.3131E-2 3.79802E-2 4.24987E-2 4.27284E-2 4.23978E-2 4.23978E-2 4.01791E-2 3.30945E-2 2.7153E-2 2.30151E-2 1.91794E-2 1.84484E-2 2.04171E-2 1.65631E-2 1.31253E-2 9.92689E-3 9.21115E-3 7.3689E-3 8.11059E-3 1.43058E-2 1.93725E-2 2.04525E-2 2.17462E-2 2.10459E-2 2.03554E-2 1.8923E-2 1.95776E-2 1.99802E-2 2.01133E-2 1.94646E-2 1.66601E-2 1.56407E-2 1.68774E-2 1.56214E-2 1.56214E-2 1.62319E-2 1.73212E-2 1.89402E-2 1.94326E-2 2.17387E-2 2.44978E-2 2.28325E-2 2.05639E-2 1.66783E-2 1.70151E-2 2.09877E-2 2.29409E-2 2.67763E-2 2.77329E-2 2.99433E-2 3.27688E-2 3.54388E-2 4.58621E-2 5.15916E-2 4.62946E-2 3.14279E-3 9.72343E-4 3.16608E-4 3.51091E-4 5.07332E-4
6.73574E-3 5.72097E-3 2.11929E-3 1.99587E-3 2.96664E-3 3.24781E-3 6.96446E-4 2.35631E-4 5.96481E-4 1.79695E-3 6.28978E-3 3.34574E-2 4.17202E-2 4.24987E-2 4.23978E-2 4.25738E-2 4.15133E-2 3.94088E-2 3.31165E-2 2.92951E-2 2.51961E-2 2.32307E-2 1.89402E-2 1.5238E-2 1.22882E-2 1.08049E-2 5.43359E-3 4.55235E-3 4.71473E-3 6.25552E-3 1.89198E-2 2.23145E-2 2.34747E-2 2.21672E-2 2.07751E-2 1.99802E-2 1.94646E-2 2.01133E-2 2.1718E-2 1.97209E-2 1.52397E-2 1.56407E-2 1.50426E-2 1.60506E-2 1.64694E-2 1.75574E-2 1.89421E-2 2.06451E-2 2.19436E-2 2.44261E-2 2.64462E-2 2.48852E-2 2.09198E-2 1.99842E-2 2.07412E-2 2.40224E-2 2.77382E-2 3.06006E-2 3.15434E-2 3.49956E-2 3.87202E-2 4.37508E-2 5.23794E-2 5.11208E-2 1.38725E-2 5.05332E-3 1.16215E-2 1.05125E-2 8.92156E-3 4.23254E-3
7.83814E-3 6.98923E-3 4.26167E-3 6.02985E-4 6.22836E-4 1.57019E-3 2.73265E-3 1.89971E-3 3.76933E-5 2.31504E-4 8.79342E-4 2.16045E-2 4.12012E-2 4.29331E-2 4.167E-2 4.04178E-2 4.01224E-2 4.12511E-2 3.81965E-2 3.22875E-2 3.10366E-2 2.59997E-2 2.03852E-2 1.63564E-2 1.21354E-2 9.92689E-3 5.75647E-3 4.89152E-3 6.13941E-3 4.44184E-3 1.3883E-2 2.34747E-2 2.43182E-2 2.32903E-2 2.28765E-2 2.03781E-2 2.01133E-2 2.14362E-2 2.1822E-2 2.1822E-2 2.03781E-2 2.07707E-2 1.83479E-2 1.729E-2 1.88821E-2 1.95708E-2 2.28952E-2 2.34884E-2 2.51961E-2 2.68345E-2 2.73212E-2 2.3131E-2 2.03185E-2 2.2883E-2 2.48287E-2 2.77104E-2 3.06672E-2 3.35923E-2 3.65994E-2 4.06384E-2 4.5446E-2 5.47516E-2 6.02613E-2 4.59744E-2 3.96154E-3 2.00046E-2 2.23414E-2 1.67989E-2 8.38895E-3 3.10117E-3
6.7446E-3 6.42882E-3 5.96488E-3 4.47759E-3 2.1982E-3 5.67213E-4 7.37155E-4 2.62251E-3 1.58819E-3 6.57064E-4 1.37847E-3 2.22002E-2 4.11479E-2 4.36561E-2 4.09911E-2 3.9617E-2 4.11335E-2 4.14109E-2 3.9617E-2 3.52492E-2 3.38964E-2 2.85635E-2 2.39197E-2 1.75127E-2 1.3723E-2 8.63123E-3 2.9938E-3 3.78848E-3 6.13941E-3 5.98946E-3 1.55511E-2 2.49532E-2 2.57865E-2 2.47278E-2 2.44096E-2 2.29902E-2 2.26934E-2 2.1044E-2 2.14362E-2 2.35443E-2 2.39084E-2 2.27893E-2 2.05072E-2 1.96753E-2 2.07751E-2 2.35936E-2 2.33402E-2 1.96566E-2 2.5517E-2 2.78455E-2 2.64462E-2 2.28325E-2 2.38659E-2 2.57095E-2 2.86615E-2 3.21764E-2 3.48327E-2 3.83167E-2 4.33637E-2 4.84324E-2 5.58959E-2 6.29417E-2 6.65349E-2 3.02409E-2 1.42492E-2 2.11381E-2 1.65554E-2 9.66094E-3 2.02266E-3 1.34157E-3
1.88463E-3 2.56542E-3 3.47455E-3 3.75923E-3 3.13158E-3 3.42971E-3 1.6403E-3 2.63533E-3 2.97276E-3 1.06114E-3 8.60973E-5 7.32342E-3 2.83556E-2 3.99172E-2 4.24788E-2 4.12511E-2 4.0614E-2 4.00999E-2 3.89556E-2 3.58123E-2 3.46091E-2 3.1885E-2 2.42241E-2 1.96755E-2 1.62949E-2 5.31693E-3 2.5914E-3 4.44635E-3 6.44874E-3 6.06405E-3 1.73212E-2 2.64588E-2 2.76287E-2 2.65288E-2 2.54557E-2 2.51284E-2 2.41676E-2 2.27893E-2 2.24934E-2 2.24934E-2 2.35443E-2 2.3171E-2 2.27893E-2 2.30885E-2 2.33909E-2 2.35936E-2 2.09848E-2 2.06451E-2 2.16687E-2 2.49526E-2 2.33989E-2 2.14037E-2 2.54945E-2 2.98062E-2 3.3482E-2 3.6331E-2 4.15766E-2 4.55273E-2 4.80819E-2 5.47391E-2 6.27124E-2 7.00774E-2 7.15972E-2 4.65453E-2 2.66424E-2 2.02748E-2 5.52976E-3 6.47832E-3 2.31653E-3 6.41259E-5
6.02796E-4 4.06598E-4 6.49611E-4 8.09894E-4 1.19874E-3 1.0039E-3 1.928E-3 2.33016E-3 2.16555E-3 1.96836E-3 9.04034E-5 3.57178E-4 9.04967E-3 3.04212E-2 4.08197E-2 4.1453E-2 4.03012E-2 3.85893E-2 3.92803E-2 3.85893E-2 3.81965E-2 3.38289E-2 2.85635E-2 2.42241E-2 2.11732E-2 7.51761E-3 2.17159E-3 5.31693E-3 7.03156E-3 4.03125E-3 1.31253E-2 2.60351E-2 2.87793E-2 2.84112E-2 2.84112E-2 2.73124E-2 2.66139E-2 2.52346E-2 2.45423E-2 2.52616E-2 2.59426E-2 2.45423E-2 2.41676E-2 2.41676E-2 2.55195E-2 2.24558E-2 1.84416E-2 1.77814E-2 1.82183E-2 2.04309E-2 2.1738E-2 2.19787E-2 2.74045E-2 3.08138E-2 3.49472E-2 3.9496E-2 4.36519E-2 4.97998E-2 5.38041E-2 6.14932E-2 6.85118E-2 7.33496E-2 7.07943E-2 2.75399E-2 2.19838E-2 1.59963E-2 5.28972E-3 2.12715E-3 9.30834E-4 9.97146E-4
2.77381E-4 9.17505E-5 1.54866E-4 3.23454E-4 7.28895E-4 1.19139E-3 8.79617E-4 9.64666E-4 2.8948E-4 4.38906E-5 3.20548E-4 5.94491E-5 1.82371E-3 2.06673E-2 3.73942E-2 4.1453E-2 3.99012E-2 3.93408E-2 3.88717E-2 4.04081E-2 3.82807E-2 3.65043E-2 3.40583E-2 3.1085E-2 2.34319E-2 1.22088E-2 6.90288E-3 5.77503E-3 7.93425E-3 3.59072E-3 6.52807E-3 2.14415E-2 2.90793E-2 3.0291E-2 3.02595E-2 2.98716E-2 2.94879E-2 2.86776E-2 2.93601E-2 2.96511E-2 2.95371E-2 2.89794E-2 2.76682E-2 2.55942E-2 2.29902E-2 1.86408E-2 1.57924E-2 1.5497E-2 1.41602E-2 1.4886E-2 1.68344E-2 2.14462E-2 2.67479E-2 3.08138E-2 3.41306E-2 4.1025E-2 4.58148E-2 4.99124E-2 5.76875E-2 6.2857E-2 6.97628E-2 7.20219E-2 5.50807E-2 2.04263E-2 2.29316E-2 1.66135E-2 9.15897E-3 3.77326E-3 3.47348E-3 1.20191E-2
1.81726E-3 6.94178E-4 3.19192E-4 1.08224E-4 4.80578E-5 5.41185E-4 8.79102E-4 6.40759E-4 5.44997E-4 2.8948E-4 1.06787E-4 2.78196E-4 1.06114E-3 9.62019E-3 3.43713E-2 3.97017E-2 3.98879E-2 4.04081E-2 4.03729E-2 3.989E-2 3.93893E-2 3.7647E-2 3.52492E-2 3.30461E-2 2.43348E-2 5.71749E-3 5.58128E-3 3.76666E-3 5.13984E-3 6.77093E-3 4.17193E-3 9.66374E-3 2.09375E-2 2.94996E-2 3.18036E-2 3.2051E-2 3.19371E-2 3.03199E-2 3.09848E-2 3.1391E-2 3.00404E-2 2.86776E-2 2.49072E-2 2.20029E-2 1.95041E-2 1.56214E-2 1.0276E-2 1.14405E-2 1.05555E-2 1.17853E-2 1.43798E-2 1.85667E-2 2.35815E-2 2.63887E-2 3.27414E-2 4.12871E-2 4.78453E-2 5.20289E-2 5.8582E-2 6.49821E-2 7.18233E-2 7.1754E-2 5.72675E-2 3.04335E-2 2.46736E-2 6.76219E-3 6.45673E-3 2.161E-3 2.8239E-3 2.7145E-2
3.52559E-3 1.70675E-3 5.41454E-4 1.14344E-4 1.64404E-5 6.24661E-5 6.0293E-5 5.43282E-5 9.1056E-5 4.03094E-5 5.04688E-4 1.37329E-3 1.24321E-3 6.66699E-3 2.17387E-2 2.98279E-2 3.72356E-2 3.86954E-2 3.87779E-2 3.93408E-2 3.88717E-2 3.87779E-2 3.69758E-2 3.65281E-2 3.22912E-2 7.75115E-3 2.07416E-3 2.64218E-3 3.29263E-3 3.04664E-3 4.01295E-3 6.79777E-3 4.89796E-3 1.397E-2 2.8647E-2 3.21432E-2 3.24662E-2 3.05999E-2 2.98185E-2 2.83613E-2 2.83613E-2 2.41676E-2 2.23997E-2 1.96753E-2 1.68943E-2 1.20148E-2 7.58199E-3 7.67681E-3 7.64722E-3 9.03934E-3 9.87524E-3 1.00765E-2 1.09491E-2 1.70596E-2 3.12528E-2 4.35831E-2 4.81432E-2 5.42389E-2 6.0187E-2 6.50924E-2 6.95053E-2 7.10706E-2 6.88043E-2 3.93935E-2 1.7567E-2 4.71755E-3 2.84165E-3 8.80941E-4 3.23504E-3 3.71846E-2
