KUENM/Final_Models/M_0.1_F_lq_Set_2_E/sp1_6_se_asia.asc
ncols         320
nrows         243
xllcorner     44.0
yllcorner     -0.666666666666667
cellsize      0.166666666666667
NODATA_value  -9999
[rows 62 to 92 of 243, columns 210 to 279 of 320]
3.37248E-7 1.22583E-10 1.33082E-11 1.52018E-11 4.88964E-9 7.55279E-8 2.44894E-7 5.61868E-8 1.78601E-6 2.72663E-6 1.17577E-6 1.48823E-6 2.45355E-5 1.35244E-4 5.09464E-4 1.02495E-4 4.64307E-3 3.82284E-4 7.37387E-5 5.52971E-6 2.08978E-8 2.01329E-10 4.07177E-10 8.04874E-9 2.09414E-8 1.39943E-9 -9999 -9999 -9999 -9999 -9999 -9999 -9999 -9999 -9999 -9999 -9999 -9999 -9999 -9999 -9999 -9999 -9999 -9999 -9999 -9999 -9999 -9999 -9999 -9999 -9999 -9999 -9999 -9999 -9999 -9999 -9999 -9999 -9999 -9999 -9999 -9999 -9999 -9999 -9999 -9999 -9999 -9999 -9999 -9999
6.50297E-5 1.01528E-7 8.09271E-12 8.17698E-12 1.84158E-9 2.20746E-8 8.15119E-8 9.2435E-8 2.59958E-6 4.67957E-6 4.27122E-6 6.29369E-6 1.80582E-5 8.79632E-5 2.817E-4 7.83004E-4 7.53334E-4 5.54578E-4 3.19686E-4 1.61634E-4 6.12174E-6 3.75583E-9 1.68642E-9 4.62171E-9 1.8378E-9 6.56764E-10 1.60516E-11 -9999 -9999 2.0342E-9 2.07973E-9 -9999 -9999 -9999 -9999 -9999 -9999 -9999 -9999 -9999 -9999 -9999 -9999 -9999 -9999 -9999 -9999 -9999 -9999 -9999 -9999 -9999 -9999 -9999 -9999 -9999 -9999 -9999 -9999 -9999 -9999 -9999 -9999 -9999 -9999 -9999 -9999 -9999 -9999 -9999
2.34464E-3 1.06039E-4 2.2125E-6 4.42118E-8 3.28111E-9 1.9967E-9 2.04078E-8 4.70835E-8 7.17791E-8 1.02104E-6 2.21278E-6 5.18489E-6 4.06738E-6 1.18745E-5 1.01567E-4 8.78531E-4 9.23162E-4 3.09639E-5 6.98548E-6 1.58272E-6 5.77737E-6 3.95665E-5 1.04005E-6 7.57079E-7 1.16599E-9 4.8345E-10 4.74398E-10 3.40676E-12 9.32461E-13 1.06307E-6 1.62017E-9 -9999 -9999 -9999 -9999 -9999 -9999 -9999 -9999 -9999 -9999 -9999 -9999 -9999 -9999 -9999 -9999 -9999 -9999 -9999 -9999 -9999 -9999 -9999 -9999 -9999 -9999 -9999 -9999 -9999 -9999 -9999 -9999 -9999 -9999 -9999 -9999 -9999 -9999 -9999
1.84301E-2 5.43205E-3 3.13554E-3 6.68858E-4 3.63758E-5 4.42689E-6 1.28651E-5 5.52757E-5 1.15356E-6 7.33939E-8 8.48017E-8 5.99445E-8 3.30167E-7 1.75355E-6 1.0987E-5 1.67286E-5 2.31287E-4 5.00187E-4 2.03361E-4 8.14308E-4 7.21645E-5 5.01323E-5 3.42785E-6 2.27936E-5 2.23758E-7 6.10302E-9 5.57653E-10 1.58506E-11 8.82159E-8 1.3607E-7 8.72037E-12 -9999 -9999 -9999 -9999 -9999 -9999 -9999 -9999 -9999 -9999 -9999 -9999 -9999 -9999 -9999 -9999 -9999 -9999 -9999 -9999 -9999 -9999 -9999 -9999 -9999 -9999 -9999 -9999 -9999 -9999 -9999 -9999 -9999 -9999 -9999 -9999 -9999 -9999 -9999
5.75634E-2 2.86659E-2 1.7856E-2 1.02842E-2 2.3631E-3 1.73027E-4 6.82163E-5 9.50086E-6 2.17169E-7 4.89742E-8 1.63328E-8 2.80742E-9 6.35631E-9 9.33746E-8 2.18587E-6 2.35009E-6 1.27473E-5 7.03452E-5 1.12153E-5 3.39085E-6 1.57605E-5 4.01927E-5 1.41766E-5 3.09416E-6 5.27753E-10 2.24217E-12 2.28994E-13 4.34838E-9 4.86119E-7 7.30886E-10 4.71859E-11 5.11052E-10 1.02331E-12 -9999 -9999 -9999 -9999 -9999 -9999 -9999 -9999 -9999 -9999 -9999 -9999 -9999 -9999 -9999 -9999 -9999 -9999 -9999 -9999 -9999 -9999 -9999 -9999 -9999 -9999 -9999 -9999 -9999 -9999 -9999 -9999 -9999 -9999 -9999 -9999 -9999
8.76386E-2 5.41443E-2 3.34691E-2 1.62558E-2 2.48903E-3 4.75734E-4 3.8554E-4 6.12084E-5 1.83777E-6 5.13971E-7 4.79278E-7 5.96643E-8 5.17658E-9 4.54965E-10 2.57523E-9 8.27259E-10 1.64984E-7 2.58927E-6 1.09131E-7 6.38186E-8 2.41085E-7 4.46278E-7 6.71056E-6 3.58409E-5 3.08764E-6 1.77396E-5 4.92695E-6 7.71416E-5 6.9533E-7 4.69037E-11 8.13354E-10 5.91352E-9 6.56305E-7 1.63887E-10 3.57249E-8 -9999 5.43356E-10 -9999 -9999 -9999 -9999 -9999 -9999 -9999 -9999 -9999 -9999 -9999 -9999 -9999 -9999 -9999 -9999 -9999 -9999 -9999 -9999 -9999 -9999 -9999 -9999 -9999 -9999 -9999 -9999 -9999 -9999 -9999 -9999 -9999
9.28688E-2 7.36887E-2 4.26823E-2 1.3182E-2 1.39015E-3 5.43317E-4 1.11111E-3 9.15431E-4 1.20976E-4 4.64407E-5 2.9739E-5 1.33866E-5 1.72006E-6 2.43943E-7 7.95136E-9 1.32204E-10 2.07536E-9 3.60201E-7 2.09605E-5 8.88845E-6 5.29396E-6 4.97761E-7 3.06008E-6 1.47846E-5 2.22215E-6 1.3925E-6 3.80829E-10 5.6255E-14 7.31464E-7 1.61737E-8 9.89931E-6 3.71755E-6 1.36118E-5 4.75554E-9 1.17519E-8 2.98165E-4 -9999 -9999 -9999 -9999 -9999 -9999 -9999 -9999 -9999 -9999 -9999 -9999 -9999 -9999 -9999 -9999 -9999 -9999 -9999 -9999 -9999 -9999 -9999 -9999 -9999 -9999 -9999 -9999 -9999 -9999 -9999 -9999 -9999 -9999
1.05966E-1 8.77384E-2 5.12653E-2 1.99942E-2 1.99184E-3 8.81288E-4 1.51139E-3 2.34255E-3 1.27523E-3 8.87082E-4 1.14937E-3 1.45389E-3 2.60463E-4 4.19766E-5 3.10009E-5 4.16343E-5 1.42595E-5 5.77847E-7 3.83248E-6 1.54134E-5 7.45831E-6 1.15174E-6 2.08588E-7 3.69162E-8 1.49842E-9 5.90396E-10 1.9575E-13 3.70069E-18 1.61546E-30 2.65021E-35 1.06054E-32 8.84506E-28 1.17763E-21 2.11729E-7 2.45126E-5 1.56766E-5 1.81789E-5 3.21849E-6 1.21208E-5 6.0604E-10 -9999 -9999 -9999 -9999 -9999 -9999 -9999 -9999 -9999 -9999 -9999 -9999 -9999 -9999 -9999 -9999 -9999 -9999 -9999 -9999 -9999 -9999 -9999 -9999 -9999 1.20059E-11 2.27505E-12 1.81605E-13 6.85042E-12 -9999
1.58189E-1 1.22737E-1 7.71133E-2 4.20267E-2 1.46772E-2 5.92878E-3 4.66015E-3 7.82645E-3 6.49078E-3 5.08976E-3 6.27132E-3 7.5666E-3 3.32761E-3 1.64879E-3 2.85389E-3 8.43858E-3 6.89538E-3 9.36761E-4 4.52497E-6 1.84485E-6 2.43138E-6 8.02098E-6 1.84033E-5 3.43502E-6 5.16572E-9 1.33146E-9 3.77053E-14 6.53156E-17 2.20471E-23 8.07453E-26 3.1702E-28 5.69271E-26 1.11791E-24 1.20705E-19 3.90437E-15 3.50189E-11 3.95348E-7 5.09151E-7 2.59517E-6 5.25477E-7 3.3924E-7 -9999 2.87596E-9 -9999 -9999 4.35569E-13 -9999 -9999 -9999 -9999 -9999 -9999 -9999 -9999 -9999 -9999 -9999 2.84121E-11 -9999 -9999 -9999 -9999 -9999 6.88471E-10 1.44082E-8 3.69239E-10 1.68389E-9 6.97248E-11 1.01219E-12 -9999
2.52181E-1 1.77934E-1 1.31765E-1 8.8658E-2 5.19347E-2 3.15011E-2 2.98218E-2 3.43408E-2 1.77493E-2 1.17814E-2 1.11791E-2 1.25646E-2 1.05506E-2 1.0581E-2 1.60317E-2 2.01594E-2 1.16875E-2 1.53838E-3 2.31946E-5 2.06031E-6 1.62911E-6 6.10868E-6 3.7616E-5 6.46633E-5 2.36534E-6 1.9164E-7 1.75391E-9 7.49098E-11 6.41579E-14 9.4951E-17 2.53443E-18 7.62702E-19 4.3253E-18 7.64206E-17 9.76399E-16 7.49271E-13 7.97229E-12 2.6344E-10 2.42331E-12 1.14708E-15 2.82305E-14 5.79721E-13 -9999 1.20454E-7 -9999 4.38159E-11 4.56303E-10 2.47304E-13 -9999 -9999 -9999 -9999 -9999 -9999 -9999 2.43789E-12 1.67639E-10 4.58723E-10 3.44014E-11 -9999 -9999 -9999 4.01149E-9 5.18554E-8 4.77195E-6 6.42841E-9 2.86071E-7 1.64464E-10 7.3529E-10 2.61573E-9
3.43127E-1 2.52445E-1 1.93943E-1 1.49543E-1 1.05899E-1 6.84804E-2 5.53864E-2 4.50278E-2 2.4705E-2 1.69472E-2 1.94532E-2 2.0608E-2 2.00519E-2 2.12971E-2 2.39884E-2 1.94997E-2 9.56078E-3 2.09243E-3 2.03288E-4 1.70342E-5 2.75053E-6 4.63746E-6 2.52819E-5 7.93854E-5 2.78206E-5 8.28552E-7 3.16219E-9 2.7929E-10 6.99095E-13 7.66192E-14 1.48266E-15 4.59815E-15 6.72329E-14 3.12052E-13 6.69701E-13 1.86702E-13 2.31181E-10 3.9293E-10 7.26568E-12 1.4343E-10 5.88755E-15 1.3115E-18 1.32477E-14 4.63072E-14 6.76779E-8 6.28494E-10 4.34393E-8 2.44931E-11 1.62582E-9 1.93873E-8 3.89171E-15 4.48774E-9 2.78061E-9 7.33262E-10 5.58967E-13 2.67679E-12 4.91071E-9 3.55854E-7 6.22823E-8 -9999 -9999 1.9939E-9 2.11149E-9 4.44196E-8 1.4759E-6 4.16009E-6 8.97587E-6 8.37078E-8 5.33368E-7 2.89081E-7
4.10176E-1 3.26394E-1 2.6347E-1 2.2951E-1 1.68706E-1 1.03511E-1 5.89064E-2 4.14624E-2 2.61304E-2 1.26042E-2 2.19443E-2 2.76934E-2 2.93347E-2 2.97577E-2 2.8425E-2 1.87473E-2 8.76737E-3 2.75603E-3 6.81518E-4 1.6552E-4 5.61695E-5 4.47051E-5 7.65275E-5 2.24484E-4 1.47706E-4 4.88611E-6 3.1012E-7 5.70768E-9 3.93424E-10 8.29428E-13 7.40114E-15 1.85326E-12 3.33885E-10 2.66379E-10 1.64295E-11 5.32079E-10 6.43657E-13 3.25431E-11 3.59493E-12 1.01841E-7 1.06786E-7 1.54028E-13 1.56036E-12 2.16373E-14 5.71746E-11 1.48832E-9 2.59355E-13 2.71009E-9 5.2128E-13 2.07722E-20 1.62363E-12 4.06146E-8 2.59681E-8 2.09949E-7 2.40086E-11 7.86331E-10 5.05009E-9 2.95129E-9 4.69044E-7 -9999 3.78417E-9 3.70678E-7 2.2076E-7 1.79834E-6 3.50444E-9 1.49277E-16 2.16772E-6 1.25858E-5 4.42922E-6 1.93298E-5
4.67764E-1 4.05506E-1 3.37557E-1 3.00326E-1 2.4186E-1 1.64092E-1 6.49565E-2 4.48341E-2 4.14624E-2 2.69023E-2 3.58028E-2 4.93821E-2 4.43469E-2 4.13552E-2 3.36163E-2 2.0458E-2 9.59998E-3 3.9494E-3 1.89263E-3 9.23423E-4 4.82749E-4 3.32252E-4 3.93779E-4 5.5331E-4 2.87771E-4 4.33333E-5 2.55409E-5 8.66955E-6 1.79715E-7 6.39174E-9 2.06896E-9 1.08544E-8 7.00417E-8 2.81508E-8 3.86454E-10 7.87797E-12 8.11421E-11 3.14819E-8 2.89169E-8 3.11164E-7 4.09491E-6 6.49016E-6 6.78255E-6 6.92188E-9 1.44107E-11 1.12264E-13 2.7857E-14 4.23565E-14 1.78231E-12 3.76852E-10 2.12422E-13 6.78396E-13 1.12765E-13 1.46012E-11 2.74091E-7 4.32989E-10 1.33043E-13 6.792E-18 5.22784E-7 -9999 1.30306E-7 2.54008E-6 1.24287E-6 1.76621E-6 2.3975E-6 3.85339E-15 1.07894E-6 6.52782E-6 1.22481E-7 3.39288E-9
4.92282E-1 4.57225E-1 3.91218E-1 3.28559E-1 3.21082E-1 3.09865E-1 1.76406E-1 8.06948E-2 5.59878E-2 5.74326E-2 9.59386E-2 9.91835E-2 7.89563E-2 6.18012E-2 4.59114E-2 2.67327E-2 1.26067E-2 5.59948E-3 5.34028E-3 5.27146E-3 2.82139E-3 1.43355E-3 1.27523E-3 1.3261E-3 3.74997E-4 5.87863E-5 6.30612E-5 1.7951E-4 3.21219E-5 2.38283E-6 9.27902E-7 1.17287E-6 8.58039E-6 1.55937E-4 6.55655E-6 5.53734E-10 1.9666E-12 4.29803E-12 1.17931E-12 1.68738E-10 5.64064E-6 2.15651E-4 1.50805E-4 6.62801E-5 8.62589E-6 4.99202E-6 4.05253E-8 1.23088E-12 1.01404E-9 1.13103E-3 1.95038E-11 1.26494E-10 2.83495E-9 3.80055E-14 1.83358E-12 3.36971E-22 2.884E-24 8.99256E-26 1.56505E-13 7.3977E-8 4.7768E-9 1.57867E-6 1.21438E-6 3.32503E-7 1.38645E-6 2.79229E-16 2.28612E-34 6.38236E-12 9.08452E-8 7.7432E-22
4.74801E-1 4.9902E-1 4.16566E-1 3.36029E-1 3.56482E-1 3.76711E-1 2.78118E-1 1.43789E-1 8.06948E-2 8.26036E-2 1.2139E-1 1.31556E-1 1.35561E-1 1.15063E-1 7.42693E-2 4.0669E-2 1.97566E-2 1.02024E-2 1.79687E-2 2.98218E-2 1.1973E-2 4.74334E-3 3.69318E-3 3.31202E-3 1.05516E-3 1.46343E-4 1.99776E-4 7.34454E-4 3.36467E-4 7.11655E-5 6.33336E-5 1.21723E-4 1.78074E-4 6.58362E-4 1.6174E-3 1.84894E-4 4.64698E-7 2.9312E-9 3.96929E-10 2.8232E-9 1.25826E-7 9.02039E-6 1.29259E-4 1.0413E-4 4.18624E-4 5.72243E-5 2.60796E-4 3.43091E-7 6.40634E-4 5.29005E-3 4.91702E-6 5.8938E-5 2.71803E-9 6.42168E-14 2.28715E-16 1.34605E-25 2.11108E-28 1.04924E-27 8.02102E-24 4.17547E-31 6.39697E-21 6.47798E-23 8.32851E-15 1.32159E-9 1.0364E-10 6.62286E-22 4.2039E-45 2.17651E-20 1.0534E-26 1.15823E-28
3.89819E-1 4.42327E-1 4.04193E-1 3.5463E-1 3.71223E-1 3.65712E-1 2.87504E-1 1.93931E-1 1.65599E-1 1.82651E-1 1.63936E-1 1.5213E-1 2.07128E-1 2.05518E-1 1.10274E-1 5.63973E-2 3.21065E-2 1.97566E-2 2.41206E-2 4.80207E-2 2.02991E-2 9.80573E-3 9.02586E-3 1.09985E-2 8.68752E-3 2.35676E-3 1.34994E-3 1.82018E-3 1.24325E-3 3.63243E-4 6.58152E-4 2.08122E-3 2.61998E-3 2.43187E-3 6.31467E-3 2.44306E-3 1.44804E-4 1.75208E-5 9.35774E-6 2.3168E-5 2.90638E-5 1.81038E-5 8.53953E-6 2.12464E-5 6.77448E-4 2.73864E-4 4.94123E-4 3.99609E-4 2.51472E-4 2.22696E-3 2.43178E-3 2.52728E-5 2.43814E-8 2.7097E-13 2.08077E-23 5.03784E-30 5.27234E-34 4.07428E-41 0E0 0E0 0E0 0E0 0E0 4.51311E-31 6.96627E-27 0E0 0E0 0E0 0E0 0E0
3.30675E-1 3.90089E-1 3.84372E-1 3.75232E-1 3.89416E-1 3.74884E-1 3.15473E-1 2.58091E-1 2.67213E-1 2.98666E-1 2.17203E-1 1.71334E-1 2.56232E-1 2.15626E-1 1.23561E-1 7.86405E-2 5.51368E-2 3.44525E-2 2.63454E-2 3.65536E-2 2.59629E-2 1.98464E-2 2.30698E-2 3.2682E-2 3.7975E-2 1.46276E-2 5.55459E-3 5.99918E-3 5.53446E-3 3.19562E-3 4.6962E-3 8.47925E-3 5.82679E-3 5.00107E-3 8.39769E-3 4.61442E-3 1.60994E-3 1.46862E-3 1.01147E-3 3.3635E-3 3.96396E-3 1.48017E-3 4.8092E-4 1.25502E-4 3.30231E-5 1.8681E-5 3.5696E-6 8.13373E-9 4.36919E-13 2.74284E-11 1.07995E-9 7.33693E-14 4.76324E-19 1.83209E-20 1.53212E-21 9.6427E-26 7.53721E-40 0E0 0E0 0E0 0E0 0E0 0E0 0E0 0E0 0E0 0E0 0E0 0E0 0E0
3.99304E-1 4.02727E-1 4.2045E-1 4.23541E-1 4.23541E-1 4.25273E-1 4.07275E-1 3.96603E-1 3.93434E-1 3.62325E-1 3.00616E-1 2.70878E-1 2.65364E-1 2.06967E-1 1.38078E-1 1.22291E-1 1.03343E-1 6.33637E-2 3.07643E-2 3.69395E-2 4.84106E-2 5.95136E-2 6.25787E-2 5.42651E-2 4.69883E-2 2.56083E-2 1.34237E-2 1.2466E-2 1.1378E-2 1.44789E-2 2.59629E-2 3.71674E-2 3.10574E-2 1.77493E-2 1.72558E-2 1.52749E-2 9.61389E-3 1.08934E-3 5.81948E-4 4.46788E-3 1.37382E-2 9.65375E-3 1.26978E-2 9.03971E-3 4.30921E-4 7.03832E-5 8.53439E-6 1.6209E-7 7.20089E-10 5.06035E-12 1.51942E-15 9.0515E-21 2.11454E-22 1.3223E-20 1.31366E-19 1.03183E-19 6.62778E-30 6.7993E-40 7.70714E-44 1.91137E-42 5.23448E-40 4.48416E-44 0E0 0E0 0E0 0E0 0E0 0E0 0E0 4.2039E-44
4.3804E-1 4.15408E-1 4.1694E-1 4.15178E-1 4.14811E-1 4.55592E-1 4.42327E-1 4.44004E-1 4.20063E-1 3.56911E-1 3.11857E-1 2.91218E-1 2.59733E-1 2.13769E-1 1.85524E-1 1.84124E-1 1.80941E-1 1.27625E-1 7.05961E-2 5.01924E-2 6.72269E-2 9.7799E-2 8.33925E-2 5.83931E-2 4.65961E-2 3.39834E-2 2.06476E-2 1.63827E-2 1.98467E-2 4.33632E-2 1.0127E-1 9.17285E-2 6.05187E-2 2.46432E-2 2.61304E-2 3.99548E-2 2.90289E-2 2.0038E-3 2.31847E-4 5.48057E-3 3.94788E-2 4.45338E-2 3.6363E-2 5.13544E-2 3.68644E-2 8.56199E-3 4.65895E-4 3.00078E-5 5.75484E-7 4.26734E-9 4.59076E-12 9.74451E-16 2.95357E-18 1.87358E-18 4.70963E-18 3.23799E-19 3.22965E-24 3.57582E-31 2.61929E-35 1.09914E-34 5.22963E-33 2.53562E-35 3.22299E-44 0E0 0E0 0E0 2.08934E-42 9.13924E-40 7.54567E-38 9.3098E-36
4.22456E-1 3.62495E-1 3.45696E-1 3.5131E-1 3.4944E-1 3.90089E-1 3.86191E-1 3.53179E-1 2.83751E-1 2.48544E-1 2.59733E-1 2.80029E-1 2.63398E-1 2.34479E-1 2.29386E-1 2.24134E-1 2.02097E-1 1.66962E-1 1.19776E-1 5.69227E-2 4.26058E-2 8.22058E-2 7.65792E-2 4.01559E-2 4.45349E-2 4.33485E-2 1.9895E-2 1.67849E-2 4.18354E-2 1.09785E-1 1.49256E-1 9.24659E-2 5.72925E-2 2.59629E-2 3.2223E-2 5.12653E-2 8.38461E-2 1.0037E-1 2.06664E-2 1.59269E-2 3.2469E-2 4.75356E-2 4.22142E-2 6.94161E-2 6.37368E-2 2.86488E-2 4.86518E-3 6.99998E-4 6.21445E-5 4.54435E-6 4.40106E-8 2.80673E-11 1.62937E-14 4.19264E-16 2.13421E-16 1.85168E-17 4.00562E-20 1.64133E-23 3.56652E-26 1.3058E-27 1.58671E-29 5.39948E-33 3.21924E-37 3.61433E-40 3.63036E-38 2.39018E-34 2.81241E-32 4.37219E-31 1.92426E-30 7.12936E-29
3.37988E-1 2.81691E-1 2.66841E-1 3.02317E-1 3.47559E-1 3.58801E-1 3.23064E-1 2.53998E-1 1.3847E-1 1.21306E-1 2.14912E-1 2.77964E-1 2.74246E-1 2.52442E-1 2.65235E-1 2.45385E-1 2.01926E-1 1.65214E-1 1.30035E-1 8.22058E-2 6.6771E-2 1.08608E-1 9.27108E-2 3.10256E-2 4.69868E-2 4.31031E-2 8.55153E-3 1.31284E-2 7.30028E-2 2.76316E-1 2.8569E-1 1.03986E-1 6.3774E-2 6.1628E-2 7.49851E-2 8.5528E-2 1.39763E-1 2.18895E-1 7.98899E-2 3.75788E-2 2.83306E-2 4.09043E-2 1.15364E-1 1.19005E-1 6.94198E-2 3.06833E-2 1.16305E-2 4.13209E-3 9.86306E-4 1.60657E-4 9.88912E-6 4.46598E-8 7.54345E-11 4.21945E-13 1.16203E-13 2.27029E-14 6.59012E-16 1.93828E-17 4.82339E-19 5.85446E-21 1.69283E-23 2.21483E-26 3.55304E-29 1.95474E-30 5.87655E-29 5.81522E-26 1.08981E-24 4.94679E-25 1.10541E-26 3.37328E-30
2.44544E-1 2.21847E-1 2.41328E-1 3.47559E-1 4.49876E-1 4.29578E-1 3.39877E-1 3.05831E-1 2.04239E-1 1.59539E-1 2.48167E-1 2.81691E-1 2.55822E-1 2.61318E-1 2.74246E-1 2.54259E-1 1.90377E-1 1.49006E-1 1.47579E-1 1.4616E-1 1.40566E-1 1.69489E-1 1.54474E-1 8.45597E-2 6.78374E-2 3.40613E-2 1.01853E-2 1.99011E-2 7.99607E-2 3.09854E-1 3.13627E-1 1.21306E-1 8.95909E-2 9.69892E-2 1.08608E-1 1.06551E-1 1.24839E-1 1.34217E-1 1.11458E-1 8.63423E-2 4.63676E-2 5.51368E-2 1.17663E-1 1.79498E-1 1.10543E-1 4.49429E-2 1.91031E-2 1.15924E-2 4.18832E-3 6.40878E-4 6.54679E-5 4.05642E-6 1.11951E-7 3.06019E-9 3.19196E-10 5.463E-11 9.42141E-12 2.21153E-12 2.03713E-13 1.88859E-15 7.48967E-18 3.38922E-20 1.83579E-22 8.12985E-24 1.44273E-23 3.49712E-22 2.69968E-22 2.37224E-24 6.40017E-29 3.81725E-29
2.14485E-1 2.12763E-1 2.51805E-1 3.82902E-1 5.18928E-1 5.43376E-1 5.18448E-1 4.93686E-1 4.81253E-1 3.4866E-1 3.14935E-1 3.32011E-1 2.81379E-1 2.85123E-1 2.91043E-1 2.45208E-1 1.86852E-1 1.53333E-1 1.59212E-1 1.8392E-1 1.93371E-1 1.91731E-1 1.5851E-1 1.44034E-1 1.08647E-1 5.23224E-2 3.0178E-2 3.91844E-2 1.05827E-1 2.31496E-1 2.38647E-1 1.43574E-1 1.32582E-1 1.44985E-1 1.51173E-1 1.57027E-1 1.25529E-1 1.48685E-1 1.65214E-1 1.68259E-1 1.09785E-1 3.3207E-2 5.33739E-2 1.87334E-1 1.21239E-1 5.37356E-2 2.59629E-2 1.35042E-2 4.89093E-3 1.11988E-3 2.73634E-4 1.20626E-4 2.61749E-5 1.99996E-6 2.10757E-7 3.93936E-8 1.28214E-8 8.75163E-9 1.88972E-9 9.20076E-12 5.09641E-14 7.83435E-16 6.70139E-18 1.00994E-19 1.09867E-20 1.06061E-21 2.14746E-26 1.20338E-33 1.29217E-38 7.72731E-33
3.02317E-1 2.55822E-1 2.61318E-1 3.438E-1 4.91362E-1 5.80129E-1 5.74474E-1 4.92138E-1 4.39894E-1 3.73127E-1 3.71257E-1 4.36538E-1 3.80874E-1 3.47422E-1 3.41765E-1 2.70538E-1 1.91731E-1 1.66426E-1 1.76001E-1 2.11815E-1 2.27416E-1 2.20105E-1 1.60001E-1 1.22128E-1 1.09829E-1 7.49144E-2 6.62745E-2 7.44693E-2 1.51026E-1 2.47099E-1 2.59932E-1 1.91406E-1 1.76864E-1 1.96996E-1 2.45869E-1 2.44057E-1 1.67109E-1 2.24932E-1 3.22856E-1 2.64997E-1 1.6757E-1 6.56724E-2 6.70043E-2 1.25529E-1 1.05129E-1 5.89064E-2 2.59877E-2 1.21412E-2 5.56843E-3 2.87992E-3 2.12096E-3 1.53202E-3 7.34454E-4 8.76355E-5 1.1399E-5 2.58206E-6 1.03449E-6 1.43287E-7 4.35864E-9 1.94393E-10 6.1753E-12 1.88215E-13 3.42968E-15 4.8576E-17 7.11969E-19 2.0101E-21 1.24884E-29 0E0 0E0 0E0
4.49876E-1 3.60669E-1 3.41946E-1 3.75448E-1 4.49509E-1 5.36965E-1 4.90499E-1 3.2912E-1 2.35557E-1 3.33481E-1 4.04465E-1 4.18852E-1 3.65634E-1 3.47158E-1 3.33907E-1 2.86998E-1 2.27102E-1 1.98328E-1 2.25662E-1 2.47011E-1 2.34179E-1 2.18369E-1 1.82806E-1 1.43574E-1 1.21622E-1 1.20355E-1 1.4386E-1 1.7145E-1 1.9235E-1 2.55566E-1 3.11969E-1 2.26641E-1 1.94006E-1 1.82555E-1 2.21351E-1 2.58087E-1 2.80416E-1 3.0307E-1 3.67511E-1 2.99782E-1 1.87117E-1 1.71203E-1 2.16213E-1 1.53622E-1 9.94974E-2 4.3691E-2 1.81416E-2 1.53846E-2 9.39253E-3 3.9989E-3 2.06892E-3 2.89727E-3 2.40558E-3 5.41983E-4 7.47231E-5 1.85723E-5 1.83357E-5 1.86303E-6 2.00449E-8 1.00375E-9 1.05569E-10 6.82192E-12 2.5502E-13 4.73229E-15 4.34636E-17 5.88458E-21 3.02235E-26 1.05614E-37 0E0 0E0
3.47569E-1 2.89349E-1 2.80096E-1 3.07997E-1 3.50921E-1 4.40644E-1 3.56824E-1 2.1508E-1 1.77752E-1 3.44348E-1 3.78721E-1 2.17428E-1 2.64194E-1 2.82829E-1 2.5729E-1 2.5729E-1 2.70538E-1 2.94796E-1 2.57651E-1 2.46734E-1 2.31999E-1 1.99197E-1 2.04239E-1 2.15693E-1 1.60501E-1 1.96376E-1 2.23813E-1 2.10919E-1 1.91559E-1 2.24073E-1 2.86548E-1 2.62177E-1 2.03282E-1 1.81771E-1 2.25842E-1 2.82771E-1 3.01726E-1 3.18889E-1 3.31026E-1 2.57409E-1 1.6374E-1 2.092E-1 3.38643E-1 2.09907E-1 8.82127E-2 2.55088E-2 1.0429E-2 2.97454E-2 2.46263E-2 6.07479E-3 1.13456E-3 3.26751E-3 3.67442E-3 1.28321E-3 2.13941E-4 4.72713E-5 3.10407E-5 3.31401E-6 4.53553E-8 5.67133E-9 1.28527E-9 1.52116E-10 1.00293E-11 3.40612E-13 4.58793E-15 1.10438E-17 2.19569E-21 5.02429E-25 4.1492E-28 9.3416E-32
2.22394E-1 1.57731E-1 1.05619E-1 1.4257E-1 2.33017E-1 2.8755E-1 1.96312E-1 1.22897E-1 1.55422E-1 2.66841E-1 2.70881E-1 2.15483E-1 2.63531E-1 2.48818E-1 2.12763E-1 2.11047E-1 2.85123E-1 3.90225E-1 3.66207E-1 2.78172E-1 2.30938E-1 1.84869E-1 1.42171E-1 1.08162E-1 1.69652E-1 2.61779E-1 2.8919E-1 2.1611E-1 2.38362E-1 2.29394E-1 2.07513E-1 1.97338E-1 1.79302E-1 1.947E-1 2.50211E-1 2.63149E-1 2.53889E-1 3.14242E-1 3.64567E-1 2.34761E-1 1.70677E-1 1.89911E-1 2.13574E-1 1.37491E-1 7.93557E-2 5.02961E-2 3.12753E-2 5.23224E-2 4.49657E-2 1.40988E-2 3.60847E-3 3.09314E-3 3.21615E-3 1.77171E-3 6.28269E-4 1.5683E-4 5.31473E-5 7.94304E-6 6.11613E-7 1.03788E-7 2.18213E-8 2.7937E-9 2.88796E-10 1.70375E-11 5.1105E-13 8.73849E-15 3.38581E-17 9.28865E-20 3.50768E-22 9.9444E-25
1.66733E-1 1.14849E-1 7.51631E-2 7.451E-2 1.45189E-1 2.0528E-1 9.19429E-2 4.3691E-2 8.43675E-2 1.42552E-1 1.62242E-1 1.69707E-1 1.9345E-1 1.71765E-1 1.48685E-1 1.50866E-1 2.10413E-1 3.30612E-1 3.41946E-1 2.94961E-1 2.38322E-1 1.90695E-1 1.58247E-1 1.58247E-1 2.32723E-1 3.80255E-1 5.20848E-1 3.82792E-1 1.98045E-1 1.53994E-1 1.26181E-1 1.23326E-1 1.58218E-1 2.03122E-1 2.04826E-1 1.49368E-1 1.39418E-1 2.05802E-1 2.29394E-1 2.03282E-1 2.11844E-1 2.17851E-1 1.69652E-1 1.05869E-1 8.63632E-2 1.06308E-1 1.10644E-1 1.12657E-1 7.63227E-2 2.85068E-2 3.26751E-3 1.19517E-3 1.10803E-3 1.15454E-3 9.07985E-4 3.56259E-4 1.12913E-4 3.17079E-5 7.429E-6 2.03232E-6 3.11216E-7 3.20229E-8 4.32381E-9 4.27059E-10 2.98456E-11 1.35534E-12 1.12393E-14 5.32562E-17 1.83388E-19 2.08786E-22
1.31693E-1 1.13853E-1 7.17758E-2 6.28282E-2 9.56406E-2 1.08608E-1 5.04926E-2 3.30156E-2 5.14342E-2 9.80872E-2 1.17778E-1 1.20232E-1 1.1776E-1 9.06967E-2 6.93184E-2 8.87802E-2 1.40728E-1 2.00213E-1 2.20154E-1 2.51812E-1 2.36434E-1 1.96954E-1 1.73003E-1 1.75804E-1 2.22955E-1 3.39448E-1 4.18765E-1 2.88318E-1 1.84281E-1 1.18782E-1 8.28237E-2 7.56256E-2 1.37497E-1 1.85764E-1 1.90684E-1 1.09235E-1 9.45159E-2 1.32819E-1 1.34172E-1 1.58393E-1 2.55822E-1 2.2588E-1 1.49006E-1 9.41652E-2 7.33308E-2 1.01997E-1 1.40824E-1 1.0628E-1 6.2199E-2 1.56666E-2 6.10744E-4 2.99504E-4 1.14299E-3 1.02342E-3 8.19555E-4 5.4265E-4 2.33259E-4 9.27774E-5 3.36102E-5 1.1014E-5 1.65083E-6 1.70278E-7 2.29733E-8 3.79399E-9 4.42033E-10 2.14689E-11 3.87755E-13 5.7324E-15 6.03144E-17 6.59764E-20
1.30035E-1 9.88909E-2 4.93821E-2 4.50887E-2 5.54675E-2 5.4816E-2 4.05617E-2 3.88814E-2 5.06028E-2 1.03691E-1 9.06967E-2 7.16354E-2 6.10312E-2 4.24895E-2 3.77677E-2 5.34305E-2 8.46984E-2 1.28287E-1 1.80075E-1 2.35915E-1 2.34168E-1 1.99955E-1 1.71749E-1 1.59718E-1 1.72742E-1 2.05313E-1 2.01238E-1 1.43218E-1 1.22275E-1 1.26825E-1 8.68872E-2 3.42867E-2 5.84205E-2 1.15871E-1 1.96544E-1 1.52524E-1 1.23587E-1 1.31484E-1 1.23854E-1 1.43789E-1 1.92316E-1 2.01926E-1 1.01389E-1 5.37356E-2 3.04409E-2 3.81002E-2 5.10177E-2 4.39511E-2 1.85841E-2 1.71822E-3 3.76166E-5 1.94207E-5 4.12682E-4 6.93356E-4 5.87559E-4 6.73657E-4 3.70985E-4 1.61524E-4 6.15895E-5 1.43117E-5 2.4363E-6 4.22975E-7 7.68133E-8 1.57619E-8 2.2395E-9 1.1302E-10 3.27585E-12 1.12381E-13 1.97469E-15 7.80518E-18
5.71224E-2 3.56545E-2 1.55151E-2 2.04646E-2 3.07764E-2 5.81658E-2 6.50977E-2 6.5205E-2 6.61226E-2 7.32667E-2 9.7015E-2 7.36251E-2 4.14624E-2 2.0851E-2 2.26084E-2 3.72517E-2 5.74326E-2 8.7651E-2 1.50967E-1 2.18895E-1 1.99136E-1 1.75017E-1 1.54957E-1 1.42518E-1 1.41014E-1 1.48012E-1 1.49435E-1 1.48012E-1 1.43023E-1 1.26825E-1 7.38755E-2 3.35068E-2 3.92564E-2 7.71533E-2 1.06308E-1 9.77122E-2 1.10644E-1 1.22737E-1 1.0711E-1 1.10592E-1 1.1535E-1 9.81897E-2 6.36877E-2 3.33293E-2 1.86707E-2 1.60773E-2 1.50975E-2 1.50196E-2 8.76295E-3 6.55141E-4 1.27455E-5 5.26317E-6 1.14425E-4 3.72207E-4 5.33419E-4 7.28036E-4 4.28753E-4 1.82188E-4 6.36092E-5 1.09333E-5 1.87464E-6 4.92217E-7 1.39743E-7 2.68473E-8 3.43871E-9 2.6287E-10 1.14551E-11 4.4108E-13 2.03539E-14 4.55908E-16
