KUENM/Final_Models/M_0.1_F_lq_Set_2_E/sp1_7.asc
ncols         197
nrows         210
xllcorner     56.1666666666667
yllcorner     4.5
cellsize      0.166666666666667
NODATA_value  -9999
[rows 84 to 111 of 210, columns 65 to 129 of 197]
1.24372E-1 1.31839E-1 1.54495E-1 1.49312E-1 1.30528E-1 1.1283E-1 1.00885E-1 9.01214E-2 8.39321E-2 9.04641E-2 1.0337E-1 1.225E-1 1.37982E-1 1.38203E-1 1.25954E-1 1.11782E-1 1.14219E-1 1.28651E-1 1.45628E-1 1.60718E-1 1.71764E-1 1.73373E-1 1.81532E-1 1.91561E-1 1.88059E-1 2.10837E-1 2.24197E-1 2.30156E-1 2.30697E-1 2.32454E-1 2.67442E-1 3.61636E-1 4.15876E-1 4.33905E-1 4.79078E-1 5.43818E-1 5.8808E-1 6.15655E-1 6.34253E-1 6.45646E-1 6.54121E-1 6.43E-1 6.26881E-1 6.27691E-1 6.44612E-1 6.57122E-1 6.57814E-1 6.36069E-1 6.32986E-1 6.10594E-1 5.70654E-1 5.62156E-1 5.75495E-1 5.73541E-1 5.93542E-1 6.14937E-1 6.12953E-1 5.71038E-1 5.27121E-1 4.79697E-1 4.38038E-1 5.12106E-1 4.54364E-1 4.17352E-1 4.17758E-1
1.26394E-1 1.52371E-1 1.62364E-1 1.53012E-1 1.43427E-1 1.27004E-1 1.07948E-1 1.01075E-1 9.69075E-2 1.01825E-1 1.16612E-1 1.31806E-1 1.44789E-1 1.50975E-1 1.38203E-1 1.27296E-1 1.27331E-1 1.45628E-1 1.70162E-1 1.98384E-1 2.08812E-1 2.10571E-1 2.17666E-1 2.17434E-1 2.12579E-1 2.25144E-1 2.4377E-1 2.50225E-1 2.59229E-1 2.70114E-1 2.95546E-1 3.37693E-1 3.9752E-1 4.75983E-1 5.38018E-1 5.98305E-1 6.24441E-1 6.36632E-1 6.5073E-1 6.62492E-1 6.51284E-1 6.55288E-1 6.49962E-1 6.54904E-1 6.62163E-1 6.58977E-1 6.43939E-1 6.17542E-1 6.04612E-1 5.69647E-1 5.36846E-1 5.66805E-1 5.79307E-1 5.3874E-1 5.56184E-1 5.63259E-1 5.54027E-1 5.47391E-1 5.31318E-1 4.86856E-1 4.26989E-1 4.89326E-1 4.2525E-1 3.86955E-1 3.79248E-1
1.42797E-1 1.51796E-1 1.60226E-1 1.64003E-1 1.48445E-1 1.31392E-1 1.20434E-1 1.10843E-1 1.11676E-1 1.15365E-1 1.27367E-1 1.37685E-1 1.48029E-1 1.53952E-1 1.49764E-1 1.44079E-1 1.57595E-1 1.73373E-1 2.0357E-1 2.35775E-1 2.45005E-1 2.46863E-1 2.48377E-1 2.4916E-1 2.53095E-1 2.60109E-1 2.73436E-1 2.81066E-1 2.97573E-1 3.23269E-1 3.48965E-1 3.88545E-1 4.5212E-1 5.23625E-1 5.88196E-1 6.43398E-1 6.51873E-1 6.54847E-1 6.58159E-1 6.09909E-1 6.51897E-1 6.56646E-1 6.61112E-1 6.60827E-1 6.50097E-1 6.44895E-1 6.2975E-1 6.05569E-1 5.87233E-1 5.24637E-1 4.72474E-1 4.63893E-1 5.23847E-1 5.58797E-1 5.4587E-1 5.16847E-1 4.80673E-1 4.89066E-1 4.95796E-1 4.4562E-1 3.77284E-1 3.9969E-1 3.80741E-1 3.45533E-1 3.27517E-1
1.48758E-1 1.55503E-1 1.53963E-1 1.58609E-1 1.42471E-1 1.36996E-1 1.29701E-1 1.28094E-1 1.29104E-1 1.3317E-1 1.43351E-1 1.44789E-1 1.5246E-1 1.55453E-1 1.60313E-1 1.66762E-1 1.83071E-1 2.01835E-1 2.28471E-1 2.56212E-1 2.73243E-1 2.74693E-1 2.8283E-1 2.87593E-1 2.90968E-1 2.97395E-1 3.08596E-1 3.32415E-1 3.52372E-1 3.85078E-1 4.37252E-1 4.74426E-1 5.66656E-1 5.99715E-1 6.42199E-1 6.54606E-1 6.52785E-1 6.4878E-1 6.0088E-1 6.38113E-1 6.50419E-1 6.47972E-1 6.60944E-1 6.5818E-1 6.39523E-1 6.14084E-1 5.90563E-1 5.73045E-1 5.65748E-1 5.2694E-1 4.66067E-1 4.25994E-1 4.55724E-1 5.25561E-1 5.51868E-1 4.78493E-1 4.34906E-1 4.27931E-1 4.24164E-1 3.67166E-1 2.91328E-1 2.46409E-1 2.6774E-1 2.83519E-1 2.8155E-1
1.2968E-1 1.41521E-1 1.44849E-1 1.45164E-1 1.41265E-1 1.48564E-1 1.43916E-1 1.43673E-1 1.46569E-1 1.49498E-1 1.56962E-1 1.5246E-1 1.58782E-1 1.63399E-1 1.76332E-1 1.91419E-1 2.05123E-1 2.24591E-1 2.42823E-1 2.69007E-1 2.8739E-1 3.00742E-1 3.10283E-1 3.20907E-1 3.25113E-1 3.39701E-1 3.61347E-1 3.9296E-1 4.22319E-1 4.67274E-1 5.2976E-1 5.76067E-1 6.5243E-1 6.42965E-1 6.34271E-1 6.08987E-1 5.87158E-1 5.4776E-1 4.83104E-1 5.99865E-1 6.57134E-1 6.58925E-1 6.61936E-1 6.53766E-1 6.29104E-1 5.92243E-1 5.53938E-1 5.25611E-1 5.11219E-1 4.79464E-1 4.44611E-1 4.29351E-1 4.46394E-1 5.07851E-1 4.78087E-1 4.36681E-1 4.09599E-1 4.04006E-1 3.73391E-1 3.10564E-1 2.28199E-1 1.37092E-1 1.5349E-1 2.40677E-1 2.67752E-1
-9999 1.38623E-1 1.44849E-1 1.49625E-1 1.51502E-1 1.56103E-1 1.57595E-1 1.58998E-1 1.61852E-1 1.64954E-1 1.68086E-1 1.57259E-1 1.64954E-1 1.76049E-1 1.94552E-1 2.08304E-1 2.24591E-1 2.4098E-1 2.6281E-1 2.81688E-1 3.01803E-1 3.09113E-1 3.30245E-1 3.43452E-1 3.57766E-1 3.91238E-1 4.21511E-1 4.60226E-1 4.94103E-1 5.35885E-1 5.78075E-1 6.15033E-1 6.3738E-1 6.50925E-1 1.35317E-1 5.76471E-1 4.8993E-1 4.54659E-1 5.03855E-1 5.40687E-1 6.40576E-1 6.56531E-1 6.52379E-1 6.15145E-1 5.79856E-1 5.38802E-1 5.16625E-1 4.94461E-1 4.44924E-1 4.15391E-1 4.1807E-1 4.51709E-1 4.52799E-1 4.76518E-1 3.99932E-1 3.33774E-1 3.69513E-1 3.78874E-1 3.51542E-1 2.73032E-1 1.94511E-1 1.11241E-1 1.41474E-1 2.3688E-1 2.85503E-1
-9999 1.44454E-1 1.53465E-1 1.55388E-1 1.6368E-1 1.68548E-1 1.73373E-1 1.7652E-1 1.83071E-1 1.86166E-1 1.86166E-1 1.84509E-1 1.895E-1 2.01378E-1 2.11802E-1 2.2422E-1 2.36883E-1 2.47908E-1 2.64019E-1 2.85708E-1 3.05347E-1 3.32109E-1 3.77924E-1 3.88612E-1 4.10632E-1 4.34413E-1 4.7074E-1 5.16313E-1 5.41063E-1 5.74809E-1 6.09551E-1 6.27013E-1 6.49298E-1 6.34078E-1 5.69575E-1 3.35523E-1 4.56969E-1 3.92786E-1 4.77969E-1 4.96131E-1 6.45178E-1 6.57814E-1 6.47118E-1 5.84235E-1 5.26568E-1 4.73278E-1 4.2103E-1 4.13036E-1 4.11655E-1 4.29377E-1 4.57464E-1 4.82772E-1 4.92459E-1 4.63109E-1 3.58875E-1 2.98671E-1 3.24344E-1 3.75388E-1 3.00642E-1 2.21644E-1 2.02606E-1 1.79117E-1 2.0729E-1 2.69702E-1 2.91328E-1
-9999 1.51466E-1 1.59644E-1 1.64753E-1 1.71449E-1 1.7652E-1 1.84869E-1 1.94959E-1 2.12336E-1 2.22794E-1 2.26393E-1 2.27815E-1 2.31428E-1 2.35061E-1 2.38711E-1 2.41813E-1 2.4916E-1 2.59512E-1 2.72558E-1 2.92178E-1 3.19037E-1 3.56186E-1 4.02938E-1 4.12854E-1 4.43292E-1 4.76355E-1 5.12276E-1 5.44648E-1 5.60362E-1 5.87087E-1 6.15964E-1 6.33301E-1 6.39452E-1 5.80385E-1 3.97418E-1 3.77792E-1 4.5281E-1 3.5949E-1 3.6352E-1 5.21928E-1 6.5352E-1 6.52151E-1 6.48051E-1 5.95005E-1 5.47214E-1 4.70139E-1 3.95839E-1 3.66516E-1 3.89716E-1 4.22765E-1 4.66067E-1 4.9E-1 4.92459E-1 4.34798E-1 3.49573E-1 3.08534E-1 3.24675E-1 3.18968E-1 2.41969E-1 1.92919E-1 2.20673E-1 2.63911E-1 2.95313E-1 3.15466E-1 2.98629E-1
-9999 -9999 1.68692E-1 1.77319E-1 1.82674E-1 1.93092E-1 2.0537E-1 2.23184E-1 2.47084E-1 2.65645E-1 2.84213E-1 2.9186E-1 2.89946E-1 2.7979E-1 2.7979E-1 2.77164E-1 2.71517E-1 2.70687E-1 2.83825E-1 3.01582E-1 3.32109E-1 3.72612E-1 4.02577E-1 4.35343E-1 4.69127E-1 5.04759E-1 5.37487E-1 5.72263E-1 5.82982E-1 5.92892E-1 6.17831E-1 6.30023E-1 6.39188E-1 6.06423E-1 4.85458E-1 4.39265E-1 4.36302E-1 3.51072E-1 4.92849E-1 6.24176E-1 6.57449E-1 6.44518E-1 6.47111E-1 6.25562E-1 5.95258E-1 5.01805E-1 3.66516E-1 3.52626E-1 3.85843E-1 4.18254E-1 4.65607E-1 5.10788E-1 4.85123E-1 3.98985E-1 3.53509E-1 3.42388E-1 3.48387E-1 3.28827E-1 2.10945E-1 1.84362E-1 2.34383E-1 3.27585E-1 3.80741E-1 3.41086E-1 2.73693E-1
-9999 -9999 1.80169E-1 1.90764E-1 2.02904E-1 2.17488E-1 2.30435E-1 2.54708E-1 2.83148E-1 3.19884E-1 3.48233E-1 3.55062E-1 3.43646E-1 3.25595E-1 3.12213E-1 3.01803E-1 3.05286E-1 2.90466E-1 2.81942E-1 3.23531E-1 3.57769E-1 3.94078E-1 4.436E-1 4.65746E-1 5.02331E-1 5.30516E-1 5.59325E-1 5.82082E-1 5.9788E-1 6.02138E-1 6.17489E-1 6.24897E-1 6.33301E-1 6.29721E-1 5.5304E-1 4.35065E-1 3.88695E-1 4.07102E-1 4.9E-1 6.05959E-1 6.49881E-1 6.35573E-1 6.36562E-1 6.28934E-1 5.77416E-1 4.71493E-1 3.63219E-1 3.52047E-1 3.87488E-1 4.19174E-1 4.62171E-1 4.82385E-1 3.87781E-1 3.44503E-1 3.5494E-1 3.58048E-1 3.44351E-1 3.11106E-1 2.14513E-1 1.80545E-1 2.19599E-1 3.28471E-1 3.7969E-1 3.05409E-1 1.58024E-1
-9999 -9999 -9999 2.05988E-1 2.13565E-1 2.35801E-1 2.60408E-1 2.8734E-1 3.16356E-1 3.70438E-1 4.13275E-1 4.28288E-1 4.00736E-1 3.72029E-1 3.29414E-1 2.89294E-1 2.55332E-1 2.43644E-1 2.74431E-1 3.24169E-1 3.66976E-1 4.14922E-1 4.58949E-1 4.86049E-1 5.18757E-1 5.43607E-1 5.56256E-1 5.72263E-1 5.81372E-1 6.03614E-1 6.21477E-1 6.25537E-1 6.29661E-1 6.27646E-1 5.81019E-1 4.68242E-1 4.02724E-1 4.58101E-1 4.87485E-1 5.34077E-1 6.23069E-1 6.42075E-1 6.25392E-1 5.81531E-1 4.62936E-1 4.23328E-1 3.31571E-1 3.42653E-1 4.06729E-1 4.41026E-1 4.385E-1 4.33787E-1 3.82862E-1 3.73069E-1 3.73116E-1 3.38167E-1 3.01034E-1 2.44917E-1 1.92865E-1 1.50293E-1 1.56775E-1 2.63294E-1 3.29389E-1 2.21428E-1 8.33747E-2
-9999 -9999 -9999 -9999 -9999 -9999 -9999 3.16631E-1 3.55479E-1 4.06964E-1 4.47082E-1 4.72778E-1 4.61722E-1 4.27572E-1 3.60742E-1 2.60936E-1 1.77664E-1 2.11373E-1 2.81942E-1 3.4801E-1 4.16714E-1 4.69623E-1 5.07576E-1 5.23919E-1 5.33893E-1 5.47713E-1 5.63324E-1 5.73005E-1 5.85517E-1 6.0176E-1 6.17628E-1 6.23017E-1 6.21743E-1 6.13465E-1 5.92202E-1 5.34425E-1 4.73016E-1 4.73016E-1 4.9128E-1 5.37145E-1 6.05539E-1 6.18525E-1 5.97768E-1 4.8542E-1 2.6418E-1 2.83864E-1 2.65235E-1 2.95042E-1 3.98323E-1 4.14506E-1 3.98323E-1 3.95498E-1 3.7699E-1 3.87781E-1 3.45497E-1 2.72624E-1 2.29438E-1 2.04068E-1 1.6053E-1 1.02457E-1 1.00604E-1 1.79118E-1 2.60021E-1 1.30281E-1 3.53844E-2
-9999 -9999 -9999 -9999 -9999 -9999 -9999 -9999 3.80376E-1 4.16147E-1 4.49845E-1 4.78699E-1 5.07512E-1 4.96026E-1 4.37121E-1 3.35368E-1 2.709E-1 2.9186E-1 3.3602E-1 4.02589E-1 4.74426E-1 5.26421E-1 5.30896E-1 5.33246E-1 5.4568E-1 5.57166E-1 5.71468E-1 5.82255E-1 5.96332E-1 6.07741E-1 6.19599E-1 6.16671E-1 6.00934E-1 5.89503E-1 5.92811E-1 5.74795E-1 5.24954E-1 5.13859E-1 5.19646E-1 5.20973E-1 5.42347E-1 5.70179E-1 5.82398E-1 4.74778E-1 2.91647E-1 2.70118E-1 2.29905E-1 2.49034E-1 3.07404E-1 3.3738E-1 3.63219E-1 3.7699E-1 3.69872E-1 3.69872E-1 2.9346E-1 1.88638E-1 1.54484E-1 1.56032E-1 1.24065E-1 5.88509E-2 3.80861E-2 6.35823E-2 9.51147E-2 5.40924E-2 2.13772E-2
-9999 -9999 -9999 -9999 -9999 -9999 -9999 -9999 -9999 4.28794E-1 4.5327E-1 4.81914E-1 5.13035E-1 5.29615E-1 4.9701E-1 4.48825E-1 4.34134E-1 4.24716E-1 4.20527E-1 4.53757E-1 4.81379E-1 5.10883E-1 5.28769E-1 5.40439E-1 5.59325E-1 5.66673E-1 5.81589E-1 5.90795E-1 5.9502E-1 6.09678E-1 6.15137E-1 6.02252E-1 5.6244E-1 5.46095E-1 5.75792E-1 5.63953E-1 5.07173E-1 4.86608E-1 5.1115E-1 4.94741E-1 4.39289E-1 4.08322E-1 4.83635E-1 4.23661E-1 2.19704E-1 2.26196E-1 2.65921E-1 2.6802E-1 2.72943E-1 3.08619E-1 3.73808E-1 3.83596E-1 3.76367E-1 3.34653E-1 2.30518E-1 1.23745E-1 1.10815E-1 1.2387E-1 9.52723E-2 3.10558E-2 6.59687E-3 1.55963E-2 2.68934E-2 2.36738E-2 1.3807E-2
-9999 -9999 -9999 -9999 -9999 -9999 -9999 -9999 -9999 4.39424E-1 4.5836E-1 4.8351E-1 5.07134E-1 5.20968E-1 5.15161E-1 5.01647E-1 4.90583E-1 4.65057E-1 4.48169E-1 4.61779E-1 4.9356E-1 5.21254E-1 5.49058E-1 5.64975E-1 5.78439E-1 5.85859E-1 5.92413E-1 5.95249E-1 5.84166E-1 6.04885E-1 6.11417E-1 5.89531E-1 5.69589E-1 5.28873E-1 5.32358E-1 5.15424E-1 4.63454E-1 4.30895E-1 4.40943E-1 4.10293E-1 3.36448E-1 3.2109E-1 3.71288E-1 3.42046E-1 2.66478E-1 2.90802E-1 3.06044E-1 3.09358E-1 3.15625E-1 3.42653E-1 4.09245E-1 3.9969E-1 3.27066E-1 2.32737E-1 1.29891E-1 6.89501E-2 7.89326E-2 1.11623E-1 1.05414E-1 4.51176E-2 1.0911E-2 8.23065E-3 1.14708E-2 1.06425E-2 5.09283E-3
-9999 -9999 -9999 -9999 -9999 -9999 -9999 -9999 -9999 -9999 -9999 4.8133E-1 4.92305E-1 5.05105E-1 5.01428E-1 4.96899E-1 4.86868E-1 4.69064E-1 4.66273E-1 4.80559E-1 5.07576E-1 5.38215E-1 5.77403E-1 5.9634E-1 6.03755E-1 6.03755E-1 6.05442E-1 6.00328E-1 5.92522E-1 6.10551E-1 6.01373E-1 5.49959E-1 5.55796E-1 5.41742E-1 4.77362E-1 4.41904E-1 4.69143E-1 4.40705E-1 4.10319E-1 3.59625E-1 2.99263E-1 3.15326E-1 3.83012E-1 4.45053E-1 4.51338E-1 4.43315E-1 3.82282E-1 3.33385E-1 3.35383E-1 3.57046E-1 4.19155E-1 4.00463E-1 2.8749E-1 1.82789E-1 9.45353E-2 6.04291E-2 6.71762E-2 8.77632E-2 9.42016E-2 6.28947E-2 3.07952E-2 1.65422E-2 1.06425E-2 4.73649E-3 2.59649E-3
-9999 -9999 -9999 -9999 -9999 -9999 -9999 -9999 -9999 -9999 -9999 -9999 -9999 4.99926E-1 4.97588E-1 4.9909E-1 4.99579E-1 -9999 -9999 5.26259E-1 5.29186E-1 5.49514E-1 6.00753E-1 6.15233E-1 6.20077E-1 6.174E-1 6.12359E-1 5.98294E-1 6.02569E-1 6.1395E-1 5.98874E-1 5.22137E-1 5.48959E-1 5.15359E-1 3.87246E-1 3.3253E-1 4.49906E-1 4.6084E-1 3.945E-1 3.0794E-1 2.09007E-1 2.19858E-1 3.58129E-1 4.81089E-1 5.10433E-1 5.11903E-1 4.2569E-1 3.58591E-1 3.37084E-1 3.35371E-1 3.69242E-1 3.61491E-1 2.57886E-1 1.72673E-1 1.15155E-1 7.47596E-2 7.46182E-2 1.01804E-1 1.24737E-1 9.71054E-2 5.90348E-2 4.11779E-2 2.28873E-2 1.03112E-2 5.87634E-3
-9999 -9999 -9999 -9999 -9999 -9999 -9999 -9999 -9999 -9999 -9999 -9999 -9999 5.101E-1 5.13035E-1 -9999 -9999 5.80372E-1 5.86251E-1 5.84399E-1 5.86414E-1 5.70423E-1 6.19867E-1 6.32919E-1 6.32073E-1 6.31926E-1 6.18905E-1 6.03462E-1 6.07655E-1 6.18404E-1 6.10888E-1 5.92545E-1 5.78626E-1 5.12873E-1 3.80234E-1 3.23199E-1 4.20644E-1 4.13599E-1 3.30227E-1 2.04314E-1 1.10753E-1 1.21949E-1 2.44917E-1 3.81677E-1 4.61244E-1 4.86239E-1 4.56313E-1 3.97766E-1 3.55354E-1 3.27503E-1 3.0146E-1 2.75508E-1 2.15782E-1 1.70862E-1 1.90771E-1 1.80148E-1 1.55222E-1 1.61565E-1 1.25703E-1 8.85467E-2 5.30245E-2 3.1233E-2 1.64447E-2 9.97782E-3 5.20108E-3
-9999 -9999 -9999 -9999 -9999 -9999 -9999 -9999 -9999 -9999 -9999 5.00108E-1 5.01647E-1 5.07512E-1 5.60527E-1 5.79367E-1 6.07839E-1 6.15437E-1 6.17569E-1 6.12877E-1 6.07566E-1 6.20749E-1 6.38278E-1 6.39345E-1 6.45337E-1 6.44469E-1 6.319E-1 6.15964E-1 6.1244E-1 6.18263E-1 6.15626E-1 6.11916E-1 5.92018E-1 5.44882E-1 4.42885E-1 3.94477E-1 3.71051E-1 3.32103E-1 2.10585E-1 8.90634E-2 4.67371E-2 5.88911E-2 1.38733E-1 3.11196E-1 4.38451E-1 4.99426E-1 5.20583E-1 5.11338E-1 4.89066E-1 4.36183E-1 3.25061E-1 2.5591E-1 1.9988E-1 3.3046E-1 3.78908E-1 3.43522E-1 2.68439E-1 1.73435E-1 1.09385E-1 5.92459E-2 3.3153E-2 1.56508E-2 7.93264E-3 5.70719E-3 7.40677E-3
-9999 -9999 -9999 -9999 -9999 -9999 -9999 -9999 -9999 -9999 -9999 5.1369E-1 5.19642E-1 5.26652E-1 5.51922E-1 6.07185E-1 6.42287E-1 6.49977E-1 6.50586E-1 6.40403E-1 6.28727E-1 6.42373E-1 6.37632E-1 6.35658E-1 6.49395E-1 6.51725E-1 6.3891E-1 6.28231E-1 6.24632E-1 6.16245E-1 6.1412E-1 6.15821E-1 6.03256E-1 5.66035E-1 4.80926E-1 3.5487E-1 1.68699E-1 1.62515E-1 1.14806E-1 4.94582E-2 3.63363E-2 4.30851E-2 1.12062E-1 2.87752E-1 4.36811E-1 5.22656E-1 5.59323E-1 5.60486E-1 5.47048E-1 5.54089E-1 5.15849E-1 4.66894E-1 4.54125E-1 4.63797E-1 4.375E-1 3.89867E-1 3.06307E-1 1.95345E-1 8.6803E-2 2.23887E-2 9.04823E-3 5.12095E-3 5.07661E-3 7.62681E-3 1.31804E-2
-9999 -9999 -9999 -9999 -9999 -9999 -9999 -9999 -9999 -9999 -9999 -9999 5.40533E-1 5.52211E-1 5.74729E-1 6.32159E-1 6.57251E-1 6.59507E-1 6.60513E-1 6.57891E-1 6.50486E-1 6.51211E-1 6.47174E-1 6.45162E-1 6.51384E-1 6.53068E-1 6.44074E-1 6.34357E-1 6.26343E-1 6.16602E-1 6.13958E-1 6.1412E-1 6.1032E-1 5.69285E-1 4.91939E-1 3.74571E-1 1.62775E-1 1.02478E-1 7.92838E-2 5.71035E-2 6.02966E-2 7.05256E-2 1.53211E-1 3.11343E-1 4.70068E-1 5.55047E-1 5.88266E-1 5.94997E-1 5.88217E-1 5.84947E-1 5.47548E-1 5.07884E-1 4.80658E-1 4.43944E-1 4.09707E-1 3.71411E-1 2.73993E-1 1.70448E-1 5.87489E-2 6.03625E-3 1.105E-3 1.26613E-3 3.56541E-3 9.48934E-3 2.78447E-2
-9999 -9999 -9999 -9999 -9999 -9999 -9999 -9999 -9999 -9999 -9999 -9999 -9999 5.88469E-1 6.18855E-1 6.49407E-1 6.59289E-1 6.53873E-1 6.52992E-1 6.554E-1 6.55001E-1 6.51725E-1 6.49465E-1 6.49766E-1 6.48731E-1 6.47457E-1 6.38356E-1 6.30664E-1 6.19419E-1 6.13554E-1 6.15045E-1 6.18898E-1 -9999 5.79007E-1 4.86394E-1 4.01084E-1 2.09153E-1 9.64767E-2 5.84566E-2 5.71035E-2 6.61731E-2 8.74875E-2 2.06832E-1 3.88877E-1 4.55947E-1 5.227E-1 6.17808E-1 6.2885E-1 6.25434E-1 6.03888E-1 5.77416E-1 5.52277E-1 5.07029E-1 4.15591E-1 3.42046E-1 2.97357E-1 2.21787E-1 1.20989E-1 2.75085E-2 2.30559E-3 4.18479E-4 7.63809E-4 5.92381E-3 3.4921E-2 5.28645E-2
-9999 -9999 -9999 -9999 -9999 -9999 -9999 -9999 -9999 -9999 -9999 -9999 -9999 -9999 6.46716E-1 6.56278E-1 6.42976E-1 6.38422E-1 6.38935E-1 6.39364E-1 6.4016E-1 6.46225E-1 6.50949E-1 6.51552E-1 6.51236E-1 6.49355E-1 6.42791E-1 6.3453E-1 6.28551E-1 6.26769E-1 6.26063E-1 6.2281E-1 -9999 5.79701E-1 4.96501E-1 3.86632E-1 2.11223E-1 5.86182E-2 1.39611E-2 1.12206E-2 2.07955E-2 5.72597E-2 1.65398E-1 4.00627E-1 5.45896E-1 5.99253E-1 6.17014E-1 6.17014E-1 6.08198E-1 5.90441E-1 5.64329E-1 5.70764E-1 5.15759E-1 4.35945E-1 3.40558E-1 2.85839E-1 2.27219E-1 9.77048E-2 1.51036E-2 1.31028E-3 9.024E-4 1.56581E-3 8.24874E-3 6.91573E-2 1.41474E-1
-9999 -9999 -9999 -9999 -9999 -9999 -9999 -9999 -9999 -9999 -9999 -9999 -9999 -9999 -9999 6.51471E-1 6.36695E-1 6.25798E-1 6.19709E-1 5.96829E-1 5.50948E-1 5.96274E-1 6.45679E-1 6.56309E-1 6.49634E-1 6.49079E-1 6.45395E-1 6.44949E-1 6.43421E-1 6.40026E-1 6.32332E-1 6.21321E-1 6.08688E-1 5.5275E-1 4.51869E-1 3.23527E-1 1.07414E-1 1.53455E-2 2.54666E-3 2.21291E-3 1.04145E-2 7.64988E-2 2.88979E-1 5.02246E-1 5.84598E-1 6.1833E-1 6.30544E-1 6.17542E-1 5.90686E-1 5.53683E-1 4.97988E-1 5.06221E-1 4.26614E-1 3.65194E-1 3.03677E-1 2.83694E-1 2.21809E-1 1.09385E-1 2.99988E-2 6.03625E-3 1.44224E-3 1.14929E-4 1.35508E-4 6.58101E-3 1.17148E-1
-9999 -9999 -9999 -9999 -9999 -9999 -9999 -9999 -9999 -9999 -9999 -9999 -9999 -9999 -9999 -9999 6.2707E-1 6.1301E-1 5.90157E-1 5.44546E-1 4.69746E-1 5.47434E-1 6.39941E-1 6.59554E-1 6.51291E-1 6.51405E-1 6.47286E-1 6.45755E-1 6.45367E-1 6.34893E-1 6.19015E-1 6.11938E-1 -9999 4.52339E-1 3.71194E-1 1.46505E-1 1.36838E-2 6.53482E-4 1.20337E-4 2.50999E-4 4.69531E-3 6.52567E-2 3.47055E-1 5.83367E-1 6.17554E-1 6.15452E-1 6.18883E-1 6.01083E-1 5.88395E-1 5.63555E-1 5.2976E-1 4.32659E-1 3.20203E-1 3.84796E-1 3.50304E-1 3.74081E-1 3.37469E-1 2.42793E-1 1.10753E-1 1.99921E-2 1.72523E-3 3.02563E-5 2.39731E-4 3.54436E-2 2.63177E-1
-9999 -9999 -9999 -9999 -9999 -9999 -9999 -9999 -9999 -9999 -9999 -9999 -9999 -9999 -9999 -9999 -9999 5.95524E-1 5.70487E-1 5.34104E-1 5.40544E-1 5.94622E-1 6.41937E-1 6.60544E-1 6.60289E-1 6.57096E-1 6.55597E-1 6.53163E-1 6.39077E-1 6.16949E-1 5.93651E-1 -9999 -9999 2.1931E-1 9.31758E-2 5.61309E-3 2.83988E-4 1.0719E-5 2.08969E-6 1.87067E-5 1.1095E-3 3.73274E-2 4.23812E-1 6.44898E-1 6.42951E-1 6.27879E-1 6.19027E-1 5.87633E-1 5.75792E-1 5.38354E-1 5.2439E-1 5.23363E-1 5.2103E-1 5.17214E-1 5.17713E-1 4.98146E-1 4.45625E-1 2.32517E-1 1.26041E-1 3.93795E-2 1.55279E-2 5.71461E-2 3.47372E-1 4.63694E-1 4.71431E-1
-9999 -9999 -9999 -9999 -9999 -9999 -9999 -9999 -9999 -9999 -9999 -9999 -9999 -9999 -9999 -9999 -9999 -9999 5.67033E-1 5.80716E-1 6.11611E-1 6.31097E-1 6.42993E-1 6.60209E-1 6.61437E-1 6.5313E-1 6.47927E-1 6.45337E-1 6.28911E-1 6.0106E-1 5.72602E-1 -9999 -9999 5.43981E-2 5.27268E-3 1.15497E-4 8.10898E-6 3.94501E-7 1.6703E-8 2.07172E-7 1.21338E-4 5.23233E-2 5.64473E-1 6.6179E-1 6.45646E-1 6.35117E-1 6.32835E-1 6.13265E-1 5.97443E-1 5.5768E-1 5.27696E-1 5.26511E-1 5.49959E-1 5.58679E-1 5.81667E-1 5.55175E-1 4.93382E-1 5.07356E-1 5.27763E-1 5.20482E-1 5.28984E-1 5.4717E-1 5.43922E-1 5.19229E-1 4.97556E-1
-9999 -9999 -9999 -9999 -9999 -9999 -9999 -9999 -9999 -9999 -9999 -9999 -9999 -9999 -9999 -9999 -9999 -9999 -9999 6.00166E-1 6.46187E-1 6.43939E-1 6.28579E-1 6.49477E-1 6.54993E-1 6.49355E-1 6.46862E-1 6.42462E-1 -9999 -9999 -9999 -9999 -9999 -9999 2.1071E-4 4.58059E-7 2.14233E-9 3.0506E-10 1.47597E-11 5.12536E-10 8.53195E-6 9.68216E-2 6.25313E-1 6.55859E-1 6.34313E-1 6.36311E-1 6.35723E-1 6.19505E-1 5.95153E-1 5.64917E-1 5.15424E-1 4.86121E-1 5.06278E-1 5.33758E-1 5.69589E-1 5.79007E-1 5.7468E-1 5.82404E-1 5.93608E-1 5.79007E-1 5.70079E-1 5.70865E-1 5.42796E-1 5.0781E-1 4.56763E-1
