KUENM/Final_Models/M_0.1_F_lq_Set_2_E/sp1_3.asc
ncols         197
nrows         210
xllcorner     56.1666666666667
yllcorner     4.5
cellsize      0.166666666666667
NODATA_value  -9999
[rows 28 to 55 of 210, columns 65 to 129 of 197]
9.3513E-7 4.53008E-7 1.52989E-7 3.57819E-7 1.28364E-6 3.37045E-6 6.88414E-7 3.78179E-7 3.58478E-6 8.47594E-6 2.51319E-6 4.11975E-7 5.86768E-3 1.12694E-2 2.7259E-3 4.19894E-2 3.65957E-2 6.53226E-3 1.11778E-1 1.48524E-1 5.29241E-2 8.86873E-4 2.45134E-3 9.75403E-2 1.99996E-1 4.62004E-2 2.24756E-1 1.95542E-1 1.55082E-1 2.59786E-2 5.18055E-2 4.00506E-2 7.07463E-3 7.7589E-4 3.77814E-3 3.17773E-3 8.79962E-4 8.7539E-5 2.46818E-5 1.35166E-4 5.5255E-7 9.63906E-6 1.10327E-4 1.29243E-4 1.15783E-4 1.8726E-5 9.18837E-6 9.59276E-7 2.10278E-7 2.67933E-8 3.4676E-9 9.43321E-10 2.22939E-9 1.48937E-10 7.05706E-9 1.71453E-7 6.56249E-11 7.05388E-12 5.56488E-12 6.51928E-10 1.35696E-9 1.63205E-9 4.72429E-11 2.78255E-9 3.23745E-14
7.64333E-8 8.95807E-8 1.793E-7 7.12542E-8 1.15398E-7 3.97827E-8 2.71908E-7 1.12684E-6 2.33146E-7 2.07348E-7 9.87365E-7 4.90654E-5 3.63457E-3 6.69612E-3 6.40797E-3 3.1679E-2 8.50478E-2 1.17265E-1 1.5003E-1 1.54964E-1 1.88538E-1 2.0662E-1 2.40831E-1 2.3619E-1 1.01968E-1 3.1767E-1 3.55468E-1 1.93801E-1 2.37671E-1 2.73982E-1 2.4462E-1 2.82766E-2 3.09138E-2 5.37675E-3 5.27618E-3 1.79906E-4 3.0364E-4 3.84373E-4 4.64752E-4 7.04015E-5 4.66391E-5 5.49044E-4 2.40948E-4 1.93448E-3 5.81597E-4 1.11848E-5 6.6332E-6 5.8124E-6 1.97399E-6 8.95541E-8 1.12448E-9 2.32002E-9 2.54383E-9 2.09232E-8 4.22562E-7 3.58416E-8 9.49905E-8 4.18377E-8 9.70271E-12 1.70421E-12 2.09676E-12 1.22761E-11 8.70213E-9 2.65684E-7 9.87693E-12
6.40632E-7 2.30041E-7 6.70504E-7 1.18671E-6 2.99947E-6 3.81482E-6 1.92263E-6 2.34729E-6 1.81924E-6 1.7788E-5 2.09691E-4 3.62331E-4 2.13267E-3 3.31738E-3 2.33223E-3 3.38245E-3 2.37551E-2 6.03233E-2 1.45671E-1 1.6005E-1 1.01751E-1 1.2536E-1 1.98716E-1 2.54534E-1 2.82805E-1 3.34507E-1 3.67812E-1 3.91454E-1 4.73519E-1 4.8032E-1 4.45349E-1 2.58171E-1 1.12037E-1 5.38844E-2 9.67926E-3 6.87275E-4 4.47341E-5 3.56417E-6 3.67818E-5 1.18743E-3 4.67215E-3 8.85391E-5 8.61009E-4 1.50104E-2 4.62097E-3 6.72457E-3 8.30685E-5 6.56235E-7 1.78482E-7 5.39869E-8 2.8219E-9 1.26985E-8 3.16165E-8 2.32284E-8 3.51834E-8 4.20874E-8 2.64975E-8 6.55863E-8 1.01723E-7 2.89339E-10 6.48091E-12 8.57378E-13 2.75748E-12 5.94797E-12 1.10568E-8
4.64352E-7 1.74823E-6 2.09711E-6 5.11124E-7 4.97809E-7 2.83807E-6 5.38404E-6 1.81948E-5 1.80448E-5 3.01953E-5 9.91111E-5 3.64738E-4 2.00066E-3 1.5165E-3 8.00093E-5 9.21212E-5 5.14117E-3 2.24848E-2 1.20808E-1 1.93394E-1 1.86964E-1 1.65443E-1 1.64566E-1 2.22692E-1 2.85026E-1 3.32649E-1 3.83967E-1 4.40705E-1 4.94992E-1 5.17591E-1 5.2091E-1 5.10842E-1 4.24142E-1 1.89483E-1 1.82688E-2 1.1807E-2 1.92456E-4 1.26315E-4 1.70811E-4 8.71067E-3 1.98584E-3 8.65323E-5 1.72145E-5 2.56031E-3 1.97594E-2 2.97493E-2 5.32981E-3 1.77829E-4 4.85198E-6 1.02285E-6 7.94752E-8 4.11584E-9 2.26531E-10 2.11343E-8 1.78793E-9 6.22453E-10 4.50346E-10 1.46655E-9 6.968E-9 4.0781E-8 4.76698E-8 1.65244E-7 1.92354E-9 1.69961E-10 5.30816E-11
2.11173E-6 4.63163E-6 7.99624E-7 6.63236E-7 6.90083E-7 2.94427E-6 7.37235E-6 8.31531E-6 3.9353E-5 1.40603E-4 3.91671E-4 8.63476E-4 1.83502E-3 9.41201E-4 8.47692E-6 6.84012E-5 5.16918E-5 1.90758E-6 5.94401E-5 4.88893E-3 3.68422E-2 1.34672E-1 2.32294E-1 2.2877E-1 2.55837E-1 2.9584E-1 3.64563E-1 3.99031E-1 4.75995E-1 5.18923E-1 5.27035E-1 5.2075E-1 5.24234E-1 4.98796E-1 2.63787E-1 2.03061E-1 2.41736E-3 7.81735E-4 1.68184E-4 5.53633E-2 1.93982E-2 2.61055E-3 2.79904E-3 1.03907E-4 8.81135E-4 1.85466E-2 2.94298E-2 5.52335E-3 2.17747E-5 2.78641E-6 2.89668E-7 5.53383E-8 4.92396E-10 1.32413E-8 2.47465E-11 8.18954E-11 3.41795E-11 1.64505E-11 6.4621E-12 1.01283E-9 2.2936E-10 3.18912E-8 2.12538E-8 1.60775E-6 5.81066E-9
8.63973E-6 3.69908E-6 5.65212E-7 3.80352E-7 3.01687E-7 1.81221E-6 2.16634E-6 4.23208E-6 2.41933E-5 8.65364E-5 2.74217E-4 1.11858E-3 1.284E-3 3.00763E-4 2.42659E-5 2.92731E-4 1.86748E-3 9.01037E-3 1.39505E-2 7.99864E-4 9.555E-5 4.48391E-4 9.12814E-3 8.19721E-2 2.30676E-1 3.23193E-1 4.05157E-1 4.18096E-1 4.61663E-1 4.51045E-1 4.64216E-1 5.16901E-1 5.36052E-1 5.08187E-1 3.52351E-1 2.08608E-1 1.05261E-2 8.47159E-3 8.72615E-3 8.20825E-2 1.11593E-1 8.30739E-3 3.81117E-3 9.24573E-5 9.22744E-7 1.75746E-4 6.79426E-3 3.19691E-2 6.92706E-3 1.82E-4 7.39541E-7 1.15252E-6 1.70154E-8 7.78557E-10 3.06621E-10 5.99167E-11 4.58186E-11 6.81468E-11 3.00003E-10 1.73276E-9 1.77756E-8 4.80442E-8 5.2753E-10 3.80769E-10 5.13191E-7
1.27238E-6 2.19582E-7 9.04312E-7 1.45629E-7 8.49031E-7 1.698E-6 2.21227E-6 3.71958E-5 1.17185E-4 1.09438E-4 7.89784E-5 3.28753E-4 1.68031E-4 1.4552E-4 4.52314E-4 6.58399E-4 9.46902E-3 2.18137E-2 7.25577E-2 1.37257E-1 7.08707E-2 1.36412E-2 2.38815E-2 3.7359E-2 1.70964E-1 2.87492E-1 3.65697E-1 4.35405E-1 3.69661E-1 4.30435E-1 4.95062E-1 5.03985E-1 5.22259E-1 5.09958E-1 4.2472E-1 1.68582E-1 5.06849E-2 3.96367E-2 6.73404E-2 1.35528E-1 1.10872E-1 1.94464E-1 1.79046E-1 2.15153E-2 4.78731E-6 1.3633E-6 1.73371E-4 6.68126E-3 3.34562E-2 8.19392E-3 2.23207E-5 6.37533E-6 2.18912E-6 1.82968E-7 2.58586E-10 1.86068E-11 4.25783E-10 2.27726E-10 7.66003E-10 1.55694E-8 2.49329E-11 9.17063E-10 9.92458E-11 7.48918E-12 7.63247E-9
4.23899E-7 2.58308E-6 6.73974E-7 9.74913E-8 1.75078E-6 2.5861E-6 9.13809E-6 5.42212E-5 3.2724E-4 2.36965E-4 1.74285E-4 2.24838E-4 5.91794E-4 8.17601E-4 2.95992E-4 2.06451E-4 1.11197E-2 9.60045E-2 1.53502E-1 2.25704E-1 1.96579E-1 1.06332E-1 1.78408E-1 2.20398E-1 3.72514E-1 4.43552E-1 5.03689E-1 4.76111E-1 4.68892E-1 5.03927E-1 5.0482E-1 4.95088E-1 5.01757E-1 5.00496E-1 4.4391E-1 2.67826E-1 1.34679E-1 1.09283E-1 8.20666E-2 8.32141E-2 1.44844E-1 2.15904E-1 2.39651E-1 8.41951E-2 4.84573E-4 5.13198E-7 3.77058E-6 1.28951E-4 6.43419E-4 6.07972E-4 3.34739E-5 6.67169E-6 6.65485E-5 1.5457E-6 1.24945E-8 8.78815E-10 1.26886E-10 1.35596E-10 3.82557E-9 2.75632E-8 1.31127E-9 4.79909E-11 4.81558E-10 1.14281E-11 1.50664E-10
3.38449E-6 1.43665E-6 1.92281E-6 5.32295E-7 1.35678E-6 9.86048E-7 2.14419E-5 2.06604E-4 6.18445E-4 7.5364E-4 5.45476E-4 1.17545E-3 1.31503E-3 2.0336E-4 1.79658E-3 3.13241E-3 4.66231E-2 1.43677E-1 2.08348E-1 2.30817E-1 2.63997E-1 2.98833E-1 3.41089E-1 3.68574E-1 4.24897E-1 4.94992E-1 5.34811E-1 5.28398E-1 5.13263E-1 5.11387E-1 5.11155E-1 5.07784E-1 5.18438E-1 5.09675E-1 4.86691E-1 4.37663E-1 3.17346E-1 2.62399E-1 2.08319E-1 1.15353E-1 6.58029E-2 1.15634E-1 2.36526E-1 1.96626E-1 5.89916E-2 1.91186E-4 5.8472E-4 3.91361E-5 1.39168E-5 8.50556E-5 1.02623E-5 1.58031E-4 1.18195E-3 2.15981E-4 4.78321E-7 6.29422E-7 1.0325E-7 6.98928E-11 7.17277E-11 2.08376E-8 5.83321E-11 5.6802E-10 1.3187E-10 1.36387E-10 6.41483E-11
1.72004E-6 1.12583E-6 5.47245E-6 4.95473E-6 6.63253E-6 4.94877E-5 2.21189E-4 4.8863E-4 7.2008E-4 6.59298E-4 1.01114E-3 1.1874E-3 3.97344E-4 1.39724E-4 1.99568E-3 1.59325E-2 8.37716E-2 1.37015E-1 1.62292E-1 2.53959E-1 2.95433E-1 3.24864E-1 3.60881E-1 4.21927E-1 4.61559E-1 4.85732E-1 4.99531E-1 5.03682E-1 5.10356E-1 5.04859E-1 5.07607E-1 5.17852E-1 5.23497E-1 5.3792E-1 5.52097E-1 5.16913E-1 4.6004E-1 4.31855E-1 3.69823E-1 1.7309E-1 6.59908E-2 7.32669E-2 2.11581E-1 2.17126E-1 1.79472E-1 7.6561E-2 1.93047E-2 1.82502E-3 1.27599E-3 6.25823E-4 4.736E-5 4.49049E-5 4.16687E-4 6.54519E-5 2.67062E-5 1.94023E-5 2.56424E-8 3.12312E-9 5.00967E-11 3.28311E-10 1.69222E-9 1.37198E-9 2.34563E-9 8.99903E-10 5.41607E-10
2.89087E-6 4.90838E-6 2.47237E-5 1.86266E-5 4.75828E-5 1.72363E-4 3.87729E-4 5.29292E-4 3.55805E-4 3.30196E-4 8.93332E-4 7.73261E-4 2.93987E-4 5.89368E-4 1.62191E-3 6.01795E-3 2.49461E-2 1.17084E-1 2.23434E-1 2.91473E-1 3.04861E-1 3.28508E-1 3.63908E-1 4.05668E-1 4.52672E-1 4.19628E-1 4.21609E-1 4.8307E-1 5.02188E-1 5.02993E-1 5.10455E-1 5.10504E-1 5.21001E-1 5.31723E-1 5.41479E-1 5.31906E-1 5.22008E-1 5.0098E-1 4.43102E-1 3.03153E-1 1.60076E-1 8.97193E-2 1.40233E-1 1.28452E-1 5.94145E-2 3.63613E-2 2.49481E-3 2.59486E-3 1.13569E-3 1.82465E-4 1.40486E-4 1.96411E-4 7.05239E-5 3.51942E-5 2.26187E-5 4.55311E-6 3.16461E-5 6.75707E-8 1.82248E-9 5.05868E-11 1.03952E-10 6.51081E-10 3.06621E-10 1.09571E-9 2.79143E-10
1.0273E-5 1.12344E-4 3.01434E-5 5.41847E-5 1.34626E-4 2.85998E-4 4.30212E-4 3.75373E-4 4.4672E-4 9.49165E-4 6.03649E-4 3.69355E-4 8.63685E-4 2.41627E-3 1.08034E-2 3.16427E-2 7.95431E-2 1.22375E-1 2.4744E-1 2.99976E-1 3.09055E-1 3.10126E-1 3.37446E-1 3.88041E-1 4.28704E-1 4.4865E-1 4.60759E-1 4.76892E-1 4.8691E-1 4.86205E-1 4.91779E-1 4.86418E-1 4.91914E-1 4.97128E-1 5.00509E-1 5.23049E-1 5.4601E-1 5.60504E-1 5.33185E-1 4.53833E-1 3.41534E-1 2.31063E-1 1.57579E-1 1.01781E-1 3.1731E-2 3.77506E-3 2.05201E-4 3.96564E-5 1.52426E-6 6.33229E-6 1.27628E-5 5.88199E-6 7.05162E-6 6.66056E-6 7.99981E-6 3.16572E-5 2.24886E-5 4.73135E-7 8.85009E-9 6.54689E-9 1.21114E-10 1.04826E-10 4.23415E-10 3.43335E-9 3.36313E-10
7.81309E-5 2.92935E-4 1.62905E-4 2.91003E-4 4.22104E-4 4.27564E-4 5.75581E-4 6.9808E-4 1.01241E-3 9.26315E-4 3.09839E-4 8.87619E-4 1.15792E-3 5.23443E-3 3.34476E-3 6.3726E-3 4.4203E-3 4.11849E-2 1.59998E-1 2.7217E-1 3.06801E-1 2.97134E-1 3.22337E-1 3.56383E-1 3.9832E-1 4.05183E-1 4.27756E-1 4.52189E-1 4.5486E-1 4.69106E-1 4.66156E-1 4.55221E-1 4.45461E-1 4.4233E-1 4.44001E-1 4.68907E-1 5.08349E-1 5.7222E-1 5.86615E-1 5.63556E-1 5.00427E-1 4.36516E-1 3.50551E-1 2.24663E-1 8.73808E-2 1.89593E-2 2.47415E-3 1.9731E-4 1.68738E-6 1.57051E-8 1.2027E-6 1.81697E-7 5.57357E-8 1.15328E-9 7.46722E-11 2.28158E-7 9.23028E-6 1.77373E-6 1.42812E-6 4.54187E-9 4.45517E-9 1.64717E-8 2.79452E-10 1.21114E-10 3.88431E-10
7.90045E-4 3.28809E-4 6.25467E-4 5.4241E-4 4.43043E-4 7.15118E-4 8.85119E-4 9.89485E-4 1.0611E-3 8.37998E-4 1.45535E-3 3.96273E-3 2.27929E-3 4.50505E-3 1.46238E-3 1.90439E-3 1.05465E-2 5.93428E-2 1.49766E-1 2.04405E-1 2.98647E-1 2.94151E-1 3.0392E-1 3.3363E-1 3.58705E-1 3.82348E-1 4.02926E-1 4.17594E-1 4.33704E-1 4.16029E-1 3.94415E-1 3.90166E-1 4.38825E-1 4.67363E-1 4.89474E-1 5.02188E-1 5.37645E-1 5.74013E-1 5.96644E-1 6.01474E-1 5.95008E-1 5.73637E-1 5.38094E-1 4.49729E-1 3.05244E-1 2.47559E-1 8.85633E-2 1.54826E-2 8.48091E-4 3.19509E-6 1.22888E-8 5.00199E-10 3.05712E-11 2.40764E-14 6.04713E-17 3.42114E-11 6.86096E-6 1.23207E-6 3.37036E-7 2.99036E-6 1.00392E-6 6.35753E-8 3.09341E-10 5.76268E-10 1.66186E-10
5.67501E-4 1.29967E-3 9.80497E-4 3.60144E-4 7.01207E-4 1.01881E-3 1.07006E-3 8.84529E-4 9.71663E-4 1.21531E-3 2.08638E-3 7.51024E-3 6.99255E-3 4.05478E-3 6.44183E-3 2.19957E-2 3.95003E-2 1.23286E-1 2.21977E-1 2.57862E-1 2.47731E-1 2.68364E-1 2.97436E-1 3.23726E-1 3.42455E-1 3.55612E-1 3.5426E-1 3.75184E-1 3.92508E-1 4.12253E-1 4.18583E-1 4.54679E-1 4.82319E-1 4.86198E-1 4.8129E-1 4.70435E-1 4.97041E-1 5.33003E-1 5.65673E-1 5.89823E-1 6.01439E-1 6.05376E-1 6.00352E-1 5.82326E-1 5.26019E-1 5.40173E-1 4.18553E-1 1.91807E-1 5.23003E-2 7.41927E-3 1.83119E-4 4.59135E-7 3.97761E-9 2.74372E-15 1.18566E-19 3.20096E-11 1.41458E-10 1.73526E-6 3.03349E-6 1.54668E-6 5.55529E-6 1.59673E-6 1.53249E-9 1.42903E-8 3.07321E-9
3.31605E-3 1.86947E-3 8.17287E-4 1.17057E-3 1.03225E-3 8.45952E-4 6.56149E-4 7.26613E-4 8.11268E-4 7.07673E-4 1.4899E-3 5.68837E-3 2.07956E-2 1.90442E-2 3.74251E-2 8.22273E-2 9.98752E-2 1.60478E-1 2.1556E-1 2.20365E-1 2.17668E-1 2.34722E-1 2.67257E-1 2.89368E-1 2.96974E-1 2.86756E-1 3.03705E-1 3.21299E-1 3.40757E-1 3.66759E-1 4.00501E-1 4.32592E-1 4.62643E-1 4.71504E-1 4.67469E-1 4.59922E-1 4.65975E-1 4.92532E-1 5.19545E-1 5.52248E-1 5.74522E-1 5.89319E-1 6.01439E-1 6.01821E-1 5.91341E-1 5.80928E-1 5.43936E-1 4.33272E-1 2.82421E-1 1.02994E-1 1.4349E-2 2.91438E-4 3.0349E-7 1.48953E-11 1.67658E-22 1.32754E-25 9.23281E-10 1.42099E-6 6.85801E-6 1.1946E-6 3.12773E-6 5.73565E-6 8.30282E-8 1.05894E-8 1.56797E-10
3.49793E-3 1.10695E-3 1.45529E-3 1.07603E-3 7.18519E-4 6.00358E-4 6.66616E-4 1.10044E-3 1.14768E-3 1.99888E-3 3.53513E-3 2.80157E-3 2.62297E-2 5.03741E-2 7.43121E-2 1.10341E-1 1.52393E-1 1.73191E-1 1.93285E-1 1.92664E-1 2.01905E-1 2.10923E-1 2.25659E-1 2.32844E-1 2.33155E-1 2.42279E-1 2.53734E-1 2.67248E-1 2.84798E-1 3.10322E-1 3.47494E-1 3.85679E-1 4.29485E-1 4.55741E-1 4.61446E-1 4.37819E-1 4.31254E-1 4.49415E-1 4.69542E-1 5.00093E-1 5.36778E-1 5.70365E-1 5.97859E-1 6.01889E-1 5.97115E-1 5.91998E-1 5.75036E-1 5.38253E-1 4.40767E-1 2.65026E-1 8.80377E-2 1.20647E-2 7.43294E-5 1.06017E-8 1.21399E-13 4.18357E-24 1.64752E-29 6.16324E-21 3.8178E-11 6.73831E-7 8.05715E-9 1.25945E-6 4.10024E-6 1.18562E-8 2.99767E-10
2.10426E-3 1.60354E-3 1.21531E-3 1.94955E-3 1.30227E-3 1.12525E-3 1.33162E-3 1.73272E-3 2.73306E-3 3.54973E-3 6.37781E-3 6.20159E-3 1.59519E-2 5.7718E-2 9.11547E-2 1.06209E-1 1.32395E-1 1.12941E-1 1.91229E-1 1.77283E-1 1.86156E-1 1.96671E-1 2.05493E-1 2.01905E-1 2.01905E-1 2.03696E-1 2.07087E-1 2.20092E-1 2.36931E-1 2.55656E-1 2.92639E-1 3.39715E-1 3.78941E-1 4.07442E-1 4.14392E-1 3.9871E-1 3.98594E-1 4.02149E-1 4.28112E-1 4.60759E-1 5.06732E-1 5.56978E-1 5.9368E-1 6.04552E-1 6.01054E-1 5.91998E-1 5.74481E-1 5.52085E-1 4.97796E-1 3.9384E-1 2.30111E-1 8.29458E-2 2.14405E-3 7.83324E-7 3.23676E-12 1.52201E-13 7.38546E-21 7.98681E-19 1.0442E-14 8.8324E-12 2.8821E-10 4.34328E-9 3.45572E-6 2.12775E-7 1.52347E-8
1.5734E-3 2.5575E-3 4.46142E-3 2.10738E-3 2.49397E-3 2.35873E-3 2.92242E-3 3.14148E-3 4.23412E-3 5.77438E-3 9.25123E-3 9.88146E-3 2.05851E-2 2.60095E-2 8.21124E-2 1.00369E-1 8.63649E-2 6.5933E-2 1.78719E-1 1.72074E-1 1.69233E-1 1.79293E-1 1.79293E-1 1.77557E-1 1.56303E-1 1.59481E-1 1.67574E-1 1.82654E-1 1.93049E-1 2.10923E-1 2.4799E-1 2.86756E-1 3.291E-1 3.589E-1 3.65227E-1 3.57692E-1 3.54501E-1 3.76422E-1 3.98348E-1 4.33182E-1 4.81873E-1 5.38952E-1 5.86612E-1 6.07626E-1 6.00015E-1 5.86624E-1 5.62494E-1 5.38234E-1 5.21323E-1 4.7007E-1 3.60071E-1 2.356E-1 4.47134E-2 4.0558E-5 1.71492E-11 3.39799E-11 9.38559E-10 5.74061E-12 2.8748E-12 3.64007E-9 2.17504E-9 2.19731E-8 3.13269E-8 1.57785E-6 6.98319E-8
6.11038E-3 5.52777E-3 4.22774E-3 3.45061E-3 3.64909E-3 4.12895E-3 4.18657E-3 4.75683E-3 5.77376E-3 7.44854E-3 1.23387E-2 1.44688E-2 1.77921E-2 3.26988E-2 6.49983E-2 8.81345E-2 3.61149E-2 3.28817E-2 1.62491E-1 1.72863E-1 1.61006E-1 1.59263E-1 1.54618E-1 1.48372E-1 1.34979E-1 1.34979E-1 1.42381E-1 1.5313E-1 1.69233E-1 1.82709E-1 2.07297E-1 2.48363E-1 2.86756E-1 3.23251E-1 3.46558E-1 3.43601E-1 3.44388E-1 3.53905E-1 3.67102E-1 4.03719E-1 4.57621E-1 5.20292E-1 5.77818E-1 6.10087E-1 6.02886E-1 5.89261E-1 5.70569E-1 5.49481E-1 5.50497E-1 5.19976E-1 4.63631E-1 3.70838E-1 1.91232E-1 3.3268E-2 9.48116E-4 1.09478E-4 5.54961E-6 1.8563E-5 6.5332E-7 6.38317E-8 8.60951E-9 1.6011E-9 1.48736E-8 4.81788E-7 1.44051E-6
7.32727E-3 5.91996E-3 4.55451E-3 3.32336E-3 2.84138E-3 3.4134E-3 4.41278E-3 4.57818E-3 7.05315E-3 8.5551E-3 1.0587E-2 9.98587E-3 1.50086E-2 4.22184E-2 8.05481E-2 6.34802E-2 4.1395E-2 5.75693E-2 1.3455E-1 1.68094E-1 1.51477E-1 1.4362E-1 1.40381E-1 1.35918E-1 1.2608E-1 1.23291E-1 1.2608E-1 1.31954E-1 1.42271E-1 1.54618E-1 1.79271E-1 2.07433E-1 2.54132E-1 3.07026E-1 3.41663E-1 3.65725E-1 3.66477E-1 3.53184E-1 3.43601E-1 3.73997E-1 4.24556E-1 4.85244E-1 5.47583E-1 5.8779E-1 5.97999E-1 5.97582E-1 5.90922E-1 5.90221E-1 5.85487E-1 5.62787E-1 5.16354E-1 4.60584E-1 3.88591E-1 2.45693E-1 5.98083E-2 1.85086E-2 2.5456E-3 6.77904E-4 7.07662E-5 3.73011E-7 1.2733E-7 5.61235E-7 1.81116E-6 5.74595E-6 7.43101E-7
5.61316E-3 5.04074E-3 4.00228E-3 3.68672E-3 3.46589E-3 3.7588E-3 4.76143E-3 5.69205E-3 4.83608E-3 6.37781E-3 8.05263E-3 1.23273E-2 2.48914E-2 5.2359E-2 5.60237E-2 4.22156E-2 4.78535E-2 7.29309E-2 1.0976E-1 1.66187E-1 1.46978E-1 1.35639E-1 1.34169E-1 1.25555E-1 1.20299E-1 1.17587E-1 1.10981E-1 1.13594E-1 1.17832E-1 1.2608E-1 1.45143E-1 1.79271E-1 2.27866E-1 2.99634E-1 3.61914E-1 3.92331E-1 3.81928E-1 3.52338E-1 3.31047E-1 3.48488E-1 3.91956E-1 4.3818E-1 4.93826E-1 5.289E-1 5.53542E-1 5.73042E-1 5.85334E-1 5.88192E-1 5.97196E-1 5.95554E-1 5.69404E-1 5.39149E-1 5.46732E-1 4.67607E-1 2.93147E-1 7.85868E-2 3.53329E-2 3.16732E-3 1.63179E-4 5.12847E-6 4.68542E-5 4.86826E-5 1.37468E-6 2.53737E-7 2.09399E-6
2.92739E-3 2.95728E-3 3.25497E-3 2.13965E-3 2.92739E-3 4.12286E-3 5.07552E-3 4.86455E-3 7.05916E-3 1.06006E-2 1.21314E-2 1.25682E-2 3.06269E-2 5.10384E-2 3.79956E-2 4.48251E-2 5.18536E-2 1.05534E-1 1.29338E-1 1.66703E-1 1.43881E-1 1.31259E-1 1.2522E-1 1.23818E-1 1.18312E-1 1.06844E-1 1.04332E-1 1.0186E-1 9.97209E-2 1.03384E-1 1.16246E-1 1.51329E-1 2.03849E-1 2.88116E-1 3.83842E-1 4.19058E-1 3.84825E-1 3.43609E-1 3.24069E-1 3.27989E-1 3.5426E-1 3.95632E-1 4.28001E-1 4.60974E-1 4.84765E-1 5.43298E-1 5.83744E-1 5.90101E-1 5.94752E-1 6.04864E-1 6.0394E-1 5.97102E-1 5.8104E-1 5.11971E-1 3.78541E-1 2.59236E-1 1.23868E-1 2.87976E-2 9.60788E-4 5.03276E-5 3.02956E-5 6.03727E-6 1.49684E-5 7.05713E-7 3.03676E-6
2.74624E-3 3.50085E-3 3.35599E-3 1.22297E-3 4.04411E-3 1.03159E-2 1.78045E-2 1.50022E-2 1.20859E-2 1.41642E-2 2.14027E-2 2.72526E-2 4.23576E-2 3.89357E-2 3.83576E-2 4.11166E-2 7.76277E-2 1.04727E-1 1.10614E-1 1.62261E-1 1.43377E-1 1.2522E-1 1.17502E-1 1.16578E-1 1.08683E-1 1.01526E-1 9.55256E-2 9.09062E-2 8.64473E-2 8.42776E-2 9.35242E-2 1.24441E-1 1.72244E-1 2.5677E-1 3.92241E-1 4.20033E-1 3.62715E-1 3.20846E-1 3.01102E-1 3.04425E-1 3.22107E-1 3.49433E-1 3.6952E-1 3.97971E-1 4.54604E-1 5.42148E-1 5.85562E-1 5.82632E-1 5.86123E-1 5.98983E-1 6.08185E-1 6.06771E-1 5.82064E-1 5.21606E-1 4.61743E-1 3.77879E-1 3.00641E-1 1.18904E-1 1.20647E-2 4.38451E-5 2.46044E-6 2.17134E-6 6.68187E-7 5.80811E-7 1.31853E-7
2.19418E-2 1.3823E-2 4.25644E-3 5.15493E-3 1.24631E-2 1.15827E-2 1.49673E-2 2.27427E-2 2.03527E-2 2.06809E-2 2.55389E-2 2.92288E-2 3.42775E-2 4.17951E-2 5.08703E-2 6.61241E-2 1.01254E-1 1.24021E-1 8.75775E-2 1.65162E-1 1.45726E-1 1.1696E-1 1.07801E-1 1.05715E-1 1.00741E-1 9.59306E-2 9.05439E-2 8.50024E-2 8.07486E-2 7.56529E-2 8.00569E-2 1.14287E-1 1.49296E-1 2.16626E-1 3.02596E-1 3.28361E-1 2.92088E-1 2.70033E-1 2.68074E-1 2.77479E-1 2.87301E-1 3.04425E-1 3.20144E-1 3.50414E-1 4.24556E-1 5.10106E-1 5.47305E-1 5.54166E-1 5.59713E-1 5.82139E-1 6.07477E-1 6.1254E-1 5.98084E-1 5.75139E-1 5.72383E-1 5.05973E-1 4.07322E-1 2.79176E-1 9.52293E-2 1.19854E-3 4.46259E-8 4.9854E-9 3.42627E-9 4.89837E-9 1.19975E-11
2.11679E-2 1.12269E-2 5.73087E-3 1.95146E-3 1.37825E-3 4.4324E-3 1.11086E-2 1.34842E-2 1.41411E-2 1.55542E-2 1.91073E-2 3.03792E-2 4.4737E-2 5.91961E-2 7.378E-2 9.62286E-2 1.27277E-1 1.49442E-1 1.46691E-1 1.65989E-1 1.46347E-1 1.12585E-1 9.78681E-2 9.43121E-2 8.97134E-2 9.08478E-2 8.63707E-2 8.41926E-2 8.14147E-2 7.72876E-2 8.67967E-2 1.03623E-1 1.35308E-1 1.737E-1 2.20358E-1 2.37424E-1 2.33607E-1 2.25986E-1 2.31641E-1 2.45004E-1 2.68074E-1 2.85333E-1 2.95182E-1 3.16217E-1 4.02332E-1 4.75096E-1 5.08795E-1 5.21062E-1 5.23557E-1 5.50822E-1 5.99084E-1 6.17621E-1 6.10026E-1 6.06931E-1 6.11055E-1 5.92028E-1 5.15799E-1 4.17555E-1 2.24328E-1 4.08041E-2 8.72283E-5 6.23932E-11 8.7087E-16 2.91559E-15 5.36059E-17
8.3043E-3 6.33699E-3 5.88863E-3 3.53669E-3 9.99192E-4 1.32419E-3 6.67798E-3 1.5297E-2 2.09134E-2 2.4974E-2 3.59501E-2 5.60277E-2 6.99752E-2 8.0772E-2 9.21361E-2 1.04727E-1 1.22584E-1 1.39265E-1 1.43367E-1 1.78312E-1 1.47832E-1 1.04873E-1 9.152E-2 8.59114E-2 8.48201E-2 8.48201E-2 8.59114E-2 8.81244E-2 8.48201E-2 8.10005E-2 8.79031E-2 9.83155E-2 1.19291E-1 1.41287E-1 1.68364E-1 1.82261E-1 1.82473E-1 1.80897E-1 1.87828E-1 2.12981E-1 2.4693E-1 2.85778E-1 2.99634E-1 3.12951E-1 3.85679E-1 4.64203E-1 4.98854E-1 4.94573E-1 4.62603E-1 4.88752E-1 5.72008E-1 6.14112E-1 6.20919E-1 6.17814E-1 6.20336E-1 6.05766E-1 5.70956E-1 4.99692E-1 2.56899E-1 8.95489E-2 9.3678E-3 1.81606E-5 2.79854E-10 9.57762E-14 2.5088E-13
8.49908E-3 8.77972E-4 1.07578E-2 2.70556E-2 3.41524E-2 1.79931E-2 1.09837E-2 1.97749E-2 3.72433E-2 4.86208E-2 5.57841E-2 7.70048E-2 1.0319E-1 1.07146E-1 1.17513E-1 1.14919E-1 1.07838E-1 1.57097E-1 1.21205E-1 1.83064E-1 1.39169E-1 9.152E-2 7.90409E-2 8.00789E-2 7.90409E-2 8.00789E-2 8.76263E-2 9.10127E-2 8.87449E-2 8.70129E-2 8.74748E-2 9.31472E-2 1.05715E-1 1.21614E-1 1.36406E-1 1.47419E-1 1.52434E-1 1.55609E-1 1.63946E-1 1.89579E-1 2.26032E-1 2.60519E-1 2.72291E-1 2.97652E-1 3.78126E-1 4.60804E-1 4.99072E-1 5.01918E-1 4.4587E-1 4.60804E-1 5.51722E-1 5.94051E-1 6.09818E-1 6.22348E-1 6.1129E-1 6.20909E-1 5.5003E-1 4.72691E-1 3.49174E-1 1.97165E-1 7.12579E-2 9.93824E-3 7.34439E-6 5.59392E-8 4.36854E-10
