KUENM/Final_Models/M_0.1_F_lq_Set_2_E/sp1_9.asc
ncols         197
nrows         210
xllcorner     56.1666666666667
yllcorner     4.5
cellsize      0.166666666666667
NODATA_value  -9999
[rows 56 to 83 of 210, columns 65 to 129 of 197]
8.00901E-5 8.56912E-5 4.30824E-3 7.14659E-2 1.09341E-1 1.40537E-1 5.29938E-2 4.90851E-3 8.72482E-3 5.51052E-2 8.83177E-2 9.77313E-2 9.69531E-2 7.3294E-2 6.25629E-2 2.27929E-2 5.34894E-2 1.00604E-1 5.70644E-2 2.18779E-1 1.93343E-1 1.56163E-1 1.42451E-1 1.45056E-1 1.45468E-1 1.44162E-1 1.53036E-1 1.58491E-1 1.5575E-1 1.48101E-1 1.50761E-1 1.51044E-1 1.64735E-1 1.77714E-1 1.95586E-1 2.00079E-1 2.04426E-1 2.10172E-1 2.26841E-1 2.48513E-1 2.81677E-1 3.03723E-1 3.12122E-1 3.3895E-1 3.9709E-1 4.65141E-1 4.95869E-1 5.05452E-1 4.93416E-1 5.31937E-1 5.54952E-1 5.70695E-1 5.83606E-1 6.0912E-1 5.96782E-1 5.88107E-1 6.21677E-1 5.95638E-1 5.42113E-1 4.58207E-1 3.42882E-1 2.01354E-1 2.0274E-2 2.76466E-3 3.85491E-3
6.42175E-4 3.91482E-3 2.10839E-2 1.37773E-1 2.03809E-1 2.23955E-1 2.23089E-1 8.51057E-2 5.40679E-2 8.76165E-2 1.0913E-1 4.97014E-2 4.77615E-2 3.8582E-2 4.14845E-2 9.79363E-2 9.80964E-2 6.08776E-2 1.66365E-1 2.33105E-1 1.9704E-1 1.66321E-1 1.54389E-1 1.46369E-1 1.4375E-1 1.42451E-1 1.46369E-1 1.45056E-1 1.42451E-1 1.41159E-1 1.39007E-1 1.45468E-1 1.54802E-1 1.68702E-1 1.77605E-1 1.89539E-1 1.93984E-1 1.98291E-1 2.16434E-1 2.41351E-1 2.67762E-1 2.86714E-1 2.98503E-1 3.18772E-1 3.6054E-1 4.15037E-1 4.58026E-1 4.78645E-1 4.87667E-1 5.17823E-1 5.38262E-1 5.30985E-1 5.43277E-1 5.66072E-1 5.82998E-1 5.99285E-1 6.19698E-1 6.21152E-1 5.97896E-1 5.3449E-1 4.35402E-1 2.96435E-1 1.13592E-1 3.31697E-2 2.66722E-2
5.04503E-4 1.40225E-2 1.43629E-1 1.6725E-1 1.79129E-1 1.7493E-1 1.97873E-1 2.09892E-1 1.41299E-1 9.63942E-2 8.67257E-2 7.77613E-2 8.43809E-2 9.76368E-2 1.5232E-1 1.48991E-1 1.61835E-1 1.0114E-1 2.64623E-1 2.38439E-1 2.15205E-1 1.89767E-1 1.66321E-1 1.47688E-1 1.39875E-1 1.37326E-1 1.33557E-1 1.37326E-1 1.36062E-1 1.33557E-1 1.32314E-1 1.37326E-1 1.47688E-1 1.59872E-1 1.74033E-1 1.84717E-1 1.92471E-1 1.98642E-1 2.14085E-1 2.28099E-1 2.40505E-1 2.56984E-1 2.64426E-1 2.87935E-1 3.2356E-1 3.70657E-1 4.10933E-1 4.40008E-1 4.65031E-1 4.92988E-1 5.04212E-1 4.9043E-1 4.69171E-1 4.67796E-1 5.56511E-1 5.94098E-1 6.04498E-1 6.0547E-1 6.17758E-1 5.74424E-1 4.82573E-1 3.8794E-1 2.72752E-1 1.4472E-1 9.71342E-2
6.45499E-4 2.34298E-2 1.30043E-1 1.36648E-1 1.21815E-1 1.25839E-1 1.4154E-1 1.81751E-1 1.85008E-1 1.35802E-1 1.22088E-1 1.24147E-1 1.52205E-1 1.32275E-1 1.55509E-1 1.96612E-1 1.83807E-1 1.94442E-1 2.6148E-1 2.54176E-1 2.37442E-1 2.13067E-1 1.82274E-1 1.50348E-1 1.34279E-1 1.30557E-1 1.31079E-1 1.31079E-1 1.27417E-1 1.269E-1 1.269E-1 1.34279E-1 1.48474E-1 1.62103E-1 1.7348E-1 1.85254E-1 1.94884E-1 1.95512E-1 2.01657E-1 2.01718E-1 2.07812E-1 2.21691E-1 2.36198E-1 2.55982E-1 2.92349E-1 3.33273E-1 3.70663E-1 4.0167E-1 4.37507E-1 4.70199E-1 4.91647E-1 4.86418E-1 4.68812E-1 4.85096E-1 5.717E-1 5.85514E-1 5.40286E-1 5.50445E-1 6.15052E-1 6.04355E-1 5.20427E-1 4.53204E-1 3.93962E-1 2.85462E-1 2.31068E-1
6.92323E-4 4.3686E-3 9.72985E-2 1.09876E-1 1.03647E-1 1.08166E-1 1.19932E-1 1.51723E-1 1.85899E-1 1.8497E-1 1.42818E-1 1.54562E-1 1.64148E-1 1.51812E-1 1.89305E-1 2.01737E-1 2.07663E-1 2.38306E-1 2.61769E-1 2.62661E-1 2.73969E-1 2.45062E-1 1.89767E-1 1.4583E-1 1.29331E-1 1.25695E-1 1.25012E-1 1.27417E-1 1.2382E-1 1.25695E-1 1.29331E-1 1.36149E-1 1.50475E-1 1.61992E-1 1.79239E-1 1.90573E-1 1.98232E-1 1.96416E-1 1.89209E-1 1.78809E-1 1.7615E-1 1.95586E-1 2.20589E-1 2.44808E-1 2.76702E-1 3.1029E-1 3.47933E-1 3.7707E-1 4.12834E-1 4.52705E-1 4.833E-1 5.02869E-1 5.15192E-1 5.29019E-1 5.73763E-1 5.97305E-1 5.81872E-1 5.83699E-1 6.1671E-1 6.20431E-1 5.38293E-1 4.54165E-1 4.59544E-1 3.58809E-1 2.51741E-1
1.85028E-3 3.2257E-3 1.13962E-1 9.61171E-2 9.09624E-2 9.56927E-2 1.01554E-1 1.2008E-1 1.72431E-1 1.67548E-1 1.49622E-1 1.65941E-1 1.54031E-1 1.62391E-1 1.7845E-1 1.96766E-1 2.15577E-1 2.45417E-1 2.37968E-1 2.48418E-1 2.77417E-1 2.50803E-1 1.80793E-1 1.39342E-1 1.23308E-1 1.22125E-1 1.2095E-1 1.24498E-1 1.24498E-1 1.2507E-1 1.29921E-1 1.37919E-1 1.55082E-1 1.69523E-1 1.85676E-1 1.99424E-1 2.0672E-1 2.02892E-1 1.92804E-1 1.7115E-1 1.68702E-1 1.92471E-1 2.14224E-1 2.43386E-1 2.68536E-1 3.0237E-1 3.35062E-1 3.56423E-1 3.86573E-1 4.26838E-1 4.72846E-1 5.22067E-1 5.54847E-1 5.42318E-1 5.68623E-1 6.10179E-1 6.1658E-1 6.17411E-1 6.2702E-1 6.24853E-1 5.9281E-1 5.47561E-1 5.03112E-1 3.93148E-1 2.42068E-1
6.99075E-4 1.39684E-2 1.12305E-1 8.70239E-2 8.44238E-2 8.60967E-2 8.86591E-2 1.04995E-1 1.47422E-1 1.80635E-1 1.98807E-1 2.04468E-1 1.79203E-1 1.78674E-1 1.91934E-1 2.04052E-1 2.03305E-1 2.04541E-1 2.00459E-1 2.07252E-1 2.16263E-1 1.95152E-1 1.6071E-1 1.34279E-1 1.19782E-1 1.16322E-1 1.17468E-1 1.18621E-1 1.21507E-1 1.2507E-1 1.31636E-1 1.4217E-1 1.55508E-1 1.7128E-1 1.89036E-1 2.0134E-1 2.07252E-1 2.07252E-1 1.95818E-1 1.86752E-1 1.9032E-1 2.04541E-1 2.27023E-1 2.50088E-1 2.78893E-1 3.02804E-1 3.26989E-1 3.5048E-1 3.69161E-1 4.07791E-1 4.60135E-1 5.1173E-1 5.45592E-1 5.27912E-1 5.51817E-1 6.03877E-1 6.23579E-1 6.29812E-1 6.33273E-1 6.28257E-1 6.15436E-1 5.78585E-1 5.18823E-1 4.14418E-1 2.89898E-1
2.1581E-2 5.66077E-2 1.05395E-1 8.26197E-2 7.99665E-2 7.90962E-2 8.24592E-2 1.04366E-1 1.33904E-1 1.87306E-1 1.89656E-1 1.95116E-1 1.89402E-1 2.00511E-1 1.96092E-1 1.91647E-1 1.79172E-1 1.6525E-1 1.63838E-1 1.62433E-1 1.57826E-1 1.45167E-1 1.31791E-1 1.19782E-1 1.15183E-1 1.10702E-1 1.12332E-1 1.15717E-1 1.20784E-1 1.25534E-1 1.33253E-1 1.41147E-1 1.53076E-1 1.67154E-1 1.84704E-1 1.9534E-1 2.04471E-1 2.08833E-1 2.11469E-1 2.13946E-1 2.19471E-1 2.31382E-1 2.46612E-1 2.6856E-1 2.85761E-1 3.13417E-1 3.33893E-1 3.52809E-1 3.74922E-1 4.105E-1 4.45019E-1 4.80087E-1 5.1173E-1 5.29797E-1 5.62778E-1 5.99275E-1 6.23884E-1 6.36746E-1 6.34974E-1 6.36396E-1 6.34191E-1 5.96587E-1 5.17451E-1 4.24063E-1 3.41778E-1
7.05231E-3 8.70421E-2 8.67841E-2 8.26197E-2 8.44238E-2 8.08439E-2 8.35182E-2 1.03892E-1 1.51255E-1 1.94564E-1 2.15207E-1 2.06025E-1 1.94331E-1 1.78403E-1 1.74816E-1 1.63337E-1 1.44381E-1 1.29934E-1 1.27488E-1 1.24935E-1 1.21129E-1 1.10112E-1 1.05267E-1 1.01052E-1 1.05267E-1 1.05761E-1 1.07922E-1 1.12755E-1 1.17299E-1 1.23495E-1 1.32265E-1 1.41147E-1 1.546E-1 1.67154E-1 1.77321E-1 1.92313E-1 2.04674E-1 2.12386E-1 2.22719E-1 2.35078E-1 2.51788E-1 2.55867E-1 2.71694E-1 2.88924E-1 3.06498E-1 3.30753E-1 3.52809E-1 3.69849E-1 3.88339E-1 4.24866E-1 4.57033E-1 4.71656E-1 4.96315E-1 5.28635E-1 5.70326E-1 6.04861E-1 6.08051E-1 5.95141E-1 6.17972E-1 6.21723E-1 6.3743E-1 5.9137E-1 5.10192E-1 4.36849E-1 4.02368E-1
1.98956E-2 1.08907E-1 8.88998E-2 8.81173E-2 8.71832E-2 9.00069E-2 1.00915E-1 1.36364E-1 2.07171E-1 2.44232E-1 2.33841E-1 2.04314E-1 1.74288E-1 1.55968E-1 1.43903E-1 1.29934E-1 1.2153E-1 1.11218E-1 1.02535E-1 9.92988E-2 9.60493E-2 9.1817E-2 8.91135E-2 9.39595E-2 9.94566E-2 1.00873E-1 1.06163E-1 1.1196E-1 1.17635E-1 1.24935E-1 1.33512E-1 1.43903E-1 1.53272E-1 1.6719E-1 1.78793E-1 1.92313E-1 2.07828E-1 2.23672E-1 2.36426E-1 2.61082E-1 2.79999E-1 2.86073E-1 2.9368E-1 3.09778E-1 3.30838E-1 3.60061E-1 3.83327E-1 4.03211E-1 4.20113E-1 4.54058E-1 4.73073E-1 4.81458E-1 4.89646E-1 5.28635E-1 5.78347E-1 6.13159E-1 6.00015E-1 5.80213E-1 6.06793E-1 6.1566E-1 6.3854E-1 6.32564E-1 5.79964E-1 5.07726E-1 4.69395E-1
3.54872E-2 1.16616E-1 9.67019E-2 9.00069E-2 9.58482E-2 1.06163E-1 1.30181E-1 1.94828E-1 3.10404E-1 3.34979E-1 2.50908E-1 1.84817E-1 1.50167E-1 1.30183E-1 1.17485E-1 1.08769E-1 1.03546E-1 9.53715E-2 8.47884E-2 8.57119E-2 8.37759E-2 8.5438E-2 8.61104E-2 8.98856E-2 9.5768E-2 9.9837E-2 1.06471E-1 1.1196E-1 1.19028E-1 1.24935E-1 1.32409E-1 1.42629E-1 1.54634E-1 1.68618E-1 1.80271E-1 1.95381E-1 2.12596E-1 2.28797E-1 2.36832E-1 2.63855E-1 2.91088E-1 3.06139E-1 3.14606E-1 3.37662E-1 3.63673E-1 3.99928E-1 4.37357E-1 4.55548E-1 4.60135E-1 4.81458E-1 5.01547E-1 4.99789E-1 4.83891E-1 5.25592E-1 5.8045E-1 5.9857E-1 5.89394E-1 5.85312E-1 5.80213E-1 6.3099E-1 6.37886E-1 6.34419E-1 6.3165E-1 5.82E-1 5.25458E-1
3.12146E-2 1.04437E-1 9.97565E-2 9.38722E-2 1.00915E-1 1.14937E-1 1.42723E-1 2.13413E-1 3.40159E-1 3.38433E-1 2.19717E-1 1.56671E-1 1.25377E-1 1.11447E-1 1.05259E-1 9.92125E-2 9.53078E-2 8.94395E-2 8.48083E-2 8.20613E-2 8.29631E-2 8.37759E-2 8.63661E-2 9.01513E-2 9.50479E-2 9.80743E-2 1.06685E-1 1.11069E-1 1.19159E-1 1.27488E-1 1.37476E-1 1.45248E-1 1.57377E-1 1.70053E-1 1.84743E-1 1.98354E-1 2.18939E-1 2.35445E-1 2.4211E-1 2.62385E-1 2.91088E-1 3.13147E-1 3.33824E-1 3.68779E-1 4.05431E-1 4.50578E-1 4.93793E-1 5.17903E-1 5.07955E-1 5.27466E-1 5.36948E-1 5.35864E-1 5.34726E-1 5.59772E-1 5.84517E-1 5.58855E-1 5.67542E-1 6.12558E-1 6.13755E-1 6.3113E-1 6.40701E-1 6.46948E-1 6.43668E-1 6.2711E-1 5.74741E-1
6.5511E-2 8.77435E-2 1.18011E-1 9.56927E-2 1.03892E-1 1.12557E-1 1.34999E-1 1.68361E-1 2.04055E-1 1.84137E-1 1.36927E-1 1.14207E-1 9.97565E-2 9.51936E-2 9.09962E-2 9.09962E-2 9.02567E-2 8.94395E-2 8.38918E-2 8.20807E-2 8.29631E-2 8.38721E-2 8.65436E-2 9.03359E-2 9.42456E-2 9.92988E-2 1.05726E-1 1.12309E-1 1.20354E-1 1.29963E-1 1.42629E-1 1.53272E-1 1.61543E-1 1.72941E-1 1.84743E-1 2.03147E-1 2.23805E-1 2.59017E-1 2.7448E-1 2.89808E-1 3.0789E-1 3.29742E-1 3.58461E-1 4.00493E-1 4.42954E-1 4.91097E-1 5.27466E-1 5.53813E-1 5.56835E-1 5.61296E-1 5.7214E-1 5.69527E-1 5.82612E-1 5.97449E-1 6.0819E-1 5.90709E-1 5.98594E-1 6.16205E-1 6.29143E-1 6.33502E-1 6.43038E-1 6.41183E-1 6.46948E-1 6.39778E-1 5.86869E-1
3.21402E-2 8.52885E-2 1.11864E-1 9.76988E-2 1.00762E-1 1.06842E-1 1.1343E-1 1.21448E-1 1.23805E-1 1.0577E-1 8.92839E-2 8.42259E-2 8.3317E-2 8.28486E-2 8.50346E-2 8.6252E-2 8.74038E-2 8.75422E-2 8.38351E-2 8.38918E-2 8.29826E-2 8.57119E-2 9.03359E-2 9.42456E-2 9.94108E-2 1.03615E-1 1.09009E-1 1.16873E-1 1.251E-1 1.37476E-1 1.47895E-1 1.57377E-1 1.72941E-1 1.81756E-1 1.92273E-1 2.01542E-1 2.11002E-1 2.43738E-1 2.86579E-1 3.13845E-1 3.36738E-1 3.58461E-1 3.89138E-1 4.28036E-1 4.66922E-1 5.12021E-1 5.45424E-1 5.71858E-1 5.78059E-1 5.77043E-1 5.81872E-1 5.85082E-1 5.8935E-1 6.08361E-1 6.23579E-1 6.30073E-1 6.35976E-1 6.38164E-1 6.42623E-1 6.39814E-1 6.41643E-1 6.44298E-1 6.46576E-1 6.33699E-1 6.0548E-1
6.2159E-2 7.85682E-2 1.19363E-1 9.81352E-2 9.84688E-2 9.91553E-2 9.91553E-2 9.71225E-2 9.31449E-2 8.37096E-2 7.66775E-2 7.29639E-2 7.21468E-2 7.67061E-2 7.87675E-2 8.16894E-2 8.34928E-2 8.27946E-2 8.29264E-2 8.20807E-2 8.6663E-2 9.04389E-2 9.33631E-2 1.00445E-1 1.04679E-1 1.07844E-1 1.14514E-1 1.20276E-1 1.31197E-1 1.43935E-1 1.57377E-1 1.72904E-1 1.87714E-1 1.96883E-1 2.05676E-1 2.10419E-1 2.09881E-1 2.28179E-1 2.91088E-1 3.40231E-1 3.63348E-1 3.8411E-1 4.10694E-1 4.46765E-1 4.86336E-1 5.18251E-1 5.47559E-1 5.71858E-1 5.72928E-1 5.67562E-1 5.75825E-1 5.82323E-1 5.9347E-1 5.99414E-1 6.19467E-1 6.33311E-1 6.32179E-1 6.32028E-1 6.36905E-1 6.44679E-1 6.48251E-1 6.48578E-1 6.26992E-1 6.32134E-1 6.12732E-1
2.85324E-2 4.95771E-2 1.15012E-1 9.8731E-2 9.51191E-2 9.47023E-2 9.07909E-2 8.6996E-2 8.28486E-2 8.15206E-2 7.80133E-2 7.41797E-2 7.25304E-2 7.41797E-2 7.87675E-2 7.99148E-2 7.99148E-2 8.18945E-2 8.38351E-2 8.38918E-2 8.5732E-2 9.43745E-2 1.00468E-1 1.0461E-1 1.08769E-1 1.16796E-1 1.21451E-1 1.2988E-1 1.38665E-1 1.56002E-1 1.74358E-1 1.90748E-1 2.06249E-1 2.17195E-1 2.23281E-1 2.25975E-1 2.35841E-1 2.65385E-1 3.2274E-1 3.61622E-1 3.83889E-1 4.0405E-1 4.26864E-1 4.54373E-1 4.79828E-1 5.12039E-1 5.35516E-1 5.49568E-1 5.48141E-1 5.53469E-1 5.64108E-1 5.83696E-1 5.88456E-1 6.04009E-1 6.20529E-1 6.29912E-1 6.03165E-1 6.09013E-1 6.40619E-1 6.49572E-1 6.51505E-1 6.46844E-1 6.47278E-1 6.41012E-1 6.11433E-1
5.74155E-2 8.22437E-2 1.1011E-1 1.01309E-1 9.56985E-2 9.12639E-2 8.83935E-2 8.59588E-2 8.41177E-2 8.4668E-2 8.68901E-2 8.71862E-2 8.01733E-2 8.05222E-2 8.05222E-2 8.16894E-2 8.44053E-2 8.6252E-2 8.46165E-2 8.75422E-2 8.94395E-2 9.94338E-2 1.1011E-1 1.14338E-1 1.22446E-1 1.2988E-1 1.2988E-1 1.37476E-1 1.51917E-1 1.71457E-1 1.92079E-1 2.19021E-1 2.32089E-1 2.38496E-1 2.46449E-1 2.49211E-1 2.66213E-1 2.93026E-1 3.31492E-1 3.61102E-1 3.86826E-1 4.13582E-1 4.28558E-1 4.51859E-1 4.72124E-1 4.96467E-1 5.22733E-1 5.40896E-1 5.45022E-1 5.61846E-1 5.73731E-1 5.86146E-1 5.9251E-1 6.12313E-1 6.20308E-1 6.1798E-1 5.82613E-1 6.1879E-1 6.40393E-1 6.50743E-1 6.46388E-1 6.43627E-1 6.4789E-1 6.47691E-1 6.35325E-1
6.41547E-2 1.12355E-1 1.06333E-1 1.01309E-1 9.76177E-2 9.76177E-2 9.29451E-2 9.00327E-2 8.90766E-2 9.00327E-2 9.21953E-2 9.09962E-2 8.68901E-2 8.50346E-2 8.32081E-2 8.59588E-2 8.81278E-2 8.87747E-2 8.90766E-2 9.33222E-2 1.00468E-1 1.15573E-1 1.32409E-1 1.34857E-1 1.38133E-1 1.35915E-1 1.4103E-1 1.49229E-1 1.6291E-1 1.87181E-1 2.16813E-1 2.48132E-1 2.64098E-1 2.72453E-1 2.68565E-1 2.71366E-1 2.88679E-1 3.06987E-1 3.38485E-1 3.58612E-1 3.95275E-1 4.18858E-1 4.38108E-1 4.58206E-1 4.72124E-1 4.92448E-1 5.18488E-1 5.47063E-1 5.59192E-1 5.70386E-1 5.83347E-1 6.01495E-1 6.06265E-1 6.21392E-1 6.25785E-1 6.18191E-1 5.99827E-1 6.13793E-1 6.41609E-1 6.50553E-1 6.45155E-1 6.36151E-1 6.46278E-1 6.51498E-1 6.49436E-1
8.7368E-2 1.1041E-1 1.10339E-1 1.04466E-1 1.03845E-1 1.00245E-1 9.81879E-2 9.73229E-2 9.71706E-2 9.69314E-2 9.92125E-2 9.39306E-2 9.09962E-2 9.00327E-2 9.1967E-2 9.1967E-2 9.3614E-2 9.26315E-2 9.49235E-2 1.00245E-1 1.08984E-1 1.26276E-1 1.47802E-1 1.61208E-1 1.62608E-1 1.49905E-1 1.50475E-1 1.57377E-1 1.67154E-1 1.89036E-1 2.23281E-1 2.69646E-1 3.02639E-1 2.99142E-1 2.92161E-1 2.93905E-1 3.06139E-1 3.27174E-1 3.52429E-1 3.71452E-1 4.02387E-1 4.26951E-1 4.39684E-1 4.59424E-1 4.68377E-1 4.96467E-1 5.26918E-1 5.56835E-1 5.71858E-1 5.77087E-1 5.96515E-1 6.1485E-1 6.23729E-1 6.3511E-1 6.35487E-1 6.39815E-1 6.38974E-1 6.41609E-1 6.47562E-1 6.51441E-1 6.46619E-1 6.3439E-1 6.33476E-1 6.25899E-1 6.08274E-1
9.46144E-2 1.29354E-1 1.12563E-1 1.12563E-1 1.10705E-1 1.04447E-1 1.04679E-1 1.07915E-1 1.07844E-1 1.05516E-1 1.04447E-1 1.01036E-1 9.99986E-2 9.79464E-2 9.69314E-2 9.69314E-2 9.76177E-2 1.00698E-1 9.76177E-2 1.01284E-1 1.12261E-1 1.33687E-1 1.64252E-1 2.06291E-1 1.83136E-1 1.64252E-1 1.61543E-1 1.64318E-1 1.71457E-1 1.87714E-1 2.17195E-1 2.60001E-1 2.93905E-1 3.03492E-1 3.03492E-1 3.05239E-1 3.21913E-1 3.51656E-1 3.74162E-1 4.03647E-1 4.25427E-1 4.41256E-1 4.50591E-1 4.50331E-1 4.65461E-1 5.04905E-1 5.36663E-1 5.57859E-1 5.73071E-1 5.82589E-1 6.05557E-1 6.25468E-1 6.3743E-1 6.4404E-1 6.37942E-1 6.43311E-1 6.49629E-1 6.47411E-1 6.48578E-1 6.53083E-1 6.48083E-1 6.34044E-1 6.22532E-1 6.1378E-1 5.86845E-1
1.02203E-1 1.34485E-1 1.20579E-1 1.17099E-1 1.16337E-1 1.14514E-1 1.13458E-1 1.19186E-1 1.17949E-1 1.12261E-1 1.10037E-1 1.08769E-1 1.09601E-1 1.05259E-1 1.05259E-1 1.04192E-1 1.03845E-1 1.04909E-1 1.04909E-1 1.08504E-1 1.19109E-1 1.36206E-1 1.74358E-1 1.96685E-1 1.83208E-1 1.70017E-1 1.6984E-1 1.78571E-1 1.81718E-1 1.93804E-1 2.20639E-1 2.54896E-1 2.7892E-1 3.01573E-1 3.06139E-1 3.24491E-1 3.4716E-1 3.79307E-1 4.04668E-1 4.28232E-1 4.55173E-1 4.61263E-1 4.61263E-1 4.62415E-1 4.88378E-1 5.29191E-1 5.57485E-1 5.69404E-1 5.78465E-1 5.91863E-1 6.0467E-1 6.28034E-1 6.46022E-1 6.49598E-1 6.46415E-1 6.47579E-1 6.37248E-1 6.38264E-1 6.4827E-1 6.5247E-1 6.47691E-1 6.19328E-1 6.14635E-1 6.15747E-1 5.93657E-1
1.27745E-1 1.405E-1 1.26006E-1 1.26527E-1 1.23339E-1 1.27242E-1 1.26223E-1 1.25019E-1 1.22633E-1 1.22633E-1 1.18927E-1 1.16337E-1 1.16337E-1 1.12935E-1 1.12935E-1 1.10705E-1 1.11447E-1 1.10339E-1 1.11447E-1 1.17485E-1 1.27242E-1 1.43844E-1 1.6291E-1 1.72725E-1 1.64318E-1 1.60113E-1 1.78242E-1 1.87523E-1 1.93844E-1 1.98354E-1 2.22306E-1 2.52167E-1 2.86323E-1 3.10817E-1 3.26627E-1 3.52909E-1 3.8267E-1 4.14598E-1 4.3807E-1 4.61054E-1 4.67065E-1 4.80284E-1 4.84711E-1 4.78496E-1 5.1668E-1 5.77929E-1 5.81781E-1 5.6825E-1 5.71854E-1 5.86066E-1 6.04725E-1 6.26506E-1 6.52103E-1 6.48712E-1 6.5187E-1 6.49856E-1 6.37421E-1 6.47065E-1 6.38625E-1 6.38121E-1 6.26787E-1 6.11267E-1 6.11433E-1 5.83094E-1 5.58828E-1
1.44356E-1 1.41883E-1 1.47422E-1 1.35159E-1 1.32656E-1 1.34655E-1 1.33401E-1 1.28654E-1 1.25019E-1 1.24829E-1 1.23339E-1 1.22153E-1 1.20975E-1 1.20975E-1 1.19804E-1 1.19804E-1 1.19412E-1 1.20579E-1 1.24126E-1 1.25732E-1 1.34337E-1 1.46259E-1 1.58429E-1 1.67087E-1 1.65769E-1 1.71494E-1 1.90748E-1 1.98354E-1 2.04314E-1 2.07015E-1 2.23504E-1 2.50384E-1 2.88321E-1 3.19767E-1 3.65263E-1 4.14661E-1 4.40401E-1 4.56031E-1 4.71291E-1 4.78353E-1 4.84221E-1 4.84593E-1 4.84711E-1 4.9999E-1 5.10478E-1 5.97609E-1 5.70044E-1 5.33247E-1 5.65117E-1 5.89499E-1 6.09767E-1 6.38899E-1 6.55648E-1 6.46005E-1 6.44075E-1 6.41222E-1 6.40454E-1 6.33986E-1 6.06004E-1 6.01663E-1 5.8818E-1 5.901E-1 6.03894E-1 5.84805E-1 5.5079E-1
1.55971E-1 1.57309E-1 1.55971E-1 1.58903E-1 1.42539E-1 1.46536E-1 1.3686E-1 1.32155E-1 1.27242E-1 1.25732E-1 1.25323E-1 1.26527E-1 1.28957E-1 1.28957E-1 1.28957E-1 1.28154E-1 1.28154E-1 1.28957E-1 1.32656E-1 1.3686E-1 1.44603E-1 1.55318E-1 1.66846E-1 1.84631E-1 1.96923E-1 2.02747E-1 2.13364E-1 2.1979E-1 2.20766E-1 2.20766E-1 2.30547E-1 2.4618E-1 2.76154E-1 3.22213E-1 3.82269E-1 4.61716E-1 4.90361E-1 4.96644E-1 5.02588E-1 5.06779E-1 4.9909E-1 4.81342E-1 5.1071E-1 5.39711E-1 5.34726E-1 5.3804E-1 5.0284E-1 5.25674E-1 5.81428E-1 6.07642E-1 6.24038E-1 6.4962E-1 6.56104E-1 6.47775E-1 6.36592E-1 6.21608E-1 6.1448E-1 6.15157E-1 5.84839E-1 5.68369E-1 5.95977E-1 6.036E-1 5.65054E-1 5.676E-1 5.28038E-1
1.66347E-1 1.6249E-1 1.59844E-1 1.6249E-1 1.60284E-1 1.57264E-1 1.38966E-1 1.36421E-1 1.31416E-1 1.33357E-1 1.33357E-1 1.3713E-1 1.38402E-1 1.39681E-1 1.4154E-1 1.38133E-1 1.407E-1 1.407E-1 1.44143E-1 1.49431E-1 1.59449E-1 1.6932E-1 1.87376E-1 2.07748E-1 2.30486E-1 2.42143E-1 2.44616E-1 2.51334E-1 2.43561E-1 2.36918E-1 2.30782E-1 2.39009E-1 2.81328E-1 3.45368E-1 4.13253E-1 4.70918E-1 5.1128E-1 5.32538E-1 5.37286E-1 5.35052E-1 5.24197E-1 5.23592E-1 5.48081E-1 5.8045E-1 5.66828E-1 5.28635E-1 5.30259E-1 5.56108E-1 6.10464E-1 6.33566E-1 6.44635E-1 6.52727E-1 6.56317E-1 6.48149E-1 6.3118E-1 5.87861E-1 5.54552E-1 5.89401E-1 5.85702E-1 6.03877E-1 5.99297E-1 5.65422E-1 5.87718E-1 5.21396E-1 4.65604E-1
1.7589E-1 1.74702E-1 1.72388E-1 1.74337E-1 1.71918E-1 1.65631E-1 1.46773E-1 1.40277E-1 1.34413E-1 1.35666E-1 1.41565E-1 1.48109E-1 1.50775E-1 1.54213E-1 1.52117E-1 1.53955E-1 1.53955E-1 1.56688E-1 1.60839E-1 1.65951E-1 1.75102E-1 1.8396E-1 1.99193E-1 2.25134E-1 2.5684E-1 2.88283E-1 2.90101E-1 2.78056E-1 2.67803E-1 2.44285E-1 2.26179E-1 2.49275E-1 3.09149E-1 3.76527E-1 4.4211E-1 4.9385E-1 5.35249E-1 5.6326E-1 5.69544E-1 5.6129E-1 5.51651E-1 5.54043E-1 5.54562E-1 5.56712E-1 5.52833E-1 5.27906E-1 5.88351E-1 6.02251E-1 6.20201E-1 6.45313E-1 6.54481E-1 6.56171E-1 6.56482E-1 6.51138E-1 6.34741E-1 5.94757E-1 5.45702E-1 5.95159E-1 6.01262E-1 5.7601E-1 5.62492E-1 5.7908E-1 5.61694E-1 5.01688E-1 4.71279E-1
1.73463E-1 1.79172E-1 1.8296E-1 1.8296E-1 1.7694E-1 1.73389E-1 1.59449E-1 1.48109E-1 1.40051E-1 1.41332E-1 1.48938E-1 1.64993E-1 1.71623E-1 1.73065E-1 1.6737E-1 1.64537E-1 1.65427E-1 1.71143E-1 1.75102E-1 1.8396E-1 1.93032E-1 2.00747E-1 2.14963E-1 2.32857E-1 2.7E-1 3.26749E-1 3.473E-1 3.14215E-1 2.90032E-1 2.57109E-1 2.59157E-1 3.00378E-1 3.79925E-1 4.19765E-1 4.70967E-1 5.19186E-1 5.61286E-1 5.90086E-1 5.97382E-1 5.92378E-1 5.83566E-1 5.68623E-1 5.46595E-1 5.65798E-1 5.745E-1 5.83563E-1 6.15329E-1 6.28627E-1 6.26414E-1 6.46938E-1 6.4986E-1 6.51875E-1 6.54029E-1 6.51635E-1 6.45961E-1 6.38774E-1 6.19574E-1 5.80569E-1 5.4228E-1 5.15309E-1 4.96636E-1 5.72684E-1 5.11295E-1 4.95362E-1 4.69395E-1
1.80341E-1 1.83231E-1 1.91843E-1 1.88041E-1 1.8881E-1 1.80271E-1 1.63889E-1 1.54298E-1 1.42556E-1 1.4659E-1 1.61427E-1 1.87119E-1 2.02053E-1 1.93878E-1 1.87182E-1 1.76563E-1 1.7843E-1 1.87376E-1 1.94564E-1 2.08594E-1 2.16567E-1 2.23031E-1 2.32857E-1 2.44502E-1 2.62416E-1 3.0997E-1 3.22871E-1 3.19029E-1 3.02968E-1 2.89266E-1 3.05232E-1 3.96378E-1 4.88827E-1 4.59035E-1 5.0208E-1 5.52412E-1 5.86497E-1 6.09222E-1 6.19882E-1 6.23349E-1 6.12634E-1 5.65035E-1 5.59958E-1 5.79615E-1 5.9995E-1 6.19922E-1 6.42217E-1 6.51514E-1 6.53979E-1 6.52878E-1 6.25779E-1 6.26004E-1 6.3114E-1 6.40526E-1 6.44181E-1 6.51717E-1 6.41467E-1 5.90648E-1 5.3527E-1 4.95046E-1 4.71774E-1 5.49148E-1 4.86238E-1 4.73116E-1 4.7496E-1
