KUENM/Final_Models/M_0.1_F_lq_Set_2_E/sp1_3_se_asia.asc
ncols         320
nrows         243
xllcorner     44.0
yllcorner     -0.666666666666667
cellsize      0.166666666666667
NODATA_value  -9999
[rows 62 to 92 of 243, columns 70 to 139 of 320]
9.56489E-3 7.08232E-3 4.72869E-3 2.39848E-3 1.47455E-3 8.18347E-4 1.32188E-4 3.80212E-4 4.21997E-4 9.58147E-5 1.16128E-3 2.79375E-3 4.44521E-3 6.14613E-3 7.00622E-3 9.53241E-3 1.26265E-2 1.3499E-2 1.34531E-2 1.3788E-2 1.39161E-2 1.41925E-2 1.44117E-2 1.46981E-2 1.53155E-2 1.08524E-2 4.90166E-3 5.24325E-3 4.75234E-3 2.82663E-3 4.67916E-3 6.77182E-3 6.64731E-3 5.37763E-3 8.37534E-3 1.26024E-2 1.24495E-2 1.15826E-2 1.09752E-2 1.05986E-2 1.05986E-2 9.17814E-3 8.90403E-3 9.05983E-3 8.55449E-3 7.63717E-3 5.43557E-3 5.53449E-3 5.33972E-3 5.78453E-3 6.16378E-3 7.15514E-3 1.06577E-2 1.50431E-2 1.96879E-2 2.15169E-2 2.37663E-2 2.6621E-2 2.92393E-2 3.15738E-2 3.40738E-2 3.6188E-2 3.40733E-2 1.9808E-2 9.88555E-3 8.77896E-3 3.82446E-3 3.85447E-3 7.67377E-3 1.86462E-2
1.04131E-2 9.82922E-3 7.51465E-3 4.11003E-3 2.98802E-3 2.69277E-3 1.90298E-3 2.76924E-3 2.36249E-3 5.31392E-4 1.33781E-3 1.05148E-3 2.59905E-3 7.06722E-3 9.25124E-3 8.88141E-3 1.20112E-2 1.282E-2 1.3499E-2 1.39307E-2 1.43563E-2 1.43049E-2 1.49228E-2 1.50399E-2 1.53682E-2 1.43061E-2 8.74092E-3 7.31093E-3 6.72146E-3 4.16663E-3 4.35737E-3 3.97893E-3 6.56118E-3 9.53241E-3 6.29724E-3 1.05874E-2 1.18303E-2 1.13362E-2 1.03526E-2 1.02226E-2 9.37865E-3 7.54288E-3 6.31364E-3 8.47495E-3 9.17814E-3 8.77051E-3 7.67984E-3 8.41965E-3 7.45095E-3 8.06689E-3 8.48444E-3 1.06512E-2 1.35193E-2 1.6556E-2 1.90622E-2 2.11746E-2 2.37663E-2 2.53782E-2 2.83461E-2 3.01484E-2 3.2068E-2 3.38E-2 2.26342E-2 1.53151E-2 6.51142E-3 4.51451E-3 2.99349E-3 2.92734E-3 1.14839E-2 1.58348E-2
1.0752E-2 1.13592E-2 8.96002E-3 6.20585E-3 4.3968E-3 4.98125E-3 5.45825E-3 6.34494E-3 5.29509E-3 1.55313E-3 9.59977E-4 5.52523E-4 3.3865E-3 3.94743E-3 8.70416E-3 1.05018E-2 1.16107E-2 1.30409E-2 1.38031E-2 1.41841E-2 1.45276E-2 1.49228E-2 1.53884E-2 1.57886E-2 1.66726E-2 1.52175E-2 6.22774E-3 8.51606E-3 8.00459E-3 6.38888E-3 4.36116E-3 3.1215E-3 5.70352E-3 1.18644E-2 1.17869E-2 1.18095E-2 1.18095E-2 1.15318E-2 1.09537E-2 1.05826E-2 9.63692E-3 9.00947E-3 6.53347E-3 8.24962E-3 1.09752E-2 1.06687E-2 1.04201E-2 1.03952E-2 1.00453E-2 1.08105E-2 1.16705E-2 1.23843E-2 1.41642E-2 1.62887E-2 1.86895E-2 2.11228E-2 2.26875E-2 2.46025E-2 2.70411E-2 2.80098E-2 2.93892E-2 2.78884E-2 1.99709E-2 6.29863E-3 5.59902E-3 2.95486E-3 1.18061E-3 2.76556E-3 7.77382E-3 2.81146E-2
8.59317E-3 1.00236E-2 4.98478E-3 7.79187E-3 3.96725E-3 5.82524E-3 5.31856E-3 7.17871E-3 9.2229E-3 8.84317E-3 8.97939E-3 7.7742E-3 1.04702E-2 2.64593E-3 3.2492E-3 9.54554E-3 1.21443E-2 1.42502E-2 1.38031E-2 1.48953E-2 1.5648E-2 1.55562E-2 1.61938E-2 1.67814E-2 1.7121E-2 1.71074E-2 1.11939E-2 8.56925E-3 9.25124E-3 6.75713E-3 3.8452E-3 3.49373E-3 6.50883E-3 1.03262E-2 1.33695E-2 1.42262E-2 1.34593E-2 1.31093E-2 1.26631E-2 1.26537E-2 1.18116E-2 1.12065E-2 1.08249E-2 1.15598E-2 1.17391E-2 1.22209E-2 1.18008E-2 1.191E-2 1.19319E-2 1.30656E-2 1.31206E-2 1.37899E-2 1.51675E-2 1.67338E-2 1.84537E-2 2.01721E-2 2.01334E-2 2.17584E-2 2.40462E-2 2.79135E-2 2.91038E-2 2.21939E-2 1.1081E-2 5.33992E-3 4.47356E-3 1.78745E-3 7.5179E-4 5.31676E-3 3.11605E-2 4.67068E-2
1.17173E-2 1.21639E-2 1.30236E-2 1.11865E-2 2.59598E-3 5.43582E-3 5.59878E-3 3.49653E-3 7.37469E-3 9.2229E-3 1.03003E-2 1.77476E-2 1.80218E-2 7.55482E-3 1.19266E-3 3.57601E-3 1.08273E-2 1.35094E-2 1.50111E-2 1.56797E-2 1.67562E-2 1.62046E-2 1.72502E-2 1.74842E-2 1.81477E-2 1.80651E-2 1.3661E-2 8.413E-3 9.84782E-3 7.25402E-3 4.02266E-3 2.19272E-3 4.09265E-3 6.77281E-3 1.00107E-2 1.38864E-2 1.47789E-2 1.40338E-2 1.38587E-2 1.38083E-2 1.33357E-2 1.24768E-2 1.21161E-2 1.22537E-2 1.24075E-2 1.32806E-2 1.32671E-2 1.33281E-2 1.38009E-2 1.39873E-2 1.449E-2 1.41997E-2 1.48644E-2 1.57402E-2 1.53695E-2 1.34993E-2 1.52896E-2 2.03551E-2 2.5753E-2 2.87524E-2 3.01182E-2 1.81558E-2 7.58732E-3 6.26142E-3 4.86159E-3 1.60561E-3 3.72156E-3 4.60296E-3 2.08287E-2 5.40833E-2
2.09168E-2 2.24234E-2 2.27259E-2 1.79676E-2 1.49916E-2 1.59775E-2 9.76369E-3 2.87397E-3 6.36918E-3 9.74999E-3 1.14873E-2 1.96601E-2 2.12244E-2 1.76632E-2 9.30655E-3 1.53448E-3 6.91198E-3 1.24794E-2 1.54155E-2 1.65984E-2 1.77104E-2 1.75455E-2 1.83173E-2 1.83898E-2 1.88718E-2 1.9307E-2 1.69986E-2 9.70046E-3 1.1688E-2 9.75461E-3 7.36621E-3 3.99666E-3 1.2164E-3 5.14915E-3 9.48828E-3 1.40459E-2 1.63394E-2 1.54538E-2 1.5107E-2 1.50399E-2 1.41955E-2 1.38119E-2 1.3334E-2 1.33501E-2 1.37025E-2 1.4108E-2 1.42773E-2 1.42956E-2 1.49345E-2 1.50111E-2 1.31504E-2 1.16879E-2 1.20895E-2 1.46517E-2 1.66126E-2 1.80213E-2 2.22155E-2 2.57516E-2 2.65806E-2 2.87521E-2 2.8346E-2 1.5016E-2 8.80652E-3 9.30639E-3 3.10812E-3 1.74146E-3 1.00872E-2 1.06978E-2 3.31871E-2 5.51225E-2
2.68583E-2 2.74849E-2 2.9555E-2 3.09667E-2 2.98348E-2 2.44907E-2 1.61966E-2 1.27083E-2 1.00872E-2 1.55751E-2 2.16077E-2 2.28939E-2 2.28689E-2 2.09118E-2 1.92251E-2 1.31797E-2 6.91892E-3 1.02535E-2 1.53385E-2 1.80005E-2 1.89695E-2 1.86334E-2 1.89695E-2 1.95822E-2 2.02776E-2 1.90622E-2 1.94344E-2 1.5384E-2 1.35151E-2 1.3089E-2 1.12719E-2 8.67632E-3 8.54379E-3 9.73335E-3 1.21042E-2 8.15653E-3 1.42778E-2 1.68799E-2 1.65487E-2 1.6485E-2 1.53373E-2 1.48132E-2 1.4706E-2 1.48301E-2 1.49652E-2 1.49565E-2 1.49228E-2 1.54813E-2 1.57886E-2 1.58122E-2 1.48409E-2 1.6131E-2 1.73813E-2 1.83691E-2 1.99521E-2 2.2287E-2 2.33543E-2 2.49047E-2 2.73935E-2 3.01558E-2 2.55323E-2 1.17207E-2 1.22231E-2 1.08782E-2 5.38713E-3 1.78168E-2 2.05722E-2 2.08198E-2 4.40822E-2 5.95289E-2
3.82193E-2 3.74568E-2 3.54269E-2 3.52903E-2 3.0409E-2 2.99426E-2 2.16591E-2 1.11984E-2 2.03364E-2 2.66713E-2 2.77944E-2 2.6624E-2 2.55271E-2 2.3734E-2 2.19929E-2 2.06592E-2 1.81684E-2 1.79761E-2 1.68957E-2 1.84199E-2 1.85329E-2 1.88333E-2 1.95572E-2 2.09106E-2 2.05822E-2 1.7696E-2 1.98064E-2 2.0069E-2 1.46011E-2 1.30489E-2 1.37263E-2 1.3089E-2 1.22688E-2 1.31009E-2 1.42189E-2 7.03914E-3 9.88673E-3 1.42758E-2 1.62999E-2 1.69645E-2 1.70085E-2 1.61776E-2 1.60272E-2 1.57515E-2 1.58998E-2 1.5902E-2 1.5993E-2 1.6485E-2 1.68679E-2 1.76316E-2 1.77817E-2 1.85113E-2 1.91881E-2 1.98344E-2 2.22463E-2 2.26105E-2 2.45091E-2 2.57516E-2 2.79063E-2 2.86842E-2 2.32082E-2 1.44636E-2 1.52916E-2 1.11385E-2 1.41372E-2 2.05712E-2 1.66598E-2 2.92578E-2 4.56469E-2 6.64791E-2
4.53127E-2 3.729E-2 3.11605E-2 3.63266E-2 3.21326E-2 2.71129E-2 2.24835E-2 2.05554E-2 3.16945E-2 3.30503E-2 2.95476E-2 2.69984E-2 2.74586E-2 2.62418E-2 2.48402E-2 2.35516E-2 2.28689E-2 2.21959E-2 2.16208E-2 1.82642E-2 1.85475E-2 1.91898E-2 1.67518E-2 2.08367E-2 2.10404E-2 1.33468E-2 1.16174E-2 2.10956E-2 1.25736E-2 1.34213E-2 1.50525E-2 1.61645E-2 1.54919E-2 1.5019E-2 1.54282E-2 1.07517E-2 5.3793E-3 1.21142E-2 1.37213E-2 1.72866E-2 1.84578E-2 1.74688E-2 1.7173E-2 1.688E-2 1.64596E-2 1.70367E-2 1.75998E-2 1.79511E-2 1.80539E-2 1.82371E-2 1.86275E-2 1.97269E-2 2.01149E-2 2.11334E-2 2.26105E-2 2.41189E-2 2.45786E-2 2.58028E-2 2.75831E-2 2.22191E-2 1.97699E-2 1.32662E-2 1.66055E-2 1.66809E-2 2.2784E-2 3.03308E-2 4.14757E-2 4.19792E-2 6.15367E-2 6.67637E-2
4.55294E-2 3.98896E-2 3.12722E-2 1.75363E-2 2.19284E-2 3.03382E-2 3.80468E-2 3.82271E-2 3.78462E-2 3.58725E-2 3.35611E-2 3.15738E-2 3.02838E-2 2.79475E-2 2.68895E-2 2.64599E-2 2.53754E-2 2.47202E-2 2.46009E-2 2.40072E-2 2.42022E-2 2.42147E-2 2.4589E-2 2.3358E-2 2.36684E-2 2.00292E-2 1.98692E-2 2.55304E-2 1.8516E-2 1.61971E-2 1.82359E-2 1.74579E-2 1.74579E-2 1.50421E-2 1.50537E-2 1.52859E-2 1.18945E-2 1.15376E-2 9.22412E-3 1.47206E-2 1.84537E-2 1.97381E-2 1.9193E-2 1.9362E-2 1.84022E-2 1.9362E-2 1.91569E-2 1.90893E-2 1.90887E-2 1.88606E-2 1.99142E-2 2.13545E-2 2.10742E-2 2.25601E-2 2.3734E-2 2.45492E-2 2.53983E-2 2.57489E-2 2.15208E-2 1.58054E-2 1.99709E-2 1.5668E-2 1.66055E-2 1.82801E-2 2.42685E-2 3.46674E-2 2.19089E-2 5.46322E-2 5.00367E-2 6.62738E-2
5.05624E-2 4.43402E-2 4.63948E-2 4.89468E-2 4.78576E-2 4.71995E-2 4.48117E-2 4.41607E-2 4.35463E-2 4.00715E-2 3.71428E-2 3.49611E-2 3.30503E-2 3.14056E-2 2.96492E-2 2.84998E-2 2.69367E-2 2.62747E-2 2.60354E-2 2.54338E-2 2.56582E-2 2.62744E-2 2.6797E-2 2.70211E-2 2.74759E-2 2.83347E-2 2.96247E-2 3.02838E-2 2.75831E-2 2.49496E-2 2.36822E-2 2.22512E-2 1.96727E-2 1.4097E-2 1.79992E-2 1.6987E-2 1.74579E-2 1.64505E-2 8.51991E-3 1.45996E-2 1.75824E-2 2.09477E-2 2.119E-2 2.06446E-2 2.06254E-2 2.04873E-2 1.99474E-2 1.95293E-2 2.03041E-2 2.05004E-2 2.12768E-2 2.1708E-2 2.21359E-2 2.36834E-2 2.3824E-2 2.41014E-2 2.43493E-2 1.97339E-2 1.36654E-2 1.5137E-2 1.88437E-2 1.91311E-2 2.56649E-2 3.20003E-2 2.92272E-2 4.26529E-2 5.89283E-2 5.84905E-2 6.472E-2 6.54738E-2
5.49446E-2 5.55557E-2 5.47523E-2 5.59002E-2 5.56895E-2 5.46421E-2 5.48763E-2 4.82752E-2 4.836E-2 4.44432E-2 4.05134E-2 4.01204E-2 3.72272E-2 3.3856E-2 3.23495E-2 3.06132E-2 3.03574E-2 2.86834E-2 2.79625E-2 2.76885E-2 2.72447E-2 2.72447E-2 2.88753E-2 2.96565E-2 2.98955E-2 3.18072E-2 3.33338E-2 3.31032E-2 3.38393E-2 3.25549E-2 3.04054E-2 2.79762E-2 2.37975E-2 1.80076E-2 1.58807E-2 2.2309E-2 2.15206E-2 1.87997E-2 1.82359E-2 1.52515E-2 1.91343E-2 2.19329E-2 2.3082E-2 2.26512E-2 2.26105E-2 2.14232E-2 2.20665E-2 2.16297E-2 2.20665E-2 2.21359E-2 2.18368E-2 2.23181E-2 2.14635E-2 2.12859E-2 2.18423E-2 1.8516E-2 1.49566E-2 1.44916E-2 1.32316E-2 1.66097E-2 2.20675E-2 2.37534E-2 2.34984E-2 3.2545E-2 2.36077E-2 3.31624E-2 5.21609E-2 4.24371E-2 4.5146E-2 5.44181E-2
5.65011E-2 5.68439E-2 5.98298E-2 6.38414E-2 5.76855E-2 5.41285E-2 5.0418E-2 4.94446E-2 5.19692E-2 4.79272E-2 4.6322E-2 4.23104E-2 3.92637E-2 3.82839E-2 3.4432E-2 3.31187E-2 3.18319E-2 3.15557E-2 3.00906E-2 2.95255E-2 2.95255E-2 3.01767E-2 2.98615E-2 3.08285E-2 3.18216E-2 3.28415E-2 3.53194E-2 3.51142E-2 3.69122E-2 3.54989E-2 3.70114E-2 3.50256E-2 2.51561E-2 2.09537E-2 1.64824E-2 2.38073E-2 2.53613E-2 2.38529E-2 2.07909E-2 2.25944E-2 1.90396E-2 1.84676E-2 2.28887E-2 2.29946E-2 2.26359E-2 2.24462E-2 2.26588E-2 2.34547E-2 2.23448E-2 2.15609E-2 2.1401E-2 2.07289E-2 2.029E-2 1.6987E-2 1.43711E-2 1.50255E-2 1.70991E-2 1.42913E-2 1.70515E-2 1.58916E-2 2.27628E-2 2.21456E-2 2.58401E-2 2.99681E-2 2.67449E-2 2.12649E-2 4.6146E-2 5.56564E-2 5.58135E-2 6.10651E-2
5.68433E-2 5.78352E-2 5.9809E-2 6.13275E-2 5.90701E-2 5.58105E-2 5.34421E-2 5.04209E-2 5.27722E-2 5.09432E-2 4.83178E-2 4.55983E-2 4.38213E-2 4.07446E-2 3.90295E-2 3.68015E-2 3.52445E-2 3.3891E-2 3.25653E-2 3.17662E-2 3.14642E-2 3.11515E-2 3.21527E-2 3.28415E-2 3.35301E-2 3.45962E-2 3.62482E-2 3.87303E-2 3.87303E-2 4.13935E-2 4.13935E-2 4.00629E-2 3.44529E-2 2.62037E-2 2.54482E-2 2.05824E-2 2.52665E-2 2.81306E-2 2.77409E-2 2.53409E-2 2.66864E-2 2.36969E-2 2.0535E-2 1.80621E-2 1.7522E-2 2.06704E-2 2.36708E-2 2.25353E-2 2.09334E-2 2.10882E-2 1.99258E-2 1.77268E-2 1.57419E-2 1.70036E-2 1.86097E-2 1.80076E-2 1.67251E-2 2.02855E-2 1.98411E-2 1.62518E-2 2.34194E-2 2.90582E-2 3.39631E-2 2.79259E-2 2.77708E-2 2.58456E-2 3.93665E-2 5.45081E-2 5.53853E-2 6.38414E-2
5.38232E-2 5.63013E-2 -9999 -9999 -9999 -9999 -9999 5.42195E-2 5.0418E-2 5.47534E-2 5.14129E-2 4.95982E-2 3.96897E-2 4.09392E-2 4.1473E-2 3.95565E-2 3.83068E-2 3.81614E-2 3.60137E-2 3.52445E-2 3.46656E-2 3.33005E-2 3.4037E-2 3.51142E-2 3.62196E-2 3.76968E-2 3.88679E-2 3.97099E-2 4.13935E-2 4.35227E-2 4.2187E-2 4.0543E-2 3.16945E-2 2.8093E-2 2.60228E-2 2.82979E-2 2.88696E-2 2.89726E-2 3.03335E-2 3.054E-2 3.00051E-2 2.92739E-2 2.98634E-2 2.97174E-2 2.86655E-2 2.81667E-2 2.69459E-2 2.56026E-2 2.31424E-2 2.10628E-2 1.94256E-2 1.95027E-2 1.98692E-2 1.88655E-2 1.77074E-2 1.94417E-2 2.40642E-2 2.50772E-2 2.24844E-2 2.8093E-2 1.9671E-2 3.66422E-2 2.99426E-2 2.99681E-2 3.48162E-2 3.58588E-2 4.30411E-2 5.24118E-2 6.06403E-2 6.46123E-2
-9999 -9999 6.34645E-2 -9999 -9999 -9999 -9999 -9999 5.34421E-2 5.17539E-2 5.4599E-2 5.48763E-2 3.58499E-2 3.09037E-2 3.73287E-2 3.62843E-2 3.92782E-2 3.93489E-2 3.89501E-2 3.78729E-2 3.77894E-2 3.7586E-2 3.85724E-2 3.9476E-2 3.81614E-2 4.03357E-2 4.03357E-2 4.21818E-2 4.30046E-2 4.07391E-2 3.86873E-2 3.48401E-2 2.86959E-2 2.9475E-2 2.79256E-2 2.67917E-2 2.79256E-2 2.97574E-2 3.11818E-2 3.04201E-2 3.11818E-2 3.07189E-2 2.88696E-2 2.82974E-2 2.93892E-2 2.94169E-2 2.88798E-2 2.81667E-2 2.6746E-2 2.4748E-2 2.29681E-2 2.04137E-2 2.03077E-2 1.94621E-2 2.18425E-2 2.31313E-2 2.35111E-2 2.66572E-2 3.17945E-2 2.36103E-2 3.71683E-2 3.39631E-2 3.71683E-2 3.11947E-2 4.0123E-2 4.45745E-2 4.764E-2 5.33542E-2 6.23746E-2 6.7412E-2
5.36874E-2 6.07582E-2 -9999 -9999 -9999 -9999 -9999 -9999 5.74157E-2 5.95863E-2 5.69795E-2 5.55677E-2 3.22328E-2 3.98896E-2 3.83671E-2 3.51449E-2 3.77444E-2 3.71541E-2 3.82387E-2 4.08808E-2 3.95318E-2 4.06561E-2 3.7989E-2 4.02955E-2 4.07325E-2 4.12517E-2 4.05102E-2 4.04113E-2 3.71683E-2 3.11324E-2 2.87304E-2 3.0323E-2 3.52724E-2 3.7922E-2 3.82387E-2 3.79487E-2 3.81785E-2 3.93292E-2 4.31419E-2 3.82271E-2 3.31358E-2 3.28765E-2 3.53429E-2 3.48401E-2 3.26466E-2 3.21264E-2 3.07734E-2 3.11534E-2 2.92196E-2 2.7138E-2 2.61395E-2 2.38073E-2 2.2197E-2 2.1262E-2 2.28751E-2 2.5894E-2 2.8093E-2 2.67794E-2 3.52843E-2 3.81437E-2 4.42577E-2 3.21394E-2 4.30871E-2 3.82627E-2 5.51055E-2 4.2613E-2 5.28922E-2 6.34885E-2 6.77153E-2 7.0441E-2
-9999 -9999 -9999 -9999 -9999 -9999 -9999 -9999 -9999 6.04305E-2 5.98849E-2 5.88169E-2 3.9408E-2 4.69333E-2 4.46714E-2 4.58096E-2 4.38048E-2 4.30684E-2 4.23687E-2 4.13986E-2 4.10041E-2 3.79487E-2 3.74156E-2 4.08808E-2 3.98142E-2 3.47964E-2 3.49335E-2 3.04055E-2 2.9555E-2 3.65949E-2 4.17698E-2 3.8488E-2 3.52903E-2 4.13986E-2 3.81785E-2 3.78552E-2 4.33311E-2 4.61093E-2 4.73996E-2 5.1647E-2 4.95982E-2 4.841E-2 4.43953E-2 4.13339E-2 3.8541E-2 3.60023E-2 3.53243E-2 3.29525E-2 3.18518E-2 2.98316E-2 2.66713E-2 2.5364E-2 2.64089E-2 2.64089E-2 2.68953E-2 3.01582E-2 3.40648E-2 3.8343E-2 4.25169E-2 4.50784E-2 5.04687E-2 5.25806E-2 5.44385E-2 6.21271E-2 7.01868E-2 6.17731E-2 6.09438E-2 7.18177E-2 7.66655E-2 7.5993E-2
-9999 -9999 -9999 -9999 -9999 -9999 -9999 -9999 5.90734E-2 5.82026E-2 6.15856E-2 5.88451E-2 5.08448E-2 5.20912E-2 5.01237E-2 4.50673E-2 4.69472E-2 4.50557E-2 4.31715E-2 4.28019E-2 4.21756E-2 4.25468E-2 4.18337E-2 4.24525E-2 4.30808E-2 4.1699E-2 4.30073E-2 4.11775E-2 4.13986E-2 4.10041E-2 4.49744E-2 4.25323E-2 4.37585E-2 4.82895E-2 4.8404E-2 5.12614E-2 5.4079E-2 5.49624E-2 5.71711E-2 5.95875E-2 5.25806E-2 5.02473E-2 5.11875E-2 4.9055E-2 4.76729E-2 4.41879E-2 4.07162E-2 3.89847E-2 3.61709E-2 3.50306E-2 3.40751E-2 3.30772E-2 3.14558E-2 2.84072E-2 2.82898E-2 3.63713E-2 4.01443E-2 4.30786E-2 4.61583E-2 5.13603E-2 5.57306E-2 6.07481E-2 6.03606E-2 7.34408E-2 8.11275E-2 7.1266E-2 6.54738E-2 8.59267E-2 8.47334E-2 8.3756E-2
-9999 -9999 -9999 -9999 -9999 -9999 -9999 -9999 -9999 5.82026E-2 5.96188E-2 5.85497E-2 5.62995E-2 5.42054E-2 5.031E-2 5.02473E-2 4.75106E-2 4.59167E-2 4.40771E-2 4.17674E-2 4.22694E-2 4.10582E-2 4.1021E-2 4.16414E-2 4.1021E-2 4.28019E-2 4.28019E-2 4.34357E-2 4.31343E-2 4.428E-2 4.51036E-2 4.76729E-2 4.93549E-2 5.04582E-2 5.26463E-2 5.42517E-2 5.97836E-2 6.24466E-2 6.50854E-2 6.41115E-2 6.18027E-2 5.81037E-2 5.73007E-2 5.47757E-2 5.22022E-2 4.839E-2 4.47379E-2 4.20476E-2 3.89501E-2 3.72873E-2 3.60899E-2 3.46448E-2 3.26466E-2 3.56182E-2 3.7841E-2 3.89769E-2 4.17855E-2 4.75106E-2 4.90293E-2 5.40042E-2 5.98912E-2 6.55166E-2 7.31255E-2 8.0731E-2 9.20552E-2 9.08634E-2 7.74242E-2 9.08196E-2 9.06459E-2 9.17772E-2
-9999 -9999 -9999 -9999 -9999 -9999 -9999 -9999 -9999 5.65107E-2 5.63013E-2 5.58169E-2 5.12134E-2 4.97487E-2 5.031E-2 5.11397E-2 4.91041E-2 4.63202E-2 4.49358E-2 4.35487E-2 4.04133E-2 4.04133E-2 4.074E-2 4.04133E-2 4.07433E-2 4.10582E-2 4.13577E-2 4.1909E-2 4.34335E-2 4.44777E-2 4.55856E-2 4.71173E-2 4.88361E-2 4.95453E-2 5.23178E-2 5.27006E-2 5.76869E-2 6.63308E-2 6.81732E-2 6.3019E-2 5.86601E-2 5.49135E-2 5.1879E-2 5.32776E-2 5.29293E-2 4.97487E-2 4.75758E-2 4.43533E-2 3.99261E-2 3.89523E-2 3.89523E-2 3.7841E-2 3.89758E-2 3.89847E-2 3.94858E-2 4.0703E-2 4.41879E-2 4.7692E-2 5.14586E-2 5.6459E-2 6.39715E-2 7.07997E-2 7.85997E-2 8.83233E-2 9.19981E-2 1.01427E-1 9.8098E-2 1.03057E-1 1.01571E-1 9.92976E-2
-9999 -9999 -9999 -9999 -9999 -9999 -9999 -9999 -9999 -9999 5.1415E-2 5.11957E-2 5.12134E-2 4.93503E-2 4.43821E-2 4.54593E-2 4.35227E-2 4.24317E-2 4.1927E-2 4.07714E-2 4.01571E-2 3.97099E-2 3.73855E-2 3.85522E-2 4.04435E-2 4.07433E-2 3.98364E-2 4.13577E-2 4.29052E-2 4.32045E-2 4.25619E-2 4.22335E-2 4.30714E-2 4.48437E-2 4.60908E-2 5.01607E-2 5.42405E-2 5.90741E-2 6.3019E-2 6.1284E-2 5.68702E-2 5.11717E-2 4.74656E-2 5.19227E-2 5.1879E-2 5.14129E-2 4.79558E-2 4.4929E-2 4.13318E-2 4.06561E-2 3.71499E-2 3.81605E-2 4.0703E-2 4.01403E-2 4.24525E-2 4.61583E-2 4.7692E-2 5.0103E-2 5.4742E-2 5.66115E-2 6.55045E-2 7.53099E-2 8.00915E-2 8.81366E-2 9.31697E-2 1.0151E-1 1.08111E-1 1.06704E-1 1.02967E-1 1.02258E-1
-9999 -9999 -9999 -9999 -9999 -9999 -9999 -9999 -9999 -9999 -9999 4.77804E-2 4.67797E-2 4.82225E-2 4.30714E-2 4.27684E-2 4.16368E-2 4.02535E-2 4.02535E-2 4.05445E-2 3.84481E-2 3.74098E-2 3.79651E-2 3.88679E-2 3.86121E-2 3.95273E-2 4.074E-2 4.01319E-2 4.07433E-2 4.13577E-2 4.1927E-2 4.07153E-2 3.97796E-2 4.21279E-2 4.2914E-2 4.59167E-2 5.02072E-2 5.05202E-2 5.02652E-2 4.89293E-2 4.82133E-2 4.7546E-2 4.68357E-2 4.89293E-2 4.59209E-2 4.4223E-2 4.22335E-2 4.06805E-2 4.03073E-2 4.11474E-2 4.07446E-2 4.15568E-2 4.21756E-2 4.24525E-2 4.53827E-2 4.6548E-2 4.96988E-2 5.00744E-2 5.21623E-2 5.95875E-2 6.56089E-2 7.0585E-2 8.11275E-2 8.24417E-2 8.96867E-2 1.02863E-1 1.02631E-1 1.09397E-1 1.09153E-1 1.06523E-1
-9999 -9999 -9999 -9999 -9999 -9999 -9999 -9999 -9999 -9999 -9999 -9999 -9999 -9999 4.22715E-2 4.23987E-2 -9999 -9999 3.98996E-2 3.91758E-2 3.74098E-2 3.74098E-2 3.714E-2 3.85169E-2 3.9205E-2 3.71985E-2 3.81526E-2 3.73536E-2 3.91097E-2 4.01319E-2 4.00688E-2 3.95504E-2 3.91467E-2 3.96441E-2 4.02535E-2 4.24279E-2 4.26063E-2 4.50243E-2 4.43558E-2 4.78012E-2 4.73478E-2 4.5701E-2 4.59209E-2 4.43558E-2 4.32523E-2 4.13378E-2 3.87303E-2 3.88679E-2 3.80313E-2 3.89509E-2 4.03073E-2 3.98364E-2 4.23104E-2 4.34357E-2 4.52526E-2 4.7692E-2 4.92783E-2 5.38808E-2 5.8285E-2 5.98912E-2 6.59837E-2 6.91767E-2 7.39343E-2 -9999 -9999 7.96755E-2 8.74822E-2 9.98993E-2 1.14202E-1 1.09331E-1
-9999 -9999 -9999 -9999 -9999 -9999 -9999 -9999 -9999 -9999 -9999 -9999 -9999 -9999 -9999 -9999 -9999 -9999 -9999 -9999 3.63793E-2 -9999 -9999 3.73855E-2 3.68132E-2 3.68132E-2 3.60666E-2 3.58716E-2 3.75714E-2 -9999 3.79316E-2 3.80266E-2 3.80266E-2 3.85522E-2 3.81407E-2 3.87303E-2 3.83017E-2 3.88938E-2 4.19681E-2 4.24279E-2 4.30714E-2 4.38551E-2 4.22715E-2 4.03909E-2 3.94933E-2 3.81407E-2 3.75714E-2 3.5995E-2 3.63139E-2 3.62196E-2 3.69975E-2 3.85169E-2 4.09331E-2 4.1652E-2 4.47889E-2 4.61378E-2 5.0423E-2 5.45181E-2 5.4599E-2 5.47132E-2 6.0009E-2 -9999 -9999 -9999 -9999 -9999 7.27736E-2 9.6303E-2 1.08741E-1 1.14608E-1
-9999 -9999 -9999 -9999 -9999 -9999 -9999 -9999 -9999 -9999 -9999 -9999 -9999 -9999 -9999 -9999 -9999 -9999 -9999 -9999 -9999 -9999 -9999 -9999 -9999 -9999 -9999 -9999 -9999 -9999 -9999 3.71223E-2 3.62196E-2 3.69975E-2 3.60666E-2 3.60666E-2 3.60666E-2 3.60666E-2 3.79651E-2 3.94933E-2 3.88938E-2 -9999 -9999 3.77172E-2 3.75585E-2 3.55115E-2 3.41302E-2 -9999 -9999 -9999 -9999 -9999 4.1989E-2 -9999 -9999 -9999 -9999 -9999 -9999 -9999 -9999 -9999 -9999 -9999 -9999 -9999 8.21733E-2 1.06754E-1 1.14625E-1 1.3011E-1
-9999 -9999 -9999 -9999 -9999 -9999 -9999 -9999 -9999 -9999 -9999 -9999 -9999 -9999 -9999 -9999 -9999 -9999 -9999 -9999 -9999 -9999 -9999 -9999 -9999 -9999 -9999 -9999 -9999 -9999 -9999 -9999 -9999 -9999 3.56633E-2 -9999 3.38255E-2 -9999 -9999 -9999 -9999 -9999 -9999 -9999 -9999 -9999 -9999 -9999 -9999 -9999 -9999 -9999 -9999 -9999 -9999 -9999 -9999 -9999 -9999 -9999 -9999 -9999 -9999 -9999 -9999 -9999 1.04186E-1 1.17411E-1 1.29384E-1 1.35215E-1
-9999 -9999 -9999 -9999 -9999 -9999 -9999 -9999 -9999 -9999 -9999 -9999 -9999 -9999 -9999 -9999 -9999 -9999 -9999 -9999 -9999 -9999 -9999 -9999 -9999 -9999 -9999 -9999 -9999 -9999 -9999 -9999 -9999 -9999 -9999 -9999 -9999 -9999 -9999 -9999 -9999 -9999 -9999 -9999 -9999 -9999 -9999 -9999 -9999 -9999 -9999 -9999 -9999 -9999 -9999 -9999 -9999 -9999 -9999 -9999 -9999 -9999 -9999 -9999 -9999 -9999 1.20095E-1 1.3678E-1 1.35281E-1 1.43619E-1
-9999 -9999 -9999 -9999 -9999 -9999 -9999 -9999 -9999 -9999 -9999 -9999 -9999 -9999 -9999 -9999 -9999 -9999 -9999 -9999 -9999 -9999 -9999 -9999 -9999 -9999 -9999 -9999 -9999 -9999 -9999 -9999 -9999 -9999 -9999 -9999 -9999 -9999 -9999 -9999 -9999 -9999 -9999 -9999 -9999 -9999 -9999 -9999 -9999 -9999 -9999 -9999 -9999 -9999 -9999 -9999 -9999 -9999 -9999 -9999 -9999 -9999 -9999 -9999 -9999 -9999 -9999 -9999 -9999 -9999
-9999 -9999 -9999 -9999 -9999 -9999 -9999 -9999 -9999 -9999 -9999 -9999 -9999 -9999 -9999 -9999 -9999 -9999 -9999 -9999 -9999 -9999 -9999 -9999 -9999 -9999 -9999 -9999 -9999 -9999 -9999 -9999 -9999 -9999 -9999 -9999 -9999 -9999 -9999 -9999 -9999 -9999 -9999 -9999 -9999 -9999 -9999 -9999 -9999 -9999 -9999 -9999 -9999 -9999 -9999 -9999 -9999 -9999 -9999 -9999 -9999 -9999 -9999 -9999 -9999 -9999 -9999 -9999 -9999 1.2983E-1
-9999 -9999 -9999 -9999 -9999 -9999 -9999 -9999 -9999 -9999 -9999 -9999 -9999 -9999 -9999 -9999 -9999 -9999 -9999 -9999 -9999 -9999 -9999 -9999 -9999 -9999 -9999 -9999 -9999 -9999 -9999 -9999 -9999 -9999 -9999 -9999 -9999 -9999 -9999 -9999 -9999 -9999 -9999 -9999 -9999 -9999 -9999 -9999 -9999 -9999 -9999 -9999 -9999 -9999 -9999 -9999 -9999 -9999 -9999 -9999 -9999 -9999 -9999 -9999 -9999 -9999 -9999 -9999 -9999 -9999
