KUENM/Final_Models/M_0.1_F_lq_Set_2_E/sp1_stddev.asc
ncols         197
nrows         210
xllcorner     56.1666666666667
yllcorner     4.5
cellsize      0.166666666666667
NODATA_value  -9999
[rows 56 to 83 of 210, columns 130 to 194 of 197]
2.10308E-4 2.17739E-7 1.10411E-6 1.2545E-8 2.55514E-7 7.2089E-8 3.2267E-7 1.88923E-8 1.47016E-7 4.87684E-7 3.73013E-7 1.12893E-7 1.66624E-7 2.69049E-7 2.7442E-7 3.32901E-6 1.01059E-5 1.38235E-5 2.53174E-5 5.84718E-7 1.26141E-6 3.68554E-6 2.07684E-5 1.86861E-5 3.07597E-6 2.40677E-6 2.11387E-7 4.21365E-7 4.17281E-7 1.22964E-6 2.94604E-6 4.53842E-6 5.64505E-6 3.26663E-6 1.0074E-6 1.15643E-6 1.20687E-6 2.06786E-7 3.54161E-8 1.80027E-8 4.83297E-8 7.8549E-9 4.76873E-9 5.54186E-9 -9999 -9999 -9999 -9999 -9999 -9999 -9999 -9999 -9999 -9999 -9999 -9999 -9999 -9999 -9999 -9999 -9999 -9999 -9999 -9999 -9999
1.08579E-2 4.29844E-3 5.85804E-5 1.45019E-9 5.23743E-9 5.8752E-7 3.01731E-8 3.73053E-8 1.10211E-6 7.3599E-7 5.81788E-7 2.61978E-7 1.22618E-8 1.21027E-9 1.02231E-9 7.28861E-7 2.22852E-7 1.88515E-5 3.18854E-5 4.19657E-7 5.13885E-6 7.18632E-7 5.41112E-6 5.60719E-5 5.69563E-4 1.34219E-5 4.78403E-6 1.26627E-6 5.89152E-7 2.05703E-7 7.31856E-7 2.8785E-6 3.67096E-6 5.18872E-6 3.67995E-6 1.25265E-6 7.30158E-7 8.39276E-7 2.18059E-7 2.99524E-8 8.69727E-9 2.40148E-8 5.61691E-9 5.33058E-9 2.352E-8 3.33082E-9 -9999 -9999 -9999 -9999 -9999 -9999 -9999 -9999 -9999 -9999 -9999 -9999 -9999 -9999 -9999 -9999 -9999 -9999 -9999
2.99271E-2 3.02349E-2 3.11317E-3 9.07223E-6 1.70264E-7 1.73377E-7 4.01767E-8 1.03727E-8 6.30581E-7 5.8364E-7 3.92581E-7 3.2267E-7 1.89118E-8 7.9129E-10 4.60099E-10 1.87817E-10 4.87001E-8 6.93211E-7 3.68618E-5 9.69496E-6 9.0766E-5 4.21159E-5 1.33706E-5 1.36835E-3 4.66341E-3 1.84392E-3 1.2362E-5 2.59264E-6 4.12787E-6 1.12927E-7 1.07374E-7 6.0081E-7 2.73533E-6 3.94939E-6 2.85637E-6 2.37082E-6 1.00084E-6 1.44151E-6 4.49606E-7 3.76889E-7 1.4898E-8 3.65273E-8 6.3478E-8 3.31736E-8 1.7657E-8 7.84108E-9 5.85685E-9 2.26702E-8 -9999 -9999 -9999 -9999 -9999 -9999 -9999 -9999 -9999 -9999 -9999 -9999 -9999 -9999 -9999 -9999 -9999
4.61635E-2 3.80049E-2 1.46243E-2 1.93439E-3 4.12748E-5 7.74328E-6 1.58602E-6 2.17958E-7 1.24467E-8 3.25214E-9 2.3475E-7 4.82509E-7 8.06921E-8 2.31495E-8 4.38079E-7 5.59753E-8 1.59128E-7 7.97374E-7 4.81745E-6 7.40787E-5 1.96041E-4 5.92798E-4 3.0415E-4 9.6029E-3 7.0179E-3 3.34278E-3 7.13112E-4 1.2223E-4 1.50176E-5 5.26129E-6 5.0881E-6 8.68775E-7 2.15091E-7 1.09689E-6 1.32312E-6 7.8555E-7 7.00131E-7 2.81139E-6 1.85221E-6 9.71259E-7 4.02046E-7 2.30975E-7 2.60337E-7 1.28691E-7 8.85246E-8 3.08593E-8 4.34511E-8 6.41765E-8 2.2929E-8 1.84071E-8 -9999 -9999 -9999 -9999 -9999 -9999 -9999 -9999 -9999 -9999 -9999 -9999 -9999 -9999 -9999
4.48578E-2 4.57934E-2 2.93731E-2 1.57596E-2 4.55085E-3 9.20058E-4 4.90564E-5 1.65697E-6 1.31311E-9 4.6511E-11 4.81535E-11 1.1931E-8 1.28909E-7 3.79165E-7 1.77173E-7 2.51448E-6 3.68218E-6 1.62179E-6 2.04658E-6 5.04572E-5 2.85479E-4 8.01072E-4 7.22072E-4 7.63167E-3 2.02452E-3 7.98139E-4 1.7248E-4 8.79722E-6 8.7109E-7 1.27567E-6 6.22879E-6 1.02864E-5 2.25783E-6 1.40804E-7 3.5509E-7 7.42615E-8 3.83757E-7 1.51488E-6 3.46601E-7 8.87244E-7 7.48148E-7 2.95784E-7 7.46155E-7 4.84884E-7 3.2223E-7 5.50128E-8 9.71341E-8 1.06328E-7 1.33189E-7 1.21914E-7 1.40383E-7 7.20356E-8 -9999 -9999 -9999 -9999 -9999 -9999 -9999 -9999 -9999 -9999 -9999 -9999 -9999
4.16841E-2 4.52849E-2 3.91539E-2 2.82764E-2 1.78133E-2 7.93727E-3 2.12412E-3 1.49173E-4 6.64688E-7 1.94686E-10 1.19566E-10 4.53358E-9 4.52984E-8 1.66242E-7 3.07542E-7 3.34748E-6 6.25291E-6 5.28143E-6 1.00348E-5 2.00321E-5 9.2073E-5 6.41158E-4 1.77652E-3 2.32423E-3 2.45732E-3 1.83041E-3 1.23749E-3 1.88075E-4 3.92556E-6 2.68323E-6 4.63726E-6 2.78481E-6 1.52323E-6 1.93662E-7 5.74191E-8 2.43467E-8 1.84882E-6 1.6948E-6 1.63958E-7 1.30623E-6 1.60133E-6 1.05859E-6 8.69831E-7 4.93646E-7 4.26023E-7 1.06727E-6 3.55665E-7 7.09495E-7 6.23823E-7 1.3912E-7 1.52629E-7 5.48285E-8 7.82571E-7 -9999 -9999 -9999 -9999 -9999 -9999 -9999 -9999 -9999 -9999 -9999 -9999
4.64081E-2 4.86949E-2 4.52849E-2 3.94773E-2 3.23649E-2 2.54126E-2 1.29702E-2 2.77754E-3 2.28265E-4 9.19533E-6 3.48287E-7 3.66096E-8 2.18779E-8 1.65327E-7 2.85151E-7 3.24876E-7 1.64698E-6 2.88305E-6 7.68305E-6 7.77369E-6 1.61856E-5 9.71868E-5 1.04748E-3 2.52759E-3 4.17682E-4 1.83494E-4 8.11552E-5 1.72985E-4 5.00482E-4 7.59738E-5 7.0436E-5 2.19357E-6 1.31318E-6 1.21793E-6 8.16837E-8 3.77433E-8 4.97435E-5 1.53736E-6 1.27658E-7 3.21542E-7 2.00275E-7 1.7247E-7 1.19614E-7 3.4795E-7 3.37163E-7 4.38649E-7 2.4534E-7 3.2223E-7 3.81937E-7 7.09807E-8 6.51306E-8 5.66755E-8 8.15647E-8 1.32312E-7 2.72691E-7 -9999 -9999 -9999 -9999 -9999 -9999 -9999 -9999 -9999 -9999
5.63599E-2 5.65163E-2 5.5429E-2 5.11729E-2 4.81469E-2 4.66414E-2 3.14341E-2 1.37422E-2 5.48007E-3 3.54595E-3 1.03543E-3 9.6711E-5 1.69351E-5 4.12256E-5 1.37261E-4 5.34896E-6 3.7615E-7 2.86007E-7 2.48379E-7 1.40265E-6 4.21294E-6 1.71375E-5 2.25318E-5 2.32634E-4 1.55745E-3 9.31305E-4 1.6705E-3 3.93109E-4 3.64859E-4 1.41101E-4 4.12605E-4 3.7015E-5 5.1379E-6 1.34855E-6 1.89336E-7 1.52464E-5 1.77485E-5 1.07225E-7 2.97216E-8 1.65044E-8 6.95999E-8 1.18682E-7 4.85435E-8 6.69692E-8 6.32968E-7 2.79769E-7 8.7795E-7 6.67189E-8 4.66762E-8 3.5431E-8 5.04364E-7 1.05812E-6 3.66194E-8 7.93111E-8 8.7651E-8 4.2313E-8 -9999 -9999 -9999 -9999 -9999 -9999 -9999 -9999 -9999
6.14688E-2 6.12453E-2 6.14298E-2 6.12836E-2 6.12836E-2 5.89401E-2 4.76563E-2 3.02444E-2 1.90962E-2 1.36152E-2 8.98345E-3 2.87688E-3 3.49801E-4 1.6317E-4 3.2076E-5 1.37502E-6 3.95826E-7 1.56901E-7 3.39211E-8 5.87436E-8 5.82729E-7 7.63154E-6 4.26429E-6 1.44901E-5 8.25532E-5 1.28828E-5 4.28481E-6 2.66324E-5 3.07803E-4 2.08002E-4 1.3393E-4 1.45677E-6 7.85587E-8 2.26488E-8 3.74996E-6 3.87429E-5 1.24693E-6 2.7249E-7 8.65749E-7 3.19197E-8 1.69948E-7 1.3579E-6 7.64513E-7 1.10204E-7 2.02567E-6 1.46676E-7 1.27097E-6 1.0238E-6 7.60588E-7 2.59353E-7 5.71079E-7 2.3015E-6 2.26173E-7 9.8841E-7 4.00026E-7 6.2717E-7 4.49263E-7 -9999 -9999 -9999 -9999 -9999 -9999 -9999 -9999
6.00739E-2 6.10696E-2 6.05949E-2 5.91737E-2 5.77231E-2 6.14339E-2 5.30261E-2 3.94499E-2 2.96411E-2 2.13982E-2 1.27928E-2 3.01592E-3 7.96435E-4 6.71656E-4 1.48407E-4 8.1566E-6 2.82212E-6 2.67655E-6 4.69405E-7 6.05408E-8 7.55552E-9 2.48915E-8 7.79818E-9 4.18165E-7 3.53665E-6 3.72179E-7 1.82118E-7 3.74995E-7 8.43438E-7 2.21918E-5 4.4477E-4 1.5258E-4 3.66176E-4 1.50673E-4 8.06585E-4 6.59338E-5 3.13891E-7 1.26743E-6 3.39227E-6 4.757E-5 4.53117E-7 8.68522E-6 3.59687E-6 7.42739E-7 1.80699E-6 1.25078E-7 4.57087E-8 1.45389E-7 2.41702E-7 3.80926E-7 8.80261E-8 6.79178E-7 4.14988E-6 1.39031E-6 1.3563E-6 1.5945E-6 9.89155E-7 4.43684E-6 -9999 -9999 -9999 -9999 -9999 -9999 -9999
5.58363E-2 6.01629E-2 6.13287E-2 6.05706E-2 5.98886E-2 6.09871E-2 4.83418E-2 4.12199E-2 3.62751E-2 2.5669E-2 1.10837E-2 1.91884E-3 8.96622E-4 1.58693E-3 1.35044E-3 2.61046E-4 1.1956E-4 8.23789E-5 4.28198E-5 7.76133E-6 1.51522E-6 8.27378E-8 2.08553E-9 1.88484E-8 9.42608E-7 2.28486E-5 1.03623E-5 9.65857E-6 8.96523E-7 1.00333E-5 8.84426E-5 8.91135E-6 5.6566E-6 1.01395E-9 3.36319E-13 6.61711E-6 1.55085E-7 1.44372E-4 1.67783E-4 1.08184E-4 3.20791E-6 4.7916E-6 1.64271E-3 2.25639E-6 2.67288E-5 6.70577E-5 1.01753E-7 2.94634E-9 1.3616E-7 7.22793E-7 4.14703E-8 2.71086E-8 8.06348E-7 2.72607E-7 1.29297E-6 2.15101E-6 3.06795E-7 6.67212E-7 4.6586E-6 -9999 -9999 -9999 -9999 -9999 -9999
5.1561E-2 5.89253E-2 6.18562E-2 6.17786E-2 6.17125E-2 5.97053E-2 4.81851E-2 4.45042E-2 4.03564E-2 2.90983E-2 1.5129E-2 2.56792E-3 1.33123E-3 2.04092E-3 2.89121E-3 1.77201E-3 1.33166E-3 1.63955E-3 1.9787E-3 4.91027E-4 1.08819E-4 8.42512E-5 1.06708E-4 4.11129E-5 2.27964E-6 7.91985E-6 1.92081E-5 8.82652E-6 1.60068E-6 3.4208E-7 7.23608E-8 3.4322E-9 1.48243E-9 8.62619E-13 1.63088E-16 5.25113E-27 9.50642E-31 1.23362E-28 1.73101E-24 2.42011E-19 8.68941E-7 1.428E-4 5.89169E-5 3.83373E-4 1.56127E-4 3.01222E-4 9.61708E-7 6.47405E-8 5.5714E-7 4.01104E-7 3.28522E-8 2.20368E-8 4.04316E-8 1.90047E-8 1.89121E-7 1.09906E-7 5.24356E-7 4.10993E-6 2.57087E-8 2.25083E-6 -9999 -9999 -9999 -9999 -9999
4.67438E-2 5.5712E-2 6.05271E-2 6.07793E-2 6.0675E-2 6.19205E-2 6.04275E-2 5.39799E-2 4.84239E-2 3.76483E-2 2.55381E-2 1.20654E-2 6.04226E-3 4.98793E-3 7.43929E-3 6.44538E-3 5.34159E-3 6.27699E-3 7.24983E-3 3.81275E-3 2.1622E-3 3.31656E-3 7.73477E-3 6.62977E-3 1.29155E-3 1.33143E-5 5.89019E-6 6.05594E-6 9.96223E-6 2.39837E-5 5.27769E-6 1.32231E-8 5.91293E-9 4.88181E-13 3.27349E-15 1.09769E-20 1.5914E-22 2.21214E-24 1.97741E-22 2.22071E-21 3.26215E-17 1.69405E-13 2.14185E-10 1.27662E-6 1.49029E-6 1.31451E-4 5.32458E-5 4.52682E-5 1.13213E-5 2.64194E-6 4.32285E-6 1.4036E-6 1.58684E-8 2.43338E-9 1.53276E-9 2.14811E-8 1.70916E-6 7.00319E-6 1.86063E-7 3.19005E-7 1.00353E-7 -9999 -9999 -9999 -9999
3.79032E-2 4.95927E-2 5.58842E-2 5.52678E-2 5.27674E-2 5.63252E-2 6.13484E-2 6.18255E-2 5.66867E-2 5.00878E-2 4.07974E-2 2.93428E-2 2.08817E-2 1.99929E-2 2.20403E-2 1.38018E-2 1.0192E-2 9.84815E-3 1.06945E-2 9.33047E-3 9.29641E-3 1.25832E-2 1.48677E-2 9.95453E-3 2.01885E-3 6.20735E-5 7.6952E-6 6.06709E-6 1.65083E-5 6.28072E-5 9.45624E-5 3.83518E-6 4.62708E-7 8.91267E-9 8.21478E-10 2.3406E-12 1.18199E-14 6.48196E-16 2.30378E-16 8.86142E-16 1.04919E-14 8.85282E-14 2.01582E-11 1.34125E-10 2.83761E-9 1.12836E-11 1.5062E-14 1.38239E-13 3.57177E-12 3.78735E-5 5.79269E-6 4.77789E-7 2.46214E-7 9.59814E-7 1.30447E-8 3.69808E-8 1.48365E-5 8.10855E-6 1.94747E-6 1.0832E-7 2.68094E-8 -9999 -9999 -9999 -9999
3.74594E-2 4.15994E-2 4.68896E-2 4.80301E-2 4.00479E-2 4.54564E-2 5.40607E-2 6.10788E-2 6.20559E-2 5.85627E-2 5.32285E-2 4.49402E-2 3.48935E-2 3.05771E-2 2.65953E-2 1.75133E-2 1.3343E-2 1.47533E-2 1.54633E-2 1.50806E-2 1.57503E-2 1.71506E-2 1.46955E-2 8.66183E-3 2.6438E-3 3.96615E-4 4.94975E-5 9.91353E-6 1.52943E-5 6.21732E-5 1.57152E-4 6.54965E-5 3.35103E-6 2.57562E-8 2.69978E-9 1.5373E-11 3.08421E-12 1.17997E-13 3.61934E-13 3.96988E-12 1.08231E-11 1.78829E-11 4.47453E-12 1.80042E-9 1.46083E-9 3.5721E-11 9.75292E-10 1.60917E-13 2.83915E-17 7.05036E-14 2.34081E-13 1.63623E-5 1.35782E-6 1.06613E-5 1.91652E-7 2.44482E-6 1.40815E-6 3.14419E-14 3.99783E-6 2.92998E-6 1.25284E-6 1.91048E-8 -9999 -9999 -9999
3.50443E-2 3.57656E-2 3.57656E-2 3.89191E-2 3.72167E-2 3.90661E-2 4.66756E-2 5.57463E-2 6.18443E-2 6.25354E-2 6.13535E-2 5.58479E-2 4.4613E-2 3.19504E-2 2.53086E-2 1.83215E-2 1.06608E-2 1.60928E-2 1.90869E-2 1.98723E-2 2.00717E-2 1.95378E-2 1.45092E-2 8.15468E-3 3.30491E-3 1.07683E-3 3.37352E-4 1.3743E-4 1.13144E-4 1.75985E-4 4.24298E-4 3.01539E-4 1.81541E-5 1.81664E-6 6.41439E-8 6.44603E-9 3.70491E-11 7.08334E-13 7.52307E-11 5.82534E-9 4.77765E-9 3.72998E-10 4.07495E-9 3.75214E-12 1.13441E-10 1.39573E-11 2.01663E-7 2.41514E-7 7.50059E-13 9.42826E-12 1.08164E-13 5.86924E-10 4.10949E-8 2.1426E-12 1.23187E-7 6.42898E-12 9.65381E-19 1.76461E-11 2.47574E-6 8.02386E-7 2.3176E-5 1.86446E-7 1.39177E-6 -9999 -9999
3.1474E-2 3.70813E-2 3.56002E-2 3.88177E-2 4.17965E-2 4.25382E-2 4.35673E-2 4.84422E-2 5.6318E-2 6.13595E-2 6.25612E-2 6.19182E-2 5.55005E-2 3.41129E-2 2.67889E-2 2.53086E-2 1.87017E-2 2.26773E-2 2.82528E-2 2.64665E-2 2.53877E-2 2.20564E-2 1.55278E-2 8.81923E-3 4.40613E-3 2.45403E-3 1.37536E-3 8.1054E-4 5.95237E-4 6.83277E-4 8.94411E-4 5.26394E-4 1.11017E-4 7.18101E-5 2.95695E-5 1.18014E-6 7.18746E-8 2.69627E-8 1.05468E-7 4.76116E-7 2.10652E-7 5.83778E-9 2.00785E-10 1.17924E-9 1.48109E-7 1.09555E-7 5.1556E-7 5.25036E-6 8.78782E-6 9.46212E-6 1.44227E-8 7.32925E-11 4.9966E-13 2.63376E-13 3.1501E-13 2.51033E-11 3.38782E-9 1.0249E-12 3.41672E-12 5.16758E-13 7.67891E-11 1.97784E-5 4.36895E-9 -9999 -9999
2.63232E-2 3.65141E-2 4.53019E-2 4.938E-2 4.77291E-2 4.70085E-2 4.43136E-2 4.45614E-2 5.00191E-2 5.77143E-2 6.19257E-2 6.22118E-2 6.25506E-2 5.67611E-2 3.88433E-2 3.09406E-2 3.14441E-2 4.26236E-2 4.34006E-2 3.81731E-2 3.30775E-2 2.73359E-2 1.87999E-2 1.08728E-2 5.80862E-3 5.57288E-3 5.48884E-3 3.34865E-3 1.94572E-3 1.77201E-3 1.82831E-3 6.60426E-4 1.45153E-4 1.53777E-4 3.62447E-4 8.86557E-5 1.02736E-5 4.66523E-6 5.64303E-6 2.94794E-5 3.19407E-4 2.30072E-5 8.59113E-9 7.29312E-11 1.34106E-10 4.50896E-11 2.90786E-9 1.51828E-5 2.38727E-4 1.47137E-4 6.85467E-5 1.09056E-5 7.89621E-6 9.7659E-8 4.66773E-12 2.78491E-9 1.19341E-3 6.20775E-11 3.84907E-10 1.45793E-8 2.44645E-13 1.34477E-11 9.08885E-20 1.34796E-21 -9999
3.2526E-2 3.50086E-2 4.29067E-2 5.02514E-2 4.97857E-2 5.04825E-2 4.88413E-2 4.73959E-2 4.34138E-2 5.52167E-2 6.15925E-2 6.04422E-2 5.89698E-2 6.26963E-2 5.25695E-2 3.88433E-2 3.93721E-2 4.83892E-2 5.05055E-2 5.12072E-2 4.73308E-2 3.69946E-2 2.52177E-2 1.52026E-2 9.27337E-3 1.39993E-2 1.99929E-2 1.03159E-2 5.05703E-3 4.1599E-3 3.81928E-3 1.53854E-3 3.10857E-4 4.00958E-4 1.14942E-3 6.13287E-4 1.71402E-4 1.55736E-4 2.65085E-4 3.61881E-4 1.04164E-3 2.12937E-3 3.69272E-4 2.57951E-6 3.69227E-8 6.84011E-9 3.47089E-8 7.8632E-7 2.51096E-5 2.11259E-4 1.12886E-4 4.15806E-4 6.09478E-5 2.70704E-4 5.37923E-7 5.33503E-4 3.73401E-3 6.01095E-6 8.4184E-5 8.39788E-9 2.98317E-13 1.64398E-15 1.68808E-22 1.02058E-24 -9999
4.03543E-2 3.67654E-2 3.88157E-2 4.97857E-2 5.69954E-2 5.71769E-2 5.90266E-2 5.79568E-2 5.20658E-2 5.65525E-2 6.05605E-2 5.94016E-2 5.98111E-2 6.28938E-2 5.88021E-2 5.5695E-2 5.76864E-2 5.57077E-2 5.40685E-2 6.0147E-2 5.97898E-2 4.63177E-2 3.13627E-2 2.14616E-2 1.52026E-2 1.74774E-2 2.78884E-2 1.52955E-2 8.92125E-3 8.37801E-3 9.72832E-3 8.17489E-3 2.96922E-3 1.90401E-3 2.40968E-3 1.77019E-3 6.55139E-4 1.05665E-3 2.64636E-3 3.15863E-3 2.97807E-3 6.237E-3 2.97182E-3 3.02421E-4 5.29263E-5 3.15008E-5 6.62581E-5 7.93595E-5 5.2917E-5 2.84251E-5 5.94028E-5 9.32897E-4 3.17854E-4 5.34949E-4 4.41683E-4 3.63737E-4 2.0019E-3 1.82367E-3 2.83837E-5 8.05647E-8 5.41902E-12 5.78519E-21 2.05712E-26 2.6989E-29 2.78113E-35
4.58456E-2 4.2458E-2 4.43274E-2 5.20742E-2 5.81621E-2 5.82202E-2 6.20681E-2 6.21711E-2 5.80519E-2 5.8447E-2 5.92171E-2 5.78792E-2 5.91162E-2 6.23949E-2 6.26418E-2 6.28082E-2 6.27786E-2 6.1084E-2 5.68554E-2 6.28109E-2 6.0757E-2 4.92309E-2 3.84334E-2 3.07825E-2 2.2531E-2 1.86071E-2 2.33581E-2 1.84156E-2 1.51903E-2 1.693E-2 2.1632E-2 2.40782E-2 1.22358E-2 5.85674E-3 6.19847E-3 5.80333E-3 3.7638E-3 5.06708E-3 7.95001E-3 5.96182E-3 5.26921E-3 7.80476E-3 4.89335E-3 2.1344E-3 1.97172E-3 1.46307E-3 3.77334E-3 4.25996E-3 1.95774E-3 7.93243E-4 2.65745E-4 8.75441E-5 5.38728E-5 1.36818E-5 8.74668E-8 2.25297E-11 7.17418E-10 1.42198E-8 4.39131E-12 1.94375E-16 1.23235E-17 1.36691E-18 4.11984E-22 4.19503E-34 9.40934E-40
5.27856E-2 5.48661E-2 5.18818E-2 5.59454E-2 6.0463E-2 5.14215E-2 5.38814E-2 5.72759E-2 5.68118E-2 5.48661E-2 5.44126E-2 5.44126E-2 5.42072E-2 5.61342E-2 5.72064E-2 5.76187E-2 6.01913E-2 6.29365E-2 6.3059E-2 6.29901E-2 6.0358E-2 5.18508E-2 4.89848E-2 4.47737E-2 3.35942E-2 2.08347E-2 2.36303E-2 2.83031E-2 3.23067E-2 3.33356E-2 3.06013E-2 2.78727E-2 1.84484E-2 1.15129E-2 1.08603E-2 1.01064E-2 1.2101E-2 1.84156E-2 2.35108E-2 2.06773E-2 1.38018E-2 1.34447E-2 1.22207E-2 8.59453E-3 1.56195E-3 9.42847E-4 4.74179E-3 1.10758E-2 8.44328E-3 1.03699E-2 8.03392E-3 7.30591E-4 1.66451E-4 2.90123E-5 1.07691E-6 1.1498E-8 1.7647E-10 1.88537E-13 7.21675E-18 3.00733E-19 1.00495E-17 6.98906E-17 5.59756E-17 1.25113E-25 3.90611E-34
5.71769E-2 6.00526E-2 5.71769E-2 5.72759E-2 6.13352E-2 5.23995E-2 4.83115E-2 5.27856E-2 5.55473E-2 5.52704E-2 5.54699E-2 5.54133E-2 5.02514E-2 5.20658E-2 5.18435E-2 5.48182E-2 6.07077E-2 6.26804E-2 6.32546E-2 6.30938E-2 6.08537E-2 5.84394E-2 5.80729E-2 5.7735E-2 4.97912E-2 3.60455E-2 2.91E-2 3.49913E-2 4.3469E-2 3.97638E-2 3.21878E-2 2.79218E-2 2.25635E-2 1.5852E-2 1.33832E-2 1.53593E-2 2.64316E-2 4.40963E-2 4.15819E-2 3.23347E-2 1.75764E-2 1.83215E-2 2.44252E-2 1.95076E-2 2.5679E-3 4.48864E-4 5.62518E-3 2.39417E-2 2.57804E-2 2.23522E-2 2.81137E-2 2.25613E-2 7.87199E-3 7.83068E-4 8.25246E-5 3.10111E-6 5.09202E-8 1.63519E-10 1.31008E-13 9.78354E-16 6.68503E-16 1.4518E-15 1.49192E-16 8.52178E-21 1.0453E-26
6.04429E-2 6.22759E-2 6.23815E-2 6.29603E-2 6.27952E-2 5.83326E-2 5.07677E-2 5.47285E-2 6.03226E-2 6.14036E-2 6.10682E-2 6.11828E-2 5.80519E-2 5.82859E-2 6.09508E-2 6.33016E-2 6.30015E-2 6.30938E-2 6.33055E-2 6.31617E-2 6.2257E-2 6.1796E-2 6.1509E-2 5.9747E-2 5.60967E-2 4.84892E-2 3.16724E-2 2.62218E-2 3.95996E-2 3.79932E-2 2.52847E-2 2.71804E-2 2.66959E-2 1.54675E-2 1.36559E-2 2.59911E-2 4.65868E-2 5.36391E-2 4.21523E-2 3.15416E-2 1.84156E-2 2.14216E-2 2.90983E-2 3.91217E-2 4.3239E-2 1.54129E-2 1.27488E-2 2.12071E-2 2.74072E-2 2.51936E-2 3.46044E-2 3.2843E-2 1.92112E-2 5.09868E-3 1.09447E-3 1.51137E-4 1.73072E-5 3.63873E-7 7.58544E-10 1.41977E-12 6.48318E-14 3.64896E-14 4.59906E-15 2.54328E-17 3.40544E-20
6.19822E-2 6.16855E-2 5.8238E-2 5.50845E-2 6.08063E-2 6.30959E-2 5.97487E-2 6.21353E-2 6.34936E-2 6.34067E-2 6.32694E-2 6.14486E-2 6.0726E-2 6.26551E-2 6.31575E-2 5.24856E-2 4.93232E-2 6.13451E-2 6.34917E-2 6.34766E-2 6.29191E-2 6.31907E-2 6.24902E-2 5.99563E-2 5.60901E-2 5.04426E-2 3.95996E-2 3.51155E-2 4.63279E-2 4.27025E-2 2.1241E-2 2.81619E-2 2.66639E-2 8.23312E-3 1.13952E-2 3.73034E-2 6.32964E-2 6.31005E-2 4.52844E-2 3.40114E-2 3.31631E-2 3.73702E-2 4.01648E-2 5.16887E-2 6.02636E-2 3.84357E-2 2.38013E-2 1.95839E-2 2.50801E-2 4.67323E-2 4.72239E-2 3.48052E-2 2.03928E-2 1.0039E-2 4.51686E-3 1.44227E-3 3.3103E-4 3.33252E-5 3.70118E-7 1.7502E-9 2.21913E-11 7.44876E-12 1.87844E-12 9.41474E-14 4.78029E-15
6.19349E-2 6.27168E-2 5.30647E-2 4.30319E-2 6.04453E-2 6.38218E-2 6.36075E-2 6.3054E-2 6.17875E-2 6.27479E-2 6.14486E-2 5.11894E-2 5.39601E-2 6.20354E-2 6.33622E-2 6.07422E-2 5.58946E-2 6.31755E-2 6.34936E-2 6.32029E-2 6.33196E-2 6.34766E-2 6.29676E-2 5.89224E-2 5.38107E-2 5.35918E-2 5.3371E-2 5.24704E-2 5.68354E-2 5.48211E-2 4.05411E-2 3.56806E-2 2.27174E-2 9.41789E-3 1.55254E-2 3.9477E-2 6.30905E-2 6.29818E-2 4.93232E-2 4.18937E-2 4.3776E-2 4.63279E-2 4.5691E-2 4.94758E-2 5.09748E-2 4.65723E-2 4.05616E-2 2.76301E-2 3.07825E-2 4.76506E-2 5.68598E-2 4.59532E-2 2.67011E-2 1.46372E-2 1.00693E-2 4.58985E-3 1.02468E-3 1.59348E-4 1.59857E-5 8.0181E-7 3.93002E-8 5.88685E-9 1.33411E-9 3.03883E-10 8.92705E-11
6.00888E-2 6.33395E-2 6.17324E-2 6.04453E-2 6.38368E-2 6.38055E-2 6.07311E-2 6.15029E-2 6.13835E-2 6.32839E-2 5.883E-2 3.98403E-2 3.50111E-2 4.0029E-2 4.45875E-2 4.66757E-2 6.18089E-2 6.32642E-2 6.25817E-2 6.36727E-2 6.36613E-2 6.34408E-2 6.26926E-2 5.87847E-2 5.44564E-2 5.52898E-2 5.82733E-2 5.94172E-2 5.92631E-2 5.55804E-2 5.34066E-2 4.67903E-2 3.03647E-2 2.09209E-2 2.51001E-2 4.62684E-2 6.26746E-2 6.29998E-2 5.3495E-2 5.16123E-2 5.37227E-2 5.45177E-2 5.53719E-2 4.99823E-2 5.39578E-2 5.60901E-2 5.64772E-2 4.65868E-2 2.21352E-2 3.03967E-2 5.84007E-2 4.85751E-2 3.02802E-2 1.84156E-2 1.13962E-2 5.20543E-3 1.61382E-3 5.16145E-4 2.64298E-4 7.51883E-5 8.91551E-6 1.36563E-6 3.35887E-7 1.31169E-7 9.52354E-8
5.76604E-2 6.0978E-2 6.35475E-2 6.34216E-2 6.37679E-2 6.3363E-2 6.3744E-2 6.32694E-2 6.32029E-2 6.33196E-2 6.16667E-2 4.47863E-2 2.67844E-2 2.81787E-2 4.49365E-2 5.28212E-2 6.00449E-2 6.0197E-2 5.31685E-2 5.92632E-2 6.16062E-2 6.19325E-2 6.34482E-2 5.92631E-2 5.645E-2 5.74052E-2 6.09294E-2 6.19037E-2 6.16815E-2 5.57868E-2 4.96339E-2 4.70536E-2 3.80711E-2 3.53398E-2 3.80067E-2 5.49461E-2 6.34715E-2 6.38056E-2 5.99303E-2 5.83918E-2 6.02981E-2 6.32727E-2 6.32094E-2 5.69024E-2 6.21544E-2 6.28254E-2 6.3381E-2 5.6786E-2 3.48745E-2 3.54114E-2 4.99823E-2 4.55464E-2 3.24826E-2 1.86422E-2 1.06114E-2 5.80854E-3 3.45366E-3 2.68638E-3 2.07371E-3 1.14942E-3 2.03367E-4 3.79466E-5 1.1064E-5 5.18191E-6 9.95224E-7
