KUENM/Final_Models/M_0.1_F_lq_Set_2_E/sp1_2.asc
ncols         197
nrows         210
xllcorner     56.1666666666667
yllcorner     4.5
cellsize      0.166666666666667
NODATA_value  -9999
[rows 84 to 111 of 210, columns 130 to 194 of 197]
4.3332E-1 4.42846E-1 3.89012E-1 3.45564E-1 3.5238E-1 4.36773E-1 4.6747E-1 5.03475E-1 4.28065E-1 4.11037E-1 4.40436E-1 5.02639E-1 5.7293E-1 5.37081E-1 4.01279E-1 3.12358E-1 4.04991E-1 4.66891E-1 4.79001E-1 4.335E-1 4.16927E-1 4.05088E-1 3.61592E-1 3.02782E-1 2.72691E-1 3.00928E-1 3.22264E-1 3.09912E-1 2.93887E-1 2.56794E-1 2.12916E-1 1.87097E-1 1.85557E-1 2.13642E-1 2.44991E-1 2.67672E-1 3.32186E-1 3.85645E-1 3.03356E-1 2.69437E-1 2.57138E-1 2.97964E-1 3.34457E-1 3.5595E-1 3.77215E-1 4.35138E-1 3.73889E-1 2.61697E-1 2.44371E-1 2.92007E-1 2.24449E-1 1.5937E-1 8.14648E-2 3.89095E-2 3.3761E-2 2.19261E-2 1.0429E-2 5.86209E-3 7.85726E-3 6.68415E-3 1.82485E-3 3.20016E-4 9.37925E-5 9.30318E-5 1.23275E-5
3.84891E-1 3.90839E-1 3.60168E-1 3.61488E-1 4.06705E-1 4.56755E-1 4.41267E-1 4.16032E-1 3.62971E-1 3.53184E-1 3.79199E-1 4.17832E-1 4.94775E-1 4.25114E-1 2.91347E-1 2.51912E-1 4.14946E-1 4.44873E-1 2.93537E-1 3.40137E-1 3.57977E-1 3.3312E-1 3.3312E-1 3.45564E-1 3.6852E-1 3.33107E-1 3.22404E-1 3.08068E-1 2.74291E-1 2.79587E-1 2.91753E-1 2.32456E-1 2.71791E-1 3.003E-1 2.87214E-1 2.6694E-1 3.00868E-1 3.62107E-1 3.38768E-1 2.79359E-1 2.56397E-1 3.02669E-1 3.58532E-1 3.76328E-1 3.9214E-1 4.03E-1 3.33988E-1 2.36423E-1 2.85427E-1 4.09848E-1 2.85992E-1 1.44542E-1 5.19799E-2 2.43652E-2 5.92196E-2 5.00707E-2 1.50221E-2 3.47099E-3 8.65533E-3 9.65738E-3 3.89114E-3 8.09848E-4 2.14476E-4 1.48465E-4 2.05804E-5
3.2071E-1 3.22666E-1 3.2551E-1 3.13481E-1 3.33107E-1 3.48489E-1 3.35622E-1 2.97164E-1 2.28142E-1 1.65732E-1 2.09065E-1 3.06816E-1 3.60776E-1 2.70929E-1 1.88643E-1 2.26907E-1 3.42009E-1 3.44419E-1 2.90103E-1 3.37902E-1 3.24043E-1 2.88451E-1 2.86675E-1 3.59823E-1 4.53646E-1 4.32413E-1 3.52416E-1 3.06256E-1 2.58716E-1 2.11287E-1 1.70506E-1 2.42657E-1 3.38049E-1 3.64453E-1 2.92583E-1 3.15297E-1 3.06273E-1 2.83855E-1 2.73153E-1 2.5377E-1 2.70365E-1 3.27138E-1 3.39791E-1 3.30756E-1 3.87978E-1 4.32967E-1 3.11686E-1 2.44242E-1 2.65175E-1 2.90086E-1 2.05277E-1 1.32048E-1 9.18125E-2 6.18293E-2 9.46551E-2 8.29784E-2 3.10387E-2 9.50686E-3 8.25284E-3 8.63331E-3 5.17144E-3 2.08996E-3 6.1994E-4 2.39157E-4 4.46931E-5
2.78114E-1 2.68848E-1 2.33146E-1 1.83526E-1 2.02143E-1 2.24698E-1 2.36043E-1 2.38187E-1 1.77509E-1 1.25801E-1 1.24236E-1 2.13053E-1 2.79553E-1 1.49618E-1 8.14648E-2 1.38436E-1 2.08497E-1 2.29352E-1 2.37522E-1 2.63617E-1 2.42304E-1 2.18234E-1 2.19534E-1 2.82638E-1 4.01362E-1 4.11037E-1 3.68223E-1 3.12674E-1 2.62676E-1 2.2682E-1 2.2682E-1 3.0523E-1 4.41076E-1 5.56377E-1 4.46768E-1 2.73559E-1 2.25521E-1 1.92972E-1 1.89573E-1 2.30376E-1 2.79271E-1 2.81058E-1 2.20289E-1 2.08743E-1 2.82066E-1 3.06273E-1 2.79359E-1 2.88294E-1 2.94375E-1 2.42657E-1 1.67879E-1 1.42439E-1 1.68001E-1 1.72948E-1 1.75698E-1 1.28203E-1 5.66266E-2 8.65533E-3 3.6451E-3 3.43324E-3 3.57774E-3 2.90009E-3 1.27773E-3 4.65513E-4 1.52063E-4
2.70961E-1 2.21925E-1 1.46356E-1 8.39025E-2 1.02759E-1 1.38443E-1 1.81881E-1 1.96913E-1 1.7592E-1 1.20865E-1 1.08133E-1 1.53106E-1 1.7013E-1 9.06396E-2 6.23641E-2 9.04991E-2 1.53569E-1 1.78843E-1 1.82809E-1 1.79826E-1 1.46008E-1 1.17157E-1 1.42237E-1 2.04529E-1 2.68226E-1 2.86553E-1 3.23292E-1 3.09602E-1 2.68E-1 2.41805E-1 2.44121E-1 2.93132E-1 4.0267E-1 4.68247E-1 3.50762E-1 2.51578E-1 1.78896E-1 1.37994E-1 1.28258E-1 2.06482E-1 2.60778E-1 2.66066E-1 1.72219E-1 1.5346E-1 2.00906E-1 2.0251E-1 2.3027E-1 3.31325E-1 3.00701E-1 2.18249E-1 1.52802E-1 1.24334E-1 1.61526E-1 2.08444E-1 1.67224E-1 1.08341E-1 3.40504E-2 2.01165E-3 1.08472E-3 3.55462E-3 3.23406E-3 2.66301E-3 1.856E-3 8.82975E-4 3.92501E-4
2.93811E-1 2.13853E-1 1.2586E-1 6.60308E-2 5.93259E-2 7.94487E-2 1.28316E-1 1.958E-1 1.57254E-1 8.84569E-2 8.17752E-2 9.73369E-2 9.6075E-2 7.43473E-2 7.23161E-2 9.05392E-2 1.62082E-1 1.46008E-1 1.2099E-1 1.06183E-1 7.85903E-2 7.08285E-2 9.40737E-2 1.35972E-1 1.88775E-1 2.47933E-1 3.07677E-1 3.05942E-1 2.70414E-1 2.41718E-1 2.2846E-1 2.40815E-1 2.71564E-1 2.66378E-1 2.04282E-1 1.82411E-1 1.92657E-1 1.43257E-1 6.68259E-2 1.03729E-1 1.79882E-1 2.72248E-1 2.23845E-1 1.89839E-1 1.99106E-1 1.89365E-1 2.11444E-1 2.64392E-1 2.7605E-1 1.5964E-1 9.56596E-2 5.95175E-2 7.17852E-2 9.16609E-2 8.12432E-2 3.93671E-2 5.01989E-3 1.73568E-4 9.86723E-5 1.45993E-3 2.30826E-3 1.99667E-3 2.24718E-3 1.3297E-3 6.40566E-4
2.95542E-1 2.37716E-1 1.34584E-1 6.24023E-2 5.13311E-2 5.87196E-2 8.87171E-2 1.00827E-1 6.77253E-2 3.30951E-2 4.16927E-2 5.88019E-2 1.01814E-1 1.11631E-1 1.11461E-1 1.12022E-1 1.19405E-1 1.52222E-1 1.23038E-1 7.67855E-2 4.31489E-2 4.58954E-2 7.00216E-2 1.00761E-1 1.42054E-1 2.18071E-1 2.91308E-1 2.67978E-1 2.4171E-1 2.21276E-1 2.09513E-1 2.08242E-1 2.16284E-1 2.17907E-1 2.16284E-1 2.11716E-1 1.92657E-1 1.24619E-1 6.51116E-2 7.41435E-2 1.29921E-1 1.68001E-1 1.56882E-1 1.72948E-1 1.85815E-1 1.65841E-1 1.7012E-1 1.75911E-1 1.54712E-1 1.09003E-1 6.38137E-2 3.94132E-2 3.4897E-2 3.30785E-2 3.27581E-2 2.08166E-2 2.17953E-3 6.76825E-5 3.12727E-5 4.74605E-4 1.33984E-3 1.83697E-3 2.41227E-3 1.5148E-3 7.1336E-4
3.06816E-1 2.28004E-1 1.14028E-1 6.16034E-2 3.94132E-2 3.74281E-2 4.36902E-2 2.9035E-2 9.07528E-3 9.80803E-3 3.99358E-2 8.68308E-2 1.1051E-1 1.19213E-1 1.26705E-1 1.12238E-1 9.77502E-2 1.23569E-1 9.91321E-2 6.73388E-2 5.26748E-2 5.60372E-2 6.92215E-2 8.12429E-2 1.13872E-1 1.67393E-1 2.23469E-1 2.16321E-1 1.87618E-1 1.81831E-1 1.7012E-1 1.62082E-1 1.59895E-1 1.32828E-1 1.33238E-1 1.39744E-1 1.33223E-1 7.51305E-2 4.83115E-2 6.0214E-2 7.51305E-2 7.4287E-2 5.50964E-2 8.12429E-2 1.04666E-1 9.94437E-2 1.24764E-1 1.43078E-1 1.3198E-1 8.97065E-2 6.16849E-2 4.09751E-2 3.12461E-2 2.81522E-2 2.11968E-2 1.54372E-2 3.2081E-3 4.08509E-4 2.41394E-4 6.49638E-4 1.19075E-3 2.02776E-3 2.47416E-3 1.56725E-3 6.02866E-4
2.41386E-1 1.60074E-1 7.24639E-2 4.24702E-2 3.02078E-2 3.32002E-2 2.9026E-2 2.49322E-2 1.43609E-2 2.52013E-2 4.95208E-2 8.21862E-2 7.35167E-2 1.03607E-1 1.30355E-1 1.17938E-1 8.9637E-2 8.98794E-2 8.02933E-2 7.17381E-2 7.08285E-2 8.19602E-2 7.65096E-2 7.40412E-2 9.70867E-2 1.16225E-1 1.39513E-1 1.52055E-1 1.61619E-1 1.4868E-1 1.28103E-1 1.04024E-1 1.02735E-1 8.63603E-2 7.82364E-2 8.11882E-2 8.87171E-2 9.97765E-2 1.1746E-1 8.39974E-2 6.30682E-2 3.99756E-2 3.46055E-2 3.57475E-2 2.51368E-2 2.08531E-2 3.62114E-2 6.9467E-2 8.40219E-2 4.89064E-2 4.00989E-2 4.06245E-2 2.68618E-2 2.2671E-2 1.58176E-2 9.74449E-3 4.19884E-3 1.87097E-3 1.42781E-3 1.19787E-3 7.11744E-4 9.52563E-4 2.12967E-3 1.6991E-3 6.00263E-4
1.03835E-1 6.83902E-2 3.76801E-2 2.38233E-2 2.28816E-2 2.49322E-2 2.8242E-2 4.59253E-2 4.19266E-2 2.03621E-2 5.08033E-2 8.02933E-2 6.48314E-2 7.23965E-2 8.76472E-2 8.24344E-2 7.39725E-2 6.15975E-2 5.66576E-2 6.08721E-2 7.39725E-2 8.51723E-2 7.46041E-2 5.96315E-2 5.99824E-2 5.887E-2 8.49793E-2 7.50391E-2 1.02529E-1 8.94142E-2 6.84039E-2 5.62096E-2 5.32054E-2 4.37961E-2 4.16504E-2 4.06099E-2 5.49356E-2 1.0043E-1 1.23038E-1 6.04351E-2 4.20623E-2 3.17886E-2 3.50375E-2 3.76146E-2 1.72126E-2 1.1906E-2 1.82293E-2 3.98314E-2 4.42082E-2 2.18775E-2 1.70332E-2 2.60185E-2 2.41902E-2 1.9634E-2 1.1759E-2 8.03579E-3 5.72576E-3 4.6241E-3 4.31816E-3 3.1022E-3 1.05398E-3 9.21391E-4 1.64718E-3 1.41916E-3 6.53991E-4
5.38221E-2 3.43378E-2 2.12601E-2 1.47988E-2 1.54775E-2 1.7189E-2 2.45857E-2 4.88351E-2 4.41352E-2 1.63923E-2 6.02113E-2 5.59779E-2 3.68434E-2 3.15686E-2 4.01271E-2 3.87266E-2 3.30951E-2 2.74787E-2 2.51723E-2 4.01271E-2 6.44482E-2 6.5331E-2 6.02074E-2 4.70805E-2 3.76328E-2 3.53649E-2 3.85058E-2 3.17724E-2 3.3157E-2 4.33074E-2 3.59E-2 2.96989E-2 2.47648E-2 2.08531E-2 2.35536E-2 2.24774E-2 3.07736E-2 3.72497E-2 2.73367E-2 3.08768E-2 3.76247E-2 2.93572E-2 3.14768E-2 3.04654E-2 2.66621E-2 3.02293E-2 3.10387E-2 2.51338E-2 2.77649E-2 2.47128E-2 4.16859E-2 2.90118E-2 2.61009E-2 2.24375E-2 8.40451E-3 8.00662E-3 8.58578E-3 6.72378E-3 8.44854E-3 8.86627E-3 3.28771E-3 2.10231E-3 2.06437E-3 1.55796E-3 7.54798E-4
3.21046E-2 2.01176E-2 1.29168E-2 9.81003E-3 9.36528E-3 1.31484E-2 2.16153E-2 2.38233E-2 2.59653E-2 3.01579E-2 3.74281E-2 2.73367E-2 2.52303E-2 2.19341E-2 1.84399E-2 1.30223E-2 1.14283E-2 8.92754E-3 1.16044E-2 2.80028E-2 5.9202E-2 6.20828E-2 4.71805E-2 3.26353E-2 2.23954E-2 1.51411E-2 1.38943E-2 1.25535E-2 1.08347E-2 1.62454E-2 1.37373E-2 1.16557E-2 9.72071E-3 8.24355E-3 8.50267E-3 1.04807E-2 8.88648E-3 6.31008E-3 3.73229E-3 4.41575E-3 1.49268E-2 2.24768E-2 1.589E-2 9.94379E-3 8.80264E-3 6.9081E-3 6.33394E-3 4.62778E-3 6.96347E-3 1.53745E-2 2.39771E-2 3.24296E-2 3.81022E-2 3.54892E-2 1.82967E-2 1.4241E-2 1.82967E-2 6.2932E-3 4.56973E-3 5.06076E-3 4.41597E-3 3.65158E-3 3.28771E-3 2.10231E-3 1.04845E-3
2.44372E-2 1.71684E-2 1.16412E-2 1.01279E-2 8.38049E-3 1.20035E-2 1.76802E-2 2.16153E-2 2.8212E-2 3.27875E-2 2.50966E-2 1.94181E-2 1.59739E-2 1.11129E-2 7.9901E-3 4.79711E-3 3.53108E-3 2.74479E-3 8.09263E-3 2.5877E-2 6.02074E-2 7.10663E-2 4.59258E-2 2.72468E-2 1.88947E-2 1.49946E-2 9.02291E-3 6.93927E-3 5.71062E-3 7.39981E-3 6.69154E-3 5.50846E-3 4.18327E-3 3.40699E-3 3.14621E-3 4.29731E-3 3.72573E-3 4.55959E-3 3.04885E-3 3.29168E-3 1.16801E-2 1.77406E-2 5.82472E-3 2.54874E-3 2.1588E-3 1.01582E-3 1.94934E-3 4.81286E-3 6.99982E-3 8.44075E-3 1.04441E-2 1.39625E-2 2.93303E-2 4.57319E-2 2.85289E-2 1.94929E-2 7.79467E-2 1.29903E-2 5.32387E-3 4.89198E-3 4.41597E-3 5.14711E-3 6.18953E-3 3.91429E-3 1.99038E-3
2.03621E-2 1.32847E-2 1.53478E-2 3.04166E-2 2.75094E-2 2.34233E-2 2.52013E-2 2.46003E-2 2.74508E-2 3.49661E-2 3.98976E-2 2.71036E-2 7.61919E-3 4.80627E-3 2.52536E-3 1.21937E-3 8.47075E-4 1.06008E-3 2.39082E-3 1.00946E-2 3.01118E-2 5.38509E-2 3.57163E-2 2.17517E-2 1.59553E-2 1.54949E-2 1.36208E-2 6.69154E-3 3.76896E-3 3.65379E-3 3.59196E-3 2.48143E-3 1.52551E-3 1.22299E-3 1.39326E-3 1.99937E-3 2.80285E-3 3.31067E-3 3.09896E-3 2.00908E-3 3.3173E-3 4.63814E-3 1.92169E-3 7.37751E-4 9.84604E-4 9.99618E-4 8.58752E-3 1.69421E-2 7.17062E-3 3.43324E-3 5.50041E-3 7.9191E-3 1.82967E-2 4.28755E-2 5.20966E-2 2.19808E-2 5.34126E-2 4.34349E-2 1.86521E-2 8.17997E-3 4.56973E-3 4.56973E-3 1.0561E-2 1.14227E-2 6.94892E-3
1.31351E-2 1.1303E-2 1.46938E-2 2.65149E-2 3.60504E-2 4.35395E-2 4.76093E-2 4.87301E-2 4.7139E-2 5.80805E-2 4.71456E-2 2.41998E-2 1.07651E-2 4.63957E-3 1.42254E-3 3.54579E-4 3.42838E-4 6.57398E-4 1.54044E-3 2.40758E-3 6.66467E-3 1.14608E-2 1.13086E-2 1.29059E-2 1.25215E-2 1.58996E-2 1.98861E-2 9.66352E-3 4.64899E-3 2.68571E-3 2.01645E-3 1.20494E-3 5.88835E-4 4.20905E-4 5.60075E-4 8.10541E-4 1.20221E-3 1.56552E-3 1.21839E-3 9.32316E-4 5.81974E-4 8.59323E-4 1.16348E-3 1.30051E-3 1.70666E-3 2.8808E-3 1.19144E-2 1.27891E-2 5.4143E-3 3.04789E-3 4.88774E-3 1.14227E-2 1.58335E-2 2.94605E-2 4.35955E-2 2.29501E-2 2.87633E-2 6.18699E-2 4.13856E-2 2.12738E-2 7.7915E-3 2.38649E-3 2.65786E-3 5.59936E-3 1.3415E-3
8.92138E-3 7.35468E-3 8.57131E-3 1.62001E-2 3.1505E-2 5.32856E-2 6.26473E-2 6.74497E-2 7.09123E-2 6.93504E-2 5.31289E-2 2.66569E-2 1.35019E-2 3.76896E-3 9.21537E-4 2.99213E-4 3.60016E-4 5.85945E-4 1.5147E-3 3.63269E-3 5.94974E-3 4.47101E-3 1.2617E-3 2.01192E-3 4.41205E-3 1.34651E-2 2.86305E-2 1.42873E-2 5.69106E-3 2.28595E-3 1.16595E-3 6.41205E-4 3.46937E-4 1.89018E-4 1.71966E-4 2.00602E-4 2.99213E-4 5.28712E-4 4.29261E-4 1.79278E-4 9.56085E-5 2.2258E-4 8.95473E-4 2.16949E-3 2.28802E-3 2.83085E-3 4.09638E-3 3.18549E-3 2.73662E-3 2.65786E-3 4.19884E-3 8.76798E-3 1.02328E-2 1.6812E-2 1.87809E-2 1.41228E-2 1.87809E-2 3.26504E-2 3.62609E-2 3.43641E-2 8.90647E-3 1.07432E-3 5.9912E-4 1.59556E-3 1.88843E-4
9.43475E-3 4.72448E-3 3.88344E-3 8.8568E-3 1.8177E-2 2.97494E-2 3.5481E-2 5.26748E-2 5.42766E-2 7.46041E-2 6.50467E-2 3.48343E-2 1.31644E-2 3.53108E-3 1.04129E-3 4.52896E-4 4.6241E-4 7.35858E-4 1.43495E-3 3.1581E-3 4.64564E-3 6.54133E-3 2.44695E-3 8.10722E-4 1.74589E-3 7.94405E-3 2.04294E-2 1.11829E-2 4.32327E-3 1.78373E-3 8.44326E-4 4.09812E-4 2.81753E-4 1.58713E-4 1.23328E-4 1.73509E-4 1.91725E-4 4.02316E-4 4.62528E-4 2.35725E-4 1.03817E-4 1.96444E-4 1.27457E-3 3.6451E-3 3.82484E-3 2.28897E-3 2.83551E-3 3.84704E-3 5.17054E-3 6.21767E-3 8.62472E-3 9.75772E-3 7.28884E-3 7.41972E-3 8.14154E-3 6.80154E-3 8.01057E-3 1.22963E-2 1.41228E-2 8.38302E-3 1.07923E-3 5.2057E-5 5.42227E-6 4.9749E-5 6.93701E-5
9.74449E-3 3.61687E-3 1.47572E-3 9.39658E-4 8.89188E-3 1.98861E-2 7.57708E-3 3.46055E-2 4.43271E-2 5.93805E-2 7.17949E-2 3.45873E-2 1.14928E-2 3.08318E-3 7.9627E-4 4.52655E-4 3.63144E-4 6.68378E-4 1.73763E-3 4.52718E-3 5.03447E-3 3.77556E-3 2.68995E-3 3.00563E-3 4.71963E-3 5.97207E-3 5.11288E-3 3.70847E-3 1.19657E-3 8.83739E-4 5.96743E-4 5.63165E-4 4.24578E-4 3.12114E-4 3.058E-4 4.48618E-4 1.03776E-3 2.48723E-3 1.70014E-3 5.22697E-4 2.44801E-4 4.63156E-4 2.12806E-3 3.74436E-3 3.68011E-3 3.14566E-3 2.73662E-3 5.46015E-3 8.86627E-3 1.34716E-2 2.04671E-2 1.16023E-2 8.21709E-3 5.34809E-3 5.13186E-3 3.63011E-3 2.64751E-3 3.96935E-3 5.39865E-3 1.61411E-3 9.34616E-5 5.42227E-6 7.37693E-7 1.50142E-6 -9999
2.66299E-2 1.11377E-2 1.16329E-3 8.27252E-7 2.3728E-3 3.38516E-4 1.11589E-3 2.54544E-2 4.96602E-2 5.57906E-2 5.00688E-2 2.74034E-2 8.65533E-3 1.90537E-3 6.08527E-4 3.08704E-4 2.85274E-4 6.38908E-4 2.08869E-3 4.95355E-3 1.04918E-2 1.39736E-2 1.48939E-2 9.03407E-3 6.87391E-3 8.23908E-3 4.69074E-3 1.64471E-3 3.21603E-4 4.34826E-4 5.91938E-4 7.33002E-4 7.3088E-4 5.57054E-4 4.82019E-4 8.66112E-4 1.69288E-3 2.49866E-3 1.58568E-3 8.1551E-4 5.61403E-4 7.25504E-4 1.38453E-3 1.78379E-3 2.32697E-3 3.05745E-3 2.53192E-3 3.53202E-3 4.51885E-3 6.18207E-3 5.38557E-3 7.21835E-3 7.24114E-3 5.56988E-3 4.0288E-3 1.91054E-3 6.07576E-4 1.34211E-3 3.95968E-3 6.53947E-4 9.98318E-5 3.37029E-5 1.30431E-5 4.64134E-6 -9999
8.75314E-2 4.52744E-2 2.05286E-3 1.22348E-4 1.38391E-5 4.73418E-4 1.10553E-2 4.83828E-2 6.59997E-2 4.1344E-2 1.84399E-2 1.23721E-2 4.23864E-3 7.62724E-4 4.01505E-4 2.22118E-4 2.27681E-4 8.11241E-4 2.7069E-3 7.57708E-3 3.36473E-2 4.33377E-2 3.26057E-2 2.12526E-2 1.432E-2 8.90647E-3 5.10335E-3 2.26062E-3 1.15076E-3 8.46133E-4 7.18774E-4 8.64824E-4 8.93675E-4 7.11744E-4 4.80149E-4 7.20569E-4 1.32906E-3 1.50099E-3 9.51806E-4 5.25718E-4 3.40507E-4 3.26797E-4 4.34826E-4 6.65355E-4 1.08472E-3 1.68836E-3 1.63505E-3 1.38438E-3 1.46652E-3 2.30826E-3 2.0126E-3 1.71998E-3 2.99173E-3 2.64751E-3 1.58826E-3 1.0287E-3 4.78034E-4 1.15358E-3 1.55517E-3 3.89438E-4 9.34616E-5 2.88722E-4 2.05522E-4 -9999 -9999
7.56569E-2 9.35975E-2 2.16603E-2 9.41187E-3 8.0532E-3 7.34487E-3 3.52885E-2 7.87531E-2 7.20523E-2 2.69654E-2 6.69445E-3 7.73214E-3 2.91769E-3 3.57428E-4 2.27982E-4 2.13823E-4 2.1307E-4 1.16514E-3 5.32658E-3 1.64827E-2 7.27124E-2 8.12951E-2 5.5679E-2 3.56458E-2 2.23687E-2 1.19201E-2 8.16133E-3 5.31755E-3 2.51578E-3 1.03156E-3 8.6633E-4 8.02343E-4 6.08635E-4 2.37714E-4 1.88843E-4 3.45736E-4 8.24058E-4 8.20308E-4 4.59553E-4 2.31504E-4 1.53552E-4 1.14465E-4 1.19601E-4 2.94217E-4 6.97799E-4 1.20943E-3 1.46368E-3 1.20848E-3 7.98806E-4 8.69326E-4 5.99314E-4 5.20105E-4 3.88212E-4 2.09013E-4 2.41392E-4 5.37848E-4 8.48204E-4 8.31884E-4 5.37848E-4 2.79331E-4 3.08609E-4 4.80959E-4 -9999 -9999 -9999
4.32515E-2 2.92052E-2 5.63254E-2 5.93805E-2 7.32154E-2 5.04375E-2 6.6545E-2 9.27903E-2 8.84569E-2 4.2E-2 1.43845E-2 1.0429E-2 4.62778E-3 4.85236E-4 1.40953E-4 2.96877E-4 6.5838E-4 3.31027E-3 1.31644E-2 4.20588E-2 1.13335E-1 1.12157E-1 6.96831E-2 4.72314E-2 3.36854E-2 2.11988E-2 1.53162E-2 1.18004E-2 6.72471E-3 2.89922E-3 2.25503E-3 1.71341E-3 3.45884E-4 3.34889E-5 4.20409E-5 8.33131E-5 1.92051E-4 2.73587E-4 1.50116E-4 8.93921E-5 9.16056E-5 4.83257E-5 2.68373E-5 1.58698E-4 6.68378E-4 1.25517E-3 1.8584E-3 1.53143E-3 8.58078E-4 4.50558E-4 1.77632E-4 9.2687E-5 5.60294E-5 1.26401E-5 2.96672E-5 1.33444E-4 3.05172E-4 2.688E-4 1.00534E-4 2.95738E-5 3.30831E-5 3.5929E-5 -9999 -9999 -9999
1.43694E-1 1.46668E-1 1.69152E-1 1.50551E-1 1.64903E-1 1.64214E-1 1.4629E-1 1.05732E-1 1.11752E-1 1.03375E-1 7.46165E-2 4.33398E-2 1.33358E-2 8.40225E-4 8.90241E-5 2.15759E-4 9.42688E-4 5.86209E-3 2.45771E-2 5.43628E-2 1.1447E-1 9.75863E-2 6.05712E-2 4.98893E-2 4.44737E-2 2.78123E-2 1.88835E-2 2.15292E-2 1.91362E-2 1.12238E-2 7.5227E-3 5.58269E-3 8.48088E-4 9.04304E-5 4.31478E-5 3.83545E-5 4.20409E-5 4.79408E-5 4.43978E-5 3.73974E-5 4.67688E-5 3.46261E-5 1.60207E-5 1.36604E-4 8.15604E-4 2.01645E-3 3.24567E-3 1.9794E-3 9.03395E-4 3.82376E-4 1.08524E-4 5.67358E-5 2.30894E-5 8.58482E-6 1.32647E-5 4.71252E-5 1.05296E-4 1.17154E-4 4.09884E-5 3.47495E-6 2.41971E-6 -9999 -9999 -9999 -9999
2.93519E-1 2.58354E-1 2.68712E-1 2.60153E-1 2.13338E-1 1.88115E-1 1.96128E-1 1.5712E-1 1.41539E-1 1.19832E-1 9.93478E-2 8.18507E-2 1.99169E-2 2.05563E-3 1.55159E-4 1.5959E-5 2.57623E-4 5.77868E-3 3.08241E-2 6.75307E-2 8.37095E-2 6.5881E-2 4.16084E-2 3.5078E-2 2.89691E-2 1.70154E-2 1.35631E-2 2.06121E-2 2.12203E-2 1.29512E-2 7.66829E-3 4.56781E-3 1.65287E-3 4.512E-4 1.21977E-4 3.72729E-5 1.23688E-5 1.17189E-5 1.97915E-5 2.83621E-5 4.62542E-5 5.92074E-5 6.69922E-5 2.38321E-4 1.1391E-3 2.27213E-3 2.85342E-3 2.34964E-3 8.24246E-4 3.19421E-4 1.13383E-4 5.63173E-5 2.03842E-5 9.91727E-6 1.12271E-5 2.97398E-5 6.59696E-5 8.42831E-5 5.74644E-5 1.2908E-5 -9999 -9999 -9999 -9999 -9999
3.77481E-1 4.04991E-1 3.36965E-1 2.79359E-1 2.3365E-1 2.07128E-1 2.3434E-1 2.2924E-1 1.40703E-1 6.56872E-2 6.35631E-2 5.65138E-2 1.21571E-2 2.78643E-3 1.30587E-4 1.42572E-5 2.31784E-4 7.57647E-3 4.89015E-2 8.75192E-2 6.13087E-2 4.09715E-2 2.41283E-2 1.77747E-2 1.39422E-2 8.31742E-3 5.41358E-3 7.02926E-3 7.90067E-3 5.31755E-3 3.33978E-3 2.60773E-3 2.29646E-3 1.65349E-3 3.68345E-4 5.53895E-5 9.03173E-6 7.01036E-6 1.72808E-5 5.63533E-5 6.5955E-5 9.98318E-5 1.88479E-4 4.4997E-4 1.14641E-3 2.18612E-3 2.32899E-3 1.61164E-3 6.03759E-4 2.73509E-4 1.32039E-4 5.34989E-5 2.50416E-5 1.41576E-5 1.36212E-5 2.29921E-5 -9999 -9999 -9999 -9999 -9999 -9999 -9999 -9999 -9999
5.02794E-1 4.35184E-1 3.18092E-1 2.50177E-1 2.07647E-1 1.86569E-1 1.85389E-1 1.4121E-1 8.42744E-2 3.75056E-2 2.52046E-2 1.37681E-2 3.32586E-3 6.69079E-4 8.78169E-5 5.74644E-5 1.09627E-3 1.03797E-2 1.85687E-2 2.5356E-2 3.0491E-2 2.84535E-2 1.43991E-2 1.0213E-2 9.60079E-3 4.89063E-3 2.28688E-3 1.61411E-3 1.53286E-3 1.56331E-3 1.42433E-3 1.62255E-3 2.55873E-3 3.11673E-3 8.02607E-4 1.49463E-4 3.93144E-5 2.38719E-5 4.3288E-5 7.05132E-5 1.40733E-4 2.79331E-4 5.94181E-4 1.1124E-3 1.70641E-3 1.90878E-3 1.63182E-3 9.42688E-4 4.41443E-4 2.36387E-4 1.26896E-4 6.45071E-5 3.57942E-5 2.4671E-5 2.04341E-5 -9999 -9999 -9999 -9999 -9999 -9999 -9999 -9999 -9999 -9999
4.90456E-1 4.06673E-1 2.80399E-1 2.08111E-1 1.58941E-1 1.50097E-1 1.28061E-1 8.52211E-2 4.80754E-2 2.09143E-2 9.76811E-3 3.77842E-3 8.02343E-4 1.81136E-4 6.4304E-5 7.13107E-5 9.16552E-4 4.00076E-3 2.2797E-3 3.55611E-3 1.64292E-2 3.16748E-2 2.51364E-2 1.32833E-2 4.72194E-3 1.59103E-3 9.3211E-4 7.35834E-4 6.19741E-4 5.40664E-4 6.72581E-4 1.15716E-3 1.91647E-3 2.02176E-3 9.92664E-4 3.46258E-4 1.49259E-4 9.85921E-5 1.07363E-4 1.74366E-4 3.84384E-4 7.35776E-4 1.61806E-3 2.70277E-3 2.79324E-3 1.89258E-3 8.90523E-4 5.15063E-4 2.41697E-4 1.55539E-4 1.03195E-4 6.91587E-5 4.72073E-5 4.01573E-5 4.93186E-5 -9999 -9999 -9999 -9999 -9999 -9999 -9999 -9999 -9999 -9999
4.56626E-1 3.90619E-1 2.82526E-1 2.26778E-1 1.97193E-1 1.46605E-1 9.83266E-2 5.45106E-2 2.73987E-2 1.09083E-2 4.12175E-3 1.56382E-3 5.62868E-4 1.734E-4 8.03751E-5 1.05569E-4 4.15371E-4 1.07923E-3 1.30468E-3 2.81674E-3 1.26436E-2 3.34472E-2 3.40065E-2 1.54697E-2 3.04519E-3 1.06624E-3 6.64407E-4 6.13909E-4 5.27201E-4 3.38295E-4 4.78432E-4 9.36988E-4 1.39786E-3 1.506E-3 1.07177E-3 6.46519E-4 3.83559E-4 2.81774E-4 2.87683E-4 3.99117E-4 7.01597E-4 1.36522E-3 3.20078E-3 6.7181E-3 3.98165E-3 1.55898E-3 5.07737E-4 1.48999E-4 9.22943E-5 8.63797E-5 8.28686E-5 6.78169E-5 5.78879E-5 6.04503E-5 6.91587E-5 -9999 -9999 -9999 -9999 -9999 -9999 -9999 -9999 -9999 -9999
