KUENM/Final_Models/M_0.1_F_lq_Set_2_E/sp1_se_asia_stddev.asc
ncols         320
nrows         243
xllcorner     44.0
yllcorner     -0.666666666666667
cellsize      0.166666666666667
NODATA_value  -9999
[rows 31 to 61 of 243, columns 140 to 209 of 320]
1.95696E-6 1.17217E-6 1.6379E-6 8.93685E-7 3.1686E-6 8.31345E-6 3.25729E-6 3.09975E-6 9.06625E-6 1.27833E-4 2.20693E-3 3.49669E-3 3.88305E-3 1.47706E-2 3.63532E-2 4.85473E-2 5.523E-2 5.41134E-2 7.00346E-2 7.10074E-2 8.87056E-2 9.14301E-2 4.92446E-2 1.0875E-1 1.13822E-1 8.15749E-2 9.15401E-2 9.61935E-2 9.00456E-2 1.81852E-2 1.95757E-2 4.67975E-3 4.6386E-3 2.92819E-4 4.40941E-4 5.37897E-4 6.39673E-4 1.7611E-4 1.34353E-4 7.8206E-4 4.32894E-4 1.96787E-3 8.1757E-4 4.97564E-5 3.38024E-5 3.03683E-5 1.34406E-5 1.30995E-6 4.8707E-8 7.63049E-8 7.56223E-8 3.13766E-7 2.48532E-6 3.82841E-7 7.10686E-7 3.70502E-7 9.7195E-10 2.94262E-10 3.43619E-10 1.1657E-9 1.05717E-7 1.1361E-6 1.0182E-9 1.68952E-11 3.04507E-11 4.26164E-10 -9999 -9999 -9999 -9999
4.15077E-6 5.90415E-6 9.77254E-6 1.22298E-5 9.95225E-6 1.25979E-5 1.18594E-5 5.35314E-5 2.73109E-4 4.30933E-4 1.44255E-3 2.13687E-3 1.87376E-3 2.62418E-3 1.21849E-2 2.80956E-2 5.95988E-2 5.72256E-2 3.20362E-2 3.68859E-2 5.83135E-2 8.01732E-2 9.84096E-2 1.02459E-1 1.10554E-1 1.15335E-1 1.04924E-1 9.99008E-2 1.02682E-1 9.11594E-2 5.25768E-2 3.01665E-2 7.74369E-3 8.75934E-4 1.03448E-4 1.65978E-5 8.37315E-5 1.3283E-3 3.89489E-3 2.06381E-4 1.08089E-3 9.80733E-3 3.82212E-3 5.0321E-3 2.03966E-4 6.55037E-6 2.42651E-6 9.55152E-7 1.01652E-7 2.83929E-7 5.05784E-7 3.66634E-7 4.41653E-7 4.55404E-7 2.9789E-7 5.31756E-7 6.88455E-7 1.03662E-8 7.40367E-10 1.92128E-10 4.26164E-10 7.28897E-10 1.25075E-7 6.75076E-10 5.86273E-11 2.30603E-9 5.60483E-11 3.31432E-11 7.12438E-11 -9999
8.24523E-6 3.69922E-6 3.83768E-6 1.09689E-5 1.73333E-5 3.95557E-5 4.65499E-5 7.15567E-5 1.65665E-4 4.03608E-4 1.29824E-3 1.22969E-3 1.89067E-4 2.14354E-4 3.72263E-3 1.22049E-2 5.32247E-2 7.53088E-2 6.35612E-2 5.05056E-2 4.41391E-2 5.7707E-2 7.52554E-2 8.99236E-2 9.18405E-2 7.60587E-2 8.10189E-2 8.63923E-2 8.71562E-2 9.07996E-2 1.01261E-1 7.27851E-2 1.28832E-2 9.36502E-3 3.69674E-4 2.18917E-4 2.76556E-4 6.83482E-3 2.00192E-3 1.98058E-4 6.49459E-5 2.43198E-3 1.22242E-2 1.67803E-2 4.19499E-3 3.43717E-4 2.77525E-5 8.86803E-6 1.25874E-6 1.31336E-7 1.47244E-8 3.67499E-7 5.45449E-8 2.26341E-8 1.63723E-8 3.52086E-8 1.02865E-7 3.5343E-7 3.79462E-7 8.93799E-7 3.83939E-8 7.16858E-9 3.24466E-9 1.02133E-8 7.92281E-9 2.60253E-9 2.75237E-10 1.4369E-10 6.65517E-10 2.2517E-10
4.77501E-6 4.35023E-6 4.6586E-6 1.13583E-5 2.11914E-5 2.56365E-5 7.20492E-5 1.73694E-4 3.63147E-4 6.47583E-4 1.16423E-3 8.5975E-4 4.04029E-5 1.72056E-4 1.44439E-4 1.45249E-5 1.61181E-4 3.90276E-3 1.97916E-2 5.98099E-2 8.83141E-2 8.93022E-2 9.589E-2 1.01699E-1 6.62461E-2 6.38357E-2 6.91732E-2 7.73051E-2 8.11147E-2 8.70896E-2 8.55259E-2 8.66191E-2 8.3651E-2 6.98695E-2 2.68896E-3 9.64746E-4 2.76191E-4 3.05962E-2 1.18822E-2 2.47007E-3 2.60003E-3 2.3214E-4 1.09537E-3 1.13694E-2 1.62905E-2 4.33089E-3 7.93145E-5 1.88217E-5 3.43768E-6 9.39334E-7 2.74845E-8 2.76549E-7 2.84435E-9 5.76672E-9 2.85623E-9 1.56561E-9 7.85538E-10 2.58641E-8 8.88469E-9 2.89538E-7 2.10221E-7 4.48067E-6 8.50716E-8 5.33434E-10 1.19631E-8 6.05937E-9 1.50459E-9 1.87552E-10 -9999 -9999
3.95619E-6 3.1429E-6 2.85808E-6 8.85048E-6 1.05317E-5 1.70309E-5 5.31451E-5 1.2865E-4 2.82366E-4 7.53105E-4 8.94047E-4 3.966E-4 8.10513E-5 4.56503E-4 1.73625E-3 5.99267E-3 8.8699E-3 1.02869E-3 2.24419E-4 6.75975E-4 6.47872E-3 4.04932E-2 9.07161E-2 1.02132E-1 7.45932E-2 6.52936E-2 7.80271E-2 1.04571E-1 1.04767E-1 8.31049E-2 7.90517E-2 8.87263E-2 9.42452E-2 7.30097E-2 8.32533E-3 6.8232E-3 6.74099E-3 4.24765E-2 5.11697E-2 5.95882E-3 3.28423E-3 2.07538E-4 8.63313E-6 3.29676E-4 5.15522E-3 1.74284E-2 5.21844E-3 3.41E-4 7.04554E-6 9.3213E-6 3.77117E-7 3.68806E-8 1.7657E-8 4.92053E-9 3.72957E-9 4.58454E-9 1.23399E-8 4.09666E-8 2.06981E-7 4.10217E-7 1.68837E-8 1.32875E-8 2.0626E-6 3.05779E-9 7.21796E-10 3.54814E-9 3.4459E-9 1.46167E-8 9.91182E-11 -9999
5.22251E-6 1.77087E-6 5.36359E-6 8.55143E-6 1.0751E-5 6.4012E-5 1.40754E-4 1.45166E-4 1.28869E-4 3.36021E-4 2.41441E-4 2.41068E-4 5.47318E-4 7.69295E-4 5.75291E-3 1.20589E-2 3.57412E-2 6.12258E-2 3.53941E-2 8.89892E-3 1.42065E-2 2.08081E-2 7.40651E-2 1.03449E-1 1.07968E-1 9.42824E-2 1.11157E-1 1.07678E-1 8.38136E-2 8.47255E-2 8.37611E-2 9.08571E-2 9.56186E-2 6.59455E-2 2.86204E-2 2.39304E-2 3.62413E-2 6.18141E-2 5.09709E-2 8.15559E-2 7.66932E-2 1.28474E-2 2.61899E-5 1.10477E-5 3.15875E-4 5.1445E-3 1.86827E-2 6.06397E-3 8.03657E-5 3.30731E-5 1.43447E-5 2.15174E-6 1.66575E-8 2.42265E-9 1.97407E-8 1.1824E-8 2.58061E-8 2.14071E-7 2.2125E-9 2.63739E-8 5.54976E-9 9.87132E-10 1.11733E-7 1.13273E-7 8.94848E-10 1.49955E-10 9.46409E-10 3.24574E-9 1.6463E-8 -9999
4.41816E-6 1.37324E-6 8.32498E-6 1.1155E-5 2.53695E-5 8.24763E-5 2.82676E-4 2.37284E-4 2.0912E-4 2.61974E-4 5.21267E-4 6.88638E-4 4.02869E-4 3.42278E-4 6.39153E-3 4.28727E-2 6.58612E-2 8.48167E-2 8.04129E-2 4.96028E-2 7.60249E-2 8.89036E-2 1.12139E-1 1.00502E-1 8.18055E-2 8.99563E-2 9.16921E-2 6.5556E-2 7.08251E-2 8.66498E-2 9.36938E-2 9.54261E-2 9.66718E-2 8.13427E-2 5.4325E-2 4.77232E-2 4.00531E-2 4.02252E-2 6.10247E-2 8.22776E-2 9.4635E-2 4.1051E-2 6.99689E-4 5.76766E-6 2.18315E-5 2.56717E-4 8.41525E-4 7.94559E-4 1.01786E-4 3.4598E-5 1.74571E-4 1.09664E-5 2.89305E-7 3.86475E-8 9.19508E-9 9.15777E-9 9.20746E-8 3.62141E-7 3.86706E-8 3.77022E-9 1.79101E-8 1.40329E-9 7.87035E-9 2.17899E-9 3.02643E-8 3.87745E-10 9.98517E-11 2.78921E-9 2.47698E-8 -9999
8.62619E-6 3.96945E-6 7.29029E-6 6.21063E-6 4.41972E-5 1.98524E-4 4.41221E-4 5.18446E-4 4.31021E-4 7.79711E-4 8.90137E-4 2.85944E-4 1.34744E-3 2.21395E-3 2.13814E-2 5.91494E-2 7.63529E-2 8.50457E-2 8.48824E-2 8.87161E-2 9.96411E-2 1.108E-1 1.08816E-1 8.10189E-2 5.87392E-2 5.86376E-2 6.08219E-2 5.5982E-2 6.58452E-2 7.93064E-2 8.32779E-2 9.26183E-2 9.35507E-2 8.61817E-2 8.18935E-2 7.6498E-2 6.75031E-2 4.82549E-2 3.49142E-2 5.00491E-2 9.16776E-2 8.29348E-2 3.15279E-2 3.56432E-4 7.96732E-4 1.12065E-4 5.23517E-5 1.7972E-4 4.56459E-5 2.98267E-4 1.34452E-3 4.02121E-4 4.66895E-6 5.23615E-6 1.25961E-6 6.26072E-9 6.20039E-9 3.2168E-7 4.80113E-9 2.2759E-8 8.11639E-9 8.1146E-9 4.76079E-9 7.04262E-9 6.50961E-9 9.81564E-9 8.70848E-10 4.15153E-10 1.84678E-9 -9999
1.6768E-5 1.60188E-5 1.96359E-5 7.14416E-5 1.96016E-4 3.53827E-4 4.85217E-4 4.74562E-4 6.67986E-4 7.87239E-4 4.03757E-4 2.23193E-4 1.44354E-3 7.87647E-3 3.60827E-2 5.63804E-2 6.60719E-2 8.48538E-2 8.01414E-2 7.43543E-2 9.45251E-2 8.98858E-2 8.30416E-2 8.01946E-2 7.58895E-2 6.81264E-2 5.59688E-2 6.55938E-2 6.57043E-2 6.61069E-2 7.47221E-2 7.58775E-2 7.13533E-2 8.13887E-2 8.6621E-2 8.40202E-2 7.53233E-2 5.76584E-2 3.68252E-2 3.70871E-2 7.50041E-2 7.69035E-2 7.20577E-2 4.03371E-2 1.32173E-2 1.87559E-3 1.4136E-3 7.92544E-4 1.12424E-4 1.1598E-4 5.87966E-4 1.70683E-4 9.02148E-5 7.01132E-5 4.88178E-7 1.00961E-7 5.27482E-9 1.88148E-8 5.68421E-8 4.67934E-8 6.59967E-8 3.2694E-8 2.24563E-8 7.60203E-9 5.40119E-9 2.21436E-9 1.31345E-8 2.26653E-8 2.86964E-9 6.05878E-8
4.45262E-5 3.70897E-5 6.7608E-5 1.60106E-4 2.88675E-4 3.72211E-4 2.9681E-4 2.94011E-4 6.16208E-4 5.91544E-4 3.33262E-4 5.71584E-4 1.23851E-3 3.51305E-3 1.19726E-2 4.92025E-2 7.93529E-2 7.92509E-2 6.07979E-2 5.34662E-2 5.44534E-2 5.33344E-2 7.00317E-2 1.02912E-1 1.03325E-1 7.47019E-2 4.75409E-2 4.9472E-2 5.37015E-2 6.3252E-2 6.62287E-2 6.94498E-2 7.30294E-2 8.23497E-2 8.35081E-2 7.9557E-2 7.05619E-2 6.5647E-2 5.54244E-2 4.33686E-2 5.37411E-2 5.14398E-2 3.2832E-2 2.31735E-2 3.78119E-3 2.74418E-3 1.29887E-3 2.92977E-4 2.36764E-4 3.11508E-4 1.37949E-4 8.22602E-5 8.17545E-5 2.48321E-5 1.00617E-4 1.02318E-6 7.18244E-8 5.71505E-9 9.05506E-9 3.11954E-8 1.7657E-8 4.17181E-8 1.56675E-8 4.77444E-9 8.71092E-10 4.69199E-9 4.61504E-10 1.47811E-8 2.42556E-7 1.81488E-8
5.14822E-5 7.49135E-5 1.35301E-4 2.25949E-4 3.104E-4 2.9499E-4 3.47181E-4 6.22078E-4 4.7442E-4 3.62121E-4 6.89596E-4 1.53886E-3 5.34672E-3 1.43422E-2 3.40176E-2 5.03877E-2 7.91388E-2 6.86354E-2 5.19498E-2 4.39886E-2 4.33702E-2 4.60549E-2 7.04212E-2 4.7739E-2 4.10264E-2 4.44784E-2 4.95053E-2 5.34728E-2 6.02315E-2 6.97881E-2 7.27017E-2 7.57175E-2 8.15151E-2 7.76307E-2 7.35628E-2 6.39488E-2 5.97785E-2 6.03564E-2 6.36015E-2 6.1425E-2 5.51381E-2 4.57759E-2 2.50469E-2 6.83569E-3 1.04146E-3 2.81329E-4 2.28265E-5 2.42333E-5 3.52015E-5 2.48392E-5 2.67172E-5 2.58273E-5 2.88847E-5 9.66017E-5 8.09671E-5 4.60828E-6 2.47856E-7 1.91444E-7 1.12344E-8 9.8014E-9 2.4686E-8 1.03343E-7 1.98956E-8 6.72381E-9 7.32062E-9 2.04074E-8 2.913E-9 5.26017E-9 1.28944E-8 1.61413E-7
1.61562E-4 2.35809E-4 3.0138E-4 3.05008E-4 3.89076E-4 4.61005E-4 6.33479E-4 6.14946E-4 3.06041E-4 6.64885E-4 8.45567E-4 2.79731E-3 2.08987E-3 3.62064E-3 2.87696E-3 1.88939E-2 6.29463E-2 7.95231E-2 5.29769E-2 4.29265E-2 4.26414E-2 4.34215E-2 5.14934E-2 4.16706E-2 4.04252E-2 4.35106E-2 6.33037E-2 5.524E-2 6.61975E-2 7.98862E-2 8.61291E-2 9.29674E-2 9.32197E-2 8.90507E-2 8.22409E-2 5.67898E-2 4.7606E-2 4.67857E-2 5.37296E-2 5.8893E-2 6.26992E-2 6.08777E-2 4.42001E-2 2.04011E-2 5.99805E-3 1.05039E-3 3.61377E-5 8.93654E-7 6.29029E-6 1.10973E-6 4.55283E-7 1.88923E-8 3.25861E-9 1.5466E-6 4.35154E-5 1.28156E-5 1.0728E-5 1.61785E-7 1.52595E-7 3.79013E-7 2.06567E-8 1.12344E-8 2.44125E-8 1.72869E-8 1.40727E-8 2.56601E-8 6.05288E-8 9.5073E-8 2.05306E-9 1.96058E-7
4.30095E-4 3.80828E-4 3.22898E-4 4.61808E-4 5.47745E-4 6.08123E-4 6.62107E-4 5.80068E-4 9.11625E-4 2.07666E-3 1.40015E-3 2.48462E-3 1.13739E-3 1.45956E-3 5.61055E-3 2.6179E-2 5.90389E-2 7.43314E-2 5.72922E-2 4.31817E-2 4.27682E-2 4.33482E-2 4.40664E-2 4.33421E-2 4.1173E-2 4.13722E-2 4.62684E-2 8.01745E-2 9.17603E-2 9.49677E-2 7.82126E-2 6.3931E-2 4.95039E-2 4.75409E-2 4.30788E-2 3.98157E-2 3.89197E-2 3.93565E-2 3.88063E-2 4.19521E-2 4.66167E-2 5.67974E-2 6.31424E-2 6.17248E-2 4.50928E-2 1.81639E-2 2.7491E-3 5.70398E-5 1.04545E-6 8.54185E-8 7.34913E-9 4.49639E-11 3.35796E-13 1.10234E-9 3.27176E-5 1.02776E-5 3.95759E-6 1.8609E-5 8.16434E-6 1.08615E-6 2.4625E-8 3.69808E-8 1.51945E-8 8.21667E-9 9.86121E-9 7.93912E-9 9.00381E-9 1.06997E-7 7.6818E-9 2.37717E-8
6.20948E-4 2.91716E-4 4.68005E-4 6.19332E-4 6.48548E-4 5.69541E-4 6.28926E-4 7.68432E-4 1.19733E-3 3.6119E-3 3.46316E-3 2.28808E-3 3.45773E-3 1.01852E-2 1.76538E-2 4.86997E-2 6.40508E-2 5.67149E-2 4.19247E-2 4.22994E-2 4.41664E-2 5.18329E-2 5.74453E-2 4.75696E-2 4.21759E-2 4.18226E-2 4.19364E-2 4.62265E-2 6.32754E-2 4.77491E-2 3.92221E-2 4.01849E-2 4.15829E-2 4.31707E-2 4.25408E-2 4.14316E-2 3.83019E-2 3.70915E-2 3.65895E-2 3.66998E-2 3.96346E-2 4.24806E-2 5.28064E-2 5.13174E-2 5.8964E-2 5.86268E-2 3.44264E-2 1.1093E-2 9.48086E-4 1.45288E-5 5.44539E-7 2.0097E-11 1.38007E-15 1.09547E-9 3.70598E-9 9.6996E-6 1.98128E-5 1.19615E-5 2.97458E-5 1.18313E-5 8.28757E-8 3.86842E-7 1.29083E-7 6.34795E-7 3.18208E-8 5.78368E-9 1.11115E-8 -9999 -9999 3.55492E-9
5.52924E-4 7.12246E-4 6.38826E-4 5.5205E-4 4.60702E-4 5.0708E-4 5.62584E-4 5.28251E-4 9.42748E-4 2.83981E-3 9.34486E-3 8.66717E-3 1.64049E-2 3.32879E-2 3.98543E-2 5.53455E-2 5.35302E-2 4.08676E-2 4.08914E-2 4.16835E-2 4.3044E-2 4.57558E-2 4.69746E-2 4.2466E-2 4.24954E-2 4.24752E-2 4.23379E-2 4.17106E-2 4.08145E-2 3.96826E-2 3.91191E-2 4.06892E-2 4.3231E-2 4.33756E-2 4.32607E-2 4.1242E-2 4.03033E-2 3.72835E-2 3.60632E-2 3.71166E-2 3.65895E-2 3.92309E-2 4.30184E-2 4.45222E-2 4.91401E-2 5.91034E-2 6.29207E-2 4.68578E-2 1.64905E-2 1.33802E-3 1.16732E-5 1.09794E-8 2.07658E-16 3.12384E-19 1.95549E-8 8.33338E-6 3.40216E-5 1.03762E-5 2.05818E-5 2.69323E-5 1.50051E-6 3.43154E-7 1.7805E-8 3.9804E-7 3.40363E-6 2.1753E-7 2.85083E-8 -9999 -9999 -9999
8.74726E-4 6.84961E-4 5.01762E-4 4.40214E-4 4.7952E-4 6.99613E-4 7.35968E-4 1.14956E-3 1.86199E-3 1.58616E-3 1.15921E-2 2.09266E-2 2.92535E-2 3.90685E-2 4.54066E-2 4.98962E-2 3.9466E-2 3.97641E-2 4.08628E-2 4.1224E-2 4.17127E-2 4.16324E-2 4.19159E-2 4.18721E-2 4.21066E-2 4.23081E-2 4.24569E-2 4.24643E-2 4.20783E-2 4.12464E-2 4.03674E-2 4.22509E-2 4.33474E-2 4.37258E-2 4.38088E-2 4.23934E-2 4.19084E-2 3.96619E-2 3.80591E-2 3.80716E-2 3.67163E-2 3.90244E-2 4.19975E-2 4.29152E-2 4.72219E-2 5.15248E-2 5.98352E-2 6.33102E-2 4.34841E-2 1.48808E-2 5.28381E-4 1.1434E-6 4.34279E-10 1.99775E-17 2.2983E-21 7.59849E-16 1.20503E-9 4.41466E-6 9.80965E-8 6.99219E-6 2.43003E-5 4.00458E-7 3.03095E-8 4.47695E-7 4.70362E-6 6.75388E-6 2.29816E-6 1.69473E-5 -9999 -9999
7.68432E-4 1.1039E-3 8.03237E-4 7.14496E-4 8.12145E-4 1.00389E-3 1.46672E-3 1.84703E-3 3.09764E-3 3.05815E-3 7.2857E-3 2.31067E-2 3.26101E-2 3.80505E-2 4.39348E-2 4.3542E-2 4.21041E-2 3.88817E-2 4.05142E-2 4.10209E-2 4.10124E-2 4.08628E-2 4.08628E-2 4.09384E-2 4.07441E-2 4.15423E-2 4.20072E-2 4.21401E-2 4.24846E-2 4.21954E-2 4.17464E-2 4.31093E-2 4.39774E-2 4.40762E-2 4.32084E-2 4.31708E-2 4.18882E-2 4.10264E-2 3.93959E-2 3.70344E-2 3.49429E-2 3.65775E-2 3.94717E-2 4.29152E-2 4.92782E-2 5.18881E-2 5.71177E-2 6.32959E-2 6.16215E-2 4.25951E-2 4.84706E-3 2.18657E-5 4.01408E-9 4.84704E-10 3.35918E-15 8.62755E-14 3.95266E-11 7.78233E-10 6.91553E-9 5.5518E-8 1.92565E-5 3.18724E-6 4.98468E-7 2.02518E-7 1.58594E-6 4.99647E-7 2.98879E-7 3.75964E-5 -9999 -9999
2.25095E-3 1.18848E-3 1.36302E-3 1.29276E-3 1.54392E-3 1.64429E-3 2.13233E-3 2.81706E-3 4.34722E-3 4.64542E-3 9.25405E-3 1.15632E-2 3.07582E-2 3.64274E-2 3.45558E-2 2.80541E-2 4.25534E-2 3.82303E-2 3.95312E-2 4.01414E-2 4.01414E-2 3.96263E-2 3.8193E-2 3.84305E-2 3.89977E-2 3.99187E-2 4.04589E-2 4.1224E-2 4.19965E-2 4.2466E-2 4.24342E-2 4.24425E-2 4.28387E-2 4.28864E-2 4.34206E-2 4.27407E-2 4.24577E-2 4.17705E-2 4.03386E-2 3.79537E-2 3.53583E-2 3.43042E-2 3.97057E-2 4.5646E-2 5.27433E-2 5.72664E-2 5.68468E-2 6.08158E-2 6.4166E-2 6.14399E-2 3.11546E-2 3.19121E-4 1.17994E-8 1.89265E-8 1.96573E-7 4.1444E-9 1.80449E-9 2.03445E-7 4.19143E-8 2.17292E-7 3.21826E-7 1.21885E-5 1.49387E-6 1.6999E-6 8.85722E-7 2.32503E-6 3.78336E-5 7.93417E-5 -9999 -9999
2.15882E-3 1.80833E-3 1.8859E-3 2.09074E-3 2.10952E-3 2.36421E-3 2.80911E-3 3.55082E-3 5.68985E-3 6.62142E-3 8.0669E-3 1.42751E-2 2.61877E-2 3.34878E-2 1.601E-2 1.48066E-2 4.73156E-2 3.74125E-2 3.94281E-2 3.97818E-2 3.89569E-2 3.84599E-2 3.68036E-2 3.68036E-2 3.74868E-2 3.83828E-2 3.95312E-2 4.03312E-2 4.10846E-2 4.22404E-2 4.2466E-2 4.24667E-2 4.22748E-2 4.25725E-2 4.29337E-2 4.29047E-2 4.28245E-2 4.23705E-2 4.11199E-2 3.7497E-2 3.41807E-2 3.2125E-2 3.74566E-2 4.52453E-2 5.1811E-2 5.61904E-2 5.40351E-2 5.51464E-2 5.82813E-2 6.21405E-2 5.85862E-2 2.63015E-2 2.70625E-3 6.21854E-4 6.88946E-5 1.29679E-4 9.88558E-6 1.9184E-6 1.14963E-7 2.55607E-8 1.64972E-7 3.42357E-6 6.88869E-6 3.92261E-5 9.77577E-5 1.17927E-4 1.76681E-4 1.5768E-6 1.83777E-7 -9999
2.31797E-3 1.76686E-3 1.54305E-3 1.78974E-3 2.22753E-3 2.29718E-3 3.37704E-3 4.03404E-3 4.92802E-3 4.69251E-3 6.87891E-3 1.79188E-2 3.02203E-2 2.62378E-2 1.81209E-2 2.47154E-2 4.67495E-2 3.69544E-2 3.87116E-2 3.85355E-2 3.87396E-2 3.83214E-2 3.68347E-2 3.65315E-2 3.68347E-2 3.69676E-2 3.79379E-2 3.89569E-2 4.0584E-2 4.14639E-2 4.23344E-2 4.25328E-2 4.21678E-2 4.19973E-2 4.23543E-2 4.24987E-2 4.25725E-2 4.22516E-2 4.11885E-2 3.91016E-2 3.60336E-2 3.52888E-2 3.88916E-2 4.13228E-2 4.66798E-2 4.69198E-2 4.77828E-2 4.87401E-2 5.21487E-2 5.59329E-2 5.97865E-2 6.16586E-2 3.5846E-2 1.83851E-2 5.13479E-3 1.88207E-3 3.67889E-4 4.39769E-6 8.32332E-7 2.75022E-6 7.14263E-6 1.84119E-5 3.64144E-6 8.74016E-6 1.05059E-5 3.75447E-5 1.75618E-6 1.61005E-6 2.51594E-7 -9999
2.08336E-3 1.93815E-3 1.83912E-3 1.96209E-3 2.39525E-3 2.79615E-3 2.42052E-3 3.09764E-3 3.8332E-3 5.7011E-3 1.10262E-2 2.11954E-2 2.3053E-2 1.82725E-2 2.06614E-2 3.02708E-2 4.15929E-2 3.73779E-2 3.74449E-2 3.87957E-2 3.86515E-2 3.77544E-2 3.66742E-2 3.6357E-2 3.55423E-2 3.58717E-2 3.59097E-2 3.68347E-2 3.86674E-2 4.0584E-2 4.24923E-2 4.2725E-2 4.16632E-2 4.0782E-2 4.13463E-2 4.22021E-2 4.2421E-2 4.22516E-2 4.14538E-2 4.07956E-2 3.87363E-2 3.8431E-2 3.88763E-2 4.19009E-2 4.37609E-2 4.37161E-2 4.12993E-2 4.0503E-2 4.42466E-2 4.64866E-2 4.40417E-2 5.30572E-2 6.19337E-2 4.09835E-2 2.80957E-2 6.01062E-3 6.14677E-4 2.62295E-5 1.24294E-4 1.05237E-4 5.7265E-6 1.52703E-6 8.43764E-6 3.84219E-5 7.17305E-5 6.88717E-6 8.85174E-7 2.97953E-7 1.66873E-7 2.85375E-7
1.75664E-3 1.24925E-3 1.61204E-3 2.13064E-3 2.54608E-3 2.4448E-3 3.38697E-3 4.92533E-3 5.59442E-3 5.80153E-3 1.32999E-2 2.07847E-2 1.64547E-2 1.92825E-2 2.21832E-2 3.95658E-2 4.51086E-2 3.77061E-2 3.63737E-2 3.83585E-2 3.82164E-2 3.80595E-2 3.74175E-2 3.54696E-2 3.5124E-2 3.47742E-2 3.40058E-2 3.45271E-2 3.61965E-2 3.91792E-2 4.21919E-2 4.30292E-2 4.09133E-2 3.95086E-2 4.1024E-2 4.21391E-2 4.23737E-2 4.23363E-2 4.21759E-2 4.13631E-2 4.10933E-2 4.00403E-2 4.02363E-2 4.1059E-2 3.93991E-2 3.9139E-2 3.89729E-2 3.65975E-2 3.72358E-2 3.67519E-2 3.7656E-2 4.71394E-2 5.89745E-2 6.15291E-2 5.09487E-2 2.60283E-2 2.42136E-3 1.98085E-4 7.65965E-5 1.85992E-5 3.87095E-5 3.53728E-6 1.11741E-5 2.09319E-5 5.49571E-5 7.39781E-5 4.26024E-6 5.10439E-7 1.00584E-5 5.01982E-6
1.80872E-3 8.19837E-4 2.11747E-3 4.83267E-3 8.03487E-3 6.82821E-3 5.56797E-3 6.46149E-3 9.48512E-3 1.18638E-2 1.75273E-2 1.66348E-2 1.66049E-2 1.78462E-2 3.12407E-2 3.95529E-2 4.1894E-2 4.03384E-2 3.53441E-2 3.82164E-2 3.83053E-2 3.76978E-2 3.66707E-2 3.51903E-2 3.42846E-2 3.35437E-2 3.27903E-2 3.24094E-2 3.35197E-2 3.71403E-2 4.11416E-2 4.33411E-2 4.05328E-2 3.92807E-2 4.15833E-2 4.24081E-2 4.25654E-2 4.24834E-2 4.23905E-2 4.20463E-2 4.19301E-2 4.18267E-2 4.02636E-2 3.77967E-2 3.73055E-2 3.74542E-2 3.72771E-2 3.46419E-2 3.43247E-2 3.34484E-2 3.60126E-2 4.4776E-2 5.17262E-2 5.84659E-2 6.13539E-2 5.09703E-2 1.48808E-2 2.0802E-4 1.23271E-5 9.80604E-6 3.28938E-6 2.86896E-6 8.74064E-7 5.93151E-7 1.20674E-6 8.68829E-6 1.84137E-5 7.10761E-6 5.43174E-6 3.02976E-7
2.20978E-3 2.60975E-3 5.77649E-3 5.39214E-3 6.82931E-3 1.00174E-2 8.99583E-3 9.11756E-3 1.10939E-2 1.26232E-2 1.4707E-2 1.77482E-2 2.13285E-2 2.707E-2 3.80782E-2 4.41774E-2 3.54997E-2 3.93701E-2 3.50924E-2 3.72536E-2 3.75016E-2 3.67326E-2 3.60022E-2 3.52548E-2 3.39264E-2 3.29672E-2 3.21878E-2 3.12012E-2 3.16402E-2 3.69218E-2 4.00204E-2 4.30877E-2 4.35212E-2 4.27209E-2 4.30064E-2 4.27529E-2 4.27417E-2 4.25626E-2 4.25902E-2 4.24834E-2 4.2406E-2 4.22274E-2 4.11885E-2 3.79943E-2 3.75379E-2 3.71832E-2 3.68879E-2 3.38966E-2 3.22348E-2 3.07825E-2 3.19118E-2 3.71053E-2 3.61975E-2 4.67585E-2 5.65092E-2 6.15338E-2 4.61635E-2 3.21248E-3 1.44588E-6 1.56447E-7 6.59906E-8 6.42795E-8 1.31774E-9 9.67045E-9 1.16245E-9 2.02007E-8 1.53938E-7 2.72776E-6 1.54354E-6 9.65006E-7
2.84727E-3 1.16727E-3 8.96224E-4 2.28342E-3 5.17254E-3 6.18495E-3 6.45752E-3 7.05978E-3 8.56217E-3 1.31199E-2 1.85824E-2 2.37706E-2 2.92099E-2 3.63252E-2 4.44576E-2 4.89065E-2 4.95907E-2 3.8264E-2 3.48456E-2 3.719E-2 3.60153E-2 3.54405E-2 3.46613E-2 3.48574E-2 3.40682E-2 3.36691E-2 3.27307E-2 3.19313E-2 3.37165E-2 3.59616E-2 3.92727E-2 4.17433E-2 4.31896E-2 4.31042E-2 4.30339E-2 4.24459E-2 4.25796E-2 4.28267E-2 4.27417E-2 4.25878E-2 4.25849E-2 4.24332E-2 4.07571E-2 3.85816E-2 3.80565E-2 3.62661E-2 3.6125E-2 3.44726E-2 3.10229E-2 2.82092E-2 2.97739E-2 3.03424E-2 2.95812E-2 3.29541E-2 4.44735E-2 5.50899E-2 6.06446E-2 3.15994E-2 6.09017E-4 2.65955E-8 7.88988E-12 1.23177E-11 8.01202E-13 1.88522E-13 3.23757E-13 1.57992E-11 1.46748E-9 7.00765E-8 3.28481E-7 1.80232E-7
2.91008E-3 1.88799E-3 7.03402E-4 8.73345E-4 3.25808E-3 6.97318E-3 9.32099E-3 1.09432E-2 1.51344E-2 2.2031E-2 2.6729E-2 3.06968E-2 3.48928E-2 3.95529E-2 4.51159E-2 4.95234E-2 5.0414E-2 4.36978E-2 3.49968E-2 3.61406E-2 3.54077E-2 3.44062E-2 3.42037E-2 3.42037E-2 3.44062E-2 3.48092E-2 3.42037E-2 3.30656E-2 3.39117E-2 3.56305E-2 3.80296E-2 3.98412E-2 4.19412E-2 4.22222E-2 4.17205E-2 4.11437E-2 4.15004E-2 4.20683E-2 4.28546E-2 4.27827E-2 4.2725E-2 4.24876E-2 4.12464E-2 3.83128E-2 3.65226E-2 3.67603E-2 3.83881E-2 3.7076E-2 3.16658E-2 2.81426E-2 2.60183E-2 2.68184E-2 2.62486E-2 2.91341E-2 3.51953E-2 4.56515E-2 6.13501E-2 4.63159E-2 1.38538E-2 2.25335E-4 1.05122E-7 4.01294E-10 7.33595E-10 7.07146E-13 9.39342E-17 4.07198E-14 3.42632E-10 3.77324E-8 1.06728E-7 1.49512E-6
5.01586E-3 1.1941E-2 1.4858E-2 8.16257E-3 5.13257E-3 8.88941E-3 1.58699E-2 1.97797E-2 2.21685E-2 2.84141E-2 3.55446E-2 3.83552E-2 4.2401E-2 4.34103E-2 4.21806E-2 5.47907E-2 4.65274E-2 4.05264E-2 3.52446E-2 3.54077E-2 3.34829E-2 3.36921E-2 3.34829E-2 3.36921E-2 3.51388E-2 3.57478E-2 3.53426E-2 3.46081E-2 3.42666E-2 3.5247E-2 3.67326E-2 3.88052E-2 3.98962E-2 4.03826E-2 4.02739E-2 4.05203E-2 4.06075E-2 4.15849E-2 4.28701E-2 4.29991E-2 4.30534E-2 4.27379E-2 4.11077E-2 3.78749E-2 3.57153E-2 3.55391E-2 3.86138E-2 3.78749E-2 3.20754E-2 2.84665E-2 2.55294E-2 2.41462E-2 2.67893E-2 2.60088E-2 3.85318E-2 4.89457E-2 5.92454E-2 5.94056E-2 4.16841E-2 1.41738E-2 1.23733E-4 4.23126E-6 1.24344E-7 1.53365E-9 7.02233E-11 1.00825E-13 4.0755E-11 2.35801E-7 4.17311E-5 1.49698E-5
1.19391E-2 3.45637E-2 4.3513E-2 5.40121E-2 3.93777E-2 1.51654E-2 1.8034E-2 3.32089E-2 3.61986E-2 3.86159E-2 4.18852E-2 4.56122E-2 4.99334E-2 3.96382E-2 5.54976E-2 6.37573E-2 5.32364E-2 3.77036E-2 3.77413E-2 3.49343E-2 3.31269E-2 3.35547E-2 3.32732E-2 3.30629E-2 3.48252E-2 3.56589E-2 3.52435E-2 3.36921E-2 3.41088E-2 3.37964E-2 3.58024E-2 3.71369E-2 3.92468E-2 3.92919E-2 3.92989E-2 3.94173E-2 4.0398E-2 4.14397E-2 4.29778E-2 4.31365E-2 4.32691E-2 4.33799E-2 4.18874E-2 3.82671E-2 3.62E-2 3.54336E-2 3.63901E-2 3.3119E-2 3.08738E-2 2.92132E-2 2.77801E-2 2.48812E-2 2.62697E-2 2.72679E-2 2.52948E-2 3.5005E-2 4.82191E-2 5.93196E-2 5.99398E-2 4.40062E-2 5.56515E-3 7.99152E-4 1.108E-3 2.10308E-4 2.17739E-7 1.10411E-6 1.2545E-8 2.55514E-7 7.2089E-8 3.2267E-7
2.0333E-2 3.28823E-2 3.57959E-2 3.76703E-2 3.81303E-2 4.18766E-2 3.61387E-2 3.93202E-2 3.98188E-2 3.66345E-2 3.91455E-2 4.1076E-2 4.72312E-2 6.51349E-2 6.85098E-2 6.0226E-2 5.39873E-2 3.96538E-2 3.98481E-2 3.72039E-2 3.50347E-2 3.37679E-2 3.3341E-2 3.31269E-2 3.37679E-2 3.35547E-2 3.31269E-2 3.29123E-2 3.22174E-2 3.32732E-2 3.4729E-2 3.67448E-2 3.75291E-2 3.85653E-2 3.864E-2 3.86762E-2 3.99792E-2 4.14324E-2 4.28843E-2 4.31397E-2 4.34468E-2 4.37455E-2 4.31376E-2 4.13135E-2 3.87602E-2 3.72158E-2 3.65901E-2 3.39953E-2 3.2011E-2 3.27385E-2 3.14958E-2 2.9011E-2 2.70109E-2 2.49723E-2 2.40707E-2 2.56655E-2 3.46059E-2 4.98891E-2 6.07784E-2 5.64518E-2 2.75454E-2 8.89602E-3 7.22936E-3 1.08579E-2 4.29844E-3 5.85804E-5 1.45019E-9 5.23743E-9 5.8752E-7 3.01731E-8
2.8797E-2 3.19405E-2 3.69124E-2 3.84157E-2 3.82164E-2 3.74868E-2 3.93905E-2 3.97807E-2 4.07544E-2 4.18349E-2 4.5726E-2 5.09259E-2 5.85546E-2 6.52984E-2 6.775E-2 6.41036E-2 4.0591E-2 4.31457E-2 4.26667E-2 4.03386E-2 3.72039E-2 3.39805E-2 3.26973E-2 3.22662E-2 3.16171E-2 3.22662E-2 3.20501E-2 3.16171E-2 3.14002E-2 3.22662E-2 3.39805E-2 3.58654E-2 3.78793E-2 3.88434E-2 3.93339E-2 3.95787E-2 4.06658E-2 4.13968E-2 4.18327E-2 4.28274E-2 4.2731E-2 4.36308E-2 4.42193E-2 4.32658E-2 4.17598E-2 4.01125E-2 3.82581E-2 3.60243E-2 3.50258E-2 3.62437E-2 3.79503E-2 3.80534E-2 3.00822E-2 2.56313E-2 2.43063E-2 2.52791E-2 2.68649E-2 4.1411E-2 5.74107E-2 6.16258E-2 5.40175E-2 3.38707E-2 2.40023E-2 2.99271E-2 3.02349E-2 3.11317E-3 9.07223E-6 1.70264E-7 1.73377E-7 4.01767E-8
2.67703E-2 3.31603E-2 3.36763E-2 3.48906E-2 3.69394E-2 3.84728E-2 3.49706E-2 3.92782E-2 4.11857E-2 4.36722E-2 4.56641E-2 5.07797E-2 5.48881E-2 5.40004E-2 5.94405E-2 5.34483E-2 4.40627E-2 4.63077E-2 4.5122E-2 4.29397E-2 3.93936E-2 3.44041E-2 3.20698E-2 3.14094E-2 3.11832E-2 3.11832E-2 3.0531E-2 3.07476E-2 3.07476E-2 3.20698E-2 3.4466E-2 3.65844E-2 3.82164E-2 3.97757E-2 4.0501E-2 3.96782E-2 4.03483E-2 3.99044E-2 4.00717E-2 4.08762E-2 4.2005E-2 4.32614E-2 4.4238E-2 4.47015E-2 4.36617E-2 4.25304E-2 4.05293E-2 3.79395E-2 3.61225E-2 3.6586E-2 3.80493E-2 3.67011E-2 2.77745E-2 2.60057E-2 3.18044E-2 3.13306E-2 2.43088E-2 3.25466E-2 5.2257E-2 5.98392E-2 6.16836E-2 5.54274E-2 4.86518E-2 4.61635E-2 3.80049E-2 1.46243E-2 1.93439E-3 4.12748E-5 7.74328E-6 1.58602E-6
