KUENM/Final_Models/M_0.1_F_lq_Set_2_E/sp1_1.asc
ncols         197
nrows         210
xllcorner     56.1666666666667
yllcorner     4.5
cellsize      0.166666666666667
NODATA_value  -9999
[rows 56 to 83 of 210, columns 130 to 194 of 197]
1.48265E-4 4.98109E-8 3.34815E-7 1.12014E-9 1.89334E-8 1.1252E-9 2.3369E-9 4.92541E-12 5.58489E-11 4.30858E-10 1.84502E-10 3.1777E-12 6.50176E-12 8.3318E-13 2.05442E-11 4.72612E-16 2.64145E-13 1.57625E-16 4.71948E-16 5.43896E-27 2.32348E-25 5.80892E-23 3.8958E-19 1.13641E-19 7.511E-24 1.65058E-24 3.97249E-30 1.34838E-28 1.35485E-28 3.37866E-26 2.96582E-24 3.1008E-23 1.37009E-22 1.72887E-23 1.16972E-25 5.08981E-25 1.43454E-24 4.63858E-28 1.39945E-31 7.94654E-33 2.46814E-30 3.77104E-34 5.05553E-35 1.87451E-34 -9999 -9999 -9999 -9999 -9999 -9999 -9999 -9999 -9999 -9999 -9999 -9999 -9999 -9999 -9999 -9999 -9999 -9999 -9999 -9999 -9999
1.63886E-2 5.23199E-3 3.22819E-5 7.78271E-11 1.63651E-10 3.70803E-8 1.92816E-10 1.05758E-10 1.53588E-8 4.70419E-9 2.93277E-9 3.23712E-9 1.34756E-10 1.32169E-11 1.10088E-11 5.44045E-12 3.10735E-10 1.12738E-12 2.81862E-14 1.97788E-27 2.25292E-21 1.3101E-26 7.20349E-22 8.04309E-17 4.64613E-12 3.43191E-20 1.03441E-22 4.63652E-26 7.49565E-28 3.98166E-30 2.69373E-27 2.92689E-24 1.36019E-23 1.28283E-22 5.07312E-23 5.44905E-25 8.88633E-26 3.85995E-25 9.83182E-28 8.29446E-32 2.79254E-34 9.94074E-32 8.66399E-35 1.22473E-34 4.32524E-31 2.47745E-35 -9999 -9999 -9999 -9999 -9999 -9999 -9999 -9999 -9999 -9999 -9999 -9999 -9999 -9999 -9999 -9999 -9999 -9999 -9999
6.28377E-2 6.49602E-2 3.64015E-3 3.71037E-6 2.63159E-8 1.52543E-8 8.91535E-10 6.46391E-11 2.4432E-8 8.08272E-9 1.05839E-9 2.3369E-9 4.22346E-10 1.72767E-11 8.07249E-12 7.5883E-12 8.08672E-10 1.40445E-9 6.06405E-12 1.26178E-18 1.24446E-13 2.19562E-16 1.07019E-19 4.67548E-10 8.85031E-8 9.33428E-10 4.20202E-20 3.34889E-24 2.60649E-23 1.70999E-31 1.66151E-31 1.1285E-27 2.82698E-24 2.7973E-23 1.11466E-23 9.5398E-24 3.21395E-25 4.48958E-24 2.95216E-26 2.52987E-26 3.12226E-33 6.38718E-31 1.93074E-29 1.22613E-30 7.57066E-32 1.76972E-33 6.31626E-34 8.7428E-31 -9999 -9999 -9999 -9999 -9999 -9999 -9999 -9999 -9999 -9999 -9999 -9999 -9999 -9999 -9999 -9999 -9999
1.2749E-1 9.27299E-2 2.42565E-2 2.12221E-3 2.21728E-5 2.95561E-6 3.66635E-7 2.39488E-8 2.67945E-10 1.76291E-11 1.20053E-9 9.89684E-10 1.37865E-9 9.88055E-10 6.03957E-9 3.648E-9 4.51462E-9 3.52622E-9 3.86698E-9 7.1313E-9 2.72195E-7 5.38243E-10 1.98393E-12 1.25608E-5 4.90676E-7 9.22791E-9 1.11587E-11 2.90351E-15 5.13123E-20 8.46307E-23 4.4965E-23 6.28996E-27 8.84547E-30 4.45793E-26 2.06561E-25 3.38747E-26 4.33169E-26 1.0544E-22 2.8188E-23 2.29408E-24 5.28239E-26 5.88317E-27 1.82656E-26 8.76989E-28 2.19814E-28 1.65912E-30 1.37949E-29 1.1606E-28 8.83159E-31 3.47795E-31 -9999 -9999 -9999 -9999 -9999 -9999 -9999 -9999 -9999 -9999 -9999 -9999 -9999 -9999 -9999
1.23421E-1 1.27915E-1 6.34515E-2 2.76399E-2 6.03059E-3 8.94927E-4 2.75882E-5 5.29591E-7 8.59329E-11 1.39134E-13 3.93538E-14 1.04186E-11 1.72274E-9 5.2134E-9 1.43775E-8 1.23242E-7 4.1019E-8 4.4559E-8 7.30813E-8 2.72017E-8 9.09453E-8 1.03792E-6 2.0272E-10 3.2886E-6 1.24441E-9 1.54982E-11 2.871E-14 6.98513E-21 8.30222E-27 4.67795E-26 1.38426E-22 1.45098E-21 8.75179E-25 1.40237E-30 2.52006E-28 1.81861E-31 1.60368E-27 3.37619E-24 4.20137E-27 1.09781E-24 9.45501E-25 1.45315E-26 2.52276E-24 4.63762E-25 8.52539E-26 1.70091E-29 4.81849E-28 1.0488E-27 3.61341E-27 3.34008E-27 7.5114E-27 3.69374E-28 -9999 -9999 -9999 -9999 -9999 -9999 -9999 -9999 -9999 -9999 -9999 -9999 -9999
1.12507E-1 1.29304E-1 1.00327E-1 6.11411E-2 3.28978E-2 1.19764E-2 2.45551E-3 1.12995E-4 2.20929E-7 1.65483E-11 5.08877E-12 4.68906E-11 8.75923E-10 6.19085E-9 3.26458E-8 7.78229E-8 6.14537E-8 1.63925E-7 1.40828E-6 1.17454E-6 1.44098E-5 1.06831E-7 2.08111E-7 3.76112E-8 3.89223E-9 7.63487E-10 1.27653E-10 3.13472E-14 3.35424E-23 2.54528E-24 2.98344E-23 1.99293E-24 1.14838E-25 5.59755E-30 2.15471E-32 4.59365E-34 4.00457E-24 5.16315E-24 6.35883E-29 5.71078E-24 3.41753E-23 6.5725E-24 3.99832E-24 3.38267E-25 2.12976E-25 2.3911E-23 1.81545E-25 4.618E-24 2.98087E-24 3.75601E-27 5.7481E-27 4.963E-29 1.32071E-23 -9999 -9999 -9999 -9999 -9999 -9999 -9999 -9999 -9999 -9999 -9999 -9999
1.38396E-1 1.51047E-1 1.29304E-1 1.03108E-1 7.63858E-2 5.43623E-2 2.23129E-2 3.48052E-3 1.94025E-4 4.85627E-6 1.17774E-7 8.03746E-9 3.82938E-9 4.21051E-8 6.089E-8 5.11381E-8 1.01974E-7 7.3505E-8 3.60017E-8 1.31567E-6 2.05678E-6 6.41474E-6 6.48678E-6 8.02204E-8 4.21874E-12 7.8554E-14 1.49615E-15 3.65193E-14 6.2831E-12 1.84255E-16 3.59951E-17 5.94022E-25 5.07617E-26 4.82871E-26 9.15368E-32 3.20334E-33 8.99243E-17 2.45934E-24 1.19889E-29 2.77798E-27 4.51097E-28 3.95837E-28 9.89381E-29 3.31441E-26 4.52405E-26 2.1854E-25 1.73324E-26 8.52539E-26 1.93369E-25 8.90695E-29 8.25204E-29 5.11137E-29 4.12565E-28 5.06268E-27 1.43418E-25 -9999 -9999 -9999 -9999 -9999 -9999 -9999 -9999 -9999 -9999
2.08568E-1 2.10078E-1 1.9811E-1 1.64365E-1 1.46177E-1 1.39634E-1 7.4233E-2 2.50827E-2 8.15993E-3 4.79293E-3 1.14019E-3 7.66775E-5 1.06018E-5 2.95689E-5 1.16135E-4 2.62985E-6 7.23954E-8 3.00966E-8 3.20162E-8 3.47716E-7 7.70838E-7 2.92446E-6 3.2797E-6 5.65017E-6 3.01815E-8 2.59125E-9 3.64447E-7 6.37004E-10 1.2616E-10 5.49853E-15 7.09506E-13 9.58392E-19 4.70079E-23 7.40599E-26 5.49975E-30 8.35716E-20 3.09776E-19 1.62917E-30 3.86808E-33 3.2996E-34 1.12374E-30 3.34725E-29 5.65992E-31 4.74241E-30 4.21009E-25 1.38364E-26 4.03117E-24 2.01765E-29 4.96685E-30 1.87549E-30 6.67967E-25 1.72473E-23 5.75692E-30 2.83443E-28 6.23675E-28 1.92924E-29 -9999 -9999 -9999 -9999 -9999 -9999 -9999 -9999 -9999
3.01627E-1 2.89599E-1 3.05871E-1 2.91954E-1 2.91954E-1 2.37814E-1 1.46706E-1 7.20295E-2 3.91904E-2 2.54651E-2 1.50304E-2 3.86367E-3 3.38043E-4 1.4144E-4 2.22398E-5 6.18903E-7 1.51644E-7 5.24517E-8 8.18184E-9 1.19427E-8 1.70538E-7 2.8365E-6 5.19993E-7 7.13747E-7 9.45219E-7 4.04891E-7 1.44634E-7 4.66028E-8 8.75498E-11 2.10938E-12 4.0792E-15 7.57779E-26 2.72356E-32 5.77068E-35 1.92991E-23 7.95606E-18 1.96693E-25 1.4085E-28 1.02853E-25 6.05963E-33 6.55929E-29 4.26276E-24 3.55893E-25 3.13737E-29 5.77198E-23 2.41047E-28 1.06604E-23 4.61439E-24 1.33337E-24 1.29422E-26 5.35806E-25 2.27907E-22 1.14682E-26 1.62399E-23 3.91153E-25 4.14004E-24 8.37543E-25 -9999 -9999 -9999 -9999 -9999 -9999 -9999 -9999
3.69415E-1 3.40968E-1 3.5386E-1 3.791E-1 3.93743E-1 3.0912E-1 1.83837E-1 1.09071E-1 7.23387E-2 4.60231E-2 2.38586E-2 4.14406E-3 8.69518E-4 7.14636E-4 1.24896E-4 4.63455E-6 1.39496E-6 1.33602E-6 1.86939E-7 1.85269E-8 1.59378E-9 3.90181E-9 7.95577E-10 3.42831E-8 1.90247E-7 4.36358E-8 1.29906E-8 6.25152E-9 1.47979E-9 1.16258E-9 6.92144E-12 1.36721E-15 3.17684E-13 3.17785E-14 1.93559E-11 1.58645E-17 1.10164E-28 2.80198E-25 6.54035E-23 1.65714E-17 5.2955E-27 8.50513E-21 1.79003E-22 1.7742E-25 1.44891E-23 5.02482E-29 5.36921E-31 2.39189E-28 3.06653E-27 3.58908E-26 5.28356E-29 6.24077E-25 1.7972E-21 3.0188E-23 4.05979E-23 1.2065E-22 1.17968E-23 3.51157E-21 -9999 -9999 -9999 -9999 -9999 -9999 -9999
4.24859E-1 3.67812E-1 3.38489E-1 3.59752E-1 3.72612E-1 2.78457E-1 1.54522E-1 1.18924E-1 9.85414E-2 6.05348E-2 2.04691E-2 2.51378E-3 1.02732E-3 1.95901E-3 1.60034E-3 2.41863E-4 1.00822E-4 6.49383E-5 3.13711E-5 4.45469E-6 6.90666E-7 2.32588E-8 2.45341E-10 2.48788E-9 1.09911E-7 1.23944E-6 3.90572E-7 1.33591E-8 2.06112E-9 6.41503E-10 1.49507E-10 2.07129E-10 1.33973E-10 9.35658E-13 4.97258E-16 2.58933E-12 8.65554E-14 1.83075E-12 1.54857E-15 3.85267E-11 3.27169E-23 4.29998E-22 1.00682E-9 1.75486E-23 7.83135E-19 2.88983E-17 9.85048E-30 2.65282E-37 7.75013E-29 2.42497E-25 4.92955E-31 7.59788E-32 7.2536E-25 9.60104E-27 1.0822E-23 8.35472E-23 1.50064E-26 6.1441E-25 1.46054E-21 -9999 -9999 -9999 -9999 -9999 -9999
4.62236E-1 3.96629E-1 3.31969E-1 3.37072E-1 3.40466E-1 2.52873E-1 1.55675E-1 1.35712E-1 1.1676E-1 7.2501E-2 3.04819E-2 3.57848E-3 1.64496E-3 2.66314E-3 4.00032E-3 2.22685E-3 1.62224E-3 2.06452E-3 2.56884E-3 5.06443E-4 8.76993E-5 6.44487E-5 8.29108E-5 2.40583E-5 6.18477E-7 1.51E-6 2.09644E-6 2.76362E-7 4.79189E-8 8.76468E-9 1.78572E-10 8.69423E-12 7.77313E-12 5.62053E-16 3.80373E-19 6.48712E-31 7.95444E-35 1.52934E-32 6.64114E-28 3.65483E-22 2.65132E-11 2.37852E-10 1.27131E-9 2.65264E-13 1.11073E-15 1.03135E-13 1.58044E-25 7.27524E-31 1.79011E-26 4.76788E-27 6.1671E-32 9.48937E-33 3.32241E-31 8.33404E-33 6.10664E-28 6.424E-29 6.66645E-26 1.45918E-22 1.05574E-31 3.33836E-23 -9999 -9999 -9999 -9999 -9999
4.95567E-1 4.34613E-1 3.72278E-1 3.67318E-1 3.75596E-1 3.41718E-1 2.64012E-1 1.95035E-1 1.58798E-1 1.05751E-1 6.0682E-2 2.29905E-2 9.82023E-3 7.71508E-3 1.24454E-2 1.04748E-2 8.36982E-3 1.01479E-2 1.20645E-2 5.53826E-3 2.76621E-3 4.49846E-3 1.25304E-2 1.04032E-2 1.32578E-3 4.9335E-6 1.75822E-6 1.33383E-6 7.06076E-7 3.3363E-6 5.1292E-7 2.6792E-10 2.27702E-10 3.29822E-15 2.03809E-17 1.4797E-23 2.11511E-25 2.74343E-27 4.80952E-25 6.43174E-24 2.4629E-19 2.896E-15 4.05763E-12 1.24077E-10 2.33765E-10 1.48804E-15 2.67206E-17 4.56257E-18 3.03536E-21 7.51576E-24 4.17309E-23 6.0002E-25 1.03274E-33 9.85704E-38 1.25061E-38 9.2795E-33 2.69233E-24 5.89051E-22 4.2301E-28 5.53014E-27 2.89036E-29 -9999 -9999 -9999 -9999
5.41994E-1 4.828E-1 4.331E-1 4.42744E-1 4.6191E-1 4.33588E-1 3.68398E-1 2.93651E-1 2.18583E-1 1.68864E-1 1.19561E-1 7.3346E-2 4.60408E-2 4.30551E-2 4.8913E-2 2.68654E-2 1.84673E-2 1.79179E-2 1.95894E-2 1.63775E-2 1.60985E-2 2.30762E-2 2.84476E-2 1.72749E-2 2.47537E-3 3.92307E-5 3.15224E-6 2.2425E-6 5.9659E-6 2.06926E-5 3.06832E-5 3.61302E-7 3.66326E-8 4.69236E-10 4.74281E-11 7.45525E-14 2.51079E-16 1.17013E-17 3.55803E-18 1.39211E-17 2.37801E-16 2.56123E-15 9.21323E-13 6.8474E-12 2.40048E-10 4.26524E-14 3.28777E-17 1.9272E-17 4.76095E-17 5.41461E-17 4.96312E-16 1.93026E-27 1.29271E-28 5.65664E-26 1.81475E-34 3.19885E-32 9.47269E-21 1.99644E-16 3.0069E-24 1.49739E-29 2.41745E-32 -9999 -9999 -9999 -9999
5.47283E-1 5.28942E-1 4.98506E-1 4.92073E-1 5.32571E-1 5.09893E-1 4.56531E-1 3.86839E-1 2.97187E-1 2.38056E-1 1.90735E-1 1.39673E-1 9.38107E-2 7.76809E-2 6.35126E-2 3.63E-2 2.57551E-2 2.92073E-2 3.13326E-2 3.0025E-2 3.17179E-2 3.53424E-2 2.87291E-2 1.49608E-2 3.60243E-3 3.84151E-4 3.21652E-5 4.29722E-6 7.02405E-6 3.45444E-5 9.71773E-5 3.49891E-5 1.09034E-6 3.33687E-9 1.99585E-10 5.26214E-13 1.18218E-13 3.26349E-15 1.42379E-14 2.55625E-13 5.29346E-13 7.81072E-13 1.14598E-13 9.20136E-11 2.57006E-11 2.48374E-13 3.49478E-11 1.74204E-15 1.54515E-20 2.33688E-17 1.56278E-17 1.74264E-19 1.05793E-25 1.50145E-19 2.4449E-29 1.30932E-24 2.21789E-17 1.44413E-19 2.02552E-23 5.85831E-24 1.97466E-25 1.79108E-33 -9999 -9999 -9999
5.57151E-1 5.54262E-1 5.54262E-1 5.41035E-1 5.48301E-1 5.43775E-1 5.0702E-1 4.4731E-1 3.71314E-1 3.11145E-1 2.77334E-1 2.11454E-1 1.38769E-1 8.33119E-2 5.995E-2 3.88741E-2 1.92793E-2 3.25938E-2 4.09754E-2 4.3168E-2 4.37307E-2 4.26573E-2 2.92329E-2 1.40795E-2 4.74496E-3 1.269E-3 3.24306E-4 1.12528E-4 8.86317E-5 1.46681E-4 4.01494E-4 2.71457E-4 1.10837E-5 8.04527E-7 1.84533E-8 1.23292E-9 3.89375E-12 4.74965E-14 9.30724E-12 1.18868E-9 9.32781E-10 3.71252E-11 2.66529E-10 1.49632E-14 5.5623E-13 3.22257E-14 7.63639E-9 1.32071E-8 8.15114E-16 5.77261E-14 1.30929E-17 4.26372E-16 1.47313E-16 6.65485E-18 3.22037E-17 2.6238E-18 5.22082E-22 1.25275E-17 8.1245E-17 1.01327E-15 1.50493E-17 2.38873E-29 2.15267E-25 -9999 -9999
5.73965E-1 5.52197E-1 5.58225E-1 5.44851E-1 5.31478E-1 5.27981E-1 5.26425E-1 5.00781E-1 4.46647E-1 3.81692E-1 3.46746E-1 2.8975E-1 2.08921E-1 9.21546E-2 6.53009E-2 5.995E-2 3.99135E-2 5.07886E-2 6.89901E-2 6.36789E-2 6.07407E-2 5.04159E-2 3.2157E-2 1.58482E-2 6.74777E-3 3.34831E-3 1.68403E-3 9.00998E-4 6.21973E-4 7.2888E-4 9.78449E-4 5.31556E-4 8.82329E-5 5.37363E-5 1.99463E-5 5.2954E-7 2.21111E-8 6.69146E-9 2.94155E-8 1.45211E-7 5.28555E-8 9.49169E-10 1.84787E-11 1.03879E-10 1.85364E-8 9.50392E-9 1.83459E-8 2.68526E-7 7.98213E-7 9.7124E-7 1.33867E-10 2.05667E-15 1.06229E-16 9.32E-16 1.88872E-18 6.33775E-13 2.49063E-10 6.63226E-17 9.22777E-15 2.94517E-16 1.80533E-15 1.34497E-16 2.87785E-15 -9999 -9999
5.94673E-1 5.57762E-1 5.17753E-1 4.95335E-1 5.04796E-1 5.08753E-1 5.22749E-1 5.2151E-1 4.95056E-1 4.33915E-1 3.76589E-1 3.69574E-1 3.58976E-1 2.19649E-1 1.11597E-1 7.96292E-2 8.14555E-2 1.28125E-1 1.31908E-1 1.07976E-1 8.8177E-2 6.76729E-2 4.09908E-2 2.06741E-2 9.48548E-3 8.91724E-3 8.64533E-3 4.75318E-3 2.48282E-3 2.22685E-3 2.30935E-3 7.118E-4 1.25754E-4 1.34305E-4 3.57616E-4 7.28581E-5 6.31878E-6 2.54542E-6 3.10578E-6 2.02085E-5 2.99784E-4 1.4245E-5 1.70451E-9 7.56936E-12 1.38082E-11 4.04228E-12 4.32738E-10 5.27878E-6 7.45045E-5 2.38289E-5 8.20333E-6 8.89269E-7 9.81656E-7 4.13655E-9 3.6333E-15 3.25074E-11 7.88273E-4 1.27711E-13 2.2344E-12 9.19424E-10 3.83657E-16 6.71827E-17 1.31696E-22 9.81051E-25 -9999
5.73244E-1 5.63774E-1 5.32887E-1 4.93652E-1 4.96453E-1 4.92242E-1 5.01976E-1 5.10065E-1 5.3046E-1 4.59664E-1 3.83558E-1 4.02447E-1 4.20863E-1 3.25422E-1 1.86629E-1 1.11597E-1 1.13913E-1 1.5936E-1 1.72908E-1 1.77425E-1 1.54031E-1 1.03735E-1 6.07107E-2 3.16209E-2 1.70299E-2 2.76552E-2 4.30551E-2 1.87425E-2 7.84223E-3 6.22229E-3 5.62553E-3 1.94514E-3 3.13669E-4 4.19662E-4 1.38812E-3 6.83051E-4 1.56694E-4 1.40477E-4 2.53902E-4 3.62451E-4 1.20328E-3 2.71725E-3 3.59676E-4 1.23881E-6 1.00747E-8 1.47787E-9 8.72994E-9 2.61471E-7 1.12134E-5 1.14385E-4 2.24053E-5 1.38251E-4 7.71755E-6 7.85098E-5 3.88184E-9 1.05779E-4 2.0722E-3 1.87052E-7 2.50267E-5 2.09627E-10 4.80404E-17 2.26361E-19 1.5554E-25 7.15918E-28 -9999
5.44611E-1 5.59863E-1 5.51314E-1 4.96453E-1 4.48776E-1 4.47169E-1 4.29154E-1 4.35857E-1 4.82197E-1 4.48704E-1 4.00748E-1 4.15892E-1 4.10882E-1 3.37567E-1 2.40719E-1 2.10554E-1 2.28824E-1 2.1102E-1 1.98018E-1 2.57068E-1 2.52788E-1 1.4846E-1 8.2387E-2 4.90851E-2 3.16209E-2 3.73446E-2 6.83841E-2 3.09048E-2 1.58873E-2 1.47228E-2 1.76524E-2 1.44588E-2 4.40373E-3 2.62483E-3 3.40931E-3 2.35162E-3 7.47075E-4 1.27734E-3 3.65695E-3 4.43782E-3 4.14159E-3 9.80426E-3 4.07304E-3 2.86176E-4 3.863E-5 2.1431E-5 4.90369E-5 5.91829E-5 3.60207E-5 1.77828E-5 3.95797E-5 8.04823E-4 1.25113E-4 2.42454E-4 1.8824E-4 2.13013E-4 1.34309E-3 6.66003E-4 2.63569E-6 5.23905E-9 1.22805E-13 4.08877E-24 4.33834E-30 8.02548E-33 1.79425E-39
5.21524E-1 5.41078E-1 5.29166E-1 4.85638E-1 4.41896E-1 4.37418E-1 3.92282E-1 3.84427E-1 4.39056E-1 4.30955E-1 4.22689E-1 4.323E-1 4.19211E-1 3.64286E-1 3.08794E-1 3.17795E-1 3.48301E-1 2.7001E-1 2.21257E-1 3.09682E-1 2.65875E-1 1.65691E-1 1.10516E-1 7.96782E-2 5.23044E-2 4.04528E-2 5.43658E-2 3.99206E-2 3.12815E-2 3.58656E-2 4.9151E-2 5.7089E-2 2.43843E-2 1.0024E-2 1.06094E-2 9.70081E-3 5.74557E-3 8.06356E-3 1.36535E-2 9.6643E-3 8.23503E-3 1.30175E-2 7.33894E-3 2.76555E-3 2.48418E-3 1.75609E-3 5.23803E-3 5.95484E-3 2.38819E-3 8.383E-4 2.3892E-4 6.50261E-5 3.609E-5 7.61756E-6 2.71258E-8 2.47356E-12 1.14163E-10 2.70756E-9 2.99237E-13 4.17754E-18 1.86458E-19 1.32556E-20 1.68478E-24 5.4866E-38 2.52234E-44
4.84271E-1 4.66088E-1 4.9018E-1 4.61243E-1 4.16686E-1 4.93097E-1 4.76744E-1 4.50052E-1 4.50378E-1 4.66088E-1 4.65803E-1 4.65803E-1 4.67323E-1 4.48215E-1 4.38728E-1 4.391E-1 4.10926E-1 3.53101E-1 3.24197E-1 3.18754E-1 2.59343E-1 1.82278E-1 1.64223E-1 1.40323E-1 9.01503E-2 4.72307E-2 5.56883E-2 7.09548E-2 8.52751E-2 8.91598E-2 7.96133E-2 7.00283E-2 4.1102E-2 2.28426E-2 2.10685E-2 1.91069E-2 2.38202E-2 3.99206E-2 5.43369E-2 4.54543E-2 2.68654E-2 2.5697E-2 2.25387E-2 1.44381E-2 1.92326E-3 1.07255E-3 6.96917E-3 1.91674E-2 1.35388E-2 1.74162E-2 1.27443E-2 7.74928E-4 1.42359E-4 1.9193E-5 4.69591E-7 2.79738E-9 2.4766E-11 1.1058E-14 1.17845E-19 3.3336E-21 1.76869E-19 1.549E-18 1.14642E-18 2.01531E-28 5.25294E-38
4.47169E-1 4.17385E-1 4.47169E-1 4.50052E-1 4.04578E-1 4.89936E-1 5.11426E-1 4.84271E-1 4.6439E-1 4.62992E-1 4.61435E-1 4.58115E-1 4.93652E-1 4.82197E-1 4.83651E-1 4.62745E-1 4.08846E-1 3.63841E-1 3.4673E-1 3.15722E-1 2.66444E-1 2.36611E-1 2.32825E-1 2.29421E-1 1.6845E-1 1.00502E-1 7.4272E-2 9.62561E-2 1.33747E-1 1.16356E-1 8.603E-2 7.12141E-2 5.36857E-2 3.42269E-2 2.77322E-2 3.26218E-2 6.518E-2 1.36147E-1 1.23186E-1 8.406E-2 3.68617E-2 3.88741E-2 5.60679E-2 4.12484E-2 3.5305E-3 4.63866E-4 8.78449E-3 5.34294E-2 5.83793E-2 4.76003E-2 6.50046E-2 4.8194E-2 1.29785E-2 8.52728E-4 6.40124E-5 1.55186E-6 1.47333E-8 2.31166E-11 7.58555E-15 3.08417E-17 2.03981E-17 4.81269E-17 3.58186E-18 5.71229E-23 1.23089E-29
3.9704E-1 3.67814E-1 3.72729E-1 3.63007E-1 3.76234E-1 4.4025E-1 5.00169E-1 4.70614E-1 4.13982E-1 3.98468E-1 4.03674E-1 4.01943E-1 4.39056E-1 4.32594E-1 4.05402E-1 3.39455E-1 3.06788E-1 3.15722E-1 3.35811E-1 3.19377E-1 2.90186E-1 2.82558E-1 2.77168E-1 2.51817E-1 2.14323E-1 1.61309E-1 8.41065E-2 6.49776E-2 1.16292E-1 1.09281E-1 6.2354E-2 6.91409E-2 6.74952E-2 3.34641E-2 2.86718E-2 6.46817E-2 1.51231E-1 1.94823E-1 1.27362E-1 8.24423E-2 3.99206E-2 4.85281E-2 7.2501E-2 1.10461E-1 1.29407E-1 3.08618E-2 2.43354E-2 4.6498E-2 6.55418E-2 5.78514E-2 9.03076E-2 8.36927E-2 3.99747E-2 7.70672E-3 1.27405E-3 1.29609E-4 1.08662E-5 1.40227E-7 1.34805E-10 1.13232E-13 3.54408E-15 1.82446E-15 1.73743E-16 4.8748E-19 2.76862E-22
3.38283E-1 2.86601E-1 2.34533E-1 2.06284E-1 2.64919E-1 3.74744E-1 4.29299E-1 3.96276E-1 3.39877E-1 3.25181E-1 3.59968E-1 4.02832E-1 4.13247E-1 3.79821E-1 3.12304E-1 1.88029E-1 1.6793E-1 2.72088E-1 3.36207E-1 3.32534E-1 3.08413E-1 3.21205E-1 2.98807E-1 2.54048E-1 2.14552E-1 1.73132E-1 1.16292E-1 9.79678E-2 1.49829E-1 1.31938E-1 5.00109E-2 7.25233E-2 6.78238E-2 1.56346E-2 2.31533E-2 1.08105E-1 3.32163E-1 3.38684E-1 1.44295E-1 9.30102E-2 8.913E-2 1.05986E-1 1.17446E-1 1.7997E-1 2.6064E-1 1.091E-1 5.57352E-2 4.32014E-2 5.92248E-2 1.48381E-1 1.50201E-1 9.19155E-2 4.41792E-2 1.79094E-2 6.7669E-3 1.7534E-3 3.22365E-4 2.36026E-5 1.45308E-7 3.51655E-10 2.55367E-12 7.33931E-13 1.55258E-13 5.22635E-15 1.81481E-16
3.18307E-1 3.06055E-1 1.91604E-1 1.34655E-1 2.58436E-1 3.35959E-1 3.28862E-1 3.0481E-1 2.79343E-1 2.99443E-1 4.02832E-1 4.94546E-1 4.79394E-1 3.9805E-1 3.65655E-1 2.62713E-1 2.13665E-1 3.08507E-1 3.39877E-1 3.14143E-1 3.19662E-1 3.32534E-1 3.1024E-1 2.41804E-1 1.96542E-1 1.94938E-1 1.9334E-1 1.87009E-1 2.21258E-1 2.04563E-1 1.21776E-1 1.0136E-1 5.49387E-2 1.85286E-2 3.41346E-2 1.18079E-1 3.6722E-1 3.70833E-1 1.6793E-1 1.28067E-1 1.37209E-1 1.49829E-1 1.45789E-1 1.67166E-1 1.75913E-1 1.49842E-1 1.19955E-1 6.92019E-2 7.96782E-2 1.55114E-1 2.20221E-1 1.44996E-1 6.44455E-2 2.92422E-2 1.81956E-2 6.99021E-3 1.19833E-3 1.42043E-4 1.04254E-5 3.53457E-7 1.17539E-8 1.38101E-9 2.58923E-10 4.88299E-11 1.20745E-11
4.02091E-1 3.56329E-1 2.77237E-1 2.58436E-1 3.4524E-1 3.50795E-1 2.62053E-1 2.73591E-1 2.71772E-1 3.12206E-1 4.35279E-1 5.52833E-1 5.75306E-1 5.57288E-1 5.38752E-1 5.28273E-1 4.1037E-1 3.7651E-1 3.92785E-1 3.41795E-1 3.45482E-1 3.49031E-1 3.01111E-1 2.40175E-1 2.01388E-1 2.07927E-1 2.34888E-1 2.47177E-1 2.45421E-1 2.10869E-1 1.94436E-1 1.54019E-1 8.13083E-2 4.9729E-2 6.33708E-2 1.51696E-1 2.93218E-1 3.00629E-1 1.95441E-1 1.82648E-1 1.97069E-1 2.0258E-1 2.092E-1 1.71395E-1 1.98037E-1 2.14552E-1 2.17894E-1 1.51231E-1 5.19602E-2 7.94345E-2 2.36245E-1 1.61154E-1 7.78735E-2 3.99206E-2 2.16677E-2 8.22214E-3 2.05593E-3 5.52495E-4 2.56841E-4 6.13351E-5 5.46579E-6 6.55158E-7 1.34419E-7 4.65115E-8 3.24099E-8
4.29993E-1 4.09791E-1 3.56511E-1 3.17758E-1 3.54491E-1 3.7976E-1 3.56337E-1 3.59968E-1 3.14143E-1 3.19662E-1 3.9933E-1 5.29906E-1 6.0438E-1 6.02286E-1 5.39249E-1 4.92726E-1 4.33025E-1 4.31309E-1 4.87765E-1 4.38125E-1 4.05107E-1 3.9982E-1 3.28858E-1 2.45421E-1 2.17878E-1 2.26335E-1 2.6671E-1 2.82928E-1 2.77526E-1 2.12543E-1 1.7028E-1 1.5546E-1 1.12411E-1 1.00966E-1 1.12603E-1 2.06718E-1 3.11011E-1 3.24099E-1 2.52048E-1 2.36001E-1 2.56632E-1 3.08057E-1 3.06198E-1 2.22168E-1 2.84555E-1 3.81969E-1 3.23341E-1 2.20991E-1 9.75651E-2 1.00264E-1 1.71395E-1 1.45667E-1 8.7702E-2 4.16525E-2 2.02774E-2 9.59957E-3 5.12924E-3 3.72171E-3 2.7514E-3 1.38812E-3 1.90434E-4 2.86368E-5 7.08514E-6 3.04795E-6 4.72277E-7
