KUENM/Final_Models/M_0.1_F_lq_Set_2_E/sp1_9_se_asia.asc
ncols         320
nrows         243
xllcorner     44.0
yllcorner     -0.666666666666667
cellsize      0.166666666666667
NODATA_value  -9999
[rows 0 to 30 of 243, columns 0 to 69 of 320]
-9999 -9999 -9999 2.36936E-5 -9999 -9999 -9999 -9999 -9999 -9999 -9999 -9999 -9999 -9999 -9999 -9999 -9999 -9999 -9999 -9999 -9999 -9999 -9999 -9999 -9999 -9999 -9999 -9999 -9999 -9999 -9999 -9999 -9999 -9999 -9999 -9999 -9999 -9999 -9999 -9999 -9999 -9999 -9999 -9999 -9999 -9999 -9999 -9999 -9999 -9999 -9999 -9999 -9999 -9999 -9999 -9999 -9999 -9999 -9999 -9999 -9999 -9999 -9999 -9999 -9999 -9999 -9999 -9999 -9999 -9999
-9999 -9999 -9999 1.13595E-6 3.18108E-5 -9999 -9999 -9999 -9999 -9999 -9999 -9999 -9999 -9999 -9999 -9999 -9999 -9999 -9999 -9999 -9999 -9999 1.00997E-4 5.72438E-5 6.64935E-5 -9999 -9999 -9999 -9999 -9999 -9999 -9999 -9999 -9999 -9999 -9999 -9999 -9999 -9999 -9999 -9999 -9999 -9999 -9999 -9999 -9999 -9999 -9999 -9999 -9999 -9999 -9999 -9999 -9999 -9999 -9999 -9999 -9999 -9999 -9999 -9999 -9999 -9999 -9999 -9999 -9999 -9999 -9999 -9999 -9999
-9999 -9999 4.53487E-7 4.56706E-7 1.82546E-6 5.96777E-5 -9999 -9999 -9999 -9999 -9999 -9999 -9999 -9999 -9999 -9999 -9999 -9999 -9999 -9999 2.74911E-4 1.48307E-4 1.01801E-4 8.05294E-5 9.2882E-5 1.62707E-4 -9999 -9999 -9999 -9999 -9999 -9999 -9999 -9999 -9999 -9999 -9999 -9999 -9999 -9999 -9999 -9999 -9999 -9999 -9999 -9999 -9999 -9999 -9999 -9999 -9999 -9999 -9999 -9999 -9999 -9999 -9999 -9999 -9999 -9999 -9999 -9999 -9999 -9999 -9999 -9999 -9999 -9999 -9999 -9999
1.17324E-10 6.70841E-10 7.38731E-9 3.51517E-7 2.4874E-5 5.39555E-5 1.0253E-4 -9999 -9999 -9999 -9999 -9999 -9999 -9999 -9999 -9999 -9999 -9999 4.91245E-4 2.19814E-4 1.5752E-4 1.2515E-4 4.98037E-5 5.92558E-5 1.09197E-4 -9999 -9999 -9999 -9999 -9999 -9999 -9999 -9999 -9999 -9999 -9999 -9999 -9999 -9999 -9999 -9999 -9999 -9999 -9999 -9999 -9999 -9999 -9999 -9999 -9999 -9999 -9999 -9999 -9999 -9999 -9999 -9999 -9999 -9999 -9999 -9999 -9999 -9999 -9999 -9999 -9999 -9999 -9999 -9999 -9999
-9999 2.54509E-11 9.10688E-9 7.17951E-9 4.19708E-8 5.77068E-6 3.33863E-5 4.53416E-5 -9999 -9999 -9999 -9999 -9999 -9999 -9999 -9999 -9999 1.78809E-4 4.46658E-5 4.57901E-5 7.23003E-5 9.91707E-5 3.28432E-5 3.9656E-5 6.43307E-5 1.20287E-4 -9999 -9999 -9999 -9999 -9999 -9999 -9999 -9999 -9999 -9999 -9999 -9999 -9999 -9999 -9999 -9999 -9999 -9999 -9999 -9999 -9999 -9999 -9999 -9999 -9999 -9999 -9999 -9999 -9999 -9999 -9999 -9999 -9999 -9999 -9999 -9999 -9999 -9999 -9999 -9999 -9999 -9999 -9999 -9999
-9999 7.31192E-11 2.935E-10 7.72514E-10 6.07707E-8 1.64911E-6 1.54869E-5 4.89949E-6 3.86345E-6 9.70901E-5 1.14905E-4 -9999 -9999 -9999 -9999 -9999 1.64495E-5 1.78246E-6 1.78992E-6 5.51709E-7 1.04117E-5 1.42283E-5 1.43549E-6 5.8497E-7 -9999 -9999 -9999 -9999 -9999 -9999 -9999 -9999 -9999 -9999 -9999 -9999 -9999 -9999 -9999 -9999 -9999 -9999 -9999 -9999 -9999 -9999 -9999 -9999 -9999 -9999 -9999 -9999 -9999 -9999 -9999 -9999 -9999 -9999 -9999 -9999 -9999 -9999 -9999 -9999 -9999 -9999 -9999 -9999 -9999 -9999
-9999 -9999 1.28682E-11 1.42919E-9 5.18309E-9 1.41082E-7 7.17791E-6 5.23406E-5 7.77644E-6 1.06465E-6 2.49329E-8 5.36431E-8 4.31144E-6 1.71768E-5 2.98183E-7 1.79437E-7 1.18485E-8 3.01716E-9 1.51639E-7 7.17945E-8 6.00781E-6 5.20692E-6 7.6944E-7 1.08008E-6 4.70249E-8 -9999 -9999 -9999 -9999 -9999 -9999 -9999 -9999 -9999 -9999 -9999 -9999 -9999 -9999 -9999 -9999 -9999 -9999 -9999 -9999 -9999 -9999 -9999 -9999 -9999 -9999 -9999 -9999 -9999 -9999 -9999 -9999 -9999 -9999 -9999 -9999 -9999 -9999 -9999 -9999 -9999 -9999 -9999 -9999 -9999
-9999 -9999 2.02963E-11 2.46302E-11 9.47586E-8 1.14612E-5 2.469E-5 3.69668E-5 1.02549E-5 6.21013E-6 2.34206E-6 2.66013E-9 8.39564E-10 5.81474E-7 1.13523E-7 6.77449E-8 4.74523E-8 8.00128E-8 9.34234E-8 3.16401E-7 4.7866E-6 2.82088E-5 1.11275E-5 5.76203E-6 6.69161E-7 1.02197E-7 1.59915E-8 -9999 -9999 -9999 -9999 -9999 -9999 -9999 -9999 -9999 -9999 -9999 -9999 -9999 -9999 -9999 -9999 -9999 -9999 -9999 -9999 -9999 -9999 -9999 -9999 -9999 -9999 -9999 -9999 -9999 -9999 -9999 -9999 -9999 -9999 -9999 -9999 -9999 -9999 -9999 -9999 -9999 -9999 -9999
-9999 -9999 2.61535E-10 3.11661E-10 7.35877E-8 8.87145E-6 1.65648E-6 1.06707E-7 1.40008E-6 1.21377E-6 2.65591E-6 1.11308E-6 7.00204E-8 1.17098E-8 1.73918E-9 1.18971E-8 5.14157E-8 3.48628E-7 3.52507E-7 8.13728E-7 7.07593E-6 7.18712E-6 1.90098E-7 7.6714E-9 1.96398E-7 4.06017E-7 3.03079E-7 -9999 1.33459E-4 -9999 -9999 -9999 -9999 -9999 -9999 -9999 -9999 -9999 -9999 -9999 -9999 -9999 -9999 -9999 -9999 -9999 -9999 -9999 -9999 -9999 -9999 -9999 -9999 -9999 -9999 -9999 -9999 -9999 -9999 -9999 -9999 -9999 -9999 -9999 -9999 -9999 -9999 -9999 -9999 -9999
-9999 -9999 3.33865E-11 3.77504E-9 8.91346E-7 4.38923E-6 7.05039E-6 1.14772E-5 3.58821E-6 5.44968E-8 7.78027E-8 4.7957E-6 3.68451E-6 2.41879E-6 2.64472E-7 3.70843E-7 2.27679E-7 1.21252E-6 5.44968E-8 2.17793E-9 9.52465E-10 2.19337E-10 1.85313E-13 8.97846E-13 6.02555E-8 5.201E-7 8.56122E-7 6.99704E-7 2.65782E-5 -9999 -9999 -9999 -9999 -9999 -9999 -9999 -9999 -9999 -9999 -9999 -9999 -9999 -9999 -9999 -9999 -9999 -9999 -9999 -9999 -9999 -9999 -9999 -9999 -9999 -9999 -9999 -9999 -9999 -9999 -9999 -9999 -9999 -9999 -9999 -9999 -9999 -9999 -9999 -9999 -9999
-9999 -9999 1.27858E-10 4.10547E-8 1.32042E-7 5.40393E-7 2.7683E-6 1.69161E-5 2.08742E-5 1.78183E-5 1.75749E-5 2.01699E-5 1.75749E-5 8.81199E-6 1.50374E-6 1.09222E-6 1.14116E-6 1.13411E-6 8.25411E-7 1.76803E-7 1.34134E-8 4.05537E-9 3.68709E-10 1.16921E-8 2.07276E-7 2.98429E-7 3.85784E-7 4.4289E-9 7.37025E-6 -9999 -9999 -9999 -9999 -9999 -9999 -9999 -9999 -9999 -9999 -9999 -9999 -9999 -9999 -9999 -9999 -9999 -9999 -9999 -9999 -9999 -9999 -9999 -9999 -9999 -9999 -9999 -9999 -9999 -9999 -9999 -9999 -9999 -9999 -9999 -9999 -9999 -9999 -9999 -9999 3.92284E-3
-9999 1.41966E-10 1.73989E-10 3.74633E-9 1.3507E-8 2.16045E-7 2.03626E-5 2.78346E-5 1.29353E-5 1.6477E-5 2.42627E-5 2.10165E-5 3.12981E-6 2.07915E-7 3.73509E-8 3.06904E-8 1.25884E-7 2.93872E-7 4.08577E-7 6.77402E-7 4.68973E-7 4.54096E-7 6.19185E-8 1.63411E-8 8.15322E-8 2.92387E-7 1.00825E-7 1.38694E-9 1.38111E-5 1.0567E-4 -9999 -9999 -9999 -9999 -9999 -9999 -9999 -9999 -9999 -9999 -9999 -9999 -9999 -9999 -9999 -9999 -9999 -9999 -9999 -9999 -9999 -9999 -9999 -9999 -9999 -9999 -9999 -9999 -9999 -9999 -9999 -9999 -9999 -9999 -9999 -9999 -9999 6.98544E-3 6.89383E-3 5.84577E-3
-9999 -9999 -9999 6.03762E-9 6.49675E-8 2.78472E-7 1.6698E-5 3.01499E-5 2.11273E-5 2.06018E-5 3.0108E-5 1.08636E-5 1.53885E-7 2.15191E-10 1.09472E-11 3.06978E-10 7.27904E-8 1.02197E-7 2.85122E-8 5.77959E-8 7.4332E-9 4.89389E-9 3.89959E-9 1.57594E-7 5.65985E-8 1.91616E-6 2.12997E-7 1.91492E-8 4.12991E-5 1.97939E-4 -9999 -9999 -9999 -9999 -9999 -9999 -9999 -9999 -9999 -9999 -9999 -9999 -9999 -9999 -9999 -9999 -9999 -9999 -9999 -9999 -9999 -9999 -9999 -9999 -9999 -9999 -9999 -9999 -9999 -9999 -9999 -9999 -9999 -9999 -9999 7.97436E-3 7.72733E-3 5.3126E-3 3.38735E-3 1.97418E-3
-9999 -9999 -9999 -9999 1.87771E-8 5.88216E-7 2.35129E-5 2.80175E-5 3.519E-5 2.90724E-5 2.12595E-5 2.5754E-6 3.93685E-8 6.12255E-9 1.28542E-9 5.84879E-9 1.76803E-7 3.44523E-7 3.42364E-7 9.56083E-7 1.34392E-6 3.13024E-6 7.39663E-6 7.60807E-6 1.30265E-6 1.15946E-5 5.98774E-7 1.44357E-7 2.97459E-6 3.28565E-4 6.67513E-5 -9999 -9999 -9999 -9999 -9999 -9999 -9999 -9999 -9999 -9999 -9999 -9999 -9999 -9999 -9999 -9999 -9999 -9999 -9999 -9999 -9999 -9999 -9999 -9999 -9999 -9999 -9999 -9999 -9999 -9999 -9999 -9999 -9999 -9999 1.09726E-2 9.79912E-3 5.95914E-3 5.41746E-3 4.70311E-3
-9999 -9999 -9999 -9999 4.45379E-10 3.19506E-7 3.22134E-6 2.66306E-5 3.34601E-5 2.76977E-5 3.66657E-5 3.05122E-5 7.98553E-6 1.92779E-6 2.6132E-7 1.83406E-7 8.35601E-7 2.22267E-6 2.23627E-6 8.25411E-7 1.92779E-6 1.9882E-5 7.42206E-5 1.30019E-5 2.67123E-6 3.23466E-5 4.00028E-6 8.90316E-9 2.84781E-7 6.83794E-5 3.83436E-4 1.67767E-5 2.84038E-6 3.14427E-6 9.47651E-6 2.71111E-5 -9999 -9999 -9999 -9999 -9999 -9999 -9999 -9999 -9999 -9999 -9999 -9999 -9999 -9999 -9999 -9999 -9999 -9999 -9999 -9999 -9999 -9999 -9999 -9999 -9999 -9999 -9999 1.47992E-2 1.64443E-2 1.77823E-2 1.66528E-2 1.43018E-2 1.35566E-2 3.63497E-3
-9999 -9999 -9999 -9999 -9999 5.65055E-7 7.58146E-8 1.04824E-6 2.77688E-5 3.59067E-5 4.03213E-5 3.9021E-5 2.48011E-5 2.86652E-6 1.0593E-6 6.27808E-7 2.23674E-7 6.20382E-7 6.1668E-7 1.01025E-6 3.82E-6 1.04282E-5 5.43038E-5 2.89128E-5 3.82E-6 1.62903E-5 1.22263E-4 1.42323E-5 3.43649E-6 1.57467E-6 7.43787E-4 1.13812E-4 2.65718E-5 1.61631E-5 2.91888E-5 5.51672E-5 9.54346E-5 1.17445E-4 -9999 -9999 -9999 -9999 -9999 -9999 -9999 -9999 -9999 -9999 -9999 -9999 -9999 -9999 -9999 -9999 -9999 -9999 -9999 -9999 -9999 -9999 1.14403E-2 1.48728E-2 1.89316E-2 2.27929E-2 2.50394E-2 2.40532E-2 2.51917E-2 2.05945E-2 7.41974E-3 3.52089E-4
-9999 -9999 -9999 -9999 -9999 2.35998E-9 2.77559E-7 7.00239E-7 1.12788E-5 3.53993E-5 4.60297E-5 4.42659E-5 4.2726E-5 1.25948E-5 3.5339E-6 1.70923E-7 3.33023E-8 4.6754E-8 5.39899E-7 1.77076E-6 1.06596E-5 3.83816E-5 1.1721E-4 8.94731E-5 2.16929E-5 1.65012E-6 3.14985E-6 9.30415E-5 4.86972E-4 2.52834E-6 2.20182E-5 1.31066E-3 5.21337E-4 3.76942E-4 3.32427E-4 8.01304E-4 6.60801E-4 3.36286E-4 2.17556E-4 -9999 -9999 -9999 -9999 -9999 -9999 -9999 -9999 -9999 -9999 -9999 -9999 -9999 -9999 -9999 -9999 -9999 -9999 -9999 -9999 -9999 2.13942E-2 2.70888E-2 3.38262E-2 3.66428E-2 3.50904E-2 3.40566E-2 2.57319E-2 6.01643E-3 3.12368E-4 1.44404E-5
-9999 -9999 -9999 -9999 -9999 8.81228E-10 8.41422E-7 3.94328E-6 7.07113E-6 1.69384E-5 4.54165E-5 2.77169E-5 5.45577E-5 3.89549E-5 1.3138E-5 8.50083E-7 7.43859E-8 9.41297E-9 1.09054E-8 4.75679E-8 3.59268E-6 2.52424E-5 2.56141E-5 2.15859E-5 3.58956E-5 1.36843E-5 2.97542E-7 3.73953E-8 2.6154E-4 2.99915E-3 6.08456E-5 1.15235E-5 1.34838E-3 2.35421E-3 2.12314E-4 5.22713E-5 2.46234E-5 1.71119E-4 1.78221E-5 7.02402E-4 -9999 -9999 -9999 -9999 -9999 -9999 -9999 -9999 -9999 -9999 -9999 -9999 -9999 -9999 -9999 -9999 -9999 -9999 -9999 -9999 3.26416E-2 4.08653E-2 4.70909E-2 4.61588E-2 2.34487E-2 1.08878E-2 3.63818E-4 2.40646E-5 3.61524E-5 2.75142E-6
-9999 -9999 -9999 -9999 -9999 -9999 3.88581E-7 1.33634E-5 8.33129E-7 1.31503E-6 6.24013E-6 1.35567E-6 2.93081E-5 2.35108E-5 2.2549E-5 7.4846E-6 5.47623E-8 2.12507E-9 5.38384E-9 1.95298E-9 8.90425E-9 1.1849E-6 4.46009E-6 1.93475E-7 1.35942E-6 2.30837E-5 1.03177E-5 4.24073E-7 2.29118E-7 5.58256E-5 2.72564E-3 3.82497E-3 4.21109E-3 1.21488E-4 2.87166E-5 3.1705E-6 1.05979E-6 6.74423E-7 1.04024E-8 1.35224E-6 8.75815E-4 9.16063E-4 -9999 -9999 -9999 -9999 -9999 -9999 -9999 -9999 -9999 -9999 -9999 1.64154E-2 1.93544E-2 2.14936E-2 2.45338E-2 2.68521E-2 2.22574E-2 2.50227E-2 1.0209E-2 3.97091E-3 1.5491E-3 3.77865E-4 3.2172E-5 1.89666E-6 5.30038E-6 1.44425E-6 1.03458E-5 6.9634E-5
-9999 -9999 -9999 -9999 -9999 -9999 3.14963E-8 1.07574E-5 2.26941E-7 2.3761E-6 3.12881E-6 1.52083E-6 2.38743E-5 2.55205E-5 4.38814E-6 1.09759E-5 3.44675E-7 4.72184E-8 3.83854E-7 2.08916E-8 2.03416E-8 3.88935E-6 1.93621E-5 2.78613E-6 4.85356E-7 1.61856E-6 2.27474E-6 5.93578E-6 3.20592E-6 4.33635E-7 1.1432E-6 3.93449E-5 4.48107E-3 3.08381E-3 6.24259E-4 1.20451E-4 9.90226E-5 4.86052E-6 7.40425E-9 3.827E-10 3.00457E-7 6.92811E-6 1.93191E-4 6.32069E-4 1.34143E-3 1.63215E-3 1.82747E-3 2.3256E-3 3.55209E-3 4.96405E-3 6.79341E-3 1.09559E-2 1.53712E-2 1.72155E-2 1.70017E-2 1.21421E-2 6.66488E-3 1.82914E-3 1.77806E-4 4.44372E-5 3.07746E-6 9.05597E-7 1.30722E-8 1.04609E-8 3.07366E-9 8.3503E-7 3.91363E-5 4.20391E-5 1.75811E-4 4.02277E-4
-9999 -9999 -9999 -9999 -9999 -9999 4.85843E-6 3.06439E-6 1.27663E-5 2.15787E-6 7.61898E-6 2.13802E-5 2.27599E-5 9.46734E-6 1.03693E-5 1.18802E-5 2.79271E-6 1.00221E-6 1.35184E-6 1.50758E-8 1.18346E-8 7.49964E-7 2.87297E-6 1.22424E-5 2.36054E-6 1.02671E-5 3.06585E-6 7.24786E-7 3.0739E-6 4.56289E-6 4.6318E-7 5.18518E-6 6.53655E-5 9.4634E-5 1.9737E-5 8.97093E-6 3.87879E-6 2.01699E-5 2.20147E-5 8.04665E-7 4.35319E-9 1.5419E-11 1.37163E-9 6.2815E-5 6.64683E-5 9.03963E-6 1.04776E-5 1.67999E-4 2.43006E-3 4.77513E-3 6.61459E-3 1.23651E-2 1.36888E-2 1.11588E-2 6.56047E-3 4.84668E-3 1.63392E-3 1.93918E-4 1.58755E-5 8.96532E-7 9.86605E-7 8.18076E-7 1.74883E-8 1.32676E-7 3.90736E-6 4.8117E-5 1.31331E-4 7.18464E-5 1.50038E-4 2.43787E-4
-9999 -9999 -9999 -9999 -9999 -9999 -9999 -9999 5.50718E-5 1.2969E-4 3.05261E-6 6.64945E-6 3.8695E-6 9.00392E-6 1.56759E-5 1.7654E-5 6.7879E-7 1.33763E-7 1.8274E-7 5.90548E-7 7.96784E-7 2.97459E-6 1.45063E-5 3.65564E-5 4.1249E-5 4.41366E-6 4.22883E-6 6.37967E-6 1.82405E-6 3.56318E-7 1.19539E-5 7.94431E-6 8.27466E-6 4.61004E-5 2.77063E-4 4.00335E-4 3.44439E-4 7.62514E-5 2.52519E-6 1.95997E-7 3.50271E-9 1.77957E-9 2.57613E-9 9.35254E-8 7.32746E-10 5.71105E-9 6.15748E-8 1.62151E-8 3.02021E-7 1.2888E-5 1.43648E-3 3.44725E-3 8.01651E-3 5.94974E-3 2.27743E-3 2.58883E-3 1.02217E-3 9.62188E-5 2.06944E-5 1.06149E-6 1.2384E-5 8.07271E-5 2.76337E-4 4.38122E-4 5.07903E-4 2.54307E-4 8.03319E-5 3.30905E-5 1.75976E-5 1.21824E-5
-9999 -9999 -9999 -9999 -9999 -9999 -9999 -9999 6.79149E-5 6.20298E-4 6.09521E-5 2.60351E-6 9.32772E-7 2.87859E-6 6.08267E-6 2.99393E-6 3.12062E-7 2.93309E-7 9.25124E-7 2.39697E-6 4.40805E-6 5.89867E-6 2.00079E-5 3.0919E-5 5.48115E-5 3.39087E-5 2.12921E-6 1.96285E-6 5.63448E-6 9.70716E-7 1.72072E-6 3.51231E-5 7.61311E-5 9.17408E-5 5.16396E-4 6.44854E-4 7.40235E-4 6.72742E-4 3.04671E-4 2.09232E-5 7.90247E-7 3.32625E-8 1.58129E-9 5.60468E-9 7.05005E-11 1.07346E-11 4.92394E-10 1.91103E-11 1.22187E-9 9.67333E-6 2.95178E-7 8.31006E-8 4.43562E-6 1.84627E-4 6.00541E-4 1.91155E-4 1.75192E-5 4.15999E-6 3.16691E-6 9.12634E-6 2.39049E-4 9.49476E-4 1.31573E-3 1.36785E-3 1.23255E-3 8.90343E-4 5.44657E-4 2.85165E-4 7.09839E-5 4.42365E-5
-9999 -9999 -9999 -9999 -9999 -9999 -9999 -9999 -9999 -9999 9.84014E-5 3.63296E-5 9.55834E-7 3.04469E-6 2.93762E-6 8.49483E-7 2.33354E-7 1.23422E-6 3.11841E-6 5.59902E-6 5.36928E-6 2.69416E-6 9.37916E-6 2.67289E-5 2.61097E-5 3.83816E-5 1.07177E-5 2.29098E-6 8.90572E-6 8.04622E-6 1.9902E-6 2.10788E-6 5.56416E-5 2.65351E-4 4.87597E-4 6.94038E-4 7.84817E-4 8.99404E-4 9.05866E-4 6.22102E-4 2.89952E-4 4.68002E-5 1.00614E-6 2.15601E-8 3.98059E-9 5.59484E-8 2.98291E-9 1.9557E-9 1.67178E-10 1.66855E-7 1.17154E-10 5.65454E-10 3.01793E-8 5.044E-7 3.99019E-6 9.37005E-8 6.31843E-8 1.4992E-6 1.02662E-5 1.56552E-4 5.46232E-4 1.19745E-3 1.70444E-3 1.62453E-3 1.51742E-3 1.41577E-3 1.31941E-3 8.86703E-4 3.02806E-4 3.02806E-4
-9999 -9999 -9999 -9999 -9999 -9999 -9999 -9999 -9999 -9999 -9999 -9999 -9999 -9999 6.6395E-7 5.04577E-8 4.18692E-7 7.7657E-7 1.20878E-6 1.35042E-6 3.37972E-6 2.7435E-6 3.62556E-6 7.78285E-6 8.64032E-6 1.77029E-5 1.05438E-5 5.94998E-6 1.74497E-6 4.10807E-7 5.99783E-6 1.85313E-5 1.9444E-5 9.69791E-6 5.94156E-5 3.24941E-4 5.31613E-4 6.6036E-4 6.50142E-4 4.87603E-4 6.10262E-4 5.71979E-4 1.98055E-4 1.93675E-4 3.28606E-4 8.62687E-5 2.33037E-5 1.83908E-6 1.18235E-7 5.48225E-10 1.69824E-8 1.30251E-6 3.56669E-6 4.80779E-7 9.73246E-8 6.72968E-7 1.03219E-5 2.00146E-5 1.53345E-5 3.9144E-5 1.2903E-4 1.03458E-3 1.48754E-3 1.88453E-3 1.09915E-3 1.34304E-3 7.19811E-4 4.41437E-4 1.70396E-4 4.46197E-4
-9999 -9999 -9999 -9999 -9999 -9999 -9999 -9999 -9999 -9999 -9999 -9999 1.74351E-4 1.0093E-4 1.71375E-5 5.74909E-6 6.15658E-7 4.81011E-7 4.65576E-6 2.26363E-6 1.53729E-6 3.88022E-6 1.1178E-5 5.73468E-6 3.90925E-6 8.16439E-6 4.7315E-6 1.38571E-6 8.91533E-7 4.89553E-7 1.54579E-7 7.72674E-7 9.6922E-7 2.6521E-6 8.31959E-6 1.00718E-5 2.51084E-5 7.34475E-5 6.00366E-5 2.8448E-4 7.79999E-4 1.1662E-3 1.86742E-3 2.52632E-3 2.47122E-3 5.96861E-4 3.25945E-4 3.0691E-5 5.42769E-6 6.8857E-6 5.07758E-6 8.69741E-6 1.28603E-7 1.99217E-7 1.76733E-5 4.668E-4 1.96864E-3 1.35062E-3 2.52187E-4 1.56756E-4 2.97901E-4 1.01629E-3 1.17188E-3 9.28814E-4 9.28814E-4 1.62176E-3 9.1891E-4 4.45947E-4 1.21298E-3 2.89641E-3
-9999 -9999 -9999 -9999 -9999 -9999 -9999 -9999 -9999 -9999 -9999 -9999 9.20333E-5 2.95239E-4 5.8048E-6 3.66595E-5 7.60727E-6 1.31792E-5 6.48936E-6 3.18848E-6 6.73368E-6 1.01133E-5 1.31251E-5 3.06178E-6 1.76946E-6 3.18357E-6 6.56128E-6 7.06198E-6 5.46205E-6 2.5514E-6 2.73022E-6 4.66716E-7 1.25052E-7 1.33974E-7 5.52465E-7 4.57146E-6 2.78151E-5 1.73644E-4 2.30814E-4 2.97912E-4 6.66529E-4 1.57314E-3 2.47122E-3 2.64684E-3 2.66488E-3 2.12841E-3 1.29346E-3 8.33514E-4 3.86038E-4 6.30597E-5 4.92863E-5 8.60852E-6 6.68221E-6 6.72443E-5 1.00279E-3 3.181E-3 4.9665E-3 3.66109E-3 1.99728E-3 6.44475E-4 2.90477E-4 4.82836E-4 2.46577E-4 1.04357E-4 3.17947E-4 3.31835E-3 7.43845E-3 5.19772E-3 6.25309E-3 8.661E-3
-9999 -9999 -9999 -9999 -9999 -9999 -9999 -9999 -9999 -9999 -9999 -9999 -9999 2.49271E-5 6.36523E-5 3.16143E-5 1.05929E-6 2.08667E-5 1.04136E-5 1.97917E-6 7.89797E-6 8.74676E-6 7.14639E-6 8.11823E-6 1.27453E-6 7.26687E-7 4.15994E-6 1.14574E-5 1.41228E-5 9.29305E-6 1.30308E-5 6.26622E-6 2.5369E-6 1.658E-6 2.02792E-7 1.51962E-6 1.86575E-6 3.10175E-5 3.31689E-4 4.6754E-4 5.79835E-4 5.14147E-4 1.99396E-3 2.81859E-3 3.4786E-3 3.13477E-3 2.57671E-3 2.06478E-3 1.43463E-3 1.84673E-3 2.13869E-3 3.78277E-3 4.87754E-3 5.62492E-3 6.32225E-3 6.76442E-3 8.41264E-3 7.62984E-3 7.06193E-3 5.38811E-3 3.32419E-3 3.15002E-3 1.19554E-3 3.54866E-3 6.29424E-3 9.15398E-3 1.06287E-2 1.00849E-2 9.97874E-3 9.76915E-3
-9999 -9999 -9999 -9999 -9999 -9999 -9999 -9999 -9999 -9999 -9999 3.93323E-2 4.00987E-3 6.45013E-4 9.34908E-6 4.23196E-5 1.04104E-5 6.79323E-5 9.05785E-6 2.78113E-6 3.60603E-6 9.136E-7 2.1703E-7 4.32837E-6 5.67998E-6 1.44952E-6 3.08261E-6 1.58852E-5 2.20597E-5 3.08988E-5 3.18045E-5 3.31941E-5 2.97392E-5 1.27868E-5 8.25083E-6 7.08809E-5 9.1805E-5 2.48584E-4 1.25634E-3 1.15182E-3 1.86574E-3 2.84733E-3 4.23434E-3 4.16296E-3 4.53488E-3 4.25241E-3 3.85522E-3 4.4526E-3 4.51935E-3 5.00879E-3 5.60663E-3 6.33696E-3 6.13151E-3 6.06422E-3 8.86858E-3 8.77274E-3 7.45961E-3 6.69101E-3 7.79605E-3 6.6984E-3 5.48381E-3 1.03997E-2 9.76915E-3 1.15393E-2 1.12973E-2 1.16235E-2 1.05952E-2 1.13766E-2 1.11339E-2 1.08953E-2
-9999 -9999 -9999 -9999 -9999 -9999 -9999 -9999 -9999 -9999 -9999 3.69587E-2 3.05553E-3 1.1207E-4 4.90795E-5 3.51712E-6 1.90847E-5 1.12211E-5 1.22169E-5 1.55681E-5 1.98246E-5 8.85647E-6 2.78042E-6 1.15652E-6 2.16595E-6 3.37001E-6 1.56544E-5 1.43921E-5 3.46799E-6 1.72489E-5 2.7793E-5 2.44944E-6 5.81473E-6 2.04606E-5 5.5738E-5 2.69142E-5 2.86997E-4 1.12604E-3 3.29175E-3 3.69446E-3 3.14796E-3 4.44049E-3 5.4108E-3 6.03109E-3 5.59168E-3 5.48381E-3 3.84959E-3 2.28586E-3 5.12457E-3 5.97769E-3 7.34876E-3 8.36353E-3 8.17894E-3 5.47473E-3 5.28977E-3 4.67427E-3 3.16344E-3 5.22926E-3 6.44621E-3 9.65491E-3 1.03166E-2 1.32609E-2 1.31176E-2 1.34054E-2 1.21214E-2 1.18592E-2 1.16015E-2 1.14744E-2 1.13484E-2 1.12234E-2
-9999 -9999 -9999 -9999 -9999 -9999 -9999 -9999 -9999 -9999 1.49539E-1 5.10376E-2 6.39917E-3 1.51454E-4 2.97656E-4 1.94635E-4 3.39272E-5 1.7207E-4 1.20296E-5 2.35566E-6 1.26178E-5 7.58795E-6 4.50736E-6 1.12284E-5 7.32148E-5 7.42192E-7 5.77439E-8 1.46208E-6 1.49418E-6 6.64599E-6 3.71091E-5 7.61054E-6 2.657E-6 5.34128E-6 1.52718E-6 4.69192E-6 1.12472E-6 3.26136E-5 1.42683E-3 3.08893E-3 3.54599E-3 4.65277E-3 5.60663E-3 6.62509E-3 6.84163E-3 7.05561E-3 6.6695E-3 6.15802E-3 4.02898E-3 1.66495E-3 5.61329E-3 7.5012E-3 6.81799E-3 8.94593E-3 9.92102E-3 1.16201E-2 1.26974E-2 1.37042E-2 1.38583E-2 1.43287E-2 1.41705E-2 1.43287E-2 1.32778E-2 1.32778E-2 1.31307E-2 1.20188E-2 1.20188E-2 1.20188E-2 1.16201E-2 1.16201E-2
