KUENM/Final_Models/M_0.1_F_lq_Set_2_E/sp1_9_se_asia.asc
ncols         320
nrows         243
xllcorner     44.0
yllcorner     -0.666666666666667
cellsize      0.166666666666667
NODATA_value  -9999
[rows 93 to 123 of 243, columns 210 to 279 of 320]
4.11598E-2 1.39856E-2 1.50249E-2 5.52109E-2 1.11943E-1 1.39363E-1 1.49399E-1 1.57826E-1 1.4125E-1 1.23846E-1 1.54327E-1 1.26546E-1 8.90915E-2 7.11763E-2 7.5212E-2 9.134E-2 1.05634E-1 1.43383E-1 2.0243E-1 2.61483E-1 2.5384E-1 2.23596E-1 2.17878E-1 2.05345E-1 1.96594E-1 1.93891E-1 1.6455E-1 1.64706E-1 1.71393E-1 1.63891E-1 9.82703E-2 6.57561E-2 8.039E-2 9.82703E-2 9.71536E-2 7.41802E-2 1.05634E-1 1.32847E-1 1.26849E-1 1.55667E-1 1.75876E-1 1.6331E-1 1.15298E-1 8.21093E-2 5.64451E-2 4.37689E-2 3.95619E-2 3.06309E-2 2.27282E-2 5.23271E-3 7.57407E-4 4.60675E-4 1.15908E-3 2.03841E-3 3.37122E-3 4.06203E-3 2.64805E-3 1.08821E-3 3.56223E-4 6.01872E-5 1.28628E-5 7.8157E-6 4.13682E-6 1.11048E-6 1.71478E-7 2.38105E-8 2.38052E-9 2.05769E-10 2.07337E-11 3.3979E-12
3.57331E-2 2.14253E-2 3.60099E-2 6.70824E-2 1.06497E-1 9.64668E-2 1.31634E-1 1.61899E-1 1.47926E-1 1.15293E-1 1.15807E-1 1.04476E-1 9.43059E-2 9.32686E-2 1.06501E-1 1.00073E-1 9.70273E-2 1.24184E-1 1.45897E-1 1.71717E-1 1.85624E-1 1.96183E-1 1.81885E-1 1.59167E-1 1.3216E-1 1.30594E-1 1.11699E-1 1.02123E-1 1.05533E-1 1.13982E-1 1.2677E-1 1.47073E-1 1.08749E-1 8.39088E-2 5.51625E-2 4.80682E-2 4.94146E-2 3.56103E-2 2.98665E-2 5.00048E-2 9.1619E-2 1.08654E-1 6.6319E-2 5.49575E-2 5.56198E-2 3.80648E-2 3.2286E-2 2.31876E-2 1.47299E-2 6.71095E-3 3.13784E-3 2.42651E-3 2.04096E-3 1.25227E-3 1.64617E-3 3.50039E-3 2.84491E-3 1.07619E-3 2.86903E-4 4.7434E-5 9.05901E-6 1.34806E-5 7.06283E-6 1.36375E-6 2.07607E-7 2.59733E-8 3.54571E-9 4.39414E-10 8.04483E-11 2.31367E-11
6.26017E-2 5.7489E-2 2.95589E-2 6.87557E-2 1.04476E-1 8.60315E-2 9.5065E-2 1.13157E-1 1.07078E-1 9.70518E-2 8.21213E-2 7.60839E-2 8.12381E-2 9.70518E-2 1.10298E-1 9.77991E-2 7.9477E-2 7.97757E-2 7.76772E-2 1.09851E-1 9.74391E-2 1.30425E-1 1.15245E-1 9.02806E-2 7.52988E-2 7.17023E-2 5.98115E-2 5.71146E-2 5.5802E-2 7.39555E-2 1.28012E-1 1.53623E-1 8.06926E-2 5.78031E-2 4.43484E-2 4.83839E-2 5.20054E-2 2.50729E-2 1.78009E-2 2.64441E-2 5.50914E-2 6.04498E-2 3.15916E-2 2.50081E-2 3.6876E-2 3.41745E-2 2.80649E-2 1.74272E-2 1.22212E-2 8.87053E-3 7.23311E-3 6.78457E-3 4.97873E-3 1.80163E-3 1.58812E-3 2.75136E-3 2.39264E-3 1.16169E-3 3.58898E-4 8.40078E-5 3.1004E-5 2.30659E-5 8.35363E-6 1.26285E-6 1.49485E-7 2.24671E-8 3.79586E-9 5.85778E-10 1.5669E-10 8.13761E-11
6.61294E-2 6.02653E-2 2.42036E-2 8.02208E-2 7.52489E-2 5.11069E-2 4.41662E-2 5.54099E-2 5.36655E-2 4.64368E-2 3.91296E-2 3.60463E-2 5.54099E-2 8.56037E-2 8.65775E-2 8.03608E-2 6.41026E-2 5.18088E-2 4.85003E-2 5.26231E-2 4.34283E-2 4.57025E-2 5.94317E-2 4.99009E-2 4.18292E-2 3.52959E-2 2.98665E-2 3.37625E-2 3.22686E-2 4.33522E-2 5.17798E-2 3.89016E-2 4.35298E-2 5.22239E-2 4.1209E-2 4.42068E-2 4.29945E-2 3.80395E-2 4.27323E-2 4.37068E-2 3.58635E-2 3.90586E-2 3.47342E-2 5.60689E-2 4.01345E-2 3.62438E-2 3.13641E-2 1.26388E-2 1.20796E-2 1.28334E-2 1.02152E-2 1.2642E-2 1.32241E-2 5.23247E-3 3.44212E-3 3.38387E-3 2.6114E-3 1.32324E-3 4.9334E-4 1.52234E-4 5.06894E-5 2.00111E-5 5.8219E-6 8.07848E-7 9.78776E-8 1.71387E-8 4.98798E-9 1.07487E-9 4.16866E-10 1.69443E-10
3.41845E-2 3.7065E-2 4.25076E-2 5.19827E-2 3.89016E-2 3.61474E-2 3.17556E-2 2.70204E-2 1.94834E-2 1.73063E-2 1.37641E-2 1.75544E-2 3.97365E-2 7.92165E-2 8.25613E-2 6.40394E-2 4.54366E-2 3.15635E-2 2.12895E-2 1.96548E-2 1.78842E-2 1.55932E-2 2.37625E-2 2.0274E-2 1.74005E-2 1.45927E-2 1.23539E-2 1.27156E-2 1.57617E-2 1.30409E-2 9.62704E-3 5.83314E-3 6.89697E-3 2.10093E-2 3.15352E-2 2.30503E-2 1.49587E-2 1.34725E-2 1.08254E-2 9.99305E-3 7.4237E-3 1.09064E-2 2.2444E-2 3.35046E-2 4.38918E-2 5.09331E-2 4.793E-2 2.59555E-2 2.04619E-2 2.59555E-2 9.60291E-3 7.12035E-3 7.83333E-3 6.89604E-3 5.77264E-3 5.23247E-3 3.44212E-3 1.80117E-3 7.26101E-4 2.1208E-4 6.31468E-5 1.70208E-5 4.21334E-6 6.38406E-7 6.61183E-8 1.87097E-8 8.82383E-9 3.50406E-9 9.62116E-10 -9999
3.12807E-2 4.00191E-2 4.60437E-2 3.59101E-2 2.8281E-2 2.36743E-2 1.68896E-2 1.24117E-2 7.67783E-3 5.75371E-3 4.50943E-3 1.2531E-2 3.69782E-2 8.03608E-2 9.35372E-2 6.26592E-2 3.85537E-2 2.72573E-2 2.18413E-2 1.32274E-2 1.03541E-2 8.68051E-3 1.14589E-2 1.04045E-2 8.67611E-3 6.66652E-3 5.43677E-3 4.74567E-3 6.35264E-3 4.941E-3 6.86329E-3 4.53364E-3 5.0253E-3 1.66184E-2 2.53232E-2 8.93378E-3 4.10389E-3 3.53043E-3 1.77658E-3 3.31097E-3 7.71371E-3 1.08513E-2 1.28837E-2 1.55433E-2 2.01882E-2 4.01927E-2 6.02577E-2 3.91761E-2 2.73934E-2 9.82237E-2 1.87842E-2 8.2134E-3 7.58882E-3 6.89604E-3 7.95822E-3 9.45506E-3 6.16036E-3 3.27008E-3 1.18485E-3 2.3979E-4 5.27525E-5 1.43854E-5 3.54616E-6 7.47038E-7 1.49485E-7 5.16813E-8 2.263E-8 7.46101E-9 1.08863E-9 -9999
3.53149E-2 3.90917E-2 4.88677E-2 5.51777E-2 3.86359E-2 1.18813E-2 7.70426E-3 4.18349E-3 2.10152E-3 1.48199E-3 1.80377E-3 3.80043E-3 1.50549E-2 4.19524E-2 7.24978E-2 4.97809E-2 3.14166E-2 2.34842E-2 2.28543E-2 2.03145E-2 1.04045E-2 6.10136E-3 5.94054E-3 5.84645E-3 4.11531E-3 2.60116E-3 2.08242E-3 2.22997E-3 3.02782E-3 4.11715E-3 4.93784E-3 4.56369E-3 3.22908E-3 5.32565E-3 7.28609E-3 3.18062E-3 1.29621E-3 1.70662E-3 1.75519E-3 1.3262E-2 2.44747E-2 1.09886E-2 5.6318E-3 8.57795E-3 1.19012E-2 2.59555E-2 5.6785E-2 6.75875E-2 3.04645E-2 6.9154E-2 5.74666E-2 2.62946E-2 1.22666E-2 7.12035E-3 7.12035E-3 1.55664E-2 1.67465E-2 1.05343E-2 1.42368E-3 1.65482E-4 2.95071E-5 9.63753E-6 3.4812E-6 1.00151E-6 2.97358E-7 1.14224E-7 5.54392E-8 1.35162E-8 9.56847E-10 2.05016E-11
6.58775E-2 6.4196E-2 7.76227E-2 6.42621E-2 3.47799E-2 1.63859E-2 7.44191E-3 2.44347E-3 6.45409E-4 6.18538E-4 1.14609E-3 2.51767E-3 3.66487E-3 9.84948E-3 1.68711E-2 1.69178E-2 1.93791E-2 1.88417E-2 2.35246E-2 2.90098E-2 1.48285E-2 7.49299E-3 4.47578E-3 3.40529E-3 2.09127E-3 1.05355E-3 7.54156E-4 8.84157E-4 1.26315E-3 1.87982E-3 2.42859E-3 2.04437E-3 1.56241E-3 1.04996E-3 1.52305E-3 2.02908E-3 2.25237E-3 2.89821E-3 4.77947E-3 1.78628E-2 1.877E-2 8.34372E-3 4.89709E-3 7.68151E-3 1.67465E-2 2.25818E-2 4.01642E-2 5.73728E-2 3.17083E-2 3.90831E-2 7.91363E-2 5.46884E-2 2.97082E-2 1.17221E-2 3.87628E-3 4.28771E-3 8.60997E-3 2.26964E-3 3.259E-4 6.47512E-5 1.79042E-5 6.60481E-6 3.01563E-6 1.06123E-6 2.99216E-7 1.02847E-7 4.31418E-8 8.61817E-9 3.54959E-10 -9999
8.84999E-2 9.29912E-2 9.13651E-2 7.17532E-2 3.78564E-2 2.021E-2 6.10136E-3 1.61611E-3 5.55584E-4 6.63837E-4 1.02878E-3 2.50716E-3 5.6554E-3 8.91537E-3 6.78348E-3 2.00051E-3 3.30493E-3 7.10022E-3 2.01319E-2 4.06419E-2 2.12748E-2 9.02153E-3 3.8551E-3 2.04183E-3 1.14995E-3 6.21768E-4 3.57454E-4 3.30211E-4 3.86174E-4 5.55584E-4 9.17622E-4 7.68202E-4 3.43386E-4 1.92455E-4 4.31408E-4 1.59405E-3 3.66846E-3 3.84071E-3 4.70184E-3 6.65011E-3 5.24354E-3 4.5092E-3 4.28771E-3 6.71095E-3 1.32044E-2 1.51152E-2 2.38762E-2 2.61805E-2 2.00855E-2 2.61805E-2 4.37048E-2 4.84118E-2 4.60691E-2 1.32145E-2 1.83422E-3 1.06032E-3 2.65799E-3 3.60156E-4 9.59028E-5 4.08188E-5 1.32671E-5 5.20483E-6 2.48021E-6 8.05323E-7 1.57217E-7 2.88611E-8 6.42178E-9 8.62285E-10 2.25003E-11 -9999
7.11763E-2 7.31436E-2 9.77991E-2 8.59004E-2 4.82508E-2 1.9642E-2 5.75371E-3 1.83277E-3 8.34944E-4 8.53639E-4 1.31288E-3 2.38323E-3 4.90053E-3 6.93573E-3 9.74043E-3 3.8595E-3 1.33192E-3 2.97528E-3 1.22959E-2 2.97326E-2 1.69392E-2 6.96599E-3 3.05334E-3 1.51292E-3 7.43052E-4 5.08189E-4 3.07554E-4 2.47698E-4 3.40731E-4 3.76748E-4 7.50763E-4 8.55805E-4 4.56628E-4 2.10678E-4 3.83636E-4 2.22982E-3 5.96634E-3 6.23692E-3 3.85737E-3 4.6616E-3 6.06128E-3 7.95239E-3 9.44814E-3 1.28241E-2 1.44599E-2 1.11576E-2 1.11992E-2 1.20207E-2 1.01628E-2 1.18401E-2 1.76559E-2 2.00855E-2 1.24226E-2 1.83287E-3 1.0674E-4 1.27061E-5 1.02283E-4 1.40485E-4 6.49783E-5 3.19269E-5 7.5224E-6 2.6219E-6 1.10291E-6 2.79496E-7 2.99294E-8 2.5119E-9 2.25605E-10 2.42153E-11 -9999 1.43934E-15
4.80682E-2 6.0223E-2 7.85167E-2 9.35981E-2 4.78109E-2 1.73111E-2 5.07795E-3 1.41796E-3 8.41658E-4 6.76563E-4 1.19957E-3 2.90679E-3 7.09238E-3 7.47682E-3 5.58368E-3 4.16017E-3 4.92401E-3 7.59931E-3 9.46526E-3 8.13294E-3 6.06332E-3 2.06359E-3 1.58205E-3 1.09095E-3 1.02908E-3 7.92287E-4 5.95341E-4 5.84021E-4 8.36345E-4 1.83E-3 4.17339E-3 2.91213E-3 9.64398E-4 4.73814E-4 8.62689E-4 3.59882E-3 6.0774E-3 5.97978E-3 5.16313E-3 4.5092E-3 8.55041E-3 1.32241E-2 1.96168E-2 2.89324E-2 1.69918E-2 1.22577E-2 8.20738E-3 7.76423E-3 5.64992E-3 4.17915E-3 6.10593E-3 8.14097E-3 2.64423E-3 1.84134E-4 1.27061E-5 1.94183E-6 3.81021E-6 2.43092E-5 2.5445E-5 1.33136E-5 3.36722E-6 8.98608E-7 2.19487E-7 3.08052E-8 2.09429E-9 7.15306E-11 1.42516E-12 2.37161E-14 3.9561E-16 -9999
3.52223E-2 6.55042E-2 7.43545E-2 6.78221E-2 3.90157E-2 1.33814E-2 3.2515E-3 1.11116E-3 5.87538E-4 5.40943E-4 1.14193E-3 3.46745E-3 7.67906E-3 1.5668E-2 2.0762E-2 2.20772E-2 1.39175E-2 1.07861E-2 1.25549E-2 7.46574E-3 2.78076E-3 5.88188E-4 7.84756E-4 1.07582E-3 1.27491E-3 1.29464E-3 1.02066E-3 8.95638E-4 1.54136E-3 2.86662E-3 4.1618E-3 2.71789E-3 1.44015E-3 1.01439E-3 1.29045E-3 2.34804E-3 2.98959E-3 3.84934E-3 5.03757E-3 4.22922E-3 5.70848E-3 7.10968E-3 9.56724E-3 8.55408E-3 1.10131E-2 1.08357E-2 8.43228E-3 6.22862E-3 3.07845E-3 1.0509E-3 2.21074E-3 6.12858E-3 1.13928E-3 -9999 7.09139E-5 2.91646E-5 1.10274E-5 1.33136E-5 1.05177E-5 4.87025E-6 1.32507E-6 2.51401E-7 3.27056E-8 2.52006E-9 8.76213E-11 1.10736E-12 4.79622E-15 4.01357E-18 1.84735E-20 1.9586E-21
6.44698E-2 8.62248E-2 5.6821E-2 2.70204E-2 1.86702E-2 6.86584E-3 1.37081E-3 7.52033E-4 4.31263E-4 4.38824E-4 1.41699E-3 4.36349E-3 1.14728E-2 4.70831E-2 5.90257E-2 4.48776E-2 3.00872E-2 2.07636E-2 1.32145E-2 7.81413E-3 3.68441E-3 1.92526E-3 1.44274E-3 1.25166E-3 1.46379E-3 1.55726E-3 1.25227E-3 8.85979E-4 1.2939E-3 2.2848E-3 2.52178E-3 1.6649E-3 9.46398E-4 6.23733E-4 6.00115E-4 7.84756E-4 1.19377E-3 1.91668E-3 2.90008E-3 2.8161E-3 2.40932E-3 2.53532E-3 3.83312E-3 3.39838E-3 2.93902E-3 4.71419E-3 4.17915E-3 2.58891E-3 1.72264E-3 8.39034E-4 1.91811E-3 2.5536E-3 6.96292E-4 1.84134E-4 5.34191E-4 3.89972E-4 6.08518E-5 1.76125E-5 6.36285E-6 2.09412E-6 4.65945E-7 6.48244E-8 5.41226E-9 2.34813E-10 4.46579E-12 2.20284E-14 3.56545E-17 1.0156E-20 3.74456E-23 5.39902E-24
1.02523E-1 9.45612E-2 3.84132E-2 1.05231E-2 1.20496E-2 4.82977E-3 6.66083E-4 4.4335E-4 4.14631E-4 4.14738E-4 2.03648E-3 8.32504E-3 2.40845E-2 9.42918E-2 1.03353E-1 7.25358E-2 4.78963E-2 3.07928E-2 1.71522E-2 1.19765E-2 7.97615E-3 3.93262E-3 1.70478E-3 1.45691E-3 1.34666E-3 1.04596E-3 4.3529E-4 3.60156E-4 6.35704E-4 1.423E-3 1.42405E-3 8.30478E-4 4.4292E-4 3.04731E-4 2.28478E-4 2.35474E-4 5.61403E-4 1.26144E-3 2.11937E-3 2.53847E-3 2.11961E-3 1.43843E-3 1.55459E-3 1.09884E-3 9.55033E-4 6.98194E-4 3.88048E-4 4.46819E-4 9.42911E-4 1.43738E-3 1.41141E-3 9.42911E-4 5.12502E-4 5.65835E-4 8.62698E-4 3.39217E-4 7.40432E-5 1.64277E-5 4.4105E-6 9.96838E-7 1.71653E-7 1.77784E-8 1.05496E-9 -9999 3.4444E-13 1.34086E-15 1.99777E-18 1.86808E-21 7.28968E-24 -9999
1.19196E-1 1.14127E-1 5.78442E-2 2.14709E-2 1.592E-2 7.4237E-3 8.77806E-4 2.8117E-4 5.65452E-4 1.19444E-3 5.44863E-3 1.9642E-2 5.78683E-2 1.39708E-1 1.37329E-1 8.82381E-2 6.14344E-2 4.44554E-2 2.89461E-2 2.126E-2 1.65615E-2 9.728E-3 4.39389E-3 3.47223E-3 2.68405E-3 5.97798E-4 6.70825E-5 8.53946E-5 1.66105E-4 3.58379E-4 5.02593E-4 2.88918E-4 1.79816E-4 1.88134E-4 1.02143E-4 5.69481E-5 3.13784E-4 1.19957E-3 2.18367E-3 3.17515E-3 2.64395E-3 1.53729E-3 8.39889E-4 3.37186E-4 1.79923E-4 1.17667E-4 2.7733E-5 6.18919E-5 2.54525E-4 5.50436E-4 4.91522E-4 1.95037E-4 6.20611E-5 6.93366E-5 7.56664E-5 5.45232E-5 2.72442E-5 1.10136E-5 2.43213E-6 5.91212E-7 7.46292E-8 6.47001E-9 3.04339E-10 4.16185E-12 6.16602E-14 -9999 2.37763E-19 1.01196E-21 3.43595E-24 -9999
1.34096E-1 1.40427E-1 1.2978E-1 9.59333E-2 5.81125E-2 1.93437E-2 1.44918E-3 1.76789E-4 4.17928E-4 1.6804E-3 9.30542E-3 3.52936E-2 7.20662E-2 1.3989E-1 1.19958E-1 7.72074E-2 6.38646E-2 5.74515E-2 3.69947E-2 2.56535E-2 2.87702E-2 2.55943E-2 1.5451E-2 1.06357E-2 8.04831E-3 1.3766E-3 1.69435E-4 8.57687E-5 7.83324E-5 8.53946E-5 9.7761E-5 9.19008E-5 7.89158E-5 9.96546E-5 7.44491E-5 3.48605E-5 2.72544E-4 1.43028E-3 3.40529E-3 5.35428E-3 3.36275E-3 1.61169E-3 7.20413E-4 2.03105E-4 1.11975E-4 4.99168E-5 1.91532E-5 2.90206E-5 9.50747E-5 2.02487E-4 2.25208E-4 8.38863E-5 8.27128E-6 -9999 1.75425E-6 7.34383E-6 1.05045E-5 6.35489E-6 1.70813E-6 3.47408E-7 -9999 3.42422E-9 1.43813E-10 1.42979E-12 -9999 -9999 -9999 -9999 -9999 -9999
1.89592E-1 1.71775E-1 1.46383E-1 1.22496E-1 1.0221E-1 2.76479E-2 3.29706E-3 2.93277E-4 3.4921E-5 4.92532E-4 9.17871E-3 4.32231E-2 8.65552E-2 1.04324E-1 8.33879E-2 5.43556E-2 4.61514E-2 3.86654E-2 2.34458E-2 1.88551E-2 2.80191E-2 2.87859E-2 1.80616E-2 1.09975E-2 6.77613E-3 2.61502E-3 7.73243E-4 2.35247E-4 7.71521E-5 2.70089E-5 2.59741E-5 4.35434E-5 6.15194E-5 9.84541E-5 1.23639E-4 1.34636E-4 4.53634E-4 2.00682E-3 3.78935E-3 4.69024E-3 3.95542E-3 1.47432E-3 6.06464E-4 2.25094E-4 1.19073E-4 4.34804E-5 2.20718E-5 2.46561E-5 6.16617E-5 1.31243E-4 -9999 -9999 -9999 -9999 -9999 6.05465E-6 -9999 -9999 1.70813E-6 -9999 -9999 -9999 -9999 -9999 -9999 -9999 -9999 -9999 -9999 -9999
2.57823E-1 1.66303E-1 8.35969E-2 8.06962E-2 7.16227E-2 1.72585E-2 4.41057E-3 2.49401E-4 3.10597E-5 4.38531E-4 1.18114E-2 6.46701E-2 1.08642E-1 7.80689E-2 5.38937E-2 3.26398E-2 2.45768E-2 1.97297E-2 1.20341E-2 8.05711E-3 1.04802E-2 1.16191E-2 7.97615E-3 5.16189E-3 4.06712E-3 3.63464E-3 2.6352E-3 6.43798E-4 1.09244E-4 1.99629E-5 1.60144E-5 3.81709E-5 1.19126E-4 1.36062E-4 1.9591E-4 3.49997E-4 7.92692E-4 1.96713E-3 3.66356E-3 3.90508E-3 2.77927E-3 1.09598E-3 5.18035E-4 2.62103E-4 1.10963E-4 5.43327E-5 3.11987E-5 2.95753E-5 -9999 -9999 -9999 -9999 -9999 -9999 -9999 -9999 -9999 -9999 -9999 -9999 -9999 -9999 -9999 -9999 -9999 -9999 -9999 -9999 -9999 -9999
1.65135E-1 1.03284E-1 4.90941E-2 3.37686E-2 1.92526E-2 5.20545E-3 1.15741E-3 1.7273E-4 1.15925E-4 1.89392E-3 1.56226E-2 2.63135E-2 3.47773E-2 4.10257E-2 3.84828E-2 2.02047E-2 1.47634E-2 1.38494E-2 7.32694E-3 3.66536E-3 2.64423E-3 2.48831E-3 2.51777E-3 2.29117E-3 2.60714E-3 4.02219E-3 4.77283E-3 1.33766E-3 2.75854E-4 7.9667E-5 5.10078E-5 9.12597E-5 1.43285E-4 2.71912E-4 5.12502E-4 1.03535E-3 1.84208E-3 2.78575E-3 3.15901E-3 2.7854E-3 1.6804E-3 8.09425E-4 4.38109E-4 2.45468E-4 1.28505E-4 7.34038E-5 5.17211E-5 -9999 -9999 -9999 -9999 -9999 -9999 -9999 -9999 -9999 -9999 -9999 -9999 -9999 -9999 -9999 -9999 -9999 -9999 -9999 -9999 -9999 -9999 -9999
1.04343E-1 6.13381E-2 2.84003E-2 1.38854E-2 5.75553E-3 1.34666E-3 3.32797E-4 1.28856E-4 1.43502E-4 1.58771E-3 6.25631E-3 3.67534E-3 5.57348E-3 2.31202E-2 4.27281E-2 3.41109E-2 1.8972E-2 7.13755E-3 2.57675E-3 1.57989E-3 1.2727E-3 1.07064E-3 9.29661E-4 1.14115E-3 1.88555E-3 3.02625E-3 3.13446E-3 1.62096E-3 6.03021E-4 2.79303E-4 1.90342E-4 2.07467E-4 3.32581E-4 7.15322E-4 1.29755E-3 2.63442E-3 4.20581E-3 4.39424E-3 3.10369E-3 1.53044E-3 9.44105E-4 4.56131E-4 2.92187E-4 1.97425E-4 1.36376E-4 9.46269E-5 8.17911E-5 -9999 -9999 -9999 -9999 -9999 -9999 -9999 -9999 -9999 -9999 -9999 -9999 -9999 -9999 -9999 -9999 -9999 -9999 -9999 -9999 -9999 -9999 -9999
6.88563E-2 3.67205E-2 1.54981E-2 6.20014E-3 2.50097E-3 9.58714E-4 3.21565E-4 1.58931E-4 2.08496E-4 7.5527E-4 1.83287E-3 2.18985E-3 4.50473E-3 1.82212E-2 4.49327E-2 4.53796E-2 2.18619E-2 4.79302E-3 1.7923E-3 1.16258E-3 1.07944E-3 9.25374E-4 6.06381E-4 8.62477E-4 1.5577E-3 2.25122E-3 2.39651E-3 1.74187E-3 1.08391E-3 6.63847E-4 5.0055E-4 5.10407E-4 7.03771E-4 1.22972E-3 2.33521E-3 5.05045E-3 9.92394E-3 6.00271E-3 2.54413E-3 8.87897E-4 2.80625E-4 1.78889E-4 1.68089E-4 1.59561E-4 1.32151E-4 1.14636E-4 1.20164E-4 1.36376E-4 -9999 -9999 -9999 -9999 -9999 -9999 -9999 -9999 -9999 -9999 -9999 -9999 -9999 -9999 -9999 -9999 -9999 -9999 -9999 -9999 -9999 -9999
3.89092E-2 1.64306E-2 5.84991E-3 2.72834E-3 1.77338E-3 1.0722E-3 4.36398E-4 1.75872E-4 1.76744E-4 3.74785E-4 8.95854E-4 1.70449E-3 3.62149E-3 9.7457E-3 1.87842E-2 2.19576E-2 1.79606E-2 4.73519E-3 1.50362E-3 1.12112E-3 1.42191E-3 2.19147E-3 2.18985E-3 1.82472E-3 2.01385E-3 2.17322E-3 2.25122E-3 1.99177E-3 1.62096E-3 1.33766E-3 1.14115E-3 1.25857E-3 1.33766E-3 1.86454E-3 2.87876E-3 4.84385E-3 8.94414E-3 5.21767E-3 1.7991E-3 5.13843E-4 1.68716E-4 1.10802E-4 1.34036E-4 1.37826E-4 1.49876E-4 1.44556E-4 1.61235E-4 2.06695E-4 -9999 -9999 -9999 -9999 -9999 -9999 -9999 -9999 -9999 -9999 -9999 -9999 -9999 -9999 -9999 -9999 -9999 -9999 -9999 -9999 -9999 -9999
1.88207E-2 4.3488E-3 1.14115E-3 1.51084E-3 1.81936E-3 1.68041E-3 5.96075E-4 1.19598E-4 7.56299E-5 1.52234E-4 3.66119E-4 9.02681E-4 2.25442E-3 4.72098E-3 7.80418E-3 7.82161E-3 6.42165E-3 4.32975E-3 1.44807E-3 9.80337E-4 1.14493E-3 5.86594E-3 9.30243E-3 5.46815E-3 3.22589E-3 2.38901E-3 2.33179E-3 2.15657E-3 2.16182E-3 2.3766E-3 2.7654E-3 3.28519E-3 3.01896E-3 2.34984E-3 2.11524E-3 2.1909E-3 3.64338E-3 3.15507E-3 1.36077E-3 3.98059E-4 1.39808E-4 1.24884E-4 1.48873E-4 1.66344E-4 1.87106E-4 2.08796E-4 2.27928E-4 -9999 -9999 -9999 -9999 -9999 -9999 -9999 -9999 -9999 -9999 -9999 -9999 -9999 -9999 -9999 -9999 -9999 -9999 -9999 -9999 -9999 -9999 -9999
1.19411E-2 2.6529E-3 7.36028E-4 1.0722E-3 1.64447E-3 1.54729E-3 3.30571E-4 3.07985E-5 1.67309E-5 4.45227E-5 1.23647E-4 3.78133E-4 1.08821E-3 2.00819E-3 4.70577E-3 9.06393E-3 1.77153E-2 7.95384E-3 1.4528E-3 7.05767E-4 1.01277E-3 7.94632E-3 1.59904E-2 9.97044E-3 4.52189E-3 2.60714E-3 2.5255E-3 2.79469E-3 3.10518E-3 3.14273E-3 3.59281E-3 4.69377E-3 4.78294E-3 3.81318E-3 2.58295E-3 1.41141E-3 1.69339E-3 1.83159E-3 1.05245E-3 4.20928E-4 1.60973E-4 1.54169E-4 2.04024E-4 2.32697E-4 2.70331E-4 3.13383E-4 -9999 -9999 -9999 -9999 -9999 -9999 -9999 -9999 -9999 -9999 -9999 -9999 -9999 -9999 -9999 -9999 -9999 -9999 -9999 -9999 -9999 -9999 -9999 -9999
1.36625E-2 4.93319E-3 2.30657E-3 1.95397E-3 1.98903E-3 8.8257E-4 1.10843E-4 7.98591E-6 6.04882E-6 1.49474E-5 4.087E-5 1.04097E-4 2.34185E-4 3.23149E-4 1.42169E-3 5.24857E-3 9.24674E-3 5.20582E-3 1.22814E-3 7.06934E-4 1.26144E-3 1.51042E-2 2.43515E-2 1.7665E-2 7.27828E-3 3.41145E-3 3.47001E-3 3.81133E-3 3.15089E-3 4.12092E-3 3.70468E-3 4.65841E-3 5.44367E-3 5.29184E-3 3.84934E-3 2.94729E-3 2.8968E-3 2.34746E-3 1.38744E-3 7.16594E-4 3.00133E-4 2.45192E-4 3.52212E-4 3.92361E-4 4.27891E-4 4.39336E-4 -9999 -9999 -9999 -9999 -9999 -9999 -9999 -9999 -9999 -9999 -9999 -9999 -9999 -9999 -9999 -9999 -9999 -9999 -9999 -9999 -9999 -9999 -9999 -9999
2.08793E-2 9.87917E-3 6.98471E-3 6.48301E-3 4.6955E-3 6.89749E-4 8.04003E-5 1.31987E-5 7.00421E-6 8.4924E-6 1.56846E-5 2.4784E-5 1.96382E-5 4.85529E-5 1.06451E-4 2.9003E-4 5.03748E-4 1.01183E-3 1.26627E-3 1.93056E-3 8.44439E-3 3.43242E-2 4.78173E-2 2.88702E-2 1.50495E-2 7.72794E-3 5.74285E-3 4.94979E-3 5.13298E-3 4.18349E-3 4.13834E-3 4.30766E-3 6.71248E-3 7.23495E-3 6.25931E-3 5.5831E-3 4.95428E-3 3.86674E-3 2.6814E-3 1.65044E-3 9.97486E-4 7.24055E-4 7.44415E-4 7.44415E-4 6.95083E-4 -9999 -9999 -9999 -9999 -9999 -9999 -9999 -9999 -9999 -9999 -9999 -9999 -9999 -9999 -9999 -9999 -9999 -9999 -9999 -9999 -9999 -9999 -9999 -9999 -9999
3.02167E-2 1.67761E-2 1.34786E-2 9.79439E-3 3.18857E-3 5.11977E-4 7.86829E-5 1.70602E-5 8.27128E-6 8.0897E-6 1.29594E-5 1.9193E-5 2.58527E-5 5.61318E-5 1.33371E-4 2.23657E-4 4.74734E-4 6.71387E-4 8.57531E-4 2.13117E-3 1.62654E-2 5.73728E-2 9.08846E-2 4.81152E-2 2.22301E-2 9.9895E-3 6.80214E-3 3.6657E-3 5.53706E-3 3.76986E-3 3.2771E-3 6.81466E-3 1.10754E-2 1.11417E-2 1.01903E-2 9.56724E-3 8.55041E-3 7.22965E-3 5.53383E-3 4.07695E-3 3.07872E-3 2.29117E-3 1.69339E-3 1.1981E-3 -9999 -9999 -9999 -9999 -9999 -9999 -9999 -9999 -9999 -9999 -9999 -9999 -9999 -9999 -9999 -9999 -9999 -9999 -9999 -9999 -9999 -9999 -9999 -9999 -9999 -9999
4.58393E-2 4.00905E-2 3.2286E-2 1.24922E-2 1.91728E-3 2.94158E-4 7.53521E-5 2.2913E-5 1.0973E-5 8.67621E-6 1.58747E-5 3.47918E-5 7.52477E-5 1.78432E-4 2.41286E-4 3.97252E-4 6.56979E-4 8.10253E-4 9.23856E-4 1.77275E-3 4.94111E-3 1.83267E-2 5.45474E-2 3.71179E-2 1.21745E-2 5.5375E-3 7.1672E-3 7.71371E-3 8.00539E-3 4.70952E-3 5.05489E-3 1.16347E-2 1.60177E-2 1.66611E-2 1.61823E-2 1.50927E-2 1.44247E-2 -9999 -9999 8.05711E-3 -9999 -9999 -9999 -9999 -9999 -9999 -9999 -9999 -9999 -9999 -9999 -9999 -9999 -9999 -9999 -9999 -9999 -9999 -9999 -9999 -9999 -9999 -9999 -9999 -9999 -9999 -9999 -9999 -9999 -9999
4.50279E-2 6.08725E-2 7.02951E-2 3.41184E-2 2.14486E-3 2.96554E-4 1.03492E-4 3.11129E-5 1.37668E-5 1.12354E-5 2.23583E-5 5.31777E-5 1.17948E-4 2.23657E-4 4.1804E-4 6.67693E-4 8.71927E-4 8.10731E-4 8.90118E-4 1.2161E-3 1.28583E-3 4.13995E-3 2.13122E-2 7.08787E-3 1.55922E-3 4.1146E-3 3.46485E-3 9.79522E-3 1.06233E-2 8.89994E-3 9.85737E-3 1.15868E-2 1.74351E-2 2.35069E-2 2.33591E-2 2.43515E-2 2.2717E-2 1.99199E-2 -9999 -9999 -9999 -9999 -9999 -9999 -9999 -9999 -9999 -9999 -9999 -9999 -9999 -9999 -9999 -9999 -9999 -9999 -9999 -9999 -9999 -9999 -9999 -9999 -9999 -9999 -9999 -9999 -9999 -9999 -9999 -9999
8.9922E-2 1.58442E-1 1.23908E-1 6.68774E-2 9.36954E-3 1.3052E-3 2.52375E-4 4.61802E-5 1.51635E-5 1.10774E-5 2.53561E-5 6.98471E-5 1.42605E-4 3.1838E-4 6.11969E-4 7.45418E-4 8.83024E-4 9.51495E-4 8.37726E-4 8.69722E-4 9.05103E-4 1.13153E-3 4.89902E-3 1.44969E-3 6.95009E-4 3.31507E-3 6.74682E-3 6.48437E-3 1.09886E-2 1.17057E-2 9.86437E-3 1.24318E-2 2.35294E-2 2.96583E-2 3.16246E-2 3.37869E-2 3.24751E-2 -9999 -9999 -9999 -9999 -9999 -9999 -9999 -9999 -9999 -9999 -9999 -9999 -9999 -9999 -9999 -9999 -9999 -9999 -9999 -9999 -9999 -9999 -9999 -9999 -9999 -9999 -9999 -9999 -9999 -9999 -9999 -9999 -9999
1.07765E-1 1.60643E-1 1.46439E-1 6.98684E-2 1.75166E-2 3.16614E-3 4.87654E-4 6.44405E-5 1.35599E-5 1.07463E-5 2.26456E-5 9.54892E-5 1.98194E-4 3.68091E-4 7.55399E-4 8.15382E-4 8.30875E-4 8.00159E-4 6.52541E-4 5.81668E-4 5.1025E-4 5.72903E-4 6.09864E-4 3.75229E-4 4.77928E-4 1.99391E-3 6.31883E-3 5.70126E-3 1.13628E-2 1.46213E-2 1.24149E-2 1.19861E-2 3.04674E-2 3.66737E-2 3.96536E-2 -9999 -9999 -9999 -9999 -9999 -9999 -9999 -9999 -9999 -9999 -9999 -9999 -9999 -9999 -9999 -9999 -9999 -9999 -9999 -9999 -9999 -9999 -9999 -9999 -9999 -9999 -9999 -9999 -9999 -9999 -9999 -9999 -9999 -9999 -9999
