KUENM/Final_Models/M_0.1_F_lq_Set_2_E/sp1_5_se_asia.asc
ncols         320
nrows         243
xllcorner     44.0
yllcorner     -0.666666666666667
cellsize      0.166666666666667
NODATA_value  -9999
[rows 93 to 123 of 243, columns 210 to 279 of 320]
1.42781E-2 3.78688E-3 4.13456E-3 2.06222E-2 5.12284E-2 6.82348E-2 7.46806E-2 8.03451E-2 6.9462E-2 5.89734E-2 7.79615E-2 5.98734E-2 3.78888E-2 2.84417E-2 3.05976E-2 3.91548E-2 4.72652E-2 7.06596E-2 1.12706E-1 1.61103E-1 1.54759E-1 1.29748E-1 1.24761E-1 1.14977E-1 1.08387E-1 1.06681E-1 8.51003E-2 8.54875E-2 9.06677E-2 8.56386E-2 4.31529E-2 2.57183E-2 3.32628E-2 4.31529E-2 4.2606E-2 2.99565E-2 4.72652E-2 6.38739E-2 6.00878E-2 7.88704E-2 9.31159E-2 8.45134E-2 5.32459E-2 3.42321E-2 2.12649E-2 1.55856E-2 1.38514E-2 9.97845E-3 6.96184E-3 1.17862E-3 1.16725E-4 6.48835E-5 1.96983E-4 3.89072E-4 7.06259E-4 8.83273E-4 5.28819E-4 1.80684E-4 4.7785E-5 5.79031E-6 9.32182E-7 5.17341E-7 2.42841E-7 5.12334E-8 5.65124E-9 5.54266E-10 3.70906E-11 2.09309E-12 1.42847E-13 1.7205E-14
1.19926E-2 6.38715E-3 1.2156E-2 2.65086E-2 4.80016E-2 4.20063E-2 6.31024E-2 8.31472E-2 7.36992E-2 5.31146E-2 5.32787E-2 4.66521E-2 4.08492E-2 4.02257E-2 4.77824E-2 4.40409E-2 4.23602E-2 5.84045E-2 7.24217E-2 9.03001E-2 1.0024E-1 1.07985E-1 9.75956E-2 8.14891E-2 6.34078E-2 6.25115E-2 5.08211E-2 4.52163E-2 4.72672E-2 5.25824E-2 6.04615E-2 7.34472E-2 4.92291E-2 3.51027E-2 2.06295E-2 1.74712E-2 1.81456E-2 1.21026E-2 9.77481E-3 1.8418E-2 3.92962E-2 4.92722E-2 2.61265E-2 2.0802E-2 2.11178E-2 1.30998E-2 1.08183E-2 7.165E-3 4.13721E-3 1.59788E-3 6.44327E-4 4.76296E-4 3.92288E-4 2.18853E-4 3.0339E-4 7.48485E-4 5.7986E-4 1.80292E-4 3.71419E-5 4.39036E-6 6.19239E-7 9.85349E-7 4.56757E-7 6.52767E-8 7.07754E-9 6.13895E-10 5.92024E-11 5.13218E-12 7.0176E-13 1.6307E-13
2.42856E-2 2.18666E-2 9.52329E-3 2.72929E-2 4.66521E-2 3.62346E-2 4.12537E-2 5.17093E-2 4.80895E-2 4.23243E-2 3.41458E-2 3.0966E-2 3.36756E-2 4.23243E-2 4.99861E-2 4.2743E-2 3.2861E-2 3.30962E-2 3.24433E-2 4.98567E-2 4.30978E-2 6.23421E-2 5.29721E-2 3.85902E-2 3.06668E-2 2.87577E-2 2.29396E-2 2.16412E-2 2.1016E-2 2.98509E-2 6.08225E-2 7.7594E-2 3.33724E-2 2.18821E-2 1.58471E-2 1.77383E-2 1.92325E-2 7.84621E-3 5.15636E-3 8.37757E-3 2.05476E-2 2.32352E-2 1.0338E-2 7.77364E-3 1.26406E-2 1.16663E-2 9.20104E-3 5.1332E-3 3.33423E-3 2.27636E-3 1.79137E-3 1.65832E-3 1.14261E-3 3.40386E-4 2.92756E-4 5.60858E-4 4.74474E-4 1.98752E-4 4.87508E-5 8.69346E-6 2.65354E-6 1.86986E-6 5.56946E-7 5.96201E-8 4.80823E-9 5.17698E-10 6.4392E-11 7.1895E-12 1.53936E-12 7.17977E-13
2.61002E-2 2.3207E-2 7.43028E-3 3.32962E-2 3.05327E-2 1.87736E-2 1.5715E-2 2.07196E-2 1.98864E-2 1.65863E-2 1.33972E-2 1.21073E-2 2.07196E-2 3.59943E-2 3.65622E-2 3.32247E-2 2.49407E-2 1.92564E-2 1.7952E-2 1.97952E-2 1.59039E-2 1.66642E-2 2.26342E-2 1.82193E-2 1.46441E-2 1.18881E-2 9.77481E-3 1.1221E-2 1.06381E-2 1.52517E-2 1.90122E-2 1.33098E-2 1.53107E-2 1.92321E-2 1.44595E-2 1.56552E-2 1.50761E-2 1.29347E-2 1.49501E-2 1.54329E-2 1.21277E-2 1.36327E-2 1.19708E-2 2.18837E-2 1.44088E-2 1.27806E-2 1.07646E-2 3.51811E-3 3.33021E-3 3.60984E-3 2.73782E-3 3.54459E-3 3.74365E-3 1.22176E-3 7.38877E-4 7.23909E-4 5.26865E-4 2.33738E-4 7.16287E-5 1.75988E-5 4.7495E-6 1.57214E-6 3.63548E-7 3.50704E-8 2.91106E-9 3.7531E-10 8.8731E-11 1.47166E-11 4.8704E-12 1.7147E-12
1.13973E-2 1.25713E-2 1.49396E-2 1.91407E-2 1.33098E-2 1.21407E-2 1.03413E-2 8.47932E-3 5.70482E-3 4.91751E-3 3.71638E-3 5.00368E-3 1.3683E-2 3.25807E-2 3.44426E-2 2.50115E-2 1.63348E-2 1.06292E-2 6.83882E-3 6.20056E-3 5.52377E-3 4.67196E-3 7.34521E-3 6.07045E-3 5.03558E-3 4.10223E-3 3.4108E-3 3.53259E-3 4.46304E-3 3.72567E-3 2.52012E-3 1.39527E-3 1.68363E-3 6.72852E-3 1.0683E-2 7.17446E-3 4.20666E-3 3.6588E-3 2.77962E-3 2.52504E-3 1.77565E-3 2.81233E-3 6.95314E-3 1.15961E-2 1.64531E-2 1.98136E-2 1.82246E-2 8.52682E-3 6.42014E-3 8.52682E-3 2.54057E-3 1.77046E-3 1.98644E-3 1.70344E-3 1.37504E-3 1.22176E-3 7.38877E-4 3.37836E-4 1.13491E-4 2.60887E-5 6.16204E-6 1.29822E-6 2.47058E-7 2.65742E-8 1.83508E-9 4.1605E-10 1.73368E-10 5.91741E-11 1.32165E-11 -9999
1.01896E-2 1.3828E-2 1.6422E-2 1.20653E-2 8.99501E-3 7.2012E-3 4.765E-3 3.27753E-3 1.84098E-3 1.30325E-3 9.82088E-4 3.32474E-3 1.2497E-2 3.32247E-2 4.03626E-2 2.42313E-2 1.3266E-2 8.73218E-3 6.71535E-3 3.79064E-3 2.81493E-3 2.25545E-3 3.0057E-3 2.68313E-3 2.1534E-3 1.57969E-3 1.25562E-3 1.1614E-3 1.65117E-3 1.4426E-3 1.75743E-3 1.12478E-3 1.21841E-3 5.0955E-3 8.14887E-3 2.30203E-3 9.06948E-4 7.51721E-4 3.2139E-4 6.67765E-4 1.85441E-3 2.84169E-3 3.516E-3 4.49327E-3 6.26714E-3 1.46343E-2 2.44737E-2 1.41759E-2 9.18098E-3 4.5635E-2 5.7831E-3 2.10336E-3 1.91188E-3 1.70344E-3 2.02473E-3 2.49334E-3 1.48697E-3 6.94821E-4 2.04866E-4 3.01859E-5 4.95286E-6 1.05884E-6 2.01564E-7 3.19805E-8 4.80823E-9 1.37838E-9 5.24203E-10 1.43707E-10 1.51812E-11 -9999
1.18042E-2 1.33777E-2 1.76756E-2 2.05923E-2 1.31873E-2 3.10647E-3 1.84489E-3 8.93872E-4 3.94652E-4 2.62489E-4 3.38321E-4 8.46524E-4 4.28477E-3 1.4903E-2 2.91651E-2 1.81095E-2 1.02418E-2 7.19089E-3 6.95484E-3 6.00401E-3 2.68313E-3 1.40288E-3 1.3544E-3 1.3286E-3 8.76394E-4 5.07335E-4 3.96619E-4 4.6357E-4 7.0049E-4 1.02683E-3 1.23214E-3 1.14775E-3 6.96012E-4 1.21758E-3 1.77693E-3 6.5902E-4 2.24943E-4 3.10751E-4 3.15555E-4 3.56525E-3 7.77635E-3 2.93114E-3 1.26628E-3 2.17239E-3 3.29427E-3 8.52682E-3 2.27112E-2 2.85213E-2 1.05498E-2 2.93616E-2 2.30547E-2 8.73037E-3 3.41733E-3 1.77046E-3 1.77046E-3 4.56431E-3 4.98907E-3 2.84166E-3 2.55078E-4 1.94313E-5 2.48923E-6 6.59459E-7 1.98087E-7 4.53601E-8 1.08473E-8 3.51744E-9 1.50966E-9 2.88785E-10 1.2973E-11 1.43658E-13
2.60552E-2 2.50175E-2 3.19229E-2 2.50088E-2 1.15738E-2 4.59521E-3 1.77289E-3 4.68889E-4 9.91235E-5 9.56194E-5 1.98117E-4 5.16301E-4 8.60471E-4 2.69586E-3 4.9533E-3 4.86556E-3 5.64621E-3 5.45541E-3 7.15978E-3 9.24943E-3 4.06631E-3 1.77824E-3 9.57604E-4 6.93695E-4 3.89153E-4 1.74604E-4 1.20206E-4 1.68989E-4 2.55341E-4 3.95315E-4 5.31005E-4 3.95895E-4 2.94079E-4 1.72165E-4 2.66321E-4 3.74079E-4 4.23879E-4 5.75324E-4 1.03625E-3 5.18572E-3 5.65474E-3 2.14372E-3 1.12012E-3 1.90137E-3 4.98907E-3 7.24325E-3 1.47329E-2 2.31927E-2 1.10837E-2 1.43577E-2 3.48549E-2 2.18372E-2 1.01452E-2 3.23428E-3 8.52046E-4 9.6174E-4 2.2266E-3 4.45432E-4 4.40382E-5 6.38499E-6 1.38567E-6 4.2404E-7 1.68029E-7 4.87811E-8 1.09758E-8 3.12281E-9 1.12965E-9 1.69386E-10 4.03381E-12 -9999
3.81182E-2 4.03634E-2 3.92733E-2 2.87124E-2 1.29332E-2 5.94376E-3 1.40288E-3 2.88225E-4 8.18551E-5 1.00631E-4 1.74142E-4 5.05574E-4 1.35477E-3 2.36795E-3 1.71662E-3 4.15948E-4 6.94435E-4 1.67512E-3 5.92538E-3 1.40444E-2 6.35812E-3 2.24059E-3 7.99172E-4 3.74908E-4 1.91918E-4 9.69951E-5 4.9031E-5 4.4054E-5 5.22618E-5 8.18551E-5 1.55662E-4 1.22882E-4 4.61534E-5 2.28301E-5 5.86647E-5 2.78824E-4 7.53337E-4 7.99544E-4 1.01604E-3 1.54402E-3 1.16474E-3 9.85568E-4 9.6174E-4 1.59788E-3 3.68533E-3 4.40385E-3 7.75529E-3 8.83051E-3 6.3823E-3 8.83051E-3 1.66403E-2 1.87445E-2 1.76186E-2 3.76916E-3 3.47759E-4 1.80743E-4 5.42037E-4 4.95954E-5 1.0305E-5 3.71959E-6 9.77781E-7 3.21767E-7 1.34133E-7 3.55995E-8 5.19856E-9 7.04223E-10 1.205E-10 1.13647E-11 1.5854E-13 -9999
2.84417E-2 2.94334E-2 4.2743E-2 3.63952E-2 1.76113E-2 5.77677E-3 1.30325E-3 3.30247E-4 1.29926E-4 1.32964E-4 2.23868E-4 4.75762E-4 1.15967E-3 1.79751E-3 2.63605E-3 8.69974E-4 2.52733E-4 5.89983E-4 3.25591E-3 9.53379E-3 4.81307E-3 1.64446E-3 6.05873E-4 2.61079E-4 1.16481E-4 7.69176E-5 4.02544E-5 3.03226E-5 4.44053E-5 4.97423E-5 1.13764E-4 1.32991E-4 6.25703E-5 2.5016E-5 5.10177E-5 4.14597E-4 1.35293E-3 1.42917E-3 8.00146E-4 1.02573E-3 1.45822E-3 2.03855E-3 2.51036E-3 3.63444E-3 4.17281E-3 2.98584E-3 3.06028E-3 3.41711E-3 2.78831E-3 3.35498E-3 5.45294E-3 6.3823E-3 3.52554E-3 3.50137E-4 1.17849E-5 9.48105E-7 1.12036E-5 1.62084E-5 6.4956E-6 2.79955E-6 5.03189E-7 1.44966E-7 5.18756E-8 1.02935E-8 7.43251E-10 4.02529E-11 2.3714E-12 1.73633E-13 -9999 1.98883E-18
1.74712E-2 2.32796E-2 3.27519E-2 4.09095E-2 1.74754E-2 4.95041E-3 1.11847E-3 2.44508E-4 1.29826E-4 1.01487E-4 2.00987E-4 5.88104E-4 1.73027E-3 1.96842E-3 1.42907E-3 9.70451E-4 1.08741E-3 1.80948E-3 2.35857E-3 1.97857E-3 1.37946E-3 3.90107E-4 2.75161E-4 1.76923E-4 1.66842E-4 1.2138E-4 8.5701E-5 8.37637E-5 1.28898E-4 3.30657E-4 8.79423E-4 5.74922E-4 1.53065E-4 6.54093E-5 1.3342E-4 7.39302E-4 1.39978E-3 1.37275E-3 1.1504E-3 9.85568E-4 2.15157E-3 3.74365E-3 6.00783E-3 9.6758E-3 5.07822E-3 3.44062E-3 2.11771E-3 2.0326E-3 1.37321E-3 9.64509E-4 1.52154E-3 2.15222E-3 5.52054E-4 2.26832E-5 9.48105E-7 1.03153E-7 2.2688E-7 2.02756E-6 2.14014E-6 9.9472E-7 1.9608E-7 4.10027E-8 7.79322E-9 7.68879E-10 3.27095E-11 6.20654E-13 6.34572E-15 5.29277E-17 4.42921E-19 -9999
1.23343E-2 2.66884E-2 3.04315E-2 2.67918E-2 1.33486E-2 3.58895E-3 6.51461E-4 1.80842E-4 8.45891E-5 7.74476E-5 1.91229E-4 7.22867E-4 1.91692E-3 4.47354E-3 6.18253E-3 6.67145E-3 3.77359E-3 2.76969E-3 3.4253E-3 1.80834E-3 5.57489E-4 9.02412E-5 1.26248E-4 1.76603E-4 2.26943E-4 2.2478E-4 1.64655E-4 1.39518E-4 2.70242E-4 5.75123E-4 8.87826E-4 5.32603E-4 2.53794E-4 1.67043E-4 2.22622E-4 4.60793E-4 6.11534E-4 8.23297E-4 1.11311E-3 8.99518E-4 1.315E-3 1.74282E-3 2.47874E-3 2.10701E-3 2.95739E-3 2.98735E-3 2.22511E-3 1.54424E-3 6.68431E-4 1.8495E-4 4.49646E-4 1.51443E-3 2.00065E-4 -9999 7.25687E-6 2.51517E-6 7.96111E-7 9.9472E-7 7.52795E-7 3.0315E-7 6.52525E-8 9.14381E-9 8.30143E-10 4.06432E-11 7.91794E-13 4.72439E-15 8.1885E-18 2.10929E-21 3.98004E-24 2.92109E-25
2.58415E-2 3.70983E-2 2.14522E-2 8.47932E-3 5.38612E-3 1.60461E-3 2.3413E-4 1.13517E-4 5.85344E-5 6.01721E-5 2.50219E-4 9.6973E-4 3.09743E-3 1.69362E-2 2.27595E-2 1.64579E-2 1.00866E-2 6.43988E-3 3.76916E-3 2.01223E-3 8.01693E-4 3.77643E-4 2.67517E-4 2.22013E-4 2.74684E-4 2.8201E-4 2.18853E-4 1.39558E-4 2.20123E-4 4.38323E-4 5.05289E-4 3.01799E-4 1.55642E-4 9.60304E-5 9.17159E-5 1.26248E-4 2.01788E-4 3.46442E-4 5.69607E-4 5.4911E-4 4.5552E-4 4.86992E-4 8.14819E-4 6.96164E-4 5.82966E-4 1.10454E-3 9.64509E-4 5.43194E-4 3.3367E-4 1.41402E-4 3.79418E-4 5.29475E-4 1.12197E-4 2.26832E-5 7.98499E-5 5.45159E-5 6.00969E-6 1.38487E-6 4.15696E-7 1.11951E-7 1.89106E-8 1.85563E-9 1.0032E-10 2.51333E-12 2.42797E-14 4.88414E-17 2.69033E-20 1.99429E-24 2.92631E-27 3.07817E-28
4.55642E-2 4.1027E-2 1.31024E-2 2.68292E-3 3.16074E-3 1.05512E-3 1.00643E-4 6.03391E-5 5.60884E-5 5.58748E-5 3.74631E-4 2.07619E-3 7.4677E-3 4.17165E-2 4.77476E-2 3.0718E-2 1.83469E-2 1.07826E-2 5.2639E-3 3.43312E-3 2.12005E-3 9.14481E-4 3.36098E-4 2.75779E-4 2.53591E-4 1.85688E-4 6.47236E-5 4.95954E-5 9.75227E-5 2.58761E-4 2.57004E-4 1.34092E-4 6.1919E-5 3.89235E-5 2.81866E-5 2.97275E-5 8.05228E-5 2.10809E-4 3.90698E-4 4.84912E-4 3.9133E-4 2.45829E-4 2.7065E-4 1.78059E-4 1.52624E-4 1.11593E-4 5.59433E-5 6.55924E-5 1.61037E-4 2.68774E-4 2.62985E-4 1.61037E-4 7.72215E-5 8.61731E-5 1.41332E-4 4.61858E-5 7.58304E-6 1.27538E-6 2.6784E-7 4.63363E-8 5.83517E-9 4.05544E-10 1.4632E-11 -9999 1.20614E-15 1.85005E-18 9.35592E-22 2.76459E-25 4.36414E-28 -9999
5.53348E-2 5.23E-2 2.1854E-2 6.38936E-3 4.43833E-3 1.77565E-3 1.42288E-4 3.53727E-5 8.0964E-5 1.97509E-4 1.21196E-3 5.77677E-3 2.19062E-2 7.08697E-2 7.0179E-2 4.00656E-2 2.54952E-2 1.73159E-2 1.01798E-2 7.04157E-3 5.24683E-3 2.78182E-3 1.08002E-3 8.14174E-4 5.97999E-4 9.95338E-5 7.32177E-6 9.35426E-6 1.99173E-5 5.0894E-5 7.54477E-5 3.84399E-5 2.14455E-5 2.17751E-5 1.07401E-5 5.63909E-6 4.04209E-5 2.00987E-4 4.0727E-4 6.34055E-4 5.10857E-4 2.66536E-4 1.29205E-4 4.57402E-5 2.21642E-5 1.26531E-5 2.44604E-6 6.32914E-6 3.38852E-5 8.55798E-5 7.41118E-5 2.46985E-5 6.29507E-6 7.12052E-6 7.78049E-6 5.27646E-6 2.32037E-6 7.89583E-7 1.32668E-7 2.50341E-8 2.18996E-9 1.22935E-10 3.40618E-12 2.23578E-14 1.61575E-16 -9999 7.83869E-23 1.36206E-25 1.82014E-28 -9999
6.46758E-2 6.92277E-2 6.32776E-2 4.31034E-2 2.28922E-2 5.94833E-3 2.64457E-4 2.14473E-5 5.70328E-5 2.95572E-4 2.31117E-3 1.17833E-2 2.97115E-2 7.19144E-2 5.96334E-2 3.40609E-2 2.72726E-2 2.38683E-2 1.39216E-2 8.95842E-3 1.0429E-2 9.13734E-3 4.992E-3 3.17297E-3 2.26532E-3 2.72361E-4 2.22298E-5 9.69073E-6 8.44427E-6 9.35426E-6 1.07883E-5 9.868E-6 8.12314E-6 1.03233E-5 7.41396E-6 3.17911E-6 3.41873E-5 2.51576E-4 6.93695E-4 1.18605E-3 6.81516E-4 2.82569E-4 1.07561E-4 2.65554E-5 1.28372E-5 4.75256E-6 1.59297E-6 2.58103E-6 1.06245E-5 2.60594E-5 2.92998E-5 9.07565E-6 5.79938E-7 -9999 9.08456E-8 4.89108E-7 7.46622E-7 4.12288E-7 8.74423E-8 1.33825E-8 -9999 5.8245E-11 1.4149E-12 6.40725E-15 -9999 -9999 -9999 -9999 -9999 -9999
1.04696E-1 9.23951E-2 7.58652E-2 6.0818E-2 4.84217E-2 9.44277E-3 7.25724E-4 4.01009E-5 3.15976E-6 6.96139E-5 2.27247E-3 1.53436E-2 3.84937E-2 4.97229E-2 3.75798E-2 2.20538E-2 1.81433E-2 1.45582E-2 7.93785E-3 6.14565E-3 9.87911E-3 1.02129E-2 5.8316E-3 3.22697E-3 1.79784E-3 5.72976E-4 1.33695E-4 3.05925E-5 8.14779E-6 2.39232E-6 2.24408E-6 3.99025E-6 5.9425E-6 1.02062E-5 1.34712E-5 1.56422E-5 6.40448E-5 3.65479E-4 7.93678E-4 1.02561E-3 8.25327E-4 2.55396E-4 8.8277E-5 2.76301E-5 1.26508E-5 4.16568E-6 1.86692E-6 2.14771E-6 6.3589E-6 1.54327E-5 -9999 -9999 -9999 -9999 -9999 3.8938E-7 -9999 -9999 8.74423E-8 -9999 -9999 -9999 -9999 -9999 -9999 -9999 -9999 -9999 -9999 -9999
1.68462E-1 9.26071E-2 3.7385E-2 3.60364E-2 3.15321E-2 5.40407E-3 1.01964E-3 3.30761E-5 2.79706E-6 6.22623E-5 3.09196E-3 2.63716E-2 5.24096E-2 3.45461E-2 2.16232E-2 1.18045E-2 8.32544E-3 6.30168E-3 3.52197E-3 2.16785E-3 2.89405E-3 3.30933E-3 2.12005E-3 1.25515E-3 9.52151E-4 8.23612E-4 5.71914E-4 1.06298E-4 1.2776E-5 1.68902E-6 1.2664E-6 3.43559E-6 1.26804E-5 1.52322E-5 2.4416E-5 4.99349E-5 1.32143E-4 3.7286E-4 7.64754E-4 8.15664E-4 5.40001E-4 1.80558E-4 7.46087E-5 3.30205E-5 1.20927E-5 5.18661E-6 2.76506E-6 2.66366E-6 -9999 -9999 -9999 -9999 -9999 -9999 -9999 -9999 -9999 -9999 -9999 -9999 -9999 -9999 -9999 -9999 -9999 -9999 -9999 -9999 -9999 -9999
9.33384E-2 5.0392E-2 1.95991E-2 1.24353E-2 6.23778E-3 1.24432E-3 2.05641E-4 2.11974E-5 1.32051E-5 3.54105E-4 4.44425E-3 8.67158E-3 1.2424E-2 1.53808E-2 1.42059E-2 6.55015E-3 4.42583E-3 4.13468E-3 1.9331E-3 8.16506E-4 5.52054E-4 5.23027E-4 5.35834E-4 4.83726E-4 5.58685E-4 9.30092E-4 1.1662E-3 2.54242E-4 3.87806E-5 8.69802E-6 4.94911E-6 9.53477E-6 1.6481E-5 3.57659E-5 7.72215E-5 1.80038E-4 3.65E-4 5.87624E-4 6.61834E-4 5.50604E-4 2.95572E-4 1.27629E-4 6.40739E-5 3.19161E-5 1.50515E-5 7.81818E-6 5.16322E-6 -9999 -9999 -9999 -9999 -9999 -9999 -9999 -9999 -9999 -9999 -9999 -9999 -9999 -9999 -9999 -9999 -9999 -9999 -9999 -9999 -9999 -9999 -9999
5.10615E-2 2.61778E-2 1.00447E-2 4.23451E-3 1.4453E-3 2.53591E-4 4.79646E-5 1.49704E-5 1.67427E-5 2.90562E-4 1.5266E-3 8.12113E-4 1.33924E-3 7.58141E-3 1.60406E-2 1.23466E-2 5.95283E-3 1.85417E-3 5.4536E-4 2.98168E-4 2.28333E-4 1.89102E-4 1.62972E-4 2.08112E-4 3.83161E-4 6.75023E-4 7.20153E-4 3.23364E-4 9.94197E-5 3.85549E-5 2.42138E-5 2.65789E-5 4.54404E-5 1.09039E-4 2.26799E-4 5.54648E-4 9.91266E-4 1.02443E-3 6.57699E-4 2.82264E-4 1.51128E-4 6.52467E-5 4.02894E-5 2.55312E-5 1.62995E-5 1.06669E-5 8.8881E-6 -9999 -9999 -9999 -9999 -9999 -9999 -9999 -9999 -9999 -9999 -9999 -9999 -9999 -9999 -9999 -9999 -9999 -9999 -9999 -9999 -9999 -9999 -9999
3.02949E-2 1.36559E-2 4.78863E-3 1.59758E-3 5.37209E-4 1.70858E-4 4.55848E-5 1.92025E-5 2.59007E-5 1.19749E-4 3.50137E-4 4.33173E-4 1.02838E-3 5.61788E-3 1.70781E-2 1.74388E-2 7.07928E-3 1.12677E-3 3.46679E-4 2.03289E-4 1.86064E-4 1.57472E-4 9.60342E-5 1.40273E-4 3.0175E-4 4.73648E-4 5.16138E-4 3.52397E-4 1.99992E-4 1.11476E-4 7.87741E-5 8.06239E-5 1.15783E-4 2.1571E-4 4.52309E-4 1.18956E-3 2.76056E-3 1.53653E-3 5.31963E-4 1.51273E-4 3.84017E-5 2.24936E-5 2.08906E-5 2.0028E-5 1.60134E-5 1.33922E-5 1.40267E-5 1.62995E-5 -9999 -9999 -9999 -9999 -9999 -9999 -9999 -9999 -9999 -9999 -9999 -9999 -9999 -9999 -9999 -9999 -9999 -9999 -9999 -9999 -9999 -9999
1.5143E-2 5.1416E-3 1.47387E-3 5.96207E-4 3.60029E-4 1.95249E-4 6.69112E-5 2.18439E-5 2.12865E-5 5.20002E-5 1.47832E-4 3.14154E-4 7.79653E-4 2.60627E-3 5.7831E-3 6.99885E-3 5.52003E-3 1.09192E-3 2.72275E-4 1.93175E-4 2.52986E-4 4.30231E-4 4.33173E-4 3.54188E-4 4.06061E-4 4.54081E-4 4.73648E-4 4.1846E-4 3.23364E-4 2.54242E-4 2.08112E-4 2.31568E-4 2.54242E-4 3.49729E-4 5.81108E-4 1.07928E-3 2.41122E-3 1.28439E-3 3.58442E-4 8.04174E-5 2.07928E-5 1.26243E-5 1.58233E-5 1.68327E-5 1.85933E-5 1.76342E-5 1.98832E-5 2.67039E-5 -9999 -9999 -9999 -9999 -9999 -9999 -9999 -9999 -9999 -9999 -9999 -9999 -9999 -9999 -9999 -9999 -9999 -9999 -9999 -9999 -9999 -9999
6.27239E-3 1.03188E-3 2.08112E-4 2.88016E-4 3.67136E-4 3.37587E-4 9.69818E-5 1.40826E-5 7.89287E-6 1.75988E-5 4.99195E-5 1.44577E-4 4.33646E-4 1.05807E-3 1.93807E-3 1.95545E-3 1.52326E-3 9.48152E-4 2.58556E-4 1.61307E-4 1.86912E-4 1.39177E-3 2.46363E-3 1.32023E-3 7.1382E-4 5.03198E-4 4.94005E-4 4.54924E-4 4.41999E-4 4.61921E-4 5.43776E-4 6.60496E-4 6.11934E-4 4.71309E-4 4.12392E-4 4.27007E-4 7.66665E-4 6.56411E-4 2.51758E-4 5.93482E-5 1.73016E-5 1.52998E-5 1.86411E-5 2.10427E-5 2.44527E-5 2.75629E-5 3.02819E-5 -9999 -9999 -9999 -9999 -9999 -9999 -9999 -9999 -9999 -9999 -9999 -9999 -9999 -9999 -9999 -9999 -9999 -9999 -9999 -9999 -9999 -9999 -9999
3.60695E-3 5.7045E-4 1.2468E-4 1.95249E-4 3.21939E-4 3.02524E-4 4.80878E-5 2.82142E-6 1.34524E-6 4.09676E-6 1.38361E-5 5.13004E-5 1.80684E-4 3.73814E-4 1.04792E-3 2.29656E-3 5.15541E-3 1.95195E-3 2.53876E-4 1.06426E-4 1.62202E-4 1.99314E-3 4.79132E-3 2.74962E-3 1.07053E-3 5.58685E-4 5.4957E-4 6.07156E-4 6.4834E-4 6.25414E-4 7.37991E-4 1.01546E-3 1.0361E-3 8.05857E-4 5.07643E-4 2.62985E-4 3.36961E-4 3.66196E-4 1.90968E-4 6.55587E-5 2.11694E-5 2.06272E-5 2.77167E-5 3.20329E-5 3.78597E-5 4.46565E-5 -9999 -9999 -9999 -9999 -9999 -9999 -9999 -9999 -9999 -9999 -9999 -9999 -9999 -9999 -9999 -9999 -9999 -9999 -9999 -9999 -9999 -9999 -9999 -9999
4.24719E-3 1.21345E-3 4.82487E-4 3.99842E-4 4.08437E-4 1.56522E-4 1.31357E-5 5.71757E-7 4.0071E-7 1.13294E-6 3.75034E-6 1.12104E-5 2.91799E-5 4.15501E-5 2.44545E-4 1.17334E-3 2.31492E-3 1.15798E-3 2.0534E-4 1.05962E-4 2.10809E-4 4.43384E-3 8.1533E-3 5.61607E-3 1.93805E-3 7.79286E-4 7.95356E-4 8.34942E-4 6.28304E-4 8.67115E-4 7.82663E-4 1.02124E-3 1.21187E-3 1.18103E-3 8.23297E-4 6.18185E-4 6.05516E-4 4.9274E-4 2.6558E-4 1.22107E-4 4.38464E-5 3.53323E-5 5.30346E-5 5.96111E-5 6.53622E-5 6.67399E-5 -9999 -9999 -9999 -9999 -9999 -9999 -9999 -9999 -9999 -9999 -9999 -9999 -9999 -9999 -9999 -9999 -9999 -9999 -9999 -9999 -9999 -9999 -9999 -9999
7.20658E-3 2.83419E-3 1.82476E-3 1.65123E-3 1.1697E-3 1.16677E-4 8.9758E-6 1.02557E-6 4.72629E-7 5.88895E-7 1.21619E-6 2.04764E-6 1.54578E-6 4.37033E-6 1.11776E-5 3.64642E-5 7.04258E-5 1.61346E-4 2.11113E-4 3.52499E-4 2.1316E-3 1.22241E-2 1.84573E-2 9.87373E-3 4.62057E-3 2.04069E-3 1.40044E-3 1.09768E-3 1.13044E-3 8.93872E-4 9.04113E-4 9.6138E-4 1.55737E-3 1.80487E-3 1.5049E-3 1.3311E-3 1.17249E-3 8.6312E-4 5.83942E-4 3.30403E-4 1.83218E-4 1.25055E-4 1.27776E-4 1.27776E-4 1.1646E-4 -9999 -9999 -9999 -9999 -9999 -9999 -9999 -9999 -9999 -9999 -9999 -9999 -9999 -9999 -9999 -9999 -9999 -9999 -9999 -9999 -9999 -9999 -9999 -9999 -9999
1.13425E-2 5.4518E-3 4.0843E-3 2.83743E-3 7.35083E-4 8.2763E-5 8.74894E-6 1.38919E-6 5.79938E-7 5.60335E-7 9.51023E-7 1.47674E-6 2.10072E-6 5.19553E-6 1.44901E-5 2.68096E-5 6.55347E-5 9.91615E-5 1.32751E-4 3.93315E-4 4.81502E-3 2.31927E-2 4.19651E-2 1.89309E-2 7.16341E-3 2.59672E-3 1.60327E-3 7.62677E-4 1.23501E-3 8.13383E-4 7.21335E-4 1.60296E-3 2.92685E-3 3.11669E-3 2.77334E-3 2.47874E-3 2.15157E-3 1.81719E-3 1.39325E-3 9.75824E-4 6.89072E-4 4.83726E-4 3.36961E-4 2.22908E-4 -9999 -9999 -9999 -9999 -9999 -9999 -9999 -9999 -9999 -9999 -9999 -9999 -9999 -9999 -9999 -9999 -9999 -9999 -9999 -9999 -9999 -9999 -9999 -9999 -9999 -9999
1.85663E-2 1.58974E-2 1.23077E-2 3.8098E-3 4.09734E-4 4.28109E-5 8.31162E-6 1.98816E-6 8.16957E-7 6.13633E-7 1.19548E-6 2.945E-6 7.34826E-6 2.04624E-5 2.92757E-5 5.29656E-5 9.64128E-5 1.239E-4 1.45088E-4 3.15097E-4 1.08186E-3 5.39883E-3 2.19528E-2 1.34677E-2 3.23006E-3 1.2358E-3 1.69309E-3 1.85441E-3 1.93483E-3 1.05625E-3 1.1655E-3 3.03596E-3 4.76229E-3 5.08085E-3 4.90362E-3 4.3353E-3 4.22686E-3 -9999 -9999 2.16785E-3 -9999 -9999 -9999 -9999 -9999 -9999 -9999 -9999 -9999 -9999 -9999 -9999 -9999 -9999 -9999 -9999 -9999 -9999 -9999 -9999 -9999 -9999 -9999 -9999 -9999 -9999 -9999 -9999 -9999 -9999
1.67382E-2 2.49883E-2 3.17678E-2 1.33417E-2 4.74687E-4 4.48694E-5 1.25328E-5 2.91485E-6 1.08833E-6 8.40099E-7 1.76293E-6 4.86939E-6 1.25397E-5 2.68096E-5 5.62626E-5 9.82486E-5 1.35104E-4 1.24158E-4 1.3879E-4 2.00946E-4 2.1528E-4 8.73015E-4 6.80308E-3 1.66739E-3 2.82293E-4 8.66806E-4 7.15569E-4 2.52246E-3 2.79744E-3 2.18927E-3 2.48532E-3 3.02944E-3 4.98546E-3 7.67066E-3 7.74784E-3 8.1533E-3 7.48773E-3 6.43753E-3 -9999 -9999 -9999 -9999 -9999 -9999 -9999 -9999 -9999 -9999 -9999 -9999 -9999 -9999 -9999 -9999 -9999 -9999 -9999 -9999 -9999 -9999 -9999 -9999 -9999 -9999 -9999 -9999 -9999 -9999 -9999 -9999
4.1395E-2 9.19603E-2 6.65474E-2 3.09066E-2 2.83037E-3 2.65714E-4 3.70407E-5 4.70418E-6 1.25912E-6 8.50195E-7 2.10369E-6 6.71965E-6 1.58152E-5 4.06904E-5 8.90135E-5 1.12032E-4 1.37106E-4 1.49878E-4 1.28754E-4 1.34639E-4 1.41257E-4 1.84546E-4 1.08884E-3 2.50224E-4 1.10772E-4 6.67774E-4 1.58229E-3 1.49433E-3 2.93114E-3 3.07119E-3 2.50648E-3 3.33003E-3 7.23679E-3 1.02068E-2 1.1143E-2 1.20914E-2 1.15141E-2 -9999 -9999 -9999 -9999 -9999 -9999 -9999 -9999 -9999 -9999 -9999 -9999 -9999 -9999 -9999 -9999 -9999 -9999 -9999 -9999 -9999 -9999 -9999 -9999 -9999 -9999 -9999 -9999 -9999 -9999 -9999 -9999 -9999
5.07334E-2 9.17098E-2 8.47945E-2 3.39934E-2 6.22272E-3 7.77814E-4 7.90456E-5 7.14653E-6 1.12929E-6 8.28897E-7 1.90795E-6 9.8135E-6 2.32647E-5 4.84146E-5 1.15011E-4 1.24743E-4 1.27574E-4 1.21972E-4 9.56041E-5 8.33677E-5 7.13214E-5 8.18679E-5 8.83115E-5 5.16057E-5 7.08835E-5 3.66333E-4 1.49393E-3 1.27972E-3 3.13855E-3 4.14534E-3 3.30266E-3 3.26654E-3 9.94477E-3 1.2883E-2 1.45006E-2 -9999 -9999 -9999 -9999 -9999 -9999 -9999 -9999 -9999 -9999 -9999 -9999 -9999 -9999 -9999 -9999 -9999 -9999 -9999 -9999 -9999 -9999 -9999 -9999 -9999 -9999 -9999 -9999 -9999 -9999 -9999 -9999 -9999 -9999 -9999
