KUENM/Final_Models/M_0.1_F_lq_Set_2_E/sp1_2_se_asia.asc
ncols         320
nrows         243
xllcorner     44.0
yllcorner     -0.666666666666667
cellsize      0.166666666666667
NODATA_value  -9999
[rows 62 to 92 of 243, columns 140 to 209 of 320]
9.53165E-2 1.09386E-1 1.05012E-1 1.10514E-1 1.21253E-1 1.47589E-1 1.77681E-1 1.80982E-1 1.51052E-1 1.6246E-1 1.72692E-1 1.65961E-1 1.98158E-1 2.09972E-1 2.16214E-1 2.37604E-1 2.54492E-1 2.57394E-1 2.69543E-1 2.40179E-1 1.8375E-1 1.39773E-1 1.23372E-1 1.19769E-1 1.18771E-1 1.21148E-1 1.17593E-1 1.19769E-1 1.23372E-1 1.30526E-1 1.44822E-1 1.56842E-1 1.742E-1 1.85074E-1 1.92795E-1 1.89962E-1 1.82316E-1 1.71912E-1 1.68913E-1 1.88006E-1 2.13049E-1 2.37066E-1 2.69207E-1 3.02836E-1 3.40956E-1 3.70211E-1 4.06486E-1 4.46917E-1 4.77626E-1 4.97394E-1 5.0982E-1 5.23514E-1 5.68213E-1 5.91377E-1 5.76004E-1 5.77622E-1 6.09114E-1 6.08852E-1 5.14083E-1 4.22552E-1 4.28347E-1 3.22664E-1 2.1599E-1 1.73289E-1 1.78879E-1 9.69932E-2 4.52796E-2 1.09707E-2 1.91106E-3 8.3781E-5
1.06996E-1 9.64825E-2 9.31264E-2 9.73973E-2 1.02824E-1 1.199E-1 1.6409E-1 1.65396E-1 1.54965E-1 1.69998E-1 1.63098E-1 1.72072E-1 1.85413E-1 2.01074E-1 2.16252E-1 2.3728E-1 2.31823E-1 2.43585E-1 2.7305E-1 2.45372E-1 1.74737E-1 1.33315E-1 1.17405E-1 1.16234E-1 1.15071E-1 1.18583E-1 1.18583E-1 1.19506E-1 1.24327E-1 1.32717E-1 1.49904E-1 1.64971E-1 1.81292E-1 1.95215E-1 2.01962E-1 1.97497E-1 1.86804E-1 1.64643E-1 1.61822E-1 1.85214E-1 2.06664E-1 2.35965E-1 2.61321E-1 2.95147E-1 3.28256E-1 3.49564E-1 3.8015E-1 4.21011E-1 4.67318E-1 5.17036E-1 5.49951E-1 5.37092E-1 5.63377E-1 6.042E-1 6.09879E-1 6.10215E-1 6.18583E-1 6.13522E-1 5.7469E-1 5.23883E-1 4.75167E-1 3.57276E-1 2.05799E-1 1.54489E-1 1.74977E-1 1.41651E-1 9.20771E-2 5.21648E-2 2.04192E-2 4.72618E-3
1.0624E-1 8.83038E-2 8.62279E-2 8.73324E-2 8.93709E-2 1.05016E-1 1.42718E-1 1.73084E-1 1.90404E-1 1.96772E-1 1.78909E-1 1.802E-1 1.90243E-1 2.0029E-1 2.00253E-1 1.97689E-1 1.95627E-1 2.03155E-1 2.11628E-1 1.89688E-1 1.54621E-1 1.28284E-1 1.13916E-1 1.10496E-1 1.11629E-1 1.12768E-1 1.1597E-1 1.19506E-1 1.26443E-1 1.37445E-1 1.50848E-1 1.67351E-1 1.85351E-1 1.9785E-1 2.03155E-1 2.03155E-1 1.90936E-1 1.80721E-1 1.83843E-1 1.97689E-1 2.19875E-1 2.4311E-1 2.7221E-1 2.95971E-1 3.20479E-1 3.43891E-1 3.62847E-1 4.01682E-1 4.5478E-1 5.06974E-1 5.40681E-1 5.2292E-1 5.46919E-1 5.98509E-1 6.16874E-1 6.21723E-1 6.23951E-1 6.16878E-1 6.00686E-1 5.58397E-1 4.91532E-1 3.79208E-1 2.51783E-1 1.8054E-1 1.95232E-1 1.74977E-1 1.42842E-1 1.08905E-1 7.98531E-2 3.57475E-2
1.00728E-1 8.43266E-2 8.15324E-2 8.06162E-2 8.35242E-2 1.05047E-1 1.33413E-1 1.8082E-1 1.8396E-1 1.88946E-1 1.84828E-1 1.92557E-1 1.87601E-1 1.83179E-1 1.71625E-1 1.60661E-1 1.59238E-1 1.57822E-1 1.52658E-1 1.3952E-1 1.25813E-1 1.13916E-1 1.09372E-1 1.04951E-1 1.06882E-1 1.10232E-1 1.15632E-1 1.2036E-1 1.28508E-1 1.36934E-1 1.48954E-1 1.63817E-1 1.8165E-1 1.9248E-1 2.01034E-1 2.0476E-1 2.06771E-1 2.08664E-1 2.13678E-1 2.25173E-1 2.40052E-1 2.62238E-1 2.79159E-1 3.07183E-1 3.27482E-1 3.46678E-1 3.69134E-1 4.04818E-1 4.39857E-1 4.75407E-1 5.06974E-1 5.25183E-1 5.58267E-1 5.94015E-1 6.17691E-1 6.29109E-1 6.26686E-1 6.27476E-1 6.22906E-1 5.78244E-1 4.89491E-1 3.88817E-1 3.03573E-1 2.56701E-1 2.58344E-1 2.48412E-1 2.13444E-1 1.92314E-1 1.81986E-1 1.04396E-1
8.74187E-2 8.43266E-2 8.62279E-2 8.24561E-2 8.52734E-2 1.06015E-1 1.53987E-1 1.95112E-1 2.11232E-1 2.00661E-1 1.8834E-1 1.719E-1 1.67288E-1 1.56154E-1 1.39179E-1 1.26181E-1 1.23718E-1 1.20651E-1 1.1639E-1 1.04687E-1 9.95977E-2 9.54536E-2 9.95977E-2 1.0039E-1 1.02523E-1 1.07657E-1 1.12168E-1 1.18752E-1 1.28005E-1 1.36934E-1 1.51091E-1 1.63817E-1 1.74863E-1 1.90166E-1 2.01995E-1 2.09088E-1 2.18174E-1 2.30055E-1 2.47005E-1 2.50505E-1 2.65954E-1 2.83431E-1 3.00689E-1 3.24774E-1 3.46678E-1 3.63982E-1 3.82764E-1 4.19404E-1 4.52043E-1 4.66452E-1 4.91405E-1 5.24013E-1 5.65799E-1 5.99922E-1 6.03031E-1 5.90392E-1 6.12108E-1 6.15663E-1 6.2963E-1 5.71946E-1 4.81404E-1 4.02229E-1 3.65958E-1 3.47645E-1 3.3889E-1 3.55525E-1 3.4498E-1 3.4498E-1 2.88224E-1 1.87618E-1
9.02699E-2 9.01232E-2 8.91377E-2 9.21175E-2 1.03647E-1 1.41261E-1 2.15227E-1 2.52946E-1 2.36849E-1 2.04212E-1 1.72531E-1 1.52477E-1 1.40272E-1 1.26181E-1 1.18246E-1 1.0786E-1 9.8691E-2 9.50561E-2 9.14647E-2 8.69597E-2 8.37535E-2 8.84958E-2 9.41755E-2 9.58913E-2 1.01123E-1 1.07254E-1 1.12905E-1 1.20651E-1 1.29258E-1 1.40272E-1 1.50385E-1 1.6454E-1 1.76364E-1 1.90166E-1 2.05212E-1 2.20583E-1 2.32809E-1 2.57157E-1 2.76423E-1 2.81857E-1 2.88897E-1 3.04611E-1 3.25407E-1 3.54543E-1 3.77673E-1 3.97873E-1 4.14578E-1 4.49027E-1 4.67887E-1 4.76377E-1 4.84662E-1 5.24013E-1 5.7378E-1 6.08517E-1 5.9568E-1 5.76105E-1 6.01806E-1 6.10397E-1 6.30398E-1 6.20209E-1 5.5903E-1 4.78701E-1 4.37027E-1 4.11729E-1 3.87205E-1 4.0001E-1 4.24875E-1 4.43046E-1 3.58829E-1 2.23917E-1
9.64537E-2 9.21175E-2 9.82884E-2 1.09203E-1 1.34689E-1 2.03482E-1 3.25943E-1 3.49905E-1 2.59973E-1 1.88061E-1 1.5102E-1 1.29584E-1 1.15895E-1 1.06436E-1 1.00633E-1 9.19602E-2 8.10183E-2 8.19349E-2 7.96699E-2 8.09877E-2 8.13484E-2 8.5059E-2 9.08526E-2 9.48682E-2 1.01796E-1 1.07254E-1 1.14736E-1 1.20651E-1 1.28674E-1 1.39585E-1 1.51768E-1 1.65995E-1 1.77872E-1 1.93301E-1 2.10078E-1 2.26628E-1 2.34004E-1 2.61604E-1 2.8856E-1 3.0308E-1 3.10184E-1 3.32965E-1 3.5879E-1 3.94538E-1 4.32082E-1 4.50538E-1 4.5478E-1 4.76377E-1 4.96692E-1 4.94564E-1 4.78494E-1 5.20585E-1 5.75459E-1 5.9426E-1 5.85207E-1 5.81166E-1 5.76105E-1 6.24861E-1 6.2996E-1 6.27205E-1 6.18821E-1 5.61306E-1 4.98178E-1 4.62005E-1 4.10155E-1 3.81193E-1 4.02229E-1 4.14863E-1 3.2071E-1 1.89265E-1
9.96054E-2 9.62E-2 1.03647E-1 1.18504E-1 1.48022E-1 2.23254E-1 3.55321E-1 3.53517E-1 2.27123E-1 1.59659E-1 1.26131E-1 1.10352E-1 1.03433E-1 9.67617E-2 9.23421E-2 8.6451E-2 8.14115E-2 7.83137E-2 7.92077E-2 7.96699E-2 8.19022E-2 8.56357E-2 9.0474E-2 9.34691E-2 1.02409E-1 1.06782E-1 1.15345E-1 1.23718E-1 1.34364E-1 1.4224E-1 1.54557E-1 1.67456E-1 1.82435E-1 1.97181E-1 2.18313E-1 2.34323E-1 2.4116E-1 2.61005E-1 2.8856E-1 3.10231E-1 3.2975E-1 3.64635E-1 4.00661E-1 4.45978E-1 4.89279E-1 5.13201E-1 5.03164E-1 5.22837E-1 5.32005E-1 5.30616E-1 5.29772E-1 5.54876E-1 5.79486E-1 5.54346E-1 5.63023E-1 6.07934E-1 6.09094E-1 6.24335E-1 6.33158E-1 6.39831E-1 6.33988E-1 6.13347E-1 5.5314E-1 4.94291E-1 4.31409E-1 3.68175E-1 3.73219E-1 3.76568E-1 2.9142E-1 1.86275E-1
1.12504E-1 9.73973E-2 1.06015E-1 1.15139E-1 1.38823E-1 1.74122E-1 2.11928E-1 1.89616E-1 1.38997E-1 1.15288E-1 9.96054E-2 9.43035E-2 8.89503E-2 8.89503E-2 8.77218E-2 8.6451E-2 8.04985E-2 7.8695E-2 7.92077E-2 8.01092E-2 8.24061E-2 8.61604E-2 9.0037E-2 9.50561E-2 1.01881E-1 1.08472E-1 1.17061E-1 1.26763E-1 1.39585E-1 1.50385E-1 1.58793E-1 1.70398E-1 1.82435E-1 2.01241E-1 2.23314E-1 2.58513E-1 2.74394E-1 2.88149E-1 3.04867E-1 3.26347E-1 3.54132E-1 3.95642E-1 4.38239E-1 4.86551E-1 5.22837E-1 5.49299E-1 5.5194E-1 5.56076E-1 5.66873E-1 5.64009E-1 5.76733E-1 5.91845E-1 6.02701E-1 5.856E-1 5.93348E-1 6.1092E-1 6.23162E-1 6.25587E-1 6.37906E-1 6.35446E-1 6.39831E-1 6.28669E-1 5.66963E-1 5.2259E-1 4.6471E-1 4.07759E-1 4.02918E-1 4.0785E-1 3.74754E-1 2.97274E-1
1.06749E-1 9.95044E-2 1.02724E-1 1.08353E-1 1.15249E-1 1.23654E-1 1.26126E-1 1.07231E-1 8.94015E-2 8.36106E-2 8.26769E-2 8.16732E-2 8.3398E-2 8.41484E-2 8.48482E-2 8.4549E-2 8.0837E-2 8.04985E-2 7.95929E-2 8.19349E-2 8.61604E-2 9.0037E-2 9.55715E-2 1.00221E-1 1.05638E-1 1.13552E-1 1.2185E-1 1.34364E-1 1.44926E-1 1.54557E-1 1.70398E-1 1.79387E-1 1.89355E-1 1.98801E-1 2.08451E-1 2.41911E-1 2.85801E-1 3.11814E-1 3.3348E-1 3.54132E-1 3.84694E-1 4.23637E-1 4.62556E-1 5.07698E-1 5.40889E-1 5.66927E-1 5.72746E-1 5.71461E-1 5.76004E-1 5.78976E-1 5.82785E-1 6.01732E-1 6.16874E-1 6.22722E-1 6.28497E-1 6.30153E-1 6.33921E-1 6.3052E-1 6.36684E-1 6.38987E-1 6.37384E-1 6.21253E-1 5.88165E-1 5.63198E-1 5.07432E-1 4.63264E-1 4.69397E-1 4.87632E-1 4.60659E-1 3.9789E-1
1.12659E-1 9.85763E-2 9.96013E-2 9.9635E-2 9.9635E-2 9.75255E-2 9.34008E-2 8.36359E-2 7.63779E-2 7.20646E-2 7.12289E-2 7.54094E-2 7.70374E-2 7.95384E-2 8.13595E-2 8.02122E-2 7.9928E-2 7.8695E-2 8.32605E-2 8.66321E-2 8.95423E-2 9.66035E-2 1.01288E-1 1.04967E-1 1.11703E-1 1.17534E-1 1.28011E-1 1.40909E-1 1.54557E-1 1.69655E-1 1.84714E-1 1.94051E-1 2.01556E-1 2.0637E-1 2.05163E-1 2.24417E-1 2.8856E-1 3.37043E-1 3.59827E-1 3.80244E-1 4.06621E-1 4.42662E-1 4.82798E-1 5.13985E-1 5.43031E-1 5.66927E-1 5.67385E-1 5.61638E-1 5.69724E-1 5.76019E-1 5.86975E-1 5.92259E-1 6.12571E-1 6.25436E-1 6.2118E-1 6.20029E-1 6.25824E-1 6.35577E-1 6.42061E-1 6.40227E-1 6.13505E-1 6.19567E-1 5.96964E-1 5.65272E-1 5.48029E-1 5.22273E-1 5.16199E-1 5.54348E-1 5.3009E-1 4.79601E-1
1.09897E-1 9.8547E-2 9.54474E-2 9.4392E-2 9.03625E-2 8.64578E-2 8.16732E-2 8.08325E-2 7.72351E-2 7.28377E-2 7.11604E-2 7.28377E-2 7.70374E-2 7.77476E-2 7.77476E-2 7.93079E-2 8.0837E-2 8.04985E-2 8.23322E-2 9.09627E-2 9.70644E-2 1.01705E-1 1.06436E-1 1.14012E-1 1.18723E-1 1.27269E-1 1.36194E-1 1.53159E-1 1.71131E-1 1.87802E-1 2.03601E-1 2.13985E-1 2.19437E-1 2.21476E-1 2.31492E-1 2.60817E-1 3.19208E-1 3.58069E-1 3.80759E-1 4.01299E-1 4.23065E-1 4.50386E-1 4.75637E-1 5.08222E-1 5.30936E-1 5.44356E-1 5.42406E-1 5.47747E-1 5.5864E-1 5.77405E-1 5.81859E-1 5.96762E-1 6.1305E-1 6.20149E-1 5.88197E-1 5.9236E-1 6.2972E-1 6.42045E-1 6.4482E-1 6.37783E-1 6.38348E-1 6.30278E-1 5.95472E-1 5.7454E-1 5.71828E-1 5.71828E-1 5.594E-1 5.66228E-1 5.59243E-1 5.24624E-1
1.06745E-1 1.00578E-1 9.54189E-2 9.02774E-2 8.73397E-2 8.43372E-2 8.24665E-2 8.35312E-2 8.52841E-2 8.50934E-2 7.89433E-2 7.88167E-2 7.88167E-2 7.95384E-2 8.22815E-2 8.41484E-2 8.20437E-2 8.4549E-2 8.6451E-2 9.6028E-2 1.06745E-1 1.12087E-1 1.20329E-1 1.27269E-1 1.27269E-1 1.34364E-1 1.49009E-1 1.68185E-1 1.8844E-1 2.16639E-1 2.29995E-1 2.35702E-1 2.43016E-1 2.45079E-1 2.6238E-1 2.88935E-1 3.28131E-1 3.5833E-1 3.84567E-1 4.11844E-1 4.26254E-1 4.48465E-1 4.68395E-1 4.91983E-1 5.18069E-1 5.35432E-1 5.39281E-1 5.55983E-1 5.67721E-1 5.7978E-1 5.85666E-1 6.04701E-1 6.11397E-1 6.05505E-1 5.64956E-1 6.03547E-1 6.29515E-1 6.43201E-1 6.37196E-1 6.34041E-1 6.39151E-1 6.38889E-1 6.23658E-1 5.87631E-1 5.67165E-1 5.72833E-1 5.60256E-1 5.47672E-1 5.44379E-1 5.40332E-1
1.04526E-1 1.00578E-1 9.6212E-2 9.6212E-2 9.09253E-2 8.79745E-2 8.70064E-2 8.79745E-2 8.96762E-2 8.89503E-2 8.52841E-2 8.3398E-2 8.15426E-2 8.43372E-2 8.6046E-2 8.7201E-2 8.70064E-2 9.03474E-2 9.70644E-2 1.1128E-1 1.28674E-1 1.32323E-1 1.37021E-1 1.34053E-1 1.39275E-1 1.46279E-1 1.59511E-1 1.82815E-1 2.12863E-1 2.4473E-1 2.6276E-1 2.70395E-1 2.65565E-1 2.67628E-1 2.85271E-1 3.03155E-1 3.35262E-1 3.56651E-1 3.93182E-1 4.16379E-1 4.35972E-1 4.55621E-1 4.68395E-1 4.87918E-1 5.1343E-1 5.41608E-1 5.53413E-1 5.64863E-1 5.77455E-1 5.95152E-1 5.98834E-1 6.13191E-1 6.1629E-1 6.05783E-1 5.83447E-1 5.97754E-1 6.31017E-1 6.42898E-1 6.35628E-1 6.25046E-1 6.37324E-1 6.44196E-1 6.41254E-1 6.046E-1 5.69843E-1 5.32158E-1 5.11001E-1 5.19935E-1 5.23669E-1 5.36868E-1
1.09217E-1 1.03822E-1 1.02572E-1 9.78052E-2 9.57261E-2 9.43679E-2 9.46982E-2 9.49689E-2 9.67617E-2 9.19245E-2 8.89503E-2 8.79745E-2 8.99339E-2 8.99339E-2 9.2129E-2 9.11278E-2 9.29315E-2 9.78052E-2 1.05141E-1 1.22499E-1 1.45492E-1 1.59921E-1 1.61356E-1 1.49103E-1 1.48216E-1 1.54557E-1 1.63817E-1 1.85351E-1 2.19437E-1 2.65876E-1 2.99509E-1 2.95942E-1 2.88823E-1 2.906E-1 3.0308E-1 3.24549E-1 3.49484E-1 3.68887E-1 3.99605E-1 4.24618E-1 4.37575E-1 4.56147E-1 4.64032E-1 4.91983E-1 5.21626E-1 5.5194E-1 5.66927E-1 5.72123E-1 5.9131E-1 6.08672E-1 6.1587E-1 6.2678E-1 6.27026E-1 6.30727E-1 6.28031E-1 6.31017E-1 6.38738E-1 6.4455E-1 6.37493E-1 6.22961E-1 6.21883E-1 6.1302E-1 5.92741E-1 5.84417E-1 5.75502E-1 5.44008E-1 5.06985E-1 5.0963E-1 5.05652E-1 5.14847E-1
1.11495E-1 1.11495E-1 1.08979E-1 1.02058E-1 1.01288E-1 1.04539E-1 1.04967E-1 1.03141E-1 1.02058E-1 9.91378E-2 9.80838E-2 9.59994E-2 9.49689E-2 9.49689E-2 9.6212E-2 9.93566E-2 9.6212E-2 9.88566E-2 1.09426E-1 1.30529E-1 1.62272E-1 2.04457E-1 1.81585E-1 1.62272E-1 1.58793E-1 1.6094E-1 1.68185E-1 1.84714E-1 2.13985E-1 2.56829E-1 2.906E-1 2.99593E-1 2.99593E-1 3.01374E-1 3.19179E-1 3.49548E-1 3.72529E-1 4.01718E-1 4.22298E-1 4.39174E-1 4.48667E-1 4.46913E-1 4.61076E-1 4.99729E-1 5.31188E-1 5.53349E-1 5.68998E-1 5.7799E-1 6.01112E-1 6.19735E-1 6.2963E-1 6.36684E-1 6.30998E-1 6.37243E-1 6.42461E-1 6.38527E-1 6.40227E-1 6.47393E-1 6.39407E-1 6.22136E-1 6.08653E-1 5.99039E-1 5.68446E-1 5.55058E-1 5.69431E-1 5.61374E-1 5.0963E-1 4.62247E-1 4.60723E-1 4.43612E-1
1.19717E-1 1.16146E-1 1.14722E-1 1.11703E-1 1.10113E-1 1.15883E-1 1.15178E-1 1.09426E-1 1.07181E-1 1.06436E-1 1.07854E-1 1.03433E-1 1.03433E-1 1.02347E-1 1.02572E-1 1.0366E-1 1.0366E-1 1.06737E-1 1.16352E-1 1.33078E-1 1.71131E-1 1.93118E-1 1.80128E-1 1.66722E-1 1.65894E-1 1.74737E-1 1.78612E-1 1.90915E-1 2.18292E-1 2.51624E-1 2.76134E-1 2.99272E-1 3.0308E-1 3.20993E-1 3.45876E-1 3.77782E-1 4.03664E-1 4.2677E-1 4.5254E-1 4.59513E-1 4.59513E-1 4.59183E-1 4.838E-1 5.23911E-1 5.52272E-1 5.6488E-1 5.74367E-1 5.88197E-1 6.01435E-1 6.24081E-1 6.39305E-1 6.42529E-1 6.40722E-1 6.41602E-1 6.26293E-1 6.26841E-1 6.39658E-1 6.45684E-1 6.38889E-1 6.04175E-1 5.99154E-1 6.01296E-1 5.76137E-1 5.31039E-1 5.47406E-1 5.38249E-1 4.97151E-1 4.53646E-1 4.51466E-1 4.06444E-1
1.26017E-1 1.25825E-1 1.21874E-1 1.2521E-1 1.2356E-1 1.22339E-1 1.19921E-1 1.19921E-1 1.16749E-1 1.14722E-1 1.14722E-1 1.11252E-1 1.11252E-1 1.08979E-1 1.10352E-1 1.09217E-1 1.10352E-1 1.15895E-1 1.2521E-1 1.41462E-1 1.59511E-1 1.68814E-1 1.6094E-1 1.56676E-1 1.73775E-1 1.83815E-1 1.9173E-1 1.97181E-1 2.20856E-1 2.50539E-1 2.84582E-1 3.09654E-1 3.25843E-1 3.52754E-1 3.85507E-1 4.1699E-1 4.3872E-1 4.60165E-1 4.66272E-1 4.79693E-1 4.83312E-1 4.75497E-1 5.11968E-1 5.71954E-1 5.76144E-1 5.63335E-1 5.68317E-1 5.83735E-1 6.02922E-1 6.24124E-1 6.47109E-1 6.40423E-1 6.44743E-1 6.41852E-1 6.25786E-1 6.38314E-1 6.27993E-1 6.27001E-1 6.13041E-1 5.94824E-1 5.95472E-1 5.63256E-1 5.37065E-1 4.93765E-1 4.78654E-1 4.9935E-1 4.7198E-1 4.29699E-1 5.02107E-1 4.86649E-1
1.42718E-1 1.34705E-1 1.32129E-1 1.32767E-1 1.31488E-1 1.26025E-1 1.22339E-1 1.22754E-1 1.21874E-1 1.20663E-1 1.19459E-1 1.19459E-1 1.18263E-1 1.18263E-1 1.18518E-1 1.19717E-1 1.23358E-1 1.24321E-1 1.3313E-1 1.44618E-1 1.57074E-1 1.65169E-1 1.63093E-1 1.68924E-1 1.87802E-1 1.97181E-1 2.04212E-1 2.07974E-1 2.23984E-1 2.50649E-1 2.87587E-1 3.22089E-1 3.6889E-1 4.18272E-1 4.45889E-1 4.61834E-1 4.74797E-1 4.808E-1 4.84634E-1 4.84065E-1 4.83312E-1 4.9662E-1 5.0571E-1 5.91155E-1 5.64318E-1 5.28654E-1 5.61589E-1 5.87141E-1 6.07871E-1 6.36711E-1 6.5158E-1 6.36982E-1 6.35047E-1 6.316E-1 6.3068E-1 6.23015E-1 5.8925E-1 5.83991E-1 5.68329E-1 5.70625E-1 5.87749E-1 5.6678E-1 5.2954E-1 4.60723E-1 4.32413E-1 4.60723E-1 4.61379E-1 4.18171E-1 4.97194E-1 5.19418E-1
1.47817E-1 1.52062E-1 1.40134E-1 1.42932E-1 1.35717E-1 1.30217E-1 1.2521E-1 1.24321E-1 1.24588E-1 1.25825E-1 1.28323E-1 1.28323E-1 1.28323E-1 1.26799E-1 1.26799E-1 1.28323E-1 1.32129E-1 1.35717E-1 1.43658E-1 1.54667E-1 1.65702E-1 1.83117E-1 1.94877E-1 2.02598E-1 2.14536E-1 2.21181E-1 2.23278E-1 2.23278E-1 2.3343E-1 2.48484E-1 2.80774E-1 3.29988E-1 3.90594E-1 4.69027E-1 4.99628E-1 5.04518E-1 5.09132E-1 5.10794E-1 5.00732E-1 4.81713E-1 5.09638E-1 5.36111E-1 5.29772E-1 5.328E-1 4.97998E-1 5.21979E-1 5.78454E-1 6.05788E-1 6.22574E-1 6.48345E-1 6.51836E-1 6.4015E-1 6.26717E-1 6.09298E-1 6.01122E-1 6.01897E-1 5.65224E-1 5.45975E-1 5.78245E-1 5.88732E-1 5.44008E-1 5.47498E-1 5.0297E-1 4.20064E-1 3.89448E-1 3.91878E-1 3.80397E-1 3.91106E-1 4.52084E-1 5.06861E-1
1.52132E-1 1.54428E-1 1.53435E-1 1.51614E-1 1.38625E-1 1.36004E-1 1.30853E-1 1.33614E-1 1.33614E-1 1.37517E-1 1.38834E-1 1.40157E-1 1.41278E-1 1.37021E-1 1.39653E-1 1.39653E-1 1.4396E-1 1.49414E-1 1.58915E-1 1.69076E-1 1.86785E-1 2.06821E-1 2.29239E-1 2.45467E-1 2.49267E-1 2.56264E-1 2.49461E-1 2.42518E-1 2.37411E-1 2.46043E-1 2.90395E-1 3.55579E-1 4.25747E-1 4.83063E-1 5.22352E-1 5.4222E-1 5.44135E-1 5.40571E-1 5.26115E-1 5.23527E-1 5.46505E-1 5.75459E-1 5.6159E-1 5.24013E-1 5.26088E-1 5.53828E-1 6.08553E-1 6.31695E-1 6.42911E-1 6.5097E-1 6.52211E-1 6.41282E-1 6.21135E-1 5.70948E-1 5.32307E-1 5.70802E-1 5.66198E-1 5.88338E-1 5.82526E-1 5.42819E-1 5.69431E-1 4.93784E-1 4.3295E-1 3.71377E-1 3.14857E-1 2.58432E-1 2.28142E-1 2.84996E-1 3.87855E-1 4.39793E-1
1.64146E-1 1.65994E-1 1.64156E-1 1.59999E-1 1.46672E-1 1.41615E-1 1.36369E-1 1.37679E-1 1.42955E-1 1.49768E-1 1.52545E-1 1.55215E-1 1.52186E-1 1.53265E-1 1.53265E-1 1.56075E-1 1.60346E-1 1.66477E-1 1.75033E-1 1.84168E-1 1.99893E-1 2.25664E-1 2.58373E-1 2.9336E-1 3.0116E-1 2.88516E-1 2.77743E-1 2.54493E-1 2.36824E-1 2.59765E-1 3.21122E-1 3.89573E-1 4.55361E-1 5.06353E-1 5.4648E-1 5.72963E-1 5.76416E-1 5.65651E-1 5.53742E-1 5.53296E-1 5.49352E-1 5.5089E-1 5.47936E-1 5.23718E-1 5.85329E-1 5.99742E-1 6.18041E-1 6.43526E-1 6.51146E-1 6.54654E-1 6.52536E-1 6.45012E-1 6.25286E-1 5.78723E-1 5.22483E-1 5.78457E-1 5.8608E-1 5.55726E-1 5.39539E-1 5.58399E-1 5.38494E-1 4.72197E-1 4.39067E-1 3.54623E-1 3.27282E-1 2.11716E-1 1.5099E-1 2.73997E-1 3.49073E-1 3.43833E-1
1.74759E-1 1.74759E-1 1.70436E-1 1.68306E-1 1.58915E-1 1.49768E-1 1.44163E-1 1.45517E-1 1.52539E-1 1.6838E-1 1.74285E-1 1.75789E-1 1.67945E-1 1.65016E-1 1.64246E-1 1.7011E-1 1.75033E-1 1.84168E-1 1.93531E-1 2.01498E-1 2.1619E-1 2.34697E-1 2.73139E-1 3.33232E-1 3.60973E-1 3.28152E-1 3.02743E-1 2.71323E-1 2.71816E-1 3.13623E-1 3.93091E-1 4.34205E-1 4.84822E-1 5.31948E-1 5.7251E-1 5.98134E-1 6.03985E-1 5.96575E-1 5.84612E-1 5.63377E-1 5.40931E-1 5.60106E-1 5.69554E-1 5.79971E-1 6.1185E-1 6.26156E-1 6.25746E-1 6.4597E-1 6.43403E-1 6.46702E-1 6.49488E-1 6.47283E-1 6.39416E-1 6.30863E-1 6.08627E-1 5.62755E-1 5.18693E-1 4.87094E-1 4.66878E-1 5.51208E-1 4.82934E-1 4.65288E-1 4.37027E-1 4.2491E-1 3.72023E-1 2.93788E-1 2.73997E-1 3.57977E-1 3.63299E-1 2.77533E-1
1.83597E-1 1.8047E-1 1.82329E-1 1.77872E-1 1.65256E-1 1.5818E-1 1.50051E-1 1.53241E-1 1.67926E-1 1.92759E-1 2.07258E-1 1.97527E-1 1.89464E-1 1.7654E-1 1.77591E-1 1.86785E-1 1.95112E-1 2.09606E-1 2.17848E-1 2.24532E-1 2.34697E-1 2.46748E-1 2.66515E-1 3.17274E-1 3.37228E-1 3.35016E-1 3.19955E-1 3.05457E-1 3.20497E-1 4.06705E-1 4.93859E-1 4.7266E-1 5.14683E-1 5.6214E-1 5.94592E-1 6.15592E-1 6.24715E-1 6.25778E-1 6.1149E-1 5.59375E-1 5.54159E-1 5.73781E-1 5.94676E-1 6.15041E-1 6.3719E-1 6.46736E-1 6.50816E-1 6.46685E-1 6.15752E-1 6.1806E-1 6.23979E-1 6.36069E-1 6.39241E-1 6.49521E-1 6.34982E-1 5.7491E-1 5.10944E-1 4.64843E-1 4.40147E-1 5.24658E-1 4.55837E-1 4.41599E-1 4.43037E-1 4.51596E-1 4.23137E-1 3.70405E-1 3.3312E-1 3.66838E-1 3.89462E-1 3.68604E-1
1.94168E-1 1.93752E-1 1.89383E-1 1.8063E-1 1.74332E-1 1.66113E-1 1.61609E-1 1.69527E-1 1.84141E-1 2.05392E-1 2.20465E-1 2.1874E-1 2.02172E-1 1.82995E-1 1.84168E-1 2.01498E-1 2.21181E-1 2.3812E-1 2.50225E-1 2.51969E-1 2.60738E-1 2.71359E-1 2.70065E-1 3.01239E-1 3.22313E-1 3.30836E-1 3.33749E-1 3.35559E-1 3.65696E-1 4.38841E-1 4.82628E-1 5.03785E-1 5.35344E-1 5.85078E-1 6.14862E-1 6.31213E-1 6.40334E-1 6.43526E-1 6.00691E-1 5.65788E-1 5.76796E-1 5.93221E-1 6.15239E-1 6.33238E-1 6.41106E-1 6.33371E-1 6.34096E-1 6.19264E-1 5.87146E-1 5.96145E-1 6.12626E-1 6.11084E-1 6.23971E-1 6.35028E-1 6.27425E-1 5.90718E-1 5.45225E-1 4.80946E-1 4.31332E-1 5.14965E-1 4.48581E-1 4.10549E-1 4.22625E-1 4.3332E-1 4.42846E-1 3.89012E-1 3.45564E-1 3.5238E-1 4.36773E-1 4.6747E-1
2.01879E-1 2.02228E-1 2.0356E-1 1.95594E-1 1.8346E-1 1.8107E-1 1.78501E-1 1.83661E-1 2.01468E-1 2.16885E-1 2.30512E-1 2.35696E-1 2.1874E-1 2.03787E-1 2.01892E-1 2.21181E-1 2.48484E-1 2.78491E-1 2.89252E-1 2.91051E-1 2.98264E-1 3.00585E-1 3.0305E-1 3.20887E-1 3.42264E-1 3.5361E-1 3.62587E-1 3.73298E-1 3.95225E-1 4.28834E-1 4.75817E-1 5.32797E-1 5.77358E-1 6.20127E-1 6.38405E-1 6.42308E-1 6.4783E-1 6.23612E-1 5.60128E-1 5.93687E-1 6.0485E-1 6.16805E-1 6.30645E-1 6.38676E-1 6.33189E-1 6.18373E-1 6.07908E-1 5.72702E-1 5.49614E-1 5.96797E-1 6.15632E-1 5.86437E-1 5.94404E-1 5.97023E-1 5.80295E-1 5.7172E-1 5.48625E-1 4.94383E-1 4.22346E-1 5.00124E-1 4.28754E-1 3.89689E-1 3.90974E-1 3.84891E-1 3.90839E-1 3.60168E-1 3.61488E-1 4.06705E-1 4.56755E-1 4.41267E-1
2.11994E-1 2.1339E-1 2.11232E-1 2.04725E-1 1.99178E-1 1.92313E-1 1.95084E-1 1.99863E-1 2.13275E-1 2.22074E-1 2.3228E-1 2.39129E-1 2.32221E-1 2.2358E-1 2.36849E-1 2.51969E-1 2.83863E-1 3.16367E-1 3.25436E-1 3.27249E-1 3.31418E-1 3.3748E-1 3.46533E-1 3.58513E-1 3.74047E-1 3.83928E-1 3.99685E-1 4.21047E-1 4.41669E-1 4.68089E-1 5.1605E-1 5.68713E-1 6.17943E-1 6.47944E-1 6.51993E-1 6.4815E-1 5.92565E-1 4.76236E-1 5.65112E-1 6.06885E-1 6.18583E-1 6.26107E-1 6.24463E-1 6.27186E-1 6.21617E-1 5.9843E-1 5.83472E-1 5.21406E-1 4.78872E-1 4.86639E-1 5.4941E-1 5.93473E-1 5.83172E-1 5.56804E-1 5.2105E-1 5.24568E-1 5.19791E-1 4.60659E-1 3.89352E-1 4.1909E-1 3.99672E-1 3.62988E-1 3.4429E-1 3.2071E-1 3.22666E-1 3.2551E-1 3.13481E-1 3.33107E-1 3.48489E-1 3.35622E-1
2.14891E-1 2.19823E-1 2.13357E-1 2.13298E-1 2.10528E-1 2.10466E-1 2.13575E-1 2.18547E-1 2.28815E-1 2.30512E-1 2.37411E-1 2.40852E-1 2.44248E-1 2.49267E-1 2.64744E-1 2.82071E-1 3.09117E-1 3.36313E-1 3.52581E-1 3.56745E-1 3.69955E-1 3.77173E-1 3.85699E-1 3.96971E-1 4.10043E-1 4.32011E-1 4.50017E-1 4.73474E-1 5.09496E-1 5.31514E-1 5.91287E-1 6.18204E-1 6.5002E-1 6.38527E-1 6.40376E-1 6.04773E-1 4.88702E-1 5.30262E-1 5.81007E-1 5.99196E-1 6.22177E-1 6.27562E-1 6.19269E-1 6.05388E-1 5.75306E-1 5.60941E-1 5.62365E-1 5.38029E-1 4.91994E-1 4.65955E-1 4.83512E-1 5.47406E-1 5.8175E-1 5.22541E-1 4.83449E-1 4.74341E-1 4.64435E-1 3.99188E-1 3.20589E-1 2.74941E-1 2.96818E-1 3.10471E-1 3.0539E-1 2.78114E-1 2.68848E-1 2.33146E-1 1.83526E-1 2.02143E-1 2.24698E-1 2.36043E-1
2.11711E-1 2.14235E-1 2.1619E-1 2.26644E-1 2.25443E-1 2.27189E-1 2.30579E-1 2.33986E-1 2.42579E-1 2.37411E-1 2.42518E-1 2.4772E-1 2.59783E-1 2.73625E-1 2.87955E-1 3.07828E-1 3.25973E-1 3.51335E-1 3.71502E-1 3.83952E-1 3.98345E-1 4.1357E-1 4.22738E-1 4.38624E-1 4.58006E-1 4.85655E-1 5.08062E-1 5.37287E-1 5.76679E-1 6.02067E-1 6.3946E-1 6.44452E-1 6.14935E-1 5.9411E-1 5.64955E-1 4.9112E-1 3.88721E-1 4.97582E-1 5.83172E-1 6.12799E-1 6.2678E-1 6.27494E-1 6.10672E-1 5.83991E-1 5.41517E-1 5.10584E-1 5.10469E-1 4.92075E-1 4.70807E-1 4.6528E-1 4.72274E-1 5.3646E-1 5.1225E-1 4.8492E-1 4.59045E-1 4.54352E-1 4.25114E-1 3.60776E-1 2.74005E-1 1.73697E-1 1.87292E-1 2.69902E-1 2.93519E-1 2.70961E-1 2.21925E-1 1.46356E-1 8.39025E-2 1.02759E-1 1.38443E-1 1.81881E-1
2.11711E-1 2.19193E-1 2.25664E-1 2.32992E-1 2.36849E-1 2.40602E-1 2.45982E-1 2.49461E-1 2.52955E-1 2.40792E-1 2.49461E-1 2.61746E-1 2.79334E-1 2.93721E-1 3.07828E-1 3.24158E-1 3.48118E-1 3.66132E-1 3.87732E-1 3.99999E-1 4.22091E-1 4.36726E-1 4.54825E-1 4.84167E-1 5.1004E-1 5.39706E-1 5.6203E-1 5.9025E-1 6.15625E-1 6.36717E-1 6.46016E-1 6.54326E-1 1.51339E-1 5.78245E-1 4.85415E-1 4.32644E-1 4.4653E-1 4.62727E-1 5.81765E-1 6.1512E-1 6.19122E-1 5.91853E-1 5.66521E-1 5.32958E-1 5.18647E-1 4.92983E-1 4.52543E-1 4.28312E-1 4.37988E-1 4.76644E-1 4.73921E-1 5.07545E-1 4.44197E-1 3.87661E-1 4.21803E-1 4.26427E-1 4.0306E-1 3.27282E-1 2.47829E-1 1.51484E-1 1.78028E-1 2.66552E-1 3.12178E-1 2.93811E-1 2.13853E-1 1.2586E-1 6.60308E-2 5.93259E-2 7.94487E-2 1.28316E-1
2.18926E-1 2.2328E-1 2.3685E-1 2.44432E-1 2.51969E-1 2.57689E-1 2.64744E-1 2.70408E-1 2.70408E-1 2.6863E-1 2.73971E-1 2.86513E-1 2.97334E-1 3.10013E-1 3.22723E-1 3.3362E-1 3.51969E-1 3.75391E-1 3.96507E-1 4.23783E-1 4.61715E-1 4.76536E-1 4.98148E-1 5.20897E-1 5.50995E-1 5.82701E-1 5.99875E-1 6.21408E-1 6.40922E-1 6.5222E-1 6.56218E-1 6.38131E-1 5.76137E-1 3.54614E-1 4.80962E-1 3.94459E-1 4.47302E-1 4.40315E-1 6.09384E-1 6.41106E-1 6.32426E-1 5.70112E-1 5.19161E-1 4.71843E-1 4.3295E-1 4.30122E-1 4.36349E-1 4.54642E-1 4.8494E-1 5.05652E-1 5.13552E-1 4.9657E-1 4.06007E-1 3.59823E-1 3.82648E-1 4.36608E-1 3.61592E-1 2.79553E-1 2.58432E-1 2.22159E-1 2.4298E-1 2.98523E-1 3.20589E-1 2.95542E-1 2.37716E-1 1.34584E-1 6.24023E-2 5.13311E-2 5.87196E-2 8.87171E-2
