KUENM/Final_Models/M_0.1_F_lq_Set_2_E/sp1_stddev.asc
ncols         197
nrows         210
xllcorner     56.1666666666667
yllcorner     4.5
cellsize      0.166666666666667
NODATA_value  -9999
[rows 56 to 83 of 210, columns 0 to 64 of 197]
-9999 -9999 -9999 -9999 -9999 -9999 -9999 -9999 -9999 -9999 -9999 1.16598E-2 1.19608E-2 1.15292E-2 1.09622E-2 1.12712E-2 1.09622E-2 1.05268E-2 9.07732E-3 7.52839E-3 6.45332E-3 5.77966E-3 3.17282E-3 1.65023E-3 2.62022E-3 3.02215E-3 2.22839E-3 4.16071E-3 6.91091E-3 7.68343E-3 7.59638E-3 7.59638E-3 7.30498E-3 7.13863E-3 6.78149E-3 6.59121E-3 6.81467E-3 7.00774E-3 6.59121E-3 6.48008E-3 6.48008E-3 6.82581E-3 6.00887E-3 5.08378E-3 5.00611E-3 5.17541E-3 5.69828E-3 6.06012E-3 6.18689E-3 7.37081E-3 8.14862E-3 9.08616E-3 1.01E-2 1.10335E-2 1.23953E-2 1.32921E-2 1.48695E-2 1.62575E-2 1.7205E-2 1.70285E-2 1.25643E-2 1.17427E-2 1.02618E-2 5.84265E-3 3.44149E-3
-9999 -9999 -9999 -9999 -9999 -9999 -9999 -9999 -9999 -9999 5.81659E-3 1.01407E-2 1.19608E-2 1.16291E-2 1.13536E-2 1.12984E-2 1.18254E-2 1.10173E-2 1.01826E-2 9.23606E-3 8.26029E-3 6.26821E-3 4.15941E-3 3.04722E-3 2.79806E-3 3.28224E-3 2.15667E-3 2.94214E-3 5.85038E-3 7.69486E-3 8.1121E-3 8.14512E-3 8.05318E-3 7.96202E-3 7.80965E-3 8.01671E-3 8.13208E-3 8.15116E-3 7.92503E-3 7.48906E-3 6.89458E-3 6.15141E-3 5.11189E-3 4.57211E-3 4.5921E-3 4.36307E-3 4.60063E-3 5.07674E-3 6.03637E-3 7.20021E-3 8.14862E-3 8.88724E-3 1.04031E-2 1.14716E-2 1.2364E-2 1.4014E-2 1.5091E-2 1.65158E-2 1.69571E-2 1.50935E-2 1.03855E-2 1.11516E-2 9.63666E-3 7.0238E-3 4.38655E-3
-9999 -9999 -9999 -9999 -9999 -9999 -9999 -9999 -9999 1.45339E-3 4.10903E-3 9.10725E-3 1.1309E-2 1.15601E-2 1.18254E-2 1.18796E-2 1.16902E-2 1.14963E-2 1.05274E-2 9.57404E-3 8.84539E-3 6.49449E-3 2.85678E-3 2.77591E-3 2.28505E-3 2.68965E-3 3.0714E-3 2.4055E-3 3.69203E-3 5.75115E-3 7.82175E-3 8.55351E-3 8.70754E-3 8.73071E-3 8.34111E-3 8.55184E-3 8.65033E-3 8.226E-3 7.80965E-3 6.70281E-3 5.90197E-3 5.29937E-3 4.47669E-3 3.51229E-3 3.79262E-3 3.69889E-3 4.0889E-3 4.67888E-3 5.62848E-3 6.7194E-3 7.3557E-3 8.69064E-3 1.04498E-2 1.19217E-2 1.28401E-2 1.42719E-2 1.56645E-2 1.71446E-2 1.70563E-2 1.52032E-2 1.1734E-2 1.06825E-2 5.44409E-3 5.35278E-3 2.89338E-3
-9999 -9999 -9999 -9999 -9999 -9999 -9999 -9999 1.73031E-3 1.60462E-3 3.55114E-3 5.96558E-3 7.87054E-3 1.02955E-2 1.10562E-2 1.11438E-2 1.13536E-2 1.12984E-2 1.11438E-2 1.02977E-2 1.00609E-2 8.54148E-3 3.38711E-3 1.6921E-3 1.93652E-3 2.16976E-3 2.05065E-3 2.37904E-3 3.18398E-3 2.62683E-3 4.44945E-3 7.56865E-3 8.68052E-3 8.80626E-3 8.26871E-3 8.08275E-3 7.69314E-3 7.69314E-3 6.48008E-3 6.00737E-3 5.3304E-3 4.72359E-3 3.78493E-3 3.02854E-3 3.0722E-3 3.14491E-3 3.60847E-3 3.88758E-3 4.09177E-3 4.50651E-3 5.7674E-3 8.37121E-3 1.09912E-2 1.20407E-2 1.34182E-2 1.47629E-2 1.59063E-2 1.68724E-2 1.70841E-2 1.6357E-2 1.24111E-2 8.38263E-3 4.10716E-3 3.08782E-3 1.65012E-3
-9999 -9999 -9999 -9999 -9999 -9999 -9999 6.88267E-4 1.40862E-3 2.16327E-3 2.95293E-3 3.34228E-3 4.52706E-3 7.69486E-3 9.23606E-3 1.00685E-2 1.05173E-2 1.11438E-2 1.15601E-2 1.13997E-2 1.11087E-2 1.06328E-2 5.20994E-3 2.39481E-3 2.55562E-3 2.32758E-3 1.41521E-3 2.29458E-3 3.25218E-3 3.20568E-3 2.62683E-3 4.03315E-3 7.56865E-3 8.1121E-3 7.2687E-3 6.90544E-3 6.7469E-3 6.7469E-3 5.2657E-3 5.01552E-3 5.07792E-3 4.58078E-3 3.83666E-3 2.69279E-3 2.71903E-3 2.61329E-3 2.81609E-3 2.982E-3 3.41482E-3 4.93084E-3 6.98971E-3 1.00102E-2 1.10468E-2 1.21016E-2 1.35535E-2 1.45618E-2 1.56963E-2 1.64263E-2 1.67857E-2 1.34353E-2 8.50202E-3 4.59123E-3 4.10886E-3 1.88073E-3 1.90198E-3
-9999 -9999 -9999 -9999 -9999 -9999 4.03106E-4 7.73602E-4 6.43851E-4 1.32161E-3 3.36571E-3 4.32442E-3 4.18435E-3 6.52963E-3 7.65488E-3 9.23606E-3 1.02977E-2 1.10866E-2 1.14836E-2 1.16598E-2 1.11228E-2 1.05005E-2 7.87944E-3 4.1269E-3 3.48995E-3 3.22744E-3 2.04999E-3 2.14142E-3 1.96436E-3 3.16116E-3 4.52706E-3 3.05065E-3 5.42254E-3 6.8343E-3 6.44984E-3 5.97399E-3 6.00887E-3 5.20473E-3 3.88557E-3 3.17136E-3 4.49917E-3 5.2657E-3 4.61595E-3 3.80692E-3 4.17615E-3 3.60499E-3 3.85005E-3 4.0301E-3 5.00097E-3 6.39749E-3 8.25643E-3 9.80015E-3 1.09337E-2 1.21016E-2 1.29714E-2 1.4289E-2 1.52665E-2 1.56185E-2 1.42284E-2 9.44258E-3 6.80457E-3 3.10125E-3 2.19258E-3 1.50063E-3 1.4785E-3
-9999 -9999 -9999 -9999 -9999 -9999 8.8356E-4 6.15119E-4 4.12568E-4 1.68067E-3 1.93256E-3 4.08722E-3 5.07674E-3 6.37775E-3 7.74185E-3 8.81039E-3 9.68084E-3 1.08778E-2 1.16598E-2 1.15938E-2 1.09999E-2 1.18806E-2 8.69874E-3 2.99938E-3 4.01649E-3 3.79074E-3 3.07243E-3 2.14077E-3 1.55476E-3 2.76554E-3 5.79397E-3 5.81659E-3 6.06703E-3 6.45332E-3 6.52583E-3 6.30002E-3 6.15304E-3 5.23985E-3 4.87027E-3 3.24827E-3 4.36255E-3 6.90544E-3 6.37266E-3 5.8353E-3 5.60155E-3 5.11042E-3 5.35291E-3 5.72217E-3 6.03637E-3 6.9212E-3 8.16431E-3 9.54472E-3 1.07667E-2 1.19208E-2 1.29081E-2 1.36849E-2 1.29047E-2 1.24811E-2 1.12919E-2 8.50233E-3 3.00492E-3 2.68957E-3 1.47638E-3 6.77718E-4 1.40487E-3
-9999 -9999 -9999 -9999 -9999 4.30318E-3 4.13768E-3 4.19692E-3 3.66901E-3 4.81901E-3 1.35127E-3 1.61861E-3 4.44507E-3 6.49449E-3 8.45892E-3 8.81039E-3 1.01407E-2 1.12524E-2 1.18268E-2 1.15015E-2 1.09414E-2 1.17489E-2 1.09109E-2 5.17643E-3 4.03089E-3 4.32442E-3 3.23561E-3 1.89484E-3 1.72984E-3 3.12969E-3 4.85587E-3 6.70827E-3 8.32299E-3 7.78796E-3 8.26029E-3 8.3313E-3 8.45779E-3 7.96202E-3 7.69314E-3 7.40308E-3 8.226E-3 8.43729E-3 8.26871E-3 7.47426E-3 7.07203E-3 6.67999E-3 6.92241E-3 6.77242E-3 7.01455E-3 7.67821E-3 8.52461E-3 9.5934E-3 9.91216E-3 9.0914E-3 9.61365E-3 1.04097E-2 1.27203E-2 1.29168E-2 9.24526E-3 5.09631E-3 2.56955E-3 2.17405E-3 9.46935E-4 4.83939E-4 2.55897E-3
-9999 -9999 -9999 -9999 1.75876E-3 3.48428E-3 4.30318E-3 4.76139E-3 8.30462E-3 9.1948E-3 3.57249E-3 7.18215E-4 1.76527E-3 4.99772E-3 7.08487E-3 8.88424E-3 1.04788E-2 1.17542E-2 1.19845E-2 1.21406E-2 1.17364E-2 1.18421E-2 1.07933E-2 6.35949E-3 3.95805E-3 4.56869E-3 3.45344E-3 1.97609E-3 1.11581E-3 2.00994E-3 3.24703E-3 4.6998E-3 7.4106E-3 9.06752E-3 9.04393E-3 9.82706E-3 9.94918E-3 9.72834E-3 9.72367E-3 9.80061E-3 1.00025E-2 9.82168E-3 9.84375E-3 9.13335E-3 8.7473E-3 8.54148E-3 8.23097E-3 7.83725E-3 7.33439E-3 7.31589E-3 7.54482E-3 7.05536E-3 6.05088E-3 6.75138E-3 8.8995E-3 1.29066E-2 1.40128E-2 1.33567E-2 7.83852E-3 3.5828E-3 2.98716E-3 2.35098E-3 8.71925E-4 1.83488E-3 2.23839E-3
-9999 -9999 -9999 -9999 1.50298E-3 3.03371E-3 4.53238E-3 5.25965E-3 8.86215E-3 1.24944E-2 8.63328E-3 4.3364E-3 8.73554E-4 3.28609E-3 5.71823E-3 8.06308E-3 1.03845E-2 1.20034E-2 1.22721E-2 1.22616E-2 1.21166E-2 1.17835E-2 1.09244E-2 8.31143E-3 4.50126E-3 5.32879E-3 4.52524E-3 3.50199E-3 1.96088E-3 6.68679E-4 2.50137E-3 4.43828E-3 6.95056E-3 1.01256E-2 1.02274E-2 1.03861E-2 1.11228E-2 1.08622E-2 1.12246E-2 1.09698E-2 1.1234E-2 1.12984E-2 1.09622E-2 1.07567E-2 1.01735E-2 1.00063E-2 8.88424E-3 6.62912E-3 5.44083E-3 5.57095E-3 6.80205E-3 7.64503E-3 8.24941E-3 1.12754E-2 1.40779E-2 1.43528E-2 1.50532E-2 1.20701E-2 6.67458E-3 4.12124E-3 4.33975E-3 1.55763E-3 9.46256E-4 4.68136E-3 4.94853E-3
-9999 -9999 -9999 7.20491E-3 5.7992E-3 4.68136E-3 6.89036E-3 9.17588E-3 1.07826E-2 1.36799E-2 1.21958E-2 9.59973E-3 5.90968E-3 3.28411E-3 4.73072E-3 7.20454E-3 9.84707E-3 1.13012E-2 1.13442E-2 1.13012E-2 1.17043E-2 1.1269E-2 9.80015E-3 1.00611E-2 6.90685E-3 6.07688E-3 5.89409E-3 5.15406E-3 4.06924E-3 4.01331E-3 4.52596E-3 5.55769E-3 3.84952E-3 7.03295E-3 1.04962E-2 1.1498E-2 1.21167E-2 1.20139E-2 1.17466E-2 1.20991E-2 1.22956E-2 1.22376E-2 1.19608E-2 1.16598E-2 1.14856E-2 1.09999E-2 9.47157E-3 7.75528E-3 8.6571E-3 9.4877E-3 1.0427E-2 1.13217E-2 1.28795E-2 1.34557E-2 1.39978E-2 1.48343E-2 1.48376E-2 1.05593E-2 5.36841E-3 5.58535E-3 5.02107E-3 2.59096E-3 7.90674E-3 8.99063E-3 9.12671E-3
-9999 -9999 -9999 9.23536E-3 5.1658E-3 8.67048E-3 1.10712E-2 1.33509E-2 1.39522E-2 1.48493E-2 1.359E-2 1.22159E-2 1.03313E-2 8.5266E-3 8.10838E-3 7.5867E-3 8.7891E-3 9.24917E-3 9.02374E-3 9.36531E-3 1.11591E-2 1.01732E-2 8.01384E-3 9.15235E-3 9.42812E-3 6.49605E-3 5.86516E-3 6.1565E-3 5.89409E-3 5.56234E-3 5.92036E-3 6.48811E-3 3.35498E-3 4.58836E-3 6.89368E-3 9.23333E-3 1.13479E-2 1.28404E-2 1.30114E-2 1.3067E-2 1.29202E-2 1.2866E-2 1.25889E-2 1.2192E-2 1.21167E-2 1.21329E-2 1.21402E-2 1.18623E-2 1.18156E-2 1.19072E-2 1.2157E-2 1.30575E-2 1.31895E-2 1.38611E-2 1.40779E-2 1.43588E-2 1.23953E-2 9.59712E-3 6.48295E-3 6.8233E-3 5.13501E-3 6.40686E-3 9.00797E-3 7.48072E-3 1.22974E-2
-9999 -9999 -9999 9.60135E-3 8.86824E-3 1.27611E-2 1.56822E-2 1.30441E-2 1.19031E-2 1.44266E-2 1.62028E-2 1.52429E-2 1.41346E-2 1.36799E-2 1.32336E-2 1.15641E-2 8.05564E-3 8.30032E-3 8.63792E-3 7.2984E-3 9.77983E-3 9.74072E-3 5.97999E-3 5.30057E-3 9.40187E-3 5.67086E-3 6.0058E-3 6.67655E-3 7.15753E-3 6.87098E-3 6.6991E-3 6.89414E-3 4.93521E-3 2.59867E-3 5.53125E-3 6.34261E-3 9.1896E-3 1.2672E-2 1.32196E-2 1.36651E-2 1.35139E-2 1.31578E-2 1.3161E-2 1.31241E-2 1.27922E-2 1.2668E-2 1.24021E-2 1.2392E-2 1.24793E-2 1.24476E-2 1.28369E-2 1.31895E-2 1.37252E-2 1.34807E-2 1.34885E-2 1.27789E-2 9.25302E-3 8.41483E-3 6.01762E-3 7.36135E-3 7.42584E-3 9.84025E-3 1.26713E-2 1.63997E-2 1.658E-2
-9999 -9999 1.21663E-2 1.44308E-2 1.49093E-2 1.7476E-2 1.84551E-2 1.62789E-2 1.56963E-2 1.67012E-2 1.75126E-2 1.73213E-2 1.71515E-2 1.65095E-2 1.60399E-2 1.55752E-2 1.4095E-2 1.25936E-2 1.27813E-2 1.27188E-2 1.1058E-2 1.04677E-2 8.65116E-3 8.52823E-3 1.21625E-2 8.00974E-3 7.07046E-3 7.91232E-3 7.61609E-3 7.61609E-3 6.64167E-3 6.65376E-3 6.76245E-3 5.39823E-3 5.25515E-3 4.29983E-3 6.63929E-3 9.5934E-3 1.32181E-2 1.42031E-2 1.4446E-2 1.39848E-2 1.4446E-2 1.38514E-2 1.34752E-2 1.29432E-2 1.26677E-2 1.29225E-2 1.33043E-2 1.30045E-2 1.33675E-2 1.359E-2 1.36714E-2 1.33577E-2 1.19293E-2 9.04236E-3 6.96348E-3 8.50233E-3 6.96768E-3 7.36135E-3 8.05801E-3 1.04062E-2 1.42802E-2 9.64071E-3 1.99899E-2
-9999 -9999 1.77663E-2 1.69206E-2 1.79379E-2 2.06232E-2 2.05257E-2 1.82984E-2 1.46922E-2 1.56822E-2 1.85448E-2 1.883E-2 1.85956E-2 1.8163E-2 1.80762E-2 1.81568E-2 1.77149E-2 1.76253E-2 1.72861E-2 1.61875E-2 1.3486E-2 1.40192E-2 1.40835E-2 1.55521E-2 1.67012E-2 1.27789E-2 1.09573E-2 1.02969E-2 9.69738E-3 8.40988E-3 6.27081E-3 7.80656E-3 7.41002E-3 7.61609E-3 7.23655E-3 3.99822E-3 6.48424E-3 8.03614E-3 1.15027E-2 1.36254E-2 1.37832E-2 1.43314E-2 1.44514E-2 1.40333E-2 1.34918E-2 1.36406E-2 1.33473E-2 1.34671E-2 1.34406E-2 1.34072E-2 1.37741E-2 1.30299E-2 1.20407E-2 1.08787E-2 8.39654E-3 6.13401E-3 6.71461E-3 8.11519E-3 8.25636E-3 1.05372E-2 1.27484E-2 1.20834E-2 1.666E-2 2.12236E-2 2.09614E-2
-9999 -9999 2.36983E-2 2.13309E-2 2.50023E-2 2.12572E-2 1.97149E-2 2.09432E-2 1.85942E-2 1.6613E-2 2.01449E-2 2.00762E-2 1.96392E-2 1.97509E-2 1.92761E-2 1.91635E-2 1.92258E-2 1.90342E-2 1.90342E-2 1.95463E-2 1.92646E-2 1.91442E-2 1.941E-2 1.996E-2 2.01186E-2 1.7581E-2 1.59862E-2 1.39366E-2 1.23155E-2 1.01205E-2 7.74352E-3 6.95098E-3 9.53492E-3 9.33551E-3 8.1082E-3 7.91232E-3 6.71515E-3 8.49612E-3 1.06089E-2 1.25894E-2 1.30095E-2 1.31895E-2 1.31379E-2 1.35777E-2 1.36054E-2 1.35777E-2 1.34072E-2 1.31005E-2 1.27002E-2 1.08785E-2 1.0034E-2 1.01E-2 8.00974E-3 6.60793E-3 6.44133E-3 5.96845E-3 7.27107E-3 9.22379E-3 9.81549E-3 9.84089E-3 1.27249E-2 1.00116E-2 1.33997E-2 1.8808E-2 1.65049E-2
-9999 3.14969E-2 3.10764E-2 3.00889E-2 2.92295E-2 2.66685E-2 2.63527E-2 2.07536E-2 2.37679E-2 1.94443E-2 2.16503E-2 2.08369E-2 2.05912E-2 2.03261E-2 2.04306E-2 1.98491E-2 2.00026E-2 2.00026E-2 2.04551E-2 2.04976E-2 2.09028E-2 2.13121E-2 2.17252E-2 2.25024E-2 2.22185E-2 2.19585E-2 1.78222E-2 1.98824E-2 1.74294E-2 1.04411E-2 8.81265E-3 7.18831E-3 9.96921E-3 1.08958E-2 1.02726E-2 8.83985E-3 9.80622E-3 8.21634E-3 8.01923E-3 1.04283E-2 1.09445E-2 1.08318E-2 1.10496E-2 1.17422E-2 1.25302E-2 1.19797E-2 1.12174E-2 1.07127E-2 9.97154E-3 9.22267E-3 7.41002E-3 6.37549E-3 6.63046E-3 7.41262E-3 6.37441E-3 7.42346E-3 7.02739E-3 9.46224E-3 9.29674E-3 1.0555E-2 1.18736E-2 1.09245E-2 9.19019E-3 1.67429E-2 1.91785E-2
-9999 3.29062E-2 3.19946E-2 3.13156E-2 3.02846E-2 2.97841E-2 2.80711E-2 2.61957E-2 2.23871E-2 1.92885E-2 1.82443E-2 1.99365E-2 2.08953E-2 2.13679E-2 2.11054E-2 2.08228E-2 2.07183E-2 2.07953E-2 2.0857E-2 2.12628E-2 2.17252E-2 2.21818E-2 2.26059E-2 2.32489E-2 2.43773E-2 2.43773E-2 2.49355E-2 2.49355E-2 2.22258E-2 1.54453E-2 1.06683E-2 1.04262E-2 8.67938E-3 1.04338E-2 1.1576E-2 1.1791E-2 1.0732E-2 1.15822E-2 9.9794E-3 8.72752E-3 7.77288E-3 7.57064E-3 9.00285E-3 1.17423E-2 1.03179E-2 9.42987E-3 9.56551E-3 8.81623E-3 7.71081E-3 6.90352E-3 7.38148E-3 7.97001E-3 7.74352E-3 7.2814E-3 8.57215E-3 8.43085E-3 7.16121E-3 9.69653E-3 1.15595E-2 1.31549E-2 1.12052E-2 1.12094E-2 1.07138E-2 1.48529E-2 1.88606E-2
-9999 3.45586E-2 3.3398E-2 3.20938E-2 3.15745E-2 3.00889E-2 2.9212E-2 2.79541E-2 2.21712E-2 1.48062E-2 1.53169E-2 1.68837E-2 1.81848E-2 2.00023E-2 2.1068E-2 2.08919E-2 2.13679E-2 2.16177E-2 2.13169E-2 2.18074E-2 2.22185E-2 2.26329E-2 2.29506E-2 2.33669E-2 2.38953E-2 2.49355E-2 2.58933E-2 2.47512E-2 1.95233E-2 1.27611E-2 1.12912E-2 1.05531E-2 1.1418E-2 1.16802E-2 1.18268E-2 1.23693E-2 1.27016E-2 1.27741E-2 1.26905E-2 1.29925E-2 1.28174E-2 1.27904E-2 1.32848E-2 1.30948E-2 1.23441E-2 1.0736E-2 9.2494E-3 8.44858E-3 8.43672E-3 8.52823E-3 8.09241E-3 7.63385E-3 8.26601E-3 9.95214E-3 1.03069E-2 9.35373E-3 1.12912E-2 8.46616E-3 1.42995E-2 1.18344E-2 1.18736E-2 1.33567E-2 1.36975E-2 1.57673E-2 1.82821E-2
-9999 3.55862E-2 -9999 -9999 3.19129E-2 3.13156E-2 3.01543E-2 2.83205E-2 2.13309E-2 1.39818E-2 1.25311E-2 1.41339E-2 1.38039E-2 1.58207E-2 1.67403E-2 1.82788E-2 1.95945E-2 2.06752E-2 2.08834E-2 1.95234E-2 2.03507E-2 2.1068E-2 2.11786E-2 2.11786E-2 2.17246E-2 2.01885E-2 1.84974E-2 1.63701E-2 1.39003E-2 1.14354E-2 1.16916E-2 1.11817E-2 1.08078E-2 1.11817E-2 1.181E-2 1.23301E-2 1.2066E-2 1.23301E-2 1.23412E-2 1.16802E-2 1.1563E-2 1.24811E-2 1.2865E-2 1.31586E-2 1.32848E-2 1.25299E-2 1.13546E-2 1.00743E-2 8.74364E-3 8.6103E-3 8.28084E-3 9.15163E-3 9.60216E-3 9.71508E-3 1.07926E-2 1.25996E-2 9.79645E-3 1.44418E-2 1.31549E-2 1.41448E-2 1.23027E-2 1.49368E-2 1.61906E-2 1.70301E-2 1.85486E-2
-9999 3.56549E-2 -9999 -9999 -9999 3.23907E-2 3.13763E-2 2.89813E-2 2.01464E-2 1.31593E-2 1.50174E-2 1.44744E-2 1.36526E-2 1.42374E-2 1.40616E-2 1.47295E-2 1.67359E-2 1.84362E-2 1.75053E-2 1.53397E-2 1.65889E-2 1.79941E-2 1.76562E-2 1.70357E-2 1.68093E-2 1.44418E-2 1.22215E-2 1.1443E-2 1.19596E-2 1.37066E-2 1.49364E-2 1.47295E-2 1.4575E-2 1.45709E-2 1.51987E-2 1.71144E-2 1.49093E-2 1.28829E-2 1.28707E-2 1.38631E-2 1.39003E-2 1.31985E-2 1.32557E-2 1.325E-2 1.38078E-2 1.30996E-2 1.20699E-2 1.11312E-2 9.96921E-3 9.2589E-3 8.91645E-3 9.48014E-3 1.05466E-2 1.12912E-2 1.08034E-2 1.42347E-2 1.51124E-2 1.81758E-2 1.25392E-2 1.608E-2 1.43918E-2 1.9718E-2 1.56756E-2 1.84135E-2 2.11858E-2
-9999 -9999 -9999 -9999 -9999 3.34226E-2 3.16146E-2 2.87765E-2 2.24385E-2 1.51222E-2 1.68944E-2 1.62681E-2 1.70469E-2 1.68058E-2 1.62597E-2 1.63168E-2 1.62091E-2 1.62575E-2 1.4575E-2 1.44305E-2 1.67359E-2 1.5545E-2 1.34302E-2 1.34394E-2 1.20024E-2 1.17363E-2 1.41368E-2 1.66071E-2 1.47207E-2 1.35731E-2 1.62091E-2 1.45709E-2 1.44253E-2 1.6435E-2 1.76616E-2 1.87072E-2 2.29883E-2 2.21712E-2 2.09746E-2 1.86699E-2 1.66683E-2 1.54824E-2 1.49694E-2 1.46387E-2 1.4148E-2 1.36935E-2 1.26078E-2 1.10712E-2 1.04289E-2 1.0794E-2 1.0794E-2 1.09147E-2 1.20667E-2 1.37913E-2 1.69079E-2 1.82061E-2 1.90821E-2 2.17641E-2 2.05722E-2 2.02902E-2 2.34028E-2 2.96845E-2 2.10198E-2 2.04129E-2 2.37782E-2
-9999 4.15956E-2 4.02546E-2 -9999 -9999 3.31366E-2 3.25056E-2 2.98779E-2 2.10279E-2 1.78966E-2 1.95719E-2 1.93335E-2 1.6409E-2 1.80266E-2 2.01477E-2 1.93921E-2 2.0716E-2 2.05441E-2 1.92315E-2 1.95936E-2 1.97579E-2 1.81127E-2 1.73338E-2 1.78707E-2 1.64595E-2 1.62091E-2 1.62575E-2 1.85745E-2 1.6965E-2 1.72646E-2 2.15408E-2 1.9875E-2 2.1071E-2 2.29164E-2 2.21893E-2 2.36104E-2 2.7305E-2 2.05722E-2 1.95781E-2 2.19338E-2 2.14258E-2 2.10889E-2 2.07936E-2 1.87527E-2 1.77816E-2 1.65517E-2 1.58069E-2 1.46138E-2 1.43419E-2 1.2961E-2 1.14173E-2 1.13049E-2 1.49165E-2 1.83408E-2 1.99227E-2 2.13072E-2 2.35713E-2 2.70366E-2 2.57716E-2 2.24847E-2 3.33983E-2 3.4681E-2 2.33314E-2 2.14631E-2 2.89979E-2
4.2023E-2 4.16342E-2 4.06848E-2 -9999 -9999 3.31366E-2 3.25056E-2 3.05887E-2 2.16089E-2 2.37454E-2 2.20218E-2 2.2345E-2 1.95781E-2 2.16517E-2 2.18548E-2 2.10613E-2 2.2188E-2 2.32022E-2 2.33613E-2 2.28077E-2 2.30046E-2 2.28077E-2 2.0716E-2 2.0716E-2 2.08884E-2 1.96569E-2 2.0524E-2 2.19441E-2 2.10889E-2 2.27439E-2 2.36721E-2 2.62198E-2 2.72991E-2 2.80607E-2 3.00957E-2 3.07485E-2 3.11689E-2 2.81918E-2 2.55302E-2 2.53437E-2 2.61144E-2 2.57746E-2 2.4095E-2 2.33678E-2 2.08012E-2 1.82788E-2 1.73242E-2 1.60936E-2 1.43155E-2 1.31985E-2 1.50277E-2 1.72342E-2 1.75364E-2 1.7568E-2 2.16517E-2 2.33032E-2 2.59164E-2 2.94425E-2 2.75418E-2 2.86976E-2 3.84368E-2 3.96421E-2 3.17824E-2 2.40374E-2 2.78764E-2
3.15066E-2 3.87069E-2 -9999 -9999 -9999 -9999 3.18355E-2 3.04246E-2 2.77206E-2 2.70558E-2 2.6625E-2 2.2345E-2 2.02503E-2 2.11411E-2 2.35184E-2 2.2205E-2 2.35989E-2 2.36602E-2 2.36602E-2 2.29901E-2 2.36602E-2 2.35184E-2 2.33613E-2 2.31898E-2 2.28067E-2 2.29815E-2 2.35888E-2 2.08613E-2 2.24833E-2 2.35747E-2 2.37618E-2 2.64513E-2 2.88591E-2 3.05833E-2 3.2939E-2 3.34096E-2 3.23299E-2 3.19855E-2 3.13291E-2 3.04684E-2 3.06538E-2 3.00293E-2 2.6625E-2 2.48005E-2 2.02537E-2 1.68877E-2 1.72944E-2 1.72944E-2 1.72342E-2 1.80293E-2 1.77816E-2 1.72053E-2 1.77476E-2 2.07936E-2 2.39024E-2 2.55742E-2 2.19409E-2 2.68373E-2 3.02041E-2 3.05376E-2 3.85861E-2 4.13512E-2 3.99929E-2 2.97918E-2 3.18861E-2
2.3151E-2 3.107E-2 -9999 -9999 -9999 -9999 3.04039E-2 2.95429E-2 2.83979E-2 2.70558E-2 2.67875E-2 2.64018E-2 2.58351E-2 2.58933E-2 2.50703E-2 2.44198E-2 2.4716E-2 2.44971E-2 2.38953E-2 2.36818E-2 2.41181E-2 2.3159E-2 2.35184E-2 2.29572E-2 2.31898E-2 2.34003E-2 2.48455E-2 2.46324E-2 2.54453E-2 2.59471E-2 2.63439E-2 2.73902E-2 2.85334E-2 2.93216E-2 3.07147E-2 3.23299E-2 3.1853E-2 3.12516E-2 3.04514E-2 2.93765E-2 3.07074E-2 3.04684E-2 2.79541E-2 2.23872E-2 2.06924E-2 1.81478E-2 1.75053E-2 1.46239E-2 1.55336E-2 1.77476E-2 1.78409E-2 1.97579E-2 2.13072E-2 2.39024E-2 2.58321E-2 2.5079E-2 2.85722E-2 3.1189E-2 3.03227E-2 2.99843E-2 3.96564E-2 4.15983E-2 4.28225E-2 3.93936E-2 3.16207E-2
-9999 3.64797E-2 -9999 -9999 -9999 -9999 2.96567E-2 2.94755E-2 2.83347E-2 2.76249E-2 2.67119E-2 2.59471E-2 2.6226E-2 2.59892E-2 2.53071E-2 2.53071E-2 2.50456E-2 2.46261E-2 2.43841E-2 2.38996E-2 2.33669E-2 2.30398E-2 2.25926E-2 2.29901E-2 2.33134E-2 2.35184E-2 2.31898E-2 2.44198E-2 2.52982E-2 2.52964E-2 2.59951E-2 2.64549E-2 2.71326E-2 2.78439E-2 2.90622E-2 2.96567E-2 2.94605E-2 2.92099E-2 2.91797E-2 2.88279E-2 2.94605E-2 2.80077E-2 2.69234E-2 2.54453E-2 2.39966E-2 2.20245E-2 1.96888E-2 1.82443E-2 2.03727E-2 2.05441E-2 1.97579E-2 2.14082E-2 2.32712E-2 2.54069E-2 2.70056E-2 2.8179E-2 2.7305E-2 2.86952E-2 3.13077E-2 3.4681E-2 3.81594E-2 4.08543E-2 4.33091E-2 4.12855E-2 3.58107E-2
-9999 3.15821E-2 -9999 -9999 -9999 -9999 -9999 -9999 -9999 2.71561E-2 -9999 2.62217E-2 2.64319E-2 2.54976E-2 2.54491E-2 2.54976E-2 2.5067E-2 2.43841E-2 2.43841E-2 2.39535E-2 2.34715E-2 2.32459E-2 2.34144E-2 2.35591E-2 2.30506E-2 2.3683E-2 2.33134E-2 2.3786E-2 2.42791E-2 2.43374E-2 2.50793E-2 2.53071E-2 2.57207E-2 2.59811E-2 2.73781E-2 2.71405E-2 2.75492E-2 2.69395E-2 2.76163E-2 2.80077E-2 2.71405E-2 2.62101E-2 2.55251E-2 2.43773E-2 2.33669E-2 2.18319E-2 2.10396E-2 2.20245E-2 2.29572E-2 2.37679E-2 2.08884E-2 2.16781E-2 2.39024E-2 2.49748E-2 2.35205E-2 2.52198E-2 2.94425E-2 3.09659E-2 3.20698E-2 3.48155E-2 3.71778E-2 3.84368E-2 3.81859E-2 3.87125E-2 3.8534E-2
