KUENM/Final_Models/M_0.1_F_lq_Set_2_E/sp1_1_se_asia.asc
ncols         320
nrows         243
xllcorner     44.0
yllcorner     -0.666666666666667
cellsize      0.166666666666667
NODATA_value  -9999
[rows 93 to 123 of 243, columns 140 to 209 of 320]
2.05328E-1 2.14137E-1 2.24636E-1 2.33342E-1 2.45543E-1 2.59548E-1 2.78102E-1 2.92302E-1 2.96083E-1 3.0064E-1 3.04438E-1 3.08241E-1 3.12048E-1 3.18244E-1 3.25877E-1 3.39405E-1 3.52736E-1 3.75265E-1 4.04452E-1 4.40239E-1 4.81095E-1 4.95462E-1 5.25268E-1 5.54569E-1 5.85833E-1 6.11374E-1 6.22349E-1 6.39693E-1 6.58279E-1 6.70148E-1 6.65398E-1 5.9342E-1 4.05439E-1 4.0068E-1 4.83949E-1 3.31876E-1 2.74439E-1 4.17002E-1 6.1396E-1 6.52947E-1 6.45259E-1 5.62709E-1 5.34914E-1 4.54651E-1 3.83891E-1 3.5878E-1 3.98728E-1 4.33915E-1 4.77798E-1 4.85554E-1 5.00605E-1 4.56729E-1 3.8696E-1 3.54677E-1 3.74687E-1 3.74266E-1 3.08489E-1 2.38247E-1 2.61347E-1 2.81322E-1 2.84777E-1 2.95173E-1 3.0023E-1 2.80874E-1 2.04477E-1 9.52145E-2 4.89469E-2 2.95902E-2 2.76409E-2 3.30528E-2
2.11446E-1 2.24059E-1 2.33231E-1 2.4771E-1 2.6409E-1 2.86137E-1 3.10659E-1 3.32976E-1 3.55015E-1 3.62581E-1 3.60692E-1 3.53957E-1 3.53957E-1 3.54463E-1 3.4876E-1 3.50835E-1 3.64115E-1 3.84628E-1 4.1717E-1 4.55731E-1 4.86056E-1 5.18139E-1 5.48209E-1 5.79335E-1 6.07484E-1 6.34875E-1 6.41586E-1 6.4743E-1 6.63062E-1 6.70608E-1 6.68834E-1 6.34493E-1 5.22867E-1 4.92479E-1 4.85133E-1 3.3877E-1 4.59478E-1 5.95075E-1 6.41898E-1 6.60299E-1 6.63283E-1 6.36655E-1 6.29444E-1 5.2632E-1 3.5878E-1 3.46858E-1 3.95349E-1 4.23546E-1 4.71064E-1 5.10059E-1 4.81347E-1 4.1935E-1 3.90511E-1 3.90989E-1 4.0147E-1 3.88163E-1 2.76689E-1 2.41313E-1 2.79343E-1 3.50085E-1 3.63996E-1 3.30265E-1 2.90126E-1 2.17646E-1 1.40223E-1 5.89118E-2 3.28142E-2 2.2245E-2 2.46155E-2 2.10437E-2
-9999 2.38068E-1 2.50554E-1 2.69298E-1 2.86306E-1 3.14613E-1 3.46677E-1 3.82324E-1 4.13204E-1 4.23422E-1 4.12636E-1 3.98914E-1 3.85953E-1 3.79002E-1 3.75749E-1 3.57626E-1 3.62222E-1 4.03303E-1 4.3902E-1 4.75698E-1 5.17934E-1 5.42925E-1 5.74958E-1 5.99277E-1 6.23883E-1 6.43205E-1 6.54251E-1 6.57882E-1 6.68531E-1 6.6924E-1 6.70148E-1 6.61439E-1 5.94324E-1 4.93313E-1 4.4289E-1 4.32474E-1 4.85554E-1 5.98263E-1 6.6089E-1 6.56584E-1 6.69499E-1 6.67662E-1 6.22503E-1 5.00169E-1 3.69183E-1 3.52974E-1 3.83599E-1 4.17701E-1 4.68093E-1 4.85559E-1 3.9704E-1 3.59084E-1 3.86194E-1 4.05262E-1 3.92785E-1 3.66907E-1 2.80403E-1 2.33518E-1 2.64871E-1 3.56689E-1 3.76874E-1 3.18411E-1 1.86629E-1 8.7702E-2 5.53503E-2 2.91677E-2 1.74609E-2 1.6522E-2 1.78811E-2 2.04352E-2
-9999 -9999 -9999 -9999 3.16344E-1 3.42727E-1 3.74865E-1 -9999 4.64937E-1 4.73945E-1 4.61936E-1 4.39304E-1 4.02588E-1 3.63428E-1 3.29207E-1 3.20152E-1 3.54636E-1 4.06797E-1 4.47706E-1 4.94809E-1 5.34376E-1 5.60772E-1 5.89165E-1 6.10485E-1 6.23478E-1 6.34875E-1 6.42603E-1 6.59143E-1 6.72088E-1 6.72896E-1 6.73667E-1 6.66656E-1 6.29028E-1 5.30547E-1 4.64657E-1 5.08918E-1 5.19418E-1 5.42535E-1 6.34571E-1 6.67386E-1 6.67984E-1 6.32775E-1 5.21912E-1 4.78457E-1 3.53647E-1 3.38283E-1 4.00166E-1 4.49778E-1 4.41086E-1 4.43495E-1 3.99045E-1 3.77757E-1 3.90476E-1 3.81969E-1 3.52644E-1 2.98774E-1 2.50249E-1 2.01145E-1 1.9334E-1 2.96997E-1 3.39577E-1 2.47596E-1 1.11586E-1 4.27713E-2 2.64033E-2 1.54592E-2 1.02368E-2 1.07391E-2 1.18507E-2 1.76152E-2
-9999 -9999 -9999 -9999 -9999 -9999 4.07385E-1 4.49918E-1 4.75752E-1 4.93142E-1 4.99067E-1 4.86313E-1 4.28758E-1 3.34928E-1 2.48809E-1 2.8596E-1 3.62222E-1 4.26827E-1 4.87474E-1 5.34893E-1 5.68201E-1 5.88448E-1 6.02173E-1 6.1621E-1 6.29481E-1 6.3769E-1 6.46119E-1 6.59932E-1 6.71312E-1 6.73845E-1 6.70664E-1 6.61523E-1 6.41449E-1 5.93957E-1 5.34662E-1 5.34662E-1 5.46298E-1 5.80977E-1 6.37918E-1 6.5943E-1 6.48991E-1 5.52663E-1 3.42152E-1 3.45574E-1 2.98807E-1 2.90883E-1 3.99671E-1 4.20294E-1 3.99671E-1 4.03767E-1 3.81166E-1 3.9704E-1 3.66051E-1 3.15982E-1 2.79063E-1 2.53729E-1 2.08627E-1 1.38547E-1 1.33591E-1 2.07294E-1 2.77809E-1 1.55114E-1 5.3974E-2 2.4568E-2 1.43966E-2 8.8529E-3 6.41849E-3 5.92338E-3 8.77416E-3 1.55457E-2
-9999 -9999 -9999 -9999 -9999 -9999 -9999 4.58224E-1 4.88478E-1 5.09122E-1 5.23907E-1 5.2446E-1 4.81883E-1 3.97075E-1 3.41726E-1 3.62581E-1 4.12246E-1 4.74585E-1 5.32055E-1 5.69756E-1 5.88432E-1 5.99162E-1 6.12256E-1 6.24252E-1 6.36388E-1 6.45528E-1 6.55304E-1 6.65066E-1 6.7321E-1 6.69215E-1 6.54329E-1 6.45174E-1 6.45E-1 6.30397E-1 5.8931E-1 5.76747E-1 5.78105E-1 5.79221E-1 5.97095E-1 6.26633E-1 6.33481E-1 5.39985E-1 3.53052E-1 3.27839E-1 2.70298E-1 2.62362E-1 3.20179E-1 3.46594E-1 3.69183E-1 3.81166E-1 3.68398E-1 3.68398E-1 3.07797E-1 2.20987E-1 1.94809E-1 1.9642E-1 1.62453E-1 8.31566E-2 5.74664E-2 8.23799E-2 1.16005E-1 7.17802E-2 3.41975E-2 1.81488E-2 1.19972E-2 7.58977E-3 6.54158E-3 5.1755E-3 7.84223E-3 1.23798E-2
-9999 -9999 -9999 -9999 -9999 -9999 -9999 -9999 4.91536E-1 5.11971E-1 5.34248E-1 5.25735E-1 5.02986E-1 4.77307E-1 4.74415E-1 4.70727E-1 4.79944E-1 5.17366E-1 5.4846E-1 5.74239E-1 5.9263E-1 6.07777E-1 6.23883E-1 6.32323E-1 6.44964E-1 6.5277E-1 6.56361E-1 6.66745E-1 6.72144E-1 6.60282E-1 6.28426E-1 6.12587E-1 6.36768E-1 6.24472E-1 5.77471E-1 5.57003E-1 5.74467E-1 5.66992E-1 5.19313E-1 4.88789E-1 5.39751E-1 4.87554E-1 2.81909E-1 2.6671E-1 3.19217E-1 3.06587E-1 2.9509E-1 3.08899E-1 3.71797E-1 3.80243E-1 3.67223E-1 3.31395E-1 2.4032E-1 1.44996E-1 1.41711E-1 1.55564E-1 1.24833E-1 4.70904E-2 1.1751E-2 2.33238E-2 3.83891E-2 3.53835E-2 2.2245E-2 1.4762E-2 9.24089E-3 1.10395E-2 2.38431E-2 2.10322E-2 1.73445E-2 1.85439E-2
-9999 -9999 -9999 -9999 -9999 -9999 -9999 -9999 -9999 5.13386E-1 5.29036E-1 5.30122E-1 5.24982E-1 5.13021E-1 5.08925E-1 5.02034E-1 5.04816E-1 5.27941E-1 -9999 5.83229E-1 6.10053E-1 6.26277E-1 6.37726E-1 6.44029E-1 6.51972E-1 6.54383E-1 6.44972E-1 6.64808E-1 6.69437E-1 6.52383E-1 6.34212E-1 6.00947E-1 6.03824E-1 5.87204E-1 5.40289E-1 5.08807E-1 5.2076E-1 4.93695E-1 4.22763E-1 4.01397E-1 4.31839E-1 4.09367E-1 3.28693E-1 3.38104E-1 3.47203E-1 3.44913E-1 3.39359E-1 3.38283E-1 3.95357E-1 3.87185E-1 3.18307E-1 2.36834E-1 1.39888E-1 8.59498E-2 1.01559E-1 1.36147E-1 1.29723E-1 6.14832E-2 1.71315E-2 1.34245E-2 1.84234E-2 1.82678E-2 9.39198E-3 9.45086E-3 8.21048E-3 1.10463E-2 2.09022E-2 2.88272E-2 3.50127E-2 3.85346E-2
-9999 -9999 -9999 -9999 -9999 -9999 -9999 -9999 -9999 -9999 -9999 5.32478E-1 5.34238E-1 5.30242E-1 5.26168E-1 5.19307E-1 -9999 -9999 5.68201E-1 5.97865E-1 6.3143E-1 6.47588E-1 6.53924E-1 6.53924E-1 6.55368E-1 6.53767E-1 6.49692E-1 6.67505E-1 6.63588E-1 6.20559E-1 6.25304E-1 6.13852E-1 5.57741E-1 5.27183E-1 5.48067E-1 5.2346E-1 4.96634E-1 4.47584E-1 3.83772E-1 3.95883E-1 4.37779E-1 4.92797E-1 5.03031E-1 4.91277E-1 4.10563E-1 3.43088E-1 3.44842E-1 3.43853E-1 3.96629E-1 3.73487E-1 2.71792E-1 1.82856E-1 1.03536E-1 7.67992E-2 8.406E-2 1.02771E-1 1.1213E-1 7.94663E-2 4.43423E-2 2.67178E-2 1.82678E-2 8.56907E-3 5.23617E-3 6.37965E-3 5.2811E-3 6.26293E-3 1.2349E-2 2.49543E-2 4.34867E-2 5.13144E-2
-9999 -9999 -9999 -9999 -9999 -9999 -9999 -9999 -9999 -9999 -9999 -9999 -9999 -9999 -9999 -9999 -9999 -9999 5.836E-1 6.04482E-1 6.45183E-1 6.60815E-1 6.61842E-1 6.59521E-1 6.55166E-1 6.46271E-1 6.5568E-1 6.70518E-1 6.6165E-1 5.9984E-1 6.19745E-1 5.92098E-1 4.80997E-1 4.2761E-1 5.34143E-1 5.43592E-1 4.8243E-1 3.95441E-1 2.88208E-1 2.96586E-1 4.1037E-1 5.139E-1 5.39135E-1 5.40394E-1 4.29993E-1 3.5198E-1 3.26854E-1 3.18644E-1 3.47185E-1 3.26304E-1 2.34796E-1 1.6471E-1 1.1921E-1 8.21179E-2 8.94646E-2 1.2596E-1 1.66432E-1 1.40509E-1 9.46279E-2 6.9929E-2 4.25012E-2 2.05919E-2 1.29536E-2 6.93757E-3 3.32035E-3 2.67493E-3 6.38616E-3 1.3505E-2 2.2149E-2 2.53937E-2
-9999 -9999 -9999 -9999 -9999 -9999 -9999 -9999 -9999 -9999 -9999 -9999 -9999 -9999 -9999 -9999 -9999 6.16003E-1 6.21874E-1 6.15668E-1 6.5829E-1 6.69799E-1 6.6903E-1 6.65298E-1 6.57455E-1 6.50697E-1 6.60032E-1 6.72026E-1 6.69039E-1 6.54768E-1 6.43699E-1 5.90031E-1 4.72149E-1 4.18665E-1 5.05815E-1 5.02245E-1 4.22779E-1 2.91461E-1 1.7191E-1 1.80782E-1 2.98774E-1 4.04111E-1 4.79732E-1 5.0136E-1 4.56484E-1 3.8554E-1 3.35487E-1 3.05213E-1 2.76873E-1 2.49122E-1 1.89403E-1 1.58528E-1 2.04442E-1 2.12669E-1 1.91748E-1 2.16881E-1 1.82554E-1 1.39266E-1 9.11156E-2 5.84208E-2 3.26722E-2 2.08719E-2 1.14083E-2 7.07069E-3 2.39078E-3 8.89168E-4 5.19918E-4 5.9438E-3 1.36535E-2 3.70343E-3
-9999 -9999 -9999 -9999 -9999 -9999 -9999 -9999 -9999 -9999 -9999 -9999 -9999 -9999 6.1793E-1 6.2468E-1 6.26577E-1 6.32063E-1 6.36167E-1 6.51692E-1 6.71191E-1 6.68949E-1 6.65962E-1 6.64722E-1 6.61492E-1 6.58279E-1 6.61374E-1 6.71895E-1 6.72461E-1 6.69812E-1 6.56289E-1 6.16418E-1 5.30484E-1 4.85094E-1 4.61046E-1 4.24569E-1 3.00796E-1 1.4945E-1 8.68973E-2 1.06543E-1 2.08584E-1 3.71634E-1 4.82044E-1 5.34874E-1 5.57882E-1 5.45076E-1 5.2078E-1 4.51863E-1 3.16595E-1 2.51213E-1 1.82095E-1 3.5848E-1 4.38752E-1 4.14904E-1 3.38878E-1 2.36663E-1 1.67902E-1 1.01493E-1 6.14391E-2 3.13178E-2 1.71307E-2 1.1526E-2 1.40814E-2 2.0504E-2 7.84031E-3 6.3177E-4 1.91535E-7 1.30262E-3 1.25226E-4 3.86559E-4
-9999 -9999 -9999 -9999 -9999 -9999 -9999 -9999 -9999 -9999 5.23033E-1 5.35152E-1 5.57529E-1 6.06698E-1 6.32882E-1 6.45551E-1 6.40611E-1 6.36687E-1 6.4142E-1 6.62744E-1 6.63976E-1 6.58443E-1 6.56243E-1 6.57785E-1 6.63788E-1 6.65605E-1 6.69005E-1 6.7007E-1 6.70673E-1 -9999 6.65039E-1 -9999 5.65366E-1 -9999 2.55425E-1 2.48111E-1 1.90234E-1 9.52047E-2 7.36768E-2 8.31779E-2 1.75768E-1 3.49315E-1 4.94846E-1 5.68748E-1 6.11177E-1 6.15535E-1 6.01004E-1 6.10261E-1 5.71169E-1 5.33199E-1 5.25738E-1 5.3411E-1 5.11236E-1 4.68821E-1 3.83559E-1 2.70329E-1 1.41023E-1 4.47872E-2 2.02928E-2 1.17411E-2 1.06714E-2 1.33228E-2 2.01698E-2 7.29223E-2 3.51463E-2 1.07494E-3 4.46685E-5 3.61924E-6 1.78931E-4 5.67976E-3
-9999 -9999 -9999 -9999 -9999 -9999 -9999 -9999 -9999 -9999 -9999 5.51923E-1 5.71961E-1 6.17783E-1 6.35339E-1 6.31775E-1 6.26271E-1 6.35999E-1 6.46031E-1 6.57176E-1 6.59067E-1 6.57485E-1 6.57703E-1 6.53896E-1 6.59886E-1 6.67477E-1 6.7053E-1 6.67755E-1 6.68055E-1 6.70673E-1 -9999 6.38223E-1 5.74668E-1 4.71634E-1 2.51958E-1 1.75066E-1 1.42446E-1 1.09013E-1 1.13082E-1 1.22101E-1 2.17294E-1 3.4673E-1 5.35934E-1 6.00117E-1 6.4133E-1 6.52181E-1 6.46764E-1 6.41504E-1 6.08057E-1 5.75007E-1 5.5193E-1 5.13276E-1 4.86652E-1 4.52002E-1 3.48246E-1 2.45589E-1 1.03695E-1 1.45636E-2 3.16926E-3 2.96539E-3 6.50161E-3 1.29198E-2 3.50509E-2 5.74521E-2 7.51945E-2 1.35388E-2 5.11992E-3 4.33494E-3 3.75711E-3 2.20043E-2
-9999 -9999 -9999 -9999 -9999 -9999 -9999 -9999 -9999 -9999 -9999 -9999 6.11531E-1 6.395E-1 6.31629E-1 6.3332E-1 6.38412E-1 6.45858E-1 6.50598E-1 6.57785E-1 6.60761E-1 6.60938E-1 6.59639E-1 6.53543E-1 6.59083E-1 6.64177E-1 6.6444E-1 6.65108E-1 6.69009E-1 -9999 -9999 -9999 5.71939E-1 4.99506E-1 3.08708E-1 1.67948E-1 1.11929E-1 1.09013E-1 1.1982E-1 1.37898E-1 2.64735E-1 4.38143E-1 4.20388E-1 4.61346E-1 6.39551E-1 6.4415E-1 6.54188E-1 6.47652E-1 6.22503E-1 6.01692E-1 5.70994E-1 4.8446E-1 4.09367E-1 3.67091E-1 2.95219E-1 1.86947E-1 5.41626E-2 6.00103E-3 1.16245E-3 1.85967E-3 1.04019E-2 4.53267E-2 5.71309E-2 2.84758E-2 1.64758E-2 3.42805E-2 3.78656E-2 5.30093E-2 3.42304E-2 4.70124E-2
-9999 -9999 -9999 -9999 -9999 -9999 -9999 -9999 -9999 -9999 -9999 -9999 -9999 6.46452E-1 6.11475E-1 6.26112E-1 6.2655E-1 6.43199E-1 6.4878E-1 6.53729E-1 6.57408E-1 6.57554E-1 6.52049E-1 6.55337E-1 6.63132E-1 6.63835E-1 6.65888E-1 6.70913E-1 6.73408E-1 -9999 -9999 6.46545E-1 5.82142E-1 4.87976E-1 3.12354E-1 1.1138E-1 3.1311E-2 2.48274E-2 3.75914E-2 7.3346E-2 1.44919E-1 3.66206E-1 5.33775E-1 5.98388E-1 6.01704E-1 6.01704E-1 6.1699E-1 6.01953E-1 5.74249E-1 6.09126E-1 5.62905E-1 4.98377E-1 3.9905E-1 3.51801E-1 3.00879E-1 1.55297E-1 3.14929E-2 3.45242E-3 2.60539E-3 4.11863E-3 1.5454E-2 8.14917E-2 1.42459E-1 1.07382E-1 1.06183E-1 1.20111E-1 1.09316E-1 1.37768E-1 1.45351E-1 1.27155E-1
-9999 -9999 -9999 -9999 -9999 -9999 -9999 -9999 -9999 -9999 -9999 -9999 -9999 -9999 6.35781E-1 6.26577E-1 6.21415E-1 6.01964E-1 5.62816E-1 5.77382E-1 6.37919E-1 6.4628E-1 6.50519E-1 6.59988E-1 6.65655E-1 6.65194E-1 6.68119E-1 6.6944E-1 6.63516E-1 6.67694E-1 -9999 -9999 -9999 4.27263E-1 1.84031E-1 3.59233E-2 7.3273E-3 6.21326E-3 2.12172E-2 1.17433E-1 3.66729E-1 5.76166E-1 6.46273E-1 6.65357E-1 6.58319E-1 6.14022E-1 5.91056E-1 5.40503E-1 4.56206E-1 5.06122E-1 4.24125E-1 3.70903E-1 3.2859E-1 3.40916E-1 2.91676E-1 1.67902E-1 5.73881E-2 1.45636E-2 3.83488E-3 3.57707E-4 2.77227E-4 7.21385E-3 1.06862E-1 2.49063E-1 2.12967E-1 2.33538E-1 2.36245E-1 1.93203E-1 1.72887E-1 1.82554E-1
-9999 -9999 -9999 -9999 -9999 -9999 -9999 -9999 -9999 -9999 -9999 -9999 -9999 -9999 -9999 6.15728E-1 5.96281E-1 5.5734E-1 4.87099E-1 5.41644E-1 6.27408E-1 6.31513E-1 6.35533E-1 6.52214E-1 6.6296E-1 6.6609E-1 6.61987E-1 6.65536E-1 6.59822E-1 -9999 -9999 -9999 4.66302E-1 2.32142E-1 3.28655E-2 2.33074E-3 5.09263E-4 8.90084E-4 1.24375E-2 1.19594E-1 4.38723E-1 6.40229E-1 6.69889E-1 6.72351E-1 6.70896E-1 6.51653E-1 6.27764E-1 5.94235E-1 5.44678E-1 3.93045E-1 2.6418E-1 3.87945E-1 3.76267E-1 4.43062E-1 4.20431E-1 3.26975E-1 1.7191E-1 3.71174E-2 3.87995E-3 8.70336E-5 4.91322E-4 4.59094E-2 2.86196E-1 3.55425E-1 3.96087E-1 3.27336E-1 2.67451E-1 2.18594E-1 1.91869E-1 2.23276E-1
-9999 -9999 -9999 -9999 -9999 -9999 -9999 -9999 -9999 -9999 -9999 -9999 -9999 -9999 -9999 -9999 5.73758E-1 5.36476E-1 5.29154E-1 5.55209E-1 5.82186E-1 5.74752E-1 5.97421E-1 6.22489E-1 6.45482E-1 6.49381E-1 6.52567E-1 6.5114E-1 6.39342E-1 -9999 -9999 -9999 1.58235E-1 1.50219E-2 1.14035E-3 6.57251E-5 1.56561E-5 1.04566E-4 3.69162E-3 7.29336E-2 4.74144E-1 6.37263E-1 6.67592E-1 6.71925E-1 6.73079E-1 6.50878E-1 6.36768E-1 6.06219E-1 5.8558E-1 5.60247E-1 5.62935E-1 5.72321E-1 5.863E-1 5.72716E-1 5.14743E-1 2.77526E-1 1.61253E-1 5.7675E-2 2.46155E-2 8.67684E-2 4.18486E-1 5.30435E-1 5.33298E-1 5.05838E-1 4.34653E-1 3.08624E-1 2.36465E-1 1.91346E-1 1.7135E-1 1.73466E-1
-9999 -9999 -9999 -9999 -9999 -9999 -9999 -9999 -9999 -9999 -9999 -9999 -9999 -9999 -9999 -9999 -9999 5.7656E-1 5.90696E-1 5.9436E-1 5.83128E-1 6.05667E-1 6.0608E-1 6.25087E-1 6.53983E-1 6.65962E-1 6.60791E-1 -9999 -9999 -9999 -9999 -9999 -9999 5.10422E-4 5.10299E-5 3.66152E-6 2.27365E-7 1.98884E-6 4.72753E-4 8.22547E-2 5.05705E-1 6.13947E-1 6.41511E-1 6.64361E-1 6.73434E-1 6.66588E-1 6.5649E-1 6.26832E-1 5.99974E-1 5.98994E-1 6.20559E-1 6.25373E-1 6.43928E-1 6.11157E-1 5.39359E-1 5.67744E-1 5.94673E-1 5.91419E-1 5.95688E-1 6.13469E-1 6.10802E-1 5.90376E-1 5.69371E-1 4.93505E-1 4.04824E-1 2.71339E-1 1.93794E-1 1.43258E-1 1.36776E-1 1.16716E-1
-9999 -9999 -9999 -9999 -9999 -9999 -9999 -9999 -9999 -9999 -9999 -9999 -9999 -9999 -9999 -9999 -9999 -9999 6.32714E-1 6.24903E-1 6.1769E-1 6.35486E-1 6.50575E-1 6.55337E-1 6.62533E-1 -9999 -9999 -9999 -9999 -9999 -9999 -9999 -9999 4.0773E-6 3.83881E-8 6.93324E-9 4.81317E-10 9.7844E-9 4.11844E-5 1.02631E-1 5.34504E-1 6.07617E-1 6.25568E-1 6.57245E-1 6.72628E-1 6.66278E-1 6.49709E-1 6.25258E-1 5.87204E-1 5.59683E-1 5.79553E-1 6.02427E-1 6.34212E-1 6.45992E-1 6.42541E-1 6.48693E-1 6.57538E-1 6.45992E-1 6.38859E-1 6.39489E-1 6.14714E-1 5.85811E-1 5.37411E-1 4.57654E-1 3.87529E-1 2.73957E-1 2.16446E-1 1.86217E-1 1.35216E-1 8.8082E-2
-9999 -9999 -9999 -9999 -9999 -9999 -9999 -9999 -9999 -9999 -9999 -9999 -9999 -9999 -9999 -9999 -9999 -9999 -9999 -9999 5.87584E-1 6.25939E-1 -9999 -9999 -9999 -9999 -9999 -9999 -9999 -9999 -9999 -9999 -9999 -9999 1.32182E-11 1.52399E-13 4.51645E-14 1.44336E-10 2.32326E-5 6.31649E-2 4.43002E-1 5.67634E-1 5.82782E-1 6.3484E-1 6.66174E-1 6.57883E-1 6.23776E-1 5.75193E-1 5.26305E-1 5.26478E-1 5.44124E-1 5.66992E-1 6.10064E-1 6.42101E-1 6.51181E-1 6.5066E-1 6.56999E-1 6.33377E-1 6.14375E-1 6.03641E-1 5.72385E-1 5.46695E-1 5.27693E-1 4.8926E-1 3.66789E-1 2.59875E-1 2.13759E-1 1.90234E-1 1.2173E-1 6.18169E-2
-9999 -9999 -9999 -9999 -9999 -9999 -9999 -9999 -9999 -9999 -9999 -9999 -9999 -9999 -9999 -9999 -9999 -9999 -9999 -9999 -9999 -9999 -9999 -9999 -9999 -9999 -9999 -9999 -9999 -9999 -9999 -9999 -9999 2.44602E-11 4.58626E-14 8.13967E-17 6.16455E-15 2.71624E-9 1.01192E-3 2.00012E-1 5.49326E-1 5.83338E-1 6.11974E-1 6.45348E-1 6.65909E-1 6.48633E-1 6.01446E-1 5.42967E-1 5.08996E-1 5.11284E-1 5.35089E-1 5.55658E-1 5.67573E-1 5.97236E-1 6.38799E-1 6.50607E-1 6.30646E-1 5.93989E-1 5.57741E-1 5.33248E-1 4.88805E-1 4.7867E-1 4.80997E-1 4.55071E-1 3.23835E-1 2.2431E-1 1.83621E-1 1.45857E-1 8.23066E-2 3.49349E-2
-9999 -9999 -9999 -9999 -9999 -9999 -9999 -9999 -9999 -9999 -9999 -9999 -9999 -9999 -9999 -9999 -9999 -9999 -9999 -9999 -9999 -9999 -9999 -9999 -9999 -9999 -9999 -9999 -9999 -9999 -9999 -9999 -9999 6.28266E-12 1.22406E-15 3.9474E-18 1.24651E-14 5.04973E-7 1.5561E-2 2.75415E-1 5.11737E-1 5.73624E-1 6.04403E-1 6.43981E-1 6.62944E-1 6.34144E-1 5.71859E-1 4.95056E-1 4.59492E-1 4.63345E-1 5.09586E-1 5.38971E-1 4.91183E-1 5.06883E-1 5.35316E-1 5.71035E-1 5.727E-1 5.05799E-1 4.57654E-1 4.13216E-1 3.91211E-1 3.93772E-1 3.89387E-1 3.49049E-1 1.96073E-1 1.31207E-1 1.08329E-1 8.97436E-2 5.24695E-2 2.29825E-2
-9999 -9999 -9999 -9999 -9999 -9999 -9999 -9999 -9999 -9999 -9999 -9999 -9999 -9999 -9999 -9999 -9999 -9999 -9999 -9999 -9999 -9999 -9999 -9999 -9999 -9999 -9999 -9999 -9999 -9999 -9999 -9999 1.40631E-8 4.96761E-12 2.64303E-17 3.57952E-20 9.43979E-15 3.35679E-6 9.09049E-2 5.08401E-1 5.57436E-1 5.7261E-1 5.8501E-1 6.15516E-1 6.4535E-1 5.67788E-1 4.89232E-1 4.3656E-1 4.64773E-1 5.20265E-1 5.70799E-1 5.87038E-1 5.64107E-1 5.19508E-1 5.04458E-1 4.59604E-1 4.06238E-1 3.66757E-1 2.72986E-1 2.45556E-1 2.89042E-1 3.31447E-1 3.23189E-1 2.77837E-1 1.71113E-1 1.02913E-1 6.21507E-2 4.30774E-2 3.42818E-2 1.96751E-2
-9999 -9999 -9999 -9999 -9999 -9999 -9999 -9999 -9999 -9999 -9999 -9999 -9999 -9999 -9999 -9999 -9999 -9999 -9999 -9999 -9999 -9999 -9999 -9999 -9999 -9999 -9999 -9999 -9999 -9999 -9999 -9999 1.93172E-10 1.04998E-14 3.6964E-22 1.48897E-23 2.3786E-17 5.2597E-7 1.36312E-1 5.68235E-1 5.96627E-1 5.86204E-1 5.96695E-1 6.11571E-1 6.25143E-1 5.94445E-1 4.9431E-1 4.52355E-1 4.98431E-1 5.48277E-1 5.95442E-1 6.1699E-1 6.17451E-1 5.87416E-1 5.15604E-1 4.80493E-1 4.44584E-1 3.38078E-1 1.65476E-1 1.38196E-1 2.04972E-1 2.64625E-1 2.85215E-1 2.32142E-1 1.64901E-1 1.01523E-1 5.16861E-2 2.8735E-2 2.34581E-2 2.33269E-2
-9999 -9999 -9999 -9999 -9999 -9999 -9999 -9999 -9999 -9999 -9999 -9999 -9999 -9999 -9999 -9999 -9999 -9999 -9999 -9999 -9999 -9999 -9999 -9999 -9999 -9999 -9999 -9999 -9999 -9999 -9999 -9999 1.53094E-11 5.33778E-18 1.38312E-26 1.09532E-31 4.68702E-24 4.92774E-12 1.01174E-2 5.25728E-1 5.81105E-1 5.81285E-1 5.96973E-1 6.23905E-1 6.4628E-1 6.32601E-1 5.59227E-1 5.40004E-1 5.63774E-1 5.94596E-1 6.16378E-1 6.32134E-1 6.28746E-1 5.90381E-1 5.50845E-1 4.98814E-1 4.41531E-1 3.28693E-1 1.90599E-1 1.40642E-1 1.66375E-1 2.83333E-1 2.51083E-1 1.98323E-1 1.47274E-1 9.82085E-2 5.63037E-2 3.3332E-2 2.52574E-2 2.78187E-2
-9999 -9999 -9999 -9999 -9999 -9999 -9999 -9999 -9999 -9999 -9999 -9999 -9999 -9999 -9999 -9999 -9999 -9999 -9999 -9999 -9999 -9999 -9999 -9999 -9999 -9999 -9999 -9999 -9999 -9999 -9999 -9999 1.73977E-14 7.53074E-21 1.83687E-30 3.62141E-33 1.42955E-33 3.51625E-26 6.46627E-7 1.05277E-1 5.48266E-1 5.5433E-1 5.77524E-1 6.22708E-1 6.54599E-1 6.55676E-1 6.38453E-1 6.30692E-1 6.19678E-1 6.19641E-1 6.20632E-1 6.21742E-1 6.20919E-1 5.84163E-1 5.3673E-1 4.87116E-1 4.23828E-1 3.04849E-1 2.06662E-1 1.40229E-1 1.2888E-1 1.44897E-1 1.68029E-1 1.4873E-1 1.07779E-1 8.40957E-2 7.43208E-2 5.59594E-2 4.13238E-2 3.44493E-2
-9999 -9999 -9999 -9999 -9999 -9999 -9999 -9999 -9999 -9999 -9999 -9999 -9999 -9999 -9999 -9999 -9999 -9999 -9999 -9999 -9999 -9999 -9999 -9999 -9999 -9999 -9999 -9999 -9999 -9999 -9999 -9999 2.55826E-14 1.71764E-22 3.41519E-31 1.37306E-35 3.06545E-31 8.49402E-22 1.33285E-7 9.71401E-2 5.73434E-1 5.5433E-1 5.74975E-1 6.12844E-1 6.43981E-1 6.62648E-1 6.65909E-1 6.56532E-1 6.39718E-1 6.25158E-1 6.05592E-1 5.96256E-1 5.85056E-1 5.67744E-1 5.24825E-1 4.61652E-1 3.77971E-1 2.88208E-1 2.00321E-1 1.52378E-1 1.21709E-1 1.01774E-1 8.49078E-2 1.07706E-1 1.16169E-1 1.03105E-1 8.36445E-2 5.90902E-2 2.62612E-2 2.1768E-2
-9999 -9999 -9999 -9999 -9999 -9999 -9999 -9999 -9999 -9999 -9999 -9999 -9999 -9999 -9999 -9999 -9999 -9999 -9999 -9999 -9999 -9999 -9999 -9999 -9999 -9999 -9999 -9999 -9999 -9999 -9999 -9999 -9999 5.81722E-24 7.29191E-30 2.17067E-33 1.12109E-26 2.36562E-17 3.52522E-7 3.10172E-2 4.87006E-1 5.46413E-1 5.62301E-1 6.03142E-1 6.36612E-1 6.46017E-1 6.62862E-1 6.5932E-1 6.43656E-1 6.29297E-1 6.11177E-1 5.92935E-1 5.66557E-1 5.27644E-1 4.89815E-1 4.3641E-1 3.78164E-1 3.37004E-1 2.62773E-1 1.97377E-1 1.38266E-1 1.04357E-1 1.05388E-1 1.1343E-1 1.25544E-1 1.24674E-1 1.08351E-1 6.74202E-2 3.26492E-2 3.0509E-2
-9999 -9999 -9999 -9999 -9999 -9999 -9999 -9999 -9999 -9999 -9999 -9999 -9999 -9999 -9999 -9999 -9999 -9999 -9999 -9999 -9999 -9999 -9999 -9999 -9999 -9999 -9999 -9999 -9999 -9999 -9999 -9999 -9999 4.21953E-25 1.55442E-27 3.3871E-33 1.96159E-28 4.59454E-18 1.05202E-5 2.49509E-1 5.07366E-1 5.38406E-1 5.61274E-1 5.98835E-1 6.15148E-1 6.33139E-1 6.60968E-1 6.52658E-1 6.37894E-1 6.27331E-1 6.08398E-1 5.87888E-1 5.52663E-1 5.10301E-1 4.73756E-1 4.19539E-1 3.85636E-1 4.00972E-1 3.23644E-1 2.52295E-1 1.92872E-1 1.34193E-1 1.24983E-1 1.32525E-1 1.48705E-1 1.6647E-1 1.54438E-1 1.26197E-1 8.79152E-2 8.22867E-2
