KUENM/Final_Models/M_0.1_F_lq_Set_2_E/sp1_se_asia_min.asc
ncols         320
nrows         243
xllcorner     44.0
yllcorner     -0.666666666666667
cellsize      0.166666666666667
NODATA_value  -9999
[rows 62 to 92 of 243, columns 70 to 139 of 320]
5.94663E-5 1.77352E-5 2.62952E-6 1.2277E-7 1.62289E-8 1.23175E-9 5.88328E-13 5.66633E-11 9.10781E-11 1.88952E-13 9.50967E-9 6.31846E-7 8.27605E-6 5.82032E-5 1.24817E-4 1.26114E-3 1.151E-2 1.3499E-2 1.34531E-2 1.3788E-2 1.39161E-2 1.41925E-2 1.44117E-2 1.46981E-2 1.53155E-2 2.41189E-3 4.31788E-5 6.38581E-5 4.20989E-5 4.41073E-6 4.15675E-5 2.03281E-4 2.44174E-4 1.00487E-4 9.61706E-4 1.09649E-2 1.24495E-2 1.07304E-2 9.79917E-3 9.525E-3 9.525E-3 4.9735E-3 4.30293E-3 4.36425E-3 3.02415E-3 1.3359E-3 2.51464E-4 1.90417E-4 1.11011E-4 1.45846E-4 1.53631E-4 1.92256E-4 1.0774E-3 4.80185E-3 1.50349E-2 1.85962E-2 2.20125E-2 2.5239E-2 2.75867E-2 2.98204E-2 3.19557E-2 3.36134E-2 1.54892E-2 1.16175E-3 7.68629E-5 4.93171E-5 1.67192E-6 1.09943E-6 1.29717E-5 2.26479E-4
7.15833E-5 6.08208E-5 1.64314E-5 1.15911E-6 3.17757E-7 2.15063E-7 4.57006E-8 2.98481E-7 1.41754E-7 1.95682E-10 1.49795E-8 5.23509E-9 4.43861E-7 1.01488E-4 5.65483E-4 6.55099E-4 6.95253E-3 1.11186E-2 1.3499E-2 1.39307E-2 1.43563E-2 1.43049E-2 1.49228E-2 1.50399E-2 1.53682E-2 1.04897E-2 6.46583E-4 2.6398E-4 1.82648E-4 2.11124E-5 2.77388E-5 2.03309E-5 1.98085E-4 1.26114E-3 2.11638E-4 3.8463E-3 8.53365E-3 7.41001E-3 6.51379E-3 6.81117E-3 4.48915E-3 1.66289E-3 7.01565E-4 2.80563E-3 4.9735E-3 2.8853E-3 1.14549E-3 1.56341E-3 6.19844E-4 6.05399E-4 6.8946E-4 1.62182E-3 4.11244E-3 9.55881E-3 1.46434E-2 1.83546E-2 2.20125E-2 2.40771E-2 2.68218E-2 2.8597E-2 3.01184E-2 2.34229E-2 2.37396E-3 5.35304E-4 2.11898E-5 4.35714E-6 7.73246E-7 4.89428E-7 6.15817E-5 1.42246E-4
5.83125E-5 9.65365E-5 3.11447E-5 6.46748E-6 1.41362E-6 2.74467E-6 4.4545E-6 1.25959E-5 5.6747E-6 2.00216E-8 2.40654E-9 2.44192E-10 1.14034E-6 3.4123E-6 4.06812E-4 2.34781E-3 6.7627E-3 1.12742E-2 1.38031E-2 1.41841E-2 1.45276E-2 1.49228E-2 1.53884E-2 1.57886E-2 1.66726E-2 1.33972E-2 1.01877E-4 4.8189E-4 3.45241E-4 1.15721E-4 2.46785E-5 6.19515E-6 8.51244E-5 3.69465E-3 3.93065E-3 5.09503E-3 6.85705E-3 7.51411E-3 7.20555E-3 7.00597E-3 4.31506E-3 3.59774E-3 6.62454E-4 2.56284E-3 9.79917E-3 7.84471E-3 5.8472E-3 4.88257E-3 3.22387E-3 3.19706E-3 3.64507E-3 4.09318E-3 5.91317E-3 9.43224E-3 1.37199E-2 1.75026E-2 2.1674E-2 2.35001E-2 2.55994E-2 2.20465E-2 1.70669E-2 9.11473E-3 1.66259E-3 1.8231E-5 1.46161E-5 1.17505E-6 1.88697E-8 4.02611E-7 1.31113E-5 1.55737E-3
1.61789E-5 3.85581E-5 1.5678E-6 1.15523E-5 6.28636E-7 4.69997E-6 3.32365E-6 1.79339E-5 7.25842E-5 7.01103E-5 9.93363E-5 5.62471E-5 4.73549E-4 3.34281E-7 9.55332E-7 5.80221E-4 6.62577E-3 1.32949E-2 1.38031E-2 1.48953E-2 1.5648E-2 1.55562E-2 1.61938E-2 1.67814E-2 1.7121E-2 1.71074E-2 1.43899E-3 4.01626E-4 5.65483E-4 1.34625E-4 1.21601E-5 8.75873E-6 1.449E-4 1.46001E-3 5.99825E-3 1.26825E-2 1.10249E-2 1.31093E-2 1.26631E-2 1.26537E-2 1.18116E-2 1.12065E-2 1.08249E-2 1.15598E-2 1.17391E-2 1.22209E-2 1.14058E-2 9.5007E-3 7.72606E-3 7.44722E-3 6.65876E-3 6.93546E-3 8.41359E-3 1.07461E-2 1.42605E-2 1.38902E-2 8.91762E-3 9.50664E-3 1.09526E-2 2.09868E-2 2.07101E-2 3.21661E-3 1.6367E-4 9.62133E-6 5.63688E-6 1.31649E-7 2.34951E-9 4.35914E-6 3.36676E-3 1.79534E-2
5.56817E-5 7.25559E-5 1.20915E-4 6.02573E-5 6.94015E-8 2.56816E-6 3.4674E-6 4.20497E-7 1.83367E-5 7.25842E-5 1.71385E-4 8.03877E-3 1.26664E-2 5.49373E-5 6.90289E-9 1.58213E-6 1.09147E-3 7.65335E-3 1.45022E-2 1.56797E-2 1.67562E-2 1.62046E-2 1.72502E-2 1.74842E-2 1.81477E-2 1.78503E-2 3.61361E-3 2.96221E-4 5.95282E-4 1.58373E-4 1.26177E-5 9.20274E-7 1.44744E-5 1.65965E-4 1.20958E-3 8.7445E-3 1.47218E-2 1.40338E-2 1.38587E-2 1.38083E-2 1.33357E-2 1.24768E-2 1.21161E-2 1.22537E-2 1.24075E-2 1.32806E-2 1.32671E-2 1.33281E-2 1.37905E-2 1.2509E-2 1.00684E-2 7.97168E-3 6.95025E-3 6.85721E-3 4.56969E-3 1.54687E-3 2.18396E-3 7.02203E-3 2.43084E-2 2.69605E-2 2.2338E-2 1.2912E-3 3.45332E-5 1.6024E-5 6.03561E-6 6.43608E-8 1.42016E-6 2.23912E-6 5.14565E-4 4.14097E-2
7.63956E-4 1.28837E-3 1.55667E-3 5.02513E-4 2.33824E-4 3.73009E-4 3.77288E-5 1.21773E-7 6.60758E-6 7.59914E-5 2.31222E-4 8.2328E-3 2.09089E-2 1.00795E-2 1.57634E-4 1.98234E-8 4.05006E-5 1.99822E-3 1.00487E-2 1.65984E-2 1.77104E-2 1.75455E-2 1.83173E-2 1.83898E-2 1.88718E-2 1.88044E-2 9.23698E-3 4.44708E-4 1.06739E-3 4.90871E-4 1.60381E-4 9.77835E-6 6.00709E-8 3.57326E-5 7.55724E-4 6.24575E-3 1.6306E-2 1.54538E-2 1.5107E-2 1.50399E-2 1.41955E-2 1.38119E-2 1.3334E-2 1.33501E-2 1.37025E-2 1.4108E-2 1.42773E-2 1.42956E-2 1.49345E-2 1.45022E-2 5.91763E-3 2.04579E-3 1.94672E-3 4.39342E-3 5.93948E-3 7.20664E-3 1.90875E-2 2.49E-2 2.5624E-2 2.7512E-2 1.57064E-2 5.79875E-4 5.55466E-5 5.8136E-5 6.89689E-7 5.86504E-8 4.36862E-5 4.06934E-5 2.77026E-3 5.1637E-2
2.3184E-3 2.79237E-3 5.13222E-3 9.32283E-3 7.9148E-3 3.22859E-3 3.77256E-4 1.32361E-4 4.36862E-5 6.57423E-4 6.05309E-3 1.54083E-2 2.2676E-2 2.0541E-2 1.33541E-2 1.08098E-3 2.51643E-5 3.48568E-4 5.56233E-3 1.60787E-2 1.87317E-2 1.85108E-2 1.87317E-2 1.93588E-2 1.96559E-2 1.46434E-2 1.56057E-2 3.45604E-3 1.82172E-3 1.508E-3 8.707E-4 3.03818E-4 3E-4 6.45658E-4 1.80153E-3 2.88785E-4 6.33016E-3 1.68611E-2 1.65487E-2 1.6485E-2 1.53373E-2 1.48132E-2 1.4706E-2 1.48301E-2 1.49652E-2 1.49565E-2 1.49228E-2 1.54813E-2 1.57886E-2 1.5646E-2 9.23265E-3 1.21656E-2 1.49293E-2 1.79103E-2 1.94462E-2 2.18517E-2 2.28967E-2 2.42659E-2 2.6449E-2 2.83698E-2 8.47044E-3 1.71441E-4 1.59414E-4 8.31893E-5 4.40662E-6 2.99894E-4 4.6048E-4 3.79017E-4 7.19124E-3 5.59759E-2
1.42908E-2 1.24227E-2 1.18565E-2 1.2577E-2 6.08421E-3 6.92074E-3 1.14309E-3 4.76358E-5 1.41892E-3 1.05917E-2 2.50116E-2 2.54447E-2 2.51644E-2 2.32327E-2 2.1319E-2 1.56386E-2 8.69507E-3 6.33795E-3 4.94015E-3 9.86589E-3 1.23117E-2 1.06239E-2 1.15733E-2 1.98326E-2 1.48462E-2 6.25651E-3 9.89239E-3 1.11927E-2 2.10247E-3 1.27276E-3 1.84515E-3 1.508E-3 1.20972E-3 1.77559E-3 3.239E-3 1.12645E-4 6.54009E-4 5.58955E-3 1.48307E-2 1.69645E-2 1.70085E-2 1.61776E-2 1.60272E-2 1.57515E-2 1.58998E-2 1.5902E-2 1.5993E-2 1.6485E-2 1.68679E-2 1.76316E-2 1.77817E-2 1.85113E-2 1.91764E-2 1.97578E-2 2.19133E-2 2.22371E-2 2.39173E-2 2.49E-2 2.6552E-2 1.76231E-2 4.19451E-3 3.79842E-4 3.9779E-4 7.5685E-5 1.44596E-4 4.15895E-4 1.48397E-4 1.01257E-3 5.45893E-3 5.33791E-2
3.73312E-2 9.5409E-3 3.36676E-3 8.72037E-3 5.92604E-3 2.76065E-3 9.80464E-4 8.2807E-4 1.45852E-2 3.08305E-2 2.09693E-2 1.67655E-2 2.62755E-2 2.62418E-2 2.48402E-2 2.33987E-2 2.2676E-2 2.19691E-2 2.07505E-2 5.26785E-3 6.5035E-3 7.58923E-3 2.54732E-3 1.21912E-2 1.16359E-2 7.64753E-4 3.5009E-4 9.26726E-3 7.27987E-4 1.19624E-3 2.33194E-3 3.34711E-3 2.78429E-3 2.714E-3 3.22085E-3 5.83667E-4 2.60284E-5 1.5356E-3 3.37942E-3 1.35198E-2 1.84578E-2 1.74688E-2 1.7173E-2 1.688E-2 1.64596E-2 1.70367E-2 1.75998E-2 1.79511E-2 1.80539E-2 1.82371E-2 1.86275E-2 1.97269E-2 2.0102E-2 2.10178E-2 2.22371E-2 2.35729E-2 2.3769E-2 2.46327E-2 2.17709E-2 3.75316E-3 1.79513E-3 2.11267E-4 4.25983E-4 3.15011E-4 6.12779E-4 1.14791E-3 2.82172E-3 2.85096E-3 2.01166E-2 3.56342E-2
2.32789E-2 7.64481E-3 2.8652E-3 1.23722E-4 4.38747E-4 3.29186E-3 1.51153E-2 2.12167E-2 3.51553E-2 3.44093E-2 3.15188E-2 2.98204E-2 2.95138E-2 2.79475E-2 2.68895E-2 2.64599E-2 2.53754E-2 2.47202E-2 2.46009E-2 2.36928E-2 2.30649E-2 2.31647E-2 2.33983E-2 1.6467E-2 1.21247E-2 5.68489E-3 4.9213E-3 2.04351E-2 4.02723E-3 1.79805E-3 3.97681E-3 3.56674E-3 3.56674E-3 1.8356E-3 1.99115E-3 2.36174E-3 7.61505E-4 7.42628E-4 3.195E-4 3.09862E-3 1.42605E-2 1.97381E-2 1.9193E-2 1.9362E-2 1.84022E-2 1.9362E-2 1.91569E-2 1.90893E-2 1.90887E-2 1.88606E-2 1.99142E-2 2.13545E-2 2.10639E-2 2.22942E-2 2.32327E-2 2.38463E-2 2.42829E-2 1.87292E-2 4.56139E-3 8.02374E-4 1.66259E-3 4.48435E-4 4.25983E-4 4.17236E-4 7.12931E-4 1.41206E-3 2.59226E-4 7.4355E-3 5.45647E-3 3.36485E-2
3.42618E-2 1.18028E-2 1.58251E-2 3.6507E-2 3.27331E-2 3.23592E-2 2.81798E-2 3.80923E-2 4.10358E-2 3.86279E-2 3.51758E-2 2.52521E-2 3.08305E-2 3.14056E-2 2.96492E-2 2.84998E-2 2.69367E-2 2.62747E-2 2.60354E-2 2.54338E-2 2.56582E-2 2.62744E-2 2.6797E-2 2.54846E-2 2.60747E-2 2.67068E-2 2.83922E-2 2.95138E-2 2.17709E-2 1.33878E-2 1.08156E-2 9.11764E-3 4.2343E-3 9.58328E-4 3.6579E-3 3.00437E-3 3.56674E-3 3.15384E-3 1.46581E-4 1.94145E-3 6.63318E-3 2.02416E-2 2.119E-2 2.06446E-2 2.06254E-2 2.04873E-2 1.99474E-2 1.95293E-2 2.03041E-2 2.05004E-2 2.12768E-2 2.1708E-2 2.2019E-2 2.32943E-2 2.30112E-2 2.13246E-2 1.38569E-2 3.66616E-3 4.87079E-4 6.42057E-4 1.21895E-3 1.03074E-3 2.63664E-3 3.44301E-3 1.60911E-3 3.42833E-3 8.56125E-3 9.16362E-3 1.73982E-2 2.83694E-2
5.00329E-2 5.34346E-2 5.05642E-2 5.23018E-2 5.00152E-2 5.07156E-2 4.91491E-2 4.75788E-2 4.47258E-2 4.10422E-2 3.92211E-2 3.73905E-2 3.42202E-2 3.3856E-2 3.23495E-2 3.06132E-2 3.03574E-2 2.86834E-2 2.79625E-2 2.76885E-2 2.72447E-2 2.72447E-2 2.88753E-2 2.96565E-2 2.98955E-2 3.18072E-2 3.33338E-2 3.31032E-2 3.24779E-2 3.06599E-2 2.57837E-2 1.8167E-2 9.06446E-3 2.13026E-3 1.49691E-3 7.57454E-3 7.83591E-3 4.07819E-3 3.97681E-3 1.71081E-3 6.67266E-3 1.56392E-2 2.22708E-2 2.2174E-2 2.22371E-2 2.13782E-2 2.20629E-2 2.16297E-2 2.20629E-2 2.2019E-2 2.1648E-2 2.17843E-2 1.77328E-2 1.30879E-2 1.26724E-2 4.02723E-3 1.0064E-3 7.46726E-4 3.89825E-4 9.16531E-4 2.52224E-3 2.90693E-3 1.74681E-3 5.5644E-3 1.12074E-3 2.33332E-3 9.60478E-3 3.71158E-3 4.61057E-3 1.22845E-2
5.11062E-2 5.48776E-2 4.89187E-2 5.71646E-2 5.76855E-2 5.41285E-2 4.99812E-2 4.94446E-2 5.14988E-2 4.79272E-2 4.30038E-2 4.23104E-2 3.73497E-2 3.82839E-2 3.4432E-2 3.31187E-2 3.18319E-2 3.15557E-2 3.00906E-2 2.95255E-2 2.95255E-2 3.01767E-2 2.98615E-2 3.08285E-2 3.18216E-2 3.28415E-2 3.53194E-2 3.51142E-2 3.69122E-2 3.37594E-2 3.6133E-2 3.31974E-2 8.36678E-3 3.57472E-3 1.30049E-3 7.49202E-3 1.21273E-2 1.02558E-2 5.10951E-3 9.2336E-3 4.42729E-3 4.31704E-3 1.31693E-2 1.62567E-2 1.60487E-2 1.75554E-2 2.11729E-2 2.25061E-2 2.14579E-2 1.94726E-2 1.68842E-2 1.34944E-2 9.52169E-3 3.00437E-3 1.06385E-3 1.10376E-3 1.5914E-3 6.12203E-4 1.12185E-3 6.07775E-4 2.80551E-3 1.97302E-3 3.1187E-3 5.19226E-3 2.72922E-3 7.0349E-4 1.14219E-2 1.84643E-2 1.63375E-2 3.30484E-2
5.28394E-2 5.71127E-2 5.9809E-2 6.13275E-2 5.78957E-2 5.41105E-2 5.11916E-2 4.84969E-2 5.27722E-2 5.09432E-2 4.83178E-2 4.36689E-2 4.03444E-2 3.75974E-2 3.75204E-2 3.67625E-2 3.52445E-2 3.3891E-2 3.25653E-2 3.17662E-2 3.14642E-2 3.11515E-2 3.21527E-2 3.28415E-2 3.35301E-2 3.45962E-2 3.62482E-2 3.87303E-2 3.87303E-2 4.13935E-2 4.13935E-2 3.99358E-2 3.10817E-2 7.10359E-3 6.93288E-3 2.58003E-3 7.87095E-3 1.17558E-2 1.4612E-2 1.07819E-2 1.49437E-2 7.96254E-3 4.7132E-3 2.7111E-3 2.44441E-3 7.11171E-3 2.01024E-2 1.30019E-2 9.76959E-3 1.04161E-2 7.35343E-3 3.61208E-3 1.90588E-3 2.38441E-3 2.77902E-3 2.13026E-3 1.31634E-3 2.54906E-3 1.95828E-3 6.81031E-4 2.8728E-3 7.23309E-3 1.14455E-2 4.54129E-3 3.58634E-3 1.8917E-3 7.55995E-3 2.56562E-2 2.07355E-2 5.71646E-2
5.38232E-2 5.63013E-2 -9999 -9999 -9999 -9999 -9999 5.18834E-2 4.99812E-2 5.47534E-2 5.14129E-2 4.62004E-2 1.22414E-2 1.80513E-2 3.32628E-2 3.67525E-2 3.70808E-2 3.77719E-2 3.60137E-2 3.52445E-2 3.46656E-2 3.33005E-2 3.4037E-2 3.51142E-2 3.62196E-2 3.76968E-2 3.88679E-2 3.97099E-2 4.13935E-2 4.35227E-2 4.2187E-2 3.82695E-2 1.45852E-2 8.04863E-3 5.34183E-3 9.2259E-3 1.06391E-2 1.20469E-2 1.40637E-2 1.67042E-2 1.82896E-2 1.8858E-2 2.01489E-2 1.9093E-2 2.04535E-2 2.422E-2 2.43865E-2 2.14333E-2 1.47705E-2 8.19487E-3 5.54293E-3 5.19424E-3 4.9213E-3 3.53202E-3 1.93581E-3 2.66435E-3 6.18221E-3 6.84879E-3 3.00658E-3 8.04863E-3 1.0549E-3 1.84017E-2 6.92074E-3 5.19226E-3 9.00642E-3 8.05015E-3 1.31061E-2 2.09782E-2 3.8049E-2 5.73253E-2
-9999 -9999 6.34645E-2 -9999 -9999 -9999 -9999 -9999 5.11916E-2 5.17539E-2 5.4599E-2 4.91491E-2 4.4458E-3 2.39605E-3 8.92228E-3 9.32416E-3 2.77964E-2 3.4653E-2 3.63971E-2 3.65099E-2 3.72268E-2 3.72555E-2 3.6934E-2 3.81065E-2 3.77719E-2 3.92766E-2 3.92766E-2 4.09048E-2 4.03773E-2 3.77512E-2 3.27843E-2 1.86297E-2 6.67917E-3 7.3196E-3 6.08565E-3 5.08968E-3 6.08565E-3 8.44415E-3 1.06579E-2 9.79846E-3 1.06579E-2 1.26468E-2 1.06391E-2 1.11245E-2 1.70669E-2 1.99006E-2 2.26061E-2 2.422E-2 2.12283E-2 1.64252E-2 1.05458E-2 5.39409E-3 4.04216E-3 3.11582E-3 4.61788E-3 5.20235E-3 4.90905E-3 6.73132E-3 1.22557E-2 2.45906E-3 1.86212E-2 1.14455E-2 1.39612E-2 4.98272E-3 1.31606E-2 1.52998E-2 1.6183E-2 2.38515E-2 4.46448E-2 6.37543E-2
5.36874E-2 6.07582E-2 -9999 -9999 -9999 -9999 -9999 -9999 5.63883E-2 5.95863E-2 5.69795E-2 4.23488E-2 1.91123E-3 7.64481E-3 8.52179E-3 5.10582E-3 1.0304E-2 1.08581E-2 1.90664E-2 3.28715E-2 3.68911E-2 3.70794E-2 2.5793E-2 3.2484E-2 3.7434E-2 3.75743E-2 3.5489E-2 3.39787E-2 1.86212E-2 8.20132E-3 6.23177E-3 7.49512E-3 1.50484E-2 2.21976E-2 1.90664E-2 1.79269E-2 1.70287E-2 2.17237E-2 3.28921E-2 2.12167E-2 1.05232E-2 1.18547E-2 1.68961E-2 1.86297E-2 1.67196E-2 1.83699E-2 2.0653E-2 2.4056E-2 2.17893E-2 1.7718E-2 1.24339E-2 7.49202E-3 4.35177E-3 3.35315E-3 3.84508E-3 6.57052E-3 8.04863E-3 5.47103E-3 2.09105E-2 2.3465E-2 3.97276E-2 6.84486E-3 2.22312E-2 1.04228E-2 3.85222E-2 1.1413E-2 2.2386E-2 3.77E-2 4.99111E-2 6.71351E-2
-9999 -9999 -9999 -9999 -9999 -9999 -9999 -9999 -9999 6.04305E-2 5.85874E-2 5.25845E-2 5.20809E-3 2.02419E-2 1.83359E-2 2.73189E-2 2.90196E-2 2.46727E-2 2.68986E-2 2.76928E-2 2.88014E-2 1.79269E-2 1.77168E-2 3.28715E-2 2.43136E-2 1.24298E-2 1.17182E-2 5.65773E-3 5.13222E-3 1.64377E-2 3.06221E-2 1.81389E-2 1.2577E-2 2.76928E-2 1.70287E-2 1.59621E-2 2.60836E-2 3.32284E-2 4.03732E-2 4.81716E-2 4.62004E-2 4.45664E-2 4.03318E-2 3.17514E-2 2.61022E-2 2.587E-2 2.42903E-2 2.40518E-2 2.23053E-2 1.72787E-2 1.05917E-2 7.39285E-3 8.16535E-3 8.16535E-3 7.762E-3 1.10325E-2 1.92824E-2 3.51526E-2 3.87721E-2 4.10591E-2 4.65023E-2 4.70794E-2 4.5249E-2 5.55206E-2 6.61517E-2 4.04864E-2 2.97448E-2 5.69149E-2 6.76597E-2 7.11499E-2
-9999 -9999 -9999 -9999 -9999 -9999 -9999 -9999 5.61902E-2 5.79476E-2 6.08568E-2 4.63176E-2 2.16527E-2 4.18765E-2 4.22727E-2 1.9564E-2 3.52694E-2 4.17414E-2 3.99707E-2 4.0596E-2 4.00555E-2 3.94435E-2 3.9192E-2 3.97192E-2 3.90909E-2 3.63408E-2 3.88054E-2 3.02632E-2 2.76928E-2 2.88014E-2 4.06564E-2 3.25084E-2 3.32794E-2 4.48737E-2 4.38167E-2 4.65539E-2 4.97607E-2 4.98304E-2 5.23563E-2 5.69591E-2 4.70794E-2 4.4089E-2 4.71068E-2 4.53119E-2 4.41458E-2 4.15857E-2 3.78954E-2 3.61162E-2 3.34649E-2 3.22568E-2 2.58941E-2 2.52692E-2 1.71175E-2 8.67602E-3 6.60019E-3 2.48827E-2 3.72491E-2 4.02521E-2 4.32707E-2 4.84121E-2 5.42156E-2 5.6432E-2 5.36372E-2 7.2374E-2 7.87581E-2 5.20858E-2 2.83694E-2 7.6158E-2 7.58714E-2 7.47148E-2
-9999 -9999 -9999 -9999 -9999 -9999 -9999 -9999 -9999 5.79476E-2 5.96188E-2 5.17646E-2 5.18687E-2 4.92019E-2 4.68048E-2 4.4089E-2 4.44242E-2 4.34927E-2 4.16946E-2 4.0994E-2 4.21759E-2 4.10582E-2 4.1021E-2 4.16075E-2 4.1021E-2 4.0596E-2 4.0596E-2 4.11423E-2 4.01166E-2 4.14658E-2 4.30115E-2 4.41458E-2 4.6449E-2 4.78855E-2 5.14785E-2 5.35505E-2 5.77961E-2 6.16309E-2 6.39989E-2 6.39464E-2 5.92265E-2 5.44623E-2 5.37744E-2 5.27507E-2 5.07825E-2 4.68567E-2 4.38823E-2 4.01466E-2 3.63971E-2 3.46828E-2 3.31429E-2 2.27725E-2 1.67196E-2 2.68546E-2 3.50069E-2 3.59619E-2 3.78765E-2 4.44242E-2 4.6649E-2 5.20736E-2 5.9331E-2 6.11031E-2 6.72283E-2 7.9657E-2 9.20552E-2 8.21169E-2 4.04113E-2 7.82296E-2 8.23519E-2 8.33008E-2
-9999 -9999 -9999 -9999 -9999 -9999 -9999 -9999 -9999 5.65107E-2 5.63013E-2 5.49536E-2 5.12134E-2 4.97487E-2 4.68048E-2 4.58968E-2 4.51493E-2 4.50314E-2 4.30917E-2 4.33315E-2 4.04133E-2 4.04133E-2 4.074E-2 4.04133E-2 4.07433E-2 4.10582E-2 4.13577E-2 4.16002E-2 4.27195E-2 4.39065E-2 4.25779E-2 4.47552E-2 4.67306E-2 4.73479E-2 5.14955E-2 5.27006E-2 5.76869E-2 6.63308E-2 6.81732E-2 6.3019E-2 5.86601E-2 5.49135E-2 5.1879E-2 5.32776E-2 5.29293E-2 4.97487E-2 4.69524E-2 4.13352E-2 3.50691E-2 3.57987E-2 3.57987E-2 3.50069E-2 3.62612E-2 3.61162E-2 3.61056E-2 3.72614E-2 4.15857E-2 4.62418E-2 5.01241E-2 5.06481E-2 5.94705E-2 6.70592E-2 7.25927E-2 8.83233E-2 8.74665E-2 9.9184E-2 8.50305E-2 9.05526E-2 9.05945E-2 8.8288E-2
-9999 -9999 -9999 -9999 -9999 -9999 -9999 -9999 -9999 -9999 5.1415E-2 5.11957E-2 5.12134E-2 4.93503E-2 4.43821E-2 4.54593E-2 4.35227E-2 4.24317E-2 4.1927E-2 4.07714E-2 4.01571E-2 3.97099E-2 3.73855E-2 3.85522E-2 4.04435E-2 4.07433E-2 3.98364E-2 4.13577E-2 4.27505E-2 4.32045E-2 4.25619E-2 4.22335E-2 4.30714E-2 4.48437E-2 4.60908E-2 5.01607E-2 5.42405E-2 5.90741E-2 6.3019E-2 6.1284E-2 5.68702E-2 4.99208E-2 4.44417E-2 5.06007E-2 5.1879E-2 5.14129E-2 4.52478E-2 4.20189E-2 3.79355E-2 3.70794E-2 2.07192E-2 2.7142E-2 3.72614E-2 3.6938E-2 3.97192E-2 4.32707E-2 4.62418E-2 4.95106E-2 5.18525E-2 5.63687E-2 6.47871E-2 7.01748E-2 7.30949E-2 8.81366E-2 8.85068E-2 9.86021E-2 1.02525E-1 9.27259E-2 9.68373E-2 9.56554E-2
-9999 -9999 -9999 -9999 -9999 -9999 -9999 -9999 -9999 -9999 -9999 4.77804E-2 4.67797E-2 4.82225E-2 4.30714E-2 4.27684E-2 4.16368E-2 4.02535E-2 4.02535E-2 4.05445E-2 3.84481E-2 3.74098E-2 3.79651E-2 3.88679E-2 3.86121E-2 3.95273E-2 4.074E-2 4.01319E-2 4.07433E-2 4.13577E-2 4.1927E-2 4.07153E-2 3.97796E-2 4.21279E-2 4.2914E-2 4.59167E-2 5.02072E-2 5.05202E-2 5.02652E-2 4.89293E-2 4.82133E-2 4.66297E-2 4.66796E-2 4.89293E-2 4.59209E-2 4.4223E-2 4.22335E-2 4.06805E-2 3.99213E-2 3.87879E-2 3.75974E-2 3.95209E-2 4.00555E-2 3.97192E-2 4.28171E-2 4.49802E-2 4.88516E-2 5.00744E-2 5.21623E-2 5.69591E-2 6.21932E-2 6.80662E-2 7.87581E-2 8.24417E-2 8.5412E-2 9.84618E-2 1.02329E-1 9.90335E-2 9.64077E-2 9.87621E-2
-9999 -9999 -9999 -9999 -9999 -9999 -9999 -9999 -9999 -9999 -9999 -9999 -9999 -9999 4.22715E-2 4.23987E-2 -9999 -9999 3.98996E-2 3.91758E-2 3.74098E-2 3.74098E-2 3.714E-2 3.85169E-2 3.9205E-2 3.71985E-2 3.81526E-2 3.73536E-2 3.91097E-2 4.01319E-2 4.00688E-2 3.95504E-2 3.91467E-2 3.96441E-2 4.02535E-2 4.24279E-2 4.26063E-2 4.50243E-2 4.43558E-2 4.78012E-2 4.73478E-2 4.5701E-2 4.59209E-2 4.43558E-2 4.32523E-2 4.13378E-2 3.87303E-2 3.88679E-2 3.80313E-2 3.82625E-2 3.99213E-2 3.98364E-2 4.23104E-2 4.11423E-2 4.29199E-2 4.62418E-2 4.81894E-2 5.00699E-2 5.43364E-2 5.9331E-2 6.48035E-2 6.80892E-2 7.39343E-2 -9999 -9999 7.8688E-2 8.74822E-2 9.59284E-2 1.01033E-1 1.0235E-1
-9999 -9999 -9999 -9999 -9999 -9999 -9999 -9999 -9999 -9999 -9999 -9999 -9999 -9999 -9999 -9999 -9999 -9999 -9999 -9999 3.63793E-2 -9999 -9999 3.73855E-2 3.68132E-2 3.68132E-2 3.60666E-2 3.58716E-2 3.75714E-2 -9999 3.79316E-2 3.80266E-2 3.80266E-2 3.85522E-2 3.81407E-2 3.87303E-2 3.83017E-2 3.88938E-2 4.19681E-2 4.24279E-2 4.30714E-2 4.38551E-2 4.22715E-2 4.03909E-2 3.94933E-2 3.81407E-2 3.75714E-2 3.5995E-2 3.63139E-2 3.62196E-2 3.69975E-2 3.85169E-2 4.09331E-2 4.1652E-2 4.47889E-2 4.61378E-2 4.94981E-2 5.19399E-2 5.4599E-2 5.47132E-2 6.0009E-2 -9999 -9999 -9999 -9999 -9999 7.27736E-2 9.16017E-2 1.0245E-1 1.0691E-1
-9999 -9999 -9999 -9999 -9999 -9999 -9999 -9999 -9999 -9999 -9999 -9999 -9999 -9999 -9999 -9999 -9999 -9999 -9999 -9999 -9999 -9999 -9999 -9999 -9999 -9999 -9999 -9999 -9999 -9999 -9999 3.71223E-2 3.62196E-2 3.69975E-2 3.60666E-2 3.60666E-2 3.60666E-2 3.60666E-2 3.79651E-2 3.94933E-2 3.88938E-2 -9999 -9999 3.77172E-2 3.75585E-2 3.55115E-2 3.41302E-2 -9999 -9999 -9999 -9999 -9999 4.1989E-2 -9999 -9999 -9999 -9999 -9999 -9999 -9999 -9999 -9999 -9999 -9999 -9999 -9999 8.21733E-2 1.0012E-1 1.09568E-1 1.18255E-1
-9999 -9999 -9999 -9999 -9999 -9999 -9999 -9999 -9999 -9999 -9999 -9999 -9999 -9999 -9999 -9999 -9999 -9999 -9999 -9999 -9999 -9999 -9999 -9999 -9999 -9999 -9999 -9999 -9999 -9999 -9999 -9999 -9999 -9999 3.56633E-2 -9999 3.38255E-2 -9999 -9999 -9999 -9999 -9999 -9999 -9999 -9999 -9999 -9999 -9999 -9999 -9999 -9999 -9999 -9999 -9999 -9999 -9999 -9999 -9999 -9999 -9999 -9999 -9999 -9999 -9999 -9999 -9999 1.00343E-1 1.10644E-1 1.21796E-1 1.25377E-1
-9999 -9999 -9999 -9999 -9999 -9999 -9999 -9999 -9999 -9999 -9999 -9999 -9999 -9999 -9999 -9999 -9999 -9999 -9999 -9999 -9999 -9999 -9999 -9999 -9999 -9999 -9999 -9999 -9999 -9999 -9999 -9999 -9999 -9999 -9999 -9999 -9999 -9999 -9999 -9999 -9999 -9999 -9999 -9999 -9999 -9999 -9999 -9999 -9999 -9999 -9999 -9999 -9999 -9999 -9999 -9999 -9999 -9999 -9999 -9999 -9999 -9999 -9999 -9999 -9999 -9999 1.14387E-1 1.28247E-1 1.2694E-1 1.35019E-1
-9999 -9999 -9999 -9999 -9999 -9999 -9999 -9999 -9999 -9999 -9999 -9999 -9999 -9999 -9999 -9999 -9999 -9999 -9999 -9999 -9999 -9999 -9999 -9999 -9999 -9999 -9999 -9999 -9999 -9999 -9999 -9999 -9999 -9999 -9999 -9999 -9999 -9999 -9999 -9999 -9999 -9999 -9999 -9999 -9999 -9999 -9999 -9999 -9999 -9999 -9999 -9999 -9999 -9999 -9999 -9999 -9999 -9999 -9999 -9999 -9999 -9999 -9999 -9999 -9999 -9999 -9999 -9999 -9999 -9999
-9999 -9999 -9999 -9999 -9999 -9999 -9999 -9999 -9999 -9999 -9999 -9999 -9999 -9999 -9999 -9999 -9999 -9999 -9999 -9999 -9999 -9999 -9999 -9999 -9999 -9999 -9999 -9999 -9999 -9999 -9999 -9999 -9999 -9999 -9999 -9999 -9999 -9999 -9999 -9999 -9999 -9999 -9999 -9999 -9999 -9999 -9999 -9999 -9999 -9999 -9999 -9999 -9999 -9999 -9999 -9999 -9999 -9999 -9999 -9999 -9999 -9999 -9999 -9999 -9999 -9999 -9999 -9999 -9999 1.24507E-1
-9999 -9999 -9999 -9999 -9999 -9999 -9999 -9999 -9999 -9999 -9999 -9999 -9999 -9999 -9999 -9999 -9999 -9999 -9999 -9999 -9999 -9999 -9999 -9999 -9999 -9999 -9999 -9999 -9999 -9999 -9999 -9999 -9999 -9999 -9999 -9999 -9999 -9999 -9999 -9999 -9999 -9999 -9999 -9999 -9999 -9999 -9999 -9999 -9999 -9999 -9999 -9999 -9999 -9999 -9999 -9999 -9999 -9999 -9999 -9999 -9999 -9999 -9999 -9999 -9999 -9999 -9999 -9999 -9999 -9999
