KUENM/Final_Models/M_0.1_F_lq_Set_2_E/sp1_0.asc
ncols         197
nrows         210
xllcorner     56.1666666666667
yllcorner     4.5
cellsize      0.166666666666667
NODATA_value  -9999
[rows 84 to 111 of 210, columns 130 to 194 of 197]
4.31877E-1 4.41743E-1 3.88302E-1 3.45221E-1 3.52604E-1 4.36661E-1 4.66588E-1 5.02462E-1 4.27346E-1 4.10224E-1 4.39493E-1 5.01454E-1 5.71918E-1 5.36372E-1 4.01561E-1 3.12961E-1 4.05005E-1 4.66663E-1 4.78727E-1 4.334E-1 4.16661E-1 4.0487E-1 3.61356E-1 3.02638E-1 2.72545E-1 3.00645E-1 3.21877E-1 3.09736E-1 2.93784E-1 2.57006E-1 2.13287E-1 1.87681E-1 1.86145E-1 2.14321E-1 2.45785E-1 2.68409E-1 3.32722E-1 3.85986E-1 3.03987E-1 2.7017E-1 2.57903E-1 2.98613E-1 3.3475E-1 3.5616E-1 3.77341E-1 4.35033E-1 3.73803E-1 2.62059E-1 2.44794E-1 2.92076E-1 2.24781E-1 1.59888E-1 8.19667E-2 3.9279E-2 3.40871E-2 2.21539E-2 1.05757E-2 5.96253E-3 7.97959E-3 6.79398E-3 1.86758E-3 3.30543E-4 9.75155E-5 9.67387E-5 1.29591E-5
3.83626E-1 3.89665E-1 3.59334E-1 3.61071E-1 4.0627E-1 4.55916E-1 4.40171E-1 4.15197E-1 3.62385E-1 3.52387E-1 3.78269E-1 4.16714E-1 4.93466E-1 4.246E-1 2.91799E-1 2.5269E-1 4.15175E-1 4.4473E-1 2.93781E-1 3.40192E-1 3.57957E-1 3.3301E-1 3.3301E-1 3.45221E-1 3.6807E-1 3.32823E-1 3.2217E-1 3.08068E-1 2.74434E-1 2.79708E-1 2.92004E-1 2.32917E-1 2.72308E-1 3.0072E-1 2.87895E-1 2.67902E-1 3.01747E-1 3.62799E-1 3.39536E-1 2.80294E-1 2.57381E-1 3.03543E-1 3.59236E-1 3.76972E-1 3.92727E-1 4.03275E-1 3.34517E-1 2.37237E-1 2.86114E-1 4.10097E-1 2.86462E-1 1.44989E-1 5.24272E-2 2.47156E-2 5.97317E-2 5.04016E-2 1.52057E-2 3.5402E-3 8.78769E-3 9.7971E-3 3.96678E-3 8.32458E-4 2.22027E-4 1.54023E-4 2.1579E-5
3.19819E-1 3.218E-1 3.24973E-1 3.13287E-1 3.32823E-1 3.47835E-1 3.34916E-1 2.96772E-1 2.2809E-1 1.65809E-1 2.08838E-1 3.06169E-1 3.6006E-1 2.70929E-1 1.89224E-1 2.27555E-1 3.41683E-1 3.43667E-1 2.89747E-1 3.37302E-1 3.23648E-1 2.88534E-1 2.86766E-1 3.59595E-1 4.5282E-1 4.31504E-1 3.51881E-1 3.05948E-1 2.5877E-1 2.11665E-1 1.71123E-1 2.43086E-1 3.38329E-1 3.64874E-1 2.93248E-1 3.16136E-1 3.07138E-1 2.85028E-1 2.74347E-1 2.54993E-1 2.71823E-1 3.28213E-1 3.40831E-1 3.31821E-1 3.88871E-1 4.33407E-1 3.12535E-1 2.45248E-1 2.66142E-1 2.90994E-1 2.0543E-1 1.32306E-1 9.254E-2 6.24008E-2 9.52296E-2 8.33396E-2 3.13038E-2 9.6452E-3 8.38115E-3 8.76347E-3 5.26506E-3 2.13797E-3 6.38446E-4 2.47548E-4 4.6679E-5
2.77467E-1 2.68288E-1 2.33071E-1 1.8367E-1 2.02209E-1 2.24571E-1 2.3578E-1 2.38088E-1 1.77599E-1 1.2599E-1 1.24382E-1 2.12908E-1 2.7925E-1 1.50154E-1 8.19667E-2 1.38622E-1 2.08244E-1 2.28968E-1 2.37092E-1 2.63037E-1 2.41943E-1 2.18333E-1 2.19357E-1 2.82E-1 4.00762E-1 4.10224E-1 3.67612E-1 3.1209E-1 2.62203E-1 2.26497E-1 2.26497E-1 3.04463E-1 4.39598E-1 5.54581E-1 4.45798E-1 2.7407E-1 2.26556E-1 1.94036E-1 1.91031E-1 2.31858E-1 2.80718E-1 2.82503E-1 2.2177E-1 2.10219E-1 2.83243E-1 3.07138E-1 2.80294E-1 2.89206E-1 2.95035E-1 2.43086E-1 1.68784E-1 1.43095E-1 1.685E-1 1.73221E-1 1.76063E-1 1.28532E-1 5.69638E-2 8.78769E-3 3.71686E-3 3.50293E-3 3.65188E-3 2.96346E-3 1.31132E-3 4.80312E-4 1.57836E-4
2.70338E-1 2.21628E-1 1.46568E-1 8.42628E-2 1.03141E-1 1.38681E-1 1.81886E-1 1.96792E-1 1.75953E-1 1.21043E-1 1.08334E-1 1.53235E-1 1.70325E-1 9.0904E-2 6.26796E-2 9.07612E-2 1.53591E-1 1.78732E-1 1.82718E-1 1.7975E-1 1.46088E-1 1.17328E-1 1.42299E-1 2.04296E-1 2.6767E-1 2.86019E-1 3.22385E-1 3.08866E-1 2.67411E-1 2.41351E-1 2.43652E-1 2.92381E-1 4.01316E-1 4.6667E-1 3.49986E-1 2.51116E-1 1.78797E-1 1.39031E-1 1.29417E-1 2.07739E-1 2.61991E-1 2.67271E-1 1.73462E-1 1.54676E-1 2.01966E-1 2.03569E-1 2.30909E-1 3.31048E-1 3.0029E-1 2.18244E-1 1.53572E-1 1.2474E-1 1.61681E-1 2.08395E-1 1.6743E-1 1.08662E-1 3.43335E-2 2.05782E-3 1.11317E-3 3.63003E-3 3.30607E-3 2.72509E-3 1.90289E-3 9.08363E-4 4.05529E-4
2.93073E-1 2.13601E-1 1.26088E-1 6.63979E-2 5.96895E-2 7.97801E-2 1.28536E-1 1.95809E-1 1.57366E-1 8.87037E-2 8.20358E-2 9.75612E-2 9.63023E-2 7.46377E-2 7.25923E-2 9.07888E-2 1.62066E-1 1.46088E-1 1.21195E-1 1.06433E-1 7.88772E-2 7.11071E-2 9.43062E-2 1.3609E-1 1.88692E-1 2.47459E-1 3.06859E-1 3.05134E-1 2.69794E-1 2.41312E-1 2.28128E-1 2.40366E-1 2.71111E-1 2.66039E-1 2.04249E-1 1.8232E-1 1.92859E-1 1.44031E-1 6.74755E-2 1.04388E-1 1.80352E-1 2.73199E-1 2.24882E-1 1.90905E-1 1.99816E-1 1.89687E-1 2.11308E-1 2.63909E-1 2.75764E-1 1.59659E-1 9.59355E-2 5.9821E-2 7.2081E-2 9.19454E-2 8.15727E-2 3.96641E-2 5.11062E-3 1.79874E-4 1.02656E-4 1.49872E-3 2.36699E-3 2.04905E-3 2.30306E-3 1.3657E-3 6.6046E-4
2.94794E-1 2.37444E-1 1.34834E-1 6.27209E-2 5.16635E-2 5.9058E-2 8.90362E-2 1.01123E-1 6.80134E-2 3.3365E-2 4.1992E-2 5.91175E-2 1.0205E-1 1.11838E-1 1.11652E-1 1.12201E-1 1.19694E-1 1.5225E-1 1.23188E-1 7.70622E-2 4.34344E-2 4.61797E-2 7.03011E-2 1.01E-1 1.4215E-1 2.17765E-1 2.9062E-1 2.6739E-1 2.41303E-1 2.20937E-1 2.09328E-1 2.08122E-1 2.16123E-1 2.17738E-1 2.16123E-1 2.11842E-1 1.92859E-1 1.249E-1 6.55109E-2 7.45102E-2 1.30486E-1 1.685E-1 1.573E-1 1.73221E-1 1.85709E-1 1.65795E-1 1.70053E-1 1.75815E-1 1.54719E-1 1.09192E-1 6.40992E-2 3.96999E-2 3.51947E-2 3.33701E-2 3.30286E-2 2.10608E-2 2.23052E-3 7.05129E-5 3.27694E-5 4.90778E-4 1.37899E-3 1.88749E-3 2.47504E-3 1.5568E-3 7.35552E-4
3.06169E-1 2.2786E-1 1.14291E-1 6.19428E-2 3.96999E-2 3.7704E-2 4.39842E-2 2.92853E-2 9.21178E-3 9.95396E-3 4.02128E-2 8.71245E-2 1.10721E-1 1.19367E-1 1.2684E-1 1.12501E-1 9.8247E-2 1.23707E-1 9.9351E-2 6.76259E-2 5.29633E-2 5.63407E-2 6.9502E-2 8.1523E-2 1.14053E-1 1.6735E-1 2.23133E-1 2.16098E-1 1.87593E-1 1.81717E-1 1.70053E-1 1.62066E-1 1.5995E-1 1.3294E-1 1.33401E-1 1.39977E-1 1.33539E-1 7.54224E-2 4.8598E-2 6.0507E-2 7.54224E-2 7.45985E-2 5.53889E-2 8.1523E-2 1.04892E-1 9.96841E-2 1.24897E-1 1.43148E-1 1.32147E-1 8.99949E-2 6.19879E-2 4.12647E-2 3.15447E-2 2.84688E-2 2.14341E-2 1.56512E-2 3.2817E-3 4.22467E-4 2.5052E-4 6.71782E-4 1.22857E-3 2.08427E-3 2.54044E-3 1.61313E-3 6.22617E-4
2.41175E-1 1.60306E-1 7.28311E-2 4.2788E-2 3.04701E-2 3.34719E-2 2.92791E-2 2.51697E-2 1.45398E-2 2.54512E-2 4.9834E-2 8.24876E-2 7.38082E-2 1.03836E-1 1.30476E-1 1.18122E-1 8.995E-2 9.0129E-2 8.05641E-2 7.20218E-2 7.11071E-2 8.22209E-2 7.67796E-2 7.43496E-2 9.73112E-2 1.16442E-1 1.3969E-1 1.52139E-1 1.61593E-1 1.48748E-1 1.28254E-1 1.04236E-1 1.02953E-1 8.66114E-2 7.85034E-2 8.14574E-2 8.90362E-2 1.00075E-1 1.17677E-1 8.42752E-2 6.33543E-2 4.02847E-2 3.49516E-2 3.61228E-2 2.54677E-2 2.11665E-2 3.65891E-2 6.97628E-2 8.43204E-2 4.92189E-2 4.04492E-2 4.09765E-2 2.71403E-2 2.29682E-2 1.60447E-2 9.9167E-3 4.29211E-3 1.92223E-3 1.47032E-3 1.23719E-3 7.3714E-4 9.85027E-4 2.19288E-3 1.74978E-3 6.20984E-4
1.04215E-1 6.87577E-2 3.80024E-2 2.40667E-2 2.31142E-2 2.51697E-2 2.84924E-2 4.62341E-2 4.22433E-2 2.05871E-2 5.11046E-2 8.05641E-2 6.51307E-2 7.27065E-2 8.79154E-2 8.26997E-2 7.42463E-2 6.18845E-2 5.69463E-2 6.11595E-2 7.42463E-2 8.54323E-2 7.48826E-2 5.99907E-2 6.03711E-2 5.94214E-2 8.52995E-2 7.55268E-2 1.02738E-1 8.96588E-2 6.8717E-2 5.65657E-2 5.35363E-2 4.41534E-2 4.20014E-2 4.09576E-2 5.52369E-2 1.00645E-1 1.23188E-1 6.07363E-2 4.23762E-2 3.21425E-2 3.54357E-2 3.79521E-2 1.74743E-2 1.21107E-2 1.85009E-2 4.01109E-2 4.45144E-2 2.2111E-2 1.72438E-2 2.63063E-2 2.45179E-2 1.99394E-2 1.19748E-2 8.19978E-3 5.85876E-3 4.74185E-3 4.42972E-3 3.18792E-3 1.09056E-3 9.5405E-4 1.69838E-3 1.46443E-3 6.76915E-4
5.41799E-2 3.46485E-2 2.14902E-2 1.49808E-2 1.56642E-2 1.73851E-2 2.48217E-2 4.91643E-2 4.44565E-2 1.6588E-2 6.053E-2 5.62667E-2 3.71596E-2 3.19E-2 4.04234E-2 3.90103E-2 3.3365E-2 2.77234E-2 2.54205E-2 4.04234E-2 6.47328E-2 6.56457E-2 6.05232E-2 4.74037E-2 3.80175E-2 3.58277E-2 3.89561E-2 3.23123E-2 3.36027E-2 4.36097E-2 3.6213E-2 3.00028E-2 2.5057E-2 2.11665E-2 2.38238E-2 2.27543E-2 3.10543E-2 3.75303E-2 2.75942E-2 3.11477E-2 3.79153E-2 2.96966E-2 3.17733E-2 3.07348E-2 2.69102E-2 3.04832E-2 3.13038E-2 2.53922E-2 2.80792E-2 2.50662E-2 4.22014E-2 2.94289E-2 2.65186E-2 2.28408E-2 8.59121E-3 8.1866E-3 8.78547E-3 6.88913E-3 8.64578E-3 9.07092E-3 3.38137E-3 2.16733E-3 2.12842E-3 1.60686E-3 7.81486E-4
3.24068E-2 2.03359E-2 1.3085E-2 9.95114E-3 9.50457E-3 1.3317E-2 2.18415E-2 2.40667E-2 2.62117E-2 3.04281E-2 3.7704E-2 2.75942E-2 2.54724E-2 2.21609E-2 1.86522E-2 1.3213E-2 1.15928E-2 9.06485E-3 1.17706E-2 2.82723E-2 5.94941E-2 6.24184E-2 4.75466E-2 3.29941E-2 2.27925E-2 1.55729E-2 1.42973E-2 1.29247E-2 1.1164E-2 1.64975E-2 1.39747E-2 1.18675E-2 9.92633E-3 8.45563E-3 8.71999E-3 1.06771E-2 9.15139E-3 6.48161E-3 3.85534E-3 4.54436E-3 1.53537E-2 2.29021E-2 1.61838E-2 1.01425E-2 8.96139E-3 7.02616E-3 6.44054E-3 4.71728E-3 7.07843E-3 1.56206E-2 2.4372E-2 3.2985E-2 3.87198E-2 3.60361E-2 1.86463E-2 1.45504E-2 1.86463E-2 6.45023E-3 4.69172E-3 5.19304E-3 4.53468E-3 3.75353E-3 3.38137E-3 2.16733E-3 1.08363E-3
2.46921E-2 1.7366E-2 1.17989E-2 1.02727E-2 8.51221E-3 1.21641E-2 1.78809E-2 2.18415E-2 2.84673E-2 3.30491E-2 2.53528E-2 1.9651E-2 1.61634E-2 1.12681E-2 8.11772E-3 4.89301E-3 3.60963E-3 2.81606E-3 8.22755E-3 2.61283E-2 6.05232E-2 7.13606E-2 4.62472E-2 2.75543E-2 1.91888E-2 1.52765E-2 9.29113E-3 7.15558E-3 5.88562E-3 7.54015E-3 6.8273E-3 5.62598E-3 4.28641E-3 3.5065E-3 3.29437E-3 4.49222E-3 4.02291E-3 4.73664E-3 3.20706E-3 3.43192E-3 1.20508E-2 1.80994E-2 5.98559E-3 2.63422E-3 2.23008E-3 1.04767E-3 1.99674E-3 4.90317E-3 7.13099E-3 8.59645E-3 1.06526E-2 1.425E-2 2.98137E-2 4.64253E-2 2.90035E-2 1.98825E-2 7.88852E-2 1.32791E-2 5.46156E-3 5.02076E-3 4.53468E-3 5.28119E-3 6.34453E-3 4.02208E-3 2.05253E-3
2.05871E-2 1.34582E-2 1.55461E-2 3.0767E-2 2.78054E-2 2.36729E-2 2.54512E-2 2.48341E-2 2.76975E-2 3.52355E-2 4.01741E-2 2.7347E-2 7.7409E-3 4.89981E-3 2.58985E-3 1.25758E-3 8.77185E-4 1.10071E-3 2.48336E-3 1.03175E-2 3.05043E-2 5.41823E-2 3.6002E-2 2.19995E-2 1.61812E-2 1.57167E-2 1.38169E-2 6.8273E-3 3.8541E-3 3.73439E-3 3.67153E-3 2.54504E-3 1.56998E-3 1.26553E-3 1.46214E-3 2.11275E-3 2.96366E-3 3.47313E-3 3.26709E-3 2.08877E-3 3.41056E-3 4.76011E-3 1.9838E-3 7.65455E-4 1.01879E-3 1.03017E-3 8.71968E-3 1.72193E-2 7.32138E-3 3.50293E-3 5.62395E-3 8.10678E-3 1.86463E-2 4.35415E-2 5.29132E-2 2.24342E-2 5.42419E-2 4.41063E-2 1.90294E-2 8.37238E-3 4.69172E-3 4.69172E-3 1.07946E-2 1.16705E-2 7.11855E-3
1.33216E-2 1.14856E-2 1.49326E-2 2.68839E-2 3.64603E-2 4.39562E-2 4.80417E-2 4.90799E-2 4.74373E-2 5.83989E-2 4.74356E-2 2.44374E-2 1.09199E-2 4.73314E-3 1.46328E-3 3.70313E-4 3.59197E-4 6.85329E-4 1.60379E-3 2.53E-3 6.89698E-3 1.172E-2 1.1516E-2 1.30834E-2 1.26957E-2 1.61006E-2 2.00973E-2 9.80563E-3 4.73476E-3 2.74521E-3 2.06739E-3 1.24054E-3 6.10941E-4 4.39827E-4 6.0195E-4 8.67111E-4 1.27381E-3 1.65258E-3 1.26602E-3 9.74915E-4 6.02564E-4 8.86295E-4 1.19716E-3 1.33737E-3 1.75387E-3 2.94354E-3 1.20962E-2 1.30303E-2 5.55384E-3 3.13241E-3 5.00063E-3 1.16705E-2 1.61682E-2 2.99811E-2 4.43242E-2 2.3418E-2 2.93129E-2 6.27767E-2 4.209E-2 2.16886E-2 7.97684E-3 2.45865E-3 2.73666E-3 5.74264E-3 1.3847E-3
9.07692E-3 7.50173E-3 8.74323E-3 1.64691E-2 3.18864E-2 5.3737E-2 6.3081E-2 6.78506E-2 7.12504E-2 6.96487E-2 5.34212E-2 2.69452E-2 1.36844E-2 3.8541E-3 9.51822E-4 3.11938E-4 3.74508E-4 6.11213E-4 1.5721E-3 3.75881E-3 6.15027E-3 4.6367E-3 1.33039E-3 2.07912E-3 4.50223E-3 1.3653E-2 2.88792E-2 1.44722E-2 5.79273E-3 2.33722E-3 1.19815E-3 6.6355E-4 3.64065E-4 1.98068E-4 1.7981E-4 2.08879E-4 3.11938E-4 5.54532E-4 4.48511E-4 1.87413E-4 9.99483E-5 2.30747E-4 9.2149E-4 2.21931E-3 2.34287E-3 2.89276E-3 4.17488E-3 3.25232E-3 2.80175E-3 2.73666E-3 4.29211E-3 8.95137E-3 1.0461E-2 1.71618E-2 1.92113E-2 1.4469E-2 1.92113E-2 3.32958E-2 3.69057E-2 3.49858E-2 9.12295E-3 1.11149E-3 6.21776E-4 1.64731E-3 1.96969E-4
9.61909E-3 4.83447E-3 3.97448E-3 9.01788E-3 1.8413E-2 3.00181E-2 3.57489E-2 5.29633E-2 5.45777E-2 7.48826E-2 6.54402E-2 3.5205E-2 1.33643E-2 3.60963E-3 1.07133E-3 4.687E-4 4.78124E-4 7.60229E-4 1.48976E-3 3.28118E-3 4.8347E-3 6.75839E-3 2.54575E-3 8.55013E-4 1.79135E-3 8.08138E-3 2.06484E-2 1.13423E-2 4.40846E-3 1.82589E-3 8.68318E-4 4.27079E-4 2.96502E-4 1.65823E-4 1.28256E-4 1.80222E-4 1.98572E-4 4.16012E-4 4.7792E-4 2.44072E-4 1.08065E-4 2.03787E-4 1.30717E-3 3.71686E-3 3.89955E-3 2.34087E-3 2.90246E-3 3.95334E-3 5.31159E-3 6.38102E-3 8.83587E-3 9.97784E-3 7.44144E-3 7.5982E-3 8.36599E-3 6.99578E-3 8.23213E-3 1.26072E-2 1.4469E-2 8.60078E-3 1.11792E-3 5.47363E-5 5.77158E-6 5.23223E-5 7.27446E-5
9.9167E-3 3.69325E-3 1.51239E-3 9.65095E-4 9.02542E-3 2.00973E-2 7.76551E-3 3.49516E-2 4.47411E-2 5.98851E-2 7.22786E-2 3.49828E-2 1.16757E-2 3.15213E-3 8.21594E-4 4.67256E-4 3.76579E-4 6.90866E-4 1.79258E-3 4.65241E-3 5.23711E-3 3.95806E-3 2.80756E-3 3.07956E-3 4.80596E-3 6.07523E-3 5.21644E-3 3.78114E-3 1.23227E-3 9.0789E-4 6.15089E-4 5.80742E-4 4.38132E-4 3.22495E-4 3.16005E-4 4.62591E-4 1.06621E-3 2.54128E-3 1.74157E-3 5.3864E-4 2.53215E-4 4.77446E-4 2.17674E-3 3.82274E-3 3.75749E-3 3.21446E-3 2.80175E-3 5.5781E-3 9.07092E-3 1.37362E-2 2.08221E-2 1.18531E-2 8.42044E-3 5.493E-3 5.29422E-3 3.7463E-3 2.74091E-3 4.10053E-3 5.56794E-3 1.67295E-3 9.8084E-5 5.77158E-6 7.93814E-7 1.60754E-6 -9999
2.69373E-2 1.13007E-2 1.19392E-3 8.98387E-7 2.42798E-3 3.54143E-4 1.17011E-3 2.59512E-2 5.03787E-2 5.62423E-2 5.03962E-2 2.76544E-2 8.78769E-3 1.94966E-3 6.2717E-4 3.19311E-4 2.95955E-4 6.61867E-4 2.15025E-3 5.09473E-3 1.07094E-2 1.41813E-2 1.50887E-2 9.16897E-3 6.98659E-3 8.39876E-3 4.78875E-3 1.69093E-3 3.35284E-4 4.52039E-4 6.10577E-4 7.60842E-4 7.5532E-4 5.74216E-4 4.96785E-4 8.91107E-4 1.73881E-3 2.55641E-3 1.62623E-3 8.41547E-4 5.80477E-4 7.49133E-4 1.42738E-3 1.83474E-3 2.38798E-3 3.12339E-3 2.58817E-3 3.61377E-3 4.62961E-3 6.317E-3 5.48534E-3 7.37694E-3 7.43507E-3 5.73506E-3 4.15544E-3 1.98136E-3 6.33946E-4 1.39448E-3 4.08453E-3 6.80091E-4 1.04732E-4 3.55207E-5 1.38015E-5 4.93886E-6 -9999
8.79305E-2 4.55978E-2 2.10453E-3 1.28326E-4 1.48557E-5 4.94391E-4 1.12939E-2 4.89808E-2 6.65765E-2 4.16734E-2 1.86522E-2 1.25348E-2 4.31909E-3 7.84912E-4 4.1472E-4 2.30153E-4 2.36307E-4 8.41282E-4 2.79294E-3 7.76551E-3 3.39203E-2 4.36981E-2 3.30224E-2 2.15945E-2 1.45965E-2 9.12295E-3 5.24981E-3 2.32964E-3 1.19486E-3 8.7999E-4 7.46151E-4 9.00667E-4 9.23469E-4 7.3714E-4 4.95554E-4 7.42483E-4 1.36686E-3 1.54841E-3 9.81391E-4 5.44778E-4 3.54448E-4 3.40251E-4 4.52039E-4 6.86794E-4 1.11317E-3 1.72877E-3 1.6743E-3 1.41886E-3 1.50343E-3 2.36699E-3 2.06147E-3 1.76242E-3 3.09066E-3 2.74091E-3 1.64876E-3 1.07035E-3 4.99419E-4 1.19955E-3 1.61218E-3 4.06697E-4 9.8084E-5 3.00808E-4 2.14269E-4 -9999 -9999
7.59282E-2 9.38551E-2 2.19185E-2 9.59375E-3 8.21558E-3 7.51137E-3 3.56615E-2 7.90809E-2 7.23855E-2 2.72214E-2 6.8077E-3 7.85318E-3 2.98028E-3 3.70166E-4 2.35922E-4 2.21848E-4 2.20826E-4 1.19804E-3 5.45658E-3 1.67372E-2 7.32053E-2 8.19953E-2 5.63942E-2 3.62372E-2 2.28593E-2 1.22236E-2 8.39862E-3 5.49336E-3 2.61368E-3 1.07679E-3 9.03652E-4 8.38644E-4 6.36048E-4 2.49276E-4 1.96969E-4 3.59451E-4 8.54824E-4 8.49908E-4 4.77058E-4 2.40311E-4 1.59316E-4 1.19268E-4 1.24921E-4 3.04203E-4 7.19021E-4 1.24144E-3 1.49969E-3 1.23959E-3 8.21085E-4 8.93428E-4 6.1696E-4 5.36564E-4 4.04855E-4 2.19003E-4 2.52379E-4 5.60719E-4 8.8345E-4 8.6654E-4 5.60719E-4 2.91818E-4 3.21809E-4 4.99731E-4 -9999 -9999 -9999
4.36072E-2 2.96479E-2 5.69178E-2 5.98851E-2 7.35246E-2 5.07861E-2 6.68804E-2 9.3033E-2 8.87037E-2 4.22798E-2 1.45656E-2 1.05757E-2 4.71728E-3 5.03042E-4 1.46311E-4 3.07297E-4 6.78612E-4 3.37876E-3 1.33643E-2 4.23429E-2 1.14098E-1 1.13139E-1 7.06548E-2 4.8063E-2 3.44472E-2 2.17353E-2 1.57581E-2 1.21794E-2 6.97463E-3 3.02639E-3 2.3571E-3 1.79358E-3 3.65166E-4 3.57327E-5 4.44973E-5 8.73799E-5 2.0132E-4 2.85848E-4 1.56948E-4 9.34233E-5 9.52746E-5 5.05199E-5 2.83545E-5 1.64686E-4 6.90866E-4 1.2901E-3 1.90173E-3 1.56918E-3 8.81765E-4 4.64751E-4 1.86198E-4 9.79496E-5 5.84953E-5 1.34458E-5 3.14128E-5 1.40157E-4 3.19587E-4 2.81268E-4 1.05753E-4 3.12705E-5 3.4914E-5 3.78105E-5 -9999 -9999 -9999
1.43908E-1 1.47014E-1 1.69639E-1 1.50886E-1 1.64874E-1 1.64516E-1 1.46568E-1 1.05932E-1 1.12021E-1 1.03878E-1 7.52281E-2 4.38664E-2 1.36138E-2 8.71505E-4 9.33365E-5 2.23632E-4 9.68347E-4 5.96253E-3 2.48124E-2 5.48584E-2 1.15458E-1 9.8747E-2 6.15477E-2 5.08996E-2 4.54055E-2 2.85187E-2 1.9439E-2 2.2186E-2 1.97706E-2 1.16538E-2 7.8281E-3 5.81875E-3 8.92894E-4 9.61598E-5 4.58914E-5 4.06156E-5 4.44973E-5 5.05594E-5 4.6723E-5 3.93057E-5 4.8835E-5 3.62859E-5 1.69961E-5 1.41872E-4 8.44765E-4 2.06739E-3 3.31181E-3 2.02546E-3 9.28253E-4 3.94668E-4 1.15443E-4 6.0328E-5 2.43566E-5 9.16488E-6 1.41065E-5 4.9848E-5 1.109E-4 1.23135E-4 4.33246E-5 3.71725E-6 2.59013E-6 -9999 -9999 -9999 -9999
2.9282E-1 2.57905E-1 2.68102E-1 2.59846E-1 2.13458E-1 1.88845E-1 1.97191E-1 1.57444E-1 1.42089E-1 1.20712E-1 1.004E-1 8.29125E-2 2.03667E-2 2.13101E-3 1.62834E-4 1.69087E-5 2.66914E-4 5.87952E-3 3.11209E-2 6.83229E-2 8.4784E-2 6.69095E-2 4.24327E-2 3.58629E-2 2.96499E-2 1.74961E-2 1.39878E-2 2.11716E-2 2.17927E-2 1.33602E-2 7.94762E-3 4.74745E-3 1.72722E-3 4.74764E-4 1.27996E-4 3.93622E-5 1.31784E-5 1.24534E-5 2.08528E-5 2.97748E-5 4.8318E-5 6.18279E-5 7.04313E-5 2.47545E-4 1.16893E-3 2.33145E-3 2.92441E-3 2.40145E-3 8.47875E-4 3.30118E-4 1.18543E-4 5.87262E-5 2.16274E-5 1.05633E-5 1.19682E-5 3.15364E-5 6.95512E-5 8.8742E-5 6.05441E-5 1.371E-5 -9999 -9999 -9999 -9999 -9999
3.7656E-1 4.05005E-1 3.37738E-1 2.80294E-1 2.3428E-1 2.07822E-1 2.36074E-1 2.30971E-1 1.42225E-1 6.66265E-2 6.45692E-2 5.76149E-2 1.25031E-2 2.87966E-3 1.37173E-4 1.51561E-5 2.41238E-4 7.69672E-3 4.95123E-2 8.86187E-2 6.22926E-2 4.17272E-2 2.4721E-2 1.82425E-2 1.4306E-2 8.58595E-3 5.6013E-3 7.22873E-3 8.1318E-3 5.49336E-3 3.45877E-3 2.70869E-3 2.38302E-3 1.72469E-3 3.87287E-4 5.87292E-5 9.65457E-6 7.4706E-6 1.82385E-5 5.87507E-5 6.89261E-5 1.04732E-4 1.97891E-4 4.70251E-4 1.18307E-3 2.23941E-3 2.3846E-3 1.65043E-3 6.22706E-4 2.8366E-4 1.37377E-4 5.6066E-5 2.63508E-5 1.50098E-5 1.45052E-5 2.4415E-5 -9999 -9999 -9999 -9999 -9999 -9999 -9999 -9999 -9999
5.04335E-1 4.37338E-1 3.19189E-1 2.50959E-1 2.08181E-1 1.87301E-1 1.87055E-1 1.4311E-1 8.57025E-2 3.83298E-2 2.58593E-2 1.41736E-2 3.43391E-3 6.9672E-4 9.23126E-5 6.05441E-5 1.1305E-3 1.05596E-2 1.8922E-2 2.58586E-2 3.11058E-2 2.90385E-2 1.47953E-2 1.04973E-2 9.88674E-3 5.06296E-3 2.36587E-3 1.67295E-3 1.59405E-3 1.62825E-3 1.48684E-3 1.68963E-3 2.65365E-3 3.23998E-3 8.4039E-4 1.57909E-4 4.16925E-5 2.52374E-5 4.53768E-5 7.38587E-5 1.47189E-4 2.91818E-4 6.19119E-4 1.15878E-3 1.7681E-3 1.96657E-3 1.67419E-3 9.68347E-4 4.57025E-4 2.47174E-4 1.32954E-4 6.80175E-5 3.79186E-5 2.61878E-5 2.17125E-5 -9999 -9999 -9999 -9999 -9999 -9999 -9999 -9999 -9999 -9999
4.92851E-1 4.09727E-1 2.82431E-1 2.08977E-1 1.59577E-1 1.5115E-1 1.29693E-1 8.6659E-2 4.91377E-2 2.14802E-2 1.00922E-2 3.91696E-3 8.38644E-4 1.9084E-4 6.77093E-5 7.48541E-5 9.47982E-4 4.1155E-3 2.35518E-3 3.66519E-3 1.68181E-2 3.22626E-2 2.57084E-2 1.36135E-2 4.88115E-3 1.65422E-3 9.6891E-4 7.64772E-4 6.4657E-4 5.66314E-4 7.03672E-4 1.20928E-3 1.99742E-3 2.11449E-3 1.04013E-3 3.64856E-4 1.57156E-4 1.03876E-4 1.12896E-4 1.82154E-4 3.97646E-4 7.61091E-4 1.67952E-3 2.80688E-3 2.89096E-3 1.9546E-3 9.2339E-4 5.31675E-4 2.51499E-4 1.63474E-4 1.0887E-4 7.30038E-5 5.00134E-5 4.25143E-5 5.21555E-5 -9999 -9999 -9999 -9999 -9999 -9999 -9999 -9999 -9999 -9999
4.5913E-1 3.94598E-1 2.86345E-1 2.29342E-1 1.99639E-1 1.48539E-1 1.00043E-1 5.56723E-2 2.80515E-2 1.12439E-2 4.27836E-3 1.63164E-3 5.90479E-4 1.82428E-4 8.453E-5 1.10455E-4 4.31425E-4 1.11792E-3 1.3501E-3 2.90292E-3 1.29434E-2 3.40575E-2 3.46707E-2 1.58411E-2 3.14559E-3 1.10755E-3 6.90001E-4 6.37826E-4 5.49677E-4 3.5408E-4 4.96551E-4 9.78574E-4 1.45935E-3 1.57452E-3 1.12256E-3 6.78981E-4 4.03939E-4 2.96689E-4 3.02877E-4 4.18032E-4 7.27518E-4 1.40496E-3 3.30081E-3 6.93152E-3 4.1337E-3 1.61852E-3 5.3028E-4 1.56637E-4 9.72747E-5 9.10734E-5 8.7675E-5 7.18277E-5 6.12615E-5 6.38575E-5 7.30038E-5 -9999 -9999 -9999 -9999 -9999 -9999 -9999 -9999 -9999 -9999
