KUENM/Final_Models/M_0.1_F_lq_Set_2_E/sp1_7.asc
ncols         197
nrows         210
xllcorner     56.1666666666667
yllcorner     4.5
cellsize      0.166666666666667
NODATA_value  -9999
[rows 112 to 139 of 210, columns 130 to 194 of 197]
3.93901E-1 2.66526E-1 1.68109E-1 1.3305E-1 1.14806E-1 6.59782E-2 2.91453E-2 1.00507E-2 3.21525E-3 8.27104E-4 3.03791E-4 1.72498E-4 8.99628E-5 2.79432E-5 8.78668E-6 9.15555E-6 2.43113E-5 7.47717E-5 1.76259E-4 4.66145E-4 1.67259E-3 3.97401E-3 4.88804E-3 3.71401E-3 6.49494E-4 1.48154E-4 1.00119E-4 1.3919E-4 2.39707E-4 2.3733E-4 1.84143E-4 2.06637E-4 2.25803E-4 2.36426E-4 1.99964E-4 1.53438E-4 1.19987E-4 9.80503E-5 1.12013E-4 1.19987E-4 1.98123E-4 3.57091E-4 7.13395E-4 1.4604E-3 7.12118E-4 1.77394E-4 3.47271E-5 8.32521E-6 4.82239E-6 6.17464E-6 6.28211E-6 7.00451E-6 6.72114E-6 7.7943E-6 1.07619E-5 1.70739E-5 -9999 -9999 -9999 -9999 -9999 -9999 -9999 -9999 -9999
3.54579E-1 2.22817E-1 1.38113E-1 1.07904E-1 8.09445E-2 4.06414E-2 1.4851E-2 3.79981E-3 5.61184E-4 9.80503E-5 1.42098E-4 1.79113E-4 1.6081E-4 4.19126E-5 5.25483E-6 2.98466E-6 7.705E-6 2.40931E-5 7.97977E-5 2.59598E-4 6.734E-4 1.30051E-3 1.29002E-3 1.01908E-3 6.08481E-4 1.42535E-4 8.6729E-5 1.27729E-4 8.75715E-4 1.57336E-3 7.7161E-4 3.82037E-4 2.56736E-4 2.47518E-4 2.22596E-4 2.26644E-4 2.78092E-4 3.57518E-4 4.85995E-4 3.84686E-4 2.60184E-4 2.28896E-4 2.41959E-4 4.91696E-4 3.93408E-4 1.24784E-4 2.49185E-5 6.36794E-6 5.47609E-6 6.90929E-6 8.02004E-6 9.29748E-6 1.07745E-5 1.21426E-5 1.55955E-5 -9999 -9999 -9999 -9999 -9999 -9999 -9999 -9999 -9999 -9999
2.51411E-1 1.21796E-1 7.31031E-2 5.72234E-2 4.47075E-2 2.3533E-2 9.10006E-3 2.08358E-3 2.94332E-4 5.51408E-5 8.99628E-5 1.57793E-4 1.45037E-4 1.94762E-5 9.0329E-7 4.14792E-7 1.56188E-6 5.81678E-6 2.57384E-5 1.01774E-4 2.29021E-4 6.78463E-4 1.6213E-3 3.97188E-3 1.38378E-3 1.5021E-4 6.0374E-5 1.21037E-4 1.31706E-3 3.18498E-3 1.68442E-3 5.93886E-4 2.87725E-4 2.73496E-4 3.15019E-4 3.81338E-4 4.76258E-4 6.30576E-4 8.74257E-4 8.5828E-4 5.287E-4 3.13854E-4 1.30864E-4 1.63127E-4 1.81581E-4 8.78125E-5 2.64526E-5 7.56461E-6 7.12432E-6 1.03219E-5 1.22891E-5 1.4996E-5 1.8261E-5 2.21909E-5 -9999 -9999 -9999 -9999 -9999 -9999 -9999 -9999 -9999 -9999 -9999
1.84762E-1 1.00521E-1 5.43483E-2 3.002E-2 1.92153E-2 1.43781E-2 7.51589E-3 2.48822E-3 6.58499E-4 2.45245E-4 1.96573E-4 2.01183E-4 6.95347E-5 4.71063E-6 1.56857E-7 1.11734E-7 3.74891E-7 1.3681E-6 4.70352E-6 1.364E-5 2.33204E-5 1.52488E-4 8.25686E-4 1.76076E-3 8.29323E-4 1.26031E-4 6.23992E-5 1.61085E-4 2.97853E-3 5.48233E-3 3.5386E-3 1.09577E-3 4.06655E-4 4.15793E-4 4.93513E-4 5.08196E-4 7.21536E-4 7.62145E-4 9.75516E-4 1.03834E-3 8.47297E-4 5.21807E-4 3.49636E-4 3.4184E-4 2.50929E-4 1.25834E-4 5.30268E-5 1.70432E-5 1.30376E-5 2.09826E-5 2.42306E-5 2.72372E-5 -9999 -9999 -9999 -9999 -9999 -9999 -9999 -9999 -9999 -9999 -9999 -9999 -9999
1.46505E-1 9.42945E-2 5.19093E-2 2.35655E-2 1.19463E-2 9.54302E-3 9.25928E-3 4.34804E-3 1.62949E-3 1.04333E-3 9.51572E-4 6.12489E-4 5.04575E-5 3.1048E-6 3.02841E-7 1.36264E-7 1.76517E-7 3.9113E-7 7.30391E-7 5.46421E-7 2.06286E-6 6.78638E-6 2.27732E-5 4.77064E-5 1.13222E-4 1.40252E-4 2.27167E-4 1.44224E-3 8.79768E-3 1.37516E-2 6.97928E-3 2.86308E-3 1.19795E-3 8.2273E-4 7.53805E-4 8.55359E-4 8.26468E-4 9.30762E-4 1.03936E-3 1.31027E-3 1.14156E-3 9.53394E-4 8.05671E-4 6.7815E-4 4.94264E-4 2.96989E-4 1.57083E-4 8.12475E-5 5.35524E-5 5.57202E-5 5.57202E-5 -9999 -9999 -9999 -9999 -9999 -9999 -9999 -9999 -9999 -9999 -9999 -9999 -9999 -9999
1.18923E-1 8.19204E-2 4.98599E-2 2.58202E-2 1.39119E-2 1.04023E-2 1.1373E-2 7.1141E-3 3.26323E-3 2.4633E-3 1.60539E-3 3.69405E-4 3.41214E-5 3.01898E-6 4.22444E-7 1.67646E-7 1.64254E-7 3.15E-7 5.59573E-7 8.23517E-7 2.44467E-6 8.30119E-6 1.66056E-5 4.32114E-5 6.93153E-5 9.53005E-5 2.76352E-4 3.31433E-3 1.76136E-2 3.29464E-2 1.36695E-2 4.92777E-3 1.81953E-3 1.15941E-3 6.9544E-4 1.01835E-3 8.47927E-4 8.50552E-4 1.5269E-3 2.10991E-3 1.96295E-3 1.7589E-3 1.69915E-3 1.48331E-3 1.13024E-3 7.65311E-4 5.11055E-4 3.55667E-4 2.41912E-4 -9999 -9999 -9999 -9999 -9999 -9999 -9999 -9999 -9999 -9999 -9999 -9999 -9999 -9999 -9999 -9999
8.44328E-2 5.89084E-2 4.42688E-2 3.63155E-2 2.54014E-2 1.77472E-2 1.4609E-2 1.25389E-2 1.04271E-2 7.77355E-3 2.21117E-3 1.89291E-4 1.66037E-5 2.85414E-6 6.1544E-7 2.40016E-7 1.78364E-7 4.19812E-7 1.33859E-6 3.94817E-6 1.11778E-5 1.75552E-5 3.35589E-5 6.45508E-5 8.66092E-5 1.05002E-4 2.30241E-4 7.99965E-4 4.10049E-3 1.63199E-2 9.772E-3 2.52802E-3 1.03956E-3 1.30178E-3 1.41005E-3 1.50494E-3 1.10214E-3 1.28115E-3 2.50192E-3 3.21878E-3 3.33719E-3 3.21102E-3 3.06302E-3 2.77977E-3 2.26271E-3 1.70993E-3 1.25825E-3 8.27104E-4 -9999 -9999 -9999 -9999 -9999 -9999 -9999 -9999 -9999 -9999 -9999 -9999 -9999 -9999 -9999 -9999 -9999
5.96717E-2 6.4531E-2 5.65968E-2 4.5361E-2 2.90522E-2 1.24708E-2 1.02423E-2 1.30203E-2 1.90962E-2 2.24665E-2 8.35241E-3 2.1875E-4 1.66658E-5 4.26247E-6 9.05598E-7 3.17839E-7 2.47486E-7 6.92469E-7 2.51593E-6 7.23275E-6 1.66056E-5 3.44437E-5 6.45867E-5 9.32882E-5 8.85894E-5 1.0004E-4 1.43845E-4 1.61474E-4 6.45765E-4 4.65943E-3 1.30508E-3 2.68042E-4 7.36008E-4 6.6262E-4 1.79526E-3 1.97279E-3 1.89673E-3 2.31141E-3 2.92386E-3 4.12496E-3 5.30742E-3 5.18717E-3 5.48233E-3 4.99849E-3 4.17227E-3 -9999 -9999 -9999 -9999 -9999 -9999 -9999 -9999 -9999 -9999 -9999 -9999 -9999 -9999 -9999 -9999 -9999 -9999 -9999 -9999
6.44794E-2 7.40933E-2 7.73938E-2 6.41094E-2 3.50612E-2 1.54499E-2 1.55266E-2 3.24612E-2 7.04131E-2 4.94582E-2 2.08039E-2 1.50317E-3 1.14417E-4 1.35144E-5 1.5053E-6 3.54933E-7 2.38414E-7 7.52337E-7 3.43833E-6 9.9208E-6 2.46595E-5 5.25816E-5 7.30713E-5 9.10897E-5 1.00387E-4 8.67592E-5 9.10955E-5 9.79332E-5 1.33762E-4 7.33559E-4 2.02384E-4 1.05669E-4 5.43035E-4 1.16452E-3 1.20436E-3 2.03852E-3 2.4388E-3 2.48041E-3 3.44585E-3 5.95137E-3 7.23492E-3 7.82382E-3 8.5485E-3 -9999 -9999 -9999 -9999 -9999 -9999 -9999 -9999 -9999 -9999 -9999 -9999 -9999 -9999 -9999 -9999 -9999 -9999 -9999 -9999 -9999 -9999
7.79464E-2 9.11554E-2 1.04765E-1 9.86976E-2 7.0505E-2 4.49246E-2 4.52389E-2 4.32346E-2 7.23506E-2 6.25409E-2 2.20425E-2 3.4307E-3 3.63166E-4 3.19351E-5 2.30444E-6 3.05015E-7 2.28075E-7 6.18998E-7 4.62896E-6 1.45154E-5 3.10424E-5 6.69568E-5 8.05607E-5 8.2558E-5 7.86094E-5 6.14571E-5 5.29216E-5 4.55255E-5 5.29249E-5 5.9849E-5 4.19945E-5 6.49224E-5 3.06586E-4 9.97765E-4 1.01759E-3 2.04676E-3 2.96989E-3 3.27707E-3 3.75108E-3 8.39715E-3 9.97782E-3 1.07686E-2 1.12886E-2 -9999 -9999 -9999 -9999 -9999 -9999 -9999 -9999 -9999 -9999 -9999 -9999 -9999 -9999 -9999 -9999 -9999 -9999 -9999 -9999 -9999 -9999
9.32973E-2 1.02148E-1 1.20502E-1 1.46562E-1 1.3305E-1 1.17736E-1 1.29817E-1 1.22163E-1 7.50263E-2 5.20407E-2 2.17042E-2 5.25181E-3 8.29478E-4 7.68236E-5 4.57492E-6 5.48026E-7 2.91199E-7 8.62459E-7 3.73445E-6 1.68814E-5 6.46103E-5 9.75727E-5 6.12447E-5 5.28333E-5 5.15784E-5 3.62203E-5 2.66288E-5 1.80326E-5 1.6655E-5 1.19178E-5 1.53338E-5 4.59426E-5 2.18903E-4 7.449E-4 9.55507E-4 1.88561E-3 3.21391E-3 3.77555E-3 3.97238E-3 1.03692E-2 1.40629E-2 1.3219E-2 -9999 -9999 -9999 -9999 -9999 -9999 -9999 -9999 -9999 -9999 -9999 -9999 -9999 -9999 -9999 -9999 -9999 -9999 -9999 -9999 -9999 -9999 -9999
7.59796E-2 7.40165E-2 1.22793E-1 1.72768E-1 1.94585E-1 2.19373E-1 2.22367E-1 1.88888E-1 1.21655E-1 5.01166E-2 2.58929E-2 8.60611E-3 2.62364E-3 4.39313E-4 1.42211E-5 1.94761E-6 1.94075E-6 2.83924E-6 6.77689E-6 3.38949E-5 1.06078E-4 1.32543E-4 6.1461E-5 3.41382E-5 2.80571E-5 1.84983E-5 1.24395E-5 9.01927E-6 4.77691E-6 2.06776E-6 9.29431E-6 8.61751E-5 5.17094E-4 7.50285E-4 1.063E-3 1.80597E-3 3.70165E-3 7.33352E-3 1.13179E-2 1.90161E-2 2.32116E-2 1.75013E-2 -9999 -9999 -9999 -9999 -9999 -9999 -9999 -9999 -9999 -9999 -9999 -9999 -9999 -9999 -9999 -9999 -9999 -9999 -9999 -9999 -9999 -9999 -9999
3.95989E-2 3.18269E-2 4.81123E-2 1.7397E-1 2.43365E-1 2.8579E-1 2.88191E-1 2.26583E-1 1.28035E-1 5.42201E-2 5.4927E-2 3.29104E-2 1.28512E-2 5.05618E-3 8.49601E-4 1.20324E-4 2.79118E-5 1.4227E-5 1.93736E-5 4.47826E-5 8.26143E-5 8.77149E-5 4.7777E-5 2.61773E-5 1.52475E-5 1.14663E-5 9.0187E-6 7.66046E-6 2.25237E-6 2.361E-6 1.87623E-5 1.35879E-4 1.74018E-3 1.50262E-3 1.49062E-3 2.8727E-3 5.38229E-3 1.25023E-2 2.75181E-2 4.41075E-2 3.75905E-2 -9999 -9999 -9999 -9999 -9999 -9999 -9999 -9999 -9999 -9999 -9999 -9999 -9999 -9999 -9999 -9999 -9999 -9999 -9999 -9999 -9999 -9999 -9999 -9999
1.38259E-2 2.35769E-2 5.42227E-2 1.51773E-1 2.45736E-1 3.29845E-1 3.35284E-1 2.66526E-1 1.69285E-1 1.11865E-1 1.01474E-1 9.00527E-2 6.01356E-2 5.07857E-2 3.88763E-2 1.43658E-2 1.31767E-3 1.13786E-4 3.55217E-5 5.61254E-5 8.26196E-5 6.31269E-5 3.19468E-5 1.08899E-5 4.08428E-6 5.01314E-6 1.14466E-5 1.56971E-5 1.73045E-5 3.52751E-5 1.0278E-4 1.36514E-3 8.90663E-3 8.71867E-3 4.37948E-3 4.2762E-3 1.0908E-2 2.05484E-2 3.89729E-2 5.22184E-2 -9999 -9999 -9999 -9999 -9999 -9999 -9999 -9999 -9999 -9999 -9999 -9999 -9999 -9999 -9999 -9999 -9999 -9999 -9999 -9999 -9999 -9999 -9999 -9999 -9999
7.77463E-3 2.49489E-2 7.9421E-2 1.68595E-1 2.73993E-1 3.9272E-1 3.92164E-1 3.16248E-1 2.26759E-1 1.77732E-1 1.33559E-1 1.09499E-1 1.10413E-1 1.83721E-1 2.54543E-1 2.4352E-1 1.80011E-2 5.22023E-4 5.77234E-5 4.3206E-5 5.1826E-5 5.11172E-5 2.49129E-5 5.70562E-6 1.14833E-6 2.66636E-6 2.16115E-5 6.44229E-5 1.54692E-4 2.95955E-4 5.88328E-4 3.78507E-3 2.10172E-2 2.73471E-2 2.06867E-2 2.7432E-2 3.90387E-2 4.13018E-2 4.68389E-2 -9999 -9999 -9999 -9999 -9999 -9999 -9999 -9999 -9999 -9999 -9999 -9999 -9999 -9999 -9999 -9999 -9999 -9999 -9999 -9999 -9999 -9999 -9999 -9999 -9999 -9999
5.7518E-3 2.781E-2 9.22987E-2 1.702E-1 2.85141E-1 4.32395E-1 4.42592E-1 3.70647E-1 2.99833E-1 2.44111E-1 1.4802E-1 9.08172E-2 1.14037E-1 2.58228E-1 3.83913E-1 3.31801E-1 1.35951E-2 7.22841E-4 1.12373E-4 6.52622E-5 6.40802E-5 4.19814E-5 2.2171E-5 6.36475E-6 1.76246E-6 6.55048E-6 7.67603E-5 3.38216E-4 6.5108E-4 1.10116E-3 1.6581E-3 7.0121E-3 3.06877E-2 4.43051E-2 5.08502E-2 8.07763E-2 1.18929E-1 7.78725E-2 -9999 -9999 -9999 -9999 -9999 -9999 -9999 -9999 -9999 -9999 -9999 -9999 -9999 -9999 -9999 -9999 -9999 -9999 -9999 -9999 -9999 -9999 -9999 -9999 -9999 -9999 -9999
2.33862E-2 5.50488E-2 6.51113E-2 1.29473E-1 2.79952E-1 4.30466E-1 4.41782E-1 3.83522E-1 3.09538E-1 2.56026E-1 1.64721E-1 7.28365E-2 6.23604E-2 1.63522E-1 2.04693E-1 1.56023E-1 2.40102E-2 1.80874E-3 3.81004E-4 1.93724E-4 9.70416E-5 5.22964E-5 3.22299E-5 1.79559E-5 4.02221E-5 8.43301E-5 4.12853E-4 1.26167E-3 1.57085E-3 2.59545E-3 3.90981E-3 1.04029E-2 3.62719E-2 5.21403E-2 6.43149E-2 8.85315E-2 1.18152E-1 -9999 -9999 -9999 -9999 -9999 -9999 -9999 -9999 -9999 -9999 -9999 -9999 -9999 -9999 -9999 -9999 -9999 -9999 -9999 -9999 -9999 -9999 -9999 -9999 -9999 -9999 -9999 -9999
1.56262E-1 1.45959E-1 1.13114E-1 1.67202E-1 2.73984E-1 2.6456E-1 3.3235E-1 3.72452E-1 2.92732E-1 2.21791E-1 1.52285E-1 6.05663E-2 3.02565E-2 6.02966E-2 8.58859E-2 8.04718E-2 3.09384E-2 6.41396E-3 1.28481E-3 5.61168E-4 2.59321E-4 1.07707E-4 7.9302E-5 1.27154E-4 3.52638E-4 7.95171E-4 2.02421E-3 3.38035E-3 3.10206E-3 2.02208E-3 2.90737E-3 1.3211E-2 5.50769E-2 1.115E-1 8.38976E-2 -9999 -9999 -9999 -9999 -9999 -9999 -9999 -9999 -9999 -9999 -9999 -9999 -9999 -9999 -9999 -9999 -9999 -9999 -9999 -9999 -9999 -9999 -9999 -9999 -9999 -9999 -9999 -9999 -9999 -9999
2.27219E-1 2.47506E-1 2.76174E-1 3.34524E-1 3.88906E-1 3.88877E-1 4.22695E-1 4.66859E-1 4.15308E-1 2.65071E-1 1.78596E-1 8.37123E-2 4.48535E-2 4.65872E-2 4.74894E-2 4.98599E-2 3.97566E-2 2.13119E-2 6.96161E-3 2.42928E-3 7.51497E-4 2.84956E-4 3.30008E-4 7.32012E-4 1.03378E-3 1.20318E-3 2.45784E-3 1.89673E-3 2.23918E-3 6.32816E-3 1.98464E-2 4.36516E-2 8.85315E-2 1.24042E-1 -9999 -9999 -9999 -9999 -9999 -9999 -9999 -9999 -9999 -9999 -9999 -9999 -9999 -9999 -9999 -9999 -9999 -9999 -9999 -9999 -9999 -9999 -9999 -9999 -9999 -9999 -9999 -9999 -9999 -9999 -9999
2.40104E-1 2.76105E-1 3.46235E-1 4.44064E-1 4.94836E-1 5.07229E-1 5.29944E-1 5.4087E-1 5.18216E-1 4.19721E-1 2.81417E-1 1.59843E-1 9.13115E-2 6.04925E-2 4.32188E-2 4.82082E-2 6.01356E-2 5.4949E-2 4.44025E-2 8.20412E-3 1.70372E-3 8.37974E-4 8.94969E-4 1.17559E-3 1.21387E-3 1.35557E-3 1.24087E-3 2.36742E-3 1.00752E-2 3.42839E-2 9.86933E-2 1.06723E-1 1.05075E-1 -9999 -9999 -9999 -9999 -9999 -9999 -9999 -9999 -9999 -9999 -9999 -9999 -9999 -9999 -9999 -9999 -9999 -9999 -9999 -9999 -9999 -9999 -9999 -9999 -9999 -9999 -9999 -9999 -9999 -9999 -9999 -9999
2.61594E-1 3.56096E-1 3.96219E-1 4.99428E-1 5.50421E-1 5.40718E-1 5.2024E-1 5.6247E-1 5.71969E-1 5.0923E-1 3.71342E-1 2.4868E-1 1.74945E-1 1.01021E-1 5.97441E-2 5.55509E-2 6.5266E-2 5.38507E-2 2.91453E-2 8.63697E-3 2.1423E-3 1.6371E-3 1.50833E-3 2.16931E-3 2.95748E-3 3.74663E-3 5.31776E-3 1.19207E-2 3.42739E-2 7.52652E-2 1.23447E-1 1.35373E-1 -9999 -9999 -9999 -9999 -9999 -9999 -9999 -9999 -9999 -9999 -9999 -9999 -9999 -9999 -9999 -9999 -9999 -9999 -9999 -9999 -9999 -9999 -9999 -9999 -9999 -9999 -9999 -9999 -9999 -9999 -9999 -9999 -9999
2.65921E-1 5.51142E-1 5.53073E-1 5.74446E-1 6.05539E-1 5.89633E-1 4.98586E-1 5.64793E-1 5.74728E-1 5.18393E-1 3.87793E-1 3.01855E-1 2.73175E-1 1.68845E-1 7.40997E-2 5.7826E-2 5.03798E-2 4.15973E-2 1.77558E-2 6.50541E-3 1.46347E-3 1.18242E-3 2.05914E-3 7.13764E-3 9.11217E-3 1.13872E-2 1.83224E-2 3.87783E-2 5.5076E-2 7.28365E-2 -9999 -9999 -9999 -9999 -9999 -9999 -9999 -9999 -9999 -9999 -9999 -9999 -9999 -9999 -9999 -9999 -9999 -9999 -9999 -9999 -9999 -9999 -9999 -9999 -9999 -9999 -9999 -9999 -9999 -9999 -9999 -9999 -9999 -9999 -9999
3.40564E-1 5.49247E-1 5.86677E-1 6.08198E-1 6.2604E-1 6.22948E-1 5.61074E-1 5.40507E-1 5.16442E-1 4.5924E-1 3.58107E-1 3.31536E-1 3.07983E-1 1.94532E-1 8.38811E-2 6.85934E-2 5.63621E-2 6.72873E-2 5.58028E-2 1.60991E-2 4.97815E-3 2.37967E-3 2.72808E-3 1.55286E-2 1.83008E-2 2.34944E-2 5.27061E-2 6.00398E-2 -9999 -9999 -9999 -9999 -9999 -9999 -9999 -9999 -9999 -9999 -9999 -9999 -9999 -9999 -9999 -9999 -9999 -9999 -9999 -9999 -9999 -9999 -9999 -9999 -9999 -9999 -9999 -9999 -9999 -9999 -9999 -9999 -9999 -9999 -9999 -9999 -9999
3.90237E-1 4.84858E-1 5.58797E-1 6.05579E-1 6.20029E-1 6.07182E-1 5.78243E-1 5.4901E-1 5.02098E-1 4.65184E-1 4.27801E-1 3.96566E-1 3.54459E-1 2.3655E-1 1.29964E-1 1.17556E-1 8.90303E-2 9.99313E-2 1.20007E-1 6.08143E-2 2.76823E-2 1.73749E-2 1.68288E-2 2.48394E-2 2.60706E-2 1.73749E-2 2.4539E-2 6.64509E-2 -9999 -9999 -9999 -9999 -9999 -9999 -9999 -9999 -9999 -9999 -9999 -9999 -9999 -9999 -9999 -9999 -9999 -9999 -9999 -9999 -9999 -9999 -9999 -9999 -9999 -9999 -9999 -9999 -9999 -9999 -9999 -9999 -9999 -9999 -9999 -9999 -9999
3.92211E-1 4.43483E-1 5.39256E-1 5.98815E-1 6.0772E-1 5.93483E-1 5.88546E-1 5.68044E-1 5.31111E-1 4.98955E-1 4.76429E-1 4.42426E-1 4.19199E-1 3.8191E-1 2.73059E-1 1.54249E-1 9.52865E-2 8.46402E-2 1.01474E-1 1.13399E-1 8.8652E-2 5.42373E-2 4.11052E-2 1.50335E-2 1.27598E-2 1.07944E-2 4.26254E-2 5.58028E-2 -9999 -9999 -9999 -9999 -9999 -9999 -9999 -9999 -9999 -9999 -9999 -9999 -9999 -9999 -9999 -9999 -9999 -9999 -9999 -9999 -9999 -9999 -9999 -9999 -9999 -9999 -9999 -9999 -9999 -9999 -9999 -9999 -9999 -9999 -9999 -9999 -9999
4.51869E-1 4.86889E-1 5.62556E-1 5.93786E-1 5.98105E-1 5.94632E-1 5.87576E-1 5.73052E-1 5.54269E-1 5.21723E-1 4.98515E-1 4.80404E-1 4.52135E-1 4.3892E-1 3.84937E-1 2.03469E-1 7.98591E-2 5.17503E-2 8.05221E-2 1.64426E-1 1.77924E-1 6.86027E-2 4.30443E-2 8.79344E-3 4.21608E-3 5.75819E-3 1.82675E-2 -9999 -9999 -9999 -9999 -9999 -9999 -9999 -9999 -9999 -9999 -9999 -9999 -9999 -9999 -9999 -9999 -9999 -9999 -9999 -9999 -9999 -9999 -9999 -9999 -9999 -9999 -9999 -9999 -9999 -9999 -9999 -9999 -9999 -9999 -9999 -9999 -9999 -9999
5.13715E-1 5.47951E-1 5.79217E-1 5.91678E-1 6.00321E-1 6.10004E-1 6.1488E-1 5.97526E-1 5.66712E-1 5.49579E-1 5.34184E-1 4.99897E-1 4.52755E-1 3.70421E-1 2.824E-1 2.22743E-1 1.05872E-1 3.29596E-2 4.69032E-2 9.59876E-2 1.36943E-1 8.27305E-2 3.53648E-2 6.52958E-3 4.45742E-3 5.25868E-3 -9999 -9999 -9999 -9999 -9999 -9999 -9999 -9999 -9999 -9999 -9999 -9999 -9999 -9999 -9999 -9999 -9999 -9999 -9999 -9999 -9999 -9999 -9999 -9999 -9999 -9999 -9999 -9999 -9999 -9999 -9999 -9999 -9999 -9999 -9999 -9999 -9999 -9999 -9999
5.40377E-1 5.52316E-1 5.47935E-1 5.49884E-1 5.89272E-1 6.06455E-1 6.08443E-1 5.9007E-1 5.79429E-1 5.78533E-1 5.32056E-1 4.8599E-1 4.22585E-1 3.496E-1 2.85229E-1 2.45064E-1 1.51444E-1 4.03917E-2 4.78563E-2 5.74615E-2 6.00398E-2 6.56224E-2 -9999 3.76949E-3 -9999 -9999 -9999 -9999 -9999 -9999 -9999 -9999 -9999 -9999 -9999 -9999 -9999 -9999 -9999 -9999 -9999 -9999 -9999 -9999 -9999 -9999 -9999 -9999 -9999 -9999 -9999 -9999 -9999 -9999 -9999 -9999 -9999 -9999 -9999 -9999 -9999 -9999 -9999 -9999 -9999
