KUENM/Final_Models/M_0.1_F_lq_Set_2_E/sp1_median.asc
ncols         197
nrows         210
xllcorner     56.1666666666667
yllcorner     4.5
cellsize      0.166666666666667
NODATA_value  -9999
[rows 56 to 83 of 210, columns 0 to 64 of 197]
-9999 -9999 -9999 -9999 -9999 -9999 -9999 -9999 -9999 -9999 -9999 4.02339E-2 4.10217E-2 3.96978E-2 3.7798E-2 3.86433E-2 3.7798E-2 3.72537E-2 3.27399E-2 2.72009E-2 2.20897E-2 1.86184E-2 6.53594E-3 2.17159E-3 5.31693E-3 6.19774E-3 4.03125E-3 1.04122E-2 2.47224E-2 2.76119E-2 2.72558E-2 2.72558E-2 2.61479E-2 2.54738E-2 2.40991E-2 2.33881E-2 2.4169E-2 2.48689E-2 2.33881E-2 2.29823E-2 2.29823E-2 2.43271E-2 2.06223E-2 1.60511E-2 1.49907E-2 1.53122E-2 1.74174E-2 1.85886E-2 1.87251E-2 2.45176E-2 2.83146E-2 3.28064E-2 3.72608E-2 4.13683E-2 4.74189E-2 5.13384E-2 5.88794E-2 6.59012E-2 7.07313E-2 6.75738E-2 2.73207E-2 2.19838E-2 1.59963E-2 5.28972E-3 2.12715E-3
-9999 -9999 -9999 -9999 -9999 -9999 -9999 -9999 -9999 -9999 1.75546E-2 3.63781E-2 4.10217E-2 3.94722E-2 3.87696E-2 3.83455E-2 4.00571E-2 3.76118E-2 3.56126E-2 3.30411E-2 2.98922E-2 2.1137E-2 9.45694E-3 6.26845E-3 5.73498E-3 6.77866E-3 3.59072E-3 6.03643E-3 1.88485E-2 2.78037E-2 2.91677E-2 2.918E-2 2.88029E-2 2.84299E-2 2.76808E-2 2.8382E-2 2.87006E-2 2.86219E-2 2.8011E-2 2.66223E-2 2.44898E-2 2.14689E-2 1.64438E-2 1.30643E-2 1.2693E-2 1.13852E-2 1.19984E-2 1.3781E-2 1.82494E-2 2.38759E-2 2.83146E-2 3.20327E-2 3.89445E-2 4.36326E-2 4.7674E-2 5.53949E-2 6.06258E-2 6.76715E-2 6.99594E-2 5.10826E-2 2.04263E-2 2.29316E-2 1.66135E-2 9.15897E-3 3.77326E-3
-9999 -9999 -9999 -9999 -9999 -9999 -9999 -9999 -9999 1.06114E-3 8.7488E-3 3.31802E-2 3.90115E-2 3.93982E-2 4.00571E-2 4.00767E-2 3.95183E-2 3.89409E-2 3.67565E-2 3.42419E-2 3.19346E-2 2.20339E-2 5.71749E-3 5.58128E-3 3.76666E-3 5.13984E-3 6.33549E-3 4.17193E-3 7.75514E-3 1.81665E-2 2.82601E-2 3.07242E-2 3.10432E-2 3.09671E-2 2.93866E-2 3.00679E-2 3.04653E-2 2.90805E-2 2.76808E-2 2.37839E-2 2.03094E-2 1.75434E-2 1.29726E-2 7.85201E-3 8.87963E-3 8.03344E-3 9.06546E-3 1.14014E-2 1.52718E-2 2.00728E-2 2.27801E-2 3.00114E-2 3.92821E-2 4.59474E-2 5.00924E-2 5.66488E-2 6.31927E-2 7.0529E-2 7.0272E-2 5.34481E-2 2.6285E-2 2.31962E-2 6.76219E-3 6.45673E-3 2.161E-3
-9999 -9999 -9999 -9999 -9999 -9999 -9999 -9999 1.37329E-3 1.24321E-3 6.66699E-3 1.88445E-2 2.85256E-2 3.6309E-2 3.79744E-2 3.81247E-2 3.87696E-2 3.83455E-2 3.81247E-2 3.60763E-2 3.55883E-2 3.1062E-2 7.05125E-3 2.07416E-3 2.64218E-3 3.29263E-3 3.04664E-3 4.01295E-3 6.6059E-3 4.89796E-3 1.11162E-2 2.73351E-2 3.10954E-2 3.14487E-2 2.95519E-2 2.87912E-2 2.7335E-2 2.7335E-2 2.29823E-2 2.08613E-2 1.73281E-2 1.43212E-2 9.48962E-3 6.17606E-3 6.26791E-3 6.45565E-3 7.52179E-3 8.17649E-3 8.68595E-3 9.59956E-3 1.35678E-2 2.82987E-2 4.18187E-2 4.63965E-2 5.24912E-2 5.84872E-2 6.38081E-2 6.85026E-2 6.99377E-2 6.61947E-2 3.37157E-2 1.7567E-2 4.71755E-3 2.84165E-3 8.80941E-4
-9999 -9999 -9999 -9999 -9999 -9999 -9999 1.65507E-4 8.43953E-4 2.20737E-3 4.5129E-3 5.98407E-3 1.05139E-2 2.78037E-2 3.30411E-2 3.51537E-2 3.6468E-2 3.81247E-2 3.93982E-2 3.91676E-2 3.8619E-2 3.79419E-2 1.41419E-2 3.6835E-3 4.25779E-3 3.59818E-3 1.45674E-3 3.55613E-3 6.73574E-3 6.64731E-3 4.89796E-3 8.94905E-3 2.73351E-2 2.91677E-2 2.60651E-2 2.46471E-2 2.40107E-2 2.40107E-2 1.70593E-2 1.64088E-2 1.66173E-2 1.36456E-2 9.61704E-3 5.43557E-3 5.53449E-3 5.01757E-3 5.64904E-3 5.92695E-3 6.82688E-3 1.06577E-2 2.12589E-2 3.75584E-2 4.20239E-2 4.65691E-2 5.27277E-2 5.7286E-2 6.24406E-2 6.61803E-2 6.83662E-2 4.92993E-2 1.83525E-2 6.27576E-3 5.20798E-3 1.3069E-3 1.16852E-3
-9999 -9999 -9999 -9999 -9999 -9999 3.73837E-5 2.02376E-4 1.33128E-4 7.36361E-4 5.6743E-3 9.20016E-3 8.88141E-3 2.23983E-2 2.76876E-2 3.30411E-2 3.60763E-2 3.83104E-2 3.92966E-2 4.02339E-2 3.88994E-2 3.76408E-2 2.86215E-2 8.74092E-3 7.31093E-3 6.51144E-3 2.76829E-3 3.05896E-3 2.67325E-3 6.56118E-3 1.05139E-2 6.29724E-3 1.65251E-2 2.43878E-2 2.24482E-2 2.03308E-2 2.06223E-2 1.7041E-2 1.03397E-2 6.94708E-3 1.32204E-2 1.70593E-2 1.35817E-2 9.12635E-3 1.06785E-2 7.53219E-3 8.10305E-3 8.48444E-3 1.21539E-2 1.90828E-2 2.9655E-2 3.6663E-2 4.15249E-2 4.65691E-2 5.02371E-2 5.59397E-2 6.02744E-2 6.23404E-2 5.6207E-2 2.17338E-2 1.35767E-2 3.51245E-3 1.86233E-3 9.26036E-4 8.06206E-4
-9999 -9999 -9999 -9999 -9999 -9999 2.37497E-4 1.0237E-4 4.05681E-5 1.10149E-3 1.61999E-3 8.70416E-3 1.3781E-2 2.17846E-2 2.80438E-2 3.19354E-2 3.46844E-2 3.79091E-2 4.02339E-2 4.04171E-2 3.92034E-2 4.21156E-2 3.19677E-2 5.31296E-3 8.51606E-3 8.00459E-3 5.58025E-3 2.96218E-3 1.68783E-3 4.82354E-3 1.72228E-2 1.75546E-2 1.95528E-2 2.20897E-2 2.27651E-2 2.18253E-2 2.12167E-2 1.68609E-2 1.50746E-2 6.92278E-3 1.26273E-2 2.46471E-2 2.24078E-2 1.94332E-2 1.83666E-2 1.51112E-2 1.56193E-2 1.70013E-2 1.82494E-2 2.24791E-2 2.93069E-2 3.55463E-2 4.08337E-2 4.56119E-2 4.97341E-2 5.33429E-2 5.03876E-2 4.74143E-2 3.68602E-2 1.83788E-2 3.30959E-3 2.9233E-3 1.03275E-3 2.01715E-4 7.40931E-4
-9999 -9999 -9999 -9999 -9999 5.95273E-3 5.76524E-3 6.40381E-3 5.06362E-3 1.03512E-2 6.87323E-4 1.02584E-3 9.46482E-3 2.20339E-2 3.09007E-2 3.19354E-2 3.63781E-2 3.96963E-2 4.1155E-2 4.07369E-2 3.97463E-2 4.2049E-2 3.98673E-2 1.19345E-2 8.56925E-3 9.20016E-3 5.99603E-3 2.2748E-3 1.97318E-3 6.00074E-3 1.15271E-2 2.20604E-2 3.03981E-2 2.82605E-2 2.98922E-2 2.99464E-2 3.03292E-2 2.84299E-2 2.7335E-2 2.62743E-2 2.90805E-2 2.97753E-2 2.95519E-2 2.68369E-2 2.53688E-2 2.34099E-2 2.39948E-2 2.30691E-2 2.39192E-2 2.70961E-2 3.10987E-2 3.57849E-2 3.70176E-2 3.15788E-2 3.3627E-2 3.72261E-2 4.95016E-2 5.02784E-2 2.2291E-2 8.22727E-3 2.53777E-3 1.99066E-3 4.30693E-4 8.91871E-5 2.03254E-3
-9999 -9999 -9999 -9999 8.50248E-4 3.60573E-3 5.95273E-3 8.01642E-3 2.8506E-2 3.40236E-2 4.9546E-3 1.53715E-4 1.24171E-3 1.08273E-2 2.46589E-2 3.26019E-2 3.77919E-2 4.18227E-2 4.20582E-2 4.32343E-2 4.22829E-2 4.30297E-2 4.00468E-2 1.83101E-2 8.39018E-3 9.73594E-3 6.51395E-3 2.35399E-3 8.23298E-4 2.46824E-3 6.36489E-3 1.06123E-2 2.65E-2 3.31506E-2 3.27631E-2 3.48576E-2 3.51323E-2 3.42346E-2 3.35552E-2 3.34198E-2 3.39821E-2 3.37207E-2 3.44786E-2 3.26174E-2 3.15268E-2 3.1062E-2 3.00157E-2 2.84079E-2 2.56829E-2 2.46736E-2 2.51732E-2 2.11042E-2 1.34993E-2 1.61608E-2 2.85746E-2 5.01142E-2 5.51085E-2 5.23851E-2 1.68948E-2 4.3644E-3 3.18297E-3 2.12076E-3 3.33679E-4 1.23104E-3 1.56458E-3
-9999 -9999 -9999 -9999 5.43637E-4 2.51217E-3 6.21009E-3 9.2317E-3 3.01633E-2 4.67811E-2 3.10809E-2 7.42187E-3 2.35315E-4 4.34153E-3 1.41627E-2 2.92431E-2 3.8072E-2 4.31595E-2 4.38025E-2 4.42934E-2 4.39187E-2 4.33628E-2 4.10033E-2 2.97355E-2 9.65846E-3 1.1688E-2 9.6877E-3 6.59011E-3 2.18514E-3 2.8228E-4 3.58634E-3 9.48828E-3 2.29387E-2 3.71658E-2 3.69675E-2 3.71647E-2 3.88994E-2 3.75958E-2 3.82484E-2 3.72233E-2 3.7896E-2 3.83455E-2 3.7798E-2 3.74237E-2 3.60492E-2 3.60399E-2 3.26019E-2 2.17965E-2 1.3828E-2 1.38128E-2 2.03267E-2 2.42226E-2 2.73556E-2 4.30363E-2 5.41311E-2 5.54614E-2 5.88974E-2 4.53502E-2 1.37376E-2 5.39197E-3 5.6236E-3 9.15359E-4 3.39668E-4 5.42295E-3 5.48705E-3
-9999 -9999 -9999 1.26921E-2 8.34276E-3 5.42295E-3 1.45027E-2 2.7568E-2 4.06925E-2 5.13135E-2 4.5739E-2 3.57097E-2 1.28318E-2 3.80538E-3 9.74594E-3 2.26963E-2 3.67892E-2 4.20429E-2 4.1988E-2 4.20429E-2 4.35643E-2 4.25263E-2 3.6663E-2 3.77877E-2 1.91016E-2 1.4252E-2 1.31121E-2 1.1057E-2 8.58816E-3 8.4887E-3 9.61771E-3 1.3443E-2 8.15653E-3 2.32477E-2 3.85511E-2 4.09916E-2 4.26171E-2 4.14636E-2 4.03683E-2 4.11528E-2 4.17333E-2 4.17098E-2 4.10217E-2 4.02339E-2 4.01963E-2 3.92034E-2 3.48638E-2 2.79197E-2 3.18396E-2 3.53054E-2 3.89825E-2 4.25709E-2 4.85046E-2 5.08737E-2 5.34446E-2 5.74885E-2 5.86569E-2 3.43275E-2 8.58624E-3 8.60444E-3 6.75063E-3 2.05304E-3 1.2531E-2 1.52333E-2 1.45285E-2
-9999 -9999 -9999 1.99521E-2 5.87384E-3 1.87372E-2 3.85957E-2 5.23135E-2 5.40624E-2 5.6483E-2 5.15072E-2 4.63466E-2 3.8934E-2 2.98244E-2 2.58297E-2 2.27316E-2 3.16514E-2 3.41593E-2 3.26521E-2 3.43401E-2 4.23395E-2 3.82046E-2 2.55017E-2 3.27997E-2 3.43847E-2 1.55844E-2 1.30489E-2 1.44274E-2 1.31121E-2 1.22688E-2 1.39065E-2 1.79547E-2 5.82955E-3 9.75488E-3 2.20098E-2 3.41631E-2 4.09322E-2 4.48956E-2 4.4618E-2 4.46174E-2 4.40267E-2 4.40285E-2 4.33593E-2 4.24373E-2 4.26171E-2 4.29414E-2 4.34952E-2 4.28146E-2 4.32125E-2 4.39003E-2 4.49913E-2 4.90099E-2 4.96251E-2 5.27926E-2 5.41311E-2 5.60481E-2 4.74189E-2 2.50451E-2 1.19745E-2 1.24925E-2 6.65929E-3 9.04983E-3 1.48104E-2 9.95157E-3 2.28424E-2
-9999 -9999 -9999 1.96782E-2 1.7908E-2 4.66911E-2 6.29186E-2 5.08489E-2 4.52656E-2 5.61136E-2 6.07857E-2 5.71786E-2 5.31065E-2 5.13135E-2 4.95432E-2 4.40081E-2 2.41637E-2 2.64956E-2 2.87883E-2 1.786E-2 3.59543E-2 3.56258E-2 1.28294E-2 1.04234E-2 3.27957E-2 1.21522E-2 1.33965E-2 1.64168E-2 1.93485E-2 1.77407E-2 1.7313E-2 1.86519E-2 1.05615E-2 3.36022E-3 1.27018E-2 1.79138E-2 3.40793E-2 4.55435E-2 4.62215E-2 4.69806E-2 4.6393E-2 4.52139E-2 4.57165E-2 4.60892E-2 4.55024E-2 4.52449E-2 4.46398E-2 4.48692E-2 4.58075E-2 4.59553E-2 4.77112E-2 4.96251E-2 5.21468E-2 5.15532E-2 5.21734E-2 4.98152E-2 2.35635E-2 1.85301E-2 9.71839E-3 1.33018E-2 1.22643E-2 1.74065E-2 2.41022E-2 3.60198E-2 3.64248E-2
-9999 -9999 2.79505E-2 5.15635E-2 5.7718E-2 7.16918E-2 7.38843E-2 6.54193E-2 6.24406E-2 6.50807E-2 6.50113E-2 6.36288E-2 6.28881E-2 6.06026E-2 5.9052E-2 5.79182E-2 5.32601E-2 4.84991E-2 4.91516E-2 4.90732E-2 4.19922E-2 3.82057E-2 2.59764E-2 2.45732E-2 4.70278E-2 2.20967E-2 1.61971E-2 2.18336E-2 2.05559E-2 2.05559E-2 1.50665E-2 1.55164E-2 1.6617E-2 1.15351E-2 1.12207E-2 8.99551E-3 1.79757E-2 3.57849E-2 4.79505E-2 5.00796E-2 5.0709E-2 4.88596E-2 5.0709E-2 4.91851E-2 4.81651E-2 4.67346E-2 4.58084E-2 4.72328E-2 4.92652E-2 4.81937E-2 5.0166E-2 5.15072E-2 5.2182E-2 5.15663E-2 4.58901E-2 2.48684E-2 1.49921E-2 1.83788E-2 1.30826E-2 1.33018E-2 1.3919E-2 1.87699E-2 2.73988E-2 1.34455E-2 4.87488E-2
-9999 -9999 7.32519E-2 6.87685E-2 7.51688E-2 8.50394E-2 8.2032E-2 7.42839E-2 5.85333E-2 6.29186E-2 7.0278E-2 6.91455E-2 6.75743E-2 6.52172E-2 6.43801E-2 6.42655E-2 6.28777E-2 6.29552E-2 6.29614E-2 6.1209E-2 5.26293E-2 5.46576E-2 5.52215E-2 6.10343E-2 6.50807E-2 4.98152E-2 4.04827E-2 3.68017E-2 3.33451E-2 2.31744E-2 1.34387E-2 2.10554E-2 1.9075E-2 2.05559E-2 1.91051E-2 6.94071E-3 1.51463E-2 2.6086E-2 4.35665E-2 5.00921E-2 5.01487E-2 5.15843E-2 5.17793E-2 5.02811E-2 4.85425E-2 4.95136E-2 4.88371E-2 4.96944E-2 4.98898E-2 5.00471E-2 5.20715E-2 4.97835E-2 4.63965E-2 4.04702E-2 2.20457E-2 1.24511E-2 1.4192E-2 1.75049E-2 1.78113E-2 2.3927E-2 2.91178E-2 2.59278E-2 3.68525E-2 5.29723E-2 5.3958E-2
-9999 -9999 1.0102E-1 9.37708E-2 9.82726E-2 9.01628E-2 8.30778E-2 8.33092E-2 7.68818E-2 6.79394E-2 7.56674E-2 7.40676E-2 7.15529E-2 7.14834E-2 6.89397E-2 6.79895E-2 6.77958E-2 6.7007E-2 6.7007E-2 6.95893E-2 6.99271E-2 6.99568E-2 7.23249E-2 7.48212E-2 7.48882E-2 7.00189E-2 6.3917E-2 5.51417E-2 4.7269E-2 3.42701E-2 1.80076E-2 1.56756E-2 3.07787E-2 3.07385E-2 2.23623E-2 2.18336E-2 1.52515E-2 2.7175E-2 4.0063E-2 4.80381E-2 4.90901E-2 4.96251E-2 4.88054E-2 5.05205E-2 5.03254E-2 5.05205E-2 5.00471E-2 4.89265E-2 4.79991E-2 4.13239E-2 3.72426E-2 3.72608E-2 2.20967E-2 1.4182E-2 1.38526E-2 1.15053E-2 1.5656E-2 2.19087E-2 2.37534E-2 2.13526E-2 3.26777E-2 2.09539E-2 2.92957E-2 5.18053E-2 3.66311E-2
-9999 1.16337E-1 1.09519E-1 1.03813E-1 1.03406E-1 1.04711E-1 1.00208E-1 8.73941E-2 9.03614E-2 7.8892E-2 8.26926E-2 7.74839E-2 7.57414E-2 7.39778E-2 7.38673E-2 7.13715E-2 7.10216E-2 7.10216E-2 7.24381E-2 7.21567E-2 7.38368E-2 7.55461E-2 7.72848E-2 8.11452E-2 8.0488E-2 8.19071E-2 7.17754E-2 7.80345E-2 7.02043E-2 3.39185E-2 2.25008E-2 1.54485E-2 3.15376E-2 3.94932E-2 3.62191E-2 2.54635E-2 3.37605E-2 2.31722E-2 2.26236E-2 3.86371E-2 4.15032E-2 4.10186E-2 4.20772E-2 4.49457E-2 4.80026E-2 4.57074E-2 4.27055E-2 4.06065E-2 3.71465E-2 3.2619E-2 1.9075E-2 1.3656E-2 1.42203E-2 1.65854E-2 1.35863E-2 1.59799E-2 1.43417E-2 2.27628E-2 2.02106E-2 2.53919E-2 3.06238E-2 2.46944E-2 1.74302E-2 5.06638E-2 6.60754E-2
-9999 1.16315E-1 1.11481E-1 1.07836E-1 1.03416E-1 1.09868E-1 1.05884E-1 1.0035E-1 9.07339E-2 8.11751E-2 7.5829E-2 7.98558E-2 7.98757E-2 7.92211E-2 7.74041E-2 7.55671E-2 7.45597E-2 7.4362E-2 7.41209E-2 7.58329E-2 7.72848E-2 7.87158E-2 8.05103E-2 8.32582E-2 8.75856E-2 8.75856E-2 9.1277E-2 9.1277E-2 8.54456E-2 6.21819E-2 3.2167E-2 3.14154E-2 2.05824E-2 3.30914E-2 4.10807E-2 4.38329E-2 3.79761E-2 4.33464E-2 3.23194E-2 2.459E-2 1.89517E-2 1.79931E-2 2.89332E-2 4.51187E-2 3.81892E-2 3.34539E-2 3.43819E-2 2.88781E-2 2.08044E-2 1.57419E-2 1.75723E-2 1.94029E-2 1.80076E-2 1.56555E-2 2.02855E-2 1.91135E-2 1.49786E-2 2.34194E-2 3.39498E-2 4.43968E-2 2.82089E-2 2.75502E-2 2.32982E-2 3.99694E-2 7.27266E-2
-9999 1.24886E-1 1.17056E-1 1.11234E-1 1.08961E-1 1.03813E-1 1.11467E-1 1.06201E-1 9.34323E-2 4.89205E-2 5.65888E-2 6.94898E-2 7.51094E-2 7.94007E-2 8.14715E-2 7.91229E-2 7.92211E-2 7.90537E-2 7.71422E-2 7.8701E-2 8.0488E-2 8.23046E-2 8.43517E-2 8.62283E-2 8.79337E-2 9.1277E-2 9.49326E-2 9.18371E-2 8.0053E-2 4.66911E-2 3.50303E-2 2.88709E-2 3.72956E-2 4.00448E-2 4.20026E-2 4.51771E-2 4.7954E-2 4.91771E-2 4.88971E-2 5.04451E-2 4.94493E-2 4.97129E-2 5.20967E-2 5.11229E-2 4.78319E-2 4.03377E-2 3.10471E-2 2.53606E-2 2.48255E-2 2.45732E-2 2.1279E-2 1.77074E-2 1.95294E-2 2.92743E-2 3.10446E-2 2.24844E-2 3.50303E-2 1.82702E-2 5.39996E-2 3.39012E-2 3.06238E-2 4.04396E-2 3.90523E-2 5.21884E-2 6.68899E-2
-9999 1.29893E-1 -9999 -9999 1.09781E-1 1.07836E-1 1.06122E-1 1.09982E-1 9.37708E-2 3.35002E-2 2.74134E-2 4.15251E-2 4.18021E-2 6.38278E-2 6.88319E-2 7.51743E-2 7.8134E-2 8.03562E-2 8.05823E-2 7.85379E-2 8.1148E-2 8.14715E-2 8.36482E-2 8.36482E-2 8.63955E-2 8.35495E-2 7.68081E-2 6.69211E-2 5.29251E-2 3.27889E-2 3.43419E-2 3.13027E-2 2.87854E-2 3.13027E-2 3.66933E-2 4.14561E-2 3.95302E-2 4.14561E-2 4.38938E-2 4.00448E-2 4.04553E-2 4.74143E-2 4.98813E-2 5.15477E-2 5.20967E-2 4.86853E-2 4.31314E-2 3.59643E-2 2.57306E-2 2.31509E-2 2.06613E-2 2.516E-2 2.69997E-2 2.66582E-2 3.17199E-2 4.41666E-2 2.24469E-2 5.45796E-2 4.43968E-2 4.96823E-2 3.11947E-2 5.05588E-2 5.58618E-2 5.87413E-2 7.03147E-2
-9999 1.31206E-1 -9999 -9999 -9999 1.13971E-1 1.19436E-1 1.13378E-1 8.68746E-2 2.86335E-2 4.03864E-2 4.12007E-2 3.47337E-2 4.44121E-2 4.51226E-2 5.57534E-2 6.87292E-2 7.60246E-2 7.26623E-2 6.1316E-2 6.79747E-2 7.48105E-2 7.3472E-2 7.03785E-2 6.91906E-2 5.45796E-2 3.6963E-2 3.20088E-2 3.5136E-2 4.96521E-2 5.83488E-2 5.57534E-2 5.44467E-2 5.36971E-2 5.89578E-2 7.04925E-2 5.7718E-2 4.23403E-2 4.43945E-2 5.16167E-2 5.29251E-2 4.95231E-2 5.06804E-2 5.15873E-2 5.45373E-2 5.12167E-2 4.6207E-2 4.03999E-2 3.15376E-2 2.48278E-2 2.21517E-2 2.41094E-2 3.10057E-2 3.50303E-2 2.95284E-2 5.52918E-2 5.98668E-2 7.64103E-2 3.49544E-2 6.20491E-2 4.48997E-2 8.38478E-2 4.89359E-2 6.86058E-2 8.86578E-2
-9999 -9999 -9999 -9999 -9999 1.18691E-1 1.20633E-1 1.15863E-1 1.00049E-1 3.69664E-2 6.27085E-2 5.93077E-2 6.83327E-2 6.87767E-2 6.41663E-2 6.60443E-2 6.53667E-2 6.59012E-2 5.44467E-2 5.38717E-2 6.87292E-2 6.17489E-2 4.63365E-2 4.54098E-2 3.17962E-2 3.02911E-2 5.20152E-2 6.7815E-2 5.50262E-2 4.68317E-2 6.53667E-2 5.36971E-2 5.23622E-2 6.56415E-2 7.29837E-2 7.93344E-2 9.69973E-2 9.34323E-2 8.94132E-2 7.87896E-2 6.8272E-2 6.1978E-2 5.98252E-2 5.80842E-2 5.60122E-2 5.37754E-2 4.79472E-2 3.85957E-2 3.22565E-2 3.42944E-2 3.42944E-2 3.38205E-2 4.1475E-2 5.29506E-2 6.9488E-2 7.62422E-2 8.0799E-2 9.29919E-2 8.95788E-2 8.81436E-2 1.05119E-1 1.26924E-1 9.03716E-2 8.0446E-2 1.08724E-1
-9999 1.57044E-1 1.476E-1 -9999 -9999 1.15876E-1 1.15249E-1 1.19311E-1 9.21335E-2 6.65987E-2 8.39779E-2 8.27814E-2 6.08251E-2 7.52014E-2 8.48761E-2 8.12725E-2 8.46866E-2 8.37877E-2 8.03804E-2 8.11674E-2 8.2037E-2 7.594E-2 7.19502E-2 7.47601E-2 6.70997E-2 6.53667E-2 6.59012E-2 7.84666E-2 6.97345E-2 7.12624E-2 9.08652E-2 8.52788E-2 9.13941E-2 9.86146E-2 9.71156E-2 1.02652E-1 1.12932E-1 8.95788E-2 8.41555E-2 9.39484E-2 9.10991E-2 8.92332E-2 8.59447E-2 7.7746E-2 7.33265E-2 6.74078E-2 6.392E-2 5.82962E-2 5.70222E-2 4.90268E-2 3.63721E-2 3.24243E-2 5.93614E-2 7.59553E-2 8.29132E-2 8.87013E-2 9.81271E-2 1.08915E-1 1.10713E-1 1.00757E-1 1.36291E-1 1.45644E-1 1.0495E-1 8.201E-2 1.37592E-1
1.69665E-1 1.63988E-1 1.50934E-1 -9999 -9999 1.15876E-1 1.15249E-1 1.18422E-1 9.58439E-2 1.0238E-1 9.61451E-2 9.43991E-2 8.41555E-2 9.05732E-2 8.98169E-2 8.65047E-2 8.69567E-2 8.93279E-2 8.84309E-2 8.74213E-2 8.83709E-2 8.74213E-2 8.46866E-2 8.46866E-2 8.55922E-2 8.22126E-2 8.53379E-2 8.93539E-2 8.92332E-2 9.4622E-2 9.76016E-2 1.04569E-1 1.07978E-1 1.14515E-1 1.20495E-1 1.2409E-1 1.2379E-1 1.16602E-1 1.08017E-1 1.06943E-1 1.0633E-1 1.03344E-1 9.66743E-2 9.19508E-2 8.42801E-2 7.51743E-2 7.08845E-2 6.53932E-2 5.63533E-2 4.95231E-2 6.0247E-2 7.07333E-2 7.23443E-2 7.31355E-2 9.05732E-2 9.56039E-2 1.05255E-1 1.16967E-1 1.18546E-1 1.27348E-1 1.45699E-1 1.61208E-1 1.48669E-1 9.96851E-2 1.3567E-1
1.50856E-1 1.63993E-1 -9999 -9999 -9999 -9999 1.12957E-1 1.14723E-1 1.10193E-1 1.04614E-1 1.02467E-1 9.43991E-2 8.77137E-2 9.03406E-2 9.3683E-2 8.97812E-2 9.1264E-2 8.82848E-2 8.82848E-2 8.74745E-2 8.82848E-2 8.83836E-2 8.84309E-2 8.84267E-2 8.82638E-2 9.00135E-2 9.21235E-2 8.71533E-2 9.2215E-2 9.6015E-2 9.70162E-2 1.0467E-1 1.08831E-1 1.16405E-1 1.28514E-1 1.31028E-1 1.24272E-1 1.17099E-1 1.10657E-1 1.06118E-1 1.08357E-1 1.09601E-1 1.02467E-1 9.72491E-2 8.46855E-2 6.96021E-2 7.13255E-2 7.13255E-2 7.07333E-2 7.42704E-2 7.33265E-2 7.10623E-2 7.37543E-2 8.59447E-2 9.567E-2 1.02287E-1 9.70598E-2 1.1573E-1 1.28457E-1 1.35885E-1 1.57279E-1 1.59463E-1 1.72753E-1 1.47488E-1 1.57953E-1
9.38221E-2 1.43479E-1 -9999 -9999 -9999 -9999 1.07236E-1 1.07415E-1 1.06607E-1 1.04614E-1 1.02327E-1 9.65644E-2 9.68871E-2 9.49326E-2 9.25776E-2 9.10509E-2 9.02913E-2 8.93131E-2 8.79337E-2 8.51278E-2 8.70277E-2 8.74768E-2 8.83836E-2 8.65301E-2 8.84267E-2 9.02923E-2 9.30328E-2 9.20381E-2 9.29103E-2 9.45151E-2 9.69856E-2 9.97309E-2 1.05674E-1 1.11085E-1 1.18035E-1 1.24272E-1 1.21838E-1 1.15195E-1 1.04743E-1 9.8489E-2 1.05846E-1 1.06118E-1 1.06201E-1 9.26791E-2 8.62423E-2 7.56459E-2 7.26623E-2 5.64975E-2 6.24724E-2 7.37543E-2 7.39818E-2 8.2037E-2 8.87013E-2 9.567E-2 1.01479E-1 1.04226E-1 1.12369E-1 1.2519E-1 1.32644E-1 1.35892E-1 1.55215E-1 1.60898E-1 1.71342E-1 1.78212E-1 1.59362E-1
-9999 1.45156E-1 -9999 -9999 -9999 -9999 1.03932E-1 1.04466E-1 1.02081E-1 1.00793E-1 1.01065E-1 9.45151E-2 9.45378E-2 9.29488E-2 9.05231E-2 9.05231E-2 9.05093E-2 8.75932E-2 8.60831E-2 8.60739E-2 8.62283E-2 8.54376E-2 8.55924E-2 8.74745E-2 8.7428E-2 8.83836E-2 8.84267E-2 9.10509E-2 9.10364E-2 8.996E-2 9.35225E-2 9.49801E-2 9.92139E-2 1.04791E-1 1.06593E-1 1.03932E-1 1.01742E-1 1.00668E-1 9.93444E-2 9.84469E-2 1.01742E-1 9.8218E-2 9.70426E-2 9.29103E-2 8.90993E-2 8.52974E-2 8.09171E-2 7.5829E-2 8.28958E-2 8.37877E-2 8.2037E-2 8.83504E-2 9.33952E-2 1.00342E-1 1.03398E-1 1.07303E-1 1.12932E-1 1.20967E-1 1.3023E-1 1.45644E-1 1.48098E-1 1.56616E-1 1.7278E-1 1.74288E-1 1.72835E-1
-9999 1.11803E-1 -9999 -9999 -9999 -9999 -9999 -9999 -9999 9.86767E-2 -9999 9.39606E-2 9.39306E-2 9.00327E-2 8.87747E-2 9.00327E-2 8.89793E-2 8.60831E-2 8.60831E-2 8.52272E-2 8.60273E-2 8.63792E-2 8.45365E-2 8.57767E-2 8.4151E-2 8.69768E-2 8.7428E-2 8.81348E-2 8.83426E-2 8.7989E-2 8.95388E-2 9.05231E-2 9.35021E-2 9.40449E-2 9.79464E-2 9.69314E-2 1.01823E-1 1.00494E-1 9.89688E-2 9.8218E-2 9.69314E-2 9.50631E-2 9.20315E-2 8.75856E-2 8.62283E-2 8.27826E-2 8.21336E-2 8.52974E-2 8.65301E-2 9.03614E-2 8.55922E-2 8.88768E-2 9.567E-2 9.91606E-2 1.00004E-1 1.07471E-1 1.16967E-1 1.25304E-1 1.30126E-1 1.38752E-1 1.38997E-1 1.45699E-1 1.44343E-1 1.55677E-1 1.69252E-1
