KUENM/Final_Models/M_0.1_F_lq_Set_2_E/sp1_median.asc
ncols         197
nrows         210
xllcorner     56.1666666666667
yllcorner     4.5
cellsize      0.166666666666667
NODATA_value  -9999
[rows 28 to 55 of 210, columns 65 to 129 of 197]
2.03682E-9 5.88071E-10 8.41961E-11 3.32635E-10 3.01769E-9 1.40927E-8 6.0496E-10 2.23551E-10 6.38139E-9 2.2494E-8 4.42293E-9 4.59758E-10 5.0415E-4 1.37965E-3 1.18196E-4 8.51303E-3 5.9066E-3 5.14833E-4 3.47719E-2 5.78549E-2 1.13252E-2 5.63126E-5 2.49646E-4 3.07693E-2 9.24265E-2 1.74604E-2 1.30818E-1 1.24285E-1 1.07505E-1 2.02014E-2 4.09813E-2 3.34372E-2 5.91492E-3 4.24158E-4 3.49734E-3 2.96652E-3 3.55936E-4 3.49575E-6 2.83585E-7 3.43517E-6 4.67865E-10 3.49725E-8 1.51103E-6 1.93656E-6 1.561E-6 8.10002E-8 2.61679E-8 9.21749E-10 1.1729E-10 8.0601E-12 5.8741E-13 1.2622E-13 5.00409E-13 1.61929E-14 4.43188E-12 4.78638E-10 9.56311E-15 4.61043E-16 3.49301E-16 3.65869E-13 1.07201E-12 1.34284E-12 7.46042E-15 3.07217E-12 1.51229E-19
3.00839E-11 3.69761E-11 1.11797E-10 2.23449E-11 4.52861E-11 8.01304E-12 1.44907E-10 1.21249E-9 1.13648E-10 1.06024E-10 1.07872E-9 3.05194E-7 2.86377E-4 8.38725E-4 4.72711E-4 5.60154E-3 2.81711E-2 4.56227E-2 8.94852E-2 1.04959E-1 1.01549E-1 1.30897E-1 1.27115E-1 1.15383E-1 3.82659E-2 1.92788E-1 2.357E-1 1.17256E-1 1.6577E-1 2.13188E-1 1.92355E-1 2.32806E-2 2.68444E-2 5.37675E-3 5.78404E-3 1.4661E-4 3.21303E-4 2.82996E-4 1.63109E-4 2.31967E-6 8.3338E-7 3.00377E-5 8.61013E-6 1.61338E-4 2.61068E-5 4.91985E-8 1.80375E-8 1.39287E-8 2.59174E-9 3.41148E-11 1.09776E-13 3.6091E-13 5.06335E-13 1.20052E-11 1.0269E-9 4.47576E-11 2.24554E-10 8.81145E-11 7.86877E-16 6.42759E-17 8.31494E-17 1.0359E-15 1.53158E-11 2.35171E-9 7.23323E-16
1.04388E-9 1.86341E-10 1.16644E-9 3.05807E-9 1.83274E-8 2.2032E-8 3.83985E-9 4.18467E-9 2.3945E-9 7.84468E-8 3.84226E-6 7.4633E-6 1.34136E-4 2.20062E-4 9.73539E-5 1.62479E-4 3.0257E-3 1.2574E-2 5.83672E-2 1.01043E-1 9.47213E-2 1.20795E-1 1.58294E-1 1.76041E-1 1.64218E-1 2.25951E-1 2.52573E-1 2.80106E-1 3.8926E-1 4.10772E-1 3.80325E-1 2.12037E-1 9.74545E-2 5.38844E-2 1.13273E-2 9.66832E-4 1.62401E-4 2.25232E-5 9.93452E-5 5.74973E-4 1.01638E-3 3.52392E-6 6.93172E-5 3.3328E-3 6.85843E-4 8.05299E-4 1.4298E-6 5.17643E-10 7.58208E-11 1.52147E-11 3.20718E-13 2.94966E-12 1.28202E-11 1.09971E-11 2.70443E-11 4.66418E-11 3.28078E-11 1.45029E-10 3.2208E-10 9.71931E-14 4.32481E-16 2.07447E-17 1.13081E-16 3.32733E-16 2.15863E-11
5.99459E-10 5.94107E-9 8.48338E-9 6.45847E-10 5.42786E-10 1.07065E-8 2.67827E-8 1.76393E-7 1.10343E-7 2.01521E-7 1.16967E-6 8.88679E-6 1.48023E-4 6.18075E-5 6.74917E-7 9.31238E-7 3.08614E-4 2.84235E-3 3.77074E-2 9.02878E-2 1.25239E-1 1.31983E-1 1.60671E-1 1.9236E-1 2.29051E-1 2.53704E-1 3.0842E-1 3.82896E-1 4.26518E-1 4.51866E-1 4.56006E-1 4.48084E-1 3.67395E-1 1.70719E-1 1.95631E-2 1.91497E-2 7.89595E-4 2.06644E-4 2.02634E-4 6.63661E-3 3.78125E-4 5.03853E-6 2.92356E-7 3.01556E-4 4.41671E-3 6.13894E-3 5.57627E-4 7.88433E-6 1.35159E-8 9.96691E-10 2.64278E-11 5.61351E-13 1.39024E-14 7.94232E-12 3.86828E-13 1.32346E-13 1.13366E-13 7.3711E-13 7.27168E-12 9.35227E-11 1.33159E-10 8.50877E-10 1.52034E-12 4.52224E-14 8.14676E-15
7.38572E-9 2.93765E-8 1.44138E-9 9.93967E-10 9.50258E-10 1.10142E-8 4.49833E-8 4.01886E-8 4.7127E-7 3.35787E-6 1.55412E-5 5.15358E-5 1.52711E-4 3.08626E-5 2.72428E-8 5.6654E-7 4.37638E-7 5.57985E-9 8.0058E-7 4.48066E-4 7.43207E-3 4.61669E-2 1.15291E-1 1.09321E-1 1.32798E-1 1.75019E-1 3.3653E-1 3.72558E-1 4.27514E-1 4.54731E-1 4.66336E-1 4.55726E-1 4.65166E-1 4.51319E-1 2.43705E-1 2.13338E-1 5.55067E-3 1.01656E-3 1.49445E-4 2.55616E-2 3.81198E-3 3.56974E-4 3.20981E-4 4.20325E-6 8.3281E-5 3.37113E-3 5.31528E-3 6.34258E-4 2.09057E-7 5.63162E-9 1.53267E-10 1.68268E-11 3.34227E-14 3.61788E-12 8.04143E-16 6.40504E-15 2.47555E-15 1.17251E-15 3.54235E-16 5.10398E-13 6.80483E-14 7.17402E-11 4.50165E-11 2.27186E-8 6.88835E-12
7.63377E-8 1.87063E-8 7.53891E-10 3.76998E-10 2.3048E-10 4.2431E-9 4.87675E-9 1.2665E-8 2.05926E-7 1.42757E-6 8.92671E-6 8.98847E-5 8.59589E-5 5.12841E-6 1.12151E-7 4.34769E-6 6.79891E-5 7.92693E-4 1.98481E-3 3.67473E-5 2.0678E-6 2.17805E-5 1.4803E-3 2.62454E-2 1.1084E-1 2.11602E-1 3.5356E-1 3.87237E-1 3.99374E-1 3.60087E-1 3.75255E-1 4.53824E-1 4.78333E-1 4.52029E-1 3.21085E-1 2.05883E-1 1.29061E-2 8.59342E-3 5.12935E-3 6.44988E-2 3.49633E-2 1.14023E-3 4.65391E-4 5.61345E-6 2.63179E-9 1.42654E-5 1.09345E-3 5.88704E-3 1.05562E-3 1.3004E-5 6.1183E-10 1.16718E-9 3.70407E-12 6.88732E-14 2.32515E-14 3.44112E-15 3.0913E-15 6.74105E-15 6.34298E-14 8.36344E-13 2.42358E-11 1.05887E-10 1.83166E-13 1.19612E-13 3.86965E-9
2.99722E-9 1.66083E-10 1.70902E-9 7.48004E-11 1.29903E-9 3.74883E-9 4.95747E-9 5.45551E-7 3.28289E-6 2.31574E-6 1.04018E-6 1.02719E-5 2.54901E-6 1.69296E-6 8.9441E-6 1.44339E-5 7.5473E-4 2.79772E-3 1.97664E-2 4.8681E-2 2.02615E-2 2.36827E-3 5.27001E-3 9.73114E-3 7.27155E-2 1.61967E-1 2.54415E-1 3.58297E-1 2.5399E-1 3.325E-1 4.27389E-1 4.38348E-1 4.59049E-1 4.47685E-1 3.81804E-1 1.63597E-1 5.67029E-2 5.79996E-2 5.71383E-2 1.02447E-1 3.48272E-2 8.77427E-2 7.76218E-2 4.09609E-3 5.00279E-8 6.57545E-9 2.35488E-5 1.37066E-3 7.59919E-3 1.81743E-3 2.45984E-7 1.75885E-8 3.02292E-9 9.70574E-11 1.53844E-14 4.80629E-16 5.22405E-14 2.69565E-14 1.85608E-13 1.33796E-11 1.7698E-15 3.32669E-13 1.43624E-14 2.94E-16 7.79087E-12
4.7879E-10 9.95742E-9 1.00644E-9 3.95454E-11 4.44439E-9 7.47758E-9 5.68388E-8 9.95329E-7 1.77883E-5 8.93002E-6 4.2039E-6 5.42909E-6 2.38621E-5 3.41715E-5 4.78867E-6 2.56384E-6 9.76095E-4 2.62227E-2 5.58502E-2 1.14437E-1 8.43639E-2 3.39121E-2 7.4724E-2 1.05004E-1 2.56262E-1 3.57352E-1 4.36649E-1 4.05368E-1 3.95909E-1 4.56729E-1 4.50006E-1 4.28158E-1 4.28363E-1 4.31896E-1 3.93957E-1 2.5886E-1 1.63717E-1 1.41902E-1 1.05443E-1 1.13239E-1 1.34433E-1 1.79196E-1 1.37106E-1 2.57178E-2 4.62224E-5 1.06228E-9 4.22492E-8 1.36126E-5 1.25868E-4 1.71126E-4 1.05613E-6 2.14216E-8 8.65362E-7 1.82524E-9 2.67271E-12 9.08524E-14 7.38276E-15 9.39759E-15 1.17439E-12 2.06691E-11 3.65217E-13 3.5255E-15 1.08934E-13 4.47242E-16 2.16311E-14
1.51747E-8 3.54405E-9 5.52888E-9 6.17487E-10 2.71724E-9 1.46019E-9 2.28097E-7 9.5085E-6 5.15846E-5 6.63973E-5 3.25922E-5 9.81561E-5 9.68415E-5 3.14759E-6 8.67219E-5 1.65293E-4 9.30524E-3 5.61243E-2 1.13528E-1 1.22047E-1 1.75352E-1 2.13542E-1 2.4112E-1 2.53153E-1 3.24517E-1 4.26518E-1 4.92836E-1 4.88156E-1 4.73902E-1 4.7989E-1 4.6255E-1 4.41269E-1 4.55274E-1 4.41049E-1 4.29771E-1 4.11498E-1 3.17346E-1 2.71906E-1 2.35762E-1 1.6855E-1 1.11806E-1 1.39267E-1 1.6146E-1 1.03269E-1 2.15765E-2 1.19564E-5 7.34071E-5 1.63252E-6 4.96222E-7 1.5804E-5 1.14798E-7 1.76286E-5 2.1453E-4 5.42401E-6 3.34867E-10 5.62107E-10 5.70974E-11 2.89432E-15 3.2525E-15 1.10054E-11 3.37172E-15 9.39575E-14 1.22278E-14 1.3786E-14 4.83604E-15
4.7162E-9 2.35092E-9 3.1159E-8 2.51203E-8 3.87119E-8 1.11536E-6 1.31866E-5 4.3089E-5 7.08744E-5 5.14772E-5 9.18957E-5 9.89221E-5 1.19023E-5 1.73596E-6 1.04255E-4 2.1544E-3 2.61346E-2 5.37758E-2 6.61535E-2 1.60114E-1 2.32044E-1 2.68515E-1 2.76916E-1 3.5165E-1 3.9113E-1 4.18815E-1 4.38065E-1 4.52732E-1 4.79124E-1 4.57412E-1 4.59596E-1 4.68174E-1 4.62381E-1 4.78407E-1 5.01509E-1 4.71401E-1 4.26834E-1 4.08479E-1 3.81326E-1 2.38732E-1 1.21284E-1 1.16179E-1 2.00144E-1 1.99993E-1 1.56005E-1 4.47601E-2 1.45972E-2 1.04999E-3 1.09759E-3 5.66313E-4 1.15777E-5 4.52856E-6 1.43857E-4 1.38755E-6 1.52716E-7 8.27316E-8 7.16007E-12 4.53564E-13 1.51944E-15 2.44986E-14 2.83442E-13 2.4148E-13 5.68517E-13 1.59966E-13 8.26912E-14
1.08598E-8 2.49391E-8 3.74294E-7 2.33085E-7 1.15031E-6 9.77408E-6 3.43188E-5 5.069E-5 2.11207E-5 1.60665E-5 7.19212E-5 4.49287E-5 7.08839E-6 1.8108E-5 7.60005E-5 4.91517E-4 3.79684E-3 4.1824E-2 1.29004E-1 2.29375E-1 2.88341E-1 3.28508E-1 3.60263E-1 4.0017E-1 4.08054E-1 3.27449E-1 3.28985E-1 4.24501E-1 4.88979E-1 4.85754E-1 4.83354E-1 4.66124E-1 4.70843E-1 4.7667E-1 4.82571E-1 4.73119E-1 4.69536E-1 4.65987E-1 4.44186E-1 3.57198E-1 2.31623E-1 1.5307E-1 1.89145E-1 1.75586E-1 1.04306E-1 6.52055E-2 8.18064E-3 4.81289E-3 1.27914E-3 1.82465E-4 1.40486E-4 1.8748E-4 6.72891E-5 2.52452E-5 1.71881E-7 9.10831E-9 1.84489E-7 2.51654E-11 1.91026E-13 1.25796E-15 3.92056E-15 6.00489E-14 2.32515E-14 1.55012E-13 2.37726E-14
8.15241E-8 4.25026E-6 4.94453E-7 1.34979E-6 6.48295E-6 2.32965E-5 4.11455E-5 2.72005E-5 3.10689E-5 9.19917E-5 3.52313E-5 1.25756E-5 4.18105E-5 1.80057E-4 1.58108E-3 7.00164E-3 2.66283E-2 4.86902E-2 1.68663E-1 2.57833E-1 3.12335E-1 3.38897E-1 3.66864E-1 3.96921E-1 3.87603E-1 4.48365E-1 4.67014E-1 4.76892E-1 4.7364E-1 4.65196E-1 4.57824E-1 4.34864E-1 4.35572E-1 4.36061E-1 4.32821E-1 4.58585E-1 4.89939E-1 5.21489E-1 5.17407E-1 4.72228E-1 3.92179E-1 3.01108E-1 2.30247E-1 1.6666E-1 6.98406E-2 1.11687E-2 9.34208E-4 2.06857E-4 1.16552E-5 3.69834E-5 1.27628E-5 5.7789E-7 1.35126E-6 1.15425E-6 1.86086E-6 1.15707E-6 1.36276E-7 3.31755E-10 1.32603E-12 9.60242E-13 3.63411E-15 3.25178E-15 2.71068E-14 5.82946E-13 2.27178E-14
2.0142E-6 1.82035E-5 7.49845E-6 2.12495E-5 4.26617E-5 4.30812E-5 6.27861E-5 7.64218E-5 1.17493E-4 8.5929E-5 1.09781E-5 5.26445E-5 6.80921E-5 6.33218E-4 2.43829E-4 5.63563E-4 2.77331E-4 8.08032E-3 7.41889E-2 2.03222E-1 3.07742E-1 3.34501E-1 3.60409E-1 3.81882E-1 3.9832E-1 4.26158E-1 4.46612E-1 4.54028E-1 4.22287E-1 4.48254E-1 4.28004E-1 3.90215E-1 3.75157E-1 3.674E-1 3.68711E-1 3.99464E-1 4.42432E-1 5.31408E-1 5.60602E-1 5.53973E-1 5.07526E-1 4.63968E-1 4.00811E-1 2.96801E-1 1.54295E-1 4.32144E-2 8.53563E-3 9.83615E-4 1.73723E-5 2.4004E-7 8.12075E-6 5.4847E-7 1.14108E-7 6.35726E-9 1.31849E-9 2.28158E-7 3.68475E-8 2.231E-9 1.60377E-9 4.64986E-13 5.00176E-13 3.31635E-12 1.11799E-14 3.63411E-15 2.10265E-14
7.23776E-5 1.98836E-5 6.05458E-5 5.16454E-5 3.99877E-5 8.58511E-5 1.16737E-4 1.27095E-4 1.21787E-4 6.84791E-5 1.40818E-4 6.09985E-4 1.99027E-4 4.91855E-4 6.65232E-5 8.63933E-5 1.10186E-3 1.55591E-2 7.00117E-2 1.14104E-1 2.89738E-1 3.29145E-1 3.42819E-1 3.63826E-1 3.80616E-1 4.02351E-1 4.2708E-1 4.35915E-1 4.33704E-1 3.51639E-1 3.19825E-1 3.09181E-1 3.77382E-1 4.32149E-1 4.75575E-1 4.88979E-1 5.22961E-1 5.54303E-1 5.70713E-1 5.7833E-1 5.79678E-1 5.66399E-1 5.38094E-1 4.75135E-1 3.65242E-1 3.18531E-1 1.56006E-1 3.63071E-2 3.02263E-3 2.98953E-5 2.6359E-7 1.42351E-8 1.17972E-9 3.17384E-12 1.80263E-14 2.97416E-10 1.23485E-7 1.35635E-9 1.88516E-10 4.89699E-9 9.6099E-10 1.88137E-11 1.00119E-14 2.59871E-14 4.64091E-15
3.93143E-5 1.56531E-4 1.09232E-4 2.37147E-5 7.29873E-5 1.36296E-4 1.41496E-4 9.61625E-5 9.83834E-5 1.22626E-4 2.59128E-4 1.72797E-3 1.22521E-3 4.13328E-4 7.12145E-4 4.33022E-3 9.68691E-3 6.08545E-2 1.77089E-1 2.46941E-1 2.88093E-1 3.10941E-1 3.2551E-1 3.26591E-1 3.32309E-1 3.65212E-1 3.88581E-1 4.0519E-1 4.16183E-1 4.15839E-1 3.90832E-1 4.52968E-1 4.86955E-1 4.87187E-1 4.8129E-1 4.70435E-1 4.95962E-1 5.23051E-1 5.50765E-1 5.68122E-1 5.77509E-1 5.82916E-1 5.78244E-1 5.68971E-1 5.26019E-1 5.35542E-1 4.53047E-1 2.6769E-1 1.03195E-1 1.97037E-2 8.20011E-4 6.02894E-6 1.43606E-7 1.00343E-12 7.18639E-17 1.97986E-10 6.52726E-10 1.8741E-7 5.95339E-9 1.88045E-9 1.3553E-8 1.90043E-9 8.09378E-14 2.11248E-12 2.40017E-13
5.31873E-4 2.49542E-4 7.42795E-5 1.44498E-4 1.25129E-4 8.84945E-5 5.67834E-5 6.13919E-5 6.67985E-5 4.65697E-5 1.36561E-4 1.04456E-3 7.46571E-3 5.2333E-3 1.31095E-2 4.24792E-2 5.11111E-2 1.10312E-1 2.01771E-1 2.59189E-1 2.69196E-1 2.85975E-1 3.01133E-1 3.10078E-1 3.13619E-1 3.31762E-1 3.47864E-1 3.62152E-1 3.778E-1 4.01019E-1 4.27708E-1 4.52964E-1 4.7408E-1 4.75514E-1 4.67469E-1 4.60131E-1 4.65975E-1 4.92532E-1 5.16388E-1 5.44212E-1 5.60625E-1 5.67772E-1 5.77509E-1 5.7817E-1 5.70454E-1 5.64646E-1 5.41383E-1 4.61678E-1 3.46606E-1 1.71627E-1 3.48974E-2 1.27611E-3 5.0536E-6 1.67613E-9 1.75921E-18 1.44299E-21 9.23281E-10 1.52403E-7 7.46853E-8 1.46362E-9 9.2412E-9 2.02009E-7 2.36698E-11 1.18883E-12 2.75234E-15
5.54149E-4 1.03495E-4 1.70687E-4 1.1171E-4 6.08678E-5 4.55196E-5 5.19142E-5 1.13644E-4 1.11763E-4 2.50746E-4 5.58675E-4 3.25095E-4 1.1317E-2 2.87783E-2 4.71019E-2 8.33046E-2 1.27463E-1 1.44048E-1 2.2804E-1 2.46717E-1 2.58484E-1 2.66643E-1 2.79781E-1 2.84336E-1 2.86377E-1 2.92537E-1 3.02391E-1 3.13884E-1 3.29761E-1 3.55663E-1 3.85663E-1 4.1601E-1 4.47971E-1 4.60021E-1 4.61446E-1 4.42717E-1 4.3756E-1 4.55034E-1 4.70932E-1 5.00093E-1 5.32668E-1 5.54199E-1 5.73801E-1 5.77293E-1 5.7283E-1 5.70782E-1 5.5783E-1 5.34291E-1 4.65066E-1 3.29013E-1 1.52617E-1 3.0046E-2 4.26694E-4 3.5665E-7 3.83948E-11 8.49617E-20 2.69327E-24 1.07064E-17 3.25519E-10 1.29502E-7 1.84024E-8 2.91888E-7 2.45811E-8 1.31808E-12 6.14218E-15
2.48927E-4 1.75304E-4 1.22626E-4 2.69886E-4 1.42449E-4 1.15601E-4 1.52031E-4 2.24728E-4 4.38614E-4 6.11904E-4 1.46319E-3 1.21442E-3 4.90649E-3 3.86168E-2 7.323E-2 7.9099E-2 1.066E-1 6.42934E-2 2.08845E-1 2.32502E-1 2.45546E-1 2.55297E-1 2.61742E-1 2.58484E-1 2.58484E-1 2.60112E-1 2.61503E-1 2.74844E-1 2.8968E-1 3.04034E-1 3.37762E-1 3.79429E-1 4.08162E-1 4.22058E-1 4.24334E-1 4.12041E-1 4.15114E-1 4.17905E-1 4.41311E-1 4.67014E-1 5.06732E-1 5.47722E-1 5.743E-1 5.81286E-1 5.78351E-1 5.70782E-1 5.54081E-1 5.39651E-1 5.01698E-1 4.29682E-1 2.98855E-1 1.47016E-1 6.76063E-3 1.00575E-5 5.65337E-10 4.58165E-11 4.10065E-17 1.96706E-15 1.8817E-12 2.42856E-10 3.67202E-9 1.84557E-8 7.58079E-8 1.18699E-10 1.94183E-12
1.56939E-4 3.47964E-4 8.6641E-4 2.86479E-4 3.73778E-4 3.58141E-4 5.04508E-4 5.57158E-4 8.68312E-4 1.35556E-3 2.67101E-3 2.60195E-3 7.40689E-3 9.52013E-3 6.03711E-2 7.39933E-2 4.6641E-2 2.5042E-2 1.8634E-1 2.2598E-1 2.29518E-1 2.39098E-1 2.39098E-1 2.35937E-1 2.1553E-1 2.1863E-1 2.26445E-1 2.40725E-1 2.50375E-1 2.66643E-1 2.97464E-1 3.31762E-1 3.68443E-1 3.89625E-1 3.91831E-1 3.85867E-1 3.80394E-1 4.0067E-1 4.17929E-1 4.45296E-1 4.83744E-1 5.34295E-1 5.71196E-1 5.86157E-1 5.7816E-1 5.64422E-1 5.43389E-1 5.23598E-1 5.16042E-1 4.81333E-1 4.04621E-1 3.0656E-1 9.1641E-2 2.13539E-4 1.7725E-9 3.01826E-9 4.43855E-8 4.14918E-10 1.84291E-10 6.0224E-8 2.6035E-8 1.89626E-7 3.13269E-8 8.52561E-9 2.40488E-11
1.25164E-3 1.11144E-3 7.63211E-4 5.73085E-4 6.52807E-4 8.16395E-4 8.60822E-4 1.03245E-3 1.41155E-3 2.01285E-3 4.17191E-3 4.89186E-3 5.95122E-3 1.4334E-2 3.92065E-2 5.94954E-2 1.03814E-2 7.77178E-3 1.3687E-1 2.12433E-1 2.22964E-1 2.22608E-1 2.16676E-1 2.10452E-1 1.95552E-1 1.95552E-1 2.0309E-1 2.13831E-1 2.29518E-1 2.42316E-1 2.63374E-1 2.996E-1 3.31762E-1 3.63728E-1 3.82439E-1 3.77452E-1 3.75305E-1 3.82865E-1 3.93313E-1 4.2215E-1 4.64538E-1 5.20292E-1 5.6631E-1 5.90209E-1 5.83396E-1 5.65741E-1 5.48241E-1 5.31794E-1 5.359E-1 5.18774E-1 4.8088E-1 4.16194E-1 2.65827E-1 7.19211E-2 3.34497E-3 4.99818E-4 3.63722E-5 1.07376E-4 5.45737E-6 7.04797E-7 8.7652E-8 6.3004E-9 2.24757E-8 8.99089E-8 1.03588E-6
1.62825E-3 1.22149E-3 8.08187E-4 5.09657E-4 4.13124E-4 5.68333E-4 8.59144E-4 9.21973E-4 1.85574E-3 2.51496E-3 3.3192E-3 2.62315E-3 4.51118E-3 2.23513E-2 5.94666E-2 3.26605E-2 1.37369E-2 2.10715E-2 9.75991E-2 2.08228E-1 2.13555E-1 2.06948E-1 2.04867E-1 2.00254E-1 1.8876E-1 1.85799E-1 1.8876E-1 1.93705E-1 2.04297E-1 2.16676E-1 2.40557E-1 2.6513E-1 3.04563E-1 3.50285E-1 3.80993E-1 3.97694E-1 3.95632E-1 3.85084E-1 3.77452E-1 4.01581E-1 4.41387E-1 4.8928E-1 5.43985E-1 5.72295E-1 5.72132E-1 5.70516E-1 5.61552E-1 5.61757E-1 5.60084E-1 5.50301E-1 5.1783E-1 4.8267E-1 4.33002E-1 3.16902E-1 1.14709E-1 4.41638E-2 7.98266E-3 2.55584E-3 3.49961E-4 3.1913E-6 4.19158E-7 1.46231E-6 5.37704E-6 1.7878E-5 9.44164E-7
1.07845E-3 9.12059E-4 6.42306E-4 5.77009E-4 5.26384E-4 6.12028E-4 9.10849E-4 1.23521E-3 9.61621E-4 1.46319E-3 2.05494E-3 3.73274E-3 1.08655E-2 3.48751E-2 3.2164E-2 1.69753E-2 1.81648E-2 3.35077E-2 6.7605E-2 1.98128E-1 2.06328E-1 2.01125E-1 1.99588E-1 1.90474E-1 1.83729E-1 1.80794E-1 1.73556E-1 1.76434E-1 1.79943E-1 1.8876E-1 2.08494E-1 2.40557E-1 2.85073E-1 3.44742E-1 3.99509E-1 4.23635E-1 4.13043E-1 3.8705E-1 3.70009E-1 3.83979E-1 4.18437E-1 4.52098E-1 4.96119E-1 5.26759E-1 5.41814E-1 5.50488E-1 5.55827E-1 5.58616E-1 5.69985E-1 5.76328E-1 5.60744E-1 5.39149E-1 5.46732E-1 4.91412E-1 3.60269E-1 1.39888E-1 7.435E-2 9.62424E-3 7.36025E-4 3.24729E-5 2.28706E-4 1.27839E-4 2.70884E-6 4.32282E-7 2.09399E-6
3.86049E-4 3.8908E-4 4.58626E-4 2.40571E-4 3.86049E-4 6.86509E-4 9.5673E-4 9.25983E-4 1.78481E-3 3.57808E-3 4.26992E-3 3.93224E-3 1.59133E-2 3.33023E-2 1.66421E-2 1.89597E-2 2.12871E-2 6.86941E-2 9.45498E-2 1.96446E-1 2.00373E-1 1.9653E-1 1.91188E-1 1.89679E-1 1.837E-1 1.69976E-1 1.67142E-1 1.64332E-1 1.60901E-1 1.65064E-1 1.79335E-1 2.14725E-1 2.64957E-1 3.36947E-1 4.19126E-1 4.46926E-1 4.17699E-1 3.82553E-1 3.66824E-1 3.69992E-1 3.88581E-1 4.21335E-1 4.44094E-1 4.70054E-1 4.86045E-1 5.30738E-1 5.60271E-1 5.64664E-1 5.68812E-1 5.81774E-1 5.83684E-1 5.84222E-1 5.76751E-1 5.23314E-1 4.29114E-1 3.33259E-1 1.97624E-1 6.13159E-2 3.46642E-3 2.58771E-4 1.24564E-4 1.17468E-5 2.49141E-5 7.66201E-7 3.28007E-6
3.51091E-4 5.07332E-4 4.69545E-4 9.62725E-5 6.19612E-4 2.79574E-3 7.33695E-3 6.21298E-3 4.57415E-3 6.15077E-3 1.16972E-2 1.54409E-2 2.80508E-2 2.03717E-2 1.67666E-2 1.6101E-2 4.28097E-2 6.66712E-2 6.80306E-2 1.70061E-1 1.95296E-1 1.91188E-1 1.84764E-1 1.82791E-1 1.73985E-1 1.64907E-1 1.57956E-1 1.52512E-1 1.47175E-1 1.44546E-1 1.54696E-1 1.88173E-1 2.36613E-1 3.11996E-1 4.27823E-1 4.49753E-1 4.02333E-1 3.64194E-1 3.44299E-1 3.49736E-1 3.65237E-1 3.87214E-1 4.00704E-1 4.20484E-1 4.65029E-1 5.36686E-1 5.66456E-1 5.64955E-1 5.6655E-1 5.77896E-1 5.86996E-1 5.92565E-1 5.80107E-1 5.3168E-1 4.91253E-1 4.30431E-1 3.69744E-1 1.9515E-1 3.0046E-2 2.30254E-4 1.60906E-5 1.37269E-5 1.09206E-6 1.26276E-6 6.70744E-7
8.92156E-3 4.23254E-3 6.73495E-4 8.89079E-4 3.49228E-3 3.17688E-3 5.3939E-3 1.30313E-2 1.27058E-2 1.32493E-2 1.6044E-2 1.72925E-2 1.89993E-2 2.21758E-2 2.66371E-2 3.56746E-2 6.64512E-2 8.75877E-2 4.3499E-2 1.81086E-1 1.94317E-1 1.82219E-1 1.74771E-1 1.71523E-1 1.65798E-1 1.60174E-1 1.52943E-1 1.46257E-1 1.41031E-1 1.34656E-1 1.39371E-1 1.79274E-1 2.15169E-1 2.78089E-1 3.5248E-1 3.72016E-1 3.40272E-1 3.19923E-1 3.18261E-1 3.24388E-1 3.32615E-1 3.49736E-1 3.63647E-1 3.85516E-1 4.41387E-1 5.10106E-1 5.40534E-1 5.45637E-1 5.49747E-1 5.69549E-1 5.87241E-1 5.98477E-1 5.92595E-1 5.75139E-1 5.72383E-1 5.21398E-1 4.52328E-1 3.51887E-1 1.64976E-1 4.09329E-3 5.17586E-7 6.54239E-8 4.0806E-8 4.71803E-8 3.60309E-10
8.38895E-3 3.10117E-3 1.09584E-3 2.03859E-4 1.16581E-4 7.2586E-4 3.19505E-3 4.80219E-3 5.73523E-3 6.83818E-3 9.14717E-3 1.73008E-2 2.77211E-2 3.83853E-2 4.56556E-2 6.38018E-2 9.33397E-2 1.17395E-1 1.09026E-1 1.90281E-1 1.92265E-1 1.78361E-1 1.63276E-1 1.59071E-1 1.53558E-1 1.54926E-1 1.49494E-1 1.46819E-1 1.42632E-1 1.37469E-1 1.49243E-1 1.68234E-1 2.01896E-1 2.39332E-1 2.81462E-1 2.95128E-1 2.91758E-1 2.83402E-1 2.88416E-1 3.0014E-1 3.18261E-1 3.30972E-1 3.39173E-1 3.6046E-1 4.29151E-1 4.83924E-1 5.08795E-1 5.21062E-1 5.23557E-1 5.49538E-1 5.87274E-1 6.03442E-1 6.00661E-1 5.99017E-1 6.0118E-1 5.88923E-1 5.29947E-1 4.61684E-1 3.05244E-1 8.1724E-2 5.2396E-4 4.09373E-9 3.1112E-13 5.96236E-13 2.27879E-14
2.02266E-3 1.34157E-3 1.1669E-3 5.11327E-4 7.08336E-5 1.07581E-4 1.39687E-3 5.48549E-3 1.01293E-2 1.40064E-2 2.33942E-2 4.17143E-2 5.20367E-2 5.68698E-2 6.1631E-2 6.66712E-2 7.93477E-2 9.41307E-2 9.84865E-2 1.79892E-1 1.93988E-1 1.69662E-1 1.56493E-1 1.49664E-1 1.48319E-1 1.48319E-1 1.49664E-1 1.52375E-1 1.48319E-1 1.42859E-1 1.50586E-1 1.62973E-1 1.85773E-1 2.08125E-1 2.35385E-1 2.47562E-1 2.46422E-1 2.43534E-1 2.5008E-1 2.71743E-1 3.01816E-1 3.33195E-1 3.44742E-1 3.56257E-1 4.1601E-1 4.77855E-1 5.05327E-1 5.01916E-1 4.76593E-1 4.97286E-1 5.68273E-1 5.97796E-1 6.07302E-1 6.07369E-1 6.07937E-1 6.00927E-1 5.70956E-1 5.21252E-1 3.35992E-1 1.54337E-1 2.4242E-2 1.81022E-4 2.29395E-8 3.2217E-11 7.00872E-11
2.31653E-3 6.41259E-5 3.11687E-3 1.15934E-2 1.5307E-2 5.79239E-3 2.93458E-3 7.69146E-3 2.08675E-2 3.29212E-2 3.95622E-2 6.14574E-2 8.39543E-2 7.96512E-2 8.2057E-2 7.01725E-2 5.88571E-2 1.06146E-1 6.81328E-2 2.04976E-1 1.92712E-1 1.56493E-1 1.41765E-1 1.43078E-1 1.41765E-1 1.43078E-1 1.52471E-1 1.56601E-1 1.53841E-1 1.51016E-1 1.50842E-1 1.57683E-1 1.71523E-1 1.89283E-1 2.04123E-1 2.14429E-1 2.1834E-1 2.21527E-1 2.28529E-1 2.51724E-1 2.85028E-1 3.13552E-1 3.23599E-1 3.43097E-1 4.14593E-1 4.77557E-1 5.07852E-1 5.1012E-1 4.65798E-1 4.77557E-1 5.51722E-1 5.87264E-1 6.03243E-1 6.09087E-1 5.99647E-1 6.07213E-1 5.54031E-1 5.02793E-1 4.12035E-1 2.79691E-1 1.28964E-1 2.45667E-2 9.30119E-5 1.7731E-6 2.84874E-8
