KUENM/Final_Models/M_0.1_F_lq_Set_2_E/sp1_min.asc
ncols         197
nrows         210
xllcorner     56.1666666666667
yllcorner     4.5
cellsize      0.166666666666667
NODATA_value  -9999
[rows 56 to 83 of 210, columns 130 to 194 of 197]
6.8664E-6 3.79683E-10 3.68659E-9 9.78968E-12 9.73063E-10 2.41889E-10 1.50193E-9 4.92541E-12 5.58489E-11 4.30858E-10 1.84502E-10 3.1777E-12 6.50176E-12 8.3318E-13 2.05442E-11 4.72612E-16 2.64145E-13 1.57625E-16 4.71948E-16 5.43896E-27 2.32348E-25 5.80892E-23 3.8958E-19 1.13641E-19 7.511E-24 1.65058E-24 3.97249E-30 1.34838E-28 1.35485E-28 3.37866E-26 2.96582E-24 3.1008E-23 1.37009E-22 1.72887E-23 1.16972E-25 5.08981E-25 1.43454E-24 4.63858E-28 1.39945E-31 7.94654E-33 2.46814E-30 3.77104E-34 5.05553E-35 1.87451E-34 -9999 -9999 -9999 -9999 -9999 -9999 -9999 -9999 -9999 -9999 -9999 -9999 -9999 -9999 -9999 -9999 -9999 -9999 -9999 -9999 -9999
2.86122E-3 6.42057E-4 1.08721E-6 5.64433E-13 5.31881E-12 3.49398E-9 7.11988E-11 7.76017E-11 8.35167E-9 4.12442E-9 2.86803E-9 1.28364E-9 2.29278E-11 9.94181E-13 7.90364E-13 5.44045E-12 3.10735E-10 1.12738E-12 2.81862E-14 1.97788E-27 2.25292E-21 1.3101E-26 7.20349E-22 8.04309E-17 4.64613E-12 3.43191E-20 1.03441E-22 4.63652E-26 7.49565E-28 3.98166E-30 2.69373E-27 2.92689E-24 1.36019E-23 1.28283E-22 5.07312E-23 5.44905E-25 8.88633E-26 3.85995E-25 9.83182E-28 8.29446E-32 2.79254E-34 9.94074E-32 8.66399E-35 1.22473E-34 4.32524E-31 2.47745E-35 -9999 -9999 -9999 -9999 -9999 -9999 -9999 -9999 -9999 -9999 -9999 -9999 -9999 -9999 -9999 -9999 -9999 -9999 -9999
1.79223E-2 1.81689E-2 3.83968E-4 7.4598E-8 3.34387E-10 4.97663E-10 1.06891E-10 1.78945E-11 4.31941E-9 3.68176E-9 1.05839E-9 1.50193E-9 3.7639E-11 4.18118E-13 2.14531E-13 3.3167E-14 1.43126E-10 1.40445E-9 6.06405E-12 1.26178E-18 1.24446E-13 2.19562E-16 1.07019E-19 4.67548E-10 8.85031E-8 9.33428E-10 4.20202E-20 3.34889E-24 2.60649E-23 1.70999E-31 1.66151E-31 1.1285E-27 2.82698E-24 2.7973E-23 1.11466E-23 9.5398E-24 3.21395E-25 4.48958E-24 2.95216E-26 2.52987E-26 3.12226E-33 6.38718E-31 1.93074E-29 1.22613E-30 7.57066E-32 1.76972E-33 6.31626E-34 8.7428E-31 -9999 -9999 -9999 -9999 -9999 -9999 -9999 -9999 -9999 -9999 -9999 -9999 -9999 -9999 -9999 -9999 -9999
4.7786E-2 2.95734E-2 4.71919E-3 1.82789E-4 6.46406E-7 6.08306E-8 7.41856E-9 6.07878E-10 2.12113E-11 3.9097E-12 9.18789E-10 9.89684E-10 2.81146E-10 3.90241E-11 2.54004E-9 1.12093E-10 6.8053E-10 3.52622E-9 3.86698E-9 7.1313E-9 2.72195E-7 5.38243E-10 1.98393E-12 1.25608E-5 4.90676E-7 9.22791E-9 1.11587E-11 2.90351E-15 5.13123E-20 8.46307E-23 4.4965E-23 6.28996E-27 8.84547E-30 4.45793E-26 2.06561E-25 3.38747E-26 4.33169E-26 1.0544E-22 2.8188E-23 2.29408E-24 5.28239E-26 5.88317E-27 1.82656E-26 8.76989E-28 2.19814E-28 1.65912E-30 1.37949E-29 1.1606E-28 8.83159E-31 3.47795E-31 -9999 -9999 -9999 -9999 -9999 -9999 -9999 -9999 -9999 -9999 -9999 -9999 -9999 -9999 -9999
4.40357E-2 4.65133E-2 1.69954E-2 5.28902E-3 6.79743E-4 5.92171E-5 8.22898E-7 6.58356E-9 4.19938E-13 1.4445E-14 1.35601E-14 1.04186E-11 5.15769E-10 2.10627E-9 5.39494E-10 2.80155E-8 3.68189E-8 1.53503E-8 2.12728E-8 2.72017E-8 9.09453E-8 1.03792E-6 2.0272E-10 3.2886E-6 1.24441E-9 1.54982E-11 2.871E-14 6.98513E-21 8.30222E-27 4.67795E-26 1.38426E-22 1.45098E-21 8.75179E-25 1.40237E-30 2.52006E-28 1.81861E-31 1.60368E-27 3.37619E-24 4.20137E-27 1.09781E-24 9.45501E-25 1.45315E-26 2.52276E-24 4.63762E-25 8.52539E-26 1.70091E-29 4.81849E-28 1.0488E-27 3.61341E-27 3.34008E-27 7.5114E-27 3.69374E-28 -9999 -9999 -9999 -9999 -9999 -9999 -9999 -9999 -9999 -9999 -9999 -9999 -9999
3.6019E-2 4.452E-2 3.12318E-2 1.56118E-2 6.52217E-3 1.64712E-3 2.07937E-4 3.95907E-6 1.66863E-9 2.02476E-14 1.62282E-14 6.06265E-12 1.2836E-10 6.868E-10 1.03917E-9 3.8648E-8 6.14537E-8 7.3357E-8 1.5643E-7 4.59161E-7 3.66615E-6 1.06831E-7 2.08111E-7 3.76112E-8 3.89223E-9 7.63487E-10 1.27653E-10 3.13472E-14 3.35424E-23 2.54528E-24 2.98344E-23 1.99293E-24 1.14838E-25 5.59755E-30 2.15471E-32 4.59365E-34 4.00457E-24 5.16315E-24 6.35883E-29 5.71078E-24 3.41753E-23 6.5725E-24 3.99832E-24 3.38267E-25 2.12976E-25 2.3911E-23 1.81545E-25 4.618E-24 2.98087E-24 3.75601E-27 5.7481E-27 4.963E-29 1.32071E-23 -9999 -9999 -9999 -9999 -9999 -9999 -9999 -9999 -9999 -9999 -9999 -9999
4.67743E-2 5.35965E-2 4.452E-2 3.15907E-2 2.02893E-2 1.24395E-2 3.71218E-3 3.10292E-4 7.28657E-6 6.90854E-8 6.44568E-10 2.7726E-11 1.44644E-11 2.39174E-10 5.90702E-10 8.7209E-10 1.51374E-8 3.23181E-8 3.60017E-8 9.8272E-8 3.23503E-7 3.756E-6 6.48678E-6 8.02204E-8 4.21874E-12 7.8554E-14 1.49615E-15 3.65193E-14 6.2831E-12 1.84255E-16 3.59951E-17 5.94022E-25 5.07617E-26 4.82871E-26 9.15368E-32 3.20334E-33 8.99243E-17 2.45934E-24 1.19889E-29 2.77798E-27 4.51097E-28 3.95837E-28 9.89381E-29 3.31441E-26 4.52405E-26 2.1854E-25 1.73324E-26 8.52539E-26 1.93369E-25 8.90695E-29 8.25204E-29 5.11137E-29 4.12565E-28 5.06268E-27 1.43418E-25 -9999 -9999 -9999 -9999 -9999 -9999 -9999 -9999 -9999 -9999
8.76406E-2 8.8688E-2 8.26548E-2 6.29038E-2 5.23175E-2 4.74238E-2 1.89255E-2 4.01517E-3 8.84708E-4 4.48351E-4 6.83946E-5 2.05117E-6 1.64E-7 5.92731E-7 3.41471E-6 3.17164E-8 9.53865E-10 9.37661E-10 6.65431E-10 5.90561E-9 3.75238E-8 3.16657E-7 5.00739E-7 5.65017E-6 3.01815E-8 2.59125E-9 3.64447E-7 6.37004E-10 1.2616E-10 5.49853E-15 7.09506E-13 9.58392E-19 4.70079E-23 7.40599E-26 5.49975E-30 8.35716E-20 3.09776E-19 1.62917E-30 3.86808E-33 3.2996E-34 1.12374E-30 3.34725E-29 5.65992E-31 4.74241E-30 4.21009E-25 1.38364E-26 4.03117E-24 2.01765E-29 4.96685E-30 1.87549E-30 6.67967E-25 1.72473E-23 5.75692E-30 2.83443E-28 6.23675E-28 1.92924E-29 -9999 -9999 -9999 -9999 -9999 -9999 -9999 -9999 -9999
1.56872E-1 1.49364E-1 1.64501E-1 1.5518E-1 1.5518E-1 1.0905E-1 4.99048E-2 1.71948E-2 7.08063E-3 3.90577E-3 1.95523E-3 3.21419E-4 1.35036E-5 4.39836E-6 4.12099E-7 4.47682E-9 7.59666E-10 2.044E-10 2.39849E-11 5.77261E-11 1.44899E-9 6.03411E-8 4.73847E-8 2.93612E-7 9.45219E-7 2.34619E-7 5.63812E-8 4.66028E-8 8.75498E-11 2.10938E-12 4.0792E-15 7.57779E-26 2.72356E-32 5.77068E-35 1.92991E-23 7.95606E-18 1.96693E-25 1.4085E-28 1.02853E-25 6.05963E-33 6.55929E-29 4.26276E-24 3.55893E-25 3.13737E-29 5.77198E-23 2.41047E-28 1.06604E-23 4.61439E-24 1.33337E-24 1.29422E-26 5.35806E-25 2.27907E-22 1.14682E-26 1.62399E-23 3.91153E-25 4.14004E-24 8.37543E-25 -9999 -9999 -9999 -9999 -9999 -9999 -9999 -9999
2.21953E-1 1.9556E-1 2.09313E-1 2.37841E-1 2.61017E-1 1.67621E-1 6.80238E-2 3.02263E-2 1.61487E-2 8.66655E-3 3.49416E-3 3.44559E-4 4.5849E-5 3.55503E-5 3.83543E-6 5.72913E-8 1.25079E-8 1.15838E-8 9.67324E-10 5.29104E-11 2.8348E-12 1.86628E-11 4.37366E-12 1.9014E-9 4.43607E-8 1.29746E-9 6.04244E-10 2.13218E-9 1.47979E-9 1.16258E-9 6.92144E-12 1.36721E-15 3.17684E-13 3.17785E-14 1.93559E-11 1.58645E-17 1.10164E-28 2.80198E-25 6.54035E-23 1.65714E-17 5.2955E-27 8.50513E-21 1.79003E-22 1.7742E-25 1.44891E-23 5.02482E-29 5.36921E-31 2.39189E-28 3.06653E-27 3.58908E-26 5.28356E-29 6.24077E-25 1.7972E-21 3.0188E-23 4.05979E-23 1.2065E-22 1.17968E-23 3.51157E-21 -9999 -9999 -9999 -9999 -9999 -9999 -9999
2.83795E-1 2.20163E-1 1.88929E-1 2.11297E-1 2.25546E-1 1.33386E-1 5.04726E-2 3.30037E-2 2.44066E-2 1.20161E-2 2.72291E-3 1.71528E-4 5.45242E-5 1.29061E-4 1.01373E-4 8.77009E-6 2.78707E-6 1.62068E-6 6.25674E-7 5.32837E-8 5.14231E-9 8.38313E-11 5.57317E-13 1.37391E-11 5.20744E-9 5.42238E-7 1.8237E-7 1.33591E-8 2.06112E-9 6.41503E-10 1.49507E-10 2.07129E-10 1.33973E-10 6.33581E-13 2.08834E-17 2.58933E-12 8.65554E-14 1.83075E-12 1.54857E-15 3.85267E-11 3.27169E-23 4.29998E-22 1.00682E-9 1.75486E-23 7.83135E-19 2.88983E-17 9.85048E-30 2.65282E-37 7.75013E-29 2.42497E-25 4.92955E-31 7.59788E-32 7.2536E-25 9.60104E-27 1.0822E-23 8.35472E-23 1.50064E-26 6.1441E-25 1.46054E-21 -9999 -9999 -9999 -9999 -9999 -9999
3.28804E-1 2.44239E-1 1.75382E-1 1.8033E-1 1.83665E-1 1.10629E-1 4.90428E-2 3.96088E-2 3.09069E-2 1.52899E-2 4.60298E-3 2.67317E-4 9.86003E-5 1.88759E-4 3.21926E-4 1.52585E-4 9.87898E-5 1.35306E-4 1.80058E-4 2.22673E-5 2.43654E-6 1.68142E-6 2.38073E-6 6.20281E-7 1.16337E-8 9.46955E-8 4.26598E-7 1.43498E-7 1.51954E-8 1.93395E-9 1.7098E-10 3.74147E-12 1.39541E-12 7.68491E-17 3.44521E-22 1.16004E-36 1.77124E-42 3.06941E-39 2.16427E-33 3.06652E-26 2.65132E-11 2.37852E-10 1.27131E-9 2.65264E-13 1.11073E-15 1.03135E-13 1.58044E-25 7.27524E-31 1.79011E-26 4.76788E-27 6.1671E-32 9.48937E-33 3.32241E-31 8.33404E-33 6.10664E-28 6.424E-29 6.66645E-26 1.45918E-22 1.05574E-31 3.33836E-23 -9999 -9999 -9999 -9999 -9999
3.71936E-1 2.86407E-1 2.16705E-1 2.11338E-1 2.16535E-1 1.81662E-1 1.14751E-1 6.90561E-2 4.88366E-2 2.6178E-2 1.18429E-2 3.12949E-3 1.01505E-3 7.50954E-4 1.42044E-3 1.12808E-3 8.36743E-4 1.08135E-3 1.36253E-3 4.94242E-4 2.07281E-4 4.02175E-4 1.53115E-3 1.19367E-3 9.88111E-5 1.40346E-7 4.61573E-8 5.79947E-8 1.79813E-7 5.54937E-7 7.01761E-8 2.34513E-11 5.64803E-12 1.90003E-17 1.25416E-20 3.21956E-28 5.57093E-31 4.99203E-34 2.68913E-31 1.09613E-29 1.03405E-23 1.87903E-18 6.82548E-14 1.24077E-10 2.33765E-10 1.48804E-15 2.67206E-17 4.56257E-18 3.03536E-21 7.51576E-24 4.17309E-23 6.0002E-25 1.03274E-33 9.85704E-38 1.25061E-38 9.2795E-33 2.69233E-24 5.89051E-22 4.2301E-28 5.53014E-27 2.89036E-29 -9999 -9999 -9999 -9999
4.40916E-1 3.47427E-1 2.84463E-1 2.92368E-1 3.17951E-1 2.80623E-1 2.05433E-1 1.35921E-1 8.1901E-2 5.38286E-2 3.14958E-2 1.55483E-2 8.15966E-3 7.57116E-3 9.05496E-3 3.94407E-3 2.36862E-3 2.23201E-3 2.56549E-3 2.05423E-3 2.04962E-3 3.41414E-3 4.54616E-3 2.30476E-3 1.88107E-4 1.12094E-6 5.82024E-8 4.28276E-8 1.97401E-7 1.60537E-6 3.02171E-6 4.48505E-8 2.2447E-9 8.49406E-12 2.28788E-13 5.69188E-17 2.92866E-20 4.49622E-22 1.08648E-22 7.84062E-22 2.34199E-20 4.64345E-19 1.07154E-15 1.67289E-14 1.10133E-12 2.06143E-15 2.48705E-19 6.11236E-18 4.76095E-17 5.41461E-17 4.96312E-16 1.93026E-27 1.29271E-28 5.65664E-26 1.81475E-34 3.19885E-32 9.47269E-21 1.99644E-16 3.0069E-24 1.49739E-29 2.41745E-32 -9999 -9999 -9999 -9999
4.43784E-1 4.1306E-1 3.70734E-1 3.61066E-1 4.24944E-1 3.8283E-1 3.06158E-1 2.18807E-1 1.36686E-1 9.30279E-2 6.44333E-2 3.99678E-2 2.22808E-2 1.68982E-2 1.28696E-2 5.97014E-3 3.7228E-3 4.42302E-3 4.78067E-3 4.59408E-3 4.95438E-3 5.75305E-3 4.41129E-3 1.81857E-3 2.80515E-4 1.62983E-5 7.91125E-7 8.29331E-8 1.55007E-7 1.18576E-6 4.66064E-6 1.30836E-6 1.87486E-8 2.21855E-11 1.12754E-12 8.9811E-16 7.43157E-17 7.35347E-19 3.02943E-18 7.70519E-17 4.02666E-16 9.27842E-16 1.79684E-16 8.07455E-13 1.11372E-12 8.51349E-15 4.18189E-13 2.58844E-18 7.0044E-23 2.88808E-18 9.86604E-18 1.74264E-19 1.05793E-25 1.50145E-19 2.4449E-29 1.30932E-24 2.21789E-17 1.44413E-19 2.02552E-23 5.85831E-24 1.97466E-25 1.79108E-33 -9999 -9999 -9999
4.61045E-1 4.55935E-1 4.55935E-1 4.33127E-1 4.45539E-1 4.32126E-1 3.73491E-1 2.90077E-1 2.02485E-1 1.46257E-1 1.19248E-1 7.62955E-2 3.89452E-2 1.83993E-2 1.16398E-2 6.44266E-3 2.56087E-3 5.144E-3 6.93255E-3 7.45579E-3 7.59203E-3 7.20345E-3 4.26992E-3 1.64342E-3 3.94915E-4 7.17546E-5 1.27999E-5 3.436E-6 2.59343E-6 4.95249E-6 1.81317E-5 1.09399E-5 1.82098E-7 6.7064E-9 5.77985E-11 2.31437E-12 1.62141E-15 6.35545E-18 4.31454E-15 1.96467E-12 1.4922E-12 4.81535E-14 2.28116E-12 4.44733E-16 4.54851E-14 2.95677E-15 8.95989E-10 1.03105E-9 6.37107E-17 1.3789E-15 4.37099E-18 4.26372E-16 1.47313E-16 6.65485E-18 3.22037E-17 2.6238E-18 5.90196E-25 1.25275E-17 8.1245E-17 1.01327E-15 1.50493E-17 2.38873E-29 2.15267E-25 -9999 -9999
4.85358E-1 4.46461E-1 4.56953E-1 4.33939E-1 4.11827E-1 4.06184E-1 3.98899E-1 3.59754E-1 2.85655E-1 2.1331E-1 1.78207E-1 1.28802E-1 7.37019E-2 2.10042E-2 1.29338E-2 1.16398E-2 6.68356E-3 9.54822E-3 1.44926E-2 1.26874E-2 1.16622E-2 8.95582E-3 4.78859E-3 1.85899E-3 6.16711E-4 2.49713E-4 1.03723E-4 4.69626E-5 2.96968E-5 3.64714E-5 5.4703E-5 2.4801E-5 2.51486E-6 1.33229E-6 3.6685E-7 3.59646E-9 6.75092E-11 1.70802E-11 1.1951E-10 1.0551E-9 3.44663E-10 2.13791E-12 2.01925E-14 2.88214E-13 3.12522E-10 2.53825E-10 3.3089E-9 7.58855E-8 1.46881E-7 1.58887E-7 2.83911E-11 2.05667E-15 3.32614E-17 1.12735E-17 1.88872E-18 2.38504E-15 1.58972E-12 5.9798E-17 4.33652E-16 3.92616E-17 1.80533E-15 1.34497E-16 2.87785E-15 -9999 -9999
5.1889E-1 4.50722E-1 3.85352E-1 3.5179E-1 3.65704E-1 3.7163E-1 3.93117E-1 3.91181E-1 3.47523E-1 2.69797E-1 2.05281E-1 1.98125E-1 1.87606E-1 8.12669E-2 2.79345E-2 1.72249E-2 1.78037E-2 3.49971E-2 3.65937E-2 2.70074E-2 1.96835E-2 1.34026E-2 6.70196E-3 2.61914E-3 9.51639E-4 8.92736E-4 8.73554E-4 4.03972E-4 1.75921E-4 1.52585E-4 1.60018E-4 3.45946E-5 3.70083E-6 4.02703E-6 1.4206E-5 1.80065E-6 7.96921E-8 2.56549E-8 3.37191E-8 3.64717E-7 1.18348E-5 2.57199E-7 3.47023E-12 4.31917E-15 1.05158E-14 2.28269E-15 8.00959E-13 1.77723E-7 1.24269E-5 7.04164E-6 2.47994E-6 2.01496E-7 1.15579E-7 3.11281E-10 6.89869E-16 3.07935E-12 1.07607E-4 2.11504E-14 2.3158E-13 1.56211E-11 1.33862E-17 6.71827E-17 7.29317E-27 2.58698E-29 -9999
4.78204E-1 4.61231E-1 4.0478E-1 3.45511E-1 3.49534E-1 3.43497E-1 3.5756E-1 3.69534E-1 4.00926E-1 2.99079E-1 2.12544E-1 2.33024E-1 2.54134E-1 1.58624E-1 6.12937E-2 2.79345E-2 2.88127E-2 4.83348E-2 5.42145E-2 5.64989E-2 4.51493E-2 2.50374E-2 1.14742E-2 4.60818E-3 2.01522E-3 4.02739E-3 7.57116E-3 2.41649E-3 7.67425E-4 5.64798E-4 4.94339E-4 1.22691E-4 1.1309E-5 1.64628E-5 7.90429E-5 3.09024E-5 4.71602E-6 4.09858E-6 8.94731E-6 1.41568E-5 6.8388E-5 2.02487E-4 1.4629E-5 1.10161E-8 2.63885E-11 2.44699E-12 2.45157E-11 2.13738E-9 3.32602E-7 7.90174E-6 4.71202E-6 2.77846E-5 2.10216E-6 1.53158E-5 2.86759E-9 4.18031E-5 6.5608E-4 8.68985E-8 2.64603E-6 1.15983E-11 1.64875E-17 2.12377E-20 8.71473E-31 3.93322E-34 -9999
4.23772E-1 4.49455E-1 4.34918E-1 3.49534E-1 2.822E-1 2.80193E-1 2.58312E-1 2.69088E-1 3.29372E-1 2.85021E-1 2.31134E-1 2.48322E-1 2.4255E-1 1.67405E-1 9.3423E-2 7.46557E-2 8.57605E-2 7.3928E-2 6.65884E-2 1.03139E-1 1.01557E-1 4.26207E-2 1.75641E-2 8.49259E-3 4.60818E-3 5.88803E-3 1.40538E-2 4.69106E-3 1.89781E-3 1.7131E-3 2.18745E-3 1.64328E-3 3.33793E-4 1.69366E-4 2.42284E-4 1.51515E-4 3.40999E-5 6.96135E-5 2.80355E-4 3.6904E-4 3.36963E-4 1.0777E-3 3.36809E-4 1.08931E-5 8.53011E-7 4.02024E-7 1.18505E-6 1.54556E-6 8.6336E-7 3.50549E-7 1.03148E-6 6.37652E-5 1.74805E-5 3.64824E-5 2.79181E-5 1.76627E-5 2.4167E-4 2.35385E-4 7.45263E-7 1.91919E-10 2.64715E-16 2.41476E-28 5.06892E-36 4.28153E-41 0E0
3.83147E-1 4.1026E-1 3.94966E-1 3.30822E-1 2.71157E-1 2.68209E-1 2.14939E-1 2.0875E-1 2.70199E-1 2.63163E-1 2.53359E-1 2.67827E-1 2.52192E-1 1.92832E-1 1.42381E-1 1.49954E-1 1.7736E-1 1.10937E-1 7.90085E-2 1.41404E-1 1.09323E-1 4.99801E-2 2.71303E-2 1.69724E-2 9.28778E-3 6.57977E-3 9.9625E-3 6.45961E-3 4.61004E-3 5.56748E-3 8.64109E-3 1.05129E-2 3.18384E-3 9.63053E-4 1.05298E-3 9.48557E-4 4.81404E-4 7.66867E-4 1.57702E-3 9.9364E-4 8.18886E-4 1.54035E-3 7.33141E-4 2.02602E-4 1.8005E-4 1.14427E-4 4.91636E-4 5.97339E-4 1.7948E-4 4.58611E-5 9.0487E-6 1.78964E-6 8.90182E-7 1.22441E-7 8.92713E-11 7.94829E-16 1.02721E-13 7.35497E-12 8.69162E-17 6.22895E-23 1.16663E-24 6.08931E-26 4.15385E-31 0E0 0E0
3.25973E-1 3.04412E-1 3.34145E-1 2.95375E-1 2.41559E-1 3.38227E-1 3.15756E-1 2.81204E-1 2.84209E-1 3.04412E-1 3.07145E-1 3.07145E-1 3.09163E-1 2.87647E-1 2.75724E-1 2.73055E-1 2.3981E-1 1.79777E-1 1.53626E-1 1.48974E-1 1.0345E-1 5.82142E-2 4.92802E-2 3.90455E-2 2.03346E-2 8.04534E-3 1.0149E-2 1.4348E-2 1.87407E-2 2.00067E-2 1.6709E-2 1.38776E-2 6.44739E-3 2.87624E-3 2.61035E-3 2.31881E-3 3.12729E-3 6.45961E-3 1.01227E-2 8.01429E-3 3.94407E-3 3.78612E-3 3.23336E-3 1.80966E-3 1.25995E-4 5.8891E-5 7.00406E-4 2.78336E-3 1.78588E-3 2.50834E-3 1.64651E-3 4.04154E-5 4.53759E-6 3.57613E-7 3.15911E-9 5.06196E-12 1.42328E-14 9.99448E-19 4.63466E-25 4.68314E-27 7.26631E-25 1.20675E-23 9.17496E-24 3.25172E-36 0E0
2.80193E-1 2.44625E-1 2.80193E-1 2.81204E-1 2.28108E-1 3.31158E-1 3.6464E-1 3.25973E-1 2.99442E-1 3.00359E-1 2.98334E-1 2.97066E-1 3.45511E-1 3.29372E-1 3.31392E-1 3.0311E-1 2.34988E-1 1.9013E-1 1.71941E-1 1.44836E-1 1.08402E-1 8.84399E-2 8.71208E-2 8.4987E-2 5.20038E-2 2.35383E-2 1.51075E-2 2.20777E-2 3.62582E-2 2.93201E-2 1.84648E-2 1.38642E-2 9.2656E-3 4.94467E-3 3.70359E-3 4.68234E-3 1.25189E-2 3.78148E-2 3.29587E-2 1.89594E-2 5.98425E-3 6.44266E-3 1.09828E-2 7.27678E-3 2.67696E-4 1.94675E-5 9.10908E-4 1.06966E-2 1.24119E-2 9.52125E-3 1.48294E-2 9.68897E-3 1.56828E-3 4.47035E-5 1.62766E-6 1.43145E-8 4.15004E-11 1.27741E-14 6.00811E-19 5.35812E-22 3.05526E-22 9.46952E-22 3.65448E-23 2.89052E-29 9.15467E-38
2.29959E-1 1.96354E-1 1.98966E-1 1.87299E-1 1.9848E-1 2.69157E-1 3.45514E-1 3.07591E-1 2.40755E-1 2.23599E-1 2.29268E-1 2.27372E-1 2.70199E-1 2.65134E-1 2.31169E-1 1.65332E-1 1.36202E-1 1.44836E-1 1.62079E-1 1.47888E-1 1.24537E-1 1.20121E-1 1.16126E-1 9.95464E-2 7.58545E-2 4.79039E-2 1.78639E-2 1.23005E-2 2.89065E-2 2.63223E-2 1.14593E-2 1.31448E-2 1.26978E-2 4.74331E-3 3.8361E-3 1.20754E-2 4.27587E-2 6.48435E-2 3.36379E-2 1.78374E-2 6.45961E-3 8.48747E-3 1.52899E-2 2.895E-2 3.68155E-2 4.77114E-3 3.44542E-3 8.43276E-3 1.37244E-2 1.17193E-2 2.23266E-2 1.99654E-2 7.11608E-3 7.82304E-4 7.36657E-5 3.93154E-6 1.69222E-7 6.73448E-10 1.1007E-13 1.66744E-17 2.25074E-19 9.93763E-20 5.06671E-21 2.84943E-24 2.09157E-28
1.78328E-1 1.28183E-1 8.82021E-2 7.03424E-2 1.06156E-1 1.95347E-1 2.54004E-1 2.17347E-1 1.64123E-1 1.51341E-1 1.82616E-1 2.26208E-1 2.37689E-1 2.02088E-1 1.40644E-1 5.92162E-2 4.93957E-2 1.10121E-1 1.60873E-1 1.57659E-1 1.38844E-1 1.49428E-1 1.32631E-1 9.9839E-2 7.50638E-2 5.35998E-2 2.89065E-2 2.20936E-2 4.21406E-2 3.42319E-2 8.29555E-3 1.40808E-2 1.26653E-2 1.67103E-3 2.83971E-3 2.50646E-2 1.58862E-1 1.66427E-1 3.97407E-2 2.07088E-2 1.97091E-2 2.548E-2 3.01737E-2 5.86608E-2 1.10344E-1 2.74303E-2 1.03198E-2 7.21143E-3 1.14397E-2 4.46643E-2 4.63664E-2 2.24474E-2 7.84914E-3 2.3178E-3 6.44217E-4 1.11673E-4 1.2426E-5 4.35162E-7 6.89805E-10 3.56853E-13 7.78318E-16 1.68924E-16 2.46485E-17 3.7918E-19 5.35735E-21
1.62527E-1 1.38442E-1 6.16563E-2 3.46806E-2 9.91086E-2 1.58132E-1 1.53176E-1 1.33483E-1 1.15314E-1 1.30415E-1 2.26208E-1 3.40267E-1 3.16783E-1 2.19225E-1 1.86494E-1 1.02721E-1 7.23838E-2 1.36407E-1 1.64123E-1 1.42143E-1 1.467E-1 1.57659E-1 1.40328E-1 9.17572E-2 6.49781E-2 6.41154E-2 6.32617E-2 5.99342E-2 7.81424E-2 6.86176E-2 3.02889E-2 2.27665E-2 9.38197E-3 2.0836E-3 4.79056E-3 2.83834E-2 1.89589E-1 1.93122E-1 4.93957E-2 3.27056E-2 3.63589E-2 4.21406E-2 4.08789E-2 5.0688E-2 5.57292E-2 4.32418E-2 3.07043E-2 1.36425E-2 1.69724E-2 4.63236E-2 8.29257E-2 4.23559E-2 1.29066E-2 4.34769E-3 2.32163E-3 6.58861E-4 6.66016E-5 4.23918E-6 1.50604E-7 2.07313E-9 2.87236E-11 1.96912E-12 2.4359E-13 3.04795E-14 5.46433E-15
2.35608E-1 1.79178E-1 1.1282E-1 9.91086E-2 1.66296E-1 1.71302E-1 1.01518E-1 1.10235E-1 1.08957E-1 1.39369E-1 2.63177E-1 4.29398E-1 4.64177E-1 4.30484E-1 3.98316E-1 3.8219E-1 2.29491E-1 1.95672E-1 2.12144E-1 1.64437E-1 1.67736E-1 1.72401E-1 1.33005E-1 8.97156E-2 6.76196E-2 7.12683E-2 8.73536E-2 9.42155E-2 9.30758E-2 7.14349E-2 6.25281E-2 4.27257E-2 1.63228E-2 8.08575E-3 1.13163E-2 4.14149E-2 1.23635E-1 1.29262E-1 6.2515E-2 5.60185E-2 6.33666E-2 6.68678E-2 7.05031E-2 5.15312E-2 6.50653E-2 7.50638E-2 7.70174E-2 4.27587E-2 8.95361E-3 1.64356E-2 8.9293E-2 4.84794E-2 1.64162E-2 6.45961E-3 2.83718E-3 8.01456E-4 1.31891E-4 2.39272E-5 8.9047E-6 1.41679E-6 6.50395E-8 4.43325E-9 6.01806E-10 1.58438E-10 1.00652E-10
2.68374E-1 2.3384E-1 1.77842E-1 1.43886E-1 1.74683E-1 1.9768E-1 1.76386E-1 1.82616E-1 1.42143E-1 1.467E-1 2.22427E-1 3.92637E-1 5.17647E-1 5.09979E-1 3.97167E-1 3.30766E-1 2.54999E-1 2.53007E-1 3.25894E-1 2.62554E-1 2.26798E-1 2.21109E-1 1.54482E-1 9.30758E-2 7.61627E-2 8.20663E-2 1.07404E-1 1.19087E-1 1.14001E-1 7.23761E-2 5.00676E-2 4.33546E-2 2.61624E-2 2.22824E-2 2.60708E-2 6.76072E-2 1.3654E-1 1.47141E-1 9.43408E-2 8.43384E-2 9.79189E-2 1.35048E-1 1.33587E-1 7.72417E-2 1.1811E-1 2.02567E-1 1.49785E-1 7.72226E-2 2.17216E-2 2.24017E-2 5.15312E-2 4.03298E-2 1.87657E-2 6.56793E-3 2.51309E-3 9.50469E-4 4.21566E-4 2.86894E-4 1.93052E-4 7.90429E-5 6.05944E-6 5.25697E-7 8.88194E-8 2.99488E-8 2.83388E-9
