KUENM/Final_Models/M_0.1_F_lq_Set_2_E/sp1_9.asc
ncols         197
nrows         210
xllcorner     56.1666666666667
yllcorner     4.5
cellsize      0.166666666666667
NODATA_value  -9999
[rows 84 to 111 of 210, columns 130 to 194 of 197]
4.65667E-1 4.72898E-1 4.2192E-1 3.79821E-1 3.83826E-1 4.63298E-1 4.94293E-1 5.27198E-1 4.57842E-1 4.42643E-1 4.70044E-1 5.27131E-1 5.88888E-1 5.55963E-1 4.29123E-1 3.44251E-1 4.33647E-1 4.91121E-1 5.02238E-1 4.60259E-1 4.45783E-1 4.34697E-1 3.94408E-1 3.38283E-1 3.09164E-1 3.37112E-1 3.57967E-1 3.45265E-1 3.2954E-1 2.9196E-1 2.47333E-1 2.19851E-1 2.18237E-1 2.46673E-1 2.77691E-1 3.00356E-1 3.6344E-1 4.14408E-1 3.35483E-1 3.02108E-1 2.89864E-1 3.30214E-1 3.66617E-1 3.87238E-1 4.07467E-1 4.61781E-1 4.05257E-1 2.96124E-1 2.7872E-1 3.26971E-1 2.59181E-1 1.91052E-1 1.04569E-1 5.33218E-2 4.69045E-2 3.1697E-2 1.592E-2 9.30542E-3 1.22313E-2 1.05184E-2 3.1214E-3 6.09416E-4 1.92326E-4 1.90723E-4 2.84945E-5
4.20545E-1 4.25598E-1 3.95636E-1 3.9508E-1 4.37088E-1 4.84428E-1 4.71434E-1 4.47319E-1 3.97185E-1 3.88945E-1 4.13771E-1 4.50154E-1 5.20586E-1 4.543E-1 3.24668E-1 2.84637E-1 4.41922E-1 4.70807E-1 3.27686E-1 3.73002E-1 3.90105E-1 3.67071E-1 3.67071E-1 3.79821E-1 4.01786E-1 3.67811E-1 3.57438E-1 3.4273E-1 3.0944E-1 3.14697E-1 3.2593E-1 2.66649E-1 3.0535E-1 3.33449E-1 3.19669E-1 2.98658E-1 3.32028E-1 3.90999E-1 3.68699E-1 3.10938E-1 2.88173E-1 3.33785E-1 3.87597E-1 4.04491E-1 4.1941E-1 4.30738E-1 3.65175E-1 2.69054E-1 3.17911E-1 4.37155E-1 3.19397E-1 1.75519E-1 6.93793E-2 3.42817E-2 7.79397E-2 6.76616E-2 2.23404E-2 5.70126E-3 1.33814E-2 1.48248E-2 6.33798E-3 1.45607E-3 4.18158E-4 2.95638E-4 4.61042E-5
3.5888E-1 3.60501E-1 3.61709E-1 3.48749E-1 3.67811E-1 3.83915E-1 3.72023E-1 3.33981E-1 2.64662E-1 1.99935E-1 2.46271E-1 3.44387E-1 3.95695E-1 3.06786E-1 2.2147E-1 2.60237E-1 3.76401E-1 3.80516E-1 3.27011E-1 3.73713E-1 3.59696E-1 3.23465E-1 3.21711E-1 3.9272E-1 4.81559E-1 4.62594E-1 3.87083E-1 3.42341E-1 2.94566E-1 2.45653E-1 2.02359E-1 2.76989E-1 3.70077E-1 3.94329E-1 3.24942E-1 3.4606E-1 3.37296E-1 3.14292E-1 3.0376E-1 2.84539E-1 2.9989E-1 3.56372E-1 3.68527E-1 3.59853E-1 4.14291E-1 4.57574E-1 3.42557E-1 2.7601E-1 2.96908E-1 3.21483E-1 2.40569E-1 1.62903E-1 1.15441E-1 8.08036E-2 1.19481E-1 1.07086E-1 4.37068E-2 1.46094E-2 1.28003E-2 1.33498E-2 8.26055E-3 3.53842E-3 1.13038E-3 4.62103E-4 9.54892E-5
3.16888E-1 3.07332E-1 2.69784E-1 2.1822E-1 2.37777E-1 2.61562E-1 2.73564E-1 2.74927E-1 2.12218E-1 1.56429E-1 1.54966E-1 2.49895E-1 3.1655E-1 1.80546E-1 1.04569E-1 1.70228E-1 2.45843E-1 2.6757E-1 2.75945E-1 3.0237E-1 2.80262E-1 2.53981E-1 2.56605E-1 3.21104E-1 4.32859E-1 4.42643E-1 4.02195E-1 3.49704E-1 3.0088E-1 2.64653E-1 2.64653E-1 3.43441E-1 4.72863E-1 5.77283E-1 4.7591E-1 3.07104E-1 2.57115E-1 2.23746E-1 2.18456E-1 2.60051E-1 3.08653E-1 3.10408E-1 2.49864E-1 2.38128E-1 3.12536E-1 3.37296E-1 3.10938E-1 3.19725E-1 3.267E-1 2.76989E-1 1.98251E-1 1.72237E-1 2.00279E-1 2.06558E-1 2.08996E-1 1.58332E-1 7.573E-2 1.33814E-2 5.96634E-3 5.6318E-3 5.83569E-3 4.79446E-3 2.22426E-3 8.62345E-4 3.01438E-4
3.09777E-1 2.59607E-1 1.7864E-1 1.08168E-1 1.2971E-1 1.69962E-1 2.17189E-1 2.33335E-1 2.10847E-1 1.51065E-1 1.36769E-1 1.86283E-1 2.03976E-1 1.16515E-1 8.29842E-2 1.16487E-1 1.87462E-1 2.14681E-1 2.18655E-1 2.15482E-1 1.78961E-1 1.47006E-1 1.75069E-1 2.41812E-1 3.06888E-1 3.24707E-1 3.61302E-1 3.47466E-1 3.06664E-1 2.80281E-1 2.82677E-1 3.31846E-1 4.37333E-1 4.9789E-1 3.86911E-1 2.90112E-1 2.14753E-1 1.65605E-1 1.5438E-1 2.3678E-1 2.9151E-1 2.96753E-1 2.01284E-1 1.81474E-1 2.31945E-1 2.33597E-1 2.63657E-1 3.66087E-1 3.37462E-1 2.54488E-1 1.82848E-1 1.53689E-1 1.95101E-1 2.44752E-1 2.00865E-1 1.36327E-1 4.75435E-2 3.42113E-3 1.91668E-3 5.7888E-3 5.28644E-3 4.40729E-3 3.14258E-3 1.5695E-3 7.33202E-4
3.32372E-1 2.5125E-1 1.56284E-1 8.69827E-2 7.88806E-2 1.03121E-1 1.59021E-1 2.31545E-1 1.90785E-1 1.14127E-1 1.06308E-1 1.24445E-1 1.23014E-1 9.74573E-2 9.50731E-2 1.16495E-1 1.96594E-1 1.78961E-1 1.51043E-1 1.34286E-1 1.02375E-1 9.32686E-2 1.20695E-1 1.68075E-1 2.25021E-1 2.8652E-1 3.46034E-1 3.4433E-1 3.09193E-1 2.7991E-1 2.66339E-1 2.79308E-1 3.09788E-1 3.04267E-1 2.40827E-1 2.18415E-1 2.27389E-1 1.72558E-1 8.64359E-2 1.29397E-1 2.12878E-1 3.03916E-1 2.55414E-1 2.20497E-1 2.31676E-1 2.23421E-1 2.48226E-1 3.02604E-1 3.13063E-1 1.93809E-1 1.22203E-1 7.94705E-2 9.42813E-2 1.17571E-1 1.05235E-1 5.43382E-2 8.04215E-3 3.43135E-4 2.00743E-4 2.5094E-3 3.83312E-3 3.34617E-3 3.74929E-3 2.2989E-3 1.15858E-3
3.34083E-1 2.75273E-1 1.65707E-1 8.28823E-2 6.92207E-2 7.82852E-2 1.13982E-1 1.27976E-1 8.94899E-2 4.64368E-2 5.73933E-2 7.86457E-2 1.29431E-1 1.40636E-1 1.40556E-1 1.41295E-1 1.49156E-1 1.85994E-1 1.53623E-1 1.00322E-1 5.92444E-2 6.27512E-2 9.23008E-2 1.28222E-1 1.74618E-1 2.5579E-1 3.29708E-1 3.0675E-1 2.80087E-1 2.59246E-1 2.46509E-1 2.44896E-1 2.53244E-1 2.54923E-1 2.53244E-1 2.47249E-1 2.27389E-1 1.54646E-1 8.56967E-2 9.66693E-2 1.59049E-1 2.00279E-1 1.88883E-1 2.06558E-1 2.21844E-1 2.00742E-1 2.05345E-1 2.11551E-1 1.88689E-1 1.3783E-1 8.48131E-2 5.44639E-2 4.85557E-2 4.62186E-2 4.59351E-2 3.00633E-2 3.66917E-3 1.41271E-4 6.78302E-5 8.69312E-4 2.29448E-3 3.08437E-3 3.98137E-3 2.58295E-3 1.2783E-3
3.44387E-1 2.64957E-1 1.43001E-1 8.17906E-2 5.44639E-2 5.19827E-2 5.98723E-2 4.11598E-2 1.39856E-2 1.50249E-2 5.52109E-2 1.11943E-1 1.39363E-1 1.49399E-1 1.57826E-1 1.4125E-1 1.23846E-1 1.54327E-1 1.26546E-1 8.90915E-2 7.11763E-2 7.5212E-2 9.134E-2 1.05634E-1 1.43383E-1 2.0243E-1 2.61483E-1 2.5384E-1 2.23596E-1 2.17878E-1 2.05345E-1 1.96594E-1 1.93891E-1 1.6455E-1 1.64706E-1 1.71393E-1 1.63891E-1 9.82703E-2 6.57561E-2 8.039E-2 9.82703E-2 9.71536E-2 7.41802E-2 1.05634E-1 1.32847E-1 1.26849E-1 1.55667E-1 1.75876E-1 1.6331E-1 1.15298E-1 8.21093E-2 5.64451E-2 4.37689E-2 3.95619E-2 3.06309E-2 2.27282E-2 5.23271E-3 7.57407E-4 4.60675E-4 1.15908E-3 2.03841E-3 3.37122E-3 4.06203E-3 2.64805E-3 1.08821E-3
2.78633E-1 1.93181E-1 9.46738E-2 5.81735E-2 4.2626E-2 4.65062E-2 4.11228E-2 3.57331E-2 2.14253E-2 3.60099E-2 6.70824E-2 1.06497E-1 9.64668E-2 1.31634E-1 1.61899E-1 1.47926E-1 1.15293E-1 1.15807E-1 1.04476E-1 9.43059E-2 9.32686E-2 1.06501E-1 1.00073E-1 9.70273E-2 1.24184E-1 1.45897E-1 1.71717E-1 1.85624E-1 1.96183E-1 1.81885E-1 1.59167E-1 1.3216E-1 1.30594E-1 1.11699E-1 1.02123E-1 1.05533E-1 1.13982E-1 1.2677E-1 1.47073E-1 1.08749E-1 8.39088E-2 5.51625E-2 4.80682E-2 4.94146E-2 3.56103E-2 2.98665E-2 5.00048E-2 9.1619E-2 1.08654E-1 6.6319E-2 5.49575E-2 5.56198E-2 3.80648E-2 3.2286E-2 2.31876E-2 1.47299E-2 6.71095E-3 3.13784E-3 2.42651E-3 2.04096E-3 1.25227E-3 1.64617E-3 3.50039E-3 2.84491E-3 1.07619E-3
1.30937E-1 8.98125E-2 5.20132E-2 3.41845E-2 3.29739E-2 3.57331E-2 4.00961E-2 6.26017E-2 5.7489E-2 2.95589E-2 6.87557E-2 1.04476E-1 8.60315E-2 9.5065E-2 1.13157E-1 1.07078E-1 9.70518E-2 8.21213E-2 7.60839E-2 8.12381E-2 9.70518E-2 1.10298E-1 9.77991E-2 7.9477E-2 7.97757E-2 7.76772E-2 1.09851E-1 9.74391E-2 1.30425E-1 1.15245E-1 9.02806E-2 7.52988E-2 7.17023E-2 5.98115E-2 5.71146E-2 5.5802E-2 7.39555E-2 1.28012E-1 1.53623E-1 8.06926E-2 5.78031E-2 4.43484E-2 4.83839E-2 5.20054E-2 2.50729E-2 1.78009E-2 2.64441E-2 5.50914E-2 6.04498E-2 3.15916E-2 2.50081E-2 3.6876E-2 3.41745E-2 2.80649E-2 1.74272E-2 1.22212E-2 8.87053E-3 7.23311E-3 6.78457E-3 4.97873E-3 1.80163E-3 1.58812E-3 2.75136E-3 2.39264E-3 1.16169E-3
7.21588E-2 4.7748E-2 3.07649E-2 2.20317E-2 2.2969E-2 2.53342E-2 3.52735E-2 6.61294E-2 6.02653E-2 2.42036E-2 8.02208E-2 7.52489E-2 5.11069E-2 4.41662E-2 5.54099E-2 5.36655E-2 4.64368E-2 3.91296E-2 3.60463E-2 5.54099E-2 8.56037E-2 8.65775E-2 8.03608E-2 6.41026E-2 5.18088E-2 4.85003E-2 5.26231E-2 4.34283E-2 4.57025E-2 5.94317E-2 4.99009E-2 4.18292E-2 3.52959E-2 2.98665E-2 3.37625E-2 3.22686E-2 4.33522E-2 5.17798E-2 3.89016E-2 4.35298E-2 5.22239E-2 4.1209E-2 4.42068E-2 4.29945E-2 3.80395E-2 4.27323E-2 4.37068E-2 3.58635E-2 3.90586E-2 3.47342E-2 5.60689E-2 4.01345E-2 3.62438E-2 3.13641E-2 1.26388E-2 1.20796E-2 1.28334E-2 1.02152E-2 1.2642E-2 1.32241E-2 5.23247E-3 3.44212E-3 3.38387E-3 2.6114E-3 1.32324E-3
4.48773E-2 2.92673E-2 1.94148E-2 1.5043E-2 1.44016E-2 1.97574E-2 3.12807E-2 3.41845E-2 3.7065E-2 4.25076E-2 5.19827E-2 3.89016E-2 3.61474E-2 3.17556E-2 2.70204E-2 1.94834E-2 1.73063E-2 1.37641E-2 1.75544E-2 3.97365E-2 7.92165E-2 8.25613E-2 6.40394E-2 4.54366E-2 3.15635E-2 2.12895E-2 1.96548E-2 1.78842E-2 1.55932E-2 2.37625E-2 2.0274E-2 1.74005E-2 1.45927E-2 1.23539E-2 1.27156E-2 1.57617E-2 1.30409E-2 9.62704E-3 5.83314E-3 6.89697E-3 2.10093E-2 3.15352E-2 2.30503E-2 1.49587E-2 1.34725E-2 1.08254E-2 9.99305E-3 7.4237E-3 1.09064E-2 2.2444E-2 3.35046E-2 4.38918E-2 5.09331E-2 4.793E-2 2.59555E-2 2.04619E-2 2.59555E-2 9.60291E-3 7.12035E-3 7.83333E-3 6.89604E-3 5.77264E-3 5.23247E-3 3.44212E-3 1.80117E-3
3.4943E-2 2.52899E-2 1.76415E-2 1.54965E-2 1.29762E-2 1.81519E-2 2.59887E-2 3.12807E-2 4.00191E-2 4.60437E-2 3.59101E-2 2.8281E-2 2.36743E-2 1.68896E-2 1.24117E-2 7.67783E-3 5.75371E-3 4.50943E-3 1.2531E-2 3.69782E-2 8.03608E-2 9.35372E-2 6.26592E-2 3.85537E-2 2.72573E-2 2.18413E-2 1.32274E-2 1.03541E-2 8.68051E-3 1.14589E-2 1.04045E-2 8.67611E-3 6.66652E-3 5.43677E-3 4.74567E-3 6.35264E-3 4.941E-3 6.86329E-3 4.53364E-3 5.0253E-3 1.66184E-2 2.53232E-2 8.93378E-3 4.10389E-3 3.53043E-3 1.77658E-3 3.31097E-3 7.71371E-3 1.08513E-2 1.28837E-2 1.55433E-2 2.01882E-2 4.01927E-2 6.02577E-2 3.91761E-2 2.73934E-2 9.82237E-2 1.87842E-2 8.2134E-3 7.58882E-3 6.89604E-3 7.95822E-3 9.45506E-3 6.16036E-3 3.27008E-3
2.95589E-2 1.99092E-2 2.27016E-2 4.23709E-2 3.88254E-2 3.35992E-2 3.60099E-2 3.53149E-2 3.90917E-2 4.88677E-2 5.51777E-2 3.86359E-2 1.18813E-2 7.70426E-3 4.18349E-3 2.10152E-3 1.48199E-3 1.80377E-3 3.80043E-3 1.50549E-2 4.19524E-2 7.24978E-2 4.97809E-2 3.14166E-2 2.34842E-2 2.28543E-2 2.03145E-2 1.04045E-2 6.10136E-3 5.94054E-3 5.84645E-3 4.11531E-3 2.60116E-3 2.08242E-3 2.22997E-3 3.02782E-3 4.11715E-3 4.93784E-3 4.56369E-3 3.22908E-3 5.32565E-3 7.28609E-3 3.18062E-3 1.29621E-3 1.70662E-3 1.75519E-3 1.3262E-2 2.44747E-2 1.09886E-2 5.6318E-3 8.57795E-3 1.19012E-2 2.59555E-2 5.6785E-2 6.75875E-2 3.04645E-2 6.9154E-2 5.74666E-2 2.62946E-2 1.22666E-2 7.12035E-3 7.12035E-3 1.55664E-2 1.67465E-2 1.05343E-2
1.96045E-2 1.69632E-2 2.15189E-2 3.7072E-2 4.94055E-2 5.89648E-2 6.40089E-2 6.58775E-2 6.4196E-2 7.76227E-2 6.42621E-2 3.47799E-2 1.63859E-2 7.44191E-3 2.44347E-3 6.45409E-4 6.18538E-4 1.14609E-3 2.51767E-3 3.66487E-3 9.84948E-3 1.68711E-2 1.69178E-2 1.93791E-2 1.88417E-2 2.35246E-2 2.90098E-2 1.48285E-2 7.49299E-3 4.47578E-3 3.40529E-3 2.09127E-3 1.05355E-3 7.54156E-4 8.84157E-4 1.26315E-3 1.87982E-3 2.42859E-3 2.04437E-3 1.56241E-3 1.04996E-3 1.52305E-3 2.02908E-3 2.25237E-3 2.89821E-3 4.77947E-3 1.78628E-2 1.877E-2 8.34372E-3 4.89709E-3 7.68151E-3 1.67465E-2 2.25818E-2 4.01642E-2 5.73728E-2 3.17083E-2 3.90831E-2 7.91363E-2 5.46884E-2 2.97082E-2 1.17221E-2 3.87628E-3 4.28771E-3 8.60997E-3 2.26964E-3
1.36069E-2 1.12927E-2 1.29792E-2 2.34775E-2 4.36298E-2 7.0975E-2 8.25304E-2 8.84999E-2 9.29912E-2 9.13651E-2 7.17532E-2 3.78564E-2 2.021E-2 6.10136E-3 1.61611E-3 5.55584E-4 6.63837E-4 1.02878E-3 2.50716E-3 5.6554E-3 8.91537E-3 6.78348E-3 2.00051E-3 3.30493E-3 7.10022E-3 2.01319E-2 4.06419E-2 2.12748E-2 9.02153E-3 3.8551E-3 2.04183E-3 1.14995E-3 6.21768E-4 3.57454E-4 3.30211E-4 3.86174E-4 5.55584E-4 9.17622E-4 7.68202E-4 3.43386E-4 1.92455E-4 4.31408E-4 1.59405E-3 3.66846E-3 3.84071E-3 4.70184E-3 6.65011E-3 5.24354E-3 4.5092E-3 4.28771E-3 6.71095E-3 1.32044E-2 1.51152E-2 2.38762E-2 2.61805E-2 2.00855E-2 2.61805E-2 4.37048E-2 4.84118E-2 4.60691E-2 1.32145E-2 1.83422E-3 1.06032E-3 2.65799E-3 3.60156E-4
1.41944E-2 7.44137E-3 6.2175E-3 1.3475E-2 2.64512E-2 4.19759E-2 4.95318E-2 7.11763E-2 7.31436E-2 9.77991E-2 8.59004E-2 4.82508E-2 1.9642E-2 5.75371E-3 1.83277E-3 8.34944E-4 8.53639E-4 1.31288E-3 2.38323E-3 4.90053E-3 6.93573E-3 9.74043E-3 3.8595E-3 1.33192E-3 2.97528E-3 1.22959E-2 2.97326E-2 1.69392E-2 6.96599E-3 3.05334E-3 1.51292E-3 7.43052E-4 5.08189E-4 3.07554E-4 2.47698E-4 3.40731E-4 3.76748E-4 7.50763E-4 8.55805E-4 4.56628E-4 2.10678E-4 3.83636E-4 2.22982E-3 5.96634E-3 6.23692E-3 3.85737E-3 4.6616E-3 6.06128E-3 7.95239E-3 9.44814E-3 1.28241E-2 1.44599E-2 1.11576E-2 1.11992E-2 1.20207E-2 1.01628E-2 1.18401E-2 1.76559E-2 2.00855E-2 1.24226E-2 1.83287E-3 1.0674E-4 1.27061E-5 1.02283E-4 1.40485E-4
1.47299E-2 5.88359E-3 2.55368E-3 1.67584E-3 1.37132E-2 2.90098E-2 1.14728E-2 4.80682E-2 6.0223E-2 7.85167E-2 9.35981E-2 4.78109E-2 1.73111E-2 5.07795E-3 1.41796E-3 8.41658E-4 6.76563E-4 1.19957E-3 2.90679E-3 7.09238E-3 7.47682E-3 5.58368E-3 4.16017E-3 4.92401E-3 7.59931E-3 9.46526E-3 8.13294E-3 6.06332E-3 2.06359E-3 1.58205E-3 1.09095E-3 1.02908E-3 7.92287E-4 5.95341E-4 5.84021E-4 8.36345E-4 1.83E-3 4.17339E-3 2.91213E-3 9.64398E-4 4.73814E-4 8.62689E-4 3.59882E-3 6.0774E-3 5.97978E-3 5.16313E-3 4.5092E-3 8.55041E-3 1.32241E-2 1.96168E-2 2.89324E-2 1.69918E-2 1.22577E-2 8.20738E-3 7.76423E-3 5.64992E-3 4.17915E-3 6.10593E-3 8.14097E-3 2.64423E-3 1.84134E-4 1.27061E-5 1.94183E-6 3.81021E-6 -9999
3.75803E-2 1.68478E-2 2.04544E-3 2.10846E-6 3.98038E-3 6.14657E-4 1.82427E-3 3.52223E-2 6.55042E-2 7.43545E-2 6.78221E-2 3.90157E-2 1.33814E-2 3.2515E-3 1.11116E-3 5.87538E-4 5.40943E-4 1.14193E-3 3.46745E-3 7.67906E-3 1.5668E-2 2.0762E-2 2.20772E-2 1.39175E-2 1.07861E-2 1.25549E-2 7.46574E-3 2.78076E-3 5.88188E-4 7.84756E-4 1.07582E-3 1.27491E-3 1.29464E-3 1.02066E-3 8.95638E-4 1.54136E-3 2.86662E-3 4.1618E-3 2.71789E-3 1.44015E-3 1.01439E-3 1.29045E-3 2.34804E-3 2.98959E-3 3.84934E-3 5.03757E-3 4.22922E-3 5.70848E-3 7.10968E-3 9.56724E-3 8.55408E-3 1.10131E-2 1.08357E-2 8.43228E-3 6.22862E-3 3.07845E-3 1.0509E-3 2.21074E-3 6.12858E-3 1.13928E-3 1.9591E-4 7.09139E-5 2.91646E-5 1.10274E-5 -9999
1.12176E-1 6.16921E-2 3.46286E-3 2.38703E-4 2.95E-5 8.4216E-4 1.63849E-2 6.44698E-2 8.62248E-2 5.6821E-2 2.70204E-2 1.86702E-2 6.86584E-3 1.37081E-3 7.52033E-4 4.31263E-4 4.38824E-4 1.41699E-3 4.36349E-3 1.14728E-2 4.70831E-2 5.90257E-2 4.48776E-2 3.00872E-2 2.07636E-2 1.32145E-2 7.81413E-3 3.68441E-3 1.92526E-3 1.44274E-3 1.25166E-3 1.46379E-3 1.55726E-3 1.25227E-3 8.85979E-4 1.2939E-3 2.2848E-3 2.52178E-3 1.6649E-3 9.46398E-4 6.23733E-4 6.00115E-4 7.84756E-4 1.19377E-3 1.91668E-3 2.90008E-3 2.8161E-3 2.40932E-3 2.53532E-3 3.83312E-3 3.39838E-3 2.93902E-3 4.71419E-3 4.17915E-3 2.58891E-3 1.72264E-3 8.39034E-4 1.91811E-3 2.5536E-3 6.96292E-4 1.84134E-4 5.34191E-4 3.89972E-4 -9999 -9999
9.90589E-2 1.19952E-1 3.12426E-2 1.4259E-2 1.23303E-2 1.12372E-2 4.883E-2 1.02523E-1 9.45612E-2 3.84132E-2 1.05231E-2 1.20496E-2 4.82977E-3 6.66083E-4 4.4335E-4 4.14631E-4 4.14738E-4 2.03648E-3 8.32504E-3 2.40845E-2 9.42918E-2 1.03353E-1 7.25358E-2 4.78963E-2 3.07928E-2 1.71522E-2 1.19765E-2 7.97615E-3 3.93262E-3 1.70478E-3 1.45691E-3 1.34666E-3 1.04596E-3 4.3529E-4 3.60156E-4 6.35704E-4 1.423E-3 1.42405E-3 8.30478E-4 4.4292E-4 3.04731E-4 2.28478E-4 2.35474E-4 5.61403E-4 1.26144E-3 2.11937E-3 2.53847E-3 2.11961E-3 1.43843E-3 1.55459E-3 1.09884E-3 9.55033E-4 6.98194E-4 3.88048E-4 4.46819E-4 9.42911E-4 1.43738E-3 1.41141E-3 9.42911E-4 5.12502E-4 5.65835E-4 8.62698E-4 -9999 -9999 -9999
5.91282E-2 4.05067E-2 7.43642E-2 7.85167E-2 9.60427E-2 6.81905E-2 8.79563E-2 1.19196E-1 1.14127E-1 5.78442E-2 2.14709E-2 1.592E-2 7.4237E-3 8.77806E-4 2.8117E-4 5.65452E-4 1.19444E-3 5.44863E-3 1.9642E-2 5.78683E-2 1.39708E-1 1.37329E-1 8.82381E-2 6.14344E-2 4.44554E-2 2.89461E-2 2.126E-2 1.65615E-2 9.728E-3 4.39389E-3 3.47223E-3 2.68405E-3 5.97798E-4 6.70825E-5 8.53946E-5 1.66105E-4 3.58379E-4 5.02593E-4 2.88918E-4 1.79816E-4 1.88134E-4 1.02143E-4 5.69481E-5 3.13784E-4 1.19957E-3 2.18367E-3 3.17515E-3 2.64395E-3 1.53729E-3 8.39889E-4 3.37186E-4 1.79923E-4 1.17667E-4 2.7733E-5 6.18919E-5 2.54525E-4 5.50436E-4 4.91522E-4 1.95037E-4 6.20611E-5 6.93366E-5 7.56664E-5 -9999 -9999 -9999
1.761E-1 1.78774E-1 2.02177E-1 1.82999E-1 1.99641E-1 1.97223E-1 1.78234E-1 1.34096E-1 1.40427E-1 1.2978E-1 9.59333E-2 5.81125E-2 1.93437E-2 1.44918E-3 1.76789E-4 4.17928E-4 1.6804E-3 9.30542E-3 3.52936E-2 7.20662E-2 1.3989E-1 1.19958E-1 7.72074E-2 6.38646E-2 5.74515E-2 3.69947E-2 2.56535E-2 2.87702E-2 2.55943E-2 1.5451E-2 1.06357E-2 8.04831E-3 1.3766E-3 1.69435E-4 8.57687E-5 7.83324E-5 8.53946E-5 9.7761E-5 9.19008E-5 7.89158E-5 9.96546E-5 7.44491E-5 3.48605E-5 2.72544E-4 1.43028E-3 3.40529E-3 5.35428E-3 3.36275E-3 1.61169E-3 7.20413E-4 2.03105E-4 1.11975E-4 4.99168E-5 1.91532E-5 2.90206E-5 9.50747E-5 2.02487E-4 2.25208E-4 8.38863E-5 8.27128E-6 5.91425E-6 -9999 -9999 -9999 -9999
3.32067E-1 2.96782E-1 3.07487E-1 2.97621E-1 2.48927E-1 2.20237E-1 2.27012E-1 1.89592E-1 1.71775E-1 1.46383E-1 1.22496E-1 1.0221E-1 2.76479E-2 3.29706E-3 2.93277E-4 3.4921E-5 4.92532E-4 9.17871E-3 4.32231E-2 8.65552E-2 1.04324E-1 8.33879E-2 5.43556E-2 4.61514E-2 3.86654E-2 2.34458E-2 1.88551E-2 2.80191E-2 2.87859E-2 1.80616E-2 1.09975E-2 6.77613E-3 2.61502E-3 7.73243E-4 2.35247E-4 7.71521E-5 2.70089E-5 2.59741E-5 4.35434E-5 6.15194E-5 9.84541E-5 1.23639E-4 1.34636E-4 4.53634E-4 2.00682E-3 3.78935E-3 4.69024E-3 3.95542E-3 1.47432E-3 6.06464E-4 2.25094E-4 1.19073E-4 4.34804E-5 2.20718E-5 2.46561E-5 6.16617E-5 1.31243E-4 1.65243E-4 1.15925E-4 2.84474E-5 -9999 -9999 -9999 -9999 -9999
4.1214E-1 4.33647E-1 3.66968E-1 3.10938E-1 2.67089E-1 2.3997E-1 2.62941E-1 2.57823E-1 1.66303E-1 8.35969E-2 8.06962E-2 7.16227E-2 1.72585E-2 4.41057E-3 2.49401E-4 3.10597E-5 4.38531E-4 1.18114E-2 6.46701E-2 1.08642E-1 7.80689E-2 5.38937E-2 3.26398E-2 2.45768E-2 1.97297E-2 1.20341E-2 8.05711E-3 1.04802E-2 1.16191E-2 7.97615E-3 5.16189E-3 4.06712E-3 3.63464E-3 2.6352E-3 6.43798E-4 1.09244E-4 1.99629E-5 1.60144E-5 3.81709E-5 1.19126E-4 1.36062E-4 1.9591E-4 3.49997E-4 7.92692E-4 1.96713E-3 3.66356E-3 3.90508E-3 2.77927E-3 1.09598E-3 5.18035E-4 2.62103E-4 1.10963E-4 5.43327E-5 3.11987E-5 2.95753E-5 4.84029E-5 -9999 -9999 -9999 -9999 -9999 -9999 -9999 -9999 -9999
5.16358E-1 4.52652E-1 3.47642E-1 2.82897E-1 2.41229E-1 2.18621E-1 2.13179E-1 1.65135E-1 1.03284E-1 4.90941E-2 3.37686E-2 1.92526E-2 5.20545E-3 1.15741E-3 1.7273E-4 1.15925E-4 1.89392E-3 1.56226E-2 2.63135E-2 3.47773E-2 4.10257E-2 3.84828E-2 2.02047E-2 1.47634E-2 1.38494E-2 7.32694E-3 3.66536E-3 2.64423E-3 2.48831E-3 2.51777E-3 2.29117E-3 2.60714E-3 4.02219E-3 4.77283E-3 1.33766E-3 2.75854E-4 7.9667E-5 5.10078E-5 9.12597E-5 1.43285E-4 2.71912E-4 5.12502E-4 1.03535E-3 1.84208E-3 2.78575E-3 3.15901E-3 2.7854E-3 1.6804E-3 8.09425E-4 4.38109E-4 2.45468E-4 1.28505E-4 7.34038E-5 5.17211E-5 4.33187E-5 -9999 -9999 -9999 -9999 -9999 -9999 -9999 -9999 -9999 -9999
5.01846E-1 4.22808E-1 3.07277E-1 2.40198E-1 1.90033E-1 1.78623E-1 1.51961E-1 1.04343E-1 6.13381E-2 2.84003E-2 1.38854E-2 5.75553E-3 1.34666E-3 3.32797E-4 1.28856E-4 1.43502E-4 1.58771E-3 6.25631E-3 3.67534E-3 5.57348E-3 2.31202E-2 4.27281E-2 3.41109E-2 1.8972E-2 7.13755E-3 2.57675E-3 1.57989E-3 1.2727E-3 1.07064E-3 9.29661E-4 1.14115E-3 1.88555E-3 3.02625E-3 3.13446E-3 1.62096E-3 6.03021E-4 2.79303E-4 1.90342E-4 2.07467E-4 3.32581E-4 7.15322E-4 1.29755E-3 2.63442E-3 4.20581E-3 4.39424E-3 3.10369E-3 1.53044E-3 9.44105E-4 4.56131E-4 2.92187E-4 1.97425E-4 1.36376E-4 9.46269E-5 8.17911E-5 9.92313E-5 -9999 -9999 -9999 -9999 -9999 -9999 -9999 -9999 -9999 -9999
4.70797E-1 4.04196E-1 3.01907E-1 2.51748E-1 2.22013E-1 1.70831E-1 1.18186E-1 6.88563E-2 3.67205E-2 1.54981E-2 6.20014E-3 2.50097E-3 9.58714E-4 3.21565E-4 1.58931E-4 2.08496E-4 7.5527E-4 1.83287E-3 2.18985E-3 4.50473E-3 1.82212E-2 4.49327E-2 4.53796E-2 2.18619E-2 4.79302E-3 1.7923E-3 1.16258E-3 1.07944E-3 9.25374E-4 6.06381E-4 8.62477E-4 1.5577E-3 2.25122E-3 2.39651E-3 1.74187E-3 1.08391E-3 6.63847E-4 5.0055E-4 5.10407E-4 7.03771E-4 1.22972E-3 2.33521E-3 5.05045E-3 9.92394E-3 6.00271E-3 2.54413E-3 8.87897E-4 2.80625E-4 1.78889E-4 1.68089E-4 1.59561E-4 1.32151E-4 1.14636E-4 1.20164E-4 1.36376E-4 -9999 -9999 -9999 -9999 -9999 -9999 -9999 -9999 -9999 -9999
