KUENM/Final_Models/M_0.1_F_lq_Set_2_E/sp1_8_se_asia.asc
ncols         320
nrows         243
xllcorner     44.0
yllcorner     -0.666666666666667
cellsize      0.166666666666667
NODATA_value  -9999
[rows 93 to 123 of 243, columns 210 to 279 of 320]
2.72594E-3 5.16721E-4 5.76492E-4 4.34769E-3 1.41063E-2 2.06225E-2 2.32785E-2 2.57108E-2 2.11872E-2 1.71168E-2 2.46741E-2 1.73344E-2 9.51089E-3 6.56211E-3 7.21143E-3 9.92196E-3 1.27001E-2 2.16287E-2 4.08655E-2 6.76993E-2 6.40334E-2 4.99048E-2 4.7088E-2 4.19665E-2 3.86577E-2 3.78148E-2 2.77624E-2 2.79345E-2 3.02772E-2 2.80341E-2 1.12636E-2 5.7663E-3 8.03086E-3 1.12636E-2 1.10807E-2 7.01764E-3 1.27001E-2 1.89099E-2 1.74336E-2 2.5063E-2 3.13796E-2 2.7504E-2 1.48423E-2 8.33631E-3 4.52306E-3 3.05266E-3 2.63445E-3 1.7381E-3 1.10876E-3 1.22539E-4 7.17208E-6 3.50531E-6 1.36684E-5 3.15378E-5 6.54985E-5 8.62548E-5 4.58922E-5 1.22577E-5 2.41345E-6 1.85063E-7 2.0218E-8 9.91575E-9 3.96825E-9 6.05752E-10 4.25163E-11 2.61017E-12 1.01899E-13 3.25971E-15 1.31998E-16 1.0556E-17
2.18744E-3 9.92094E-4 2.22696E-3 5.99869E-3 1.29509E-2 1.08835E-2 1.86063E-2 2.69318E-2 2.29009E-2 1.48294E-2 1.486E-2 1.24714E-2 1.04845E-2 1.02766E-2 1.28696E-2 1.15683E-2 1.10099E-2 1.67726E-2 2.23864E-2 3.02058E-2 3.48145E-2 3.84713E-2 3.34587E-2 2.6178E-2 1.87155E-2 1.83493E-2 1.39584E-2 1.19738E-2 1.26874E-2 1.46045E-2 1.75641E-2 2.27622E-2 1.33841E-2 8.61007E-3 4.35588E-3 3.53363E-3 3.71218E-3 2.22397E-3 1.70095E-3 3.78328E-3 9.97726E-3 1.34026E-2 5.888E-3 4.40868E-3 4.49416E-3 2.45061E-3 1.9315E-3 1.15062E-3 5.80771E-4 1.78645E-4 5.84131E-5 4.0358E-5 3.19172E-5 1.5606E-5 2.32874E-5 7.05996E-5 5.14834E-5 1.22643E-5 1.77787E-6 1.32471E-7 1.23453E-8 2.16222E-8 8.51574E-9 8.11288E-10 5.57381E-11 2.95084E-12 1.78449E-13 9.55899E-15 8.85319E-16 1.54852E-16
5.36181E-3 4.69139E-3 1.63801E-3 6.22521E-3 1.24714E-2 8.97892E-3 1.06361E-2 1.42929E-2 1.29852E-2 1.09828E-2 8.30739E-3 7.32175E-3 8.15966E-3 1.09828E-2 1.36623E-2 1.11283E-2 7.92733E-3 8.00861E-3 7.84656E-3 1.36424E-2 1.13206E-2 1.82854E-2 1.47386E-2 9.75024E-3 7.24997E-3 6.668E-3 4.99663E-3 4.63779E-3 4.4673E-3 6.98832E-3 1.76955E-2 2.45046E-2 8.07082E-3 4.69644E-3 3.12501E-3 3.61092E-3 3.98942E-3 1.28884E-3 7.62098E-4 1.39935E-3 4.32831E-3 5.06697E-3 1.81603E-3 1.27065E-3 2.34479E-3 2.12669E-3 1.5803E-3 7.61862E-4 4.45471E-4 2.78017E-4 2.07081E-4 1.88245E-4 1.18871E-4 2.68698E-5 2.23349E-5 4.9509E-5 4.03127E-5 1.38432E-5 2.48119E-6 3.042E-7 7.19222E-8 4.70542E-8 1.0824E-8 7.27269E-10 3.50072E-11 2.40483E-12 1.97654E-13 1.43086E-14 2.26788E-15 9.12911E-16
5.88338E-3 5.06176E-3 1.19929E-3 8.04534E-3 7.18989E-3 3.86535E-3 3.0887E-3 4.37768E-3 4.15269E-3 3.29683E-3 2.51491E-3 2.21441E-3 4.37768E-3 8.89567E-3 9.08954E-3 8.02894E-3 5.55278E-3 4.00409E-3 3.67705E-3 4.15864E-3 3.16885E-3 3.34471E-3 4.90094E-3 3.72064E-3 2.8217E-3 2.16965E-3 1.70095E-3 2.01546E-3 1.886E-3 2.96669E-3 3.92156E-3 2.49572E-3 2.97974E-3 3.98105E-3 2.78214E-3 3.06853E-3 2.922E-3 2.40635E-3 2.88916E-3 3.0095E-3 2.2218E-3 2.58204E-3 2.19997E-3 4.73194E-3 2.784E-3 2.39694E-3 1.93449E-3 4.778E-4 4.46325E-4 4.94253E-4 3.50725E-4 4.83183E-4 5.17113E-4 1.29356E-4 6.96222E-5 6.7891E-5 4.58478E-5 1.6916E-5 3.97516E-6 7.17126E-7 1.45735E-7 3.80732E-8 6.46217E-9 3.83019E-10 1.91198E-11 1.63234E-12 2.90278E-13 3.37841E-14 9.00875E-15 2.59429E-15
2.05324E-3 2.32224E-3 2.88955E-3 3.95436E-3 2.49572E-3 2.2214E-3 1.81482E-3 1.41452E-3 8.6245E-4 7.15769E-4 5.04854E-4 7.31446E-4 2.58575E-3 7.82102E-3 8.41787E-3 5.58219E-3 3.24762E-3 1.89903E-3 1.1043E-3 9.7661E-4 8.44982E-4 6.85304E-4 1.18647E-3 9.35585E-4 7.40692E-4 5.75036E-4 4.5909E-4 4.79589E-4 6.37138E-4 5.15502E-4 3.15123E-4 1.51975E-4 1.91097E-4 1.082E-3 1.91463E-3 1.15652E-3 5.92548E-4 4.96449E-4 3.52017E-4 3.1265E-4 2.02605E-4 3.57533E-4 1.11105E-3 2.12049E-3 3.31071E-3 4.19161E-3 3.76192E-3 1.44384E-3 1.01439E-3 1.44384E-3 3.1969E-4 2.0449E-4 2.35763E-4 1.94968E-4 1.49663E-4 1.29356E-4 6.96222E-5 2.65704E-5 6.97467E-6 1.15804E-6 1.99914E-7 3.0193E-8 4.04562E-9 2.74171E-10 1.09799E-11 1.84726E-12 6.48084E-13 1.79208E-13 2.99256E-14 -9999
1.78239E-3 2.61914E-3 3.25446E-3 2.20571E-3 1.52479E-3 1.15214E-3 6.87864E-4 4.31839E-4 2.11418E-4 1.37997E-4 9.75311E-5 4.39863E-4 2.30476E-3 8.02894E-3 1.03314E-2 5.35111E-3 2.49211E-3 1.47595E-3 1.06452E-3 5.26731E-4 3.6364E-4 2.75573E-4 3.88777E-4 3.37949E-4 2.57259E-4 1.75638E-4 1.32734E-4 1.23071E-4 1.90292E-4 1.68019E-4 2.03989E-4 1.18964E-4 1.2991E-4 7.65706E-4 1.36152E-3 2.81631E-4 8.90926E-5 7.0565E-5 2.46662E-5 6.04512E-5 2.13602E-4 3.63807E-4 4.74442E-4 6.465E-4 9.82339E-4 2.84907E-3 5.4875E-3 2.73677E-3 1.58718E-3 1.22707E-2 8.90347E-4 2.53044E-4 2.24868E-4 1.94968E-4 2.41395E-4 3.12346E-4 1.64841E-4 6.45509E-5 1.43935E-5 1.38323E-6 1.53092E-7 2.35527E-8 3.1638E-9 3.42721E-10 3.50072E-11 7.79555E-12 2.44477E-12 5.19191E-13 3.52562E-14 -9999
2.14372E-3 2.51046E-3 3.57336E-3 4.33968E-3 2.46525E-3 4.03972E-4 2.11882E-4 8.67669E-5 3.17709E-5 1.9294E-5 2.64547E-5 8.22782E-5 6.08001E-4 2.89807E-3 6.78994E-3 3.68766E-3 1.79518E-3 1.15307E-3 1.10585E-3 9.19347E-4 3.37949E-4 1.51245E-4 1.44719E-4 1.4132E-4 8.46797E-5 4.32276E-5 3.20729E-5 3.95148E-5 6.64551E-5 1.06942E-4 1.32785E-4 1.2235E-4 6.46247E-5 1.27604E-4 2.03683E-4 5.99132E-5 1.59839E-5 2.37363E-5 2.40998E-5 4.79979E-4 1.27988E-3 3.79653E-4 1.33234E-4 2.6195E-4 4.41189E-4 1.44384E-3 4.98778E-3 6.69013E-3 1.89374E-3 6.94444E-3 5.08427E-3 1.49011E-3 4.61737E-4 2.0449E-4 2.0449E-4 6.61643E-4 7.39161E-4 3.67287E-4 1.88272E-5 8.08998E-7 6.64487E-8 1.32785E-8 3.10263E-9 5.2304E-10 9.33187E-11 2.40723E-11 8.7225E-12 1.19924E-12 2.91524E-14 1.33804E-16
5.8742E-3 5.56748E-3 7.61936E-3 5.56368E-3 2.09137E-3 6.57563E-4 2.01784E-4 3.92042E-5 5.87198E-6 5.63587E-6 1.37361E-5 4.47268E-5 8.51779E-5 3.46165E-4 7.29785E-4 7.09607E-4 8.50499E-4 8.14759E-4 1.14465E-3 1.57702E-3 5.64583E-4 2.02356E-4 9.42317E-5 6.3403E-5 3.1177E-5 1.17025E-5 7.44621E-6 1.169E-5 1.9349E-5 3.28265E-5 4.70822E-5 3.21434E-5 2.24269E-5 1.14802E-5 1.95703E-5 2.96814E-5 3.4608E-5 5.04219E-5 1.03865E-4 7.67595E-4 8.60934E-4 2.59065E-4 1.15994E-4 2.22141E-4 7.39161E-4 1.17944E-3 2.87893E-3 5.13359E-3 2.01501E-3 2.79234E-3 8.66268E-3 4.75392E-3 1.79917E-3 4.3124E-4 8.29697E-5 9.63139E-5 2.71517E-4 3.73041E-5 2.20005E-6 2.09095E-7 3.27282E-8 7.79618E-9 2.54747E-9 5.71833E-10 9.47974E-11 2.08955E-11 6.16693E-12 6.31278E-13 7.19019E-15 -9999
9.60285E-3 1.03312E-2 9.9625E-3 6.6445E-3 2.41121E-3 9.06858E-4 1.51245E-4 2.15973E-5 4.63449E-6 5.95974E-6 1.17265E-5 4.34268E-5 1.46818E-4 2.93959E-4 1.97668E-4 3.47544E-5 6.39963E-5 1.88107E-4 9.03778E-4 2.66948E-3 9.87457E-4 2.69946E-4 7.5398E-5 2.97356E-5 1.31147E-5 5.74489E-6 2.48355E-6 2.17407E-6 2.671E-6 4.63449E-6 1.02732E-5 7.64969E-6 2.30121E-6 9.72634E-7 3.06869E-6 2.06739E-5 7.0106E-5 7.54888E-5 1.01373E-4 1.70103E-4 1.20265E-4 9.82878E-5 9.63139E-5 1.78645E-4 5.05277E-4 6.32824E-4 1.28466E-3 1.51812E-3 1.01132E-3 1.51812E-3 3.37283E-3 3.91424E-3 3.61822E-3 5.22545E-4 2.75855E-5 1.23715E-5 4.75686E-5 2.54317E-6 3.75458E-7 1.08723E-7 2.14955E-8 5.59395E-9 1.94406E-9 3.92463E-10 3.87009E-11 3.49613E-12 4.20339E-13 2.47927E-14 1.49977E-16 -9999
6.56211E-3 6.86263E-3 1.11283E-2 9.05883E-3 3.57362E-3 8.76703E-4 1.37997E-4 2.54565E-5 8.12102E-6 8.34961E-6 1.58271E-5 4.02969E-5 1.21638E-4 2.10295E-4 3.35867E-4 8.52789E-5 1.87843E-5 5.19439E-5 4.28792E-4 1.63842E-3 6.97684E-4 1.84267E-4 5.3695E-5 1.90649E-5 7.14463E-6 4.33326E-6 1.94545E-6 1.37176E-6 2.18487E-6 2.51145E-6 6.89614E-6 8.34821E-6 3.3195E-6 1.08506E-6 2.58763E-6 3.36351E-5 1.44424E-4 1.54612E-4 7.55093E-5 1.03247E-4 1.60915E-4 2.43932E-4 3.15628E-4 4.99445E-4 5.91795E-4 3.8846E-4 4.02645E-4 4.64678E-4 3.61081E-4 4.54214E-4 8.31036E-4 1.01132E-3 4.81959E-4 2.78754E-5 4.42896E-7 2.08325E-8 4.16478E-7 6.51246E-7 2.14318E-7 7.71803E-8 9.64037E-9 2.14314E-9 6.1905E-10 8.82106E-11 3.7437E-12 1.13143E-13 3.80872E-15 1.67475E-16 -9999 2.17402E-22
3.53363E-3 5.1028E-3 7.93099E-3 1.05751E-2 3.54294E-3 7.22985E-4 1.14198E-4 1.76226E-5 8.10186E-6 6.00633E-6 1.38673E-5 5.20072E-5 1.97364E-4 2.35379E-4 1.59549E-4 9.80531E-5 1.10502E-4 2.06802E-4 2.87049E-4 2.31284E-4 1.47929E-4 3.15344E-5 2.03479E-5 1.18348E-5 1.10748E-5 7.48872E-6 4.87631E-6 4.74194E-6 8.04697E-6 2.55802E-5 8.48661E-5 5.04136E-5 9.93728E-6 3.51003E-6 8.38407E-6 6.8639E-5 1.5116E-4 1.47565E-4 1.18657E-4 9.82878E-5 2.58447E-4 5.17113E-4 9.3013E-4 1.68883E-3 7.55651E-4 4.66588E-4 2.55703E-4 2.44722E-4 1.50394E-4 9.75277E-5 1.71105E-4 2.6266E-4 4.89735E-5 9.8449E-7 2.08325E-8 1.42715E-9 3.6885E-9 5.21982E-8 5.57311E-8 2.20324E-8 3.09253E-9 4.67097E-10 6.32302E-11 3.89925E-12 8.84065E-14 7.68466E-16 3.23516E-18 1.0809E-20 3.65499E-23 -9999
2.30042E-3 6.14419E-3 7.20189E-3 6.08737E-3 2.50406E-3 4.83349E-4 5.86356E-5 1.21567E-5 4.79795E-6 4.31314E-6 1.30691E-5 6.69766E-5 2.24427E-4 6.40643E-4 9.54359E-4 1.04938E-3 5.14831E-4 3.50637E-4 4.5993E-4 2.07888E-4 4.88897E-5 5.30264E-6 7.97589E-6 1.18872E-5 1.63826E-5 1.60668E-5 1.08856E-5 8.85535E-6 1.99939E-5 5.07217E-5 8.62195E-5 4.59791E-5 1.86128E-5 1.11519E-5 1.58519E-5 3.8818E-5 5.48671E-5 7.89753E-5 1.13821E-4 8.74582E-5 1.40447E-4 1.99808E-4 3.08426E-4 2.50366E-4 3.84508E-4 3.92412E-4 2.73054E-4 1.73843E-4 6.21066E-5 1.28418E-5 3.81566E-5 1.69709E-4 1.40703E-5 -9999 2.45704E-7 6.77802E-8 1.68264E-8 2.20324E-8 1.5725E-8 5.23504E-9 8.19598E-10 7.66401E-11 4.28371E-12 1.14677E-13 1.03005E-15 2.27577E-18 1.17387E-21 6.40886E-26 3.77099E-29 1.71026E-30
5.87073E-3 9.33828E-3 4.58216E-3 1.41452E-3 8.01456E-4 1.78389E-4 1.67527E-5 6.87469E-6 3.05999E-6 3.16714E-6 1.82148E-5 9.6611E-5 4.06526E-4 3.38588E-3 4.94467E-3 3.28913E-3 1.77633E-3 1.01438E-3 5.22545E-4 2.40562E-4 7.69758E-5 3.07247E-5 2.01318E-5 1.59478E-5 2.08458E-5 2.12521E-5 1.5606E-5 8.90102E-6 1.5568E-5 3.63297E-5 4.3552E-5 2.30166E-5 1.02629E-5 5.70896E-6 5.39718E-6 7.97589E-6 1.4033E-5 2.70057E-5 4.977E-5 4.75516E-5 3.77944E-5 4.11099E-5 7.78605E-5 6.39123E-5 5.13282E-5 1.14979E-4 9.75277E-5 4.81268E-5 2.64604E-5 9.24617E-6 3.09776E-5 4.65241E-5 6.95103E-6 9.8449E-7 4.55697E-6 2.85422E-6 1.9501E-7 3.28905E-8 7.66757E-9 1.57197E-9 1.83827E-10 1.12585E-11 3.39336E-13 4.09826E-15 1.60615E-17 9.84286E-21 1.31502E-24 1.66658E-29 7.3632E-33 5.13253E-34
1.21212E-2 1.05677E-2 2.44666E-3 3.36809E-4 4.12814E-4 1.06463E-4 5.99202E-6 3.17759E-6 2.90564E-6 2.8911E-6 2.97201E-5 2.46679E-4 1.21133E-3 1.08181E-2 1.29535E-2 7.33133E-3 3.8013E-3 1.95074E-3 7.95284E-4 4.68501E-4 2.58464E-4 9.18128E-5 2.68372E-5 2.10016E-5 1.90011E-5 1.29377E-5 3.559E-6 2.54317E-6 5.80584E-6 1.92395E-5 1.90394E-5 8.56874E-6 3.31082E-6 1.86765E-6 1.26824E-6 1.36015E-6 4.53497E-6 1.46724E-5 3.1268E-5 4.08125E-5 3.138E-5 1.77298E-5 1.99746E-5 1.19366E-5 9.93103E-6 6.8891E-6 2.97164E-6 3.59994E-6 1.08137E-5 2.02975E-5 1.97631E-5 1.08137E-5 4.39367E-6 5.01213E-6 9.15633E-6 2.33158E-6 2.58646E-7 2.97679E-8 4.49839E-9 5.41294E-10 4.46404E-11 1.81267E-12 3.37348E-14 -9999 4.4715E-19 2.00232E-22 2.44333E-26 1.60232E-30 7.7555E-34 -9999
1.56219E-2 1.44926E-2 4.68185E-3 9.92078E-4 6.29783E-4 2.02605E-4 9.19621E-6 1.66207E-6 4.54854E-6 1.35461E-5 1.25995E-4 8.76703E-4 4.69663E-3 2.18389E-2 2.16215E-2 1.0377E-2 5.80653E-3 3.56434E-3 1.82348E-3 1.15207E-3 8.00249E-4 3.64833E-4 1.13685E-4 8.02737E-5 5.49221E-5 6.10464E-6 2.53505E-7 3.37617E-7 8.38552E-7 2.64779E-6 4.27076E-6 1.8678E-6 9.12193E-7 9.16686E-7 3.90859E-7 1.81276E-7 1.95763E-6 1.38673E-5 3.2932E-5 5.67533E-5 4.3565E-5 1.95892E-5 8.05437E-6 2.28154E-6 9.46744E-7 4.76455E-7 6.61196E-8 2.0953E-7 1.61259E-6 5.00528E-6 4.18849E-6 1.09708E-6 2.07663E-7 2.40631E-7 2.6685E-7 1.66514E-7 6.14696E-8 1.66263E-8 1.92562E-9 2.57732E-10 1.37387E-11 4.32137E-13 5.89528E-15 1.45566E-17 4.08036E-20 -9999 1.29156E-27 6.94432E-31 2.75749E-34 -9999
1.92022E-2 2.10341E-2 1.87104E-2 1.13163E-2 5.01197E-3 9.20362E-4 1.97598E-5 9.17602E-7 2.9827E-6 2.22017E-5 2.79976E-4 2.13885E-3 6.98081E-3 2.23393E-2 1.74771E-2 8.42652E-3 6.3602E-3 5.36232E-3 2.71157E-3 1.56159E-3 1.89525E-3 1.61024E-3 7.58951E-4 4.32128E-4 2.84645E-4 2.09867E-5 9.81199E-7 3.55315E-7 2.9814E-7 3.37617E-7 3.99562E-7 3.56932E-7 2.80644E-7 3.71173E-7 2.49477E-7 9.06398E-8 1.59608E-6 1.83144E-5 6.3403E-5 1.22691E-4 6.2097E-5 2.10586E-5 6.43739E-6 1.18891E-6 4.88324E-7 1.46665E-7 3.942E-8 7.05686E-8 3.94122E-7 1.17403E-6 1.35081E-6 3.24626E-7 1.15453E-8 -9999 1.22169E-9 9.31508E-9 1.5538E-8 7.57642E-9 1.16433E-9 1.21219E-10 -9999 1.76493E-13 2.06172E-15 3.27901E-18 -9999 -9999 -9999 -9999 -9999 -9999
3.69075E-2 3.1158E-2 2.39609E-2 1.79037E-2 1.32861E-2 1.65128E-3 6.87171E-5 1.98001E-6 8.97646E-8 3.80906E-6 2.74121E-4 2.99278E-3 9.81383E-3 1.3756E-2 9.56963E-3 4.83575E-3 3.78177E-3 2.86167E-3 1.33835E-3 9.7467E-4 1.76069E-3 1.8357E-3 9.12925E-4 4.38564E-4 2.12567E-4 5.19538E-5 8.72911E-6 1.42037E-6 2.84078E-7 6.45252E-8 5.94183E-8 1.18175E-7 1.90985E-7 3.66457E-7 5.1484E-7 6.26311E-7 3.45551E-6 2.88098E-5 7.49382E-5 1.02803E-4 7.85118E-5 1.86363E-5 5.07406E-6 1.22825E-6 4.73328E-7 1.2611E-7 4.76564E-8 5.66178E-8 2.11255E-7 6.18999E-7 -9999 -9999 -9999 -9999 -9999 7.07049E-9 -9999 -9999 1.16433E-9 -9999 -9999 -9999 -9999 -9999 -9999 -9999 -9999 -9999 -9999 -9999
7.28874E-2 3.15985E-2 9.48517E-3 9.06369E-3 7.6643E-3 8.25784E-4 1.04187E-4 1.56579E-6 7.77919E-8 3.35015E-6 4.01951E-4 6.01614E-3 1.47402E-2 8.58191E-3 4.70482E-3 2.19669E-3 1.41696E-3 9.97761E-4 4.86101E-4 2.66399E-4 3.78131E-4 4.47624E-4 2.58464E-4 1.35275E-4 9.64924E-5 8.04986E-5 5.16849E-5 6.57605E-6 4.95793E-7 4.24286E-8 2.971E-8 9.8737E-8 4.75414E-7 5.99561E-7 1.0768E-6 2.59348E-6 8.5113E-6 2.99328E-5 7.18278E-5 7.73685E-5 4.6564E-5 1.22139E-5 4.15697E-6 1.53572E-6 4.54334E-7 1.62456E-7 7.63543E-8 7.3501E-8 -9999 -9999 -9999 -9999 -9999 -9999 -9999 -9999 -9999 -9999 -9999 -9999 -9999 -9999 -9999 -9999 -9999 -9999 -9999 -9999 -9999 -9999
3.20807E-2 1.40937E-2 4.17136E-3 2.35169E-3 9.9021E-4 1.33176E-4 1.45861E-5 9.08617E-7 5.10875E-7 2.80472E-5 6.34874E-4 1.47463E-3 2.32648E-3 3.05292E-3 2.76116E-3 1.04975E-3 6.42369E-4 5.91727E-4 2.31191E-4 7.92492E-5 4.89735E-5 4.60585E-5 4.7575E-5 4.20742E-5 5.00797E-5 9.34971E-5 1.24228E-4 1.91143E-5 1.92108E-6 3.09866E-7 1.54716E-7 3.39747E-7 6.63303E-7 1.71067E-6 4.39367E-6 1.23951E-5 2.96154E-5 5.28795E-5 6.06836E-5 4.79509E-5 2.22017E-5 8.02354E-6 3.49848E-6 1.49222E-6 6.00448E-7 2.71504E-7 1.64053E-7 -9999 -9999 -9999 -9999 -9999 -9999 -9999 -9999 -9999 -9999 -9999 -9999 -9999 -9999 -9999 -9999 -9999 -9999 -9999 -9999 -9999 -9999 -9999
1.434E-2 6.05037E-3 1.79783E-3 6.12843E-4 1.61421E-4 1.90011E-5 2.48233E-6 5.95097E-7 6.7885E-7 2.2086E-5 1.70631E-4 7.85431E-5 1.45483E-4 1.25415E-3 3.21255E-3 2.31875E-3 9.27102E-4 2.18997E-4 4.84864E-5 2.29946E-5 1.65423E-5 1.31955E-5 1.10579E-5 1.49156E-5 3.16059E-5 6.33663E-5 6.90245E-5 2.57422E-5 6.07761E-6 1.89696E-6 1.07358E-6 1.19961E-6 2.29042E-6 6.59902E-6 1.62723E-5 4.93767E-5 1.01398E-4 1.05044E-4 6.04613E-5 2.14027E-5 9.82381E-6 3.54716E-6 1.99631E-6 1.1481E-6 6.63192E-7 3.97067E-7 3.17284E-7 -9999 -9999 -9999 -9999 -9999 -9999 -9999 -9999 -9999 -9999 -9999 -9999 -9999 -9999 -9999 -9999 -9999 -9999 -9999 -9999 -9999 -9999 -9999
7.29807E-3 2.63954E-3 7.12198E-4 1.8318E-4 4.78584E-5 1.17491E-5 2.32668E-6 8.05629E-7 1.15221E-6 7.46176E-6 2.78754E-5 3.61943E-5 1.04817E-4 8.60557E-4 3.47805E-3 3.57928E-3 1.15114E-3 1.17838E-4 2.76635E-5 1.43166E-5 1.28459E-5 1.05215E-5 5.76196E-6 9.05429E-6 2.3514E-5 4.10003E-5 4.56956E-5 2.86049E-5 1.42878E-5 6.98997E-6 4.56032E-6 4.69141E-6 7.26003E-6 1.53626E-5 3.78151E-5 1.25697E-4 3.58391E-4 1.74575E-4 4.6907E-5 1.00417E-5 1.88289E-6 9.81457E-7 8.96989E-7 8.56652E-7 6.52517E-7 5.23595E-7 5.52474E-7 6.63192E-7 -9999 -9999 -9999 -9999 -9999 -9999 -9999 -9999 -9999 -9999 -9999 -9999 -9999 -9999 -9999 -9999 -9999 -9999 -9999 -9999 -9999 -9999
3.03249E-3 7.78152E-4 1.65369E-4 5.43961E-5 2.93668E-5 1.38336E-5 3.73648E-6 9.44705E-7 9.07375E-7 2.69437E-6 9.67398E-6 2.42593E-5 7.42345E-5 3.30634E-4 8.90347E-4 1.12989E-3 8.41908E-4 1.12854E-4 2.03944E-5 1.34211E-5 1.86034E-5 3.58179E-5 3.61943E-5 2.84002E-5 3.37541E-5 3.89305E-5 4.10003E-5 3.54255E-5 2.57422E-5 1.91143E-5 1.49156E-5 1.69542E-5 1.91143E-5 2.76708E-5 5.14479E-5 1.10078E-4 3.02325E-4 1.39545E-4 2.90417E-5 4.66362E-6 8.89665E-7 4.84841E-7 6.38104E-7 6.93354E-7 7.82565E-7 7.31741E-7 8.44625E-7 1.20949E-6 -9999 -9999 -9999 -9999 -9999 -9999 -9999 -9999 -9999 -9999 -9999 -9999 -9999 -9999 -9999 -9999 -9999 -9999 -9999 -9999 -9999 -9999
1.00573E-3 1.0654E-4 1.49156E-5 2.21495E-5 2.99919E-5 2.71375E-5 5.87883E-6 5.56603E-7 2.72694E-7 7.17126E-7 2.55392E-6 9.33089E-6 3.59083E-5 1.07745E-4 2.27455E-4 2.30365E-4 1.6864E-4 9.39743E-5 1.91065E-5 1.07028E-5 1.26626E-5 1.51619E-4 3.08368E-4 1.43268E-4 6.75051E-5 4.40406E-5 4.31749E-5 3.9133E-5 3.74572E-5 3.88043E-5 4.71675E-5 5.9679E-5 5.47418E-5 4.01453E-5 3.40034E-5 3.54187E-5 7.22357E-5 5.99622E-5 1.87343E-5 3.21866E-6 7.18946E-7 6.20883E-7 7.87228E-7 9.09761E-7 1.09536E-6 1.26372E-6 1.41333E-6 -9999 -9999 -9999 -9999 -9999 -9999 -9999 -9999 -9999 -9999 -9999 -9999 -9999 -9999 -9999 -9999 -9999 -9999 -9999 -9999 -9999 -9999 -9999
5.05066E-4 5.13788E-5 7.99155E-6 1.38336E-5 2.54573E-5 2.36541E-5 2.49712E-6 7.90185E-8 3.20414E-8 1.22013E-7 5.3617E-7 2.63174E-6 1.22577E-5 2.98392E-5 1.06304E-4 2.79778E-4 7.6285E-4 2.28492E-4 1.85657E-5 6.38995E-6 1.06424E-5 2.35868E-4 7.05762E-4 3.55733E-4 1.11182E-4 5.00797E-5 4.93583E-5 5.54714E-5 5.91657E-5 5.57645E-5 6.83946E-5 1.01326E-4 1.03835E-4 7.67038E-5 4.35093E-5 1.97631E-5 2.69971E-5 2.98143E-5 1.34632E-5 3.6663E-6 9.27444E-7 9.04592E-7 1.28354E-6 1.52635E-6 1.86562E-6 2.27517E-6 -9999 -9999 -9999 -9999 -9999 -9999 -9999 -9999 -9999 -9999 -9999 -9999 -9999 -9999 -9999 -9999 -9999 -9999 -9999 -9999 -9999 -9999 -9999 -9999
6.18766E-4 1.30464E-4 4.1825E-5 3.33026E-5 3.41833E-5 1.05853E-5 5.14267E-7 1.14349E-8 7.38356E-9 2.57398E-8 1.10032E-7 4.14354E-7 1.32501E-6 2.01898E-6 1.76705E-5 1.21581E-4 2.81304E-4 1.19505E-4 1.42651E-5 6.34274E-6 1.46724E-5 6.39471E-4 1.37693E-3 8.68642E-4 2.32568E-4 7.56119E-5 7.75351E-5 8.09241E-5 5.60737E-5 8.33787E-5 7.38694E-5 1.02351E-4 1.26001E-4 1.22447E-4 7.89753E-5 5.60263E-5 5.46181E-5 4.29191E-5 2.01639E-5 7.81321E-6 2.24457E-6 1.73633E-6 2.8307E-6 3.25468E-6 3.63118E-6 3.71435E-6 -9999 -9999 -9999 -9999 -9999 -9999 -9999 -9999 -9999 -9999 -9999 -9999 -9999 -9999 -9999 -9999 -9999 -9999 -9999 -9999 -9999 -9999 -9999 -9999
1.19997E-3 3.73365E-4 2.15283E-4 1.89773E-4 1.2543E-4 7.39059E-6 3.2372E-7 2.31277E-8 8.99362E-9 1.17082E-8 2.81623E-8 5.26221E-8 3.73633E-8 1.30221E-7 4.07089E-7 1.71756E-6 3.83543E-6 1.0571E-5 1.47121E-5 2.76687E-5 2.55877E-4 2.27941E-3 3.83822E-3 1.74255E-3 6.81221E-4 2.46551E-4 1.54082E-4 1.12109E-4 1.15757E-4 8.67669E-5 8.84775E-5 9.57386E-5 1.71737E-4 2.09414E-4 1.66975E-4 1.44078E-4 1.23761E-4 8.4659E-5 5.3024E-5 2.64311E-5 1.28739E-5 8.06884E-6 8.25898E-6 8.25898E-6 7.35234E-6 -9999 -9999 -9999 -9999 -9999 -9999 -9999 -9999 -9999 -9999 -9999 -9999 -9999 -9999 -9999 -9999 -9999 -9999 -9999 -9999 -9999 -9999 -9999 -9999 -9999
2.11924E-3 8.44356E-4 5.85933E-4 3.75024E-4 7.07889E-5 4.8728E-6 3.13806E-7 3.33974E-8 1.15453E-8 1.10494E-8 2.07855E-8 3.51389E-8 5.38599E-8 1.60754E-7 5.58061E-7 1.1805E-6 3.51255E-6 5.82696E-6 8.32582E-6 3.15578E-5 7.07185E-4 5.13359E-3 1.10449E-2 3.98167E-3 1.16566E-3 3.26216E-4 1.7875E-4 7.13477E-5 1.28958E-4 7.77697E-5 6.78241E-5 1.78352E-4 3.77858E-4 4.14533E-4 3.57864E-4 3.08426E-4 2.58447E-4 2.11614E-4 1.54707E-4 1.00023E-4 6.4992E-5 4.20742E-5 2.69971E-5 1.627E-5 -9999 -9999 -9999 -9999 -9999 -9999 -9999 -9999 -9999 -9999 -9999 -9999 -9999 -9999 -9999 -9999 -9999 -9999 -9999 -9999 -9999 -9999 -9999 -9999 -9999 -9999
3.926E-3 3.23451E-3 2.34872E-3 5.40583E-4 3.4743E-5 2.18011E-6 2.94853E-7 5.16968E-8 1.75186E-8 1.23616E-8 2.7324E-8 8.06612E-8 2.44391E-7 8.50586E-7 1.31437E-6 2.7087E-6 5.63024E-6 7.65117E-6 9.28242E-6 2.40145E-5 1.09719E-4 8.09008E-4 4.79645E-3 2.57558E-3 4.25175E-4 1.29061E-4 1.90735E-4 2.13602E-4 2.24965E-4 1.07203E-4 1.21442E-4 3.92935E-4 6.98952E-4 7.60976E-4 7.28057E-4 6.18341E-4 6.03839E-4 -9999 -9999 2.66399E-4 -9999 -9999 -9999 -9999 -9999 -9999 -9999 -9999 -9999 -9999 -9999 -9999 -9999 -9999 -9999 -9999 -9999 -9999 -9999 -9999 -9999 -9999 -9999 -9999 -9999 -9999 -9999 -9999 -9999 -9999
3.37101E-3 5.64697E-3 7.80105E-3 2.60861E-3 4.17625E-5 2.33128E-6 4.90161E-7 8.26602E-8 2.49173E-8 1.81209E-8 4.3497E-8 1.48252E-7 4.68014E-7 1.1805E-6 2.91751E-6 5.76265E-6 8.50659E-6 7.67116E-6 8.79166E-6 1.38316E-5 1.50514E-5 8.41794E-5 1.09283E-3 1.87055E-4 2.1149E-5 8.33609E-5 6.60117E-5 3.14253E-4 3.57753E-4 2.61743E-4 3.06493E-4 3.92052E-4 7.28962E-4 1.26981E-3 1.29175E-3 1.37693E-3 1.23772E-3 1.02725E-3 -9999 -9999 -9999 -9999 -9999 -9999 -9999 -9999 -9999 -9999 -9999 -9999 -9999 -9999 -9999 -9999 -9999 -9999 -9999 -9999 -9999 -9999 -9999 -9999 -9999 -9999 -9999 -9999 -9999 -9999 -9999 -9999
1.085E-2 3.17746E-2 2.05721E-2 7.60034E-3 3.78876E-4 2.05681E-5 1.84539E-6 1.48159E-7 2.99809E-8 1.85302E-8 5.43729E-8 2.19346E-7 6.21026E-7 1.96406E-6 5.12133E-6 6.7681E-6 8.66491E-6 9.66284E-6 8.0213E-6 8.47219E-6 8.9831E-6 1.24613E-5 1.11132E-4 1.81186E-5 6.75918E-6 6.044E-5 1.75697E-4 1.63235E-4 3.79653E-4 3.99066E-4 3.10292E-4 4.4198E-4 1.16271E-3 1.81668E-3 2.03309E-3 2.25326E-3 2.11865E-3 -9999 -9999 -9999 -9999 -9999 -9999 -9999 -9999 -9999 -9999 -9999 -9999 -9999 -9999 -9999 -9999 -9999 -9999 -9999 -9999 -9999 -9999 -9999 -9999 -9999 -9999 -9999 -9999 -9999 -9999 -9999 -9999 -9999
1.40474E-2 3.14798E-2 2.86446E-2 8.68384E-3 1.01666E-3 7.71795E-5 4.62142E-6 2.47685E-7 2.64433E-8 1.80211E-8 4.88107E-8 3.49012E-7 9.93226E-7 2.42713E-6 7.01795E-6 7.72199E-6 7.93691E-6 7.51267E-6 5.57528E-6 4.71602E-6 3.89616E-6 4.61113E-6 5.05708E-6 2.64041E-6 3.9143E-6 2.89282E-5 1.64639E-4 1.3479E-4 4.163E-4 5.8387E-4 4.36738E-4 4.34316E-4 1.73208E-3 2.41712E-3 2.82166E-3 -9999 -9999 -9999 -9999 -9999 -9999 -9999 -9999 -9999 -9999 -9999 -9999 -9999 -9999 -9999 -9999 -9999 -9999 -9999 -9999 -9999 -9999 -9999 -9999 -9999 -9999 -9999 -9999 -9999 -9999 -9999 -9999 -9999 -9999 -9999
