KUENM/Final_Models/M_0.1_F_lq_Set_2_E/sp1_median.asc
ncols         197
nrows         210
xllcorner     56.1666666666667
yllcorner     4.5
cellsize      0.166666666666667
NODATA_value  -9999
[rows 56 to 83 of 210, columns 130 to 194 of 197]
1.48265E-4 4.98109E-8 3.34815E-7 1.72667E-9 9.51495E-8 4.65928E-8 2.97751E-7 6.35726E-9 5.59364E-8 2.24471E-7 1.52974E-7 2.53603E-8 4.07741E-8 2.62452E-8 7.73881E-8 3.02157E-8 4.07025E-7 5.18249E-8 1.05181E-7 4.82003E-12 2.45093E-11 2.57075E-10 1.0992E-8 7.12772E-9 1.248E-10 6.7852E-11 2.94545E-13 1.33465E-12 1.34253E-12 1.42338E-11 9.64848E-11 2.60997E-10 4.78266E-10 1.85171E-10 1.98867E-11 3.45584E-11 4.95494E-11 1.4464E-12 4.10882E-14 1.13246E-14 1.22851E-13 2.71329E-15 1.08442E-15 1.79586E-15 -9999 -9999 -9999 -9999 -9999 -9999 -9999 -9999 -9999 -9999 -9999 -9999 -9999 -9999 -9999 -9999 -9999 -9999 -9999 -9999 -9999
1.86039E-2 5.26762E-3 3.22819E-5 1.67315E-10 1.32706E-9 3.3362E-7 1.94038E-8 2.52223E-8 1.19799E-6 6.61093E-7 4.71657E-7 2.27492E-7 5.92977E-9 3.91591E-10 3.228E-10 9.3011E-8 1.08541E-7 9.24999E-7 4.18215E-7 2.86581E-12 9.52737E-10 7.17822E-12 6.99939E-10 1.02452E-7 1.19321E-5 4.01225E-9 3.63261E-10 1.54342E-11 2.76556E-12 2.96022E-13 4.79899E-12 9.53855E-11 1.79958E-10 4.5039E-10 2.80538E-10 3.68037E-11 1.54308E-11 2.67631E-11 1.89837E-12 3.17359E-14 2.59856E-15 2.99302E-14 1.40905E-15 1.53263E-15 4.76082E-14 7.10373E-16 -9999 -9999 -9999 -9999 -9999 -9999 -9999 -9999 -9999 -9999 -9999 -9999 -9999 -9999 -9999 -9999 -9999 -9999 -9999
8.21914E-2 8.16377E-2 3.64015E-3 3.71037E-6 3.15225E-8 5.14132E-8 1.95585E-8 5.53842E-9 4.91227E-7 5.73449E-7 2.3519E-7 2.97751E-7 7.58919E-9 1.61569E-10 9.55778E-11 1.54456E-11 2.82246E-8 3.73484E-7 2.32082E-6 9.61988E-9 1.25466E-6 1.14983E-7 5.61028E-9 8.17437E-5 8.25179E-4 1.21622E-4 4.03458E-9 8.76219E-11 2.20048E-10 7.72716E-14 7.53683E-14 3.27819E-12 9.24673E-11 2.37742E-10 1.50004E-10 1.29978E-10 2.76155E-11 7.87708E-11 8.37651E-12 7.26106E-12 7.56548E-15 6.83332E-14 2.76341E-13 8.01497E-14 2.32515E-14 4.4698E-15 2.73941E-15 5.85706E-14 -9999 -9999 -9999 -9999 -9999 -9999 -9999 -9999 -9999 -9999 -9999 -9999 -9999 -9999 -9999 -9999 -9999
1.64976E-1 1.16816E-1 2.77967E-2 2.12221E-3 2.21728E-5 2.95561E-6 4.09776E-7 5.7781E-8 4.68788E-9 1.42489E-9 2.0651E-7 2.57283E-7 5.20503E-8 6.84594E-9 4.1046E-7 1.53535E-8 9.9613E-8 5.77966E-7 2.33351E-6 2.64564E-5 1.10813E-4 4.9928E-5 6.17336E-6 5.24035E-3 1.74293E-3 3.48685E-4 1.78925E-5 4.93767E-7 4.86986E-9 3.66803E-10 3.01603E-10 6.90781E-12 3.99159E-13 1.50243E-11 2.7446E-11 1.16741E-11 1.19405E-11 3.11086E-10 1.63061E-10 5.15179E-11 9.53594E-12 3.49376E-12 5.36963E-12 1.38284E-12 7.24152E-13 8.50105E-14 2.02333E-13 4.95848E-13 5.91222E-14 3.88917E-14 -9999 -9999 -9999 -9999 -9999 -9999 -9999 -9999 -9999 -9999 -9999 -9999 -9999 -9999 -9999
1.54455E-1 1.60711E-1 7.61129E-2 2.94333E-2 6.03059E-3 8.94927E-4 2.75882E-5 5.29591E-7 1.22583E-10 1.33082E-11 1.52018E-11 5.82304E-9 9.73103E-8 3.46706E-7 5.61868E-8 2.51812E-6 3.68705E-6 1.73996E-6 2.1672E-6 2.02862E-5 1.35244E-4 5.09464E-4 4.23423E-5 3.12728E-3 1.40615E-4 2.12272E-5 1.21767E-6 1.89297E-9 7.18813E-12 1.55659E-11 4.78866E-10 1.35877E-9 5.68079E-11 1.76448E-13 1.55762E-12 6.55751E-14 2.98425E-12 7.36538E-11 3.87908E-12 3.86863E-11 3.36901E-11 5.33759E-12 4.61969E-11 2.1254E-11 9.89314E-12 2.45708E-13 9.80369E-13 1.32241E-12 2.22354E-12 2.0671E-12 2.8951E-12 7.66151E-13 -9999 -9999 -9999 -9999 -9999 -9999 -9999 -9999 -9999 -9999 -9999 -9999 -9999
1.28964E-1 1.50867E-1 1.17764E-1 6.9914E-2 3.43808E-2 1.19764E-2 2.45551E-3 1.12995E-4 2.0509E-7 1.65483E-11 8.17698E-12 1.84158E-9 2.4298E-8 9.0913E-8 9.2435E-8 4.1841E-6 5.47461E-6 6.902E-6 8.06887E-6 3.0011E-5 1.40759E-4 2.50224E-4 5.71953E-4 4.12673E-4 2.21963E-4 1.14224E-4 5.24638E-5 1.32262E-6 2.28282E-10 8.31006E-11 2.50264E-10 8.13253E-11 2.38711E-11 3.25984E-13 2.84605E-14 5.20705E-15 8.6228E-11 8.96351E-11 6.70966E-13 8.0905E-11 1.60774E-10 7.57916E-11 5.81594E-11 1.93806E-11 1.54311E-11 1.15483E-10 1.33081E-11 5.46503E-11 4.43021E-11 2.30481E-12 2.77845E-12 3.46461E-13 8.07863E-11 -9999 -9999 -9999 -9999 -9999 -9999 -9999 -9999 -9999 -9999 -9999 -9999
1.51566E-1 1.67348E-1 1.50867E-1 1.16835E-1 8.30222E-2 5.6222E-2 2.23129E-2 3.48052E-3 1.94025E-4 4.31145E-6 8.91082E-8 6.77008E-9 3.82938E-9 4.20752E-8 6.089E-8 7.17791E-8 1.31418E-6 3.47826E-6 5.18489E-6 4.7356E-6 1.65814E-5 1.68167E-4 8.78531E-4 5.41858E-4 9.46902E-6 1.70833E-6 3.10565E-7 1.31005E-6 1.19763E-5 1.59992E-7 9.48269E-8 4.83809E-11 1.68926E-11 1.6157E-11 5.46159E-14 1.23064E-14 1.16309E-7 6.69171E-11 3.41877E-13 3.26039E-12 1.40954E-12 1.24895E-12 6.56715E-13 7.59635E-12 8.26061E-12 1.58044E-11 5.11486E-12 9.89314E-12 1.41098E-11 4.80631E-13 4.47769E-13 3.56057E-13 8.48914E-13 2.46978E-12 1.06951E-11 -9999 -9999 -9999 -9999 -9999 -9999 -9999 -9999 -9999 -9999
2.32794E-1 2.34678E-1 2.26859E-1 1.90467E-1 1.67012E-1 1.53105E-1 7.72349E-2 2.50827E-2 8.15993E-3 4.79293E-3 1.14019E-3 6.81677E-5 8.56584E-6 2.45529E-5 1.0292E-4 2.26419E-6 7.33939E-8 8.48017E-8 5.99445E-8 3.47716E-7 1.81594E-6 1.41639E-5 2.33948E-5 2.31287E-4 3.00522E-4 1.05697E-4 6.47148E-4 4.05871E-5 2.38982E-5 6.55288E-7 5.56122E-6 2.14937E-8 3.15502E-10 1.95381E-11 3.20783E-13 6.52353E-9 1.08216E-8 1.62486E-13 1.16263E-14 3.83712E-15 1.15295E-13 4.6004E-13 7.6381E-14 1.80466E-13 2.37358E-11 5.10063E-12 5.8602E-11 2.87852E-13 1.51198E-13 9.52441E-14 2.44165E-11 1.03463E-10 1.39228E-13 7.40956E-13 1.00809E-12 2.22234E-13 -9999 -9999 -9999 -9999 -9999 -9999 -9999 -9999 -9999
3.29411E-1 3.20785E-1 3.38024E-1 3.27645E-1 3.27645E-1 2.69066E-1 1.56446E-1 7.20295E-2 3.91904E-2 2.54651E-2 1.50304E-2 3.86367E-3 3.14679E-4 1.26503E-4 1.82138E-5 4.33248E-7 9.86718E-8 3.30623E-8 5.73385E-9 1.19427E-8 1.70538E-7 2.8365E-6 2.82543E-6 2.11251E-5 7.03452E-5 1.92896E-5 5.32273E-6 1.57605E-5 1.92632E-5 4.93959E-6 5.79801E-7 1.98602E-11 3.51992E-14 2.49511E-15 2.04781E-10 4.6402E-8 2.62385E-11 1.12805E-12 1.76617E-11 1.3972E-14 6.90497E-13 7.50831E-11 2.48264E-11 4.33277E-13 2.15604E-10 9.76256E-13 9.7622E-11 6.64154E-11 3.79823E-11 4.79445E-12 2.42971E-11 3.59663E-10 4.28618E-12 9.78502E-11 1.81506E-11 4.93859E-11 2.46846E-11 -9999 -9999 -9999 -9999 -9999 -9999 -9999 -9999
3.95632E-1 3.70469E-1 3.83775E-1 4.09607E-1 4.28874E-1 3.4145E-1 1.89652E-1 1.09071E-1 7.23387E-2 4.60231E-2 2.38586E-2 4.14406E-3 8.44165E-4 6.87858E-4 1.13606E-4 3.59374E-6 1.01803E-6 9.50922E-7 1.20196E-7 1.05404E-8 9.29029E-10 3.90181E-9 8.27259E-10 1.66471E-7 3.71364E-6 1.09131E-7 6.38186E-8 3.33301E-7 4.46278E-7 6.71056E-6 1.14173E-5 4.64058E-7 4.0622E-6 1.14953E-6 2.28017E-5 7.38416E-8 1.11366E-12 2.97383E-11 2.92957E-10 6.53786E-8 4.80438E-12 2.32355E-9 4.19684E-10 1.95027E-11 1.29679E-10 5.39637E-13 7.27414E-14 9.69282E-13 2.89844E-12 8.17772E-12 4.5552E-13 2.79838E-11 9.5691E-10 1.43324E-10 1.55647E-10 2.41055E-10 8.83043E-11 1.2311E-9 -9999 -9999 -9999 -9999 -9999 -9999 -9999
4.47644E-1 3.93997E-1 3.63892E-1 3.85756E-1 3.98891E-1 2.95455E-1 1.54522E-1 1.18924E-1 9.85414E-2 6.05348E-2 2.04691E-2 2.40528E-3 9.64015E-4 1.92795E-3 1.59503E-3 2.21741E-4 8.68789E-5 5.59938E-5 2.55694E-5 3.36974E-6 4.86222E-7 1.61521E-8 2.45341E-10 2.48788E-9 3.60201E-7 3.56291E-5 1.48392E-5 5.29396E-6 4.97761E-7 2.58311E-6 1.04415E-5 2.16014E-6 1.22844E-6 4.07655E-10 5.6255E-14 6.28213E-7 1.24289E-8 3.76407E-6 5.2314E-7 7.86398E-6 2.26803E-10 6.46859E-10 1.15182E-4 1.54797E-10 1.79904E-8 9.23658E-8 2.85087E-13 1.52752E-16 6.49538E-13 2.12839E-11 6.72079E-14 2.92592E-14 3.21649E-11 4.47007E-12 9.89909E-11 2.50835E-10 5.49898E-12 2.75821E-11 9.50258E-10 -9999 -9999 -9999 -9999 -9999 -9999
4.80975E-1 4.15812E-1 3.43086E-1 3.49078E-1 3.53065E-1 2.5785E-1 1.55675E-1 1.35712E-1 1.1676E-1 7.2501E-2 3.04819E-2 3.41461E-3 1.54602E-3 2.60242E-3 3.97486E-3 2.20336E-3 1.55253E-3 1.99609E-3 2.50651E-3 4.69956E-4 7.84615E-5 5.82049E-5 7.77096E-5 2.40583E-5 6.18477E-7 4.27548E-6 2.27636E-5 1.25709E-5 1.6823E-6 2.69238E-7 5.08549E-8 1.65136E-9 5.90396E-10 1.9575E-13 3.70069E-18 1.61546E-30 4.34629E-35 1.52934E-32 9.37608E-28 1.17763E-21 1.68804E-7 1.61279E-5 1.54738E-5 3.97943E-6 4.50163E-7 2.56745E-6 2.14479E-11 9.63575E-14 7.95558E-12 4.36036E-12 3.02602E-14 1.33471E-14 5.83435E-14 1.18352E-14 1.5091E-12 5.45935E-13 1.18287E-11 4.19914E-10 3.1647E-14 1.90677E-10 -9999 -9999 -9999 -9999 -9999
5.10145E-1 4.50468E-1 3.90491E-1 3.84651E-1 3.86146E-1 3.46646E-1 2.64012E-1 1.95035E-1 1.58798E-1 1.05751E-1 6.0682E-2 2.29905E-2 9.75326E-3 7.71508E-3 1.24454E-2 1.04748E-2 8.36982E-3 1.01479E-2 1.20645E-2 5.53826E-3 2.76621E-3 4.49846E-3 1.25304E-2 1.04032E-2 1.32578E-3 4.9335E-6 1.84485E-6 2.45376E-6 1.21106E-5 2.62414E-5 4.52288E-6 5.16572E-9 1.33146E-9 3.77053E-14 6.53156E-17 2.21705E-23 1.60712E-25 5.57347E-28 9.8215E-26 1.96108E-24 2.4629E-19 3.90437E-15 3.50189E-11 3.68026E-7 5.05611E-7 4.26648E-7 7.15539E-8 3.8375E-8 1.8612E-9 1.2671E-10 2.83563E-10 4.02232E-11 5.45796E-15 1.00064E-16 4.00566E-17 1.30735E-14 7.27484E-11 8.64023E-10 1.32812E-12 4.06159E-12 4.01599E-13 -9999 -9999 -9999 -9999
5.51534E-1 4.94845E-1 4.48966E-1 4.55518E-1 4.74414E-1 4.4562E-1 3.69872E-1 2.93651E-1 2.18583E-1 1.68864E-1 1.19561E-1 7.3346E-2 4.60408E-2 4.30551E-2 4.8913E-2 2.68654E-2 1.84673E-2 1.79107E-2 1.95894E-2 1.63775E-2 1.60985E-2 2.30762E-2 2.84476E-2 1.72749E-2 2.47537E-3 3.92307E-5 3.15224E-6 2.2425E-6 6.10868E-6 4.51147E-5 8.28702E-5 3.02525E-6 1.98168E-7 1.75391E-9 7.49098E-11 7.45525E-14 2.03273E-16 4.96008E-18 1.48393E-18 8.93529E-18 1.59524E-16 2.09514E-15 9.21323E-13 7.97229E-12 2.6344E-10 2.42331E-12 1.14708E-15 2.82305E-14 4.73173E-13 7.06246E-8 4.30153E-8 3.54038E-12 1.04227E-12 1.52715E-11 2.79436E-15 2.59871E-14 3.06365E-9 4.00757E-8 8.05519E-11 3.3758E-13 2.00547E-14 -9999 -9999 -9999 -9999
5.54062E-1 5.36704E-1 5.10079E-1 5.03854E-1 5.4266E-1 5.18451E-1 4.64204E-1 3.86839E-1 2.97187E-1 2.38056E-1 1.90735E-1 1.39673E-1 9.38107E-2 7.76809E-2 6.35126E-2 3.63E-2 2.57551E-2 2.92073E-2 3.13326E-2 3.0025E-2 3.17179E-2 3.53424E-2 2.87291E-2 1.49608E-2 3.56431E-3 3.6789E-4 3.21652E-5 4.29722E-6 7.02405E-6 3.45444E-5 9.71773E-5 3.49891E-5 1.09034E-6 3.33687E-9 2.7929E-10 6.99095E-13 1.18218E-13 3.26349E-15 9.63516E-15 1.37533E-13 5.29346E-13 7.81072E-13 1.86702E-13 2.31181E-10 3.9293E-10 7.26568E-12 1.4343E-10 5.88755E-15 1.3115E-18 1.32477E-14 4.63072E-14 7.40035E-9 2.217E-11 5.36972E-9 5.30967E-13 6.74998E-11 7.03916E-9 3.64069E-15 2.13977E-10 1.22329E-10 2.63333E-11 7.19569E-15 -9999 -9999 -9999
5.6329E-1 5.60598E-1 5.60598E-1 5.48176E-1 5.55017E-1 5.48564E-1 5.13345E-1 4.4731E-1 3.71314E-1 3.11145E-1 2.77334E-1 2.11454E-1 1.38769E-1 8.33119E-2 5.995E-2 3.88741E-2 1.92793E-2 3.25938E-2 4.09754E-2 4.3168E-2 4.37307E-2 4.26573E-2 2.92329E-2 1.40795E-2 4.65995E-3 1.20176E-3 3.01325E-4 1.04326E-4 8.33325E-5 1.41188E-4 4.01494E-4 2.68772E-4 9.4288E-6 6.16013E-7 1.15926E-8 8.07232E-10 1.67577E-12 1.45535E-14 3.74958E-12 6.81901E-10 5.44484E-10 3.52622E-11 5.32079E-10 6.43657E-13 3.25431E-11 3.59493E-12 1.15661E-7 1.13307E-7 1.54028E-13 1.56036E-12 2.16373E-14 5.36152E-11 1.48468E-9 2.13073E-13 1.80633E-9 4.98515E-13 2.07722E-20 1.62363E-12 1.47492E-8 1.60644E-8 3.51764E-8 5.19712E-13 2.8506E-11 -9999 -9999
5.7679E-1 5.56517E-1 5.62176E-1 5.49584E-1 5.36865E-1 5.33522E-1 5.29776E-1 5.00781E-1 4.46647E-1 3.81692E-1 3.46746E-1 2.8975E-1 2.08921E-1 9.21546E-2 6.53009E-2 5.995E-2 3.99135E-2 5.07886E-2 6.89901E-2 6.36789E-2 6.07407E-2 5.04159E-2 3.19161E-2 1.55439E-2 6.60512E-3 3.24207E-3 1.61423E-3 8.57646E-4 5.95007E-4 7.02177E-4 9.76564E-4 5.16506E-4 8.0875E-5 4.81131E-5 1.66229E-5 3.59414E-7 1.29935E-8 4.21589E-9 2.20728E-8 1.42535E-7 5.28555E-8 8.08235E-10 1.68834E-11 1.03879E-10 3.14819E-8 2.89169E-8 3.95869E-7 6.15573E-6 9.19439E-6 9.41164E-6 7.58641E-9 1.44107E-11 1.12264E-13 2.7857E-14 3.18599E-14 1.78231E-12 3.76852E-10 2.12422E-13 6.78396E-13 1.12765E-13 1.46012E-11 6.16921E-8 3.22512E-10 -9999 -9999
5.94673E-1 5.59868E-1 5.19714E-1 4.95335E-1 5.04796E-1 5.09273E-1 5.25511E-1 5.24073E-1 4.95056E-1 4.33915E-1 3.76589E-1 3.69574E-1 3.58976E-1 2.19649E-1 1.11597E-1 7.96292E-2 8.14555E-2 1.28125E-1 1.31908E-1 1.07976E-1 8.8177E-2 6.76729E-2 4.09908E-2 2.02046E-2 9.25969E-3 8.82382E-3 8.64533E-3 4.75318E-3 2.46779E-3 2.20336E-3 2.28846E-3 6.70576E-4 1.09491E-4 1.17296E-4 3.267E-4 6.05938E-5 4.66512E-6 1.83212E-6 2.30717E-6 1.64733E-5 2.83896E-4 1.25984E-5 1.13586E-9 4.01983E-12 8.91148E-12 2.43492E-12 3.5301E-10 5.64064E-6 3.1738E-4 2.50786E-4 1.09018E-4 1.27896E-5 6.44353E-6 4.11858E-8 1.23088E-12 1.01404E-9 1.53942E-3 1.95038E-11 1.26494E-10 2.83495E-9 3.80055E-14 1.73393E-12 3.36971E-22 2.884E-24 -9999
5.74351E-1 5.65518E-1 5.32887E-1 4.93652E-1 4.96453E-1 4.92242E-1 5.01976E-1 5.10065E-1 5.3046E-1 4.59664E-1 3.83558E-1 4.02447E-1 4.20863E-1 3.25422E-1 1.86629E-1 1.11597E-1 1.13913E-1 1.5936E-1 1.72908E-1 1.77425E-1 1.54031E-1 1.03735E-1 6.07107E-2 3.09977E-2 1.65259E-2 2.76552E-2 4.30551E-2 1.87425E-2 7.84223E-3 6.17704E-3 5.56241E-3 1.84122E-3 2.69216E-4 3.64978E-4 1.29517E-3 6.07146E-4 1.32565E-4 1.18242E-4 2.23822E-4 3.24733E-4 1.15986E-3 2.71725E-3 3.35757E-4 9.20541E-7 5.96523E-9 8.1005E-10 5.75284E-9 2.54376E-7 1.12134E-5 1.46939E-4 1.60662E-4 6.45421E-4 9.20213E-5 3.98873E-4 5.3306E-7 1.14876E-3 8.90386E-3 8.03101E-6 7.69649E-5 2.71803E-9 6.42168E-14 2.28715E-16 1.5554E-25 3.84413E-28 -9999
5.44611E-1 5.60233E-1 5.51355E-1 4.96453E-1 4.48776E-1 4.47169E-1 4.29154E-1 4.35857E-1 4.82197E-1 4.48704E-1 4.00748E-1 4.15892E-1 4.10882E-1 3.37567E-1 2.40719E-1 2.10554E-1 2.28824E-1 2.1102E-1 1.98018E-1 2.57068E-1 2.52788E-1 1.4846E-1 8.2387E-2 4.88238E-2 3.09977E-2 3.72503E-2 6.83841E-2 3.09048E-2 1.5812E-2 1.46122E-2 1.76358E-2 1.41331E-2 4.05343E-3 2.36467E-3 3.14771E-3 2.16979E-3 6.55953E-4 1.16699E-3 3.55373E-3 4.42807E-3 4.12101E-3 9.80426E-3 4.07304E-3 2.6439E-4 3.32395E-5 1.79227E-5 4.37144E-5 5.45938E-5 3.42606E-5 1.6347E-5 3.95797E-5 8.04823E-4 3.84737E-4 7.05173E-4 5.6918E-4 3.00052E-4 3.25349E-3 4.26055E-3 4.01399E-5 2.43814E-8 2.7097E-13 2.08077E-23 5.57703E-30 1.08239E-33 1.0953E-40
5.21524E-1 5.39789E-1 5.29166E-1 4.85638E-1 4.41896E-1 4.37418E-1 3.92282E-1 3.84427E-1 4.39056E-1 4.30955E-1 4.22689E-1 4.323E-1 4.19211E-1 3.64286E-1 3.08794E-1 3.17795E-1 3.48301E-1 2.7001E-1 2.21257E-1 3.09682E-1 2.65875E-1 1.65691E-1 1.10516E-1 7.96782E-2 5.213E-2 4.04528E-2 5.43658E-2 3.99067E-2 3.10182E-2 3.57274E-2 4.9151E-2 5.70524E-2 2.34341E-2 9.31602E-3 9.99075E-3 9.21516E-3 5.41884E-3 7.82228E-3 1.36535E-2 9.59255E-3 8.23503E-3 1.30175E-2 7.33894E-3 2.76111E-3 2.48418E-3 1.75609E-3 5.23803E-3 5.95484E-3 2.38819E-3 8.383E-4 2.29345E-4 6.18698E-5 3.53418E-5 6.91573E-6 1.65098E-8 8.7966E-13 5.58992E-11 2.24045E-9 1.49086E-13 8.65313E-19 3.21092E-20 2.66773E-21 1.94401E-25 2.24453E-39 0E0
4.84271E-1 4.66088E-1 4.9018E-1 4.61243E-1 4.16686E-1 4.93097E-1 4.76744E-1 4.50052E-1 4.50378E-1 4.66088E-1 4.65803E-1 4.65803E-1 4.67323E-1 4.48215E-1 4.38728E-1 4.391E-1 4.10926E-1 3.53101E-1 3.24197E-1 3.18754E-1 2.59343E-1 1.82278E-1 1.64223E-1 1.40323E-1 9.01503E-2 4.69216E-2 5.56104E-2 7.09548E-2 8.52751E-2 8.91598E-2 7.9537E-2 6.97016E-2 3.98537E-2 2.1693E-2 2.01402E-2 1.8397E-2 2.31194E-2 3.99067E-2 5.43369E-2 4.54543E-2 2.68654E-2 2.5697E-2 2.25387E-2 1.44381E-2 1.8913E-3 1.02872E-3 6.96917E-3 1.91674E-2 1.35388E-2 1.74162E-2 1.27443E-2 7.65617E-4 1.30282E-4 1.63531E-5 3.24074E-7 1.47054E-9 1.02747E-11 2.95537E-15 1.67082E-20 4.10553E-22 2.45505E-20 2.35994E-19 1.83482E-19 1.54393E-29 2.05272E-39
4.47169E-1 4.17385E-1 4.47169E-1 4.50052E-1 4.04578E-1 4.89112E-1 5.11071E-1 4.84271E-1 4.6439E-1 4.62992E-1 4.61435E-1 4.58115E-1 4.93652E-1 4.82197E-1 4.83651E-1 4.62745E-1 4.08846E-1 3.63841E-1 3.4673E-1 3.15722E-1 2.66444E-1 2.36611E-1 2.32825E-1 2.29421E-1 1.6845E-1 1.00502E-1 7.40532E-2 9.62561E-2 1.33747E-1 1.16356E-1 8.53838E-2 6.97425E-2 5.21025E-2 3.271E-2 2.63045E-2 3.13791E-2 6.47368E-2 1.36147E-1 1.23186E-1 8.406E-2 3.68617E-2 3.88741E-2 5.60679E-2 4.12484E-2 3.42592E-3 4.20243E-4 8.78449E-3 5.34294E-2 5.83793E-2 4.76003E-2 6.50046E-2 4.8194E-2 1.29785E-2 8.27159E-4 5.64239E-5 1.1387E-6 8.67941E-9 9.32416E-12 1.8916E-15 5.45377E-18 3.44852E-18 8.73635E-18 5.83364E-19 6.48477E-24 8.61827E-31
3.9704E-1 3.67814E-1 3.72729E-1 3.63007E-1 3.76234E-1 4.4025E-1 4.99142E-1 4.70614E-1 4.13982E-1 3.98468E-1 4.03674E-1 4.01943E-1 4.39056E-1 4.32594E-1 4.05402E-1 3.39455E-1 3.06788E-1 3.15722E-1 3.35811E-1 3.19377E-1 2.90186E-1 2.82558E-1 2.77168E-1 2.51817E-1 2.14323E-1 1.61309E-1 8.34207E-2 6.39518E-2 1.16292E-1 1.0917E-1 6.08103E-2 6.72017E-2 6.55516E-2 3.17333E-2 2.70378E-2 6.31541E-2 1.51182E-1 1.94823E-1 1.27362E-1 8.24423E-2 3.99067E-2 4.85281E-2 7.2501E-2 1.10461E-1 1.29407E-1 3.08618E-2 2.43354E-2 4.6498E-2 6.55418E-2 5.78514E-2 9.03076E-2 8.36927E-2 3.99747E-2 7.70672E-3 1.2311E-3 1.15451E-4 8.79013E-6 8.88139E-8 5.73684E-11 3.22915E-14 8.10546E-16 4.09772E-16 3.4761E-17 7.26199E-20 3.25063E-23
3.42653E-1 2.86601E-1 2.34533E-1 2.06284E-1 2.64919E-1 3.74716E-1 4.29186E-1 3.96266E-1 3.39877E-1 3.25181E-1 3.59968E-1 4.02832E-1 4.13247E-1 3.79821E-1 3.12304E-1 1.86883E-1 1.66485E-1 2.72088E-1 3.36207E-1 3.32534E-1 3.08413E-1 3.21205E-1 2.98807E-1 2.54048E-1 2.14552E-1 1.73132E-1 1.16292E-1 9.68555E-2 1.49748E-1 1.30672E-1 4.80928E-2 7.05961E-2 6.55195E-2 1.43277E-2 2.15363E-2 1.05943E-1 3.32163E-1 3.38684E-1 1.44092E-1 9.25146E-2 8.913E-2 1.05986E-1 1.17446E-1 1.7997E-1 2.6064E-1 1.091E-1 5.57352E-2 4.32014E-2 5.92248E-2 1.48381E-1 1.50201E-1 9.19155E-2 4.41792E-2 1.79094E-2 6.7669E-3 1.71754E-3 2.93115E-4 1.89741E-5 9.02334E-8 1.54616E-10 8.52309E-13 2.3292E-13 4.50859E-14 1.27543E-15 3.64021E-17
3.27066E-1 3.06055E-1 1.91392E-1 1.32242E-1 2.56889E-1 3.35078E-1 3.28612E-1 3.04363E-1 2.79343E-1 2.99443E-1 4.02832E-1 4.94546E-1 4.78751E-1 3.98038E-1 3.65602E-1 2.61822E-1 2.12164E-1 3.08094E-1 3.39877E-1 3.14143E-1 3.19662E-1 3.32534E-1 3.1024E-1 2.41804E-1 1.96542E-1 1.94938E-1 1.9334E-1 1.87009E-1 2.21258E-1 2.04563E-1 1.20354E-1 9.91462E-2 5.27027E-2 1.70108E-2 3.20592E-2 1.15539E-1 3.6722E-1 3.70833E-1 1.66485E-1 1.2674E-1 1.36028E-1 1.49748E-1 1.45789E-1 1.67166E-1 1.75913E-1 1.49842E-1 1.19955E-1 6.88548E-2 7.96782E-2 1.55114E-1 2.20221E-1 1.44996E-1 6.44455E-2 2.92422E-2 1.81956E-2 6.97107E-3 1.13202E-3 1.219E-4 7.89079E-6 2.25292E-7 6.25728E-9 6.54583E-10 1.11935E-10 1.92409E-11 4.49039E-12
4.02091E-1 3.56329E-1 2.76511E-1 2.56889E-1 3.44409E-1 3.4999E-1 2.60545E-1 2.72825E-1 2.70985E-1 3.11825E-1 4.35279E-1 5.51069E-1 5.71637E-1 5.53925E-1 5.35743E-1 5.25569E-1 4.09216E-1 3.75786E-1 3.92073E-1 3.41631E-1 3.45339E-1 3.49031E-1 3.01111E-1 2.40175E-1 2.01388E-1 2.07927E-1 2.34888E-1 2.47177E-1 2.45421E-1 2.10069E-1 1.93386E-1 1.51795E-1 7.86658E-2 4.73321E-2 6.06207E-2 1.49029E-1 2.92014E-1 2.9949E-1 1.93708E-1 1.80755E-1 1.95356E-1 2.01655E-1 2.08375E-1 1.70811E-1 1.97944E-1 2.14552E-1 2.17894E-1 1.51182E-1 5.07771E-2 7.86561E-2 2.36245E-1 1.61154E-1 7.78735E-2 3.99067E-2 2.14933E-2 8.1106E-3 1.95065E-3 4.95079E-4 2.22307E-4 4.96478E-5 3.93095E-6 4.23022E-7 7.99199E-8 2.61459E-8 1.7872E-8
4.29993E-1 4.09791E-1 3.56423E-1 3.17423E-1 3.53702E-1 3.78623E-1 3.55556E-1 3.59968E-1 3.14143E-1 3.19662E-1 3.9933E-1 5.29009E-1 5.98759E-1 5.9643E-1 5.36185E-1 4.90809E-1 4.31778E-1 4.30072E-1 4.8631E-1 4.37255E-1 4.05086E-1 3.99806E-1 3.28858E-1 2.45421E-1 2.17878E-1 2.26335E-1 2.6671E-1 2.82928E-1 2.77526E-1 2.11769E-1 1.68238E-1 1.53251E-1 1.0951E-1 9.80437E-2 1.09497E-1 2.04275E-1 3.09555E-1 3.22734E-1 2.50066E-1 2.33857E-1 2.55066E-1 3.0698E-1 3.05106E-1 2.20776E-1 2.83907E-1 3.81954E-1 3.23341E-1 2.20345E-1 9.58313E-2 9.80433E-2 1.70811E-1 1.45495E-1 8.6431E-2 4.04056E-2 1.95666E-2 9.23868E-3 4.88732E-3 3.61925E-3 2.64257E-3 1.29517E-3 1.62573E-4 2.19555E-5 5.07144E-6 2.05717E-6 2.89731E-7
