KUENM/Final_Models/M_0.1_F_lq_Set_2_E/sp1_8.asc
ncols         197
nrows         210
xllcorner     56.1666666666667
yllcorner     4.5
cellsize      0.166666666666667
NODATA_value  -9999
[rows 0 to 27 of 210, columns 65 to 129 of 197]
-9999 -9999 -9999 -9999 -9999 -9999 -9999 -9999 -9999 -9999 -9999 -9999 -9999 -9999 -9999 -9999 -9999 -9999 -9999 -9999 -9999 -9999 -9999 -9999 -9999 -9999 -9999 -9999 -9999 1.40161E-12 4.1464E-15 2.08939E-13 1.284E-15 5.96876E-17 4.03894E-19 8.67659E-22 3.16761E-22 1.91461E-18 1.47169E-20 3.2928E-22 -9999 -9999 -9999 -9999 -9999 -9999 -9999 -9999 -9999 -9999 -9999 -9999 -9999 -9999 -9999 -9999 -9999 -9999 -9999 -9999 -9999 -9999 -9999 -9999 -9999
-9999 -9999 -9999 -9999 -9999 -9999 -9999 -9999 -9999 -9999 -9999 -9999 -9999 -9999 -9999 -9999 -9999 -9999 -9999 -9999 -9999 -9999 -9999 2.10195E-10 9.95164E-12 1.14243E-8 5.552E-9 3.78128E-10 4.57529E-17 3.9981E-20 7.44018E-18 2.49187E-16 1.21222E-17 4.63753E-19 2.51618E-22 1.80901E-24 2.42267E-23 5.46223E-19 1.2631E-18 2.66952E-21 2.27866E-20 3.37933E-17 2.75185E-17 4.46621E-20 2.92528E-20 2.2739E-19 -9999 -9999 -9999 -9999 -9999 -9999 -9999 -9999 -9999 -9999 -9999 -9999 -9999 -9999 -9999 -9999 -9999 -9999 -9999
-9999 -9999 -9999 -9999 -9999 -9999 -9999 -9999 -9999 -9999 -9999 -9999 -9999 -9999 -9999 -9999 -9999 -9999 -9999 1.10247E-7 1.89507E-8 5.23103E-8 8.33378E-8 6.24866E-9 9.97026E-11 1.89183E-12 2.13112E-16 7.97801E-15 4.13408E-15 3.78345E-18 3.82397E-22 5.17532E-17 2.80616E-18 1.96552E-19 1.02822E-22 8.34238E-23 1.50432E-20 1.95228E-19 2.47747E-16 2.31095E-17 1.19394E-22 5.78194E-20 2.87465E-20 2.45627E-17 6.43233E-15 1.81111E-17 1.54321E-22 1.83697E-18 3.13496E-14 8.8699E-11 -9999 -9999 -9999 -9999 -9999 -9999 -9999 -9999 -9999 -9999 -9999 -9999 -9999 -9999 -9999
-9999 -9999 -9999 -9999 -9999 -9999 -9999 -9999 -9999 -9999 -9999 -9999 -9999 -9999 -9999 -9999 3.37294E-11 3.00028E-8 6.67007E-6 5.57363E-9 6.05505E-10 1.0893E-13 1.24926E-12 6.053E-11 3.29784E-12 1.29813E-16 1.7457E-15 8.34181E-15 4.96682E-21 1.11929E-22 6.07546E-25 4.04335E-19 1.36823E-22 2.00108E-22 5.50849E-20 6.47111E-22 8.95024E-21 1.37898E-17 6.2121E-17 3.29339E-19 1.15808E-21 3.33248E-21 1.31812E-18 1.29387E-17 3.40418E-17 3.19488E-16 4.57914E-18 1.59395E-19 1.04546E-20 7.05658E-14 2.35989E-10 4.83523E-9 1.19156E-7 -9999 -9999 -9999 -9999 -9999 -9999 -9999 -9999 -9999 -9999 -9999 -9999
-9999 -9999 -9999 -9999 -9999 -9999 -9999 -9999 -9999 -9999 -9999 -9999 -9999 -9999 3.69353E-8 6.19489E-9 1.55696E-6 1.14181E-7 8.24357E-10 3.54729E-8 3.24707E-9 2.427E-9 1.31241E-9 1.0305E-12 4.63925E-15 3.56176E-12 3.62668E-17 1.44022E-16 1.61695E-17 4.0005E-18 1.05077E-17 1.0457E-21 7.01039E-23 3.51646E-20 2.84754E-20 3.21987E-20 1.17198E-18 1.25079E-17 1.96736E-18 1.14434E-19 7.88969E-21 1.12286E-19 6.86962E-20 2.29146E-19 1.78304E-20 8.0711E-20 1.19617E-18 1.05382E-14 4.36149E-19 4.29173E-15 6.18256E-14 6.85227E-12 5.75297E-11 4.02395E-9 1.42761E-6 -9999 -9999 -9999 -9999 -9999 -9999 -9999 -9999 -9999 -9999
-9999 -9999 -9999 -9999 -9999 -9999 -9999 -9999 -9999 -9999 -9999 -9999 6.40349E-4 2.83895E-5 7.97509E-7 7.08033E-8 2.9677E-7 1.32199E-6 2.88333E-8 3.89689E-9 2.24026E-10 2.94395E-12 6.97389E-12 4.75438E-12 5.96945E-14 6.39566E-17 1.02134E-18 3.0083E-18 2.0198E-12 1.28179E-13 1.97196E-17 6.46789E-23 1.38888E-26 1.15876E-20 1.24462E-16 8.64544E-18 6.98053E-16 3.70172E-20 6.67962E-22 3.08174E-20 1.61015E-19 3.06488E-19 1.85008E-18 2.98839E-18 4.07776E-18 1.40661E-19 1.25144E-19 3.5471E-17 1.49766E-19 6.6635E-25 9.10316E-20 2.17772E-16 5.53612E-17 1.40172E-14 3.10123E-9 2.8455E-7 2.13097E-6 -9999 -9999 -9999 -9999 -9999 -9999 -9999 -9999
-9999 -9999 -9999 -9999 -9999 -9999 -9999 -9999 -9999 -9999 1.57532E-3 4.63129E-4 4.04869E-4 4.18574E-4 6.19485E-5 1.81563E-5 3.76569E-5 6.16661E-6 1.23215E-6 1.69182E-8 1.83523E-11 1.28739E-11 1.24135E-8 2.6511E-8 4.53755E-9 2.73666E-13 2.62358E-13 8.30724E-12 1.42111E-14 4.97648E-15 2.34532E-16 1.95139E-20 7.9523E-18 4.05356E-16 5.83822E-17 3.15241E-18 5.22399E-18 3.54327E-21 1.67015E-22 2.39385E-21 6.42601E-21 1.99085E-18 1.14979E-16 3.48013E-17 5.86264E-17 7.55877E-18 1.40972E-19 4.11494E-19 1.69039E-16 1.23325E-20 1.83893E-20 1.61887E-17 4.44668E-15 1.43004E-13 4.20036E-14 2.41016E-10 8.04451E-9 4.40172E-7 2.99439E-6 -9999 -9999 -9999 -9999 -9999 -9999
-9999 -9999 -9999 -9999 -9999 -9999 -9999 -9999 9.93626E-4 2.40987E-4 9.5558E-4 6.61851E-3 1.8302E-3 1.73929E-4 2.5477E-4 6.39605E-4 2.25145E-4 7.26538E-5 4.78058E-6 7.01578E-9 1.22889E-11 4.07695E-8 1.14671E-13 2.3568E-11 5.34E-16 7.98804E-11 1.96154E-9 1.86466E-13 7.94318E-16 2.61987E-16 2.37709E-17 2.28626E-13 1.43308E-14 1.75267E-15 2.73361E-17 3.75153E-17 3.83391E-18 2.36383E-18 1.6221E-17 5.42954E-19 2.53941E-19 6.81674E-18 7.6273E-16 1.12526E-16 3.08695E-18 2.26852E-19 1.23412E-18 5.1744E-17 9.74069E-25 3.26938E-22 4.92135E-22 1.4574E-18 1.31918E-16 1.15042E-14 4.7786E-15 5.8206E-13 1.62771E-11 2.95373E-8 5.5708E-7 3.23385E-6 5.96787E-6 -9999 -9999 -9999 -9999
-9999 -9999 -9999 -9999 -9999 -9999 -9999 6.10026E-4 1.29831E-3 7.17965E-4 9.08671E-3 6.09269E-3 1.35955E-3 4.14082E-3 3.11124E-3 2.07165E-3 1.06726E-3 5.2426E-4 1.66688E-6 2.39269E-7 9.61043E-8 2.86661E-11 4.34376E-16 1.14485E-15 4.90101E-17 2.56042E-11 3.03055E-13 1.12896E-14 1.02219E-14 2.03334E-12 3.74367E-13 3.27006E-15 8.63978E-19 2.60909E-19 7.36924E-20 5.23605E-19 8.15045E-21 5.05884E-20 1.02132E-19 1.10576E-17 7.91531E-17 1.04308E-15 7.67252E-17 1.21176E-15 1.14737E-15 4.60252E-16 9.30335E-19 1.34459E-18 2.36005E-15 2.56028E-18 3.07991E-20 1.35317E-17 2.06781E-14 6.77267E-13 3.83861E-11 6.85743E-10 4.58752E-11 9.85373E-9 6.76004E-8 2.53277E-6 4.57017E-6 5.79146E-6 -9999 -9999 -9999
-9999 -9999 -9999 -9999 -9999 -9999 2.14405E-4 2.8943E-3 1.4286E-4 3.1293E-3 1.05714E-2 5.80767E-3 3.29155E-3 5.67759E-3 2.07887E-3 7.47971E-3 8.11983E-3 1.96731E-4 1.80693E-6 2.02099E-5 1.44806E-11 9.02407E-11 1.71017E-12 7.22127E-16 2.03575E-12 2.86753E-9 4.11154E-11 3.71667E-10 3.22545E-13 3.04434E-14 3.11616E-18 8.85159E-20 9.13638E-21 1.20756E-19 7.23469E-19 5.39989E-18 1.3099E-20 4.7643E-20 3.11477E-19 3.42212E-18 1.64023E-18 1.10105E-17 2.62109E-17 3.36849E-17 1.28573E-17 2.90177E-16 2.01783E-17 5.83348E-20 5.28101E-15 5.81585E-14 1.98719E-16 9.9642E-19 2.49169E-13 9.95327E-15 1.04772E-11 1.11374E-8 3.82314E-9 2.64611E-7 8.57607E-7 1.89043E-6 3.13807E-6 5.79146E-6 5.87909E-6 -9999 -9999
-9999 -9999 -9999 -9999 4.16187E-3 1.64673E-3 8.78393E-4 2.24327E-3 1.25336E-3 4.90274E-3 9.03694E-3 8.5291E-3 5.43262E-3 7.15686E-3 7.0398E-3 1.21519E-2 3.08258E-3 4.55559E-5 2.72439E-7 5.27718E-5 3.58467E-9 4.74469E-12 1.34139E-13 2.46107E-12 1.13095E-10 2.67502E-15 4.89045E-16 8.64264E-11 6.33238E-17 9.91083E-15 3.29121E-15 3.97966E-15 2.85876E-15 4.232E-16 3.09015E-17 2.50385E-15 8.43686E-16 1.63678E-15 4.70142E-17 2.83986E-17 1.15965E-16 1.10105E-17 2.8781E-18 7.46395E-18 1.50374E-17 4.10756E-17 7.24052E-17 1.24974E-20 3.51027E-19 4.04421E-13 1.92324E-14 1.56039E-14 3.64007E-15 4.88096E-14 1.38731E-14 1.89553E-13 1.16686E-10 3.0799E-8 9.74621E-8 2.93916E-7 3.90294E-7 1.47171E-6 2.49502E-6 3.18565E-6 4.11658E-6
-9999 -9999 -9999 3.64352E-3 3.63297E-3 2.36079E-3 3.93643E-3 2.94939E-3 5.84687E-3 8.13511E-3 8.61386E-3 9.29028E-3 2.79422E-3 3.7795E-3 1.33788E-2 1.53491E-2 6.66758E-3 2.28376E-3 1.66935E-4 8.16314E-5 9.89411E-7 8.77918E-9 4.29765E-12 2.10549E-10 7.84964E-12 1.69227E-15 4.20594E-13 8.65697E-12 6.85004E-12 1.38526E-16 4.2078E-19 1.75112E-19 8.98211E-18 1.74433E-16 3.28271E-19 1.15939E-16 1.29839E-16 4.71143E-18 5.5854E-20 1.36603E-19 1.0022E-18 4.02615E-19 3.70828E-18 1.15491E-17 1.52373E-17 1.75906E-18 2.96031E-17 4.55023E-19 1.09428E-20 6.38305E-17 2.97846E-15 9.75916E-16 1.79507E-17 8.77156E-18 1.66965E-15 3.14355E-15 3.88541E-13 1.92669E-10 4.92352E-9 3.59825E-9 2.60635E-7 6.5169E-7 7.53568E-7 5.89367E-7 5.9834E-7
-9999 -9999 4.14591E-3 3.78462E-3 4.28478E-3 2.15923E-3 5.0366E-3 3.55419E-3 6.16551E-3 9.46172E-3 8.36776E-3 7.68479E-3 4.09436E-3 2.17099E-3 1.58981E-2 1.51481E-2 2.77316E-3 2.11106E-5 1.04345E-5 3.16889E-7 5.43834E-9 4.166E-9 3.54864E-10 3.77628E-10 1.16499E-11 4.27475E-14 1.86558E-11 1.50405E-10 2.31662E-14 5.01689E-18 2.79858E-17 3.14851E-15 2.76091E-14 8.78019E-17 1.79372E-18 2.476E-18 3.01794E-17 4.3757E-16 1.17741E-16 3.0507E-17 1.83102E-17 4.73842E-18 9.69608E-19 9.61251E-20 2.08357E-18 5.61019E-18 7.1407E-17 2.20364E-18 1.35814E-20 6.98345E-20 1.21468E-15 1.30251E-19 5.37477E-17 3.807E-16 2.95894E-16 4.87237E-13 1.0332E-15 2.30726E-11 8.45454E-10 2.61774E-8 7.83613E-9 5.42872E-8 1.50538E-7 2.01404E-7 1.98377E-7
-9999 4.16498E-3 4.245E-3 5.45083E-3 5.23271E-3 3.23155E-3 6.4277E-3 4.76703E-3 9.6414E-3 1.02613E-2 1.1984E-2 1.43326E-2 1.51055E-2 6.2689E-3 1.31889E-2 6.9149E-3 9.95166E-4 6.41705E-6 1.4343E-5 3.17869E-5 7.42669E-5 2.85135E-6 5.99308E-9 2.02858E-9 3.16349E-11 4.68986E-15 3.5462E-12 2.4382E-13 2.11702E-13 7.31399E-14 2.43379E-13 1.78772E-14 1.22684E-16 2.5126E-18 6.08192E-17 9.94541E-16 5.92485E-17 2.39026E-19 3.69424E-21 6.84032E-20 6.49938E-20 1.91295E-20 6.57346E-19 8.04757E-18 1.30965E-19 1.28457E-21 2.28432E-21 8.98594E-22 4.84667E-21 7.81517E-19 5.58417E-15 7.58181E-20 2.17397E-18 1.64682E-13 2.79744E-12 1.05974E-14 3.01956E-17 2.82817E-14 7.17079E-10 8.58404E-10 1.93377E-9 2.26969E-9 2.62181E-9 5.8409E-9 4.21063E-9
4.71627E-3 4.5593E-3 4.97837E-3 5.22798E-3 6.03725E-3 3.95745E-3 6.92087E-3 6.89015E-3 8.47417E-3 1.01829E-2 1.04565E-2 7.63317E-3 1.20265E-2 1.42757E-2 1.25921E-2 5.93693E-3 3.14553E-4 2.15444E-5 3.56358E-4 1.35428E-4 1.68869E-5 5.23909E-5 4.09477E-6 6.59909E-8 4.83101E-10 6.62118E-11 9.79552E-12 2.96219E-15 5.43076E-18 7.7912E-16 2.27545E-18 6.94164E-19 1.45762E-17 1.08641E-15 2.48839E-14 9.71504E-19 1.21916E-20 1.00897E-20 2.08905E-18 1.50186E-17 3.73909E-18 2.69015E-17 3.47508E-18 1.19914E-20 5.97885E-22 1.28457E-21 2.14113E-20 3.41614E-19 5.89911E-20 2.72975E-21 1.84737E-17 3.40175E-19 1.31121E-20 5.041E-15 3.1558E-17 9.61225E-17 1.01792E-15 7.86513E-14 9.51501E-11 9.00926E-12 4.4246E-12 2.95792E-13 2.6382E-11 3.50512E-12 1.8402E-11
5.4501E-3 5.15472E-3 5.62271E-3 5.65909E-3 5.91659E-3 6.33593E-3 7.099E-3 7.28905E-3 7.87029E-3 9.53429E-3 1.05287E-2 8.19074E-3 9.68281E-3 6.36669E-3 4.38649E-3 1.84114E-3 2.25963E-3 5.07581E-4 1.68696E-3 8.00112E-5 4.46467E-6 4.1856E-9 1.27792E-7 3.1322E-6 1.0605E-8 2.65534E-15 1.96399E-14 1.17327E-13 5.50024E-20 1.10325E-18 2.45481E-14 4.42999E-12 8.95195E-15 1.7599E-17 1.00642E-16 2.05349E-16 3.23215E-16 8.96492E-18 7.20371E-14 1.64663E-17 1.28146E-18 2.48979E-18 7.9216E-21 6.27611E-21 1.69134E-20 2.22129E-20 1.27225E-19 9.28839E-21 1.67089E-19 2.22017E-21 7.15948E-23 1.01546E-19 3.88798E-21 1.45018E-14 2.54212E-17 2.33857E-19 4.80149E-18 3.62476E-18 1.23101E-14 1.63045E-13 1.35528E-13 1.6546E-16 3.22197E-14 1.43793E-15 3.13805E-16
5.5029E-3 5.42513E-3 3.54622E-3 4.3203E-3 4.98142E-3 6.39735E-3 5.8232E-3 7.22618E-3 4.60324E-3 4.37346E-3 1.11918E-2 1.31049E-2 7.91413E-3 3.26325E-3 5.6781E-3 2.95637E-3 3.15933E-4 2.10229E-5 1.00031E-4 1.49187E-6 3.94186E-8 7.53165E-12 1.40783E-10 3.65444E-7 1.96059E-9 1.5052E-16 6.8498E-15 9.87742E-10 2.07904E-15 5.75835E-12 1.02874E-15 1.28429E-20 1.88308E-20 2.25069E-15 1.05871E-16 4.71513E-15 3.76372E-17 4.74607E-18 7.33719E-17 1.90048E-18 6.50631E-20 5.85882E-19 8.85755E-18 8.8034E-19 1.83668E-18 6.26189E-18 2.36273E-14 1.4024E-16 8.91405E-20 3.99912E-21 1.22954E-22 3.12093E-23 1.79028E-20 8.43026E-21 5.19136E-15 2.11856E-22 2.47033E-22 6.28708E-20 1.03517E-19 4.52627E-18 3.42534E-17 6.7328E-18 1.07569E-17 5.48198E-18 7.91677E-22
1.19769E-3 1.01505E-4 2.27309E-5 1.09387E-4 6.34728E-4 6.54393E-4 1.53341E-3 2.48862E-3 3.8203E-3 2.82124E-3 3.33956E-3 9.76013E-3 4.91798E-3 7.04427E-4 1.47937E-3 2.50454E-4 6.55664E-5 2.08468E-5 3.79694E-10 1.34122E-6 1.76522E-10 3.45633E-15 1.3031E-9 6.41853E-8 1.68783E-12 3.04993E-13 6.26956E-11 5.85291E-16 1.55217E-15 9.42847E-20 3.61362E-22 8.54404E-18 8.15297E-12 1.11427E-13 7.79097E-15 4.15676E-14 4.93047E-16 7.85562E-15 3.43098E-13 1.03854E-16 1.87842E-13 2.15391E-14 3.23554E-14 1.19644E-19 1.4372E-21 1.23903E-18 7.71933E-15 2.49014E-14 3.43869E-19 2.57166E-21 8.18714E-22 1.48436E-23 2.69119E-24 1.15801E-17 7.60991E-16 4.96575E-16 3.20237E-17 8.11032E-24 5.02552E-22 8.51451E-22 3.837E-21 2.26601E-22 1.22119E-23 2.05311E-23 1.73501E-22
9.04316E-5 8.26726E-8 2.77721E-7 3.86807E-5 3.17314E-4 7.2086E-4 2.16938E-4 2.70627E-4 1.35228E-3 2.44984E-3 3.07873E-3 3.00523E-3 8.16547E-4 6.33398E-4 1.99766E-4 3.30629E-6 1.04048E-10 1.55003E-7 1.14071E-12 3.82439E-13 1.6447E-16 1.47518E-18 1.64709E-9 3.21147E-14 3.02998E-17 1.30687E-14 2.77433E-15 3.28379E-18 1.38734E-21 5.85506E-21 7.69631E-15 2.51463E-12 3.11579E-9 2.04211E-11 4.58218E-14 7.93455E-18 4.46401E-16 2.97479E-12 5.89412E-11 7.11624E-16 2.97419E-13 1.84577E-11 3.2007E-18 9.55679E-14 2.03099E-17 1.19072E-18 1.16837E-17 2.83999E-13 1.34235E-19 1.9282E-18 1.01582E-16 4.91262E-21 1.29668E-21 2.44135E-20 2.20538E-18 1.33288E-21 2.03173E-20 7.38233E-19 1.19365E-17 3.75172E-20 4.2794E-19 4.61532E-20 2.83183E-20 5.91828E-23 6.23781E-21
1.80852E-4 2.13817E-5 5.75757E-6 1.01619E-5 1.01562E-4 2.25993E-4 1.21606E-4 1.27905E-4 3.52354E-4 1.55477E-3 4.08373E-3 1.95084E-3 6.72198E-4 1.80589E-4 3.77669E-10 4.99348E-8 1.52078E-16 2.67938E-9 7.52742E-11 1.45002E-16 5.20809E-22 1.04839E-16 5.98865E-13 2.83311E-20 2.47931E-18 8.51614E-18 1.20799E-18 5.08203E-15 2.3553E-16 9.05835E-18 4.74436E-10 7.68672E-8 1.65649E-10 1.53741E-12 3.78787E-15 1.56382E-14 4.60985E-15 1.20847E-12 1.15583E-10 1.11672E-10 5.69319E-8 3.34902E-14 1.78722E-15 1.38552E-10 8.53581E-11 8.91252E-11 4.0518E-11 1.18522E-15 1.1542E-21 3.40575E-25 2.49752E-21 3.20858E-21 2.96113E-21 1.96735E-22 2.58474E-24 1.55511E-19 3.38436E-23 9.32053E-21 3.09116E-20 6.61304E-21 1.73501E-22 4.5802E-23 1.68538E-22 2.83183E-20 4.81121E-22
1.37025E-4 4.11283E-5 3.387E-6 2.32048E-6 1.59577E-6 4.76239E-7 1.36531E-5 1.59799E-5 2.38181E-5 2.50138E-3 2.18392E-3 1.06753E-3 1.19486E-3 1.5522E-5 2.63433E-8 7.78609E-6 1.7808E-10 6.58223E-16 5.69166E-15 4.08286E-14 8.68334E-20 3.38542E-17 5.94379E-13 1.24071E-15 1.27267E-18 1.19842E-17 3.96463E-15 5.32348E-12 1.04795E-9 2.14148E-10 5.88552E-8 8.61836E-17 1.72578E-13 8.08463E-15 1.88259E-14 1.71722E-14 1.27859E-13 2.53591E-14 1.73989E-14 6.80632E-16 1.61918E-12 2.90087E-9 5.99489E-9 3.22684E-7 7.5432E-15 1.39133E-15 2.36409E-19 3.39836E-20 1.12731E-18 4.32674E-19 1.43939E-21 4.11584E-23 1.42855E-24 2.53823E-23 2.99666E-23 6.24774E-23 1.34441E-18 1.53105E-20 3.15548E-23 2.40055E-22 4.78662E-25 4.64679E-23 1.01485E-22 8.06153E-21 1.34341E-20
2.9362E-6 1.33487E-5 4.83123E-6 2.78358E-8 7.67625E-10 2.12735E-7 4.68659E-6 1.29993E-7 2.02229E-5 2.97155E-3 1.87517E-3 4.53416E-4 3.46719E-5 1.62153E-6 1.1283E-10 2.14968E-7 1.20691E-12 4.91092E-19 2.59498E-18 8.39676E-21 5.61743E-17 1.13177E-14 4.62782E-18 5.36963E-15 4.15199E-21 1.44522E-14 2.12012E-14 2.36769E-12 9.32786E-7 5.77637E-8 2.72113E-12 1.80945E-17 1.85513E-16 1.39414E-17 6.24353E-17 1.26343E-16 5.88492E-17 3.37135E-15 7.63926E-14 4.27933E-14 1.25012E-14 5.50812E-15 2.65306E-13 3.4689E-7 4.66074E-6 1.1826E-10 1.04848E-10 1.94021E-19 2.69632E-18 9.95303E-16 5.17103E-16 2.17803E-19 1.57316E-20 4.77627E-20 7.06359E-23 5.81071E-24 4.68382E-25 3.29043E-25 7.10907E-21 8.69656E-23 2.86524E-25 4.78662E-25 3.04401E-22 8.30097E-21 1.71004E-22
7.24587E-8 6.42768E-8 3.73573E-8 4.28536E-9 6.29397E-8 5.25568E-7 2.83824E-9 2.62874E-11 4.80205E-6 3.21938E-4 9.78994E-4 8.68845E-5 5.18638E-6 6.44848E-7 9.9673E-9 2.15093E-15 1.13699E-18 3.46388E-19 1.13482E-17 4.57886E-19 1.18412E-20 3.14963E-20 7.8891E-17 5.97057E-20 1.19688E-17 7.18992E-14 2.07478E-12 4.1708E-12 5.46265E-5 1.06652E-10 2.33807E-12 1.12567E-16 4.42256E-15 4.54579E-14 1.5677E-14 2.61942E-13 4.53983E-14 8.12773E-13 1.4114E-9 3.11923E-10 1.67737E-11 4.28082E-10 3.41247E-14 1.50673E-14 4.56609E-12 2.79396E-5 2.82459E-8 1.23712E-14 3.91981E-15 3.03983E-17 1.21741E-13 1.76972E-14 4.41787E-17 4.63194E-16 8.12547E-21 5.071E-19 2.99938E-21 2.48182E-24 4.38196E-23 8.82111E-23 7.99703E-24 2.8254E-25 7.34829E-27 7.45047E-24 3.85657E-22
5.66993E-12 4.60952E-10 1.31114E-11 3.32535E-10 3.03445E-9 4.94289E-9 5.29017E-12 1.67686E-9 2.78112E-5 2.31491E-4 4.53727E-4 1.37938E-4 6.83456E-6 8.69693E-7 2.52751E-9 1.18264E-13 2.48006E-16 1.78364E-12 6.14441E-17 9.69282E-19 1.9019E-16 3.09151E-19 5.97243E-20 3.13015E-18 1.15175E-16 9.2632E-11 6.50709E-12 2.36232E-10 1.67743E-4 3.13682E-8 3.49271E-12 5.39039E-11 5.09615E-11 4.4063E-10 5.59818E-12 2.02039E-9 7.0645E-12 3.80732E-10 8.05848E-6 2.08789E-4 1.15407E-4 6.78364E-5 1.61604E-7 1.3338E-11 2.12101E-14 2.0918E-6 1.31254E-11 1.36784E-13 2.76459E-11 3.23909E-11 1.52954E-13 3.70123E-11 3.1899E-17 5.55485E-19 1.60234E-18 7.65337E-22 1.39721E-19 2.44828E-24 4.49689E-25 3.5771E-24 3.11441E-25 5.2067E-25 1.59403E-25 2.20575E-23 6.26967E-23
1.04849E-11 9.7903E-13 2.07824E-11 5.65091E-11 1.42622E-8 2.92873E-9 3.02811E-8 4.46562E-5 1.44433E-6 1.88175E-9 3.51732E-12 1.48194E-12 4.42241E-14 3.17053E-17 2.87621E-18 2.42495E-14 4.47956E-12 1.13326E-17 8.74068E-16 4.63365E-14 5.06099E-16 1.93738E-17 7.92814E-16 9.68548E-14 1.5362E-15 5.28052E-10 6.50092E-6 6.38467E-5 1.70603E-5 1.81593E-9 3.56092E-6 2.31024E-7 6.05389E-11 1.23133E-8 1.18462E-13 2.32673E-7 5.40173E-6 7.17136E-4 5.70918E-9 2.31334E-9 1.21399E-6 1.64027E-4 8.33821E-4 1.13629E-4 6.55031E-6 3.22476E-10 1.60365E-12 4.68371E-13 2.28782E-17 5.37883E-18 4.66084E-11 3.08756E-10 1.89794E-9 5.58935E-18 9.63453E-18 1.67089E-19 4.8326E-17 4.53517E-19 2.97444E-20 6.41324E-24 1.56793E-21 7.50682E-26 9.61356E-26 3.75125E-23 3.75125E-23
5.47427E-12 1.93461E-12 2.48814E-12 2.51587E-8 3.39506E-8 2.37976E-6 7.08114E-7 3.22399E-8 5.80074E-14 7.83108E-16 5.98244E-19 9.7004E-17 2.00599E-13 1.90583E-8 4.64454E-8 1.02477E-11 1.59622E-14 1.13352E-18 3.484E-13 1.89303E-8 3.25142E-11 3.87396E-16 1.78955E-11 9.5702E-10 4.00266E-11 1.16273E-8 3.32532E-5 1.19688E-4 6.2792E-8 3.31133E-5 2.68099E-6 2.61798E-10 7.61542E-10 2.07409E-6 3.99717E-12 1.43656E-9 3.48097E-6 1.13673E-4 9.37354E-10 1.71788E-12 2.57595E-12 1.26063E-11 2.37125E-9 9.39353E-10 5.79428E-15 8.84798E-20 1.18009E-12 3.51587E-12 2.59099E-16 8.04372E-18 4.45749E-17 1.99706E-10 3.28317E-13 4.71388E-11 9.45401E-14 7.33833E-13 8.37971E-12 6.43328E-13 6.47387E-17 1.32991E-20 5.88238E-22 5.39518E-19 3.62755E-24 5.27965E-25 1.56793E-21
5.41417E-13 2.31301E-14 2.25818E-12 3.45221E-10 2.75251E-10 1.51333E-10 1.9426E-10 7.69741E-15 3.76331E-15 7.97511E-15 2.29999E-10 7.62253E-8 2.44062E-6 1.4313E-3 1.19322E-4 2.33241E-8 2.00599E-13 4.93216E-13 2.05389E-12 4.0005E-7 4.53031E-6 9.6673E-9 5.77676E-7 1.32369E-5 4.93455E-10 7.60281E-5 4.54185E-4 1.98611E-6 3.14077E-5 5.80658E-5 8.44033E-5 3.23083E-6 1.00857E-4 9.1933E-6 3.54281E-8 4.36596E-4 1.13728E-4 5.96293E-9 4.90357E-12 1.32872E-13 6.007E-13 1.39436E-13 5.7678E-14 1.16692E-14 7.90482E-17 6.70944E-17 1.42076E-12 1.42978E-14 9.32554E-15 3.45905E-17 3.95375E-16 1.44505E-16 2.48601E-17 1.01611E-12 7.7494E-13 1.2201E-17 4.66258E-14 2.96031E-17 5.1236E-18 2.73244E-20 1.9462E-22 3.76426E-18 4.89649E-21 6.59441E-24 4.70913E-22
9.05937E-14 5.41417E-13 5.74956E-13 7.48838E-12 2.10767E-12 2.94077E-11 3.76382E-10 3.36202E-11 4.75372E-10 4.08721E-8 9.72323E-8 3.9881E-9 6.30779E-6 2.14069E-3 1.0554E-3 1.22403E-3 7.57448E-6 1.60788E-10 1.68608E-4 5.02991E-6 5.35944E-3 3.84963E-8 9.90608E-6 6.70514E-4 2.25588E-3 4.8018E-3 2.74329E-4 2.26853E-3 2.58202E-3 1.06541E-3 7.64001E-5 1.32751E-4 1.27204E-3 4.31492E-5 9.79276E-5 5.34971E-4 1.32796E-6 7.91791E-10 4.64691E-12 4.03345E-11 5.57762E-11 8.60494E-13 7.32764E-13 2.69011E-11 2.76854E-11 3.51198E-14 8.06776E-15 2.68249E-13 3.55181E-15 1.74503E-15 5.51749E-15 1.95624E-17 4.05031E-19 1.45673E-18 2.59167E-15 2.6676E-13 1.19159E-18 7.65708E-15 3.8713E-14 4.15467E-18 5.6298E-19 8.08191E-21 3.38729E-16 8.31276E-21 5.73562E-25
