KUENM/Final_Models/M_0.1_F_lq_Set_2_E/sp1_4_se_asia.asc
ncols         320
nrows         243
xllcorner     44.0
yllcorner     -0.666666666666667
cellsize      0.166666666666667
NODATA_value  -9999
[rows 93 to 123 of 243, columns 210 to 279 of 320]
2.08705E-2 5.77365E-3 6.30968E-3 2.97308E-2 7.05062E-2 9.21619E-2 1.003E-1 1.0756E-1 9.46143E-2 8.24276E-2 1.04471E-1 8.17533E-2 5.32508E-2 4.04354E-2 4.32962E-2 5.4781E-2 6.57291E-2 9.55107E-2 1.46616E-1 2.02093E-1 1.9557E-1 1.67403E-1 1.60739E-1 1.49E-1 1.41149E-1 1.39137E-1 1.13095E-1 1.13567E-1 1.20064E-1 1.14067E-1 5.99852E-2 3.67318E-2 4.68955E-2 5.99852E-2 5.92698E-2 4.26083E-2 6.57291E-2 8.71151E-2 8.22949E-2 1.05596E-1 1.22853E-1 1.12374E-1 7.31097E-2 4.81735E-2 3.05772E-2 2.27001E-2 2.03127E-2 1.47345E-2 1.04021E-2 1.82454E-3 1.84553E-4 1.0304E-4 3.12604E-4 6.16125E-4 1.1081E-3 1.38217E-3 8.32285E-4 2.85464E-4 7.59614E-5 9.21386E-6 1.4745E-6 8.15812E-7 3.8052E-7 7.92338E-8 8.54699E-9 8.15267E-10 5.2523E-11 2.83046E-12 1.84282E-13 2.13276E-14
1.76154E-2 9.55278E-3 1.78353E-2 3.7759E-2 6.63223E-2 5.88189E-2 8.61354E-2 1.11013E-1 9.94844E-2 7.36955E-2 7.34083E-2 6.4583E-2 5.69761E-2 5.61969E-2 6.61028E-2 6.12867E-2 5.94259E-2 7.98786E-2 9.80951E-2 1.20485E-1 1.32242E-1 1.4074E-1 1.28239E-1 1.0864E-1 8.63674E-2 8.49638E-2 7.01238E-2 6.28268E-2 6.53843E-2 7.22889E-2 8.23876E-2 9.86963E-2 6.7912E-2 4.93947E-2 3.00634E-2 2.59311E-2 2.7018E-2 1.83916E-2 1.5046E-2 2.74069E-2 5.52292E-2 6.79727E-2 3.72388E-2 3.00063E-2 3.04434E-2 1.91932E-2 1.6023E-2 1.07143E-2 6.27958E-3 2.46739E-3 1.00916E-3 7.50405E-4 6.23448E-4 3.4944E-4 4.83226E-4 1.1817E-3 9.14687E-4 2.86284E-4 5.9213E-5 6.9978E-6 9.79583E-7 1.559E-6 7.1854E-7 1.01159E-7 1.07302E-8 9.0417E-10 8.44201E-11 7.05004E-12 9.32088E-13 2.11013E-13
3.47255E-2 3.14161E-2 1.40778E-2 3.88261E-2 6.4583E-2 5.11492E-2 5.79609E-2 7.15144E-2 6.66782E-2 5.9031E-2 4.81159E-2 4.38469E-2 4.74865E-2 5.9031E-2 6.91455E-2 5.96746E-2 4.7022E-2 4.75144E-2 4.75047E-2 6.94533E-2 6.14784E-2 8.48047E-2 7.28244E-2 5.44205E-2 4.40364E-2 4.12894E-2 3.35184E-2 3.17019E-2 3.08247E-2 4.2553E-2 8.28749E-2 1.03854E-1 4.73105E-2 3.18097E-2 2.37223E-2 2.65717E-2 2.83136E-2 1.20894E-2 8.03604E-3 1.28831E-2 2.97185E-2 3.32862E-2 1.52449E-2 1.15603E-2 1.85636E-2 1.72808E-2 1.37656E-2 7.79517E-3 5.10984E-3 3.52465E-3 2.79497E-3 2.59048E-3 1.79445E-3 5.43864E-4 4.6834E-4 8.88274E-4 7.52723E-4 3.16401E-4 7.7877E-5 1.39085E-5 4.22382E-6 2.97286E-6 8.77133E-7 9.23229E-8 7.2591E-9 7.60803E-10 9.19948E-11 9.93032E-12 2.07482E-12 9.56559E-13
3.72172E-2 3.32597E-2 1.10623E-2 4.69216E-2 4.32627E-2 2.75588E-2 2.34207E-2 3.00991E-2 2.88628E-2 2.42439E-2 1.96531E-2 1.79426E-2 3.00991E-2 5.06445E-2 5.17114E-2 4.72267E-2 3.6048E-2 2.86019E-2 2.71892E-2 2.96807E-2 2.47069E-2 2.53157E-2 3.27579E-2 2.67772E-2 2.17875E-2 1.78956E-2 1.5046E-2 1.68496E-2 1.6073E-2 2.24904E-2 2.76437E-2 1.96615E-2 2.2505E-2 2.80233E-2 2.17199E-2 2.31437E-2 2.21727E-2 1.90749E-2 2.18476E-2 2.24635E-2 1.78005E-2 2.00028E-2 1.77685E-2 3.18921E-2 2.13281E-2 1.90646E-2 1.62113E-2 5.42373E-3 5.13962E-3 5.58546E-3 4.2587E-3 5.48651E-3 5.78824E-3 1.92496E-3 1.17153E-3 1.14806E-3 8.34972E-4 3.73033E-4 1.14639E-4 2.81605E-5 7.5715E-6 2.49244E-6 5.71133E-7 5.40168E-8 4.36896E-9 5.49097E-10 1.2736E-10 2.05828E-11 6.70275E-12 2.32964E-12
1.67565E-2 1.8427E-2 2.17683E-2 2.76518E-2 1.96615E-2 1.7942E-2 1.53616E-2 1.27057E-2 8.73611E-3 7.49915E-3 5.68476E-3 7.62738E-3 2.02559E-2 4.61501E-2 4.90057E-2 3.64035E-2 2.44236E-2 1.66403E-2 1.14305E-2 1.03943E-2 9.2907E-3 7.89414E-3 1.13392E-2 9.4759E-3 7.89875E-3 6.55227E-3 5.59878E-3 5.79402E-3 7.02148E-3 6.26969E-3 4.16397E-3 2.373E-3 2.8035E-3 1.12517E-2 1.68457E-2 1.12922E-2 6.66965E-3 5.71707E-3 4.29151E-3 3.85313E-3 2.72368E-3 4.27988E-3 1.04516E-2 1.73514E-2 2.45452E-2 2.93526E-2 2.69618E-2 1.29282E-2 9.85197E-3 1.29282E-2 3.95719E-3 2.77433E-3 3.10707E-3 2.67091E-3 2.16288E-3 1.92496E-3 1.17153E-3 5.3761E-4 1.81268E-4 4.17301E-5 9.82799E-6 2.05655E-6 3.86697E-7 4.08267E-8 2.73923E-9 6.09535E-10 2.51218E-10 8.46665E-11 1.86233E-11 -9999
1.50348E-2 2.02046E-2 2.38846E-2 1.79382E-2 1.35467E-2 1.07847E-2 7.22763E-3 5.02675E-3 2.8871E-3 2.06511E-3 1.58952E-3 5.13393E-3 1.85005E-2 4.72267E-2 5.66441E-2 3.50681E-2 1.9894E-2 1.34889E-2 1.05897E-2 6.37633E-3 4.76783E-3 3.80181E-3 4.71633E-3 4.24334E-3 3.42004E-3 2.55449E-3 2.08393E-3 2.13918E-3 3.02166E-3 3.17079E-3 3.1009E-3 2.12719E-3 2.18894E-3 8.67759E-3 1.29644E-2 3.8106E-3 1.53886E-3 1.26766E-3 5.27087E-4 1.05813E-3 2.84208E-3 4.33715E-3 5.35467E-3 6.86624E-3 9.57873E-3 2.18219E-2 3.59434E-2 2.11613E-2 1.39552E-2 6.49693E-2 8.89701E-3 3.28684E-3 2.99229E-3 2.67091E-3 3.16596E-3 3.88492E-3 2.33629E-3 1.10244E-3 3.27257E-4 4.8273E-5 7.87902E-6 1.67297E-6 3.15056E-7 4.92163E-8 7.2591E-9 2.05088E-9 7.71017E-10 2.08263E-10 2.13745E-11 -9999
1.73646E-2 1.96613E-2 2.57173E-2 2.97287E-2 1.93557E-2 4.7558E-3 2.88078E-3 1.4398E-3 6.50233E-4 4.4063E-4 5.81114E-4 1.48014E-3 6.88619E-3 2.26035E-2 4.18459E-2 2.64505E-2 1.53629E-2 1.09937E-2 1.06426E-2 9.18219E-3 4.24334E-3 2.23198E-3 2.14488E-3 2.10465E-3 1.41203E-3 8.28086E-4 6.68411E-4 8.54915E-4 1.35337E-3 1.99955E-3 2.2961E-3 2.19954E-3 1.22038E-3 2.00595E-3 2.90889E-3 1.10399E-3 3.81176E-4 5.20819E-4 5.14391E-4 5.40036E-3 1.16883E-2 4.50321E-3 1.95269E-3 3.35538E-3 5.10642E-3 1.29282E-2 3.34605E-2 4.18095E-2 1.60513E-2 4.29831E-2 3.39453E-2 1.32891E-2 5.29336E-3 2.77433E-3 2.77433E-3 7.02762E-3 7.66643E-3 4.4172E-3 4.06827E-4 3.10909E-5 3.95284E-6 1.03953E-6 3.09963E-7 7.00767E-8 1.65312E-8 5.29551E-9 2.2529E-9 4.22567E-10 1.81744E-11 1.86333E-13
3.71857E-2 3.57274E-2 4.50793E-2 3.57317E-2 1.71311E-2 6.99585E-3 2.78212E-3 7.61277E-4 1.71974E-4 1.69182E-4 3.45233E-4 9.0883E-4 1.61321E-3 4.66405E-3 7.99247E-3 7.63861E-3 8.58135E-3 8.29846E-3 1.08142E-2 1.37287E-2 6.19007E-3 2.74337E-3 1.50452E-3 1.10886E-3 6.33063E-4 2.94105E-4 2.10271E-4 3.52617E-4 5.22298E-4 7.69786E-4 1.01598E-3 6.85236E-4 5.26558E-4 2.85765E-4 4.34805E-4 6.05283E-4 6.8499E-4 9.31917E-4 1.62631E-3 7.80431E-3 8.59607E-3 3.34885E-3 1.75961E-3 2.94324E-3 7.66643E-3 1.10811E-2 2.20648E-2 3.43101E-2 1.68383E-2 2.163E-2 5.05993E-2 3.23857E-2 1.53763E-2 5.01522E-3 1.3487E-3 1.52006E-3 3.4761E-3 7.07077E-4 7.08459E-5 1.02113E-5 2.20047E-6 6.67915E-7 2.63068E-7 7.55003E-8 1.67489E-8 4.70051E-9 1.68253E-9 2.45648E-10 5.53425E-12 -9999
5.34813E-2 5.63417E-2 5.48749E-2 4.09215E-2 1.93276E-2 9.02183E-3 2.23198E-3 4.76352E-4 1.39691E-4 1.70141E-4 3.03779E-4 8.72599E-4 2.32754E-3 4.06581E-3 2.99746E-3 7.87812E-4 1.17231E-3 2.63119E-3 9.02781E-3 2.05692E-2 9.50263E-3 3.42298E-3 1.25044E-3 6.00459E-4 3.18287E-4 1.7339E-4 8.53751E-5 7.53939E-5 8.73345E-5 1.39691E-4 2.80335E-4 2.14919E-4 7.8973E-5 3.82441E-5 9.51377E-5 4.47795E-4 1.18317E-3 1.26964E-3 1.59503E-3 2.37575E-3 1.79766E-3 1.52933E-3 1.52006E-3 2.46739E-3 5.65515E-3 6.78585E-3 1.18431E-2 1.35791E-2 9.89889E-3 1.35791E-2 2.50746E-2 2.79677E-2 2.63494E-2 5.85374E-3 5.55542E-4 2.90147E-4 8.6231E-4 7.97604E-5 1.65999E-5 5.96058E-6 1.55442E-6 5.0706E-7 2.10104E-7 5.5154E-8 7.89956E-9 1.04265E-9 1.74195E-10 1.58302E-11 2.0527E-13 -9999
4.04354E-2 4.19864E-2 5.96746E-2 5.19866E-2 2.62541E-2 8.88381E-3 2.06511E-3 5.32163E-4 2.13281E-4 2.16962E-4 3.68333E-4 8.21743E-4 2.03909E-3 3.20629E-3 4.51582E-3 1.53667E-3 4.75189E-4 9.44917E-4 5.05103E-3 1.41974E-2 7.24157E-3 2.52552E-3 9.43831E-4 4.16002E-4 2.0007E-4 1.39193E-4 6.8352E-5 4.92768E-5 7.2448E-5 7.90779E-5 1.8481E-4 2.15837E-4 1.00573E-4 4.06695E-5 8.27804E-5 6.53492E-4 2.0884E-3 2.20163E-3 1.25574E-3 1.59082E-3 2.29177E-3 3.20189E-3 3.92897E-3 5.64868E-3 6.43725E-3 4.58565E-3 4.75043E-3 5.3737E-3 4.40184E-3 5.27789E-3 8.48956E-3 9.89889E-3 5.51048E-3 5.61863E-4 1.90621E-5 1.52316E-6 1.81213E-5 2.61116E-5 1.04583E-5 4.4987E-6 7.99636E-7 2.28496E-7 8.08475E-8 1.57972E-8 1.10632E-9 5.73833E-11 3.22482E-12 2.25537E-13 -9999 2.03786E-18
2.59311E-2 3.42938E-2 4.76804E-2 5.85378E-2 2.61936E-2 7.64254E-3 1.76793E-3 3.99487E-4 2.08752E-4 1.67904E-4 3.30975E-4 9.78794E-4 2.85607E-3 3.50479E-3 2.65584E-3 1.75006E-3 1.74668E-3 2.78499E-3 3.62993E-3 3.11362E-3 2.12874E-3 6.14071E-4 4.33232E-4 2.83896E-4 2.62641E-4 1.91342E-4 1.36628E-4 1.33554E-4 2.03395E-4 5.17598E-4 1.36788E-3 8.95076E-4 2.41067E-4 1.03692E-4 2.11148E-4 1.14813E-3 2.15625E-3 2.11521E-3 1.77705E-3 1.52933E-3 3.3144E-3 5.78824E-3 9.15364E-3 1.4557E-2 7.80029E-3 5.3533E-3 3.32413E-3 3.24561E-3 2.19289E-3 1.55672E-3 2.44054E-3 3.43337E-3 8.91394E-4 3.68486E-5 1.52316E-6 1.63393E-7 3.60017E-7 3.25467E-6 3.43604E-6 1.59202E-6 3.10829E-7 6.39657E-8 1.19614E-8 1.14496E-9 4.66017E-11 8.2647E-13 7.75464E-15 5.85501E-17 4.39058E-19 -9999
1.95014E-2 4.04925E-2 4.42557E-2 3.85963E-2 1.96641E-2 5.47813E-3 1.0192E-3 2.90139E-4 1.36337E-4 1.27508E-4 3.19437E-4 1.19098E-3 3.18437E-3 7.13042E-3 9.49096E-3 9.96119E-3 5.71308E-3 4.21919E-3 5.23178E-3 2.78164E-3 8.74505E-4 1.46066E-4 2.03093E-4 2.78163E-4 3.6541E-4 3.56391E-4 2.59097E-4 2.2074E-4 4.23948E-4 8.99778E-4 1.37612E-3 8.3037E-4 4.0093E-4 2.64649E-4 3.52026E-4 7.28552E-4 9.61004E-4 1.28583E-3 1.71926E-3 1.39309E-3 2.03642E-3 2.71035E-3 3.81982E-3 3.22284E-3 4.55767E-3 4.68428E-3 3.52671E-3 2.4618E-3 1.08351E-3 3.03123E-4 7.31814E-4 2.41496E-3 3.24028E-4 -9999 1.1733E-5 4.04036E-6 1.27276E-6 1.59202E-6 1.20317E-6 4.81969E-7 1.02566E-7 1.40581E-8 1.24114E-9 5.80951E-11 1.06153E-12 5.73957E-15 8.69329E-18 1.84232E-21 2.95672E-24 2.02513E-25
3.87407E-2 5.39194E-2 3.13173E-2 1.27057E-2 8.1106E-3 2.46749E-3 3.67522E-4 1.82674E-4 9.44968E-5 9.8597E-5 4.23609E-4 1.62938E-3 5.05406E-3 2.45687E-2 3.271E-2 2.41679E-2 1.51001E-2 9.79523E-3 5.85374E-3 3.17718E-3 1.26992E-3 6.11977E-4 4.34741E-4 3.57529E-4 4.48941E-4 4.47797E-4 3.4944E-4 2.19931E-4 3.46185E-4 6.87629E-4 8.01113E-4 4.76116E-4 2.48158E-4 1.54691E-4 1.47771E-4 2.03093E-4 3.18572E-4 5.43424E-4 8.87938E-4 8.57408E-4 7.12659E-4 7.59501E-4 1.26978E-3 1.0822E-3 9.07539E-4 1.76912E-3 1.55672E-3 8.82435E-4 5.44498E-4 2.32123E-4 6.18471E-4 8.55297E-4 1.83322E-4 3.68486E-5 1.28729E-4 8.76491E-5 9.6747E-6 2.21972E-6 6.622E-7 1.76735E-7 2.92888E-8 2.80208E-9 1.4575E-10 3.43681E-12 3.05338E-14 5.40686E-17 2.50057E-20 1.45772E-24 1.79037E-27 1.76913E-28
6.38233E-2 5.782E-2 1.93656E-2 4.1312E-3 4.81563E-3 1.63067E-3 1.59534E-4 9.60781E-5 9.14319E-5 9.02193E-5 6.02951E-4 3.36426E-3 1.15228E-2 5.84643E-2 6.69793E-2 4.44503E-2 2.72604E-2 1.64844E-2 8.20198E-3 5.43045E-3 3.40451E-3 1.49655E-3 5.55696E-4 4.53591E-4 4.20211E-4 3.06263E-4 1.06624E-4 7.97604E-5 1.56444E-4 4.16243E-4 4.1156E-4 2.14761E-4 9.83486E-5 6.16358E-5 4.48592E-5 4.7691E-5 1.27193E-4 3.39343E-4 6.20264E-4 7.58159E-4 6.12356E-4 3.86722E-4 4.24523E-4 2.81272E-4 2.40393E-4 1.8135E-4 9.16621E-5 1.06834E-4 2.62604E-4 4.39356E-4 4.29963E-4 2.62604E-4 1.25698E-4 1.39509E-4 2.27218E-4 7.42917E-5 1.22117E-5 2.04349E-6 4.23985E-7 7.23645E-8 8.9281E-9 6.007E-10 2.05894E-11 -9999 1.42539E-15 1.89915E-18 8.00828E-22 1.91382E-25 2.5328E-28 -9999
7.60574E-2 7.19575E-2 3.14731E-2 9.6218E-3 6.70327E-3 2.72368E-3 2.26985E-4 5.60259E-5 1.31114E-4 3.18093E-4 1.8913E-3 8.88381E-3 3.14759E-2 9.69054E-2 9.6754E-2 5.77387E-2 3.77656E-2 2.63721E-2 1.57815E-2 1.11037E-2 8.39387E-3 4.54387E-3 1.805E-3 1.36548E-3 1.00638E-3 1.6973E-4 1.24296E-5 1.54452E-5 3.22134E-5 8.34123E-5 1.22822E-4 6.21117E-5 3.43109E-5 3.48589E-5 1.70495E-5 9.15478E-6 6.39991E-5 3.30975E-4 6.54932E-4 9.88468E-4 7.96625E-4 4.1848E-4 2.06178E-4 7.96676E-5 3.9873E-5 2.00702E-5 4.00367E-6 1.03841E-5 5.55892E-5 1.40831E-4 1.21313E-4 4.05377E-5 1.02724E-5 1.15641E-5 1.25301E-5 8.49232E-6 3.72643E-6 1.2578E-6 2.08973E-7 3.88777E-8 3.31347E-9 1.78589E-10 4.68143E-12 2.80722E-14 1.83082E-16 -9999 6.30235E-23 9.26977E-26 1.03083E-28 -9999
8.77592E-2 9.34689E-2 8.64715E-2 6.06207E-2 3.33001E-2 9.10302E-3 4.25336E-4 3.4686E-5 9.02478E-5 4.67348E-4 3.54219E-3 1.73915E-2 4.24638E-2 9.89722E-2 8.39052E-2 4.97686E-2 4.07621E-2 3.58861E-2 2.15122E-2 1.41358E-2 1.65081E-2 1.46379E-2 8.19227E-3 5.25706E-3 3.77635E-3 4.65618E-4 3.80586E-5 1.63302E-5 1.39413E-5 1.54452E-5 1.76151E-5 1.59599E-5 1.30358E-5 1.63684E-5 1.17811E-5 5.17973E-6 5.41507E-5 4.22474E-4 1.10886E-3 1.84122E-3 1.0594E-3 4.43063E-4 1.71279E-4 5.00201E-5 2.364E-5 7.64751E-6 2.61854E-6 4.22537E-6 1.75443E-5 4.30206E-5 4.80787E-5 1.48971E-5 9.3809E-7 -9999 1.43181E-7 7.77131E-7 1.18903E-6 6.54417E-7 1.3729E-7 2.06558E-8 -9999 8.37019E-11 1.91603E-12 7.85083E-15 -9999 -9999 -9999 -9999 -9999 -9999
1.37388E-1 1.23071E-1 1.03591E-1 8.50528E-2 6.90307E-2 1.4493E-2 1.1753E-3 6.57632E-5 5.12273E-6 1.10175E-4 3.49978E-3 2.236E-2 5.50742E-2 7.07727E-2 5.46316E-2 3.30624E-2 2.75836E-2 2.23109E-2 1.24774E-2 9.79475E-3 1.54329E-2 1.59385E-2 9.30611E-3 5.25625E-3 2.95851E-3 9.56861E-4 2.25799E-4 4.99249E-5 1.33004E-5 3.93845E-6 3.65227E-6 6.37556E-6 9.45644E-6 1.61816E-5 2.1386E-5 2.54161E-5 1.01943E-4 5.76774E-4 1.28046E-3 1.6488E-3 1.28261E-3 4.00638E-4 1.39384E-4 4.66052E-5 2.02606E-5 6.82875E-6 3.05284E-6 3.53443E-6 1.04943E-5 2.53374E-5 -9999 -9999 -9999 -9999 -9999 6.17842E-7 -9999 -9999 1.3729E-7 -9999 -9999 -9999 -9999 -9999 -9999 -9999 -9999 -9999 -9999 -9999
2.17141E-1 1.2671E-1 5.40758E-2 5.25032E-2 4.68045E-2 8.51917E-3 1.63483E-3 5.42643E-5 4.58018E-6 9.96989E-5 4.70013E-3 3.82713E-2 7.43561E-2 5.04414E-2 3.22549E-2 1.82169E-2 1.29814E-2 9.8349E-3 5.64198E-3 3.50377E-3 4.56563E-3 5.2384E-3 3.40451E-3 2.03169E-3 1.55742E-3 1.34038E-3 9.47771E-4 1.78358E-4 2.13773E-5 2.79466E-6 2.05647E-6 5.50434E-6 2.01657E-5 2.42556E-5 3.96604E-5 8.23278E-5 2.17005E-4 5.90675E-4 1.1887E-3 1.2949E-3 8.44781E-4 2.84351E-4 1.18421E-4 5.24439E-5 1.93507E-5 8.29177E-6 4.48105E-6 4.38669E-6 -9999 -9999 -9999 -9999 -9999 -9999 -9999 -9999 -9999 -9999 -9999 -9999 -9999 -9999 -9999 -9999 -9999 -9999 -9999 -9999 -9999 -9999
1.29038E-1 7.28852E-2 2.97079E-2 1.9288E-2 9.8664E-3 1.98981E-3 3.34818E-4 3.46085E-5 2.15628E-5 5.59421E-4 6.73522E-3 1.31415E-2 1.88069E-2 2.3242E-2 2.15258E-2 1.02779E-2 6.96401E-3 6.55694E-3 3.13025E-3 1.31273E-3 8.91394E-4 8.5542E-4 8.82142E-4 8.0297E-4 9.19371E-4 1.51145E-3 1.91639E-3 4.2435E-4 6.52949E-5 1.44518E-5 8.03259E-6 1.5215E-5 2.64554E-5 5.77999E-5 1.25698E-4 2.93387E-4 5.98966E-4 9.48215E-4 1.04635E-3 8.58975E-4 4.67348E-4 2.02524E-4 1.04369E-4 5.18231E-5 2.47115E-5 1.29065E-5 8.51782E-6 -9999 -9999 -9999 -9999 -9999 -9999 -9999 -9999 -9999 -9999 -9999 -9999 -9999 -9999 -9999 -9999 -9999 -9999 -9999 -9999 -9999 -9999 -9999
7.37929E-2 3.9459E-2 1.56839E-2 6.80677E-3 2.35079E-3 4.20211E-4 8.01337E-5 2.44457E-5 2.70816E-5 4.62954E-4 2.40864E-3 1.29863E-3 2.12771E-3 1.17069E-2 2.40718E-2 1.89064E-2 9.24853E-3 2.98403E-3 8.91572E-4 4.84143E-4 3.69475E-4 3.09883E-4 2.70851E-4 3.45332E-4 6.37406E-4 1.11667E-3 1.20951E-3 5.42879E-4 1.68159E-4 6.40108E-5 3.99773E-5 4.36201E-5 7.33937E-5 1.72461E-4 3.60719E-4 9.00851E-4 1.62058E-3 1.65216E-3 1.04896E-3 4.53747E-4 2.38271E-4 1.04461E-4 6.64615E-5 4.24175E-5 2.69177E-5 1.77261E-5 1.46748E-5 -9999 -9999 -9999 -9999 -9999 -9999 -9999 -9999 -9999 -9999 -9999 -9999 -9999 -9999 -9999 -9999 -9999 -9999 -9999 -9999 -9999 -9999 -9999
4.53535E-2 2.09739E-2 7.62146E-3 2.61353E-3 8.90828E-4 2.85944E-4 7.56523E-5 3.13536E-5 4.17103E-5 1.91905E-4 5.61863E-4 6.93789E-4 1.63146E-3 8.69248E-3 2.55706E-2 2.62323E-2 1.09512E-2 1.80425E-3 5.62213E-4 3.27573E-4 2.99994E-4 2.56825E-4 1.57956E-4 2.24604E-4 4.99344E-4 7.864E-4 8.62856E-4 5.91194E-4 3.36953E-4 1.88449E-4 1.32347E-4 1.35442E-4 1.9148E-4 3.45871E-4 7.11001E-4 1.89302E-3 4.41272E-3 2.51512E-3 8.64371E-4 2.48232E-4 6.33542E-5 3.714E-5 3.44953E-5 3.35088E-5 2.67945E-5 2.22571E-5 2.31646E-5 2.69177E-5 -9999 -9999 -9999 -9999 -9999 -9999 -9999 -9999 -9999 -9999 -9999 -9999 -9999 -9999 -9999 -9999 -9999 -9999 -9999 -9999 -9999 -9999
2.36771E-2 8.17005E-3 2.39658E-3 9.87603E-4 6.03888E-4 3.26487E-4 1.12485E-4 3.58569E-5 3.4287E-5 8.36164E-5 2.37605E-4 4.98404E-4 1.23032E-3 4.07638E-3 8.89701E-3 1.07167E-2 8.54461E-3 1.73089E-3 4.34039E-4 3.0997E-4 4.02047E-4 6.85986E-4 6.93789E-4 5.74286E-4 6.65719E-4 7.54216E-4 7.864E-4 7.06703E-4 5.42879E-4 4.2435E-4 3.45332E-4 3.81366E-4 4.2435E-4 5.54342E-4 9.11158E-4 1.67593E-3 3.8391E-3 2.09258E-3 5.92316E-4 1.34121E-4 3.41329E-5 2.07262E-5 2.59784E-5 2.81651E-5 3.11097E-5 2.93062E-5 3.28332E-5 4.40832E-5 -9999 -9999 -9999 -9999 -9999 -9999 -9999 -9999 -9999 -9999 -9999 -9999 -9999 -9999 -9999 -9999 -9999 -9999 -9999 -9999 -9999 -9999
1.01504E-2 1.68611E-3 3.45332E-4 4.73559E-4 6.10976E-4 5.66553E-4 1.62795E-4 2.34047E-5 1.28202E-5 2.81605E-5 7.97384E-5 2.28733E-4 6.81938E-4 1.6519E-3 2.99912E-3 3.03544E-3 2.35943E-3 1.47825E-3 4.1083E-4 2.56317E-4 2.95815E-4 2.17977E-3 3.85712E-3 2.10946E-3 1.16362E-3 8.28931E-4 8.19866E-4 7.61451E-4 7.24074E-4 7.25963E-4 8.47606E-4 1.02921E-3 9.56735E-4 7.54267E-4 6.57799E-4 6.781E-4 1.1956E-3 1.03406E-3 4.11742E-4 9.90899E-5 2.91598E-5 2.5986E-5 3.14163E-5 3.52052E-5 4.1202E-5 4.61003E-5 5.02984E-5 -9999 -9999 -9999 -9999 -9999 -9999 -9999 -9999 -9999 -9999 -9999 -9999 -9999 -9999 -9999 -9999 -9999 -9999 -9999 -9999 -9999 -9999 -9999
5.91008E-3 9.38531E-4 2.09033E-4 3.26487E-4 5.32475E-4 5.04263E-4 8.09234E-5 4.67679E-6 2.19687E-6 6.54615E-6 2.22105E-5 8.15326E-5 2.85464E-4 5.86203E-4 1.6317E-3 3.52542E-3 7.77168E-3 2.99884E-3 3.99402E-4 1.67965E-4 2.61603E-4 3.09298E-3 7.44067E-3 4.36766E-3 1.73656E-3 9.19371E-4 9.18167E-4 9.98271E-4 1.02524E-3 9.78915E-4 1.17309E-3 1.60036E-3 1.62049E-3 1.25361E-3 7.95231E-4 4.29963E-4 5.61169E-4 6.05017E-4 3.19374E-4 1.11981E-4 3.65582E-5 3.6291E-5 4.74408E-5 5.43709E-5 6.37476E-5 7.46207E-5 -9999 -9999 -9999 -9999 -9999 -9999 -9999 -9999 -9999 -9999 -9999 -9999 -9999 -9999 -9999 -9999 -9999 -9999 -9999 -9999 -9999 -9999 -9999 -9999
6.93544E-3 1.99297E-3 7.9514E-4 6.64905E-4 6.79067E-4 2.64117E-4 2.21391E-5 9.41146E-7 6.46785E-7 1.80788E-6 6.03147E-6 1.79383E-5 4.65413E-5 6.58772E-5 3.83744E-4 1.81199E-3 3.5351E-3 1.78758E-3 3.22637E-4 1.6716E-4 3.39343E-4 6.86256E-3 1.26399E-2 8.90563E-3 3.16099E-3 1.28706E-3 1.31329E-3 1.32195E-3 9.92407E-4 1.36415E-3 1.28814E-3 1.65195E-3 1.89767E-3 1.82267E-3 1.28583E-3 9.86599E-4 9.66593E-4 8.11871E-4 4.43129E-4 2.06326E-4 7.49832E-5 6.15297E-5 9.06499E-5 1.01027E-4 1.0989E-4 1.11387E-4 -9999 -9999 -9999 -9999 -9999 -9999 -9999 -9999 -9999 -9999 -9999 -9999 -9999 -9999 -9999 -9999 -9999 -9999 -9999 -9999 -9999 -9999 -9999 -9999
1.17202E-2 4.62782E-3 2.95754E-3 2.66222E-3 1.9528E-3 1.97196E-4 1.51244E-5 1.68259E-6 7.59869E-7 9.43756E-7 1.95609E-6 3.2652E-6 2.45582E-6 6.95627E-6 1.83801E-5 5.87172E-5 1.13606E-4 2.57101E-4 3.32494E-4 5.51478E-4 3.29343E-3 1.8514E-2 2.75554E-2 1.50523E-2 7.35981E-3 3.27914E-3 2.23573E-3 1.69841E-3 1.74735E-3 1.4398E-3 1.50806E-3 1.62981E-3 2.41386E-3 2.8274E-3 2.35426E-3 2.10435E-3 1.87646E-3 1.37919E-3 9.67496E-4 5.54597E-4 3.11397E-4 2.13012E-4 2.15855E-4 2.15855E-4 1.95321E-4 -9999 -9999 -9999 -9999 -9999 -9999 -9999 -9999 -9999 -9999 -9999 -9999 -9999 -9999 -9999 -9999 -9999 -9999 -9999 -9999 -9999 -9999 -9999 -9999 -9999
1.82055E-2 8.85253E-3 6.57036E-3 4.67087E-3 1.2343E-3 1.41244E-4 1.47417E-5 2.28227E-6 9.3809E-7 9.01755E-7 1.51168E-6 2.33178E-6 3.32137E-6 8.25647E-6 2.33672E-5 4.33801E-5 1.05318E-4 1.59693E-4 2.13426E-4 6.16223E-4 7.40488E-3 3.43101E-2 6.06413E-2 2.85547E-2 1.10174E-2 3.98704E-3 2.46467E-3 1.23109E-3 1.92099E-3 1.37015E-3 1.29178E-3 2.54478E-3 4.47335E-3 4.91001E-3 4.35469E-3 3.81982E-3 3.3144E-3 2.8595E-3 2.28386E-3 1.61971E-3 1.13965E-3 8.0297E-4 5.61169E-4 3.72404E-4 -9999 -9999 -9999 -9999 -9999 -9999 -9999 -9999 -9999 -9999 -9999 -9999 -9999 -9999 -9999 -9999 -9999 -9999 -9999 -9999 -9999 -9999 -9999 -9999 -9999 -9999
2.88097E-2 2.50119E-2 1.97025E-2 6.23547E-3 7.04437E-4 7.32165E-5 1.40041E-5 3.29168E-6 1.33104E-6 9.92903E-7 1.89312E-6 4.68326E-6 1.18488E-5 3.25932E-5 4.69937E-5 8.48791E-5 1.54102E-4 1.98474E-4 2.33127E-4 4.97941E-4 1.67198E-3 8.14599E-3 3.27264E-2 2.0333E-2 4.9021E-3 1.92795E-3 2.59941E-3 2.84208E-3 2.96412E-3 1.75777E-3 1.96997E-3 4.61666E-3 7.35938E-3 7.92318E-3 7.65294E-3 6.62998E-3 6.58202E-3 -9999 -9999 3.50377E-3 -9999 -9999 -9999 -9999 -9999 -9999 -9999 -9999 -9999 -9999 -9999 -9999 -9999 -9999 -9999 -9999 -9999 -9999 -9999 -9999 -9999 -9999 -9999 -9999 -9999 -9999 -9999 -9999 -9999 -9999
2.4738E-2 3.68486E-2 4.81347E-2 2.14897E-2 8.22773E-4 7.8844E-5 2.16457E-5 4.90031E-6 1.79736E-6 1.36894E-6 2.78461E-6 7.84771E-6 2.03076E-5 4.33801E-5 8.96102E-5 1.56525E-4 2.15531E-4 1.99692E-4 2.23072E-4 3.19707E-4 3.44939E-4 1.35409E-3 1.04771E-2 2.56248E-3 4.8144E-4 1.36901E-3 1.16313E-3 3.86581E-3 4.28939E-3 3.3739E-3 3.86003E-3 4.7067E-3 7.49491E-3 1.17765E-2 1.20279E-2 1.26399E-2 1.16346E-2 1.01056E-2 -9999 -9999 -9999 -9999 -9999 -9999 -9999 -9999 -9999 -9999 -9999 -9999 -9999 -9999 -9999 -9999 -9999 -9999 -9999 -9999 -9999 -9999 -9999 -9999 -9999 -9999 -9999 -9999 -9999 -9999 -9999 -9999
5.9863E-2 1.307E-1 9.71024E-2 4.80643E-2 4.83494E-3 4.67492E-4 6.51159E-5 7.97957E-6 2.12642E-6 1.41194E-6 3.35489E-6 1.07586E-5 2.60011E-5 6.50543E-5 1.40605E-4 1.77878E-4 2.17432E-4 2.37556E-4 2.04816E-4 2.1412E-4 2.25285E-4 2.94849E-4 1.68737E-3 4.06381E-4 1.97846E-4 1.05399E-3 2.43149E-3 2.30698E-3 4.50321E-3 4.66473E-3 3.94731E-3 5.24286E-3 1.07899E-2 1.55447E-2 1.70182E-2 1.84195E-2 1.75671E-2 -9999 -9999 -9999 -9999 -9999 -9999 -9999 -9999 -9999 -9999 -9999 -9999 -9999 -9999 -9999 -9999 -9999 -9999 -9999 -9999 -9999 -9999 -9999 -9999 -9999 -9999 -9999 -9999 -9999 -9999 -9999 -9999 -9999
7.11701E-2 1.28573E-1 1.23267E-1 5.41073E-2 1.06707E-2 1.3687E-3 1.36092E-4 1.23368E-5 1.93845E-6 1.38638E-6 3.1034E-6 1.55598E-5 3.78272E-5 7.78938E-5 1.81357E-4 1.97495E-4 2.01951E-4 1.93132E-4 1.51921E-4 1.32565E-4 1.13798E-4 1.30545E-4 1.41728E-4 8.90273E-5 1.26947E-4 5.92873E-4 2.31467E-3 1.98027E-3 4.89204E-3 6.32474E-3 5.14586E-3 5.32373E-3 1.46967E-2 1.91408E-2 2.17287E-2 -9999 -9999 -9999 -9999 -9999 -9999 -9999 -9999 -9999 -9999 -9999 -9999 -9999 -9999 -9999 -9999 -9999 -9999 -9999 -9999 -9999 -9999 -9999 -9999 -9999 -9999 -9999 -9999 -9999 -9999 -9999 -9999 -9999 -9999 -9999
