KUENM/Final_Models/M_0.1_F_lq_Set_2_E/sp1_3_se_asia.asc
ncols         320
nrows         243
xllcorner     44.0
yllcorner     -0.666666666666667
cellsize      0.166666666666667
NODATA_value  -9999
[rows 31 to 61 of 243, columns 0 to 69 of 320]
-9999 -9999 -9999 -9999 -9999 -9999 -9999 -9999 -9999 -9999 3.40029E-1 1.83532E-1 1.0159E-2 2.88927E-2 2.02234E-2 3.31297E-2 2.4843E-2 2.1527E-2 4.4203E-3 5.39131E-3 1.19463E-2 8.29699E-3 2.11369E-3 1.13487E-2 1.39845E-2 5.13981E-3 2.27247E-3 3.24018E-4 1.49068E-3 3.30965E-3 5.31134E-3 4.05581E-3 1.95636E-3 2.02341E-3 1.3726E-3 4.48518E-4 2.10699E-4 1.44637E-3 4.25447E-3 6.1559E-3 7.86737E-3 8.80911E-3 1.11913E-2 1.24473E-2 1.31339E-2 1.27848E-2 1.2025E-2 1.13039E-2 9.79324E-3 6.06861E-3 7.25863E-3 7.52179E-3 5.01648E-3 8.90282E-3 1.35151E-2 1.41568E-2 1.50525E-2 1.48221E-2 1.52859E-2 1.52859E-2 1.55224E-2 1.52859E-2 1.50571E-2 1.46011E-2 1.46011E-2 1.46011E-2 1.46011E-2 1.37263E-2 1.37241E-2 1.3512E-2
-9999 -9999 -9999 -9999 -9999 -9999 -9999 -9999 -9999 3.18371E-1 2.95861E-1 2.2908E-1 2.87724E-2 1.67204E-2 2.62839E-2 2.50827E-2 3.0802E-2 2.53523E-2 1.87288E-2 3.7892E-3 1.58744E-2 2.08432E-2 1.16601E-2 1.51778E-2 1.44204E-2 6.37319E-3 4.24336E-3 6.04737E-3 3.76812E-3 1.85995E-3 2.80633E-3 2.03307E-3 1.32419E-3 3.24934E-3 2.95728E-3 1.87261E-3 1.24353E-3 1.30817E-3 2.5645E-3 6.54215E-3 3.6254E-3 3.73695E-3 6.16211E-3 1.23135E-2 1.42978E-2 1.38993E-2 1.28724E-2 1.17259E-2 1.11862E-2 9.67682E-3 8.21507E-3 8.78828E-3 8.50823E-3 1.0843E-2 1.30658E-2 1.30658E-2 1.34842E-2 1.36733E-2 1.36733E-2 1.38902E-2 1.38902E-2 1.36976E-2 1.39139E-2 1.39139E-2 1.35017E-2 1.32917E-2 1.28801E-2 1.28801E-2 1.22831E-2 1.18984E-2
-9999 -9999 -9999 -9999 -9999 -9999 -9999 -9999 -9999 2.77713E-1 2.37462E-1 1.72163E-1 5.97938E-2 2.42376E-2 2.34991E-2 1.48286E-2 2.18522E-2 1.92358E-2 1.44894E-2 2.49405E-2 2.33493E-2 9.231E-3 5.25441E-3 3.4929E-3 8.1107E-3 1.58931E-2 4.46613E-3 3.44186E-3 3.37782E-3 1.75296E-3 9.03064E-4 1.97258E-3 8.65776E-4 2.43772E-3 4.73558E-3 3.83878E-3 2.33004E-3 1.39344E-3 2.74999E-3 3.54422E-3 3.89753E-4 2.43683E-4 1.4503E-3 1.10845E-2 1.52515E-2 1.36886E-2 1.18939E-2 1.13637E-2 9.2099E-3 9.38157E-3 1.0843E-2 1.05016E-2 1.15242E-2 1.24321E-2 1.28346E-2 1.30073E-2 1.28016E-2 1.25987E-2 1.28016E-2 1.28016E-2 1.28016E-2 1.22349E-2 1.11601E-2 1.18767E-2 1.15017E-2 1.11601E-2 1.06512E-2 1.16879E-2 1.18487E-2 1.20405E-2
-9999 -9999 -9999 -9999 -9999 -9999 -9999 -9999 -9999 2.4852E-1 2.10395E-1 1.44778E-1 6.08409E-2 3.13839E-2 2.57678E-2 3.38281E-2 2.59566E-2 1.47604E-2 1.59519E-2 1.0293E-2 1.28572E-2 1.18464E-2 7.29853E-3 6.01825E-3 4.9645E-3 1.54202E-3 3.715E-3 3.55568E-3 1.57249E-3 1.62725E-3 8.47607E-4 9.61715E-4 1.72077E-3 1.56537E-3 2.6761E-3 3.68672E-3 1.39206E-3 6.11498E-4 1.78745E-3 3.06872E-3 8.57919E-4 1.47021E-4 1.08573E-3 7.29624E-3 1.56863E-2 1.2025E-2 1.06201E-2 6.97232E-3 2.78104E-3 4.90672E-3 5.73392E-3 4.8186E-3 6.85286E-3 9.52174E-3 1.1473E-2 1.17737E-2 1.19658E-2 1.19658E-2 1.17737E-2 1.17737E-2 1.07524E-2 8.93024E-3 7.71554E-3 7.33776E-3 8.5094E-3 7.32981E-3 6.16548E-3 9.96296E-3 1.13974E-2 1.17269E-2
-9999 -9999 -9999 -9999 -9999 -9999 -9999 -9999 -9999 2.2432E-1 2.14119E-1 1.49892E-1 8.52678E-2 5.1197E-2 2.93774E-2 1.8295E-2 3.67701E-2 1.79536E-2 3.13194E-2 1.82913E-2 1.43639E-2 2.70361E-2 8.43525E-3 1.44605E-2 8.74282E-3 5.78529E-3 2.59523E-4 9.57198E-4 9.15923E-3 1.77763E-3 8.95756E-4 7.80531E-4 1.35893E-3 7.07673E-4 4.45874E-4 1.27364E-3 3.45104E-4 3.52688E-4 9.42679E-4 2.50574E-3 1.78519E-3 5.4255E-4 2.55691E-4 2.22676E-3 8.54514E-3 1.19878E-2 1.15288E-2 7.86566E-3 3.31392E-3 2.40758E-3 2.68798E-3 3.00536E-3 2.7852E-3 3.29157E-3 5.39733E-3 9.77581E-3 1.08524E-2 1.03302E-2 1.06759E-2 9.90699E-3 7.95578E-3 5.01927E-3 3.92967E-3 3.34752E-3 4.48712E-3 6.30798E-3 8.61097E-3 1.05018E-2 1.12978E-2 1.11137E-2
-9999 -9999 -9999 -9999 -9999 -9999 -9999 -9999 -9999 -9999 2.14921E-1 1.55617E-1 8.34381E-2 6.20155E-2 2.30479E-2 5.3016E-2 4.78687E-2 3.40986E-2 8.34381E-2 6.96457E-2 6.49362E-2 2.26487E-2 4.03959E-2 1.8987E-2 1.26109E-2 1.45046E-2 4.38494E-3 3.01126E-3 1.03263E-2 1.20543E-2 2.547E-3 1.32725E-3 7.97583E-4 7.92756E-4 4.36208E-4 7.54717E-4 1.48276E-3 1.47722E-3 1.90465E-3 9.44098E-4 4.68448E-4 8.75993E-4 3.70385E-4 1.11479E-4 4.00002E-4 2.10735E-3 6.66578E-3 9.97197E-3 9.06367E-3 7.04942E-3 6.26791E-3 6.5212E-3 5.58105E-3 3.23645E-3 3.81912E-3 5.60902E-3 5.22913E-3 8.056E-3 8.16887E-3 8.56174E-3 8.41965E-3 7.08799E-3 6.10865E-3 6.21239E-3 7.208E-3 7.56744E-3 8.19172E-3 9.23688E-3 1.0063E-2 1.03459E-2
-9999 -9999 -9999 -9999 -9999 -9999 -9999 -9999 -9999 -9999 -9999 1.86889E-1 1.5603E-1 8.68034E-2 3.58383E-2 1.60994E-2 6.52519E-2 7.39834E-2 5.99554E-2 3.16628E-2 3.40986E-2 5.49501E-2 4.00051E-2 9.44645E-2 3.91045E-2 3.22855E-2 2.25864E-2 1.02323E-2 4.73296E-3 1.06463E-2 1.41076E-2 2.18062E-3 2.28114E-3 1.77097E-3 6.66616E-4 8.06919E-4 9.60118E-4 8.55569E-4 1.29614E-3 9.57501E-4 8.03272E-4 5.21605E-4 3.1516E-4 1.86526E-4 8.54248E-5 8.5432E-5 9.63766E-4 4.02702E-3 7.7681E-3 9.08398E-3 8.94043E-3 8.5094E-3 8.23386E-3 7.22069E-3 6.53347E-3 5.22913E-3 3.43099E-3 5.32601E-3 6.41441E-3 7.40648E-3 7.40648E-3 6.73842E-3 6.73842E-3 5.70627E-3 5.33095E-3 6.41441E-3 7.28224E-3 8.00572E-3 8.24814E-3 1.01126E-2
-9999 -9999 -9999 -9999 -9999 -9999 -9999 -9999 -9999 -9999 -9999 -9999 1.45556E-1 1.38182E-1 6.61503E-2 2.59718E-2 2.25597E-2 8.28504E-2 7.73042E-2 9.86711E-2 6.74779E-2 7.17987E-2 8.58834E-2 1.40404E-1 8.82058E-2 8.31426E-2 8.14971E-2 2.20319E-2 4.53216E-3 4.17386E-3 6.54002E-3 1.77763E-3 3.1393E-3 2.30792E-3 7.59661E-4 3.61465E-4 4.41196E-4 7.903E-4 1.06314E-3 3.67892E-4 2.21905E-4 2.38953E-4 5.21605E-4 6.87901E-4 3.26623E-4 9.76364E-5 1.07897E-4 9.26891E-4 2.59222E-3 5.15416E-3 6.49539E-3 7.58814E-3 6.75459E-3 6.98384E-3 7.208E-3 5.51495E-3 2.57988E-3 2.04299E-3 2.82401E-3 4.64169E-3 6.1894E-3 3.65954E-3 2.71015E-3 2.36912E-3 2.47277E-3 3.37277E-3 7.67279E-3 9.38894E-3 9.5494E-3 9.5494E-3
-9999 -9999 -9999 -9999 -9999 -9999 -9999 -9999 -9999 -9999 -9999 -9999 -9999 1.43895E-1 1.05175E-1 5.91881E-2 5.94319E-2 3.41868E-2 4.07454E-2 1.44963E-1 1.25354E-1 8.34381E-2 1.70961E-1 1.45427E-1 5.7406E-2 2.29609E-2 7.29192E-3 1.55591E-2 2.48903E-2 3.02579E-2 2.67646E-3 4.95355E-4 1.91279E-4 8.95942E-4 8.02496E-4 3.21384E-4 3.45218E-4 2.27379E-4 2.88312E-4 4.39276E-4 3.24174E-4 5.76629E-4 1.02924E-3 1.28163E-3 1.20303E-3 9.24184E-4 5.90292E-4 4.54403E-4 6.47291E-4 8.75725E-4 1.85729E-3 1.02984E-3 1.60173E-3 2.40547E-3 4.53585E-3 6.21169E-3 4.88591E-3 3.58332E-3 2.77587E-3 3.38876E-3 4.81102E-3 5.69197E-3 6.66419E-3 7.37578E-3 6.57455E-3 3.94535E-3 5.42074E-3 8.30699E-3 8.68456E-3 8.36023E-3
-9999 -9999 -9999 -9999 -9999 -9999 -9999 -9999 -9999 -9999 -9999 -9999 1.17766E-1 1.28034E-1 1.37682E-1 1.32556E-1 1.12481E-1 8.94863E-2 6.72246E-2 5.26214E-2 1.16249E-1 1.85178E-1 2.27566E-1 1.85285E-1 6.69047E-2 4.72562E-2 1.50297E-2 1.49373E-1 1.11351E-1 2.30528E-2 1.24219E-2 2.46315E-3 1.68841E-4 8.05399E-4 5.99708E-4 1.48555E-4 2.34961E-4 2.17753E-4 1.59127E-4 1.90845E-4 4.75944E-4 1.02023E-3 1.17086E-3 1.78037E-3 2.32561E-3 2.21583E-3 1.64927E-3 8.74E-4 5.68772E-4 3.1163E-4 5.00321E-4 5.41781E-4 5.69754E-4 7.35458E-4 1.77388E-3 4.62536E-3 5.51763E-3 5.99229E-3 4.64609E-3 3.67186E-3 4.0324E-3 4.89233E-3 7.12595E-3 7.67382E-3 7.16471E-3 4.56828E-3 4.09395E-3 5.69197E-3 5.69197E-3 5.24267E-3
-9999 -9999 -9999 -9999 -9999 -9999 -9999 -9999 -9999 -9999 -9999 -9999 -9999 -9999 -9999 1.37219E-1 1.19912E-1 1.23032E-1 1.37153E-1 7.7268E-2 1.19994E-1 1.32848E-1 1.75598E-1 2.33722E-1 2.40225E-1 1.12977E-1 8.2941E-2 1.25942E-1 1.74876E-1 1.05468E-1 1.36671E-1 4.54437E-2 4.34541E-3 2.34668E-3 8.0006E-4 1.84545E-4 1.46962E-4 4.17055E-4 4.7757E-4 1.71056E-4 2.50913E-4 5.37139E-4 9.12737E-4 1.22555E-3 2.5433E-3 2.88225E-3 2.77533E-3 2.36826E-3 1.38567E-3 5.94091E-4 1.80007E-4 3.26655E-4 6.71085E-4 1.14854E-3 1.78147E-3 3.47129E-3 4.80327E-3 6.08445E-3 6.26466E-3 3.82094E-3 4.89233E-3 6.72103E-3 7.97042E-3 7.97042E-3 7.00386E-3 4.56828E-3 4.89233E-3 4.09395E-3 2.90212E-3 2.10497E-3
-9999 -9999 -9999 -9999 -9999 -9999 -9999 -9999 -9999 -9999 -9999 -9999 -9999 -9999 -9999 -9999 1.34298E-1 1.50858E-1 1.65555E-1 1.72057E-1 1.4955E-1 2.09585E-1 2.60152E-1 2.54926E-1 3.43763E-1 3.46373E-1 3.80818E-1 3.89042E-1 2.49451E-1 4.04921E-2 5.12988E-2 3.75495E-2 1.13597E-2 9.6024E-3 2.88373E-3 2.30149E-4 1.84545E-4 1.7232E-4 8.56883E-4 1.12978E-3 8.19506E-4 8.41616E-4 1.19003E-3 1.25072E-3 1.57373E-3 3.01629E-3 3.09895E-3 3.05508E-3 2.77723E-3 1.95276E-3 1.16863E-3 7.10402E-4 3.6432E-4 6.54996E-4 1.67662E-3 3.31439E-3 4.71453E-3 6.08445E-3 6.57455E-3 4.89471E-3 5.56799E-3 4.95515E-3 5.80225E-3 5.37765E-3 7.0376E-3 7.11113E-3 6.76521E-3 5.1479E-3 4.64609E-3 3.35502E-3
-9999 -9999 -9999 -9999 -9999 -9999 -9999 -9999 -9999 -9999 -9999 -9999 -9999 -9999 -9999 -9999 -9999 -9999 1.52958E-1 1.77621E-1 2.04126E-1 2.32214E-1 2.65023E-1 3.09429E-1 3.43153E-1 3.80766E-1 3.88339E-1 3.90957E-1 3.35149E-1 3.3071E-1 2.13255E-1 5.80117E-2 3.27404E-3 6.18464E-4 1.75296E-3 2.22545E-4 1.34806E-4 4.31898E-4 9.78698E-4 4.8328E-4 9.283E-4 1.45689E-3 1.74146E-3 2.46851E-3 3.61442E-3 2.85517E-3 3.14718E-3 3.40826E-3 3.45309E-3 3.23163E-3 2.72192E-3 2.18546E-3 1.42629E-3 9.72312E-4 1.12534E-3 2.80916E-3 4.54726E-3 5.51448E-3 6.15784E-3 6.32854E-3 6.00792E-3 5.11832E-3 3.69696E-3 1.37178E-3 3.82804E-3 6.60731E-3 4.80832E-3 3.88763E-3 3.94535E-3 3.91901E-3
-9999 -9999 -9999 -9999 -9999 -9999 -9999 -9999 -9999 -9999 -9999 -9999 -9999 -9999 -9999 -9999 -9999 -9999 -9999 -9999 1.8241E-1 2.09625E-1 2.45703E-1 2.804E-1 3.23871E-1 3.63348E-1 3.99289E-1 4.28089E-1 4.30954E-1 4.54161E-1 4.69524E-1 3.39749E-1 1.50102E-1 9.76371E-2 2.28718E-2 4.6054E-3 1.94901E-4 5.25632E-4 3.86992E-4 6.57695E-4 1.57209E-3 1.70781E-3 2.37244E-3 3.02696E-3 3.15575E-3 3.10244E-3 2.42806E-3 2.45322E-3 3.20281E-3 3.50021E-3 3.53341E-3 3.35148E-3 2.95564E-3 2.41848E-3 2.06427E-3 2.83257E-3 3.00254E-3 3.64528E-3 4.81098E-3 5.66537E-3 5.04237E-3 3.13061E-3 1.34845E-3 6.11933E-4 2.02765E-3 5.11832E-3 2.95884E-3 4.33288E-3 5.1479E-3 4.55622E-3
-9999 -9999 -9999 -9999 -9999 -9999 -9999 -9999 -9999 -9999 -9999 -9999 -9999 -9999 -9999 -9999 -9999 -9999 -9999 -9999 -9999 1.82478E-1 2.15901E-1 2.48613E-1 2.83675E-1 3.30696E-1 3.71183E-1 4.04963E-1 4.40388E-1 4.73382E-1 5.03328E-1 4.88241E-1 3.26661E-1 2.48642E-1 2.18229E-1 6.01018E-3 1.65671E-3 6.48622E-4 3.53753E-4 1.63907E-3 1.6315E-3 2.087E-3 6.95839E-4 1.99708E-3 3.29767E-3 2.85982E-3 2.65848E-3 2.68812E-3 3.30108E-3 3.15322E-3 3.39884E-3 3.79544E-3 3.75352E-3 3.4023E-3 2.14102E-3 1.63087E-3 1.52567E-3 8.44067E-4 2.34774E-3 4.89233E-3 5.04237E-3 3.76935E-3 2.15404E-3 1.14912E-3 1.67659E-3 5.35964E-3 6.34665E-3 5.48712E-3 2.36507E-3 2.48809E-3
-9999 -9999 -9999 -9999 -9999 -9999 -9999 -9999 -9999 -9999 -9999 -9999 -9999 -9999 -9999 -9999 -9999 -9999 -9999 -9999 -9999 -9999 1.82601E-1 2.11347E-1 2.50786E-1 2.85778E-1 3.24366E-1 3.63186E-1 4.04682E-1 4.52976E-1 5.04502E-1 5.19049E-1 4.66707E-1 4.03611E-1 2.35203E-1 2.39196E-2 7.72381E-3 7.73574E-4 2.15402E-3 3.26752E-3 1.75311E-3 1.97563E-3 1.07603E-3 1.16453E-3 1.10739E-3 2.30136E-3 2.06091E-3 2.56032E-3 1.93884E-3 3.14082E-3 3.79456E-3 3.88814E-3 4.3148E-3 3.85263E-3 2.3245E-3 9.55913E-4 9.10648E-4 1.12534E-3 1.70505E-3 3.82094E-3 4.56392E-3 4.33061E-3 3.01313E-3 8.23737E-4 7.26879E-4 3.68221E-3 6.88362E-3 6.30123E-3 2.76192E-3 2.06427E-3
-9999 -9999 -9999 -9999 -9999 -9999 -9999 -9999 -9999 -9999 -9999 -9999 -9999 -9999 -9999 -9999 -9999 -9999 -9999 -9999 -9999 -9999 1.54451E-1 1.78414E-1 2.11831E-1 2.39078E-1 2.74606E-1 3.18971E-1 3.63395E-1 4.10389E-1 4.82381E-1 5.40304E-1 5.18342E-1 4.21606E-1 3.03087E-1 2.1508E-1 5.2213E-2 6.33378E-3 6.30221E-4 8.01555E-3 1.86213E-3 6.79297E-4 1.11076E-3 1.05123E-3 8.49942E-4 1.10833E-3 1.93785E-3 1.81506E-3 1.22842E-3 3.42992E-3 4.49345E-3 4.73759E-3 4.48009E-3 3.89963E-3 2.56273E-3 1.2935E-3 6.13282E-4 5.68772E-4 7.39986E-4 2.22503E-3 3.61891E-3 3.83603E-3 3.7037E-3 2.88687E-3 1.51939E-3 2.45147E-3 6.49238E-3 6.92197E-3 4.72187E-3 3.21262E-3
-9999 -9999 -9999 -9999 -9999 -9999 -9999 -9999 -9999 -9999 -9999 -9999 -9999 -9999 -9999 -9999 -9999 -9999 -9999 -9999 -9999 -9999 -9999 1.48495E-1 1.72442E-1 2.00232E-1 2.31691E-1 2.60662E-1 3.08469E-1 3.62672E-1 4.2548E-1 5.01379E-1 5.24202E-1 4.16668E-1 3.22607E-1 1.86964E-1 6.12158E-2 2.34838E-2 1.50649E-2 8.16085E-3 6.66759E-3 1.25988E-3 3.26753E-4 1.16442E-3 1.01241E-3 5.00576E-4 6.35343E-4 1.67056E-3 1.71393E-3 1.9946E-3 2.73784E-3 4.16663E-3 4.03255E-3 3.99909E-3 3.18012E-3 2.29614E-3 1.3356E-3 6.60978E-4 2.15037E-4 5.77876E-4 1.07232E-3 2.18752E-3 3.09457E-3 3.82804E-3 3.20331E-3 3.5356E-3 5.96665E-3 7.24992E-3 6.39032E-3 3.43555E-3
-9999 -9999 -9999 -9999 -9999 -9999 -9999 -9999 -9999 -9999 -9999 -9999 -9999 -9999 -9999 -9999 -9999 -9999 -9999 -9999 -9999 -9999 -9999 1.25151E-1 1.4389E-1 1.61006E-1 1.84347E-1 2.05412E-1 2.48345E-1 2.99962E-1 3.68753E-1 4.25802E-1 4.70337E-1 4.479E-1 3.45948E-1 2.5356E-1 7.55828E-3 3.32111E-2 8.73865E-2 4.00202E-2 2.65163E-2 5.68837E-3 5.79536E-3 2.59694E-3 9.07283E-4 7.44538E-4 3.71264E-4 7.79565E-4 1.52361E-3 1.39575E-3 2.02375E-3 3.76604E-3 3.55679E-3 4.03804E-3 4.38024E-3 3.79544E-3 2.81149E-3 1.98449E-3 5.73052E-4 2.87759E-4 1.19923E-4 8.28112E-4 2.47059E-3 3.50711E-3 3.35502E-3 2.26289E-3 3.10791E-3 6.8034E-3 7.35541E-3 5.69773E-3
-9999 -9999 -9999 -9999 -9999 -9999 -9999 -9999 -9999 -9999 -9999 -9999 -9999 -9999 -9999 -9999 -9999 -9999 -9999 -9999 -9999 -9999 9.13661E-2 1.04234E-1 1.19633E-1 1.334E-1 1.46676E-1 1.57463E-1 1.90755E-1 2.44035E-1 3.07741E-1 3.65039E-1 4.02807E-1 4.25627E-1 3.99562E-1 2.99976E-1 8.94863E-2 2.93931E-3 8.69498E-3 2.51383E-2 1.40792E-2 2.2792E-3 3.76418E-3 1.32447E-3 6.1382E-4 8.4706E-4 3.51896E-4 6.28159E-4 1.01256E-3 1.08371E-3 1.3526E-3 2.41729E-3 3.30037E-3 3.67446E-3 3.40428E-3 4.71955E-3 4.158E-3 3.51833E-3 2.37112E-3 1.15716E-3 7.8238E-4 4.90979E-4 1.21957E-3 2.9023E-3 3.0802E-3 3.35123E-3 2.69084E-3 4.8186E-3 7.08799E-3 7.2163E-3
-9999 -9999 -9999 -9999 -9999 -9999 -9999 -9999 -9999 -9999 -9999 -9999 -9999 -9999 -9999 -9999 -9999 -9999 -9999 -9999 -9999 -9999 7.76635E-2 9.35607E-2 1.04147E-1 1.12895E-1 1.27488E-1 1.34449E-1 1.58508E-1 2.13758E-1 2.61428E-1 3.13907E-1 3.57192E-1 3.81322E-1 3.8826E-1 2.8602E-1 7.50616E-2 2.46715E-2 3.63457E-2 1.20989E-2 6.90846E-3 4.64522E-3 2.53879E-3 8.59609E-3 2.82571E-3 2.41239E-3 1.15685E-3 6.04596E-4 5.74569E-4 6.01055E-4 1.45408E-3 1.94859E-3 1.55051E-3 3.80731E-3 5.14915E-3 5.42832E-3 5.44268E-3 5.20945E-3 4.49947E-3 2.52748E-3 1.50678E-3 1.44611E-3 1.50056E-3 2.1531E-3 1.98449E-3 3.43426E-3 3.51604E-3 2.40852E-3 5.21165E-3 5.59306E-3
-9999 -9999 -9999 -9999 -9999 -9999 -9999 -9999 -9999 -9999 -9999 -9999 -9999 -9999 -9999 -9999 -9999 -9999 -9999 -9999 -9999 -9999 6.99255E-2 8.15819E-2 9.46052E-2 1.06505E-1 1.17832E-1 1.30102E-1 1.537E-1 1.90023E-1 2.31864E-1 2.77548E-1 3.14601E-1 3.43277E-1 3.6291E-1 3.24356E-1 1.26373E-1 3.3479E-2 3.23638E-2 8.78278E-2 1.46553E-2 5.79353E-3 4.85312E-3 7.75065E-3 1.25643E-3 2.93991E-3 1.49965E-3 9.80497E-4 1.17081E-3 1.10509E-3 1.13691E-3 1.35857E-3 2.37112E-3 2.7107E-3 5.3793E-3 6.59625E-3 6.62284E-3 6.45032E-3 5.78058E-3 3.89973E-3 1.75856E-3 1.65382E-3 1.60349E-3 2.25495E-3 2.81772E-3 3.326E-3 4.76545E-3 4.95704E-3 6.351E-3 4.9675E-3
-9999 -9999 -9999 -9999 -9999 -9999 -9999 -9999 -9999 -9999 -9999 -9999 -9999 -9999 -9999 -9999 -9999 -9999 -9999 -9999 -9999 -9999 -9999 -9999 8.89595E-2 9.89878E-2 1.0994E-1 1.25842E-1 1.45872E-1 1.74336E-1 2.11449E-1 2.43567E-1 2.79094E-1 3.06654E-1 3.3296E-1 3.32352E-1 2.62367E-1 1.74497E-1 2.16824E-1 1.56938E-1 3.40718E-2 1.07451E-2 4.02524E-3 1.4706E-2 1.08529E-3 8.95543E-4 1.555E-3 1.36035E-3 1.02724E-3 1.4394E-3 1.01881E-3 8.85119E-4 1.80074E-3 2.40196E-3 2.50574E-3 5.10991E-3 7.82126E-3 7.52192E-3 7.25402E-3 5.94483E-3 4.22484E-3 3.25049E-3 2.86309E-3 3.05476E-3 3.45875E-3 3.60298E-3 5.08943E-3 6.2344E-3 5.64361E-3 6.71995E-3
-9999 -9999 -9999 -9999 -9999 -9999 -9999 -9999 -9999 -9999 -9999 -9999 -9999 -9999 -9999 -9999 -9999 -9999 -9999 -9999 -9999 -9999 -9999 -9999 8.6621E-2 9.66171E-2 1.08409E-1 1.24154E-1 1.42806E-1 1.64679E-1 1.9313E-1 2.22761E-1 2.51464E-1 2.75032E-1 3.06786E-1 3.28728E-1 3.25751E-1 2.8516E-1 2.3377E-1 2.01825E-1 1.36858E-1 1.23418E-2 2.43587E-3 7.06765E-3 1.2083E-2 1.78896E-3 7.37773E-4 1.79326E-3 2.34621E-3 1.08801E-3 1.2505E-3 1.10979E-3 3.08231E-4 5.86282E-4 7.99829E-4 1.60802E-3 2.20858E-3 5.43321E-3 7.10864E-3 7.00622E-3 6.48841E-3 5.19928E-3 4.16663E-3 2.42806E-3 1.56427E-3 2.22285E-3 3.85787E-3 5.49781E-3 6.56118E-3 6.41122E-3
-9999 -9999 -9999 -9999 -9999 -9999 -9999 -9999 -9999 -9999 -9999 -9999 -9999 -9999 -9999 -9999 -9999 -9999 -9999 -9999 -9999 -9999 -9999 -9999 8.64376E-2 9.73287E-2 1.06844E-1 1.19673E-1 1.36406E-1 1.54921E-1 1.76047E-1 2.02201E-1 2.29932E-1 2.47506E-1 2.71481E-1 2.98582E-1 3.13927E-1 3.1902E-1 2.56798E-1 2.10291E-1 1.1869E-1 3.47018E-2 1.31357E-2 1.04291E-2 6.92948E-3 8.80949E-3 2.13965E-3 5.3533E-3 4.74717E-3 2.61301E-3 3.5192E-3 1.27009E-3 1.65502E-3 1.61881E-3 2.18942E-3 1.19676E-3 9.00835E-4 2.07408E-3 3.96438E-3 5.9703E-3 7.39299E-3 7.25551E-3 4.34547E-3 1.97117E-3 7.60826E-4 8.10783E-4 2.01688E-3 2.58122E-3 3.48181E-3 6.87919E-3
-9999 -9999 -9999 -9999 -9999 -9999 -9999 -9999 -9999 -9999 -9999 -9999 -9999 -9999 -9999 -9999 -9999 -9999 -9999 -9999 -9999 -9999 -9999 -9999 -9999 9.70363E-2 1.02757E-1 1.12965E-1 1.29101E-1 1.42426E-1 -9999 -9999 2.04037E-1 2.24668E-1 2.45999E-1 2.74644E-1 2.87754E-1 2.91362E-1 2.68531E-1 2.2684E-1 1.41832E-1 5.11407E-2 8.98277E-2 7.92551E-2 5.78975E-2 7.71152E-3 3.63565E-3 8.99918E-4 4.6026E-3 4.94211E-3 1.99888E-3 3.03641E-3 1.63762E-3 1.84235E-3 2.67476E-3 3.08659E-3 1.56049E-3 9.30379E-4 2.48837E-3 4.87486E-3 7.34394E-3 8.64699E-3 7.0173E-3 4.36493E-3 2.53206E-3 1.73824E-3 1.52264E-3 7.49083E-4 1.18643E-3 3.86399E-3
-9999 -9999 -9999 -9999 -9999 -9999 -9999 -9999 -9999 -9999 -9999 -9999 -9999 -9999 -9999 -9999 -9999 -9999 -9999 -9999 -9999 -9999 -9999 -9999 -9999 -9999 9.90958E-2 1.10352E-1 1.22044E-1 1.30542E-1 -9999 1.69256E-1 1.84722E-1 2.00829E-1 2.20861E-1 2.38569E-1 2.54877E-1 2.62215E-1 2.5418E-1 2.30469E-1 1.93552E-1 1.76503E-1 1.40173E-1 1.28531E-1 1.07625E-1 5.88519E-2 1.03289E-2 3.53055E-3 3.83236E-3 1.12269E-2 1.18108E-2 5.49198E-3 2.92064E-3 2.12534E-3 4.53111E-3 6.77392E-3 4.68353E-3 2.17873E-3 1.23903E-3 1.98447E-3 5.68567E-3 1.00077E-2 1.00867E-2 7.88217E-3 5.87306E-3 4.1114E-3 3.38064E-3 1.77894E-3 1.70092E-3 3.91178E-3
-9999 -9999 -9999 -9999 -9999 -9999 -9999 -9999 -9999 -9999 -9999 -9999 -9999 -9999 -9999 -9999 -9999 -9999 -9999 -9999 -9999 -9999 -9999 -9999 -9999 -9999 -9999 1.03998E-1 1.14287E-1 1.22044E-1 -9999 -9999 -9999 1.79905E-1 -9999 -9999 -9999 2.2734E-1 2.27238E-1 2.104E-1 1.9449E-1 1.70611E-1 1.44655E-1 1.01105E-1 1.02227E-1 7.42028E-2 2.4579E-2 1.88493E-2 1.04291E-2 9.3964E-3 2.3241E-2 2.35427E-2 1.33234E-2 8.13102E-3 1.02879E-2 7.80702E-3 4.42427E-3 4.24902E-3 3.18056E-3 1.92629E-3 3.64766E-3 8.0196E-3 1.03222E-2 1.01531E-2 8.9552E-3 7.2278E-3 5.92374E-3 5.21534E-3 4.87227E-3 3.69617E-3
-9999 -9999 -9999 -9999 -9999 -9999 -9999 -9999 -9999 -9999 -9999 -9999 -9999 -9999 -9999 -9999 -9999 -9999 -9999 -9999 -9999 -9999 -9999 -9999 -9999 -9999 -9999 -9999 -9999 -9999 -9999 -9999 -9999 -9999 -9999 -9999 -9999 2.0335E-1 2.01772E-1 2.01121E-1 1.93936E-1 1.74101E-1 1.495E-1 1.0792E-1 1.01222E-1 7.78028E-2 9.51872E-3 1.36448E-2 1.2456E-2 8.31413E-3 2.43565E-2 3.26988E-2 3.02541E-2 2.10919E-2 1.07051E-2 8.81715E-3 1.00831E-2 4.54163E-3 3.55882E-3 3.62746E-3 5.10243E-3 7.83813E-3 1.01816E-2 1.02008E-2 9.23502E-3 8.22886E-3 7.40341E-3 6.33159E-3 6.03975E-3 4.28833E-3
-9999 -9999 -9999 -9999 -9999 -9999 -9999 -9999 -9999 -9999 -9999 -9999 -9999 -9999 -9999 -9999 -9999 -9999 -9999 -9999 -9999 -9999 -9999 -9999 -9999 -9999 -9999 -9999 -9999 -9999 -9999 -9999 -9999 -9999 -9999 -9999 -9999 -9999 1.82697E-1 1.86154E-1 1.83457E-1 1.77543E-1 1.67148E-1 1.51801E-1 1.24994E-1 1.16582E-1 5.70011E-2 7.21158E-3 1.14013E-2 7.32712E-3 1.84213E-2 2.16331E-2 2.52609E-2 3.19627E-2 2.41758E-2 2.4039E-2 2.09024E-2 2.02669E-2 1.86462E-2 1.24046E-2 6.95814E-3 9.57111E-3 1.08015E-2 8.66012E-3 6.49131E-3 7.72614E-3 8.56498E-3 8.84317E-3 7.85439E-3 6.5666E-3
-9999 -9999 -9999 -9999 -9999 -9999 -9999 -9999 -9999 -9999 -9999 -9999 -9999 -9999 -9999 -9999 -9999 -9999 -9999 -9999 -9999 -9999 -9999 -9999 -9999 -9999 -9999 -9999 -9999 -9999 -9999 -9999 -9999 -9999 -9999 -9999 -9999 -9999 -9999 1.68899E-1 1.67417E-1 1.64312E-1 1.62518E-1 1.54183E-1 1.43565E-1 1.12831E-1 1.07997E-1 2.97219E-2 6.03248E-3 2.12093E-2 2.72178E-2 4.44286E-2 3.21657E-2 2.87591E-2 3.09818E-2 3.00411E-2 2.7119E-2 2.04109E-2 1.85315E-2 1.62824E-2 1.74971E-2 6.67263E-3 9.01838E-3 5.28401E-3 6.87418E-3 7.7162E-3 8.21615E-3 9.74999E-3 9.76662E-3 8.68506E-3
