KUENM/Final_Models/M_0.1_F_lq_Set_2_E/sp1_0.asc
ncols         197
nrows         210
xllcorner     56.1666666666667
yllcorner     4.5
cellsize      0.166666666666667
NODATA_value  -9999
[rows 56 to 83 of 210, columns 0 to 64 of 197]
-9999 -9999 -9999 -9999 -9999 -9999 -9999 -9999 -9999 -9999 -9999 4.08197E-2 4.1453E-2 4.03012E-2 3.85893E-2 3.92803E-2 3.85893E-2 3.81965E-2 3.38289E-2 2.85635E-2 2.42241E-2 2.11732E-2 7.51761E-3 2.17159E-3 5.31693E-3 7.03156E-3 4.03125E-3 1.31253E-2 2.60351E-2 2.87793E-2 2.84112E-2 2.84112E-2 2.73124E-2 2.66139E-2 2.52346E-2 2.45423E-2 2.52616E-2 2.59426E-2 2.45423E-2 2.41676E-2 2.41676E-2 2.55195E-2 2.24558E-2 1.84416E-2 1.77814E-2 1.82183E-2 2.04309E-2 2.1738E-2 2.19787E-2 2.74045E-2 3.08138E-2 3.49472E-2 3.9496E-2 4.36519E-2 4.97998E-2 5.38041E-2 6.14932E-2 6.85118E-2 7.33496E-2 7.07943E-2 2.75399E-2 2.19838E-2 1.59963E-2 5.28972E-3 2.12715E-3
-9999 -9999 -9999 -9999 -9999 -9999 -9999 -9999 -9999 -9999 2.06673E-2 3.73942E-2 4.1453E-2 3.99012E-2 3.93408E-2 3.88717E-2 4.04081E-2 3.82807E-2 3.65043E-2 3.40583E-2 3.1085E-2 2.34319E-2 1.22088E-2 6.90288E-3 5.77503E-3 7.93425E-3 3.59072E-3 6.52807E-3 2.14415E-2 2.90793E-2 3.0291E-2 3.02595E-2 2.98716E-2 2.94879E-2 2.86776E-2 2.93601E-2 2.96511E-2 2.95371E-2 2.89794E-2 2.76682E-2 2.55942E-2 2.29902E-2 1.86408E-2 1.57924E-2 1.5497E-2 1.41602E-2 1.4886E-2 1.68344E-2 2.14462E-2 2.67479E-2 3.08138E-2 3.41306E-2 4.1025E-2 4.58148E-2 4.99124E-2 5.76875E-2 6.2857E-2 6.97628E-2 7.20219E-2 5.50807E-2 2.04263E-2 2.29316E-2 1.66135E-2 9.15897E-3 3.77326E-3
-9999 -9999 -9999 -9999 -9999 -9999 -9999 -9999 -9999 1.06114E-3 9.62019E-3 3.43713E-2 3.97017E-2 3.98879E-2 4.04081E-2 4.03729E-2 3.989E-2 3.93893E-2 3.7647E-2 3.52492E-2 3.30461E-2 2.43348E-2 5.71749E-3 5.58128E-3 3.76666E-3 5.13984E-3 6.77093E-3 4.17193E-3 9.66374E-3 2.09375E-2 2.94996E-2 3.18036E-2 3.2051E-2 3.19371E-2 3.03199E-2 3.09848E-2 3.1391E-2 3.00404E-2 2.86776E-2 2.49072E-2 2.20029E-2 1.95041E-2 1.56214E-2 1.0276E-2 1.14405E-2 1.05555E-2 1.17853E-2 1.43798E-2 1.85667E-2 2.35815E-2 2.63887E-2 3.27414E-2 4.12871E-2 4.78453E-2 5.20289E-2 5.8582E-2 6.49821E-2 7.18233E-2 7.1754E-2 5.72675E-2 3.04335E-2 2.46736E-2 6.76219E-3 6.45673E-3 2.161E-3
-9999 -9999 -9999 -9999 -9999 -9999 -9999 -9999 1.37329E-3 1.24321E-3 6.66699E-3 2.17387E-2 2.98279E-2 3.72356E-2 3.86954E-2 3.87779E-2 3.93408E-2 3.88717E-2 3.87779E-2 3.69758E-2 3.65281E-2 3.22912E-2 7.75115E-3 2.07416E-3 2.64218E-3 3.29263E-3 3.04664E-3 4.01295E-3 6.79777E-3 4.89796E-3 1.397E-2 2.8647E-2 3.21432E-2 3.24662E-2 3.05999E-2 2.98185E-2 2.83613E-2 2.83613E-2 2.41676E-2 2.23997E-2 1.96753E-2 1.68943E-2 1.20148E-2 7.58199E-3 7.67681E-3 7.64722E-3 9.03934E-3 9.87524E-3 1.00765E-2 1.09491E-2 1.70596E-2 3.12528E-2 4.35831E-2 4.81432E-2 5.42389E-2 6.0187E-2 6.50924E-2 6.95053E-2 7.10706E-2 6.88043E-2 3.93935E-2 1.7567E-2 4.71755E-3 2.84165E-3 8.80941E-4
-9999 -9999 -9999 -9999 -9999 -9999 -9999 1.65507E-4 8.43953E-4 2.20737E-3 4.5129E-3 5.98407E-3 1.34403E-2 2.90793E-2 3.40583E-2 3.60377E-2 3.73367E-2 3.87779E-2 3.98879E-2 3.97881E-2 3.94566E-2 3.89238E-2 1.72545E-2 3.6835E-3 4.25779E-3 3.59818E-3 1.45674E-3 3.55613E-3 6.73574E-3 7.02125E-3 4.89796E-3 1.16409E-2 2.8647E-2 3.0291E-2 2.72756E-2 2.58523E-2 2.51902E-2 2.51902E-2 1.94218E-2 1.83479E-2 1.85872E-2 1.62589E-2 1.21684E-2 6.36853E-3 5.94698E-3 5.01757E-3 5.64904E-3 5.92695E-3 6.82688E-3 1.36327E-2 2.4806E-2 3.93293E-2 4.37179E-2 4.82438E-2 5.4331E-2 5.88553E-2 6.36036E-2 6.72465E-2 6.95395E-2 5.24405E-2 1.92855E-2 6.27576E-3 5.20798E-3 1.3069E-3 1.16852E-3
-9999 -9999 -9999 -9999 -9999 -9999 3.73837E-5 2.02376E-4 1.33128E-4 7.36361E-4 5.6743E-3 1.05678E-2 1.07787E-2 2.45318E-2 2.90133E-2 3.40583E-2 3.69758E-2 3.90876E-2 3.98502E-2 4.08197E-2 3.98017E-2 3.86478E-2 3.01677E-2 1.06498E-2 7.54487E-3 6.51144E-3 2.76829E-3 3.05896E-3 2.67325E-3 6.5767E-3 1.34403E-2 6.55631E-3 1.94326E-2 2.58106E-2 2.42534E-2 2.23145E-2 2.24558E-2 1.90737E-2 1.28605E-2 9.19013E-3 1.58401E-2 1.94218E-2 1.6252E-2 1.16864E-2 1.33827E-2 9.6793E-3 1.00242E-2 1.06751E-2 1.52839E-2 2.24711E-2 3.16519E-2 3.84E-2 4.32033E-2 4.82438E-2 5.18563E-2 5.75317E-2 6.14903E-2 6.36582E-2 5.86361E-2 2.52174E-2 1.35767E-2 3.51245E-3 1.86233E-3 9.26036E-4 8.06206E-4
-9999 -9999 -9999 -9999 -9999 -9999 2.37497E-4 1.0237E-4 4.05681E-5 1.10149E-3 1.61999E-3 9.3339E-3 1.68344E-2 2.39197E-2 2.93834E-2 3.30923E-2 3.5701E-2 3.88003E-2 4.08197E-2 4.11335E-2 4.01791E-2 4.29331E-2 3.33949E-2 5.31296E-3 9.67496E-3 8.53061E-3 5.58025E-3 2.96218E-3 1.68783E-3 4.82354E-3 2.03782E-2 2.06673E-2 2.22631E-2 2.42241E-2 2.45644E-2 2.36414E-2 2.30422E-2 1.9126E-2 1.75435E-2 9.20628E-3 1.52253E-2 2.58523E-2 2.39003E-2 2.17092E-2 2.05975E-2 1.79904E-2 1.86433E-2 2.01282E-2 2.14462E-2 2.55009E-2 3.1271E-2 3.73161E-2 4.25657E-2 4.71894E-2 5.12726E-2 5.49592E-2 5.24243E-2 4.99655E-2 4.08239E-2 2.13918E-2 3.30959E-3 2.9233E-3 1.03275E-3 2.01715E-4 7.40931E-4
-9999 -9999 -9999 -9999 -9999 5.95273E-3 5.76524E-3 6.40381E-3 5.06362E-3 1.07335E-2 6.87323E-4 1.02584E-3 1.08208E-2 2.43348E-2 3.2232E-2 3.30923E-2 3.73942E-2 4.0633E-2 4.17783E-2 4.167E-2 4.0827E-2 4.30322E-2 4.09892E-2 1.51682E-2 9.22434E-3 1.05678E-2 5.99603E-3 2.2748E-3 1.97318E-3 6.00074E-3 1.46015E-2 2.48544E-2 3.17688E-2 2.96666E-2 3.1085E-2 3.10476E-2 3.13981E-2 2.94879E-2 2.83613E-2 2.73094E-2 3.00404E-2 3.07177E-2 3.05999E-2 2.8026E-2 2.67099E-2 2.51961E-2 2.61189E-2 2.53556E-2 2.63139E-2 2.91877E-2 3.2902E-2 3.74883E-2 3.89283E-2 3.43094E-2 3.63522E-2 3.98171E-2 5.16053E-2 5.25077E-2 2.71511E-2 8.22727E-3 2.53777E-3 1.99066E-3 4.30693E-4 8.91871E-5 2.03254E-3
-9999 -9999 -9999 -9999 8.50248E-4 3.60573E-3 5.95273E-3 8.01642E-3 3.12311E-2 3.5807E-2 4.9546E-3 1.53715E-4 1.24171E-3 1.37958E-2 2.67769E-2 3.39332E-2 3.88355E-2 4.27284E-2 4.27244E-2 4.402E-2 4.33086E-2 4.40981E-2 4.13099E-2 2.17857E-2 8.39018E-3 1.10787E-2 6.51395E-3 2.35399E-3 8.23298E-4 2.46824E-3 6.36489E-3 1.3628E-2 2.82074E-2 3.43909E-2 3.38964E-2 3.58123E-2 3.60638E-2 3.51496E-2 3.4393E-2 3.42266E-2 3.47877E-2 3.45454E-2 3.53731E-2 3.3625E-2 3.26276E-2 3.22912E-2 3.13726E-2 3.00106E-2 2.77894E-2 2.73641E-2 2.80741E-2 2.4736E-2 1.7071E-2 2.00623E-2 3.22647E-2 5.18042E-2 5.68378E-2 5.45822E-2 1.89668E-2 4.3644E-3 3.18297E-3 2.12076E-3 3.33679E-4 1.23104E-3 1.56458E-3
-9999 -9999 -9999 -9999 5.43637E-4 2.51217E-3 6.21009E-3 9.2317E-3 3.31393E-2 4.80335E-2 3.3213E-2 7.42187E-3 2.35315E-4 4.34153E-3 1.76011E-2 3.09558E-2 3.92424E-2 4.41155E-2 4.45717E-2 4.52205E-2 4.49454E-2 4.45098E-2 4.23996E-2 3.17718E-2 1.0131E-2 1.42708E-2 1.0445E-2 6.59011E-3 2.18514E-3 2.8228E-4 3.58634E-3 1.16146E-2 2.5787E-2 3.83619E-2 3.80312E-2 3.81629E-2 3.98017E-2 3.84599E-2 3.88367E-2 3.78444E-2 3.83817E-2 3.88717E-2 3.85893E-2 3.83073E-2 3.69974E-2 3.70847E-2 3.39332E-2 2.45498E-2 1.71226E-2 1.71859E-2 2.38659E-2 2.77198E-2 3.05235E-2 4.47615E-2 5.53536E-2 5.66534E-2 6.00056E-2 4.79226E-2 1.37376E-2 5.39197E-3 5.6236E-3 9.15359E-4 3.39668E-4 5.42295E-3 5.48705E-3
-9999 -9999 -9999 1.26921E-2 8.34276E-3 5.42295E-3 1.45027E-2 3.19231E-2 4.27556E-2 5.22516E-2 4.70205E-2 3.75651E-2 1.52529E-2 3.80538E-3 9.74594E-3 2.6115E-2 3.83169E-2 4.32995E-2 4.31954E-2 4.32995E-2 4.48032E-2 4.39608E-2 3.84E-2 3.94907E-2 2.2883E-2 1.78803E-2 1.66783E-2 1.3227E-2 8.58816E-3 8.4887E-3 1.12638E-2 1.68272E-2 8.19595E-3 2.61041E-2 3.97321E-2 4.19706E-2 4.32656E-2 4.19421E-2 4.08853E-2 4.14609E-2 4.1962E-2 4.19956E-2 4.1453E-2 4.08197E-2 4.09911E-2 4.01791E-2 3.61529E-2 2.96373E-2 3.34574E-2 3.685E-2 4.03855E-2 4.39468E-2 4.97879E-2 5.20486E-2 5.4559E-2 5.84993E-2 6.0202E-2 3.8218E-2 8.58624E-3 8.60444E-3 6.75063E-3 2.05304E-3 1.2531E-2 1.52333E-2 1.45285E-2
-9999 -9999 -9999 2.01281E-2 5.87384E-3 2.06691E-2 4.16006E-2 5.41381E-2 5.55478E-2 5.71529E-2 5.26675E-2 4.77491E-2 4.07566E-2 3.23168E-2 2.9403E-2 2.65529E-2 3.3728E-2 3.60274E-2 3.48353E-2 3.63844E-2 4.38989E-2 4.00807E-2 2.906E-2 3.50313E-2 3.65202E-2 1.93782E-2 1.5881E-2 1.80904E-2 1.66783E-2 1.51594E-2 1.74661E-2 2.15699E-2 5.82955E-3 1.13976E-2 2.52003E-2 3.56045E-2 4.19657E-2 4.52464E-2 4.47234E-2 4.46656E-2 4.41016E-2 4.41597E-2 4.36386E-2 4.29482E-2 4.32656E-2 4.36561E-2 4.43566E-2 4.38488E-2 4.43186E-2 4.5057E-2 4.61674E-2 5.02257E-2 5.08276E-2 5.39227E-2 5.53536E-2 5.7497E-2 4.97998E-2 2.99165E-2 1.19745E-2 1.24925E-2 6.65929E-3 9.04983E-3 1.48104E-2 9.95157E-3 2.28424E-2
-9999 -9999 -9999 1.96782E-2 1.7908E-2 4.96943E-2 6.43817E-2 5.30977E-2 4.76159E-2 5.74237E-2 6.07857E-2 5.74884E-2 5.3883E-2 5.22516E-2 5.06363E-2 4.55443E-2 2.81474E-2 3.00987E-2 3.19888E-2 2.1966E-2 3.81377E-2 3.78258E-2 1.39421E-2 1.04234E-2 3.55239E-2 1.33265E-2 1.58406E-2 2.02669E-2 2.32698E-2 2.16185E-2 2.11205E-2 2.24693E-2 1.15387E-2 3.36022E-3 1.60981E-2 2.14284E-2 3.5717E-2 4.62603E-2 4.64499E-2 4.69806E-2 4.6393E-2 4.5293E-2 4.58986E-2 4.63934E-2 4.60554E-2 4.58873E-2 4.54695E-2 4.57812E-2 4.68848E-2 4.71076E-2 4.88468E-2 5.08276E-2 5.32923E-2 5.29436E-2 5.36972E-2 5.18342E-2 2.83556E-2 2.17358E-2 9.71839E-3 1.33018E-2 1.22643E-2 1.74065E-2 2.41022E-2 3.64253E-2 3.67634E-2
-9999 -9999 3.21957E-2 5.51165E-2 6.07028E-2 7.26036E-2 7.38843E-2 6.65057E-2 6.36036E-2 6.53184E-2 6.50113E-2 6.36288E-2 6.28881E-2 6.06026E-2 5.9052E-2 5.79904E-2 5.41439E-2 5.00778E-2 5.06773E-2 5.06653E-2 4.40161E-2 4.06399E-2 3.01604E-2 2.88492E-2 4.89599E-2 2.62976E-2 1.95854E-2 2.59984E-2 2.46547E-2 2.46547E-2 1.895E-2 1.93929E-2 2.0503E-2 1.31063E-2 1.28079E-2 8.99551E-3 2.16911E-2 3.74883E-2 4.85909E-2 5.00796E-2 5.0709E-2 4.88596E-2 5.0709E-2 4.93631E-2 4.85414E-2 4.74142E-2 4.66046E-2 4.80801E-2 5.01538E-2 4.92134E-2 5.12441E-2 5.26675E-2 5.34472E-2 5.30777E-2 4.7966E-2 2.94413E-2 1.54474E-2 2.13918E-2 1.30826E-2 1.33018E-2 1.3919E-2 1.87699E-2 2.73988E-2 1.34455E-2 5.48348E-2
-9999 -9999 7.59824E-2 7.12148E-2 7.69466E-2 8.50394E-2 8.2032E-2 7.44481E-2 6.09233E-2 6.43817E-2 7.0278E-2 6.91455E-2 6.75743E-2 6.52172E-2 6.43801E-2 6.42655E-2 6.28777E-2 6.29552E-2 6.29614E-2 6.12461E-2 5.43032E-2 5.62309E-2 5.68772E-2 6.19465E-2 6.53184E-2 5.18342E-2 4.29301E-2 3.93676E-2 3.63443E-2 2.75216E-2 1.52802E-2 2.52267E-2 2.3169E-2 2.46547E-2 2.30959E-2 6.94071E-3 1.89506E-2 2.94435E-2 4.50266E-2 5.07565E-2 5.06232E-2 5.17415E-2 5.18463E-2 5.04925E-2 4.89877E-2 5.00108E-2 4.95414E-2 5.04696E-2 5.07608E-2 5.10192E-2 5.31019E-2 5.11978E-2 4.81432E-2 4.28132E-2 2.64814E-2 1.24511E-2 1.4192E-2 1.90358E-2 1.83169E-2 2.77329E-2 3.35242E-2 2.59278E-2 3.8985E-2 5.92845E-2 6.01421E-2
-9999 -9999 1.0102E-1 9.41815E-2 9.82726E-2 9.01628E-2 8.32478E-2 8.33092E-2 7.72795E-2 6.94698E-2 7.56674E-2 7.40676E-2 7.15529E-2 7.14834E-2 6.89397E-2 6.79895E-2 6.77958E-2 6.7007E-2 6.7007E-2 6.95893E-2 6.99271E-2 6.99568E-2 7.23249E-2 7.48212E-2 7.48882E-2 7.01995E-2 6.50426E-2 5.71276E-2 4.95953E-2 3.75608E-2 2.17042E-2 1.8419E-2 3.45519E-2 3.42402E-2 2.65995E-2 2.59984E-2 1.87164E-2 3.08075E-2 4.20121E-2 4.94766E-2 5.03838E-2 5.08276E-2 4.98097E-2 5.13736E-2 5.10814E-2 5.13736E-2 5.10192E-2 5.00342E-2 4.93238E-2 4.3072E-2 3.93374E-2 3.9496E-2 2.62976E-2 1.59801E-2 1.44639E-2 1.15053E-2 1.64544E-2 2.5305E-2 2.73561E-2 2.36278E-2 3.8593E-2 2.09539E-2 3.07038E-2 5.73487E-2 3.97292E-2
-9999 1.17484E-1 1.12859E-1 1.07401E-1 1.05615E-1 1.04711E-1 1.00208E-1 8.73941E-2 9.03614E-2 7.8892E-2 8.26926E-2 7.74839E-2 7.57414E-2 7.39778E-2 7.38673E-2 7.13715E-2 7.10216E-2 7.10216E-2 7.24381E-2 7.21567E-2 7.38368E-2 7.55461E-2 7.72848E-2 8.11452E-2 8.0488E-2 8.19071E-2 7.20361E-2 7.80345E-2 7.06756E-2 3.77964E-2 2.71313E-2 1.80614E-2 3.56222E-2 4.21047E-2 3.89284E-2 2.98469E-2 3.67614E-2 2.73963E-2 2.67765E-2 4.08921E-2 4.35082E-2 4.3005E-2 4.39311E-2 4.65766E-2 4.95028E-2 4.72196E-2 4.43459E-2 4.24093E-2 3.9148E-2 3.50874E-2 2.3169E-2 1.58916E-2 1.64359E-2 1.94769E-2 1.35863E-2 1.76473E-2 1.43417E-2 2.649E-2 2.36851E-2 2.91533E-2 3.62662E-2 2.86122E-2 1.74302E-2 5.63876E-2 7.08208E-2
-9999 1.2018E-1 1.15447E-1 1.11923E-1 1.07388E-1 1.10075E-1 1.05884E-1 1.0035E-1 9.07339E-2 8.16019E-2 7.66167E-2 7.98558E-2 7.98757E-2 7.92211E-2 7.74041E-2 7.55671E-2 7.45597E-2 7.4362E-2 7.41209E-2 7.58329E-2 7.72848E-2 7.87158E-2 8.05103E-2 8.32582E-2 8.75856E-2 8.75856E-2 9.1277E-2 9.1277E-2 8.54456E-2 6.41529E-2 3.68839E-2 3.60843E-2 2.45511E-2 3.72427E-2 4.40174E-2 4.64466E-2 4.07233E-2 4.58255E-2 3.61459E-2 2.89955E-2 2.32475E-2 2.2231E-2 3.26374E-2 4.69076E-2 4.04225E-2 3.59127E-2 3.67048E-2 3.23272E-2 2.49394E-2 1.96109E-2 2.17337E-2 2.37764E-2 2.17042E-2 1.82623E-2 2.42833E-2 2.23089E-2 1.49786E-2 2.7065E-2 3.9111E-2 4.81392E-2 3.36842E-2 3.14675E-2 2.53989E-2 4.63697E-2 7.66482E-2
-9999 1.28712E-1 1.21374E-1 1.15408E-1 1.13077E-1 1.07401E-1 1.11467E-1 1.06201E-1 9.34323E-2 5.31484E-2 6.01053E-2 7.17592E-2 7.57418E-2 7.94007E-2 8.14715E-2 7.91229E-2 7.92211E-2 7.90537E-2 7.71422E-2 7.8701E-2 8.0488E-2 8.23046E-2 8.43517E-2 8.62283E-2 8.79337E-2 9.1277E-2 9.49326E-2 9.18371E-2 8.0053E-2 4.96943E-2 3.9587E-2 3.39575E-2 4.12711E-2 4.33845E-2 4.49949E-2 4.80992E-2 5.0646E-2 5.14872E-2 5.12868E-2 5.2785E-2 5.18603E-2 5.19226E-2 5.40012E-2 5.29171E-2 4.9702E-2 4.24786E-2 3.42908E-2 2.94771E-2 2.9006E-2 2.88492E-2 2.56004E-2 2.09485E-2 2.40429E-2 3.39541E-2 3.56896E-2 2.68294E-2 3.9587E-2 1.87082E-2 5.70979E-2 3.92427E-2 3.62662E-2 4.56394E-2 4.49349E-2 5.64716E-2 7.1096E-2
-9999 1.33811E-1 -9999 -9999 1.14138E-1 1.11923E-1 1.09225E-1 1.09982E-1 9.41815E-2 3.8176E-2 2.97933E-2 4.71992E-2 4.70753E-2 6.63774E-2 7.07153E-2 7.56323E-2 7.8134E-2 8.03562E-2 8.05823E-2 7.85379E-2 8.1148E-2 8.14715E-2 8.36482E-2 8.36482E-2 8.63955E-2 8.35495E-2 7.73842E-2 6.90213E-2 5.58402E-2 3.80096E-2 3.9531E-2 3.65229E-2 3.40182E-2 3.65229E-2 4.13303E-2 4.51635E-2 4.35631E-2 4.51635E-2 4.69994E-2 4.33845E-2 4.34769E-2 4.99655E-2 5.22006E-2 5.36199E-2 5.40012E-2 5.06693E-2 4.52935E-2 3.84805E-2 3.00154E-2 2.76206E-2 2.51266E-2 2.97711E-2 3.17056E-2 3.14639E-2 3.66616E-2 4.74217E-2 2.60357E-2 5.77048E-2 4.81392E-2 5.3276E-2 3.66171E-2 5.45223E-2 5.99947E-2 6.305E-2 7.43142E-2
-9999 1.34934E-1 -9999 -9999 -9999 1.17785E-1 1.19436E-1 1.13378E-1 8.89118E-2 2.86335E-2 4.68336E-2 4.72782E-2 3.92404E-2 4.93875E-2 4.96971E-2 5.89326E-2 7.10061E-2 7.64527E-2 7.40924E-2 6.3911E-2 7.02587E-2 7.58114E-2 7.48839E-2 7.22377E-2 7.1263E-2 5.77048E-2 4.19686E-2 3.73109E-2 4.03812E-2 5.29512E-2 6.12237E-2 5.89326E-2 5.77076E-2 5.70666E-2 6.1993E-2 7.29609E-2 6.07028E-2 4.64385E-2 4.7802E-2 5.47391E-2 5.58402E-2 5.24117E-2 5.33721E-2 5.39685E-2 5.66996E-2 5.33762E-2 4.84916E-2 4.30617E-2 3.56222E-2 2.95302E-2 2.68572E-2 2.89836E-2 3.58717E-2 3.9587E-2 3.4697E-2 5.80457E-2 6.23659E-2 7.7957E-2 4.05915E-2 6.53572E-2 4.98949E-2 8.62289E-2 5.40907E-2 7.27103E-2 9.20498E-2
-9999 -9999 -9999 -9999 -9999 1.22606E-1 1.20633E-1 1.15863E-1 1.00049E-1 4.19009E-2 6.65291E-2 6.31249E-2 7.1393E-2 7.0982E-2 6.72614E-2 6.83317E-2 6.80892E-2 6.85118E-2 5.77076E-2 5.71047E-2 7.10061E-2 6.43714E-2 4.98698E-2 4.91628E-2 3.74171E-2 3.58888E-2 5.5298E-2 7.03549E-2 5.83152E-2 5.0397E-2 6.80892E-2 5.70666E-2 5.58094E-2 6.85218E-2 7.56544E-2 8.10343E-2 9.69973E-2 9.34323E-2 8.94132E-2 7.98732E-2 7.07032E-2 6.4594E-2 6.22547E-2 6.05749E-2 5.83241E-2 5.61235E-2 5.05215E-2 4.16006E-2 3.66717E-2 3.8495E-2 3.8495E-2 3.83167E-2 4.48212E-2 5.57382E-2 7.09866E-2 7.73936E-2 8.16256E-2 9.29919E-2 9.03524E-2 8.96597E-2 1.05119E-1 1.26924E-1 9.2591E-2 8.44883E-2 1.09733E-1
-9999 1.62525E-1 1.5348E-1 -9999 -9999 1.20165E-1 1.18889E-1 1.19311E-1 9.38165E-2 7.06075E-2 8.58191E-2 8.44122E-2 6.45531E-2 7.76296E-2 8.48761E-2 8.15101E-2 8.46866E-2 8.37877E-2 8.06511E-2 8.11674E-2 8.2037E-2 7.72951E-2 7.37837E-2 7.63411E-2 6.96202E-2 6.80892E-2 6.85118E-2 7.97612E-2 7.22027E-2 7.37247E-2 9.08652E-2 8.59672E-2 9.14486E-2 9.86146E-2 9.71156E-2 1.02652E-1 1.12932E-1 9.03524E-2 8.55286E-2 9.39484E-2 9.10991E-2 8.92332E-2 8.59447E-2 7.81127E-2 7.419E-2 6.87745E-2 6.56981E-2 6.05691E-2 5.9258E-2 5.17675E-2 4.06535E-2 3.76051E-2 6.18935E-2 7.65598E-2 8.29132E-2 8.87013E-2 9.81271E-2 1.08915E-1 1.10713E-1 1.00926E-1 1.36291E-1 1.45644E-1 1.06651E-1 8.6516E-2 1.37592E-1
1.73457E-1 1.68199E-1 1.56586E-1 -9999 -9999 1.20165E-1 1.18889E-1 1.18422E-1 9.66683E-2 1.0238E-1 9.61451E-2 9.43991E-2 8.55286E-2 9.05732E-2 8.98169E-2 8.65047E-2 8.69567E-2 8.93279E-2 8.84309E-2 8.74213E-2 8.83709E-2 8.74213E-2 8.46866E-2 8.46866E-2 8.55922E-2 8.22331E-2 8.53379E-2 8.93539E-2 8.92332E-2 9.4622E-2 9.76016E-2 1.04569E-1 1.07978E-1 1.14515E-1 1.20495E-1 1.2409E-1 1.2379E-1 1.16602E-1 1.08017E-1 1.06943E-1 1.0633E-1 1.03344E-1 9.66743E-2 9.19508E-2 8.42801E-2 7.56323E-2 7.18197E-2 6.71477E-2 5.89034E-2 5.24117E-2 6.25761E-2 7.18453E-2 7.34132E-2 7.47492E-2 9.05732E-2 9.56039E-2 1.05255E-1 1.16967E-1 1.18546E-1 1.27348E-1 1.49654E-1 1.62996E-1 1.48669E-1 1.03729E-1 1.3567E-1
1.50856E-1 1.63993E-1 -9999 -9999 -9999 -9999 1.16361E-1 1.14723E-1 1.10193E-1 1.04614E-1 1.02467E-1 9.43991E-2 8.85433E-2 9.03406E-2 9.3683E-2 8.97812E-2 9.1264E-2 8.82848E-2 8.82848E-2 8.74745E-2 8.82848E-2 8.83836E-2 8.84309E-2 8.84267E-2 8.82638E-2 9.00135E-2 9.21235E-2 8.71533E-2 9.2215E-2 9.6015E-2 9.70162E-2 1.0467E-1 1.08831E-1 1.16405E-1 1.28514E-1 1.31028E-1 1.24272E-1 1.19084E-1 1.14018E-1 1.0957E-1 1.11501E-1 1.1052E-1 1.02467E-1 9.72491E-2 8.46855E-2 7.14736E-2 7.26007E-2 7.26007E-2 7.18453E-2 7.49302E-2 7.419E-2 7.25274E-2 7.49695E-2 8.59447E-2 9.567E-2 1.02287E-1 9.71236E-2 1.1573E-1 1.28457E-1 1.35885E-1 1.58013E-1 1.6413E-1 1.72753E-1 1.47488E-1 1.57953E-1
9.81385E-2 1.43479E-1 -9999 -9999 -9999 -9999 1.10359E-1 1.08262E-1 1.06607E-1 1.04614E-1 1.02327E-1 9.65644E-2 9.68871E-2 9.49326E-2 9.25776E-2 9.10509E-2 9.02913E-2 8.93131E-2 8.79337E-2 8.51278E-2 8.70277E-2 8.74768E-2 8.83836E-2 8.65301E-2 8.84267E-2 9.02923E-2 9.30328E-2 9.20381E-2 9.29103E-2 9.45151E-2 9.69856E-2 9.97309E-2 1.05674E-1 1.11085E-1 1.18035E-1 1.24272E-1 1.21838E-1 1.16304E-1 1.08546E-1 1.02739E-1 1.09677E-1 1.0957E-1 1.06201E-1 9.26791E-2 8.62423E-2 7.66232E-2 7.40924E-2 5.94323E-2 6.49816E-2 7.49695E-2 7.50058E-2 8.2037E-2 8.87013E-2 9.567E-2 1.01479E-1 1.04226E-1 1.12369E-1 1.2519E-1 1.32644E-1 1.35892E-1 1.5885E-1 1.65587E-1 1.75646E-1 1.78212E-1 1.59362E-1
-9999 1.45557E-1 -9999 -9999 -9999 -9999 1.0698E-1 1.06723E-1 1.02753E-1 1.00793E-1 1.01065E-1 9.45151E-2 9.45378E-2 9.29488E-2 9.05231E-2 9.05231E-2 9.05093E-2 8.75932E-2 8.60831E-2 8.60739E-2 8.62283E-2 8.54376E-2 8.55924E-2 8.74745E-2 8.7428E-2 8.83836E-2 8.84267E-2 9.10509E-2 9.10364E-2 8.996E-2 9.35225E-2 9.49801E-2 9.92139E-2 1.04791E-1 1.06711E-1 1.0698E-1 1.05101E-1 1.04003E-1 1.03014E-1 1.01909E-1 1.05101E-1 1.00193E-1 9.70426E-2 9.29103E-2 8.90993E-2 8.52974E-2 8.09171E-2 7.66167E-2 8.28958E-2 8.37877E-2 8.2037E-2 8.83504E-2 9.33952E-2 1.00342E-1 1.03398E-1 1.07303E-1 1.12932E-1 1.20967E-1 1.3023E-1 1.45644E-1 1.51385E-1 1.61236E-1 1.7737E-1 1.75508E-1 1.72835E-1
-9999 1.15186E-1 -9999 -9999 -9999 -9999 -9999 -9999 -9999 9.86767E-2 -9999 9.39606E-2 9.43479E-2 9.03325E-2 8.96681E-2 9.03325E-2 8.89793E-2 8.60831E-2 8.60831E-2 8.52272E-2 8.60273E-2 8.63792E-2 8.45365E-2 8.57767E-2 8.4151E-2 8.69768E-2 8.7428E-2 8.81348E-2 8.83426E-2 8.7989E-2 8.95388E-2 9.05231E-2 9.35021E-2 9.40449E-2 9.8488E-2 9.74413E-2 1.01823E-1 1.00494E-1 9.95426E-2 1.00193E-1 9.74413E-2 9.50631E-2 9.20315E-2 8.75856E-2 8.62283E-2 8.27826E-2 8.21336E-2 8.52974E-2 8.65301E-2 9.03614E-2 8.55922E-2 8.88768E-2 9.567E-2 9.91606E-2 1.00004E-1 1.07471E-1 1.16967E-1 1.25304E-1 1.30126E-1 1.38752E-1 1.4285E-1 1.49654E-1 1.48278E-1 1.57282E-1 1.69252E-1
