KUENM/Final_Models/M_0.1_F_lq_Set_2_E/sp1_0.asc
ncols         197
nrows         210
xllcorner     56.1666666666667
yllcorner     4.5
cellsize      0.166666666666667
NODATA_value  -9999
[rows 56 to 83 of 210, columns 130 to 194 of 197]
4.1471E-4 3.07136E-7 1.65548E-6 1.99192E-8 5.88411E-7 1.95718E-7 7.2535E-7 2.20191E-8 1.58427E-7 6.03402E-7 3.98837E-7 5.70149E-8 8.95654E-8 6.40647E-8 1.71436E-7 3.02157E-8 4.07025E-7 5.18249E-8 1.05181E-7 4.82003E-12 2.45093E-11 2.57075E-10 1.0992E-8 7.12772E-9 1.248E-10 6.7852E-11 2.94545E-13 1.33465E-12 1.34253E-12 1.42338E-11 9.64848E-11 2.60997E-10 4.78266E-10 1.85171E-10 1.98867E-11 3.45584E-11 4.95494E-11 1.4464E-12 4.10882E-14 1.13246E-14 1.22851E-13 2.71329E-15 1.08442E-15 1.79586E-15 -9999 -9999 -9999 -9999 -9999 -9999 -9999 -9999 -9999 -9999 -9999 -9999 -9999 -9999 -9999 -9999 -9999 -9999 -9999 -9999 -9999
3.01739E-2 1.07133E-2 1.08319E-4 2.34839E-9 1.20931E-8 1.49002E-6 7.64413E-8 7.88668E-8 2.62289E-6 1.5138E-6 1.14864E-6 6.61061E-7 3.38793E-8 3.31831E-9 2.79731E-9 2.06676E-7 3.3722E-7 9.24999E-7 4.18215E-7 2.86581E-12 9.52737E-10 7.17822E-12 6.99939E-10 1.02452E-7 1.19321E-5 4.01225E-9 3.63261E-10 1.54342E-11 2.76556E-12 2.96022E-13 4.79899E-12 9.53855E-11 1.79958E-10 4.5039E-10 2.80538E-10 3.68037E-11 1.54308E-11 2.67631E-11 1.89837E-12 3.17359E-14 2.59856E-15 2.99302E-14 1.40905E-15 1.53263E-15 4.76082E-14 7.10373E-16 -9999 -9999 -9999 -9999 -9999 -9999 -9999 -9999 -9999 -9999 -9999 -9999 -9999 -9999 -9999 -9999 -9999 -9999 -9999
1.00715E-1 1.01696E-1 7.4627E-3 1.5205E-5 2.76996E-7 3.62558E-7 1.09021E-7 2.75267E-8 1.69711E-6 1.43932E-6 6.7906E-7 7.2535E-7 5.05046E-8 1.80425E-9 1.08778E-9 2.81526E-10 1.33348E-7 1.05493E-6 2.32082E-6 9.61988E-9 1.25466E-6 1.14983E-7 5.61028E-9 8.17437E-5 8.25179E-4 1.21622E-4 4.03458E-9 8.76219E-11 2.20048E-10 7.72716E-14 7.53683E-14 3.27819E-12 9.24673E-11 2.37742E-10 1.50004E-10 1.29978E-10 2.76155E-11 7.87708E-11 8.37651E-12 7.26106E-12 7.56548E-15 6.83332E-14 2.76341E-13 8.01497E-14 2.32515E-14 4.4698E-15 2.73941E-15 5.85706E-14 -9999 -9999 -9999 -9999 -9999 -9999 -9999 -9999 -9999 -9999 -9999 -9999 -9999 -9999 -9999 -9999 -9999
1.81923E-1 1.37234E-1 4.23432E-2 4.40877E-3 7.41149E-5 1.30768E-5 2.75368E-6 4.2451E-7 3.30112E-8 8.87675E-9 4.98402E-7 7.60533E-7 2.19538E-7 5.35765E-8 1.09613E-6 1.19172E-7 4.30817E-7 1.48408E-6 4.69554E-6 2.98201E-5 1.58941E-4 4.9928E-5 6.17336E-6 5.24035E-3 1.74293E-3 3.48685E-4 1.78925E-5 4.93767E-7 4.86986E-9 3.66803E-10 3.01603E-10 6.90781E-12 3.99159E-13 1.50243E-11 2.7446E-11 1.16741E-11 1.19405E-11 3.11086E-10 1.63061E-10 5.15179E-11 9.53594E-12 3.49376E-12 5.36963E-12 1.38284E-12 7.24152E-13 8.50105E-14 2.02333E-13 4.95848E-13 5.91222E-14 3.88917E-14 -9999 -9999 -9999 -9999 -9999 -9999 -9999 -9999 -9999 -9999 -9999 -9999 -9999 -9999 -9999
1.73767E-1 1.79342E-1 9.76354E-2 4.57689E-2 1.11737E-2 1.9683E-3 8.84409E-5 2.54112E-6 1.89851E-9 1.34857E-10 1.22265E-10 2.04303E-8 3.3935E-7 9.5531E-7 3.83201E-7 6.73386E-6 7.67517E-6 4.22017E-6 5.4228E-6 3.5141E-5 1.45015E-4 5.5619E-4 4.23423E-5 3.12728E-3 1.40615E-4 2.12272E-5 1.21767E-6 1.89297E-9 7.18813E-12 1.55659E-11 4.78866E-10 1.35877E-9 5.68079E-11 1.76448E-13 1.55762E-12 6.55751E-14 2.98425E-12 7.36538E-11 3.87908E-12 3.86863E-11 3.36901E-11 5.33759E-12 4.61969E-11 2.1254E-11 9.89314E-12 2.45708E-13 9.80369E-13 1.32241E-12 2.22354E-12 2.0671E-12 2.8951E-12 7.66151E-13 -9999 -9999 -9999 -9999 -9999 -9999 -9999 -9999 -9999 -9999 -9999 -9999 -9999
1.54813E-1 1.75236E-1 1.42094E-1 9.26402E-2 5.26449E-2 2.07109E-2 4.83504E-3 2.78177E-4 9.20882E-7 1.9837E-10 1.65474E-10 1.26334E-8 1.23945E-7 4.39641E-7 6.28754E-7 8.21613E-6 1.21188E-5 1.32809E-5 2.49069E-5 5.18746E-5 2.44763E-4 2.50224E-4 5.71953E-4 4.12673E-4 2.21963E-4 1.14224E-4 5.24638E-5 1.32262E-6 2.28282E-10 8.31006E-11 2.50264E-10 8.13253E-11 2.38711E-11 3.25984E-13 2.84605E-14 5.20705E-15 8.6228E-11 8.96351E-11 6.70966E-13 8.0905E-11 1.60774E-10 7.57916E-11 5.81594E-11 1.93806E-11 1.54311E-11 1.15483E-10 1.33081E-11 5.46503E-11 4.43021E-11 2.30481E-12 2.77845E-12 3.46461E-13 8.07863E-11 -9999 -9999 -9999 -9999 -9999 -9999 -9999 -9999 -9999 -9999 -9999 -9999
1.80612E-1 1.9524E-1 1.75236E-1 1.43198E-1 1.09328E-1 8.02943E-2 3.61228E-2 6.42715E-3 4.33123E-4 1.43649E-5 4.54098E-7 4.38961E-8 2.70424E-8 2.1811E-7 4.25513E-7 5.62169E-7 4.34908E-6 7.24202E-6 1.19784E-5 1.79503E-5 4.19536E-5 2.3769E-4 1.11059E-3 5.41858E-4 9.46902E-6 1.70833E-6 3.10565E-7 1.31005E-6 1.19763E-5 1.59992E-7 9.48269E-8 4.83809E-11 1.68926E-11 1.6157E-11 5.46159E-14 1.23064E-14 1.16309E-7 6.69171E-11 3.41877E-13 3.26039E-12 1.40954E-12 1.24895E-12 6.56715E-13 7.59635E-12 8.26061E-12 1.58044E-11 5.11486E-12 9.89314E-12 1.41098E-11 4.80631E-13 4.47769E-13 3.56057E-13 8.48914E-13 2.46978E-12 1.06951E-11 -9999 -9999 -9999 -9999 -9999 -9999 -9999 -9999 -9999 -9999
2.56327E-1 2.57962E-1 2.48164E-1 2.13456E-1 1.92416E-1 1.82052E-1 1.04768E-1 3.81264E-2 1.34507E-2 8.34015E-3 2.1826E-3 1.71939E-4 2.7047E-5 6.93515E-5 2.49152E-4 8.09725E-6 6.04644E-7 5.82748E-7 4.56953E-7 2.33359E-6 8.93587E-6 4.20015E-5 5.80057E-5 4.20052E-4 3.00522E-4 1.05697E-4 6.47148E-4 4.05871E-5 2.38982E-5 6.55288E-7 5.56122E-6 2.14937E-8 3.15502E-10 1.95381E-11 3.20783E-13 6.52353E-9 1.08216E-8 1.62486E-13 1.16263E-14 3.83712E-15 1.15295E-13 4.6004E-13 7.6381E-14 1.80466E-13 2.37358E-11 5.10063E-12 5.8602E-11 2.87852E-13 1.51198E-13 9.52441E-14 2.44165E-11 1.03463E-10 1.39228E-13 7.40956E-13 1.00809E-12 2.22234E-13 -9999 -9999 -9999 -9999 -9999 -9999 -9999 -9999 -9999
3.46644E-1 3.37996E-1 3.54543E-1 3.44134E-1 3.44134E-1 2.87681E-1 1.87593E-1 9.8763E-2 5.5714E-2 3.74293E-2 2.33348E-2 6.58746E-3 6.76459E-4 2.99569E-4 5.31397E-5 1.9012E-6 5.10798E-7 1.92841E-7 3.93271E-8 7.58042E-8 8.29746E-7 1.29928E-5 1.03685E-5 3.71945E-5 1.33476E-4 3.09316E-5 1.10084E-5 2.78875E-5 1.92632E-5 4.93959E-6 5.79801E-7 1.98602E-11 3.51992E-14 2.49511E-15 2.04781E-10 4.6402E-8 2.62385E-11 1.12805E-12 1.76617E-11 1.3972E-14 6.90497E-13 7.50831E-11 2.48264E-11 4.33277E-13 2.15604E-10 9.76256E-13 9.7622E-11 6.64154E-11 3.79823E-11 4.79445E-12 2.42971E-11 3.59663E-10 4.28618E-12 9.78502E-11 1.81506E-11 4.93859E-11 2.46846E-11 -9999 -9999 -9999 -9999 -9999 -9999 -9999 -9999
4.10353E-1 3.85994E-1 3.98736E-1 4.23482E-1 4.4164E-1 3.57829E-1 2.23609E-1 1.39871E-1 9.5005E-2 6.36398E-2 3.47086E-2 6.91839E-3 1.63591E-3 1.36188E-3 2.71302E-4 1.24801E-5 4.06318E-6 3.83611E-6 6.1054E-7 7.04183E-8 7.97722E-9 3.26528E-8 1.09997E-8 9.67163E-7 9.45831E-6 7.43687E-7 4.13797E-7 9.72132E-7 1.21104E-6 8.29893E-6 1.14173E-5 4.64058E-7 4.0622E-6 1.14953E-6 2.28017E-5 7.38416E-8 1.11366E-12 2.97383E-11 2.92957E-10 6.53786E-8 4.80438E-12 2.32355E-9 4.19684E-10 1.95027E-11 1.29679E-10 5.39637E-13 7.27414E-14 9.69282E-13 2.89844E-12 8.17772E-12 4.5552E-13 2.79838E-11 9.5691E-10 1.43324E-10 1.55647E-10 2.41055E-10 8.83043E-11 1.2311E-9 -9999 -9999 -9999 -9999 -9999 -9999 -9999
4.6038E-1 4.08787E-1 3.79971E-1 4.009E-1 4.13472E-1 3.19819E-1 1.89113E-1 1.47519E-1 1.2289E-1 7.86742E-2 2.92734E-2 4.20816E-3 1.85142E-3 3.43737E-3 2.89276E-3 4.94669E-4 2.14742E-4 1.44694E-4 7.21004E-5 1.18221E-5 2.10647E-6 9.97478E-8 2.37633E-9 2.59202E-8 2.06123E-6 5.82819E-5 2.59872E-5 1.03685E-5 1.38222E-6 4.28163E-6 1.04415E-5 2.83352E-6 1.88511E-6 2.1486E-9 9.89826E-13 6.28213E-7 2.30819E-8 3.76407E-6 5.2314E-7 7.86398E-6 2.26803E-10 6.46859E-10 1.15182E-4 1.54797E-10 1.79904E-8 9.23658E-8 2.85087E-13 1.52752E-16 6.49538E-13 2.12839E-11 6.72079E-14 2.92592E-14 3.21649E-11 4.47007E-12 9.89909E-11 2.50835E-10 5.49898E-12 2.75821E-11 9.50258E-10 -9999 -9999 -9999 -9999 -9999 -9999
4.92542E-1 4.29914E-1 3.66999E-1 3.72016E-1 3.75347E-1 2.90678E-1 1.86126E-1 1.64388E-1 1.41847E-1 9.1762E-2 4.17881E-2 5.76959E-3 2.83177E-3 4.50789E-3 6.59052E-3 3.87443E-3 2.83725E-3 3.55392E-3 4.35866E-3 9.70989E-4 1.94941E-4 1.48805E-4 1.91864E-4 7.19603E-5 3.85138E-6 1.75831E-5 5.08264E-5 2.16429E-5 4.20594E-6 9.22993E-7 1.40468E-7 8.33481E-9 4.12996E-9 2.53948E-12 2.58132E-16 2.46514E-27 1.64453E-31 3.24557E-29 7.90496E-25 2.21638E-19 3.71494E-7 1.61279E-5 1.54738E-5 3.97943E-6 4.50163E-7 2.56745E-6 2.14479E-11 9.63575E-14 7.95558E-12 4.36036E-12 3.02602E-14 1.33471E-14 5.83435E-14 1.18352E-14 1.5091E-12 5.45935E-13 1.18287E-11 4.19914E-10 3.1647E-14 1.90677E-10 -9999 -9999 -9999 -9999 -9999
5.20772E-1 4.63091E-1 4.06378E-1 4.01561E-1 4.06488E-1 3.73562E-1 2.96516E-1 2.2582E-1 1.85709E-1 1.28254E-1 7.79269E-2 3.21795E-2 1.47898E-2 1.19803E-2 1.86977E-2 1.59273E-2 1.29248E-2 1.54641E-2 1.81649E-2 8.92707E-3 4.82256E-3 7.72258E-3 1.97077E-2 1.65778E-2 2.84147E-3 2.41002E-5 1.06138E-5 1.23881E-5 2.65476E-5 6.23219E-5 1.36285E-5 3.5447E-8 1.27728E-8 9.86491E-13 4.02614E-15 6.99259E-21 5.56363E-23 4.58585E-25 4.88163E-23 6.69073E-22 1.90032E-17 1.80549E-13 4.66099E-10 7.4755E-7 9.93722E-7 4.26648E-7 7.15539E-8 3.8375E-8 1.8612E-9 1.2671E-10 2.83563E-10 4.02232E-11 5.45796E-15 1.00064E-16 4.00566E-17 1.30735E-14 7.27484E-11 8.64023E-10 1.32812E-12 4.06159E-12 4.01599E-13 -9999 -9999 -9999 -9999
5.61332E-1 5.05699E-1 4.6165E-1 4.67799E-1 4.85966E-1 4.59097E-1 3.96619E-1 3.23533E-1 2.47988E-1 1.96355E-1 1.43456E-1 9.27425E-2 6.11595E-2 5.823E-2 6.54884E-2 3.76634E-2 2.6607E-2 2.55333E-2 2.81043E-2 2.41324E-2 2.41005E-2 3.4169E-2 4.14638E-2 2.61283E-2 4.50223E-3 1.109E-4 1.2673E-5 1.01022E-5 3.08931E-5 1.40917E-4 2.2219E-4 9.82163E-6 1.09037E-6 1.7536E-8 1.20272E-9 2.38147E-12 7.87622E-15 3.33069E-16 1.13473E-16 5.07997E-16 6.65283E-15 6.36466E-14 2.17164E-11 1.70264E-10 3.92281E-9 3.19062E-11 3.63353E-14 3.59986E-13 3.87566E-12 7.06246E-8 4.30153E-8 3.54038E-12 1.04227E-12 1.52715E-11 2.79436E-15 2.59871E-14 3.06365E-9 4.00757E-8 8.05519E-11 3.3758E-13 2.00547E-14 -9999 -9999 -9999 -9999
5.63462E-1 5.46249E-1 5.20495E-1 5.14439E-1 5.52496E-1 5.28353E-1 4.78027E-1 4.0907E-1 3.24542E-1 2.65618E-1 2.17322E-1 1.65274E-1 1.16178E-1 9.77554E-2 8.22209E-2 4.97481E-2 3.62198E-2 4.06924E-2 4.2866E-2 4.17452E-2 4.39172E-2 4.8535E-2 4.06274E-2 2.21873E-2 5.97665E-3 7.75549E-4 8.59412E-5 1.64456E-5 2.60328E-5 1.15401E-4 3.12432E-4 1.23867E-4 5.49326E-6 3.69791E-8 3.9751E-9 1.88784E-11 2.92081E-12 9.00122E-14 2.62365E-13 3.00563E-12 1.04341E-11 1.94746E-11 5.60459E-12 3.05825E-9 3.69283E-9 9.44205E-11 1.84709E-9 2.25943E-13 7.29859E-17 2.11642E-13 5.02974E-13 7.40035E-9 2.217E-11 5.36972E-9 5.30967E-13 6.74998E-11 7.03916E-9 3.91084E-14 2.13977E-10 1.22329E-10 2.63333E-11 7.19569E-15 -9999 -9999 -9999
5.72719E-1 5.70009E-1 5.70009E-1 5.576E-1 5.64417E-1 5.57525E-1 5.22985E-1 4.66644E-1 3.94176E-1 3.35893E-1 3.02673E-1 2.38611E-1 1.62754E-1 1.03108E-1 7.70622E-2 5.23213E-2 2.80774E-2 4.5037E-2 5.49265E-2 5.76324E-2 5.83248E-2 5.63207E-2 3.97114E-2 2.06797E-2 7.61441E-3 2.25553E-3 6.50728E-4 2.50551E-4 2.04213E-4 3.2705E-4 8.38339E-4 5.81466E-4 2.92448E-5 2.56912E-6 7.54756E-8 6.87297E-9 2.95942E-11 4.53579E-13 6.15355E-11 6.06551E-9 4.94181E-9 3.79985E-10 6.67988E-9 1.0179E-11 3.2363E-10 4.08796E-11 5.34905E-7 6.04318E-7 2.2522E-12 2.41575E-11 2.78531E-13 1.60858E-10 1.48468E-9 1.57925E-12 1.80633E-9 2.29289E-12 1.98514E-18 6.75229E-12 1.47492E-8 1.60644E-8 3.51764E-8 5.19712E-13 2.8506E-11 -9999 -9999
5.85878E-1 5.65433E-1 5.71094E-1 5.58536E-1 5.45976E-1 5.4269E-1 5.38758E-1 5.14636E-1 4.63556E-1 4.04138E-1 3.70492E-1 3.14916E-1 2.3412E-1 1.11962E-1 8.24469E-2 7.70622E-2 5.36114E-2 6.77952E-2 8.87037E-2 8.14574E-2 7.71355E-2 6.49706E-2 4.28794E-2 2.24991E-2 1.04263E-2 5.49969E-3 2.93809E-3 1.66365E-3 1.19609E-3 1.38723E-3 1.8583E-3 1.05064E-3 1.99594E-4 1.2555E-4 4.88305E-5 1.61542E-6 8.45086E-8 3.04781E-8 1.29996E-7 6.55918E-7 2.86077E-7 6.49318E-9 1.98029E-10 1.44606E-9 2.61469E-7 2.20695E-7 1.39027E-6 1.39466E-5 2.32268E-5 2.47554E-5 3.93808E-8 7.43863E-11 1.30151E-12 6.48117E-13 3.40329E-13 3.87584E-11 5.13067E-9 1.94075E-12 9.81815E-12 1.528E-12 7.36096E-11 6.16921E-8 9.582E-10 -9999 -9999
6.02942E-1 5.68209E-1 5.30605E-1 5.0951E-1 5.18416E-1 5.22139E-1 5.35302E-1 5.34137E-1 5.06957E-1 4.51494E-1 3.9688E-1 3.90155E-1 3.79975E-1 2.46968E-1 1.33401E-1 9.89216E-2 1.01E-1 1.52789E-1 1.56891E-1 1.30716E-1 1.07524E-1 8.43204E-2 5.36723E-2 2.84673E-2 1.41306E-2 1.35192E-2 1.33206E-2 7.7409E-3 4.2888E-3 3.87443E-3 4.00831E-3 1.33472E-3 2.64019E-4 2.80766E-4 7.01385E-4 1.56034E-4 1.58725E-5 6.89274E-6 8.43892E-6 4.85888E-5 6.15089E-4 3.76996E-5 9.30165E-9 6.2026E-11 1.21228E-10 3.84825E-11 3.11728E-9 2.85772E-5 6.11525E-4 3.91742E-4 1.82016E-4 2.90486E-5 1.98568E-5 2.4735E-7 1.32029E-11 7.69338E-9 2.96698E-3 1.76429E-10 1.0935E-9 2.77551E-8 7.11237E-13 9.5712E-12 7.46096E-20 1.01188E-21 -9999
5.82766E-1 5.73861E-1 5.42551E-1 5.05635E-1 5.08272E-1 5.04307E-1 5.13472E-1 5.21085E-1 5.40269E-1 4.73586E-1 4.0355E-1 4.21584E-1 4.39108E-1 3.49811E-1 2.11308E-1 1.33401E-1 1.35929E-1 1.84598E-1 1.97128E-1 2.01809E-1 1.77427E-1 1.2478E-1 7.63013E-2 4.17635E-2 2.3774E-2 3.81881E-2 5.823E-2 2.69748E-2 1.21641E-2 9.80447E-3 8.92473E-3 3.31181E-3 5.93261E-4 7.78813E-4 2.41642E-3 1.22796E-3 3.14509E-4 2.83973E-4 5.01285E-4 6.99188E-4 2.1801E-3 4.74284E-3 7.16845E-4 3.7022E-6 4.20541E-8 7.13546E-9 3.99276E-8 1.10637E-6 4.54786E-5 4.55291E-4 2.97171E-4 1.08986E-3 1.62107E-4 7.06889E-4 1.16566E-6 1.4124E-3 1.03951E-2 1.50251E-5 2.00948E-4 2.12871E-8 7.61617E-13 5.10961E-15 7.76204E-23 2.74727E-25 -9999
5.53576E-1 5.67922E-1 5.5988E-1 5.08272E-1 4.61213E-1 4.59695E-1 4.42655E-1 4.51073E-1 4.94843E-1 4.6323E-1 4.19965E-1 4.34383E-1 4.29617E-1 3.59334E-1 2.66232E-1 2.3578E-1 2.54274E-1 2.34487E-1 2.21299E-1 2.80579E-1 2.78303E-1 1.71568E-1 1.00075E-1 6.27209E-2 4.17635E-2 4.92437E-2 8.69691E-2 4.23243E-2 2.28337E-2 2.12737E-2 2.51816E-2 2.06592E-2 6.74166E-3 4.15854E-3 5.37257E-3 3.84643E-3 1.31737E-3 2.20424E-3 5.97148E-3 7.26069E-3 6.80744E-3 1.54359E-2 6.8077E-3 5.78919E-4 9.05806E-5 5.22201E-5 1.15256E-4 1.39996E-4 9.15589E-5 4.733E-5 1.04332E-4 2.07028E-3 7.9123E-4 1.34797E-3 1.11014E-3 8.1417E-4 5.24965E-3 4.95997E-3 7.54255E-5 1.77107E-7 7.45872E-12 5.49638E-21 7.71018E-27 3.12869E-30 1.43585E-36
5.29766E-1 5.46261E-1 5.36956E-1 4.95985E-1 4.5282E-1 4.50476E-1 4.05821E-1 4.00178E-1 4.52026E-1 4.4643E-1 4.38594E-1 4.49964E-1 4.37537E-1 3.85079E-1 3.31409E-1 3.4017E-1 3.69697E-1 2.91501E-1 2.43138E-1 3.3026E-1 2.89298E-1 1.8812E-1 1.31014E-1 9.79752E-2 6.65073E-2 5.3021E-2 6.96487E-2 5.2376E-2 4.17973E-2 4.74373E-2 6.34658E-2 7.20975E-2 3.24879E-2 1.42093E-2 1.51371E-2 1.40812E-2 8.74432E-3 1.21464E-2 2.00973E-2 1.4571E-2 1.27308E-2 1.97843E-2 1.17874E-2 4.74316E-3 4.36189E-3 3.15494E-3 8.90021E-3 1.02102E-2 4.35403E-3 1.63738E-3 5.06507E-4 1.55873E-4 9.36594E-5 2.188E-5 1.0414E-7 1.72077E-11 6.65638E-10 1.63263E-8 3.28828E-12 8.24174E-17 4.51975E-18 4.72825E-19 8.82223E-23 2.16412E-35 2.50846E-41
4.92785E-1 4.77556E-1 4.98351E-1 4.71081E-1 4.28973E-1 5.01097E-1 4.85695E-1 4.60521E-1 4.62726E-1 4.77556E-1 4.79381E-1 4.79381E-1 4.80816E-1 4.6504E-1 4.56057E-1 4.54144E-1 4.27425E-1 3.72192E-1 3.44329E-1 3.3906E-1 2.80995E-1 2.05217E-1 1.86599E-1 1.62968E-1 1.09728E-1 6.053E-2 7.04655E-2 8.80739E-2 1.04273E-1 1.08622E-1 9.69745E-2 8.61821E-2 5.22203E-2 3.02877E-2 2.83642E-2 2.61686E-2 3.21152E-2 5.2376E-2 7.03977E-2 6.0441E-2 3.76634E-2 3.66439E-2 3.29269E-2 2.21208E-2 3.37876E-3 1.95795E-3 1.14175E-2 2.97293E-2 2.19185E-2 2.76838E-2 2.07221E-2 1.49441E-3 3.0661E-4 4.7956E-5 1.46885E-6 1.22472E-8 1.50679E-10 1.11943E-13 2.49999E-18 8.80509E-20 3.53211E-18 2.7235E-17 2.16953E-17 1.7259E-26 1.99174E-35
4.59695E-1 4.31504E-1 4.59695E-1 4.60521E-1 4.17496E-1 4.96397E-1 5.18352E-1 4.92785E-1 4.74049E-1 4.74635E-1 4.73166E-1 4.72123E-1 5.05635E-1 4.94843E-1 4.96213E-1 4.76495E-1 4.23404E-1 3.82498E-1 3.6413E-1 3.3426E-1 2.87994E-1 2.58468E-1 2.56424E-1 2.53014E-1 1.92497E-1 1.20096E-1 9.0976E-2 1.15437E-1 1.55983E-1 1.37336E-1 1.03221E-1 8.60304E-2 6.62839E-2 4.36981E-2 3.59494E-2 4.21585E-2 8.06728E-2 1.5995E-1 1.47415E-1 1.05083E-1 4.98149E-2 5.23213E-2 7.42463E-2 5.6732E-2 5.77854E-3 8.80544E-4 1.37215E-2 7.29855E-2 8.03162E-2 6.7647E-2 8.995E-2 6.84201E-2 2.00357E-2 1.60637E-3 1.45238E-4 4.48879E-6 5.88764E-8 1.38779E-10 7.60173E-14 4.37604E-16 2.92831E-16 6.63041E-16 6.06061E-17 2.08474E-21 1.26933E-27
4.1883E-1 3.88466E-1 3.91009E-1 3.79727E-1 3.90552E-1 4.51264E-1 5.06031E-1 4.79918E-1 4.28277E-1 4.13543E-1 4.18492E-1 4.16846E-1 4.52026E-1 4.47983E-1 4.20133E-1 3.57141E-1 3.23946E-1 3.3426E-1 3.53636E-1 3.37793E-1 3.09486E-1 3.03812E-1 2.98531E-1 2.75368E-1 2.37824E-1 1.83575E-1 1.01098E-1 7.97204E-2 1.36109E-1 1.2857E-1 7.61089E-2 8.30839E-2 8.12575E-2 4.24558E-2 3.67833E-2 7.87267E-2 1.71783E-1 2.18045E-1 1.49166E-1 1.01091E-1 5.2376E-2 6.27235E-2 9.1762E-2 1.36358E-1 1.57449E-1 4.282E-2 3.43665E-2 6.25062E-2 8.56819E-2 7.74253E-2 1.16313E-1 1.08527E-1 5.59023E-2 1.23368E-2 2.29968E-3 2.76078E-4 2.7677E-5 4.66694E-7 6.96757E-10 9.33696E-13 3.61702E-14 1.97628E-14 2.23506E-15 9.41307E-18 8.93205E-21
3.70203E-1 3.14092E-1 2.58134E-1 2.2809E-1 2.84791E-1 3.87502E-1 4.39218E-1 4.07956E-1 3.55802E-1 3.41683E-1 3.75034E-1 4.1584E-1 4.25715E-1 3.93968E-1 3.29273E-1 2.06978E-1 1.86617E-1 2.9025E-1 3.52281E-1 3.48753E-1 3.27187E-1 3.39558E-1 3.19682E-1 2.75764E-1 2.36412E-1 1.95809E-1 1.36109E-1 1.15379E-1 1.70325E-1 1.50544E-1 6.15974E-2 8.6826E-2 8.10574E-2 2.07773E-2 2.99387E-2 1.24556E-1 3.50125E-1 3.58319E-1 1.6456E-1 1.10891E-1 1.07572E-1 1.26088E-1 1.39775E-1 2.06164E-1 2.9062E-1 1.31958E-1 7.12633E-2 5.63407E-2 7.62045E-2 1.76356E-1 1.802E-1 1.16717E-1 5.96294E-2 2.62213E-2 1.07604E-2 3.09916E-3 6.36539E-4 5.52621E-5 4.74621E-7 1.67984E-9 1.68764E-11 5.34939E-12 1.25383E-12 5.36806E-14 2.32788E-15
3.53521E-1 3.26736E-1 2.11842E-1 1.51523E-1 2.74316E-1 3.49091E-1 3.43676E-1 3.2054E-1 2.97323E-1 3.1684E-1 4.1584E-1 5.02462E-1 4.86469E-1 4.09638E-1 3.78848E-1 2.79708E-1 2.31449E-1 3.24105E-1 3.55802E-1 3.31048E-1 3.36369E-1 3.48753E-1 3.28956E-1 2.63632E-1 2.18244E-1 2.16618E-1 2.14998E-1 2.08563E-1 2.41609E-1 2.24899E-1 1.39871E-1 1.17388E-1 6.67173E-2 2.41742E-2 4.26536E-2 1.34286E-1 3.81958E-1 3.85404E-1 1.86617E-1 1.46488E-1 1.5605E-1 1.70325E-1 1.67379E-1 1.89646E-1 2.00243E-1 1.73023E-1 1.41215E-1 8.52455E-2 9.79752E-2 1.80119E-1 2.49664E-1 1.7099E-1 8.2358E-2 4.02128E-2 2.62434E-2 1.09279E-2 2.13793E-3 2.91254E-4 2.53458E-5 1.07222E-6 4.45766E-8 6.02914E-9 1.26204E-9 2.65649E-10 7.31627E-11
4.23654E-1 3.71556E-1 2.93849E-1 2.74316E-1 3.57957E-1 3.63257E-1 2.77838E-1 2.90305E-1 2.88534E-1 3.27668E-1 4.46566E-1 5.57329E-1 5.76811E-1 5.58292E-1 5.39477E-1 5.29605E-1 4.18513E-1 3.87729E-1 4.03171E-1 3.56068E-1 3.59595E-1 3.64574E-1 3.20107E-1 2.60404E-1 2.23147E-1 2.29747E-1 2.56753E-1 2.67327E-1 2.65593E-1 2.29879E-1 2.13426E-1 1.71424E-1 9.52296E-2 6.04546E-2 7.52281E-2 1.68196E-1 3.0804E-1 3.15186E-1 2.13287E-1 2.0045E-1 2.14915E-1 2.21596E-1 2.28214E-1 1.91313E-1 2.18333E-1 2.36412E-1 2.39767E-1 1.71783E-1 6.48594E-2 9.59212E-2 2.59846E-1 1.84889E-1 9.59355E-2 5.2376E-2 3.0084E-2 1.25348E-2 3.48768E-3 1.02151E-3 4.99189E-4 1.30867E-4 1.36549E-5 1.88039E-6 4.27995E-7 1.58773E-7 1.1329E-7
4.5022E-1 4.2244E-1 3.7013E-1 3.3301E-1 3.66781E-1 3.89539E-1 3.6854E-1 3.75034E-1 3.31048E-1 3.36369E-1 4.12515E-1 5.35744E-1 6.04307E-1 6.00828E-1 5.38788E-1 4.96139E-1 4.39902E-1 4.38284E-1 4.92817E-1 4.46041E-1 4.16328E-1 4.11316E-1 3.45221E-1 2.65593E-1 2.38236E-1 2.48219E-1 2.86547E-1 3.02412E-1 2.95553E-1 2.31549E-1 1.87964E-1 1.72896E-1 1.27667E-1 1.15643E-1 1.27273E-1 2.22557E-1 3.24002E-1 3.3654E-1 2.67037E-1 2.5137E-1 2.72557E-1 3.22336E-1 3.20548E-1 2.39877E-1 3.00952E-1 3.94372E-1 3.39913E-1 2.39957E-1 1.141E-1 1.1622E-1 1.91313E-1 1.65992E-1 1.04215E-1 5.28672E-2 2.76549E-2 1.41103E-2 7.96604E-3 6.07012E-3 4.5785E-3 2.41642E-3 3.77406E-4 6.33052E-5 1.71575E-5 7.69503E-6 1.3471E-6
