KUENM/Final_Models/M_0.1_F_lq_Set_2_E/sp1_2_se_asia.asc
ncols         320
nrows         243
xllcorner     44.0
yllcorner     -0.666666666666667
cellsize      0.166666666666667
NODATA_value  -9999
[rows 31 to 61 of 243, columns 70 to 139 of 320]
1.5132E-2 1.57258E-2 1.554E-2 1.57258E-2 1.57258E-2 1.49535E-2 1.47766E-2 1.34909E-2 7.26159E-3 4.62301E-3 1.01099E-2 1.15884E-2 1.08435E-2 7.05802E-3 5.32056E-3 4.30675E-3 5.42919E-3 7.42371E-3 9.51403E-3 1.00347E-2 9.92246E-3 9.90057E-3 9.6639E-3 9.32741E-3 8.01274E-3 2.76337E-3 4.86797E-3 2.92593E-3 8.09033E-4 3.93259E-3 7.87607E-3 9.32983E-3 8.04406E-3 8.41855E-3 7.39067E-3 4.223E-3 2.56134E-3 1.54439E-3 8.68151E-4 1.23812E-4 1.26534E-4 2.14756E-5 1.16836E-5 6.66458E-7 5.79306E-8 1.18246E-7 9.98139E-8 2.18787E-8 6.02647E-9 3.51856E-9 3.44729E-10 5.37264E-10 5.78386E-11 9.4745E-10 2.30538E-9 7.61589E-9 9.87869E-9 1.96737E-8 6.07812E-9 3.37326E-9 6.12877E-9 2.147E-9 3.90807E-10 1.53782E-10 4.88861E-11 9.36594E-12 3.29746E-12 3.15431E-11 1.43047E-12 1.80048E-12
1.5581E-2 1.5581E-2 1.5581E-2 1.5581E-2 1.48362E-2 1.41167E-2 1.51989E-2 1.39177E-2 9.39048E-3 5.59102E-3 1.11472E-2 1.14147E-2 1.03498E-2 4.43751E-3 8.56176E-4 8.3859E-4 2.08481E-3 4.65002E-3 7.10054E-3 8.82925E-3 9.3139E-3 9.81896E-3 1.06883E-2 6.49668E-3 8.63655E-3 1.1117E-2 8.09364E-3 8.50736E-3 3.51116E-3 2.72316E-3 6.10083E-3 6.75392E-3 5.82995E-3 7.41344E-3 1.06688E-2 8.805E-3 7.16606E-3 5.45465E-3 3.99595E-3 2.39207E-3 1.92333E-3 6.06405E-4 9.60714E-6 9.98139E-8 4.00433E-6 7.58452E-5 1.28822E-5 3.28728E-7 1.09322E-8 2.92693E-8 3.21773E-8 4.97463E-9 3.38071E-9 3.20301E-9 1.92345E-9 5.43893E-9 5.39464E-9 7.0769E-10 9.6986E-10 2.74095E-10 2.31913E-10 8.81861E-11 3.93705E-11 3.39181E-11 1.25277E-11 3.07477E-11 2.63942E-11 1.91378E-11 8.47117E-11 1.16511E-11
1.63348E-2 1.61369E-2 1.61369E-2 1.52003E-2 1.12522E-2 7.59823E-3 1.15316E-2 1.10747E-2 7.17911E-3 7.53433E-3 1.23494E-2 1.16353E-2 9.4321E-3 6.03765E-3 1.82697E-3 5.83066E-4 2.64227E-4 2.08481E-3 4.02918E-3 3.79476E-3 4.48653E-3 8.17782E-3 1.06892E-2 6.87128E-3 4.67556E-3 1.38414E-2 1.54382E-2 1.48527E-2 1.31614E-2 1.10749E-2 8.17954E-3 6.19751E-3 8.40801E-3 8.21978E-3 8.02525E-3 4.74653E-3 2.58659E-3 5.41748E-3 7.6757E-3 6.09841E-3 4.19723E-3 2.85927E-3 1.0342E-3 6.00538E-4 2.22672E-4 1.44689E-6 5.60044E-8 1.1263E-7 5.16559E-8 4.30521E-8 7.53985E-9 3.48778E-10 2.44321E-10 3.79136E-10 1.60746E-10 1.91692E-10 1.88799E-10 2.23275E-10 6.80335E-10 3.16401E-10 2.69972E-10 1.68151E-10 5.26873E-10 1.02437E-9 2.49748E-10 1.90129E-10 1.02745E-10 3.74867E-10 4.46651E-11 6.3002E-10
1.6656E-2 1.57097E-2 1.55166E-2 1.3943E-2 9.12381E-3 2.9296E-3 7.1449E-3 7.85495E-3 4.83823E-3 9.76617E-3 1.22554E-2 1.08284E-2 7.99861E-3 5.83042E-3 3.68781E-3 1.99726E-3 2.34771E-4 8.11361E-5 7.25167E-4 1.1207E-3 1.48919E-3 3.37544E-3 6.69117E-3 8.73061E-3 7.1296E-3 1.41951E-2 1.50539E-2 1.88994E-2 1.99679E-2 1.90345E-2 1.89453E-2 1.67626E-2 1.15269E-2 9.6608E-3 4.60461E-3 9.73153E-4 2.30585E-3 3.88113E-3 2.3557E-3 1.37773E-3 3.91959E-4 5.02037E-5 4.90825E-6 8.00182E-7 1.38357E-6 3.44566E-7 7.03933E-8 1.82262E-7 1.97643E-8 4.79168E-9 1.51204E-9 1.22151E-9 5.22838E-10 6.06184E-10 3.64836E-10 3.53631E-10 1.3041E-9 6.85754E-10 4.30189E-10 1.52863E-9 2.86485E-9 3.84946E-10 6.20421E-10 7.37118E-9 3.54055E-9 1.08064E-9 7.31329E-11 3.13435E-11 7.99558E-10 3.93686E-9
1.61811E-2 1.59804E-2 1.52698E-2 1.36001E-2 6.54836E-3 4.79344E-3 9.27859E-3 4.43945E-3 1.91202E-3 6.36183E-3 1.16735E-2 1.06985E-2 7.81015E-3 4.51526E-3 3.0903E-3 3.08153E-3 1.88984E-3 3.94078E-4 2.69862E-4 1.33892E-3 1.74989E-3 1.07303E-3 3.09657E-3 6.05182E-3 6.62019E-3 1.1232E-2 9.3139E-3 1.38967E-2 1.95714E-2 2.02078E-2 1.43969E-2 1.60338E-2 1.1117E-2 4.84947E-3 2.39249E-3 2.4618E-3 3.00977E-3 1.96962E-3 6.32136E-4 1.2451E-4 5.52508E-5 6.44184E-6 1.67461E-7 4.47013E-8 5.92021E-8 1.36088E-7 2.68157E-7 6.27709E-8 2.1417E-9 1.52349E-9 7.58565E-10 4.50534E-10 3.21265E-10 1.12959E-9 1.54096E-9 2.06199E-9 5.06878E-10 9.6222E-10 2.72029E-10 4.36909E-10 1.78798E-8 2.23414E-9 2.23414E-9 3.22575E-8 2.21984E-10 3.15016E-10 1.41973E-10 5.14807E-10 1.16624E-8 2.3234E-9
1.54981E-2 1.56952E-2 1.35192E-2 9.56967E-3 8.15087E-3 1.35669E-2 1.7346E-2 1.18816E-2 1.98406E-3 1.46679E-3 8.58387E-3 1.00682E-2 7.44419E-3 5.7254E-3 3.73219E-3 3.64547E-3 3.51628E-3 2.5116E-3 7.68663E-4 2.94023E-4 1.12005E-3 1.48605E-3 2.54502E-3 4.2075E-3 2.18997E-3 2.26018E-3 9.21191E-3 1.00268E-2 1.69994E-2 1.9147E-2 1.62375E-2 1.7132E-2 1.04669E-2 4.19547E-3 4.86909E-3 5.45434E-3 2.85396E-3 1.3851E-3 4.64034E-4 4.32864E-4 9.195E-5 1.19961E-5 4.0514E-6 2.2684E-7 2.25042E-7 2.61477E-8 3.56401E-9 1.34736E-9 7.25459E-9 2.03085E-9 1.09797E-8 9.0022E-9 5.61839E-9 6.06184E-10 1.12959E-9 1.52863E-9 7.02167E-10 6.12877E-9 1.35327E-8 5.75307E-8 6.79368E-8 8.85265E-10 1.91053E-8 2.69055E-7 3.2532E-9 6.73622E-8 5.4456E-7 6.39825E-8 2.8169E-10 1.01582E-11
1.64916E-2 1.44479E-2 1.04771E-2 4.28029E-3 4.44592E-3 1.53032E-2 2.05216E-2 1.84064E-2 7.96837E-3 3.78755E-4 3.72554E-3 6.75471E-3 4.82113E-3 4.74071E-3 4.76834E-3 4.42584E-3 4.04655E-3 2.78651E-3 3.33711E-3 1.40064E-3 4.94781E-4 8.85121E-4 1.18175E-3 9.43617E-4 2.90373E-3 3.41196E-3 8.44295E-3 1.31322E-2 1.66189E-2 1.84909E-2 1.77549E-2 1.71859E-2 1.3172E-2 9.3139E-3 7.62809E-3 5.14048E-3 3.11924E-3 1.6416E-3 1.14188E-3 8.45727E-4 1.98091E-4 1.89095E-5 9.4952E-6 5.8792E-6 8.01045E-8 2.88885E-8 1.76724E-7 1.12976E-6 9.6185E-7 3.75758E-7 4.59471E-8 2.53903E-8 7.61589E-9 7.55424E-9 2.51133E-9 6.10908E-10 6.49091E-9 8.85726E-9 8.03982E-7 4.10797E-6 5.70804E-7 2.07794E-9 1.01775E-6 8.80534E-6 1.90997E-6 8.73474E-7 4.57731E-9 3.2751E-11 3.41808E-11 1.1219E-9
1.56726E-2 1.1538E-2 7.23997E-3 2.94071E-3 4.28029E-3 1.31802E-2 1.92296E-2 2.02643E-2 1.1733E-2 1.54539E-3 1.56425E-3 5.15558E-3 5.01804E-3 3.67365E-3 4.40958E-3 4.76834E-3 4.78859E-3 3.90955E-3 4.38703E-3 3.50621E-3 1.66919E-3 6.22158E-4 3.55708E-4 1.81202E-4 5.16205E-4 1.90728E-4 7.48504E-4 7.66132E-3 1.62166E-2 1.92991E-2 1.7489E-2 1.45639E-2 1.2254E-2 9.89491E-3 7.58637E-3 5.06841E-3 2.55066E-3 1.79482E-3 2.31437E-3 2.31437E-3 1.66546E-3 7.00618E-4 1.22482E-4 1.89367E-5 1.08969E-5 4.93608E-5 3.23129E-5 4.10797E-6 1.23591E-7 5.46737E-7 2.7614E-7 3.88402E-8 1.6035E-9 2.53158E-9 1.1759E-8 2.1583E-8 1.584E-7 6.05253E-8 6.38568E-7 1.22712E-6 3.01688E-5 1.7726E-8 2.61537E-6 5.56794E-5 1.54714E-6 2.16731E-7 1.74457E-8 6.3799E-10 1.81378E-9 3.40072E-10
1.46268E-2 1.17956E-2 5.95806E-3 5.84334E-3 6.55539E-3 1.00875E-2 1.80032E-2 2.10782E-2 1.8702E-2 9.54632E-3 2.46359E-3 4.66381E-3 7.16667E-3 6.05827E-3 5.90379E-3 5.24332E-3 4.56888E-3 3.90738E-3 3.90955E-3 3.11704E-3 2.1818E-3 7.43936E-4 2.1979E-4 6.07106E-5 1.32367E-4 8.62501E-5 1.83078E-4 7.02403E-4 1.07093E-2 1.56143E-2 1.34601E-2 1.21612E-2 1.12058E-2 8.86114E-3 6.0185E-3 5.17884E-3 2.99893E-3 2.80845E-3 3.23448E-3 3.52351E-3 1.66935E-3 5.67018E-4 2.3539E-4 3.72363E-4 1.23528E-4 2.42472E-4 6.19469E-5 2.69876E-5 7.69838E-5 1.54818E-5 3.06919E-6 3.50629E-7 8.85726E-9 6.38609E-9 1.38718E-8 9.21507E-8 9.37171E-7 4.39694E-7 5.094E-6 1.03375E-4 2.31005E-5 2.14108E-6 6.15927E-5 8.10562E-6 7.75685E-8 4.55312E-10 1.18971E-9 2.54612E-9 4.7143E-10 2.12063E-10
1.24587E-2 1.27844E-2 9.46306E-3 6.67462E-3 4.89109E-3 5.58168E-3 1.32862E-2 1.87474E-2 2.1619E-2 1.94232E-2 2.67664E-3 3.29508E-3 1.02869E-2 1.02448E-2 9.12655E-3 4.99849E-3 4.65654E-3 2.2794E-3 1.17044E-3 1.12834E-3 1.4733E-3 4.34678E-4 1.61539E-4 1.78498E-4 4.63961E-4 5.56546E-4 7.85506E-4 3.40942E-4 6.2752E-3 1.33965E-2 1.16115E-2 1.21404E-2 1.14871E-2 7.82541E-3 6.69555E-3 4.02886E-3 2.11205E-3 2.4121E-3 4.07415E-3 1.6762E-3 9.96435E-4 1.59596E-3 1.42758E-3 2.12905E-4 1.22957E-4 7.70222E-5 5.90854E-4 1.05917E-4 3.3024E-6 2.30675E-6 7.88163E-8 4.13271E-9 6.54372E-9 5.9516E-8 1.33075E-6 2.90801E-5 4.13117E-5 1.97483E-7 5.56145E-5 6.54482E-4 3.80242E-5 6.55778E-5 1.11108E-5 8.38321E-7 2.23957E-8 1.66484E-8 7.81978E-8 8.91419E-10 1.22442E-9 3.16174E-9
6.33938E-3 1.33808E-2 1.01986E-2 5.95806E-3 3.40416E-3 3.53678E-3 1.08737E-2 1.42652E-2 1.51102E-2 1.84064E-2 1.37384E-2 1.08688E-2 1.46232E-2 1.3291E-2 1.2629E-2 1.04426E-2 8.6591E-3 5.95745E-3 1.8591E-3 2.54212E-3 2.66204E-3 1.78601E-3 1.20712E-3 1.92962E-4 6.29165E-5 6.73996E-4 1.76684E-3 2.32858E-3 6.17911E-3 1.05768E-2 1.59135E-2 1.43784E-2 1.11879E-2 7.88512E-3 7.88512E-3 6.78005E-3 5.07529E-3 4.59137E-3 3.86119E-3 3.06793E-3 4.04111E-3 2.79993E-3 3.93949E-3 3.79366E-3 1.88459E-3 7.75609E-4 6.3238E-4 1.53963E-5 1.51531E-6 1.16417E-7 3.78741E-8 7.35728E-7 4.47633E-7 2.15767E-6 1.61086E-4 1.39929E-4 7.03589E-6 3.13693E-6 1.09272E-3 2.18557E-3 1.56912E-4 4.52907E-6 4.60898E-5 7.3202E-6 1.64758E-6 1.79043E-6 5.44152E-8 1.56786E-10 1.22464E-8 1.13357E-6
6.61645E-3 9.81085E-3 8.20908E-3 6.67462E-3 5.76912E-3 6.19137E-3 9.83369E-3 1.33488E-2 1.35192E-2 1.46324E-2 1.7346E-2 1.91137E-2 1.69216E-2 1.36186E-2 1.37881E-2 1.19985E-2 1.13481E-2 8.76424E-3 5.88692E-3 4.37422E-3 6.94742E-4 2.47577E-4 3.87856E-4 4.93521E-4 1.53172E-4 9.90984E-5 1.78601E-3 2.63164E-3 5.46408E-3 1.17744E-2 1.5383E-2 1.67502E-2 1.39177E-2 9.61855E-3 6.41909E-3 7.09106E-3 7.99344E-3 5.1524E-3 4.27245E-3 9.61855E-3 9.53005E-3 8.08791E-3 7.21879E-3 3.68091E-3 3.33711E-3 2.02078E-3 1.08427E-3 1.21941E-4 5.61633E-5 2.1225E-6 2.79975E-6 5.22534E-6 1.07133E-5 2.37733E-4 1.0855E-3 2.4652E-4 2.76258E-5 2.61943E-5 1.81139E-3 1.02843E-3 1.1085E-4 6.66381E-4 2.84593E-4 6.62817E-5 1.34485E-6 1.76857E-8 4.03151E-9 2.18657E-9 4.74207E-7 5.88738E-6
5.2716E-3 1.06789E-2 9.45445E-3 6.96692E-3 8.19854E-3 5.9942E-3 7.84658E-3 1.17162E-2 1.02165E-2 5.42374E-3 8.42419E-3 1.77869E-2 1.80107E-2 1.3943E-2 1.36186E-2 1.18522E-2 9.23843E-3 9.46559E-3 7.09642E-3 4.46217E-3 2.74423E-3 1.8591E-3 4.02394E-4 3.14944E-4 4.77361E-4 3.18436E-4 1.49096E-3 2.07756E-3 2.18972E-3 9.39048E-3 1.63348E-2 1.83057E-2 1.27845E-2 6.6791E-3 8.07519E-3 1.13912E-2 1.05442E-2 9.99572E-3 1.12816E-2 1.09784E-2 9.88557E-3 8.08998E-3 5.79358E-3 3.7759E-3 1.4404E-3 8.92391E-4 3.5127E-4 3.55077E-4 7.78583E-5 5.03627E-5 4.69834E-5 1.55459E-5 2.00633E-4 9.80457E-4 2.40581E-3 6.32775E-4 4.03206E-4 7.45366E-4 6.95488E-3 1.67393E-3 2.988E-3 2.51984E-3 3.28687E-4 3.47802E-6 8.80687E-9 1.21303E-6 6.08555E-6 1.06138E-5 2.76183E-5 6.43512E-6
6.4469E-3 1.09144E-2 1.17416E-2 9.10534E-3 9.70881E-3 1.05993E-2 8.17911E-3 1.14405E-2 1.00809E-2 4.27716E-3 2.58013E-3 1.62988E-2 1.87943E-2 1.6384E-2 1.67959E-2 1.48057E-2 9.12655E-3 6.13203E-3 3.76249E-3 2.46305E-3 1.09246E-3 1.48911E-3 1.8591E-3 5.8328E-4 5.27883E-4 9.12944E-4 1.88077E-3 2.34289E-3 1.6108E-3 1.91532E-3 1.10747E-2 1.7564E-2 1.53254E-2 1.1422E-2 1.37706E-2 1.24918E-2 1.20318E-2 9.93795E-3 1.10223E-2 9.66656E-3 8.21436E-3 1.77442E-3 1.93784E-3 3.43768E-3 3.8168E-3 4.18447E-3 1.76581E-3 2.03835E-3 1.55822E-3 5.50566E-4 8.19718E-5 2.41446E-4 1.27193E-3 3.03121E-3 4.77038E-3 5.13645E-3 6.68501E-3 6.17738E-3 6.6671E-4 1.04718E-3 1.23115E-3 2.72846E-4 2.98591E-5 2.46243E-6 2.44321E-6 5.95351E-5 1.2686E-4 9.79335E-5 1.36631E-5 6.61614E-5
2.68919E-3 7.7866E-3 7.99032E-3 9.46306E-3 8.86739E-3 7.84658E-3 8.38977E-3 1.15682E-2 1.30631E-2 9.81389E-3 9.16335E-3 2.27322E-2 2.33111E-2 1.95976E-2 2.06763E-2 1.73477E-2 1.42931E-2 1.12522E-2 7.97787E-3 6.44156E-3 3.76249E-3 1.62357E-3 4.36341E-4 4.07647E-4 1.2699E-3 1.07988E-3 6.41623E-4 2.09964E-3 6.05827E-3 4.33403E-3 5.48977E-3 1.32641E-2 1.55851E-2 1.55851E-2 1.29352E-2 1.38655E-2 1.30134E-2 1.24158E-2 1.22582E-2 1.06112E-2 1.04686E-2 7.81826E-3 9.35269E-3 1.05442E-2 1.01917E-2 8.37308E-3 6.92384E-3 6.24654E-3 4.04655E-3 1.70819E-3 1.02665E-3 1.93119E-3 3.02655E-3 5.31099E-3 7.58756E-3 8.92457E-3 6.94326E-3 2.40395E-3 3.55791E-4 2.18221E-4 1.74179E-4 2.68258E-4 1.53353E-4 4.66424E-4 3.88721E-4 7.17542E-4 2.8102E-4 2.24719E-4 2.56785E-4 1.1085E-4
1.36747E-3 3.3609E-3 2.16742E-3 6.27083E-3 1.03444E-2 1.02165E-2 1.12965E-2 1.18657E-2 1.50075E-2 1.30988E-2 1.20318E-2 2.55781E-2 2.50187E-2 2.30214E-2 2.18493E-2 2.01673E-2 1.8128E-2 1.41172E-2 1.05442E-2 6.28712E-3 4.28212E-3 1.69294E-3 7.92361E-4 5.8811E-4 1.73329E-3 3.58655E-3 8.32575E-4 9.05115E-4 5.70044E-3 6.99293E-3 7.81826E-3 1.24799E-2 1.54981E-2 1.7721E-2 1.67786E-2 1.50067E-2 1.3995E-2 1.35539E-2 1.33808E-2 1.23637E-2 1.19889E-2 1.10223E-2 1.20318E-2 1.14406E-2 1.08436E-2 1.03712E-2 9.23843E-3 6.75988E-3 5.43336E-3 3.99972E-3 4.48675E-3 5.92614E-3 7.51987E-3 8.56838E-3 1.02463E-2 1.10671E-2 6.54788E-3 3.06248E-3 8.40542E-4 1.49263E-3 1.92716E-3 2.96129E-3 2.69323E-3 2.41776E-3 8.53789E-4 5.14712E-4 8.56163E-4 7.9065E-4 2.67628E-4 4.05874E-5
1.17512E-3 2.04499E-3 1.71008E-3 2.00197E-3 7.94693E-3 1.07468E-2 1.64916E-2 2.10782E-2 2.05216E-2 2.05216E-2 2.05216E-2 2.73585E-2 2.38842E-2 2.41858E-2 2.47985E-2 2.33107E-2 2.01673E-2 1.65889E-2 1.1564E-2 7.5057E-3 3.95893E-3 2.81414E-3 2.15667E-3 1.03076E-3 6.60391E-4 1.61456E-3 1.74279E-3 7.11176E-4 3.98137E-3 4.14895E-3 6.88391E-3 1.22977E-2 1.63561E-2 1.80431E-2 1.64139E-2 1.5739E-2 1.46969E-2 1.4072E-2 1.46969E-2 1.4072E-2 1.37289E-2 1.28483E-2 1.22977E-2 1.23239E-2 1.23369E-2 1.21843E-2 1.12522E-2 8.73283E-3 8.1735E-3 8.08998E-3 8.38536E-3 9.3215E-3 1.05943E-2 1.1356E-2 1.36136E-2 7.84024E-3 4.35106E-3 1.0554E-3 1.82734E-3 4.34792E-3 6.50233E-3 9.74926E-3 9.5049E-3 3.80923E-3 2.93734E-3 3.11672E-3 1.57336E-3 7.01124E-4 1.08076E-4 7.32967E-5
5.02912E-4 1.0203E-4 9.97158E-4 1.07945E-3 4.17176E-3 1.10223E-2 1.47058E-2 1.9722E-2 2.64628E-2 2.88143E-2 2.9179E-2 2.59024E-2 2.27351E-2 2.56555E-2 2.56555E-2 2.59789E-2 2.42022E-2 1.83298E-2 1.28066E-2 7.5057E-3 4.83823E-3 3.45912E-3 3.9113E-3 2.87869E-3 6.94841E-4 4.70886E-4 2.05587E-3 1.74958E-3 3.83773E-3 5.83523E-3 6.85155E-3 1.00875E-2 1.50067E-2 1.83091E-2 1.64853E-2 1.58294E-2 1.53873E-2 1.53873E-2 1.49921E-2 1.43212E-2 1.3891E-2 1.46268E-2 1.45437E-2 1.44479E-2 1.41593E-2 1.30988E-2 1.14406E-2 9.99572E-3 1.02448E-2 1.0628E-2 1.1023E-2 1.17687E-2 1.31729E-2 1.44828E-2 1.52594E-2 1.31577E-2 1.1232E-2 8.41526E-3 7.85277E-3 1.10749E-2 1.36807E-2 1.25939E-2 1.15954E-2 9.44867E-3 4.92367E-3 3.33113E-3 3.67934E-3 5.67923E-4 6.40251E-5 1.58505E-4
8.98168E-4 4.33104E-4 2.39884E-4 1.50523E-4 1.88888E-3 6.7987E-3 7.38464E-3 3.933E-3 6.43041E-3 2.88143E-2 3.24985E-2 2.47629E-2 2.56555E-2 2.71367E-2 2.77047E-2 2.77047E-2 2.59024E-2 2.27351E-2 1.65043E-2 1.15838E-2 8.74433E-3 3.01372E-3 1.95501E-3 6.13149E-3 5.77059E-3 2.80998E-3 4.14895E-3 4.43945E-3 7.11391E-3 9.56967E-3 8.15087E-3 1.04771E-2 1.55377E-2 1.8301E-2 1.80645E-2 1.71578E-2 1.71578E-2 1.58531E-2 1.54222E-2 1.64853E-2 1.62455E-2 1.62455E-2 1.59966E-2 1.50067E-2 1.30134E-2 1.14405E-2 1.07462E-2 1.14406E-2 1.11425E-2 1.23227E-2 1.36224E-2 1.39605E-2 1.53935E-2 1.4723E-2 1.72132E-2 1.92991E-2 1.86967E-2 1.85366E-2 2.17544E-2 2.12607E-2 2.0459E-2 2.0208E-2 1.77547E-2 1.40008E-2 1.35653E-2 9.97399E-3 5.22904E-3 1.36837E-3 6.67921E-4 5.8662E-4
2.56962E-3 6.72806E-4 9.9025E-4 3.02491E-4 4.63223E-4 2.74264E-3 7.23372E-3 1.1422E-2 1.44426E-2 3.35148E-2 3.53429E-2 3.10318E-2 2.95476E-2 2.9179E-2 2.9726E-2 2.9726E-2 2.82642E-2 2.47052E-2 1.99722E-2 1.34312E-2 1.34312E-2 1.23369E-2 7.81826E-3 7.057E-3 9.16335E-3 4.7896E-3 4.26721E-3 8.46501E-3 8.71431E-3 7.48407E-3 1.1837E-2 1.16447E-2 1.53386E-2 1.85164E-2 1.80388E-2 1.7144E-2 1.73704E-2 1.69202E-2 1.7144E-2 1.6935E-2 1.71578E-2 1.69344E-2 1.66709E-2 1.31171E-2 1.19889E-2 1.22977E-2 1.24545E-2 1.23239E-2 1.26375E-2 1.37706E-2 1.55166E-2 1.6656E-2 1.53935E-2 1.22001E-2 1.2981E-2 1.67188E-2 1.79288E-2 2.10796E-2 2.44366E-2 2.6285E-2 2.4925E-2 2.64034E-2 2.1246E-2 1.92319E-2 1.15717E-2 1.1585E-2 2.67688E-3 9.77389E-4 8.96879E-4 6.51699E-4
4.55788E-3 3.54718E-3 1.53921E-3 5.51755E-4 2.36113E-5 1.92455E-4 5.42318E-3 8.6902E-3 1.49901E-2 3.1423E-2 3.67128E-2 3.43667E-2 3.20929E-2 3.24985E-2 3.20929E-2 3.16914E-2 2.93539E-2 2.47052E-2 2.18936E-2 1.86397E-2 1.53906E-2 1.66103E-2 1.40414E-2 8.31967E-3 9.54632E-3 5.03756E-3 1.24813E-3 9.30959E-3 1.21425E-2 9.95992E-3 1.08737E-2 1.55377E-2 1.62455E-2 1.85164E-2 1.78039E-2 1.78039E-2 1.73419E-2 1.73419E-2 1.75717E-2 1.79968E-2 1.78039E-2 1.80388E-2 1.80645E-2 1.71385E-2 1.54732E-2 1.43588E-2 1.38045E-2 1.33488E-2 1.40414E-2 1.55851E-2 1.74641E-2 1.94034E-2 1.5581E-2 1.34219E-2 1.32836E-2 1.45512E-2 1.73697E-2 1.79228E-2 2.06066E-2 2.11905E-2 2.1962E-2 2.74688E-2 2.20701E-2 1.99509E-2 1.92758E-2 1.18907E-2 1.07307E-3 6.2619E-4 5.63356E-4 4.66155E-4
1.42493E-3 5.03108E-3 3.05037E-3 1.15657E-3 3.85174E-4 1.40611E-4 1.43809E-3 4.25489E-3 1.37564E-3 2.11959E-2 3.47993E-2 3.5789E-2 3.84879E-2 3.71283E-2 3.57897E-2 3.66636E-2 3.44644E-2 2.72142E-2 2.27322E-2 1.7651E-2 1.33972E-2 1.56952E-2 1.81756E-2 1.08822E-2 1.02088E-2 6.25397E-3 4.79344E-3 9.30959E-3 1.19889E-2 1.3995E-2 1.33808E-2 1.67006E-2 1.92148E-2 1.89658E-2 1.82763E-2 1.73419E-2 1.73419E-2 1.77612E-2 1.81774E-2 1.86631E-2 1.86631E-2 1.8476E-2 1.89658E-2 1.62722E-2 1.3816E-2 1.37289E-2 1.44479E-2 1.49194E-2 1.61966E-2 1.83298E-2 2.01673E-2 2.11959E-2 1.75387E-2 1.43135E-2 1.24243E-2 1.60346E-2 1.79288E-2 2.02106E-2 2.01791E-2 2.26158E-2 2.34491E-2 3.08254E-2 3.25291E-2 3.88837E-2 3.77956E-2 1.12787E-2 3.47597E-4 2.90177E-4 1.76E-4 1.77393E-4
3.9113E-3 1.3723E-3 3.47156E-3 2.58729E-3 1.89302E-3 3.89161E-4 3.11483E-4 7.02613E-4 8.06717E-4 9.88557E-3 2.11959E-2 3.66948E-2 4.15117E-2 4.17605E-2 4.14537E-2 4.14537E-2 3.92034E-2 3.17893E-2 2.56805E-2 2.13471E-2 1.74294E-2 1.67018E-2 1.87474E-2 1.4819E-2 1.14405E-2 8.35919E-3 7.67474E-3 5.9684E-3 6.68119E-3 1.26851E-2 1.78352E-2 1.90046E-2 2.03799E-2 1.96672E-2 1.89658E-2 1.75717E-2 1.82351E-2 1.86631E-2 1.88372E-2 1.81774E-2 1.5222E-2 1.41883E-2 1.54222E-2 1.4072E-2 1.4072E-2 1.46268E-2 1.56726E-2 1.72102E-2 1.7721E-2 1.99722E-2 2.27351E-2 2.08518E-2 1.83655E-2 1.43135E-2 1.44693E-2 1.81351E-2 1.98412E-2 2.32997E-2 2.3927E-2 2.57387E-2 2.81978E-2 3.05251E-2 4.03394E-2 4.56411E-2 3.9835E-2 1.89324E-3 5.02356E-4 1.40907E-4 1.58159E-4 2.39602E-4
5.26638E-3 4.35751E-3 1.40782E-3 1.31468E-3 2.05372E-3 2.26686E-3 3.92137E-4 1.14265E-4 3.29097E-4 1.15413E-3 4.82507E-3 3.18396E-2 4.07196E-2 4.15117E-2 4.14537E-2 4.16429E-2 4.05973E-2 3.84699E-2 3.18627E-2 2.79036E-2 2.37021E-2 2.161E-2 1.72102E-2 1.35192E-2 1.06117E-2 9.19309E-3 4.21487E-3 3.46072E-3 3.60795E-3 4.97486E-3 1.7361E-2 2.09172E-2 2.21226E-2 2.08299E-2 1.9412E-2 1.86631E-2 1.81774E-2 1.88372E-2 2.04536E-2 1.84189E-2 1.38214E-2 1.41883E-2 1.35941E-2 1.45633E-2 1.49467E-2 1.59966E-2 1.73263E-2 1.90174E-2 2.02854E-2 2.27322E-2 2.47629E-2 2.29617E-2 1.8757E-2 1.75607E-2 1.81562E-2 2.11479E-2 2.45559E-2 2.71185E-2 2.77345E-2 3.08067E-2 3.41268E-2 3.87783E-2 4.69045E-2 4.52188E-2 1.02449E-2 3.24759E-3 8.26974E-3 7.36361E-3 6.09841E-3 2.62498E-3
6.17321E-3 5.43336E-3 3.0903E-3 3.32713E-4 3.43751E-4 9.82342E-4 1.84774E-3 1.22067E-3 1.39594E-5 1.11051E-4 5.10115E-4 1.95184E-2 4.0209E-2 4.19813E-2 4.07178E-2 3.9463E-2 3.91934E-2 4.03591E-2 3.72537E-2 3.11067E-2 2.97452E-2 2.45235E-2 1.87759E-2 1.46324E-2 1.04785E-2 8.35919E-3 4.49467E-3 3.74439E-3 4.85352E-3 3.37602E-3 1.22582E-2 2.21226E-2 2.30292E-2 2.19984E-2 2.1554E-2 1.90873E-2 1.88372E-2 2.0186E-2 2.06003E-2 2.06003E-2 1.90873E-2 1.95069E-2 1.6935E-2 1.58531E-2 1.73799E-2 1.80738E-2 2.14662E-2 2.20273E-2 2.37021E-2 2.52572E-2 2.56555E-2 2.11959E-2 1.81443E-2 2.04577E-2 2.22149E-2 2.49139E-2 2.7601E-2 3.01505E-2 3.28806E-2 3.65529E-2 4.10824E-2 5.01297E-2 5.54232E-2 4.02678E-2 2.49785E-3 1.54311E-2 1.73651E-2 1.25182E-2 5.6865E-3 1.85128E-3
5.17714E-3 4.90164E-3 4.48675E-3 3.22555E-3 1.43746E-3 3.06795E-4 4.11304E-4 1.74511E-3 9.8521E-4 3.62791E-4 8.46793E-4 2.01324E-2 4.00963E-2 4.27102E-2 4.00825E-2 3.86958E-2 4.02347E-2 4.05239E-2 3.86958E-2 3.42419E-2 3.27631E-2 2.72009E-2 2.23774E-2 1.57915E-2 1.20168E-2 7.11391E-3 2.13426E-3 2.8014E-3 4.85352E-3 4.73399E-3 1.39058E-2 2.36357E-2 2.45351E-2 2.34709E-2 2.31664E-2 2.17126E-2 2.14299E-2 1.97657E-2 2.0186E-2 2.23847E-2 2.27791E-2 2.15696E-2 1.91596E-2 1.82763E-2 1.9412E-2 2.22873E-2 2.19417E-2 1.80431E-2 2.40066E-2 2.63412E-2 2.47629E-2 2.08518E-2 2.16576E-2 2.34271E-2 2.62316E-2 2.94822E-2 3.19417E-2 3.5056E-2 3.98573E-2 4.4713E-2 5.20025E-2 5.89732E-2 6.22068E-2 2.52493E-2 1.06688E-2 1.65194E-2 1.2417E-2 6.71062E-3 1.1487E-3 7.23464E-4
1.20088E-3 1.70681E-3 2.40848E-3 2.62702E-3 2.13626E-3 2.35931E-3 1.0178E-3 1.73981E-3 1.99589E-3 6.22158E-4 3.53812E-5 5.69551E-3 2.66357E-2 3.89182E-2 4.15774E-2 4.03591E-2 3.97225E-2 3.92157E-2 3.80766E-2 3.48576E-2 3.3542E-2 3.0668E-2 2.26648E-2 1.80032E-2 1.45218E-2 4.09835E-3 1.81874E-3 3.35788E-3 5.10019E-3 4.79344E-3 1.56726E-2 2.51802E-2 2.64054E-2 2.52975E-2 2.42177E-2 2.39038E-2 2.29823E-2 2.15696E-2 2.12872E-2 2.12872E-2 2.23847E-2 2.19813E-2 2.15696E-2 2.18551E-2 2.21438E-2 2.22873E-2 1.95035E-2 1.90174E-2 2.0029E-2 2.32903E-2 2.15782E-2 1.94034E-2 2.33827E-2 2.7631E-2 3.12505E-2 3.39363E-2 3.9095E-2 4.27372E-2 4.50399E-2 5.16167E-2 5.95115E-2 6.68822E-2 6.80417E-2 4.14536E-2 2.1862E-2 1.59328E-2 3.64522E-3 4.31146E-3 1.35446E-3 2.32501E-5
3.22991E-4 2.0649E-4 3.51729E-4 4.52219E-4 7.09928E-4 5.77597E-4 1.21846E-3 1.51212E-3 1.39296E-3 1.25467E-3 3.71644E-5 1.79342E-4 7.26159E-3 2.89856E-2 3.99388E-2 4.05638E-2 3.94275E-2 3.77268E-2 3.84209E-2 3.77268E-2 3.72537E-2 3.27399E-2 2.72009E-2 2.26648E-2 1.95083E-2 6.05627E-3 1.477E-3 4.09835E-3 5.62969E-3 3.0024E-3 1.14405E-2 2.47224E-2 2.76119E-2 2.72558E-2 2.72558E-2 2.61479E-2 2.54738E-2 2.40991E-2 2.33881E-2 2.4169E-2 2.48689E-2 2.33881E-2 2.29823E-2 2.29823E-2 2.43271E-2 2.11033E-2 1.69184E-2 1.61482E-2 1.64916E-2 1.86397E-2 1.98434E-2 1.99981E-2 2.53846E-2 2.87376E-2 3.28064E-2 3.73057E-2 4.13683E-2 4.73624E-2 5.12101E-2 5.88564E-2 6.59012E-2 7.07313E-2 6.75738E-2 2.30846E-2 1.7801E-2 1.23838E-2 3.51356E-3 1.25423E-3 4.90582E-4 5.25826E-4
1.31808E-4 3.72753E-5 6.77643E-5 1.5723E-4 3.98889E-4 6.99159E-4 4.96165E-4 5.4969E-4 1.39097E-4 1.60692E-5 1.57473E-4 2.29323E-5 1.16176E-3 1.87943E-2 3.63781E-2 4.05638E-2 3.90287E-2 3.84822E-2 3.80183E-2 3.95205E-2 3.74354E-2 3.56126E-2 3.30411E-2 2.98922E-2 2.18588E-2 1.04474E-2 5.49432E-3 4.48204E-3 6.43041E-3 2.61814E-3 5.16347E-3 1.97576E-2 2.78037E-2 2.91677E-2 2.918E-2 2.88029E-2 2.84299E-2 2.76808E-2 2.8382E-2 2.87006E-2 2.86219E-2 2.8011E-2 2.66223E-2 2.44898E-2 2.17126E-2 1.71559E-2 1.41759E-2 1.38045E-2 1.24545E-2 1.30988E-2 1.4949E-2 1.95091E-2 2.47709E-2 2.87376E-2 3.20327E-2 3.89445E-2 4.36326E-2 4.7674E-2 5.53949E-2 6.06258E-2 6.75722E-2 6.97819E-2 5.10826E-2 1.66177E-2 1.88841E-2 1.31038E-2 6.68807E-3 2.43854E-3 2.2061E-3 8.80143E-3
1.11881E-3 3.72363E-4 1.53489E-4 4.45514E-5 1.76071E-5 2.81147E-4 4.91176E-4 3.43495E-4 2.86023E-4 1.39097E-4 4.44784E-5 1.33635E-4 6.22158E-4 7.81015E-3 3.31802E-2 3.88313E-2 3.90203E-2 3.95205E-2 3.94745E-2 3.90097E-2 3.8524E-2 3.67565E-2 3.42419E-2 3.19346E-2 2.27087E-2 4.40982E-3 4.30388E-3 2.7475E-3 3.9113E-3 5.35725E-3 3.0874E-3 8.01427E-3 1.92296E-2 2.82601E-2 3.07242E-2 3.10432E-2 3.09671E-2 2.93866E-2 3.00679E-2 3.04653E-2 2.90805E-2 2.76808E-2 2.37839E-2 2.07242E-2 1.80645E-2 1.4072E-2 8.73922E-3 9.82912E-3 8.93647E-3 1.00349E-2 1.24902E-2 1.65021E-2 2.13971E-2 2.41323E-2 3.04672E-2 3.92821E-2 4.59474E-2 5.00924E-2 5.66488E-2 6.30825E-2 6.99689E-2 6.98137E-2 5.34481E-2 2.6285E-2 2.07591E-2 4.82015E-3 4.5672E-3 1.32075E-3 1.77522E-3 2.22797E-2
2.37046E-3 1.03196E-3 2.78434E-4 4.70902E-5 5.10151E-6 2.35152E-5 2.2691E-5 2.01758E-5 3.65496E-5 1.43777E-5 2.62046E-4 8.28892E-4 7.43138E-4 5.11705E-3 1.99722E-2 2.85256E-2 3.6309E-2 3.78393E-2 3.79255E-2 3.84822E-2 3.80183E-2 3.79255E-2 3.60763E-2 3.55883E-2 3.1062E-2 6.21106E-3 1.38851E-3 1.82738E-3 2.34911E-3 2.15667E-3 2.9488E-3 5.34712E-3 3.70193E-3 1.21835E-2 2.73351E-2 3.10954E-2 3.14487E-2 2.95519E-2 2.87912E-2 2.7335E-2 2.7335E-2 2.29823E-2 2.11503E-2 1.82763E-2 1.53873E-2 1.04643E-2 6.17606E-3 6.25397E-3 6.1958E-3 7.41411E-3 8.14891E-3 8.27279E-3 8.99605E-3 1.47766E-2 2.89851E-2 4.18187E-2 4.63965E-2 5.24912E-2 5.84647E-2 6.34289E-2 6.78431E-2 6.93096E-2 6.60603E-2 3.54203E-2 1.43461E-2 3.25417E-3 1.83196E-3 4.82811E-4 2.08788E-3 3.20483E-2
