KUENM/Final_Models/M_0.1_F_lq_Set_2_E/sp1_2_se_asia.asc
ncols         320
nrows         243
xllcorner     44.0
yllcorner     -0.666666666666667
cellsize      0.166666666666667
NODATA_value  -9999
[rows 62 to 92 of 243, columns 210 to 279 of 320]
2.33988E-6 1.5601E-9 7.9643E-11 6.47645E-11 1.12386E-8 2.30275E-7 6.51908E-7 3.09802E-7 5.11116E-6 5.21738E-6 3.05214E-6 4.00715E-6 1.99276E-5 8.04561E-5 3.41373E-4 1.46661E-5 1.81465E-3 5.16056E-5 6.1079E-6 2.49974E-7 1.61705E-10 2.70671E-13 6.45823E-13 3.15684E-11 1.02172E-10 2.77935E-12 -9999 -9999 -9999 -9999 -9999 -9999 -9999 -9999 -9999 -9999 -9999 -9999 -9999 -9999 -9999 -9999 -9999 -9999 -9999 -9999 -9999 -9999 -9999 -9999 -9999 -9999 -9999 -9999 -9999 -9999 -9999 -9999 -9999 -9999 -9999 -9999 -9999 -9999 -9999 -9999 -9999 -9999 -9999 -9999
2.67564E-4 8.53527E-7 1.70504E-10 1.31848E-10 8.3565E-9 8.67257E-8 3.26732E-7 5.22053E-7 5.88132E-6 8.19495E-6 9.73049E-6 2.08021E-5 4.00545E-5 2.04906E-4 1.33733E-4 3.00664E-4 1.89922E-4 8.7052E-5 4.07933E-5 1.69819E-5 2.716E-7 1.40674E-11 4.36577E-12 1.50823E-11 4.17275E-12 1.03774E-12 7.97804E-15 -9999 -9999 4.71471E-12 5.00886E-12 -9999 -9999 -9999 -9999 -9999 -9999 -9999 -9999 -9999 -9999 -9999 -9999 -9999 -9999 -9999 -9999 -9999 -9999 -9999 -9999 -9999 -9999 -9999 -9999 -9999 -9999 -9999 -9999 -9999 -9999 -9999 -9999 -9999 -9999 -9999 -9999 -9999 -9999 -9999
6.30219E-3 4.18666E-4 1.36105E-5 4.21787E-7 3.98864E-8 2.41818E-8 1.9928E-7 3.81679E-7 4.87946E-7 3.37407E-6 5.2168E-6 7.72043E-6 1.53151E-5 3.46176E-5 1.86152E-4 7.57114E-4 2.6125E-4 2.59877E-6 3.74832E-7 5.44804E-8 2.73475E-7 3.33911E-6 2.43088E-8 1.28814E-8 2.31435E-12 7.00125E-13 6.69067E-13 1.05358E-15 1.96159E-16 1.69218E-8 3.57292E-12 -9999 -9999 -9999 -9999 -9999 -9999 -9999 -9999 -9999 -9999 -9999 -9999 -9999 -9999 -9999 -9999 -9999 -9999 -9999 -9999 -9999 -9999 -9999 -9999 -9999 -9999 -9999 -9999 -9999 -9999 -9999 -9999 -9999 -9999 -9999 -9999 -9999 -9999 -9999
3.78072E-2 1.32646E-2 8.19978E-3 2.1307E-3 1.65677E-4 2.5803E-5 6.65278E-5 2.40658E-4 7.64809E-6 5.35674E-7 4.83653E-7 3.88661E-7 2.10131E-6 7.72477E-6 3.56781E-5 4.84291E-5 3.09171E-4 1.397E-4 4.29118E-5 3.54618E-4 1.58025E-5 8.36781E-6 1.21364E-7 1.34808E-6 2.35423E-9 1.94326E-11 8.2892E-13 7.84921E-15 6.29287E-10 1.1317E-9 3.76253E-15 -9999 -9999 -9999 -9999 -9999 -9999 -9999 -9999 -9999 -9999 -9999 -9999 -9999 -9999 -9999 -9999 -9999 -9999 -9999 -9999 -9999 -9999 -9999 -9999 -9999 -9999 -9999 -9999 -9999 -9999 -9999 -9999 -9999 -9999 -9999 -9999 -9999 -9999 -9999
9.84667E-2 5.53992E-2 3.71399E-2 2.30888E-2 6.47457E-3 6.56894E-4 2.89642E-4 5.09028E-5 1.78766E-6 4.76833E-7 1.78962E-7 3.59603E-8 6.83216E-8 7.62325E-7 1.20196E-5 8.5769E-6 2.8313E-5 9.28187E-5 2.27651E-5 8.11169E-6 1.70046E-5 6.64879E-6 1.35195E-6 1.05517E-7 8.43848E-13 6.27771E-16 3.10448E-17 1.20345E-11 5.80784E-9 1.19245E-12 3.37914E-14 7.82213E-13 2.34625E-16 -9999 -9999 -9999 -9999 -9999 -9999 -9999 -9999 -9999 -9999 -9999 -9999 -9999 -9999 -9999 -9999 -9999 -9999 -9999 -9999 -9999 -9999 -9999 -9999 -9999 -9999 -9999 -9999 -9999 -9999 -9999 -9999 -9999 -9999 -9999 -9999 -9999
1.39768E-1 9.47673E-2 6.33396E-2 3.44349E-2 6.80388E-3 1.59607E-3 1.32742E-3 2.62061E-4 1.18561E-5 3.83646E-6 3.62244E-6 5.70743E-7 6.5047E-8 7.25226E-9 2.88765E-8 9.37548E-9 7.77914E-7 7.2369E-6 6.23617E-7 3.29559E-7 6.73302E-7 7.19788E-7 4.00649E-6 3.22997E-6 7.73288E-8 9.38123E-7 2.39846E-7 6.65937E-6 9.46332E-9 3.25832E-14 1.38319E-12 1.87793E-11 8.51017E-9 1.79645E-13 1.97559E-10 -9999 9.03715E-13 -9999 -9999 -9999 -9999 -9999 -9999 -9999 -9999 -9999 -9999 -9999 -9999 -9999 -9999 -9999 -9999 -9999 -9999 -9999 -9999 -9999 -9999 -9999 -9999 -9999 -9999 -9999 -9999 -9999 -9999 -9999 -9999 -9999
1.47481E-1 1.22749E-1 7.84069E-2 2.90233E-2 4.12935E-3 1.80857E-3 3.368E-3 2.83085E-3 4.79561E-4 2.07326E-4 1.39354E-4 6.92025E-5 1.12325E-5 1.98178E-6 9.18775E-8 2.07648E-9 2.25676E-8 1.71465E-6 4.47516E-5 1.93652E-5 6.17775E-6 8.36814E-7 2.08238E-6 4.03867E-6 1.28684E-6 8.54296E-7 1.16738E-9 5.49326E-13 2.16033E-7 7.90386E-9 1.04426E-6 8.71484E-8 2.73903E-6 1.39108E-11 4.63006E-11 4.22429E-5 -9999 -9999 -9999 -9999 -9999 -9999 -9999 -9999 -9999 -9999 -9999 -9999 -9999 -9999 -9999 -9999 -9999 -9999 -9999 -9999 -9999 -9999 -9999 -9999 -9999 -9999 -9999 -9999 -9999 -9999 -9999 -9999 -9999 -9999
1.64427E-1 1.41772E-1 9.15147E-2 4.15087E-2 5.67142E-3 2.77293E-3 4.42436E-3 6.48139E-3 3.79865E-3 2.77787E-3 3.48369E-3 4.27713E-3 9.45039E-4 1.87968E-4 1.43201E-4 1.8478E-4 6.83943E-5 3.48721E-6 1.51934E-5 4.13281E-5 1.58985E-5 3.06256E-6 6.62061E-7 8.3995E-8 4.9074E-9 2.56994E-9 1.30383E-12 1.59195E-16 1.32379E-27 9.35649E-32 1.83907E-29 4.69039E-25 1.38664E-19 1.68804E-7 6.25157E-6 7.08937E-6 9.04328E-7 7.36535E-8 5.55063E-7 9.72891E-13 -9999 -9999 -9999 -9999 -9999 -9999 -9999 -9999 -9999 -9999 -9999 -9999 -9999 -9999 -9999 -9999 -9999 -9999 -9999 -9999 -9999 -9999 -9999 -9999 -9999 7.60912E-15 8.69538E-16 3.14629E-17 3.55142E-15 -9999
2.2617E-1 1.85815E-1 1.28103E-1 7.76517E-2 3.19203E-2 1.46107E-2 1.18211E-2 1.84927E-2 1.57393E-2 1.27582E-2 1.52792E-2 1.7963E-2 8.79334E-3 4.73211E-3 7.5934E-3 1.94825E-2 1.63734E-2 2.7642E-3 2.2213E-5 9.63659E-6 1.08956E-5 2.07975E-5 5.17946E-5 1.10036E-5 2.49764E-8 9.70948E-9 6.51092E-13 2.76493E-15 4.47843E-21 3.74752E-23 3.19614E-25 3.53703E-23 4.84731E-22 1.41294E-17 1.36539E-13 3.33529E-10 3.68026E-7 5.05611E-7 7.23595E-8 9.71347E-9 4.64148E-9 -9999 7.10339E-12 -9999 -9999 8.41831E-17 -9999 -9999 -9999 -9999 -9999 -9999 -9999 -9999 -9999 -9999 -9999 2.19191E-14 -9999 -9999 -9999 -9999 -9999 1.36918E-12 6.63581E-11 6.10929E-13 4.203E-12 6.86069E-14 2.82945E-16 -9999
3.24408E-1 2.48431E-1 1.96516E-1 1.43365E-1 9.24976E-2 6.08721E-2 5.79419E-2 6.52044E-2 3.73913E-2 2.63664E-2 2.52967E-2 2.78582E-2 2.39001E-2 2.38644E-2 3.38885E-2 4.11654E-2 2.5877E-2 4.41205E-3 1.05788E-4 1.18181E-5 9.353E-6 2.83665E-5 1.26925E-4 1.99205E-4 7.91597E-6 8.73013E-7 1.37968E-8 9.7754E-10 1.90027E-12 6.28285E-15 2.66896E-16 9.0146E-17 4.00208E-16 5.35036E-15 5.16936E-14 1.77478E-11 1.38606E-10 3.30055E-9 1.93244E-11 2.13562E-14 1.61848E-13 1.50771E-12 -9999 8.2756E-9 -9999 3.11989E-14 6.46054E-13 3.86252E-17 -9999 -9999 -9999 -9999 -9999 -9999 -9999 8.39909E-16 2.00298E-13 7.28019E-13 2.65586E-14 -9999 -9999 -9999 1.25277E-11 3.23972E-10 1.19264E-7 2.2908E-11 2.85426E-9 2.05581E-13 1.39975E-12 7.15583E-12
4.10258E-1 3.25366E-1 2.6611E-1 2.17549E-1 1.6528E-1 1.16003E-1 9.75233E-2 8.19602E-2 4.94612E-2 3.59508E-2 4.04149E-2 4.25851E-2 4.14661E-2 4.36353E-2 4.82488E-2 4.0347E-2 2.19638E-2 5.87465E-3 7.53347E-4 8.21428E-5 1.53859E-5 2.44161E-5 1.09107E-4 2.96434E-4 1.1672E-4 5.04663E-6 3.20557E-8 3.29344E-9 1.4926E-11 2.3773E-12 7.25685E-14 2.17809E-13 2.57488E-12 8.64093E-12 1.58466E-11 4.32142E-12 2.43111E-9 2.58721E-9 6.078E-11 1.41252E-9 1.60619E-13 3.77043E-17 1.0201E-13 2.1455E-13 7.61884E-10 9.62669E-13 5.63127E-10 1.43664E-14 3.38058E-12 1.19221E-9 1.36138E-14 1.25824E-11 6.71225E-12 1.1968E-12 1.14148E-16 8.79088E-16 1.44123E-11 4.08034E-9 3.88404E-10 -9999 -9999 4.79391E-12 5.29378E-12 2.57736E-10 4.14851E-7 5.2029E-7 3.47821E-7 5.78572E-10 6.40854E-9 2.88952E-9
4.68088E-1 3.9529E-1 3.36701E-1 3.033E-1 2.38953E-1 1.62712E-1 1.02875E-1 7.67855E-2 5.2033E-2 2.78293E-2 4.47539E-2 5.46377E-2 5.73438E-2 5.80364E-2 5.60269E-2 3.94317E-2 2.04654E-2 7.49526E-3 2.20564E-3 6.31776E-4 2.41791E-4 1.96739E-4 3.15877E-4 8.13773E-4 5.63328E-4 2.78806E-5 2.41536E-6 6.95918E-8 6.2164E-9 2.60497E-11 3.90948E-13 5.45656E-11 5.50586E-9 4.4765E-9 3.30281E-10 5.43339E-9 6.22523E-12 2.00175E-10 2.35741E-11 3.97957E-7 4.66548E-7 1.21121E-12 1.54325E-11 1.23713E-13 5.36152E-11 3.56349E-10 5.54237E-13 3.65057E-10 7.07814E-13 1.04983E-18 2.1826E-12 2.6392E-9 3.67102E-9 4.85111E-9 1.40591E-14 1.29661E-12 3.05598E-9 2.20933E-9 6.80966E-9 -9999 1.05158E-11 4.11434E-9 2.05373E-9 3.69023E-8 3.43289E-9 2.40053E-15 4.36375E-7 8.73002E-7 8.45247E-7 1.3764E-6
5.16144E-1 4.6488E-1 4.05302E-1 3.71485E-1 3.15611E-1 2.34374E-1 1.11727E-1 8.21659E-2 7.67855E-2 5.33228E-2 6.75133E-2 8.84569E-2 8.11882E-2 7.6846E-2 6.46689E-2 4.25871E-2 2.22736E-2 1.0281E-2 5.40433E-3 2.87713E-3 1.62383E-3 1.16502E-3 1.35226E-3 1.8135E-3 1.02221E-3 1.9238E-4 1.20711E-4 4.67339E-5 1.51823E-6 7.81087E-8 2.79157E-8 1.19657E-7 6.04976E-7 2.60798E-7 5.8075E-9 1.71498E-10 1.23113E-9 2.226E-7 1.80503E-7 1.02648E-6 1.06273E-5 1.86033E-5 2.00517E-5 2.58156E-8 3.11864E-11 6.08323E-13 3.96488E-13 1.22931E-13 2.93183E-11 4.23953E-9 8.34136E-13 5.76256E-12 7.74752E-13 3.05058E-11 1.00244E-8 3.22512E-10 6.44891E-13 1.73218E-16 9.07359E-9 -9999 1.04654E-9 7.11552E-8 2.2748E-7 2.8325E-7 3.09527E-7 3.19132E-14 2.18861E-7 3.73206E-7 4.51372E-8 3.22044E-9
5.357E-1 5.08311E-1 4.52769E-1 3.97903E-1 3.91145E-1 3.80915E-1 2.47356E-1 1.33238E-1 9.86765E-2 1.00761E-1 1.52739E-1 1.56859E-1 1.30574E-1 1.07277E-1 8.40219E-2 5.33696E-2 2.8212E-2 1.39559E-2 1.33491E-2 1.3151E-2 7.61919E-3 4.20717E-3 3.79865E-3 3.93061E-3 1.30125E-3 2.55183E-4 2.71459E-4 6.81459E-4 1.50424E-4 1.51138E-5 6.53189E-6 8.00329E-6 4.65209E-5 5.96743E-4 3.59659E-5 8.42727E-9 5.44957E-11 1.06232E-10 3.35052E-11 2.77671E-9 2.61583E-5 5.42931E-4 3.2877E-4 1.4901E-4 2.30335E-5 1.64017E-5 1.86681E-7 6.90738E-12 5.15112E-9 2.79166E-3 1.00794E-10 6.86439E-10 2.22266E-8 3.97464E-13 3.52216E-12 4.69851E-20 6.05809E-22 3.15155E-23 5.95057E-13 1.2037E-8 2.12892E-9 1.23902E-7 1.31136E-7 4.88414E-8 6.38668E-8 2.79417E-15 4.57814E-31 1.41281E-11 2.41479E-8 5.50711E-20
5.22483E-1 5.4172E-1 4.7482E-1 4.04606E-1 4.22725E-1 4.40328E-1 3.50695E-1 2.11444E-1 1.33238E-1 1.35776E-1 1.84658E-1 1.97195E-1 2.01898E-1 1.77401E-1 1.24587E-1 7.59917E-2 4.14623E-2 2.35383E-2 3.79148E-2 5.79419E-2 2.67328E-2 1.20035E-2 9.66394E-3 8.79245E-3 3.24567E-3 5.76172E-4 7.57478E-4 2.36421E-3 1.19722E-3 3.04393E-4 2.74688E-4 4.86293E-4 6.79483E-4 2.13096E-3 4.65347E-3 6.96327E-4 3.49206E-6 3.86765E-8 6.4935E-9 3.6591E-8 1.02497E-6 4.24505E-5 4.26314E-4 2.53906E-4 9.70593E-4 1.33338E-4 6.23009E-4 7.60265E-7 1.2053E-3 9.58324E-3 1.10157E-5 1.78735E-4 1.53612E-8 3.47535E-13 2.26682E-15 4.95596E-23 1.79475E-25 5.46811E-25 9.61879E-22 4.44658E-28 2.57148E-19 4.8203E-21 3.93766E-14 6.84493E-10 9.8031E-11 3.36963E-20 1.21886E-40 7.27087E-19 2.43211E-24 5.02264E-26
4.52217E-1 4.96156E-1 4.64423E-1 4.21098E-1 4.35582E-1 4.30795E-1 3.60168E-1 2.66658E-1 2.36043E-1 2.54636E-1 2.34664E-1 2.2141E-1 2.80996E-1 2.78795E-1 1.71515E-1 9.97765E-2 6.24023E-2 4.14623E-2 4.89437E-2 8.67109E-2 4.20441E-2 2.26087E-2 2.10562E-2 2.49464E-2 2.04429E-2 6.63045E-3 4.0795E-3 5.27859E-3 3.77285E-3 1.28485E-3 2.15573E-3 5.8705E-3 7.14411E-3 6.69587E-3 1.52449E-2 6.69445E-3 5.61709E-4 8.69811E-5 4.9996E-5 1.10763E-4 1.34599E-4 8.77004E-5 4.51742E-5 9.98246E-5 1.99449E-3 7.16747E-4 1.233E-3 1.01097E-3 7.64713E-4 4.92763E-3 4.43584E-3 6.04545E-5 1.40397E-7 5.64821E-12 3.21058E-21 4.42651E-27 2.03569E-30 8.77901E-37 2.66247E-44 0E0 1.4013E-45 0E0 0E0 2.75245E-28 1.25414E-24 1.4013E-45 0E0 7.00649E-45 0E0 7.60905E-43
4.00945E-1 4.53022E-1 4.47554E-1 4.39683E-1 4.51231E-1 4.38751E-1 3.86043E-1 3.32096E-1 3.40903E-1 3.70584E-1 2.91866E-1 2.43261E-1 3.30825E-1 2.89761E-1 1.88076E-1 1.30802E-1 9.77039E-2 6.61899E-2 5.27186E-2 6.93504E-2 5.20739E-2 4.15068E-2 4.7139E-2 6.31634E-2 7.17837E-2 3.21993E-2 1.40214E-2 1.49472E-2 1.3903E-2 8.6135E-3 1.19866E-2 1.98861E-2 1.43934E-2 1.25657E-2 1.957E-2 1.1625E-2 4.65536E-3 4.27781E-3 3.08883E-3 8.75789E-3 1.00492E-2 4.26606E-3 1.59602E-3 4.9064E-4 1.49848E-4 8.96462E-5 2.07784E-5 9.63159E-8 1.51663E-11 5.97318E-10 1.47295E-8 2.82845E-12 6.73253E-17 3.63138E-18 3.70521E-19 6.66064E-23 1.38416E-35 1.48313E-41 8.40779E-44 7.00649E-45 0E0 0E0 0E0 0E0 0E0 0E0 0E0 0E0 0E0 0E0
4.61379E-1 4.63766E-1 4.78654E-1 4.80638E-1 4.80638E-1 4.82078E-1 4.6637E-1 4.5735E-1 4.553E-1 4.28465E-1 3.72969E-1 3.44965E-1 3.3967E-1 2.81307E-1 2.05251E-1 1.86548E-1 1.62879E-1 1.09487E-1 6.02113E-2 7.01504E-2 8.77819E-2 1.04018E-1 1.08378E-1 9.66697E-2 8.58586E-2 5.18653E-2 2.99945E-2 2.8092E-2 2.59154E-2 3.18391E-2 5.20739E-2 7.0112E-2 6.01533E-2 3.73913E-2 3.63712E-2 3.26582E-2 2.18888E-2 3.31027E-3 1.91273E-3 1.12545E-2 2.94415E-2 2.16603E-2 2.73916E-2 2.04719E-2 1.4567E-3 2.96361E-4 4.5869E-5 1.37917E-6 1.11988E-8 1.34366E-10 9.58453E-14 2.01482E-18 6.96451E-20 2.8544E-18 2.22605E-17 1.76829E-17 1.24627E-26 1.27557E-35 3.55647E-39 6.42688E-38 1.01315E-35 2.1895E-39 0E0 0E0 0E0 0E0 0E0 1.68156E-44 1.54717E-41 2.09118E-39
4.93765E-1 4.7496E-1 4.75721E-1 4.74246E-1 4.73351E-1 5.06985E-1 4.96156E-1 4.97531E-1 4.7774E-1 4.24276E-1 3.83325E-1 3.64724E-1 3.34708E-1 2.88341E-1 2.58667E-1 2.56714E-1 2.53285E-1 1.92541E-1 1.1985E-1 9.06601E-2 1.15177E-1 1.55864E-1 1.37146E-1 1.02889E-1 8.56301E-2 6.58839E-2 4.33377E-2 3.56156E-2 4.18241E-2 8.03423E-2 1.59895E-1 1.47341E-1 1.04872E-1 4.95276E-2 5.2033E-2 7.39725E-2 5.64394E-2 5.67983E-3 8.56779E-4 1.35467E-2 7.2693E-2 8.00151E-2 6.73117E-2 8.9637E-2 6.8085E-2 1.98152E-2 1.5671E-3 1.39821E-4 4.24063E-6 5.42811E-8 1.2376E-10 6.50034E-14 3.63507E-16 2.4275E-16 5.52078E-16 4.97424E-17 1.61147E-21 9.02865E-28 1.72159E-31 6.25737E-31 2.03052E-29 1.6884E-31 1.63678E-39 2.8026E-45 2.8026E-45 1.8961E-41 7.00083E-38 1.6735E-35 8.94453E-34 6.82066E-32
4.8085E-1 4.29171E-1 4.14371E-1 4.19342E-1 4.17689E-1 4.53022E-1 4.49113E-1 4.20991E-1 3.57701E-1 3.24189E-1 3.34708E-1 3.54179E-1 3.38258E-1 3.09812E-1 3.0424E-1 2.98932E-1 2.75756E-1 2.38017E-1 1.83511E-1 1.00761E-1 7.93563E-2 1.35863E-1 1.283E-1 7.57055E-2 8.26349E-2 8.08088E-2 4.20741E-2 3.64244E-2 7.83234E-2 1.71593E-1 2.1814E-1 1.4902E-1 1.00827E-1 5.20739E-2 6.24208E-2 9.15147E-2 1.36271E-1 1.57455E-1 4.25395E-2 3.41018E-2 6.222E-2 8.54289E-2 7.71507E-2 1.1614E-1 1.08328E-1 5.56009E-2 1.21697E-2 2.24849E-3 2.66813E-4 2.64073E-5 4.35628E-7 6.27469E-10 8.10106E-13 3.08172E-14 1.67763E-14 1.87331E-15 7.64402E-18 6.96637E-21 2.83283E-23 1.4519E-24 2.7584E-26 2.1093E-29 3.33238E-33 7.3625E-36 4.6513E-34 1.25875E-30 9.17414E-29 1.08721E-27 4.14012E-27 1.06942E-25
4.08398E-1 3.56194E-1 3.42009E-1 3.75516E-1 4.16508E-1 4.26427E-1 3.94538E-1 3.29541E-1 2.06716E-1 1.86285E-1 2.90337E-1 3.52657E-1 3.49113E-1 3.276E-1 3.40032E-1 3.20192E-1 2.7605E-1 2.36503E-1 1.958E-1 1.35863E-1 1.15019E-1 1.7013E-1 1.502E-1 6.11661E-2 8.63772E-2 8.05562E-2 2.04974E-2 2.95934E-2 1.24072E-1 3.5065E-1 3.59026E-1 1.64343E-1 1.10575E-1 1.07291E-1 1.2586E-1 1.39637E-1 2.06332E-1 2.91308E-1 1.31821E-1 7.09666E-2 5.60372E-2 7.59265E-2 1.76442E-1 1.80318E-1 1.16554E-1 5.93418E-2 2.59802E-2 1.06097E-2 3.03496E-3 6.18136E-4 5.29648E-5 4.43216E-7 1.52064E-9 1.48874E-11 4.68731E-12 1.08968E-12 4.58125E-14 1.95157E-15 7.14009E-17 1.36918E-18 7.22645E-21 1.86319E-23 5.74379E-26 4.21818E-27 8.94826E-26 4.37346E-23 6.07691E-22 3.01844E-22 9.93743E-24 6.88904E-27
3.20595E-1 2.97442E-1 3.1705E-1 4.16508E-1 5.03475E-1 4.8723E-1 4.10088E-1 3.79163E-1 2.79587E-1 2.3114E-1 3.24175E-1 3.56194E-1 3.31325E-1 3.36671E-1 3.49113E-1 3.29378E-1 2.63856E-1 2.18249E-1 2.16617E-1 2.14989E-1 2.08525E-1 2.41612E-1 2.24828E-1 1.39499E-1 1.16896E-1 6.62347E-2 2.38493E-2 4.22102E-2 1.33726E-1 3.82473E-1 3.85935E-1 1.86285E-1 1.46133E-1 1.55722E-1 1.7013E-1 1.67247E-1 1.89609E-1 2.00325E-1 1.72977E-1 1.41039E-1 8.49207E-2 9.77039E-2 1.80158E-1 2.50117E-1 1.71023E-1 8.20905E-2 3.99358E-2 2.60042E-2 1.07774E-2 2.09005E-3 2.81725E-4 2.41957E-5 1.00602E-6 4.10958E-8 5.49681E-9 1.14061E-9 2.38E-10 6.50592E-11 7.73909E-12 1.17973E-13 8.36429E-16 6.63693E-18 6.16037E-20 3.75699E-21 6.26062E-21 1.08895E-19 8.63332E-20 1.22751E-21 9.56757E-26 6.04308E-26
2.90228E-1 2.88451E-1 3.27754E-1 4.47367E-1 5.585E-1 5.77832E-1 5.59061E-1 5.39957E-1 5.30054E-1 4.18553E-1 3.87874E-1 4.03381E-1 3.5628E-1 3.59823E-1 3.65008E-1 3.20485E-1 2.60494E-1 2.23176E-1 2.29806E-1 2.56943E-1 2.67449E-1 2.65706E-1 2.29705E-1 2.13188E-1 1.70932E-1 9.46551E-2 5.99403E-2 7.46165E-2 1.67574E-1 3.07852E-1 3.15027E-1 2.12916E-1 2.00038E-1 2.14549E-1 2.21389E-1 2.28033E-1 1.91105E-1 2.18234E-1 2.36503E-1 2.39874E-1 1.71593E-1 6.44928E-2 9.55758E-2 2.60153E-1 1.84897E-1 9.56596E-2 5.20739E-2 2.98283E-2 1.23721E-2 3.41897E-3 9.94884E-4 4.84328E-4 1.26062E-4 1.29937E-5 1.77004E-6 3.99609E-7 1.47432E-7 1.05002E-7 2.68666E-8 2.33898E-10 2.26185E-12 5.4114E-14 7.62942E-16 1.77296E-17 2.42702E-18 2.971E-19 1.79613E-23 5.30124E-30 1.75558E-34 2.83999E-29
3.75516E-1 3.31325E-1 3.36671E-1 4.13169E-1 5.36862E-1 6.05363E-1 6.01675E-1 5.39006E-1 4.96477E-1 4.40027E-1 4.38402E-1 4.93383E-1 4.46428E-1 4.16806E-1 4.11773E-1 3.45564E-1 2.65706E-1 2.38223E-1 2.48367E-1 2.86761E-1 3.02703E-1 2.95664E-1 2.31381E-1 1.87515E-1 1.72408E-1 1.27002E-1 1.14977E-1 1.26501E-1 2.21897E-1 3.23667E-1 3.36253E-1 2.66502E-1 2.50788E-1 2.72233E-1 3.22206E-1 3.20412E-1 2.39599E-1 3.00921E-1 3.94755E-1 3.40231E-1 2.39824E-1 1.13675E-1 1.15726E-1 1.91105E-1 1.6578E-1 1.03835E-1 5.25112E-2 2.73954E-2 1.39344E-2 7.84377E-3 5.96799E-3 4.49476E-3 2.36421E-3 3.65623E-4 6.07473E-5 1.63481E-5 7.29994E-6 1.26579E-6 5.67008E-8 3.56012E-9 1.64472E-10 7.29223E-12 2.03399E-13 4.51041E-15 1.02762E-16 5.31157E-19 2.22425E-26 0E0 0E0 2.12717E-42
5.03475E-1 4.28065E-1 4.11037E-1 4.40436E-1 5.02639E-1 5.7293E-1 5.37081E-1 4.01279E-1 3.12358E-1 4.04991E-1 4.66891E-1 4.79001E-1 4.335E-1 4.16927E-1 4.05088E-1 3.61592E-1 3.02782E-1 2.72691E-1 3.00928E-1 3.22264E-1 3.09912E-1 2.93887E-1 2.56794E-1 2.12916E-1 1.87097E-1 1.85557E-1 2.13642E-1 2.44991E-1 2.67672E-1 3.32186E-1 3.85645E-1 3.03356E-1 2.69437E-1 2.57138E-1 2.97964E-1 3.34457E-1 3.5595E-1 3.77215E-1 4.35138E-1 3.73889E-1 2.61697E-1 2.44371E-1 2.92007E-1 2.24449E-1 1.5937E-1 8.14648E-2 3.89095E-2 3.3761E-2 2.19261E-2 1.0429E-2 5.86209E-3 7.85726E-3 6.68415E-3 1.82485E-3 3.20016E-4 9.37925E-5 9.30318E-5 1.23275E-5 2.215E-7 1.54536E-8 2.07982E-9 1.80897E-10 9.62561E-12 2.72965E-13 4.10875E-15 1.39655E-18 2.48307E-23 1.18513E-33 0E0 0E0
4.16032E-1 3.62971E-1 3.53184E-1 3.79199E-1 4.17832E-1 4.94775E-1 4.25114E-1 2.91347E-1 2.51912E-1 4.14946E-1 4.44873E-1 2.93537E-1 3.40137E-1 3.57977E-1 3.3312E-1 3.3312E-1 3.45564E-1 3.6852E-1 3.33107E-1 3.22404E-1 3.08068E-1 2.74291E-1 2.79587E-1 2.91753E-1 2.32456E-1 2.71791E-1 3.003E-1 2.87214E-1 2.6694E-1 3.00868E-1 3.62107E-1 3.38768E-1 2.79359E-1 2.56397E-1 3.02669E-1 3.58532E-1 3.76328E-1 3.9214E-1 4.03E-1 3.33988E-1 2.36423E-1 2.85427E-1 4.09848E-1 2.85992E-1 1.44542E-1 5.19799E-2 2.43652E-2 5.92196E-2 5.00707E-2 1.50221E-2 3.47099E-3 8.65533E-3 9.65738E-3 3.89114E-3 8.09848E-4 2.14476E-4 1.48465E-4 2.05804E-5 4.58759E-7 7.23249E-8 1.93118E-8 2.88801E-9 2.55827E-10 1.24996E-11 2.66254E-13 1.20504E-15 5.80535E-19 3.12105E-22 5.29029E-25 2.76246E-28
2.97164E-1 2.28142E-1 1.65732E-1 2.09065E-1 3.06816E-1 3.60776E-1 2.70929E-1 1.88643E-1 2.26907E-1 3.42009E-1 3.44419E-1 2.90103E-1 3.37902E-1 3.24043E-1 2.88451E-1 2.86675E-1 3.59823E-1 4.53646E-1 4.32413E-1 3.52416E-1 3.06256E-1 2.58716E-1 2.11287E-1 1.70506E-1 2.42657E-1 3.38049E-1 3.64453E-1 2.92583E-1 3.15297E-1 3.06273E-1 2.83855E-1 2.73153E-1 2.5377E-1 2.70365E-1 3.27138E-1 3.39791E-1 3.30756E-1 3.87978E-1 4.32967E-1 3.11686E-1 2.44242E-1 2.65175E-1 2.90086E-1 2.05277E-1 1.32048E-1 9.18125E-2 6.18293E-2 9.46551E-2 8.29784E-2 3.10387E-2 9.50686E-3 8.25284E-3 8.63331E-3 5.17144E-3 2.08996E-3 6.1994E-4 2.39157E-4 4.46931E-5 4.62298E-6 9.59086E-7 2.40176E-7 3.86332E-8 5.12539E-9 4.11449E-10 1.80038E-11 4.74895E-13 3.30328E-15 1.6717E-17 1.1235E-19 5.79703E-22
2.38187E-1 1.77509E-1 1.25801E-1 1.24236E-1 2.13053E-1 2.79553E-1 1.49618E-1 8.14648E-2 1.38436E-1 2.08497E-1 2.29352E-1 2.37522E-1 2.63617E-1 2.42304E-1 2.18234E-1 2.19534E-1 2.82638E-1 4.01362E-1 4.11037E-1 3.68223E-1 3.12674E-1 2.62676E-1 2.2682E-1 2.2682E-1 3.0523E-1 4.41076E-1 5.56377E-1 4.46768E-1 2.73559E-1 2.25521E-1 1.92972E-1 1.89573E-1 2.30376E-1 2.79271E-1 2.81058E-1 2.20289E-1 2.08743E-1 2.82066E-1 3.06273E-1 2.79359E-1 2.88294E-1 2.94375E-1 2.42657E-1 1.67879E-1 1.42439E-1 1.68001E-1 1.72948E-1 1.75698E-1 1.28203E-1 5.66266E-2 8.65533E-3 3.6451E-3 3.43324E-3 3.57774E-3 2.90009E-3 1.27773E-3 4.65513E-4 1.52063E-4 4.22313E-5 1.34214E-5 2.54639E-6 3.38489E-7 5.71099E-8 7.27878E-9 6.79884E-10 4.30042E-11 5.94715E-13 4.95488E-15 3.07548E-17 7.05407E-20
1.96913E-1 1.7592E-1 1.20865E-1 1.08133E-1 1.53106E-1 1.7013E-1 9.06396E-2 6.23641E-2 9.04991E-2 1.53569E-1 1.78843E-1 1.82809E-1 1.79826E-1 1.46008E-1 1.17157E-1 1.42237E-1 2.04529E-1 2.68226E-1 2.86553E-1 3.23292E-1 3.09602E-1 2.68E-1 2.41805E-1 2.44121E-1 2.93132E-1 4.0267E-1 4.68247E-1 3.50762E-1 2.51578E-1 1.78896E-1 1.37994E-1 1.28258E-1 2.06482E-1 2.60778E-1 2.66066E-1 1.72219E-1 1.5346E-1 2.00906E-1 2.0251E-1 2.3027E-1 3.31325E-1 3.00701E-1 2.18249E-1 1.52802E-1 1.24334E-1 1.61526E-1 2.08444E-1 1.67224E-1 1.08341E-1 3.40504E-2 2.01165E-3 1.08472E-3 3.55462E-3 3.23406E-3 2.66301E-3 1.856E-3 8.82975E-4 3.92501E-4 1.6044E-4 5.9936E-5 1.11903E-5 1.49493E-6 2.52566E-7 5.08422E-8 7.50559E-9 5.06848E-10 1.40701E-11 3.2576E-13 5.52457E-15 1.23028E-17
1.958E-1 1.57254E-1 8.84569E-2 8.17752E-2 9.73369E-2 9.6075E-2 7.43473E-2 7.23161E-2 9.05392E-2 1.62082E-1 1.46008E-1 1.2099E-1 1.06183E-1 7.85903E-2 7.08285E-2 9.40737E-2 1.35972E-1 1.88775E-1 2.47933E-1 3.07677E-1 3.05942E-1 2.70414E-1 2.41718E-1 2.2846E-1 2.40815E-1 2.71564E-1 2.66378E-1 2.04282E-1 1.82411E-1 1.92657E-1 1.43257E-1 6.68259E-2 1.03729E-1 1.79882E-1 2.72248E-1 2.23845E-1 1.89839E-1 1.99106E-1 1.89365E-1 2.11444E-1 2.64392E-1 2.7605E-1 1.5964E-1 9.56596E-2 5.95175E-2 7.17852E-2 9.16609E-2 8.12432E-2 3.93671E-2 5.01989E-3 1.73568E-4 9.86723E-5 1.45993E-3 2.30826E-3 1.99667E-3 2.24718E-3 1.3297E-3 6.40566E-4 2.74175E-4 7.56844E-5 1.58234E-5 3.35629E-6 7.39115E-7 1.80722E-7 3.18112E-8 2.22754E-9 9.45285E-11 4.65484E-12 1.25607E-13 8.87869E-16
1.00827E-1 6.77253E-2 3.30951E-2 4.16927E-2 5.88019E-2 1.01814E-1 1.11631E-1 1.11461E-1 1.12022E-1 1.19405E-1 1.52222E-1 1.23038E-1 7.67855E-2 4.31489E-2 4.58954E-2 7.00216E-2 1.00761E-1 1.42054E-1 2.18071E-1 2.91308E-1 2.67978E-1 2.4171E-1 2.21276E-1 2.09513E-1 2.08242E-1 2.16284E-1 2.17907E-1 2.16284E-1 2.11716E-1 1.92657E-1 1.24619E-1 6.51116E-2 7.41435E-2 1.29921E-1 1.68001E-1 1.56882E-1 1.72948E-1 1.85815E-1 1.65841E-1 1.7012E-1 1.75911E-1 1.54712E-1 1.09003E-1 6.38137E-2 3.94132E-2 3.4897E-2 3.30785E-2 3.27581E-2 2.08166E-2 2.17953E-3 6.76825E-5 3.12727E-5 4.74605E-4 1.33984E-3 1.83697E-3 2.41227E-3 1.5148E-3 7.1336E-4 2.82584E-4 5.97728E-5 1.25701E-5 3.84566E-6 1.25701E-6 2.90063E-7 4.65851E-8 4.7248E-9 2.89466E-10 1.58232E-11 1.0136E-12 3.39284E-14
