KUENM/Final_Models/M_0.1_F_lq_Set_2_E/sp1_se_asia_median.asc
ncols         320
nrows         243
xllcorner     44.0
yllcorner     -0.666666666666667
cellsize      0.166666666666667
NODATA_value  -9999
[rows 62 to 92 of 243, columns 140 to 209 of 320]
9.66279E-2 1.09876E-1 1.05012E-1 1.10514E-1 1.21253E-1 1.49946E-1 1.79274E-1 1.8497E-1 1.51756E-1 1.63619E-1 1.74025E-1 1.72158E-1 2.00189E-1 2.12521E-1 2.19844E-1 2.41867E-1 2.5603E-1 2.59317E-1 2.71574E-1 2.42277E-1 1.85747E-1 1.41666E-1 1.2519E-1 1.21567E-1 1.20495E-1 1.22884E-1 1.19311E-1 1.21567E-1 1.2519E-1 1.32462E-1 1.46825E-1 1.58997E-1 1.7641E-1 1.87183E-1 1.94912E-1 1.91864E-1 1.84132E-1 1.73722E-1 1.70653E-1 1.8969E-1 2.14703E-1 2.38606E-1 2.70627E-1 3.04047E-1 3.41939E-1 3.70963E-1 4.06969E-1 4.47075E-1 4.833E-1 5.02869E-1 5.15192E-1 5.29019E-1 5.73763E-1 5.98628E-1 5.82493E-1 5.86522E-1 6.11723E-1 6.08852E-1 5.02793E-1 4.0959E-1 4.15592E-1 3.06804E-1 1.98232E-1 1.54455E-1 1.60711E-1 7.61129E-2 2.94333E-2 6.03059E-3 8.94927E-4 2.75882E-5
1.08654E-1 9.64825E-2 9.31264E-2 9.73973E-2 1.02824E-1 1.2008E-1 1.65701E-1 1.69136E-1 1.56479E-1 1.72395E-1 1.63999E-1 1.73547E-1 1.87569E-1 2.04522E-1 2.2099E-1 2.39024E-1 2.33687E-1 2.45677E-1 2.75071E-1 2.47325E-1 1.76724E-1 1.35181E-1 1.19189E-1 1.18012E-1 1.16842E-1 1.20374E-1 1.20374E-1 1.2138E-1 1.2623E-1 1.34759E-1 1.52031E-1 1.67279E-1 1.83653E-1 1.97606E-1 2.04217E-1 1.99618E-1 1.88804E-1 1.66522E-1 1.6362E-1 1.86959E-1 2.08328E-1 2.37563E-1 2.62833E-1 2.96445E-1 3.29368E-1 3.5049E-1 3.80863E-1 4.21414E-1 4.67435E-1 5.22067E-1 5.54847E-1 5.42318E-1 5.68623E-1 6.11606E-1 6.1658E-1 6.16415E-1 6.18583E-1 6.13522E-1 5.61915E-1 5.12175E-1 4.63144E-1 3.41058E-1 1.81913E-1 1.28964E-1 1.50867E-1 1.17764E-1 6.9914E-2 3.43808E-2 1.19764E-2 2.45551E-3
1.07892E-1 8.83038E-2 8.62279E-2 8.73324E-2 8.93709E-2 1.05016E-1 1.44924E-1 1.74771E-1 1.9198E-1 1.98772E-1 1.82946E-1 1.83714E-1 1.94213E-1 2.04052E-1 2.03802E-1 1.99502E-1 1.97876E-1 2.05558E-1 2.13888E-1 1.91803E-1 1.56564E-1 1.30126E-1 1.1568E-1 1.12238E-1 1.13378E-1 1.14525E-1 1.17822E-1 1.2138E-1 1.28448E-1 1.39621E-1 1.53096E-1 1.69806E-1 1.87871E-1 2.00403E-1 2.05558E-1 2.05558E-1 1.93178E-1 1.82715E-1 1.85744E-1 1.99502E-1 2.21581E-1 2.44758E-1 2.73755E-1 2.97328E-1 3.21703E-1 3.44905E-1 3.63734E-1 4.02235E-1 4.54909E-1 5.10874E-1 5.45592E-1 5.27912E-1 5.51817E-1 6.03877E-1 6.23579E-1 6.22574E-1 6.23951E-1 6.16878E-1 5.92669E-1 5.46176E-1 4.78865E-1 3.63161E-1 2.27173E-1 1.51566E-1 1.67348E-1 1.50867E-1 1.16835E-1 8.30222E-2 5.6222E-2 2.23129E-2
1.02627E-1 8.43266E-2 8.15324E-2 8.06162E-2 8.35242E-2 1.05047E-1 1.33904E-1 1.82719E-1 1.86632E-1 1.9147E-1 1.89402E-1 1.94456E-1 1.89239E-1 1.84819E-1 1.73312E-1 1.62952E-1 1.61523E-1 1.60101E-1 1.54797E-1 1.415E-1 1.27643E-1 1.1568E-1 1.11107E-1 1.06656E-1 1.0867E-1 1.12044E-1 1.17566E-1 1.22326E-1 1.30628E-1 1.39224E-1 1.51318E-1 1.66405E-1 1.8432E-1 1.95188E-1 2.03593E-1 2.07165E-1 2.0903E-1 2.10788E-1 2.15678E-1 2.27048E-1 2.41796E-1 2.63914E-1 2.80675E-1 3.08565E-1 3.28665E-1 3.47743E-1 3.70049E-1 4.05401E-1 4.40164E-1 4.75419E-1 5.10874E-1 5.29797E-1 5.62778E-1 5.99275E-1 6.24554E-1 6.30623E-1 6.26686E-1 6.27476E-1 6.21369E-1 5.6536E-1 4.76175E-1 3.72144E-1 2.83419E-1 2.32794E-1 2.34678E-1 2.26859E-1 1.90467E-1 1.67012E-1 1.53105E-1 7.72349E-2
8.74187E-2 8.43266E-2 8.62279E-2 8.24561E-2 8.52734E-2 1.06015E-1 1.53987E-1 1.95112E-1 2.13643E-1 2.02783E-1 1.90341E-1 1.7379E-1 1.68973E-1 1.57879E-1 1.41256E-1 1.28514E-1 1.26031E-1 1.22822E-1 1.18422E-1 1.06459E-1 1.01264E-1 9.70874E-2 1.01264E-1 1.02128E-1 1.04278E-1 1.0953E-1 1.14076E-1 1.20802E-1 1.30233E-1 1.39224E-1 1.53607E-1 1.66405E-1 1.77321E-1 1.92313E-1 2.04674E-1 2.11662E-1 2.20435E-1 2.32167E-1 2.4909E-1 2.52446E-1 2.67726E-1 2.85138E-1 3.02204E-1 3.26059E-1 3.47743E-1 3.64932E-1 3.83583E-1 4.19874E-1 4.52251E-1 4.66483E-1 4.92004E-1 5.28635E-1 5.70326E-1 6.04861E-1 6.08051E-1 5.95141E-1 6.18918E-1 6.22809E-1 6.30605E-1 5.59574E-1 4.67705E-1 3.85756E-1 3.48403E-1 3.29411E-1 3.20785E-1 3.38024E-1 3.27645E-1 3.27645E-1 2.69066E-1 1.56446E-1
9.02699E-2 9.01232E-2 8.91377E-2 9.21175E-2 1.03647E-1 1.41261E-1 2.15227E-1 2.52946E-1 2.36849E-1 2.04314E-1 1.74288E-1 1.55001E-1 1.42715E-1 1.28514E-1 1.20633E-1 1.10136E-1 1.00756E-1 9.69856E-2 9.32714E-2 8.86458E-2 8.52863E-2 9.00714E-2 9.58618E-2 9.7664E-2 1.02942E-1 1.09211E-1 1.1491E-1 1.22822E-1 1.31495E-1 1.42715E-1 1.53046E-1 1.6719E-1 1.78793E-1 1.92313E-1 2.07828E-1 2.23171E-1 2.35225E-1 2.59377E-1 2.78598E-1 2.8385E-1 2.90715E-1 3.06225E-1 3.26793E-1 3.55646E-1 3.78529E-1 3.98582E-1 4.15086E-1 4.49259E-1 4.67906E-1 4.76377E-1 4.84662E-1 5.28635E-1 5.78347E-1 6.13159E-1 6.00015E-1 5.80213E-1 6.06793E-1 6.1566E-1 6.30398E-1 6.1418E-1 5.47025E-1 4.64915E-1 4.21728E-1 3.95632E-1 3.70469E-1 3.83775E-1 4.09607E-1 4.28874E-1 3.4145E-1 1.89652E-1
9.67019E-2 9.21175E-2 9.82884E-2 1.09203E-1 1.34689E-1 2.03482E-1 3.25943E-1 3.49905E-1 2.59973E-1 1.88061E-1 1.5102E-1 1.30183E-1 1.17485E-1 1.08769E-1 1.0294E-1 9.40449E-2 8.28653E-2 8.37942E-2 8.14188E-2 8.26787E-2 8.29753E-2 8.67255E-2 9.25776E-2 9.66314E-2 1.03705E-1 1.09211E-1 1.16857E-1 1.22822E-1 1.31028E-1 1.42164E-1 1.54439E-1 1.68618E-1 1.80271E-1 1.95381E-1 2.12596E-1 2.28797E-1 2.36598E-1 2.63855E-1 2.90884E-1 3.05166E-1 3.11909E-1 3.34433E-1 3.59975E-1 3.95272E-1 4.32452E-1 4.50758E-1 4.54909E-1 4.76377E-1 4.98413E-1 4.99789E-1 4.8099E-1 5.25592E-1 5.8045E-1 5.9857E-1 5.89394E-1 5.85312E-1 5.80213E-1 6.3099E-1 6.30527E-1 6.30163E-1 6.09428E-1 5.49055E-1 4.84978E-1 4.47644E-1 3.93997E-1 3.63892E-1 3.85756E-1 3.98891E-1 2.95455E-1 1.54522E-1
9.97565E-2 9.62E-2 1.03647E-1 1.18504E-1 1.48022E-1 2.23254E-1 3.55321E-1 3.53517E-1 2.27123E-1 1.59659E-1 1.26131E-1 1.11447E-1 1.05259E-1 9.91363E-2 9.45378E-2 8.85621E-2 8.3352E-2 8.01239E-2 8.10301E-2 8.14188E-2 8.36038E-2 8.73797E-2 9.22704E-2 9.52965E-2 1.04415E-1 1.08831E-1 1.17582E-1 1.26031E-1 1.369E-1 1.4484E-1 1.57246E-1 1.70053E-1 1.84743E-1 1.98354E-1 2.18939E-1 2.35445E-1 2.4211E-1 2.62385E-1 2.90884E-1 3.12289E-1 3.31378E-1 3.65913E-1 4.01444E-1 4.46312E-1 4.89279E-1 5.17903E-1 5.06257E-1 5.27466E-1 5.36948E-1 5.35864E-1 5.34726E-1 5.59772E-1 5.84517E-1 5.58855E-1 5.67542E-1 6.12558E-1 6.13755E-1 6.30254E-1 6.34253E-1 6.40309E-1 6.32228E-1 6.01191E-1 5.41123E-1 4.80975E-1 4.15812E-1 3.43086E-1 3.49078E-1 3.53065E-1 2.5785E-1 1.55675E-1
1.14332E-1 9.73973E-2 1.06015E-1 1.15139E-1 1.38823E-1 1.74122E-1 2.11928E-1 1.89616E-1 1.38997E-1 1.15288E-1 9.97565E-2 9.51936E-2 9.09962E-2 9.09962E-2 8.996E-2 8.85621E-2 8.24257E-2 8.05959E-2 8.10301E-2 8.1944E-2 8.41892E-2 8.7989E-2 9.19108E-2 9.69856E-2 1.03981E-1 1.10641E-1 1.19436E-1 1.29231E-1 1.42164E-1 1.53046E-1 1.6151E-1 1.72941E-1 1.84743E-1 2.03147E-1 2.23805E-1 2.59017E-1 2.7448E-1 2.89808E-1 3.06946E-1 3.28154E-1 3.55476E-1 3.96461E-1 4.38636E-1 4.86551E-1 5.27466E-1 5.53813E-1 5.56835E-1 5.61296E-1 5.7214E-1 5.69527E-1 5.8336E-1 5.97449E-1 6.08271E-1 5.90709E-1 5.98594E-1 6.16205E-1 6.29514E-1 6.26705E-1 6.43038E-1 6.40461E-1 6.40309E-1 6.2082E-1 5.55289E-1 5.10145E-1 4.50468E-1 3.90491E-1 3.84651E-1 3.86146E-1 3.46646E-1 2.64012E-1
1.09016E-1 9.95044E-2 1.02724E-1 1.08353E-1 1.15249E-1 1.23654E-1 1.26126E-1 1.07231E-1 8.94015E-2 8.42259E-2 8.3317E-2 8.28486E-2 8.50346E-2 8.6252E-2 8.70408E-2 8.66319E-2 8.28633E-2 8.24257E-2 8.1507E-2 8.37942E-2 8.7989E-2 9.19108E-2 9.76006E-2 1.02409E-1 1.07889E-1 1.1589E-1 1.24272E-1 1.369E-1 1.47546E-1 1.57246E-1 1.72941E-1 1.81756E-1 1.92053E-1 2.01528E-1 2.11002E-1 2.43738E-1 2.86579E-1 3.13845E-1 3.35252E-1 3.55476E-1 3.85705E-1 4.24245E-1 4.62754E-1 5.07698E-1 5.45424E-1 5.71858E-1 5.78059E-1 5.77043E-1 5.82493E-1 5.88115E-1 5.8935E-1 6.08399E-1 6.23579E-1 6.25795E-1 6.30543E-1 6.30444E-1 6.33921E-1 6.3052E-1 6.41643E-1 6.44003E-1 6.33424E-1 6.09375E-1 5.7614E-1 5.51534E-1 4.94845E-1 4.48966E-1 4.55518E-1 4.74414E-1 4.4562E-1 3.69872E-1
1.1449E-1 9.85763E-2 9.96013E-2 9.9635E-2 9.9635E-2 9.75255E-2 9.34008E-2 8.37096E-2 7.66775E-2 7.29639E-2 7.21468E-2 7.67061E-2 7.87675E-2 8.16894E-2 8.34928E-2 8.23289E-2 8.19401E-2 8.05959E-2 8.52272E-2 8.85525E-2 9.14992E-2 9.86445E-2 1.03489E-1 1.07329E-1 1.14147E-1 1.20044E-1 1.30491E-1 1.43498E-1 1.57246E-1 1.72272E-1 1.87395E-1 1.96765E-1 2.03957E-1 2.08777E-1 2.0742E-1 2.26835E-1 2.90884E-1 3.38796E-1 3.61285E-1 3.81419E-1 4.07475E-1 4.4312E-1 4.82925E-1 5.14787E-1 5.47559E-1 5.71858E-1 5.72928E-1 5.69759E-1 5.77109E-1 5.82323E-1 5.93996E-1 5.94704E-1 6.19467E-1 6.26688E-1 6.2118E-1 6.17348E-1 6.23892E-1 6.3499E-1 6.44103E-1 6.38606E-1 6.01464E-1 6.07891E-1 5.85852E-1 5.54062E-1 5.36704E-1 5.10079E-1 5.03854E-1 5.4266E-1 5.18451E-1 4.64204E-1
1.11787E-1 9.8731E-2 9.54474E-2 9.47023E-2 9.07909E-2 8.6996E-2 8.28486E-2 8.15206E-2 7.80133E-2 7.41797E-2 7.25304E-2 7.41797E-2 7.87675E-2 7.99148E-2 7.99148E-2 8.14094E-2 8.28633E-2 8.24257E-2 8.42858E-2 9.30343E-2 9.92139E-2 1.04026E-1 1.08769E-1 1.16483E-1 1.21247E-1 1.2988E-1 1.38665E-1 1.55839E-1 1.73756E-1 1.90495E-1 2.06249E-1 2.16565E-1 2.21853E-1 2.23737E-1 2.33748E-1 2.62872E-1 3.2105E-1 3.59537E-1 3.82083E-1 4.02483E-1 4.23795E-1 4.50782E-1 4.75726E-1 5.08222E-1 5.35516E-1 5.49568E-1 5.48141E-1 5.57921E-1 5.64108E-1 5.84826E-1 5.87347E-1 5.99753E-1 6.16194E-1 6.20149E-1 5.84368E-1 5.78968E-1 6.22517E-1 6.41077E-1 6.44027E-1 6.3196E-1 6.32935E-1 6.21505E-1 5.84413E-1 5.6329E-1 5.60598E-1 5.60598E-1 5.48176E-1 5.55017E-1 5.48564E-1 5.13345E-1
1.09009E-1 1.01309E-1 9.56985E-2 9.12639E-2 8.83935E-2 8.59588E-2 8.41177E-2 8.4668E-2 8.68901E-2 8.71862E-2 8.01733E-2 8.05222E-2 8.05222E-2 8.16894E-2 8.44053E-2 8.6252E-2 8.41907E-2 8.66319E-2 8.85621E-2 9.81645E-2 1.09009E-1 1.14338E-1 1.22446E-1 1.2988E-1 1.2988E-1 1.369E-1 1.5166E-1 1.70795E-1 1.90969E-1 2.19021E-1 2.32089E-1 2.38296E-1 2.45426E-1 2.4732E-1 2.64589E-1 2.90903E-1 3.29929E-1 3.59965E-1 3.8604E-1 4.13131E-1 4.27256E-1 4.48996E-1 4.68643E-1 4.91983E-1 5.22733E-1 5.40896E-1 5.45126E-1 5.62949E-1 5.77026E-1 5.8679E-1 5.88154E-1 6.06894E-1 6.11397E-1 6.04562E-1 5.53289E-1 5.90796E-1 6.20304E-1 6.41682E-1 6.3096E-1 6.2824E-1 6.34348E-1 6.33884E-1 6.14858E-1 5.7679E-1 5.56517E-1 5.62176E-1 5.49584E-1 5.36865E-1 5.33522E-1 5.29776E-1
1.06333E-1 1.01309E-1 9.76177E-2 9.76177E-2 9.29451E-2 9.00327E-2 8.90766E-2 9.00327E-2 9.19448E-2 9.09962E-2 8.68901E-2 8.50346E-2 8.32081E-2 8.59588E-2 8.81278E-2 8.87747E-2 8.90766E-2 9.25149E-2 9.92139E-2 1.13371E-1 1.31028E-1 1.34857E-1 1.38133E-1 1.35915E-1 1.4103E-1 1.4891E-1 1.62077E-1 1.85179E-1 2.15276E-1 2.47139E-1 2.64098E-1 2.72453E-1 2.67944E-1 2.69825E-1 2.87419E-1 3.05067E-1 3.37024E-1 3.58484E-1 3.94598E-1 4.17455E-1 4.369E-1 4.56234E-1 4.68643E-1 4.87918E-1 5.18488E-1 5.47063E-1 5.59192E-1 5.70386E-1 5.84219E-1 6.0323E-1 6.01099E-1 6.13624E-1 6.1629E-1 6.05047E-1 5.72945E-1 5.84369E-1 6.2268E-1 6.41374E-1 6.28343E-1 6.18777E-1 6.31679E-1 6.41564E-1 6.38241E-1 5.94673E-1 5.59868E-1 5.19714E-1 4.95335E-1 5.04796E-1 5.09273E-1 5.25511E-1
1.10339E-1 1.04466E-1 1.03845E-1 1.00195E-1 9.80855E-2 9.65917E-2 9.70426E-2 9.69314E-2 9.91363E-2 9.39306E-2 9.09962E-2 9.00327E-2 9.1967E-2 9.1967E-2 9.3614E-2 9.26315E-2 9.49235E-2 1.00195E-1 1.07276E-1 1.24801E-1 1.47802E-1 1.61208E-1 1.62608E-1 1.49905E-1 1.50475E-1 1.57246E-1 1.66405E-1 1.87871E-1 2.21853E-1 2.68078E-1 3.01609E-1 2.98055E-1 2.90959E-1 2.92731E-1 3.05166E-1 3.26545E-1 3.51169E-1 3.70458E-1 4.00801E-1 4.25633E-1 4.38492E-1 4.56616E-1 4.64218E-1 4.91983E-1 5.26918E-1 5.56835E-1 5.71858E-1 5.77087E-1 5.96515E-1 6.16491E-1 6.17626E-1 6.2678E-1 6.27026E-1 6.30727E-1 6.24428E-1 6.2268E-1 6.35968E-1 6.43158E-1 6.31463E-1 6.16578E-1 6.1544E-1 6.06074E-1 5.84593E-1 5.74351E-1 5.65518E-1 5.32887E-1 4.93652E-1 4.96453E-1 4.92242E-1 5.01976E-1
1.12563E-1 1.12563E-1 1.10705E-1 1.04447E-1 1.03489E-1 1.06777E-1 1.07329E-1 1.05516E-1 1.04447E-1 1.01036E-1 9.99986E-2 9.79464E-2 9.69314E-2 9.69314E-2 9.76177E-2 1.00698E-1 9.76177E-2 1.01261E-1 1.11843E-1 1.33032E-1 1.64252E-1 2.06291E-1 1.83136E-1 1.64252E-1 1.6151E-1 1.63513E-1 1.70795E-1 1.87395E-1 2.16565E-1 2.59223E-1 2.92731E-1 3.01521E-1 3.01521E-1 3.03294E-1 3.21199E-1 3.51419E-1 3.74162E-1 4.03075E-1 4.23172E-1 4.40078E-1 4.49497E-1 4.47457E-1 4.61286E-1 5.04905E-1 5.36663E-1 5.57859E-1 5.73071E-1 5.82589E-1 6.05557E-1 6.25895E-1 6.30605E-1 6.37479E-1 6.3409E-1 6.41107E-1 6.42391E-1 6.3556E-1 6.38606E-1 6.47393E-1 6.34807E-1 6.13249E-1 5.98971E-1 5.9127E-1 5.59246E-1 5.44611E-1 5.60233E-1 5.51355E-1 4.96453E-1 4.48776E-1 4.47169E-1 4.29154E-1
1.20579E-1 1.17099E-1 1.16337E-1 1.14147E-1 1.12414E-1 1.18246E-1 1.17662E-1 1.11843E-1 1.09571E-1 1.08769E-1 1.09601E-1 1.05259E-1 1.05259E-1 1.04192E-1 1.03845E-1 1.04909E-1 1.04909E-1 1.08504E-1 1.18849E-1 1.35603E-1 1.73756E-1 1.9566E-1 1.82792E-1 1.69325E-1 1.68343E-1 1.77222E-1 1.8127E-1 1.93618E-1 2.20639E-1 2.54025E-1 2.7849E-1 3.01562E-1 3.05166E-1 3.22826E-1 3.4716E-1 3.79307E-1 4.04668E-1 4.27948E-1 4.53178E-1 4.60257E-1 4.60257E-1 4.59627E-1 4.838E-1 5.29191E-1 5.57485E-1 5.69404E-1 5.78465E-1 5.91863E-1 6.0467E-1 6.28034E-1 6.41036E-1 6.42529E-1 6.43585E-1 6.4402E-1 6.24469E-1 6.19952E-1 6.35258E-1 6.44282E-1 6.33884E-1 5.91381E-1 5.87958E-1 5.93662E-1 5.6698E-1 5.21524E-1 5.39789E-1 5.29166E-1 4.85638E-1 4.41896E-1 4.37418E-1 3.92282E-1
1.26017E-1 1.26527E-1 1.23339E-1 1.27242E-1 1.26135E-1 1.24901E-1 1.22457E-1 1.22457E-1 1.18927E-1 1.16337E-1 1.16337E-1 1.12935E-1 1.12935E-1 1.10705E-1 1.11447E-1 1.10339E-1 1.11447E-1 1.17485E-1 1.27242E-1 1.43844E-1 1.62077E-1 1.71276E-1 1.63513E-1 1.59225E-1 1.76114E-1 1.86331E-1 1.93844E-1 1.98354E-1 2.22306E-1 2.52167E-1 2.86323E-1 3.10817E-1 3.26627E-1 3.52909E-1 3.85507E-1 4.1699E-1 4.3872E-1 4.61054E-1 4.67065E-1 4.80284E-1 4.83861E-1 4.75806E-1 5.1668E-1 5.79813E-1 5.81781E-1 5.6825E-1 5.71854E-1 5.85931E-1 6.04725E-1 6.26506E-1 6.47489E-1 6.34913E-1 6.42686E-1 6.39423E-1 6.18251E-1 6.32714E-1 6.21882E-1 6.18387E-1 6.00237E-1 5.82549E-1 5.84413E-1 5.52599E-1 5.25524E-1 4.84271E-1 4.66088E-1 4.9018E-1 4.61243E-1 4.16686E-1 4.93097E-1 4.76744E-1
1.44924E-1 1.35159E-1 1.32656E-1 1.34655E-1 1.33401E-1 1.28625E-1 1.24901E-1 1.24829E-1 1.23339E-1 1.22153E-1 1.20975E-1 1.20975E-1 1.19804E-1 1.19804E-1 1.19412E-1 1.20579E-1 1.24126E-1 1.25732E-1 1.34337E-1 1.46259E-1 1.58429E-1 1.67087E-1 1.65769E-1 1.71494E-1 1.90495E-1 1.98354E-1 2.04314E-1 2.07974E-1 2.23984E-1 2.50649E-1 2.88321E-1 3.22089E-1 3.6889E-1 4.18272E-1 4.45889E-1 4.61834E-1 4.74797E-1 4.808E-1 4.84634E-1 4.84593E-1 4.83861E-1 4.96629E-1 5.09343E-1 5.98707E-1 5.70044E-1 5.33247E-1 5.65117E-1 5.89499E-1 6.09767E-1 6.38899E-1 6.5158E-1 6.31322E-1 6.31561E-1 6.27946E-1 6.2698E-1 6.18916E-1 5.78372E-1 5.72604E-1 5.56283E-1 5.58929E-1 5.79299E-1 5.58451E-1 5.21494E-1 4.47169E-1 4.17385E-1 4.47169E-1 4.50052E-1 4.04578E-1 4.89112E-1 5.11071E-1
1.49413E-1 1.53841E-1 1.42539E-1 1.45394E-1 1.3686E-1 1.32155E-1 1.27242E-1 1.25732E-1 1.25323E-1 1.26527E-1 1.28957E-1 1.28957E-1 1.28957E-1 1.28154E-1 1.28154E-1 1.28957E-1 1.32656E-1 1.3686E-1 1.44603E-1 1.55318E-1 1.66846E-1 1.84631E-1 1.96923E-1 2.02747E-1 2.14536E-1 2.21181E-1 2.23278E-1 2.23278E-1 2.3343E-1 2.48484E-1 2.80774E-1 3.29988E-1 3.90594E-1 4.69027E-1 4.99628E-1 5.04518E-1 5.09132E-1 5.10794E-1 5.00732E-1 4.81713E-1 5.09962E-1 5.37074E-1 5.34726E-1 5.3804E-1 4.99997E-1 5.21979E-1 5.81428E-1 6.07642E-1 6.24038E-1 6.48847E-1 6.51004E-1 6.38956E-1 6.23836E-1 6.02241E-1 5.93499E-1 5.94251E-1 5.54573E-1 5.33908E-1 5.68244E-1 5.81359E-1 5.32887E-1 5.38917E-1 4.89404E-1 3.9704E-1 3.67814E-1 3.72729E-1 3.63007E-1 3.76234E-1 4.4025E-1 4.99142E-1
1.53983E-1 1.5615E-1 1.55218E-1 1.53643E-1 1.38966E-1 1.36421E-1 1.31416E-1 1.33614E-1 1.33614E-1 1.37517E-1 1.38834E-1 1.40157E-1 1.4154E-1 1.38133E-1 1.407E-1 1.407E-1 1.44143E-1 1.49431E-1 1.59449E-1 1.6932E-1 1.87376E-1 2.07748E-1 2.30486E-1 2.45467E-1 2.49267E-1 2.56264E-1 2.49461E-1 2.42518E-1 2.37411E-1 2.46043E-1 2.90395E-1 3.55579E-1 4.25747E-1 4.83063E-1 5.22352E-1 5.42928E-1 5.44135E-1 5.40571E-1 5.26115E-1 5.23592E-1 5.46505E-1 5.8045E-1 5.66828E-1 5.28635E-1 5.29443E-1 5.53828E-1 6.10464E-1 6.33566E-1 6.44635E-1 6.5152E-1 6.51758E-1 6.38008E-1 6.13732E-1 5.63633E-1 5.20478E-1 5.60828E-1 5.55549E-1 5.80414E-1 5.73758E-1 5.31015E-1 5.60233E-1 4.80555E-1 4.17415E-1 3.42653E-1 2.86601E-1 2.34533E-1 2.06284E-1 2.64919E-1 3.74716E-1 4.29186E-1
1.65734E-1 1.67636E-1 1.65798E-1 1.62055E-1 1.46773E-1 1.41615E-1 1.36369E-1 1.37679E-1 1.42955E-1 1.49768E-1 1.52545E-1 1.55215E-1 1.52186E-1 1.53955E-1 1.53955E-1 1.56688E-1 1.60839E-1 1.66477E-1 1.75102E-1 1.84168E-1 1.99893E-1 2.25664E-1 2.58373E-1 2.9336E-1 3.0116E-1 2.88516E-1 2.77743E-1 2.54493E-1 2.36824E-1 2.59765E-1 3.21122E-1 3.89573E-1 4.55361E-1 5.06353E-1 5.48117E-1 5.75097E-1 5.77841E-1 5.65651E-1 5.53742E-1 5.53296E-1 5.54562E-1 5.56776E-1 5.52833E-1 5.26575E-1 5.88351E-1 6.02251E-1 6.20201E-1 6.45313E-1 6.52366E-1 6.56171E-1 6.52512E-1 6.42669E-1 6.18087E-1 5.71419E-1 5.10065E-1 5.7015E-1 5.78736E-1 5.45663E-1 5.27688E-1 5.47169E-1 5.26339E-1 4.58347E-1 4.23776E-1 3.27066E-1 3.06055E-1 1.91392E-1 1.32242E-1 2.56889E-1 3.35078E-1 3.28612E-1
1.76353E-1 1.76353E-1 1.72323E-1 1.70499E-1 1.59449E-1 1.49768E-1 1.44163E-1 1.45517E-1 1.52539E-1 1.6838E-1 1.74285E-1 1.75789E-1 1.67945E-1 1.65016E-1 1.65427E-1 1.71143E-1 1.75102E-1 1.84168E-1 1.93531E-1 2.01498E-1 2.1619E-1 2.34697E-1 2.73139E-1 3.33232E-1 3.60973E-1 3.28152E-1 3.02743E-1 2.71323E-1 2.71816E-1 3.13623E-1 3.93091E-1 4.34205E-1 4.84822E-1 5.32967E-1 5.75015E-1 5.99651E-1 6.05117E-1 5.97206E-1 5.84612E-1 5.68623E-1 5.4976E-1 5.65798E-1 5.745E-1 5.83563E-1 6.15329E-1 6.28627E-1 6.25746E-1 6.46599E-1 6.40656E-1 6.41325E-1 6.4581E-1 6.41913E-1 6.31813E-1 6.23947E-1 6.03163E-1 5.55375E-1 5.0605E-1 4.73648E-1 4.53124E-1 5.3992E-1 4.69678E-1 4.51206E-1 4.21728E-1 4.02091E-1 3.56329E-1 2.76511E-1 2.56889E-1 3.44409E-1 3.4999E-1 2.60545E-1
1.85186E-1 1.82157E-1 1.84228E-1 1.80271E-1 1.65256E-1 1.5818E-1 1.50051E-1 1.53241E-1 1.67926E-1 1.92759E-1 2.07258E-1 1.97527E-1 1.89464E-1 1.76563E-1 1.7843E-1 1.87376E-1 1.95112E-1 2.09606E-1 2.17848E-1 2.24532E-1 2.34697E-1 2.46748E-1 2.66515E-1 3.17274E-1 3.37228E-1 3.35016E-1 3.19955E-1 3.05457E-1 3.20497E-1 4.06705E-1 4.93859E-1 4.7266E-1 5.14683E-1 5.6431E-1 5.96148E-1 6.16593E-1 6.25314E-1 6.25832E-1 6.1149E-1 5.65764E-1 5.63631E-1 5.79841E-1 5.9995E-1 6.19922E-1 6.42217E-1 6.47519E-1 6.53953E-1 6.45532E-1 6.09971E-1 6.14996E-1 6.20556E-1 6.33157E-1 6.34309E-1 6.45028E-1 6.29052E-1 5.68711E-1 4.97843E-1 4.50584E-1 4.25871E-1 5.12519E-1 4.42111E-1 4.27376E-1 4.2797E-1 4.29993E-1 4.09791E-1 3.56423E-1 3.17423E-1 3.53702E-1 3.78623E-1 3.55556E-1
1.95746E-1 1.95385E-1 1.91624E-1 1.81388E-1 1.74332E-1 1.66113E-1 1.61609E-1 1.69527E-1 1.84141E-1 2.05392E-1 2.20465E-1 2.1874E-1 2.02172E-1 1.82995E-1 1.84168E-1 2.01498E-1 2.21181E-1 2.3812E-1 2.50225E-1 2.51969E-1 2.60738E-1 2.71359E-1 2.70065E-1 3.01239E-1 3.22313E-1 3.30836E-1 3.33749E-1 3.35559E-1 3.65696E-1 4.38841E-1 4.82628E-1 5.03785E-1 5.36165E-1 5.87082E-1 6.15871E-1 6.31459E-1 6.40334E-1 6.45313E-1 6.02216E-1 5.65942E-1 5.84319E-1 6.00769E-1 6.22351E-1 6.37361E-1 6.395E-1 6.29804E-1 6.32655E-1 6.11989E-1 5.80913E-1 5.96145E-1 6.12626E-1 6.11084E-1 6.23971E-1 6.32232E-1 6.22253E-1 5.85674E-1 5.36561E-1 4.67204E-1 4.16733E-1 5.02588E-1 4.34197E-1 3.9571E-1 4.06957E-1 4.1242E-1 4.2601E-1 3.71978E-1 3.28858E-1 3.3965E-1 4.28361E-1 4.5648E-1
2.03446E-1 2.03961E-1 2.05816E-1 1.96806E-1 1.8346E-1 1.8107E-1 1.78501E-1 1.83661E-1 2.01468E-1 2.16885E-1 2.30512E-1 2.35696E-1 2.1874E-1 2.03787E-1 2.01892E-1 2.21181E-1 2.48484E-1 2.78491E-1 2.89252E-1 2.91051E-1 2.98264E-1 3.00585E-1 3.0305E-1 3.20887E-1 3.42264E-1 3.5361E-1 3.62587E-1 3.73298E-1 3.95225E-1 4.28834E-1 4.75817E-1 5.33432E-1 5.79099E-1 6.20779E-1 6.38561E-1 6.42366E-1 6.50203E-1 6.23612E-1 5.60964E-1 5.93687E-1 6.11228E-1 6.20576E-1 6.30645E-1 6.37516E-1 6.24903E-1 6.14022E-1 6.02972E-1 5.62726E-1 5.38835E-1 5.95978E-1 6.15632E-1 5.86437E-1 5.94404E-1 5.97023E-1 5.76638E-1 5.66717E-1 5.40065E-1 4.81392E-1 4.0741E-1 4.87657E-1 4.13325E-1 3.73492E-1 3.74056E-1 3.63002E-1 3.64005E-1 3.37567E-1 3.45373E-1 3.9449E-1 4.45174E-1 4.24352E-1
2.13793E-1 2.15108E-1 2.13643E-1 2.04725E-1 1.99178E-1 1.92313E-1 1.95084E-1 1.99863E-1 2.13275E-1 2.22074E-1 2.3228E-1 2.39129E-1 2.32221E-1 2.2358E-1 2.36849E-1 2.51969E-1 2.83863E-1 3.16367E-1 3.25436E-1 3.27249E-1 3.31418E-1 3.3748E-1 3.46533E-1 3.58513E-1 3.74047E-1 3.83928E-1 3.99685E-1 4.21047E-1 4.41669E-1 4.68089E-1 5.1605E-1 5.70892E-1 6.19232E-1 6.48163E-1 6.52672E-1 6.51881E-1 5.92565E-1 4.81435E-1 5.65651E-1 6.08072E-1 6.18583E-1 6.26107E-1 6.18358E-1 6.18465E-1 6.127E-1 5.87263E-1 5.72709E-1 5.08935E-1 4.65144E-1 4.69581E-1 5.42913E-1 5.93473E-1 5.83172E-1 5.55902E-1 5.16284E-1 5.18619E-1 5.09605E-1 4.4562E-1 3.7237E-1 3.9969E-1 3.80741E-1 3.44985E-1 3.25935E-1 2.95455E-1 2.91902E-1 3.04242E-1 2.95776E-1 3.15982E-1 3.27823E-1 3.12394E-1
2.17152E-1 2.22084E-1 2.14114E-1 2.13298E-1 2.10528E-1 2.10466E-1 2.13575E-1 2.18547E-1 2.28815E-1 2.30512E-1 2.37411E-1 2.40852E-1 2.44248E-1 2.49267E-1 2.64744E-1 2.82071E-1 3.09117E-1 3.36313E-1 3.52581E-1 3.56745E-1 3.69955E-1 3.77173E-1 3.85699E-1 3.96971E-1 4.10043E-1 4.32011E-1 4.50017E-1 4.73474E-1 5.09496E-1 5.32055E-1 5.9152E-1 6.18601E-1 6.5002E-1 6.3556E-1 6.36575E-1 6.03065E-1 4.91792E-1 5.32485E-1 5.81007E-1 6.05719E-1 6.22626E-1 6.26764E-1 6.08161E-1 5.93891E-1 5.63168E-1 5.48935E-1 5.51151E-1 5.2694E-1 4.77798E-1 4.54881E-1 4.68837E-1 5.39789E-1 5.79521E-1 5.19236E-1 4.77237E-1 4.66462E-1 4.53277E-1 3.72621E-1 2.91328E-1 2.46409E-1 2.6774E-1 2.83519E-1 2.8155E-1 2.46398E-1 2.38505E-1 2.11229E-1 1.62713E-1 1.80777E-1 2.01236E-1 2.10554E-1
2.14195E-1 2.15843E-1 2.1619E-1 2.26644E-1 2.25443E-1 2.27189E-1 2.30579E-1 2.33986E-1 2.42579E-1 2.37411E-1 2.42518E-1 2.4772E-1 2.59783E-1 2.73625E-1 2.87955E-1 3.07828E-1 3.25973E-1 3.51335E-1 3.71502E-1 3.83952E-1 3.98345E-1 4.1357E-1 4.22738E-1 4.38624E-1 4.58006E-1 4.85655E-1 5.08062E-1 5.38997E-1 5.79139E-1 6.0292E-1 6.43821E-1 6.45084E-1 6.01722E-1 5.81865E-1 5.52515E-1 4.83881E-1 3.88721E-1 4.9976E-1 5.83172E-1 6.13495E-1 6.2678E-1 6.23482E-1 5.9736E-1 5.72604E-1 5.29213E-1 4.978E-1 4.97729E-1 4.79339E-1 4.52887E-1 4.51974E-1 4.54433E-1 5.29668E-1 5.04721E-1 4.78772E-1 4.5047E-1 4.45556E-1 4.13799E-1 3.40491E-1 2.43568E-1 1.38626E-1 1.5349E-1 2.40677E-1 2.67752E-1 2.34855E-1 1.93021E-1 1.26085E-1 6.80411E-2 8.54344E-2 1.18693E-1 1.58284E-1
2.14195E-1 2.20684E-1 2.25664E-1 2.32992E-1 2.36849E-1 2.40602E-1 2.45982E-1 2.49461E-1 2.52955E-1 2.40792E-1 2.49461E-1 2.61746E-1 2.79334E-1 2.93721E-1 3.07828E-1 3.24158E-1 3.48118E-1 3.66132E-1 3.87732E-1 3.99999E-1 4.22091E-1 4.36726E-1 4.54825E-1 4.84167E-1 5.1004E-1 5.40343E-1 5.65299E-1 5.93769E-1 6.17633E-1 6.37459E-1 6.46016E-1 6.5567E-1 1.35317E-1 5.68244E-1 4.71843E-1 4.20039E-1 4.41179E-1 4.62361E-1 5.80562E-1 6.14209E-1 6.15787E-1 5.78823E-1 5.54489E-1 5.20716E-1 5.06365E-1 4.79628E-1 4.37776E-1 4.12592E-1 4.1807E-1 4.59038E-1 4.53448E-1 4.98801E-1 4.31941E-1 3.72636E-1 4.10327E-1 4.13247E-1 3.88737E-1 3.06055E-1 2.22117E-1 1.22474E-1 1.42459E-1 2.3688E-1 2.85503E-1 2.60598E-1 1.85309E-1 1.05986E-1 5.21255E-2 4.62748E-2 6.39362E-2 1.08235E-1
2.21512E-1 2.25521E-1 2.36972E-1 2.44432E-1 2.51969E-1 2.57689E-1 2.64744E-1 2.70408E-1 2.70408E-1 2.6863E-1 2.73971E-1 2.86513E-1 2.97334E-1 3.10013E-1 3.22723E-1 3.3362E-1 3.51969E-1 3.75391E-1 3.96507E-1 4.23783E-1 4.61715E-1 4.76536E-1 4.98148E-1 5.20897E-1 5.51704E-1 5.87057E-1 6.04174E-1 6.2452E-1 6.42593E-1 6.53369E-1 6.56218E-1 6.34078E-1 5.6698E-1 3.35523E-1 4.63591E-1 3.78448E-1 4.36047E-1 4.34809E-1 6.03127E-1 6.395E-1 6.24949E-1 5.58047E-1 5.06497E-1 4.57827E-1 4.17415E-1 4.13036E-1 4.11655E-1 4.33188E-1 4.70346E-1 4.92242E-1 5.00605E-1 4.87238E-1 3.89717E-1 3.45339E-1 3.69256E-1 4.29539E-1 3.47191E-1 2.57575E-1 2.34533E-1 1.89101E-1 2.0729E-1 2.69702E-1 2.91328E-1 2.62304E-1 2.12191E-1 1.15104E-1 4.88238E-2 3.93369E-2 4.56788E-2 7.22889E-2
