KUENM/Final_Models/M_0.1_F_lq_Set_2_E/sp1_se_asia_max.asc
ncols         320
nrows         243
xllcorner     44.0
yllcorner     -0.666666666666667
cellsize      0.166666666666667
NODATA_value  -9999
[rows 62 to 92 of 243, columns 140 to 209 of 320]
1.1473E-1 1.51341E-1 1.47261E-1 1.55848E-1 1.69556E-1 1.98018E-1 2.26101E-1 2.11588E-1 2.0642E-1 2.19601E-1 2.35255E-1 2.49081E-1 2.68977E-1 2.81463E-1 2.90694E-1 2.78415E-1 3.22397E-1 3.31201E-1 3.46761E-1 3.12053E-1 2.41115E-1 1.84152E-1 1.62381E-1 1.57564E-1 1.55488E-1 1.58657E-1 1.53918E-1 1.57564E-1 1.62381E-1 1.72714E-1 1.91681E-1 2.08401E-1 2.30978E-1 2.43864E-1 2.53653E-1 2.47886E-1 2.37174E-1 2.23976E-1 2.19151E-1 2.42163E-1 2.73016E-1 3.00593E-1 3.37995E-1 3.74197E-1 4.15119E-1 4.43494E-1 4.79196E-1 5.16857E-1 5.41697E-1 5.58147E-1 5.68104E-1 5.76236E-1 6.06551E-1 6.25539E-1 6.12071E-1 6.1856E-1 6.54792E-1 6.58251E-1 5.4967E-1 4.54165E-1 4.59544E-1 3.58809E-1 2.51741E-1 2.06577E-1 2.12499E-1 1.2234E-1 6.10747E-2 1.64468E-2 3.19044E-3 1.64598E-4
1.30527E-1 1.34377E-1 1.31472E-1 1.37005E-1 1.4413E-1 1.66097E-1 2.06162E-1 1.96284E-1 1.99736E-1 2.13417E-1 2.25119E-1 2.39044E-1 2.45E-1 2.53657E-1 2.56644E-1 2.88817E-1 2.99454E-1 3.16137E-1 3.5083E-1 3.16974E-1 2.29622E-1 1.75611E-1 1.54398E-1 1.52828E-1 1.51268E-1 1.55976E-1 1.55976E-1 1.57957E-1 1.64427E-1 1.76453E-1 1.99279E-1 2.19999E-1 2.4115E-1 2.58929E-1 2.66316E-1 2.59578E-1 2.44987E-1 2.15659E-1 2.11059E-1 2.39753E-1 2.65221E-1 3.00584E-1 3.30327E-1 3.67235E-1 4.03311E-1 4.24102E-1 4.5524E-1 4.94898E-1 5.34947E-1 5.76068E-1 6.00347E-1 5.88737E-1 6.06547E-1 6.36081E-1 6.46986E-1 6.517E-1 6.61112E-1 6.59195E-1 6.12986E-1 5.56576E-1 5.03112E-1 3.93148E-1 2.42068E-1 1.8727E-1 2.09256E-1 1.72934E-1 1.17035E-1 6.97406E-2 2.93769E-2 7.49684E-3
1.38716E-1 1.23846E-1 1.2143E-1 1.22437E-1 1.24781E-1 1.45869E-1 1.90646E-1 2.23432E-1 2.4073E-1 2.39238E-1 2.13875E-1 2.1745E-1 2.24945E-1 2.33545E-1 2.3443E-1 2.56442E-1 2.58338E-1 2.68955E-1 2.78389E-1 2.49724E-1 2.03627E-1 1.68927E-1 1.49717E-1 1.45119E-1 1.46642E-1 1.48175E-1 1.532E-1 1.57957E-1 1.68045E-1 1.8361E-1 2.01436E-1 2.24094E-1 2.47427E-1 2.63385E-1 2.68955E-1 2.68955E-1 2.52397E-1 2.37263E-1 2.40168E-1 2.56442E-1 2.82521E-1 3.10363E-1 3.4427E-1 3.69656E-1 3.96544E-1 4.19857E-1 4.39492E-1 4.7642E-1 5.25913E-1 5.70333E-1 5.93809E-1 5.80611E-1 5.98238E-1 6.28217E-1 6.50739E-1 6.60442E-1 6.62792E-1 6.58641E-1 6.3934E-1 5.93432E-1 5.18823E-1 4.14418E-1 2.89898E-1 2.15841E-1 2.31355E-1 2.09256E-1 1.74595E-1 1.36832E-1 1.03331E-1 4.94146E-2
1.33859E-1 1.18656E-1 1.14575E-1 1.13236E-1 1.16904E-1 1.46611E-1 1.84041E-1 2.36337E-1 2.18454E-1 2.25395E-1 2.1715E-1 2.35423E-1 2.33988E-1 2.28613E-1 2.21588E-1 2.14358E-1 2.12491E-1 2.10631E-1 2.02906E-1 1.84671E-1 1.65637E-1 1.49717E-1 1.43605E-1 1.37644E-1 1.40922E-1 1.45456E-1 1.5347E-1 1.59857E-1 1.71615E-1 1.8377E-1 1.99834E-1 2.20442E-1 2.43718E-1 2.57652E-1 2.67416E-1 2.70972E-1 2.72338E-1 2.73534E-1 2.78562E-1 2.91409E-1 3.08037E-1 3.3415E-1 3.52207E-1 3.8358E-1 4.04084E-1 4.24426E-1 4.47612E-1 4.81282E-1 5.14333E-1 5.46041E-1 5.70333E-1 5.84641E-1 6.08538E-1 6.26338E-1 6.47451E-1 6.60499E-1 6.61836E-1 6.62638E-1 6.56931E-1 6.07869E-1 5.17451E-1 4.24063E-1 3.41778E-1 2.94864E-1 2.96521E-1 2.8617E-1 2.50004E-1 2.27963E-1 2.17376E-1 1.31953E-1
1.21961E-1 1.18656E-1 1.2143E-1 1.15925E-1 1.20038E-1 1.49405E-1 2.14938E-1 2.65438E-1 2.79069E-1 2.63547E-1 2.46929E-1 2.24972E-1 2.1609E-1 2.02818E-1 1.85072E-1 1.70058E-1 1.66708E-1 1.61765E-1 1.55228E-1 1.37948E-1 1.30408E-1 1.24795E-1 1.30408E-1 1.32115E-1 1.35012E-1 1.42652E-1 1.48777E-1 1.58432E-1 1.71737E-1 1.8377E-1 2.0359E-1 2.20442E-1 2.35932E-1 2.55775E-1 2.69766E-1 2.77556E-1 2.86495E-1 2.99821E-1 3.20223E-1 3.23072E-1 3.39842E-1 3.59934E-1 3.77896E-1 4.02752E-1 4.24426E-1 4.42351E-1 4.61361E-1 4.95248E-1 5.25418E-1 5.36238E-1 5.57574E-1 5.83743E-1 6.13492E-1 6.32173E-1 6.33399E-1 6.27776E-1 6.40975E-1 6.45103E-1 6.61075E-1 5.9137E-1 5.10192E-1 4.36849E-1 4.02368E-1 3.84827E-1 3.76172E-1 3.9217E-1 3.81743E-1 3.81743E-1 3.26362E-1 2.23596E-1
1.26697E-1 1.27105E-1 1.25671E-1 1.30006E-1 1.46704E-1 2.00126E-1 2.98113E-1 3.44017E-1 3.193E-1 2.75989E-1 2.33897E-1 2.05434E-1 1.89111E-1 1.70058E-1 1.59991E-1 1.45682E-1 1.32335E-1 1.26687E-1 1.21136E-1 1.14372E-1 1.08898E-1 1.15349E-1 1.2366E-1 1.26608E-1 1.33754E-1 1.42785E-1 1.5049E-1 1.61765E-1 1.7343E-1 1.89111E-1 2.03564E-1 2.22374E-1 2.37893E-1 2.55775E-1 2.73834E-1 2.91876E-1 3.05664E-1 3.33593E-1 3.56116E-1 3.60973E-1 3.67576E-1 3.83744E-1 4.04998E-1 4.34276E-1 4.56254E-1 4.76312E-1 4.9066E-1 5.22694E-1 5.37493E-1 5.44849E-1 5.51912E-1 5.83743E-1 6.18483E-1 6.38759E-1 6.33374E-1 6.22548E-1 6.3293E-1 6.3575E-1 6.61907E-1 6.49298E-1 5.79964E-1 5.07726E-1 4.69395E-1 4.45756E-1 4.22539E-1 4.34608E-1 4.57863E-1 4.74453E-1 3.95332E-1 2.6185E-1
1.33688E-1 1.30006E-1 1.38959E-1 1.54703E-1 1.90923E-1 2.84097E-1 4.31501E-1 4.56229E-1 3.52539E-1 2.59533E-1 2.09025E-1 1.78759E-1 1.58989E-1 1.45091E-1 1.36326E-1 1.23607E-1 1.07791E-1 1.09068E-1 1.05392E-1 1.06694E-1 1.06666E-1 1.11763E-1 1.1971E-1 1.25209E-1 1.35322E-1 1.42785E-1 1.53706E-1 1.61765E-1 1.73445E-1 1.89049E-1 2.05413E-1 2.24293E-1 2.39859E-1 2.59801E-1 2.79961E-1 3.00556E-1 3.08369E-1 3.41508E-1 3.71456E-1 3.86446E-1 3.91408E-1 4.14691E-1 4.40322E-1 4.73038E-1 5.07148E-1 5.2406E-1 5.25913E-1 5.44849E-1 5.61957E-1 5.58048E-1 5.44576E-1 5.78818E-1 6.16701E-1 6.32677E-1 6.2788E-1 6.25568E-1 6.22548E-1 6.51563E-1 6.61437E-1 6.58361E-1 6.43282E-1 5.82E-1 5.25458E-1 4.92441E-1 4.44284E-1 4.16999E-1 4.36849E-1 4.48688E-1 3.5888E-1 2.25763E-1
1.38179E-1 1.35933E-1 1.46704E-1 1.68015E-1 2.09531E-1 3.09517E-1 4.61999E-1 4.60082E-1 3.12035E-1 2.22656E-1 1.75594E-1 1.51979E-1 1.41574E-1 1.31558E-1 1.24745E-1 1.16489E-1 1.08874E-1 1.04022E-1 1.05268E-1 1.05392E-1 1.07956E-1 1.13107E-1 1.19773E-1 1.23894E-1 1.36816E-1 1.42822E-1 1.55269E-1 1.66708E-1 1.81985E-1 1.92631E-1 2.09133E-1 2.26217E-1 2.4579E-1 2.65881E-1 2.92635E-1 3.11247E-1 3.19592E-1 3.42125E-1 3.71456E-1 3.94418E-1 4.12779E-1 4.47994E-1 4.80798E-1 5.21828E-1 5.57872E-1 5.75304E-1 5.67253E-1 5.82837E-1 5.87463E-1 5.84007E-1 5.85798E-1 6.03707E-1 6.18998E-1 6.05877E-1 6.11692E-1 6.38558E-1 6.38953E-1 6.55095E-1 6.61007E-1 6.60578E-1 6.57409E-1 6.36675E-1 5.74741E-1 5.21931E-1 4.64172E-1 4.04661E-1 4.09466E-1 4.1265E-1 3.30151E-1 2.22583E-1
1.48525E-1 1.37005E-1 1.49405E-1 1.62448E-1 1.95839E-1 2.44183E-1 2.93881E-1 2.63736E-1 1.94328E-1 1.61143E-1 1.38179E-1 1.29986E-1 1.21172E-1 1.21172E-1 1.18851E-1 1.16489E-1 1.07596E-1 1.05071E-1 1.05268E-1 1.06525E-1 1.09186E-1 1.14388E-1 1.19753E-1 1.26687E-1 1.36745E-1 1.45832E-1 1.58363E-1 1.71646E-1 1.89049E-1 2.03564E-1 2.14767E-1 2.30085E-1 2.4579E-1 2.6994E-1 2.98874E-1 3.40479E-1 3.5922E-1 3.72387E-1 3.88445E-1 4.10621E-1 4.37098E-1 4.75873E-1 5.14725E-1 5.55571E-1 5.82837E-1 6.02376E-1 6.01714E-1 6.01856E-1 6.0871E-1 6.04044E-1 6.12926E-1 6.21989E-1 6.29992E-1 6.22287E-1 6.26041E-1 6.35881E-1 6.49599E-1 6.6063E-1 6.54546E-1 6.55663E-1 6.60578E-1 6.467E-1 5.86869E-1 5.47436E-1 4.9484E-1 4.42094E-1 4.37549E-1 4.42077E-1 4.10819E-1 3.35793E-1
1.25685E-1 1.40043E-1 1.44678E-1 1.52033E-1 1.61846E-1 1.73731E-1 1.77211E-1 1.50433E-1 1.24215E-1 1.15307E-1 1.13966E-1 1.11969E-1 1.13872E-1 1.14376E-1 1.14801E-1 1.13819E-1 1.08604E-1 1.07596E-1 1.06329E-1 1.09068E-1 1.14388E-1 1.19753E-1 1.28016E-1 1.35099E-1 1.42609E-1 1.53536E-1 1.64931E-1 1.81985E-1 1.96244E-1 2.09133E-1 2.30085E-1 2.4183E-1 2.53647E-1 2.65712E-1 2.77915E-1 3.1924E-1 3.71082E-1 3.97639E-1 4.18333E-1 4.37098E-1 4.66714E-1 5.02903E-1 5.36746E-1 5.73061E-1 5.96369E-1 6.11544E-1 6.12204E-1 6.08422E-1 6.12071E-1 6.20138E-1 6.38411E-1 6.41987E-1 6.50739E-1 6.57413E-1 6.59816E-1 6.61645E-1 6.61691E-1 6.61845E-1 6.5313E-1 6.55793E-1 6.53197E-1 6.37678E-1 6.0548E-1 5.8354E-1 5.3361E-1 4.93511E-1 4.98965E-1 5.15633E-1 4.90941E-1 4.32525E-1
1.36276E-1 1.37374E-1 1.3951E-1 1.38888E-1 1.38888E-1 1.3587E-1 1.2996E-1 1.15914E-1 1.05437E-1 9.87017E-2 9.74979E-2 1.03002E-1 1.04811E-1 1.0784E-1 1.10423E-1 1.08259E-1 1.07326E-1 1.05071E-1 1.1146E-1 1.15605E-1 1.19651E-1 1.29446E-1 1.36581E-1 1.42359E-1 1.51706E-1 1.59761E-1 1.73347E-1 1.90836E-1 2.09133E-1 2.28106E-1 2.47675E-1 2.59661E-1 2.66942E-1 2.72991E-1 2.70327E-1 2.95395E-1 3.71456E-1 4.2216E-1 4.44633E-1 4.63914E-1 4.88349E-1 5.2065E-1 5.5634E-1 5.78099E-1 5.97918E-1 6.11544E-1 6.06065E-1 6.04541E-1 6.23428E-1 6.35382E-1 6.3399E-1 6.4915E-1 6.50075E-1 6.60463E-1 6.59306E-1 6.53468E-1 6.5607E-1 6.59374E-1 6.5927E-1 6.56714E-1 6.26992E-1 6.32134E-1 6.12732E-1 5.85174E-1 5.6985E-1 5.47002E-1 5.4153E-1 5.75692E-1 5.53794E-1 5.08046E-1
1.45696E-1 1.36672E-1 1.32894E-1 1.30745E-1 1.24985E-1 1.19391E-1 1.11969E-1 1.11317E-1 1.06145E-1 9.93157E-2 9.69105E-2 9.93157E-2 1.04811E-1 1.05299E-1 1.05299E-1 1.06982E-1 1.08604E-1 1.07596E-1 1.10162E-1 1.22217E-1 1.30714E-1 1.37819E-1 1.45091E-1 1.54899E-1 1.61401E-1 1.73138E-1 1.85312E-1 2.07269E-1 2.30037E-1 2.51652E-1 2.71798E-1 2.83678E-1 2.89256E-1 2.90563E-1 3.02814E-1 3.36567E-1 4.02834E-1 4.42804E-1 4.66082E-1 4.86553E-1 5.04143E-1 5.27707E-1 5.4822E-1 5.75571E-1 5.89008E-1 5.93897E-1 5.84316E-1 5.97861E-1 6.25151E-1 6.27584E-1 6.42018E-1 6.497E-1 6.54918E-1 6.62677E-1 6.38527E-1 6.2027E-1 6.47981E-1 6.59011E-1 6.5838E-1 6.49586E-1 6.50281E-1 6.44491E-1 6.11433E-1 5.93359E-1 5.90967E-1 5.90967E-1 5.79969E-1 5.8602E-1 5.79531E-1 5.48554E-1
1.44141E-1 1.38894E-1 1.32211E-1 1.24254E-1 1.20065E-1 1.15209E-1 1.12546E-1 1.14626E-1 1.16556E-1 1.15714E-1 1.08063E-1 1.07347E-1 1.07347E-1 1.0784E-1 1.1173E-1 1.14376E-1 1.10845E-1 1.13819E-1 1.16489E-1 1.29272E-1 1.44141E-1 1.52959E-1 1.64379E-1 1.73138E-1 1.73138E-1 1.81985E-1 2.01723E-1 2.26181E-1 2.5139E-1 2.88171E-1 3.047E-1 3.10437E-1 3.18026E-1 3.19219E-1 3.39749E-1 3.6905E-1 4.12556E-1 4.44663E-1 4.71555E-1 4.98516E-1 5.10645E-1 5.27792E-1 5.43816E-1 5.6014E-1 5.79135E-1 5.84982E-1 5.83014E-1 5.979E-1 6.1166E-1 6.3032E-1 6.46318E-1 6.54197E-1 6.61615E-1 6.54272E-1 6.15861E-1 6.20459E-1 6.43559E-1 6.56303E-1 6.48863E-1 6.43627E-1 6.51272E-1 6.50948E-1 6.35325E-1 6.04587E-1 5.86559E-1 5.91572E-1 5.80431E-1 5.69223E-1 5.66281E-1 5.62254E-1
1.43108E-1 1.38894E-1 1.32059E-1 1.32059E-1 1.23963E-1 1.19792E-1 1.18422E-1 1.19792E-1 1.21603E-1 1.21172E-1 1.16556E-1 1.13872E-1 1.11231E-1 1.15209E-1 1.17063E-1 1.19281E-1 1.18422E-1 1.21951E-1 1.30714E-1 1.48984E-1 1.73445E-1 1.80042E-1 1.88145E-1 1.83238E-1 1.90358E-1 1.98062E-1 2.14763E-1 2.43106E-1 2.81101E-1 3.20089E-1 3.44202E-1 3.51842E-1 3.44834E-1 3.45896E-1 3.6629E-1 3.85073E-1 4.20249E-1 4.44477E-1 4.80181E-1 5.01215E-1 5.19792E-1 5.36098E-1 5.43816E-1 5.56725E-1 5.73246E-1 5.89352E-1 5.91444E-1 6.0456E-1 6.13772E-1 6.34392E-1 6.52035E-1 6.5936E-1 6.6268E-1 6.546E-1 6.28161E-1 6.2227E-1 6.45395E-1 6.55922E-1 6.46934E-1 6.36151E-1 6.46278E-1 6.53482E-1 6.53873E-1 6.19031E-1 5.88551E-1 5.54918E-1 5.35834E-1 5.43909E-1 5.47277E-1 5.59148E-1
1.50387E-1 1.43486E-1 1.41041E-1 1.33022E-1 1.30105E-1 1.27579E-1 1.28663E-1 1.29669E-1 1.31558E-1 1.25374E-1 1.21172E-1 1.19792E-1 1.22562E-1 1.22562E-1 1.26276E-1 1.24856E-1 1.26795E-1 1.33022E-1 1.41244E-1 1.65046E-1 1.97898E-1 2.18186E-1 2.20099E-1 2.04585E-1 2.01566E-1 2.09133E-1 2.20442E-1 2.47427E-1 2.89256E-1 3.43848E-1 3.82439E-1 3.78419E-1 3.70344E-1 3.72367E-1 3.86446E-1 4.10172E-1 4.35385E-1 4.55595E-1 4.84887E-1 5.09093E-1 5.21288E-1 5.34761E-1 5.38053E-1 5.6014E-1 5.77258E-1 6.01714E-1 6.11544E-1 6.14728E-1 6.25105E-1 6.41275E-1 6.58097E-1 6.61936E-1 6.62198E-1 6.62121E-1 6.54417E-1 6.45395E-1 6.54868E-1 6.58022E-1 6.49228E-1 6.3439E-1 6.33476E-1 6.25899E-1 6.08274E-1 6.01412E-1 5.93557E-1 5.65054E-1 5.31681E-1 5.3408E-1 5.30473E-1 5.38803E-1
1.53582E-1 1.53582E-1 1.49342E-1 1.38976E-1 1.36581E-1 1.41087E-1 1.42359E-1 1.4049E-1 1.38976E-1 1.3554E-1 1.34057E-1 1.31122E-1 1.29669E-1 1.29669E-1 1.32059E-1 1.36504E-1 1.32059E-1 1.34495E-1 1.48551E-1 1.76776E-1 2.20348E-1 2.74022E-1 2.4574E-1 2.20348E-1 2.14767E-1 2.16649E-1 2.26181E-1 2.47675E-1 2.83678E-1 3.34531E-1 3.72367E-1 3.81086E-1 3.81086E-1 3.83081E-1 4.04296E-1 4.37007E-1 4.60926E-1 4.88626E-1 5.05163E-1 5.22777E-1 5.31538E-1 5.26374E-1 5.3543E-1 5.62279E-1 5.81912E-1 6.05192E-1 6.18102E-1 6.20993E-1 6.35873E-1 6.45624E-1 6.61075E-1 6.60982E-1 6.58593E-1 6.57721E-1 6.59566E-1 6.54606E-1 6.56714E-1 6.57587E-1 6.51588E-1 6.34044E-1 6.22532E-1 6.1378E-1 5.86845E-1 5.74932E-1 5.87718E-1 5.80561E-1 5.3408E-1 4.90194E-1 4.8879E-1 4.72987E-1
1.65069E-1 1.60088E-1 1.57357E-1 1.51706E-1 1.48794E-1 1.56744E-1 1.56511E-1 1.48551E-1 1.45435E-1 1.45091E-1 1.47769E-1 1.41574E-1 1.41574E-1 1.40051E-1 1.41041E-1 1.42573E-1 1.42573E-1 1.46205E-1 1.58131E-1 1.8024E-1 2.30037E-1 2.57368E-1 2.41747E-1 2.24261E-1 2.22188E-1 2.33718E-1 2.39781E-1 2.55647E-1 2.90229E-1 3.28342E-1 3.5716E-1 3.83609E-1 3.86446E-1 4.04788E-1 4.3465E-1 4.66292E-1 4.92179E-1 5.12834E-1 5.33305E-1 5.41388E-1 5.41388E-1 5.37492E-1 5.53237E-1 5.78993E-1 5.99327E-1 6.129E-1 6.21482E-1 6.32245E-1 6.41856E-1 6.49633E-1 6.60031E-1 6.59665E-1 6.57777E-1 6.58765E-1 6.56638E-1 6.48701E-1 6.51898E-1 6.55351E-1 6.50948E-1 6.21221E-1 6.14635E-1 6.15747E-1 5.93657E-1 5.52821E-1 5.66849E-1 5.59305E-1 5.22141E-1 4.81559E-1 4.80252E-1 4.37632E-1
1.74627E-1 1.73557E-1 1.67291E-1 1.71111E-1 1.68053E-1 1.66376E-1 1.6305E-1 1.6305E-1 1.59427E-1 1.57357E-1 1.57357E-1 1.52519E-1 1.52519E-1 1.49342E-1 1.51979E-1 1.50387E-1 1.51979E-1 1.58989E-1 1.71111E-1 1.92455E-1 2.14763E-1 2.26007E-1 2.16649E-1 2.1101E-1 2.31449E-1 2.45453E-1 2.57786E-1 2.65881E-1 2.94614E-1 3.29644E-1 3.68295E-1 3.96687E-1 4.14556E-1 4.43458E-1 4.8037E-1 5.09974E-1 5.27416E-1 5.43721E-1 5.49194E-1 5.61021E-1 5.62379E-1 5.51924E-1 5.74326E-1 6.11939E-1 6.11003E-1 6.0927E-1 6.20119E-1 6.34614E-1 6.47803E-1 6.56302E-1 6.57375E-1 6.48794E-1 6.54166E-1 6.54617E-1 6.47422E-1 6.47065E-1 6.38625E-1 6.38121E-1 6.27687E-1 6.11267E-1 6.11433E-1 5.83094E-1 5.58828E-1 5.1836E-1 5.05256E-1 5.23447E-1 4.98435E-1 4.59363E-1 5.25954E-1 5.11867E-1
1.90646E-1 1.85819E-1 1.82271E-1 1.81479E-1 1.79729E-1 1.71434E-1 1.66376E-1 1.67726E-1 1.67291E-1 1.65612E-1 1.63942E-1 1.63942E-1 1.62281E-1 1.62281E-1 1.63399E-1 1.65069E-1 1.70134E-1 1.70677E-1 1.82813E-1 1.9761E-1 2.14379E-1 2.24187E-1 2.20462E-1 2.28148E-1 2.51652E-1 2.65881E-1 2.75989E-1 2.81923E-1 3.00911E-1 3.32352E-1 3.73136E-1 4.14795E-1 4.64857E-1 5.12774E-1 5.40453E-1 5.5504E-1 5.63459E-1 5.67096E-1 5.67051E-1 5.64813E-1 5.62379E-1 5.68039E-1 5.69314E-1 6.34263E-1 6.01171E-1 5.87285E-1 6.15635E-1 6.36658E-1 6.5022E-1 6.61012E-1 6.55648E-1 6.46005E-1 6.44075E-1 6.41222E-1 6.40454E-1 6.33986E-1 6.06004E-1 6.01663E-1 5.8818E-1 5.901E-1 6.03894E-1 5.84805E-1 5.5079E-1 4.8879E-1 4.62594E-1 4.8879E-1 4.88689E-1 4.48613E-1 5.20699E-1 5.41651E-1
1.85815E-1 1.98456E-1 1.90657E-1 1.92684E-1 1.86359E-1 1.77988E-1 1.71111E-1 1.70677E-1 1.71841E-1 1.73557E-1 1.77016E-1 1.77016E-1 1.77016E-1 1.741E-1 1.741E-1 1.77016E-1 1.82271E-1 1.86359E-1 1.97198E-1 2.12093E-1 2.2588E-1 2.47733E-1 2.61821E-1 2.73931E-1 2.90243E-1 2.98604E-1 3.02426E-1 3.02426E-1 3.15074E-1 3.32285E-1 3.72042E-1 4.29141E-1 4.91462E-1 5.63027E-1 5.91102E-1 5.93709E-1 5.96013E-1 5.94196E-1 5.82483E-1 5.64519E-1 5.84538E-1 5.97375E-1 5.85798E-1 5.85615E-1 5.63033E-1 5.86533E-1 6.28992E-1 6.49227E-1 6.58758E-1 6.6469E-1 6.56104E-1 6.47775E-1 6.36592E-1 6.21608E-1 6.1448E-1 6.15157E-1 5.84839E-1 5.68369E-1 5.95977E-1 6.036E-1 5.65054E-1 5.676E-1 5.28038E-1 4.52687E-1 4.23477E-1 4.25242E-1 4.13765E-1 4.23197E-1 4.80117E-1 5.29493E-1
1.86644E-1 1.91322E-1 2.00236E-1 2.00616E-1 1.91203E-1 1.87605E-1 1.80511E-1 1.85161E-1 1.85161E-1 1.90546E-1 1.92358E-1 1.94178E-1 1.94835E-1 1.88145E-1 1.91741E-1 1.91741E-1 1.98499E-1 2.05922E-1 2.178E-1 2.31353E-1 2.53565E-1 2.78162E-1 3.04998E-1 3.29875E-1 3.35765E-1 3.44245E-1 3.37259E-1 3.28756E-1 3.2368E-1 3.34329E-1 3.87227E-1 4.58132E-1 5.28858E-1 5.79804E-1 6.11299E-1 6.25457E-1 6.23877E-1 6.19557E-1 6.03224E-1 5.97595E-1 6.11417E-1 6.16701E-1 6.0542E-1 5.83743E-1 5.87567E-1 6.14676E-1 6.50537E-1 6.60855E-1 6.63529E-1 6.61518E-1 6.56317E-1 6.48149E-1 6.3118E-1 5.87861E-1 5.54552E-1 5.89401E-1 5.85702E-1 6.03877E-1 5.99297E-1 5.65422E-1 5.87718E-1 5.21396E-1 4.65604E-1 4.07605E-1 3.52611E-1 2.95888E-1 2.64662E-1 3.21395E-1 4.19344E-1 4.67948E-1
2.08189E-1 2.07535E-1 2.11132E-1 2.11577E-1 2.02195E-1 1.97063E-1 1.90685E-1 1.92502E-1 1.98907E-1 2.08244E-1 2.12032E-1 2.14719E-1 2.09679E-1 2.10205E-1 2.10205E-1 2.13988E-1 2.19716E-1 2.28892E-1 2.39235E-1 2.51225E-1 2.71593E-1 3.03003E-1 3.42919E-1 3.86626E-1 4.00947E-1 3.86366E-1 3.73747E-1 3.47154E-1 3.266E-1 3.53553E-1 4.23466E-1 4.94706E-1 5.56528E-1 5.99628E-1 6.30156E-1 6.47952E-1 6.47246E-1 6.3646E-1 6.24369E-1 6.18392E-1 5.97349E-1 5.91899E-1 5.98949E-1 5.85738E-1 6.33159E-1 6.43659E-1 6.54441E-1 6.63294E-1 6.56552E-1 6.59892E-1 6.56482E-1 6.51138E-1 6.34741E-1 5.94757E-1 5.45702E-1 5.95159E-1 6.01262E-1 5.7601E-1 5.62492E-1 5.7908E-1 5.61694E-1 5.01688E-1 4.71279E-1 3.91697E-1 3.6343E-1 2.47249E-1 1.82029E-1 3.08379E-1 3.81585E-1 3.77396E-1
2.22461E-1 2.22461E-1 2.23098E-1 2.23352E-1 2.178E-1 2.08244E-1 2.03268E-1 2.05145E-1 2.13898E-1 2.34435E-1 2.41322E-1 2.43324E-1 2.3085E-1 2.26941E-1 2.23946E-1 2.31717E-1 2.39235E-1 2.51225E-1 2.63394E-1 2.73652E-1 2.9233E-1 3.15414E-1 3.61759E-1 4.31286E-1 4.66606E-1 4.32603E-1 4.04083E-1 3.69977E-1 3.69294E-1 4.16417E-1 4.98249E-1 5.38294E-1 5.82736E-1 6.20348E-1 6.49091E-1 6.62846E-1 6.64675E-1 6.56852E-1 6.43776E-1 6.06547E-1 5.89853E-1 5.98652E-1 6.1317E-1 6.27459E-1 6.46347E-1 6.5677E-1 6.62457E-1 6.66202E-1 6.4986E-1 6.51875E-1 6.54029E-1 6.51635E-1 6.45961E-1 6.38774E-1 6.19574E-1 5.80569E-1 5.4228E-1 5.15309E-1 4.96636E-1 5.72684E-1 5.11295E-1 4.95362E-1 4.69395E-1 4.57209E-1 4.05119E-1 3.28725E-1 3.08379E-1 3.90105E-1 3.95183E-1 3.11887E-1
2.3344E-1 2.32735E-1 2.3825E-1 2.39859E-1 2.2825E-1 2.2161E-1 2.14206E-1 2.17691E-1 2.36832E-1 2.67867E-1 2.85585E-1 2.71885E-1 2.6029E-1 2.4122E-1 2.41567E-1 2.53565E-1 2.65438E-1 2.83999E-1 2.94419E-1 3.02797E-1 3.15414E-1 3.30175E-1 3.55235E-1 4.15079E-1 4.42549E-1 4.41479E-1 4.26167E-1 4.09811E-1 4.2545E-1 5.08954E-1 5.81602E-1 5.72079E-1 6.06499E-1 6.40292E-1 6.60678E-1 6.70945E-1 6.73348E-1 6.69696E-1 6.54411E-1 6.21115E-1 6.05362E-1 6.09461E-1 6.26628E-1 6.40619E-1 6.53717E-1 6.5697E-1 6.56873E-1 6.52878E-1 6.25779E-1 6.26004E-1 6.3114E-1 6.42602E-1 6.44661E-1 6.56527E-1 6.41467E-1 5.90648E-1 5.3527E-1 4.95046E-1 4.71774E-1 5.49148E-1 4.86238E-1 4.73116E-1 4.7496E-1 4.81967E-1 4.5325E-1 4.02805E-1 3.67071E-1 3.98554E-1 4.19043E-1 4.00235E-1
2.4646E-1 2.48191E-1 2.50425E-1 2.45546E-1 2.42411E-1 2.35366E-1 2.32154E-1 2.42033E-1 2.59692E-1 2.85449E-1 3.02443E-1 2.99081E-1 2.76772E-1 2.50751E-1 2.51225E-1 2.73652E-1 2.98604E-1 3.19628E-1 3.34395E-1 3.36504E-1 3.47045E-1 3.59661E-1 3.59447E-1 3.99701E-1 4.27472E-1 4.38226E-1 4.42739E-1 4.44719E-1 4.7428E-1 5.3983E-1 5.77989E-1 5.98879E-1 6.21594E-1 6.56132E-1 6.70577E-1 6.73727E-1 6.70556E-1 6.63294E-1 6.54121E-1 6.43E-1 6.26881E-1 6.27691E-1 6.44612E-1 6.57122E-1 6.57814E-1 6.42693E-1 6.42801E-1 6.29569E-1 6.01487E-1 6.0456E-1 6.20919E-1 6.19308E-1 6.32001E-1 6.4152E-1 6.35026E-1 6.03839E-1 5.65564E-1 5.09783E-1 4.63609E-1 5.40417E-1 4.79823E-1 4.43913E-1 4.55932E-1 4.65667E-1 4.72898E-1 4.2192E-1 3.79821E-1 3.83826E-1 4.63298E-1 4.94293E-1
2.55878E-1 2.60927E-1 2.6832E-1 2.63847E-1 2.54542E-1 2.55585E-1 2.54222E-1 2.60112E-1 2.8259E-1 3.00233E-1 3.16292E-1 3.21551E-1 2.99081E-1 2.7885E-1 2.75285E-1 2.98604E-1 3.32285E-1 3.68039E-1 3.80539E-1 3.82613E-1 3.90878E-1 3.94893E-1 4.01767E-1 4.2455E-1 4.49359E-1 4.64186E-1 4.73677E-1 4.84838E-1 5.05821E-1 5.3594E-1 5.76247E-1 6.19601E-1 6.49458E-1 6.71342E-1 6.7551E-1 6.70502E-1 6.60189E-1 6.62492E-1 6.51284E-1 6.55288E-1 6.49962E-1 6.54904E-1 6.62163E-1 6.58977E-1 6.43939E-1 6.3002E-1 6.2099E-1 5.91082E-1 5.70071E-1 6.06286E-1 6.24059E-1 5.9409E-1 6.01775E-1 6.05338E-1 5.93708E-1 5.86988E-1 5.68609E-1 5.21777E-1 4.55257E-1 5.26739E-1 4.61636E-1 4.24648E-1 4.2625E-1 4.20545E-1 4.25598E-1 3.95636E-1 3.9508E-1 4.37088E-1 4.84428E-1 4.71434E-1
2.74114E-1 2.7463E-1 2.79069E-1 2.77781E-1 2.75141E-1 2.69463E-1 2.74208E-1 2.80489E-1 2.96764E-1 3.0566E-1 3.17297E-1 3.25809E-1 3.16011E-1 3.04E-1 3.193E-1 3.36504E-1 3.74301E-1 4.11286E-1 4.21329E-1 4.23324E-1 4.29305E-1 4.38712E-1 4.51252E-1 4.6673E-1 4.84294E-1 4.95738E-1 5.11575E-1 5.31144E-1 5.49337E-1 5.69398E-1 6.07615E-1 6.44981E-1 6.73798E-1 6.69049E-1 6.59321E-1 6.55317E-1 6.58159E-1 6.09909E-1 6.51897E-1 6.56646E-1 6.61112E-1 6.60827E-1 6.50097E-1 6.44895E-1 6.33606E-1 6.14006E-1 6.0094E-1 5.46371E-1 5.07809E-1 5.13692E-1 5.6789E-1 6.02191E-1 5.9303E-1 5.70626E-1 5.40539E-1 5.44671E-1 5.42674E-1 4.90941E-1 4.24719E-1 4.52598E-1 4.34496E-1 3.99675E-1 3.81598E-1 3.5888E-1 3.60501E-1 3.61709E-1 3.48749E-1 3.67811E-1 3.83915E-1 3.72023E-1
2.82437E-1 2.88528E-1 2.86416E-1 2.89844E-1 2.89784E-1 2.90853E-1 2.95996E-1 3.02354E-1 3.14163E-1 3.16292E-1 3.2368E-1 3.27939E-1 3.30882E-1 3.35765E-1 3.53126E-1 3.72216E-1 4.0317E-1 4.33219E-1 4.50682E-1 4.5653E-1 4.73213E-1 4.82073E-1 4.93539E-1 5.07565E-1 5.21777E-1 5.42869E-1 5.59601E-1 5.78144E-1 6.04976E-1 6.18593E-1 6.53612E-1 6.68549E-1 6.71559E-1 6.54606E-1 6.52785E-1 6.4878E-1 6.0088E-1 6.38113E-1 6.50419E-1 6.47972E-1 6.60944E-1 6.5818E-1 6.39523E-1 6.20028E-1 5.94316E-1 5.81656E-1 5.82599E-1 5.60189E-1 5.18053E-1 4.929E-1 5.10312E-1 5.66849E-1 5.9401E-1 5.4085E-1 5.06311E-1 4.98931E-1 4.91502E-1 4.33472E-1 3.5881E-1 3.13608E-1 3.35445E-1 3.48872E-1 3.43763E-1 3.16888E-1 3.07332E-1 2.69784E-1 2.1822E-1 2.37777E-1 2.61562E-1 2.73564E-1
2.82009E-1 2.86345E-1 2.9233E-1 3.06637E-1 3.07533E-1 3.10922E-1 3.15171E-1 3.19424E-1 3.30068E-1 3.2368E-1 3.28756E-1 3.35134E-1 3.48482E-1 3.63654E-1 3.80393E-1 4.03102E-1 4.2333E-1 4.50794E-1 4.73399E-1 4.86179E-1 5.03506E-1 5.21255E-1 5.32767E-1 5.49073E-1 5.66863E-1 5.91214E-1 6.0885E-1 6.28497E-1 6.51962E-1 6.61864E-1 6.5243E-1 6.66802E-1 6.34271E-1 6.10647E-1 5.87158E-1 5.4776E-1 4.83104E-1 5.99865E-1 6.57134E-1 6.58925E-1 6.61936E-1 6.53766E-1 6.29104E-1 6.01663E-1 5.64435E-1 5.36539E-1 5.36512E-1 5.19424E-1 4.99205E-1 4.92984E-1 5.00551E-1 5.56257E-1 5.34383E-1 5.07657E-1 4.84865E-1 4.80537E-1 4.543E-1 3.95695E-1 3.12495E-1 2.09122E-1 2.23452E-1 3.08568E-1 3.32067E-1 3.09777E-1 2.59607E-1 1.7864E-1 1.08168E-1 1.2971E-1 1.69962E-1 2.17189E-1
2.82009E-1 2.92544E-1 3.03003E-1 3.13308E-1 3.193E-1 3.2516E-1 3.33008E-1 3.37259E-1 3.4151E-1 3.26631E-1 3.37259E-1 3.52124E-1 3.71685E-1 3.88393E-1 4.03102E-1 4.21328E-1 4.4878E-1 4.67816E-1 4.91439E-1 5.06539E-1 5.29496E-1 5.4472E-1 5.63984E-1 5.89935E-1 6.11644E-1 6.3395E-1 6.48174E-1 6.64947E-1 6.75729E-1 6.7939E-1 6.73017E-1 6.60212E-1 1.82055E-1 5.95977E-1 5.13846E-1 4.63525E-1 5.03855E-1 5.40687E-1 6.40576E-1 6.56531E-1 6.52379E-1 6.15145E-1 5.86585E-1 5.56741E-1 5.43738E-1 5.20743E-1 4.83734E-1 4.61293E-1 4.7E-1 5.04555E-1 5.025E-1 5.30894E-1 4.72823E-1 4.19944E-1 4.51213E-1 4.56316E-1 4.34454E-1 3.6343E-1 2.85562E-1 1.85206E-1 2.13749E-1 3.05208E-1 3.50544E-1 3.32372E-1 2.5125E-1 1.56284E-1 8.69827E-2 7.88806E-2 1.03121E-1 1.59021E-1
2.89823E-1 2.9642E-1 3.15586E-1 3.26095E-1 3.36504E-1 3.4468E-1 3.53126E-1 3.61164E-1 3.61164E-1 3.59054E-1 3.65378E-1 3.80062E-1 3.9254E-1 4.0694E-1 4.21135E-1 4.33114E-1 4.54297E-1 4.80239E-1 5.03058E-1 5.31119E-1 5.6504E-1 5.80834E-1 6.00615E-1 6.20407E-1 6.4351E-1 6.63536E-1 6.73236E-1 6.82604E-1 6.85684E-1 6.84185E-1 6.60649E-1 6.45566E-1 5.93657E-1 3.91659E-1 5.08506E-1 4.29145E-1 4.77969E-1 4.96131E-1 6.45178E-1 6.57814E-1 6.47118E-1 5.8975E-1 5.44411E-1 5.01458E-1 4.65604E-1 4.62879E-1 4.68209E-1 4.84777E-1 5.11617E-1 5.30473E-1 5.37631E-1 5.20916E-1 4.37926E-1 3.9272E-1 4.1442E-1 4.62092E-1 3.94408E-1 3.1655E-1 2.95888E-1 2.60121E-1 2.81483E-1 3.37127E-1 3.5881E-1 3.34083E-1 2.75273E-1 1.65707E-1 8.28823E-2 6.92207E-2 7.82852E-2 1.13982E-1
