KUENM/Final_Models/M_0.1_F_lq_Set_2_E/sp1_7_se_asia.asc
ncols         320
nrows         243
xllcorner     44.0
yllcorner     -0.666666666666667
cellsize      0.166666666666667
NODATA_value  -9999
[rows 62 to 92 of 243, columns 210 to 279 of 320]
2.24843E-7 5.77882E-11 9.48979E-12 1.25013E-11 6.47067E-9 9.73103E-8 3.46706E-7 5.06305E-8 2.51812E-6 4.76005E-6 1.73996E-6 2.1672E-6 6.2798E-5 3.96524E-4 1.47623E-3 3.84518E-4 1.54051E-2 1.43482E-3 2.79595E-4 2.05676E-5 6.49663E-8 4.67992E-10 9.6959E-10 2.23135E-8 5.8904E-8 3.25493E-9 -9999 -9999 -9999 -9999 -9999 -9999 -9999 -9999 -9999 -9999 -9999 -9999 -9999 -9999 -9999 -9999 -9999 -9999 -9999 -9999 -9999 -9999 -9999 -9999 -9999 -9999 -9999 -9999 -9999 -9999 -9999 -9999 -9999 -9999 -9999 -9999 -9999 -9999 -9999 -9999 -9999 -9999 -9999 -9999
5.55051E-5 5.55744E-8 2.39261E-12 3.20477E-12 1.7667E-9 2.4298E-8 9.0913E-8 8.14751E-8 4.1841E-6 8.60175E-6 6.902E-6 8.06887E-6 3.0011E-5 1.40759E-4 8.89552E-4 2.6309E-3 2.7124E-3 2.06842E-3 1.20273E-3 6.1201E-4 2.27696E-5 1.04993E-8 4.40583E-9 1.24092E-8 4.535E-9 1.47255E-9 2.75726E-11 -9999 -9999 4.17123E-9 4.15068E-9 -9999 -9999 -9999 -9999 -9999 -9999 -9999 -9999 -9999 -9999 -9999 -9999 -9999 -9999 -9999 -9999 -9999 -9999 -9999 -9999 -9999 -9999 -9999 -9999 -9999 -9999 -9999 -9999 -9999 -9999 -9999 -9999 -9999 -9999 -9999 -9999 -9999 -9999 -9999
2.48041E-3 8.99527E-5 1.4299E-6 2.10221E-8 1.38341E-9 8.90061E-10 1.03355E-8 2.93729E-8 5.37424E-8 1.31418E-6 3.47826E-6 1.0237E-5 4.7356E-6 1.65814E-5 1.89067E-4 2.34758E-3 3.27387E-3 1.17465E-4 2.61256E-5 5.75476E-6 2.15233E-5 1.50354E-4 3.68879E-6 2.57681E-6 2.81717E-9 1.07439E-9 1.01815E-9 5.20243E-12 1.26675E-12 2.76222E-6 3.22424E-9 -9999 -9999 -9999 -9999 -9999 -9999 -9999 -9999 -9999 -9999 -9999 -9999 -9999 -9999 -9999 -9999 -9999 -9999 -9999 -9999 -9999 -9999 -9999 -9999 -9999 -9999 -9999 -9999 -9999 -9999 -9999 -9999 -9999 -9999 -9999 -9999 -9999 -9999 -9999
2.12432E-2 5.81797E-3 3.28699E-3 6.30576E-4 2.72488E-5 2.8129E-6 8.7634E-6 4.21334E-5 7.07414E-7 5.08319E-8 7.42192E-8 4.72037E-8 2.48547E-7 1.81594E-6 1.41639E-5 2.33948E-5 5.08851E-4 1.77188E-3 7.4099E-4 2.66354E-3 2.56542E-4 1.82981E-4 1.25742E-5 8.58847E-5 7.08291E-7 1.56718E-8 1.21684E-9 2.70378E-11 2.21418E-7 3.38399E-7 1.31977E-11 -9999 -9999 -9999 -9999 -9999 -9999 -9999 -9999 -9999 -9999 -9999 -9999 -9999 -9999 -9999 -9999 -9999 -9999 -9999 -9999 -9999 -9999 -9999 -9999 -9999 -9999 -9999 -9999 -9999 -9999 -9999 -9999 -9999 -9999 -9999 -9999 -9999 -9999 -9999
6.90938E-2 3.29006E-2 1.99776E-2 1.12993E-2 2.36222E-3 1.43676E-4 5.28333E-5 6.31979E-6 1.08053E-7 2.15279E-8 6.64204E-9 1.08764E-9 3.08445E-9 5.44603E-8 1.74259E-6 2.82543E-6 2.11251E-5 1.53866E-4 1.94885E-5 5.32273E-6 3.62193E-5 1.46085E-4 5.27821E-5 1.13202E-5 1.23893E-9 3.61507E-12 3.07213E-13 1.02618E-8 1.30465E-6 1.48704E-9 8.02616E-11 9.67098E-10 1.31565E-12 -9999 -9999 -9999 -9999 -9999 -9999 -9999 -9999 -9999 -9999 -9999 -9999 -9999 -9999 -9999 -9999 -9999 -9999 -9999 -9999 -9999 -9999 -9999 -9999 -9999 -9999 -9999 -9999 -9999 -9999 -9999 -9999 -9999 -9999 -9999 -9999 -9999
1.03895E-1 6.2292E-2 3.81824E-2 1.78367E-2 2.46107E-3 4.25274E-4 3.39465E-4 4.77064E-5 1.08841E-6 2.74492E-7 2.50809E-7 2.62761E-8 1.85421E-9 1.44299E-10 1.25697E-9 4.19324E-10 1.66471E-7 3.71364E-6 9.50578E-8 6.03246E-8 3.33301E-7 7.95497E-7 1.80073E-5 1.35954E-4 1.08381E-5 6.64873E-5 1.83271E-5 2.92849E-4 2.19168E-6 8.35183E-11 1.64305E-9 1.29358E-8 1.80555E-6 2.87426E-10 8.42705E-8 -9999 9.80982E-10 -9999 -9999 -9999 -9999 -9999 -9999 -9999 -9999 -9999 -9999 -9999 -9999 -9999 -9999 -9999 -9999 -9999 -9999 -9999 -9999 -9999 -9999 -9999 -9999 -9999 -9999 -9999 -9999 -9999 -9999 -9999 -9999 -9999
1.0749E-1 8.3551E-2 4.72742E-2 1.38857E-2 1.28316E-3 4.76288E-4 1.03956E-3 8.57273E-4 9.78182E-5 3.44268E-5 2.16183E-5 9.01426E-6 9.98592E-7 1.22545E-7 3.27112E-9 4.92616E-11 1.06443E-9 3.59228E-7 3.56291E-5 1.48392E-5 1.1479E-5 8.76379E-7 7.70849E-6 4.84045E-5 5.76833E-6 3.49724E-6 4.07655E-10 2.59439E-14 2.09611E-6 3.48759E-8 3.62431E-5 1.25734E-5 4.67055E-5 1.04877E-8 2.63849E-8 1.12275E-3 -9999 -9999 -9999 -9999 -9999 -9999 -9999 -9999 -9999 -9999 -9999 -9999 -9999 -9999 -9999 -9999 -9999 -9999 -9999 -9999 -9999 -9999 -9999 -9999 -9999 -9999 -9999 -9999 -9999 -9999 -9999 -9999 -9999 -9999
1.2153E-1 9.87869E-2 5.64881E-2 2.12739E-2 1.85725E-3 7.87983E-4 1.42373E-3 2.27365E-3 1.20459E-3 8.05185E-4 1.06236E-3 1.3659E-3 2.1967E-4 3.17909E-5 2.32744E-5 3.24378E-5 1.14662E-5 4.49156E-7 4.27548E-6 2.27636E-5 1.25709E-5 1.6823E-6 2.69238E-7 5.29234E-8 1.65136E-9 5.57031E-10 1.11305E-13 5.70822E-19 1.66E-32 7.43217E-38 5.76009E-35 1.47241E-29 7.77724E-23 4.58988E-7 8.25672E-5 4.63889E-5 6.77308E-5 1.09446E-5 4.50763E-5 1.1624E-9 -9999 -9999 -9999 -9999 -9999 -9999 -9999 -9999 -9999 -9999 -9999 -9999 -9999 -9999 -9999 -9999 -9999 -9999 -9999 -9999 -9999 -9999 -9999 -9999 -9999 1.55823E-11 2.65638E-12 1.80569E-13 8.7055E-12 -9999
1.80516E-1 1.37769E-1 8.52896E-2 4.58732E-2 1.53383E-2 5.94281E-3 4.66618E-3 8.10061E-3 6.63924E-3 5.12559E-3 6.40073E-3 7.81508E-3 3.30651E-3 1.60836E-3 2.9309E-3 9.16017E-3 7.39152E-3 9.84899E-4 3.98173E-6 1.59579E-6 2.45376E-6 1.21106E-5 2.62414E-5 4.52288E-6 4.92487E-9 9.68473E-10 1.29988E-14 1.10461E-17 9.16153E-25 1.61965E-27 3.01015E-30 8.41614E-28 2.35347E-26 8.57168E-21 8.02356E-16 2.02938E-11 8.42152E-7 1.07456E-6 9.3266E-6 1.82136E-6 1.13049E-6 -9999 6.33608E-9 -9999 -9999 4.97285E-13 -9999 -9999 -9999 -9999 -9999 -9999 -9999 -9999 -9999 -9999 -9999 4.01118E-11 -9999 -9999 -9999 -9999 -9999 1.1797E-9 3.02158E-8 6.09932E-10 3.10244E-9 1.05476E-10 1.15493E-12 -9999
2.8419E-1 2.00886E-1 1.48138E-1 9.8561E-2 5.72597E-2 3.43617E-2 3.28946E-2 3.81551E-2 1.90262E-2 1.23267E-2 1.14926E-2 1.31974E-2 1.11237E-2 1.13186E-2 1.7827E-2 2.27079E-2 1.27578E-2 1.53713E-3 1.90952E-5 1.5468E-6 1.2512E-6 5.65473E-6 4.51147E-5 8.28702E-5 3.02525E-6 1.98168E-7 1.21213E-9 3.47286E-11 1.50892E-14 1.09289E-17 1.86843E-19 5.09939E-20 3.69197E-19 8.27434E-18 1.354E-16 2.11035E-13 2.92024E-12 1.24247E-10 1.42391E-12 3.3657E-16 1.53557E-14 4.73173E-13 -9999 3.8652E-7 -9999 7.28678E-11 9.01263E-10 2.78085E-13 -9999 -9999 -9999 -9999 -9999 -9999 -9999 3.03662E-12 2.78292E-10 8.17883E-10 5.06424E-11 -9999 -9999 -9999 7.91884E-9 1.23159E-7 1.61402E-5 1.30857E-8 7.8159E-7 2.6462E-10 1.31219E-9 5.06278E-9
3.76103E-1 2.81572E-1 2.1657E-1 1.66494E-1 1.18401E-1 7.64031E-2 6.12425E-2 4.99992E-2 2.69779E-2 1.81179E-2 2.09623E-2 2.19648E-2 2.16445E-2 2.30666E-2 2.61532E-2 2.13153E-2 1.00195E-2 2.01542E-3 1.73319E-4 1.31211E-5 2.08398E-6 3.66247E-6 2.27894E-5 7.91295E-5 2.59709E-5 6.19433E-7 1.72703E-9 1.39559E-10 2.17501E-13 1.71262E-14 2.22538E-16 6.85447E-16 1.14247E-14 7.59836E-14 1.89252E-13 5.43796E-14 1.27677E-10 2.97797E-10 4.33593E-12 8.30391E-11 1.46362E-15 2.34987E-19 6.25847E-15 2.77027E-14 2.21025E-7 1.34632E-9 1.4177E-7 3.99606E-11 3.81149E-9 5.74402E-8 2.18998E-15 1.08248E-8 6.39255E-9 1.49361E-9 6.57343E-13 3.50501E-12 1.09467E-8 1.11832E-6 1.64893E-7 -9999 -9999 3.93572E-9 4.10482E-9 1.0805E-7 4.39998E-6 1.45649E-5 3.29252E-5 2.14943E-7 1.57295E-6 7.93257E-7
4.45697E-1 3.58393E-1 2.90694E-1 2.53499E-1 1.88171E-1 1.14174E-1 6.4428E-2 4.52272E-2 2.82205E-2 1.34324E-2 2.38073E-2 3.00026E-2 3.18787E-2 3.23629E-2 3.04059E-2 1.95916E-2 9.00826E-3 2.66542E-3 6.07174E-4 1.36992E-4 4.41295E-5 3.502E-5 6.24426E-5 1.98435E-4 1.26596E-4 3.22137E-6 1.6599E-7 2.18571E-9 1.30531E-10 1.53062E-13 8.53908E-16 3.46652E-13 1.03091E-10 8.1825E-11 4.9605E-12 2.99941E-10 3.28957E-13 2.36997E-11 2.33928E-12 1.15661E-7 1.13307E-7 8.1201E-14 8.1369E-13 1.16146E-14 7.8485E-11 3.21521E-9 2.13073E-13 6.59443E-9 4.98515E-13 2.39338E-21 1.66606E-12 1.24299E-7 7.10653E-8 7.25077E-7 3.89281E-11 1.64534E-9 9.78671E-9 5.29648E-9 1.56727E-6 -9999 8.07364E-9 1.1315E-6 6.47186E-7 6.16443E-6 5.93637E-9 4.26775E-17 6.9459E-6 4.73832E-5 1.47166E-5 7.31374E-5
5.00026E-1 4.37418E-1 3.70222E-1 3.30551E-1 2.67074E-1 1.80798E-1 7.03855E-2 4.84154E-2 4.52272E-2 2.91E-2 3.98628E-2 5.50695E-2 4.85325E-2 4.44805E-2 3.57734E-2 2.11812E-2 9.63649E-3 3.85553E-3 1.78444E-3 8.4054E-4 4.25774E-4 2.89408E-4 3.47249E-4 5.07285E-4 2.51675E-4 3.33787E-5 1.88913E-5 5.80952E-6 8.67505E-8 2.36548E-9 7.47803E-10 4.71871E-9 3.82404E-8 1.50639E-8 1.41403E-10 2.22913E-12 3.2313E-11 2.31963E-8 2.37495E-8 3.95869E-7 6.15573E-6 9.19439E-6 9.41164E-6 7.58641E-9 1.47691E-11 6.6874E-14 1.05211E-14 2.88702E-14 6.85302E-13 1.95789E-10 1.45304E-13 3.68757E-13 6.17308E-14 1.51276E-11 9.48641E-7 7.01701E-10 8.29929E-14 1.38404E-18 1.79838E-6 -9999 3.80402E-7 9.13628E-6 3.94741E-6 5.80071E-6 8.19364E-6 1.66525E-15 3.35317E-6 2.43853E-5 3.096E-7 5.78492E-9
5.24073E-1 4.86029E-1 4.22765E-1 3.57383E-1 3.49465E-1 3.37545E-1 1.96855E-1 8.8225E-2 6.10966E-2 6.27452E-2 1.06938E-1 1.10673E-1 8.74067E-2 6.682E-2 4.89504E-2 2.80985E-2 1.26831E-2 5.51147E-3 5.317E-3 5.32061E-3 2.77286E-3 1.36514E-3 1.20459E-3 1.25605E-3 3.24769E-4 4.43678E-5 4.78483E-5 1.47306E-4 2.28127E-5 1.37906E-6 5.04999E-7 6.60173E-7 5.66196E-6 1.30369E-4 4.48893E-6 1.89241E-10 4.21277E-13 1.04483E-12 2.55513E-13 5.74526E-11 5.25929E-6 3.1738E-4 2.50786E-4 1.09018E-4 1.27896E-5 6.44353E-6 4.11858E-8 8.13778E-13 9.041E-10 1.53942E-3 1.50267E-11 1.02357E-10 1.96504E-9 1.6737E-14 1.73393E-12 1.92948E-23 1.10651E-25 2.24306E-27 1.06346E-13 2.09515E-7 9.84581E-9 5.57754E-6 4.12216E-6 1.02733E-6 5.0202E-6 9.83588E-17 9.93995E-37 6.22177E-12 2.40481E-7 6.55959E-23
5.03429E-1 5.27112E-1 4.45155E-1 3.65268E-1 3.86738E-1 4.07787E-1 3.066E-1 1.58024E-1 8.8225E-2 9.03931E-2 1.3452E-1 1.44271E-1 1.48775E-1 1.2571E-1 8.09324E-2 4.30976E-2 2.01221E-2 1.01316E-2 1.9002E-2 3.28946E-2 1.25395E-2 4.75494E-3 3.64201E-3 3.24267E-3 9.55447E-4 1.132E-4 1.58138E-4 6.4829E-4 2.76711E-4 5.29216E-5 4.66832E-5 9.56371E-5 1.43925E-4 5.93678E-4 1.57567E-3 1.54285E-4 2.49755E-7 1.04501E-9 1.20847E-10 1.06323E-9 7.11111E-8 7.93353E-6 1.46939E-4 1.60662E-4 6.45421E-4 9.20213E-5 3.98873E-4 5.3306E-7 1.14876E-3 8.90386E-3 8.03101E-6 7.69649E-5 2.34202E-9 3.71788E-14 7.99648E-17 3.2731E-27 2.39388E-30 1.7755E-29 4.31607E-25 3.49358E-33 7.65273E-22 4.76428E-24 4.50132E-15 2.46332E-9 1.4683E-10 6.40968E-23 0E0 2.98351E-21 3.05216E-28 2.00453E-30
4.17828E-1 4.7115E-1 4.32555E-1 3.84801E-1 4.02095E-1 3.96365E-1 3.13632E-1 2.14108E-1 1.82486E-1 2.01542E-1 1.78473E-1 1.65363E-1 2.26209E-1 2.26979E-1 1.20318E-1 5.98932E-2 3.36042E-2 2.01221E-2 2.52082E-2 5.27526E-2 2.1617E-2 9.99984E-3 9.15731E-3 1.12957E-2 8.66636E-3 2.12708E-3 1.17262E-3 1.63802E-3 1.10587E-3 2.96013E-4 5.68052E-4 1.97499E-3 2.56216E-3 2.36631E-3 6.63599E-3 2.41259E-3 1.18663E-4 1.2405E-5 6.30846E-6 1.70076E-5 2.20285E-5 1.36153E-5 6.05622E-6 1.66482E-5 7.5705E-4 3.84737E-4 7.05173E-4 5.6918E-4 3.00052E-4 3.25349E-3 4.26055E-3 4.01399E-5 2.12856E-8 8.59024E-14 1.02389E-24 5.16371E-32 1.37825E-36 1.96182E-44 0E0 0E0 0E0 0E0 0E0 5.09249E-33 2.20333E-28 0E0 0E0 0E0 0E0 0E0
3.52969E-1 4.14596E-1 4.12223E-1 4.02789E-1 4.2091E-1 4.05894E-1 3.4351E-1 2.8189E-1 2.91767E-1 3.25592E-1 2.34646E-1 1.84463E-1 2.76949E-1 2.35548E-1 1.33571E-1 8.47499E-2 5.93054E-2 3.61958E-2 2.76691E-2 3.90698E-2 2.72453E-2 2.05121E-2 2.40497E-2 3.47273E-2 4.0101E-2 1.44238E-2 5.1532E-3 5.67656E-3 5.28661E-3 2.98756E-3 4.56989E-3 8.69409E-3 5.83408E-3 5.03054E-3 8.85647E-3 4.7526E-3 1.54541E-3 1.42127E-3 9.53855E-4 3.49207E-3 4.21985E-3 1.47505E-3 4.42854E-4 1.04749E-4 2.56433E-5 1.42871E-5 2.39689E-6 3.11785E-9 6.9737E-14 6.70766E-12 4.19829E-10 1.22144E-14 2.42747E-20 6.88294E-22 5.11341E-23 1.14398E-27 3.68541E-43 0E0 0E0 0E0 0E0 0E0 0E0 0E0 0E0 0E0 0E0 0E0 0E0 0E0
4.20489E-1 4.27525E-1 4.45539E-1 4.52225E-1 4.52225E-1 4.53978E-1 4.39225E-1 4.283E-1 4.21541E-1 3.89406E-1 3.24491E-1 2.92708E-1 2.86783E-1 2.23485E-1 1.49734E-1 1.32157E-1 1.12516E-1 6.85851E-2 3.21251E-2 3.89513E-2 5.17492E-2 6.42378E-2 6.76981E-2 5.75235E-2 4.94605E-2 2.57213E-2 1.29765E-2 1.2173E-2 1.12109E-2 1.44776E-2 2.72453E-2 4.0321E-2 3.38525E-2 1.90262E-2 1.87317E-2 1.67003E-2 1.03711E-2 1.01778E-3 5.2018E-4 4.65843E-3 1.55736E-2 1.08691E-2 1.45309E-2 1.01373E-2 3.88057E-4 5.54405E-5 5.79552E-6 7.87215E-8 2.20938E-10 1.01998E-12 1.47335E-16 2.83044E-22 4.57081E-24 4.15967E-22 5.20186E-21 4.17552E-21 2.90524E-32 3.19496E-43 0E0 0E0 2.36819E-43 0E0 0E0 0E0 0E0 0E0 0E0 0E0 0E0 0E0
4.5969E-1 4.36861E-1 4.41981E-1 4.40194E-1 4.43372E-1 4.84404E-1 4.7115E-1 4.72831E-1 4.48702E-1 3.80348E-1 3.36424E-1 3.11343E-1 2.77778E-1 2.30904E-1 2.00032E-1 2.00836E-1 1.97315E-1 1.39849E-1 7.57369E-2 5.30058E-2 7.19688E-2 1.06277E-1 9.00829E-2 6.12614E-2 4.76675E-2 3.41833E-2 2.01861E-2 1.57968E-2 1.96419E-2 4.54601E-2 1.11623E-1 1.02094E-1 6.71762E-2 2.65292E-2 2.82205E-2 4.4726E-2 3.24251E-2 1.89661E-3 1.91067E-4 5.62617E-3 4.53988E-2 5.21982E-2 4.28081E-2 6.13712E-2 4.34261E-2 9.17085E-3 4.15853E-4 2.21488E-5 3.10196E-7 1.54826E-9 9.0398E-13 8.80879E-17 1.54045E-19 9.22859E-20 2.56514E-19 1.41579E-20 4.90654E-26 1.18124E-33 3.42166E-38 1.65197E-37 1.12888E-35 3.20562E-38 0E0 0E0 0E0 0E0 0E0 4.35804E-43 5.47361E-41 1.08296E-38
4.43994E-1 3.86142E-1 3.68675E-1 3.74524E-1 3.72577E-1 4.14596E-1 4.14096E-1 3.76468E-1 3.0341E-1 2.62924E-1 2.77778E-1 2.99449E-1 2.817E-1 2.50661E-1 2.47895E-1 2.42189E-1 2.20671E-1 1.8183E-1 1.29357E-1 5.9646E-2 4.40011E-2 8.75694E-2 8.13332E-2 4.07594E-2 4.48114E-2 4.35551E-2 1.91259E-2 1.59721E-2 4.25567E-2 1.16705E-1 1.62168E-1 1.00279E-1 6.17334E-2 2.72453E-2 3.4214E-2 5.64881E-2 9.54993E-2 1.14947E-1 2.23458E-2 1.69658E-2 3.59727E-2 5.36469E-2 4.80346E-2 8.06371E-2 7.3807E-2 3.24271E-2 5.02807E-3 6.33978E-4 4.77921E-5 2.89354E-6 1.88945E-8 6.29852E-12 1.87631E-15 3.40548E-17 1.6536E-17 1.1621E-18 1.44032E-21 2.86794E-25 3.4714E-28 9.25193E-30 7.3476E-32 1.13504E-35 2.61408E-40 1.49939E-43 2.41472E-41 3.87555E-37 7.25727E-35 1.45119E-33 7.26528E-33 3.7609E-31
3.539E-1 2.98138E-1 2.82395E-1 3.19908E-1 3.6722E-1 3.78874E-1 3.41683E-1 2.68735E-1 1.44609E-1 1.26096E-1 2.26948E-1 2.94192E-1 2.90252E-1 2.69966E-1 2.83665E-1 2.65235E-1 2.1798E-1 1.77738E-1 1.40781E-1 8.75694E-2 6.95271E-2 1.15409E-1 9.66244E-2 3.0606E-2 4.74123E-2 4.26815E-2 7.68748E-3 1.21253E-2 7.42588E-2 2.95493E-1 3.08576E-1 1.10321E-1 6.71839E-2 6.57182E-2 8.06518E-2 9.37163E-2 1.55401E-1 2.47116E-1 8.84794E-2 4.02228E-2 2.9873E-2 4.45885E-2 1.30928E-1 1.3685E-1 7.95837E-2 3.38951E-2 1.2335E-2 4.16487E-3 9.15138E-4 1.30757E-4 6.50302E-6 1.89167E-8 1.81935E-11 6.42243E-14 1.5985E-14 2.69425E-15 5.74757E-17 1.22161E-18 2.15677E-20 1.73136E-22 2.88004E-25 1.99938E-28 1.7266E-31 7.28284E-33 3.08815E-31 6.01974E-28 1.4928E-26 6.10097E-27 9.47487E-29 1.32499E-32
2.55832E-1 2.34383E-1 2.55223E-1 3.6722E-1 4.7154E-1 4.47581E-1 3.55859E-1 3.20391E-1 2.12994E-1 1.65283E-1 2.5967E-1 2.98138E-1 2.70678E-1 2.76525E-1 2.90252E-1 2.71915E-1 2.05348E-1 1.59908E-1 1.58337E-1 1.56775E-1 1.50614E-1 1.80251E-1 1.63897E-1 8.77846E-2 6.87617E-2 3.32928E-2 9.12157E-3 1.85774E-2 8.05697E-2 3.27834E-1 3.31794E-1 1.26096E-1 9.32388E-2 1.01271E-1 1.15409E-1 1.14631E-1 1.34995E-1 1.47265E-1 1.21652E-1 9.33959E-2 4.87748E-2 5.93054E-2 1.30281E-1 2.02661E-1 1.23745E-1 4.92164E-2 2.02729E-2 1.21172E-2 4.16461E-3 5.68476E-4 4.90926E-5 2.44968E-6 5.04536E-8 1.01751E-9 8.73168E-11 1.2808E-11 1.89168E-12 3.96208E-13 2.94766E-14 1.78713E-16 4.25875E-19 1.16468E-21 3.85779E-24 1.27096E-25 2.41754E-25 8.04626E-24 6.0613E-24 3.44829E-26 3.49278E-31 1.95279E-31
2.23906E-1 2.22072E-1 2.63521E-1 4.0371E-1 5.3928E-1 5.59082E-1 5.31671E-1 5.03949E-1 4.91739E-1 3.58129E-1 3.26646E-1 3.44351E-1 2.94733E-1 2.98671E-1 3.08023E-1 2.62202E-1 1.99131E-1 1.64671E-1 1.7114E-1 1.98273E-1 2.06209E-1 2.0443E-1 1.66234E-1 1.50614E-1 1.10981E-1 5.16088E-2 2.88718E-2 3.75009E-2 1.06547E-1 2.39274E-1 2.46807E-1 1.48229E-1 1.36493E-1 1.49736E-1 1.58317E-1 1.64634E-1 1.32343E-1 1.57588E-1 1.77738E-1 1.81085E-1 1.16705E-1 3.38413E-2 5.57531E-2 2.04384E-1 1.32662E-1 5.77287E-2 2.72453E-2 1.38416E-2 4.84195E-3 1.01828E-3 2.24945E-4 9.33342E-5 1.80314E-5 1.1246E-6 9.86313E-8 1.60311E-8 4.74608E-9 3.13623E-9 5.94007E-10 1.81635E-12 6.31732E-15 6.63951E-17 3.66084E-19 3.78772E-21 3.34633E-22 2.63075E-23 1.99098E-28 2.38761E-36 8.73429E-42 1.81097E-35
3.19908E-1 2.70678E-1 2.76525E-1 3.63314E-1 5.12546E-1 5.93304E-1 5.84695E-1 4.98758E-1 4.50673E-1 3.83173E-1 3.81264E-1 4.50953E-1 3.94599E-1 3.63676E-1 3.57817E-1 2.8632E-1 2.0443E-1 1.76916E-1 1.89587E-1 2.26196E-1 2.43048E-1 2.32517E-1 1.67842E-1 1.2534E-1 1.12239E-1 7.42128E-2 6.52499E-2 7.27279E-2 1.52284E-1 2.52872E-1 2.66263E-1 1.94588E-1 1.79348E-1 2.02854E-1 2.54408E-1 2.52502E-1 1.7337E-1 2.35017E-1 3.38167E-1 2.80436E-1 1.76007E-1 6.73919E-2 6.78764E-2 1.32343E-1 1.11579E-1 6.09735E-2 2.61243E-2 1.20108E-2 5.39962E-3 2.71319E-3 2.01529E-3 1.42364E-3 6.4829E-4 6.62015E-5 7.25289E-6 1.4603E-6 5.35434E-7 6.30501E-8 1.45016E-9 4.944E-11 1.15936E-12 2.58618E-14 3.27759E-16 3.14035E-18 3.11047E-20 5.14034E-23 5.65068E-32 0E0 0E0 0E0
4.7154E-1 3.80806E-1 3.64762E-1 3.99536E-1 4.74766E-1 5.52995E-1 5.04477E-1 3.34697E-1 2.38081E-1 3.42522E-1 4.1502E-1 4.29546E-1 3.75519E-1 3.59996E-1 3.46313E-1 3.00642E-1 2.40013E-1 2.11587E-1 2.41156E-1 2.64138E-1 2.47584E-1 2.30655E-1 1.90133E-1 1.48229E-1 1.23176E-1 1.21841E-1 1.44787E-1 1.71525E-1 1.93223E-1 2.58824E-1 3.17074E-1 2.28828E-1 1.94942E-1 1.83052E-1 2.23338E-1 2.6434E-1 2.87593E-1 3.11106E-1 3.77437E-1 3.10877E-1 1.92408E-1 1.75574E-1 2.25744E-1 1.58962E-1 1.01256E-1 4.32953E-2 1.73443E-2 1.4778E-2 9.27944E-3 3.85053E-3 1.93412E-3 2.7708E-3 2.27196E-3 4.54611E-4 5.41535E-5 1.20961E-5 1.17546E-5 9.96361E-7 7.36991E-9 2.85726E-10 2.47064E-11 1.2541E-12 3.49514E-14 4.51988E-16 2.69905E-18 1.64038E-22 2.7284E-28 8.3991E-41 0E0 0E0
3.70627E-1 3.09358E-1 3.05666E-1 3.35554E-1 3.80919E-1 4.69462E-1 3.73391E-1 2.19388E-1 1.78066E-1 3.503E-1 3.88877E-1 2.24437E-1 2.7366E-1 2.93178E-1 2.69323E-1 2.69323E-1 2.8632E-1 3.11983E-1 2.72624E-1 2.60993E-1 2.42524E-1 2.07619E-1 2.12994E-1 2.22606E-1 1.64252E-1 1.99795E-1 2.28529E-1 2.12506E-1 1.90066E-1 2.23535E-1 2.87778E-1 2.62745E-1 2.02131E-1 1.79998E-1 2.25356E-1 2.83902E-1 3.03342E-1 3.2091E-1 3.36651E-1 2.60733E-1 1.63528E-1 2.10721E-1 3.44459E-1 2.13971E-1 9.05126E-2 2.45234E-2 9.21495E-3 2.84342E-2 2.50383E-2 5.92381E-3 1.01759E-3 3.24287E-3 3.57004E-3 1.12723E-3 1.65262E-4 3.26006E-5 2.04218E-5 1.82879E-6 1.75979E-8 1.84537E-9 3.68201E-10 3.6209E-11 1.87941E-12 4.7199E-14 4.30451E-16 6.04161E-19 5.41299E-23 5.76022E-27 2.44388E-30 2.51533E-34
2.40296E-1 1.6951E-1 1.15078E-1 1.60529E-1 2.57359E-1 3.10564E-1 2.06967E-1 1.24521E-1 1.56887E-1 2.82395E-1 2.95731E-1 2.32772E-1 2.84811E-1 2.66078E-1 2.22072E-1 2.20245E-1 2.98671E-1 4.11214E-1 3.89988E-1 2.9747E-1 2.46846E-1 1.94651E-1 1.46731E-1 1.09002E-1 1.73933E-1 2.68189E-1 2.93597E-1 2.17896E-1 2.38244E-1 2.29013E-1 2.04014E-1 1.93634E-1 1.75256E-1 1.88602E-1 2.47608E-1 2.60818E-1 2.51364E-1 3.12904E-1 3.6746E-1 2.34537E-1 1.68595E-1 1.8837E-1 2.12726E-1 1.45385E-1 8.44094E-2 4.81084E-2 2.95484E-2 5.16088E-2 4.65678E-2 1.42806E-2 3.50176E-3 3.05864E-3 3.05241E-3 1.56818E-3 5.17094E-4 1.14929E-4 3.58985E-5 4.62896E-6 2.90029E-7 4.25141E-8 7.84257E-9 8.42862E-10 7.16127E-11 3.29602E-12 7.23476E-14 8.56438E-16 1.99367E-18 3.20709E-21 7.16351E-24 1.18087E-26
1.79408E-1 1.2387E-1 8.19462E-2 8.3404E-2 1.59596E-1 2.21644E-1 9.32418E-2 4.32953E-2 9.11777E-2 1.62462E-1 1.89538E-1 1.98269E-1 2.234E-1 1.91623E-1 1.57588E-1 1.6597E-1 2.37595E-1 3.49573E-1 3.64762E-1 3.15313E-1 2.60386E-1 2.12927E-1 1.78462E-1 1.78462E-1 2.62576E-1 4.21812E-1 5.584E-1 4.07102E-1 2.01545E-1 1.51471E-1 1.2302E-1 1.16925E-1 1.51842E-1 1.97113E-1 1.98835E-1 1.42959E-1 1.32991E-1 2.02267E-1 2.29013E-1 2.02131E-1 2.10945E-1 2.19704E-1 1.73933E-1 1.03757E-1 8.6147E-2 1.08493E-1 1.16125E-1 1.16778E-1 7.99564E-2 2.92232E-2 3.24287E-3 1.06019E-3 9.49314E-4 9.63015E-4 7.44676E-4 2.7322E-4 7.95441E-5 2.02806E-5 4.24261E-6 1.04657E-6 1.37543E-7 1.17101E-8 1.33402E-9 1.07925E-10 5.97594E-12 2.09379E-13 1.12704E-15 3.26989E-18 6.74796E-21 4.05964E-24
1.46234E-1 1.24348E-1 7.91626E-2 6.98503E-2 1.03849E-1 1.15409E-1 5.48378E-2 3.8162E-2 5.98471E-2 1.15149E-1 1.3541E-1 1.34889E-1 1.32046E-1 1.00906E-1 7.73755E-2 1.02623E-1 1.66211E-1 2.38776E-1 2.67413E-1 2.8669E-1 2.63911E-1 2.24921E-1 1.99829E-1 2.05383E-1 2.59794E-1 3.88857E-1 4.78533E-1 3.48742E-1 2.20055E-1 1.39997E-1 7.90859E-2 7.08584E-2 1.32818E-1 1.81837E-1 1.8685E-1 1.04341E-1 8.9615E-2 1.29796E-1 1.31179E-1 1.59997E-1 2.70678E-1 2.44086E-1 1.59908E-1 9.3033E-2 7.56424E-2 1.09562E-1 1.5279E-1 1.12846E-1 6.54486E-2 1.57396E-2 5.32067E-4 2.40666E-4 9.38623E-4 8.21557E-4 6.47654E-4 4.16385E-4 1.70855E-4 6.34444E-5 2.12728E-5 6.39156E-6 8.23517E-7 7.05277E-8 8.04681E-9 1.15754E-9 1.12044E-10 4.17562E-12 5.35495E-14 5.40657E-16 3.80291E-18 2.20613E-21
1.40781E-1 1.07506E-1 5.50695E-2 5.07624E-2 6.21762E-2 6.22522E-2 4.67031E-2 4.34671E-2 5.57248E-2 1.17352E-1 1.00906E-1 7.79465E-2 6.59505E-2 4.57622E-2 4.15811E-2 6.06123E-2 1.00315E-1 1.55041E-1 2.12718E-1 2.68933E-1 2.66975E-1 2.30859E-1 1.93853E-1 1.80141E-1 2.01812E-1 2.49929E-1 2.47672E-1 1.77225E-1 1.45939E-1 1.33756E-1 8.55103E-2 3.20932E-2 5.71421E-2 1.18672E-1 1.95196E-1 1.49964E-1 1.20374E-1 1.31852E-1 1.28843E-1 1.58024E-1 2.14745E-1 2.1798E-1 1.1321E-1 5.77287E-2 3.22235E-2 4.08097E-2 5.46743E-2 4.61081E-2 1.88604E-2 1.54016E-3 2.66469E-5 1.1959E-5 3.1046E-4 5.25405E-4 4.39989E-4 5.17158E-4 2.76941E-4 1.13422E-4 4.02221E-5 8.35096E-6 1.23532E-6 1.86024E-7 2.93301E-8 5.3478E-9 6.53064E-10 2.54368E-11 5.47515E-13 1.38828E-14 1.68982E-16 4.01205E-19
6.06998E-2 3.85977E-2 1.69783E-2 2.30709E-2 3.54501E-2 6.35823E-2 7.15086E-2 7.26045E-2 7.56649E-2 8.98051E-2 1.13859E-1 8.2376E-2 4.52272E-2 2.19235E-2 2.45684E-2 4.09847E-2 6.27452E-2 9.74027E-2 1.72186E-1 2.47116E-1 2.34978E-1 2.09104E-1 1.80994E-1 1.58527E-1 1.54906E-1 1.62766E-1 1.64364E-1 1.62766E-1 1.51416E-1 1.33756E-1 7.83402E-2 3.36777E-2 4.03683E-2 7.76088E-2 1.08493E-1 1.00703E-1 1.16125E-1 1.37769E-1 1.22875E-1 1.26968E-1 1.32558E-1 1.12381E-1 7.18054E-2 3.64626E-2 1.92287E-2 1.59438E-2 1.49157E-2 1.52711E-2 8.24874E-3 5.24997E-4 7.82495E-6 2.83813E-6 7.59811E-5 2.65629E-4 3.9073E-4 5.45309E-4 3.13854E-4 1.27154E-4 4.10206E-5 6.15288E-6 9.16732E-7 2.15898E-7 5.60866E-8 9.52822E-9 1.04035E-9 6.36867E-11 2.10763E-12 6.07006E-14 2.12192E-15 3.35999E-17
