KUENM/Final_Models/M_0.1_F_lq_Set_2_E/sp1_5.asc
ncols         197
nrows         210
xllcorner     56.1666666666667
yllcorner     4.5
cellsize      0.166666666666667
NODATA_value  -9999
[rows 0 to 27 of 210, columns 65 to 129 of 197]
-9999 -9999 -9999 -9999 -9999 -9999 -9999 -9999 -9999 -9999 -9999 -9999 -9999 -9999 -9999 -9999 -9999 -9999 -9999 -9999 -9999 -9999 -9999 -9999 -9999 -9999 -9999 -9999 -9999 1.44127E-11 7.6277E-14 2.33758E-12 2.29803E-14 1.35045E-15 1.34742E-17 4.63971E-20 1.7398E-20 4.75433E-17 5.20125E-19 1.48991E-20 -9999 -9999 -9999 -9999 -9999 -9999 -9999 -9999 -9999 -9999 -9999 -9999 -9999 -9999 -9999 -9999 -9999 -9999 -9999 -9999 -9999 -9999 -9999 -9999 -9999
-9999 -9999 -9999 -9999 -9999 -9999 -9999 -9999 -9999 -9999 -9999 -9999 -9999 -9999 -9999 -9999 -9999 -9999 -9999 -9999 -9999 -9999 -9999 1.90481E-9 1.1301E-10 5.92106E-8 2.88631E-8 2.38249E-9 1.53731E-15 2.61754E-18 2.63405E-16 5.72271E-15 3.63878E-16 1.77103E-17 1.68732E-20 1.64537E-22 1.64356E-21 1.48621E-17 3.02668E-17 1.00719E-19 6.95285E-19 5.637E-16 4.57698E-16 1.19525E-18 7.94469E-19 5.24773E-18 -9999 -9999 -9999 -9999 -9999 -9999 -9999 -9999 -9999 -9999 -9999 -9999 -9999 -9999 -9999 -9999 -9999 -9999 -9999
-9999 -9999 -9999 -9999 -9999 -9999 -9999 -9999 -9999 -9999 -9999 -9999 -9999 -9999 -9999 -9999 -9999 -9999 -9999 7.09761E-7 1.40249E-7 3.27328E-7 4.58711E-7 4.1162E-8 8.96915E-10 2.31709E-11 6.55222E-15 1.62111E-13 8.24049E-14 1.54473E-16 3.58444E-20 1.39984E-15 9.99572E-17 8.19813E-18 7.4734E-21 5.54485E-21 5.91137E-19 5.68184E-18 3.72206E-15 4.10422E-16 5.4113E-21 1.56268E-18 7.99472E-19 4.01803E-16 6.85818E-14 2.97499E-16 5.94553E-21 3.52537E-17 2.93827E-13 4.59081E-10 -9999 -9999 -9999 -9999 -9999 -9999 -9999 -9999 -9999 -9999 -9999 -9999 -9999 -9999 -9999
-9999 -9999 -9999 -9999 -9999 -9999 -9999 -9999 -9999 -9999 -9999 -9999 -9999 -9999 -9999 -9999 5.31544E-10 2.3782E-7 2.9604E-5 4.92654E-8 6.32051E-9 2.38691E-12 2.04344E-11 6.23618E-10 4.19566E-11 4.55166E-15 4.35522E-14 1.66975E-13 4.30439E-19 1.33718E-20 1.03591E-22 1.9356E-17 1.23684E-20 1.54215E-20 2.30115E-18 3.56357E-20 3.58343E-19 2.73655E-16 1.03305E-15 8.10287E-18 4.30509E-20 1.10322E-19 2.69067E-17 2.19319E-16 5.32598E-16 4.20284E-15 8.21703E-17 3.63853E-18 2.90014E-19 6.18224E-13 1.1244E-9 1.82114E-8 3.48011E-7 -9999 -9999 -9999 -9999 -9999 -9999 -9999 -9999 -9999 -9999 -9999 -9999
-9999 -9999 -9999 -9999 -9999 -9999 -9999 -9999 -9999 -9999 -9999 -9999 -9999 -9999 2.94032E-7 6.02343E-8 8.41304E-6 8.01114E-7 9.34525E-9 2.77053E-7 3.01269E-8 2.12283E-8 1.08355E-8 1.56219E-11 1.16396E-13 4.12673E-11 1.35984E-15 4.48575E-15 6.24808E-16 1.77042E-16 3.54224E-16 9.2364E-20 6.44479E-21 1.61339E-18 1.18424E-18 1.23513E-18 3.03332E-17 2.4484E-16 4.28941E-17 3.01537E-18 2.48105E-19 2.79024E-18 1.73325E-18 5.2013E-18 4.83865E-19 1.9399E-18 2.34606E-17 1.05927E-13 9.17437E-18 4.5968E-14 5.4443E-13 4.24025E-11 3.03077E-10 1.52814E-8 3.38886E-6 -9999 -9999 -9999 -9999 -9999 -9999 -9999 -9999 -9999 -9999
-9999 -9999 -9999 -9999 -9999 -9999 -9999 -9999 -9999 -9999 -9999 -9999 1.65522E-3 1.08032E-4 4.64169E-6 5.32916E-7 1.9113E-6 7.48395E-6 2.37944E-7 3.67318E-8 2.57157E-9 4.65037E-11 9.37024E-11 6.25705E-11 1.14904E-12 2.36296E-15 5.57309E-17 1.36911E-16 2.15962E-11 1.72191E-12 6.50548E-16 6.07342E-21 2.2664E-24 5.84922E-19 2.3575E-15 1.95825E-16 9.88566E-15 1.15461E-18 2.74441E-20 8.87553E-19 3.93967E-18 6.94998E-18 3.5955E-17 5.54159E-17 7.33865E-17 3.22009E-18 2.87358E-18 5.38156E-16 3.38572E-18 3.64083E-23 2.11095E-18 2.8791E-15 8.07052E-16 1.36493E-13 1.19795E-8 7.69047E-7 4.87787E-6 -9999 -9999 -9999 -9999 -9999 -9999 -9999 -9999
-9999 -9999 -9999 -9999 -9999 -9999 -9999 -9999 -9999 -9999 3.48948E-3 1.22748E-3 1.09513E-3 1.11416E-3 2.11749E-4 7.28397E-5 1.38884E-4 2.8923E-5 6.91564E-6 1.38363E-7 2.58612E-10 1.78393E-10 8.19573E-8 1.50025E-7 2.78427E-8 4.20881E-12 3.85345E-12 7.98767E-11 2.49143E-13 9.18931E-14 5.52903E-15 1.08431E-18 2.17736E-16 7.08653E-15 1.13296E-15 7.55863E-17 1.1123E-16 1.31801E-19 7.52008E-21 8.34589E-20 1.9994E-19 3.86532E-17 1.6196E-15 5.32942E-16 8.59406E-16 1.28445E-16 3.19265E-18 8.58686E-18 2.27375E-15 3.29369E-19 4.75689E-19 2.57036E-16 4.69366E-14 1.17087E-12 3.7605E-13 1.12929E-9 2.87429E-8 1.14483E-6 6.65766E-6 -9999 -9999 -9999 -9999 -9999 -9999
-9999 -9999 -9999 -9999 -9999 -9999 -9999 -9999 2.05954E-3 6.27793E-4 2.16404E-3 1.1301E-2 3.851E-3 5.13009E-4 7.18995E-4 1.57445E-3 6.43982E-4 2.42417E-4 2.21248E-5 6.01596E-8 1.79061E-10 2.55002E-7 2.29114E-12 2.59495E-10 1.60932E-14 6.81155E-10 1.11092E-8 2.5095E-12 1.81353E-14 6.37822E-15 6.9159E-16 2.3743E-12 1.85166E-13 2.55508E-14 5.4965E-16 6.99312E-16 8.22799E-17 5.03771E-17 2.84575E-16 1.21449E-17 5.86284E-18 1.19855E-16 9.25811E-15 1.5725E-15 5.60168E-17 4.96409E-18 2.3729E-17 7.56403E-16 5.13275E-23 1.12623E-20 1.64047E-20 2.7419E-17 1.79327E-15 1.13019E-13 4.99888E-14 4.27839E-12 9.32997E-11 9.51771E-8 1.42022E-6 7.13375E-6 1.2515E-5 -9999 -9999 -9999 -9999
-9999 -9999 -9999 -9999 -9999 -9999 -9999 1.24666E-3 2.48176E-3 1.54237E-3 1.34808E-2 9.88941E-3 2.87545E-3 7.45116E-3 5.89309E-3 4.17128E-3 2.38722E-3 1.29629E-3 8.28057E-6 1.39662E-6 5.77566E-7 3.57064E-10 1.49891E-14 3.35673E-14 1.85629E-15 2.35429E-10 4.19478E-12 2.01855E-13 1.75741E-13 1.90086E-11 3.87108E-12 5.03638E-14 2.73282E-17 8.49508E-18 2.51118E-18 1.39657E-17 2.89963E-19 1.46436E-18 2.67069E-18 1.93379E-16 1.16117E-15 1.24189E-14 1.10491E-15 1.41366E-14 1.34159E-14 5.74157E-15 1.8224E-17 2.55652E-17 2.60859E-14 4.63998E-17 7.62356E-19 2.16501E-16 1.94469E-13 4.91756E-12 2.06103E-10 2.95681E-9 2.4304E-10 3.45552E-8 2.03788E-7 5.70152E-6 9.79053E-6 1.21634E-5 -9999 -9999 -9999
-9999 -9999 -9999 -9999 -9999 -9999 4.73811E-4 4.62996E-3 3.56434E-4 5.20824E-3 1.41101E-2 8.9997E-3 5.83868E-3 9.38571E-3 4.09916E-3 1.20332E-2 1.29007E-2 5.46283E-4 8.74294E-6 6.88143E-5 2.01898E-10 9.85874E-10 2.55638E-11 2.1925E-14 2.58842E-11 1.63961E-8 3.38831E-10 2.32032E-9 3.7984E-12 4.20597E-13 9.90626E-17 3.63404E-18 4.2586E-19 4.14347E-18 1.97162E-17 1.1564E-16 4.41102E-19 1.36914E-18 7.39191E-18 6.51857E-17 3.2382E-17 1.84999E-16 4.08766E-16 5.12021E-16 2.09085E-16 3.74001E-15 3.1528E-16 1.38646E-18 5.49916E-14 5.07328E-13 2.62042E-15 1.91826E-17 1.94637E-12 9.84519E-14 6.19457E-11 3.86542E-8 1.44232E-8 7.14755E-7 2.10516E-6 4.35327E-6 6.93296E-6 1.21634E-5 1.23381E-5 -9999 -9999
-9999 -9999 -9999 -9999 5.74919E-3 2.63626E-3 1.57217E-3 3.62627E-3 2.26111E-3 7.27225E-3 1.19731E-2 1.18596E-2 8.53698E-3 1.09588E-2 1.10793E-2 1.76821E-2 5.69177E-3 1.50201E-4 1.5822E-6 1.61609E-4 2.89479E-8 6.8343E-11 2.56708E-12 3.2798E-11 9.55006E-10 6.18009E-14 1.2384E-14 6.1636E-10 1.7078E-15 1.52236E-13 5.22957E-14 5.84188E-14 4.07271E-14 6.74746E-15 5.91234E-16 3.11724E-14 1.11539E-14 1.9917E-14 7.431E-16 4.57235E-16 1.64934E-15 1.84999E-16 5.28442E-17 1.26888E-16 2.41208E-16 6.10403E-16 1.0297E-15 3.30705E-19 7.30989E-18 3.05557E-12 1.81492E-13 1.49502E-13 3.87778E-14 4.29363E-13 1.33679E-13 1.50796E-12 5.74464E-10 9.86248E-8 2.84905E-7 7.8653E-7 1.02128E-6 3.4596E-6 5.62078E-6 7.03273E-6 8.90049E-6
-9999 -9999 -9999 4.9387E-3 5.00958E-3 3.54387E-3 5.6056E-3 4.4795E-3 8.16307E-3 1.08568E-2 1.15216E-2 1.26322E-2 4.85037E-3 6.40504E-3 1.8505E-2 2.12137E-2 1.07186E-2 4.34334E-3 4.52281E-4 2.32776E-4 4.45035E-6 5.97004E-8 5.83793E-11 1.79176E-9 8.60984E-11 4.04692E-14 5.41584E-12 7.79322E-11 5.87374E-11 3.15476E-15 1.53698E-17 6.41593E-18 2.15528E-16 3.00944E-15 9.25586E-18 1.88376E-15 2.00087E-15 9.21644E-17 1.50697E-18 3.33122E-18 2.04839E-17 8.69017E-18 6.69126E-17 1.90094E-16 2.4429E-16 3.28447E-17 4.49036E-16 9.30774E-18 2.91077E-19 9.12816E-16 3.22039E-14 1.14266E-14 2.8016E-16 1.43992E-16 1.87559E-14 3.37261E-14 2.92732E-12 9.1288E-10 1.81853E-8 1.36169E-8 7.04558E-7 1.63512E-6 1.86938E-6 1.49224E-6 1.5138E-6
-9999 -9999 5.37201E-3 5.04953E-3 5.71454E-3 3.23114E-3 6.84619E-3 5.16335E-3 8.42518E-3 1.22893E-2 1.1312E-2 1.076E-2 6.60479E-3 3.95565E-3 2.12772E-2 2.08959E-2 5.12531E-3 7.41225E-5 3.93827E-5 1.68279E-6 4.17633E-8 3.05601E-8 3.11761E-9 3.03941E-9 1.2413E-10 7.39545E-13 1.65827E-10 1.01973E-9 3.46095E-13 1.55208E-16 6.8518E-16 4.67215E-14 3.17608E-13 1.60421E-15 4.33522E-17 5.55055E-17 5.2774E-16 5.96236E-15 1.74123E-15 4.90818E-16 3.0071E-16 8.4961E-17 1.93304E-17 2.2473E-18 3.86595E-17 9.6383E-17 1.01611E-15 4.01867E-17 3.55429E-19 1.62333E-18 1.4E-14 2.88853E-18 7.74753E-16 4.76252E-15 3.76651E-15 3.61285E-12 1.20022E-14 1.28226E-10 3.57646E-9 8.4869E-8 2.79175E-8 1.66166E-7 4.25246E-7 5.56076E-7 5.48143E-7
-9999 5.2955E-3 5.42801E-3 6.89622E-3 6.76297E-3 4.5335E-3 8.37313E-3 6.60523E-3 1.22884E-2 1.32225E-2 1.53559E-2 1.82911E-2 1.95629E-2 9.60275E-3 1.821E-2 1.08272E-2 2.11848E-3 2.58558E-5 5.18086E-5 1.01328E-4 2.08774E-4 1.08472E-5 4.02154E-8 1.40119E-8 3.10282E-10 1.01223E-13 3.75889E-11 3.11766E-12 2.55998E-12 9.25515E-13 2.58449E-12 2.27351E-13 2.29868E-15 6.21525E-17 1.09674E-15 1.35449E-14 9.82772E-16 5.95592E-18 1.231E-19 1.7623E-18 1.63955E-18 5.18825E-19 1.35326E-17 1.36465E-16 2.97284E-18 4.02945E-20 6.83164E-20 2.8544E-20 1.36303E-19 1.53055E-17 5.76775E-14 1.74465E-18 3.94223E-17 1.32555E-12 1.82387E-11 1.03986E-13 4.52286E-16 2.5807E-13 3.07185E-9 3.62841E-9 7.68005E-9 8.90369E-9 1.01673E-8 2.12983E-8 1.57418E-8
5.90948E-3 5.75092E-3 6.26804E-3 6.61838E-3 7.62845E-3 5.36514E-3 8.87056E-3 8.98113E-3 1.09788E-2 1.31188E-2 1.37794E-2 1.08486E-2 1.61908E-2 1.92111E-2 1.76147E-2 9.54925E-3 7.80535E-4 7.4955E-5 8.66705E-4 3.65691E-4 5.60264E-5 1.47135E-4 1.42422E-5 3.3021E-7 3.7159E-9 5.71672E-10 9.54296E-11 5.81978E-14 1.76208E-16 1.4919E-14 6.85339E-17 2.18227E-17 3.30433E-16 1.62829E-14 2.72581E-13 2.36385E-17 4.03546E-19 3.24275E-19 4.29332E-17 2.58229E-16 7.00469E-17 4.27973E-16 6.34835E-17 3.27496E-19 2.00222E-20 4.02945E-20 5.46113E-19 7.12187E-18 1.39078E-18 7.9781E-20 2.87938E-16 7.04627E-18 3.41319E-19 5.23234E-14 4.71682E-16 1.32608E-15 1.18335E-14 6.6613E-13 4.75362E-10 5.36763E-11 2.78134E-11 2.26978E-12 1.44998E-10 2.23947E-11 1.03905E-10
6.76697E-3 6.44619E-3 7.01947E-3 7.10906E-3 7.47765E-3 8.05995E-3 9.02747E-3 9.42352E-3 1.02794E-2 1.23862E-2 1.38787E-2 1.15273E-2 1.36197E-2 9.78121E-3 7.19908E-3 3.51706E-3 4.23828E-3 1.17873E-3 3.3377E-3 2.31434E-4 1.73197E-5 3.21351E-8 6.52301E-7 1.08513E-5 6.13643E-8 6.14866E-14 3.49513E-13 1.66199E-12 2.67592E-18 3.8266E-17 3.32194E-13 3.5689E-11 1.18309E-13 3.7343E-16 1.76391E-15 3.25716E-15 4.78519E-15 1.70656E-16 6.62286E-13 2.83217E-16 2.61578E-17 4.7527E-17 2.27064E-19 1.80507E-19 4.47434E-19 5.70934E-19 2.8653E-18 2.50624E-19 3.66597E-18 6.59305E-20 2.70094E-21 2.29168E-18 1.10373E-19 1.39434E-13 3.85984E-16 4.95798E-18 8.20114E-17 6.30963E-17 1.19327E-13 1.307E-12 1.10159E-12 2.1892E-15 2.90747E-13 1.62736E-14 3.96335E-15
6.87265E-3 6.81983E-3 4.69984E-3 5.63337E-3 6.44058E-3 8.13766E-3 7.58237E-3 9.34149E-3 6.44169E-3 6.33627E-3 1.46218E-2 1.72649E-2 1.14937E-2 5.49026E-3 9.01608E-3 5.26396E-3 7.80487E-4 7.39512E-5 2.87674E-4 6.87E-6 2.6018E-7 1.11865E-10 1.46236E-9 1.61999E-6 1.37807E-8 4.63034E-15 1.38131E-13 6.14948E-9 4.0364E-14 5.14864E-11 1.85277E-14 5.66236E-19 7.56147E-19 3.24748E-14 1.87624E-15 5.90978E-14 6.68908E-16 9.57137E-17 1.16554E-15 3.89583E-17 1.67474E-18 1.26023E-17 1.53054E-16 1.77932E-17 3.48615E-17 1.08036E-16 2.2371E-13 1.9141E-15 2.05142E-18 1.14211E-19 4.46791E-21 1.24654E-21 4.56628E-19 2.26731E-19 5.38074E-14 7.36144E-21 8.4694E-21 1.45942E-18 2.32024E-18 7.75334E-17 5.07324E-16 1.1195E-16 1.73008E-16 9.25487E-17 2.49418E-20
1.78043E-3 1.95969E-4 5.17317E-5 2.14569E-4 1.04325E-3 1.08923E-3 2.35153E-3 3.65571E-3 5.43482E-3 4.27265E-3 5.12188E-3 1.33147E-2 7.58999E-3 1.4619E-3 2.84982E-3 6.30997E-4 2.00389E-4 7.3604E-5 4.48493E-9 6.42069E-6 2.08602E-9 1.09346E-13 1.12821E-8 3.52843E-7 2.41705E-11 4.78064E-12 5.5879E-10 1.3954E-14 3.15386E-14 4.09863E-18 2.30474E-20 2.22354E-16 6.30052E-11 1.18798E-12 9.95495E-14 4.43947E-13 7.28065E-15 9.03917E-14 2.87681E-12 1.59148E-15 1.60279E-12 2.14241E-13 3.08688E-13 2.81844E-18 4.60614E-20 2.42787E-17 7.96867E-14 2.35304E-13 7.22182E-18 7.59242E-20 2.61018E-20 6.25579E-22 1.27449E-22 1.86583E-16 9.06449E-15 6.10117E-15 4.78306E-16 3.53221E-22 1.63676E-20 2.67322E-20 1.08326E-19 7.80018E-21 5.15293E-22 8.35227E-22 6.08409E-21
1.74195E-4 3.14845E-7 9.55051E-7 8.31922E-5 5.56909E-4 1.17478E-3 4.14206E-4 5.16099E-4 2.17132E-3 3.73258E-3 4.69024E-3 4.7311E-3 1.59312E-3 1.33313E-3 5.08137E-4 1.45213E-5 1.4981E-9 9.97531E-7 2.52119E-11 8.74341E-12 7.38277E-15 9.34109E-17 1.44011E-8 7.33709E-13 1.18983E-15 2.81184E-13 6.33713E-14 1.25595E-16 9.26471E-20 3.23295E-19 1.23743E-13 2.33126E-11 1.48644E-8 1.4527E-10 5.17096E-13 1.72734E-16 6.79669E-15 2.19238E-11 3.35168E-10 9.57333E-15 2.49417E-12 1.11489E-10 6.09741E-17 8.44336E-13 3.28882E-16 2.36251E-17 1.93993E-16 2.26178E-12 3.0447E-18 3.58777E-17 1.41466E-15 1.38081E-19 3.99602E-20 6.10201E-19 3.99652E-17 4.07406E-20 5.12026E-19 1.44091E-17 1.90995E-16 9.02716E-19 8.66883E-18 1.09344E-18 6.94503E-19 2.23605E-21 1.7012E-19
3.21943E-4 4.70704E-5 1.4529E-5 2.4604E-5 1.98674E-4 4.13118E-4 2.4381E-4 2.6272E-4 6.6161E-4 2.47992E-3 5.82314E-3 3.23366E-3 1.35103E-3 4.51115E-4 4.75099E-9 3.66233E-7 8.42576E-15 2.78286E-8 1.1037E-9 7.15495E-15 6.85554E-20 4.69174E-15 1.14544E-11 2.19291E-18 1.23721E-16 3.55202E-16 5.51993E-17 1.06841E-13 5.96107E-15 2.8165E-16 3.06595E-9 3.0089E-7 1.06521E-9 1.40726E-11 5.41414E-14 1.91654E-13 6.00593E-14 9.83616E-12 6.40099E-10 6.09292E-10 1.87108E-7 3.31962E-13 2.17392E-14 7.19712E-10 4.56718E-10 4.72029E-10 2.26966E-10 1.41732E-14 3.67035E-20 1.91162E-23 7.44591E-20 9.31642E-20 8.62545E-20 6.90645E-21 1.22607E-22 3.39998E-18 1.33725E-21 2.47968E-19 7.54929E-19 1.7985E-19 6.08409E-21 1.76206E-21 5.91817E-21 6.94503E-19 1.57021E-20
2.48566E-4 8.3993E-5 8.78613E-6 6.34355E-6 4.62605E-6 1.60124E-6 3.38179E-5 4.04201E-5 6.07055E-5 3.71758E-3 3.40195E-3 1.9212E-3 2.2089E-3 5.39952E-5 2.09758E-7 3.1624E-5 2.5338E-9 3.21255E-14 2.09836E-13 1.24766E-12 7.65311E-18 1.69738E-15 1.18091E-11 4.02038E-14 6.86619E-17 5.00576E-16 9.48032E-14 6.39112E-11 7.41963E-9 1.64957E-9 2.59944E-7 2.02984E-15 2.06584E-12 1.17881E-13 2.4549E-13 2.15397E-13 1.32356E-12 2.88373E-13 1.97847E-13 9.62257E-15 1.24669E-11 1.23067E-8 2.38807E-8 9.31152E-7 8.21477E-14 1.69562E-14 5.28786E-18 8.63461E-19 2.21463E-17 9.01368E-18 4.45511E-20 1.62656E-21 7.11248E-23 1.03039E-21 1.1989E-21 2.37037E-21 2.52217E-17 3.93298E-19 1.25067E-21 8.24106E-21 2.53168E-23 1.78647E-21 3.69363E-21 2.15951E-19 3.47243E-19
7.48147E-6 2.98898E-5 1.19337E-5 1.12418E-7 4.52909E-9 7.5378E-7 1.26777E-5 5.35592E-7 5.16588E-5 4.2906E-3 2.98194E-3 9.15683E-4 1.03899E-4 7.54904E-6 1.68898E-9 1.38477E-6 2.96134E-11 4.50357E-17 1.97914E-16 9.48213E-19 2.98689E-15 3.57851E-13 2.62568E-16 1.58545E-13 3.59646E-19 3.45763E-13 4.56858E-13 3.19646E-11 3.7578E-6 2.85602E-7 3.04061E-11 5.0032E-16 4.01884E-15 3.50514E-16 1.32527E-15 2.43153E-15 1.14666E-15 4.65073E-14 8.05453E-13 4.58168E-13 1.43261E-13 6.56532E-14 2.33787E-12 1.02105E-6 1.09998E-5 6.36714E-10 5.65035E-10 4.41308E-18 5.01205E-17 1.20769E-14 6.51997E-15 4.72962E-18 4.09305E-19 1.14419E-18 2.66623E-21 2.60462E-22 2.4979E-23 1.79456E-23 1.92683E-19 3.2077E-21 1.57199E-23 2.53168E-23 1.02723E-20 2.22053E-19 6.00064E-21
2.53723E-7 2.28133E-7 1.39814E-7 1.9861E-8 2.32684E-7 1.63968E-6 1.59211E-8 2.60578E-10 1.40176E-5 6.11637E-4 1.69815E-3 2.18326E-4 1.97919E-5 3.40185E-6 9.09713E-8 1.00586E-13 1.02755E-16 3.30503E-17 7.69856E-16 3.86417E-17 1.24391E-18 2.88484E-18 3.63462E-15 4.57286E-18 5.66318E-16 1.56156E-12 3.19873E-11 5.71796E-11 1.63753E-4 9.95652E-10 2.81094E-11 2.82228E-15 7.87068E-14 6.38024E-13 2.28371E-13 2.93642E-12 5.56998E-13 7.7326E-12 7.26799E-9 1.77392E-9 1.16573E-10 2.29051E-9 3.59753E-13 1.65312E-13 3.2712E-11 5.81634E-5 1.03157E-7 1.30522E-13 4.41608E-14 4.76802E-16 1.04799E-12 1.73309E-13 6.59587E-16 5.81671E-15 2.20417E-19 1.02541E-17 8.67024E-20 1.17921E-22 1.70015E-21 3.25153E-21 3.48505E-22 1.55109E-23 5.19634E-25 3.25725E-22 1.27938E-20
4.54232E-11 2.47963E-9 1.00148E-10 1.90631E-9 1.44355E-8 2.33204E-8 5.45359E-11 1.04722E-8 6.58001E-5 4.5322E-4 8.58024E-4 3.23907E-4 2.55116E-5 4.47369E-6 2.74185E-8 3.83886E-12 1.44024E-14 4.48658E-11 3.64155E-15 7.71973E-17 9.43985E-15 2.38893E-17 4.93715E-18 1.80183E-16 4.68842E-15 1.17056E-9 9.67826E-11 2.47951E-9 5.21852E-4 1.96665E-7 4.35291E-11 5.16201E-10 4.64652E-10 3.25309E-9 5.51784E-11 1.20738E-8 6.27704E-11 2.40899E-9 2.22948E-5 4.23551E-4 2.39821E-4 1.46028E-4 5.70464E-7 9.37507E-11 2.30232E-13 5.68896E-6 8.7699E-11 1.23754E-12 1.68536E-10 1.92047E-10 1.3097E-12 2.09678E-10 4.89884E-16 1.12741E-17 3.0029E-17 2.44669E-20 3.08891E-18 1.16393E-22 2.40224E-23 1.64899E-22 1.70252E-23 2.74364E-23 9.10168E-24 8.94351E-22 2.36243E-21
7.70288E-11 9.11887E-12 1.48248E-10 3.7787E-10 5.75694E-8 1.43608E-8 1.2357E-7 9.37257E-5 4.54191E-6 1.34895E-8 5.50456E-11 2.88969E-11 1.53916E-12 2.22047E-15 2.4333E-16 8.55713E-13 9.99595E-11 7.93465E-16 4.14037E-14 1.50718E-12 2.30936E-14 1.09872E-15 3.1723E-14 2.51052E-12 5.28354E-14 6.10776E-9 3.26088E-5 2.62913E-4 7.61025E-5 1.60374E-8 1.69599E-5 1.26149E-6 5.89391E-10 7.70389E-8 1.66945E-12 1.06077E-6 1.84522E-5 1.57676E-3 3.04924E-8 1.2817E-8 4.05169E-6 3.49523E-4 1.482E-3 2.41568E-4 1.74589E-5 1.78331E-9 1.29193E-11 4.02387E-12 3.80294E-16 9.74808E-17 2.68789E-10 1.51779E-9 8.01805E-9 9.68072E-17 1.59638E-16 3.66597E-18 7.08462E-16 9.21559E-18 7.32166E-19 2.8417E-22 4.72716E-20 4.52617E-24 5.69287E-24 1.46563E-21 1.46563E-21
4.1738E-11 1.64741E-11 2.10604E-11 9.06563E-8 1.2086E-7 5.9872E-6 2.04559E-6 1.32813E-7 1.07231E-12 2.52853E-14 4.14798E-17 4.89258E-15 5.48135E-12 1.5083E-7 3.47554E-7 2.00951E-10 5.98411E-13 9.32612E-17 9.47272E-12 1.73885E-7 5.64117E-10 1.75726E-14 3.17857E-10 1.17499E-8 6.24047E-10 1.11113E-7 1.59574E-4 5.32404E-4 4.87834E-7 1.78219E-4 1.5447E-5 2.66499E-9 6.87695E-9 1.02799E-5 4.7308E-11 1.08713E-8 1.43471E-5 3.40786E-4 6.41305E-9 1.75641E-11 2.45788E-11 1.04742E-10 1.34169E-8 5.52953E-9 7.43384E-14 2.37373E-18 1.0222E-11 2.74819E-11 3.71515E-15 1.43122E-16 6.94249E-16 1.03249E-9 2.65138E-12 2.63035E-10 8.19863E-13 5.44122E-12 5.17676E-11 4.76119E-12 9.25216E-16 3.45965E-19 1.90199E-20 1.08104E-17 1.67121E-22 2.7804E-23 4.72716E-20
5.01267E-12 2.94427E-13 1.88041E-11 1.7919E-9 1.50614E-9 9.10932E-10 1.22236E-9 1.48916E-13 8.69709E-14 1.88525E-13 2.12821E-9 4.11647E-7 9.46711E-6 2.69975E-3 3.26969E-4 1.86098E-7 5.48135E-12 1.27843E-11 4.60671E-11 2.65824E-6 2.32334E-5 9.92401E-8 3.96638E-6 6.64746E-5 6.52783E-9 3.45869E-4 1.74271E-3 1.37644E-5 2.06132E-4 3.75215E-4 4.89768E-4 2.03377E-5 4.92399E-4 4.96281E-5 2.59747E-7 1.60566E-3 4.3613E-4 4.23636E-8 5.28735E-11 1.73571E-12 6.83516E-12 1.67984E-12 7.08988E-13 1.54233E-13 1.40789E-15 1.16524E-15 1.27136E-11 1.65496E-13 1.08114E-13 5.65681E-16 5.38553E-15 2.07142E-15 3.96182E-16 7.60426E-12 5.83425E-12 1.98804E-16 4.20981E-13 4.49036E-16 8.77551E-17 6.75172E-19 6.7884E-21 6.57757E-17 1.36686E-19 2.91842E-22 1.54799E-20
9.82473E-13 5.01267E-12 5.37562E-12 5.50178E-11 1.8248E-11 2.0263E-10 2.11274E-9 2.60839E-10 3.08301E-9 1.79963E-7 4.28902E-7 2.8207E-8 2.08044E-5 3.59884E-3 2.06172E-3 2.46025E-3 3.10785E-5 2.34362E-9 5.23504E-4 2.50434E-5 1.0985E-2 3.47367E-7 5.01211E-5 2.14274E-3 6.28882E-3 1.28524E-2 1.21261E-3 7.89718E-3 9.67118E-3 4.65626E-3 4.76859E-4 7.80297E-4 5.56361E-3 2.67762E-4 5.42292E-4 2.38394E-3 8.53102E-6 7.36663E-9 5.52673E-11 4.07888E-10 5.26234E-10 1.00125E-11 8.30819E-12 2.38252E-10 2.37752E-10 4.28861E-13 1.0379E-13 2.70659E-12 4.5021E-14 2.25099E-14 6.42546E-14 3.25413E-16 8.63168E-18 2.81195E-17 2.94527E-14 2.16526E-12 2.27663E-17 7.84851E-14 3.52091E-13 7.2278E-17 1.12588E-17 2.17771E-19 4.30922E-15 2.2371E-19 3.00983E-23
