KUENM/Final_Models/M_0.1_F_lq_Set_2_E/sp1_3_se_asia.asc
ncols         320
nrows         243
xllcorner     44.0
yllcorner     -0.666666666666667
cellsize      0.166666666666667
NODATA_value  -9999
[rows 62 to 92 of 243, columns 140 to 209 of 320]
6.48605E-2 5.39559E-2 5.11286E-2 5.50027E-2 6.239E-2 8.28836E-2 1.14287E-1 1.42347E-1 1.46566E-1 1.5784E-1 1.70877E-1 1.80237E-1 2.00185E-1 2.11726E-1 2.19844E-1 2.14809E-1 1.86009E-1 1.8523E-1 1.97036E-1 1.67125E-1 1.14702E-1 7.80062E-2 6.55045E-2 6.28499E-2 6.24466E-2 6.41964E-2 6.15856E-2 6.28499E-2 6.55045E-2 7.05406E-2 8.16099E-2 9.09232E-2 1.05454E-1 1.15359E-1 1.22242E-1 1.2082E-1 1.14608E-1 1.05482E-1 1.03503E-1 1.21138E-1 1.44572E-1 1.69256E-1 2.02656E-1 2.40827E-1 2.84512E-1 3.2099E-1 3.65172E-1 4.15414E-1 4.56098E-1 4.8098E-1 4.96598E-1 5.15944E-1 5.71059E-1 5.98628E-1 5.82493E-1 5.86522E-1 6.21451E-1 6.14648E-1 4.72691E-1 3.48335E-1 3.56071E-1 2.27676E-1 1.2159E-1 8.74768E-2 9.18797E-2 3.68879E-2 1.21417E-2 1.64118E-3 1.50539E-4 2.27853E-6
6.11457E-2 4.53872E-2 4.34719E-2 4.61446E-2 4.96538E-2 6.13275E-2 1.04877E-1 1.32008E-1 1.4251E-1 1.54896E-1 1.61933E-1 1.73547E-1 1.80244E-1 1.89721E-1 1.95384E-1 1.82533E-1 1.60305E-1 1.70516E-1 2.00707E-1 1.73017E-1 1.06824E-1 7.30029E-2 6.11268E-2 6.02791E-2 5.94405E-2 6.19837E-2 6.19837E-2 6.236E-2 6.59007E-2 7.18995E-2 8.53092E-2 9.72883E-2 1.11186E-1 1.235E-1 1.30066E-1 1.26497E-1 1.17411E-1 9.87078E-2 9.68613E-2 1.17871E-1 1.38477E-1 1.67096E-1 1.9313E-1 2.30835E-1 2.68203E-1 2.94618E-1 3.31146E-1 3.81181E-1 4.41015E-1 5.03568E-1 5.44648E-1 5.30705E-1 5.63148E-1 6.11606E-1 6.19445E-1 6.21236E-1 6.28592E-1 6.18443E-1 5.55782E-1 4.83406E-1 4.16957E-1 2.62712E-1 1.09781E-1 7.12579E-2 8.63483E-2 6.32796E-2 3.3623E-2 1.4654E-2 3.85665E-3 5.09224E-4
5.34746E-2 4.02892E-2 3.90835E-2 3.96781E-2 4.08826E-2 5.10052E-2 7.93192E-2 1.07801E-1 1.26966E-1 1.43768E-1 1.51686E-1 1.58484E-1 1.59468E-1 1.63389E-1 1.65756E-1 1.28518E-1 1.24306E-1 1.30703E-1 1.39011E-1 1.19458E-1 8.98959E-2 6.91767E-2 5.86111E-2 5.61771E-2 5.69795E-2 5.77908E-2 5.98024E-2 6.236E-2 6.7187E-2 7.52346E-2 8.57491E-2 9.8963E-2 1.14376E-1 1.2549E-1 1.30703E-1 1.30703E-1 1.20095E-1 1.12034E-1 1.15349E-1 1.28518E-1 1.50278E-1 1.73312E-1 2.03513E-1 2.30423E-1 2.57872E-1 2.86336E-1 3.08691E-1 3.57362E-1 4.23281E-1 4.88945E-1 5.33138E-1 5.10948E-1 5.4089E-1 6.03412E-1 6.25407E-1 6.30704E-1 6.30643E-1 6.19949E-1 5.92669E-1 5.31102E-1 4.33334E-1 2.86634E-1 1.47598E-1 8.83351E-2 9.98155E-2 8.63483E-2 6.32002E-2 4.19342E-2 2.64537E-2 8.39381E-3
4.87607E-2 3.7899E-2 3.6178E-2 3.5619E-2 3.73094E-2 5.10769E-2 7.12204E-2 1.12675E-1 1.39472E-1 1.42767E-1 1.44361E-1 1.37951E-1 1.27676E-1 1.23484E-1 1.06523E-1 9.37176E-2 9.25482E-2 9.13892E-2 8.7524E-2 7.74456E-2 6.73215E-2 5.86111E-2 5.53836E-2 5.22979E-2 5.33814E-2 5.57222E-2 5.93042E-2 6.2714E-2 6.8468E-2 7.45973E-2 8.3965E-2 9.57603E-2 1.10853E-1 1.20357E-1 1.28373E-1 1.32175E-1 1.34493E-1 1.3678E-1 1.4209E-1 1.53803E-1 1.69308E-1 1.91995E-1 2.10933E-1 2.41604E-1 2.65864E-1 2.88081E-1 3.14601E-1 3.59418E-1 4.02761E-1 4.47315E-1 4.88945E-1 5.11826E-1 5.53052E-1 5.98145E-1 6.24982E-1 6.35618E-1 6.33764E-1 6.33305E-1 6.22453E-1 5.54465E-1 4.24276E-1 2.9324E-1 1.97472E-1 1.52244E-1 1.5381E-1 1.46115E-1 1.16267E-1 9.87197E-2 8.94393E-2 3.8824E-2
3.96533E-2 3.7899E-2 3.90835E-2 3.67443E-2 3.84875E-2 5.1911E-2 8.72803E-2 1.21958E-1 1.38163E-1 1.29384E-1 1.18781E-1 1.04901E-1 1.02753E-1 9.26722E-2 7.68569E-2 6.63308E-2 6.45268E-2 6.24793E-2 5.96188E-2 5.18646E-2 4.86346E-2 4.58546E-2 4.86346E-2 4.8934E-2 5.03823E-2 5.36874E-2 5.68431E-2 6.13135E-2 6.78692E-2 7.45973E-2 8.54305E-2 9.57603E-2 1.0479E-1 1.18044E-1 1.2891E-1 1.35759E-1 1.45175E-1 1.57171E-1 1.73943E-1 1.78201E-1 1.94937E-1 2.13437E-1 2.33238E-1 2.61428E-1 2.88081E-1 3.08469E-1 3.30946E-1 3.7737E-1 4.17985E-1 4.37933E-1 4.69338E-1 5.10359E-1 5.62331E-1 6.03446E-1 6.07075E-1 5.92165E-1 6.18918E-1 6.22809E-1 6.35884E-1 5.38896E-1 4.10113E-1 3.07483E-1 2.65464E-1 2.4402E-1 2.36261E-1 2.55516E-1 2.45643E-1 2.45643E-1 1.83453E-1 9.26676E-2
4.15348E-2 4.15442E-2 4.09174E-2 4.28214E-2 5.04294E-2 7.77353E-2 1.40853E-1 1.77148E-1 1.60794E-1 1.30253E-1 1.02631E-1 8.65368E-2 7.69484E-2 6.63308E-2 6.04305E-2 5.31607E-2 4.71009E-2 4.48437E-2 4.26608E-2 3.99408E-2 3.82786E-2 4.12999E-2 4.47889E-2 4.5722E-2 4.92158E-2 5.32031E-2 5.71454E-2 6.24793E-2 6.88011E-2 7.69484E-2 8.46735E-2 9.61404E-2 1.06068E-1 1.18044E-1 1.31845E-1 1.46525E-1 1.58722E-1 1.83563E-1 2.03532E-1 2.10014E-1 2.18389E-1 2.36496E-1 2.60909E-1 2.95872E-1 3.2482E-1 3.4926E-1 3.71415E-1 4.14211E-1 4.39736E-1 4.50415E-1 4.60845E-1 5.10359E-1 5.72101E-1 6.11955E-1 5.96875E-1 5.73239E-1 6.05649E-1 6.15545E-1 6.3605E-1 6.1418E-1 5.168E-1 4.06351E-1 3.49859E-1 3.19535E-1 2.91244E-1 3.07231E-1 3.39189E-1 3.66204E-1 2.59413E-1 1.1977E-1
4.53231E-2 4.28214E-2 4.68463E-2 5.42286E-2 7.27035E-2 1.3031E-1 2.55681E-1 2.82425E-1 1.84244E-1 1.15745E-1 8.47935E-2 6.83699E-2 5.85099E-2 5.20128E-2 4.81826E-2 4.26063E-2 3.58558E-2 3.64161E-2 3.51397E-2 3.60666E-2 3.64309E-2 3.87412E-2 4.24317E-2 4.50479E-2 4.94797E-2 5.32031E-2 5.82459E-2 6.24793E-2 6.81732E-2 7.62417E-2 8.57735E-2 9.73445E-2 1.07357E-1 1.20821E-1 1.36323E-1 1.51904E-1 1.59419E-1 1.8698E-1 2.15753E-1 2.32149E-1 2.41674E-1 2.6837E-1 2.99528E-1 3.45201E-1 3.93082E-1 4.16101E-1 4.23281E-1 4.50415E-1 4.75998E-1 4.7531E-1 4.55076E-1 5.08021E-1 5.7594E-1 5.95181E-1 5.84303E-1 5.79404E-1 5.73239E-1 6.3125E-1 6.36004E-1 6.34256E-1 6.08767E-1 5.22917E-1 4.3098E-1 3.83371E-1 3.17527E-1 2.81441E-1 3.07483E-1 3.2355E-1 2.11871E-1 9.08811E-2
4.73907E-2 4.54719E-2 5.04294E-2 6.0775E-2 8.30213E-2 1.4874E-1 2.8868E-1 2.86593E-1 1.51839E-1 9.18548E-2 6.58655E-2 5.46193E-2 4.99355E-2 4.55643E-2 4.27684E-2 3.90423E-2 3.60076E-2 3.42178E-2 3.47567E-2 3.51397E-2 3.66289E-2 3.89512E-2 4.20232E-2 4.39597E-2 4.97253E-2 5.27006E-2 5.85095E-2 6.45268E-2 7.22678E-2 7.82888E-2 8.80044E-2 9.85592E-2 1.11285E-1 1.24071E-1 1.43458E-1 1.58997E-1 1.65676E-1 1.85917E-1 2.15753E-1 2.40009E-1 2.63647E-1 3.05175E-1 3.51106E-1 4.08657E-1 4.64782E-1 4.96777E-1 4.84149E-1 5.08883E-1 5.22317E-1 5.22637E-1 5.19526E-1 5.50738E-1 5.8081E-1 5.48202E-1 5.58917E-1 6.1128E-1 6.12621E-1 6.3171E-1 6.38167E-1 6.41982E-1 6.31754E-1 5.99948E-1 5.08043E-1 4.25491E-1 3.40037E-1 2.6152E-1 2.67477E-1 2.71463E-1 1.79557E-1 8.69227E-2
5.73272E-2 4.61446E-2 5.1911E-2 5.82383E-2 7.56757E-2 1.0419E-1 1.37782E-1 1.17379E-1 7.55557E-2 5.81442E-2 4.73907E-2 4.39062E-2 4.05127E-2 4.05127E-2 3.97796E-2 3.90423E-2 3.54522E-2 3.43629E-2 3.47567E-2 3.53027E-2 3.68132E-2 3.91467E-2 4.16007E-2 4.48437E-2 4.92269E-2 5.37094E-2 5.95863E-2 6.66027E-2 7.62417E-2 8.46735E-2 9.14286E-2 1.0102E-1 1.11285E-1 1.27947E-1 1.48176E-1 1.8301E-1 1.99336E-1 2.14728E-1 2.34106E-1 2.58841E-1 2.9284E-1 3.45E-1 3.99011E-1 4.61346E-1 5.08883E-1 5.41943E-1 5.47111E-1 5.54197E-1 5.67414E-1 5.65959E-1 5.8336E-1 5.97344E-1 6.08271E-1 5.88153E-1 5.97359E-1 6.16139E-1 6.29514E-1 6.33267E-1 6.41403E-1 6.39735E-1 6.41982E-1 6.19331E-1 5.26093E-1 4.63299E-1 3.82032E-1 3.09724E-1 3.03654E-1 3.07666E-1 2.67317E-1 1.82392E-1
6.71307E-2 4.75353E-2 4.96845E-2 5.34062E-2 5.82026E-2 6.42182E-2 6.60223E-2 5.26382E-2 4.08408E-2 3.71948E-2 3.66229E-2 3.59926E-2 3.70445E-2 3.7523E-2 3.7991E-2 3.78614E-2 3.55881E-2 3.54522E-2 3.4904E-2 3.64161E-2 3.91467E-2 4.16007E-2 4.50496E-2 4.8001E-2 5.16433E-2 5.71089E-2 6.3019E-2 7.22678E-2 8.03762E-2 8.80044E-2 1.0102E-1 1.08656E-1 1.17589E-1 1.26018E-1 1.3482E-1 1.6676E-1 2.11733E-1 2.41037E-1 2.66929E-1 2.9284E-1 3.30351E-1 3.79297E-1 4.29408E-1 4.87989E-1 5.31474E-1 5.65549E-1 5.74545E-1 5.74984E-1 5.82493E-1 5.88115E-1 5.98959E-1 6.12205E-1 6.25407E-1 6.31058E-1 6.3523E-1 6.36045E-1 6.36494E-1 6.33615E-1 6.40296E-1 6.42321E-1 6.31617E-1 6.07195E-1 5.5814E-1 5.20461E-1 4.39109E-1 3.80068E-1 3.8611E-1 4.1124E-1 3.74264E-1 2.93297E-1
6.73187E-2 4.67591E-2 4.75058E-2 4.74576E-2 4.74576E-2 4.6069E-2 4.33907E-2 3.72478E-2 3.28685E-2 3.03135E-2 2.98318E-2 3.22473E-2 3.32082E-2 3.47182E-2 3.58184E-2 3.51582E-2 3.50379E-2 3.43629E-2 3.714E-2 3.93275E-2 4.11645E-2 4.57251E-2 4.87124E-2 5.10897E-2 5.57111E-2 5.9809E-2 6.75226E-2 7.72602E-2 8.80044E-2 1.00623E-1 1.13516E-1 1.21756E-1 1.29242E-1 1.33657E-1 1.33007E-1 1.5062E-1 2.15753E-1 2.70994E-1 2.98382E-1 3.23724E-1 3.5693E-1 4.02899E-1 4.53213E-1 4.95903E-1 5.34144E-1 5.65549E-1 5.70057E-1 5.69759E-1 5.84088E-1 5.93633E-1 5.9946E-1 6.09138E-1 6.2228E-1 6.33174E-1 6.23529E-1 6.17348E-1 6.23892E-1 6.3499E-1 6.44103E-1 6.36997E-1 5.92489E-1 6.0206E-1 5.66848E-1 5.2116E-1 4.95576E-1 4.60367E-1 4.5163E-1 5.07292E-1 4.69349E-1 3.9791E-1
5.52475E-2 4.66932E-2 4.47136E-2 4.39858E-2 4.14077E-2 3.89547E-2 3.59926E-2 3.55012E-2 3.33435E-2 3.07452E-2 2.9777E-2 3.07452E-2 3.32082E-2 3.36464E-2 3.36464E-2 3.46132E-2 3.55881E-2 3.54522E-2 3.65701E-2 4.19681E-2 4.59167E-2 4.88966E-2 5.20128E-2 5.73229E-2 6.06561E-2 6.68497E-2 7.35161E-2 8.68838E-2 1.01865E-1 1.16221E-1 1.30372E-1 1.40313E-1 1.45875E-1 1.48316E-1 1.57973E-1 1.87991E-1 2.50814E-1 2.96322E-1 3.23163E-1 3.47901E-1 3.77114E-1 4.12535E-1 4.45844E-1 4.86896E-1 5.19036E-1 5.39726E-1 5.43998E-1 5.58013E-1 5.78852E-1 5.90661E-1 6.00076E-1 6.12052E-1 6.24038E-1 6.27525E-1 5.84368E-1 5.72986E-1 6.21095E-1 6.41077E-1 6.43641E-1 6.29647E-1 6.30634E-1 6.19407E-1 5.64561E-1 5.3506E-1 5.30981E-1 5.30981E-1 5.12408E-1 5.22589E-1 5.09945E-1 4.59275E-1
5.23976E-2 4.80099E-2 4.46504E-2 4.13325E-2 3.94845E-2 3.76215E-2 3.64749E-2 3.7127E-2 3.82058E-2 3.81059E-2 3.43453E-2 3.42688E-2 3.42688E-2 3.47182E-2 3.63793E-2 3.7523E-2 3.62695E-2 3.78614E-2 3.90423E-2 4.52384E-2 5.23976E-2 5.58983E-2 6.1718E-2 6.68497E-2 6.68497E-2 7.22678E-2 8.35838E-2 9.93915E-2 1.17092E-1 1.42436E-1 1.55139E-1 1.61074E-1 1.68755E-1 1.71372E-1 1.88915E-1 2.17584E-1 2.60857E-1 2.95606E-1 3.26647E-1 3.59628E-1 3.78432E-1 4.08628E-1 4.35098E-1 4.68189E-1 5.02896E-1 5.30791E-1 5.45126E-1 5.62949E-1 5.77026E-1 5.93389E-1 6.04141E-1 6.18477E-1 6.23675E-1 6.0859E-1 5.52328E-1 5.81816E-1 6.18144E-1 6.39728E-1 6.28628E-1 6.21031E-1 6.32056E-1 6.3159E-1 6.0633E-1 5.52596E-1 5.21747E-1 5.30239E-1 5.1145E-1 4.9284E-1 4.88004E-1 4.80038E-1
5.06709E-2 4.80099E-2 4.51416E-2 4.51416E-2 4.17622E-2 3.98996E-2 3.92941E-2 3.98996E-2 4.101E-2 4.05127E-2 3.82058E-2 3.70445E-2 3.59126E-2 3.76215E-2 3.86962E-2 3.93971E-2 3.92941E-2 4.14953E-2 4.59167E-2 5.58157E-2 6.81732E-2 7.06002E-2 7.39731E-2 7.17987E-2 7.57581E-2 8.14352E-2 9.22234E-2 1.12513E-1 1.39685E-1 1.70459E-1 1.87711E-1 1.9604E-1 1.91584E-1 1.94338E-1 2.12907E-1 2.33025E-1 2.6896E-1 2.92731E-1 3.36991E-1 3.66294E-1 3.90442E-1 4.1617E-1 4.35098E-1 4.63067E-1 4.9904E-1 5.3845E-1 5.5747E-1 5.66996E-1 5.84219E-1 6.04836E-1 6.14149E-1 6.2503E-1 6.25891E-1 6.09075E-1 5.72945E-1 5.78337E-1 6.20638E-1 6.391E-1 6.2594E-1 6.0646E-1 6.26514E-1 6.38715E-1 6.35894E-1 5.76458E-1 5.23667E-1 4.68147E-1 4.3779E-1 4.50532E-1 4.55891E-1 4.74987E-1
5.38382E-2 5.01748E-2 4.93362E-2 4.62472E-2 4.48896E-2 4.40731E-2 4.4223E-2 4.43558E-2 4.55643E-2 4.23987E-2 4.05127E-2 3.98996E-2 4.11336E-2 4.11336E-2 4.25094E-2 4.18713E-2 4.30431E-2 4.62472E-2 5.14292E-2 6.36391E-2 8.06699E-2 9.20552E-2 9.32246E-2 8.33147E-2 8.28052E-2 8.80044E-2 9.57603E-2 1.14376E-1 1.45875E-1 1.92522E-1 2.28252E-1 2.24378E-1 2.16705E-1 2.18614E-1 2.32149E-1 2.55968E-1 2.85311E-1 3.08007E-1 3.45846E-1 3.76417E-1 3.92429E-1 4.18225E-1 4.3126E-1 4.68189E-1 5.114E-1 5.47111E-1 5.65549E-1 5.71888E-1 5.9495E-1 6.16611E-1 6.26604E-1 6.33781E-1 6.33786E-1 6.34327E-1 6.24284E-1 6.20638E-1 6.3411E-1 6.42846E-1 6.29141E-1 6.03143E-1 6.01434E-1 5.8752E-1 5.56296E-1 5.45605E-1 5.32155E-1 4.83524E-1 4.30279E-1 4.3402E-1 4.284E-1 4.41425E-1
5.54093E-2 5.54093E-2 5.36996E-2 4.9062E-2 4.87124E-2 5.08977E-2 5.10897E-2 4.97868E-2 4.9062E-2 4.7079E-2 4.63858E-2 4.50243E-2 4.43558E-2 4.43558E-2 4.51416E-2 4.72013E-2 4.51416E-2 4.69384E-2 5.41352E-2 6.93913E-2 9.41012E-2 1.3087E-1 1.10354E-1 9.41012E-2 9.14286E-2 9.3392E-2 9.93915E-2 1.13516E-1 1.40313E-1 1.82634E-1 2.18614E-1 2.29129E-1 2.29129E-1 2.31074E-1 2.49949E-1 2.84486E-1 3.1137E-1 3.47308E-1 3.74807E-1 3.94412E-1 4.06216E-1 4.06693E-1 4.27551E-1 4.81813E-1 5.25512E-1 5.46967E-1 5.6453E-1 5.77224E-1 6.03309E-1 6.25895E-1 6.35884E-1 6.40261E-1 6.36886E-1 6.41184E-1 6.42391E-1 6.33714E-1 6.36997E-1 6.46272E-1 6.32514E-1 6.03903E-1 5.82734E-1 5.65922E-1 5.19654E-1 4.99769E-1 5.21124E-1 5.09123E-1 4.3402E-1 3.67175E-1 3.65142E-1 3.42624E-1
6.11947E-2 5.86601E-2 5.76855E-2 5.57111E-2 5.47132E-2 5.87513E-2 5.81424E-2 5.41352E-2 5.25949E-2 5.20128E-2 5.29293E-2 4.99355E-2 4.99355E-2 4.92086E-2 4.93362E-2 5.00649E-2 5.00649E-2 5.21678E-2 5.89711E-2 7.12992E-2 1.01865E-1 1.21244E-1 1.09537E-1 9.81706E-2 9.77468E-2 1.05201E-1 1.08232E-1 1.18967E-1 1.43989E-1 1.77364E-1 2.02585E-1 2.27299E-1 2.32149E-1 2.52815E-1 2.79456E-1 3.17598E-1 3.48678E-1 3.77933E-1 4.12321E-1 4.19759E-1 4.19759E-1 4.22025E-1 4.5788E-1 5.1426E-1 5.49513E-1 5.61202E-1 5.71114E-1 5.86372E-1 6.00871E-1 6.27122E-1 6.4224E-1 6.42698E-1 6.43585E-1 6.4402E-1 6.24746E-1 6.19087E-1 6.32964E-1 6.41706E-1 6.3159E-1 5.82792E-1 5.70214E-1 5.69386E-1 5.31174E-1 4.62945E-1 4.85182E-1 4.73394E-1 4.14823E-1 3.54367E-1 3.52892E-1 2.94437E-1
6.5749E-2 6.56073E-2 6.27709E-2 6.52489E-2 6.41384E-2 6.32537E-2 6.15126E-2 6.15126E-2 5.91685E-2 5.76855E-2 5.76855E-2 5.5267E-2 5.5267E-2 5.36996E-2 5.46193E-2 5.38382E-2 5.46193E-2 5.85099E-2 6.52489E-2 7.75435E-2 9.22234E-2 1.0019E-1 9.3392E-2 8.99177E-2 1.04712E-1 1.13034E-1 1.19427E-1 1.24071E-1 1.46098E-1 1.75336E-1 2.10933E-1 2.38028E-1 2.56015E-1 2.86697E-1 3.24041E-1 3.62573E-1 3.90758E-1 4.19411E-1 4.27058E-1 4.43913E-1 4.49638E-1 4.42499E-1 4.95227E-1 5.79813E-1 5.80613E-1 5.61149E-1 5.62065E-1 5.78127E-1 6.00188E-1 6.25096E-1 6.47489E-1 6.3184E-1 6.39782E-1 6.37033E-1 6.17319E-1 6.28196E-1 6.11181E-1 6.11701E-1 5.94135E-1 5.68336E-1 5.64561E-1 5.15914E-1 4.73397E-1 4.0862E-1 3.89314E-1 4.16391E-1 3.78808E-1 3.23403E-1 4.20244E-1 3.98794E-1
7.93192E-2 7.21903E-2 7.02604E-2 7.08336E-2 6.98785E-2 6.59363E-2 6.32537E-2 6.34645E-2 6.27709E-2 6.18999E-2 6.10384E-2 6.10384E-2 6.01863E-2 6.01863E-2 6.03405E-2 6.11947E-2 6.38137E-2 6.45411E-2 7.10405E-2 7.98783E-2 8.97478E-2 9.64856E-2 9.49467E-2 9.97843E-2 1.16221E-1 1.24071E-1 1.30253E-1 1.33575E-1 1.48625E-1 1.74804E-1 2.13632E-1 2.50433E-1 3.03983E-1 3.63586E-1 3.97148E-1 4.17005E-1 4.34272E-1 4.4251E-1 4.49082E-1 4.49415E-1 4.49638E-1 4.70632E-1 4.87354E-1 6.02201E-1 5.68462E-1 5.16177E-1 5.53747E-1 5.82291E-1 6.06107E-1 6.38193E-1 6.49445E-1 6.25937E-1 6.20675E-1 6.15056E-1 6.13568E-1 6.01338E-1 5.55059E-1 5.49344E-1 5.30712E-1 5.31586E-1 5.48706E-1 5.15403E-1 4.59224E-1 3.65142E-1 3.2819E-1 3.65142E-1 3.64601E-1 3.08904E-1 4.12033E-1 4.44712E-1
9.06459E-2 8.87449E-2 7.65216E-2 7.9008E-2 7.29856E-2 6.89331E-2 6.52489E-2 6.45411E-2 6.47057E-2 6.56073E-2 6.74394E-2 6.74394E-2 6.74394E-2 6.63496E-2 6.63496E-2 6.74394E-2 7.02604E-2 7.29856E-2 7.90612E-2 8.7733E-2 9.67958E-2 1.11678E-1 1.22225E-1 1.28788E-1 1.39633E-1 1.45853E-1 1.47775E-1 1.47775E-1 1.57481E-1 1.72297E-1 2.05225E-1 2.58739E-1 3.2908E-1 4.2567E-1 4.63973E-1 4.70367E-1 4.76536E-1 4.79663E-1 4.68452E-1 4.45404E-1 4.82845E-1 5.2197E-1 5.19526E-1 5.25361E-1 4.77643E-1 5.0422E-1 5.7303E-1 6.03621E-1 6.22366E-1 6.48847E-1 6.46437E-1 6.27278E-1 6.05479E-1 5.78235E-1 5.65654E-1 5.66842E-1 5.18847E-1 4.97447E-1 5.36282E-1 5.46773E-1 4.83524E-1 4.869E-1 4.24624E-1 3.17241E-1 2.77943E-1 2.79406E-1 2.64522E-1 2.75956E-1 3.52314E-1 4.2555E-1
9.94479E-2 9.92976E-2 8.98737E-2 8.70429E-2 7.51597E-2 7.31701E-2 6.93103E-2 7.13733E-2 7.13733E-2 7.43186E-2 7.53203E-2 7.63322E-2 7.71895E-2 7.39731E-2 7.59781E-2 7.59781E-2 7.92598E-2 8.35229E-2 9.11559E-2 9.95101E-2 1.14719E-1 1.32803E-1 1.54087E-1 1.69242E-1 1.73016E-1 1.80022E-1 1.73288E-1 1.66418E-1 1.61563E-1 1.70043E-1 2.15672E-1 2.88024E-1 3.71807E-1 4.43006E-1 4.92627E-1 5.17865E-1 5.20815E-1 5.16753E-1 5.00528E-1 4.99221E-1 5.30564E-1 5.7594E-1 5.60962E-1 5.10359E-1 5.11117E-1 5.41086E-1 6.06918E-1 6.32723E-1 6.44019E-1 6.51012E-1 6.47267E-1 6.27469E-1 5.95131E-1 5.20013E-1 4.66493E-1 5.25103E-1 5.20301E-1 5.47807E-1 5.40799E-1 4.90278E-1 5.21124E-1 4.22229E-1 3.4205E-1 2.63331E-1 1.97522E-1 1.41034E-1 1.14587E-1 1.63609E-1 2.71032E-1 3.35097E-1
1.03091E-1 1.07597E-1 1.00741E-1 9.39004E-2 8.13708E-2 7.74894E-2 7.35565E-2 7.45511E-2 7.85232E-2 8.38453E-2 8.60463E-2 8.81366E-2 8.57163E-2 8.66129E-2 8.66129E-2 8.88635E-2 9.23178E-2 9.73094E-2 1.04516E-1 1.12344E-1 1.26236E-1 1.50222E-1 1.82356E-1 2.18556E-1 2.27506E-1 2.13933E-1 2.02569E-1 1.79004E-1 1.61828E-1 1.84342E-1 2.49427E-1 3.28231E-1 4.08435E-1 4.72403E-1 5.23164E-1 5.56599E-1 5.61416E-1 5.48893E-1 5.35371E-1 5.37839E-1 5.45908E-1 5.56776E-1 5.42151E-1 5.08141E-1 5.81438E-1 5.97558E-1 6.18087E-1 6.44634E-1 6.50558E-1 6.53205E-1 6.4803E-1 6.33782E-1 6.0166E-1 5.31664E-1 4.52335E-1 5.32884E-1 5.42758E-1 5.02663E-1 4.85468E-1 5.10919E-1 4.86449E-1 4.00122E-1 3.50081E-1 2.45791E-1 2.06757E-1 1.01079E-1 5.88332E-2 1.51313E-1 2.26199E-1 2.21361E-1
1.11654E-1 1.11654E-1 1.03642E-1 1.00444E-1 9.11559E-2 8.38453E-2 7.98015E-2 8.08585E-2 8.62468E-2 9.90326E-2 1.03892E-1 1.05166E-1 9.85266E-2 9.61028E-2 9.55948E-2 1.00462E-1 1.04516E-1 1.12344E-1 1.20553E-1 1.27683E-1 1.41172E-1 1.58769E-1 1.97335E-1 2.62379E-1 2.94821E-1 2.57674E-1 2.29586E-1 1.971E-1 1.97128E-1 2.41499E-1 3.3244E-1 3.82457E-1 4.45363E-1 5.04806E-1 5.55952E-1 5.88095E-1 5.9556E-1 5.87346E-1 5.74769E-1 5.63148E-1 5.4976E-1 5.63353E-1 5.68758E-1 5.76372E-1 6.13159E-1 6.27401E-1 6.2516E-1 6.46599E-1 6.31033E-1 6.35087E-1 6.39981E-1 6.34673E-1 6.22895E-1 6.09108E-1 5.74359E-1 5.07813E-1 4.4691E-1 4.12862E-1 3.9569E-1 5.00266E-1 4.18041E-1 3.906E-1 3.49859E-1 3.23391E-1 2.53683E-1 1.70404E-1 1.51313E-1 2.35969E-1 2.41896E-1 1.54533E-1
1.19673E-1 1.14342E-1 1.14006E-1 1.07357E-1 9.63036E-2 9.07834E-2 8.51479E-2 8.74219E-2 9.92071E-2 1.20156E-1 1.33054E-1 1.24125E-1 1.16919E-1 1.05794E-1 1.06783E-1 1.14719E-1 1.21958E-1 1.35074E-1 1.42722E-1 1.49023E-1 1.58769E-1 1.70574E-1 1.90434E-1 2.44572E-1 2.67926E-1 2.65914E-1 2.4956E-1 2.33545E-1 2.49593E-1 3.48473E-1 4.57694E-1 4.30072E-1 4.82944E-1 5.43003E-1 5.83723E-1 6.09669E-1 6.20922E-1 6.2312E-1 6.09358E-1 5.77069E-1 5.65716E-1 5.79841E-1 5.98922E-1 6.19413E-1 6.40762E-1 6.47519E-1 6.50537E-1 6.38609E-1 5.85378E-1 5.86744E-1 5.95973E-1 6.14189E-1 6.20215E-1 6.36243E-1 6.14445E-1 5.24484E-1 4.3588E-1 3.87246E-1 3.62308E-1 4.63811E-1 3.8356E-1 3.64257E-1 3.57822E-1 3.5807E-1 3.15117E-1 2.50816E-1 2.09951E-1 2.45873E-1 2.7113E-1 2.47869E-1
1.29484E-1 1.27238E-1 1.18712E-1 1.09386E-1 1.0403E-1 9.79667E-2 9.52889E-2 1.01526E-1 1.13363E-1 1.31762E-1 1.45324E-1 1.43572E-1 1.28245E-1 1.11282E-1 1.12344E-1 1.27683E-1 1.45853E-1 1.62095E-1 1.7403E-1 1.75771E-1 1.84609E-1 1.95493E-1 1.94084E-1 2.27319E-1 2.51618E-1 2.61775E-1 2.65764E-1 2.67821E-1 3.01298E-1 3.87795E-1 4.42437E-1 4.693E-1 5.09077E-1 5.71737E-1 6.08789E-1 6.28953E-1 6.40235E-1 6.44634E-1 6.15962E-1 5.91781E-1 5.89958E-1 6.00769E-1 6.22351E-1 6.3832E-1 6.38837E-1 6.17932E-1 6.17313E-1 5.92204E-1 5.42901E-1 5.51541E-1 5.75832E-1 5.73459E-1 5.93807E-1 6.12528E-1 6.02436E-1 5.46997E-1 4.8357E-1 4.06818E-1 3.5055E-1 4.49862E-1 3.70712E-1 3.2627E-1 3.33573E-1 3.38072E-1 3.43132E-1 2.74669E-1 2.24164E-1 2.2906E-1 3.29189E-1 3.72739E-1
1.36788E-1 1.33473E-1 1.31531E-1 1.22652E-1 1.11845E-1 1.10691E-1 1.09215E-1 1.13304E-1 1.28822E-1 1.42404E-1 1.55089E-1 1.59895E-1 1.43572E-1 1.29708E-1 1.27987E-1 1.45853E-1 1.72297E-1 2.02908E-1 2.14253E-1 2.16169E-1 2.23898E-1 2.26322E-1 2.29283E-1 2.49549E-1 2.74168E-1 2.88571E-1 2.99037E-1 3.11646E-1 3.37043E-1 3.76687E-1 4.34295E-1 5.05854E-1 5.62291E-1 6.15466E-1 6.37173E-1 6.42366E-1 6.48629E-1 6.31384E-1 5.91004E-1 6.12036E-1 6.17187E-1 6.26521E-1 6.3595E-1 6.37516E-1 6.21838E-1 5.94031E-1 5.77752E-1 5.2795E-1 4.91747E-1 5.5322E-1 5.8047E-1 5.35728E-1 5.48364E-1 5.52875E-1 5.30113E-1 5.18415E-1 4.88553E-1 4.20676E-1 3.38706E-1 4.26495E-1 3.41568E-1 2.96928E-1 2.93437E-1 2.81474E-1 2.82871E-1 2.43871E-1 2.41738E-1 2.93627E-1 3.58468E-1 3.41079E-1
1.419E-1 1.44031E-1 1.38163E-1 1.30609E-1 1.25721E-1 1.2025E-1 1.23053E-1 1.27364E-1 1.39341E-1 1.47037E-1 1.56589E-1 1.6324E-1 1.56393E-1 1.48066E-1 1.60794E-1 1.75771E-1 2.08548E-1 2.43643E-1 2.53715E-1 2.55743E-1 2.60336E-1 2.67299E-1 2.78136E-1 2.92911E-1 3.11773E-1 3.2428E-1 3.43216E-1 3.68422E-1 3.93137E-1 4.24599E-1 4.84674E-1 5.51268E-1 6.12248E-1 6.48163E-1 6.51652E-1 6.48811E-1 6.06771E-1 5.18857E-1 5.94336E-1 6.2051E-1 6.28592E-1 6.28744E-1 6.18117E-1 6.16864E-1 6.03076E-1 5.69101E-1 5.46283E-1 4.61589E-1 4.01444E-1 4.03651E-1 4.86691E-1 5.47484E-1 5.31928E-1 4.93361E-1 4.43319E-1 4.49434E-1 4.46785E-1 3.74264E-1 2.91434E-1 3.21882E-1 2.99611E-1 2.59649E-1 2.40171E-1 2.11871E-1 2.07129E-1 2.049E-1 1.90564E-1 2.10829E-1 2.29555E-1 2.16803E-1
1.42073E-1 1.46741E-1 1.38831E-1 1.38427E-1 1.3606E-1 1.36185E-1 1.39312E-1 1.43966E-1 1.53459E-1 1.55089E-1 1.61563E-1 1.64927E-1 1.68121E-1 1.73016E-1 1.88621E-1 2.06661E-1 2.35677E-1 2.65945E-1 2.84527E-1 2.89246E-1 3.04772E-1 3.13496E-1 3.24397E-1 3.39146E-1 3.55787E-1 3.82736E-1 4.05076E-1 4.32848E-1 4.76789E-1 5.04229E-1 5.80828E-1 6.13615E-1 6.49886E-1 6.33714E-1 6.34267E-1 6.03083E-1 5.09872E-1 5.6298E-1 6.03128E-1 6.12899E-1 6.30985E-1 6.2712E-1 6.06643E-1 5.79836E-1 5.4122E-1 5.19651E-1 5.16822E-1 4.76678E-1 4.09291E-1 3.70709E-1 3.97574E-1 4.85182E-1 5.31308E-1 4.44503E-1 3.90861E-1 3.79531E-1 3.68676E-1 2.93031E-1 2.09878E-1 1.66482E-1 1.86703E-1 2.00919E-1 1.97432E-1 1.67958E-1 1.53586E-1 1.18658E-1 8.10728E-2 9.44481E-2 1.12521E-1 1.22609E-1
1.37836E-1 1.39885E-1 1.41172E-1 1.50971E-1 1.49903E-1 1.51701E-1 1.5495E-1 1.58237E-1 1.66623E-1 1.61563E-1 1.66418E-1 1.71556E-1 1.83577E-1 1.97767E-1 2.12801E-1 2.34187E-1 2.54231E-1 2.83003E-1 3.06469E-1 3.21179E-1 3.38748E-1 3.57998E-1 3.70496E-1 3.90918E-1 4.15048E-1 4.49781E-1 4.77232E-1 5.12363E-1 5.61175E-1 5.93593E-1 6.42303E-1 6.45084E-1 5.99702E-1 5.67239E-1 5.31276E-1 4.59532E-1 3.68804E-1 5.10804E-1 6.02252E-1 6.24726E-1 6.33781E-1 6.23336E-1 5.92959E-1 5.49344E-1 4.93562E-1 4.54314E-1 4.45877E-1 4.15207E-1 3.81976E-1 3.71231E-1 3.83967E-1 4.67814E-1 4.33147E-1 3.9287E-1 3.59099E-1 3.52917E-1 3.16421E-1 2.43241E-1 1.58411E-1 8.032E-2 9.13524E-2 1.61579E-1 1.85099E-1 1.5952E-1 1.12732E-1 5.73751E-2 2.47912E-2 3.33054E-2 5.2677E-2 8.10095E-2
1.37836E-1 1.4453E-1 1.50222E-1 1.5712E-1 1.60794E-1 1.64463E-1 1.69834E-1 1.73288E-1 1.76777E-1 1.64723E-1 1.73288E-1 1.85654E-1 2.03723E-1 2.18951E-1 2.34187E-1 2.52204E-1 2.79318E-1 3.00177E-1 3.25801E-1 3.41089E-1 3.68408E-1 3.87017E-1 4.11074E-1 4.47904E-1 4.80599E-1 5.17286E-1 5.44107E-1 5.78549E-1 6.09246E-1 6.34607E-1 6.45858E-1 6.53184E-1 7.32318E-2 5.36282E-1 4.15715E-1 3.61844E-1 4.04675E-1 4.4231E-1 5.82792E-1 6.16696E-1 6.15787E-1 5.69215E-1 5.27998E-1 4.78354E-1 4.55146E-1 4.2365E-1 3.68012E-1 3.36007E-1 3.44155E-1 3.89918E-1 3.88089E-1 4.27882E-1 3.42017E-1 2.71876E-1 3.1227E-1 3.1926E-1 2.90316E-1 2.06757E-1 1.3264E-1 6.36378E-2 8.34617E-2 1.58353E-1 2.02727E-1 1.78926E-1 1.06263E-1 4.587E-2 1.74327E-2 1.49142E-2 2.30393E-2 4.72397E-2
1.44957E-1 1.48709E-1 1.61188E-1 1.6842E-1 1.75771E-1 1.81452E-1 1.88621E-1 1.94446E-1 1.94446E-1 1.92614E-1 1.98133E-1 2.1128E-1 2.22826E-1 2.36585E-1 2.50616E-1 2.62826E-1 2.83857E-1 3.11392E-1 3.36884E-1 3.70483E-1 4.16998E-1 4.36697E-1 4.64693E-1 4.94344E-1 5.32398E-1 5.70614E-1 5.91304E-1 6.1668E-1 6.39092E-1 6.5142E-1 6.51812E-1 6.22261E-1 5.31174E-1 2.49867E-1 3.95831E-1 3.02901E-1 3.85352E-1 3.95944E-1 6.03127E-1 6.38837E-1 6.23002E-1 5.33391E-1 4.60974E-1 3.96858E-1 3.4205E-1 3.36074E-1 3.39983E-1 3.62113E-1 3.99539E-1 4.284E-1 4.39583E-1 4.12516E-1 2.95156E-1 2.38891E-1 2.64929E-1 3.28162E-1 2.40866E-1 1.59375E-1 1.41034E-1 1.14863E-1 1.35085E-1 1.88454E-1 2.09878E-1 1.80655E-1 1.24012E-1 5.04451E-2 1.62993E-2 1.21817E-2 1.48016E-2 2.71258E-2
