KUENM/Final_Models/M_0.1_F_lq_Set_2_E/sp1_8.asc
ncols         197
nrows         210
xllcorner     56.1666666666667
yllcorner     4.5
cellsize      0.166666666666667
NODATA_value  -9999
[rows 112 to 139 of 210, columns 130 to 194 of 197]
3.31129E-1 1.8922E-1 1.03144E-1 7.27952E-2 6.01643E-2 2.99502E-2 1.11057E-2 3.03249E-3 7.78152E-4 1.65369E-4 5.43961E-5 2.93668E-5 1.38336E-5 3.73648E-6 9.44705E-7 9.07375E-7 2.69437E-6 9.67398E-6 2.42593E-5 7.42345E-5 3.30634E-4 8.90347E-4 1.12989E-3 8.41908E-4 1.12854E-4 2.03944E-5 1.34211E-5 1.86034E-5 3.58179E-5 3.61943E-5 2.84002E-5 3.37541E-5 3.89305E-5 4.10003E-5 3.54255E-5 2.57422E-5 1.91143E-5 1.49156E-5 1.69542E-5 1.91143E-5 2.76708E-5 5.14479E-5 1.10078E-4 3.02325E-4 1.39545E-4 2.90417E-5 4.66362E-6 8.89665E-7 4.84841E-7 6.38104E-7 6.93354E-7 7.82565E-7 7.31741E-7 8.44625E-7 1.20949E-6 1.98001E-6 -9999 -9999 -9999 -9999 -9999 -9999 -9999 -9999 -9999
2.88964E-1 1.53631E-1 8.13565E-2 5.79742E-2 4.03196E-2 1.69245E-2 4.99911E-3 1.00573E-3 1.0654E-4 1.49156E-5 2.21495E-5 2.99919E-5 2.71375E-5 5.87883E-6 5.56603E-7 2.72694E-7 7.17126E-7 2.55392E-6 9.33089E-6 3.59083E-5 1.07745E-4 2.27455E-4 2.30365E-4 1.6864E-4 9.39743E-5 1.91065E-5 1.07028E-5 1.26626E-5 1.51619E-4 3.08368E-4 1.43268E-4 6.75051E-5 4.40406E-5 4.31749E-5 3.9133E-5 3.74572E-5 3.88043E-5 4.71675E-5 5.9679E-5 5.47418E-5 4.01453E-5 3.40034E-5 3.54187E-5 7.22357E-5 5.99622E-5 1.87343E-5 3.21866E-6 7.18946E-7 6.20883E-7 7.87228E-7 9.09761E-7 1.09536E-6 1.26372E-6 1.41333E-6 1.82853E-6 -9999 -9999 -9999 -9999 -9999 -9999 -9999 -9999 -9999 -9999
1.71118E-1 6.22395E-2 3.32914E-2 2.51295E-2 1.94122E-2 8.9885E-3 2.82057E-3 5.05066E-4 5.13788E-5 7.99155E-6 1.38336E-5 2.54573E-5 2.36541E-5 2.49712E-6 7.90185E-8 3.20414E-8 1.22013E-7 5.3617E-7 2.63174E-6 1.22577E-5 2.98392E-5 1.06304E-4 2.79778E-4 7.6285E-4 2.28492E-4 1.85657E-5 6.38995E-6 1.06424E-5 2.35868E-4 7.05762E-4 3.55733E-4 1.11182E-4 5.00797E-5 4.93583E-5 5.54714E-5 5.91657E-5 5.57645E-5 6.83946E-5 1.01326E-4 1.03835E-4 7.67038E-5 4.35093E-5 1.97631E-5 2.69971E-5 2.98143E-5 1.34632E-5 3.6663E-6 9.27444E-7 9.04592E-7 1.28354E-6 1.52635E-6 1.86562E-6 2.27517E-6 2.76838E-6 -9999 -9999 -9999 -9999 -9999 -9999 -9999 -9999 -9999 -9999 -9999
1.14622E-1 5.07694E-2 2.30855E-2 1.10169E-2 6.62581E-3 4.91796E-3 2.3078E-3 6.18766E-4 1.30464E-4 4.1825E-5 3.33026E-5 3.41833E-5 1.05853E-5 5.14267E-7 1.14349E-8 7.38356E-9 2.57398E-8 1.10032E-7 4.14354E-7 1.32501E-6 2.01898E-6 1.76705E-5 1.21581E-4 2.81304E-4 1.19505E-4 1.42651E-5 6.34274E-6 1.46724E-5 6.39471E-4 1.37693E-3 8.68642E-4 2.32568E-4 7.56119E-5 7.75351E-5 8.09241E-5 5.60737E-5 8.33787E-5 7.38694E-5 1.02351E-4 1.26001E-4 1.22447E-4 7.89753E-5 5.60263E-5 5.46181E-5 4.29191E-5 2.01639E-5 7.81321E-6 2.24457E-6 1.73633E-6 2.8307E-6 3.25468E-6 3.63118E-6 -9999 -9999 -9999 -9999 -9999 -9999 -9999 -9999 -9999 -9999 -9999 -9999 -9999
8.42892E-2 4.88522E-2 2.32847E-2 8.62197E-3 3.79113E-3 2.85487E-3 2.87808E-3 1.19997E-3 3.73365E-4 2.15283E-4 1.89773E-4 1.2543E-4 7.39059E-6 3.2372E-7 2.31277E-8 8.99362E-9 1.17082E-8 2.81623E-8 5.26221E-8 3.73633E-8 1.30221E-7 4.07089E-7 1.71756E-6 3.83543E-6 1.0571E-5 1.47121E-5 2.76687E-5 2.55877E-4 2.27941E-3 3.83822E-3 1.74255E-3 6.81221E-4 2.46551E-4 1.54082E-4 1.12109E-4 1.15757E-4 8.67669E-5 8.84775E-5 9.57386E-5 1.71737E-4 2.09414E-4 1.66975E-4 1.44078E-4 1.23761E-4 8.4659E-5 5.3024E-5 2.64311E-5 1.28739E-5 8.06884E-6 8.25898E-6 8.25898E-6 -9999 -9999 -9999 -9999 -9999 -9999 -9999 -9999 -9999 -9999 -9999 -9999 -9999 -9999
6.56627E-2 4.09291E-2 2.21673E-2 9.82189E-3 4.73142E-3 3.1565E-3 3.65768E-3 2.11924E-3 8.44356E-4 5.85933E-4 3.75024E-4 7.07889E-5 4.8728E-6 3.13806E-7 3.33974E-8 1.15453E-8 1.10494E-8 2.07855E-8 3.51389E-8 5.38599E-8 1.60754E-7 5.58061E-7 1.1805E-6 3.51255E-6 5.82696E-6 8.32582E-6 3.15578E-5 7.07185E-4 5.13359E-3 1.10449E-2 3.98167E-3 1.16566E-3 3.26216E-4 1.7875E-4 7.13477E-5 1.28958E-4 7.77697E-5 6.78241E-5 1.78352E-4 3.77858E-4 4.14533E-4 3.57864E-4 3.08426E-4 2.58447E-4 2.11614E-4 1.54707E-4 1.00023E-4 6.4992E-5 4.20742E-5 -9999 -9999 -9999 -9999 -9999 -9999 -9999 -9999 -9999 -9999 -9999 -9999 -9999 -9999 -9999 -9999
4.07289E-2 2.44074E-2 1.68433E-2 1.44588E-2 9.84311E-3 6.43715E-3 4.90363E-3 3.926E-3 3.23451E-3 2.34872E-3 5.40583E-4 3.4743E-5 2.18011E-6 2.94853E-7 5.16968E-8 1.75186E-8 1.23616E-8 2.7324E-8 8.06612E-8 2.44391E-7 8.50586E-7 1.31437E-6 2.7087E-6 5.63024E-6 7.65117E-6 9.28242E-6 2.40145E-5 1.09719E-4 8.09008E-4 4.79645E-3 2.57558E-3 4.25175E-4 1.29061E-4 1.90735E-4 2.13602E-4 2.24965E-4 1.07203E-4 1.21442E-4 3.92935E-4 6.98952E-4 7.60976E-4 7.28057E-4 6.18341E-4 6.03839E-4 5.20332E-4 3.77857E-4 2.66399E-4 1.65369E-4 -9999 -9999 -9999 -9999 -9999 -9999 -9999 -9999 -9999 -9999 -9999 -9999 -9999 -9999 -9999 -9999 -9999
2.42663E-2 2.73134E-2 2.2737E-2 1.66108E-2 1.01427E-2 3.27639E-3 2.54731E-3 3.37101E-3 5.64697E-3 7.80105E-3 2.60861E-3 4.17625E-5 2.33128E-6 4.90161E-7 8.26602E-8 2.49173E-8 1.81209E-8 4.3497E-8 1.48252E-7 4.68014E-7 1.1805E-6 2.91751E-6 5.76265E-6 8.50659E-6 7.67116E-6 8.79166E-6 1.38316E-5 1.50514E-5 8.41794E-5 1.09283E-3 1.87055E-4 2.1149E-5 8.33609E-5 6.60117E-5 3.14253E-4 3.57753E-4 2.61743E-4 3.06493E-4 3.92052E-4 7.28962E-4 1.26981E-3 1.29175E-3 1.37693E-3 1.23772E-3 1.02725E-3 -9999 -9999 -9999 -9999 -9999 -9999 -9999 -9999 -9999 -9999 -9999 -9999 -9999 -9999 -9999 -9999 -9999 -9999 -9999 -9999
2.61309E-2 3.03944E-2 3.00799E-2 2.43104E-2 1.21651E-2 4.40005E-3 4.05358E-3 1.085E-2 3.17746E-2 2.05721E-2 7.60034E-3 3.78876E-4 2.05681E-5 1.84539E-6 1.48159E-7 2.99809E-8 1.85302E-8 5.43729E-8 2.19346E-7 6.21026E-7 1.96406E-6 5.12133E-6 6.7681E-6 8.66491E-6 9.66284E-6 8.0213E-6 8.47219E-6 8.9831E-6 1.24613E-5 1.11132E-4 1.81186E-5 6.75918E-6 6.044E-5 1.75697E-4 1.63235E-4 3.79653E-4 3.99066E-4 3.10292E-4 4.4198E-4 1.16271E-3 1.81668E-3 2.03309E-3 2.25326E-3 -9999 -9999 -9999 -9999 -9999 -9999 -9999 -9999 -9999 -9999 -9999 -9999 -9999 -9999 -9999 -9999 -9999 -9999 -9999 -9999 -9999 -9999
3.30907E-2 3.94442E-2 4.7094E-2 4.18045E-2 3.11479E-2 1.83002E-2 1.61995E-2 1.40474E-2 3.14798E-2 2.86446E-2 8.68384E-3 1.01666E-3 7.71795E-5 4.62142E-6 2.47685E-7 2.64433E-8 1.80211E-8 4.88107E-8 3.49012E-7 9.93226E-7 2.42713E-6 7.01795E-6 7.72199E-6 7.93691E-6 7.51267E-6 5.57528E-6 4.71602E-6 3.89616E-6 4.61113E-6 5.05708E-6 2.64041E-6 3.9143E-6 2.89282E-5 1.64639E-4 1.3479E-4 4.163E-4 5.8387E-4 4.36738E-4 4.34316E-4 1.73208E-3 2.41712E-3 2.82166E-3 3.11458E-3 -9999 -9999 -9999 -9999 -9999 -9999 -9999 -9999 -9999 -9999 -9999 -9999 -9999 -9999 -9999 -9999 -9999 -9999 -9999 -9999 -9999 -9999
4.33215E-2 4.96584E-2 6.13861E-2 7.92304E-2 7.27952E-2 6.76067E-2 7.82796E-2 6.94165E-2 3.08733E-2 2.28582E-2 8.5261E-3 1.6962E-3 2.00908E-4 1.26111E-5 5.1924E-7 4.7436E-8 2.35968E-8 7.3501E-8 3.49692E-7 1.79372E-6 7.69479E-6 1.14371E-5 5.07262E-6 4.39836E-6 4.68658E-6 3.15639E-6 2.23857E-6 1.38527E-6 1.23947E-6 7.44362E-7 7.99094E-7 2.53492E-6 1.84717E-5 1.15603E-4 1.19962E-4 3.95938E-4 5.98241E-4 4.79755E-4 4.03571E-4 1.93575E-3 4.02738E-3 3.82841E-3 -9999 -9999 -9999 -9999 -9999 -9999 -9999 -9999 -9999 -9999 -9999 -9999 -9999 -9999 -9999 -9999 -9999 -9999 -9999 -9999 -9999 -9999 -9999
3.41893E-2 3.38104E-2 6.42404E-2 1.02672E-1 1.22886E-1 1.5041E-1 1.50228E-1 1.33217E-1 7.50812E-2 2.48404E-2 1.09773E-2 3.07156E-3 7.796E-4 9.17629E-5 2.07887E-6 1.97105E-7 1.80413E-7 2.69287E-7 6.92673E-7 3.65827E-6 1.31256E-5 1.64893E-5 5.45128E-6 2.52058E-6 2.32023E-6 1.49092E-6 9.58144E-7 6.40388E-7 2.88512E-7 9.2524E-8 4.36393E-7 5.90571E-6 6.69447E-5 1.21788E-4 1.7692E-4 3.30636E-4 7.35321E-4 1.41584E-3 2.09614E-3 4.50663E-3 7.27181E-3 5.32275E-3 -9999 -9999 -9999 -9999 -9999 -9999 -9999 -9999 -9999 -9999 -9999 -9999 -9999 -9999 -9999 -9999 -9999 -9999 -9999 -9999 -9999 -9999 -9999
1.53691E-2 1.15616E-2 1.86389E-2 9.94691E-2 1.54284E-1 2.01051E-1 2.07282E-1 1.60282E-1 8.01724E-2 2.85438E-2 2.89996E-2 1.52639E-2 5.011E-3 1.65833E-3 2.15314E-4 2.04341E-5 4.14599E-6 1.7593E-6 2.1838E-6 4.99484E-6 7.76622E-6 9.49827E-6 4.39952E-6 2.51049E-6 1.31437E-6 8.94914E-7 6.54955E-7 5.22083E-7 1.01723E-7 9.7528E-8 8.47173E-7 8.3512E-6 3.31138E-4 3.19124E-4 3.09462E-4 4.60263E-4 1.34797E-3 3.50921E-3 8.33776E-3 1.60547E-2 1.29444E-2 -9999 -9999 -9999 -9999 -9999 -9999 -9999 -9999 -9999 -9999 -9999 -9999 -9999 -9999 -9999 -9999 -9999 -9999 -9999 -9999 -9999 -9999 -9999 -9999
4.3074E-3 7.40787E-3 2.06552E-2 7.79398E-2 1.39041E-1 2.29843E-1 2.44045E-1 1.8922E-1 1.0844E-1 6.74499E-2 5.95965E-2 5.23661E-2 3.1048E-2 2.52455E-2 1.78672E-2 5.12955E-3 2.6891E-4 1.87893E-5 4.99038E-6 6.86492E-6 7.59348E-6 6.86714E-6 3.73534E-6 1.19961E-6 4.03154E-7 4.95473E-7 1.13851E-6 9.43873E-7 8.93064E-7 1.84208E-6 5.68231E-6 1.75921E-4 2.41541E-3 2.51501E-3 1.13424E-3 1.07989E-3 2.99239E-3 6.43313E-3 1.44349E-2 2.05995E-2 -9999 -9999 -9999 -9999 -9999 -9999 -9999 -9999 -9999 -9999 -9999 -9999 -9999 -9999 -9999 -9999 -9999 -9999 -9999 -9999 -9999 -9999 -9999 -9999 -9999
2.10812E-3 6.945E-3 2.91143E-2 8.08329E-2 1.65736E-1 3.13766E-1 3.28987E-1 2.49758E-1 1.63612E-1 1.20446E-1 8.6432E-2 6.56388E-2 6.22755E-2 1.2334E-1 1.95226E-1 1.90953E-1 6.00296E-3 8.81258E-5 9.34774E-6 6.48032E-6 6.69968E-6 5.66617E-6 3.08356E-6 6.09915E-7 9.66794E-8 2.40631E-7 1.81359E-6 4.67783E-6 1.03716E-5 1.82434E-5 3.96693E-5 5.77181E-4 6.32445E-3 9.43612E-3 6.77343E-3 9.8921E-3 1.51068E-2 1.58247E-2 1.84357E-2 -9999 -9999 -9999 -9999 -9999 -9999 -9999 -9999 -9999 -9999 -9999 -9999 -9999 -9999 -9999 -9999 -9999 -9999 -9999 -9999 -9999 -9999 -9999 -9999 -9999 -9999
1.51995E-3 8.82185E-3 3.59802E-2 8.18754E-2 1.78975E-1 3.45969E-1 3.70031E-1 3.08078E-1 2.31664E-1 1.80886E-1 9.47405E-2 4.96606E-2 6.48985E-2 1.91699E-1 3.40638E-1 2.86773E-1 5.12836E-3 1.48143E-4 2.0582E-5 1.07263E-5 9.06192E-6 5.6442E-6 2.88568E-6 6.88728E-7 1.72775E-7 6.38907E-7 6.99255E-6 2.62371E-5 4.5568E-5 7.70529E-5 1.22846E-4 1.2017E-3 1.03674E-2 1.79942E-2 2.08252E-2 3.69109E-2 6.16422E-2 3.5257E-2 -9999 -9999 -9999 -9999 -9999 -9999 -9999 -9999 -9999 -9999 -9999 -9999 -9999 -9999 -9999 -9999 -9999 -9999 -9999 -9999 -9999 -9999 -9999 -9999 -9999 -9999 -9999
7.6643E-3 2.15041E-2 2.53261E-2 5.56965E-2 1.6774E-1 3.17116E-1 3.46653E-1 2.97821E-1 2.21248E-1 1.82362E-1 1.04598E-1 3.68935E-2 2.91637E-2 9.9435E-2 1.26429E-1 9.34653E-2 1.00344E-2 4.98677E-4 8.32057E-5 3.56606E-5 1.60494E-5 8.36898E-6 4.76823E-6 2.37905E-6 4.14709E-6 8.50086E-6 4.14111E-5 1.01288E-4 1.10117E-4 2.15033E-4 5.47171E-4 2.71027E-3 1.47539E-2 2.24222E-2 2.90193E-2 4.32315E-2 6.37588E-2 -9999 -9999 -9999 -9999 -9999 -9999 -9999 -9999 -9999 -9999 -9999 -9999 -9999 -9999 -9999 -9999 -9999 -9999 -9999 -9999 -9999 -9999 -9999 -9999 -9999 -9999 -9999 -9999
7.45276E-2 7.09779E-2 4.98011E-2 8.16131E-2 1.53411E-1 1.48648E-1 2.16181E-1 2.7077E-1 1.9672E-1 1.46778E-1 9.24225E-2 2.87452E-2 1.26628E-2 2.67993E-2 3.90211E-2 3.83473E-2 1.16721E-2 2.04809E-3 3.44724E-4 1.23647E-4 4.84996E-5 2.00379E-5 1.33458E-5 1.53959E-5 3.46595E-5 7.23044E-5 1.82026E-4 3.76587E-4 2.83148E-4 3.84508E-4 7.39592E-4 4.26485E-3 2.34654E-2 6.04539E-2 4.21708E-2 -9999 -9999 -9999 -9999 -9999 -9999 -9999 -9999 -9999 -9999 -9999 -9999 -9999 -9999 -9999 -9999 -9999 -9999 -9999 -9999 -9999 -9999 -9999 -9999 -9999 -9999 -9999 -9999 -9999 -9999
1.26964E-1 1.43261E-1 1.61322E-1 2.0292E-1 2.56564E-1 2.61001E-1 3.23453E-1 3.95823E-1 3.46756E-1 1.91374E-1 1.16412E-1 4.48339E-2 2.07912E-2 2.04083E-2 1.87479E-2 2.21673E-2 1.75829E-2 8.52544E-3 2.45262E-3 6.98841E-4 1.65041E-4 5.99309E-5 5.13625E-5 7.91565E-5 1.06834E-4 1.48967E-4 2.93319E-4 2.61743E-4 4.51353E-4 1.73451E-3 7.03448E-3 1.80594E-2 4.32315E-2 6.93243E-2 -9999 -9999 -9999 -9999 -9999 -9999 -9999 -9999 -9999 -9999 -9999 -9999 -9999 -9999 -9999 -9999 -9999 -9999 -9999 -9999 -9999 -9999 -9999 -9999 -9999 -9999 -9999 -9999 -9999 -9999 -9999
1.31894E-1 1.64399E-1 2.25858E-1 3.12679E-1 3.86243E-1 4.20391E-1 4.83896E-1 5.34081E-1 5.13332E-1 3.81182E-1 2.19987E-1 1.0691E-1 5.10741E-2 3.06116E-2 1.94522E-2 2.22129E-2 3.1048E-2 2.77966E-2 2.14404E-2 2.78387E-3 4.65741E-4 1.64266E-4 1.36203E-4 1.66098E-4 2.01246E-4 2.38446E-4 2.30254E-4 5.24769E-4 3.10763E-3 1.29187E-2 5.17546E-2 5.71658E-2 5.72428E-2 -9999 -9999 -9999 -9999 -9999 -9999 -9999 -9999 -9999 -9999 -9999 -9999 -9999 -9999 -9999 -9999 -9999 -9999 -9999 -9999 -9999 -9999 -9999 -9999 -9999 -9999 -9999 -9999 -9999 -9999 -9999 -9999
1.37883E-1 2.23436E-1 2.73454E-1 4.03882E-1 4.88615E-1 4.9995E-1 4.95918E-1 5.83508E-1 6.16368E-1 5.28013E-1 3.35811E-1 1.96453E-1 1.22828E-1 6.1815E-2 3.14666E-2 2.6986E-2 3.36144E-2 2.48845E-2 1.11057E-2 2.65435E-3 5.44169E-4 3.08866E-4 3.06936E-4 4.64678E-4 6.91904E-4 9.27566E-4 1.21822E-3 3.70064E-3 1.34866E-2 3.68189E-2 7.03571E-2 7.92664E-2 -9999 -9999 -9999 -9999 -9999 -9999 -9999 -9999 -9999 -9999 -9999 -9999 -9999 -9999 -9999 -9999 -9999 -9999 -9999 -9999 -9999 -9999 -9999 -9999 -9999 -9999 -9999 -9999 -9999 -9999 -9999 -9999 -9999
1.44023E-1 4.58502E-1 4.73674E-1 5.06386E-1 5.71181E-1 5.64208E-1 4.70897E-1 5.87454E-1 6.30702E-1 5.49644E-1 3.68735E-1 2.60668E-1 2.31673E-1 1.22083E-1 4.19367E-2 3.08853E-2 2.29389E-2 1.81757E-2 6.30321E-3 1.91068E-3 3.52187E-4 2.48206E-4 5.20082E-4 2.26905E-3 2.8865E-3 3.82449E-3 6.68395E-3 1.66977E-2 2.61359E-2 3.68935E-2 -9999 -9999 -9999 -9999 -9999 -9999 -9999 -9999 -9999 -9999 -9999 -9999 -9999 -9999 -9999 -9999 -9999 -9999 -9999 -9999 -9999 -9999 -9999 -9999 -9999 -9999 -9999 -9999 -9999 -9999 -9999 -9999 -9999 -9999 -9999
2.12404E-1 4.49674E-1 5.1317E-1 5.42797E-1 5.88826E-1 5.96686E-1 5.7365E-1 5.77684E-1 5.46572E-1 4.7467E-1 3.4126E-1 3.01778E-1 2.77672E-1 1.50006E-1 5.10601E-2 3.97722E-2 2.99299E-2 3.41656E-2 2.6559E-2 5.86424E-3 1.52802E-3 6.54189E-4 7.81482E-4 5.86772E-3 6.82021E-3 9.16683E-3 2.53049E-2 2.96865E-2 -9999 -9999 -9999 -9999 -9999 -9999 -9999 -9999 -9999 -9999 -9999 -9999 -9999 -9999 -9999 -9999 -9999 -9999 -9999 -9999 -9999 -9999 -9999 -9999 -9999 -9999 -9999 -9999 -9999 -9999 -9999 -9999 -9999 -9999 -9999 -9999 -9999
2.71599E-1 3.78899E-1 4.94917E-1 5.57795E-1 5.98074E-1 6.17979E-1 6.19637E-1 6.00259E-1 5.46791E-1 4.97629E-1 4.49749E-1 3.99036E-1 3.42188E-1 2.02058E-1 9.0675E-2 7.81304E-2 5.16211E-2 5.72302E-2 7.22521E-2 3.01582E-2 1.13864E-2 6.69741E-3 6.45011E-3 1.02253E-2 1.06006E-2 6.69741E-3 9.86361E-3 3.36413E-2 -9999 -9999 -9999 -9999 -9999 -9999 -9999 -9999 -9999 -9999 -9999 -9999 -9999 -9999 -9999 -9999 -9999 -9999 -9999 -9999 -9999 -9999 -9999 -9999 -9999 -9999 -9999 -9999 -9999 -9999 -9999 -9999 -9999 -9999 -9999 -9999 -9999
3.0291E-1 3.48759E-1 4.91217E-1 5.73102E-1 6.11208E-1 6.32368E-1 6.51287E-1 6.36455E-1 6.03326E-1 5.65675E-1 5.29734E-1 4.85374E-1 4.44171E-1 3.85117E-1 2.44713E-1 1.10758E-1 5.62216E-2 4.74337E-2 5.95965E-2 7.00861E-2 5.0268E-2 2.73567E-2 1.91121E-2 5.64847E-3 4.66006E-3 3.83221E-3 1.91291E-2 2.6559E-2 -9999 -9999 -9999 -9999 -9999 -9999 -9999 -9999 -9999 -9999 -9999 -9999 -9999 -9999 -9999 -9999 -9999 -9999 -9999 -9999 -9999 -9999 -9999 -9999 -9999 -9999 -9999 -9999 -9999 -9999 -9999 -9999 -9999 -9999 -9999 -9999 -9999
4.12015E-1 4.35136E-1 5.26889E-1 5.92812E-1 6.08286E-1 6.25928E-1 6.48867E-1 6.47784E-1 6.28173E-1 6.04812E-1 5.73375E-1 5.28228E-1 4.8538E-1 4.58961E-1 3.89283E-1 1.62337E-1 4.7017E-2 2.75474E-2 4.65048E-2 1.13227E-1 1.2308E-1 3.5751E-2 1.97786E-2 3.01773E-3 1.26164E-3 1.80781E-3 6.95381E-3 -9999 -9999 -9999 -9999 -9999 -9999 -9999 -9999 -9999 -9999 -9999 -9999 -9999 -9999 -9999 -9999 -9999 -9999 -9999 -9999 -9999 -9999 -9999 -9999 -9999 -9999 -9999 -9999 -9999 -9999 -9999 -9999 -9999 -9999 -9999 -9999 -9999 -9999
5.135E-1 5.3815E-1 5.60605E-1 5.89061E-1 6.04761E-1 5.93279E-1 6.0255E-1 6.31861E-1 6.33647E-1 6.18995E-1 5.83074E-1 5.28303E-1 4.65246E-1 3.63419E-1 2.46834E-1 1.82994E-1 6.84111E-2 1.59618E-2 2.39202E-2 5.55554E-2 8.56407E-2 4.41768E-2 1.56016E-2 2.09091E-3 1.3452E-3 1.62785E-3 -9999 -9999 -9999 -9999 -9999 -9999 -9999 -9999 -9999 -9999 -9999 -9999 -9999 -9999 -9999 -9999 -9999 -9999 -9999 -9999 -9999 -9999 -9999 -9999 -9999 -9999 -9999 -9999 -9999 -9999 -9999 -9999 -9999 -9999 -9999 -9999 -9999 -9999 -9999
5.69736E-1 5.59326E-1 5.45158E-1 5.48247E-1 5.49983E-1 5.08666E-1 5.76377E-1 6.2542E-1 6.30896E-1 6.11773E-1 5.7159E-1 5.00075E-1 4.28888E-1 3.35801E-1 2.45666E-1 2.03909E-1 1.08155E-1 1.99574E-2 2.39924E-2 2.87387E-2 2.96865E-2 3.31239E-2 -9999 1.13294E-3 -9999 -9999 -9999 -9999 -9999 -9999 -9999 -9999 -9999 -9999 -9999 -9999 -9999 -9999 -9999 -9999 -9999 -9999 -9999 -9999 -9999 -9999 -9999 -9999 -9999 -9999 -9999 -9999 -9999 -9999 -9999 -9999 -9999 -9999 -9999 -9999 -9999 -9999 -9999 -9999 -9999
