KUENM/Final_Models/M_0.1_F_lq_Set_2_E/sp1_se_asia_max.asc
ncols         320
nrows         243
xllcorner     44.0
yllcorner     -0.666666666666667
cellsize      0.166666666666667
NODATA_value  -9999
[rows 93 to 123 of 243, columns 140 to 209 of 320]
2.98048E-1 3.08849E-1 3.21681E-1 3.32352E-1 3.4712E-1 3.63854E-1 3.84684E-1 4.01055E-1 4.05144E-1 4.11018E-1 4.15079E-1 4.19121E-1 4.23144E-1 4.30782E-1 4.38712E-1 4.53842E-1 4.67204E-1 4.90633E-1 5.19582E-1 5.51462E-1 5.8414E-1 5.987E-1 6.23042E-1 6.43871E-1 6.6419E-1 6.77501E-1 6.81822E-1 6.86818E-1 6.88116E-1 6.80065E-1 6.65398E-1 6.08387E-1 4.602E-1 4.5041E-1 5.15541E-1 4.10752E-1 3.81185E-1 5.21928E-1 6.5352E-1 6.58828E-1 6.52521E-1 6.00647E-1 5.72108E-1 5.0934E-1 4.49616E-1 4.26657E-1 4.54199E-1 4.82606E-1 5.18053E-1 5.30234E-1 5.37631E-1 4.97127E-1 4.32859E-1 4.01132E-1 4.16854E-1 4.14104E-1 3.49559E-1 2.92825E-1 3.17899E-1 3.47466E-1 3.62153E-1 3.75398E-1 3.71398E-1 3.44387E-1 2.64957E-1 1.43001E-1 8.17906E-2 5.44639E-2 5.19827E-2 5.98723E-2
3.05664E-1 3.2079E-1 3.31725E-1 3.48821E-1 3.67868E-1 3.92853E-1 4.19149E-1 4.42979E-1 4.65963E-1 4.73389E-1 4.71543E-1 4.65942E-1 4.65942E-1 4.67608E-1 4.61942E-1 4.65315E-1 4.78397E-1 4.99546E-1 5.31119E-1 5.64702E-1 5.9125E-1 6.17752E-1 6.39482E-1 6.60158E-1 6.76705E-1 6.88444E-1 6.8975E-1 6.90361E-1 6.89075E-1 6.82257E-1 6.68834E-1 6.34493E-1 5.44066E-1 5.13358E-1 5.0931E-1 4.1106E-1 5.19549E-1 6.24332E-1 6.57449E-1 6.70829E-1 6.63283E-1 6.41781E-1 6.29444E-1 5.51839E-1 4.26657E-1 4.15611E-1 4.51169E-1 4.76279E-1 5.14973E-1 5.48388E-1 5.26623E-1 4.67013E-1 4.36045E-1 4.3149E-1 4.3844E-1 4.24253E-1 3.19725E-1 2.89606E-1 3.33039E-1 4.07225E-1 4.34496E-1 4.03052E-1 3.56034E-1 2.78633E-1 1.93181E-1 9.46738E-2 5.81735E-2 4.2626E-2 4.65062E-2 4.11228E-2
-9999 3.37367E-1 3.51842E-1 3.73136E-1 3.92128E-1 4.22739E-1 4.56066E-1 4.90703E-1 5.20043E-1 5.30138E-1 5.20455E-1 5.08954E-1 4.9685E-1 4.91439E-1 4.86116E-1 4.67648E-1 4.76549E-1 5.15498E-1 5.4885E-1 5.8127E-1 6.12959E-1 6.34213E-1 6.55928E-1 6.70805E-1 6.83745E-1 6.91295E-1 6.92673E-1 6.92877E-1 6.88963E-1 6.85947E-1 6.80065E-1 6.61439E-1 5.98119E-1 5.11852E-1 4.72605E-1 4.7591E-1 5.30234E-1 6.19522E-1 6.6089E-1 6.77569E-1 6.77362E-1 6.67662E-1 6.22503E-1 5.29493E-1 4.30335E-1 4.18337E-1 4.46362E-1 4.7398E-1 5.12404E-1 5.27458E-1 4.52687E-1 4.18255E-1 4.34758E-1 4.44213E-1 4.33095E-1 4.07467E-1 3.23241E-1 2.83924E-1 3.19036E-1 4.10614E-1 4.40258E-1 3.83134E-1 2.48226E-1 1.30937E-1 8.98125E-2 5.20132E-2 3.41845E-2 3.29739E-2 3.57331E-2 4.00961E-2
-9999 -9999 -9999 -9999 4.24126E-1 4.5107E-1 4.8298E-1 -9999 5.63386E-1 5.70176E-1 5.62452E-1 5.44103E-1 5.12342E-1 4.75246E-1 4.40993E-1 4.32773E-1 4.69087E-1 5.20148E-1 5.56338E-1 5.96593E-1 6.26578E-1 6.46569E-1 6.64821E-1 6.77029E-1 6.84739E-1 6.88444E-1 6.91116E-1 6.92846E-1 6.84317E-1 6.81512E-1 6.75904E-1 6.66656E-1 6.29028E-1 5.39621E-1 4.87051E-1 5.27506E-1 5.43508E-1 5.70608E-1 6.40096E-1 6.67386E-1 6.67984E-1 6.32775E-1 5.34296E-1 5.01245E-1 4.10505E-1 4.07605E-1 4.61287E-1 4.96495E-1 4.91707E-1 4.91007E-1 4.51683E-1 4.38145E-1 4.43994E-1 4.25854E-1 3.9687E-1 3.46958E-1 2.98342E-1 2.51312E-1 2.5112E-1 3.54809E-1 4.03022E-1 3.11484E-1 1.6151E-1 7.21588E-2 4.7748E-2 3.07649E-2 2.20317E-2 2.2969E-2 2.53342E-2 3.52735E-2
-9999 -9999 -9999 -9999 -9999 -9999 5.12774E-1 5.49684E-1 5.70353E-1 5.83832E-1 5.89633E-1 5.82435E-1 5.34868E-1 4.46842E-1 3.54244E-1 3.96209E-1 4.76549E-1 5.36719E-1 5.8659E-1 6.22928E-1 6.46216E-1 6.61721E-1 6.72458E-1 6.81246E-1 6.87378E-1 6.90527E-1 6.92094E-1 6.93497E-1 6.85898E-1 6.73845E-1 6.70664E-1 6.61523E-1 6.41449E-1 5.9447E-1 5.43149E-1 5.43149E-1 5.55179E-1 5.86813E-1 6.37918E-1 6.5943E-1 6.48991E-1 5.54948E-1 3.74384E-1 3.8583E-1 3.56536E-1 3.65207E-1 4.57911E-1 4.73403E-1 4.57911E-1 4.58707E-1 4.41237E-1 4.52687E-1 4.21869E-1 3.67811E-1 3.30477E-1 3.05937E-1 2.60885E-1 1.89592E-1 1.85635E-1 2.70154E-1 3.44029E-1 2.15625E-1 8.79187E-2 4.48773E-2 2.92673E-2 1.94148E-2 1.5043E-2 1.44016E-2 1.97574E-2 3.12807E-2
-9999 -9999 -9999 -9999 -9999 -9999 -9999 5.56677E-1 5.81323E-1 5.96837E-1 6.06906E-1 6.08267E-1 5.76609E-1 5.04505E-1 4.52712E-1 4.73389E-1 5.22342E-1 5.7614E-1 6.18593E-1 6.42929E-1 6.59225E-1 6.69425E-1 6.77966E-1 6.85093E-1 6.90069E-1 6.92858E-1 6.93611E-1 6.92067E-1 6.79305E-1 6.69215E-1 6.54329E-1 6.45361E-1 6.45E-1 6.30397E-1 5.91995E-1 5.7811E-1 5.78296E-1 5.79247E-1 5.97095E-1 6.26742E-1 6.33481E-1 5.45698E-1 3.92635E-1 3.71803E-1 3.26637E-1 3.31427E-1 3.84808E-1 4.09547E-1 4.30335E-1 4.41237E-1 4.32525E-1 4.32525E-1 3.73038E-1 2.82072E-1 2.50608E-1 2.52293E-1 2.16075E-1 1.26477E-1 9.27074E-2 1.29431E-1 1.71753E-1 1.15384E-1 6.02653E-2 3.4943E-2 2.52899E-2 1.76415E-2 1.54965E-2 1.29762E-2 1.81519E-2 2.59887E-2
-9999 -9999 -9999 -9999 -9999 -9999 -9999 -9999 5.83739E-1 5.98989E-1 6.14789E-1 6.07165E-1 5.90913E-1 5.71604E-1 5.7003E-1 5.67543E-1 5.77294E-1 6.08722E-1 6.3391E-1 6.5143E-1 6.64269E-1 6.75569E-1 6.83745E-1 6.88535E-1 6.92718E-1 6.94128E-1 6.9428E-1 6.91082E-1 6.72144E-1 6.62626E-1 6.35475E-1 6.18396E-1 6.40327E-1 6.26907E-1 5.82947E-1 5.61094E-1 5.7593E-1 5.72929E-1 5.26719E-1 4.97773E-1 5.49581E-1 5.04718E-1 3.267E-1 3.23142E-1 3.66095E-1 3.61423E-1 3.5815E-1 3.79749E-1 4.35632E-1 4.4332E-1 4.34422E-1 4.01134E-1 3.11806E-1 2.06076E-1 1.96631E-1 2.12218E-1 1.77178E-1 7.9151E-2 2.45387E-2 4.54789E-2 6.88172E-2 6.34592E-2 4.2626E-2 2.95589E-2 1.99092E-2 2.27016E-2 4.23709E-2 3.88254E-2 3.35992E-2 3.60099E-2
-9999 -9999 -9999 -9999 -9999 -9999 -9999 -9999 -9999 6.00053E-1 6.11065E-1 6.10939E-1 6.07289E-1 5.98601E-1 5.95869E-1 5.91931E-1 5.97037E-1 6.17819E-1 -9999 6.57199E-1 6.74282E-1 6.83663E-1 6.88412E-1 6.90509E-1 6.93273E-1 6.93547E-1 6.91794E-1 6.92229E-1 6.71261E-1 6.59014E-1 6.40643E-1 6.10275E-1 6.12952E-1 5.94659E-1 5.47161E-1 5.15043E-1 5.28134E-1 5.01555E-1 4.40362E-1 4.25382E-1 4.60634E-1 4.3863E-1 3.70369E-1 3.85936E-1 3.96762E-1 3.97185E-1 3.97301E-1 4.07605E-1 4.59967E-1 4.52598E-1 3.91697E-1 3.109E-1 2.06269E-1 1.3552E-1 1.52379E-1 1.93891E-1 1.86376E-1 1.01338E-1 3.48606E-2 2.82286E-2 3.6667E-2 3.55461E-2 2.01924E-2 1.96045E-2 1.69632E-2 2.15189E-2 3.7072E-2 4.94055E-2 5.89648E-2 6.40089E-2
-9999 -9999 -9999 -9999 -9999 -9999 -9999 -9999 -9999 -9999 -9999 6.14082E-1 6.15966E-1 6.13079E-1 6.1077E-1 6.07216E-1 -9999 -9999 6.46216E-1 6.66134E-1 6.83569E-1 6.89251E-1 6.90504E-1 6.90504E-1 6.90669E-1 6.91612E-1 6.91943E-1 6.905E-1 6.70399E-1 6.31237E-1 6.35522E-1 6.25127E-1 5.69341E-1 5.39785E-1 5.57223E-1 5.3332E-1 5.07011E-1 4.60207E-1 4.07856E-1 4.20507E-1 4.68131E-1 5.15921E-1 5.22446E-1 5.14611E-1 4.56543E-1 4.06291E-1 4.07921E-1 4.1582E-1 4.64172E-1 4.46311E-1 3.52215E-1 2.58178E-1 1.63269E-1 1.23417E-1 1.33043E-1 1.58767E-1 1.68751E-1 1.26974E-1 7.68946E-2 4.93252E-2 3.55461E-2 1.88713E-2 1.2124E-2 1.36069E-2 1.12927E-2 1.29792E-2 2.34775E-2 4.36298E-2 7.0975E-2 8.25304E-2
-9999 -9999 -9999 -9999 -9999 -9999 -9999 -9999 -9999 -9999 -9999 -9999 -9999 -9999 -9999 -9999 -9999 -9999 6.55037E-1 6.68744E-1 6.86074E-1 6.89433E-1 6.87785E-1 6.88065E-1 6.88006E-1 6.87675E-1 6.91818E-1 6.86691E-1 6.6905E-1 6.15407E-1 6.30498E-1 6.04975E-1 4.97575E-1 4.41158E-1 5.46552E-1 5.55707E-1 4.92987E-1 4.16335E-1 3.23043E-1 3.32628E-1 4.46338E-1 5.38792E-1 5.60304E-1 5.61374E-1 4.81967E-1 4.2037E-1 3.99825E-1 3.95047E-1 4.2201E-1 4.08643E-1 3.20151E-1 2.42514E-1 1.85159E-1 1.36527E-1 1.41626E-1 1.81935E-1 2.18571E-1 1.87007E-1 1.33368E-1 1.03353E-1 6.76483E-2 3.69564E-2 2.44747E-2 1.41944E-2 7.44137E-3 6.2175E-3 1.3475E-2 2.64512E-2 4.19759E-2 4.95318E-2
-9999 -9999 -9999 -9999 -9999 -9999 -9999 -9999 -9999 -9999 -9999 -9999 -9999 -9999 -9999 -9999 -9999 6.69032E-1 6.73084E-1 6.72445E-1 6.86489E-1 6.8064E-1 6.81709E-1 6.82317E-1 6.86516E-1 6.88723E-1 6.91878E-1 6.84289E-1 6.7107E-1 6.6095E-1 6.51722E-1 6.03038E-1 4.85653E-1 4.32158E-1 5.16042E-1 5.15384E-1 4.36811E-1 3.21045E-1 2.11585E-1 2.23617E-1 3.46958E-1 4.53473E-1 5.17053E-1 5.3563E-1 5.0514E-1 4.51109E-1 4.11037E-1 3.85189E-1 3.60349E-1 3.3514E-1 2.76339E-1 2.37779E-1 2.74269E-1 2.73489E-1 2.4944E-1 2.65372E-1 2.27012E-1 1.79991E-1 1.26084E-1 8.64968E-2 5.34961E-2 3.66737E-2 2.21319E-2 1.47299E-2 5.88359E-3 2.55368E-3 1.67584E-3 1.37132E-2 2.90098E-2 1.14728E-2
-9999 -9999 -9999 -9999 -9999 -9999 -9999 -9999 -9999 -9999 -9999 -9999 -9999 -9999 6.6458E-1 6.67099E-1 6.67721E-1 6.72973E-1 6.77519E-1 6.82702E-1 6.71423E-1 6.68949E-1 6.65962E-1 6.69636E-1 6.81605E-1 6.88116E-1 6.90661E-1 6.84624E-1 6.72461E-1 6.71427E-1 6.65025E-1 6.27472E-1 5.46112E-1 4.98477E-1 4.71764E-1 4.38375E-1 3.28049E-1 1.84645E-1 1.17628E-1 1.38848E-1 2.46974E-1 4.09434E-1 5.08997E-1 5.5431E-1 5.71576E-1 5.6299E-1 5.44671E-1 4.95569E-1 3.90062E-1 3.28455E-1 2.65216E-1 4.12255E-1 4.66693E-1 4.41375E-1 3.75431E-1 2.81212E-1 2.08863E-1 1.37037E-1 9.02881E-2 5.15821E-2 3.09033E-2 2.30469E-2 2.77328E-2 3.75803E-2 1.68478E-2 2.04544E-3 2.10846E-6 3.98038E-3 6.14657E-4 1.82427E-3
-9999 -9999 -9999 -9999 -9999 -9999 -9999 -9999 -9999 -9999 6.0556E-1 6.14461E-1 6.29457E-1 6.56847E-1 6.60942E-1 6.60883E-1 6.58154E-1 6.64327E-1 6.7315E-1 6.73299E-1 6.63976E-1 6.58443E-1 6.56755E-1 6.58845E-1 6.76824E-1 6.846E-1 6.86162E-1 6.87865E-1 6.86383E-1 -9999 6.71352E-1 -9999 5.83021E-1 -9999 2.84677E-1 2.77824E-1 2.21175E-1 1.23908E-1 9.96157E-2 1.11841E-1 2.14151E-1 3.89238E-1 5.13174E-1 5.76428E-1 6.11177E-1 6.15535E-1 6.01004E-1 6.10261E-1 5.74356E-1 5.39878E-1 5.31514E-1 5.38704E-1 5.19039E-1 4.82394E-1 4.11555E-1 3.08071E-1 1.79333E-1 6.83674E-2 3.48356E-2 2.22511E-2 2.13203E-2 2.73645E-2 4.0134E-2 1.12176E-1 6.16921E-2 3.46286E-3 2.38703E-4 2.95E-5 8.4216E-4 1.63849E-2
-9999 -9999 -9999 -9999 -9999 -9999 -9999 -9999 -9999 -9999 -9999 6.25237E-1 6.37639E-1 6.56663E-1 6.57251E-1 6.59507E-1 6.60513E-1 6.57891E-1 6.60427E-1 6.59981E-1 6.59067E-1 6.57485E-1 6.57703E-1 6.58189E-1 6.71345E-1 6.80423E-1 6.84513E-1 6.89527E-1 6.89913E-1 6.86383E-1 -9999 6.50002E-1 5.91843E-1 4.9174E-1 2.78842E-1 2.05209E-1 1.72424E-1 1.37467E-1 1.42574E-1 1.56786E-1 2.60385E-1 3.98858E-1 5.42224E-1 6.00972E-1 6.4133E-1 6.53631E-1 6.49048E-1 6.42163E-1 6.0962E-1 5.78384E-1 5.56195E-1 5.22761E-1 4.97833E-1 4.67783E-1 3.81888E-1 2.82874E-1 1.37543E-1 2.5893E-2 7.0056E-3 7.19156E-3 1.50188E-2 2.91683E-2 6.68867E-2 9.90589E-2 1.19952E-1 3.12426E-2 1.4259E-2 1.23303E-2 1.12372E-2 4.883E-2
-9999 -9999 -9999 -9999 -9999 -9999 -9999 -9999 -9999 -9999 -9999 -9999 6.57106E-1 6.58902E-1 6.59289E-1 6.53873E-1 6.52992E-1 6.554E-1 6.55427E-1 6.58845E-1 6.60761E-1 6.60938E-1 6.64138E-1 6.66371E-1 6.7649E-1 6.82984E-1 6.88704E-1 6.90861E-1 6.89069E-1 -9999 -9999 -9999 5.92831E-1 5.27019E-1 3.32765E-1 1.97197E-1 1.39859E-1 1.37467E-1 1.5145E-1 1.78514E-1 3.1237E-1 4.70807E-1 4.8849E-1 5.30602E-1 6.40027E-1 6.45764E-1 6.54188E-1 6.47652E-1 6.22503E-1 6.01692E-1 5.72603E-1 4.99944E-1 4.3863E-1 4.00959E-1 3.33235E-1 2.25449E-1 7.98133E-2 1.22635E-2 3.12002E-3 4.82977E-3 2.23404E-2 8.11318E-2 1.03549E-1 5.91282E-2 4.05067E-2 7.43642E-2 7.85167E-2 9.60427E-2 6.81905E-2 8.79563E-2
-9999 -9999 -9999 -9999 -9999 -9999 -9999 -9999 -9999 -9999 -9999 -9999 -9999 6.56278E-1 6.42976E-1 6.41964E-1 6.42308E-1 6.49029E-1 6.5138E-1 6.55068E-1 6.57408E-1 6.59477E-1 6.60618E-1 6.63936E-1 6.72758E-1 6.80374E-1 6.84437E-1 6.83982E-1 6.79658E-1 -9999 -9999 6.57104E-1 6.06213E-1 5.20008E-1 3.40526E-1 1.39996E-1 4.90941E-2 4.11332E-2 6.2054E-2 1.18774E-1 2.26411E-1 4.42806E-1 5.71153E-1 6.1722E-1 6.24751E-1 6.24751E-1 6.27906E-1 6.15484E-1 5.94757E-1 6.10614E-1 5.71458E-1 5.14057E-1 4.33955E-1 3.89299E-1 3.38496E-1 1.94387E-1 5.09331E-2 7.7791E-3 5.9547E-3 8.99011E-3 3.00633E-2 1.32571E-1 2.13749E-1 1.761E-1 1.78774E-1 2.02177E-1 1.82999E-1 1.99641E-1 1.97223E-1 1.78234E-1
-9999 -9999 -9999 -9999 -9999 -9999 -9999 -9999 -9999 -9999 -9999 -9999 -9999 -9999 6.45274E-1 6.37934E-1 6.33757E-1 6.17808E-1 5.85173E-1 6.07397E-1 6.48983E-1 6.56309E-1 6.62877E-1 6.63037E-1 6.66231E-1 6.68193E-1 6.68119E-1 6.6944E-1 6.63516E-1 6.67694E-1 -9999 -9999 -9999 4.55083E-1 2.12064E-1 5.34459E-2 1.37715E-2 1.22037E-2 3.75549E-2 1.59784E-1 3.96524E-1 5.84187E-1 6.51164E-1 6.65357E-1 6.58319E-1 6.3002E-1 6.11168E-1 5.76794E-1 5.19818E-1 5.45038E-1 4.79665E-1 4.31906E-1 3.87264E-1 3.83826E-1 3.31864E-1 2.08863E-1 8.45106E-2 2.5893E-2 8.44439E-3 1.13038E-3 1.06534E-3 1.9529E-2 1.77521E-1 3.32067E-1 2.96782E-1 3.07487E-1 2.97621E-1 2.48927E-1 2.20237E-1 2.27012E-1
-9999 -9999 -9999 -9999 -9999 -9999 -9999 -9999 -9999 -9999 -9999 -9999 -9999 -9999 -9999 6.29123E-1 6.13107E-1 5.80569E-1 5.23398E-1 5.75068E-1 6.42978E-1 6.59554E-1 6.54997E-1 6.60305E-1 6.64937E-1 6.6609E-1 6.61987E-1 6.65536E-1 6.59822E-1 -9999 -9999 -9999 4.82993E-1 2.60264E-1 4.91998E-2 4.93396E-3 1.3298E-3 2.27022E-3 2.18658E-2 1.50335E-1 4.50727E-1 6.41043E-1 6.69889E-1 6.72351E-1 6.70896E-1 6.51653E-1 6.27764E-1 6.02306E-1 5.69892E-1 4.67259E-1 3.60276E-1 4.47367E-1 4.28449E-1 4.66077E-1 4.40198E-1 3.56884E-1 2.11585E-1 6.07992E-2 9.10431E-3 3.60898E-4 1.7117E-3 8.20123E-2 3.49559E-1 4.1214E-1 4.33647E-1 3.66968E-1 3.10938E-1 2.67089E-1 2.3997E-1 2.62941E-1
-9999 -9999 -9999 -9999 -9999 -9999 -9999 -9999 -9999 -9999 -9999 -9999 -9999 -9999 -9999 -9999 5.96799E-1 5.68083E-1 5.67268E-1 5.97239E-1 6.41937E-1 6.60544E-1 6.60289E-1 6.57096E-1 6.55597E-1 6.55294E-1 6.52567E-1 6.5114E-1 6.39342E-1 -9999 -9999 -9999 1.91459E-1 2.52464E-2 2.61247E-3 2.10516E-4 5.96265E-5 3.21534E-4 7.39179E-3 1.0067E-1 4.99806E-1 6.48486E-1 6.69355E-1 6.82224E-1 6.73079E-1 6.57774E-1 6.40327E-1 6.12495E-1 5.86529E-1 5.73583E-1 5.73646E-1 5.75338E-1 5.91339E-1 5.80898E-1 5.24023E-1 3.3129E-1 2.16619E-1 9.39714E-2 4.65062E-2 1.27341E-1 4.4453E-1 5.37506E-1 5.41979E-1 5.16358E-1 4.52652E-1 3.47642E-1 2.82897E-1 2.41229E-1 2.18621E-1 2.13179E-1
-9999 -9999 -9999 -9999 -9999 -9999 -9999 -9999 -9999 -9999 -9999 -9999 -9999 -9999 -9999 -9999 -9999 6.01623E-1 6.18283E-1 6.31097E-1 6.42993E-1 6.60209E-1 6.61437E-1 6.5313E-1 6.65879E-1 6.65962E-1 6.60791E-1 -9999 -9999 -9999 -9999 -9999 -9999 1.30332E-3 1.69435E-4 1.6497E-5 1.43045E-6 9.89704E-6 1.29951E-3 1.20649E-1 5.65035E-1 6.6179E-1 6.63294E-1 6.79999E-1 6.73434E-1 6.66588E-1 6.59651E-1 6.36894E-1 6.09368E-1 6.08453E-1 6.31237E-1 6.32724E-1 6.49151E-1 6.11157E-1 5.5357E-1 5.69451E-1 5.9925E-1 5.98637E-1 6.00205E-1 6.1921E-1 6.16746E-1 5.97653E-1 5.75208E-1 5.01846E-1 4.22808E-1 3.07277E-1 2.40198E-1 1.90033E-1 1.78623E-1 1.51961E-1
-9999 -9999 -9999 -9999 -9999 -9999 -9999 -9999 -9999 -9999 -9999 -9999 -9999 -9999 -9999 -9999 -9999 -9999 6.47065E-1 6.43939E-1 6.35282E-1 6.49477E-1 6.55367E-1 6.63936E-1 6.66442E-1 -9999 -9999 -9999 -9999 -9999 -9999 -9999 -9999 1.83976E-5 2.9408E-7 6.5061E-8 6.21655E-9 9.3522E-8 1.60023E-4 1.63934E-1 6.25313E-1 6.55859E-1 6.60732E-1 6.77339E-1 6.72628E-1 6.66278E-1 6.49709E-1 6.27623E-1 5.94659E-1 5.65908E-1 5.87408E-1 6.08962E-1 6.40643E-1 6.5664E-1 6.53716E-1 6.58895E-1 6.65991E-1 6.5664E-1 6.50553E-1 6.51096E-1 6.25916E-1 5.99074E-1 5.46901E-1 4.70797E-1 4.04196E-1 3.01907E-1 2.51748E-1 2.22013E-1 1.70831E-1 1.18186E-1
-9999 -9999 -9999 -9999 -9999 -9999 -9999 -9999 -9999 -9999 -9999 -9999 -9999 -9999 -9999 -9999 -9999 -9999 -9999 -9999 6.05884E-1 6.35227E-1 -9999 -9999 -9999 -9999 -9999 -9999 -9999 -9999 -9999 -9999 -9999 -9999 2.53128E-10 4.91411E-12 1.71314E-12 2.29757E-9 1.0492E-4 1.29063E-1 5.97693E-1 6.54462E-1 6.37577E-1 6.60646E-1 6.66174E-1 6.57883E-1 6.23776E-1 5.80774E-1 5.36097E-1 5.3372E-1 5.53409E-1 5.72929E-1 6.13648E-1 6.47571E-1 6.55307E-1 6.54873E-1 6.62726E-1 6.42724E-1 6.28753E-1 6.18919E-1 5.89683E-1 5.65163E-1 5.434E-1 5.09185E-1 3.85844E-1 2.84972E-1 2.4396E-1 2.21175E-1 1.51757E-1 8.52308E-2
-9999 -9999 -9999 -9999 -9999 -9999 -9999 -9999 -9999 -9999 -9999 -9999 -9999 -9999 -9999 -9999 -9999 -9999 -9999 -9999 -9999 -9999 -9999 -9999 -9999 -9999 -9999 -9999 -9999 -9999 -9999 -9999 -9999 4.43411E-10 1.6941E-12 6.3581E-15 3.16926E-13 3.43021E-8 3.3342E-3 3.07172E-1 6.51371E-1 6.38162E-1 6.55215E-1 6.66462E-1 6.65909E-1 6.48633E-1 6.03437E-1 5.49759E-1 5.1661E-1 5.27322E-1 5.47727E-1 5.65287E-1 5.77584E-1 6.0058E-1 6.38799E-1 6.50607E-1 6.37465E-1 6.03769E-1 5.69341E-1 5.48794E-1 4.99289E-1 4.9212E-1 4.97575E-1 4.78987E-1 3.48638E-1 2.50639E-1 2.12623E-1 1.75039E-1 1.08236E-1 5.2174E-2
-9999 -9999 -9999 -9999 -9999 -9999 -9999 -9999 -9999 -9999 -9999 -9999 -9999 -9999 -9999 -9999 -9999 -9999 -9999 -9999 -9999 -9999 -9999 -9999 -9999 -9999 -9999 -9999 -9999 -9999 -9999 -9999 -9999 1.33965E-10 6.92083E-14 4.50559E-16 6.05382E-13 3.74786E-6 3.85688E-2 3.98354E-1 6.40781E-1 6.60331E-1 6.4539E-1 6.66901E-1 6.62944E-1 6.34144E-1 5.7698E-1 5.32884E-1 5.10616E-1 5.16874E-1 5.50733E-1 5.676E-1 5.32281E-1 5.40351E-1 5.57057E-1 5.78373E-1 5.76177E-1 5.12451E-1 4.70797E-1 4.33862E-1 4.1445E-1 4.13073E-1 4.05834E-1 3.68531E-1 2.29228E-1 1.62584E-1 1.37477E-1 1.15901E-1 7.32193E-2 3.63095E-2
-9999 -9999 -9999 -9999 -9999 -9999 -9999 -9999 -9999 -9999 -9999 -9999 -9999 -9999 -9999 -9999 -9999 -9999 -9999 -9999 -9999 -9999 -9999 -9999 -9999 -9999 -9999 -9999 -9999 -9999 -9999 -9999 1.26661E-7 1.10629E-10 2.36512E-15 7.23952E-18 4.9051E-13 2.03135E-5 1.61775E-1 6.06143E-1 6.60502E-1 6.5936E-1 6.47748E-1 6.49888E-1 6.54732E-1 6.04807E-1 5.42051E-1 5.02724E-1 5.18109E-1 5.57046E-1 5.9433E-1 6.03062E-1 5.81452E-1 5.48543E-1 5.33169E-1 4.91969E-1 4.40337E-1 4.02815E-1 3.16209E-1 2.88021E-1 3.25613E-1 3.57486E-1 3.46852E-1 3.0277E-1 2.02306E-1 1.32372E-1 8.66767E-2 6.28886E-2 5.10268E-2 3.15346E-2
-9999 -9999 -9999 -9999 -9999 -9999 -9999 -9999 -9999 -9999 -9999 -9999 -9999 -9999 -9999 -9999 -9999 -9999 -9999 -9999 -9999 -9999 -9999 -9999 -9999 -9999 -9999 -9999 -9999 -9999 -9999 -9999 2.94502E-9 4.82755E-13 1.20925E-19 7.21608E-21 2.52425E-15 4.25226E-6 2.20769E-1 6.53155E-1 6.51999E-1 6.35467E-1 6.40829E-1 6.52778E-1 6.58977E-1 6.16391E-1 5.2959E-1 5.10333E-1 5.44065E-1 5.80628E-1 6.12412E-1 6.27906E-1 6.23895E-1 5.96563E-1 5.42703E-1 5.07657E-1 4.74086E-1 3.78982E-1 2.10818E-1 1.81546E-1 2.46493E-1 2.99292E-1 3.12284E-1 2.60264E-1 1.94172E-1 1.2873E-1 7.31043E-2 4.43419E-2 3.74388E-2 3.67812E-2
-9999 -9999 -9999 -9999 -9999 -9999 -9999 -9999 -9999 -9999 -9999 -9999 -9999 -9999 -9999 -9999 -9999 -9999 -9999 -9999 -9999 -9999 -9999 -9999 -9999 -9999 -9999 -9999 -9999 -9999 -9999 -9999 3.05485E-10 5.77391E-16 1.40357E-23 4.52494E-28 2.98184E-21 1.59749E-10 2.4278E-2 6.05945E-1 6.51685E-1 6.38049E-1 6.47985E-1 6.57485E-1 6.56309E-1 6.40622E-1 5.79717E-1 5.71056E-1 5.93557E-1 6.1171E-1 6.25185E-1 6.36013E-1 6.3114E-1 5.99061E-1 5.63362E-1 5.21102E-1 4.73774E-1 3.70369E-1 2.35253E-1 1.81474E-1 2.07281E-1 3.10553E-1 2.79291E-1 2.26897E-1 1.76477E-1 1.25146E-1 7.82215E-2 4.98029E-2 3.99156E-2 4.28465E-2
-9999 -9999 -9999 -9999 -9999 -9999 -9999 -9999 -9999 -9999 -9999 -9999 -9999 -9999 -9999 -9999 -9999 -9999 -9999 -9999 -9999 -9999 -9999 -9999 -9999 -9999 -9999 -9999 -9999 -9999 -9999 -9999 7.48429E-13 1.68825E-18 4.82433E-27 1.97893E-29 9.58524E-30 3.98673E-23 4.87338E-6 1.99745E-1 6.60954E-1 6.21109E-1 6.37701E-1 6.62618E-1 6.65088E-1 6.55676E-1 6.3913E-1 6.32749E-1 6.30112E-1 6.25711E-1 6.20632E-1 6.21742E-1 6.20919E-1 5.89515E-1 5.51325E-1 5.06503E-1 4.49227E-1 3.44142E-1 2.48177E-1 1.79735E-1 1.66303E-1 1.81041E-1 1.9923E-1 1.79754E-1 1.39322E-1 1.1363E-1 9.97688E-2 7.73827E-2 5.96168E-2 5.15472E-2
-9999 -9999 -9999 -9999 -9999 -9999 -9999 -9999 -9999 -9999 -9999 -9999 -9999 -9999 -9999 -9999 -9999 -9999 -9999 -9999 -9999 -9999 -9999 -9999 -9999 -9999 -9999 -9999 -9999 -9999 -9999 -9999 1.03481E-12 5.88655E-20 1.07317E-27 1.35832E-31 1.0206E-27 2.85161E-19 1.44646E-6 1.79916E-1 6.60151E-1 6.21109E-1 6.36416E-1 6.57561E-1 6.66901E-1 6.66076E-1 6.65909E-1 6.56532E-1 6.39718E-1 6.25158E-1 6.07635E-1 5.97702E-1 5.882E-1 5.69451E-1 5.32689E-1 4.80175E-1 4.06575E-1 3.23043E-1 2.43456E-1 1.9133E-1 1.57411E-1 1.34463E-1 1.1534E-1 1.40128E-1 1.48434E-1 1.35051E-1 1.14685E-1 8.41207E-2 4.39228E-2 3.76817E-2
-9999 -9999 -9999 -9999 -9999 -9999 -9999 -9999 -9999 -9999 -9999 -9999 -9999 -9999 -9999 -9999 -9999 -9999 -9999 -9999 -9999 -9999 -9999 -9999 -9999 -9999 -9999 -9999 -9999 -9999 -9999 -9999 -9999 2.88769E-21 1.62773E-26 1.18984E-29 1.08382E-23 2.08735E-15 2.93767E-6 7.63902E-2 6.35437E-1 6.41589E-1 6.24778E-1 6.50275E-1 6.67526E-1 6.70214E-1 6.65324E-1 6.5932E-1 6.43656E-1 6.29297E-1 6.11177E-1 5.93503E-1 5.68437E-1 5.3511E-1 5.00566E-1 4.54188E-1 4.02874E-1 3.64202E-1 2.97549E-1 2.34454E-1 1.76394E-1 1.39265E-1 1.37575E-1 1.47351E-1 1.61569E-1 1.64089E-1 1.44789E-1 9.54856E-2 5.21043E-2 5.08959E-2
-9999 -9999 -9999 -9999 -9999 -9999 -9999 -9999 -9999 -9999 -9999 -9999 -9999 -9999 -9999 -9999 -9999 -9999 -9999 -9999 -9999 -9999 -9999 -9999 -9999 -9999 -9999 -9999 -9999 -9999 -9999 -9999 -9999 2.78569E-22 1.86019E-24 1.73925E-29 2.98178E-25 5.2643E-16 6.537E-5 3.55137E-1 6.46744E-1 6.51487E-1 6.31127E-1 6.44272E-1 6.49502E-1 6.55028E-1 6.60968E-1 6.52658E-1 6.38673E-1 6.27331E-1 6.08398E-1 5.87888E-1 5.54948E-1 5.16331E-1 4.86672E-1 4.41362E-1 4.0951E-1 4.21214E-1 3.5211E-1 2.84577E-1 2.27331E-1 1.72031E-1 1.62075E-1 1.6797E-1 1.86222E-1 2.04651E-1 1.94815E-1 1.5823E-1 1.15797E-1 1.13931E-1
