KUENM/Final_Models/M_0.1_F_lq_Set_2_E/sp1_8_se_asia.asc
ncols         320
nrows         243
xllcorner     44.0
yllcorner     -0.666666666666667
cellsize      0.166666666666667
NODATA_value  -9999
[rows 62 to 92 of 243, columns 140 to 209 of 320]
1.07743E-1 1.51341E-1 1.47261E-1 1.55848E-1 1.69556E-1 1.98018E-1 2.26101E-1 2.11588E-1 1.61747E-1 1.74901E-1 1.85607E-1 1.72158E-1 2.133E-1 2.26924E-1 2.33267E-1 2.701E-1 3.22397E-1 3.31201E-1 3.46761E-1 3.12053E-1 2.41115E-1 1.84152E-1 1.62381E-1 1.57564E-1 1.55488E-1 1.58657E-1 1.53918E-1 1.57564E-1 1.62381E-1 1.72714E-1 1.91681E-1 2.08401E-1 2.30978E-1 2.43864E-1 2.53653E-1 2.47886E-1 2.37174E-1 2.23976E-1 2.19151E-1 2.42163E-1 2.73016E-1 3.00593E-1 3.37995E-1 3.74197E-1 4.15119E-1 4.43494E-1 4.79196E-1 5.16857E-1 5.41697E-1 5.58147E-1 5.68104E-1 5.76236E-1 6.06551E-1 6.18183E-1 6.07599E-1 6.04799E-1 6.09749E-1 5.63911E-1 3.66562E-1 2.38085E-1 2.45171E-1 1.37039E-1 6.46162E-2 4.40357E-2 4.65133E-2 1.69954E-2 5.28902E-3 6.79743E-4 5.92171E-5 8.22898E-7
1.30527E-1 1.34377E-1 1.31472E-1 1.37005E-1 1.4413E-1 1.66097E-1 2.06162E-1 1.90479E-1 1.69212E-1 1.87704E-1 1.74361E-1 1.83665E-1 2.01542E-1 2.2222E-1 2.44205E-1 2.88817E-1 2.99454E-1 3.16137E-1 3.5083E-1 3.16974E-1 2.29622E-1 1.75611E-1 1.54398E-1 1.52828E-1 1.51268E-1 1.55976E-1 1.55976E-1 1.57957E-1 1.64427E-1 1.76453E-1 1.99279E-1 2.19999E-1 2.4115E-1 2.58929E-1 2.66316E-1 2.59578E-1 2.44987E-1 2.15659E-1 2.11059E-1 2.39753E-1 2.65221E-1 3.00584E-1 3.30327E-1 3.67235E-1 4.03311E-1 4.24102E-1 4.5524E-1 4.94898E-1 5.34947E-1 5.76068E-1 6.00347E-1 5.88737E-1 6.06547E-1 6.26283E-1 6.22322E-1 6.16415E-1 6.08617E-1 5.72162E-1 4.73393E-1 3.81212E-1 3.06626E-1 1.67056E-1 5.89496E-2 3.6019E-2 4.452E-2 3.12318E-2 1.56118E-2 6.52217E-3 1.64712E-3 2.07937E-4
1.38716E-1 1.23846E-1 1.2143E-1 1.22437E-1 1.24781E-1 1.45869E-1 1.90646E-1 2.23432E-1 2.4073E-1 2.39238E-1 2.03412E-1 2.0242E-1 2.18459E-1 2.33494E-1 2.3217E-1 2.56442E-1 2.58338E-1 2.68955E-1 2.78389E-1 2.49724E-1 2.03627E-1 1.68927E-1 1.49717E-1 1.45119E-1 1.46642E-1 1.48175E-1 1.532E-1 1.57957E-1 1.68045E-1 1.8361E-1 2.01436E-1 2.24094E-1 2.47427E-1 2.63385E-1 2.68955E-1 2.68955E-1 2.52397E-1 2.37263E-1 2.40168E-1 2.56442E-1 2.82521E-1 3.10363E-1 3.4427E-1 3.69656E-1 3.96544E-1 4.19857E-1 4.39492E-1 4.7642E-1 5.25913E-1 5.70333E-1 5.93809E-1 5.80611E-1 5.98238E-1 6.28217E-1 6.26993E-1 6.15302E-1 6.03421E-1 5.75492E-1 5.28139E-1 4.41165E-1 3.28317E-1 1.88234E-1 8.45509E-2 4.67743E-2 5.35965E-2 4.452E-2 3.15907E-2 2.02893E-2 1.24395E-2 3.71218E-3
1.33859E-1 1.18656E-1 1.14575E-1 1.13236E-1 1.16904E-1 1.46611E-1 1.84041E-1 2.36337E-1 2.18454E-1 2.25395E-1 2.1715E-1 2.35423E-1 2.33988E-1 2.28613E-1 2.21588E-1 2.14358E-1 2.12491E-1 2.10631E-1 2.02906E-1 1.84671E-1 1.65637E-1 1.49717E-1 1.43605E-1 1.37644E-1 1.40922E-1 1.45456E-1 1.5347E-1 1.59857E-1 1.71615E-1 1.8377E-1 1.99834E-1 2.20442E-1 2.43718E-1 2.57652E-1 2.67416E-1 2.70972E-1 2.72338E-1 2.73534E-1 2.78562E-1 2.91409E-1 3.08037E-1 3.3415E-1 3.52207E-1 3.8358E-1 4.04084E-1 4.24426E-1 4.47612E-1 4.81282E-1 5.14333E-1 5.46041E-1 5.70333E-1 5.84641E-1 6.08538E-1 6.26338E-1 6.32267E-1 6.24381E-1 6.16485E-1 6.10159E-1 5.8138E-1 4.75888E-1 3.2326E-1 1.97258E-1 1.20256E-1 8.76406E-2 8.8688E-2 8.26548E-2 6.29038E-2 5.23175E-2 4.74238E-2 1.89255E-2
1.21961E-1 1.18656E-1 1.2143E-1 1.15925E-1 1.20038E-1 1.49405E-1 2.14938E-1 2.65438E-1 2.79069E-1 2.63547E-1 2.46929E-1 2.24972E-1 2.1609E-1 2.02818E-1 1.85072E-1 1.70058E-1 1.66708E-1 1.61765E-1 1.55228E-1 1.37948E-1 1.30408E-1 1.24795E-1 1.30408E-1 1.32115E-1 1.35012E-1 1.42652E-1 1.48777E-1 1.58432E-1 1.71737E-1 1.8377E-1 2.0359E-1 2.20442E-1 2.35932E-1 2.55775E-1 2.69766E-1 2.77556E-1 2.86495E-1 2.99821E-1 3.20223E-1 3.23072E-1 3.39842E-1 3.59934E-1 3.77896E-1 4.02752E-1 4.24426E-1 4.42351E-1 4.61361E-1 4.95248E-1 5.25418E-1 5.36238E-1 5.57574E-1 5.83743E-1 6.13492E-1 6.32173E-1 6.33399E-1 6.27776E-1 6.32044E-1 6.32324E-1 6.22967E-1 4.59825E-1 3.10712E-1 2.11297E-1 1.74087E-1 1.56872E-1 1.49364E-1 1.64501E-1 1.5518E-1 1.5518E-1 1.0905E-1 4.99048E-2
1.26697E-1 1.27105E-1 1.25671E-1 1.30006E-1 1.46704E-1 2.00126E-1 2.98113E-1 3.44017E-1 3.193E-1 2.75989E-1 2.33897E-1 2.05434E-1 1.89111E-1 1.70058E-1 1.59991E-1 1.45682E-1 1.32335E-1 1.26687E-1 1.21136E-1 1.14372E-1 1.08898E-1 1.15349E-1 1.2366E-1 1.26608E-1 1.33754E-1 1.42785E-1 1.5049E-1 1.61765E-1 1.7343E-1 1.89111E-1 2.03564E-1 2.22374E-1 2.37893E-1 2.55775E-1 2.73834E-1 2.91876E-1 3.05664E-1 3.33593E-1 3.56116E-1 3.60973E-1 3.67576E-1 3.83744E-1 4.04998E-1 4.34276E-1 4.56254E-1 4.76312E-1 4.9066E-1 5.22694E-1 5.37493E-1 5.44849E-1 5.51912E-1 5.83743E-1 6.18483E-1 6.38759E-1 6.33374E-1 6.22548E-1 6.3293E-1 6.3575E-1 6.19785E-1 5.67199E-1 4.34372E-1 3.0686E-1 2.51553E-1 2.21953E-1 1.9556E-1 2.09313E-1 2.37841E-1 2.61017E-1 1.67621E-1 6.80238E-2
1.33688E-1 1.30006E-1 1.38959E-1 1.54703E-1 1.90923E-1 2.84097E-1 4.31501E-1 4.56229E-1 3.52539E-1 2.59533E-1 2.09025E-1 1.78759E-1 1.58989E-1 1.45091E-1 1.36326E-1 1.23607E-1 1.07791E-1 1.09068E-1 1.05392E-1 1.06694E-1 1.06666E-1 1.11763E-1 1.1971E-1 1.25209E-1 1.35322E-1 1.42785E-1 1.53706E-1 1.61765E-1 1.73445E-1 1.89049E-1 2.05413E-1 2.24293E-1 2.39859E-1 2.59801E-1 2.79961E-1 3.00556E-1 3.08369E-1 3.41508E-1 3.71456E-1 3.86446E-1 3.91408E-1 4.14691E-1 4.40322E-1 4.73038E-1 5.07148E-1 5.2406E-1 5.25913E-1 5.44849E-1 5.61957E-1 5.58048E-1 5.44576E-1 5.78818E-1 6.16701E-1 6.32677E-1 6.2788E-1 6.25568E-1 6.22548E-1 6.3621E-1 6.21829E-1 6.27668E-1 5.59578E-1 4.39771E-1 3.34612E-1 2.83795E-1 2.20163E-1 1.88929E-1 2.11297E-1 2.25546E-1 1.33386E-1 5.04726E-2
1.38179E-1 1.35933E-1 1.46704E-1 1.68015E-1 2.09531E-1 3.09517E-1 4.61999E-1 4.60082E-1 3.12035E-1 2.22656E-1 1.75594E-1 1.51979E-1 1.41574E-1 1.31558E-1 1.24745E-1 1.16489E-1 1.08874E-1 1.04022E-1 1.05268E-1 1.05392E-1 1.07956E-1 1.13107E-1 1.19773E-1 1.23894E-1 1.36816E-1 1.42822E-1 1.55269E-1 1.66708E-1 1.81985E-1 1.92631E-1 2.09133E-1 2.26217E-1 2.4579E-1 2.65881E-1 2.92635E-1 3.11247E-1 3.19592E-1 3.42125E-1 3.71456E-1 3.94418E-1 4.12779E-1 4.47994E-1 4.80798E-1 5.21828E-1 5.57872E-1 5.75304E-1 5.67253E-1 5.82837E-1 5.87463E-1 5.84007E-1 5.85798E-1 6.03707E-1 6.18998E-1 6.05877E-1 6.11692E-1 6.38558E-1 6.38953E-1 6.30254E-1 6.26576E-1 6.30332E-1 6.01681E-1 5.45824E-1 4.23769E-1 3.28804E-1 2.44239E-1 1.75382E-1 1.8033E-1 1.83665E-1 1.10629E-1 4.90428E-2
1.48525E-1 1.37005E-1 1.49405E-1 1.62448E-1 1.95839E-1 2.44183E-1 2.93881E-1 2.63736E-1 1.94328E-1 1.61143E-1 1.38179E-1 1.29986E-1 1.21172E-1 1.21172E-1 1.18851E-1 1.16489E-1 1.07596E-1 1.05071E-1 1.05268E-1 1.06525E-1 1.09186E-1 1.14388E-1 1.19753E-1 1.26687E-1 1.36745E-1 1.45832E-1 1.58363E-1 1.71646E-1 1.89049E-1 2.03564E-1 2.14767E-1 2.30085E-1 2.4579E-1 2.6994E-1 2.98874E-1 3.40479E-1 3.5922E-1 3.72387E-1 3.88445E-1 4.10621E-1 4.37098E-1 4.75873E-1 5.14725E-1 5.55571E-1 5.82837E-1 6.02376E-1 6.01714E-1 6.01856E-1 6.0871E-1 6.04044E-1 6.07967E-1 6.21989E-1 6.29741E-1 6.22287E-1 6.26041E-1 6.35881E-1 6.36657E-1 6.19783E-1 6.46527E-1 6.42185E-1 6.30332E-1 5.79483E-1 4.47859E-1 3.71936E-1 2.86407E-1 2.16705E-1 2.11338E-1 2.16535E-1 1.81662E-1 1.14751E-1
1.25685E-1 1.40043E-1 1.44678E-1 1.52033E-1 1.61846E-1 1.73731E-1 1.77211E-1 1.50433E-1 1.24215E-1 1.15307E-1 1.13966E-1 1.11969E-1 1.13872E-1 1.14376E-1 1.14801E-1 1.13819E-1 1.08604E-1 1.07596E-1 1.06329E-1 1.09068E-1 1.14388E-1 1.19753E-1 1.28016E-1 1.35099E-1 1.42609E-1 1.53536E-1 1.64931E-1 1.81985E-1 1.96244E-1 2.09133E-1 2.30085E-1 2.4183E-1 2.53647E-1 2.65712E-1 2.77915E-1 3.1924E-1 3.71082E-1 3.97639E-1 4.18333E-1 4.37098E-1 4.66714E-1 5.02903E-1 5.36746E-1 5.73061E-1 5.96369E-1 6.11544E-1 6.12204E-1 6.08422E-1 6.07599E-1 6.05413E-1 5.93227E-1 6.1681E-1 6.26993E-1 6.2396E-1 6.25678E-1 6.21033E-1 6.14547E-1 6.07372E-1 6.47529E-1 6.45348E-1 6.02382E-1 5.59975E-1 4.88827E-1 4.40916E-1 3.47427E-1 2.84463E-1 2.92368E-1 3.17951E-1 2.80623E-1 2.05433E-1
1.36276E-1 1.37374E-1 1.3951E-1 1.38888E-1 1.38888E-1 1.3587E-1 1.2996E-1 1.15914E-1 1.05437E-1 9.87017E-2 9.74979E-2 1.03002E-1 1.04811E-1 1.0784E-1 1.10423E-1 1.08259E-1 1.07326E-1 1.05071E-1 1.1146E-1 1.15605E-1 1.19651E-1 1.29446E-1 1.36581E-1 1.42359E-1 1.51706E-1 1.59761E-1 1.73347E-1 1.90836E-1 2.09133E-1 2.28106E-1 2.47675E-1 2.59661E-1 2.66942E-1 2.72991E-1 2.70327E-1 2.95395E-1 3.71456E-1 4.2216E-1 4.44633E-1 4.63914E-1 4.88349E-1 5.2065E-1 5.5634E-1 5.78099E-1 5.97918E-1 6.11544E-1 6.06065E-1 5.93031E-1 5.89234E-1 5.86462E-1 6.04211E-1 5.93375E-1 6.2204E-1 6.20113E-1 5.8332E-1 5.7169E-1 5.84795E-1 6.09019E-1 6.38039E-1 6.1345E-1 5.39653E-1 5.53672E-1 5.04142E-1 4.43784E-1 4.1306E-1 3.70734E-1 3.61066E-1 4.24944E-1 3.8283E-1 3.06158E-1
1.45696E-1 1.36672E-1 1.32894E-1 1.30745E-1 1.24985E-1 1.19391E-1 1.11969E-1 1.11317E-1 1.06145E-1 9.93157E-2 9.69105E-2 9.93157E-2 1.04811E-1 1.05299E-1 1.05299E-1 1.06982E-1 1.08604E-1 1.07596E-1 1.10162E-1 1.22217E-1 1.30714E-1 1.37819E-1 1.45091E-1 1.54899E-1 1.61401E-1 1.73138E-1 1.85312E-1 2.07269E-1 2.30037E-1 2.51652E-1 2.71798E-1 2.83678E-1 2.89256E-1 2.90563E-1 3.02814E-1 3.36567E-1 4.02834E-1 4.42804E-1 4.66082E-1 4.86553E-1 5.04143E-1 5.27707E-1 5.4822E-1 5.75571E-1 5.89008E-1 5.93897E-1 5.84316E-1 5.78071E-1 5.70932E-1 5.9659E-1 5.87347E-1 5.99513E-1 6.15266E-1 5.95272E-1 5.1017E-1 5.03121E-1 5.82477E-1 6.23615E-1 6.30058E-1 5.99502E-1 6.013E-1 5.80799E-1 5.01088E-1 4.61045E-1 4.55935E-1 4.55935E-1 4.33127E-1 4.45539E-1 4.32126E-1 3.73491E-1
1.44141E-1 1.38894E-1 1.32211E-1 1.24254E-1 1.20065E-1 1.15209E-1 1.12546E-1 1.14626E-1 1.16556E-1 1.15714E-1 1.08063E-1 1.07347E-1 1.07347E-1 1.0784E-1 1.1173E-1 1.14376E-1 1.10845E-1 1.13819E-1 1.16489E-1 1.29272E-1 1.44141E-1 1.52959E-1 1.64379E-1 1.73138E-1 1.73138E-1 1.81985E-1 2.01723E-1 2.26181E-1 2.5139E-1 2.88171E-1 3.047E-1 3.10437E-1 3.18026E-1 3.19219E-1 3.39749E-1 3.6905E-1 4.12556E-1 4.44663E-1 4.71555E-1 4.98516E-1 5.10645E-1 5.27792E-1 5.43816E-1 5.6014E-1 5.79135E-1 5.84982E-1 5.76161E-1 5.89791E-1 5.9628E-1 5.97414E-1 5.87307E-1 6.04182E-1 5.9464E-1 5.51929E-1 4.62113E-1 5.21064E-1 5.78719E-1 6.1969E-1 5.97673E-1 5.85867E-1 6.03937E-1 6.03066E-1 5.61568E-1 4.85358E-1 4.46461E-1 4.56953E-1 4.33939E-1 4.11827E-1 4.06184E-1 3.98899E-1
1.43108E-1 1.38894E-1 1.32059E-1 1.32059E-1 1.23963E-1 1.19792E-1 1.18422E-1 1.19792E-1 1.21603E-1 1.21172E-1 1.16556E-1 1.13872E-1 1.11231E-1 1.15209E-1 1.17063E-1 1.19281E-1 1.18422E-1 1.21951E-1 1.30714E-1 1.48984E-1 1.73445E-1 1.80042E-1 1.88145E-1 1.83238E-1 1.90358E-1 1.98062E-1 2.14763E-1 2.43106E-1 2.81101E-1 3.20089E-1 3.44202E-1 3.51842E-1 3.44834E-1 3.45896E-1 3.6629E-1 3.85073E-1 4.20249E-1 4.44477E-1 4.80181E-1 5.01215E-1 5.19792E-1 5.36098E-1 5.43816E-1 5.56725E-1 5.73246E-1 5.89352E-1 5.91444E-1 6.0456E-1 6.08329E-1 6.15451E-1 5.98934E-1 6.05945E-1 5.93994E-1 5.52836E-1 4.95154E-1 5.12522E-1 5.82846E-1 6.18256E-1 5.92956E-1 5.63204E-1 5.94989E-1 6.17664E-1 6.11416E-1 5.1889E-1 4.50722E-1 3.85352E-1 3.5179E-1 3.65704E-1 3.7163E-1 3.93117E-1
1.50387E-1 1.43486E-1 1.41041E-1 1.33022E-1 1.30105E-1 1.27579E-1 1.28663E-1 1.29669E-1 1.31558E-1 1.25374E-1 1.21172E-1 1.19792E-1 1.22562E-1 1.22562E-1 1.26276E-1 1.24856E-1 1.26795E-1 1.33022E-1 1.41244E-1 1.65046E-1 1.97898E-1 2.18186E-1 2.20099E-1 2.04585E-1 2.01566E-1 2.09133E-1 2.20442E-1 2.47427E-1 2.89256E-1 3.43848E-1 3.82439E-1 3.78419E-1 3.70344E-1 3.72367E-1 3.86446E-1 4.10172E-1 4.35385E-1 4.55595E-1 4.84887E-1 5.09093E-1 5.21288E-1 5.34761E-1 5.38053E-1 5.6014E-1 5.77258E-1 6.01714E-1 6.11544E-1 6.14728E-1 6.25105E-1 6.27149E-1 6.13059E-1 6.16081E-1 6.14827E-1 6.09743E-1 5.86248E-1 5.82846E-1 6.07315E-1 6.27649E-1 5.98592E-1 5.58273E-1 5.55758E-1 5.35839E-1 4.9378E-1 4.78204E-1 4.61231E-1 4.0478E-1 3.45511E-1 3.49534E-1 3.43497E-1 3.5756E-1
1.53582E-1 1.53582E-1 1.49342E-1 1.38976E-1 1.36581E-1 1.41087E-1 1.42359E-1 1.4049E-1 1.38976E-1 1.3554E-1 1.34057E-1 1.31122E-1 1.29669E-1 1.29669E-1 1.32059E-1 1.36504E-1 1.32059E-1 1.34495E-1 1.48551E-1 1.76776E-1 2.20348E-1 2.74022E-1 2.4574E-1 2.20348E-1 2.14767E-1 2.16649E-1 2.26181E-1 2.47675E-1 2.83678E-1 3.34531E-1 3.72367E-1 3.81086E-1 3.81086E-1 3.83081E-1 4.04296E-1 4.37007E-1 4.60926E-1 4.88626E-1 5.05163E-1 5.22777E-1 5.31538E-1 5.26374E-1 5.3543E-1 5.62279E-1 5.81912E-1 6.05192E-1 6.18102E-1 6.20993E-1 6.35873E-1 6.37015E-1 6.22967E-1 6.28672E-1 6.3158E-1 6.39859E-1 6.2777E-1 6.06513E-1 6.1345E-1 6.37263E-1 6.04799E-1 5.57925E-1 5.27529E-1 5.06427E-1 4.47659E-1 4.23772E-1 4.49455E-1 4.34918E-1 3.49534E-1 2.822E-1 2.80193E-1 2.58312E-1
1.65069E-1 1.60088E-1 1.57357E-1 1.51706E-1 1.48794E-1 1.56744E-1 1.56511E-1 1.48551E-1 1.45435E-1 1.45091E-1 1.47769E-1 1.41574E-1 1.41574E-1 1.40051E-1 1.41041E-1 1.42573E-1 1.42573E-1 1.46205E-1 1.58131E-1 1.8024E-1 2.30037E-1 2.57368E-1 2.41747E-1 2.24261E-1 2.22188E-1 2.33718E-1 2.39781E-1 2.55647E-1 2.90229E-1 3.28342E-1 3.5716E-1 3.83609E-1 3.86446E-1 4.04788E-1 4.3465E-1 4.66292E-1 4.92179E-1 5.12834E-1 5.33305E-1 5.41388E-1 5.41388E-1 5.37492E-1 5.53237E-1 5.78993E-1 5.99327E-1 6.129E-1 6.21482E-1 6.32245E-1 6.41856E-1 6.49633E-1 6.34287E-1 6.28889E-1 6.42457E-1 6.40006E-1 5.86479E-1 5.77915E-1 6.05654E-1 6.24268E-1 6.03066E-1 5.22439E-1 5.08666E-1 5.11042E-1 4.61846E-1 3.83147E-1 4.1026E-1 3.94966E-1 3.30822E-1 2.71157E-1 2.68209E-1 2.14939E-1
1.74627E-1 1.73557E-1 1.67291E-1 1.71111E-1 1.68053E-1 1.66376E-1 1.6305E-1 1.6305E-1 1.59427E-1 1.57357E-1 1.57357E-1 1.52519E-1 1.52519E-1 1.49342E-1 1.51979E-1 1.50387E-1 1.51979E-1 1.58989E-1 1.71111E-1 1.92455E-1 2.14763E-1 2.26007E-1 2.16649E-1 2.1101E-1 2.31449E-1 2.45453E-1 2.57786E-1 2.65881E-1 2.94614E-1 3.29644E-1 3.68295E-1 3.96687E-1 4.14556E-1 4.43458E-1 4.8037E-1 5.09974E-1 5.27416E-1 5.43721E-1 5.49194E-1 5.61021E-1 5.62379E-1 5.51924E-1 5.74326E-1 6.02043E-1 6.11003E-1 6.0927E-1 6.20119E-1 6.34614E-1 6.47803E-1 6.56302E-1 6.44529E-1 6.04351E-1 6.19935E-1 6.13766E-1 5.74912E-1 5.97883E-1 5.70351E-1 5.69779E-1 5.40404E-1 5.02467E-1 5.01088E-1 4.39341E-1 3.93166E-1 3.25973E-1 3.04412E-1 3.34145E-1 2.95375E-1 2.41559E-1 3.38227E-1 3.15756E-1
1.90646E-1 1.85819E-1 1.82271E-1 1.81479E-1 1.79729E-1 1.71434E-1 1.66376E-1 1.67726E-1 1.67291E-1 1.65612E-1 1.63942E-1 1.63942E-1 1.62281E-1 1.62281E-1 1.63399E-1 1.65069E-1 1.70134E-1 1.70677E-1 1.82813E-1 1.9761E-1 2.14379E-1 2.24187E-1 2.20462E-1 2.28148E-1 2.51652E-1 2.65881E-1 2.75989E-1 2.81923E-1 3.00911E-1 3.32352E-1 3.73136E-1 4.14795E-1 4.64857E-1 5.12774E-1 5.40453E-1 5.5504E-1 5.63459E-1 5.67096E-1 5.67051E-1 5.64813E-1 5.62379E-1 5.68039E-1 5.69314E-1 6.09935E-1 6.01171E-1 5.87285E-1 6.15635E-1 6.36658E-1 6.5022E-1 6.61012E-1 6.44858E-1 5.94008E-1 5.86496E-1 5.77653E-1 5.75359E-1 5.57092E-1 4.88564E-1 4.79256E-1 4.51565E-1 4.54701E-1 4.83976E-1 4.44292E-1 3.80713E-1 2.80193E-1 2.44625E-1 2.80193E-1 2.81204E-1 2.28108E-1 3.31158E-1 3.6464E-1
1.85815E-1 1.98456E-1 1.90657E-1 1.92684E-1 1.86359E-1 1.77988E-1 1.71111E-1 1.70677E-1 1.71841E-1 1.73557E-1 1.77016E-1 1.77016E-1 1.77016E-1 1.741E-1 1.741E-1 1.77016E-1 1.82271E-1 1.86359E-1 1.97198E-1 2.12093E-1 2.2588E-1 2.47733E-1 2.61821E-1 2.73931E-1 2.90243E-1 2.98604E-1 3.02426E-1 3.02426E-1 3.15074E-1 3.32285E-1 3.72042E-1 4.29141E-1 4.91462E-1 5.63027E-1 5.91102E-1 5.93709E-1 5.96013E-1 5.94196E-1 5.82483E-1 5.64519E-1 5.84538E-1 5.97375E-1 5.85798E-1 5.85615E-1 5.63033E-1 5.86533E-1 6.28992E-1 6.49227E-1 6.58758E-1 6.6469E-1 6.35428E-1 5.98414E-1 5.64579E-1 5.26233E-1 5.09414E-1 5.10982E-1 4.42914E-1 4.1115E-1 4.66395E-1 4.84956E-1 4.0478E-1 4.105E-1 3.39466E-1 2.29959E-1 1.96354E-1 1.98966E-1 1.87299E-1 1.9848E-1 2.69157E-1 3.45514E-1
1.86644E-1 1.91322E-1 2.00236E-1 2.00616E-1 1.91203E-1 1.87605E-1 1.80511E-1 1.85161E-1 1.85161E-1 1.90546E-1 1.92358E-1 1.94178E-1 1.94835E-1 1.88145E-1 1.91741E-1 1.91741E-1 1.98499E-1 2.05922E-1 2.178E-1 2.31353E-1 2.53565E-1 2.78162E-1 3.04998E-1 3.29875E-1 3.35765E-1 3.44245E-1 3.37259E-1 3.28756E-1 3.2368E-1 3.34329E-1 3.87227E-1 4.58132E-1 5.28858E-1 5.79804E-1 6.11299E-1 6.25457E-1 6.23877E-1 6.19557E-1 6.03224E-1 5.97595E-1 6.11417E-1 6.16701E-1 6.0542E-1 5.83743E-1 5.87567E-1 6.14676E-1 6.50537E-1 6.60855E-1 6.63529E-1 6.61518E-1 6.37443E-1 5.99808E-1 5.51104E-1 4.51638E-1 3.85343E-1 4.5249E-1 4.44691E-1 4.84575E-1 4.7391E-1 4.04823E-1 4.49455E-1 3.27429E-1 2.4611E-1 1.78328E-1 1.28183E-1 8.82021E-2 7.03424E-2 1.06156E-1 1.95347E-1 2.54004E-1
2.08189E-1 2.07535E-1 2.11132E-1 2.11577E-1 2.02195E-1 1.97063E-1 1.90685E-1 1.92502E-1 1.98907E-1 2.08244E-1 2.12032E-1 2.14719E-1 2.09679E-1 2.10205E-1 2.10205E-1 2.13988E-1 2.19716E-1 2.28892E-1 2.39235E-1 2.51225E-1 2.71593E-1 3.03003E-1 3.42919E-1 3.86626E-1 4.00947E-1 3.86366E-1 3.73747E-1 3.47154E-1 3.266E-1 3.53553E-1 4.23466E-1 4.94706E-1 5.56528E-1 5.99628E-1 6.30156E-1 6.47952E-1 6.47246E-1 6.3646E-1 6.24369E-1 6.18392E-1 5.97349E-1 5.86719E-1 5.98949E-1 5.85738E-1 6.33159E-1 6.43659E-1 6.54441E-1 6.63294E-1 6.52366E-1 6.58617E-1 6.39389E-1 6.10501E-1 5.60416E-1 4.65967E-1 3.69534E-1 4.65756E-1 4.79862E-1 4.25338E-1 3.99233E-1 4.3133E-1 3.98286E-1 2.98437E-1 2.53635E-1 1.62527E-1 1.38442E-1 6.16563E-2 3.46806E-2 9.91086E-2 1.58132E-1 1.53176E-1
2.22461E-1 2.22461E-1 2.23098E-1 2.23352E-1 2.178E-1 2.08244E-1 2.03268E-1 2.05145E-1 2.13898E-1 2.34435E-1 2.41322E-1 2.43324E-1 2.3085E-1 2.26941E-1 2.23946E-1 2.31717E-1 2.39235E-1 2.51225E-1 2.63394E-1 2.73652E-1 2.9233E-1 3.15414E-1 3.61759E-1 4.31286E-1 4.66606E-1 4.32603E-1 4.04083E-1 3.69977E-1 3.69294E-1 4.16417E-1 4.98249E-1 5.38294E-1 5.82736E-1 6.20348E-1 6.49091E-1 6.62846E-1 6.64675E-1 6.56852E-1 6.43776E-1 6.06547E-1 5.73939E-1 5.98652E-1 6.1317E-1 6.27459E-1 6.46347E-1 6.5677E-1 6.62457E-1 6.66202E-1 6.05763E-1 6.13698E-1 6.22542E-1 6.13905E-1 5.93571E-1 5.72616E-1 5.24087E-1 4.36905E-1 3.63557E-1 3.17653E-1 2.91858E-1 4.18597E-1 3.14574E-1 2.88903E-1 2.51553E-1 2.35608E-1 1.79178E-1 1.1282E-1 9.91086E-2 1.66296E-1 1.71302E-1 1.01518E-1
2.3344E-1 2.32735E-1 2.3825E-1 2.39859E-1 2.2825E-1 2.2161E-1 2.14206E-1 2.17691E-1 2.36832E-1 2.67867E-1 2.85585E-1 2.71885E-1 2.6029E-1 2.4122E-1 2.41567E-1 2.53565E-1 2.65438E-1 2.83999E-1 2.94419E-1 3.02797E-1 3.15414E-1 3.30175E-1 3.55235E-1 4.15079E-1 4.42549E-1 4.41479E-1 4.26167E-1 4.09811E-1 4.2545E-1 5.08954E-1 5.81602E-1 5.72079E-1 6.06499E-1 6.40292E-1 6.60678E-1 6.70945E-1 6.73348E-1 6.69696E-1 6.54411E-1 5.76019E-1 5.81713E-1 6.06448E-1 6.26628E-1 6.40619E-1 6.47149E-1 6.46586E-1 6.53953E-1 6.18529E-1 5.38993E-1 5.43667E-1 5.5642E-1 5.83821E-1 5.91718E-1 6.18437E-1 5.81805E-1 4.58787E-1 3.51543E-1 2.87629E-1 2.57327E-1 3.7458E-1 2.77731E-1 2.59171E-1 2.5907E-1 2.68374E-1 2.3384E-1 1.77842E-1 1.43886E-1 1.74683E-1 1.9768E-1 1.76386E-1
2.4646E-1 2.48191E-1 2.50425E-1 2.45546E-1 2.42411E-1 2.35366E-1 2.32154E-1 2.42033E-1 2.59692E-1 2.85449E-1 3.02443E-1 2.99081E-1 2.76772E-1 2.50751E-1 2.51225E-1 2.73652E-1 2.98604E-1 3.19628E-1 3.34395E-1 3.36504E-1 3.47045E-1 3.59661E-1 3.59447E-1 3.99701E-1 4.27472E-1 4.38226E-1 4.42739E-1 4.44719E-1 4.7428E-1 5.3983E-1 5.77989E-1 5.98879E-1 6.21594E-1 6.56132E-1 6.70577E-1 6.73727E-1 6.70556E-1 6.63294E-1 5.98089E-1 5.59696E-1 5.96365E-1 6.18887E-1 6.32314E-1 6.37155E-1 6.17724E-1 5.82141E-1 5.82432E-1 5.46988E-1 4.81698E-1 5.00063E-1 5.34099E-1 5.30965E-1 5.57171E-1 5.81372E-1 5.64244E-1 4.88481E-1 4.06643E-1 3.09401E-1 2.46329E-1 3.59124E-1 2.67394E-1 2.22322E-1 2.34611E-1 2.4594E-1 2.57269E-1 1.96109E-1 1.54482E-1 1.6146E-1 2.5102E-1 2.89289E-1
2.55878E-1 2.60927E-1 2.6832E-1 2.63847E-1 2.54542E-1 2.55585E-1 2.54222E-1 2.60112E-1 2.8259E-1 3.00233E-1 3.16292E-1 3.21551E-1 2.99081E-1 2.7885E-1 2.75285E-1 2.98604E-1 3.32285E-1 3.68039E-1 3.80539E-1 3.82613E-1 3.90878E-1 3.94893E-1 4.01767E-1 4.2455E-1 4.49359E-1 4.64186E-1 4.73677E-1 4.84838E-1 5.05821E-1 5.3594E-1 5.76247E-1 6.19601E-1 6.49458E-1 6.71342E-1 6.7551E-1 6.70502E-1 6.60189E-1 6.08787E-1 5.25434E-1 5.84032E-1 6.11228E-1 6.20576E-1 6.18016E-1 6.14838E-1 5.86012E-1 5.46584E-1 5.23982E-1 4.56006E-1 4.14337E-1 5.00841E-1 5.40266E-1 4.83984E-1 4.97343E-1 5.01763E-1 4.689E-1 4.53008E-1 4.12422E-1 3.27799E-1 2.35453E-1 3.35899E-1 2.41943E-1 1.98662E-1 1.99122E-1 1.9213E-1 1.97835E-1 1.67405E-1 1.69064E-1 2.15476E-1 2.75167E-1 2.55312E-1
2.74114E-1 2.7463E-1 2.79069E-1 2.77781E-1 2.75141E-1 2.69463E-1 2.74208E-1 2.80489E-1 2.96764E-1 3.0566E-1 3.17297E-1 3.25809E-1 3.16011E-1 3.04E-1 3.193E-1 3.36504E-1 3.74301E-1 4.11286E-1 4.21329E-1 4.23324E-1 4.29305E-1 4.38712E-1 4.51252E-1 4.6673E-1 4.84294E-1 4.95738E-1 5.11575E-1 5.31144E-1 5.49337E-1 5.69398E-1 6.07615E-1 6.44981E-1 6.73798E-1 6.69049E-1 6.59321E-1 6.52735E-1 5.47456E-1 3.74342E-1 5.36407E-1 6.02708E-1 6.08617E-1 5.95171E-1 5.75122E-1 5.75377E-1 5.56694E-1 5.07166E-1 4.77215E-1 3.70027E-1 3.05917E-1 3.15696E-1 4.13704E-1 4.94917E-1 4.75478E-1 4.27677E-1 3.67913E-1 3.7311E-1 3.65197E-1 2.80623E-1 1.97407E-1 2.29317E-1 2.0779E-1 1.70884E-1 1.53844E-1 1.33386E-1 1.34491E-1 1.36975E-1 1.27581E-1 1.43653E-1 1.56773E-1 1.45382E-1
2.82437E-1 2.88528E-1 2.86416E-1 2.89844E-1 2.89784E-1 2.90853E-1 2.95996E-1 3.02354E-1 3.14163E-1 3.16292E-1 3.2368E-1 3.27939E-1 3.30882E-1 3.35765E-1 3.53126E-1 3.72216E-1 4.0317E-1 4.33219E-1 4.50682E-1 4.5653E-1 4.73213E-1 4.82073E-1 4.93539E-1 5.07565E-1 5.21777E-1 5.42869E-1 5.59601E-1 5.78144E-1 6.04976E-1 6.18593E-1 6.53612E-1 6.68549E-1 6.71559E-1 6.06513E-1 6.08171E-1 5.43325E-1 3.71238E-1 4.55618E-1 5.72554E-1 6.05719E-1 6.14308E-1 5.91342E-1 5.57659E-1 5.21812E-1 4.64856E-1 4.3786E-1 4.38482E-1 3.95048E-1 3.23309E-1 2.87264E-1 3.11183E-1 4.1026E-1 4.7188E-1 3.70699E-1 3.1212E-1 2.99116E-1 2.85242E-1 2.06712E-1 1.33104E-1 9.93035E-2 1.14739E-1 1.25179E-1 1.21423E-1 1.01333E-1 9.4815E-2 7.31475E-2 4.79743E-2 5.67448E-2 6.83689E-2 7.46557E-2
2.82009E-1 2.86345E-1 2.9233E-1 3.06637E-1 3.07533E-1 3.10922E-1 3.15171E-1 3.19424E-1 3.30068E-1 3.2368E-1 3.28756E-1 3.35134E-1 3.48482E-1 3.63654E-1 3.80393E-1 4.03102E-1 4.2333E-1 4.50794E-1 4.73399E-1 4.86179E-1 5.03506E-1 5.21255E-1 5.32767E-1 5.49073E-1 5.66863E-1 5.91214E-1 6.0885E-1 6.28497E-1 6.51962E-1 6.61864E-1 6.51265E-1 6.66802E-1 5.47034E-1 5.00982E-1 4.48049E-1 3.39213E-1 2.20479E-1 3.77645E-1 5.38981E-1 6.06503E-1 6.16081E-1 5.84474E-1 5.37035E-1 4.79256E-1 4.04443E-1 3.55474E-1 3.5272E-1 3.2401E-1 2.93637E-1 2.86221E-1 2.95637E-1 3.9206E-1 3.53694E-1 3.1419E-1 2.78691E-1 2.72615E-1 2.36397E-1 1.68066E-1 9.82558E-2 4.35664E-2 4.96752E-2 9.59017E-2 1.12474E-1 9.63648E-2 6.67462E-2 3.26833E-2 1.34088E-2 1.84583E-2 2.98143E-2 4.71244E-2
2.82009E-1 2.92544E-1 3.03003E-1 3.13308E-1 3.193E-1 3.2516E-1 3.33008E-1 3.37259E-1 3.4151E-1 3.26631E-1 3.37259E-1 3.52124E-1 3.71685E-1 3.88393E-1 4.03102E-1 4.21328E-1 4.4878E-1 4.67816E-1 4.91439E-1 5.06539E-1 5.29496E-1 5.4472E-1 5.63984E-1 5.89935E-1 6.11644E-1 6.3395E-1 6.48174E-1 6.64947E-1 6.75729E-1 6.7939E-1 6.73017E-1 6.60191E-1 3.52148E-2 4.66395E-1 3.1649E-1 2.50519E-1 2.77104E-1 3.07235E-1 5.04186E-1 5.68876E-1 5.68879E-1 4.99848E-1 4.48177E-1 3.88963E-1 3.64942E-1 3.26866E-1 2.70758E-1 2.40507E-1 2.51645E-1 3.01645E-1 2.98029E-1 3.46382E-1 2.59208E-1 1.94901E-1 2.3254E-1 2.37689E-1 2.11233E-1 1.38442E-1 8.15912E-2 3.45127E-2 4.54476E-2 9.3679E-2 1.26525E-1 1.12201E-1 6.24767E-2 2.548E-2 9.28018E-3 7.89023E-3 1.23043E-2 2.62941E-2
2.89823E-1 2.9642E-1 3.15586E-1 3.26095E-1 3.36504E-1 3.4468E-1 3.53126E-1 3.61164E-1 3.61164E-1 3.59054E-1 3.65378E-1 3.80062E-1 3.9254E-1 4.0694E-1 4.21135E-1 4.33114E-1 4.54297E-1 4.80239E-1 5.03058E-1 5.31119E-1 5.6504E-1 5.80834E-1 6.00615E-1 6.20407E-1 6.4351E-1 6.63536E-1 6.73236E-1 6.82604E-1 6.85684E-1 6.84185E-1 6.49064E-1 5.91406E-1 4.61846E-1 1.62978E-1 3.07663E-1 2.03775E-1 2.70538E-1 2.68624E-1 5.462E-1 6.17724E-1 5.86843E-1 4.54928E-1 3.67222E-1 2.97235E-1 2.4611E-1 2.42344E-1 2.4943E-1 2.72297E-1 3.13203E-1 3.43497E-1 3.55556E-1 3.3006E-1 2.1427E-1 1.67736E-1 1.90012E-1 2.5128E-1 1.69399E-1 1.02236E-1 8.82021E-2 6.68905E-2 7.88059E-2 1.16012E-1 1.33104E-1 1.13471E-1 7.56186E-2 2.84614E-2 8.49259E-3 6.33798E-3 7.75652E-3 1.46045E-2
