KUENM/Final_Models/M_0.1_F_lq_Set_2_E/sp1_9.asc
ncols         197
nrows         210
xllcorner     56.1666666666667
yllcorner     4.5
cellsize      0.166666666666667
NODATA_value  -9999
[rows 112 to 139 of 210, columns 130 to 194 of 197]
4.89615E-1 3.82805E-1 2.84972E-1 2.4396E-1 2.21175E-1 1.51757E-1 8.52308E-2 3.89092E-2 1.64306E-2 5.84991E-3 2.72834E-3 1.77338E-3 1.0722E-3 4.36398E-4 1.75872E-4 1.76744E-4 3.74785E-4 8.95854E-4 1.70449E-3 3.62149E-3 9.7457E-3 1.87842E-2 2.19576E-2 1.79606E-2 4.73519E-3 1.50362E-3 1.12112E-3 1.42191E-3 2.19147E-3 2.18985E-3 1.82472E-3 2.01385E-3 2.17322E-3 2.25122E-3 1.99177E-3 1.62096E-3 1.33766E-3 1.14115E-3 1.25857E-3 1.33766E-3 1.86454E-3 2.87876E-3 4.84385E-3 8.94414E-3 5.21767E-3 1.7991E-3 5.13843E-4 1.68716E-4 1.10802E-4 1.34036E-4 1.37826E-4 1.49876E-4 1.44556E-4 1.61235E-4 2.06695E-4 2.93277E-4 -9999 -9999 -9999 -9999 -9999 -9999 -9999 -9999 -9999
4.5853E-1 3.41865E-1 2.50639E-1 2.12623E-1 1.75039E-1 1.08236E-1 5.2174E-2 1.88207E-2 4.3488E-3 1.14115E-3 1.51084E-3 1.81936E-3 1.68041E-3 5.96075E-4 1.19598E-4 7.56299E-5 1.52234E-4 3.66119E-4 9.02681E-4 2.25442E-3 4.72098E-3 7.80418E-3 7.82161E-3 6.42165E-3 4.32975E-3 1.44807E-3 9.80337E-4 1.14493E-3 5.86594E-3 9.30243E-3 5.46815E-3 3.22589E-3 2.38901E-3 2.33179E-3 2.15657E-3 2.16182E-3 2.3766E-3 2.7654E-3 3.28519E-3 3.01896E-3 2.34984E-3 2.11524E-3 2.1909E-3 3.64338E-3 3.15507E-3 1.36077E-3 3.98059E-4 1.39808E-4 1.24884E-4 1.48873E-4 1.66344E-4 1.87106E-4 2.08796E-4 2.27928E-4 2.75007E-4 -9999 -9999 -9999 -9999 -9999 -9999 -9999 -9999 -9999 -9999
3.68531E-1 2.29228E-1 1.62584E-1 1.37477E-1 1.15901E-1 7.32193E-2 3.63095E-2 1.19411E-2 2.6529E-3 7.36028E-4 1.0722E-3 1.64447E-3 1.54729E-3 3.30571E-4 3.07985E-5 1.67309E-5 4.45227E-5 1.23647E-4 3.78133E-4 1.08821E-3 2.00819E-3 4.70577E-3 9.06393E-3 1.77153E-2 7.95384E-3 1.4528E-3 7.05767E-4 1.01277E-3 7.94632E-3 1.59904E-2 9.97044E-3 4.52189E-3 2.60714E-3 2.5255E-3 2.79469E-3 3.10518E-3 3.14273E-3 3.59281E-3 4.69377E-3 4.78294E-3 3.81318E-3 2.58295E-3 1.41141E-3 1.69339E-3 1.83159E-3 1.05245E-3 4.20928E-4 1.60973E-4 1.54169E-4 2.04024E-4 2.32697E-4 2.70331E-4 3.13383E-4 3.62515E-4 -9999 -9999 -9999 -9999 -9999 -9999 -9999 -9999 -9999 -9999 -9999
3.0277E-1 2.02306E-1 1.32372E-1 8.66767E-2 6.28886E-2 5.10268E-2 3.15346E-2 1.36625E-2 4.93319E-3 2.30657E-3 1.95397E-3 1.98903E-3 8.8257E-4 1.10843E-4 7.98591E-6 6.04882E-6 1.49474E-5 4.087E-5 1.04097E-4 2.34185E-4 3.23149E-4 1.42169E-3 5.24857E-3 9.24674E-3 5.20582E-3 1.22814E-3 7.06934E-4 1.26144E-3 1.51042E-2 2.43515E-2 1.7665E-2 7.27828E-3 3.41145E-3 3.47001E-3 3.81133E-3 3.15089E-3 4.12092E-3 3.70468E-3 4.65841E-3 5.44367E-3 5.29184E-3 3.84934E-3 2.94729E-3 2.8968E-3 2.34746E-3 1.38744E-3 7.16594E-4 3.00133E-4 2.45192E-4 3.52212E-4 3.92361E-4 4.27891E-4 -9999 -9999 -9999 -9999 -9999 -9999 -9999 -9999 -9999 -9999 -9999 -9999 -9999
2.60264E-1 1.94172E-1 1.2873E-1 7.31043E-2 4.43419E-2 3.74388E-2 3.67812E-2 2.08793E-2 9.87917E-3 6.98471E-3 6.48301E-3 4.6955E-3 6.89749E-4 8.04003E-5 1.31987E-5 7.00421E-6 8.4924E-6 1.56846E-5 2.4784E-5 1.96382E-5 4.85529E-5 1.06451E-4 2.9003E-4 5.03748E-4 1.01183E-3 1.26627E-3 1.93056E-3 8.44439E-3 3.43242E-2 4.78173E-2 2.88702E-2 1.50495E-2 7.72794E-3 5.74285E-3 4.94979E-3 5.13298E-3 4.18349E-3 4.13834E-3 4.30766E-3 6.71248E-3 7.23495E-3 6.25931E-3 5.5831E-3 4.95428E-3 3.86674E-3 2.6814E-3 1.65044E-3 9.97486E-4 7.24055E-4 7.44415E-4 7.44415E-4 -9999 -9999 -9999 -9999 -9999 -9999 -9999 -9999 -9999 -9999 -9999 -9999 -9999 -9999
2.26897E-1 1.76477E-1 1.25146E-1 7.82215E-2 4.98029E-2 3.99156E-2 4.28465E-2 3.02167E-2 1.67761E-2 1.34786E-2 9.79439E-3 3.18857E-3 5.11977E-4 7.86829E-5 1.70602E-5 8.27128E-6 8.0897E-6 1.29594E-5 1.9193E-5 2.58527E-5 5.61318E-5 1.33371E-4 2.23657E-4 4.74734E-4 6.71387E-4 8.57531E-4 2.13117E-3 1.62654E-2 5.73728E-2 9.08846E-2 4.81152E-2 2.22301E-2 9.9895E-3 6.80214E-3 3.6657E-3 5.53706E-3 3.76986E-3 3.2771E-3 6.81466E-3 1.10754E-2 1.11417E-2 1.01903E-2 9.56724E-3 8.55041E-3 7.22965E-3 5.53383E-3 4.07695E-3 3.07872E-3 2.29117E-3 -9999 -9999 -9999 -9999 -9999 -9999 -9999 -9999 -9999 -9999 -9999 -9999 -9999 -9999 -9999 -9999
1.79754E-1 1.39322E-1 1.1363E-1 9.97688E-2 7.73827E-2 5.96168E-2 5.15472E-2 4.58393E-2 4.00905E-2 3.2286E-2 1.24922E-2 1.91728E-3 2.94158E-4 7.53521E-5 2.2913E-5 1.0973E-5 8.67621E-6 1.58747E-5 3.47918E-5 7.52477E-5 1.78432E-4 2.41286E-4 3.97252E-4 6.56979E-4 8.10253E-4 9.23856E-4 1.77275E-3 4.94111E-3 1.83267E-2 5.45474E-2 3.71179E-2 1.21745E-2 5.5375E-3 7.1672E-3 7.71371E-3 8.00539E-3 4.70952E-3 5.05489E-3 1.16347E-2 1.60177E-2 1.66611E-2 1.61823E-2 1.50927E-2 1.44247E-2 1.25904E-2 1.01767E-2 8.05711E-3 5.84991E-3 -9999 -9999 -9999 -9999 -9999 -9999 -9999 -9999 -9999 -9999 -9999 -9999 -9999 -9999 -9999 -9999 -9999
1.40128E-1 1.48434E-1 1.35051E-1 1.14685E-1 8.41207E-2 4.39228E-2 3.76817E-2 4.50279E-2 6.08725E-2 7.02951E-2 3.41184E-2 2.14486E-3 2.96554E-4 1.03492E-4 3.11129E-5 1.37668E-5 1.12354E-5 2.23583E-5 5.31777E-5 1.17948E-4 2.23657E-4 4.1804E-4 6.67693E-4 8.71927E-4 8.10731E-4 8.90118E-4 1.2161E-3 1.28583E-3 4.13995E-3 2.13122E-2 7.08787E-3 1.55922E-3 4.1146E-3 3.46485E-3 9.79522E-3 1.06233E-2 8.89994E-3 9.85737E-3 1.15868E-2 1.74351E-2 2.35069E-2 2.33591E-2 2.43515E-2 2.2717E-2 1.99199E-2 -9999 -9999 -9999 -9999 -9999 -9999 -9999 -9999 -9999 -9999 -9999 -9999 -9999 -9999 -9999 -9999 -9999 -9999 -9999 -9999
1.47351E-1 1.61569E-1 1.64089E-1 1.44789E-1 9.54856E-2 5.21043E-2 5.08959E-2 8.9922E-2 1.58442E-1 1.23908E-1 6.68774E-2 9.36954E-3 1.3052E-3 2.52375E-4 4.61802E-5 1.51635E-5 1.10774E-5 2.53561E-5 6.98471E-5 1.42605E-4 3.1838E-4 6.11969E-4 7.45418E-4 8.83024E-4 9.51495E-4 8.37726E-4 8.69722E-4 9.05103E-4 1.13153E-3 4.89902E-3 1.44969E-3 6.95009E-4 3.31507E-3 6.74682E-3 6.48437E-3 1.09886E-2 1.17057E-2 9.86437E-3 1.24318E-2 2.35294E-2 2.96583E-2 3.16246E-2 3.37869E-2 -9999 -9999 -9999 -9999 -9999 -9999 -9999 -9999 -9999 -9999 -9999 -9999 -9999 -9999 -9999 -9999 -9999 -9999 -9999 -9999 -9999 -9999
1.6797E-1 1.86222E-1 2.04651E-1 1.94815E-1 1.5823E-1 1.15797E-1 1.13931E-1 1.07765E-1 1.60643E-1 1.46439E-1 6.98684E-2 1.75166E-2 3.16614E-3 4.87654E-4 6.44405E-5 1.35599E-5 1.07463E-5 2.26456E-5 9.54892E-5 1.98194E-4 3.68091E-4 7.55399E-4 8.15382E-4 8.30875E-4 8.00159E-4 6.52541E-4 5.81668E-4 5.1025E-4 5.72903E-4 6.09864E-4 3.75229E-4 4.77928E-4 1.99391E-3 6.31883E-3 5.70126E-3 1.13628E-2 1.46213E-2 1.24149E-2 1.19861E-2 3.04674E-2 3.66737E-2 3.96536E-2 4.15505E-2 -9999 -9999 -9999 -9999 -9999 -9999 -9999 -9999 -9999 -9999 -9999 -9999 -9999 -9999 -9999 -9999 -9999 -9999 -9999 -9999 -9999 -9999
1.91138E-1 2.03735E-1 2.27602E-1 2.59126E-1 2.4396E-1 2.25475E-1 2.40489E-1 2.31084E-1 1.62969E-1 1.28835E-1 6.90877E-2 2.41212E-2 5.95324E-3 9.59301E-4 1.09039E-4 2.11251E-5 1.29742E-5 2.95753E-5 8.98817E-5 2.83069E-4 7.81815E-4 1.04301E-3 6.10436E-4 5.54111E-4 5.78735E-4 4.40971E-4 3.48039E-4 2.50232E-4 2.31705E-4 1.61162E-4 1.61295E-4 3.48575E-4 1.45278E-3 5.00659E-3 5.27398E-3 1.08064E-2 1.50924E-2 1.30723E-2 1.09031E-2 3.31015E-2 4.88851E-2 4.6939E-2 -9999 -9999 -9999 -9999 -9999 -9999 -9999 -9999 -9999 -9999 -9999 -9999 -9999 -9999 -9999 -9999 -9999 -9999 -9999 -9999 -9999 -9999 -9999
1.66583E-1 1.63978E-1 2.30944E-1 2.89556E-1 3.13075E-1 3.38476E-1 3.41322E-1 3.06718E-1 2.29879E-1 1.25337E-1 7.84083E-2 3.4857E-2 1.42666E-2 3.65995E-3 2.62623E-4 5.63202E-5 5.52553E-5 7.36778E-5 1.43147E-4 4.71796E-4 1.13414E-3 1.33301E-3 6.42708E-4 3.75978E-4 3.57023E-4 2.62951E-4 1.93744E-4 1.46797E-4 8.4221E-5 3.69371E-5 1.04498E-4 6.52157E-4 3.53842E-3 5.12784E-3 6.63185E-3 1.00216E-2 1.71219E-2 2.68994E-2 3.4841E-2 5.59056E-2 7.05686E-2 5.77077E-2 -9999 -9999 -9999 -9999 -9999 -9999 -9999 -9999 -9999 -9999 -9999 -9999 -9999 -9999 -9999 -9999 -9999 -9999 -9999 -9999 -9999 -9999 -9999
1.05647E-1 9.01278E-2 1.20508E-1 2.89902E-1 3.59209E-1 3.99261E-1 4.01862E-1 3.45528E-1 2.37814E-1 1.31905E-1 1.33104E-1 9.28632E-2 4.68406E-2 2.34097E-2 6.04936E-3 1.35172E-3 4.40978E-4 2.59598E-4 3.19274E-4 5.84518E-4 8.19172E-4 9.29645E-4 5.53447E-4 3.71133E-4 2.39105E-4 1.84569E-4 1.49043E-4 1.27428E-4 3.94529E-5 3.72739E-5 1.57471E-4 7.82012E-4 9.90233E-3 9.18418E-3 9.0847E-3 1.29222E-2 2.40168E-2 4.48156E-2 7.84443E-2 1.12434E-1 9.98794E-2 -9999 -9999 -9999 -9999 -9999 -9999 -9999 -9999 -9999 -9999 -9999 -9999 -9999 -9999 -9999 -9999 -9999 -9999 -9999 -9999 -9999 -9999 -9999 -9999
4.91165E-2 7.13741E-2 1.30041E-1 2.63011E-1 3.54628E-1 4.33862E-1 4.40274E-1 3.82805E-1 2.86359E-1 2.17369E-1 2.03605E-1 1.87505E-1 1.42344E-1 1.26508E-1 1.04907E-1 5.10798E-2 8.27016E-3 1.29204E-3 5.26596E-4 7.13254E-4 8.06831E-4 7.38515E-4 4.6588E-4 2.07467E-4 9.74944E-5 1.13491E-4 2.08235E-4 1.87676E-4 1.72819E-4 2.77271E-4 5.82526E-4 6.81845E-3 3.50165E-2 3.48945E-2 2.08253E-2 2.03785E-2 4.05064E-2 6.4896E-2 1.0381E-1 1.27649E-1 -9999 -9999 -9999 -9999 -9999 -9999 -9999 -9999 -9999 -9999 -9999 -9999 -9999 -9999 -9999 -9999 -9999 -9999 -9999 -9999 -9999 -9999 -9999 -9999 -9999
3.17865E-2 7.147E-2 1.63984E-1 2.7601E-1 3.81888E-1 4.87265E-1 4.88258E-1 4.26804E-1 3.4556E-1 2.95208E-1 2.44165E-1 2.14281E-1 2.16011E-1 3.01846E-1 3.71671E-1 3.60458E-1 5.98066E-2 4.00628E-3 7.71036E-4 6.15275E-4 6.84951E-4 6.4098E-4 3.94347E-4 1.27424E-4 3.64623E-5 6.93366E-5 3.00628E-4 5.67614E-4 9.31471E-4 1.27676E-3 2.16286E-3 1.5046E-2 6.52889E-2 8.05311E-2 6.57688E-2 8.12287E-2 1.04582E-1 1.0854E-1 1.18639E-1 -9999 -9999 -9999 -9999 -9999 -9999 -9999 -9999 -9999 -9999 -9999 -9999 -9999 -9999 -9999 -9999 -9999 -9999 -9999 -9999 -9999 -9999 -9999 -9999 -9999 -9999
2.54703E-2 8.00141E-2 1.83036E-1 2.77742E-1 3.93148E-1 5.15179E-1 5.24736E-1 4.71467E-1 4.12717E-1 3.62186E-1 2.62003E-1 1.89302E-1 2.20725E-1 3.75501E-1 4.8181E-1 4.38919E-1 4.89871E-2 5.31487E-3 1.28748E-3 8.47323E-4 8.19437E-4 5.91982E-4 3.65234E-4 1.38616E-4 5.19754E-5 1.37599E-4 7.62479E-4 1.78096E-3 2.40317E-3 3.30313E-3 4.51827E-3 2.43318E-2 8.67823E-2 1.14667E-1 1.26051E-1 1.73719E-1 2.26075E-1 1.69418E-1 -9999 -9999 -9999 -9999 -9999 -9999 -9999 -9999 -9999 -9999 -9999 -9999 -9999 -9999 -9999 -9999 -9999 -9999 -9999 -9999 -9999 -9999 -9999 -9999 -9999 -9999 -9999
7.16227E-2 1.31971E-1 1.47087E-1 2.30251E-1 3.85716E-1 5.06688E-1 5.19867E-1 4.79291E-1 4.19317E-1 3.73391E-1 2.8131E-1 1.62912E-1 1.46282E-1 2.79882E-1 3.22671E-1 2.71432E-1 7.4242E-2 1.07734E-2 3.28341E-3 1.95164E-3 1.14592E-3 7.14681E-4 4.9197E-4 3.12426E-4 5.22204E-4 8.68409E-4 2.55139E-3 4.20875E-3 4.0874E-3 6.73486E-3 1.44472E-2 3.86483E-2 9.98304E-2 1.28825E-1 1.491E-1 1.85646E-1 2.25732E-1 -9999 -9999 -9999 -9999 -9999 -9999 -9999 -9999 -9999 -9999 -9999 -9999 -9999 -9999 -9999 -9999 -9999 -9999 -9999 -9999 -9999 -9999 -9999 -9999 -9999 -9999 -9999 -9999
2.63807E-1 2.54425E-1 2.13638E-1 2.75863E-1 3.7525E-1 3.68639E-1 4.3062E-1 4.67468E-1 4.03162E-1 3.40536E-1 2.67256E-1 1.43418E-1 8.78282E-2 1.42574E-1 1.80676E-1 1.73956E-1 8.87908E-2 2.80601E-2 8.293E-3 4.41705E-3 2.43666E-3 1.24579E-3 9.84188E-4 1.2783E-3 2.26089E-3 3.58895E-3 6.36045E-3 1.08357E-2 8.36792E-3 1.10131E-2 1.53727E-2 4.77649E-2 1.3361E-1 2.17342E-1 1.7937E-1 -9999 -9999 -9999 -9999 -9999 -9999 -9999 -9999 -9999 -9999 -9999 -9999 -9999 -9999 -9999 -9999 -9999 -9999 -9999 -9999 -9999 -9999 -9999 -9999 -9999 -9999 -9999 -9999 -9999 -9999
3.38496E-1 3.57715E-1 3.80759E-1 4.25025E-1 4.68756E-1 4.70807E-1 5.05387E-1 5.41956E-1 5.05366E-1 3.81704E-1 2.96487E-1 1.79109E-1 1.16185E-1 1.19314E-1 1.19798E-1 1.25146E-1 1.06727E-1 6.81496E-2 2.9697E-2 1.34772E-2 5.51176E-3 2.62824E-3 2.80024E-3 3.95649E-3 4.77411E-3 6.09232E-3 9.43142E-3 8.89994E-3 1.20827E-2 2.74623E-2 6.45206E-2 1.13686E-1 1.85646E-1 2.33346E-1 -9999 -9999 -9999 -9999 -9999 -9999 -9999 -9999 -9999 -9999 -9999 -9999 -9999 -9999 -9999 -9999 -9999 -9999 -9999 -9999 -9999 -9999 -9999 -9999 -9999 -9999 -9999 -9999 -9999 -9999 -9999
3.4781E-1 3.82298E-1 4.40401E-1 5.08958E-1 5.50951E-1 5.65287E-1 5.87654E-1 5.97938E-1 5.82098E-1 5.09729E-1 3.96346E-1 2.75196E-1 1.8984E-1 1.43118E-1 1.13226E-1 1.22287E-1 1.42344E-1 1.33677E-1 1.15103E-1 3.3714E-2 1.02945E-2 5.88326E-3 5.64377E-3 6.54456E-3 7.26965E-3 8.05483E-3 7.7102E-3 1.29131E-2 3.90816E-2 9.53347E-2 2.00243E-1 2.11059E-1 2.08954E-1 -9999 -9999 -9999 -9999 -9999 -9999 -9999 -9999 -9999 -9999 -9999 -9999 -9999 -9999 -9999 -9999 -9999 -9999 -9999 -9999 -9999 -9999 -9999 -9999 -9999 -9999 -9999 -9999 -9999 -9999 -9999 -9999
3.60147E-1 4.42638E-1 4.78497E-1 5.57984E-1 5.97702E-1 5.95285E-1 5.8315E-1 6.12842E-1 6.18492E-1 5.74336E-1 4.71073E-1 3.65301E-1 2.91412E-1 2.0223E-1 1.41449E-1 1.34993E-1 1.50852E-1 1.32145E-1 8.52308E-2 3.49244E-2 1.22431E-2 9.45265E-3 9.11831E-3 1.20207E-2 1.53586E-2 1.84439E-2 2.3238E-2 4.41572E-2 9.57334E-2 1.6654E-1 2.32695E-1 2.47348E-1 -9999 -9999 -9999 -9999 -9999 -9999 -9999 -9999 -9999 -9999 -9999 -9999 -9999 -9999 -9999 -9999 -9999 -9999 -9999 -9999 -9999 -9999 -9999 -9999 -9999 -9999 -9999 -9999 -9999 -9999 -9999 -9999 -9999
3.66095E-1 5.89673E-1 5.94867E-1 6.09993E-1 6.34702E-1 6.27455E-1 5.67942E-1 6.14415E-1 6.19616E-1 5.80076E-1 4.82718E-1 4.12312E-1 3.86294E-1 2.83564E-1 1.63783E-1 1.37966E-1 1.26123E-1 1.10199E-1 5.95744E-2 2.82603E-2 9.1638E-3 7.68422E-3 1.18805E-2 3.03936E-2 3.64041E-2 4.30019E-2 6.10238E-2 1.0485E-1 1.34243E-1 1.62912E-1 -9999 -9999 -9999 -9999 -9999 -9999 -9999 -9999 -9999 -9999 -9999 -9999 -9999 -9999 -9999 -9999 -9999 -9999 -9999 -9999 -9999 -9999 -9999 -9999 -9999 -9999 -9999 -9999 -9999 -9999 -9999 -9999 -9999 -9999 -9999
4.32041E-1 5.86202E-1 6.14881E-1 6.27906E-1 6.43894E-1 6.45004E-1 6.11984E-1 5.96136E-1 5.7871E-1 5.35893E-1 4.57312E-1 4.36586E-1 4.15807E-1 3.10052E-1 1.77292E-1 1.54419E-1 1.35522E-1 1.54196E-1 1.35476E-1 5.55402E-2 2.32002E-2 1.3285E-2 1.47287E-2 5.40711E-2 6.10061E-2 7.31732E-2 1.30126E-1 1.42497E-1 -9999 -9999 -9999 -9999 -9999 -9999 -9999 -9999 -9999 -9999 -9999 -9999 -9999 -9999 -9999 -9999 -9999 -9999 -9999 -9999 -9999 -9999 -9999 -9999 -9999 -9999 -9999 -9999 -9999 -9999 -9999 -9999 -9999 -9999 -9999 -9999 -9999
4.75626E-1 5.45539E-1 6.02191E-1 6.31682E-1 6.44455E-1 6.41532E-1 6.23068E-1 6.01111E-1 5.65648E-1 5.37954E-1 5.08985E-1 4.86496E-1 4.5325E-1 3.49499E-1 2.37292E-1 2.22674E-1 1.86057E-1 2.01769E-1 2.28082E-1 1.43771E-1 8.23878E-2 5.87137E-2 5.73566E-2 7.61573E-2 7.88995E-2 5.87137E-2 7.55208E-2 1.52871E-1 -9999 -9999 -9999 -9999 -9999 -9999 -9999 -9999 -9999 -9999 -9999 -9999 -9999 -9999 -9999 -9999 -9999 -9999 -9999 -9999 -9999 -9999 -9999 -9999 -9999 -9999 -9999 -9999 -9999 -9999 -9999 -9999 -9999 -9999 -9999 -9999 -9999
4.85244E-1 5.21148E-1 5.93335E-1 6.32644E-1 6.41303E-1 6.33484E-1 6.28859E-1 6.13513E-1 5.84336E-1 5.59146E-1 5.43192E-1 5.16793E-1 5.01049E-1 4.73803E-1 3.8307E-1 2.66556E-1 1.94818E-1 1.80076E-1 2.03605E-1 2.18996E-1 1.85836E-1 1.32466E-1 1.09139E-1 5.27991E-2 4.67905E-2 4.13439E-2 1.12125E-1 1.35476E-1 -9999 -9999 -9999 -9999 -9999 -9999 -9999 -9999 -9999 -9999 -9999 -9999 -9999 -9999 -9999 -9999 -9999 -9999 -9999 -9999 -9999 -9999 -9999 -9999 -9999 -9999 -9999 -9999 -9999 -9999 -9999 -9999 -9999 -9999 -9999 -9999 -9999
5.33946E-1 5.58196E-1 6.09716E-1 6.32692E-1 6.36063E-1 6.34357E-1 6.28298E-1 6.16546E-1 6.0235E-1 5.74752E-1 5.5709E-1 5.47572E-1 5.27058E-1 5.18622E-1 4.76171E-1 3.18241E-1 1.71957E-1 1.27326E-1 1.73381E-1 2.79885E-1 2.95074E-1 1.56135E-1 1.12856E-1 3.55024E-2 2.04726E-2 2.58807E-2 6.09301E-2 -9999 -9999 -9999 -9999 -9999 -9999 -9999 -9999 -9999 -9999 -9999 -9999 -9999 -9999 -9999 -9999 -9999 -9999 -9999 -9999 -9999 -9999 -9999 -9999 -9999 -9999 -9999 -9999 -9999 -9999 -9999 -9999 -9999 -9999 -9999 -9999 -9999 -9999
5.78766E-1 6.02647E-1 6.22116E-1 6.31277E-1 6.37043E-1 6.40192E-1 6.43431E-1 6.36194E-1 6.1268E-1 5.99323E-1 5.90123E-1 5.66191E-1 5.31123E-1 4.66021E-1 3.9359E-1 3.37343E-1 2.07585E-1 9.2489E-2 1.19149E-1 1.96116E-1 2.48932E-1 1.77675E-1 9.81596E-2 2.8438E-2 2.13493E-2 2.41762E-2 -9999 -9999 -9999 -9999 -9999 -9999 -9999 -9999 -9999 -9999 -9999 -9999 -9999 -9999 -9999 -9999 -9999 -9999 -9999 -9999 -9999 -9999 -9999 -9999 -9999 -9999 -9999 -9999 -9999 -9999 -9999 -9999 -9999 -9999 -9999 -9999 -9999 -9999 -9999
5.96669E-1 6.05971E-1 6.02859E-1 6.04212E-1 6.24885E-1 6.14635E-1 6.36677E-1 6.31315E-1 6.23303E-1 6.23596E-1 5.89568E-1 5.57067E-1 5.0755E-1 4.49319E-1 3.97013E-1 3.59634E-1 2.63363E-1 1.07206E-1 1.21122E-1 1.38093E-1 1.42497E-1 1.51551E-1 -9999 1.88076E-2 -9999 -9999 -9999 -9999 -9999 -9999 -9999 -9999 -9999 -9999 -9999 -9999 -9999 -9999 -9999 -9999 -9999 -9999 -9999 -9999 -9999 -9999 -9999 -9999 -9999 -9999 -9999 -9999 -9999 -9999 -9999 -9999 -9999 -9999 -9999 -9999 -9999 -9999 -9999 -9999 -9999
