KUENM/Final_Models/M_0.1_F_lq_Set_2_E/sp1_se_asia_stddev.asc
ncols         320
nrows         243
xllcorner     44.0
yllcorner     -0.666666666666667
cellsize      0.166666666666667
NODATA_value  -9999
[rows 31 to 61 of 243, columns 0 to 69 of 320]
-9999 -9999 -9999 -9999 -9999 -9999 -9999 -9999 -9999 -9999 1.0404E-1 7.60904E-2 6.28054E-3 1.48699E-2 1.07622E-2 1.62155E-2 1.23348E-2 1.06683E-2 2.87696E-3 3.29028E-3 6.2294E-3 4.55406E-3 1.52991E-3 5.84813E-3 6.96133E-3 2.95532E-3 1.51244E-3 3.37753E-4 1.01781E-3 1.87954E-3 2.77081E-3 2.18593E-3 1.1824E-3 1.19611E-3 8.53076E-4 3.438E-4 1.87351E-4 8.09061E-4 2.07631E-3 2.94225E-3 3.71391E-3 4.12348E-3 5.11426E-3 5.6192E-3 5.89083E-3 5.75508E-3 5.45644E-3 5.17147E-3 4.56146E-3 2.96106E-3 3.49139E-3 3.60847E-3 2.49186E-3 4.20074E-3 6.07688E-3 6.33058E-3 6.67655E-3 6.59161E-3 6.76245E-3 6.76245E-3 6.84931E-3 6.76245E-3 6.66531E-3 6.49605E-3 6.49605E-3 6.49605E-3 6.49605E-3 6.1565E-3 6.16882E-3 6.08932E-3
-9999 -9999 -9999 -9999 -9999 -9999 -9999 -9999 -9999 7.93325E-2 9.53273E-2 8.70153E-2 1.45794E-2 9.10594E-3 1.32028E-2 1.24724E-2 1.4697E-2 1.21768E-2 9.21325E-3 2.4923E-3 7.91793E-3 1.00277E-2 6.01093E-3 7.49865E-3 7.12186E-3 3.49239E-3 2.44511E-3 3.19205E-3 2.08984E-3 1.16529E-3 1.61954E-3 1.24018E-3 8.73345E-4 1.7962E-3 1.62776E-3 1.08053E-3 7.4037E-4 7.46259E-4 1.30505E-3 3.11621E-3 1.78766E-3 1.8471E-3 2.96822E-3 5.56605E-3 6.34644E-3 6.19734E-3 5.80301E-3 5.35905E-3 5.14855E-3 4.53115E-3 3.9198E-3 4.17369E-3 4.06027E-3 5.04027E-3 5.95843E-3 5.95843E-3 6.11413E-3 6.20594E-3 6.20594E-3 6.28584E-3 6.28584E-3 6.19332E-3 6.27341E-3 6.27341E-3 6.10166E-3 6.0232E-3 5.86896E-3 5.86896E-3 5.64416E-3 5.49858E-3
-9999 -9999 -9999 -9999 -9999 -9999 -9999 -9999 -9999 7.2435E-2 8.31941E-2 6.91292E-2 2.73509E-2 1.21961E-2 1.17586E-2 7.84165E-3 1.07194E-2 9.47189E-3 7.35358E-3 1.1789E-2 1.10975E-2 4.95377E-3 3.10416E-3 2.2154E-3 4.34649E-3 7.68404E-3 2.54185E-3 1.99319E-3 1.89837E-3 1.11423E-3 6.66101E-4 1.21854E-3 6.30817E-4 1.42921E-3 2.46363E-3 2.00194E-3 1.26071E-3 7.86402E-4 1.39065E-3 1.74665E-3 2.57441E-4 1.75217E-4 7.58985E-4 5.07064E-3 6.71515E-3 6.11664E-3 5.41614E-3 5.21789E-3 4.33392E-3 4.42382E-3 5.04027E-3 4.90731E-3 5.35635E-3 5.74515E-3 5.89525E-3 5.98535E-3 5.90919E-3 5.83388E-3 5.90919E-3 5.90919E-3 5.90919E-3 5.67138E-3 5.21741E-3 5.51223E-3 5.37025E-3 5.21741E-3 5.00097E-3 5.44083E-3 5.52636E-3 5.59845E-3
-9999 -9999 -9999 -9999 -9999 -9999 -9999 -9999 -9999 6.18312E-2 7.43181E-2 5.88676E-2 2.74011E-2 1.49991E-2 1.25126E-2 1.58142E-2 1.23743E-2 7.49582E-3 7.95759E-3 5.47178E-3 6.57251E-3 6.10861E-3 4.04784E-3 3.41739E-3 2.89162E-3 1.13605E-3 2.19775E-3 2.05721E-3 1.0569E-3 1.0637E-3 6.36209E-4 6.97279E-4 1.09461E-3 9.99865E-4 1.53231E-3 1.93815E-3 8.16323E-4 4.03048E-4 9.46935E-4 1.52732E-3 4.87456E-4 1.20607E-4 5.84763E-4 3.47006E-3 6.87695E-3 5.45644E-3 4.89969E-3 3.35857E-3 1.42008E-3 2.43831E-3 2.82867E-3 2.41655E-3 3.34575E-3 4.54111E-3 5.38466E-3 5.55671E-3 5.62848E-3 5.62848E-3 5.55671E-3 5.55671E-3 5.11095E-3 4.28848E-3 3.75059E-3 3.56928E-3 4.10296E-3 3.55479E-3 3.02854E-3 4.75614E-3 5.41561E-3 5.57323E-3
-9999 -9999 -9999 -9999 -9999 -9999 -9999 -9999 -9999 5.42284E-2 6.71616E-2 5.87197E-2 3.67318E-2 2.30117E-2 1.38557E-2 9.07951E-3 1.68134E-2 8.82094E-3 1.44312E-2 8.91538E-3 7.21621E-3 1.26381E-2 4.57401E-3 7.20053E-3 4.63658E-3 3.24487E-3 3.01256E-4 7.61953E-4 4.57743E-3 1.15811E-3 6.70716E-4 5.96849E-4 9.06619E-4 5.28251E-4 3.56407E-4 7.86538E-4 2.69115E-4 2.611E-4 5.48898E-4 1.26739E-3 9.24937E-4 3.28053E-4 1.79443E-4 1.1317E-3 4.01141E-3 5.43848E-3 5.27335E-3 3.74576E-3 1.67929E-3 1.24244E-3 1.386E-3 1.54416E-3 1.4383E-3 1.68822E-3 2.69891E-3 4.70823E-3 5.20994E-3 5.01129E-3 5.14296E-3 4.78637E-3 3.89809E-3 2.51851E-3 1.99745E-3 1.71385E-3 2.26378E-3 3.11665E-3 4.20218E-3 5.07674E-3 5.45034E-3 5.38128E-3
-9999 -9999 -9999 -9999 -9999 -9999 -9999 -9999 -9999 -9999 5.52044E-2 5.75815E-2 3.55427E-2 2.71713E-2 1.10308E-2 2.34553E-2 2.13168E-2 1.5576E-2 3.55427E-2 3.02095E-2 2.83571E-2 1.0759E-2 1.83232E-2 9.18853E-3 6.3826E-3 7.16362E-3 2.55597E-3 1.85823E-3 5.14893E-3 5.84757E-3 1.54034E-3 8.98057E-4 5.91752E-4 5.72285E-4 3.49139E-4 5.07097E-4 8.39589E-4 8.15172E-4 9.97818E-4 5.35935E-4 2.97345E-4 4.8988E-4 2.39182E-4 9.71531E-5 2.49038E-4 1.07706E-3 3.20639E-3 4.64061E-3 4.2748E-3 3.41055E-3 3.0722E-3 3.20653E-3 2.77812E-3 1.66293E-3 1.95318E-3 2.81977E-3 2.63545E-3 3.98069E-3 4.05004E-3 4.23246E-3 4.17615E-3 3.52615E-3 3.05637E-3 3.10006E-3 3.57537E-3 3.74086E-3 4.03505E-3 4.55662E-3 4.98303E-3 5.13242E-3
-9999 -9999 -9999 -9999 -9999 -9999 -9999 -9999 -9999 -9999 -9999 5.31568E-2 5.44519E-2 3.63104E-2 1.62387E-2 7.96039E-3 2.823E-2 3.16694E-2 2.61869E-2 1.45209E-2 1.5576E-2 2.43151E-2 1.81432E-2 4.03837E-2 1.78123E-2 1.48828E-2 1.06619E-2 5.17924E-3 2.6612E-3 5.27027E-3 6.71998E-3 1.34173E-3 1.35509E-3 1.07529E-3 4.7952E-4 5.28089E-4 5.80649E-4 5.16841E-4 7.13173E-4 5.43038E-4 4.63634E-4 3.20827E-4 2.13475E-4 1.41507E-4 7.91885E-5 7.81391E-5 5.21391E-4 2.00515E-3 3.71124E-3 4.30458E-3 4.26032E-3 4.10296E-3 3.99213E-3 3.54764E-3 3.24827E-3 2.63545E-3 1.77169E-3 2.6874E-3 3.22988E-3 3.71872E-3 3.71872E-3 3.38217E-3 3.38217E-3 2.90027E-3 2.7006E-3 3.22988E-3 3.66824E-3 4.01126E-3 4.13664E-3 5.08823E-3
-9999 -9999 -9999 -9999 -9999 -9999 -9999 -9999 -9999 -9999 -9999 -9999 4.82742E-2 4.87508E-2 2.82968E-2 1.20128E-2 1.05893E-2 3.48202E-2 3.28602E-2 4.09828E-2 2.92729E-2 3.11424E-2 3.685E-2 5.71011E-2 3.80116E-2 3.61149E-2 3.53861E-2 1.03413E-2 2.57873E-3 2.37884E-3 3.41707E-3 1.15811E-3 1.7692E-3 1.33013E-3 5.28773E-4 2.88674E-4 3.17781E-4 4.79888E-4 6.0237E-4 2.56508E-4 1.74131E-4 1.79876E-4 3.20827E-4 3.96847E-4 2.14734E-4 8.71539E-5 9.1909E-5 5.02115E-4 1.3238E-3 2.54743E-3 3.17689E-3 3.68482E-3 3.32718E-3 3.44995E-3 3.57537E-3 2.77952E-3 1.34632E-3 1.07585E-3 1.47263E-3 2.38002E-3 3.15407E-3 1.89372E-3 1.4153E-3 1.24002E-3 1.29235E-3 1.74516E-3 3.93786E-3 4.85762E-3 4.91976E-3 4.91976E-3
-9999 -9999 -9999 -9999 -9999 -9999 -9999 -9999 -9999 -9999 -9999 -9999 -9999 4.37783E-2 4.04806E-2 2.54527E-2 2.56177E-2 1.53881E-2 1.81536E-2 5.5057E-2 5.00231E-2 3.55427E-2 6.52819E-2 5.84244E-2 2.54122E-2 1.08401E-2 3.95015E-3 7.57318E-3 1.15138E-2 1.37197E-2 1.63548E-3 4.39257E-4 2.11707E-4 6.34129E-4 5.56842E-4 2.69824E-4 2.72801E-4 1.95408E-4 2.24731E-4 2.99247E-4 2.35822E-4 3.577E-4 5.69365E-4 6.82589E-4 6.42053E-4 5.05859E-4 3.40924E-4 2.7158E-4 3.64475E-4 4.75821E-4 9.65559E-4 5.52014E-4 8.4123E-4 1.25039E-3 2.30648E-3 3.11354E-3 2.48659E-3 1.85272E-3 1.45029E-3 1.75824E-3 2.47596E-3 2.92667E-3 3.44024E-3 3.85169E-3 3.37826E-3 2.03655E-3 2.7788E-3 4.34112E-3 4.53475E-3 4.32071E-3
-9999 -9999 -9999 -9999 -9999 -9999 -9999 -9999 -9999 -9999 -9999 -9999 3.13003E-2 3.4185E-2 3.8416E-2 4.35405E-2 4.22652E-2 3.63943E-2 2.86668E-2 2.30138E-2 4.65301E-2 6.6031E-2 7.5943E-2 6.94369E-2 2.92193E-2 2.11192E-2 7.36766E-3 5.96163E-2 4.61327E-2 1.06694E-2 6.02245E-3 1.50903E-3 1.98935E-4 5.97266E-4 4.58068E-4 1.60973E-4 2.13664E-4 1.96051E-4 1.53215E-4 1.68451E-4 3.22417E-4 5.79597E-4 6.42258E-4 9.21174E-4 1.17702E-3 1.12586E-3 8.54362E-4 4.77916E-4 3.26632E-4 1.97735E-4 2.90076E-4 3.09131E-4 3.22214E-4 4.0456E-4 9.33953E-4 2.35412E-3 2.80577E-3 3.05328E-3 2.39258E-3 1.90629E-3 2.09204E-3 2.53722E-3 3.75023E-3 4.04666E-3 3.73242E-3 2.37017E-3 2.11082E-3 2.92667E-3 2.92667E-3 2.67483E-3
-9999 -9999 -9999 -9999 -9999 -9999 -9999 -9999 -9999 -9999 -9999 -9999 -9999 -9999 -9999 3.62469E-2 4.13848E-2 4.38562E-2 4.84198E-2 3.24317E-2 4.7197E-2 5.16851E-2 6.39357E-2 7.6085E-2 7.97656E-2 4.67957E-2 3.54578E-2 5.13086E-2 6.62217E-2 4.35527E-2 5.37405E-2 1.99254E-2 2.37679E-3 1.39238E-3 5.85226E-4 1.93999E-4 1.59355E-4 3.25528E-4 3.50667E-4 1.6387E-4 2.08258E-4 3.57132E-4 5.28966E-4 6.67409E-4 1.27966E-3 1.44225E-3 1.39674E-3 1.20434E-3 7.26809E-4 3.38823E-4 1.29881E-4 2.03769E-4 3.73395E-4 6.12517E-4 9.35329E-4 1.78465E-3 2.45059E-3 3.11017E-3 3.22663E-3 1.98893E-3 2.53722E-3 3.51971E-3 4.25102E-3 4.25102E-3 3.70041E-3 2.37017E-3 2.53722E-3 2.11082E-3 1.50444E-3 1.0995E-3
-9999 -9999 -9999 -9999 -9999 -9999 -9999 -9999 -9999 -9999 -9999 -9999 -9999 -9999 -9999 -9999 3.37443E-2 3.83367E-2 4.31502E-2 5.09353E-2 5.28549E-2 6.26757E-2 6.63969E-2 7.30584E-2 6.73043E-2 7.79588E-2 7.57082E-2 7.67765E-2 8.16089E-2 1.80418E-2 2.24437E-2 1.66668E-2 5.48923E-3 4.66141E-3 1.6307E-3 2.34844E-4 1.93999E-4 1.78827E-4 5.64951E-4 6.88854E-4 5.24674E-4 5.22483E-4 6.73648E-4 6.86326E-4 8.27021E-4 1.50465E-3 1.54902E-3 1.53472E-3 1.4055E-3 1.00619E-3 6.20347E-4 3.94337E-4 2.22652E-4 3.6578E-4 8.80874E-4 1.70319E-3 2.40215E-3 3.11017E-3 3.37826E-3 2.52472E-3 2.91261E-3 2.61219E-3 3.0815E-3 2.83179E-3 3.78833E-3 3.85915E-3 3.60257E-3 2.66201E-3 2.39258E-3 1.73164E-3
-9999 -9999 -9999 -9999 -9999 -9999 -9999 -9999 -9999 -9999 -9999 -9999 -9999 -9999 -9999 -9999 -9999 -9999 3.6762E-2 3.90334E-2 4.31744E-2 4.89861E-2 5.21422E-2 5.08069E-2 5.31479E-2 5.23292E-2 6.29789E-2 7.09855E-2 8.42031E-2 8.64261E-2 7.38189E-2 2.50801E-2 1.91996E-3 5.25415E-4 1.11423E-3 2.35691E-4 1.60642E-4 3.6154E-4 6.47719E-4 3.73788E-4 6.02455E-4 8.38286E-4 9.46256E-4 1.25617E-3 1.77975E-3 1.4276E-3 1.57138E-3 1.70025E-3 1.72573E-3 1.62626E-3 1.38443E-3 1.12342E-3 7.48841E-4 5.23212E-4 5.99881E-4 1.4532E-3 2.3198E-3 2.81877E-3 3.18212E-3 3.30147E-3 3.16783E-3 2.70094E-3 1.9421E-3 7.31578E-4 2.00085E-3 3.5731E-3 2.50084E-3 2.01878E-3 2.03655E-3 2.01046E-3
-9999 -9999 -9999 -9999 -9999 -9999 -9999 -9999 -9999 -9999 -9999 -9999 -9999 -9999 -9999 -9999 -9999 -9999 -9999 -9999 3.86695E-2 4.05861E-2 4.36899E-2 4.59936E-2 4.49335E-2 4.2852E-2 4.12695E-2 4.28074E-2 5.6055E-2 5.29597E-2 5.13086E-2 8.34885E-2 5.6894E-2 3.97336E-2 1.03722E-2 2.45112E-3 2.15514E-4 4.28778E-4 3.36174E-4 4.86159E-4 9.4105E-4 9.81863E-4 1.25341E-3 1.51923E-3 1.56801E-3 1.54207E-3 1.22604E-3 1.23933E-3 1.60314E-3 1.74999E-3 1.77077E-3 1.69014E-3 1.50421E-3 1.24486E-3 1.0725E-3 1.46033E-3 1.55089E-3 1.88075E-3 2.48842E-3 2.95381E-3 2.64973E-3 1.65333E-3 7.20215E-4 3.42357E-4 1.07167E-3 2.70094E-3 1.54461E-3 2.24443E-3 2.66201E-3 2.33277E-3
-9999 -9999 -9999 -9999 -9999 -9999 -9999 -9999 -9999 -9999 -9999 -9999 -9999 -9999 -9999 -9999 -9999 -9999 -9999 -9999 -9999 3.81375E-2 4.04272E-2 4.22053E-2 4.26678E-2 4.22791E-2 4.13291E-2 4.00163E-2 3.80365E-2 3.66738E-2 3.5451E-2 4.5912E-2 8.40389E-2 7.6578E-2 6.99385E-2 3.10048E-3 1.0822E-3 5.15651E-4 3.24102E-4 1.00963E-3 9.94559E-4 1.18735E-3 4.8097E-4 1.0708E-3 1.63712E-3 1.42943E-3 1.33379E-3 1.34953E-3 1.64445E-3 1.57805E-3 1.70076E-3 1.89663E-3 1.88395E-3 1.72333E-3 1.1066E-3 8.53657E-4 8.02933E-4 4.59245E-4 1.2265E-3 2.53722E-3 2.64973E-3 1.99426E-3 1.14205E-3 6.15573E-4 8.89576E-4 2.84575E-3 3.39616E-3 2.8583E-3 1.23138E-3 1.2892E-3
-9999 -9999 -9999 -9999 -9999 -9999 -9999 -9999 -9999 -9999 -9999 -9999 -9999 -9999 -9999 -9999 -9999 -9999 -9999 -9999 -9999 -9999 3.83E-2 4.00781E-2 4.17771E-2 4.27827E-2 4.28102E-2 4.24489E-2 4.1005E-2 3.79649E-2 3.3388E-2 3.75591E-2 5.94092E-2 7.2332E-2 7.29357E-2 1.08593E-2 3.85356E-3 6.00794E-4 1.29644E-3 1.79077E-3 1.06496E-3 1.1471E-3 6.84961E-4 7.02255E-4 6.52834E-4 1.17859E-3 1.0582E-3 1.28771E-3 9.93815E-4 1.56671E-3 1.88244E-3 1.93309E-3 2.14187E-3 1.93252E-3 1.19329E-3 5.15615E-4 4.92952E-4 5.99881E-4 8.94537E-4 1.98893E-3 2.39456E-3 2.29245E-3 1.59267E-3 4.48909E-4 4.00883E-4 1.91852E-3 3.6512E-3 3.31715E-3 1.43123E-3 1.0725E-3
-9999 -9999 -9999 -9999 -9999 -9999 -9999 -9999 -9999 -9999 -9999 -9999 -9999 -9999 -9999 -9999 -9999 -9999 -9999 -9999 -9999 -9999 3.6918E-2 3.83871E-2 4.04355E-2 4.23685E-2 4.37806E-2 4.44066E-2 4.36738E-2 4.24177E-2 3.57788E-2 2.95213E-2 4.03487E-2 6.76654E-2 7.77116E-2 6.8239E-2 2.24808E-2 3.23969E-3 5.17663E-4 3.8977E-3 1.12798E-3 5.08173E-4 7.13561E-4 6.63039E-4 5.42933E-4 6.48224E-4 1.01087E-3 9.45314E-4 6.66211E-4 1.69888E-3 2.20314E-3 2.32356E-3 2.21326E-3 1.94723E-3 1.30523E-3 6.81661E-4 3.48953E-4 3.26632E-4 4.08749E-4 1.16218E-3 1.89E-3 2.02406E-3 1.96486E-3 1.52219E-3 8.03206E-4 1.27873E-3 3.42543E-3 3.63339E-3 2.41507E-3 1.6477E-3
-9999 -9999 -9999 -9999 -9999 -9999 -9999 -9999 -9999 -9999 -9999 -9999 -9999 -9999 -9999 -9999 -9999 -9999 -9999 -9999 -9999 -9999 -9999 3.7159E-2 3.89247E-2 4.11757E-2 4.34468E-2 4.47076E-2 4.5679E-2 4.52581E-2 4.18519E-2 3.34056E-2 3.20998E-2 6.51875E-2 7.70841E-2 6.35612E-2 2.60375E-2 1.06213E-2 6.99102E-3 3.98257E-3 3.29259E-3 8.22808E-4 2.91122E-4 7.3017E-4 6.33479E-4 3.61909E-4 4.17709E-4 8.88639E-4 8.98186E-4 1.0232E-3 1.37148E-3 2.04999E-3 1.99365E-3 1.98647E-3 1.60247E-3 1.17377E-3 7.02213E-4 3.72768E-4 1.5452E-4 3.31473E-4 5.72834E-4 1.14443E-3 1.61786E-3 2.00085E-3 1.66773E-3 1.83769E-3 3.08063E-3 3.80066E-3 3.25748E-3 1.74992E-3
-9999 -9999 -9999 -9999 -9999 -9999 -9999 -9999 -9999 -9999 -9999 -9999 -9999 -9999 -9999 -9999 -9999 -9999 -9999 -9999 -9999 -9999 -9999 3.49423E-2 3.76193E-2 3.94281E-2 4.13258E-2 4.32316E-2 4.57167E-2 4.64228E-2 4.4945E-2 4.08389E-2 3.60058E-2 4.62397E-2 7.10052E-2 7.16588E-2 3.84652E-3 1.47267E-2 3.47717E-2 1.73571E-2 1.17799E-2 2.83981E-3 2.85482E-3 1.40657E-3 5.96178E-4 4.95073E-4 2.88095E-4 4.86341E-4 8.21989E-4 7.50794E-4 1.0372E-3 1.85513E-3 1.76056E-3 1.9937E-3 2.16228E-3 1.89663E-3 1.4262E-3 1.02129E-3 3.33242E-4 1.92698E-4 1.03893E-4 4.53682E-4 1.28427E-3 1.81205E-3 1.73164E-3 1.17155E-3 1.59153E-3 3.47251E-3 3.74951E-3 2.8469E-3
-9999 -9999 -9999 -9999 -9999 -9999 -9999 -9999 -9999 -9999 -9999 -9999 -9999 -9999 -9999 -9999 -9999 -9999 -9999 -9999 -9999 -9999 3.02199E-2 3.24438E-2 3.47569E-2 3.71105E-2 3.87978E-2 4.01474E-2 4.31681E-2 4.62449E-2 4.6803E-2 4.45981E-2 4.24218E-2 3.99507E-2 4.86537E-2 6.86354E-2 3.63943E-2 1.74902E-3 4.27532E-3 1.12566E-2 6.51869E-3 1.3401E-3 1.97705E-3 8.33638E-4 4.49495E-4 5.58857E-4 2.8546E-4 4.222E-4 5.95565E-4 6.17094E-4 7.31969E-4 1.22164E-3 1.63643E-3 1.81649E-3 1.6921E-3 2.31818E-3 2.0646E-3 1.7668E-3 1.2091E-3 6.15661E-4 4.34548E-4 2.95172E-4 6.45411E-4 1.48914E-3 1.57504E-3 1.7073E-3 1.37801E-3 2.41655E-3 3.52615E-3 3.56149E-3
-9999 -9999 -9999 -9999 -9999 -9999 -9999 -9999 -9999 -9999 -9999 -9999 -9999 -9999 -9999 -9999 -9999 -9999 -9999 -9999 -9999 -9999 2.76211E-2 3.0943E-2 3.28488E-2 3.44016E-2 3.69843E-2 3.81789E-2 4.12613E-2 4.51188E-2 4.68796E-2 4.66349E-2 4.44576E-2 4.23329E-2 4.15414E-2 6.62533E-2 3.12261E-2 1.11441E-2 1.59717E-2 5.71828E-3 3.4404E-3 2.41843E-3 1.44355E-3 4.0723E-3 1.51394E-3 1.30289E-3 7.04382E-4 4.21549E-4 3.97249E-4 4.00796E-4 7.9043E-4 1.00802E-3 8.20025E-4 1.87261E-3 2.50137E-3 2.63571E-3 2.64983E-3 2.55223E-3 2.22839E-3 1.28256E-3 7.85411E-4 7.55985E-4 7.82559E-4 1.10441E-3 1.02129E-3 1.74157E-3 1.77546E-3 1.22861E-3 2.58302E-3 2.7551E-3
-9999 -9999 -9999 -9999 -9999 -9999 -9999 -9999 -9999 -9999 -9999 -9999 -9999 -9999 -9999 -9999 -9999 -9999 -9999 -9999 -9999 -9999 2.65708E-2 2.90423E-2 3.15066E-2 3.35924E-2 3.59097E-2 3.77424E-2 4.08957E-2 4.42325E-2 4.66675E-2 4.67825E-2 4.55185E-2 4.40709E-2 4.21479E-2 5.44776E-2 4.74265E-2 1.48422E-2 1.43382E-2 3.45785E-2 6.79066E-3 2.93577E-3 2.49076E-3 3.72267E-3 8.11044E-4 1.56208E-3 8.83409E-4 6.20948E-4 6.99552E-4 6.56933E-4 6.58899E-4 7.49294E-4 1.20508E-3 1.36024E-3 2.59867E-3 3.15567E-3 3.17285E-3 3.10168E-3 2.80788E-3 1.93565E-3 9.06951E-4 8.56512E-4 8.32216E-4 1.14943E-3 1.42667E-3 1.67255E-3 2.36637E-3 2.45579E-3 3.1003E-3 2.45197E-3
-9999 -9999 -9999 -9999 -9999 -9999 -9999 -9999 -9999 -9999 -9999 -9999 -9999 -9999 -9999 -9999 -9999 -9999 -9999 -9999 -9999 -9999 -9999 -9999 3.06448E-2 3.30021E-2 3.49409E-2 3.72929E-2 4.02499E-2 4.34001E-2 4.56175E-2 4.68152E-2 4.73419E-2 4.52018E-2 4.31932E-2 4.3843E-2 6.09281E-2 5.6085E-2 5.74091E-2 5.05189E-2 1.49598E-2 5.09798E-3 2.13712E-3 6.74554E-3 7.41147E-4 6.25592E-4 9.31356E-4 8.20687E-4 6.48775E-4 8.28796E-4 6.19332E-4 5.47745E-4 9.57499E-4 1.22429E-3 1.26739E-3 2.47189E-3 3.69549E-3 3.56789E-3 3.45344E-3 2.87476E-3 2.08121E-3 1.62107E-3 1.43765E-3 1.5304E-3 1.72587E-3 1.79987E-3 2.50235E-3 3.02776E-3 2.75804E-3 3.24589E-3
-9999 -9999 -9999 -9999 -9999 -9999 -9999 -9999 -9999 -9999 -9999 -9999 -9999 -9999 -9999 -9999 -9999 -9999 -9999 -9999 -9999 -9999 -9999 -9999 3.0682E-2 3.26575E-2 3.52082E-2 3.75997E-2 3.99792E-2 4.22347E-2 4.49363E-2 4.59153E-2 4.68669E-2 4.73842E-2 4.47058E-2 4.23075E-2 4.49809E-2 5.21328E-2 5.59254E-2 5.33708E-2 4.52438E-2 5.79408E-3 1.44312E-3 3.46721E-3 5.60716E-3 1.08569E-3 5.41943E-4 1.04633E-3 1.27737E-3 6.84877E-4 7.50974E-4 6.71158E-4 2.55795E-4 4.00238E-4 4.98158E-4 8.64675E-4 1.13386E-3 2.61934E-3 3.38103E-3 3.34228E-3 3.11604E-3 2.53088E-3 2.04999E-3 1.22604E-3 8.17422E-4 1.1284E-3 1.90902E-3 2.6771E-3 3.16116E-3 3.0929E-3
-9999 -9999 -9999 -9999 -9999 -9999 -9999 -9999 -9999 -9999 -9999 -9999 -9999 -9999 -9999 -9999 -9999 -9999 -9999 -9999 -9999 -9999 -9999 -9999 3.107E-2 3.36535E-2 3.54696E-2 3.75801E-2 3.98962E-2 4.15223E-2 4.35012E-2 4.53056E-2 4.66347E-2 4.68457E-2 4.68356E-2 4.35793E-2 4.40759E-2 4.36595E-2 5.0162E-2 5.16675E-2 4.20917E-2 1.52042E-2 6.12263E-3 4.93835E-3 3.40201E-3 4.19798E-3 1.24925E-3 2.65641E-3 2.36844E-3 1.40546E-3 1.7959E-3 7.6919E-4 9.31226E-4 9.0559E-4 1.15101E-3 6.91401E-4 5.46988E-4 1.07755E-3 1.94042E-3 2.86541E-3 3.50805E-3 3.44938E-3 2.12524E-3 1.01331E-3 4.52531E-4 4.76803E-4 1.03275E-3 1.29749E-3 1.72282E-3 3.29315E-3
-9999 -9999 -9999 -9999 -9999 -9999 -9999 -9999 -9999 -9999 -9999 -9999 -9999 -9999 -9999 -9999 -9999 -9999 -9999 -9999 -9999 -9999 -9999 -9999 -9999 3.40628E-2 3.53685E-2 3.6754E-2 3.91456E-2 4.04667E-2 -9999 -9999 4.53726E-2 4.59568E-2 4.62611E-2 4.42093E-2 4.27792E-2 4.28227E-2 4.40205E-2 4.9124E-2 4.5726E-2 2.16791E-2 3.36317E-2 3.01646E-2 2.34916E-2 3.75519E-3 1.95274E-3 6.54479E-4 2.34137E-3 2.47118E-3 1.14956E-3 1.59198E-3 9.51672E-4 1.03045E-3 1.39066E-3 1.56293E-3 8.68987E-4 5.73966E-4 1.27171E-3 2.35797E-3 3.48074E-3 4.05297E-3 3.33951E-3 2.12914E-3 1.27698E-3 9.10129E-4 8.11543E-4 4.56472E-4 6.5993E-4 1.89863E-3
-9999 -9999 -9999 -9999 -9999 -9999 -9999 -9999 -9999 -9999 -9999 -9999 -9999 -9999 -9999 -9999 -9999 -9999 -9999 -9999 -9999 -9999 -9999 -9999 -9999 -9999 3.48309E-2 3.64147E-2 3.83558E-2 3.92989E-2 -9999 4.30841E-2 4.39745E-2 4.46886E-2 4.58715E-2 4.56238E-2 4.37455E-2 4.26981E-2 4.24681E-2 4.35895E-2 4.63251E-2 4.40024E-2 4.13429E-2 3.89151E-2 3.55656E-2 2.37497E-2 4.89257E-3 1.92879E-3 2.03883E-3 5.23303E-3 5.47194E-3 2.71176E-3 1.56227E-3 1.18862E-3 2.23621E-3 3.22043E-3 2.28365E-3 1.1625E-3 7.25494E-4 1.05389E-3 2.72648E-3 4.63652E-3 4.66721E-3 3.71961E-3 2.82019E-3 2.00973E-3 1.67067E-3 9.35818E-4 9.00375E-4 1.91733E-3
-9999 -9999 -9999 -9999 -9999 -9999 -9999 -9999 -9999 -9999 -9999 -9999 -9999 -9999 -9999 -9999 -9999 -9999 -9999 -9999 -9999 -9999 -9999 -9999 -9999 -9999 -9999 3.55456E-2 3.69218E-2 3.83558E-2 -9999 -9999 -9999 4.31681E-2 -9999 -9999 -9999 4.48923E-2 4.1469E-2 4.27466E-2 4.37458E-2 4.29285E-2 4.19208E-2 3.58029E-2 3.55559E-2 2.87288E-2 1.09871E-2 8.55647E-3 4.93835E-3 4.47932E-3 1.03678E-2 1.04657E-2 6.12361E-3 3.85431E-3 4.78334E-3 3.68864E-3 2.18608E-3 2.09845E-3 1.61304E-3 1.05308E-3 1.80844E-3 3.77378E-3 4.77248E-3 4.6986E-3 4.18605E-3 3.42714E-3 2.83966E-3 2.51649E-3 2.35863E-3 1.81696E-3
-9999 -9999 -9999 -9999 -9999 -9999 -9999 -9999 -9999 -9999 -9999 -9999 -9999 -9999 -9999 -9999 -9999 -9999 -9999 -9999 -9999 -9999 -9999 -9999 -9999 -9999 -9999 -9999 -9999 -9999 -9999 -9999 -9999 -9999 -9999 -9999 -9999 4.36833E-2 4.30989E-2 3.99335E-2 3.97996E-2 4.02416E-2 4.09595E-2 3.76484E-2 3.55432E-2 3.00192E-2 4.62201E-3 6.36786E-3 5.84596E-3 4.05478E-3 1.08789E-2 1.42751E-2 1.32332E-2 9.43126E-3 4.98056E-3 4.14675E-3 4.68992E-3 2.24751E-3 1.80064E-3 1.82112E-3 2.46761E-3 3.69076E-3 4.71872E-3 4.72478E-3 4.30828E-3 3.86863E-3 3.50248E-3 3.02088E-3 2.88891E-3 2.08926E-3
-9999 -9999 -9999 -9999 -9999 -9999 -9999 -9999 -9999 -9999 -9999 -9999 -9999 -9999 -9999 -9999 -9999 -9999 -9999 -9999 -9999 -9999 -9999 -9999 -9999 -9999 -9999 -9999 -9999 -9999 -9999 -9999 -9999 -9999 -9999 -9999 -9999 -9999 4.07714E-2 4.09515E-2 3.87124E-2 3.77318E-2 3.72651E-2 3.69193E-2 3.80205E-2 3.73766E-2 2.36865E-2 3.64997E-3 5.43698E-3 3.66167E-3 8.40666E-3 9.7484E-3 1.1243E-2 1.39003E-2 1.06994E-2 1.05875E-2 9.27533E-3 8.97335E-3 8.28615E-3 5.68949E-3 3.30147E-3 4.4558E-3 4.9903E-3 4.0555E-3 3.08782E-3 3.64248E-3 4.01545E-3 4.13768E-3 3.70255E-3 3.12477E-3
-9999 -9999 -9999 -9999 -9999 -9999 -9999 -9999 -9999 -9999 -9999 -9999 -9999 -9999 -9999 -9999 -9999 -9999 -9999 -9999 -9999 -9999 -9999 -9999 -9999 -9999 -9999 -9999 -9999 -9999 -9999 -9999 -9999 -9999 -9999 -9999 -9999 -9999 -9999 4.09336E-2 4.03415E-2 3.87755E-2 3.78808E-2 3.55482E-2 3.59515E-2 3.70599E-2 3.63469E-2 1.32018E-2 3.15848E-3 9.63801E-3 1.21573E-2 1.91187E-2 1.41134E-2 1.26596E-2 1.34705E-2 1.29819E-2 1.17863E-2 9.06905E-3 8.27848E-3 7.33441E-3 7.80662E-3 3.17704E-3 4.21292E-3 2.5535E-3 3.26014E-3 3.63574E-3 3.85869E-3 4.53238E-3 4.53901E-3 4.06806E-3
