KUENM/Final_Models/M_0.1_F_lq_Set_2_E/sp1_8_se_asia.asc
ncols         320
nrows         243
xllcorner     44.0
yllcorner     -0.666666666666667
cellsize      0.166666666666667
NODATA_value  -9999
[rows 31 to 61 of 243, columns 140 to 209 of 320]
3.69397E-13 4.35807E-14 1.04186E-13 1.01031E-14 3.99429E-13 5.71903E-12 2.25034E-13 1.84301E-13 3.28564E-12 4.57338E-9 3.78049E-5 1.56622E-4 5.77425E-5 1.38508E-3 1.1612E-2 2.13641E-2 6.03588E-2 7.82574E-2 6.28084E-2 9.39139E-2 7.28268E-2 5.53867E-2 8.90149E-3 1.11197E-1 1.42778E-1 3.84042E-2 6.23862E-2 8.93944E-2 7.3809E-2 3.06963E-3 3.84548E-3 4.70255E-4 5.28392E-4 3.21635E-6 1.22065E-5 7.35263E-6 4.10324E-6 2.73019E-8 8.56223E-9 7.77061E-7 1.63944E-7 6.82309E-6 7.04064E-7 3.31999E-10 1.10277E-10 8.48641E-11 1.24942E-11 7.78729E-14 8.36105E-17 3.78241E-16 6.06413E-16 3.12708E-14 7.90072E-12 1.80056E-13 1.38468E-12 4.55705E-13 2.77523E-19 1.25645E-20 1.71615E-20 3.85979E-19 5.7026E-14 2.98823E-11 2.45846E-19 3.06623E-24 1.59534E-23 2.47555E-20 -9999 -9999 -9999 -9999
7.92209E-12 2.72866E-11 2.84639E-10 3.42453E-10 3.03472E-11 3.02273E-11 1.28344E-11 1.10735E-9 1.64065E-7 3.47248E-7 1.47972E-5 2.5515E-5 7.27958E-6 1.22275E-5 5.11503E-4 3.07722E-3 2.73031E-2 7.15565E-2 9.45891E-2 1.20795E-1 1.45993E-1 1.36761E-1 1.00849E-1 1.63648E-1 1.75439E-1 1.81151E-1 2.98305E-1 3.03053E-1 2.53305E-1 8.49263E-2 2.44626E-2 1.04119E-2 1.37158E-3 5.4256E-5 3.93531E-6 3.60194E-7 2.6016E-6 2.06335E-5 5.87798E-5 4.51169E-8 2.10516E-6 3.1304E-4 4.00141E-5 5.66262E-5 1.87185E-8 1.53258E-12 1.72521E-13 2.75499E-14 2.88952E-16 4.5252E-15 2.91875E-14 2.63593E-14 8.66748E-14 1.81859E-13 1.25764E-13 8.21138E-13 2.27813E-12 1.05805E-16 1.32101E-19 3.04169E-21 2.47555E-20 9.34994E-20 8.722E-14 7.37904E-20 8.65247E-23 2.61331E-18 8.3041E-23 2.07058E-23 2.11856E-22 -9999
1.02339E-10 3.5549E-12 2.71377E-12 1.28391E-10 3.98464E-10 4.28776E-9 2.02709E-9 3.97625E-9 3.56467E-8 4.72312E-7 1.80801E-5 4.87136E-6 1.08149E-8 1.45941E-8 2.51246E-5 4.03733E-4 1.22843E-2 4.73214E-2 9.3888E-2 1.23005E-1 1.60671E-1 1.9236E-1 2.08853E-1 2.14641E-1 2.71984E-1 3.80417E-1 4.04772E-1 3.94887E-1 3.88961E-1 3.57005E-1 2.30446E-1 5.87476E-2 2.77062E-3 2.18853E-3 2.46705E-5 7.47051E-6 6.51432E-6 5.26357E-4 1.569E-5 6.4043E-8 2.0421E-9 1.39685E-5 4.69618E-4 8.10482E-4 3.59664E-5 1.31554E-7 6.83424E-11 3.48534E-12 5.39129E-14 5.78941E-16 6.98312E-18 1.66959E-14 4.60538E-16 1.34538E-16 1.17821E-16 1.23059E-15 2.10787E-14 4.99419E-13 7.91942E-13 7.98803E-12 3.19116E-15 4.10756E-17 4.90327E-18 1.04382E-16 5.24512E-17 2.9192E-18 7.08637E-21 1.16223E-21 1.01546E-19 4.96586E-21
1.01425E-11 6.17997E-12 5.61928E-12 1.3192E-10 7.73228E-10 6.08515E-10 1.38874E-8 1.65683E-7 1.13257E-6 5.13371E-6 1.98704E-5 2.05758E-6 1.77459E-10 8.20493E-9 5.3161E-9 1.81952E-11 9.36461E-9 2.843E-5 1.11609E-3 1.44057E-2 6.03913E-2 5.17719E-2 6.85934E-2 1.07568E-1 3.41531E-1 3.82437E-1 4.27514E-1 4.28063E-1 4.16289E-1 3.89662E-1 3.83363E-1 3.37821E-1 1.05845E-1 7.85683E-2 3.76895E-4 5.55058E-5 3.45453E-6 4.15839E-3 4.08955E-4 1.65503E-5 1.54528E-5 5.71694E-8 2.53875E-6 3.58574E-4 7.25682E-4 4.09964E-5 1.65828E-9 2.3707E-11 4.02428E-13 3.24916E-14 1.93061E-17 6.11029E-15 2.24526E-19 3.12567E-18 1.02366E-18 4.28725E-19 1.00112E-19 8.03664E-16 6.78355E-17 3.65387E-13 2.09415E-13 4.72041E-10 2.04381E-14 3.03885E-20 1.4024E-16 2.21804E-17 6.74867E-19 2.1027E-21 -9999 -9999
4.31834E-12 1.74959E-12 8.87753E-13 3.71047E-11 4.19887E-11 1.35575E-10 4.75905E-9 5.43139E-8 5.60863E-7 1.08792E-5 9.51211E-6 2.02412E-7 1.19113E-9 1.22635E-7 3.8312E-6 7.17847E-5 1.92629E-4 1.13569E-6 2.80363E-8 5.22963E-7 1.14917E-4 5.5493E-3 5.02821E-2 1.48153E-1 3.5356E-1 3.94415E-1 3.9111E-1 2.92111E-1 3.00104E-1 4.07776E-1 4.22029E-1 3.5105E-1 1.68277E-1 7.68872E-2 1.59012E-3 8.68438E-4 3.8761E-4 1.2826E-2 9.58478E-3 8.66164E-5 2.53911E-5 7.31523E-8 6.39974E-12 2.36456E-7 7.4666E-5 8.39011E-4 7.30294E-5 2.17954E-7 1.93297E-12 4.57973E-12 5.55546E-15 4.79224E-17 1.34281E-17 1.40235E-18 1.29801E-18 3.53368E-18 5.75162E-17 1.40962E-15 9.113E-14 5.70535E-13 2.22926E-16 1.32578E-16 5.12066E-11 2.45472E-18 5.60789E-20 4.53913E-18 4.42012E-18 3.06577E-16 2.86464E-22 -9999
1.24866E-11 2.14107E-13 8.30926E-12 3.14749E-11 4.25898E-11 1.79247E-8 1.73578E-7 1.041E-7 3.41319E-8 6.39827E-7 9.41527E-8 4.92652E-8 3.87962E-7 6.2425E-7 8.61005E-5 3.77915E-4 4.09584E-3 1.48926E-2 4.04859E-3 2.18966E-4 6.14122E-4 1.37998E-3 2.41854E-2 8.76691E-2 1.83924E-1 3.16658E-1 1.75226E-1 2.61107E-1 3.96022E-1 3.97609E-1 4.05751E-1 3.55029E-1 2.38739E-1 5.38177E-2 1.13692E-2 9.80835E-3 1.10671E-2 2.66036E-2 9.4539E-3 3.21746E-2 2.67458E-2 4.65069E-4 2.17769E-10 1.81452E-11 3.95132E-7 9.16707E-5 1.04483E-3 1.3182E-4 1.9447E-9 1.04041E-10 1.53309E-11 2.83264E-13 7.73273E-18 1.16335E-19 3.94212E-17 1.83102E-17 2.05934E-16 4.03528E-14 6.90617E-19 4.5025E-16 9.34737E-18 7.44078E-20 2.27018E-14 2.29817E-14 6.81145E-20 4.98433E-22 1.00336E-19 3.04229E-18 3.41706E-16 -9999
6.25088E-12 9.47485E-14 4.07102E-11 7.62419E-11 1.00785E-9 3.84688E-8 1.508E-6 5.99894E-7 2.12696E-7 2.803E-7 1.81974E-6 2.72448E-6 1.78371E-7 6.93181E-8 1.26521E-4 8.0202E-3 2.00998E-2 6.35203E-2 3.51538E-2 8.72532E-3 2.65116E-2 4.32217E-2 1.74565E-1 3.01682E-1 4.07024E-1 3.64206E-1 3.53301E-1 4.55415E-1 4.40835E-1 3.86792E-1 3.62521E-1 3.39235E-1 2.58621E-1 1.13981E-1 4.80264E-2 3.74862E-2 2.42224E-2 2.62551E-2 4.07153E-2 6.29893E-2 5.41706E-2 5.63223E-3 1.11953E-6 2.09277E-12 1.68278E-10 2.03297E-7 3.43812E-6 4.66473E-6 9.41059E-9 1.22125E-10 1.0703E-8 8.63767E-12 3.89891E-15 6.93507E-17 3.35785E-18 4.67315E-18 1.82188E-15 6.34192E-14 4.66307E-16 1.54546E-18 1.09373E-16 1.2076E-19 1.49874E-17 4.89465E-19 5.91935E-16 4.83175E-21 1.16823E-22 1.63542E-18 7.728E-16 -9999
5.48783E-11 3.22582E-12 2.11702E-11 9.20225E-12 5.93429E-9 6.97956E-7 5.91725E-6 8.03962E-6 3.09036E-6 1.22027E-5 1.13561E-5 1.17464E-7 7.84204E-6 1.56225E-5 2.46311E-3 2.55384E-2 7.0383E-2 7.13816E-2 1.30672E-1 1.70081E-1 1.85386E-1 1.75367E-1 2.50817E-1 4.04772E-1 4.89932E-1 4.87484E-1 4.73902E-1 4.86529E-1 4.58577E-1 4.16945E-1 4.07447E-1 3.60858E-1 3.15538E-1 2.65559E-1 1.57201E-1 1.18511E-1 8.88264E-2 4.6438E-2 2.36753E-2 3.76785E-2 6.06448E-2 3.52414E-2 3.68405E-3 2.04013E-7 1.91186E-6 1.54483E-8 3.22568E-9 2.10438E-7 6.66108E-10 2.83772E-7 7.31362E-6 1.02335E-7 1.1319E-12 2.39258E-12 1.70451E-13 1.03883E-18 1.22186E-18 2.75143E-14 1.37264E-18 8.44308E-17 6.89213E-18 8.10654E-18 2.23983E-18 7.15379E-18 6.67174E-18 2.13854E-17 3.36001E-20 5.13632E-21 4.21977E-19 -9999
5.00322E-10 3.74726E-10 6.4252E-10 4.74716E-8 1.11208E-6 4.92249E-6 9.02481E-6 5.75506E-6 1.1742E-5 1.22964E-5 7.3155E-7 5.44289E-8 1.00293E-5 4.36143E-4 1.01973E-2 2.48848E-2 3.05936E-2 1.13353E-1 2.02926E-1 2.67075E-1 2.33524E-1 3.1906E-1 3.75674E-1 4.0159E-1 4.22971E-1 4.47961E-1 4.86012E-1 4.55837E-1 4.57056E-1 4.61254E-1 4.37947E-1 4.3594E-1 4.4317E-1 3.68121E-1 2.89556E-1 2.62483E-1 2.16119E-1 8.29216E-2 2.82954E-2 2.56822E-2 7.53505E-2 7.64849E-2 5.00932E-2 8.49862E-3 1.54307E-3 4.45171E-5 4.91453E-5 2.07549E-5 1.28858E-7 4.651E-8 3.4788E-6 1.61527E-8 1.4982E-9 7.86762E-10 1.28593E-14 4.73024E-16 4.50987E-19 1.41591E-17 2.96818E-16 2.52062E-16 7.39975E-16 1.58442E-16 7.1217E-17 4.69209E-18 2.12186E-18 2.14248E-19 3.79988E-17 1.83611E-16 8.71707E-19 4.81971E-15
1.19327E-8 6.5108E-9 5.04657E-8 7.76813E-7 3.80098E-6 6.10005E-6 1.8938E-6 1.28646E-6 8.48638E-6 4.35849E-6 3.71277E-7 1.15137E-6 6.71696E-6 6.68355E-5 8.29513E-4 1.79394E-2 8.4348E-2 2.00917E-1 2.95567E-1 3.51547E-1 3.82524E-1 4.22664E-1 4.08054E-1 2.6946E-1 2.69903E-1 4.1624E-1 5.06093E-1 5.00722E-1 4.92497E-1 4.65578E-1 4.62411E-1 4.57178E-1 4.46607E-1 4.03958E-1 3.76176E-1 3.47178E-1 2.94026E-1 1.78217E-1 8.11674E-2 4.10642E-2 5.7424E-2 5.08293E-2 2.11443E-2 1.07238E-2 6.53723E-4 3.59897E-4 7.01428E-5 4.93018E-6 4.12616E-6 4.86007E-6 1.23693E-6 2.87764E-7 1.433E-9 5.49783E-11 1.98764E-9 5.66799E-14 1.58468E-16 3.39001E-19 1.41298E-18 4.18134E-17 1.34281E-17 1.41709E-16 1.43267E-17 6.95421E-19 8.25099E-21 9.61838E-19 1.93461E-21 3.59828E-17 7.9358E-14 1.10668E-16
1.68267E-8 6.11326E-8 4.59646E-7 2.37174E-6 4.80336E-6 2.71749E-6 3.11186E-6 1.20587E-5 3.33667E-6 8.33036E-7 3.67573E-6 2.2399E-5 3.37446E-4 2.09645E-3 1.11085E-2 2.32136E-2 1.29303E-1 2.57833E-1 3.37115E-1 3.82657E-1 4.13544E-1 4.37173E-1 3.87603E-1 4.73385E-1 5.06863E-1 5.02025E-1 4.91508E-1 4.79232E-1 4.63246E-1 4.32696E-1 4.27774E-1 4.22086E-1 4.06305E-1 4.28358E-1 4.42047E-1 4.51336E-1 4.10036E-1 3.22255E-1 2.16542E-1 1.30228E-1 8.077E-2 4.6636E-2 1.30305E-2 1.40039E-3 7.45284E-5 1.18942E-5 3.62692E-7 5.96147E-7 1.80422E-7 2.95839E-9 7.77684E-9 6.45912E-9 1.1371E-8 1.01146E-8 1.19336E-9 1.12845E-12 1.51335E-15 1.06709E-15 1.183E-18 1.06201E-18 1.49473E-17 6.67042E-16 1.25418E-17 9.28982E-19 1.40628E-18 2.48985E-17 1.62102E-19 1.25659E-18 1.97501E-17 2.36611E-14
5.33611E-7 2.05689E-6 5.10076E-6 5.15305E-6 8.15074E-6 1.02174E-5 1.70358E-5 1.09758E-5 7.32796E-7 5.23942E-6 6.90735E-6 1.13502E-4 3.036E-5 8.18199E-5 3.00523E-5 2.14969E-3 4.01002E-2 1.69527E-1 3.30096E-1 3.80939E-1 4.10298E-1 4.28196E-1 4.23259E-1 4.73444E-1 4.93876E-1 4.91397E-1 4.29473E-1 4.63144E-1 4.2922E-1 3.8047E-1 3.52872E-1 3.27464E-1 3.28072E-1 3.62083E-1 4.07788E-1 4.99746E-1 5.05269E-1 4.65161E-1 3.80831E-1 3.0929E-1 2.26734E-1 1.27301E-1 4.2829E-2 8.41562E-3 1.04698E-3 7.40844E-5 5.57116E-7 3.67979E-9 9.54067E-8 3.97718E-9 4.46688E-10 1.55828E-11 3.94371E-12 7.34706E-10 2.32078E-10 9.77433E-12 6.90525E-12 4.01089E-16 4.59486E-16 4.71457E-15 4.59812E-18 1.183E-18 1.05216E-17 5.66499E-18 4.03903E-18 2.55467E-17 3.12746E-16 1.37462E-15 5.96872E-20 2.09738E-14
7.49846E-6 6.21871E-6 4.55741E-6 1.20525E-5 1.77011E-5 1.93281E-5 1.76724E-5 8.08091E-6 1.94506E-5 1.22359E-4 2.71956E-5 8.16867E-5 5.74456E-6 7.39801E-6 1.81152E-4 5.3005E-3 3.83586E-2 7.26792E-2 3.02364E-1 3.74062E-1 3.90909E-1 4.10542E-1 4.25302E-1 4.4764E-1 4.7629E-1 4.82255E-1 4.68861E-1 3.45727E-1 2.84029E-1 2.67356E-1 3.72215E-1 4.36623E-1 4.93009E-1 5.06093E-1 5.36447E-1 5.57347E-1 5.58203E-1 5.41766E-1 5.21827E-1 4.84504E-1 4.33619E-1 3.25933E-1 1.88298E-1 1.45426E-1 4.4645E-2 6.81051E-3 3.22256E-4 1.06947E-6 3.75725E-9 1.28448E-10 5.65481E-12 4.90972E-15 8.86504E-18 3.59285E-13 6.13524E-10 4.83953E-12 4.85729E-13 2.52201E-11 3.87123E-12 3.51198E-14 3.65257E-18 1.20713E-17 1.49009E-18 3.77552E-19 7.47608E-19 5.27296E-19 9.92143E-19 9.45378E-16 1.23337E-18 3.92831E-17
1.54455E-5 2.24543E-6 9.52291E-6 2.12388E-5 2.20758E-5 1.32426E-5 1.32319E-5 1.69446E-5 4.27861E-5 4.67785E-4 2.82002E-4 6.5202E-5 1.22075E-4 1.17652E-3 3.14956E-3 3.50093E-2 1.58957E-1 2.51628E-1 3.29692E-1 3.56369E-1 3.67734E-1 3.53416E-1 3.50394E-1 4.03337E-1 4.39882E-1 4.55857E-1 4.64275E-1 4.54249E-1 4.0109E-1 4.7727E-1 5.25464E-1 5.23072E-1 5.15063E-1 5.03171E-1 5.19545E-1 5.39703E-1 5.60457E-1 5.66993E-1 5.64518E-1 5.55617E-1 5.36716E-1 4.97239E-1 4.10257E-1 4.29202E-1 2.93473E-1 1.06203E-1 2.40424E-2 2.99314E-3 6.53369E-5 1.5072E-7 1.37966E-9 9.97744E-16 9.51972E-21 1.72123E-13 6.98395E-13 6.44546E-10 2.66329E-11 7.38051E-12 7.88057E-11 8.1473E-12 4.25929E-17 2.36659E-15 1.69335E-16 1.08962E-14 7.56245E-18 1.15126E-19 8.19565E-19 -9999 -9999 9.4342E-20
9.23673E-6 2.2052E-5 1.85961E-5 1.18791E-5 6.68953E-6 7.24015E-6 7.88224E-6 4.79524E-6 1.83612E-5 2.41229E-4 2.94833E-3 1.7476E-3 5.44477E-3 2.45798E-2 2.98751E-2 8.34316E-2 2.01771E-1 2.9645E-1 3.21261E-1 3.41426E-1 3.42455E-1 3.47028E-1 3.48257E-1 3.88697E-1 3.99125E-1 4.13675E-1 4.29305E-1 4.53743E-1 4.7888E-1 5.01639E-1 5.17455E-1 5.13809E-1 5.01285E-1 4.96437E-1 5.00331E-1 5.21982E-1 5.37778E-1 5.60098E-1 5.69492E-1 5.66953E-1 5.64518E-1 5.44302E-1 5.14238E-1 4.93604E-1 4.36756E-1 3.05917E-1 1.70107E-1 5.01089E-2 5.92876E-3 1.07869E-4 1.06082E-7 5.61624E-12 1.11261E-22 4.0145E-26 1.21649E-12 4.90513E-10 3.71829E-10 4.71785E-12 3.73052E-11 9.61349E-10 3.76453E-14 1.03614E-15 6.4268E-19 1.98737E-15 4.9196E-13 6.89843E-16 4.86046E-18 -9999 -9999 -9999
2.61204E-5 1.54248E-5 7.17767E-6 4.95241E-6 5.80426E-6 1.56949E-5 1.50479E-5 4.14021E-5 1.1214E-4 5.35132E-5 5.11936E-3 1.6766E-2 3.08374E-2 6.4476E-2 1.25922E-1 1.42949E-1 2.58858E-1 2.96069E-1 3.12488E-1 3.2167E-1 3.36295E-1 3.39632E-1 3.43563E-1 3.4858E-1 3.59226E-1 3.71498E-1 3.86997E-1 4.08725E-1 4.38813E-1 4.67993E-1 4.95076E-1 4.98712E-1 4.97422E-1 4.81848E-1 4.77409E-1 4.94542E-1 5.07646E-1 5.31554E-1 5.52326E-1 5.62221E-1 5.66336E-1 5.49203E-1 5.30424E-1 5.15757E-1 4.8205E-1 4.26572E-1 3.11065E-1 1.53074E-1 4.14082E-2 4.95014E-3 2.69144E-5 3.83049E-9 5.65478E-14 3.78337E-24 1.77856E-29 1.53927E-21 4.00054E-13 3.46159E-10 4.46074E-11 9.73953E-10 1.02807E-10 1.03306E-15 1.54253E-18 1.6613E-15 7.24341E-13 2.073E-12 1.71012E-13 3.40688E-11 -9999 -9999
1.69446E-5 4.67922E-5 2.07185E-5 1.59678E-5 2.26772E-5 3.70798E-5 8.59054E-5 1.2878E-4 3.87325E-4 2.937E-4 1.71589E-3 2.52472E-2 5.74342E-2 6.0352E-2 8.834E-2 4.10056E-2 2.27787E-1 2.79855E-1 2.99247E-1 3.10401E-1 3.16163E-1 3.12488E-1 3.12488E-1 3.14326E-1 3.14314E-1 3.30823E-1 3.47184E-1 3.6099E-1 3.93771E-1 4.3266E-1 4.58674E-1 4.65749E-1 4.65794E-1 4.5472E-1 4.5944E-1 4.61985E-1 4.84942E-1 5.06863E-1 5.35503E-1 5.62304E-1 5.74013E-1 5.60076E-1 5.39599E-1 5.15757E-1 4.79931E-1 4.43878E-1 3.72291E-1 2.61504E-1 1.27953E-1 3.9306E-2 7.99331E-4 2.65683E-7 1.32294E-12 6.76655E-14 4.80716E-21 4.39708E-19 3.02668E-15 5.54739E-13 9.55563E-12 5.46438E-11 2.96432E-10 2.00511E-13 1.49849E-15 1.58836E-16 3.46167E-14 2.08132E-15 6.57245E-16 1.78755E-10 -9999 -9999
2.00172E-4 4.9697E-5 6.97732E-5 6.6825E-5 1.03587E-4 1.17151E-4 2.05098E-4 3.58571E-4 8.41013E-4 7.85583E-4 2.9252E-3 3.90725E-3 4.40568E-2 5.56456E-2 2.79556E-2 1.14807E-2 2.00279E-1 2.70891E-1 2.80684E-1 2.91814E-1 2.91814E-1 2.86725E-1 2.62933E-1 2.66575E-1 2.75714E-1 2.92243E-1 3.03288E-1 3.2167E-1 3.53916E-1 3.88697E-1 4.19998E-1 4.39123E-1 4.39481E-1 4.33747E-1 4.26758E-1 4.47884E-1 4.6395E-1 4.88424E-1 5.20375E-1 5.53462E-1 5.72997E-1 5.67723E-1 5.35509E-1 5.04212E-1 4.58086E-1 4.19453E-1 3.99027E-1 3.37348E-1 2.30437E-1 1.35065E-1 1.97119E-2 1.34223E-5 6.30812E-12 1.22905E-11 3.28363E-10 1.72244E-12 6.72774E-13 6.08429E-10 1.1692E-10 8.85045E-10 7.06994E-11 2.4786E-11 2.65869E-14 3.67962E-14 6.44824E-15 8.61081E-14 1.48904E-10 1.07435E-9 -9999 -9999
1.6837E-4 1.17802E-4 1.40636E-4 1.88514E-4 2.03304E-4 2.55244E-4 3.81521E-4 5.94014E-4 1.48814E-3 1.78244E-3 2.21319E-3 6.733E-3 2.4439E-2 4.14939E-2 3.77275E-3 2.44721E-3 1.36086E-1 2.43013E-1 2.7435E-1 2.75241E-1 2.66915E-1 2.59514E-1 2.40437E-1 2.40437E-1 2.49471E-1 2.62246E-1 2.80684E-1 2.9553E-1 3.18E-1 3.5798E-1 3.88697E-1 4.15264E-1 4.33876E-1 4.27255E-1 4.23468E-1 4.30842E-1 4.40898E-1 4.67808E-1 5.04809E-1 5.48299E-1 5.76285E-1 5.75969E-1 5.40915E-1 5.10292E-1 4.71881E-1 4.35865E-1 4.39429E-1 3.99864E-1 3.3569E-1 2.45014E-1 1.04509E-1 1.41447E-2 3.31225E-4 3.6267E-5 1.57286E-6 4.46224E-6 1.27436E-7 1.24658E-8 4.34209E-10 1.26457E-11 6.50772E-11 2.15041E-10 4.1435E-9 2.70738E-8 5.74366E-9 4.36782E-9 9.80126E-9 3.08752E-14 1.26097E-16 -9999
1.78284E-4 9.98803E-5 7.71488E-5 1.16821E-4 1.98482E-4 2.17922E-4 5.3591E-4 7.91212E-4 1.11291E-3 7.91978E-4 1.54546E-3 1.21451E-2 4.33899E-2 1.83411E-2 5.55533E-3 9.33209E-3 7.53711E-2 2.38246E-1 2.6321E-1 2.56565E-1 2.55266E-1 2.49682E-1 2.34548E-1 2.30933E-1 2.34548E-1 2.394E-1 2.52156E-1 2.66915E-1 2.94922E-1 3.21539E-1 3.63338E-1 4.09941E-1 4.34207E-1 4.48697E-1 4.44902E-1 4.3472E-1 4.27255E-1 4.50575E-1 4.87127E-1 5.27299E-1 5.63009E-1 5.73236E-1 5.5731E-1 5.45422E-1 5.21815E-1 5.17156E-1 5.02413E-1 4.6206E-1 4.00446E-1 3.37723E-1 2.66526E-1 1.44048E-1 2.6616E-2 7.37457E-3 9.04043E-4 2.06334E-4 1.9085E-5 5.14963E-8 2.92991E-9 1.3398E-8 7.64392E-8 3.09185E-7 7.28413E-9 3.10658E-11 1.68753E-11 3.14811E-10 4.34552E-14 3.26485E-14 2.21989E-16 -9999
1.31999E-4 1.15803E-4 1.03143E-4 1.25809E-4 2.10485E-4 3.12646E-4 2.27361E-4 3.87325E-4 5.94059E-4 1.25278E-3 4.91383E-3 2.24163E-2 1.90637E-2 7.79043E-3 8.1299E-3 1.76935E-2 4.54882E-2 2.21212E-1 2.5206E-1 2.51902E-1 2.50031E-1 2.38882E-1 2.29496E-1 2.25882E-1 2.16932E-1 2.20497E-1 2.23755E-1 2.34548E-1 2.58421E-1 2.94922E-1 3.4541E-1 4.07527E-1 4.54165E-1 4.77116E-1 4.65199E-1 4.3839E-1 4.21564E-1 4.35387E-1 4.6831E-1 4.96508E-1 5.32615E-1 5.48105E-1 5.55275E-1 5.50656E-1 5.44543E-1 5.43746E-1 5.46371E-1 5.2325E-1 4.76069E-1 4.35026E-1 4.47626E-1 3.50764E-1 1.84433E-1 3.59531E-2 1.57775E-2 1.15018E-3 4.2206E-5 6.51965E-7 5.58325E-6 3.57884E-6 2.58429E-8 2.49436E-9 1.94959E-8 2.46678E-8 1.20485E-8 6.51047E-12 8.95175E-15 3.46598E-16 6.80365E-17 2.92283E-16
8.55934E-5 3.77431E-5 6.86013E-5 1.44486E-4 2.21084E-4 2.13986E-4 5.04584E-4 1.24878E-3 1.55317E-3 1.34731E-3 8.18255E-3 2.10627E-2 7.95846E-3 9.04117E-3 1.01055E-2 4.7818E-2 7.30687E-2 2.17841E-1 2.42428E-1 2.46299E-1 2.40854E-1 2.38994E-1 2.31598E-1 2.13495E-1 2.09952E-1 2.06432E-1 2.01165E-1 2.06369E-1 2.24082E-1 2.65873E-1 3.24383E-1 4.01283E-1 4.7489E-1 5.00582E-1 4.71549E-1 4.35749E-1 4.20057E-1 4.23244E-1 4.39882E-1 4.70999E-1 4.89517E-1 5.11747E-1 5.2218E-1 5.44875E-1 5.59515E-1 5.5985E-1 5.59025E-1 5.59065E-1 5.44575E-1 5.26399E-1 4.99692E-1 4.05257E-1 2.61703E-1 1.59327E-1 6.35315E-2 1.32471E-2 2.99719E-4 9.6232E-6 2.66083E-6 1.80163E-7 4.48141E-7 5.90395E-9 3.66347E-8 2.6309E-8 2.41148E-7 2.55547E-8 3.03345E-12 2.36202E-15 2.23943E-11 2.2193E-12
8.76054E-5 1.16357E-5 1.24265E-4 8.62379E-4 3.0686E-3 2.54345E-3 1.7294E-3 2.56188E-3 5.87014E-3 8.19899E-3 1.74057E-2 1.08729E-2 8.01716E-3 7.24635E-3 2.57329E-2 4.56671E-2 4.5764E-2 1.82493E-1 2.32524E-1 2.40854E-1 2.34993E-1 2.31509E-1 2.20499E-1 2.08119E-1 1.99349E-1 1.92449E-1 1.85658E-1 1.82305E-1 1.94307E-1 2.34952E-1 2.93069E-1 3.76514E-1 4.85117E-1 5.05296E-1 4.5881E-1 4.2144E-1 4.04931E-1 4.03787E-1 4.18455E-1 4.40336E-1 4.51581E-1 4.68248E-1 5.07547E-1 5.55109E-1 5.66456E-1 5.65876E-1 5.6655E-1 5.73824E-1 5.66081E-1 5.47456E-1 5.03047E-1 4.19705E-1 3.49368E-1 2.63378E-1 1.94446E-1 6.29919E-2 4.95014E-3 9.54767E-6 2.40669E-7 1.71672E-7 8.05561E-9 9.93425E-9 4.77099E-9 3.1442E-9 6.0777E-9 1.80113E-8 4.17587E-9 8.54242E-11 1.25169E-11 6.50499E-16
1.38341E-4 1.9597E-4 1.12378E-3 1.00094E-3 2.04543E-3 6.77416E-3 6.8012E-3 7.21054E-3 8.93374E-3 9.50792E-3 1.0304E-2 1.20493E-2 1.47297E-2 2.07549E-2 4.62881E-2 6.57445E-2 2.46299E-2 1.96823E-1 2.2869E-1 2.29761E-1 2.23432E-1 2.18374E-1 2.11132E-1 2.03988E-1 1.93884E-1 1.85341E-1 1.78637E-1 1.70428E-1 1.75687E-1 2.26101E-1 2.68886E-1 3.4073E-1 4.21024E-1 4.39086E-1 4.04752E-1 3.81541E-1 3.79773E-1 3.84445E-1 3.93064E-1 4.03787E-1 4.16848E-1 4.36892E-1 4.87127E-1 5.424E-1 5.57699E-1 5.61003E-1 5.63537E-1 5.77718E-1 5.78673E-1 5.61513E-1 5.30912E-1 4.92443E-1 4.90329E-1 4.00458E-1 2.92128E-1 1.76822E-1 4.7786E-2 4.27592E-4 8.52008E-9 5.62478E-10 2.14925E-10 1.69157E-10 9.89564E-13 1.11507E-11 9.91996E-13 3.4836E-11 5.06466E-10 2.80817E-9 1.41021E-11 3.74661E-13
2.5906E-4 3.03863E-5 1.48612E-5 1.52698E-4 1.02827E-3 1.78376E-3 2.30184E-3 2.90673E-3 4.19723E-3 9.36337E-3 1.66769E-2 2.47097E-2 2.94065E-2 4.44705E-2 7.21517E-2 9.71411E-2 8.65323E-2 2.09378E-1 2.22686E-1 2.25981E-1 2.08842E-1 2.03473E-1 1.96407E-1 1.98163E-1 1.9118E-1 1.87732E-1 1.81514E-1 1.74848E-1 1.90016E-1 2.13267E-1 2.53987E-1 2.97593E-1 3.44517E-1 3.58124E-1 3.5441E-1 3.43558E-1 3.4911E-1 3.61974E-1 3.79773E-1 3.91349E-1 3.99875E-1 4.13615E-1 4.80208E-1 5.25535E-1 5.41628E-1 5.53555E-1 5.54978E-1 5.69642E-1 5.87274E-1 5.76484E-1 5.53897E-1 5.47392E-1 5.56207E-1 5.20653E-1 4.14933E-1 3.04874E-1 1.36015E-1 1.94494E-2 3.26693E-5 2.08275E-11 2.95703E-16 7.16827E-16 1.54178E-17 3.45809E-18 1.40653E-17 3.06684E-15 1.37145E-12 1.21698E-10 2.49879E-10 3.23877E-11
2.82286E-4 9.77494E-5 7.89825E-6 1.33493E-5 3.53582E-4 2.08054E-3 4.73988E-3 7.2986E-3 1.40137E-2 2.8963E-2 3.73548E-2 4.0276E-2 4.29734E-2 4.56671E-2 5.59378E-2 6.93635E-2 7.3653E-2 1.91603E-1 2.24291E-1 2.15067E-1 2.01035E-1 1.92229E-1 1.90489E-1 1.90489E-1 1.92229E-1 1.9573E-1 1.90489E-1 1.82615E-1 1.91738E-1 2.07547E-1 2.35219E-1 2.6157E-1 2.94245E-1 3.07219E-1 3.04521E-1 2.99779E-1 3.07353E-1 3.30532E-1 3.63801E-1 3.95532E-1 4.07527E-1 4.14902E-1 4.67993E-1 5.22963E-1 5.44984E-1 5.42349E-1 5.21911E-1 5.38724E-1 5.84502E-1 5.91229E-1 5.87826E-1 5.72308E-1 5.81666E-1 5.458E-1 4.90276E-1 3.97863E-1 1.6245E-1 4.69266E-2 4.15775E-3 7.25942E-6 1.21416E-10 4.84706E-14 1.16723E-13 9.51707E-18 8.19217E-23 1.11165E-18 1.3095E-13 1.01652E-10 2.77051E-10 7.5886E-9
1.00302E-3 5.24484E-3 7.32551E-3 2.11013E-3 9.05111E-4 3.15919E-3 1.15242E-2 2.11337E-2 2.66592E-2 4.678E-2 7.02255E-2 6.07718E-2 6.07172E-2 4.71464E-2 3.62679E-2 7.90933E-2 4.32959E-2 2.2483E-1 2.30806E-1 2.01035E-1 1.82766E-1 1.84479E-1 1.82766E-1 1.84479E-1 1.96683E-1 2.02023E-1 1.98456E-1 1.93976E-1 1.92915E-1 2.01696E-1 2.18374E-1 2.40623E-1 2.57841E-1 2.69201E-1 2.7269E-1 2.76503E-1 2.83549E-1 3.09247E-1 3.4695E-1 3.7649E-1 3.8722E-1 4.05829E-1 4.7059E-1 5.25071E-1 5.49556E-1 5.51301E-1 5.15048E-1 5.25071E-1 5.79615E-1 5.97601E-1 6.058E-1 6.002E-1 5.99647E-1 5.88247E-1 4.61259E-1 3.66562E-1 2.40955E-1 1.16329E-1 3.6019E-2 4.3591E-3 2.99384E-6 2.30206E-8 1.65016E-10 3.67447E-13 4.92953E-15 1.10318E-18 6.42028E-15 9.97173E-10 1.24381E-6 3.03381E-7
6.77276E-3 8.37941E-2 1.25908E-1 1.60153E-1 6.49206E-2 7.84162E-3 1.282E-2 6.61114E-2 1.02109E-1 1.12669E-1 1.12385E-1 8.75658E-2 7.63649E-2 3.1259E-2 6.65798E-2 1.17516E-1 7.05015E-2 2.50758E-1 2.35287E-1 1.94918E-1 1.78395E-1 1.81801E-1 1.81061E-1 1.79364E-1 1.9221E-1 1.99299E-1 1.9574E-1 1.84479E-1 1.87929E-1 1.87031E-1 2.04607E-1 2.19749E-1 2.42163E-1 2.46293E-1 2.50237E-1 2.55878E-1 2.74596E-1 2.98793E-1 3.36937E-1 3.59977E-1 3.69197E-1 3.98084E-1 4.55632E-1 5.18992E-1 5.42602E-1 5.50263E-1 5.40608E-1 5.70202E-1 5.85633E-1 5.94715E-1 6.00812E-1 6.05278E-1 6.04999E-1 6.02532E-1 5.72953E-1 4.84413E-1 3.73633E-1 2.43395E-1 1.23721E-1 4.16114E-2 9.35585E-4 4.75915E-5 7.89642E-5 6.8664E-6 3.79683E-10 3.68659E-9 9.78968E-12 9.73063E-10 2.41889E-10 1.50193E-9
2.70207E-2 1.55578E-1 2.37651E-1 2.57926E-1 2.55622E-1 9.97086E-2 6.55648E-2 1.01967E-1 1.25138E-1 6.09572E-2 5.92239E-2 4.93599E-2 5.30092E-2 1.14596E-1 1.14508E-1 7.46705E-2 1.87864E-1 2.78079E-1 2.45478E-1 2.10926E-1 1.93971E-1 1.83517E-1 1.80094E-1 1.78395E-1 1.83517E-1 1.81801E-1 1.78395E-1 1.76704E-1 1.72655E-1 1.81061E-1 1.93159E-1 2.11059E-1 2.20996E-1 2.34611E-1 2.38742E-1 2.42694E-1 2.63474E-1 2.91826E-1 3.22624E-1 3.42624E-1 3.55824E-1 3.78137E-1 4.20689E-1 4.75045E-1 5.14933E-1 5.33003E-1 5.38281E-1 5.62463E-1 5.77525E-1 5.72306E-1 5.81017E-1 5.95585E-1 6.0448E-1 6.1036E-1 5.96209E-1 5.68573E-1 4.95433E-1 3.62422E-1 2.16141E-1 9.07368E-2 1.49346E-2 2.01781E-3 1.4489E-3 2.86122E-3 6.42057E-4 1.08721E-6 5.64433E-13 5.31881E-12 3.49398E-9 7.11988E-11
1.65301E-1 1.94281E-1 2.20199E-1 2.2207E-1 2.40854E-1 2.49471E-1 1.60152E-1 1.11442E-1 1.01261E-1 9.18517E-2 9.94581E-2 1.14142E-1 1.72656E-1 1.68664E-1 1.81878E-1 1.18072E-1 3.10676E-1 2.94649E-1 2.7144E-1 2.41115E-1 2.10926E-1 1.8524E-1 1.75021E-1 1.7168E-1 1.66731E-1 1.7168E-1 1.70022E-1 1.66731E-1 1.65099E-1 1.7168E-1 1.8524E-1 2.0109E-1 2.19366E-1 2.31486E-1 2.39753E-1 2.45966E-1 2.63514E-1 2.79004E-1 2.92309E-1 3.11704E-1 3.18775E-1 3.45631E-1 3.8511E-1 4.32975E-1 4.7314E-1 5.00722E-1 5.21155E-1 5.45114E-1 5.54302E-1 5.42984E-1 5.24792E-1 5.23588E-1 5.89766E-1 6.08887E-1 6.11302E-1 6.05779E-1 5.71658E-1 4.4308E-1 2.79519E-1 1.65303E-1 7.67659E-2 2.28975E-2 1.15107E-2 1.79223E-2 1.81689E-2 3.83968E-4 7.4598E-8 3.34387E-10 4.97663E-10 1.06891E-10
1.48462E-1 1.74755E-1 1.70426E-1 1.78203E-1 1.94835E-1 2.2772E-1 2.10886E-1 1.54085E-1 1.39352E-1 1.41885E-1 1.72528E-1 1.51204E-1 1.76182E-1 2.20482E-1 2.06106E-1 2.18202E-1 3.20289E-1 3.21039E-1 3.00737E-1 2.7057E-1 2.31524E-1 1.88709E-1 1.68927E-1 1.64004E-1 1.63475E-1 1.63475E-1 1.58657E-1 1.59161E-1 1.59161E-1 1.68927E-1 1.87624E-1 2.05442E-1 2.20197E-1 2.35345E-1 2.4595E-1 2.43565E-1 2.51241E-1 2.49787E-1 2.55824E-1 2.71271E-1 2.88716E-1 3.12149E-1 3.52312E-1 3.97473E-1 4.34925E-1 4.66148E-1 5.00575E-1 5.27984E-1 5.46402E-1 5.4199E-1 5.26765E-1 5.40867E-1 6.02126E-1 6.09368E-1 5.78945E-1 5.82786E-1 6.02491E-1 5.1368E-1 3.375E-1 2.38593E-1 1.71387E-1 8.44393E-2 5.52907E-2 4.7786E-2 2.95734E-2 4.71919E-3 1.82789E-4 6.46406E-7 6.08306E-8 7.41856E-9
