KUENM/Final_Models/M_0.1_F_lq_Set_2_E/sp1_avg.asc
ncols         197
nrows         210
xllcorner     56.1666666666667
yllcorner     4.5
cellsize      0.166666666666667
NODATA_value  -9999
[rows 84 to 111 of 210, columns 65 to 129 of 197]
1.63781E-1 1.6977E-1 1.8193E-1 1.81361E-1 1.76749E-1 1.68124E-1 1.62126E-1 1.54294E-1 1.50134E-1 1.57869E-1 1.72197E-1 1.93271E-1 2.08278E-1 2.06473E-1 1.89763E-1 1.7056E-1 1.71683E-1 1.88991E-1 2.08781E-1 2.25916E-1 2.38214E-1 2.3999E-1 2.48931E-1 2.59789E-1 2.585E-1 2.90673E-1 3.12682E-1 3.21613E-1 3.24749E-1 3.26626E-1 3.5774E-1 4.34049E-1 4.8009E-1 5.02339E-1 5.3544E-1 5.87224E-1 6.17719E-1 6.34009E-1 6.42641E-1 6.45178E-1 6.01725E-1 5.67236E-1 5.79336E-1 5.95861E-1 6.17377E-1 6.33966E-1 6.37626E-1 6.24056E-1 6.24425E-1 6.04982E-1 5.65246E-1 5.74838E-1 5.94811E-1 5.92902E-1 6.09109E-1 6.23579E-1 6.14521E-1 5.69255E-1 5.1559E-1 4.44201E-1 3.90862E-1 4.82361E-1 4.09425E-1 3.68665E-1 3.80037E-1
1.72139E-1 1.84463E-1 1.89696E-1 1.89762E-1 1.90948E-1 1.83013E-1 1.71196E-1 1.69139E-1 1.66784E-1 1.71817E-1 1.89519E-1 2.04826E-1 2.18501E-1 2.23674E-1 2.06473E-1 1.91382E-1 1.8943E-1 2.08781E-1 2.36444E-1 2.67096E-1 2.78147E-1 2.79998E-1 2.87424E-1 2.89846E-1 2.9254E-1 3.11114E-1 3.33363E-1 3.45373E-1 3.54715E-1 3.65879E-1 3.88669E-1 4.2371E-1 4.72969E-1 5.32773E-1 5.79261E-1 6.23021E-1 6.40986E-1 6.44473E-1 6.48726E-1 6.22587E-1 5.58908E-1 5.94244E-1 6.06499E-1 6.18006E-1 6.2958E-1 6.35331E-1 6.25195E-1 6.04794E-1 5.91667E-1 5.49433E-1 5.21233E-1 5.75847E-1 5.98542E-1 5.62595E-1 5.72535E-1 5.75913E-1 5.56258E-1 5.46196E-1 5.1963E-1 4.58501E-1 3.80945E-1 4.64604E-1 3.86779E-1 3.45469E-1 3.45721E-1
1.88051E-1 1.93125E-1 1.99552E-1 2.01015E-1 1.98655E-1 1.92226E-1 1.86887E-1 1.8026E-1 1.83124E-1 1.8791E-1 2.01282E-1 2.09976E-1 2.20215E-1 2.27154E-1 2.20089E-1 2.11296E-1 2.24668E-1 2.3999E-1 2.72609E-1 3.06115E-1 3.15505E-1 3.17385E-1 3.21731E-1 3.28101E-1 3.37627E-1 3.50258E-1 3.66547E-1 3.76973E-1 3.93443E-1 4.15708E-1 4.37254E-1 4.64844E-1 5.15208E-1 5.70273E-1 6.20823E-1 6.49509E-1 6.52151E-1 6.48258E-1 5.88383E-1 4.67765E-1 5.6445E-1 6.0763E-1 6.18364E-1 6.22446E-1 6.17087E-1 6.1882E-1 6.10073E-1 5.81494E-1 5.63071E-1 4.9047E-1 4.41271E-1 4.48189E-1 5.19817E-1 5.71571E-1 5.59033E-1 5.27523E-1 4.85833E-1 4.90215E-1 4.85656E-1 4.20134E-1 3.43986E-1 3.74584E-1 3.54035E-1 3.16087E-1 2.97143E-1
1.94474E-1 2.04004E-1 2.02351E-1 2.07328E-1 2.00834E-1 2.00883E-1 1.98274E-1 1.98285E-1 2.01494E-1 2.06502E-1 2.16785E-1 2.18501E-1 2.25412E-1 2.28902E-1 2.32283E-1 2.37328E-1 2.53059E-1 2.70769E-1 2.98621E-1 3.26789E-1 3.43708E-1 3.48063E-1 3.61905E-1 3.69489E-1 3.78529E-1 3.90495E-1 4.04284E-1 4.27305E-1 4.46196E-1 4.70657E-1 5.08354E-1 5.31429E-1 5.9372E-1 6.21091E-1 6.51518E-1 6.33574E-1 6.35159E-1 5.96431E-1 4.74978E-1 5.24044E-1 5.81967E-1 6.00949E-1 6.22068E-1 6.22792E-1 6.09247E-1 5.90163E-1 5.54936E-1 5.37504E-1 5.38014E-1 5.07937E-1 4.53903E-1 4.23635E-1 4.44212E-1 5.17791E-1 5.57749E-1 4.87328E-1 4.42551E-1 4.3249E-1 4.21928E-1 3.52179E-1 2.72066E-1 2.27688E-1 2.48732E-1 2.62312E-1 2.57655E-1
1.77883E-1 1.93243E-1 1.99142E-1 2.01696E-1 2.03751E-1 2.1434E-1 2.13236E-1 2.15066E-1 2.18493E-1 2.21942E-1 2.30654E-1 2.25412E-1 2.30526E-1 2.35811E-1 2.4804E-1 2.62144E-1 2.76847E-1 2.97317E-1 3.16086E-1 3.42429E-1 3.63481E-1 3.7649E-1 3.91629E-1 4.07701E-1 4.17481E-1 4.34242E-1 4.54582E-1 4.83606E-1 5.07035E-1 5.37505E-1 5.78522E-1 6.04735E-1 6.40667E-1 6.46235E-1 6.0364E-1 5.774E-1 5.43737E-1 4.64597E-1 3.61016E-1 4.82397E-1 5.79615E-1 6.13171E-1 6.26147E-1 6.21284E-1 5.98189E-1 5.64288E-1 5.14865E-1 4.79709E-1 4.77681E-1 4.55336E-1 4.30203E-1 4.23212E-1 4.31862E-1 5.04488E-1 4.76177E-1 4.44223E-1 4.15312E-1 4.10081E-1 3.78157E-1 3.10667E-1 2.25156E-1 1.34198E-1 1.4642E-1 2.2281E-1 2.45873E-1
-9999 1.90014E-1 1.99142E-1 2.06693E-1 2.13272E-1 2.20719E-1 2.24668E-1 2.28524E-1 2.34045E-1 2.37582E-1 2.41138E-1 2.28774E-1 2.37582E-1 2.50101E-1 2.68039E-1 2.82818E-1 2.97317E-1 3.14205E-1 3.39112E-1 3.57877E-1 3.80477E-1 3.93418E-1 4.16636E-1 4.32066E-1 4.51243E-1 4.82044E-1 5.09181E-1 5.40157E-1 5.63347E-1 5.92539E-1 6.18476E-1 6.39447E-1 6.48002E-1 6.54141E-1 1.16919E-1 5.56161E-1 4.49917E-1 3.94425E-1 4.1531E-1 4.37165E-1 5.71447E-1 6.09308E-1 6.12088E-1 5.76037E-1 5.44252E-1 5.0408E-1 4.86665E-1 4.58011E-1 4.12075E-1 3.85187E-1 3.94859E-1 4.36811E-1 4.34157E-1 4.7106E-1 3.99384E-1 3.38236E-1 3.74557E-1 3.7987E-1 3.54619E-1 2.76486E-1 1.99836E-1 1.1469E-1 1.37998E-1 2.19579E-1 2.64021E-1
-9999 1.96497E-1 2.06408E-1 2.10807E-1 2.24571E-1 2.32292E-1 2.3999E-1 2.45857E-1 2.53059E-1 2.58897E-1 2.58897E-1 2.57078E-1 2.62544E-1 2.75408E-1 2.86537E-1 2.99613E-1 3.12755E-1 3.24049E-1 3.4316E-1 3.67629E-1 3.89762E-1 4.18411E-1 4.58185E-1 4.73875E-1 4.96635E-1 5.20553E-1 5.5199E-1 5.84802E-1 6.02448E-1 6.2431E-1 6.436E-1 6.54144E-1 6.53958E-1 6.29181E-1 5.53111E-1 3.0735E-1 4.41717E-1 3.50595E-1 4.11618E-1 4.08274E-1 6.00161E-1 6.37626E-1 6.24993E-1 5.4861E-1 4.88442E-1 4.34421E-1 3.90296E-1 3.86669E-1 3.92592E-1 4.12464E-1 4.4584E-1 4.69627E-1 4.78789E-1 4.58411E-1 3.58072E-1 3.08908E-1 3.32694E-1 3.90022E-1 3.10735E-1 2.29517E-1 2.09593E-1 1.7696E-1 1.96826E-1 2.50419E-1 2.72066E-1
-9999 2.01946E-1 2.13132E-1 2.21027E-1 2.30676E-1 2.38595E-1 2.5008E-1 2.63436E-1 2.81851E-1 2.95447E-1 2.99189E-1 3.03362E-1 3.07117E-1 3.10875E-1 3.14637E-1 3.20567E-1 3.28101E-1 3.41412E-1 3.54554E-1 3.76876E-1 4.05903E-1 4.41082E-1 4.80882E-1 4.95711E-1 5.25473E-1 5.53981E-1 5.84207E-1 6.08097E-1 6.18124E-1 6.34091E-1 6.5116E-1 6.60725E-1 6.53099E-1 5.74823E-1 3.83122E-1 3.72075E-1 4.52319E-1 3.28313E-1 3.04405E-1 4.52298E-1 6.2477E-1 6.52274E-1 6.40806E-1 5.63243E-1 5.2373E-1 4.42863E-1 3.71108E-1 3.44775E-1 3.7609E-1 4.09959E-1 4.53903E-1 4.69002E-1 4.78789E-1 4.28286E-1 3.52802E-1 3.18049E-1 3.36138E-1 3.33924E-1 2.66803E-1 2.07678E-1 2.31159E-1 2.59664E-1 2.7553E-1 2.89917E-1 2.84545E-1
-9999 -9999 2.20457E-1 2.32064E-1 2.40236E-1 2.53786E-1 2.69275E-1 2.90445E-1 3.14774E-1 3.36193E-1 3.57429E-1 3.64895E-1 3.63031E-1 3.56006E-1 3.56006E-1 3.56296E-1 3.50673E-1 3.5268E-1 3.65766E-1 3.86094E-1 4.18411E-1 4.56293E-1 4.86502E-1 5.18518E-1 5.47805E-1 5.77946E-1 6.04945E-1 6.30244E-1 6.36106E-1 6.4126E-1 6.55045E-1 6.60912E-1 6.56678E-1 6.14986E-1 4.90382E-1 4.53641E-1 4.47361E-1 3.27646E-1 4.56498E-1 5.96812E-1 6.45286E-1 6.55757E-1 6.5502E-1 6.23863E-1 6.07338E-1 4.98716E-1 3.44775E-1 3.32379E-1 3.72558E-1 4.02221E-1 4.49795E-1 4.92476E-1 4.64404E-1 3.9156E-1 3.56434E-1 3.52627E-1 3.61444E-1 3.46283E-1 2.36826E-1 2.06337E-1 2.46455E-1 3.22983E-1 3.54035E-1 3.18814E-1 2.68396E-1
-9999 -9999 2.32568E-1 2.46192E-1 2.58764E-1 2.76405E-1 2.92328E-1 3.19524E-1 3.50447E-1 3.85687E-1 4.15391E-1 4.24859E-1 4.14239E-1 4.00315E-1 3.87547E-1 3.80477E-1 3.77885E-1 3.60556E-1 3.63902E-1 4.0435E-1 4.39588E-1 4.75881E-1 5.16945E-1 5.42047E-1 5.73127E-1 5.96542E-1 6.19948E-1 6.37936E-1 6.47582E-1 6.5077E-1 6.59367E-1 6.59902E-1 6.60725E-1 6.45889E-1 5.6598E-1 4.53117E-1 4.02526E-1 4.02552E-1 4.69002E-1 5.89343E-1 6.55548E-1 6.5234E-1 6.60435E-1 6.52184E-1 5.96691E-1 4.69938E-1 3.48615E-1 3.35208E-1 3.67087E-1 3.99474E-1 4.46579E-1 4.65555E-1 3.74325E-1 3.35052E-1 3.54456E-1 3.67206E-1 3.54454E-1 3.26564E-1 2.40293E-1 2.00421E-1 2.32687E-1 3.26983E-1 3.60046E-1 2.96721E-1 1.66412E-1
-9999 -9999 -9999 2.59242E-1 2.69672E-1 2.94908E-1 3.22237E-1 3.48453E-1 3.79232E-1 4.29447E-1 4.68077E-1 4.78093E-1 4.63349E-1 4.40487E-1 4.03933E-1 3.65346E-1 3.31583E-1 3.2245E-1 3.56427E-1 4.0791E-1 4.4812E-1 4.94605E-1 5.33271E-1 5.5939E-1 5.86831E-1 6.07251E-1 6.20096E-1 6.30244E-1 6.37385E-1 6.5186E-1 6.61695E-1 6.62072E-1 6.621E-1 6.50767E-1 6.03651E-1 4.9157E-1 4.22486E-1 4.7149E-1 4.88712E-1 5.22289E-1 6.2129E-1 6.56395E-1 6.51896E-1 6.07557E-1 4.83056E-1 4.38567E-1 3.26598E-1 3.23504E-1 3.84528E-1 4.26871E-1 4.20894E-1 4.20156E-1 3.73292E-1 3.57513E-1 3.64388E-1 3.45497E-1 3.14118E-1 2.61614E-1 2.14566E-1 1.71001E-1 1.69293E-1 2.67609E-1 3.1819E-1 2.24233E-1 9.67415E-2
-9999 -9999 -9999 -9999 -9999 -9999 -9999 3.7318E-1 4.12496E-1 4.55796E-1 4.8445E-1 5.03396E-1 5.04085E-1 4.87285E-1 4.3011E-1 3.3723E-1 2.51905E-1 2.88675E-1 3.63902E-1 4.27486E-1 4.87105E-1 5.33495E-1 5.65907E-1 5.85481E-1 5.99315E-1 6.13234E-1 6.25726E-1 6.33354E-1 6.40596E-1 6.52816E-1 6.61291E-1 6.61046E-1 6.55152E-1 6.42795E-1 6.18054E-1 5.61868E-1 4.96125E-1 4.96125E-1 5.10092E-1 5.50601E-1 6.17588E-1 6.41121E-1 6.26952E-1 5.14849E-1 2.9637E-1 3.03923E-1 2.69379E-1 2.78339E-1 3.80429E-1 3.98777E-1 3.80429E-1 3.81368E-1 3.61061E-1 3.74325E-1 3.39239E-1 2.81869E-1 2.44443E-1 2.20561E-1 1.78975E-1 1.18546E-1 1.15232E-1 1.85797E-1 2.56192E-1 1.38806E-1 4.63561E-2
-9999 -9999 -9999 -9999 -9999 -9999 -9999 -9999 4.35215E-1 4.63976E-1 4.93707E-1 5.15445E-1 5.3342E-1 5.30412E-1 4.85889E-1 4.00251E-1 3.44308E-1 3.64895E-1 4.13205E-1 4.74463E-1 5.31429E-1 5.69492E-1 5.85477E-1 5.96027E-1 6.08936E-1 6.20824E-1 6.3215E-1 6.4053E-1 6.48817E-1 6.57039E-1 6.61854E-1 6.5318E-1 6.33483E-1 6.22128E-1 6.22035E-1 6.04352E-1 5.56163E-1 5.42098E-1 5.44219E-1 5.45494E-1 5.66075E-1 5.99855E-1 6.08407E-1 5.0125E-1 3.11273E-1 2.88088E-1 2.39694E-1 2.43638E-1 2.98506E-1 3.2536E-1 3.48615E-1 3.61061E-1 3.51205E-1 3.51205E-1 2.86044E-1 1.96779E-1 1.6913E-1 1.70603E-1 1.39838E-1 7.16965E-2 4.93703E-2 7.35367E-2 1.04184E-1 6.39751E-2 2.96967E-2
-9999 -9999 -9999 -9999 -9999 -9999 -9999 -9999 -9999 4.75186E-1 4.96705E-1 5.18229E-1 5.41614E-1 5.41798E-1 5.17312E-1 4.85978E-1 4.79901E-1 4.74931E-1 4.81035E-1 5.16635E-1 5.46633E-1 5.7167E-1 5.8951E-1 6.04669E-1 6.19948E-1 6.28377E-1 6.40018E-1 6.47018E-1 6.50158E-1 6.58335E-1 6.59278E-1 6.41559E-1 6.02356E-1 5.83245E-1 6.12021E-1 5.97168E-1 5.42479E-1 5.19389E-1 5.39499E-1 5.3056E-1 4.77434E-1 4.44443E-1 5.02789E-1 4.45717E-1 2.4283E-1 2.36267E-1 2.81323E-1 2.74771E-1 2.70623E-1 2.9336E-1 3.54746E-1 3.63571E-1 3.53596E-1 3.16401E-1 2.24602E-1 1.3101E-1 1.23693E-1 1.36235E-1 1.0854E-1 4.08764E-2 1.05699E-2 2.13679E-2 3.45934E-2 3.14746E-2 1.9846E-2
-9999 -9999 -9999 -9999 -9999 -9999 -9999 -9999 -9999 4.8456E-1 5.01153E-1 5.1961E-1 5.3655E-1 5.41482E-1 5.36497E-1 5.24867E-1 5.18826E-1 5.06991E-1 5.05419E-1 5.26708E-1 5.54018E-1 5.80366E-1 6.06214E-1 6.2183E-1 6.32537E-1 6.38351E-1 6.45869E-1 6.48007E-1 6.39552E-1 6.57148E-1 6.54725E-1 6.32147E-1 6.09294E-1 5.69997E-1 5.73346E-1 5.53752E-1 5.00589E-1 4.66069E-1 4.79021E-1 4.4961E-1 3.75237E-1 3.5431E-1 3.89463E-1 3.65049E-1 2.87467E-1 3.01612E-1 3.12687E-1 3.12659E-1 3.12145E-1 3.23504E-1 3.8323E-1 3.74584E-1 3.0645E-1 2.23927E-1 1.3142E-1 7.77741E-2 8.9852E-2 1.21316E-1 1.15431E-1 5.47302E-2 1.57442E-2 1.2377E-2 1.66856E-2 1.61305E-2 8.48058E-3
-9999 -9999 -9999 -9999 -9999 -9999 -9999 -9999 -9999 -9999 -9999 5.21111E-1 5.30584E-1 5.38218E-1 5.38429E-1 5.34538E-1 5.29235E-1 5.20399E-1 5.21199E-1 5.39833E-1 5.65907E-1 5.94467E-1 6.26389E-1 6.41346E-1 6.47057E-1 6.47057E-1 6.48338E-1 6.4697E-1 6.43503E-1 6.58899E-1 6.47495E-1 5.9359E-1 5.99224E-1 5.85673E-1 5.20583E-1 4.86545E-1 5.09381E-1 4.82103E-1 4.52892E-1 4.00772E-1 3.36158E-1 3.48755E-1 3.97186E-1 4.55629E-1 4.65076E-1 4.53986E-1 3.79617E-1 3.21775E-1 3.23567E-1 3.32941E-1 3.88596E-1 3.68143E-1 2.65734E-1 1.75731E-1 9.81041E-2 6.93981E-2 7.60414E-2 9.45427E-2 1.01931E-1 7.18359E-2 3.94305E-2 2.35069E-2 1.61305E-2 7.85157E-3 4.78602E-3
-9999 -9999 -9999 -9999 -9999 -9999 -9999 -9999 -9999 -9999 -9999 -9999 -9999 5.37139E-1 5.38458E-1 5.39747E-1 5.43445E-1 -9999 -9999 5.72494E-1 5.81071E-1 6.00904E-1 6.39453E-1 6.5315E-1 6.54202E-1 6.52231E-1 6.48438E-1 6.40226E-1 6.48666E-1 6.60888E-1 6.44908E-1 5.70113E-1 5.92625E-1 5.60329E-1 4.36989E-1 3.80514E-1 4.94233E-1 5.04732E-1 4.37645E-1 3.47538E-1 2.44557E-1 2.52928E-1 3.70554E-1 4.82636E-1 5.10599E-1 5.12006E-1 4.09065E-1 3.37697E-1 3.1528E-1 3.10495E-1 3.40338E-1 3.26655E-1 2.34664E-1 1.62724E-1 1.15034E-1 7.88093E-2 8.212E-2 1.11992E-1 1.42207E-1 1.17472E-1 7.77314E-2 5.71746E-2 3.46594E-2 1.7107E-2 1.07478E-2
-9999 -9999 -9999 -9999 -9999 -9999 -9999 -9999 -9999 -9999 -9999 -9999 -9999 5.39096E-1 5.41614E-1 -9999 -9999 6.05146E-1 6.10016E-1 6.14703E-1 6.19372E-1 6.12234E-1 6.51481E-1 6.60515E-1 6.60023E-1 6.57604E-1 6.50761E-1 6.44242E-1 6.52458E-1 6.61647E-1 6.54132E-1 6.35146E-1 6.21404E-1 5.57944E-1 4.27029E-1 3.71348E-1 4.62828E-1 4.59293E-1 3.75254E-1 2.46884E-1 1.40879E-1 1.49552E-1 2.61614E-1 3.7564E-1 4.53028E-1 4.76594E-1 4.37427E-1 3.72847E-1 3.28066E-1 3.00368E-1 2.74708E-1 2.49575E-1 1.94187E-1 1.59081E-1 1.89512E-1 1.88958E-1 1.67829E-1 1.84081E-1 1.5176E-1 1.13856E-1 7.36068E-2 4.69231E-2 2.64963E-2 1.70896E-2 9.55729E-3
-9999 -9999 -9999 -9999 -9999 -9999 -9999 -9999 -9999 -9999 -9999 5.23539E-1 5.24867E-1 5.3342E-1 5.82011E-1 5.97838E-1 6.21444E-1 6.27645E-1 6.29375E-1 6.31778E-1 6.33507E-1 6.46747E-1 6.60929E-1 6.56885E-1 6.56823E-1 6.58069E-1 6.55057E-1 6.5116E-1 6.53558E-1 6.61588E-1 6.60028E-1 6.55293E-1 6.37954E-1 5.88696E-1 4.90756E-1 4.40824E-1 4.14975E-1 3.77087E-1 2.55679E-1 1.21031E-1 6.93218E-2 8.52863E-2 1.72448E-1 3.29698E-1 4.4589E-1 5.03692E-1 5.27544E-1 5.15082E-1 4.90215E-1 4.25987E-1 3.04685E-1 2.41356E-1 1.83374E-1 3.28797E-1 3.96647E-1 3.69605E-1 2.94936E-1 2.00002E-1 1.37857E-1 8.18606E-2 4.93664E-2 2.5403E-2 1.40593E-2 9.91431E-3 1.21981E-2
-9999 -9999 -9999 -9999 -9999 -9999 -9999 -9999 -9999 -9999 -9999 5.35233E-1 5.3681E-1 5.46353E-1 5.67918E-1 6.14401E-1 6.39524E-1 6.48232E-1 6.45647E-1 6.4123E-1 6.41358E-1 6.56961E-1 6.50988E-1 6.45174E-1 6.4995E-1 6.54016E-1 6.57278E-1 6.57523E-1 6.59733E-1 6.60536E-1 6.60971E-1 6.61487E-1 6.49473E-1 6.1241E-1 5.30579E-1 4.05435E-1 2.14002E-1 2.07372E-1 1.56325E-1 7.60485E-2 5.85769E-2 6.61889E-2 1.4386E-1 3.07596E-1 4.54773E-1 5.36645E-1 5.82502E-1 5.87049E-1 5.70615E-1 5.8085E-1 5.3711E-1 4.9372E-1 4.84927E-1 4.94171E-1 4.69041E-1 4.23488E-1 3.37083E-1 2.28521E-1 1.14547E-1 3.57883E-2 1.63491E-2 9.6911E-3 9.10433E-3 1.19603E-2 1.85032E-2
-9999 -9999 -9999 -9999 -9999 -9999 -9999 -9999 -9999 -9999 -9999 -9999 5.54712E-1 5.64678E-1 5.838E-1 6.28247E-1 6.4369E-1 6.40243E-1 6.37878E-1 6.43953E-1 6.48568E-1 6.54205E-1 6.51019E-1 6.48575E-1 6.52842E-1 6.52521E-1 6.55486E-1 6.59183E-1 6.60788E-1 6.58785E-1 6.59122E-1 6.60971E-1 6.57405E-1 6.15569E-1 5.41147E-1 4.27777E-1 2.11645E-1 1.43522E-1 1.15666E-1 8.77184E-2 9.08784E-2 9.82463E-2 1.81757E-1 3.14477E-1 4.96751E-1 5.71432E-1 6.1755E-1 6.30914E-1 6.24202E-1 6.17644E-1 5.77925E-1 5.39776E-1 5.13692E-1 4.71817E-1 4.42475E-1 4.05797E-1 3.03083E-1 2.05464E-1 8.31991E-2 1.17345E-2 2.67914E-3 2.6868E-3 6.07205E-3 1.29035E-2 3.3545E-2
-9999 -9999 -9999 -9999 -9999 -9999 -9999 -9999 -9999 -9999 -9999 -9999 -9999 5.95394E-1 6.20716E-1 6.44823E-1 6.39834E-1 6.36455E-1 6.39155E-1 6.46161E-1 6.50342E-1 6.54016E-1 6.54244E-1 6.54849E-1 6.55552E-1 6.52289E-1 6.54321E-1 6.5674E-1 6.56182E-1 6.56704E-1 6.59813E-1 6.61821E-1 -9999 6.25064E-1 5.39081E-1 4.59881E-1 2.65899E-1 1.37799E-1 9.04039E-2 8.77184E-2 9.62214E-2 1.12695E-1 2.28009E-1 3.99331E-1 4.18439E-1 4.72997E-1 6.2299E-1 6.30838E-1 6.37851E-1 6.26269E-1 5.96691E-1 5.72223E-1 5.35547E-1 4.41423E-1 3.65049E-1 3.22586E-1 2.52345E-1 1.53527E-1 4.31632E-2 4.99003E-3 1.07358E-3 1.7281E-3 9.49774E-3 4.20217E-2 5.66013E-2
-9999 -9999 -9999 -9999 -9999 -9999 -9999 -9999 -9999 -9999 -9999 -9999 -9999 -9999 6.42872E-1 6.47716E-1 6.16726E-1 6.22912E-1 6.23461E-1 6.34824E-1 6.39296E-1 6.46096E-1 6.5211E-1 6.54188E-1 6.51829E-1 6.5343E-1 6.57207E-1 6.56885E-1 6.57742E-1 6.61034E-1 6.62212E-1 6.6067E-1 -9999 6.25746E-1 5.5201E-1 4.48855E-1 2.70426E-1 8.96778E-2 2.48321E-2 1.98817E-2 3.11028E-2 6.6246E-2 1.50401E-1 3.64704E-1 5.22451E-1 5.86277E-1 5.96891E-1 5.96891E-1 6.0256E-1 5.84783E-1 5.55382E-1 5.83234E-1 5.3002E-1 4.57385E-1 3.57307E-1 3.08697E-1 2.57672E-1 1.2665E-1 2.52839E-2 2.97175E-3 2.22879E-3 3.50212E-3 1.33694E-2 7.58015E-2 1.37998E-1
-9999 -9999 -9999 -9999 -9999 -9999 -9999 -9999 -9999 -9999 -9999 -9999 -9999 -9999 -9999 6.44859E-1 6.28351E-1 6.16924E-1 6.10651E-1 5.87511E-1 5.4233E-1 5.72118E-1 6.34457E-1 6.48547E-1 6.50889E-1 6.55672E-1 6.58318E-1 6.58241E-1 6.59248E-1 6.57826E-1 6.48713E-1 6.51051E-1 6.44738E-1 5.99554E-1 5.05888E-1 3.83418E-1 1.52278E-1 2.84863E-2 5.9171E-3 5.06941E-3 1.74887E-2 9.69712E-2 3.2039E-1 5.41111E-1 6.23961E-1 6.4786E-1 6.43228E-1 6.04794E-1 5.77712E-1 5.30022E-1 4.57468E-1 4.88126E-1 4.06301E-1 3.50397E-1 3.01328E-1 3.00856E-1 2.4987E-1 1.37857E-1 4.59029E-2 1.17345E-2 3.26703E-3 3.53391E-4 3.31797E-4 8.37304E-3 1.10415E-1
-9999 -9999 -9999 -9999 -9999 -9999 -9999 -9999 -9999 -9999 -9999 -9999 -9999 -9999 -9999 -9999 6.18243E-1 6.03815E-1 5.80858E-1 5.36115E-1 4.61022E-1 5.27728E-1 6.24541E-1 6.41506E-1 6.43043E-1 6.51919E-1 6.57087E-1 6.5812E-1 6.52636E-1 6.51555E-1 6.41628E-1 6.37804E-1 -9999 4.99851E-1 4.21375E-1 1.93745E-1 2.61226E-2 1.93549E-3 4.47503E-4 7.80102E-4 9.94635E-3 9.61226E-2 3.91672E-1 6.16094E-1 6.54155E-1 6.59746E-1 6.55654E-1 6.30257E-1 6.04022E-1 5.69123E-1 5.21831E-1 3.93471E-1 2.78054E-1 3.68135E-1 3.46909E-1 3.98651E-1 3.73151E-1 2.8073E-1 1.40879E-1 3.04814E-2 3.4898E-3 1.02365E-4 5.5413E-4 4.25623E-2 2.61844E-1
-9999 -9999 -9999 -9999 -9999 -9999 -9999 -9999 -9999 -9999 -9999 -9999 -9999 -9999 -9999 -9999 -9999 5.82542E-1 5.57728E-1 5.18587E-1 5.17267E-1 5.59013E-1 6.00455E-1 6.10598E-1 6.25395E-1 6.37301E-1 6.48554E-1 6.47034E-1 6.41718E-1 6.32587E-1 6.16086E-1 -9999 -9999 2.64631E-1 1.28452E-1 1.19762E-2 9.69399E-4 6.3031E-5 1.6207E-5 9.8077E-5 3.02687E-3 5.79477E-2 4.35578E-1 6.33592E-1 6.59346E-1 6.61625E-1 6.59998E-1 6.30266E-1 6.12021E-1 5.75787E-1 5.52213E-1 5.30215E-1 5.31541E-1 5.38421E-1 5.52592E-1 5.3718E-1 4.7342E-1 2.4472E-1 1.40034E-1 5.00982E-2 2.19415E-2 7.2757E-2 3.73268E-1 4.90664E-1 4.94613E-1
-9999 -9999 -9999 -9999 -9999 -9999 -9999 -9999 -9999 -9999 -9999 -9999 -9999 -9999 -9999 -9999 -9999 -9999 5.54337E-1 5.64103E-1 5.87636E-1 6.00285E-1 6.01608E-1 6.25431E-1 6.29506E-1 6.37909E-1 6.52586E-1 6.56823E-1 6.45024E-1 6.20022E-1 5.9542E-1 -9999 -9999 8.06388E-2 1.11037E-2 4.46643E-4 4.9569E-5 4.13139E-6 3.10089E-7 2.35268E-6 4.24699E-4 6.83577E-2 5.17308E-1 6.31917E-1 6.45178E-1 6.57279E-1 6.61396E-1 6.49515E-1 6.36705E-1 6.01044E-1 5.68866E-1 5.67728E-1 5.9359E-1 5.98716E-1 6.21083E-1 5.81901E-1 5.05064E-1 5.32424E-1 5.62245E-1 5.58608E-1 5.6342E-1 5.84281E-1 5.8115E-1 5.57405E-1 5.33258E-1
-9999 -9999 -9999 -9999 -9999 -9999 -9999 -9999 -9999 -9999 -9999 -9999 -9999 -9999 -9999 -9999 -9999 -9999 -9999 5.87193E-1 6.31351E-1 6.25195E-1 6.1253E-1 6.35046E-1 6.50402E-1 6.5343E-1 6.56965E-1 6.56942E-1 -9999 -9999 -9999 -9999 -9999 -9999 7.3119E-4 4.58367E-6 5.95383E-8 1.23228E-8 1.07501E-9 1.75065E-8 4.33982E-5 9.878E-2 5.67006E-1 6.29636E-1 6.33263E-1 6.52873E-1 6.60998E-1 6.49105E-1 6.27718E-1 5.98103E-1 5.53752E-1 5.22301E-1 5.44978E-1 5.71365E-1 6.09294E-1 6.25064E-1 6.20828E-1 6.28405E-1 6.39553E-1 6.25064E-1 6.16341E-1 6.17107E-1 5.86688E-1 5.53088E-1 4.97511E-1
