KUENM/Final_Models/M_0.1_F_lq_Set_2_E/sp1_se_asia_median.asc
ncols         320
nrows         243
xllcorner     44.0
yllcorner     -0.666666666666667
cellsize      0.166666666666667
NODATA_value  -9999
[rows 31 to 61 of 243, columns 70 to 139 of 320]
1.39065E-2 1.44816E-2 1.43041E-2 1.44816E-2 1.44816E-2 1.37363E-2 1.35678E-2 1.23316E-2 8.65506E-3 6.06647E-3 1.06134E-2 1.15884E-2 1.15351E-2 9.00379E-3 7.06275E-3 5.8818E-3 7.25264E-3 9.63962E-3 1.21024E-2 1.27579E-2 1.26921E-2 1.2741E-2 1.25159E-2 1.21598E-2 1.06642E-2 4.20266E-3 6.92792E-3 4.44762E-3 1.44226E-3 5.82265E-3 1.0768E-2 1.2562E-2 1.10712E-2 1.1581E-2 1.03987E-2 6.39717E-3 4.13088E-3 2.66258E-3 1.6074E-3 2.8814E-4 2.94423E-4 6.15744E-5 3.59329E-5 2.86619E-6 3.3266E-7 6.22101E-7 5.34427E-7 1.40078E-7 4.48182E-8 2.77298E-8 3.59218E-9 5.26811E-9 7.44065E-10 8.57834E-9 1.85623E-8 5.26869E-8 6.58724E-8 1.19801E-7 4.28662E-8 2.56551E-8 4.32207E-8 1.72966E-8 3.91548E-9 1.7429E-9 6.42535E-10 1.53236E-10 6.18007E-11 4.42136E-10 3.00839E-11 3.69761E-11
1.43606E-2 1.43606E-2 1.43606E-2 1.43606E-2 1.36405E-2 1.29471E-2 1.39868E-2 1.27505E-2 9.39048E-3 7.14723E-3 1.09574E-2 1.13039E-2 1.09134E-2 5.93854E-3 1.39362E-3 1.37711E-3 3.10408E-3 6.34627E-3 9.28154E-3 1.13068E-2 1.19212E-2 1.2561E-2 1.35802E-2 8.77956E-3 1.13391E-2 1.42035E-2 1.07708E-2 1.13156E-2 5.20415E-3 4.17548E-3 8.53952E-3 9.37754E-3 8.28244E-3 1.02834E-2 1.42492E-2 1.21068E-2 1.01591E-2 8.05038E-3 6.15478E-3 3.92774E-3 3.24974E-3 1.1719E-3 2.99895E-5 5.34427E-7 1.38494E-5 1.85663E-4 3.85583E-5 1.51151E-6 7.54143E-8 1.77684E-7 1.91938E-7 3.70525E-8 2.61766E-8 2.48111E-8 1.57936E-8 3.90731E-8 3.87573E-8 6.54338E-9 8.61778E-9 2.86138E-9 2.47141E-9 1.06499E-9 5.2894E-10 4.65578E-10 1.96114E-10 4.31077E-10 3.78146E-10 2.86438E-10 1.04388E-9 1.86341E-10
1.51014E-2 1.49114E-2 1.49114E-2 1.40049E-2 1.02148E-2 7.7681E-3 1.04784E-2 1.00429E-2 7.83332E-3 8.34577E-3 1.12451E-2 1.11544E-2 1.0155E-2 7.75933E-3 2.70219E-3 9.94964E-4 4.98778E-4 3.10408E-3 5.5824E-3 5.33524E-3 6.21009E-3 1.06089E-2 1.3502E-2 9.15886E-3 6.56121E-3 1.71417E-2 1.88895E-2 1.82793E-2 1.64932E-2 1.42357E-2 1.09555E-2 8.61236E-3 1.13333E-2 1.11568E-2 1.09698E-2 6.96149E-3 4.10098E-3 7.93509E-3 1.08735E-2 8.92156E-3 6.40961E-3 4.56751E-3 1.85742E-3 1.14902E-3 4.76911E-4 5.57402E-6 3.16412E-7 5.83306E-7 2.92031E-7 2.47809E-7 5.30863E-8 3.56501E-9 2.60256E-9 3.79945E-9 1.78596E-9 2.08587E-9 2.05463E-9 2.38007E-9 6.29238E-9 3.23655E-9 2.81867E-9 1.86758E-9 5.07011E-9 9.09822E-9 2.65991E-9 2.10962E-9 1.2393E-9 3.82948E-9 5.99459E-10 5.94107E-9
1.54297E-2 1.45106E-2 1.43252E-2 1.28032E-2 8.20547E-3 3.93429E-3 7.16503E-3 7.85495E-3 6.05917E-3 9.2099E-3 1.11619E-2 1.01494E-2 9.02667E-3 7.49533E-3 5.00926E-3 2.92944E-3 4.48012E-4 1.77065E-4 1.22427E-3 1.80475E-3 2.33304E-3 4.81986E-3 8.86338E-3 1.12496E-2 9.43842E-3 1.7384E-2 1.83263E-2 2.07402E-2 2.13526E-2 2.17073E-2 2.24146E-2 2.04914E-2 1.48104E-2 1.27503E-2 6.65411E-3 1.70002E-3 3.65966E-3 5.83764E-3 3.76981E-3 2.35599E-3 7.75893E-4 1.26271E-4 1.62597E-5 3.28496E-6 5.33198E-6 1.55948E-6 3.84159E-7 8.82347E-7 1.24502E-7 3.57003E-8 1.29029E-8 1.06355E-8 5.03157E-9 5.71802E-9 3.65725E-9 3.54579E-9 1.11413E-8 6.34211E-9 4.22561E-9 1.28061E-8 2.2211E-8 3.85722E-9 5.85125E-9 5.10069E-8 2.69173E-8 9.59404E-9 9.20431E-10 4.39361E-10 7.38572E-9 2.93765E-8
1.49825E-2 1.47893E-2 1.40972E-2 1.24761E-2 6.54836E-3 5.47492E-3 8.3533E-3 5.41241E-3 2.70363E-3 6.97232E-3 1.06123E-2 9.98973E-3 8.7488E-3 5.92627E-3 4.26167E-3 4.27931E-3 2.7944E-3 7.06513E-4 5.09333E-4 2.09944E-3 2.67171E-3 1.74348E-3 4.45769E-3 8.0763E-3 8.77024E-3 1.40187E-2 1.19212E-2 1.70224E-2 2.01127E-2 2.08954E-2 1.77244E-2 1.9506E-2 1.42035E-2 6.85192E-3 3.70263E-3 3.80894E-3 4.57389E-3 3.15698E-3 1.16213E-3 2.76917E-4 1.35587E-4 2.04443E-5 8.2415E-7 2.57226E-7 3.28871E-7 6.81577E-7 1.23498E-6 3.4287E-7 1.75709E-8 1.29998E-8 7.00997E-9 4.42385E-9 3.28592E-9 9.84114E-9 1.29086E-8 1.6617E-8 4.87917E-9 8.55042E-9 2.83998E-9 4.2911E-9 1.10818E-7 1.79931E-8 1.79931E-8 1.86091E-7 2.41268E-9 3.28494E-9 1.64196E-9 5.04963E-9 7.63377E-8 1.87063E-8
1.43346E-2 1.45242E-2 1.2413E-2 8.63255E-3 7.29812E-3 1.24514E-2 1.61384E-2 1.083E-2 2.78473E-3 2.14045E-3 8.10717E-3 9.22331E-3 8.21503E-3 7.3175E-3 5.03523E-3 4.95224E-3 4.8107E-3 3.59542E-3 1.27425E-3 5.49125E-4 1.78845E-3 2.30907E-3 3.72533E-3 5.82721E-3 3.28486E-3 3.38926E-3 1.17218E-2 1.26734E-2 1.76239E-2 1.9147E-2 1.79619E-2 1.9147E-2 1.33018E-2 5.97913E-3 6.83021E-3 7.58901E-3 4.3048E-3 2.28528E-3 8.72144E-4 8.22141E-4 2.09651E-4 3.50015E-5 1.34413E-5 1.06245E-6 1.05409E-6 1.58875E-7 2.75844E-8 1.17222E-8 5.10933E-8 1.66685E-8 7.3154E-8 6.11221E-8 4.03522E-8 5.71802E-9 9.84114E-9 1.28061E-8 6.49271E-9 4.32207E-8 8.69712E-8 3.09366E-7 3.58979E-7 8.0196E-9 1.18353E-7 1.20142E-6 2.51969E-8 3.55966E-7 2.20908E-6 3.38239E-7 2.99722E-9 1.66083E-10
1.53122E-2 1.3317E-2 9.49741E-3 4.71813E-3 4.95952E-3 1.41471E-2 1.95528E-2 1.71906E-2 7.42153E-3 6.48436E-4 4.89771E-3 7.23113E-3 6.20809E-3 6.14271E-3 6.21647E-3 5.8469E-3 5.41966E-3 3.92812E-3 4.63111E-3 2.15971E-3 8.69011E-4 1.45291E-3 1.88616E-3 1.54815E-3 4.1824E-3 4.83619E-3 1.07524E-2 1.50529E-2 1.66189E-2 1.84909E-2 1.79066E-2 1.78546E-2 1.61437E-2 1.19212E-2 1.00274E-2 7.10638E-3 4.59269E-3 2.61308E-3 1.90373E-3 1.4655E-3 4.06794E-4 5.15846E-5 2.81176E-5 1.84228E-5 4.22736E-7 1.72465E-7 8.42396E-7 4.2978E-6 3.71721E-6 1.62327E-6 2.55743E-7 1.51733E-7 5.26869E-8 5.22637E-8 1.98445E-8 5.76223E-9 4.57543E-8 6.01456E-8 3.15722E-6 1.32605E-5 2.34945E-6 1.70519E-8 3.87478E-6 2.57523E-5 6.73772E-6 3.37814E-6 3.41154E-8 4.58924E-10 4.7879E-10 9.95742E-9
1.45216E-2 1.05149E-2 6.45008E-3 3.7912E-3 4.71813E-3 1.20893E-2 1.81665E-2 1.93156E-2 1.06892E-2 2.23742E-3 2.26451E-3 6.29724E-3 6.35622E-3 4.89225E-3 5.78875E-3 6.21647E-3 6.28182E-3 5.27242E-3 5.87157E-3 4.83006E-3 2.50932E-3 1.06114E-3 6.50561E-4 3.60855E-4 9.06343E-4 3.79678E-4 1.26335E-3 9.82453E-3 1.62166E-2 1.80354E-2 1.7489E-2 1.5204E-2 1.4413E-2 1.24361E-2 9.8488E-3 6.91188E-3 3.79123E-3 2.78451E-3 3.49729E-3 3.49729E-3 2.62856E-3 1.22719E-3 2.63555E-4 5.10162E-5 3.1409E-5 1.18416E-4 8.15487E-5 1.32605E-5 6.09684E-7 2.25113E-6 1.23282E-6 2.20066E-7 1.34284E-8 2.00033E-8 7.69651E-8 1.31335E-7 7.55683E-7 3.25343E-7 2.58731E-6 4.59823E-6 7.71031E-5 1.11757E-7 8.95005E-6 1.31905E-4 5.62361E-6 9.99784E-7 1.10003E-7 6.13009E-9 1.51747E-8 3.54405E-9
1.35055E-2 1.07648E-2 5.66474E-3 5.75181E-3 6.1096E-3 9.12635E-3 1.68587E-2 2.0478E-2 1.74912E-2 8.60725E-3 3.38043E-3 5.77421E-3 7.49639E-3 7.12603E-3 7.19652E-3 6.74687E-3 5.99603E-3 5.23484E-3 5.27242E-3 4.3282E-3 3.17371E-3 1.23358E-3 4.23869E-4 1.37297E-4 2.72658E-4 1.88139E-4 3.64561E-4 1.18613E-3 1.22788E-2 1.52224E-2 1.3842E-2 1.32212E-2 1.29588E-2 1.11488E-2 7.92925E-3 6.96691E-3 4.31833E-3 4.0766E-3 4.62029E-3 4.9929E-3 2.59141E-3 1.00419E-3 4.63043E-4 6.94178E-4 2.62911E-4 4.76866E-4 1.43292E-4 6.9031E-5 1.73788E-4 4.2298E-5 1.02042E-5 1.51552E-6 6.01456E-8 4.5021E-8 8.91336E-8 4.70377E-7 3.62255E-6 1.86869E-6 1.61959E-5 2.30241E-4 6.13729E-5 7.54642E-6 1.45802E-4 2.43485E-5 4.09455E-7 4.55622E-9 1.05544E-8 2.04848E-8 4.7162E-9 2.35092E-9
1.14078E-2 1.17183E-2 8.53939E-3 6.01413E-3 4.93568E-3 5.58168E-3 1.21975E-2 1.77258E-2 2.09856E-2 1.81933E-2 3.64546E-3 4.39207E-3 9.30209E-3 9.2586E-3 8.76142E-3 6.43448E-3 6.07196E-3 3.24187E-3 1.80733E-3 1.75712E-3 2.23465E-3 7.64205E-4 3.21975E-4 3.51865E-4 8.15282E-4 9.5874E-4 1.30196E-3 6.23758E-4 8.11095E-3 1.33965E-2 1.20497E-2 1.22422E-2 1.2354E-2 9.85715E-3 8.5968E-3 5.5055E-3 3.12011E-3 3.5058E-3 5.56685E-3 2.56012E-3 1.61999E-3 2.45829E-3 2.23729E-3 4.19133E-4 2.5889E-4 1.71932E-4 1.03632E-3 2.28162E-4 1.08241E-5 7.90143E-6 4.09323E-7 3.08263E-8 4.61236E-8 3.19959E-7 4.91235E-6 7.43414E-5 1.01607E-4 9.25943E-7 1.33297E-4 1.17991E-3 9.58435E-5 1.55161E-4 3.24376E-5 3.33979E-6 1.38565E-7 1.06823E-7 4.1275E-7 8.22715E-9 1.08598E-8 2.49391E-8
5.65752E-3 1.2295E-2 9.23904E-3 5.66474E-3 3.99629E-3 4.20214E-3 9.87621E-3 1.31419E-2 1.39616E-2 1.71906E-2 1.26152E-2 9.85797E-3 1.34608E-2 1.21682E-2 1.15271E-2 9.67682E-3 8.82879E-3 7.56656E-3 2.70783E-3 3.58634E-3 3.75408E-3 2.64209E-3 1.87879E-3 3.7629E-4 1.40657E-4 1.1284E-3 2.63423E-3 3.36022E-3 7.93948E-3 1.07837E-2 1.46608E-2 1.31813E-2 1.11879E-2 9.62584E-3 9.62584E-3 8.60144E-3 6.65455E-3 6.10274E-3 5.2427E-3 4.29067E-3 5.48484E-3 3.97542E-3 5.38443E-3 5.22249E-3 2.83034E-3 1.2971E-3 1.0883E-3 4.1543E-5 5.43104E-6 5.74558E-7 2.14634E-7 2.89113E-6 1.87374E-6 7.49845E-6 3.34868E-4 2.97534E-4 2.14387E-5 1.05724E-5 1.85537E-3 3.44144E-3 3.37E-4 1.48091E-5 1.1462E-4 2.25961E-5 6.07195E-6 6.50069E-6 3.0248E-7 1.81181E-9 8.15241E-8 4.25026E-6
5.87323E-3 8.87366E-3 7.35968E-3 6.01413E-3 5.66528E-3 5.92877E-3 8.88762E-3 1.22503E-2 1.2413E-2 1.34941E-2 1.61384E-2 1.78783E-2 1.57064E-2 1.24867E-2 1.26483E-2 1.09245E-2 1.03005E-2 8.9563E-3 7.47776E-3 5.77928E-3 1.14256E-3 4.62982E-4 6.88901E-4 8.50952E-4 3.05419E-4 2.08993E-4 2.64209E-3 3.71156E-3 7.07128E-3 1.13299E-2 1.41627E-2 1.54904E-2 1.27505E-2 9.63243E-3 8.03082E-3 8.38963E-3 8.65156E-3 6.67135E-3 5.64596E-3 9.63243E-3 9.89372E-3 9.52473E-3 9.09976E-3 5.03396E-3 4.63111E-3 2.98638E-3 1.73176E-3 2.54028E-4 1.28535E-4 7.27486E-6 9.31482E-6 1.6171E-5 3.04894E-5 4.67617E-4 1.79456E-3 4.89781E-4 7.15158E-5 6.86737E-5 2.90546E-3 1.77924E-3 2.49542E-4 1.22456E-3 5.76671E-4 1.5865E-4 5.10916E-6 1.13425E-7 3.11722E-8 1.82664E-8 2.0142E-6 1.82035E-5
5.09079E-3 9.70129E-3 8.53478E-3 6.19725E-3 7.34736E-3 5.92835E-3 7.01506E-3 1.06785E-2 9.24773E-3 5.90167E-3 7.64372E-3 1.65651E-2 1.6782E-2 1.28032E-2 1.24867E-2 1.07862E-2 8.90282E-3 9.19154E-3 8.0474E-3 5.85718E-3 3.81459E-3 2.70783E-3 7.07863E-4 5.71019E-4 8.23298E-4 5.77302E-4 2.24342E-3 3.0008E-3 3.13818E-3 9.39048E-3 1.51014E-2 1.7032E-2 1.16745E-2 7.75641E-3 8.41463E-3 1.03459E-2 9.54382E-3 9.02497E-3 1.02473E-2 9.95679E-3 9.35816E-3 8.7889E-3 7.40387E-3 5.0937E-3 2.18514E-3 1.43968E-3 6.36354E-4 6.432E-4 1.69964E-4 1.16677E-4 1.10164E-4 4.19434E-5 3.99241E-4 1.62224E-3 3.60573E-3 1.11967E-3 7.58659E-4 1.31717E-3 9.52065E-3 2.73342E-3 4.61503E-3 3.99609E-3 6.58345E-4 1.18761E-5 6.1931E-8 4.67958E-6 1.93221E-5 3.14032E-5 7.23776E-5 1.98836E-5
5.71669E-3 9.92891E-3 1.07191E-2 8.20055E-3 8.77024E-3 9.61704E-3 7.32682E-3 1.04122E-2 9.11624E-3 5.15416E-3 3.51507E-3 1.51057E-2 1.75546E-2 1.51778E-2 1.55747E-2 1.36355E-2 8.76142E-3 7.24004E-3 5.00956E-3 3.45101E-3 1.68783E-3 2.22322E-3 2.70783E-3 9.7761E-4 8.93385E-4 1.44786E-3 2.73915E-3 3.30749E-3 2.38487E-3 2.76829E-3 1.00429E-2 1.63267E-2 1.41419E-2 1.03799E-2 1.26388E-2 1.14088E-2 1.09723E-2 8.97817E-3 1.0012E-2 8.71995E-3 7.98561E-3 2.58547E-3 2.80057E-3 4.64111E-3 5.11451E-3 5.56637E-3 2.61245E-3 2.96671E-3 2.36239E-3 9.48516E-4 1.78875E-4 4.65303E-4 2.0119E-3 4.3644E-3 6.55374E-3 7.05187E-3 8.97168E-3 8.46619E-3 1.20178E-3 1.8114E-3 2.10735E-3 5.58906E-4 7.91725E-5 8.79288E-6 8.72479E-6 1.46016E-4 2.85282E-4 2.2574E-4 3.93143E-5 1.56531E-4
3.37095E-3 6.96364E-3 7.15332E-3 8.53939E-3 7.97473E-3 7.01506E-3 7.52316E-3 1.05383E-2 1.19709E-2 8.8617E-3 8.24551E-3 2.2244E-2 2.27913E-2 1.83493E-2 1.94157E-2 1.61177E-2 1.31375E-2 1.02148E-2 8.28173E-3 7.39658E-3 5.00956E-3 2.38532E-3 7.53063E-4 7.10408E-4 1.92842E-3 1.66855E-3 1.05584E-3 2.98821E-3 7.12603E-3 5.65488E-3 6.54192E-3 1.21559E-2 1.44091E-2 1.44091E-2 1.18426E-2 1.27439E-2 1.19302E-2 1.13544E-2 1.12045E-2 9.62392E-3 9.48104E-3 7.53043E-3 8.4194E-3 9.54382E-3 9.3724E-3 8.81504E-3 8.13121E-3 7.93042E-3 5.41966E-3 2.54748E-3 1.64045E-3 2.87719E-3 4.29435E-3 7.09615E-3 9.78999E-3 1.14277E-2 9.25387E-3 3.69009E-3 6.90567E-4 4.52577E-4 3.73778E-4 5.49582E-4 3.36742E-4 9.03342E-4 7.69535E-4 1.33068E-3 5.81651E-4 4.76062E-4 5.31873E-4 2.49542E-4
1.95276E-3 3.92967E-3 2.95692E-3 6.01913E-3 9.3723E-3 9.24773E-3 1.0276E-2 1.08203E-2 1.38541E-2 1.19984E-2 1.09723E-2 2.54351E-2 2.47142E-2 2.23003E-2 2.07749E-2 1.89188E-2 1.68837E-2 1.29695E-2 9.54382E-3 7.16478E-3 5.58772E-3 2.46766E-3 1.26864E-3 9.76956E-4 2.526E-3 4.77722E-3 1.32134E-3 1.42362E-3 6.57893E-3 7.25863E-3 7.53043E-3 1.14034E-2 1.43346E-2 1.65251E-2 1.56004E-2 1.38709E-2 1.28908E-2 1.24606E-2 1.2295E-2 1.1311E-2 1.09428E-2 1.0012E-2 1.09723E-2 1.04023E-2 9.82981E-3 9.37728E-3 8.90282E-3 7.87966E-3 6.98923E-3 5.35747E-3 5.96488E-3 7.66372E-3 9.53099E-3 1.07839E-2 1.27284E-2 1.37376E-2 8.7894E-3 4.54472E-3 1.47013E-3 2.46114E-3 3.11605E-3 4.57415E-3 4.2329E-3 3.86821E-3 1.55067E-3 9.96061E-4 1.57003E-3 1.46507E-3 5.54149E-4 1.03495E-4
1.71776E-3 2.8102E-3 2.403E-3 2.77055E-3 7.10837E-3 9.75185E-3 1.53122E-2 2.0478E-2 1.95528E-2 1.95528E-2 1.95528E-2 2.73585E-2 2.33802E-2 2.374E-2 2.44234E-2 2.25713E-2 1.89188E-2 1.53752E-2 1.05139E-2 7.64409E-3 5.2019E-3 3.85726E-3 3.04664E-3 1.59323E-3 1.07709E-3 2.3543E-3 2.52082E-3 1.14934E-3 5.19846E-3 5.38202E-3 6.88391E-3 1.12361E-2 1.51917E-2 1.70815E-2 1.52583E-2 1.45955E-2 1.35817E-2 1.29726E-2 1.35817E-2 1.29726E-2 1.26281E-2 1.17728E-2 1.12361E-2 1.12552E-2 1.12617E-2 1.11113E-2 1.02148E-2 8.60236E-3 8.54936E-3 8.7889E-3 9.18101E-3 1.00137E-2 1.12207E-2 1.21865E-2 1.40301E-2 1.01129E-2 6.10987E-3 1.77646E-3 2.9061E-3 6.28658E-3 9.03165E-3 1.29491E-2 1.27951E-2 5.77615E-3 4.61288E-3 4.89186E-3 2.68742E-3 1.31333E-3 2.48927E-4 1.75304E-4
8.14893E-4 2.01961E-4 1.50513E-3 1.61564E-3 4.98802E-3 1.0012E-2 1.35562E-2 1.86162E-2 2.64628E-2 2.88143E-2 2.9179E-2 2.57861E-2 2.20321E-2 2.53991E-2 2.53991E-2 2.57474E-2 2.3633E-2 1.71036E-2 1.17077E-2 7.64409E-3 6.05917E-3 4.60887E-3 5.13984E-3 3.91832E-3 1.12314E-3 7.97615E-4 2.90536E-3 2.51192E-3 5.01243E-3 6.22442E-3 6.68603E-3 9.12635E-3 1.38709E-2 1.76934E-2 1.56538E-2 1.48865E-2 1.43212E-2 1.43212E-2 1.39655E-2 1.32204E-2 1.2799E-2 1.35055E-2 1.34172E-2 1.3317E-2 1.30326E-2 1.19984E-2 1.04023E-2 9.02497E-3 9.2586E-3 9.61842E-3 1.00021E-2 1.0697E-2 1.20302E-2 1.32928E-2 1.47701E-2 1.45202E-2 1.40187E-2 1.0982E-2 1.04534E-2 1.42357E-2 1.72358E-2 1.61658E-2 1.51766E-2 1.28058E-2 7.27424E-3 5.18206E-3 5.67169E-3 1.08712E-3 1.56939E-4 3.47964E-4
1.36758E-3 7.21122E-4 4.31673E-4 2.88193E-4 2.67117E-3 6.7987E-3 7.30786E-3 5.13582E-3 6.77866E-3 2.88143E-2 3.24985E-2 2.4325E-2 2.53991E-2 2.71367E-2 2.77047E-2 2.77047E-2 2.57861E-2 2.20321E-2 1.53038E-2 1.05377E-2 7.98997E-3 4.07318E-3 2.78397E-3 6.64275E-3 6.40223E-3 3.82555E-3 5.38202E-3 5.41241E-3 6.99095E-3 8.63255E-3 7.29812E-3 9.49741E-3 1.44012E-2 1.78234E-2 1.75434E-2 1.66173E-2 1.66173E-2 1.50733E-2 1.45163E-2 1.56538E-2 1.52646E-2 1.52646E-2 1.48691E-2 1.38709E-2 1.19302E-2 1.04122E-2 9.74687E-3 1.04023E-2 1.01161E-2 1.12369E-2 1.24835E-2 1.28055E-2 1.41812E-2 1.3509E-2 1.58938E-2 1.80354E-2 1.86967E-2 1.954E-2 2.28177E-2 2.30119E-2 2.36574E-2 2.43925E-2 2.20495E-2 1.80599E-2 1.77232E-2 1.36016E-2 7.72073E-3 2.36161E-3 1.25164E-3 1.11144E-3
3.47747E-3 1.06951E-3 1.50666E-3 5.3326E-4 7.77744E-4 3.7346E-3 7.28228E-3 1.03799E-2 1.3288E-2 3.35148E-2 3.53429E-2 3.10318E-2 2.95476E-2 2.9179E-2 2.9726E-2 2.9726E-2 2.82642E-2 2.43774E-2 1.88445E-2 1.23151E-2 1.23151E-2 1.12617E-2 7.53043E-3 7.057E-3 8.24551E-3 5.71723E-3 5.37703E-3 7.59073E-3 7.82595E-3 6.88912E-3 1.07986E-2 1.06215E-2 1.42091E-2 1.76057E-2 1.70593E-2 1.64614E-2 1.67264E-2 1.62002E-2 1.64614E-2 1.64088E-2 1.66173E-2 1.62386E-2 1.56508E-2 1.20359E-2 1.09428E-2 1.12361E-2 1.13852E-2 1.12552E-2 1.15532E-2 1.26388E-2 1.43252E-2 1.54297E-2 1.41812E-2 1.18707E-2 1.2981E-2 1.66498E-2 1.79288E-2 2.10796E-2 2.44366E-2 2.6285E-2 2.59129E-2 2.87542E-2 2.59007E-2 2.39958E-2 1.54409E-2 1.55608E-2 4.27879E-3 1.75623E-3 1.62825E-3 1.22149E-3
5.35687E-3 4.66514E-3 2.24527E-3 9.09E-4 5.76284E-5 3.64158E-4 6.43799E-3 8.22661E-3 1.3812E-2 3.1423E-2 3.67128E-2 3.43667E-2 3.20929E-2 3.24985E-2 3.20929E-2 3.16914E-2 2.93539E-2 2.43774E-2 2.12433E-2 1.74174E-2 1.42221E-2 1.54164E-2 1.2912E-2 7.53122E-3 8.60725E-3 5.84394E-3 1.86602E-3 8.38551E-3 1.10887E-2 9.00632E-3 9.87621E-3 1.44012E-2 1.52646E-2 1.76057E-2 1.68164E-2 1.68164E-2 1.63393E-2 1.63393E-2 1.65764E-2 1.70922E-2 1.68164E-2 1.70593E-2 1.75434E-2 1.62529E-2 1.43294E-2 1.32398E-2 1.2693E-2 1.22503E-2 1.2912E-2 1.44091E-2 1.62413E-2 1.81332E-2 1.43606E-2 1.24801E-2 1.32836E-2 1.4643E-2 1.74443E-2 1.94691E-2 2.21698E-2 2.37723E-2 2.57439E-2 3.01455E-2 2.68929E-2 2.48816E-2 2.43281E-2 1.59666E-2 1.90844E-3 1.18577E-3 1.07845E-3 9.12059E-4
2.09563E-3 6.09848E-3 4.12231E-3 1.7576E-3 6.7153E-4 2.77673E-4 2.14763E-3 5.58737E-3 2.07122E-3 1.99232E-2 3.47993E-2 3.5789E-2 3.84879E-2 3.71283E-2 3.57897E-2 3.66636E-2 3.44644E-2 2.72142E-2 2.2244E-2 1.64453E-2 1.22895E-2 1.45242E-2 1.69663E-2 9.87512E-3 9.23651E-3 6.26791E-3 5.47492E-3 8.38551E-3 1.09428E-2 1.28908E-2 1.2295E-2 1.58514E-2 1.83618E-2 1.81018E-2 1.73281E-2 1.63393E-2 1.63393E-2 1.68473E-2 1.73575E-2 1.7866E-2 1.7866E-2 1.75909E-2 1.81018E-2 1.54582E-2 1.27192E-2 1.26281E-2 1.3317E-2 1.37781E-2 1.50172E-2 1.71036E-2 1.89188E-2 1.99232E-2 1.62693E-2 1.31121E-2 1.25835E-2 1.60346E-2 1.79288E-2 2.02106E-2 2.16222E-2 2.47726E-2 2.68249E-2 3.22697E-2 3.56225E-2 4.11916E-2 4.41398E-2 1.52557E-2 7.03208E-4 6.00448E-4 3.86049E-4 3.8908E-4
5.13984E-3 2.05013E-3 4.65559E-3 3.59818E-3 2.73631E-3 6.84756E-4 5.64791E-4 1.1554E-3 1.30248E-3 9.35816E-3 1.99232E-2 3.66948E-2 4.15117E-2 4.18227E-2 4.15651E-2 4.15651E-2 3.92034E-2 3.17893E-2 2.56805E-2 2.07305E-2 1.62305E-2 1.55153E-2 1.77258E-2 1.36731E-2 1.04122E-2 7.49212E-3 7.09796E-3 6.14612E-3 6.48923E-3 1.16171E-2 1.70727E-2 1.81725E-2 1.97607E-2 1.89204E-2 1.81018E-2 1.65764E-2 1.73401E-2 1.7866E-2 1.81297E-2 1.73575E-2 1.43341E-2 1.3101E-2 1.45163E-2 1.29726E-2 1.29726E-2 1.35055E-2 1.45216E-2 1.60182E-2 1.65251E-2 1.88445E-2 2.20321E-2 1.95717E-2 1.7078E-2 1.31121E-2 1.42978E-2 1.72239E-2 1.93797E-2 2.30892E-2 2.3927E-2 2.60101E-2 2.90081E-2 3.18939E-2 4.03394E-2 4.56411E-2 4.53891E-2 3.14279E-3 9.72343E-4 3.16608E-4 3.51091E-4 5.07332E-4
6.73574E-3 5.72097E-3 2.11929E-3 1.99587E-3 2.96664E-3 3.24781E-3 6.96446E-4 2.35631E-4 5.96481E-4 1.79695E-3 6.28978E-3 3.18396E-2 4.07196E-2 4.15117E-2 4.15651E-2 4.18257E-2 4.07336E-2 3.84699E-2 3.18627E-2 2.79036E-2 2.34099E-2 2.1182E-2 1.60182E-2 1.2413E-2 9.62001E-3 8.27644E-3 5.29064E-3 4.55235E-3 4.71473E-3 5.50195E-3 1.64568E-2 2.03308E-2 2.18127E-2 2.03303E-2 1.8652E-2 1.7866E-2 1.73575E-2 1.81297E-2 2.00194E-2 1.76102E-2 1.27602E-2 1.3101E-2 1.2522E-2 1.3462E-2 1.38313E-2 1.48691E-2 1.62454E-2 1.81654E-2 1.95361E-2 2.2244E-2 2.4325E-2 2.18856E-2 1.74683E-2 1.62584E-2 1.68192E-2 1.97125E-2 2.30274E-2 2.55169E-2 2.70741E-2 3.08067E-2 3.41268E-2 3.87783E-2 4.69045E-2 4.52188E-2 1.38725E-2 5.05332E-3 1.16215E-2 1.05125E-2 8.92156E-3 4.23254E-3
7.83814E-3 6.98923E-3 4.26167E-3 6.02985E-4 6.22836E-4 1.57019E-3 2.73265E-3 1.89971E-3 3.76933E-5 2.31504E-4 8.79342E-4 1.82316E-2 4.0209E-2 4.21156E-2 4.07369E-2 3.9463E-2 3.91934E-2 4.06104E-2 3.72537E-2 3.11067E-2 2.97452E-2 2.44088E-2 1.79423E-2 1.34941E-2 9.49455E-3 7.49212E-3 5.50096E-3 4.89152E-3 5.56521E-3 4.44184E-3 1.12045E-2 2.18127E-2 2.30012E-2 2.17781E-2 2.12006E-2 1.83934E-2 1.81297E-2 1.97328E-2 2.02681E-2 2.02681E-2 1.83934E-2 1.89216E-2 1.64088E-2 1.50733E-2 1.66513E-2 1.74737E-2 2.09144E-2 2.15119E-2 2.34099E-2 2.50879E-2 2.53991E-2 1.99232E-2 1.68644E-2 1.91016E-2 2.08061E-2 2.34505E-2 2.60753E-2 2.85464E-2 3.12221E-2 3.48289E-2 3.9329E-2 4.91045E-2 5.48837E-2 4.02678E-2 3.96154E-3 2.00046E-2 2.23414E-2 1.67989E-2 8.38895E-3 3.10117E-3
6.7446E-3 6.42882E-3 5.96488E-3 4.47759E-3 2.1982E-3 5.67213E-4 7.37155E-4 2.62251E-3 1.58819E-3 6.57064E-4 1.37847E-3 1.88417E-2 4.00963E-2 4.29414E-2 4.01963E-2 3.86958E-2 4.04171E-2 4.0913E-2 3.86958E-2 3.42419E-2 3.27631E-2 2.72009E-2 2.17846E-2 1.46266E-2 1.09637E-2 6.99095E-3 2.9938E-3 3.78848E-3 5.56521E-3 5.3859E-3 1.27975E-2 2.36357E-2 2.45351E-2 2.34709E-2 2.31664E-2 2.14689E-2 2.11633E-2 1.91966E-2 1.97328E-2 2.23847E-2 2.27791E-2 2.14114E-2 1.83869E-2 1.73281E-2 1.8652E-2 2.20911E-2 2.15192E-2 1.70815E-2 2.3738E-2 2.63412E-2 2.4325E-2 1.95717E-2 2.03267E-2 2.20713E-2 2.49088E-2 2.8246E-2 3.07819E-2 3.38205E-2 3.89875E-2 4.42927E-2 5.20025E-2 5.89732E-2 6.22068E-2 3.02409E-2 1.42492E-2 2.11381E-2 1.65554E-2 9.66094E-3 2.02266E-3 1.34157E-3
1.88463E-3 2.56542E-3 3.47455E-3 3.75923E-3 3.13158E-3 3.42971E-3 1.6403E-3 2.63533E-3 2.97276E-3 1.06114E-3 8.60973E-5 7.32342E-3 2.64554E-2 3.89182E-2 4.20203E-2 4.06104E-2 3.98818E-2 3.93522E-2 3.81046E-2 3.48576E-2 3.3542E-2 3.0668E-2 2.20897E-2 1.68587E-2 1.33797E-2 5.31693E-3 2.5914E-3 4.44635E-3 5.9395E-3 5.47492E-3 1.45216E-2 2.51802E-2 2.64054E-2 2.52975E-2 2.42177E-2 2.39038E-2 2.29823E-2 2.14114E-2 2.11047E-2 2.11047E-2 2.23847E-2 2.19589E-2 2.14114E-2 2.17218E-2 2.2036E-2 2.20911E-2 1.87549E-2 1.81654E-2 1.92974E-2 2.26745E-2 2.05256E-2 1.81332E-2 2.21077E-2 2.68736E-2 3.0998E-2 3.38776E-2 3.9095E-2 4.27372E-2 4.50399E-2 5.16167E-2 5.95115E-2 6.68822E-2 6.80417E-2 4.14536E-2 2.66424E-2 2.02748E-2 5.52976E-3 6.47832E-3 2.31653E-3 6.41259E-5
6.02796E-4 4.06598E-4 6.49611E-4 8.09894E-4 1.19874E-3 1.0039E-3 1.928E-3 2.33016E-3 2.16555E-3 1.96836E-3 9.04034E-5 3.57178E-4 8.65506E-3 2.89856E-2 4.02339E-2 4.10217E-2 3.96978E-2 3.7798E-2 3.86433E-2 3.7798E-2 3.72537E-2 3.27399E-2 2.72009E-2 2.20897E-2 1.86184E-2 6.53594E-3 2.17159E-3 5.31693E-3 6.19774E-3 4.03125E-3 1.04122E-2 2.47224E-2 2.76119E-2 2.72558E-2 2.72558E-2 2.61479E-2 2.54738E-2 2.40991E-2 2.33881E-2 2.4169E-2 2.48689E-2 2.33881E-2 2.29823E-2 2.29823E-2 2.43271E-2 2.06223E-2 1.60511E-2 1.49907E-2 1.53122E-2 1.74174E-2 1.85886E-2 1.87251E-2 2.45176E-2 2.83146E-2 3.28064E-2 3.72608E-2 4.13683E-2 4.74189E-2 5.13384E-2 5.88794E-2 6.59012E-2 7.07313E-2 6.75738E-2 2.73207E-2 2.19838E-2 1.59963E-2 5.28972E-3 2.12715E-3 9.30834E-4 9.97146E-4
2.77381E-4 9.17505E-5 1.54866E-4 3.23454E-4 7.28895E-4 1.19139E-3 8.79617E-4 9.64666E-4 2.8948E-4 4.38906E-5 3.20548E-4 5.94491E-5 1.82371E-3 1.75546E-2 3.63781E-2 4.10217E-2 3.94722E-2 3.87696E-2 3.83455E-2 4.00571E-2 3.76118E-2 3.56126E-2 3.30411E-2 2.98922E-2 2.1137E-2 9.45694E-3 6.26845E-3 5.73498E-3 6.77866E-3 3.59072E-3 6.03643E-3 1.88485E-2 2.78037E-2 2.91677E-2 2.918E-2 2.88029E-2 2.84299E-2 2.76808E-2 2.8382E-2 2.87006E-2 2.86219E-2 2.8011E-2 2.66223E-2 2.44898E-2 2.14689E-2 1.64438E-2 1.30643E-2 1.2693E-2 1.13852E-2 1.19984E-2 1.3781E-2 1.82494E-2 2.38759E-2 2.83146E-2 3.20327E-2 3.89445E-2 4.36326E-2 4.7674E-2 5.53949E-2 6.06258E-2 6.76715E-2 6.99594E-2 5.10826E-2 2.04263E-2 2.29316E-2 1.66135E-2 9.15897E-3 3.77326E-3 3.47348E-3 1.20191E-2
1.81726E-3 6.94178E-4 3.19192E-4 1.08224E-4 4.80578E-5 5.41185E-4 8.79102E-4 6.40759E-4 5.44997E-4 2.8948E-4 1.06787E-4 2.78196E-4 1.06114E-3 8.7488E-3 3.31802E-2 3.90115E-2 3.93982E-2 4.00571E-2 4.00767E-2 3.95183E-2 3.89409E-2 3.67565E-2 3.42419E-2 3.19346E-2 2.20339E-2 5.71749E-3 5.58128E-3 3.76666E-3 5.13984E-3 6.33549E-3 4.17193E-3 7.75514E-3 1.81665E-2 2.82601E-2 3.07242E-2 3.10432E-2 3.09671E-2 2.93866E-2 3.00679E-2 3.04653E-2 2.90805E-2 2.76808E-2 2.37839E-2 2.03094E-2 1.75434E-2 1.29726E-2 7.85201E-3 8.87963E-3 8.03344E-3 9.06546E-3 1.14014E-2 1.52718E-2 2.00728E-2 2.27801E-2 3.00114E-2 3.92821E-2 4.59474E-2 5.00924E-2 5.66488E-2 6.31927E-2 7.0529E-2 7.0272E-2 5.34481E-2 2.6285E-2 2.31962E-2 6.76219E-3 6.45673E-3 2.161E-3 2.8239E-3 2.7145E-2
3.52559E-3 1.70675E-3 5.41454E-4 1.14344E-4 1.64404E-5 6.24661E-5 6.0293E-5 5.43282E-5 9.1056E-5 4.03094E-5 5.04688E-4 1.37329E-3 1.24321E-3 6.66699E-3 1.88445E-2 2.85256E-2 3.6309E-2 3.79744E-2 3.81247E-2 3.87696E-2 3.83455E-2 3.81247E-2 3.60763E-2 3.55883E-2 3.1062E-2 7.05125E-3 2.07416E-3 2.64218E-3 3.29263E-3 3.04664E-3 4.01295E-3 6.6059E-3 4.89796E-3 1.11162E-2 2.73351E-2 3.10954E-2 3.14487E-2 2.95519E-2 2.87912E-2 2.7335E-2 2.7335E-2 2.29823E-2 2.08613E-2 1.73281E-2 1.43212E-2 9.48962E-3 6.17606E-3 6.26791E-3 6.45565E-3 7.52179E-3 8.17649E-3 8.68595E-3 9.59956E-3 1.35678E-2 2.82987E-2 4.18187E-2 4.63965E-2 5.24912E-2 5.84872E-2 6.38081E-2 6.85026E-2 6.99377E-2 6.61947E-2 3.37157E-2 1.7567E-2 4.71755E-3 2.84165E-3 8.80941E-4 3.23504E-3 3.38071E-2
