KUENM/Final_Models/M_0.1_F_lq_Set_2_E/sp1_2.asc
ncols         197
nrows         210
xllcorner     56.1666666666667
yllcorner     4.5
cellsize      0.166666666666667
NODATA_value  -9999
[rows 56 to 83 of 210, columns 0 to 64 of 197]
-9999 -9999 -9999 -9999 -9999 -9999 -9999 -9999 -9999 -9999 -9999 3.99388E-2 4.05638E-2 3.94275E-2 3.77268E-2 3.84209E-2 3.77268E-2 3.72537E-2 3.27399E-2 2.72009E-2 2.26648E-2 1.95083E-2 6.05627E-3 1.477E-3 4.09835E-3 5.62969E-3 3.0024E-3 1.14405E-2 2.47224E-2 2.76119E-2 2.72558E-2 2.72558E-2 2.61479E-2 2.54738E-2 2.40991E-2 2.33881E-2 2.4169E-2 2.48689E-2 2.33881E-2 2.29823E-2 2.29823E-2 2.43271E-2 2.11033E-2 1.69184E-2 1.61482E-2 1.64916E-2 1.86397E-2 1.98434E-2 1.99981E-2 2.53846E-2 2.87376E-2 3.28064E-2 3.73057E-2 4.13683E-2 4.73624E-2 5.12101E-2 5.88564E-2 6.59012E-2 7.07313E-2 6.75738E-2 2.30846E-2 1.7801E-2 1.23838E-2 3.51356E-3 1.25423E-3
-9999 -9999 -9999 -9999 -9999 -9999 -9999 -9999 -9999 -9999 1.87943E-2 3.63781E-2 4.05638E-2 3.90287E-2 3.84822E-2 3.80183E-2 3.95205E-2 3.74354E-2 3.56126E-2 3.30411E-2 2.98922E-2 2.18588E-2 1.04474E-2 5.49432E-3 4.48204E-3 6.43041E-3 2.61814E-3 5.16347E-3 1.97576E-2 2.78037E-2 2.91677E-2 2.918E-2 2.88029E-2 2.84299E-2 2.76808E-2 2.8382E-2 2.87006E-2 2.86219E-2 2.8011E-2 2.66223E-2 2.44898E-2 2.17126E-2 1.71559E-2 1.41759E-2 1.38045E-2 1.24545E-2 1.30988E-2 1.4949E-2 1.95091E-2 2.47709E-2 2.87376E-2 3.20327E-2 3.89445E-2 4.36326E-2 4.7674E-2 5.53949E-2 6.06258E-2 6.75722E-2 6.97819E-2 5.10826E-2 1.66177E-2 1.88841E-2 1.31038E-2 6.68807E-3 2.43854E-3
-9999 -9999 -9999 -9999 -9999 -9999 -9999 -9999 -9999 6.22158E-4 7.81015E-3 3.31802E-2 3.88313E-2 3.90203E-2 3.95205E-2 3.94745E-2 3.90097E-2 3.8524E-2 3.67565E-2 3.42419E-2 3.19346E-2 2.27087E-2 4.40982E-3 4.30388E-3 2.7475E-3 3.9113E-3 5.35725E-3 3.0874E-3 8.01427E-3 1.92296E-2 2.82601E-2 3.07242E-2 3.10432E-2 3.09671E-2 2.93866E-2 3.00679E-2 3.04653E-2 2.90805E-2 2.76808E-2 2.37839E-2 2.07242E-2 1.80645E-2 1.4072E-2 8.73922E-3 9.82912E-3 8.93647E-3 1.00349E-2 1.24902E-2 1.65021E-2 2.13971E-2 2.41323E-2 3.04672E-2 3.92821E-2 4.59474E-2 5.00924E-2 5.66488E-2 6.30825E-2 6.99689E-2 6.98137E-2 5.34481E-2 2.6285E-2 2.07591E-2 4.82015E-3 4.5672E-3 1.32075E-3
-9999 -9999 -9999 -9999 -9999 -9999 -9999 -9999 8.28892E-4 7.43138E-4 5.11705E-3 1.99722E-2 2.85256E-2 3.6309E-2 3.78393E-2 3.79255E-2 3.84822E-2 3.80183E-2 3.79255E-2 3.60763E-2 3.55883E-2 3.1062E-2 6.21106E-3 1.38851E-3 1.82738E-3 2.34911E-3 2.15667E-3 2.9488E-3 5.34712E-3 3.70193E-3 1.21835E-2 2.73351E-2 3.10954E-2 3.14487E-2 2.95519E-2 2.87912E-2 2.7335E-2 2.7335E-2 2.29823E-2 2.11503E-2 1.82763E-2 1.53873E-2 1.04643E-2 6.17606E-3 6.25397E-3 6.1958E-3 7.41411E-3 8.14891E-3 8.27279E-3 8.99605E-3 1.47766E-2 2.89851E-2 4.18187E-2 4.63965E-2 5.24912E-2 5.84647E-2 6.34289E-2 6.78431E-2 6.93096E-2 6.60603E-2 3.54203E-2 1.43461E-2 3.25417E-3 1.83196E-3 4.82811E-4
-9999 -9999 -9999 -9999 -9999 -9999 -9999 7.24572E-5 4.71387E-4 1.4318E-3 3.27407E-3 4.53059E-3 1.1564E-2 2.78037E-2 3.30411E-2 3.51537E-2 3.6468E-2 3.79255E-2 3.90203E-2 3.89215E-2 3.85702E-2 3.79419E-2 1.53254E-2 2.64915E-3 3.13026E-3 2.58729E-3 9.26343E-4 2.5568E-3 5.26638E-3 5.55705E-3 3.70193E-3 9.91085E-3 2.73351E-2 2.91677E-2 2.60651E-2 2.46471E-2 2.40107E-2 2.40107E-2 1.80388E-2 1.6935E-2 1.71578E-2 1.4754E-2 1.05993E-2 5.09453E-3 4.67254E-3 3.81748E-3 4.35659E-3 4.57279E-3 5.30605E-3 1.15684E-2 2.25962E-2 3.75584E-2 4.20239E-2 4.65691E-2 5.27277E-2 5.72318E-2 6.20331E-2 6.56187E-2 6.7803E-2 4.92993E-2 1.60182E-2 4.53441E-3 3.67666E-3 7.67508E-4 6.6686E-4
-9999 -9999 -9999 -9999 -9999 -9999 1.29871E-5 9.07735E-5 5.61995E-5 4.03006E-4 4.23836E-3 8.67997E-3 8.94768E-3 2.29552E-2 2.76876E-2 3.30411E-2 3.60763E-2 3.82178E-2 3.89846E-2 3.99388E-2 3.88956E-2 3.76408E-2 2.86215E-2 8.83972E-3 5.97524E-3 5.05879E-3 1.91532E-3 2.14977E-3 1.84905E-3 5.14097E-3 1.1564E-2 5.15558E-3 1.7721E-2 2.44002E-2 2.28078E-2 2.09172E-2 2.11033E-2 1.76108E-2 1.13478E-2 7.77115E-3 1.43212E-2 1.80388E-2 1.46969E-2 1.00875E-2 1.17162E-2 8.06832E-3 8.31596E-3 8.90616E-3 1.32829E-2 2.03803E-2 2.97615E-2 3.6663E-2 4.15249E-2 4.65691E-2 5.02371E-2 5.59334E-2 5.9954E-2 6.20189E-2 5.6207E-2 2.17338E-2 1.08744E-2 2.38E-3 1.15675E-3 5.22558E-4 4.41544E-4
-9999 -9999 -9999 -9999 -9999 -9999 1.07862E-4 4.11281E-5 1.42859E-5 6.34208E-4 9.96435E-4 7.53392E-3 1.4949E-2 2.23774E-2 2.80438E-2 3.19354E-2 3.46844E-2 3.79091E-2 3.99388E-2 4.02347E-2 3.92034E-2 4.19813E-2 3.19677E-2 3.99237E-3 7.89786E-3 6.84145E-3 4.2223E-3 2.06594E-3 1.09246E-3 3.59787E-3 1.84655E-2 1.87943E-2 2.05216E-2 2.26648E-2 2.31027E-2 2.22273E-2 2.16592E-2 1.76063E-2 1.60363E-2 7.7473E-3 1.3712E-2 2.46471E-2 2.25795E-2 2.02383E-2 1.90304E-2 1.62836E-2 1.68204E-2 1.82369E-2 1.95091E-2 2.35351E-2 2.94002E-2 3.55463E-2 4.08337E-2 4.56119E-2 4.97341E-2 5.33429E-2 5.03876E-2 4.74143E-2 3.76183E-2 1.81467E-2 2.22403E-3 1.94701E-3 5.99858E-4 9.25225E-5 4.01583E-4
-9999 -9999 -9999 -9999 -9999 4.29895E-3 4.16235E-3 4.72469E-3 3.6258E-3 8.67474E-3 3.68657E-4 5.84833E-4 8.88965E-3 2.27087E-2 3.09007E-2 3.19354E-2 3.63781E-2 3.96963E-2 4.08792E-2 4.07178E-2 3.97463E-2 4.20371E-2 3.98673E-2 1.30652E-2 7.44469E-3 8.67997E-3 4.56888E-3 1.52394E-3 1.29961E-3 4.60146E-3 1.2629E-2 2.30019E-2 3.03981E-2 2.82605E-2 2.98922E-2 2.99464E-2 3.03292E-2 2.84299E-2 2.7335E-2 2.62743E-2 2.90805E-2 2.97753E-2 2.95519E-2 2.68369E-2 2.53688E-2 2.37021E-2 2.44537E-2 2.3605E-2 2.45053E-2 2.73541E-2 3.10987E-2 3.57849E-2 3.70176E-2 3.19406E-2 3.38615E-2 3.72261E-2 4.95016E-2 5.02784E-2 2.38332E-2 6.20657E-3 1.648E-3 1.25839E-3 2.21087E-4 3.62261E-5 1.2525E-3
-9999 -9999 -9999 -9999 4.56808E-4 2.40581E-3 4.29895E-3 6.08528E-3 2.90487E-2 3.40236E-2 3.54707E-3 6.57233E-5 7.28929E-4 1.17082E-2 2.50754E-2 3.26019E-2 3.77919E-2 4.17605E-2 4.18036E-2 4.3053E-2 4.22829E-2 4.30297E-2 4.00468E-2 1.9613E-2 6.65098E-3 9.10348E-3 4.99857E-3 1.57743E-3 4.77361E-4 1.66757E-3 4.91369E-3 1.16735E-2 2.65611E-2 3.31506E-2 3.27631E-2 3.48576E-2 3.51323E-2 3.42346E-2 3.35552E-2 3.34198E-2 3.39821E-2 3.37207E-2 3.44786E-2 3.26174E-2 3.15268E-2 3.1062E-2 3.00157E-2 2.84079E-2 2.60321E-2 2.54206E-2 2.60107E-2 2.24548E-2 1.46538E-2 1.74811E-2 2.96594E-2 5.01142E-2 5.51085E-2 5.23851E-2 1.59119E-2 3.03121E-3 2.12148E-3 1.34133E-3 1.63974E-4 7.16022E-4 9.28563E-4
-9999 -9999 -9999 -9999 2.71004E-4 1.57769E-3 4.48653E-3 7.10663E-3 3.07521E-2 4.67811E-2 3.12432E-2 5.62996E-3 1.06864E-4 3.06009E-3 1.5383E-2 2.92431E-2 3.8072E-2 4.3104E-2 4.3597E-2 4.41926E-2 4.38942E-2 4.33628E-2 4.10033E-2 2.9799E-2 8.18341E-3 1.20568E-2 8.48612E-3 5.05752E-3 1.4404E-3 1.4001E-4 2.54212E-3 9.69735E-3 2.3873E-2 3.71658E-2 3.69675E-2 3.71647E-2 3.88956E-2 3.75881E-2 3.79852E-2 3.70071E-2 3.75308E-2 3.80183E-2 3.77268E-2 3.74237E-2 3.60492E-2 3.60399E-2 3.26019E-2 2.27174E-2 1.5024E-2 1.50167E-2 2.16576E-2 2.54438E-2 2.82182E-2 4.30363E-2 5.3976E-2 5.52545E-2 5.85533E-2 4.53502E-2 1.10671E-2 3.83547E-3 4.00174E-3 5.11595E-4 1.65174E-4 3.77369E-3 3.79014E-3
-9999 -9999 -9999 9.92246E-3 6.1704E-3 3.77369E-3 1.17553E-2 2.90523E-2 4.06925E-2 5.10579E-2 4.5739E-2 3.57097E-2 1.28318E-2 2.60018E-3 7.73631E-3 2.39572E-2 3.67892E-2 4.20429E-2 4.1988E-2 4.20429E-2 4.35643E-2 4.25263E-2 3.6663E-2 3.77877E-2 2.04577E-2 1.54944E-2 1.43135E-2 1.1057E-2 6.80935E-3 6.72978E-3 9.30584E-3 1.46374E-2 6.49564E-3 2.41693E-2 3.85511E-2 4.09916E-2 4.23375E-2 4.10479E-2 4.00053E-2 4.05585E-2 4.1041E-2 4.10858E-2 4.05638E-2 3.99388E-2 4.00825E-2 3.92034E-2 3.48638E-2 2.79197E-2 3.18396E-2 3.53054E-2 3.89825E-2 4.25709E-2 4.85046E-2 5.07742E-2 5.32446E-2 5.71243E-2 5.85532E-2 3.51926E-2 6.47999E-3 6.45144E-3 4.8808E-3 1.26523E-3 9.61516E-3 1.1932E-2 1.12355E-2
-9999 -9999 -9999 1.66388E-2 4.09045E-3 1.73559E-2 3.86917E-2 5.23135E-2 5.40518E-2 5.59286E-2 5.13832E-2 4.63466E-2 3.8934E-2 3.01528E-2 2.70041E-2 2.41207E-2 3.16514E-2 3.41593E-2 3.27838E-2 3.43401E-2 4.23395E-2 3.82046E-2 2.66861E-2 3.27997E-2 3.43847E-2 1.68792E-2 1.34958E-2 1.56782E-2 1.43135E-2 1.28768E-2 1.5132E-2 1.92727E-2 4.38407E-3 9.4174E-3 2.31836E-2 3.41631E-2 4.09322E-2 4.43088E-2 4.37643E-2 4.36913E-2 4.3135E-2 4.32082E-2 4.27151E-2 4.20386E-2 4.23375E-2 4.27102E-2 4.3365E-2 4.28146E-2 4.32125E-2 4.39003E-2 4.49913E-2 4.89811E-2 4.95732E-2 5.26184E-2 5.3976E-2 5.59655E-2 4.73624E-2 2.66117E-2 9.41248E-3 9.82383E-3 4.78021E-3 6.69866E-3 1.15269E-2 7.32315E-3 1.85046E-2
-9999 -9999 -9999 1.60901E-2 1.45476E-2 4.66911E-2 6.26565E-2 5.08489E-2 4.52656E-2 5.59552E-2 5.96486E-2 5.63496E-2 5.27024E-2 5.10579E-2 4.94277E-2 4.40081E-2 2.55838E-2 2.76494E-2 2.95862E-2 1.92393E-2 3.60108E-2 3.56258E-2 1.14815E-2 8.23089E-3 3.30825E-2 1.09697E-2 1.33965E-2 1.7737E-2 2.0727E-2 1.90897E-2 1.86457E-2 2.00071E-2 9.43452E-3 2.32858E-3 1.38739E-2 1.92174E-2 3.40793E-2 4.52624E-2 4.54954E-2 4.59746E-2 4.53949E-2 4.43262E-2 4.49457E-2 4.54413E-2 4.50903E-2 4.49113E-2 4.4462E-2 4.47452E-2 4.5772E-2 4.59553E-2 4.76664E-2 4.95732E-2 5.19979E-2 5.15532E-2 5.21734E-2 4.98152E-2 2.51083E-2 1.85301E-2 7.39077E-3 1.04669E-2 9.46762E-3 1.38177E-2 1.96462E-2 3.0945E-2 3.12361E-2
-9999 -9999 2.79505E-2 5.15635E-2 5.7718E-2 7.08953E-2 7.25056E-2 6.48894E-2 6.20331E-2 6.40312E-2 6.3855E-2 6.24835E-2 6.17501E-2 5.94897E-2 5.79525E-2 5.68832E-2 5.29228E-2 4.84991E-2 4.91516E-2 4.90732E-2 4.19922E-2 3.82057E-2 2.74322E-2 2.60434E-2 4.70278E-2 2.35427E-2 1.6835E-2 2.32722E-2 2.19731E-2 2.19731E-2 1.63576E-2 1.68185E-2 1.79456E-2 1.08435E-2 1.05943E-2 7.13534E-3 1.93075E-2 3.57849E-2 4.75619E-2 4.90747E-2 4.96866E-2 4.78599E-2 4.96866E-2 4.83745E-2 4.75546E-2 4.64007E-2 4.55812E-2 4.7011E-2 4.90255E-2 4.80649E-2 5.0026E-2 5.13832E-2 5.21012E-2 5.15663E-2 4.58901E-2 2.63876E-2 1.26665E-2 1.81467E-2 1.03539E-2 1.04669E-2 1.08921E-2 1.49997E-2 2.24906E-2 1.01272E-2 4.87488E-2
-9999 -9999 7.31648E-2 6.82643E-2 7.47121E-2 8.35559E-2 8.06812E-2 7.29699E-2 5.85333E-2 6.26565E-2 6.90707E-2 6.79271E-2 6.63521E-2 6.39953E-2 6.31391E-2 6.29928E-2 6.16533E-2 6.17572E-2 6.18153E-2 6.00869E-2 5.26293E-2 5.46576E-2 5.52215E-2 6.05206E-2 6.40312E-2 4.98152E-2 4.04827E-2 3.68017E-2 3.37567E-2 2.46499E-2 1.27264E-2 2.24881E-2 2.0473E-2 2.19731E-2 2.04898E-2 5.26178E-3 1.64312E-2 2.7127E-2 4.35665E-2 4.96768E-2 4.95863E-2 5.07225E-2 5.08284E-2 4.94882E-2 4.79853E-2 4.89816E-2 4.84779E-2 4.93673E-2 4.96238E-2 4.98436E-2 5.18553E-2 4.97835E-2 4.63965E-2 4.04702E-2 2.35258E-2 9.9642E-3 1.1501E-2 1.589E-2 1.51262E-2 2.3927E-2 2.91178E-2 2.16072E-2 3.34658E-2 5.29723E-2 5.3958E-2
-9999 -9999 9.94623E-2 9.20911E-2 9.68359E-2 8.85246E-2 8.15467E-2 8.19714E-2 7.56491E-2 6.75708E-2 7.4406E-2 7.2785E-2 7.02678E-2 7.01681E-2 6.76151E-2 6.66351E-2 6.63983E-2 6.56191E-2 6.56191E-2 6.82168E-2 6.86577E-2 6.87118E-2 7.10918E-2 7.35668E-2 7.36188E-2 6.88172E-2 6.34492E-2 5.51417E-2 4.7269E-2 3.4795E-2 1.87607E-2 1.56756E-2 3.17838E-2 3.1593E-2 2.38157E-2 2.32722E-2 1.60808E-2 2.83069E-2 4.0063E-2 4.80381E-2 4.90901E-2 4.95732E-2 4.86521E-2 5.02279E-2 4.99707E-2 5.02279E-2 4.98436E-2 4.8835E-2 4.79991E-2 4.13239E-2 3.72426E-2 3.73057E-2 2.35427E-2 1.33152E-2 1.18522E-2 9.09389E-3 1.35729E-2 2.19087E-2 2.38098E-2 1.99679E-2 3.44278E-2 1.72376E-2 2.60275E-2 5.18053E-2 3.4271E-2
-9999 1.14722E-1 1.09519E-1 1.03813E-1 1.02733E-1 1.03175E-1 9.85502E-2 8.57819E-2 8.89189E-2 7.74643E-2 8.13764E-2 7.61716E-2 7.44175E-2 7.26382E-2 7.24912E-2 7.0021E-2 6.95858E-2 6.95858E-2 7.0932E-2 7.05948E-2 7.22533E-2 7.39411E-2 7.56582E-2 7.95382E-2 7.89477E-2 8.05301E-2 7.05853E-2 7.67378E-2 6.91876E-2 3.48003E-2 2.4013E-2 1.52201E-2 3.26732E-2 3.94932E-2 3.62858E-2 2.69535E-2 3.41481E-2 2.46286E-2 2.40658E-2 3.86371E-2 4.15032E-2 4.10186E-2 4.20772E-2 4.49457E-2 4.80026E-2 4.57074E-2 4.27055E-2 4.06065E-2 3.71465E-2 3.27636E-2 2.0473E-2 1.3308E-2 1.37684E-2 1.65854E-2 1.10053E-2 1.47193E-2 1.15588E-2 2.30478E-2 2.02106E-2 2.53919E-2 3.23288E-2 2.46944E-2 1.39975E-2 5.16464E-2 6.60754E-2
-9999 1.16315E-1 1.11481E-1 1.07836E-1 1.03416E-1 1.07551E-1 1.03956E-1 9.87486E-2 8.93436E-2 7.98469E-2 7.48508E-2 7.84942E-2 7.85899E-2 7.78667E-2 7.60323E-2 7.4174E-2 7.31329E-2 7.2888E-2 7.25946E-2 7.42863E-2 7.56582E-2 7.70014E-2 7.87729E-2 8.14865E-2 8.56774E-2 8.56774E-2 8.9491E-2 8.9491E-2 8.41094E-2 6.21819E-2 3.36178E-2 3.28813E-2 2.13434E-2 3.41755E-2 4.10807E-2 4.38329E-2 3.79761E-2 4.33464E-2 3.32653E-2 2.60814E-2 2.03735E-2 1.93908E-2 3.00054E-2 4.51187E-2 3.81892E-2 3.35417E-2 3.43819E-2 2.98109E-2 2.22294E-2 1.69339E-2 1.89527E-2 2.08418E-2 1.87607E-2 1.53911E-2 2.11082E-2 1.91135E-2 1.21451E-2 2.35537E-2 3.55473E-2 4.45768E-2 2.98831E-2 2.75502E-2 2.14822E-2 4.17738E-2 7.27266E-2
-9999 1.24886E-1 1.17056E-1 1.11234E-1 1.08961E-1 1.03813E-1 1.09491E-1 1.04355E-1 9.18798E-2 4.9119E-2 5.65888E-2 6.94161E-2 7.40623E-2 7.80711E-2 8.01767E-2 7.78337E-2 7.78667E-2 7.76269E-2 7.56886E-2 7.71795E-2 7.89477E-2 8.07456E-2 8.28277E-2 8.46869E-2 8.63193E-2 8.9491E-2 9.30253E-2 9.01863E-2 7.85674E-2 4.66911E-2 3.62309E-2 3.04818E-2 3.80348E-2 4.025E-2 4.20026E-2 4.51771E-2 4.7954E-2 4.89834E-2 4.88971E-2 5.04451E-2 4.94493E-2 4.97129E-2 5.20967E-2 5.11229E-2 4.78319E-2 4.03377E-2 3.17369E-2 2.68046E-2 2.62802E-2 2.60434E-2 2.27353E-2 1.80191E-2 2.09881E-2 3.08132E-2 3.25178E-2 2.34479E-2 3.62309E-2 1.54528E-2 5.39996E-2 3.55425E-2 3.23288E-2 4.16963E-2 4.07612E-2 5.22276E-2 6.68899E-2
-9999 1.29893E-1 -9999 -9999 1.09781E-1 1.07836E-1 1.06122E-1 1.08255E-1 9.20911E-2 3.35002E-2 2.53685E-2 4.29907E-2 4.30236E-2 6.38278E-2 6.86058E-2 7.40224E-2 7.67872E-2 7.90664E-2 7.92941E-2 7.71536E-2 7.98043E-2 8.01767E-2 8.23243E-2 8.23243E-2 8.5052E-2 8.20302E-2 7.5683E-2 6.68472E-2 5.29251E-2 3.44134E-2 3.59333E-2 3.29331E-2 3.04209E-2 3.29331E-2 3.78442E-2 4.1792E-2 4.01705E-2 4.1792E-2 4.38938E-2 4.025E-2 4.04553E-2 4.74143E-2 4.98813E-2 5.15477E-2 5.20967E-2 4.86853E-2 4.31314E-2 3.59643E-2 2.72041E-2 2.46449E-2 2.21302E-2 2.66864E-2 2.85456E-2 2.82202E-2 3.32975E-2 4.41666E-2 2.24469E-2 5.45796E-2 4.45768E-2 4.96823E-2 3.25161E-2 5.05588E-2 5.58618E-2 5.87413E-2 7.03147E-2
-9999 1.31206E-1 -9999 -9999 -9999 1.13971E-1 1.17061E-1 1.11629E-1 8.61947E-2 2.40126E-2 4.21968E-2 4.29127E-2 3.47337E-2 4.5313E-2 4.57488E-2 5.57534E-2 6.86805E-2 7.48325E-2 7.21106E-2 6.1316E-2 6.79506E-2 7.39769E-2 7.28883E-2 7.00971E-2 6.90396E-2 5.45796E-2 3.83063E-2 3.36516E-2 3.67148E-2 4.96521E-2 5.83488E-2 5.57534E-2 5.44467E-2 5.36971E-2 5.89578E-2 7.04741E-2 5.7718E-2 4.2852E-2 4.43945E-2 5.16167E-2 5.29251E-2 4.95231E-2 5.06804E-2 5.15873E-2 5.45373E-2 5.12167E-2 4.6207E-2 4.03999E-2 3.26732E-2 2.63672E-2 2.3671E-2 2.56704E-2 3.25725E-2 3.62309E-2 3.1153E-2 5.52896E-2 5.95767E-2 7.58085E-2 3.66454E-2 6.20491E-2 4.5784E-2 8.32904E-2 4.96817E-2 6.86058E-2 8.84837E-2
-9999 -9999 -9999 -9999 -9999 1.18691E-1 1.18246E-1 1.14268E-1 9.79886E-2 3.69664E-2 6.27085E-2 5.93077E-2 6.82968E-2 6.8173E-2 6.41663E-2 6.54724E-2 6.53667E-2 6.59012E-2 5.44467E-2 5.38717E-2 6.86805E-2 6.15126E-2 4.63365E-2 4.55353E-2 3.34963E-2 3.19886E-2 5.20152E-2 6.7815E-2 5.50262E-2 4.68317E-2 6.53667E-2 5.36971E-2 5.23622E-2 6.55216E-2 7.29768E-2 7.87209E-2 9.54663E-2 9.18798E-2 8.77162E-2 7.78883E-2 6.8272E-2 6.1978E-2 5.98252E-2 5.80842E-2 5.60122E-2 5.37754E-2 4.79472E-2 3.86917E-2 3.35354E-2 3.53369E-2 3.53369E-2 3.5056E-2 4.15973E-2 5.29506E-2 6.90601E-2 7.54479E-2 7.97053E-2 9.1328E-2 8.82111E-2 8.71878E-2 1.03103E-1 1.25394E-1 8.93459E-2 8.0446E-2 1.06931E-1
-9999 1.57044E-1 1.476E-1 -9999 -9999 1.15876E-1 1.15249E-1 1.17593E-1 9.11396E-2 6.65987E-2 8.32945E-2 8.20355E-2 6.08251E-2 7.50306E-2 8.32256E-2 7.98292E-2 8.32491E-2 8.23578E-2 7.89802E-2 7.9617E-2 8.04777E-2 7.52578E-2 7.16119E-2 7.42222E-2 6.70997E-2 6.53667E-2 6.59012E-2 7.76821E-2 6.97345E-2 7.12194E-2 8.92802E-2 8.39858E-2 8.95764E-2 9.69665E-2 9.52669E-2 1.00974E-1 1.11454E-1 8.82111E-2 8.32465E-2 9.2276E-2 8.94523E-2 8.76036E-2 8.44533E-2 7.64722E-2 7.24587E-2 6.6972E-2 6.37841E-2 5.82962E-2 5.70222E-2 4.90268E-2 3.73401E-2 3.40431E-2 5.93614E-2 7.48695E-2 8.1345E-2 8.71867E-2 9.66639E-2 1.07422E-1 1.0918E-1 9.87527E-2 1.34335E-1 1.43736E-1 1.03592E-1 8.201E-2 1.35715E-1
1.69665E-1 1.63988E-1 1.50934E-1 -9999 -9999 1.15876E-1 1.15249E-1 1.1639E-1 9.43253E-2 1.00763E-1 9.43059E-2 9.28391E-2 8.32465E-2 8.90433E-2 8.83768E-2 8.50524E-2 8.56231E-2 8.7948E-2 8.70027E-2 8.60546E-2 8.69976E-2 8.60546E-2 8.32491E-2 8.32491E-2 8.41473E-2 8.06109E-2 8.3802E-2 8.79485E-2 8.76036E-2 9.3148E-2 9.6168E-2 1.03097E-1 1.06423E-1 1.12996E-1 1.18771E-1 1.22348E-1 1.21901E-1 1.15096E-1 1.06527E-1 1.05459E-1 1.04881E-1 1.01898E-1 9.52802E-2 9.05815E-2 8.28822E-2 7.40224E-2 7.01229E-2 6.52047E-2 5.63533E-2 4.95231E-2 6.0247E-2 7.0072E-2 7.16154E-2 7.26598E-2 8.90433E-2 9.41824E-2 1.03812E-1 1.15261E-1 1.17031E-1 1.25779E-1 1.45699E-1 1.59921E-1 1.47048E-1 9.94462E-2 1.33144E-1
1.49144E-1 1.61564E-1 -9999 -9999 -9999 -9999 1.12957E-1 1.12398E-1 1.08627E-1 1.02983E-1 1.00851E-1 9.28391E-2 8.6428E-2 8.86343E-2 9.23065E-2 8.83972E-2 8.98711E-2 8.6776E-2 8.6776E-2 8.60839E-2 8.6776E-2 8.69182E-2 8.70027E-2 8.70292E-2 8.69081E-2 8.86565E-2 9.07426E-2 8.56009E-2 9.07898E-2 9.46096E-2 9.56049E-2 1.0317E-1 1.06782E-1 1.14179E-1 1.26181E-1 1.28674E-1 1.2185E-1 1.16146E-1 1.10657E-1 1.06118E-1 1.08357E-1 1.07854E-1 1.00851E-1 9.58186E-2 8.30996E-2 6.93486E-2 7.07333E-2 7.07333E-2 7.0072E-2 7.32615E-2 7.24587E-2 7.05733E-2 7.3063E-2 8.44533E-2 9.42816E-2 1.00847E-1 9.50964E-2 1.14205E-1 1.26909E-1 1.34331E-1 1.55154E-1 1.59463E-1 1.70285E-1 1.45269E-1 1.56092E-1
9.38221E-2 1.41867E-1 -9999 -9999 -9999 -9999 1.07236E-1 1.05627E-1 1.0458E-1 1.02983E-1 1.00653E-1 9.45472E-2 9.51919E-2 9.30253E-2 9.08526E-2 8.94669E-2 8.85157E-2 8.75481E-2 8.63193E-2 8.33332E-2 8.52104E-2 8.60558E-2 8.69182E-2 8.51163E-2 8.70292E-2 8.89058E-2 9.1432E-2 9.04456E-2 9.10254E-2 9.2522E-2 9.50561E-2 9.74652E-2 1.03447E-1 1.09016E-1 1.15904E-1 1.2185E-1 1.1944E-1 1.13558E-1 1.04743E-1 9.8489E-2 1.05846E-1 1.06118E-1 1.04355E-1 9.12184E-2 8.46981E-2 7.47765E-2 7.21106E-2 5.64975E-2 6.24724E-2 7.3063E-2 7.31836E-2 8.04777E-2 8.71867E-2 9.42816E-2 9.99971E-2 1.02775E-1 1.10689E-1 1.23372E-1 1.31103E-1 1.34298E-1 1.55215E-1 1.60898E-1 1.71342E-1 1.76224E-1 1.57316E-1
-9999 1.42798E-1 -9999 -9999 -9999 -9999 1.03918E-1 1.03822E-1 1.002E-1 9.85133E-2 9.93346E-2 9.2522E-2 9.23421E-2 9.0665E-2 8.83837E-2 8.83837E-2 8.85646E-2 8.54962E-2 8.39057E-2 8.4268E-2 8.46869E-2 8.3953E-2 8.42156E-2 8.60839E-2 8.59703E-2 8.69182E-2 8.70292E-2 8.94669E-2 8.89909E-2 8.77218E-2 9.13409E-2 9.2666E-2 9.70644E-2 1.02872E-1 1.04231E-1 1.03918E-1 1.01742E-1 1.00668E-1 9.93444E-2 9.84469E-2 1.01742E-1 9.74053E-2 9.46982E-2 9.10254E-2 8.75322E-2 8.39721E-2 7.9423E-2 7.48508E-2 8.14733E-2 8.23578E-2 8.04777E-2 8.68833E-2 9.20166E-2 9.88931E-2 1.01716E-1 1.05448E-1 1.11454E-1 1.19457E-1 1.28575E-1 1.43736E-1 1.48039E-1 1.56616E-1 1.7278E-1 1.72531E-1 1.71246E-1
-9999 1.11803E-1 -9999 -9999 -9999 -9999 -9999 -9999 -9999 9.6425E-2 -9999 9.16616E-2 9.19245E-2 8.79745E-2 8.7201E-2 8.79745E-2 8.67562E-2 8.39057E-2 8.39057E-2 8.32605E-2 8.44313E-2 8.48865E-2 8.28242E-2 8.412E-2 8.25734E-2 8.53715E-2 8.59703E-2 8.65762E-2 8.65881E-2 8.61604E-2 8.74135E-2 8.83837E-2 9.15211E-2 9.19602E-2 9.59994E-2 9.49689E-2 9.97464E-2 9.86155E-2 9.70377E-2 9.74053E-2 9.49689E-2 9.29655E-2 8.99729E-2 8.56774E-2 8.46869E-2 8.14497E-2 8.08306E-2 8.39721E-2 8.51163E-2 8.89189E-2 8.41473E-2 8.74436E-2 9.42816E-2 9.77376E-2 9.84528E-2 1.05955E-1 1.15261E-1 1.23556E-1 1.28284E-1 1.36338E-1 1.38997E-1 1.45699E-1 1.44343E-1 1.54255E-1 1.67176E-1
