KUENM/Final_Models/M_0.1_F_lq_Set_2_E/sp1_6_se_asia.asc
ncols         320
nrows         243
xllcorner     44.0
yllcorner     -0.666666666666667
cellsize      0.166666666666667
NODATA_value  -9999
[rows 0 to 30 of 243, columns 0 to 69 of 320]
-9999 -9999 -9999 1.21516E-3 -9999 -9999 -9999 -9999 -9999 -9999 -9999 -9999 -9999 -9999 -9999 -9999 -9999 -9999 -9999 -9999 -9999 -9999 -9999 -9999 -9999 -9999 -9999 -9999 -9999 -9999 -9999 -9999 -9999 -9999 -9999 -9999 -9999 -9999 -9999 -9999 -9999 -9999 -9999 -9999 -9999 -9999 -9999 -9999 -9999 -9999 -9999 -9999 -9999 -9999 -9999 -9999 -9999 -9999 -9999 -9999 -9999 -9999 -9999 -9999 -9999 -9999 -9999 -9999 -9999 -9999
-9999 -9999 -9999 2.43117E-4 1.45035E-3 -9999 -9999 -9999 -9999 -9999 -9999 -9999 -9999 -9999 -9999 -9999 -9999 -9999 -9999 -9999 -9999 -9999 4.1069E-3 2.94703E-3 3.22416E-3 -9999 -9999 -9999 -9999 -9999 -9999 -9999 -9999 -9999 -9999 -9999 -9999 -9999 -9999 -9999 -9999 -9999 -9999 -9999 -9999 -9999 -9999 -9999 -9999 -9999 -9999 -9999 -9999 -9999 -9999 -9999 -9999 -9999 -9999 -9999 -9999 -9999 -9999 -9999 -9999 -9999 -9999 -9999 -9999 -9999
-9999 -9999 1.48798E-4 1.49871E-4 3.17648E-4 2.03753E-3 -9999 -9999 -9999 -9999 -9999 -9999 -9999 -9999 -9999 -9999 -9999 -9999 -9999 -9999 7.50208E-3 5.34016E-3 4.34897E-3 3.8562E-3 4.19098E-3 5.81268E-3 -9999 -9999 -9999 -9999 -9999 -9999 -9999 -9999 -9999 -9999 -9999 -9999 -9999 -9999 -9999 -9999 -9999 -9999 -9999 -9999 -9999 -9999 -9999 -9999 -9999 -9999 -9999 -9999 -9999 -9999 -9999 -9999 -9999 -9999 -9999 -9999 -9999 -9999 -9999 -9999 -9999 -9999 -9999 -9999
1.88928E-6 4.77146E-6 1.70943E-5 1.33572E-4 1.2777E-3 1.9516E-3 2.80539E-3 -9999 -9999 -9999 -9999 -9999 -9999 -9999 -9999 -9999 -9999 -9999 1.02737E-2 6.68425E-3 5.64464E-3 5.01245E-3 3.00683E-3 3.35219E-3 4.82406E-3 -9999 -9999 -9999 -9999 -9999 -9999 -9999 -9999 -9999 -9999 -9999 -9999 -9999 -9999 -9999 -9999 -9999 -9999 -9999 -9999 -9999 -9999 -9999 -9999 -9999 -9999 -9999 -9999 -9999 -9999 -9999 -9999 -9999 -9999 -9999 -9999 -9999 -9999 -9999 -9999 -9999 -9999 -9999 -9999 -9999
-9999 8.00527E-7 1.93752E-5 1.6622E-5 4.30224E-5 5.89066E-4 1.52449E-3 1.84459E-3 -9999 -9999 -9999 -9999 -9999 -9999 -9999 -9999 -9999 5.77735E-3 2.72686E-3 2.78949E-3 3.66313E-3 4.4438E-3 2.38101E-3 2.68446E-3 3.58766E-3 5.19265E-3 -9999 -9999 -9999 -9999 -9999 -9999 -9999 -9999 -9999 -9999 -9999 -9999 -9999 -9999 -9999 -9999 -9999 -9999 -9999 -9999 -9999 -9999 -9999 -9999 -9999 -9999 -9999 -9999 -9999 -9999 -9999 -9999 -9999 -9999 -9999 -9999 -9999 -9999 -9999 -9999 -9999 -9999 -9999 -9999
-9999 1.42739E-6 3.00108E-6 5.03805E-6 5.32062E-5 3.07633E-4 1.01602E-3 5.71316E-4 5.14576E-4 2.98278E-3 3.34287E-3 -9999 -9999 -9999 -9999 -9999 1.472E-3 4.33111E-4 4.34775E-4 2.22169E-4 1.19457E-3 1.4321E-3 3.75834E-4 2.2049E-4 -9999 -9999 -9999 -9999 -9999 -9999 -9999 -9999 -9999 -9999 -9999 -9999 -9999 -9999 -9999 -9999 -9999 -9999 -9999 -9999 -9999 -9999 -9999 -9999 -9999 -9999 -9999 -9999 -9999 -9999 -9999 -9999 -9999 -9999 -9999 -9999 -9999 -9999 -9999 -9999 -9999 -9999 -9999 -9999 -9999 -9999
-9999 -9999 5.43603E-7 7.14089E-6 1.41873E-5 8.39701E-5 6.88123E-4 2.01072E-3 7.46632E-4 2.62919E-4 3.50989E-5 5.47421E-5 6.14137E-4 1.36472E-3 1.51132E-4 1.14058E-4 2.49162E-5 1.1507E-5 1.0402E-4 6.73668E-5 8.46331E-4 7.83751E-4 2.51443E-4 3.05598E-4 4.81479E-5 -9999 -9999 -9999 -9999 -9999 -9999 -9999 -9999 -9999 -9999 -9999 -9999 -9999 -9999 -9999 -9999 -9999 -9999 -9999 -9999 -9999 -9999 -9999 -9999 -9999 -9999 -9999 -9999 -9999 -9999 -9999 -9999 -9999 -9999 -9999 -9999 -9999 -9999 -9999 -9999 -9999 -9999 -9999 -9999 -9999
-9999 -9999 7.04026E-7 7.7692E-7 7.09389E-5 9.08726E-4 1.35144E-3 1.69276E-3 8.66538E-4 6.79204E-4 4.08778E-4 1.02186E-5 5.45391E-6 2.05046E-4 8.45939E-5 6.37503E-5 5.23045E-5 6.96478E-5 7.52834E-5 1.49545E-4 7.2397E-4 2.0767E-3 1.20382E-3 8.1371E-4 2.1957E-4 7.08822E-5 2.451E-5 -9999 -9999 -9999 -9999 -9999 -9999 -9999 -9999 -9999 -9999 -9999 -9999 -9999 -9999 -9999 -9999 -9999 -9999 -9999 -9999 -9999 -9999 -9999 -9999 -9999 -9999 -9999 -9999 -9999 -9999 -9999 -9999 -9999 -9999 -9999 -9999 -9999 -9999 -9999 -9999 -9999 -9999 -9999
-9999 -9999 2.9141E-6 3.17544E-6 6.4238E-5 8.5311E-4 3.31676E-4 7.39941E-5 3.00473E-4 2.79365E-4 4.3301E-4 2.74872E-4 6.11971E-5 2.28879E-5 7.96084E-6 2.32423E-5 5.25393E-5 1.53283E-4 1.54948E-4 2.48269E-4 8.78955E-4 8.92263E-4 1.04803E-4 1.63548E-5 1.00488E-4 1.54375E-4 1.33527E-4 -9999 1.62062E-3 -9999 -9999 -9999 -9999 -9999 -9999 -9999 -9999 -9999 -9999 -9999 -9999 -9999 -9999 -9999 -9999 -9999 -9999 -9999 -9999 -9999 -9999 -9999 -9999 -9999 -9999 -9999 -9999 -9999 -9999 -9999 -9999 -9999 -9999 -9999 -9999 -9999 -9999 -9999 -9999 -9999
-9999 -9999 9.48165E-7 1.31795E-5 2.71215E-4 6.25092E-4 7.71745E-4 9.71348E-4 5.11255E-4 5.15829E-5 6.2964E-5 5.98208E-4 5.25052E-4 4.22191E-4 1.25485E-4 1.5169E-4 1.16399E-4 2.9925E-4 5.15829E-5 8.41311E-6 5.2244E-6 2.2613E-6 4.54213E-8 1.05828E-7 4.87576E-5 1.7091E-4 2.43581E-4 2.29363E-4 1.98537E-3 -9999 -9999 -9999 -9999 -9999 -9999 -9999 -9999 -9999 -9999 -9999 -9999 -9999 -9999 -9999 -9999 -9999 -9999 -9999 -9999 -9999 -9999 -9999 -9999 -9999 -9999 -9999 -9999 -9999 -9999 -9999 -9999 -9999 -9999 -9999 -9999 -9999 -9999 -9999 -9999 -9999
-9999 -9999 2.0395E-6 5.22513E-5 9.75846E-5 2.04414E-4 4.8278E-4 1.26349E-3 1.37701E-3 1.25E-3 1.23276E-3 1.3301E-3 1.23276E-3 8.4735E-4 3.22784E-4 2.69727E-4 2.81778E-4 2.80046E-4 2.34907E-4 9.75331E-5 2.23111E-5 1.11279E-5 2.89399E-6 1.9437E-5 9.8324E-5 1.2206E-4 1.4668E-4 1.11595E-5 1.05154E-3 -9999 -9999 -9999 -9999 -9999 -9999 -9999 -9999 -9999 -9999 -9999 -9999 -9999 -9999 -9999 -9999 -9999 -9999 -9999 -9999 -9999 -9999 -9999 -9999 -9999 -9999 -9999 -9999 -9999 -9999 -9999 -9999 -9999 -9999 -9999 -9999 -9999 -9999 -9999 -9999 2.15706E-2
-9999 2.22522E-6 2.48864E-6 1.3936E-5 2.8054E-5 1.27168E-4 1.51919E-3 1.72788E-3 1.09547E-3 1.23057E-3 1.50563E-3 1.38648E-3 4.7695E-4 1.06374E-4 4.14346E-5 3.68853E-5 8.08486E-5 1.29491E-4 1.55346E-4 2.0714E-4 1.6575E-4 1.60483E-4 5.0117E-5 2.30651E-5 5.64671E-5 1.19564E-4 6.47007E-5 5.84657E-6 1.50612E-3 3.38384E-4 -9999 -9999 -9999 -9999 -9999 -9999 -9999 -9999 -9999 -9999 -9999 -9999 -9999 -9999 -9999 -9999 -9999 -9999 -9999 -9999 -9999 -9999 -9999 -9999 -9999 -9999 -9999 -9999 -9999 -9999 -9999 -9999 -9999 -9999 -9999 -9999 -9999 3.05463E-2 3.13229E-2 2.86604E-2
-9999 -9999 -9999 1.85627E-5 6.95917E-5 1.5108E-4 1.4096E-3 1.87049E-3 1.4829E-3 1.44614E-3 1.75891E-3 9.80259E-4 9.15563E-5 2.42265E-6 4.67375E-7 2.88214E-6 5.89398E-5 7.08822E-5 3.42826E-5 5.06078E-5 1.58478E-5 1.23395E-5 1.06988E-5 8.69324E-5 4.57606E-5 3.83602E-4 1.01065E-4 2.49189E-5 2.80771E-3 7.35562E-4 -9999 -9999 -9999 -9999 -9999 -9999 -9999 -9999 -9999 -9999 -9999 -9999 -9999 -9999 -9999 -9999 -9999 -9999 -9999 -9999 -9999 -9999 -9999 -9999 -9999 -9999 -9999 -9999 -9999 -9999 -9999 -9999 -9999 -9999 -9999 3.23931E-2 3.38346E-2 2.81809E-2 2.2002E-2 1.58571E-2
-9999 -9999 -9999 -9999 3.50613E-5 2.35469E-4 1.74787E-3 1.84594E-3 2.05416E-3 1.80428E-3 1.49214E-3 4.49449E-4 4.36406E-5 1.54093E-5 6.44403E-6 1.47323E-5 9.75331E-5 1.40988E-4 1.40106E-4 2.53408E-4 3.09311E-4 5.10204E-4 8.62836E-4 8.86971E-4 2.99844E-4 1.18236E-3 1.83033E-4 7.95698E-5 5.51795E-4 7.21831E-3 1.35697E-4 -9999 -9999 -9999 -9999 -9999 -9999 -9999 -9999 -9999 -9999 -9999 -9999 -9999 -9999 -9999 -9999 -9999 -9999 -9999 -9999 -9999 -9999 -9999 -9999 -9999 -9999 -9999 -9999 -9999 -9999 -9999 -9999 -9999 -9999 4.3084E-2 4.29167E-2 3.29096E-2 3.11463E-2 2.81614E-2
-9999 -9999 -9999 -9999 4.28743E-6 1.70695E-4 5.94875E-4 1.86169E-3 2.07205E-3 1.82527E-3 2.13895E-3 1.8927E-3 8.73633E-4 3.85911E-4 1.24004E-4 1.01151E-4 2.37788E-4 4.15356E-4 4.17879E-4 2.34907E-4 3.85911E-4 1.57457E-3 3.57708E-3 1.24488E-3 4.66041E-4 2.23921E-3 6.08632E-4 1.60533E-5 1.25494E-4 3.75468E-3 1.67649E-3 1.81779E-5 2.25475E-6 2.89711E-6 1.2567E-5 4.51306E-5 -9999 -9999 -9999 -9999 -9999 -9999 -9999 -9999 -9999 -9999 -9999 -9999 -9999 -9999 -9999 -9999 -9999 -9999 -9999 -9999 -9999 -9999 -9999 -9999 -9999 -9999 -9999 5.59469E-2 5.99684E-2 6.47051E-2 6.48736E-2 5.99406E-2 5.6927E-2 2.46505E-2
-9999 -9999 -9999 -9999 -9999 2.39144E-4 7.53357E-5 3.16236E-4 1.93836E-3 2.21899E-3 2.34686E-3 2.27328E-3 1.73717E-3 4.99638E-4 2.80506E-4 2.06205E-4 1.14376E-4 2.03794E-4 2.0259E-4 2.67668E-4 5.81657E-4 1.0671E-3 2.95522E-3 2.01472E-3 5.81657E-4 1.45847E-3 5.11496E-3 1.35738E-3 5.59344E-4 3.61634E-4 1.08471E-2 1.87556E-4 3.17845E-5 2.24968E-5 4.61937E-5 1.00478E-4 2.10343E-4 2.71423E-4 -9999 -9999 -9999 -9999 -9999 -9999 -9999 -9999 -9999 -9999 -9999 -9999 -9999 -9999 -9999 -9999 -9999 -9999 -9999 -9999 -9999 -9999 5.17957E-2 6.22325E-2 7.32932E-2 8.19698E-2 8.68238E-2 8.61863E-2 8.9949E-2 7.93076E-2 4.08478E-2 5.70551E-3
-9999 -9999 -9999 -9999 -9999 1.0972E-5 1.59086E-4 2.60333E-4 1.2191E-3 2.31206E-3 2.66441E-3 2.56732E-3 2.48178E-3 1.20716E-3 5.74841E-4 1.01539E-4 3.99773E-5 4.7875E-5 1.90644E-4 3.79574E-4 1.09015E-3 2.36562E-3 4.72256E-3 4.05033E-3 1.71208E-3 3.54047E-4 5.47793E-4 4.37685E-3 1.15508E-2 4.71619E-4 1.83115E-3 1.32247E-2 1.60056E-3 1.22922E-3 1.05148E-3 5.81293E-3 3.87416E-3 1.06666E-3 5.80184E-4 -9999 -9999 -9999 -9999 -9999 -9999 -9999 -9999 -9999 -9999 -9999 -9999 -9999 -9999 -9999 -9999 -9999 -9999 -9999 -9999 -9999 8.46863E-2 9.88763E-2 1.13998E-1 1.1914E-1 1.14706E-1 1.1171E-1 9.44179E-2 3.73791E-2 5.32329E-3 7.7507E-4
-9999 -9999 -9999 -9999 -9999 6.24682E-6 3.03542E-4 7.13558E-4 9.81781E-4 1.59483E-3 2.76875E-3 2.04308E-3 2.9682E-3 2.39927E-3 1.25744E-3 2.59065E-4 6.49148E-5 2.00102E-5 2.13544E-5 4.86943E-5 5.84157E-4 1.87088E-3 1.89704E-3 1.70403E-3 2.34251E-3 1.30757E-3 1.31101E-4 3.83277E-5 8.06755E-3 3.00212E-2 3.2834E-3 1.10684E-3 2.0319E-2 1.71591E-2 7.20484E-3 2.8506E-3 1.82708E-3 6.3147E-3 1.73241E-3 7.50314E-3 -9999 -9999 -9999 -9999 -9999 -9999 -9999 -9999 -9999 -9999 -9999 -9999 -9999 -9999 -9999 -9999 -9999 -9999 -9999 -9999 1.16257E-1 1.33738E-1 1.46708E-1 1.44436E-1 9.46017E-2 5.68497E-2 5.90124E-3 1.01763E-3 1.28666E-3 2.72589E-4
-9999 -9999 -9999 -9999 -9999 -9999 1.9666E-4 1.47317E-3 3.01284E-4 3.86391E-4 9.22829E-4 3.77734E-4 2.15103E-3 1.84725E-3 1.77612E-3 9.27652E-4 5.5842E-5 8.91359E-6 1.47216E-5 8.21415E-6 1.89529E-5 3.13002E-4 6.76575E-4 1.06639E-4 3.34812E-4 1.81578E-3 1.12092E-3 1.61213E-4 1.08763E-4 3.03278E-3 3.02253E-2 3.62809E-2 3.67232E-2 4.65152E-3 1.78235E-3 4.5112E-4 2.43616E-4 1.91806E-4 1.58404E-5 3.11215E-4 1.23525E-2 4.016E-3 -9999 -9999 -9999 -9999 -9999 -9999 -9999 -9999 -9999 -9999 -9999 7.23477E-2 8.61689E-2 9.6558E-2 1.05888E-1 1.10489E-1 9.76613E-2 1.02574E-1 5.92423E-2 3.2999E-2 1.79247E-2 6.82308E-3 1.29281E-3 2.13225E-4 3.80659E-4 1.72245E-4 5.45894E-4 1.76576E-3
-9999 -9999 -9999 -9999 -9999 -9999 4.63439E-5 1.29557E-3 1.45075E-4 5.5094E-4 6.39422E-4 4.17467E-4 1.9689E-3 1.99268E-3 7.07325E-4 1.18844E-3 1.6233E-4 5.20582E-5 1.68284E-4 3.18918E-5 3.10773E-5 6.30767E-4 1.62479E-3 5.18256E-4 1.84173E-4 3.71457E-4 4.53966E-4 7.88357E-4 5.22405E-4 1.53216E-4 2.63019E-4 2.16299E-3 4.11044E-2 3.31844E-2 1.22888E-2 4.38177E-3 3.82059E-3 6.06355E-4 1.21779E-5 2.26838E-6 1.22897E-4 8.61195E-4 6.7323E-3 1.33823E-2 1.50521E-2 1.48548E-2 1.33139E-2 9.8029E-3 1.4612E-2 2.09543E-2 2.93574E-2 4.43893E-2 6.0529E-2 7.10887E-2 7.65649E-2 6.90618E-2 5.13569E-2 2.19374E-2 4.15775E-3 1.59593E-3 2.85311E-4 1.31898E-4 1.18287E-5 1.02206E-5 5.31489E-6 1.21048E-4 1.08758E-3 1.1731E-3 2.92528E-3 5.01585E-3
-9999 -9999 -9999 -9999 -9999 -9999 7.53077E-4 6.09826E-4 1.4002E-3 5.19507E-4 1.07217E-3 1.93094E-3 1.96979E-3 1.1533E-3 1.19013E-3 1.27911E-3 5.51872E-4 3.03242E-4 3.55204E-4 2.70667E-5 2.31242E-5 2.45318E-4 5.33774E-4 1.24528E-3 4.70526E-4 1.11568E-3 5.33596E-4 2.21541E-4 5.011E-4 6.08363E-4 1.52027E-4 6.05152E-4 2.67682E-3 3.26407E-3 1.22096E-3 7.55857E-4 4.49794E-4 1.3301E-3 1.36459E-3 1.83833E-4 8.39605E-6 3.65013E-7 4.38995E-6 3.05259E-3 3.05216E-3 7.61791E-4 8.2907E-4 5.71843E-3 2.76326E-2 3.20614E-2 3.57538E-2 5.23095E-2 6.03256E-2 5.83721E-2 4.85595E-2 4.29198E-2 1.97199E-2 4.29608E-3 8.00939E-4 1.30502E-4 1.33822E-4 1.18446E-4 1.34736E-5 4.13389E-5 2.75687E-4 1.19546E-3 2.15045E-3 1.52298E-3 2.47546E-3 3.4887E-3
-9999 -9999 -9999 -9999 -9999 -9999 -9999 -9999 2.9933E-3 4.96263E-3 6.24292E-4 9.88657E-4 7.27499E-4 1.15491E-3 1.56073E-3 1.65465E-3 2.53145E-4 9.87614E-5 1.16026E-4 2.22479E-4 2.59983E-4 5.51795E-4 1.3821E-3 2.38284E-3 2.5326E-3 6.69775E-4 6.42565E-4 7.94697E-4 3.65265E-4 1.35414E-4 1.01205E-3 7.63006E-4 7.44041E-4 1.99492E-3 5.84834E-3 7.23372E-3 6.54979E-3 2.62141E-3 3.32799E-4 7.3322E-5 7.334E-6 4.7756E-6 5.83527E-6 4.69807E-5 2.75796E-6 8.4897E-6 3.29811E-5 1.48467E-5 8.36935E-5 8.98273E-4 2.05481E-2 3.53496E-2 5.62833E-2 4.81436E-2 2.48286E-2 2.58341E-2 1.24362E-2 2.3336E-3 8.13698E-4 1.3404E-4 5.76819E-4 1.82886E-3 3.97912E-3 5.20234E-3 5.47154E-3 3.2686E-3 1.52148E-3 9.1029E-4 6.41984E-4 5.30106E-4
-9999 -9999 -9999 -9999 -9999 -9999 -9999 -9999 3.08749E-3 1.03736E-2 3.01085E-3 5.58138E-4 3.22429E-4 6.15588E-4 9.38427E-4 6.17435E-4 1.67268E-4 1.58361E-4 2.98987E-4 5.074E-4 7.10326E-4 8.31897E-4 1.67582E-3 2.1468E-3 2.98117E-3 2.21987E-3 4.2562E-4 3.9286E-4 7.02981E-4 2.39606E-4 3.21203E-4 1.81798E-3 2.77647E-3 2.98468E-3 8.43153E-3 9.52836E-3 1.04138E-2 9.94303E-3 6.10162E-3 1.1398E-3 1.55101E-4 2.43041E-5 4.22008E-6 8.32368E-6 7.04563E-7 2.50131E-7 2.00127E-6 3.33416E-7 3.21731E-6 6.23636E-4 7.54501E-5 3.5142E-5 3.63365E-4 3.64874E-3 8.00526E-3 3.57514E-3 7.28703E-4 2.94631E-4 2.36914E-4 4.46607E-4 3.41743E-3 8.597E-3 1.04428E-2 1.03715E-2 9.30446E-3 7.28881E-3 5.04793E-3 3.31032E-3 1.41612E-3 1.09347E-3
-9999 -9999 -9999 -9999 -9999 -9999 -9999 -9999 -9999 -9999 3.21137E-3 2.05513E-3 3.16486E-4 6.25528E-4 6.22094E-4 3.05686E-4 1.44279E-4 3.66304E-4 6.10281E-4 8.38034E-4 8.06419E-4 5.3366E-4 1.0844E-3 1.97491E-3 1.93178E-3 2.36562E-3 1.09592E-3 4.2801E-4 9.1346E-4 8.25425E-4 3.46845E-4 3.42567E-4 2.2743E-3 5.5981E-3 7.95682E-3 9.75891E-3 1.05108E-2 1.14789E-2 1.15619E-2 9.18922E-3 5.49697E-3 1.68423E-3 1.59022E-4 1.68082E-5 6.36386E-6 2.73947E-5 5.1492E-6 3.97615E-6 1.05253E-6 4.85476E-5 7.99888E-7 1.90431E-6 1.69176E-5 8.27781E-5 2.81892E-4 3.10465E-5 2.41565E-5 1.43262E-4 4.41943E-4 2.31126E-3 5.32837E-3 9.02778E-3 1.13465E-2 1.07922E-2 1.00498E-2 9.34574E-3 8.67931E-3 6.58533E-3 3.34342E-3 3.34342E-3
-9999 -9999 -9999 -9999 -9999 -9999 -9999 -9999 -9999 -9999 -9999 -9999 -9999 -9999 2.65554E-4 6.17929E-5 2.03761E-4 2.84772E-4 3.59732E-4 3.7642E-4 6.21956E-4 5.42806E-4 6.26769E-4 9.62794E-4 1.00317E-3 1.4916E-3 1.07862E-3 7.41987E-4 3.49449E-4 1.4508E-4 6.55697E-4 1.22058E-3 1.20244E-3 7.65788E-4 2.1554E-3 5.85122E-3 7.83369E-3 8.82157E-3 8.68231E-3 7.1712E-3 8.13807E-3 7.61472E-3 3.70952E-3 3.42561E-3 4.5179E-3 1.84778E-3 8.10179E-4 1.78042E-4 3.65797E-5 1.84287E-6 1.19527E-5 1.32891E-4 2.32977E-4 7.27356E-5 2.97359E-5 8.91197E-5 4.15537E-4 6.05585E-4 5.19253E-4 9.02425E-4 1.88236E-3 7.38415E-3 9.39998E-3 1.10028E-2 7.50552E-3 8.44259E-3 5.54773E-3 4.04221E-3 2.26005E-3 4.08842E-3
-9999 -9999 -9999 -9999 -9999 -9999 -9999 -9999 -9999 -9999 -9999 -9999 2.74461E-3 3.32978E-3 1.57819E-3 9.05071E-4 2.55276E-4 2.18832E-4 7.85926E-4 5.09009E-4 4.00381E-4 6.6787E-4 1.20893E-3 8.10056E-4 6.33867E-4 9.4995E-4 6.72992E-4 3.18863E-4 2.36308E-4 1.60793E-4 7.8888E-5 1.90005E-4 2.06629E-4 3.50111E-4 6.53709E-4 6.96049E-4 1.13472E-3 2.10697E-3 1.81461E-3 4.57595E-3 8.55126E-3 1.06382E-2 1.36694E-2 1.56038E-2 1.45959E-2 5.55894E-3 3.61444E-3 8.40289E-4 2.94948E-4 3.30925E-4 2.74701E-4 3.70337E-4 3.39038E-5 4.2315E-5 5.3025E-4 3.68216E-3 9.25068E-3 7.40534E-3 2.60963E-3 1.95586E-3 2.95468E-3 6.59113E-3 7.31206E-3 6.28322E-3 6.28322E-3 8.98505E-3 6.21236E-3 3.88191E-3 7.24048E-3 1.27749E-2
-9999 -9999 -9999 -9999 -9999 -9999 -9999 -9999 -9999 -9999 -9999 -9999 2.61742E-3 5.54473E-3 8.62118E-4 2.55064E-3 1.07133E-3 1.45842E-3 9.54075E-4 6.22426E-4 9.39941E-4 1.16318E-3 1.32955E-3 5.67132E-4 4.04861E-4 5.53474E-4 8.16819E-4 8.24428E-4 6.81565E-4 4.15853E-4 4.15482E-4 1.42085E-4 6.34848E-5 6.28911E-5 1.34423E-4 4.31921E-4 1.18396E-3 3.42343E-3 3.88993E-3 4.30479E-3 6.90666E-3 1.14465E-2 1.45959E-2 1.4368E-2 1.38603E-2 1.14408E-2 7.74913E-3 5.60254E-3 3.32985E-3 1.10781E-3 9.60151E-4 3.42291E-4 2.99193E-4 1.11815E-3 5.65017E-3 1.19845E-2 1.64286E-2 1.33641E-2 8.99959E-3 4.47394E-3 2.72862E-3 3.81696E-3 2.54782E-3 1.50136E-3 3.00441E-3 1.35792E-2 2.33152E-2 1.78929E-2 2.01633E-2 2.46005E-2
-9999 -9999 -9999 -9999 -9999 -9999 -9999 -9999 -9999 -9999 -9999 -9999 -9999 1.76998E-3 3.25771E-3 2.34977E-3 3.48371E-4 1.89817E-3 1.25208E-3 4.75852E-4 1.03093E-3 1.07368E-3 9.4066E-4 1.00187E-3 3.35817E-4 2.37954E-4 6.32368E-4 1.1006E-3 1.19567E-3 8.93876E-4 1.03527E-3 6.40853E-4 3.59202E-4 2.67681E-4 7.59659E-5 2.27183E-4 2.42861E-4 1.16765E-3 4.56222E-3 5.28444E-3 5.67347E-3 4.99936E-3 1.11653E-2 1.34983E-2 1.48596E-2 1.33219E-2 1.12944E-2 9.32204E-3 6.90681E-3 8.28185E-3 9.27478E-3 1.38331E-2 1.67376E-2 1.80441E-2 1.89735E-2 1.96597E-2 2.30609E-2 2.1543E-2 2.05689E-2 1.72463E-2 1.25552E-2 1.23458E-2 6.50673E-3 1.34514E-2 1.95772E-2 2.51918E-2 2.75487E-2 2.60773E-2 2.57903E-2 2.52235E-2
-9999 -9999 -9999 -9999 -9999 -9999 -9999 -9999 -9999 -9999 -9999 1.07767E-1 2.74116E-2 1.10098E-2 1.14447E-3 2.79745E-3 1.28141E-3 3.73753E-3 1.16059E-3 5.80139E-4 6.59736E-4 2.95568E-4 1.27711E-4 6.98285E-4 8.02732E-4 3.5631E-4 5.36434E-4 1.34263E-3 1.54791E-3 1.80515E-3 1.74846E-3 1.71682E-3 1.53494E-3 8.91015E-4 6.48114E-4 2.15683E-3 2.35795E-3 3.97622E-3 9.95332E-3 8.66829E-3 1.08879E-2 1.36425E-2 1.68479E-2 1.59108E-2 1.61064E-2 1.50527E-2 1.35741E-2 1.46419E-2 1.43271E-2 1.53923E-2 1.67189E-2 1.83547E-2 1.77282E-2 1.75232E-2 2.27904E-2 2.25316E-2 1.96443E-2 1.8125E-2 2.05787E-2 1.87869E-2 1.63327E-2 2.60652E-2 2.52235E-2 2.8143E-2 2.7526E-2 2.7476E-2 2.57368E-2 2.68649E-2 2.62642E-2 2.56739E-2
-9999 -9999 -9999 -9999 -9999 -9999 -9999 -9999 -9999 -9999 -9999 1.142E-1 2.72246E-2 4.51309E-3 2.9749E-3 6.8678E-4 1.81249E-3 1.32866E-3 1.37391E-3 1.55143E-3 1.7495E-3 1.086E-3 5.49613E-4 3.26157E-4 4.61309E-4 5.84665E-4 1.40406E-3 1.29458E-3 5.28517E-4 1.28839E-3 1.62297E-3 3.72012E-4 5.93675E-4 1.18806E-3 2.01816E-3 1.21976E-3 4.61801E-3 9.7763E-3 1.72653E-2 1.71737E-2 1.39424E-2 1.6374E-2 1.79769E-2 1.87189E-2 1.72872E-2 1.63327E-2 1.2553E-2 8.43916E-3 1.46666E-2 1.60888E-2 1.86955E-2 2.07307E-2 2.02484E-2 1.5181E-2 1.4638E-2 1.33036E-2 1.01906E-2 1.44605E-2 1.68367E-2 2.26089E-2 2.4243E-2 2.87759E-2 2.84497E-2 2.91049E-2 2.69889E-2 2.63759E-2 2.57738E-2 2.54767E-2 2.51824E-2 2.48907E-2
-9999 -9999 -9999 -9999 -9999 -9999 -9999 -9999 -9999 -9999 2.76911E-1 1.50486E-1 4.56487E-2 5.62251E-3 8.4856E-3 6.81876E-3 2.51824E-3 6.32449E-3 1.35635E-3 5.27193E-4 1.35096E-3 9.94172E-4 7.25233E-4 1.21402E-3 3.53178E-3 2.42865E-4 5.46065E-5 3.36239E-4 3.20732E-4 7.27311E-4 1.92181E-3 7.30434E-4 3.76675E-4 5.44093E-4 2.45852E-4 4.43777E-4 1.78736E-4 1.15489E-3 9.86984E-3 1.42472E-2 1.39866E-2 1.53372E-2 1.67189E-2 1.85703E-2 1.85557E-2 1.85236E-2 1.74543E-2 1.60406E-2 1.17807E-2 6.5333E-3 1.45395E-2 1.78829E-2 1.67026E-2 2.02101E-2 2.18541E-2 2.43057E-2 2.59144E-2 2.7286E-2 2.76093E-2 2.85971E-2 2.82648E-2 2.85971E-2 2.71642E-2 2.71642E-2 2.68474E-2 2.51863E-2 2.51863E-2 2.51863E-2 2.43057E-2 2.43057E-2
