KUENM/Final_Models/M_0.1_F_lq_Set_2_E/sp1_1.asc
ncols         197
nrows         210
xllcorner     56.1666666666667
yllcorner     4.5
cellsize      0.166666666666667
NODATA_value  -9999
[rows 56 to 83 of 210, columns 0 to 64 of 197]
-9999 -9999 -9999 -9999 -9999 -9999 -9999 -9999 -9999 -9999 -9999 2.72419E-2 2.85069E-2 2.68645E-2 2.48212E-2 2.61228E-2 2.48212E-2 2.23657E-2 1.66317E-2 1.05761E-2 6.85705E-3 4.82258E-3 3.2165E-4 1.37289E-5 1.36588E-4 2.7995E-4 7.01105E-5 1.45067E-3 9.23814E-3 1.21058E-2 1.19364E-2 1.19364E-2 1.10883E-2 1.07785E-2 9.85524E-3 9.25748E-3 1.01811E-2 1.08068E-2 9.25748E-3 8.80792E-3 8.80792E-3 9.66124E-3 6.81117E-3 3.97077E-3 3.33454E-3 3.2685E-3 4.06298E-3 4.34846E-3 4.2047E-3 6.67754E-3 8.25039E-3 1.02602E-2 1.26724E-2 1.46871E-2 1.76231E-2 1.92099E-2 2.38959E-2 2.88014E-2 3.2091E-2 2.61389E-2 1.83061E-3 9.7073E-4 4.21102E-4 2.54355E-5 2.82901E-6
-9999 -9999 -9999 -9999 -9999 -9999 -9999 -9999 -9999 -9999 3.93065E-3 2.04728E-2 2.85069E-2 2.7707E-2 2.65542E-2 2.65768E-2 2.84406E-2 2.53985E-2 2.17182E-2 1.76255E-2 1.35693E-2 6.35691E-3 1.07301E-3 2.56574E-4 1.60382E-4 3.64148E-4 4.91576E-5 2.25643E-4 4.88949E-3 1.151E-2 1.35771E-2 1.39486E-2 1.3753E-2 1.35599E-2 1.35177E-2 1.42432E-2 1.47735E-2 1.50837E-2 1.40415E-2 1.22963E-2 1.03277E-2 7.51861E-3 4.19564E-3 2.54179E-3 2.25606E-3 1.75298E-3 1.85118E-3 2.34781E-3 4.09318E-3 6.50188E-3 8.25039E-3 9.9959E-3 1.42118E-2 1.66351E-2 1.89324E-2 2.3759E-2 2.78335E-2 3.31787E-2 3.43843E-2 1.33123E-2 9.56716E-4 1.23768E-3 5.43188E-4 1.2539E-4 1.35008E-5
-9999 -9999 -9999 -9999 -9999 -9999 -9999 -9999 -9999 1.33545E-6 4.4888E-4 1.60381E-2 2.60229E-2 2.73352E-2 2.84406E-2 2.87451E-2 2.80435E-2 2.73199E-2 2.29021E-2 1.87482E-2 1.57865E-2 6.62577E-3 1.4776E-4 1.43953E-4 5.17656E-5 1.13941E-4 2.34753E-4 6.74434E-5 5.81777E-4 4.56191E-3 1.20642E-2 1.51377E-2 1.60858E-2 1.64281E-2 1.55209E-2 1.62822E-2 1.65156E-2 1.49856E-2 1.35177E-2 9.71553E-3 6.91191E-3 4.79604E-3 2.63564E-3 8.39742E-4 1.05824E-3 8.15496E-4 9.74697E-4 1.51744E-3 2.61316E-3 4.33596E-3 5.37974E-3 8.46864E-3 1.48236E-2 1.992E-2 2.25494E-2 2.73031E-2 3.24123E-2 3.82018E-2 3.71844E-2 1.51418E-2 2.92216E-3 1.72424E-3 7.09992E-5 6.22524E-5 4.23642E-6
-9999 -9999 -9999 -9999 -9999 -9999 -9999 -9999 2.36035E-6 1.92538E-6 1.62409E-4 4.75337E-3 1.18351E-2 2.17509E-2 2.53038E-2 2.57585E-2 2.65542E-2 2.65768E-2 2.57585E-2 2.20249E-2 2.08575E-2 1.41476E-2 3.11145E-4 1.10068E-5 2.00759E-5 3.53157E-5 2.99599E-5 5.98973E-5 2.20097E-4 1.00487E-4 1.55269E-3 1.09649E-2 1.57264E-2 1.63139E-2 1.45117E-2 1.41068E-2 1.29943E-2 1.29943E-2 8.80792E-3 7.30778E-3 5.04445E-3 3.30093E-3 1.31756E-3 3.69854E-4 3.74873E-4 3.49881E-4 4.77181E-4 5.59582E-4 5.36952E-4 5.87711E-4 1.73045E-3 7.71712E-3 1.79655E-2 2.13246E-2 2.57893E-2 3.05726E-2 3.51102E-2 3.87001E-2 3.87166E-2 2.802E-2 6.30049E-3 8.65712E-4 3.45503E-5 9.93579E-6 5.38539E-7
-9999 -9999 -9999 -9999 -9999 -9999 -9999 9.50967E-9 6.31846E-7 8.27605E-6 5.82032E-5 1.24817E-4 1.26114E-3 1.151E-2 1.76255E-2 2.1415E-2 2.31223E-2 2.57585E-2 2.73352E-2 2.64914E-2 2.50016E-2 2.23591E-2 2.41189E-3 4.31788E-5 6.38581E-5 4.20989E-5 4.41073E-6 4.15675E-5 2.03281E-4 2.44174E-4 1.00487E-4 9.61706E-4 1.09649E-2 1.35771E-2 1.07304E-2 9.79917E-3 9.525E-3 9.525E-3 4.9735E-3 4.30293E-3 4.36425E-3 3.02415E-3 1.3359E-3 2.51464E-4 1.90417E-4 1.11011E-4 1.45846E-4 1.53631E-4 1.92256E-4 1.0774E-3 4.80185E-3 1.50349E-2 1.85962E-2 2.20125E-2 2.72917E-2 3.06117E-2 3.5067E-2 3.73042E-2 3.77886E-2 1.54892E-2 1.16175E-3 7.68629E-5 4.93171E-5 1.67192E-6 1.09943E-6
-9999 -9999 -9999 -9999 -9999 -9999 1.95682E-10 1.49795E-8 5.23509E-9 4.43861E-7 1.01488E-4 5.65483E-4 6.55099E-4 6.95253E-3 1.11186E-2 1.76255E-2 2.20249E-2 2.51713E-2 2.69294E-2 2.72419E-2 2.47953E-2 2.17089E-2 1.04897E-2 6.46583E-4 2.6398E-4 1.82648E-4 2.11124E-5 2.77388E-5 2.03309E-5 1.98085E-4 1.26114E-3 2.11638E-4 3.8463E-3 8.53365E-3 7.41001E-3 6.51379E-3 6.81117E-3 4.48915E-3 1.66289E-3 7.01565E-4 2.80563E-3 4.9735E-3 2.8853E-3 1.14549E-3 1.56341E-3 6.19844E-4 6.05399E-4 6.8946E-4 1.62182E-3 4.11244E-3 9.55881E-3 1.46434E-2 1.83546E-2 2.20125E-2 2.52284E-2 2.98494E-2 3.37772E-2 3.42518E-2 2.34229E-2 2.37396E-3 5.35304E-4 2.11898E-5 4.35714E-6 7.73246E-7 4.89428E-7
-9999 -9999 -9999 -9999 -9999 -9999 2.00216E-8 2.40654E-9 2.44192E-10 1.14034E-6 3.4123E-6 4.06812E-4 2.34781E-3 6.7627E-3 1.12742E-2 1.53849E-2 1.90114E-2 2.41142E-2 2.72419E-2 2.66138E-2 2.36392E-2 2.69365E-2 1.33972E-2 1.01877E-4 4.8189E-4 3.45241E-4 1.15721E-4 2.46785E-5 6.19515E-6 8.51244E-5 3.69465E-3 3.93065E-3 5.09503E-3 6.85705E-3 7.51411E-3 7.20555E-3 7.00597E-3 4.31506E-3 3.59774E-3 6.62454E-4 2.56284E-3 9.79917E-3 7.84471E-3 5.8472E-3 4.88257E-3 3.22387E-3 3.19706E-3 3.64507E-3 4.09318E-3 5.91317E-3 9.43224E-3 1.37199E-2 1.75026E-2 2.21057E-2 2.55968E-2 2.76414E-2 2.20465E-2 1.70669E-2 9.11473E-3 1.66259E-3 1.8231E-5 1.46161E-5 1.17505E-6 1.88697E-8 4.02611E-7
-9999 -9999 -9999 -9999 -9999 7.25842E-5 7.01103E-5 9.93363E-5 5.62471E-5 4.73549E-4 3.34281E-7 9.55332E-7 5.80221E-4 6.62577E-3 1.32949E-2 1.53849E-2 2.04728E-2 2.48954E-2 2.75128E-2 2.55915E-2 2.25416E-2 2.60016E-2 2.21196E-2 1.43899E-3 4.01626E-4 5.65483E-4 1.34625E-4 1.21601E-5 8.75873E-6 1.449E-4 1.46001E-3 5.99825E-3 1.26825E-2 1.10249E-2 1.35693E-2 1.43467E-2 1.49265E-2 1.35599E-2 1.29943E-2 1.21221E-2 1.49856E-2 1.57436E-2 1.45117E-2 1.14058E-2 9.5007E-3 7.72606E-3 7.44722E-3 6.65876E-3 6.93546E-3 8.41359E-3 1.07461E-2 1.42605E-2 1.38902E-2 8.91762E-3 9.50664E-3 1.09526E-2 2.09868E-2 2.07101E-2 3.21661E-3 1.6367E-4 9.62133E-6 5.63688E-6 1.31649E-7 2.34951E-9 4.35914E-6
-9999 -9999 -9999 -9999 4.20497E-7 1.83367E-5 7.25842E-5 1.71385E-4 8.03877E-3 1.26664E-2 5.49373E-5 6.90289E-9 1.58213E-6 1.09147E-3 7.65335E-3 1.45022E-2 2.13389E-2 2.63038E-2 2.77407E-2 2.76838E-2 2.56638E-2 2.56368E-2 2.07091E-2 3.61361E-3 2.96221E-4 5.95282E-4 1.58373E-4 1.26177E-5 9.20274E-7 1.44744E-5 1.65965E-4 1.20958E-3 8.7445E-3 1.56039E-2 1.62322E-2 1.99717E-2 2.05677E-2 1.99984E-2 2.07491E-2 2.14073E-2 2.21659E-2 2.12419E-2 2.05644E-2 1.73802E-2 1.55677E-2 1.41476E-2 1.2509E-2 1.00684E-2 7.97168E-3 6.95025E-3 6.85721E-3 4.56969E-3 1.54687E-3 2.18396E-3 7.02203E-3 2.45094E-2 2.7928E-2 2.2338E-2 1.2912E-3 3.45332E-5 1.6024E-5 6.03561E-6 6.43608E-8 1.42016E-6 2.23912E-6
-9999 -9999 -9999 -9999 1.21773E-7 6.60758E-6 7.59914E-5 2.31222E-4 8.2328E-3 2.63324E-2 1.00795E-2 1.57634E-4 1.98234E-8 4.05006E-5 1.99822E-3 1.00487E-2 2.0081E-2 2.67196E-2 2.8064E-2 2.74542E-2 2.67293E-2 2.47834E-2 2.01999E-2 9.23698E-3 4.44708E-4 1.06739E-3 4.90871E-4 1.60381E-4 9.77835E-6 6.00709E-8 3.57326E-5 7.55724E-4 6.24575E-3 1.90911E-2 2.0375E-2 2.14108E-2 2.47953E-2 2.43125E-2 2.61834E-2 2.54548E-2 2.65592E-2 2.65768E-2 2.48212E-2 2.37796E-2 2.11508E-2 1.98199E-2 1.45022E-2 5.91763E-3 2.04579E-3 1.94672E-3 4.39342E-3 5.93948E-3 7.20664E-3 1.90875E-2 3.0791E-2 3.15909E-2 3.36647E-2 1.57064E-2 5.79875E-4 5.55466E-5 5.8136E-5 6.89689E-7 5.86504E-8 4.36862E-5 4.06934E-5
-9999 -9999 -9999 3.77256E-4 1.32361E-4 4.36862E-5 6.57423E-4 6.05309E-3 1.54083E-2 3.08912E-2 2.51131E-2 1.33541E-2 1.08098E-3 2.51643E-5 3.48568E-4 5.56233E-3 1.60787E-2 2.23738E-2 2.28747E-2 2.23738E-2 2.38128E-2 2.1021E-2 1.46434E-2 1.56057E-2 3.45604E-3 1.82172E-3 1.508E-3 8.707E-4 3.03818E-4 3E-4 6.45658E-4 1.80153E-3 2.88785E-4 6.33016E-3 2.03563E-2 2.52997E-2 2.81252E-2 2.84755E-2 2.76934E-2 2.92491E-2 2.998E-2 2.96605E-2 2.85069E-2 2.72419E-2 2.6066E-2 2.36392E-2 1.64838E-2 9.23265E-3 1.21656E-2 1.49293E-2 1.86179E-2 2.15917E-2 2.73937E-2 2.944E-2 3.10098E-2 3.34921E-2 3.13897E-2 8.47044E-3 1.71441E-4 1.59414E-4 8.31893E-5 4.40662E-6 2.99894E-4 4.6048E-4 3.79017E-4
-9999 -9999 -9999 1.14309E-3 4.76358E-5 1.41892E-3 1.05917E-2 2.50116E-2 2.94494E-2 3.4811E-2 2.98262E-2 2.42909E-2 1.56386E-2 8.69507E-3 6.33795E-3 4.94015E-3 9.86589E-3 1.23117E-2 1.06239E-2 1.15733E-2 1.98326E-2 1.48462E-2 6.25651E-3 9.89239E-3 1.11927E-2 2.10247E-3 1.27276E-3 1.84515E-3 1.508E-3 1.20972E-3 1.77559E-3 3.239E-3 1.12645E-4 6.54009E-4 5.58955E-3 1.48307E-2 2.42804E-2 3.09338E-2 3.21369E-2 3.24398E-2 3.19935E-2 3.16954E-2 3.05487E-2 2.87966E-2 2.81252E-2 2.79248E-2 2.74035E-2 2.60149E-2 2.52257E-2 2.51184E-2 2.57997E-2 2.8306E-2 2.86799E-2 3.06111E-2 3.0791E-2 3.05954E-2 1.76231E-2 4.19451E-3 3.79842E-4 3.9779E-4 7.5685E-5 1.44596E-4 4.15895E-4 1.48397E-4 1.01257E-3
-9999 -9999 -9999 9.80464E-4 8.2807E-4 1.45852E-2 3.38198E-2 2.09693E-2 1.67655E-2 3.13123E-2 4.08289E-2 3.71044E-2 3.26239E-2 3.08912E-2 2.92058E-2 2.12562E-2 5.26785E-3 6.5035E-3 7.58923E-3 2.54732E-3 1.21912E-2 1.16359E-2 7.64753E-4 3.5009E-4 9.26726E-3 7.27987E-4 1.19624E-3 2.33194E-3 3.34711E-3 2.78429E-3 2.714E-3 3.22085E-3 5.83667E-4 2.60284E-5 1.5356E-3 3.37942E-3 1.35198E-2 2.92306E-2 3.22779E-2 3.42772E-2 3.381E-2 3.25834E-2 3.22794E-2 3.17916E-2 3.01148E-2 2.94905E-2 2.81577E-2 2.78277E-2 2.74207E-2 2.6975E-2 2.80721E-2 2.86799E-2 3.02165E-2 2.86233E-2 2.76545E-2 2.17709E-2 3.75316E-3 1.79513E-3 2.11267E-4 4.25983E-4 3.15011E-4 6.12779E-4 1.14791E-3 2.82172E-3 2.85096E-3
-9999 -9999 3.29186E-3 1.51153E-2 2.12167E-2 4.06253E-2 4.7154E-2 3.68479E-2 3.5067E-2 4.11453E-2 4.6009E-2 4.55536E-2 4.49721E-2 4.25954E-2 4.08063E-2 3.87703E-2 3.21253E-2 2.42729E-2 2.52685E-2 2.45881E-2 1.6467E-2 1.21247E-2 5.68489E-3 4.9213E-3 2.04351E-2 4.02723E-3 1.79805E-3 3.97681E-3 3.56674E-3 3.56674E-3 1.8356E-3 1.99115E-3 2.36174E-3 7.61505E-4 7.42628E-4 3.195E-4 3.09862E-3 1.42605E-2 3.08485E-2 3.55043E-2 3.64365E-2 3.49874E-2 3.64365E-2 3.4023E-2 3.2418E-2 3.00305E-2 2.89291E-2 2.93644E-2 3.01491E-2 2.8921E-2 2.9592E-2 2.98262E-2 2.96222E-2 2.73019E-2 1.87292E-2 4.56139E-3 8.02374E-4 1.66259E-3 4.48435E-4 4.25983E-4 4.17236E-4 7.12931E-4 1.41206E-3 2.59226E-4 7.4355E-3
-9999 -9999 3.23592E-2 2.81798E-2 3.80923E-2 5.51188E-2 5.5895E-2 4.56853E-2 2.52521E-2 3.38198E-2 4.94084E-2 5.11677E-2 5.04623E-2 4.90538E-2 4.88438E-2 4.91943E-2 4.75979E-2 4.7194E-2 4.56144E-2 4.04852E-2 2.65502E-2 2.91026E-2 2.87126E-2 3.56816E-2 4.11453E-2 2.17709E-2 1.33878E-2 1.08156E-2 9.11764E-3 4.2343E-3 9.58328E-4 3.6579E-3 3.00437E-3 3.56674E-3 3.15384E-3 1.46581E-4 1.94145E-3 6.63318E-3 2.15837E-2 3.17687E-2 3.28415E-2 3.53028E-2 3.59E-2 3.43708E-2 3.22203E-2 3.24061E-2 3.09349E-2 3.09708E-2 3.05505E-2 3.00903E-2 3.07759E-2 2.69112E-2 2.13246E-2 1.38569E-2 3.66616E-3 4.87079E-4 6.42057E-4 1.21895E-3 1.03074E-3 2.63664E-3 3.44301E-3 1.60911E-3 3.42833E-3 8.56125E-3 9.16362E-3
-9999 -9999 6.8033E-2 5.30686E-2 7.53422E-2 5.65438E-2 4.95573E-2 5.78034E-2 4.56119E-2 3.58654E-2 5.58172E-2 5.58063E-2 5.42998E-2 5.47758E-2 5.31231E-2 5.27592E-2 5.29943E-2 5.23204E-2 5.23204E-2 5.41192E-2 5.29485E-2 5.24167E-2 5.31126E-2 5.51312E-2 5.58527E-2 4.36879E-2 3.59487E-2 2.57837E-2 1.8167E-2 9.06446E-3 2.13026E-3 1.49691E-3 7.57454E-3 7.83591E-3 4.07819E-3 3.97681E-3 1.71081E-3 6.67266E-3 1.56392E-2 2.52625E-2 2.77552E-2 2.86799E-2 2.93065E-2 3.09563E-2 3.13836E-2 3.09563E-2 3.00903E-2 2.88238E-2 2.64719E-2 1.77328E-2 1.30879E-2 1.26724E-2 4.02723E-3 1.0064E-3 7.46726E-4 3.89825E-4 9.16531E-4 2.52224E-3 2.90693E-3 1.74681E-3 5.5644E-3 1.12074E-3 2.33332E-3 9.60478E-3 3.71158E-3
-9999 1.00052E-1 9.56319E-2 9.01304E-2 8.90939E-2 8.25462E-2 8.07434E-2 5.46092E-2 7.01695E-2 5.07105E-2 6.15471E-2 5.86395E-2 5.77966E-2 5.68747E-2 5.72962E-2 5.51786E-2 5.57588E-2 5.57588E-2 5.73651E-2 5.74677E-2 5.89329E-2 6.04271E-2 6.19507E-2 6.4956E-2 6.39475E-2 6.29839E-2 4.40457E-2 5.37697E-2 4.22174E-2 8.36678E-3 3.57472E-3 1.30049E-3 7.49202E-3 1.21273E-2 1.02558E-2 5.10951E-3 9.2336E-3 4.42729E-3 4.31704E-3 1.31693E-2 1.62567E-2 1.60487E-2 1.75554E-2 2.11729E-2 2.46221E-2 2.27467E-2 1.94726E-2 1.68842E-2 1.34944E-2 9.52169E-3 3.00437E-3 1.06385E-3 1.10376E-3 1.5914E-3 6.12203E-4 1.12185E-3 6.07775E-4 2.80551E-3 1.97302E-3 3.1187E-3 5.19226E-3 2.72922E-3 7.0349E-4 1.14219E-2 1.84643E-2
-9999 1.01977E-1 9.7233E-2 9.35827E-2 8.9424E-2 9.30052E-2 8.75001E-2 8.02194E-2 6.35377E-2 4.73805E-2 4.31368E-2 5.33269E-2 5.84936E-2 6.07185E-2 5.97704E-2 5.87429E-2 5.83657E-2 5.86357E-2 5.8825E-2 6.03137E-2 6.19507E-2 6.35411E-2 6.51283E-2 6.7566E-2 7.17435E-2 7.17435E-2 7.43407E-2 7.43407E-2 6.38087E-2 3.10817E-2 7.10359E-3 6.93288E-3 2.58003E-3 7.87095E-3 1.17558E-2 1.4612E-2 1.07819E-2 1.49437E-2 7.96254E-3 4.7132E-3 2.7111E-3 2.44441E-3 7.11171E-3 2.01024E-2 1.30019E-2 9.76959E-3 1.04161E-2 7.35343E-3 3.61208E-3 1.90588E-3 2.38441E-3 2.77902E-3 2.13026E-3 1.31634E-3 2.54906E-3 1.95828E-3 6.81031E-4 2.8728E-3 7.23309E-3 1.14455E-2 4.54129E-3 3.58634E-3 1.8917E-3 7.55995E-3 2.56562E-2
-9999 1.10266E-1 1.02308E-1 9.67908E-2 9.46436E-2 9.01304E-2 9.2586E-2 8.72764E-2 6.12102E-2 1.22414E-2 1.80513E-2 3.32628E-2 4.36004E-2 5.39137E-2 5.89838E-2 5.8628E-2 6.07185E-2 6.17215E-2 6.05844E-2 6.23933E-2 6.39475E-2 6.55314E-2 6.68209E-2 6.84542E-2 7.04634E-2 7.43407E-2 7.80167E-2 7.39042E-2 5.0541E-2 1.45852E-2 8.04863E-3 5.34183E-3 9.2259E-3 1.06391E-2 1.20469E-2 1.40637E-2 1.67042E-2 1.82896E-2 1.8858E-2 2.01489E-2 1.9093E-2 2.04535E-2 2.422E-2 2.43865E-2 2.14333E-2 1.47705E-2 8.19487E-3 5.54293E-3 5.19424E-3 4.9213E-3 3.53202E-3 1.93581E-3 2.66435E-3 6.18221E-3 6.84879E-3 3.00658E-3 8.04863E-3 1.0549E-3 1.84017E-2 6.92074E-3 5.19226E-3 9.00642E-3 8.05015E-3 1.31061E-2 2.09782E-2
-9999 1.15081E-1 -9999 -9999 9.51519E-2 9.35827E-2 9.23816E-2 8.94558E-2 5.30686E-2 4.4458E-3 2.39605E-3 8.92228E-3 9.32416E-3 2.77964E-2 3.4653E-2 4.45308E-2 5.20549E-2 5.72735E-2 5.82741E-2 5.14165E-2 5.52284E-2 5.89838E-2 5.89822E-2 5.89822E-2 6.11289E-2 5.30019E-2 4.46556E-2 3.27843E-2 1.86297E-2 6.67917E-3 7.3196E-3 6.08565E-3 5.08968E-3 6.08565E-3 8.44415E-3 1.06579E-2 9.79846E-3 1.06579E-2 1.26468E-2 1.06391E-2 1.11245E-2 1.70669E-2 1.99006E-2 2.26061E-2 2.422E-2 2.12283E-2 1.64252E-2 1.05458E-2 5.39409E-3 4.04216E-3 3.11582E-3 4.61788E-3 5.20235E-3 4.90905E-3 6.73132E-3 1.22557E-2 2.45906E-3 1.86212E-2 1.14455E-2 1.39612E-2 4.98272E-3 1.31606E-2 1.52998E-2 1.6183E-2 2.38515E-2
-9999 1.16378E-1 -9999 -9999 -9999 9.97457E-2 1.01205E-1 9.25042E-2 4.23488E-2 1.91123E-3 7.64481E-3 8.52179E-3 5.10582E-3 1.0304E-2 1.08581E-2 1.90664E-2 3.28715E-2 4.50688E-2 3.85414E-2 2.5793E-2 3.2484E-2 4.16085E-2 3.90022E-2 3.5489E-2 3.39787E-2 1.86212E-2 8.20132E-3 6.23177E-3 7.49512E-3 1.50484E-2 2.21976E-2 1.90664E-2 1.79269E-2 1.70287E-2 2.17237E-2 3.28921E-2 2.12167E-2 1.05232E-2 1.18547E-2 1.68961E-2 1.86297E-2 1.67196E-2 1.83699E-2 2.0653E-2 2.4056E-2 2.17893E-2 1.7718E-2 1.24339E-2 7.49202E-3 4.35177E-3 3.35315E-3 3.84508E-3 6.57052E-3 8.04863E-3 5.47103E-3 2.09105E-2 2.3465E-2 3.97276E-2 6.84486E-3 2.22312E-2 1.04228E-2 3.85222E-2 1.1413E-2 2.2386E-2 3.77E-2
-9999 -9999 -9999 -9999 -9999 1.04242E-1 1.02321E-1 9.23094E-2 5.81841E-2 5.20809E-3 2.02419E-2 1.83359E-2 2.73189E-2 2.90196E-2 2.46727E-2 2.68986E-2 2.76928E-2 2.88014E-2 1.79269E-2 1.77168E-2 3.28715E-2 2.43136E-2 1.24298E-2 1.17182E-2 5.65773E-3 5.13222E-3 1.64377E-2 3.06221E-2 1.81389E-2 1.2577E-2 2.76928E-2 1.70287E-2 1.59621E-2 2.60836E-2 3.32284E-2 4.03732E-2 6.50168E-2 6.12102E-2 5.48572E-2 4.30192E-2 3.17514E-2 2.61022E-2 2.587E-2 2.42903E-2 2.40518E-2 2.23053E-2 1.72787E-2 1.05917E-2 7.39285E-3 8.16535E-3 8.16535E-3 7.762E-3 1.10325E-2 1.92824E-2 3.67406E-2 4.15269E-2 4.51927E-2 5.85299E-2 4.94055E-2 4.5249E-2 6.29549E-2 9.76788E-2 4.04864E-2 2.97448E-2 5.69149E-2
-9999 1.40504E-1 1.30381E-1 -9999 -9999 1.01188E-1 1.01052E-1 9.70851E-2 4.63176E-2 2.16527E-2 4.18765E-2 4.22727E-2 1.9564E-2 3.52694E-2 5.17575E-2 4.84042E-2 5.59018E-2 5.52432E-2 4.78354E-2 5.02915E-2 5.08917E-2 4.04106E-2 3.63408E-2 3.88054E-2 3.02632E-2 2.76928E-2 2.88014E-2 4.18583E-2 3.25084E-2 3.32794E-2 5.81981E-2 4.78954E-2 5.38245E-2 6.37701E-2 5.88875E-2 6.67002E-2 8.57855E-2 4.94055E-2 4.4089E-2 5.92034E-2 5.72001E-2 5.58933E-2 5.57719E-2 4.61601E-2 4.16158E-2 3.6398E-2 3.28106E-2 2.58941E-2 2.52692E-2 1.71175E-2 8.67602E-3 6.60019E-3 2.48827E-2 4.41255E-2 5.14974E-2 5.77664E-2 6.81931E-2 8.44119E-2 7.8012E-2 5.73737E-2 1.14154E-1 1.21986E-1 5.20858E-2 2.83694E-2 9.27797E-2
1.53763E-1 1.48354E-1 1.34116E-1 -9999 -9999 1.01188E-1 1.01052E-1 9.89618E-2 5.19729E-2 6.77932E-2 5.82273E-2 6.19171E-2 4.4089E-2 5.91259E-2 6.07562E-2 5.72368E-2 6.33824E-2 6.78131E-2 6.85215E-2 6.62198E-2 6.70128E-2 6.62198E-2 5.59018E-2 5.59018E-2 5.65663E-2 4.99631E-2 5.42663E-2 6.14524E-2 5.58933E-2 6.43817E-2 6.88984E-2 8.06938E-2 8.53934E-2 8.92302E-2 9.81492E-2 1.0139E-1 1.02652E-1 8.99868E-2 7.71277E-2 7.6274E-2 8.02405E-2 7.87217E-2 7.12606E-2 6.83226E-2 5.6612E-2 4.45308E-2 4.01371E-2 3.36189E-2 2.27725E-2 1.67196E-2 2.68546E-2 3.91873E-2 4.01421E-2 3.79E-2 5.91259E-2 6.73336E-2 7.93422E-2 9.49811E-2 8.68759E-2 9.27011E-2 1.30429E-1 1.43244E-1 1.10302E-1 4.04113E-2 8.03285E-2
1.08627E-1 1.42421E-1 -9999 -9999 -9999 -9999 9.88957E-2 9.68252E-2 8.73303E-2 8.39815E-2 8.20847E-2 6.19171E-2 4.82939E-2 5.54937E-2 6.88242E-2 6.27983E-2 6.94352E-2 6.96775E-2 6.96775E-2 6.70065E-2 6.96775E-2 6.91448E-2 6.85215E-2 6.781E-2 6.61331E-2 6.67343E-2 6.93313E-2 5.55537E-2 6.3641E-2 6.87142E-2 6.95098E-2 8.16706E-2 9.06427E-2 9.80283E-2 1.09303E-1 1.11659E-1 1.0572E-1 1.0163E-1 9.67113E-2 9.23871E-2 9.44962E-2 9.35604E-2 8.20847E-2 7.44763E-2 5.27253E-2 3.50691E-2 3.86636E-2 3.86636E-2 3.91873E-2 4.30802E-2 4.16158E-2 3.76325E-2 4.00752E-2 5.57719E-2 7.04414E-2 7.78314E-2 5.62711E-2 8.32963E-2 1.00205E-1 1.02655E-1 1.3813E-1 1.43744E-1 1.50855E-1 9.45404E-2 1.10554E-1
3.66088E-2 1.05978E-1 -9999 -9999 -9999 -9999 9.34346E-2 9.14646E-2 8.86101E-2 8.39815E-2 8.26238E-2 7.98433E-2 7.83802E-2 7.80167E-2 7.50572E-2 7.26698E-2 7.34606E-2 7.25884E-2 7.04634E-2 6.92295E-2 7.0924E-2 6.77086E-2 6.91448E-2 6.6903E-2 6.781E-2 6.86206E-2 7.44095E-2 7.35358E-2 7.61959E-2 7.79872E-2 7.98697E-2 8.32751E-2 8.84707E-2 9.27085E-2 9.91058E-2 1.0572E-1 1.03445E-1 9.89488E-2 9.08671E-2 8.42784E-2 9.19069E-2 9.23871E-2 8.72764E-2 6.29125E-2 5.49072E-2 4.21065E-2 3.85414E-2 2.07192E-2 2.7142E-2 4.00752E-2 4.11152E-2 5.08917E-2 5.77664E-2 7.04414E-2 7.89255E-2 7.52705E-2 9.08695E-2 1.03192E-1 1.01286E-1 9.97025E-2 1.39549E-1 1.45153E-1 1.55619E-1 1.52588E-1 1.07579E-1
-9999 1.26178E-1 -9999 -9999 -9999 -9999 9.0301E-2 9.01196E-2 8.63729E-2 8.4248E-2 8.21029E-2 7.79872E-2 7.8534E-2 7.72644E-2 7.48879E-2 7.48879E-2 7.43716E-2 7.22378E-2 7.10381E-2 7.00729E-2 6.84542E-2 6.72131E-2 6.54212E-2 6.70065E-2 6.83234E-2 6.91448E-2 6.781E-2 7.26698E-2 7.51268E-2 7.45477E-2 7.76103E-2 7.91161E-2 8.25552E-2 8.65076E-2 8.98909E-2 9.0301E-2 8.82596E-2 8.7249E-2 8.57954E-2 8.50858E-2 8.82596E-2 8.40919E-2 8.10006E-2 7.61959E-2 7.09607E-2 6.28857E-2 5.11478E-2 4.31368E-2 5.45907E-2 5.52432E-2 5.08917E-2 5.85961E-2 6.76325E-2 7.70962E-2 8.35758E-2 8.82728E-2 8.57855E-2 9.25924E-2 1.05062E-1 1.21986E-1 1.32331E-1 1.4095E-1 1.57004E-1 1.55099E-1 1.36257E-1
-9999 9.77992E-2 -9999 -9999 -9999 -9999 -9999 -9999 -9999 8.23104E-2 -9999 7.81861E-2 7.86606E-2 7.50019E-2 7.44591E-2 7.50019E-2 7.36583E-2 7.10381E-2 7.10381E-2 6.98929E-2 6.87891E-2 6.80271E-2 6.83441E-2 6.90305E-2 6.71452E-2 6.96225E-2 6.83234E-2 7.01176E-2 7.1724E-2 7.1783E-2 7.39965E-2 7.48879E-2 7.70713E-2 7.78516E-2 8.24504E-2 8.14906E-2 8.4626E-2 8.26189E-2 8.34186E-2 8.40919E-2 8.14906E-2 7.8776E-2 7.6027E-2 7.17435E-2 6.84542E-2 6.23608E-2 5.86737E-2 6.28857E-2 6.6903E-2 7.01695E-2 5.65663E-2 6.005E-2 7.04414E-2 7.52048E-2 6.72695E-2 7.54667E-2 9.49811E-2 1.02486E-1 1.07695E-1 1.18931E-1 1.23913E-1 1.30429E-1 1.29109E-1 1.37718E-1 1.45078E-1
