KUENM/Final_Models/M_0.1_F_lq_Set_2_E/sp1_5.asc
ncols         197
nrows         210
xllcorner     56.1666666666667
yllcorner     4.5
cellsize      0.166666666666667
NODATA_value  -9999
[rows 56 to 83 of 210, columns 0 to 64 of 197]
-9999 -9999 -9999 -9999 -9999 -9999 -9999 -9999 -9999 -9999 -9999 4.02339E-2 4.10217E-2 3.96978E-2 3.7798E-2 3.86433E-2 3.7798E-2 3.70287E-2 3.20659E-2 2.61627E-2 2.14884E-2 1.83048E-2 5.34902E-3 1.23844E-3 3.56311E-3 4.95743E-3 2.5798E-3 1.04122E-2 2.366E-2 2.66916E-2 2.63331E-2 2.63331E-2 2.51903E-2 2.45139E-2 2.31114E-2 2.23772E-2 2.32065E-2 2.39341E-2 2.23772E-2 2.19498E-2 2.19498E-2 2.33145E-2 1.99852E-2 1.57697E-2 1.49907E-2 1.53122E-2 1.74174E-2 1.85886E-2 1.87251E-2 2.40911E-2 2.74554E-2 3.1564E-2 3.61426E-2 4.02767E-2 4.63925E-2 5.03006E-2 5.82273E-2 6.56061E-2 7.06672E-2 6.69916E-2 2.1385E-2 1.62814E-2 1.11483E-2 3.01747E-3 1.04275E-3
-9999 -9999 -9999 -9999 -9999 -9999 -9999 -9999 -9999 -9999 1.75546E-2 3.59724E-2 4.10217E-2 3.94722E-2 3.87696E-2 3.83455E-2 4.00571E-2 3.76118E-2 3.53826E-2 3.24565E-2 2.9025E-2 2.06751E-2 9.45694E-3 4.83289E-3 3.91015E-3 5.69374E-3 2.23857E-3 4.53045E-3 1.85483E-2 2.68247E-2 2.8326E-2 2.83724E-2 2.79905E-2 2.76129E-2 2.68876E-2 2.76321E-2 2.79907E-2 2.79464E-2 2.72556E-2 2.5755E-2 2.35277E-2 2.06256E-2 1.60124E-2 1.30643E-2 1.2693E-2 1.13852E-2 1.19984E-2 1.3781E-2 1.82494E-2 2.3486E-2 2.74554E-2 3.07914E-2 3.78726E-2 4.26597E-2 4.68161E-2 5.48211E-2 6.03361E-2 6.76715E-2 6.99594E-2 4.961E-2 1.51843E-2 1.73475E-2 1.18453E-2 5.88851E-3 2.07259E-3
-9999 -9999 -9999 -9999 -9999 -9999 -9999 -9999 -9999 5.08401E-4 6.96598E-3 3.24341E-2 3.90115E-2 3.93982E-2 4.00571E-2 4.00767E-2 3.95183E-2 3.89409E-2 3.66204E-2 3.37304E-2 3.12058E-2 2.15125E-2 3.8444E-3 3.74866E-3 2.35331E-3 3.3941E-3 4.70702E-3 2.65561E-3 7.16418E-3 1.80185E-2 2.73137E-2 2.99749E-2 3.03755E-2 3.0337E-2 2.87252E-2 2.94581E-2 2.9864E-2 2.8377E-2 2.68876E-2 2.27963E-2 1.96293E-2 1.69232E-2 1.29726E-2 7.85201E-3 8.87963E-3 8.03344E-3 9.06546E-3 1.14014E-2 1.52718E-2 2.00728E-2 2.27801E-2 2.91459E-2 3.82552E-2 4.52185E-2 4.95153E-2 5.63866E-2 6.31927E-2 7.0529E-2 7.0272E-2 5.20987E-2 2.45786E-2 1.91889E-2 4.19924E-3 3.9708E-3 1.10244E-3
-9999 -9999 -9999 -9999 -9999 -9999 -9999 -9999 6.83084E-4 6.10435E-4 4.48426E-3 1.87431E-2 2.75503E-2 3.60516E-2 3.79744E-2 3.81247E-2 3.87696E-2 3.83455E-2 3.81247E-2 3.58625E-2 3.52569E-2 3.02088E-2 5.48978E-3 1.16214E-3 1.54335E-3 2.00103E-3 1.83164E-3 2.53216E-3 4.69698E-3 3.20571E-3 1.11162E-2 2.63253E-2 3.03901E-2 3.07889E-2 2.87844E-2 2.80128E-2 2.65054E-2 2.65054E-2 2.19498E-2 2.00692E-2 1.71439E-2 1.42659E-2 9.48962E-3 5.46121E-3 5.5328E-3 5.47819E-3 6.60394E-3 7.28681E-3 7.39929E-3 8.07111E-3 1.35678E-2 2.76497E-2 4.10091E-2 4.57876E-2 5.21707E-2 5.84872E-2 6.38081E-2 6.85026E-2 6.99377E-2 6.56873E-2 3.37157E-2 1.30621E-2 2.79887E-3 1.54604E-3 3.91482E-4
-9999 -9999 -9999 -9999 -9999 -9999 -9999 5.5888E-5 3.82141E-4 1.19994E-3 2.82154E-3 3.95185E-3 1.05139E-2 2.68247E-2 3.24565E-2 3.4908E-2 3.6375E-2 3.81247E-2 3.93982E-2 3.91676E-2 3.8619E-2 3.76875E-2 1.41419E-2 2.26619E-3 2.69377E-3 2.21142E-3 7.65561E-4 2.18444E-3 4.62263E-3 4.88928E-3 3.20571E-3 8.94905E-3 2.63253E-2 2.8326E-2 2.50796E-2 2.36341E-2 2.29984E-2 2.29984E-2 1.69119E-2 1.58098E-2 1.60265E-2 1.36456E-2 9.61704E-3 4.46891E-3 4.08363E-3 3.30971E-3 3.79628E-3 3.99181E-3 4.65783E-3 1.05031E-2 2.12589E-2 3.6595E-2 4.12668E-2 4.60211E-2 5.25502E-2 5.7286E-2 6.24406E-2 6.61803E-2 6.83662E-2 4.80875E-2 1.46658E-2 3.94746E-3 3.17719E-3 6.30919E-4 5.45756E-4
-9999 -9999 -9999 -9999 -9999 -9999 9.6027E-6 7.04062E-5 4.30686E-5 3.25268E-4 3.68709E-3 7.77731E-3 8.03216E-3 2.17751E-2 2.66789E-2 3.24565E-2 3.58625E-2 3.83104E-2 3.92966E-2 4.02339E-2 3.88994E-2 3.73241E-2 2.75288E-2 7.93162E-3 5.27137E-3 4.4331E-3 1.62028E-3 1.8257E-3 1.56229E-3 4.50855E-3 1.05139E-2 4.52257E-3 1.65251E-2 2.3292E-2 2.16694E-2 1.97835E-2 1.99852E-2 1.64676E-2 1.03397E-2 6.94708E-3 1.32204E-2 1.69119E-2 1.35817E-2 9.12635E-3 1.06785E-2 7.21667E-3 7.44439E-3 7.99641E-3 1.21539E-2 1.90828E-2 2.85546E-2 3.56891E-2 4.07581E-2 4.60211E-2 4.99133E-2 5.59397E-2 6.02744E-2 6.23404E-2 5.55856E-2 2.02008E-2 9.7968E-3 2.02719E-3 9.62801E-4 4.24855E-4 3.57226E-4
-9999 -9999 -9999 -9999 -9999 -9999 8.4E-5 3.1262E-5 1.05879E-5 5.1848E-4 8.25696E-4 6.70859E-3 1.3781E-2 2.12049E-2 2.70364E-2 3.11683E-2 3.41843E-2 3.7873E-2 4.02339E-2 4.04171E-2 3.90479E-2 4.21156E-2 3.10189E-2 3.46636E-3 7.04942E-3 6.06871E-3 3.67378E-3 1.75217E-3 9.07518E-4 3.11197E-3 1.72228E-2 1.75546E-2 1.92953E-2 2.14884E-2 2.19613E-2 2.10953E-2 2.0534E-2 1.64505E-2 1.49035E-2 6.92278E-3 1.26273E-2 2.36341E-2 2.14844E-2 1.90815E-2 1.78524E-2 1.51112E-2 1.56193E-2 1.70013E-2 1.82494E-2 2.22502E-2 2.81943E-2 3.45221E-2 4.00066E-2 4.50959E-2 4.94588E-2 5.3186E-2 4.97573E-2 4.63925E-2 3.61258E-2 1.67294E-2 1.89007E-3 1.64771E-3 4.89668E-4 7.1822E-5 3.24043E-4
-9999 -9999 -9999 -9999 -9999 3.7365E-3 3.61421E-3 4.12287E-3 3.13392E-3 7.76361E-3 2.96769E-4 4.76998E-4 7.97219E-3 2.15125E-2 2.99761E-2 3.11683E-2 3.59724E-2 3.96741E-2 4.1155E-2 4.07369E-2 3.94446E-2 4.2049E-2 3.95158E-2 1.19345E-2 6.62625E-3 7.77731E-3 3.98711E-3 1.27958E-3 1.08562E-3 4.01719E-3 1.15271E-2 2.17448E-2 2.94355E-2 2.72246E-2 2.9025E-2 2.91492E-2 2.95736E-2 2.76129E-2 2.65054E-2 2.54041E-2 2.8377E-2 2.91213E-2 2.87844E-2 2.58823E-2 2.43047E-2 2.25549E-2 2.32565E-2 2.23769E-2 2.32653E-2 2.61322E-2 2.99492E-2 3.48013E-2 3.59682E-2 3.06101E-2 3.2522E-2 3.59143E-2 4.8792E-2 4.95268E-2 2.2291E-2 5.46886E-3 1.38702E-3 1.05025E-3 1.75545E-4 2.74778E-5 1.04451E-3
-9999 -9999 -9999 -9999 3.69602E-4 2.04856E-3 3.7365E-3 5.36083E-3 2.77383E-2 3.2951E-2 3.06375E-3 5.05492E-5 5.98362E-4 1.06348E-2 2.38719E-2 3.17321E-2 3.74287E-2 4.18227E-2 4.20582E-2 4.32343E-2 4.22436E-2 4.29583E-2 3.95441E-2 1.83101E-2 5.89039E-3 8.17105E-3 4.37681E-3 1.32603E-3 3.86977E-4 1.40433E-3 4.30066E-3 1.06123E-2 2.53933E-2 3.23647E-2 3.20494E-2 3.44554E-2 3.47865E-2 3.38613E-2 3.33044E-2 3.32633E-2 3.38984E-2 3.35251E-2 3.41609E-2 3.20231E-2 3.0791E-2 3.02088E-2 2.90502E-2 2.7287E-2 2.48201E-2 2.41479E-2 2.47089E-2 2.11042E-2 1.34353E-2 1.61608E-2 2.82405E-2 4.97231E-2 5.49402E-2 5.17398E-2 1.45855E-2 2.6027E-3 1.79997E-3 1.12156E-3 1.29172E-4 5.87382E-4 7.67342E-4
-9999 -9999 -9999 -9999 2.15979E-4 1.32463E-3 3.90455E-3 6.29696E-3 2.94012E-2 4.66617E-2 3.00333E-2 4.94719E-3 8.32068E-5 2.62961E-3 1.41627E-2 2.80935E-2 3.75667E-2 4.31595E-2 4.38025E-2 4.42934E-2 4.39187E-2 4.31832E-2 4.04233E-2 2.85641E-2 7.30872E-3 1.0958E-2 7.59176E-3 4.43027E-3 1.20735E-3 1.09802E-4 2.17146E-3 8.73482E-3 2.26017E-2 3.65897E-2 3.65298E-2 3.68329E-2 3.88994E-2 3.75958E-2 3.82484E-2 3.72233E-2 3.7896E-2 3.83455E-2 3.7798E-2 3.73681E-2 3.57324E-2 3.55763E-2 3.17321E-2 2.14652E-2 1.3828E-2 1.38128E-2 2.03267E-2 2.40871E-2 2.68662E-2 4.22995E-2 5.41311E-2 5.54614E-2 5.88974E-2 4.4253E-2 9.98176E-3 3.31981E-3 3.46807E-3 4.15645E-4 1.30125E-4 3.26052E-3 3.27327E-3
-9999 -9999 -9999 8.8925E-3 5.42801E-3 3.26052E-3 1.06293E-2 2.7568E-2 3.96817E-2 5.13135E-2 4.55208E-2 3.46492E-2 1.16826E-2 2.22115E-3 6.88816E-3 2.26272E-2 3.59397E-2 4.16493E-2 4.16479E-2 4.16493E-2 4.32741E-2 4.19846E-2 3.56891E-2 3.68688E-2 1.91016E-2 1.4252E-2 1.31121E-2 1.00079E-2 6.03573E-3 5.9627E-3 8.3627E-3 1.3443E-2 5.74793E-3 2.28934E-2 3.80586E-2 4.09618E-2 4.26171E-2 4.14636E-2 4.03683E-2 4.11528E-2 4.17333E-2 4.17098E-2 4.10217E-2 4.02339E-2 4.01963E-2 3.90479E-2 3.41071E-2 2.67459E-2 3.07879E-2 3.43942E-2 3.8307E-2 4.20837E-2 4.84481E-2 5.08737E-2 5.34446E-2 5.74885E-2 5.86569E-2 3.37173E-2 5.71738E-3 5.68866E-3 4.25815E-3 1.05541E-3 8.59176E-3 1.07499E-2 1.00896E-2
-9999 -9999 -9999 1.52409E-2 3.54175E-3 1.59542E-2 3.73049E-2 5.19218E-2 5.40624E-2 5.6483E-2 5.15072E-2 4.60267E-2 3.79881E-2 2.8861E-2 2.56221E-2 2.27316E-2 3.04108E-2 3.30523E-2 3.15731E-2 3.31647E-2 4.16893E-2 3.72076E-2 2.5309E-2 3.15261E-2 3.31755E-2 1.55844E-2 1.23228E-2 1.44274E-2 1.31121E-2 1.17375E-2 1.39065E-2 1.79547E-2 3.81898E-3 8.46665E-3 2.18866E-2 3.32759E-2 4.07828E-2 4.48956E-2 4.4618E-2 4.46174E-2 4.40267E-2 4.40285E-2 4.33593E-2 4.24373E-2 4.26171E-2 4.29414E-2 4.34952E-2 4.27961E-2 4.30874E-2 4.37397E-2 4.487E-2 4.90099E-2 4.96251E-2 5.27926E-2 5.41311E-2 5.60481E-2 4.63925E-2 2.50451E-2 8.42695E-3 8.80686E-3 4.16582E-3 5.90629E-3 1.03668E-2 6.46746E-3 1.6942E-2
-9999 -9999 -9999 1.47006E-2 1.32416E-2 4.54585E-2 6.29186E-2 5.0109E-2 4.42661E-2 5.61136E-2 6.08404E-2 5.71786E-2 5.31065E-2 5.13135E-2 4.95432E-2 4.34505E-2 2.41637E-2 2.62577E-2 2.82192E-2 1.786E-2 3.48414E-2 3.44193E-2 1.03907E-2 7.34095E-3 3.17462E-2 9.91183E-3 1.22222E-2 1.64168E-2 1.93485E-2 1.77407E-2 1.7313E-2 1.86519E-2 8.47567E-3 1.98292E-3 1.27018E-2 1.79138E-2 3.30789E-2 4.55435E-2 4.62215E-2 4.70444E-2 4.64279E-2 4.52139E-2 4.57165E-2 4.60892E-2 4.55024E-2 4.52449E-2 4.46398E-2 4.48692E-2 4.58075E-2 4.59332E-2 4.77112E-2 4.96251E-2 5.21468E-2 5.1542E-2 5.20458E-2 4.91715E-2 2.35635E-2 1.71069E-2 6.55029E-3 9.40135E-3 8.46221E-3 1.25191E-2 1.80329E-2 2.89513E-2 2.92305E-2
-9999 -9999 2.6209E-2 5.02597E-2 5.68592E-2 7.16918E-2 7.40133E-2 6.54193E-2 6.24406E-2 6.50807E-2 6.56041E-2 6.42497E-2 6.34684E-2 6.09625E-2 5.92344E-2 5.79182E-2 5.32601E-2 4.81229E-2 4.88578E-2 4.87141E-2 4.10435E-2 3.69702E-2 2.59764E-2 2.45732E-2 4.63218E-2 2.20967E-2 1.55122E-2 2.18336E-2 2.05559E-2 2.05559E-2 1.50665E-2 1.55164E-2 1.6617E-2 9.79851E-3 9.56545E-3 6.33517E-3 1.79757E-2 3.48013E-2 4.79505E-2 5.00892E-2 5.08232E-2 4.88834E-2 5.08232E-2 4.91851E-2 4.81651E-2 4.67346E-2 4.58084E-2 4.72328E-2 4.92652E-2 4.81937E-2 5.0166E-2 5.15072E-2 5.2182E-2 5.14177E-2 4.50537E-2 2.48684E-2 1.14946E-2 1.67294E-2 9.3026E-3 9.40135E-3 9.78802E-3 1.36319E-2 2.07358E-2 9.03832E-3 4.6632E-2
-9999 -9999 7.30837E-2 6.78663E-2 7.51688E-2 8.56922E-2 8.30293E-2 7.42839E-2 5.80384E-2 6.29186E-2 7.1045E-2 7.02879E-2 6.87179E-2 6.63058E-2 6.55008E-2 6.54586E-2 6.39046E-2 6.39051E-2 6.3643E-2 6.1209E-2 5.23804E-2 5.46177E-2 5.51289E-2 6.10343E-2 6.50807E-2 4.91715E-2 3.92984E-2 3.54899E-2 3.23863E-2 2.31744E-2 1.15707E-2 2.10554E-2 1.9075E-2 2.05559E-2 1.91051E-2 4.61327E-3 1.51463E-2 2.57656E-2 4.30519E-2 5.00921E-2 5.01487E-2 5.15843E-2 5.17793E-2 5.02811E-2 4.85425E-2 4.95136E-2 4.88371E-2 4.96944E-2 4.98898E-2 5.00471E-2 5.20715E-2 4.96404E-2 4.57876E-2 3.93278E-2 2.20457E-2 8.95157E-3 1.03919E-2 1.45549E-2 1.38144E-2 2.23083E-2 2.73374E-2 1.99606E-2 3.14436E-2 5.08414E-2 5.18768E-2
-9999 -9999 1.027E-1 9.37708E-2 1.0135E-1 9.06823E-2 8.30778E-2 8.45317E-2 7.68818E-2 6.79394E-2 7.7104E-2 7.56216E-2 7.30436E-2 7.30628E-2 7.04377E-2 6.95049E-2 6.93739E-2 6.85315E-2 6.85315E-2 7.12127E-2 7.13127E-2 7.12488E-2 7.35557E-2 7.62053E-2 7.63883E-2 7.00189E-2 6.3917E-2 5.47643E-2 4.63505E-2 3.33871E-2 1.73639E-2 1.43895E-2 3.03402E-2 3.01794E-2 2.23623E-2 2.18336E-2 1.47932E-2 2.69059E-2 3.90884E-2 4.7772E-2 4.90554E-2 4.96251E-2 4.88054E-2 5.05205E-2 5.03254E-2 5.05205E-2 5.00471E-2 4.89265E-2 4.78589E-2 4.05054E-2 3.61174E-2 3.61426E-2 2.20967E-2 1.21249E-2 1.0732E-2 8.13717E-3 1.23527E-2 2.03848E-2 2.22324E-2 1.84508E-2 3.26777E-2 1.57937E-2 2.4239E-2 4.98759E-2 3.22566E-2
-9999 1.23644E-1 1.18822E-1 1.12939E-1 1.10851E-1 1.08543E-1 1.04081E-1 8.77871E-2 9.31413E-2 7.92503E-2 8.45762E-2 7.92611E-2 7.75079E-2 7.5724E-2 7.5698E-2 7.30323E-2 7.28222E-2 7.28222E-2 7.44146E-2 7.41849E-2 7.59872E-2 7.7822E-2 7.96894E-2 8.37588E-2 8.29671E-2 8.40923E-2 7.17754E-2 7.8964E-2 7.02043E-2 3.33283E-2 2.25008E-2 1.39397E-2 3.11914E-2 3.82229E-2 3.49393E-2 2.54635E-2 3.27756E-2 2.31722E-2 2.26236E-2 3.74818E-2 4.05477E-2 4.00566E-2 4.12241E-2 4.4357E-2 4.7673E-2 4.52509E-2 4.20124E-2 3.97293E-2 3.60592E-2 3.14593E-2 1.9075E-2 1.2125E-2 1.25593E-2 1.52544E-2 9.92974E-3 1.34488E-2 1.04398E-2 2.14978E-2 1.87116E-2 2.37595E-2 3.06238E-2 2.30467E-2 1.27072E-2 4.99499E-2 6.47464E-2
-9999 1.26864E-1 1.21724E-1 1.17897E-1 1.12956E-1 1.15518E-1 1.10538E-1 1.04115E-1 9.23842E-2 8.11751E-2 7.5829E-2 8.05822E-2 8.14535E-2 8.12223E-2 7.93834E-2 7.7515E-2 7.65261E-2 7.6398E-2 7.62182E-2 7.80543E-2 7.96894E-2 8.13009E-2 8.32321E-2 8.61916E-2 9.09336E-2 9.09336E-2 9.47556E-2 9.47556E-2 8.7509E-2 6.21778E-2 3.20655E-2 3.13389E-2 1.98566E-2 3.26777E-2 3.9733E-2 4.26735E-2 3.66274E-2 4.22289E-2 3.18068E-2 2.459E-2 1.89517E-2 1.79931E-2 2.85822E-2 4.44258E-2 3.70312E-2 3.22349E-2 3.31058E-2 2.84158E-2 2.08044E-2 1.56166E-2 1.75723E-2 1.94029E-2 1.73639E-2 1.41017E-2 1.96304E-2 1.76765E-2 1.09933E-2 2.19854E-2 3.39386E-2 4.31004E-2 2.82089E-2 2.58689E-2 1.98947E-2 3.99694E-2 7.19941E-2
-9999 1.36138E-1 1.28201E-1 1.21695E-1 1.19154E-1 1.12939E-1 1.1658E-1 1.10775E-1 9.45066E-2 4.75912E-2 5.54511E-2 6.94898E-2 7.51094E-2 8.0257E-2 8.30171E-2 8.07771E-2 8.12223E-2 8.12455E-2 7.9291E-2 8.10494E-2 8.29671E-2 8.49178E-2 8.70226E-2 8.90379E-2 9.09691E-2 9.47556E-2 9.87898E-2 9.51705E-2 8.02967E-2 4.54585E-2 3.46805E-2 2.88709E-2 3.65398E-2 3.88218E-2 4.06564E-2 4.39341E-2 4.68868E-2 4.8038E-2 4.80055E-2 4.96383E-2 4.85671E-2 4.89497E-2 5.16341E-2 5.06973E-2 4.72004E-2 3.92794E-2 3.03502E-2 2.53606E-2 2.48255E-2 2.45732E-2 2.1279E-2 1.66427E-2 1.95294E-2 2.92743E-2 3.09804E-2 2.1901E-2 3.46805E-2 1.41221E-2 5.2954E-2 3.39012E-2 3.06238E-2 4.00596E-2 3.90523E-2 5.07006E-2 6.58083E-2
-9999 1.417E-1 -9999 -9999 1.20317E-1 1.17897E-1 1.14825E-1 1.14622E-1 9.37708E-2 3.16453E-2 2.3631E-2 4.13006E-2 4.13765E-2 6.34745E-2 6.88319E-2 7.51743E-2 7.87726E-2 8.16987E-2 8.20736E-2 7.90408E-2 8.20977E-2 8.30171E-2 8.5041E-2 8.5041E-2 8.79501E-2 8.39528E-2 7.68081E-2 6.69211E-2 5.19246E-2 3.27889E-2 3.43196E-2 3.13027E-2 2.87854E-2 3.13027E-2 3.62786E-2 4.03201E-2 3.8664E-2 4.03201E-2 4.25523E-2 3.88218E-2 3.90667E-2 4.63925E-2 4.90637E-2 5.09449E-2 5.16341E-2 4.80158E-2 4.21516E-2 3.4653E-2 2.57306E-2 2.31509E-2 2.06613E-2 2.516E-2 2.69997E-2 2.66582E-2 3.17199E-2 4.27806E-2 2.08856E-2 5.3542E-2 4.31004E-2 4.83135E-2 3.07779E-2 4.90853E-2 5.44652E-2 5.73609E-2 6.94506E-2
-9999 1.42884E-1 -9999 -9999 -9999 1.24253E-1 1.25522E-1 1.18288E-1 8.68746E-2 2.22688E-2 4.03864E-2 4.118E-2 3.29121E-2 4.36966E-2 4.41774E-2 5.47324E-2 6.87292E-2 7.60246E-2 7.26623E-2 6.0819E-2 6.79747E-2 7.48105E-2 7.3472E-2 7.03785E-2 6.91906E-2 5.3542E-2 3.67002E-2 3.20088E-2 3.50912E-2 4.83897E-2 5.75698E-2 5.47324E-2 5.3346E-2 5.25274E-2 5.81217E-2 7.04925E-2 5.68592E-2 4.1335E-2 4.29635E-2 5.04829E-2 5.19246E-2 4.84212E-2 4.9705E-2 5.08027E-2 5.40086E-2 5.05449E-2 4.52718E-2 3.91326E-2 3.11914E-2 2.48278E-2 2.21517E-2 2.41094E-2 3.10057E-2 3.46805E-2 2.95284E-2 5.44521E-2 5.8893E-2 7.64103E-2 3.49544E-2 6.11982E-2 4.41653E-2 8.36388E-2 4.80475E-2 6.76299E-2 8.86578E-2
-9999 -9999 -9999 -9999 -9999 1.29509E-1 1.26823E-1 1.20537E-1 1.00098E-1 3.50562E-2 6.16481E-2 5.81347E-2 6.78152E-2 6.78576E-2 6.35083E-2 6.50029E-2 6.49751E-2 6.56061E-2 5.3346E-2 5.2764E-2 6.87292E-2 6.08716E-2 4.49073E-2 4.40583E-2 3.17962E-2 3.02911E-2 5.08284E-2 6.76606E-2 5.39326E-2 4.54033E-2 6.49751E-2 5.25274E-2 5.11212E-2 6.4973E-2 7.29837E-2 7.93344E-2 9.84565E-2 9.45066E-2 8.96975E-2 7.87896E-2 6.82189E-2 6.14978E-2 5.93639E-2 5.75073E-2 5.54536E-2 5.30986E-2 4.69326E-2 3.73049E-2 3.20142E-2 3.3828E-2 3.3828E-2 3.35177E-2 4.01672E-2 5.20104E-2 6.9488E-2 7.62422E-2 8.0799E-2 9.36429E-2 8.95788E-2 8.81436E-2 1.05625E-1 1.31704E-1 8.97841E-2 7.99701E-2 1.08724E-1
-9999 1.73106E-1 1.63226E-1 -9999 -9999 1.26882E-1 1.25428E-1 1.24555E-1 9.21335E-2 6.5593E-2 8.39779E-2 8.27814E-2 5.97396E-2 7.52014E-2 8.49658E-2 8.12725E-2 8.54962E-2 8.45517E-2 8.03804E-2 8.12849E-2 8.21921E-2 7.594E-2 7.19502E-2 7.47601E-2 6.69236E-2 6.49751E-2 6.56061E-2 7.84666E-2 6.97287E-2 7.12624E-2 9.16156E-2 8.52788E-2 9.13941E-2 9.9749E-2 9.7519E-2 1.03993E-1 1.1672E-1 8.95788E-2 8.41555E-2 9.46444E-2 9.16619E-2 8.971E-2 8.66419E-2 7.7746E-2 7.33265E-2 6.74078E-2 6.392E-2 5.78666E-2 5.65583E-2 4.7973E-2 3.58142E-2 3.24243E-2 5.88156E-2 7.59553E-2 8.31066E-2 8.95355E-2 1.00035E-1 1.12756E-1 1.13375E-1 1.00757E-1 1.43204E-1 1.53166E-1 1.0495E-1 8.13583E-2 1.40819E-1
1.84742E-1 1.79149E-1 1.66626E-1 -9999 -9999 1.26882E-1 1.25428E-1 1.24113E-1 9.58439E-2 1.03924E-1 9.65066E-2 9.55232E-2 8.41555E-2 9.15016E-2 9.10714E-2 8.74075E-2 8.8843E-2 9.17829E-2 9.10731E-2 8.97463E-2 9.07605E-2 8.97463E-2 8.54962E-2 8.54962E-2 8.64481E-2 8.22126E-2 8.58246E-2 9.07561E-2 8.971E-2 9.61419E-2 9.96613E-2 1.08096E-1 1.12054E-1 1.18765E-1 1.25832E-1 1.29714E-1 1.29675E-1 1.2083E-1 1.10718E-1 1.09577E-1 1.09658E-1 1.06627E-1 9.91858E-2 9.43047E-2 8.52371E-2 7.51743E-2 7.08845E-2 6.53932E-2 5.56681E-2 4.84212E-2 5.98711E-2 7.07333E-2 7.23443E-2 7.31355E-2 9.15016E-2 9.75433E-2 1.08509E-1 1.22025E-1 1.22128E-1 1.31283E-1 1.58936E-1 1.73087E-1 1.54001E-1 9.96851E-2 1.36875E-1
1.55758E-1 1.73672E-1 -9999 -9999 -9999 -9999 1.22637E-1 1.20406E-1 1.14437E-1 1.08706E-1 1.06394E-1 9.55232E-2 8.77137E-2 9.06653E-2 9.59994E-2 9.13757E-2 9.38519E-2 9.11428E-2 9.11428E-2 8.99288E-2 9.11428E-2 9.11384E-2 9.10731E-2 9.09471E-2 9.05138E-2 9.224E-2 9.46327E-2 8.77256E-2 9.37798E-2 9.81532E-2 9.92165E-2 1.08354E-1 1.13828E-1 1.22138E-1 1.35282E-1 1.38012E-1 1.30776E-1 1.2545E-1 1.20085E-1 1.15275E-1 1.17302E-1 1.16071E-1 1.06394E-1 1.00254E-1 8.49571E-2 6.96021E-2 7.13255E-2 7.13255E-2 7.07333E-2 7.42704E-2 7.33265E-2 7.10623E-2 7.37543E-2 8.66419E-2 9.81157E-2 1.05496E-1 9.70598E-2 1.18918E-1 1.33548E-1 1.4086E-1 1.67561E-1 1.74803E-1 1.8317E-1 1.50272E-1 1.62657E-1
9.37808E-2 1.48469E-1 -9999 -9999 -9999 -9999 1.16059E-1 1.13616E-1 1.1142E-1 1.08706E-1 1.06364E-1 1.00638E-1 1.00612E-1 9.87898E-2 9.60664E-2 9.42217E-2 9.36923E-2 9.26374E-2 9.09691E-2 8.82066E-2 9.02553E-2 9.00514E-2 9.11384E-2 8.90378E-2 9.09471E-2 9.28134E-2 9.63537E-2 9.52835E-2 9.6605E-2 9.84213E-2 1.01009E-1 1.0422E-1 1.10587E-1 1.1627E-1 1.23803E-1 1.30776E-1 1.28132E-1 1.2236E-1 1.14205E-1 1.07898E-1 1.15436E-1 1.15275E-1 1.10775E-1 9.40909E-2 8.67714E-2 7.56459E-2 7.26623E-2 5.5617E-2 6.20818E-2 7.37543E-2 7.39818E-2 8.21921E-2 8.95355E-2 9.81157E-2 1.0493E-1 1.0688E-1 1.17065E-1 1.31049E-1 1.3762E-1 1.40384E-1 1.68838E-1 1.76391E-1 1.87259E-1 1.88371E-1 1.63462E-1
-9999 1.54016E-1 -9999 -9999 -9999 -9999 1.12382E-1 1.12056E-1 1.07632E-1 1.05372E-1 1.05117E-1 9.84213E-2 9.85932E-2 9.69364E-2 9.42474E-2 9.42474E-2 9.40913E-2 9.10784E-2 8.9505E-2 8.92267E-2 8.90379E-2 8.80872E-2 8.79166E-2 8.99288E-2 9.01138E-2 9.11384E-2 9.09471E-2 9.42217E-2 9.47347E-2 9.36998E-2 9.74938E-2 9.91374E-2 1.03585E-1 1.09355E-1 1.11864E-1 1.12382E-1 1.10408E-1 1.09214E-1 1.08181E-1 1.06961E-1 1.10408E-1 1.04958E-1 1.01373E-1 9.6605E-2 9.21231E-2 8.7218E-2 8.11998E-2 7.5829E-2 8.36147E-2 8.45517E-2 8.21921E-2 8.93488E-2 9.55354E-2 1.03566E-1 1.07519E-1 1.11966E-1 1.1672E-1 1.25323E-1 1.36011E-1 1.53166E-1 1.60632E-1 1.71648E-1 1.89187E-1 1.86572E-1 1.8065E-1
-9999 1.21357E-1 -9999 -9999 -9999 -9999 -9999 -9999 -9999 1.03077E-1 -9999 9.80325E-2 9.8511E-2 9.41593E-2 9.34898E-2 9.41593E-2 9.26382E-2 8.9505E-2 8.9505E-2 8.84573E-2 8.89187E-2 8.90975E-2 8.749E-2 8.87402E-2 8.69016E-2 8.99397E-2 9.01138E-2 9.10863E-2 9.15911E-2 9.12923E-2 9.31824E-2 9.42474E-2 9.7326E-2 9.79891E-2 1.03002E-1 1.01866E-1 1.0633E-1 1.04709E-1 1.04146E-1 1.04958E-1 1.01866E-1 9.90911E-2 9.58109E-2 9.09336E-2 8.90379E-2 8.47959E-2 8.35816E-2 8.7218E-2 8.90378E-2 9.31413E-2 8.64481E-2 9.00801E-2 9.81157E-2 1.02152E-1 1.01628E-1 1.09936E-1 1.22025E-1 1.31024E-1 1.36385E-1 1.46401E-1 1.51516E-1 1.58936E-1 1.57436E-1 1.66873E-1 1.78878E-1
