KUENM/Final_Models/M_0.1_F_lq_Set_2_E/sp1_min.asc
ncols         197
nrows         210
xllcorner     56.1666666666667
yllcorner     4.5
cellsize      0.166666666666667
NODATA_value  -9999
[rows 56 to 83 of 210, columns 65 to 129 of 197]
3.7499E-7 4.0391E-7 1.79225E-4 1.65696E-2 3.18101E-2 4.42951E-2 8.69887E-3 1.97841E-4 5.08111E-4 1.04323E-2 2.39874E-2 2.78411E-2 2.59864E-2 1.45098E-2 1.01638E-2 1.82011E-3 7.06929E-3 2.10467E-2 8.20223E-3 1.36238E-1 1.09377E-1 8.25098E-2 7.32784E-2 7.50685E-2 7.50447E-2 7.41478E-2 8.06327E-2 8.45055E-2 8.25526E-2 7.68624E-2 7.87124E-2 7.86592E-2 8.83698E-2 9.76754E-2 1.1126E-1 1.14614E-1 1.17983E-1 1.22606E-1 1.36369E-1 1.55091E-1 1.84815E-1 2.06141E-1 2.14269E-1 2.40969E-1 3.03539E-1 3.81831E-1 4.20584E-1 4.32478E-1 4.17557E-1 4.65915E-1 4.95655E-1 5.14513E-1 5.28448E-1 5.55594E-1 5.42582E-1 5.33291E-1 5.66306E-1 4.84413E-1 3.73633E-1 2.43395E-1 1.23721E-1 4.16114E-2 9.35585E-4 4.75915E-5 7.89642E-5
1.02867E-5 1.68586E-4 2.37791E-3 6.07014E-2 1.23778E-1 1.45175E-1 1.39508E-1 2.0321E-2 9.53967E-3 2.23717E-2 3.36239E-2 8.08254E-3 7.19486E-3 4.6952E-3 4.90657E-3 1.97095E-2 1.90817E-2 8.51216E-3 6.08572E-2 1.42866E-1 1.12636E-1 9.06049E-2 8.15886E-2 7.59756E-2 7.41695E-2 7.32784E-2 7.59756E-2 7.50685E-2 7.32784E-2 7.23954E-2 7.06398E-2 7.50447E-2 8.15482E-2 9.15338E-2 9.78115E-2 1.066E-1 1.09874E-1 1.13167E-1 1.27655E-1 1.48599E-1 1.71769E-1 1.89488E-1 2.00583E-1 2.20176E-1 2.63257E-1 3.22559E-1 3.72245E-1 3.9693E-1 4.09071E-1 4.46504E-1 4.7249E-1 4.63182E-1 4.78942E-1 5.08659E-1 5.31186E-1 5.49668E-1 5.66054E-1 5.65402E-1 4.95433E-1 3.62422E-1 2.16141E-1 9.07368E-2 1.49346E-2 2.01781E-3 1.4489E-3
7.49789E-6 1.3976E-3 7.81193E-2 9.47513E-2 9.85975E-2 9.69801E-2 1.12889E-1 1.24234E-1 5.53618E-2 2.65939E-2 2.14345E-2 1.71559E-2 1.8878E-2 2.31504E-2 4.88703E-2 4.35621E-2 4.96805E-2 2.11799E-2 1.73168E-1 1.46109E-1 1.27965E-1 1.08282E-1 9.06049E-2 7.68908E-2 7.15204E-2 6.97941E-2 6.72637E-2 6.97941E-2 6.89428E-2 6.72637E-2 6.64359E-2 6.97941E-2 7.68908E-2 8.54944E-2 9.58403E-2 1.03477E-1 1.0909E-1 1.1364E-1 1.25753E-1 1.37181E-1 1.47689E-1 1.61969E-1 1.68778E-1 1.9024E-1 2.24456E-1 2.73226E-1 3.17154E-1 3.50276E-1 3.80571E-1 4.14414E-1 4.2827E-1 4.11278E-1 3.85521E-1 3.83875E-1 4.96114E-1 5.4411E-1 5.5522E-1 5.51785E-1 5.57952E-1 4.4308E-1 2.79519E-1 1.65303E-1 7.67659E-2 2.28975E-2 1.15107E-2
1.14305E-5 3.4471E-3 6.9269E-2 7.05833E-2 6.31796E-2 6.68695E-2 7.71895E-2 1.0123E-1 1.05104E-1 5.14364E-2 4.06654E-2 4.03532E-2 5.75412E-2 4.11571E-2 5.30363E-2 8.30299E-2 6.88587E-2 8.18881E-2 1.65936E-1 1.61797E-1 1.47214E-1 1.26819E-1 1.02525E-1 7.87454E-2 6.80892E-2 6.5601E-2 6.56158E-2 6.56158E-2 6.32019E-2 6.31827E-2 6.31827E-2 6.80892E-2 7.78246E-2 8.75308E-2 9.58965E-2 1.04803E-1 1.11735E-1 1.11446E-1 1.16256E-1 1.16052E-1 1.20722E-1 1.31889E-1 1.43969E-1 1.61019E-1 1.9413E-1 2.3385E-1 2.72717E-1 3.06284E-1 3.46769E-1 3.85857E-1 4.11836E-1 4.0545E-1 3.84197E-1 4.03841E-1 5.14748E-1 5.33167E-1 4.75091E-1 4.8978E-1 5.61638E-1 5.1368E-1 3.375E-1 2.38593E-1 1.71387E-1 8.44393E-2 5.52907E-2
1.29717E-5 2.26479E-4 4.61236E-2 5.39559E-2 5.11286E-2 5.41848E-2 6.239E-2 8.24491E-2 1.03685E-1 1.09192E-1 5.75153E-2 6.48795E-2 6.98112E-2 5.58689E-2 8.52062E-2 9.43862E-2 9.78499E-2 1.40453E-1 1.66393E-1 1.69368E-1 1.80579E-1 1.54626E-1 1.08282E-1 7.5982E-2 6.47871E-2 6.23919E-2 6.16309E-2 6.32019E-2 6.08568E-2 6.23919E-2 6.47871E-2 6.97625E-2 7.96942E-2 8.85525E-2 1.01466E-1 1.09527E-1 1.15556E-1 1.12933E-1 1.0691E-1 9.90172E-2 9.67293E-2 1.1126E-1 1.31209E-1 1.51369E-1 1.79637E-1 2.11125E-1 2.48601E-1 2.79214E-1 3.18345E-1 3.64062E-1 4.00984E-1 4.24953E-1 4.40282E-1 4.58432E-1 5.16393E-1 5.47963E-1 5.28282E-1 5.32128E-1 5.67965E-1 5.63911E-1 3.66562E-1 2.38085E-1 2.45171E-1 1.37039E-1 6.46162E-2
6.15817E-5 1.42246E-4 5.59404E-2 4.53872E-2 4.29122E-2 4.60408E-2 4.96538E-2 6.13275E-2 9.42553E-2 9.14425E-2 6.54658E-2 7.77543E-2 6.30305E-2 6.72234E-2 8.11218E-2 9.7946E-2 1.19298E-1 1.55947E-1 1.4699E-1 1.57568E-1 1.83766E-1 1.5882E-1 1.01399E-1 7.15172E-2 6.08334E-2 6.00655E-2 5.93051E-2 6.16089E-2 6.16089E-2 6.23549E-2 6.5569E-2 7.14551E-2 8.35328E-2 9.48368E-2 1.07219E-1 1.18126E-1 1.23148E-1 1.19274E-1 1.10644E-1 9.37043E-2 9.15338E-2 1.0909E-1 1.26027E-1 1.50334E-1 1.72445E-1 2.03593E-1 2.35615E-1 2.57354E-1 2.89303E-1 3.34006E-1 3.87952E-1 4.4844E-1 4.90298E-1 4.74651E-1 5.08803E-1 5.64705E-1 5.74708E-1 5.73127E-1 5.82646E-1 5.72162E-1 4.73393E-1 3.81212E-1 3.06626E-1 1.67056E-1 5.89496E-2
1.31113E-5 1.55737E-3 5.34746E-2 4.02892E-2 3.88822E-2 3.96781E-2 4.08826E-2 5.10052E-2 7.86744E-2 9.9857E-2 1.13764E-1 1.23207E-1 9.51902E-2 9.09199E-2 1.07741E-1 1.22927E-1 1.20107E-1 1.18895E-1 1.18091E-1 1.24485E-1 1.30987E-1 1.13119E-1 8.65229E-2 6.80892E-2 5.85522E-2 5.61771E-2 5.69795E-2 5.77908E-2 5.98024E-2 6.23549E-2 6.71759E-2 7.49696E-2 8.44814E-2 9.69717E-2 1.10766E-1 1.20656E-1 1.24485E-1 1.24485E-1 1.14387E-1 1.05954E-1 1.0819E-1 1.18895E-1 1.36805E-1 1.56444E-1 1.82213E-1 2.04236E-1 2.27798E-1 2.5129E-1 2.70763E-1 3.12576E-1 3.72643E-1 4.35287E-1 4.78355E-1 4.55813E-1 4.86378E-1 5.5537E-1 5.83635E-1 5.89885E-1 5.92595E-1 5.75492E-1 5.28139E-1 4.41165E-1 3.28317E-1 1.88234E-1 8.45509E-2
3.36676E-3 1.79534E-2 4.87607E-2 3.77894E-2 3.6178E-2 3.5619E-2 3.73094E-2 5.10769E-2 7.12204E-2 1.05869E-1 1.17433E-1 1.20499E-1 1.14457E-1 1.18991E-1 1.12668E-1 1.09203E-1 9.87621E-2 9.16406E-2 9.05923E-2 8.95525E-2 8.55154E-2 7.59688E-2 6.64226E-2 5.85522E-2 5.53836E-2 5.22979E-2 5.33814E-2 5.57222E-2 5.93042E-2 6.2714E-2 6.8468E-2 7.45973E-2 8.34309E-2 9.47271E-2 1.08337E-1 1.16857E-1 1.23214E-1 1.25783E-1 1.2703E-1 1.28247E-1 1.32079E-1 1.41395E-1 1.53871E-1 1.733E-1 1.88557E-1 2.14868E-1 2.34692E-1 2.53951E-1 2.77146E-1 3.15666E-1 3.54987E-1 3.96535E-1 4.35287E-1 4.57972E-1 5.00344E-1 5.49111E-1 5.83222E-1 6.02558E-1 5.99064E-1 6.00061E-1 5.8138E-1 4.75888E-1 3.2326E-1 1.97258E-1 1.20256E-1
5.14565E-4 4.14097E-2 3.96533E-2 3.77894E-2 3.88822E-2 3.67219E-2 3.83326E-2 5.13527E-2 8.5654E-2 1.21557E-1 1.31057E-1 1.21796E-1 1.11838E-1 9.91074E-2 9.55268E-2 8.7362E-2 7.59359E-2 6.63308E-2 6.45268E-2 6.24793E-2 5.96188E-2 5.18646E-2 4.86346E-2 4.58546E-2 4.86346E-2 4.8934E-2 5.03823E-2 5.36874E-2 5.68431E-2 6.13135E-2 6.78692E-2 7.45973E-2 8.53396E-2 9.47271E-2 1.03583E-1 1.15556E-1 1.24497E-1 1.2976E-1 1.3638E-1 1.45983E-1 1.60542E-1 1.63297E-1 1.76776E-1 1.92711E-1 2.0873E-1 2.31972E-1 2.53951E-1 2.71761E-1 2.91569E-1 3.31835E-1 3.69044E-1 3.86346E-1 4.16232E-1 4.56501E-1 5.10218E-1 5.56336E-1 5.60692E-1 5.43179E-1 5.74849E-1 5.80143E-1 6.03716E-1 4.59825E-1 3.10712E-1 2.11297E-1 1.74087E-1
2.77026E-3 5.1637E-2 4.15348E-2 4.11454E-2 4.05698E-2 4.23166E-2 4.92482E-2 7.36617E-2 1.30451E-1 1.64208E-1 1.57595E-1 1.28246E-1 1.02329E-1 8.63483E-2 7.69484E-2 6.63308E-2 6.04305E-2 5.31607E-2 4.71009E-2 4.48437E-2 4.26608E-2 3.99408E-2 3.82786E-2 4.12999E-2 4.47889E-2 4.5722E-2 4.92158E-2 5.32031E-2 5.71454E-2 6.24793E-2 6.88011E-2 7.69484E-2 8.46735E-2 9.5724E-2 1.04741E-1 1.15556E-1 1.27113E-1 1.3928E-1 1.49116E-1 1.69871E-1 1.87277E-1 1.91849E-1 1.98043E-1 2.12632E-1 2.32659E-1 2.61935E-1 2.86151E-1 3.07856E-1 3.26454E-1 3.65547E-1 3.88043E-1 3.98137E-1 4.08076E-1 4.56501E-1 5.20785E-1 5.6757E-1 5.49671E-1 5.23219E-1 5.58971E-1 5.71173E-1 6.0571E-1 5.67199E-1 4.34372E-1 3.0686E-1 2.51553E-1
7.19124E-3 5.59759E-2 4.53231E-2 4.23166E-2 4.59927E-2 5.26843E-2 6.92055E-2 1.19559E-1 2.27718E-1 2.53935E-1 1.70447E-1 1.12965E-1 8.47935E-2 6.83699E-2 5.85099E-2 5.20128E-2 4.81826E-2 4.26063E-2 3.58558E-2 3.64161E-2 3.51397E-2 3.60666E-2 3.64309E-2 3.87412E-2 4.24317E-2 4.50479E-2 4.94797E-2 5.32031E-2 5.82459E-2 6.24793E-2 6.81732E-2 7.62417E-2 8.57735E-2 9.68205E-2 1.05908E-1 1.18056E-1 1.31101E-1 1.44943E-1 1.50654E-1 1.74912E-1 1.99068E-1 2.12267E-1 2.18252E-1 2.40326E-1 2.66372E-1 3.04235E-1 3.46121E-1 3.67297E-1 3.72643E-1 3.98137E-1 4.22667E-1 4.20702E-1 4.01269E-1 4.52882E-1 5.23869E-1 5.47722E-1 5.35416E-1 5.2998E-1 5.23219E-1 5.92909E-1 6.04514E-1 5.98816E-1 5.59578E-1 4.39771E-1 3.34612E-1
5.45893E-3 5.33791E-2 4.73907E-2 4.47399E-2 4.92482E-2 5.85711E-2 7.83269E-2 1.3548E-1 2.59432E-1 2.57597E-1 1.41922E-1 8.98279E-2 6.58655E-2 5.46193E-2 4.99355E-2 4.55643E-2 4.27684E-2 3.90423E-2 3.60076E-2 3.42178E-2 3.47567E-2 3.51397E-2 3.66289E-2 3.89512E-2 4.20232E-2 4.39597E-2 4.97253E-2 5.27006E-2 5.85095E-2 6.45268E-2 7.22678E-2 7.82888E-2 8.80044E-2 9.79257E-2 1.0946E-1 1.21796E-1 1.39259E-1 1.52198E-1 1.58142E-1 1.75041E-1 1.99068E-1 2.19148E-1 2.37409E-1 2.72617E-1 3.10813E-1 3.61765E-1 4.13191E-1 4.42995E-1 4.30595E-1 4.55025E-1 4.67289E-1 4.66397E-1 4.64458E-1 4.96695E-1 5.29278E-1 4.95239E-1 5.06568E-1 5.66744E-1 5.68389E-1 5.93796E-1 6.07998E-1 6.17319E-1 6.01681E-1 5.45824E-1 4.23769E-1
2.01166E-2 3.56342E-2 5.73272E-2 4.60408E-2 5.13527E-2 5.71381E-2 7.28979E-2 9.82641E-2 1.27766E-1 1.11412E-1 7.48984E-2 5.81442E-2 4.73907E-2 4.39062E-2 4.05127E-2 4.05127E-2 3.97796E-2 3.90423E-2 3.54522E-2 3.43629E-2 3.47567E-2 3.53027E-2 3.68132E-2 3.91467E-2 4.16007E-2 4.48437E-2 4.92269E-2 5.37094E-2 5.95863E-2 6.66027E-2 7.62417E-2 8.46735E-2 9.14253E-2 1.00162E-1 1.0946E-1 1.24458E-1 1.43493E-1 1.73547E-1 1.88041E-1 1.99321E-1 2.1398E-1 2.34426E-1 2.61751E-1 3.05352E-1 3.52885E-1 4.09896E-1 4.55025E-1 4.88704E-1 4.92877E-1 4.99207E-1 5.13433E-1 5.10799E-1 5.29274E-1 5.47259E-1 5.61276E-1 5.37557E-1 5.48188E-1 5.71929E-1 5.90221E-1 5.97776E-1 6.1045E-1 6.07559E-1 6.17319E-1 5.79483E-1 4.47859E-1
5.45647E-3 3.36485E-2 5.9146E-2 4.73256E-2 4.93064E-2 5.34062E-2 5.79476E-2 6.34874E-2 6.51425E-2 5.26382E-2 4.08408E-2 3.71948E-2 3.66229E-2 3.59926E-2 3.70445E-2 3.7523E-2 3.7991E-2 3.78614E-2 3.55881E-2 3.54522E-2 3.4904E-2 3.64161E-2 3.91467E-2 4.16007E-2 4.50496E-2 4.8001E-2 5.16433E-2 5.71089E-2 6.3019E-2 7.22678E-2 8.03762E-2 8.80044E-2 1.00162E-1 1.07083E-1 1.14379E-1 1.21916E-1 1.29764E-1 1.58102E-1 1.97851E-1 2.21265E-1 2.41519E-1 2.61751E-1 2.93612E-1 3.36248E-1 3.81052E-1 4.35688E-1 4.77895E-1 5.12514E-1 5.2126E-1 5.20741E-1 5.28282E-1 5.3399E-1 5.25471E-1 5.63635E-1 5.83635E-1 5.93266E-1 6.01292E-1 6.05012E-1 6.12295E-1 6.06964E-1 6.08332E-1 6.12399E-1 6.02382E-1 5.59975E-1 4.88827E-1
1.73982E-2 2.83694E-2 6.05427E-2 4.67591E-2 4.75058E-2 4.74576E-2 4.74576E-2 4.6069E-2 4.33907E-2 3.72478E-2 3.28685E-2 3.03135E-2 2.98318E-2 3.22473E-2 3.32082E-2 3.47182E-2 3.58184E-2 3.51582E-2 3.50379E-2 3.43629E-2 3.714E-2 3.93275E-2 4.11645E-2 4.57251E-2 4.87124E-2 5.10897E-2 5.57111E-2 5.9809E-2 6.75226E-2 7.72602E-2 8.80044E-2 9.91243E-2 1.10728E-1 1.18108E-1 1.23196E-1 1.27089E-1 1.25727E-1 1.42006E-1 1.99068E-1 2.45089E-1 2.67922E-1 2.89048E-1 3.17391E-1 3.5784E-1 4.04933E-1 4.43466E-1 4.80638E-1 5.12514E-1 5.15289E-1 5.11126E-1 5.11012E-1 5.13231E-1 5.39043E-1 5.36064E-1 5.78843E-1 5.97602E-1 5.8332E-1 5.7169E-1 5.84795E-1 6.09019E-1 6.18985E-1 6.1345E-1 5.39653E-1 5.53672E-1 5.04142E-1
4.61057E-3 1.22845E-2 5.52475E-2 4.66932E-2 4.47136E-2 4.39858E-2 4.14077E-2 3.89547E-2 3.59926E-2 3.55012E-2 3.33435E-2 3.07452E-2 2.9777E-2 3.07452E-2 3.32082E-2 3.36464E-2 3.36464E-2 3.46132E-2 3.55881E-2 3.54522E-2 3.65701E-2 4.19681E-2 4.59167E-2 4.88966E-2 5.20128E-2 5.73229E-2 6.06561E-2 6.68497E-2 7.35161E-2 8.68838E-2 1.00245E-1 1.13153E-1 1.25801E-1 1.3379E-1 1.37838E-1 1.39126E-1 1.47558E-1 1.7273E-1 2.27401E-1 2.66104E-1 2.89903E-1 3.12055E-1 3.35648E-1 3.66742E-1 3.96519E-1 4.35999E-1 4.65231E-1 4.83982E-1 4.85228E-1 4.86967E-1 4.84076E-1 5.2406E-1 5.19726E-1 5.45625E-1 5.76323E-1 5.84645E-1 5.1017E-1 5.03121E-1 5.82477E-1 6.22738E-1 6.25705E-1 5.99502E-1 6.013E-1 5.80799E-1 5.01088E-1
1.63375E-2 3.30484E-2 5.23976E-2 4.80099E-2 4.46504E-2 4.13325E-2 3.94845E-2 3.76215E-2 3.64749E-2 3.7127E-2 3.82058E-2 3.81059E-2 3.43453E-2 3.42688E-2 3.42688E-2 3.47182E-2 3.63793E-2 3.7523E-2 3.62695E-2 3.78614E-2 3.90423E-2 4.52384E-2 5.23976E-2 5.58983E-2 6.1718E-2 6.68497E-2 6.68497E-2 7.22678E-2 8.35838E-2 9.8012E-2 1.13187E-1 1.36538E-1 1.47811E-1 1.52113E-1 1.57909E-1 1.59245E-1 1.74535E-1 1.98429E-1 2.36194E-1 2.6679E-1 2.94403E-1 3.24099E-1 3.39728E-1 3.64551E-1 3.87796E-1 4.16466E-1 4.49057E-1 4.73584E-1 4.82379E-1 5.04696E-1 5.17794E-1 5.26688E-1 5.2398E-1 5.58877E-1 5.66576E-1 5.51929E-1 4.62113E-1 5.21064E-1 5.78719E-1 6.1969E-1 5.97673E-1 5.85867E-1 6.03937E-1 6.03066E-1 5.61568E-1
2.07355E-2 5.71646E-2 5.06709E-2 4.80099E-2 4.51416E-2 4.51416E-2 4.17622E-2 3.98996E-2 3.92941E-2 3.98996E-2 4.101E-2 4.05127E-2 3.82058E-2 3.70445E-2 3.59126E-2 3.76215E-2 3.86962E-2 3.93971E-2 3.92941E-2 4.14953E-2 4.59167E-2 5.58157E-2 6.81732E-2 7.06002E-2 7.39731E-2 7.17987E-2 7.57581E-2 8.14352E-2 9.15203E-2 1.08396E-1 1.32397E-1 1.59402E-1 1.76625E-1 1.8288E-1 1.77899E-1 1.79262E-1 1.95456E-1 2.11871E-1 2.43302E-1 2.6559E-1 3.03674E-1 3.28679E-1 3.50726E-1 3.73017E-1 3.87796E-1 4.11546E-1 4.43944E-1 4.81517E-1 4.99619E-1 5.11932E-1 5.30258E-1 5.54898E-1 5.47959E-1 5.7261E-1 5.76309E-1 5.52836E-1 4.95154E-1 5.12522E-1 5.82846E-1 6.18256E-1 5.92956E-1 5.63204E-1 5.94989E-1 6.17664E-1 6.11416E-1
3.8049E-2 5.73253E-2 5.38382E-2 5.01748E-2 4.93362E-2 4.62472E-2 4.48896E-2 4.40731E-2 4.4223E-2 4.43558E-2 4.55643E-2 4.23987E-2 4.05127E-2 3.98996E-2 4.11336E-2 4.11336E-2 4.25094E-2 4.18713E-2 4.30431E-2 4.62472E-2 5.14292E-2 6.36391E-2 8.06699E-2 9.20552E-2 9.32246E-2 8.33147E-2 8.28052E-2 8.80044E-2 9.47271E-2 1.10766E-1 1.37838E-1 1.77679E-1 2.08859E-1 2.05473E-1 1.98771E-1 2.00438E-1 2.12267E-1 2.33147E-1 2.57694E-1 2.77786E-1 3.10206E-1 3.37889E-1 3.52553E-1 3.73457E-1 3.82785E-1 4.16466E-1 4.55035E-1 4.92877E-1 5.12514E-1 5.19412E-1 5.45375E-1 5.71216E-1 5.79524E-1 5.99176E-1 5.99474E-1 6.07152E-1 5.86248E-1 5.82846E-1 6.07315E-1 6.25925E-1 5.98592E-1 5.58273E-1 5.55758E-1 5.35839E-1 4.9378E-1
4.46448E-2 6.37543E-2 5.54093E-2 5.54093E-2 5.36996E-2 4.9062E-2 4.87124E-2 5.08977E-2 5.10897E-2 4.97868E-2 4.9062E-2 4.7079E-2 4.63858E-2 4.50243E-2 4.43558E-2 4.43558E-2 4.51416E-2 4.72013E-2 4.51416E-2 4.69384E-2 5.41352E-2 6.93913E-2 9.41012E-2 1.27079E-1 1.09365E-1 9.41012E-2 9.14253E-2 9.25805E-2 9.8012E-2 1.10728E-1 1.3379E-1 1.70064E-1 2.00438E-1 2.08477E-1 2.08477E-1 2.10171E-1 2.27862E-1 2.58287E-1 2.82167E-1 3.12959E-1 3.34969E-1 3.54377E-1 3.65277E-1 3.62761E-1 3.79314E-1 4.2702E-1 4.68165E-1 4.93946E-1 5.13802E-1 5.26405E-1 5.57178E-1 5.84944E-1 6.03716E-1 6.12818E-1 6.03416E-1 6.10895E-1 6.22282E-1 6.06513E-1 6.1345E-1 6.28298E-1 6.04799E-1 5.57925E-1 5.27529E-1 5.06427E-1 4.47659E-1
4.99111E-2 6.71351E-2 6.11947E-2 5.86601E-2 5.76855E-2 5.57111E-2 5.47132E-2 5.87513E-2 5.81424E-2 5.41352E-2 5.25949E-2 5.20128E-2 5.29293E-2 4.99355E-2 4.99355E-2 4.92086E-2 4.93362E-2 5.00649E-2 5.00649E-2 5.21678E-2 5.89711E-2 7.12992E-2 1.00245E-1 1.16882E-1 1.07155E-1 9.69083E-2 9.58785E-2 1.02568E-1 1.05982E-1 1.15613E-1 1.37918E-1 1.6545E-1 1.87532E-1 2.09195E-1 2.12267E-1 2.29151E-1 2.55176E-1 2.87728E-1 3.1567E-1 3.40766E-1 3.69439E-1 3.77872E-1 3.77872E-1 3.76998E-1 4.06583E-1 4.57913E-1 4.94242E-1 5.09008E-1 5.20908E-1 5.38919E-1 5.56575E-1 5.88686E-1 6.15485E-1 6.22093E-1 6.15793E-1 6.17771E-1 5.86479E-1 5.77915E-1 6.05654E-1 6.24268E-1 6.03066E-1 5.22439E-1 5.08666E-1 5.11042E-1 4.61846E-1
6.76597E-2 7.11499E-2 6.5749E-2 6.56073E-2 6.27709E-2 6.52489E-2 6.41384E-2 6.32537E-2 6.15126E-2 6.15126E-2 5.91685E-2 5.76855E-2 5.76855E-2 5.5267E-2 5.5267E-2 5.36996E-2 5.46193E-2 5.38382E-2 5.46193E-2 5.85099E-2 6.52489E-2 7.75435E-2 9.15203E-2 9.80735E-2 9.25805E-2 8.94256E-2 1.01461E-1 1.09569E-1 1.16802E-1 1.21796E-1 1.40699E-1 1.65688E-1 1.95982E-1 2.19854E-1 2.35749E-1 2.62989E-1 2.99515E-1 3.32994E-1 3.55667E-1 3.79097E-1 3.86261E-1 4.02164E-1 4.06027E-1 3.96226E-1 4.41465E-1 5.24392E-1 5.27048E-1 5.07773E-1 5.12444E-1 5.32416E-1 5.58311E-1 5.88033E-1 6.25958E-1 6.04351E-1 6.19935E-1 6.13766E-1 5.74912E-1 5.97883E-1 5.70351E-1 5.69779E-1 5.40404E-1 5.02467E-1 5.01088E-1 4.39341E-1 3.93166E-1
7.58714E-2 7.47148E-2 7.86744E-2 7.21903E-2 7.02604E-2 7.08336E-2 6.98785E-2 6.59363E-2 6.32537E-2 6.34645E-2 6.27709E-2 6.18999E-2 6.10384E-2 6.10384E-2 6.01863E-2 6.01863E-2 6.03405E-2 6.11947E-2 6.38137E-2 6.45411E-2 7.10405E-2 7.98783E-2 8.97478E-2 9.64856E-2 9.46362E-2 9.90397E-2 1.13153E-1 1.21796E-1 1.28246E-1 1.32165E-1 1.44859E-1 1.67321E-1 1.9953E-1 2.34817E-1 2.82934E-1 3.35569E-1 3.68336E-1 3.86935E-1 3.99694E-1 4.05783E-1 4.0869E-1 4.07392E-1 4.06027E-1 4.21627E-1 4.33728E-1 5.47875E-1 5.12559E-1 4.62346E-1 5.03635E-1 5.3697E-1 5.65118E-1 6.06565E-1 6.3422E-1 5.94008E-1 5.86496E-1 5.77653E-1 5.75359E-1 5.57092E-1 4.88564E-1 4.79256E-1 4.51565E-1 4.54701E-1 4.83976E-1 4.44292E-1 3.80713E-1
8.23519E-2 8.33008E-2 8.23519E-2 8.44574E-2 7.65216E-2 7.9008E-2 7.29856E-2 6.89331E-2 6.52489E-2 6.45411E-2 6.47057E-2 6.56073E-2 6.74394E-2 6.74394E-2 6.74394E-2 6.63496E-2 6.63496E-2 6.74394E-2 7.02604E-2 7.29856E-2 7.90612E-2 8.7733E-2 9.67958E-2 1.10568E-1 1.19319E-1 1.26918E-1 1.37678E-1 1.43328E-1 1.45621E-1 1.45621E-1 1.54551E-1 1.67257E-1 1.982E-1 2.44217E-1 3.10704E-1 3.96931E-1 4.35429E-1 4.3971E-1 4.43828E-1 4.43245E-1 4.2892E-1 4.05192E-1 4.37989E-1 4.7087E-1 4.64458E-1 4.69175E-1 4.24263E-1 4.53074E-1 5.25537E-1 5.62245E-1 5.85776E-1 6.25076E-1 6.35428E-1 5.98414E-1 5.64579E-1 5.26233E-1 5.09414E-1 5.10982E-1 4.42914E-1 4.1115E-1 4.66395E-1 4.84956E-1 4.0478E-1 4.105E-1 3.39466E-1
9.05945E-2 8.8288E-2 8.76001E-2 8.8288E-2 8.54436E-2 8.45368E-2 7.51597E-2 7.31701E-2 6.93103E-2 7.13733E-2 7.13733E-2 7.43186E-2 7.53203E-2 7.63322E-2 7.71895E-2 7.39731E-2 7.59781E-2 7.59781E-2 7.92598E-2 8.35229E-2 9.11559E-2 9.95101E-2 1.14116E-1 1.29675E-1 1.47825E-1 1.65344E-1 1.66762E-1 1.73112E-1 1.64954E-1 1.58782E-1 1.5246E-1 1.60004E-1 2.00506E-1 2.67763E-1 3.43585E-1 4.12855E-1 4.63331E-1 4.8837E-1 4.87532E-1 4.81627E-1 4.60234E-1 4.55639E-1 4.8392E-1 5.23869E-1 5.06446E-1 4.56501E-1 4.58584E-1 4.93224E-1 5.66061E-1 5.99013E-1 6.16155E-1 6.29892E-1 6.37443E-1 5.99808E-1 5.51104E-1 4.51638E-1 3.85343E-1 4.5249E-1 4.44691E-1 4.84575E-1 4.7391E-1 4.04823E-1 4.49455E-1 3.27429E-1 2.4611E-1
9.68373E-2 9.56554E-2 9.37285E-2 9.60447E-2 9.32663E-2 9.06238E-2 8.13708E-2 7.74894E-2 7.3055E-2 7.39724E-2 7.85232E-2 8.36594E-2 8.5699E-2 8.81366E-2 8.57163E-2 8.66129E-2 8.66129E-2 8.88635E-2 9.23178E-2 9.73094E-2 1.04516E-1 1.12344E-1 1.25469E-1 1.46299E-1 1.75184E-1 2.10256E-1 2.08467E-1 1.96536E-1 1.8655E-1 1.63703E-1 1.46763E-1 1.68347E-1 2.27758E-1 3.00819E-1 3.77192E-1 4.40494E-1 4.92652E-1 5.27773E-1 5.29044E-1 5.12475E-1 4.95181E-1 4.92875E-1 4.90445E-1 4.97957E-1 4.87691E-1 4.55608E-1 5.34711E-1 5.54017E-1 5.79334E-1 6.17148E-1 6.31586E-1 6.37362E-1 6.38095E-1 6.10501E-1 5.60416E-1 4.65967E-1 3.69534E-1 4.65756E-1 4.79862E-1 4.25338E-1 3.99233E-1 4.3133E-1 3.98286E-1 2.98437E-1 2.53635E-1
9.64077E-2 9.87621E-2 1.01464E-1 1.01464E-1 9.801E-2 9.70249E-2 9.11559E-2 8.36594E-2 7.65947E-2 7.75401E-2 8.35309E-2 9.6355E-2 1.02133E-1 1.03301E-1 9.85266E-2 9.61028E-2 9.55948E-2 1.00462E-1 1.04516E-1 1.12344E-1 1.2027E-1 1.26791E-1 1.39077E-1 1.55032E-1 1.89824E-1 2.49915E-1 2.67872E-1 2.32245E-1 2.07727E-1 1.74816E-1 1.7716E-1 2.18116E-1 3.04604E-1 3.49882E-1 4.11454E-1 4.71323E-1 5.24615E-1 5.59181E-1 5.65522E-1 5.53113E-1 5.3466E-1 5.08803E-1 4.79575E-1 5.06962E-1 5.15995E-1 5.27877E-1 5.71077E-1 5.90981E-1 5.90468E-1 6.21078E-1 6.05763E-1 6.13698E-1 6.22542E-1 6.13905E-1 5.93571E-1 5.72616E-1 5.24087E-1 4.36905E-1 3.63557E-1 3.17653E-1 2.91858E-1 4.18597E-1 3.14574E-1 2.88903E-1 2.51553E-1
1.01033E-1 1.0235E-1 1.08222E-1 1.05455E-1 1.07025E-1 1.05908E-1 9.63036E-2 8.76207E-2 7.78537E-2 8.10003E-2 9.25261E-2 1.13881E-1 1.27009E-1 1.2059E-1 1.15542E-1 1.05794E-1 1.06783E-1 1.14116E-1 1.21557E-1 1.3353E-1 1.40486E-1 1.46204E-1 1.55032E-1 1.65701E-1 1.84727E-1 2.31428E-1 2.41218E-1 2.36596E-1 2.1966E-1 2.05935E-1 2.22443E-1 3.25595E-1 4.23797E-1 3.97215E-1 4.50478E-1 5.13784E-1 5.54472E-1 5.81239E-1 5.92555E-1 5.92085E-1 5.70206E-1 4.8997E-1 4.93949E-1 5.25266E-1 5.50027E-1 5.76925E-1 6.092E-1 6.24851E-1 6.30667E-1 6.18529E-1 5.38993E-1 5.43667E-1 5.5642E-1 5.83821E-1 5.91718E-1 6.18437E-1 5.81805E-1 4.58787E-1 3.51543E-1 2.87629E-1 2.57327E-1 3.7458E-1 2.77731E-1 2.59171E-1 2.5907E-1
