KUENM/Final_Models/M_0.1_F_lq_Set_2_E/sp1_stddev.asc
ncols         197
nrows         210
xllcorner     56.1666666666667
yllcorner     4.5
cellsize      0.166666666666667
NODATA_value  -9999
[rows 84 to 111 of 210, columns 65 to 129 of 197]
3.90349E-2 3.93892E-2 3.86783E-2 3.94511E-2 4.17923E-2 4.27624E-2 4.32897E-2 4.29523E-2 4.28466E-2 4.39902E-2 4.58296E-2 4.82153E-2 4.9357E-2 4.88331E-2 4.65731E-2 4.37174E-2 4.3572E-2 4.5822E-2 4.80207E-2 4.96151E-2 5.0589E-2 5.07181E-2 5.13248E-2 5.19658E-2 5.2331E-2 5.50639E-2 5.69261E-2 5.7503E-2 5.79806E-2 5.80016E-2 5.69933E-2 5.09277E-2 4.64012E-2 4.53571E-2 4.00417E-2 3.15922E-2 2.42735E-2 1.87098E-2 1.42422E-2 1.1383E-2 2.63317E-2 3.90752E-2 2.88475E-2 2.34874E-2 1.86737E-2 1.36444E-2 1.11055E-2 1.57473E-2 1.57047E-2 2.19652E-2 3.23898E-2 3.06757E-2 2.60145E-2 2.65064E-2 2.19287E-2 1.7057E-2 1.94129E-2 3.1529E-2 4.27912E-2 5.35138E-2 5.86939E-2 4.82559E-2 5.71881E-2 6.00647E-2 5.93838E-2
4.12252E-2 3.97646E-2 3.94173E-2 4.11493E-2 4.34048E-2 4.44018E-2 4.46596E-2 4.53632E-2 4.54565E-2 4.60113E-2 4.8282E-2 4.96005E-2 5.07416E-2 5.08999E-2 4.88331E-2 4.67716E-2 4.62088E-2 4.80207E-2 5.04574E-2 5.23392E-2 5.28172E-2 5.28872E-2 5.31395E-2 5.36871E-2 5.51241E-2 5.64618E-2 5.71473E-2 5.80643E-2 5.79983E-2 5.78369E-2 5.67118E-2 5.3931E-2 4.89649E-2 4.03898E-2 3.22275E-2 2.23174E-2 1.65546E-2 1.35007E-2 9.18091E-3 1.87964E-2 4.65098E-2 3.00798E-2 2.33558E-2 1.96457E-2 1.56069E-2 1.22624E-2 1.53712E-2 2.18429E-2 2.55424E-2 3.57602E-2 4.16334E-2 3.02885E-2 2.50416E-2 3.3973E-2 3.13757E-2 3.0414E-2 3.46811E-2 3.68208E-2 4.2018E-2 5.17394E-2 5.93362E-2 5.09496E-2 5.89384E-2 6.09394E-2 6.10342E-2
4.2681E-2 4.23528E-2 4.25192E-2 4.2197E-2 4.46201E-2 4.62083E-2 4.68213E-2 4.67543E-2 4.74137E-2 4.80676E-2 4.94828E-2 4.98611E-2 5.05733E-2 5.12169E-2 5.02141E-2 4.89976E-2 4.98969E-2 5.07181E-2 5.25906E-2 5.3576E-2 5.36908E-2 5.37056E-2 5.42402E-2 5.52534E-2 5.62132E-2 5.7087E-2 5.73285E-2 5.75896E-2 5.70673E-2 5.5514E-2 5.3639E-2 4.96949E-2 4.32328E-2 3.43656E-2 2.4343E-2 1.10345E-2 7.34516E-3 8.09006E-3 3.34484E-2 7.65411E-2 4.38407E-2 2.43322E-2 2.05063E-2 1.82658E-2 1.8878E-2 1.77663E-2 2.02464E-2 2.8195E-2 3.26739E-2 4.69692E-2 5.38953E-2 5.33697E-2 4.21595E-2 3.14639E-2 3.43918E-2 4.10268E-2 4.84637E-2 4.7629E-2 4.80767E-2 5.63252E-2 6.109E-2 5.99823E-2 6.09343E-2 6.16128E-2 6.14302E-2
4.33514E-2 4.4714E-2 4.45573E-2 4.50214E-2 4.64463E-2 4.75422E-2 4.82288E-2 4.85361E-2 4.92149E-2 4.97901E-2 5.05701E-2 5.07416E-2 5.10596E-2 5.13717E-2 5.12992E-2 5.13247E-2 5.20093E-2 5.25096E-2 5.34346E-2 5.37389E-2 5.36324E-2 5.41083E-2 5.49022E-2 5.52354E-2 5.60092E-2 5.6646E-2 5.6625E-2 5.54358E-2 5.42145E-2 5.10443E-2 4.534E-2 4.05636E-2 2.76591E-2 2.20344E-2 1.10016E-2 1.25534E-2 1.17728E-2 2.70903E-2 6.78481E-2 5.91709E-2 3.44301E-2 2.51847E-2 1.88547E-2 1.7606E-2 2.08988E-2 2.59406E-2 3.47428E-2 3.8416E-2 3.81886E-2 4.40652E-2 5.27241E-2 5.6718E-2 5.40002E-2 4.2458E-2 3.44509E-2 4.83136E-2 5.48282E-2 5.5959E-2 5.69061E-2 6.1475E-2 6.11415E-2 5.8214E-2 5.98659E-2 6.05731E-2 6.01851E-2
4.23118E-2 4.44634E-2 4.54884E-2 4.61496E-2 4.74987E-2 4.89418E-2 4.95417E-2 5.00657E-2 5.04064E-2 5.07378E-2 5.15241E-2 5.10596E-2 5.11515E-2 5.15869E-2 5.20985E-2 5.25319E-2 5.32257E-2 5.38894E-2 5.42005E-2 5.41796E-2 5.43366E-2 5.39563E-2 5.4471E-2 5.48194E-2 5.5419E-2 5.50125E-2 5.36037E-2 5.1173E-2 4.81641E-2 4.25E-2 3.37547E-2 2.62507E-2 1.1484E-2 1.17698E-2 2.25072E-2 2.93971E-2 3.74789E-2 5.48713E-2 7.23904E-2 6.35648E-2 3.75795E-2 2.23899E-2 1.7165E-2 1.7603E-2 2.402E-2 3.24316E-2 4.28592E-2 4.88691E-2 4.89663E-2 5.22313E-2 5.55714E-2 5.66261E-2 5.538E-2 4.50325E-2 4.98073E-2 5.46119E-2 5.78841E-2 5.8419E-2 6.10047E-2 6.30912E-2 5.90278E-2 4.56759E-2 4.77402E-2 5.78056E-2 5.95188E-2
-9999 4.41094E-2 4.54884E-2 4.66537E-2 4.80826E-2 4.91611E-2 4.98969E-2 5.06096E-2 5.14443E-2 5.1727E-2 5.19995E-2 5.10014E-2 5.1727E-2 5.26349E-2 5.32677E-2 5.39088E-2 5.38894E-2 5.41818E-2 5.4727E-2 5.44641E-2 5.43617E-2 5.49365E-2 5.43436E-2 5.3982E-2 5.38519E-2 5.13161E-2 4.86327E-2 4.43089E-2 3.96998E-2 3.36255E-2 2.64063E-2 1.87628E-2 1.28848E-2 6.63769E-3 4.08372E-2 3.42599E-2 5.28256E-2 5.89208E-2 6.07361E-2 6.24554E-2 3.58964E-2 2.31684E-2 2.12124E-2 3.0118E-2 3.70282E-2 4.46911E-2 4.75761E-2 5.17619E-2 5.69637E-2 5.91703E-2 5.86538E-2 5.47949E-2 5.49919E-2 5.04853E-2 5.91496E-2 6.29228E-2 6.12538E-2 6.0726E-2 6.2251E-2 6.27168E-2 5.69946E-2 4.19854E-2 4.6397E-2 5.75213E-2 6.06491E-2
-9999 4.48098E-2 4.58014E-2 4.66364E-2 4.86866E-2 4.97254E-2 5.07181E-2 5.15431E-2 5.20093E-2 5.27769E-2 5.27769E-2 5.26706E-2 5.29815E-2 5.36106E-2 5.40412E-2 5.4416E-2 5.46539E-2 5.475E-2 5.52005E-2 5.52843E-2 5.50861E-2 5.42431E-2 5.08722E-2 5.07598E-2 4.9245E-2 4.73843E-2 4.35431E-2 3.7229E-2 3.34709E-2 2.75754E-2 2.015E-2 1.53137E-2 5.06748E-3 1.41706E-2 3.49795E-2 6.163E-2 5.4194E-2 6.07756E-2 5.80123E-2 6.1154E-2 2.49222E-2 1.11055E-2 1.55605E-2 3.61091E-2 4.73357E-2 5.46499E-2 5.87993E-2 5.91663E-2 5.89682E-2 5.7331E-2 5.37914E-2 5.04825E-2 4.90789E-2 5.23366E-2 6.19053E-2 6.36613E-2 6.32654E-2 6.05019E-2 6.36506E-2 6.02269E-2 5.8238E-2 5.33029E-2 5.53953E-2 5.99639E-2 6.11415E-2
-9999 4.49471E-2 4.64208E-2 4.7536E-2 4.87426E-2 4.97618E-2 5.09601E-2 5.21579E-2 5.29544E-2 5.3843E-2 5.3933E-2 5.44979E-2 5.45686E-2 5.46282E-2 5.46768E-2 5.52155E-2 5.52534E-2 5.57112E-2 5.5559E-2 5.55419E-2 5.49089E-2 5.2786E-2 4.88477E-2 4.86717E-2 4.60964E-2 4.25077E-2 3.81273E-2 3.32805E-2 3.05317E-2 2.53442E-2 1.8576E-2 1.23444E-2 7.29578E-3 3.00649E-2 5.98398E-2 6.09241E-2 5.33006E-2 6.14708E-2 6.17236E-2 5.423E-2 1.61328E-2 7.12716E-3 9.46043E-3 3.27565E-2 4.10531E-2 5.37604E-2 6.01931E-2 6.1438E-2 6.03275E-2 5.77143E-2 5.27241E-2 5.03874E-2 4.90789E-2 5.60568E-2 6.23379E-2 6.35747E-2 6.33242E-2 6.35425E-2 6.35568E-2 5.86093E-2 6.05512E-2 6.14594E-2 6.12567E-2 6.14511E-2 6.18756E-2
-9999 -9999 4.65961E-2 4.79393E-2 4.89666E-2 5.02583E-2 5.15025E-2 5.274E-2 5.31678E-2 5.37058E-2 5.39391E-2 5.37598E-2 5.38082E-2 5.45017E-2 5.45017E-2 5.50179E-2 5.51114E-2 5.55884E-2 5.53308E-2 5.52273E-2 5.42431E-2 5.16331E-2 4.95855E-2 4.68991E-2 4.3327E-2 3.90893E-2 3.46927E-2 2.88663E-2 2.66192E-2 2.44146E-2 1.80477E-2 1.35517E-2 7.39544E-3 1.97146E-2 4.77025E-2 5.35504E-2 5.43061E-2 6.1747E-2 5.19617E-2 2.42363E-2 7.88621E-3 9.18041E-3 5.32282E-3 1.62119E-2 2.21807E-2 4.60616E-2 6.1438E-2 6.1806E-2 6.05556E-2 5.82931E-2 5.31596E-2 4.67668E-2 5.10544E-2 5.95081E-2 6.21611E-2 6.26701E-2 6.23582E-2 6.32344E-2 6.19025E-2 5.89284E-2 6.17875E-2 6.27483E-2 6.09343E-2 6.18763E-2 6.18211E-2
-9999 -9999 4.75045E-2 4.88622E-2 4.95376E-2 5.07831E-2 5.17681E-2 5.26633E-2 5.29802E-2 5.19065E-2 5.09641E-2 5.09607E-2 5.16259E-2 5.29624E-2 5.3542E-2 5.43617E-2 5.33555E-2 5.332E-2 5.5375E-2 5.38834E-2 5.23045E-2 4.99472E-2 4.50199E-2 4.33355E-2 3.90246E-2 3.53074E-2 3.10244E-2 2.70812E-2 2.35592E-2 2.25595E-2 1.80234E-2 1.5554E-2 1.23444E-2 1.04762E-2 3.27881E-2 5.37098E-2 5.93982E-2 5.87111E-2 5.03874E-2 2.61282E-2 5.58112E-3 1.28861E-2 1.10727E-2 1.02225E-2 2.55262E-2 5.07677E-2 6.16252E-2 6.19045E-2 6.05655E-2 5.83963E-2 5.35781E-2 5.09804E-2 6.04429E-2 6.22766E-2 6.20855E-2 6.18779E-2 6.25817E-2 6.37359E-2 6.21453E-2 5.81354E-2 6.08545E-2 6.28637E-2 6.09407E-2 6.24643E-2 5.25695E-2
-9999 -9999 -9999 4.90507E-2 5.00154E-2 5.12934E-2 5.21203E-2 5.18799E-2 5.15797E-2 4.88202E-2 4.565E-2 4.40435E-2 4.73487E-2 4.98553E-2 5.27787E-2 5.42893E-2 5.47598E-2 5.52291E-2 5.55272E-2 5.42566E-2 5.16731E-2 4.81283E-2 4.37353E-2 4.10088E-2 3.69058E-2 3.34342E-2 3.1873E-2 2.88663E-2 2.72156E-2 2.21939E-2 1.62588E-2 1.46589E-2 1.26338E-2 1.05762E-2 2.39485E-2 4.7931E-2 5.75425E-2 5.09432E-2 4.78819E-2 4.15011E-2 1.70681E-2 6.54181E-3 1.12274E-2 2.32182E-2 4.92755E-2 5.55418E-2 6.26786E-2 6.19822E-2 5.94448E-2 5.59485E-2 5.64706E-2 5.66795E-2 6.06762E-2 6.12286E-2 6.12133E-2 6.28254E-2 6.37883E-2 6.29234E-2 5.97701E-2 5.4238E-2 5.3371E-2 6.24256E-2 6.24269E-2 5.93826E-2 3.85284E-2
-9999 -9999 -9999 -9999 -9999 -9999 -9999 5.06075E-2 4.93124E-2 4.54792E-2 4.14751E-2 3.87928E-2 4.06174E-2 4.50359E-2 5.06059E-2 5.47391E-2 5.2754E-2 5.45602E-2 5.5375E-2 5.25475E-2 4.69675E-2 4.16433E-2 3.71442E-2 3.55633E-2 3.48342E-2 3.31899E-2 3.07327E-2 2.90783E-2 2.64168E-2 2.28249E-2 1.76276E-2 1.41539E-2 1.27394E-2 1.42911E-2 2.04194E-2 3.42808E-2 4.71495E-2 4.71495E-2 4.45682E-2 3.62785E-2 1.91992E-2 1.33247E-2 1.84757E-2 4.3921E-2 6.45165E-2 6.41365E-2 6.24902E-2 6.15263E-2 5.98767E-2 5.85958E-2 5.98767E-2 5.99656E-2 6.10503E-2 6.04429E-2 6.23369E-2 6.32451E-2 6.18425E-2 6.00282E-2 5.5264E-2 4.40432E-2 4.31671E-2 5.5304E-2 6.12937E-2 4.76506E-2 2.27897E-2
-9999 -9999 -9999 -9999 -9999 -9999 -9999 -9999 4.77756E-2 4.47496E-2 4.17751E-2 3.86353E-2 3.51106E-2 3.67526E-2 4.32508E-2 5.122E-2 5.41584E-2 5.37598E-2 5.28444E-2 4.82021E-2 4.05636E-2 3.37973E-2 3.40632E-2 3.45878E-2 3.31273E-2 3.17289E-2 2.93492E-2 2.73658E-2 2.41323E-2 2.11637E-2 1.62269E-2 1.40662E-2 1.73629E-2 2.02465E-2 1.97826E-2 2.43672E-2 3.56824E-2 3.85424E-2 3.79875E-2 3.77178E-2 3.31813E-2 2.54978E-2 2.29953E-2 4.63223E-2 6.41075E-2 6.38707E-2 6.1167E-2 6.03719E-2 6.24782E-2 6.23161E-2 6.16252E-2 6.10503E-2 6.13484E-2 6.13484E-2 6.23158E-2 5.6848E-2 5.35149E-2 5.37372E-2 4.84817E-2 3.14158E-2 2.39048E-2 3.16969E-2 4.0011E-2 2.87117E-2 1.6062E-2
-9999 -9999 -9999 -9999 -9999 -9999 -9999 -9999 -9999 4.36874E-2 4.1447E-2 3.82955E-2 3.4621E-2 3.23053E-2 3.59711E-2 4.13168E-2 4.32192E-2 4.4355E-2 4.56718E-2 4.30632E-2 4.05968E-2 3.69932E-2 3.49014E-2 3.38975E-2 3.10244E-2 3.01736E-2 2.74945E-2 2.56201E-2 2.46714E-2 2.0543E-2 1.64119E-2 1.70557E-2 2.59592E-2 3.00336E-2 2.32351E-2 2.64661E-2 3.87002E-2 4.31477E-2 3.90802E-2 4.10883E-2 5.04649E-2 5.51621E-2 4.58985E-2 5.47866E-2 6.21933E-2 6.09294E-2 6.35828E-2 6.28673E-2 6.21145E-2 6.20273E-2 6.11936E-2 6.07585E-2 6.10907E-2 6.20704E-2 5.87651E-2 4.59532E-2 4.49104E-2 4.74848E-2 4.14719E-2 2.06481E-2 6.81504E-3 1.22067E-2 1.79983E-2 1.67502E-2 1.15418E-2
-9999 -9999 -9999 -9999 -9999 -9999 -9999 -9999 -9999 4.27441E-2 4.09508E-2 3.8125E-2 3.53093E-2 3.34356E-2 3.41087E-2 3.56164E-2 3.69684E-2 4.02821E-2 4.30631E-2 4.25012E-2 3.88752E-2 3.56349E-2 3.19847E-2 2.97827E-2 2.746E-2 2.60681E-2 2.50001E-2 2.43775E-2 2.66811E-2 2.20629E-2 1.62507E-2 1.98203E-2 2.43453E-2 3.32385E-2 3.25095E-2 3.65072E-2 4.66377E-2 5.21512E-2 5.02158E-2 5.45108E-2 6.21303E-2 6.33131E-2 6.0659E-2 6.24995E-2 6.40017E-2 6.36707E-2 6.34579E-2 6.32712E-2 6.28825E-2 6.19822E-2 5.94116E-2 5.99823E-2 6.19349E-2 5.84949E-2 4.54997E-2 3.28425E-2 3.64678E-2 4.40963E-2 4.2795E-2 2.56187E-2 9.49209E-3 7.76147E-3 9.98224E-3 9.74004E-3 5.64758E-3
-9999 -9999 -9999 -9999 -9999 -9999 -9999 -9999 -9999 -9999 -9999 3.85816E-2 3.73732E-2 3.57151E-2 3.63299E-2 3.68522E-2 3.81996E-2 4.06303E-2 4.11902E-2 4.01353E-2 3.71442E-2 3.32945E-2 2.71216E-2 2.34898E-2 2.18469E-2 2.18469E-2 2.14471E-2 2.28053E-2 2.47248E-2 2.02429E-2 1.80903E-2 2.83549E-2 2.70984E-2 3.01044E-2 4.32038E-2 4.91176E-2 4.5156E-2 4.97759E-2 5.40964E-2 6.00705E-2 6.41126E-2 6.35775E-2 5.98868E-2 5.31774E-2 5.1911E-2 5.34063E-2 6.0582E-2 6.23776E-2 6.23484E-2 6.16349E-2 5.89253E-2 6.01433E-2 6.07223E-2 5.27249E-2 3.79142E-2 3.03287E-2 3.23347E-2 3.73088E-2 3.93141E-2 3.10759E-2 1.99835E-2 1.32796E-2 9.74004E-3 5.27941E-3 3.44237E-3
-9999 -9999 -9999 -9999 -9999 -9999 -9999 -9999 -9999 -9999 -9999 -9999 -9999 3.65041E-2 3.69784E-2 3.68034E-2 3.69562E-2 -9999 -9999 3.40164E-2 3.40568E-2 3.13906E-2 2.22309E-2 1.88115E-2 1.73832E-2 1.81739E-2 1.95308E-2 2.29016E-2 2.2285E-2 1.88577E-2 1.84359E-2 3.3758E-2 2.85691E-2 3.55264E-2 5.62035E-2 6.17824E-2 4.78541E-2 4.60598E-2 5.60824E-2 6.37082E-2 6.27511E-2 6.31877E-2 6.18089E-2 4.88845E-2 4.40099E-2 4.3747E-2 5.76604E-2 6.16654E-2 6.19077E-2 6.17716E-2 6.13045E-2 6.14033E-2 5.85904E-2 5.04306E-2 4.1723E-2 3.26382E-2 3.39644E-2 4.2009E-2 4.90707E-2 4.41109E-2 3.36423E-2 2.69313E-2 1.83027E-2 1.02785E-2 6.93591E-3
-9999 -9999 -9999 -9999 -9999 -9999 -9999 -9999 -9999 -9999 -9999 -9999 -9999 3.49654E-2 3.4621E-2 -9999 -9999 2.54736E-2 2.44792E-2 2.49263E-2 2.46654E-2 2.76976E-2 1.74701E-2 1.25641E-2 1.30157E-2 1.3467E-2 1.7745E-2 2.177E-2 2.10217E-2 1.72E-2 1.62816E-2 1.92051E-2 2.21359E-2 3.602E-2 5.73684E-2 6.24261E-2 5.27016E-2 5.32399E-2 6.2159E-2 6.29823E-2 4.94665E-2 5.10273E-2 6.29234E-2 6.06906E-2 5.29615E-2 4.95247E-2 5.46041E-2 6.0089E-2 6.15956E-2 6.15926E-2 6.09068E-2 5.95905E-2 5.43846E-2 4.96792E-2 5.51511E-2 5.59033E-2 5.31485E-2 5.6236E-2 5.13602E-2 4.35148E-2 3.24451E-2 2.32063E-2 1.47453E-2 1.02663E-2 6.27515E-3
-9999 -9999 -9999 -9999 -9999 -9999 -9999 -9999 -9999 -9999 -9999 3.57831E-2 3.56164E-2 3.51106E-2 2.84393E-2 2.55836E-2 2.0548E-2 1.89734E-2 1.85057E-2 1.93344E-2 2.0456E-2 1.72804E-2 9.50576E-3 7.3733E-3 5.83281E-3 8.22616E-3 1.37451E-2 1.8576E-2 1.96426E-2 1.72834E-2 1.65747E-2 1.62288E-2 1.95592E-2 2.94389E-2 4.84982E-2 5.57061E-2 5.86799E-2 6.20295E-2 6.34838E-2 4.52611E-2 3.10523E-2 3.5964E-2 5.50168E-2 6.37976E-2 5.43939E-2 4.53753E-2 4.0925E-2 4.32642E-2 4.7629E-2 5.61805E-2 6.19316E-2 5.9596E-2 5.3194E-2 6.28226E-2 6.00439E-2 6.23032E-2 6.43333E-2 5.84549E-2 4.88283E-2 3.49823E-2 2.4129E-2 1.42471E-2 8.71112E-3 6.47581E-3 7.72045E-3
-9999 -9999 -9999 -9999 -9999 -9999 -9999 -9999 -9999 -9999 -9999 3.42768E-2 3.35017E-2 3.27617E-2 2.95649E-2 2.09524E-2 1.31685E-2 9.55189E-3 1.02081E-2 1.31854E-2 1.55711E-2 9.71944E-3 7.98556E-3 9.46985E-3 5.9396E-3 5.49733E-3 1.10257E-2 1.47044E-2 1.56654E-2 1.82693E-2 1.87728E-2 1.76312E-2 1.78644E-2 2.47134E-2 4.16039E-2 5.96562E-2 6.03086E-2 5.96128E-2 5.23235E-2 3.30706E-2 2.72832E-2 2.99655E-2 5.00738E-2 6.41288E-2 5.34799E-2 3.92626E-2 2.93046E-2 2.84022E-2 3.21332E-2 2.98977E-2 3.93666E-2 4.76326E-2 4.91643E-2 4.76192E-2 5.16612E-2 5.76762E-2 6.39758E-2 6.1523E-2 4.37349E-2 1.87586E-2 9.86801E-3 6.34257E-3 6.02104E-3 7.56714E-3 1.08486E-2
-9999 -9999 -9999 -9999 -9999 -9999 -9999 -9999 -9999 -9999 -9999 -9999 3.10133E-2 2.95239E-2 2.64136E-2 1.64057E-2 9.62368E-3 1.02675E-2 1.14866E-2 9.33765E-3 9.30354E-3 6.32851E-3 5.93211E-3 6.96195E-3 5.09753E-3 6.26217E-3 9.44756E-3 1.23459E-2 1.49041E-2 1.83452E-2 1.916E-2 1.87728E-2 1.75746E-2 2.40384E-2 3.95885E-2 5.73133E-2 6.00182E-2 4.98994E-2 4.38488E-2 3.64838E-2 3.74342E-2 3.96129E-2 5.62168E-2 6.32546E-2 4.71106E-2 3.16386E-2 2.09647E-2 1.86504E-2 2.02716E-2 2.13847E-2 3.07901E-2 3.91335E-2 4.42138E-2 5.11858E-2 5.53793E-2 5.95377E-2 6.44655E-2 5.9356E-2 3.53801E-2 7.4362E-3 2.05173E-3 2.07244E-3 4.22414E-3 7.93263E-3 1.73491E-2
-9999 -9999 -9999 -9999 -9999 -9999 -9999 -9999 -9999 -9999 -9999 -9999 -9999 2.4325E-2 1.89097E-2 1.06941E-2 1.03822E-2 1.12835E-2 1.01027E-2 7.24595E-3 6.1354E-3 5.49733E-3 5.05168E-3 5.11823E-3 7.14894E-3 9.09521E-3 1.17539E-2 1.39832E-2 1.755E-2 1.93509E-2 1.87556E-2 1.68782E-2 -9999 2.20494E-2 4.01908E-2 5.33486E-2 6.38562E-2 4.87104E-2 3.72028E-2 3.64838E-2 3.89976E-2 4.32366E-2 6.09726E-2 5.95731E-2 5.63193E-2 4.99936E-2 1.69662E-2 1.40333E-2 1.2678E-2 1.77037E-2 2.55262E-2 3.15998E-2 3.98879E-2 5.54121E-2 6.24995E-2 6.41895E-2 6.30813E-2 5.18748E-2 2.17307E-2 3.55735E-3 9.11674E-4 1.39905E-3 6.21308E-3 2.07975E-2 2.55977E-2
-9999 -9999 -9999 -9999 -9999 -9999 -9999 -9999 -9999 -9999 -9999 -9999 -9999 -9999 1.1707E-2 6.85701E-3 1.84247E-2 1.61118E-2 1.59247E-2 1.20629E-2 1.0532E-2 7.62614E-3 5.20487E-3 5.86911E-3 7.80273E-3 7.92434E-3 9.46012E-3 1.26729E-2 1.4579E-2 1.46949E-2 1.4244E-2 1.40359E-2 -9999 2.191E-2 3.79827E-2 5.48833E-2 6.40043E-2 3.70462E-2 1.38989E-2 1.1611E-2 1.67732E-2 2.93428E-2 4.79216E-2 6.02494E-2 4.1301E-2 2.69815E-2 2.40694E-2 2.40694E-2 2.26682E-2 2.75322E-2 3.4595E-2 2.85998E-2 4.06206E-2 5.31893E-2 6.27141E-2 6.42491E-2 6.33575E-2 4.6505E-2 1.41769E-2 2.25976E-3 1.74409E-3 2.61065E-3 8.34207E-3 3.20276E-2 4.6397E-2
-9999 -9999 -9999 -9999 -9999 -9999 -9999 -9999 -9999 -9999 -9999 -9999 -9999 -9999 -9999 7.71474E-3 1.43226E-2 1.81983E-2 2.01628E-2 2.67242E-2 3.74752E-2 3.05242E-2 1.19505E-2 7.03571E-3 8.78603E-3 6.80582E-3 7.24254E-3 7.77053E-3 7.43684E-3 7.32893E-3 9.52958E-3 1.23611E-2 1.55179E-2 2.7486E-2 4.61685E-2 6.15564E-2 5.14723E-2 1.53987E-2 4.06877E-3 3.57937E-3 1.04694E-2 3.91112E-2 6.4399E-2 3.91089E-2 2.09267E-2 1.30559E-2 1.0775E-2 2.18429E-2 2.91863E-2 3.98115E-2 5.18637E-2 4.74897E-2 5.77878E-2 6.15515E-2 6.29026E-2 6.39917E-2 6.28518E-2 4.88283E-2 2.28089E-2 7.4362E-3 2.45485E-3 3.32694E-4 3.11807E-4 5.36623E-3 4.00414E-2
-9999 -9999 -9999 -9999 -9999 -9999 -9999 -9999 -9999 -9999 -9999 -9999 -9999 -9999 -9999 -9999 1.77724E-2 2.22016E-2 2.84561E-2 3.87893E-2 5.18489E-2 4.03008E-2 1.55543E-2 1.01471E-2 1.08833E-2 7.68586E-3 6.9753E-3 6.5251E-3 5.91505E-3 8.61882E-3 1.31741E-2 1.49284E-2 -9999 4.69836E-2 5.80158E-2 5.79553E-2 1.43039E-2 1.49045E-3 3.99968E-4 6.74059E-4 6.39692E-3 3.89339E-2 6.08909E-2 2.17768E-2 1.39536E-2 1.65042E-2 1.38188E-2 1.75932E-2 2.33378E-2 3.17903E-2 4.16751E-2 5.84576E-2 6.0707E-2 6.06608E-2 6.22406E-2 6.00428E-2 6.22427E-2 6.43787E-2 4.94665E-2 1.65126E-2 2.61153E-3 1.06554E-4 4.98563E-4 2.10017E-2 6.17721E-2
-9999 -9999 -9999 -9999 -9999 -9999 -9999 -9999 -9999 -9999 -9999 -9999 -9999 -9999 -9999 -9999 -9999 2.79549E-2 3.39875E-2 4.21436E-2 4.22912E-2 3.38415E-2 2.43551E-2 2.35545E-2 1.73395E-2 1.2337E-2 7.60556E-3 6.8053E-3 9.88588E-3 1.48963E-2 2.05857E-2 -9999 -9999 6.39022E-2 4.68845E-2 7.44574E-3 7.94368E-4 6.40959E-5 1.80802E-5 9.75103E-5 2.2253E-3 2.71696E-2 5.58137E-2 1.22847E-2 8.17682E-3 1.40923E-2 1.51857E-2 2.02149E-2 2.32351E-2 3.17221E-2 3.64003E-2 4.03853E-2 4.02143E-2 3.90953E-2 3.65946E-2 3.9896E-2 5.09389E-2 6.16815E-2 4.83738E-2 2.41139E-2 1.25303E-2 3.19607E-2 6.20608E-2 4.81515E-2 4.74107E-2
-9999 -9999 -9999 -9999 -9999 -9999 -9999 -9999 -9999 -9999 -9999 -9999 -9999 -9999 -9999 -9999 -9999 -9999 3.47592E-2 3.2454E-2 2.66084E-2 2.3444E-2 2.40515E-2 1.68146E-2 1.56463E-2 1.23325E-2 8.82851E-3 5.83281E-3 1.0769E-2 1.91176E-2 2.60847E-2 -9999 -9999 3.45542E-2 7.01566E-3 3.94827E-4 5.14632E-5 4.98872E-6 4.29132E-7 2.9742E-6 3.87125E-4 3.06225E-2 4.27521E-2 1.43278E-2 1.1383E-2 1.24107E-2 1.0917E-2 1.46138E-2 1.80628E-2 2.66909E-2 3.34833E-2 3.37289E-2 2.83549E-2 2.68009E-2 2.1594E-2 2.96463E-2 4.53169E-2 4.04207E-2 3.45174E-2 3.54796E-2 3.42603E-2 2.97963E-2 3.05112E-2 3.57356E-2 4.05567E-2
-9999 -9999 -9999 -9999 -9999 -9999 -9999 -9999 -9999 -9999 -9999 -9999 -9999 -9999 -9999 -9999 -9999 -9999 -9999 2.67399E-2 1.31186E-2 1.53712E-2 1.94759E-2 1.17185E-2 6.1684E-3 7.92434E-3 7.42458E-3 6.50245E-3 -9999 -9999 -9999 -9999 -9999 -9999 6.21838E-4 5.54861E-6 8.80077E-8 1.93971E-8 1.84455E-9 2.77952E-8 4.7646E-5 3.79274E-2 3.43561E-2 1.52613E-2 1.53976E-2 1.26007E-2 9.82502E-3 1.27743E-2 1.88233E-2 2.62393E-2 3.65072E-2 4.26833E-2 3.83244E-2 3.27071E-2 2.43453E-2 2.20494E-2 2.29273E-2 2.13725E-2 1.92814E-2 2.20494E-2 2.38741E-2 2.37117E-2 2.98813E-2 3.70155E-2 4.72339E-2
