KUENM/Final_Models/M_0.1_F_lq_Set_2_E/sp1_3.asc
ncols         197
nrows         210
xllcorner     56.1666666666667
yllcorner     4.5
cellsize      0.166666666666667
NODATA_value  -9999
[rows 84 to 111 of 210, columns 130 to 194 of 197]
3.38072E-1 3.43132E-1 2.74669E-1 2.24164E-1 2.2906E-1 3.29189E-1 3.72739E-1 4.22162E-1 3.21331E-1 3.01337E-1 3.38506E-1 4.22499E-1 5.2152E-1 4.67452E-1 2.84437E-1 1.86694E-1 2.89661E-1 3.68519E-1 3.84811E-1 3.25022E-1 3.05165E-1 2.90657E-1 2.40866E-1 1.79906E-1 1.52181E-1 1.78956E-1 2.00471E-1 1.86979E-1 1.71256E-1 1.3664E-1 1.00978E-1 8.18829E-2 8.08221E-2 1.00725E-1 1.25206E-1 1.44665E-1 2.0689E-1 2.65941E-1 1.77836E-1 1.46233E-1 1.3547E-1 1.72625E-1 2.09863E-1 2.32973E-1 2.56891E-1 3.27106E-1 2.53884E-1 1.40348E-1 1.25538E-1 1.68702E-1 1.09888E-1 6.39722E-2 2.32966E-2 8.0152E-3 6.58661E-3 3.68536E-3 1.32591E-3 6.01342E-4 9.03155E-4 7.21451E-4 1.18557E-4 1.07893E-5 1.9986E-6 1.95768E-6 1.22327E-7
2.81474E-1 2.82871E-1 2.43871E-1 2.41738E-1 2.93627E-1 3.58468E-1 3.41079E-1 3.07528E-1 2.44507E-1 2.36028E-1 2.65801E-1 3.12743E-1 4.13157E-1 3.16421E-1 1.66827E-1 1.31009E-1 3.0104E-1 3.39594E-1 1.69493E-1 2.16579E-1 2.35969E-1 2.09951E-1 2.09951E-1 2.24164E-1 2.49683E-1 2.10829E-1 1.99664E-1 1.84332E-1 1.52191E-1 1.57046E-1 1.67794E-1 1.15784E-1 1.4879E-1 1.75396E-1 1.62446E-1 1.43646E-1 1.74985E-1 2.38572E-1 2.13289E-1 1.54791E-1 1.34482E-1 1.76727E-1 2.34617E-1 2.54595E-1 2.72948E-1 2.86505E-1 2.08771E-1 1.18185E-1 1.60781E-1 2.94801E-1 1.61794E-1 5.5274E-2 1.20855E-2 4.05876E-3 1.45254E-2 1.17522E-2 2.18643E-3 2.91037E-4 1.0562E-3 1.20342E-3 3.34211E-4 3.8334E-5 6.1658E-6 3.68652E-6 2.44818E-7
2.11871E-1 2.07129E-1 2.049E-1 1.90564E-1 2.10829E-1 2.29555E-1 2.16803E-1 1.76217E-1 1.14587E-1 7.00492E-2 1.02505E-1 1.8801E-1 2.43241E-1 1.49821E-1 8.29538E-2 1.10952E-1 2.20322E-1 2.26343E-1 1.69373E-1 2.18042E-1 2.02314E-1 1.65326E-1 1.63652E-1 2.38891E-1 3.54367E-1 3.2819E-1 2.32718E-1 1.84226E-1 1.38947E-1 9.97474E-2 7.07659E-2 1.24114E-1 2.1365E-1 2.41744E-1 1.67494E-1 1.89161E-1 1.80237E-1 1.58592E-1 1.48865E-1 1.31962E-1 1.46144E-1 2.00774E-1 2.13956E-1 2.04504E-1 2.67574E-1 3.22857E-1 1.85566E-1 1.24257E-1 1.42093E-1 1.64721E-1 9.62248E-2 4.89995E-2 2.74428E-2 1.53958E-2 2.89635E-2 2.43883E-2 6.026E-3 1.17737E-3 9.88508E-4 1.01914E-3 4.91075E-4 1.40327E-4 2.60785E-5 7.03795E-6 7.03392E-7
1.67958E-1 1.53586E-1 1.18658E-1 8.10728E-2 9.44481E-2 1.12521E-1 1.22609E-1 1.22821E-1 7.74347E-2 4.61921E-2 4.61018E-2 1.04045E-1 1.59375E-1 5.80089E-2 2.32966E-2 5.30501E-2 1.02919E-1 1.21978E-1 1.29006E-1 1.51223E-1 1.2881E-1 1.061E-1 1.09144E-1 1.66634E-1 2.88258E-1 3.01337E-1 2.50467E-1 1.92775E-1 1.46794E-1 1.16736E-1 1.16736E-1 1.89016E-1 3.48201E-1 5.07917E-1 3.46737E-1 1.50381E-1 1.09222E-1 8.5149E-2 8.24645E-2 1.1261E-1 1.54147E-1 1.55777E-1 1.04774E-1 9.61141E-2 1.56947E-1 1.80237E-1 1.54791E-1 1.63043E-1 1.69195E-1 1.24114E-1 6.85776E-2 5.35361E-2 6.94502E-2 7.34268E-2 7.48577E-2 4.653E-2 1.40419E-2 1.0562E-3 3.08277E-4 2.78547E-4 2.901E-4 2.17014E-4 7.00425E-5 1.7446E-5 3.74836E-6
1.5952E-1 1.12732E-1 5.73751E-2 2.47912E-2 3.33054E-2 5.2677E-2 8.10095E-2 9.24917E-2 7.68866E-2 4.383E-2 3.73811E-2 6.19465E-2 7.19913E-2 2.84613E-2 1.748E-2 2.98558E-2 6.56626E-2 8.15513E-2 8.29321E-2 8.08205E-2 5.84898E-2 4.21814E-2 5.77665E-2 1.02685E-1 1.59961E-1 1.81738E-1 2.09353E-1 1.92114E-1 1.54017E-1 1.31553E-1 1.34805E-1 1.81281E-1 3.05623E-1 3.97581E-1 2.54968E-1 1.44279E-1 8.32097E-2 5.04791E-2 4.5028E-2 9.46144E-2 1.37967E-1 1.42577E-1 7.1016E-2 5.93331E-2 9.07748E-2 9.19311E-2 1.13614E-1 2.08951E-1 1.7969E-1 1.06724E-1 5.9436E-2 4.41395E-2 6.68324E-2 9.98007E-2 7.00811E-2 3.63017E-2 6.81636E-3 1.38472E-4 5.78782E-5 2.85406E-4 2.48753E-4 1.9019E-4 1.15551E-4 4.17935E-5 1.36971E-5
1.78926E-1 1.06263E-1 4.587E-2 1.74327E-2 1.49142E-2 2.30393E-2 4.72397E-2 9.03661E-2 6.4563E-2 2.79598E-2 2.51433E-2 3.2236E-2 3.19327E-2 2.2336E-2 2.09831E-2 2.86693E-2 6.93284E-2 5.84898E-2 4.35368E-2 3.57527E-2 2.30451E-2 2.0149E-2 3.09469E-2 5.50774E-2 9.24877E-2 1.39531E-1 1.92977E-1 1.91194E-1 1.57594E-1 1.29292E-1 1.1809E-1 1.31886E-1 1.66654E-1 1.63394E-1 1.07173E-1 8.66913E-2 8.70118E-2 5.38007E-2 1.71761E-2 3.30661E-2 7.72983E-2 1.48363E-1 1.07918E-1 8.2971E-2 9.00202E-2 8.42223E-2 1.02796E-1 1.48356E-1 1.56116E-1 6.71332E-2 3.05825E-2 1.53437E-2 2.01721E-2 2.8698E-2 2.38115E-2 8.38493E-3 4.75524E-4 4.75151E-6 2.06965E-6 8.29904E-5 1.54275E-4 1.26295E-4 1.49513E-4 7.29619E-5 2.66876E-5
1.80655E-1 1.24012E-1 5.04451E-2 1.62993E-2 1.21817E-2 1.48016E-2 2.71258E-2 3.28264E-2 1.86908E-2 6.94605E-3 9.7744E-3 1.60477E-2 3.38505E-2 3.88695E-2 3.91257E-2 4.01923E-2 4.68821E-2 6.47772E-2 4.54287E-2 2.24706E-2 9.73174E-3 1.0846E-2 1.98136E-2 3.33277E-2 5.60732E-2 1.10536E-1 1.75077E-1 1.58159E-1 1.35312E-1 1.15199E-1 1.02051E-1 1.00329E-1 1.06574E-1 1.07854E-1 1.06574E-1 1.01079E-1 8.70118E-2 4.48612E-2 1.6964E-2 2.06587E-2 4.67025E-2 6.94502E-2 6.27364E-2 7.34268E-2 8.50835E-2 7.25001E-2 7.54299E-2 7.94718E-2 6.51048E-2 3.81918E-2 1.73004E-2 8.47057E-3 7.00332E-3 6.48932E-3 6.5061E-3 3.34478E-3 1.46283E-4 1.2537E-6 4.21655E-7 1.74582E-5 7.24893E-5 1.12001E-4 1.63118E-4 8.62891E-5 3.07571E-5
1.8801E-1 1.15189E-1 3.94958E-2 1.58705E-2 8.47057E-3 7.93888E-3 9.81827E-3 5.58471E-3 1.12819E-3 1.272E-3 8.79428E-3 2.64813E-2 3.82832E-2 4.37136E-2 4.89287E-2 4.21721E-2 3.62006E-2 4.66148E-2 3.34605E-2 1.91056E-2 1.30956E-2 1.40588E-2 1.94831E-2 2.54503E-2 4.16302E-2 7.50293E-2 1.18171E-1 1.14615E-1 9.26676E-2 8.53522E-2 7.54299E-2 6.93284E-2 6.67564E-2 5.10411E-2 5.04183E-2 5.34381E-2 4.934E-2 2.15674E-2 1.15592E-2 1.57467E-2 2.15674E-2 2.10345E-2 1.42698E-2 2.54503E-2 3.70853E-2 3.43527E-2 4.73001E-2 5.71914E-2 4.96932E-2 2.77932E-2 1.61632E-2 8.9552E-3 5.94016E-3 5.05657E-3 3.45655E-3 2.18314E-3 2.44469E-4 1.42849E-5 6.89211E-6 2.6631E-5 6.10904E-5 1.27776E-4 1.68157E-4 8.95674E-5 2.42613E-5
1.26271E-1 6.54736E-2 1.9975E-2 9.27378E-3 5.79818E-3 6.6314E-3 5.52883E-3 4.45822E-3 2.05291E-3 4.4476E-3 1.16584E-2 2.44119E-2 2.19707E-2 3.65248E-2 5.10876E-2 4.43783E-2 3.01469E-2 2.92258E-2 2.39994E-2 2.03345E-2 2.0149E-2 2.49748E-2 2.27943E-2 2.24634E-2 3.24353E-2 4.39137E-2 5.8636E-2 6.61143E-2 6.96562E-2 6.01454E-2 4.7878E-2 3.63408E-2 3.46165E-2 2.72555E-2 2.35555E-2 2.43952E-2 2.71258E-2 3.23159E-2 4.16277E-2 2.54242E-2 1.70067E-2 9.31797E-3 7.89773E-3 8.39381E-3 5.17036E-3 4.03575E-3 8.54957E-3 2.02203E-2 2.52225E-2 1.14503E-2 8.42061E-3 8.57911E-3 4.79374E-3 3.702E-3 2.24481E-3 1.13464E-3 3.52705E-4 1.14871E-4 7.87702E-5 6.1384E-5 2.99737E-5 4.47695E-5 1.35709E-4 9.97207E-5 2.38863E-5
3.383E-2 1.83509E-2 7.75635E-3 4.10797E-3 3.91382E-3 4.45822E-3 5.31832E-3 1.04589E-2 9.10406E-3 3.2925E-3 1.21995E-2 2.39994E-2 1.828E-2 2.17353E-2 2.84713E-2 2.57145E-2 2.16921E-2 1.64322E-2 1.45532E-2 1.61514E-2 2.16921E-2 2.69868E-2 2.21996E-2 1.67964E-2 1.71696E-2 1.77319E-2 2.78571E-2 2.44961E-2 3.48395E-2 2.84099E-2 2.00033E-2 1.54166E-2 1.40559E-2 1.09049E-2 1.01471E-2 9.78604E-3 1.43703E-2 3.37779E-2 4.54287E-2 1.65034E-2 1.00223E-2 7.10232E-3 8.28219E-3 8.77066E-3 3.0335E-3 1.81087E-3 3.28804E-3 8.94637E-3 9.9015E-3 3.64277E-3 2.54184E-3 4.55102E-3 4.03608E-3 2.99399E-3 1.46024E-3 8.59294E-4 5.34636E-4 3.96255E-4 3.60428E-4 2.28132E-4 5.13156E-5 4.26421E-5 9.52161E-5 7.75365E-5 2.67701E-5
1.29501E-2 6.79364E-3 3.49876E-3 2.14106E-3 2.27984E-3 2.66651E-3 4.37093E-3 1.13362E-2 9.80007E-3 2.44862E-3 1.54731E-2 1.43007E-2 8.40067E-3 6.93027E-3 9.2531E-3 8.69109E-3 6.94605E-3 5.2181E-3 4.76834E-3 9.2531E-3 1.77303E-2 1.87048E-2 1.66078E-2 1.17831E-2 9.03247E-3 8.66642E-3 9.62673E-3 7.84115E-3 7.90637E-3 1.03217E-2 8.09544E-3 6.26582E-3 4.91349E-3 4.03575E-3 4.51348E-3 4.28534E-3 6.41766E-3 8.22144E-3 5.35857E-3 6.36869E-3 8.43928E-3 6.34364E-3 6.71355E-3 6.24852E-3 5.11133E-3 5.97394E-3 6.026E-3 4.39573E-3 4.95827E-3 4.14079E-3 8.67651E-3 5.1753E-3 4.44007E-3 3.57577E-3 9.07805E-4 8.48608E-4 9.32453E-4 6.63914E-4 9.11788E-4 9.751E-4 2.46488E-4 1.32927E-4 1.29628E-4 8.81792E-5 3.24973E-5
6.17351E-3 3.26464E-3 1.77014E-3 1.23E-3 1.1787E-3 1.85093E-3 3.61196E-3 4.10797E-3 4.67904E-3 5.73564E-3 7.93888E-3 5.35857E-3 4.72746E-3 3.87982E-3 3.07554E-3 1.96411E-3 1.59387E-3 1.11585E-3 1.62826E-3 5.61372E-3 1.58374E-2 1.7581E-2 1.21358E-2 7.37279E-3 4.69476E-3 3.04365E-3 2.69865E-3 2.34163E-3 1.90647E-3 2.79714E-3 2.24686E-3 1.7859E-3 1.43332E-3 1.20269E-3 1.25561E-3 1.53984E-3 1.41647E-3 8.2954E-4 4.16472E-4 5.05671E-4 2.98348E-3 4.80472E-3 2.84803E-3 1.45458E-3 1.17075E-3 7.90968E-4 6.56428E-4 4.14198E-4 7.41969E-4 2.13396E-3 3.93819E-3 6.00977E-3 7.56281E-3 6.8493E-3 2.68343E-3 1.88418E-3 2.68343E-3 6.05655E-4 3.88696E-4 4.47711E-4 3.70708E-4 2.84986E-4 2.46488E-4 1.32927E-4 5.10913E-5
4.22457E-3 2.63654E-3 1.57833E-3 1.29975E-3 1.02187E-3 1.64732E-3 2.74751E-3 3.61196E-3 5.2624E-3 6.63717E-3 4.80743E-3 3.3924E-3 2.45683E-3 1.49611E-3 9.56278E-4 4.89757E-4 3.24999E-4 2.40105E-4 9.9839E-4 4.95817E-3 1.66078E-2 2.09055E-2 1.13697E-2 5.62417E-3 3.51295E-3 2.62574E-3 1.44684E-3 1.00418E-3 7.50795E-4 9.19634E-4 8.11931E-4 6.19826E-4 4.37111E-4 3.46669E-4 3.83253E-4 5.90119E-4 6.71469E-4 5.9784E-4 3.85306E-4 3.89416E-4 2.16302E-3 3.44416E-3 7.42326E-4 2.40988E-4 1.87979E-4 6.09337E-5 1.39151E-4 4.40789E-4 7.20343E-4 9.29057E-4 1.23269E-3 1.83711E-3 5.22276E-3 9.82522E-3 5.02153E-3 2.92636E-3 2.13466E-2 1.65692E-3 4.80283E-4 4.27162E-4 3.70708E-4 4.5833E-4 5.91858E-4 3.1373E-4 1.23262E-4
3.2925E-3 1.8244E-3 2.1964E-3 5.61106E-3 4.92451E-3 3.97922E-3 4.4476E-3 4.41689E-3 5.26686E-3 7.42759E-3 8.87197E-3 5.11752E-3 8.84596E-4 4.84466E-4 2.10661E-4 7.96553E-5 4.98953E-5 7.18345E-5 2.34382E-4 1.53733E-3 6.78325E-3 1.43031E-2 7.83505E-3 3.98003E-3 2.64705E-3 2.54063E-3 2.09145E-3 8.11931E-4 3.60909E-4 3.40725E-4 3.32775E-4 2.05616E-4 1.06729E-4 8.42584E-5 1.21522E-4 2.20544E-4 3.60949E-4 4.2129E-4 4.0417E-4 1.84326E-4 3.2816E-4 5.21874E-4 1.57152E-4 4.19942E-5 6.13858E-5 5.86714E-5 9.92938E-4 2.43389E-3 7.33503E-4 2.78547E-4 5.07717E-4 8.3333E-4 2.68343E-3 8.95569E-3 1.18353E-2 3.45932E-3 1.22702E-2 9.12386E-3 2.75049E-3 8.71735E-4 3.88696E-4 3.88696E-4 1.24404E-3 1.38783E-3 6.94974E-4
1.75352E-3 1.40326E-3 2.00286E-3 4.57414E-3 7.10984E-3 9.36294E-3 1.06469E-2 1.12182E-2 1.09515E-2 1.46838E-2 1.10531E-2 4.45698E-3 1.44826E-3 4.67618E-4 9.54132E-5 1.59058E-5 1.58001E-5 3.79321E-5 1.27758E-4 2.71204E-4 9.90305E-4 1.86846E-3 1.71212E-3 1.88885E-3 1.81071E-3 2.52924E-3 3.30595E-3 1.2313E-3 4.40775E-4 2.13807E-4 1.49871E-4 7.58962E-5 3.02424E-5 2.05349E-5 4.24241E-5 6.8685E-5 1.09299E-4 1.53419E-4 8.87489E-5 6.5307E-5 2.87604E-5 4.76388E-5 7.12352E-5 8.30502E-5 1.22653E-4 2.35559E-4 1.5198E-3 1.63532E-3 4.91626E-4 2.22632E-4 4.31079E-4 1.38783E-3 2.18564E-3 5.24341E-3 9.15603E-3 3.67635E-3 5.05924E-3 1.51895E-2 8.49759E-3 3.30949E-3 8.14726E-4 1.58346E-4 1.83733E-4 5.15071E-4 7.17494E-5
1.00919E-3 7.63261E-4 9.39946E-4 2.28575E-3 5.86822E-3 1.2527E-2 1.59361E-2 1.78615E-2 1.94929E-2 1.91775E-2 1.35384E-2 5.37624E-3 2.01191E-3 3.60909E-4 5.41541E-5 1.21312E-5 1.53685E-5 3.23751E-5 1.19821E-4 4.09361E-4 8.28066E-4 5.69201E-4 1.11151E-4 1.70553E-4 4.36163E-4 2.03042E-3 5.53071E-3 2.00274E-3 5.5604E-4 1.67058E-4 6.94302E-5 3.2865E-5 1.63957E-5 6.69763E-6 5.66581E-6 6.64739E-6 1.21312E-5 2.99026E-5 2.10978E-5 5.99945E-6 2.40168E-6 7.11154E-6 4.82652E-5 1.5727E-4 1.75942E-4 2.29934E-4 3.58848E-4 2.49032E-4 1.96264E-4 1.83733E-4 3.52705E-4 9.66201E-4 1.19051E-3 2.37732E-3 2.7689E-3 1.85676E-3 2.7689E-3 6.04987E-3 7.03372E-3 6.51494E-3 9.78972E-4 5.26841E-5 2.35804E-5 9.08652E-5 4.83583E-6
1.07426E-3 4.11266E-4 3.14967E-4 9.93371E-4 2.74537E-3 5.62569E-3 7.50305E-3 1.30956E-2 1.41215E-2 2.21996E-2 1.93187E-2 8.08989E-3 2.02244E-3 3.24999E-4 6.02519E-5 1.97287E-5 1.99968E-5 3.90848E-5 1.11207E-4 3.5178E-4 6.27474E-4 9.44541E-4 2.47232E-4 5.89782E-5 1.22851E-4 9.86241E-4 3.51029E-3 1.42229E-3 3.76948E-4 1.13794E-4 4.33531E-5 1.90455E-5 1.25787E-5 4.98481E-6 3.15978E-6 5.12145E-6 5.38994E-6 1.62735E-5 1.97151E-5 7.49555E-6 2.49423E-6 5.98982E-6 7.46327E-5 3.08277E-4 3.26359E-4 1.6935E-4 2.06128E-4 3.06298E-4 4.60151E-4 5.94209E-4 9.36155E-4 1.11421E-3 7.50352E-4 7.61217E-4 8.61454E-4 6.71023E-4 8.42251E-4 1.53002E-3 1.85676E-3 8.98274E-4 5.28935E-5 8.22022E-7 3.69806E-8 7.72429E-7 1.2225E-6
1.13464E-3 2.9234E-4 8.68332E-5 4.84906E-5 1.05171E-3 3.30595E-3 1.04996E-3 7.89773E-3 1.14181E-2 1.7676E-2 2.29601E-2 8.131E-3 1.67302E-3 2.65659E-4 4.28927E-5 1.86209E-5 1.47897E-5 3.42373E-5 1.34334E-4 5.13815E-4 7.01435E-4 5.05322E-4 2.9456E-4 2.67955E-4 4.45285E-4 6.30765E-4 5.42566E-4 3.15715E-4 6.20294E-5 4.40891E-5 2.72354E-5 2.25056E-5 1.5493E-5 1.07629E-5 1.04647E-5 1.70055E-5 5.25888E-5 1.8363E-4 1.04662E-4 2.07965E-5 7.46538E-6 1.81202E-5 1.4387E-4 3.06688E-4 2.99433E-4 2.41035E-4 1.96264E-4 5.04871E-4 9.751E-4 1.7525E-3 3.15061E-3 1.41838E-3 8.75197E-4 4.82191E-4 4.53739E-4 2.81179E-4 1.81665E-4 3.17954E-4 4.8675E-4 9.18387E-5 1.83115E-6 3.69806E-8 2.40717E-9 6.38701E-9 -9999
4.67373E-3 1.40311E-3 6.65844E-5 4.22623E-9 1.8253E-4 1.52178E-5 8.74462E-5 5.83461E-3 1.48488E-2 1.5906E-2 1.28753E-2 5.3137E-3 1.0562E-3 1.2848E-4 2.79783E-5 1.10003E-5 1.04481E-5 3.32564E-5 1.70189E-4 5.9296E-4 1.59423E-3 2.19839E-3 2.10599E-3 1.07519E-3 7.35371E-4 8.93739E-4 4.13506E-4 9.61631E-5 9.99937E-6 1.51734E-5 2.39403E-5 3.10515E-5 3.13194E-5 2.23331E-5 1.91431E-5 4.06985E-5 1.00581E-4 1.7536E-4 9.36352E-5 3.65833E-5 2.18841E-5 3.11438E-5 7.51984E-5 1.07066E-4 1.5521E-4 2.33452E-4 1.81333E-4 2.7766E-4 3.85146E-4 5.97009E-4 5.11034E-4 7.37332E-4 7.32876E-4 5.08609E-4 3.24773E-4 1.15804E-4 2.38981E-5 7.11662E-5 3.1709E-4 2.64919E-5 2.00465E-6 4.52724E-7 1.23503E-7 2.99686E-8 -9999
2.62194E-2 1.01656E-2 1.53619E-4 3.6151E-6 2.09703E-7 2.41406E-5 1.74511E-3 1.38055E-2 2.09377E-2 9.90551E-3 3.07554E-3 1.70005E-3 3.76211E-4 3.44155E-5 1.57896E-5 6.99676E-6 7.54849E-6 4.7861E-5 2.56945E-4 1.04996E-3 6.75888E-3 9.41242E-3 6.13376E-3 3.33369E-3 1.90878E-3 9.78972E-4 4.51089E-4 1.46935E-4 5.76118E-5 3.77226E-5 3.0225E-5 3.88495E-5 4.11443E-5 2.99737E-5 1.80723E-5 3.13799E-5 7.20529E-5 8.37655E-5 4.52581E-5 1.98242E-5 1.08411E-5 1.02456E-5 1.51734E-5 2.77878E-5 5.78782E-5 1.05489E-4 1.01893E-4 8.10023E-5 8.53637E-5 1.54275E-4 1.30093E-4 1.05514E-4 2.15217E-4 1.81665E-4 8.97593E-5 4.93353E-5 1.71832E-5 5.77689E-5 8.72476E-5 1.29707E-5 1.83115E-6 8.64153E-6 5.43216E-6 -9999 -9999
2.24217E-2 2.98539E-2 4.01043E-3 1.3255E-3 1.06697E-3 9.70478E-4 8.24059E-3 2.48996E-2 2.18512E-2 5.25581E-3 7.47874E-4 8.83226E-4 2.20572E-4 1.18211E-5 6.91139E-6 6.82452E-6 6.60809E-6 7.03426E-5 6.21299E-4 2.85459E-3 1.97051E-2 2.29111E-2 1.30852E-2 6.87634E-3 3.54138E-3 1.46507E-3 8.63802E-4 4.76602E-4 1.69366E-4 4.95431E-5 3.89394E-5 3.50525E-5 2.39533E-5 6.57671E-6 4.83583E-6 1.11024E-5 3.64821E-5 3.63377E-5 1.64195E-5 6.50711E-6 3.82883E-6 2.47292E-6 2.5912E-6 9.35672E-6 3.42362E-5 7.11235E-5 8.74665E-5 6.6529E-5 3.79771E-5 4.18848E-5 2.58316E-5 2.01728E-5 1.29301E-5 5.51447E-6 6.72926E-6 2.02213E-5 3.78255E-5 3.68271E-5 2.02213E-5 8.22417E-6 9.44826E-6 1.74305E-5 -9999 -9999 -9999
1.07108E-2 6.7149E-3 1.69047E-2 1.7676E-2 2.20968E-2 1.31817E-2 1.94524E-2 3.06429E-2 2.79598E-2 9.54916E-3 2.14553E-3 1.32591E-3 4.14198E-4 1.77553E-5 3.40402E-6 1.0566E-5 3.16026E-5 2.81932E-4 2.02244E-3 9.38106E-3 3.76358E-2 3.68162E-2 1.80723E-2 1.02614E-2 6.31986E-3 3.2807E-3 2.07943E-3 1.44564E-3 6.62062E-4 2.07003E-4 1.46316E-4 1.00167E-4 1.10688E-5 4.47506E-7 6.09532E-7 1.56744E-6 4.90911E-6 7.99261E-6 3.51815E-6 1.7443E-6 1.99752E-6 7.66089E-7 3.30475E-7 3.97486E-6 3.42373E-5 7.79406E-5 1.21574E-4 9.13844E-5 4.15121E-5 1.80421E-5 6.1495E-6 2.67215E-6 9.44831E-7 1.17353E-7 3.78079E-7 2.97726E-6 9.27061E-6 7.79172E-6 2.01811E-6 3.76895E-7 4.40331E-7 4.95652E-7 -9999 -9999 -9999
6.2111E-2 6.58052E-2 8.4274E-2 6.84908E-2 7.12109E-2 6.77203E-2 5.696E-2 3.64838E-2 3.83125E-2 3.32127E-2 2.02716E-2 9.17461E-3 1.72285E-3 3.74711E-5 1.7168E-6 6.01753E-6 4.92557E-5 6.01342E-4 4.50425E-3 1.28293E-2 3.79696E-2 2.97479E-2 1.47095E-2 1.10957E-2 9.40343E-3 4.81646E-3 2.79221E-3 3.36323E-3 2.85548E-3 1.35674E-3 7.77373E-4 5.13904E-4 3.81155E-5 1.75285E-6 6.32556E-7 5.37423E-7 6.09532E-7 7.31209E-7 6.60762E-7 5.25436E-7 7.48602E-7 4.81907E-7 1.62602E-7 3.23513E-6 4.73603E-5 1.49871E-4 2.68097E-4 1.30188E-4 4.41617E-5 1.4229E-5 3.62403E-6 1.42156E-6 2.70257E-7 6.9009E-8 1.25374E-7 7.12893E-7 2.14914E-6 2.48987E-6 5.89067E-7 2.00208E-8 1.22158E-8 -9999 -9999 -9999 -9999
1.85099E-1 1.52154E-1 1.55987E-1 1.42565E-1 1.02319E-1 8.22754E-2 8.73682E-2 6.32282E-2 5.32518E-2 4.08123E-2 3.06088E-2 2.29036E-2 3.00723E-3 1.28109E-4 3.66225E-6 1.62026E-7 7.62648E-6 6.02613E-4 5.8265E-3 1.73317E-2 2.36775E-2 1.66273E-2 8.54712E-3 6.6954E-3 5.10054E-3 2.40983E-3 1.75595E-3 3.15505E-3 3.2869E-3 1.64624E-3 7.94498E-4 3.87317E-4 9.51161E-5 1.59184E-5 2.63482E-6 5.17684E-7 1.13841E-7 1.05914E-7 2.20383E-7 3.64453E-7 7.31567E-7 1.01231E-6 1.15937E-6 6.73752E-6 6.39266E-5 1.82057E-4 2.49384E-4 1.68043E-4 3.82941E-5 1.0476E-5 3.08659E-6 1.02437E-6 2.25972E-7 8.41523E-8 9.96876E-8 3.79111E-7 1.13182E-6 1.58424E-6 9.37622E-7 1.20919E-7 -9999 -9999 -9999 -9999 -9999
2.63788E-1 2.89661E-1 2.11389E-1 1.54791E-1 1.16318E-1 9.58626E-2 1.15627E-1 1.11588E-1 5.17402E-2 1.65761E-2 1.57801E-2 1.32894E-2 1.50476E-3 1.95086E-4 2.8901E-6 1.38411E-7 6.43002E-6 8.41806E-4 1.08776E-2 2.52928E-2 1.4971E-2 8.36576E-3 3.93771E-3 2.5609E-3 1.82245E-3 8.87186E-4 4.88799E-4 7.02415E-4 8.25692E-4 4.76602E-4 2.50385E-4 1.77973E-4 1.49258E-4 9.50148E-5 1.2024E-5 8.90201E-7 7.39741E-8 5.23722E-8 1.82253E-7 9.93147E-7 1.16016E-6 2.00465E-6 4.78106E-6 1.58113E-5 5.7979E-5 1.44834E-4 1.80307E-4 1.00902E-4 2.46006E-5 8.1828E-6 3.02579E-6 8.62191E-7 3.04308E-7 1.37488E-7 1.29935E-7 2.66369E-7 -9999 -9999 -9999 -9999 -9999 -9999 -9999 -9999 -9999
4.14238E-1 3.24194E-1 1.91585E-1 1.29543E-1 9.66068E-2 8.121E-2 7.95142E-2 5.19877E-2 2.38671E-2 7.36635E-3 4.19006E-3 1.79135E-3 2.49128E-4 2.73063E-5 1.67812E-6 9.37622E-7 5.47329E-5 1.23898E-3 2.73963E-3 4.23211E-3 5.48916E-3 4.97608E-3 1.90635E-3 1.18022E-3 1.08275E-3 4.24622E-4 1.48509E-4 9.18387E-5 8.54636E-5 8.7854E-5 7.73522E-5 9.2477E-5 1.73291E-4 2.27912E-4 3.51044E-5 3.48158E-6 5.55918E-7 2.81445E-7 6.47671E-7 1.2545E-6 3.21971E-6 8.22417E-6 2.31911E-5 5.49425E-5 9.91577E-5 1.1668E-4 9.67549E-5 4.92557E-5 1.57226E-5 6.53828E-6 2.78669E-6 1.09753E-6 4.88828E-7 2.934E-7 2.26588E-7 -9999 -9999 -9999 -9999 -9999 -9999 -9999 -9999 -9999 -9999
3.97251E-1 2.89233E-1 1.54913E-1 9.62791E-2 6.34257E-2 5.74617E-2 4.47609E-2 2.42655E-2 1.05233E-2 3.22036E-3 1.11076E-3 2.97107E-4 3.50525E-5 4.52882E-6 1.09409E-6 1.26607E-6 4.24557E-5 3.22608E-4 1.48044E-4 2.73613E-4 2.29489E-3 5.80151E-3 4.17256E-3 1.70429E-3 4.04285E-4 8.99668E-5 4.3099E-5 3.1162E-5 2.45589E-5 2.03618E-5 2.74961E-5 5.80981E-5 1.16464E-4 1.2585E-4 4.71117E-5 1.10616E-5 3.46985E-6 1.96353E-6 2.20866E-6 4.32159E-6 1.31379E-5 3.1483E-5 9.20891E-5 1.86992E-4 1.95618E-4 1.14719E-4 4.05937E-5 1.97703E-5 6.81092E-6 3.67223E-6 2.09029E-6 1.20682E-6 7.14541E-7 5.72381E-7 7.58814E-7 -9999 -9999 -9999 -9999 -9999 -9999 -9999 -9999 -9999 -9999
3.51903E-1 2.70882E-1 1.5753E-1 1.09623E-1 8.76494E-2 5.50807E-2 3.00398E-2 1.26177E-2 4.71314E-3 1.29417E-3 3.35438E-4 8.79841E-5 2.15431E-5 4.26324E-6 1.48605E-6 2.1757E-6 1.42885E-5 5.28935E-5 6.86931E-5 1.98612E-4 1.59264E-3 6.26876E-3 6.41073E-3 2.10928E-3 2.20549E-4 5.18654E-5 2.71242E-5 2.43288E-5 1.96727E-5 1.06813E-5 1.73543E-5 4.33986E-5 7.53778E-5 8.36638E-5 5.2359E-5 2.61088E-5 1.27322E-5 8.31967E-6 8.56042E-6 1.34063E-5 2.9303E-5 7.43881E-5 2.36557E-4 6.5913E-4 3.19766E-4 8.74855E-5 1.86686E-5 3.46184E-6 1.79341E-6 1.63755E-6 1.54747E-6 1.17526E-6 9.45314E-7 1.00329E-6 1.20682E-6 -9999 -9999 -9999 -9999 -9999 -9999 -9999 -9999 -9999 -9999
