KUENM/Final_Models/M_0.1_F_lq_Set_2_E/sp1_7_se_asia.asc
ncols         320
nrows         243
xllcorner     44.0
yllcorner     -0.666666666666667
cellsize      0.166666666666667
NODATA_value  -9999
[rows 31 to 61 of 243, columns 70 to 139 of 320]
2.3719E-2 2.40981E-2 2.3755E-2 2.40981E-2 2.40981E-2 2.3382E-2 2.30489E-2 2.19716E-2 1.54168E-2 1.18517E-2 1.94234E-2 2.14464E-2 2.11326E-2 1.71136E-2 1.51008E-2 1.35786E-2 1.60507E-2 2.02222E-2 2.4494E-2 2.61066E-2 2.66721E-2 2.75514E-2 2.77284E-2 2.75412E-2 2.55949E-2 1.37835E-2 1.97781E-2 1.47634E-2 6.51238E-3 1.86468E-2 2.90513E-2 3.30005E-2 3.09199E-2 3.2635E-2 3.13084E-2 2.29037E-2 1.6833E-2 1.24156E-2 8.5073E-3 2.12775E-3 2.18456E-3 5.92466E-4 3.73381E-4 4.19227E-5 6.33289E-6 1.08979E-5 9.45985E-6 2.88523E-6 1.0362E-6 6.63106E-7 1.06745E-7 1.47273E-7 2.55749E-8 2.20335E-7 4.25404E-7 1.04825E-6 1.25616E-6 2.07797E-6 8.53029E-7 5.48657E-7 8.61672E-7 3.90173E-7 1.07547E-7 5.36749E-8 2.24793E-8 6.49381E-9 2.92543E-9 1.6568E-8 1.58017E-9 1.92824E-9
2.24325E-2 2.24325E-2 2.24325E-2 2.24325E-2 2.17912E-2 2.1155E-2 2.24361E-2 2.14424E-2 1.71952E-2 1.29226E-2 1.9816E-2 2.03906E-2 1.99798E-2 1.25887E-2 4.49021E-3 4.57127E-3 8.68924E-3 1.4892E-2 1.98692E-2 2.31946E-2 2.47275E-2 2.63398E-2 2.81517E-2 2.1435E-2 2.60389E-2 3.05478E-2 2.59037E-2 2.7491E-2 1.6278E-2 1.41088E-2 2.39901E-2 2.60759E-2 2.45338E-2 2.91339E-2 3.73E-2 3.44171E-2 3.1356E-2 2.75486E-2 2.32591E-2 1.68865E-2 1.48004E-2 6.64515E-3 3.1145E-4 9.45985E-6 1.60541E-4 1.44302E-3 3.76006E-4 2.27537E-5 1.62589E-6 3.36654E-6 3.53599E-6 8.20948E-7 5.89453E-7 5.52042E-7 3.66066E-7 7.9787E-7 7.89985E-7 1.66001E-7 2.1116E-7 8.08086E-8 7.09497E-8 3.41138E-8 1.86374E-8 1.67736E-8 7.91884E-9 1.60625E-8 1.43997E-8 1.13564E-8 3.49986E-8 7.833E-9
2.23769E-2 2.20495E-2 2.20495E-2 2.11302E-2 1.76495E-2 1.42253E-2 1.81805E-2 1.7867E-2 1.42056E-2 1.50584E-2 2.03782E-2 2.0208E-2 1.84656E-2 1.46881E-2 7.1152E-3 3.50427E-3 2.11195E-3 8.68924E-3 1.35161E-2 1.35755E-2 1.53831E-2 2.27097E-2 2.71973E-2 2.1297E-2 1.7447E-2 3.34299E-2 3.56193E-2 3.51636E-2 3.36854E-2 3.14909E-2 2.72066E-2 2.35339E-2 2.91634E-2 2.94534E-2 2.97068E-2 2.244E-2 1.56569E-2 2.6269E-2 3.40134E-2 3.02344E-2 2.36771E-2 1.84095E-2 9.16261E-3 6.26706E-3 3.05078E-3 7.03892E-5 5.69496E-6 9.63624E-6 5.16262E-6 4.41679E-6 1.10826E-6 1.00695E-7 7.55847E-8 1.0366E-7 5.26266E-8 6.05659E-8 5.94576E-8 6.77536E-8 1.58241E-7 8.94609E-8 7.93347E-8 5.55848E-8 1.33852E-7 2.25658E-7 7.76281E-8 6.45247E-8 4.10661E-8 1.09912E-7 2.17215E-8 1.54813E-7
2.16047E-2 2.07257E-2 2.04177E-2 1.90349E-2 1.50667E-2 7.62167E-3 1.32062E-2 1.43243E-2 1.08512E-2 1.68932E-2 1.95674E-2 1.853E-2 1.61851E-2 1.40824E-2 1.08467E-2 7.61356E-3 1.91721E-3 9.41923E-4 4.36789E-3 5.96013E-3 7.40527E-3 1.27408E-2 1.98905E-2 2.37048E-2 2.14631E-2 3.22269E-2 3.34441E-2 3.85409E-2 3.9868E-2 4.01286E-2 4.12055E-2 3.92823E-2 3.3026E-2 3.08498E-2 2.0003E-2 7.44114E-3 1.36402E-2 1.98887E-2 1.45965E-2 1.0356E-2 4.31023E-3 9.71054E-4 1.72937E-4 4.36049E-5 6.66671E-5 2.26411E-5 6.60328E-6 1.34144E-5 2.38603E-6 7.84432E-7 3.14425E-7 2.60365E-7 1.32608E-7 1.4773E-7 9.89313E-8 9.52533E-8 2.62715E-7 1.59773E-7 1.12439E-7 2.97013E-7 4.8208E-7 1.05592E-7 1.51954E-7 1.00748E-6 5.8188E-7 2.408E-7 3.15486E-8 1.64409E-8 1.92522E-7 6.17893E-7
2.02647E-2 1.99606E-2 1.94475E-2 1.84698E-2 1.18846E-2 1.0002E-2 1.48918E-2 9.7791E-3 5.93077E-3 1.26997E-2 1.8451E-2 1.82621E-2 1.57262E-2 1.1519E-2 9.44799E-3 9.7812E-3 7.41234E-3 2.72568E-3 2.16673E-3 6.51167E-3 7.9465E-3 5.90164E-3 1.19422E-2 1.8288E-2 1.96376E-2 2.69456E-2 2.47275E-2 3.14198E-2 3.7721E-2 3.91886E-2 3.38822E-2 3.6055E-2 3.05478E-2 1.89423E-2 1.25831E-2 1.30228E-2 1.52727E-2 1.17714E-2 5.5401E-3 1.75038E-3 9.82551E-4 2.02835E-4 1.28914E-5 4.62307E-6 5.70904E-6 1.06755E-5 1.77685E-5 5.74537E-6 4.17103E-7 3.17318E-7 1.80603E-7 1.18929E-7 9.11338E-8 2.36766E-7 2.99924E-7 3.71491E-7 1.27709E-7 2.09141E-7 8.00695E-8 1.14576E-7 1.97681E-6 4.09491E-7 4.09491E-7 3.11058E-6 7.23753E-8 9.56818E-8 5.24389E-8 1.39834E-7 1.43695E-6 4.29446E-7
1.86863E-2 1.89747E-2 1.72796E-2 1.45099E-2 1.31455E-2 1.78746E-2 2.02354E-2 1.66595E-2 5.96694E-3 5.03458E-3 1.49317E-2 1.6971E-2 1.48413E-2 1.32984E-2 1.06011E-2 1.06965E-2 1.06327E-2 8.9191E-3 4.29557E-3 2.29517E-3 5.70817E-3 7.0846E-3 1.02029E-2 1.42395E-2 9.60188E-3 9.97448E-3 2.35652E-2 2.51935E-2 3.28988E-2 3.56139E-2 3.32011E-2 3.53967E-2 2.74565E-2 1.6549E-2 1.83168E-2 2.01999E-2 1.37568E-2 8.75555E-3 4.1799E-3 4.02552E-3 1.34008E-3 3.08703E-4 1.36995E-4 1.54343E-5 1.52858E-5 2.93568E-6 6.28484E-7 2.93288E-7 1.05755E-6 3.91037E-7 1.42819E-6 1.20035E-6 8.2996E-7 1.4773E-7 2.36766E-7 2.97013E-7 1.64429E-7 8.61672E-7 1.61005E-6 4.84505E-6 5.56002E-6 2.029E-7 2.14258E-6 1.57585E-5 5.62565E-7 5.50294E-6 2.57172E-5 5.16935E-6 8.98406E-8 7.16583E-9
1.90327E-2 1.76648E-2 1.475E-2 8.7209E-3 9.13117E-3 1.84016E-2 2.16162E-2 2.05625E-2 1.36473E-2 2.07627E-3 9.13059E-3 1.31974E-2 1.11948E-2 1.1368E-2 1.18665E-2 1.16606E-2 1.12628E-2 9.35398E-3 1.07689E-2 6.32695E-3 3.28199E-3 4.88024E-3 6.09082E-3 5.2734E-3 1.10515E-2 1.24144E-2 2.12263E-2 2.74862E-2 3.10209E-2 3.31113E-2 3.35763E-2 3.3331E-2 2.94719E-2 2.47275E-2 2.24455E-2 1.81144E-2 1.35672E-2 9.06035E-3 7.24195E-3 6.00695E-3 2.17756E-3 4.08412E-4 2.45597E-4 1.7156E-4 6.79191E-6 3.10203E-6 1.21338E-5 4.91086E-5 4.28684E-5 2.09048E-5 4.19632E-6 2.65191E-6 1.04825E-6 1.03795E-6 4.40293E-7 1.49129E-7 9.23904E-7 1.17691E-6 3.66036E-5 1.24292E-4 2.89305E-5 4.02075E-7 4.32581E-5 2.12036E-4 6.92413E-5 3.81314E-5 7.42023E-7 1.73409E-8 1.82635E-8 2.52009E-7
1.78919E-2 1.51346E-2 1.17631E-2 6.85677E-3 8.7209E-3 1.67559E-2 2.05237E-2 2.12873E-2 1.64076E-2 5.15454E-3 5.23087E-3 1.13119E-2 1.13405E-2 9.65833E-3 1.11942E-2 1.18665E-2 1.2366E-2 1.12123E-2 1.24161E-2 1.10043E-2 6.91621E-3 3.79105E-3 2.63708E-3 1.69171E-3 3.45505E-3 1.80025E-3 4.53872E-3 1.95638E-2 2.91881E-2 3.17837E-2 3.09725E-2 2.82244E-2 2.61468E-2 2.39565E-2 2.0755E-2 1.65177E-2 1.10832E-2 8.89933E-3 1.06893E-2 1.06893E-2 8.83934E-3 5.00195E-3 1.4779E-3 3.8767E-4 2.59978E-4 7.72534E-4 5.68746E-4 1.24292E-4 8.91387E-6 2.74554E-5 1.6264E-5 3.65144E-6 3.14773E-7 4.44608E-7 1.45142E-6 2.32546E-6 1.06229E-5 5.15311E-6 3.12073E-5 5.11679E-5 5.51544E-4 2.09059E-6 9.03227E-5 8.49346E-4 6.02601E-5 1.37194E-5 2.0505E-6 1.68862E-7 3.65583E-7 1.04997E-7
1.69278E-2 1.50872E-2 1.02529E-2 1.0354E-2 1.11356E-2 1.45299E-2 1.94711E-2 2.11663E-2 2.03928E-2 1.49309E-2 6.91515E-3 1.038E-2 1.37061E-2 1.2822E-2 1.28667E-2 1.23895E-2 1.16844E-2 1.07968E-2 1.12123E-2 9.91749E-3 8.14129E-3 4.12872E-3 1.85482E-3 7.69636E-4 1.33502E-3 1.01451E-3 1.71299E-3 4.20234E-3 2.22422E-2 2.70304E-2 2.56772E-2 2.42571E-2 2.34868E-2 2.09856E-2 1.68886E-2 1.57346E-2 1.14898E-2 1.10427E-2 1.21026E-2 1.2905E-2 8.15372E-3 4.04936E-3 2.21572E-3 3.05654E-3 1.42139E-3 2.29684E-3 8.72834E-4 4.81725E-4 1.02693E-3 3.20323E-4 9.7773E-5 1.92187E-5 1.17691E-6 9.05813E-7 1.65919E-6 7.08506E-6 4.15358E-5 2.37987E-5 1.52515E-4 1.39672E-3 4.67753E-4 7.95486E-5 9.60081E-4 2.14223E-4 6.53163E-6 1.29465E-7 2.70621E-7 4.79937E-7 1.35049E-7 7.36679E-8
1.51969E-2 1.568E-2 1.34477E-2 1.10135E-2 9.23966E-3 1.013E-2 1.64295E-2 1.99001E-2 2.18286E-2 2.13515E-2 7.36251E-3 8.46796E-3 1.63428E-2 1.67862E-2 1.60796E-2 1.16942E-2 1.15313E-2 7.628E-3 5.09089E-3 5.07682E-3 6.19444E-3 2.80497E-3 1.47152E-3 1.58378E-3 3.03577E-3 3.46189E-3 4.40987E-3 2.50489E-3 1.59436E-2 2.3947E-2 2.22076E-2 2.26817E-2 2.26505E-2 1.80725E-2 1.66371E-2 1.25298E-2 8.47832E-3 9.19067E-3 1.26998E-2 7.54394E-3 5.39575E-3 7.40897E-3 7.03658E-3 1.96161E-3 1.3457E-3 9.77151E-4 4.06945E-3 1.23891E-3 1.00928E-4 7.75423E-5 6.24612E-6 6.55425E-7 9.33043E-7 5.04891E-6 5.32236E-5 5.27464E-4 6.90333E-4 1.3043E-5 8.9294E-4 5.27355E-3 6.93039E-4 1.036E-3 2.81257E-4 4.08948E-5 2.59869E-6 2.07079E-6 6.59605E-6 2.19697E-7 2.80236E-7 5.82381E-7
1.0347E-2 1.60953E-2 1.38458E-2 1.02529E-2 7.34716E-3 7.69535E-3 1.49639E-2 1.73944E-2 1.81207E-2 2.05625E-2 1.81485E-2 1.64044E-2 1.9573E-2 1.90792E-2 1.90683E-2 1.7736E-2 1.61137E-2 1.347E-2 6.70843E-3 8.37183E-3 8.85149E-3 6.92268E-3 5.50913E-3 1.66025E-3 7.64286E-4 3.82611E-3 7.11406E-3 8.46617E-3 1.51039E-2 1.98473E-2 2.44452E-2 2.3E-2 2.0557E-2 1.70265E-2 1.70265E-2 1.57441E-2 1.32647E-2 1.26431E-2 1.14652E-2 1.01091E-2 1.21128E-2 9.78063E-3 1.21955E-2 1.21016E-2 8.00933E-3 4.53576E-3 4.04155E-3 3.0148E-4 5.541E-5 8.28927E-6 3.5414E-6 3.28633E-5 2.28821E-5 7.57611E-5 1.77875E-3 1.65357E-3 1.90729E-4 1.06338E-4 7.49428E-3 1.22645E-2 1.99608E-3 1.48137E-4 8.30676E-4 2.11659E-4 6.89886E-5 7.19591E-5 5.15344E-6 5.9151E-8 1.6307E-6 4.64684E-5
1.05474E-2 1.32102E-2 1.20505E-2 1.10135E-2 1.0195E-2 1.07411E-2 1.40883E-2 1.7016E-2 1.72796E-2 1.79388E-2 2.02354E-2 2.15252E-2 2.07863E-2 1.90639E-2 1.93513E-2 1.84876E-2 1.84011E-2 1.63501E-2 1.32778E-2 1.14966E-2 3.63912E-3 1.86292E-3 2.55526E-3 2.99242E-3 1.37949E-3 1.03557E-3 6.92268E-3 8.72947E-3 1.34939E-2 2.04997E-2 2.27645E-2 2.37603E-2 2.14424E-2 1.77003E-2 1.42344E-2 1.49811E-2 1.56377E-2 1.25706E-2 1.11744E-2 1.77003E-2 1.80887E-2 1.69677E-2 1.63991E-2 1.12365E-2 1.07689E-2 8.03765E-3 5.48821E-3 1.26867E-3 7.36501E-4 7.00822E-5 8.7444E-5 1.40531E-4 2.41076E-4 2.2425E-3 6.52293E-3 2.4577E-3 5.2253E-4 5.16569E-4 1.06425E-2 7.60817E-3 1.59852E-3 5.90493E-3 3.2192E-3 1.10491E-3 6.06865E-5 2.22849E-6 7.29935E-7 4.58715E-7 2.60867E-5 1.6245E-4
9.13989E-3 1.37795E-2 1.30241E-2 1.1228E-2 1.24186E-2 1.06785E-2 1.25539E-2 1.58897E-2 1.47551E-2 1.08367E-2 1.41298E-2 2.08607E-2 2.11795E-2 1.90349E-2 1.90639E-2 1.82155E-2 1.63179E-2 1.68036E-2 1.44915E-2 1.13556E-2 8.50255E-3 6.70843E-3 2.55429E-3 2.17331E-3 2.87399E-3 2.20259E-3 6.03294E-3 7.37554E-3 7.55646E-3 1.71952E-2 2.23769E-2 2.35288E-2 1.93523E-2 1.39371E-2 1.53108E-2 1.79133E-2 1.68381E-2 1.62943E-2 1.71608E-2 1.71318E-2 1.71429E-2 1.58658E-2 1.34898E-2 1.07512E-2 6.0274E-3 4.52352E-3 2.48112E-3 2.51379E-3 8.95907E-4 6.78774E-4 6.56521E-4 3.05041E-4 1.91433E-3 5.76749E-3 1.07546E-2 4.62481E-3 3.52581E-3 5.63832E-3 2.50499E-2 1.05381E-2 1.64329E-2 1.51736E-2 3.6532E-3 1.27694E-4 1.33828E-6 5.68246E-5 1.89293E-4 2.8117E-4 5.50867E-4 1.8099E-4
1.02208E-2 1.37314E-2 1.45648E-2 1.32402E-2 1.38719E-2 1.45076E-2 1.27839E-2 1.59136E-2 1.49767E-2 9.34826E-3 7.04236E-3 1.98629E-2 2.16847E-2 2.05728E-2 2.12008E-2 1.9869E-2 1.60796E-2 1.30108E-2 9.94137E-3 7.7526E-3 4.68293E-3 5.78415E-3 6.70843E-3 3.21101E-3 2.97239E-3 4.27154E-3 6.8032E-3 7.58501E-3 6.1095E-3 6.68449E-3 1.7867E-2 2.1746E-2 2.01137E-2 1.74195E-2 1.87505E-2 1.77004E-2 1.69147E-2 1.51883E-2 1.56846E-2 1.51587E-2 1.46296E-2 6.3404E-3 6.77973E-3 9.5989E-3 1.04952E-2 1.13036E-2 6.82807E-3 7.49868E-3 6.62901E-3 3.41685E-3 9.53721E-4 2.0789E-3 6.38212E-3 1.1639E-2 1.59456E-2 1.74268E-2 2.13774E-2 2.17412E-2 5.39296E-3 7.7759E-3 9.04346E-3 3.21009E-3 6.3878E-4 9.99407E-5 9.89943E-5 1.07576E-3 1.88269E-3 1.52183E-3 3.42192E-4 1.0472E-3
6.15265E-3 1.16667E-2 1.20376E-2 1.34477E-2 1.32309E-2 1.25539E-2 1.31835E-2 1.56469E-2 1.70737E-2 1.49592E-2 1.46684E-2 2.25986E-2 2.33005E-2 2.21882E-2 2.30348E-2 2.1422E-2 1.96147E-2 1.76495E-2 1.50882E-2 1.33408E-2 9.94137E-3 5.92556E-3 2.57718E-3 2.48113E-3 5.17466E-3 4.61769E-3 3.30452E-3 6.90632E-3 1.2822E-2 1.05735E-2 1.17847E-2 1.7919E-2 1.9364E-2 1.9364E-2 1.73824E-2 1.78173E-2 1.64992E-2 1.6054E-2 1.58074E-2 1.4979E-2 1.56766E-2 1.37812E-2 1.55248E-2 1.68381E-2 1.72229E-2 1.59951E-2 1.45559E-2 1.42627E-2 1.12628E-2 6.8294E-3 5.13715E-3 7.92175E-3 1.0744E-2 1.56312E-2 2.00337E-2 2.34949E-2 2.15646E-2 1.21444E-2 3.48696E-3 2.57046E-3 2.26544E-3 3.14482E-3 2.14374E-3 4.83929E-3 4.26718E-3 6.76045E-3 3.49206E-3 2.9368E-3 3.13075E-3 1.59852E-3
4.10755E-3 7.23419E-3 5.70182E-3 1.09082E-2 1.4524E-2 1.47551E-2 1.56714E-2 1.61356E-2 1.84977E-2 1.76489E-2 1.69147E-2 2.35311E-2 2.34956E-2 2.35623E-2 2.33266E-2 2.23484E-2 2.19594E-2 1.9323E-2 1.68381E-2 1.29554E-2 1.04206E-2 5.98962E-3 3.75322E-3 3.10498E-3 6.16289E-3 9.38218E-3 3.82007E-3 4.05286E-3 1.19126E-2 1.33056E-2 1.37812E-2 1.71524E-2 1.86863E-2 1.96368E-2 1.88962E-2 1.74629E-2 1.65114E-2 1.63482E-2 1.60953E-2 1.5506E-2 1.58543E-2 1.56846E-2 1.69147E-2 1.69208E-2 1.68778E-2 1.70368E-2 1.63179E-2 1.41408E-2 1.29336E-2 1.11056E-2 1.22963E-2 1.48814E-2 1.78354E-2 2.01554E-2 2.33306E-2 2.55888E-2 2.08531E-2 1.38127E-2 6.23426E-3 9.58162E-3 1.19637E-2 1.6257E-2 1.57617E-2 1.50591E-2 7.60929E-3 5.45141E-3 7.99121E-3 7.60025E-3 3.29158E-3 7.90701E-4
3.84783E-3 5.51848E-3 4.98356E-3 5.58658E-3 1.27485E-2 1.52111E-2 1.90327E-2 2.11663E-2 2.16162E-2 2.16162E-2 2.16162E-2 2.42942E-2 2.33802E-2 2.374E-2 2.44737E-2 2.39227E-2 2.23484E-2 2.08848E-2 1.76814E-2 1.40163E-2 9.82681E-3 8.12322E-3 6.8617E-3 4.36438E-3 3.27775E-3 5.65545E-3 5.96259E-3 3.43545E-3 9.54234E-3 9.67579E-3 1.26251E-2 1.63503E-2 1.83201E-2 1.89954E-2 1.78921E-2 1.74844E-2 1.6549E-2 1.61516E-2 1.6549E-2 1.61516E-2 1.66046E-2 1.62459E-2 1.63503E-2 1.68932E-2 1.74351E-2 1.77069E-2 1.76495E-2 1.57523E-2 1.55361E-2 1.58658E-2 1.65673E-2 1.8205E-2 2.05495E-2 2.23399E-2 2.60292E-2 2.08371E-2 1.60033E-2 6.87809E-3 1.03104E-2 1.86754E-2 2.49219E-2 3.23306E-2 3.37361E-2 2.02514E-2 1.74885E-2 1.87738E-2 1.21494E-2 6.88459E-3 1.71506E-3 1.24837E-3
2.25618E-3 8.02853E-4 3.70529E-3 3.91659E-3 9.07019E-3 1.56846E-2 1.85808E-2 2.11638E-2 2.39169E-2 2.46393E-2 2.50209E-2 2.38953E-2 2.32064E-2 2.42262E-2 2.42262E-2 2.45987E-2 2.43883E-2 2.10364E-2 1.82414E-2 1.40163E-2 1.08512E-2 8.98056E-3 9.68405E-3 8.04036E-3 3.33999E-3 2.58763E-3 6.47537E-3 5.75907E-3 9.12748E-3 1.144E-2 1.21424E-2 1.45299E-2 1.74629E-2 1.83165E-2 1.70208E-2 1.66528E-2 1.6542E-2 1.6542E-2 1.60271E-2 1.60367E-2 1.58999E-2 1.69278E-2 1.73E-2 1.76648E-2 1.77473E-2 1.76489E-2 1.69208E-2 1.62943E-2 1.67862E-2 1.75476E-2 1.83381E-2 1.92276E-2 2.13485E-2 2.39328E-2 2.62936E-2 2.66619E-2 2.69456E-2 2.43548E-2 2.49858E-2 3.14909E-2 3.64947E-2 3.6687E-2 3.69676E-2 3.47496E-2 2.43888E-2 1.9504E-2 2.10788E-2 5.85828E-3 1.17498E-3 2.23135E-3
3.40041E-3 2.14198E-3 1.49207E-3 1.1175E-3 5.84394E-3 1.24364E-2 1.32942E-2 9.4023E-3 1.24355E-2 2.46393E-2 2.59457E-2 2.38067E-2 2.42262E-2 2.46617E-2 2.46698E-2 2.46698E-2 2.38953E-2 2.32064E-2 2.01667E-2 1.71774E-2 1.47816E-2 8.18645E-3 6.33469E-3 1.2146E-2 1.16803E-2 7.80872E-3 9.67579E-3 9.7791E-3 1.27071E-2 1.45099E-2 1.31455E-2 1.475E-2 1.72132E-2 1.78234E-2 1.75434E-2 1.6925E-2 1.6925E-2 1.62305E-2 1.61337E-2 1.70208E-2 1.71864E-2 1.71864E-2 1.73411E-2 1.74629E-2 1.64992E-2 1.59136E-2 1.56863E-2 1.69208E-2 1.69054E-2 1.85108E-2 1.96557E-2 2.0247E-2 2.21069E-2 2.36661E-2 2.77012E-2 3.17837E-2 3.3553E-2 3.64844E-2 4.27863E-2 4.29581E-2 4.37216E-2 4.59378E-2 4.64441E-2 4.3056E-2 4.44917E-2 3.84323E-2 2.61997E-2 1.07344E-2 6.49291E-3 5.81438E-3
6.7497E-3 2.95008E-3 3.82777E-3 1.80647E-3 2.42778E-3 7.5828E-3 1.34048E-2 1.74195E-2 1.92807E-2 2.57237E-2 2.62377E-2 2.57066E-2 2.54074E-2 2.50209E-2 2.49824E-2 2.49824E-2 2.46624E-2 2.31374E-2 2.14903E-2 1.81926E-2 1.81926E-2 1.74351E-2 1.37812E-2 1.301E-2 1.46684E-2 1.03483E-2 9.65893E-3 1.37611E-2 1.38033E-2 1.26504E-2 1.56112E-2 1.48535E-2 1.69456E-2 1.76057E-2 1.70544E-2 1.64614E-2 1.67264E-2 1.62002E-2 1.64614E-2 1.6658E-2 1.6925E-2 1.71135E-2 1.77347E-2 1.61763E-2 1.58543E-2 1.63503E-2 1.66032E-2 1.68932E-2 1.7415E-2 1.87505E-2 2.04177E-2 2.16047E-2 2.21069E-2 2.1396E-2 2.38048E-2 2.93431E-2 3.292E-2 3.87286E-2 4.47949E-2 4.88521E-2 4.87566E-2 5.38312E-2 5.19937E-2 5.27544E-2 4.10549E-2 4.26218E-2 1.70133E-2 8.55954E-3 8.07491E-3 6.30294E-3
9.74579E-3 8.60443E-3 5.3373E-3 2.75175E-3 3.32113E-4 1.4374E-3 1.16122E-2 1.51555E-2 2.01688E-2 2.61035E-2 2.68852E-2 2.65278E-2 2.55497E-2 2.59457E-2 2.55497E-2 2.51588E-2 2.46007E-2 2.31374E-2 2.21663E-2 2.08792E-2 1.90714E-2 1.97513E-2 1.80915E-2 1.3918E-2 1.49309E-2 1.06214E-2 4.67048E-3 1.44841E-2 1.61006E-2 1.43076E-2 1.49639E-2 1.72132E-2 1.71864E-2 1.76057E-2 1.67843E-2 1.67843E-2 1.62554E-2 1.62554E-2 1.6518E-2 1.65642E-2 1.67843E-2 1.70544E-2 1.75434E-2 1.78442E-2 1.7616E-2 1.70336E-2 1.72097E-2 1.7016E-2 1.80915E-2 1.9364E-2 2.09887E-2 2.31805E-2 2.24325E-2 2.25307E-2 2.44737E-2 2.73055E-2 3.27065E-2 3.61783E-2 4.13908E-2 4.41598E-2 4.75543E-2 5.64045E-2 5.43741E-2 5.50747E-2 5.656E-2 4.39479E-2 9.15683E-3 6.29146E-3 5.80141E-3 5.06953E-3
5.05909E-3 1.09825E-2 8.30707E-3 4.62052E-3 2.31613E-3 1.18541E-3 5.54503E-3 1.07215E-2 5.47265E-3 2.3739E-2 2.69379E-2 2.66449E-2 2.66843E-2 2.60872E-2 2.54869E-2 2.56861E-2 2.54392E-2 2.35483E-2 2.25986E-2 2.00951E-2 1.76041E-2 1.89747E-2 2.02498E-2 1.59268E-2 1.5207E-2 1.16248E-2 1.0002E-2 1.44841E-2 1.58543E-2 1.65114E-2 1.60953E-2 1.72915E-2 1.79397E-2 1.7657E-2 1.73281E-2 1.62554E-2 1.62554E-2 1.63004E-2 1.63351E-2 1.68686E-2 1.68686E-2 1.7103E-2 1.7657E-2 1.67538E-2 1.62555E-2 1.66046E-2 1.76648E-2 1.78435E-2 1.91564E-2 2.10364E-2 2.23484E-2 2.3739E-2 2.36784E-2 2.35962E-2 2.33211E-2 2.87956E-2 3.292E-2 3.79899E-2 4.03707E-2 4.6229E-2 4.9791E-2 6.07969E-2 6.67484E-2 7.74828E-2 8.19396E-2 4.28258E-2 4.10111E-3 3.63028E-3 2.53322E-3 2.55753E-3
9.68405E-3 5.23925E-3 9.35902E-3 7.91807E-3 6.59039E-3 2.45272E-3 2.14436E-3 3.68916E-3 4.00274E-3 1.71429E-2 2.3739E-2 2.74754E-2 2.58535E-2 2.5529E-2 2.48012E-2 2.48012E-2 2.45821E-2 2.46723E-2 2.24883E-2 2.14953E-2 1.97894E-2 1.93275E-2 1.99001E-2 1.82164E-2 1.59136E-2 1.35532E-2 1.30413E-2 1.13633E-2 1.17781E-2 1.59959E-2 1.82269E-2 1.81725E-2 1.82997E-2 1.7981E-2 1.7657E-2 1.6518E-2 1.68318E-2 1.68686E-2 1.66252E-2 1.63351E-2 1.58794E-2 1.54147E-2 1.61337E-2 1.61516E-2 1.61516E-2 1.69278E-2 1.78919E-2 1.94877E-2 1.96368E-2 2.14903E-2 2.32064E-2 2.39219E-2 2.43151E-2 2.35962E-2 2.54524E-2 3.04113E-2 3.38751E-2 3.98311E-2 4.36848E-2 4.91213E-2 5.47284E-2 6.00994E-2 7.4121E-2 8.32297E-2 8.45336E-2 1.33172E-2 5.29363E-3 2.13832E-3 2.33933E-3 3.17401E-3
1.2022E-2 1.10347E-2 5.62807E-3 5.39646E-3 7.27328E-3 7.87954E-3 2.58952E-3 1.11669E-3 2.2924E-3 5.21765E-3 1.20371E-2 2.78351E-2 2.57616E-2 2.58535E-2 2.48012E-2 2.44579E-2 2.36999E-2 2.35329E-2 2.41777E-2 2.31232E-2 2.14443E-2 2.12486E-2 1.94877E-2 1.72796E-2 1.54489E-2 1.42651E-2 9.51578E-3 8.35126E-3 8.47039E-3 1.01042E-2 1.81262E-2 1.88895E-2 1.9222E-2 1.8319E-2 1.76971E-2 1.68686E-2 1.63351E-2 1.66252E-2 1.74676E-2 1.66E-2 1.49317E-2 1.54147E-2 1.50533E-2 1.59111E-2 1.64213E-2 1.73411E-2 1.85855E-2 1.97061E-2 2.07483E-2 2.25986E-2 2.38067E-2 2.47765E-2 2.42323E-2 2.59162E-2 2.78004E-2 3.24166E-2 3.76598E-2 4.24166E-2 4.62029E-2 5.236E-2 5.9121E-2 6.68058E-2 7.89932E-2 8.23311E-2 3.82383E-2 1.89207E-2 3.57625E-2 3.3646E-2 3.02344E-2 1.73348E-2
1.40609E-2 1.29336E-2 9.44799E-3 2.323E-3 2.41684E-3 4.86987E-3 7.21312E-3 5.58408E-3 2.67641E-4 1.13244E-3 3.11488E-3 2.40155E-2 2.53632E-2 2.51925E-2 2.47429E-2 2.42857E-2 2.36027E-2 2.2639E-2 2.30815E-2 2.29452E-2 2.328E-2 2.17967E-2 1.94023E-2 1.79388E-2 1.52146E-2 1.35532E-2 9.92646E-3 8.85957E-3 1.01538E-2 8.10452E-3 1.58074E-2 1.9222E-2 1.92046E-2 1.86174E-2 1.8621E-2 1.68946E-2 1.66252E-2 1.71891E-2 1.71833E-2 1.71833E-2 1.68946E-2 1.691E-2 1.6658E-2 1.62305E-2 1.76626E-2 1.80306E-2 1.94956E-2 2.01184E-2 2.14443E-2 2.31717E-2 2.42262E-2 2.3739E-2 2.39614E-2 2.76998E-2 3.05953E-2 3.41365E-2 3.86148E-2 4.41717E-2 4.90013E-2 5.56032E-2 6.21432E-2 7.25576E-2 7.95945E-2 7.61371E-2 1.50149E-2 4.99838E-2 5.54409E-2 4.66834E-2 2.89441E-2 1.35367E-2
1.3105E-2 1.27191E-2 1.22963E-2 1.03359E-2 6.26459E-3 2.30754E-3 2.87085E-3 7.29843E-3 5.09947E-3 2.58019E-3 4.43066E-3 2.42395E-2 2.63386E-2 2.52366E-2 2.33285E-2 2.32328E-2 2.29885E-2 2.19137E-2 2.32328E-2 2.26171E-2 2.33767E-2 2.24134E-2 2.10438E-2 1.85769E-2 1.63848E-2 1.27071E-2 6.5183E-3 7.49372E-3 1.01538E-2 9.85204E-3 1.68643E-2 1.98241E-2 1.97581E-2 1.91776E-2 1.8874E-2 1.83225E-2 1.80318E-2 1.7184E-2 1.71891E-2 1.76624E-2 1.76124E-2 1.77287E-2 1.74171E-2 1.73281E-2 1.76971E-2 1.89163E-2 1.95184E-2 1.89954E-2 2.17807E-2 2.31964E-2 2.38067E-2 2.39219E-2 2.64804E-2 2.83197E-2 3.15878E-2 3.63777E-2 4.00708E-2 4.60567E-2 5.23018E-2 5.84562E-2 6.64872E-2 7.34599E-2 8.02902E-2 5.78614E-2 3.73E-2 5.05285E-2 4.46078E-2 3.13273E-2 9.50389E-3 6.82787E-3
5.70838E-3 7.10518E-3 8.81844E-3 9.41651E-3 8.25863E-3 8.9483E-3 5.3044E-3 7.57426E-3 8.24353E-3 3.79105E-3 5.42922E-4 1.36903E-2 2.53582E-2 2.48662E-2 2.26225E-2 2.2639E-2 2.26267E-2 2.22698E-2 2.18926E-2 2.21618E-2 2.3023E-2 2.30709E-2 2.13734E-2 1.94711E-2 1.82993E-2 9.53324E-3 5.80391E-3 8.3512E-3 1.07813E-2 1.0002E-2 1.78919E-2 2.03951E-2 2.06025E-2 2.00225E-2 1.94461E-2 1.91384E-2 1.82405E-2 1.77287E-2 1.74456E-2 1.74456E-2 1.76624E-2 1.77011E-2 1.77287E-2 1.80157E-2 1.83068E-2 1.89163E-2 1.87549E-2 1.97061E-2 2.04299E-2 2.26745E-2 2.29756E-2 2.31805E-2 2.67406E-2 3.01993E-2 3.327E-2 3.677E-2 4.14762E-2 4.73892E-2 5.17932E-2 5.80615E-2 6.56496E-2 7.20694E-2 7.71602E-2 7.02476E-2 5.37718E-2 4.67951E-2 1.92134E-2 2.25496E-2 1.01457E-2 5.5405E-4
2.5723E-3 1.89012E-3 2.72368E-3 3.2207E-3 4.25694E-3 3.78599E-3 6.05904E-3 6.94102E-3 6.55149E-3 6.01928E-3 5.76342E-4 1.67065E-3 1.54168E-2 2.42239E-2 2.19283E-2 2.15391E-2 2.15809E-2 2.12281E-2 2.09004E-2 2.12281E-2 2.30815E-2 2.2844E-2 2.24134E-2 2.13734E-2 2.0326E-2 1.19661E-2 5.28393E-3 9.53324E-3 1.13363E-2 7.85151E-3 1.59136E-2 2.04344E-2 2.07608E-2 2.04334E-2 2.04334E-2 1.9881E-2 1.92553E-2 1.84226E-2 1.819E-2 1.80549E-2 1.82636E-2 1.819E-2 1.82405E-2 1.82405E-2 1.90872E-2 1.86127E-2 1.7566E-2 1.80378E-2 1.90327E-2 2.08792E-2 2.25261E-2 2.338E-2 2.72463E-2 3.00503E-2 3.35207E-2 3.72608E-2 4.12182E-2 4.74189E-2 5.21413E-2 5.88794E-2 6.45004E-2 6.87239E-2 7.29714E-2 5.04424E-2 4.50636E-2 3.72411E-2 1.7656E-2 8.8506E-3 4.684E-3 5.09405E-3
1.46419E-3 6.09296E-4 9.25164E-4 1.64528E-3 3.03016E-3 4.36675E-3 3.44462E-3 3.72852E-3 1.48853E-3 3.35148E-4 1.57053E-3 4.16754E-4 5.48404E-3 2.16847E-2 2.38552E-2 2.15391E-2 2.01613E-2 2.05534E-2 1.98758E-2 2.01111E-2 2.02385E-2 2.13936E-2 2.21152E-2 2.23575E-2 2.09895E-2 1.61351E-2 1.13939E-2 1.02501E-2 1.24355E-2 7.4437E-3 1.09433E-2 2.06422E-2 2.19454E-2 2.12035E-2 2.07384E-2 2.04101E-2 2.00862E-2 1.90063E-2 1.91674E-2 1.90086E-2 1.85358E-2 1.88602E-2 1.89573E-2 1.83487E-2 1.83225E-2 1.73862E-2 1.67707E-2 1.72097E-2 1.66032E-2 1.76489E-2 1.95172E-2 2.26888E-2 2.64485E-2 3.00503E-2 3.25622E-2 3.73682E-2 4.18871E-2 4.55558E-2 5.21931E-2 5.56608E-2 6.07792E-2 6.32223E-2 6.67872E-2 4.01843E-2 4.37908E-2 3.58838E-2 2.39069E-2 1.2875E-2 1.24032E-2 3.31475E-2
6.20757E-3 3.05654E-3 1.67747E-3 7.18311E-4 3.74503E-4 2.50056E-3 3.56001E-3 2.77165E-3 2.43626E-3 1.48853E-3 6.80741E-4 1.41786E-3 3.79105E-3 1.57262E-2 2.42803E-2 2.15823E-2 2.05272E-2 2.01111E-2 1.97279E-2 1.97891E-2 1.98384E-2 2.18026E-2 2.26171E-2 2.26527E-2 2.19871E-2 1.04162E-2 1.01144E-2 7.89107E-3 9.68405E-3 1.14417E-2 8.4292E-3 1.42E-2 2.05237E-2 2.18648E-2 2.16029E-2 2.09327E-2 2.04203E-2 1.91464E-2 1.92736E-2 1.95874E-2 1.93182E-2 1.90063E-2 1.81281E-2 1.775E-2 1.75434E-2 1.61516E-2 1.34171E-2 1.45252E-2 1.42302E-2 1.586E-2 1.82459E-2 2.19971E-2 2.60953E-2 2.85549E-2 3.31142E-2 3.68535E-2 4.05788E-2 4.40714E-2 4.89671E-2 5.34622E-2 5.81679E-2 5.92616E-2 6.69686E-2 4.88521E-2 4.30941E-2 1.80962E-2 1.76281E-2 7.91849E-3 9.95699E-3 5.49812E-2
1.0146E-2 6.13593E-3 2.59059E-3 7.68319E-4 1.61704E-4 4.77971E-4 4.577E-4 4.18694E-4 6.26802E-4 3.26334E-4 2.29601E-3 4.70659E-3 4.30676E-3 1.29217E-2 2.14903E-2 2.26447E-2 2.23613E-2 2.09017E-2 2.05672E-2 2.05534E-2 1.98758E-2 2.05672E-2 2.1738E-2 2.22681E-2 2.34349E-2 1.27663E-2 5.31432E-3 6.31479E-3 7.3208E-3 6.8617E-3 8.27784E-3 1.18217E-2 9.39713E-3 1.71732E-2 2.20124E-2 2.14423E-2 2.12693E-2 2.05953E-2 1.99464E-2 1.91413E-2 1.91413E-2 1.82405E-2 1.7745E-2 1.73281E-2 1.6542E-2 1.4284E-2 1.14498E-2 1.16248E-2 1.1889E-2 1.38099E-2 1.49744E-2 1.57642E-2 1.74415E-2 2.30489E-2 3.20033E-2 3.61642E-2 3.92145E-2 4.36106E-2 4.76431E-2 5.04593E-2 5.3684E-2 5.62889E-2 6.61947E-2 5.35551E-2 3.26365E-2 1.3187E-2 9.12209E-3 3.81915E-3 1.06802E-2 6.36454E-2
