KUENM/Final_Models/M_0.1_F_lq_Set_2_E/sp1_1.asc
ncols         197
nrows         210
xllcorner     56.1666666666667
yllcorner     4.5
cellsize      0.166666666666667
NODATA_value  -9999
[rows 84 to 111 of 210, columns 65 to 129 of 197]
1.51471E-1 1.55806E-1 1.58689E-1 1.61884E-1 1.67513E-1 1.63601E-1 1.5858E-1 1.49768E-1 1.43945E-1 1.52242E-1 1.67584E-1 1.8943E-1 2.0486E-1 2.03045E-1 1.86157E-1 1.6673E-1 1.67548E-1 1.84831E-1 2.04639E-1 2.21824E-1 2.34176E-1 2.35961E-1 2.4495E-1 2.55876E-1 2.55016E-1 2.88002E-1 3.09404E-1 3.17822E-1 3.20208E-1 3.22106E-1 3.55061E-1 4.33191E-1 4.79612E-1 5.03023E-1 5.36165E-1 5.88923E-1 6.19204E-1 6.34511E-1 6.415E-1 6.41511E-1 5.50059E-1 4.81304E-1 5.23386E-1 5.58011E-1 5.89494E-1 6.15813E-1 6.30497E-1 6.29804E-1 6.32655E-1 6.19016E-1 5.85152E-1 6.01948E-1 6.20919E-1 6.19308E-1 6.32001E-1 6.4152E-1 6.3093E-1 5.90736E-1 5.36561E-1 4.48217E-1 3.81773E-1 4.90768E-1 4.0341E-1 3.5671E-1 3.80544E-1
1.6303E-1 1.64755E-1 1.65748E-1 1.73163E-1 1.81345E-1 1.77889E-1 1.67653E-1 1.64537E-1 1.61063E-1 1.6668E-1 1.84871E-1 2.01027E-1 2.15019E-1 2.20353E-1 2.03045E-1 1.8778E-1 1.85603E-1 2.04639E-1 2.32397E-1 2.63234E-1 2.74368E-1 2.76234E-1 2.83722E-1 2.86644E-1 2.89891E-1 3.08269E-1 3.30347E-1 3.41072E-1 3.50532E-1 3.61843E-1 3.85794E-1 4.2256E-1 4.73135E-1 5.33432E-1 5.79867E-1 6.23793E-1 6.42271E-1 6.43646E-1 6.46263E-1 5.92118E-1 4.58124E-1 5.33031E-1 5.63158E-1 5.84285E-1 6.06912E-1 6.25143E-1 6.24903E-1 6.14022E-1 6.02972E-1 5.60799E-1 5.38835E-1 6.01517E-1 6.24059E-1 5.9409E-1 6.01065E-1 6.02869E-1 5.81381E-1 5.70673E-1 5.40166E-1 4.69024E-1 3.72633E-1 4.78171E-1 3.86825E-1 3.39732E-1 3.48352E-1
1.77327E-1 1.79496E-1 1.84088E-1 1.83798E-1 1.90008E-1 1.88066E-1 1.83376E-1 1.76064E-1 1.78484E-1 1.83264E-1 1.97111E-1 2.06444E-1 2.1687E-1 2.23858E-1 2.16741E-1 2.07772E-1 2.20959E-1 2.35961E-1 2.68788E-1 3.02583E-1 3.12066E-1 3.13965E-1 3.18875E-1 3.25877E-1 3.35435E-1 3.47472E-1 3.63345E-1 3.73091E-1 3.89802E-1 4.13267E-1 4.35856E-1 4.64856E-1 5.15906E-1 5.71365E-1 6.23418E-1 6.49793E-1 6.52672E-1 6.44718E-1 5.27446E-1 3.09217E-1 4.69426E-1 5.61357E-1 5.82646E-1 5.988E-1 6.04082E-1 6.13142E-1 6.127E-1 5.85449E-1 5.69541E-1 4.94313E-1 4.49453E-1 4.69581E-1 5.45228E-1 5.99141E-1 5.88312E-1 5.59383E-1 5.18741E-1 5.2078E-1 5.09605E-1 4.33588E-1 3.46714E-1 3.87185E-1 3.63996E-1 3.20243E-1 2.98325E-1
1.83558E-1 1.94095E-1 1.92479E-1 1.97346E-1 1.95628E-1 1.9708E-1 1.94805E-1 1.94697E-1 1.97681E-1 2.02709E-1 2.13292E-1 2.15019E-1 2.22103E-1 2.25619E-1 2.29021E-1 2.33966E-1 2.49533E-1 2.66934E-1 2.95019E-1 3.23469E-1 3.40576E-1 3.45528E-1 3.60153E-1 3.67894E-1 3.76639E-1 3.87649E-1 4.0081E-1 4.24209E-1 4.43435E-1 4.69888E-1 5.0925E-1 5.32055E-1 5.9152E-1 6.20494E-1 6.53537E-1 6.27853E-1 6.32412E-1 5.64298E-1 3.47804E-1 4.01842E-1 5.08869E-1 5.52677E-1 5.90411E-1 6.03954E-1 6.01756E-1 5.92844E-1 5.5165E-1 5.36328E-1 5.4419E-1 5.23981E-1 4.77798E-1 4.54881E-1 4.68837E-1 5.41078E-1 5.84389E-1 5.21829E-1 4.78936E-1 4.67618E-1 4.53277E-1 3.72621E-1 2.81396E-1 2.31381E-1 2.55227E-1 2.68466E-1 2.60459E-1
1.69654E-1 1.85704E-1 1.9244E-1 1.95786E-1 1.996E-1 2.10583E-1 2.09845E-1 2.11687E-1 2.15136E-1 2.18608E-1 2.27384E-1 2.22103E-1 2.27251E-1 2.32577E-1 2.44762E-1 2.5869E-1 2.7352E-1 2.94192E-1 3.13165E-1 3.39823E-1 3.61537E-1 3.74732E-1 3.90378E-1 4.0628E-1 4.1507E-1 4.31266E-1 4.51977E-1 4.81584E-1 5.06381E-1 5.38997E-1 5.80517E-1 6.04376E-1 6.30637E-1 6.44332E-1 5.97147E-1 5.74952E-1 5.33547E-1 4.10183E-1 2.51979E-1 3.69476E-1 5.06546E-1 5.72159E-1 5.99176E-1 6.07283E-1 5.92609E-1 5.67216E-1 5.122E-1 4.72E-1 4.82739E-1 4.69675E-1 4.52887E-1 4.51974E-1 4.54433E-1 5.31514E-1 5.05874E-1 4.80493E-1 4.51449E-1 4.46492E-1 4.13843E-1 3.40491E-1 2.43568E-1 1.38626E-1 1.48592E-1 2.26618E-1 2.49063E-1
-9999 1.82524E-1 1.9244E-1 2.00753E-1 2.08648E-1 2.16609E-1 2.20959E-1 2.251E-1 2.30797E-1 2.34362E-1 2.37947E-1 2.25486E-1 2.34362E-1 2.46988E-1 2.6494E-1 2.79868E-1 2.94192E-1 3.11263E-1 3.36834E-1 3.55854E-1 3.79002E-1 3.92068E-1 4.15365E-1 4.30576E-1 4.48576E-1 4.79989E-1 5.07736E-1 5.40343E-1 5.65299E-1 5.95859E-1 6.22257E-1 6.42685E-1 6.49172E-1 6.56879E-1 1.01954E-1 5.66687E-1 4.49316E-1 3.70423E-1 3.54826E-1 3.53884E-1 5.21121E-1 5.7948E-1 5.91471E-1 5.65912E-1 5.42277E-1 5.06562E-1 4.94666E-1 4.6086E-1 4.18547E-1 3.9343E-1 4.09918E-1 4.59038E-1 4.53448E-1 4.98854E-1 4.31941E-1 3.72636E-1 4.10361E-1 4.13247E-1 3.88737E-1 3.06055E-1 2.22117E-1 1.22474E-1 1.42459E-1 2.23459E-1 2.70128E-1
-9999 1.88911E-1 1.98687E-1 2.03997E-1 2.19317E-1 2.27696E-1 2.35961E-1 2.42279E-1 2.49533E-1 2.55712E-1 2.55712E-1 2.53877E-1 2.59392E-1 2.72381E-1 2.83626E-1 2.96847E-1 3.10144E-1 3.21578E-1 3.41142E-1 3.66005E-1 3.88354E-1 4.1717E-1 4.57958E-1 4.7317E-1 4.95745E-1 5.19389E-1 5.51704E-1 5.87057E-1 6.05866E-1 6.29216E-1 6.49361E-1 6.60958E-1 6.60649E-1 6.38787E-1 5.6698E-1 3.119E-1 4.63591E-1 3.44506E-1 3.80639E-1 3.4875E-1 5.77331E-1 6.30497E-1 6.21476E-1 5.46107E-1 4.88484E-1 4.35115E-1 3.98223E-1 3.98598E-1 4.11205E-1 4.33188E-1 4.70346E-1 4.92242E-1 5.00605E-1 4.87238E-1 3.89717E-1 3.45482E-1 3.69298E-1 4.30895E-1 3.47324E-1 2.57575E-1 2.34533E-1 1.89101E-1 2.03983E-1 2.56876E-1 2.81396E-1
-9999 1.93239E-1 2.05328E-1 2.14137E-1 2.24636E-1 2.33342E-1 2.45543E-1 2.59548E-1 2.78102E-1 2.92302E-1 2.96083E-1 3.0064E-1 3.04438E-1 3.08241E-1 3.12048E-1 3.18244E-1 3.25877E-1 3.39405E-1 3.52736E-1 3.75265E-1 4.04452E-1 4.40239E-1 4.81095E-1 4.95462E-1 5.25268E-1 5.54569E-1 5.85833E-1 6.11374E-1 6.22349E-1 6.39693E-1 6.58279E-1 6.70148E-1 6.65398E-1 5.9342E-1 4.05439E-1 4.0068E-1 4.83949E-1 3.31876E-1 2.74439E-1 4.17002E-1 6.1396E-1 6.52947E-1 6.45259E-1 5.62709E-1 5.34914E-1 4.54651E-1 3.83891E-1 3.5878E-1 3.98728E-1 4.33915E-1 4.77798E-1 4.85554E-1 5.00605E-1 4.56729E-1 3.8696E-1 3.54677E-1 3.74687E-1 3.74266E-1 3.08489E-1 2.38247E-1 2.61347E-1 2.81322E-1 2.84777E-1 2.95173E-1 3.0023E-1
-9999 -9999 2.11446E-1 2.24059E-1 2.33231E-1 2.4771E-1 2.6409E-1 2.86137E-1 3.10659E-1 3.32976E-1 3.55015E-1 3.62581E-1 3.60692E-1 3.53957E-1 3.53957E-1 3.54463E-1 3.4876E-1 3.50835E-1 3.64115E-1 3.84628E-1 4.1717E-1 4.55731E-1 4.86056E-1 5.18139E-1 5.48209E-1 5.79335E-1 6.07484E-1 6.34875E-1 6.41586E-1 6.4743E-1 6.63062E-1 6.70608E-1 6.68834E-1 6.34493E-1 5.22867E-1 4.92479E-1 4.85133E-1 3.3877E-1 4.59478E-1 5.95075E-1 6.41898E-1 6.60299E-1 6.63283E-1 6.36655E-1 6.29444E-1 5.2632E-1 3.5878E-1 3.46858E-1 3.95349E-1 4.23546E-1 4.71064E-1 5.10059E-1 4.81347E-1 4.1935E-1 3.90511E-1 3.90989E-1 4.0147E-1 3.88163E-1 2.76689E-1 2.41313E-1 2.79343E-1 3.50085E-1 3.63996E-1 3.30265E-1 2.90126E-1
-9999 -9999 2.23386E-1 2.38068E-1 2.50554E-1 2.69298E-1 2.86306E-1 3.14613E-1 3.46677E-1 3.82324E-1 4.13204E-1 4.23422E-1 4.12636E-1 3.98914E-1 3.85953E-1 3.79002E-1 3.75749E-1 3.57626E-1 3.62222E-1 4.03303E-1 4.3902E-1 4.75698E-1 5.17934E-1 5.42925E-1 5.74958E-1 5.99277E-1 6.23883E-1 6.43205E-1 6.54251E-1 6.57882E-1 6.68531E-1 6.6924E-1 6.70148E-1 6.61439E-1 5.94324E-1 4.93313E-1 4.4289E-1 4.32474E-1 4.85554E-1 5.98263E-1 6.6089E-1 6.56584E-1 6.69499E-1 6.67662E-1 6.22503E-1 5.00169E-1 3.69183E-1 3.52974E-1 3.83599E-1 4.17701E-1 4.68093E-1 4.85559E-1 3.9704E-1 3.59084E-1 3.86194E-1 4.05262E-1 3.92785E-1 3.66907E-1 2.80403E-1 2.33518E-1 2.64871E-1 3.56689E-1 3.76874E-1 3.18411E-1 1.86629E-1
-9999 -9999 -9999 2.49755E-1 2.61403E-1 2.87798E-1 3.16344E-1 3.42727E-1 3.74865E-1 4.25705E-1 4.64937E-1 4.73945E-1 4.61936E-1 4.39304E-1 4.02588E-1 3.63428E-1 3.29207E-1 3.20152E-1 3.54636E-1 4.06797E-1 4.47706E-1 4.94809E-1 5.34376E-1 5.60772E-1 5.89165E-1 6.10485E-1 6.23478E-1 6.34875E-1 6.42603E-1 6.59143E-1 6.72088E-1 6.72896E-1 6.73667E-1 6.66656E-1 6.29028E-1 5.30547E-1 4.64657E-1 5.08918E-1 5.19418E-1 5.42535E-1 6.34571E-1 6.67386E-1 6.67984E-1 6.32775E-1 5.21912E-1 4.78457E-1 3.53647E-1 3.38283E-1 4.00166E-1 4.49778E-1 4.41086E-1 4.43495E-1 3.99045E-1 3.77757E-1 3.90476E-1 3.81969E-1 3.52644E-1 2.98774E-1 2.50249E-1 2.01145E-1 1.9334E-1 2.96997E-1 3.39577E-1 2.47596E-1 1.11586E-1
-9999 -9999 -9999 -9999 -9999 -9999 -9999 3.66395E-1 4.07385E-1 4.49918E-1 4.75752E-1 4.93142E-1 4.99067E-1 4.86313E-1 4.28758E-1 3.34928E-1 2.48809E-1 2.8596E-1 3.62222E-1 4.26827E-1 4.87474E-1 5.34893E-1 5.68201E-1 5.88448E-1 6.02173E-1 6.1621E-1 6.29481E-1 6.3769E-1 6.46119E-1 6.59932E-1 6.71312E-1 6.73845E-1 6.70664E-1 6.61523E-1 6.41449E-1 5.93957E-1 5.34662E-1 5.34662E-1 5.46298E-1 5.80977E-1 6.37918E-1 6.5943E-1 6.48991E-1 5.52663E-1 3.42152E-1 3.45574E-1 2.98807E-1 2.90883E-1 3.99671E-1 4.20294E-1 3.99671E-1 4.03767E-1 3.81166E-1 3.9704E-1 3.66051E-1 3.15982E-1 2.79063E-1 2.53729E-1 2.08627E-1 1.38547E-1 1.33591E-1 2.07294E-1 2.77809E-1 1.55114E-1 5.3974E-2
-9999 -9999 -9999 -9999 -9999 -9999 -9999 -9999 4.30395E-1 4.58224E-1 4.88478E-1 5.09122E-1 5.23907E-1 5.2446E-1 4.81883E-1 3.97075E-1 3.41726E-1 3.62581E-1 4.12246E-1 4.74585E-1 5.32055E-1 5.69756E-1 5.88432E-1 5.99162E-1 6.12256E-1 6.24252E-1 6.36388E-1 6.45528E-1 6.55304E-1 6.65066E-1 6.7321E-1 6.69215E-1 6.54329E-1 6.45174E-1 6.45E-1 6.30397E-1 5.8931E-1 5.76747E-1 5.78105E-1 5.79221E-1 5.97095E-1 6.26633E-1 6.33481E-1 5.39985E-1 3.53052E-1 3.27839E-1 2.70298E-1 2.62362E-1 3.20179E-1 3.46594E-1 3.69183E-1 3.81166E-1 3.68398E-1 3.68398E-1 3.07797E-1 2.20987E-1 1.94809E-1 1.9642E-1 1.62453E-1 8.31566E-2 5.74664E-2 8.23799E-2 1.16005E-1 7.17802E-2 3.41975E-2
-9999 -9999 -9999 -9999 -9999 -9999 -9999 -9999 -9999 4.69618E-1 4.91536E-1 5.11971E-1 5.34248E-1 5.25735E-1 5.02986E-1 4.77307E-1 4.74415E-1 4.70727E-1 4.79944E-1 5.17366E-1 5.4846E-1 5.74239E-1 5.9263E-1 6.07777E-1 6.23883E-1 6.32323E-1 6.44964E-1 6.5277E-1 6.56361E-1 6.66745E-1 6.72144E-1 6.60282E-1 6.28426E-1 6.12587E-1 6.36768E-1 6.24472E-1 5.77471E-1 5.57003E-1 5.74467E-1 5.66992E-1 5.19313E-1 4.88789E-1 5.39751E-1 4.87554E-1 2.81909E-1 2.6671E-1 3.19217E-1 3.06587E-1 2.9509E-1 3.08899E-1 3.71797E-1 3.80243E-1 3.67223E-1 3.31395E-1 2.4032E-1 1.44996E-1 1.41711E-1 1.55564E-1 1.24833E-1 4.70904E-2 1.1751E-2 2.33238E-2 3.83891E-2 3.53835E-2 2.2245E-2
-9999 -9999 -9999 -9999 -9999 -9999 -9999 -9999 -9999 4.79158E-1 4.96074E-1 5.13386E-1 5.29036E-1 5.30122E-1 5.24982E-1 5.13021E-1 5.08925E-1 5.02034E-1 5.04816E-1 5.27941E-1 5.5596E-1 5.83229E-1 6.10053E-1 6.26277E-1 6.37726E-1 6.44029E-1 6.51972E-1 6.54383E-1 6.44972E-1 6.64808E-1 6.69437E-1 6.52383E-1 6.34212E-1 6.00947E-1 6.03824E-1 5.87204E-1 5.40289E-1 5.08807E-1 5.2076E-1 4.93695E-1 4.22763E-1 4.01397E-1 4.31839E-1 4.09367E-1 3.28693E-1 3.38104E-1 3.47203E-1 3.44913E-1 3.39359E-1 3.38283E-1 3.95357E-1 3.87185E-1 3.18307E-1 2.36834E-1 1.39888E-1 8.59498E-2 1.01559E-1 1.36147E-1 1.29723E-1 6.14832E-2 1.71315E-2 1.34245E-2 1.84234E-2 1.82678E-2 9.39198E-3
-9999 -9999 -9999 -9999 -9999 -9999 -9999 -9999 -9999 -9999 -9999 5.16476E-1 5.26184E-1 5.32478E-1 5.34238E-1 5.30242E-1 5.26168E-1 5.19307E-1 5.20945E-1 5.41122E-1 5.68201E-1 5.97865E-1 6.3143E-1 6.47588E-1 6.53924E-1 6.53924E-1 6.55368E-1 6.53767E-1 6.49692E-1 6.67505E-1 6.63588E-1 6.20559E-1 6.25304E-1 6.13852E-1 5.57741E-1 5.27183E-1 5.48067E-1 5.2346E-1 4.96634E-1 4.47584E-1 3.83772E-1 3.95883E-1 4.37779E-1 4.92797E-1 5.03031E-1 4.91277E-1 4.10563E-1 3.43088E-1 3.44842E-1 3.43853E-1 3.96629E-1 3.73487E-1 2.71792E-1 1.82856E-1 1.03536E-1 7.67992E-2 8.406E-2 1.02771E-1 1.1213E-1 7.94663E-2 4.43423E-2 2.67178E-2 1.82678E-2 8.56907E-3 5.23617E-3
-9999 -9999 -9999 -9999 -9999 -9999 -9999 -9999 -9999 -9999 -9999 -9999 -9999 5.32913E-1 5.3563E-1 5.36954E-1 5.41933E-1 -9999 -9999 5.73659E-1 5.836E-1 6.04482E-1 6.45183E-1 6.60815E-1 6.61842E-1 6.59521E-1 6.55166E-1 6.46271E-1 6.5568E-1 6.70518E-1 6.6165E-1 5.9984E-1 6.19745E-1 5.92098E-1 4.80997E-1 4.2761E-1 5.34143E-1 5.43592E-1 4.8243E-1 3.95441E-1 2.88208E-1 2.96586E-1 4.1037E-1 5.139E-1 5.39135E-1 5.40394E-1 4.29993E-1 3.5198E-1 3.26854E-1 3.18644E-1 3.47185E-1 3.26304E-1 2.34796E-1 1.6471E-1 1.1921E-1 8.21179E-2 8.94646E-2 1.2596E-1 1.66432E-1 1.40509E-1 9.46279E-2 6.9929E-2 4.25012E-2 2.05919E-2 1.29536E-2
-9999 -9999 -9999 -9999 -9999 -9999 -9999 -9999 -9999 -9999 -9999 -9999 -9999 5.31655E-1 5.34248E-1 -9999 -9999 6.03534E-1 6.08686E-1 6.16003E-1 6.21874E-1 6.15668E-1 6.5829E-1 6.69799E-1 6.6903E-1 6.65298E-1 6.57455E-1 6.50697E-1 6.60032E-1 6.72026E-1 6.69039E-1 6.54768E-1 6.43699E-1 5.90031E-1 4.72149E-1 4.18665E-1 5.05815E-1 5.02245E-1 4.22779E-1 2.91461E-1 1.7191E-1 1.80782E-1 2.98774E-1 4.04111E-1 4.79732E-1 5.0136E-1 4.56484E-1 3.8554E-1 3.35487E-1 3.05213E-1 2.76873E-1 2.49122E-1 1.89403E-1 1.58528E-1 2.04442E-1 2.12669E-1 1.91748E-1 2.16881E-1 1.82554E-1 1.39266E-1 9.11156E-2 5.84208E-2 3.26722E-2 2.08719E-2 1.14083E-2
-9999 -9999 -9999 -9999 -9999 -9999 -9999 -9999 -9999 -9999 -9999 5.11658E-1 5.13021E-1 5.23907E-1 5.76128E-1 5.92745E-1 6.1793E-1 6.2468E-1 6.26577E-1 6.32063E-1 6.36167E-1 6.51692E-1 6.71191E-1 6.68949E-1 6.65962E-1 6.64722E-1 6.61492E-1 6.58279E-1 6.61374E-1 6.71895E-1 6.72461E-1 6.69812E-1 6.56289E-1 6.16418E-1 5.30484E-1 4.85094E-1 4.61046E-1 4.24569E-1 3.00796E-1 1.4945E-1 8.68973E-2 1.06543E-1 2.08584E-1 3.71634E-1 4.82044E-1 5.34874E-1 5.57882E-1 5.45076E-1 5.2078E-1 4.51863E-1 3.16595E-1 2.51213E-1 1.82095E-1 3.5848E-1 4.38752E-1 4.14904E-1 3.38878E-1 2.36663E-1 1.67902E-1 1.01493E-1 6.14391E-2 3.13178E-2 1.71307E-2 1.1526E-2 1.40814E-2
-9999 -9999 -9999 -9999 -9999 -9999 -9999 -9999 -9999 -9999 -9999 5.2368E-1 5.23033E-1 5.35152E-1 5.57529E-1 6.06698E-1 6.32882E-1 6.45551E-1 6.40611E-1 6.36687E-1 6.4142E-1 6.62744E-1 6.63976E-1 6.58443E-1 6.56243E-1 6.57785E-1 6.63788E-1 6.65605E-1 6.69005E-1 6.7007E-1 6.70673E-1 6.72299E-1 6.65039E-1 6.35614E-1 5.65366E-1 4.51144E-1 2.55425E-1 2.48111E-1 1.90234E-1 9.52047E-2 7.36768E-2 8.31779E-2 1.75768E-1 3.49315E-1 4.94846E-1 5.68748E-1 6.11177E-1 6.15535E-1 6.01004E-1 6.10261E-1 5.71169E-1 5.33199E-1 5.25738E-1 5.3411E-1 5.11236E-1 4.68821E-1 3.83559E-1 2.70329E-1 1.41023E-1 4.47872E-2 2.02928E-2 1.17411E-2 1.06714E-2 1.33228E-2 2.01698E-2
-9999 -9999 -9999 -9999 -9999 -9999 -9999 -9999 -9999 -9999 -9999 -9999 5.41555E-1 5.51923E-1 5.71961E-1 6.17783E-1 6.35339E-1 6.31775E-1 6.26271E-1 6.35999E-1 6.46031E-1 6.57176E-1 6.59067E-1 6.57485E-1 6.57703E-1 6.53896E-1 6.59886E-1 6.67477E-1 6.7053E-1 6.67755E-1 6.68055E-1 6.70673E-1 6.70344E-1 6.38223E-1 5.74668E-1 4.71634E-1 2.51958E-1 1.75066E-1 1.42446E-1 1.09013E-1 1.13082E-1 1.22101E-1 2.17294E-1 3.4673E-1 5.35934E-1 6.00117E-1 6.4133E-1 6.52181E-1 6.46764E-1 6.41504E-1 6.08057E-1 5.75007E-1 5.5193E-1 5.13276E-1 4.86652E-1 4.52002E-1 3.48246E-1 2.45589E-1 1.03695E-1 1.45636E-2 3.16926E-3 2.96539E-3 6.50161E-3 1.29198E-2 3.50509E-2
-9999 -9999 -9999 -9999 -9999 -9999 -9999 -9999 -9999 -9999 -9999 -9999 -9999 5.84228E-1 6.11531E-1 6.395E-1 6.31629E-1 6.3332E-1 6.38412E-1 6.45858E-1 6.50598E-1 6.57785E-1 6.60761E-1 6.60938E-1 6.59639E-1 6.53543E-1 6.59083E-1 6.64177E-1 6.6444E-1 6.65108E-1 6.69009E-1 6.72493E-1 -9999 6.45992E-1 5.71939E-1 4.99506E-1 3.08708E-1 1.67948E-1 1.11929E-1 1.09013E-1 1.1982E-1 1.37898E-1 2.64735E-1 4.38143E-1 4.20388E-1 4.61346E-1 6.39551E-1 6.4415E-1 6.54188E-1 6.47652E-1 6.22503E-1 6.01692E-1 5.70994E-1 4.8446E-1 4.09367E-1 3.67091E-1 2.95219E-1 1.86947E-1 5.41626E-2 6.00103E-3 1.16245E-3 1.85967E-3 1.04019E-2 4.53267E-2 5.71309E-2
-9999 -9999 -9999 -9999 -9999 -9999 -9999 -9999 -9999 -9999 -9999 -9999 -9999 -9999 6.36984E-1 6.46452E-1 6.11475E-1 6.26112E-1 6.2655E-1 6.43199E-1 6.4878E-1 6.53729E-1 6.57408E-1 6.57554E-1 6.52049E-1 6.55337E-1 6.63132E-1 6.63835E-1 6.65888E-1 6.70913E-1 6.73408E-1 6.73724E-1 -9999 6.46545E-1 5.82142E-1 4.87976E-1 3.12354E-1 1.1138E-1 3.1311E-2 2.48274E-2 3.75914E-2 7.3346E-2 1.44919E-1 3.66206E-1 5.33775E-1 5.98388E-1 6.01704E-1 6.01704E-1 6.1699E-1 6.01953E-1 5.74249E-1 6.09126E-1 5.62905E-1 4.98377E-1 3.9905E-1 3.51801E-1 3.00879E-1 1.55297E-1 3.14929E-2 3.45242E-3 2.60539E-3 4.11863E-3 1.5454E-2 8.14917E-2 1.42459E-1
-9999 -9999 -9999 -9999 -9999 -9999 -9999 -9999 -9999 -9999 -9999 -9999 -9999 -9999 -9999 6.48044E-1 6.35781E-1 6.26577E-1 6.21415E-1 6.01964E-1 5.62816E-1 5.77382E-1 6.37919E-1 6.4628E-1 6.50519E-1 6.59988E-1 6.65655E-1 6.65194E-1 6.68119E-1 6.6944E-1 6.63516E-1 6.67694E-1 6.63016E-1 6.24889E-1 5.42472E-1 4.27263E-1 1.84031E-1 3.59233E-2 7.3273E-3 6.21326E-3 2.12172E-2 1.17433E-1 3.66729E-1 5.76166E-1 6.46273E-1 6.65357E-1 6.58319E-1 6.14022E-1 5.91056E-1 5.40503E-1 4.56206E-1 5.06122E-1 4.24125E-1 3.70903E-1 3.2859E-1 3.40916E-1 2.91676E-1 1.67902E-1 5.73881E-2 1.45636E-2 3.83488E-3 3.57707E-4 2.77227E-4 7.21385E-3 1.06862E-1
-9999 -9999 -9999 -9999 -9999 -9999 -9999 -9999 -9999 -9999 -9999 -9999 -9999 -9999 -9999 -9999 6.27654E-1 6.15728E-1 5.96281E-1 5.5734E-1 4.87099E-1 5.41644E-1 6.27408E-1 6.31513E-1 6.35533E-1 6.52214E-1 6.6296E-1 6.6609E-1 6.61987E-1 6.65536E-1 6.59822E-1 6.57346E-1 -9999 5.38691E-1 4.66302E-1 2.32142E-1 3.28655E-2 2.33074E-3 5.09263E-4 8.90084E-4 1.24375E-2 1.19594E-1 4.38723E-1 6.40229E-1 6.69889E-1 6.72351E-1 6.70896E-1 6.51653E-1 6.27764E-1 5.94235E-1 5.44678E-1 3.93045E-1 2.6418E-1 3.87945E-1 3.76267E-1 4.43062E-1 4.20431E-1 3.26975E-1 1.7191E-1 3.71174E-2 3.87995E-3 8.70336E-5 4.91322E-4 4.59094E-2 2.86196E-1
-9999 -9999 -9999 -9999 -9999 -9999 -9999 -9999 -9999 -9999 -9999 -9999 -9999 -9999 -9999 -9999 -9999 5.95197E-1 5.73758E-1 5.36476E-1 5.29154E-1 5.55209E-1 5.82186E-1 5.74752E-1 5.97421E-1 6.22489E-1 6.45482E-1 6.49381E-1 6.52567E-1 6.5114E-1 6.39342E-1 -9999 -9999 3.10308E-1 1.58235E-1 1.50219E-2 1.14035E-3 6.57251E-5 1.56561E-5 1.04566E-4 3.69162E-3 7.29336E-2 4.74144E-1 6.37263E-1 6.67592E-1 6.71925E-1 6.73079E-1 6.50878E-1 6.36768E-1 6.06219E-1 5.8558E-1 5.60247E-1 5.62935E-1 5.72321E-1 5.863E-1 5.72716E-1 5.14743E-1 2.77526E-1 1.61253E-1 5.7675E-2 2.46155E-2 8.67684E-2 4.18486E-1 5.30435E-1 5.33298E-1
-9999 -9999 -9999 -9999 -9999 -9999 -9999 -9999 -9999 -9999 -9999 -9999 -9999 -9999 -9999 -9999 -9999 -9999 5.70799E-1 5.7656E-1 5.90696E-1 5.9436E-1 5.83128E-1 6.05667E-1 6.0608E-1 6.25087E-1 6.53983E-1 6.65962E-1 6.60791E-1 6.41883E-1 6.22122E-1 -9999 -9999 1.00925E-1 1.39196E-2 5.10422E-4 5.10299E-5 3.66152E-6 2.27365E-7 1.98884E-6 4.72753E-4 8.22547E-2 5.05705E-1 6.13947E-1 6.41511E-1 6.64361E-1 6.73434E-1 6.66588E-1 6.5649E-1 6.26832E-1 5.99974E-1 5.98994E-1 6.20559E-1 6.25373E-1 6.43928E-1 6.11157E-1 5.39359E-1 5.67744E-1 5.94673E-1 5.91419E-1 5.95688E-1 6.13469E-1 6.10802E-1 5.90376E-1 5.69371E-1
-9999 -9999 -9999 -9999 -9999 -9999 -9999 -9999 -9999 -9999 -9999 -9999 -9999 -9999 -9999 -9999 -9999 -9999 -9999 5.99169E-1 6.32714E-1 6.24903E-1 6.1769E-1 6.35486E-1 6.50575E-1 6.55337E-1 6.62533E-1 6.67664E-1 -9999 -9999 -9999 -9999 -9999 -9999 8.51375E-4 4.0773E-6 3.83881E-8 6.93324E-9 4.81317E-10 9.7844E-9 4.11844E-5 1.02631E-1 5.34504E-1 6.07617E-1 6.25568E-1 6.57245E-1 6.72628E-1 6.66278E-1 6.49709E-1 6.25258E-1 5.87204E-1 5.59683E-1 5.79553E-1 6.02427E-1 6.34212E-1 6.45992E-1 6.42541E-1 6.48693E-1 6.57538E-1 6.45992E-1 6.38859E-1 6.39489E-1 6.14714E-1 5.85811E-1 5.37411E-1
