KUENM/Final_Models/M_0.1_F_lq_Set_2_E/sp1_9_se_asia.asc
ncols         320
nrows         243
xllcorner     44.0
yllcorner     -0.666666666666667
cellsize      0.166666666666667
NODATA_value  -9999
[rows 31 to 61 of 243, columns 0 to 69 of 320]
-9999 -9999 -9999 -9999 -9999 -9999 -9999 -9999 -9999 -9999 1.61816E-1 2.79196E-2 3.16198E-5 3.38729E-4 1.48845E-4 4.74408E-4 2.65306E-4 2.15165E-4 6.34537E-6 1.10801E-5 7.17368E-5 3.37618E-5 1.69224E-6 7.52246E-5 1.26723E-4 1.57338E-5 3.0324E-6 5.06852E-8 1.97074E-6 1.35778E-5 4.15208E-5 2.55706E-5 6.1287E-6 7.67313E-6 4.23855E-6 5.15873E-7 1.33663E-7 1.4186E-5 2.27509E-4 8.329E-4 2.15764E-3 3.70835E-3 6.06157E-3 7.60045E-3 8.69456E-3 8.92656E-3 8.53078E-3 8.1494E-3 6.99753E-3 3.30462E-3 4.62583E-3 4.98893E-3 2.58198E-3 6.52204E-3 1.20992E-2 1.30494E-2 1.42199E-2 1.4059E-2 1.43822E-2 1.43822E-2 1.45461E-2 1.43822E-2 1.36569E-2 1.33503E-2 1.33503E-2 1.33503E-2 1.33503E-2 1.22385E-2 1.27539E-2 1.26083E-2
-9999 -9999 -9999 -9999 -9999 -9999 -9999 -9999 -9999 2.20122E-1 1.25881E-1 5.41354E-2 3.332E-4 9.7136E-5 2.80505E-4 2.67723E-4 4.76729E-4 3.43278E-4 1.9109E-4 5.052E-6 1.40516E-4 2.68356E-4 7.68927E-5 1.47644E-4 1.41663E-4 2.73412E-5 1.35371E-5 3.81586E-5 1.81865E-5 4.35417E-6 1.08569E-5 5.7072E-6 2.46763E-6 1.78709E-5 1.8298E-5 9.71346E-6 6.47868E-6 1.09021E-5 7.53239E-5 9.3274E-4 3.96032E-4 5.75021E-4 1.91063E-3 7.90824E-3 1.06153E-2 1.08649E-2 1.02654E-2 9.58188E-3 9.25435E-3 7.60541E-3 6.14654E-3 7.08403E-3 6.91697E-3 9.86078E-3 1.33337E-2 1.33337E-2 1.36467E-2 1.43397E-2 1.43397E-2 1.45068E-2 1.45068E-2 1.38054E-2 1.39657E-2 1.39657E-2 1.31244E-2 1.29737E-2 1.26764E-2 1.26764E-2 1.22411E-2 1.19577E-2
-9999 -9999 -9999 -9999 -9999 -9999 -9999 -9999 -9999 1.90056E-1 7.97679E-2 2.8464E-2 1.96742E-3 2.39927E-4 2.32883E-4 8.62325E-5 2.36647E-4 1.9541E-4 1.09592E-4 3.98012E-4 3.47455E-4 4.4289E-5 1.31837E-5 5.78937E-6 3.99111E-5 1.98027E-4 1.55275E-5 1.15102E-5 1.51932E-5 3.7569E-6 8.74829E-7 5.04125E-6 9.44469E-7 8.83873E-6 4.16804E-5 3.89286E-5 2.22435E-5 1.2561E-5 8.62687E-5 2.31719E-4 2.02772E-6 8.58247E-7 7.45423E-5 6.32619E-3 1.21541E-2 1.07428E-2 9.26402E-3 9.36249E-3 7.00517E-3 7.77599E-3 9.86078E-3 9.63109E-3 1.16797E-2 1.33702E-2 1.36872E-2 1.43666E-2 1.41992E-2 1.40334E-2 1.41992E-2 1.41992E-2 1.41992E-2 1.3214E-2 1.14071E-2 1.24296E-2 1.21397E-2 1.14071E-2 1.05815E-2 1.2284E-2 1.2906E-2 1.30593E-2
-9999 -9999 -9999 -9999 -9999 -9999 -9999 -9999 -9999 1.91629E-1 7.10152E-2 2.15853E-2 2.29284E-3 4.84803E-4 3.21271E-4 6.53199E-4 3.79648E-4 1.11289E-4 1.41081E-4 5.3025E-5 9.09935E-5 7.78895E-5 2.77169E-5 1.9639E-5 1.38897E-5 1.1849E-6 1.00264E-5 1.18027E-5 2.28148E-6 2.88674E-6 7.47384E-7 1.02296E-6 3.70422E-6 3.44689E-6 1.15455E-5 3.44638E-5 7.77407E-6 2.0889E-6 3.43518E-5 1.6497E-4 1.27066E-5 2.51033E-7 3.65987E-5 2.57931E-3 1.18827E-2 8.53078E-3 7.78208E-3 4.06036E-3 6.88478E-4 2.40608E-3 3.5151E-3 2.78805E-3 5.12993E-3 9.34764E-3 1.2604E-2 1.38689E-2 1.40346E-2 1.40346E-2 1.38689E-2 1.38689E-2 1.20174E-2 8.54797E-3 6.73327E-3 5.92501E-3 7.90274E-3 5.6512E-3 4.10139E-3 1.0494E-2 1.35421E-2 1.43534E-2
-9999 -9999 -9999 -9999 -9999 -9999 -9999 -9999 -9999 1.89438E-1 1.11068E-1 3.0762E-2 6.49272E-3 1.83183E-3 4.94825E-4 1.7221E-4 9.53449E-4 1.845E-4 7.14907E-4 2.03881E-4 1.18713E-4 4.99668E-4 3.75443E-5 1.30201E-4 4.64708E-5 2.0945E-5 2.322E-8 5.27299E-7 9.06792E-5 3.08863E-6 7.79511E-7 6.28881E-7 2.26682E-6 7.27132E-7 3.68549E-7 4.4319E-6 4.24013E-7 6.65376E-7 8.54194E-6 1.03057E-4 6.80048E-5 5.67178E-6 1.0939E-6 2.05999E-4 3.62563E-3 8.12596E-3 9.05309E-3 4.90833E-3 1.00782E-3 5.80301E-4 8.11926E-4 1.05929E-3 9.42741E-4 1.35269E-3 3.71863E-3 1.07726E-2 1.3064E-2 1.25999E-2 1.29077E-2 1.13162E-2 7.85179E-3 3.18689E-3 1.93376E-3 1.36957E-3 2.50926E-3 4.8264E-3 9.05021E-3 1.27531E-2 1.44868E-2 1.43134E-2
-9999 -9999 -9999 -9999 -9999 -9999 -9999 -9999 -9999 -9999 1.70214E-1 4.72243E-2 7.71544E-3 3.53336E-3 3.16749E-4 2.51121E-3 1.99831E-3 8.95268E-4 7.71544E-3 4.77691E-3 3.93393E-3 3.38832E-4 1.20017E-3 2.28664E-4 9.78405E-5 1.42329E-4 1.25948E-5 6.30742E-6 9.95869E-5 1.5916E-4 6.77956E-6 2.00428E-6 7.96061E-7 9.84416E-7 3.62524E-7 1.79285E-6 1.1971E-5 1.73519E-5 4.28984E-5 1.24407E-5 3.13332E-6 1.69422E-5 2.63361E-6 1.46745E-7 4.11518E-6 2.29315E-4 3.01668E-3 7.42846E-3 6.92295E-3 4.75592E-3 4.15148E-3 4.94595E-3 3.81138E-3 1.33598E-3 2.00065E-3 4.42696E-3 3.81696E-3 8.61808E-3 9.07014E-3 9.77338E-3 9.65411E-3 6.90915E-3 5.17746E-3 5.24196E-3 6.99491E-3 7.56832E-3 8.72445E-3 1.11742E-2 1.33091E-2 1.4079E-2
-9999 -9999 -9999 -9999 -9999 -9999 -9999 -9999 -9999 -9999 -9999 1.32537E-1 6.45052E-2 1.08687E-2 1.08627E-3 1.54902E-4 4.83085E-3 6.53277E-3 3.67669E-3 7.79629E-4 8.95268E-4 2.58848E-3 1.19039E-3 8.07752E-3 1.08323E-3 7.33195E-4 3.66841E-4 8.28055E-5 1.78942E-5 1.11366E-4 2.32067E-4 5.44217E-6 7.61054E-6 5.68317E-6 9.62083E-7 2.31881E-6 5.34016E-6 5.40522E-6 1.8907E-5 1.25714E-5 1.00593E-5 4.54723E-6 1.56619E-6 5.13645E-7 8.59203E-8 9.62568E-8 3.96741E-5 1.16364E-3 5.10895E-3 7.59344E-3 7.84524E-3 7.90274E-3 7.71369E-3 6.41282E-3 5.69513E-3 3.81696E-3 1.75003E-3 4.0619E-3 6.14559E-3 8.10238E-3 8.10238E-3 6.65719E-3 6.65719E-3 5.15586E-3 4.26454E-3 6.14559E-3 8.00243E-3 9.30362E-3 9.89271E-3 1.43426E-2
-9999 -9999 -9999 -9999 -9999 -9999 -9999 -9999 -9999 -9999 -9999 -9999 7.72245E-2 5.822E-2 6.34291E-3 5.66868E-4 3.97545E-4 9.83353E-3 7.7E-3 1.28748E-2 4.64986E-3 4.90334E-3 6.96687E-3 2.09721E-2 6.69158E-3 5.57736E-3 5.47843E-3 3.90001E-4 1.57061E-5 1.47317E-5 4.44653E-5 3.08863E-6 1.43668E-5 1.03187E-5 1.31413E-6 3.5192E-7 8.74896E-7 5.09534E-6 1.2384E-5 1.16451E-6 3.79879E-7 5.5462E-7 4.54723E-6 1.07911E-5 2.17359E-6 1.18931E-7 1.78898E-7 4.1899E-5 5.37263E-4 2.49496E-3 4.47751E-3 6.35789E-3 5.57469E-3 6.25746E-3 6.99491E-3 4.37225E-3 9.46762E-4 5.84961E-4 1.20853E-3 3.49681E-3 6.25449E-3 2.15983E-3 1.10587E-3 7.87207E-4 8.63739E-4 1.72814E-3 9.75363E-3 1.40627E-2 1.42379E-2 1.42379E-2
-9999 -9999 -9999 -9999 -9999 -9999 -9999 -9999 -9999 -9999 -9999 -9999 -9999 1.01041E-1 3.07291E-2 5.4259E-3 5.10038E-3 1.21498E-3 1.74897E-3 3.844E-2 2.35825E-2 7.71544E-3 4.04129E-2 2.41853E-2 2.68684E-3 3.71802E-4 3.34119E-5 1.78809E-4 5.47691E-4 9.46325E-4 6.36884E-6 1.80281E-7 2.6567E-8 1.20243E-6 1.3695E-6 2.30223E-7 3.79863E-7 1.77722E-7 4.13773E-7 1.4735E-6 7.73572E-7 4.03212E-6 1.90892E-5 4.13733E-5 4.29673E-5 2.73765E-5 1.15664E-5 7.24562E-6 1.93031E-5 4.36447E-5 2.98869E-4 7.9605E-5 2.49827E-4 7.02771E-4 2.95807E-3 5.48758E-3 3.63111E-3 2.01561E-3 1.19335E-3 1.83227E-3 3.95482E-3 5.62942E-3 7.81207E-3 9.84425E-3 7.42428E-3 2.5357E-3 4.96511E-3 1.19905E-2 1.28318E-2 1.16204E-2
-9999 -9999 -9999 -9999 -9999 -9999 -9999 -9999 -9999 -9999 -9999 -9999 1.41177E-1 1.35145E-1 1.23255E-1 7.70667E-2 3.75377E-2 1.67422E-2 6.85123E-3 3.2983E-3 2.20824E-2 6.31512E-2 9.38439E-2 4.80062E-2 4.0359E-3 1.83904E-3 1.59639E-4 2.6169E-2 1.43119E-2 5.14952E-4 1.62947E-4 5.97463E-6 1.66823E-8 8.01971E-7 5.75045E-7 2.80178E-8 1.15166E-7 1.22116E-7 6.81346E-8 1.39194E-7 1.56398E-6 1.20108E-5 2.10029E-5 7.37032E-5 1.69532E-4 1.90424E-4 1.21753E-4 3.11837E-5 1.34699E-5 3.42319E-6 1.22558E-5 1.69325E-5 2.08903E-5 4.16629E-5 3.80087E-4 3.15731E-3 4.80442E-3 5.84594E-3 3.67399E-3 2.28288E-3 2.85448E-3 4.39826E-3 9.59907E-3 1.09145E-2 9.2763E-3 3.80728E-3 2.74335E-3 5.62942E-3 5.62942E-3 4.41661E-3
-9999 -9999 -9999 -9999 -9999 -9999 -9999 -9999 -9999 -9999 -9999 -9999 -9999 -9999 -9999 1.39109E-1 6.10294E-2 5.28768E-2 5.78574E-2 9.85668E-3 2.66346E-2 3.06371E-2 5.50586E-2 1.03863E-1 9.87256E-2 1.44978E-2 7.20371E-3 1.89852E-2 4.33452E-2 1.4467E-2 2.83147E-2 2.92585E-3 2.23186E-5 7.77644E-6 8.89625E-7 3.72516E-8 2.77913E-8 4.37605E-7 7.49198E-7 7.19177E-8 2.3962E-7 1.89666E-6 9.16808E-6 2.37555E-5 1.81144E-4 3.10888E-4 3.74672E-4 3.10456E-4 1.07075E-4 1.52018E-5 8.44241E-7 4.28922E-6 2.79379E-5 1.17299E-4 3.56385E-4 1.66947E-3 3.58586E-3 6.17648E-3 6.87339E-3 2.60771E-3 4.39826E-3 8.51449E-3 1.20519E-2 1.20519E-2 9.47844E-3 3.80728E-3 4.39826E-3 2.74335E-3 1.16294E-3 5.2568E-4
-9999 -9999 -9999 -9999 -9999 -9999 -9999 -9999 -9999 -9999 -9999 -9999 -9999 -9999 -9999 -9999 1.58319E-1 1.52756E-1 1.49385E-1 1.16628E-1 5.96487E-2 1.24861E-1 1.89336E-1 1.52754E-1 2.91486E-1 2.60557E-1 3.07076E-1 3.12988E-1 1.0631E-1 1.74008E-3 3.22991E-3 1.89171E-3 1.6552E-4 1.4533E-4 1.34667E-5 4.96566E-8 3.72516E-8 3.99119E-8 2.18772E-6 4.94838E-6 2.87825E-6 3.97102E-6 1.22671E-5 2.0159E-5 4.81658E-5 3.21525E-4 4.36036E-4 5.30343E-4 4.94293E-4 2.50671E-4 8.07724E-5 2.67664E-5 5.61021E-6 2.52129E-5 2.9716E-4 1.44047E-3 3.3665E-3 6.17648E-3 7.42428E-3 4.19936E-3 6.04235E-3 5.08507E-3 7.05817E-3 5.89022E-3 1.02452E-2 1.07027E-2 9.24102E-3 4.78039E-3 3.67399E-3 1.62815E-3
-9999 -9999 -9999 -9999 -9999 -9999 -9999 -9999 -9999 -9999 -9999 -9999 -9999 -9999 -9999 -9999 -9999 -9999 1.70906E-1 2.0103E-1 2.15393E-1 2.25074E-1 2.53698E-1 3.08721E-1 3.34477E-1 3.71874E-1 3.49943E-1 3.31036E-1 2.25008E-1 2.11038E-1 7.82698E-2 4.68121E-3 1.00364E-5 2.68726E-7 3.7569E-6 3.80324E-8 1.40583E-8 2.56769E-7 2.17921E-6 4.88785E-7 2.57557E-6 9.76118E-6 2.15037E-5 7.96059E-5 3.17606E-4 2.6667E-4 4.41044E-4 6.15076E-4 7.09193E-4 7.20924E-4 5.56953E-4 3.612E-4 1.48302E-4 6.51675E-5 9.9226E-5 1.00795E-3 3.11802E-3 5.02801E-3 6.78725E-3 7.52172E-3 7.24058E-3 5.44074E-3 2.6781E-3 2.39153E-4 2.7475E-3 9.42984E-3 4.3427E-3 2.64107E-3 2.5357E-3 2.27139E-3
-9999 -9999 -9999 -9999 -9999 -9999 -9999 -9999 -9999 -9999 -9999 -9999 -9999 -9999 -9999 -9999 -9999 -9999 -9999 -9999 2.14692E-1 2.4397E-1 2.70304E-1 2.97979E-1 3.46549E-1 3.90345E-1 4.24216E-1 4.38263E-1 4.06317E-1 4.33159E-1 4.49443E-1 2.33566E-1 3.96384E-2 1.70309E-2 8.82349E-4 3.09417E-5 2.69486E-8 3.33505E-7 1.88136E-7 7.67226E-7 6.34167E-6 9.98574E-6 3.24818E-5 1.00679E-4 1.68435E-4 2.63308E-4 2.0375E-4 2.38353E-4 5.49169E-4 7.64691E-4 8.75725E-4 8.97248E-4 7.67672E-4 5.45368E-4 4.24938E-4 9.54513E-4 1.19241E-3 2.04118E-3 4.14649E-3 6.11967E-3 5.15056E-3 1.9258E-3 2.36158E-4 2.83945E-5 6.19798E-4 5.44074E-3 1.40303E-3 3.32435E-3 4.78039E-3 3.28303E-3
-9999 -9999 -9999 -9999 -9999 -9999 -9999 -9999 -9999 -9999 -9999 -9999 -9999 -9999 -9999 -9999 -9999 -9999 -9999 -9999 -9999 2.26541E-1 2.58356E-1 2.85822E-1 3.23536E-1 3.74472E-1 4.11112E-1 4.41495E-1 4.70956E-1 4.89693E-1 5.11245E-1 4.75816E-1 2.14172E-1 1.26949E-1 1.05118E-1 5.00192E-5 2.92658E-6 4.37579E-7 1.24251E-7 4.84639E-6 5.34128E-6 1.16117E-5 1.36768E-6 2.60903E-5 1.48529E-4 1.56552E-4 1.87186E-4 2.55031E-4 4.89753E-4 5.07141E-4 7.00947E-4 1.04702E-3 1.17451E-3 1.09244E-3 4.08023E-4 2.35821E-4 2.24527E-4 5.0013E-5 7.34975E-4 4.39826E-3 5.15056E-3 3.00111E-3 7.80435E-4 1.46707E-4 3.89857E-4 6.13051E-3 8.48851E-3 5.72554E-3 6.9407E-4 7.20453E-4
-9999 -9999 -9999 -9999 -9999 -9999 -9999 -9999 -9999 -9999 -9999 -9999 -9999 -9999 -9999 -9999 -9999 -9999 -9999 -9999 -9999 -9999 2.34507E-1 2.57263E-1 3.01447E-1 3.3976E-1 3.75293E-1 4.11243E-1 4.46537E-1 4.85424E-1 5.19921E-1 5.16399E-1 4.29859E-1 3.40398E-1 1.2072E-1 8.47009E-4 8.68122E-5 5.59246E-7 6.59387E-6 1.9737E-5 5.63973E-6 9.17429E-6 3.18797E-6 5.58955E-6 7.22061E-6 6.94934E-5 7.56466E-5 1.68554E-4 1.08449E-4 4.10557E-4 7.60376E-4 9.39828E-4 1.3829E-3 1.27199E-3 4.33504E-4 5.05318E-5 4.8758E-5 9.9226E-5 3.00859E-4 2.60771E-3 4.1796E-3 4.02176E-3 1.77463E-3 5.76824E-5 3.50312E-5 2.4103E-3 9.35909E-3 7.80631E-3 9.9545E-4 4.24938E-4
-9999 -9999 -9999 -9999 -9999 -9999 -9999 -9999 -9999 -9999 -9999 -9999 -9999 -9999 -9999 -9999 -9999 -9999 -9999 -9999 -9999 -9999 2.149E-1 2.35385E-1 2.67771E-1 3.00027E-1 3.35639E-1 3.76609E-1 4.14589E-1 4.53649E-1 5.09206E-1 5.53485E-1 5.10065E-1 3.70005E-1 2.05317E-1 1.07605E-1 5.22802E-3 5.70163E-5 3.42013E-7 1.37789E-4 5.90344E-6 7.04986E-7 2.94735E-6 3.4682E-6 2.95779E-6 7.95791E-6 4.73771E-5 5.35412E-5 2.6002E-5 4.08253E-4 9.19811E-4 1.2334E-3 1.33839E-3 1.13635E-3 4.65833E-4 9.41573E-5 1.55622E-5 1.34699E-5 3.00223E-5 6.22852E-4 2.3798E-3 3.03998E-3 2.96267E-3 1.54146E-3 2.57814E-4 8.07236E-4 8.30139E-3 9.04514E-3 3.5411E-3 1.25325E-3
-9999 -9999 -9999 -9999 -9999 -9999 -9999 -9999 -9999 -9999 -9999 -9999 -9999 -9999 -9999 -9999 -9999 -9999 -9999 -9999 -9999 -9999 -9999 2.12788E-1 2.35949E-1 2.65405E-1 2.98503E-1 3.26456E-1 3.69849E-1 4.15713E-1 4.65762E-1 5.21534E-1 5.33952E-1 3.71388E-1 2.33785E-1 7.85956E-2 7.19548E-3 9.71435E-4 4.3238E-4 1.28253E-4 1.00829E-4 2.63675E-6 1.47574E-7 3.74499E-6 3.73064E-6 8.64024E-7 2.14932E-6 3.26668E-5 4.71226E-5 8.70087E-5 2.2269E-4 7.62823E-4 8.49032E-4 1.02222E-3 7.12427E-4 3.49436E-4 9.64072E-5 1.79611E-5 8.68148E-7 1.36285E-5 7.00391E-5 6.15111E-4 1.62218E-3 2.7475E-3 1.66388E-3 2.10582E-3 6.35668E-3 9.72101E-3 6.68479E-3 1.3167E-3
-9999 -9999 -9999 -9999 -9999 -9999 -9999 -9999 -9999 -9999 -9999 -9999 -9999 -9999 -9999 -9999 -9999 -9999 -9999 -9999 -9999 -9999 -9999 1.89079E-1 2.11418E-1 2.29933E-1 2.53831E-1 2.76139E-1 3.17859E-1 3.63482E-1 4.20588E-1 4.65386E-1 4.9294E-1 4.43789E-1 2.82373E-1 1.56715E-1 6.53461E-5 1.97861E-3 2.15212E-2 4.51136E-3 2.19344E-3 8.19077E-5 1.07668E-4 2.19928E-5 2.28358E-6 1.96907E-6 4.47804E-7 3.75066E-6 2.55386E-5 2.85849E-5 8.79494E-5 4.69621E-4 4.82836E-4 7.96164E-4 1.16392E-3 1.04702E-3 5.70414E-4 2.53668E-4 1.03331E-5 1.79146E-6 1.54888E-7 3.26171E-5 7.63071E-4 1.87909E-3 1.62815E-3 5.19307E-4 1.08578E-3 7.61294E-3 8.74325E-3 4.26853E-3
-9999 -9999 -9999 -9999 -9999 -9999 -9999 -9999 -9999 -9999 -9999 -9999 -9999 -9999 -9999 -9999 -9999 -9999 -9999 -9999 -9999 -9999 1.50716E-1 1.66626E-1 1.84789E-1 2.02087E-1 2.17035E-1 2.29128E-1 2.63653E-1 3.14893E-1 3.70515E-1 4.17208E-1 4.47261E-1 4.47486E-1 3.98534E-1 2.35023E-1 1.67422E-2 8.36416E-6 1.13305E-4 1.48017E-3 4.8054E-4 8.39817E-6 3.50106E-5 3.72759E-6 8.11791E-7 2.16888E-6 3.08547E-7 1.73413E-6 7.43969E-6 1.14423E-5 2.55589E-5 1.27697E-4 3.43688E-4 5.30167E-4 5.01033E-4 1.30838E-3 1.19147E-3 9.2999E-4 3.57816E-4 5.81751E-5 2.21982E-5 6.3657E-6 7.70058E-5 9.14009E-4 1.01526E-3 1.21856E-3 6.71953E-4 2.78805E-3 6.90915E-3 6.70121E-3
-9999 -9999 -9999 -9999 -9999 -9999 -9999 -9999 -9999 -9999 -9999 -9999 -9999 -9999 -9999 -9999 -9999 -9999 -9999 -9999 -9999 -9999 1.33295E-1 1.5462E-1 1.67931E-1 1.78917E-1 1.97155E-1 2.0566E-1 2.32386E-1 2.86935E-1 3.30753E-1 3.75624E-1 4.10337E-1 4.28015E-1 4.15522E-1 2.25769E-1 1.15114E-2 1.00978E-3 2.80779E-3 2.64165E-4 8.70189E-5 4.10731E-5 1.22247E-5 2.81439E-4 2.57152E-5 2.28312E-5 5.03692E-6 1.231E-6 1.31667E-6 1.86082E-6 2.25465E-5 6.14121E-5 4.01475E-5 4.41087E-4 1.08532E-3 1.45109E-3 1.7429E-3 1.89762E-3 1.51424E-3 3.75081E-4 9.74231E-5 1.02228E-4 1.13553E-4 3.10651E-4 2.53668E-4 1.16864E-3 1.11924E-3 3.88031E-4 2.80173E-3 3.11163E-3
-9999 -9999 -9999 -9999 -9999 -9999 -9999 -9999 -9999 -9999 -9999 -9999 -9999 -9999 -9999 -9999 -9999 -9999 -9999 -9999 -9999 -9999 1.2514E-1 1.4061E-1 1.57143E-1 1.71877E-1 1.86787E-1 2.01086E-1 2.27559E-1 2.64847E-1 3.04753E-1 3.44586E-1 3.74922E-1 3.9748E-1 4.09637E-1 3.11394E-1 3.94719E-2 1.99125E-3 2.08056E-3 2.39675E-2 4.58148E-4 6.37261E-5 5.09088E-5 1.87891E-4 2.91807E-6 2.905E-5 7.45518E-6 3.29171E-6 6.19306E-6 6.54131E-6 8.92701E-6 1.78723E-5 9.11556E-5 1.39026E-4 9.21851E-4 1.78216E-3 2.13797E-3 2.35431E-3 2.17093E-3 8.83558E-4 1.09201E-4 1.04357E-4 1.02002E-4 2.7874E-4 5.34453E-4 7.85592E-4 2.10828E-3 2.29464E-3 3.98739E-3 2.0548E-3
-9999 -9999 -9999 -9999 -9999 -9999 -9999 -9999 -9999 -9999 -9999 -9999 -9999 -9999 -9999 -9999 -9999 -9999 -9999 -9999 -9999 -9999 -9999 -9999 1.50596E-1 1.6461E-1 1.78107E-1 1.96556E-1 2.19592E-1 2.49779E-1 2.85597E-1 3.15151E-1 3.46446E-1 3.67472E-1 3.85482E-1 3.59764E-1 2.14955E-1 9.31762E-2 1.62745E-1 8.84345E-2 3.05566E-3 2.4111E-4 3.06393E-5 7.29146E-4 1.7201E-6 1.33757E-6 6.28969E-6 5.6879E-6 3.40866E-6 9.67333E-6 5.05784E-6 4.12317E-6 3.1617E-5 7.80042E-5 1.03057E-4 7.25179E-4 2.41869E-3 2.63823E-3 2.71863E-3 1.97364E-3 8.78796E-4 4.84191E-4 3.83391E-4 4.62463E-4 6.64689E-4 8.33378E-4 1.976E-3 3.19761E-3 2.52513E-3 3.75341E-3
-9999 -9999 -9999 -9999 -9999 -9999 -9999 -9999 -9999 -9999 -9999 -9999 -9999 -9999 -9999 -9999 -9999 -9999 -9999 -9999 -9999 -9999 -9999 -9999 1.49032E-1 1.61884E-1 1.77464E-1 1.95786E-1 2.16434E-1 2.39463E-1 2.68536E-1 2.95908E-1 3.22087E-1 3.42984E-1 3.66554E-1 3.72882E-1 3.48036E-1 2.77471E-1 1.95789E-1 1.57687E-1 7.62276E-2 3.1578E-4 8.00069E-6 1.14905E-4 4.9937E-4 5.72683E-6 8.36724E-7 8.52816E-6 2.03759E-5 3.55886E-6 5.8958E-6 5.39177E-6 2.49766E-7 1.48427E-6 3.82307E-6 2.65835E-5 6.73996E-5 8.12361E-4 1.88391E-3 2.36284E-3 2.23218E-3 1.32127E-3 7.62823E-4 2.0375E-4 6.16672E-5 1.63956E-4 7.20579E-4 1.86275E-3 2.98162E-3 2.7746E-3
-9999 -9999 -9999 -9999 -9999 -9999 -9999 -9999 -9999 -9999 -9999 -9999 -9999 -9999 -9999 -9999 -9999 -9999 -9999 -9999 -9999 -9999 -9999 -9999 1.4992E-1 1.64804E-1 1.76665E-1 1.91843E-1 2.1064E-1 2.29711E-1 2.51442E-1 2.77043E-1 3.03022E-1 3.18619E-1 3.39405E-1 3.55743E-1 3.41933E-1 3.49141E-1 2.51848E-1 1.7998E-1 5.35553E-2 3.31412E-3 3.8901E-4 2.55808E-4 1.13189E-4 2.24879E-4 8.83449E-6 9.30524E-5 8.49771E-5 2.42441E-5 5.69954E-5 5.4022E-6 1.29966E-5 1.40491E-5 3.65754E-5 9.27506E-6 5.09233E-6 4.98325E-5 3.15863E-4 1.06389E-3 2.18685E-3 2.28759E-3 6.43013E-4 7.94782E-5 6.62214E-6 7.63741E-6 9.5138E-5 1.8314E-4 4.12818E-4 2.76507E-3
-9999 -9999 -9999 -9999 -9999 -9999 -9999 -9999 -9999 -9999 -9999 -9999 -9999 -9999 -9999 -9999 -9999 -9999 -9999 -9999 -9999 -9999 -9999 -9999 -9999 1.65377E-1 1.72853E-1 1.84427E-1 2.02885E-1 2.16928E-1 -9999 -9999 2.78751E-1 2.97631E-1 3.16621E-1 3.37121E-1 3.41405E-1 3.29809E-1 2.9561E-1 2.1694E-1 8.43809E-2 7.95686E-3 3.59051E-2 3.10351E-2 1.63049E-2 1.33779E-4 2.58373E-5 9.72605E-7 5.84822E-5 8.03333E-5 1.0203E-5 3.57144E-5 8.78165E-6 1.40836E-5 4.24796E-5 7.30226E-5 1.50133E-5 4.27956E-6 6.76946E-5 4.59142E-4 1.60385E-3 2.76218E-3 1.75542E-3 5.23943E-4 1.22046E-4 4.76177E-5 3.32931E-5 4.89642E-6 1.61601E-5 4.45947E-4
-9999 -9999 -9999 -9999 -9999 -9999 -9999 -9999 -9999 -9999 -9999 -9999 -9999 -9999 -9999 -9999 -9999 -9999 -9999 -9999 -9999 -9999 -9999 -9999 -9999 -9999 1.6861E-1 1.81499E-1 1.95254E-1 2.04426E-1 -9999 2.44808E-1 2.598E-1 2.75002E-1 2.94187E-1 3.09251E-1 3.18772E-1 3.19929E-1 2.90416E-1 2.50952E-1 1.80559E-1 1.64506E-1 1.0858E-1 9.84389E-2 7.01876E-2 1.73991E-2 2.53924E-4 2.09344E-5 2.95166E-5 4.36933E-4 5.71979E-4 1.03375E-4 2.63635E-5 1.42591E-5 1.15279E-4 3.75865E-4 1.78134E-4 2.78444E-5 7.85231E-6 3.10929E-5 5.94246E-4 3.07945E-3 3.47253E-3 2.03419E-3 9.83986E-4 4.04529E-4 2.41439E-4 4.07752E-5 3.61467E-5 3.62485E-4
-9999 -9999 -9999 -9999 -9999 -9999 -9999 -9999 -9999 -9999 -9999 -9999 -9999 -9999 -9999 -9999 -9999 -9999 -9999 -9999 -9999 -9999 -9999 -9999 -9999 -9999 -9999 1.74279E-1 1.85899E-1 1.95254E-1 -9999 -9999 -9999 2.54317E-1 -9999 -9999 -9999 2.983E-1 2.85715E-1 2.2767E-1 1.96708E-1 1.60286E-1 1.14611E-1 5.11177E-2 5.58737E-2 2.68056E-2 1.67762E-3 9.50787E-4 2.55808E-4 2.17573E-4 2.12123E-3 2.62093E-3 7.84852E-4 2.92226E-4 6.45104E-4 3.87382E-4 1.13232E-4 1.19407E-4 6.85544E-5 1.92871E-5 1.25629E-4 1.24094E-3 2.97321E-3 3.11272E-3 2.52173E-3 1.39613E-3 8.66281E-4 6.41396E-4 5.29732E-4 2.39066E-4
-9999 -9999 -9999 -9999 -9999 -9999 -9999 -9999 -9999 -9999 -9999 -9999 -9999 -9999 -9999 -9999 -9999 -9999 -9999 -9999 -9999 -9999 -9999 -9999 -9999 -9999 -9999 -9999 -9999 -9999 -9999 -9999 -9999 -9999 -9999 -9999 -9999 2.75409E-1 2.72783E-1 2.5824E-1 2.24424E-1 1.84551E-1 1.31295E-1 5.60706E-2 5.32777E-2 2.78344E-2 1.44352E-4 3.69802E-4 3.18028E-4 1.30095E-4 1.78737E-3 4.10668E-3 4.12051E-3 2.25382E-3 5.30831E-4 3.93114E-4 6.8399E-4 1.0617E-4 6.84182E-5 8.24014E-5 2.4102E-4 9.31352E-4 2.17776E-3 2.46503E-3 2.02473E-3 1.63896E-3 1.2486E-3 8.50541E-4 7.6674E-4 2.88153E-4
-9999 -9999 -9999 -9999 -9999 -9999 -9999 -9999 -9999 -9999 -9999 -9999 -9999 -9999 -9999 -9999 -9999 -9999 -9999 -9999 -9999 -9999 -9999 -9999 -9999 -9999 -9999 -9999 -9999 -9999 -9999 -9999 -9999 -9999 -9999 -9999 -9999 -9999 2.50778E-1 2.54028E-1 2.4001E-1 2.22172E-1 1.98563E-1 1.66739E-1 9.63236E-2 8.0118E-2 1.16112E-2 6.89338E-5 2.138E-4 8.33618E-5 7.45468E-4 1.22516E-3 2.1125E-3 4.87328E-3 3.25271E-3 4.16414E-3 3.74331E-3 4.38528E-3 4.3686E-3 1.72077E-3 4.13763E-4 1.23943E-3 1.88453E-3 1.22979E-3 5.68463E-4 1.05595E-3 1.5844E-3 1.84185E-3 1.39265E-3 8.16046E-4
-9999 -9999 -9999 -9999 -9999 -9999 -9999 -9999 -9999 -9999 -9999 -9999 -9999 -9999 -9999 -9999 -9999 -9999 -9999 -9999 -9999 -9999 -9999 -9999 -9999 -9999 -9999 -9999 -9999 -9999 -9999 -9999 -9999 -9999 -9999 -9999 -9999 -9999 -9999 2.40379E-1 2.37616E-1 2.29968E-1 2.24609E-1 1.95787E-1 1.56868E-1 7.28429E-2 6.54443E-2 1.94573E-3 4.17711E-5 8.31781E-4 1.575E-3 5.56457E-3 3.33687E-3 3.26639E-3 5.05966E-3 6.28018E-3 5.80667E-3 3.67622E-3 3.41649E-3 2.91165E-3 4.16383E-3 3.44234E-4 9.00331E-4 2.28686E-4 5.12834E-4 8.01028E-4 1.03313E-3 1.98108E-3 2.1111E-3 1.60095E-3
