KUENM/Final_Models/M_0.1_F_lq_Set_2_E/sp1_6_se_asia.asc
ncols         320
nrows         243
xllcorner     44.0
yllcorner     -0.666666666666667
cellsize      0.166666666666667
NODATA_value  -9999
[rows 31 to 61 of 243, columns 0 to 69 of 320]
-9999 -9999 -9999 -9999 -9999 -9999 -9999 -9999 -9999 -9999 2.87791E-1 1.12516E-1 2.3479E-3 9.20734E-3 5.8374E-3 1.14225E-2 8.15249E-3 7.11866E-3 9.3616E-4 1.2633E-3 3.63747E-3 2.32936E-3 4.12774E-4 3.6221E-3 4.83957E-3 1.41088E-3 5.27921E-4 4.80047E-5 3.68334E-4 1.07916E-3 2.02582E-3 1.49177E-3 6.26495E-4 6.88718E-4 4.5954E-4 1.25176E-4 5.33205E-5 7.11733E-4 3.24402E-3 6.1644E-3 9.76621E-3 1.25351E-2 1.69076E-2 1.93723E-2 2.0904E-2 2.08133E-2 1.98393E-2 1.8902E-2 1.66123E-2 9.89831E-3 1.22541E-2 1.2826E-2 8.20577E-3 1.54159E-2 2.3923E-2 2.51854E-2 2.68186E-2 2.64981E-2 2.71422E-2 2.71422E-2 2.74688E-2 2.71422E-2 2.64259E-2 2.57997E-2 2.57997E-2 2.57997E-2 2.57997E-2 2.42144E-2 2.45828E-2 2.42858E-2
-9999 -9999 -9999 -9999 -9999 -9999 -9999 -9999 -9999 3.16498E-1 2.48615E-1 1.621E-1 9.26115E-3 4.58725E-3 8.45323E-3 8.20525E-3 1.12742E-2 9.16698E-3 6.43045E-3 8.04667E-4 5.3224E-3 7.6759E-3 3.6964E-3 5.31799E-3 5.11635E-3 1.90963E-3 1.21945E-3 2.09831E-3 1.27607E-3 5.42531E-4 9.18235E-4 6.23447E-4 3.74834E-4 1.17632E-3 1.12991E-3 7.17189E-4 5.03948E-4 6.17274E-4 1.70007E-3 6.62012E-3 3.60246E-3 4.16156E-3 8.22888E-3 1.95416E-2 2.34717E-2 2.33312E-2 2.19732E-2 2.04277E-2 1.96884E-2 1.70148E-2 1.44736E-2 1.57774E-2 1.53817E-2 1.98306E-2 2.43738E-2 2.43738E-2 2.49806E-2 2.56246E-2 2.56246E-2 2.59409E-2 2.59409E-2 2.52885E-2 2.55994E-2 2.55994E-2 2.46385E-2 2.4339E-2 2.37486E-2 2.37486E-2 2.28848E-2 2.23231E-2
-9999 -9999 -9999 -9999 -9999 -9999 -9999 -9999 -9999 2.82689E-1 1.91839E-1 1.13477E-1 2.5717E-2 7.72342E-3 7.56779E-3 4.25337E-3 7.44592E-3 6.55871E-3 4.65055E-3 9.65226E-3 8.90364E-3 2.70572E-3 1.33508E-3 8.17359E-4 2.4551E-3 6.05915E-3 1.31299E-3 1.03863E-3 1.13397E-3 5.00196E-4 2.15656E-4 5.88117E-4 2.16661E-4 7.95796E-4 1.91361E-3 1.67747E-3 1.06696E-3 6.69647E-4 1.84778E-3 2.96251E-3 1.8347E-4 1.06942E-4 1.24826E-3 1.70827E-2 2.54853E-2 2.30544E-2 2.03264E-2 1.99324E-2 1.60991E-2 1.68802E-2 1.98306E-2 1.93403E-2 2.17725E-2 2.37912E-2 2.43902E-2 2.50032E-2 2.46941E-2 2.43882E-2 2.46941E-2 2.46941E-2 2.46941E-2 2.34962E-2 2.12331E-2 2.26243E-2 2.20642E-2 2.12331E-2 2.01663E-2 2.23428E-2 2.2915E-2 2.32041E-2
-9999 -9999 -9999 -9999 -9999 -9999 -9999 -9999 -9999 2.70415E-1 1.74572E-1 9.52829E-2 2.77008E-2 1.14251E-2 8.97227E-3 1.32961E-2 9.63414E-3 4.71481E-3 5.34175E-3 3.03842E-3 4.11335E-3 3.74052E-3 2.04308E-3 1.64673E-3 1.3263E-3 3.13002E-4 1.02687E-3 1.06493E-3 3.98163E-4 4.39622E-4 1.97773E-4 2.35023E-4 4.93079E-4 4.58244E-4 9.1554E-4 1.57516E-3 5.68966E-4 2.36043E-4 1.07455E-3 2.44308E-3 5.18489E-4 5.41403E-5 8.39972E-4 9.99222E-3 2.56412E-2 1.98393E-2 1.80006E-2 1.14537E-2 3.78169E-3 7.91112E-3 9.82092E-3 8.25476E-3 1.23412E-2 1.81924E-2 2.23456E-2 2.34634E-2 2.37618E-2 2.37618E-2 2.34634E-2 2.34634E-2 2.12412E-2 1.7035E-2 1.44805E-2 1.34698E-2 1.61467E-2 1.32343E-2 1.07784E-2 1.943E-2 2.28759E-2 2.37201E-2
-9999 -9999 -9999 -9999 -9999 -9999 -9999 -9999 -9999 2.57679E-1 2.06883E-1 1.10539E-1 4.80469E-2 2.36888E-2 1.12514E-2 6.11314E-3 1.5978E-2 6.23151E-3 1.33423E-2 6.52777E-3 4.7781E-3 1.09086E-2 2.44267E-3 4.96317E-3 2.68853E-3 1.65561E-3 3.27471E-5 1.8625E-4 3.50387E-3 4.70642E-4 2.06399E-4 1.78682E-4 3.68908E-4 1.78533E-4 1.11414E-4 4.48672E-4 1.0199E-4 1.19945E-4 4.77334E-4 1.86806E-3 1.35308E-3 3.09103E-4 1.18959E-4 2.21971E-3 1.22391E-2 1.94628E-2 1.98366E-2 1.30521E-2 4.73843E-3 3.30027E-3 3.93146E-3 4.57638E-3 4.21986E-3 5.23092E-3 9.70703E-3 1.94303E-2 2.20171E-2 2.11848E-2 2.17367E-2 1.99238E-2 1.55597E-2 8.84388E-3 6.51371E-3 5.30095E-3 7.65926E-3 1.15632E-2 1.70737E-2 2.14593E-2 2.33598E-2 2.30622E-2
-9999 -9999 -9999 -9999 -9999 -9999 -9999 -9999 -9999 -9999 2.42711E-1 1.31367E-1 5.08144E-2 3.31532E-2 8.54303E-3 2.71656E-2 2.38037E-2 1.50923E-2 5.08144E-2 3.91304E-2 3.52436E-2 8.70216E-3 1.81834E-2 6.9323E-3 4.19196E-3 5.13892E-3 1.20716E-3 7.85869E-4 3.84187E-3 4.90309E-3 7.42009E-4 3.49335E-4 1.95888E-4 2.09961E-4 1.09528E-4 2.50732E-4 6.80928E-4 7.70491E-4 1.19845E-3 5.42036E-4 2.34245E-4 5.77481E-4 1.94693E-4 3.90245E-5 2.35473E-4 2.23522E-3 1.00686E-2 1.71342E-2 1.58983E-2 1.21888E-2 1.0919E-2 1.18693E-2 9.96614E-3 5.16167E-3 6.49327E-3 1.0543E-2 9.63678E-3 1.6205E-2 1.66319E-2 1.75142E-2 1.72861E-2 1.39896E-2 1.16627E-2 1.18181E-2 1.41752E-2 1.49607E-2 1.64187E-2 1.91358E-2 2.13408E-2 2.21066E-2
-9999 -9999 -9999 -9999 -9999 -9999 -9999 -9999 -9999 -9999 -9999 2.07588E-1 1.47052E-1 5.87192E-2 1.66032E-2 5.55889E-3 3.81454E-2 4.52069E-2 3.31453E-2 1.38559E-2 1.50923E-2 2.79197E-2 1.80503E-2 5.45876E-2 1.72348E-2 1.36519E-2 8.95738E-3 3.57763E-3 1.42083E-3 4.05936E-3 6.06268E-3 6.35503E-4 7.30434E-4 5.79907E-4 1.90313E-4 2.8331E-4 4.11572E-4 3.88602E-4 7.39642E-4 5.48079E-4 4.62721E-4 2.81082E-4 1.5009E-4 7.80477E-5 2.83099E-5 2.93882E-5 8.09273E-4 5.52565E-3 1.31548E-2 1.6459E-2 1.65192E-2 1.61467E-2 1.57352E-2 1.37463E-2 1.25013E-2 9.63678E-3 5.85251E-3 9.94911E-3 1.27296E-2 1.51711E-2 1.51711E-2 1.34449E-2 1.34449E-2 1.12392E-2 1.01295E-2 1.27296E-2 1.49711E-2 1.66165E-2 1.7261E-2 2.20089E-2
-9999 -9999 -9999 -9999 -9999 -9999 -9999 -9999 -9999 -9999 -9999 -9999 1.51833E-1 1.33858E-1 4.24239E-2 1.12356E-2 9.22668E-3 5.5384E-2 4.90209E-2 6.63276E-2 3.81886E-2 4.00574E-2 4.95212E-2 9.30586E-2 4.9304E-2 4.47999E-2 4.41274E-2 9.06196E-3 1.3278E-3 1.2467E-3 2.30282E-3 4.70642E-4 1.07151E-3 8.16183E-4 2.26512E-4 9.82037E-5 1.48149E-4 3.6514E-4 5.76819E-4 1.47861E-4 7.75924E-5 9.15563E-5 2.81082E-4 4.35709E-4 1.70618E-4 3.38817E-5 4.09207E-5 8.07049E-4 3.3436E-3 8.22368E-3 1.14293E-2 1.40606E-2 1.26215E-2 1.3391E-2 1.41752E-2 1.04036E-2 4.05676E-3 3.03048E-3 4.6351E-3 8.77361E-3 1.25765E-2 6.52202E-3 4.39624E-3 3.63558E-3 3.84144E-3 5.77401E-3 1.65477E-2 2.10441E-2 2.13247E-2 2.13247E-2
-9999 -9999 -9999 -9999 -9999 -9999 -9999 -9999 -9999 -9999 -9999 -9999 -9999 1.66628E-1 9.35048E-2 3.80029E-2 3.72334E-2 1.69352E-2 2.10344E-2 1.18037E-1 9.24538E-2 5.08144E-2 1.29574E-1 9.97206E-2 2.88652E-2 9.06948E-3 2.18891E-3 5.77735E-3 1.08765E-2 1.45834E-2 7.44146E-4 9.22017E-5 2.94281E-5 2.39514E-4 2.36402E-4 8.00295E-5 9.83221E-5 6.10674E-5 9.1896E-5 1.75934E-4 1.20541E-4 2.85036E-4 6.5565E-4 9.57293E-4 9.37063E-4 6.98347E-4 4.10475E-4 3.04665E-4 5.12161E-4 7.93429E-4 2.28619E-3 1.0608E-3 1.98564E-3 3.52415E-3 8.16579E-3 1.20148E-2 9.13519E-3 6.29431E-3 4.57261E-3 5.90889E-3 9.3433E-3 1.15884E-2 1.4177E-2 1.62739E-2 1.38166E-2 7.18304E-3 1.07944E-2 1.86201E-2 1.95396E-2 1.84602E-2
-9999 -9999 -9999 -9999 -9999 -9999 -9999 -9999 -9999 -9999 -9999 -9999 1.73766E-1 1.7688E-1 1.76096E-1 1.45203E-1 1.03723E-1 6.96271E-2 4.3966E-2 2.99661E-2 8.7156E-2 1.58007E-1 2.00013E-1 1.43022E-1 3.60596E-2 2.29326E-2 5.45145E-3 1.03916E-1 7.28731E-2 1.02561E-2 5.01767E-3 6.98094E-4 2.35524E-5 1.97374E-4 1.51244E-4 2.62711E-5 5.37532E-5 5.26508E-5 3.66732E-5 5.12624E-5 1.87361E-4 5.58443E-4 7.25659E-4 1.38844E-3 2.12614E-3 2.15534E-3 1.5796E-3 7.07874E-4 4.23298E-4 1.93379E-4 3.82543E-4 4.45023E-4 4.90669E-4 7.10554E-4 2.42178E-3 8.44382E-3 1.07657E-2 1.20664E-2 8.93473E-3 6.66292E-3 7.57852E-3 9.79333E-3 1.58401E-2 1.72622E-2 1.56822E-2 8.96999E-3 7.53208E-3 1.15884E-2 1.15884E-2 1.01688E-2
-9999 -9999 -9999 -9999 -9999 -9999 -9999 -9999 -9999 -9999 -9999 -9999 -9999 -9999 -9999 1.84434E-1 1.27262E-1 1.22368E-1 1.33086E-1 5.36187E-2 9.46535E-2 1.04431E-1 1.46784E-1 2.09981E-1 2.08617E-1 7.36981E-2 4.93912E-2 8.55373E-2 1.34295E-1 7.13918E-2 1.02837E-1 2.67439E-2 1.4729E-3 7.46632E-4 2.03799E-4 3.23933E-5 2.60517E-5 1.13971E-4 1.46697E-4 3.88053E-5 7.11097E-5 2.13225E-4 4.80428E-4 7.75161E-4 2.28145E-3 2.93343E-3 3.06435E-3 2.63917E-3 1.37677E-3 4.51313E-4 9.02074E-5 2.13831E-4 5.91183E-4 1.28304E-3 2.37434E-3 5.7922E-3 9.01329E-3 1.24086E-2 1.31001E-2 7.13318E-3 9.79333E-3 1.47006E-2 1.82704E-2 1.82704E-2 1.56268E-2 8.96999E-3 9.79333E-3 7.53208E-3 4.64033E-3 2.96809E-3
-9999 -9999 -9999 -9999 -9999 -9999 -9999 -9999 -9999 -9999 -9999 -9999 -9999 -9999 -9999 -9999 1.92813E-1 1.99549E-1 2.05921E-1 1.90695E-1 1.40168E-1 2.13811E-1 2.74505E-1 2.51149E-1 3.6456E-1 3.49587E-1 3.87368E-1 3.93552E-1 2.17857E-1 2.09336E-2 2.9381E-2 2.08204E-2 4.82918E-3 4.24071E-3 1.00329E-3 4.00464E-5 3.23933E-5 3.19862E-5 2.86751E-4 4.37284E-4 3.07234E-4 3.47274E-4 6.10737E-4 7.41497E-4 1.1253E-3 3.04042E-3 3.42415E-3 3.63461E-3 3.37127E-3 2.21172E-3 1.1415E-3 6.01044E-4 2.48106E-4 5.63709E-4 2.15943E-3 5.36687E-3 8.72638E-3 1.24086E-2 1.38166E-2 9.6337E-3 1.17565E-2 1.0391E-2 1.27155E-2 1.14393E-2 1.613E-2 1.64854E-2 1.52076E-2 1.03645E-2 8.93473E-3 5.63859E-3
-9999 -9999 -9999 -9999 -9999 -9999 -9999 -9999 -9999 -9999 -9999 -9999 -9999 -9999 -9999 -9999 -9999 -9999 2.10266E-1 2.39654E-1 2.61064E-1 2.8017E-1 3.10587E-1 3.58822E-1 3.86315E-1 4.20702E-1 4.12247E-1 4.03572E-1 3.25904E-1 3.16301E-1 1.81951E-1 3.56745E-2 9.65389E-4 1.18407E-4 5.00196E-4 3.59461E-5 1.97911E-5 9.69595E-5 3.0708E-4 1.27854E-4 3.16083E-4 6.29559E-4 9.04307E-4 1.69748E-3 3.33465E-3 2.76949E-3 3.4661E-3 4.05504E-3 4.28889E-3 4.16332E-3 3.47494E-3 2.66226E-3 1.56177E-3 9.61119E-4 1.19904E-3 4.33888E-3 8.33129E-3 1.0941E-2 1.29243E-2 1.36132E-2 1.30684E-2 1.0831E-2 7.07689E-3 1.7994E-3 7.27404E-3 1.51399E-2 9.66069E-3 7.23119E-3 7.18304E-3 6.88405E-3
-9999 -9999 -9999 -9999 -9999 -9999 -9999 -9999 -9999 -9999 -9999 -9999 -9999 -9999 -9999 -9999 -9999 -9999 -9999 -9999 2.49387E-1 2.78853E-1 3.10176E-1 3.40563E-1 3.84979E-1 4.24587E-1 4.56713E-1 4.7394E-1 4.57195E-1 4.79396E-1 4.93178E-1 3.32435E-1 1.21299E-1 7.30585E-2 1.24096E-2 1.70056E-3 2.98579E-5 1.17346E-4 8.24067E-5 1.75022E-4 5.65926E-4 6.8987E-4 1.22544E-3 2.04954E-3 2.49742E-3 2.88269E-3 2.31648E-3 2.45733E-3 3.7725E-3 4.43387E-3 4.67015E-3 4.57869E-3 4.05659E-3 3.23826E-3 2.72993E-3 4.27642E-3 4.76662E-3 6.38001E-3 9.5037E-3 1.19179E-2 1.05346E-2 5.76616E-3 1.77517E-3 5.65332E-4 3.07915E-3 1.0831E-2 5.00619E-3 8.31039E-3 1.03645E-2 8.49472E-3
-9999 -9999 -9999 -9999 -9999 -9999 -9999 -9999 -9999 -9999 -9999 -9999 -9999 -9999 -9999 -9999 -9999 -9999 -9999 -9999 -9999 2.55794E-1 2.89724E-1 3.19912E-1 3.56053E-1 4.04119E-1 4.4039E-1 4.70181E-1 4.99161E-1 5.18682E-1 5.39517E-1 5.13597E-1 3.16509E-1 2.32132E-1 2.04545E-1 2.30163E-3 4.45753E-4 1.43492E-4 6.83141E-5 5.27529E-4 5.44093E-4 8.06669E-4 2.19235E-4 1.03838E-3 2.4492E-3 2.31126E-3 2.36244E-3 2.64099E-3 3.68589E-3 3.64013E-3 4.23567E-3 5.16145E-3 5.34E-3 4.94186E-3 2.74543E-3 1.96593E-3 1.86505E-3 8.14231E-4 3.53296E-3 9.79333E-3 1.05346E-2 7.44599E-3 3.44467E-3 1.38457E-3 2.36993E-3 1.1588E-2 1.4259E-2 1.14403E-2 3.47733E-3 3.61941E-3
-9999 -9999 -9999 -9999 -9999 -9999 -9999 -9999 -9999 -9999 -9999 -9999 -9999 -9999 -9999 -9999 -9999 -9999 -9999 -9999 -9999 -9999 2.6031E-1 2.86974E-1 3.29866E-1 3.66973E-1 4.02997E-1 4.3912E-1 4.74865E-1 5.13588E-1 5.46334E-1 5.46009E-1 4.81629E-1 4.13134E-1 2.22396E-1 1.25034E-2 3.1699E-3 1.70828E-4 6.75014E-4 1.22096E-3 5.75359E-4 7.23233E-4 3.67217E-4 4.6304E-4 4.91574E-4 1.56143E-3 1.51501E-3 2.2341E-3 1.65679E-3 3.37829E-3 4.61987E-3 5.03604E-3 6.08696E-3 5.56689E-3 2.92958E-3 8.74059E-4 8.41209E-4 1.19904E-3 2.18831E-3 7.13318E-3 9.27186E-3 8.89641E-3 5.48973E-3 8.43086E-4 6.66088E-4 6.8025E-3 1.5416E-2 1.37708E-2 4.28116E-3 2.72993E-3
-9999 -9999 -9999 -9999 -9999 -9999 -9999 -9999 -9999 -9999 -9999 -9999 -9999 -9999 -9999 -9999 -9999 -9999 -9999 -9999 -9999 -9999 2.34972E-1 2.58803E-1 2.93319E-1 3.24599E-1 3.60914E-1 4.03282E-1 4.42661E-1 4.8342E-1 5.36973E-1 5.77688E-1 5.41776E-1 4.34948E-1 3.02002E-1 2.04937E-1 3.52754E-2 2.47444E-3 1.29921E-4 3.79824E-3 6.02953E-4 1.72949E-4 3.63562E-4 3.73251E-4 3.16125E-4 5.08188E-4 1.25095E-3 1.259E-3 8.00121E-4 3.53414E-3 5.39861E-3 6.14698E-3 6.13928E-3 5.38738E-3 3.16409E-3 1.27004E-3 4.62781E-4 4.23298E-4 6.38627E-4 3.2419E-3 6.71009E-3 7.54966E-3 7.34353E-3 5.10684E-3 1.9508E-3 3.73503E-3 1.43066E-2 1.52639E-2 8.89277E-3 5.02795E-3
-9999 -9999 -9999 -9999 -9999 -9999 -9999 -9999 -9999 -9999 -9999 -9999 -9999 -9999 -9999 -9999 -9999 -9999 -9999 -9999 -9999 -9999 -9999 2.30806E-1 2.56414E-1 2.87117E-1 3.21261E-1 3.50572E-1 3.96351E-1 4.44959E-1 4.9616E-1 5.47863E-1 5.59472E-1 4.3388E-1 3.25665E-1 1.71689E-1 4.27642E-2 1.30124E-2 7.81695E-3 3.73816E-3 3.10019E-3 3.7373E-4 6.94948E-5 4.04257E-4 3.75061E-4 1.57784E-4 2.43226E-4 1.01895E-3 1.1693E-3 1.56106E-3 2.54637E-3 4.86124E-3 4.95736E-3 5.26308E-3 4.11089E-3 2.70297E-3 1.30257E-3 5.05661E-4 1.00301E-4 4.28637E-4 1.03839E-3 3.19864E-3 5.39476E-3 7.27404E-3 5.54384E-3 6.34715E-3 1.24134E-2 1.60558E-2 1.31009E-2 5.30127E-3
-9999 -9999 -9999 -9999 -9999 -9999 -9999 -9999 -9999 -9999 -9999 -9999 -9999 -9999 -9999 -9999 -9999 -9999 -9999 -9999 -9999 -9999 -9999 2.04442E-1 2.27836E-1 2.47647E-1 2.73298E-1 2.96761E-1 3.41243E-1 3.89905E-1 4.49949E-1 4.94601E-1 5.20721E-1 4.83291E-1 3.60782E-1 2.52938E-1 2.83611E-3 1.99256E-2 7.5271E-2 2.93253E-2 1.84602E-2 2.65818E-3 2.95048E-3 1.12501E-3 2.99831E-4 2.56936E-4 1.07989E-4 3.27041E-4 8.9258E-4 8.8469E-4 1.579E-3 3.89778E-3 3.81696E-3 4.85194E-3 5.77866E-3 5.16145E-3 3.56487E-3 2.24004E-3 3.88996E-4 1.49377E-4 4.1333E-5 6.97958E-4 3.67818E-3 6.07111E-3 5.63859E-3 3.07262E-3 4.69919E-3 1.41928E-2 1.55485E-2 1.04916E-2
-9999 -9999 -9999 -9999 -9999 -9999 -9999 -9999 -9999 -9999 -9999 -9999 -9999 -9999 -9999 -9999 -9999 -9999 -9999 -9999 -9999 -9999 1.62263E-1 1.79373E-1 1.98948E-1 2.16932E-1 2.32934E-1 2.4581E-1 2.82954E-1 3.38152E-1 3.97625E-1 4.45993E-1 4.76484E-1 4.78975E-1 4.41916E-1 3.16725E-1 6.96271E-2 8.58087E-4 3.6953E-3 1.56367E-2 7.84026E-3 7.55385E-4 1.60087E-3 4.31732E-4 1.72069E-4 2.84181E-4 9.26368E-5 2.24948E-4 4.73421E-4 5.67468E-4 8.37698E-4 1.9711E-3 3.26385E-3 4.01068E-3 3.77642E-3 6.2617E-3 5.66684E-3 4.75756E-3 2.77239E-3 1.01633E-3 5.94798E-4 3.04321E-4 1.14943E-3 4.26758E-3 4.56887E-3 5.0922E-3 3.68454E-3 8.25476E-3 1.39896E-2 1.39636E-2
-9999 -9999 -9999 -9999 -9999 -9999 -9999 -9999 -9999 -9999 -9999 -9999 -9999 -9999 -9999 -9999 -9999 -9999 -9999 -9999 -9999 -9999 1.43396E-1 1.65943E-1 1.80164E-1 1.91794E-1 2.1099E-1 2.19979E-1 2.48804E-1 3.08004E-1 3.55284E-1 4.02972E-1 4.3857E-1 4.56179E-1 4.47967E-1 3.0571E-1 5.59054E-2 1.35208E-2 2.3612E-2 5.88174E-3 2.99867E-3 1.88521E-3 9.08857E-4 5.04866E-3 1.2404E-3 1.09632E-3 4.45452E-4 1.96439E-4 1.95574E-4 2.24987E-4 8.34693E-4 1.36994E-3 1.04974E-3 3.837E-3 6.14583E-3 6.99112E-3 7.4628E-3 7.51204E-3 6.42391E-3 2.91566E-3 1.39505E-3 1.38692E-3 1.46611E-3 2.50818E-3 2.24004E-3 5.08438E-3 5.07172E-3 2.87452E-3 8.61777E-3 9.28266E-3
-9999 -9999 -9999 -9999 -9999 -9999 -9999 -9999 -9999 -9999 -9999 -9999 -9999 -9999 -9999 -9999 -9999 -9999 -9999 -9999 -9999 -9999 1.33549E-1 1.50261E-1 1.6813E-1 1.83965E-1 1.99518E-1 2.14931E-1 2.43508E-1 2.84056E-1 3.27458E-1 3.69975E-1 4.01653E-1 4.24936E-1 4.37665E-1 3.66574E-1 1.1167E-1 2.00505E-2 2.00278E-2 7.84008E-2 7.86813E-3 2.45904E-3 2.07719E-3 4.15913E-3 3.86365E-4 1.32036E-3 5.83366E-4 3.53487E-4 4.80743E-4 4.74932E-4 5.35477E-4 7.44221E-4 1.73968E-3 2.15708E-3 5.94435E-3 8.3252E-3 8.89083E-3 9.06925E-3 8.31967E-3 4.93735E-3 1.57584E-3 1.50136E-3 1.46521E-3 2.47767E-3 3.48999E-3 4.35513E-3 7.43597E-3 7.82207E-3 1.08374E-2 7.53273E-3
-9999 -9999 -9999 -9999 -9999 -9999 -9999 -9999 -9999 -9999 -9999 -9999 -9999 -9999 -9999 -9999 -9999 -9999 -9999 -9999 -9999 -9999 -9999 -9999 1.60821E-1 1.75371E-1 1.89903E-1 2.09929E-1 2.34757E-1 2.67632E-1 3.06622E-1 3.38619E-1 3.7227E-1 3.93746E-1 4.1281E-1 3.95681E-1 2.89287E-1 1.7681E-1 2.39516E-1 1.65177E-1 2.35586E-2 5.3639E-3 1.5824E-3 9.27885E-3 2.98921E-4 2.48321E-4 5.61126E-4 5.05551E-4 3.66582E-4 6.23636E-4 4.17055E-4 3.6126E-4 1.04893E-3 1.66141E-3 1.86806E-3 5.32437E-3 1.01331E-2 1.02344E-2 1.01476E-2 8.16649E-3 5.14272E-3 3.6413E-3 3.1405E-3 3.4673E-3 4.19773E-3 4.6387E-3 7.52598E-3 9.92302E-3 8.66326E-3 1.0925E-2
-9999 -9999 -9999 -9999 -9999 -9999 -9999 -9999 -9999 -9999 -9999 -9999 -9999 -9999 -9999 -9999 -9999 -9999 -9999 -9999 -9999 -9999 -9999 -9999 1.58533E-1 1.72342E-1 1.88815E-1 2.08765E-1 2.31285E-1 2.56406E-1 2.88121E-1 3.17756E-1 3.4604E-1 3.68601E-1 3.92783E-1 4.02467E-1 3.86542E-1 3.32018E-1 2.65648E-1 2.29337E-1 1.46813E-1 6.32669E-3 7.68502E-4 3.34287E-3 7.3485E-3 5.84476E-4 1.91372E-4 6.7068E-4 1.03928E-3 3.83405E-4 4.89556E-4 4.45927E-4 8.04483E-5 2.05801E-4 3.33687E-4 9.31194E-4 1.51173E-3 5.72033E-3 8.82974E-3 9.48494E-3 8.92907E-3 6.61407E-3 4.86124E-3 2.31648E-3 1.21938E-3 2.05176E-3 4.57509E-3 7.67912E-3 9.94413E-3 9.57777E-3
-9999 -9999 -9999 -9999 -9999 -9999 -9999 -9999 -9999 -9999 -9999 -9999 -9999 -9999 -9999 -9999 -9999 -9999 -9999 -9999 -9999 -9999 -9999 -9999 1.59047E-1 1.74795E-1 1.87635E-1 2.04185E-1 2.24761E-1 2.4572E-1 2.69448E-1 2.97359E-1 3.25596E-1 3.42331E-1 3.64483E-1 3.82124E-1 3.78501E-1 3.84566E-1 3.05783E-1 2.45687E-1 1.20833E-1 2.44708E-2 7.02691E-3 5.39377E-3 3.29191E-3 4.72935E-3 7.44068E-4 2.69232E-3 2.45128E-3 1.1669E-3 1.82744E-3 4.79169E-4 7.42107E-4 7.53099E-4 1.22279E-3 5.57456E-4 3.91517E-4 1.31955E-3 3.49627E-3 6.60133E-3 9.49623E-3 9.55223E-3 4.6867E-3 1.50431E-3 3.90642E-4 4.24021E-4 1.6187E-3 2.30819E-3 3.57619E-3 9.92735E-3
-9999 -9999 -9999 -9999 -9999 -9999 -9999 -9999 -9999 -9999 -9999 -9999 -9999 -9999 -9999 -9999 -9999 -9999 -9999 -9999 -9999 -9999 -9999 -9999 -9999 1.75145E-1 1.83202E-1 1.95994E-1 2.16218E-1 2.3168E-1 -9999 -9999 2.9921E-1 3.19612E-1 3.40002E-1 3.62136E-1 3.68712E-1 3.62729E-1 3.34073E-1 2.73318E-1 1.54905E-1 4.05489E-2 9.15347E-2 8.17284E-2 5.56364E-2 3.68574E-3 1.41574E-3 2.2325E-4 2.12058E-3 2.45512E-3 7.54604E-4 1.44127E-3 6.4596E-4 8.07027E-4 1.43055E-3 1.85608E-3 7.55384E-4 3.75648E-4 1.61337E-3 4.43672E-3 8.49272E-3 1.11908E-2 8.55629E-3 4.37809E-3 1.98973E-3 1.18232E-3 9.75881E-4 3.50103E-4 6.6908E-4 3.88191E-3
-9999 -9999 -9999 -9999 -9999 -9999 -9999 -9999 -9999 -9999 -9999 -9999 -9999 -9999 -9999 -9999 -9999 -9999 -9999 -9999 -9999 -9999 -9999 -9999 -9999 -9999 1.7851E-1 1.92759E-1 2.07803E-1 2.17917E-1 -9999 2.62199E-1 2.78562E-1 2.95086E-1 3.159E-1 3.32027E-1 3.42977E-1 3.45916E-1 3.24918E-1 2.92733E-1 2.3744E-1 2.19936E-1 1.69133E-1 1.56666E-1 1.27205E-1 5.74004E-2 5.35338E-3 1.29654E-3 1.5232E-3 6.75353E-3 7.61472E-3 2.82926E-3 1.27279E-3 8.73592E-4 2.65666E-3 4.9274E-3 3.13861E-3 1.11168E-3 5.36783E-4 1.09836E-3 5.26055E-3 1.25518E-2 1.31473E-2 9.57671E-3 6.36964E-3 3.8803E-3 2.92973E-3 1.13584E-3 1.06464E-3 3.63925E-3
-9999 -9999 -9999 -9999 -9999 -9999 -9999 -9999 -9999 -9999 -9999 -9999 -9999 -9999 -9999 -9999 -9999 -9999 -9999 -9999 -9999 -9999 -9999 -9999 -9999 -9999 -9999 1.84779E-1 1.9762E-1 2.07803E-1 -9999 -9999 -9999 2.72636E-1 -9999 -9999 -9999 3.20297E-1 3.10805E-1 2.70642E-1 2.4637E-1 2.14513E-1 1.75108E-1 1.10026E-1 1.14223E-1 7.50942E-2 1.616E-2 1.15612E-2 5.39377E-3 4.83245E-3 1.7059E-2 1.84966E-2 9.04872E-3 4.96944E-3 7.39114E-3 5.36359E-3 2.60749E-3 2.59955E-3 1.84555E-3 9.19405E-4 2.44029E-3 8.1373E-3 1.26005E-2 1.26948E-2 1.10403E-2 8.02505E-3 6.12284E-3 5.15927E-3 4.65908E-3 3.06196E-3
-9999 -9999 -9999 -9999 -9999 -9999 -9999 -9999 -9999 -9999 -9999 -9999 -9999 -9999 -9999 -9999 -9999 -9999 -9999 -9999 -9999 -9999 -9999 -9999 -9999 -9999 -9999 -9999 -9999 -9999 -9999 -9999 -9999 -9999 -9999 -9999 -9999 2.9572E-1 2.93122E-1 2.82883E-1 2.60539E-1 2.2916E-1 1.87208E-1 1.17375E-1 1.11743E-1 7.79056E-2 4.21206E-3 7.03694E-3 6.37218E-3 3.79255E-3 1.64494E-2 2.56159E-2 2.46525E-2 1.65805E-2 7.05143E-3 5.74424E-3 7.46411E-3 2.58579E-3 1.95685E-3 2.10648E-3 3.6427E-3 7.27869E-3 1.12191E-2 1.1727E-2 1.03915E-2 9.08557E-3 7.81821E-3 6.30233E-3 5.93059E-3 3.53239E-3
-9999 -9999 -9999 -9999 -9999 -9999 -9999 -9999 -9999 -9999 -9999 -9999 -9999 -9999 -9999 -9999 -9999 -9999 -9999 -9999 -9999 -9999 -9999 -9999 -9999 -9999 -9999 -9999 -9999 -9999 -9999 -9999 -9999 -9999 -9999 -9999 -9999 -9999 2.70505E-1 2.74057E-1 2.63925E-1 2.50867E-1 2.32676E-1 2.0743E-1 1.53412E-1 1.38678E-1 4.89452E-2 2.82351E-3 5.29777E-3 3.04317E-3 1.04878E-2 1.35573E-2 1.77738E-2 2.68958E-2 2.02272E-2 2.1996E-2 1.97163E-2 2.05135E-2 1.96223E-2 1.14598E-2 5.16567E-3 8.92643E-3 1.10028E-2 8.44661E-3 5.55663E-3 7.54474E-3 9.17033E-3 9.82767E-3 8.37737E-3 6.33363E-3
-9999 -9999 -9999 -9999 -9999 -9999 -9999 -9999 -9999 -9999 -9999 -9999 -9999 -9999 -9999 -9999 -9999 -9999 -9999 -9999 -9999 -9999 -9999 -9999 -9999 -9999 -9999 -9999 -9999 -9999 -9999 -9999 -9999 -9999 -9999 -9999 -9999 -9999 -9999 2.58147E-1 2.55556E-1 2.49013E-1 2.44784E-1 2.24057E-1 1.97516E-1 1.31858E-1 1.2419E-1 1.87418E-2 2.16399E-3 1.17029E-2 1.66359E-2 3.32901E-2 2.36084E-2 2.2137E-2 2.68243E-2 2.8494E-2 2.63036E-2 1.93524E-2 1.79428E-2 1.58648E-2 1.86689E-2 4.74263E-3 7.74428E-3 3.64414E-3 5.52722E-3 6.852E-3 7.73428E-3 1.06108E-2 1.08584E-2 9.27119E-3
