KUENM/Final_Models/M_0.1_F_lq_Set_2_E/sp1_se_asia_stddev.asc
ncols         320
nrows         243
xllcorner     44.0
yllcorner     -0.666666666666667
cellsize      0.166666666666667
NODATA_value  -9999
[rows 31 to 61 of 243, columns 70 to 139 of 320]
5.92036E-3 6.01072E-3 5.93302E-3 6.01072E-3 6.01072E-3 5.84344E-3 5.7674E-3 5.51767E-3 4.06405E-3 3.28136E-3 4.97888E-3 5.43848E-3 5.39823E-3 4.59931E-3 4.23314E-3 3.9282E-3 4.53468E-3 5.5426E-3 6.56669E-3 6.99893E-3 7.20491E-3 7.50206E-3 7.61162E-3 7.6222E-3 7.26042E-3 4.59014E-3 6.07883E-3 4.92362E-3 2.73766E-3 6.03805E-3 8.56852E-3 9.57706E-3 9.22168E-3 9.74603E-3 9.62698E-3 7.72096E-3 6.16725E-3 5.02683E-3 3.87958E-3 1.56276E-3 1.60523E-3 7.46192E-4 5.71253E-4 1.7203E-4 6.35497E-5 8.30865E-5 7.61107E-5 4.07037E-5 2.35208E-5 1.8092E-5 7.19931E-6 8.12722E-6 3.43821E-6 9.35601E-6 1.23371E-5 1.8671E-5 1.98832E-5 2.46437E-5 1.6132E-5 1.32185E-5 1.62948E-5 1.13162E-5 6.3364E-6 4.74493E-6 3.24491E-6 1.95216E-6 1.39086E-6 2.97073E-6 1.11532E-6 1.26013E-6
5.65755E-3 5.65755E-3 5.65755E-3 5.65755E-3 5.49858E-3 5.34276E-3 5.64416E-3 5.40022E-3 4.42134E-3 3.4899E-3 5.03396E-3 5.17147E-3 5.11539E-3 3.55663E-3 1.60465E-3 1.65645E-3 2.77667E-3 4.31045E-3 5.48707E-3 6.26403E-3 6.67827E-3 7.11485E-3 7.54824E-3 6.17323E-3 7.26245E-3 8.25824E-3 7.34927E-3 7.80662E-3 5.25528E-3 4.75754E-3 7.25572E-3 7.82312E-3 7.5759E-3 8.76274E-3 1.07535E-2 1.02921E-2 9.74308E-3 9.01024E-3 8.04098E-3 6.36923E-3 5.82582E-3 3.27666E-3 4.95571E-4 7.61107E-5 3.43083E-4 1.1959E-3 5.30316E-4 1.13904E-4 2.89919E-5 3.99118E-5 3.9599E-5 1.86068E-5 1.51004E-5 1.41412E-5 1.13021E-5 1.60194E-5 1.58615E-5 7.51909E-6 8.40525E-6 5.44144E-6 5.1105E-6 3.71061E-6 2.8882E-6 2.79373E-6 2.04745E-6 2.8788E-6 2.77626E-6 2.5362E-6 4.08777E-6 2.18701E-6
5.68583E-3 5.61307E-3 5.61307E-3 5.38466E-3 4.51305E-3 3.71124E-3 4.63679E-3 4.56042E-3 3.72694E-3 3.94123E-3 5.14855E-3 5.11854E-3 4.75977E-3 3.98002E-3 2.24615E-3 1.34223E-3 9.60014E-4 2.77667E-3 3.97753E-3 4.06806E-3 4.53238E-3 6.22593E-3 7.23806E-3 6.02794E-3 5.24569E-3 8.70401E-3 9.14257E-3 9.08926E-3 8.90108E-3 8.58473E-3 7.79376E-3 7.04534E-3 8.44169E-3 8.60741E-3 8.76614E-3 7.21738E-3 5.57012E-3 8.48361E-3 1.05928E-2 9.80286E-3 8.08757E-3 6.66711E-3 3.95131E-3 3.02011E-3 1.84402E-3 2.06078E-4 5.39466E-5 6.94956E-5 4.88819E-5 4.42062E-5 2.09517E-5 6.34284E-6 5.44541E-6 6.10694E-6 4.34183E-6 4.668E-6 4.58245E-6 4.87989E-6 7.16782E-6 5.63344E-6 5.34201E-6 4.58652E-6 6.90943E-6 8.98229E-6 5.59324E-6 5.32824E-6 4.4734E-6 6.92657E-6 3.37195E-6 7.48469E-6
5.57323E-3 5.34626E-3 5.27771E-3 4.91391E-3 3.89534E-3 2.16423E-3 3.4591E-3 3.72802E-3 2.9434E-3 4.33392E-3 4.95954E-3 4.71992E-3 4.22436E-3 3.81834E-3 3.11218E-3 2.38077E-3 8.88544E-4 5.77242E-4 1.6521E-3 2.10905E-3 2.52941E-3 3.88812E-3 5.58031E-3 6.44999E-3 6.02488E-3 8.27842E-3 8.53235E-3 9.57456E-3 9.84089E-3 1.0021E-2 1.03523E-2 1.00785E-2 9.00797E-3 8.69954E-3 6.27837E-3 3.02866E-3 4.83661E-3 6.6005E-3 5.25482E-3 4.10625E-3 2.20347E-3 8.55691E-4 3.2426E-4 1.54239E-4 1.95118E-4 1.07672E-4 5.60076E-5 7.8297E-5 3.17097E-5 1.77769E-5 1.10156E-5 9.72078E-6 6.84516E-6 7.14197E-6 5.82813E-6 5.61146E-6 9.20376E-6 7.23713E-6 6.19925E-6 9.76695E-6 1.23512E-5 6.22096E-6 7.34628E-6 1.79467E-5 1.40172E-5 9.58588E-6 3.95479E-6 2.9476E-6 8.72222E-6 1.4004E-5
5.313E-3 5.24549E-3 5.09422E-3 4.78637E-3 3.13192E-3 2.6981E-3 3.85595E-3 2.66091E-3 1.77374E-3 3.35857E-3 4.6998E-3 4.65623E-3 4.10903E-3 3.19042E-3 2.7541E-3 2.87429E-3 2.34065E-3 1.13066E-3 9.85171E-4 2.22028E-3 2.62172E-3 2.11637E-3 3.67726E-3 5.16989E-3 5.50892E-3 7.07133E-3 6.67827E-3 8.0732E-3 9.27696E-3 9.62643E-3 8.75938E-3 9.19124E-3 8.25824E-3 5.7591E-3 4.28507E-3 4.43799E-3 5.09726E-3 4.21671E-3 2.45505E-3 1.13958E-3 8.10548E-4 3.35337E-4 7.92934E-5 4.62772E-5 5.11483E-5 6.91968E-5 8.88657E-5 4.87165E-5 1.28797E-5 1.11172E-5 8.18098E-6 6.55736E-6 5.73893E-6 8.83986E-6 9.86251E-6 1.07755E-5 6.59214E-6 8.32497E-6 5.39157E-6 6.3171E-6 2.48132E-5 1.18758E-5 1.18758E-5 3.11452E-5 5.58222E-6 6.44751E-6 4.97036E-6 7.7142E-6 2.14502E-5 1.24543E-5
5.00288E-3 5.06728E-3 4.5739E-3 3.77855E-3 3.43614E-3 4.6781E-3 5.44274E-3 4.33185E-3 1.77077E-3 1.5582E-3 3.86568E-3 4.34914E-3 3.88666E-3 3.58918E-3 3.01942E-3 3.06921E-3 3.0746E-3 2.71316E-3 1.57743E-3 1.0237E-3 1.99251E-3 2.38913E-3 3.19924E-3 4.19225E-3 3.10557E-3 3.22785E-3 6.31814E-3 6.7057E-3 8.16628E-3 8.73694E-3 8.32246E-3 8.85998E-3 7.36135E-3 5.06968E-3 5.51154E-3 6.03005E-3 4.52773E-3 3.25193E-3 1.91744E-3 1.88369E-3 9.21334E-4 4.01876E-4 2.56636E-4 8.12358E-5 8.04543E-5 3.47901E-5 1.61026E-5 1.09529E-5 1.99921E-5 1.20734E-5 2.25994E-5 2.01487E-5 1.66621E-5 7.14197E-6 8.83986E-6 9.76695E-6 7.4479E-6 1.62948E-5 2.26759E-5 3.89275E-5 4.23143E-5 8.61413E-6 2.68868E-5 7.12848E-5 1.44109E-5 4.18817E-5 8.67662E-5 3.93549E-5 6.47937E-6 2.15893E-6
5.17541E-3 4.73236E-3 3.87395E-3 2.366E-3 2.47237E-3 4.93921E-3 6.06703E-3 5.62822E-3 3.55479E-3 7.91899E-4 2.53886E-3 3.47368E-3 3.04917E-3 3.11204E-3 3.26504E-3 3.25012E-3 3.1837E-3 2.79551E-3 3.16514E-3 2.10584E-3 1.31821E-3 1.76983E-3 2.12787E-3 1.91436E-3 3.39993E-3 3.75143E-3 5.69342E-3 6.99549E-3 7.68424E-3 8.11863E-3 8.29122E-3 8.26997E-3 7.57847E-3 6.67827E-3 6.2515E-3 5.34785E-3 4.31715E-3 3.1854E-3 2.71991E-3 2.39438E-3 1.18259E-3 4.41221E-4 3.32186E-4 2.72095E-4 5.16639E-5 3.47331E-5 6.72455E-5 1.37135E-4 1.25408E-4 8.55816E-5 3.75986E-5 2.97008E-5 1.8671E-5 1.8488E-5 1.19995E-5 7.20964E-6 1.74681E-5 1.97562E-5 1.12235E-4 2.14068E-4 1.02306E-4 1.24146E-5 1.20844E-4 2.75889E-4 1.54295E-4 1.11597E-4 1.68144E-5 3.11155E-6 3.28016E-6 1.00333E-5
4.91976E-3 4.02746E-3 3.10006E-3 1.92037E-3 2.366E-3 4.4554E-3 5.75115E-3 5.99406E-3 4.27411E-3 1.58131E-3 1.60464E-3 3.05065E-3 3.0724E-3 2.71565E-3 3.10168E-3 3.26504E-3 3.42202E-3 3.19266E-3 3.50805E-3 3.20772E-3 2.22854E-3 1.45339E-3 1.13386E-3 8.53837E-4 1.38859E-3 9.09158E-4 1.71759E-3 5.28607E-3 7.2249E-3 7.75428E-3 7.62009E-3 7.07484E-3 6.6981E-3 6.33447E-3 5.68878E-3 4.78495E-3 3.55321E-3 3.01119E-3 3.50193E-3 3.50193E-3 3.06619E-3 2.02107E-3 8.84795E-4 4.03944E-4 3.25576E-4 5.96903E-4 4.99275E-4 2.14068E-4 5.48345E-5 9.71069E-5 7.35616E-5 3.45771E-5 1.03502E-5 1.21169E-5 2.16655E-5 2.75655E-5 5.88976E-5 4.13922E-5 1.05193E-4 1.36478E-4 5.00629E-4 2.77812E-5 1.84365E-4 6.36577E-4 1.46787E-4 6.8639E-5 2.72491E-5 8.72444E-6 1.20224E-5 7.08035E-6
4.65289E-3 4.04437E-3 2.72649E-3 2.75237E-3 2.9437E-3 3.80692E-3 5.44843E-3 6.12816E-3 5.654E-3 3.87E-3 2.00515E-3 2.81922E-3 3.59123E-3 3.41467E-3 3.44108E-3 3.3671E-3 3.23561E-3 3.05284E-3 3.19266E-3 2.91438E-3 2.52224E-3 1.51547E-3 8.77446E-4 5.12092E-4 7.21501E-4 6.21991E-4 8.64675E-4 1.58869E-3 5.72075E-3 6.70125E-3 6.45952E-3 6.16548E-3 6.032E-3 5.55607E-3 4.6986E-3 4.48081E-3 3.53633E-3 3.43099E-3 3.69111E-3 3.90132E-3 2.75512E-3 1.65899E-3 1.09657E-3 1.36798E-3 8.28658E-4 1.1372E-3 6.15941E-4 4.37059E-4 6.84379E-4 3.45886E-4 1.83202E-4 7.8706E-5 1.97562E-5 1.71269E-5 2.33658E-5 4.84403E-5 1.21521E-4 9.27457E-5 2.51997E-4 9.07096E-4 4.70649E-4 1.77205E-4 7.20177E-4 3.01293E-4 4.9686E-5 7.6343E-6 1.07775E-5 1.3921E-5 7.96622E-6 6.0907E-6
4.13486E-3 4.24515E-3 3.55448E-3 2.91533E-3 2.48199E-3 2.69891E-3 4.41557E-3 5.61192E-3 6.27644E-3 5.86628E-3 2.11876E-3 2.38563E-3 4.20247E-3 4.30458E-3 4.14315E-3 3.18203E-3 3.17425E-3 2.29861E-3 1.69114E-3 1.70594E-3 2.01566E-3 1.12465E-3 7.41813E-4 7.81203E-4 1.21822E-3 1.3467E-3 1.61991E-3 1.07641E-3 4.34349E-3 6.0058E-3 5.6408E-3 5.73654E-3 5.77084E-3 4.79522E-3 4.50111E-3 3.62371E-3 2.68042E-3 2.85004E-3 3.67302E-3 2.48727E-3 1.93256E-3 2.47055E-3 2.40173E-3 9.69517E-4 7.64314E-4 6.32811E-4 1.63911E-3 7.40588E-4 1.81316E-4 1.5835E-4 4.50479E-5 1.48527E-5 1.76405E-5 4.05583E-5 1.35655E-4 4.78691E-4 5.68043E-4 6.86637E-5 6.9057E-4 2.24855E-3 6.08992E-4 7.77598E-4 3.66036E-4 1.31396E-4 3.26057E-5 2.91576E-5 5.01754E-5 9.95982E-6 1.11625E-5 1.58768E-5
2.7529E-3 4.37748E-3 3.68337E-3 2.72649E-3 2.02743E-3 2.11982E-3 3.94204E-3 4.67148E-3 4.87626E-3 5.62822E-3 4.73993E-3 4.23063E-3 5.0602E-3 4.88405E-3 4.85587E-3 4.53115E-3 4.1671E-3 3.61541E-3 2.07637E-3 2.50137E-3 2.64493E-3 2.18498E-3 1.85255E-3 8.0154E-4 4.94346E-4 1.42356E-3 2.26886E-3 2.59867E-3 4.09108E-3 5.06655E-3 6.08932E-3 5.75435E-3 5.22391E-3 4.47566E-3 4.47566E-3 4.2117E-3 3.6681E-3 3.54608E-3 3.28928E-3 2.99596E-3 3.47496E-3 2.94974E-3 3.52677E-3 3.5285E-3 2.58456E-3 1.69106E-3 1.57523E-3 3.14073E-4 1.29152E-4 5.10081E-5 3.35391E-5 1.00815E-4 8.49758E-5 1.61562E-4 9.87794E-4 9.65416E-4 2.79082E-4 2.07873E-4 2.90427E-3 4.28161E-3 1.19896E-3 2.66028E-4 7.07026E-4 3.22436E-4 1.75765E-4 1.75232E-4 4.61618E-5 5.61437E-6 2.58049E-5 1.23985E-4
2.80577E-3 3.53568E-3 3.19853E-3 2.91533E-3 2.71289E-3 2.8469E-3 3.70405E-3 4.5143E-3 4.5739E-3 4.79394E-3 5.44274E-3 5.84069E-3 5.46942E-3 4.8987E-3 4.96371E-3 4.71375E-3 4.68567E-3 4.2251E-3 3.56506E-3 3.20488E-3 1.31554E-3 8.29252E-4 1.04102E-3 1.16225E-3 6.95077E-4 5.87107E-4 2.18498E-3 2.60839E-3 3.68325E-3 5.1878E-3 5.71823E-3 5.9716E-3 5.40022E-3 4.54424E-3 3.79624E-3 3.95271E-3 4.07267E-3 3.43499E-3 3.11604E-3 4.54424E-3 4.65151E-3 4.43995E-3 4.35922E-3 3.24911E-3 3.16514E-3 2.53982E-3 1.9148E-3 7.024E-4 5.04275E-4 1.43183E-4 1.63916E-4 2.14106E-4 2.90718E-4 1.10998E-3 2.40967E-3 1.24555E-3 4.90617E-4 5.02057E-4 3.80408E-3 3.04633E-3 1.06963E-3 2.61992E-3 1.71601E-3 8.56021E-4 1.69454E-4 3.13836E-5 1.87159E-5 1.51041E-5 1.01642E-4 2.47428E-4
2.45059E-3 3.71539E-3 3.47251E-3 2.97065E-3 3.27546E-3 2.83292E-3 3.29434E-3 4.17615E-3 3.85933E-3 2.89463E-3 3.6705E-3 5.58091E-3 5.65115E-3 4.91391E-3 4.8987E-3 4.65077E-3 4.20074E-3 4.31805E-3 3.81235E-3 3.14577E-3 2.49882E-3 2.07637E-3 1.0232E-3 9.15696E-4 1.11581E-3 9.28143E-4 1.94189E-3 2.26244E-3 2.29716E-3 4.42134E-3 5.68583E-3 6.0318E-3 4.92111E-3 3.68604E-3 3.97965E-3 4.57455E-3 4.31888E-3 4.18823E-3 4.40632E-3 4.39228E-3 4.39377E-3 4.12954E-3 3.63974E-3 3.06195E-3 1.96088E-3 1.59537E-3 1.04672E-3 1.06064E-3 5.48898E-4 4.78439E-4 4.76726E-4 3.17781E-4 9.67367E-4 2.12641E-3 3.48428E-3 1.89859E-3 1.61304E-3 2.32243E-3 7.366E-3 3.87262E-3 5.62968E-3 5.394E-3 1.90577E-3 2.60707E-4 2.53181E-5 1.66215E-4 3.12868E-4 3.80434E-4 5.35558E-4 2.75655E-4
2.7265E-3 3.73242E-3 3.95563E-3 3.49156E-3 3.65357E-3 3.83666E-3 3.35471E-3 4.16071E-3 3.89809E-3 2.54743E-3 2.02783E-3 5.26494E-3 5.81659E-3 5.38128E-3 5.52019E-3 5.12654E-3 4.14315E-3 3.46326E-3 2.79421E-3 2.29732E-3 1.55476E-3 1.84229E-3 2.07637E-3 1.19262E-3 1.11956E-3 1.46807E-3 2.1058E-3 2.2663E-3 1.92704E-3 2.04999E-3 4.56042E-3 5.68092E-3 5.20994E-3 4.46632E-3 4.84976E-3 4.56992E-3 4.3903E-3 3.93773E-3 4.09008E-3 3.92371E-3 3.79672E-3 1.96219E-3 2.07924E-3 2.7358E-3 2.96822E-3 3.17285E-3 2.15493E-3 2.32202E-3 2.15835E-3 1.32898E-3 5.84512E-4 9.8456E-4 2.20274E-3 3.5828E-3 4.65817E-3 5.09578E-3 6.10283E-3 6.3771E-3 2.30038E-3 3.11487E-3 3.57496E-3 1.75297E-3 6.43902E-4 2.32813E-4 2.306E-4 8.8824E-4 1.26236E-3 1.07918E-3 4.28834E-4 7.86077E-4
1.72907E-3 3.09658E-3 3.18488E-3 3.55448E-3 3.47755E-3 3.29434E-3 3.44995E-3 4.12052E-3 4.49695E-3 3.88401E-3 3.80294E-3 6.53731E-3 6.69328E-3 5.98619E-3 6.23547E-3 5.60963E-3 5.0445E-3 4.51305E-3 3.92463E-3 3.53377E-3 2.79421E-3 1.85084E-3 9.99613E-4 9.77493E-4 1.6818E-3 1.53298E-3 1.19362E-3 2.08121E-3 3.41467E-3 2.91503E-3 3.16035E-3 4.66181E-3 5.11275E-3 5.11275E-3 4.54017E-3 4.69523E-3 4.39719E-3 4.26525E-3 4.20903E-3 3.92699E-3 4.06129E-3 3.58995E-3 4.00461E-3 4.31888E-3 4.40907E-3 4.14887E-3 3.84407E-3 3.82309E-3 3.1837E-3 2.17738E-3 1.79094E-3 2.52891E-3 3.24235E-3 4.41585E-3 5.45083E-3 6.34513E-3 6.10443E-3 4.08246E-3 1.69863E-3 1.43396E-3 1.36302E-3 1.71676E-3 1.36077E-3 2.37075E-3 2.18106E-3 3.06726E-3 1.95753E-3 1.7277E-3 1.75177E-3 1.06963E-3
1.24244E-3 1.99745E-3 1.64769E-3 2.8881E-3 3.82157E-3 3.85933E-3 4.10503E-3 4.23246E-3 4.91927E-3 4.60063E-3 4.3903E-3 7.16025E-3 7.04028E-3 6.66043E-3 6.44338E-3 6.08545E-3 5.7728E-3 4.97882E-3 4.31888E-3 3.43539E-3 2.87369E-3 1.85349E-3 1.30477E-3 1.13661E-3 1.90717E-3 2.63903E-3 1.31189E-3 1.37575E-3 3.18067E-3 3.49139E-3 3.58995E-3 4.46463E-3 5.00288E-3 5.42254E-3 5.1988E-3 4.77376E-3 4.51336E-3 4.43491E-3 4.37748E-3 4.17114E-3 4.19223E-3 4.09008E-3 4.3903E-3 4.36118E-3 4.33299E-3 4.36384E-3 4.20074E-3 3.73806E-3 3.51204E-3 3.13955E-3 3.44938E-3 4.05694E-3 4.76134E-3 5.339E-3 6.09295E-3 6.67458E-3 5.95149E-3 4.44488E-3 2.52872E-3 3.56531E-3 4.34684E-3 5.56797E-3 5.53436E-3 5.42551E-3 3.32947E-3 2.67682E-3 3.5681E-3 3.45704E-3 1.84328E-3 7.19317E-4
1.19266E-3 1.60558E-3 1.48184E-3 1.63568E-3 3.341E-3 3.98069E-3 5.17541E-3 6.12816E-3 6.06703E-3 6.06703E-3 6.06703E-3 7.57628E-3 6.80673E-3 6.88671E-3 7.04899E-3 6.73956E-3 6.08545E-3 5.45034E-3 4.52706E-3 3.65953E-3 2.72856E-3 2.35172E-3 2.05065E-3 1.44845E-3 1.16809E-3 1.75005E-3 1.82855E-3 1.20883E-3 2.63633E-3 2.6584E-3 3.31529E-3 4.30544E-3 5.06963E-3 5.40855E-3 5.03083E-3 4.88117E-3 4.61595E-3 4.47669E-3 4.61595E-3 4.47669E-3 4.49303E-3 4.33967E-3 4.30544E-3 4.40554E-3 4.50933E-3 4.55535E-3 4.51305E-3 4.07015E-3 4.03536E-3 4.12954E-3 4.3044E-3 4.69531E-3 5.25515E-3 5.69458E-3 6.54451E-3 5.66908E-3 4.80546E-3 2.62015E-3 3.63389E-3 5.85311E-3 7.46966E-3 9.20699E-3 9.79536E-3 6.80464E-3 6.15669E-3 6.62142E-3 4.83576E-3 3.18833E-3 1.21803E-3 9.6839E-4
7.92711E-4 3.94617E-4 1.19132E-3 1.24697E-3 2.47421E-3 4.09008E-3 4.90044E-3 5.89335E-3 7.3659E-3 7.92205E-3 8.01122E-3 7.24293E-3 6.58209E-3 7.20453E-3 7.20453E-3 7.28781E-3 6.93305E-3 5.674E-3 4.69333E-3 3.65953E-3 2.9434E-3 2.52767E-3 2.68965E-3 2.31147E-3 1.17503E-3 9.73588E-4 1.93565E-3 1.75103E-3 2.52429E-3 3.03959E-3 3.19195E-3 3.80692E-3 4.77376E-3 5.40002E-3 4.95869E-3 4.80947E-3 4.72359E-3 4.72359E-3 4.60539E-3 4.49917E-3 4.4193E-3 4.65289E-3 4.69168E-3 4.73236E-3 4.71329E-3 4.60063E-3 4.36118E-3 4.18823E-3 4.30458E-3 4.48454E-3 4.6712E-3 4.8793E-3 5.37315E-3 5.97203E-3 6.52946E-3 6.75679E-3 7.07133E-3 6.73267E-3 7.08527E-3 8.58473E-3 9.72356E-3 1.00203E-2 1.03663E-2 1.01932E-2 7.95013E-3 6.79668E-3 7.2674E-3 2.81915E-3 9.71113E-4 1.4172E-3
1.10441E-3 7.82559E-4 6.1609E-4 5.16017E-4 1.74795E-3 3.26857E-3 3.47507E-3 2.5985E-3 3.28224E-3 7.92205E-3 8.8399E-3 7.00325E-3 7.20453E-3 7.53553E-3 7.6625E-3 7.6625E-3 7.24293E-3 6.58209E-3 5.33233E-3 4.42043E-3 3.82719E-3 2.33705E-3 1.90933E-3 3.21837E-3 3.10994E-3 2.24558E-3 2.6584E-3 2.66091E-3 3.3308E-3 3.77855E-3 3.43614E-3 3.87395E-3 4.81974E-3 5.36458E-3 5.29937E-3 5.07792E-3 5.07792E-3 4.77607E-3 4.68985E-3 4.95869E-3 4.93175E-3 4.93175E-3 4.90589E-3 4.77376E-3 4.39719E-3 4.16071E-3 4.07554E-3 4.36118E-3 4.34704E-3 4.72769E-3 5.01503E-3 5.14915E-3 5.58447E-3 5.90746E-3 6.82715E-3 7.75428E-3 8.2216E-3 9.02712E-3 1.04841E-2 1.05854E-2 1.0905E-2 1.16124E-2 1.2204E-2 1.18957E-2 1.2526E-2 1.1413E-2 8.55702E-3 4.33072E-3 3.0032E-3 2.73914E-3
1.93252E-3 1.01203E-3 1.24306E-3 7.2181E-4 8.99923E-4 2.18136E-3 3.50826E-3 4.46632E-3 4.99464E-3 9.12479E-3 9.61783E-3 8.46494E-3 8.10115E-3 8.01122E-3 8.14466E-3 8.14466E-3 7.79139E-3 6.9593E-3 5.96558E-3 4.72372E-3 4.72372E-3 4.50933E-3 3.58995E-3 3.41055E-3 3.80294E-3 2.79877E-3 2.64102E-3 3.58346E-3 3.59743E-3 3.31313E-3 4.13664E-3 3.9908E-3 4.75899E-3 5.39577E-3 5.2657E-3 5.04521E-3 5.10775E-3 4.98332E-3 5.04521E-3 5.01552E-3 5.07792E-3 5.04893E-3 5.05674E-3 4.35809E-3 4.19223E-3 4.30544E-3 4.36307E-3 4.40554E-3 4.52444E-3 4.84976E-3 5.27771E-3 5.57323E-3 5.58447E-3 5.40055E-3 5.98833E-3 7.24032E-3 8.10279E-3 9.42888E-3 1.07941E-2 1.1734E-2 1.18402E-2 1.31273E-2 1.33483E-2 1.40039E-2 1.18638E-2 1.24473E-2 6.14861E-3 3.68549E-3 3.53782E-3 2.91353E-3
2.64133E-3 2.39561E-3 1.65169E-3 9.92767E-4 2.64436E-4 6.51334E-4 3.11559E-3 3.9198E-3 5.19365E-3 8.55878E-3 9.97683E-3 9.32548E-3 8.74349E-3 8.8399E-3 8.74349E-3 8.64786E-3 8.05434E-3 6.9593E-3 6.35171E-3 5.69828E-3 5.04752E-3 5.28562E-3 4.75697E-3 3.61957E-3 3.87E-3 2.85869E-3 1.48674E-3 3.76458E-3 4.24849E-3 3.75517E-3 3.94204E-3 4.81974E-3 4.93175E-3 5.39577E-3 5.20167E-3 5.20167E-3 5.07558E-3 5.07558E-3 5.1383E-3 5.23299E-3 5.20167E-3 5.2657E-3 5.29937E-3 5.14735E-3 4.85762E-3 4.63155E-3 4.5921E-3 4.5143E-3 4.75697E-3 5.11275E-3 5.55935E-3 6.08917E-3 5.65755E-3 5.65155E-3 6.14836E-3 6.82604E-3 8.08455E-3 9.00085E-3 1.02076E-2 1.09423E-2 1.18503E-2 1.37454E-2 1.39643E-2 1.46307E-2 1.53013E-2 1.28454E-2 3.87734E-3 2.96869E-3 2.79123E-3 2.54139E-3
1.58004E-3 2.96454E-3 2.37106E-3 1.50098E-3 9.11985E-4 5.83518E-4 1.76581E-3 2.97262E-3 1.76056E-3 6.38869E-3 9.427E-3 9.72233E-3 1.05329E-2 1.01634E-2 9.80264E-3 1.00542E-2 9.41122E-3 7.53182E-3 6.53731E-3 5.46586E-3 4.617E-3 5.06728E-3 5.55892E-3 4.13127E-3 3.95182E-3 3.0722E-3 2.6981E-3 3.76458E-3 4.19223E-3 4.51336E-3 4.37748E-3 5.0209E-3 5.5608E-3 5.4939E-3 5.3304E-3 5.07558E-3 5.07558E-3 5.16941E-3 5.26475E-3 5.39433E-3 5.39433E-3 5.36211E-3 5.4939E-3 4.89715E-3 4.45528E-3 4.49303E-3 4.73236E-3 4.81402E-3 5.15329E-3 5.674E-3 6.08545E-3 6.38869E-3 5.99985E-3 5.89409E-3 5.89083E-3 7.13259E-3 8.10279E-3 9.29674E-3 9.96191E-3 1.13748E-2 1.23178E-2 1.46022E-2 1.61202E-2 1.84101E-2 1.99259E-2 1.26309E-2 2.19521E-3 2.03641E-3 1.61204E-3 1.62776E-3
2.68965E-3 1.66813E-3 2.64983E-3 2.32758E-3 2.02109E-3 9.82157E-4 9.0339E-4 1.33379E-3 1.41007E-3 4.39377E-3 6.38869E-3 9.93371E-3 1.1623E-2 1.17542E-2 1.17519E-2 1.17519E-2 1.09999E-2 8.69105E-3 7.1566E-3 6.20193E-3 5.39799E-3 5.24113E-3 5.61192E-3 4.85625E-3 4.16071E-3 3.53373E-3 3.40795E-3 3.01277E-3 3.10231E-3 4.28282E-3 5.30485E-3 5.52855E-3 5.83312E-3 5.66146E-3 5.4939E-3 5.1383E-3 5.29722E-3 5.39433E-3 5.42687E-3 5.26475E-3 4.63102E-3 4.4085E-3 4.68985E-3 4.47669E-3 4.47669E-3 4.65289E-3 4.91976E-3 5.33086E-3 5.42254E-3 5.96558E-3 6.58209E-3 6.36385E-3 6.16939E-3 5.89409E-3 6.34644E-3 7.45423E-3 8.24707E-3 9.57879E-3 1.05372E-2 1.18592E-2 1.31747E-2 1.4438E-2 1.72669E-2 1.91966E-2 2.03897E-2 5.06771E-3 2.59782E-3 1.43635E-3 1.52913E-3 1.86969E-3
3.25218E-3 3.05812E-3 1.81081E-3 1.7543E-3 2.23097E-3 2.39564E-3 1.05511E-3 6.02768E-4 9.66343E-4 1.75367E-3 3.31128E-3 8.6571E-3 1.13642E-2 1.1623E-2 1.17519E-2 1.18711E-2 1.16131E-2 1.08865E-2 8.73281E-3 7.70068E-3 6.67999E-3 6.23449E-3 5.33086E-3 4.5739E-3 4.02048E-3 3.71284E-3 2.60301E-3 2.32671E-3 2.34694E-3 2.71548E-3 5.2116E-3 5.97399E-3 6.26215E-3 5.93783E-3 5.59367E-3 5.39433E-3 5.26475E-3 5.42687E-3 5.832E-3 5.32921E-3 4.29685E-3 4.4085E-3 4.27344E-3 4.52271E-3 4.63952E-3 4.90589E-3 5.2494E-3 5.64041E-3 5.95171E-3 6.53731E-3 7.00325E-3 6.75868E-3 6.18548E-3 6.43635E-3 6.84931E-3 7.87907E-3 9.03055E-3 1.00686E-2 1.09471E-2 1.23151E-2 1.38182E-2 1.54485E-2 1.79295E-2 1.89955E-2 1.12435E-2 6.58815E-3 1.10371E-2 1.05874E-2 9.80286E-3 6.35604E-3
3.77022E-3 3.51204E-3 2.7541E-3 9.79367E-4 1.01933E-3 1.69678E-3 2.27728E-3 1.878E-3 2.78859E-4 6.26483E-4 1.21031E-3 6.2215E-3 1.12419E-2 1.18806E-2 1.15015E-2 1.11284E-2 1.11293E-2 1.16959E-2 1.05268E-2 8.5801E-3 8.18128E-3 6.87522E-3 5.57188E-3 4.79394E-3 3.9661E-3 3.53373E-3 2.69973E-3 2.45197E-3 2.73747E-3 2.25958E-3 4.20903E-3 6.26215E-3 6.48444E-3 6.22446E-3 6.116E-3 5.49291E-3 5.42687E-3 5.7627E-3 5.86607E-3 5.86607E-3 5.49291E-3 5.59286E-3 5.01552E-3 4.77607E-3 5.17553E-3 5.33423E-3 6.11764E-3 6.26412E-3 6.67999E-3 7.07832E-3 7.20453E-3 6.38869E-3 6.0919E-3 6.90685E-3 7.53285E-3 8.31646E-3 9.26579E-3 1.04298E-2 1.14509E-2 1.28424E-2 1.41848E-2 1.62219E-2 1.75845E-2 1.78408E-2 5.33622E-3 1.39825E-2 1.54069E-2 1.36682E-2 9.48005E-3 5.23303E-3
3.60089E-3 3.51868E-3 3.44938E-3 3.03755E-3 2.0613E-3 1.00958E-3 1.19157E-3 2.35287E-3 1.80088E-3 1.08896E-3 1.58314E-3 6.31916E-3 1.10854E-2 1.21329E-2 1.14856E-2 1.1007E-2 1.15938E-2 1.18797E-2 1.1007E-2 9.57404E-3 9.04393E-3 7.52839E-3 6.37775E-3 5.02391E-3 4.28946E-3 3.3308E-3 1.93309E-3 2.14187E-3 2.73747E-3 2.65924E-3 4.55182E-3 6.63759E-3 6.86882E-3 6.59734E-3 6.52073E-3 6.15141E-3 6.07904E-3 5.6605E-3 5.7627E-3 6.32952E-3 6.43834E-3 6.11386E-3 5.52655E-3 5.3304E-3 5.59367E-3 6.29821E-3 6.22618E-3 5.40855E-3 6.75817E-3 7.3222E-3 7.00325E-3 6.36385E-3 6.80205E-3 7.24757E-3 7.99377E-3 8.98725E-3 9.74352E-3 1.09147E-2 1.22043E-2 1.3452E-2 1.5069E-2 1.64554E-2 1.76759E-2 1.45153E-2 1.07535E-2 1.38828E-2 1.29185E-2 9.94455E-3 3.95672E-3 3.0985E-3
1.94335E-3 2.28999E-3 2.7075E-3 2.86541E-3 2.58406E-3 2.77424E-3 1.87415E-3 2.4695E-3 2.63271E-3 1.45339E-3 4.32299E-4 3.71375E-3 7.45672E-3 1.08676E-2 1.2149E-2 1.16959E-2 1.14655E-2 1.13382E-2 1.0985E-2 9.82706E-3 9.31199E-3 8.44698E-3 6.45332E-3 5.44843E-3 4.83733E-3 2.62022E-3 1.74999E-3 2.33954E-3 2.90015E-3 2.6981E-3 4.91976E-3 7.02933E-3 7.35245E-3 7.06686E-3 6.78965E-3 6.71119E-3 6.48008E-3 6.11386E-3 6.04182E-3 6.04182E-3 6.32952E-3 6.2213E-3 6.11386E-3 6.18659E-3 6.26001E-3 6.29821E-3 5.66407E-3 5.64041E-3 5.88023E-3 6.64909E-3 6.36656E-3 6.08917E-3 7.03455E-3 7.99501E-3 8.81944E-3 9.53488E-3 1.06942E-2 1.17374E-2 1.24835E-2 1.38631E-2 1.54762E-2 1.68728E-2 1.74996E-2 1.61238E-2 1.38084E-2 1.27228E-2 6.44725E-3 7.50784E-3 4.02097E-3 6.22056E-4
1.14876E-3 9.33827E-4 1.19385E-3 1.33863E-3 1.6096E-3 1.49835E-3 2.08983E-3 2.31264E-3 2.20718E-3 2.05042E-3 4.58981E-4 8.4311E-4 4.06405E-3 7.96478E-3 1.16598E-2 1.19608E-2 1.15292E-2 1.09622E-2 1.12712E-2 1.09622E-2 1.05268E-2 9.07732E-3 7.52839E-3 6.45332E-3 5.77966E-3 3.17282E-3 1.65023E-3 2.62022E-3 3.02215E-3 2.22839E-3 4.16071E-3 6.91091E-3 7.68343E-3 7.59638E-3 7.59638E-3 7.30498E-3 7.13863E-3 6.78149E-3 6.59121E-3 6.81467E-3 7.00774E-3 6.59121E-3 6.48008E-3 6.48008E-3 6.82581E-3 6.00887E-3 5.08378E-3 5.00611E-3 5.17541E-3 5.69828E-3 6.06012E-3 6.18689E-3 7.37081E-3 8.14862E-3 9.08616E-3 1.01E-2 1.10335E-2 1.23953E-2 1.32921E-2 1.48695E-2 1.62575E-2 1.7205E-2 1.70285E-2 1.25643E-2 1.17427E-2 1.02618E-2 5.84265E-3 3.44149E-3 2.19756E-3 2.39363E-3
8.32213E-4 5.01081E-4 6.34181E-4 8.90787E-4 1.30505E-3 1.67716E-3 1.4081E-3 1.49998E-3 8.25195E-4 3.61909E-4 8.2977E-4 3.91062E-4 1.86617E-3 5.81659E-3 1.01407E-2 1.19608E-2 1.16291E-2 1.13536E-2 1.12984E-2 1.18254E-2 1.10173E-2 1.01826E-2 9.23606E-3 8.26029E-3 6.26821E-3 4.15941E-3 3.04722E-3 2.79806E-3 3.28224E-3 2.15667E-3 2.94214E-3 5.85038E-3 7.69486E-3 8.1121E-3 8.14512E-3 8.05318E-3 7.96202E-3 7.80965E-3 8.01671E-3 8.13208E-3 8.15116E-3 7.92503E-3 7.48906E-3 6.89458E-3 6.15141E-3 5.11189E-3 4.57211E-3 4.5921E-3 4.36307E-3 4.60063E-3 5.07674E-3 6.03637E-3 7.20021E-3 8.14862E-3 8.88724E-3 1.04031E-2 1.14716E-2 1.2364E-2 1.4014E-2 1.5091E-2 1.65158E-2 1.69571E-2 1.50935E-2 1.03855E-2 1.11516E-2 9.63666E-3 7.0238E-3 4.38655E-3 4.3311E-3 9.80643E-3
2.22773E-3 1.36798E-3 9.30987E-4 5.7255E-4 4.04484E-4 1.18675E-3 1.4816E-3 1.23891E-3 1.13196E-3 8.25195E-4 5.25651E-4 7.85691E-4 1.45339E-3 4.10903E-3 9.10725E-3 1.1309E-2 1.15601E-2 1.18254E-2 1.18796E-2 1.16902E-2 1.14963E-2 1.05274E-2 9.57404E-3 8.84539E-3 6.49449E-3 2.85678E-3 2.77591E-3 2.28505E-3 2.68965E-3 3.0714E-3 2.4055E-3 3.69203E-3 5.75115E-3 7.82175E-3 8.55351E-3 8.70754E-3 8.73071E-3 8.34111E-3 8.55184E-3 8.65033E-3 8.226E-3 7.80965E-3 6.70281E-3 5.90197E-3 5.29937E-3 4.47669E-3 3.51229E-3 3.79262E-3 3.69889E-3 4.0889E-3 4.67888E-3 5.62848E-3 6.7194E-3 7.3557E-3 8.69064E-3 1.04498E-2 1.19217E-2 1.28401E-2 1.42719E-2 1.56645E-2 1.71446E-2 1.70563E-2 1.52032E-2 1.1734E-2 1.06825E-2 5.44409E-3 5.35278E-3 2.89338E-3 3.50691E-3 1.41216E-2
3.24857E-3 2.26444E-3 1.25666E-3 6.12639E-4 2.78503E-4 4.8097E-4 4.60496E-4 4.3636E-4 5.32578E-4 3.79185E-4 1.08857E-3 1.73031E-3 1.60462E-3 3.55114E-3 5.96558E-3 7.87054E-3 1.02955E-2 1.10562E-2 1.11438E-2 1.13536E-2 1.12984E-2 1.11438E-2 1.02977E-2 1.00609E-2 8.54148E-3 3.38711E-3 1.6921E-3 1.93652E-3 2.16976E-3 2.05065E-3 2.37904E-3 3.18398E-3 2.62683E-3 4.44945E-3 7.56865E-3 8.68052E-3 8.80626E-3 8.26871E-3 8.08275E-3 7.69314E-3 7.69314E-3 6.48008E-3 6.00737E-3 5.3304E-3 4.72359E-3 3.78493E-3 3.02854E-3 3.0722E-3 3.14491E-3 3.60847E-3 3.88758E-3 4.09177E-3 4.50651E-3 5.7674E-3 8.37121E-3 1.09912E-2 1.20407E-2 1.34182E-2 1.47629E-2 1.59063E-2 1.68724E-2 1.70841E-2 1.6357E-2 1.24111E-2 8.38263E-3 4.10716E-3 3.08782E-3 1.65012E-3 3.62529E-3 1.52737E-2
