KUENM/Final_Models/M_0.1_F_lq_Set_2_E/sp1_0.asc
ncols         197
nrows         210
xllcorner     56.1666666666667
yllcorner     4.5
cellsize      0.166666666666667
NODATA_value  -9999
[rows 112 to 139 of 210, columns 130 to 194 of 197]
4.92442E-1 3.76842E-1 2.75348E-1 2.28465E-1 2.05225E-1 1.36052E-1 7.27611E-2 3.06626E-2 1.19672E-2 3.98526E-3 1.78944E-3 1.1441E-3 6.64782E-4 2.56592E-4 9.47915E-5 9.27423E-5 2.05447E-4 5.20099E-4 1.01628E-3 2.27351E-3 6.59522E-3 1.32791E-2 1.56906E-2 1.27458E-2 3.06092E-3 8.94846E-4 6.59618E-4 8.38615E-4 1.34234E-3 1.3501E-3 1.1288E-3 1.27367E-3 1.40579E-3 1.45935E-3 1.30712E-3 1.04013E-3 8.4039E-4 7.03672E-4 7.73827E-4 8.4039E-4 1.11774E-3 1.75423E-3 3.03497E-3 6.1543E-3 3.52917E-3 1.14006E-3 3.02248E-4 9.07165E-5 5.81487E-5 7.11177E-5 7.50942E-5 8.20558E-5 7.82903E-5 8.71499E-5 1.1334E-4 1.62834E-4 -9999 -9999 -9999 -9999 -9999 -9999 -9999 -9999 -9999
4.61531E-1 3.38373E-1 2.41614E-1 2.0016E-1 1.61991E-1 9.51869E-2 4.28673E-2 1.42352E-2 2.90833E-3 7.03672E-4 9.39147E-4 1.16432E-3 1.08061E-3 3.56955E-4 6.40693E-5 3.8273E-5 7.83349E-5 1.98247E-4 5.10756E-4 1.35346E-3 2.98029E-3 5.08565E-3 5.12433E-3 4.11338E-3 2.70566E-3 8.5498E-4 5.62545E-4 6.44445E-4 3.79486E-3 6.2763E-3 3.61835E-3 2.09957E-3 1.54006E-3 1.51481E-3 1.40785E-3 1.37313E-3 1.4314E-3 1.65641E-3 1.97177E-3 1.83703E-3 1.45495E-3 1.29288E-3 1.3338E-3 2.24278E-3 1.95288E-3 8.33625E-4 2.30664E-4 7.69399E-5 6.89407E-5 8.22268E-5 9.16222E-5 1.04719E-4 1.16529E-4 1.26742E-4 1.53321E-4 -9999 -9999 -9999 -9999 -9999 -9999 -9999 -9999 -9999 -9999
3.58973E-1 2.09939E-1 1.45335E-1 1.2218E-1 1.03573E-1 6.30679E-2 2.90474E-2 8.76323E-3 1.72111E-3 4.46283E-4 6.64782E-4 1.03645E-3 9.80611E-4 1.91237E-4 1.52662E-5 7.8825E-6 2.13489E-5 6.3196E-5 2.03269E-4 6.22617E-4 1.18737E-3 2.95593E-3 5.90983E-3 1.20306E-2 5.12258E-3 8.42397E-4 3.89476E-4 5.69753E-4 5.21132E-3 1.12587E-2 6.90876E-3 3.00505E-3 1.68963E-3 1.66456E-3 1.81886E-3 1.93103E-3 1.88049E-3 2.1826E-3 2.89275E-3 2.94175E-3 2.34475E-3 1.5568E-3 8.6654E-4 1.07903E-3 1.1619E-3 6.51819E-4 2.51883E-4 9.20478E-5 8.99208E-5 1.17043E-4 1.33168E-4 1.54566E-4 1.79078E-4 2.07103E-4 -9999 -9999 -9999 -9999 -9999 -9999 -9999 -9999 -9999 -9999 -9999
2.91726E-1 1.86165E-1 1.16164E-1 7.26877E-2 5.18896E-2 4.22984E-2 2.5244E-2 1.01154E-2 3.35574E-3 1.48375E-3 1.25586E-3 1.27976E-3 5.4615E-4 6.01888E-5 3.66741E-6 2.67102E-6 6.77191E-6 1.9716E-5 5.2404E-5 1.22957E-4 1.69013E-4 8.15826E-4 3.27103E-3 5.9595E-3 3.23437E-3 6.98611E-4 3.88304E-4 7.19021E-4 1.05209E-2 1.79165E-2 1.29292E-2 5.07346E-3 2.26826E-3 2.30961E-3 2.41493E-3 1.89097E-3 2.51456E-3 2.30681E-3 2.91502E-3 3.38016E-3 3.2912E-3 2.38798E-3 1.85024E-3 1.81662E-3 1.51166E-3 8.73572E-4 4.38008E-4 1.76085E-4 1.45249E-4 2.08578E-4 2.31484E-4 2.513E-4 -9999 -9999 -9999 -9999 -9999 -9999 -9999 -9999 -9999 -9999 -9999 -9999 -9999
2.47293E-1 1.81334E-1 1.16047E-1 6.16472E-2 3.56287E-2 2.9421E-2 2.94521E-2 1.60698E-2 7.09007E-3 4.81186E-3 4.40662E-3 3.24747E-3 4.20649E-4 4.28596E-5 6.18394E-6 3.09678E-6 3.7709E-6 7.20983E-6 1.14943E-5 8.9453E-6 2.27333E-5 5.27889E-5 1.50959E-4 2.71302E-4 5.6613E-4 7.17306E-4 1.12844E-3 5.53078E-3 2.54971E-2 3.64177E-2 2.11781E-2 1.08971E-2 5.31168E-3 3.81182E-3 3.08279E-3 3.1701E-3 2.58985E-3 2.62369E-3 2.77341E-3 4.21395E-3 4.77208E-3 4.06597E-3 3.64641E-3 3.25814E-3 2.4856E-3 1.75679E-3 1.06019E-3 6.28052E-4 4.47318E-4 4.56038E-4 4.56038E-4 -9999 -9999 -9999 -9999 -9999 -9999 -9999 -9999 -9999 -9999 -9999 -9999 -9999 -9999
2.14831E-1 1.63438E-1 1.1255E-1 6.7004E-2 4.12093E-2 3.15147E-2 3.46919E-2 2.3859E-2 1.2591E-2 9.77727E-3 7.09606E-3 2.15325E-3 3.09905E-4 4.18921E-5 8.11002E-6 3.71725E-6 3.60582E-6 5.79363E-6 8.60248E-6 1.17849E-5 2.65121E-5 6.63572E-5 1.14867E-4 2.54331E-4 3.67767E-4 4.76597E-4 1.24573E-3 1.13128E-2 4.43242E-2 7.34675E-2 3.72078E-2 1.60088E-2 6.58296E-3 4.30932E-3 2.25073E-3 3.43384E-3 2.39106E-3 2.15878E-3 4.33512E-3 7.31635E-3 7.71574E-3 6.9643E-3 6.317E-3 5.5781E-3 4.79958E-3 3.79142E-3 2.76715E-3 2.03419E-3 1.48684E-3 -9999 -9999 -9999 -9999 -9999 -9999 -9999 -9999 -9999 -9999 -9999 -9999 -9999 -9999 -9999 -9999
1.63625E-1 1.20695E-1 9.58496E-2 8.62787E-2 6.69419E-2 5.05493E-2 4.23137E-2 3.65647E-2 3.19745E-2 2.56127E-2 9.19475E-3 1.28255E-3 1.72378E-4 4.00193E-5 1.11682E-5 5.048E-6 3.90974E-6 7.11327E-6 1.59833E-5 3.62246E-5 9.00411E-5 1.24082E-4 2.10324E-4 3.58287E-4 4.48003E-4 5.1574E-4 1.02487E-3 3.04815E-3 1.25229E-2 4.22734E-2 2.77321E-2 7.98936E-3 3.43737E-3 4.52672E-3 4.90317E-3 5.09212E-3 3.01009E-3 3.28737E-3 7.57404E-3 1.12014E-2 1.18503E-2 1.14872E-2 1.03233E-2 1.00864E-2 9.00948E-3 7.18189E-3 5.6013E-3 3.98526E-3 -9999 -9999 -9999 -9999 -9999 -9999 -9999 -9999 -9999 -9999 -9999 -9999 -9999 -9999 -9999 -9999 -9999
1.20474E-1 1.29342E-1 1.15713E-1 9.53302E-2 6.91421E-2 3.28014E-2 2.7651E-2 3.34924E-2 4.72518E-2 5.79548E-2 2.74652E-2 1.46107E-3 1.79663E-4 5.76898E-5 1.57099E-5 6.51942E-6 5.17561E-6 1.00819E-5 2.50955E-5 5.83719E-5 1.14867E-4 2.21688E-4 3.64146E-4 4.83553E-4 4.49087E-4 4.95806E-4 6.87941E-4 7.32125E-4 2.52269E-3 1.53029E-2 4.46783E-3 9.36875E-4 2.51504E-3 2.12853E-3 6.4189E-3 7.0288E-3 5.68953E-3 6.37026E-3 7.58532E-3 1.16975E-2 1.69944E-2 1.71365E-2 1.79165E-2 1.66331E-2 1.45726E-2 -9999 -9999 -9999 -9999 -9999 -9999 -9999 -9999 -9999 -9999 -9999 -9999 -9999 -9999 -9999 -9999 -9999 -9999 -9999 -9999
1.26304E-1 1.38721E-1 1.38409E-1 1.2135E-1 7.80875E-2 3.99487E-2 3.80129E-2 7.26222E-2 1.41299E-1 1.08108E-1 5.65888E-2 7.07675E-3 8.73199E-4 1.51468E-4 2.4079E-5 7.42162E-6 5.22728E-6 1.17749E-5 3.34072E-5 7.19221E-5 1.66246E-4 3.32718E-4 4.08999E-4 4.89394E-4 5.2969E-4 4.63059E-4 4.81817E-4 5.03067E-4 6.38208E-4 3.05977E-3 8.38109E-4 4.09651E-4 1.99574E-3 4.26107E-3 4.05946E-3 7.32138E-3 7.64557E-3 6.42715E-3 8.25439E-3 1.61947E-2 2.17983E-2 2.3522E-2 2.52515E-2 -9999 -9999 -9999 -9999 -9999 -9999 -9999 -9999 -9999 -9999 -9999 -9999 -9999 -9999 -9999 -9999 -9999 -9999 -9999 -9999 -9999 -9999
1.4581E-1 1.62174E-1 1.79962E-1 1.68278E-1 1.39867E-1 1.0044E-1 9.39717E-2 8.62737E-2 1.41018E-1 1.32132E-1 6.13468E-2 1.41261E-2 2.26227E-3 2.97447E-4 3.49574E-5 6.73178E-6 5.10902E-6 1.07734E-5 4.6679E-5 1.01301E-4 1.94277E-4 4.17457E-4 4.49756E-4 4.58814E-4 4.40866E-4 3.55232E-4 3.14509E-4 2.73902E-4 3.09638E-4 3.31581E-4 2.07136E-4 2.75518E-4 1.17516E-3 4.04339E-3 3.5402E-3 7.76693E-3 9.92803E-3 8.187E-3 8.13656E-3 2.13648E-2 2.6709E-2 2.95714E-2 3.15338E-2 -9999 -9999 -9999 -9999 -9999 -9999 -9999 -9999 -9999 -9999 -9999 -9999 -9999 -9999 -9999 -9999 -9999 -9999 -9999 -9999 -9999 -9999
1.70608E-1 1.84452E-1 2.08303E-1 2.40236E-1 2.28465E-1 2.17496E-1 2.35542E-1 2.21211E-1 1.40041E-1 1.14975E-1 6.06097E-2 2.01329E-2 4.47948E-3 6.15672E-4 6.03284E-5 1.04347E-5 6.23417E-6 1.45052E-5 4.59382E-5 1.5265E-4 4.42647E-4 5.92922E-4 3.32505E-4 2.99569E-4 3.1282E-4 2.34575E-4 1.82592E-4 1.2884E-4 1.18875E-4 8.21483E-5 8.65642E-5 2.00665E-4 8.50143E-4 3.14343E-3 3.26067E-3 7.46866E-3 1.01382E-2 8.74409E-3 7.68595E-3 2.3157E-2 3.75629E-2 3.62296E-2 -9999 -9999 -9999 -9999 -9999 -9999 -9999 -9999 -9999 -9999 -9999 -9999 -9999 -9999 -9999 -9999 -9999 -9999 -9999 -9999 -9999 -9999 -9999
1.47956E-1 1.46696E-1 2.1337E-1 2.75622E-1 3.02587E-1 3.3474E-1 3.35099E-1 3.12035E-1 2.29102E-1 1.19321E-1 7.11563E-2 3.02352E-2 1.1656E-2 2.57571E-3 1.639E-4 2.97012E-5 2.80831E-5 3.777E-5 7.56766E-5 2.58049E-4 6.53333E-4 7.71973E-4 3.49731E-4 2.00015E-4 1.87589E-4 1.35714E-4 9.82357E-5 7.32799E-5 4.097E-5 1.78296E-5 5.55846E-5 3.71944E-4 2.13797E-3 3.2539E-3 4.25672E-3 6.63701E-3 1.16954E-2 1.86066E-2 2.44704E-2 4.10861E-2 5.58359E-2 4.52622E-2 -9999 -9999 -9999 -9999 -9999 -9999 -9999 -9999 -9999 -9999 -9999 -9999 -9999 -9999 -9999 -9999 -9999 -9999 -9999 -9999 -9999 -9999 -9999
9.00853E-2 7.51511E-2 1.02187E-1 2.71835E-1 3.42099E-1 3.8931E-1 3.94654E-1 3.45127E-1 2.37603E-1 1.29273E-1 1.30533E-1 8.75574E-2 4.2044E-2 1.97624E-2 4.67952E-3 8.75804E-4 2.73429E-4 1.48079E-4 1.75597E-4 3.23753E-4 4.51987E-4 5.20112E-4 2.98487E-4 1.97217E-4 1.23254E-4 9.33597E-5 7.44328E-5 6.31498E-5 1.91158E-5 1.85297E-5 9.00276E-5 4.7664E-4 6.62425E-3 6.38282E-3 6.2573E-3 8.47108E-3 1.76531E-2 3.42072E-2 6.1395E-2 9.32907E-2 8.14104E-2 -9999 -9999 -9999 -9999 -9999 -9999 -9999 -9999 -9999 -9999 -9999 -9999 -9999 -9999 -9999 -9999 -9999 -9999 -9999 -9999 -9999 -9999 -9999 -9999
3.90184E-2 5.65262E-2 1.09352E-1 2.39098E-1 3.26408E-1 4.17154E-1 4.28492E-1 3.76842E-1 2.8174E-1 2.15738E-1 2.01092E-1 1.86193E-1 1.36826E-1 1.20521E-1 9.73259E-2 4.3303E-2 5.662E-3 8.26155E-4 3.16085E-4 4.06049E-4 4.44989E-4 4.09886E-4 2.60243E-4 1.12896E-4 5.07895E-5 5.92005E-5 1.09685E-4 9.77969E-5 9.38617E-5 1.58949E-4 3.59666E-4 4.2888E-3 2.64415E-2 2.70266E-2 1.55544E-2 1.50609E-2 3.06827E-2 5.138E-2 8.68726E-2 1.08808E-1 -9999 -9999 -9999 -9999 -9999 -9999 -9999 -9999 -9999 -9999 -9999 -9999 -9999 -9999 -9999 -9999 -9999 -9999 -9999 -9999 -9999 -9999 -9999 -9999 -9999
2.40287E-2 5.46121E-2 1.3614E-1 2.45248E-1 3.56382E-1 4.8179E-1 4.90963E-1 4.30069E-1 3.48103E-1 2.96637E-1 2.47065E-1 2.12446E-1 2.07625E-1 3.00972E-1 3.79564E-1 3.73962E-1 4.86837E-2 2.563E-3 4.94069E-4 3.80455E-4 3.96727E-4 3.55409E-4 2.24527E-4 6.85116E-5 1.78226E-5 3.4914E-5 1.5644E-4 3.1406E-4 5.58696E-4 8.35408E-4 1.46132E-3 9.95932E-3 5.09689E-2 6.59515E-2 5.29803E-2 6.77561E-2 8.91006E-2 9.19556E-2 1.013E-1 -9999 -9999 -9999 -9999 -9999 -9999 -9999 -9999 -9999 -9999 -9999 -9999 -9999 -9999 -9999 -9999 -9999 -9999 -9999 -9999 -9999 -9999 -9999 -9999 -9999 -9999
1.91169E-2 6.35325E-2 1.54485E-1 2.46971E-1 3.69953E-1 5.05163E-1 5.20201E-1 4.75606E-1 4.14788E-1 3.66108E-1 2.60941E-1 1.81874E-1 2.12537E-1 3.77491E-1 4.96382E-1 4.56417E-1 4.29516E-2 3.66728E-3 8.71261E-4 5.45994E-4 4.91135E-4 3.48063E-4 2.12524E-4 7.4892E-5 2.70232E-5 7.16015E-5 4.1912E-4 1.09368E-3 1.61623E-3 2.34523E-3 3.27145E-3 1.66449E-2 7.03867E-2 9.93758E-2 1.09152E-1 1.54902E-1 2.08443E-1 1.50712E-1 -9999 -9999 -9999 -9999 -9999 -9999 -9999 -9999 -9999 -9999 -9999 -9999 -9999 -9999 -9999 -9999 -9999 -9999 -9999 -9999 -9999 -9999 -9999 -9999 -9999 -9999 -9999
5.76149E-2 1.11956E-1 1.24276E-1 1.99347E-1 3.58779E-1 4.86503E-1 5.06173E-1 4.70669E-1 4.08353E-1 3.69452E-1 2.7637E-1 1.52964E-1 1.33302E-1 2.69997E-1 3.08064E-1 2.61131E-1 6.71015E-2 8.52773E-3 2.38132E-3 1.30693E-3 7.35176E-4 4.55908E-4 3.03537E-4 1.83727E-4 2.83969E-4 4.81399E-4 1.52173E-3 2.87028E-3 3.01614E-3 4.88536E-3 9.59858E-3 2.87663E-2 8.72109E-2 1.13846E-1 1.3346E-1 1.69487E-1 2.11698E-1 -9999 -9999 -9999 -9999 -9999 -9999 -9999 -9999 -9999 -9999 -9999 -9999 -9999 -9999 -9999 -9999 -9999 -9999 -9999 -9999 -9999 -9999 -9999 -9999 -9999 -9999 -9999 -9999
2.34329E-1 2.2759E-1 1.86366E-1 2.46318E-1 3.4369E-1 3.38105E-1 4.06205E-1 4.5123E-1 3.86498E-1 3.31682E-1 2.59058E-1 1.31834E-1 7.84799E-2 1.27116E-1 1.60392E-1 1.57876E-1 7.53123E-2 2.30694E-2 6.54364E-3 3.18213E-3 1.63581E-3 8.52144E-4 6.39847E-4 7.35552E-4 1.33855E-3 2.26936E-3 4.36829E-3 7.35229E-3 5.962E-3 7.37694E-3 1.14708E-2 3.85922E-2 1.17346E-1 2.05001E-1 1.66352E-1 -9999 -9999 -9999 -9999 -9999 -9999 -9999 -9999 -9999 -9999 -9999 -9999 -9999 -9999 -9999 -9999 -9999 -9999 -9999 -9999 -9999 -9999 -9999 -9999 -9999 -9999 -9999 -9999 -9999 -9999
3.11275E-1 3.31158E-1 3.52091E-1 3.94624E-1 4.41246E-1 4.4473E-1 4.90368E-1 5.36731E-1 5.04094E-1 3.78392E-1 2.92533E-1 1.71315E-1 1.07357E-1 1.0688E-1 1.02378E-1 1.1255E-1 9.68363E-2 6.04483E-2 2.58299E-2 1.08234E-2 3.9336E-3 1.88045E-3 1.74101E-3 2.42448E-3 3.00541E-3 3.80997E-3 6.17393E-3 5.68953E-3 8.23862E-3 2.09094E-2 5.38792E-2 9.93969E-2 1.69487E-1 2.21488E-1 -9999 -9999 -9999 -9999 -9999 -9999 -9999 -9999 -9999 -9999 -9999 -9999 -9999 -9999 -9999 -9999 -9999 -9999 -9999 -9999 -9999 -9999 -9999 -9999 -9999 -9999 -9999 -9999 -9999 -9999 -9999
3.17937E-1 3.552E-1 4.15036E-1 4.8358E-1 5.32112E-1 5.52518E-1 5.872E-1 6.11319E-1 5.99697E-1 5.2357E-1 4.03208E-1 2.77864E-1 1.84429E-1 1.36003E-1 1.03218E-1 1.12168E-1 1.36826E-1 1.27884E-1 1.08874E-1 2.84244E-2 8.12491E-3 3.97457E-3 3.5441E-3 4.10443E-3 4.67318E-3 5.25964E-3 5.10624E-3 9.10043E-3 3.11119E-2 8.05861E-2 1.87511E-1 1.98558E-1 1.98302E-1 -9999 -9999 -9999 -9999 -9999 -9999 -9999 -9999 -9999 -9999 -9999 -9999 -9999 -9999 -9999 -9999 -9999 -9999 -9999 -9999 -9999 -9999 -9999 -9999 -9999 -9999 -9999 -9999 -9999 -9999 -9999 -9999
3.25887E-1 4.13311E-1 4.54413E-1 5.42802E-1 5.90356E-1 5.95694E-1 5.92161E-1 6.3385E-1 6.46725E-1 6.04425E-1 4.91586E-1 3.79273E-1 2.9841E-1 2.04297E-1 1.37577E-1 1.26226E-1 1.43942E-1 1.2065E-1 7.27611E-2 2.78614E-2 9.19346E-3 6.3044E-3 6.23293E-3 8.36599E-3 1.10398E-2 1.35388E-2 1.65642E-2 3.51248E-2 8.25067E-2 1.53461E-1 2.22886E-1 2.3817E-1 -9999 -9999 -9999 -9999 -9999 -9999 -9999 -9999 -9999 -9999 -9999 -9999 -9999 -9999 -9999 -9999 -9999 -9999 -9999 -9999 -9999 -9999 -9999 -9999 -9999 -9999 -9999 -9999 -9999 -9999 -9999 -9999 -9999
3.33056E-1 5.73933E-1 5.82379E-1 5.99427E-1 6.30678E-1 6.27712E-1 5.78178E-1 6.35623E-1 6.51555E-1 6.14348E-1 5.11739E-1 4.3451E-1 4.09597E-1 2.96068E-1 1.63026E-1 1.35651E-1 1.1471E-1 9.91304E-2 4.99638E-2 2.22096E-2 6.7536E-3 5.32595E-3 8.90375E-3 2.48261E-2 2.94413E-2 3.55896E-2 5.18338E-2 9.39408E-2 1.24066E-1 1.52964E-1 -9999 -9999 -9999 -9999 -9999 -9999 -9999 -9999 -9999 -9999 -9999 -9999 -9999 -9999 -9999 -9999 -9999 -9999 -9999 -9999 -9999 -9999 -9999 -9999 -9999 -9999 -9999 -9999 -9999 -9999 -9999 -9999 -9999 -9999 -9999
4.033E-1 5.68904E-1 6.02416E-1 6.16278E-1 6.37236E-1 6.41237E-1 6.29876E-1 6.28467E-1 6.12846E-1 5.73678E-1 4.91787E-1 4.65023E-1 4.46072E-1 3.28784E-1 1.81995E-1 1.57081E-1 1.33077E-1 1.45721E-1 1.25299E-1 4.73768E-2 1.88275E-2 1.03889E-2 1.1743E-2 4.71488E-2 5.24058E-2 6.37324E-2 1.2132E-1 1.33817E-1 -9999 -9999 -9999 -9999 -9999 -9999 -9999 -9999 -9999 -9999 -9999 -9999 -9999 -9999 -9999 -9999 -9999 -9999 -9999 -9999 -9999 -9999 -9999 -9999 -9999 -9999 -9999 -9999 -9999 -9999 -9999 -9999 -9999 -9999 -9999 -9999 -9999
4.52828E-1 5.27542E-1 5.93682E-1 6.2421E-1 6.42112E-1 6.50518E-1 6.4867E-1 6.37682E-1 6.10136E-1 5.84048E-1 5.5674E-1 5.27916E-1 4.91438E-1 3.80351E-1 2.51048E-1 2.31876E-1 1.84651E-1 1.96952E-1 2.24763E-1 1.35109E-1 7.32554E-2 5.15069E-2 5.023E-2 6.81169E-2 6.99208E-2 5.15069E-2 6.67029E-2 1.44368E-1 -9999 -9999 -9999 -9999 -9999 -9999 -9999 -9999 -9999 -9999 -9999 -9999 -9999 -9999 -9999 -9999 -9999 -9999 -9999 -9999 -9999 -9999 -9999 -9999 -9999 -9999 -9999 -9999 -9999 -9999 -9999 -9999 -9999 -9999 -9999 -9999 -9999
4.74793E-1 5.07573E-1 5.91333E-1 6.31755E-1 6.47942E-1 6.54559E-1 6.59156E-1 6.51962E-1 6.3494E-1 6.15807E-1 5.98373E-1 5.74128E-1 5.52461E-1 5.18266E-1 4.17879E-1 2.80465E-1 1.93993E-1 1.76214E-1 2.01092E-1 2.19909E-1 1.82284E-1 1.26637E-1 1.01559E-1 4.59599E-2 4.03753E-2 3.53614E-2 1.02134E-1 1.25299E-1 -9999 -9999 -9999 -9999 -9999 -9999 -9999 -9999 -9999 -9999 -9999 -9999 -9999 -9999 -9999 -9999 -9999 -9999 -9999 -9999 -9999 -9999 -9999 -9999 -9999 -9999 -9999 -9999 -9999 -9999 -9999 -9999 -9999 -9999 -9999 -9999 -9999
5.43806E-1 5.59396E-1 6.09666E-1 6.40185E-1 6.46506E-1 6.52589E-1 6.58434E-1 6.55683E-1 6.47008E-1 6.33102E-1 6.18099E-1 5.9877E-1 5.76432E-1 5.62992E-1 5.20863E-1 3.4152E-1 1.73918E-1 1.26121E-1 1.73278E-1 2.85847E-1 2.99392E-1 1.49385E-1 1.04044E-1 3.00406E-2 1.64742E-2 2.11598E-2 5.29517E-2 -9999 -9999 -9999 -9999 -9999 -9999 -9999 -9999 -9999 -9999 -9999 -9999 -9999 -9999 -9999 -9999 -9999 -9999 -9999 -9999 -9999 -9999 -9999 -9999 -9999 -9999 -9999 -9999 -9999 -9999 -9999 -9999 -9999 -9999 -9999 -9999 -9999 -9999
5.99163E-1 6.13793E-1 6.25825E-1 6.38556E-1 6.45231E-1 6.40521E-1 6.44337E-1 6.54784E-1 6.50969E-1 6.43505E-1 6.29197E-1 6.02867E-1 5.68479E-1 5.05473E-1 4.21509E-1 3.62857E-1 2.15238E-1 8.95698E-2 1.15917E-1 1.9315E-1 2.46961E-1 1.69833E-1 8.95167E-2 2.34017E-2 1.72283E-2 1.96745E-2 -9999 -9999 -9999 -9999 -9999 -9999 -9999 -9999 -9999 -9999 -9999 -9999 -9999 -9999 -9999 -9999 -9999 -9999 -9999 -9999 -9999 -9999 -9999 -9999 -9999 -9999 -9999 -9999 -9999 -9999 -9999 -9999 -9999 -9999 -9999 -9999 -9999 -9999 -9999
6.25553E-1 6.23146E-1 6.16794E-1 6.18301E-1 6.21064E-1 5.97398E-1 6.32971E-1 6.51978E-1 6.52339E-1 6.46073E-1 6.24816E-1 5.89147E-1 5.46784E-1 4.87111E-1 4.21427E-1 3.8387E-1 2.76921E-1 1.03505E-1 1.16461E-1 1.30863E-1 1.33817E-1 1.43023E-1 -9999 1.5239E-2 -9999 -9999 -9999 -9999 -9999 -9999 -9999 -9999 -9999 -9999 -9999 -9999 -9999 -9999 -9999 -9999 -9999 -9999 -9999 -9999 -9999 -9999 -9999 -9999 -9999 -9999 -9999 -9999 -9999 -9999 -9999 -9999 -9999 -9999 -9999 -9999 -9999 -9999 -9999 -9999 -9999
