KUENM/Final_Models/M_0.1_F_lq_Set_2_E/sp1_9_se_asia.asc
ncols         320
nrows         243
xllcorner     44.0
yllcorner     -0.666666666666667
cellsize      0.166666666666667
NODATA_value  -9999
[rows 62 to 92 of 243, columns 70 to 139 of 320]
1.72061E-3 8.05669E-4 2.46183E-4 3.58195E-5 9.8496E-6 1.90503E-6 1.38509E-8 2.61199E-7 3.53609E-7 6.55371E-9 6.78817E-6 9.48414E-5 4.60725E-4 1.49567E-3 2.36284E-3 8.96839E-3 2.94493E-2 3.6293E-2 3.90949E-2 4.06001E-2 4.22161E-2 4.33379E-2 4.3281E-2 4.28811E-2 4.19167E-2 1.3064E-2 1.18822E-3 1.50344E-3 1.16132E-3 2.84899E-4 1.14806E-3 3.05209E-3 3.35267E-3 1.94269E-3 7.47708E-3 2.8789E-2 3.15287E-2 2.76721E-2 2.60545E-2 2.54057E-2 2.54057E-2 1.77903E-2 1.64088E-2 1.66173E-2 1.35916E-2 8.6331E-3 3.20992E-3 2.77601E-3 2.04732E-3 2.43248E-3 2.54936E-3 3.00931E-3 8.54291E-3 2.05317E-2 3.88595E-2 4.41193E-2 4.92407E-2 5.62759E-2 6.11426E-2 6.65418E-2 7.02399E-2 7.2247E-2 4.75013E-2 1.07402E-2 2.00163E-3 1.51323E-3 1.79603E-4 1.42031E-4 6.92323E-4 4.3686E-3
1.954E-3 1.75605E-3 7.85322E-4 1.49011E-4 6.54261E-5 5.09037E-5 1.91122E-5 6.18128E-5 3.87135E-5 5.85894E-7 9.15812E-6 4.68938E-6 7.60783E-5 2.11493E-3 5.81271E-3 6.21066E-3 2.28735E-2 2.91469E-2 3.6293E-2 4.00808E-2 4.25254E-2 4.33306E-2 4.43676E-2 4.31947E-2 4.15015E-2 2.9479E-2 6.13799E-3 3.59693E-3 2.87326E-3 7.62823E-4 8.99112E-4 7.3724E-4 2.98162E-3 8.96839E-3 3.05357E-3 1.64165E-2 2.50823E-2 2.31272E-2 2.1094E-2 2.14567E-2 1.7041E-2 9.63239E-3 5.81026E-3 1.30489E-2 1.77903E-2 1.33797E-2 7.98152E-3 9.65411E-3 5.71985E-3 5.78514E-3 6.29453E-3 1.05815E-2 1.83593E-2 2.9655E-2 3.7965E-2 4.36138E-2 4.92407E-2 5.34817E-2 5.98062E-2 6.43938E-2 6.63031E-2 5.73595E-2 1.62927E-2 6.56637E-3 8.68474E-4 3.22861E-4 1.08411E-4 8.3131E-5 1.85028E-3 3.2257E-3
1.7611E-3 2.36354E-3 1.17966E-3 4.41177E-4 1.69908E-4 2.55945E-4 3.44973E-4 6.44909E-4 3.91844E-4 1.12689E-5 2.92625E-6 6.72936E-7 1.39818E-4 2.70922E-4 4.78368E-3 1.27531E-2 2.23172E-2 2.95084E-2 3.45689E-2 3.81506E-2 4.21412E-2 4.43676E-2 4.468E-2 4.33422E-2 4.64834E-2 3.36906E-2 2.04275E-3 5.20499E-3 4.27124E-3 2.20678E-3 8.42836E-4 3.54474E-4 1.80432E-3 1.66865E-2 1.71772E-2 1.95528E-2 2.2594E-2 2.34159E-2 2.25588E-2 2.2002E-2 1.68609E-2 1.50746E-2 5.69513E-3 1.23589E-2 2.60545E-2 2.32739E-2 2.00697E-2 1.83666E-2 1.47745E-2 1.50602E-2 1.64865E-2 1.78092E-2 2.23238E-2 2.93069E-2 3.6598E-2 4.26622E-2 4.85038E-2 5.3195E-2 5.69082E-2 5.22583E-2 4.72915E-2 3.44299E-2 1.30101E-2 7.91092E-4 6.76179E-4 1.36881E-4 1.00992E-5 7.32383E-5 6.99075E-4 1.39684E-2
8.09209E-4 1.37209E-3 1.86651E-4 6.51734E-4 1.0434E-4 3.62175E-4 2.90425E-4 8.13846E-4 1.90055E-3 1.84185E-3 2.24139E-3 1.57101E-3 5.48508E-3 6.50891E-5 1.25035E-4 5.94887E-3 2.24315E-2 3.28005E-2 3.45689E-2 4.00574E-2 4.40011E-2 4.53761E-2 4.50889E-2 4.3619E-2 4.64282E-2 4.36207E-2 1.0095E-2 4.72871E-3 5.81271E-3 2.43672E-3 5.48302E-4 4.44223E-4 2.50896E-3 9.92244E-3 2.20604E-2 3.20942E-2 2.95331E-2 3.21199E-2 3.2493E-2 3.30395E-2 3.09071E-2 2.97601E-2 2.85108E-2 3.19835E-2 3.28346E-2 3.22239E-2 2.86325E-2 2.64296E-2 2.40021E-2 2.43146E-2 2.30691E-2 2.39192E-2 2.70961E-2 3.14552E-2 3.7087E-2 3.77899E-2 3.06135E-2 3.23951E-2 3.58487E-2 5.10586E-2 5.15021E-2 1.89496E-2 3.13477E-3 5.28071E-4 3.72149E-4 3.43518E-5 2.69868E-6 3.38268E-4 2.1581E-2 5.66077E-2
1.76034E-3 2.06017E-3 2.78478E-3 1.8142E-3 2.64546E-5 2.52717E-4 3.01801E-4 8.01633E-5 8.30391E-4 1.90055E-3 3.14627E-3 2.79261E-2 3.48339E-2 1.53788E-3 5.69035E-6 1.70833E-4 8.64301E-3 2.49115E-2 3.47348E-2 4.15539E-2 4.61983E-2 4.63531E-2 4.76233E-2 4.66108E-2 4.73084E-2 4.33543E-2 1.72582E-2 3.99074E-3 6.08764E-3 2.71863E-3 5.66939E-4 1.09692E-4 6.15072E-4 2.73336E-3 8.90688E-3 2.67923E-2 3.56658E-2 3.55886E-2 3.85458E-2 3.89275E-2 3.79705E-2 3.74368E-2 3.73624E-2 3.79854E-2 3.76557E-2 3.83075E-2 3.58451E-2 3.42946E-2 3.33301E-2 3.17049E-2 2.90481E-2 2.58294E-2 2.45441E-2 2.48465E-2 2.01671E-2 1.11052E-2 1.38123E-2 2.73371E-2 5.311E-2 5.84703E-2 5.39282E-2 1.10593E-2 1.19067E-3 7.3491E-4 3.95925E-4 2.21717E-5 1.62534E-4 2.2315E-4 7.05231E-3 8.70421E-2
8.73324E-3 1.17848E-2 1.30775E-2 6.65905E-3 4.16539E-3 5.47199E-3 1.34533E-3 3.75023E-5 4.49837E-4 1.98108E-3 3.82567E-3 2.92193E-2 5.08763E-2 3.10809E-2 2.91736E-3 1.11675E-5 1.26618E-3 1.23848E-2 2.96404E-2 4.1451E-2 4.75604E-2 4.82015E-2 4.87146E-2 4.83174E-2 4.74303E-2 4.39774E-2 2.9434E-2 5.18328E-3 8.74338E-3 5.47473E-3 2.74972E-3 4.90776E-4 1.9747E-5 1.08532E-3 6.83596E-3 2.2868E-2 4.03474E-2 4.05637E-2 4.09965E-2 4.31947E-2 4.18312E-2 4.22627E-2 4.12163E-2 4.17047E-2 4.22679E-2 4.20001E-2 4.16223E-2 3.9904E-2 3.9584E-2 3.47348E-2 2.17965E-2 1.2284E-2 1.20987E-2 1.94729E-2 2.35628E-2 2.66111E-2 4.5144E-2 5.83839E-2 5.9714E-2 6.31404E-2 4.49405E-2 6.8143E-3 1.61764E-3 1.68573E-3 1.02684E-4 2.15037E-5 1.4732E-3 1.44077E-3 1.98956E-2 1.08907E-1
1.69725E-2 1.8833E-2 2.63356E-2 3.60215E-2 3.28267E-2 1.95813E-2 5.52815E-3 2.9055E-3 1.4732E-3 7.36972E-3 2.5891E-2 4.14082E-2 5.57672E-2 4.96285E-2 3.64995E-2 9.12996E-3 9.72484E-4 4.6213E-3 2.22281E-2 3.88071E-2 4.56045E-2 4.57056E-2 4.56045E-2 4.73556E-2 4.55499E-2 3.7965E-2 3.93434E-2 1.75188E-2 1.20992E-2 1.08548E-2 7.76397E-3 4.0829E-3 4.0366E-3 6.33514E-3 1.16262E-2 3.90031E-3 2.31425E-2 4.1953E-2 4.53176E-2 4.69219E-2 4.55321E-2 4.44203E-2 4.4874E-2 4.53138E-2 4.54345E-2 4.4984E-2 4.43676E-2 4.44959E-2 4.33422E-2 3.74397E-2 2.8115E-2 3.29071E-2 3.70767E-2 4.16919E-2 4.57954E-2 5.26784E-2 5.52043E-2 5.77857E-2 6.18306E-2 6.25016E-2 3.2272E-2 3.26894E-3 3.18057E-3 2.15013E-3 3.41608E-4 5.02208E-3 6.61689E-3 5.97631E-3 3.54872E-2 1.16616E-1
4.74944E-2 4.40987E-2 4.23299E-2 4.35008E-2 2.89615E-2 3.07414E-2 1.09433E-2 1.59336E-3 1.20355E-2 3.65045E-2 5.50844E-2 5.80824E-2 6.09913E-2 5.58411E-2 4.99023E-2 4.02326E-2 2.92322E-2 2.49614E-2 2.16158E-2 3.12016E-2 3.47089E-2 3.25615E-2 3.43403E-2 4.49224E-2 3.92372E-2 2.46765E-2 3.20077E-2 3.40979E-2 1.33503E-2 9.92102E-3 1.22385E-2 1.08548E-2 9.47895E-3 1.18244E-2 1.65339E-2 2.2368E-3 6.4088E-3 2.1769E-2 3.61327E-2 4.50888E-2 4.90026E-2 4.81998E-2 4.80308E-2 4.7443E-2 4.76111E-2 4.72265E-2 4.66069E-2 4.69219E-2 4.72958E-2 4.79032E-2 4.71742E-2 4.73939E-2 4.79957E-2 4.91426E-2 5.33277E-2 5.39476E-2 5.71318E-2 5.83839E-2 6.00608E-2 4.7602E-2 2.20153E-2 5.3639E-3 5.59191E-3 2.05507E-3 3.14736E-3 6.26204E-3 3.35166E-3 1.12507E-2 3.12146E-2 1.04437E-1
7.81155E-2 3.87031E-2 2.1581E-2 3.67073E-2 2.90878E-2 1.86421E-2 1.02011E-2 9.06993E-3 4.50619E-2 6.67146E-2 5.20665E-2 4.55623E-2 6.02549E-2 6.52266E-2 6.16812E-2 5.76052E-2 5.57672E-2 5.39325E-2 4.68592E-2 2.2886E-2 2.55392E-2 2.78598E-2 1.53881E-2 3.59543E-2 3.52876E-2 7.62634E-3 4.80759E-3 3.16729E-2 7.29583E-3 9.68517E-3 1.42199E-2 1.75065E-2 1.57208E-2 1.53658E-2 1.69162E-2 6.18486E-3 9.21851E-4 1.07005E-2 1.67054E-2 3.53798E-2 4.99699E-2 5.02271E-2 5.04408E-2 4.98294E-2 4.87944E-2 4.95938E-2 5.02054E-2 4.98501E-2 4.96359E-2 4.90674E-2 4.93E-2 5.02042E-2 5.02836E-2 5.2083E-2 5.39476E-2 5.64836E-2 5.56858E-2 5.59298E-2 5.16851E-2 2.05172E-2 1.35022E-2 3.80068E-3 5.94802E-3 5.05745E-3 7.96213E-3 1.21633E-2 2.15468E-2 2.17456E-2 6.5511E-2 8.77435E-2
6.33797E-2 3.54333E-2 1.98735E-2 3.07963E-3 6.5716E-3 2.1153E-2 4.87128E-2 5.72104E-2 7.56687E-2 7.84041E-2 6.94883E-2 6.65418E-2 6.95756E-2 6.96134E-2 6.81282E-2 6.73598E-2 6.50356E-2 6.34467E-2 6.23186E-2 5.77245E-2 5.16979E-2 5.25948E-2 5.22873E-2 4.29879E-2 3.74337E-2 2.44885E-2 2.27218E-2 4.8891E-2 2.00772E-2 1.27077E-2 1.98532E-2 1.85272E-2 1.85272E-2 1.25555E-2 1.31018E-2 1.43822E-2 7.34876E-3 7.18475E-3 4.27242E-3 1.63421E-2 3.7087E-2 5.24074E-2 5.39639E-2 5.4539E-2 5.2611E-2 5.4539E-2 5.33154E-2 5.24747E-2 5.11772E-2 5.0254E-2 5.16975E-2 5.3736E-2 5.26202E-2 5.45603E-2 5.58411E-2 5.64315E-2 5.53029E-2 4.71531E-2 2.243E-2 8.23491E-3 1.30101E-2 6.00967E-3 5.94802E-3 6.05386E-3 8.80475E-3 1.41525E-2 4.93584E-3 3.86781E-2 3.21402E-2 8.52885E-2
7.8258E-2 4.54611E-2 5.31839E-2 7.95419E-2 7.52269E-2 7.44821E-2 6.87685E-2 7.80552E-2 8.98561E-2 8.71455E-2 7.86128E-2 6.0031E-2 6.67146E-2 7.5098E-2 7.36518E-2 7.18968E-2 6.93115E-2 6.8272E-2 6.79525E-2 6.67273E-2 6.69806E-2 6.73608E-2 6.56568E-2 5.59335E-2 5.8492E-2 5.88375E-2 6.53629E-2 6.95756E-2 5.16851E-2 3.99326E-2 3.54527E-2 3.19812E-2 2.09935E-2 8.74279E-3 1.89487E-2 1.68256E-2 1.85272E-2 1.70765E-2 2.73196E-3 1.28087E-2 2.53451E-2 4.66227E-2 5.45869E-2 5.45915E-2 5.58226E-2 5.59114E-2 5.45168E-2 5.29218E-2 5.39516E-2 5.33201E-2 5.4186E-2 5.43664E-2 5.44913E-2 5.64777E-2 5.36604E-2 4.88087E-2 4.02523E-2 1.9529E-2 6.03109E-3 7.21453E-3 1.08504E-2 9.97256E-3 1.78931E-2 2.20154E-2 1.43833E-2 2.40531E-2 4.25484E-2 4.3912E-2 6.2159E-2 7.85682E-2
1.0235E-1 1.13144E-1 1.05497E-1 1.09975E-1 9.94291E-2 1.06372E-1 9.70251E-2 1.0354E-1 9.4664E-2 8.70794E-2 8.85222E-2 8.1012E-2 7.14665E-2 8.0491E-2 7.85813E-2 7.58272E-2 7.55609E-2 7.27385E-2 7.15284E-2 7.10679E-2 7.02659E-2 7.02659E-2 7.31599E-2 7.41569E-2 7.43516E-2 7.70441E-2 7.96189E-2 7.95708E-2 7.44473E-2 6.80032E-2 5.76545E-2 4.78597E-2 3.26017E-2 1.43446E-2 1.14744E-2 2.92341E-2 2.93792E-2 2.03032E-2 1.98532E-2 1.21541E-2 2.61277E-2 4.10789E-2 5.16548E-2 5.329E-2 5.39476E-2 5.32382E-2 5.50025E-2 5.48225E-2 5.50025E-2 5.44913E-2 5.33104E-2 5.19863E-2 4.31562E-2 3.74416E-2 3.72038E-2 2.00772E-2 9.13573E-3 7.71951E-3 5.29688E-3 8.97411E-3 1.66818E-2 1.83721E-2 1.40393E-2 2.82917E-2 1.11186E-2 1.8187E-2 4.33055E-2 2.50211E-2 2.85324E-2 4.95771E-2
1.03116E-1 1.15496E-1 9.68943E-2 1.12355E-1 1.16337E-1 1.08666E-1 1.01798E-1 1.03406E-1 1.09676E-1 1.04202E-1 9.18421E-2 9.50733E-2 8.35509E-2 8.77209E-2 8.20909E-2 8.0125E-2 7.81153E-2 7.77736E-2 7.52246E-2 7.43455E-2 7.43455E-2 7.54776E-2 7.48621E-2 7.65535E-2 7.82731E-2 8.00213E-2 8.42665E-2 8.39399E-2 8.64388E-2 7.61411E-2 8.30863E-2 7.4528E-2 3.19228E-2 1.96462E-2 1.07775E-2 2.96966E-2 3.83125E-2 3.46398E-2 2.34924E-2 3.23404E-2 2.12508E-2 2.07792E-2 3.84873E-2 4.25043E-2 4.20249E-2 4.36452E-2 4.7585E-2 5.14101E-2 4.88278E-2 4.5059E-2 4.2172E-2 3.76372E-2 3.16788E-2 1.68256E-2 9.29491E-3 9.60732E-3 1.21214E-2 6.91191E-3 1.00715E-2 7.10876E-3 1.77992E-2 1.46934E-2 1.95607E-2 2.66085E-2 1.84526E-2 8.39755E-3 4.53248E-2 6.08219E-2 5.74155E-2 8.22437E-2
1.10335E-1 1.1837E-1 1.20276E-1 1.2008E-1 1.13673E-1 1.08313E-1 1.04097E-1 9.99484E-2 1.09868E-1 1.08644E-1 1.04682E-1 9.6156E-2 8.51007E-2 7.97287E-2 8.48136E-2 8.49179E-2 8.36901E-2 8.16198E-2 7.95081E-2 7.82217E-2 7.77349E-2 7.71784E-2 7.89075E-2 8.00213E-2 8.10734E-2 8.28679E-2 8.56138E-2 8.94788E-2 8.94788E-2 9.40538E-2 9.40538E-2 9.05488E-2 6.53896E-2 2.98345E-2 2.91992E-2 1.65166E-2 3.10213E-2 3.90688E-2 4.31276E-2 3.62026E-2 4.30172E-2 3.05553E-2 2.2467E-2 1.62689E-2 1.5276E-2 2.76463E-2 4.72492E-2 3.80557E-2 3.24069E-2 3.35009E-2 2.77713E-2 1.8737E-2 1.2985E-2 1.49404E-2 1.66322E-2 1.43446E-2 1.08953E-2 1.63394E-2 1.41468E-2 7.60743E-3 1.81795E-2 3.11241E-2 4.10384E-2 2.43067E-2 2.15021E-2 1.50771E-2 3.50864E-2 7.04756E-2 6.41547E-2 1.12355E-1
1.12928E-1 1.15727E-1 -9999 -9999 -9999 -9999 -9999 1.05152E-1 1.01798E-1 1.14208E-1 1.09426E-1 9.84431E-2 4.46264E-2 5.43041E-2 7.19983E-2 7.91593E-2 8.44355E-2 8.6625E-2 8.40496E-2 8.36901E-2 8.30624E-2 8.08478E-2 8.21313E-2 8.39399E-2 8.57774E-2 8.81662E-2 9.00681E-2 9.14641E-2 9.40538E-2 9.72553E-2 9.54015E-2 8.45604E-2 4.50619E-2 3.24621E-2 2.58073E-2 3.48001E-2 3.75497E-2 3.9919E-2 4.36445E-2 4.74363E-2 4.91771E-2 4.94526E-2 5.13228E-2 4.99925E-2 5.09423E-2 5.45802E-2 5.38751E-2 4.99874E-2 4.07576E-2 2.982E-2 2.39447E-2 2.3208E-2 2.27218E-2 1.88911E-2 1.35758E-2 1.6498E-2 2.70861E-2 2.88855E-2 1.83764E-2 3.24621E-2 1.01823E-2 5.27873E-2 3.07414E-2 2.66085E-2 3.67883E-2 3.51306E-2 4.7375E-2 6.33235E-2 8.7368E-2 1.1041E-1
-9999 -9999 1.24829E-1 -9999 -9999 -9999 -9999 -9999 1.04097E-1 1.06065E-1 1.14052E-1 9.70251E-2 2.60249E-2 1.8039E-2 3.74546E-2 3.79285E-2 6.5271E-2 7.18925E-2 7.93354E-2 8.30407E-2 8.55084E-2 8.57089E-2 8.3337E-2 8.62353E-2 8.6625E-2 8.89015E-2 8.89015E-2 9.17289E-2 8.814E-2 8.08257E-2 6.97786E-2 5.21917E-2 2.97905E-2 3.14528E-2 2.81861E-2 2.54188E-2 2.81861E-2 3.38665E-2 3.85446E-2 3.66971E-2 3.85446E-2 4.16616E-2 3.75497E-2 3.81176E-2 4.72915E-2 5.07682E-2 5.34193E-2 5.45802E-2 5.05531E-2 4.38041E-2 3.4671E-2 2.39995E-2 2.07116E-2 1.789E-2 2.26767E-2 2.45269E-2 2.39428E-2 2.92065E-2 4.15072E-2 1.68133E-2 5.33369E-2 4.10384E-2 4.65339E-2 2.63924E-2 4.63859E-2 5.16403E-2 5.42311E-2 6.76429E-2 9.46144E-2 1.29354E-1
1.12755E-1 1.2255E-1 -9999 -9999 -9999 -9999 -9999 -9999 1.11449E-1 1.20354E-1 1.17468E-1 8.87422E-2 1.62347E-2 3.54333E-2 3.69377E-2 2.77545E-2 4.03554E-2 4.1192E-2 5.44489E-2 7.12616E-2 8.01705E-2 7.60881E-2 6.23926E-2 7.05303E-2 7.85715E-2 7.68787E-2 7.33991E-2 7.19856E-2 5.33369E-2 3.38734E-2 2.87845E-2 3.21183E-2 4.73994E-2 5.82511E-2 5.44489E-2 5.27649E-2 5.16079E-2 5.84008E-2 7.26675E-2 5.72104E-2 3.90763E-2 4.12992E-2 5.01025E-2 5.21917E-2 4.85402E-2 5.04413E-2 5.24457E-2 5.64075E-2 5.2766E-2 4.68197E-2 3.91643E-2 2.96966E-2 2.21171E-2 1.91E-2 2.09639E-2 2.8588E-2 3.24621E-2 2.63601E-2 5.52918E-2 5.98668E-2 7.95133E-2 3.12757E-2 6.0892E-2 4.0764E-2 8.49286E-2 4.4143E-2 6.54812E-2 8.84207E-2 1.02203E-1 1.34485E-1
-9999 -9999 -9999 -9999 -9999 -9999 -9999 -9999 -9999 1.2153E-1 1.20983E-1 1.03335E-1 2.90774E-2 6.00012E-2 5.633E-2 6.83327E-2 6.91294E-2 6.38682E-2 6.60443E-2 6.63746E-2 6.73196E-2 5.27649E-2 5.22242E-2 7.12616E-2 6.17489E-2 4.30536E-2 4.1896E-2 2.79186E-2 2.63356E-2 5.00382E-2 6.9622E-2 5.33097E-2 4.35008E-2 6.63746E-2 5.16079E-2 4.99092E-2 6.56415E-2 7.47375E-2 8.20921E-2 1.02262E-1 9.84431E-2 9.36338E-2 8.22733E-2 7.0473E-2 6.30439E-2 6.13109E-2 5.92103E-2 5.7531E-2 5.49594E-2 4.78058E-2 3.65045E-2 3.01128E-2 3.20447E-2 3.20447E-2 3.14386E-2 3.87694E-2 5.26273E-2 7.29837E-2 7.97882E-2 8.44228E-2 9.75449E-2 9.2756E-2 9.05972E-2 1.0884E-1 1.33007E-1 9.03716E-2 7.83526E-2 1.10334E-1 1.27745E-1 1.405E-1
-9999 -9999 -9999 -9999 -9999 -9999 -9999 -9999 1.11635E-1 1.1343E-1 1.2382E-1 9.41199E-2 6.36171E-2 8.62839E-2 8.54249E-2 5.8249E-2 7.72017E-2 8.90187E-2 8.53141E-2 8.96541E-2 8.87315E-2 8.4441E-2 8.54867E-2 8.6375E-2 7.92861E-2 7.49284E-2 7.79083E-2 6.89123E-2 6.63746E-2 6.73196E-2 8.17464E-2 7.19306E-2 7.34097E-2 9.56161E-2 8.87854E-2 9.50593E-2 1.03517E-1 1.01134E-1 1.07626E-1 1.18774E-1 9.2756E-2 8.70243E-2 9.85183E-2 9.56177E-2 9.37168E-2 9.07835E-2 8.18598E-2 7.72744E-2 7.1135E-2 6.73176E-2 6.01576E-2 5.88875E-2 4.84637E-2 3.38081E-2 2.94785E-2 6.04685E-2 7.99894E-2 8.72699E-2 9.36056E-2 1.03668E-1 1.1439E-1 1.1653E-1 1.03778E-1 1.39971E-1 1.49807E-1 1.06003E-1 7.85682E-2 1.43018E-1 1.44356E-1 1.41883E-1
-9999 -9999 -9999 -9999 -9999 -9999 -9999 -9999 -9999 1.1343E-1 1.21129E-1 9.85715E-2 1.07573E-1 1.00152E-1 9.94307E-2 8.70243E-2 9.55205E-2 9.50482E-2 9.15194E-2 9.22692E-2 9.43947E-2 9.31039E-2 9.24418E-2 9.34147E-2 9.24418E-2 8.96541E-2 8.96541E-2 9.05834E-2 8.63272E-2 8.99694E-2 9.46729E-2 9.37168E-2 9.99729E-2 1.032E-1 1.09963E-1 1.12992E-1 1.20085E-1 1.25012E-1 1.28631E-1 1.27481E-1 1.2238E-1 1.13855E-1 1.12758E-1 1.12039E-1 1.08871E-1 1.02242E-1 9.73267E-2 8.93639E-2 7.93354E-2 7.4875E-2 6.87621E-2 5.71236E-2 4.85402E-2 6.21008E-2 7.45737E-2 7.61548E-2 7.63264E-2 9.55205E-2 1.01153E-1 1.10942E-1 1.21459E-1 1.24633E-1 1.33551E-1 1.43335E-1 1.61208E-1 1.55175E-1 9.77154E-2 1.38422E-1 1.55971E-1 1.57309E-1
-9999 -9999 -9999 -9999 -9999 -9999 -9999 -9999 -9999 1.11969E-1 1.15727E-1 1.15239E-1 1.08994E-1 1.06823E-1 9.94307E-2 9.09484E-2 9.45763E-2 9.91756E-2 9.51775E-2 9.63765E-2 9.24516E-2 9.24516E-2 9.23285E-2 9.24516E-2 9.28201E-2 9.31039E-2 9.33023E-2 9.34409E-2 9.53395E-2 9.73972E-2 9.18252E-2 9.76091E-2 1.01608E-1 1.02634E-1 1.09869E-1 1.11069E-1 1.17999E-1 1.29934E-1 1.32409E-1 1.251E-1 1.17099E-1 1.0976E-1 1.04705E-1 1.08226E-1 1.09601E-1 1.06823E-1 1.02495E-1 8.90792E-2 7.2643E-2 7.49794E-2 7.49794E-2 7.45737E-2 7.83354E-2 7.72744E-2 7.45242E-2 7.7357E-2 9.07835E-2 1.01213E-1 1.07792E-1 1.00396E-1 1.21726E-1 1.34421E-1 1.42256E-1 1.57279E-1 1.54514E-1 1.74178E-1 1.51801E-1 1.63843E-1 1.66347E-1 1.6249E-1
-9999 -9999 -9999 -9999 -9999 -9999 -9999 -9999 -9999 -9999 1.07415E-1 1.08862E-1 1.08994E-1 1.06339E-1 9.83844E-2 1.00489E-1 9.72553E-2 9.5768E-2 9.49507E-2 9.30672E-2 9.20879E-2 9.14641E-2 8.74807E-2 8.93768E-2 9.21301E-2 9.28201E-2 9.11635E-2 9.33023E-2 9.5382E-2 9.6955E-2 9.59492E-2 9.52414E-2 9.63536E-2 9.92988E-2 1.00401E-1 1.06829E-1 1.13306E-1 1.20195E-1 1.251E-1 1.22712E-1 1.15195E-1 1.0195E-1 9.38222E-2 1.02992E-1 1.04705E-1 1.09426E-1 9.79825E-2 9.0894E-2 7.93892E-2 7.60881E-2 5.6038E-2 6.39308E-2 7.7357E-2 7.77599E-2 8.6375E-2 9.36056E-2 1.01213E-1 1.06621E-1 1.10016E-1 1.16823E-1 1.29331E-1 1.38914E-1 1.42228E-1 1.54213E-1 1.5587E-1 1.6782E-1 1.82274E-1 1.64578E-1 1.7589E-1 1.74702E-1
-9999 -9999 -9999 -9999 -9999 -9999 -9999 -9999 -9999 -9999 -9999 1.02081E-1 1.01442E-1 1.04692E-1 9.63536E-2 9.53078E-2 9.31756E-2 9.13662E-2 9.13662E-2 9.2381E-2 8.84872E-2 8.64674E-2 8.84251E-2 9.00681E-2 8.95588E-2 9.04026E-2 9.23285E-2 9.1847E-2 9.28201E-2 9.33023E-2 9.49507E-2 9.24025E-2 9.02567E-2 9.43113E-2 9.51583E-2 1.00468E-1 1.07554E-1 1.06593E-1 1.03932E-1 1.00518E-1 9.94898E-2 9.6847E-2 9.66921E-2 1.00518E-1 9.8218E-2 9.71706E-2 9.52414E-2 9.29757E-2 9.04961E-2 8.54454E-2 7.97287E-2 8.78157E-2 8.87315E-2 8.6375E-2 9.34117E-2 9.8918E-2 1.05652E-1 1.07419E-1 1.10528E-1 1.18774E-1 1.26954E-1 1.35506E-1 1.49807E-1 1.48098E-1 1.51824E-1 1.68161E-1 1.74288E-1 1.79546E-1 1.73463E-1 1.79172E-1
-9999 -9999 -9999 -9999 -9999 -9999 -9999 -9999 -9999 -9999 -9999 -9999 -9999 -9999 9.41633E-2 9.39306E-2 -9999 -9999 9.00327E-2 8.92984E-2 8.64674E-2 8.64674E-2 8.6663E-2 8.95394E-2 9.05158E-2 8.73014E-2 8.89309E-2 8.76439E-2 9.04981E-2 9.1847E-2 9.19992E-2 9.11159E-2 9.03359E-2 9.03992E-2 9.13662E-2 9.53494E-2 9.53715E-2 9.79464E-2 9.69314E-2 1.03591E-1 1.03266E-1 9.89688E-2 9.8218E-2 9.69314E-2 9.6376E-2 9.33848E-2 8.94788E-2 9.00681E-2 8.7685E-2 8.734E-2 9.04961E-2 9.11635E-2 9.50733E-2 9.05834E-2 9.40838E-2 1.01213E-1 1.04598E-1 1.05334E-1 1.13222E-1 1.21459E-1 1.29851E-1 1.34279E-1 1.40007E-1 -9999 -9999 1.42039E-1 1.55677E-1 1.72782E-1 1.80341E-1 1.83231E-1
-9999 -9999 -9999 -9999 -9999 -9999 -9999 -9999 -9999 -9999 -9999 -9999 -9999 -9999 -9999 -9999 -9999 -9999 -9999 -9999 8.44053E-2 -9999 -9999 8.74807E-2 8.65436E-2 8.65436E-2 8.5438E-2 8.51848E-2 8.79834E-2 -9999 8.8588E-2 8.8609E-2 8.8609E-2 8.93768E-2 8.85261E-2 8.94788E-2 8.85468E-2 8.94997E-2 9.43745E-2 9.53494E-2 9.63536E-2 9.79682E-2 9.41633E-2 9.12223E-2 9.046E-2 8.85261E-2 8.79834E-2 8.53677E-2 8.58033E-2 8.57774E-2 8.70433E-2 8.95394E-2 9.34181E-2 9.44166E-2 9.94566E-2 1.01529E-1 1.06719E-1 1.10424E-1 1.14052E-1 1.13458E-1 1.20093E-1 -9999 -9999 -9999 -9999 -9999 1.37183E-1 1.68292E-1 1.82828E-1 1.89209E-1
-9999 -9999 -9999 -9999 -9999 -9999 -9999 -9999 -9999 -9999 -9999 -9999 -9999 -9999 -9999 -9999 -9999 -9999 -9999 -9999 -9999 -9999 -9999 -9999 -9999 -9999 -9999 -9999 -9999 -9999 -9999 8.72261E-2 8.57774E-2 8.70433E-2 8.5438E-2 8.5438E-2 8.5438E-2 8.5438E-2 8.84251E-2 9.046E-2 8.94997E-2 -9999 -9999 8.76013E-2 8.75807E-2 8.45171E-2 8.21632E-2 -9999 -9999 -9999 -9999 -9999 9.47881E-2 -9999 -9999 -9999 -9999 -9999 -9999 -9999 -9999 -9999 -9999 -9999 -9999 -9999 1.50537E-1 1.80277E-1 1.89709E-1 2.04704E-1
-9999 -9999 -9999 -9999 -9999 -9999 -9999 -9999 -9999 -9999 -9999 -9999 -9999 -9999 -9999 -9999 -9999 -9999 -9999 -9999 -9999 -9999 -9999 -9999 -9999 -9999 -9999 -9999 -9999 -9999 -9999 -9999 -9999 -9999 8.4855E-2 -9999 8.17375E-2 -9999 -9999 -9999 -9999 -9999 -9999 -9999 -9999 -9999 -9999 -9999 -9999 -9999 -9999 -9999 -9999 -9999 -9999 -9999 -9999 -9999 -9999 -9999 -9999 -9999 -9999 -9999 -9999 -9999 1.77767E-1 1.92804E-1 2.06025E-1 2.12024E-1
-9999 -9999 -9999 -9999 -9999 -9999 -9999 -9999 -9999 -9999 -9999 -9999 -9999 -9999 -9999 -9999 -9999 -9999 -9999 -9999 -9999 -9999 -9999 -9999 -9999 -9999 -9999 -9999 -9999 -9999 -9999 -9999 -9999 -9999 -9999 -9999 -9999 -9999 -9999 -9999 -9999 -9999 -9999 -9999 -9999 -9999 -9999 -9999 -9999 -9999 -9999 -9999 -9999 -9999 -9999 -9999 -9999 -9999 -9999 -9999 -9999 -9999 -9999 -9999 -9999 -9999 1.95818E-1 2.13946E-1 2.12352E-1 2.21098E-1
-9999 -9999 -9999 -9999 -9999 -9999 -9999 -9999 -9999 -9999 -9999 -9999 -9999 -9999 -9999 -9999 -9999 -9999 -9999 -9999 -9999 -9999 -9999 -9999 -9999 -9999 -9999 -9999 -9999 -9999 -9999 -9999 -9999 -9999 -9999 -9999 -9999 -9999 -9999 -9999 -9999 -9999 -9999 -9999 -9999 -9999 -9999 -9999 -9999 -9999 -9999 -9999 -9999 -9999 -9999 -9999 -9999 -9999 -9999 -9999 -9999 -9999 -9999 -9999 -9999 -9999 -9999 -9999 -9999 -9999
-9999 -9999 -9999 -9999 -9999 -9999 -9999 -9999 -9999 -9999 -9999 -9999 -9999 -9999 -9999 -9999 -9999 -9999 -9999 -9999 -9999 -9999 -9999 -9999 -9999 -9999 -9999 -9999 -9999 -9999 -9999 -9999 -9999 -9999 -9999 -9999 -9999 -9999 -9999 -9999 -9999 -9999 -9999 -9999 -9999 -9999 -9999 -9999 -9999 -9999 -9999 -9999 -9999 -9999 -9999 -9999 -9999 -9999 -9999 -9999 -9999 -9999 -9999 -9999 -9999 -9999 -9999 -9999 -9999 2.06044E-1
-9999 -9999 -9999 -9999 -9999 -9999 -9999 -9999 -9999 -9999 -9999 -9999 -9999 -9999 -9999 -9999 -9999 -9999 -9999 -9999 -9999 -9999 -9999 -9999 -9999 -9999 -9999 -9999 -9999 -9999 -9999 -9999 -9999 -9999 -9999 -9999 -9999 -9999 -9999 -9999 -9999 -9999 -9999 -9999 -9999 -9999 -9999 -9999 -9999 -9999 -9999 -9999 -9999 -9999 -9999 -9999 -9999 -9999 -9999 -9999 -9999 -9999 -9999 -9999 -9999 -9999 -9999 -9999 -9999 -9999
