KUENM/Final_Models/M_0.1_F_lq_Set_2_E/sp1_1.asc
ncols         197
nrows         210
xllcorner     56.1666666666667
yllcorner     4.5
cellsize      0.166666666666667
NODATA_value  -9999
[rows 84 to 111 of 210, columns 130 to 194 of 197]
4.05061E-1 4.2601E-1 3.71978E-1 3.28858E-1 3.40916E-1 4.29589E-1 4.5648E-1 4.94546E-1 4.14968E-1 3.94978E-1 4.25814E-1 4.91444E-1 5.70122E-1 5.34029E-1 3.93621E-1 3.00546E-1 3.96087E-1 4.61417E-1 4.74229E-1 4.26134E-1 4.0703E-1 3.94578E-1 3.47324E-1 2.84806E-1 2.52466E-1 2.81118E-1 3.02936E-1 2.92113E-1 2.75711E-1 2.39535E-1 1.95441E-1 1.70919E-1 1.69396E-1 1.98407E-1 2.31172E-1 2.54387E-1 3.21179E-1 3.77168E-1 2.91207E-1 2.562E-1 2.43585E-1 2.85622E-1 3.22228E-1 3.44646E-1 3.66907E-1 4.27864E-1 3.61863E-1 2.45882E-1 2.28284E-1 2.75413E-1 2.06958E-1 1.42766E-1 6.86483E-2 3.07731E-2 2.61879E-2 1.57849E-2 6.95039E-3 3.70682E-3 5.0654E-3 4.2633E-3 1.08526E-3 1.70219E-4 4.61214E-5 4.63551E-5 5.39654E-6
3.4892E-1 3.64005E-1 3.37567E-1 3.45373E-1 3.94499E-1 4.45174E-1 4.24352E-1 4.00207E-1 3.44913E-1 3.30387E-1 3.57202E-1 3.97339E-1 4.80737E-1 4.13843E-1 2.77568E-1 2.38239E-1 4.08026E-1 4.38143E-1 2.78471E-1 3.26661E-1 3.4524E-1 3.17758E-1 3.17758E-1 3.28858E-1 3.52684E-1 3.15982E-1 3.0495E-1 2.91901E-1 2.57313E-1 2.62713E-1 2.76637E-1 2.16243E-1 2.57465E-1 2.86806E-1 2.74509E-1 2.54644E-1 2.89724E-1 3.53677E-1 3.29221E-1 2.67451E-1 2.43806E-1 2.91594E-1 3.49925E-1 3.68618E-1 3.85261E-1 3.95434E-1 3.23058E-1 2.22445E-1 2.72665E-1 4.02651E-1 2.72052E-1 1.27535E-1 4.23436E-2 1.90959E-2 4.9087E-2 3.91623E-2 1.04019E-2 2.12103E-3 5.44558E-3 6.31199E-3 2.46373E-3 4.63461E-4 1.12734E-4 7.72205E-5 9.43224E-6
2.78457E-1 2.91902E-1 3.04242E-1 2.95776E-1 3.15982E-1 3.27823E-1 3.12394E-1 2.75375E-1 2.06284E-1 1.43006E-1 1.80751E-1 2.80874E-1 3.40491E-1 2.52351E-1 1.72449E-1 2.11775E-1 3.25181E-1 3.21395E-1 2.68226E-1 3.1694E-1 3.04761E-1 2.71772E-1 2.69955E-1 3.45482E-1 4.41896E-1 4.17385E-1 3.33987E-1 2.86554E-1 2.39997E-1 1.9382E-1 1.54571E-1 2.26549E-1 3.25969E-1 3.54918E-1 2.80056E-1 3.04726E-1 2.95339E-1 2.73013E-1 2.61939E-1 2.41958E-1 2.59812E-1 3.18073E-1 3.31316E-1 3.21856E-1 3.81969E-1 4.28355E-1 3.00968E-1 2.31353E-1 2.52828E-1 2.78545E-1 1.8527E-1 1.12751E-1 7.9711E-2 5.1778E-2 8.13083E-2 6.81845E-2 2.29014E-2 6.20708E-3 5.1759E-3 5.68157E-3 3.37922E-3 1.28778E-3 3.57707E-4 1.29834E-4 2.17935E-5
2.37246E-1 2.38505E-1 2.11229E-1 1.62713E-1 1.80777E-1 2.01236E-1 2.10554E-1 2.1622E-1 1.55564E-1 1.04835E-1 1.01087E-1 1.88184E-1 2.57575E-1 1.33331E-1 6.86483E-2 1.17548E-1 1.78291E-1 1.93624E-1 2.01304E-1 2.28621E-1 2.14718E-1 1.98037E-1 1.94465E-1 2.5207E-1 3.8696E-1 3.94978E-1 3.50359E-1 2.89029E-1 2.34674E-1 1.97715E-1 1.97715E-1 2.74471E-1 4.13134E-1 5.37819E-1 4.32474E-1 2.59278E-1 2.12266E-1 1.79384E-1 1.77217E-1 2.18661E-1 2.69036E-1 2.70891E-1 2.08359E-1 1.96611E-1 2.7116E-1 2.95339E-1 2.67451E-1 2.76689E-1 2.81909E-1 2.26549E-1 1.53646E-1 1.27245E-1 1.51159E-1 1.53768E-1 1.57596E-1 1.1019E-1 4.47035E-2 5.44558E-3 2.26692E-3 2.18441E-3 2.33764E-3 1.8693E-3 7.81256E-4 2.66802E-4 8.11322E-5
2.33119E-1 1.93021E-1 1.26085E-1 6.90047E-2 8.67194E-2 1.18693E-1 1.58284E-1 1.70981E-1 1.52627E-1 9.92618E-2 8.69059E-2 1.3117E-1 1.49829E-1 7.26227E-2 4.4547E-2 6.77921E-2 1.22686E-1 1.48849E-1 1.55982E-1 1.53194E-1 1.2197E-1 9.48274E-2 1.14294E-1 1.68396E-1 2.25037E-1 2.36249E-1 2.89836E-1 2.81322E-1 2.35317E-1 2.07715E-1 2.07534E-1 2.54537E-1 3.63706E-1 4.2375E-1 2.93825E-1 2.09421E-1 1.45185E-1 1.2492E-1 1.15918E-1 1.93703E-1 2.4917E-1 2.54621E-1 1.59268E-1 1.40642E-1 1.87361E-1 1.88977E-1 2.15174E-1 3.14143E-1 2.78963E-1 1.96542E-1 1.38081E-1 1.07501E-1 1.40367E-1 1.85378E-1 1.47047E-1 9.09763E-2 2.55979E-2 1.16887E-3 6.23891E-4 2.34699E-3 2.14407E-3 1.74346E-3 1.18718E-3 5.33026E-4 2.24957E-4
2.60598E-1 1.85309E-1 1.05986E-1 5.3296E-2 4.74932E-2 6.43974E-2 1.08235E-1 1.73132E-1 1.35047E-1 6.89901E-2 6.25057E-2 7.65427E-2 7.44634E-2 5.47497E-2 5.47096E-2 7.16632E-2 1.35187E-1 1.2197E-1 1.00483E-1 8.7202E-2 6.22328E-2 5.42282E-2 7.2778E-2 1.05818E-1 1.49902E-1 2.0863E-1 2.74302E-1 2.72583E-1 2.35184E-1 2.12076E-1 1.9929E-1 2.0441E-1 2.22282E-1 2.14438E-1 1.58918E-1 1.4635E-1 1.7291E-1 1.28787E-1 5.66447E-2 9.03535E-2 1.62778E-1 2.60113E-1 2.10563E-1 1.76242E-1 1.83841E-1 1.70947E-1 1.86629E-1 2.36363E-1 2.54048E-1 1.34467E-1 7.78735E-2 4.60992E-2 5.64299E-2 7.43544E-2 6.59697E-2 2.99088E-2 3.2316E-3 8.61941E-5 5.12089E-5 9.19549E-4 1.52501E-3 1.3069E-3 1.4691E-3 8.32511E-4 3.82713E-4
2.62304E-1 2.12191E-1 1.15104E-1 4.90851E-2 4.02231E-2 4.64843E-2 7.25521E-2 8.3327E-2 5.23413E-2 2.28627E-2 2.88402E-2 4.17997E-2 8.23799E-2 9.10415E-2 8.98197E-2 8.80223E-2 8.75346E-2 1.21502E-1 1.00025E-1 5.995E-2 3.22042E-2 3.34896E-2 5.35604E-2 8.14555E-2 1.18368E-1 1.8734E-1 2.6064E-1 2.2758E-1 2.00241E-1 1.8607E-1 1.83016E-1 1.83537E-1 1.91313E-1 1.92886E-1 1.91313E-1 1.91604E-1 1.7291E-1 1.05883E-1 5.30085E-2 6.03854E-2 1.1445E-1 1.51159E-1 1.39376E-1 1.53768E-1 1.58798E-1 1.36994E-1 1.40883E-1 1.46166E-1 1.26936E-1 8.65736E-2 4.84476E-2 2.95902E-2 2.65802E-2 2.50984E-2 2.42642E-2 1.5454E-2 1.3792E-3 3.34775E-5 1.54007E-5 2.83312E-4 8.61751E-4 1.20568E-3 1.61127E-3 9.74049E-4 4.33254E-4
2.80874E-1 2.04477E-1 9.52145E-2 4.89469E-2 2.95902E-2 2.76409E-2 3.30528E-2 2.07695E-2 5.7279E-3 6.12124E-3 2.92422E-2 7.01233E-2 9.00486E-2 9.54483E-2 9.9335E-2 8.31331E-2 6.65738E-2 9.79766E-2 7.7045E-2 4.99235E-2 3.9391E-2 4.32014E-2 5.28991E-2 6.02848E-2 8.83815E-2 1.34911E-1 1.85814E-1 1.74495E-1 1.46706E-1 1.4782E-1 1.40883E-1 1.35187E-1 1.36147E-1 1.08737E-1 1.11597E-1 1.19905E-1 1.14877E-1 5.92764E-2 3.5888E-2 4.61042E-2 5.92764E-2 5.92413E-2 4.01897E-2 6.02848E-2 7.94436E-2 7.51266E-2 9.90126E-2 1.17936E-1 1.1045E-1 7.26398E-2 4.79115E-2 3.08513E-2 2.38649E-2 2.17604E-2 1.55874E-2 1.1343E-2 2.14604E-3 2.39408E-4 1.37999E-4 4.01859E-4 7.70891E-4 1.34934E-3 1.66761E-3 1.02578E-3 3.65429E-4
2.17646E-1 1.40223E-1 5.89118E-2 3.28142E-2 2.2245E-2 2.46155E-2 2.10437E-2 1.78811E-2 9.91362E-3 1.85439E-2 3.82698E-2 6.60757E-2 5.40864E-2 7.85662E-2 1.02475E-1 9.05234E-2 6.50046E-2 6.82882E-2 6.29193E-2 5.57001E-2 5.42282E-2 6.35126E-2 5.81541E-2 5.36587E-2 7.53168E-2 8.77514E-2 1.05616E-1 1.17942E-1 1.33168E-1 1.24409E-1 1.05751E-1 8.00711E-2 8.22001E-2 6.6318E-2 5.95779E-2 6.36789E-2 7.25521E-2 8.2387E-2 9.73013E-2 6.68776E-2 4.78367E-2 2.71049E-2 2.19726E-2 2.23129E-2 1.4969E-2 1.19927E-2 2.26251E-2 5.08636E-2 6.76729E-2 3.77595E-2 3.14908E-2 3.19336E-2 2.02985E-2 1.74124E-2 1.17517E-2 7.07069E-3 2.88342E-3 1.22944E-3 9.28939E-4 7.80479E-4 4.48529E-4 6.11597E-4 1.43982E-3 1.12538E-3 3.69442E-4
8.7702E-2 5.53503E-2 2.91677E-2 1.74609E-2 1.6522E-2 1.78811E-2 2.04352E-2 3.52912E-2 3.23636E-2 1.4762E-2 3.88733E-2 6.29193E-2 4.71974E-2 5.23659E-2 6.54699E-2 6.21637E-2 5.60679E-2 4.66334E-2 4.26112E-2 4.60408E-2 5.60679E-2 6.44096E-2 5.57836E-2 4.10307E-2 4.05605E-2 3.67449E-2 6.13301E-2 4.98382E-2 8.09918E-2 6.98007E-2 4.92403E-2 3.84868E-2 3.68984E-2 2.88629E-2 2.73402E-2 2.66043E-2 3.94584E-2 7.91902E-2 1.00025E-1 4.37442E-2 2.86323E-2 1.96636E-2 2.13969E-2 2.44956E-2 9.97304E-3 6.72326E-3 1.06053E-2 2.83344E-2 3.38754E-2 1.59398E-2 1.2339E-2 1.9815E-2 1.88119E-2 1.51624E-2 8.77367E-3 5.84679E-3 4.10203E-3 3.28672E-3 3.05567E-3 2.14876E-3 6.84742E-4 5.93466E-4 1.09538E-3 9.3477E-4 4.0745E-4
4.27713E-2 2.64033E-2 1.54592E-2 1.02368E-2 1.07391E-2 1.18507E-2 1.76152E-2 3.81246E-2 3.41975E-2 1.15666E-2 4.72307E-2 4.20601E-2 2.43949E-2 1.99046E-2 2.76758E-2 2.70697E-2 2.28627E-2 1.93035E-2 1.6771E-2 2.76758E-2 4.83001E-2 4.6847E-2 4.28818E-2 3.23326E-2 2.35839E-2 2.07094E-2 2.31987E-2 1.72134E-2 1.93185E-2 3.00453E-2 2.37232E-2 1.89969E-2 1.53352E-2 1.19927E-2 1.48114E-2 1.38209E-2 2.04572E-2 2.59611E-2 1.83222E-2 2.08805E-2 2.58229E-2 1.80505E-2 2.05948E-2 2.05819E-2 1.81297E-2 2.13826E-2 2.29014E-2 1.87029E-2 2.14402E-2 1.93872E-2 3.41438E-2 2.31652E-2 2.08114E-2 1.77987E-2 6.21123E-3 5.89837E-3 6.38774E-3 4.92299E-3 6.27899E-3 6.61037E-3 2.29797E-3 1.4277E-3 1.40029E-3 1.03235E-3 4.77452E-4
2.4568E-2 1.43966E-2 8.8529E-3 6.41849E-3 5.92338E-3 8.77416E-3 1.55457E-2 1.74609E-2 1.8916E-2 2.24749E-2 2.76409E-2 1.83222E-2 1.70879E-2 1.47079E-2 1.20169E-2 7.85417E-3 7.08412E-3 5.53669E-3 7.20076E-3 1.84861E-2 4.34333E-2 4.36046E-2 3.12787E-2 2.02279E-2 1.20994E-2 6.81076E-3 6.21157E-3 5.57188E-3 4.7596E-3 9.37425E-3 7.66953E-3 6.43377E-3 5.06758E-3 3.95274E-3 4.08556E-3 5.74322E-3 3.95858E-3 2.97169E-3 1.61181E-3 2.03089E-3 6.70748E-3 1.18591E-2 8.57146E-3 5.31124E-3 4.97122E-3 4.14011E-3 4.14011E-3 3.07468E-3 4.63984E-3 1.15932E-2 1.9007E-2 2.65044E-2 3.14929E-2 2.90572E-2 1.43148E-2 1.10061E-2 1.43148E-2 4.58787E-3 3.26282E-3 3.63743E-3 3.14605E-3 2.56967E-3 2.29797E-3 1.4277E-3 6.77311E-4
1.81488E-2 1.19972E-2 7.58977E-3 6.54158E-3 5.1755E-3 7.84223E-3 1.23798E-2 1.55457E-2 2.06741E-2 2.36612E-2 1.64359E-2 1.22667E-2 1.06418E-2 7.11007E-3 4.91875E-3 2.70621E-3 1.91518E-3 1.37632E-3 4.81462E-3 1.72749E-2 4.28818E-2 5.21342E-2 3.14778E-2 1.69912E-2 1.07893E-2 8.05531E-3 4.02356E-3 3.03968E-3 2.53652E-3 4.13061E-3 3.63441E-3 2.95347E-3 2.10897E-3 1.57933E-3 1.09586E-3 1.52788E-3 8.54214E-4 1.78348E-3 9.93528E-4 1.22317E-3 5.01398E-3 9.19918E-3 2.7285E-3 1.10222E-3 9.47548E-4 4.77721E-4 1.05665E-3 3.16889E-3 4.92629E-3 6.06689E-3 7.78321E-3 1.07275E-2 2.36982E-2 3.82897E-2 2.30066E-2 1.53858E-2 6.78383E-2 9.97822E-3 3.83917E-3 3.50839E-3 3.14605E-3 3.70357E-3 4.50741E-3 2.76694E-3 1.34693E-3
1.4762E-2 9.24089E-3 1.10395E-2 2.38431E-2 2.10322E-2 1.73445E-2 1.85439E-2 1.73902E-2 1.89983E-2 2.46319E-2 2.88055E-2 1.90212E-2 4.75318E-3 2.76258E-3 1.28672E-3 5.6752E-4 3.67685E-4 4.33182E-4 9.49476E-4 5.15392E-3 1.77971E-2 3.73825E-2 2.44168E-2 1.38524E-2 9.57429E-3 9.27901E-3 8.24055E-3 3.63441E-3 2.01227E-3 1.98615E-3 1.95037E-3 1.2629E-3 7.36431E-4 5.30523E-4 4.74874E-4 6.13068E-4 8.49179E-4 1.12066E-3 9.77803E-4 7.88919E-4 1.57268E-3 2.24775E-3 8.58268E-4 3.09807E-4 4.3153E-4 4.79785E-4 5.80175E-3 1.29536E-2 5.17847E-3 2.18441E-3 3.90409E-3 5.86058E-3 1.43148E-2 3.57343E-2 4.41918E-2 1.75586E-2 4.53892E-2 3.62337E-2 1.46783E-2 6.06651E-3 3.26282E-3 3.26282E-3 7.96515E-3 8.65987E-3 5.09879E-3
9.45086E-3 8.21048E-3 1.10463E-2 2.09022E-2 2.88272E-2 3.50127E-2 3.85346E-2 3.84384E-2 3.58656E-2 4.54327E-2 3.54229E-2 1.63411E-2 6.7608E-3 2.6116E-3 6.98436E-4 1.35068E-4 1.23542E-4 2.5375E-4 5.94591E-4 7.98163E-4 2.75278E-3 5.76219E-3 6.22926E-3 8.06659E-3 7.81019E-3 1.00816E-2 1.36535E-2 6.12487E-3 2.85209E-3 1.51312E-3 1.05465E-3 5.85316E-4 2.49701E-4 1.5789E-4 1.37498E-4 2.11263E-4 3.56704E-4 4.88502E-4 4.89299E-4 3.38647E-4 2.58307E-4 4.08464E-4 5.75714E-4 6.48143E-4 8.47826E-4 1.63043E-3 8.60351E-3 9.65975E-3 3.90866E-3 2.10875E-3 3.44267E-3 8.65987E-3 1.23238E-2 2.39182E-2 3.65147E-2 1.83868E-2 2.34028E-2 5.31367E-2 3.45368E-2 1.68911E-2 5.76001E-3 1.63396E-3 1.83242E-3 4.0511E-3 8.80426E-4
6.37965E-3 5.2811E-3 6.26293E-3 1.2349E-2 2.49543E-2 4.34867E-2 5.13144E-2 5.50605E-2 5.69631E-2 5.43658E-2 3.86432E-2 1.69152E-2 8.4653E-3 2.01227E-3 4.21256E-4 1.18593E-4 1.47934E-4 2.24508E-4 6.16889E-4 1.52428E-3 2.50902E-3 1.79813E-3 4.01135E-4 8.79055E-4 2.47537E-3 8.29179E-3 2.01722E-2 1.011E-2 3.78835E-3 1.31825E-3 6.00167E-4 2.8637E-4 1.21692E-4 6.91611E-5 6.5786E-5 8.3169E-5 1.18593E-4 1.85182E-4 1.61227E-4 6.8766E-5 3.78035E-5 1.03041E-4 4.53195E-4 1.22646E-3 1.23003E-3 1.60034E-3 2.60236E-3 2.04193E-3 1.81195E-3 1.83242E-3 2.88342E-3 6.45918E-3 7.70161E-3 1.31381E-2 1.48907E-2 1.09858E-2 1.48907E-2 2.68832E-2 2.99808E-2 2.83063E-2 6.67284E-3 6.98807E-4 3.75403E-4 1.06453E-3 1.0932E-4
6.93757E-3 3.32035E-3 2.67493E-3 6.38616E-3 1.3505E-2 2.2149E-2 2.53937E-2 3.9391E-2 3.89474E-2 5.57836E-2 4.42902E-2 2.16994E-2 7.79479E-3 1.91518E-3 5.21939E-4 2.0662E-4 2.15665E-4 3.38974E-4 5.82374E-4 1.24139E-3 1.76597E-3 2.7761E-3 9.45968E-4 2.58654E-4 9.04691E-4 4.63362E-3 1.36303E-2 7.78393E-3 2.85967E-3 1.07387E-3 4.41544E-4 1.61652E-4 9.4787E-5 6.18868E-5 5.49763E-5 7.7541E-5 9.72791E-5 1.89734E-4 2.20087E-4 1.13604E-4 4.57716E-5 9.02173E-5 7.07873E-4 2.26692E-3 2.41905E-3 1.29849E-3 1.88173E-3 2.71636E-3 3.73867E-3 4.55009E-3 6.44812E-3 7.32103E-3 5.26948E-3 5.46763E-3 6.10699E-3 5.04222E-3 6.00237E-3 9.47745E-3 1.09858E-2 6.2801E-3 7.0545E-4 2.78975E-5 2.51361E-6 2.65833E-5 3.76648E-5
7.07069E-3 2.39078E-3 8.89168E-4 5.19918E-4 5.9438E-3 1.36535E-2 3.70343E-3 2.19726E-2 2.8143E-2 3.78656E-2 4.74925E-2 2.11007E-2 6.74191E-3 1.68985E-3 3.76647E-4 2.23411E-4 1.59885E-4 3.05997E-4 7.89932E-4 2.13812E-3 1.92404E-3 1.28914E-3 9.86454E-4 1.54883E-3 2.94233E-3 3.66613E-3 2.84113E-3 2.30891E-3 7.64041E-4 4.94476E-4 2.99784E-4 3.30315E-4 2.39118E-4 1.584E-4 1.54993E-4 2.47206E-4 6.26114E-4 1.48744E-3 1.04656E-3 2.94669E-4 1.27999E-4 2.48643E-4 1.31278E-3 2.48061E-3 2.43531E-3 2.06061E-3 1.81195E-3 3.84514E-3 6.61037E-3 1.02716E-2 1.60504E-2 8.80518E-3 6.12387E-3 3.87555E-3 3.74467E-3 2.58366E-3 1.85097E-3 2.84859E-3 3.95233E-3 1.09041E-3 5.22388E-5 2.51361E-6 3.00849E-7 6.37535E-7 -9999
2.0504E-2 7.84031E-3 6.3177E-4 1.91535E-7 1.30262E-3 1.25226E-4 3.86559E-4 1.32265E-2 2.79149E-2 3.61009E-2 3.45537E-2 1.86708E-2 5.44558E-3 1.10325E-3 3.06088E-4 1.48676E-4 1.26354E-4 2.7884E-4 9.83749E-4 2.29559E-3 5.49817E-3 8.30807E-3 1.06913E-2 6.04522E-3 4.51731E-3 5.96043E-3 3.21607E-3 1.07185E-3 1.94544E-4 2.66927E-4 3.51876E-4 4.6741E-4 4.55538E-4 3.22958E-4 2.59432E-4 5.22201E-4 1.09636E-3 1.61262E-3 9.93867E-4 5.08084E-4 3.41507E-4 4.48636E-4 9.05061E-4 1.17725E-3 1.55069E-3 1.97747E-3 1.59908E-3 2.39848E-3 3.18795E-3 4.42146E-3 3.6137E-3 5.25016E-3 5.37291E-3 4.07576E-3 2.88679E-3 1.30798E-3 3.86507E-4 8.98238E-4 2.8341E-3 4.15585E-4 5.60353E-5 1.75655E-5 6.36272E-6 2.11894E-6 -9999
7.29223E-2 3.51463E-2 1.07494E-3 4.46685E-5 3.61924E-6 1.78931E-4 5.67976E-3 2.8427E-2 4.16156E-2 2.76197E-2 1.20169E-2 8.22214E-3 2.69873E-3 4.51184E-4 1.9665E-4 1.04745E-4 1.01482E-4 3.4275E-4 1.2057E-3 3.70343E-3 2.49711E-2 3.42269E-2 2.60763E-2 1.66105E-2 1.0963E-2 6.67284E-3 3.70135E-3 1.54239E-3 7.60705E-4 5.48421E-4 4.57762E-4 5.6273E-4 5.68023E-4 4.48529E-4 2.78763E-4 4.33767E-4 8.47469E-4 9.92232E-4 5.98901E-4 3.22988E-4 2.05782E-4 1.96979E-4 2.66927E-4 4.05861E-4 6.23891E-4 1.01287E-3 9.65535E-4 8.08812E-4 8.94211E-4 1.52501E-3 1.28094E-3 1.07193E-3 2.10289E-3 1.85097E-3 1.07453E-3 6.76845E-4 2.99469E-4 7.64602E-4 1.04809E-3 2.40185E-4 5.22388E-5 1.72655E-4 1.19621E-4 -9999 -9999
5.74521E-2 7.51945E-2 1.35388E-2 5.11992E-3 4.33494E-3 3.75711E-3 2.20043E-2 5.6453E-2 5.12506E-2 1.80554E-2 4.07304E-3 4.97944E-3 1.85967E-3 2.09528E-4 1.15209E-4 9.68429E-5 1.00212E-4 5.88248E-4 2.66699E-3 9.52089E-3 6.07402E-2 6.9929E-2 4.70724E-2 2.93255E-2 1.79463E-2 9.16859E-3 6.1381E-3 3.89615E-3 1.75821E-3 6.80828E-4 5.64793E-4 5.21091E-4 3.87925E-4 1.42409E-4 1.0932E-4 2.08039E-4 5.29428E-4 5.24441E-4 2.81606E-4 1.31991E-4 8.10311E-5 6.23862E-5 6.68391E-5 1.61857E-4 3.4755E-4 6.47233E-4 8.58204E-4 7.09572E-4 4.50517E-4 5.0631E-4 3.27092E-4 3.03509E-4 2.38614E-4 1.23878E-4 1.43929E-4 3.38641E-4 5.51231E-4 5.39952E-4 3.38641E-4 1.68113E-4 1.86192E-4 2.97158E-4 -9999 -9999 -9999
2.84758E-2 1.64758E-2 3.42805E-2 3.78656E-2 5.30093E-2 3.42304E-2 4.70124E-2 7.06977E-2 6.89901E-2 3.0441E-2 9.36619E-3 6.95039E-3 3.07468E-3 2.96592E-4 7.39757E-5 1.39991E-4 3.26697E-4 1.92326E-3 7.79479E-3 3.13306E-2 1.00014E-1 9.99098E-2 6.03682E-2 3.99084E-2 2.79125E-2 1.70179E-2 1.20433E-2 9.12312E-3 5.00912E-3 2.04299E-3 1.56355E-3 1.16722E-3 2.12675E-4 1.77508E-5 2.25424E-5 4.60125E-5 1.13209E-4 1.64437E-4 8.60904E-5 4.87064E-5 4.29834E-5 2.44715E-5 1.38483E-5 8.49042E-5 3.05997E-4 6.36736E-4 1.10651E-3 9.24934E-4 4.92886E-4 2.30261E-4 6.47373E-5 2.98785E-5 2.83514E-5 6.25953E-6 1.55173E-5 7.68507E-5 1.85766E-4 1.61896E-4 5.68583E-5 1.54157E-5 1.73016E-5 1.8703E-5 -9999 -9999 -9999
1.07382E-1 1.06183E-1 1.20111E-1 1.09316E-1 1.37768E-1 1.45351E-1 1.27155E-1 8.37494E-2 9.31549E-2 8.87552E-2 6.33708E-2 3.55971E-2 1.02147E-2 5.40486E-4 4.93757E-5 1.19015E-4 5.13515E-4 3.70682E-3 1.6875E-2 4.47775E-2 1.0213E-1 8.66825E-2 5.20999E-2 4.24941E-2 3.75745E-2 2.27684E-2 1.5064E-2 1.73221E-2 1.52598E-2 8.62309E-3 5.62962E-3 4.09737E-3 5.51339E-4 5.10299E-5 2.32516E-5 2.04452E-5 2.25424E-5 2.57752E-5 2.35517E-5 1.94004E-5 2.2872E-5 1.73279E-5 8.02931E-6 7.23861E-5 3.53166E-4 1.05465E-3 1.94514E-3 1.2154E-3 5.27451E-4 1.96596E-4 3.14073E-5 1.67324E-5 1.16836E-5 4.15752E-6 6.58915E-6 2.5454E-5 5.98784E-5 6.691E-5 2.18874E-5 1.57893E-6 1.07001E-6 -9999 -9999 -9999 -9999
2.49063E-1 2.12967E-1 2.33538E-1 2.36245E-1 1.93203E-1 1.72887E-1 1.82554E-1 1.38547E-1 1.25558E-1 1.06785E-1 8.80511E-2 7.17559E-2 1.58541E-2 1.41395E-3 9.02229E-5 7.9652E-6 1.45205E-4 3.53974E-3 2.35199E-2 5.79022E-2 7.35079E-2 5.70133E-2 3.49283E-2 2.91483E-2 2.3756E-2 1.34738E-2 1.0583E-2 1.65336E-2 1.70549E-2 1.00747E-2 5.76116E-3 3.31802E-3 1.12451E-3 2.8247E-4 6.96206E-5 1.97192E-5 6.13199E-6 5.75671E-6 9.79099E-6 1.4137E-5 2.28685E-5 3.03742E-5 3.66545E-5 1.37239E-4 6.28089E-4 1.1498E-3 1.46544E-3 1.42031E-3 4.90007E-4 1.76649E-4 4.43002E-5 2.56151E-5 1.04085E-5 4.83532E-6 5.53153E-6 1.55968E-5 3.63171E-5 4.71324E-5 3.12561E-5 6.38028E-6 -9999 -9999 -9999 -9999 -9999
3.55425E-1 3.96087E-1 3.27336E-1 2.67451E-1 2.18594E-1 1.91869E-1 2.23276E-1 2.18047E-1 1.2888E-1 5.66614E-2 5.48645E-2 4.85669E-2 9.40326E-3 1.94963E-3 7.51017E-5 7.11503E-6 1.35133E-4 5.01107E-3 4.07495E-2 7.71085E-2 5.27804E-2 3.42731E-2 1.95406E-2 1.41008E-2 1.0863E-2 6.28146E-3 3.97551E-3 5.22225E-3 5.92945E-3 3.89615E-3 2.37447E-3 1.82669E-3 1.59377E-3 1.12529E-3 2.27692E-4 3.03173E-5 4.39616E-6 3.33208E-6 8.53197E-6 2.6822E-5 3.47007E-5 5.60353E-5 1.11249E-4 2.80799E-4 7.40385E-4 1.41315E-3 1.25349E-3 9.37223E-4 3.59358E-4 1.57612E-4 7.19879E-5 2.82071E-5 1.25764E-5 7.01203E-6 6.7948E-6 1.18608E-5 -9999 -9999 -9999 -9999 -9999 -9999 -9999 -9999 -9999
5.05838E-1 4.34653E-1 3.08624E-1 2.36465E-1 1.91346E-1 1.7135E-1 1.73466E-1 1.29868E-1 7.45595E-2 3.1311E-2 2.04952E-2 1.07494E-2 2.35377E-3 4.27194E-4 4.908E-5 3.12561E-5 7.01257E-4 7.56313E-3 1.4542E-2 2.04528E-2 2.49868E-2 2.32063E-2 1.12633E-2 7.79516E-3 7.31124E-3 3.56787E-3 1.57987E-3 1.09041E-3 1.03655E-3 1.05965E-3 9.60093E-4 1.10244E-3 1.7882E-3 2.20936E-3 5.21486E-4 8.72103E-5 2.10281E-5 1.2226E-5 2.23497E-5 3.80959E-5 8.03767E-5 1.68113E-4 3.76501E-4 7.36922E-4 1.15689E-3 1.28143E-3 1.03519E-3 5.13515E-4 2.64435E-4 1.40756E-4 7.23284E-5 3.54611E-5 1.89962E-5 1.27845E-5 1.04619E-5 -9999 -9999 -9999 -9999 -9999 -9999 -9999 -9999 -9999 -9999
4.93505E-1 4.04824E-1 2.71339E-1 1.93794E-1 1.43258E-1 1.36776E-1 1.16716E-1 7.54592E-2 4.08852E-2 1.67925E-2 7.45833E-3 2.71081E-3 5.21091E-4 1.06955E-4 3.52291E-5 3.89935E-5 5.87025E-4 2.84513E-3 1.56955E-3 2.51953E-3 1.29097E-2 2.5944E-2 2.03777E-2 1.02908E-2 3.43318E-3 1.07846E-3 6.07903E-4 4.7117E-4 3.94746E-4 3.4238E-4 4.3191E-4 7.69684E-4 1.31667E-3 1.392E-3 6.53621E-4 2.13132E-4 8.69518E-5 5.58303E-5 6.09762E-5 1.0096E-4 2.24394E-4 4.61875E-4 1.09599E-3 1.89763E-3 1.9596E-3 1.28251E-3 5.74978E-4 3.03464E-4 1.41291E-4 9.06854E-5 5.87135E-5 3.8284E-5 2.55474E-5 2.14693E-5 2.67165E-5 -9999 -9999 -9999 -9999 -9999 -9999 -9999 -9999 -9999 -9999
4.57654E-1 3.87529E-1 2.73957E-1 2.16446E-1 1.86217E-1 1.35216E-1 8.8082E-2 4.67739E-2 2.23825E-2 8.38632E-3 2.97502E-3 1.06046E-3 3.57505E-4 1.01989E-4 4.4667E-5 5.88809E-5 2.52891E-4 7.0545E-4 8.63259E-4 1.95824E-3 9.73214E-3 2.74993E-2 2.8079E-2 1.21069E-2 2.1429E-3 7.01398E-4 4.21012E-4 3.87051E-4 3.31512E-4 2.07292E-4 2.93931E-4 6.14613E-4 9.41116E-4 1.01848E-3 7.09186E-4 4.14173E-4 2.37642E-4 1.71219E-4 1.75042E-4 2.47608E-4 4.4408E-4 8.79129E-4 2.25242E-3 4.99779E-3 2.86748E-3 1.05345E-3 3.19306E-4 8.6634E-5 5.20436E-5 4.85025E-5 4.6543E-5 3.76037E-5 3.17393E-5 3.31762E-5 3.8284E-5 -9999 -9999 -9999 -9999 -9999 -9999 -9999 -9999 -9999 -9999
