KUENM/Final_Models/M_0.1_F_lq_Set_2_E/sp1_9.asc
ncols         197
nrows         210
xllcorner     56.1666666666667
yllcorner     4.5
cellsize      0.166666666666667
NODATA_value  -9999
[rows 28 to 55 of 210, columns 65 to 129 of 197]
1.21529E-13 1.58751E-14 6.23443E-16 5.7002E-15 2.13538E-13 2.49744E-12 1.14022E-14 2.23409E-15 4.17923E-13 2.90971E-12 2.53054E-13 9.40576E-15 1.74831E-5 8.17879E-5 1.57594E-6 1.15099E-3 6.04626E-4 1.60541E-5 8.90442E-3 1.98126E-2 1.6575E-3 8.2226E-7 7.85885E-6 7.63053E-3 3.93445E-2 4.37109E-3 7.20669E-2 7.25085E-2 6.47885E-2 9.36938E-3 2.23571E-2 1.98645E-2 2.51856E-3 5.74186E-5 1.65442E-3 1.37875E-3 3.64736E-5 1.66755E-8 2.44728E-10 1.12679E-8 7.67616E-15 6.52616E-12 2.3946E-9 3.53562E-9 2.46526E-9 2.22215E-11 3.71722E-12 2.09232E-14 9.55786E-16 1.86034E-17 4.01835E-19 4.62655E-20 4.25197E-19 2.83702E-21 1.71756E-17 2.45362E-14 1.90188E-21 1.94498E-23 1.31735E-23 6.59306E-19 3.50821E-18 4.84125E-18 1.49351E-21 1.80097E-17 6.37147E-29
1.25168E-16 1.69533E-16 1.00012E-15 6.94714E-17 2.08076E-16 1.2523E-17 1.18765E-15 3.28603E-14 7.88758E-16 7.46562E-16 2.78068E-14 1.65185E-10 8.07828E-6 4.52865E-5 1.41006E-5 6.17467E-4 7.36228E-3 1.499E-2 4.79117E-2 6.41297E-2 5.11607E-2 7.92371E-2 6.5276E-2 5.40963E-2 1.13981E-2 1.19665E-1 1.63371E-1 6.50071E-2 1.10672E-1 1.63033E-1 1.44939E-1 1.25675E-2 1.66992E-2 3.46692E-3 4.32586E-3 2.5546E-5 1.51506E-4 4.64097E-5 1.22961E-5 8.46194E-9 1.39164E-9 3.29185E-7 4.78087E-8 3.86716E-6 2.34999E-7 1.1827E-11 2.20627E-12 1.43019E-12 1.0138E-13 1.42032E-16 2.89805E-20 2.0072E-19 3.86468E-19 5.574E-17 5.66863E-14 5.95961E-16 8.12873E-15 2.24808E-15 4.67272E-23 9.6106E-25 1.39588E-24 6.87061E-23 2.09414E-16 5.12563E-13 3.82447E-23
4.02318E-14 2.42348E-15 4.91117E-14 2.36071E-13 4.88917E-12 5.85818E-12 2.48706E-13 2.48979E-13 9.27879E-14 2.24378E-11 1.05505E-8 2.67508E-8 2.59941E-6 5.02038E-6 1.21012E-6 2.56318E-6 2.18593E-4 1.86685E-3 2.05446E-2 5.79953E-2 8.21825E-2 1.05587E-1 1.27251E-1 1.2096E-1 9.58111E-2 1.58899E-1 1.8311E-1 2.13144E-1 3.47753E-1 3.79653E-1 3.4702E-1 1.68266E-1 7.4997E-2 4.59743E-2 1.10679E-2 8.17575E-4 1.62401E-4 3.62144E-5 9.93452E-5 7.63374E-5 8.32961E-5 1.68001E-8 1.29351E-6 3.72823E-4 3.77065E-5 3.89967E-5 2.68509E-9 8.31087E-15 4.25321E-16 3.8805E-17 1.29231E-19 4.12404E-18 4.40261E-17 4.1844E-17 2.02976E-16 5.63421E-16 3.99431E-16 4.40751E-15 1.66661E-14 7.70887E-20 1.82765E-23 1.51836E-25 2.12769E-24 1.11446E-23 3.5485E-16
1.61795E-14 6.99283E-13 1.28102E-12 1.74204E-14 1.22188E-14 1.61117E-12 6.54363E-12 1.26871E-10 4.64978E-11 1.0683E-10 1.61061E-9 3.86813E-8 3.38204E-6 6.7879E-7 5.80384E-10 1.01091E-9 6.84393E-6 1.99167E-4 9.76866E-3 3.92329E-2 7.85956E-2 1.05956E-1 1.41413E-1 1.70759E-1 1.89294E-1 2.01003E-1 2.62369E-1 3.68418E-1 4.12179E-1 4.28741E-1 4.33803E-1 4.25795E-1 3.364E-1 1.51252E-1 1.77586E-2 1.91497E-2 7.89873E-4 1.6705E-4 9.54346E-5 2.36732E-3 2.17391E-5 3.61083E-8 3.51571E-10 1.11866E-5 5.32112E-4 7.53491E-4 2.20979E-5 5.09574E-8 1.54857E-12 2.30233E-14 9.06286E-17 3.10313E-19 1.38127E-21 2.24424E-17 2.96817E-19 7.51319E-20 7.20456E-20 1.44878E-18 5.09256E-17 2.61682E-15 4.8822E-15 8.77714E-14 5.46318E-18 2.36347E-20 1.62707E-21
9.43567E-13 9.147E-12 6.61969E-14 3.50329E-14 3.06247E-14 1.65686E-12 1.50827E-11 1.0603E-11 5.24837E-10 1.12989E-8 1.19456E-7 7.58013E-7 3.89033E-6 2.36547E-7 4.29196E-12 4.55955E-10 3.32494E-10 5.17393E-13 1.04873E-9 1.51241E-5 9.39139E-4 1.33881E-2 5.50142E-2 4.98044E-2 6.73919E-2 1.04861E-1 3.16983E-1 3.58002E-1 4.17738E-1 4.43996E-1 4.47629E-1 4.33428E-1 4.4708E-1 4.37123E-1 2.33458E-1 2.13342E-1 5.55067E-3 7.41193E-4 3.14669E-5 8.14584E-3 4.01062E-4 1.55653E-5 1.1848E-5 2.12916E-8 1.8547E-6 3.23993E-4 5.68859E-4 2.79489E-5 1.42999E-10 3.86318E-13 1.26117E-15 4.73378E-17 4.60064E-21 6.20178E-18 2.073E-23 6.469E-22 1.80515E-22 6.8893E-23 1.1845E-23 9.11705E-19 4.38165E-20 1.83974E-15 9.67043E-16 1.35019E-11 5.33602E-17
4.08365E-11 4.23223E-12 2.22377E-14 7.07926E-15 2.99593E-15 3.2636E-13 3.74783E-13 1.60989E-12 1.37006E-10 2.79406E-9 5.03056E-8 1.95555E-6 1.58082E-6 1.41242E-8 3.57217E-11 9.979E-9 6.78682E-7 3.01696E-5 1.38322E-4 3.69464E-7 5.17979E-9 1.99012E-7 1.06018E-4 6.35041E-3 5.07566E-2 1.43273E-1 3.36019E-1 3.72478E-1 3.84781E-1 3.11812E-1 3.29761E-1 4.32321E-1 4.62627E-1 4.33596E-1 2.97566E-1 2.00255E-1 1.29061E-2 5.94101E-3 1.34168E-3 3.78044E-2 8.88492E-3 6.7127E-5 1.98698E-5 4.28448E-8 1.93443E-13 1.76691E-7 7.21128E-5 6.55712E-4 6.61193E-5 1.41673E-7 1.07387E-14 2.92818E-14 5.17024E-18 1.46733E-20 3.2209E-21 2.21491E-22 2.24196E-22 8.56239E-22 2.94332E-20 1.63863E-18 2.97207E-16 2.9537E-15 1.77377E-19 9.43554E-20 8.32689E-13
2.12107E-13 1.96799E-15 8.56216E-14 5.03692E-16 4.9969E-14 2.64727E-13 3.80963E-13 7.55439E-10 1.26445E-8 6.3815E-9 1.53749E-9 5.77959E-8 5.33601E-9 2.51178E-9 3.21866E-8 6.36191E-8 2.65816E-5 1.9709E-4 3.95956E-3 1.46525E-2 4.23536E-3 2.01215E-4 6.563E-4 1.59543E-3 2.75187E-2 9.1375E-2 1.86895E-1 3.17243E-1 1.8435E-1 2.77448E-1 4.06795E-1 4.14819E-1 4.38144E-1 4.25582E-1 3.59946E-1 1.54543E-1 5.67029E-2 5.82696E-2 3.84832E-2 6.50388E-2 8.85881E-3 3.62428E-2 3.02488E-2 4.28059E-4 2.47452E-11 9.70422E-13 5.0528E-7 1.15653E-4 1.05711E-3 1.74846E-4 1.97198E-10 2.15953E-12 1.28962E-13 7.1926E-16 1.52572E-21 8.72902E-24 1.39837E-20 5.85178E-21 1.29944E-19 9.23402E-17 1.15749E-22 3.93164E-19 3.16587E-21 6.88057E-24 5.44674E-17
1.07854E-14 1.49993E-12 3.54687E-14 1.81378E-16 3.72473E-13 8.0599E-13 2.05795E-11 1.9572E-9 1.85906E-7 5.72217E-8 1.50899E-8 2.07792E-8 2.06621E-7 3.33225E-7 1.2351E-8 4.42715E-9 3.97874E-5 5.67032E-3 1.77358E-2 5.56999E-2 3.33411E-2 8.67058E-3 2.81221E-2 4.71044E-2 1.86378E-1 3.11381E-1 4.19817E-1 3.73627E-1 3.61768E-1 4.50651E-1 4.41555E-1 4.01363E-1 3.98108E-1 4.04363E-1 3.70303E-1 2.54761E-1 1.68978E-1 1.48203E-1 1.0673E-1 1.17954E-1 1.22087E-1 1.38058E-1 7.52666E-2 5.97354E-3 8.88848E-7 4.62243E-14 2.11494E-11 2.06254E-7 5.58377E-6 1.09641E-5 3.00652E-9 3.1443E-12 1.12566E-9 5.94931E-14 3.37334E-18 2.40584E-20 5.89886E-22 9.41036E-22 1.66657E-18 1.41327E-16 3.47758E-19 2.86404E-22 6.21288E-20 1.16874E-23 5.28316E-21
2.91919E-12 2.73074E-13 5.4895E-13 1.52141E-14 1.61639E-13 5.61393E-14 1.90267E-10 7.36587E-8 1.01228E-6 1.45208E-6 4.29041E-7 2.25459E-6 1.9902E-6 7.06118E-9 1.20016E-6 2.87605E-6 1.2618E-3 1.91775E-2 5.89274E-2 6.23961E-2 1.16496E-1 1.55985E-1 1.7819E-1 1.83616E-1 2.67357E-1 4.12179E-1 4.90771E-1 4.85173E-1 4.67839E-1 4.75053E-1 4.56755E-1 4.28732E-1 4.33912E-1 4.14855E-1 4.07803E-1 4.03561E-1 3.17425E-1 2.75849E-1 2.44248E-1 1.85726E-1 1.25866E-1 1.41173E-1 1.05436E-1 4.98188E-2 5.5325E-3 1.14295E-7 1.98668E-6 6.58018E-9 1.27537E-9 3.94102E-7 7.55221E-11 2.98936E-7 1.02766E-5 1.99594E-8 4.38249E-15 1.05748E-14 3.84645E-16 1.31534E-22 1.65838E-22 4.62986E-17 2.17124E-22 3.86864E-20 1.71713E-21 2.16384E-21 4.37947E-22
4.30533E-13 1.40032E-13 8.93853E-12 6.14264E-12 1.20027E-11 2.70558E-9 1.38605E-7 8.48561E-7 1.73085E-6 9.54131E-7 2.23338E-6 2.2719E-6 6.68895E-8 2.75656E-9 1.61642E-6 1.53589E-4 6.39197E-3 1.83251E-2 2.41325E-2 1.00173E-1 1.84968E-1 2.46207E-1 2.23684E-1 3.13299E-1 3.7334E-1 4.04329E-1 4.26757E-1 4.45573E-1 4.74196E-1 4.51434E-1 4.53747E-1 4.62504E-1 4.53147E-1 4.67933E-1 4.94706E-1 4.60846E-1 4.16337E-1 4.07005E-1 3.93925E-1 2.64106E-1 1.54538E-1 1.28134E-1 1.90812E-1 1.88378E-1 1.26308E-1 1.94075E-2 5.98699E-3 1.84523E-4 3.44114E-4 1.69926E-4 3.3272E-7 4.94932E-8 1.03714E-5 3.06497E-9 6.27605E-11 2.25994E-11 1.49522E-17 2.51374E-19 4.35707E-23 3.3903E-21 1.58313E-19 1.35296E-19 5.36141E-19 8.10702E-20 3.05775E-20
1.63393E-12 6.09893E-12 4.84643E-10 2.25971E-10 2.99114E-9 9.13432E-8 6.41199E-7 1.11446E-6 2.48493E-7 1.48745E-7 1.48474E-6 6.24419E-7 2.89278E-8 1.15259E-7 9.92969E-7 1.62064E-5 3.38577E-4 1.25444E-2 7.20272E-2 1.82712E-1 2.68784E-1 3.18971E-1 3.503E-1 3.91085E-1 3.94E-1 2.74975E-1 2.76438E-1 4.12994E-1 4.83439E-1 4.80321E-1 4.78472E-1 4.6092E-1 4.65243E-1 4.70236E-1 4.7574E-1 4.56228E-1 4.55308E-1 4.59847E-1 4.57006E-1 3.84806E-1 2.71513E-1 1.91546E-1 2.04668E-1 1.89864E-1 1.18129E-1 7.16868E-2 1.23309E-2 4.81289E-3 7.37459E-4 5.41821E-5 5.31191E-5 4.85309E-5 1.35662E-5 2.16488E-6 9.18848E-11 7.17897E-13 8.13496E-11 9.49854E-17 6.23256E-20 2.8523E-23 1.7716E-22 1.28229E-20 3.2209E-21 6.31618E-20 3.68692E-21
4.02818E-11 2.2715E-8 7.37624E-10 3.75186E-9 4.74846E-8 3.68572E-7 8.58602E-7 4.04418E-7 4.60748E-7 2.36231E-6 4.63212E-7 8.02185E-8 4.87098E-7 4.33731E-6 1.12652E-4 9.81192E-4 6.94871E-3 1.65077E-2 1.13638E-1 2.35023E-1 3.04197E-1 3.38897E-1 3.66864E-1 3.96921E-1 3.70145E-1 4.40718E-1 4.67014E-1 4.70242E-1 4.67305E-1 4.58684E-1 4.50038E-1 4.26206E-1 4.25576E-1 4.24712E-1 4.16987E-1 4.4793E-1 4.81627E-1 5.21489E-1 5.26172E-1 4.93861E-1 4.24831E-1 3.419E-1 2.72579E-1 2.03147E-1 1.00489E-1 2.50425E-2 3.6123E-3 9.42803E-4 7.31339E-5 4.80024E-5 3.00563E-6 3.58743E-9 1.82104E-8 1.37414E-8 3.19649E-8 3.81227E-9 5.67676E-11 4.3397E-15 1.00021E-18 6.53224E-19 1.30082E-22 1.16583E-22 3.34351E-21 3.98828E-19 2.81043E-21
6.38087E-9 2.14775E-7 5.47634E-8 2.99254E-7 9.41383E-7 9.50438E-7 1.62462E-6 2.0807E-6 3.73064E-6 2.09087E-6 7.0139E-8 7.74107E-7 1.05781E-6 3.1098E-5 6.18949E-6 2.05601E-5 6.34537E-6 1.05035E-3 3.10112E-2 1.5225E-1 2.98151E-1 3.34501E-1 3.60409E-1 3.81882E-1 3.89602E-1 4.26158E-1 4.46612E-1 4.54028E-1 4.10965E-1 4.4073E-1 4.14943E-1 3.7406E-1 3.4903E-1 3.28611E-1 3.29899E-1 3.67635E-1 4.24061E-1 5.31408E-1 5.67308E-1 5.66727E-1 5.30818E-1 4.91617E-1 4.35096E-1 3.40241E-1 2.01802E-1 8.10197E-2 2.19064E-2 3.64836E-3 1.20373E-4 2.85586E-6 1.15557E-5 3.55317E-7 2.68191E-8 4.32248E-9 6.06684E-9 1.38136E-8 7.53828E-12 8.03462E-14 4.80657E-14 1.86982E-19 2.23615E-19 4.181E-18 7.04356E-22 1.30082E-22 2.07491E-21
1.67127E-6 2.34201E-7 1.40292E-6 1.13504E-6 7.88696E-7 2.59982E-6 4.12317E-6 4.48109E-6 3.86426E-6 1.41488E-6 4.00249E-6 3.64012E-5 5.62959E-6 2.08639E-5 8.20253E-7 1.12988E-6 5.40943E-5 2.96421E-3 2.91724E-2 6.05423E-2 2.73894E-1 3.29145E-1 3.42819E-1 3.63826E-1 3.80616E-1 4.02351E-1 4.2708E-1 4.35915E-1 4.32634E-1 3.32697E-1 2.7551E-1 2.60497E-1 3.61347E-1 4.20862E-1 4.69369E-1 4.83439E-1 5.19674E-1 5.54303E-1 5.76613E-1 5.86334E-1 5.90376E-1 5.80327E-1 5.60799E-1 5.03915E-1 4.03036E-1 3.62603E-1 2.08052E-1 7.12949E-2 9.77128E-3 1.90649E-4 3.43393E-6 2.7653E-7 2.29739E-8 1.4436E-10 1.04664E-12 2.2246E-10 1.23208E-10 3.77444E-14 1.71401E-15 2.74043E-13 2.18952E-14 5.30068E-17 5.02099E-22 2.28489E-21 1.65647E-22
6.15596E-7 5.49631E-6 3.29171E-6 3.13951E-7 1.8827E-6 5.05784E-6 5.24677E-6 2.75215E-6 2.66535E-6 3.49361E-6 1.05382E-5 1.8345E-4 9.58571E-5 1.5872E-5 3.32735E-5 4.96002E-4 1.58503E-3 2.58672E-2 1.39692E-1 2.25998E-1 2.88093E-1 3.10941E-1 3.2551E-1 3.19655E-1 3.20404E-1 3.64345E-1 3.88581E-1 4.0519E-1 4.16183E-1 4.15839E-1 3.77877E-1 4.45471E-1 4.86955E-1 4.87187E-1 4.80262E-1 4.68454E-1 4.8969E-1 5.19019E-1 5.49745E-1 5.71781E-1 5.84114E-1 5.90696E-1 5.8671E-1 5.80504E-1 5.41527E-1 5.49569E-1 4.84171E-1 3.14976E-1 1.47213E-1 4.18948E-2 3.27982E-3 4.81982E-5 1.80421E-6 6.71374E-11 3.81915E-15 6.57261E-11 1.64788E-10 9.33464E-10 4.0548E-13 6.24379E-14 1.3989E-12 6.25258E-14 1.10756E-20 1.76981E-18 6.29967E-20
3.18108E-5 1.06881E-5 1.71436E-6 5.0816E-6 4.18549E-6 2.40231E-6 1.17724E-6 1.27092E-6 1.38075E-6 7.27132E-7 3.67887E-6 8.19077E-5 1.58204E-3 8.25152E-4 3.07576E-3 1.7436E-2 2.16197E-2 6.88574E-2 1.79248E-1 2.59189E-1 2.75161E-1 2.92242E-1 3.01133E-1 3.08726E-1 3.11016E-1 3.36305E-1 3.47864E-1 3.62152E-1 3.778E-1 4.01019E-1 4.27708E-1 4.52964E-1 4.7408E-1 4.75514E-1 4.66103E-1 4.60131E-1 4.64919E-1 4.89235E-1 5.11046E-1 5.4104E-1 5.60246E-1 5.71291E-1 5.84114E-1 5.85928E-1 5.79599E-1 5.75388E-1 5.56032E-1 4.89568E-1 3.86108E-1 2.1648E-1 6.40897E-2 4.66776E-3 3.88643E-5 3.6573E-8 7.02376E-16 1.04723E-18 5.88647E-11 7.14369E-10 4.26897E-11 4.52484E-14 9.96539E-13 4.03399E-10 6.75144E-17 6.59868E-19 5.51503E-23
3.31203E-5 2.6521E-6 5.98373E-6 3.18797E-6 1.26027E-6 7.98371E-7 9.62083E-7 3.24215E-6 3.02082E-6 1.0203E-5 3.33863E-5 1.31739E-5 3.04209E-3 1.17796E-2 2.31732E-2 5.26227E-2 1.09136E-1 1.24628E-1 2.27047E-1 2.52754E-1 2.6512E-1 2.73261E-1 2.86359E-1 2.90609E-1 2.92933E-1 2.98777E-1 3.08587E-1 3.20025E-1 3.34681E-1 3.55663E-1 3.85663E-1 4.1601E-1 4.47971E-1 4.60021E-1 4.61336E-1 4.42717E-1 4.3756E-1 4.55034E-1 4.70932E-1 4.98295E-1 5.28126E-1 5.53866E-1 5.79995E-1 5.84541E-1 5.80555E-1 5.79803E-1 5.67964E-1 5.4849E-1 4.90105E-1 3.65013E-1 1.94986E-1 5.73597E-2 1.81208E-3 3.79923E-6 1.45984E-9 6.75737E-17 7.75862E-21 2.51878E-15 2.39901E-10 9.44507E-10 3.58364E-9 3.07918E-9 6.27911E-12 7.38226E-19 1.74852E-22
9.62198E-6 5.82723E-6 3.49361E-6 1.21449E-5 4.5066E-6 3.29696E-6 5.06638E-6 9.16223E-6 2.50776E-5 4.01734E-5 1.49157E-4 1.04027E-4 8.3623E-4 1.89769E-2 4.70831E-2 4.89414E-2 7.42051E-2 3.1034E-2 2.01595E-1 2.38567E-1 2.524E-1 2.62141E-1 2.68371E-1 2.6512E-1 2.6512E-1 2.66745E-1 2.67852E-1 2.81439E-1 2.96223E-1 3.10222E-1 3.41166E-1 3.79429E-1 4.08162E-1 4.22058E-1 4.24334E-1 4.12041E-1 4.15114E-1 4.17905E-1 4.41311E-1 4.67014E-1 5.03634E-1 5.45046E-1 5.77924E-1 5.88549E-1 5.86557E-1 5.79803E-1 5.62799E-1 5.51522E-1 5.20535E-1 4.55732E-1 3.37301E-1 1.90882E-1 1.75341E-2 7.28122E-5 1.34238E-8 1.62712E-9 1.13633E-14 2.91458E-13 1.30562E-10 1.71136E-9 7.41168E-9 9.8193E-9 7.81634E-11 9.26709E-16 1.35422E-18
4.69879E-6 1.6394E-5 6.81447E-5 1.28776E-5 1.94293E-5 1.86309E-5 3.16892E-5 3.66402E-5 7.14865E-5 1.38365E-4 3.77184E-4 3.38803E-4 1.56971E-3 2.16085E-3 3.49675E-2 4.48144E-2 2.02181E-2 7.18192E-3 1.77307E-1 2.31655E-1 2.36373E-1 2.45956E-1 2.45956E-1 2.426E-1 2.22181E-1 2.25285E-1 2.33107E-1 2.47385E-1 2.57025E-1 2.73261E-1 3.03682E-1 3.36305E-1 3.68443E-1 3.89625E-1 3.91831E-1 3.85867E-1 3.80394E-1 4.0067E-1 4.17929E-1 4.45296E-1 4.83744E-1 5.29926E-1 5.71196E-1 5.9371E-1 5.86732E-1 5.72866E-1 5.52015E-1 5.34152E-1 5.29602E-1 4.99232E-1 4.33297E-1 3.49313E-1 1.30196E-1 1.08124E-3 3.92568E-8 6.28992E-8 6.51559E-7 1.36398E-8 5.82739E-9 6.16745E-7 7.0761E-8 2.27321E-7 1.84545E-9 1.4878E-12 7.9113E-17
1.12074E-4 9.53386E-5 5.48421E-5 3.59154E-5 4.48822E-5 6.42778E-5 7.08809E-5 9.27471E-5 1.50363E-4 2.52508E-4 7.40345E-4 8.99506E-4 1.13311E-3 4.10668E-3 1.78668E-2 3.22449E-2 1.96974E-3 1.17731E-3 1.1842E-1 2.12433E-1 2.29933E-1 2.29626E-1 2.23632E-1 2.17393E-1 2.02325E-1 2.02325E-1 2.09892E-1 2.20663E-1 2.36373E-1 2.49173E-1 2.69999E-1 3.06104E-1 3.36305E-1 3.63728E-1 3.82439E-1 3.77452E-1 3.75305E-1 3.82865E-1 3.93313E-1 4.2215E-1 4.64538E-1 5.17408E-1 5.65698E-1 5.97863E-1 5.92567E-1 5.73685E-1 5.55865E-1 5.40202E-1 5.4582E-1 5.33536E-1 5.04306E-1 4.48888E-1 3.11119E-1 1.0697E-1 9.56544E-3 2.1254E-3 2.26995E-4 4.17538E-4 3.05103E-5 5.95025E-6 1.70027E-7 2.13843E-9 3.62282E-9 5.81095E-10 3.90234E-8
1.65699E-4 1.09417E-4 5.8019E-5 2.90638E-5 2.14373E-5 3.56226E-5 6.7583E-5 7.58239E-5 2.23574E-4 3.55498E-4 5.26385E-4 3.41523E-4 7.40604E-4 8.17204E-3 3.44386E-2 1.26527E-2 3.11368E-3 5.65874E-3 6.18695E-2 2.08228E-1 2.20505E-1 2.13928E-1 2.11824E-1 2.07194E-1 1.95659E-1 1.92681E-1 1.95659E-1 2.00581E-1 2.11218E-1 2.23632E-1 2.47538E-1 2.71956E-1 3.11046E-1 3.55226E-1 3.80993E-1 3.97694E-1 3.95632E-1 3.85084E-1 3.77452E-1 4.01581E-1 4.41387E-1 4.8928E-1 5.3983E-1 5.72295E-1 5.78235E-1 5.7656E-1 5.66681E-1 5.67368E-1 5.67034E-1 5.61849E-1 5.40218E-1 5.10662E-1 4.68407E-1 3.61098E-1 1.52858E-1 7.16327E-2 1.85225E-2 6.47195E-3 1.21649E-3 1.22757E-5 3.02166E-7 9.03353E-7 5.37704E-6 1.7878E-5 2.29755E-7
8.84626E-5 6.84505E-5 4.01775E-5 3.44638E-5 3.00017E-5 3.83135E-5 7.15792E-5 1.15656E-4 7.90274E-5 1.49157E-4 2.47154E-4 5.9092E-4 2.92183E-3 1.67149E-2 1.35314E-2 4.70568E-3 4.87429E-3 1.19199E-2 3.50806E-2 1.94655E-1 2.1296E-1 2.07989E-1 2.06447E-1 1.97294E-1 1.90585E-1 1.87632E-1 1.80342E-1 1.83241E-1 1.86787E-1 1.95659E-1 2.1548E-1 2.47538E-1 2.91974E-1 3.51248E-1 3.99509E-1 4.23635E-1 4.13043E-1 3.8705E-1 3.70009E-1 3.83979E-1 4.18437E-1 4.52098E-1 4.96119E-1 5.21641E-1 5.39298E-1 5.50488E-1 5.59533E-1 5.62632E-1 5.75891E-1 5.85917E-1 5.74056E-1 5.61401E-1 5.69437E-1 5.22477E-1 4.04871E-1 1.79818E-1 1.16069E-1 2.18594E-2 2.02005E-3 6.6882E-5 2.73351E-4 1.27839E-4 1.10489E-6 1.10321E-7 4.23968E-7
1.81577E-5 1.8298E-5 2.37578E-5 8.83449E-6 1.81577E-5 4.49846E-5 7.51241E-5 7.27485E-5 2.06278E-4 6.12587E-4 7.86713E-4 6.46759E-4 5.33016E-3 1.55622E-2 4.91991E-3 5.60384E-3 6.29308E-3 3.73206E-2 5.98876E-2 1.91935E-1 2.0644E-1 2.03376E-1 1.97873E-1 1.96358E-1 1.90349E-1 1.76665E-1 1.73808E-1 1.70974E-1 1.67576E-1 1.71779E-1 1.86163E-1 2.21728E-1 2.71962E-1 3.43625E-1 4.19126E-1 4.46926E-1 4.17699E-1 3.82553E-1 3.66824E-1 3.69992E-1 3.88581E-1 4.21335E-1 4.44094E-1 4.70054E-1 4.86045E-1 5.27622E-1 5.6334E-1 5.69582E-1 5.74476E-1 5.89161E-1 5.92535E-1 5.9547E-1 5.91689E-1 5.52774E-1 4.68662E-1 3.81865E-1 2.46511E-1 1.06423E-1 8.39895E-3 5.9349E-4 1.24564E-4 6.76788E-6 1.25582E-5 1.67185E-7 8.65767E-7
1.57283E-5 2.75582E-5 2.43145E-5 2.09234E-6 3.69668E-5 3.78833E-4 1.72942E-3 1.4172E-3 9.07116E-4 1.45348E-3 3.81126E-3 5.49446E-3 1.27787E-2 7.23508E-3 4.95659E-3 4.32005E-3 1.8535E-2 3.53897E-2 3.53066E-2 1.61361E-1 2.00077E-1 1.97873E-1 1.90969E-1 1.89243E-1 1.80391E-1 1.71433E-1 1.64422E-1 1.58924E-1 1.53529E-1 1.5087E-1 1.61244E-1 1.95055E-1 2.43623E-1 3.18841E-1 4.27823E-1 4.49753E-1 4.02333E-1 3.66495E-1 3.50366E-1 3.50847E-1 3.65237E-1 3.87214E-1 4.00704E-1 4.20484E-1 4.65029E-1 5.3258E-1 5.67697E-1 5.64955E-1 5.68228E-1 5.83265E-1 5.94755E-1 6.03E-1 5.9568E-1 5.61754E-1 5.25565E-1 4.71419E-1 4.16813E-1 2.48596E-1 5.73597E-2 6.53032E-4 2.6609E-5 1.73058E-5 3.08399E-7 5.18097E-7 6.70744E-7
2.172E-3 6.95436E-4 4.20971E-5 6.37308E-5 5.11314E-4 4.47446E-4 1.06704E-3 4.50825E-3 4.66772E-3 5.00934E-3 6.22922E-3 6.51859E-3 6.95152E-3 8.10802E-3 1.0023E-2 1.46147E-2 3.60787E-2 5.32263E-2 1.73836E-2 1.74046E-1 1.97945E-1 1.88861E-1 1.80635E-1 1.77675E-1 1.71918E-1 1.66258E-1 1.59193E-1 1.5244E-1 1.47157E-1 1.40703E-1 1.45632E-1 1.85899E-1 2.22071E-1 2.85033E-1 3.59072E-1 3.78544E-1 3.46933E-1 3.26553E-1 3.24898E-1 3.30779E-1 3.38964E-1 3.50847E-1 3.63647E-1 3.85516E-1 4.41387E-1 5.09173E-1 5.36885E-1 5.4266E-1 5.47378E-1 5.69549E-1 5.94456E-1 6.08515E-1 6.0696E-1 5.92033E-1 5.93749E-1 5.52495E-1 4.90937E-1 4.0053E-1 2.14553E-1 1.14296E-2 4.46882E-6 4.22728E-7 1.26191E-7 6.04297E-8 3.32417E-9
1.97418E-3 4.36933E-4 8.98661E-5 6.75985E-6 2.82237E-6 4.75211E-5 4.68387E-4 9.1695E-4 1.26402E-3 1.67048E-3 2.5476E-3 6.33437E-3 1.19796E-2 1.84005E-2 2.19094E-2 3.46154E-2 5.91026E-2 8.1909E-2 7.19836E-2 1.84845E-1 1.93759E-1 1.84792E-1 1.69094E-1 1.64867E-1 1.59321E-1 1.60698E-1 1.55229E-1 1.52534E-1 1.48569E-1 1.43352E-1 1.55242E-1 1.74605E-1 2.08618E-1 2.46249E-1 2.88395E-1 3.02044E-1 2.98687E-1 2.90309E-1 2.95307E-1 3.06987E-1 3.24898E-1 3.3733E-1 3.45489E-1 3.6046E-1 4.29151E-1 4.83924E-1 5.08118E-1 5.20669E-1 5.22691E-1 5.45083E-1 5.87492E-1 6.12861E-1 6.11984E-1 6.10837E-1 6.12323E-1 6.04026E-1 5.6143E-1 5.00634E-1 3.58679E-1 1.33158E-1 2.0957E-3 8.79737E-8 2.63069E-11 4.03168E-11 2.65728E-12
2.33296E-4 1.25445E-4 1.00018E-4 2.77718E-5 1.30601E-6 2.46763E-6 1.30533E-4 1.08491E-3 2.91136E-3 4.84164E-3 1.01171E-2 2.25539E-2 2.94557E-2 3.15063E-2 3.34192E-2 3.53897E-2 4.42213E-2 5.6164E-2 6.00456E-2 1.69563E-1 1.95146E-1 1.76043E-1 1.61945E-1 1.55082E-1 1.53729E-1 1.53729E-1 1.55082E-1 1.57807E-1 1.53729E-1 1.48542E-1 1.56596E-1 1.69075E-1 1.92237E-1 2.14862E-1 2.42139E-1 2.54471E-1 2.53429E-1 2.50565E-1 2.57107E-1 2.78682E-1 3.08657E-1 3.3976E-1 3.51248E-1 3.60069E-1 4.1601E-1 4.77855E-1 5.05327E-1 5.01916E-1 4.76593E-1 4.97286E-1 5.6532E-1 6.05E-1 6.1629E-1 6.17788E-1 6.17531E-1 6.13679E-1 5.95955E-1 5.54722E-1 3.88475E-1 2.15653E-1 5.30397E-2 7.6727E-4 3.52023E-7 1.35177E-9 2.46546E-9
3.02185E-4 1.18414E-6 4.57095E-4 3.11575E-3 4.52685E-3 1.06283E-3 3.97368E-4 1.74948E-3 7.85584E-3 1.57788E-2 2.04085E-2 3.79135E-2 5.85284E-2 4.9289E-2 4.87812E-2 3.64456E-2 2.69818E-2 6.48813E-2 3.29403E-2 1.98674E-1 1.97981E-1 1.61945E-1 1.46781E-1 1.48101E-1 1.46781E-1 1.48101E-1 1.5753E-1 1.6167E-1 1.58903E-1 1.56441E-1 1.56586E-1 1.63471E-1 1.77675E-1 1.955E-1 2.1064E-1 2.21177E-1 2.25247E-1 2.28438E-1 2.35536E-1 2.58749E-1 2.9198E-1 3.20343E-1 3.30343E-1 3.49611E-1 4.14593E-1 4.77557E-1 5.07852E-1 5.1012E-1 4.65798E-1 4.77557E-1 5.50457E-1 5.86744E-1 6.03243E-1 6.17341E-1 6.03212E-1 6.16156E-1 5.84246E-1 5.38293E-1 4.57563E-1 3.34494E-1 1.8727E-1 5.44184E-2 4.19389E-4 1.41698E-5 4.13896E-7
