KUENM/Final_Models/M_0.1_F_lq_Set_2_E/sp1_se_asia_max.asc
ncols         320
nrows         243
xllcorner     44.0
yllcorner     -0.666666666666667
cellsize      0.166666666666667
NODATA_value  -9999
[rows 31 to 61 of 243, columns 0 to 69 of 320]
-9999 -9999 -9999 -9999 -9999 -9999 -9999 -9999 -9999 -9999 4.33629E-1 2.4226E-1 1.99651E-2 4.2999E-2 3.21464E-2 4.52531E-2 3.52353E-2 3.05734E-2 9.30548E-3 1.04974E-2 1.86521E-2 1.40226E-2 5.03208E-3 1.73969E-2 2.0165E-2 9.28054E-3 4.9226E-3 1.13539E-3 3.33015E-3 5.88422E-3 8.3121E-3 6.68341E-3 3.7782E-3 3.79757E-3 2.74692E-3 1.14373E-3 6.29565E-4 2.50302E-3 5.55311E-3 9.29732E-3 1.3047E-2 1.53185E-2 1.97224E-2 2.20328E-2 2.33211E-2 2.28298E-2 2.15816E-2 2.03906E-2 1.78117E-2 1.10589E-2 1.33056E-2 1.38099E-2 9.17369E-3 1.63179E-2 2.44054E-2 2.55117E-2 2.7029E-2 2.665E-2 2.74125E-2 2.74125E-2 2.78004E-2 2.74125E-2 2.69936E-2 2.6244E-2 2.6244E-2 2.6244E-2 2.6244E-2 2.47547E-2 2.47965E-2 2.44452E-2
-9999 -9999 -9999 -9999 -9999 -9999 -9999 -9999 -9999 4.06262E-1 3.84067E-1 3.0163E-1 4.18694E-2 2.76285E-2 3.79097E-2 3.56518E-2 4.02889E-2 3.38122E-2 2.63289E-2 8.08064E-3 2.2942E-2 2.8006E-2 1.78813E-2 2.1568E-2 2.04859E-2 1.07626E-2 7.68948E-3 9.65356E-3 6.47977E-3 3.75572E-3 5.10037E-3 3.97184E-3 2.84481E-3 5.55969E-3 5.02595E-3 3.40167E-3 2.35516E-3 2.33178E-3 3.70184E-3 9.94113E-3 5.37914E-3 5.85701E-3 1.04952E-2 2.19004E-2 2.54524E-2 2.48694E-2 2.31794E-2 2.12786E-2 2.03782E-2 1.7736E-2 1.51555E-2 1.62342E-2 1.57583E-2 1.99003E-2 2.43738E-2 2.43738E-2 2.49806E-2 2.56246E-2 2.56246E-2 2.59409E-2 2.59409E-2 2.52885E-2 2.55994E-2 2.55994E-2 2.46385E-2 2.4339E-2 2.37486E-2 2.37486E-2 2.28848E-2 2.23231E-2
-9999 -9999 -9999 -9999 -9999 -9999 -9999 -9999 -9999 3.62561E-1 3.15085E-1 2.26806E-1 6.92301E-2 3.51772E-2 3.38347E-2 2.35718E-2 3.04609E-2 2.70772E-2 2.1603E-2 3.21655E-2 3.05165E-2 1.50904E-2 9.82504E-3 7.14011E-3 1.32432E-2 2.16272E-2 7.95924E-3 6.28216E-3 5.919E-3 3.60232E-3 2.20196E-3 3.91454E-3 2.08351E-3 4.52514E-3 7.36831E-3 5.9823E-3 3.84425E-3 2.44462E-3 3.9128E-3 4.81711E-3 8.41368E-4 5.81369E-4 2.11664E-3 1.96393E-2 2.71454E-2 2.45235E-2 2.14985E-2 2.06747E-2 1.68932E-2 1.72906E-2 1.99003E-2 1.93403E-2 2.17725E-2 2.37912E-2 2.43902E-2 2.50032E-2 2.46941E-2 2.43882E-2 2.46941E-2 2.46941E-2 2.46941E-2 2.34962E-2 2.12331E-2 2.26243E-2 2.20642E-2 2.12331E-2 2.01663E-2 2.23428E-2 2.2915E-2 2.32041E-2
-9999 -9999 -9999 -9999 -9999 -9999 -9999 -9999 -9999 3.28376E-1 2.83207E-1 1.9121E-1 7.0978E-2 4.11527E-2 3.5085E-2 4.22294E-2 3.40722E-2 2.20244E-2 2.30576E-2 1.65766E-2 1.9429E-2 1.81724E-2 1.25269E-2 1.0679E-2 9.11818E-3 3.7469E-3 6.96955E-3 6.48149E-3 3.44996E-3 3.4571E-3 2.1067E-3 2.30088E-3 3.53966E-3 3.2369E-3 4.81221E-3 5.82565E-3 2.58348E-3 1.31615E-3 2.80692E-3 4.09247E-3 1.50607E-3 4.0527E-4 1.70612E-3 1.25415E-2 2.77842E-2 2.15816E-2 1.92551E-2 1.26997E-2 4.73828E-3 8.93385E-3 1.06073E-2 8.94225E-3 1.27803E-2 1.81924E-2 2.23456E-2 2.34634E-2 2.37618E-2 2.37618E-2 2.34634E-2 2.34634E-2 2.12412E-2 1.7035E-2 1.44805E-2 1.3709E-2 1.61467E-2 1.36473E-2 1.14498E-2 1.943E-2 2.28759E-2 2.37201E-2
-9999 -9999 -9999 -9999 -9999 -9999 -9999 -9999 -9999 2.9936E-1 2.91405E-1 2.02509E-1 1.07851E-1 5.92657E-2 3.75645E-2 2.61453E-2 4.3357E-2 2.5198E-2 3.78037E-2 2.52755E-2 2.10494E-2 3.39267E-2 1.40096E-2 2.08574E-2 1.40468E-2 1.00975E-2 1.01407E-3 2.53174E-3 1.33103E-2 3.76053E-3 2.22E-3 1.97977E-3 2.95806E-3 1.74996E-3 1.18855E-3 2.52909E-3 8.97506E-4 8.67483E-4 1.72647E-3 3.507E-3 2.61613E-3 1.04314E-3 5.93306E-4 3.25805E-3 1.48952E-2 2.14464E-2 2.08922E-2 1.4326E-2 5.7764E-3 4.10755E-3 4.72003E-3 5.36718E-3 4.96215E-3 5.97502E-3 1.013E-2 1.94303E-2 2.20171E-2 2.11848E-2 2.17367E-2 1.99238E-2 1.55597E-2 9.38366E-3 7.23419E-3 6.06863E-3 8.32671E-3 1.18425E-2 1.70737E-2 2.14593E-2 2.33598E-2 2.30622E-2
-9999 -9999 -9999 -9999 -9999 -9999 -9999 -9999 -9999 -9999 2.90186E-1 2.15353E-1 1.08035E-1 7.6281E-2 3.05824E-2 6.37891E-2 5.66645E-2 4.01369E-2 1.08035E-1 8.74949E-2 8.04347E-2 2.95802E-2 4.64887E-2 2.58536E-2 1.87424E-2 2.06057E-2 8.06592E-3 5.95934E-3 1.49485E-2 1.65067E-2 4.9194E-3 2.93625E-3 1.95825E-3 1.88936E-3 1.16453E-3 1.66019E-3 2.61677E-3 2.49941E-3 2.92076E-3 1.6595E-3 9.62162E-4 1.49212E-3 7.77032E-4 3.27626E-4 7.99016E-4 3.17609E-3 1.18485E-2 1.81731E-2 1.66466E-2 1.301E-2 1.16248E-2 1.22103E-2 1.04469E-2 5.88267E-3 7.09145E-3 1.06297E-2 9.88324E-3 1.6205E-2 1.66319E-2 1.75142E-2 1.72861E-2 1.39896E-2 1.16627E-2 1.18181E-2 1.41752E-2 1.49607E-2 1.64187E-2 1.91358E-2 2.13408E-2 2.21066E-2
-9999 -9999 -9999 -9999 -9999 -9999 -9999 -9999 -9999 -9999 -9999 2.58955E-1 2.19526E-1 1.16151E-1 4.11596E-2 2.2898E-2 8.29545E-2 9.57318E-2 7.4537E-2 3.77204E-2 4.01369E-2 6.60258E-2 4.6026E-2 1.20667E-1 4.55696E-2 3.89962E-2 2.90773E-2 1.52255E-2 8.29494E-3 1.51985E-2 1.85375E-2 4.30503E-3 4.30802E-3 3.44076E-3 1.58389E-3 1.721E-3 1.85551E-3 1.65017E-3 2.17336E-3 1.68097E-3 1.44653E-3 1.0275E-3 7.01319E-4 4.72645E-4 2.67717E-4 2.64147E-4 1.50709E-3 6.91515E-3 1.42253E-2 1.67862E-2 1.65888E-2 1.61467E-2 1.57352E-2 1.37463E-2 1.25013E-2 9.88324E-3 6.38354E-3 1.00945E-2 1.27296E-2 1.51711E-2 1.51711E-2 1.34449E-2 1.34449E-2 1.12392E-2 1.01438E-2 1.27296E-2 1.49711E-2 1.66165E-2 1.7261E-2 2.20089E-2
-9999 -9999 -9999 -9999 -9999 -9999 -9999 -9999 -9999 -9999 -9999 -9999 2.08338E-1 1.97274E-1 8.68871E-2 3.17193E-2 2.86499E-2 1.10468E-1 1.01315E-1 1.31676E-1 8.49014E-2 9.00721E-2 1.094E-1 1.85804E-1 1.11417E-1 1.0371E-1 1.01722E-1 2.7981E-2 8.07361E-3 7.45395E-3 1.02704E-2 3.76053E-3 5.5223E-3 4.18702E-3 1.73934E-3 9.63712E-4 1.05192E-3 1.53439E-3 1.8682E-3 8.46484E-4 5.82417E-4 5.99665E-4 1.0275E-3 1.23199E-3 7.00707E-4 2.94282E-4 3.09842E-4 1.44356E-3 4.31058E-3 9.34826E-3 1.20662E-2 1.4185E-2 1.2704E-2 1.3391E-2 1.41752E-2 1.04656E-2 4.66203E-3 3.59789E-3 5.18766E-3 8.85648E-3 1.25765E-2 6.90069E-3 4.95676E-3 4.23768E-3 4.44619E-3 6.28362E-3 1.65477E-2 2.10441E-2 2.13247E-2 2.13247E-2
-9999 -9999 -9999 -9999 -9999 -9999 -9999 -9999 -9999 -9999 -9999 -9999 -9999 2.06733E-1 1.50705E-1 7.76586E-2 7.72944E-2 3.97018E-2 4.85638E-2 2.00214E-1 1.70577E-1 1.08035E-1 2.30624E-1 1.93698E-1 6.88713E-2 2.95642E-2 1.2104E-2 2.14717E-2 3.04066E-2 3.47859E-2 5.23559E-3 1.46999E-3 7.13041E-4 2.0882E-3 1.83053E-3 9.03229E-4 9.10468E-4 6.55846E-4 7.50232E-4 9.83582E-4 7.82556E-4 1.1502E-3 1.72781E-3 1.9834E-3 1.85733E-3 1.49894E-3 1.05247E-3 8.53907E-4 1.09495E-3 1.36094E-3 3.00055E-3 1.50962E-3 2.58679E-3 4.22212E-3 8.54807E-3 1.20148E-2 9.28454E-3 6.72818E-3 5.10606E-3 6.35155E-3 9.3433E-3 1.15884E-2 1.4177E-2 1.62739E-2 1.38166E-2 7.47854E-3 1.07944E-2 1.86201E-2 1.95396E-2 1.84602E-2
-9999 -9999 -9999 -9999 -9999 -9999 -9999 -9999 -9999 -9999 -9999 -9999 1.73766E-1 1.82403E-1 1.97175E-1 1.92266E-1 1.6177E-1 1.2475E-1 8.89132E-2 6.58559E-2 1.59239E-1 2.53106E-1 3.05597E-1 2.49448E-1 8.27686E-2 5.53857E-2 2.10415E-2 1.99398E-1 1.47348E-1 2.81907E-2 1.69932E-2 4.83509E-3 6.70318E-4 1.97633E-3 1.52123E-3 5.42626E-4 7.1786E-4 6.58833E-4 5.16152E-4 5.66292E-4 1.05855E-3 1.79916E-3 1.94317E-3 2.58909E-3 3.2589E-3 3.20101E-3 2.33782E-3 1.40163E-3 9.99571E-4 6.37269E-4 8.90129E-4 9.32298E-4 9.59769E-4 1.15392E-3 3.00494E-3 8.74662E-3 1.07657E-2 1.20664E-2 8.93473E-3 6.96157E-3 7.7086E-3 9.79333E-3 1.58401E-2 1.72622E-2 1.56822E-2 8.96999E-3 7.77805E-3 1.15884E-2 1.15884E-2 1.01688E-2
-9999 -9999 -9999 -9999 -9999 -9999 -9999 -9999 -9999 -9999 -9999 -9999 -9999 -9999 -9999 1.94367E-1 1.75295E-1 1.78043E-1 1.95977E-1 1.0427E-1 1.66218E-1 1.83013E-1 2.40371E-1 3.13374E-1 3.20292E-1 1.49355E-1 1.06629E-1 1.67951E-1 2.36125E-1 1.40926E-1 1.86211E-1 5.73397E-2 7.32341E-3 4.42485E-3 1.93432E-3 6.53378E-4 5.37192E-4 1.08457E-3 1.16241E-3 5.51818E-4 6.97827E-4 1.16842E-3 1.65877E-3 2.00701E-3 3.54074E-3 4.29712E-3 4.30047E-3 3.67022E-3 1.98972E-3 1.03069E-3 4.31475E-4 6.51954E-4 1.09505E-3 1.74261E-3 2.98488E-3 6.41004E-3 9.13989E-3 1.24086E-2 1.31001E-2 7.29903E-3 9.79333E-3 1.47006E-2 1.82704E-2 1.82704E-2 1.56268E-2 8.96999E-3 9.79333E-3 7.77805E-3 5.27975E-3 3.62837E-3
-9999 -9999 -9999 -9999 -9999 -9999 -9999 -9999 -9999 -9999 -9999 -9999 -9999 -9999 -9999 -9999 1.92813E-1 2.10536E-1 2.30544E-1 2.41429E-1 2.11071E-1 2.86343E-1 3.42314E-1 3.38373E-1 4.2562E-1 4.3348E-1 4.65699E-1 4.74078E-1 3.31228E-1 4.8276E-2 6.4289E-2 4.59333E-2 1.54055E-2 1.31221E-2 5.09673E-3 7.90155E-4 6.53378E-4 6.02416E-4 1.84316E-3 2.20753E-3 1.7024E-3 1.68256E-3 2.09272E-3 2.0834E-3 2.39063E-3 4.48187E-3 4.81742E-3 4.91379E-3 4.49913E-3 3.03383E-3 1.70378E-3 1.16203E-3 7.05836E-4 1.07983E-3 2.76089E-3 6.05739E-3 8.94399E-3 1.24086E-2 1.38166E-2 9.6337E-3 1.17565E-2 1.0391E-2 1.27155E-2 1.14393E-2 1.613E-2 1.64854E-2 1.52076E-2 1.03645E-2 8.93473E-3 6.21185E-3
-9999 -9999 -9999 -9999 -9999 -9999 -9999 -9999 -9999 -9999 -9999 -9999 -9999 -9999 -9999 -9999 -9999 -9999 2.10266E-1 2.39654E-1 2.68296E-1 3.02843E-1 3.37964E-1 3.79096E-1 4.13965E-1 4.49001E-1 4.65368E-1 4.72873E-1 4.24628E-1 4.20756E-1 2.87585E-1 7.49041E-2 6.07577E-3 1.75423E-3 3.60232E-3 7.93294E-4 5.41616E-4 1.20829E-3 2.11351E-3 1.24371E-3 1.95952E-3 2.63289E-3 2.87762E-3 3.54475E-3 5.16947E-3 4.15466E-3 4.88676E-3 5.49441E-3 5.67558E-3 5.39116E-3 4.5095E-3 3.52719E-3 2.15733E-3 1.45307E-3 1.66423E-3 5.04305E-3 8.61054E-3 1.0941E-2 1.29243E-2 1.36132E-2 1.30684E-2 1.0831E-2 7.11607E-3 2.26781E-3 7.3481E-3 1.51399E-2 9.66069E-3 7.4163E-3 7.47854E-3 7.35028E-3
-9999 -9999 -9999 -9999 -9999 -9999 -9999 -9999 -9999 -9999 -9999 -9999 -9999 -9999 -9999 -9999 -9999 -9999 -9999 -9999 2.49387E-1 2.78853E-1 3.10176E-1 3.44296E-1 3.88939E-1 4.38057E-1 4.73659E-1 4.81029E-1 5.00436E-1 5.19817E-1 5.33003E-1 4.29002E-1 2.0656E-1 1.34346E-1 2.71179E-2 7.4438E-3 7.2582E-4 1.43012E-3 1.12551E-3 1.60984E-3 2.99957E-3 3.08549E-3 3.74807E-3 4.23649E-3 4.19824E-3 4.42995E-3 3.48405E-3 3.60993E-3 5.13311E-3 5.80391E-3 5.96694E-3 5.73485E-3 5.05977E-3 4.0841E-3 3.45663E-3 5.03998E-3 5.44805E-3 6.83532E-3 9.5037E-3 1.19179E-2 1.05346E-2 5.97617E-3 2.23216E-3 9.99774E-4 3.60609E-3 1.0831E-2 5.49445E-3 8.31259E-3 1.03645E-2 8.66711E-3
-9999 -9999 -9999 -9999 -9999 -9999 -9999 -9999 -9999 -9999 -9999 -9999 -9999 -9999 -9999 -9999 -9999 -9999 -9999 -9999 -9999 2.60163E-1 2.96397E-1 3.2621E-1 3.69589E-1 4.29481E-1 4.69252E-1 5.02098E-1 5.30955E-1 5.37556E-1 5.52161E-1 5.45497E-1 4.16027E-1 3.31271E-1 2.95852E-1 9.23308E-3 3.51655E-3 1.71598E-3 1.08699E-3 3.24287E-3 3.18621E-3 3.71773E-3 1.58137E-3 3.23084E-3 4.43695E-3 3.83765E-3 3.68916E-3 3.92897E-3 5.16508E-3 5.0054E-3 5.59312E-3 6.49061E-3 6.53536E-3 5.96879E-3 3.53747E-3 2.5994E-3 2.44404E-3 1.29718E-3 4.16575E-3 9.79333E-3 1.05346E-2 7.44599E-3 3.91465E-3 1.81274E-3 2.88226E-3 1.1588E-2 1.4259E-2 1.14403E-2 4.15662E-3 4.35582E-3
-9999 -9999 -9999 -9999 -9999 -9999 -9999 -9999 -9999 -9999 -9999 -9999 -9999 -9999 -9999 -9999 -9999 -9999 -9999 -9999 -9999 -9999 2.71447E-1 2.96084E-1 3.48797E-1 3.95532E-1 4.35795E-1 4.77646E-1 5.15746E-1 5.53107E-1 5.69274E-1 5.6475E-1 5.37062E-1 4.85633E-1 3.15877E-1 2.79365E-2 1.1169E-2 1.99498E-3 4.13711E-3 5.51952E-3 3.4082E-3 3.6201E-3 2.21851E-3 2.24306E-3 2.06807E-3 3.35283E-3 2.98174E-3 3.51405E-3 2.71435E-3 4.82211E-3 6.19249E-3 6.5183E-3 7.49372E-3 6.7497E-3 3.81674E-3 1.46213E-3 1.39942E-3 1.66423E-3 2.80412E-3 7.29903E-3 9.27186E-3 8.89641E-3 5.73504E-3 1.25115E-3 1.1589E-3 7.01784E-3 1.5416E-2 1.37708E-2 4.96473E-3 3.45663E-3
-9999 -9999 -9999 -9999 -9999 -9999 -9999 -9999 -9999 -9999 -9999 -9999 -9999 -9999 -9999 -9999 -9999 -9999 -9999 -9999 -9999 -9999 2.51462E-1 2.74222E-1 3.11848E-1 3.52814E-1 3.96331E-1 4.45082E-1 4.87542E-1 5.31896E-1 5.75738E-1 6.04848E-1 5.68417E-1 4.99952E-1 3.90261E-1 2.92369E-1 6.96729E-2 9.58688E-3 1.72573E-3 1.09423E-2 3.6068E-3 1.68406E-3 2.31518E-3 2.14335E-3 1.76068E-3 2.04664E-3 2.94084E-3 2.72254E-3 1.99297E-3 5.171E-3 7.31127E-3 7.96563E-3 7.69505E-3 6.71293E-3 4.17692E-3 1.85475E-3 1.06077E-3 9.99571E-4 1.19613E-3 3.89285E-3 6.90663E-3 7.54966E-3 7.34353E-3 5.44421E-3 2.49236E-3 4.37343E-3 1.43066E-2 1.52639E-2 8.99721E-3 5.79875E-3
-9999 -9999 -9999 -9999 -9999 -9999 -9999 -9999 -9999 -9999 -9999 -9999 -9999 -9999 -9999 -9999 -9999 -9999 -9999 -9999 -9999 -9999 -9999 2.50852E-1 2.77904E-1 3.14117E-1 3.55824E-1 3.90092E-1 4.42351E-1 4.95686E-1 5.45485E-1 5.78189E-1 5.77212E-1 4.93711E-1 4.09715E-1 2.57598E-1 8.27841E-2 2.81495E-2 1.8321E-2 1.12482E-2 9.39899E-3 2.67642E-3 9.76106E-4 2.35679E-3 2.04411E-3 1.19769E-3 1.36327E-3 2.63852E-3 2.60606E-3 2.84874E-3 3.89411E-3 6.68449E-3 6.61525E-3 6.75126E-3 5.31171E-3 3.6506E-3 1.90926E-3 1.1254E-3 5.12842E-4 1.01404E-3 1.5874E-3 3.83222E-3 5.80427E-3 7.3481E-3 5.99202E-3 6.68506E-3 1.24134E-2 1.60558E-2 1.31009E-2 6.16897E-3
-9999 -9999 -9999 -9999 -9999 -9999 -9999 -9999 -9999 -9999 -9999 -9999 -9999 -9999 -9999 -9999 -9999 -9999 -9999 -9999 -9999 -9999 -9999 2.22672E-1 2.51288E-1 2.7435E-1 3.03566E-1 3.32233E-1 3.84493E-1 4.37881E-1 5.00459E-1 5.4019E-1 5.47485E-1 5.06374E-1 4.29795E-1 3.36698E-1 1.13499E-2 4.18116E-2 1.25311E-1 5.48808E-2 3.5334E-2 8.18457E-3 8.07557E-3 4.29843E-3 1.94356E-3 1.61824E-3 9.60139E-4 1.56816E-3 2.47151E-3 2.23906E-3 2.88661E-3 5.70461E-3 5.47265E-3 6.55896E-3 7.40903E-3 6.49061E-3 4.64648E-3 3.0794E-3 1.03405E-3 6.31434E-4 3.50144E-4 1.3242E-3 4.36654E-3 6.55572E-3 6.21185E-3 3.84079E-3 5.53596E-3 1.41928E-2 1.55485E-2 1.07411E-2
-9999 -9999 -9999 -9999 -9999 -9999 -9999 -9999 -9999 -9999 -9999 -9999 -9999 -9999 -9999 -9999 -9999 -9999 -9999 -9999 -9999 -9999 1.75548E-1 1.95588E-1 2.18395E-1 2.41212E-1 2.6028E-1 2.75959E-1 3.19469E-1 3.83188E-1 4.475E-1 4.94758E-1 5.23514E-1 4.96794E-1 4.62638E-1 3.83616E-1 1.2475E-1 5.55971E-3 1.22135E-2 3.18403E-2 1.68667E-2 4.24715E-3 5.94002E-3 2.69218E-3 1.48777E-3 1.82356E-3 9.53818E-4 1.38323E-3 1.88364E-3 1.92082E-3 2.19597E-3 3.31711E-3 4.87155E-3 5.70349E-3 5.31432E-3 8.00643E-3 7.12258E-3 5.99804E-3 3.76069E-3 1.73798E-3 1.29988E-3 9.33805E-4 1.78321E-3 5.11079E-3 5.44527E-3 5.98244E-3 4.59616E-3 8.94225E-3 1.39896E-2 1.39636E-2
-9999 -9999 -9999 -9999 -9999 -9999 -9999 -9999 -9999 -9999 -9999 -9999 -9999 -9999 -9999 -9999 -9999 -9999 -9999 -9999 -9999 -9999 1.53735E-1 1.80973E-1 1.97958E-1 2.1219E-1 2.36362E-1 2.47828E-1 2.82649E-1 3.49746E-1 4.02752E-1 4.52819E-1 4.85658E-1 4.98269E-1 4.65592E-1 3.68544E-1 1.03612E-1 2.94902E-2 4.7431E-2 1.54886E-2 9.93326E-3 7.23583E-3 4.52105E-3 1.08186E-2 4.59764E-3 3.96995E-3 2.25641E-3 1.38835E-3 1.30722E-3 1.31157E-3 2.391E-3 2.88025E-3 2.39922E-3 5.69586E-3 8.37183E-3 9.11075E-3 9.35902E-3 9.12569E-3 7.85151E-3 3.98949E-3 2.1442E-3 2.05162E-3 2.14198E-3 3.40041E-3 3.0794E-3 6.0703E-3 6.15273E-3 3.85879E-3 9.55801E-3 1.02582E-2
-9999 -9999 -9999 -9999 -9999 -9999 -9999 -9999 -9999 -9999 -9999 -9999 -9999 -9999 -9999 -9999 -9999 -9999 -9999 -9999 -9999 -9999 1.44261E-1 1.63821E-1 1.84784E-1 2.03616E-1 2.23755E-1 2.42286E-1 2.76873E-1 3.24228E-1 3.73855E-1 4.17772E-1 4.47612E-1 4.68372E-1 4.73961E-1 3.97354E-1 1.7891E-1 4.21285E-2 4.12496E-2 1.27052E-1 1.76796E-2 8.60581E-3 7.36809E-3 1.01884E-2 2.63279E-3 4.71765E-3 2.80102E-3 2.00937E-3 2.22767E-3 2.08774E-3 2.07213E-3 2.29148E-3 3.3613E-3 3.68196E-3 8.46617E-3 1.09986E-2 1.13036E-2 1.11942E-2 1.01177E-2 6.47537E-3 2.4665E-3 2.33293E-3 2.2685E-3 3.46574E-3 4.60814E-3 5.58995E-3 8.58493E-3 8.96129E-3 1.17115E-2 8.85957E-3
-9999 -9999 -9999 -9999 -9999 -9999 -9999 -9999 -9999 -9999 -9999 -9999 -9999 -9999 -9999 -9999 -9999 -9999 -9999 -9999 -9999 -9999 -9999 -9999 1.76755E-1 1.95597E-1 2.13135E-1 2.36779E-1 2.67289E-1 3.06498E-1 3.50085E-1 3.85515E-1 4.21968E-1 4.37736E-1 4.50008E-1 4.04975E-1 3.41994E-1 2.44193E-1 2.93213E-1 2.2283E-1 4.55412E-2 1.3844E-2 6.47495E-3 1.83684E-2 2.42829E-3 2.05712E-3 2.96919E-3 2.62202E-3 2.09796E-3 2.60369E-3 1.98271E-3 1.76243E-3 2.85276E-3 3.45731E-3 3.507E-3 7.82453E-3 1.31784E-2 1.28988E-2 1.25615E-2 1.02314E-2 6.90632E-3 5.09181E-3 4.42614E-3 4.80749E-3 5.62726E-3 6.01872E-3 8.99654E-3 1.12735E-2 1.00995E-2 1.2213E-2
-9999 -9999 -9999 -9999 -9999 -9999 -9999 -9999 -9999 -9999 -9999 -9999 -9999 -9999 -9999 -9999 -9999 -9999 -9999 -9999 -9999 -9999 -9999 -9999 1.75572E-1 1.9224E-1 2.13389E-1 2.37038E-1 2.63474E-1 2.92612E-1 3.30327E-1 3.61857E-1 3.93217E-1 4.18232E-1 4.34698E-1 4.27885E-1 3.90417E-1 3.57376E-1 3.10077E-1 2.754E-1 1.97575E-1 1.54688E-2 4.58376E-3 9.82344E-3 1.46982E-2 3.47354E-3 1.79261E-3 3.30745E-3 3.91178E-3 2.21282E-3 2.39577E-3 2.14549E-3 8.56107E-4 1.31467E-3 1.60558E-3 2.59651E-3 3.2291E-3 8.37042E-3 1.17853E-2 1.19946E-2 1.11744E-2 8.68008E-3 6.68449E-3 3.48405E-3 2.31998E-3 3.12524E-3 6.22512E-3 9.5194E-3 1.1677E-2 1.13592E-2
-9999 -9999 -9999 -9999 -9999 -9999 -9999 -9999 -9999 -9999 -9999 -9999 -9999 -9999 -9999 -9999 -9999 -9999 -9999 -9999 -9999 -9999 -9999 -9999 1.77457E-1 1.97727E-1 2.13495E-1 2.3344E-1 2.57841E-1 2.80943E-1 3.08467E-1 3.40223E-1 3.719E-1 3.89373E-1 4.12176E-1 4.17559E-1 3.8572E-1 3.94389E-1 3.27937E-1 2.83284E-1 1.72826E-1 4.6771E-2 1.6094E-2 1.33276E-2 9.64298E-3 1.13758E-2 3.95034E-3 7.57527E-3 6.77392E-3 4.27523E-3 5.23499E-3 2.46024E-3 2.89596E-3 2.80641E-3 3.41298E-3 2.17215E-3 1.74991E-3 3.12935E-3 5.56075E-3 9.41651E-3 1.24161E-2 1.22963E-2 6.73455E-3 2.84041E-3 1.43438E-3 1.50423E-3 2.85566E-3 3.58964E-3 5.24339E-3 1.20427E-2
-9999 -9999 -9999 -9999 -9999 -9999 -9999 -9999 -9999 -9999 -9999 -9999 -9999 -9999 -9999 -9999 -9999 -9999 -9999 -9999 -9999 -9999 -9999 -9999 -9999 1.99466E-1 2.09892E-1 2.24278E-1 2.48345E-1 2.65498E-1 -9999 -9999 3.42199E-1 3.63811E-1 3.85107E-1 3.99736E-1 3.9726E-1 3.76101E-1 3.34517E-1 2.97735E-1 2.04109E-1 7.22542E-2 1.33538E-1 1.18981E-1 8.66476E-2 1.05514E-2 5.95502E-3 2.16091E-3 6.85856E-3 7.10317E-3 3.61489E-3 4.75751E-3 3.00309E-3 3.19765E-3 4.10351E-3 4.46567E-3 2.68408E-3 1.84527E-3 3.63234E-3 6.99337E-3 1.18382E-2 1.45638E-2 1.15489E-2 6.54012E-3 3.48624E-3 2.63976E-3 2.40216E-3 1.46093E-3 2.02435E-3 5.77436E-3
-9999 -9999 -9999 -9999 -9999 -9999 -9999 -9999 -9999 -9999 -9999 -9999 -9999 -9999 -9999 -9999 -9999 -9999 -9999 -9999 -9999 -9999 -9999 -9999 -9999 -9999 2.04592E-1 2.20649E-1 2.38948E-1 2.50237E-1 -9999 3.00593E-1 3.18318E-1 3.36031E-1 3.59901E-1 3.74938E-1 3.78137E-1 3.74445E-1 3.31113E-1 2.93239E-1 2.61984E-1 2.42561E-1 2.01662E-1 1.87106E-1 1.60241E-1 8.83814E-2 1.3207E-2 5.937E-3 6.18283E-3 1.35367E-2 1.47729E-2 7.68098E-3 4.74115E-3 3.69264E-3 6.24689E-3 8.79597E-3 6.1693E-3 3.50049E-3 2.29343E-3 3.14881E-3 8.25978E-3 1.66654E-2 1.70227E-2 1.29647E-2 9.18281E-3 5.97168E-3 4.67284E-3 2.74402E-3 2.65778E-3 5.63277E-3
-9999 -9999 -9999 -9999 -9999 -9999 -9999 -9999 -9999 -9999 -9999 -9999 -9999 -9999 -9999 -9999 -9999 -9999 -9999 -9999 -9999 -9999 -9999 -9999 -9999 -9999 -9999 2.1167E-1 2.26101E-1 2.38948E-1 -9999 -9999 -9999 3.10193E-1 -9999 -9999 -9999 3.60797E-1 3.34235E-1 2.73284E-1 2.60027E-1 2.3554E-1 2.07059E-1 1.50484E-1 1.52436E-1 1.1136E-1 3.18811E-2 2.34649E-2 1.33276E-2 1.22016E-2 3.15734E-2 3.29219E-2 1.71725E-2 1.01849E-2 1.34933E-2 9.9061E-3 6.11073E-3 5.8349E-3 4.63285E-3 3.22427E-3 4.98493E-3 1.22517E-2 1.70229E-2 1.68886E-2 1.48191E-2 1.14547E-2 9.06781E-3 7.80063E-3 7.15824E-3 5.00854E-3
-9999 -9999 -9999 -9999 -9999 -9999 -9999 -9999 -9999 -9999 -9999 -9999 -9999 -9999 -9999 -9999 -9999 -9999 -9999 -9999 -9999 -9999 -9999 -9999 -9999 -9999 -9999 -9999 -9999 -9999 -9999 -9999 -9999 -9999 -9999 -9999 -9999 3.33038E-1 3.28392E-1 3.01168E-1 2.60539E-1 2.35451E-1 2.11843E-1 1.59704E-1 1.50886E-1 1.16218E-1 1.30134E-2 1.68435E-2 1.56041E-2 1.14476E-2 3.19578E-2 4.59015E-2 4.30861E-2 2.94377E-2 1.34769E-2 1.09478E-2 1.34077E-2 6.31778E-3 5.18727E-3 5.18137E-3 6.51767E-3 1.15055E-2 1.61507E-2 1.64504E-2 1.47582E-2 1.30337E-2 1.14905E-2 9.54286E-3 9.03633E-3 5.8271E-3
-9999 -9999 -9999 -9999 -9999 -9999 -9999 -9999 -9999 -9999 -9999 -9999 -9999 -9999 -9999 -9999 -9999 -9999 -9999 -9999 -9999 -9999 -9999 -9999 -9999 -9999 -9999 -9999 -9999 -9999 -9999 -9999 -9999 -9999 -9999 -9999 -9999 -9999 2.98674E-1 3.02427E-1 2.795E-1 2.55226E-1 2.32676E-1 2.08957E-1 1.82589E-1 1.72006E-1 8.25785E-2 1.07166E-2 1.49501E-2 1.06232E-2 2.21183E-2 2.7344E-2 3.37718E-2 4.60992E-2 3.46982E-2 3.57209E-2 3.13929E-2 3.12447E-2 2.91517E-2 1.83501E-2 9.13825E-3 1.41426E-2 1.661E-2 1.30236E-2 9.12209E-3 1.15971E-2 1.34018E-2 1.40557E-2 1.22543E-2 9.76447E-3
-9999 -9999 -9999 -9999 -9999 -9999 -9999 -9999 -9999 -9999 -9999 -9999 -9999 -9999 -9999 -9999 -9999 -9999 -9999 -9999 -9999 -9999 -9999 -9999 -9999 -9999 -9999 -9999 -9999 -9999 -9999 -9999 -9999 -9999 -9999 -9999 -9999 -9999 -9999 2.89258E-1 2.84655E-1 2.72054E-1 2.63711E-1 2.24057E-1 1.99716E-1 1.67057E-1 1.60539E-1 3.80848E-2 9.5041E-3 2.52553E-2 3.43042E-2 6.15014E-2 4.39948E-2 4.00206E-2 4.51538E-2 4.52388E-2 4.11704E-2 3.07103E-2 2.80883E-2 2.47131E-2 2.7491E-2 8.55779E-3 1.2818E-2 6.78334E-3 9.38832E-3 1.10909E-2 1.21487E-2 1.53831E-2 1.55415E-2 1.35755E-2
