KUENM/Final_Models/M_0.1_F_lq_Set_2_E/sp1_6.asc
ncols         197
nrows         210
xllcorner     56.1666666666667
yllcorner     4.5
cellsize      0.166666666666667
NODATA_value  -9999
[rows 56 to 83 of 210, columns 65 to 129 of 197]
2.30534E-3 2.4726E-3 2.37357E-2 1.26728E-1 1.73267E-1 2.15671E-1 1.16729E-1 2.82185E-2 3.82273E-2 1.10059E-1 1.43688E-1 1.55579E-1 1.60199E-1 1.44594E-1 1.39718E-1 8.19698E-2 1.36445E-1 1.93161E-1 1.37866E-1 2.48653E-1 2.0584E-1 1.64797E-1 1.49824E-1 1.5271E-1 1.52957E-1 1.51511E-1 1.61555E-1 1.67604E-1 1.64565E-1 1.55871E-1 1.58816E-1 1.58981E-1 1.74129E-1 1.88391E-1 2.08132E-1 2.13064E-1 2.17917E-1 2.24394E-1 2.42962E-1 2.67045E-1 3.0311E-1 3.2733E-1 3.36332E-1 3.64877E-1 4.26056E-1 4.94409E-1 5.2457E-1 5.33629E-1 5.22236E-1 5.58115E-1 5.78566E-1 5.91931E-1 6.02334E-1 6.19863E-1 6.1213E-1 6.05796E-1 6.15046E-1 5.63988E-1 4.86188E-1 3.75973E-1 2.43812E-1 1.13832E-1 5.83647E-3 5.09957E-4 7.83418E-4
6.99052E-3 2.06461E-2 5.74241E-2 1.75731E-1 2.23626E-1 2.51336E-1 2.53536E-1 1.4995E-1 1.13341E-1 1.48189E-1 1.67049E-1 1.09779E-1 1.11141E-1 1.0357E-1 1.13841E-1 1.92282E-1 1.96286E-1 1.49594E-1 2.37634E-1 2.51133E-1 2.09846E-1 1.76601E-1 1.63056E-1 1.54165E-1 1.51263E-1 1.49824E-1 1.54165E-1 1.5271E-1 1.49824E-1 1.48393E-1 1.45808E-1 1.52957E-1 1.63291E-1 1.78683E-1 1.88366E-1 2.01456E-1 2.06342E-1 2.11153E-1 2.31285E-1 2.58869E-1 2.87672E-1 3.08555E-1 3.21261E-1 3.42977E-1 3.87603E-1 4.4387E-1 4.86974E-1 5.07178E-1 5.1628E-1 5.44823E-1 5.63579E-1 5.56964E-1 5.68092E-1 5.88047E-1 6.0206E-1 6.14455E-1 6.22864E-1 6.13017E-1 5.71266E-1 4.78196E-1 3.49944E-1 1.98221E-1 5.30807E-2 1.09365E-2 8.4146E-3
5.72242E-3 4.04888E-2 1.56717E-1 1.8253E-1 1.89937E-1 1.86159E-1 2.10838E-1 2.26148E-1 1.92452E-1 1.56374E-1 1.49658E-1 1.43381E-1 1.54905E-1 1.74029E-1 2.32196E-1 2.38309E-1 2.52561E-1 1.94073E-1 2.8787E-1 2.55271E-1 2.3039E-1 2.02621E-1 1.76601E-1 1.55628E-1 1.4697E-1 1.44147E-1 1.39974E-1 1.44147E-1 1.42748E-1 1.39974E-1 1.38599E-1 1.44147E-1 1.55628E-1 1.69135E-1 1.84836E-1 1.96413E-1 2.048E-1 2.11504E-1 2.28493E-1 2.43951E-1 2.57697E-1 2.75693E-1 2.84045E-1 3.09519E-1 3.47731E-1 3.9773E-1 4.39285E-1 4.68692E-1 4.93875E-1 5.21027E-1 5.31736E-1 5.18571E-1 4.97936E-1 4.96589E-1 5.79801E-1 6.10668E-1 6.18047E-1 6.17804E-1 6.13528E-1 5.37095E-1 4.10107E-1 2.95808E-1 1.77162E-1 7.35747E-2 4.36005E-2
6.34905E-3 5.19283E-2 1.4216E-1 1.44379E-1 1.34796E-1 1.40552E-1 1.55565E-1 1.9313E-1 2.15013E-1 1.87809E-1 1.80054E-1 1.85928E-1 2.12577E-1 2.03877E-1 2.29717E-1 2.63489E-1 2.60403E-1 2.60788E-1 2.80392E-1 2.73669E-1 2.55299E-1 2.2842E-1 1.9431E-1 1.58576E-1 1.41032E-1 1.36906E-1 1.37233E-1 1.37233E-1 1.33182E-1 1.32855E-1 1.32855E-1 1.41032E-1 1.56783E-1 1.71916E-1 1.84549E-1 1.97616E-1 2.07932E-1 2.08158E-1 2.14942E-1 2.14898E-1 2.21587E-1 2.36915E-1 2.5283E-1 2.74452E-1 3.14031E-1 3.57818E-1 3.97406E-1 4.29503E-1 4.65919E-1 4.98628E-1 5.19477E-1 5.14429E-1 4.97268E-1 5.13149E-1 5.92866E-1 6.043E-1 5.65405E-1 5.74636E-1 6.22439E-1 5.82521E-1 4.58474E-1 3.72169E-1 3.02778E-1 1.89287E-1 1.41005E-1
6.4962E-3 1.96223E-2 1.1473E-1 1.20034E-1 1.15581E-1 1.21967E-1 1.33643E-1 1.62258E-1 1.9762E-1 2.11586E-1 1.91816E-1 2.04442E-1 2.16708E-1 2.15073E-1 2.45471E-1 2.57862E-1 2.65029E-1 2.78415E-1 2.80758E-1 2.82953E-1 2.95869E-1 2.64207E-1 2.02621E-1 1.53847E-1 1.35547E-1 1.31521E-1 1.30523E-1 1.33182E-1 1.29206E-1 1.31521E-1 1.35547E-1 1.43432E-1 1.59361E-1 1.72631E-1 1.91856E-1 2.03954E-1 2.12456E-1 2.09628E-1 2.01382E-1 1.89874E-1 1.86757E-1 2.08132E-1 2.35679E-1 2.62199E-1 2.96929E-1 3.33171E-1 3.73209E-1 4.03865E-1 4.40745E-1 4.80984E-1 5.11223E-1 5.3009E-1 5.41793E-1 5.54801E-1 5.94736E-1 6.13937E-1 6.01343E-1 6.02619E-1 6.24986E-1 6.10755E-1 4.80749E-1 3.70864E-1 3.7767E-1 2.60952E-1 1.56354E-1
1.12889E-2 1.62079E-2 1.21012E-1 1.05828E-1 1.02569E-1 1.07192E-1 1.1312E-1 1.31811E-1 1.83612E-1 1.96284E-1 1.93094E-1 2.08775E-1 2.06431E-1 2.17221E-1 2.29297E-1 2.43893E-1 2.56644E-1 2.66834E-1 2.55452E-1 2.67896E-1 2.99628E-1 2.69972E-1 1.92667E-1 1.46648E-1 1.28878E-1 1.27569E-1 1.26269E-1 1.30195E-1 1.30195E-1 1.31129E-1 1.36514E-1 1.45795E-1 1.64926E-1 1.81581E-1 1.99621E-1 2.14951E-1 2.22427E-1 2.17626E-1 2.05988E-1 1.81639E-1 1.78683E-1 2.048E-1 2.28677E-1 2.60687E-1 2.88121E-1 3.2464E-1 3.59571E-1 3.82154E-1 4.13636E-1 4.54932E-1 5.00913E-1 5.48265E-1 5.78436E-1 5.66988E-1 5.90467E-1 6.24057E-1 6.27489E-1 6.2681E-1 6.29703E-1 6.15387E-1 5.56409E-1 4.91324E-1 4.3216E-1 2.95409E-1 1.45353E-1
6.5626E-3 3.65843E-2 1.16498E-1 9.69455E-2 9.47828E-2 9.5851E-2 9.79834E-2 1.15266E-1 1.56875E-1 1.9162E-1 2.12099E-1 2.23344E-1 2.13875E-1 2.1745E-1 2.24945E-1 2.33545E-1 2.3443E-1 2.18325E-1 2.15471E-1 2.23667E-1 2.33014E-1 2.09038E-1 1.70369E-1 1.41032E-1 1.24977E-1 1.21151E-1 1.22418E-1 1.23693E-1 1.27179E-1 1.31129E-1 1.38798E-1 1.51006E-1 1.65914E-1 1.8418E-1 2.0406E-1 2.1781E-1 2.23667E-1 2.23667E-1 2.10312E-1 1.99278E-1 2.02881E-1 2.18325E-1 2.42877E-1 2.6816E-1 2.99529E-1 3.25179E-1 3.51073E-1 3.75888E-1 3.95513E-1 4.3551E-1 4.88352E-1 5.38575E-1 5.70056E-1 5.53738E-1 5.75706E-1 6.19973E-1 6.32619E-1 6.32919E-1 6.30427E-1 6.17568E-1 5.91054E-1 5.34412E-1 4.48826E-1 3.18226E-1 1.86187E-1
4.51035E-2 7.90499E-2 1.1002E-1 9.26371E-2 8.9484E-2 8.84503E-2 9.15603E-2 1.1545E-1 1.46789E-1 1.99544E-1 2.12513E-1 2.17383E-1 2.15121E-1 2.18004E-1 2.10297E-1 2.05374E-1 1.90003E-1 1.76804E-1 1.75226E-1 1.73656E-1 1.67986E-1 1.53457E-1 1.38273E-1 1.24977E-1 1.19893E-1 1.14946E-1 1.17017E-1 1.20764E-1 1.26728E-1 1.32008E-1 1.41046E-1 1.50403E-1 1.63776E-1 1.8026E-1 1.99974E-1 2.11903E-1 2.21304E-1 2.25426E-1 2.27698E-1 2.29873E-1 2.35494E-1 2.48213E-1 2.64599E-1 2.88565E-1 3.06969E-1 3.3676E-1 3.58422E-1 3.78449E-1 4.01653E-1 4.38323E-1 4.73341E-1 5.08137E-1 5.38575E-1 5.55615E-1 5.85752E-1 6.1638E-1 6.33947E-1 6.38801E-1 6.35549E-1 6.33959E-1 6.21369E-1 5.57282E-1 4.43158E-1 3.263E-1 2.36286E-1
2.45991E-2 1.01018E-1 9.57869E-2 9.26371E-2 9.47828E-2 9.05263E-2 9.37056E-2 1.16901E-1 1.70262E-1 2.15094E-1 2.32512E-1 2.21099E-1 2.07681E-1 1.8968E-1 1.85188E-1 1.72582E-1 1.52995E-1 1.38409E-1 1.35662E-1 1.32249E-1 1.27522E-1 1.14562E-1 1.08954E-1 1.04314E-1 1.08954E-1 1.09755E-1 1.12141E-1 1.17814E-1 1.22856E-1 1.30159E-1 1.40453E-1 1.50403E-1 1.66142E-1 1.8026E-1 1.92504E-1 2.09382E-1 2.22355E-1 2.30131E-1 2.40167E-1 2.53216E-1 2.71596E-1 2.75521E-1 2.92342E-1 3.11053E-1 3.29627E-1 3.55284E-1 3.78449E-1 3.96351E-1 4.15616E-1 4.52983E-1 4.85356E-1 4.99743E-1 5.23793E-1 5.54529E-1 5.92427E-1 6.21293E-1 6.23754E-1 6.13525E-1 6.30205E-1 6.32634E-1 6.3867E-1 5.45381E-1 4.31848E-1 3.40143E-1 3.01024E-1
4.51923E-2 1.13916E-1 9.91609E-2 9.91793E-2 9.8067E-2 1.0143E-1 1.14441E-1 1.56784E-1 2.38667E-1 2.79481E-1 2.60918E-1 2.24969E-1 1.89977E-1 1.67681E-1 1.54111E-1 1.38409E-1 1.29568E-1 1.17964E-1 1.07705E-1 1.03651E-1 9.96629E-2 9.4669E-2 9.12154E-2 9.65241E-2 1.02802E-1 1.04658E-1 1.10509E-1 1.17314E-1 1.2363E-1 1.32249E-1 1.4185E-1 1.54111E-1 1.65376E-1 1.81082E-1 1.94163E-1 2.09382E-1 2.25882E-1 2.42691E-1 2.56034E-1 2.82448E-1 3.03133E-1 3.09046E-1 3.16696E-1 3.33558E-1 3.55688E-1 3.86308E-1 4.10412E-1 4.30984E-1 4.48146E-1 4.8239E-1 5.01137E-1 5.0936E-1 5.17337E-1 5.54529E-1 5.99404E-1 6.2828E-1 6.18003E-1 6.01401E-1 6.2279E-1 6.29392E-1 6.38112E-1 6.13858E-1 5.26867E-1 4.28562E-1 3.78919E-1
6.4327E-2 1.21743E-1 1.05657E-1 1.0143E-1 1.08395E-1 1.20709E-1 1.49403E-1 2.26092E-1 3.58376E-1 3.83028E-1 2.87086E-1 2.07866E-1 1.6657E-1 1.42513E-1 1.27107E-1 1.16455E-1 1.09915E-1 1.0019E-1 8.79526E-2 8.89766E-2 8.6455E-2 8.79517E-2 8.83952E-2 9.25436E-2 9.90226E-2 1.03514E-1 1.11214E-1 1.17314E-1 1.25644E-1 1.32249E-1 1.4119E-1 1.53363E-1 1.66913E-1 1.82692E-1 1.95828E-1 2.12832E-1 2.31211E-1 2.49277E-1 2.57298E-1 2.87132E-1 3.16019E-1 3.31506E-1 3.39265E-1 3.63383E-1 3.90445E-1 4.27602E-1 4.6563E-1 4.83876E-1 4.88352E-1 5.0936E-1 5.28833E-1 5.27093E-1 5.11715E-1 5.5157E-1 6.00878E-1 6.1683E-1 6.09228E-1 6.05773E-1 6.01401E-1 6.39048E-1 6.38507E-1 6.3865E-1 6.09428E-1 5.31302E-1 4.5106E-1
6.24117E-2 1.19671E-1 1.09194E-1 1.06038E-1 1.14441E-1 1.31192E-1 1.64368E-1 2.47854E-1 3.88668E-1 3.86791E-1 2.51366E-1 1.76584E-1 1.38936E-1 1.21001E-1 1.13164E-1 1.05632E-1 1.00643E-1 9.40555E-2 8.8399E-2 8.49315E-2 8.593E-2 8.6455E-2 8.89736E-2 9.31465E-2 9.85553E-2 1.01904E-1 1.11871E-1 1.16758E-1 1.26315E-1 1.35662E-1 1.47548E-1 1.56318E-1 1.70009E-1 1.8431E-1 2.00864E-1 2.17156E-1 2.40308E-1 2.57679E-1 2.65097E-1 2.86491E-1 3.16019E-1 3.39067E-1 3.59837E-1 3.96264E-1 4.33528E-1 4.79102E-1 5.21496E-1 5.44433E-1 5.34975E-1 5.53436E-1 5.62125E-1 5.61073E-1 5.60071E-1 5.82845E-1 6.04316E-1 5.82246E-1 5.89976E-1 6.27829E-1 6.28726E-1 6.37632E-1 6.41265E-1 6.4519E-1 6.32607E-1 6.01191E-1 5.19199E-1
9.5261E-2 1.11179E-1 1.23304E-1 1.07192E-1 1.16901E-1 1.27173E-1 1.53781E-1 1.93213E-1 2.3504E-1 2.10104E-1 1.53519E-1 1.26949E-1 1.09194E-1 1.03125E-1 9.69523E-2 9.69523E-2 9.55184E-2 9.40555E-2 8.73788E-2 8.5364E-2 8.593E-2 8.6937E-2 8.95119E-2 9.37074E-2 9.80404E-2 1.03651E-1 1.11271E-1 1.18637E-1 1.28244E-1 1.39073E-1 1.53363E-1 1.65376E-1 1.7471E-1 1.87567E-1 2.00864E-1 2.21555E-1 2.45765E-1 2.83849E-1 3.0091E-1 3.15551E-1 3.33397E-1 3.56129E-1 3.85411E-1 4.28441E-1 4.71448E-1 5.1888E-1 5.53436E-1 5.77705E-1 5.80221E-1 5.84043E-1 5.93513E-1 5.9111E-1 6.01948E-1 6.14482E-1 6.23246E-1 6.09464E-1 6.1584E-1 6.29781E-1 6.38084E-1 6.35927E-1 6.48582E-1 6.46291E-1 6.4519E-1 6.2082E-1 5.35909E-1
6.60021E-2 1.0952E-1 1.24093E-1 1.09566E-1 1.13194E-1 1.19338E-1 1.27091E-1 1.36531E-1 1.39306E-1 1.18077E-1 9.78708E-2 9.12427E-2 9.01952E-2 8.89661E-2 9.08106E-2 9.15779E-2 9.23041E-2 9.19291E-2 8.77798E-2 8.73788E-2 8.63672E-2 8.89766E-2 9.37074E-2 9.80404E-2 1.04218E-1 1.09425E-1 1.15481E-1 1.24324E-1 1.3359E-1 1.47548E-1 1.59306E-1 1.70009E-1 1.87567E-1 1.975E-1 2.08465E-1 2.18849E-1 2.2943E-1 2.65875E-1 3.13057E-1 3.40673E-1 3.63599E-1 3.85411E-1 4.17053E-1 4.56648E-1 4.95382E-1 5.39025E-1 5.70071E-1 5.93488E-1 5.98578E-1 5.97514E-1 6.01343E-1 6.03718E-1 6.05868E-1 6.21372E-1 6.32619E-1 6.35442E-1 6.38832E-1 6.38367E-1 6.37748E-1 6.34052E-1 6.48118E-1 6.48894E-1 6.33424E-1 6.09375E-1 5.64201E-1
9.55843E-2 1.05342E-1 1.28396E-1 1.0818E-1 1.09494E-1 1.0937E-1 1.0937E-1 1.07E-1 1.02365E-1 9.13929E-2 8.32419E-2 7.82951E-2 7.73587E-2 8.19487E-2 8.36898E-2 8.642E-2 8.84573E-2 8.71199E-2 8.67639E-2 8.5364E-2 9.04651E-2 9.42256E-2 9.74785E-2 1.05372E-1 1.10619E-1 1.14761E-1 1.22292E-1 1.28806E-1 1.40465E-1 1.54837E-1 1.70009E-1 1.86722E-1 2.03352E-1 2.13631E-1 2.21913E-1 2.2719E-1 2.25936E-1 2.46906E-1 3.16019E-1 3.67322E-1 3.91127E-1 4.12296E-1 4.39315E-1 4.75576E-1 5.14818E-1 5.44948E-1 5.72022E-1 5.93488E-1 5.94025E-1 5.89322E-1 5.9594E-1 6.00499E-1 6.09773E-1 6.12141E-1 6.29162E-1 6.35939E-1 6.21918E-1 6.16242E-1 6.23436E-1 6.36104E-1 6.48453E-1 6.39002E-1 5.96563E-1 6.05307E-1 5.73522E-1
6.00661E-2 8.07546E-2 1.20318E-1 1.08006E-1 1.04665E-1 1.03342E-1 9.88199E-2 9.44377E-2 8.89661E-2 8.8126E-2 8.40912E-2 7.90691E-2 7.71915E-2 7.90691E-2 8.36898E-2 8.4417E-2 8.4417E-2 8.61088E-2 8.77798E-2 8.73788E-2 8.94278E-2 9.90746E-2 1.05896E-1 1.11114E-1 1.16455E-1 1.24872E-1 1.30135E-1 1.39675E-1 1.49627E-1 1.68457E-1 1.88355E-1 2.06754E-1 2.24116E-1 2.35486E-1 2.41476E-1 2.4377E-1 2.54673E-1 2.86495E-1 3.48632E-1 3.89309E-1 4.12653E-1 4.33571E-1 4.55848E-1 4.83202E-1 5.08108E-1 5.39315E-1 5.60939E-1 5.73568E-1 5.72431E-1 5.77687E-1 5.86713E-1 6.02165E-1 6.04633E-1 6.15865E-1 6.28287E-1 6.26294E-1 5.80394E-1 5.74868E-1 6.22517E-1 6.43603E-1 6.46841E-1 6.3196E-1 6.32935E-1 6.21505E-1 5.71486E-1
8.6449E-2 1.03996E-1 1.16718E-1 1.10161E-1 1.04495E-1 9.86113E-2 9.53177E-2 9.18623E-2 8.97674E-2 9.10485E-2 9.29228E-2 9.26354E-2 8.59071E-2 8.56813E-2 8.56813E-2 8.642E-2 8.94889E-2 9.15779E-2 8.91677E-2 9.19291E-2 9.40555E-2 1.04738E-1 1.16718E-1 1.22774E-1 1.31985E-1 1.39675E-1 1.39675E-1 1.47548E-1 1.63847E-1 1.85096E-1 2.07462E-1 2.38384E-1 2.5294E-1 2.5914E-1 2.67104E-1 2.69408E-1 2.88069E-1 3.16592E-1 3.58E-1 3.89443E-1 4.16419E-1 4.44111E-1 4.587E-1 4.81099E-1 5.00848E-1 5.24085E-1 5.48992E-1 5.65703E-1 5.70113E-1 5.84495E-1 5.94431E-1 6.04004E-1 6.0712E-1 6.21407E-1 6.2263E-1 6.04562E-1 5.49946E-1 5.85406E-1 6.20304E-1 6.42297E-1 6.3096E-1 6.24191E-1 6.34348E-1 6.33884E-1 6.09888E-1
8.99495E-2 1.21973E-1 1.14388E-1 1.10161E-1 1.05164E-1 1.05164E-1 9.91631E-2 9.586E-2 9.47765E-2 9.586E-2 9.77047E-2 9.69523E-2 9.29228E-2 9.08106E-2 8.8733E-2 9.18623E-2 9.37016E-2 9.50698E-2 9.47765E-2 9.84124E-2 1.05896E-1 1.21784E-1 1.4119E-1 1.45312E-1 1.50703E-1 1.47304E-1 1.53125E-1 1.60812E-1 1.75487E-1 2.01301E-1 2.34296E-1 2.6896E-1 2.88379E-1 2.96574E-1 2.91423E-1 2.93707E-1 3.12582E-1 3.3169E-1 3.65462E-1 3.87609E-1 4.25205E-1 4.48795E-1 4.68398E-1 4.8798E-1 5.00848E-1 5.20191E-1 5.44896E-1 5.71289E-1 5.82132E-1 5.91849E-1 6.02546E-1 6.16592E-1 6.17032E-1 6.26395E-1 6.24459E-1 6.05047E-1 5.70892E-1 5.80599E-1 6.2268E-1 6.41617E-1 6.28343E-1 6.10618E-1 6.29422E-1 6.41564E-1 6.38241E-1
1.06345E-1 1.21462E-1 1.1973E-1 1.13797E-1 1.12289E-1 1.06799E-1 1.04473E-1 1.02909E-1 1.03323E-1 1.0369E-1 1.05632E-1 1.00282E-1 9.69523E-2 9.586E-2 9.80534E-2 9.80534E-2 1.0059E-1 9.94685E-2 1.01409E-1 1.06799E-1 1.14915E-1 1.34301E-1 1.59979E-1 1.76085E-1 1.77676E-1 1.64163E-1 1.63009E-1 1.70009E-1 1.8026E-1 2.0406E-1 2.41476E-1 2.91826E-1 3.27722E-1 3.23937E-1 3.16366E-1 3.18259E-1 3.31506E-1 3.54141E-1 3.80275E-1 4.00336E-1 4.31854E-1 4.57063E-1 4.69993E-1 4.88665E-1 4.96823E-1 5.24085E-1 5.52788E-1 5.80221E-1 5.93488E-1 5.98004E-1 6.14181E-1 6.27286E-1 6.29401E-1 6.35476E-1 6.35219E-1 6.34978E-1 6.24428E-1 6.2268E-1 6.35968E-1 6.45855E-1 6.31463E-1 6.07575E-1 6.06013E-1 5.93401E-1 5.65583E-1
1.11441E-1 1.35117E-1 1.22281E-1 1.22281E-1 1.19371E-1 1.11557E-1 1.10619E-1 1.14252E-1 1.14761E-1 1.12768E-1 1.11557E-1 1.08357E-1 1.07177E-1 1.04843E-1 1.0369E-1 1.0369E-1 1.05164E-1 1.08687E-1 1.05164E-1 1.07976E-1 1.19747E-1 1.43273E-1 1.78617E-1 2.25083E-1 1.99981E-1 1.78617E-1 1.7471E-1 1.77071E-1 1.85096E-1 2.03352E-1 2.35486E-1 2.82025E-1 3.18259E-1 3.27917E-1 3.27917E-1 3.29803E-1 3.48498E-1 3.80243E-1 4.03989E-1 4.33873E-1 4.5489E-1 4.71583E-1 4.8099E-1 4.79567E-1 4.93935E-1 5.31996E-1 5.61837E-1 5.81352E-1 5.95185E-1 6.03039E-1 6.22429E-1 6.35954E-1 6.3867E-1 6.43402E-1 6.41523E-1 6.46688E-1 6.45269E-1 6.3556E-1 6.39002E-1 6.50252E-1 6.34807E-1 6.07654E-1 5.88439E-1 5.74106E-1 5.33414E-1
1.1943E-1 1.40602E-1 1.31482E-1 1.27486E-1 1.25796E-1 1.22292E-1 1.20482E-1 1.26929E-1 1.26174E-1 1.19747E-1 1.17236E-1 1.16455E-1 1.18112E-1 1.13164E-1 1.13164E-1 1.11949E-1 1.12289E-1 1.13507E-1 1.13507E-1 1.16862E-1 1.27486E-1 1.46115E-1 1.88355E-1 2.1261E-1 1.98295E-1 1.83477E-1 1.82567E-1 1.92348E-1 1.96622E-1 2.10181E-1 2.40189E-1 2.76411E-1 3.02754E-1 3.27404E-1 3.31506E-1 3.50508E-1 3.76367E-1 4.09383E-1 4.35764E-1 4.59105E-1 4.84947E-1 4.91677E-1 4.91677E-1 4.91646E-1 5.16236E-1 5.54902E-1 5.80664E-1 5.91617E-1 5.99889E-1 6.1182E-1 6.2301E-1 6.40554E-1 6.46171E-1 6.45689E-1 6.4906E-1 6.48813E-1 6.24307E-1 6.19952E-1 6.35258E-1 6.4476E-1 6.33884E-1 5.86288E-1 5.76522E-1 5.77183E-1 5.43492E-1
1.39537E-1 1.47427E-1 1.38656E-1 1.38312E-1 1.33792E-1 1.37437E-1 1.35535E-1 1.34172E-1 1.31472E-1 1.31472E-1 1.27985E-1 1.25796E-1 1.25796E-1 1.21915E-1 1.21915E-1 1.19371E-1 1.21001E-1 1.1973E-1 1.21001E-1 1.27107E-1 1.37437E-1 1.55494E-1 1.75487E-1 1.858E-1 1.77071E-1 1.72342E-1 1.91321E-1 2.02367E-1 2.11104E-1 2.17156E-1 2.43018E-1 2.75208E-1 3.11749E-1 3.38366E-1 3.55412E-1 3.83496E-1 4.1734E-1 4.49227E-1 4.70934E-1 4.92226E-1 4.98216E-1 5.11303E-1 5.14887E-1 5.07568E-1 5.43276E-1 5.97956E-1 6.01477E-1 5.90339E-1 5.94541E-1 6.08084E-1 6.24539E-1 6.41399E-1 6.52513E-1 6.34609E-1 6.42686E-1 6.39423E-1 6.18251E-1 6.31047E-1 6.14975E-1 6.14863E-1 5.97349E-1 5.73292E-1 5.71486E-1 5.2865E-1 4.93121E-1
1.54455E-1 1.52345E-1 1.56875E-1 1.48231E-1 1.45356E-1 1.4587E-1 1.44443E-1 1.38287E-1 1.34172E-1 1.34694E-1 1.33792E-1 1.32438E-1 1.31092E-1 1.31092E-1 1.29755E-1 1.29755E-1 1.30141E-1 1.31482E-1 1.35554E-1 1.36526E-1 1.46362E-1 1.59075E-1 1.72924E-1 1.81827E-1 1.79478E-1 1.85935E-1 2.06754E-1 2.17156E-1 2.24969E-1 2.29222E-1 2.46597E-1 2.7544E-1 3.14962E-1 3.51637E-1 4.00385E-1 4.50601E-1 4.7835E-1 4.94118E-1 5.06587E-1 5.12368E-1 5.16057E-1 5.15542E-1 5.14887E-1 5.28097E-1 5.37382E-1 6.13251E-1 5.9146E-1 5.58831E-1 5.88553E-1 6.11034E-1 6.28627E-1 6.50616E-1 6.54298E-1 6.28867E-1 6.24384E-1 6.1913E-1 6.17748E-1 6.06515E-1 5.63057E-1 5.57221E-1 5.39084E-1 5.40735E-1 5.58888E-1 5.30387E-1 4.82158E-1
1.65354E-1 1.66839E-1 1.65354E-1 1.67832E-1 1.54015E-1 1.57072E-1 1.49248E-1 1.43025E-1 1.37437E-1 1.36526E-1 1.36929E-1 1.38312E-1 1.41104E-1 1.41104E-1 1.41104E-1 1.39294E-1 1.39294E-1 1.41104E-1 1.45356E-1 1.49248E-1 1.58101E-1 1.7035E-1 1.82495E-1 2.01671E-1 2.14565E-1 2.23198E-1 2.3641E-1 2.43674E-1 2.46134E-1 2.46134E-1 2.57199E-1 2.73358E-1 3.08302E-1 3.60728E-1 4.23245E-1 5.01364E-1 5.31329E-1 5.35804E-1 5.40033E-1 5.41343E-1 5.31583E-1 5.13225E-1 5.40146E-1 5.65385E-1 5.60071E-1 5.63073E-1 5.30076E-1 5.52256E-1 6.03449E-1 6.26915E-1 6.40559E-1 6.58336E-1 6.50714E-1 6.31127E-1 6.10843E-1 5.86294E-1 5.7512E-1 5.76172E-1 5.31216E-1 5.09938E-1 5.47255E-1 5.58474E-1 5.01929E-1 5.05564E-1 4.50659E-1
1.77812E-1 1.74096E-1 1.72507E-1 1.74096E-1 1.69361E-1 1.66914E-1 1.52607E-1 1.49682E-1 1.4393E-1 1.4715E-1 1.4715E-1 1.5151E-1 1.5298E-1 1.54458E-1 1.55565E-1 1.50703E-1 1.53638E-1 1.53638E-1 1.58555E-1 1.64632E-1 1.7507E-1 1.86341E-1 2.05802E-1 2.27736E-1 2.52152E-1 2.70273E-1 2.7461E-1 2.82178E-1 2.75077E-1 2.67544E-1 2.62276E-1 2.71662E-1 3.19424E-1 3.8776E-1 4.59474E-1 5.15848E-1 5.53307E-1 5.71731E-1 5.73073E-1 5.69579E-1 5.55716E-1 5.53247E-1 5.74696E-1 6.00878E-1 5.88903E-1 5.54529E-1 5.5626E-1 5.81436E-1 6.29185E-1 6.47269E-1 6.54936E-1 6.58979E-1 6.51641E-1 6.31754E-1 6.01978E-1 5.35052E-1 4.87116E-1 5.37456E-1 5.32488E-1 5.5876E-1 5.51933E-1 5.04592E-1 5.34698E-1 4.44394E-1 3.72969E-1
1.86643E-1 1.85155E-1 1.82903E-1 1.86174E-1 1.81968E-1 1.76223E-1 1.61578E-1 1.56253E-1 1.50579E-1 1.52045E-1 1.57749E-1 1.65351E-1 1.68447E-1 1.71241E-1 1.67717E-1 1.68791E-1 1.68791E-1 1.71916E-1 1.76658E-1 1.83596E-1 1.92937E-1 2.03032E-1 2.20351E-1 2.48429E-1 2.8389E-1 3.21739E-1 3.31262E-1 3.17776E-1 3.06232E-1 2.81528E-1 2.62706E-1 2.87238E-1 3.52413E-1 4.23162E-1 4.88999E-1 5.3835E-1 5.75969E-1 6.00005E-1 6.02645E-1 5.92545E-1 5.81428E-1 5.80903E-1 5.78055E-1 5.80089E-1 5.76623E-1 5.54055E-1 6.09417E-1 6.21744E-1 6.36764E-1 6.5526E-1 6.56552E-1 6.59892E-1 6.52512E-1 6.37818E-1 6.07882E-1 5.45231E-1 4.74801E-1 5.45665E-1 5.54949E-1 5.17856E-1 5.00398E-1 5.23471E-1 5.00342E-1 4.22072E-1 3.80093E-1
1.86332E-1 1.90003E-1 1.94373E-1 1.94373E-1 1.88059E-1 1.85337E-1 1.7507E-1 1.65351E-1 1.59766E-1 1.61283E-1 1.6888E-1 1.86288E-1 1.92617E-1 1.94286E-1 1.85224E-1 1.81975E-1 1.80882E-1 1.87378E-1 1.92937E-1 2.03032E-1 2.13353E-1 2.22115E-1 2.38219E-1 2.58402E-1 2.99924E-1 3.63871E-1 3.94103E-1 3.60241E-1 3.33352E-1 3.00602E-1 3.00671E-1 3.44901E-1 4.26758E-1 4.68323E-1 5.17893E-1 5.62672E-1 5.99872E-1 6.22127E-1 6.26939E-1 6.20093E-1 6.0916E-1 5.90467E-1 5.71785E-1 5.87825E-1 5.95777E-1 6.04755E-1 6.31397E-1 6.42893E-1 6.43296E-1 6.57293E-1 6.3516E-1 6.39469E-1 6.44289E-1 6.39426E-1 6.27872E-1 6.1514E-1 5.83919E-1 5.24416E-1 4.70079E-1 4.36217E-1 4.17111E-1 5.14169E-1 4.36629E-1 4.13741E-1 3.78919E-1
1.93377E-1 1.94768E-1 2.04185E-1 1.99802E-1 2.01209E-1 1.95828E-1 1.82404E-1 1.75176E-1 1.6729E-1 1.70529E-1 1.86624E-1 2.1358E-1 2.29278E-1 2.18311E-1 2.09204E-1 1.94603E-1 1.95654E-1 2.05802E-1 2.15094E-1 2.31012E-1 2.40033E-1 2.47332E-1 2.58402E-1 2.71478E-1 2.93002E-1 3.47344E-1 3.69775E-1 3.6792E-1 3.52554E-1 3.37177E-1 3.52629E-1 4.39927E-1 5.25204E-1 5.06025E-1 5.46315E-1 5.90151E-1 6.19032E-1 6.3677E-1 6.4396E-1 6.44228E-1 6.31776E-1 5.87447E-1 5.8315E-1 5.99489E-1 6.16913E-1 6.33199E-1 6.48322E-1 6.52962E-1 6.56873E-1 6.42205E-1 5.93728E-1 5.95844E-1 6.04103E-1 6.20972E-1 6.26163E-1 6.41571E-1 6.20459E-1 5.39551E-1 4.60474E-1 4.11842E-1 3.86716E-1 4.81538E-1 4.0537E-1 3.88431E-1 3.8596E-1
