KUENM/Final_Models/M_0.1_F_lq_Set_2_E/sp1_6_se_asia.asc
ncols         320
nrows         243
xllcorner     44.0
yllcorner     -0.666666666666667
cellsize      0.166666666666667
NODATA_value  -9999
[rows 62 to 92 of 243, columns 70 to 139 of 320]
1.00011E-2 6.56245E-3 3.52475E-3 1.27425E-3 6.35522E-4 2.67089E-4 1.94927E-5 9.12339E-5 1.06738E-4 1.28082E-5 4.93739E-4 1.92445E-3 4.22957E-3 7.54502E-3 9.48494E-3 1.79285E-2 3.27254E-2 3.7102E-2 3.85181E-2 3.97194E-2 4.08562E-2 4.1869E-2 4.19718E-2 4.19569E-2 4.20352E-2 2.20171E-2 6.17842E-3 6.94911E-3 6.0297E-3 2.81761E-3 5.95644E-3 1.01944E-2 1.04364E-2 7.70236E-3 1.56948E-2 3.23771E-2 3.35179E-2 3.06066E-2 2.90828E-2 2.8304E-2 2.8304E-2 2.28047E-2 2.17585E-2 2.20553E-2 1.98229E-2 1.5777E-2 9.24578E-3 8.86595E-3 7.81596E-3 8.66192E-3 9.10581E-3 1.04414E-2 1.86536E-2 3.0783E-2 4.52707E-2 4.981E-2 5.46806E-2 6.10794E-2 6.60961E-2 7.10859E-2 7.53015E-2 7.82425E-2 6.35534E-2 2.78503E-2 1.07265E-2 9.14283E-3 2.82747E-3 2.62024E-3 6.4962E-3 1.96223E-2
1.09308E-2 1.02175E-2 6.71105E-3 2.75562E-3 1.75739E-3 1.5269E-3 9.10684E-4 1.65566E-3 1.29795E-3 1.42872E-4 5.88916E-4 4.13399E-4 1.71804E-3 9.16562E-3 1.50885E-2 1.51277E-2 2.8759E-2 3.28096E-2 3.7102E-2 3.95685E-2 4.14255E-2 4.19317E-2 4.31121E-2 4.24686E-2 4.18711E-2 3.47034E-2 1.49397E-2 1.12471E-2 9.94048E-3 4.86124E-3 5.2694E-3 4.68786E-3 9.94413E-3 1.79285E-2 9.81412E-3 2.37165E-2 2.96486E-2 2.80932E-2 2.5899E-2 2.5921E-2 2.2659E-2 1.63277E-2 1.23705E-2 1.94244E-2 2.28047E-2 1.99524E-2 1.53715E-2 1.72861E-2 1.34057E-2 1.40279E-2 1.48447E-2 2.01663E-2 2.79662E-2 3.72874E-2 4.41595E-2 4.92011E-2 5.46806E-2 5.84348E-2 6.45568E-2 6.86416E-2 7.14136E-2 6.84441E-2 3.46573E-2 2.04656E-2 6.44263E-3 3.77443E-3 2.08949E-3 1.88624E-3 1.12889E-2 1.62079E-2
1.07204E-2 1.22254E-2 8.47585E-3 4.97241E-3 2.98687E-3 3.67172E-3 4.26954E-3 5.73431E-3 4.38965E-3 6.83705E-4 3.35922E-4 1.52815E-4 2.43333E-3 3.30966E-3 1.36343E-2 2.14593E-2 2.80106E-2 3.32468E-2 3.66032E-2 3.88251E-2 4.13509E-2 4.31121E-2 4.3698E-2 4.3305E-2 4.59691E-2 3.78107E-2 8.47081E-3 1.38923E-2 1.2535E-2 8.82113E-3 5.15532E-3 3.20184E-3 7.74296E-3 2.52616E-2 2.54603E-2 2.67975E-2 2.83828E-2 2.84694E-2 2.7353E-2 2.6629E-2 2.28698E-2 2.11728E-2 1.25013E-2 1.87695E-2 2.90828E-2 2.73596E-2 2.54639E-2 2.45532E-2 2.21849E-2 2.31862E-2 2.4939E-2 2.64602E-2 3.08676E-2 3.68209E-2 4.30801E-2 4.86738E-2 5.32093E-2 5.7516E-2 6.18118E-2 6.04059E-2 5.9193E-2 5.0871E-2 2.99699E-2 6.12955E-3 5.45553E-3 2.24672E-3 5.69561E-4 1.75286E-3 6.5626E-3 3.65843E-2
7.27652E-3 9.47412E-3 3.29584E-3 6.41327E-3 2.39405E-3 4.49333E-3 3.9696E-3 6.63252E-3 1.01577E-2 9.82767E-3 1.06094E-2 8.68867E-3 1.57608E-2 1.64479E-3 2.29134E-3 1.54637E-2 2.86869E-2 3.62638E-2 3.66032E-2 4.05998E-2 4.35319E-2 4.42915E-2 4.46943E-2 4.45015E-2 4.63703E-2 4.48522E-2 2.03309E-2 1.34681E-2 1.50885E-2 9.4069E-3 4.15679E-3 3.67401E-3 9.31836E-3 1.93849E-2 2.98661E-2 3.58921E-2 3.3751E-2 3.4593E-2 3.42423E-2 3.44975E-2 3.24448E-2 3.11484E-2 3.00736E-2 3.26645E-2 3.33021E-2 3.35806E-2 3.1335E-2 3.04027E-2 2.92343E-2 3.07021E-2 3.01223E-2 3.13091E-2 3.44682E-2 3.83936E-2 4.30699E-2 4.52459E-2 4.14921E-2 4.40528E-2 4.81203E-2 5.97074E-2 6.10761E-2 3.62731E-2 1.33219E-2 4.88586E-3 3.94385E-3 1.07455E-3 2.87178E-4 4.18238E-3 4.51035E-2 7.90499E-2
1.1212E-2 1.20776E-2 1.39056E-2 1.10589E-2 1.19811E-3 3.82814E-3 4.13283E-3 2.04667E-3 6.77436E-3 1.01577E-2 1.2839E-2 3.76384E-2 4.14825E-2 8.49536E-3 4.71766E-4 2.68212E-3 1.88855E-2 3.15087E-2 3.80844E-2 4.22366E-2 4.58816E-2 4.54678E-2 4.71862E-2 4.68352E-2 4.78888E-2 4.57519E-2 2.7458E-2 1.25589E-2 1.58464E-2 1.01476E-2 4.30717E-3 1.77667E-3 4.47059E-3 9.80642E-3 1.83389E-2 3.28878E-2 3.82722E-2 3.73724E-2 3.8664E-2 3.881E-2 3.7781E-2 3.65598E-2 3.61497E-2 3.66635E-2 3.66141E-2 3.79013E-2 3.66085E-2 3.59115E-2 3.59968E-2 3.5425E-2 3.46992E-2 3.27508E-2 3.28083E-2 3.39007E-2 3.08998E-2 2.31696E-2 2.67435E-2 3.99033E-2 5.86194E-2 6.42627E-2 6.32704E-2 2.69194E-2 7.7906E-3 5.95689E-3 4.21043E-3 8.75071E-4 2.69331E-3 3.35977E-3 2.45991E-2 1.01018E-1
2.65966E-2 3.06774E-2 3.20665E-2 2.23366E-2 1.72327E-2 1.961E-2 9.28072E-3 1.42387E-3 5.07487E-3 1.06108E-2 1.45593E-2 4.0268E-2 5.29155E-2 3.92008E-2 1.1856E-2 6.77272E-4 7.57656E-3 2.31699E-2 3.6033E-2 4.31922E-2 4.75902E-2 4.78043E-2 4.88355E-2 4.86846E-2 4.86982E-2 4.74017E-2 3.76473E-2 1.48446E-2 1.97262E-2 1.5181E-2 1.02708E-2 4.08457E-3 7.25453E-4 6.14583E-3 1.62054E-2 3.10334E-2 4.23518E-2 4.14778E-2 4.13221E-2 4.24686E-2 4.08479E-2 4.0815E-2 3.97227E-2 4.01175E-2 4.07518E-2 4.08727E-2 4.08011E-2 3.98619E-2 4.03996E-2 3.80844E-2 2.9485E-2 2.23428E-2 2.26025E-2 2.97721E-2 3.40945E-2 3.72054E-2 5.10454E-2 6.13251E-2 6.2821E-2 6.66815E-2 5.69948E-2 2.05268E-2 9.37289E-3 9.78826E-3 2.09257E-3 9.04307E-4 9.74337E-3 9.97063E-3 4.51923E-2 1.13916E-1
3.83515E-2 4.02964E-2 4.72795E-2 5.44629E-2 5.16131E-2 3.85748E-2 1.98203E-2 1.39344E-2 9.74337E-3 2.15102E-2 4.024E-2 4.98686E-2 5.71518E-2 5.19488E-2 4.36015E-2 2.13144E-2 6.91804E-3 1.46689E-2 3.20475E-2 4.34274E-2 4.78591E-2 4.75538E-2 4.78591E-2 4.93999E-2 4.92197E-2 4.41595E-2 4.52415E-2 2.93075E-2 2.3923E-2 2.26176E-2 1.85469E-2 1.28666E-2 1.2712E-2 1.59774E-2 2.22864E-2 1.22572E-2 3.14306E-2 4.37548E-2 4.51756E-2 4.60704E-2 4.42397E-2 4.30732E-2 4.33983E-2 4.38531E-2 4.39849E-2 4.35915E-2 4.31121E-2 4.3666E-2 4.3305E-2 4.0321E-2 3.46264E-2 3.8455E-2 4.18958E-2 4.52536E-2 4.89983E-2 5.49285E-2 5.73172E-2 6.01941E-2 6.47151E-2 6.76628E-2 4.75294E-2 1.39216E-2 1.40939E-2 1.15633E-2 4.22579E-3 2.01293E-2 2.38975E-2 2.31957E-2 6.4327E-2 1.21743E-1
6.70978E-2 6.45551E-2 6.18615E-2 6.24083E-2 4.96851E-2 5.04301E-2 2.93483E-2 1.05761E-2 2.94083E-2 5.09378E-2 6.1621E-2 6.20098E-2 6.25318E-2 5.80263E-2 5.32001E-2 4.69786E-2 3.87658E-2 3.6244E-2 3.32572E-2 4.00578E-2 4.19671E-2 4.11912E-2 4.2857E-2 4.95745E-2 4.64005E-2 3.58057E-2 4.1904E-2 4.32605E-2 2.57997E-2 2.18541E-2 2.42144E-2 2.26176E-2 2.08258E-2 2.33486E-2 2.75648E-2 9.32751E-3 1.61744E-2 3.06836E-2 4.023E-2 4.54737E-2 4.78936E-2 4.68804E-2 4.67213E-2 4.61036E-2 4.62618E-2 4.58924E-2 4.54682E-2 4.60704E-2 4.66394E-2 4.77099E-2 4.74453E-2 4.83066E-2 4.93226E-2 5.05903E-2 5.52301E-2 5.59191E-2 5.94647E-2 6.13251E-2 6.4268E-2 5.86886E-2 3.92165E-2 1.84931E-2 1.93169E-2 1.15241E-2 1.51486E-2 2.34359E-2 1.68659E-2 3.45545E-2 6.24117E-2 1.19671E-1
8.9195E-2 6.1259E-2 4.51035E-2 5.92788E-2 5.11372E-2 3.98727E-2 2.91717E-2 2.67175E-2 6.01342E-2 7.25282E-2 6.17851E-2 5.60322E-2 6.39419E-2 6.56842E-2 6.23332E-2 5.88147E-2 5.71518E-2 5.55037E-2 5.12832E-2 3.53284E-2 3.71331E-2 3.90584E-2 2.91487E-2 4.50013E-2 4.48651E-2 2.01073E-2 1.58756E-2 4.30142E-2 1.91898E-2 2.1979E-2 2.68186E-2 3.00366E-2 2.82433E-2 2.75695E-2 2.89666E-2 1.66794E-2 5.94435E-3 2.16264E-2 2.71817E-2 4.09547E-2 4.96976E-2 4.91061E-2 4.92594E-2 4.86148E-2 4.75056E-2 4.83828E-2 4.9164E-2 4.91803E-2 4.91332E-2 4.89607E-2 4.94678E-2 5.10499E-2 5.14808E-2 5.34627E-2 5.59191E-2 5.87421E-2 5.8771E-2 6.01006E-2 5.97026E-2 3.73786E-2 3.02204E-2 1.5658E-2 2.06043E-2 1.95025E-2 2.6892E-2 3.61851E-2 5.20105E-2 5.24989E-2 9.5261E-2 1.11179E-1
8.17476E-2 6.12243E-2 4.38467E-2 1.68142E-2 2.46362E-2 4.41791E-2 6.76268E-2 7.23218E-2 8.15052E-2 8.13585E-2 7.44441E-2 7.10859E-2 7.16075E-2 6.99006E-2 6.81936E-2 6.73674E-2 6.49742E-2 6.34008E-2 6.25435E-2 5.9307E-2 5.63564E-2 5.68228E-2 5.70428E-2 5.11349E-2 4.85947E-2 3.79459E-2 3.67335E-2 5.62787E-2 3.38472E-2 2.67095E-2 3.34491E-2 3.1889E-2 3.1889E-2 2.56091E-2 2.60225E-2 2.71422E-2 1.86955E-2 1.82548E-2 1.35002E-2 2.7927E-2 4.30699E-2 5.23141E-2 5.30005E-2 5.35775E-2 5.15365E-2 5.35775E-2 5.24579E-2 5.18139E-2 5.09925E-2 5.02375E-2 5.20623E-2 5.45822E-2 5.36954E-2 5.61974E-2 5.80263E-2 5.91325E-2 5.93812E-2 5.56212E-2 3.80342E-2 2.25504E-2 2.99699E-2 2.00672E-2 2.06043E-2 2.17888E-2 2.8786E-2 4.08726E-2 2.22615E-2 7.37507E-2 6.60021E-2 1.0952E-1
9.36311E-2 7.08204E-2 7.68917E-2 9.29659E-2 8.98408E-2 8.89096E-2 8.39612E-2 8.81879E-2 9.40759E-2 8.98774E-2 8.25138E-2 7.08655E-2 7.25282E-2 7.59798E-2 7.40282E-2 7.21315E-2 6.93783E-2 6.83236E-2 6.80766E-2 6.66627E-2 6.68731E-2 6.72964E-2 6.63855E-2 6.12964E-2 6.30445E-2 6.40488E-2 6.8675E-2 7.16075E-2 5.97026E-2 5.11466E-2 4.75589E-2 4.43059E-2 3.54768E-2 2.17225E-2 3.26546E-2 3.03428E-2 3.1889E-2 3.00219E-2 1.10614E-2 2.54083E-2 3.60658E-2 5.04618E-2 5.49148E-2 5.44385E-2 5.52396E-2 5.52168E-2 5.38484E-2 5.24552E-2 5.37517E-2 5.35449E-2 5.47628E-2 5.52706E-2 5.57491E-2 5.83188E-2 5.69755E-2 5.4804E-2 5.07276E-2 3.45824E-2 1.87189E-2 2.10355E-2 2.72482E-2 2.66403E-2 3.82102E-2 4.60417E-2 3.77055E-2 5.48816E-2 7.92588E-2 7.98999E-2 9.55843E-2 1.05342E-1
1.09847E-1 1.17255E-1 1.11535E-1 1.151E-1 1.08802E-1 1.11991E-1 1.06878E-1 1.06554E-1 1.00525E-1 9.31997E-2 9.10825E-2 8.63224E-2 7.87576E-2 8.14676E-2 7.93512E-2 7.64056E-2 7.61883E-2 7.32417E-2 7.2072E-2 7.17467E-2 7.08772E-2 7.08772E-2 7.38387E-2 7.46009E-2 7.47789E-2 7.77347E-2 8.05223E-2 8.04268E-2 7.74013E-2 7.27507E-2 6.54278E-2 5.81457E-2 4.61165E-2 2.94644E-2 2.54767E-2 4.28315E-2 4.21677E-2 3.42491E-2 3.34491E-2 2.54853E-2 3.80392E-2 4.87231E-2 5.52024E-2 5.56126E-2 5.59191E-2 5.43733E-2 5.59658E-2 5.54548E-2 5.59658E-2 5.57491E-2 5.48167E-2 5.45995E-2 4.92753E-2 4.62207E-2 4.66638E-2 3.38472E-2 2.27511E-2 2.10709E-2 1.75796E-2 2.3857E-2 3.45128E-2 3.71072E-2 3.34625E-2 5.093E-2 3.08434E-2 4.37313E-2 7.5198E-2 5.55319E-2 6.00661E-2 8.07546E-2
1.11439E-1 1.19734E-1 1.10665E-1 1.21973E-1 1.25796E-1 1.20473E-1 1.14421E-1 1.12576E-1 1.13337E-1 1.07781E-1 9.73507E-2 9.73335E-2 8.70656E-2 8.93223E-2 8.31547E-2 8.10587E-2 7.89544E-2 7.86956E-2 7.59322E-2 7.53049E-2 7.53049E-2 7.67581E-2 7.63455E-2 7.81965E-2 8.00806E-2 8.1998E-2 8.63719E-2 8.57668E-2 8.79169E-2 7.97516E-2 8.51241E-2 7.84511E-2 4.69889E-2 3.57165E-2 2.53826E-2 4.44823E-2 5.06897E-2 4.72849E-2 3.80468E-2 4.48318E-2 3.50637E-2 3.42437E-2 4.83735E-2 5.05235E-2 4.99177E-2 5.05357E-2 5.27202E-2 5.54557E-2 5.30194E-2 5.03234E-2 4.872E-2 4.57478E-2 4.22177E-2 3.03428E-2 2.24283E-2 2.32224E-2 2.69889E-2 2.01103E-2 2.52039E-2 2.14573E-2 3.59001E-2 3.30111E-2 3.96119E-2 4.7789E-2 3.94522E-2 2.64514E-2 7.21095E-2 8.82868E-2 8.6449E-2 1.03996E-1
1.15928E-1 1.23015E-1 1.28806E-1 1.31811E-1 1.28496E-1 1.23277E-1 1.19403E-1 1.14408E-1 1.17701E-1 1.13628E-1 1.08106E-1 9.94753E-2 9.16128E-2 8.61547E-2 8.7655E-2 8.63605E-2 8.49282E-2 8.27569E-2 8.05788E-2 7.93332E-2 7.89935E-2 7.86144E-2 8.05037E-2 8.1998E-2 8.34745E-2 8.5453E-2 8.84844E-2 9.31586E-2 9.31586E-2 9.74564E-2 9.74564E-2 9.24029E-2 7.31305E-2 4.67027E-2 4.56606E-2 3.31988E-2 4.65706E-2 5.36763E-2 5.54797E-2 4.95384E-2 5.44216E-2 4.48735E-2 3.71808E-2 3.0908E-2 2.97385E-2 4.03803E-2 5.35875E-2 4.77983E-2 4.32468E-2 4.39803E-2 3.97325E-2 3.22701E-2 2.65335E-2 2.90513E-2 3.16344E-2 2.94644E-2 2.56739E-2 3.28259E-2 3.07937E-2 2.22377E-2 3.67015E-2 4.99282E-2 5.98948E-2 4.46166E-2 4.25214E-2 3.60344E-2 6.06065E-2 9.27096E-2 8.99495E-2 1.21973E-1
1.17402E-1 1.23035E-1 -9999 -9999 -9999 -9999 -9999 1.20674E-1 1.14421E-1 1.19815E-1 1.14123E-1 1.03651E-1 6.66772E-2 7.30953E-2 8.27632E-2 8.48416E-2 8.68985E-2 8.83496E-2 8.53297E-2 8.49282E-2 8.44441E-2 8.21912E-2 8.37899E-2 8.57668E-2 8.77773E-2 9.01791E-2 9.22602E-2 9.40118E-2 9.74564E-2 1.01381E-1 9.83384E-2 8.8658E-2 6.01342E-2 4.99066E-2 4.40562E-2 5.14445E-2 5.35057E-2 5.49047E-2 5.81485E-2 6.0338E-2 6.0742E-2 6.01949E-2 6.17064E-2 6.08898E-2 6.03731E-2 6.17281E-2 6.01822E-2 5.69006E-2 4.97891E-2 4.19725E-2 3.70572E-2 3.66899E-2 3.67335E-2 3.33949E-2 2.86313E-2 3.22436E-2 4.31686E-2 4.51462E-2 3.60996E-2 4.99066E-2 2.72253E-2 6.86176E-2 5.04301E-2 4.7789E-2 5.81166E-2 5.79338E-2 7.09352E-2 8.72158E-2 1.06345E-1 1.21462E-1
-9999 -9999 1.34694E-1 -9999 -9999 -9999 -9999 -9999 1.19403E-1 1.16507E-1 1.18644E-1 1.06878E-1 5.18041E-2 4.20812E-2 6.05297E-2 5.9988E-2 7.74012E-2 8.0853E-2 8.44249E-2 8.57016E-2 8.7305E-2 8.73513E-2 8.64065E-2 8.88765E-2 8.83496E-2 9.12326E-2 9.12326E-2 9.43311E-2 9.26553E-2 8.67391E-2 7.91845E-2 6.67169E-2 4.88042E-2 5.04788E-2 4.71583E-2 4.44428E-2 4.71583E-2 5.21668E-2 5.60975E-2 5.43844E-2 5.60975E-2 5.74239E-2 5.35057E-2 5.33069E-2 5.9193E-2 6.10013E-2 6.1831E-2 6.17281E-2 5.83146E-2 5.29379E-2 4.64511E-2 3.80105E-2 3.58613E-2 3.32408E-2 3.84739E-2 4.07712E-2 4.07305E-2 4.6717E-2 5.82896E-2 3.5813E-2 6.93662E-2 5.98948E-2 6.56845E-2 4.86006E-2 6.80374E-2 7.45848E-2 7.84561E-2 9.02921E-2 1.11441E-1 1.35117E-1
1.17814E-1 1.29582E-1 -9999 -9999 -9999 -9999 -9999 -9999 1.25858E-1 1.28244E-1 1.22418E-1 1.03083E-1 4.13809E-2 6.12243E-2 6.10208E-2 5.25276E-2 6.26117E-2 6.26291E-2 7.08809E-2 8.18706E-2 8.53699E-2 8.41627E-2 7.47892E-2 8.09848E-2 8.55299E-2 8.50884E-2 8.2645E-2 8.18322E-2 6.93662E-2 5.33315E-2 4.82034E-2 5.15935E-2 6.45438E-2 7.25965E-2 7.08809E-2 6.97365E-2 6.93129E-2 7.38996E-2 8.45462E-2 7.23218E-2 5.80729E-2 5.91139E-2 6.60577E-2 6.67169E-2 6.28362E-2 6.33573E-2 6.31348E-2 6.55037E-2 6.18267E-2 5.6809E-2 5.18798E-2 4.44823E-2 3.84215E-2 3.56044E-2 3.82314E-2 4.56816E-2 4.99066E-2 4.50427E-2 6.87265E-2 7.36271E-2 8.90252E-2 5.25539E-2 7.84045E-2 6.32691E-2 1.00742E-1 6.87026E-2 8.87646E-2 1.09073E-1 1.1943E-1 1.40602E-1
-9999 -9999 -9999 -9999 -9999 -9999 -9999 -9999 -9999 1.29568E-1 1.25779E-1 1.13303E-1 5.65513E-2 8.10858E-2 7.72648E-2 8.45719E-2 8.32953E-2 7.99478E-2 8.04801E-2 7.98157E-2 7.9959E-2 6.97365E-2 6.89893E-2 8.18706E-2 7.60591E-2 6.17391E-2 6.12009E-2 4.90042E-2 4.72795E-2 6.71111E-2 8.18028E-2 7.04894E-2 6.24083E-2 7.98157E-2 6.93129E-2 6.81189E-2 8.10916E-2 8.81287E-2 9.29991E-2 1.07412E-1 1.03651E-1 9.99804E-2 9.05825E-2 8.18609E-2 7.5611E-2 7.24608E-2 7.07761E-2 6.77516E-2 6.54225E-2 5.98726E-2 5.09378E-2 4.61276E-2 4.81848E-2 4.81848E-2 4.82598E-2 5.53295E-2 6.62505E-2 8.0531E-2 8.76916E-2 9.22877E-2 1.03768E-1 1.02798E-1 1.03147E-1 1.18778E-1 1.3915E-1 1.08778E-1 1.01848E-1 1.26711E-1 1.39537E-1 1.47427E-1
-9999 -9999 -9999 -9999 -9999 -9999 -9999 -9999 1.28482E-1 1.27091E-1 1.29206E-1 1.08454E-1 8.61537E-2 9.90205E-2 9.69741E-2 7.86288E-2 9.00987E-2 9.47654E-2 9.11972E-2 9.34009E-2 9.23782E-2 9.02072E-2 9.02129E-2 9.12096E-2 8.79082E-2 8.44648E-2 8.71293E-2 8.09257E-2 7.98157E-2 7.9959E-2 9.07923E-2 8.36444E-2 8.54548E-2 1.01021E-1 9.73339E-2 1.02992E-1 1.09883E-1 1.0918E-1 1.14499E-1 1.23452E-1 1.02798E-1 9.79071E-2 1.04865E-1 1.01598E-1 9.94592E-2 9.51085E-2 8.72824E-2 8.33431E-2 7.76453E-2 7.46448E-2 7.01208E-2 6.85561E-2 6.17151E-2 5.09679E-2 4.82709E-2 7.23623E-2 8.57867E-2 9.2214E-2 9.82532E-2 1.08113E-1 1.18463E-1 1.22374E-1 1.1471E-1 1.4768E-1 1.58262E-1 1.24041E-1 1.05342E-1 1.54351E-1 1.54455E-1 1.52345E-1
-9999 -9999 -9999 -9999 -9999 -9999 -9999 -9999 -9999 1.27091E-1 1.27522E-1 1.10554E-1 1.13858E-1 1.08062E-1 1.04754E-1 9.79071E-2 1.00389E-1 9.89627E-2 9.54699E-2 9.45105E-2 9.65507E-2 9.51822E-2 9.44195E-2 9.54809E-2 9.44195E-2 9.34009E-2 9.34009E-2 9.44315E-2 9.17277E-2 9.47003E-2 9.81712E-2 9.94592E-2 1.0442E-1 1.07242E-1 1.13599E-1 1.16981E-1 1.24729E-1 1.30523E-1 1.34524E-1 1.33805E-1 1.27312E-1 1.1902E-1 1.17806E-1 1.1604E-1 1.12453E-1 1.05434E-1 9.99001E-2 9.26763E-2 8.44249E-2 8.05972E-2 7.63446E-2 6.90932E-2 6.28362E-2 7.25162E-2 8.09211E-2 8.27429E-2 8.52617E-2 1.00389E-1 1.04982E-1 1.14834E-1 1.26597E-1 1.30611E-1 1.40861E-1 1.6101E-1 1.76085E-1 1.64887E-1 1.2417E-1 1.549E-1 1.65354E-1 1.66839E-1
-9999 -9999 -9999 -9999 -9999 -9999 -9999 -9999 -9999 1.24333E-1 1.23035E-1 1.19453E-1 1.1285E-1 1.10461E-1 1.04754E-1 1.00689E-1 1.01046E-1 1.0207E-1 9.83981E-2 9.87151E-2 9.46916E-2 9.46916E-2 9.42932E-2 9.46916E-2 9.49608E-2 9.51822E-2 9.53557E-2 9.55578E-2 9.77266E-2 9.98802E-2 9.67762E-2 1.01413E-1 1.05185E-1 1.06315E-1 1.13496E-1 1.16758E-1 1.25014E-1 1.38409E-1 1.4119E-1 1.3359E-1 1.27486E-1 1.21751E-1 1.16824E-1 1.19015E-1 1.18112E-1 1.10461E-1 1.05409E-1 9.42456E-2 8.17455E-2 8.21044E-2 8.21044E-2 8.09211E-2 8.3904E-2 8.33431E-2 8.23327E-2 8.48656E-2 9.51085E-2 1.04304E-1 1.11268E-1 1.09916E-1 1.2774E-1 1.4059E-1 1.49816E-1 1.70719E-1 1.76877E-1 1.87427E-1 1.66979E-1 1.76993E-1 1.77812E-1 1.74096E-1
-9999 -9999 -9999 -9999 -9999 -9999 -9999 -9999 -9999 -9999 1.1562E-1 1.14297E-1 1.1285E-1 1.10135E-1 1.03073E-1 1.03939E-1 1.01381E-1 9.90226E-2 9.76114E-2 9.6366E-2 9.52842E-2 9.40118E-2 9.05479E-2 9.26456E-2 9.41192E-2 9.49608E-2 9.30646E-2 9.53557E-2 9.76287E-2 9.98114E-2 9.87071E-2 9.91452E-2 1.00809E-1 1.03651E-1 1.06373E-1 1.13032E-1 1.19254E-1 1.26948E-1 1.3359E-1 1.309E-1 1.24493E-1 1.15677E-1 1.09334E-1 1.16922E-1 1.16824E-1 1.14123E-1 1.02213E-1 9.57344E-2 8.64735E-2 8.41627E-2 7.07681E-2 7.57285E-2 8.48656E-2 8.45937E-2 9.12096E-2 9.82532E-2 1.04304E-1 1.09931E-1 1.14453E-1 1.2148E-1 1.35547E-1 1.45862E-1 1.50499E-1 1.71241E-1 1.78478E-1 1.8958E-1 1.9431E-1 1.79514E-1 1.86643E-1 1.85155E-1
-9999 -9999 -9999 -9999 -9999 -9999 -9999 -9999 -9999 -9999 -9999 1.09545E-1 1.07545E-1 1.08575E-1 1.00809E-1 1.00643E-1 9.88109E-2 9.62166E-2 9.62166E-2 9.63855E-2 9.2988E-2 9.125E-2 9.15925E-2 9.22602E-2 9.15291E-2 9.21934E-2 9.42932E-2 9.38977E-2 9.49608E-2 9.53557E-2 9.76114E-2 9.68703E-2 9.55184E-2 9.95234E-2 1.0105E-1 1.05896E-1 1.12417E-1 1.13988E-1 1.14034E-1 1.11902E-1 1.10694E-1 1.09586E-1 1.08375E-1 1.11902E-1 1.06603E-1 1.03323E-1 9.91452E-2 9.54454E-2 9.24371E-2 8.96458E-2 8.61547E-2 9.13634E-2 9.23782E-2 9.12096E-2 9.75703E-2 1.01983E-1 1.08869E-1 1.11325E-1 1.15345E-1 1.23452E-1 1.32469E-1 1.41804E-1 1.58262E-1 1.63101E-1 1.73697E-1 1.91433E-1 1.89977E-1 1.90821E-1 1.86332E-1 1.90003E-1
-9999 -9999 -9999 -9999 -9999 -9999 -9999 -9999 -9999 -9999 -9999 -9999 -9999 -9999 9.99259E-2 1.00282E-1 -9999 -9999 9.586E-2 9.44383E-2 9.125E-2 9.125E-2 9.04651E-2 9.18997E-2 9.25748E-2 9.0004E-2 9.14938E-2 8.98216E-2 9.29515E-2 9.38977E-2 9.43752E-2 9.4211E-2 9.37074E-2 9.51317E-2 9.62166E-2 9.96903E-2 1.0019E-1 1.04843E-1 1.0369E-1 1.08885E-1 1.07658E-1 1.06006E-1 1.06603E-1 1.0369E-1 1.01314E-1 9.79681E-2 9.31586E-2 9.22602E-2 8.92369E-2 8.93045E-2 9.24371E-2 9.30646E-2 9.73335E-2 9.44315E-2 9.78951E-2 1.04304E-1 1.07764E-1 1.10835E-1 1.18702E-1 1.26597E-1 1.35874E-1 1.41032E-1 1.49731E-1 -9999 -9999 1.59496E-1 1.69792E-1 1.84178E-1 1.93377E-1 1.94768E-1
-9999 -9999 -9999 -9999 -9999 -9999 -9999 -9999 -9999 -9999 -9999 -9999 -9999 -9999 -9999 -9999 -9999 -9999 -9999 -9999 8.94889E-2 -9999 -9999 9.05479E-2 8.95119E-2 8.95119E-2 8.79517E-2 8.73793E-2 9.04524E-2 -9999 9.08564E-2 9.04917E-2 9.04917E-2 9.26456E-2 9.21003E-2 9.31586E-2 9.25656E-2 9.36288E-2 9.90746E-2 9.96903E-2 1.00809E-1 1.00924E-1 9.99259E-2 9.66072E-2 9.47006E-2 9.21003E-2 9.04524E-2 8.71208E-2 8.74302E-2 8.77773E-2 8.94196E-2 9.18997E-2 9.6158E-2 9.68423E-2 1.02802E-1 1.05085E-1 1.10039E-1 1.14637E-1 1.18644E-1 1.20482E-1 1.2931E-1 -9999 -9999 -9999 -9999 -9999 1.48747E-1 1.78471E-1 1.94583E-1 2.01382E-1
-9999 -9999 -9999 -9999 -9999 -9999 -9999 -9999 -9999 -9999 -9999 -9999 -9999 -9999 -9999 -9999 -9999 -9999 -9999 -9999 -9999 -9999 -9999 -9999 -9999 -9999 -9999 -9999 -9999 -9999 -9999 8.91513E-2 8.77773E-2 8.94196E-2 8.79517E-2 8.79517E-2 8.79517E-2 8.79517E-2 9.15925E-2 9.47006E-2 9.36288E-2 -9999 -9999 9.15111E-2 9.10505E-2 8.69383E-2 8.34653E-2 -9999 -9999 -9999 -9999 -9999 9.71122E-2 -9999 -9999 -9999 -9999 -9999 -9999 -9999 -9999 -9999 -9999 -9999 -9999 -9999 1.61572E-1 1.91499E-1 2.03515E-1 2.18163E-1
-9999 -9999 -9999 -9999 -9999 -9999 -9999 -9999 -9999 -9999 -9999 -9999 -9999 -9999 -9999 -9999 -9999 -9999 -9999 -9999 -9999 -9999 -9999 -9999 -9999 -9999 -9999 -9999 -9999 -9999 -9999 -9999 -9999 -9999 8.67678E-2 -9999 8.31605E-2 -9999 -9999 -9999 -9999 -9999 -9999 -9999 -9999 -9999 -9999 -9999 -9999 -9999 -9999 -9999 -9999 -9999 -9999 -9999 -9999 -9999 -9999 -9999 -9999 -9999 -9999 -9999 -9999 -9999 1.90216E-1 2.05988E-1 2.21099E-1 2.26879E-1
-9999 -9999 -9999 -9999 -9999 -9999 -9999 -9999 -9999 -9999 -9999 -9999 -9999 -9999 -9999 -9999 -9999 -9999 -9999 -9999 -9999 -9999 -9999 -9999 -9999 -9999 -9999 -9999 -9999 -9999 -9999 -9999 -9999 -9999 -9999 -9999 -9999 -9999 -9999 -9999 -9999 -9999 -9999 -9999 -9999 -9999 -9999 -9999 -9999 -9999 -9999 -9999 -9999 -9999 -9999 -9999 -9999 -9999 -9999 -9999 -9999 -9999 -9999 -9999 -9999 -9999 2.10312E-1 2.29873E-1 2.28108E-1 2.38372E-1
-9999 -9999 -9999 -9999 -9999 -9999 -9999 -9999 -9999 -9999 -9999 -9999 -9999 -9999 -9999 -9999 -9999 -9999 -9999 -9999 -9999 -9999 -9999 -9999 -9999 -9999 -9999 -9999 -9999 -9999 -9999 -9999 -9999 -9999 -9999 -9999 -9999 -9999 -9999 -9999 -9999 -9999 -9999 -9999 -9999 -9999 -9999 -9999 -9999 -9999 -9999 -9999 -9999 -9999 -9999 -9999 -9999 -9999 -9999 -9999 -9999 -9999 -9999 -9999 -9999 -9999 -9999 -9999 -9999 -9999
-9999 -9999 -9999 -9999 -9999 -9999 -9999 -9999 -9999 -9999 -9999 -9999 -9999 -9999 -9999 -9999 -9999 -9999 -9999 -9999 -9999 -9999 -9999 -9999 -9999 -9999 -9999 -9999 -9999 -9999 -9999 -9999 -9999 -9999 -9999 -9999 -9999 -9999 -9999 -9999 -9999 -9999 -9999 -9999 -9999 -9999 -9999 -9999 -9999 -9999 -9999 -9999 -9999 -9999 -9999 -9999 -9999 -9999 -9999 -9999 -9999 -9999 -9999 -9999 -9999 -9999 -9999 -9999 -9999 2.23059E-1
-9999 -9999 -9999 -9999 -9999 -9999 -9999 -9999 -9999 -9999 -9999 -9999 -9999 -9999 -9999 -9999 -9999 -9999 -9999 -9999 -9999 -9999 -9999 -9999 -9999 -9999 -9999 -9999 -9999 -9999 -9999 -9999 -9999 -9999 -9999 -9999 -9999 -9999 -9999 -9999 -9999 -9999 -9999 -9999 -9999 -9999 -9999 -9999 -9999 -9999 -9999 -9999 -9999 -9999 -9999 -9999 -9999 -9999 -9999 -9999 -9999 -9999 -9999 -9999 -9999 -9999 -9999 -9999 -9999 -9999
