KUENM/Final_Models/M_0.1_F_lq_Set_2_E/sp1_8.asc
ncols         197
nrows         210
xllcorner     56.1666666666667
yllcorner     4.5
cellsize      0.166666666666667
NODATA_value  -9999
[rows 84 to 111 of 210, columns 65 to 129 of 197]
2.3063E-1 2.37174E-1 2.4646E-1 2.48191E-1 2.50425E-1 2.45546E-1 2.42411E-1 2.35366E-1 2.32154E-1 2.42033E-1 2.59692E-1 2.85449E-1 3.02443E-1 2.99081E-1 2.76772E-1 2.50751E-1 2.51225E-1 2.73652E-1 2.98604E-1 3.19628E-1 3.34395E-1 3.36504E-1 3.47045E-1 3.59661E-1 3.59447E-1 3.99701E-1 4.27472E-1 4.38226E-1 4.42739E-1 4.44719E-1 4.7428E-1 5.3983E-1 5.77989E-1 5.98879E-1 6.21594E-1 6.56132E-1 6.70577E-1 6.73727E-1 6.70556E-1 6.63294E-1 5.98089E-1 5.59696E-1 5.96365E-1 6.18887E-1 6.32314E-1 6.37155E-1 6.17724E-1 5.82141E-1 5.82432E-1 5.46988E-1 4.81698E-1 5.00063E-1 5.34099E-1 5.30965E-1 5.57171E-1 5.81372E-1 5.64244E-1 4.88481E-1 4.06643E-1 3.09401E-1 2.46329E-1 3.59124E-1 2.67394E-1 2.22322E-1 2.34611E-1
2.44538E-1 2.52E-1 2.55878E-1 2.60927E-1 2.6832E-1 2.63847E-1 2.54542E-1 2.55585E-1 2.54222E-1 2.60112E-1 2.8259E-1 3.00233E-1 3.16292E-1 3.21551E-1 2.99081E-1 2.7885E-1 2.75285E-1 2.98604E-1 3.32285E-1 3.68039E-1 3.80539E-1 3.82613E-1 3.90878E-1 3.94893E-1 4.01767E-1 4.2455E-1 4.49359E-1 4.64186E-1 4.73677E-1 4.84838E-1 5.05821E-1 5.3594E-1 5.76247E-1 6.19601E-1 6.49458E-1 6.71342E-1 6.7551E-1 6.70502E-1 6.60189E-1 6.08787E-1 5.25434E-1 5.84032E-1 6.11228E-1 6.20576E-1 6.18016E-1 6.14838E-1 5.86012E-1 5.46584E-1 5.23982E-1 4.56006E-1 4.14337E-1 5.00841E-1 5.40266E-1 4.83984E-1 4.97343E-1 5.01763E-1 4.689E-1 4.53008E-1 4.12422E-1 3.27799E-1 2.35453E-1 3.35899E-1 2.41943E-1 1.98662E-1 1.99122E-1
2.63547E-1 2.67478E-1 2.74114E-1 2.7463E-1 2.79069E-1 2.77781E-1 2.75141E-1 2.69463E-1 2.74208E-1 2.80489E-1 2.96764E-1 3.0566E-1 3.17297E-1 3.25809E-1 3.16011E-1 3.04E-1 3.193E-1 3.36504E-1 3.74301E-1 4.11286E-1 4.21329E-1 4.23324E-1 4.29305E-1 4.38712E-1 4.51252E-1 4.6673E-1 4.84294E-1 4.95738E-1 5.11575E-1 5.31144E-1 5.49337E-1 5.69398E-1 6.07615E-1 6.44981E-1 6.73798E-1 6.69049E-1 6.59321E-1 6.52735E-1 5.47456E-1 3.74342E-1 5.36407E-1 6.02708E-1 6.08617E-1 5.95171E-1 5.75122E-1 5.75377E-1 5.56694E-1 5.07166E-1 4.77215E-1 3.70027E-1 3.05917E-1 3.15696E-1 4.13704E-1 4.94917E-1 4.75478E-1 4.27677E-1 3.67913E-1 3.7311E-1 3.65197E-1 2.80623E-1 1.97407E-1 2.29317E-1 2.0779E-1 1.70884E-1 1.53844E-1
2.7153E-1 2.84465E-1 2.82437E-1 2.88528E-1 2.86416E-1 2.89844E-1 2.89784E-1 2.90853E-1 2.95996E-1 3.02354E-1 3.14163E-1 3.16292E-1 3.2368E-1 3.27939E-1 3.30882E-1 3.35765E-1 3.53126E-1 3.72216E-1 4.0317E-1 4.33219E-1 4.50682E-1 4.5653E-1 4.73213E-1 4.82073E-1 4.93539E-1 5.07565E-1 5.21777E-1 5.42869E-1 5.59601E-1 5.78144E-1 6.04976E-1 6.18593E-1 6.53612E-1 6.68549E-1 6.71559E-1 6.06513E-1 6.08171E-1 5.43325E-1 3.71238E-1 4.55618E-1 5.72554E-1 6.05719E-1 6.14308E-1 5.91342E-1 5.57659E-1 5.21812E-1 4.64856E-1 4.3786E-1 4.38482E-1 3.95048E-1 3.23309E-1 2.87264E-1 3.11183E-1 4.1026E-1 4.7188E-1 3.70699E-1 3.1212E-1 2.99116E-1 2.85242E-1 2.06712E-1 1.33104E-1 9.93035E-2 1.14739E-1 1.25179E-1 1.21423E-1
2.52961E-1 2.7349E-1 2.82009E-1 2.86345E-1 2.9233E-1 3.06637E-1 3.07533E-1 3.10922E-1 3.15171E-1 3.19424E-1 3.30068E-1 3.2368E-1 3.28756E-1 3.35134E-1 3.48482E-1 3.63654E-1 3.80393E-1 4.03102E-1 4.2333E-1 4.50794E-1 4.73399E-1 4.86179E-1 5.03506E-1 5.21255E-1 5.32767E-1 5.49073E-1 5.66863E-1 5.91214E-1 6.0885E-1 6.28497E-1 6.51962E-1 6.61864E-1 6.51265E-1 6.66802E-1 5.47034E-1 5.00982E-1 4.48049E-1 3.39213E-1 2.20479E-1 3.77645E-1 5.38981E-1 6.06503E-1 6.16081E-1 5.84474E-1 5.37035E-1 4.79256E-1 4.04443E-1 3.55474E-1 3.5272E-1 3.2401E-1 2.93637E-1 2.86221E-1 2.95637E-1 3.9206E-1 3.53694E-1 3.1419E-1 2.78691E-1 2.72615E-1 2.36397E-1 1.68066E-1 9.82558E-2 4.35664E-2 4.96752E-2 9.59017E-2 1.12474E-1
-9999 2.69437E-1 2.82009E-1 2.92544E-1 3.03003E-1 3.13308E-1 3.193E-1 3.2516E-1 3.33008E-1 3.37259E-1 3.4151E-1 3.26631E-1 3.37259E-1 3.52124E-1 3.71685E-1 3.88393E-1 4.03102E-1 4.21328E-1 4.4878E-1 4.67816E-1 4.91439E-1 5.06539E-1 5.29496E-1 5.4472E-1 5.63984E-1 5.89935E-1 6.11644E-1 6.3395E-1 6.48174E-1 6.64947E-1 6.75729E-1 6.7939E-1 6.73017E-1 6.60191E-1 3.52148E-2 4.66395E-1 3.1649E-1 2.50519E-1 2.77104E-1 3.07235E-1 5.04186E-1 5.68876E-1 5.68879E-1 4.99848E-1 4.48177E-1 3.88963E-1 3.64942E-1 3.26866E-1 2.70758E-1 2.40507E-1 2.51645E-1 3.01645E-1 2.98029E-1 3.46382E-1 2.59208E-1 1.94901E-1 2.3254E-1 2.37689E-1 2.11233E-1 1.38442E-1 8.15912E-2 3.45127E-2 4.54476E-2 9.3679E-2 1.26525E-1
-9999 2.77556E-1 2.89823E-1 2.9642E-1 3.15586E-1 3.26095E-1 3.36504E-1 3.4468E-1 3.53126E-1 3.61164E-1 3.61164E-1 3.59054E-1 3.65378E-1 3.80062E-1 3.9254E-1 4.0694E-1 4.21135E-1 4.33114E-1 4.54297E-1 4.80239E-1 5.03058E-1 5.31119E-1 5.6504E-1 5.80834E-1 6.00615E-1 6.20407E-1 6.4351E-1 6.63536E-1 6.73236E-1 6.82604E-1 6.85684E-1 6.84185E-1 6.49064E-1 5.91406E-1 4.61846E-1 1.62978E-1 3.07663E-1 2.03775E-1 2.70538E-1 2.68624E-1 5.462E-1 6.17724E-1 5.86843E-1 4.54928E-1 3.67222E-1 2.97235E-1 2.4611E-1 2.42344E-1 2.4943E-1 2.72297E-1 3.13203E-1 3.43497E-1 3.55556E-1 3.3006E-1 2.1427E-1 1.67736E-1 1.90012E-1 2.5128E-1 1.69399E-1 1.02236E-1 8.82021E-2 6.68905E-2 7.88059E-2 1.16012E-1 1.33104E-1
-9999 2.83136E-1 2.98048E-1 3.08849E-1 3.21681E-1 3.32352E-1 3.4712E-1 3.63854E-1 3.84684E-1 4.01055E-1 4.05144E-1 4.11018E-1 4.15079E-1 4.19121E-1 4.23144E-1 4.30782E-1 4.38712E-1 4.53842E-1 4.67204E-1 4.90633E-1 5.19582E-1 5.51462E-1 5.8414E-1 5.987E-1 6.23042E-1 6.43871E-1 6.6419E-1 6.77501E-1 6.81822E-1 6.86818E-1 6.88116E-1 6.80065E-1 6.42813E-1 4.96852E-1 2.39399E-1 2.28387E-1 3.22943E-1 1.82268E-1 1.60032E-1 3.20926E-1 5.90086E-1 6.5863E-1 6.16861E-1 4.77799E-1 4.17426E-1 3.081E-1 2.25639E-1 1.98767E-1 2.31837E-1 2.69797E-1 3.23309E-1 3.41911E-1 3.55556E-1 2.92269E-1 2.0939E-1 1.76136E-1 1.93878E-1 1.92282E-1 1.33354E-1 8.76328E-2 1.03688E-1 1.24058E-1 1.35919E-1 1.47763E-1 1.43771E-1
-9999 -9999 3.05664E-1 3.2079E-1 3.31725E-1 3.48821E-1 3.67868E-1 3.92853E-1 4.19149E-1 4.42979E-1 4.65963E-1 4.73389E-1 4.71543E-1 4.65942E-1 4.65942E-1 4.67608E-1 4.61942E-1 4.65315E-1 4.78397E-1 4.99546E-1 5.31119E-1 5.64702E-1 5.9125E-1 6.17752E-1 6.39482E-1 6.60158E-1 6.76705E-1 6.88444E-1 6.8975E-1 6.90361E-1 6.89075E-1 6.82257E-1 6.52696E-1 5.65965E-1 3.74049E-1 3.27558E-1 3.18852E-1 1.81994E-1 3.24928E-1 5.33859E-1 6.3561E-1 6.70829E-1 6.50597E-1 5.81088E-1 5.53354E-1 3.84071E-1 1.98767E-1 1.86719E-1 2.28087E-1 2.60564E-1 3.17706E-1 3.736E-1 3.35938E-1 2.49465E-1 2.13082E-1 2.10285E-1 2.19934E-1 2.0509E-1 1.09921E-1 8.75827E-2 1.15314E-1 1.79048E-1 2.0779E-1 1.73748E-1 1.3098E-1
-9999 -9999 3.20089E-1 3.37367E-1 3.51842E-1 3.73136E-1 3.92128E-1 4.22739E-1 4.56066E-1 4.90703E-1 5.20043E-1 5.30138E-1 5.20455E-1 5.08954E-1 4.9685E-1 4.91439E-1 4.86116E-1 4.67648E-1 4.76549E-1 5.15498E-1 5.4885E-1 5.8127E-1 6.12959E-1 6.34213E-1 6.55928E-1 6.70805E-1 6.83745E-1 6.91295E-1 6.92673E-1 6.92877E-1 6.88963E-1 6.85947E-1 6.80065E-1 6.25979E-1 4.86191E-1 3.27768E-1 2.65335E-1 2.6226E-1 3.41911E-1 5.20059E-1 6.57525E-1 6.77569E-1 6.77362E-1 6.4122E-1 5.37199E-1 3.45514E-1 2.03141E-1 1.89695E-1 2.21688E-1 2.57115E-1 3.13687E-1 3.37788E-1 2.29959E-1 1.90165E-1 2.10583E-1 2.25341E-1 2.12144E-1 1.85196E-1 1.12524E-1 8.33618E-2 1.05088E-1 1.83196E-1 2.14404E-1 1.54682E-1 6.12937E-2
-9999 -9999 -9999 3.51004E-1 3.64194E-1 3.93508E-1 4.24126E-1 4.5107E-1 4.8298E-1 5.29745E-1 5.63386E-1 5.70176E-1 5.62452E-1 5.44103E-1 5.12342E-1 4.75246E-1 4.40993E-1 4.32773E-1 4.69087E-1 5.20148E-1 5.56338E-1 5.96593E-1 6.26578E-1 6.46569E-1 6.64821E-1 6.77029E-1 6.84739E-1 6.88444E-1 6.91116E-1 6.92846E-1 6.84317E-1 6.81512E-1 6.75904E-1 6.37906E-1 5.49816E-1 3.80152E-1 2.90173E-1 3.50515E-1 3.71077E-1 4.1625E-1 5.76297E-1 6.52429E-1 6.41293E-1 5.57513E-1 3.67656E-1 3.08774E-1 1.82448E-1 1.78328E-1 2.40272E-1 2.89642E-1 2.82152E-1 2.81675E-1 2.29249E-1 2.12116E-1 2.1991E-1 2.02567E-1 1.72988E-1 1.2784E-1 9.31894E-2 6.50413E-2 6.32617E-2 1.31202E-1 1.73932E-1 9.80128E-2 2.71609E-2
-9999 -9999 -9999 -9999 -9999 -9999 -9999 4.74008E-1 5.12774E-1 5.49684E-1 5.70353E-1 5.83832E-1 5.89633E-1 5.82435E-1 5.34868E-1 4.46842E-1 3.54244E-1 3.96209E-1 4.76549E-1 5.36719E-1 5.8659E-1 6.22928E-1 6.46216E-1 6.61721E-1 6.72458E-1 6.81246E-1 6.87378E-1 6.90527E-1 6.92094E-1 6.93497E-1 6.85898E-1 6.71105E-1 6.51289E-1 6.22742E-1 5.75594E-1 4.84038E-1 3.86367E-1 3.86367E-1 4.047E-1 4.62662E-1 5.71181E-1 6.17385E-1 5.92612E-1 4.14701E-1 1.60324E-1 1.64737E-1 1.32631E-1 1.38403E-1 2.36141E-1 2.5668E-1 2.36141E-1 2.37501E-1 2.1575E-1 2.29959E-1 1.94589E-1 1.43653E-1 1.14127E-1 9.67359E-2 6.95819E-2 3.69075E-2 3.52781E-2 7.27573E-2 1.21355E-1 4.63236E-2 9.44744E-3
-9999 -9999 -9999 -9999 -9999 -9999 -9999 -9999 5.33312E-1 5.56677E-1 5.81323E-1 5.96837E-1 6.06906E-1 6.08267E-1 5.76609E-1 5.04505E-1 4.52712E-1 4.73389E-1 5.22342E-1 5.7614E-1 6.18593E-1 6.42929E-1 6.59225E-1 6.69425E-1 6.77966E-1 6.85093E-1 6.90069E-1 6.92858E-1 6.93611E-1 6.92067E-1 6.79305E-1 6.47815E-1 6.05909E-1 5.85231E-1 5.83789E-1 5.53313E-1 4.76571E-1 4.542E-1 4.56175E-1 4.58076E-1 4.89356E-1 5.45809E-1 5.58955E-1 3.94509E-1 1.71432E-1 1.50256E-1 1.09931E-1 1.11605E-1 1.56239E-1 1.8061E-1 2.03141E-1 2.1575E-1 2.05433E-1 2.05433E-1 1.45522E-1 7.98191E-2 6.33431E-2 6.41997E-2 4.73284E-2 1.75698E-2 1.03248E-2 1.80994E-2 3.00878E-2 1.48191E-2 5.06176E-3
-9999 -9999 -9999 -9999 -9999 -9999 -9999 -9999 -9999 5.66113E-1 5.83739E-1 5.98989E-1 6.14789E-1 6.07165E-1 5.90913E-1 5.71604E-1 5.7003E-1 5.67543E-1 5.77294E-1 6.08722E-1 6.3391E-1 6.5143E-1 6.64269E-1 6.75569E-1 6.83745E-1 6.88535E-1 6.92718E-1 6.94128E-1 6.9428E-1 6.91082E-1 6.6839E-1 6.24377E-1 5.54186E-1 5.21503E-1 5.69015E-1 5.42679E-1 4.57334E-1 4.22392E-1 4.50353E-1 4.39808E-1 3.65805E-1 3.21985E-1 3.94519E-1 3.19395E-1 1.14031E-1 1.07404E-1 1.44023E-1 1.3737E-1 1.3304E-1 1.51267E-1 2.09002E-1 2.18034E-1 2.07574E-1 1.71751E-1 9.76909E-2 4.23559E-2 3.91167E-2 4.52443E-2 3.21897E-2 7.89869E-3 1.22491E-3 3.19141E-3 6.21984E-3 5.4642E-3 2.89284E-3
-9999 -9999 -9999 -9999 -9999 -9999 -9999 -9999 -9999 5.7387E-1 5.873E-1 6.00053E-1 6.11065E-1 6.10939E-1 6.07289E-1 5.98601E-1 5.95869E-1 5.91931E-1 5.97037E-1 6.17819E-1 6.37902E-1 6.57199E-1 6.74282E-1 6.83663E-1 6.88412E-1 6.90509E-1 6.93273E-1 6.93547E-1 6.91794E-1 6.92229E-1 6.55052E-1 6.07938E-1 5.65865E-1 5.02088E-1 5.07325E-1 4.75641E-1 3.97245E-1 3.49608E-1 3.67919E-1 3.29671E-1 2.40949E-1 2.16925E-1 2.51394E-1 2.25757E-1 1.50214E-1 1.61174E-1 1.70728E-1 1.70276E-1 1.69044E-1 1.78328E-1 2.38599E-1 2.29317E-1 1.62527E-1 9.70601E-2 4.23285E-2 1.95871E-2 2.42583E-2 3.78148E-2 3.51069E-2 1.18661E-2 2.10079E-3 1.51345E-3 2.27753E-3 2.1823E-3 9.08589E-4
-9999 -9999 -9999 -9999 -9999 -9999 -9999 -9999 -9999 -9999 -9999 6.0292E-1 6.10118E-1 6.14082E-1 6.15966E-1 6.13079E-1 6.1077E-1 6.07216E-1 6.09349E-1 6.26266E-1 6.46216E-1 6.66134E-1 6.83569E-1 6.89251E-1 6.90504E-1 6.90504E-1 6.90669E-1 6.91612E-1 6.91943E-1 6.905E-1 6.4021E-1 5.41307E-1 5.50576E-1 5.28477E-1 4.28211E-1 3.80722E-1 4.10866E-1 3.73354E-1 3.35087E-1 2.70602E-1 1.99342E-1 2.11216E-1 2.59286E-1 3.29256E-1 3.42177E-1 3.27175E-1 2.36905E-1 1.77255E-1 1.78929E-1 1.8703E-1 2.44239E-1 2.22113E-1 1.27879E-1 6.5969E-2 2.73495E-2 1.66203E-2 1.89594E-2 2.5983E-2 2.90753E-2 1.74662E-2 7.47903E-3 3.65746E-3 2.1823E-3 8.17259E-4 4.19247E-4
-9999 -9999 -9999 -9999 -9999 -9999 -9999 -9999 -9999 -9999 -9999 -9999 -9999 6.15012E-1 6.17662E-1 6.18614E-1 6.22952E-1 -9999 -9999 6.46482E-1 6.55037E-1 6.68744E-1 6.86074E-1 6.89433E-1 6.87785E-1 6.88065E-1 6.88006E-1 6.87675E-1 6.91818E-1 6.86691E-1 6.34717E-1 5.05495E-1 5.39733E-1 4.88705E-1 3.17652E-1 2.49876E-1 3.91216E-1 4.05764E-1 3.15895E-1 2.11678E-1 1.17659E-1 1.23701E-1 2.29491E-1 3.62919E-1 4.01243E-1 4.03225E-1 2.68374E-1 1.91841E-1 1.70502E-1 1.65966E-1 1.93988E-1 1.80571E-1 1.04162E-1 5.84125E-2 3.45713E-2 1.98467E-2 2.11559E-2 3.35609E-2 4.86979E-2 3.67629E-2 2.01204E-2 1.29535E-2 6.40828E-3 2.40307E-3 1.27988E-3
-9999 -9999 -9999 -9999 -9999 -9999 -9999 -9999 -9999 -9999 -9999 -9999 -9999 6.12943E-1 6.14789E-1 -9999 -9999 6.60301E-1 6.62976E-1 6.69032E-1 6.73084E-1 6.72445E-1 6.86489E-1 6.8064E-1 6.81709E-1 6.82317E-1 6.86516E-1 6.88723E-1 6.91878E-1 6.84289E-1 6.53552E-1 6.13577E-1 5.88458E-1 4.85055E-1 3.04082E-1 2.3979E-1 3.47883E-1 3.44621E-1 2.4299E-1 1.21147E-1 4.95102E-2 5.37437E-2 1.2784E-1 2.32173E-1 3.22693E-1 3.53117E-1 3.02012E-1 2.27475E-1 1.82196E-1 1.56795E-1 1.34961E-1 1.15144E-1 7.68326E-2 5.63519E-2 7.45903E-2 7.48866E-2 6.24167E-2 7.31966E-2 5.47345E-2 3.56409E-2 1.88255E-2 9.91595E-3 4.43325E-3 2.41712E-3 1.08748E-3
-9999 -9999 -9999 -9999 -9999 -9999 -9999 -9999 -9999 -9999 -9999 5.97595E-1 5.98601E-1 6.06906E-1 6.42606E-1 6.52299E-1 6.6458E-1 6.67099E-1 6.67721E-1 6.72973E-1 6.77519E-1 6.82702E-1 6.71423E-1 6.53347E-1 6.55475E-1 6.69636E-1 6.81605E-1 6.88116E-1 6.90661E-1 6.84624E-1 6.7126E-1 6.56522E-1 6.20755E-1 5.33351E-1 3.87902E-1 3.21122E-1 2.88355E-1 2.45003E-1 1.2882E-1 3.99834E-2 1.76051E-2 2.38759E-2 6.779E-2 1.8878E-1 3.1626E-1 3.92296E-1 4.26884E-1 4.0827E-1 3.7311E-1 2.89028E-1 1.60956E-1 1.0939E-1 7.02693E-2 1.84918E-1 2.59425E-1 2.31353E-1 1.57828E-1 8.39902E-2 4.76944E-2 2.20521E-2 1.06516E-2 4.18273E-3 1.85156E-3 1.13269E-3 1.4975E-3
-9999 -9999 -9999 -9999 -9999 -9999 -9999 -9999 -9999 -9999 -9999 6.06356E-1 6.0556E-1 6.14461E-1 6.29457E-1 6.56847E-1 6.60942E-1 6.60883E-1 6.58154E-1 6.64327E-1 6.7315E-1 6.73299E-1 6.37439E-1 6.23986E-1 6.37857E-1 6.54657E-1 6.76824E-1 6.846E-1 6.86162E-1 6.87865E-1 6.86383E-1 6.80949E-1 6.44566E-1 5.74502E-1 4.45787E-1 2.79507E-1 9.74437E-2 9.27228E-2 6.01643E-2 2.05721E-2 1.41586E-2 1.66564E-2 5.13488E-2 1.68066E-1 3.29865E-1 4.41878E-1 5.15194E-1 5.23643E-1 4.96415E-1 5.13711E-1 4.44553E-1 3.84164E-1 3.73392E-1 3.85927E-1 3.5232E-1 2.95185E-1 1.9869E-1 1.05064E-1 3.62876E-2 6.81621E-3 2.30407E-3 1.11629E-3 1.0118E-3 1.44893E-3 2.61977E-3
-9999 -9999 -9999 -9999 -9999 -9999 -9999 -9999 -9999 -9999 -9999 -9999 6.18392E-1 6.25237E-1 6.37639E-1 6.56663E-1 6.45402E-1 6.27199E-1 6.24683E-1 6.43588E-1 6.60427E-1 6.59021E-1 6.39401E-1 6.32779E-1 6.47899E-1 6.5517E-1 6.71345E-1 6.80423E-1 6.84513E-1 6.89527E-1 6.89913E-1 6.86383E-1 6.64716E-1 5.79957E-1 4.61368E-1 3.07614E-1 9.68247E-2 5.31472E-2 3.84556E-2 2.56114E-2 2.67993E-2 2.92056E-2 7.25909E-2 1.71941E-1 3.88312E-1 4.95612E-1 5.7589E-1 6.02509E-1 5.90316E-1 5.7734E-1 5.10309E-1 4.5201E-1 4.14295E-1 3.54842E-1 3.18407E-1 2.74313E-1 1.65736E-1 8.91274E-2 2.27942E-2 1.4732E-3 1.9745E-4 1.93231E-4 5.76538E-4 1.59533E-3 5.92817E-3
-9999 -9999 -9999 -9999 -9999 -9999 -9999 -9999 -9999 -9999 -9999 -9999 -9999 6.4456E-1 6.57106E-1 6.58902E-1 6.25441E-1 6.11416E-1 6.16111E-1 6.33903E-1 6.47405E-1 6.54657E-1 6.50225E-1 6.52997E-1 6.64138E-1 6.66371E-1 6.7649E-1 6.82984E-1 6.88704E-1 6.90861E-1 6.89069E-1 6.82879E-1 -9999 5.96727E-1 4.59983E-1 3.51216E-1 1.40992E-1 5.02865E-2 2.69329E-2 2.56114E-2 2.87914E-2 3.51021E-2 1.02684E-1 2.61001E-1 2.78057E-1 3.46602E-1 5.79873E-1 5.94445E-1 6.08948E-1 5.89194E-1 5.37199E-1 4.9785E-1 4.44535E-1 3.15021E-1 2.25757E-1 1.83219E-1 1.22734E-1 5.66971E-2 8.90046E-3 4.56593E-4 5.63433E-5 1.06463E-4 1.05773E-3 8.13626E-3 1.23289E-2
-9999 -9999 -9999 -9999 -9999 -9999 -9999 -9999 -9999 -9999 -9999 -9999 -9999 -9999 6.60064E-1 6.40348E-1 5.7114E-1 5.80512E-1 5.81599E-1 6.02822E-1 6.11833E-1 6.27465E-1 6.44968E-1 6.56929E-1 6.60618E-1 6.63936E-1 6.72758E-1 6.80374E-1 6.84437E-1 6.83982E-1 6.79658E-1 6.69466E-1 -9999 5.97956E-1 4.81157E-1 3.38511E-1 1.45739E-1 2.64486E-2 4.17136E-3 3.0258E-3 5.47345E-3 1.55483E-2 5.16182E-2 2.1838E-1 4.15565E-1 5.1497E-1 5.33126E-1 5.33126E-1 5.42797E-1 5.12966E-1 4.65967E-1 5.13445E-1 4.32192E-1 3.34117E-1 2.16297E-1 1.69639E-1 1.26964E-1 4.21645E-2 4.19161E-3 2.24414E-4 1.53481E-4 2.80995E-4 1.6966E-3 1.88109E-2 4.54476E-2
-9999 -9999 -9999 -9999 -9999 -9999 -9999 -9999 -9999 -9999 -9999 -9999 -9999 -9999 -9999 6.2714E-1 5.90122E-1 5.683E-1 5.56911E-1 5.17179E-1 4.46158E-1 4.9174E-1 6.03539E-1 6.46355E-1 6.62877E-1 6.63037E-1 6.66231E-1 6.68193E-1 6.65973E-1 6.56488E-1 6.32224E-1 6.40321E-1 6.29287E-1 5.52816E-1 4.12015E-1 2.57943E-1 5.88707E-2 5.19519E-3 5.95698E-4 4.75368E-4 2.48539E-3 2.77749E-2 1.82484E-1 4.56698E-1 5.91389E-1 6.33276E-1 6.1995E-1 5.46584E-1 5.00918E-1 4.26654E-1 3.26112E-1 3.67682E-1 2.64859E-1 2.04923E-1 1.59341E-1 1.6146E-1 1.20314E-1 4.76944E-2 9.65784E-3 1.4732E-3 2.55877E-4 1.25793E-5 1.15412E-5 8.89673E-4 3.24039E-2
-9999 -9999 -9999 -9999 -9999 -9999 -9999 -9999 -9999 -9999 -9999 -9999 -9999 -9999 -9999 -9999 5.70739E-1 5.44845E-1 5.06252E-1 4.36905E-1 3.32854E-1 4.23482E-1 5.83749E-1 6.36334E-1 6.54997E-1 6.60305E-1 6.64937E-1 6.62723E-1 6.42849E-1 6.38882E-1 6.18404E-1 6.11792E-1 -9999 4.00436E-1 2.98489E-1 8.42892E-2 4.6406E-3 1.34984E-4 1.83757E-5 3.77245E-5 1.20266E-3 2.89157E-2 2.61294E-1 5.74641E-1 6.50176E-1 6.70134E-1 6.53956E-1 5.98658E-1 5.48519E-1 4.89503E-1 4.16054E-1 2.49336E-1 1.37393E-1 2.23088E-1 2.02552E-1 2.63317E-1 2.37738E-1 1.47875E-1 4.95102E-2 5.34088E-3 2.74842E-4 2.35858E-6 2.29504E-5 8.28332E-3 1.26024E-1
-9999 -9999 -9999 -9999 -9999 -9999 -9999 -9999 -9999 -9999 -9999 -9999 -9999 -9999 -9999 -9999 -9999 5.08803E-1 4.69241E-1 4.10529E-1 4.0807E-1 4.71337E-1 5.44921E-1 5.77391E-1 6.20435E-1 6.40699E-1 6.50558E-1 6.33484E-1 6.16708E-1 5.99273E-1 5.71084E-1 -9999 -9999 1.36201E-1 4.41851E-2 1.57667E-3 5.37344E-5 1.36706E-6 2.17624E-7 2.43832E-6 2.46209E-4 1.37026E-2 3.04313E-1 6.01657E-1 6.69355E-1 6.82224E-1 6.68744E-1 6.04453E-1 5.69015E-1 5.09669E-1 4.69336E-1 4.30764E-1 4.33514E-1 4.46483E-1 4.72484E-1 4.50889E-1 3.56949E-1 1.14001E-1 4.72956E-2 1.05149E-2 3.3203E-3 1.80995E-2 2.35273E-1 3.80004E-1 3.84298E-1
-9999 -9999 -9999 -9999 -9999 -9999 -9999 -9999 -9999 -9999 -9999 -9999 -9999 -9999 -9999 -9999 -9999 -9999 4.64003E-1 4.78975E-1 5.17502E-1 5.40846E-1 5.47174E-1 5.98817E-1 6.21829E-1 6.47529E-1 6.65879E-1 6.55475E-1 6.24123E-1 5.77052E-1 5.36138E-1 -9999 -9999 2.21323E-2 1.40482E-3 1.87061E-5 9.81199E-7 3.44044E-8 1.01536E-9 1.55395E-8 1.66537E-5 1.66004E-2 4.08473E-1 6.15682E-1 6.63294E-1 6.79999E-1 6.70263E-1 6.39432E-1 6.14901E-1 5.53598E-1 5.00326E-1 4.98557E-1 5.41307E-1 5.48141E-1 5.86274E-1 5.15386E-1 3.95809E-1 4.38793E-1 4.87194E-1 4.83027E-1 4.89E-1 5.23161E-1 5.18162E-1 4.81191E-1 4.43744E-1
-9999 -9999 -9999 -9999 -9999 -9999 -9999 -9999 -9999 -9999 -9999 -9999 -9999 -9999 -9999 -9999 -9999 -9999 -9999 5.16492E-1 5.97883E-1 5.86012E-1 5.60755E-1 6.06127E-1 6.47892E-1 6.63936E-1 6.66442E-1 6.54297E-1 -9999 -9999 -9999 -9999 -9999 -9999 3.60118E-5 3.89102E-8 1.09164E-10 1.26995E-11 4.49008E-13 1.93043E-11 7.5224E-7 2.75915E-2 4.89844E-1 6.34214E-1 6.60732E-1 6.77339E-1 6.68615E-1 6.35978E-1 5.95271E-1 5.44221E-1 4.75641E-1 4.27865E-1 4.62451E-1 5.02732E-1 5.65865E-1 5.96727E-1 5.89168E-1 6.02789E-1 6.23883E-1 5.96727E-1 5.81299E-1 5.82632E-1 5.3011E-1 4.77667E-1 3.94331E-1
