KUENM/Final_Models/M_0.1_F_lq_Set_2_E/sp1_4_se_asia.asc
ncols         320
nrows         243
xllcorner     44.0
yllcorner     -0.666666666666667
cellsize      0.166666666666667
NODATA_value  -9999
[rows 62 to 92 of 243, columns 70 to 139 of 320]
1.01719E-2 8.06238E-3 6.03221E-3 3.7482E-3 2.66235E-3 1.78957E-3 5.31693E-4 1.05607E-3 1.12915E-3 4.2329E-4 2.18535E-3 3.93669E-3 5.36523E-3 6.70941E-3 7.38856E-3 9.3602E-3 1.25978E-2 1.38479E-2 1.42031E-2 1.46723E-2 1.51274E-2 1.55802E-2 1.56103E-2 1.56232E-2 1.58011E-2 1.05176E-2 5.48743E-3 5.76332E-3 5.33575E-3 3.59854E-3 5.26126E-3 7.05767E-3 6.90531E-3 5.81424E-3 8.33814E-3 1.25356E-2 1.26161E-2 1.16567E-2 1.10695E-2 1.07273E-2 1.07273E-2 9.18337E-3 8.90274E-3 9.04276E-3 8.52542E-3 7.65653E-3 5.73199E-3 5.86579E-3 5.75876E-3 6.15387E-3 6.51774E-3 7.43873E-3 1.03764E-2 1.41877E-2 1.86887E-2 2.04442E-2 2.25229E-2 2.5239E-2 2.75867E-2 2.98204E-2 3.19557E-2 3.36134E-2 3.01671E-2 1.83525E-2 1.03866E-2 9.45081E-3 5.04221E-3 5.20064E-3 8.83647E-3 1.81876E-2
1.09419E-2 1.04285E-2 8.56206E-3 5.51639E-3 4.37412E-3 4.04989E-3 3.18826E-3 4.07883E-3 3.66024E-3 1.33889E-3 2.4337E-3 2.06576E-3 3.74747E-3 7.49896E-3 9.20016E-3 8.83939E-3 1.17492E-2 1.27303E-2 1.38479E-2 1.46553E-2 1.53808E-2 1.55974E-2 1.61065E-2 1.58638E-2 1.57745E-2 1.39274E-2 8.71282E-3 7.52615E-3 7.02925E-3 4.84404E-3 4.99744E-3 4.64581E-3 6.85872E-3 9.3602E-3 6.59171E-3 1.03429E-2 1.17038E-2 1.12049E-2 1.03011E-2 1.02092E-2 9.32861E-3 7.57373E-3 6.46717E-3 8.44485E-3 9.18337E-3 8.70956E-3 7.69832E-3 8.35996E-3 7.53219E-3 8.10305E-3 8.47004E-3 1.03394E-2 1.28688E-2 1.57303E-2 1.8151E-2 2.01499E-2 2.25229E-2 2.40771E-2 2.68218E-2 2.8597E-2 3.01184E-2 3.05157E-2 2.05385E-2 1.46987E-2 7.3829E-3 5.61881E-3 4.15911E-3 4.17898E-3 1.20839E-2 1.58502E-2
1.13762E-2 1.1741E-2 9.83019E-3 7.46729E-3 5.82124E-3 6.32706E-3 6.7314E-3 7.37846E-3 6.45695E-3 2.76165E-3 1.99556E-3 1.36846E-3 4.58188E-3 5.00477E-3 8.75495E-3 1.02103E-2 1.13957E-2 1.29276E-2 1.38968E-2 1.45426E-2 1.53774E-2 1.61065E-2 1.63706E-2 1.6319E-2 1.7404E-2 1.49042E-2 6.66284E-3 8.55054E-3 8.13243E-3 6.79588E-3 5.02462E-3 3.89069E-3 6.17419E-3 1.14369E-2 1.13811E-2 1.1462E-2 1.15713E-2 1.13788E-2 1.0864E-2 1.05321E-2 9.54342E-3 8.95518E-3 6.67561E-3 8.23449E-3 1.10695E-2 1.06643E-2 1.03155E-2 1.02342E-2 9.84233E-3 1.05063E-2 1.1268E-2 1.19005E-2 1.35061E-2 1.55006E-2 1.77779E-2 2.00397E-2 2.1674E-2 2.35001E-2 2.55994E-2 2.58781E-2 2.65882E-2 2.49036E-2 1.83788E-2 7.20218E-3 6.50543E-3 4.01357E-3 2.12201E-3 4.00145E-3 8.94211E-3 2.52973E-2
9.74201E-3 1.08351E-2 6.53353E-3 9.01895E-3 5.52608E-3 7.14533E-3 6.66916E-3 8.16267E-3 9.74909E-3 9.38223E-3 9.39444E-3 8.38003E-3 1.03512E-2 3.8766E-3 4.44693E-3 9.46482E-3 1.18411E-2 1.40946E-2 1.38968E-2 1.5266E-2 1.63532E-2 1.66238E-2 1.68652E-2 1.69952E-2 1.7641E-2 1.72143E-2 1.08238E-2 8.63196E-3 9.20016E-3 7.12668E-3 4.59667E-3 4.26027E-3 6.86754E-3 1.00572E-2 1.28407E-2 1.40263E-2 1.32593E-2 1.31669E-2 1.28599E-2 1.29023E-2 1.20797E-2 1.15221E-2 1.1126E-2 1.19944E-2 1.22141E-2 1.25048E-2 1.1894E-2 1.18412E-2 1.17338E-2 1.2675E-2 1.26707E-2 1.32525E-2 1.45014E-2 1.59589E-2 1.76266E-2 1.89954E-2 1.86274E-2 1.99859E-2 2.19233E-2 2.57179E-2 2.66332E-2 2.01245E-2 1.12495E-2 6.34162E-3 5.49867E-3 2.80692E-3 1.57227E-3 6.5713E-3 2.74985E-2 4.01384E-2
1.23719E-2 1.26757E-2 1.32484E-2 1.17968E-2 4.20319E-3 6.90804E-3 6.99106E-3 5.00877E-3 8.36629E-3 9.74909E-3 1.04872E-2 1.66164E-2 1.71547E-2 8.16436E-3 2.2931E-3 4.74165E-3 1.05258E-2 1.30627E-2 1.48219E-2 1.59874E-2 1.73912E-2 1.7149E-2 1.79455E-2 1.7888E-2 1.84084E-2 1.78503E-2 1.29696E-2 8.54677E-3 9.73594E-3 7.57629E-3 4.78883E-3 3.05812E-3 4.83859E-3 7.09809E-3 9.78937E-3 1.34529E-2 1.47218E-2 1.41614E-2 1.4374E-2 1.43958E-2 1.39523E-2 1.33426E-2 1.31355E-2 1.33426E-2 1.33463E-2 1.39689E-2 1.36338E-2 1.35191E-2 1.37905E-2 1.3814E-2 1.40505E-2 1.36634E-2 1.41551E-2 1.48811E-2 1.44519E-2 1.28332E-2 1.43445E-2 1.87023E-2 2.43084E-2 2.69605E-2 2.75566E-2 1.68948E-2 8.35509E-3 7.20409E-3 5.93245E-3 2.64409E-3 4.95609E-3 5.92963E-3 1.96397E-2 4.74701E-2
1.94976E-2 2.05569E-2 2.07402E-2 1.71006E-2 1.47738E-2 1.54507E-2 1.05773E-2 4.47426E-3 7.64736E-3 1.02565E-2 1.15051E-2 1.81995E-2 2.09089E-2 1.66782E-2 9.56214E-3 2.73102E-3 7.59921E-3 1.19296E-2 1.48192E-2 1.66075E-2 1.81867E-2 1.82216E-2 1.87469E-2 1.87202E-2 1.88912E-2 1.88044E-2 1.60744E-2 9.65846E-3 1.12924E-2 9.6877E-3 7.68245E-3 4.81371E-3 2.03114E-3 5.78809E-3 9.3715E-3 1.34259E-2 1.6306E-2 1.57087E-2 1.55332E-2 1.58638E-2 1.51425E-2 1.51141E-2 1.46439E-2 1.4838E-2 1.50966E-2 1.51416E-2 1.51392E-2 1.48516E-2 1.52328E-2 1.48219E-2 1.26506E-2 1.12416E-2 1.15917E-2 1.38397E-2 1.55569E-2 1.67933E-2 2.10438E-2 2.49E-2 2.5624E-2 2.7512E-2 2.56684E-2 1.44015E-2 9.43259E-3 9.92037E-3 4.34043E-3 2.87762E-3 1.08403E-2 1.15017E-2 2.92321E-2 5.1637E-2
2.40691E-2 2.45304E-2 2.61275E-2 2.73711E-2 2.64099E-2 2.2026E-2 1.56445E-2 1.28998E-2 1.08403E-2 1.48553E-2 1.96838E-2 2.13021E-2 2.2676E-2 2.0541E-2 1.81869E-2 1.26068E-2 7.76129E-3 1.02272E-2 1.44731E-2 1.73999E-2 1.87317E-2 1.85108E-2 1.87317E-2 1.93588E-2 1.96559E-2 1.8151E-2 1.85272E-2 1.44263E-2 1.28314E-2 1.24789E-2 1.09537E-2 8.78892E-3 8.66713E-3 9.61771E-3 1.16074E-2 8.31032E-3 1.36259E-2 1.68611E-2 1.71095E-2 1.74155E-2 1.66046E-2 1.60941E-2 1.62842E-2 1.65115E-2 1.65415E-2 1.63309E-2 1.61065E-2 1.63693E-2 1.6319E-2 1.5646E-2 1.42844E-2 1.55645E-2 1.68032E-2 1.79103E-2 1.94462E-2 2.18517E-2 2.28967E-2 2.42659E-2 2.6449E-2 2.83698E-2 2.29796E-2 1.18405E-2 1.23495E-2 1.13359E-2 6.65096E-3 1.72444E-2 1.94785E-2 1.98267E-2 3.77258E-2 5.59759E-2
3.33419E-2 3.26461E-2 3.10224E-2 3.09522E-2 2.68224E-2 2.64645E-2 1.99521E-2 1.19304E-2 1.87372E-2 2.40083E-2 2.59554E-2 2.54447E-2 2.51644E-2 2.32327E-2 2.1319E-2 1.95207E-2 1.70034E-2 1.67089E-2 1.57456E-2 1.72854E-2 1.75468E-2 1.76746E-2 1.83304E-2 2.00605E-2 1.93984E-2 1.64729E-2 1.84213E-2 1.87211E-2 1.37573E-2 1.24655E-2 1.30131E-2 1.24789E-2 1.17877E-2 1.24745E-2 1.34332E-2 7.44542E-3 9.75488E-3 1.35819E-2 1.59096E-2 1.7324E-2 1.82214E-2 1.78521E-2 1.78172E-2 1.75418E-2 1.75766E-2 1.73603E-2 1.71404E-2 1.74155E-2 1.76817E-2 1.82067E-2 1.81618E-2 1.86516E-2 1.91764E-2 1.97578E-2 2.19133E-2 2.22371E-2 2.39173E-2 2.49E-2 2.6552E-2 2.60715E-2 2.09517E-2 1.40651E-2 1.47986E-2 1.16373E-2 1.42221E-2 1.95417E-2 1.66079E-2 2.65443E-2 3.90326E-2 5.77756E-2
4.04999E-2 3.23917E-2 2.74985E-2 3.16038E-2 2.82071E-2 2.4226E-2 2.07336E-2 1.91422E-2 2.82394E-2 3.08305E-2 2.70021E-2 2.46752E-2 2.62755E-2 2.64737E-2 2.49263E-2 2.33987E-2 2.2676E-2 2.19691E-2 2.07505E-2 1.68976E-2 1.71896E-2 1.77769E-2 1.55796E-2 1.94129E-2 1.95401E-2 1.28294E-2 1.14867E-2 1.94328E-2 1.21522E-2 1.28013E-2 1.41383E-2 1.50832E-2 1.45089E-2 1.41067E-2 1.4459E-2 1.05615E-2 6.10828E-3 1.16263E-2 1.30134E-2 1.66165E-2 1.90722E-2 1.87753E-2 1.89567E-2 1.86661E-2 1.81313E-2 1.84691E-2 1.87898E-2 1.88024E-2 1.87963E-2 1.87685E-2 1.90326E-2 1.98457E-2 2.0102E-2 2.10178E-2 2.22371E-2 2.35729E-2 2.3769E-2 2.46327E-2 2.55201E-2 2.01368E-2 1.81887E-2 1.32105E-2 1.59569E-2 1.6177E-2 2.12629E-2 2.73702E-2 3.60198E-2 3.64248E-2 5.16389E-2 5.65517E-2
3.95672E-2 3.4405E-2 2.76438E-2 1.75724E-2 2.07241E-2 2.68317E-2 3.32541E-2 3.37904E-2 3.51553E-2 3.44093E-2 3.15188E-2 2.98204E-2 2.95138E-2 2.8499E-2 2.76853E-2 2.7286E-2 2.61215E-2 2.5366E-2 2.4975E-2 2.36928E-2 2.30649E-2 2.31647E-2 2.33983E-2 2.17529E-2 2.16945E-2 1.8373E-2 1.82133E-2 2.37913E-2 1.70668E-2 1.51417E-2 1.68323E-2 1.61742E-2 1.61742E-2 1.41477E-2 1.41496E-2 1.4337E-2 1.15351E-2 1.12207E-2 9.29073E-3 1.38568E-2 1.76266E-2 2.02594E-2 2.05574E-2 2.08482E-2 1.99168E-2 2.08482E-2 2.02784E-2 1.99828E-2 1.96581E-2 1.93452E-2 2.02129E-2 2.14198E-2 2.10639E-2 2.22942E-2 2.32327E-2 2.38463E-2 2.42829E-2 2.38305E-2 1.95668E-2 1.49921E-2 1.83788E-2 1.50877E-2 1.59569E-2 1.74778E-2 2.24681E-2 3.089E-2 2.11007E-2 4.60519E-2 4.25351E-2 5.6044E-2
4.42217E-2 3.80057E-2 3.97821E-2 4.31814E-2 4.20473E-2 4.15171E-2 3.93707E-2 3.96946E-2 4.10358E-2 3.86279E-2 3.51758E-2 3.15608E-2 3.08305E-2 3.14859E-2 3.06036E-2 2.97147E-2 2.84205E-2 2.79703E-2 2.79237E-2 2.71627E-2 2.72021E-2 2.72761E-2 2.68339E-2 2.54846E-2 2.60747E-2 2.67068E-2 2.83922E-2 2.95138E-2 2.55201E-2 2.28065E-2 2.16217E-2 2.03626E-2 1.80327E-2 1.34387E-2 1.66288E-2 1.57739E-2 1.61742E-2 1.5322E-2 8.82434E-3 1.37618E-2 1.63987E-2 2.02416E-2 2.14854E-2 2.12082E-2 2.15468E-2 2.15414E-2 2.09081E-2 2.02837E-2 2.08929E-2 2.08542E-2 2.14555E-2 2.17393E-2 2.2019E-2 2.32943E-2 2.30112E-2 2.27309E-2 2.23579E-2 1.8076E-2 1.3248E-2 1.44739E-2 1.75049E-2 1.78113E-2 2.30387E-2 2.81784E-2 2.62167E-2 3.68525E-2 4.93879E-2 4.90282E-2 5.39632E-2 5.50939E-2
5.00329E-2 5.34346E-2 5.05642E-2 5.23018E-2 5.00152E-2 5.07156E-2 4.91491E-2 4.75788E-2 4.47258E-2 4.10422E-2 3.92211E-2 3.73905E-2 3.42202E-2 3.42922E-2 3.33146E-2 3.18963E-2 3.18597E-2 3.047E-2 2.99785E-2 2.99165E-2 2.94843E-2 2.94843E-2 3.08589E-2 3.09956E-2 3.10245E-2 3.24109E-2 3.38136E-2 3.38059E-2 3.24779E-2 3.06599E-2 2.80622E-2 2.5552E-2 2.16113E-2 1.66613E-2 1.48995E-2 2.03255E-2 1.9697E-2 1.73041E-2 1.68323E-2 1.43363E-2 1.76819E-2 2.05471E-2 2.22708E-2 2.2174E-2 2.22371E-2 2.13782E-2 2.20629E-2 2.17761E-2 2.20629E-2 2.2019E-2 2.1648E-2 2.17843E-2 2.03319E-2 1.98393E-2 2.02599E-2 1.70668E-2 1.4182E-2 1.38526E-2 1.29314E-2 1.5656E-2 2.00523E-2 2.14317E-2 2.13526E-2 2.85387E-2 2.16349E-2 2.92957E-2 4.40705E-2 3.66311E-2 3.87032E-2 4.5864E-2
5.11062E-2 5.48776E-2 5.24315E-2 5.71646E-2 6.14752E-2 5.98727E-2 5.7082E-2 5.431E-2 5.14988E-2 4.87768E-2 4.30038E-2 4.27357E-2 3.73497E-2 3.83262E-2 3.52465E-2 3.42439E-2 3.32528E-2 3.32084E-2 3.18146E-2 3.16987E-2 3.16987E-2 3.25517E-2 3.24721E-2 3.34178E-2 3.43864E-2 3.53782E-2 3.75142E-2 3.70627E-2 3.77698E-2 3.37594E-2 3.6133E-2 3.31974E-2 2.26712E-2 1.90896E-2 1.54485E-2 2.15384E-2 2.30531E-2 2.1725E-2 1.89794E-2 2.06476E-2 1.75118E-2 1.70335E-2 2.11378E-2 2.1446E-2 2.11428E-2 2.11062E-2 2.15711E-2 2.25061E-2 2.14579E-2 2.05514E-2 2.02147E-2 1.94176E-2 1.87923E-2 1.57739E-2 1.3656E-2 1.42203E-2 1.5936E-2 1.37351E-2 1.59799E-2 1.51656E-2 2.06142E-2 2.01738E-2 2.31461E-2 2.64616E-2 2.39247E-2 1.98459E-2 3.94026E-2 4.70533E-2 4.70769E-2 5.20729E-2
5.28394E-2 5.71127E-2 6.25863E-2 6.59756E-2 6.58416E-2 6.3076E-2 6.11718E-2 5.80502E-2 5.62953E-2 5.26032E-2 4.88177E-2 4.36689E-2 4.03444E-2 3.75974E-2 3.75204E-2 3.67625E-2 3.62237E-2 3.51887E-2 3.41656E-2 3.3631E-2 3.35689E-2 3.34978E-2 3.44667E-2 3.53782E-2 3.6303E-2 3.7342E-2 3.89463E-2 4.16425E-2 4.16425E-2 4.35958E-2 4.35958E-2 3.99358E-2 3.16571E-2 2.34607E-2 2.28435E-2 1.88055E-2 2.27366E-2 2.52415E-2 2.51138E-2 2.29533E-2 2.42984E-2 2.14717E-2 1.87572E-2 1.66831E-2 1.62346E-2 1.8965E-2 2.22877E-2 2.08416E-2 1.93317E-2 1.94984E-2 1.83678E-2 1.64002E-2 1.47441E-2 1.57975E-2 1.71424E-2 1.66613E-2 1.56555E-2 1.85582E-2 1.82296E-2 1.5443E-2 2.11563E-2 2.57637E-2 2.98477E-2 2.48092E-2 2.47088E-2 2.32982E-2 3.39897E-2 4.65936E-2 4.69646E-2 5.71646E-2
5.419E-2 5.88233E-2 -9999 -9999 -9999 -9999 -9999 6.19724E-2 5.7082E-2 5.61571E-2 5.26808E-2 4.62004E-2 3.43877E-2 3.56822E-2 3.72283E-2 3.67525E-2 3.70808E-2 3.77719E-2 3.6263E-2 3.62237E-2 3.61488E-2 3.50931E-2 3.60351E-2 3.70627E-2 3.81143E-2 3.9251E-2 4.03514E-2 4.14174E-2 4.35958E-2 4.59391E-2 4.37466E-2 3.82695E-2 2.82394E-2 2.50192E-2 2.32641E-2 2.52368E-2 2.57664E-2 2.59288E-2 2.71319E-2 2.74702E-2 2.71611E-2 2.6627E-2 2.71874E-2 2.69936E-2 2.62686E-2 2.61801E-2 2.52359E-2 2.39294E-2 2.14549E-2 1.93435E-2 1.78696E-2 1.79199E-2 1.82133E-2 1.73514E-2 1.64205E-2 1.78448E-2 2.16932E-2 2.25399E-2 2.03729E-2 2.50192E-2 1.82702E-2 3.2365E-2 2.64645E-2 2.64616E-2 3.04163E-2 3.1215E-2 3.70454E-2 4.47006E-2 5.21251E-2 5.73253E-2
-9999 -9999 6.65297E-2 -9999 -9999 -9999 -9999 -9999 6.11718E-2 5.70412E-2 5.48988E-2 4.91491E-2 3.12333E-2 2.74134E-2 3.24028E-2 3.15896E-2 3.50963E-2 3.57283E-2 3.63971E-2 3.65099E-2 3.72268E-2 3.72555E-2 3.6934E-2 3.81065E-2 3.77719E-2 3.92766E-2 3.92766E-2 4.09048E-2 4.03773E-2 3.77512E-2 3.50579E-2 3.0975E-2 2.54559E-2 2.6101E-2 2.48202E-2 2.38862E-2 2.48202E-2 2.63686E-2 2.76063E-2 2.6958E-2 2.76063E-2 2.73496E-2 2.57664E-2 2.53376E-2 2.65882E-2 2.68176E-2 2.66068E-2 2.61801E-2 2.48164E-2 2.28604E-2 2.10289E-2 1.86784E-2 1.8556E-2 1.7851E-2 1.98327E-2 2.0903E-2 2.12078E-2 2.38136E-2 2.8178E-2 2.13461E-2 3.27894E-2 2.98477E-2 3.25014E-2 2.74549E-2 3.47704E-2 3.83442E-2 4.07638E-2 4.55971E-2 5.39575E-2 6.37543E-2
5.47897E-2 6.21459E-2 -9999 -9999 -9999 -9999 -9999 -9999 6.4176E-2 6.19255E-2 5.70687E-2 4.86654E-2 2.86354E-2 3.4405E-2 3.32137E-2 3.06376E-2 3.27778E-2 3.23355E-2 3.36516E-2 3.67427E-2 3.68911E-2 3.70794E-2 3.39455E-2 3.62623E-2 3.7434E-2 3.75743E-2 3.66885E-2 3.64797E-2 3.27894E-2 2.74576E-2 2.54728E-2 2.67864E-2 3.10799E-2 3.3624E-2 3.36516E-2 3.3351E-2 3.34726E-2 3.46798E-2 3.84703E-2 3.37904E-2 2.91484E-2 2.9011E-2 3.12516E-2 3.0975E-2 2.91278E-2 2.88335E-2 2.79398E-2 2.85033E-2 2.68084E-2 2.48555E-2 2.36951E-2 2.15384E-2 2.01205E-2 1.93478E-2 2.0678E-2 2.31911E-2 2.50192E-2 2.38807E-2 3.14825E-2 3.38884E-2 3.99166E-2 2.82239E-2 3.76167E-2 3.31904E-2 4.79973E-2 3.66413E-2 4.51528E-2 5.42398E-2 5.83862E-2 6.71351E-2
-9999 -9999 -9999 -9999 -9999 -9999 -9999 -9999 -9999 6.27205E-2 5.85874E-2 5.25845E-2 3.4057E-2 4.04488E-2 3.85888E-2 4.00697E-2 3.86648E-2 3.77741E-2 3.74015E-2 3.67177E-2 3.6502E-2 3.3351E-2 3.29223E-2 3.67427E-2 3.52419E-2 3.05558E-2 3.06268E-2 2.68155E-2 2.61275E-2 3.22005E-2 3.72352E-2 3.37843E-2 3.09522E-2 3.67177E-2 3.34726E-2 3.31548E-2 3.80791E-2 4.07579E-2 4.23477E-2 4.81716E-2 4.62004E-2 4.45664E-2 4.03318E-2 3.69946E-2 3.43954E-2 3.24162E-2 3.17671E-2 2.99054E-2 2.89103E-2 2.69521E-2 2.40083E-2 2.2794E-2 2.36709E-2 2.36709E-2 2.40446E-2 2.68132E-2 3.04151E-2 3.51526E-2 3.87721E-2 4.10591E-2 4.65023E-2 4.70794E-2 4.80749E-2 5.55206E-2 6.61517E-2 5.31674E-2 5.17525E-2 6.20469E-2 6.76597E-2 7.11499E-2
-9999 -9999 -9999 -9999 -9999 -9999 -9999 -9999 6.69479E-2 6.44416E-2 6.08568E-2 5.14644E-2 4.354E-2 4.60136E-2 4.457E-2 3.89691E-2 4.15628E-2 4.17414E-2 3.99707E-2 4.0596E-2 4.00555E-2 3.94435E-2 3.9192E-2 3.97192E-2 3.90909E-2 3.76694E-2 3.88858E-2 3.67525E-2 3.67177E-2 3.6502E-2 4.06564E-2 3.79732E-2 3.89725E-2 4.48737E-2 4.38167E-2 4.65539E-2 4.97607E-2 4.98304E-2 5.23563E-2 5.69591E-2 4.70794E-2 4.48288E-2 4.71068E-2 4.53119E-2 4.41458E-2 4.15857E-2 3.78954E-2 3.61162E-2 3.34649E-2 3.22568E-2 3.09252E-2 3.00998E-2 2.82194E-2 2.52984E-2 2.51267E-2 3.26244E-2 3.72491E-2 4.02521E-2 4.32707E-2 4.84121E-2 5.42156E-2 5.6432E-2 5.36372E-2 7.2374E-2 7.87581E-2 6.12105E-2 5.50939E-2 7.6158E-2 7.58714E-2 7.47148E-2
-9999 -9999 -9999 -9999 -9999 -9999 -9999 -9999 -9999 6.44416E-2 6.06675E-2 5.17646E-2 5.18687E-2 4.92019E-2 4.68048E-2 4.48288E-2 4.44242E-2 4.34927E-2 4.16946E-2 4.0994E-2 4.21759E-2 4.15887E-2 4.10454E-2 4.16075E-2 4.10454E-2 4.0596E-2 4.0596E-2 4.11423E-2 4.01166E-2 4.14658E-2 4.30115E-2 4.41458E-2 4.6449E-2 4.78855E-2 5.14785E-2 5.35505E-2 5.77961E-2 6.16309E-2 6.39989E-2 6.39464E-2 5.92265E-2 5.44623E-2 5.37744E-2 5.27507E-2 5.07825E-2 4.68567E-2 4.38823E-2 4.01466E-2 3.63971E-2 3.46828E-2 3.31429E-2 3.11229E-2 2.91278E-2 3.2198E-2 3.50069E-2 3.59619E-2 3.78765E-2 4.44242E-2 4.6649E-2 5.20736E-2 5.9331E-2 6.11031E-2 6.72283E-2 8.59509E-2 9.33019E-2 8.21169E-2 6.48886E-2 7.82296E-2 8.23519E-2 8.33008E-2
-9999 -9999 -9999 -9999 -9999 -9999 -9999 -9999 -9999 6.22458E-2 5.88233E-2 5.49536E-2 5.14646E-2 5.01272E-2 4.68048E-2 4.58968E-2 4.51493E-2 4.50314E-2 4.30917E-2 4.33315E-2 4.15252E-2 4.15252E-2 4.10405E-2 4.15252E-2 4.15625E-2 4.15887E-2 4.16037E-2 4.16002E-2 4.27195E-2 4.39065E-2 4.25779E-2 4.47552E-2 4.67306E-2 4.73479E-2 5.14955E-2 5.4623E-2 5.9706E-2 6.77731E-2 6.94819E-2 6.51529E-2 6.28893E-2 6.06557E-2 5.80915E-2 5.85546E-2 5.68726E-2 5.01272E-2 4.69524E-2 4.13352E-2 3.62058E-2 3.57987E-2 3.57987E-2 3.50069E-2 3.62612E-2 3.61162E-2 3.61056E-2 3.72614E-2 4.15857E-2 4.62418E-2 5.01241E-2 5.06481E-2 5.94705E-2 6.70592E-2 7.25927E-2 8.92079E-2 9.82961E-2 9.9184E-2 8.50305E-2 9.05526E-2 9.05945E-2 8.8288E-2
-9999 -9999 -9999 -9999 -9999 -9999 -9999 -9999 -9999 -9999 5.54E-2 5.32083E-2 5.14646E-2 5.00879E-2 4.70927E-2 4.68061E-2 4.59391E-2 4.42758E-2 4.32129E-2 4.30034E-2 4.24176E-2 4.14174E-2 4.00471E-2 4.11732E-2 4.10246E-2 4.15625E-2 4.04668E-2 4.16037E-2 4.27505E-2 4.44027E-2 4.38045E-2 4.47077E-2 4.58343E-2 4.71977E-2 4.94436E-2 5.29843E-2 5.60673E-2 6.05804E-2 6.51529E-2 6.35234E-2 6.06886E-2 5.83335E-2 5.59381E-2 5.91039E-2 5.80915E-2 5.26808E-2 4.52478E-2 4.20189E-2 3.79355E-2 3.70794E-2 3.29194E-2 3.41837E-2 3.72614E-2 3.6938E-2 3.97192E-2 4.32707E-2 4.62418E-2 4.95106E-2 5.18525E-2 5.63687E-2 6.47871E-2 7.01748E-2 7.30949E-2 9.16697E-2 9.94313E-2 1.05836E-1 1.02525E-1 9.27259E-2 9.68373E-2 9.56554E-2
-9999 -9999 -9999 -9999 -9999 -9999 -9999 -9999 -9999 -9999 -9999 5.18503E-2 5.01107E-2 4.93756E-2 4.58343E-2 4.62139E-2 4.54484E-2 4.37547E-2 4.37547E-2 4.33991E-2 4.19811E-2 4.12673E-2 4.0607E-2 4.03514E-2 3.98478E-2 3.99328E-2 4.10405E-2 4.09977E-2 4.15625E-2 4.16037E-2 4.32129E-2 4.3882E-2 4.36162E-2 4.55889E-2 4.67042E-2 4.89143E-2 5.19143E-2 5.41189E-2 5.55587E-2 5.51063E-2 5.43793E-2 5.45995E-2 5.34165E-2 5.51063E-2 5.08063E-2 4.79878E-2 4.47077E-2 4.20491E-2 3.99213E-2 3.87879E-2 3.75974E-2 3.95209E-2 4.00555E-2 3.97192E-2 4.28171E-2 4.49802E-2 4.88516E-2 5.07539E-2 5.33765E-2 5.69591E-2 6.21932E-2 6.80662E-2 7.87581E-2 8.56244E-2 9.60531E-2 1.07943E-1 1.02329E-1 9.90335E-2 9.64077E-2 9.87621E-2
-9999 -9999 -9999 -9999 -9999 -9999 -9999 -9999 -9999 -9999 -9999 -9999 -9999 -9999 4.60728E-2 4.65505E-2 -9999 -9999 4.40696E-2 4.3019E-2 4.12673E-2 4.12673E-2 4.03906E-2 4.02913E-2 4.04007E-2 3.95854E-2 4.02206E-2 3.91904E-2 4.08512E-2 4.09977E-2 4.14769E-2 4.18384E-2 4.17459E-2 4.31569E-2 4.37547E-2 4.52154E-2 4.57175E-2 4.91431E-2 4.84843E-2 5.03606E-2 4.92299E-2 4.9809E-2 5.08063E-2 4.84843E-2 4.6343E-2 4.44871E-2 4.16425E-2 4.03514E-2 3.83268E-2 3.82625E-2 3.99213E-2 4.04668E-2 4.27357E-2 4.11423E-2 4.29199E-2 4.62418E-2 4.81894E-2 5.00699E-2 5.43364E-2 5.9331E-2 6.48035E-2 6.80892E-2 7.48039E-2 -9999 -9999 8.49314E-2 8.90651E-2 9.59284E-2 1.01033E-1 1.0235E-1
-9999 -9999 -9999 -9999 -9999 -9999 -9999 -9999 -9999 -9999 -9999 -9999 -9999 -9999 -9999 -9999 -9999 -9999 -9999 -9999 4.05509E-2 -9999 -9999 4.00471E-2 3.94936E-2 3.94936E-2 3.84969E-2 3.80431E-2 3.96669E-2 -9999 3.97378E-2 3.93011E-2 3.93011E-2 4.11732E-2 4.10701E-2 4.16425E-2 4.15282E-2 4.21068E-2 4.50989E-2 4.52154E-2 4.58343E-2 4.50074E-2 4.60728E-2 4.42201E-2 4.26919E-2 4.10701E-2 3.96669E-2 3.76467E-2 3.76978E-2 3.81143E-2 3.91194E-2 4.02913E-2 4.2569E-2 4.26752E-2 4.61808E-2 4.74382E-2 4.94981E-2 5.19399E-2 5.48988E-2 5.73184E-2 6.32388E-2 -9999 -9999 -9999 -9999 -9999 7.53284E-2 9.16017E-2 1.0245E-1 1.0691E-1
-9999 -9999 -9999 -9999 -9999 -9999 -9999 -9999 -9999 -9999 -9999 -9999 -9999 -9999 -9999 -9999 -9999 -9999 -9999 -9999 -9999 -9999 -9999 -9999 -9999 -9999 -9999 -9999 -9999 -9999 -9999 3.87101E-2 3.81143E-2 3.91194E-2 3.84969E-2 3.84969E-2 3.84969E-2 3.84969E-2 4.0607E-2 4.26919E-2 4.21068E-2 -9999 -9999 4.09562E-2 4.05041E-2 3.79619E-2 3.56443E-2 -9999 -9999 -9999 -9999 -9999 4.27112E-2 -9999 -9999 -9999 -9999 -9999 -9999 -9999 -9999 -9999 -9999 -9999 -9999 -9999 8.23649E-2 1.0012E-1 1.09568E-1 1.18255E-1
-9999 -9999 -9999 -9999 -9999 -9999 -9999 -9999 -9999 -9999 -9999 -9999 -9999 -9999 -9999 -9999 -9999 -9999 -9999 -9999 -9999 -9999 -9999 -9999 -9999 -9999 -9999 -9999 -9999 -9999 -9999 -9999 -9999 -9999 3.75855E-2 -9999 3.5592E-2 -9999 -9999 -9999 -9999 -9999 -9999 -9999 -9999 -9999 -9999 -9999 -9999 -9999 -9999 -9999 -9999 -9999 -9999 -9999 -9999 -9999 -9999 -9999 -9999 -9999 -9999 -9999 -9999 -9999 1.00343E-1 1.10644E-1 1.21796E-1 1.25377E-1
-9999 -9999 -9999 -9999 -9999 -9999 -9999 -9999 -9999 -9999 -9999 -9999 -9999 -9999 -9999 -9999 -9999 -9999 -9999 -9999 -9999 -9999 -9999 -9999 -9999 -9999 -9999 -9999 -9999 -9999 -9999 -9999 -9999 -9999 -9999 -9999 -9999 -9999 -9999 -9999 -9999 -9999 -9999 -9999 -9999 -9999 -9999 -9999 -9999 -9999 -9999 -9999 -9999 -9999 -9999 -9999 -9999 -9999 -9999 -9999 -9999 -9999 -9999 -9999 -9999 -9999 1.14387E-1 1.28247E-1 1.2694E-1 1.35019E-1
-9999 -9999 -9999 -9999 -9999 -9999 -9999 -9999 -9999 -9999 -9999 -9999 -9999 -9999 -9999 -9999 -9999 -9999 -9999 -9999 -9999 -9999 -9999 -9999 -9999 -9999 -9999 -9999 -9999 -9999 -9999 -9999 -9999 -9999 -9999 -9999 -9999 -9999 -9999 -9999 -9999 -9999 -9999 -9999 -9999 -9999 -9999 -9999 -9999 -9999 -9999 -9999 -9999 -9999 -9999 -9999 -9999 -9999 -9999 -9999 -9999 -9999 -9999 -9999 -9999 -9999 -9999 -9999 -9999 -9999
-9999 -9999 -9999 -9999 -9999 -9999 -9999 -9999 -9999 -9999 -9999 -9999 -9999 -9999 -9999 -9999 -9999 -9999 -9999 -9999 -9999 -9999 -9999 -9999 -9999 -9999 -9999 -9999 -9999 -9999 -9999 -9999 -9999 -9999 -9999 -9999 -9999 -9999 -9999 -9999 -9999 -9999 -9999 -9999 -9999 -9999 -9999 -9999 -9999 -9999 -9999 -9999 -9999 -9999 -9999 -9999 -9999 -9999 -9999 -9999 -9999 -9999 -9999 -9999 -9999 -9999 -9999 -9999 -9999 1.24507E-1
-9999 -9999 -9999 -9999 -9999 -9999 -9999 -9999 -9999 -9999 -9999 -9999 -9999 -9999 -9999 -9999 -9999 -9999 -9999 -9999 -9999 -9999 -9999 -9999 -9999 -9999 -9999 -9999 -9999 -9999 -9999 -9999 -9999 -9999 -9999 -9999 -9999 -9999 -9999 -9999 -9999 -9999 -9999 -9999 -9999 -9999 -9999 -9999 -9999 -9999 -9999 -9999 -9999 -9999 -9999 -9999 -9999 -9999 -9999 -9999 -9999 -9999 -9999 -9999 -9999 -9999 -9999 -9999 -9999 -9999
