KUENM/Final_Models/M_0.1_F_lq_Set_2_E/sp1_4.asc
ncols         197
nrows         210
xllcorner     56.1666666666667
yllcorner     4.5
cellsize      0.166666666666667
NODATA_value  -9999
[rows 56 to 83 of 210, columns 65 to 129 of 197]
6.29742E-3 6.84409E-3 2.64256E-2 8.52184E-2 1.17337E-1 1.54083E-1 9.08471E-2 3.35428E-2 3.90219E-2 7.80503E-2 9.37063E-2 1.02159E-1 1.09326E-1 1.1005E-1 1.16442E-1 8.60462E-2 1.26437E-1 1.602E-1 1.22281E-1 1.4638E-1 1.09377E-1 8.25098E-2 7.32784E-2 7.50685E-2 7.50447E-2 7.41478E-2 8.06327E-2 8.45055E-2 8.25526E-2 7.68624E-2 7.87124E-2 7.86592E-2 8.83698E-2 9.76754E-2 1.1126E-1 1.14614E-1 1.17983E-1 1.22606E-1 1.36369E-1 1.55091E-1 1.84815E-1 2.06141E-1 2.14269E-1 2.40969E-1 3.03539E-1 3.81831E-1 4.20584E-1 4.32478E-1 4.17557E-1 4.65915E-1 4.95655E-1 5.16394E-1 5.33685E-1 5.69069E-1 5.5168E-1 5.39786E-1 5.91E-1 5.65613E-1 5.07092E-1 4.141E-1 2.89886E-1 1.50147E-1 9.4759E-3 8.99901E-4 1.36761E-3
1.07301E-2 2.17176E-2 4.42994E-2 1.00908E-1 1.23778E-1 1.47095E-1 1.50302E-1 1.05448E-1 8.41214E-2 1.0053E-1 1.08757E-1 8.41337E-2 8.90854E-2 9.12828E-2 1.05325E-1 1.62391E-1 1.70305E-1 1.39069E-1 1.66126E-1 1.42866E-1 1.12636E-1 9.06049E-2 8.15886E-2 7.59756E-2 7.41695E-2 7.32784E-2 7.59756E-2 7.50685E-2 7.32784E-2 7.23954E-2 7.06398E-2 7.50447E-2 8.15482E-2 9.15338E-2 9.78115E-2 1.066E-1 1.09874E-1 1.13167E-1 1.27655E-1 1.48599E-1 1.71769E-1 1.89488E-1 2.00583E-1 2.20176E-1 2.63257E-1 3.22559E-1 3.72245E-1 3.9693E-1 4.09071E-1 4.46504E-1 4.7249E-1 4.63182E-1 4.78942E-1 5.08659E-1 5.31186E-1 5.53352E-1 5.85213E-1 5.90817E-1 5.68764E-1 4.99788E-1 3.9028E-1 2.43057E-1 7.54338E-2 1.72397E-2 1.34399E-2
8.80144E-3 3.05454E-2 7.81193E-2 9.47513E-2 9.85975E-2 9.69801E-2 1.12889E-1 1.24234E-1 1.19637E-1 1.04377E-1 1.03458E-1 1.0308E-1 1.1377E-1 1.29905E-1 1.70073E-1 1.84327E-1 1.96387E-1 1.61202E-1 1.73168E-1 1.46109E-1 1.27965E-1 1.08282E-1 9.06049E-2 7.68908E-2 7.15204E-2 6.97941E-2 6.72637E-2 6.97941E-2 6.89428E-2 6.72637E-2 6.64359E-2 6.97941E-2 7.68908E-2 8.54944E-2 9.58403E-2 1.03477E-1 1.0909E-1 1.1364E-1 1.25753E-1 1.37181E-1 1.47689E-1 1.61969E-1 1.68778E-1 1.9024E-1 2.24456E-1 2.73226E-1 3.17154E-1 3.50276E-1 3.80571E-1 4.14414E-1 4.2827E-1 4.11278E-1 3.85521E-1 3.83875E-1 4.96114E-1 5.46226E-1 5.60592E-1 5.63843E-1 5.87007E-1 5.4433E-1 4.42936E-1 3.39857E-1 2.20551E-1 1.01491E-1 6.29528E-2
8.91339E-3 3.38071E-2 6.9269E-2 7.05833E-2 6.83042E-2 7.24728E-2 8.06528E-2 1.0123E-1 1.22509E-1 1.17218E-1 1.16618E-1 1.23235E-1 1.39613E-1 1.43021E-1 1.62989E-1 1.82138E-1 1.88107E-1 1.79587E-1 1.65936E-1 1.61797E-1 1.47214E-1 1.26819E-1 1.02525E-1 7.87454E-2 6.80892E-2 6.5601E-2 6.56158E-2 6.56158E-2 6.32019E-2 6.31827E-2 6.31827E-2 6.80892E-2 7.78246E-2 8.75308E-2 9.58965E-2 1.04803E-1 1.11735E-1 1.11446E-1 1.16256E-1 1.16052E-1 1.20722E-1 1.31889E-1 1.43969E-1 1.61019E-1 1.9413E-1 2.3385E-1 2.72717E-1 3.06284E-1 3.46769E-1 3.85857E-1 4.11836E-1 4.0545E-1 3.84197E-1 4.03841E-1 5.14748E-1 5.33167E-1 4.75091E-1 4.8978E-1 5.77823E-1 5.7551E-1 4.83967E-1 4.10075E-1 3.46417E-1 2.33417E-1 1.80856E-1
8.83647E-3 1.81876E-2 5.5938E-2 5.87643E-2 5.73335E-2 6.1739E-2 6.80665E-2 8.24491E-2 1.03685E-1 1.18522E-1 1.17802E-1 1.26724E-1 1.36891E-1 1.43541E-1 1.60139E-1 1.69526E-1 1.76006E-1 1.74988E-1 1.66393E-1 1.69368E-1 1.80579E-1 1.54626E-1 1.08282E-1 7.5982E-2 6.47871E-2 6.23919E-2 6.16309E-2 6.32019E-2 6.08568E-2 6.23919E-2 6.47871E-2 6.97625E-2 7.96942E-2 8.85525E-2 1.01466E-1 1.09527E-1 1.15556E-1 1.12933E-1 1.0691E-1 9.90172E-2 9.67293E-2 1.1126E-1 1.31209E-1 1.51369E-1 1.79637E-1 2.11125E-1 2.48601E-1 2.79214E-1 3.18345E-1 3.64062E-1 4.00984E-1 4.24953E-1 4.40282E-1 4.58432E-1 5.16393E-1 5.47963E-1 5.28282E-1 5.32128E-1 5.78083E-1 5.90392E-1 5.02793E-1 4.0959E-1 4.15592E-1 3.06804E-1 1.98232E-1
1.20839E-2 1.58502E-2 5.59404E-2 5.1082E-2 5.03721E-2 5.27064E-2 5.5841E-2 6.59756E-2 9.42553E-2 1.09319E-1 1.15187E-1 1.25263E-1 1.29742E-1 1.38807E-1 1.44633E-1 1.52857E-1 1.58654E-1 1.55947E-1 1.4699E-1 1.57568E-1 1.83766E-1 1.5882E-1 1.01399E-1 7.15172E-2 6.08334E-2 6.00655E-2 5.93051E-2 6.16089E-2 6.16089E-2 6.23549E-2 6.5569E-2 7.14551E-2 8.35328E-2 9.48368E-2 1.07219E-1 1.18126E-1 1.23148E-1 1.19274E-1 1.10644E-1 9.37043E-2 9.15338E-2 1.0909E-1 1.26027E-1 1.50334E-1 1.72445E-1 2.03593E-1 2.35615E-1 2.57354E-1 2.89303E-1 3.34006E-1 3.87952E-1 4.4844E-1 4.90298E-1 4.74651E-1 5.08803E-1 5.64705E-1 5.74708E-1 5.7731E-1 5.91963E-1 5.94463E-1 5.61915E-1 5.12175E-1 4.63144E-1 3.41058E-1 1.86554E-1
8.94211E-3 2.52973E-2 5.35233E-2 4.66495E-2 4.57767E-2 4.60127E-2 4.6876E-2 5.62961E-2 7.86744E-2 9.9857E-2 1.13764E-1 1.23207E-1 1.24143E-1 1.28866E-1 1.30946E-1 1.35219E-1 1.36687E-1 1.18895E-1 1.18091E-1 1.24485E-1 1.30987E-1 1.13119E-1 8.65229E-2 6.80892E-2 5.85522E-2 5.63381E-2 5.70687E-2 5.78067E-2 6.0025E-2 6.23549E-2 6.71759E-2 7.49696E-2 8.44814E-2 9.69717E-2 1.10766E-1 1.20656E-1 1.24485E-1 1.24485E-1 1.14387E-1 1.05954E-1 1.0819E-1 1.18895E-1 1.36805E-1 1.56444E-1 1.82213E-1 2.04236E-1 2.27798E-1 2.5129E-1 2.70763E-1 3.12576E-1 3.72643E-1 4.35287E-1 4.78355E-1 4.55813E-1 4.86378E-1 5.5537E-1 5.83635E-1 5.94419E-1 6.00877E-1 5.97978E-1 5.85872E-1 5.46176E-1 4.78865E-1 3.63161E-1 2.31829E-1
2.74985E-2 4.01384E-2 5.05579E-2 4.45282E-2 4.27075E-2 4.21143E-2 4.3536E-2 5.68193E-2 7.49715E-2 1.05869E-1 1.17433E-1 1.20499E-1 1.20509E-1 1.18991E-1 1.12668E-1 1.09203E-1 9.87621E-2 9.16406E-2 9.05923E-2 8.95525E-2 8.55154E-2 7.59688E-2 6.64226E-2 5.85522E-2 5.56148E-2 5.27942E-2 5.41419E-2 5.62926E-2 5.99688E-2 6.30944E-2 6.88014E-2 7.48964E-2 8.34309E-2 9.47271E-2 1.08337E-1 1.16857E-1 1.23214E-1 1.25783E-1 1.2703E-1 1.28247E-1 1.32079E-1 1.41395E-1 1.53871E-1 1.733E-1 1.88557E-1 2.14868E-1 2.34692E-1 2.53951E-1 2.77146E-1 3.15666E-1 3.54987E-1 3.96535E-1 4.35287E-1 4.57972E-1 5.00344E-1 5.49111E-1 5.83222E-1 6.02558E-1 6.01212E-1 6.04054E-1 6.04617E-1 5.6536E-1 4.76175E-1 3.72144E-1 2.84321E-1
1.96397E-2 4.74701E-2 4.56061E-2 4.45282E-2 4.57767E-2 4.33075E-2 4.51489E-2 5.86026E-2 9.22552E-2 1.21557E-1 1.31057E-1 1.21796E-1 1.11838E-1 9.91074E-2 9.55268E-2 8.7362E-2 7.59359E-2 6.77731E-2 6.60964E-2 6.37424E-2 6.06675E-2 5.27444E-2 4.94289E-2 4.68617E-2 4.94289E-2 5.00353E-2 5.13757E-2 5.47897E-2 5.77044E-2 6.22318E-2 6.87213E-2 7.48964E-2 8.53396E-2 9.47271E-2 1.03583E-1 1.15556E-1 1.24497E-1 1.2976E-1 1.3638E-1 1.45983E-1 1.60542E-1 1.63297E-1 1.76776E-1 1.92711E-1 2.0873E-1 2.31972E-1 2.53951E-1 2.71761E-1 2.91569E-1 3.31835E-1 3.69044E-1 3.86346E-1 4.16232E-1 4.56501E-1 5.10218E-1 5.56336E-1 5.60692E-1 5.43179E-1 5.74849E-1 5.80143E-1 6.03716E-1 5.59574E-1 4.67705E-1 3.85756E-1 3.48403E-1
2.92321E-2 5.1637E-2 4.79444E-2 4.83591E-2 4.77028E-2 4.96938E-2 5.7571E-2 8.50657E-2 1.44907E-1 1.77619E-1 1.57932E-1 1.28246E-1 1.02329E-1 8.63483E-2 7.75764E-2 6.77731E-2 6.27205E-2 5.58438E-2 4.96929E-2 4.71977E-2 4.48004E-2 4.19197E-2 3.97981E-2 4.26278E-2 4.61808E-2 4.73705E-2 5.06366E-2 5.47136E-2 5.83783E-2 6.37424E-2 6.95791E-2 7.75764E-2 8.52374E-2 9.5724E-2 1.04741E-1 1.15556E-1 1.27113E-1 1.3928E-1 1.49116E-1 1.69871E-1 1.87277E-1 1.91849E-1 1.98043E-1 2.12632E-1 2.32659E-1 2.61935E-1 2.86151E-1 3.07856E-1 3.26454E-1 3.65547E-1 3.88043E-1 3.98137E-1 4.08076E-1 4.56501E-1 5.20785E-1 5.6757E-1 5.49671E-1 5.23219E-1 5.58971E-1 5.71173E-1 6.0571E-1 6.03972E-1 5.47025E-1 4.64915E-1 4.21728E-1
3.77258E-2 5.59759E-2 5.06088E-2 4.96938E-2 5.3876E-2 6.14629E-2 8.00724E-2 1.35987E-1 2.53361E-1 2.76448E-1 1.84189E-1 1.18405E-1 8.85024E-2 7.22456E-2 6.22696E-2 5.55623E-2 5.14667E-2 4.57175E-2 3.88444E-2 3.93913E-2 3.78706E-2 3.84969E-2 3.85782E-2 4.07806E-2 4.42758E-2 4.6738E-2 5.12325E-2 5.47136E-2 5.98092E-2 6.37424E-2 6.94819E-2 7.74668E-2 8.62472E-2 9.68205E-2 1.05908E-1 1.18056E-1 1.31101E-1 1.44943E-1 1.50654E-1 1.74912E-1 1.99068E-1 2.12267E-1 2.18252E-1 2.40326E-1 2.66372E-1 3.04235E-1 3.46121E-1 3.67297E-1 3.72643E-1 3.98137E-1 4.22667E-1 4.20702E-1 4.01269E-1 4.52882E-1 5.23869E-1 5.47722E-1 5.35416E-1 5.2998E-1 5.23219E-1 5.92909E-1 6.04514E-1 5.98816E-1 6.03748E-1 5.49055E-1 4.84978E-1
3.90326E-2 5.77756E-2 5.26852E-2 5.24518E-2 5.7571E-2 6.81125E-2 9.02826E-2 1.53469E-1 2.82244E-1 2.80309E-1 1.54097E-1 9.66374E-2 7.09257E-2 5.89591E-2 5.39578E-2 4.92997E-2 4.62139E-2 4.25657E-2 3.92787E-2 3.72411E-2 3.77693E-2 3.78706E-2 3.9038E-2 4.12655E-2 4.41948E-2 4.60318E-2 5.18226E-2 5.4623E-2 6.04775E-2 6.60964E-2 7.37839E-2 7.93585E-2 8.82925E-2 9.79257E-2 1.0946E-1 1.21796E-1 1.39259E-1 1.52198E-1 1.58142E-1 1.75041E-1 1.99068E-1 2.19148E-1 2.37409E-1 2.72617E-1 3.10813E-1 3.61765E-1 4.13191E-1 4.42995E-1 4.30595E-1 4.55025E-1 4.67289E-1 4.66397E-1 4.64458E-1 4.96695E-1 5.29278E-1 4.95239E-1 5.06568E-1 5.66744E-1 5.68389E-1 5.93796E-1 6.07998E-1 6.17319E-1 6.15775E-1 5.99064E-1 5.41123E-1
5.16389E-2 5.65517E-2 5.77631E-2 5.27064E-2 5.86026E-2 6.50047E-2 8.23551E-2 1.10059E-1 1.42011E-1 1.2174E-1 8.09413E-2 6.3868E-2 5.26852E-2 4.87923E-2 4.46795E-2 4.46795E-2 4.36162E-2 4.25657E-2 3.87323E-2 3.76582E-2 3.77693E-2 3.83037E-2 3.94936E-2 4.17459E-2 4.41021E-2 4.71977E-2 5.17174E-2 5.59628E-2 6.19255E-2 6.85078E-2 7.74668E-2 8.52374E-2 9.14253E-2 1.00162E-1 1.0946E-1 1.24458E-1 1.43493E-1 1.73547E-1 1.88041E-1 1.99321E-1 2.1398E-1 2.34426E-1 2.61751E-1 3.05352E-1 3.52885E-1 4.09896E-1 4.55025E-1 4.88704E-1 4.92877E-1 4.99207E-1 5.13433E-1 5.10799E-1 5.29274E-1 5.47259E-1 5.61276E-1 5.37557E-1 5.48188E-1 5.71929E-1 5.90221E-1 5.9869E-1 6.1045E-1 6.07559E-1 6.17319E-1 6.1367E-1 5.55289E-1
4.25351E-2 5.6044E-2 5.9146E-2 5.41342E-2 5.63334E-2 5.96311E-2 6.44416E-2 7.04267E-2 7.22122E-2 5.88573E-2 4.64509E-2 4.23579E-2 4.17716E-2 4.07965E-2 4.15393E-2 4.16973E-2 4.18446E-2 4.14031E-2 3.91559E-2 3.87323E-2 3.81921E-2 3.93913E-2 4.17459E-2 4.41021E-2 4.77323E-2 5.09169E-2 5.43992E-2 5.95873E-2 6.51529E-2 7.37839E-2 8.12841E-2 8.82925E-2 1.00162E-1 1.07083E-1 1.14379E-1 1.21916E-1 1.29764E-1 1.58102E-1 1.97851E-1 2.21265E-1 2.41519E-1 2.61751E-1 2.93612E-1 3.36248E-1 3.81052E-1 4.35688E-1 4.77895E-1 5.12514E-1 5.2126E-1 5.20741E-1 5.28282E-1 5.3399E-1 5.4583E-1 5.64433E-1 5.83635E-1 5.93266E-1 6.01292E-1 6.05012E-1 6.12295E-1 6.09128E-1 6.08332E-1 6.12399E-1 6.21215E-1 6.07534E-1 5.7614E-1
5.39632E-2 5.50939E-2 6.05427E-2 5.24711E-2 5.36599E-2 5.31768E-2 5.31768E-2 5.17728E-2 4.90538E-2 4.27575E-2 3.82101E-2 3.52418E-2 3.47383E-2 3.69574E-2 3.76471E-2 3.888E-2 3.99875E-2 3.9023E-2 3.86101E-2 3.76582E-2 4.03906E-2 4.22215E-2 4.39978E-2 4.83788E-2 5.15988E-2 5.4266E-2 5.86892E-2 6.25863E-2 6.93667E-2 7.84085E-2 8.82925E-2 9.91243E-2 1.10728E-1 1.18108E-1 1.23196E-1 1.27089E-1 1.25727E-1 1.42006E-1 1.99068E-1 2.45089E-1 2.67922E-1 2.89048E-1 3.17391E-1 3.5784E-1 4.04933E-1 4.43466E-1 4.80638E-1 5.12514E-1 5.15289E-1 5.12239E-1 5.27379E-1 5.38765E-1 5.47115E-1 5.59972E-1 5.78843E-1 5.98375E-1 6.01904E-1 6.02785E-1 6.07889E-1 6.16271E-1 6.18985E-1 6.22637E-1 6.0146E-1 6.06952E-1 5.85852E-1
3.87032E-2 4.5864E-2 5.62322E-2 5.19857E-2 5.03986E-2 4.92613E-2 4.66528E-2 4.41573E-2 4.07965E-2 4.0619E-2 3.83921E-2 3.54063E-2 3.44026E-2 3.54063E-2 3.76471E-2 3.77979E-2 3.77979E-2 3.84779E-2 3.91559E-2 3.87323E-2 3.98315E-2 4.50989E-2 4.89143E-2 5.21555E-2 5.55623E-2 6.02247E-2 6.33893E-2 6.92336E-2 7.54782E-2 8.72655E-2 1.00245E-1 1.13153E-1 1.25801E-1 1.3379E-1 1.37838E-1 1.39126E-1 1.47558E-1 1.7273E-1 2.27401E-1 2.66104E-1 2.89903E-1 3.12055E-1 3.35648E-1 3.66742E-1 3.96519E-1 4.35999E-1 4.65231E-1 4.83982E-1 4.85228E-1 4.97677E-1 5.19941E-1 5.35781E-1 5.47255E-1 5.63999E-1 5.81884E-1 5.9779E-1 5.74285E-1 5.78968E-1 6.14482E-1 6.22738E-1 6.25705E-1 6.23021E-1 6.23407E-1 6.16077E-1 5.84413E-1
4.70769E-2 5.20729E-2 5.51177E-2 5.28862E-2 4.99314E-2 4.62075E-2 4.43426E-2 4.21214E-2 4.09639E-2 4.19518E-2 4.27101E-2 4.22803E-2 3.91128E-2 3.87271E-2 3.87271E-2 3.888E-2 4.05509E-2 4.16973E-2 4.01322E-2 4.14031E-2 4.25657E-2 4.8261E-2 5.51177E-2 5.93036E-2 6.48682E-2 6.92336E-2 6.92336E-2 7.37839E-2 8.42363E-2 9.8012E-2 1.13187E-1 1.36538E-1 1.47811E-1 1.52113E-1 1.57909E-1 1.59245E-1 1.74535E-1 1.98429E-1 2.36194E-1 2.6679E-1 2.94403E-1 3.24099E-1 3.39728E-1 3.64551E-1 3.87796E-1 4.16466E-1 4.49057E-1 4.73584E-1 4.8456E-1 5.04696E-1 5.20436E-1 5.39114E-1 5.52954E-1 5.73727E-1 5.86279E-1 5.88457E-1 5.53289E-1 5.90796E-1 6.15465E-1 6.25962E-1 6.22609E-1 6.21502E-1 6.23937E-1 6.23767E-1 6.11538E-1
4.69646E-2 5.71646E-2 5.46751E-2 5.28862E-2 4.9639E-2 4.9639E-2 4.59199E-2 4.40696E-2 4.34664E-2 4.40696E-2 4.48309E-2 4.46795E-2 4.27101E-2 4.15393E-2 4.0395E-2 4.21214E-2 4.287E-2 4.39077E-2 4.34664E-2 4.49707E-2 4.89143E-2 5.75414E-2 6.94819E-2 7.27523E-2 7.70194E-2 7.44112E-2 7.81308E-2 8.22596E-2 9.15203E-2 1.08396E-1 1.32397E-1 1.59402E-1 1.76625E-1 1.8288E-1 1.77899E-1 1.79262E-1 1.95456E-1 2.11871E-1 2.43302E-1 2.6559E-1 3.03674E-1 3.28679E-1 3.50726E-1 3.73017E-1 3.87796E-1 4.11546E-1 4.43944E-1 4.81517E-1 4.99619E-1 5.11932E-1 5.30258E-1 5.54898E-1 5.67259E-1 5.85215E-1 5.92987E-1 5.88639E-1 5.7012E-1 5.84369E-1 6.16663E-1 6.25877E-1 6.21463E-1 6.13811E-1 6.24093E-1 6.28584E-1 6.25171E-1
5.21251E-2 5.73253E-2 5.81966E-2 5.50332E-2 5.37829E-2 4.99663E-2 4.86402E-2 4.74847E-2 4.79878E-2 4.84843E-2 4.92997E-2 4.65505E-2 4.46795E-2 4.40696E-2 4.52962E-2 4.52962E-2 4.70215E-2 4.63849E-2 4.7188E-2 4.99663E-2 5.3807E-2 6.52701E-2 8.21334E-2 9.33019E-2 9.4383E-2 8.58127E-2 8.41116E-2 8.82925E-2 9.47271E-2 1.10766E-1 1.37838E-1 1.77679E-1 2.08859E-1 2.05473E-1 1.98771E-1 2.00438E-1 2.12267E-1 2.33147E-1 2.57694E-1 2.77786E-1 3.10206E-1 3.37889E-1 3.52553E-1 3.73457E-1 3.82785E-1 4.16466E-1 4.55035E-1 4.92877E-1 5.12514E-1 5.19412E-1 5.45375E-1 5.71216E-1 5.86713E-1 6.01458E-1 6.02158E-1 6.08824E-1 6.10741E-1 6.16663E-1 6.21982E-1 6.25925E-1 6.22818E-1 6.11949E-1 6.10977E-1 6.0281E-1 5.83348E-1
5.39575E-2 6.37543E-2 5.97293E-2 5.97293E-2 5.76203E-2 5.27053E-2 5.15988E-2 5.36881E-2 5.4266E-2 5.34084E-2 5.27053E-2 5.11626E-2 5.04822E-2 4.91431E-2 4.84843E-2 4.84843E-2 4.9639E-2 5.16778E-2 4.9639E-2 5.06402E-2 5.71845E-2 7.11089E-2 9.45215E-2 1.27079E-1 1.09365E-1 9.45215E-2 9.14253E-2 9.25805E-2 9.8012E-2 1.10728E-1 1.3379E-1 1.70064E-1 2.00438E-1 2.08477E-1 2.08477E-1 2.10171E-1 2.27862E-1 2.58287E-1 2.82167E-1 3.12959E-1 3.34969E-1 3.54377E-1 3.65277E-1 3.62761E-1 3.79314E-1 4.2702E-1 4.68165E-1 4.93946E-1 5.13802E-1 5.26405E-1 5.57178E-1 5.84944E-1 6.03716E-1 6.12818E-1 6.03416E-1 6.10895E-1 6.22282E-1 6.2187E-1 6.22637E-1 6.28298E-1 6.241E-1 6.10188E-1 5.97787E-1 5.89477E-1 5.59246E-1
5.83862E-2 6.71351E-2 6.5343E-2 6.28893E-2 6.14752E-2 5.86892E-2 5.73184E-2 6.11383E-2 6.10041E-2 5.71845E-2 5.57102E-2 5.55623E-2 5.68726E-2 5.39578E-2 5.39578E-2 5.32479E-2 5.37829E-2 5.44995E-2 5.44995E-2 5.61325E-2 6.17913E-2 7.2884E-2 1.00245E-1 1.16882E-1 1.07155E-1 9.69083E-2 9.58785E-2 1.02568E-1 1.05982E-1 1.15613E-1 1.37918E-1 1.6545E-1 1.87532E-1 2.09195E-1 2.12267E-1 2.29151E-1 2.55176E-1 2.87728E-1 3.1567E-1 3.40766E-1 3.69439E-1 3.77872E-1 3.77872E-1 3.76998E-1 4.06583E-1 4.57913E-1 4.94242E-1 5.09008E-1 5.20908E-1 5.38919E-1 5.56575E-1 5.88686E-1 6.15485E-1 6.22093E-1 6.15793E-1 6.17771E-1 6.08162E-1 6.11138E-1 6.24257E-1 6.29112E-1 6.23767E-1 5.91381E-1 5.87958E-1 5.91657E-1 5.66941E-1
6.76597E-2 7.11499E-2 7.02658E-2 6.95952E-2 6.63619E-2 6.82236E-2 6.66806E-2 6.58457E-2 6.42001E-2 6.42001E-2 6.2436E-2 6.14752E-2 6.14752E-2 5.91389E-2 5.91389E-2 5.76203E-2 5.89591E-2 5.81966E-2 5.89591E-2 6.22696E-2 6.82236E-2 7.92303E-2 9.15203E-2 9.80735E-2 9.25805E-2 8.94256E-2 1.01461E-1 1.09569E-1 1.16802E-1 1.21796E-1 1.40699E-1 1.65688E-1 1.95982E-1 2.19854E-1 2.35749E-1 2.62989E-1 2.99515E-1 3.32994E-1 3.55667E-1 3.79097E-1 3.86261E-1 4.02164E-1 4.06027E-1 3.96226E-1 4.41465E-1 5.24392E-1 5.27048E-1 5.07773E-1 5.12444E-1 5.32416E-1 5.58311E-1 5.88033E-1 6.25958E-1 6.26344E-1 6.28819E-1 6.25465E-1 6.10324E-1 6.24837E-1 6.16401E-1 6.1445E-1 6.00237E-1 5.82549E-1 5.84413E-1 5.52599E-1 5.27419E-1
7.58714E-2 7.47148E-2 7.86744E-2 7.5897E-2 7.40544E-2 7.35024E-2 7.26019E-2 6.83745E-2 6.58457E-2 6.65297E-2 6.63619E-2 6.55273E-2 6.47009E-2 6.47009E-2 6.38825E-2 6.38825E-2 6.45171E-2 6.5343E-2 6.78697E-2 6.80553E-2 7.42422E-2 8.19863E-2 9.1166E-2 9.67083E-2 9.46362E-2 9.90397E-2 1.13153E-1 1.21796E-1 1.28246E-1 1.32165E-1 1.44859E-1 1.67321E-1 1.9953E-1 2.34817E-1 2.82934E-1 3.35569E-1 3.68336E-1 3.86935E-1 3.99694E-1 4.05783E-1 4.0869E-1 4.07392E-1 4.06027E-1 4.21627E-1 4.33728E-1 5.51041E-1 5.12559E-1 4.62346E-1 5.03635E-1 5.3697E-1 5.65118E-1 6.06565E-1 6.3422E-1 6.23831E-1 6.23596E-1 6.2069E-1 6.19897E-1 6.13086E-1 5.78372E-1 5.72604E-1 5.56283E-1 5.58929E-1 5.78449E-1 5.58451E-1 5.21494E-1
8.23519E-2 8.33008E-2 8.23519E-2 8.44574E-2 7.82796E-2 7.94665E-2 7.60852E-2 7.17097E-2 6.82236E-2 6.80553E-2 6.87283E-2 6.95952E-2 7.13538E-2 7.13538E-2 7.13538E-2 6.97816E-2 6.97816E-2 7.13538E-2 7.40544E-2 7.60852E-2 8.18183E-2 8.99464E-2 9.76794E-2 1.10568E-1 1.19319E-1 1.26918E-1 1.37678E-1 1.43328E-1 1.46074E-1 1.46074E-1 1.54918E-1 1.67257E-1 1.982E-1 2.48133E-1 3.10704E-1 3.96931E-1 4.35429E-1 4.3971E-1 4.43828E-1 4.43245E-1 4.2892E-1 4.05192E-1 4.37989E-1 4.7087E-1 4.64458E-1 4.69175E-1 4.24263E-1 4.53074E-1 5.25537E-1 5.62245E-1 5.85776E-1 6.25076E-1 6.38074E-1 6.29075E-1 6.17605E-1 6.01377E-1 5.93499E-1 5.94251E-1 5.54573E-1 5.33908E-1 5.68244E-1 5.81359E-1 5.34509E-1 5.38917E-1 4.92322E-1
9.05945E-2 8.8288E-2 8.76001E-2 8.8288E-2 8.54436E-2 8.45368E-2 7.87247E-2 7.68311E-2 7.31458E-2 7.56897E-2 7.56897E-2 7.85164E-2 7.94758E-2 8.04439E-2 8.06528E-2 7.70194E-2 7.89133E-2 7.89133E-2 8.26154E-2 8.66449E-2 9.3139E-2 1.00898E-1 1.14116E-1 1.29675E-1 1.47825E-1 1.65607E-1 1.70184E-1 1.76571E-1 1.71609E-1 1.65305E-1 1.61986E-1 1.69819E-1 2.11774E-1 2.76474E-1 3.5388E-1 4.19176E-1 4.65304E-1 4.8837E-1 4.87532E-1 4.81627E-1 4.60234E-1 4.55639E-1 4.8392E-1 5.23869E-1 5.06446E-1 4.56501E-1 4.58584E-1 4.93224E-1 5.66061E-1 5.99013E-1 6.16155E-1 6.29892E-1 6.38113E-1 6.31429E-1 6.13732E-1 5.63633E-1 5.22548E-1 5.60828E-1 5.55549E-1 5.79949E-1 5.7329E-1 5.31015E-1 5.60233E-1 4.80555E-1 4.17415E-1
9.68373E-2 9.56554E-2 9.37285E-2 9.60447E-2 9.32663E-2 9.06238E-2 8.46127E-2 8.21761E-2 7.89989E-2 7.99657E-2 8.31698E-2 8.82705E-2 9.03728E-2 9.16697E-2 8.87123E-2 8.88999E-2 8.88999E-2 9.10018E-2 9.42208E-2 9.95798E-2 1.05527E-1 1.12739E-1 1.25469E-1 1.46299E-1 1.75184E-1 2.10256E-1 2.24111E-1 2.11604E-1 2.01121E-1 1.80623E-1 1.6581E-1 1.85591E-1 2.44299E-1 3.15254E-1 3.88278E-1 4.47531E-1 4.95641E-1 5.27773E-1 5.29044E-1 5.12475E-1 4.95181E-1 4.92875E-1 4.90445E-1 4.97957E-1 4.87691E-1 4.55608E-1 5.34711E-1 5.54017E-1 5.79334E-1 6.17148E-1 6.31586E-1 6.37362E-1 6.38095E-1 6.34275E-1 6.17559E-1 5.71419E-1 5.12459E-1 5.7015E-1 5.78736E-1 5.45663E-1 5.27688E-1 5.47169E-1 5.26339E-1 4.58347E-1 4.23776E-1
9.64077E-2 9.87621E-2 1.01464E-1 1.01464E-1 9.801E-2 9.70249E-2 9.3139E-2 8.82705E-2 8.64084E-2 8.7444E-2 9.1977E-2 1.03482E-1 1.07283E-1 1.08483E-1 1.00716E-1 9.8453E-2 9.65718E-2 1.01055E-1 1.05527E-1 1.12739E-1 1.2027E-1 1.26791E-1 1.39077E-1 1.55032E-1 1.89824E-1 2.49915E-1 2.86158E-1 2.53538E-1 2.27552E-1 2.00282E-1 1.98877E-1 2.38575E-1 3.19153E-1 3.65782E-1 4.23439E-1 4.79327E-1 5.29039E-1 5.59181E-1 5.65522E-1 5.53113E-1 5.3466E-1 5.08803E-1 4.88694E-1 5.06962E-1 5.15995E-1 5.27877E-1 5.71077E-1 5.90981E-1 5.90468E-1 6.21078E-1 6.33079E-1 6.3713E-1 6.39027E-1 6.39224E-1 6.31382E-1 6.23947E-1 6.03163E-1 5.55375E-1 5.08558E-1 4.73648E-1 4.53124E-1 5.3992E-1 4.69678E-1 4.51206E-1 4.21728E-1
1.01033E-1 1.0235E-1 1.08222E-1 1.05455E-1 1.07025E-1 1.05908E-1 9.9372E-2 9.63571E-2 9.38979E-2 9.53754E-2 1.06099E-1 1.24367E-1 1.3551E-1 1.26224E-1 1.1863E-1 1.06707E-1 1.06859E-1 1.14116E-1 1.21557E-1 1.3353E-1 1.40486E-1 1.46204E-1 1.55032E-1 1.65701E-1 1.84817E-1 2.35251E-1 2.63024E-1 2.62869E-1 2.49347E-1 2.34393E-1 2.47703E-1 3.3034E-1 4.23797E-1 4.08814E-1 4.57808E-1 5.13784E-1 5.54472E-1 5.81239E-1 5.92555E-1 5.92085E-1 5.70206E-1 5.18138E-1 5.06216E-1 5.25266E-1 5.50027E-1 5.76925E-1 6.092E-1 6.24851E-1 6.30667E-1 6.33709E-1 6.09971E-1 6.14996E-1 6.20556E-1 6.33157E-1 6.34309E-1 6.44359E-1 6.29052E-1 5.68711E-1 5.00566E-1 4.50584E-1 4.25871E-1 5.12519E-1 4.42111E-1 4.27376E-1 4.2797E-1
