KUENM/Final_Models/M_0.1_F_lq_Set_2_E/sp1_3.asc
ncols         197
nrows         210
xllcorner     56.1666666666667
yllcorner     4.5
cellsize      0.166666666666667
NODATA_value  -9999
[rows 0 to 27 of 210, columns 65 to 129 of 197]
-9999 -9999 -9999 -9999 -9999 -9999 -9999 -9999 -9999 -9999 -9999 -9999 -9999 -9999 -9999 -9999 -9999 -9999 -9999 -9999 -9999 -9999 -9999 -9999 -9999 -9999 -9999 -9999 -9999 5.68815E-7 2.67359E-8 1.84564E-7 1.35334E-8 2.58961E-9 1.74916E-10 6.24923E-12 3.57608E-12 3.17465E-10 2.31878E-11 2.81759E-12 -9999 -9999 -9999 -9999 -9999 -9999 -9999 -9999 -9999 -9999 -9999 -9999 -9999 -9999 -9999 -9999 -9999 -9999 -9999 -9999 -9999 -9999 -9999 -9999 -9999
-9999 -9999 -9999 -9999 -9999 -9999 -9999 -9999 -9999 -9999 -9999 -9999 -9999 -9999 -9999 -9999 -9999 -9999 -9999 -9999 -9999 -9999 -9999 9.26565E-6 1.77665E-6 7.26436E-5 4.45134E-5 1.01816E-5 1.82735E-9 2.92557E-11 7.54105E-10 5.79355E-9 1.09994E-9 1.85433E-10 3.0179E-12 2.10521E-13 8.90112E-13 1.61911E-10 2.07289E-10 7.91195E-12 1.98277E-11 5.90963E-10 4.52814E-10 1.70071E-11 1.19205E-11 3.01827E-11 -9999 -9999 -9999 -9999 -9999 -9999 -9999 -9999 -9999 -9999 -9999 -9999 -9999 -9999 -9999 -9999 -9999 -9999 -9999
-9999 -9999 -9999 -9999 -9999 -9999 -9999 -9999 -9999 -9999 -9999 -9999 -9999 -9999 -9999 -9999 -9999 -9999 -9999 2.40857E-4 9.27366E-5 1.76695E-4 2.39557E-4 5.93933E-5 6.33352E-6 7.36706E-7 4.08431E-9 3.54843E-8 2.60645E-8 4.58359E-10 2.16621E-12 2.42257E-9 4.73418E-10 1.14149E-10 1.82543E-12 1.73459E-12 2.79127E-11 9.14633E-11 2.28529E-9 6.26404E-10 1.30338E-12 2.39879E-11 1.42127E-11 3.29283E-10 4.5426E-9 2.24639E-10 5.98135E-13 5.94495E-11 8.49546E-9 5.42594E-7 -9999 -9999 -9999 -9999 -9999 -9999 -9999 -9999 -9999 -9999 -9999 -9999 -9999 -9999 -9999
-9999 -9999 -9999 -9999 -9999 -9999 -9999 -9999 -9999 -9999 -9999 -9999 -9999 -9999 -9999 -9999 1.82165E-6 1.01403E-4 2.31541E-3 4.23013E-5 1.27855E-5 9.91794E-8 4.564E-7 4.61166E-6 9.55948E-7 2.63821E-9 1.39462E-8 3.67316E-8 6.95876E-12 7.6721E-13 4.53557E-14 1.3552E-10 1.53349E-12 2.33261E-12 5.96048E-11 5.32888E-12 2.06482E-11 7.01221E-10 1.10176E-9 7.31379E-11 3.74368E-12 5.22027E-12 7.90075E-11 2.06579E-10 2.99744E-10 8.20467E-10 9.38654E-11 1.61165E-11 3.89779E-12 1.12774E-8 7.76046E-7 3.61409E-6 1.88514E-5 -9999 -9999 -9999 -9999 -9999 -9999 -9999 -9999 -9999 -9999 -9999 -9999
-9999 -9999 -9999 -9999 -9999 -9999 -9999 -9999 -9999 -9999 -9999 -9999 -9999 -9999 1.09389E-4 3.69895E-5 9.57573E-4 2.15098E-4 1.2443E-5 1.11347E-4 3.12103E-5 3.01415E-5 2.42046E-5 4.65987E-7 2.11662E-8 1.04044E-6 1.37909E-9 3.37839E-9 9.3322E-10 4.08837E-10 9.35166E-10 3.66133E-12 1.12277E-12 4.55108E-11 4.17278E-11 4.32881E-11 2.4732E-10 6.06714E-10 1.98149E-10 3.99296E-11 8.80335E-12 2.59039E-11 1.66243E-11 2.53902E-11 6.33256E-12 1.17551E-11 4.14139E-11 3.98569E-9 2.3544E-11 2.38381E-9 9.60004E-9 1.06266E-7 3.20704E-7 2.89465E-6 6.19975E-5 -9999 -9999 -9999 -9999 -9999 -9999 -9999 -9999 -9999 -9999
-9999 -9999 -9999 -9999 -9999 -9999 -9999 -9999 -9999 -9999 -9999 -9999 2.87128E-2 5.20669E-3 6.47335E-4 1.5695E-4 3.66395E-4 8.33017E-4 9.2772E-5 3.27121E-5 7.21801E-6 6.93907E-7 1.28211E-6 1.10327E-6 9.55085E-8 1.78933E-9 1.5472E-10 3.4505E-10 7.43456E-7 1.69568E-7 1.28346E-9 1.04556E-12 1.10217E-14 2.459E-11 3.24279E-9 7.45207E-10 4.39413E-9 3.22716E-11 3.59164E-12 1.92621E-11 3.41606E-11 3.67369E-11 7.12491E-11 7.74473E-11 8.1312E-11 1.37996E-11 1.19422E-11 1.94417E-10 1.25329E-11 2.30682E-14 8.07535E-12 4.39977E-10 2.09149E-10 3.67454E-9 2.35139E-6 2.55604E-5 7.17564E-5 -9999 -9999 -9999 -9999 -9999 -9999 -9999 -9999
-9999 -9999 -9999 -9999 -9999 -9999 -9999 -9999 -9999 -9999 4.48759E-2 2.42584E-2 2.25975E-2 2.30123E-2 8.15097E-3 4.0393E-3 6.09565E-3 2.09384E-3 8.20224E-4 7.60993E-5 1.80394E-6 1.60078E-6 8.4481E-5 1.29689E-4 4.90248E-5 2.46407E-7 2.4865E-7 1.5966E-6 5.18204E-8 2.94744E-8 5.57519E-9 2.85401E-11 8.87755E-10 6.20628E-9 2.00446E-9 4.16327E-10 4.17213E-10 9.39084E-12 1.66418E-12 5.17279E-12 6.67018E-12 7.81212E-11 4.37022E-10 2.22657E-10 2.62176E-10 8.99656E-11 1.16331E-11 1.84965E-11 3.76561E-10 2.79403E-12 3.21278E-12 1.02497E-10 1.86379E-9 1.16751E-8 6.00956E-9 5.63767E-7 3.56668E-6 3.01645E-5 8.44278E-5 -9999 -9999 -9999 -9999 -9999 -9999
-9999 -9999 -9999 -9999 -9999 -9999 -9999 -9999 3.16275E-2 1.69163E-2 3.42328E-2 7.95422E-2 4.7155E-2 1.44587E-2 1.77168E-2 2.85231E-2 1.65939E-2 8.92908E-3 1.90454E-3 4.89046E-5 1.44211E-6 1.56872E-4 1.19859E-7 2.77415E-6 6.23693E-9 5.58291E-6 2.57745E-5 2.10029E-7 1.05302E-8 5.81659E-9 1.57163E-9 1.62326E-7 3.82338E-8 1.11391E-8 1.26245E-9 1.2486E-9 3.32129E-10 2.07186E-10 3.91671E-10 6.37609E-11 3.47684E-11 1.30074E-10 9.50271E-10 3.6394E-10 5.77189E-11 1.48166E-11 3.08102E-11 1.92667E-10 2.47531E-14 4.01153E-13 4.6E-13 2.72059E-11 2.78815E-10 2.8939E-9 1.76295E-9 2.20533E-8 1.27495E-7 6.91138E-6 3.35619E-5 8.53965E-5 1.19769E-4 -9999 -9999 -9999 -9999
-9999 -9999 -9999 -9999 -9999 -9999 -9999 2.19349E-2 3.24065E-2 2.70413E-2 7.01845E-2 6.71462E-2 3.96622E-2 6.39888E-2 5.77022E-2 4.85237E-2 3.61676E-2 2.55972E-2 1.09765E-3 3.82578E-4 2.43916E-4 2.65248E-6 4.41156E-9 8.99041E-9 1.53089E-9 3.00475E-6 2.73647E-7 4.56906E-8 4.36361E-8 6.14237E-7 2.32354E-7 2.01344E-8 2.64488E-10 1.33145E-10 6.3842E-11 1.4894E-10 1.53763E-11 3.10121E-11 3.41482E-11 2.39142E-10 4.45011E-10 1.19798E-9 3.11404E-10 1.06742E-9 9.98992E-10 5.97381E-10 2.57372E-11 2.90268E-11 1.33416E-9 3.90253E-11 3.59429E-12 8.24812E-11 3.86502E-9 2.32517E-8 1.96906E-7 9.079E-7 2.1683E-7 3.71254E-6 1.04774E-5 7.49105E-5 1.01767E-4 1.15532E-4 -9999 -9999 -9999
-9999 -9999 -9999 -9999 -9999 -9999 1.23232E-2 3.49464E-2 1.17948E-2 4.31285E-2 5.14448E-2 5.62858E-2 5.31836E-2 6.67565E-2 4.73041E-2 7.6338E-2 7.85888E-2 1.54533E-2 1.16985E-3 4.61594E-3 1.66519E-6 5.24251E-6 5.95914E-7 6.97544E-9 7.53229E-7 3.40606E-5 3.66851E-6 9.82503E-6 2.65881E-7 7.2986E-8 5.33717E-10 7.68236E-11 2.24866E-11 8.74613E-11 1.98099E-10 4.38955E-10 1.86031E-11 2.84204E-11 5.50704E-11 1.29989E-10 7.29498E-11 1.42931E-10 1.84514E-10 1.82529E-10 1.06284E-10 4.60781E-10 1.14477E-10 5.56197E-12 1.98907E-9 6.77096E-9 3.38603E-10 2.01767E-11 1.33954E-8 2.43042E-9 9.56398E-8 3.88757E-6 2.20592E-6 2.14005E-5 3.98524E-5 6.21429E-5 8.23693E-5 1.15532E-4 1.17633E-4 -9999 -9999
-9999 -9999 -9999 -9999 2.2975E-2 2.0659E-2 1.92887E-2 2.90475E-2 2.68018E-2 4.07361E-2 4.19546E-2 5.10073E-2 5.58509E-2 6.41532E-2 6.88524E-2 8.34381E-2 5.50445E-2 7.10214E-3 4.07971E-4 7.67302E-3 3.95666E-5 9.8333E-7 1.37319E-7 7.99357E-7 6.77079E-6 1.86265E-8 7.64211E-9 4.73391E-6 2.68681E-9 4.07931E-8 2.12631E-8 2.0901E-8 1.51081E-8 4.94128E-9 1.17853E-9 6.83545E-9 3.28758E-9 3.33913E-9 5.3238E-10 3.3359E-10 5.17695E-10 1.42931E-10 6.24938E-11 8.85854E-11 1.09725E-10 1.69961E-10 2.12873E-10 2.38513E-12 1.28981E-11 1.84591E-8 3.54173E-9 3.1621E-9 1.46379E-9 5.48278E-9 2.74494E-9 1.09984E-8 3.31827E-7 6.5922E-6 1.22572E-5 2.21939E-5 2.61093E-5 5.43317E-5 7.3572E-5 8.38706E-5 9.71889E-5
-9999 -9999 -9999 1.70345E-2 1.93202E-2 2.08314E-2 2.62621E-2 2.79844E-2 3.56553E-2 3.90879E-2 4.20913E-2 4.96854E-2 4.47386E-2 5.26541E-2 7.55715E-2 8.49136E-2 7.00205E-2 4.74843E-2 1.39981E-2 9.53986E-3 9.10896E-4 6.99483E-5 1.01664E-6 9.49212E-6 1.59543E-6 1.44976E-8 3.27439E-7 1.52597E-6 1.1928E-6 4.21268E-9 1.79766E-10 1.12077E-10 8.52368E-10 3.22753E-9 1.2275E-10 1.7536E-9 1.39502E-9 2.36988E-10 2.28943E-11 2.75617E-11 5.58118E-11 3.01745E-11 7.23176E-11 1.09424E-10 1.11504E-10 3.41959E-11 1.33414E-10 1.49875E-11 2.02904E-12 1.82765E-10 1.32552E-9 7.0974E-10 8.50664E-11 5.71053E-11 8.7896E-10 1.22692E-9 1.54443E-8 4.30809E-7 2.42924E-6 2.05121E-6 2.10153E-5 3.4045E-5 3.71788E-5 3.29096E-5 3.35117E-5
-9999 -9999 1.38634E-2 1.57561E-2 1.84139E-2 1.85394E-2 2.56886E-2 2.65181E-2 3.33177E-2 3.91864E-2 4.33199E-2 4.76703E-2 4.83951E-2 4.19874E-2 7.72059E-2 8.33657E-2 5.13602E-2 4.71074E-3 3.21782E-3 4.75668E-4 5.05447E-5 4.62316E-5 1.22427E-5 1.30409E-5 1.97596E-6 9.11199E-8 2.43472E-6 6.25213E-6 6.63857E-8 6.90106E-10 1.74268E-9 1.81541E-8 4.28074E-8 2.2862E-9 2.8062E-10 2.76872E-10 7.40236E-10 1.98114E-9 8.64462E-10 3.65091E-10 2.27726E-10 9.79336E-11 3.78587E-11 1.0262E-11 4.20416E-11 6.25207E-11 2.09324E-10 3.25306E-11 2.22088E-12 4.93691E-12 7.99243E-10 6.3714E-12 1.48522E-10 4.09668E-10 3.50423E-10 1.78083E-8 6.57834E-10 1.35401E-7 9.38702E-7 5.97907E-6 3.12113E-6 8.85595E-6 1.56436E-5 1.84792E-5 1.81466E-5
-9999 1.17252E-2 1.27083E-2 1.63618E-2 1.85315E-2 1.90179E-2 2.54975E-2 2.73502E-2 3.54952E-2 4.08511E-2 4.68516E-2 5.5449E-2 6.32062E-2 5.76175E-2 7.40986E-2 6.69047E-2 3.29289E-2 2.45353E-3 3.83312E-3 5.85351E-3 8.94182E-3 1.59844E-3 5.7881E-5 3.23619E-5 3.40093E-6 2.60335E-8 1.02823E-6 2.39993E-7 2.10652E-7 1.13597E-7 1.8172E-7 4.31088E-8 3.13281E-9 3.81695E-10 1.63005E-9 4.88807E-9 1.03328E-9 5.80882E-11 6.01159E-12 2.00339E-11 1.54862E-11 6.92095E-12 3.29451E-11 9.7148E-11 1.06266E-11 8.6637E-13 1.02423E-12 5.59623E-13 1.26803E-12 1.76812E-11 1.84627E-9 4.61538E-12 2.72783E-11 1.05988E-8 4.63402E-8 2.2806E-9 1.00507E-10 3.73295E-9 8.5883E-7 9.5597E-7 1.48199E-6 1.61579E-6 1.72914E-6 2.69059E-6 2.2327E-6
1.22201E-2 1.23922E-2 1.38148E-2 1.55352E-2 1.85801E-2 1.89076E-2 2.47916E-2 2.78411E-2 3.40412E-2 4.04525E-2 4.74994E-2 5.08133E-2 6.09752E-2 7.15729E-2 7.48621E-2 6.426E-2 1.91233E-2 4.76886E-3 2.02571E-2 1.23835E-2 4.15929E-3 7.22987E-3 1.86217E-3 2.08137E-4 1.48937E-5 5.04086E-6 1.77448E-6 2.21114E-8 7.02342E-10 1.05615E-8 4.5059E-10 2.32335E-10 1.06847E-9 8.40292E-9 3.04165E-8 1.77632E-10 1.65476E-11 1.24429E-11 1.43578E-10 2.96454E-10 1.2186E-10 2.63761E-10 7.88808E-11 3.85453E-12 7.02069E-13 8.6637E-13 3.25359E-12 1.24794E-11 4.75945E-12 8.94729E-13 8.80651E-11 1.05367E-11 1.79432E-12 1.63224E-9 1.05989E-10 1.90325E-10 6.46164E-10 6.49906E-9 2.91301E-7 7.97949E-8 5.54042E-8 1.26756E-8 1.4127E-7 4.73948E-8 1.1626E-7
1.38224E-2 1.36373E-2 1.51848E-2 1.61923E-2 1.81187E-2 2.09155E-2 2.41191E-2 2.81164E-2 3.29693E-2 3.95718E-2 4.79249E-2 5.19248E-2 6.05319E-2 5.89537E-2 5.39402E-2 4.13891E-2 4.59573E-2 2.40064E-2 4.15433E-2 9.49853E-3 2.05518E-3 4.47275E-5 3.03475E-4 1.56819E-3 7.78065E-5 1.85146E-8 6.07797E-8 1.63893E-7 5.38822E-11 3.02095E-10 6.17104E-8 7.06653E-7 2.8658E-8 1.05712E-9 2.20391E-9 2.6127E-9 2.71346E-9 3.80647E-10 2.38537E-8 3.33539E-10 7.62136E-11 8.69188E-11 3.98466E-12 2.97584E-12 4.12135E-12 4.04933E-12 8.65025E-12 1.97623E-12 8.61528E-12 8.29266E-13 1.30316E-13 5.56488E-12 9.70762E-13 2.89522E-9 9.51613E-11 7.89101E-12 3.77463E-11 3.14681E-11 2.3778E-9 9.17931E-9 8.38777E-9 2.34025E-10 3.81182E-9 7.34549E-10 3.24761E-10
1.47853E-2 1.53661E-2 1.36598E-2 1.54858E-2 1.74259E-2 2.11695E-2 2.25105E-2 2.78099E-2 2.79903E-2 3.23955E-2 4.86399E-2 5.97372E-2 5.76254E-2 4.61076E-2 5.97984E-2 4.9695E-2 1.91044E-2 4.69874E-3 1.07475E-2 1.11017E-3 1.47284E-4 1.13958E-6 6.80622E-6 5.27023E-4 3.17987E-5 3.50873E-9 3.31894E-8 1.93007E-5 1.83746E-8 1.15259E-6 1.18933E-8 2.70675E-11 3.25183E-11 1.30839E-8 2.38999E-9 1.34498E-8 1.00493E-9 2.91885E-10 9.46179E-10 1.26778E-10 1.87697E-11 4.84382E-11 1.52303E-10 3.98576E-11 5.01858E-11 8.40489E-11 6.01323E-9 3.49605E-10 6.64005E-12 1.19491E-12 1.7491E-13 8.21876E-14 2.20675E-12 1.47887E-12 1.691E-9 1.97495E-13 1.99139E-13 3.68239E-12 4.82912E-12 3.51592E-11 1.005E-10 4.15365E-11 5.35757E-11 3.78862E-11 3.3779E-13
8.72717E-3 3.3941E-3 1.98297E-3 4.10412E-3 8.77282E-3 9.89212E-3 1.48567E-2 1.92648E-2 2.52609E-2 2.63676E-2 3.31213E-2 5.30327E-2 4.82163E-2 2.51195E-2 3.61791E-2 1.69076E-2 8.63905E-3 4.67437E-3 8.47157E-6 1.02683E-3 6.2232E-6 1.18523E-8 2.30675E-5 2.09028E-4 6.23624E-7 2.5537E-7 4.92919E-6 8.78676E-9 1.56207E-8 7.70917E-11 3.74231E-12 9.02176E-10 9.9547E-7 1.00627E-7 2.28324E-8 4.29567E-8 4.00598E-9 1.30198E-8 6.98037E-8 1.04059E-9 3.77953E-8 1.11604E-8 1.18228E-8 1.60773E-11 1.44001E-12 4.32558E-11 3.6436E-9 6.41077E-9 1.4852E-11 9.91586E-13 4.99679E-13 5.78878E-14 2.22414E-14 6.83323E-11 6.08266E-10 4.87153E-10 1.07875E-10 3.34452E-14 2.76789E-13 3.68745E-13 8.04828E-13 1.79446E-13 3.80326E-14 4.95106E-14 1.5518E-13
2.92064E-3 1.37236E-4 2.54774E-4 2.43772E-3 6.30503E-3 9.56066E-3 7.08961E-3 8.73728E-3 1.72071E-2 2.36033E-2 2.96508E-2 3.37899E-2 2.42204E-2 2.39939E-2 1.48837E-2 1.68542E-3 3.39747E-6 2.79378E-4 2.36117E-7 1.46278E-7 1.64043E-9 1.23832E-10 2.5381E-5 5.5873E-8 1.17443E-9 4.17909E-8 1.91864E-8 4.72051E-10 6.77283E-12 1.63961E-11 3.63671E-8 7.00336E-7 2.08882E-5 1.53824E-6 6.04483E-8 6.29756E-10 4.27001E-9 2.90324E-7 1.0285E-6 3.13194E-9 5.8189E-8 4.07896E-7 1.19378E-10 2.17829E-8 2.19401E-10 4.88485E-11 1.30509E-10 2.68783E-8 1.09535E-11 3.82452E-11 2.7538E-10 1.28902E-12 6.13328E-13 2.71142E-12 2.77544E-11 5.32204E-13 2.17167E-12 1.40481E-11 6.0713E-11 2.7544E-12 1.00484E-11 2.99452E-12 2.31844E-12 8.64253E-14 1.02825E-12
3.60393E-3 1.4939E-3 9.03064E-4 1.25976E-3 3.71962E-3 5.69592E-3 5.21001E-3 6.18788E-3 1.03976E-2 1.91207E-2 2.75482E-2 2.84977E-2 2.26179E-2 1.37203E-2 7.42387E-6 1.42269E-4 8.78068E-10 2.34319E-5 2.89121E-6 1.21372E-9 1.01105E-12 1.40702E-9 2.55673E-7 1.75648E-11 2.65466E-10 6.23138E-10 2.33912E-10 2.77368E-8 5.37949E-9 9.31255E-10 1.25929E-5 1.43836E-4 5.81639E-6 4.73601E-7 1.88637E-8 3.4403E-8 1.59267E-8 2.26731E-7 1.85414E-6 1.54804E-6 3.15711E-5 1.94945E-8 3.73324E-9 1.20478E-6 8.50401E-7 7.90493E-7 4.9537E-7 1.63062E-9 9.10869E-13 1.22207E-14 1.14235E-12 1.0889E-12 9.87636E-13 2.1587E-13 2.11768E-14 6.69287E-12 7.55493E-14 1.40806E-12 2.57645E-12 1.10318E-12 1.5518E-13 7.58954E-14 1.49846E-13 2.31844E-12 2.6263E-13
2.98245E-3 1.80758E-3 6.15764E-4 5.7929E-4 5.56951E-4 3.69398E-4 1.89785E-3 2.39185E-3 3.41876E-3 2.08604E-2 2.36912E-2 2.3285E-2 2.78578E-2 4.00815E-3 9.54386E-5 2.68582E-3 4.25267E-6 2.07472E-9 9.59506E-9 3.15473E-8 1.85073E-11 6.99411E-10 2.36236E-7 7.5963E-9 1.72785E-10 7.14978E-10 2.12837E-8 1.25867E-6 2.25235E-5 9.39301E-6 1.65241E-4 3.25522E-9 1.82674E-7 3.3491E-8 4.77928E-8 4.01232E-8 1.00429E-7 3.77559E-8 2.6779E-8 4.24402E-9 2.07507E-7 8.45631E-6 1.15646E-5 8.6142E-5 7.543E-9 2.72041E-9 2.2081E-11 6.84623E-12 3.84913E-11 1.967E-11 8.31974E-13 1.15138E-13 1.81571E-14 7.68281E-14 7.82303E-14 1.10459E-13 2.10087E-11 1.82687E-12 6.94126E-14 1.92371E-13 7.03172E-15 7.72278E-14 1.15904E-13 1.18216E-12 1.56061E-12
4.59267E-4 9.82735E-4 6.43822E-4 6.81776E-5 1.44589E-5 2.29458E-4 1.07914E-3 2.48912E-4 3.01961E-3 2.10075E-2 2.26839E-2 1.70092E-2 5.96511E-3 1.148E-3 3.19496E-6 3.20467E-4 1.82714E-7 2.90036E-11 8.81504E-11 4.05585E-12 7.11402E-10 1.8353E-8 2.4843E-10 1.63763E-8 6.51197E-12 3.69871E-8 5.16226E-8 7.75651E-7 8.61635E-4 1.90775E-4 9.00204E-7 1.39346E-9 4.89557E-9 1.17725E-9 2.49457E-9 3.3845E-9 2.03714E-9 1.54245E-8 6.9936E-8 4.47424E-8 2.03889E-8 1.15117E-8 7.97911E-8 1.16509E-4 4.14145E-4 1.45707E-6 1.25146E-6 2.05985E-11 6.81709E-11 1.53305E-9 9.31792E-10 1.18967E-11 2.65559E-12 4.36089E-12 1.28198E-13 3.23238E-14 8.27944E-15 6.52711E-15 1.20368E-12 1.14985E-13 5.51981E-15 7.03172E-15 2.14775E-13 1.22456E-12 1.52492E-13
7.62993E-5 7.36637E-5 5.92296E-5 2.42352E-5 9.27459E-5 2.83762E-4 3.26761E-5 3.07796E-6 1.47924E-3 1.01036E-2 1.85917E-2 8.56931E-3 2.22741E-3 6.68793E-4 5.04392E-5 3.45976E-9 3.95944E-11 2.28762E-11 2.03869E-10 3.67107E-11 5.64721E-12 1.17102E-11 1.17905E-9 2.375E-11 5.49412E-10 8.52948E-8 6.21441E-7 9.91983E-7 7.76747E-3 6.48527E-6 8.27001E-7 3.72935E-9 2.76342E-8 9.47785E-8 5.12299E-8 2.16293E-7 7.74884E-8 3.27422E-7 1.47072E-5 6.10152E-6 1.15613E-6 5.93804E-6 3.27627E-8 1.84308E-8 3.75356E-7 1.31968E-3 3.61985E-5 1.02983E-8 4.5294E-9 2.60428E-10 2.20253E-8 6.50117E-9 2.17132E-10 6.99507E-10 1.67953E-12 1.45053E-11 8.42974E-13 2.01572E-14 8.61508E-14 1.16977E-13 3.28811E-14 5.42707E-15 8.0809E-16 3.01854E-14 2.39657E-13
8.47238E-7 6.57763E-6 1.4014E-6 6.69934E-6 2.01108E-5 2.98539E-5 1.27793E-6 2.72522E-5 2.93718E-3 8.56326E-3 1.35096E-2 1.03227E-2 2.58289E-3 7.869E-4 2.09147E-5 3.79335E-8 8.85758E-10 1.93855E-7 5.33007E-10 5.59871E-11 1.30883E-9 4.16025E-11 1.94442E-11 2.07767E-10 1.83426E-9 4.24537E-6 1.0697E-6 8.47191E-6 1.39112E-2 1.37839E-4 9.97549E-7 4.5228E-6 4.40998E-6 1.3966E-5 1.28502E-6 2.89867E-5 1.30794E-6 1.03354E-5 1.87813E-3 9.11462E-3 5.94202E-3 4.28675E-3 1.76933E-4 9.91236E-7 2.44771E-8 5.03659E-4 7.06628E-7 4.6278E-8 7.78757E-7 7.2297E-7 2.92351E-8 5.03464E-7 2.00095E-10 1.91059E-11 3.05259E-11 4.60379E-13 6.93583E-12 1.9827E-14 7.88001E-15 2.16198E-14 6.10624E-15 7.78493E-15 3.97365E-15 5.39855E-14 9.26503E-14
9.94586E-7 3.53476E-7 1.57947E-6 2.81789E-6 3.56185E-5 2.24018E-5 7.70844E-5 2.42665E-3 7.23613E-4 3.1072E-5 7.59297E-7 3.49558E-7 2.24147E-8 2.55397E-10 6.55466E-11 1.76801E-8 3.69363E-7 1.84826E-10 2.4895E-9 2.77169E-8 2.31575E-9 4.12153E-10 3.87491E-9 6.53898E-8 7.1949E-9 1.00488E-5 1.93665E-3 6.66123E-3 3.44938E-3 2.61854E-5 1.61654E-3 4.00254E-4 4.77298E-6 8.56815E-5 1.64653E-7 4.11685E-4 2.16918E-3 2.79245E-2 4.80134E-5 2.75795E-5 7.59235E-4 8.9505E-3 1.78862E-2 6.48266E-3 1.36499E-3 5.44928E-6 2.82153E-7 1.2243E-7 3.57483E-10 1.36076E-10 8.74085E-7 1.97624E-6 4.40539E-6 7.31311E-11 8.77011E-11 8.61528E-12 1.77338E-10 1.26716E-11 2.90837E-12 3.0267E-14 5.44261E-13 2.83949E-15 3.1604E-15 7.13982E-14 7.13982E-14
6.64618E-7 4.41838E-7 5.31668E-7 2.77279E-5 3.61637E-5 3.16972E-4 2.35043E-4 8.4679E-5 9.91067E-8 6.39201E-9 7.05821E-11 9.94714E-10 7.38797E-8 8.43664E-5 1.33645E-4 6.94409E-7 1.29013E-8 5.33311E-11 9.03793E-8 6.36023E-5 1.42475E-6 2.14992E-9 1.0876E-6 1.10673E-5 1.98914E-6 4.8691E-5 3.92297E-3 7.22881E-3 1.41155E-4 3.01686E-3 1.06819E-3 9.22882E-6 1.72216E-5 1.21392E-3 1.09733E-6 2.66438E-5 1.78558E-3 1.15782E-2 2.07686E-5 6.43044E-7 7.53744E-7 1.70805E-6 2.93652E-5 1.66576E-5 1.81099E-8 3.47166E-11 3.11407E-7 5.0318E-7 1.68808E-9 1.9014E-10 4.199E-10 1.907E-6 4.25299E-8 5.97399E-7 1.61297E-8 4.34252E-8 1.54064E-7 3.23579E-8 1.85913E-10 1.82528E-12 3.34708E-13 1.32856E-11 2.19892E-14 7.91717E-15 5.44261E-13
2.13256E-7 5.22324E-8 4.58553E-7 3.85528E-6 4.38345E-6 4.18275E-6 6.14291E-6 3.62125E-8 2.17625E-8 2.93572E-8 9.55666E-6 2.29473E-4 1.47426E-3 3.36978E-2 1.16113E-2 9.04971E-5 7.38797E-8 1.16021E-7 2.79479E-7 3.90884E-4 1.61421E-3 3.8759E-5 4.21265E-4 2.55E-3 7.30655E-6 5.88785E-3 1.56231E-2 6.37175E-4 1.69468E-3 2.07389E-3 3.21052E-3 9.47796E-4 5.4847E-3 1.92813E-3 1.23192E-4 1.67804E-2 9.38047E-3 5.62886E-5 1.2401E-6 1.70302E-7 3.76708E-7 1.60593E-7 9.20395E-8 3.49617E-8 1.92527E-9 1.50462E-9 4.141E-7 2.45592E-8 1.63851E-8 5.09332E-10 1.73991E-9 8.0133E-10 2.39121E-10 8.54832E-8 6.10483E-8 9.97067E-11 9.00801E-9 1.33414E-10 4.77648E-11 2.6249E-12 1.78245E-13 3.85434E-11 1.08012E-12 3.13051E-14 3.05008E-13
9.0636E-8 2.13256E-7 2.3362E-7 7.32317E-7 5.05144E-7 1.83417E-6 6.78556E-6 2.92753E-6 1.26919E-5 1.265E-4 2.31763E-4 4.61098E-5 2.30207E-3 3.26379E-2 2.93527E-2 3.44865E-2 2.63261E-3 3.86942E-6 1.39609E-2 1.76503E-3 8.3985E-2 8.58865E-5 2.25138E-3 2.48843E-2 4.81151E-2 6.73359E-2 9.58482E-3 3.19809E-2 2.72355E-2 1.4176E-2 2.48125E-3 3.4383E-3 1.46737E-2 2.19229E-3 3.84621E-3 1.13372E-2 6.59046E-4 1.69384E-5 1.18206E-6 3.81684E-6 4.62075E-6 4.7485E-7 4.23845E-7 3.02689E-6 2.99933E-6 6.35753E-8 2.41144E-8 1.67076E-7 1.09648E-8 6.0282E-9 9.70012E-9 2.93091E-10 2.5522E-11 4.46115E-11 2.70702E-9 3.28835E-8 2.50623E-11 3.12059E-9 7.18322E-9 4.3427E-11 1.39866E-11 1.4053E-12 4.7844E-10 1.45397E-12 8.75311E-15
