KUENM/Final_Models/M_0.1_F_lq_Set_2_E/sp1_5_se_asia.asc
ncols         320
nrows         243
xllcorner     44.0
yllcorner     -0.666666666666667
cellsize      0.166666666666667
NODATA_value  -9999
[rows 31 to 61 of 243, columns 0 to 69 of 320]
-9999 -9999 -9999 -9999 -9999 -9999 -9999 -9999 -9999 -9999 1.95578E-1 4.87619E-2 2.59706E-4 1.60009E-3 8.6617E-4 2.12708E-3 1.36742E-3 1.16005E-3 7.87769E-5 1.19224E-4 4.91584E-4 2.74733E-4 2.80235E-5 5.01623E-4 7.43708E-4 1.48435E-4 4.15351E-5 1.81721E-6 2.80449E-5 1.19412E-4 2.782E-4 1.89036E-4 6.18729E-5 7.19269E-5 4.40529E-5 8.40868E-6 2.87739E-6 9.46741E-5 7.57522E-4 1.93917E-3 3.86131E-3 5.69158E-3 8.4629E-3 1.01567E-2 1.12926E-2 1.14052E-2 1.08665E-2 1.03485E-2 8.95583E-3 4.71066E-3 6.2132E-3 6.60394E-3 3.7783E-3 8.30628E-3 1.4252E-2 1.52095E-2 1.64168E-2 1.62185E-2 1.6617E-2 1.6617E-2 1.68192E-2 1.6617E-2 1.59668E-2 1.55844E-2 1.55844E-2 1.55844E-2 1.55844E-2 1.44274E-2 1.48419E-2 1.46608E-2
-9999 -9999 -9999 -9999 -9999 -9999 -9999 -9999 -9999 2.44548E-1 1.60042E-1 8.30793E-2 1.60458E-3 6.27942E-4 1.42252E-3 1.37691E-3 2.13818E-3 1.64967E-3 1.04391E-3 6.56196E-5 8.19859E-4 1.34251E-3 5.12155E-4 8.38881E-4 8.06362E-4 2.24356E-4 1.2802E-4 2.73826E-4 1.49193E-4 4.92139E-5 9.87566E-5 5.98797E-5 3.11331E-5 1.41139E-4 1.39174E-4 8.13062E-5 5.55126E-5 7.78565E-5 3.21856E-4 2.12495E-3 1.02143E-3 1.30694E-3 3.30828E-3 1.03978E-2 1.32448E-2 1.33472E-2 1.25627E-2 1.16711E-2 1.12451E-2 9.44024E-3 7.7952E-3 8.74896E-3 8.52808E-3 1.16384E-2 1.50967E-2 1.50967E-2 1.54762E-2 1.60797E-2 1.60797E-2 1.62801E-2 1.62801E-2 1.56688E-2 1.58633E-2 1.58633E-2 1.50691E-2 1.48841E-2 1.45197E-2 1.45197E-2 1.39868E-2 1.36405E-2
-9999 -9999 -9999 -9999 -9999 -9999 -9999 -9999 -9999 2.13807E-1 1.11211E-1 5.04268E-2 6.38131E-3 1.26495E-3 1.23745E-3 5.78151E-4 1.2431E-3 1.06541E-3 6.80453E-4 1.81946E-3 1.63696E-3 3.36889E-4 1.33032E-4 7.044E-5 3.05057E-4 1.02936E-3 1.4173E-4 1.08833E-4 1.2895E-4 4.40807E-5 1.4529E-5 5.49045E-5 1.50397E-5 8.31922E-5 2.69461E-4 2.42078E-4 1.45896E-4 8.67486E-5 3.58322E-4 7.22811E-4 1.8555E-5 9.37398E-6 2.65547E-4 8.68241E-3 1.47932E-2 1.31872E-2 1.14535E-2 1.13857E-2 8.80271E-3 9.49722E-3 1.16384E-2 1.13484E-2 1.33013E-2 1.49189E-2 1.5298E-2 1.58815E-2 1.56835E-2 1.54874E-2 1.56835E-2 1.56835E-2 1.56835E-2 1.47323E-2 1.2969E-2 1.40037E-2 1.36541E-2 1.2969E-2 1.21539E-2 1.3828E-2 1.43648E-2 1.45476E-2
-9999 -9999 -9999 -9999 -9999 -9999 -9999 -9999 -9999 2.10504E-1 1.00075E-1 4.03492E-2 7.16965E-3 2.16836E-3 1.57823E-3 2.70774E-3 1.77588E-3 6.90135E-4 8.22923E-4 3.89008E-4 5.85563E-4 5.18415E-4 2.34175E-4 1.78386E-4 1.35717E-4 2.05457E-5 1.01886E-4 1.11619E-4 3.12302E-5 3.65572E-5 1.29223E-5 1.63235E-5 4.34486E-5 4.03577E-5 1.01172E-4 2.21487E-4 6.44359E-5 2.19417E-5 1.75545E-4 5.57285E-4 7.45158E-5 3.74177E-6 1.55034E-4 4.2367E-3 1.4684E-2 1.08665E-2 9.85093E-3 5.62942E-3 1.33411E-3 3.58299E-3 4.82311E-3 3.92538E-3 6.54437E-3 1.08129E-2 1.40049E-2 1.50785E-2 1.52718E-2 1.52718E-2 1.50785E-2 1.50785E-2 1.33073E-2 9.98635E-3 8.1389E-3 7.35657E-3 9.33529E-3 7.12382E-3 5.46121E-3 1.18595E-2 1.46979E-2 1.54297E-2
-9999 -9999 -9999 -9999 -9999 -9999 -9999 -9999 -9999 2.04591E-1 1.37433E-1 5.20156E-2 1.57843E-2 5.9615E-3 2.17986E-3 9.68087E-4 3.56844E-3 1.01066E-3 2.83712E-3 1.08512E-3 7.16594E-4 2.15819E-3 2.95844E-4 7.63147E-4 3.43269E-4 1.8415E-4 1.0467E-6 1.07763E-5 5.35436E-4 3.91593E-5 1.34902E-5 1.13196E-5 2.97663E-5 1.20133E-5 6.8275E-6 4.42276E-5 6.84642E-6 9.08188E-6 6.01665E-5 3.88629E-4 2.68438E-4 3.89359E-5 1.10459E-5 5.77625E-4 5.55624E-3 1.05067E-2 1.11751E-2 6.62038E-3 1.80148E-3 1.14206E-3 1.46695E-3 1.80369E-3 1.63327E-3 2.17424E-3 4.91602E-3 1.20124E-2 1.41419E-2 1.36034E-2 1.39604E-2 1.24761E-2 9.11624E-3 4.34135E-3 2.89971E-3 2.20342E-3 3.58333E-3 6.12971E-3 1.02779E-2 1.3781E-2 1.53752E-2 1.51778E-2
-9999 -9999 -9999 -9999 -9999 -9999 -9999 -9999 -9999 -9999 1.8717E-1 7.04121E-2 1.76821E-2 9.72673E-3 1.53357E-3 7.4504E-3 6.23874E-3 3.36406E-3 1.76821E-2 1.22521E-2 1.05707E-2 1.59885E-3 4.25593E-3 1.18143E-3 6.11733E-4 8.09998E-4 1.23341E-4 7.15477E-5 5.87866E-4 8.29856E-4 7.13701E-5 2.73709E-5 1.31885E-5 1.50122E-5 6.71143E-6 2.13907E-5 8.59122E-5 1.07995E-4 2.05762E-4 7.59147E-5 2.57578E-5 8.96197E-5 2.14047E-5 2.45992E-6 2.88711E-5 6.07031E-4 4.56529E-3 9.37307E-3 8.69215E-3 6.27399E-3 5.5328E-3 6.29284E-3 5.04782E-3 2.14539E-3 2.93886E-3 5.58651E-3 4.95476E-3 9.75185E-3 1.01412E-2 1.08203E-2 1.06785E-2 8.08134E-3 6.36485E-3 6.45008E-3 8.18915E-3 8.76328E-3 9.8812E-3 1.21293E-2 1.40371E-2 1.4716E-2
-9999 -9999 -9999 -9999 -9999 -9999 -9999 -9999 -9999 -9999 -9999 1.51165E-1 8.72604E-2 2.2499E-2 3.874E-3 8.77848E-4 1.21574E-2 1.53556E-2 9.91447E-3 3.01451E-3 3.36406E-3 7.66591E-3 4.22362E-3 1.87365E-2 3.94228E-3 2.90512E-3 1.68488E-3 5.20471E-4 1.57684E-4 6.37092E-4 1.10548E-3 5.93652E-5 7.42426E-5 5.72431E-5 1.40103E-5 2.56099E-5 4.5307E-5 4.39575E-5 1.09135E-4 7.67625E-5 6.31243E-5 3.35511E-5 1.47548E-5 6.26571E-6 1.62508E-6 1.74066E-6 1.56692E-4 2.10171E-3 6.77426E-3 9.2586E-3 9.42231E-3 9.33529E-3 9.09592E-3 7.7239E-3 6.92278E-3 4.95476E-3 2.6046E-3 5.19316E-3 7.24979E-3 9.12623E-3 9.12623E-3 7.76506E-3 7.76506E-3 6.22078E-3 5.36649E-3 7.24979E-3 9.00525E-3 1.02625E-2 1.07986E-2 1.48208E-2
-9999 -9999 -9999 -9999 -9999 -9999 -9999 -9999 -9999 -9999 -9999 -9999 9.71329E-2 7.88618E-2 1.46362E-2 2.32577E-3 1.77671E-3 2.07899E-2 1.7337E-2 2.60338E-2 1.19435E-2 1.25567E-2 1.65959E-2 3.93245E-2 1.62229E-2 1.41309E-2 1.39059E-2 1.74422E-3 1.4335E-4 1.34487E-4 3.08672E-4 3.91593E-5 1.2179E-4 9.01211E-5 1.7702E-5 6.20196E-6 1.15603E-5 4.12976E-5 7.87197E-5 1.2966E-5 5.52954E-6 7.13745E-6 3.35511E-5 6.26064E-5 1.82445E-5 2.07044E-6 2.74283E-6 1.6001E-4 1.11332E-3 3.72513E-3 5.88101E-3 7.79121E-3 6.8908E-3 7.52316E-3 8.18915E-3 5.51234E-3 1.59852E-3 1.08906E-3 1.92608E-3 4.50937E-3 7.26119E-3 3.04977E-3 1.79503E-3 1.38146E-3 1.48656E-3 2.56958E-3 1.04798E-2 1.43294E-2 1.45216E-2 1.45216E-2
-9999 -9999 -9999 -9999 -9999 -9999 -9999 -9999 -9999 -9999 -9999 -9999 -9999 1.17093E-1 4.75488E-2 1.28132E-2 1.2311E-2 4.12509E-3 5.48962E-3 6.0118E-2 4.15976E-2 1.76821E-2 6.46474E-2 4.37453E-2 7.93706E-3 1.70653E-3 2.64532E-4 9.57555E-4 2.2496E-3 3.39025E-3 6.96164E-5 4.53904E-6 1.03855E-6 1.76536E-5 1.84786E-5 4.60408E-6 6.40194E-6 3.51002E-6 6.3565E-6 1.58831E-5 9.68238E-6 3.22232E-5 1.01768E-4 1.76717E-4 1.77181E-4 1.22761E-4 6.2086E-5 4.26463E-5 8.78308E-5 1.61056E-4 6.88781E-4 2.47137E-4 5.86054E-4 1.29062E-3 4.0073E-3 6.65207E-3 4.69589E-3 2.89565E-3 1.90007E-3 2.6737E-3 4.94847E-3 6.59703E-3 8.63694E-3 1.04331E-2 8.30746E-3 3.46874E-3 5.97358E-3 1.23818E-2 1.31483E-2 1.21313E-2
-9999 -9999 -9999 -9999 -9999 -9999 -9999 -9999 -9999 -9999 -9999 -9999 1.4439E-1 1.41625E-1 1.34026E-1 9.47636E-2 5.54172E-2 3.02923E-2 1.54723E-2 8.92828E-3 3.9053E-2 8.96476E-2 1.23735E-1 7.41208E-2 1.08272E-2 5.8811E-3 8.81193E-4 4.64647E-2 2.87755E-2 2.11837E-3 8.49549E-4 6.52669E-5 7.50386E-7 1.32892E-5 9.86557E-6 9.90303E-7 2.72296E-6 2.75282E-6 1.74034E-6 2.85437E-6 1.69169E-5 7.62069E-5 1.12653E-4 2.82008E-4 5.18271E-4 5.48865E-4 3.76433E-4 1.30634E-4 6.73567E-5 2.37086E-5 6.08703E-5 7.63153E-5 8.83716E-5 1.47641E-4 7.90414E-4 4.20899E-3 5.87323E-3 6.8704E-3 4.66179E-3 3.16624E-3 3.77634E-3 5.34079E-3 1.01536E-2 1.13399E-2 9.92891E-3 4.75008E-3 3.69534E-3 6.59703E-3 6.59703E-3 5.46679E-3
-9999 -9999 -9999 -9999 -9999 -9999 -9999 -9999 -9999 -9999 -9999 -9999 -9999 -9999 -9999 1.46797E-1 7.85534E-2 7.16475E-2 7.83743E-2 2.04513E-2 4.46902E-2 5.04128E-2 8.05426E-2 1.33662E-1 1.29696E-1 2.91239E-2 1.68528E-2 3.59002E-2 6.81995E-2 2.86295E-2 4.81066E-2 7.93767E-3 1.77069E-4 7.59015E-5 1.41414E-5 1.26352E-6 9.81992E-7 7.42469E-6 1.07884E-5 1.84186E-6 4.3506E-6 1.98157E-5 6.21856E-5 1.23421E-4 5.56216E-4 8.14071E-4 9.05033E-4 7.63363E-4 3.28046E-4 7.36415E-5 8.37513E-6 2.76574E-5 1.11749E-4 3.26541E-4 7.59774E-4 2.53488E-3 4.633E-3 7.16381E-3 7.77142E-3 3.49908E-3 5.34079E-3 9.189E-3 1.22897E-2 1.22897E-2 1.00163E-2 4.75008E-3 5.34079E-3 3.69534E-3 1.89489E-3 1.02695E-3
-9999 -9999 -9999 -9999 -9999 -9999 -9999 -9999 -9999 -9999 -9999 -9999 -9999 -9999 -9999 -9999 1.62027E-1 1.60741E-1 1.60925E-1 1.3529E-1 8.18119E-2 1.48602E-1 2.10502E-1 1.79195E-1 3.07321E-1 2.81804E-1 3.24725E-1 3.30553E-1 1.3772E-1 5.4625E-3 8.74775E-3 5.65997E-3 8.36979E-4 7.33782E-4 1.13978E-4 1.61619E-6 1.26352E-6 1.28933E-6 2.51909E-5 4.55662E-5 2.94029E-5 3.61598E-5 8.12057E-5 1.12235E-4 2.07785E-4 8.4384E-4 1.03239E-3 1.16388E-3 1.07937E-3 6.26412E-4 2.60029E-4 1.10911E-4 3.38318E-5 1.0402E-4 6.63858E-4 2.26975E-3 4.41755E-3 7.16381E-3 8.30746E-3 5.17803E-3 6.87847E-3 5.91288E-3 7.74289E-3 6.69214E-3 1.05926E-2 1.09555E-2 9.7463E-3 5.73478E-3 4.66179E-3 2.46749E-3
-9999 -9999 -9999 -9999 -9999 -9999 -9999 -9999 -9999 -9999 -9999 -9999 -9999 -9999 -9999 -9999 -9999 -9999 1.76159E-1 2.06077E-1 2.22691E-1 2.35434E-1 2.64641E-1 3.17966E-1 3.44269E-1 3.81066E-1 3.62122E-1 3.46079E-1 2.50745E-1 2.38465E-1 1.07434E-1 1.15559E-2 9.83661E-5 6.21907E-6 4.40807E-5 1.35746E-6 6.29782E-7 5.41214E-6 2.62208E-5 8.33307E-6 2.85844E-5 7.52829E-5 1.30125E-4 3.29087E-4 8.8746E-4 7.36649E-4 1.04507E-3 1.32471E-3 1.45682E-3 1.44142E-3 1.15714E-3 8.18648E-4 4.06223E-4 2.1401E-4 2.92072E-4 1.70989E-3 4.1527E-3 6.05503E-3 7.66665E-3 8.2919E-3 7.95866E-3 6.24955E-3 3.52571E-3 5.42015E-4 3.62419E-3 9.8213E-3 5.26819E-3 3.54729E-3 3.46874E-3 3.21955E-3
-9999 -9999 -9999 -9999 -9999 -9999 -9999 -9999 -9999 -9999 -9999 -9999 -9999 -9999 -9999 -9999 -9999 -9999 -9999 -9999 2.18746E-1 2.48583E-1 2.76574E-1 3.05328E-1 3.54082E-1 3.98697E-1 4.33377E-1 4.46519E-1 4.15359E-1 4.41026E-1 4.5661E-1 2.58466E-1 6.19164E-2 3.13531E-2 3.00146E-3 2.21438E-4 1.05383E-6 6.76369E-6 4.31713E-6 1.21343E-5 5.90374E-5 8.03355E-5 1.85759E-4 4.07068E-4 5.6972E-4 7.50612E-4 5.89986E-4 6.53437E-4 1.20816E-3 1.53535E-3 1.67972E-3 1.67773E-3 1.45852E-3 1.09926E-3 8.91107E-4 1.65521E-3 1.94658E-3 2.93519E-3 5.10791E-3 6.97328E-3 5.99494E-3 2.69553E-3 5.34712E-4 1.09448E-4 1.12745E-3 6.24955E-3 2.1534E-3 4.27051E-3 5.73478E-3 4.29986E-3
-9999 -9999 -9999 -9999 -9999 -9999 -9999 -9999 -9999 -9999 -9999 -9999 -9999 -9999 -9999 -9999 -9999 -9999 -9999 -9999 -9999 2.29547E-1 2.62644E-1 2.91331E-1 3.30118E-1 3.83567E-1 4.21985E-1 4.54076E-1 4.84363E-1 4.99684E-1 5.19732E-1 4.82165E-1 2.40625E-1 1.5613E-1 1.32775E-1 3.24646E-4 3.70713E-5 8.54014E-6 3.25108E-6 5.061E-5 5.36874E-5 9.40087E-5 1.76394E-5 1.53361E-4 5.33952E-4 5.27128E-4 5.76011E-4 7.02387E-4 1.1342E-3 1.14274E-3 1.4387E-3 1.92719E-3 2.06801E-3 1.91341E-3 8.78672E-4 5.68404E-4 5.39211E-4 1.73161E-4 1.31802E-3 5.34079E-3 5.99494E-3 3.82509E-3 1.33282E-3 3.75847E-4 7.88758E-4 6.8709E-3 9.02383E-3 6.60253E-3 1.27345E-3 1.32556E-3
-9999 -9999 -9999 -9999 -9999 -9999 -9999 -9999 -9999 -9999 -9999 -9999 -9999 -9999 -9999 -9999 -9999 -9999 -9999 -9999 -9999 -9999 2.37226E-1 2.61277E-1 3.07233E-1 3.48086E-1 3.85874E-1 4.24988E-1 4.62781E-1 5.02794E-1 5.31272E-1 5.22573E-1 4.38042E-1 3.55251E-1 1.48863E-1 2.95994E-3 4.95915E-4 1.04954E-5 6.67E-5 1.50469E-4 5.67914E-5 7.97999E-5 3.41871E-5 4.96108E-5 5.71727E-5 2.95533E-4 3.00637E-4 5.32749E-4 3.69129E-4 9.97994E-4 1.5696E-3 1.81173E-3 2.40098E-3 2.1952E-3 9.37702E-4 1.81626E-4 1.74796E-4 2.92072E-4 6.72746E-4 3.49908E-3 5.05545E-3 4.8501E-3 2.52472E-3 1.87722E-4 1.32053E-4 3.28447E-3 9.8805E-3 8.49689E-3 1.6871E-3 8.91107E-4
-9999 -9999 -9999 -9999 -9999 -9999 -9999 -9999 -9999 -9999 -9999 -9999 -9999 -9999 -9999 -9999 -9999 -9999 -9999 -9999 -9999 -9999 2.1639E-1 2.37968E-1 2.71999E-1 3.06604E-1 3.45292E-1 3.90172E-1 4.31317E-1 4.74739E-1 5.27382E-1 5.67287E-1 5.15482E-1 3.82309E-1 2.30148E-1 1.34536E-1 1.20853E-2 3.58234E-4 7.26591E-6 6.72409E-4 5.95328E-5 1.16354E-5 3.28985E-5 3.57464E-5 3.02567E-5 6.07272E-5 2.20116E-4 2.32526E-4 1.30629E-4 1.02295E-3 1.87064E-3 2.29657E-3 2.37865E-3 2.04895E-3 1.01291E-3 2.95916E-4 7.55134E-5 6.73567E-5 1.20719E-4 1.16514E-3 3.23974E-3 3.87849E-3 3.77232E-3 2.27207E-3 5.87648E-4 1.41931E-3 8.94159E-3 9.66279E-3 4.57083E-3 2.05354E-3
-9999 -9999 -9999 -9999 -9999 -9999 -9999 -9999 -9999 -9999 -9999 -9999 -9999 -9999 -9999 -9999 -9999 -9999 -9999 -9999 -9999 -9999 -9999 2.1429E-1 2.3872E-1 2.70205E-1 3.0633E-1 3.37E-1 3.85036E-1 4.3604E-1 4.88328E-1 5.35832E-1 5.43665E-1 3.83178E-1 2.56476E-1 1.04549E-1 1.55887E-2 3.21844E-3 1.68082E-3 6.45941E-4 5.21955E-4 3.19457E-5 3.52444E-6 3.87292E-5 3.69438E-5 1.19561E-5 2.26112E-5 1.66438E-4 2.10775E-4 3.24619E-4 6.48679E-4 1.62028E-3 1.71722E-3 1.9293E-3 1.42322E-3 8.14543E-4 3.03501E-4 8.45955E-5 9.04894E-6 6.82065E-5 2.31224E-4 1.14957E-3 2.40043E-3 3.62419E-3 2.46691E-3 2.96779E-3 7.26442E-3 1.02926E-2 7.66863E-3 2.16546E-3
-9999 -9999 -9999 -9999 -9999 -9999 -9999 -9999 -9999 -9999 -9999 -9999 -9999 -9999 -9999 -9999 -9999 -9999 -9999 -9999 -9999 -9999 -9999 1.89282E-1 2.13186E-1 2.33038E-1 2.58686E-1 2.83272E-1 3.29528E-1 3.79433E-1 4.41051E-1 4.85252E-1 5.05163E-1 4.51443E-1 2.99953E-1 1.82336E-1 4.11221E-4 5.63589E-3 3.56046E-2 1.01791E-2 5.64875E-3 4.36166E-4 5.21225E-4 1.49924E-4 2.63449E-5 2.25624E-5 7.25038E-6 3.40475E-5 1.38626E-4 1.44463E-4 3.28356E-4 1.15195E-3 1.15118E-3 1.64871E-3 2.15845E-3 1.92719E-3 1.18715E-3 6.34445E-4 5.73482E-5 1.55333E-5 2.60556E-6 1.31939E-4 1.37229E-3 2.74729E-3 2.46749E-3 1.04295E-3 1.8522E-3 8.53478E-3 9.59938E-3 5.47756E-3
-9999 -9999 -9999 -9999 -9999 -9999 -9999 -9999 -9999 -9999 -9999 -9999 -9999 -9999 -9999 -9999 -9999 -9999 -9999 -9999 -9999 -9999 1.48879E-1 1.65634E-1 1.84876E-1 2.03562E-1 2.19704E-1 2.32918E-1 2.70624E-1 3.27279E-1 3.87911E-1 4.36313E-1 4.66974E-1 4.57021E-1 4.06927E-1 2.54318E-1 3.02923E-2 8.49658E-5 6.08231E-4 4.31087E-3 1.76311E-3 7.89378E-5 2.25126E-4 4.02251E-5 1.22905E-5 2.49643E-5 5.67246E-6 1.97448E-5 5.65618E-5 7.54395E-5 1.33398E-4 4.39322E-4 9.06032E-4 1.23446E-3 1.16214E-3 2.38274E-3 2.15559E-3 1.74346E-3 8.35498E-4 2.11211E-4 1.02009E-4 4.04224E-5 2.55967E-4 1.62207E-3 1.76865E-3 2.04353E-3 1.29977E-3 3.92538E-3 8.08134E-3 7.95636E-3
-9999 -9999 -9999 -9999 -9999 -9999 -9999 -9999 -9999 -9999 -9999 -9999 -9999 -9999 -9999 -9999 -9999 -9999 -9999 -9999 -9999 -9999 1.30661E-1 1.53018E-1 1.67107E-1 1.78844E-1 1.9863E-1 2.08001E-1 2.3736E-1 2.96768E-1 3.45022E-1 3.93247E-1 4.28061E-1 4.4399E-1 4.24635E-1 2.44587E-1 2.2505E-2 3.34664E-3 7.26456E-3 1.14985E-3 4.80574E-4 2.6543E-4 1.03178E-4 1.08036E-3 1.69739E-4 1.49929E-4 4.64207E-5 1.57988E-5 1.61945E-5 2.0323E-5 1.26375E-4 2.59202E-4 1.84638E-4 1.1109E-3 2.17146E-3 2.66155E-3 2.99886E-3 3.12615E-3 2.5798E-3 8.78758E-4 3.17845E-4 3.23174E-4 3.49356E-4 7.40486E-4 6.34445E-4 2.00441E-3 1.96382E-3 8.84031E-4 4.03358E-3 4.41633E-3
-9999 -9999 -9999 -9999 -9999 -9999 -9999 -9999 -9999 -9999 -9999 -9999 -9999 -9999 -9999 -9999 -9999 -9999 -9999 -9999 -9999 -9999 1.22152E-1 1.38332E-1 1.55758E-1 1.71416E-1 1.87645E-1 2.03144E-1 2.32217E-1 2.73257E-1 3.1747E-1 3.59606E-1 3.9032E-1 4.12689E-1 4.22525E-1 3.21965E-1 5.91161E-2 5.67209E-3 5.78135E-3 3.83206E-2 1.7304E-3 3.74326E-4 3.07927E-4 8.10184E-4 3.39907E-5 1.85464E-4 6.42987E-5 3.38462E-5 5.29476E-5 5.37525E-5 6.57371E-5 1.07031E-4 3.5353E-4 4.80888E-4 1.98292E-3 3.23011E-3 3.63919E-3 3.84322E-3 3.52403E-3 1.74303E-3 3.59098E-4 3.42099E-4 3.33851E-4 7.01861E-4 1.13969E-3 1.53692E-3 3.25684E-3 3.48438E-3 5.40787E-3 3.24414E-3
-9999 -9999 -9999 -9999 -9999 -9999 -9999 -9999 -9999 -9999 -9999 -9999 -9999 -9999 -9999 -9999 -9999 -9999 -9999 -9999 -9999 -9999 -9999 -9999 1.4888E-1 1.63946E-1 1.78455E-1 1.98335E-1 2.23728E-1 2.57177E-1 2.96172E-1 3.28509E-1 3.6265E-1 3.81582E-1 3.97722E-1 3.6742E-1 2.31961E-1 1.15776E-1 1.81371E-1 1.08784E-1 7.53633E-3 1.04747E-3 2.11337E-4 2.33265E-3 2.33957E-5 1.88539E-5 5.85342E-5 5.2711E-5 3.51052E-5 7.4572E-5 4.46679E-5 3.76203E-5 1.67124E-4 3.22074E-4 3.88629E-4 1.6737E-3 4.15095E-3 4.34004E-3 4.37681E-3 3.34121E-3 1.78165E-3 1.12044E-3 9.27577E-4 1.06677E-3 1.39847E-3 1.63728E-3 3.1864E-3 4.64754E-3 3.8608E-3 5.28484E-3
-9999 -9999 -9999 -9999 -9999 -9999 -9999 -9999 -9999 -9999 -9999 -9999 -9999 -9999 -9999 -9999 -9999 -9999 -9999 -9999 -9999 -9999 -9999 -9999 1.47365E-1 1.61071E-1 1.78082E-1 1.9791E-1 2.20363E-1 2.45493E-1 2.77978E-1 3.07142E-1 3.35858E-1 3.59001E-1 3.79726E-1 3.81933E-1 3.55604E-1 2.87757E-1 2.1144E-1 1.74557E-1 9.47916E-2 1.29638E-3 7.81422E-5 5.77025E-4 1.72603E-3 5.7697E-5 1.32742E-5 7.39714E-5 1.38445E-4 3.6723E-5 5.24628E-5 4.77709E-5 4.77404E-6 1.75458E-5 3.47412E-5 1.44638E-4 2.86101E-4 1.83473E-3 3.42703E-3 3.95185E-3 3.71898E-3 2.47184E-3 1.62028E-3 5.89986E-4 2.41868E-4 5.00101E-4 1.52459E-3 3.14088E-3 4.50855E-3 4.27048E-3
-9999 -9999 -9999 -9999 -9999 -9999 -9999 -9999 -9999 -9999 -9999 -9999 -9999 -9999 -9999 -9999 -9999 -9999 -9999 -9999 -9999 -9999 -9999 -9999 1.48469E-1 1.64673E-1 1.77591E-1 1.94157E-1 2.14722E-1 2.35087E-1 2.58953E-1 2.87057E-1 3.1563E-1 3.32185E-1 3.5415E-1 3.66242E-1 3.49214E-1 3.56539E-1 2.61862E-1 1.94349E-1 7.16051E-2 7.98796E-3 1.50883E-3 1.0781E-3 5.68154E-4 9.44057E-4 7.99047E-5 4.63942E-4 4.22143E-4 1.59631E-4 2.99143E-4 4.99488E-5 9.366E-5 9.75968E-5 1.94918E-4 6.8443E-5 4.30933E-5 2.3222E-4 9.10959E-4 2.24609E-3 3.82091E-3 3.91155E-3 1.47247E-3 3.05593E-4 4.79229E-5 5.34343E-5 3.44502E-4 5.62752E-4 1.03516E-3 4.354E-3
-9999 -9999 -9999 -9999 -9999 -9999 -9999 -9999 -9999 -9999 -9999 -9999 -9999 -9999 -9999 -9999 -9999 -9999 -9999 -9999 -9999 -9999 -9999 -9999 -9999 1.65613E-1 1.73941E-1 1.86258E-1 2.06439E-1 2.21438E-1 -9999 -9999 2.88878E-1 3.08973E-1 3.29108E-1 3.47478E-1 3.49796E-1 3.36608E-1 3.02082E-1 2.27745E-1 1.02687E-1 1.58434E-2 5.06301E-2 4.43368E-2 2.63824E-2 6.52308E-4 1.84075E-4 1.55002E-5 3.30591E-4 4.12615E-4 8.55706E-5 2.13162E-4 7.31944E-5 1.01887E-4 2.2817E-4 3.35043E-4 1.00499E-4 3.91233E-5 2.98173E-4 1.23301E-3 3.12015E-3 4.66763E-3 3.26088E-3 1.29445E-3 4.33505E-4 2.13128E-4 1.63392E-4 3.95933E-5 9.62008E-5 1.12395E-3
-9999 -9999 -9999 -9999 -9999 -9999 -9999 -9999 -9999 -9999 -9999 -9999 -9999 -9999 -9999 -9999 -9999 -9999 -9999 -9999 -9999 -9999 -9999 -9999 -9999 -9999 1.69429E-1 1.83141E-1 1.9829E-1 2.08086E-1 -9999 2.51866E-1 2.67875E-1 2.84076E-1 3.05312E-1 3.2043E-1 3.27634E-1 3.27428E-1 2.96114E-1 2.57403E-1 1.91777E-1 1.75403E-1 1.22582E-1 1.11916E-1 8.42523E-2 2.76769E-2 1.06994E-3 1.59856E-4 2.03371E-4 1.55022E-3 1.8692E-3 4.99662E-4 1.74195E-4 1.07443E-4 5.03907E-4 1.20519E-3 6.695E-4 1.64227E-4 6.2448E-5 1.70685E-4 1.52509E-3 5.23995E-3 5.68112E-3 3.71886E-3 2.12551E-3 1.07778E-3 7.30595E-4 1.94985E-4 1.78287E-4 9.8957E-4
-9999 -9999 -9999 -9999 -9999 -9999 -9999 -9999 -9999 -9999 -9999 -9999 -9999 -9999 -9999 -9999 -9999 -9999 -9999 -9999 -9999 -9999 -9999 -9999 -9999 -9999 -9999 1.75458E-1 1.87826E-1 1.9829E-1 -9999 -9999 -9999 2.6133E-1 -9999 -9999 -9999 3.08049E-1 2.91063E-1 2.3421E-1 2.05312E-1 1.70813E-1 1.28416E-1 6.65074E-2 7.09228E-2 3.94433E-2 4.64424E-3 2.97811E-3 1.0781E-3 9.42645E-4 5.3166E-3 6.11998E-3 2.37326E-3 1.08766E-3 1.93457E-3 1.28419E-3 4.94531E-4 5.04813E-4 3.25169E-4 1.25642E-4 4.96474E-4 2.71932E-3 5.17019E-3 5.30012E-3 4.44675E-3 2.83942E-3 1.9645E-3 1.55782E-3 1.34993E-3 7.47163E-4
-9999 -9999 -9999 -9999 -9999 -9999 -9999 -9999 -9999 -9999 -9999 -9999 -9999 -9999 -9999 -9999 -9999 -9999 -9999 -9999 -9999 -9999 -9999 -9999 -9999 -9999 -9999 -9999 -9999 -9999 -9999 -9999 -9999 -9999 -9999 -9999 -9999 2.83102E-1 2.79718E-1 2.61995E-1 2.28995E-1 1.915E-1 1.42989E-1 7.21003E-2 6.84527E-2 4.09877E-2 7.28767E-4 1.47717E-3 1.30582E-3 6.55435E-4 4.82568E-3 9.02864E-3 8.84428E-3 5.37126E-3 1.7296E-3 1.34606E-3 1.99567E-3 4.78859E-4 3.36576E-4 3.80451E-4 8.32295E-4 2.24679E-3 4.20673E-3 4.56081E-3 3.89401E-3 3.27807E-3 2.66272E-3 1.98279E-3 1.82839E-3 8.81492E-4
-9999 -9999 -9999 -9999 -9999 -9999 -9999 -9999 -9999 -9999 -9999 -9999 -9999 -9999 -9999 -9999 -9999 -9999 -9999 -9999 -9999 -9999 -9999 -9999 -9999 -9999 -9999 -9999 -9999 -9999 -9999 -9999 -9999 -9999 -9999 -9999 -9999 -9999 2.55085E-1 2.58519E-1 2.42832E-1 2.24954E-1 2.02264E-1 1.72459E-1 1.09458E-1 9.43553E-2 2.0968E-2 4.19761E-4 9.87114E-4 4.75881E-4 2.52944E-3 3.65159E-3 5.43482E-3 1.00277E-2 7.09567E-3 8.31743E-3 7.44188E-3 8.17362E-3 7.95147E-3 3.84064E-3 1.29166E-3 2.87111E-3 3.90221E-3 2.76922E-3 1.54604E-3 2.4237E-3 3.24754E-3 3.61421E-3 2.90939E-3 1.95336E-3
-9999 -9999 -9999 -9999 -9999 -9999 -9999 -9999 -9999 -9999 -9999 -9999 -9999 -9999 -9999 -9999 -9999 -9999 -9999 -9999 -9999 -9999 -9999 -9999 -9999 -9999 -9999 -9999 -9999 -9999 -9999 -9999 -9999 -9999 -9999 -9999 -9999 -9999 -9999 2.44858E-1 2.41517E-1 2.32576E-1 2.26661E-1 1.97897E-1 1.62655E-1 8.7508E-2 8.02873E-2 5.40209E-3 2.89852E-4 2.82756E-3 4.59191E-3 1.20332E-2 7.84903E-3 7.49103E-3 1.01826E-2 1.16221E-2 1.07113E-2 7.30243E-3 6.76297E-3 5.86206E-3 7.55992E-3 1.13455E-3 2.29713E-3 8.14123E-4 1.47449E-3 2.03066E-3 2.43644E-3 3.90455E-3 4.0704E-3 3.28352E-3
