KUENM/Final_Models/M_0.1_F_lq_Set_2_E/sp1_0_se_asia.asc
ncols         320
nrows         243
xllcorner     44.0
yllcorner     -0.666666666666667
cellsize      0.166666666666667
NODATA_value  -9999
[rows 31 to 61 of 243, columns 140 to 209 of 320]
1.11797E-10 2.23449E-11 4.52861E-11 8.01304E-12 1.44907E-10 1.21249E-9 1.13648E-10 1.06024E-10 1.07872E-9 3.05194E-7 2.86377E-4 8.38725E-4 4.72711E-4 5.60154E-3 2.81711E-2 4.56227E-2 8.94852E-2 1.04959E-1 1.01549E-1 1.30897E-1 1.27115E-1 1.15383E-1 3.82659E-2 1.92788E-1 2.357E-1 1.17256E-1 1.6577E-1 2.13188E-1 1.92355E-1 2.47761E-2 2.96405E-2 6.93626E-3 7.72447E-3 1.6205E-4 4.81025E-4 2.91511E-4 1.63109E-4 2.31967E-6 8.3338E-7 3.00377E-5 8.61013E-6 1.61338E-4 2.61068E-5 4.91985E-8 1.80375E-8 1.39287E-8 2.59174E-9 3.41148E-11 1.09776E-13 3.6091E-13 5.06335E-13 1.20052E-11 1.0269E-9 4.47576E-11 2.24554E-10 8.81145E-11 7.86877E-16 6.42759E-17 8.31494E-17 1.0359E-15 1.53158E-11 2.35171E-9 7.23323E-16 8.00357E-20 3.0269E-19 1.13081E-16 -9999 -9999 -9999 -9999
1.16644E-9 3.05807E-9 1.83274E-8 2.2032E-8 3.83985E-9 4.18467E-9 2.3945E-9 7.84468E-8 3.84226E-6 7.4633E-6 1.34136E-4 2.20062E-4 9.73539E-5 1.62479E-4 3.0257E-3 1.2574E-2 5.83672E-2 1.01043E-1 1.02538E-1 1.26434E-1 1.64379E-1 1.76041E-1 1.64218E-1 2.25951E-1 2.52573E-1 2.80106E-1 3.8926E-1 4.10772E-1 3.80325E-1 2.12037E-1 1.02969E-1 6.14603E-2 1.57376E-2 1.54122E-3 2.43565E-4 4.40047E-5 1.75733E-4 5.74973E-4 1.01638E-3 3.52392E-6 6.93172E-5 3.3328E-3 6.85843E-4 8.05299E-4 1.4298E-6 5.17643E-10 7.58208E-11 1.52147E-11 3.20718E-13 2.94966E-12 1.28202E-11 1.09971E-11 2.70443E-11 4.66418E-11 3.28078E-11 1.45029E-10 3.2208E-10 9.71931E-14 4.32481E-16 2.07447E-17 1.13081E-16 3.32733E-16 2.15863E-11 2.75322E-16 1.1923E-18 4.82549E-15 1.14825E-18 3.7306E-19 2.40931E-18 -9999
8.48338E-9 6.45847E-10 5.42786E-10 1.07065E-8 2.67827E-8 1.76393E-7 1.10343E-7 2.01521E-7 1.16967E-6 8.88679E-6 1.48023E-4 6.18075E-5 6.74917E-7 9.31238E-7 3.08614E-4 2.84235E-3 3.77074E-2 9.02878E-2 1.25239E-1 1.39542E-1 1.63094E-1 2.00672E-1 2.31747E-1 2.53704E-1 3.0842E-1 3.91296E-1 4.34736E-1 4.51866E-1 4.56006E-1 4.48084E-1 3.67395E-1 1.79626E-1 2.53418E-2 2.26431E-2 9.50986E-4 3.63359E-4 3.0656E-4 6.82707E-3 3.78125E-4 5.03853E-6 2.92356E-7 3.01556E-4 4.41671E-3 6.13894E-3 5.57627E-4 7.88433E-6 1.35159E-8 9.96691E-10 2.64278E-11 5.61351E-13 1.39024E-14 7.94232E-12 3.86828E-13 1.32346E-13 1.13366E-13 7.3711E-13 7.27168E-12 9.35227E-11 1.33159E-10 8.50877E-10 1.52034E-12 4.52224E-14 8.14676E-15 9.59928E-14 5.51482E-14 5.33971E-15 4.13506E-17 9.6308E-18 3.49301E-16 3.07156E-17
1.44138E-9 9.93967E-10 9.50258E-10 1.10142E-8 4.49833E-8 4.01886E-8 4.7127E-7 3.35787E-6 1.55412E-5 5.15358E-5 1.52711E-4 3.08626E-5 2.72428E-8 5.6654E-7 4.37638E-7 5.57985E-9 8.0058E-7 4.48066E-4 7.43207E-3 4.61669E-2 1.15291E-1 1.09321E-1 1.32798E-1 1.75019E-1 3.3653E-1 3.72558E-1 4.32584E-1 4.61639E-1 4.66336E-1 4.55726E-1 4.65166E-1 4.51319E-1 2.54869E-1 2.22468E-1 6.65372E-3 1.53698E-3 1.75096E-4 2.55616E-2 3.81198E-3 3.56974E-4 3.20981E-4 4.20325E-6 8.3281E-5 3.37113E-3 5.31528E-3 6.34258E-4 2.09057E-7 5.63162E-9 1.53267E-10 1.68268E-11 3.34227E-14 3.61788E-12 8.04143E-16 6.40504E-15 2.47555E-15 1.17251E-15 3.54235E-16 5.10398E-13 6.80483E-14 7.17402E-11 4.50165E-11 2.27186E-8 6.88835E-12 1.36451E-16 1.22693E-13 2.77797E-14 1.63757E-15 1.56557E-17 -9999 -9999
7.53891E-10 3.76998E-10 2.3048E-10 4.2431E-9 4.87675E-9 1.2665E-8 2.05926E-7 1.42757E-6 8.92671E-6 8.98847E-5 8.59589E-5 5.12841E-6 1.12151E-7 4.34769E-6 6.79891E-5 7.92693E-4 1.98481E-3 3.67473E-5 2.0678E-6 2.17805E-5 1.4803E-3 2.62454E-2 1.1084E-1 2.11602E-1 3.60512E-1 3.87237E-1 4.07732E-1 3.60087E-1 3.75255E-1 4.53824E-1 4.78333E-1 4.52029E-1 3.21744E-1 2.16468E-1 1.75924E-2 1.08265E-2 5.12935E-3 6.44988E-2 3.49633E-2 1.14023E-3 4.65391E-4 5.61345E-6 2.63179E-9 1.42654E-5 1.09345E-3 5.88704E-3 1.05562E-3 1.3004E-5 6.1183E-10 1.16718E-9 3.70407E-12 6.88732E-14 2.32515E-14 3.44112E-15 3.0913E-15 6.74105E-15 6.34298E-14 8.36344E-13 2.42358E-11 1.05887E-10 1.83166E-13 1.19612E-13 3.86965E-9 4.80817E-15 2.26372E-16 7.7959E-15 7.60766E-15 2.27186E-13 3.17615E-18 -9999
1.70902E-9 7.48004E-11 1.29903E-9 3.74883E-9 4.95747E-9 5.45551E-7 3.28289E-6 2.31574E-6 1.04018E-6 1.02719E-5 2.54901E-6 1.69296E-6 8.9441E-6 1.44339E-5 7.5473E-4 2.79772E-3 1.97664E-2 4.8681E-2 2.02615E-2 2.36827E-3 5.27001E-3 9.73114E-3 7.27155E-2 1.61967E-1 2.54415E-1 3.58297E-1 2.5399E-1 3.325E-1 4.31457E-1 4.39125E-1 4.59049E-1 4.47685E-1 3.81804E-1 1.74684E-1 6.73709E-2 6.29791E-2 6.05796E-2 1.02447E-1 3.48272E-2 8.77427E-2 7.76218E-2 4.09609E-3 5.00279E-8 6.57545E-9 2.35488E-5 1.37066E-3 7.59919E-3 1.81743E-3 2.45984E-7 1.75885E-8 3.02292E-9 9.70574E-11 1.53844E-14 4.80629E-16 5.22405E-14 2.69565E-14 1.85608E-13 1.33796E-11 1.7698E-15 3.32669E-13 1.43624E-14 2.94E-16 7.79087E-12 7.88027E-12 2.70881E-16 5.13342E-18 3.65191E-16 5.6987E-15 2.50958E-13 -9999
1.00644E-9 3.95454E-11 4.44439E-9 7.47758E-9 5.68388E-8 9.95329E-7 1.77883E-5 8.93002E-6 4.2039E-6 5.42909E-6 2.38621E-5 3.41715E-5 4.78867E-6 2.56384E-6 9.76095E-4 2.62227E-2 5.58502E-2 1.14437E-1 8.43639E-2 3.39121E-2 7.4724E-2 1.05004E-1 2.56262E-1 3.57352E-1 4.4209E-1 4.05368E-1 3.95909E-1 4.6153E-1 4.5597E-1 4.28158E-1 4.28363E-1 4.31896E-1 3.93957E-1 2.69089E-1 1.70935E-1 1.4842E-1 1.12253E-1 1.19393E-1 1.45939E-1 1.79196E-1 1.37106E-1 2.57178E-2 4.62224E-5 1.06228E-9 4.22492E-8 1.36126E-5 1.25868E-4 1.71126E-4 1.05613E-6 2.14216E-8 8.65362E-7 1.82524E-9 2.67271E-12 9.08524E-14 7.38276E-15 9.39759E-15 1.17439E-12 2.06691E-11 3.65217E-13 3.5255E-15 1.08934E-13 4.47242E-16 2.16311E-14 1.36564E-15 4.17215E-13 3.27364E-17 1.62316E-18 3.49769E-15 4.92292E-13 -9999
5.52888E-9 6.17487E-10 2.71724E-9 1.46019E-9 2.28097E-7 9.5085E-6 5.15846E-5 6.63973E-5 3.25922E-5 9.81561E-5 9.68415E-5 3.14759E-6 8.67219E-5 1.65293E-4 9.30524E-3 5.61243E-2 1.13528E-1 1.22047E-1 1.75352E-1 2.13542E-1 2.4112E-1 2.53153E-1 3.24517E-1 4.34736E-1 4.96142E-1 4.90748E-1 4.75277E-1 4.79605E-1 4.67476E-1 4.48827E-1 4.55274E-1 4.41049E-1 4.29771E-1 4.12237E-1 3.22771E-1 2.80006E-1 2.42774E-1 1.72832E-1 1.15553E-1 1.46879E-1 1.6146E-1 1.03269E-1 2.15765E-2 1.19564E-5 7.34071E-5 1.63252E-6 4.96222E-7 1.5804E-5 1.14798E-7 1.76286E-5 2.1453E-4 5.42401E-6 3.34867E-10 5.62107E-10 5.70974E-11 2.89432E-15 3.2525E-15 1.10054E-11 3.37172E-15 9.39575E-14 1.22278E-14 1.3786E-14 4.83604E-15 1.22544E-14 1.14777E-14 2.92525E-14 1.59139E-16 3.4654E-17 1.18969E-15 -9999
3.1159E-8 2.51203E-8 3.87119E-8 1.11536E-6 1.31866E-5 4.3089E-5 7.08744E-5 5.14772E-5 9.18957E-5 9.89221E-5 1.19023E-5 1.73596E-6 1.04255E-4 2.1544E-3 2.61346E-2 5.37758E-2 6.61535E-2 1.60114E-1 2.32044E-1 2.80176E-1 2.76916E-1 3.5165E-1 4.00657E-1 4.27083E-1 4.45127E-1 4.582E-1 4.78765E-1 4.62294E-1 4.6455E-1 4.73046E-1 4.68708E-1 4.82206E-1 5.03159E-1 4.71401E-1 4.26834E-1 4.12593E-1 3.8589E-1 2.42161E-1 1.31988E-1 1.20578E-1 2.11695E-1 2.12028E-1 1.60091E-1 4.47601E-2 1.4722E-2 1.04999E-3 1.25132E-3 6.70289E-4 1.15777E-5 4.52856E-6 1.43857E-4 1.38755E-6 1.52716E-7 8.27316E-8 7.16007E-12 4.53564E-13 1.51944E-15 2.44986E-14 2.83442E-13 2.4148E-13 5.68517E-13 1.59966E-13 8.26912E-14 9.09569E-15 4.75306E-15 7.41388E-16 4.71349E-14 1.66621E-13 2.19821E-15 2.22539E-12
3.74294E-7 2.33085E-7 1.15031E-6 9.77408E-6 3.43188E-5 5.069E-5 2.11207E-5 1.60665E-5 7.19212E-5 4.49287E-5 7.08839E-6 1.8108E-5 7.60005E-5 4.91517E-4 3.79684E-3 4.1824E-2 1.29004E-1 2.29375E-1 2.88341E-1 3.27459E-1 3.57792E-1 3.96029E-1 4.10834E-1 3.27449E-1 3.28985E-1 4.31659E-1 4.83255E-1 4.81216E-1 4.817E-1 4.69999E-1 4.75688E-1 4.81895E-1 4.88162E-1 4.73119E-1 4.69536E-1 4.65987E-1 4.47312E-1 3.60506E-1 2.422E-1 1.65115E-1 1.94105E-1 1.8069E-1 1.07867E-1 6.89262E-2 1.04862E-2 6.32165E-3 1.76172E-3 2.36721E-4 2.12147E-4 2.30466E-4 8.26529E-5 2.56213E-5 1.71881E-7 9.10831E-9 1.84489E-7 2.51654E-11 1.91026E-13 1.25796E-15 3.92056E-15 6.00489E-14 2.32515E-14 1.55012E-13 2.37726E-14 2.04214E-15 5.62312E-17 2.58294E-15 1.70963E-17 4.62428E-14 2.25137E-11 1.10141E-13
4.94453E-7 1.34979E-6 6.48295E-6 2.32965E-5 4.11455E-5 2.72005E-5 3.10689E-5 9.19917E-5 3.52313E-5 1.25756E-5 4.18105E-5 1.80057E-4 1.58108E-3 7.00164E-3 2.66283E-2 4.86902E-2 1.68663E-1 2.6554E-1 3.12335E-1 3.36507E-1 3.63101E-1 3.95884E-1 3.88824E-1 4.40806E-1 4.62896E-1 4.68308E-1 4.68348E-1 4.62195E-1 4.57824E-1 4.40948E-1 4.42143E-1 4.43138E-1 4.39378E-1 4.65318E-1 4.93166E-1 5.22642E-1 5.17878E-1 4.74878E-1 3.9814E-1 3.11046E-1 2.42034E-1 1.77337E-1 8.17911E-2 1.83825E-2 2.31672E-3 6.12728E-4 4.77309E-5 6.29387E-5 2.03173E-5 5.7789E-7 1.35126E-6 1.15425E-6 1.86086E-6 1.15707E-6 1.36276E-7 3.31755E-10 1.32603E-12 9.60242E-13 3.63411E-15 3.25178E-15 2.71068E-14 5.82946E-13 2.27178E-14 2.70831E-15 3.72995E-15 3.75833E-14 6.35998E-16 3.21416E-15 2.89659E-14 8.57287E-12
7.49845E-6 2.12495E-5 4.26617E-5 4.30812E-5 6.27861E-5 7.64218E-5 1.17493E-4 8.5929E-5 1.09781E-5 5.26445E-5 6.80921E-5 6.33218E-4 2.43829E-4 5.63563E-4 2.77331E-4 8.08032E-3 7.41889E-2 2.03222E-1 3.07742E-1 3.30515E-1 3.55365E-1 3.7821E-1 3.93161E-1 4.2143E-1 4.41451E-1 4.51321E-1 4.22287E-1 4.45716E-1 4.28004E-1 3.99163E-1 3.80814E-1 3.674E-1 3.68711E-1 3.99464E-1 4.46125E-1 5.32815E-1 5.60602E-1 5.53973E-1 5.12606E-1 4.69016E-1 4.07654E-1 3.08081E-1 1.70566E-1 6.22096E-2 1.51213E-2 2.30928E-3 6.63671E-5 1.6296E-6 1.62864E-5 1.37241E-6 2.43455E-7 2.20191E-8 9.11198E-9 3.06228E-7 3.68475E-8 2.231E-9 1.60377E-9 4.64986E-13 5.00176E-13 3.31635E-12 1.11799E-14 3.63411E-15 2.10265E-14 1.24004E-14 9.26078E-15 4.02425E-14 2.98471E-13 9.6321E-13 2.8499E-16 8.14367E-12
6.05458E-5 5.16454E-5 3.99877E-5 8.58511E-5 1.16737E-4 1.27095E-4 1.21787E-4 6.84791E-5 1.40818E-4 6.09985E-4 1.99027E-4 4.91855E-4 6.65232E-5 8.63933E-5 1.10186E-3 1.55591E-2 7.00117E-2 1.14104E-1 2.89738E-1 3.25853E-1 3.38238E-1 3.60043E-1 3.77696E-1 3.98784E-1 4.21868E-1 4.31213E-1 4.31706E-1 3.61741E-1 3.19825E-1 3.09181E-1 3.86349E-1 4.32149E-1 4.70392E-1 4.83255E-1 5.17124E-1 5.50004E-1 5.70713E-1 5.78195E-1 5.79172E-1 5.66399E-1 5.43496E-1 4.81067E-1 3.7352E-1 3.29955E-1 1.75153E-1 5.41334E-2 6.58513E-3 1.06924E-4 1.67348E-6 1.36053E-7 1.30766E-8 6.69455E-11 5.64728E-13 1.30831E-9 1.23485E-7 1.35635E-9 1.88516E-10 4.89699E-9 9.6099E-10 1.88137E-11 1.00119E-14 2.59871E-14 4.64091E-15 1.4871E-15 2.53445E-15 1.86982E-15 3.03402E-15 7.54759E-13 3.42528E-15 5.41E-14
1.09232E-4 2.37147E-5 7.29873E-5 1.36296E-4 1.41496E-4 9.61625E-5 9.83834E-5 1.22626E-4 2.59128E-4 1.72797E-3 1.22521E-3 4.13328E-4 7.12145E-4 4.33022E-3 9.68691E-3 6.08545E-2 1.79857E-1 2.46941E-1 2.85231E-1 3.06783E-1 3.239E-1 3.26591E-1 3.32309E-1 3.65212E-1 3.83203E-1 3.99891E-1 4.11421E-1 4.1488E-1 3.90832E-1 4.45549E-1 4.82232E-1 4.83002E-1 4.76741E-1 4.65711E-1 4.86818E-1 5.15766E-1 5.45127E-1 5.66114E-1 5.773E-1 5.82576E-1 5.78079E-1 5.68688E-1 5.26555E-1 5.35822E-1 4.59371E-1 2.81223E-1 1.2076E-1 3.10847E-2 2.10675E-3 2.54616E-5 7.99522E-7 2.06221E-11 3.09637E-15 7.0383E-10 1.97007E-9 1.8741E-7 5.95339E-9 1.88045E-9 1.3553E-8 1.90043E-9 8.09378E-14 2.11248E-12 2.40017E-13 7.01898E-12 1.79433E-14 5.83674E-16 2.79204E-15 -9999 -9999 4.47635E-16
7.42795E-5 1.44498E-4 1.25129E-4 8.84945E-5 5.67834E-5 6.13919E-5 6.67985E-5 4.65697E-5 1.36561E-4 1.04456E-3 7.46571E-3 5.2333E-3 1.31095E-2 4.24792E-2 5.11111E-2 1.10312E-1 2.03925E-1 2.57738E-1 2.69196E-1 2.85975E-1 2.99266E-1 3.10078E-1 3.13619E-1 3.30247E-1 3.42264E-1 3.56632E-1 3.72365E-1 3.95302E-1 4.22102E-1 4.47428E-1 4.68932E-1 4.71375E-1 4.63368E-1 4.57414E-1 4.62188E-1 4.85661E-1 5.07261E-1 5.36183E-1 5.54819E-1 5.65657E-1 5.773E-1 5.78053E-1 5.70454E-1 5.64646E-1 5.41383E-1 4.66763E-1 3.55691E-1 1.86117E-1 4.92008E-2 3.02042E-3 1.97005E-5 1.33519E-8 1.15565E-16 2.7287E-19 2.51374E-9 1.52403E-7 7.46853E-8 1.46362E-9 9.2412E-9 2.02009E-7 2.36698E-11 1.18883E-12 2.75234E-15 1.91488E-12 1.70755E-10 7.45411E-13 1.27729E-14 -9999 -9999 -9999
1.70687E-4 1.1171E-4 6.08678E-5 4.55196E-5 5.19142E-5 1.13644E-4 1.11763E-4 2.50746E-4 5.58675E-4 3.25095E-4 1.1317E-2 2.87783E-2 4.71019E-2 8.33046E-2 1.37685E-1 1.54755E-1 2.2804E-1 2.46717E-1 2.58484E-1 2.66643E-1 2.79781E-1 2.84336E-1 2.86377E-1 2.92537E-1 3.02391E-1 3.13884E-1 3.28615E-1 3.49709E-1 3.7987E-1 4.10359E-1 4.42812E-1 4.56563E-1 4.58616E-1 4.40017E-1 4.34857E-1 4.51582E-1 4.67449E-1 4.9404E-1 5.23523E-1 5.49101E-1 5.73655E-1 5.7722E-1 5.7283E-1 5.70782E-1 5.5783E-1 5.34572E-1 4.68971E-1 3.36422E-1 1.66506E-1 4.3633E-2 1.11396E-3 1.70338E-6 4.28545E-10 8.87795E-18 7.83047E-22 8.2616E-16 1.41684E-9 1.29502E-7 4.2882E-8 2.91888E-7 2.45811E-8 1.31808E-12 6.14218E-15 1.84064E-12 2.65949E-10 6.02291E-10 7.29874E-11 5.21859E-9 -9999 -9999
1.22626E-4 2.69886E-4 1.42449E-4 1.15601E-4 1.52031E-4 2.24728E-4 4.38614E-4 6.11904E-4 1.46319E-3 1.21442E-3 4.90649E-3 3.86168E-2 7.323E-2 7.9099E-2 1.066E-1 6.42934E-2 2.10566E-1 2.32502E-1 2.45546E-1 2.55297E-1 2.61742E-1 2.58484E-1 2.58484E-1 2.60112E-1 2.61503E-1 2.74844E-1 2.8968E-1 3.04034E-1 3.35134E-1 3.73603E-1 4.02876E-1 4.18566E-1 4.21607E-1 4.09277E-1 4.11599E-1 4.144E-1 4.37194E-1 4.62896E-1 4.99336E-1 5.40092E-1 5.71601E-1 5.80997E-1 5.78203E-1 5.70782E-1 5.54081E-1 5.40264E-1 5.04651E-1 4.33078E-1 3.07667E-1 1.61788E-1 1.24595E-2 3.86191E-5 4.53744E-9 4.9035E-10 2.00663E-15 6.10853E-14 4.72136E-11 2.14176E-9 1.68501E-8 5.51364E-8 7.58079E-8 1.18699E-10 1.94183E-12 2.93678E-13 2.41968E-11 2.24954E-12 8.38193E-13 2.26597E-8 -9999 -9999
8.6641E-4 2.86479E-4 3.73778E-4 3.58141E-4 5.04508E-4 5.57158E-4 8.68312E-4 1.35556E-3 2.67101E-3 2.60195E-3 7.40689E-3 9.52013E-3 6.03711E-2 7.39933E-2 4.6641E-2 2.5042E-2 1.9089E-1 2.2598E-1 2.29518E-1 2.39098E-1 2.39098E-1 2.35937E-1 2.1553E-1 2.1863E-1 2.26445E-1 2.40725E-1 2.50375E-1 2.66643E-1 2.97464E-1 3.30247E-1 3.62957E-1 3.84743E-1 3.87541E-1 3.81547E-1 3.76714E-1 3.96423E-1 4.13753E-1 4.41183E-1 4.79575E-1 5.25292E-1 5.65278E-1 5.85642E-1 5.77988E-1 5.64422E-1 5.43389E-1 5.24634E-1 5.17017E-1 4.8276E-1 4.08821E-1 3.17415E-1 1.06577E-1 6.71929E-4 1.45572E-8 2.39365E-8 2.7576E-7 5.49711E-9 2.6965E-9 4.21542E-7 1.13073E-7 4.89553E-7 5.30363E-8 8.52561E-9 2.40488E-11 3.01778E-11 6.75253E-12 5.53559E-11 2.358E-8 1.08507E-7 -9999 -9999
7.63211E-4 5.73085E-4 6.52807E-4 8.16395E-4 8.60822E-4 1.03245E-3 1.41155E-3 2.01285E-3 4.17191E-3 4.89186E-3 5.95122E-3 1.4334E-2 3.92065E-2 5.94954E-2 1.03814E-2 7.77178E-3 1.47194E-1 2.12141E-1 2.22964E-1 2.22608E-1 2.16676E-1 2.10452E-1 1.95552E-1 1.95552E-1 2.0309E-1 2.13831E-1 2.29518E-1 2.42316E-1 2.63374E-1 2.996E-1 3.30247E-1 3.58217E-1 3.77029E-1 3.72506E-1 3.70925E-1 3.78528E-1 3.89031E-1 4.17988E-1 4.60423E-1 5.1247E-1 5.59733E-1 5.89505E-1 5.82958E-1 5.65741E-1 5.48241E-1 5.31794E-1 5.359E-1 5.19397E-1 4.84674E-1 4.22485E-1 2.78406E-1 8.64324E-2 6.68527E-3 1.37602E-3 1.40689E-4 2.97E-4 2.18977E-5 3.96749E-6 2.96446E-7 1.77263E-8 5.48198E-8 8.99089E-8 1.04356E-6 3.74316E-6 6.64107E-7 4.43487E-7 7.60977E-7 2.36094E-11 2.41293E-13 -9999
8.08187E-4 5.09657E-4 4.13124E-4 5.68333E-4 8.59144E-4 9.21973E-4 1.85574E-3 2.51496E-3 3.3192E-3 2.62315E-3 4.51118E-3 2.23513E-2 5.94666E-2 3.26605E-2 1.37369E-2 2.10715E-2 9.75991E-2 2.07862E-1 2.13555E-1 2.06948E-1 2.04867E-1 2.00254E-1 1.8876E-1 1.85799E-1 1.8876E-1 1.93705E-1 2.04297E-1 2.16676E-1 2.40557E-1 2.6513E-1 3.04563E-1 3.48962E-1 3.75175E-1 3.92361E-1 3.90779E-1 3.80179E-1 3.72506E-1 3.96757E-1 4.36697E-1 4.84548E-1 5.34564E-1 5.66318E-1 5.72132E-1 5.70516E-1 5.61552E-1 5.61757E-1 5.60084E-1 5.50301E-1 5.23239E-1 4.88531E-1 4.40882E-1 3.28397E-1 1.279E-1 5.65999E-2 1.35319E-2 4.737E-3 8.55943E-4 1.09611E-5 1.10457E-6 3.36488E-6 1.28528E-5 3.65192E-5 1.9083E-6 1.21486E-8 6.27407E-9 5.98646E-8 3.73775E-11 2.84742E-11 4.31331E-13 -9999
6.42306E-4 5.77009E-4 5.26384E-4 6.12028E-4 9.10849E-4 1.23521E-3 9.61621E-4 1.46319E-3 2.05494E-3 3.73274E-3 1.08655E-2 3.48751E-2 3.2164E-2 1.69753E-2 1.81648E-2 3.35077E-2 6.7605E-2 1.98128E-1 2.06328E-1 2.01125E-1 1.99588E-1 1.90474E-1 1.83729E-1 1.80794E-1 1.73556E-1 1.76434E-1 1.79943E-1 1.8876E-1 2.08494E-1 2.40557E-1 2.85073E-1 3.44742E-1 3.93476E-1 4.1771E-1 4.0738E-1 3.81664E-1 3.64532E-1 3.78577E-1 4.13193E-1 4.47422E-1 4.91352E-1 5.17138E-1 5.34988E-1 5.46903E-1 5.55827E-1 5.58616E-1 5.69985E-1 5.76106E-1 5.60744E-1 5.44189E-1 5.5198E-1 4.98949E-1 3.71888E-1 1.53046E-1 9.29749E-2 1.60195E-2 1.50873E-3 6.94038E-5 3.25437E-4 2.22046E-4 5.24699E-6 8.77321E-7 3.85328E-6 3.4627E-6 1.52003E-6 3.01056E-9 1.1797E-11 7.45115E-13 1.84913E-13 5.88814E-13
4.58626E-4 2.40571E-4 3.86049E-4 6.86509E-4 9.5673E-4 9.25983E-4 1.78481E-3 3.57808E-3 4.26992E-3 3.93224E-3 1.59133E-2 3.33023E-2 1.66421E-2 1.89597E-2 2.12871E-2 6.86941E-2 9.45498E-2 1.96494E-1 2.00373E-1 1.9653E-1 1.91188E-1 1.89679E-1 1.837E-1 1.69976E-1 1.67142E-1 1.64332E-1 1.60901E-1 1.65064E-1 1.79335E-1 2.14725E-1 2.64957E-1 3.36947E-1 4.1297E-1 4.40878E-1 4.1175E-1 3.76743E-1 3.60931E-1 3.64115E-1 3.83203E-1 4.16103E-1 4.39409E-1 4.65375E-1 4.81865E-1 5.24192E-1 5.58559E-1 5.64363E-1 5.68812E-1 5.81472E-1 5.83265E-1 5.83476E-1 5.76751E-1 5.31678E-1 4.38909E-1 3.46887E-1 2.13348E-1 8.3469E-2 6.17978E-3 5.07355E-4 1.83841E-4 2.28011E-5 4.39208E-5 1.60083E-6 6.31833E-6 4.19873E-6 2.39336E-5 3.00351E-6 1.76988E-9 4.22959E-12 8.42897E-9 1.21669E-9
4.69545E-4 9.62725E-5 6.19612E-4 2.79574E-3 7.33695E-3 6.21298E-3 4.57415E-3 6.15077E-3 1.16972E-2 1.54409E-2 2.80508E-2 2.03717E-2 1.67666E-2 1.6101E-2 4.28097E-2 6.66712E-2 6.80306E-2 1.75224E-1 1.95296E-1 1.91188E-1 1.84764E-1 1.82791E-1 1.73985E-1 1.64907E-1 1.57956E-1 1.52512E-1 1.47175E-1 1.44546E-1 1.54696E-1 1.88173E-1 2.36613E-1 3.11996E-1 4.21587E-1 4.43605E-1 3.96096E-1 3.6029E-1 3.44076E-1 3.44867E-1 3.59335E-1 3.81428E-1 3.95384E-1 4.15737E-1 4.60355E-1 5.27898E-1 5.62286E-1 5.59695E-1 5.62786E-1 5.76529E-1 5.8646E-1 5.91652E-1 5.80107E-1 5.40732E-1 5.00191E-1 4.40946E-1 3.82635E-1 2.13175E-1 4.3633E-2 5.10636E-4 3.27012E-5 2.49753E-5 2.11579E-6 2.58806E-6 1.66707E-6 1.24097E-6 1.9476E-6 3.57947E-6 8.49648E-7 3.29383E-8 6.13589E-9 1.5462E-12
6.73495E-4 8.89079E-4 3.49228E-3 3.17688E-3 5.3939E-3 1.30313E-2 1.27058E-2 1.32493E-2 1.6044E-2 1.72925E-2 1.89993E-2 2.21758E-2 2.66371E-2 3.56746E-2 6.64512E-2 8.75877E-2 4.3499E-2 1.84354E-1 1.94317E-1 1.82219E-1 1.74771E-1 1.71523E-1 1.65798E-1 1.60174E-1 1.52943E-1 1.46257E-1 1.41031E-1 1.34656E-1 1.39371E-1 1.79274E-1 2.15169E-1 2.78089E-1 3.5248E-1 3.72016E-1 3.40272E-1 3.19923E-1 3.18261E-1 3.24388E-1 3.32615E-1 3.44867E-1 3.57736E-1 3.80122E-1 4.36697E-1 5.04315E-1 5.32118E-1 5.37765E-1 5.42364E-1 5.63432E-1 5.86595E-1 5.97409E-1 5.92595E-1 5.75735E-1 5.76562E-1 5.30267E-1 4.62133E-1 3.65524E-1 1.81923E-1 8.01437E-3 2.99246E-6 3.86333E-7 1.80055E-7 1.42131E-7 3.37144E-9 1.81731E-8 3.26638E-9 4.34533E-8 3.18601E-7 8.82607E-7 9.62613E-9 4.16608E-10
1.09584E-3 2.03859E-4 1.16581E-4 7.2586E-4 3.19505E-3 4.80219E-3 5.73523E-3 6.83818E-3 9.14717E-3 1.73008E-2 2.77211E-2 3.83853E-2 4.56556E-2 6.38018E-2 9.33397E-2 1.17395E-1 1.09026E-1 1.91622E-1 1.91496E-1 1.78361E-1 1.63276E-1 1.59071E-1 1.53558E-1 1.54926E-1 1.49494E-1 1.46819E-1 1.42632E-1 1.37469E-1 1.49243E-1 1.68234E-1 2.01896E-1 2.39332E-1 2.81462E-1 2.95128E-1 2.91758E-1 2.83402E-1 2.88416E-1 3.0014E-1 3.18261E-1 3.30972E-1 3.39173E-1 3.54532E-1 4.2355E-1 4.78759E-1 5.03268E-1 5.1529E-1 5.17291E-1 5.39363E-1 5.80276E-1 6.0226E-1 5.99374E-1 5.97712E-1 5.99901E-1 5.88923E-1 5.39383E-1 4.71868E-1 3.21472E-1 1.06411E-1 1.28203E-3 3.54179E-8 8.24269E-12 1.58793E-11 8.84546E-13 2.80065E-13 7.69993E-13 4.34023E-11 4.0607E-9 1.0538E-7 1.55813E-7 2.97663E-8
1.1669E-3 5.11327E-4 7.08336E-5 1.07581E-4 1.39687E-3 5.48549E-3 1.01293E-2 1.40064E-2 2.33942E-2 4.17143E-2 5.20367E-2 5.68698E-2 6.1631E-2 6.66712E-2 7.93477E-2 9.41307E-2 9.84865E-2 1.85781E-1 1.92898E-1 1.69662E-1 1.56493E-1 1.49664E-1 1.48319E-1 1.48319E-1 1.49664E-1 1.52375E-1 1.48319E-1 1.42859E-1 1.50586E-1 1.62973E-1 1.85773E-1 2.08125E-1 2.35385E-1 2.47562E-1 2.46422E-1 2.43534E-1 2.5008E-1 2.71743E-1 3.01816E-1 3.33195E-1 3.44742E-1 3.5383E-1 4.10359E-1 4.72333E-1 4.99729E-1 4.96334E-1 4.71072E-1 4.91723E-1 5.589E-1 5.96317E-1 6.0602E-1 6.05989E-1 6.06608E-1 5.99739E-1 5.78129E-1 5.30993E-1 3.5161E-1 1.80805E-1 3.89948E-2 4.32176E-4 1.31689E-7 3.81389E-10 7.37541E-10 6.20777E-13 8.9694E-17 1.10537E-13 7.58442E-10 1.03549E-7 2.00374E-7 2.27737E-6
3.11687E-3 1.15934E-2 1.5307E-2 5.79239E-3 2.93458E-3 7.69146E-3 2.08675E-2 3.29212E-2 3.95622E-2 6.14574E-2 8.58925E-2 7.96512E-2 8.2057E-2 7.01725E-2 5.88571E-2 1.06146E-1 6.81328E-2 2.0609E-1 1.92712E-1 1.56493E-1 1.41765E-1 1.43078E-1 1.41765E-1 1.43078E-1 1.52471E-1 1.56601E-1 1.53841E-1 1.51016E-1 1.50842E-1 1.57683E-1 1.71523E-1 1.89283E-1 2.04123E-1 2.14429E-1 2.1834E-1 2.21527E-1 2.28529E-1 2.51724E-1 2.85028E-1 3.13552E-1 3.23599E-1 3.43097E-1 4.08416E-1 4.71757E-1 5.0199E-1 5.04248E-1 4.59991E-1 4.71757E-1 5.44193E-1 5.79493E-1 5.95181E-1 6.07759E-1 5.94963E-1 6.05934E-1 5.64521E-1 5.12635E-1 4.24521E-1 2.96857E-1 1.54813E-1 4.02346E-2 2.26941E-4 6.40068E-6 1.65539E-7 1.73974E-9 6.86907E-11 1.19889E-13 7.98465E-11 5.89604E-7 1.10884E-4 3.79304E-5
1.36641E-2 9.61855E-2 1.36087E-1 1.71846E-1 8.38816E-2 1.60836E-2 2.3185E-2 8.0924E-2 1.11715E-1 1.21802E-1 1.24268E-1 1.07136E-1 1.00543E-1 5.24638E-2 9.54031E-2 1.45549E-1 9.75095E-2 2.17671E-1 1.86678E-1 1.51108E-1 1.37848E-1 1.40445E-1 1.40458E-1 1.39159E-1 1.48408E-1 1.53858E-1 1.51119E-1 1.43078E-1 1.45727E-1 1.45649E-1 1.59272E-1 1.71859E-1 1.8969E-1 1.93851E-1 1.97922E-1 2.03446E-1 2.19931E-1 2.41503E-1 2.74723E-1 2.96813E-1 3.05247E-1 3.32203E-1 3.90701E-1 4.59038E-1 4.89875E-1 4.99437E-1 4.87425E-1 5.25777E-1 5.4852E-1 5.63954E-1 5.76494E-1 6.0059E-1 5.89108E-1 5.80829E-1 6.09287E-1 5.76897E-1 5.16889E-1 4.25901E-1 3.06012E-1 1.68331E-1 1.39747E-2 1.68239E-3 2.41918E-3 4.1471E-4 3.07136E-7 1.65548E-6 1.99192E-8 5.88411E-7 1.95718E-7 7.2535E-7
3.89951E-2 1.4689E-1 1.98543E-1 2.21247E-1 2.22045E-1 1.1429E-1 8.23786E-2 1.14103E-1 1.32315E-1 7.87539E-2 7.87743E-2 7.0967E-2 7.78526E-2 1.44188E-1 1.46819E-1 1.05853E-1 1.93512E-1 2.26132E-1 1.9153E-1 1.62191E-1 1.4976E-1 1.41754E-1 1.39143E-1 1.37848E-1 1.41754E-1 1.40445E-1 1.37848E-1 1.3656E-1 1.34034E-1 1.40458E-1 1.49753E-1 1.6362E-1 1.72105E-1 1.83652E-1 1.87771E-1 1.91804E-1 2.09694E-1 2.34433E-1 2.60877E-1 2.79775E-1 2.91606E-1 3.11963E-1 3.53909E-1 4.08712E-1 4.51892E-1 4.72564E-1 4.81593E-1 5.11695E-1 5.32006E-1 5.24785E-1 5.36975E-1 5.5945E-1 5.75975E-1 5.91637E-1 6.09581E-1 6.08398E-1 5.80413E-1 5.09192E-1 4.02326E-1 2.60022E-1 8.99971E-2 2.37966E-2 1.89236E-2 3.01739E-2 1.07133E-2 1.08319E-4 2.34839E-9 1.20931E-8 1.49002E-6 7.64413E-8
1.38905E-1 1.62025E-1 1.7297E-1 1.70833E-1 1.91188E-1 2.0309E-1 1.57889E-1 1.21826E-1 1.14663E-1 1.07961E-1 1.16964E-1 1.32765E-1 1.85857E-1 1.88862E-1 2.01913E-1 1.46292E-1 2.58265E-1 2.32598E-1 2.10757E-1 1.85747E-1 1.62191E-1 1.43071E-1 1.3528E-1 1.32742E-1 1.2899E-1 1.32742E-1 1.31484E-1 1.2899E-1 1.27754E-1 1.32742E-1 1.43071E-1 1.55238E-1 1.6941E-1 1.79634E-1 1.86959E-1 1.92743E-1 2.07843E-1 2.2157E-1 2.3375E-1 2.50251E-1 2.57533E-1 2.8111E-1 3.16897E-1 3.64134E-1 4.0465E-1 4.33879E-1 4.58919E-1 4.86922E-1 4.98141E-1 4.84364E-1 4.6307E-1 4.61692E-1 5.50047E-1 5.86685E-1 5.96565E-1 5.97247E-1 6.05901E-1 5.54157E-1 4.53032E-1 3.53209E-1 2.37367E-1 1.17481E-1 7.61488E-2 1.00715E-1 1.01696E-1 7.4627E-3 1.5205E-5 2.76996E-7 3.62558E-7 1.09021E-7
1.25796E-1 1.33482E-1 1.25819E-1 1.31079E-1 1.44546E-1 1.76666E-1 1.86076E-1 1.53332E-1 1.44263E-1 1.48451E-1 1.73543E-1 1.61965E-1 1.85228E-1 2.19091E-1 2.13312E-1 2.1671E-1 2.55336E-1 2.50736E-1 2.33822E-1 2.09218E-1 1.78212E-1 1.45725E-1 1.30126E-1 1.26413E-1 1.26525E-1 1.26525E-1 1.22884E-1 1.22767E-1 1.22767E-1 1.30126E-1 1.4431E-1 1.57961E-1 1.69376E-1 1.81208E-1 1.90326E-1 1.9E-1 1.96151E-1 1.95818E-1 2.01573E-1 2.15162E-1 2.29673E-1 2.49495E-1 2.85733E-1 3.26877E-1 3.64281E-1 3.95486E-1 4.31533E-1 4.64189E-1 4.85681E-1 4.80445E-1 4.62798E-1 4.79121E-1 5.6507E-1 5.7856E-1 5.34012E-1 5.44081E-1 6.05843E-1 5.8811E-1 4.93614E-1 4.21338E-1 3.59494E-1 2.49893E-1 1.97663E-1 1.81923E-1 1.37234E-1 4.23432E-2 4.40877E-3 7.41149E-5 1.30768E-5 2.75368E-6
