KUENM/Final_Models/M_0.1_F_lq_Set_2_E/sp1_7_se_asia.asc
ncols         320
nrows         243
xllcorner     44.0
yllcorner     -0.666666666666667
cellsize      0.166666666666667
NODATA_value  -9999
[rows 62 to 92 of 243, columns 70 to 139 of 320]
1.4843E-2 1.03586E-2 6.12649E-3 2.48629E-3 1.30633E-3 5.82488E-4 4.67784E-5 2.07367E-4 2.40594E-4 3.06518E-5 1.00353E-3 3.38693E-3 6.49763E-3 1.01308E-2 1.19946E-2 1.76814E-2 2.19454E-2 2.21152E-2 2.10539E-2 2.11664E-2 2.05672E-2 2.05272E-2 2.12383E-2 2.22442E-2 2.40986E-2 2.01137E-2 8.14764E-3 8.89781E-3 7.91807E-3 4.16837E-3 7.80535E-3 1.2022E-2 1.19595E-2 9.39713E-3 1.56232E-2 2.20124E-2 2.12035E-2 2.0278E-2 1.93947E-2 1.8784E-2 1.8784E-2 1.70544E-2 1.6658E-2 1.6925E-2 1.61645E-2 1.45076E-2 1.0046E-2 1.00432E-2 9.40384E-3 1.02644E-2 1.08832E-2 1.25687E-2 1.94387E-2 2.71085E-2 3.32479E-2 3.55448E-2 3.85079E-2 4.19588E-2 4.54161E-2 4.8067E-2 5.15194E-2 5.47839E-2 5.63194E-2 3.37392E-2 1.55807E-2 1.35833E-2 4.88888E-3 4.71172E-3 1.07829E-2 2.91517E-2
1.62034E-2 1.5222E-2 1.08219E-2 5.00195E-3 3.32636E-3 2.91861E-3 1.82755E-3 3.09878E-3 2.49524E-3 3.21741E-4 1.19285E-3 8.58989E-4 3.06813E-3 1.19103E-2 1.67051E-2 1.62214E-2 2.17074E-2 2.23601E-2 2.21152E-2 2.1738E-2 2.15705E-2 2.08864E-2 2.19283E-2 2.29219E-2 2.43633E-2 2.50435E-2 1.59854E-2 1.3055E-2 1.18649E-2 6.68449E-3 7.10635E-3 6.40555E-3 1.1677E-2 1.76814E-2 1.13119E-2 1.96368E-2 2.11275E-2 2.04619E-2 1.88895E-2 1.86127E-2 1.74702E-2 1.43955E-2 1.20158E-2 1.60367E-2 1.70544E-2 1.6549E-2 1.45299E-2 1.58897E-2 1.38545E-2 1.48485E-2 1.56117E-2 1.96549E-2 2.46015E-2 2.90268E-2 3.22821E-2 3.50286E-2 3.85079E-2 4.04146E-2 4.41505E-2 4.60864E-2 4.90799E-2 5.43797E-2 3.89514E-2 2.59218E-2 9.79368E-3 6.19285E-3 3.66793E-3 3.42729E-3 1.74162E-2 2.44912E-2
1.63864E-2 1.78696E-2 1.33037E-2 8.43036E-3 5.40618E-3 6.43031E-3 7.29104E-3 9.14449E-3 7.27459E-3 1.3989E-3 7.23393E-4 3.41966E-4 4.2401E-3 5.39575E-3 1.55764E-2 1.95172E-2 2.10438E-2 2.27124E-2 2.3167E-2 2.29774E-2 2.22052E-2 2.19283E-2 2.29885E-2 2.45821E-2 2.51925E-2 2.60327E-2 1.06799E-2 1.54123E-2 1.43471E-2 1.10162E-2 7.04279E-3 4.68293E-3 9.77222E-3 2.18295E-2 2.16847E-2 2.16162E-2 2.13734E-2 2.0785E-2 1.98286E-2 1.92124E-2 1.79429E-2 1.69178E-2 1.23618E-2 1.56515E-2 1.93947E-2 1.92194E-2 1.91103E-2 1.9198E-2 1.87418E-2 2.00547E-2 2.15024E-2 2.26888E-2 2.55296E-2 2.85983E-2 3.1842E-2 3.51248E-2 3.67025E-2 3.9048E-2 4.25617E-2 4.54244E-2 4.86516E-2 4.75015E-2 3.44645E-2 9.39466E-3 8.33096E-3 3.79109E-3 1.10479E-3 3.19857E-3 1.09134E-2 4.64783E-2
1.21175E-2 1.49128E-2 6.07677E-3 1.08082E-2 4.54957E-3 7.74576E-3 6.92906E-3 1.04893E-2 1.46128E-2 1.40557E-2 1.46228E-2 1.23664E-2 1.84617E-2 3.01971E-3 4.01927E-3 1.71931E-2 2.19871E-2 2.43923E-2 2.3167E-2 2.38552E-2 2.39776E-2 2.3001E-2 2.47429E-2 2.66066E-2 2.62587E-2 2.72775E-2 2.04904E-2 1.53541E-2 1.67051E-2 1.16844E-2 5.94835E-3 5.32165E-3 1.13668E-2 1.90683E-2 2.41724E-2 2.44771E-2 2.34852E-2 2.23575E-2 2.14088E-2 2.12624E-2 2.00862E-2 1.91413E-2 1.8654E-2 1.93182E-2 1.94583E-2 2.05953E-2 2.05243E-2 2.1089E-2 2.14443E-2 2.34453E-2 2.36585E-2 2.47603E-2 2.68726E-2 2.91193E-2 3.13398E-2 3.42793E-2 3.50659E-2 3.76376E-2 4.11333E-2 4.54963E-2 4.74702E-2 3.85454E-2 1.8174E-2 7.7019E-3 6.30006E-3 1.95837E-3 5.88527E-4 7.11519E-3 5.22427E-2 7.52588E-2
1.75761E-2 1.85395E-2 2.04461E-2 1.69983E-2 2.4892E-3 6.87809E-3 7.2681E-3 3.91554E-3 1.07546E-2 1.46128E-2 1.71142E-2 3.12531E-2 3.09276E-2 1.20435E-2 9.8693E-4 4.59294E-3 1.97224E-2 2.41729E-2 2.54474E-2 2.5003E-2 2.5529E-2 2.4104E-2 2.5991E-2 2.69892E-2 2.81491E-2 2.92646E-2 2.48534E-2 1.4857E-2 1.7693E-2 1.25615E-2 6.20201E-3 2.87399E-3 6.37112E-3 1.18709E-2 1.8451E-2 2.46379E-2 2.48084E-2 2.33767E-2 2.21618E-2 2.19167E-2 2.12283E-2 1.94824E-2 1.86324E-2 1.86539E-2 1.92145E-2 2.09787E-2 2.17668E-2 2.2298E-2 2.34349E-2 2.41008E-2 2.5436E-2 2.53003E-2 2.65791E-2 2.80641E-2 2.76644E-2 2.42734E-2 2.73749E-2 3.56597E-2 4.11988E-2 4.52825E-2 4.87529E-2 3.13821E-2 1.1639E-2 9.24062E-3 6.80562E-3 1.64957E-3 4.69775E-3 5.89172E-3 3.38141E-2 8.16407E-2
3.46887E-2 3.7796E-2 3.85409E-2 2.96922E-2 2.41898E-2 2.63398E-2 1.45541E-2 2.89167E-3 8.6364E-3 1.53831E-2 1.91896E-2 3.43831E-2 3.32233E-2 3.07949E-2 1.55855E-2 1.3832E-3 1.08878E-2 2.27645E-2 2.70154E-2 2.69055E-2 2.70853E-2 2.63983E-2 2.7934E-2 2.82662E-2 2.96236E-2 3.14892E-2 2.98225E-2 1.72095E-2 2.10936E-2 1.73818E-2 1.27406E-2 6.0274E-3 1.29763E-3 8.37183E-3 1.73014E-2 2.52888E-2 2.66971E-2 2.4854E-2 2.39839E-2 2.29219E-2 2.15457E-2 2.0225E-2 1.95818E-2 1.92062E-2 1.98758E-2 2.12281E-2 2.18542E-2 2.26243E-2 2.40882E-2 2.54474E-2 2.38097E-2 2.14675E-2 2.21116E-2 2.64804E-2 2.96226E-2 3.1815E-2 3.65962E-2 3.9639E-2 4.08016E-2 4.38309E-2 4.72385E-2 2.55888E-2 1.3751E-2 1.44715E-2 3.74014E-3 1.7467E-3 1.5151E-2 1.58399E-2 5.49403E-2 7.44253E-2
4.53076E-2 4.65007E-2 5.01979E-2 5.23018E-2 5.06463E-2 4.21042E-2 2.66721E-2 2.01518E-2 1.5151E-2 2.65942E-2 3.7759E-2 3.8473E-2 3.47787E-2 3.30072E-2 3.28076E-2 2.34761E-2 1.04703E-2 1.78251E-2 2.7539E-2 3.02011E-2 3.04001E-2 2.9704E-2 3.04001E-2 3.10839E-2 3.29322E-2 3.22821E-2 3.27084E-2 2.76998E-2 2.44054E-2 2.35962E-2 2.02674E-2 1.52846E-2 1.50695E-2 1.75768E-2 2.21005E-2 1.44394E-2 2.56705E-2 2.73227E-2 2.54536E-2 2.4486E-2 2.22656E-2 2.15665E-2 2.07689E-2 2.07048E-2 2.11047E-2 2.15391E-2 2.19283E-2 2.33285E-2 2.45821E-2 2.63907E-2 2.61823E-2 2.78351E-2 2.9397E-2 3.02667E-2 3.22509E-2 3.47399E-2 3.59947E-2 3.81706E-2 4.16373E-2 4.67108E-2 4.38372E-2 1.91396E-2 1.97467E-2 1.70216E-2 7.20269E-3 2.85576E-2 3.32324E-2 3.31797E-2 7.21268E-2 7.8421E-2
6.29162E-2 6.19903E-2 5.89402E-2 5.86405E-2 5.15653E-2 5.08516E-2 3.64699E-2 1.66909E-2 3.48164E-2 4.53953E-2 4.44126E-2 4.14278E-2 3.81515E-2 3.65288E-2 3.50278E-2 3.47416E-2 3.18567E-2 3.18357E-2 3.0165E-2 3.20916E-2 3.185E-2 3.26521E-2 3.36886E-2 3.42633E-2 3.47726E-2 3.13824E-2 3.43821E-2 3.46015E-2 2.6244E-2 2.34063E-2 2.47547E-2 2.35962E-2 2.21195E-2 2.3719E-2 2.5774E-2 1.19576E-2 1.78312E-2 2.57541E-2 2.75825E-2 2.64643E-2 2.44814E-2 2.2426E-2 2.19908E-2 2.16431E-2 2.20722E-2 2.25513E-2 2.33665E-2 2.4486E-2 2.52366E-2 2.67481E-2 2.74093E-2 2.88876E-2 3.00774E-2 3.10026E-2 3.44312E-2 3.4946E-2 3.76167E-2 3.9639E-2 4.32431E-2 4.74189E-2 4.02801E-2 2.41812E-2 2.54517E-2 1.72446E-2 2.22351E-2 3.3026E-2 2.56673E-2 4.71745E-2 7.4121E-2 9.72767E-2
6.9216E-2 6.20017E-2 5.22427E-2 6.05802E-2 5.41928E-2 4.59266E-2 3.74163E-2 3.43052E-2 5.2741E-2 5.07742E-2 4.81279E-2 4.48777E-2 4.23235E-2 3.74817E-2 3.62894E-2 3.54442E-2 3.47787E-2 3.41039E-2 3.51245E-2 3.23893E-2 3.27584E-2 3.36929E-2 2.98084E-2 3.56935E-2 3.61258E-2 2.33944E-2 1.98823E-2 3.6591E-2 2.21469E-2 2.3947E-2 2.7029E-2 2.8969E-2 2.78199E-2 2.70418E-2 2.77597E-2 1.90967E-2 8.46617E-3 2.20303E-2 2.49533E-2 2.95243E-2 2.76529E-2 2.4837E-2 2.34303E-2 2.3063E-2 2.27847E-2 2.40238E-2 2.52609E-2 2.64747E-2 2.68579E-2 2.75881E-2 2.83667E-2 3.03823E-2 3.11685E-2 3.26085E-2 3.4946E-2 3.70694E-2 3.82546E-2 4.05251E-2 4.47943E-2 3.86782E-2 3.42458E-2 2.16116E-2 2.74565E-2 2.70574E-2 3.6929E-2 4.89854E-2 6.69034E-2 6.76404E-2 9.68027E-2 1.01698E-1
7.2569E-2 6.59523E-2 5.21802E-2 2.64675E-2 3.50241E-2 5.09866E-2 6.25319E-2 6.17547E-2 5.66816E-2 5.16218E-2 5.08135E-2 4.8067E-2 4.42333E-2 3.85899E-2 3.68812E-2 3.63412E-2 3.5325E-2 3.48268E-2 3.53315E-2 3.63574E-2 3.87033E-2 3.84863E-2 3.9267E-2 3.90243E-2 4.03342E-2 3.52348E-2 3.50024E-2 4.17488E-2 3.28125E-2 2.86828E-2 3.23588E-2 3.10811E-2 3.10811E-2 2.68648E-2 2.69388E-2 2.74125E-2 2.11326E-2 2.05495E-2 1.61709E-2 2.65925E-2 3.13398E-2 2.94044E-2 2.67995E-2 2.67333E-2 2.55148E-2 2.67333E-2 2.7303E-2 2.77479E-2 2.85172E-2 2.84504E-2 3.0155E-2 3.24086E-2 3.22749E-2 3.46149E-2 3.65288E-2 3.79462E-2 3.99453E-2 4.24644E-2 3.76406E-2 2.72052E-2 3.44645E-2 2.61801E-2 2.74565E-2 2.98124E-2 3.93457E-2 5.55931E-2 3.38235E-2 8.73834E-2 8.04053E-2 1.0138E-1
7.79467E-2 7.24558E-2 7.50932E-2 7.49855E-2 7.41736E-2 7.32519E-2 7.04991E-2 6.725E-2 6.15881E-2 5.5671E-2 5.41343E-2 5.58226E-2 5.07742E-2 4.3355E-2 3.95128E-2 3.77039E-2 3.54162E-2 3.4234E-2 3.35644E-2 3.32272E-2 3.38711E-2 3.57414E-2 3.85533E-2 4.27922E-2 4.29138E-2 4.4413E-2 4.47193E-2 4.42333E-2 4.47943E-2 4.21935E-2 4.0566E-2 3.84921E-2 3.46794E-2 2.47953E-2 3.19606E-2 3.02661E-2 3.10811E-2 2.94173E-2 1.43663E-2 2.61937E-2 3.1156E-2 3.39245E-2 3.16507E-2 3.03675E-2 2.95034E-2 2.90362E-2 2.86133E-2 2.85996E-2 2.99086E-2 3.07068E-2 3.20375E-2 3.28988E-2 3.37584E-2 3.61864E-2 3.74342E-2 3.92145E-2 4.11381E-2 3.47398E-2 2.33437E-2 2.59064E-2 3.23537E-2 3.25506E-2 4.36848E-2 5.3522E-2 4.8155E-2 6.90058E-2 9.36243E-2 9.30627E-2 1.01699E-1 1.01204E-1
7.78347E-2 7.15969E-2 7.58332E-2 7.53793E-2 8.04513E-2 7.50864E-2 7.99079E-2 6.17307E-2 6.88131E-2 6.46806E-2 5.57328E-2 5.89392E-2 5.69287E-2 4.50823E-2 4.23465E-2 3.9825E-2 3.90848E-2 3.66853E-2 3.54261E-2 3.46954E-2 3.41842E-2 3.41842E-2 3.64866E-2 3.86825E-2 3.93931E-2 4.25782E-2 4.44453E-2 4.37094E-2 4.93434E-2 4.9425E-2 4.84535E-2 4.61769E-2 4.09958E-2 3.16749E-2 2.80233E-2 3.87676E-2 3.74657E-2 3.32713E-2 3.23588E-2 2.71454E-2 3.37031E-2 3.68479E-2 3.66078E-2 3.5258E-2 3.4946E-2 3.27632E-2 3.33953E-2 3.25233E-2 3.33953E-2 3.37584E-2 3.35992E-2 3.50292E-2 3.56414E-2 3.62712E-2 3.72608E-2 3.28125E-2 2.6179E-2 2.51221E-2 2.24108E-2 2.85946E-2 3.81435E-2 4.08754E-2 3.9868E-2 5.47918E-2 3.92982E-2 5.45902E-2 8.40188E-2 6.88578E-2 7.3137E-2 8.72495E-2
8.04032E-2 7.23943E-2 8.84746E-2 8.97911E-2 6.16191E-2 5.49643E-2 4.99812E-2 5.19981E-2 6.46677E-2 5.80868E-2 6.61747E-2 5.35723E-2 5.60496E-2 5.04487E-2 4.48376E-2 4.28033E-2 4.08227E-2 4.00432E-2 3.83339E-2 3.68042E-2 3.68042E-2 3.71013E-2 3.62982E-2 3.73774E-2 3.84829E-2 3.96154E-2 4.2873E-2 4.3156E-2 4.72759E-2 5.19482E-2 5.132E-2 5.17078E-2 4.3249E-2 3.66629E-2 2.88184E-2 4.11798E-2 4.3069E-2 4.09247E-2 3.64809E-2 3.90327E-2 3.36661E-2 3.27413E-2 3.88842E-2 3.84705E-2 3.79233E-2 3.73033E-2 3.6868E-2 3.73827E-2 3.59841E-2 3.54264E-2 3.57158E-2 3.52768E-2 3.52347E-2 3.02661E-2 2.53292E-2 2.63851E-2 2.99863E-2 2.45738E-2 2.95225E-2 2.69562E-2 3.93168E-2 3.79899E-2 4.41377E-2 5.08354E-2 4.5358E-2 3.50394E-2 7.51692E-2 8.84602E-2 8.89496E-2 9.38789E-2
7.71866E-2 7.05539E-2 6.5403E-2 6.34626E-2 5.78957E-2 5.41105E-2 5.11916E-2 4.84969E-2 5.75164E-2 5.9308E-2 5.91857E-2 6.20763E-2 6.43107E-2 6.06117E-2 5.48231E-2 4.9151E-2 4.53148E-2 4.3238E-2 4.12172E-2 3.98271E-2 3.90182E-2 3.82012E-2 3.93279E-2 3.96154E-2 3.98799E-2 4.10447E-2 4.28438E-2 4.49657E-2 4.49657E-2 4.90063E-2 4.90063E-2 5.25886E-2 5.36912E-2 4.50099E-2 4.38274E-2 3.5863E-2 4.34716E-2 4.75507E-2 4.6467E-2 4.32423E-2 4.47167E-2 4.0959E-2 3.60718E-2 3.19337E-2 3.10108E-2 3.61631E-2 3.87759E-2 3.83367E-2 3.62522E-2 3.64058E-2 3.49254E-2 3.15184E-2 2.80071E-2 3.01705E-2 3.28177E-2 3.16749E-2 2.92071E-2 3.539E-2 3.44505E-2 2.76533E-2 4.03506E-2 4.94715E-2 5.67289E-2 4.76352E-2 4.72139E-2 4.34906E-2 6.5169E-2 8.56096E-2 8.77366E-2 8.97911E-2
6.4608E-2 6.26545E-2 -9999 -9999 -9999 -9999 -9999 5.18834E-2 4.99812E-2 6.33727E-2 6.0529E-2 6.93226E-2 6.54149E-2 6.65018E-2 6.42233E-2 5.86001E-2 5.34308E-2 5.13108E-2 4.77047E-2 4.53148E-2 4.36498E-2 4.15894E-2 4.19388E-2 4.3156E-2 4.44019E-2 4.66026E-2 4.79294E-2 4.83157E-2 4.90063E-2 5.06921E-2 5.10757E-2 5.81728E-2 5.2741E-2 4.79179E-2 4.47541E-2 4.81351E-2 4.88726E-2 4.88424E-2 5.0681E-2 5.05489E-2 4.93993E-2 4.81202E-2 4.88027E-2 4.87823E-2 4.68197E-2 4.51967E-2 4.31762E-2 4.16495E-2 3.90028E-2 3.66801E-2 3.42645E-2 3.44045E-2 3.50024E-2 3.33409E-2 3.11217E-2 3.41028E-2 4.16717E-2 4.32454E-2 3.89459E-2 4.79179E-2 3.33915E-2 5.98176E-2 5.08516E-2 5.08354E-2 5.82636E-2 5.98905E-2 7.03868E-2 8.33036E-2 9.22056E-2 9.20071E-2
-9999 -9999 6.81938E-2 -9999 -9999 -9999 -9999 -9999 5.11916E-2 5.34842E-2 6.54614E-2 7.99079E-2 5.95519E-2 5.13457E-2 6.20918E-2 6.04854E-2 6.20371E-2 6.0574E-2 5.73741E-2 5.33401E-2 5.1344E-2 5.06033E-2 5.46981E-2 5.49162E-2 5.13108E-2 5.50061E-2 5.50061E-2 5.72987E-2 6.13773E-2 6.01898E-2 5.99813E-2 5.69669E-2 4.89238E-2 5.01158E-2 4.77305E-2 4.59379E-2 4.77305E-2 5.04909E-2 5.24983E-2 5.14034E-2 5.24983E-2 5.15087E-2 4.88726E-2 4.79046E-2 4.86516E-2 4.81389E-2 4.67061E-2 4.51967E-2 4.35552E-2 4.13016E-2 3.94503E-2 3.5868E-2 3.56843E-2 3.42343E-2 3.81534E-2 4.02086E-2 4.08021E-2 4.57402E-2 5.32514E-2 4.04822E-2 6.05948E-2 5.67289E-2 6.13482E-2 5.268E-2 6.5969E-2 7.24301E-2 7.69077E-2 8.4219E-2 9.32932E-2 8.54007E-2
6.29838E-2 6.88976E-2 -9999 -9999 -9999 -9999 -9999 -9999 5.63883E-2 6.60152E-2 6.80734E-2 8.36584E-2 5.2845E-2 6.59523E-2 6.36726E-2 5.8644E-2 6.26395E-2 6.16935E-2 6.21726E-2 6.3392E-2 5.81525E-2 6.16684E-2 6.04574E-2 6.25691E-2 6.09992E-2 6.24873E-2 6.21929E-2 6.23997E-2 6.05948E-2 5.26427E-2 4.89797E-2 5.1424E-2 5.82567E-2 6.10902E-2 6.21726E-2 6.19254E-2 6.24323E-2 6.33642E-2 6.68978E-2 6.17547E-2 5.5551E-2 5.49927E-2 5.80615E-2 5.69669E-2 5.38732E-2 5.27496E-2 5.0152E-2 5.00377E-2 4.74286E-2 4.49167E-2 4.42697E-2 4.11798E-2 3.87014E-2 3.71143E-2 3.97185E-2 4.4547E-2 4.79179E-2 4.59369E-2 5.72271E-2 6.11816E-2 6.69988E-2 5.42319E-2 6.90444E-2 6.34174E-2 8.38478E-2 6.99024E-2 8.37851E-2 9.64812E-2 9.99443E-2 8.71658E-2
-9999 -9999 -9999 -9999 -9999 -9999 -9999 -9999 -9999 6.68765E-2 7.36223E-2 8.45238E-2 6.49802E-2 7.52336E-2 7.21319E-2 7.22018E-2 6.87767E-2 6.85444E-2 6.70156E-2 6.53506E-2 6.45004E-2 6.19254E-2 6.11373E-2 6.3392E-2 6.36026E-2 5.78965E-2 5.81959E-2 5.15402E-2 5.01979E-2 6.00831E-2 6.52857E-2 6.27212E-2 5.86405E-2 6.53506E-2 6.24323E-2 6.21067E-2 6.86633E-2 7.13911E-2 7.16986E-2 7.13386E-2 6.93226E-2 6.93936E-2 6.63783E-2 6.43546E-2 6.12527E-2 5.73286E-2 5.66002E-2 5.29037E-2 5.15263E-2 4.93164E-2 4.53953E-2 4.36646E-2 4.52565E-2 4.52565E-2 4.60567E-2 5.08501E-2 5.56292E-2 5.84758E-2 6.38269E-2 6.6875E-2 7.15309E-2 7.73668E-2 8.12529E-2 8.82164E-2 8.85959E-2 9.3347E-2 9.43466E-2 1.04266E-1 1.05909E-1 9.52425E-2
-9999 -9999 -9999 -9999 -9999 -9999 -9999 -9999 5.61902E-2 5.79476E-2 7.39197E-2 8.76343E-2 8.08606E-2 7.85105E-2 7.54141E-2 7.25299E-2 7.22124E-2 6.50147E-2 6.29978E-2 6.0135E-2 5.93334E-2 6.21692E-2 6.0321E-2 6.11317E-2 6.49943E-2 6.38449E-2 6.52817E-2 6.44471E-2 6.53506E-2 6.45004E-2 6.75778E-2 6.60417E-2 6.77623E-2 6.81958E-2 7.13303E-2 7.4137E-2 7.55776E-2 7.84186E-2 7.94856E-2 7.632E-2 7.73668E-2 7.51535E-2 7.24546E-2 6.97102E-2 6.79249E-2 6.24129E-2 5.97341E-2 5.82289E-2 5.5115E-2 5.41936E-2 5.42824E-2 5.2837E-2 5.19234E-2 4.83598E-2 4.8294E-2 5.81194E-2 5.93908E-2 6.19508E-2 6.49388E-2 6.97913E-2 7.03869E-2 8.12955E-2 8.70875E-2 8.49444E-2 9.41043E-2 1.04634E-1 1.01204E-1 1.1487E-1 1.11707E-1 1.11406E-1
-9999 -9999 -9999 -9999 -9999 -9999 -9999 -9999 -9999 5.79476E-2 6.85301E-2 8.57773E-2 7.77749E-2 7.74401E-2 7.02258E-2 7.51535E-2 6.66661E-2 6.35698E-2 6.17636E-2 5.57229E-2 5.46688E-2 5.21184E-2 5.31897E-2 5.39252E-2 5.31897E-2 6.0135E-2 6.0135E-2 6.09451E-2 6.24913E-2 6.30302E-2 6.20079E-2 6.79249E-2 6.78866E-2 6.80748E-2 6.68196E-2 6.72616E-2 7.5047E-2 7.48656E-2 7.77576E-2 7.49914E-2 7.81347E-2 7.73984E-2 7.64252E-2 7.06794E-2 6.69781E-2 6.37355E-2 5.87551E-2 5.86734E-2 5.73741E-2 5.59201E-2 5.56802E-2 5.58477E-2 5.38732E-2 5.65086E-2 5.70535E-2 5.86071E-2 6.35985E-2 6.66661E-2 6.63174E-2 6.97708E-2 7.20548E-2 8.55608E-2 9.5371E-2 7.9657E-2 9.61694E-2 1.16103E-1 1.16101E-1 1.25742E-1 1.14863E-1 1.1616E-1
-9999 -9999 -9999 -9999 -9999 -9999 -9999 -9999 -9999 5.72024E-2 6.26545E-2 6.90345E-2 6.24284E-2 6.07902E-2 7.02258E-2 7.54469E-2 7.02958E-2 6.12431E-2 6.12539E-2 5.61802E-2 5.02448E-2 5.02448E-2 5.23054E-2 5.02448E-2 5.11893E-2 5.21184E-2 5.30308E-2 5.48002E-2 5.71882E-2 5.78627E-2 6.47174E-2 6.4524E-2 6.54858E-2 6.63518E-2 6.57554E-2 6.04464E-2 6.48831E-2 7.37839E-2 7.5669E-2 6.9512E-2 6.17433E-2 5.57026E-2 5.20847E-2 5.49401E-2 5.69117E-2 6.07902E-2 6.09126E-2 6.36146E-2 6.13793E-2 5.89515E-2 5.89515E-2 5.70535E-2 5.78177E-2 5.82289E-2 6.00556E-2 6.13516E-2 6.24129E-2 6.28961E-2 6.61064E-2 8.14557E-2 8.44697E-2 8.84409E-2 1.00043E-1 9.37297E-2 8.74665E-2 1.10412E-1 1.32163E-1 1.34279E-1 1.29465E-1 1.27873E-1
-9999 -9999 -9999 -9999 -9999 -9999 -9999 -9999 -9999 -9999 5.54066E-2 5.8857E-2 6.24284E-2 5.96668E-2 5.09709E-2 5.47011E-2 5.06921E-2 5.07435E-2 5.13798E-2 4.8329E-2 4.76592E-2 4.83157E-2 4.40786E-2 4.53422E-2 5.14033E-2 5.11893E-2 5.0696E-2 5.30308E-2 5.54204E-2 5.28143E-2 5.20931E-2 4.93095E-2 4.95838E-2 5.21055E-2 5.14376E-2 5.63312E-2 6.2069E-2 6.71391E-2 6.9512E-2 6.77464E-2 6.08143E-2 4.99208E-2 4.44417E-2 5.06007E-2 5.20847E-2 6.0529E-2 6.61337E-2 6.38695E-2 6.18132E-2 6.16684E-2 6.01768E-2 6.04356E-2 6.13516E-2 6.01935E-2 6.11317E-2 6.49388E-2 6.28961E-2 6.32051E-2 7.26613E-2 6.84319E-2 7.73544E-2 9.53547E-2 1.03571E-1 8.8826E-2 8.85068E-2 9.86021E-2 1.22415E-1 1.40565E-1 1.19554E-1 1.20018E-1
-9999 -9999 -9999 -9999 -9999 -9999 -9999 -9999 -9999 -9999 -9999 5.17808E-2 5.21458E-2 5.77455E-2 4.95838E-2 4.80107E-2 4.62232E-2 4.54033E-2 4.54033E-2 4.69004E-2 4.35237E-2 4.18792E-2 4.47068E-2 4.79294E-2 4.81873E-2 5.08782E-2 5.23054E-2 5.04848E-2 5.11893E-2 5.30308E-2 5.13798E-2 4.64841E-2 4.43189E-2 4.73478E-2 4.7529E-2 5.19263E-2 5.852E-2 5.52481E-2 5.20589E-2 4.93343E-2 4.86651E-2 4.66297E-2 4.66796E-2 4.93343E-2 4.85632E-2 4.88643E-2 4.93095E-2 4.99765E-2 5.34148E-2 5.89614E-2 6.06117E-2 5.85402E-2 5.93334E-2 6.11317E-2 6.34262E-2 6.2105E-2 6.33925E-2 6.04692E-2 6.13389E-2 7.632E-2 8.33176E-2 8.55602E-2 9.41043E-2 8.46083E-2 8.5412E-2 9.84618E-2 1.07686E-1 1.33809E-1 1.3925E-1 1.25816E-1
-9999 -9999 -9999 -9999 -9999 -9999 -9999 -9999 -9999 -9999 -9999 -9999 -9999 -9999 4.68724E-2 4.63742E-2 -9999 -9999 4.38465E-2 4.36984E-2 4.18792E-2 4.18792E-2 4.27121E-2 4.69813E-2 4.88655E-2 4.44218E-2 4.60226E-2 4.56769E-2 4.76448E-2 5.04848E-2 4.92865E-2 4.6997E-2 4.59849E-2 4.47696E-2 4.54033E-2 4.89017E-2 4.84686E-2 4.90179E-2 4.83459E-2 5.45739E-2 5.54496E-2 4.96973E-2 4.85632E-2 4.83459E-2 4.91449E-2 4.71382E-2 4.49657E-2 4.79294E-2 4.96312E-2 5.27835E-2 5.34148E-2 5.0696E-2 5.35723E-2 6.09451E-2 6.27324E-2 6.28961E-2 6.35435E-2 7.41359E-2 7.82959E-2 7.20548E-2 7.87399E-2 8.13195E-2 8.15393E-2 -9999 -9999 7.8688E-2 9.17405E-2 1.1264E-1 1.43891E-1 1.26285E-1
-9999 -9999 -9999 -9999 -9999 -9999 -9999 -9999 -9999 -9999 -9999 -9999 -9999 -9999 -9999 -9999 -9999 -9999 -9999 -9999 4.02656E-2 -9999 -9999 4.40786E-2 4.34577E-2 4.34577E-2 4.31778E-2 4.34885E-2 4.53781E-2 -9999 4.63254E-2 4.75167E-2 4.75167E-2 4.53422E-2 4.43353E-2 4.49657E-2 4.39407E-2 4.45658E-2 4.77997E-2 4.89017E-2 4.95838E-2 5.35434E-2 4.68724E-2 4.49464E-2 4.5198E-2 4.43353E-2 4.53781E-2 4.46681E-2 4.555E-2 4.44019E-2 4.4741E-2 4.69813E-2 4.96804E-2 5.16552E-2 5.39602E-2 5.54501E-2 6.42362E-2 7.17289E-2 6.54614E-2 6.10244E-2 6.47586E-2 -9999 -9999 -9999 -9999 -9999 7.73836E-2 1.11294E-1 1.24372E-1 1.31839E-1
-9999 -9999 -9999 -9999 -9999 -9999 -9999 -9999 -9999 -9999 -9999 -9999 -9999 -9999 -9999 -9999 -9999 -9999 -9999 -9999 -9999 -9999 -9999 -9999 -9999 -9999 -9999 -9999 -9999 -9999 -9999 4.59504E-2 4.44019E-2 4.4741E-2 4.31778E-2 4.31778E-2 4.31778E-2 4.31778E-2 4.47068E-2 4.5198E-2 4.45658E-2 -9999 -9999 4.33229E-2 4.37121E-2 4.25665E-2 4.30309E-2 -9999 -9999 -9999 -9999 -9999 5.26217E-2 -9999 -9999 -9999 -9999 -9999 -9999 -9999 -9999 -9999 -9999 -9999 -9999 -9999 8.98748E-2 1.23564E-1 1.26394E-1 1.52371E-1
-9999 -9999 -9999 -9999 -9999 -9999 -9999 -9999 -9999 -9999 -9999 -9999 -9999 -9999 -9999 -9999 -9999 -9999 -9999 -9999 -9999 -9999 -9999 -9999 -9999 -9999 -9999 -9999 -9999 -9999 -9999 -9999 -9999 -9999 4.37754E-2 -9999 4.21909E-2 -9999 -9999 -9999 -9999 -9999 -9999 -9999 -9999 -9999 -9999 -9999 -9999 -9999 -9999 -9999 -9999 -9999 -9999 -9999 -9999 -9999 -9999 -9999 -9999 -9999 -9999 -9999 -9999 -9999 1.15779E-1 1.32025E-1 1.42797E-1 1.51796E-1
-9999 -9999 -9999 -9999 -9999 -9999 -9999 -9999 -9999 -9999 -9999 -9999 -9999 -9999 -9999 -9999 -9999 -9999 -9999 -9999 -9999 -9999 -9999 -9999 -9999 -9999 -9999 -9999 -9999 -9999 -9999 -9999 -9999 -9999 -9999 -9999 -9999 -9999 -9999 -9999 -9999 -9999 -9999 -9999 -9999 -9999 -9999 -9999 -9999 -9999 -9999 -9999 -9999 -9999 -9999 -9999 -9999 -9999 -9999 -9999 -9999 -9999 -9999 -9999 -9999 -9999 1.31925E-1 1.50271E-1 1.48758E-1 1.55503E-1
-9999 -9999 -9999 -9999 -9999 -9999 -9999 -9999 -9999 -9999 -9999 -9999 -9999 -9999 -9999 -9999 -9999 -9999 -9999 -9999 -9999 -9999 -9999 -9999 -9999 -9999 -9999 -9999 -9999 -9999 -9999 -9999 -9999 -9999 -9999 -9999 -9999 -9999 -9999 -9999 -9999 -9999 -9999 -9999 -9999 -9999 -9999 -9999 -9999 -9999 -9999 -9999 -9999 -9999 -9999 -9999 -9999 -9999 -9999 -9999 -9999 -9999 -9999 -9999 -9999 -9999 -9999 -9999 -9999 -9999
-9999 -9999 -9999 -9999 -9999 -9999 -9999 -9999 -9999 -9999 -9999 -9999 -9999 -9999 -9999 -9999 -9999 -9999 -9999 -9999 -9999 -9999 -9999 -9999 -9999 -9999 -9999 -9999 -9999 -9999 -9999 -9999 -9999 -9999 -9999 -9999 -9999 -9999 -9999 -9999 -9999 -9999 -9999 -9999 -9999 -9999 -9999 -9999 -9999 -9999 -9999 -9999 -9999 -9999 -9999 -9999 -9999 -9999 -9999 -9999 -9999 -9999 -9999 -9999 -9999 -9999 -9999 -9999 -9999 1.38623E-1
-9999 -9999 -9999 -9999 -9999 -9999 -9999 -9999 -9999 -9999 -9999 -9999 -9999 -9999 -9999 -9999 -9999 -9999 -9999 -9999 -9999 -9999 -9999 -9999 -9999 -9999 -9999 -9999 -9999 -9999 -9999 -9999 -9999 -9999 -9999 -9999 -9999 -9999 -9999 -9999 -9999 -9999 -9999 -9999 -9999 -9999 -9999 -9999 -9999 -9999 -9999 -9999 -9999 -9999 -9999 -9999 -9999 -9999 -9999 -9999 -9999 -9999 -9999 -9999 -9999 -9999 -9999 -9999 -9999 -9999
