KUENM/Final_Models/M_0.1_F_lq_Set_2_E/sp1_5_se_asia.asc
ncols         320
nrows         243
xllcorner     44.0
yllcorner     -0.666666666666667
cellsize      0.166666666666667
NODATA_value  -9999
[rows 31 to 61 of 243, columns 140 to 209 of 320]
3.5447E-12 5.23381E-13 1.17905E-12 1.50093E-13 4.3429E-12 5.06599E-11 3.02306E-12 2.71585E-12 3.93862E-11 2.78892E-8 8.82154E-5 3.1439E-4 1.44854E-4 2.57445E-3 1.72007E-2 3.00391E-2 7.04707E-2 8.67615E-2 7.77682E-2 1.07608E-1 9.61333E-2 8.18991E-2 2.02796E-2 1.51367E-1 1.91344E-1 7.62302E-2 1.15998E-1 1.57789E-1 1.38126E-1 1.14918E-2 1.41737E-2 2.61013E-3 2.96028E-3 3.44202E-5 1.21474E-4 6.73228E-5 3.41952E-5 2.54535E-7 7.89137E-8 4.94415E-6 1.17076E-6 3.46416E-5 4.24323E-6 3.13676E-9 1.01567E-9 7.64396E-10 1.15317E-10 8.71314E-13 1.33361E-15 5.35151E-15 8.13629E-15 3.15031E-13 5.32198E-11 1.5373E-12 1.00821E-11 3.54554E-12 5.83778E-18 3.277E-19 4.38548E-19 7.9504E-18 5.03811E-13 1.66673E-10 5.23319E-18 1.43316E-22 6.65209E-22 6.18376E-19 -9999 -9999 -9999 -9999
5.67742E-11 1.75761E-10 1.47255E-9 1.77719E-9 2.10091E-10 2.21435E-10 1.09563E-10 6.37874E-9 6.00591E-7 1.24956E-6 3.70054E-5 6.34017E-5 2.26877E-5 3.93862E-5 1.17148E-3 6.07286E-3 3.89886E-2 8.16223E-2 9.29846E-2 1.17097E-1 1.48828E-1 1.5158E-1 1.29577E-1 1.92781E-1 2.1455E-1 2.35494E-1 3.53322E-1 3.71353E-1 3.33237E-1 1.55666E-1 6.28583E-2 3.35618E-2 6.76401E-3 4.6611E-4 5.7859E-5 8.46112E-6 3.9649E-5 1.46344E-4 2.85209E-4 4.1179E-7 1.29092E-5 1.14488E-3 1.82978E-4 2.24447E-4 1.48885E-7 1.75212E-11 2.0337E-12 3.38501E-13 4.38432E-15 5.65249E-14 3.13596E-13 2.75164E-13 8.0823E-13 1.57231E-12 1.09296E-12 6.17313E-12 1.57676E-11 1.47099E-15 2.92769E-18 8.78709E-20 6.18376E-19 2.1318E-18 7.47414E-13 1.71127E-18 3.21426E-21 4.69973E-17 3.09019E-21 8.47641E-22 7.36144E-21 -9999
5.85411E-10 2.78166E-11 2.22082E-11 7.41064E-10 2.12272E-9 1.89006E-8 1.01783E-8 1.97185E-8 1.49771E-7 1.58575E-6 4.29247E-5 1.42837E-5 6.73087E-8 9.5324E-8 8.05973E-5 1.04128E-3 2.16643E-2 6.46339E-2 1.04549E-1 1.25175E-1 1.54234E-1 1.88978E-1 2.14245E-1 2.3015E-1 2.87215E-1 3.82053E-1 4.20814E-1 4.30225E-1 4.3156E-1 4.16092E-1 3.16626E-1 1.24814E-1 1.17782E-2 1.03509E-2 2.74123E-4 8.9527E-5 7.26986E-5 2.55701E-3 9.06264E-5 6.19237E-7 2.33358E-8 7.07358E-5 1.59624E-3 2.38569E-3 1.47039E-4 1.04706E-6 7.10656E-10 3.73647E-11 6.36173E-13 8.36055E-15 1.28698E-16 1.8392E-13 6.17204E-15 1.90684E-15 1.65839E-15 1.45672E-14 2.03525E-13 3.84154E-12 5.85657E-12 4.97932E-11 3.48262E-14 6.10403E-16 8.46985E-17 1.45201E-15 7.66312E-16 5.2249E-17 1.93336E-19 3.59818E-20 2.29168E-18 1.38535E-19
7.18873E-11 4.60919E-11 4.29666E-11 7.62539E-10 3.8923E-9 3.25741E-9 5.72311E-8 5.57998E-7 3.27463E-6 1.31103E-5 4.568E-5 6.4319E-6 1.62073E-9 5.42623E-8 3.93582E-8 2.47593E-10 7.65881E-8 1.14962E-4 3.02157E-3 2.66858E-2 8.40423E-2 7.69131E-2 9.7549E-2 1.38844E-1 3.31349E-1 3.70083E-1 4.26933E-1 4.47881E-1 4.47672E-1 4.31556E-1 4.37016E-1 4.13437E-1 1.93994E-1 1.62102E-1 2.5192E-3 4.63194E-4 3.77381E-5 1.21747E-2 1.35592E-3 8.55855E-5 7.6203E-5 5.05157E-7 1.58961E-5 1.18079E-3 2.04723E-3 1.6981E-4 1.61607E-8 2.60483E-10 4.53673E-12 3.86336E-13 3.40256E-16 7.32076E-14 5.09744E-18 5.79056E-17 2.01669E-17 8.85769E-18 2.27606E-18 9.73584E-15 9.7388E-16 2.86249E-12 1.69878E-12 2.17745E-9 1.96001E-13 7.52597E-19 1.9141E-15 3.45227E-16 1.33898E-17 6.25824E-20 -9999 -9999
3.32812E-11 1.4683E-11 8.08364E-12 2.44108E-10 2.80135E-10 8.35897E-10 2.16339E-8 2.03467E-7 1.72025E-6 2.55729E-5 2.33683E-5 7.88807E-7 8.56334E-9 5.92509E-7 1.41361E-5 2.31431E-4 6.45367E-4 6.337E-6 2.26309E-7 3.41469E-6 4.49508E-4 1.30802E-2 7.712E-2 1.77673E-1 3.51632E-1 3.84236E-1 3.97123E-1 3.29852E-1 3.43464E-1 4.35697E-1 4.58485E-1 4.17566E-1 2.6334E-1 1.57015E-1 7.70219E-3 4.37151E-3 1.8376E-3 3.58819E-2 1.9033E-2 3.34701E-4 1.17393E-4 7.01389E-7 1.02864E-10 2.05743E-6 3.14839E-4 2.31165E-3 3.03121E-4 1.85145E-6 2.13864E-11 4.58082E-11 7.08599E-14 7.8825E-16 2.3497E-16 2.77418E-17 2.54045E-17 6.38525E-17 8.51135E-16 1.66146E-14 7.98168E-13 4.37124E-12 2.96692E-15 1.82704E-15 2.80174E-10 4.49025E-17 1.33485E-18 7.92269E-17 7.723E-17 3.94218E-15 9.82797E-21 -9999
8.7315E-11 2.18658E-12 6.16781E-11 2.10597E-10 2.84691E-10 7.02479E-8 5.64596E-7 3.63477E-7 1.36779E-7 1.98031E-6 3.67525E-7 2.17407E-7 1.47385E-6 2.45559E-6 2.33349E-4 1.01033E-3 9.51651E-3 2.81408E-2 9.70543E-3 7.79305E-4 1.9713E-3 4.03216E-3 4.47233E-2 1.22834E-1 2.1891E-1 3.36996E-1 2.15417E-1 2.99764E-1 4.15575E-1 4.21653E-1 4.38962E-1 4.15217E-1 3.30557E-1 1.20012E-1 3.73959E-2 3.44838E-2 3.31371E-2 6.3075E-2 1.89052E-2 5.63771E-2 4.84848E-2 1.4825E-3 3.03946E-9 2.93444E-10 3.6609E-6 4.05211E-4 3.04561E-3 5.61733E-4 1.93979E-8 9.80814E-10 1.38254E-10 2.89959E-12 1.42735E-16 2.78296E-18 6.23595E-16 3.0071E-16 2.82681E-15 3.83328E-13 1.39086E-17 5.75328E-15 1.56322E-16 1.75323E-18 2.18678E-13 2.21291E-13 1.60979E-18 1.66073E-20 2.29868E-18 5.47653E-17 4.37434E-15 -9999
4.66682E-11 1.03847E-12 2.61846E-10 4.72441E-10 5.0302E-9 1.41453E-7 4.06262E-6 1.7795E-6 7.12204E-7 9.36976E-7 5.21069E-6 7.71903E-6 7.18022E-7 3.30695E-7 3.20114E-4 1.4355E-2 3.41667E-2 8.49686E-2 5.58594E-2 1.81237E-2 4.68231E-2 7.07874E-2 2.16702E-1 3.31151E-1 4.26856E-1 3.86323E-1 3.75931E-1 4.56729E-1 4.47933E-1 4.1017E-1 4.02588E-1 3.98305E-1 3.45692E-1 2.07329E-1 1.16067E-1 9.73571E-2 6.91723E-2 7.45259E-2 9.61162E-2 1.25594E-1 9.43732E-2 1.28815E-2 8.01588E-6 3.61687E-11 2.49554E-9 1.94543E-6 2.53399E-5 3.6104E-5 1.02251E-7 1.21027E-9 8.42156E-8 7.85843E-11 4.98111E-14 1.10019E-15 6.3962E-17 8.60698E-17 2.21598E-14 6.00259E-13 6.07936E-15 2.97844E-17 1.55797E-15 2.77566E-18 2.44616E-16 1.0157E-17 7.43198E-15 1.38273E-19 4.32985E-21 3.08676E-17 9.37567E-15 -9999
3.4125E-10 2.59137E-11 1.45579E-10 6.92062E-11 2.54771E-8 1.98775E-6 1.4112E-5 1.87775E-5 7.993E-6 2.83679E-5 2.71743E-5 4.60781E-7 2.1554E-5 4.32866E-5 4.51782E-3 3.70289E-2 8.75934E-2 9.26734E-2 1.48617E-1 1.8762E-1 2.10845E-1 2.1491E-1 2.90617E-1 4.20814E-1 4.92836E-1 4.88156E-1 4.72634E-1 4.7989E-1 4.62012E-1 4.34965E-1 4.36669E-1 4.11725E-1 3.89982E-1 3.62638E-1 2.61554E-1 2.17291E-1 1.8053E-1 1.17334E-1 7.15408E-2 9.62295E-2 1.12509E-1 6.65389E-2 1.01223E-2 1.68366E-6 1.36385E-5 1.68685E-7 4.26399E-8 2.31535E-6 7.96466E-9 2.62174E-6 4.70019E-5 6.96044E-7 1.14103E-11 2.15436E-11 1.6796E-12 2.15782E-17 2.49424E-17 2.81807E-13 2.71633E-17 1.25212E-15 1.21155E-16 1.40324E-16 4.22963E-17 1.24186E-16 1.16023E-16 3.42091E-16 8.44261E-19 1.46713E-19 8.79815E-18 -9999
2.5779E-9 1.98987E-9 3.27679E-9 1.67209E-7 2.98917E-6 1.17317E-5 2.0617E-5 1.38898E-5 2.68986E-5 2.85928E-5 2.29291E-6 2.29627E-7 2.68217E-5 8.70839E-4 1.55596E-2 3.55963E-2 4.43855E-2 1.32448E-1 2.1207E-1 2.6709E-1 2.52234E-1 3.33284E-1 3.86882E-1 4.14291E-1 4.34273E-1 4.51884E-1 4.79124E-1 4.57412E-1 4.59422E-1 4.66882E-1 4.56211E-1 4.65614E-1 4.83786E-1 4.37814E-1 3.80812E-1 3.62198E-1 3.28643E-1 1.79013E-1 8.4137E-2 7.53557E-2 1.52961E-1 1.5348E-1 1.08472E-1 2.34588E-2 6.25574E-3 2.93343E-4 3.60938E-4 1.76316E-4 1.62435E-6 5.46682E-7 2.95858E-5 1.42052E-7 1.1796E-8 5.97615E-9 1.52957E-13 6.7472E-15 1.00572E-17 2.47886E-16 4.18149E-15 3.54776E-15 9.59962E-15 2.26905E-15 1.0729E-15 8.51935E-17 4.06034E-17 4.80087E-18 5.86332E-16 2.52731E-15 1.74291E-17 5.18206E-14
4.70352E-8 2.70287E-8 1.75418E-7 2.13573E-6 9.16058E-6 1.4233E-5 4.98589E-6 3.55342E-6 2.00954E-5 1.12374E-5 1.24443E-6 3.60453E-6 1.85916E-5 1.5724E-4 1.62948E-3 2.65143E-2 1.02295E-1 2.09637E-1 2.83091E-1 3.29062E-1 3.60263E-1 4.0017E-1 4.05136E-1 2.99145E-1 3.0036E-1 4.22456E-1 4.88979E-1 4.85754E-1 4.83354E-1 4.66124E-1 4.6916E-1 4.71989E-1 4.73344E-1 4.49148E-1 4.38475E-1 4.27944E-1 3.99351E-1 2.98558E-1 1.78813E-1 1.10753E-1 1.35698E-1 1.24096E-1 6.58075E-2 3.84171E-2 4.30336E-3 2.3685E-3 5.39136E-4 5.3607E-5 4.74578E-5 5.18621E-5 1.60069E-5 4.13208E-6 1.30664E-8 4.79868E-10 1.48169E-8 6.29251E-13 2.46382E-15 7.86122E-18 2.94424E-17 6.85501E-16 2.3497E-16 2.09675E-15 2.46329E-16 1.4703E-17 2.36412E-19 1.96677E-17 6.08419E-20 5.6234E-16 7.11468E-13 1.57591E-15
6.47049E-8 2.10007E-7 1.32225E-6 5.90752E-6 1.13337E-5 6.83652E-6 7.8353E-6 2.7293E-5 8.65097E-6 2.51348E-6 9.95208E-6 5.30282E-5 6.44404E-4 3.51204E-3 1.62883E-2 3.23972E-2 1.44163E-1 2.54318E-1 3.13933E-1 3.46096E-1 3.74691E-1 4.05127E-1 3.82898E-1 4.48365E-1 4.74999E-1 4.77154E-1 4.7364E-1 4.65196E-1 4.56735E-1 4.34559E-1 4.33747E-1 4.32558E-1 4.24659E-1 4.50677E-1 4.75761E-1 5.01412E-1 4.86905E-1 4.29688E-1 3.39536E-1 2.46103E-1 1.78623E-1 1.20994E-1 4.72708E-2 8.27804E-3 7.83703E-4 1.73085E-4 9.68031E-6 1.26159E-5 3.24055E-6 5.11979E-8 1.37388E-7 1.14433E-7 1.99118E-7 1.13427E-7 1.01745E-8 1.13219E-11 2.14352E-14 1.51239E-14 2.57965E-17 2.30518E-17 2.6782E-16 9.16399E-15 2.23732E-16 1.96502E-17 2.87118E-17 4.13901E-16 3.80819E-18 2.52468E-17 3.23937E-16 2.32236E-13
1.53544E-6 5.23197E-6 1.19156E-5 1.20365E-5 1.84348E-5 2.28574E-5 3.69438E-5 2.51155E-5 2.19286E-6 1.33947E-5 1.76269E-5 2.30655E-4 7.27317E-5 1.86378E-4 7.87769E-5 3.89716E-3 5.30296E-2 1.81173E-1 3.08384E-1 3.41453E-1 3.68296E-1 3.89988E-1 3.98437E-1 4.34999E-1 4.5572E-1 4.61758E-1 4.20464E-1 4.48254E-1 4.24329E-1 3.87496E-1 3.65204E-1 3.47069E-1 3.48191E-1 3.81414E-1 4.3004E-1 5.23035E-1 5.46175E-1 5.30488E-1 4.75572E-1 4.21725E-1 3.50057E-1 2.43003E-1 1.15294E-1 3.42439E-2 6.64739E-3 7.81986E-4 1.42599E-5 2.18815E-7 2.73263E-6 1.58605E-7 2.1565E-8 1.49576E-9 6.03384E-10 2.66998E-8 2.24833E-9 9.53734E-11 6.6384E-11 6.32703E-15 7.02237E-15 6.16307E-14 9.25341E-17 2.57965E-17 1.9607E-16 1.08697E-16 7.86362E-17 4.33045E-16 4.40853E-15 1.72724E-14 1.5057E-18 2.11366E-13
1.73099E-5 1.45091E-5 1.08637E-5 2.64194E-5 3.76203E-5 4.10622E-5 3.83301E-5 1.91152E-5 4.33016E-5 2.34377E-4 6.14457E-5 1.71456E-4 1.60144E-5 2.10028E-5 3.96282E-4 8.54781E-3 5.01349E-2 8.89523E-2 2.86532E-1 3.35958E-1 3.50073E-1 3.71585E-1 3.88653E-1 4.10689E-1 4.36248E-1 4.44731E-1 4.40546E-1 3.49646E-1 2.99208E-1 2.86019E-1 3.75783E-1 4.29749E-1 4.75575E-1 4.88979E-1 5.22961E-1 5.53332E-1 5.68916E-1 5.69937E-1 5.65353E-1 5.45515E-1 5.14149E-1 4.35925E-1 3.12067E-1 2.65434E-1 1.19147E-1 2.90767E-2 2.56595E-3 2.4388E-5 2.28875E-7 1.36518E-8 9.75307E-10 2.7154E-12 1.29355E-14 6.24368E-11 8.58459E-9 5.25451E-11 5.63565E-12 2.34168E-10 3.74488E-11 4.28861E-13 7.78996E-17 2.35314E-16 3.29791E-17 9.04828E-18 1.69203E-17 1.20896E-17 2.14857E-17 1.25298E-14 2.56466E-17 6.31406E-16
3.38462E-5 5.77639E-6 2.15255E-5 4.46679E-5 4.64229E-5 2.93183E-5 2.96256E-5 3.76065E-5 8.84901E-5 7.90349E-4 5.12803E-4 1.39852E-4 2.55324E-4 2.04178E-3 5.10243E-3 4.41138E-2 1.6311E-1 2.40357E-1 2.93493E-1 3.17057E-1 3.32468E-1 3.2917E-1 3.31823E-1 3.72601E-1 3.97338E-1 4.14203E-1 4.24999E-1 4.23983E-1 3.89036E-1 4.52968E-1 4.94702E-1 4.94452E-1 4.87406E-1 4.75727E-1 4.95962E-1 5.23051E-1 5.50765E-1 5.68122E-1 5.75724E-1 5.77184E-1 5.6846E-1 5.50575E-1 4.94298E-1 5.06618E-1 4.09832E-1 2.16091E-1 7.55667E-2 1.52056E-2 7.03328E-4 4.86177E-6 1.00821E-7 7.58168E-13 3.75865E-17 2.99792E-11 9.44512E-11 1.40875E-8 2.8039E-10 7.68908E-11 7.33744E-10 7.96619E-11 8.17282E-16 3.47073E-14 2.8996E-15 1.40594E-13 1.5294E-16 3.03501E-18 1.86509E-17 -9999 -9999 2.39082E-18
2.13483E-5 4.6852E-5 3.99114E-5 2.65766E-5 1.57832E-5 1.70962E-5 1.86364E-5 1.20133E-5 4.13919E-5 4.36166E-4 4.25621E-3 2.72669E-3 7.77439E-3 3.04222E-2 3.70203E-2 9.19192E-2 1.9469E-1 2.63796E-1 2.79838E-1 2.97901E-1 3.07251E-1 3.1602E-1 3.18791E-1 3.43839E-1 3.55566E-1 3.70287E-1 3.86333E-1 4.10312E-1 4.37265E-1 4.62456E-1 4.8273E-1 4.83235E-1 4.73462E-1 4.67688E-1 4.7232E-1 4.95958E-1 5.16388E-1 5.44212E-1 5.60625E-1 5.67772E-1 5.75724E-1 5.70529E-1 5.564E-1 5.46366E-1 5.13103E-1 4.19015E-1 2.92754E-1 1.28457E-1 2.59588E-2 1.05889E-3 3.65802E-6 1.04296E-9 1.11874E-18 1.26731E-21 1.15265E-10 1.11125E-8 4.83518E-9 5.57808E-11 4.48416E-10 1.51234E-8 5.18378E-13 1.71515E-14 1.65646E-17 3.03689E-14 5.25574E-12 1.07019E-14 1.02384E-16 -9999 -9999 -9999
5.55728E-5 3.41871E-5 1.69468E-5 1.2079E-5 1.40103E-5 3.47931E-5 3.37516E-5 8.55706E-5 2.14317E-4 1.11434E-4 6.96084E-3 2.04365E-2 3.57815E-2 6.94155E-2 1.25424E-1 1.42131E-1 2.31257E-1 2.56299E-1 2.6964E-1 2.78205E-1 2.91966E-1 2.96191E-1 2.98861E-1 3.04741E-1 3.14993E-1 3.26918E-1 3.42155E-1 3.63865E-1 3.9467E-1 4.25489E-1 4.57067E-1 4.67861E-1 4.68855E-1 4.50699E-1 4.45628E-1 4.62997E-1 4.78438E-1 5.05012E-1 5.32668E-1 5.54199E-1 5.73525E-1 5.7126E-1 5.62632E-1 5.57064E-1 5.37878E-1 5.04938E-1 4.22066E-1 2.7252E-1 1.11906E-1 2.25572E-2 3.42655E-4 2.35703E-7 2.27232E-11 6.58065E-20 2.07204E-24 9.33365E-18 6.8252E-11 9.35748E-9 3.00712E-9 2.38448E-8 1.3524E-9 1.84996E-14 3.99123E-17 2.77172E-14 8.31043E-12 2.15552E-11 1.97225E-12 2.69661E-10 -9999 -9999
3.76065E-5 9.46163E-5 4.50044E-5 3.54061E-5 4.87331E-5 7.65065E-5 1.65357E-4 2.40966E-4 6.59432E-4 5.20754E-4 2.60963E-3 2.91681E-2 6.1162E-2 6.53885E-2 9.2262E-2 4.87798E-2 2.08845E-1 2.41366E-1 2.5649E-1 2.66765E-1 2.73062E-1 2.6964E-1 2.6964E-1 2.7135E-1 2.7231E-1 2.86799E-1 3.0231E-1 3.16699E-1 3.48878E-1 3.88294E-1 4.17208E-1 4.30435E-1 4.32547E-1 4.20301E-1 4.235E-1 4.2629E-1 4.49784E-1 4.74999E-1 5.10042E-1 5.47722E-1 5.743E-1 5.7724E-1 5.69345E-1 5.57064E-1 5.34285E-1 5.13882E-1 4.66765E-1 3.79798E-1 2.42743E-1 1.0801E-1 5.30311E-3 7.77389E-6 3.13958E-10 2.63314E-11 2.67685E-17 1.1865E-15 1.8817E-12 1.20792E-10 1.16763E-9 4.16919E-9 4.88134E-9 3.05691E-12 2.80211E-14 3.26672E-15 5.14724E-13 3.46637E-14 1.13775E-14 1.3897E-9 -9999 -9999
3.60435E-4 1.00571E-4 1.37018E-4 1.31156E-4 1.95449E-4 2.18933E-4 3.6542E-4 6.09837E-4 1.33072E-3 1.26832E-3 4.22198E-3 5.56263E-3 4.85361E-2 6.0651E-2 3.40379E-2 1.58836E-2 1.8634E-1 2.34036E-1 2.39565E-1 2.49687E-1 2.49687E-1 2.45906E-1 2.24354E-1 2.27632E-1 2.35889E-1 2.50954E-1 2.61115E-1 2.78205E-1 3.09869E-1 3.43839E-1 3.76748E-1 3.98153E-1 4.00203E-1 3.94151E-1 3.88476E-1 4.09145E-1 4.26506E-1 4.5372E-1 4.91155E-1 5.34295E-1 5.69339E-1 5.82962E-1 5.6806E-1 5.48937E-1 5.19992E-1 4.94862E-1 4.83547E-1 4.39909E-1 3.51842E-1 2.52544E-1 6.4957E-2 1.92937E-4 1.14695E-9 1.99726E-9 3.06489E-8 3.81581E-10 1.69568E-10 4.71946E-8 1.01238E-8 5.14871E-8 3.64549E-9 3.95632E-10 4.81517E-13 6.30988E-13 1.15281E-13 1.29743E-12 1.37341E-9 8.11914E-9 -9999 -9999
3.09272E-4 2.22664E-4 2.60525E-4 3.39163E-4 3.62191E-4 4.46293E-4 6.42639E-4 9.65026E-4 2.23346E-3 2.6553E-3 3.27705E-3 9.02864E-3 2.89693E-2 4.6833E-2 5.75122E-3 4.00002E-3 1.35009E-1 2.15435E-1 2.33038E-1 2.33051E-1 2.2637E-1 2.19765E-1 2.03573E-1 2.03573E-1 2.11572E-1 2.22961E-1 2.39565E-1 2.53083E-1 2.74775E-1 3.12653E-1 3.43839E-1 3.71908E-1 3.91074E-1 3.85752E-1 3.83397E-1 3.91099E-1 4.01705E-1 4.30729E-1 4.72588E-1 5.23511E-1 5.6631E-1 5.88257E-1 5.73423E-1 5.51601E-1 5.27469E-1 5.04862E-1 5.09155E-1 4.85771E-1 4.41215E-1 3.66978E-1 2.13374E-1 5.05122E-2 2.60188E-3 4.33205E-4 3.2925E-5 7.57329E-5 3.99244E-6 5.87162E-7 2.97049E-8 1.13798E-9 3.91333E-9 6.15795E-9 1.05982E-7 4.46366E-7 6.01588E-8 3.86203E-8 7.3448E-8 4.89563E-13 2.61492E-15 -9999
3.27878E-4 1.92761E-4 1.51766E-4 2.20778E-4 3.57345E-4 3.88554E-4 8.78538E-4 1.2511E-3 1.71452E-3 1.27887E-3 2.37051E-3 1.52606E-2 4.77865E-2 2.28795E-2 8.06177E-3 1.30775E-2 8.16713E-2 2.11007E-1 2.23059E-1 2.1641E-1 2.14546E-1 2.0963E-1 1.97044E-1 1.93889E-1 1.97044E-1 2.01968E-1 2.13228E-1 2.2637E-1 2.5166E-1 2.77106E-1 3.17819E-1 3.63737E-1 3.89894E-1 4.06606E-1 4.04251E-1 3.93534E-1 3.85752E-1 4.10276E-1 4.50168E-1 4.96933E-1 5.43985E-1 5.70174E-1 5.69721E-1 5.65049E-1 5.51458E-1 5.50322E-1 5.44999E-1 5.26685E-1 4.89192E-1 4.45041E-1 3.87782E-1 2.63812E-1 8.09944E-2 3.05678E-2 5.81842E-3 1.74972E-3 2.51138E-4 1.80217E-6 1.24584E-7 4.36746E-7 2.02935E-6 6.65543E-6 2.20971E-7 5.90759E-10 2.77736E-10 3.77861E-9 7.92347E-13 5.84559E-13 4.88923E-15 -9999
2.50124E-4 2.21487E-4 1.9921E-4 2.38115E-4 3.79333E-4 5.42256E-4 4.05646E-4 6.59432E-4 9.75195E-4 1.93347E-3 6.67641E-3 2.60693E-2 2.30917E-2 1.0625E-2 1.1265E-2 2.28536E-2 5.25922E-2 1.98707E-1 2.14616E-1 2.10889E-1 2.09249E-1 1.99514E-1 1.91998E-1 1.88864E-1 1.81132E-1 1.84207E-1 1.87645E-1 1.97044E-1 2.18055E-1 2.5166E-1 2.98521E-1 3.60007E-1 4.09172E-1 4.33612E-1 4.22494E-1 3.95779E-1 3.78355E-1 3.92646E-1 4.2757E-1 4.60759E-1 5.03468E-1 5.26759E-1 5.41814E-1 5.48984E-1 5.53704E-1 5.55553E-1 5.64917E-1 5.63283E-1 5.38772E-1 5.15064E-1 5.24605E-1 4.57014E-1 3.09882E-1 1.00867E-1 5.51543E-2 7.06426E-3 4.75546E-4 1.42894E-5 8.1312E-5 5.17257E-5 7.11963E-7 9.21216E-8 4.86896E-7 4.07823E-7 1.55126E-7 1.18823E-10 2.04875E-13 8.7225E-15 1.78477E-15 6.81583E-15
1.68811E-4 7.99047E-5 1.38072E-4 2.70984E-4 3.98842E-4 3.85769E-4 8.35147E-4 1.88919E-3 2.30984E-3 2.06029E-3 1.04992E-2 2.46771E-2 1.06128E-2 1.21195E-2 1.36291E-2 5.42723E-2 7.90571E-2 1.96446E-1 2.07508E-1 2.05983E-1 2.00581E-1 1.98966E-1 1.92565E-1 1.77591E-1 1.74557E-1 1.71549E-1 1.67607E-1 1.72057E-1 1.87306E-1 2.24679E-1 2.77851E-1 3.52541E-1 4.2956E-1 4.57507E-1 4.27623E-1 3.9149E-1 3.75361E-1 3.78616E-1 3.97338E-1 4.30484E-1 4.52851E-1 4.78353E-1 4.9336E-1 5.30738E-1 5.60271E-1 5.64664E-1 5.67734E-1 5.77314E-1 5.74657E-1 5.69985E-1 5.57768E-1 4.97533E-1 3.85033E-1 2.82955E-1 1.52316E-1 4.85242E-2 2.36916E-3 1.37051E-4 4.21108E-5 3.80966E-6 7.98574E-6 1.79955E-7 8.60423E-7 5.20271E-7 3.86462E-6 3.41199E-7 6.41346E-11 6.23191E-14 3.88716E-10 4.19232E-11
1.72899E-4 2.74173E-5 2.38139E-4 1.37964E-3 4.30239E-3 3.59346E-3 2.52704E-3 3.58876E-3 7.58317E-3 1.0346E-2 2.05218E-2 1.37599E-2 1.06938E-2 9.97132E-3 3.11921E-2 5.22476E-2 5.29298E-2 1.70061E-1 2.00879E-1 2.00581E-1 1.94259E-1 1.91873E-1 1.82427E-1 1.7243E-1 1.64978E-1 1.5914E-1 1.53416E-1 1.50597E-1 1.61232E-1 1.96742E-1 2.483E-1 3.27167E-1 4.38918E-1 4.60946E-1 4.1251E-1 3.75362E-1 3.58711E-1 3.58894E-1 3.73728E-1 3.96253E-1 4.09659E-1 4.29317E-1 4.73451E-1 5.36686E-1 5.65138E-1 5.63059E-1 5.65534E-1 5.77896E-1 5.83116E-1 5.82011E-1 5.61345E-1 5.08578E-1 4.57794E-1 3.87192E-1 3.21388E-1 1.52143E-1 2.25572E-2 1.38864E-4 6.04847E-6 4.41956E-6 2.50643E-7 3.19786E-7 2.02555E-7 1.46113E-7 2.38974E-7 4.45979E-7 8.07396E-8 1.87602E-9 2.68699E-10 1.94414E-14
2.62487E-4 3.6132E-4 1.76874E-3 1.58884E-3 2.99301E-3 8.61504E-3 8.52422E-3 8.96978E-3 1.10177E-2 1.18134E-2 1.29139E-2 1.51376E-2 1.84196E-2 2.54661E-2 5.24586E-2 7.21213E-2 3.08844E-2 1.81086E-1 1.98946E-1 1.90979E-1 1.83776E-1 1.80039E-1 1.73886E-1 1.67841E-1 1.59839E-1 1.52659E-1 1.47047E-1 1.40202E-1 1.45048E-1 1.87826E-1 2.25869E-1 2.92128E-1 3.697E-1 3.89226E-1 3.55978E-1 3.34339E-1 3.32613E-1 3.3839E-1 3.46895E-1 3.58894E-1 3.72093E-1 3.94215E-1 4.50168E-1 5.15817E-1 5.40534E-1 5.45637E-1 5.49747E-1 5.69445E-1 5.86848E-1 5.90293E-1 5.78458E-1 5.55151E-1 5.55318E-1 4.95234E-1 4.11999E-1 3.02776E-1 1.24871E-1 3.20071E-3 4.27439E-7 4.18416E-8 1.72005E-8 1.27551E-8 2.03977E-10 1.24244E-9 1.91935E-10 3.35004E-9 3.15043E-8 9.03861E-8 4.63958E-10 1.21278E-11
4.63489E-4 6.57227E-5 3.42661E-5 2.86807E-4 1.61521E-3 2.63119E-3 3.27935E-3 4.03839E-3 5.6436E-3 1.17264E-2 1.99734E-2 2.87773E-2 3.43934E-2 5.03158E-2 7.80196E-2 1.0187E-1 9.26828E-2 1.90281E-1 1.95051E-1 1.87122E-1 1.71407E-1 1.66882E-1 1.60946E-1 1.62419E-1 1.56571E-1 1.53691E-1 1.48979E-1 1.43427E-1 1.56088E-1 1.76256E-1 2.12032E-1 2.5157E-1 2.95675E-1 3.09544E-1 3.06015E-1 2.9677E-1 3.02024E-1 3.14283E-1 3.32613E-1 3.45198E-1 3.53661E-1 3.68811E-1 4.38713E-1 4.92286E-1 5.14825E-1 5.27216E-1 5.29097E-1 5.49538E-1 5.84704E-1 5.98136E-1 5.89802E-1 5.86784E-1 5.90827E-1 5.72904E-1 5.06335E-1 4.23307E-1 2.56314E-1 6.49079E-2 4.02163E-4 3.07955E-9 2.71494E-13 5.52191E-13 2.23105E-14 5.99275E-15 1.7526E-14 1.54387E-12 2.40796E-10 8.86149E-9 1.29518E-8 1.89845E-9
5.00005E-4 1.90983E-4 1.9222E-5 3.11331E-5 6.14793E-4 3.0451E-3 6.32273E-3 9.28132E-3 1.67651E-2 3.24782E-2 4.13627E-2 4.50234E-2 4.85601E-2 5.22476E-2 6.33565E-2 7.70942E-2 8.13115E-2 1.79892E-1 1.96512E-1 1.77789E-1 1.6432E-1 1.56958E-1 1.55508E-1 1.55508E-1 1.56958E-1 1.59881E-1 1.55508E-1 1.49427E-1 1.57532E-1 1.7085E-1 1.9507E-1 2.18687E-1 2.47745E-1 2.60301E-1 2.58696E-1 2.55229E-1 2.62152E-1 2.84532E-1 3.16033E-1 3.48086E-1 3.60007E-1 3.68738E-1 4.25489E-1 4.86925E-1 5.13419E-1 5.10163E-1 4.85695E-1 5.05728E-1 5.68273E-1 5.97796E-1 6.04164E-1 5.99884E-1 6.02908E-1 5.87982E-1 5.56596E-1 4.95271E-1 2.87732E-1 1.23941E-1 1.98334E-2 1.18414E-4 1.35816E-8 2.00568E-11 4.16447E-11 1.54043E-14 7.96674E-19 1.96428E-15 3.92081E-11 9.26301E-9 1.85471E-8 2.84222E-7
1.57483E-3 7.13498E-3 9.74402E-3 3.15548E-3 1.4496E-3 4.47367E-3 1.43376E-2 2.45637E-2 3.03314E-2 5.04044E-2 7.34196E-2 6.58581E-2 6.6996E-2 5.46287E-2 4.38494E-2 8.77597E-2 5.17319E-2 2.04976E-1 1.98595E-1 1.6432E-1 1.48628E-1 1.50046E-1 1.48628E-1 1.50046E-1 1.60183E-1 1.64639E-1 1.61661E-1 1.58416E-1 1.58022E-1 1.65387E-1 1.80039E-1 1.99109E-1 2.14722E-1 2.25417E-1 2.29246E-1 2.3264E-1 2.3972E-1 2.63888E-1 2.98958E-1 3.28266E-1 3.38709E-1 3.58311E-1 4.24969E-1 4.87206E-1 5.16499E-1 5.18661E-1 4.75659E-1 4.87206E-1 5.56164E-1 5.87264E-1 6.01238E-1 6.08973E-1 5.99253E-1 6.04217E-1 5.38353E-1 4.72416E-1 3.67975E-1 2.31375E-1 1.02357E-1 2.05615E-2 5.74131E-5 1.04628E-6 1.73968E-8 1.07153E-10 2.9288E-12 2.37951E-15 3.20842E-12 6.71516E-8 2.42159E-5 7.08515E-6
8.82654E-3 8.48643E-2 1.24545E-1 1.59015E-1 6.99101E-2 1.03427E-2 1.59766E-2 6.90377E-2 1.01112E-1 1.11094E-1 1.1229E-1 9.21833E-2 8.36254E-2 3.83534E-2 7.64099E-2 1.26069E-1 7.93316E-2 2.21724E-1 1.95754E-1 1.58712E-1 1.44573E-1 1.47378E-1 1.47218E-1 1.45816E-1 1.55981E-1 1.6187E-1 1.5891E-1 1.50046E-1 1.52904E-1 1.5263E-1 1.67315E-1 1.80644E-1 1.99813E-1 2.0401E-1 2.08086E-1 2.13688E-1 2.30941E-1 2.53485E-1 2.88584E-1 3.11308E-1 3.20125E-1 3.48179E-1 4.07688E-1 4.76257E-1 5.05676E-1 5.14916E-1 5.03299E-1 5.4002E-1 5.61164E-1 5.75106E-1 5.86064E-1 6.05084E-1 5.96536E-1 5.89742E-1 6.02623E-1 5.54164E-1 4.77674E-1 3.69701E-1 2.40611E-1 1.13448E-1 6.07045E-3 5.4818E-4 8.25361E-4 1.12505E-4 3.45696E-8 2.28043E-7 1.58273E-9 6.77833E-8 1.88393E-8 8.01934E-8
3.02908E-2 1.42874E-1 2.0473E-1 2.26542E-1 2.26257E-1 1.01397E-1 6.94856E-2 1.02305E-1 1.22155E-1 6.55151E-2 6.46845E-2 5.61099E-2 6.11973E-2 1.2404E-1 1.25453E-1 8.55484E-2 1.82943E-1 2.36395E-1 2.02045E-1 1.7106E-1 1.57442E-1 1.48793E-1 1.45971E-1 1.44573E-1 1.48793E-1 1.47378E-1 1.44573E-1 1.43182E-1 1.40286E-1 1.47218E-1 1.57249E-1 1.72212E-1 1.81141E-1 1.93325E-1 1.97487E-1 2.01533E-1 2.20363E-1 2.46367E-1 2.74399E-1 2.93901E-1 3.0633E-1 3.27634E-1 3.7062E-1 4.26593E-1 4.69891E-1 4.90321E-1 4.98418E-1 5.27526E-1 5.46788E-1 5.39981E-1 5.51443E-1 5.72132E-1 5.86814E-1 6.00002E-1 6.09221E-1 6.00765E-1 5.59729E-1 4.6851E-1 3.43202E-1 1.95452E-1 5.30723E-2 1.11812E-2 8.58527E-3 1.46972E-2 4.47035E-3 2.47934E-5 1.43993E-10 8.6649E-10 1.89984E-7 6.43626E-9
1.41587E-1 1.66268E-1 1.81594E-1 1.80399E-1 2.00581E-1 2.11572E-1 1.51044E-1 1.10572E-1 1.02286E-1 9.45636E-2 1.02687E-1 1.17624E-1 1.72262E-1 1.7236E-1 1.85448E-1 1.26721E-1 2.68915E-1 2.4578E-1 2.23215E-1 1.96505E-1 1.7106E-1 1.50215E-1 1.41799E-1 1.39057E-1 1.35004E-1 1.39057E-1 1.37698E-1 1.35004E-1 1.33669E-1 1.39057E-1 1.50215E-1 1.6336E-1 1.78665E-1 1.89478E-1 1.97129E-1 2.03091E-1 2.19003E-1 2.33366E-1 2.46005E-1 2.63537E-1 2.70862E-1 2.95749E-1 3.33271E-1 3.81707E-1 4.23098E-1 4.52579E-1 4.76858E-1 5.04379E-1 5.15281E-1 5.01882E-1 4.80964E-1 4.79602E-1 5.63558E-1 5.95941E-1 6.03895E-1 6.02756E-1 5.9964E-1 5.25376E-1 4.01283E-1 2.89669E-1 1.74165E-1 7.31125E-2 4.34839E-2 6.0705E-2 6.14281E-2 2.96209E-3 2.73342E-6 3.02552E-8 3.98019E-8 9.90391E-9
1.27519E-1 1.40304E-1 1.32899E-1 1.3868E-1 1.53182E-1 1.86279E-1 1.8742E-1 1.4597E-1 1.34763E-1 1.38161E-1 1.65084E-1 1.49662E-1 1.73346E-1 2.11198E-1 2.0202E-1 2.08863E-1 2.69666E-1 2.66324E-1 2.48224E-1 2.21799E-1 1.88371E-1 1.53083E-1 1.36385E-1 1.32371E-1 1.32343E-1 1.32343E-1 1.28412E-1 1.2843E-1 1.2843E-1 1.36385E-1 1.51725E-1 1.66486E-1 1.78825E-1 1.91605E-1 2.01225E-1 2.004E-1 2.07012E-1 2.06393E-1 2.12288E-1 2.26524E-1 2.4201E-1 2.63104E-1 3.01045E-1 3.44154E-1 3.82404E-1 4.14368E-1 4.5085E-1 4.82765E-1 5.03898E-1 4.98772E-1 4.81389E-1 4.97474E-1 5.78209E-1 5.90184E-1 5.48671E-1 5.57086E-1 6.0819E-1 5.70505E-1 4.49452E-1 3.64659E-1 2.96387E-1 1.85867E-1 1.38443E-1 1.24871E-1 8.82988E-2 2.17977E-2 1.62991E-3 1.62054E-5 2.30345E-6 3.96982E-7
