KUENM/Final_Models/M_0.1_F_lq_Set_2_E/sp1_se_asia_min.asc
ncols         320
nrows         243
xllcorner     44.0
yllcorner     -0.666666666666667
cellsize      0.166666666666667
NODATA_value  -9999
[rows 0 to 30 of 243, columns 0 to 69 of 320]
-9999 -9999 -9999 5.44771E-8 -9999 -9999 -9999 -9999 -9999 -9999 -9999 -9999 -9999 -9999 -9999 -9999 -9999 -9999 -9999 -9999 -9999 -9999 -9999 -9999 -9999 -9999 -9999 -9999 -9999 -9999 -9999 -9999 -9999 -9999 -9999 -9999 -9999 -9999 -9999 -9999 -9999 -9999 -9999 -9999 -9999 -9999 -9999 -9999 -9999 -9999 -9999 -9999 -9999 -9999 -9999 -9999 -9999 -9999 -9999 -9999 -9999 -9999 -9999 -9999 -9999 -9999 -9999 -9999 -9999 -9999
-9999 -9999 -9999 4.64789E-10 8.4987E-8 -9999 -9999 -9999 -9999 -9999 -9999 -9999 -9999 -9999 -9999 -9999 -9999 -9999 -9999 -9999 -9999 -9999 3.38965E-7 1.42825E-7 1.78885E-7 -9999 -9999 -9999 -9999 -9999 -9999 -9999 -9999 -9999 -9999 -9999 -9999 -9999 -9999 -9999 -9999 -9999 -9999 -9999 -9999 -9999 -9999 -9999 -9999 -9999 -9999 -9999 -9999 -9999 -9999 -9999 -9999 -9999 -9999 -9999 -9999 -9999 -9999 -9999 -9999 -9999 -9999 -9999 -9999 -9999
-9999 -9999 1.11443E-10 1.12309E-10 9.60459E-10 2.28182E-7 -9999 -9999 -9999 -9999 -9999 -9999 -9999 -9999 -9999 -9999 -9999 -9999 -9999 -9999 1.52907E-6 5.80685E-7 3.21278E-7 2.1996E-7 2.73279E-7 6.41563E-7 -9999 -9999 -9999 -9999 -9999 -9999 -9999 -9999 -9999 -9999 -9999 -9999 -9999 -9999 -9999 -9999 -9999 -9999 -9999 -9999 -9999 -9999 -9999 -9999 -9999 -9999 -9999 -9999 -9999 -9999 -9999 -9999 -9999 -9999 -9999 -9999 -9999 -9999 -9999 -9999 -9999 -9999 -9999 -9999
3.0444E-16 4.50116E-15 1.83244E-13 7.30229E-11 5.74641E-8 1.9264E-7 5.20838E-7 -9999 -9999 -9999 -9999 -9999 -9999 -9999 -9999 -9999 -9999 -9999 3.83378E-6 1.06561E-6 6.19621E-7 4.27152E-7 1.01309E-7 1.30301E-7 3.24764E-7 -9999 -9999 -9999 -9999 -9999 -9999 -9999 -9999 -9999 -9999 -9999 -9999 -9999 -9999 -9999 -9999 -9999 -9999 -9999 -9999 -9999 -9999 -9999 -9999 -9999 -9999 -9999 -9999 -9999 -9999 -9999 -9999 -9999 -9999 -9999 -9999 -9999 -9999 -9999 -9999 -9999 -9999 -9999 -9999 -9999
-9999 3.04722E-17 2.49684E-13 1.77643E-13 2.70071E-12 5.77994E-9 8.9619E-8 1.41379E-7 -9999 -9999 -9999 -9999 -9999 -9999 -9999 -9999 -9999 8.02681E-7 9.01496E-8 9.25911E-8 1.83733E-7 2.93151E-7 5.31272E-8 6.94846E-8 1.42135E-7 3.59321E-7 -9999 -9999 -9999 -9999 -9999 -9999 -9999 -9999 -9999 -9999 -9999 -9999 -9999 -9999 -9999 -9999 -9999 -9999 -9999 -9999 -9999 -9999 -9999 -9999 -9999 -9999 -9999 -9999 -9999 -9999 -9999 -9999 -9999 -9999 -9999 -9999 -9999 -9999 -9999 -9999 -9999 -9999 -9999 -9999
-9999 1.51993E-16 1.29076E-15 5.7243E-15 4.72053E-12 8.02497E-10 2.66838E-8 4.23683E-9 2.85972E-9 4.37318E-7 5.57333E-7 -9999 -9999 -9999 -9999 -9999 2.06603E-8 6.58611E-10 6.61576E-10 1.10684E-10 9.61622E-9 1.54361E-8 4.84815E-10 1.27109E-10 -9999 -9999 -9999 -9999 -9999 -9999 -9999 -9999 -9999 -9999 -9999 -9999 -9999 -9999 -9999 -9999 -9999 -9999 -9999 -9999 -9999 -9999 -9999 -9999 -9999 -9999 -9999 -9999 -9999 -9999 -9999 -9999 -9999 -9999 -9999 -9999 -9999 -9999 -9999 -9999 -9999 -9999 -9999 -9999 -9999 -9999
-9999 -9999 1.09749E-17 1.44592E-14 1.05712E-13 1.73034E-11 7.83503E-9 1.75637E-7 8.55335E-9 3.7647E-10 1.11756E-12 3.52698E-12 3.01328E-9 2.46926E-8 4.53836E-11 2.08234E-11 3.32E-13 4.19792E-14 1.60656E-11 5.23301E-12 4.31894E-9 3.45136E-9 1.98293E-10 3.31402E-10 3.05685E-12 -9999 -9999 -9999 -9999 -9999 -9999 -9999 -9999 -9999 -9999 -9999 -9999 -9999 -9999 -9999 -9999 -9999 -9999 -9999 -9999 -9999 -9999 -9999 -9999 -9999 -9999 -9999 -9999 -9999 -9999 -9999 -9999 -9999 -9999 -9999 -9999 -9999 -9999 -9999 -9999 -9999 -9999 -9999 -9999 -9999
-9999 -9999 2.17125E-17 2.94178E-17 8.93152E-12 1.58701E-8 5.36102E-8 1.00217E-7 1.31782E-8 5.8664E-9 1.26142E-9 3.66399E-14 6.26382E-15 1.35969E-10 1.08685E-11 4.91448E-12 2.85296E-12 6.3662E-12 8.14165E-12 5.2195E-11 3.15138E-9 4.51338E-8 1.10645E-8 4.12843E-9 1.70399E-10 1.04665E-11 6.36299E-13 -9999 -9999 -9999 -9999 -9999 -9999 -9999 -9999 -9999 -9999 -9999 -9999 -9999 -9999 -9999 -9999 -9999 -9999 -9999 -9999 -9999 -9999 -9999 -9999 -9999 -9999 -9999 -9999 -9999 -9999 -9999 -9999 -9999 -9999 -9999 -9999 -9999 -9999 -9999 -9999 -9999 -9999 -9999
-9999 -9999 1.04141E-15 1.37721E-15 5.81362E-12 9.87921E-9 7.52638E-10 1.09712E-11 5.84229E-10 4.66079E-10 1.54977E-9 3.95197E-10 5.50802E-12 3.56008E-13 1.94911E-14 3.62191E-13 3.36834E-12 6.24914E-11 6.32474E-11 2.26658E-10 5.91637E-9 6.01725E-9 2.58176E-11 2.0714E-13 2.88258E-11 8.54734E-11 5.36572E-11 -9999 6.78449E-7 -9999 -9999 -9999 -9999 -9999 -9999 -9999 -9999 -9999 -9999 -9999 -9999 -9999 -9999 -9999 -9999 -9999 -9999 -9999 -9999 -9999 -9999 -9999 -9999 -9999 -9999 -9999 -9999 -9999 -9999 -9999 -9999 -9999 -9999 -9999 -9999 -9999 -9999 -9999 -9999 -9999
-9999 -9999 4.48649E-17 5.82422E-14 2.50221E-10 3.07256E-9 6.73906E-9 1.49064E-8 2.46617E-9 3.87999E-12 6.67349E-12 3.87273E-9 2.53857E-9 1.30661E-9 4.29521E-11 7.19656E-11 3.38661E-11 4.33832E-10 3.87999E-12 2.94871E-14 8.53963E-15 9.4079E-16 2.10305E-20 2.3355E-19 5.04894E-12 1.29462E-10 2.57443E-10 1.7887E-10 3.36677E-8 -9999 -9999 -9999 -9999 -9999 -9999 -9999 -9999 -9999 -9999 -9999 -9999 -9999 -9999 -9999 -9999 -9999 -9999 -9999 -9999 -9999 -9999 -9999 -9999 -9999 -9999 -9999 -9999 -9999 -9999 -9999 -9999 -9999 -9999 -9999 -9999 -9999 -9999 -9999 -9999 -9999
-9999 -9999 3.3377E-16 2.07591E-12 1.27965E-11 1.16657E-10 1.51373E-9 2.58989E-8 3.70034E-8 2.92149E-8 2.87788E-8 3.56402E-8 2.87788E-8 9.80686E-9 6.31624E-10 3.8712E-10 4.06081E-10 4.03348E-10 2.47393E-10 2.38562E-11 4.85025E-13 8.09165E-14 2.15243E-15 4.17463E-13 3.292E-11 5.67734E-11 8.08352E-11 9.6663E-14 4.99048E-9 -9999 -9999 -9999 -9999 -9999 -9999 -9999 -9999 -9999 -9999 -9999 -9999 -9999 -9999 -9999 -9999 -9999 -9999 -9999 -9999 -9999 -9999 -9999 -9999 -9999 -9999 -9999 -9999 -9999 -9999 -9999 -9999 -9999 -9999 -9999 -9999 -9999 -9999 -9999 -9999 1.61616E-4
-9999 3.72876E-16 5.09165E-16 5.29063E-14 3.82098E-13 2.74898E-11 3.17029E-8 5.39676E-8 1.69873E-8 2.51655E-8 4.64502E-8 3.72793E-8 1.98495E-9 3.06752E-11 2.1998E-12 1.64197E-12 1.41716E-11 5.18824E-11 8.60615E-11 1.8563E-10 1.07576E-10 1.03856E-10 5.20149E-12 7.05077E-13 8.17713E-12 5.55178E-11 1.11208E-11 1.65754E-14 1.29606E-8 1.12705E-6 -9999 -9999 -9999 -9999 -9999 -9999 -9999 -9999 -9999 -9999 -9999 -9999 -9999 -9999 -9999 -9999 -9999 -9999 -9999 -9999 -9999 -9999 -9999 -9999 -9999 -9999 -9999 -9999 -9999 -9999 -9999 -9999 -9999 -9999 -9999 -9999 -9999 3.97277E-4 3.75125E-4 2.86659E-4
-9999 -9999 -9999 1.04788E-13 3.9973E-12 3.90399E-11 2.24338E-8 5.88799E-8 3.51891E-8 3.42352E-8 6.26067E-8 1.3157E-8 1.90226E-11 8.43442E-16 9.21875E-18 1.48098E-15 6.20634E-12 1.04665E-11 1.51534E-12 4.46902E-12 2.00132E-13 1.07805E-13 7.75279E-14 2.10418E-11 4.71468E-12 8.82267E-10 3.39147E-11 9.07025E-13 6.73706E-8 2.30238E-6 -9999 -9999 -9999 -9999 -9999 -9999 -9999 -9999 -9999 -9999 -9999 -9999 -9999 -9999 -9999 -9999 -9999 -9999 -9999 -9999 -9999 -9999 -9999 -9999 -9999 -9999 -9999 -9999 -9999 -9999 -9999 -9999 -9999 -9999 -9999 5.00509E-4 4.44227E-4 2.36158E-4 1.14595E-4 4.99591E-5
-9999 -9999 -9999 -9999 5.90723E-13 1.18563E-10 3.70675E-8 5.10128E-8 7.42178E-8 5.65903E-8 3.54294E-8 1.39916E-9 2.32947E-12 1.3761E-13 1.28877E-14 1.3093E-13 2.38562E-11 6.64154E-11 6.59615E-11 3.11873E-10 5.20883E-10 1.85412E-9 6.64247E-9 6.8492E-9 5.03458E-10 1.23769E-8 1.62232E-10 1.91177E-11 1.52607E-9 1.66181E-6 8.39621E-7 -9999 -9999 -9999 -9999 -9999 -9999 -9999 -9999 -9999 -9999 -9999 -9999 -9999 -9999 -9999 -9999 -9999 -9999 -9999 -9999 -9999 -9999 -9999 -9999 -9999 -9999 -9999 -9999 -9999 -9999 -9999 -9999 -9999 -9999 7.43341E-4 5.7779E-4 2.56316E-4 2.20562E-4 1.80343E-4
-9999 -9999 -9999 -9999 2.01085E-15 4.52223E-11 1.66328E-9 4.52715E-8 6.59485E-8 5.03794E-8 7.76126E-8 5.96511E-8 7.71961E-9 8.88107E-10 4.23946E-11 2.48292E-11 2.50725E-10 1.11192E-9 1.11933E-9 2.47393E-10 8.88107E-10 2.8949E-8 2.01465E-7 1.49819E-8 1.456E-9 5.58712E-8 2.5938E-9 2.86181E-13 5.01337E-11 1.51469E-7 4.89312E-6 2.18551E-7 2.79826E-8 2.87404E-8 9.17004E-8 3.01971E-7 -9999 -9999 -9999 -9999 -9999 -9999 -9999 -9999 -9999 -9999 -9999 -9999 -9999 -9999 -9999 -9999 -9999 -9999 -9999 -9999 -9999 -9999 -9999 -9999 -9999 -9999 -9999 1.08006E-3 1.26547E-3 1.38054E-3 1.18103E-3 9.16538E-4 8.6379E-4 1.18213E-4
-9999 -9999 -9999 -9999 -9999 1.05068E-10 5.11806E-12 2.98159E-10 4.73742E-8 7.12019E-8 8.60606E-8 8.305E-8 4.1903E-8 1.57227E-9 3.48734E-10 1.5897E-10 3.32179E-11 1.56923E-10 1.55903E-10 3.31184E-10 2.46686E-9 1.10317E-8 1.26617E-7 4.94922E-8 2.46686E-9 2.04442E-8 3.90826E-7 1.65235E-8 2.05242E-9 6.18961E-10 6.0029E-6 1.91774E-6 3.68085E-7 1.75667E-7 3.43389E-7 7.07131E-7 1.26015E-6 1.59529E-6 -9999 -9999 -9999 -9999 -9999 -9999 -9999 -9999 -9999 -9999 -9999 -9999 -9999 -9999 -9999 -9999 -9999 -9999 -9999 -9999 -9999 -9999 6.56799E-4 9.57156E-4 1.3618E-3 1.82011E-3 2.10643E-3 1.93259E-3 2.0348E-3 1.49528E-3 3.2633E-4 3.50788E-6
-9999 -9999 -9999 -9999 -9999 2.46451E-14 3.59469E-11 1.54262E-10 1.12269E-8 6.57393E-8 9.93399E-8 9.52272E-8 9.16434E-8 1.44736E-8 2.11574E-9 2.13262E-11 1.79464E-12 3.03769E-12 1.25428E-10 7.54777E-10 1.12979E-8 7.6537E-8 3.98103E-7 2.62511E-7 3.18177E-8 6.9896E-10 1.74187E-9 2.56645E-7 2.97573E-6 1.27937E-9 3.02525E-8 1.52721E-5 9.09629E-6 5.75106E-6 4.98369E-6 9.46555E-6 8.31807E-6 5.04966E-6 3.21592E-6 -9999 -9999 -9999 -9999 -9999 -9999 -9999 -9999 -9999 -9999 -9999 -9999 -9999 -9999 -9999 -9999 -9999 -9999 -9999 -9999 -9999 1.49476E-3 2.11542E-3 2.94723E-3 3.35969E-3 3.20076E-3 3.09538E-3 1.99791E-3 2.25802E-4 2.91511E-6 2.97369E-8
-9999 -9999 -9999 -9999 -9999 5.46052E-15 1.87394E-10 2.06582E-9 5.1451E-9 1.99313E-8 9.17795E-8 4.42862E-8 1.27257E-7 7.77754E-8 1.51521E-8 2.37679E-10 5.88212E-12 2.58816E-13 3.29518E-13 3.09528E-12 2.154E-9 4.00306E-8 4.06688E-8 3.16479E-8 6.67353E-8 1.58361E-8 5.25893E-11 2.38098E-12 1.20521E-6 4.84969E-5 1.43126E-7 1.31406E-8 1.40947E-5 3.93898E-5 8.49439E-7 1.21501E-7 3.89689E-8 5.91584E-7 1.96039E-8 6.44578E-6 -9999 -9999 -9999 -9999 -9999 -9999 -9999 -9999 -9999 -9999 -9999 -9999 -9999 -9999 -9999 -9999 -9999 -9999 -9999 -9999 2.60233E-3 3.63896E-3 4.44671E-3 4.34882E-3 1.58413E-3 5.2069E-4 3.63648E-6 6.63872E-8 1.24026E-7 2.56026E-9
-9999 -9999 -9999 -9999 -9999 -9999 5.54004E-11 1.25292E-8 1.85467E-10 3.79909E-10 4.19077E-9 4.23421E-10 4.70291E-8 3.47091E-8 3.31781E-8 6.28757E-9 3.60684E-12 2.63808E-14 1.10166E-13 2.4071E-14 2.43649E-13 3.9391E-10 2.91918E-9 2.63173E-11 4.91307E-10 3.40289E-8 1.0197E-8 8.96273E-11 3.67289E-11 1.30453E-7 4.191E-5 7.08113E-5 8.21915E-5 4.40248E-7 5.58355E-8 2.15396E-9 4.01834E-10 1.98413E-10 3.97453E-13 5.24399E-10 7.61432E-6 1.51625E-5 -9999 -9999 -9999 -9999 -9999 -9999 -9999 -9999 -9999 -9999 -9999 7.14739E-4 9.09042E-4 1.08079E-3 1.38138E-3 1.67803E-3 1.30698E-3 1.62755E-3 4.22285E-4 1.02347E-4 2.56937E-5 3.40305E-6 9.69719E-8 1.49303E-9 7.24118E-9 1.0359E-9 2.05955E-8 3.60091E-7
-9999 -9999 -9999 -9999 -9999 -9999 1.20204E-12 8.57407E-9 2.46034E-11 8.93106E-10 1.39183E-9 4.78619E-10 3.29927E-8 3.79142E-8 2.67496E-9 1.09019E-8 5.7266E-11 2.83773E-12 6.93743E-11 8.51158E-13 8.26863E-13 2.34768E-9 2.63376E-8 1.42161E-9 1.03816E-10 6.37728E-10 1.06328E-9 4.56722E-9 1.90301E-9 9.87547E-11 4.36549E-10 8.92388E-8 9.44053E-5 5.39379E-5 5.25969E-6 4.63569E-7 3.52661E-7 3.92999E-9 2.53026E-13 2.89309E-15 5.71953E-11 5.78238E-9 7.70208E-7 4.43096E-6 1.50182E-5 2.15656E-5 2.80835E-5 5.25955E-5 9.32764E-5 1.43227E-4 2.14923E-4 4.24055E-4 6.84025E-4 7.8429E-4 7.46832E-4 4.33018E-4 1.78544E-4 2.92137E-5 1.12938E-6 1.55638E-7 3.08842E-9 5.08235E-10 8.09679E-13 5.87314E-13 8.89152E-14 4.6474E-10 1.70406E-7 1.84399E-7 1.54856E-6 5.27661E-6
-9999 -9999 -9999 -9999 -9999 -9999 2.51668E-9 1.24468E-9 1.09951E-8 7.44122E-10 5.16064E-9 2.54918E-8 2.92578E-8 8.09874E-9 9.57411E-9 1.18728E-8 1.32755E-9 2.84061E-10 4.54385E-10 5.08057E-13 3.60128E-13 1.92858E-10 1.46971E-9 1.31271E-8 1.10687E-9 1.01428E-8 1.69149E-9 1.9983E-10 1.81778E-9 3.42995E-9 1.14052E-10 4.50796E-9 2.11054E-7 3.78268E-7 3.70547E-8 1.13814E-8 3.27969E-9 3.56402E-8 4.17631E-8 2.97156E-10 1.20589E-13 2.32146E-17 2.09549E-14 1.6818E-7 1.90281E-7 1.1477E-8 1.43837E-8 7.06235E-7 3.48981E-5 1.06929E-4 1.84586E-4 4.89428E-4 5.52831E-4 3.87263E-4 1.64218E-4 1.0844E-4 2.5844E-5 1.31358E-6 3.50737E-8 5.02629E-10 5.96789E-10 4.54343E-10 1.29621E-12 2.88462E-11 5.17327E-9 2.39565E-7 1.1226E-6 4.40345E-7 1.30024E-6 2.60132E-6
-9999 -9999 -9999 -9999 -9999 -9999 -9999 -9999 1.02734E-7 3.8095E-7 1.24612E-9 4.14439E-9 1.8767E-9 7.14837E-9 1.71218E-8 2.08336E-8 1.49203E-10 1.29762E-11 2.12374E-11 1.2842E-10 2.05935E-10 1.52607E-9 1.68678E-8 6.8062E-8 8.27389E-8 2.88623E-9 2.75526E-9 5.28677E-9 8.36127E-10 7.4114E-11 1.55846E-8 8.75567E-9 9.76814E-9 1.35602E-7 2.05355E-6 3.62534E-6 2.91104E-6 2.98598E-7 1.79412E-9 3.84808E-11 8.77289E-14 3.27896E-14 5.7794E-14 1.27808E-11 8.93508E-15 2.05598E-13 7.50135E-12 1.02669E-12 8.21432E-11 2.04873E-8 1.81036E-5 6.41559E-5 2.27626E-4 1.50116E-4 4.11722E-5 5.24873E-5 1.54831E-5 5.43784E-7 5.96501E-8 6.90906E-10 2.83323E-8 4.73852E-7 2.98661E-6 6.10085E-6 7.94376E-6 3.02315E-6 5.55505E-7 1.41601E-7 5.2898E-8 2.95365E-8
-9999 -9999 -9999 -9999 -9999 -9999 -9999 -9999 1.4486E-7 4.42906E-6 1.21423E-7 9.71725E-10 2.07955E-10 1.17908E-9 3.7877E-9 1.32883E-9 4.41021E-11 4.12763E-11 2.41939E-10 1.0478E-9 2.68805E-9 4.23431E-9 2.72881E-8 5.32157E-8 1.27896E-7 6.27514E-8 9.89571E-10 9.05718E-10 4.61789E-9 3.40334E-10 8.40713E-10 8.3876E-8 2.81007E-7 3.87746E-7 5.33969E-6 7.57961E-6 9.29532E-6 7.93932E-6 2.40862E-6 4.47052E-8 3.34251E-10 2.83558E-12 2.8792E-14 2.01386E-13 2.70943E-16 1.55873E-17 5.31508E-15 3.83099E-17 2.16723E-14 1.59096E-8 8.58657E-11 1.29666E-11 5.24724E-9 1.38985E-6 7.78737E-6 1.52484E-6 4.67937E-8 5.54353E-9 3.85414E-9 1.90524E-8 2.54563E-6 1.92962E-5 3.19565E-5 3.49805E-5 3.11846E-5 1.98028E-5 9.95541E-6 3.79928E-6 4.58961E-7 2.18335E-7
-9999 -9999 -9999 -9999 -9999 -9999 -9999 -9999 -9999 -9999 2.73077E-7 5.64905E-8 2.11778E-10 1.2437E-9 1.20318E-9 1.89261E-10 2.75884E-11 3.552E-10 1.49457E-9 3.73188E-9 3.56746E-9 1.2771E-9 8.593E-9 4.25853E-8 4.15205E-8 7.6537E-8 1.13647E-8 1.14921E-9 9.29016E-9 8.31617E-9 1.05576E-9 1.20351E-9 1.76951E-7 1.95868E-6 5.01437E-6 8.6617E-6 1.04453E-5 1.27776E-5 1.28782E-5 7.28713E-6 2.41023E-6 1.64761E-7 5.33977E-10 1.63264E-12 1.27816E-13 7.25847E-12 8.60252E-14 4.61749E-14 1.06967E-15 3.98369E-11 6.64849E-16 7.28282E-15 3.17726E-12 2.33252E-10 5.29441E-9 1.83183E-11 1.0293E-11 1.3104E-9 2.44521E-8 1.51455E-6 9.50804E-6 3.02063E-5 5.13135E-5 4.86652E-5 4.51362E-5 4.18099E-5 3.86794E-5 2.16815E-5 4.26979E-6 4.26979E-6
-9999 -9999 -9999 -9999 -9999 -9999 -9999 -9999 -9999 -9999 -9999 -9999 -9999 -9999 1.23909E-10 2.58035E-12 6.52114E-11 1.72239E-10 3.47401E-10 4.21665E-10 1.75154E-9 1.30235E-9 2.02853E-9 6.55913E-9 7.86327E-9 2.39027E-8 1.11646E-8 4.90038E-9 7.9665E-10 9.30857E-11 5.64736E-9 3.24839E-8 3.64523E-8 1.32141E-8 2.14144E-7 2.88409E-6 6.13333E-6 8.64317E-6 8.49648E-6 5.57824E-6 7.92594E-6 7.38143E-6 1.58551E-6 1.63289E-6 3.8082E-6 5.3879E-7 7.64425E-8 1.64197E-9 2.54018E-11 7.03842E-15 1.3515E-12 1.0522E-9 4.97729E-9 2.36465E-10 2.04904E-11 3.91241E-10 2.60991E-8 7.25266E-8 4.81611E-8 2.01685E-7 1.22344E-6 2.69443E-5 4.62352E-5 6.5755E-5 3.01832E-5 4.13005E-5 1.64258E-5 7.89428E-6 1.84555E-6 7.98835E-6
-9999 -9999 -9999 -9999 -9999 -9999 -9999 -9999 -9999 -9999 -9999 -9999 8.34199E-7 2.81349E-7 1.71764E-8 3.29422E-9 1.14916E-10 8.18323E-11 2.65283E-9 9.16008E-10 5.21925E-10 2.18267E-9 1.11187E-8 4.10726E-9 2.3607E-9 7.39481E-9 3.33417E-9 5.38562E-10 2.88966E-10 1.21175E-10 2.21856E-11 2.65111E-10 3.90556E-10 1.89338E-9 1.11673E-8 1.5627E-8 6.55278E-8 3.40936E-7 2.57904E-7 2.77479E-6 1.27416E-5 2.41997E-5 5.16881E-5 8.68423E-5 8.86967E-5 1.10134E-5 4.63135E-6 1.3031E-7 9.51175E-9 1.39595E-8 8.83641E-9 2.036E-8 3.20368E-11 6.3837E-11 6.32126E-8 9.70602E-6 8.60537E-5 4.75912E-5 3.66786E-6 1.77193E-6 4.63366E-6 2.89904E-5 3.55259E-5 2.50604E-5 2.50604E-5 5.8259E-5 2.47653E-5 8.38163E-6 3.86244E-5 1.43732E-4
-9999 -9999 -9999 -9999 -9999 -9999 -9999 -9999 -9999 -9999 -9999 -9999 2.65615E-7 1.53548E-6 3.29122E-9 5.50426E-8 5.15275E-9 1.235E-8 4.36878E-9 1.5305E-9 4.88279E-9 9.3202E-9 1.41522E-8 1.5745E-9 7.02473E-10 1.76212E-9 5.4506E-9 6.31606E-9 4.46398E-9 1.48325E-9 1.70956E-9 1.23506E-10 1.75853E-11 2.04042E-11 1.83449E-10 4.77452E-9 7.78589E-8 1.29918E-6 2.08997E-6 3.24448E-6 1.12678E-5 4.27856E-5 8.86967E-5 1.04665E-4 1.10228E-4 8.2261E-5 4.14662E-5 2.22349E-5 7.14665E-6 4.48729E-7 3.06755E-7 2.13564E-8 1.43373E-8 5.08219E-7 3.274E-5 1.88472E-4 3.62949E-4 2.29425E-4 9.12827E-5 1.59722E-5 4.734E-6 1.00752E-5 3.5778E-6 9.67744E-7 5.23114E-6 1.81793E-4 6.14813E-4 3.66814E-4 4.87543E-4 8.17238E-4
-9999 -9999 -9999 -9999 -9999 -9999 -9999 -9999 -9999 -9999 -9999 -9999 -9999 3.10796E-8 1.282E-7 4.39233E-8 2.58106E-10 2.48592E-8 8.96326E-9 7.36801E-10 6.21683E-9 7.43939E-9 5.5831E-9 6.86501E-9 4.26328E-10 1.86373E-10 2.70654E-9 1.30586E-8 1.86956E-8 1.03933E-8 1.82641E-8 6.3261E-9 1.6871E-9 9.24894E-10 3.99495E-11 8.98755E-10 1.28628E-9 9.88125E-8 3.84757E-6 6.89481E-6 1.01552E-5 8.89376E-6 7.32023E-5 1.27989E-4 1.83652E-4 1.6367E-4 1.26282E-4 9.47027E-5 5.80623E-5 8.36991E-5 1.02751E-4 2.3789E-4 3.41842E-4 4.33497E-4 5.33562E-4 5.97707E-4 8.21659E-4 7.09797E-4 6.26985E-4 4.13293E-4 1.97893E-4 1.78905E-4 4.15865E-5 2.12748E-4 5.10729E-4 9.02604E-4 1.14833E-3 1.08306E-3 1.07038E-3 1.04537E-3
-9999 -9999 -9999 -9999 -9999 -9999 -9999 -9999 -9999 -9999 -9999 3.04149E-3 8.34869E-5 4.64128E-6 6.80835E-9 6.88094E-8 8.30812E-9 1.50447E-7 7.19361E-9 1.22883E-9 1.87779E-9 2.387E-10 2.76251E-11 2.63565E-9 4.06492E-9 5.26751E-10 1.70154E-9 2.12496E-8 3.68858E-8 6.44046E-8 7.07411E-8 7.88478E-8 6.9904E-8 2.03108E-8 1.10659E-8 3.09576E-7 4.88176E-7 2.39197E-6 3.03702E-5 2.8939E-5 6.50314E-5 1.29433E-4 2.48258E-4 2.53909E-4 3.02887E-4 2.82046E-4 2.52998E-4 3.21538E-4 3.40047E-4 3.96343E-4 4.66936E-4 5.55899E-4 5.35916E-4 5.29388E-4 9.38656E-4 9.27372E-4 7.46182E-4 6.36985E-4 7.83703E-4 6.14172E-4 4.55595E-4 1.16266E-3 1.04537E-3 1.35384E-3 1.32221E-3 1.41482E-3 1.23094E-3 1.38135E-3 1.34852E-3 1.31634E-3
-9999 -9999 -9999 -9999 -9999 -9999 -9999 -9999 -9999 -9999 -9999 2.63702E-3 5.13941E-5 3.05005E-7 8.58139E-8 1.56733E-9 2.10286E-8 9.69535E-9 1.14051E-8 1.69964E-8 2.52601E-8 7.53976E-9 1.32126E-9 3.56854E-10 9.39205E-10 1.87429E-9 1.95815E-8 1.78744E-8 2.22019E-9 2.64558E-8 5.73655E-8 1.51801E-9 5.82834E-9 4.10163E-8 1.9964E-7 7.07283E-8 2.80181E-6 2.4447E-5 1.39209E-4 1.80256E-4 1.57607E-4 2.84135E-4 3.99136E-4 4.87079E-4 4.47848E-4 4.55595E-4 2.73619E-4 1.30696E-4 4.39119E-4 5.61986E-4 7.61505E-4 9.1217E-4 8.89793E-4 4.90871E-4 4.72488E-4 3.96497E-4 2.20097E-4 4.66491E-4 6.34376E-4 1.15044E-3 1.23864E-3 1.82176E-3 1.79978E-3 1.84395E-3 1.5914E-3 1.55303E-3 1.51543E-3 1.49691E-3 1.47858E-3 1.46043E-3
-9999 -9999 -9999 -9999 -9999 -9999 -9999 -9999 -9999 -9999 2.92503E-2 4.38686E-3 1.58546E-4 4.82324E-7 1.3668E-6 7.23994E-7 5.12264E-8 6.388E-7 1.122E-8 9.55836E-10 1.26659E-8 5.95529E-9 2.75341E-9 1.11728E-8 1.9852E-7 1.90692E-10 4.13224E-12 5.70974E-10 6.27242E-10 6.31798E-9 8.90767E-8 8.35376E-9 1.77489E-9 5.30995E-9 8.45064E-10 4.91304E-9 6.03663E-10 1.10725E-7 4.02592E-5 1.47878E-4 2.03974E-4 3.37608E-4 4.66936E-4 6.06707E-4 6.52941E-4 7.01385E-4 6.58848E-4 6.02934E-4 3.23581E-4 8.4704E-5 5.43968E-4 8.37973E-4 7.26707E-4 1.09497E-3 1.27276E-3 1.62712E-3 1.85879E-3 2.09375E-3 2.12008E-3 2.20071E-3 2.17355E-3 2.20071E-3 1.95397E-3 1.95397E-3 1.9298E-3 1.68956E-3 1.68956E-3 1.68956E-3 1.62712E-3 1.62712E-3
