KUENM/Final_Models/M_0.1_F_lq_Set_2_E/sp1_se_asia_min.asc
ncols         320
nrows         243
xllcorner     44.0
yllcorner     -0.666666666666667
cellsize      0.166666666666667
NODATA_value  -9999
[rows 62 to 92 of 243, columns 210 to 279 of 320]
6.58356E-9 4.19938E-13 1.4445E-14 1.35601E-14 1.04186E-11 5.15769E-10 2.10627E-9 5.39494E-10 2.80155E-8 3.68189E-8 1.53503E-8 2.12728E-8 2.72017E-8 9.09453E-8 1.03792E-6 2.0272E-10 3.2886E-6 1.24441E-9 1.54982E-11 2.871E-14 6.98513E-21 8.30222E-27 4.67795E-26 1.38426E-22 1.45098E-21 8.75179E-25 -9999 -9999 -9999 -9999 -9999 -9999 -9999 -9999 -9999 -9999 -9999 -9999 -9999 -9999 -9999 -9999 -9999 -9999 -9999 -9999 -9999 -9999 -9999 -9999 -9999 -9999 -9999 -9999 -9999 -9999 -9999 -9999 -9999 -9999 -9999 -9999 -9999 -9999 -9999 -9999 -9999 -9999 -9999 -9999
3.95907E-6 1.66863E-9 2.02476E-14 1.62282E-14 6.06265E-12 1.2836E-10 6.868E-10 1.03917E-9 3.8648E-8 6.14537E-8 7.3357E-8 1.5643E-7 4.59161E-7 3.66615E-6 1.06831E-7 2.08111E-7 3.76112E-8 3.89223E-9 7.63487E-10 1.27653E-10 3.13472E-14 3.35424E-23 2.54528E-24 2.98344E-23 1.99293E-24 1.14838E-25 5.59755E-30 -9999 -9999 4.00457E-24 5.16315E-24 -9999 -9999 -9999 -9999 -9999 -9999 -9999 -9999 -9999 -9999 -9999 -9999 -9999 -9999 -9999 -9999 -9999 -9999 -9999 -9999 -9999 -9999 -9999 -9999 -9999 -9999 -9999 -9999 -9999 -9999 -9999 -9999 -9999 -9999 -9999 -9999 -9999 -9999 -9999
3.10292E-4 7.28657E-6 6.90854E-8 6.44568E-10 2.7726E-11 1.44644E-11 2.39174E-10 5.90702E-10 8.7209E-10 1.51374E-8 3.23181E-8 3.60017E-8 9.8272E-8 3.23503E-7 3.756E-6 6.48678E-6 8.02204E-8 4.21874E-12 7.8554E-14 1.49615E-15 3.65193E-14 6.2831E-12 1.84255E-16 3.59951E-17 5.94022E-25 5.07617E-26 4.82871E-26 9.15368E-32 3.20334E-33 8.99243E-17 2.45934E-24 -9999 -9999 -9999 -9999 -9999 -9999 -9999 -9999 -9999 -9999 -9999 -9999 -9999 -9999 -9999 -9999 -9999 -9999 -9999 -9999 -9999 -9999 -9999 -9999 -9999 -9999 -9999 -9999 -9999 -9999 -9999 -9999 -9999 -9999 -9999 -9999 -9999 -9999 -9999
4.01517E-3 8.84708E-4 4.48351E-4 6.83946E-5 2.05117E-6 1.64E-7 5.92731E-7 3.41471E-6 3.17164E-8 9.53865E-10 9.37661E-10 6.65431E-10 5.90561E-9 3.75238E-8 3.16657E-7 5.00739E-7 5.65017E-6 3.01815E-8 2.59125E-9 3.64447E-7 6.37004E-10 1.2616E-10 5.49853E-15 7.09506E-13 9.58392E-19 4.70079E-23 7.40599E-26 5.49975E-30 8.35716E-20 3.09776E-19 1.62917E-30 -9999 -9999 -9999 -9999 -9999 -9999 -9999 -9999 -9999 -9999 -9999 -9999 -9999 -9999 -9999 -9999 -9999 -9999 -9999 -9999 -9999 -9999 -9999 -9999 -9999 -9999 -9999 -9999 -9999 -9999 -9999 -9999 -9999 -9999 -9999 -9999 -9999 -9999 -9999
1.71948E-2 7.08063E-3 3.90577E-3 1.95523E-3 3.21419E-4 1.35036E-5 4.39836E-6 4.12099E-7 4.47682E-9 7.59666E-10 2.044E-10 2.39849E-11 5.77261E-11 1.44899E-9 6.03411E-8 4.73847E-8 2.93612E-7 9.45219E-7 2.34619E-7 5.63812E-8 4.66028E-8 8.75498E-11 2.10938E-12 4.0792E-15 7.57779E-26 2.72356E-32 5.77068E-35 1.92991E-23 7.95606E-18 1.96693E-25 1.4085E-28 1.02853E-25 6.05963E-33 -9999 -9999 -9999 -9999 -9999 -9999 -9999 -9999 -9999 -9999 -9999 -9999 -9999 -9999 -9999 -9999 -9999 -9999 -9999 -9999 -9999 -9999 -9999 -9999 -9999 -9999 -9999 -9999 -9999 -9999 -9999 -9999 -9999 -9999 -9999 -9999 -9999
3.02263E-2 1.61487E-2 8.66655E-3 3.49416E-3 3.44559E-4 4.5849E-5 3.55503E-5 3.83543E-6 5.72913E-8 1.25079E-8 1.15838E-8 9.67324E-10 5.29104E-11 2.8348E-12 1.86628E-11 4.37366E-12 1.9014E-9 4.43607E-8 1.29746E-9 6.04244E-10 2.13218E-9 1.47979E-9 1.16258E-9 6.92144E-12 1.36721E-15 3.17684E-13 3.17785E-14 1.93559E-11 1.58645E-17 1.10164E-28 2.80198E-25 6.54035E-23 1.65714E-17 5.2955E-27 8.50513E-21 -9999 1.7742E-25 -9999 -9999 -9999 -9999 -9999 -9999 -9999 -9999 -9999 -9999 -9999 -9999 -9999 -9999 -9999 -9999 -9999 -9999 -9999 -9999 -9999 -9999 -9999 -9999 -9999 -9999 -9999 -9999 -9999 -9999 -9999 -9999 -9999
3.30037E-2 2.44066E-2 1.20161E-2 2.72291E-3 1.71528E-4 5.45242E-5 1.29061E-4 1.01373E-4 8.77009E-6 2.78707E-6 1.62068E-6 6.25674E-7 5.32837E-8 5.14231E-9 8.38313E-11 5.57317E-13 1.37391E-11 5.20744E-9 5.42238E-7 1.8237E-7 1.33591E-8 2.06112E-9 6.41503E-10 1.49507E-10 2.07129E-10 1.33973E-10 6.33581E-13 2.08834E-17 2.58933E-12 8.65554E-14 1.83075E-12 1.54857E-15 3.85267E-11 3.27169E-23 4.29998E-22 1.00682E-9 -9999 -9999 -9999 -9999 -9999 -9999 -9999 -9999 -9999 -9999 -9999 -9999 -9999 -9999 -9999 -9999 -9999 -9999 -9999 -9999 -9999 -9999 -9999 -9999 -9999 -9999 -9999 -9999 -9999 -9999 -9999 -9999 -9999 -9999
3.96088E-2 3.09069E-2 1.52899E-2 4.60298E-3 2.67317E-4 9.86003E-5 1.88759E-4 3.21926E-4 1.52585E-4 9.87898E-5 1.35306E-4 1.80058E-4 2.22673E-5 2.43654E-6 1.68142E-6 2.38073E-6 6.20281E-7 1.16337E-8 9.46955E-8 4.26598E-7 1.43498E-7 1.51954E-8 1.93395E-9 1.7098E-10 3.74147E-12 1.39541E-12 7.68491E-17 3.44521E-22 1.16004E-36 1.77124E-42 3.06941E-39 2.16427E-33 3.06652E-26 2.65132E-11 2.37852E-10 1.27131E-9 2.65264E-13 1.11073E-15 1.03135E-13 1.58044E-25 -9999 -9999 -9999 -9999 -9999 -9999 -9999 -9999 -9999 -9999 -9999 -9999 -9999 -9999 -9999 -9999 -9999 -9999 -9999 -9999 -9999 -9999 -9999 -9999 -9999 1.87981E-29 2.20526E-31 2.29285E-34 3.58595E-30 -9999
6.90561E-2 4.88366E-2 2.6178E-2 1.18429E-2 3.12949E-3 1.01505E-3 7.50954E-4 1.42044E-3 1.12808E-3 8.36743E-4 1.08135E-3 1.36253E-3 4.94242E-4 2.07281E-4 4.02175E-4 1.53115E-3 1.19367E-3 9.88111E-5 1.40346E-7 4.61573E-8 5.79947E-8 1.79813E-7 5.54937E-7 7.01761E-8 2.34513E-11 5.64803E-12 1.90003E-17 1.25416E-20 3.21956E-28 5.57093E-31 4.99203E-34 2.68913E-31 1.09613E-29 1.03405E-23 1.87903E-18 6.82548E-14 1.24077E-10 2.33765E-10 1.48804E-15 2.67206E-17 4.56257E-18 -9999 7.51576E-24 -9999 -9999 1.03274E-33 -9999 -9999 -9999 -9999 -9999 -9999 -9999 -9999 -9999 -9999 -9999 1.33791E-28 -9999 -9999 -9999 -9999 -9999 6.00073E-25 1.29913E-21 1.16624E-25 5.16638E-24 1.2608E-27 1.79343E-32 -9999
1.35921E-1 8.1901E-2 5.38286E-2 3.14958E-2 1.55483E-2 8.15966E-3 7.57116E-3 9.05496E-3 3.94407E-3 2.36862E-3 2.23201E-3 2.56549E-3 2.05423E-3 2.04962E-3 3.41414E-3 4.54616E-3 2.30476E-3 1.88107E-4 1.12094E-6 5.82024E-8 4.28276E-8 1.97401E-7 1.60537E-6 3.02171E-6 4.48505E-8 2.2447E-9 8.49406E-12 2.28788E-13 5.69188E-17 2.92866E-20 4.49622E-22 1.08648E-22 7.84062E-22 2.34199E-20 4.64345E-19 1.07154E-15 1.67289E-14 1.10133E-12 2.06143E-15 2.48705E-19 6.11236E-18 4.76095E-17 -9999 4.96312E-16 -9999 1.29271E-28 5.65664E-26 1.81475E-34 -9999 -9999 -9999 -9999 -9999 -9999 -9999 1.37827E-31 8.87976E-27 1.15789E-25 1.64338E-28 -9999 -9999 -9999 4.23591E-23 2.44185E-20 2.93402E-15 1.40444E-22 1.63381E-18 1.11442E-26 5.06931E-25 1.33028E-23
2.18807E-1 1.36686E-1 9.30279E-2 6.44333E-2 3.99678E-2 2.22808E-2 1.68982E-2 1.28696E-2 5.97014E-3 3.7228E-3 4.42302E-3 4.78067E-3 4.59408E-3 4.95438E-3 5.75305E-3 4.41129E-3 1.81857E-3 2.80515E-4 1.62983E-5 7.91125E-7 8.29331E-8 1.55007E-7 1.18576E-6 4.66064E-6 1.30836E-6 1.87486E-8 2.21855E-11 1.12754E-12 8.9811E-16 7.43157E-17 7.35347E-19 3.02943E-18 7.70519E-17 4.02666E-16 9.27842E-16 1.79684E-16 8.07455E-13 1.11372E-12 8.51349E-15 4.18189E-13 2.58844E-18 7.0044E-23 2.88808E-18 9.86604E-18 1.74264E-19 1.05793E-25 1.50145E-19 2.4449E-29 1.30932E-24 2.21789E-17 1.44413E-19 2.02552E-23 5.85831E-24 1.97466E-25 1.79108E-33 1.16461E-31 3.39873E-23 2.84294E-18 2.49611E-20 -9999 -9999 4.92579E-24 6.61605E-24 1.34838E-20 5.84443E-12 9.96469E-13 3.51735E-14 6.43252E-20 7.52658E-18 1.65559E-18
2.90077E-1 2.02485E-1 1.46257E-1 1.19248E-1 7.62955E-2 3.89452E-2 1.83993E-2 1.16398E-2 6.44266E-3 2.56087E-3 5.144E-3 6.93255E-3 7.45579E-3 7.59203E-3 7.20345E-3 4.26992E-3 1.64342E-3 3.94915E-4 7.17546E-5 1.27999E-5 3.436E-6 2.59343E-6 4.95249E-6 1.81317E-5 1.09399E-5 1.82098E-7 6.7064E-9 5.77985E-11 2.31437E-12 1.62141E-15 6.35545E-18 4.31454E-15 1.96467E-12 1.4922E-12 4.81535E-14 2.28116E-12 4.44733E-16 4.54851E-14 2.95677E-15 8.95989E-10 1.03105E-9 6.37107E-17 1.3789E-15 4.37099E-18 4.26372E-16 1.47313E-16 6.65485E-18 3.22037E-17 2.6238E-18 5.90196E-25 1.25275E-17 8.1245E-17 1.01327E-15 1.50493E-17 2.38873E-29 2.15267E-25 3.99698E-14 4.52033E-14 9.53096E-18 -9999 2.01065E-23 2.86345E-18 6.96858E-19 2.86157E-16 1.78198E-13 1.73873E-20 2.61773E-12 5.14243E-13 5.98684E-12 1.09638E-12
3.59754E-1 2.85655E-1 2.1331E-1 1.78207E-1 1.28802E-1 7.37019E-2 2.10042E-2 1.29338E-2 1.16398E-2 6.68356E-3 9.54822E-3 1.44926E-2 1.26874E-2 1.16622E-2 8.95582E-3 4.78859E-3 1.85899E-3 6.16711E-4 2.49713E-4 1.03723E-4 4.69626E-5 2.96968E-5 3.64714E-5 5.4703E-5 2.4801E-5 2.51486E-6 1.33229E-6 3.6685E-7 3.59646E-9 6.75092E-11 1.70802E-11 1.1951E-10 1.0551E-9 3.44663E-10 2.13791E-12 2.01925E-14 2.88214E-13 3.12522E-10 2.53825E-10 3.3089E-9 7.58855E-8 1.46881E-7 1.58887E-7 2.83911E-11 2.05667E-15 3.32614E-17 1.12735E-17 1.88872E-18 2.38504E-15 1.58972E-12 5.9798E-17 4.33652E-16 3.92616E-17 1.80533E-15 1.34497E-16 2.87785E-15 3.82108E-17 5.03288E-22 2.11305E-17 -9999 1.71754E-19 1.46189E-15 7.90298E-13 7.71757E-13 5.03106E-13 6.45431E-19 9.77815E-13 9.01666E-14 4.89799E-13 1.49086E-13
3.91181E-1 3.47523E-1 2.69797E-1 2.05281E-1 1.98125E-1 1.87606E-1 8.12669E-2 2.79345E-2 1.72249E-2 1.78037E-2 3.49971E-2 3.65937E-2 2.70074E-2 1.96835E-2 1.34026E-2 6.70196E-3 2.61914E-3 9.51639E-4 8.92736E-4 8.73554E-4 4.03972E-4 1.75921E-4 1.52585E-4 1.60018E-4 3.45946E-5 3.70083E-6 4.02703E-6 1.4206E-5 1.80065E-6 7.96921E-8 2.56549E-8 3.37191E-8 3.64717E-7 1.18348E-5 2.57199E-7 3.47023E-12 4.31917E-15 1.05158E-14 2.28269E-15 8.00959E-13 1.77723E-7 1.24269E-5 7.04164E-6 2.47994E-6 2.01496E-7 1.15579E-7 3.11281E-10 6.89869E-16 3.07935E-12 1.07607E-4 2.11504E-14 2.3158E-13 1.56211E-11 1.33862E-17 6.71827E-17 7.29317E-27 2.58698E-29 5.05023E-31 3.75703E-17 8.1723E-15 1.03127E-14 3.7106E-14 9.03651E-14 4.74325E-14 3.7517E-15 2.74405E-20 3.71428E-41 7.14535E-16 8.26674E-14 1.24282E-26
3.69534E-1 4.00926E-1 2.99079E-1 2.12544E-1 2.33024E-1 2.54134E-1 1.58624E-1 6.12937E-2 2.79345E-2 2.88127E-2 4.83348E-2 5.42145E-2 5.64989E-2 4.51493E-2 2.50374E-2 1.14742E-2 4.60818E-3 2.01522E-3 4.02739E-3 7.57116E-3 2.41649E-3 7.67425E-4 5.64798E-4 4.94339E-4 1.22691E-4 1.1309E-5 1.64628E-5 7.90429E-5 3.09024E-5 4.71602E-6 4.09858E-6 8.94731E-6 1.41568E-5 6.8388E-5 2.02487E-4 1.4629E-5 1.10161E-8 2.63885E-11 2.44699E-12 2.45157E-11 2.13738E-9 3.32602E-7 7.90174E-6 4.71202E-6 2.77846E-5 2.10216E-6 1.53158E-5 2.86759E-9 4.18031E-5 6.5608E-4 8.68985E-8 2.64603E-6 1.15983E-11 1.64875E-17 2.12377E-20 8.71473E-31 3.93322E-34 2.64272E-33 6.07582E-29 2.63483E-37 1.15091E-25 5.81009E-28 1.16441E-18 3.08358E-15 1.02843E-15 8.03607E-27 0E0 4.65463E-25 2.5186E-32 1.46377E-34
2.69088E-1 3.29372E-1 2.85021E-1 2.31134E-1 2.48322E-1 2.4255E-1 1.67405E-1 9.3423E-2 7.46557E-2 8.57605E-2 7.3928E-2 6.65884E-2 1.03139E-1 1.01557E-1 4.26207E-2 1.75641E-2 8.49259E-3 4.60818E-3 5.88803E-3 1.40538E-2 4.69106E-3 1.89781E-3 1.7131E-3 2.18745E-3 1.64328E-3 3.33793E-4 1.69366E-4 2.42284E-4 1.51515E-4 3.40999E-5 6.96135E-5 2.80355E-4 3.6904E-4 3.36963E-4 1.0777E-3 3.36809E-4 1.08931E-5 8.53011E-7 4.02024E-7 1.18505E-6 1.54556E-6 8.6336E-7 3.50549E-7 1.03148E-6 6.37652E-5 1.74805E-5 3.64824E-5 2.79181E-5 1.76627E-5 2.4167E-4 2.35385E-4 7.45263E-7 1.91919E-10 2.64715E-16 2.41476E-28 5.06892E-36 4.28153E-41 0E0 0E0 0E0 0E0 0E0 0E0 1.89373E-37 1.25424E-32 0E0 0E0 0E0 0E0 0E0
2.0875E-1 2.70199E-1 2.63163E-1 2.53359E-1 2.67827E-1 2.52192E-1 1.92832E-1 1.42381E-1 1.49954E-1 1.7736E-1 1.10937E-1 7.90085E-2 1.41404E-1 1.09323E-1 4.99801E-2 2.71303E-2 1.69724E-2 9.28778E-3 6.57977E-3 9.9625E-3 6.45961E-3 4.61004E-3 5.56748E-3 8.64109E-3 1.05129E-2 3.18384E-3 9.63053E-4 1.05298E-3 9.48557E-4 4.81404E-4 7.66867E-4 1.57702E-3 9.9364E-4 8.18886E-4 1.54035E-3 7.33141E-4 2.02602E-4 1.8005E-4 1.14427E-4 4.91636E-4 5.97339E-4 1.7948E-4 4.58611E-5 9.0487E-6 1.78964E-6 8.90182E-7 1.22441E-7 8.92713E-11 7.94829E-16 1.02721E-13 7.35497E-12 8.69162E-17 6.22895E-23 1.16663E-24 6.08931E-26 4.15385E-31 0E0 0E0 0E0 0E0 0E0 0E0 0E0 0E0 0E0 0E0 0E0 0E0 0E0 0E0
2.81204E-1 2.84209E-1 3.04412E-1 3.07145E-1 3.07145E-1 3.09163E-1 2.87647E-1 2.75724E-1 2.73055E-1 2.3981E-1 1.79777E-1 1.53626E-1 1.48974E-1 1.0345E-1 5.82142E-2 4.92802E-2 3.90455E-2 2.03346E-2 8.04534E-3 1.0149E-2 1.4348E-2 1.87407E-2 2.00067E-2 1.6709E-2 1.38776E-2 6.44739E-3 2.87624E-3 2.61035E-3 2.31881E-3 3.12729E-3 6.45961E-3 1.01227E-2 8.01429E-3 3.94407E-3 3.78612E-3 3.23336E-3 1.80966E-3 1.25995E-4 5.8891E-5 7.00406E-4 2.78336E-3 1.78588E-3 2.50834E-3 1.64651E-3 4.04154E-5 4.53759E-6 3.57613E-7 3.15911E-9 5.06196E-12 1.42328E-14 9.99448E-19 4.63466E-25 4.68314E-27 7.26631E-25 1.20675E-23 9.17496E-24 3.25172E-36 0E0 0E0 0E0 0E0 0E0 0E0 0E0 0E0 0E0 0E0 0E0 0E0 0E0
3.25973E-1 2.99442E-1 3.00359E-1 2.98334E-1 2.97066E-1 3.45511E-1 3.29372E-1 3.31392E-1 3.0311E-1 2.34988E-1 1.9013E-1 1.71941E-1 1.44836E-1 1.08402E-1 8.84399E-2 8.71208E-2 8.4987E-2 5.20038E-2 2.35383E-2 1.51075E-2 2.20777E-2 3.62582E-2 2.93201E-2 1.84648E-2 1.38642E-2 9.2656E-3 4.94467E-3 3.70359E-3 4.68234E-3 1.25189E-2 3.78148E-2 3.29587E-2 1.89594E-2 5.98425E-3 6.44266E-3 1.09828E-2 7.27678E-3 2.67696E-4 1.94675E-5 9.10908E-4 1.06966E-2 1.24119E-2 9.52125E-3 1.48294E-2 9.68897E-3 1.56828E-3 4.47035E-5 1.62766E-6 1.43145E-8 4.15004E-11 1.27741E-14 6.00811E-19 5.35812E-22 3.05526E-22 9.46952E-22 3.65448E-23 2.89052E-29 9.15467E-38 8.01543E-43 4.63269E-42 5.18067E-40 7.59504E-43 0E0 0E0 0E0 0E0 0E0 0E0 0E0 2.24208E-43
3.07591E-1 2.40755E-1 2.23599E-1 2.29268E-1 2.27372E-1 2.70199E-1 2.65134E-1 2.31169E-1 1.65332E-1 1.36202E-1 1.44836E-1 1.62079E-1 1.47888E-1 1.24537E-1 1.20121E-1 1.16126E-1 9.95464E-2 7.58545E-2 4.79039E-2 1.78639E-2 1.23005E-2 2.89065E-2 2.63223E-2 1.14593E-2 1.31448E-2 1.26978E-2 4.74331E-3 3.8361E-3 1.20754E-2 4.27587E-2 6.48435E-2 3.36379E-2 1.78374E-2 6.45961E-3 8.48747E-3 1.52899E-2 2.895E-2 3.68155E-2 4.77114E-3 3.44542E-3 8.43276E-3 1.37244E-2 1.17193E-2 2.23266E-2 1.99654E-2 7.11608E-3 7.82304E-4 7.36657E-5 3.93154E-6 1.69222E-7 6.73448E-10 1.1007E-13 1.66744E-17 2.25074E-19 9.93763E-20 5.06671E-21 2.84943E-24 2.09157E-28 1.16552E-31 2.04593E-33 9.3177E-36 5.31143E-40 4.2039E-45 0E0 0E0 1.19825E-41 4.08482E-39 1.16197E-37 7.06357E-37 5.80901E-35
2.17347E-1 1.64123E-1 1.51341E-1 1.82616E-1 2.26208E-1 2.37689E-1 2.02088E-1 1.40644E-1 5.92162E-2 4.93957E-2 1.10121E-1 1.60873E-1 1.57659E-1 1.38844E-1 1.49428E-1 1.32631E-1 9.9839E-2 7.50638E-2 5.35998E-2 2.89065E-2 2.20936E-2 4.21406E-2 3.42319E-2 8.29555E-3 1.40808E-2 1.26653E-2 1.67103E-3 2.83971E-3 2.50646E-2 1.58862E-1 1.66427E-1 3.97407E-2 2.07088E-2 1.97091E-2 2.548E-2 3.01737E-2 5.86608E-2 1.10344E-1 2.74303E-2 1.03198E-2 7.21143E-3 1.14397E-2 4.46643E-2 4.63664E-2 2.24474E-2 7.84914E-3 2.3178E-3 6.44217E-4 1.11673E-4 1.2426E-5 4.35162E-7 6.89805E-10 3.56853E-13 7.78318E-16 1.68924E-16 2.46485E-17 3.7918E-19 5.35735E-21 5.90474E-23 2.70412E-25 2.14258E-28 6.42267E-32 2.46272E-35 7.15067E-37 4.61866E-35 2.13368E-31 7.66465E-30 2.87871E-30 2.76531E-32 1.39346E-36
1.33483E-1 1.15314E-1 1.30415E-1 2.26208E-1 3.40267E-1 3.16783E-1 2.19225E-1 1.86494E-1 1.02721E-1 7.23838E-2 1.36407E-1 1.64123E-1 1.42143E-1 1.467E-1 1.57659E-1 1.40328E-1 9.17572E-2 6.49781E-2 6.41154E-2 6.32617E-2 5.99342E-2 7.81424E-2 6.86176E-2 3.02889E-2 2.27665E-2 9.38197E-3 2.0836E-3 4.79056E-3 2.83834E-2 1.89589E-1 1.93122E-1 4.93957E-2 3.27056E-2 3.63589E-2 4.21406E-2 4.08789E-2 5.0688E-2 5.57292E-2 4.32418E-2 3.07043E-2 1.36425E-2 1.69724E-2 4.63236E-2 8.29257E-2 4.23559E-2 1.29066E-2 4.34769E-3 2.32163E-3 6.58861E-4 6.66016E-5 4.23918E-6 1.50604E-7 2.07313E-9 2.87236E-11 1.96912E-12 2.4359E-13 3.04795E-14 5.46433E-15 3.27507E-16 1.318E-18 1.66806E-21 2.2932E-24 3.91508E-27 8.68904E-29 1.76245E-28 8.71622E-27 6.3539E-27 1.9685E-29 5.20221E-35 2.74513E-35
1.10235E-1 1.08957E-1 1.39369E-1 2.63177E-1 4.29398E-1 4.64177E-1 4.30484E-1 3.98316E-1 3.8219E-1 2.29491E-1 1.95672E-1 2.12144E-1 1.64437E-1 1.67736E-1 1.72401E-1 1.33005E-1 8.97156E-2 6.76196E-2 7.12683E-2 8.73536E-2 9.42155E-2 9.30758E-2 7.14349E-2 6.25281E-2 4.27257E-2 1.63228E-2 8.08575E-3 1.13163E-2 4.14149E-2 1.23635E-1 1.29262E-1 6.2515E-2 5.60185E-2 6.33666E-2 6.68678E-2 7.05031E-2 5.15312E-2 6.50653E-2 7.50638E-2 7.70174E-2 4.27587E-2 8.95361E-3 1.64356E-2 8.9293E-2 4.84794E-2 1.64162E-2 6.45961E-3 2.83718E-3 8.01456E-4 1.31891E-4 2.39272E-5 8.9047E-6 1.41679E-6 6.50395E-8 4.43325E-9 6.01806E-10 1.58438E-10 1.00652E-10 1.63161E-11 2.98294E-14 6.47689E-17 4.74113E-19 1.43874E-21 8.64385E-24 5.75915E-25 3.33531E-26 6.26975E-32 8.86167E-41 0E0 8.54621E-40
1.82616E-1 1.42143E-1 1.467E-1 2.22427E-1 3.92637E-1 5.17647E-1 5.09979E-1 3.97167E-1 3.30766E-1 2.54999E-1 2.53007E-1 3.25894E-1 2.62554E-1 2.26798E-1 2.21109E-1 1.54482E-1 9.30758E-2 7.61627E-2 8.20663E-2 1.07404E-1 1.19087E-1 1.14001E-1 7.23761E-2 5.00676E-2 4.33546E-2 2.61624E-2 2.22824E-2 2.60708E-2 6.76072E-2 1.3654E-1 1.47141E-1 9.43408E-2 8.43384E-2 9.79189E-2 1.35048E-1 1.33587E-1 7.72417E-2 1.1811E-1 2.02567E-1 1.49785E-1 7.72226E-2 2.17216E-2 2.24017E-2 5.15312E-2 4.03298E-2 1.87657E-2 6.56793E-3 2.51309E-3 9.50469E-4 4.21566E-4 2.86894E-4 1.93052E-4 7.90429E-5 6.05944E-6 5.25697E-7 8.88194E-8 2.99488E-8 2.83388E-9 4.42634E-11 1.1084E-12 1.87395E-14 3.04182E-16 2.71299E-18 1.60416E-20 9.26933E-23 7.1936E-26 6.95286E-36 0E0 0E0 0E0
3.40267E-1 2.39622E-1 2.19849E-1 2.5438E-1 3.38945E-1 4.55161E-1 3.93276E-1 2.10662E-1 1.27751E-1 2.14276E-1 2.8944E-1 3.05917E-1 2.47059E-1 2.27251E-1 2.1401E-1 1.69399E-1 1.19314E-1 9.76937E-2 1.1775E-1 1.3445E-1 1.24785E-1 1.12698E-1 8.76787E-2 6.2515E-2 4.99964E-2 4.9289E-2 6.32045E-2 8.10369E-2 9.53677E-2 1.44007E-1 1.94146E-1 1.20764E-1 9.65405E-2 8.85432E-2 1.16693E-1 1.45597E-1 1.64745E-1 1.85196E-1 2.49037E-1 1.81548E-1 9.09911E-2 8.02397E-2 1.11522E-1 6.86665E-2 3.79591E-2 1.28869E-2 4.22673E-3 3.4247E-3 1.81938E-3 6.29783E-4 2.79976E-4 4.22234E-4 3.36481E-4 5.53422E-5 5.06152E-6 9.49812E-7 9.40816E-7 6.0845E-8 2.7447E-10 7.84825E-12 5.44628E-13 2.13405E-14 4.40657E-16 4.01296E-18 1.38566E-20 2.65555E-25 9.27252E-32 1.4013E-45 0E0 0E0
2.25483E-1 1.70276E-1 1.60937E-1 1.85879E-1 2.2737E-1 3.27351E-1 2.36397E-1 1.11525E-1 8.52666E-2 2.25822E-1 2.61001E-1 1.12863E-1 1.50199E-1 1.66296E-1 1.43886E-1 1.43886E-1 1.54482E-1 1.75772E-1 1.43653E-1 1.34741E-1 1.23561E-1 9.90999E-2 1.02721E-1 1.11562E-1 7.3293E-2 9.78557E-2 1.18145E-1 1.08829E-1 9.51657E-2 1.19212E-1 1.7133E-1 1.50072E-1 1.03593E-1 8.83395E-2 1.2058E-1 1.67958E-1 1.85172E-1 2.0138E-1 2.12533E-1 1.45544E-1 7.59707E-2 1.07554E-1 2.20088E-1 1.07675E-1 3.21832E-2 6.51037E-3 2.15546E-3 7.93951E-3 6.10685E-3 1.05773E-3 1.3479E-4 4.83349E-4 5.64571E-4 1.58354E-4 1.80922E-5 2.93472E-6 1.7804E-6 1.21862E-7 7.29093E-10 6.16074E-11 1.05842E-11 8.44275E-13 3.38519E-14 6.23697E-16 3.89257E-18 2.60371E-21 7.88164E-26 2.84395E-30 4.87724E-34 1.71252E-38
1.14814E-1 7.03424E-2 4.02088E-2 6.0018E-2 1.2193E-1 1.68066E-1 9.66643E-2 5.07118E-2 7.03596E-2 1.51341E-1 1.53047E-1 1.09665E-1 1.47441E-1 1.35905E-1 1.08957E-1 1.0769E-1 1.67736E-1 2.71157E-1 2.44625E-1 1.60467E-1 1.21792E-1 8.87273E-2 6.16722E-2 4.26507E-2 7.92184E-2 1.48694E-1 1.73128E-1 1.12715E-1 1.30445E-1 1.23347E-1 1.07089E-1 9.96502E-2 8.69715E-2 9.81082E-2 1.40553E-1 1.5141E-1 1.43606E-1 1.97558E-1 2.47406E-1 1.27575E-1 8.08329E-2 9.40026E-2 1.11217E-1 5.83878E-2 2.75887E-2 1.56513E-2 8.49823E-3 1.63228E-2 1.31803E-2 3.0095E-3 5.52197E-4 4.52007E-4 4.82456E-4 2.35763E-4 6.69447E-5 1.25793E-5 3.41736E-6 3.49012E-7 1.62736E-8 1.96427E-9 3.07184E-10 2.67394E-11 1.81435E-12 6.37035E-14 1.01256E-15 8.36236E-18 1.01172E-20 7.59274E-24 8.34751E-27 6.47966E-30
7.60359E-2 4.52443E-2 2.54349E-2 2.48931E-2 6.21227E-2 1.02236E-1 3.41578E-2 1.28869E-2 2.97755E-2 5.97255E-2 7.08822E-2 7.55297E-2 9.14605E-2 7.82563E-2 6.50653E-2 6.55256E-2 1.04181E-1 2.0939E-1 2.19849E-1 1.75296E-1 1.26542E-1 9.08044E-2 6.94127E-2 6.94127E-2 1.20699E-1 2.55467E-1 4.2772E-1 2.6226E-1 9.90475E-2 7.00088E-2 5.32145E-2 5.19823E-2 7.32468E-2 1.04226E-1 1.0548E-1 6.7619E-2 6.14807E-2 1.05823E-1 1.23347E-1 1.03593E-1 1.09921E-1 1.14031E-1 7.92184E-2 4.17849E-2 3.15671E-2 4.14903E-2 4.34068E-2 4.4676E-2 2.63303E-2 7.34371E-3 4.83349E-4 1.44424E-4 1.33234E-4 1.41591E-4 1.05774E-4 3.40642E-5 8.5121E-6 1.84698E-6 3.23925E-7 6.8676E-8 7.31E-9 4.87445E-10 4.51585E-11 2.90045E-12 1.24323E-13 3.20163E-15 1.12479E-17 1.75823E-20 1.74207E-23 4.42932E-27
5.40413E-2 4.4506E-2 2.38189E-2 1.99076E-2 3.51905E-2 4.21406E-2 1.5071E-2 8.46911E-3 1.50276E-2 3.53299E-2 4.5716E-2 4.74804E-2 4.61547E-2 3.24649E-2 2.26389E-2 3.10777E-2 5.78182E-2 9.47858E-2 1.07843E-1 1.35068E-1 1.24058E-1 9.42756E-2 7.79814E-2 7.9407E-2 1.11878E-1 2.11391E-1 2.93749E-1 1.60929E-1 8.41225E-2 4.57861E-2 3.0245E-2 2.69383E-2 6.00901E-2 9.14393E-2 9.48969E-2 4.39347E-2 3.61866E-2 5.70791E-2 5.7878E-2 7.22414E-2 1.42143E-1 1.17448E-1 6.49781E-2 3.55677E-2 2.50974E-2 3.85434E-2 5.98197E-2 4.09262E-2 2.00447E-2 3.44968E-3 6.32072E-5 2.70057E-5 1.40616E-4 1.23601E-4 9.43983E-5 5.72791E-5 2.05308E-5 6.75493E-6 1.99165E-6 5.2209E-7 5.38599E-8 3.5822E-9 3.30233E-10 3.86683E-11 3.02132E-12 8.42098E-14 7.31042E-16 5.08968E-18 2.05636E-20 5.0005E-24
5.35998E-2 3.68021E-2 1.44926E-2 1.28227E-2 1.68418E-2 1.64978E-2 1.10732E-2 1.06072E-2 1.50353E-2 3.86577E-2 3.24649E-2 2.38766E-2 1.93647E-2 1.20731E-2 1.02766E-2 1.59598E-2 2.88836E-2 5.03613E-2 8.17804E-2 1.22627E-1 1.21291E-1 9.59216E-2 7.78945E-2 7.03192E-2 7.74505E-2 9.73842E-2 9.41345E-2 5.80493E-2 4.73935E-2 5.22598E-2 3.1958E-2 9.59123E-3 1.89095E-2 4.66133E-2 9.87161E-2 6.90823E-2 5.17283E-2 5.58449E-2 5.08155E-2 6.12937E-2 9.19114E-2 9.9839E-2 3.76912E-2 1.64162E-2 7.89722E-3 1.05028E-2 1.53515E-2 1.27368E-2 4.26877E-3 2.25862E-4 2.19043E-6 1.02525E-6 4.11249E-5 7.78605E-5 6.37103E-5 7.48126E-5 3.61545E-5 1.32465E-5 4.14709E-6 7.18534E-7 8.62276E-8 1.06551E-8 1.39565E-9 2.11029E-10 2.06863E-11 6.00837E-13 9.07754E-15 1.69646E-16 1.44292E-18 1.68806E-21
1.78575E-2 9.60096E-3 3.29683E-3 4.6326E-3 7.747E-3 1.80994E-2 2.09583E-2 2.08965E-2 2.10606E-2 2.34471E-2 3.48122E-2 2.45046E-2 1.16398E-2 4.87792E-3 5.34019E-3 1.00979E-2 1.78037E-2 3.10204E-2 6.46862E-2 1.10344E-1 9.44882E-2 7.81526E-2 6.64525E-2 6.02674E-2 5.96615E-2 6.38067E-2 6.46618E-2 6.38067E-2 6.16563E-2 5.22598E-2 2.51057E-2 9.10098E-3 1.10783E-2 2.70767E-2 4.14903E-2 3.68871E-2 4.34068E-2 4.88366E-2 4.01878E-2 4.19665E-2 4.44372E-2 3.57446E-2 2.01586E-2 8.76509E-3 4.27101E-3 3.58129E-3 3.31159E-3 3.25588E-3 1.6966E-3 7.12054E-5 6.11708E-7 2.16709E-7 8.83214E-6 3.68499E-5 5.69519E-5 8.30108E-5 4.35093E-5 1.53959E-5 4.33364E-6 5.22998E-7 6.33672E-8 1.28348E-8 2.84609E-9 3.97454E-10 3.44093E-11 1.63234E-12 4.0072E-14 8.5598E-16 2.27728E-17 2.40305E-19
