KUENM/Final_Models/M_0.1_F_lq_Set_2_E/sp1_4_se_asia.asc
ncols         320
nrows         243
xllcorner     44.0
yllcorner     -0.666666666666667
cellsize      0.166666666666667
NODATA_value  -9999
[rows 31 to 61 of 243, columns 140 to 209 of 320]
6.54158E-6 3.91471E-6 5.47172E-6 2.9832E-6 1.059E-5 2.78225E-5 1.08821E-5 1.03544E-5 3.03219E-5 4.30021E-4 7.04623E-3 1.05063E-2 1.23546E-2 3.93822E-2 8.22736E-2 1.07684E-1 1.24528E-1 1.26178E-1 1.59645E-1 1.69571E-1 2.09761E-1 2.17247E-1 1.24454E-1 2.83955E-1 3.19205E-1 2.12002E-1 2.52594E-1 2.87297E-1 2.65024E-1 5.25882E-2 5.68065E-2 1.47076E-2 1.46012E-2 1.00913E-3 1.50834E-3 1.83782E-3 2.18628E-3 5.9518E-4 4.52761E-4 2.65357E-3 1.46596E-3 6.63892E-3 2.77052E-3 1.66942E-4 1.13313E-4 1.01785E-4 4.49954E-5 4.37587E-6 1.62479E-7 2.54601E-7 2.5235E-7 1.0481E-6 8.32588E-6 1.27989E-6 2.37872E-6 1.23939E-6 3.24091E-9 9.81063E-10 1.14563E-9 3.88701E-9 3.53328E-7 3.81456E-6 3.39511E-9 5.63196E-11 1.01508E-10 1.42085E-9 -9999 -9999 -9999 -9999
1.39011E-5 1.97926E-5 3.28417E-5 4.11E-5 3.33546E-5 4.2214E-5 3.97079E-5 1.79896E-4 9.19971E-4 1.45017E-3 4.7071E-3 6.90792E-3 6.21713E-3 8.68051E-3 3.55542E-2 7.24038E-2 1.33359E-1 1.31485E-1 8.24458E-2 1.00716E-1 1.58294E-1 2.07288E-1 2.44453E-1 2.82195E-1 3.17964E-1 3.5156E-1 4.24358E-1 4.42724E-1 4.21055E-1 2.78648E-1 1.51921E-1 8.93461E-2 2.39294E-2 2.91328E-3 3.29462E-4 4.30049E-5 2.79899E-4 4.46559E-3 1.27958E-2 6.98374E-4 3.67008E-3 3.03233E-2 1.2642E-2 1.64644E-2 6.8789E-4 2.19017E-5 8.10694E-6 3.18954E-6 3.39145E-7 9.47789E-7 1.68928E-6 1.22457E-6 1.47586E-6 1.5224E-6 9.95757E-7 1.77932E-6 2.30534E-6 3.45856E-8 2.46861E-9 6.40521E-10 1.42085E-9 2.43031E-9 4.18106E-7 2.25084E-9 1.95439E-10 7.69052E-9 1.86842E-10 1.10484E-10 2.37501E-10 -9999
2.76754E-5 1.23812E-5 1.28417E-5 3.68183E-5 5.82404E-5 1.33225E-4 1.56579E-4 2.40785E-4 5.58201E-4 1.35728E-3 4.21074E-3 4.085E-3 6.36564E-4 7.22038E-4 1.2215E-2 3.65076E-2 1.26022E-1 1.71351E-1 1.52016E-1 1.31983E-1 1.31288E-1 1.77138E-1 2.29051E-1 2.72322E-1 3.17712E-1 3.69086E-1 4.26359E-1 4.58087E-1 4.65925E-1 4.66888E-1 4.09228E-1 2.28067E-1 3.90661E-2 2.86666E-2 1.08244E-3 7.50732E-4 9.54391E-4 2.09852E-2 6.73866E-3 6.71516E-4 2.18466E-4 8.17131E-3 3.70069E-2 4.90263E-2 1.38512E-2 1.16499E-3 9.29905E-5 2.96634E-5 4.20415E-6 4.3823E-7 4.91063E-8 1.22724E-6 1.8201E-7 7.55148E-8 5.46235E-8 1.17521E-7 3.43632E-7 1.18238E-6 1.26988E-6 2.99633E-6 1.28189E-7 2.3914E-8 1.08214E-8 3.40756E-8 2.64309E-8 8.67942E-9 9.17615E-10 4.79025E-10 2.21901E-9 7.50687E-10
1.5994E-5 1.45655E-5 1.55961E-5 3.81254E-5 7.12533E-5 8.61519E-5 2.42827E-4 5.85511E-4 1.21776E-3 2.14405E-3 3.76202E-3 2.87491E-3 1.35489E-4 5.79164E-4 4.86033E-4 4.86179E-5 5.42975E-4 1.29234E-2 5.64456E-2 1.43061E-1 2.07348E-1 2.10909E-1 2.31043E-1 2.56804E-1 2.97911E-1 3.29786E-1 4.04328E-1 4.53203E-1 4.66725E-1 4.65309E-1 4.77617E-1 4.70162E-1 2.95398E-1 2.49582E-1 8.20816E-3 3.21565E-3 9.52808E-4 8.27339E-2 3.61682E-2 8.29134E-3 8.72229E-3 7.85824E-4 3.7215E-3 3.48036E-2 4.77268E-2 1.42768E-2 2.666E-4 6.30192E-5 1.14888E-5 3.13695E-6 9.16689E-8 9.23244E-7 9.48391E-9 1.92314E-8 9.52453E-9 5.22051E-9 2.61917E-9 8.6324E-8 2.96408E-8 9.68495E-7 7.02997E-7 1.50902E-5 2.84199E-7 1.77851E-9 3.99155E-8 2.0212E-8 5.01723E-9 6.2526E-10 -9999 -9999
1.32429E-5 1.05144E-5 9.55747E-6 2.96707E-5 3.5307E-5 5.71478E-5 1.78939E-4 4.33763E-4 9.49545E-4 2.46241E-3 2.93407E-3 1.33571E-3 2.72294E-4 1.53914E-3 5.81241E-3 1.93174E-2 2.78601E-2 3.48305E-3 7.57587E-4 2.29272E-3 2.08209E-2 1.0437E-1 2.16172E-1 2.73735E-1 3.34889E-1 3.47521E-1 3.90243E-1 3.90563E-1 4.06839E-1 4.53884E-1 4.79672E-1 4.70864E-1 3.62855E-1 2.51104E-1 2.56734E-2 2.10743E-2 2.08153E-2 1.17315E-1 1.25266E-1 1.92917E-2 1.09402E-2 7.03918E-4 2.88773E-5 1.1214E-3 1.67965E-2 5.05707E-2 1.70045E-2 1.15903E-3 2.35604E-5 3.11862E-5 1.25887E-6 1.2302E-7 5.88901E-8 1.64084E-8 1.2437E-8 1.52893E-8 4.1166E-8 1.36743E-7 6.91822E-7 1.37241E-6 5.63366E-8 4.43335E-8 6.92635E-6 1.01974E-8 2.40657E-9 1.18334E-8 1.14924E-8 4.87765E-8 3.30425E-10 -9999
1.74953E-5 5.91794E-6 1.7961E-5 2.86639E-5 3.60423E-5 2.15867E-4 4.74748E-4 4.89512E-4 4.34337E-4 1.12926E-3 8.13517E-4 8.12221E-4 1.84205E-3 2.58872E-3 1.82432E-2 3.6302E-2 9.31486E-2 1.47181E-1 9.27311E-2 2.78935E-2 4.23306E-2 5.90189E-2 1.78648E-1 2.58849E-1 3.12477E-1 3.67489E-1 3.20472E-1 3.71623E-1 4.27389E-1 4.38348E-1 4.62224E-1 4.66867E-1 4.16005E-1 2.12757E-1 8.72663E-2 7.40993E-2 1.02713E-1 1.69868E-1 1.25016E-1 1.96265E-1 1.8466E-1 3.87955E-2 8.7851E-5 3.69776E-5 1.07817E-3 1.66875E-2 5.37991E-2 1.94421E-2 2.70207E-4 1.10861E-4 4.8029E-5 7.19131E-6 5.55533E-8 8.07755E-9 6.58488E-8 3.94384E-8 8.61038E-8 7.15223E-7 7.37777E-9 8.80131E-8 1.85101E-8 3.29127E-9 3.73263E-7 3.78407E-7 2.98357E-9 4.99902E-10 3.15554E-9 1.08244E-8 5.49383E-8 -9999
1.4793E-5 4.58764E-6 2.7913E-5 3.74195E-5 8.53151E-5 2.78262E-4 9.47011E-4 7.98149E-4 7.04585E-4 8.82109E-4 1.74294E-3 2.29607E-3 1.35706E-3 1.15356E-3 1.99308E-2 1.03175E-1 1.54087E-1 1.97706E-1 1.88101E-1 1.2292E-1 1.81374E-1 2.13898E-1 3.24629E-1 3.78984E-1 4.36649E-1 4.08497E-1 4.01326E-1 4.33631E-1 4.3511E-1 4.28644E-1 4.43389E-1 4.55494E-1 4.27612E-1 3.02351E-1 1.87767E-1 1.61766E-1 1.28775E-1 1.3175E-1 1.88082E-1 2.4448E-1 2.41746E-1 1.05192E-1 2.38217E-3 1.92813E-5 7.32151E-5 8.74371E-4 2.86971E-3 2.71039E-3 3.4344E-4 1.15982E-4 5.88124E-4 3.67065E-5 9.65686E-7 1.28921E-7 3.06642E-8 3.05408E-8 3.07328E-7 1.21003E-6 1.29044E-7 1.25727E-8 5.97528E-8 4.67889E-9 2.62511E-8 7.26584E-9 1.01001E-7 1.29268E-9 3.32865E-10 9.30144E-9 8.26714E-8 -9999
2.89316E-5 1.32841E-5 2.44296E-5 2.07975E-5 1.48904E-4 6.67908E-4 1.45672E-3 1.70295E-3 1.43504E-3 2.5433E-3 2.91062E-3 9.63347E-4 4.44881E-3 7.25444E-3 5.49818E-2 1.32711E-1 1.76672E-1 1.9945E-1 2.17017E-1 2.44702E-1 2.84687E-1 3.18984E-1 3.67291E-1 4.26359E-1 4.67652E-1 4.60319E-1 4.43612E-1 4.41739E-1 4.41544E-1 4.40529E-1 4.56132E-1 4.59011E-1 4.55579E-1 4.34325E-1 3.46977E-1 3.03252E-1 2.59588E-1 1.74346E-1 1.15123E-1 1.66278E-1 2.50504E-1 2.0751E-1 8.46298E-2 1.21056E-3 2.71487E-3 3.78676E-4 1.76406E-4 6.14238E-4 1.53293E-4 1.01658E-3 4.56111E-3 1.35939E-3 1.56117E-5 1.75167E-5 4.20939E-6 2.08768E-8 2.06759E-8 1.07447E-6 1.60102E-8 7.59253E-8 2.70691E-8 2.70636E-8 1.58764E-8 2.34882E-8 2.17105E-8 3.27406E-8 2.90345E-9 1.38406E-9 6.15805E-9 -9999
5.63608E-5 5.38237E-5 6.60117E-5 2.41203E-4 6.58459E-4 1.17126E-3 1.58953E-3 1.5677E-3 2.17874E-3 2.56755E-3 1.35609E-3 7.52024E-4 4.74855E-3 2.26559E-2 8.26425E-2 1.25937E-1 1.49099E-1 2.10492E-1 2.3859E-1 2.6251E-1 2.98186E-1 3.52812E-1 3.90923E-1 4.15904E-1 4.30133E-1 4.33547E-1 4.40641E-1 4.34642E-1 4.37638E-1 4.49047E-1 4.57808E-1 4.78407E-1 5.01509E-1 4.84489E-1 4.48391E-1 4.32509E-1 3.96638E-1 2.38732E-1 1.21284E-1 1.23361E-1 2.51466E-1 2.54954E-1 2.16011E-1 1.07554E-1 3.87851E-2 6.21368E-3 4.69136E-3 2.6777E-3 3.84627E-4 3.93967E-4 2.0113E-3 5.7581E-4 3.0314E-4 2.3545E-4 1.62998E-6 3.36873E-7 1.75883E-8 6.27518E-8 1.89657E-7 1.56127E-7 2.20243E-7 1.09078E-7 7.49136E-8 2.53527E-8 1.80118E-8 7.38336E-9 4.38136E-8 7.56237E-8 9.56912E-9 2.02304E-7
1.50183E-4 1.2502E-4 2.28323E-4 5.38966E-4 9.59073E-4 1.22784E-3 9.92802E-4 9.85729E-4 2.02324E-3 1.96231E-3 1.12138E-3 1.91632E-3 4.0964E-3 1.10735E-2 3.32336E-2 1.10616E-1 1.87454E-1 2.35151E-1 2.45856E-1 2.68288E-1 2.99594E-1 3.38174E-1 3.8077E-1 3.56393E-1 3.58636E-1 4.12098E-1 4.33525E-1 4.33882E-1 4.40963E-1 4.40668E-1 4.52642E-1 4.66103E-1 4.81257E-1 4.80242E-1 4.82733E-1 4.79302E-1 4.53428E-1 3.57198E-1 2.31623E-1 1.5307E-1 1.99346E-1 1.86477E-1 1.06815E-1 7.18321E-2 9.03426E-3 8.58653E-3 4.30454E-3 1.01034E-3 8.19232E-4 1.07313E-3 4.79128E-4 2.8449E-4 2.74723E-4 8.32089E-5 3.38192E-4 3.4177E-6 2.39613E-7 1.90558E-8 3.0195E-8 1.04056E-7 5.88901E-8 1.3918E-7 5.22558E-8 1.59203E-8 2.90411E-9 1.56458E-8 1.53854E-9 4.93055E-8 8.10636E-7 6.05494E-8
1.73686E-4 2.52979E-4 4.5627E-4 7.54896E-4 1.02779E-3 9.83771E-4 1.156E-3 2.02677E-3 1.57828E-3 1.21583E-3 2.29261E-3 4.97098E-3 1.54162E-2 3.63556E-2 7.68465E-2 1.11643E-1 2.01717E-1 2.41038E-1 2.51689E-1 2.57806E-1 2.82842E-1 3.25254E-1 3.57331E-1 3.80686E-1 3.96005E-1 4.09364E-1 4.17528E-1 4.15935E-1 4.20822E-1 4.15193E-1 4.21289E-1 4.27435E-1 4.32821E-1 4.58585E-1 4.89939E-1 5.20001E-1 5.16962E-1 4.72228E-1 3.92179E-1 3.01108E-1 2.30247E-1 1.6666E-1 7.09001E-2 1.36209E-2 1.34491E-3 3.40046E-4 2.32206E-5 6.82781E-5 1.23006E-4 8.38984E-5 9.0674E-5 8.75729E-5 9.82245E-5 3.26097E-4 2.72006E-4 1.54089E-5 8.2714E-7 6.38852E-7 3.74613E-8 3.26829E-8 8.23332E-8 3.44847E-7 6.63556E-8 2.24207E-8 2.44115E-8 6.80682E-8 9.7126E-9 1.75408E-8 4.30087E-8 5.39194E-7
5.44295E-4 7.88718E-4 9.96918E-4 1.00876E-3 1.27622E-3 1.50543E-3 2.04411E-3 2.00798E-3 1.02825E-3 2.20085E-3 2.78975E-3 8.51844E-3 6.71697E-3 1.13126E-2 9.30548E-3 4.88369E-2 1.40231E-1 2.19994E-1 2.49359E-1 2.48242E-1 2.71422E-1 2.99402E-1 3.31994E-1 3.4488E-1 3.66625E-1 3.86176E-1 3.83258E-1 3.98465E-1 3.94335E-1 3.83923E-1 3.75157E-1 3.73972E-1 3.75765E-1 4.0029E-1 4.42432E-1 5.17192E-1 5.48761E-1 5.46006E-1 5.07526E-1 4.63968E-1 4.00811E-1 2.96801E-1 1.54295E-1 4.99945E-2 1.02907E-2 1.31799E-3 2.68999E-5 5.54324E-7 1.77164E-5 3.90201E-6 1.58192E-6 6.54315E-8 6.60458E-9 5.29139E-6 1.45954E-4 4.28942E-5 3.59014E-5 5.39774E-7 5.09134E-7 1.26514E-6 6.88865E-8 3.74613E-8 8.14177E-8 5.76504E-8 4.69302E-8 8.55873E-8 2.01959E-7 3.17311E-7 6.84508E-9 6.54863E-7
1.41379E-3 1.25589E-3 1.07006E-3 1.5015E-3 1.76243E-3 1.95309E-3 2.13494E-3 1.90595E-3 2.94023E-3 6.2328E-3 4.49014E-3 7.6847E-3 3.76824E-3 4.82687E-3 1.6999E-2 6.25071E-2 1.30799E-1 1.7211E-1 2.41105E-1 2.44968E-1 2.54795E-1 2.7953E-1 3.00644E-1 3.22467E-1 3.43751E-1 3.56274E-1 3.6721E-1 3.4547E-1 3.27274E-1 3.24466E-1 3.67386E-1 3.9566E-1 4.20108E-1 4.33525E-1 4.71841E-1 5.13704E-1 5.44635E-1 5.60308E-1 5.65594E-1 5.56343E-1 5.35785E-1 4.75135E-1 3.65242E-1 3.18531E-1 1.57527E-1 4.28197E-2 4.23811E-3 4.53878E-5 4.72944E-7 3.32389E-8 3.24234E-9 9.09407E-12 6.4631E-14 3.7741E-9 1.09905E-4 3.4383E-5 1.32268E-5 6.23213E-5 2.73147E-5 3.62719E-6 8.21172E-8 1.23332E-7 5.06665E-8 2.73968E-8 3.28814E-8 2.6472E-8 3.00233E-8 3.57067E-7 2.56156E-8 7.9294E-8
2.00937E-3 9.74532E-4 1.53101E-3 1.98271E-3 2.0745E-3 1.84988E-3 2.04432E-3 2.48458E-3 3.7623E-3 9.89305E-3 9.93632E-3 7.1442E-3 1.05531E-2 2.69229E-2 4.33383E-2 1.06575E-1 1.77089E-1 2.0634E-1 2.05527E-1 2.24022E-1 2.46339E-1 2.64639E-1 2.79544E-1 2.95062E-1 3.00143E-1 3.18709E-1 3.33359E-1 3.47284E-1 3.48211E-1 3.86461E-1 4.17816E-1 4.20794E-1 4.15154E-1 4.03764E-1 4.30097E-1 4.67342E-1 5.04038E-1 5.33832E-1 5.51376E-1 5.61725E-1 5.61478E-1 5.57868E-1 5.21766E-1 5.30364E-1 4.53047E-1 2.6769E-1 1.05718E-1 2.36649E-2 1.22058E-3 9.29468E-6 1.92411E-7 1.59057E-12 3.81472E-16 3.76328E-9 1.27318E-8 3.26807E-5 6.63451E-5 4.00265E-5 9.96896E-5 3.95959E-5 2.7642E-7 1.29101E-6 4.30612E-7 2.11927E-6 1.06119E-7 1.92834E-8 3.70506E-8 -9999 -9999 1.18525E-8
1.81149E-3 2.28116E-3 2.05562E-3 1.79789E-3 1.51798E-3 1.66883E-3 1.84917E-3 1.74996E-3 3.04688E-3 8.18457E-3 2.20887E-2 2.1649E-2 3.76585E-2 7.19199E-2 8.6493E-2 1.30319E-1 1.71591E-1 1.81937E-1 1.84137E-1 1.98992E-1 2.2105E-1 2.37664E-1 2.43485E-1 2.42693E-1 2.56275E-1 2.71396E-1 2.88296E-1 3.12151E-1 3.42511E-1 3.72108E-1 3.99608E-1 4.06391E-1 4.00881E-1 3.93587E-1 3.99432E-1 4.263E-1 4.53786E-1 4.89355E-1 5.14753E-1 5.33154E-1 5.51376E-1 5.59418E-1 5.57596E-1 5.54377E-1 5.34876E-1 4.61678E-1 3.46606E-1 1.71627E-1 3.9441E-2 1.79247E-3 6.73569E-6 1.96178E-9 1.75921E-18 4.48839E-21 6.60816E-8 2.80643E-5 1.14184E-4 3.47094E-5 6.89281E-5 9.05929E-5 5.01049E-6 1.14499E-6 5.93673E-8 1.32831E-6 1.13765E-5 7.25816E-7 9.50688E-8 -9999 -9999 -9999
2.79162E-3 2.21851E-3 1.65154E-3 1.45737E-3 1.58389E-3 2.26524E-3 2.38682E-3 3.61489E-3 5.60157E-3 4.95978E-3 2.62253E-2 4.50744E-2 6.34668E-2 9.00872E-2 1.21585E-1 1.37829E-1 1.58616E-1 1.63597E-1 1.72559E-1 1.80012E-1 1.92229E-1 1.97431E-1 1.98465E-1 2.05282E-1 2.1485E-1 2.26196E-1 2.4103E-1 2.6283E-1 2.95125E-1 3.29085E-1 3.68235E-1 3.90361E-1 3.95055E-1 3.7256E-1 3.66403E-1 3.84327E-1 4.03666E-1 4.3465E-1 4.72586E-1 5.09523E-1 5.45384E-1 5.56854E-1 5.5686E-1 5.57686E-1 5.48971E-1 5.2922E-1 4.65066E-1 3.29013E-1 1.52617E-1 3.45091E-2 5.9401E-4 4.34867E-7 3.83948E-11 8.49617E-20 2.69327E-24 3.27896E-17 4.12841E-9 1.48833E-5 3.38249E-7 2.36382E-5 8.14453E-5 1.33614E-6 1.01065E-7 1.4939E-6 1.57224E-5 2.25875E-5 7.6783E-6 5.67814E-5 -9999 -9999
2.48458E-3 3.44809E-3 2.58191E-3 2.3127E-3 2.60279E-3 3.1647E-3 4.45734E-3 5.5005E-3 8.57607E-3 8.69046E-3 1.80236E-2 4.99641E-2 7.48913E-2 8.70021E-2 1.06632E-1 9.5429E-2 1.54344E-1 1.51023E-1 1.60269E-1 1.68955E-1 1.75523E-1 1.72559E-1 1.72559E-1 1.74038E-1 1.76123E-1 1.87607E-1 2.01612E-1 2.1646E-1 2.47698E-1 2.88308E-1 3.22071E-1 3.45196E-1 3.50761E-1 3.36419E-1 3.3713E-1 3.40364E-1 3.6513E-1 3.96005E-1 4.41361E-1 4.94604E-1 5.38822E-1 5.58149E-1 5.60897E-1 5.57686E-1 5.45763E-1 5.34831E-1 5.01698E-1 4.29682E-1 2.98855E-1 1.47016E-1 8.76114E-3 1.44927E-5 5.65337E-10 4.58165E-11 4.10065E-17 1.96706E-15 4.68325E-12 1.14632E-9 2.01928E-8 1.93433E-7 6.46444E-5 1.06466E-5 1.66321E-6 6.7553E-7 5.29535E-6 1.66731E-6 9.97179E-7 1.26102E-4 -9999 -9999
6.52402E-3 3.70691E-3 4.18694E-3 3.97553E-3 4.64087E-3 4.91006E-3 6.15217E-3 7.81931E-3 1.12912E-2 1.22116E-2 2.18793E-2 2.68712E-2 6.84513E-2 8.25662E-2 7.47315E-2 6.22755E-2 1.43436E-1 1.46183E-1 1.4632E-1 1.54608E-1 1.54608E-1 1.52514E-1 1.35078E-1 1.37683E-1 1.4432E-1 1.56703E-1 1.65257E-1 1.80012E-1 2.10047E-1 2.42693E-1 2.78148E-1 3.0333E-1 3.08052E-1 3.01392E-1 2.97747E-1 3.18012E-1 3.37761E-1 3.69864E-1 4.16529E-1 4.7491E-1 5.29555E-1 5.61737E-1 5.61663E-1 5.52934E-1 5.37606E-1 5.22231E-1 5.14486E-1 4.81333E-1 4.04621E-1 3.0656E-1 9.31157E-2 3.54858E-4 2.19265E-9 3.84235E-9 5.87862E-8 8.59073E-10 4.72538E-10 1.62145E-7 1.03845E-7 6.87673E-7 1.09505E-6 4.0805E-5 4.98708E-6 5.67545E-6 2.95606E-6 7.76476E-6 1.26855E-4 2.66518E-4 -9999 -9999
6.33592E-3 5.41602E-3 5.58351E-3 6.07087E-3 6.08804E-3 6.72059E-3 7.74685E-3 9.46963E-3 1.40764E-2 1.62035E-2 1.95077E-2 3.18657E-2 5.6469E-2 7.37888E-2 3.81917E-2 3.69415E-2 1.29444E-1 1.42758E-1 1.40185E-1 1.39396E-1 1.34912E-1 1.29757E-1 1.18146E-1 1.18146E-1 1.24234E-1 1.33072E-1 1.4632E-1 1.57425E-1 1.77013E-1 2.11166E-1 2.42693E-1 2.73082E-1 2.93373E-1 2.89889E-1 2.89716E-1 2.98058E-1 3.09715E-1 3.4265E-1 3.92995E-1 4.56026E-1 5.19027E-1 5.64101E-1 5.66221E-1 5.53293E-1 5.41141E-1 5.28402E-1 5.31483E-1 5.15838E-1 4.8088E-1 4.16194E-1 2.65827E-1 7.4285E-2 4.50497E-3 7.90057E-4 6.83879E-5 1.76514E-4 1.13641E-5 1.70769E-6 3.19237E-7 8.85742E-8 5.66581E-7 1.15313E-5 2.35559E-5 1.3392E-4 3.29381E-4 3.96869E-4 5.95049E-4 5.26448E-6 6.13001E-7 -9999
6.79161E-3 5.34781E-3 4.72774E-3 5.3616E-3 6.45782E-3 6.61519E-3 9.08073E-3 1.05003E-2 1.24931E-2 1.2332E-2 1.71603E-2 3.88485E-2 6.72112E-2 5.66242E-2 4.17912E-2 5.53572E-2 1.09235E-1 1.38961E-1 1.3232E-1 1.26435E-1 1.24357E-1 1.20643E-1 1.11891E-1 1.09576E-1 1.11891E-1 1.16203E-1 1.24722E-1 1.34912E-1 1.55278E-1 1.77866E-1 2.16003E-1 2.60911E-1 2.90012E-1 3.10283E-1 3.10038E-1 2.98292E-1 2.89889E-1 3.1673E-1 3.62717E-1 4.20695E-1 4.84875E-1 5.31059E-1 5.47014E-1 5.49378E-1 5.45776E-1 5.47325E-1 5.48747E-1 5.4307E-1 5.1783E-1 4.8267E-1 4.33002E-1 3.16902E-1 1.14709E-1 4.71241E-2 9.87142E-3 3.32612E-3 5.3033E-4 6.99683E-6 2.91867E-6 9.69624E-6 2.46568E-5 6.25659E-5 1.27009E-5 2.92689E-5 3.51625E-5 1.25971E-4 5.86337E-6 5.37519E-6 8.3924E-7 -9999
6.22014E-3 5.82565E-3 5.5618E-3 5.86582E-3 6.9316E-3 7.86376E-3 6.96117E-3 8.57607E-3 1.02708E-2 1.43934E-2 2.49729E-2 4.57335E-2 4.96281E-2 4.0815E-2 4.63114E-2 6.57123E-2 9.17677E-2 1.35892E-1 1.27437E-1 1.21018E-1 1.19789E-1 1.12583E-1 1.07629E-1 1.05365E-1 9.98463E-2 1.0203E-1 1.05041E-1 1.11891E-1 1.27697E-1 1.55278E-1 1.95665E-1 2.55498E-1 3.08828E-1 3.36094E-1 3.25709E-1 2.98451E-1 2.79838E-1 2.95066E-1 3.33787E-1 3.75439E-1 4.29199E-1 4.64247E-1 4.90263E-1 5.12477E-1 5.29255E-1 5.33659E-1 5.48324E-1 5.6209E-1 5.5161E-1 5.36436E-1 5.43281E-1 4.91412E-1 3.60269E-1 1.39888E-1 7.90532E-2 1.17955E-2 1.02977E-3 5.83846E-5 3.4673E-4 3.50887E-4 2.01953E-5 5.32825E-6 2.93768E-5 1.31101E-4 2.42629E-4 2.30368E-5 2.95411E-6 9.9389E-7 5.56551E-7 9.51933E-7
5.36808E-3 3.95034E-3 4.97832E-3 6.32443E-3 7.35713E-3 7.07144E-3 9.16862E-3 1.23182E-2 1.37557E-2 1.45398E-2 2.91807E-2 4.47947E-2 3.64911E-2 4.26755E-2 4.90393E-2 8.77684E-2 1.05096E-1 1.35954E-1 1.23816E-1 1.17355E-1 1.12889E-1 1.1171E-1 1.07076E-1 9.68875E-2 9.47735E-2 9.26915E-2 9.0413E-2 9.34859E-2 1.04246E-1 1.32822E-1 1.76426E-1 2.4658E-1 3.29461E-1 3.61597E-1 3.29313E-1 2.91716E-1 2.74693E-1 2.78093E-1 3.00143E-1 3.37117E-1 3.65919E-1 3.97086E-1 4.19378E-1 4.7847E-1 5.25978E-1 5.34624E-1 5.4155E-1 5.59136E-1 5.6571E-1 5.69488E-1 5.65207E-1 5.23314E-1 4.29114E-1 3.33259E-1 1.97624E-1 6.9033E-2 4.41448E-3 3.82444E-4 2.40788E-4 6.56175E-5 1.36279E-4 1.22994E-5 3.90745E-5 7.19775E-5 1.91024E-4 2.51176E-4 1.4244E-5 1.70307E-6 3.3672E-5 1.67812E-5
5.52403E-3 2.67795E-3 6.35266E-3 1.2602E-2 1.87318E-2 1.60815E-2 1.35165E-2 1.51538E-2 2.10212E-2 2.59347E-2 3.77484E-2 3.61752E-2 3.68192E-2 4.00624E-2 6.74302E-2 8.73868E-2 9.24634E-2 1.30353E-1 1.21906E-1 1.12889E-1 1.07553E-1 1.06184E-1 9.94947E-2 9.29063E-2 8.78194E-2 8.38941E-2 8.0096E-2 7.82443E-2 8.5656E-2 1.11083E-1 1.50863E-1 2.20851E-1 3.38127E-1 3.6359E-1 3.10553E-1 2.72835E-1 2.55826E-1 2.57769E-1 2.72995E-1 2.96829E-1 3.13657E-1 3.3831E-1 3.90988E-1 4.78344E-1 5.28207E-1 5.24463E-1 5.28935E-1 5.46319E-1 5.63413E-1 5.74968E-1 5.6822E-1 5.3168E-1 4.91253E-1 4.30431E-1 3.69744E-1 1.9515E-1 3.45091E-2 3.48029E-4 3.18188E-5 2.85889E-5 1.15207E-5 1.01074E-5 2.95859E-6 1.95298E-6 4.19057E-6 3.01902E-5 6.24073E-5 2.3838E-5 1.81777E-5 1.01068E-6
6.58917E-3 7.62572E-3 1.47824E-2 1.39215E-2 1.64823E-2 2.2031E-2 1.97147E-2 1.99269E-2 2.41154E-2 2.74382E-2 3.19622E-2 3.84825E-2 4.6097E-2 5.83359E-2 8.4323E-2 1.01321E-1 7.68321E-2 1.33284E-1 1.22869E-1 1.05937E-1 9.9857E-2 9.75149E-2 9.32663E-2 8.91484E-2 8.40496E-2 7.93035E-2 7.56494E-2 7.12578E-2 7.4635E-2 1.03685E-1 1.32427E-1 1.87924E-1 2.61028E-1 2.82375E-1 2.49981E-1 2.30269E-1 2.28611E-1 2.35692E-1 2.44036E-1 2.57769E-1 2.71298E-1 2.96759E-1 3.62717E-1 4.45585E-1 4.83935E-1 4.91475E-1 4.97671E-1 5.24212E-1 5.58966E-1 5.78789E-1 5.78617E-1 5.64467E-1 5.65246E-1 5.21398E-1 4.52328E-1 3.51887E-1 1.64976E-1 5.45928E-3 1.2721E-6 2.0553E-7 1.50236E-7 2.03407E-7 1.46992E-9 3.18756E-8 2.07856E-9 6.4158E-8 5.03683E-7 9.41837E-6 5.17138E-6 3.22352E-6
8.15574E-3 3.71922E-3 2.9121E-3 6.76751E-3 1.32768E-2 1.50654E-2 1.53225E-2 1.64243E-2 1.94179E-2 2.8562E-2 4.00065E-2 5.13313E-2 6.32474E-2 8.02831E-2 1.03462E-1 1.20037E-1 1.18439E-1 1.34755E-1 1.22497E-1 1.02803E-1 9.13284E-2 8.82657E-2 8.42965E-2 8.52766E-2 8.14048E-2 7.95173E-2 7.66585E-2 7.30864E-2 8.13018E-2 9.51977E-2 1.21363E-1 1.52808E-1 1.91056E-1 2.04529E-1 2.01321E-1 1.94094E-1 1.98824E-1 2.10033E-1 2.28611E-1 2.42361E-1 2.50759E-1 2.67907E-1 3.44179E-1 4.11653E-1 4.44253E-1 4.57636E-1 4.60213E-1 4.89088E-1 5.45911E-1 5.8111E-1 5.82762E-1 5.81975E-1 5.82945E-1 5.75797E-1 5.29947E-1 4.61684E-1 3.05244E-1 9.00991E-2 6.83397E-4 6.245E-9 6.10301E-13 1.61127E-12 5.99234E-14 2.56386E-14 1.59696E-13 1.721E-11 3.41202E-9 2.41269E-7 1.13764E-6 6.12653E-7
8.27977E-3 5.73418E-3 2.31382E-3 2.84481E-3 9.12684E-3 1.68199E-2 2.09986E-2 2.40251E-2 3.26221E-2 4.80569E-2 5.89572E-2 6.77118E-2 7.69979E-2 8.73868E-2 1.01248E-1 1.13802E-1 1.16808E-1 1.42712E-1 1.2368E-1 9.62597E-2 8.63624E-2 8.1487E-2 8.05363E-2 8.05363E-2 8.1487E-2 8.34127E-2 8.05363E-2 7.67463E-2 8.22544E-2 9.1191E-2 1.08479E-1 1.26381E-1 1.49085E-1 1.59964E-1 1.59382E-1 1.57336E-1 1.63092E-1 1.83246E-1 2.11654E-1 2.43646E-1 2.55498E-1 2.66013E-1 3.29085E-1 4.02068E-1 4.3601E-1 4.31746E-1 4.00531E-1 4.25981E-1 5.13321E-1 5.68124E-1 5.82859E-1 5.86967E-1 5.85405E-1 5.8455E-1 5.66701E-1 5.21252E-1 3.35992E-1 1.61501E-1 2.94225E-2 1.97054E-4 2.29395E-8 3.2217E-11 7.00872E-11 3.07939E-14 2.56555E-18 2.71657E-14 2.21757E-10 8.06395E-8 3.57513E-7 5.22036E-6
1.28857E-2 2.6997E-2 3.30041E-2 1.98638E-2 1.33622E-2 2.07882E-2 3.4386E-2 4.2666E-2 4.81087E-2 6.40238E-2 8.39543E-2 8.77408E-2 9.63695E-2 9.59768E-2 9.1966E-2 1.27909E-1 1.02304E-1 1.48202E-1 1.1899E-1 8.63624E-2 7.59495E-2 7.68624E-2 7.59495E-2 7.68624E-2 8.34795E-2 8.6438E-2 8.44574E-2 8.24458E-2 8.23606E-2 8.72612E-2 9.75149E-2 1.11047E-1 1.22929E-1 1.31524E-1 1.35047E-1 1.37698E-1 1.43959E-1 1.64548E-1 1.94965E-1 2.23115E-1 2.33091E-1 2.53798E-1 3.24319E-1 3.9981E-1 4.37194E-1 4.40037E-1 3.856E-1 3.9981E-1 4.91629E-1 5.3993E-1 5.60695E-1 5.8136E-1 5.62857E-1 5.82616E-1 5.54031E-1 5.02793E-1 4.12035E-1 2.79691E-1 1.36308E-1 3.06107E-2 9.52549E-5 1.7731E-6 3.18772E-8 2.05201E-10 5.40549E-12 7.71348E-15 1.63374E-11 3.30615E-7 9.85808E-5 4.41202E-5
2.64256E-2 8.52184E-2 1.17337E-1 1.54083E-1 9.08471E-2 3.35428E-2 3.90219E-2 7.80503E-2 9.37063E-2 1.02159E-1 1.09326E-1 1.1005E-1 1.16442E-1 8.60462E-2 1.26437E-1 1.602E-1 1.22281E-1 1.4638E-1 1.09377E-1 8.25098E-2 7.32784E-2 7.50685E-2 7.50447E-2 7.41478E-2 8.06327E-2 8.45055E-2 8.25526E-2 7.68624E-2 7.87124E-2 7.86592E-2 8.83698E-2 9.76754E-2 1.1126E-1 1.14614E-1 1.17983E-1 1.22606E-1 1.36369E-1 1.55091E-1 1.84815E-1 2.06141E-1 2.14269E-1 2.40969E-1 3.03539E-1 3.81831E-1 4.20584E-1 4.32478E-1 4.17557E-1 4.65915E-1 4.95655E-1 5.16394E-1 5.33685E-1 5.69069E-1 5.5168E-1 5.39786E-1 5.91E-1 5.65613E-1 5.07092E-1 4.141E-1 2.89886E-1 1.50147E-1 9.4759E-3 8.99901E-4 1.36761E-3 1.96888E-4 6.63718E-8 4.25981E-7 4.31273E-9 2.76804E-7 1.71364E-7 1.0256E-6
4.42994E-2 1.00908E-1 1.23778E-1 1.47095E-1 1.50302E-1 1.05448E-1 8.41214E-2 1.0053E-1 1.08757E-1 8.41337E-2 8.90854E-2 9.12828E-2 1.05325E-1 1.62391E-1 1.70305E-1 1.39069E-1 1.66126E-1 1.42866E-1 1.12636E-1 9.06049E-2 8.15886E-2 7.59756E-2 7.41695E-2 7.32784E-2 7.59756E-2 7.50685E-2 7.32784E-2 7.23954E-2 7.06398E-2 7.50447E-2 8.15482E-2 9.15338E-2 9.78115E-2 1.066E-1 1.09874E-1 1.13167E-1 1.27655E-1 1.48599E-1 1.71769E-1 1.89488E-1 2.00583E-1 2.20176E-1 2.63257E-1 3.22559E-1 3.72245E-1 3.9693E-1 4.09071E-1 4.46504E-1 4.7249E-1 4.63182E-1 4.78942E-1 5.08659E-1 5.31186E-1 5.53352E-1 5.85213E-1 5.90817E-1 5.68764E-1 4.99788E-1 3.9028E-1 2.43057E-1 7.54338E-2 1.72397E-2 1.34399E-2 2.27384E-2 7.232E-3 4.50807E-5 4.55664E-10 4.56779E-9 9.09189E-7 8.53369E-8
7.81193E-2 9.47513E-2 9.85975E-2 9.69801E-2 1.12889E-1 1.24234E-1 1.19637E-1 1.04377E-1 1.03458E-1 1.0308E-1 1.1377E-1 1.29905E-1 1.70073E-1 1.84327E-1 1.96387E-1 1.61202E-1 1.73168E-1 1.46109E-1 1.27965E-1 1.08282E-1 9.06049E-2 7.68908E-2 7.15204E-2 6.97941E-2 6.72637E-2 6.97941E-2 6.89428E-2 6.72637E-2 6.64359E-2 6.97941E-2 7.68908E-2 8.54944E-2 9.58403E-2 1.03477E-1 1.0909E-1 1.1364E-1 1.25753E-1 1.37181E-1 1.47689E-1 1.61969E-1 1.68778E-1 1.9024E-1 2.24456E-1 2.73226E-1 3.17154E-1 3.50276E-1 3.80571E-1 4.14414E-1 4.2827E-1 4.11278E-1 3.85521E-1 3.83875E-1 4.96114E-1 5.46226E-1 5.60592E-1 5.63843E-1 5.87007E-1 5.4433E-1 4.42936E-1 3.39857E-1 2.20551E-1 1.01491E-1 6.29528E-2 8.64052E-2 8.68683E-2 4.80071E-3 5.0915E-6 7.26353E-8 1.40389E-7 7.37707E-8
6.9269E-2 7.05833E-2 6.83042E-2 7.24728E-2 8.06528E-2 1.0123E-1 1.22509E-1 1.17218E-1 1.16618E-1 1.23235E-1 1.39613E-1 1.43021E-1 1.62989E-1 1.82138E-1 1.88107E-1 1.79587E-1 1.65936E-1 1.61797E-1 1.47214E-1 1.26819E-1 1.02525E-1 7.87454E-2 6.80892E-2 6.5601E-2 6.56158E-2 6.56158E-2 6.32019E-2 6.31827E-2 6.31827E-2 6.80892E-2 7.78246E-2 8.75308E-2 9.58965E-2 1.04803E-1 1.11735E-1 1.11446E-1 1.16256E-1 1.16052E-1 1.20722E-1 1.31889E-1 1.43969E-1 1.61019E-1 1.9413E-1 2.3385E-1 2.72717E-1 3.06284E-1 3.46769E-1 3.85857E-1 4.11836E-1 4.0545E-1 3.84197E-1 4.03841E-1 5.14748E-1 5.33167E-1 4.75091E-1 4.8978E-1 5.77823E-1 5.7551E-1 4.83967E-1 4.10075E-1 3.46417E-1 2.33417E-1 1.80856E-1 1.64976E-1 1.20642E-1 3.29433E-2 2.65264E-3 2.91716E-5 4.39939E-6 8.96165E-7
