KUENM/Final_Models/M_0.1_F_lq_Set_2_E/sp1_6.asc
ncols         197
nrows         210
xllcorner     56.1666666666667
yllcorner     4.5
cellsize      0.166666666666667
NODATA_value  -9999
[rows 28 to 55 of 210, columns 65 to 129 of 197]
2.98395E-8 1.03677E-8 1.98863E-9 6.49006E-9 4.24521E-8 1.59641E-7 1.11985E-8 4.58307E-9 8.58007E-8 2.52038E-7 5.48661E-8 6.5608E-9 1.55902E-3 3.72545E-3 4.28998E-4 1.8179E-2 1.31277E-2 1.39387E-3 6.02975E-2 9.29372E-2 2.09328E-2 1.5604E-4 5.73105E-4 4.84001E-2 1.27032E-1 2.39891E-2 1.59007E-1 1.4271E-1 1.16889E-1 2.02014E-2 4.09813E-2 3.34372E-2 5.91492E-3 4.71522E-4 3.49734E-3 2.96652E-3 4.48123E-4 1.13879E-5 1.55759E-6 1.37431E-5 7.78113E-9 3.21212E-7 8.01647E-6 9.89829E-6 8.36543E-6 7.0997E-7 2.77144E-7 1.60476E-8 2.68191E-9 2.51838E-10 2.43957E-11 6.0263E-12 1.96326E-11 9.00672E-13 1.20792E-10 7.14074E-9 5.03919E-13 3.43121E-14 2.65891E-14 1.14692E-11 2.92715E-11 3.59227E-11 3.88696E-13 7.328E-11 3.22846E-17
8.12699E-10 9.74936E-10 2.53259E-9 6.35874E-10 1.1755E-9 2.57027E-10 3.22179E-9 2.04625E-8 2.43264E-9 2.16959E-9 1.62682E-8 2.40691E-6 9.40254E-4 2.34496E-3 1.48776E-3 1.26664E-2 5.0357E-2 7.58579E-2 1.29809E-1 1.46274E-1 1.47534E-1 1.80206E-1 1.78182E-1 1.6145E-1 5.49259E-2 2.44799E-1 2.85546E-1 1.37938E-1 1.84103E-1 2.26349E-1 2.01722E-1 2.32806E-2 2.68444E-2 5.47017E-3 5.78404E-3 1.4661E-4 3.46891E-4 2.82996E-4 2.16994E-4 8.18252E-6 3.81199E-6 8.80109E-5 2.99613E-5 4.02979E-4 8.37435E-5 4.12701E-7 1.89029E-7 1.55626E-7 3.85237E-8 9.14725E-10 5.68073E-12 1.57117E-11 2.04337E-11 3.18421E-10 1.52601E-8 9.17344E-10 3.6227E-9 1.52897E-9 5.39973E-14 6.03232E-15 7.61585E-15 6.95213E-14 3.00846E-10 2.41046E-8 5.12174E-14
1.69389E-8 3.8871E-9 1.85443E-8 4.21638E-8 1.87708E-7 2.26348E-7 5.47234E-8 6.00229E-8 3.68433E-8 7.69629E-7 2.23371E-5 4.02626E-5 4.84557E-4 7.57406E-4 3.74717E-4 5.71015E-4 7.31852E-3 2.49327E-2 9.36703E-2 1.43262E-1 1.31389E-1 1.59052E-1 2.102E-1 2.30406E-1 2.19151E-1 2.84303E-1 3.08506E-1 3.27227E-1 4.28316E-1 4.38317E-1 4.0136E-1 2.18442E-1 9.74545E-2 5.21869E-2 1.13273E-2 9.66832E-4 1.0786E-4 1.42825E-5 8.19942E-5 6.73229E-4 1.69066E-3 1.14978E-5 1.72758E-4 5.63898E-3 1.34982E-3 1.76788E-3 6.74168E-6 9.21056E-9 1.82726E-9 4.54763E-10 1.50404E-11 1.03711E-10 3.6624E-10 3.06505E-10 6.40885E-10 9.83106E-10 6.83874E-10 2.42913E-9 4.73688E-9 3.70335E-12 3.20892E-14 2.30369E-15 1.01329E-14 2.61899E-14 4.06335E-10
1.05664E-8 7.41305E-8 9.9738E-8 1.13723E-8 9.9347E-9 1.2607E-7 2.811E-7 1.43123E-6 1.0104E-6 1.73283E-6 7.9975E-6 4.6227E-5 5.15456E-4 2.53145E-4 4.56306E-6 5.7248E-6 9.70552E-4 6.61723E-3 6.31534E-2 1.34636E-1 1.71689E-1 1.80798E-1 2.01039E-1 2.46789E-1 2.85403E-1 3.11188E-1 3.64639E-1 4.40719E-1 4.79457E-1 4.89807E-1 4.9054E-1 4.7571E-1 3.8241E-1 1.70719E-1 1.95631E-2 1.52575E-2 4.35873E-4 2.06644E-4 2.10343E-4 6.63661E-3 6.57678E-4 1.39802E-5 1.34441E-6 6.49313E-4 7.5163E-3 1.10528E-2 1.29398E-3 2.4809E-5 1.36916E-7 1.63211E-8 7.35627E-10 2.44705E-11 8.98121E-13 2.37465E-10 1.55156E-11 5.61575E-12 4.63546E-12 2.31013E-11 1.69717E-10 1.58257E-9 2.1053E-9 1.05391E-8 4.09019E-11 1.89573E-12 4.26189E-13
9.04048E-8 2.90681E-7 2.24432E-8 1.64503E-8 1.60257E-8 1.29696E-7 4.37941E-7 4.13029E-7 3.44093E-6 1.87765E-5 7.10193E-5 2.00629E-4 5.182E-4 1.38298E-4 2.64859E-7 3.80864E-6 2.84939E-6 5.33844E-8 4.18556E-6 1.10416E-3 1.37247E-2 7.25504E-2 1.63699E-1 1.54626E-1 1.81988E-1 2.30242E-1 3.86058E-1 4.20456E-1 4.77941E-1 5.01939E-1 5.03069E-1 4.90598E-1 4.9273E-1 4.6665E-1 2.43705E-1 1.99049E-1 3.84866E-3 1.01656E-3 1.49445E-4 3.22305E-2 6.88859E-3 7.19825E-4 7.0083E-4 1.36493E-5 1.93585E-4 6.31246E-3 1.02433E-2 1.41041E-3 1.24132E-6 6.52764E-8 3.35513E-9 4.94535E-10 2.00925E-12 1.2147E-10 7.0168E-14 4.04938E-13 1.6674E-13 8.19442E-14 2.79629E-14 1.62422E-11 2.72227E-12 1.23454E-9 8.03362E-10 1.86243E-7 1.55753E-10
6.63703E-7 1.99893E-7 1.30004E-8 7.20802E-9 4.77327E-9 5.8398E-8 6.69106E-8 1.54077E-7 1.69902E-6 9.09282E-6 4.40145E-5 3.17256E-4 3.16424E-4 2.91615E-5 9.72578E-7 2.40149E-5 2.62256E-4 2.07241E-3 4.13501E-3 1.17709E-4 8.82027E-6 6.69959E-5 2.85003E-3 4.02757E-2 1.54643E-1 2.69592E-1 4.11447E-1 4.3496E-1 4.55972E-1 4.09968E-1 4.21516E-1 4.93602E-1 5.11215E-1 4.74119E-1 3.21085E-1 1.98478E-1 1.25275E-2 8.59342E-3 5.62563E-3 6.4823E-2 5.63501E-2 2.36509E-3 9.95247E-4 1.53133E-5 2.50567E-8 3.46532E-5 2.09491E-3 1.12967E-2 2.07429E-3 3.33538E-5 1.07453E-8 1.91953E-8 1.29697E-10 3.74289E-12 1.38996E-12 2.42438E-13 2.10005E-13 3.99937E-13 2.78697E-12 2.63465E-11 4.99595E-10 1.80064E-9 6.73245E-12 4.59995E-12 4.05174E-8
4.21652E-8 3.53606E-9 2.60683E-8 1.80148E-9 2.10184E-8 5.26151E-8 6.79846E-8 3.78163E-6 1.7754E-5 1.35926E-5 7.06328E-6 5.06078E-5 1.57485E-5 1.1122E-5 4.72534E-5 7.05593E-5 2.18032E-3 6.40342E-3 3.27893E-2 7.48092E-2 3.26522E-2 4.47721E-3 9.08794E-3 1.58033E-2 1.02731E-1 2.12771E-1 3.11663E-1 4.11268E-1 3.09484E-1 3.84769E-1 4.76195E-1 4.82031E-1 4.96464E-1 4.74712E-1 3.89526E-1 1.58987E-1 5.36175E-2 4.64015E-2 5.71383E-2 1.06428E-1 5.59568E-2 1.21944E-1 1.09147E-1 7.54981E-3 2.7846E-7 5.01309E-8 4.61082E-5 2.35509E-3 1.31255E-2 3.02981E-3 1.37339E-6 1.82212E-7 4.41892E-8 2.27252E-9 9.95626E-13 4.55492E-14 2.66448E-12 1.43239E-12 7.49583E-12 3.19444E-10 1.21633E-13 1.17738E-11 7.45037E-13 2.55911E-14 1.82347E-10
8.79035E-9 1.17222E-7 1.6654E-8 1.03849E-9 6.00348E-8 9.51005E-8 5.4319E-7 6.33837E-6 7.5187E-5 4.26598E-5 2.31257E-5 2.93505E-5 1.05715E-4 1.46644E-4 2.74546E-5 1.55777E-5 2.75994E-3 4.68714E-2 8.74249E-2 1.63529E-1 1.23716E-1 5.35761E-2 1.07598E-1 1.44406E-1 3.10888E-1 4.0943E-1 4.853E-1 4.53152E-1 4.44769E-1 5.03564E-1 4.98557E-1 4.72755E-1 4.68478E-1 4.62327E-1 4.06444E-1 2.53012E-1 1.41787E-1 1.19021E-1 8.91197E-2 9.29831E-2 1.33758E-1 1.81946E-1 1.69459E-1 4.0581E-2 1.0608E-4 1.15173E-8 2.27632E-7 2.95369E-5 2.13834E-4 2.49741E-4 3.75926E-6 2.05259E-7 4.61567E-6 2.88397E-8 9.6116E-11 4.69139E-12 4.99318E-13 6.01432E-13 4.08675E-11 4.99666E-10 1.37874E-11 2.32847E-13 4.58933E-12 3.82421E-14 1.10431E-12
1.68574E-7 4.88635E-8 7.1807E-8 1.10761E-8 3.97191E-8 2.35499E-8 1.78616E-6 4.32323E-5 1.86123E-4 2.33319E-4 1.30329E-4 3.41741E-4 3.46845E-4 1.90137E-5 3.37724E-4 5.97107E-4 1.96348E-2 9.0648E-2 1.62258E-1 1.72571E-1 2.30804E-1 2.70821E-1 2.99732E-1 3.08914E-1 3.77084E-1 4.79457E-1 5.33329E-1 5.28862E-1 5.1556E-1 5.19273E-1 5.08689E-1 4.9134E-1 4.94478E-1 4.74432E-1 4.49709E-1 4.11498E-1 3.04424E-1 2.56147E-1 2.11821E-1 1.33405E-1 8.25192E-2 1.21257E-1 1.8122E-1 1.3107E-1 3.03952E-2 3.24764E-5 1.50203E-4 5.17244E-6 1.66403E-6 2.70871E-5 6.27361E-7 3.74397E-5 3.78413E-4 2.20911E-5 6.67426E-9 1.05023E-8 1.38901E-9 2.23092E-13 2.43755E-13 2.99065E-10 2.37392E-13 4.32047E-12 7.17912E-13 7.87221E-13 3.12706E-13
6.24821E-8 3.44256E-8 3.14798E-7 2.6363E-7 3.83974E-7 6.73359E-6 5.53855E-5 1.54832E-4 2.41696E-4 1.88683E-4 3.14979E-4 3.44434E-4 5.85085E-5 1.1355E-5 3.95392E-4 5.51561E-3 4.74008E-2 8.74334E-2 1.03899E-1 2.14735E-1 2.87265E-1 3.33222E-1 3.346E-1 4.05188E-1 4.4971E-1 4.73068E-1 4.88891E-1 5.00617E-1 5.1853E-1 5.04228E-1 5.0618E-1 5.13385E-1 5.08185E-1 5.16665E-1 5.29494E-1 4.87463E-1 4.31251E-1 4.08479E-1 3.62839E-1 1.9473E-1 8.95448E-2 8.8583E-2 1.97334E-1 1.99993E-1 1.56005E-1 5.1226E-2 1.45972E-2 1.14776E-3 1.09759E-3 5.66313E-4 1.77102E-5 9.94644E-6 1.92577E-4 5.92474E-6 1.17472E-6 7.34863E-7 2.28683E-10 1.97817E-11 1.30533E-13 1.46606E-12 1.22905E-11 1.04339E-11 2.17486E-11 7.03934E-12 3.90411E-12
1.27877E-7 2.61722E-7 2.63172E-6 1.75801E-6 6.81905E-6 4.21951E-5 1.24625E-4 1.7703E-4 8.66379E-5 7.00632E-5 2.56978E-4 1.77394E-4 3.75976E-5 8.58345E-5 3.00612E-4 1.53219E-3 9.05892E-3 7.07707E-2 1.8007E-1 2.84326E-1 3.36347E-1 3.72227E-1 4.02873E-1 4.40121E-1 4.58089E-1 3.82153E-1 3.83447E-1 4.77302E-1 5.21778E-1 5.20177E-1 5.21013E-1 5.10951E-1 5.15572E-1 5.19869E-1 5.22415E-1 5.03386E-1 4.91099E-1 4.74144E-1 4.31858E-1 3.1714E-1 1.88292E-1 1.16673E-1 1.55607E-1 1.43515E-1 7.58481E-2 4.7219E-2 5.11954E-3 3.84128E-3 1.28259E-3 1.84959E-4 1.55991E-4 1.8748E-4 6.72891E-5 2.52452E-5 1.13833E-6 1.11923E-7 1.42218E-6 6.95574E-10 9.41498E-12 1.14357E-13 3.04022E-13 3.25731E-12 1.38996E-12 7.22451E-12 1.38024E-12
7.23476E-7 2.1131E-5 3.36063E-6 7.87755E-6 2.97449E-5 8.80391E-5 1.45253E-4 1.04973E-4 1.20248E-4 3.10573E-4 1.40993E-4 6.01049E-5 1.72147E-4 6.17784E-4 4.10524E-3 1.50937E-2 4.78189E-2 8.01434E-2 2.22463E-1 3.16725E-1 3.5632E-1 3.75297E-1 4.01663E-1 4.36933E-1 4.37535E-1 4.81794E-1 5.0076E-1 5.07181E-1 5.08331E-1 5.0328E-1 5.00069E-1 4.85477E-1 4.86535E-1 4.8722E-1 4.83186E-1 5.04548E-1 5.24247E-1 5.3996E-1 5.17407E-1 4.51505E-1 3.55308E-1 2.57011E-1 1.86954E-1 1.28489E-1 4.94839E-2 8.47369E-3 7.65482E-4 1.80015E-4 1.08266E-5 2.21736E-5 1.46848E-5 1.27351E-6 2.27433E-6 2.02288E-6 2.89739E-6 3.86786E-6 1.0071E-6 6.62531E-9 5.34308E-11 3.97882E-11 2.97873E-13 2.66375E-13 1.6711E-12 2.42087E-11 1.3973E-12
1.14106E-5 7.4444E-5 3.45237E-5 8.28901E-5 1.48278E-4 1.49779E-4 2.10065E-4 2.52958E-4 3.75061E-4 2.94195E-4 5.24963E-5 2.04949E-4 2.61227E-4 1.81678E-3 8.20858E-4 1.71903E-3 9.3616E-4 1.73904E-2 1.14076E-1 2.58064E-1 3.52227E-1 3.67706E-1 3.92437E-1 4.17184E-1 4.36652E-1 4.59667E-1 4.78975E-1 4.90515E-1 4.67753E-1 4.88262E-1 4.73475E-1 4.48289E-1 4.31837E-1 4.19566E-1 4.20724E-1 4.48265E-1 4.88336E-1 5.59573E-1 5.73621E-1 5.52779E-1 4.95574E-1 4.39521E-1 3.64673E-1 2.52398E-1 1.17721E-1 3.39655E-2 6.36076E-3 7.52333E-4 1.37653E-5 2.4004E-7 5.12882E-6 5.4847E-7 1.2124E-7 6.35726E-9 1.31849E-9 2.4005E-7 3.21484E-7 3.32192E-8 2.54089E-8 2.16107E-11 2.27817E-11 1.18619E-10 8.04472E-13 2.97873E-13 1.36523E-12
2.5083E-4 8.14683E-5 2.08999E-4 1.80454E-4 1.43411E-4 2.76148E-4 3.6126E-4 3.94204E-4 3.8908E-4 2.44505E-4 4.64562E-4 1.6662E-3 6.57581E-4 1.46448E-3 2.67254E-4 3.38749E-4 3.09376E-3 3.04101E-2 1.08351E-1 1.62579E-1 3.36217E-1 3.63442E-1 3.75185E-1 3.98505E-1 4.17269E-1 4.38078E-1 4.59581E-1 4.69376E-1 4.72454E-1 4.13613E-1 3.7548E-1 3.65626E-1 4.36377E-1 4.77012E-1 5.10228E-1 5.21778E-1 5.51757E-1 5.79293E-1 5.93401E-1 5.93002E-1 5.85712E-1 5.64757E-1 5.32063E-1 4.52545E-1 3.24881E-1 2.7457E-1 1.20331E-1 2.87519E-2 2.51682E-3 2.35245E-5 2.22385E-7 1.42351E-8 1.17972E-9 3.17384E-12 1.80263E-14 2.97416E-10 5.48011E-7 2.08694E-8 3.95837E-9 6.50926E-8 1.64965E-8 5.47588E-10 7.55842E-13 1.72585E-12 3.80052E-13
1.50378E-4 4.87859E-4 3.53487E-4 9.43276E-5 2.45168E-4 4.17055E-4 4.33386E-4 3.15114E-4 3.27548E-4 4.03766E-4 7.80206E-4 4.05814E-3 3.12096E-3 1.26194E-3 2.06078E-3 9.89302E-3 1.99907E-2 9.48659E-2 2.28609E-1 2.92959E-1 3.20793E-1 3.42579E-1 3.62717E-1 3.70572E-1 3.78779E-1 4.07058E-1 4.20533E-1 4.37505E-1 4.49664E-1 4.55898E-1 4.37928E-1 4.86362E-1 5.18796E-1 5.19895E-1 5.14366E-1 5.04309E-1 5.24162E-1 5.50464E-1 5.75655E-1 5.91837E-1 5.9848E-1 5.9908E-1 5.91268E-1 5.71954E-1 5.16946E-1 5.29785E-1 4.25386E-1 2.22931E-1 7.70435E-2 1.52649E-2 6.91179E-4 4.66089E-6 9.2297E-8 6.85584E-13 7.18639E-17 1.97986E-10 6.52726E-10 3.96918E-7 7.04961E-8 2.79075E-8 1.48998E-7 2.90613E-8 4.77935E-12 8.17122E-11 1.22496E-11
1.45035E-3 7.40327E-4 2.57552E-4 4.49576E-4 3.93953E-4 2.93964E-4 2.02058E-4 2.18794E-4 2.38411E-4 1.78533E-4 4.56847E-4 2.65818E-3 1.45386E-2 1.1055E-2 2.47497E-2 6.77898E-2 8.04539E-2 1.52526E-1 2.47919E-1 2.9229E-1 3.00318E-1 3.17863E-1 3.36544E-1 3.5019E-1 3.54676E-1 3.64992E-1 3.78188E-1 3.93161E-1 4.09419E-1 4.32308E-1 4.59302E-1 4.8437E-1 5.05706E-1 5.08877E-1 5.02077E-1 4.96379E-1 5.00951E-1 5.22748E-1 5.42655E-1 5.68164E-1 5.8376E-1 5.91518E-1 5.9848E-1 5.93738E-1 5.80203E-1 5.69477E-1 5.34629E-1 4.36696E-1 3.04627E-1 1.33007E-1 2.63099E-2 1.03137E-3 3.4023E-6 9.13708E-10 8.43714E-19 1.44299E-21 1.54284E-9 3.23657E-7 4.104E-7 2.10018E-8 8.93034E-8 6.7692E-7 6.54991E-10 4.95283E-11 2.5268E-13
1.51198E-3 3.50111E-4 5.32871E-4 3.67217E-4 2.16891E-4 1.69121E-4 1.90313E-4 3.73697E-4 3.72943E-4 7.54604E-4 1.52449E-3 9.81058E-4 2.05993E-2 4.62421E-2 7.13541E-2 1.1595E-1 1.76043E-1 1.96042E-1 2.61598E-1 2.75822E-1 2.87559E-1 2.96423E-1 3.10629E-1 3.16099E-1 3.17731E-1 3.24912E-1 3.35456E-1 3.4769E-1 3.63273E-1 3.85382E-1 4.16562E-1 4.47531E-1 4.80313E-1 4.95111E-1 4.97532E-1 4.79546E-1 4.74502E-1 4.90299E-1 5.05548E-1 5.30227E-1 5.57072E-1 5.78898E-1 5.96648E-1 5.94789E-1 5.8712E-1 5.80924E-1 5.62533E-1 5.28033E-1 4.41682E-1 2.86341E-1 1.16352E-1 2.28049E-2 3.30335E-4 2.12617E-7 1.82406E-11 4.44239E-20 1.42942E-24 1.07064E-17 3.25519E-10 2.17934E-7 2.0013E-8 4.55538E-7 1.73616E-7 5.30644E-11 5.09516E-13
7.5962E-4 5.55526E-4 4.03766E-4 7.90478E-4 4.56515E-4 3.8025E-4 4.80639E-4 6.75053E-4 1.20855E-3 1.62817E-3 3.47073E-3 3.01944E-3 1.01494E-2 5.86264E-2 1.01606E-1 1.10916E-1 1.43138E-1 9.71187E-2 2.47196E-1 2.60212E-1 2.72921E-1 2.83559E-1 2.91102E-1 2.87559E-1 2.87559E-1 2.8933E-1 2.91393E-1 3.053E-1 3.2128E-1 3.37208E-1 3.70132E-1 4.10127E-1 4.40522E-1 4.5789E-1 4.61454E-1 4.49187E-1 4.50945E-1 4.53741E-1 4.75778E-1 5.0076E-1 5.35134E-1 5.71519E-1 5.96453E-1 5.99488E-1 5.92297E-1 5.80924E-1 5.60826E-1 5.39357E-1 4.90193E-1 3.99294E-1 2.54855E-1 1.11521E-1 5.34542E-3 7.37297E-6 2.65659E-10 2.15602E-11 1.98757E-17 9.23975E-16 1.87694E-12 2.42856E-10 3.19704E-9 1.84557E-8 3.0801E-7 2.31824E-9 7.1918E-11
5.11033E-4 1.00918E-3 2.19956E-3 8.3997E-4 1.05574E-3 1.0108E-3 1.35603E-3 1.48008E-3 2.17594E-3 3.21145E-3 5.80563E-3 5.78714E-3 1.44234E-2 1.8184E-2 8.67821E-2 1.04574E-1 7.31949E-2 4.43064E-2 2.27879E-1 2.53575E-1 2.55347E-1 2.65864E-1 2.65864E-1 2.62912E-1 2.4042E-1 2.43848E-1 2.52471E-1 2.68164E-1 2.78721E-1 2.96423E-1 3.30189E-1 3.64992E-1 3.99715E-1 4.22676E-1 4.26107E-1 4.19996E-1 4.15654E-1 4.35117E-1 4.52545E-1 4.79691E-1 5.16662E-1 5.58641E-1 5.91902E-1 6.03745E-1 5.90812E-1 5.74322E-1 5.47857E-1 5.23598E-1 5.09689E-1 4.64118E-1 3.69945E-1 2.62419E-1 6.69241E-2 1.92048E-4 1.0158E-9 1.78217E-9 2.78536E-8 3.70226E-10 1.84291E-10 6.0224E-8 2.20825E-8 1.30335E-7 3.83324E-8 6.20274E-8 5.65729E-10
3.07482E-3 2.76052E-3 1.98471E-3 1.54374E-3 1.71588E-3 2.07051E-3 2.15683E-3 2.52891E-3 3.30471E-3 4.51378E-3 8.52126E-3 9.90238E-3 1.19394E-2 2.56159E-2 6.08823E-2 8.72752E-2 2.07306E-2 1.64351E-2 1.86866E-1 2.43133E-1 2.47647E-1 2.46787E-1 2.40714E-1 2.33837E-1 2.17773E-1 2.17773E-1 2.26148E-1 2.38047E-1 2.55347E-1 2.69388E-1 2.92875E-1 3.31906E-1 3.64992E-1 3.94806E-1 4.14211E-1 4.10144E-1 4.09113E-1 4.16911E-1 4.27622E-1 4.56772E-1 4.98381E-1 5.4692E-1 5.87961E-1 6.07714E-1 5.94518E-1 5.77215E-1 5.55764E-1 5.34087E-1 5.36467E-1 5.10008E-1 4.61656E-1 3.82372E-1 2.21275E-1 5.21742E-2 2.65459E-3 4.36702E-4 3.43865E-5 8.63734E-5 4.86344E-6 7.04797E-7 6.71531E-8 6.3004E-9 2.93931E-8 1.53163E-7 1.03588E-6
3.86772E-3 2.99984E-3 2.1033E-3 1.40761E-3 1.16872E-3 1.53074E-3 2.18081E-3 2.31284E-3 4.20657E-3 5.46108E-3 6.99052E-3 5.83483E-3 9.42759E-3 3.71724E-2 8.55016E-2 5.32385E-2 2.61323E-2 3.80686E-2 1.35086E-1 2.38328E-1 2.37268E-1 2.29509E-1 2.26775E-1 2.21671E-1 2.09335E-1 2.06042E-1 2.09335E-1 2.15266E-1 2.27023E-1 2.40714E-1 2.66961E-1 2.94244E-1 3.37204E-1 3.84039E-1 4.11743E-1 4.29868E-1 4.28823E-1 4.18013E-1 4.10144E-1 4.34887E-1 4.74788E-1 5.20985E-1 5.66698E-1 5.92674E-1 5.94054E-1 5.90498E-1 5.79714E-1 5.78317E-1 5.72329E-1 5.50756E-1 5.09741E-1 4.62026E-1 4.00763E-1 2.72873E-1 8.43349E-2 3.17604E-2 6.01687E-3 1.88815E-3 2.76242E-4 2.57152E-6 4.19158E-7 1.46231E-6 5.19818E-6 1.53382E-5 1.15393E-6
2.71136E-3 2.34695E-3 1.73285E-3 1.57516E-3 1.4544E-3 1.65018E-3 2.31412E-3 2.99627E-3 2.41393E-3 3.47073E-3 4.66561E-3 7.87375E-3 1.97726E-2 5.3376E-2 5.1228E-2 3.05749E-2 3.29542E-2 5.58157E-2 1.00063E-1 2.30094E-1 2.30223E-1 2.22225E-1 2.20525E-1 2.1043E-1 2.03331E-1 2.00065E-1 1.92E-1 1.95208E-1 1.99518E-1 2.09335E-1 2.31219E-1 2.66961E-1 3.15255E-1 3.79083E-1 4.29917E-1 4.54401E-1 4.4453E-1 4.1896E-1 4.01343E-1 4.15799E-1 4.50906E-1 4.85307E-1 5.27386E-1 5.51366E-1 5.67142E-1 5.76447E-1 5.81865E-1 5.83466E-1 5.90455E-1 5.85524E-1 5.59547E-1 5.33014E-1 5.41189E-1 4.71045E-1 3.18164E-1 1.05397E-1 5.59079E-2 7.26954E-3 5.39821E-4 2.16911E-5 1.30894E-4 1.05428E-4 2.70884E-6 4.7465E-7 2.64483E-6
1.12103E-3 1.12991E-3 1.29912E-3 7.44068E-4 1.12103E-3 1.82965E-3 2.4323E-3 2.35312E-3 4.09287E-3 7.37361E-3 8.62725E-3 8.20716E-3 2.71607E-2 5.13763E-2 2.94592E-2 3.3522E-2 3.75632E-2 1.00367E-1 1.31036E-1 2.28953E-1 2.24608E-1 2.1714E-1 2.10838E-1 2.09166E-1 2.02535E-1 1.87635E-1 1.84474E-1 1.81338E-1 1.77865E-1 1.8252E-1 1.9844E-1 2.38101E-1 2.93038E-1 3.70382E-1 4.49138E-1 4.76991E-1 4.48414E-1 4.13354E-1 3.97044E-1 4.00341E-1 4.20533E-1 4.53821E-1 4.77456E-1 5.0271E-1 5.18824E-1 5.57856E-1 5.85724E-1 5.89707E-1 5.92404E-1 5.99473E-1 5.95922E-1 5.88739E-1 5.74055E-1 5.11412E-1 3.94766E-1 2.88844E-1 1.5628E-1 4.81536E-2 2.54506E-3 1.76153E-4 7.81076E-5 1.17468E-5 2.49141E-5 1.01649E-6 4.12654E-6
1.03228E-3 1.41976E-3 1.33037E-3 3.39988E-4 1.69276E-3 6.15163E-3 1.38492E-2 1.18239E-2 9.04774E-3 1.15781E-2 2.00848E-2 2.58617E-2 4.36161E-2 3.41785E-2 2.96784E-2 2.92716E-2 6.73476E-2 9.81208E-2 1.00668E-1 2.10502E-1 2.20542E-1 2.10838E-1 2.03014E-1 2.0117E-1 1.91394E-1 1.81631E-1 1.73878E-1 1.67798E-1 1.61831E-1 1.58891E-1 1.70571E-1 2.08271E-1 2.61698E-1 3.43511E-1 4.57311E-1 4.79233E-1 4.32062E-1 3.95821E-1 3.78936E-1 3.80329E-1 3.9539E-1 4.18159E-1 4.32939E-1 4.53987E-1 4.9787E-1 5.60942E-1 5.89106E-1 5.87185E-1 5.8947E-1 5.99675E-1 6.03752E-1 5.99804E-1 5.76119E-1 5.21247E-1 4.68637E-1 3.95509E-1 3.27355E-1 1.53554E-1 2.28049E-2 1.67592E-4 1.03326E-5 8.3554E-6 1.17916E-6 1.26276E-6 5.46322E-7
1.67022E-2 8.8408E-3 1.81789E-3 2.31621E-3 7.52835E-3 6.92002E-3 1.06962E-2 2.19824E-2 2.10144E-2 2.17217E-2 2.61453E-2 2.8469E-2 3.15882E-2 3.6881E-2 4.38881E-2 5.71795E-2 9.7194E-2 1.23127E-1 6.98337E-2 2.18768E-1 2.20587E-1 2.00891E-1 1.9162E-1 1.88331E-1 1.81968E-1 1.75712E-1 1.67962E-1 1.60497E-1 1.54657E-1 1.47527E-1 1.53099E-1 1.9762E-1 2.37723E-1 3.0674E-1 3.85617E-1 4.06374E-1 3.7387E-1 3.52971E-1 3.5121E-1 3.58244E-1 3.66915E-1 3.80329E-1 3.93732E-1 4.17382E-1 4.74788E-1 5.3944E-1 5.64639E-1 5.69527E-1 5.73451E-1 5.90906E-1 6.06663E-1 6.06978E-1 5.9246E-1 5.69644E-1 5.68214E-1 5.07418E-1 4.21206E-1 3.08087E-1 1.26942E-1 3.25005E-3 5.17586E-7 6.42698E-8 3.48932E-8 3.45403E-8 3.60309E-10
1.58571E-2 6.75353E-3 2.75556E-3 6.47153E-4 4.00701E-4 1.93573E-3 6.88143E-3 9.61246E-3 1.10186E-2 1.27589E-2 1.64483E-2 2.87443E-2 4.38211E-2 5.87232E-2 6.96983E-2 9.34298E-2 1.29424E-1 1.57027E-1 1.48576E-1 2.24858E-1 2.18607E-1 1.96255E-1 1.78861E-1 1.74188E-1 1.68054E-1 1.69577E-1 1.63529E-1 1.6055E-1 1.56158E-1 1.50393E-1 1.63534E-1 1.85E-1 2.22682E-1 2.64226E-1 3.1037E-1 3.25527E-1 3.21919E-1 3.13459E-1 3.18847E-1 3.314E-1 3.5121E-1 3.65186E-1 3.73802E-1 3.90403E-1 4.60747E-1 5.15113E-1 5.38473E-1 5.4925E-1 5.51076E-1 5.70815E-1 6.04009E-1 6.13878E-1 6.04554E-1 6.01308E-1 6.05663E-1 5.86609E-1 5.17358E-1 4.31423E-1 2.58888E-1 6.44009E-2 3.82858E-4 2.84798E-9 2.54217E-13 5.96236E-13 2.27879E-14
4.64652E-3 3.25802E-3 2.90004E-3 1.43105E-3 2.60655E-4 3.74834E-4 3.39393E-3 1.08801E-2 1.80578E-2 2.36522E-2 3.69514E-2 6.1431E-2 7.54514E-2 8.29372E-2 9.03328E-2 9.81208E-2 1.14602E-1 1.32639E-1 1.37727E-1 2.23586E-1 2.2019E-1 1.86589E-1 1.71041E-1 1.63448E-1 1.61952E-1 1.61952E-1 1.63448E-1 1.66464E-1 1.61952E-1 1.56136E-1 1.65031E-1 1.78827E-1 2.04475E-1 2.29556E-1 2.59485E-1 2.73203E-1 2.72413E-1 2.69731E-1 2.76873E-1 3.00884E-1 3.3319E-1 3.66973E-1 3.79083E-1 3.89111E-1 4.47531E-1 5.08561E-1 5.34563E-1 5.31379E-1 5.07348E-1 5.27037E-1 5.87573E-1 6.14754E-1 6.18902E-1 6.138E-1 6.17276E-1 6.00927E-1 5.68003E-1 5.04395E-1 2.9009E-1 1.2328E-1 1.92343E-2 1.07568E-4 1.12209E-8 1.55432E-11 3.34064E-11
5.14443E-3 2.35776E-4 6.71104E-3 2.11049E-2 2.7103E-2 1.17415E-2 6.46039E-3 1.46774E-2 3.44024E-2 5.03871E-2 5.91498E-2 8.65785E-2 1.16684E-1 1.11668E-1 1.16305E-1 1.03704E-1 9.03577E-2 1.47831E-1 1.02624E-1 2.41347E-1 2.17099E-1 1.71041E-1 1.5441E-1 1.55871E-1 1.5441E-1 1.55871E-1 1.66311E-1 1.70897E-1 1.67832E-1 1.64952E-1 1.6503E-1 1.72644E-1 1.88331E-1 2.08014E-1 2.24761E-1 2.365E-1 2.41212E-1 2.44716E-1 2.52841E-1 2.78664E-1 3.14697E-1 3.45682E-1 3.56322E-1 3.77362E-1 4.44547E-1 5.07596E-1 5.36357E-1 5.38471E-1 4.96195E-1 5.07596E-1 5.74861E-1 6.04447E-1 6.16437E-1 6.22961E-1 6.15425E-1 6.18983E-1 5.49037E-1 4.80749E-1 3.72822E-1 2.33212E-1 1.01933E-1 2.00756E-2 5.12504E-5 8.98729E-7 1.5267E-8
