KUENM/Final_Models/M_0.1_F_lq_Set_2_E/sp1_se_asia_max.asc
ncols         320
nrows         243
xllcorner     44.0
yllcorner     -0.666666666666667
cellsize      0.166666666666667
NODATA_value  -9999
[rows 31 to 61 of 243, columns 70 to 139 of 320]
2.3719E-2 2.40981E-2 2.3755E-2 2.40981E-2 2.40981E-2 2.3382E-2 2.30489E-2 2.19716E-2 1.54168E-2 1.18517E-2 1.94234E-2 2.14464E-2 2.11326E-2 1.71136E-2 1.51008E-2 1.35786E-2 1.60507E-2 2.02222E-2 2.4494E-2 2.61066E-2 2.66721E-2 2.75514E-2 2.77284E-2 2.75412E-2 2.55949E-2 1.37835E-2 1.97781E-2 1.47634E-2 7.50552E-3 1.86468E-2 2.90513E-2 3.30005E-2 3.09199E-2 3.2635E-2 3.13084E-2 2.29037E-2 1.6833E-2 1.32789E-2 1.08213E-2 4.92419E-3 5.05596E-3 2.46434E-3 1.90143E-3 5.79913E-4 2.14096E-4 2.80076E-4 2.56543E-4 1.37015E-4 7.90707E-5 6.07896E-5 2.41349E-5 2.72579E-5 1.15102E-5 3.1399E-5 4.14458E-5 6.28147E-5 6.69182E-5 8.30184E-5 5.42633E-5 4.44304E-5 5.4811E-5 3.8016E-5 2.12479E-5 1.58974E-5 1.08618E-5 6.52737E-6 4.64801E-6 9.94053E-6 3.72572E-6 4.20977E-6
2.31958E-2 2.31958E-2 2.31958E-2 2.31958E-2 2.23231E-2 2.14712E-2 2.28848E-2 2.14424E-2 1.71952E-2 1.29226E-2 1.9816E-2 2.03906E-2 1.99798E-2 1.25887E-2 4.49021E-3 4.57127E-3 8.68924E-3 1.4892E-2 1.98692E-2 2.31946E-2 2.47275E-2 2.63398E-2 2.81517E-2 2.1435E-2 2.60389E-2 3.05478E-2 2.59037E-2 2.7491E-2 1.6278E-2 1.41088E-2 2.39901E-2 2.60759E-2 2.45338E-2 2.91339E-2 3.73E-2 3.44171E-2 3.1356E-2 2.75486E-2 2.32591E-2 1.68865E-2 1.51165E-2 9.4127E-3 1.65256E-3 2.56543E-4 1.15129E-3 3.83194E-3 1.76265E-3 3.84184E-4 9.75297E-5 1.34424E-4 1.33396E-4 6.25523E-5 5.07467E-5 4.75234E-5 3.79621E-5 5.38744E-5 5.33435E-5 2.52297E-5 2.82125E-5 1.82412E-5 1.71293E-5 1.24268E-5 9.66653E-6 9.34926E-6 6.84733E-6 9.6329E-6 9.28875E-6 8.48373E-6 1.36884E-5 7.31338E-6
2.37855E-2 2.34887E-2 2.34887E-2 2.23456E-2 1.76571E-2 1.42253E-2 1.81805E-2 1.7867E-2 1.42056E-2 1.50584E-2 2.03782E-2 2.0208E-2 1.84656E-2 1.46881E-2 7.1152E-3 3.6346E-3 2.79682E-3 8.68924E-3 1.35161E-2 1.35755E-2 1.53831E-2 2.27097E-2 2.71973E-2 2.1297E-2 1.7447E-2 3.34299E-2 3.56193E-2 3.51636E-2 3.36854E-2 3.14909E-2 2.72066E-2 2.35339E-2 2.91634E-2 2.94534E-2 2.97068E-2 2.244E-2 1.56569E-2 2.6269E-2 3.40134E-2 3.02344E-2 2.36771E-2 1.84095E-2 1.07974E-2 8.63859E-3 5.62971E-3 6.94146E-4 1.81794E-4 2.34339E-4 1.64737E-4 1.48962E-4 7.04731E-5 2.12665E-5 1.8252E-5 2.04784E-5 1.45486E-5 1.56438E-5 1.5357E-5 1.63562E-5 2.40509E-5 1.88877E-5 1.79079E-5 1.53686E-5 2.31767E-5 3.01496E-5 1.87476E-5 1.78543E-5 1.49817E-5 2.32238E-5 1.12857E-5 2.51104E-5
2.37201E-2 2.25866E-2 2.23004E-2 2.04424E-2 1.50667E-2 7.62167E-3 1.32062E-2 1.43243E-2 1.08512E-2 1.68932E-2 1.95674E-2 1.853E-2 1.61851E-2 1.40824E-2 1.08467E-2 7.61356E-3 2.60904E-3 1.81366E-3 4.41655E-3 5.96013E-3 7.40527E-3 1.27408E-2 1.98905E-2 2.37048E-2 2.14631E-2 3.22269E-2 3.34441E-2 3.85409E-2 3.9868E-2 4.01286E-2 4.12055E-2 3.92823E-2 3.3026E-2 3.08498E-2 2.0003E-2 8.16929E-3 1.36402E-2 1.98887E-2 1.45965E-2 1.08312E-2 6.46382E-3 2.76919E-3 1.08701E-3 5.20089E-4 6.57352E-4 3.63238E-4 1.888E-4 2.64143E-4 1.06769E-4 5.97627E-5 3.69872E-5 3.26339E-5 2.29611E-5 2.39605E-5 1.95433E-5 1.88167E-5 3.09032E-5 2.42835E-5 2.07911E-5 3.27999E-5 4.15079E-5 2.08608E-5 2.4646E-5 6.03784E-5 4.71151E-5 3.21757E-5 1.32414E-5 9.86313E-6 2.92672E-5 4.70794E-5
2.27676E-2 2.24762E-2 2.16866E-2 1.99238E-2 1.18846E-2 1.0002E-2 1.48918E-2 9.7791E-3 5.93077E-3 1.26997E-2 1.8451E-2 1.82621E-2 1.57262E-2 1.1519E-2 9.44799E-3 9.7812E-3 7.41234E-3 3.1799E-3 2.86809E-3 6.51167E-3 7.9465E-3 5.90164E-3 1.19422E-2 1.8288E-2 1.96376E-2 2.69456E-2 2.47275E-2 3.14198E-2 3.7721E-2 3.91886E-2 3.38822E-2 3.6055E-2 3.05478E-2 1.89423E-2 1.25831E-2 1.30228E-2 1.52727E-2 1.17714E-2 6.88444E-3 3.55732E-3 2.61201E-3 1.12206E-3 2.6746E-4 1.55936E-4 1.72401E-4 2.33408E-4 2.99864E-4 1.64241E-4 4.32611E-5 3.73283E-5 2.74509E-5 2.19923E-5 1.92414E-5 2.96763E-5 3.31208E-5 3.61995E-5 2.21123E-5 2.7943E-5 1.8074E-5 2.11864E-5 8.3572E-5 3.98959E-5 3.98959E-5 1.04973E-4 1.8708E-5 2.16143E-5 1.66505E-5 2.58726E-5 7.22049E-5 4.18396E-5
2.15376E-2 2.18205E-2 1.9343E-2 1.49383E-2 1.31755E-2 1.96405E-2 2.36823E-2 1.77543E-2 5.96694E-3 5.03458E-3 1.49317E-2 1.6971E-2 1.48413E-2 1.32984E-2 1.06011E-2 1.06965E-2 1.06327E-2 8.9191E-3 4.29557E-3 2.95957E-3 5.70817E-3 7.0846E-3 1.02029E-2 1.42395E-2 9.60188E-3 9.97448E-3 2.35652E-2 2.51935E-2 3.28988E-2 3.56139E-2 3.32011E-2 3.53967E-2 2.74565E-2 1.6549E-2 1.83168E-2 2.01999E-2 1.37568E-2 8.75555E-3 5.48123E-3 5.42001E-3 2.90913E-3 1.33625E-3 8.61543E-4 2.74123E-4 2.7149E-4 1.17181E-4 5.41148E-5 3.67705E-5 6.7246E-5 4.05527E-5 7.60576E-5 6.77982E-5 5.60358E-5 2.39605E-5 2.96763E-5 3.27999E-5 2.49908E-5 5.4811E-5 7.6345E-5 1.31289E-4 1.4273E-4 2.8909E-5 9.0553E-5 2.40713E-4 4.84296E-5 1.41272E-4 2.93089E-4 1.32757E-4 2.17181E-5 7.21875E-6
2.2478E-2 2.02531E-2 1.57846E-2 8.7209E-3 9.13117E-3 2.12576E-2 2.67975E-2 2.46651E-2 1.36473E-2 2.17632E-3 9.13059E-3 1.31974E-2 1.11948E-2 1.1368E-2 1.18665E-2 1.16606E-2 1.12628E-2 9.35398E-3 1.07689E-2 6.32695E-3 3.64346E-3 4.88024E-3 6.09082E-3 5.2734E-3 1.10515E-2 1.24144E-2 2.12263E-2 2.74862E-2 3.10209E-2 3.31113E-2 3.35763E-2 3.3331E-2 2.94719E-2 2.47275E-2 2.24455E-2 1.81144E-2 1.35672E-2 9.06035E-3 7.24195E-3 6.45937E-3 3.57716E-3 1.45672E-3 1.10753E-3 9.11312E-4 1.74233E-4 1.17012E-4 2.26948E-4 4.62586E-4 4.23173E-4 2.88956E-4 1.26759E-4 1.00066E-4 6.28147E-5 6.21991E-5 4.03187E-5 2.41875E-5 5.8757E-5 6.64778E-5 3.78863E-4 7.18932E-4 3.45376E-4 4.1699E-5 4.07834E-4 9.20672E-4 5.20018E-4 3.76734E-4 5.65269E-5 1.04118E-5 1.0976E-5 3.36777E-5
2.13247E-2 1.68101E-2 1.18181E-2 6.85677E-3 8.7209E-3 1.88417E-2 2.52983E-2 2.64504E-2 1.75249E-2 5.15454E-3 5.23087E-3 1.13119E-2 1.13405E-2 9.65833E-3 1.11942E-2 1.18665E-2 1.2366E-2 1.12123E-2 1.24161E-2 1.10043E-2 6.91621E-3 3.92648E-3 3.2291E-3 2.56479E-3 3.83218E-3 2.72661E-3 4.58633E-3 1.95638E-2 2.91881E-2 3.17837E-2 3.09725E-2 2.82244E-2 2.61468E-2 2.39565E-2 2.0755E-2 1.65177E-2 1.10832E-2 8.89933E-3 1.06893E-2 1.06893E-2 8.83934E-3 5.51639E-3 2.74336E-3 1.33313E-3 1.0837E-3 1.92294E-3 1.62846E-3 7.18932E-4 1.85051E-4 3.27873E-4 2.48385E-4 1.16556E-4 3.47586E-5 4.07132E-5 7.29296E-5 9.28567E-5 1.98816E-4 1.39594E-4 3.55122E-4 4.60369E-4 1.63614E-3 9.35457E-5 6.20537E-4 2.04283E-3 4.94932E-4 2.3172E-4 9.17546E-5 2.92656E-5 4.03748E-5 2.37361E-5
2.00674E-2 1.69952E-2 1.02529E-2 1.0354E-2 1.11356E-2 1.53715E-2 2.3866E-2 2.70394E-2 2.48243E-2 1.5099E-2 6.91515E-3 1.038E-2 1.37061E-2 1.2822E-2 1.28667E-2 1.23895E-2 1.16844E-2 1.07968E-2 1.12123E-2 9.91749E-3 8.14129E-3 4.12872E-3 2.59187E-3 1.63008E-3 2.20849E-3 1.95112E-3 2.59651E-3 4.25197E-3 2.22422E-2 2.70304E-2 2.56772E-2 2.42571E-2 2.34868E-2 2.09856E-2 1.68886E-2 1.57346E-2 1.14898E-2 1.10427E-2 1.21026E-2 1.2905E-2 8.15372E-3 4.58455E-3 3.25565E-3 3.92318E-3 2.56226E-3 3.37309E-3 1.96611E-3 1.43119E-3 2.16596E-3 1.14529E-3 6.16334E-4 2.65795E-4 6.64778E-5 5.76095E-5 7.86669E-5 1.63435E-4 4.10105E-4 3.13121E-4 8.4494E-4 2.84448E-3 1.54786E-3 5.96799E-4 2.30612E-3 1.00624E-3 1.67569E-4 2.56008E-5 3.61756E-5 4.67669E-5 2.67139E-5 2.04095E-5
1.75726E-2 1.80483E-2 1.4388E-2 1.10184E-2 9.23966E-3 1.013E-2 1.87819E-2 2.46428E-2 2.77569E-2 2.58139E-2 7.36251E-3 8.46796E-3 1.63428E-2 1.67862E-2 1.60796E-2 1.16942E-2 1.15313E-2 7.628E-3 5.09089E-3 5.07682E-3 6.19444E-3 3.12276E-3 2.23625E-3 2.33976E-3 3.37479E-3 3.67092E-3 4.40987E-3 3.06999E-3 1.59436E-2 2.3947E-2 2.22076E-2 2.26817E-2 2.26505E-2 1.80725E-2 1.66371E-2 1.25298E-2 8.47832E-3 9.19067E-3 1.26998E-2 7.54394E-3 5.39575E-3 7.40897E-3 7.03658E-3 2.88763E-3 2.35748E-3 1.99896E-3 4.50158E-3 2.30525E-3 6.09852E-4 5.33445E-4 1.51971E-4 4.99326E-5 5.93368E-5 1.36784E-4 4.5759E-4 1.56546E-3 1.84078E-3 2.31765E-4 2.21919E-3 6.23993E-3 1.98046E-3 2.48667E-3 1.21816E-3 4.43291E-4 1.09805E-4 9.81598E-5 1.69218E-4 3.34203E-5 3.74682E-5 5.33467E-5
1.04457E-2 1.87079E-2 1.51602E-2 1.02529E-2 7.34716E-3 7.69535E-3 1.61998E-2 1.99885E-2 2.09807E-2 2.46651E-2 1.9897E-2 1.68174E-2 2.1221E-2 1.99319E-2 1.93849E-2 1.7736E-2 1.61137E-2 1.347E-2 6.70843E-3 8.37183E-3 8.85149E-3 6.92268E-3 5.50913E-3 2.38634E-3 1.56947E-3 3.82611E-3 7.11406E-3 8.46617E-3 1.51039E-2 1.98473E-2 2.44452E-2 2.3E-2 2.0557E-2 1.70265E-2 1.70265E-2 1.57441E-2 1.32647E-2 1.26431E-2 1.14652E-2 1.01091E-2 1.21128E-2 9.78063E-3 1.21955E-2 1.21016E-2 8.00933E-3 4.53576E-3 4.27409E-3 1.0398E-3 4.35712E-4 1.72155E-4 1.13059E-4 3.40441E-4 2.8699E-4 5.44295E-4 3.01502E-3 2.97489E-3 9.33354E-4 6.98985E-4 7.68552E-3 1.22645E-2 3.693E-3 8.92492E-4 2.28888E-3 1.07781E-3 5.92216E-4 5.90361E-4 1.55605E-4 1.88082E-5 8.68428E-5 4.18394E-4
1.07657E-2 1.45636E-2 1.27463E-2 1.10184E-2 1.0195E-2 1.07411E-2 1.49716E-2 1.9091E-2 1.9343E-2 2.05207E-2 2.36823E-2 2.56446E-2 2.35833E-2 2.01919E-2 2.04511E-2 1.86235E-2 1.84011E-2 1.63501E-2 1.32778E-2 1.14966E-2 3.63912E-3 2.4113E-3 2.91586E-3 3.18167E-3 2.0988E-3 1.82193E-3 6.92268E-3 8.72947E-3 1.34939E-2 2.04997E-2 2.31699E-2 2.46943E-2 2.14424E-2 1.77003E-2 1.42344E-2 1.49811E-2 1.56377E-2 1.25706E-2 1.11744E-2 1.77003E-2 1.80887E-2 1.69677E-2 1.63991E-2 1.12365E-2 1.07689E-2 8.03765E-3 5.48821E-3 2.16121E-3 1.61082E-3 4.82632E-4 5.51845E-4 7.18064E-4 9.67857E-4 3.29443E-3 6.52293E-3 3.70564E-3 1.60697E-3 1.64694E-3 1.06425E-2 8.16016E-3 3.35576E-3 7.33379E-3 5.11907E-3 2.74103E-3 5.71137E-4 1.05651E-4 6.28967E-5 5.07241E-5 3.43075E-4 8.28842E-4
9.13989E-3 1.55161E-2 1.41928E-2 1.1357E-2 1.29001E-2 1.06785E-2 1.26671E-2 1.72861E-2 1.55747E-2 1.08367E-2 1.41298E-2 2.4304E-2 2.46199E-2 2.04424E-2 2.01919E-2 1.83894E-2 1.63179E-2 1.68036E-2 1.44915E-2 1.13556E-2 8.50255E-3 6.70843E-3 2.84874E-3 2.60717E-3 3.05812E-3 2.64162E-3 6.03294E-3 7.37554E-3 7.55646E-3 1.71952E-2 2.37855E-2 2.58554E-2 1.96309E-2 1.39371E-2 1.53108E-2 1.79133E-2 1.68381E-2 1.62943E-2 1.7477E-2 1.72142E-2 1.71429E-2 1.58658E-2 1.34898E-2 1.07512E-2 6.0274E-3 4.52352E-3 2.96905E-3 3.00743E-3 1.72647E-3 1.53447E-3 1.53349E-3 1.05192E-3 2.8966E-3 5.76749E-3 1.07546E-2 5.22596E-3 4.63285E-3 6.35505E-3 2.50499E-2 1.05381E-2 1.64329E-2 1.51736E-2 5.64095E-3 8.75773E-4 8.51576E-5 5.60295E-4 1.04739E-3 1.26683E-3 1.75533E-3 9.22588E-4
1.04799E-2 1.56822E-2 1.67177E-2 1.4005E-2 1.47749E-2 1.5777E-2 1.30433E-2 1.70736E-2 1.55597E-2 9.34826E-3 7.04236E-3 2.26879E-2 2.54603E-2 2.30622E-2 2.36606E-2 2.14943E-2 1.60796E-2 1.30108E-2 9.94137E-3 7.7526E-3 4.68293E-3 5.78415E-3 6.70843E-3 3.21101E-3 3.02695E-3 4.27154E-3 6.8032E-3 7.58501E-3 6.1095E-3 6.68449E-3 1.7867E-2 2.45075E-2 2.20171E-2 1.77016E-2 2.01817E-2 1.86966E-2 1.79861E-2 1.55328E-2 1.66347E-2 1.52955E-2 1.46296E-2 6.3404E-3 6.77973E-3 9.5989E-3 1.04952E-2 1.13036E-2 6.82807E-3 7.49868E-3 6.62901E-3 3.62401E-3 1.83601E-3 2.89937E-3 6.38212E-3 1.1639E-2 1.59456E-2 1.74268E-2 2.13774E-2 2.17412E-2 6.37965E-3 8.33837E-3 9.46713E-3 5.25394E-3 2.10933E-3 7.83182E-4 7.75771E-4 2.8584E-3 3.94805E-3 3.40941E-3 1.42348E-3 2.51331E-3
6.15265E-3 1.22294E-2 1.2561E-2 1.4388E-2 1.3806E-2 1.26671E-2 1.3391E-2 1.70604E-2 1.88874E-2 1.53325E-2 1.46691E-2 2.89724E-2 2.97349E-2 2.6315E-2 2.7535E-2 2.41962E-2 2.09721E-2 1.76571E-2 1.50882E-2 1.33408E-2 9.94137E-3 5.92556E-3 2.7482E-3 2.70708E-3 5.17466E-3 4.61769E-3 3.30452E-3 6.90632E-3 1.2822E-2 1.05735E-2 1.17847E-2 1.94159E-2 2.19025E-2 2.19025E-2 1.89188E-2 1.98552E-2 1.85952E-2 1.79206E-2 1.76854E-2 1.59937E-2 1.61784E-2 1.37812E-2 1.55248E-2 1.68381E-2 1.72229E-2 1.59951E-2 1.45559E-2 1.42627E-2 1.12628E-2 6.8294E-3 5.13715E-3 7.92175E-3 1.0744E-2 1.56312E-2 2.00337E-2 2.34949E-2 2.15646E-2 1.21444E-2 4.95856E-3 4.33912E-3 4.18694E-3 5.14786E-3 4.2161E-3 6.86243E-3 6.39964E-3 8.60553E-3 5.88264E-3 5.2569E-3 5.27704E-3 3.35576E-3
4.10755E-3 7.23419E-3 5.70182E-3 1.09082E-2 1.55779E-2 1.55747E-2 1.68515E-2 1.75142E-2 2.10645E-2 1.9166E-2 1.79861E-2 3.16308E-2 3.11716E-2 2.96189E-2 2.85897E-2 2.68357E-2 2.50487E-2 2.07059E-2 1.68381E-2 1.29554E-2 1.04206E-2 5.98962E-3 3.75322E-3 3.10498E-3 6.16289E-3 9.38218E-3 3.82007E-3 4.05286E-3 1.19126E-2 1.33056E-2 1.37812E-2 1.84518E-2 2.15376E-2 2.37165E-2 2.26447E-2 2.0607E-2 1.93811E-2 1.89584E-2 1.87079E-2 1.76356E-2 1.74901E-2 1.66347E-2 1.79861E-2 1.75063E-2 1.69962E-2 1.70368E-2 1.63179E-2 1.41408E-2 1.29336E-2 1.11056E-2 1.22963E-2 1.48814E-2 1.78354E-2 2.01554E-2 2.33306E-2 2.55888E-2 2.08531E-2 1.38127E-2 6.8566E-3 9.58162E-3 1.19637E-2 1.6257E-2 1.57617E-2 1.50591E-2 9.20027E-3 7.72561E-3 9.90735E-3 9.66983E-3 5.54652E-3 2.33885E-3
3.84783E-3 5.51848E-3 4.98356E-3 5.58658E-3 1.28347E-2 1.6205E-2 2.2478E-2 2.70394E-2 2.67975E-2 2.67975E-2 2.67975E-2 3.33754E-2 3.0223E-2 3.06173E-2 3.14185E-2 3.00033E-2 2.68357E-2 2.33598E-2 1.79285E-2 1.40163E-2 9.82681E-3 8.12322E-3 6.8617E-3 4.36438E-3 3.27775E-3 5.65545E-3 5.96259E-3 3.43545E-3 9.54234E-3 9.67579E-3 1.26251E-2 1.79561E-2 2.20552E-2 2.36858E-2 2.19096E-2 2.11948E-2 1.99524E-2 1.928E-2 1.99524E-2 1.928E-2 1.92117E-2 1.83513E-2 1.79561E-2 1.82136E-2 1.84572E-2 1.84486E-2 1.76571E-2 1.57523E-2 1.55361E-2 1.58658E-2 1.65673E-2 1.8205E-2 2.05495E-2 2.23399E-2 2.60292E-2 2.08371E-2 1.60033E-2 6.90804E-3 1.03104E-2 1.86754E-2 2.49219E-2 3.23306E-2 3.37361E-2 2.02514E-2 1.74885E-2 1.87738E-2 1.26982E-2 8.99398E-3 3.83993E-3 3.09462E-3
2.25618E-3 1.20224E-3 3.70529E-3 3.91659E-3 9.07019E-3 1.66347E-2 2.086E-2 2.59681E-2 3.25002E-2 3.46861E-2 3.51402E-2 3.20454E-2 2.92386E-2 3.19918E-2 3.19918E-2 3.24084E-2 3.09093E-2 2.48111E-2 1.91829E-2 1.40163E-2 1.08512E-2 8.98056E-3 9.68405E-3 8.04036E-3 3.33999E-3 2.64258E-3 6.47537E-3 5.75907E-3 9.12748E-3 1.144E-2 1.21424E-2 1.53715E-2 2.0607E-2 2.35903E-2 2.15719E-2 2.08898E-2 2.04924E-2 2.04924E-2 1.99473E-2 1.94244E-2 1.90233E-2 2.00674E-2 2.01677E-2 2.02531E-2 2.00595E-2 1.9166E-2 1.75063E-2 1.62943E-2 1.67862E-2 1.75476E-2 1.83381E-2 1.92276E-2 2.13485E-2 2.39328E-2 2.62936E-2 2.66619E-2 2.69456E-2 2.43548E-2 2.49858E-2 3.14909E-2 3.64947E-2 3.6687E-2 3.69676E-2 3.47496E-2 2.43888E-2 1.9504E-2 2.10788E-2 8.07713E-3 3.12093E-3 4.38743E-3
3.40041E-3 2.14198E-3 1.76193E-3 1.53694E-3 5.84394E-3 1.24364E-2 1.32942E-2 9.4023E-3 1.24355E-2 3.46861E-2 3.82054E-2 3.11033E-2 3.19918E-2 3.33559E-2 3.38121E-2 3.38121E-2 3.20454E-2 2.92386E-2 2.29832E-2 1.77326E-2 1.47816E-2 8.18645E-3 6.33469E-3 1.2146E-2 1.16803E-2 7.80872E-3 9.67579E-3 9.7791E-3 1.27071E-2 1.49383E-2 1.31755E-2 1.57846E-2 2.09143E-2 2.33609E-2 2.30481E-2 2.20553E-2 2.20553E-2 2.07153E-2 2.03334E-2 2.15719E-2 2.1459E-2 2.1459E-2 2.13332E-2 2.0607E-2 1.85952E-2 1.70736E-2 1.64102E-2 1.75063E-2 1.72548E-2 1.89005E-2 2.04443E-2 2.09675E-2 2.29086E-2 2.36661E-2 2.77012E-2 3.17837E-2 3.3553E-2 3.64844E-2 4.27863E-2 4.29581E-2 4.37216E-2 4.59378E-2 4.64441E-2 4.3056E-2 4.44917E-2 3.84323E-2 2.61997E-2 1.14857E-2 8.48441E-3 7.80517E-3
6.7497E-3 2.95008E-3 3.82777E-3 2.02909E-3 2.4311E-3 7.5828E-3 1.34048E-2 1.77016E-2 2.09506E-2 3.89435E-2 4.06551E-2 3.69186E-2 3.55991E-2 3.51402E-2 3.5563E-2 3.5563E-2 3.42557E-2 3.07679E-2 2.63085E-2 1.96685E-2 1.96685E-2 1.84572E-2 1.37812E-2 1.301E-2 1.46691E-2 1.03483E-2 9.65893E-3 1.37611E-2 1.39269E-2 1.26504E-2 1.7261E-2 1.67702E-2 2.06369E-2 2.34309E-2 2.28047E-2 2.18319E-2 2.21308E-2 2.15363E-2 2.18319E-2 2.17585E-2 2.20553E-2 2.19663E-2 2.2041E-2 1.85346E-2 1.74901E-2 1.79561E-2 1.81929E-2 1.82136E-2 1.86925E-2 2.01817E-2 2.23004E-2 2.37201E-2 2.29086E-2 2.1396E-2 2.38048E-2 2.93431E-2 3.292E-2 3.87286E-2 4.47949E-2 4.88521E-2 4.87566E-2 5.38312E-2 5.19937E-2 5.27544E-2 4.10549E-2 4.26218E-2 1.70133E-2 1.00892E-2 9.76048E-3 8.23739E-3
9.74579E-3 8.60443E-3 5.3373E-3 2.75175E-3 8.65727E-4 1.91741E-3 1.16122E-2 1.51555E-2 2.17704E-2 3.73998E-2 4.20474E-2 3.99679E-2 3.77123E-2 3.82054E-2 3.77123E-2 3.72243E-2 3.51027E-2 3.07679E-2 2.81214E-2 2.49881E-2 2.16201E-2 2.28872E-2 2.01154E-2 1.3918E-2 1.5099E-2 1.06214E-2 4.67048E-3 1.47123E-2 1.77218E-2 1.51704E-2 1.61998E-2 2.09143E-2 2.1459E-2 2.34309E-2 2.24969E-2 2.24969E-2 2.18917E-2 2.18917E-2 2.21926E-2 2.25467E-2 2.24969E-2 2.28047E-2 2.30481E-2 2.24578E-2 2.10441E-2 1.99026E-2 1.95401E-2 1.9091E-2 2.01154E-2 2.19025E-2 2.41028E-2 2.6586E-2 2.31958E-2 2.25307E-2 2.44737E-2 2.73055E-2 3.27065E-2 3.61783E-2 4.13908E-2 4.41598E-2 4.75543E-2 5.64045E-2 5.43741E-2 5.50747E-2 5.656E-2 4.39479E-2 1.05288E-2 8.44239E-3 7.99904E-3 7.38743E-3
5.05909E-3 1.09825E-2 8.30707E-3 4.62052E-3 2.53056E-3 1.76071E-3 5.54503E-3 1.07215E-2 5.47265E-3 2.8249E-2 4.04882E-2 4.11861E-2 4.3459E-2 4.20844E-2 4.07296E-2 4.15392E-2 3.96097E-2 3.29405E-2 2.89724E-2 2.38627E-2 1.93868E-2 2.18205E-2 2.43455E-2 1.66247E-2 1.57637E-2 1.16248E-2 1.0002E-2 1.47123E-2 1.74901E-2 1.93811E-2 1.87079E-2 2.18639E-2 2.41308E-2 2.38068E-2 2.3116E-2 2.18917E-2 2.18917E-2 2.22405E-2 2.25824E-2 2.32087E-2 2.32087E-2 2.31696E-2 2.38068E-2 2.12832E-2 1.91246E-2 1.92117E-2 2.02531E-2 2.07067E-2 2.22985E-2 2.48111E-2 2.68357E-2 2.8249E-2 2.53E-2 2.35962E-2 2.33211E-2 2.87956E-2 3.292E-2 3.79899E-2 4.03707E-2 4.6229E-2 4.9791E-2 6.07969E-2 6.67484E-2 7.74828E-2 8.19396E-2 4.28258E-2 6.51176E-3 6.11451E-3 4.97832E-3 5.02595E-3
9.68405E-3 5.23925E-3 9.35902E-3 7.91807E-3 6.59039E-3 2.73763E-3 2.5731E-3 3.68916E-3 4.00274E-3 1.71429E-2 2.8249E-2 4.22648E-2 4.78089E-2 4.83541E-2 4.82036E-2 4.82036E-2 4.47158E-2 3.71025E-2 3.12605E-2 2.73962E-2 2.35532E-2 2.27742E-2 2.46428E-2 2.07911E-2 1.70736E-2 1.35532E-2 1.30413E-2 1.13633E-2 1.17781E-2 1.81101E-2 2.31778E-2 2.40713E-2 2.52098E-2 2.45049E-2 2.38068E-2 2.21926E-2 2.28564E-2 2.32087E-2 2.32334E-2 2.25824E-2 2.00598E-2 1.90359E-2 2.03334E-2 1.928E-2 1.928E-2 2.00674E-2 2.13247E-2 2.32471E-2 2.37165E-2 2.63085E-2 2.92386E-2 2.80539E-2 2.62313E-2 2.35962E-2 2.54524E-2 3.04113E-2 3.38751E-2 3.98311E-2 4.36848E-2 4.91213E-2 5.47284E-2 6.00994E-2 7.4121E-2 8.32297E-2 8.45336E-2 1.33172E-2 7.503E-3 4.48166E-3 4.74671E-3 5.67972E-3
1.2022E-2 1.10347E-2 5.62807E-3 5.39646E-3 7.27328E-3 7.87954E-3 2.9542E-3 1.85301E-3 2.74724E-3 5.21765E-3 1.20371E-2 3.8455E-2 4.65944E-2 4.78089E-2 4.82036E-2 4.86791E-2 4.73553E-2 4.40209E-2 3.69582E-2 3.33099E-2 2.92343E-2 2.74952E-2 2.32471E-2 1.9343E-2 1.61979E-2 1.45221E-2 9.51578E-3 8.35126E-3 8.47039E-3 1.01042E-2 2.27598E-2 2.5899E-2 2.69993E-2 2.55729E-2 2.41754E-2 2.32087E-2 2.25824E-2 2.32334E-2 2.489E-2 2.28938E-2 1.8526E-2 1.90359E-2 1.84035E-2 1.95576E-2 2.00912E-2 2.13332E-2 2.29385E-2 2.47695E-2 2.623E-2 2.89724E-2 3.11033E-2 3.00926E-2 2.65119E-2 2.62304E-2 2.78004E-2 3.24166E-2 3.76598E-2 4.24166E-2 4.62029E-2 5.236E-2 5.9121E-2 6.68058E-2 7.89932E-2 8.23311E-2 3.82383E-2 1.89207E-2 3.57625E-2 3.3646E-2 3.02344E-2 1.73348E-2
1.40609E-2 1.29336E-2 9.44799E-3 2.78322E-3 2.89352E-3 4.86987E-3 7.21312E-3 5.58408E-3 9.24593E-4 1.93281E-3 3.30936E-3 2.70312E-2 4.59613E-2 4.88688E-2 4.70469E-2 4.52559E-2 4.51391E-2 4.75166E-2 4.23058E-2 3.58308E-2 3.48608E-2 3.00399E-2 2.44442E-2 2.05207E-2 1.59879E-2 1.35532E-2 9.92646E-3 8.85957E-3 1.01538E-2 8.10452E-3 1.76854E-2 2.69993E-2 2.77094E-2 2.66299E-2 2.62803E-2 2.35535E-2 2.32334E-2 2.45522E-2 2.48761E-2 2.48761E-2 2.35535E-2 2.38901E-2 2.17585E-2 2.07153E-2 2.25653E-2 2.32764E-2 2.66036E-2 2.73241E-2 2.92343E-2 3.12206E-2 3.19918E-2 2.8249E-2 2.59061E-2 2.93075E-2 3.18931E-2 3.54795E-2 3.93951E-2 4.41717E-2 4.90013E-2 5.56032E-2 6.21432E-2 7.25576E-2 7.95945E-2 7.61371E-2 1.50149E-2 4.99838E-2 5.54409E-2 4.66834E-2 2.89441E-2 1.35367E-2
1.3105E-2 1.27191E-2 1.22963E-2 1.03359E-2 6.26459E-3 2.90232E-3 3.34618E-3 7.29843E-3 5.09947E-3 3.08542E-3 4.43066E-3 2.76158E-2 4.53802E-2 5.00321E-2 4.67042E-2 4.45171E-2 4.71263E-2 4.81984E-2 4.45171E-2 3.83115E-2 3.73724E-2 3.24419E-2 2.80106E-2 2.17224E-2 1.77448E-2 1.27071E-2 6.5183E-3 7.49372E-3 1.01538E-2 9.85204E-3 1.94678E-2 2.84664E-2 2.91534E-2 2.80483E-2 2.7671E-2 2.62711E-2 2.59164E-2 2.42191E-2 2.45522E-2 2.65067E-2 2.67984E-2 2.58898E-2 2.38495E-2 2.3116E-2 2.41754E-2 2.69927E-2 2.6989E-2 2.36858E-2 2.9623E-2 3.20929E-2 3.11033E-2 2.80539E-2 2.97721E-2 3.19477E-2 3.55255E-2 4.00451E-2 4.34652E-2 4.82598E-2 5.44629E-2 6.06305E-2 6.93871E-2 7.74555E-2 8.24116E-2 5.78614E-2 3.73E-2 5.05285E-2 4.46078E-2 3.13273E-2 1.06654E-2 8.69092E-3
5.70838E-3 7.10518E-3 8.81844E-3 9.41651E-3 8.25863E-3 8.9483E-3 5.3044E-3 7.57426E-3 8.24353E-3 3.92648E-3 1.40381E-3 1.36903E-2 3.32548E-2 4.41488E-2 4.95591E-2 4.75166E-2 4.64755E-2 4.58319E-2 4.41712E-2 3.89772E-2 3.78801E-2 3.55238E-2 2.83828E-2 2.3866E-2 2.05903E-2 9.53324E-3 5.80391E-3 8.3512E-3 1.07813E-2 1.0002E-2 2.13247E-2 2.99485E-2 3.10211E-2 2.98792E-2 2.87624E-2 2.83757E-2 2.72416E-2 2.58898E-2 2.55381E-2 2.55381E-2 2.65067E-2 2.62036E-2 2.58898E-2 2.62456E-2 2.66054E-2 2.69927E-2 2.47262E-2 2.47695E-2 2.58873E-2 2.94468E-2 2.82236E-2 2.6586E-2 3.12567E-2 3.60756E-2 4.02169E-2 4.37686E-2 4.97535E-2 5.49474E-2 5.84525E-2 6.60577E-2 7.51571E-2 8.33753E-2 8.60614E-2 7.02476E-2 5.37718E-2 4.67951E-2 1.92134E-2 2.25496E-2 1.06126E-2 2.04886E-3
3.31056E-3 2.78403E-3 3.416E-3 3.74658E-3 4.30626E-3 4.09871E-3 6.05904E-3 6.94102E-3 6.55149E-3 6.01928E-3 1.48897E-3 2.53338E-3 1.54168E-2 3.46473E-2 4.72108E-2 4.84886E-2 4.65549E-2 4.3944E-2 4.52648E-2 4.3944E-2 4.23058E-2 3.7139E-2 3.24419E-2 2.83828E-2 2.5431E-2 1.19661E-2 5.28393E-3 9.53324E-3 1.13363E-2 7.85151E-3 1.70736E-2 2.96004E-2 3.20635E-2 3.16347E-2 3.16347E-2 3.0501E-2 2.96854E-2 2.82149E-2 2.75427E-2 2.81085E-2 2.87642E-2 2.75427E-2 2.72416E-2 2.72416E-2 2.86912E-2 2.5921E-2 2.21592E-2 2.17653E-2 2.2478E-2 2.49881E-2 2.66556E-2 2.71443E-2 3.30606E-2 3.68957E-2 4.15616E-2 4.66638E-2 5.14819E-2 5.86886E-2 6.35621E-2 7.22209E-2 7.9959E-2 8.53778E-2 8.42477E-2 5.04424E-2 4.50636E-2 3.72411E-2 1.7656E-2 9.06154E-3 6.29742E-3 6.84409E-3
2.56187E-3 1.62705E-3 2.01681E-3 2.71288E-3 3.70184E-3 4.51184E-3 3.9099E-3 4.13023E-3 2.52942E-3 1.19769E-3 2.51932E-3 1.28495E-3 5.48404E-3 2.54603E-2 4.06346E-2 4.84886E-2 4.67299E-2 4.55669E-2 4.51923E-2 4.76055E-2 4.40038E-2 4.04774E-2 3.7102E-2 3.4593E-2 2.75773E-2 1.63557E-2 1.13939E-2 1.02501E-2 1.24355E-2 7.4437E-3 1.09433E-2 2.57671E-2 3.27254E-2 3.35179E-2 3.33336E-2 3.28867E-2 3.24448E-2 3.13757E-2 3.20221E-2 3.22213E-2 3.19627E-2 3.15873E-2 3.04874E-2 2.8496E-2 2.62711E-2 2.22641E-2 1.96404E-2 1.95401E-2 1.81929E-2 1.9166E-2 2.14593E-2 2.64602E-2 3.22373E-2 3.68957E-2 4.05542E-2 4.80246E-2 5.35687E-2 5.82407E-2 6.6989E-2 7.25285E-2 8.00602E-2 8.27284E-2 6.87493E-2 4.01843E-2 4.37908E-2 3.58838E-2 2.39069E-2 1.2875E-2 1.24032E-2 3.31475E-2
6.20757E-3 3.92318E-3 2.84559E-3 1.85058E-3 1.33681E-3 3.47738E-3 4.13457E-3 3.56285E-3 3.30214E-3 2.52942E-3 1.6971E-3 2.41111E-3 3.92648E-3 1.57262E-2 3.80824E-2 4.55666E-2 4.64885E-2 4.76055E-2 4.77825E-2 4.69374E-2 4.60735E-2 4.20975E-2 3.83115E-2 3.63932E-2 2.86869E-2 1.04162E-2 1.01144E-2 7.89107E-3 9.68405E-3 1.14417E-2 8.4292E-3 1.42E-2 2.52983E-2 3.30594E-2 3.49637E-2 3.49567E-2 3.46876E-2 3.28506E-2 3.34744E-2 3.39342E-2 3.26645E-2 3.13757E-2 2.78318E-2 2.52317E-2 2.30481E-2 1.928E-2 1.37814E-2 1.51582E-2 1.4294E-2 1.58977E-2 1.89267E-2 2.37618E-2 2.94037E-2 3.26081E-2 3.95283E-2 4.8094E-2 5.49517E-2 5.96618E-2 6.68609E-2 7.38053E-2 8.11983E-2 8.14283E-2 7.07245E-2 4.88521E-2 4.30941E-2 1.80962E-2 1.76281E-2 7.91849E-3 9.95699E-3 5.49812E-2
1.0146E-2 6.13593E-3 3.69737E-3 1.97795E-3 9.33614E-4 1.58137E-3 1.51489E-3 1.43874E-3 1.73161E-3 1.25737E-3 3.19707E-3 4.70659E-3 4.30676E-3 1.29217E-2 2.63085E-2 3.36059E-2 4.11405E-2 4.43027E-2 4.46307E-2 4.55669E-2 4.51923E-2 4.46307E-2 4.10514E-2 4.00593E-2 3.59968E-2 1.27663E-2 5.31432E-3 6.31479E-3 7.3208E-3 6.8617E-3 8.27784E-3 1.18217E-2 9.39713E-3 1.82204E-2 3.23771E-2 3.5206E-2 3.54307E-2 3.35806E-2 3.26837E-2 3.11484E-2 3.11484E-2 2.72416E-2 2.55657E-2 2.3116E-2 2.04924E-2 1.55691E-2 1.14498E-2 1.16248E-2 1.1889E-2 1.38099E-2 1.49744E-2 1.57642E-2 1.74415E-2 2.30489E-2 3.78941E-2 4.98825E-2 5.4804E-2 6.1477E-2 6.79115E-2 7.30783E-2 7.86132E-2 8.0021E-2 8.06759E-2 5.35551E-2 3.26365E-2 1.3187E-2 9.12209E-3 4.6495E-3 1.06802E-2 6.36454E-2
