KUENM/Final_Models/M_0.1_F_lq_Set_2_E/sp1_5_se_asia.asc
ncols         320
nrows         243
xllcorner     44.0
yllcorner     -0.666666666666667
cellsize      0.166666666666667
NODATA_value  -9999
[rows 62 to 92 of 243, columns 140 to 209 of 320]
9.62166E-2 1.18212E-1 1.14045E-1 1.20403E-1 1.31845E-1 1.5843E-1 1.87826E-1 1.86493E-1 1.51756E-1 1.63619E-1 1.74025E-1 1.65748E-1 2.00189E-1 2.12521E-1 2.18842E-1 2.44141E-1 2.7075E-1 2.75484E-1 2.8882E-1 2.57535E-1 1.96505E-1 1.48864E-1 1.31049E-1 1.27134E-1 1.25832E-1 1.28412E-1 1.24555E-1 1.27134E-1 1.31049E-1 1.39059E-1 1.54608E-1 1.67949E-1 1.86801E-1 1.98259E-1 2.06603E-1 2.02883E-1 1.94324E-1 1.83106E-1 1.79577E-1 1.99813E-1 2.26641E-1 2.51866E-1 2.85885E-1 3.20723E-1 3.60295E-1 3.89807E-1 4.26614E-1 4.67031E-1 4.96577E-1 5.15744E-1 5.27674E-1 5.39941E-1 5.81169E-1 6.01322E-1 5.87077E-1 5.87404E-1 6.11723E-1 5.98674E-1 4.72416E-1 3.6476E-1 3.71341E-1 2.57203E-1 1.54863E-1 1.17982E-1 1.22684E-1 5.85083E-2 2.3888E-2 4.70077E-3 6.54112E-4 1.97808E-5
1.10538E-1 1.0435E-1 1.01242E-1 1.05791E-1 1.11612E-1 1.29843E-1 1.7245E-1 1.69464E-1 1.56479E-1 1.72395E-1 1.63999E-1 1.73103E-1 1.87569E-1 2.04522E-1 2.21457E-1 2.48699E-1 2.47817E-1 2.61175E-1 2.92542E-1 2.62678E-1 1.86763E-1 1.41851E-1 1.24564E-1 1.23292E-1 1.22029E-1 1.25845E-1 1.25845E-1 1.27067E-1 1.32315E-1 1.41688E-1 1.60403E-1 1.77082E-1 1.94814E-1 2.09902E-1 2.16846E-1 2.11679E-1 1.99803E-1 1.75547E-1 1.72212E-1 1.97129E-1 2.19812E-1 2.5108E-1 2.77978E-1 3.13145E-1 3.47656E-1 3.69168E-1 4.0049E-1 4.41806E-1 4.87154E-1 5.35284E-1 5.66234E-1 5.53478E-1 5.77712E-1 6.12999E-1 6.15937E-1 6.14455E-1 6.18355E-1 6.04438E-1 5.48241E-1 4.84035E-1 4.25418E-1 2.92899E-1 1.45627E-1 1.02357E-1 1.19229E-1 9.21513E-2 5.49538E-2 2.81504E-2 9.53758E-3 1.81206E-3
1.12238E-1 9.56637E-2 9.35465E-2 9.45821E-2 9.66537E-2 1.13599E-1 1.52845E-1 1.83776E-1 2.01123E-1 2.05401E-1 1.82946E-1 1.83714E-1 1.95258E-1 2.06606E-1 2.06254E-1 2.10867E-1 2.10003E-1 2.18489E-1 2.2727E-1 2.03247E-1 1.64976E-1 1.36385E-1 1.20773E-1 1.17058E-1 1.18288E-1 1.19526E-1 1.2322E-1 1.27067E-1 1.34851E-1 1.47094E-1 1.61707E-1 1.79976E-1 1.99548E-1 2.13104E-1 2.18489E-1 2.18489E-1 2.0493E-1 1.93232E-1 1.96286E-1 2.10867E-1 2.34296E-1 2.59069E-1 2.89911E-1 3.14465E-1 3.40064E-1 3.63834E-1 3.83341E-1 4.22341E-1 4.75441E-1 5.2636E-1 5.5761E-1 5.4088E-1 5.63423E-1 6.09487E-1 6.22402E-1 6.22574E-1 6.20875E-1 6.07873E-1 5.82814E-1 5.2703E-1 4.44233E-1 3.16232E-1 1.87249E-1 1.23785E-1 1.36342E-1 1.19229E-1 9.30374E-2 6.70689E-2 4.63598E-2 1.81456E-2
1.07015E-1 9.14262E-2 8.83108E-2 8.72895E-2 9.0343E-2 1.13857E-1 1.4451E-1 1.93025E-1 1.90452E-1 1.95968E-1 1.9079E-1 2.01259E-1 1.97218E-1 1.92514E-1 1.82207E-1 1.72393E-1 1.70844E-1 1.69302E-1 1.63399E-1 1.48843E-1 1.33701E-1 1.20773E-1 1.15836E-1 1.11033E-1 1.13328E-1 1.16974E-1 1.23067E-1 1.28221E-1 1.37342E-1 1.46793E-1 1.5992E-1 1.76431E-1 1.95859E-1 2.0763E-1 2.16551E-1 2.20223E-1 2.22035E-1 2.23716E-1 2.28747E-1 2.40703E-1 2.56209E-1 2.79788E-1 2.97243E-1 3.2667E-1 3.47345E-1 3.67223E-1 3.9032E-1 4.26083E-1 4.61247E-1 4.9638E-1 5.2636E-1 5.43754E-1 5.74703E-1 6.05691E-1 6.24554E-1 6.30623E-1 6.26581E-1 6.25387E-1 6.14038E-1 5.51664E-1 4.41236E-1 3.26361E-1 2.37306E-1 1.91872E-1 1.93424E-1 1.84182E-1 1.5239E-1 1.33889E-1 1.25008E-1 6.37298E-2
9.44839E-2 9.14262E-2 9.35465E-2 8.93406E-2 9.2482E-2 1.15392E-1 1.68104E-1 2.11914E-1 2.2721E-1 2.15091E-1 2.01461E-1 1.83392E-1 1.77538E-1 1.65814E-1 1.48728E-1 1.35282E-1 1.32585E-1 1.28995E-1 1.24113E-1 1.1094E-1 1.05218E-1 1.00719E-1 1.05218E-1 1.06265E-1 1.08585E-1 1.14373E-1 1.1929E-1 1.26691E-1 1.37035E-1 1.46793E-1 1.62535E-1 1.76431E-1 1.88794E-1 2.05462E-1 2.17951E-1 2.25263E-1 2.34318E-1 2.46697E-1 2.64828E-1 2.68151E-1 2.8415E-1 3.02635E-1 3.20336E-1 3.45022E-1 3.67223E-1 3.85036E-1 4.04253E-1 4.40781E-1 4.73355E-1 4.86949E-1 5.11323E-1 5.42643E-1 5.816E-1 6.11714E-1 6.14318E-1 6.03546E-1 6.20441E-1 6.23099E-1 6.30605E-1 5.4257E-1 4.31424E-1 3.40964E-1 3.01677E-1 2.82309E-1 2.73286E-1 2.90719E-1 2.79771E-1 2.79771E-1 2.22208E-1 1.29748E-1
9.78529E-2 9.78916E-2 9.67922E-2 1.00117E-1 1.12983E-1 1.5491E-1 2.36202E-1 2.76784E-1 2.57643E-1 2.21457E-1 1.86572E-1 1.64049E-1 1.50705E-1 1.35282E-1 1.26823E-1 1.15427E-1 1.05174E-1 1.01009E-1 9.69077E-2 9.18294E-2 8.80261E-2 9.31682E-2 9.95067E-2 1.01553E-1 1.07253E-1 1.14137E-1 1.20308E-1 1.28995E-1 1.38405E-1 1.50705E-1 1.62048E-1 1.77527E-1 1.90432E-1 2.05462E-1 2.21436E-1 2.37671E-1 2.50434E-1 2.76074E-1 2.96561E-1 3.01869E-1 3.08853E-1 3.24918E-1 3.46172E-1 3.75852E-1 3.99057E-1 4.19619E-1 4.35928E-1 4.70364E-1 4.88359E-1 4.96682E-1 5.04769E-1 5.42643E-1 5.88829E-1 6.199E-1 6.0906E-1 5.91759E-1 6.13296E-1 6.20326E-1 6.30273E-1 6.08191E-1 5.25804E-1 4.2823E-1 3.79895E-1 3.51508E-1 3.24601E-1 3.38648E-1 3.66409E-1 3.87314E-1 2.94218E-1 1.6153E-1
1.04111E-1 1.00117E-1 1.07002E-1 1.19183E-1 1.47595E-1 2.23731E-1 3.5577E-1 3.80423E-1 2.8437E-1 2.05288E-1 1.64214E-1 1.40286E-1 1.24936E-1 1.14291E-1 1.077E-1 9.79891E-2 8.58407E-2 8.68424E-2 8.42103E-2 8.54899E-2 8.57263E-2 8.97615E-2 9.60664E-2 1.00439E-1 1.0818E-1 1.14137E-1 1.22526E-1 1.28995E-1 1.38012E-1 1.5022E-1 1.63562E-1 1.79115E-1 1.92076E-1 2.0887E-1 2.26703E-1 2.44575E-1 2.52117E-1 2.81674E-1 3.0987E-1 3.24725E-1 3.31235E-1 3.54532E-1 3.8075E-1 4.16235E-1 4.53488E-1 4.71863E-1 4.75441E-1 4.96682E-1 5.16445E-1 5.13705E-1 4.98093E-1 5.38662E-1 5.89466E-1 6.0783E-1 5.99892E-1 5.96298E-1 5.91759E-1 6.30943E-1 6.30527E-1 6.30163E-1 6.05125E-1 5.28977E-1 4.51224E-1 4.08659E-1 3.49755E-1 3.17951E-1 3.40964E-1 3.55007E-1 2.54424E-1 1.3108E-1
1.07603E-1 1.04672E-1 1.12983E-1 1.29558E-1 1.62428E-1 2.45391E-1 3.86079E-1 3.84197E-1 2.4877E-1 1.7437E-1 1.36993E-1 1.19051E-1 1.11196E-1 1.03643E-1 9.85932E-2 9.21261E-2 8.6433E-2 8.28861E-2 8.38626E-2 8.42103E-2 8.64858E-2 9.05532E-2 9.58274E-2 9.90939E-2 1.09046E-1 1.13828E-1 1.23414E-1 1.32585E-1 1.44499E-1 1.5313E-1 1.66613E-1 1.80711E-1 1.97047E-1 2.13445E-1 2.36375E-1 2.53265E-1 2.60623E-1 2.81468E-1 3.0987E-1 3.32243E-1 3.51683E-1 3.87295E-1 4.23009E-1 4.67946E-1 5.09922E-1 5.32332E-1 5.22694E-1 5.41525E-1 5.49469E-1 5.47403E-1 5.47364E-1 5.70781E-1 5.93048E-1 5.71088E-1 5.79066E-1 6.1942E-1 6.20373E-1 6.28807E-1 6.34253E-1 6.40309E-1 6.27986E-1 5.97287E-1 5.1839E-1 4.46575E-1 3.73411E-1 3.03818E-1 3.09217E-1 3.12817E-1 2.25097E-1 1.28542E-1
1.19447E-1 1.05791E-1 1.15392E-1 1.25554E-1 1.51903E-1 1.91016E-1 2.32592E-1 2.07728E-1 1.51516E-1 1.25225E-1 1.07603E-1 1.01527E-1 9.52342E-2 9.52342E-2 9.36998E-2 9.21261E-2 8.54336E-2 8.34599E-2 8.38626E-2 8.48474E-2 8.71949E-2 9.12923E-2 9.55254E-2 1.01009E-1 1.08667E-1 1.15886E-1 1.25522E-1 1.36165E-1 1.5022E-1 1.62048E-1 1.71246E-1 1.83923E-1 1.97047E-1 2.17495E-1 2.41785E-1 2.79238E-1 2.96197E-1 3.09895E-1 3.26605E-1 3.4863E-1 3.76468E-1 4.17914E-1 4.60236E-1 5.07267E-1 5.41525E-1 5.66412E-1 5.68074E-1 5.71059E-1 5.80873E-1 5.77395E-1 5.87712E-1 6.02808E-1 6.12963E-1 5.98427E-1 6.05122E-1 6.20743E-1 6.29838E-1 6.26705E-1 6.43554E-1 6.40461E-1 6.40309E-1 6.18014E-1 5.35605E-1 4.80586E-1 4.11577E-1 3.46905E-1 3.41549E-1 3.46958E-1 3.1084E-1 2.30864E-1
1.0915E-1 1.08139E-1 1.11725E-1 1.1776E-1 1.25428E-1 1.3477E-1 1.37516E-1 1.16513E-1 9.64918E-2 8.98866E-2 8.88532E-2 8.75666E-2 8.92948E-2 8.9946E-2 9.05408E-2 9.00392E-2 8.59677E-2 8.54336E-2 8.44425E-2 8.68424E-2 9.12923E-2 9.55254E-2 1.01759E-1 1.07047E-1 1.1299E-1 1.21672E-1 1.30776E-1 1.44499E-1 1.56071E-1 1.66613E-1 1.83923E-1 1.93726E-1 2.04236E-1 2.14488E-1 2.24942E-1 2.61017E-1 3.07868E-1 3.34388E-1 3.56068E-1 3.76468E-1 4.07317E-1 4.46203E-1 4.84373E-1 5.27743E-1 5.58566E-1 5.8179E-1 5.86141E-1 5.84065E-1 5.87077E-1 5.88564E-1 5.87756E-1 6.08399E-1 6.22402E-1 6.25795E-1 6.30543E-1 6.30444E-1 6.31445E-1 6.26895E-1 6.42952E-1 6.44003E-1 6.30819E-1 6.07169E-1 5.62884E-1 5.30832E-1 4.62078E-1 4.09894E-1 4.16976E-1 4.38427E-1 4.0681E-1 3.35961E-1
1.16201E-1 1.06674E-1 1.08028E-1 1.07849E-1 1.07849E-1 1.05508E-1 1.0093E-1 9.00966E-2 8.20525E-2 7.71183E-2 7.61952E-2 8.06515E-2 8.22836E-2 8.48723E-2 8.68762E-2 8.54471E-2 8.4971E-2 8.34599E-2 8.84573E-2 9.19777E-2 9.5161E-2 1.02889E-1 1.08218E-1 1.12462E-1 1.19866E-1 1.26272E-1 1.37533E-1 1.51671E-1 1.66613E-1 1.82796E-1 1.99191E-1 2.09336E-1 2.16761E-1 2.21962E-1 2.203E-1 2.41415E-1 3.0987E-1 3.59777E-1 3.82868E-1 4.03314E-1 4.29612E-1 4.65247E-1 5.04892E-1 5.33779E-1 5.60569E-1 5.8179E-1 5.80428E-1 5.72375E-1 5.77109E-1 5.80882E-1 5.93996E-1 5.94704E-1 6.17814E-1 6.26688E-1 6.13254E-1 6.09241E-1 6.17186E-1 6.31186E-1 6.44173E-1 6.35968E-1 5.95915E-1 6.04263E-1 5.73828E-1 5.33261E-1 5.1164E-1 4.80056E-1 4.72672E-1 5.19689E-1 4.89501E-1 4.28899E-1
1.16815E-1 1.0643E-1 1.03201E-1 1.01826E-1 9.73625E-2 9.30385E-2 8.75666E-2 8.68123E-2 8.28331E-2 7.78146E-2 7.59651E-2 7.78146E-2 8.22836E-2 8.29024E-2 8.29024E-2 8.44539E-2 8.59677E-2 8.54336E-2 8.7441E-2 9.68957E-2 1.03585E-1 1.08878E-1 1.14291E-1 1.22402E-1 1.2758E-1 1.36968E-1 1.46769E-1 1.65084E-1 1.84406E-1 2.02548E-1 2.19691E-1 2.30552E-1 2.36054E-1 2.3787E-1 2.48627E-1 2.79548E-1 3.41169E-1 3.81054E-1 4.04382E-1 4.25336E-1 4.4621E-1 4.72934E-1 4.97244E-1 5.28922E-1 5.49202E-1 5.60247E-1 5.55924E-1 5.57921E-1 5.63768E-1 5.84826E-1 5.8539E-1 5.99753E-1 6.16194E-1 6.15769E-1 5.68472E-1 5.69798E-1 6.19614E-1 6.40124E-1 6.44027E-1 6.30396E-1 6.31307E-1 6.19638E-1 5.71872E-1 5.45038E-1 5.41578E-1 5.41578E-1 5.25858E-1 5.3447E-1 5.25531E-1 4.8276E-1
1.14204E-1 1.08468E-1 1.02964E-1 9.70753E-2 9.38278E-2 9.03306E-2 8.82676E-2 8.96192E-2 9.13751E-2 9.09864E-2 8.45519E-2 8.42442E-2 8.42442E-2 8.48723E-2 8.78909E-2 8.9946E-2 8.7459E-2 9.00392E-2 9.21261E-2 1.02449E-1 1.14204E-1 1.20511E-1 1.29583E-1 1.36968E-1 1.36968E-1 1.44499E-1 1.60542E-1 1.81194E-1 2.02901E-1 2.33796E-1 2.48202E-1 2.5394E-1 2.6138E-1 2.63179E-1 2.81639E-1 3.09349E-1 3.50492E-1 3.81846E-1 4.08823E-1 4.36595E-1 4.50572E-1 4.71627E-1 4.90753E-1 5.1255E-1 5.36985E-1 5.51135E-1 5.51238E-1 5.67334E-1 5.77729E-1 5.8679E-1 5.88154E-1 6.06894E-1 6.09102E-1 5.92887E-1 5.37758E-1 5.83256E-1 6.18503E-1 6.39957E-1 6.2946E-1 6.2397E-1 6.32625E-1 6.32192E-1 6.09541E-1 5.61666E-1 5.35504E-1 5.42689E-1 5.26802E-1 5.11094E-1 5.07013E-1 5.01968E-1
1.12402E-1 1.08468E-1 1.03436E-1 1.03436E-1 9.741E-2 9.41593E-2 9.30931E-2 9.41593E-2 9.58489E-2 9.52342E-2 9.13751E-2 8.92948E-2 8.7249E-2 9.03306E-2 9.20354E-2 9.34898E-2 9.30931E-2 9.6403E-2 1.03585E-1 1.18747E-1 1.38012E-1 1.42519E-1 1.48216E-1 1.44681E-1 1.50422E-1 1.57554E-1 1.71732E-1 1.96466E-1 2.28969E-1 2.63216E-1 2.83343E-1 2.91043E-1 2.85462E-1 2.87222E-1 3.05933E-1 3.24331E-1 3.57924E-1 3.80632E-1 4.17626E-1 4.40616E-1 4.60331E-1 4.7934E-1 4.90753E-1 5.08598E-1 5.31843E-1 5.56886E-1 5.65978E-1 5.78163E-1 5.8834E-1 6.0323E-1 6.01099E-1 6.13624E-1 6.12543E-1 5.93342E-1 5.60797E-1 5.76467E-1 6.20746E-1 6.39337E-1 6.27006E-1 6.11101E-1 6.28898E-1 6.40207E-1 6.36236E-1 5.83663E-1 5.38784E-1 4.91933E-1 4.66259E-1 4.77048E-1 4.8158E-1 4.97707E-1
1.17798E-1 1.12056E-1 1.10459E-1 1.04792E-1 1.02504E-1 1.00818E-1 1.01373E-1 1.01866E-1 1.03643E-1 9.8511E-2 9.52342E-2 9.41593E-2 9.63178E-2 9.63178E-2 9.89283E-2 9.78232E-2 9.96206E-2 1.04792E-1 1.12238E-1 1.3125E-1 1.56971E-1 1.73087E-1 1.7466E-1 1.6151E-1 1.59958E-1 1.66613E-1 1.76431E-1 1.99548E-1 2.36054E-1 2.85359E-1 3.20965E-1 3.17205E-1 3.09688E-1 3.11567E-1 3.24725E-1 3.47246E-1 3.72694E-1 3.9273E-1 4.23614E-1 4.48926E-1 4.61937E-1 4.79259E-1 4.85829E-1 5.1255E-1 5.38913E-1 5.68074E-1 5.8179E-1 5.86478E-1 6.03376E-1 6.16491E-1 6.17626E-1 6.26536E-1 6.26364E-1 6.27707E-1 6.19274E-1 6.20746E-1 6.33177E-1 6.43158E-1 6.29931E-1 6.08204E-1 6.06715E-1 5.94671E-1 5.67978E-1 5.57357E-1 5.45962E-1 5.06497E-1 4.61474E-1 4.64649E-1 4.59878E-1 4.70928E-1
1.20314E-1 1.20314E-1 1.17311E-1 1.09472E-1 1.08218E-1 1.11784E-1 1.12462E-1 1.10664E-1 1.09472E-1 1.06461E-1 1.05299E-1 1.03002E-1 1.01866E-1 1.01866E-1 1.03436E-1 1.06908E-1 1.03436E-1 1.05949E-1 1.17363E-1 1.40295E-1 1.75355E-1 2.20984E-1 1.96457E-1 1.75355E-1 1.71246E-1 1.73291E-1 1.81194E-1 1.99191E-1 2.30552E-1 2.76149E-1 3.11567E-1 3.20585E-1 3.20585E-1 3.22458E-1 3.41627E-1 3.73276E-1 3.9701E-1 4.26319E-1 4.46015E-1 4.63538E-1 4.73018E-1 4.70082E-1 4.82911E-1 5.18693E-1 5.47162E-1 5.70167E-1 5.85323E-1 5.92604E-1 6.13711E-1 6.27454E-1 6.30605E-1 6.37479E-1 6.3409E-1 6.41107E-1 6.41586E-1 6.328E-1 6.35968E-1 6.48E-1 6.33052E-1 6.07413E-1 5.89056E-1 5.7617E-1 5.36964E-1 5.20193E-1 5.38205E-1 5.2808E-1 4.64649E-1 4.08871E-1 4.07108E-1 3.87465E-1
1.29393E-1 1.2545E-1 1.23644E-1 1.19866E-1 1.17899E-1 1.2423E-1 1.23684E-1 1.17363E-1 1.14895E-1 1.14291E-1 1.16071E-1 1.11196E-1 1.11196E-1 1.09999E-1 1.10459E-1 1.11661E-1 1.11661E-1 1.14839E-1 1.24974E-1 1.43089E-1 1.84406E-1 2.07976E-1 1.94203E-1 1.79599E-1 1.78389E-1 1.88014E-1 1.92554E-1 2.0593E-1 2.35582E-1 2.7059E-1 2.967E-1 3.21186E-1 3.24725E-1 3.43036E-1 3.69978E-1 4.02409E-1 4.28854E-1 4.51666E-1 4.76279E-1 4.83801E-1 4.83801E-1 4.82268E-1 5.04585E-1 5.41077E-1 5.67566E-1 5.80762E-1 5.90191E-1 6.03394E-1 6.15828E-1 6.34433E-1 6.41036E-1 6.41949E-1 6.44445E-1 6.44393E-1 6.17997E-1 6.16164E-1 6.33472E-1 6.43129E-1 6.32192E-1 5.84102E-1 5.7671E-1 5.79125E-1 5.46694E-1 4.90632E-1 5.10799E-1 4.99452E-1 4.49818E-1 3.99099E-1 3.96447E-1 3.45912E-1
1.36606E-1 1.36137E-1 1.31528E-1 1.34955E-1 1.32894E-1 1.31552E-1 1.28895E-1 1.28895E-1 1.25643E-1 1.23644E-1 1.23644E-1 1.19818E-1 1.19818E-1 1.17311E-1 1.19051E-1 1.17798E-1 1.19051E-1 1.24936E-1 1.34955E-1 1.5255E-1 1.71732E-1 1.8157E-1 1.73291E-1 1.68636E-1 1.86653E-1 1.97881E-1 2.07163E-1 2.13445E-1 2.38736E-1 2.70271E-1 3.06116E-1 3.32599E-1 3.4959E-1 3.77636E-1 4.125E-1 4.44055E-1 4.64823E-1 4.85044E-1 4.91094E-1 5.04327E-1 5.07269E-1 4.98362E-1 5.31152E-1 5.82497E-1 5.88206E-1 5.78527E-1 5.85489E-1 6.01021E-1 6.188E-1 6.36556E-1 6.49834E-1 6.33758E-1 6.41237E-1 6.37326E-1 6.14559E-1 6.30424E-1 6.15242E-1 6.14268E-1 5.95703E-1 5.71628E-1 5.71872E-1 5.30573E-1 4.97954E-1 4.45925E-1 4.27981E-1 4.52559E-1 4.20318E-1 3.71851E-1 4.55843E-1 4.37514E-1
1.52845E-1 1.45934E-1 1.43093E-1 1.43267E-1 1.41861E-1 1.35602E-1 1.31552E-1 1.32252E-1 1.31528E-1 1.30193E-1 1.28866E-1 1.28866E-1 1.27547E-1 1.27547E-1 1.2807E-1 1.29393E-1 1.33414E-1 1.34225E-1 1.43931E-1 1.56293E-1 1.69965E-1 1.78524E-1 1.75945E-1 1.82313E-1 2.02548E-1 2.13445E-1 2.21457E-1 2.25924E-1 2.42907E-1 2.7124E-1 3.09763E-1 3.47147E-1 3.95923E-1 4.45913E-1 4.74296E-1 4.90206E-1 5.01887E-1 5.07213E-1 5.09784E-1 5.08618E-1 5.07269E-1 5.18362E-1 5.25145E-1 5.98707E-1 5.76743E-1 5.47044E-1 5.79314E-1 6.04077E-1 6.23072E-1 6.47084E-1 6.53357E-1 6.28376E-1 6.24973E-1 6.20001E-1 6.18691E-1 6.08009E-1 5.63763E-1 5.57179E-1 5.37606E-1 5.40265E-1 5.61534E-1 5.34861E-1 4.889E-1 4.07108E-1 3.74757E-1 4.07108E-1 4.08011E-1 3.58928E-1 4.50155E-1 4.76623E-1
1.55063E-1 1.61661E-1 1.51093E-1 1.53615E-1 1.46779E-1 1.40463E-1 1.34955E-1 1.34225E-1 1.34771E-1 1.36137E-1 1.38894E-1 1.38894E-1 1.38894E-1 1.36956E-1 1.36956E-1 1.38894E-1 1.43093E-1 1.46779E-1 1.55521E-1 1.67625E-1 1.79422E-1 1.98128E-1 2.10584E-1 2.19702E-1 2.33057E-1 2.40268E-1 2.42944E-1 2.42944E-1 2.53944E-1 2.69771E-1 3.04839E-1 3.57465E-1 4.19894E-1 4.97918E-1 5.28579E-1 5.32763E-1 5.36662E-1 5.37087E-1 5.26116E-1 5.06916E-1 5.32892E-1 5.55529E-1 5.47364E-1 5.49456E-1 5.17709E-1 5.42111E-1 5.95483E-1 6.21281E-1 6.36241E-1 6.56726E-1 6.51004E-1 6.32101E-1 6.12897E-1 5.89448E-1 5.78731E-1 5.79741E-1 5.33053E-1 5.09429E-1 5.49455E-1 5.62725E-1 5.06497E-1 5.1084E-1 4.56669E-1 3.60589E-1 3.26884E-1 3.29637E-1 3.17323E-1 3.29091E-1 3.97305E-1 4.61678E-1
1.58456E-1 1.61381E-1 1.63147E-1 1.61988E-1 1.50258E-1 1.47368E-1 1.41685E-1 1.45003E-1 1.45003E-1 1.49314E-1 1.50767E-1 1.52229E-1 1.53182E-1 1.48216E-1 1.51113E-1 1.51113E-1 1.56138E-1 1.62146E-1 1.72291E-1 1.83439E-1 2.02473E-1 2.23918E-1 2.47786E-1 2.6695E-1 2.71483E-1 2.79022E-1 2.7213E-1 2.64626E-1 2.59525E-1 2.68876E-1 3.16534E-1 3.84761E-1 4.56827E-1 5.13488E-1 5.51167E-1 5.69586E-1 5.70233E-1 5.66253E-1 5.50628E-1 5.46893E-1 5.67407E-1 5.89466E-1 5.7609E-1 5.42643E-1 5.45327E-1 5.73575E-1 6.23656E-1 6.43422E-1 6.52375E-1 6.57718E-1 6.51839E-1 6.33415E-1 6.05165E-1 5.4014E-1 4.92128E-1 5.39998E-1 5.34282E-1 5.6223E-1 5.54834E-1 5.05314E-1 5.38205E-1 4.45832E-1 3.75158E-1 3.07219E-1 2.48499E-1 1.9358E-1 1.65673E-1 2.19286E-1 3.25744E-1 3.83456E-1
1.73049E-1 1.74214E-1 1.73886E-1 1.71092E-1 1.59126E-1 1.54125E-1 1.48606E-1 1.50057E-1 1.55607E-1 1.63134E-1 1.662E-1 1.68838E-1 1.65198E-1 1.66084E-1 1.66084E-1 1.69172E-1 1.73862E-1 1.80912E-1 1.89967E-1 1.99963E-1 2.17126E-1 2.44724E-1 2.79962E-1 3.18248E-1 3.28491E-1 3.15011E-1 3.03479E-1 2.78908E-1 2.60187E-1 2.84604E-1 3.49654E-1 4.20479E-1 4.86592E-1 5.36264E-1 5.74198E-1 5.98416E-1 6.00422E-1 5.89231E-1 5.76841E-1 5.74457E-1 5.64874E-1 5.62748E-1 5.64367E-1 5.43073E-1 6.01666E-1 6.15212E-1 6.3163E-1 6.52751E-1 6.55155E-1 6.59662E-1 6.52619E-1 6.39102E-1 6.10795E-1 5.49964E-1 4.80164E-1 5.49611E-1 5.59331E-1 5.21053E-1 5.01252E-1 5.246E-1 5.00137E-1 4.20758E-1 3.82115E-1 2.89445E-1 2.61384E-1 1.51066E-1 9.99308E-2 2.09122E-1 2.84606E-1 2.78931E-1
1.84696E-1 1.84696E-1 1.81809E-1 1.80405E-1 1.72291E-1 1.63134E-1 1.57835E-1 1.59338E-1 1.66814E-1 1.83994E-1 1.90158E-1 1.91812E-1 1.82524E-1 1.79307E-1 1.77827E-1 1.84248E-1 1.89967E-1 1.99963E-1 2.10189E-1 2.18875E-1 2.34853E-1 2.549E-1 2.96221E-1 3.60361E-1 3.91437E-1 3.57585E-1 3.30671E-1 2.98004E-1 2.9806E-1 3.42226E-1 4.24093E-1 4.65926E-1 5.15781E-1 5.60938E-1 5.98569E-1 6.20775E-1 6.25384E-1 6.17508E-1 6.04716E-1 5.77712E-1 5.51776E-1 5.72959E-1 5.84165E-1 5.96056E-1 6.2465E-1 6.38157E-1 6.39695E-1 6.55446E-1 6.36614E-1 6.41325E-1 6.4581E-1 6.41913E-1 6.30428E-1 6.18368E-1 5.88563E-1 5.29862E-1 4.75574E-1 4.37878E-1 4.14734E-1 5.156E-1 4.33678E-1 4.1266E-1 3.79895E-1 3.66022E-1 3.08491E-1 2.2822E-1 2.09122E-1 2.93963E-1 2.99596E-1 2.12535E-1
1.94157E-1 1.91718E-1 1.94652E-1 1.92076E-1 1.79894E-1 1.73057E-1 1.65319E-1 1.68548E-1 1.84511E-1 2.11182E-1 2.26687E-1 2.1566E-1 2.06465E-1 1.91616E-1 1.92432E-1 2.02473E-1 2.11914E-1 2.277E-1 2.36653E-1 2.43901E-1 2.549E-1 2.67901E-1 2.89585E-1 3.44074E-1 3.67137E-1 3.65332E-1 3.49953E-1 3.34562E-1 3.50014E-1 4.36928E-1 5.21201E-1 5.03784E-1 5.44338E-1 5.88352E-1 6.17592E-1 6.35557E-1 6.42681E-1 6.42141E-1 6.26992E-1 5.65764E-1 5.63631E-1 5.85132E-1 6.06253E-1 6.25155E-1 6.43211E-1 6.50142E-1 6.55364E-1 6.4245E-1 5.97953E-1 6.01171E-1 6.09055E-1 6.25619E-1 6.30008E-1 6.45028E-1 6.24036E-1 5.45209E-1 4.66228E-1 4.11967E-1 3.83987E-1 4.82965E-1 4.02096E-1 3.85653E-1 3.86759E-1 3.96345E-1 3.64479E-1 3.0695E-1 2.67846E-1 3.03357E-1 3.27948E-1 3.0524E-1
2.05457E-1 2.05655E-1 2.03251E-1 1.95753E-1 1.90553E-1 1.82845E-1 1.78871E-1 1.87336E-1 2.02806E-1 2.25432E-1 2.41103E-1 2.38818E-1 2.20361E-1 1.99027E-1 1.99963E-1 2.18875E-1 2.40268E-1 2.58597E-1 2.71644E-1 2.7352E-1 2.82941E-1 2.94318E-1 2.93389E-1 3.28082E-1 3.51934E-1 3.6145E-1 3.65042E-1 3.66948E-1 3.97417E-1 4.69479E-1 5.12493E-1 5.3433E-1 5.63616E-1 6.0955E-1 6.34926E-1 6.47334E-1 6.52744E-1 6.52751E-1 6.02216E-1 5.65792E-1 5.84319E-1 6.02861E-1 6.22789E-1 6.37361E-1 6.37798E-1 6.2254E-1 6.23248E-1 6.02649E-1 5.60739E-1 5.73121E-1 5.95017E-1 5.93012E-1 6.09622E-1 6.2418E-1 6.13638E-1 5.65393E-1 5.08033E-1 4.30724E-1 3.73924E-1 4.71177E-1 3.93465E-1 3.50721E-1 3.63714E-1 3.75476E-1 3.86472E-1 3.26651E-1 2.80549E-1 2.88305E-1 3.80489E-1 4.15069E-1
2.13688E-1 2.15401E-1 2.1857E-1 2.11719E-1 2.00597E-1 1.99412E-1 1.97302E-1 2.02648E-1 2.21913E-1 2.38014E-1 2.52458E-1 2.57665E-1 2.38818E-1 2.22124E-1 2.19678E-1 2.40268E-1 2.69771E-1 3.01938E-1 3.13403E-1 3.15317E-1 3.22976E-1 3.25921E-1 3.30007E-1 3.49914E-1 3.72947E-1 3.85887E-1 3.95254E-1 4.06385E-1 4.28465E-1 4.61612E-1 5.07465E-1 5.61184E-1 6.01886E-1 6.38802E-1 6.53015E-1 6.54148E-1 6.54972E-1 6.22126E-1 5.52021E-1 5.93087E-1 6.09036E-1 6.20478E-1 6.29958E-1 6.35143E-1 6.23298E-1 6.01684E-1 5.877E-1 5.42405E-1 5.1343E-1 5.73695E-1 5.9894E-1 5.61845E-1 5.71203E-1 5.74245E-1 5.52279E-1 5.41312E-1 5.12233E-1 4.46449E-1 3.63747E-1 4.53239E-1 3.70634E-1 3.27466E-1 3.28594E-1 3.21814E-1 3.2827E-1 2.95473E-1 2.97279E-1 3.46388E-1 4.02675E-1 3.84674E-1
2.26221E-1 2.2736E-1 2.2721E-1 2.22389E-1 2.17845E-1 2.11447E-1 2.14882E-1 2.20147E-1 2.34473E-1 2.43268E-1 2.53957E-1 2.61388E-1 2.53471E-1 2.43677E-1 2.57643E-1 2.7352E-1 3.07666E-1 3.4212E-1 3.51666E-1 3.53572E-1 3.58457E-1 3.65844E-1 3.76369E-1 3.8994E-1 4.06621E-1 4.17381E-1 4.33587E-1 4.54825E-1 4.751E-1 4.99815E-1 5.45658E-1 5.94477E-1 6.38212E-1 6.57788E-1 6.57834E-1 6.52994E-1 5.82011E-1 4.47655E-1 5.58747E-1 6.08072E-1 6.18355E-1 6.20211E-1 6.13575E-1 6.1579E-1 6.06691E-1 5.75756E-1 5.56297E-1 4.79141E-1 4.28161E-1 4.37214E-1 5.13388E-1 5.69707E-1 5.56629E-1 5.23369E-1 4.79138E-1 4.83175E-1 4.76968E-1 4.0681E-1 3.26822E-1 3.59479E-1 3.3797E-1 2.98411E-1 2.788E-1 2.54424E-1 2.56364E-1 2.59575E-1 2.47669E-1 2.67651E-1 2.83307E-1 2.69835E-1
2.30785E-1 2.36092E-1 2.31007E-1 2.32102E-1 2.30262E-1 2.30591E-1 2.34395E-1 2.39832E-1 2.50612E-1 2.52458E-1 2.59525E-1 2.63255E-1 2.66498E-1 2.71483E-1 2.87685E-1 3.05756E-1 3.34467E-1 3.63077E-1 3.80062E-1 3.84919E-1 3.99694E-1 4.07698E-1 4.17578E-1 4.30257E-1 4.44177E-1 4.66471E-1 4.8457E-1 5.06809E-1 5.40434E-1 5.59957E-1 6.12751E-1 6.36482E-1 6.60111E-1 6.328E-1 6.34695E-1 5.9E-1 4.55526E-1 5.10463E-1 5.80554E-1 6.03318E-1 6.22626E-1 6.20276E-1 6.04994E-1 5.84975E-1 5.46545E-1 5.2822E-1 5.29591E-1 4.99134E-1 4.43607E-1 4.13311E-1 4.33588E-1 5.10799E-1 5.54314E-1 4.81193E-1 4.34353E-1 4.23451E-1 4.11548E-1 3.37404E-1 2.54255E-1 2.09132E-1 2.30453E-1 2.44071E-1 2.39038E-1 2.1215E-1 2.03258E-1 1.70222E-1 1.26528E-1 1.42547E-1 1.62465E-1 1.72689E-1
2.28469E-1 2.31576E-1 2.34853E-1 2.46594E-1 2.4611E-1 2.48423E-1 2.52108E-1 2.55809E-1 2.65126E-1 2.59525E-1 2.64626E-1 2.7025E-1 2.82807E-1 2.972E-1 3.12497E-1 3.33594E-1 3.52736E-1 3.79288E-1 4.00759E-1 4.13609E-1 4.2948E-1 4.46125E-1 4.56541E-1 4.73137E-1 4.92547E-1 5.19899E-1 5.41222E-1 5.67688E-1 6.02419E-1 6.23052E-1 6.46107E-1 6.54524E-1 5.98861E-1 5.70684E-1 5.33988E-1 4.47225E-1 3.35207E-1 4.63816E-1 5.72717E-1 6.13495E-1 6.26536E-1 6.18389E-1 5.92949E-1 5.57179E-1 5.04115E-1 4.66625E-1 4.65861E-1 4.43646E-1 4.18631E-1 4.12384E-1 4.20344E-1 4.97475E-1 4.68136E-1 4.36082E-1 4.05704E-1 4.00302E-1 3.66882E-1 2.96228E-1 2.08201E-1 1.17943E-1 1.29432E-1 2.04289E-1 2.2725E-1 2.05237E-1 1.59772E-1 9.58956E-2 4.92551E-2 6.27137E-2 8.96468E-2 1.24982E-1
2.28469E-1 2.36939E-1 2.44724E-1 2.53057E-1 2.57643E-1 2.62125E-1 2.68372E-1 2.7213E-1 2.759E-1 2.62758E-1 2.7213E-1 2.8537E-1 3.03769E-1 3.19112E-1 3.33594E-1 3.50827E-1 3.76455E-1 3.95197E-1 4.18041E-1 4.31722E-1 4.54784E-1 4.70127E-1 4.89375E-1 5.18437E-1 5.43668E-1 5.71575E-1 5.91544E-1 6.16472E-1 6.37394E-1 6.53175E-1 6.57649E-1 6.5987E-1 1.00124E-1 5.49455E-1 4.36178E-1 3.76244E-1 3.95163E-1 4.16689E-1 5.61999E-1 6.04747E-1 6.07796E-1 5.68567E-1 5.35301E-1 4.933E-1 4.75644E-1 4.45014E-1 3.97569E-1 3.69909E-1 3.80775E-1 4.25455E-1 4.22233E-1 4.62343E-1 3.88284E-1 3.25345E-1 3.63173E-1 3.6817E-1 3.4218E-1 2.61384E-1 1.83564E-1 9.97686E-2 1.21568E-1 2.01085E-1 2.45789E-1 2.27446E-1 1.52569E-1 7.98531E-2 3.71481E-2 3.2771E-2 4.61474E-2 8.1735E-2
2.35884E-1 2.40964E-1 2.56397E-1 2.6498E-1 2.7352E-1 2.8011E-1 2.87685E-1 2.94215E-1 2.94215E-1 2.92309E-1 2.98032E-1 3.11434E-1 3.22954E-1 3.364E-1 3.49821E-1 3.61279E-1 3.80997E-1 4.05856E-1 4.28143E-1 4.56499E-1 4.94039E-1 5.09835E-1 5.31584E-1 5.54136E-1 5.82745E-1 6.11136E-1 6.26154E-1 6.44004E-1 6.58418E-1 6.65932E-1 6.5821E-1 6.28785E-1 5.46694E-1 2.89543E-1 4.30524E-1 3.32696E-1 3.93496E-1 3.8789E-1 5.94291E-1 6.37798E-1 6.22885E-1 5.39883E-1 4.76586E-1 4.20158E-1 3.75158E-1 3.7189E-1 3.78908E-1 3.99849E-1 4.3527E-1 4.59878E-1 4.69367E-1 4.49253E-1 3.45269E-1 2.95703E-1 3.20103E-1 3.80578E-1 2.97575E-1 2.1387E-1 1.9358E-1 1.59924E-1 1.78905E-1 2.32143E-1 2.54255E-1 2.29153E-1 1.74222E-1 8.66337E-2 3.47185E-2 2.76585E-2 3.23553E-2 5.25824E-2
