KUENM/Final_Models/M_0.1_F_lq_Set_2_E/sp1_median.asc
ncols         197
nrows         210
xllcorner     56.1666666666667
yllcorner     4.5
cellsize      0.166666666666667
NODATA_value  -9999
[rows 84 to 111 of 210, columns 130 to 194 of 197]
4.1242E-1 4.2601E-1 3.71978E-1 3.28858E-1 3.3965E-1 4.28361E-1 4.5648E-1 4.94546E-1 4.14968E-1 3.94978E-1 4.25814E-1 4.91444E-1 5.66724E-1 5.31491E-1 3.92358E-1 2.98865E-1 3.94955E-1 4.59937E-1 4.72595E-1 4.24924E-1 4.063E-1 3.93866E-1 3.47191E-1 2.84806E-1 2.52466E-1 2.81118E-1 3.02936E-1 2.92113E-1 2.75711E-1 2.38363E-1 1.93708E-1 1.68426E-1 1.66888E-1 1.95881E-1 2.28844E-1 2.5229E-1 3.19651E-1 3.75889E-1 2.89449E-1 2.54121E-1 2.41381E-1 2.83816E-1 3.20851E-1 3.43398E-1 3.65744E-1 4.26645E-1 3.61102E-1 2.442E-1 2.26408E-1 2.74667E-1 2.05371E-1 1.40427E-1 6.6342E-2 2.90937E-2 2.47881E-2 1.52748E-2 6.70327E-3 3.54219E-3 4.90214E-3 4.09727E-3 9.68667E-4 1.39743E-4 3.55961E-5 3.52488E-5 3.6921E-6
3.63002E-1 3.64005E-1 3.37567E-1 3.45373E-1 3.9449E-1 4.45174E-1 4.24352E-1 4.00207E-1 3.44913E-1 3.30387E-1 3.57202E-1 3.97339E-1 4.80737E-1 4.13799E-1 2.75832E-1 2.35982E-1 4.06749E-1 4.36864E-1 2.77129E-1 3.25721E-1 3.44409E-1 3.17423E-1 3.17423E-1 3.28858E-1 3.52684E-1 3.15982E-1 3.0495E-1 2.9133E-1 2.56358E-1 2.61822E-1 2.75277E-1 2.14232E-1 2.55537E-1 2.85154E-1 2.72603E-1 2.52641E-1 2.88059E-1 3.52461E-1 3.27868E-1 2.65576E-1 2.41692E-1 2.89946E-1 3.48692E-1 3.67461E-1 3.84142E-1 3.9417E-1 3.21542E-1 2.2003E-1 2.70742E-1 4.01382E-1 2.70265E-1 1.25563E-1 4.02577E-2 1.74914E-2 4.67001E-2 3.8265E-2 1.00418E-2 1.98027E-3 5.44558E-3 6.16232E-3 2.24402E-3 3.92406E-4 8.94259E-5 5.93431E-5 6.54393E-6
2.95455E-1 2.91902E-1 3.04242E-1 2.95776E-1 3.15982E-1 3.27823E-1 3.12394E-1 2.75375E-1 2.06284E-1 1.43006E-1 1.80751E-1 2.80874E-1 3.40491E-1 2.52164E-1 1.6997E-1 2.09382E-1 3.25181E-1 3.21395E-1 2.68226E-1 3.1694E-1 3.04761E-1 2.70985E-1 2.69147E-1 3.45339E-1 4.41896E-1 4.17385E-1 3.33987E-1 2.86554E-1 2.39633E-1 1.92066E-1 1.51928E-1 2.24654E-1 3.24616E-1 3.53574E-1 2.782E-1 3.03191E-1 2.93724E-1 2.71532E-1 2.60339E-1 2.40133E-1 2.58749E-1 3.17023E-1 3.30368E-1 3.20836E-1 3.81274E-1 4.27181E-1 2.99401E-1 2.29108E-1 2.50806E-1 2.76777E-1 1.84941E-1 1.12726E-1 7.66786E-2 4.91902E-2 7.86658E-2 6.72078E-2 2.24635E-2 6.05589E-3 5.1759E-3 5.43587E-3 3.07663E-3 1.12532E-3 2.91575E-4 1.00981E-4 1.55598E-5
2.46398E-1 2.38505E-1 2.11229E-1 1.62713E-1 1.80777E-1 2.01236E-1 2.10554E-1 2.1622E-1 1.55564E-1 1.04835E-1 1.01087E-1 1.88184E-1 2.57575E-1 1.30907E-1 6.6342E-2 1.17548E-1 1.78291E-1 1.93624E-1 2.01304E-1 2.28621E-1 2.14718E-1 1.97944E-1 1.94465E-1 2.5207E-1 3.8696E-1 3.94978E-1 3.50359E-1 2.89029E-1 2.34674E-1 1.97715E-1 1.97715E-1 2.74471E-1 4.21812E-1 5.45134E-1 4.32474E-1 2.57368E-1 2.09824E-1 1.76622E-1 1.75088E-1 2.17062E-1 2.68088E-1 2.69965E-1 2.06624E-1 1.94724E-1 2.6966E-1 2.93724E-1 2.65576E-1 2.74904E-1 2.8007E-1 2.24654E-1 1.50623E-1 1.24407E-1 1.48905E-1 1.52868E-1 1.56004E-1 1.09292E-1 4.38725E-2 5.44558E-3 2.0884E-3 1.95269E-3 2.04696E-3 1.6213E-3 6.52261E-4 2.12177E-4 6.1024E-5
2.34855E-1 1.93021E-1 1.26085E-1 6.80411E-2 8.54344E-2 1.18693E-1 1.58284E-1 1.70981E-1 1.52627E-1 9.92618E-2 8.69059E-2 1.3117E-1 1.49748E-1 7.26227E-2 4.4547E-2 6.77921E-2 1.22686E-1 1.48849E-1 1.55982E-1 1.53194E-1 1.2197E-1 9.48274E-2 1.14294E-1 1.68396E-1 2.38776E-1 2.67351E-1 2.89836E-1 2.81322E-1 2.35317E-1 2.07715E-1 2.07534E-1 2.59794E-1 3.86005E-1 4.54538E-1 3.34299E-1 2.20055E-1 1.45185E-1 1.21793E-1 1.12928E-1 1.91331E-1 2.47427E-1 2.52939E-1 1.56554E-1 1.3778E-1 1.84672E-1 1.86303E-1 2.12816E-1 3.14143E-1 2.78963E-1 1.96542E-1 1.35067E-1 1.05884E-1 1.40367E-1 1.85378E-1 1.46905E-1 9.04358E-2 2.49087E-2 1.08254E-3 5.43424E-4 2.0353E-3 1.83627E-3 1.47996E-3 9.91046E-4 4.33137E-4 1.75732E-4
2.60598E-1 1.85309E-1 1.05986E-1 5.21255E-2 4.62748E-2 6.39362E-2 1.08235E-1 1.73132E-1 1.35047E-1 6.89901E-2 6.25057E-2 7.65427E-2 7.44634E-2 5.47497E-2 5.47096E-2 7.16632E-2 1.35187E-1 1.2197E-1 1.00483E-1 8.7202E-2 6.22328E-2 5.42282E-2 7.2778E-2 1.05818E-1 1.55041E-1 2.12718E-1 2.74302E-1 2.72583E-1 2.35184E-1 2.12076E-1 1.9929E-1 2.0441E-1 2.49929E-1 2.47291E-1 1.77225E-1 1.4635E-1 1.72353E-1 1.25729E-1 5.38693E-2 8.74371E-2 1.6065E-1 2.58165E-1 2.08104E-1 1.73452E-1 1.81176E-1 1.69546E-1 1.86629E-1 2.36363E-1 2.54048E-1 1.34467E-1 7.78735E-2 4.60992E-2 5.64299E-2 7.43544E-2 6.55451E-2 2.9263E-2 2.97701E-3 7.09058E-5 3.76791E-5 7.59038E-4 1.26978E-3 1.08087E-3 1.22874E-3 6.84169E-4 3.03703E-4
2.62304E-1 2.12191E-1 1.15104E-1 4.88238E-2 3.93369E-2 4.56788E-2 7.22889E-2 8.3327E-2 5.23413E-2 2.28627E-2 2.88402E-2 4.17997E-2 8.23799E-2 9.10415E-2 8.98197E-2 8.80223E-2 8.98051E-2 1.21502E-1 1.00025E-1 5.995E-2 3.22042E-2 3.34896E-2 5.35604E-2 8.14555E-2 1.18368E-1 1.8734E-1 2.6064E-1 2.34978E-1 2.09104E-1 1.8607E-1 1.83016E-1 1.83537E-1 1.91313E-1 1.92886E-1 1.91313E-1 1.91392E-1 1.72353E-1 1.05688E-1 5.14238E-2 5.92958E-2 1.11888E-1 1.48905E-1 1.37543E-1 1.52868E-1 1.58798E-1 1.36994E-1 1.40883E-1 1.46166E-1 1.26936E-1 8.65736E-2 4.84476E-2 2.92855E-2 2.56236E-2 2.41455E-2 2.3849E-2 1.44636E-2 1.18061E-3 2.47154E-5 1.04887E-5 2.18746E-4 6.96328E-4 9.88804E-4 1.33829E-3 7.95231E-4 3.43196E-4
2.80874E-1 2.04477E-1 9.52145E-2 4.81797E-2 2.92855E-2 2.76409E-2 3.28357E-2 2.07695E-2 5.7279E-3 6.12124E-3 2.92422E-2 7.01233E-2 9.00486E-2 9.54483E-2 9.9335E-2 8.31331E-2 7.3891E-2 9.79766E-2 7.7045E-2 4.99235E-2 3.9391E-2 4.32014E-2 5.28991E-2 6.02848E-2 8.83815E-2 1.34911E-1 1.862E-1 1.84417E-1 1.56446E-1 1.4782E-1 1.40883E-1 1.35187E-1 1.36147E-1 1.08737E-1 1.11597E-1 1.19905E-1 1.14067E-1 5.92764E-2 3.5888E-2 4.61042E-2 5.92764E-2 5.92413E-2 4.01897E-2 6.02848E-2 7.94436E-2 7.51266E-2 9.90126E-2 1.17936E-1 1.1045E-1 7.26398E-2 4.79115E-2 3.05772E-2 2.27001E-2 2.03127E-2 1.47345E-2 1.04021E-2 1.82454E-3 1.84553E-4 1.0304E-4 3.12604E-4 6.16125E-4 1.1081E-3 1.38217E-3 8.32285E-4 2.85464E-4
2.17646E-1 1.39933E-1 5.78036E-2 3.18688E-2 2.1797E-2 2.42066E-2 2.08527E-2 1.76154E-2 9.55278E-3 1.78353E-2 3.7759E-2 6.60757E-2 5.40864E-2 7.85662E-2 1.02475E-1 9.05234E-2 6.50046E-2 6.82882E-2 6.29193E-2 5.57001E-2 5.42282E-2 6.35126E-2 5.81541E-2 5.36587E-2 7.53168E-2 8.77514E-2 1.07395E-1 1.17942E-1 1.33168E-1 1.24409E-1 1.05751E-1 8.00711E-2 8.22001E-2 6.6318E-2 5.95779E-2 6.36789E-2 7.22889E-2 8.2387E-2 9.73013E-2 6.68776E-2 4.78367E-2 2.71049E-2 2.19726E-2 2.23129E-2 1.4969E-2 1.19927E-2 2.26251E-2 5.08636E-2 6.76729E-2 3.72388E-2 3.00063E-2 3.04434E-2 1.91932E-2 1.6023E-2 1.07143E-2 6.27958E-3 2.46739E-3 1.00916E-3 7.50405E-4 6.23448E-4 3.4944E-4 4.83226E-4 1.1817E-3 9.14687E-4 2.86284E-4
8.6431E-2 5.42009E-2 2.79456E-2 1.67565E-2 1.60151E-2 1.76154E-2 2.02285E-2 3.47255E-2 3.14161E-2 1.40778E-2 3.88261E-2 6.29193E-2 4.71974E-2 5.23659E-2 6.54699E-2 6.21637E-2 5.60679E-2 4.66334E-2 4.26112E-2 4.60408E-2 5.60679E-2 6.44096E-2 5.57836E-2 4.10307E-2 4.05605E-2 4.08014E-2 6.13301E-2 5.3047E-2 8.09918E-2 6.98007E-2 4.92403E-2 3.84868E-2 3.68984E-2 2.88629E-2 2.73402E-2 2.66043E-2 3.94584E-2 7.91902E-2 1.00025E-1 4.37442E-2 2.86323E-2 1.96636E-2 2.13969E-2 2.44956E-2 9.97304E-3 6.72326E-3 1.06053E-2 2.83344E-2 3.32862E-2 1.52449E-2 1.15603E-2 1.85636E-2 1.72808E-2 1.37656E-2 7.79517E-3 5.10984E-3 3.52465E-3 2.79497E-3 2.59048E-3 1.79445E-3 5.43864E-4 4.6834E-4 8.88274E-4 7.52723E-4 3.16401E-4
4.15282E-2 2.52069E-2 1.47683E-2 9.87637E-3 1.03801E-2 1.1667E-2 1.7344E-2 3.72172E-2 3.32597E-2 1.10623E-2 4.69216E-2 4.20601E-2 2.43949E-2 1.99046E-2 2.76758E-2 2.70697E-2 2.28627E-2 1.93035E-2 1.6771E-2 2.76758E-2 4.83001E-2 4.6847E-2 4.28818E-2 3.23326E-2 2.35839E-2 2.2122E-2 2.40691E-2 2.06753E-2 2.04242E-2 3.00453E-2 2.37232E-2 1.89969E-2 1.53352E-2 1.19927E-2 1.48114E-2 1.38209E-2 2.04572E-2 2.59611E-2 1.83222E-2 2.08805E-2 2.58229E-2 1.80505E-2 2.05948E-2 2.05819E-2 1.81297E-2 2.13826E-2 2.24635E-2 1.78005E-2 2.00028E-2 1.77685E-2 3.18921E-2 2.13281E-2 1.90646E-2 1.62113E-2 5.42373E-3 5.13962E-3 5.58546E-3 4.2587E-3 5.48651E-3 5.78824E-3 1.92496E-3 1.17153E-3 1.14806E-3 8.34972E-4 3.73033E-4
2.33936E-2 1.38836E-2 8.49338E-3 6.27043E-3 5.92338E-3 8.67685E-3 1.50348E-2 1.67565E-2 1.8427E-2 2.17683E-2 2.76409E-2 1.83222E-2 1.70879E-2 1.47079E-2 1.20169E-2 7.85417E-3 7.08412E-3 5.53669E-3 7.20076E-3 1.84861E-2 4.34333E-2 4.36046E-2 3.12787E-2 2.02279E-2 1.31319E-2 9.29372E-3 8.36225E-3 7.38205E-3 6.16098E-3 9.37425E-3 7.66953E-3 6.43377E-3 5.06758E-3 4.01651E-3 4.17198E-3 5.74322E-3 4.71858E-3 2.97169E-3 1.61181E-3 2.03089E-3 9.1323E-3 1.34851E-2 8.57146E-3 5.31124E-3 4.97122E-3 4.14011E-3 3.85313E-3 2.72368E-3 4.27988E-3 1.04516E-2 1.73514E-2 2.45452E-2 2.93526E-2 2.69618E-2 1.29282E-2 9.85197E-3 1.29282E-2 3.95719E-3 2.77433E-3 3.10707E-3 2.67091E-3 2.16288E-3 1.92496E-3 1.17153E-3 5.3761E-4
1.72538E-2 1.16451E-2 7.58977E-3 6.50677E-3 5.1755E-3 7.84223E-3 1.20307E-2 1.50348E-2 2.02046E-2 2.36612E-2 1.64359E-2 1.22667E-2 1.06418E-2 7.11007E-3 4.91875E-3 2.70621E-3 1.91518E-3 1.37632E-3 4.81462E-3 1.72749E-2 4.28818E-2 5.21342E-2 3.14778E-2 1.69912E-2 1.07893E-2 8.05531E-3 4.80762E-3 3.48391E-3 2.68062E-3 4.13061E-3 3.63441E-3 2.95347E-3 2.10897E-3 1.57933E-3 1.52827E-3 2.23836E-3 2.57711E-3 2.23632E-3 1.54634E-3 1.53758E-3 6.91805E-3 1.0074E-2 2.7285E-3 1.10222E-3 9.47548E-4 4.77721E-4 1.05665E-3 2.84208E-3 4.33715E-3 5.35467E-3 6.86624E-3 9.57873E-3 2.18219E-2 3.59434E-2 2.11613E-2 1.39552E-2 6.49693E-2 8.89701E-3 3.28684E-3 2.99229E-3 2.67091E-3 3.16596E-3 3.88492E-3 2.33629E-3 1.10244E-3
1.40778E-2 8.7617E-3 1.02985E-2 2.22023E-2 1.97479E-2 1.64613E-2 1.78353E-2 1.73646E-2 1.89983E-2 2.46319E-2 2.88055E-2 1.90212E-2 4.75318E-3 2.76258E-3 1.28672E-3 5.6752E-4 3.67685E-4 4.33182E-4 9.67451E-4 5.15392E-3 1.77971E-2 3.73825E-2 2.44168E-2 1.38524E-2 9.57429E-3 9.27901E-3 8.24055E-3 3.63441E-3 2.01227E-3 1.98615E-3 1.95037E-3 1.2629E-3 7.36431E-4 5.30523E-4 5.50556E-4 9.46745E-4 1.46837E-3 1.66774E-3 1.61818E-3 7.88919E-4 1.57268E-3 2.24775E-3 8.58268E-4 3.09807E-4 4.3153E-4 4.79785E-4 5.40036E-3 1.16883E-2 4.50321E-3 1.95269E-3 3.35538E-3 5.10642E-3 1.29282E-2 3.34605E-2 4.18095E-2 1.60513E-2 4.29831E-2 3.39453E-2 1.32891E-2 5.29336E-3 2.77433E-3 2.77433E-3 7.02762E-3 7.66643E-3 4.4172E-3
8.6783E-3 7.38015E-3 9.93958E-3 1.9212E-2 2.6908E-2 3.30644E-2 3.65149E-2 3.71857E-2 3.57274E-2 4.50793E-2 3.54229E-2 1.63411E-2 6.7608E-3 2.6116E-3 6.98436E-4 1.35068E-4 1.23542E-4 2.5375E-4 5.94591E-4 1.12951E-3 3.47598E-3 5.88557E-3 6.22926E-3 8.06659E-3 7.81019E-3 1.00816E-2 1.36535E-2 6.12487E-3 2.74337E-3 1.50452E-3 1.05465E-3 5.85316E-4 2.49701E-4 1.5789E-4 2.21869E-4 3.39433E-4 5.08333E-4 6.84335E-4 4.89299E-4 3.38647E-4 2.58307E-4 4.08464E-4 5.75714E-4 6.48143E-4 8.47826E-4 1.62631E-3 7.80431E-3 8.59607E-3 3.34885E-3 1.75961E-3 2.94324E-3 7.66643E-3 1.10811E-2 2.20648E-2 3.43101E-2 1.68383E-2 2.163E-2 5.05993E-2 3.23857E-2 1.53763E-2 5.01522E-3 1.3487E-3 1.52006E-3 3.4761E-3 7.07077E-4
5.67642E-3 4.61252E-3 5.48897E-3 1.11218E-2 2.31688E-2 4.13831E-2 4.93893E-2 5.34813E-2 5.63417E-2 5.43658E-2 3.86432E-2 1.69152E-2 8.4653E-3 2.01227E-3 4.21256E-4 1.18593E-4 1.47934E-4 2.24508E-4 6.16889E-4 1.57664E-3 2.95375E-3 2.13146E-3 5.12574E-4 8.79055E-4 2.47537E-3 8.29179E-3 2.01722E-2 9.50263E-3 3.42298E-3 1.25044E-3 6.00167E-4 2.8637E-4 1.21692E-4 6.91611E-5 6.5786E-5 8.3169E-5 1.18593E-4 1.85182E-4 1.61227E-4 6.8766E-5 3.78035E-5 9.51377E-5 4.47795E-4 1.18317E-3 1.23003E-3 1.59503E-3 2.37575E-3 1.79766E-3 1.52933E-3 1.52006E-3 2.46739E-3 5.65515E-3 6.78585E-3 1.18431E-2 1.35791E-2 9.89889E-3 1.35791E-2 2.50746E-2 2.79677E-2 2.63494E-2 5.85374E-3 5.55542E-4 2.90147E-4 8.6231E-4 7.97604E-5
6.10565E-3 2.83433E-3 2.27069E-3 5.64825E-3 1.24691E-2 2.14412E-2 2.53937E-2 3.9391E-2 3.89474E-2 5.57836E-2 4.42902E-2 2.16994E-2 7.79479E-3 1.91518E-3 5.21939E-4 2.0662E-4 2.15665E-4 3.38974E-4 5.82374E-4 1.3927E-3 2.34425E-3 3.31763E-3 1.01927E-3 2.91158E-4 9.04691E-4 4.63362E-3 1.36303E-2 7.24157E-3 2.52552E-3 9.43831E-4 4.16002E-4 1.61652E-4 9.4787E-5 6.18868E-5 4.92768E-5 7.2448E-5 7.90779E-5 1.8481E-4 2.15837E-4 1.00573E-4 4.06695E-5 8.27804E-5 6.53492E-4 2.0884E-3 2.20163E-3 1.25574E-3 1.59082E-3 2.29177E-3 3.20189E-3 3.92897E-3 5.64868E-3 6.43725E-3 4.58565E-3 4.75043E-3 5.3737E-3 4.40184E-3 5.27789E-3 8.48956E-3 9.89889E-3 5.51048E-3 5.61863E-4 1.90621E-5 1.52316E-6 1.81213E-5 2.61116E-5
6.27958E-3 2.0749E-3 7.64491E-4 4.64623E-4 5.61343E-3 1.36535E-2 3.70343E-3 2.19726E-2 2.8143E-2 4.0405E-2 5.0193E-2 2.11007E-2 6.74191E-3 1.68985E-3 3.76647E-4 2.08752E-4 1.59885E-4 3.05997E-4 7.89932E-4 2.13812E-3 2.58674E-3 1.95868E-3 1.20105E-3 1.54883E-3 2.78499E-3 3.62993E-3 2.84113E-3 2.12874E-3 6.14071E-4 4.33232E-4 2.83896E-4 2.62641E-4 1.91342E-4 1.36628E-4 1.33554E-4 2.03395E-4 5.17598E-4 1.36788E-3 8.95076E-4 2.41067E-4 1.03692E-4 2.11148E-4 1.14813E-3 2.15625E-3 2.11521E-3 1.77705E-3 1.52933E-3 3.3144E-3 5.78824E-3 9.15364E-3 1.4557E-2 7.80029E-3 5.3533E-3 3.32413E-3 3.24561E-3 2.19289E-3 1.55672E-3 2.44054E-3 3.43337E-3 8.91394E-4 3.68486E-5 1.52316E-6 1.63393E-7 3.60017E-7 -9999
1.90973E-2 7.21629E-3 5.92052E-4 1.91535E-7 1.30262E-3 1.25226E-4 4.09544E-4 1.60759E-2 3.59421E-2 3.6629E-2 3.45537E-2 1.86708E-2 5.44558E-3 1.0192E-3 2.90139E-4 1.36337E-4 1.26354E-4 2.7884E-4 9.83749E-4 2.29559E-3 5.49817E-3 8.30807E-3 9.96119E-3 5.71308E-3 4.21919E-3 5.23178E-3 2.78164E-3 8.74505E-4 1.46066E-4 2.03093E-4 2.78163E-4 3.6541E-4 3.56391E-4 2.59097E-4 2.2074E-4 4.23948E-4 8.99778E-4 1.37612E-3 8.3037E-4 4.0093E-4 2.64649E-4 3.52026E-4 7.28552E-4 9.61004E-4 1.28583E-3 1.71926E-3 1.39309E-3 2.03642E-3 2.71035E-3 3.81982E-3 3.22284E-3 4.55767E-3 4.68428E-3 3.52671E-3 2.4618E-3 1.08351E-3 3.03123E-4 7.31814E-4 2.41496E-3 3.24028E-4 3.96604E-5 1.1733E-5 4.04036E-6 1.27276E-6 -9999
7.14678E-2 3.42147E-2 1.07494E-3 4.46685E-5 3.61924E-6 1.78931E-4 5.67976E-3 3.33355E-2 4.70508E-2 2.76197E-2 1.20169E-2 8.1106E-3 2.46749E-3 3.67522E-4 1.82674E-4 9.44968E-5 9.8597E-5 3.4275E-4 1.2057E-3 3.70343E-3 2.45687E-2 3.271E-2 2.41679E-2 1.51001E-2 9.79523E-3 5.85374E-3 3.17718E-3 1.26992E-3 6.11977E-4 4.34741E-4 3.57529E-4 4.48941E-4 4.47797E-4 3.4944E-4 2.19931E-4 3.46185E-4 6.87629E-4 8.01113E-4 4.76116E-4 2.48158E-4 1.54691E-4 1.47771E-4 2.03093E-4 3.18572E-4 5.43424E-4 8.87938E-4 8.57408E-4 7.12659E-4 7.59501E-4 1.26978E-3 1.0822E-3 9.07539E-4 1.76912E-3 1.55672E-3 8.82435E-4 5.44498E-4 2.32123E-4 6.18471E-4 8.55297E-4 1.83322E-4 3.68486E-5 1.28729E-4 8.76491E-5 -9999 -9999
5.74521E-2 7.51945E-2 1.35388E-2 5.11992E-3 4.33494E-3 3.75711E-3 2.20043E-2 5.6453E-2 5.12506E-2 1.80554E-2 4.07304E-3 4.81563E-3 1.63067E-3 1.59534E-4 9.60781E-5 9.14319E-5 9.02193E-5 5.88248E-4 2.66699E-3 9.52089E-3 5.84643E-2 6.69793E-2 4.44503E-2 2.72604E-2 1.64844E-2 8.20198E-3 5.43045E-3 3.40451E-3 1.49655E-3 5.55696E-4 4.53591E-4 4.20211E-4 3.06263E-4 1.06624E-4 7.97604E-5 1.56444E-4 4.16243E-4 4.1156E-4 2.14761E-4 9.83486E-5 6.16358E-5 4.48592E-5 4.7691E-5 1.27193E-4 3.39343E-4 6.20264E-4 7.58159E-4 6.12356E-4 3.86722E-4 4.24523E-4 2.81272E-4 2.40393E-4 1.8135E-4 9.16621E-5 1.06834E-4 2.62604E-4 4.39356E-4 4.29963E-4 2.62604E-4 1.25698E-4 1.39509E-4 2.27218E-4 -9999 -9999 -9999
2.84758E-2 1.78348E-2 3.94278E-2 4.0405E-2 5.30093E-2 3.42304E-2 4.70124E-2 7.06977E-2 6.89901E-2 3.0441E-2 9.36619E-3 6.70327E-3 2.72368E-3 2.26985E-4 5.60259E-5 1.31114E-4 3.18093E-4 1.8913E-3 7.79479E-3 3.13306E-2 9.69054E-2 9.6754E-2 5.77387E-2 3.77656E-2 2.63721E-2 1.57815E-2 1.11037E-2 8.39387E-3 4.54387E-3 1.805E-3 1.36548E-3 1.00638E-3 1.6973E-4 1.24296E-5 1.54452E-5 3.22134E-5 8.34123E-5 1.22822E-4 6.21117E-5 3.43109E-5 3.48589E-5 1.70495E-5 9.15478E-6 6.39991E-5 3.05997E-4 6.36736E-4 9.88468E-4 7.96625E-4 4.1848E-4 2.06178E-4 6.47373E-5 2.98785E-5 2.00702E-5 4.00367E-6 1.03841E-5 5.55892E-5 1.40831E-4 1.21313E-4 4.05377E-5 1.02724E-5 1.15641E-5 1.25301E-5 -9999 -9999 -9999
1.1351E-1 1.20792E-1 1.49854E-1 1.24836E-1 1.37768E-1 1.44306E-1 1.26589E-1 8.37494E-2 9.31549E-2 8.64715E-2 6.06207E-2 3.33001E-2 9.10302E-3 4.25336E-4 3.4686E-5 9.02478E-5 4.67348E-4 3.54219E-3 1.6875E-2 4.24638E-2 9.89722E-2 8.39052E-2 4.97686E-2 4.07621E-2 3.58861E-2 2.15122E-2 1.41358E-2 1.65081E-2 1.46379E-2 8.19227E-3 5.25706E-3 3.77635E-3 4.65618E-4 3.80586E-5 1.63302E-5 1.39413E-5 1.54452E-5 1.76151E-5 1.59599E-5 1.30358E-5 1.63684E-5 1.17811E-5 5.17973E-6 5.41507E-5 3.53166E-4 1.05465E-3 1.84122E-3 1.0594E-3 4.43063E-4 1.71279E-4 3.14073E-5 1.67324E-5 7.64751E-6 2.61854E-6 4.22537E-6 1.75443E-5 4.30206E-5 4.80787E-5 1.48971E-5 9.3809E-7 6.21508E-7 -9999 -9999 -9999 -9999
2.67752E-1 2.31124E-1 2.33538E-1 2.36245E-1 1.93021E-1 1.70124E-1 1.79821E-1 1.37388E-1 1.23071E-1 1.03591E-1 8.50528E-2 6.90307E-2 1.4493E-2 1.1753E-3 6.57632E-5 5.12273E-6 1.10175E-4 3.49978E-3 2.236E-2 5.50742E-2 7.07727E-2 5.46316E-2 3.30624E-2 2.75836E-2 2.23109E-2 1.24774E-2 9.79475E-3 1.54329E-2 1.59385E-2 9.30611E-3 5.25625E-3 2.95851E-3 9.56861E-4 2.25799E-4 4.99249E-5 1.33004E-5 3.93845E-6 3.65227E-6 6.37556E-6 9.45644E-6 1.61816E-5 2.1386E-5 2.54161E-5 1.01943E-4 5.76774E-4 1.1498E-3 1.46544E-3 1.28261E-3 4.00638E-4 1.39384E-4 4.43002E-5 2.02606E-5 6.82875E-6 3.05284E-6 3.53443E-6 1.04943E-5 2.53374E-5 3.33009E-5 2.15628E-5 4.06884E-6 -9999 -9999 -9999 -9999 -9999
3.55425E-1 3.94955E-1 3.2597E-1 2.65576E-1 2.16272E-1 1.89279E-1 2.22451E-1 2.17141E-1 1.2671E-1 5.40758E-2 5.25032E-2 4.68045E-2 8.51917E-3 1.63483E-3 5.42643E-5 4.58018E-6 9.96989E-5 4.70013E-3 3.82713E-2 7.43561E-2 5.04414E-2 3.22549E-2 1.82169E-2 1.29814E-2 9.8349E-3 5.64198E-3 3.50377E-3 4.56563E-3 5.2384E-3 3.40451E-3 2.03169E-3 1.55742E-3 1.34038E-3 9.47771E-4 1.78358E-4 2.13773E-5 2.79466E-6 2.05647E-6 5.50434E-6 2.01657E-5 2.42556E-5 3.96604E-5 8.23278E-5 2.17005E-4 5.90675E-4 1.1887E-3 1.25349E-3 8.44781E-4 2.84351E-4 1.18421E-4 5.24439E-5 1.93507E-5 8.29177E-6 4.48105E-6 4.38669E-6 7.87307E-6 -9999 -9999 -9999 -9999 -9999 -9999 -9999 -9999 -9999
5.02794E-1 4.34653E-1 3.07492E-1 2.3419E-1 1.89062E-1 1.68574E-1 1.71875E-1 1.29038E-1 7.28852E-2 2.97079E-2 1.9288E-2 9.8664E-3 1.98981E-3 3.34818E-4 3.46085E-5 2.15628E-5 5.59421E-4 6.73522E-3 1.31415E-2 1.88069E-2 2.3242E-2 2.15258E-2 1.02779E-2 6.96401E-3 6.55694E-3 3.13025E-3 1.31273E-3 8.91394E-4 8.5542E-4 8.82142E-4 8.0297E-4 9.19371E-4 1.51145E-3 1.91639E-3 4.2435E-4 6.52949E-5 1.44518E-5 8.03259E-6 1.5215E-5 2.64554E-5 5.77999E-5 1.25698E-4 2.93387E-4 5.98966E-4 9.48215E-4 1.04635E-3 8.58975E-4 4.67348E-4 2.02524E-4 1.04369E-4 5.18231E-5 2.47115E-5 1.29065E-5 8.51782E-6 6.90127E-6 -9999 -9999 -9999 -9999 -9999 -9999 -9999 -9999 -9999 -9999
4.90456E-1 4.04824E-1 2.71339E-1 1.911E-1 1.40525E-1 1.33701E-1 1.14967E-1 7.37929E-2 3.9459E-2 1.56839E-2 6.80677E-3 2.35079E-3 4.20211E-4 8.01337E-5 2.44457E-5 2.70816E-5 4.62954E-4 2.40864E-3 1.29863E-3 2.12771E-3 1.17069E-2 2.40718E-2 1.89064E-2 9.24853E-3 2.98403E-3 8.91572E-4 4.84143E-4 3.69475E-4 3.09883E-4 2.70851E-4 3.45332E-4 6.37406E-4 1.11667E-3 1.20951E-3 5.42879E-4 1.68159E-4 6.40108E-5 3.99773E-5 4.36201E-5 7.33937E-5 1.72461E-4 3.60719E-4 9.00851E-4 1.62058E-3 1.65216E-3 1.04896E-3 4.53747E-4 2.38271E-4 1.04461E-4 6.64615E-5 4.24175E-5 2.69177E-5 1.77261E-5 1.46748E-5 1.84581E-5 -9999 -9999 -9999 -9999 -9999 -9999 -9999 -9999 -9999 -9999
4.56626E-1 3.87529E-1 2.73957E-1 2.16446E-1 1.86217E-1 1.34494E-1 8.71703E-2 4.53535E-2 2.09739E-2 7.62146E-3 2.61353E-3 8.90828E-4 2.85944E-4 7.56523E-5 3.13536E-5 4.17103E-5 1.91905E-4 5.61863E-4 6.93789E-4 1.63146E-3 8.69248E-3 2.55706E-2 2.62323E-2 1.09512E-2 1.80425E-3 5.62213E-4 3.27573E-4 2.99994E-4 2.56825E-4 1.57956E-4 2.24604E-4 4.99344E-4 7.864E-4 8.62856E-4 5.91194E-4 3.36953E-4 1.88449E-4 1.32347E-4 1.35442E-4 1.9148E-4 3.45871E-4 7.11001E-4 1.89302E-3 4.41272E-3 2.51512E-3 8.64371E-4 2.48232E-4 6.33542E-5 3.714E-5 3.44953E-5 3.35088E-5 2.67945E-5 2.22571E-5 2.31646E-5 2.69177E-5 -9999 -9999 -9999 -9999 -9999 -9999 -9999 -9999 -9999 -9999
