KUENM/Final_Models/M_0.1_F_lq_Set_2_E/sp1_3_se_asia.asc
ncols         320
nrows         243
xllcorner     44.0
yllcorner     -0.666666666666667
cellsize      0.166666666666667
NODATA_value  -9999
[rows 93 to 123 of 243, columns 140 to 209 of 320]
1.51288E-1 1.58412E-1 1.67369E-1 1.74804E-1 1.85927E-1 1.99185E-1 2.18091E-1 2.32212E-1 2.36168E-1 2.40568E-1 2.44572E-1 2.48596E-1 2.5264E-1 2.59103E-1 2.67299E-1 2.82077E-1 2.96693E-1 3.22148E-1 3.55909E-1 3.97139E-1 4.44102E-1 4.62916E-1 4.99514E-1 5.34023E-1 5.7057E-1 5.98654E-1 6.10104E-1 6.28319E-1 6.48001E-1 6.58778E-1 6.49013E-1 5.5478E-1 3.2749E-1 3.12249E-1 4.04192E-1 2.73481E-1 2.62365E-1 4.35371E-1 6.2591E-1 6.51767E-1 6.37737E-1 5.49717E-1 4.97604E-1 4.0167E-1 3.1782E-1 2.87405E-1 3.19292E-1 3.57811E-1 4.09291E-1 4.30344E-1 4.39583E-1 3.77291E-1 2.88258E-1 2.48817E-1 2.68062E-1 2.65006E-1 1.92789E-1 1.37433E-1 1.60298E-1 1.92114E-1 2.13576E-1 2.30612E-1 2.2057E-1 1.8801E-1 1.15189E-1 3.94958E-2 1.58705E-2 8.47057E-3 7.93888E-3 9.81827E-3
1.58722E-1 1.69487E-1 1.77078E-1 1.90186E-1 2.05566E-1 2.27249E-1 2.53121E-1 2.76238E-1 2.99692E-1 3.08076E-1 3.05978E-1 2.98083E-1 2.98083E-1 2.98479E-1 2.922E-1 2.94599E-1 3.09289E-1 3.32677E-1 3.70483E-1 4.15177E-1 4.51841E-1 4.91104E-1 5.26546E-1 5.63012E-1 5.95538E-1 6.25106E-1 6.31506E-1 6.37148E-1 6.52653E-1 6.59079E-1 6.5326E-1 6.01845E-1 4.48882E-1 4.03066E-1 3.9602E-1 2.69469E-1 4.21802E-1 5.89607E-1 6.45825E-1 6.5417E-1 6.52492E-1 6.14792E-1 5.91917E-1 4.60724E-1 2.87405E-1 2.73317E-1 3.15191E-1 3.49954E-1 4.05594E-1 4.57664E-1 4.24736E-1 3.34913E-1 2.92376E-1 2.86526E-1 2.95879E-1 2.78246E-1 1.63043E-1 1.34909E-1 1.7469E-1 2.57771E-1 2.99611E-1 2.59541E-1 2.01164E-1 1.26271E-1 6.54736E-2 1.9975E-2 9.27378E-3 5.79818E-3 6.6314E-3 5.52883E-3
-9999 1.83413E-1 1.9604E-1 2.13632E-1 2.29835E-1 2.58527E-1 2.92206E-1 3.31978E-1 3.66056E-1 3.77009E-1 3.64615E-1 3.48473E-1 3.33793E-1 3.25801E-1 3.22777E-1 3.03306E-1 3.07187E-1 3.53426E-1 3.94956E-1 4.38554E-1 4.87506E-1 5.18896E-1 5.5651E-1 5.84765E-1 6.12842E-1 6.34217E-1 6.45016E-1 6.48732E-1 6.58146E-1 6.58157E-1 6.58778E-1 6.39618E-1 5.40545E-1 4.02025E-1 3.42752E-1 3.46737E-1 4.30344E-1 5.76075E-1 6.53996E-1 6.49968E-1 6.58437E-1 6.47231E-1 5.78169E-1 4.2555E-1 2.88962E-1 2.75097E-1 3.11611E-1 3.48111E-1 4.01703E-1 4.24735E-1 3.17241E-1 2.72356E-1 2.91042E-1 3.03088E-1 2.8859E-1 2.56891E-1 1.66409E-1 1.29874E-1 1.61168E-1 2.61176E-1 3.03464E-1 2.31258E-1 1.02796E-1 3.383E-2 1.83509E-2 7.75635E-3 4.10797E-3 3.91382E-3 4.45822E-3 5.31832E-3
-9999 -9999 -9999 -9999 2.61832E-1 2.90653E-1 3.24911E-1 -9999 4.28666E-1 4.41024E-1 4.22546E-1 3.95369E-1 3.52655E-1 3.08569E-1 2.71045E-1 2.61146E-1 2.98789E-1 3.57849E-1 4.05047E-1 4.61029E-1 5.07704E-1 5.39891E-1 5.73062E-1 5.97638E-1 6.13677E-1 6.25106E-1 6.33565E-1 6.49997E-1 6.6064E-1 6.60667E-1 6.60272E-1 6.45445E-1 5.86728E-1 4.48219E-1 3.654E-1 4.24672E-1 4.47594E-1 4.91835E-1 6.11594E-1 6.53234E-1 6.46882E-1 5.91602E-1 4.38022E-1 3.84957E-1 2.61779E-1 2.63331E-1 3.31977E-1 3.77981E-1 3.72172E-1 3.6995E-1 3.14799E-1 2.99145E-1 3.04523E-1 2.79214E-1 2.43882E-1 1.88758E-1 1.42521E-1 1.03995E-1 1.04186E-1 1.97544E-1 2.54758E-1 1.55761E-1 4.82893E-2 1.29501E-2 6.79364E-3 3.49876E-3 2.14106E-3 2.27984E-3 2.66651E-3 4.37093E-3
-9999 -9999 -9999 -9999 -9999 -9999 3.63586E-1 4.14977E-1 4.50474E-1 4.74036E-1 4.72703E-1 4.51138E-1 3.83163E-1 2.77245E-1 1.87455E-1 2.25104E-1 3.07187E-1 3.80402E-1 4.50991E-1 5.06904E-1 5.46121E-1 5.70396E-1 5.88103E-1 6.05475E-1 6.20386E-1 6.29442E-1 6.37353E-1 6.5163E-1 6.60627E-1 6.59314E-1 6.5135E-1 6.35597E-1 6.04655E-1 5.34845E-1 4.53794E-1 4.53794E-1 4.71137E-1 5.21476E-1 6.0466E-1 6.33365E-1 6.15853E-1 4.76711E-1 2.22797E-1 2.31867E-1 1.99372E-1 2.15222E-1 3.25706E-1 3.45883E-1 3.25706E-1 3.25441E-1 3.03227E-1 3.17241E-1 2.75912E-1 2.10829E-1 1.72115E-1 1.49002E-1 1.11203E-1 6.32282E-2 6.11019E-2 1.19834E-1 1.88547E-1 8.04077E-2 1.77342E-2 6.17351E-3 3.26464E-3 1.77014E-3 1.23E-3 1.1787E-3 1.85093E-3 3.61196E-3
-9999 -9999 -9999 -9999 -9999 -9999 -9999 4.24696E-1 4.60235E-1 4.8699E-1 5.10204E-1 5.05039E-1 4.50353E-1 3.48707E-1 2.85082E-1 3.08076E-1 3.63512E-1 4.35853E-1 5.04229E-1 5.50491E-1 5.69772E-1 5.83578E-1 5.9966E-1 6.14545E-1 6.28016E-1 6.37915E-1 6.46991E-1 6.56463E-1 6.60988E-1 6.49197E-1 6.24219E-1 6.10088E-1 6.09735E-1 5.87747E-1 5.27901E-1 5.10348E-1 5.12954E-1 5.14533E-1 5.40047E-1 5.82156E-1 5.92659E-1 4.59983E-1 2.39758E-1 2.15554E-1 1.68645E-1 1.7679E-1 2.3319E-1 2.62727E-1 2.88962E-1 3.03227E-1 2.93297E-1 2.93297E-1 2.19786E-1 1.29143E-1 1.03569E-1 1.04829E-1 7.94864E-2 3.20499E-2 1.9311E-2 3.38505E-2 5.45062E-2 2.80095E-2 9.80007E-3 4.22457E-3 2.63654E-3 1.57833E-3 1.29975E-3 1.02187E-3 1.64732E-3 2.74751E-3
-9999 -9999 -9999 -9999 -9999 -9999 -9999 -9999 4.63834E-1 4.90345E-1 5.19272E-1 5.2341E-1 4.92759E-1 4.52303E-1 4.43693E-1 4.37247E-1 4.43653E-1 4.86396E-1 5.23051E-1 5.53347E-1 5.75257E-1 5.94539E-1 6.12842E-1 6.23539E-1 6.37312E-1 6.45521E-1 6.49175E-1 6.5792E-1 6.58015E-1 6.35082E-1 5.86313E-1 5.62106E-1 5.97866E-1 5.79055E-1 5.11192E-1 4.82434E-1 5.07132E-1 4.96457E-1 4.31273E-1 3.91166E-1 4.62167E-1 3.92824E-1 1.69195E-1 1.65279E-1 2.09001E-1 2.04164E-1 2.02471E-1 2.30081E-1 2.97361E-1 3.07536E-1 2.97522E-1 2.554E-1 1.5884E-1 7.47222E-2 6.7748E-2 7.74347E-2 5.65701E-2 1.50627E-2 2.5E-3 6.51197E-3 1.23102E-2 1.07549E-2 5.79818E-3 3.2925E-3 1.8244E-3 2.1964E-3 5.61106E-3 4.92451E-3 3.97922E-3 4.4476E-3
-9999 -9999 -9999 -9999 -9999 -9999 -9999 -9999 -9999 4.9201E-1 5.13159E-1 5.20857E-1 5.14844E-1 5.0082E-1 4.92608E-1 4.76198E-1 4.72924E-1 4.987E-1 -9999 5.63857E-1 5.95367E-1 6.14531E-1 6.27277E-1 6.34162E-1 6.43548E-1 6.46046E-1 6.36123E-1 6.57186E-1 6.52166E-1 6.23914E-1 5.94935E-1 5.46122E-1 5.50278E-1 5.25508E-1 4.59563E-1 4.17235E-1 4.33204E-1 3.97605E-1 3.09884E-1 2.85984E-1 3.27038E-1 2.98624E-1 2.14457E-1 2.31043E-1 2.43717E-1 2.44507E-1 2.45843E-1 2.63331E-1 3.32024E-1 3.21882E-1 2.45791E-1 1.59209E-1 7.67364E-2 3.68141E-2 4.41887E-2 6.67564E-2 6.23336E-2 2.26678E-2 4.33041E-3 3.14115E-3 4.63759E-3 4.36037E-3 1.86357E-3 1.75352E-3 1.40326E-3 2.00286E-3 4.57414E-3 7.10984E-3 9.36294E-3 1.06469E-2
-9999 -9999 -9999 -9999 -9999 -9999 -9999 -9999 -9999 -9999 -9999 5.14461E-1 5.1411E-1 5.09412E-1 5.02509E-1 4.91162E-1 -9999 -9999 5.46121E-1 5.80872E-1 6.19159E-1 6.36902E-1 6.43615E-1 6.43615E-1 6.45115E-1 6.43859E-1 6.40234E-1 6.58548E-1 6.43731E-1 5.75992E-1 5.82991E-1 5.6616E-1 4.84967E-1 4.43189E-1 4.70712E-1 4.3731E-1 4.01898E-1 3.39659E-1 2.65765E-1 2.79752E-1 3.36505E-1 4.05984E-1 4.16889E-1 4.04E-1 3.19925E-1 2.58735E-1 2.6073E-1 2.7546E-1 3.40037E-1 3.17722E-1 2.04543E-1 1.15491E-1 5.18238E-2 3.15255E-2 3.57013E-2 4.84419E-2 5.32829E-2 3.30409E-2 1.45609E-2 7.21552E-3 4.36037E-3 1.69623E-3 8.6861E-4 1.00919E-3 7.63261E-4 9.39946E-4 2.28575E-3 5.86822E-3 1.2527E-2 1.59361E-2
-9999 -9999 -9999 -9999 -9999 -9999 -9999 -9999 -9999 -9999 -9999 -9999 -9999 -9999 -9999 -9999 -9999 -9999 5.64301E-1 5.88366E-1 6.34261E-1 6.50467E-1 6.51525E-1 6.49245E-1 6.44827E-1 6.35328E-1 6.45843E-1 6.6068E-1 6.40493E-1 5.47531E-1 5.74794E-1 5.34706E-1 3.83808E-1 3.16884E-1 4.52591E-1 4.65465E-1 3.83598E-1 2.78524E-1 1.69986E-1 1.78283E-1 3.06271E-1 4.40167E-1 4.74456E-1 4.76188E-1 3.5807E-1 2.79342E-1 2.55593E-1 2.5178E-1 2.85509E-1 2.73357E-1 1.74921E-1 1.05628E-1 6.50154E-2 3.88092E-2 3.9965E-2 5.97906E-2 8.10103E-2 6.16857E-2 3.48309E-2 2.29111E-2 1.16416E-2 4.5486E-3 2.43389E-3 1.07426E-3 4.11266E-4 3.14967E-4 9.93371E-4 2.74537E-3 5.62569E-3 7.50305E-3
-9999 -9999 -9999 -9999 -9999 -9999 -9999 -9999 -9999 -9999 -9999 -9999 -9999 -9999 -9999 -9999 -9999 6.05182E-1 6.10514E-1 6.01771E-1 6.48312E-1 6.5856E-1 6.58034E-1 6.5536E-1 6.47474E-1 6.40061E-1 6.50256E-1 6.60968E-1 6.51414E-1 6.27648E-1 6.10552E-1 5.31748E-1 3.71381E-1 3.06361E-1 4.13895E-1 4.10073E-1 3.10429E-1 1.72517E-1 7.8472E-2 8.54585E-2 1.88758E-1 3.16371E-1 4.07062E-1 4.35707E-1 3.92028E-1 3.19851E-1 2.71524E-1 2.42111E-1 2.15635E-1 1.90399E-1 1.37145E-1 1.03321E-1 1.25447E-1 1.22039E-1 1.02933E-1 1.14961E-1 8.73682E-2 5.85005E-2 3.2103E-2 1.73994E-2 8.08855E-3 4.50761E-3 2.0894E-3 1.13464E-3 2.9234E-4 8.68332E-5 4.84906E-5 1.05171E-3 3.30595E-3 1.04996E-3
-9999 -9999 -9999 -9999 -9999 -9999 -9999 -9999 -9999 -9999 -9999 -9999 -9999 -9999 6.15234E-1 6.22595E-1 6.24642E-1 6.26312E-1 6.27585E-1 6.42953E-1 6.58759E-1 6.53527E-1 6.54269E-1 6.56295E-1 6.52579E-1 6.48001E-1 6.51187E-1 6.60914E-1 6.59007E-1 6.52888E-1 6.31814E-1 5.69914E-1 4.48909E-1 3.87847E-1 3.56665E-1 3.12533E-1 1.81448E-1 6.35623E-2 2.95075E-2 3.92146E-2 1.04051E-1 2.59835E-1 3.94874E-1 4.65202E-1 4.93928E-1 4.79213E-1 4.49434E-1 3.75679E-1 2.43843E-1 1.77841E-1 1.25617E-1 2.63188E-1 3.35396E-1 3.0355E-1 2.2164E-1 1.28577E-1 7.61967E-2 3.70838E-2 1.86379E-2 7.64371E-3 3.47207E-3 2.22948E-3 2.95933E-3 4.67373E-3 1.40311E-3 6.65844E-5 4.22623E-9 1.8253E-4 1.52178E-5 8.74462E-5
-9999 -9999 -9999 -9999 -9999 -9999 -9999 -9999 -9999 -9999 5.16256E-1 5.26732E-1 5.52732E-1 6.08465E-1 6.38995E-1 6.48083E-1 6.45995E-1 6.40086E-1 6.38127E-1 6.5516E-1 6.4634E-1 6.39452E-1 6.4743E-1 6.52816E-1 6.55267E-1 6.55256E-1 6.5797E-1 6.5984E-1 6.60763E-1 -9999 6.46213E-1 -9999 4.98571E-1 -9999 1.41524E-1 1.35405E-1 9.13587E-2 3.36757E-2 2.35914E-2 2.77534E-2 8.07686E-2 2.35802E-1 4.04021E-1 5.04202E-1 5.60444E-1 5.66112E-1 5.45682E-1 5.5841E-1 5.04254E-1 4.50758E-1 4.40034E-1 4.5133E-1 4.20708E-1 3.6605E-1 2.66834E-1 1.54557E-1 5.887E-2 1.2051E-2 4.21717E-3 2.11212E-3 1.97804E-3 2.9482E-3 5.37243E-3 2.62194E-2 1.01656E-2 1.53619E-4 3.6151E-6 2.09703E-7 2.41406E-5 1.74511E-3
-9999 -9999 -9999 -9999 -9999 -9999 -9999 -9999 -9999 -9999 -9999 5.49846E-1 5.72844E-1 6.26837E-1 6.4558E-1 6.42226E-1 6.40833E-1 6.45814E-1 6.48455E-1 6.53211E-1 6.48013E-1 6.4491E-1 6.51185E-1 6.51916E-1 6.53876E-1 6.57114E-1 6.59122E-1 6.57496E-1 6.58293E-1 6.60763E-1 -9999 6.03976E-1 5.11636E-1 3.73464E-1 1.39986E-1 8.13242E-2 6.02819E-2 4.11811E-2 4.31024E-2 4.76096E-2 1.12256E-1 2.46489E-1 4.54469E-1 5.46994E-1 6.04157E-1 6.21364E-1 6.13013E-1 6.04511E-1 5.54906E-1 5.07606E-1 4.75419E-1 4.24056E-1 3.88679E-1 3.45193E-1 2.30056E-1 1.33045E-1 3.78738E-2 2.70363E-3 3.77943E-4 3.95161E-4 1.21522E-3 3.50232E-3 1.22636E-2 2.24217E-2 2.98539E-2 4.01043E-3 1.3255E-3 1.06697E-3 9.70478E-4 8.24059E-3
-9999 -9999 -9999 -9999 -9999 -9999 -9999 -9999 -9999 -9999 -9999 -9999 6.16917E-1 6.45069E-1 6.41686E-1 6.35894E-1 6.37965E-1 6.45647E-1 6.49999E-1 6.52816E-1 6.5219E-1 6.53004E-1 6.54269E-1 6.51283E-1 6.52227E-1 6.54385E-1 6.53958E-1 6.55141E-1 6.59055E-1 -9999 -9999 -9999 5.09884E-1 4.1368E-1 1.93962E-1 7.70976E-2 4.30706E-2 4.11811E-2 4.64143E-2 5.7677E-2 1.55215E-1 3.39594E-1 3.77528E-1 4.48258E-1 6.12323E-1 6.22721E-1 6.29882E-1 6.14858E-1 5.78169E-1 5.47772E-1 5.02245E-1 3.87484E-1 2.98624E-1 2.51307E-1 1.77823E-1 8.8441E-2 1.55062E-2 8.67927E-4 1.14713E-4 2.20572E-4 2.18643E-3 1.62751E-2 2.5305E-2 1.07108E-2 6.7149E-3 1.69047E-2 1.7676E-2 2.20968E-2 1.31817E-2 1.94524E-2
-9999 -9999 -9999 -9999 -9999 -9999 -9999 -9999 -9999 -9999 -9999 -9999 -9999 6.47699E-1 6.14267E-1 6.17699E-1 6.18382E-1 6.29287E-1 6.34013E-1 6.42541E-1 6.5022E-1 6.53107E-1 6.51331E-1 6.52509E-1 6.55424E-1 6.54651E-1 6.55503E-1 6.59384E-1 6.60749E-1 -9999 -9999 6.16623E-1 5.26805E-1 4.01343E-1 1.99277E-1 4.24491E-2 7.36635E-3 5.47206E-3 1.0139E-2 2.95961E-2 9.75393E-2 3.15518E-1 4.96024E-1 5.71069E-1 5.86743E-1 5.86743E-1 5.89198E-1 5.67137E-1 5.31664E-1 5.61967E-1 4.96015E-1 4.06869E-1 2.90649E-1 2.36592E-1 1.83127E-1 6.76695E-2 7.56281E-3 4.38845E-4 2.96302E-4 5.4433E-4 3.34478E-3 3.6142E-2 8.34617E-2 6.2111E-2 6.58052E-2 8.4274E-2 6.84908E-2 7.12109E-2 6.77203E-2 5.696E-2
-9999 -9999 -9999 -9999 -9999 -9999 -9999 -9999 -9999 -9999 -9999 -9999 -9999 -9999 6.22193E-1 6.07998E-1 6.00212E-1 5.71505E-1 5.15502E-1 5.57488E-1 6.30878E-1 6.48897E-1 6.5033E-1 6.54363E-1 6.56443E-1 6.56435E-1 6.57102E-1 6.54749E-1 6.43161E-1 6.45941E-1 -9999 -9999 -9999 3.22867E-1 8.89147E-2 8.94012E-3 1.0848E-3 8.81066E-4 4.66562E-3 4.71873E-2 2.4853E-1 5.09854E-1 6.13167E-1 6.41935E-1 6.36598E-1 5.94031E-1 5.60448E-1 5.05379E-1 4.24938E-1 4.52325E-1 3.56208E-1 2.90996E-1 2.3408E-1 2.2906E-1 1.75558E-1 7.61967E-2 1.68663E-2 2.70363E-3 4.96036E-4 2.60785E-5 2.76686E-5 2.16958E-3 6.39545E-2 1.85099E-1 1.52154E-1 1.55987E-1 1.42565E-1 1.02319E-1 8.22754E-2 8.73682E-2
-9999 -9999 -9999 -9999 -9999 -9999 -9999 -9999 -9999 -9999 -9999 -9999 -9999 -9999 -9999 5.9173E-1 5.63252E-1 5.07813E-1 4.1675E-1 5.011E-1 6.19723E-1 6.44034E-1 6.43974E-1 6.51422E-1 6.55472E-1 6.5607E-1 6.49412E-1 6.4674E-1 6.33998E-1 -9999 -9999 -9999 3.65209E-1 1.2367E-1 7.98686E-3 2.4562E-4 3.40594E-5 7.20644E-5 2.16928E-3 4.64431E-2 3.29379E-1 6.02583E-1 6.50429E-1 6.58633E-1 6.52329E-1 6.19968E-1 5.87484E-1 5.45415E-1 4.90166E-1 3.49534E-1 2.26184E-1 3.11399E-1 2.83488E-1 3.37074E-1 3.07379E-1 2.06418E-1 7.8472E-2 9.82771E-3 5.60566E-4 5.31325E-6 5.35845E-5 1.65575E-2 1.93376E-1 2.63788E-1 2.89661E-1 2.11389E-1 1.54791E-1 1.16318E-1 9.58626E-2 1.15627E-1
-9999 -9999 -9999 -9999 -9999 -9999 -9999 -9999 -9999 -9999 -9999 -9999 -9999 -9999 -9999 -9999 5.35677E-1 4.88482E-1 4.89624E-1 5.46264E-1 6.01385E-1 6.20714E-1 6.33072E-1 6.40769E-1 6.49068E-1 6.45618E-1 6.36293E-1 6.23014E-1 6.0219E-1 -9999 -9999 -9999 6.92098E-2 2.797E-3 9.76652E-5 2.44166E-6 3.81927E-7 4.40947E-6 4.46502E-4 2.313E-2 3.8189E-1 6.29799E-1 6.57357E-1 6.59993E-1 6.58381E-1 6.21573E-1 5.97866E-1 5.52844E-1 5.22874E-1 4.97227E-1 4.98323E-1 5.05874E-1 5.23715E-1 5.04992E-1 4.26003E-1 1.72968E-1 8.00241E-2 1.98249E-2 6.6314E-3 3.21846E-2 3.07735E-1 4.4702E-1 4.51942E-1 4.14238E-1 3.24194E-1 1.91585E-1 1.29543E-1 9.66068E-2 8.121E-2 7.95142E-2
-9999 -9999 -9999 -9999 -9999 -9999 -9999 -9999 -9999 -9999 -9999 -9999 -9999 -9999 -9999 -9999 -9999 5.44792E-1 5.76707E-1 5.95551E-1 6.02811E-1 6.30449E-1 6.36004E-1 6.40296E-1 6.51608E-1 6.54269E-1 6.38535E-1 -9999 -9999 -9999 -9999 -9999 -9999 3.42109E-5 1.75285E-6 5.87408E-8 1.63443E-9 2.66376E-8 3.17733E-5 2.94312E-2 5.00717E-1 6.36804E-1 6.44634E-1 6.55093E-1 6.59128E-1 6.44585E-1 6.29028E-1 5.85253E-1 5.44718E-1 5.43306E-1 5.75992E-1 5.81789E-1 6.09588E-1 5.59716E-1 4.657E-1 4.98368E-1 5.35685E-1 5.31527E-1 5.37142E-1 5.63394E-1 5.59505E-1 5.30036E-1 4.99789E-1 3.97251E-1 2.89233E-1 1.54913E-1 9.62791E-2 6.34257E-2 5.74617E-2 4.47609E-2
-9999 -9999 -9999 -9999 -9999 -9999 -9999 -9999 -9999 -9999 -9999 -9999 -9999 -9999 -9999 -9999 -9999 -9999 6.28196E-1 6.21838E-1 6.04818E-1 6.3281E-1 6.50087E-1 6.52509E-1 6.55391E-1 -9999 -9999 -9999 -9999 -9999 -9999 -9999 -9999 6.71068E-8 1.66361E-10 1.84199E-11 5.99936E-13 2.94529E-11 1.47187E-6 5.27889E-2 5.69223E-1 6.34853E-1 6.31701E-1 6.50579E-1 6.58609E-1 6.43497E-1 6.17043E-1 5.80218E-1 5.25508E-1 4.86264E-1 5.1464E-1 5.47355E-1 5.94935E-1 6.15775E-1 6.1051E-1 6.19929E-1 6.33807E-1 6.15775E-1 6.04935E-1 6.05886E-1 5.6742E-1 5.25729E-1 4.56143E-1 3.51903E-1 2.70882E-1 1.5753E-1 1.09623E-1 8.76494E-2 5.50807E-2 3.00398E-2
-9999 -9999 -9999 -9999 -9999 -9999 -9999 -9999 -9999 -9999 -9999 -9999 -9999 -9999 -9999 -9999 -9999 -9999 -9999 -9999 5.50708E-1 6.02558E-1 -9999 -9999 -9999 -9999 -9999 -9999 -9999 -9999 -9999 -9999 -9999 -9999 5.95818E-15 1.95473E-17 4.16323E-18 1.35779E-13 8.25162E-7 4.40749E-2 5.18861E-1 6.2117E-1 6.15662E-1 6.40863E-1 6.55477E-1 6.32091E-1 5.78232E-1 5.07976E-1 4.41129E-1 4.40866E-1 4.65303E-1 4.96457E-1 5.57928E-1 6.06814E-1 6.20721E-1 6.19915E-1 6.31175E-1 5.94992E-1 5.68628E-1 5.5302E-1 5.0842E-1 4.72677E-1 4.45141E-1 3.96005E-1 2.50437E-1 1.4774E-1 1.08644E-1 9.13587E-2 4.78518E-2 1.86305E-2
-9999 -9999 -9999 -9999 -9999 -9999 -9999 -9999 -9999 -9999 -9999 -9999 -9999 -9999 -9999 -9999 -9999 -9999 -9999 -9999 -9999 -9999 -9999 -9999 -9999 -9999 -9999 -9999 -9999 -9999 -9999 -9999 -9999 1.31239E-14 4.19739E-18 1.28467E-21 3.56947E-19 7.01657E-12 1.47923E-4 1.83328E-1 6.02137E-1 6.16225E-1 6.20751E-1 6.46016E-1 6.54084E-1 6.17527E-1 5.45329E-1 4.6322E-1 4.17595E-1 4.25641E-1 4.57646E-1 4.85922E-1 5.04823E-1 5.44735E-1 6.02499E-1 6.18347E-1 5.89612E-1 5.36112E-1 4.84967E-1 4.5265E-1 3.91772E-1 3.79641E-1 3.83808E-1 3.54603E-1 2.08893E-1 1.19272E-1 8.78627E-2 6.28388E-2 2.78014E-2 8.61209E-3
-9999 -9999 -9999 -9999 -9999 -9999 -9999 -9999 -9999 -9999 -9999 -9999 -9999 -9999 -9999 -9999 -9999 -9999 -9999 -9999 -9999 -9999 -9999 -9999 -9999 -9999 -9999 -9999 -9999 -9999 -9999 -9999 -9999 2.30227E-15 4.07804E-20 2.78565E-23 9.13518E-19 6.73073E-9 6.22846E-3 2.91924E-1 5.8104E-1 6.25656E-1 6.24177E-1 6.44757E-1 6.51586E-1 5.98962E-1 5.06702E-1 4.32153E-1 4.01789E-1 4.13138E-1 4.62767E-1 4.869E-1 4.32232E-1 4.43119E-1 4.69214E-1 5.07419E-1 5.04356E-1 4.13278E-1 3.51903E-1 2.9899E-1 2.74004E-1 2.76747E-1 2.72949E-1 2.30482E-1 9.48114E-2 5.30026E-2 4.05657E-2 3.15946E-2 1.51131E-2 4.92942E-3
-9999 -9999 -9999 -9999 -9999 -9999 -9999 -9999 -9999 -9999 -9999 -9999 -9999 -9999 -9999 -9999 -9999 -9999 -9999 -9999 -9999 -9999 -9999 -9999 -9999 -9999 -9999 -9999 -9999 -9999 -9999 -9999 4.62411E-11 1.71928E-15 3.07022E-22 7.24988E-26 6.84766E-19 7.98231E-8 5.75752E-2 5.4221E-1 6.16353E-1 6.2503E-1 6.2269E-1 6.34976E-1 6.4441E-1 5.56963E-1 4.54676E-1 3.98766E-1 4.15031E-1 4.71582E-1 5.31475E-1 5.45603E-1 5.09166E-1 4.55637E-1 4.31257E-1 3.69352E-1 2.98959E-1 2.52576E-1 1.59714E-1 1.34944E-1 1.7132E-1 2.10764E-1 2.03486E-1 1.6253E-1 7.81834E-2 3.75603E-2 1.86142E-2 1.13565E-2 8.45067E-3 4.03837E-3
-9999 -9999 -9999 -9999 -9999 -9999 -9999 -9999 -9999 -9999 -9999 -9999 -9999 -9999 -9999 -9999 -9999 -9999 -9999 -9999 -9999 -9999 -9999 -9999 -9999 -9999 -9999 -9999 -9999 -9999 -9999 -9999 1.9489E-13 6.58455E-19 1.99165E-28 3.45306E-30 3.49895E-22 8.91022E-9 9.64518E-2 6.09294E-1 6.29069E-1 6.14332E-1 6.20542E-1 6.34865E-1 6.37516E-1 5.70523E-1 4.26303E-1 4.05271E-1 4.53743E-1 5.10355E-1 5.62037E-1 5.89198E-1 5.82344E-1 5.35632E-1 4.46204E-1 3.9287E-1 3.44831E-1 2.24067E-1 7.63723E-2 5.88689E-2 1.02247E-1 1.48757E-1 1.676E-1 1.2367E-1 7.50675E-2 3.7541E-2 1.46004E-2 6.60134E-3 5.02321E-3 5.02765E-3
-9999 -9999 -9999 -9999 -9999 -9999 -9999 -9999 -9999 -9999 -9999 -9999 -9999 -9999 -9999 -9999 -9999 -9999 -9999 -9999 -9999 -9999 -9999 -9999 -9999 -9999 -9999 -9999 -9999 -9999 -9999 -9999 7.38859E-15 4.00299E-23 4.32859E-34 1.54077E-40 1.05926E-30 3.72087E-15 2.73613E-3 5.4683E-1 6.23726E-1 5.99757E-1 6.08347E-1 6.33079E-1 6.48897E-1 6.12671E-1 5.06189E-1 4.93368E-1 5.32155E-1 5.60814E-1 5.84316E-1 6.04254E-1 5.95973E-1 5.39878E-1 4.81503E-1 4.13867E-1 3.43749E-1 2.14457E-1 9.30979E-2 5.93331E-2 7.51875E-2 1.65898E-1 1.38472E-1 9.84436E-2 6.37211E-2 3.58338E-2 1.65051E-2 8.13885E-3 5.54112E-3 6.35341E-3
-9999 -9999 -9999 -9999 -9999 -9999 -9999 -9999 -9999 -9999 -9999 -9999 -9999 -9999 -9999 -9999 -9999 -9999 -9999 -9999 -9999 -9999 -9999 -9999 -9999 -9999 -9999 -9999 -9999 -9999 -9999 -9999 1.24517E-18 8.96161E-27 4.61995E-39 1.68436E-42 6.05361E-43 2.19567E-33 1.03026E-8 9.63611E-2 6.18032E-1 5.85464E-1 5.91166E-1 6.25787E-1 6.52039E-1 6.41626E-1 6.10643E-1 5.98892E-1 5.93188E-1 5.85581E-1 5.7884E-1 5.78559E-1 5.75832E-1 5.26007E-1 4.62106E-1 3.93995E-1 3.1402E-1 1.87964E-1 1.03505E-1 5.86964E-2 5.17402E-2 6.08414E-2 7.61316E-2 6.37671E-2 3.98762E-2 2.81661E-2 2.39916E-2 1.64955E-2 1.09443E-2 8.45216E-3
-9999 -9999 -9999 -9999 -9999 -9999 -9999 -9999 -9999 -9999 -9999 -9999 -9999 -9999 -9999 -9999 -9999 -9999 -9999 -9999 -9999 -9999 -9999 -9999 -9999 -9999 -9999 -9999 -9999 -9999 -9999 -9999 2.0102E-18 7.1344E-29 5.3642E-40 1.4013E-45 4.86672E-40 7.17663E-28 2.23972E-9 7.49902E-2 6.25547E-1 5.85464E-1 5.88338E-1 6.18328E-1 6.44757E-1 6.55423E-1 6.54084E-1 6.33667E-1 6.07392E-1 5.85537E-1 5.56825E-1 5.41427E-1 5.25392E-1 4.98368E-1 4.39465E-1 3.58657E-1 2.60695E-1 1.69986E-1 9.94436E-2 6.58334E-2 4.75051E-2 3.68027E-2 2.85724E-2 3.98196E-2 4.43355E-2 3.74449E-2 2.80513E-2 1.73316E-2 5.98612E-3 4.71231E-3
-9999 -9999 -9999 -9999 -9999 -9999 -9999 -9999 -9999 -9999 -9999 -9999 -9999 -9999 -9999 -9999 -9999 -9999 -9999 -9999 -9999 -9999 -9999 -9999 -9999 -9999 -9999 -9999 -9999 -9999 -9999 -9999 -9999 9.35001E-31 2.67222E-38 8.37976E-43 3.11954E-34 2.61102E-22 5.10719E-9 2.1081E-2 5.69935E-1 6.06864E-1 5.9413E-1 6.14983E-1 6.37564E-1 6.44666E-1 6.55463E-1 6.38261E-1 6.09879E-1 5.88244E-1 5.60444E-1 5.33379E-1 4.96706E-1 4.43256E-1 3.92746E-1 3.26296E-1 2.59623E-1 2.16255E-1 1.47167E-1 9.56233E-2 5.72225E-2 3.83608E-2 3.86172E-2 4.28831E-2 4.9651E-2 4.99348E-2 4.06583E-2 2.08305E-2 7.882E-3 7.46479E-3
-9999 -9999 -9999 -9999 -9999 -9999 -9999 -9999 -9999 -9999 -9999 -9999 -9999 -9999 -9999 -9999 -9999 -9999 -9999 -9999 -9999 -9999 -9999 -9999 -9999 -9999 -9999 -9999 -9999 -9999 -9999 -9999 -9999 3.25041E-32 2.49843E-35 1.47557E-42 1.77812E-36 3.48332E-23 5.31987E-7 2.30389E-1 5.87459E-1 6.11241E-1 6.0417E-1 6.18462E-1 6.34638E-1 6.44247E-1 6.53277E-1 6.32926E-1 6.09791E-1 5.88767E-1 5.59E-1 5.26853E-1 4.76711E-1 4.19205E-1 3.7226E-1 3.06888E-1 2.67819E-1 2.84759E-1 2.02968E-1 1.38239E-1 9.23606E-2 5.48193E-2 4.95226E-2 5.35164E-2 6.33126E-2 7.4592E-2 6.74718E-2 4.99704E-2 3.01331E-2 2.75275E-2
