KUENM/Final_Models/M_0.1_F_lq_Set_2_E/sp1_7.asc
ncols         197
nrows         210
xllcorner     56.1666666666667
yllcorner     4.5
cellsize      0.166666666666667
NODATA_value  -9999
[rows 56 to 83 of 210, columns 130 to 194 of 197]
1.02765E-4 1.79683E-8 1.32871E-7 1.00893E-9 9.29347E-8 4.65928E-8 2.97751E-7 9.32805E-9 9.48076E-8 3.99334E-7 2.75013E-7 4.76805E-8 7.71836E-8 8.61412E-8 1.48299E-7 2.29094E-7 2.08144E-6 6.9838E-7 1.52064E-6 2.86021E-10 1.28614E-9 1.09297E-8 3.25677E-7 2.3321E-7 6.18191E-9 3.6235E-9 2.5725E-11 1.03965E-10 1.04781E-10 9.19555E-10 5.30619E-9 1.30974E-8 2.23556E-8 9.07695E-9 1.11801E-9 1.77526E-9 2.35345E-9 8.71269E-11 3.08955E-12 9.04867E-13 7.90155E-12 2.24333E-13 9.27012E-14 1.43662E-13 -9999 -9999 -9999 -9999 -9999 -9999 -9999 -9999 -9999 -9999 -9999 -9999 -9999 -9999 -9999 -9999 -9999 -9999 -9999 -9999 -9999
1.86039E-2 5.26762E-3 2.10845E-5 8.75874E-11 1.01339E-9 3.3362E-7 1.94038E-8 2.52223E-8 1.19799E-6 7.58178E-7 5.75557E-7 2.27492E-7 5.92977E-9 3.22068E-10 2.61155E-10 3.00299E-7 1.76872E-7 4.84013E-6 4.06438E-6 1.68751E-10 3.09216E-8 4.17617E-10 2.59971E-8 2.34214E-6 1.62834E-4 1.33678E-7 1.58691E-8 9.59453E-10 2.02798E-10 2.59135E-11 3.3769E-10 5.23398E-9 9.22806E-9 2.07792E-8 1.29156E-8 1.91726E-9 8.19911E-10 1.29866E-9 1.08814E-10 2.38646E-12 2.25826E-13 2.09638E-12 1.20303E-13 1.25602E-13 2.9387E-12 5.86494E-14 -9999 -9999 -9999 -9999 -9999 -9999 -9999 -9999 -9999 -9999 -9999 -9999 -9999 -9999 -9999 -9999 -9999 -9999 -9999
8.21914E-2 8.16377E-2 3.30232E-3 1.97733E-6 2.14659E-8 4.48502E-8 1.95585E-8 5.53842E-9 4.91227E-7 5.73449E-7 3.545E-7 2.97751E-7 7.38408E-9 1.06871E-10 6.26467E-11 6.65453E-12 2.82246E-8 6.49847E-7 1.22358E-5 1.96371E-7 1.43749E-5 2.13582E-6 1.65234E-7 8.29416E-4 6.11271E-3 1.24873E-3 1.27981E-7 4.45424E-9 1.05855E-8 7.49285E-12 7.2727E-12 2.36647E-10 5.04097E-9 1.16939E-8 7.39197E-9 6.20518E-9 1.42314E-9 3.544E-9 4.32477E-10 3.63094E-10 6.2116E-13 4.57402E-12 1.60622E-11 4.95922E-12 1.53894E-12 3.26152E-13 2.01568E-13 3.37773E-12 -9999 -9999 -9999 -9999 -9999 -9999 -9999 -9999 -9999 -9999 -9999 -9999 -9999 -9999 -9999 -9999 -9999
1.66425E-1 1.16816E-1 2.77967E-2 1.69116E-3 1.29483E-5 1.7176E-6 3.26865E-7 4.77617E-8 4.38141E-9 1.42489E-9 2.0651E-7 4.3486E-7 5.20503E-8 5.78817E-9 4.1046E-7 1.27383E-8 9.9613E-8 8.13831E-7 4.95842E-6 7.51106E-5 3.17179E-4 3.71683E-4 7.55335E-5 2.21464E-2 1.14287E-2 3.20932E-3 2.3625E-4 9.72431E-6 1.61331E-7 1.69348E-8 1.48072E-8 4.72403E-10 3.33694E-11 9.32E-10 1.571E-9 6.8499E-10 6.67224E-10 1.25629E-8 6.65321E-9 2.22161E-9 4.55022E-10 1.74541E-10 2.50965E-10 6.9877E-11 3.73601E-11 5.03446E-12 1.09663E-11 2.48401E-11 3.41672E-12 2.29413E-12 -9999 -9999 -9999 -9999 -9999 -9999 -9999 -9999 -9999 -9999 -9999 -9999 -9999 -9999 -9999
1.54455E-1 1.60711E-1 7.61129E-2 2.94333E-2 5.11061E-3 6.2703E-4 1.57429E-5 2.24843E-7 5.77882E-11 9.48979E-12 1.25013E-11 6.47067E-9 9.73103E-8 3.46706E-7 5.06305E-8 2.51812E-6 4.76005E-6 1.73996E-6 2.1672E-6 6.2798E-5 3.96524E-4 1.47623E-3 3.84518E-4 1.54051E-2 1.43482E-3 2.79595E-4 2.05676E-5 6.49663E-8 4.67992E-10 9.6959E-10 2.23135E-8 5.8904E-8 3.25493E-9 1.54475E-11 1.12611E-10 5.79762E-12 1.89221E-10 3.44012E-9 2.21258E-10 1.73868E-9 1.46801E-9 2.63001E-10 1.84462E-9 8.8076E-10 4.27499E-10 1.39103E-11 4.84616E-11 6.26152E-11 1.0038E-10 9.18018E-11 1.24366E-10 3.58338E-11 -9999 -9999 -9999 -9999 -9999 -9999 -9999 -9999 -9999 -9999 -9999 -9999 -9999
1.28964E-1 1.50867E-1 1.17764E-1 6.9914E-2 3.43808E-2 1.07519E-2 1.81865E-3 5.55051E-5 5.55744E-8 2.39261E-12 3.20477E-12 1.7667E-9 2.4298E-8 9.0913E-8 8.14751E-8 4.1841E-6 8.60175E-6 6.902E-6 8.06887E-6 3.0011E-5 1.40759E-4 8.89552E-4 2.6309E-3 2.7124E-3 2.06842E-3 1.20273E-3 6.1201E-4 2.27696E-5 1.04993E-8 4.40583E-9 1.24092E-8 4.535E-9 1.47255E-9 2.75726E-11 2.79237E-12 5.60792E-13 4.17123E-9 4.15068E-9 4.4966E-11 3.47518E-9 6.20977E-9 3.04505E-9 2.32031E-9 8.29601E-10 6.61979E-10 4.14188E-9 5.52274E-10 2.04054E-9 1.66288E-9 1.0489E-10 1.24867E-10 1.79046E-11 2.81656E-9 -9999 -9999 -9999 -9999 -9999 -9999 -9999 -9999 -9999 -9999 -9999 -9999
1.51566E-1 1.67348E-1 1.50867E-1 1.16835E-1 8.30222E-2 5.6222E-2 2.10548E-2 2.48041E-3 8.99527E-5 1.4299E-6 2.10221E-8 1.38341E-9 8.90061E-10 1.03355E-8 2.93729E-8 5.37424E-8 1.31418E-6 3.47826E-6 1.0237E-5 4.7356E-6 1.65814E-5 1.89067E-4 2.34758E-3 3.27387E-3 1.17465E-4 2.61256E-5 5.75476E-6 2.15233E-5 1.50354E-4 3.68879E-6 2.57681E-6 2.81717E-9 1.07439E-9 1.01815E-9 5.20243E-12 1.26675E-12 2.76222E-6 3.22424E-9 2.46801E-11 1.8895E-10 8.44181E-11 7.28039E-11 3.91692E-11 3.63546E-10 3.81695E-10 6.81635E-10 2.36467E-10 4.27499E-10 5.93271E-10 2.52797E-11 2.318E-11 1.85137E-11 4.06296E-11 1.081E-10 4.22596E-10 -9999 -9999 -9999 -9999 -9999 -9999 -9999 -9999 -9999 -9999
2.32794E-1 2.34678E-1 2.26859E-1 1.90467E-1 1.67012E-1 1.53105E-1 7.72349E-2 2.12432E-2 5.81797E-3 3.28699E-3 6.30576E-4 2.72488E-5 2.8129E-6 8.7634E-6 4.21334E-5 7.07414E-7 5.08319E-8 7.42192E-8 4.72037E-8 2.48547E-7 1.81594E-6 1.41639E-5 2.33948E-5 5.08851E-4 1.77188E-3 7.4099E-4 2.66354E-3 2.56542E-4 1.82981E-4 1.25742E-5 8.58847E-5 7.08291E-7 1.56718E-8 1.21684E-9 2.70378E-11 2.21418E-7 3.38399E-7 1.31977E-11 1.11441E-12 3.86142E-13 8.67568E-12 2.99718E-11 5.55114E-12 1.19524E-11 1.06321E-9 2.48782E-10 2.34194E-9 1.6885E-11 9.09411E-12 5.78618E-12 9.89904E-10 3.8129E-9 7.76806E-12 3.63524E-11 4.74533E-11 1.16284E-11 -9999 -9999 -9999 -9999 -9999 -9999 -9999 -9999 -9999
3.31528E-1 3.25388E-1 3.45421E-1 3.37154E-1 3.37154E-1 2.69373E-1 1.56446E-1 6.90938E-2 3.29006E-2 1.99776E-2 1.12993E-2 2.36222E-3 1.43676E-4 5.28333E-5 6.31979E-6 1.08053E-7 2.15279E-8 6.64204E-9 1.08764E-9 3.08445E-9 5.44603E-8 1.74259E-6 2.82543E-6 2.11251E-5 1.53866E-4 1.94885E-5 5.32273E-6 3.62193E-5 1.46085E-4 5.27821E-5 1.13202E-5 1.23893E-9 3.61507E-12 3.07213E-13 1.02618E-8 1.30465E-6 1.48704E-9 8.02616E-11 9.67098E-10 1.31565E-12 4.65721E-11 3.34212E-9 1.18463E-9 2.78524E-11 8.44543E-9 5.69272E-11 3.93989E-9 2.72962E-9 1.61263E-9 2.30628E-10 1.03751E-9 1.28696E-8 2.01064E-10 3.56125E-9 7.26002E-10 1.80257E-9 9.51566E-10 -9999 -9999 -9999 -9999 -9999 -9999 -9999 -9999
4.04465E-1 3.79263E-1 3.94855E-1 4.25265E-1 4.52451E-1 3.49417E-1 1.89652E-1 1.03895E-1 6.2292E-2 3.81824E-2 1.78367E-2 2.46107E-3 4.25274E-4 3.39465E-4 4.77064E-5 1.08841E-6 2.74492E-7 2.50809E-7 2.62761E-8 1.85421E-9 1.44299E-10 1.25697E-9 4.19324E-10 1.66471E-7 3.71364E-6 9.50578E-8 6.03246E-8 3.33301E-7 7.95497E-7 1.80073E-5 1.35954E-4 1.08381E-5 6.64873E-5 1.83271E-5 2.92849E-4 2.19168E-6 8.35183E-11 1.64305E-9 1.29358E-8 1.80555E-6 2.87426E-10 8.42705E-8 1.72143E-8 9.80982E-10 5.57657E-9 3.44474E-11 5.2292E-12 5.643E-11 1.54895E-10 3.97885E-10 2.64709E-11 1.23334E-9 3.30851E-8 5.39526E-9 5.66813E-9 8.29957E-9 3.30808E-9 4.07341E-8 -9999 -9999 -9999 -9999 -9999 -9999 -9999
4.61215E-1 4.02548E-1 3.67423E-1 3.92904E-1 4.08285E-1 2.95455E-1 1.50478E-1 1.0749E-1 8.3551E-2 4.72742E-2 1.38857E-2 1.28316E-3 4.76288E-4 1.03956E-3 8.57273E-4 9.78182E-5 3.44268E-5 2.16183E-5 9.01426E-6 9.98592E-7 1.22545E-7 3.27112E-9 4.92616E-11 1.06443E-9 3.59228E-7 3.56291E-5 1.48392E-5 1.1479E-5 8.76379E-7 7.70849E-6 4.84045E-5 5.76833E-6 3.49724E-6 4.07655E-10 2.59439E-14 2.09611E-6 3.48759E-8 3.62431E-5 1.25734E-5 4.67055E-5 1.04877E-8 2.63849E-8 1.12275E-3 6.9247E-9 5.71849E-7 2.6267E-6 1.97628E-11 1.74549E-14 4.08656E-11 1.03493E-9 4.7466E-12 2.16056E-12 1.46247E-9 2.23487E-10 4.0076E-9 9.65423E-9 2.72766E-10 1.2117E-9 3.44966E-8 -9999 -9999 -9999 -9999 -9999 -9999
4.96065E-1 4.19155E-1 3.43086E-1 3.49078E-1 3.53065E-1 2.5785E-1 1.42703E-1 1.2153E-1 9.87869E-2 5.64881E-2 2.12739E-2 1.85725E-3 7.87983E-4 1.42373E-3 2.27365E-3 1.20459E-3 8.05185E-4 1.06236E-3 1.3659E-3 2.1967E-4 3.17909E-5 2.32744E-5 3.24378E-5 1.14662E-5 4.49156E-7 4.27548E-6 2.27636E-5 1.25709E-5 1.6823E-6 2.69238E-7 5.29234E-8 1.65136E-9 5.57031E-10 1.11305E-13 5.70822E-19 1.66E-32 7.43217E-38 5.76009E-35 1.47241E-29 7.77724E-23 4.58988E-7 8.25672E-5 4.63889E-5 6.77308E-5 1.09446E-5 4.50763E-5 1.1624E-9 7.37619E-12 4.52431E-10 2.55285E-10 2.38579E-12 1.10642E-12 4.22829E-12 9.5505E-13 8.68344E-11 3.30379E-11 5.92298E-10 1.81285E-8 2.24451E-12 8.05651E-9 -9999 -9999 -9999 -9999 -9999
5.26089E-1 4.55148E-1 3.90491E-1 3.84651E-1 3.86146E-1 3.46646E-1 2.57234E-1 1.80516E-1 1.37769E-1 8.52896E-2 4.58732E-2 1.53383E-2 5.94281E-3 4.66618E-3 8.10061E-3 6.63924E-3 5.12559E-3 6.40073E-3 7.81508E-3 3.30651E-3 1.60836E-3 2.9309E-3 9.16017E-3 7.39152E-3 9.84899E-4 3.98173E-6 1.59579E-6 2.45376E-6 1.21106E-5 2.62414E-5 4.52288E-6 4.92487E-9 9.68473E-10 1.29988E-14 1.10461E-17 9.16153E-25 1.61965E-27 3.01015E-30 8.41614E-28 2.35347E-26 8.57168E-21 8.02356E-16 2.02938E-11 8.42152E-7 1.07456E-6 9.3266E-6 1.82136E-6 1.13049E-6 7.83667E-8 6.33608E-9 1.3773E-8 2.13714E-9 4.97285E-13 1.17667E-14 4.91914E-15 1.07873E-12 3.57098E-9 3.75705E-8 7.84906E-11 2.21624E-10 2.53813E-11 -9999 -9999 -9999 -9999
5.7126E-1 5.0286E-1 4.5338E-1 4.5628E-1 4.78584E-1 4.4562E-1 3.69872E-1 2.8419E-1 2.00886E-1 1.48138E-1 9.8561E-2 5.72597E-2 3.43617E-2 3.28946E-2 3.81551E-2 1.90262E-2 1.23267E-2 1.14926E-2 1.31974E-2 1.11237E-2 1.13186E-2 1.7827E-2 2.27079E-2 1.27578E-2 1.53713E-3 1.90952E-5 1.5468E-6 1.2512E-6 5.65473E-6 4.51147E-5 8.28702E-5 3.02525E-6 1.98168E-7 1.21213E-9 3.47286E-11 1.50892E-14 1.09289E-17 1.86843E-19 5.09939E-20 3.69197E-19 8.27434E-18 1.354E-16 2.11035E-13 2.92024E-12 1.24247E-10 1.42391E-12 3.3657E-16 1.53557E-14 4.73173E-13 1.48215E-6 3.8652E-7 2.33162E-10 7.28678E-11 9.01263E-10 2.78085E-13 2.22448E-12 1.23937E-7 4.44008E-7 4.04449E-9 2.29683E-11 1.62011E-12 -9999 -9999 -9999 -9999
5.69314E-1 5.4815E-1 5.21076E-1 5.1362E-1 5.60423E-1 5.26112E-1 4.64204E-1 3.76103E-1 2.81572E-1 2.1657E-1 1.66494E-1 1.18401E-1 7.64031E-2 6.12425E-2 4.99992E-2 2.69779E-2 1.81179E-2 2.09623E-2 2.19648E-2 2.16445E-2 2.30666E-2 2.61532E-2 2.13153E-2 1.00195E-2 2.01542E-3 1.73319E-4 1.31211E-5 2.08398E-6 3.66247E-6 2.27894E-5 7.91295E-5 2.59709E-5 6.19433E-7 1.72703E-9 1.39559E-10 2.17501E-13 1.71262E-14 2.22538E-16 6.85447E-16 1.14247E-14 7.59836E-14 1.89252E-13 5.43796E-14 1.27677E-10 2.97797E-10 4.33593E-12 8.30391E-11 1.46362E-15 2.34987E-19 6.25847E-15 2.77027E-14 2.21025E-7 1.34632E-9 1.4177E-7 3.99606E-11 3.81149E-9 5.74402E-8 2.18998E-15 1.08248E-8 6.39255E-9 1.49361E-9 6.57343E-13 -9999 -9999 -9999
5.80674E-1 5.77351E-1 5.77351E-1 5.6211E-1 5.70486E-1 5.57468E-1 5.14893E-1 4.45697E-1 3.58393E-1 2.90694E-1 2.53499E-1 1.88171E-1 1.14174E-1 6.4428E-2 4.52272E-2 2.82205E-2 1.34324E-2 2.38073E-2 3.00026E-2 3.18787E-2 3.23629E-2 3.04059E-2 1.95916E-2 9.00826E-3 2.66542E-3 6.07174E-4 1.36992E-4 4.41295E-5 3.502E-5 6.24426E-5 1.98435E-4 1.26596E-4 3.22137E-6 1.6599E-7 2.18571E-9 1.30531E-10 1.53062E-13 8.53908E-16 3.46652E-13 1.03091E-10 8.1825E-11 4.9605E-12 2.99941E-10 3.28957E-13 2.36997E-11 2.33928E-12 1.15661E-7 1.13307E-7 8.1201E-14 8.1369E-13 1.16146E-14 7.8485E-11 3.21521E-9 2.13073E-13 6.59443E-9 4.98515E-13 2.39338E-21 1.66606E-12 1.24299E-7 7.10653E-8 7.25077E-7 3.89281E-11 1.64534E-9 -9999 -9999
5.92335E-1 5.67206E-1 5.74171E-1 5.58713E-1 5.43236E-1 5.39186E-1 5.29776E-1 5.00026E-1 4.37418E-1 3.70222E-1 3.30551E-1 2.67074E-1 1.80798E-1 7.03855E-2 4.84154E-2 4.52272E-2 2.91E-2 3.98628E-2 5.50695E-2 4.85325E-2 4.44805E-2 3.57734E-2 2.11812E-2 9.63649E-3 3.85553E-3 1.78444E-3 8.4054E-4 4.25774E-4 2.89408E-4 3.47249E-4 5.07285E-4 2.51675E-4 3.33787E-5 1.88913E-5 5.80952E-6 8.67505E-8 2.36548E-9 7.47803E-10 4.71871E-9 3.82404E-8 1.50639E-8 1.41403E-10 2.22913E-12 3.2313E-11 2.31963E-8 2.37495E-8 3.95869E-7 6.15573E-6 9.19439E-6 9.41164E-6 7.58641E-9 1.47691E-11 6.6874E-14 1.05211E-14 2.88702E-14 6.85302E-13 1.95789E-10 1.45304E-13 3.68757E-13 6.17308E-14 1.51276E-11 9.48641E-7 7.01701E-10 -9999 -9999
6.08876E-1 5.66126E-1 5.19714E-1 4.93713E-1 5.04683E-1 5.09273E-1 5.25511E-1 5.24073E-1 4.86029E-1 4.22765E-1 3.57383E-1 3.49465E-1 3.37545E-1 1.96855E-1 8.8225E-2 6.10966E-2 6.27452E-2 1.06938E-1 1.10673E-1 8.74067E-2 6.682E-2 4.89504E-2 2.80985E-2 1.26831E-2 5.51147E-3 5.317E-3 5.32061E-3 2.77286E-3 1.36514E-3 1.20459E-3 1.25605E-3 3.24769E-4 4.43678E-5 4.78483E-5 1.47306E-4 2.28127E-5 1.37906E-6 5.04999E-7 6.60173E-7 5.66196E-6 1.30369E-4 4.48893E-6 1.89241E-10 4.21277E-13 1.04483E-12 2.55513E-13 5.74526E-11 5.25929E-6 3.1738E-4 2.50786E-4 1.09018E-4 1.27896E-5 6.44353E-6 4.11858E-8 8.13778E-13 9.041E-10 1.53942E-3 1.50267E-11 1.02357E-10 1.96504E-9 1.6737E-14 1.73393E-12 1.92948E-23 1.10651E-25 -9999
5.84068E-1 5.73095E-1 5.29932E-1 4.84404E-1 4.87648E-1 4.82772E-1 4.94048E-1 5.03429E-1 5.27112E-1 4.45155E-1 3.65268E-1 3.86738E-1 4.07787E-1 3.066E-1 1.58024E-1 8.8225E-2 9.03931E-2 1.3452E-1 1.44271E-1 1.48775E-1 1.2571E-1 8.09324E-2 4.30976E-2 2.01221E-2 1.01316E-2 1.9002E-2 3.28946E-2 1.25395E-2 4.75494E-3 3.64201E-3 3.24267E-3 9.55447E-4 1.132E-4 1.58138E-4 6.4829E-4 2.76711E-4 5.29216E-5 4.66832E-5 9.56371E-5 1.43925E-4 5.93678E-4 1.57567E-3 1.54285E-4 2.49755E-7 1.04501E-9 1.20847E-10 1.06323E-9 7.11111E-8 7.93353E-6 1.46939E-4 1.60662E-4 6.45421E-4 9.20213E-5 3.98873E-4 5.3306E-7 1.14876E-3 8.90386E-3 8.03101E-6 7.69649E-5 2.34202E-9 3.71788E-14 7.99648E-17 3.2731E-27 2.39388E-30 -9999
5.43561E-1 5.61298E-1 5.51355E-1 4.87648E-1 4.25693E-1 4.23856E-1 4.03328E-1 4.17828E-1 4.7115E-1 4.32555E-1 3.84801E-1 4.02095E-1 3.96365E-1 3.13632E-1 2.14108E-1 1.82486E-1 2.01542E-1 1.78473E-1 1.65363E-1 2.26209E-1 2.26979E-1 1.20318E-1 5.98932E-2 3.36042E-2 2.01221E-2 2.52082E-2 5.27526E-2 2.1617E-2 9.99984E-3 9.15731E-3 1.12957E-2 8.66636E-3 2.12708E-3 1.17262E-3 1.63802E-3 1.10587E-3 2.96013E-4 5.68052E-4 1.97499E-3 2.56216E-3 2.36631E-3 6.63599E-3 2.41259E-3 1.18663E-4 1.2405E-5 6.30846E-6 1.70076E-5 2.20285E-5 1.36153E-5 6.05622E-6 1.66482E-5 7.5705E-4 3.84737E-4 7.05173E-4 5.6918E-4 3.00052E-4 3.25349E-3 4.26055E-3 4.01399E-5 2.12856E-8 8.59024E-14 1.02389E-24 5.16371E-32 1.37825E-36 1.96182E-44
5.09632E-1 5.25561E-1 5.18516E-1 4.68059E-1 4.11214E-1 4.1273E-1 3.55474E-1 3.52969E-1 4.14596E-1 4.12223E-1 4.02789E-1 4.2091E-1 4.05894E-1 3.4351E-1 2.8189E-1 2.91767E-1 3.25592E-1 2.34646E-1 1.84463E-1 2.76949E-1 2.35548E-1 1.33571E-1 8.47499E-2 5.93054E-2 3.61958E-2 2.76691E-2 3.90698E-2 2.72453E-2 2.05121E-2 2.40497E-2 3.47273E-2 4.0101E-2 1.44238E-2 5.1532E-3 5.67656E-3 5.28661E-3 2.98756E-3 4.56989E-3 8.69409E-3 5.83408E-3 5.03054E-3 8.85647E-3 4.7526E-3 1.54541E-3 1.42127E-3 9.53855E-4 3.49207E-3 4.21985E-3 1.47505E-3 4.42854E-4 1.04749E-4 2.56433E-5 1.42871E-5 2.39689E-6 3.11785E-9 6.9737E-14 6.70766E-12 4.19829E-10 1.22144E-14 2.42747E-20 6.88294E-22 5.11341E-23 1.14398E-27 3.68541E-43 0E0
4.5969E-1 4.45539E-1 4.66501E-1 4.33261E-1 3.82735E-1 4.69867E-1 4.51032E-1 4.20489E-1 4.27525E-1 4.45539E-1 4.52225E-1 4.52225E-1 4.53978E-1 4.39225E-1 4.283E-1 4.21541E-1 3.89406E-1 3.24491E-1 2.92708E-1 2.86783E-1 2.23485E-1 1.49734E-1 1.32157E-1 1.12516E-1 6.85851E-2 3.21251E-2 3.89513E-2 5.17492E-2 6.42378E-2 6.76981E-2 5.75235E-2 4.94605E-2 2.57213E-2 1.29765E-2 1.2173E-2 1.12109E-2 1.44776E-2 2.72453E-2 4.0321E-2 3.38525E-2 1.90262E-2 1.87317E-2 1.67003E-2 1.03711E-2 1.01778E-3 5.2018E-4 4.65843E-3 1.55736E-2 1.08691E-2 1.45309E-2 1.01373E-2 3.88057E-4 5.54405E-5 5.79552E-6 7.87215E-8 2.20938E-10 1.01998E-12 1.47335E-16 2.83044E-22 4.57081E-24 4.15967E-22 5.20186E-21 4.17552E-21 2.90524E-32 3.19496E-43
4.23856E-1 3.89988E-1 4.23856E-1 4.20489E-1 3.69169E-1 4.59694E-1 4.91076E-1 4.5969E-1 4.36861E-1 4.41981E-1 4.40194E-1 4.43372E-1 4.84404E-1 4.7115E-1 4.72831E-1 4.48702E-1 3.80348E-1 3.36424E-1 3.11343E-1 2.77778E-1 2.30904E-1 2.00032E-1 2.00836E-1 1.97315E-1 1.39849E-1 7.57369E-2 5.30058E-2 7.19688E-2 1.06277E-1 9.00829E-2 6.12614E-2 4.76675E-2 3.41833E-2 2.01861E-2 1.57968E-2 1.96419E-2 4.54601E-2 1.11623E-1 1.02094E-1 6.71762E-2 2.65292E-2 2.82205E-2 4.4726E-2 3.24251E-2 1.89661E-3 1.91067E-4 5.62617E-3 4.53988E-2 5.21982E-2 4.28081E-2 6.13712E-2 4.34261E-2 9.17085E-3 4.15853E-4 2.21488E-5 3.10196E-7 1.54826E-9 9.0398E-13 8.80879E-17 1.54045E-19 9.22859E-20 2.56514E-19 1.41579E-20 4.90654E-26 1.18124E-33
3.87781E-1 3.47482E-1 3.46345E-1 3.29214E-1 3.3773E-1 4.09345E-1 4.71493E-1 4.43994E-1 3.86142E-1 3.68675E-1 3.74524E-1 3.72577E-1 4.14596E-1 4.14096E-1 3.76468E-1 3.0341E-1 2.62924E-1 2.77778E-1 2.99449E-1 2.817E-1 2.50661E-1 2.47895E-1 2.42189E-1 2.20671E-1 1.8183E-1 1.29357E-1 5.9646E-2 4.40011E-2 8.75694E-2 8.13332E-2 4.07594E-2 4.48114E-2 4.35551E-2 1.91259E-2 1.59721E-2 4.25567E-2 1.16705E-1 1.62168E-1 1.00279E-1 6.17334E-2 2.72453E-2 3.4214E-2 5.64881E-2 9.54993E-2 1.14947E-1 2.23458E-2 1.69658E-2 3.59727E-2 5.36469E-2 4.80346E-2 8.06371E-2 7.3807E-2 3.24271E-2 5.02807E-3 6.33978E-4 4.77921E-5 2.89354E-6 1.88945E-8 6.29852E-12 1.87631E-15 3.40548E-17 1.6536E-17 1.1621E-18 1.44032E-21 2.86794E-25
3.42653E-1 2.69771E-1 2.02606E-1 1.6951E-1 2.24349E-1 3.30272E-1 3.90689E-1 3.539E-1 2.98138E-1 2.82395E-1 3.19908E-1 3.6722E-1 3.78874E-1 3.41683E-1 2.68735E-1 1.44609E-1 1.26096E-1 2.26948E-1 2.94192E-1 2.90252E-1 2.69966E-1 2.83665E-1 2.65235E-1 2.1798E-1 1.77738E-1 1.40781E-1 8.75694E-2 6.95271E-2 1.15409E-1 9.66244E-2 3.0606E-2 4.74123E-2 4.26815E-2 7.68748E-3 1.21253E-2 7.42588E-2 2.95493E-1 3.08576E-1 1.10321E-1 6.71839E-2 6.57182E-2 8.06518E-2 9.37163E-2 1.55401E-1 2.47116E-1 8.84794E-2 4.02228E-2 2.9873E-2 4.45885E-2 1.30928E-1 1.3685E-1 7.95837E-2 3.38951E-2 1.2335E-2 4.16487E-3 9.15138E-4 1.30757E-4 6.50302E-6 1.89167E-8 1.81935E-11 6.42243E-14 1.5985E-14 2.69425E-15 5.74757E-17 1.22161E-18
3.27066E-1 2.73032E-1 1.51416E-1 9.43583E-2 2.04618E-1 2.83393E-1 2.81004E-1 2.55832E-1 2.34383E-1 2.55223E-1 3.6722E-1 4.7154E-1 4.47581E-1 3.55859E-1 3.20391E-1 2.12994E-1 1.65283E-1 2.5967E-1 2.98138E-1 2.70678E-1 2.76525E-1 2.90252E-1 2.71915E-1 2.05348E-1 1.59908E-1 1.58337E-1 1.56775E-1 1.50614E-1 1.80251E-1 1.63897E-1 8.77846E-2 6.87617E-2 3.32928E-2 9.12157E-3 1.85774E-2 8.05697E-2 3.27834E-1 3.31794E-1 1.26096E-1 9.32388E-2 1.01271E-1 1.15409E-1 1.14631E-1 1.34995E-1 1.47265E-1 1.21652E-1 9.33959E-2 4.87748E-2 5.93054E-2 1.30281E-1 2.02661E-1 1.23745E-1 4.92164E-2 2.02729E-2 1.21172E-2 4.16461E-3 5.68476E-4 4.90926E-5 2.44968E-6 5.04536E-8 1.01751E-9 8.73168E-11 1.2808E-11 1.89168E-12 3.96208E-13
3.93574E-1 3.15945E-1 2.27588E-1 2.04618E-1 2.93178E-1 2.99068E-1 2.08166E-1 2.23906E-1 2.22072E-1 2.63521E-1 4.0371E-1 5.3928E-1 5.59082E-1 5.31671E-1 5.03949E-1 4.91739E-1 3.58129E-1 3.26646E-1 3.44351E-1 2.94733E-1 2.98671E-1 3.08023E-1 2.62202E-1 1.99131E-1 1.64671E-1 1.7114E-1 1.98273E-1 2.06209E-1 2.0443E-1 1.66234E-1 1.50614E-1 1.10981E-1 5.16088E-2 2.88718E-2 3.75009E-2 1.06547E-1 2.39274E-1 2.46807E-1 1.48229E-1 1.36493E-1 1.49736E-1 1.58317E-1 1.64634E-1 1.32343E-1 1.57588E-1 1.77738E-1 1.81085E-1 1.16705E-1 3.38413E-2 5.57531E-2 2.04384E-1 1.32662E-1 5.77287E-2 2.72453E-2 1.38416E-2 4.84195E-3 1.01828E-3 2.24945E-4 9.33342E-5 1.80314E-5 1.1246E-6 9.86313E-8 1.60311E-8 4.74608E-9 3.13623E-9
4.2569E-1 3.75001E-1 3.1051E-1 2.69323E-1 3.03001E-1 3.24864E-1 3.04969E-1 3.19908E-1 2.70678E-1 2.76525E-1 3.63314E-1 5.12546E-1 5.93304E-1 5.84695E-1 4.98758E-1 4.50673E-1 3.83173E-1 3.81264E-1 4.50953E-1 3.94599E-1 3.63676E-1 3.57817E-1 2.8632E-1 2.0443E-1 1.76916E-1 1.89587E-1 2.26196E-1 2.43048E-1 2.32517E-1 1.67842E-1 1.2534E-1 1.12239E-1 7.42128E-2 6.52499E-2 7.27279E-2 1.52284E-1 2.52872E-1 2.66263E-1 1.94588E-1 1.79348E-1 2.02854E-1 2.54408E-1 2.52502E-1 1.7337E-1 2.35017E-1 3.38167E-1 2.80436E-1 1.76007E-1 6.73919E-2 6.78764E-2 1.32343E-1 1.11579E-1 6.09735E-2 2.61243E-2 1.20108E-2 5.39962E-3 2.71319E-3 2.01529E-3 1.42364E-3 6.4829E-4 6.62015E-5 7.25289E-6 1.4603E-6 5.35434E-7 6.30501E-8
