KUENM/Final_Models/M_0.1_F_lq_Set_2_E/sp1_se_asia_min.asc
ncols         320
nrows         243
xllcorner     44.0
yllcorner     -0.666666666666667
cellsize      0.166666666666667
NODATA_value  -9999
[rows 93 to 123 of 243, columns 140 to 209 of 320]
1.43484E-1 1.50711E-1 1.59648E-1 1.67321E-1 1.78386E-1 1.9149E-1 2.08507E-1 2.22605E-1 2.26183E-1 2.27815E-1 2.31428E-1 2.35061E-1 2.38711E-1 2.41813E-1 2.4916E-1 2.59512E-1 2.72558E-1 2.92178E-1 3.19037E-1 3.56186E-1 4.02938E-1 4.12854E-1 4.43292E-1 4.76355E-1 5.12276E-1 5.44648E-1 5.60362E-1 5.87087E-1 6.15964E-1 6.33301E-1 6.39452E-1 4.96852E-1 2.39399E-1 2.28387E-1 3.22943E-1 1.82268E-1 1.60032E-1 3.20926E-1 5.90086E-1 6.32572E-1 6.16861E-1 4.77799E-1 4.17426E-1 3.081E-1 2.25639E-1 1.98767E-1 2.31837E-1 2.69797E-1 3.23309E-1 3.41911E-1 3.55556E-1 2.92269E-1 2.0939E-1 1.76136E-1 1.93878E-1 1.92282E-1 1.33354E-1 8.76328E-2 1.03688E-1 1.24058E-1 1.35919E-1 1.47763E-1 1.43771E-1 1.2193E-1 7.01855E-2 2.1725E-2 8.33939E-3 4.27101E-3 3.95436E-3 4.97341E-3
1.49116E-1 1.59522E-1 1.67228E-1 1.79918E-1 1.94765E-1 2.15414E-1 2.38626E-1 2.60941E-1 2.83828E-1 2.91478E-1 2.89562E-1 2.7979E-1 2.7979E-1 2.77164E-1 2.71517E-1 2.70687E-1 2.83825E-1 3.01582E-1 3.32109E-1 3.72612E-1 4.02577E-1 4.35343E-1 4.69127E-1 5.04759E-1 5.37487E-1 5.72263E-1 5.82982E-1 5.92892E-1 6.17831E-1 6.30023E-1 6.39188E-1 5.65965E-1 3.74049E-1 3.27558E-1 3.18852E-1 1.81994E-1 3.24928E-1 5.33859E-1 6.28589E-1 6.37295E-1 6.46304E-1 5.81088E-1 5.53354E-1 3.84071E-1 1.98767E-1 1.86719E-1 2.28087E-1 2.60564E-1 3.17706E-1 3.736E-1 3.35938E-1 2.49465E-1 2.13082E-1 2.10285E-1 2.19934E-1 2.0509E-1 1.09921E-1 8.75827E-2 1.15314E-1 1.79048E-1 2.0779E-1 1.73748E-1 1.3098E-1 7.78181E-2 3.80155E-2 1.06957E-2 4.78159E-3 2.89284E-3 3.3203E-3 2.72685E-3
-9999 1.71775E-1 1.8288E-1 1.9953E-1 2.15124E-1 2.4206E-1 2.73841E-1 3.09969E-1 3.43011E-1 3.54986E-1 3.43473E-1 3.25595E-1 3.12213E-1 3.01803E-1 3.04925E-1 2.85489E-1 2.81942E-1 3.23531E-1 3.57769E-1 3.94078E-1 4.436E-1 4.65746E-1 5.02331E-1 5.30516E-1 5.59325E-1 5.82082E-1 5.9788E-1 6.02138E-1 6.17489E-1 6.24897E-1 6.33301E-1 6.25979E-1 4.86191E-1 3.27768E-1 2.65335E-1 2.6226E-1 3.41911E-1 5.20059E-1 6.41818E-1 6.30331E-1 6.36562E-1 6.28934E-1 5.37199E-1 3.45514E-1 2.03141E-1 1.89695E-1 2.21688E-1 2.57115E-1 3.13687E-1 3.37788E-1 2.29959E-1 1.90165E-1 2.10583E-1 2.25341E-1 2.12144E-1 1.85196E-1 1.12524E-1 8.33618E-2 1.05088E-1 1.83196E-1 2.14404E-1 1.54682E-1 6.12937E-2 1.87657E-2 9.79005E-3 4.01499E-3 2.05324E-3 1.93465E-3 2.18744E-3 2.62048E-3
-9999 -9999 -9999 -9999 2.43616E-1 2.69412E-1 3.01896E-1 -9999 3.97938E-1 4.07864E-1 3.95838E-1 3.72029E-1 3.29414E-1 2.89294E-1 2.55332E-1 2.43644E-1 2.74431E-1 3.24169E-1 3.66976E-1 4.14922E-1 4.58949E-1 4.86049E-1 5.18757E-1 5.43607E-1 5.56256E-1 5.72263E-1 5.81372E-1 6.03614E-1 6.21477E-1 6.25537E-1 6.29661E-1 6.27646E-1 5.49816E-1 3.80152E-1 2.90173E-1 3.50515E-1 3.71077E-1 4.1625E-1 5.76297E-1 6.42075E-1 6.25392E-1 5.57513E-1 3.67656E-1 3.08774E-1 1.82448E-1 1.78328E-1 2.40272E-1 2.89642E-1 2.82152E-1 2.81675E-1 2.29249E-1 2.12116E-1 2.1991E-1 2.02567E-1 1.72988E-1 1.2784E-1 9.31894E-2 6.50413E-2 6.32617E-2 1.31202E-1 1.73932E-1 9.80128E-2 2.71609E-2 6.81514E-3 3.50365E-3 1.74277E-3 1.03541E-3 1.10371E-3 1.28073E-3 2.14364E-3
-9999 -9999 -9999 -9999 -9999 -9999 3.35569E-1 3.81519E-1 4.11672E-1 4.32651E-1 4.36487E-1 4.23073E-1 3.6072E-1 2.60936E-1 1.77664E-1 2.11373E-1 2.81942E-1 3.4801E-1 4.16714E-1 4.69623E-1 5.07576E-1 5.23919E-1 5.33893E-1 5.47713E-1 5.63324E-1 5.73005E-1 5.85517E-1 6.0176E-1 6.17628E-1 6.23017E-1 6.21743E-1 6.13465E-1 5.75594E-1 4.84038E-1 3.86367E-1 3.86367E-1 4.047E-1 4.62662E-1 5.71181E-1 6.17385E-1 5.92612E-1 4.14701E-1 1.60324E-1 1.64737E-1 1.32631E-1 1.38403E-1 2.36141E-1 2.5668E-1 2.36141E-1 2.37501E-1 2.1575E-1 2.29959E-1 1.94589E-1 1.43653E-1 1.14127E-1 9.67359E-2 6.95819E-2 3.69075E-2 3.52781E-2 7.27573E-2 1.21355E-1 4.63236E-2 9.44744E-3 3.17575E-3 1.60766E-3 8.53422E-4 5.77204E-4 5.40155E-4 8.73738E-4 1.78239E-3
-9999 -9999 -9999 -9999 -9999 -9999 -9999 3.90651E-1 4.24457E-1 4.48641E-1 4.68162E-1 4.66411E-1 4.16762E-1 3.25282E-1 2.70525E-1 2.91478E-1 3.3602E-1 4.02589E-1 4.74426E-1 5.19566E-1 5.30896E-1 5.33246E-1 5.4568E-1 5.57166E-1 5.71468E-1 5.82255E-1 5.96332E-1 6.07741E-1 6.19599E-1 6.16671E-1 6.00934E-1 5.85231E-1 5.83789E-1 5.53313E-1 4.76571E-1 4.542E-1 4.56175E-1 4.58076E-1 4.89356E-1 5.45809E-1 5.58955E-1 3.94509E-1 1.71432E-1 1.50256E-1 1.09931E-1 1.11605E-1 1.56239E-1 1.8061E-1 2.03141E-1 2.1575E-1 2.05433E-1 2.05433E-1 1.45522E-1 7.98191E-2 6.33431E-2 6.41997E-2 4.73284E-2 1.75698E-2 1.03248E-2 1.80994E-2 3.00878E-2 1.48191E-2 5.06176E-3 2.13339E-3 1.2797E-3 7.34814E-4 6.03456E-4 4.61826E-4 7.67425E-4 1.33458E-3
-9999 -9999 -9999 -9999 -9999 -9999 -9999 -9999 4.2792E-1 4.51925E-1 4.78898E-1 4.76664E-1 4.47687E-1 4.13418E-1 4.08637E-1 4.04274E-1 4.15906E-1 4.53757E-1 4.81379E-1 5.10883E-1 5.28769E-1 5.40439E-1 5.59325E-1 5.66673E-1 5.81589E-1 5.90795E-1 5.9502E-1 6.09678E-1 6.15137E-1 6.02252E-1 5.54186E-1 5.21503E-1 5.69015E-1 5.42679E-1 4.57334E-1 4.22392E-1 4.50353E-1 4.39808E-1 3.65805E-1 3.21985E-1 3.94519E-1 3.19395E-1 1.14031E-1 1.07404E-1 1.44023E-1 1.3737E-1 1.3304E-1 1.51267E-1 2.09002E-1 2.18034E-1 2.07574E-1 1.71751E-1 9.76909E-2 4.23559E-2 3.91167E-2 4.52443E-2 3.21897E-2 7.89869E-3 1.22491E-3 3.19141E-3 6.21984E-3 5.4642E-3 2.89284E-3 1.63801E-3 8.892E-4 1.0952E-3 2.95531E-3 2.54187E-3 2.00685E-3 2.22696E-3
-9999 -9999 -9999 -9999 -9999 -9999 -9999 -9999 -9999 4.53559E-1 4.72778E-1 4.77202E-1 4.71168E-1 4.5722E-1 4.5076E-1 4.39877E-1 4.44099E-1 4.61779E-1 -9999 5.21254E-1 5.49058E-1 5.64975E-1 5.78439E-1 5.85859E-1 5.92413E-1 5.95249E-1 5.84166E-1 6.04885E-1 6.11417E-1 5.89531E-1 5.65865E-1 5.02088E-1 5.07325E-1 4.75641E-1 3.97245E-1 3.49608E-1 3.67919E-1 3.29671E-1 2.40949E-1 2.16925E-1 2.51394E-1 2.25757E-1 1.50214E-1 1.61174E-1 1.70728E-1 1.70276E-1 1.69044E-1 1.78328E-1 2.38599E-1 2.29317E-1 1.62527E-1 9.70601E-2 4.23285E-2 1.95871E-2 2.42583E-2 3.78148E-2 3.51069E-2 1.18661E-2 2.10079E-3 1.51345E-3 2.27753E-3 2.1823E-3 9.08589E-4 8.79464E-4 7.14185E-4 1.04173E-3 2.43556E-3 3.79817E-3 5.00185E-3 5.71103E-3
-9999 -9999 -9999 -9999 -9999 -9999 -9999 -9999 -9999 -9999 -9999 4.75789E-1 4.77191E-1 4.72509E-1 4.67457E-1 4.5999E-1 -9999 -9999 5.07576E-1 5.38215E-1 5.77403E-1 5.9634E-1 6.03755E-1 6.03755E-1 6.05442E-1 6.00328E-1 5.92522E-1 6.10551E-1 6.01373E-1 5.41307E-1 5.50576E-1 5.28477E-1 4.28211E-1 3.80722E-1 4.10866E-1 3.73354E-1 3.35087E-1 2.70602E-1 1.99342E-1 2.11216E-1 2.59286E-1 3.29256E-1 3.42177E-1 3.27175E-1 2.36905E-1 1.77255E-1 1.78929E-1 1.8703E-1 2.44239E-1 2.22113E-1 1.27879E-1 6.5969E-2 2.73495E-2 1.66203E-2 1.89594E-2 2.5983E-2 2.90753E-2 1.74662E-2 7.47903E-3 3.65746E-3 2.1823E-3 8.17259E-4 4.19247E-4 5.11507E-4 3.92145E-4 4.87753E-4 1.2007E-3 3.11913E-3 6.75666E-3 8.60146E-3
-9999 -9999 -9999 -9999 -9999 -9999 -9999 -9999 -9999 -9999 -9999 -9999 -9999 -9999 -9999 -9999 -9999 -9999 5.29186E-1 5.49514E-1 6.00753E-1 6.15233E-1 6.20077E-1 6.174E-1 6.12359E-1 5.98294E-1 6.02569E-1 6.1395E-1 5.98874E-1 5.05495E-1 5.39733E-1 4.88705E-1 3.17652E-1 2.49876E-1 3.91216E-1 4.05764E-1 3.15895E-1 2.11678E-1 1.17659E-1 1.23701E-1 2.29491E-1 3.62919E-1 4.01243E-1 4.03225E-1 2.68374E-1 1.91841E-1 1.70502E-1 1.65966E-1 1.93988E-1 1.80571E-1 1.04162E-1 5.84125E-2 3.45713E-2 1.98467E-2 2.11559E-2 3.35609E-2 4.86979E-2 3.67629E-2 2.01204E-2 1.29535E-2 6.40828E-3 2.40307E-3 1.27988E-3 5.583E-4 2.11863E-4 1.60728E-4 5.07666E-4 1.3999E-3 2.83277E-3 3.65161E-3
-9999 -9999 -9999 -9999 -9999 -9999 -9999 -9999 -9999 -9999 -9999 -9999 -9999 -9999 -9999 -9999 -9999 5.76186E-1 5.8393E-1 5.70423E-1 6.19867E-1 6.32919E-1 6.32073E-1 6.31926E-1 6.18905E-1 6.03462E-1 6.07655E-1 6.18404E-1 6.10888E-1 5.92545E-1 5.78626E-1 4.85055E-1 3.04082E-1 2.3979E-1 3.47883E-1 3.44621E-1 2.4299E-1 1.21147E-1 4.95102E-2 5.37437E-2 1.2784E-1 2.32173E-1 3.22693E-1 3.53117E-1 3.02012E-1 2.27475E-1 1.82196E-1 1.56795E-1 1.34961E-1 1.15144E-1 7.68326E-2 5.63519E-2 7.45903E-2 7.48866E-2 6.24167E-2 7.31966E-2 5.47345E-2 3.56409E-2 1.88255E-2 9.91595E-3 4.43325E-3 2.41712E-3 1.08748E-3 5.80771E-4 1.44051E-4 4.13936E-5 2.2119E-5 5.03454E-4 1.57702E-3 4.06526E-4
-9999 -9999 -9999 -9999 -9999 -9999 -9999 -9999 -9999 -9999 -9999 -9999 -9999 -9999 5.81265E-1 5.90006E-1 5.92487E-1 5.97428E-1 6.02102E-1 6.20749E-1 6.38278E-1 6.39345E-1 6.45337E-1 6.43609E-1 6.319E-1 6.15964E-1 6.1244E-1 6.18263E-1 6.15626E-1 6.11916E-1 5.92018E-1 5.33351E-1 3.87902E-1 3.21122E-1 2.88355E-1 2.45003E-1 1.2882E-1 3.99834E-2 1.76051E-2 2.38759E-2 6.779E-2 1.8878E-1 3.1626E-1 3.92296E-1 4.26884E-1 4.0827E-1 3.7311E-1 2.89028E-1 1.60956E-1 1.0939E-1 7.02693E-2 1.84918E-1 2.59425E-1 2.31353E-1 1.57828E-1 8.39902E-2 4.76944E-2 2.20521E-2 1.06516E-2 4.18273E-3 1.85156E-3 1.13269E-3 1.4975E-3 2.43052E-3 6.94894E-4 2.96426E-5 1.61303E-9 7.93668E-5 5.52408E-6 2.89529E-5
-9999 -9999 -9999 -9999 -9999 -9999 -9999 -9999 -9999 -9999 4.71E-1 4.83132E-1 5.09816E-1 5.70529E-1 6.07726E-1 6.23338E-1 6.19102E-1 6.10205E-1 6.10917E-1 6.39965E-1 6.37439E-1 6.23986E-1 6.37857E-1 6.39037E-1 6.3891E-1 6.28231E-1 6.24632E-1 6.16245E-1 6.1412E-1 -9999 6.03256E-1 -9999 4.45787E-1 -9999 9.74437E-2 9.27228E-2 6.01643E-2 2.05721E-2 1.41586E-2 1.66564E-2 5.13488E-2 1.68066E-1 3.29865E-1 4.41878E-1 5.15194E-1 5.23643E-1 4.96415E-1 5.13711E-1 4.44553E-1 3.84164E-1 3.73392E-1 3.85927E-1 3.5232E-1 2.95185E-1 1.9869E-1 1.05064E-1 3.62876E-2 6.81621E-3 2.30407E-3 1.11629E-3 1.0118E-3 1.44893E-3 2.61977E-3 1.43464E-2 5.25675E-3 6.49938E-5 1.36909E-6 7.22757E-8 8.74958E-6 6.91589E-4
-9999 -9999 -9999 -9999 -9999 -9999 -9999 -9999 -9999 -9999 -9999 5.05267E-1 5.29546E-1 5.90254E-1 6.19888E-1 6.22367E-1 6.18834E-1 6.2123E-1 6.24115E-1 6.37143E-1 6.39401E-1 6.32779E-1 6.40535E-1 6.34721E-1 6.36594E-1 6.34357E-1 6.26343E-1 6.16602E-1 6.13958E-1 6.1412E-1 -9999 5.69285E-1 4.61368E-1 3.07614E-1 9.68247E-2 5.31472E-2 3.84556E-2 2.56114E-2 2.67993E-2 2.92056E-2 7.25909E-2 1.71941E-1 3.88312E-1 4.95612E-1 5.7589E-1 5.94997E-1 5.88217E-1 5.7734E-1 5.10309E-1 4.5201E-1 4.14295E-1 3.54842E-1 3.18407E-1 2.74313E-1 1.65736E-1 8.91274E-2 2.27942E-2 1.4732E-3 1.9745E-4 1.93231E-4 5.76538E-4 1.59533E-3 5.92817E-3 1.13701E-2 1.58493E-2 1.78588E-3 5.4723E-4 4.39189E-4 3.87257E-4 3.6423E-3
-9999 -9999 -9999 -9999 -9999 -9999 -9999 -9999 -9999 -9999 -9999 -9999 5.79147E-1 6.17382E-1 6.22582E-1 6.11416E-1 6.16111E-1 6.32161E-1 6.33575E-1 6.39037E-1 6.4338E-1 6.42966E-1 6.38488E-1 6.30315E-1 6.34082E-1 6.30664E-1 6.19419E-1 6.13554E-1 6.15045E-1 -9999 -9999 -9999 4.59983E-1 3.51216E-1 1.40992E-1 5.02865E-2 2.69329E-2 2.56114E-2 2.87914E-2 3.51021E-2 1.02684E-1 2.61001E-1 2.78057E-1 3.46602E-1 5.79873E-1 5.94445E-1 6.08948E-1 5.89194E-1 5.37199E-1 4.9785E-1 4.44535E-1 3.15021E-1 2.25757E-1 1.83219E-1 1.22734E-1 5.66971E-2 8.90046E-3 4.56593E-4 5.63433E-5 1.06463E-4 1.05773E-3 8.13626E-3 1.23289E-2 4.90463E-3 2.78494E-3 7.35826E-3 7.93099E-3 1.08216E-2 6.16051E-3 9.35611E-3
-9999 -9999 -9999 -9999 -9999 -9999 -9999 -9999 -9999 -9999 -9999 -9999 -9999 6.31451E-1 5.7114E-1 5.80512E-1 5.81599E-1 6.02822E-1 6.11833E-1 6.27465E-1 6.40822E-1 6.38171E-1 6.30845E-1 6.33401E-1 6.40638E-1 6.3453E-1 6.28551E-1 6.26769E-1 6.26063E-1 -9999 -9999 5.79701E-1 4.81157E-1 3.38511E-1 1.45739E-1 2.64486E-2 4.17136E-3 3.0258E-3 5.47345E-3 1.55483E-2 5.16182E-2 2.1838E-1 4.15565E-1 5.1497E-1 5.33126E-1 5.33126E-1 5.42797E-1 5.12966E-1 4.65967E-1 5.13445E-1 4.32192E-1 3.34117E-1 2.16297E-1 1.69639E-1 1.26964E-1 4.21645E-2 4.19161E-3 2.24414E-4 1.53481E-4 2.80995E-4 1.6966E-3 1.88109E-2 4.54476E-2 3.17733E-2 3.30138E-2 4.22476E-2 3.44894E-2 3.98029E-2 3.97544E-2 3.27069E-2
-9999 -9999 -9999 -9999 -9999 -9999 -9999 -9999 -9999 -9999 -9999 -9999 -9999 -9999 5.90122E-1 5.683E-1 5.56911E-1 5.17179E-1 4.46158E-1 4.9174E-1 6.03539E-1 6.29782E-1 6.28173E-1 6.39238E-1 6.45395E-1 6.44616E-1 6.43421E-1 6.40026E-1 6.32224E-1 6.21321E-1 -9999 -9999 -9999 2.57943E-1 5.88707E-2 5.19519E-3 5.95698E-4 4.75368E-4 2.48539E-3 2.77749E-2 1.82484E-1 4.56698E-1 5.84598E-1 6.1833E-1 6.1995E-1 5.46584E-1 5.00918E-1 4.26654E-1 3.26112E-1 3.67682E-1 2.64859E-1 2.04923E-1 1.59341E-1 1.6146E-1 1.20314E-1 4.76944E-2 9.65784E-3 1.4732E-3 2.55877E-4 1.25793E-5 1.15412E-5 8.89673E-4 3.24039E-2 1.12474E-1 8.85192E-2 9.47924E-2 8.9293E-2 6.24953E-2 5.06036E-2 5.47345E-2
-9999 -9999 -9999 -9999 -9999 -9999 -9999 -9999 -9999 -9999 -9999 -9999 -9999 -9999 -9999 5.44845E-1 5.06252E-1 4.36905E-1 3.32854E-1 4.23482E-1 5.83749E-1 6.19837E-1 6.15163E-1 6.31149E-1 6.42427E-1 6.45755E-1 6.42849E-1 6.34893E-1 6.18404E-1 -9999 -9999 -9999 2.98489E-1 8.42892E-2 4.6406E-3 1.34984E-4 1.83757E-5 3.77245E-5 1.20266E-3 2.89157E-2 2.61294E-1 5.74641E-1 6.17554E-1 6.15452E-1 6.18883E-1 5.98658E-1 5.48519E-1 4.89503E-1 4.16054E-1 2.49336E-1 1.37393E-1 2.23088E-1 2.02552E-1 2.63317E-1 2.37738E-1 1.47875E-1 4.95102E-2 5.34088E-3 2.74842E-4 2.35858E-6 2.29504E-5 8.28332E-3 1.26024E-1 1.8416E-1 2.14276E-1 1.48503E-1 1.03593E-1 7.41612E-2 5.98453E-2 7.58244E-2
-9999 -9999 -9999 -9999 -9999 -9999 -9999 -9999 -9999 -9999 -9999 -9999 -9999 -9999 -9999 -9999 4.69241E-1 4.10529E-1 4.0807E-1 4.71337E-1 5.44921E-1 5.74752E-1 5.97421E-1 6.09844E-1 6.27673E-1 6.33484E-1 6.16708E-1 5.99273E-1 5.71084E-1 -9999 -9999 -9999 4.41851E-2 1.57667E-3 5.37344E-5 1.36706E-6 2.17624E-7 2.43832E-6 2.46209E-4 1.37026E-2 3.04313E-1 6.01657E-1 6.42951E-1 6.27879E-1 6.19027E-1 5.87633E-1 5.69015E-1 5.09669E-1 4.69336E-1 4.30764E-1 4.33514E-1 4.46483E-1 4.72484E-1 4.50889E-1 3.56949E-1 1.14001E-1 4.72956E-2 1.05149E-2 3.3203E-3 1.80995E-2 2.35273E-1 3.80004E-1 3.84298E-1 3.44286E-1 2.53801E-1 1.33096E-1 8.41943E-2 5.99513E-2 4.98882E-2 5.02264E-2
-9999 -9999 -9999 -9999 -9999 -9999 -9999 -9999 -9999 -9999 -9999 -9999 -9999 -9999 -9999 -9999 -9999 4.78975E-1 5.17502E-1 5.40846E-1 5.47174E-1 5.98817E-1 6.04514E-1 6.08332E-1 6.31047E-1 6.45337E-1 6.24123E-1 -9999 -9999 -9999 -9999 -9999 -9999 1.87061E-5 9.81199E-7 3.44044E-8 1.01536E-9 1.55395E-8 1.66537E-5 1.66004E-2 4.08473E-1 6.12104E-1 6.17148E-1 6.35117E-1 6.32835E-1 6.13265E-1 5.97443E-1 5.53598E-1 5.00326E-1 4.98557E-1 5.41307E-1 5.48141E-1 5.81667E-1 5.15386E-1 3.95809E-1 4.38793E-1 4.87194E-1 4.83027E-1 4.89E-1 5.23161E-1 5.18162E-1 4.81191E-1 4.43744E-1 3.2836E-1 2.22294E-1 1.05838E-1 6.05218E-2 3.78832E-2 3.47497E-2 2.72151E-2
-9999 -9999 -9999 -9999 -9999 -9999 -9999 -9999 -9999 -9999 -9999 -9999 -9999 -9999 -9999 -9999 -9999 -9999 5.97883E-1 5.86012E-1 5.60755E-1 6.06127E-1 6.33427E-1 6.33401E-1 6.41468E-1 -9999 -9999 -9999 -9999 -9999 -9999 -9999 -9999 3.89102E-8 1.09164E-10 1.26995E-11 4.49008E-13 1.93043E-11 7.5224E-7 2.75915E-2 4.89844E-1 5.9909E-1 5.97656E-1 6.31309E-1 6.35723E-1 6.19505E-1 5.95153E-1 5.44221E-1 4.75641E-1 4.27865E-1 4.62451E-1 5.02732E-1 5.65865E-1 5.79007E-1 5.7468E-1 5.82404E-1 5.93608E-1 5.79007E-1 5.70079E-1 5.70865E-1 5.3011E-1 4.77667E-1 3.94331E-1 2.81895E-1 2.06678E-1 1.09984E-1 7.2465E-2 5.6658E-2 3.41273E-2 1.80226E-2
-9999 -9999 -9999 -9999 -9999 -9999 -9999 -9999 -9999 -9999 -9999 -9999 -9999 -9999 -9999 -9999 -9999 -9999 -9999 -9999 4.89983E-1 5.61713E-1 -9999 -9999 -9999 -9999 -9999 -9999 -9999 -9999 -9999 -9999 -9999 -9999 5.15726E-15 1.95473E-17 4.16323E-18 1.00702E-13 3.95825E-7 1.9409E-2 4.06188E-1 5.67634E-1 5.70582E-1 6.10507E-1 6.45739E-1 6.14418E-1 5.39542E-1 4.53482E-1 3.77572E-1 3.76353E-1 4.04695E-1 4.39808E-1 5.15184E-1 5.79389E-1 5.90749E-1 5.90096E-1 5.95373E-1 5.65774E-1 5.32465E-1 5.12431E-1 4.5751E-1 4.15597E-1 3.83698E-1 3.31129E-1 1.8922E-1 1.03144E-1 7.27952E-2 6.01643E-2 2.99502E-2 1.11057E-2
-9999 -9999 -9999 -9999 -9999 -9999 -9999 -9999 -9999 -9999 -9999 -9999 -9999 -9999 -9999 -9999 -9999 -9999 -9999 -9999 -9999 -9999 -9999 -9999 -9999 -9999 -9999 -9999 -9999 -9999 -9999 -9999 -9999 1.09845E-14 4.19739E-18 1.28467E-21 3.56947E-19 4.28928E-12 6.17137E-5 1.00577E-1 5.39211E-1 5.71311E-1 5.82598E-1 6.20116E-1 6.45256E-1 5.92082E-1 4.98196E-1 4.01383E-1 3.5096E-1 3.52899E-1 3.88113E-1 4.20391E-1 4.41219E-1 4.91449E-1 5.70425E-1 5.96265E-1 5.5863E-1 4.89599E-1 4.28211E-1 3.92094E-1 3.24419E-1 3.12591E-1 3.17652E-1 2.88964E-1 1.53631E-1 8.13565E-2 5.79742E-2 4.03196E-2 1.69245E-2 4.99911E-3
-9999 -9999 -9999 -9999 -9999 -9999 -9999 -9999 -9999 -9999 -9999 -9999 -9999 -9999 -9999 -9999 -9999 -9999 -9999 -9999 -9999 -9999 -9999 -9999 -9999 -9999 -9999 -9999 -9999 -9999 -9999 -9999 -9999 2.02304E-15 4.07804E-20 2.78565E-23 9.13518E-19 3.31693E-9 2.57758E-3 1.77589E-1 4.99692E-1 5.73624E-1 5.83946E-1 6.18109E-1 6.46418E-1 5.63132E-1 4.46194E-1 3.47523E-1 3.10124E-1 3.19921E-1 3.77392E-1 4.105E-1 3.45798E-1 3.61179E-1 3.95274E-1 4.45712E-1 4.48135E-1 3.45362E-1 2.81895E-1 2.29843E-1 2.06792E-1 2.10768E-1 2.08569E-1 1.71118E-1 6.22395E-2 3.32914E-2 2.51295E-2 1.94122E-2 8.9885E-3 2.82057E-3
-9999 -9999 -9999 -9999 -9999 -9999 -9999 -9999 -9999 -9999 -9999 -9999 -9999 -9999 -9999 -9999 -9999 -9999 -9999 -9999 -9999 -9999 -9999 -9999 -9999 -9999 -9999 -9999 -9999 -9999 -9999 -9999 3.03587E-11 1.50733E-15 3.07022E-22 7.24988E-26 6.84766E-19 3.72116E-8 2.78127E-2 4.50891E-1 5.57436E-1 5.7261E-1 5.79608E-1 5.99233E-1 6.30671E-1 4.87274E-1 3.62362E-1 2.99159E-1 3.21891E-1 3.89242E-1 4.64003E-1 4.85117E-1 4.41852E-1 3.76712E-1 3.51652E-1 2.88875E-1 2.23904E-1 1.83411E-1 1.07359E-1 8.91851E-2 1.18168E-1 1.52671E-1 1.47525E-1 1.14622E-1 5.07694E-2 2.30855E-2 1.10169E-2 6.62581E-3 4.91796E-3 2.3078E-3
-9999 -9999 -9999 -9999 -9999 -9999 -9999 -9999 -9999 -9999 -9999 -9999 -9999 -9999 -9999 -9999 -9999 -9999 -9999 -9999 -9999 -9999 -9999 -9999 -9999 -9999 -9999 -9999 -9999 -9999 -9999 -9999 1.44142E-13 6.58455E-19 1.99165E-28 3.45306E-30 3.49895E-22 4.02445E-9 4.97389E-2 5.54156E-1 5.89381E-1 5.69639E-1 5.78384E-1 5.98874E-1 6.14838E-1 5.12565E-1 3.43E-1 3.09829E-1 3.65398E-1 4.34536E-1 5.0466E-1 5.42797E-1 5.36292E-1 4.77242E-1 3.6794E-1 3.1419E-1 2.67359E-1 1.58189E-1 4.69645E-2 3.54386E-2 6.58189E-2 1.01533E-1 1.18016E-1 8.42892E-2 4.88522E-2 2.32847E-2 8.62197E-3 3.79113E-3 2.85487E-3 2.87808E-3
-9999 -9999 -9999 -9999 -9999 -9999 -9999 -9999 -9999 -9999 -9999 -9999 -9999 -9999 -9999 -9999 -9999 -9999 -9999 -9999 -9999 -9999 -9999 -9999 -9999 -9999 -9999 -9999 -9999 -9999 -9999 -9999 6.11064E-15 4.00299E-23 4.32859E-34 1.54077E-40 1.05926E-30 2.30292E-15 1.20866E-3 4.61472E-1 5.81052E-1 5.5412E-1 5.66489E-1 5.98503E-1 6.29782E-1 5.76619E-1 4.36657E-1 4.16234E-1 4.61231E-1 5.0306E-1 5.3754E-1 5.66854E-1 5.5642E-1 4.8254E-1 4.13879E-1 3.37579E-1 2.65023E-1 1.50214E-1 5.86858E-2 3.61866E-2 4.70084E-2 1.16651E-1 9.53797E-2 6.56627E-2 4.09291E-2 2.21673E-2 9.82189E-3 4.73142E-3 3.1565E-3 3.65768E-3
-9999 -9999 -9999 -9999 -9999 -9999 -9999 -9999 -9999 -9999 -9999 -9999 -9999 -9999 -9999 -9999 -9999 -9999 -9999 -9999 -9999 -9999 -9999 -9999 -9999 -9999 -9999 -9999 -9999 -9999 -9999 -9999 1.24517E-18 8.96161E-27 4.61995E-39 1.68436E-42 6.05361E-43 2.19567E-33 4.84234E-9 4.45013E-2 5.48266E-1 5.34507E-1 5.45524E-1 5.91248E-1 6.32096E-1 6.26362E-1 5.77403E-1 5.6052E-1 5.48369E-1 5.40698E-1 5.35629E-1 5.36511E-1 5.34099E-1 4.68195E-1 3.91749E-1 3.19384E-1 2.41197E-1 1.30184E-1 6.67143E-2 3.59759E-2 3.15985E-2 3.79724E-2 4.9325E-2 4.07289E-2 2.44074E-2 1.68433E-2 1.44588E-2 9.84311E-3 6.43715E-3 4.90363E-3
-9999 -9999 -9999 -9999 -9999 -9999 -9999 -9999 -9999 -9999 -9999 -9999 -9999 -9999 -9999 -9999 -9999 -9999 -9999 -9999 -9999 -9999 -9999 -9999 -9999 -9999 -9999 -9999 -9999 -9999 -9999 -9999 2.0102E-18 7.1344E-29 5.3642E-40 1.4013E-45 4.86672E-40 7.17663E-28 9.13596E-10 3.51476E-2 5.73434E-1 5.34507E-1 5.42357E-1 5.80848E-1 6.18109E-1 6.41718E-1 6.45256E-1 6.15073E-1 5.75091E-1 5.44643E-1 5.06816E-1 4.88615E-1 4.68773E-1 4.38793E-1 3.71652E-1 2.8569E-1 1.93214E-1 1.17659E-1 6.34767E-2 4.09302E-2 2.89952E-2 2.22221E-2 1.70193E-2 2.42663E-2 2.73134E-2 2.2737E-2 1.66108E-2 1.01427E-2 3.27639E-3 2.54731E-3
-9999 -9999 -9999 -9999 -9999 -9999 -9999 -9999 -9999 -9999 -9999 -9999 -9999 -9999 -9999 -9999 -9999 -9999 -9999 -9999 -9999 -9999 -9999 -9999 -9999 -9999 -9999 -9999 -9999 -9999 -9999 -9999 -9999 9.35001E-31 2.67222E-38 8.37976E-43 3.11954E-34 2.61102E-22 2.36525E-9 8.31622E-3 4.78774E-1 5.46413E-1 5.44423E-1 5.74402E-1 6.07717E-1 6.18905E-1 6.42197E-1 6.22778E-1 5.80925E-1 5.50735E-1 5.15194E-1 4.82225E-1 4.36833E-1 3.75833E-1 3.22645E-1 2.55833E-1 1.93838E-1 1.56752E-1 1.00306E-1 6.20567E-2 3.51982E-2 2.29839E-2 2.34909E-2 2.61309E-2 3.03944E-2 3.00799E-2 2.43104E-2 1.21651E-2 4.40005E-3 4.05358E-3
-9999 -9999 -9999 -9999 -9999 -9999 -9999 -9999 -9999 -9999 -9999 -9999 -9999 -9999 -9999 -9999 -9999 -9999 -9999 -9999 -9999 -9999 -9999 -9999 -9999 -9999 -9999 -9999 -9999 -9999 -9999 -9999 -9999 3.25041E-32 2.49843E-35 1.47557E-42 1.77812E-36 3.48332E-23 2.08753E-7 1.36025E-1 5.07366E-1 5.38406E-1 5.54705E-1 5.76596E-1 5.98705E-1 6.15988E-1 6.42756E-1 6.11916E-1 5.76155E-1 5.49036E-1 5.1091E-1 4.73045E-1 4.14701E-1 3.51729E-1 3.01498E-1 2.36392E-1 2.01193E-1 2.17411E-1 1.45578E-1 9.42375E-2 6.02474E-2 3.36154E-2 3.01537E-2 3.30907E-2 3.94442E-2 4.7094E-2 4.18045E-2 3.11479E-2 1.83002E-2 1.61995E-2
