KUENM/Final_Models/M_0.1_F_lq_Set_2_E/sp1_se_asia_median.asc
ncols         320
nrows         243
xllcorner     44.0
yllcorner     -0.666666666666667
cellsize      0.166666666666667
NODATA_value  -9999
[rows 93 to 123 of 243, columns 140 to 209 of 320]
2.28174E-1 2.35398E-1 2.43786E-1 2.50649E-1 2.61891E-1 2.74921E-1 2.92853E-1 3.06016E-1 3.0964E-1 3.13642E-1 3.17274E-1 3.20906E-1 3.2454E-1 3.30217E-1 3.3748E-1 3.50236E-1 3.62858E-1 3.84186E-1 4.11854E-1 4.45382E-1 4.8331E-1 4.9733E-1 5.25661E-1 5.54569E-1 5.85833E-1 6.10089E-1 6.19353E-1 6.3417E-1 6.50768E-1 6.61497E-1 6.56598E-1 5.88636E-1 4.05439E-1 4.0068E-1 4.83231E-1 3.57054E-1 3.3439E-1 4.72635E-1 6.26637E-1 6.52947E-1 6.45047E-1 5.70755E-1 5.40143E-1 4.67273E-1 3.95839E-1 3.66516E-1 3.98728E-1 4.33915E-1 4.77798E-1 4.9E-1 5.00605E-1 4.56729E-1 3.8696E-1 3.54581E-1 3.7396E-1 3.7312E-1 3.06984E-1 2.37858E-1 2.61347E-1 2.81322E-1 2.95313E-1 3.15466E-1 3.0023E-1 2.80874E-1 2.04477E-1 9.52145E-2 4.81797E-2 2.92855E-2 2.76409E-2 3.28357E-2
2.35225E-1 2.46839E-1 2.53863E-1 2.65864E-1 2.80653E-1 3.01214E-1 3.24744E-1 3.45361E-1 3.65728E-1 3.7288E-1 3.71095E-1 3.64338E-1 3.64338E-1 3.64578E-1 3.59184E-1 3.6106E-1 3.73607E-1 3.93002E-1 4.23783E-1 4.59863E-1 4.8856E-1 5.19019E-1 5.48209E-1 5.79335E-1 6.07484E-1 6.317E-1 6.37049E-1 6.41771E-1 6.55294E-1 6.61931E-1 6.59226E-1 6.26115E-1 5.20307E-1 4.90688E-1 4.83251E-1 3.51072E-1 4.78273E-1 5.97596E-1 6.47299E-1 6.54992E-1 6.57421E-1 6.27096E-1 6.22307E-1 5.24632E-1 3.66516E-1 3.52626E-1 3.95349E-1 4.23546E-1 4.71064E-1 5.10788E-1 4.85123E-1 4.1935E-1 3.90511E-1 3.90277E-1 4.00334E-1 3.86898E-1 2.74904E-1 2.39223E-1 2.79343E-1 3.50085E-1 3.80741E-1 3.41086E-1 2.90126E-1 2.17646E-1 1.39933E-1 5.78036E-2 3.18688E-2 2.1797E-2 2.42066E-2 2.08527E-2
-9999 2.60434E-1 2.72453E-1 2.88321E-1 3.03046E-1 3.29325E-1 3.59053E-1 3.92767E-1 4.21092E-1 4.30105E-1 4.19993E-1 4.06705E-1 3.94519E-1 3.87732E-1 3.85308E-1 3.68738E-1 3.71821E-1 4.10486E-1 4.44015E-1 4.78505E-1 5.17934E-1 5.42925E-1 5.74958E-1 5.98957E-1 6.21596E-1 6.39349E-1 6.48669E-1 6.5199E-1 6.6103E-1 6.60883E-1 6.61497E-1 6.50175E-1 5.88889E-1 4.92008E-1 4.41462E-1 4.32474E-1 4.9E-1 5.98263E-1 6.57497E-1 6.50797E-1 6.61038E-1 6.57212E-1 6.14142E-1 4.99142E-1 3.69183E-1 3.52974E-1 3.87488E-1 4.19174E-1 4.68093E-1 4.85559E-1 3.9704E-1 3.59084E-1 3.86194E-1 4.04536E-1 3.92073E-1 3.65744E-1 2.78652E-1 2.317E-1 2.64855E-1 3.56689E-1 3.7969E-1 3.18411E-1 1.86629E-1 8.6431E-2 5.42009E-2 2.79456E-2 1.67565E-2 1.60151E-2 1.76154E-2 2.02285E-2
-9999 -9999 -9999 -9999 3.31929E-1 3.57117E-1 3.86589E-1 -9999 4.7115E-1 4.80627E-1 4.66706E-1 4.44975E-1 4.10156E-1 3.73288E-1 3.40875E-1 3.32034E-1 3.64655E-1 4.13832E-1 4.52136E-1 4.9633E-1 5.34376E-1 5.60772E-1 5.89165E-1 6.09272E-1 6.22224E-1 6.317E-1 6.38796E-1 6.5314E-1 6.64181E-1 6.64416E-1 6.64714E-1 6.55813E-1 6.19826E-1 5.26743E-1 4.6371E-1 5.06833E-1 5.17292E-1 5.42338E-1 6.25337E-1 6.591E-1 6.57119E-1 6.22863E-1 5.19339E-1 4.76867E-1 3.53647E-1 3.42653E-1 4.06729E-1 4.49778E-1 4.41086E-1 4.43495E-1 3.99045E-1 3.77757E-1 3.90476E-1 3.81954E-1 3.51847E-1 2.9762E-1 2.48249E-1 1.98967E-1 1.9334E-1 2.96997E-1 3.39577E-1 2.47596E-1 1.11532E-1 4.15282E-2 2.52069E-2 1.47683E-2 9.87637E-3 1.03801E-2 1.1667E-2 1.7344E-2
-9999 -9999 -9999 -9999 -9999 -9999 4.18272E-1 4.59391E-1 4.8648E-1 5.04417E-1 5.05289E-1 4.89459E-1 4.35103E-1 3.46309E-1 2.63514E-1 2.99359E-1 3.71821E-1 4.32538E-1 4.89288E-1 5.34893E-1 5.67926E-1 5.87445E-1 6.01623E-1 6.15546E-1 6.27736E-1 6.35269E-1 6.42021E-1 6.54649E-1 6.64108E-1 6.66569E-1 6.59431E-1 6.47741E-1 6.30157E-1 5.85892E-1 5.30636E-1 5.30636E-1 5.42406E-1 5.76203E-1 6.29845E-1 6.46781E-1 6.3471E-1 5.46659E-1 3.42152E-1 3.44188E-1 2.98807E-1 2.95042E-1 3.99671E-1 4.20294E-1 3.99671E-1 4.03767E-1 3.81166E-1 3.9704E-1 3.66051E-1 3.15982E-1 2.78357E-1 2.52731E-1 2.07061E-1 1.37388E-1 1.33159E-1 2.07294E-1 2.77809E-1 1.55114E-1 5.28102E-2 2.33936E-2 1.38836E-2 8.49338E-3 6.27043E-3 5.92338E-3 8.67685E-3 1.50348E-2
-9999 -9999 -9999 -9999 -9999 -9999 -9999 4.67162E-1 4.95417E-1 5.16043E-1 5.33049E-1 5.30318E-1 4.88037E-1 4.0666E-1 3.5314E-1 3.7288E-1 4.18969E-1 4.77263E-1 5.32055E-1 5.69756E-1 5.86585E-1 5.97999E-1 6.10901E-1 6.22935E-1 6.34074E-1 6.42451E-1 6.50429E-1 6.59303E-1 6.67413E-1 6.5806E-1 6.38059E-1 6.29812E-1 6.31375E-1 6.19075E-1 5.81208E-1 5.69516E-1 5.71229E-1 5.72289E-1 5.89301E-1 6.15887E-1 6.23459E-1 5.35079E-1 3.51701E-1 3.26498E-1 2.70298E-1 2.62362E-1 3.20179E-1 3.46594E-1 3.69183E-1 3.81166E-1 3.69872E-1 3.69872E-1 3.07797E-1 2.20987E-1 1.94656E-1 1.96297E-1 1.61707E-1 8.24515E-2 5.63408E-2 8.23799E-2 1.16005E-1 7.17802E-2 3.32597E-2 1.72538E-2 1.16451E-2 7.58977E-3 6.50677E-3 5.1755E-3 7.84223E-3 1.20307E-2
-9999 -9999 -9999 -9999 -9999 -9999 -9999 -9999 4.98268E-1 5.18696E-1 5.40959E-1 5.40808E-1 5.17746E-1 4.87932E-1 4.82292E-1 4.77622E-1 4.83517E-1 5.1741E-1 5.4846E-1 5.73833E-1 5.913E-1 6.0678E-1 6.21596E-1 6.30345E-1 6.41934E-1 6.49072E-1 6.52347E-1 6.60814E-1 6.65227E-1 6.47901E-1 6.12342E-1 6.00487E-1 6.21056E-1 6.12312E-1 5.69851E-1 5.50513E-1 5.67349E-1 5.59895E-1 5.14738E-1 4.86004E-1 5.3621E-1 4.86885E-1 2.8007E-1 2.6671E-1 3.18226E-1 3.06587E-1 2.9509E-1 3.08899E-1 3.73808E-1 3.83596E-1 3.76367E-1 3.34653E-1 2.4032E-1 1.44996E-1 1.41711E-1 1.55564E-1 1.24833E-1 4.62941E-2 1.12455E-2 2.33238E-2 3.83891E-2 3.52313E-2 2.1797E-2 1.40778E-2 8.7617E-3 1.02985E-2 2.22023E-2 1.97479E-2 1.64613E-2 1.78353E-2
-9999 -9999 -9999 -9999 -9999 -9999 -9999 -9999 -9999 5.20013E-1 5.36115E-1 5.40682E-1 5.3591E-1 5.24848E-1 5.19117E-1 5.08054E-1 5.0671E-1 5.27941E-1 -9999 5.82123E-1 6.07357E-1 6.22968E-1 6.33501E-1 6.39294E-1 6.47383E-1 6.49588E-1 6.4097E-1 6.59998E-1 6.58897E-1 6.38191E-1 6.17258E-1 5.88875E-1 5.91337E-1 5.78777E-1 5.34581E-1 5.04906E-1 5.16105E-1 4.90539E-1 4.22763E-1 4.01397E-1 4.3065E-1 4.08695E-1 3.27213E-1 3.37917E-1 3.47203E-1 3.44913E-1 3.39359E-1 3.42653E-1 4.09245E-1 3.9969E-1 3.27066E-1 2.36834E-1 1.39888E-1 8.59498E-2 1.01559E-1 1.36147E-1 1.29723E-1 6.14832E-2 1.7097E-2 1.32783E-2 1.81693E-2 1.75601E-2 8.91058E-3 8.6783E-3 7.38015E-3 9.93958E-3 1.9212E-2 2.6908E-2 3.30644E-2 3.65149E-2
-9999 -9999 -9999 -9999 -9999 -9999 -9999 -9999 -9999 -9999 -9999 5.37776E-1 5.38035E-1 5.34318E-1 5.29305E-1 5.20954E-1 -9999 -9999 5.67926E-1 5.95618E-1 6.2656E-1 6.41434E-1 6.47253E-1 6.47253E-1 6.48576E-1 6.47587E-1 6.44492E-1 6.61495E-1 6.53674E-1 6.04044E-1 6.08092E-1 5.98312E-1 5.5142E-1 5.22485E-1 5.42017E-1 5.18728E-1 4.93383E-1 4.47031E-1 3.83772E-1 3.95883E-1 4.36384E-1 4.90794E-1 5.0106E-1 4.89299E-1 4.10563E-1 3.43088E-1 3.44842E-1 3.57046E-1 4.15812E-1 3.95963E-1 2.8749E-1 1.82856E-1 1.03536E-1 7.67992E-2 8.406E-2 1.02771E-1 1.1213E-1 7.94663E-2 4.43423E-2 2.60378E-2 1.75601E-2 8.21065E-3 4.85376E-3 5.67642E-3 4.61252E-3 5.48897E-3 1.11218E-2 2.31688E-2 4.13831E-2 4.93893E-2
-9999 -9999 -9999 -9999 -9999 -9999 -9999 -9999 -9999 -9999 -9999 -9999 -9999 -9999 -9999 -9999 -9999 -9999 5.81967E-1 6.01388E-1 6.38745E-1 6.53244E-1 6.54023E-1 6.51904E-1 6.47917E-1 6.39903E-1 6.4934E-1 6.65253E-1 6.51781E-1 5.84758E-1 6.03348E-1 5.79677E-1 4.7926E-1 4.2761E-1 5.29068E-1 5.38013E-1 4.79976E-1 3.95441E-1 2.88208E-1 2.96586E-1 4.09216E-1 5.11912E-1 5.36435E-1 5.37653E-1 4.29993E-1 3.58591E-1 3.37084E-1 3.35371E-1 3.69103E-1 3.55243E-1 2.57886E-1 1.72673E-1 1.1921E-1 8.21179E-2 8.94646E-2 1.2596E-1 1.64966E-1 1.37755E-1 9.15284E-2 6.69793E-2 4.00135E-2 1.89811E-2 1.16883E-2 6.10565E-3 2.83433E-3 2.27069E-3 5.64825E-3 1.24691E-2 2.14412E-2 2.53937E-2
-9999 -9999 -9999 -9999 -9999 -9999 -9999 -9999 -9999 -9999 -9999 -9999 -9999 -9999 -9999 -9999 -9999 6.12925E-1 6.17811E-1 6.11558E-1 6.50779E-1 6.6119E-1 6.60509E-1 6.57301E-1 6.50015E-1 6.43972E-1 6.5332E-1 6.64724E-1 6.58501E-1 6.41437E-1 6.26677E-1 5.77904E-1 4.7051E-1 4.18665E-1 5.02053E-1 4.98917E-1 4.22779E-1 2.91461E-1 1.70296E-1 1.78274E-1 2.9762E-1 4.04111E-1 4.79732E-1 5.0136E-1 4.56484E-1 3.97766E-1 3.55354E-1 3.27503E-1 3.0146E-1 2.75508E-1 2.15782E-1 1.70862E-1 2.04442E-1 2.12669E-1 1.91748E-1 2.14541E-1 1.79821E-1 1.36395E-1 8.8109E-2 5.56662E-2 3.04397E-2 1.91408E-2 1.02784E-2 6.27958E-3 2.0749E-3 7.64491E-4 4.64623E-4 5.61343E-3 1.36535E-2 3.70343E-3
-9999 -9999 -9999 -9999 -9999 -9999 -9999 -9999 -9999 -9999 -9999 -9999 -9999 -9999 6.18463E-1 6.2468E-1 6.26563E-1 6.29216E-1 6.31474E-1 6.45225E-1 6.62454E-1 6.59526E-1 6.58863E-1 6.5805E-1 6.54162E-1 6.50768E-1 6.54071E-1 6.64612E-1 6.66122E-1 6.59271E-1 6.45053E-1 6.00506E-1 5.26008E-1 4.82726E-1 4.598E-1 4.24569E-1 3.00796E-1 1.4945E-1 8.53534E-2 1.06021E-1 2.0841E-1 3.70344E-1 4.80299E-1 5.31982E-1 5.54192E-1 5.41862E-1 5.18619E-1 4.51863E-1 3.25061E-1 2.5591E-1 1.9988E-1 3.5848E-1 4.37527E-1 4.14904E-1 3.37982E-1 2.34474E-1 1.65662E-1 9.87281E-2 5.86434E-2 2.91325E-2 1.55915E-2 1.05765E-2 1.31323E-2 1.90973E-2 7.21629E-3 5.92052E-4 1.91535E-7 1.30262E-3 1.25226E-4 4.09544E-4
-9999 -9999 -9999 -9999 -9999 -9999 -9999 -9999 -9999 -9999 5.36212E-1 5.4535E-1 5.66092E-1 6.1154E-1 6.3971E-1 6.49453E-1 6.47461E-1 6.40403E-1 6.38869E-1 6.56326E-1 6.54974E-1 6.47928E-1 6.52629E-1 6.55071E-1 6.56676E-1 6.57436E-1 6.60672E-1 6.63017E-1 6.65537E-1 -9999 6.55097E-1 -9999 5.55153E-1 -9999 2.55425E-1 2.48111E-1 1.90234E-1 9.52047E-2 7.36768E-2 8.28585E-2 1.7498E-1 3.47948E-1 4.93518E-1 5.64598E-1 6.02737E-1 6.06489E-1 5.93027E-1 6.01447E-1 5.65227E-1 5.28657E-1 5.21172E-1 5.29091E-1 5.07464E-1 4.67423E-1 3.83559E-1 2.70216E-1 1.38993E-1 4.2393E-2 1.86038E-2 1.05296E-2 9.6926E-3 1.28105E-2 2.01698E-2 7.14678E-2 3.42147E-2 1.07494E-3 4.46685E-5 3.61924E-6 1.78931E-4 5.67976E-3
-9999 -9999 -9999 -9999 -9999 -9999 -9999 -9999 -9999 -9999 -9999 5.62895E-1 5.81421E-1 6.28105E-1 6.4558E-1 6.42226E-1 6.39855E-1 6.45814E-1 6.49958E-1 6.56054E-1 6.54062E-1 6.51343E-1 6.54884E-1 6.53896E-1 6.54619E-1 6.59255E-1 6.62033E-1 6.60332E-1 6.6122E-1 6.65537E-1 -9999 6.21027E-1 5.63147E-1 4.7099E-1 2.51958E-1 1.75066E-1 1.42446E-1 1.09013E-1 1.13082E-1 1.21121E-1 2.15187E-1 3.4673E-1 5.31245E-1 5.935E-1 6.28296E-1 6.35796E-1 6.29481E-1 6.26727E-1 5.99088E-1 5.67604E-1 5.45704E-1 5.0982E-1 4.8425E-1 4.51554E-1 3.48089E-1 2.45589E-1 1.01791E-1 1.3217E-2 2.69094E-3 2.62288E-3 6.25393E-3 1.29198E-2 3.50509E-2 5.74521E-2 7.51945E-2 1.35388E-2 5.11992E-3 4.33494E-3 3.75711E-3 2.20043E-2
-9999 -9999 -9999 -9999 -9999 -9999 -9999 -9999 -9999 -9999 -9999 -9999 6.18855E-1 6.46319E-1 6.41686E-1 6.38241E-1 6.40784E-1 6.48238E-1 6.51596E-1 6.55071E-1 6.5634E-1 6.56549E-1 6.55748E-1 6.51903E-1 6.53054E-1 6.56289E-1 6.56548E-1 6.5794E-1 6.62074E-1 -9999 -9999 -9999 5.5929E-1 4.95479E-1 3.08708E-1 1.67948E-1 1.11929E-1 1.09013E-1 1.1982E-1 1.35017E-1 2.62878E-1 4.36864E-1 4.4319E-1 4.9152E-1 6.30005E-1 6.33471E-1 6.43545E-1 6.37127E-1 6.14142E-1 5.94261E-1 5.6405E-1 4.83204E-1 4.08695E-1 3.66348E-1 2.94576E-1 1.86366E-1 5.18086E-2 5.23279E-3 9.7793E-4 1.63067E-3 1.00418E-2 4.53267E-2 5.71309E-2 2.84758E-2 1.78348E-2 3.94278E-2 4.0405E-2 5.30093E-2 3.42304E-2 4.70124E-2
-9999 -9999 -9999 -9999 -9999 -9999 -9999 -9999 -9999 -9999 -9999 -9999 -9999 6.49534E-1 6.16003E-1 6.26112E-1 6.2655E-1 6.39364E-1 6.40352E-1 6.48199E-1 6.54564E-1 6.56587E-1 6.52049E-1 6.5386E-1 6.56668E-1 6.56278E-1 6.57691E-1 6.62373E-1 6.64843E-1 -9999 -9999 6.31864E-1 5.66606E-1 4.84142E-1 3.12354E-1 1.1138E-1 2.97079E-2 2.29978E-2 3.54286E-2 7.3346E-2 1.65398E-1 3.92357E-1 5.39058E-1 5.98388E-1 6.01704E-1 6.01704E-1 6.10183E-1 5.9653E-1 5.71419E-1 6.02987E-1 5.59058E-1 4.97104E-1 3.97784E-1 3.50577E-1 3.00298E-1 1.5345E-1 2.93526E-2 2.96248E-3 2.19617E-3 3.54769E-3 1.44636E-2 8.14917E-2 1.42459E-1 1.1351E-1 1.20792E-1 1.49854E-1 1.24836E-1 1.37768E-1 1.44306E-1 1.26589E-1
-9999 -9999 -9999 -9999 -9999 -9999 -9999 -9999 -9999 -9999 -9999 -9999 -9999 -9999 6.35781E-1 6.25798E-1 6.19709E-1 5.97187E-1 5.60591E-1 5.79925E-1 6.37919E-1 6.49474E-1 6.50519E-1 6.56178E-1 6.58826E-1 6.58449E-1 6.60393E-1 6.60333E-1 6.5267E-1 6.56585E-1 -9999 -9999 -9999 4.27263E-1 1.84031E-1 3.59233E-2 6.62279E-3 5.47108E-3 1.95126E-2 1.14336E-1 3.66729E-1 5.68679E-1 6.28865E-1 6.53393E-1 6.467E-1 6.14022E-1 5.90686E-1 5.45461E-1 4.78609E-1 5.06221E-1 4.26614E-1 3.70903E-1 3.2859E-1 3.3965E-1 2.90386E-1 1.65662E-1 5.47933E-2 1.3217E-2 3.29343E-3 2.91575E-4 2.77227E-4 7.21385E-3 1.17148E-1 2.67752E-1 2.31124E-1 2.33538E-1 2.36245E-1 1.93021E-1 1.70124E-1 1.79821E-1
-9999 -9999 -9999 -9999 -9999 -9999 -9999 -9999 -9999 -9999 -9999 -9999 -9999 -9999 -9999 6.1301E-1 5.91974E-1 5.55375E-1 4.87099E-1 5.44593E-1 6.27408E-1 6.43888E-1 6.45476E-1 6.52214E-1 6.57358E-1 6.59144E-1 6.55793E-1 6.55033E-1 6.47096E-1 -9999 -9999 -9999 4.65392E-1 2.32142E-1 3.28655E-2 2.07092E-3 4.0708E-4 7.153E-4 1.14817E-2 1.19594E-1 4.38723E-1 6.25653E-1 6.58728E-1 6.65653E-1 6.59731E-1 6.36923E-1 6.19909E-1 5.88816E-1 5.43251E-1 4.19614E-1 3.06946E-1 3.87945E-1 3.76267E-1 4.43043E-1 4.20431E-1 3.26975E-1 1.70296E-1 3.48494E-2 3.47052E-3 7.60924E-5 4.87218E-4 4.59094E-2 2.86196E-1 3.55425E-1 3.94955E-1 3.2597E-1 2.65576E-1 2.16272E-1 1.89279E-1 2.22451E-1
-9999 -9999 -9999 -9999 -9999 -9999 -9999 -9999 -9999 -9999 -9999 -9999 -9999 -9999 -9999 -9999 5.71998E-1 5.36476E-1 5.34643E-1 5.66438E-1 6.01385E-1 6.14638E-1 6.26665E-1 6.40769E-1 6.50558E-1 6.49381E-1 6.43379E-1 6.42149E-1 6.29736E-1 -9999 -9999 -9999 1.58235E-1 1.4401E-2 9.94848E-4 5.02591E-5 1.10217E-5 7.97841E-5 3.34468E-3 7.17623E-2 4.72414E-1 6.37263E-1 6.59988E-1 6.6326E-1 6.65365E-1 6.36163E-1 6.21056E-1 5.95048E-1 5.77915E-1 5.56466E-1 5.5932E-1 5.66321E-1 5.78249E-1 5.654E-1 5.11207E-1 2.77526E-1 1.61253E-1 5.7068E-2 2.42066E-2 8.44771E-2 4.18486E-1 5.26043E-1 5.29344E-1 5.02794E-1 4.34653E-1 3.07492E-1 2.3419E-1 1.89062E-1 1.68574E-1 1.71875E-1
-9999 -9999 -9999 -9999 -9999 -9999 -9999 -9999 -9999 -9999 -9999 -9999 -9999 -9999 -9999 -9999 -9999 5.7656E-1 5.91977E-1 5.98845E-1 6.02811E-1 6.29219E-1 6.30527E-1 6.41643E-1 6.52375E-1 6.58863E-1 6.49713E-1 -9999 -9999 -9999 -9999 -9999 -9999 4.19228E-4 3.80586E-5 2.39696E-6 1.26181E-7 1.21441E-6 3.69254E-4 7.96107E-2 5.30044E-1 6.3399E-1 6.45313E-1 6.56751E-1 6.6425E-1 6.55472E-1 6.42588E-1 6.09395E-1 5.88042E-1 5.87203E-1 6.04044E-1 6.09743E-1 6.25797E-1 6.02304E-1 5.36536E-1 5.61389E-1 5.86223E-1 5.82387E-1 5.87191E-1 6.0124E-1 5.98963E-1 5.81494E-1 5.62154E-1 4.90456E-1 4.04824E-1 2.71339E-1 1.911E-1 1.40525E-1 1.33701E-1 1.14967E-1
-9999 -9999 -9999 -9999 -9999 -9999 -9999 -9999 -9999 -9999 -9999 -9999 -9999 -9999 -9999 -9999 -9999 -9999 6.32714E-1 6.24903E-1 6.1769E-1 6.35568E-1 6.51583E-1 6.5386E-1 6.56987E-1 -9999 -9999 -9999 -9999 -9999 -9999 -9999 -9999 2.62573E-6 1.95903E-8 3.19401E-9 1.88447E-10 4.42895E-9 2.92088E-5 1.02631E-1 5.69223E-1 6.34214E-1 6.32598E-1 6.51395E-1 6.63511E-1 6.54801E-1 6.33607E-1 6.1298E-1 5.78777E-1 5.52959E-1 5.71898E-1 5.91806E-1 6.17258E-1 6.31134E-1 6.26613E-1 6.34715E-1 6.46804E-1 6.31134E-1 6.21846E-1 6.22658E-1 5.99049E-1 5.74284E-1 5.31925E-1 4.56626E-1 3.87529E-1 2.73957E-1 2.16446E-1 1.86217E-1 1.34494E-1 8.71703E-2
-9999 -9999 -9999 -9999 -9999 -9999 -9999 -9999 -9999 -9999 -9999 -9999 -9999 -9999 -9999 -9999 -9999 -9999 -9999 -9999 5.83917E-1 6.18795E-1 -9999 -9999 -9999 -9999 -9999 -9999 -9999 -9999 -9999 -9999 -9999 -9999 4.30621E-12 3.78735E-14 1.03044E-14 5.20385E-11 1.73453E-5 9.05484E-2 5.21541E-1 6.11554E-1 6.15662E-1 6.41641E-1 6.59155E-1 6.47311E-1 6.1438E-1 5.67685E-1 5.21419E-1 5.21512E-1 5.38281E-1 5.59895E-1 6.00044E-1 6.23935E-1 6.35372E-1 6.34676E-1 6.44518E-1 6.14964E-1 5.97211E-1 5.88017E-1 5.61186E-1 5.39099E-1 5.23368E-1 4.87627E-1 3.66789E-1 2.59875E-1 2.13759E-1 1.90234E-1 1.2173E-1 6.18169E-2
-9999 -9999 -9999 -9999 -9999 -9999 -9999 -9999 -9999 -9999 -9999 -9999 -9999 -9999 -9999 -9999 -9999 -9999 -9999 -9999 -9999 -9999 -9999 -9999 -9999 -9999 -9999 -9999 -9999 -9999 -9999 -9999 -9999 8.11245E-12 1.06362E-14 1.2815E-17 1.27256E-15 1.24703E-9 1.01192E-3 2.59508E-1 5.97612E-1 6.16225E-1 6.22575E-1 6.46016E-1 6.58802E-1 6.39254E-1 5.92776E-1 5.37117E-1 5.04989E-1 5.09662E-1 5.32725E-1 5.52192E-1 5.63774E-1 5.91659E-1 6.29777E-1 6.36055E-1 6.14229E-1 5.82915E-1 5.5142E-1 5.28623E-1 4.85993E-1 4.76663E-1 4.7926E-1 4.55071E-1 3.23835E-1 2.2431E-1 1.83621E-1 1.45857E-1 8.23066E-2 3.49349E-2
-9999 -9999 -9999 -9999 -9999 -9999 -9999 -9999 -9999 -9999 -9999 -9999 -9999 -9999 -9999 -9999 -9999 -9999 -9999 -9999 -9999 -9999 -9999 -9999 -9999 -9999 -9999 -9999 -9999 -9999 -9999 -9999 -9999 1.91767E-12 2.27368E-16 5.21337E-19 2.72548E-15 3.34601E-7 1.67024E-2 3.54429E-1 5.76751E-1 6.14069E-1 6.24892E-1 6.44757E-1 6.57003E-1 6.2651E-1 5.66634E-1 4.95056E-1 4.67642E-1 4.75823E-1 5.15827E-1 5.38917E-1 4.91183E-1 5.06883E-1 5.32738E-1 5.66767E-1 5.65411E-1 5.02065E-1 4.56626E-1 4.13216E-1 3.91211E-1 3.93772E-1 3.89387E-1 3.49049E-1 1.96073E-1 1.31207E-1 1.08329E-1 8.97436E-2 5.24695E-2 2.2668E-2
-9999 -9999 -9999 -9999 -9999 -9999 -9999 -9999 -9999 -9999 -9999 -9999 -9999 -9999 -9999 -9999 -9999 -9999 -9999 -9999 -9999 -9999 -9999 -9999 -9999 -9999 -9999 -9999 -9999 -9999 -9999 -9999 6.51723E-9 1.4828E-12 3.88922E-18 4.13253E-21 2.10251E-15 2.50341E-6 1.09654E-1 5.49116E-1 6.06772E-1 6.13624E-1 6.20781E-1 6.35608E-1 6.47113E-1 5.75392E-1 5.04024E-1 4.59257E-1 4.77225E-1 5.22628E-1 5.69216E-1 5.8268E-1 5.60454E-1 5.18931E-1 5.03337E-1 4.58541E-1 4.04964E-1 3.65593E-1 2.71165E-1 2.43772E-1 2.89042E-1 3.31447E-1 3.23189E-1 2.77837E-1 1.71113E-1 1.02913E-1 6.19517E-2 4.2898E-2 3.42818E-2 1.95628E-2
-9999 -9999 -9999 -9999 -9999 -9999 -9999 -9999 -9999 -9999 -9999 -9999 -9999 -9999 -9999 -9999 -9999 -9999 -9999 -9999 -9999 -9999 -9999 -9999 -9999 -9999 -9999 -9999 -9999 -9999 -9999 -9999 7.06045E-11 2.1931E-15 3.56688E-23 1.31992E-24 3.90952E-18 4.05189E-7 1.66084E-1 6.06772E-1 6.28144E-1 6.14553E-1 6.20968E-1 6.353E-1 6.37516E-1 5.94445E-1 4.9431E-1 4.68004E-1 5.07376E-1 5.50901E-1 5.91201E-1 6.10183E-1 6.10209E-1 5.82387E-1 5.14213E-1 4.78772E-1 4.43144E-1 3.36654E-1 1.62539E-1 1.35083E-1 2.03193E-1 2.64625E-1 2.85215E-1 2.32142E-1 1.64901E-1 1.01523E-1 5.16861E-2 2.82172E-2 2.2611E-2 2.30202E-2
-9999 -9999 -9999 -9999 -9999 -9999 -9999 -9999 -9999 -9999 -9999 -9999 -9999 -9999 -9999 -9999 -9999 -9999 -9999 -9999 -9999 -9999 -9999 -9999 -9999 -9999 -9999 -9999 -9999 -9999 -9999 -9999 4.85046E-12 7.14549E-19 9.45468E-28 5.51069E-33 4.62512E-25 2.29411E-12 1.01174E-2 5.56289E-1 6.20993E-1 6.03176E-1 6.11475E-1 6.33988E-1 6.49474E-1 6.26705E-1 5.56344E-1 5.40004E-1 5.65518E-1 5.9042E-1 6.09322E-1 6.23305E-1 6.20556E-1 5.85186E-1 5.47664E-1 4.96706E-1 4.40228E-1 3.27213E-1 1.87941E-1 1.3778E-1 1.64118E-1 2.83333E-1 2.51083E-1 1.98323E-1 1.47274E-1 9.82085E-2 5.63037E-2 3.3332E-2 2.44116E-2 2.76269E-2
-9999 -9999 -9999 -9999 -9999 -9999 -9999 -9999 -9999 -9999 -9999 -9999 -9999 -9999 -9999 -9999 -9999 -9999 -9999 -9999 -9999 -9999 -9999 -9999 -9999 -9999 -9999 -9999 -9999 -9999 -9999 -9999 3.74182E-15 7.89373E-22 9.24056E-32 1.51619E-34 6.27346E-35 3.06212E-27 4.64754E-7 1.61104E-1 6.02923E-1 5.88432E-1 5.96455E-1 6.26291E-1 6.53043E-1 6.48266E-1 6.29063E-1 6.22284E-1 6.12577E-1 6.12193E-1 6.13972E-1 6.14143E-1 6.12626E-1 5.79229E-1 5.33982E-1 4.85903E-1 4.23828E-1 3.03684E-1 2.04905E-1 1.37703E-1 1.2671E-1 1.44376E-1 1.68029E-1 1.4873E-1 1.07779E-1 8.31096E-2 7.43208E-2 5.59594E-2 4.13238E-2 3.44493E-2
-9999 -9999 -9999 -9999 -9999 -9999 -9999 -9999 -9999 -9999 -9999 -9999 -9999 -9999 -9999 -9999 -9999 -9999 -9999 -9999 -9999 -9999 -9999 -9999 -9999 -9999 -9999 -9999 -9999 -9999 -9999 -9999 5.64823E-15 1.58343E-23 1.62631E-32 4.77682E-37 1.4764E-32 9.36395E-23 1.25209E-7 1.36709E-1 6.13905E-1 5.88432E-1 5.94088E-1 6.20307E-1 6.44757E-1 6.57088E-1 6.58802E-1 6.45363E-1 6.3142E-1 6.183E-1 5.99618E-1 5.89823E-1 5.79168E-1 5.61389E-1 5.20737E-1 4.61652E-1 3.77971E-1 2.88208E-1 1.98023E-1 1.50492E-1 1.20027E-1 1.00439E-1 8.33399E-2 1.07211E-1 1.16169E-1 1.02506E-1 8.15705E-2 5.77483E-2 2.42756E-2 1.99751E-2
-9999 -9999 -9999 -9999 -9999 -9999 -9999 -9999 -9999 -9999 -9999 -9999 -9999 -9999 -9999 -9999 -9999 -9999 -9999 -9999 -9999 -9999 -9999 -9999 -9999 -9999 -9999 -9999 -9999 -9999 -9999 -9999 -9999 4.77335E-25 3.82804E-31 8.80718E-35 7.45653E-28 3.48515E-18 2.58681E-7 4.96111E-2 5.64071E-1 6.00382E-1 5.95811E-1 6.17273E-1 6.37564E-1 6.44666E-1 6.57273E-1 6.47578E-1 6.34453E-1 6.20652E-1 6.02737E-1 5.84918E-1 5.60262E-1 5.23403E-1 4.87235E-1 4.3641E-1 3.78164E-1 3.37004E-1 2.62773E-1 1.97377E-1 1.36203E-1 1.01973E-1 1.0484E-1 1.1229E-1 1.23916E-1 1.21718E-1 1.05609E-1 6.52929E-2 3.05528E-2 2.83796E-2
-9999 -9999 -9999 -9999 -9999 -9999 -9999 -9999 -9999 -9999 -9999 -9999 -9999 -9999 -9999 -9999 -9999 -9999 -9999 -9999 -9999 -9999 -9999 -9999 -9999 -9999 -9999 -9999 -9999 -9999 -9999 -9999 -9999 3.16698E-26 9.70441E-29 1.39526E-34 1.14418E-29 6.18116E-19 1.05202E-5 3.06287E-1 5.7863E-1 5.96056E-1 6.0417E-1 6.19615E-1 6.35246E-1 6.46415E-1 6.56594E-1 6.41238E-1 6.28583E-1 6.20379E-1 6.01395E-1 5.80532E-1 5.46659E-1 5.06317E-1 4.72079E-1 4.19539E-1 3.85636E-1 4.00972E-1 3.23644E-1 2.52295E-1 1.92872E-1 1.32082E-1 1.22774E-1 1.31748E-1 1.47439E-1 1.65514E-1 1.52051E-1 1.26197E-1 8.79152E-2 7.98149E-2
