KUENM/Final_Models/M_0.1_F_lq_Set_2_E/sp1_2_se_asia.asc
ncols         320
nrows         243
xllcorner     44.0
yllcorner     -0.666666666666667
cellsize      0.166666666666667
NODATA_value  -9999
[rows 31 to 61 of 243, columns 140 to 209 of 320]
6.39449E-12 9.91817E-13 2.20939E-12 3.01214E-13 8.13548E-12 9.09306E-11 6.10832E-12 5.70029E-12 7.93894E-11 4.72368E-8 1.16022E-4 3.97792E-4 1.94728E-4 3.18356E-3 1.98547E-2 3.40825E-2 7.53636E-2 9.12689E-2 8.45192E-2 1.13976E-1 1.0655E-1 9.44808E-2 2.76219E-2 1.69457E-1 2.12926E-1 9.8887E-2 1.46568E-1 1.95131E-1 1.7496E-1 1.97164E-2 2.42013E-2 5.36296E-3 6.12953E-3 9.17319E-5 3.21303E-4 1.6711E-4 7.90671E-5 5.51725E-7 1.65265E-7 9.43484E-6 2.29244E-6 6.16042E-5 7.85279E-6 6.18702E-9 1.93642E-9 1.4358E-9 2.12222E-10 1.62402E-12 2.66065E-15 1.04575E-14 1.57967E-14 5.79238E-13 9.02326E-11 2.76748E-12 1.76494E-11 6.33839E-12 1.29272E-17 7.56189E-19 1.00666E-18 1.74969E-17 9.39639E-13 2.82375E-10 1.15728E-17 3.63692E-22 1.65604E-21 1.40921E-18 -9999 -9999 -9999 -9999
9.6657E-11 2.93092E-10 2.36043E-9 2.84159E-9 3.54668E-10 3.79382E-10 1.95817E-10 1.04133E-8 8.8209E-7 1.83072E-6 4.95517E-5 8.47463E-5 3.23726E-5 5.7213E-5 1.54912E-3 7.69926E-3 4.44271E-2 8.65934E-2 9.47213E-2 1.18279E-1 1.51793E-1 1.58425E-1 1.4219E-1 2.05081E-1 2.31048E-1 2.59054E-1 3.75353E-1 3.99109E-1 3.67505E-1 1.95442E-1 9.13335E-2 5.41102E-2 1.32839E-2 1.17362E-3 1.88443E-4 3.45668E-5 1.30532E-4 3.21219E-4 5.19048E-4 8.93226E-7 2.47102E-5 1.85983E-3 3.1998E-4 3.67339E-4 2.9369E-7 3.4109E-11 3.88334E-12 6.43627E-13 8.63981E-15 1.07347E-13 5.79004E-13 5.07236E-13 1.46484E-12 2.82428E-12 1.9814E-12 1.09092E-11 2.75054E-11 2.99551E-15 6.54491E-18 2.05747E-19 1.40921E-18 4.76974E-18 1.38497E-12 3.83914E-18 7.83175E-21 1.00962E-16 7.54037E-21 2.10435E-21 1.78195E-20 -9999
9.54617E-10 4.81513E-11 3.8791E-11 1.207E-9 3.39742E-9 2.9055E-8 1.60464E-8 3.10353E-8 2.27179E-7 2.28208E-6 5.6807E-5 1.9924E-5 1.16566E-7 1.69661E-7 1.17945E-4 1.44072E-3 2.65544E-2 7.25232E-2 1.0986E-1 1.27965E-1 1.54512E-1 1.89925E-1 2.17785E-1 2.3707E-1 2.93732E-1 3.82896E-1 4.26518E-1 4.43268E-1 4.47491E-1 4.39062E-1 3.54765E-1 1.66677E-1 2.15825E-2 2.00156E-2 7.89595E-4 2.61623E-4 2.02634E-4 4.88762E-3 1.75958E-4 1.39969E-6 5.30635E-8 1.27585E-4 2.51789E-3 3.54025E-3 2.42255E-4 2.16225E-6 1.42186E-9 7.17319E-11 1.20114E-12 1.63228E-14 2.65073E-16 3.41686E-13 1.20436E-14 3.8058E-15 3.33514E-15 2.84418E-14 3.81651E-13 6.87021E-12 1.04261E-11 8.55895E-11 6.75731E-14 1.25969E-15 1.79846E-16 2.95825E-15 1.5758E-15 1.11802E-16 4.47241E-19 8.50865E-20 5.14198E-18 3.22628E-19
1.22053E-10 7.90258E-11 7.40166E-11 1.24198E-9 6.15792E-9 5.20846E-9 8.64976E-8 8.05865E-7 4.56111E-6 1.77169E-5 6.00746E-5 9.11141E-6 3.10577E-9 9.61208E-8 7.29222E-8 5.51503E-10 1.50922E-7 1.87526E-4 4.33219E-3 3.33899E-2 9.48724E-2 8.88729E-2 1.10968E-1 1.52569E-1 3.28704E-1 3.66173E-1 4.26442E-1 4.54731E-1 4.58981E-1 4.47203E-1 4.57415E-1 4.43727E-1 2.43131E-1 2.13338E-1 5.72734E-3 1.14698E-3 1.02035E-4 1.85012E-2 2.10718E-3 1.56685E-4 1.35837E-4 1.0826E-6 3.09061E-5 1.82456E-3 2.97239E-3 2.82344E-4 3.35484E-8 5.23838E-10 8.61129E-12 7.28533E-13 6.91869E-16 1.38083E-13 1.10074E-17 1.21414E-16 4.31714E-17 1.93178E-17 5.08025E-18 1.91952E-14 1.99456E-15 5.15281E-12 3.09173E-12 3.49972E-9 3.6935E-13 1.70273E-18 3.87857E-15 7.1709E-16 2.92105E-17 1.46683E-19 -9999 -9999
5.74341E-11 2.57757E-11 1.44376E-11 4.07755E-10 4.69201E-10 1.3772E-9 3.33895E-8 3.00747E-7 2.4296E-6 3.3933E-5 3.12394E-5 1.1806E-6 1.52312E-8 9.55635E-7 2.1384E-5 3.44609E-4 9.94626E-4 1.13879E-5 4.54037E-7 6.54715E-6 7.40997E-4 1.79917E-2 9.01707E-2 1.90229E-1 3.51562E-1 3.80886E-1 3.99374E-1 3.44764E-1 3.60585E-1 4.45781E-1 4.71671E-1 4.43731E-1 3.09841E-1 2.05883E-1 1.50154E-2 8.61052E-3 3.44281E-3 5.40721E-2 2.44265E-2 5.45322E-4 2.0449E-4 1.58324E-6 2.44225E-10 4.52982E-6 5.34733E-4 3.32704E-3 5.10428E-4 4.01332E-6 4.12145E-11 8.58123E-11 1.35061E-13 1.58347E-15 4.79967E-16 5.86324E-17 5.39972E-17 1.34455E-16 1.72899E-15 3.23005E-14 1.46044E-12 7.78556E-12 5.94568E-15 3.69197E-15 4.66315E-10 9.56678E-17 2.98994E-18 1.67814E-16 1.63734E-16 7.92397E-15 2.35376E-20 -9999
1.4782E-10 3.99783E-12 1.05608E-10 3.5298E-10 4.77035E-10 1.05283E-7 8.11742E-7 5.29376E-7 2.05086E-7 2.79891E-6 5.48213E-7 3.35315E-7 2.19803E-6 3.72549E-6 3.23643E-4 1.41836E-3 1.29554E-2 3.55081E-2 1.33987E-2 1.24018E-3 3.03685E-3 6.01451E-3 5.61307E-2 1.38979E-1 2.33531E-1 3.45045E-1 2.32402E-1 3.15302E-1 4.22653E-1 4.30381E-1 4.51077E-1 4.38673E-1 3.71224E-1 1.63597E-1 6.09197E-2 5.79996E-2 5.15485E-2 8.83714E-2 2.43311E-2 6.93277E-2 6.03922E-2 2.26496E-3 7.29821E-9 7.17647E-10 8.46587E-6 7.08462E-4 4.5171E-3 9.7075E-4 4.0918E-8 1.88825E-9 2.52828E-10 5.31264E-12 2.93559E-16 6.05323E-18 1.25896E-15 6.15362E-16 5.61242E-15 7.05374E-13 3.00085E-17 1.13666E-14 3.26356E-16 3.89053E-18 4.09106E-13 4.13834E-13 3.58247E-18 3.92654E-20 5.10265E-18 1.16418E-16 8.75934E-15 -9999
8.00258E-11 1.92679E-12 4.35587E-10 7.79494E-10 7.93543E-9 2.0908E-7 5.59887E-6 2.50114E-6 1.02606E-6 1.34788E-6 7.2255E-6 1.06663E-5 1.08513E-6 5.26551E-7 4.34102E-4 1.765E-2 4.14022E-2 9.46247E-2 6.61232E-2 2.36881E-2 5.76993E-2 8.48455E-2 2.34578E-1 3.42739E-1 4.33929E-1 3.94642E-1 3.84533E-1 4.56548E-1 4.50006E-1 4.18753E-1 4.17794E-1 4.21515E-1 3.83259E-1 2.5886E-1 1.63717E-1 1.41902E-1 1.05443E-1 1.13239E-1 1.34433E-1 1.63335E-1 1.16059E-1 1.74811E-2 1.64494E-5 8.68842E-11 6.15889E-9 4.50433E-6 5.43414E-5 8.02436E-5 2.35003E-7 2.39374E-9 1.63174E-7 1.43097E-10 9.49729E-14 2.19874E-15 1.33154E-16 1.78649E-16 4.24322E-14 1.09324E-12 1.19151E-14 6.3237E-17 3.12806E-15 6.09553E-18 5.05324E-16 2.195E-17 1.4616E-14 3.16946E-19 1.03843E-20 6.60098E-17 1.85094E-14 -9999
5.64079E-10 4.5091E-11 2.45402E-10 1.1883E-10 3.89428E-8 2.77985E-6 1.89095E-5 2.50069E-5 1.08745E-5 3.75443E-5 3.61274E-5 6.88872E-7 2.9558E-5 5.96645E-5 5.57176E-3 4.24068E-2 9.52784E-2 1.02158E-1 1.56598E-1 1.95403E-1 2.21565E-1 2.31602E-1 3.06713E-1 4.26518E-1 4.9276E-1 4.87307E-1 4.7128E-1 4.76427E-1 4.6255E-1 4.41269E-1 4.47249E-1 4.31273E-1 4.20218E-1 4.04807E-1 3.1472E-1 2.71906E-1 2.35762E-1 1.6855E-1 1.11806E-1 1.39267E-1 1.42027E-1 8.44511E-2 1.48826E-2 3.58525E-6 2.82983E-5 3.93783E-7 1.06564E-7 5.82063E-6 1.80559E-8 6.00088E-6 9.50692E-5 1.31471E-6 2.10552E-11 3.85726E-11 3.04445E-12 4.5585E-17 5.26147E-17 5.19021E-13 5.74413E-17 2.50717E-15 2.51196E-16 2.90643E-16 8.91891E-17 2.58129E-16 2.41653E-16 7.01948E-16 1.8845E-18 3.35651E-19 1.91028E-17 -9999
4.1032E-9 3.18491E-9 5.19924E-9 2.45794E-7 4.14098E-6 1.57736E-5 2.73761E-5 1.86321E-5 3.55671E-5 3.78396E-5 3.24718E-6 3.49388E-7 3.65254E-5 1.09837E-3 1.8125E-2 4.05893E-2 5.08379E-2 1.40873E-1 2.16858E-1 2.68515E-1 2.60213E-1 3.39105E-1 3.9113E-1 4.18815E-1 4.38065E-1 4.52732E-1 4.75579E-1 4.57319E-1 4.59596E-1 4.68174E-1 4.62381E-1 4.76065E-1 4.98318E-1 4.65014E-1 4.19348E-1 4.05775E-1 3.81326E-1 2.39236E-1 1.30181E-1 1.16179E-1 2.00144E-1 1.99881E-1 1.46116E-1 3.49701E-2 1.10667E-2 6.29119E-4 8.26389E-4 4.30233E-4 4.36839E-6 1.37131E-6 6.89256E-5 2.94495E-7 2.19585E-8 1.08147E-8 2.87625E-13 1.31659E-14 2.14558E-17 5.05912E-16 8.19749E-15 6.97536E-15 1.86092E-14 4.49732E-15 2.15163E-15 1.77293E-16 8.54436E-17 1.04127E-17 1.19199E-15 5.0343E-15 3.73314E-17 9.91824E-14
7.08582E-8 4.11562E-8 2.57522E-7 2.97973E-6 1.23832E-5 1.90517E-5 6.83866E-6 4.91676E-6 2.67673E-5 1.52281E-5 1.79015E-6 5.10145E-6 2.55373E-5 2.07323E-4 2.04775E-3 3.05623E-2 1.10272E-1 2.14293E-1 2.80301E-1 3.22327E-1 3.5309E-1 3.92229E-1 4.04078E-1 3.11043E-1 3.12556E-1 4.24501E-1 4.81425E-1 4.79069E-1 4.789E-1 4.65533E-1 4.70843E-1 4.7667E-1 4.82571E-1 4.65929E-1 4.62489E-1 4.60239E-1 4.44186E-1 3.58852E-1 2.40723E-1 1.63523E-1 1.89145E-1 1.75586E-1 1.04306E-1 6.52055E-2 9.7941E-3 5.33204E-3 1.27914E-3 1.45954E-4 1.33048E-4 1.39552E-4 4.66269E-5 1.23058E-5 2.61209E-8 8.82605E-10 2.7029E-8 1.16869E-12 4.88264E-15 1.68287E-17 6.1892E-17 1.37912E-15 4.79967E-16 4.152E-15 5.03229E-16 3.1257E-17 5.31793E-19 4.17112E-17 1.39533E-19 1.14104E-15 1.29918E-12 3.16298E-15
9.69048E-8 3.07258E-7 1.8634E-6 8.06413E-6 1.52479E-5 9.30442E-6 1.06385E-5 3.60433E-5 1.17623E-5 3.5319E-6 1.36116E-5 7.00693E-5 8.03635E-4 4.21431E-3 1.87487E-2 3.6666E-2 1.51019E-1 2.54708E-1 3.07209E-1 3.34179E-1 3.61338E-1 3.93642E-1 3.81486E-1 4.3861E-1 4.62069E-1 4.66879E-1 4.66084E-1 4.59217E-1 4.53668E-1 4.34864E-1 4.35572E-1 4.36061E-1 4.31194E-1 4.58452E-1 4.87673E-1 5.19459E-1 5.1613E-1 4.74168E-1 3.97522E-1 3.10179E-1 2.40799E-1 1.75492E-1 8.05379E-2 1.79183E-2 2.23672E-3 5.76039E-4 4.28879E-5 4.89457E-5 1.09397E-5 1.49715E-7 4.18374E-7 3.47192E-7 6.09815E-7 2.65882E-7 1.95917E-8 2.08572E-11 4.16926E-14 2.94081E-14 5.4438E-17 4.86677E-17 5.46354E-16 1.77808E-14 4.57262E-16 4.15422E-17 6.04011E-17 8.39059E-16 8.24296E-18 5.33479E-17 6.61584E-16 4.3118E-13
2.15767E-6 7.16057E-6 1.60134E-5 1.61721E-5 2.45286E-5 3.02665E-5 4.83974E-5 3.32404E-5 3.07983E-6 1.81012E-5 2.37683E-5 2.93106E-4 9.63008E-5 2.43576E-4 1.07043E-4 4.78598E-3 5.89256E-2 1.86897E-1 3.02235E-1 3.28572E-1 3.53905E-1 3.76542E-1 3.89698E-1 4.20436E-1 4.40771E-1 4.49984E-1 4.17015E-1 4.42243E-1 4.2231E-1 3.90215E-1 3.70066E-1 3.54767E-1 3.56073E-1 3.88723E-1 4.38E-1 5.30312E-1 5.5989E-1 5.53997E-1 5.12599E-1 4.68901E-1 4.07346E-1 3.07451E-1 1.69822E-1 6.16478E-2 1.48833E-2 2.23588E-3 6.2204E-5 1.42272E-6 1.21856E-5 7.94321E-7 1.14108E-7 1.12026E-8 5.92529E-9 1.19246E-7 4.45638E-9 1.78896E-10 1.23125E-10 1.25659E-14 1.38529E-14 1.18061E-13 1.9223E-16 5.4438E-17 4.02204E-16 2.24548E-16 1.63105E-16 8.7687E-16 8.63555E-15 3.31721E-14 3.29968E-18 3.9177E-13
2.30719E-5 1.94136E-5 1.463E-5 3.4861E-5 4.92308E-5 5.36336E-5 5.01798E-5 2.54765E-5 5.67155E-5 2.94823E-4 8.03837E-5 2.19698E-4 2.20344E-5 2.90644E-5 5.12648E-4 1.01312E-2 5.55253E-2 9.62484E-2 2.82617E-1 3.23691E-1 3.36514E-1 3.58262E-1 3.75817E-1 3.97257E-1 4.2103E-1 4.30296E-1 4.29717E-1 3.51639E-1 3.05627E-1 2.93793E-1 3.77382E-1 4.26939E-1 4.68146E-1 4.81425E-1 5.16162E-1 5.49637E-1 5.70637E-1 5.7833E-1 5.79678E-1 5.66964E-1 5.44068E-1 4.81258E-1 3.73098E-1 3.29627E-1 1.74679E-1 5.36037E-2 6.4114E-3 1.00675E-4 1.51242E-6 1.1759E-7 1.05295E-8 5.15836E-11 3.89161E-13 6.15668E-10 2.12077E-8 1.01992E-10 1.08438E-11 4.36668E-10 6.90798E-11 8.15438E-13 1.6341E-16 4.85553E-16 6.96578E-17 1.94017E-17 3.59324E-17 2.57612E-17 4.53838E-17 2.41838E-14 5.40169E-17 1.27246E-15
4.44367E-5 7.89303E-6 2.85464E-5 5.82222E-5 6.04607E-5 3.86155E-5 3.90397E-5 4.93351E-5 1.13839E-4 9.61527E-4 6.3423E-4 1.80202E-4 3.26348E-4 2.47693E-3 6.06124E-3 4.83859E-2 1.66446E-1 2.38451E-1 2.82718E-1 3.04731E-1 3.21284E-1 3.2184E-1 3.26357E-1 3.6224E-1 3.82075E-1 3.98884E-1 4.10349E-1 4.12767E-1 3.84959E-1 4.43392E-1 4.8175E-1 4.82353E-1 4.7584E-1 4.64496E-1 4.85794E-1 5.15022E-1 5.44905E-1 5.66149E-1 5.77509E-1 5.82916E-1 5.78244E-1 5.68971E-1 5.26268E-1 5.35542E-1 4.59497E-1 2.80731E-1 1.19893E-1 3.05588E-2 2.02981E-3 2.36919E-5 7.28448E-7 1.70295E-11 1.79472E-15 2.88546E-10 8.02726E-10 4.54328E-8 5.5379E-10 1.47638E-10 1.3972E-9 1.49134E-10 1.68801E-15 6.82793E-14 5.85564E-15 2.69419E-13 3.17721E-16 6.61597E-18 3.96155E-17 -9999 -9999 5.20079E-18
2.83497E-5 6.10376E-5 5.21813E-5 3.5087E-5 2.10947E-5 2.28205E-5 2.48464E-5 1.62061E-5 5.43285E-5 5.39987E-4 4.93611E-3 3.22421E-3 8.93159E-3 3.33376E-2 4.04917E-2 9.64579E-2 1.94493E-1 2.54751E-1 2.67441E-1 2.84399E-1 2.9657E-1 3.06626E-1 3.09874E-1 3.289E-1 3.40866E-1 3.55324E-1 3.71161E-1 3.94391E-1 4.21398E-1 4.46931E-1 4.68486E-1 4.70622E-1 4.62133E-1 4.56128E-1 4.60943E-1 4.84841E-1 5.06645E-1 5.3605E-1 5.5489E-1 5.65686E-1 5.77509E-1 5.7817E-1 5.704E-1 5.6464E-1 5.41412E-1 4.66642E-1 3.55211E-1 1.85061E-1 4.84926E-2 2.92453E-3 1.84156E-5 1.18383E-8 8.94142E-17 1.73119E-19 7.84827E-10 3.63433E-8 1.13144E-8 1.12496E-10 9.52102E-10 4.04742E-8 1.02881E-12 3.48082E-14 3.61003E-17 6.0416E-14 9.80755E-12 2.12176E-14 2.1432E-16 -9999 -9999 -9999
7.21931E-5 4.49105E-5 2.26241E-5 1.62513E-5 1.87915E-5 4.56944E-5 4.43928E-5 1.10128E-4 2.69832E-4 1.43079E-4 7.93357E-3 2.24451E-2 3.85501E-2 7.27167E-2 1.27463E-1 1.44048E-1 2.2438E-1 2.44892E-1 2.56888E-1 2.65079E-1 2.78271E-1 2.82752E-1 2.84897E-1 2.90991E-1 3.00893E-1 3.12445E-1 3.27259E-1 3.48481E-1 3.78846E-1 4.09562E-1 4.42144E-1 4.55487E-1 4.5734E-1 4.38587E-1 4.33386E-1 4.50463E-1 4.66466E-1 4.93493E-1 5.23261E-1 5.48925E-1 5.73801E-1 5.77293E-1 5.72707E-1 5.70723E-1 5.57524E-1 5.34291E-1 4.68562E-1 3.35345E-1 1.65285E-1 4.29758E-2 1.07133E-3 1.56817E-6 3.76047E-10 6.91441E-18 5.53858E-22 5.68919E-16 6.67033E-10 3.38008E-8 1.84024E-8 8.35352E-8 3.08413E-9 3.86498E-14 8.77726E-17 5.67323E-14 1.60121E-11 4.05446E-11 3.73641E-12 4.74239E-10 -9999 -9999
4.93351E-5 1.21324E-4 5.87645E-5 4.64874E-5 6.3495E-5 9.86162E-5 2.09167E-4 3.02125E-4 8.05231E-4 6.4145E-4 3.07358E-3 3.15051E-2 6.40476E-2 6.86718E-2 9.54602E-2 5.26415E-2 2.04971E-1 2.30643E-1 2.43977E-1 2.53763E-1 2.60159E-1 2.56888E-1 2.56888E-1 2.58522E-1 2.59828E-1 2.73313E-1 2.88215E-1 3.02543E-1 3.33816E-1 3.72536E-1 4.01891E-1 4.17183E-1 4.20034E-1 4.07612E-1 4.10165E-1 4.12986E-1 4.36151E-1 4.62069E-1 4.98838E-1 5.40001E-1 5.71879E-1 5.81286E-1 5.78351E-1 5.70723E-1 5.53435E-1 5.39651E-1 5.04006E-1 4.32257E-1 3.06528E-1 1.60739E-1 1.21378E-2 3.61632E-5 4.01736E-9 4.28783E-10 1.60282E-15 4.97483E-14 3.81596E-11 1.4134E-9 1.01338E-8 2.79059E-8 1.29904E-8 6.53042E-12 5.99369E-14 7.01205E-15 1.05261E-12 7.11162E-14 2.33317E-14 2.48007E-9 -9999 -9999
4.47203E-4 1.28844E-4 1.74179E-4 1.66836E-4 2.46089E-4 2.74888E-4 4.52779E-4 7.45524E-4 1.59237E-3 1.52289E-3 4.89682E-3 6.41181E-3 5.14331E-2 6.38678E-2 3.71038E-2 1.80001E-2 1.84206E-1 2.23998E-1 2.27901E-1 2.37509E-1 2.37509E-1 2.34269E-1 2.13817E-1 2.16923E-1 2.24754E-1 2.39071E-1 2.48751E-1 2.65079E-1 2.95941E-1 3.289E-1 3.61691E-1 3.83477E-1 3.86125E-1 3.8009E-1 3.75036E-1 3.9507E-1 4.12527E-1 4.40174E-1 4.78895E-1 5.25047E-1 5.65474E-1 5.86157E-1 5.7816E-1 5.6407E-1 5.42407E-1 5.23288E-1 5.16042E-1 4.81727E-1 4.07933E-1 3.16813E-1 1.05514E-1 6.38909E-4 1.28818E-8 2.12403E-8 2.49216E-7 4.69951E-9 2.21094E-9 3.46001E-7 7.56996E-8 3.15259E-7 1.89684E-8 9.68259E-10 1.07198E-12 1.37756E-12 2.48087E-13 2.71172E-12 2.63515E-9 1.47392E-8 -9999 -9999
3.855E-4 2.79825E-4 3.259E-4 4.21184E-4 4.48842E-4 5.50075E-4 7.84117E-4 1.16467E-3 2.63175E-3 3.11672E-3 3.83074E-3 1.02247E-2 3.14596E-2 4.99304E-2 6.72312E-3 4.76689E-3 1.3687E-1 2.08783E-1 2.21383E-1 2.21062E-1 2.1508E-1 2.08843E-1 1.93874E-1 1.93874E-1 2.0142E-1 2.12179E-1 2.27901E-1 2.40737E-1 2.61797E-1 2.98185E-1 3.289E-1 3.56919E-1 3.75857E-1 3.71156E-1 3.69398E-1 3.77051E-1 3.87625E-1 4.16795E-1 4.59575E-1 5.1227E-1 5.60021E-1 5.90209E-1 5.83396E-1 5.65369E-1 5.47241E-1 5.30443E-1 5.3493E-1 5.18774E-1 4.84306E-1 4.22226E-1 2.77692E-1 8.53621E-2 6.45901E-3 1.31339E-3 1.30241E-4 2.70384E-4 1.90219E-5 3.40073E-6 1.98003E-7 8.10192E-9 2.24757E-8 2.27302E-8 3.98926E-7 1.35119E-6 1.33777E-7 7.79005E-8 1.386E-7 1.02746E-12 5.61218E-15 -9999
4.08409E-4 2.43338E-4 1.92667E-4 2.77486E-4 4.43422E-4 4.80994E-4 1.06308E-3 1.49855E-3 2.03615E-3 1.53541E-3 2.79948E-3 1.69384E-2 5.06493E-2 2.52073E-2 9.29216E-3 1.48897E-2 8.54722E-2 2.04522E-1 2.11953E-1 2.05368E-1 2.03303E-1 1.98683E-1 1.87154E-1 1.84192E-1 1.87154E-1 1.92071E-1 2.02678E-1 2.1508E-1 2.39026E-1 2.63633E-1 3.03174E-1 3.47834E-1 3.74118E-1 3.91298E-1 3.89556E-1 3.78881E-1 3.71156E-1 3.95576E-1 4.35825E-1 4.84087E-1 5.34582E-1 5.66527E-1 5.72081E-1 5.70265E-1 5.60748E-1 5.60986E-1 5.59382E-1 5.50015E-1 5.2325E-1 4.88743E-1 4.41192E-1 3.28063E-1 1.26616E-1 5.56091E-2 1.3124E-2 4.50219E-3 7.95672E-4 8.97937E-6 6.44438E-7 1.99292E-6 8.55925E-6 2.5602E-5 9.44164E-7 1.6071E-9 6.84618E-10 8.4271E-9 1.78837E-12 1.29973E-12 1.08579E-14 -9999
3.13913E-4 2.7876E-4 2.5139E-4 2.98998E-4 4.70332E-4 6.65645E-4 5.01851E-4 8.05231E-4 1.17822E-3 2.29227E-3 7.61357E-3 2.82523E-2 2.52799E-2 1.20469E-2 1.28087E-2 2.53812E-2 5.62975E-2 1.93867E-1 2.04601E-1 1.99562E-1 1.98023E-1 1.88897E-1 1.82139E-1 1.79202E-1 1.71962E-1 1.7484E-1 1.78332E-1 1.87154E-1 2.06917E-1 2.39026E-1 2.83724E-1 3.43672E-1 3.9266E-1 4.17082E-1 4.0656E-1 3.80525E-1 3.63276E-1 3.77416E-1 4.12287E-1 4.46638E-1 4.90954E-1 5.16812E-1 5.34655E-1 5.46277E-1 5.55093E-1 5.57928E-1 5.6972E-1 5.76328E-1 5.6105E-1 5.44761E-1 5.52792E-1 4.99669E-1 3.72148E-1 1.51677E-1 9.21704E-2 1.55777E-2 1.39855E-3 5.68293E-5 2.65804E-4 1.6625E-4 2.9741E-6 4.32282E-7 1.89327E-6 1.23326E-6 3.95645E-7 3.02781E-10 5.00869E-13 2.07919E-14 4.19547E-15 1.56115E-14
2.14067E-4 1.03221E-4 1.76E-4 3.39276E-4 4.94223E-4 4.78211E-4 1.01254E-3 2.23483E-3 2.717E-3 2.43706E-3 1.17708E-2 2.68084E-2 1.19787E-2 1.36701E-2 1.53727E-2 5.78077E-2 8.27455E-2 1.91974E-1 1.98476E-1 1.9496E-1 1.89604E-1 1.88094E-1 1.82109E-1 1.68388E-1 1.65554E-1 1.62745E-1 1.5931E-1 1.63471E-1 1.77742E-1 2.13161E-1 2.63558E-1 3.35893E-1 4.12394E-1 4.40529E-1 4.11075E-1 3.75697E-1 3.59777E-1 3.62983E-1 3.82075E-1 4.15219E-1 4.38559E-1 4.64744E-1 4.81206E-1 5.23535E-1 5.58301E-1 5.64185E-1 5.68704E-1 5.81774E-1 5.83684E-1 5.84222E-1 5.77762E-1 5.32679E-1 4.39634E-1 3.47223E-1 2.12673E-1 8.29149E-2 5.89568E-3 4.48197E-4 1.42024E-4 1.42573E-5 2.7558E-5 7.66201E-7 3.28007E-6 1.76136E-6 1.22545E-5 9.07713E-7 1.74102E-10 1.5904E-13 9.94616E-10 1.05904E-10
2.19206E-4 3.63643E-5 2.99515E-4 1.65238E-3 4.96654E-3 4.16604E-3 2.96129E-3 4.15637E-3 8.56324E-3 1.15717E-2 2.23978E-2 1.53187E-2 1.20694E-2 1.13352E-2 3.40041E-2 5.57898E-2 5.66592E-2 1.68518E-1 1.93056E-1 1.89604E-1 1.83122E-1 1.81181E-1 1.72371E-1 1.63314E-1 1.56367E-1 1.50929E-1 1.45598E-1 1.42974E-1 1.53115E-1 1.86586E-1 2.3513E-1 3.10835E-1 4.2115E-1 4.43348E-1 3.9539E-1 3.59238E-1 3.42917E-1 3.43609E-1 3.5817E-1 3.80416E-1 3.94344E-1 4.14699E-1 4.59681E-1 5.2768E-1 5.6227E-1 5.59646E-1 5.62776E-1 5.76878E-1 5.86996E-1 5.92565E-1 5.81311E-1 5.41934E-1 5.01305E-1 4.41857E-1 3.83297E-1 2.12942E-1 4.29758E-2 4.59845E-4 2.54952E-5 1.87294E-5 1.09206E-6 1.43378E-6 1.0632E-6 8.03188E-7 1.20197E-6 1.7205E-6 2.55177E-7 5.71929E-9 7.65152E-10 5.13792E-14
3.29283E-4 4.4964E-4 2.10579E-3 1.89689E-3 3.49742E-3 9.68228E-3 9.56419E-3 1.00431E-2 1.22659E-2 1.31473E-2 1.4368E-2 1.68036E-2 2.03662E-2 2.79148E-2 5.58838E-2 7.58564E-2 3.39457E-2 1.78478E-1 1.91786E-1 1.80627E-1 1.73084E-1 1.6988E-1 1.64156E-1 1.58537E-1 1.51342E-1 1.44666E-1 1.3945E-1 1.3309E-1 1.3781E-1 1.77681E-1 2.13634E-1 2.76774E-1 3.51602E-1 3.71248E-1 3.39239E-1 3.18701E-1 3.17028E-1 3.23109E-1 3.31385E-1 3.43609E-1 3.56561E-1 3.78972E-1 4.35825E-1 5.04037E-1 5.31943E-1 5.37649E-1 5.42296E-1 5.63762E-1 5.87241E-1 5.98477E-1 5.93936E-1 5.76946E-1 5.77945E-1 5.31452E-1 4.63124E-1 3.66108E-1 1.81335E-1 7.76408E-3 2.55036E-6 2.97529E-7 1.24464E-7 8.79663E-8 2.34487E-9 1.01796E-8 2.11203E-9 2.58176E-8 1.98054E-7 3.89401E-7 1.71876E-9 3.99026E-11
5.72514E-4 8.5338E-5 4.5206E-5 3.58887E-4 1.925E-3 3.08471E-3 3.8124E-3 4.66163E-3 6.44516E-3 1.30685E-2 2.18721E-2 3.11406E-2 3.71423E-2 5.36139E-2 8.16644E-2 1.05342E-1 9.65189E-2 1.86577E-1 1.8863E-1 1.76749E-1 1.61595E-1 1.57395E-1 1.5189E-1 1.53256E-1 1.47833E-1 1.45163E-1 1.41022E-1 1.35871E-1 1.4762E-1 1.66622E-1 2.00327E-1 2.37866E-1 2.80163E-1 2.93873E-1 2.90486E-1 2.82046E-1 2.87085E-1 2.98869E-1 3.17028E-1 3.29732E-1 3.37983E-1 3.53336E-1 4.22857E-1 4.784E-1 5.0298E-1 5.15268E-1 5.17288E-1 5.39577E-1 5.80947E-1 6.03442E-1 6.00661E-1 5.99017E-1 6.0118E-1 5.90279E-1 5.40747E-1 4.73052E-1 3.21984E-1 1.05918E-1 1.23741E-3 3.12518E-8 6.67477E-12 1.23736E-11 6.81274E-13 1.97008E-13 4.78825E-13 2.69731E-11 2.50599E-9 5.90436E-8 7.04715E-8 1.04767E-8
6.16145E-4 2.41504E-4 2.57024E-5 4.11792E-5 7.53541E-4 3.55739E-3 7.19717E-3 1.04151E-2 1.84167E-2 3.4804E-2 4.40073E-2 4.79285E-2 5.17561E-2 5.57898E-2 6.73025E-2 8.12816E-2 8.55142E-2 1.78469E-1 1.90027E-1 1.6805E-1 1.5477E-1 1.47954E-1 1.46611E-1 1.46611E-1 1.47954E-1 1.50659E-1 1.46611E-1 1.41212E-1 1.48961E-1 1.61334E-1 1.84165E-1 2.06567E-1 2.33898E-1 2.46125E-1 2.44973E-1 2.42052E-1 2.48622E-1 2.70332E-1 3.00554E-1 3.32052E-1 3.43672E-1 3.52735E-1 4.09562E-1 4.7205E-1 4.99692E-1 4.96266E-1 4.70778E-1 4.91613E-1 5.5944E-1 5.97326E-1 6.07302E-1 6.07369E-1 6.07937E-1 6.01204E-1 5.79658E-1 5.32483E-1 3.52394E-1 1.80656E-1 3.86055E-2 4.16669E-4 1.20755E-7 3.36946E-10 6.50453E-10 5.00862E-13 6.13415E-17 6.27291E-14 5.44197E-10 7.13618E-8 1.20048E-7 1.39457E-6
1.87748E-3 8.12958E-3 1.10062E-2 3.69655E-3 1.73519E-3 5.16843E-3 1.59021E-2 2.66472E-2 3.2639E-2 5.31147E-2 7.62923E-2 6.91605E-2 7.06471E-2 5.84804E-2 4.75747E-2 9.23254E-2 5.58538E-2 2.00872E-1 1.90601E-1 1.5477E-1 1.40017E-1 1.41326E-1 1.40017E-1 1.41326E-1 1.50695E-1 1.54816E-1 1.52062E-1 1.49303E-1 1.49178E-1 1.56009E-1 1.6988E-1 1.87644E-1 2.02537E-1 2.12885E-1 2.16812E-1 2.20008E-1 2.27022E-1 2.50271E-1 2.83722E-1 3.12356E-1 3.22462E-1 3.42017E-1 4.07805E-1 4.7158E-1 5.02084E-1 5.04362E-1 4.59712E-1 4.7158E-1 5.44687E-1 5.80359E-1 5.96308E-1 6.09087E-1 5.96024E-1 6.07213E-1 5.66054E-1 5.14083E-1 4.25652E-1 2.97246E-1 1.54489E-1 3.98097E-2 2.18253E-4 6.0192E-6 1.50156E-7 1.51363E-9 5.85337E-11 8.77829E-14 5.72844E-11 4.55127E-7 9.10211E-5 2.86928E-5
9.9511E-3 8.72619E-2 1.26347E-1 1.60783E-1 7.32303E-2 1.16539E-2 1.76926E-2 7.18018E-2 1.03019E-1 1.12851E-1 1.14445E-1 9.55757E-2 8.77266E-2 4.18289E-2 8.12602E-2 1.30775E-1 8.3882E-2 2.14515E-1 1.8509E-1 1.49335E-1 1.36047E-1 1.38634E-1 1.38714E-1 1.37419E-1 1.46571E-1 1.52006E-1 1.49275E-1 1.41326E-1 1.43967E-1 1.43948E-1 1.57545E-1 1.70173E-1 1.88006E-1 1.92217E-1 1.96327E-1 2.01879E-1 2.18408E-1 2.40037E-1 2.73392E-1 2.95568E-1 3.04048E-1 3.31164E-1 3.90023E-1 4.58912E-1 4.89949E-1 4.99597E-1 4.87477E-1 5.2618E-1 5.49141E-1 5.6473E-1 5.77402E-1 6.01792E-1 5.90159E-1 5.81785E-1 6.10808E-1 5.78552E-1 5.18348E-1 4.26906E-1 3.06316E-1 1.67951E-1 1.37373E-2 1.63379E-3 2.34875E-3 3.96744E-4 2.77737E-7 1.5208E-6 1.66518E-8 4.6953E-7 1.34377E-7 4.71875E-7
3.25031E-2 1.41469E-1 1.96428E-1 2.1849E-1 2.18877E-1 1.04019E-1 7.25131E-2 1.04566E-1 1.2352E-1 6.86702E-2 6.80767E-2 5.97593E-2 6.53571E-2 1.29027E-1 1.30934E-1 9.08211E-2 1.83473E-1 2.24559E-1 1.89786E-1 1.60233E-1 1.47919E-1 1.39939E-1 1.37337E-1 1.36047E-1 1.39939E-1 1.38634E-1 1.36047E-1 1.34764E-1 1.32312E-1 1.38714E-1 1.47983E-1 1.61822E-1 1.70364E-1 1.81965E-1 1.86131E-1 1.90201E-1 2.08139E-1 2.32951E-1 2.59492E-1 2.78468E-1 2.90359E-1 3.10828E-1 3.53014E-1 4.08221E-1 4.51754E-1 4.72603E-1 4.81663E-1 5.12034E-1 5.32534E-1 5.25246E-1 5.37549E-1 5.60242E-1 5.76935E-1 5.9277E-1 6.10959E-1 6.09935E-1 5.8194E-1 5.10492E-1 4.03076E-1 2.59974E-1 8.93651E-2 2.34372E-2 1.85958E-2 2.96936E-2 1.04713E-2 1.02377E-4 1.88183E-9 8.97647E-9 1.16268E-6 4.87303E-8
1.3684E-1 1.5997E-1 1.71327E-1 1.68856E-1 1.89604E-1 2.0142E-1 1.50592E-1 1.12518E-1 1.04731E-1 9.74405E-2 1.05738E-1 1.20783E-1 1.74193E-1 1.75532E-1 1.88534E-1 1.3146E-1 2.56579E-1 2.30986E-1 2.08861E-1 1.8375E-1 1.60233E-1 1.41251E-1 1.33489E-1 1.30961E-1 1.27224E-1 1.30961E-1 1.29708E-1 1.27224E-1 1.25994E-1 1.30961E-1 1.41251E-1 1.53383E-1 1.67526E-1 1.7782E-1 1.85214E-1 1.91061E-1 2.06228E-1 2.2002E-1 2.32258E-1 2.48815E-1 2.56135E-1 2.79817E-1 3.158E-1 3.63337E-1 4.04155E-1 4.33619E-1 4.5884E-1 4.87087E-1 4.98405E-1 4.84506E-1 4.63027E-1 4.61637E-1 5.50747E-1 5.8776E-1 5.97756E-1 5.98401E-1 6.07284E-1 5.5554E-1 4.53989E-1 3.53574E-1 2.37083E-1 1.16827E-1 7.54778E-2 9.98888E-2 1.00962E-1 7.28887E-3 1.41664E-5 2.41184E-7 2.95921E-7 7.72931E-8
1.23708E-1 1.31447E-1 1.22435E-1 1.27416E-1 1.41278E-1 1.74854E-1 1.82412E-1 1.45828E-1 1.35651E-1 1.39275E-1 1.65006E-1 1.51349E-1 1.74549E-1 2.10198E-1 2.02664E-1 2.07869E-1 2.53853E-1 2.4879E-1 2.31843E-1 2.07215E-1 1.76224E-1 1.43896E-1 1.28284E-1 1.24589E-1 1.24771E-1 1.24771E-1 1.21148E-1 1.20963E-1 1.20963E-1 1.28284E-1 1.42408E-1 1.56014E-1 1.67402E-1 1.79216E-1 1.88423E-1 1.88256E-1 1.94411E-1 1.94138E-1 1.99948E-1 2.13597E-1 2.28145E-1 2.48031E-1 2.84453E-1 3.25829E-1 3.63493E-1 3.94927E-1 4.3126E-1 4.64183E-1 4.85861E-1 4.8058E-1 4.6278E-1 4.79245E-1 5.65959E-1 5.79584E-1 5.34559E-1 5.44659E-1 6.07131E-1 5.89625E-1 4.94869E-1 4.2217E-1 3.59886E-1 2.49655E-1 1.9711E-1 1.81335E-1 1.36585E-1 4.17925E-2 4.29887E-3 7.00276E-5 1.21239E-5 2.45992E-6
