KUENM/Final_Models/M_0.1_F_lq_Set_2_E/sp1_7_se_asia.asc
ncols         320
nrows         243
xllcorner     44.0
yllcorner     -0.666666666666667
cellsize      0.166666666666667
NODATA_value  -9999
[rows 62 to 92 of 243, columns 140 to 209 of 320]
9.66279E-2 5.63707E-2 5.1386E-2 5.41848E-2 6.27002E-2 9.16828E-2 1.37971E-1 1.89701E-1 2.0642E-1 2.19601E-1 2.35255E-1 2.49081E-1 2.68977E-1 2.81463E-1 2.90694E-1 2.75916E-1 2.08902E-1 2.00493E-1 2.1014E-1 1.80622E-1 1.29233E-1 9.07818E-2 7.73544E-2 7.44761E-2 7.48656E-2 7.67845E-2 7.39197E-2 7.44761E-2 7.73544E-2 8.18623E-2 9.35724E-2 1.0217E-1 1.17073E-1 1.28531E-1 1.35549E-1 1.36949E-1 1.31839E-1 1.22218E-1 1.2135E-1 1.4144E-1 1.6613E-1 1.93459E-1 2.27778E-1 2.68491E-1 3.12169E-1 3.50622E-1 3.93929E-1 4.42711E-1 4.84635E-1 5.08609E-1 5.2365E-1 5.4491E-1 5.98301E-1 6.25539E-1 6.12071E-1 6.1856E-1 6.54792E-1 6.58251E-1 5.4967E-1 4.42159E-1 4.49338E-1 3.23543E-1 1.99905E-1 1.54455E-1 1.60711E-1 7.61129E-2 2.94333E-2 5.11061E-3 6.2703E-4 1.57429E-5
8.38211E-2 4.6693E-2 4.29122E-2 4.60408E-2 5.00108E-2 6.34626E-2 1.31062E-1 1.8022E-1 1.99736E-1 2.13417E-1 2.25119E-1 2.39044E-1 2.45E-1 2.53657E-1 2.56303E-1 2.22307E-1 1.77362E-1 1.83987E-1 2.1374E-1 1.88336E-1 1.2108E-1 8.54319E-2 7.26023E-2 7.16788E-2 7.07642E-2 7.35347E-2 7.35347E-2 7.31097E-2 7.69091E-2 8.23594E-2 9.63625E-2 1.07493E-1 1.2154E-1 1.33874E-1 1.41958E-1 1.39871E-1 1.32025E-1 1.13834E-1 1.13061E-1 1.36621E-1 1.59747E-1 1.89503E-1 2.16157E-1 2.56311E-1 2.93666E-1 3.22184E-1 3.58143E-1 4.06912E-1 4.67435E-1 5.27687E-1 5.67349E-1 5.56532E-1 5.87977E-1 6.36081E-1 6.46986E-1 6.517E-1 6.61112E-1 6.59195E-1 6.12986E-1 5.56576E-1 5.02039E-1 3.56706E-1 1.81913E-1 1.28964E-1 1.50867E-1 1.17764E-1 6.9914E-2 3.43808E-2 1.07519E-2 1.81865E-3
6.49495E-2 4.0602E-2 3.88822E-2 4.00314E-2 4.17726E-2 5.27678E-2 8.90937E-2 1.2719E-1 1.53116E-1 1.82226E-1 2.05525E-1 2.15338E-1 2.1281E-1 2.142E-1 2.18032E-1 1.46374E-1 1.3617E-1 1.41047E-1 1.50909E-1 1.32714E-1 1.03381E-1 8.13195E-2 6.98585E-2 6.71941E-2 6.80734E-2 6.89616E-2 7.0354E-2 7.31097E-2 7.73892E-2 8.48675E-2 9.57118E-2 1.07939E-1 1.23336E-1 1.34344E-1 1.41047E-1 1.41047E-1 1.31925E-1 1.26478E-1 1.31266E-1 1.46374E-1 1.7047E-1 1.94117E-1 2.24705E-1 2.53779E-1 2.81126E-1 3.11624E-1 3.33636E-1 3.83756E-1 4.47636E-1 5.10874E-1 5.5621E-1 5.34797E-1 5.63709E-1 6.25074E-1 6.50739E-1 6.60442E-1 6.62792E-1 6.58641E-1 6.3934E-1 5.93432E-1 5.12071E-1 3.78855E-1 2.27173E-1 1.51566E-1 1.67348E-1 1.50867E-1 1.16835E-1 8.30222E-2 5.6222E-2 2.10548E-2
5.69686E-2 3.77894E-2 3.61976E-2 3.56794E-2 3.78141E-2 5.20878E-2 7.38837E-2 1.2848E-1 1.83174E-1 1.85881E-1 1.91027E-1 1.74397E-1 1.57814E-1 1.53141E-1 1.25816E-1 1.0386E-1 1.02668E-1 1.01485E-1 9.86572E-2 8.91836E-2 7.93187E-2 6.98585E-2 6.63234E-2 6.2927E-2 6.33908E-2 6.5937E-2 6.90101E-2 7.26452E-2 7.78255E-2 8.3213E-2 9.27832E-2 1.03488E-1 1.18446E-1 1.2779E-1 1.37188E-1 1.42509E-1 1.46393E-1 1.50271E-1 1.57235E-1 1.70771E-1 1.88251E-1 2.11151E-1 2.32157E-1 2.62738E-1 2.89041E-1 3.10947E-1 3.36929E-1 3.83155E-1 4.25114E-1 4.68042E-1 5.10874E-1 5.32913E-1 5.72783E-1 6.19787E-1 6.47451E-1 6.60499E-1 6.61836E-1 6.62638E-1 6.56931E-1 6.07869E-1 4.99748E-1 3.81224E-1 2.83419E-1 2.32794E-1 2.34678E-1 2.26859E-1 1.90467E-1 1.67012E-1 1.53105E-1 7.72349E-2
4.06089E-2 3.77894E-2 3.88822E-2 3.67219E-2 3.83326E-2 5.13527E-2 8.5654E-2 1.23276E-1 1.48445E-1 1.42797E-1 1.33436E-1 1.20349E-1 1.21753E-1 1.09709E-1 8.7559E-2 7.37839E-2 7.1934E-2 7.06909E-2 6.85301E-2 6.17359E-2 5.88727E-2 5.57786E-2 5.88727E-2 5.8527E-2 6.01148E-2 6.29838E-2 6.63757E-2 7.03185E-2 7.62821E-2 8.3213E-2 9.31525E-2 1.03488E-1 1.11123E-1 1.24055E-1 1.36157E-1 1.44454E-1 1.57052E-1 1.70716E-1 1.87381E-1 1.93503E-1 2.1212E-1 2.30483E-1 2.52233E-1 2.82335E-1 3.10947E-1 3.30936E-1 3.52865E-1 4.00566E-1 4.398E-1 4.61764E-1 4.92004E-1 5.31498E-1 5.81814E-1 6.22402E-1 6.26067E-1 6.11128E-1 6.40975E-1 6.45103E-1 6.61075E-1 5.91027E-1 4.85008E-1 3.92904E-1 3.53533E-1 3.31528E-1 3.25388E-1 3.45421E-1 3.37154E-1 3.37154E-1 2.69373E-1 1.56446E-1
4.17631E-2 4.11454E-2 4.05698E-2 4.23166E-2 4.92482E-2 7.36617E-2 1.30451E-1 1.64208E-1 1.57595E-1 1.32677E-1 1.07686E-1 9.42637E-2 8.45964E-2 7.37839E-2 6.68765E-2 5.94274E-2 5.38376E-2 5.21055E-2 5.03838E-2 4.80005E-2 4.72622E-2 5.06743E-2 5.39602E-2 5.43467E-2 5.81493E-2 6.17217E-2 6.59128E-2 7.06909E-2 7.72452E-2 8.45964E-2 9.12721E-2 1.02624E-1 1.12374E-1 1.24055E-1 1.39019E-1 1.54997E-1 1.68692E-1 1.94915E-1 2.1439E-1 2.22848E-1 2.33213E-1 2.53207E-1 2.79476E-1 3.16124E-1 3.46898E-1 3.7066E-1 3.94796E-1 4.36161E-1 4.63501E-1 4.73788E-1 4.8383E-1 5.31498E-1 5.91358E-1 6.28271E-1 6.13069E-1 5.89715E-1 6.24624E-1 6.34721E-1 6.61907E-1 6.49298E-1 5.70711E-1 4.81691E-1 4.30647E-1 4.04465E-1 3.79263E-1 3.94855E-1 4.25265E-1 4.52451E-1 3.49417E-1 1.89652E-1
4.73061E-2 4.23166E-2 4.59927E-2 5.26843E-2 6.92055E-2 1.19559E-1 2.27718E-1 2.53935E-1 1.70447E-1 1.12965E-1 8.56931E-2 7.11423E-2 6.24322E-2 5.67523E-2 5.35854E-2 4.84686E-2 4.18852E-2 4.24871E-2 4.16374E-2 4.31778E-2 4.41111E-2 4.66745E-2 5.07435E-2 5.36103E-2 5.77402E-2 6.17217E-2 6.62727E-2 7.06909E-2 7.5669E-2 8.28548E-2 9.23655E-2 1.0381E-1 1.13635E-1 1.26752E-1 1.43378E-1 1.58476E-1 1.67557E-1 1.94198E-1 2.24023E-1 2.42098E-1 2.5598E-1 2.84366E-1 3.17168E-1 3.66721E-1 4.15766E-1 4.37983E-1 4.47636E-1 4.73788E-1 4.98413E-1 5.00477E-1 4.8099E-1 5.31977E-1 5.97824E-1 6.1138E-1 6.00597E-1 5.9577E-1 5.89715E-1 6.51563E-1 6.61437E-1 6.58361E-1 6.43282E-1 5.78086E-1 5.00834E-1 4.61215E-1 4.02548E-1 3.67423E-1 3.92904E-1 4.08285E-1 2.95455E-1 1.50478E-1
4.92987E-2 4.47399E-2 4.92482E-2 5.85711E-2 7.83269E-2 1.3548E-1 2.59432E-1 2.57597E-1 1.41922E-1 8.98279E-2 6.68682E-2 5.7801E-2 5.3933E-2 5.02294E-2 4.80107E-2 4.41431E-2 4.15115E-2 4.01212E-2 4.07023E-2 4.16374E-2 4.37962E-2 4.63421E-2 4.96912E-2 5.1792E-2 5.73004E-2 6.04464E-2 6.57344E-2 7.1934E-2 7.88644E-2 8.49043E-2 9.45802E-2 1.05005E-1 1.17473E-1 1.28365E-1 1.46876E-1 1.6347E-1 1.69837E-1 1.91124E-1 2.24023E-1 2.49674E-1 2.77336E-1 3.20062E-1 3.69779E-1 4.28044E-1 4.84845E-1 5.18415E-1 5.06257E-1 5.30076E-1 5.45761E-1 5.48744E-1 5.43068E-1 5.73253E-1 6.02607E-1 5.68075E-1 5.78488E-1 6.27582E-1 6.28952E-1 6.55095E-1 6.61007E-1 6.60578E-1 6.57409E-1 6.36675E-1 5.63513E-1 4.96065E-1 4.19155E-1 3.43086E-1 3.49078E-1 3.53065E-1 2.5785E-1 1.42703E-1
6.76776E-2 4.60408E-2 5.13527E-2 5.71381E-2 7.28979E-2 9.82641E-2 1.27766E-1 1.11412E-1 7.48984E-2 5.87335E-2 4.92987E-2 4.6591E-2 4.44677E-2 4.44677E-2 4.43189E-2 4.41431E-2 4.09217E-2 3.97626E-2 4.07023E-2 4.12903E-2 4.34577E-2 4.59849E-2 4.86296E-2 5.21055E-2 5.60703E-2 6.07533E-2 6.60152E-2 7.31473E-2 8.28548E-2 9.12721E-2 9.79716E-2 1.07424E-1 1.17473E-1 1.33654E-1 1.51358E-1 1.863E-1 2.01736E-1 2.20794E-1 2.43986E-1 2.70239E-1 3.08127E-1 3.63873E-1 4.18751E-1 4.8154E-1 5.30076E-1 5.62006E-1 5.69735E-1 5.79274E-1 5.92137E-1 5.93321E-1 6.12926E-1 6.21642E-1 6.29992E-1 6.09852E-1 6.19001E-1 6.35335E-1 6.49599E-1 6.6063E-1 6.54546E-1 6.55663E-1 6.60578E-1 6.467E-1 5.75867E-1 5.26089E-1 4.55148E-1 3.90491E-1 3.84651E-1 3.86146E-1 3.46646E-1 2.57234E-1
9.58486E-2 4.73256E-2 4.93064E-2 5.35046E-2 5.79476E-2 6.34874E-2 6.51425E-2 5.27909E-2 4.2349E-2 3.9407E-2 3.8847E-2 3.87776E-2 4.03843E-2 4.14317E-2 4.24786E-2 4.29115E-2 4.05321E-2 4.09217E-2 4.03387E-2 4.24871E-2 4.59849E-2 4.86296E-2 5.16759E-2 5.40934E-2 5.78631E-2 6.3482E-2 6.9512E-2 7.88644E-2 8.69902E-2 9.45802E-2 1.07424E-1 1.14905E-1 1.25074E-1 1.33332E-1 1.41916E-1 1.72782E-1 2.15687E-1 2.48273E-1 2.78038E-1 3.08127E-1 3.47034E-1 3.96985E-1 4.48013E-1 5.07169E-1 5.51877E-1 5.87662E-1 5.99109E-1 6.02142E-1 6.12071E-1 6.20138E-1 6.38411E-1 6.41987E-1 6.50739E-1 6.57413E-1 6.59816E-1 6.61645E-1 6.61691E-1 6.61845E-1 6.5313E-1 6.55793E-1 6.53197E-1 6.37678E-1 6.0175E-1 5.7126E-1 5.0286E-1 4.5338E-1 4.5628E-1 4.78584E-1 4.4562E-1 3.69872E-1
9.28524E-2 4.79979E-2 4.80031E-2 4.86611E-2 4.86611E-2 4.73418E-2 4.47893E-2 3.88921E-2 3.46464E-2 3.26226E-2 3.21437E-2 3.50372E-2 3.65094E-2 3.8567E-2 3.96927E-2 3.95502E-2 3.99545E-2 3.97626E-2 4.27121E-2 4.56033E-2 4.756E-2 5.23887E-2 5.48314E-2 5.65587E-2 6.12594E-2 6.5403E-2 7.4078E-2 8.3875E-2 9.45802E-2 1.08324E-1 1.2107E-1 1.29162E-1 1.39595E-1 1.4398E-1 1.44906E-1 1.60736E-1 2.24023E-1 2.81953E-1 3.10895E-1 3.37961E-1 3.72674E-1 4.19699E-1 4.68025E-1 5.14787E-1 5.54458E-1 5.87662E-1 5.97321E-1 6.04541E-1 6.23428E-1 6.35382E-1 6.3399E-1 6.4915E-1 6.50075E-1 6.60463E-1 6.59306E-1 6.53468E-1 6.5607E-1 6.59374E-1 6.5927E-1 6.56714E-1 6.24007E-1 6.31411E-1 6.03773E-1 5.69314E-1 5.4815E-1 5.21076E-1 5.1362E-1 5.60423E-1 5.26112E-1 4.64204E-1
6.46627E-2 4.86272E-2 4.60514E-2 4.60139E-2 4.35149E-2 4.11269E-2 3.87776E-2 3.77464E-2 3.56224E-2 3.35283E-2 3.25528E-2 3.35283E-2 3.65094E-2 3.74677E-2 3.74677E-2 3.89849E-2 4.05321E-2 4.09217E-2 4.21083E-2 4.77997E-2 5.19263E-2 5.43169E-2 5.67523E-2 6.28918E-2 6.6257E-2 7.24741E-2 7.9119E-2 9.34682E-2 1.09557E-1 1.2373E-1 1.37584E-1 1.4892E-1 1.56062E-1 1.60175E-1 1.69745E-1 2.0125E-1 2.62488E-1 3.0891E-1 3.34719E-1 3.58431E-1 3.92091E-1 4.28962E-1 4.63815E-1 5.03279E-1 5.39866E-1 5.6525E-1 5.77063E-1 5.97861E-1 6.25151E-1 6.27584E-1 6.42018E-1 6.497E-1 6.54918E-1 6.62677E-1 6.38527E-1 6.2027E-1 6.47981E-1 6.59011E-1 6.5838E-1 6.49586E-1 6.50281E-1 6.44491E-1 6.01945E-1 5.80674E-1 5.77351E-1 5.77351E-1 5.6211E-1 5.70486E-1 5.57468E-1 5.14893E-1
5.86412E-2 5.06017E-2 4.66564E-2 4.4062E-2 4.22392E-2 4.09644E-2 3.9811E-2 3.99047E-2 4.15513E-2 4.2025E-2 3.71362E-2 3.75839E-2 3.75839E-2 3.8567E-2 4.02656E-2 4.14317E-2 4.07011E-2 4.29115E-2 4.41431E-2 5.12195E-2 5.86412E-2 6.06532E-2 6.64593E-2 7.24741E-2 7.24741E-2 7.88644E-2 9.01878E-2 1.07101E-1 1.26033E-1 1.49313E-1 1.61598E-1 1.69164E-1 1.78506E-1 1.82957E-1 2.00147E-1 2.30236E-1 2.72185E-1 3.05598E-1 3.35306E-1 3.66779E-1 3.87632E-1 4.22346E-1 4.50633E-1 4.88121E-1 5.24308E-1 5.59231E-1 5.83014E-1 5.979E-1 6.1166E-1 6.3032E-1 6.46318E-1 6.54197E-1 6.61615E-1 6.54272E-1 6.15861E-1 6.20459E-1 6.43559E-1 6.56303E-1 6.48863E-1 6.40919E-1 6.51272E-1 6.50948E-1 6.32252E-1 5.92335E-1 5.67206E-1 5.74171E-1 5.58713E-1 5.43236E-1 5.39186E-1 5.29776E-1
5.46659E-2 5.06017E-2 4.84694E-2 4.84694E-2 4.57315E-2 4.38465E-2 4.32323E-2 4.38465E-2 4.55812E-2 4.44677E-2 4.15513E-2 4.03843E-2 3.92443E-2 4.09644E-2 4.26252E-2 4.27457E-2 4.32323E-2 4.66923E-2 5.19263E-2 6.37251E-2 7.5669E-2 7.62181E-2 7.75451E-2 7.64253E-2 8.03118E-2 8.80469E-2 9.99589E-2 1.22874E-1 1.49951E-1 1.80169E-1 1.92835E-1 2.02904E-1 2.00699E-1 2.0544E-1 2.23491E-1 2.45256E-1 2.79994E-1 3.00196E-1 3.45185E-1 3.7603E-1 3.99107E-1 4.26657E-1 4.50633E-1 4.83196E-1 5.23326E-1 5.66631E-1 5.90119E-1 5.94333E-1 6.13772E-1 6.34392E-1 6.52035E-1 6.5936E-1 6.6268E-1 6.546E-1 6.28161E-1 6.2227E-1 6.45395E-1 6.55922E-1 6.46934E-1 6.29847E-1 6.44965E-1 6.53482E-1 6.53873E-1 6.08876E-1 5.66126E-1 5.19714E-1 4.93713E-1 5.04683E-1 5.09273E-1 5.25511E-1
5.70366E-2 5.27076E-2 5.26151E-2 5.09233E-2 4.95431E-2 4.93589E-2 4.88643E-2 4.83459E-2 5.02294E-2 4.63742E-2 4.44677E-2 4.38465E-2 4.5096E-2 4.5096E-2 4.58538E-2 4.5218E-2 4.70241E-2 5.09233E-2 5.83751E-2 7.10223E-2 8.62015E-2 9.61694E-2 9.72996E-2 8.65672E-2 8.83067E-2 9.45802E-2 1.03488E-1 1.23336E-1 1.56062E-1 2.03669E-1 2.38337E-1 2.34595E-1 2.27171E-1 2.29019E-1 2.42098E-1 2.65016E-1 2.95719E-1 3.17479E-1 3.56464E-1 3.85707E-1 4.01006E-1 4.31551E-1 4.49794E-1 4.88121E-1 5.3791E-1 5.69735E-1 5.87662E-1 5.93855E-1 6.16598E-1 6.41275E-1 6.58097E-1 6.61936E-1 6.62198E-1 6.62121E-1 6.54417E-1 6.45395E-1 6.54868E-1 6.58022E-1 6.49228E-1 6.27282E-1 6.25955E-1 6.15047E-1 5.90059E-1 5.84068E-1 5.73095E-1 5.29932E-1 4.84404E-1 4.87648E-1 4.82772E-1 4.94048E-1
5.85733E-2 5.85733E-2 5.76761E-2 5.37755E-2 5.48314E-2 5.70932E-2 5.65587E-2 5.45079E-2 5.37755E-2 5.10787E-2 5.03843E-2 4.90179E-2 4.83459E-2 4.83459E-2 4.84694E-2 5.05084E-2 4.84694E-2 5.16248E-2 5.96599E-2 7.59659E-2 9.93829E-2 1.36478E-1 1.15164E-1 9.93829E-2 9.79716E-2 1.01126E-1 1.07101E-1 1.2107E-1 1.4892E-1 1.9202E-1 2.29019E-1 2.41473E-1 2.41473E-1 2.43362E-1 2.59235E-1 2.92323E-1 3.17968E-1 3.5503E-1 3.87043E-1 4.029E-1 4.14175E-1 4.2049E-1 4.46227E-1 5.06738E-1 5.54137E-1 5.66877E-1 5.81196E-1 5.96381E-1 6.19514E-1 6.45624E-1 6.61075E-1 6.60982E-1 6.58593E-1 6.57721E-1 6.59566E-1 6.54606E-1 6.56714E-1 6.57587E-1 6.51588E-1 6.30386E-1 6.13851E-1 5.97824E-1 5.60083E-1 5.43561E-1 5.61298E-1 5.51355E-1 4.87648E-1 4.25693E-1 4.23856E-1 4.03328E-1
6.42065E-2 6.17433E-2 6.16191E-2 6.12594E-2 6.10244E-2 6.51624E-2 6.37205E-2 5.96599E-2 5.80932E-2 5.67523E-2 5.69117E-2 5.3933E-2 5.3933E-2 5.32079E-2 5.26151E-2 5.33326E-2 5.33326E-2 5.61552E-2 6.45576E-2 7.78893E-2 1.09557E-1 1.30148E-1 1.17148E-1 1.05888E-1 1.06717E-1 1.14191E-1 1.1586E-1 1.26428E-1 1.50819E-1 1.86896E-1 2.11335E-1 2.35113E-1 2.42098E-1 2.64421E-1 2.84905E-1 3.23898E-1 3.53457E-1 3.84226E-1 4.22973E-1 4.27112E-1 4.27112E-1 4.35195E-1 4.78206E-1 5.40666E-1 5.74728E-1 5.80713E-1 5.87634E-1 5.99839E-1 6.11422E-1 6.38348E-1 6.60031E-1 6.59665E-1 6.57777E-1 6.58765E-1 6.56638E-1 6.48701E-1 6.51898E-1 6.55351E-1 6.50948E-1 6.21221E-1 6.06455E-1 6.00606E-1 5.69575E-1 5.09632E-1 5.25561E-1 5.18516E-1 4.68059E-1 4.11214E-1 4.1273E-1 3.55474E-1
6.76882E-2 6.8478E-2 6.66218E-2 6.99624E-2 6.97579E-2 6.88698E-2 6.71194E-2 6.71194E-2 6.39209E-2 6.16191E-2 6.16191E-2 5.9229E-2 5.9229E-2 5.76761E-2 5.7801E-2 5.70366E-2 5.7801E-2 6.24322E-2 6.99624E-2 8.3112E-2 9.99589E-2 1.09171E-1 1.01126E-1 9.76528E-2 1.15014E-1 1.22002E-1 1.25398E-1 1.28365E-1 1.5113E-1 1.81007E-1 2.17168E-1 2.42995E-1 2.60071E-1 2.89104E-1 3.18516E-1 3.57624E-1 3.90378E-1 4.2375E-1 4.31043E-1 4.47127E-1 4.55673E-1 4.54826E-1 5.16922E-1 6.11939E-1 6.07667E-1 5.83373E-1 5.75972E-1 5.85931E-1 6.04888E-1 6.3033E-1 6.57375E-1 6.48794E-1 6.54166E-1 6.54617E-1 6.47422E-1 6.46187E-1 6.33473E-1 6.3635E-1 6.27687E-1 6.09857E-1 6.01945E-1 5.62401E-1 5.21376E-1 4.5969E-1 4.45539E-1 4.66501E-1 4.33261E-1 3.82735E-1 4.69867E-1 4.51032E-1
8.90937E-2 7.48148E-2 7.29613E-2 7.54758E-2 7.45351E-2 7.156E-2 6.88698E-2 6.81938E-2 6.66218E-2 6.57672E-2 6.49209E-2 6.49209E-2 6.4083E-2 6.4083E-2 6.33772E-2 6.42065E-2 6.67443E-2 6.83564E-2 7.46973E-2 8.43411E-2 9.39366E-2 1.01709E-1 1.01447E-1 1.0621E-1 1.2373E-1 1.28365E-1 1.32677E-1 1.34169E-1 1.50002E-1 1.7652E-1 2.17488E-1 2.47185E-1 2.96919E-1 3.55479E-1 3.83688E-1 4.02309E-1 4.25206E-1 4.36281E-1 4.48935E-1 4.52382E-1 4.55673E-1 4.84753E-1 5.09343E-1 6.34263E-1 5.98316E-1 5.37109E-1 5.67866E-1 5.90039E-1 6.10846E-1 6.4139E-1 6.54938E-1 6.44544E-1 6.38141E-1 6.33881E-1 6.32743E-1 6.23276E-1 5.9432E-1 5.92243E-1 5.82061E-1 5.80344E-1 5.83902E-1 5.53751E-1 5.03524E-1 4.23856E-1 3.89988E-1 4.23856E-1 4.20489E-1 3.69169E-1 4.59694E-1 4.91076E-1
1.14863E-1 1.04373E-1 8.21002E-2 8.66802E-2 7.6587E-2 7.36031E-2 6.99624E-2 6.83564E-2 6.76069E-2 6.8478E-2 7.02457E-2 7.02457E-2 7.02457E-2 7.01251E-2 7.01251E-2 7.02457E-2 7.29613E-2 7.6587E-2 8.24681E-2 9.08107E-2 1.00745E-1 1.16443E-1 1.28114E-1 1.31291E-1 1.39829E-1 1.45628E-1 1.45621E-1 1.45621E-1 1.54551E-1 1.70162E-1 1.9822E-1 2.44217E-1 3.11049E-1 4.0708E-1 4.3969E-1 4.49257E-1 4.58591E-1 4.68366E-1 4.64232E-1 4.45428E-1 4.87487E-1 5.37074E-1 5.43068E-1 5.51372E-1 4.99997E-1 5.19954E-1 5.83835E-1 6.08339E-1 6.24483E-1 6.47596E-1 6.51274E-1 6.40504E-1 6.23836E-1 6.02241E-1 5.92103E-1 5.93064E-1 5.6482E-1 5.54747E-1 5.76471E-1 5.76738E-1 5.29932E-1 5.29927E-1 4.79486E-1 3.87781E-1 3.47482E-1 3.46345E-1 3.29214E-1 3.3773E-1 4.09345E-1 4.71493E-1
1.30044E-1 1.27873E-1 1.05585E-1 9.92703E-2 7.76604E-2 7.57546E-2 7.20475E-2 7.30365E-2 7.30365E-2 7.58262E-2 7.67734E-2 7.77293E-2 7.96013E-2 7.75451E-2 7.94877E-2 7.94877E-2 8.15774E-2 8.56364E-2 9.40886E-2 1.02057E-1 1.17922E-1 1.36722E-1 1.5878E-1 1.65344E-1 1.66762E-1 1.73112E-1 1.64954E-1 1.58782E-1 1.5246E-1 1.60004E-1 2.00506E-1 2.67763E-1 3.43585E-1 4.12855E-1 4.63331E-1 4.91148E-1 5.01059E-1 5.00584E-1 4.94969E-1 5.00108E-1 5.36538E-1 5.97824E-1 5.8585E-1 5.31498E-1 5.29443E-1 5.49739E-1 6.11666E-1 6.3541E-1 6.44917E-1 6.50686E-1 6.51758E-1 6.38008E-1 6.12922E-1 5.54694E-1 5.15517E-1 5.67308E-1 5.66017E-1 5.80414E-1 5.77458E-1 5.4629E-1 5.61298E-1 4.9075E-1 4.2103E-1 3.42653E-1 2.69771E-1 2.02606E-1 1.6951E-1 2.24349E-1 3.30272E-1 3.90689E-1
1.26801E-1 1.35261E-1 1.20753E-1 1.0642E-1 8.35891E-2 7.77517E-2 7.3055E-2 7.39724E-2 7.87145E-2 8.36594E-2 8.5699E-2 8.8826E-2 8.77196E-2 8.97362E-2 8.97362E-2 9.18942E-2 9.51994E-2 9.86772E-2 1.06812E-1 1.14219E-1 1.27294E-1 1.51502E-1 1.81545E-1 2.10364E-1 2.08467E-1 1.96536E-1 1.8655E-1 1.63703E-1 1.46763E-1 1.68347E-1 2.27758E-1 3.00819E-1 3.77192E-1 4.40494E-1 4.92652E-1 5.28861E-1 5.40649E-1 5.3519E-1 5.2863E-1 5.40533E-1 5.71235E-1 5.91899E-1 5.6493E-1 5.26575E-1 5.92109E-1 6.05205E-1 6.23053E-1 6.45646E-1 6.54549E-1 6.51293E-1 6.52181E-1 6.42669E-1 6.18087E-1 5.64329E-1 5.03429E-1 5.68193E-1 5.7345E-1 5.48737E-1 5.42266E-1 5.60882E-1 5.45587E-1 4.78517E-1 4.28479E-1 3.27066E-1 2.73032E-1 1.51416E-1 9.43583E-2 2.04618E-1 2.83393E-1 2.81004E-1
1.35086E-1 1.35086E-1 1.19027E-1 1.11954E-1 9.40886E-2 8.36594E-2 7.65947E-2 7.75401E-2 8.35309E-2 9.6355E-2 1.02133E-1 1.03301E-1 9.98229E-2 9.75406E-2 9.95876E-2 1.04274E-1 1.06812E-1 1.14219E-1 1.21955E-1 1.28651E-1 1.41265E-1 1.57633E-1 1.93257E-1 2.50236E-1 2.67872E-1 2.32245E-1 2.07727E-1 1.74816E-1 1.7716E-1 2.18116E-1 3.04604E-1 3.49882E-1 4.11454E-1 4.71323E-1 5.24615E-1 5.63677E-1 5.74648E-1 5.73153E-1 5.70401E-1 5.87977E-1 5.89853E-1 5.93337E-1 5.90794E-1 5.8998E-1 6.23846E-1 6.32754E-1 6.24349E-1 6.44775E-1 6.40656E-1 6.40946E-1 6.44454E-1 6.37885E-1 6.31813E-1 6.21122E-1 5.93366E-1 5.44546E-1 4.98772E-1 4.82548E-1 4.7685E-1 5.52054E-1 4.96577E-1 4.70034E-1 4.30647E-1 3.93574E-1 3.15945E-1 2.27588E-1 2.04618E-1 2.93178E-1 2.99068E-1 2.08166E-1
1.43852E-1 1.34198E-1 1.29869E-1 1.13635E-1 9.64503E-2 8.76207E-2 7.78537E-2 8.10003E-2 9.25261E-2 1.13881E-1 1.27009E-1 1.2059E-1 1.15542E-1 1.08023E-1 1.1034E-1 1.17922E-1 1.23276E-1 1.35571E-1 1.42711E-1 1.48578E-1 1.57633E-1 1.68569E-1 1.84727E-1 2.31428E-1 2.41218E-1 2.36596E-1 2.1966E-1 2.05935E-1 2.22443E-1 3.25595E-1 4.44085E-1 3.97215E-1 4.50478E-1 5.1554E-1 5.59297E-1 5.88981E-1 6.03949E-1 6.12788E-1 6.1114E-1 6.21115E-1 6.05362E-1 6.09461E-1 6.20565E-1 6.35953E-1 6.53717E-1 6.5697E-1 6.54183E-1 6.48652E-1 6.02256E-1 5.97357E-1 6.04791E-1 6.16251E-1 6.23993E-1 6.33284E-1 6.22426E-1 5.55454E-1 4.89259E-1 4.64694E-1 4.48884E-1 5.24004E-1 4.68195E-1 4.50671E-1 4.37991E-1 4.2569E-1 3.75001E-1 3.1051E-1 2.69323E-1 3.03001E-1 3.24864E-1 3.04969E-1
1.54495E-1 1.49312E-1 1.30528E-1 1.1283E-1 1.00885E-1 9.01214E-2 8.39321E-2 9.04641E-2 1.0337E-1 1.225E-1 1.37982E-1 1.38203E-1 1.25954E-1 1.11782E-1 1.14219E-1 1.28651E-1 1.45628E-1 1.60718E-1 1.71764E-1 1.73373E-1 1.81532E-1 1.91561E-1 1.88059E-1 2.10837E-1 2.24197E-1 2.30156E-1 2.30697E-1 2.32454E-1 2.67442E-1 3.61636E-1 4.15876E-1 4.33905E-1 4.79078E-1 5.43818E-1 5.8808E-1 6.15655E-1 6.34253E-1 6.45646E-1 6.54121E-1 6.43E-1 6.26881E-1 6.27691E-1 6.44612E-1 6.57122E-1 6.57814E-1 6.36069E-1 6.32986E-1 6.10594E-1 5.70654E-1 5.62156E-1 5.75495E-1 5.73541E-1 5.93542E-1 6.14937E-1 6.12953E-1 5.71038E-1 5.27121E-1 4.79697E-1 4.38038E-1 5.12106E-1 4.54364E-1 4.17352E-1 4.17758E-1 4.1242E-1 4.06576E-1 3.39131E-1 2.8632E-1 2.83694E-1 3.79353E-1 4.27819E-1
1.62364E-1 1.53012E-1 1.43427E-1 1.27004E-1 1.07948E-1 1.01075E-1 9.69075E-2 1.01825E-1 1.16612E-1 1.31806E-1 1.44789E-1 1.50975E-1 1.38203E-1 1.27296E-1 1.27331E-1 1.45628E-1 1.70162E-1 1.98384E-1 2.08812E-1 2.10571E-1 2.17666E-1 2.17434E-1 2.12579E-1 2.25144E-1 2.4377E-1 2.50225E-1 2.59229E-1 2.70114E-1 2.95546E-1 3.37693E-1 3.9752E-1 4.75983E-1 5.38018E-1 5.98305E-1 6.24441E-1 6.36632E-1 6.5073E-1 6.62492E-1 6.51284E-1 6.55288E-1 6.49962E-1 6.54904E-1 6.62163E-1 6.58977E-1 6.43939E-1 6.17542E-1 6.04612E-1 5.69647E-1 5.36846E-1 5.66805E-1 5.79307E-1 5.3874E-1 5.56184E-1 5.63259E-1 5.54027E-1 5.47391E-1 5.31318E-1 4.86856E-1 4.26989E-1 4.89326E-1 4.2525E-1 3.86955E-1 3.79248E-1 3.63002E-1 3.57281E-1 3.13632E-1 3.04066E-1 3.51939E-1 4.14939E-1 4.04685E-1
1.60226E-1 1.64003E-1 1.48445E-1 1.31392E-1 1.20434E-1 1.10843E-1 1.11676E-1 1.15365E-1 1.27367E-1 1.37685E-1 1.48029E-1 1.53952E-1 1.49764E-1 1.44079E-1 1.57595E-1 1.73373E-1 2.0357E-1 2.35775E-1 2.45005E-1 2.46863E-1 2.48377E-1 2.4916E-1 2.53095E-1 2.60109E-1 2.73436E-1 2.81066E-1 2.97573E-1 3.23269E-1 3.48965E-1 3.88545E-1 4.5212E-1 5.23625E-1 5.88196E-1 6.43398E-1 6.51873E-1 6.54847E-1 6.58159E-1 6.09909E-1 6.51897E-1 6.56646E-1 6.61112E-1 6.60827E-1 6.50097E-1 6.44895E-1 6.2975E-1 6.05569E-1 5.87233E-1 5.24637E-1 4.72474E-1 4.63893E-1 5.23847E-1 5.58797E-1 5.4587E-1 5.16847E-1 4.80673E-1 4.89066E-1 4.95796E-1 4.4562E-1 3.77284E-1 3.9969E-1 3.80741E-1 3.45533E-1 3.27517E-1 2.95455E-1 2.82211E-1 2.71078E-1 2.51396E-1 2.72624E-1 2.96668E-1 2.85834E-1
1.53963E-1 1.58609E-1 1.42471E-1 1.36996E-1 1.29701E-1 1.28094E-1 1.29104E-1 1.3317E-1 1.43351E-1 1.44789E-1 1.5246E-1 1.55453E-1 1.60313E-1 1.66762E-1 1.83071E-1 2.01835E-1 2.28471E-1 2.56212E-1 2.73243E-1 2.74693E-1 2.8283E-1 2.87593E-1 2.90968E-1 2.97395E-1 3.08596E-1 3.32415E-1 3.52372E-1 3.85078E-1 4.37252E-1 4.74426E-1 5.66656E-1 5.99715E-1 6.42199E-1 6.54606E-1 6.52785E-1 6.4878E-1 6.0088E-1 6.38113E-1 6.50419E-1 6.47972E-1 6.60944E-1 6.5818E-1 6.39523E-1 6.14084E-1 5.90563E-1 5.73045E-1 5.65748E-1 5.2694E-1 4.66067E-1 4.25994E-1 4.55724E-1 5.25561E-1 5.51868E-1 4.78493E-1 4.34906E-1 4.27931E-1 4.24164E-1 3.67166E-1 2.91328E-1 2.46409E-1 2.6774E-1 2.83519E-1 2.8155E-1 2.46398E-1 2.22626E-1 1.74423E-1 1.27412E-1 1.44595E-1 1.68591E-1 1.82486E-1
1.44849E-1 1.45164E-1 1.41265E-1 1.48564E-1 1.43916E-1 1.43673E-1 1.46569E-1 1.49498E-1 1.56962E-1 1.5246E-1 1.58782E-1 1.63399E-1 1.76332E-1 1.91419E-1 2.05123E-1 2.24591E-1 2.42823E-1 2.69007E-1 2.8739E-1 3.00742E-1 3.10283E-1 3.20907E-1 3.25113E-1 3.39701E-1 3.61347E-1 3.9296E-1 4.22319E-1 4.67274E-1 5.2976E-1 5.76067E-1 6.5243E-1 6.42965E-1 6.34271E-1 6.08987E-1 5.87158E-1 5.4776E-1 4.83104E-1 5.99865E-1 6.57134E-1 6.58925E-1 6.61936E-1 6.53766E-1 6.29104E-1 5.92243E-1 5.53938E-1 5.25611E-1 5.11219E-1 4.79464E-1 4.44611E-1 4.29351E-1 4.46394E-1 5.07851E-1 4.78087E-1 4.36681E-1 4.09599E-1 4.04006E-1 3.73391E-1 3.10564E-1 2.28199E-1 1.37092E-1 1.5349E-1 2.40677E-1 2.67752E-1 2.34855E-1 1.73472E-1 9.64106E-2 4.7228E-2 6.01652E-2 8.9723E-2 1.29853E-1
1.44849E-1 1.49625E-1 1.51502E-1 1.56103E-1 1.57595E-1 1.58998E-1 1.61852E-1 1.64954E-1 1.68086E-1 1.57259E-1 1.64954E-1 1.76049E-1 1.94552E-1 2.08304E-1 2.24591E-1 2.4098E-1 2.6281E-1 2.81688E-1 3.01803E-1 3.09113E-1 3.30245E-1 3.43452E-1 3.57766E-1 3.91238E-1 4.21511E-1 4.60226E-1 4.94103E-1 5.35885E-1 5.78075E-1 6.15033E-1 6.3738E-1 6.50925E-1 1.35317E-1 5.76471E-1 4.8993E-1 4.54659E-1 5.03855E-1 5.40687E-1 6.40576E-1 6.56531E-1 6.52379E-1 6.15145E-1 5.79856E-1 5.38802E-1 5.16625E-1 4.94461E-1 4.44924E-1 4.15391E-1 4.1807E-1 4.51709E-1 4.52799E-1 4.76518E-1 3.99932E-1 3.33774E-1 3.69513E-1 3.78874E-1 3.51542E-1 2.73032E-1 1.94511E-1 1.11241E-1 1.41474E-1 2.3688E-1 2.85503E-1 2.53364E-1 1.65319E-1 8.06518E-2 3.48637E-2 3.04587E-2 4.48196E-2 8.26822E-2
1.53465E-1 1.55388E-1 1.6368E-1 1.68548E-1 1.73373E-1 1.7652E-1 1.83071E-1 1.86166E-1 1.86166E-1 1.84509E-1 1.895E-1 2.01378E-1 2.11802E-1 2.2422E-1 2.36883E-1 2.47908E-1 2.64019E-1 2.85708E-1 3.05347E-1 3.32109E-1 3.77924E-1 3.88612E-1 4.10632E-1 4.34413E-1 4.7074E-1 5.16313E-1 5.41063E-1 5.74809E-1 6.09551E-1 6.27013E-1 6.49298E-1 6.34078E-1 5.69575E-1 3.35523E-1 4.56969E-1 3.92786E-1 4.77969E-1 4.96131E-1 6.45178E-1 6.57814E-1 6.47118E-1 5.84235E-1 5.26568E-1 4.73278E-1 4.2103E-1 4.13036E-1 4.11655E-1 4.29377E-1 4.57464E-1 4.82772E-1 4.92459E-1 4.63109E-1 3.58875E-1 2.98671E-1 3.24344E-1 3.75388E-1 3.00642E-1 2.21644E-1 2.02606E-1 1.79117E-1 2.0729E-1 2.69702E-1 2.91328E-1 2.55297E-1 1.84181E-1 8.65067E-2 3.36042E-2 2.58317E-2 3.05888E-2 5.15641E-2
