KUENM/Final_Models/M_0.1_F_lq_Set_2_E/sp1_6.asc
ncols         197
nrows         210
xllcorner     56.1666666666667
yllcorner     4.5
cellsize      0.166666666666667
NODATA_value  -9999
[rows 112 to 139 of 210, columns 130 to 194 of 197]
4.31563E-1 2.99506E-1 1.97129E-1 1.54443E-1 1.34485E-1 7.99435E-2 3.70939E-2 1.32483E-2 4.41681E-3 1.23991E-3 4.93974E-4 2.95771E-4 1.58992E-4 5.36093E-5 1.72865E-5 1.69611E-5 4.19863E-5 1.21006E-4 2.61277E-4 6.56234E-4 2.22818E-3 5.01174E-3 6.08576E-3 4.77167E-3 9.20338E-4 2.25433E-4 1.58768E-4 2.09702E-4 3.58005E-4 3.59805E-4 2.92325E-4 3.35008E-4 3.74615E-4 3.91015E-4 3.44431E-4 2.65208E-4 2.0787E-4 1.69766E-4 1.89396E-4 2.0787E-4 2.91348E-4 4.90456E-4 9.22526E-4 2.0493E-3 1.0781E-3 2.9486E-4 6.46599E-5 1.64428E-5 9.91044E-6 1.24628E-5 1.32238E-5 1.46282E-5 1.38765E-5 1.5692E-5 2.11668E-5 3.2021E-5 -9999 -9999 -9999 -9999 -9999 -9999 -9999 -9999 -9999
3.94843E-1 2.59272E-1 1.66211E-1 1.3029E-1 9.95518E-2 5.14309E-2 1.96845E-2 5.39709E-3 8.631E-4 1.69766E-4 2.36357E-4 3.01884E-4 2.77057E-4 7.81369E-5 1.10452E-5 6.17387E-6 1.40497E-5 4.04723E-5 1.19763E-4 3.64322E-4 8.99178E-4 1.66328E-3 1.67431E-3 1.30559E-3 8.0648E-4 2.1439E-4 1.33115E-4 1.61528E-4 1.18239E-3 2.10425E-3 1.11256E-3 5.94155E-4 4.16134E-4 4.0809E-4 3.75093E-4 3.65141E-4 3.8846E-4 4.642E-4 5.76819E-4 5.18359E-4 3.91999E-4 3.42934E-4 3.56023E-4 6.51749E-4 5.52253E-4 2.06414E-4 4.75022E-5 1.35868E-5 1.19859E-5 1.46547E-5 1.65854E-5 1.93005E-5 2.18111E-5 2.40196E-5 2.98658E-5 -9999 -9999 -9999 -9999 -9999 -9999 -9999 -9999 -9999 -9999
2.80485E-1 1.3851E-1 8.68274E-2 6.99347E-2 5.70563E-2 3.12333E-2 1.24266E-2 3.07409E-3 4.7268E-4 1.00835E-4 1.58992E-4 2.64391E-4 2.48011E-4 3.83382E-5 2.16198E-6 1.02254E-6 3.20199E-6 1.098E-5 4.18367E-5 1.50183E-4 3.15164E-4 8.92771E-4 1.9873E-3 4.53622E-3 1.68967E-3 2.12765E-4 8.8595E-5 1.43573E-4 1.70711E-3 4.1316E-3 2.34202E-3 8.96838E-4 4.6278E-4 4.54473E-4 5.03589E-4 5.44117E-4 5.50739E-4 6.68858E-4 9.19875E-4 9.28923E-4 6.87679E-4 4.28753E-4 2.15764E-4 2.76704E-4 3.01339E-4 1.55452E-4 5.24554E-5 1.66524E-5 1.62209E-5 2.18947E-5 2.53692E-5 3.00766E-5 3.55916E-5 4.204E-5 -9999 -9999 -9999 -9999 -9999 -9999 -9999 -9999 -9999 -9999 -9999
2.12688E-1 1.18716E-1 6.57007E-2 3.70602E-2 2.47145E-2 1.93768E-2 1.05385E-2 3.62984E-3 1.01682E-3 3.98745E-4 3.29214E-4 3.36402E-4 1.26949E-4 1.02739E-5 4.28303E-7 2.99881E-7 8.67248E-7 2.91374E-6 8.89071E-6 2.35315E-5 3.46309E-5 2.06914E-4 1.01396E-3 2.03002E-3 1.00405E-3 1.73276E-4 8.88507E-5 1.87351E-4 3.82481E-3 7.07638E-3 4.83182E-3 1.63641E-3 6.48397E-4 6.61983E-4 7.02069E-4 5.61768E-4 7.79271E-4 7.37154E-4 9.53256E-4 1.09497E-3 1.02437E-3 6.98706E-4 5.16354E-4 5.05607E-4 4.07352E-4 2.17286E-4 9.86633E-5 3.48726E-5 2.80028E-5 4.23001E-5 4.76489E-5 5.23499E-5 -9999 -9999 -9999 -9999 -9999 -9999 -9999 -9999 -9999 -9999 -9999 -9999 -9999
1.71202E-1 1.14849E-1 6.564E-2 3.03778E-2 1.58118E-2 1.26189E-2 1.26306E-2 6.21472E-3 2.40672E-3 1.54046E-3 1.39304E-3 9.78561E-4 9.42106E-5 6.98141E-6 7.75516E-7 3.55131E-7 4.44706E-7 9.27876E-7 1.58458E-6 1.19456E-6 3.55529E-6 9.6177E-6 3.12114E-5 6.12084E-5 1.40504E-4 1.81117E-4 2.99949E-4 1.83223E-3 1.07195E-2 1.6314E-2 8.62419E-3 3.9619E-3 1.72759E-3 1.18128E-3 9.44359E-4 9.91443E-4 8.27318E-4 8.65534E-4 9.34938E-4 1.39842E-3 1.53663E-3 1.28012E-3 1.12552E-3 9.86169E-4 7.23519E-4 4.83653E-4 2.71071E-4 1.48896E-4 1.01039E-4 1.03315E-4 1.03315E-4 -9999 -9999 -9999 -9999 -9999 -9999 -9999 -9999 -9999 -9999 -9999 -9999 -9999 -9999
1.4269E-1 1.00676E-1 6.32056E-2 3.35847E-2 1.87861E-2 1.36832E-2 1.53207E-2 9.86258E-3 4.6795E-3 3.4919E-3 2.40849E-3 6.10421E-4 6.64532E-5 6.80243E-6 1.05501E-6 4.36272E-7 4.22042E-7 7.27971E-7 1.15466E-6 1.65083E-6 4.21825E-6 1.22346E-5 2.29666E-5 5.65889E-5 8.66304E-5 1.16492E-4 3.40699E-4 4.16745E-3 2.05938E-2 3.76853E-2 1.66933E-2 6.22074E-3 2.24527E-3 1.39252E-3 7.04103E-4 1.1048E-3 7.83032E-4 7.26819E-4 1.48847E-3 2.54297E-3 2.66385E-3 2.36939E-3 2.13594E-3 1.85458E-3 1.54435E-3 1.17009E-3 8.14342E-4 5.72219E-4 3.99467E-4 -9999 -9999 -9999 -9999 -9999 -9999 -9999 -9999 -9999 -9999 -9999 -9999 -9999 -9999 -9999 -9999
1.00784E-1 6.89316E-2 5.19318E-2 4.56132E-2 3.35567E-2 2.39619E-2 1.93831E-2 1.63081E-2 1.39155E-2 1.07182E-2 3.24999E-3 3.37039E-4 3.40369E-5 6.45759E-6 1.51587E-6 6.16612E-7 4.61987E-7 9.23077E-7 2.38219E-6 6.14314E-6 1.70254E-5 2.48467E-5 4.5352E-5 8.33027E-5 1.08024E-4 1.2749E-4 2.75847E-4 9.44264E-4 4.7399E-3 1.94416E-2 1.18315E-2 2.84832E-3 1.11111E-3 1.48851E-3 1.62636E-3 1.70477E-3 1.01371E-3 1.13697E-3 2.70617E-3 4.11319E-3 4.37899E-3 4.22364E-3 3.76186E-3 3.63701E-3 3.17821E-3 2.44519E-3 1.83528E-3 1.23991E-3 -9999 -9999 -9999 -9999 -9999 -9999 -9999 -9999 -9999 -9999 -9999 -9999 -9999 -9999 -9999 -9999 -9999
6.88156E-2 7.51149E-2 6.54664E-2 5.16753E-2 3.49234E-2 1.44629E-2 1.1849E-2 1.48502E-2 2.22222E-2 2.82164E-2 1.16357E-2 3.91416E-4 3.56926E-5 9.78312E-6 2.23067E-6 8.22713E-7 6.34329E-7 1.38683E-6 4.04656E-6 1.06226E-5 2.29666E-5 4.77442E-5 8.44863E-5 1.17333E-4 1.0884E-4 1.21873E-4 1.75579E-4 1.90318E-4 7.62509E-4 5.90241E-3 1.47161E-3 2.67258E-4 7.83222E-4 6.64143E-4 2.18618E-3 2.42183E-3 1.97683E-3 2.28447E-3 2.80952E-3 4.4455E-3 6.66937E-3 6.71832E-3 7.07638E-3 6.48881E-3 5.55729E-3 -9999 -9999 -9999 -9999 -9999 -9999 -9999 -9999 -9999 -9999 -9999 -9999 -9999 -9999 -9999 -9999 -9999 -9999 -9999 -9999
7.30255E-2 8.21491E-2 8.22288E-2 6.97179E-2 4.05285E-2 1.82033E-2 1.72822E-2 3.71617E-2 8.38194E-2 6.01253E-2 2.74157E-2 2.40276E-3 2.17205E-4 2.93812E-5 3.62266E-6 9.51529E-7 6.39831E-7 1.62858E-6 5.55316E-6 1.36777E-5 3.45299E-5 7.47355E-5 9.60637E-5 1.17925E-4 1.29086E-4 1.11174E-4 1.16335E-4 1.2276E-4 1.61883E-4 9.33641E-4 2.25605E-4 1.06612E-4 5.97634E-4 1.37892E-3 1.32817E-3 2.53285E-3 2.71611E-3 2.34464E-3 3.14915E-3 6.44776E-3 8.9205E-3 9.73965E-3 1.05847E-2 -9999 -9999 -9999 -9999 -9999 -9999 -9999 -9999 -9999 -9999 -9999 -9999 -9999 -9999 -9999 -9999 -9999 -9999 -9999 -9999 -9999 -9999
8.73543E-2 9.99483E-2 1.14032E-1 1.04969E-1 8.27777E-2 5.4927E-2 5.08324E-2 4.60828E-2 8.36648E-2 7.70903E-2 3.02447E-2 5.36076E-3 6.46904E-4 6.34093E-5 5.53319E-6 8.51536E-7 6.23087E-7 1.45973E-6 7.94304E-6 1.99995E-5 4.16162E-5 9.61965E-5 1.06639E-4 1.09096E-4 1.04234E-4 8.17802E-5 7.11655E-5 6.10347E-5 7.02061E-5 7.66007E-5 4.7603E-5 6.77592E-5 3.32255E-4 1.28005E-3 1.13456E-3 2.6916E-3 3.60311E-3 3.08516E-3 3.19359E-3 8.91114E-3 1.13986E-2 1.27787E-2 1.37455E-2 -9999 -9999 -9999 -9999 -9999 -9999 -9999 -9999 -9999 -9999 -9999 -9999 -9999 -9999 -9999 -9999 -9999 -9999 -9999 -9999 -9999 -9999
1.06329E-1 1.1736E-1 1.37123E-1 1.64897E-1 1.54443E-1 1.45125E-1 1.61016E-1 1.48245E-1 8.31272E-2 6.48731E-2 2.98089E-2 8.11101E-3 1.41988E-3 1.45551E-4 1.02946E-5 1.40154E-6 7.80989E-7 2.04178E-6 7.59879E-6 2.99248E-5 1.01226E-4 1.42391E-4 7.72103E-5 6.82163E-5 7.04415E-5 5.07169E-5 3.81103E-5 2.5822E-5 2.36619E-5 1.59995E-5 1.79584E-5 4.78785E-5 2.33229E-4 9.60523E-4 1.04095E-3 2.56549E-3 3.71932E-3 3.38606E-3 3.11972E-3 1.00095E-2 1.69009E-2 1.61754E-2 -9999 -9999 -9999 -9999 -9999 -9999 -9999 -9999 -9999 -9999 -9999 -9999 -9999 -9999 -9999 -9999 -9999 -9999 -9999 -9999 -9999 -9999 -9999
8.8816E-2 8.78473E-2 1.41398E-1 1.97318E-1 2.23239E-1 2.55553E-1 2.55819E-1 2.33421E-1 1.5564E-1 6.82088E-2 3.62256E-2 1.30847E-2 4.29695E-3 7.50027E-4 3.22031E-5 4.59869E-6 4.32598E-6 6.06588E-6 1.33926E-5 5.47935E-5 1.583E-4 1.92044E-4 8.06776E-5 4.36583E-5 3.94622E-5 2.71724E-5 1.88014E-5 1.35768E-5 7.13441E-6 2.91428E-6 1.09969E-5 9.28855E-5 6.28269E-4 9.94712E-4 1.35811E-3 2.26136E-3 4.36723E-3 7.63154E-3 1.07241E-2 1.9249E-2 2.70887E-2 2.10622E-2 -9999 -9999 -9999 -9999 -9999 -9999 -9999 -9999 -9999 -9999 -9999 -9999 -9999 -9999 -9999 -9999 -9999 -9999 -9999 -9999 -9999 -9999 -9999
4.80929E-2 3.86009E-2 5.61714E-2 1.93813E-1 2.63078E-1 3.12984E-1 3.18807E-1 2.66375E-1 1.6317E-1 7.55473E-2 7.64647E-2 4.67047E-2 1.93476E-2 7.94595E-3 1.49629E-3 2.17769E-4 5.76224E-5 2.86423E-5 3.49892E-5 7.09824E-5 1.07683E-4 1.23666E-4 6.65086E-5 4.07514E-5 2.39964E-5 1.76734E-5 1.37623E-5 1.15113E-5 3.15448E-6 3.12779E-6 1.97981E-5 1.29645E-4 2.24713E-3 2.1354E-3 2.08893E-3 3.08032E-3 6.95516E-3 1.51307E-2 3.04879E-2 5.03266E-2 4.26782E-2 -9999 -9999 -9999 -9999 -9999 -9999 -9999 -9999 -9999 -9999 -9999 -9999 -9999 -9999 -9999 -9999 -9999 -9999 -9999 -9999 -9999 -9999 -9999 -9999
1.76188E-2 2.74902E-2 6.11576E-2 1.64151E-1 2.48378E-1 3.44331E-1 3.56773E-1 2.99506E-1 2.03376E-1 1.44011E-1 1.31569E-1 1.19392E-1 8.08604E-2 6.90592E-2 5.30152E-2 1.99393E-2 1.86135E-3 2.03718E-4 6.79835E-5 9.13603E-5 1.06231E-4 9.36438E-5 5.48881E-5 2.10946E-5 8.49612E-6 1.0127E-5 2.05719E-5 1.98529E-5 1.9833E-5 3.6976E-5 9.62285E-5 1.43355E-3 1.11603E-2 1.14247E-2 5.98748E-3 5.77024E-3 1.33094E-2 2.44973E-2 4.60563E-2 6.068E-2 -9999 -9999 -9999 -9999 -9999 -9999 -9999 -9999 -9999 -9999 -9999 -9999 -9999 -9999 -9999 -9999 -9999 -9999 -9999 -9999 -9999 -9999 -9999 -9999 -9999
9.96557E-3 2.6655E-2 8.09803E-2 1.70677E-1 2.7903E-1 4.18824E-1 4.29779E-1 3.586E-1 2.69645E-1 2.18046E-1 1.71884E-1 1.41187E-1 1.367E-1 2.22085E-1 3.03218E-1 2.97798E-1 2.29091E-2 7.5052E-4 1.13223E-4 8.39782E-5 8.85508E-5 7.91491E-5 4.61383E-5 1.1921E-5 2.58592E-6 5.56141E-6 3.18274E-5 7.46932E-5 1.52028E-4 2.54572E-4 4.83437E-4 3.77746E-3 2.4322E-2 3.29902E-2 2.53681E-2 3.40465E-2 4.74524E-2 4.93351E-2 5.55413E-2 -9999 -9999 -9999 -9999 -9999 -9999 -9999 -9999 -9999 -9999 -9999 -9999 -9999 -9999 -9999 -9999 -9999 -9999 -9999 -9999 -9999 -9999 -9999 -9999 -9999 -9999
7.62E-3 3.16695E-2 9.46858E-2 1.7224E-1 2.93111E-1 4.47641E-1 4.65699E-1 4.11474E-1 3.41342E-1 2.88568E-1 1.84181E-1 1.15493E-1 1.40874E-1 3.00541E-1 4.37013E-1 3.90037E-1 1.97951E-2 1.12566E-3 2.16786E-4 1.26918E-4 1.12638E-4 7.60176E-5 4.32411E-5 1.31928E-5 4.1319E-6 1.26117E-5 9.92052E-5 3.2345E-4 5.38174E-4 8.47221E-4 1.24292E-3 6.83298E-3 3.57444E-2 5.42143E-2 6.08561E-2 9.40858E-2 1.3721E-1 9.08978E-2 -9999 -9999 -9999 -9999 -9999 -9999 -9999 -9999 -9999 -9999 -9999 -9999 -9999 -9999 -9999 -9999 -9999 -9999 -9999 -9999 -9999 -9999 -9999 -9999 -9999 -9999 -9999
2.80679E-2 6.28996E-2 7.17171E-2 1.30841E-1 2.81901E-1 4.27022E-1 4.49533E-1 4.05716E-1 3.34014E-1 2.9167E-1 1.98286E-1 9.27127E-2 7.79627E-2 1.92107E-1 2.2861E-1 1.83875E-1 3.375E-2 2.9881E-3 6.86672E-4 3.44388E-4 1.78258E-4 1.0329E-4 6.48996E-5 3.66032E-5 6.15895E-5 1.14372E-4 4.44451E-4 1.0246E-3 1.15265E-3 1.93961E-3 3.68993E-3 1.23702E-2 4.62191E-2 6.40808E-2 7.80486E-2 1.05371E-1 1.39979E-1 -9999 -9999 -9999 -9999 -9999 -9999 -9999 -9999 -9999 -9999 -9999 -9999 -9999 -9999 -9999 -9999 -9999 -9999 -9999 -9999 -9999 -9999 -9999 -9999 -9999 -9999 -9999 -9999
1.60626E-1 1.54271E-1 1.19497E-1 1.71389E-1 2.6734E-1 2.61104E-1 3.33371E-1 3.83576E-1 3.10241E-1 2.52275E-1 1.82042E-1 7.69294E-2 4.07126E-2 7.34581E-2 9.83458E-2 9.63371E-2 3.86757E-2 9.49513E-3 2.20269E-3 9.56687E-4 4.45351E-4 2.11517E-4 1.52144E-4 1.82188E-4 3.8367E-4 7.37407E-4 1.63628E-3 2.85898E-3 2.3809E-3 2.54963E-3 4.19967E-3 1.73796E-2 6.65288E-2 1.34346E-1 1.0295E-1 -9999 -9999 -9999 -9999 -9999 -9999 -9999 -9999 -9999 -9999 -9999 -9999 -9999 -9999 -9999 -9999 -9999 -9999 -9999 -9999 -9999 -9999 -9999 -9999 -9999 -9999 -9999 -9999 -9999 -9999
2.32871E-1 2.52894E-1 2.75245E-1 3.22525E-1 3.75305E-1 3.78721E-1 4.30316E-1 4.86502E-1 4.45693E-1 3.01242E-1 2.13726E-1 1.07047E-1 5.97427E-2 5.93047E-2 5.62675E-2 6.32056E-2 5.25953E-2 2.97376E-2 1.08873E-2 3.93841E-3 1.21998E-3 5.23684E-4 4.82315E-4 7.58603E-4 9.93159E-4 1.25672E-3 2.26379E-3 1.97683E-3 2.88619E-3 8.4566E-3 2.58494E-2 5.42249E-2 1.05371E-1 1.48422E-1 -9999 -9999 -9999 -9999 -9999 -9999 -9999 -9999 -9999 -9999 -9999 -9999 -9999 -9999 -9999 -9999 -9999 -9999 -9999 -9999 -9999 -9999 -9999 -9999 -9999 -9999 -9999 -9999 -9999 -9999 -9999
2.40169E-1 2.78129E-1 3.43699E-1 4.26087E-1 4.84399E-1 5.08384E-1 5.51329E-1 5.83042E-1 5.67708E-1 4.70121E-1 3.28824E-1 2.00226E-1 1.17673E-1 8.01632E-2 5.68772E-2 6.30085E-2 8.08604E-2 7.43324E-2 6.09121E-2 1.21413E-2 2.82543E-3 1.23701E-3 1.10862E-3 1.33461E-3 1.51599E-3 1.72905E-3 1.66128E-3 3.22081E-3 1.3474E-2 4.19932E-2 1.19856E-1 1.28955E-1 1.28798E-1 -9999 -9999 -9999 -9999 -9999 -9999 -9999 -9999 -9999 -9999 -9999 -9999 -9999 -9999 -9999 -9999 -9999 -9999 -9999 -9999 -9999 -9999 -9999 -9999 -9999 -9999 -9999 -9999 -9999 -9999 -9999 -9999
2.49984E-1 3.43376E-1 3.89435E-1 4.96595E-1 5.5701E-1 5.62557E-1 5.57387E-1 6.145E-1 6.3395E-1 5.75403E-1 4.31875E-1 3.03521E-1 2.20256E-1 1.34625E-1 8.15211E-2 7.29833E-2 8.6054E-2 6.89077E-2 3.70939E-2 1.1832E-2 3.24958E-3 2.12233E-3 2.08183E-3 2.92516E-3 4.0252E-3 5.09758E-3 6.49296E-3 1.55516E-2 4.31987E-2 9.29934E-2 1.49698E-1 1.63137E-1 -9999 -9999 -9999 -9999 -9999 -9999 -9999 -9999 -9999 -9999 -9999 -9999 -9999 -9999 -9999 -9999 -9999 -9999 -9999 -9999 -9999 -9999 -9999 -9999 -9999 -9999 -9999 -9999 -9999 -9999 -9999 -9999 -9999
2.56821E-1 5.38744E-1 5.48301E-1 5.70967E-1 6.12642E-1 6.06776E-1 5.3908E-1 6.17024E-1 6.41941E-1 5.89392E-1 4.57371E-1 3.65471E-1 3.37702E-1 2.18586E-1 1.01024E-1 8.02176E-2 6.47359E-2 5.4092E-2 2.36245E-2 9.0686E-3 2.27483E-3 1.73164E-3 3.13133E-3 1.03417E-2 1.26265E-2 1.57964E-2 2.46906E-2 5.06458E-2 7.13793E-2 9.27127E-2 -9999 -9999 -9999 -9999 -9999 -9999 -9999 -9999 -9999 -9999 -9999 -9999 -9999 -9999 -9999 -9999 -9999 -9999 -9999 -9999 -9999 -9999 -9999 -9999 -9999 -9999 -9999 -9999 -9999 -9999 -9999 -9999 -9999 -9999 -9999
3.3158E-1 5.33031E-1 5.76624E-1 5.96642E-1 6.24736E-1 6.28829E-1 6.08697E-1 6.08432E-1 5.87339E-1 5.36391E-1 4.34116E-1 4.015E-1 3.79832E-1 2.51634E-1 1.16537E-1 9.67334E-2 7.83245E-2 8.73047E-2 7.22608E-2 2.21901E-2 7.48663E-3 3.74906E-3 4.32503E-3 2.20948E-2 2.50279E-2 3.16439E-2 6.9481E-2 7.84844E-2 -9999 -9999 -9999 -9999 -9999 -9999 -9999 -9999 -9999 -9999 -9999 -9999 -9999 -9999 -9999 -9999 -9999 -9999 -9999 -9999 -9999 -9999 -9999 -9999 -9999 -9999 -9999 -9999 -9999 -9999 -9999 -9999 -9999 -9999 -9999 -9999 -9999
3.87048E-1 4.78004E-1 5.6197E-1 6.04986E-1 6.2932E-1 6.38933E-1 6.36492E-1 6.22218E-1 5.85653E-1 5.51417E-1 5.16634E-1 4.79297E-1 4.34332E-1 3.07008E-1 1.76647E-1 1.59023E-1 1.18135E-1 1.27969E-1 1.51672E-1 7.94305E-2 3.7454E-2 2.45513E-2 2.38266E-2 3.43329E-2 3.54042E-2 2.45513E-2 3.34487E-2 8.62905E-2 -9999 -9999 -9999 -9999 -9999 -9999 -9999 -9999 -9999 -9999 -9999 -9999 -9999 -9999 -9999 -9999 -9999 -9999 -9999 -9999 -9999 -9999 -9999 -9999 -9999 -9999 -9999 -9999 -9999 -9999 -9999 -9999 -9999 -9999 -9999 -9999 -9999
4.10787E-1 4.51248E-1 5.57061E-1 6.12961E-1 6.35301E-1 6.45095E-1 6.54115E-1 6.44058E-1 6.21561E-1 5.96223E-1 5.72297E-1 5.41004E-1 5.11975E-1 4.6799E-1 3.48679E-1 2.03857E-1 1.25812E-1 1.11173E-1 1.31569E-1 1.47796E-1 1.16062E-1 7.34331E-2 5.58558E-2 2.14331E-2 1.8376E-2 1.57065E-2 5.61451E-2 7.22608E-2 -9999 -9999 -9999 -9999 -9999 -9999 -9999 -9999 -9999 -9999 -9999 -9999 -9999 -9999 -9999 -9999 -9999 -9999 -9999 -9999 -9999 -9999 -9999 -9999 -9999 -9999 -9999 -9999 -9999 -9999 -9999 -9999 -9999 -9999 -9999 -9999 -9999
4.951E-1 5.14897E-1 5.81572E-1 6.23535E-1 6.32637E-1 6.41817E-1 6.52809E-1 6.504E-1 6.37941E-1 6.2109E-1 6.00552E-1 5.719E-1 5.42208E-1 5.23914E-1 4.71222E-1 2.65192E-1 1.09814E-1 7.33868E-2 1.09126E-1 2.08087E-1 2.20957E-1 9.01524E-2 5.7483E-2 1.29578E-2 6.40674E-3 8.58161E-3 2.53558E-2 -9999 -9999 -9999 -9999 -9999 -9999 -9999 -9999 -9999 -9999 -9999 -9999 -9999 -9999 -9999 -9999 -9999 -9999 -9999 -9999 -9999 -9999 -9999 -9999 -9999 -9999 -9999 -9999 -9999 -9999 -9999 -9999 -9999 -9999 -9999 -9999 -9999 -9999
5.67234E-1 5.86356E-1 6.03423E-1 6.21179E-1 6.30941E-1 6.25617E-1 6.31285E-1 6.45293E-1 6.42439E-1 6.32479E-1 6.10693E-1 5.74399E-1 5.29632E-1 4.51464E-1 3.51627E-1 2.87634E-1 1.44442E-1 4.81692E-2 6.59949E-2 1.24956E-1 1.71399E-1 1.05876E-1 4.78167E-2 9.65559E-3 6.74993E-3 7.88155E-3 -9999 -9999 -9999 -9999 -9999 -9999 -9999 -9999 -9999 -9999 -9999 -9999 -9999 -9999 -9999 -9999 -9999 -9999 -9999 -9999 -9999 -9999 -9999 -9999 -9999 -9999 -9999 -9999 -9999 -9999 -9999 -9999 -9999 -9999 -9999 -9999 -9999 -9999 -9999
6.03857E-1 5.99327E-1 5.90487E-1 5.92548E-1 5.98513E-1 5.76522E-1 6.15923E-1 6.41016E-1 6.42631E-1 6.32254E-1 6.03872E-1 5.55529E-1 5.02423E-1 4.29094E-1 3.51025E-1 3.09772E-1 2.00477E-1 5.73995E-2 6.62795E-2 7.64052E-2 7.84844E-2 8.52849E-2 -9999 5.85536E-3 -9999 -9999 -9999 -9999 -9999 -9999 -9999 -9999 -9999 -9999 -9999 -9999 -9999 -9999 -9999 -9999 -9999 -9999 -9999 -9999 -9999 -9999 -9999 -9999 -9999 -9999 -9999 -9999 -9999 -9999 -9999 -9999 -9999 -9999 -9999 -9999 -9999 -9999 -9999 -9999 -9999
