KUENM/Final_Models/M_0.1_F_lq_Set_2_E/sp1_avg.asc
ncols         197
nrows         210
xllcorner     56.1666666666667
yllcorner     4.5
cellsize      0.166666666666667
NODATA_value  -9999
[rows 56 to 83 of 210, columns 0 to 64 of 197]
-9999 -9999 -9999 -9999 -9999 -9999 -9999 -9999 -9999 -9999 -9999 3.35882E-2 3.41436E-2 3.31309E-2 3.1623E-2 3.22318E-2 3.1623E-2 3.12653E-2 2.74277E-2 2.29118E-2 1.93055E-2 1.68345E-2 6.37612E-3 2.27594E-3 4.6991E-3 5.98122E-3 3.69473E-3 1.05159E-2 2.07427E-2 2.30595E-2 2.27418E-2 2.27418E-2 2.18013E-2 2.1201E-2 2.00256E-2 1.94413E-2 2.00427E-2 2.06206E-2 1.94413E-2 1.91303E-2 1.91303E-2 2.02773E-2 1.774E-2 1.45216E-2 1.40672E-2 1.44885E-2 1.63169E-2 1.74569E-2 1.7721E-2 2.22341E-2 2.51513E-2 2.87323E-2 3.27117E-2 3.64134E-2 4.19583E-2 4.56365E-2 5.26294E-2 5.90545E-2 6.35342E-2 6.15091E-2 2.569E-2 2.1343E-2 1.64382E-2 6.95691E-3 3.51756E-3
-9999 -9999 -9999 -9999 -9999 -9999 -9999 -9999 -9999 -9999 1.65715E-2 3.05526E-2 3.41436E-2 3.27721E-2 3.22842E-2 3.18699E-2 3.32136E-2 3.13533E-2 2.97832E-2 2.76285E-2 2.50507E-2 1.86502E-2 9.94588E-3 5.92338E-3 5.08903E-3 6.70217E-3 3.4012E-3 5.62876E-3 1.70664E-2 2.33345E-2 2.43577E-2 2.43279E-2 2.39925E-2 2.36609E-2 2.29615E-2 2.35503E-2 2.38027E-2 2.37066E-2 2.32221E-2 2.20948E-2 2.03271E-2 1.81623E-2 1.46595E-2 1.24821E-2 1.23208E-2 1.13124E-2 1.19492E-2 1.35455E-2 1.72534E-2 2.16553E-2 2.51513E-2 2.80037E-2 3.39968E-2 3.82784E-2 4.19599E-2 4.8998E-2 5.36868E-2 6.00256E-2 6.21362E-2 4.78637E-2 1.94324E-2 2.16162E-2 1.64277E-2 1.00201E-2 5.09055E-3
-9999 -9999 -9999 -9999 -9999 -9999 -9999 -9999 -9999 1.55623E-3 8.30401E-3 2.79061E-2 3.26027E-2 3.27637E-2 3.32136E-2 3.31764E-2 3.27576E-2 3.23218E-2 3.07884E-2 2.86705E-2 2.67463E-2 1.94307E-2 5.09788E-3 4.96186E-3 3.59046E-3 4.6482E-3 5.86305E-3 3.90078E-3 8.03882E-3 1.66697E-2 2.36894E-2 2.56653E-2 2.58802E-2 2.57828E-2 2.43823E-2 2.496E-2 2.53118E-2 2.41388E-2 2.29615E-2 1.97457E-2 1.73362E-2 1.53375E-2 1.22927E-2 8.28154E-3 9.2005E-3 8.5894E-3 9.6312E-3 1.1689E-2 1.50785E-2 1.91984E-2 2.15649E-2 2.69228E-2 3.41931E-2 3.9972E-2 4.37401E-2 4.96749E-2 5.55196E-2 6.18204E-2 6.17821E-2 4.96482E-2 2.72475E-2 2.25271E-2 7.519E-3 7.27919E-3 3.15808E-3
-9999 -9999 -9999 -9999 -9999 -9999 -9999 -9999 1.91714E-3 1.75945E-3 6.14064E-3 1.73645E-2 2.39833E-2 3.04212E-2 3.17173E-2 3.179E-2 3.22842E-2 3.18699E-2 3.179E-2 3.01964E-2 2.97977E-2 2.61001E-2 6.66704E-3 2.25591E-3 2.7319E-3 3.24914E-3 3.03027E-3 3.79381E-3 5.95867E-3 4.4662E-3 1.12607E-2 2.29711E-2 2.59597E-2 2.62409E-2 2.46214E-2 2.39456E-2 2.26895E-2 2.26895E-2 1.91303E-2 1.76589E-2 1.54573E-2 1.32681E-2 9.54418E-3 6.31099E-3 6.39866E-3 6.43321E-3 7.59925E-3 8.30646E-3 8.57299E-3 9.40137E-3 1.41915E-2 2.56516E-2 3.61317E-2 4.01909E-2 4.56784E-2 5.10786E-2 5.55582E-2 5.96243E-2 6.10969E-2 5.93929E-2 3.42379E-2 1.62411E-2 5.41813E-3 3.6651E-3 1.58999E-3
-9999 -9999 -9999 -9999 -9999 -9999 -9999 5.17166E-4 1.4063E-3 2.66651E-3 4.48368E-3 5.59618E-3 1.09845E-2 2.33345E-2 2.76285E-2 2.93747E-2 3.05189E-2 3.179E-2 3.27637E-2 3.26788E-2 3.23845E-2 3.19027E-2 1.39158E-2 3.62446E-3 4.05666E-3 3.52928E-3 1.73588E-3 3.48249E-3 5.97046E-3 6.10561E-3 4.4662E-3 9.5012E-3 2.29711E-2 2.43577E-2 2.17771E-2 2.05627E-2 1.99953E-2 1.99953E-2 1.52416E-2 1.43806E-2 1.45842E-2 1.27613E-2 9.67809E-3 5.3567E-3 5.13153E-3 4.52408E-3 5.02948E-3 5.30785E-3 6.13865E-3 1.13912E-2 2.02215E-2 3.23784E-2 3.62302E-2 4.02616E-2 4.57275E-2 4.98412E-2 5.41713E-2 5.75321E-2 5.96743E-2 4.47704E-2 1.74659E-2 6.64246E-3 5.69457E-3 1.9864E-3 1.9244E-3
-9999 -9999 -9999 -9999 -9999 -9999 2.39931E-4 5.96086E-4 4.64699E-4 1.28646E-3 5.43447E-3 9.03847E-3 9.07239E-3 1.95713E-2 2.32883E-2 2.76285E-2 3.01964E-2 3.20612E-2 3.27326E-2 3.35882E-2 3.26866E-2 3.16573E-2 2.4342E-2 8.95226E-3 6.6164E-3 5.82158E-3 2.88135E-3 3.10291E-3 2.76863E-3 5.81287E-3 1.09845E-2 5.72255E-3 1.54508E-2 2.05817E-2 1.92812E-2 1.76396E-2 1.774E-2 1.49987E-2 1.01343E-2 7.37319E-3 1.24407E-2 1.52416E-2 1.27934E-2 9.36166E-3 1.06864E-2 7.98622E-3 8.37161E-3 8.90008E-3 1.24991E-2 1.82138E-2 2.57621E-2 3.1551E-2 3.57691E-2 4.02616E-2 4.34953E-2 4.86309E-2 5.22293E-2 5.4236E-2 4.99227E-2 2.21389E-2 1.2609E-2 4.03872E-3 2.50427E-3 1.51487E-3 1.43183E-3
-9999 -9999 -9999 -9999 -9999 -9999 6.88004E-4 4.20666E-4 2.48617E-4 1.73552E-3 2.19115E-3 8.11337E-3 1.35455E-2 1.90427E-2 2.36092E-2 2.6789E-2 2.90658E-2 3.18046E-2 3.35882E-2 3.38651E-2 3.30122E-2 3.54557E-2 2.70938E-2 4.96792E-3 8.27344E-3 7.41859E-3 5.17261E-3 3.05064E-3 1.95599E-3 4.52372E-3 1.6371E-2 1.65715E-2 1.77783E-2 1.93055E-2 1.95488E-2 1.87553E-2 1.82416E-2 1.50742E-2 1.37879E-2 7.44034E-3 1.19534E-2 2.05627E-2 1.89403E-2 1.71689E-2 1.63034E-2 1.42912E-2 1.4907E-2 1.61522E-2 1.72534E-2 2.0607E-2 2.5426E-2 3.06141E-2 3.52199E-2 3.9295E-2 4.29528E-2 4.62992E-2 4.41322E-2 4.21695E-2 3.46137E-2 1.88968E-2 3.85966E-3 3.42555E-3 1.5569E-3 5.38937E-4 1.34472E-3
-9999 -9999 -9999 -9999 -9999 6.25484E-3 6.03119E-3 6.44014E-3 5.3021E-3 9.48031E-3 1.27763E-3 1.65106E-3 9.27907E-3 1.94307E-2 2.60649E-2 2.6789E-2 3.05526E-2 3.34179E-2 3.44355E-2 3.43348E-2 3.35797E-2 3.55404E-2 3.3723E-2 1.2549E-2 8.00735E-3 9.03847E-3 5.52768E-3 2.50821E-3 2.23089E-3 5.45538E-3 1.19583E-2 1.9994E-2 2.5672E-2 2.38689E-2 2.50507E-2 2.50108E-2 2.53133E-2 2.36609E-2 2.26895E-2 2.17866E-2 2.41388E-2 2.47263E-2 2.46214E-2 2.24159E-2 2.1324E-2 2.00936E-2 2.09474E-2 2.03512E-2 2.11875E-2 2.36295E-2 2.67954E-2 3.07411E-2 3.20806E-2 2.83289E-2 3.01699E-2 3.324E-2 4.34211E-2 4.42863E-2 2.33786E-2 8.13838E-3 3.13302E-3 2.55944E-3 8.58642E-4 3.3679E-4 2.85406E-3
-9999 -9999 -9999 -9999 1.64383E-3 4.36225E-3 6.25484E-3 7.78131E-3 2.55744E-2 2.93033E-2 5.1723E-3 5.24419E-4 1.87078E-3 1.15418E-2 2.15202E-2 2.75423E-2 3.18209E-2 3.52726E-2 3.52728E-2 3.64208E-2 3.57841E-2 3.64849E-2 3.40134E-2 1.77361E-2 7.45009E-3 9.52502E-3 5.98242E-3 2.60876E-3 1.19373E-3 2.69348E-3 5.74988E-3 1.12267E-2 2.27064E-2 2.7928E-2 2.7488E-2 2.91679E-2 2.9391E-2 2.85915E-2 2.7942E-2 2.78034E-2 2.82948E-2 2.80782E-2 2.87902E-2 2.72508E-2 2.63818E-2 2.61001E-2 2.53265E-2 2.42277E-2 2.2404E-2 2.21508E-2 2.28257E-2 2.0227E-2 1.43917E-2 1.6859E-2 2.67719E-2 4.34649E-2 4.80301E-2 4.61436E-2 1.68268E-2 4.85003E-3 3.77835E-3 2.75456E-3 7.49243E-4 1.91311E-3 2.37546E-3
-9999 -9999 -9999 -9999 1.28488E-3 3.44806E-3 6.56343E-3 8.85553E-3 2.73419E-2 4.00048E-2 2.71437E-2 7.13359E-3 6.80416E-4 4.62619E-3 1.45129E-2 2.50823E-2 3.21798E-2 3.65029E-2 3.69115E-2 3.74868E-2 3.72405E-2 3.6851E-2 3.4995E-2 2.59084E-2 8.88908E-3 1.20739E-2 9.10017E-3 6.0611E-3 2.50903E-3 5.8815E-4 3.64845E-3 9.77104E-3 2.08108E-2 3.1405E-2 3.11114E-2 3.12305E-2 3.26866E-2 3.15075E-2 3.1841E-2 3.09699E-2 3.14367E-2 3.18699E-2 3.1623E-2 3.13711E-2 3.02091E-2 3.02792E-2 2.75423E-2 1.97278E-2 1.4003E-2 1.41372E-2 1.94514E-2 2.26862E-2 2.50616E-2 3.71667E-2 4.66165E-2 4.77988E-2 5.08585E-2 4.03608E-2 1.26261E-2 5.8073E-3 6.09271E-3 1.54758E-3 7.99558E-4 6.21927E-3 6.44316E-3
-9999 -9999 -9999 1.23126E-2 8.69183E-3 6.21927E-3 1.32617E-2 2.67295E-2 3.55138E-2 4.37951E-2 3.90996E-2 3.0865E-2 1.31025E-2 4.32921E-3 8.80849E-3 2.12584E-2 3.14164E-2 3.57784E-2 3.56828E-2 3.57784E-2 3.7116E-2 3.63878E-2 3.1551E-2 3.24975E-2 1.88722E-2 1.49449E-2 1.4027E-2 1.12842E-2 7.64687E-3 7.54794E-3 9.6116E-3 1.38936E-2 7.25757E-3 2.10892E-2 3.26126E-2 3.45989E-2 3.57527E-2 3.45783E-2 3.36449E-2 3.41417E-2 3.45774E-2 3.46138E-2 3.41436E-2 3.35882E-2 3.37381E-2 3.30122E-2 2.94739E-2 2.3956E-2 2.72027E-2 3.01347E-2 3.32133E-2 3.63667E-2 4.1582E-2 4.36171E-2 4.58895E-2 4.94742E-2 5.10751E-2 3.22076E-2 8.54057E-3 8.70067E-3 7.21732E-3 2.88763E-3 1.26803E-2 1.51128E-2 1.4752E-2
-9999 -9999 -9999 1.85011E-2 6.81497E-3 1.85099E-2 3.50302E-2 4.56087E-2 4.68099E-2 4.82336E-2 4.41765E-2 3.97651E-2 3.36525E-2 2.64877E-2 2.41923E-2 2.18552E-2 2.76451E-2 2.95301E-2 2.85858E-2 2.99238E-2 3.63568E-2 3.30779E-2 2.38847E-2 2.88592E-2 3.00901E-2 1.62275E-2 1.34837E-2 1.51384E-2 1.4027E-2 1.28083E-2 1.45642E-2 1.76895E-2 5.51606E-3 9.73836E-3 2.03934E-2 2.9021E-2 3.45908E-2 3.75087E-2 3.70216E-2 3.69609E-2 3.64609E-2 3.65216E-2 3.60731E-2 3.54705E-2 3.57527E-2 3.60986E-2 3.67188E-2 3.62643E-2 3.66805E-2 3.7339E-2 3.83309E-2 4.19729E-2 4.25153E-2 4.53127E-2 4.66165E-2 4.85864E-2 4.19583E-2 2.55696E-2 1.13786E-2 1.19322E-2 7.24394E-3 9.5316E-3 1.48533E-2 1.08081E-2 2.22749E-2
-9999 -9999 -9999 1.84307E-2 1.67799E-2 4.2222E-2 5.49201E-2 4.48264E-2 3.99637E-2 4.8509E-2 5.15234E-2 4.85297E-2 4.52676E-2 4.37951E-2 4.23404E-2 3.7817E-2 2.32932E-2 2.48173E-2 2.6375E-2 1.85156E-2 3.14921E-2 3.12603E-2 1.22979E-2 9.61448E-3 2.94222E-2 1.16957E-2 1.35512E-2 1.69466E-2 1.93107E-2 1.79918E-2 1.75373E-2 1.85836E-2 1.00637E-2 3.59582E-3 1.3399E-2 1.74879E-2 2.91726E-2 3.84161E-2 3.85763E-2 3.9018E-2 3.84951E-2 3.75272E-2 3.80802E-2 3.85299E-2 3.82337E-2 3.80838E-2 3.77099E-2 3.79869E-2 3.89716E-2 3.91713E-2 4.07308E-2 4.25153E-2 4.47417E-2 4.4437E-2 4.51386E-2 4.35942E-2 2.42382E-2 1.90771E-2 9.66895E-3 1.28026E-2 1.21916E-2 1.70773E-2 2.33686E-2 3.43618E-2 3.47147E-2
-9999 -9999 2.87802E-2 4.74899E-2 5.21117E-2 6.25037E-2 6.36126E-2 5.68474E-2 5.41713E-2 5.56953E-2 5.53637E-2 5.40882E-2 5.34116E-2 5.13369E-2 4.99332E-2 4.89789E-2 4.55061E-2 4.18854E-2 4.24143E-2 4.24166E-2 3.66117E-2 3.38537E-2 2.51199E-2 2.41144E-2 4.09815E-2 2.19788E-2 1.67479E-2 2.17049E-2 2.05744E-2 2.05744E-2 1.60377E-2 1.63432E-2 1.71638E-2 1.13718E-2 1.10847E-2 8.05352E-3 1.78793E-2 3.07411E-2 4.05002E-2 4.18137E-2 4.23697E-2 4.0714E-2 4.23697E-2 4.11832E-2 4.04534E-2 3.94469E-2 3.87228E-2 4.00421E-2 4.19036E-2 4.10591E-2 4.28882E-2 4.41765E-2 4.48869E-2 4.45765E-2 4.01476E-2 2.48753E-2 1.39241E-2 1.88968E-2 1.2402E-2 1.28026E-2 1.36569E-2 1.83404E-2 2.66436E-2 1.44116E-2 5.0343E-2
-9999 -9999 6.60829E-2 6.17329E-2 6.67136E-2 7.4042E-2 7.11753E-2 6.41594E-2 5.19875E-2 5.49201E-2 6.02154E-2 5.91172E-2 5.76567E-2 5.54797E-2 5.46946E-2 5.45671E-2 5.3325E-2 5.34153E-2 5.3467E-2 5.19485E-2 4.57181E-2 4.74438E-2 4.80483E-2 5.26276E-2 5.56953E-2 4.35942E-2 3.587E-2 3.28317E-2 3.02343E-2 2.31027E-2 1.33598E-2 2.10985E-2 1.94137E-2 2.05744E-2 1.92464E-2 6.61432E-3 1.59331E-2 2.41603E-2 3.73412E-2 4.24447E-2 4.23234E-2 4.33219E-2 4.34117E-2 4.21997E-2 4.08546E-2 4.17733E-2 4.13528E-2 4.21871E-2 4.24498E-2 4.26836E-2 4.45659E-2 4.28652E-2 4.01909E-2 3.57064E-2 2.23642E-2 1.14461E-2 1.29451E-2 1.70506E-2 1.6659E-2 2.45902E-2 3.00932E-2 2.42656E-2 3.63951E-2 5.45096E-2 5.50534E-2
-9999 -9999 8.91657E-2 8.28796E-2 8.63114E-2 7.89143E-2 7.24296E-2 7.23565E-2 6.68303E-2 5.96552E-2 6.51548E-2 6.36342E-2 6.12922E-2 6.12039E-2 5.88411E-2 5.79427E-2 5.7735E-2 5.7014E-2 5.7014E-2 5.94084E-2 5.97965E-2 5.98447E-2 6.20632E-2 6.4371E-2 6.4414E-2 6.02054E-2 5.54969E-2 4.83696E-2 4.17182E-2 3.142E-2 1.86267E-2 1.5885E-2 2.88497E-2 2.84817E-2 2.22555E-2 2.17049E-2 1.59297E-2 2.54554E-2 3.48085E-2 4.132E-2 4.21188E-2 4.25153E-2 4.15949E-2 4.30017E-2 4.27377E-2 4.30017E-2 4.26836E-2 4.17982E-2 4.11686E-2 3.56735E-2 3.25235E-2 3.27117E-2 2.19788E-2 1.40405E-2 1.29408E-2 1.07392E-2 1.47859E-2 2.20639E-2 2.3879E-2 2.12781E-2 3.38244E-2 1.95517E-2 2.84421E-2 5.16945E-2 3.68573E-2
-9999 1.03617E-1 9.87908E-2 9.34227E-2 9.21973E-2 9.23431E-2 8.79347E-2 7.62969E-2 7.87857E-2 6.82786E-2 7.16893E-2 6.67967E-2 6.51581E-2 6.35025E-2 6.33722E-2 6.10741E-2 6.06906E-2 6.06906E-2 6.19554E-2 6.16576E-2 6.32009E-2 6.47739E-2 6.63769E-2 6.99921E-2 6.94249E-2 7.08809E-2 6.19177E-2 6.74291E-2 6.06671E-2 3.18198E-2 2.30905E-2 1.57998E-2 2.99221E-2 3.52506E-2 3.25056E-2 2.5029E-2 3.06126E-2 2.28845E-2 2.2318E-2 3.39693E-2 3.6154E-2 3.57009E-2 3.64704E-2 3.87595E-2 4.13537E-2 3.93088E-2 3.67737E-2 3.51045E-2 3.2313E-2 2.89664E-2 1.94137E-2 1.38296E-2 1.43557E-2 1.68969E-2 1.23303E-2 1.56756E-2 1.32478E-2 2.30467E-2 2.09785E-2 2.56144E-2 3.15905E-2 2.54526E-2 1.66719E-2 4.98222E-2 6.27953E-2
-9999 1.05443E-1 1.00844E-1 9.74008E-2 9.31579E-2 9.66947E-2 9.31283E-2 8.81177E-2 7.93377E-2 7.09032E-2 6.62495E-2 6.91536E-2 6.90829E-2 6.83834E-2 6.66701E-2 6.4941E-2 6.39793E-2 6.37625E-2 6.35029E-2 6.508E-2 6.63769E-2 6.76509E-2 6.93095E-2 7.1855E-2 7.58194E-2 7.58194E-2 7.9379E-2 7.9379E-2 7.42629E-2 5.47804E-2 3.13049E-2 3.05632E-2 2.11941E-2 3.14125E-2 3.71619E-2 3.90762E-2 3.41417E-2 3.84446E-2 3.03056E-2 2.4352E-2 1.97075E-2 1.8876E-2 2.71095E-2 3.90985E-2 3.35459E-2 2.97084E-2 3.03612E-2 2.67508E-2 2.08351E-2 1.66555E-2 1.84116E-2 2.02013E-2 1.86267E-2 1.59946E-2 2.09394E-2 1.94814E-2 1.37481E-2 2.35989E-2 3.35125E-2 4.13132E-2 2.92896E-2 2.76783E-2 2.30525E-2 4.0946E-2 6.74269E-2
-9999 1.13675E-1 1.06287E-1 1.0067E-1 9.84824E-2 9.34227E-2 9.84269E-2 9.34938E-2 8.19695E-2 4.61816E-2 5.19479E-2 6.19345E-2 6.54114E-2 6.87158E-2 7.05891E-2 6.83628E-2 6.83834E-2 6.81679E-2 6.63641E-2 6.77693E-2 6.94249E-2 7.11109E-2 7.30557E-2 7.48053E-2 7.63544E-2 7.9379E-2 8.27437E-2 8.00067E-2 6.93782E-2 4.2222E-2 3.36976E-2 2.90904E-2 3.50282E-2 3.67704E-2 3.80625E-2 4.0748E-2 4.28611E-2 4.35051E-2 4.32653E-2 4.4587E-2 4.37909E-2 4.37513E-2 4.55094E-2 4.44965E-2 4.16258E-2 3.53057E-2 2.84499E-2 2.44985E-2 2.41612E-2 2.41144E-2 2.15488E-2 1.80391E-2 2.0577E-2 2.87059E-2 3.01975E-2 2.32189E-2 3.36976E-2 1.70552E-2 4.89212E-2 3.37792E-2 3.15905E-2 3.95243E-2 3.91852E-2 4.93478E-2 6.25387E-2
-9999 1.18535E-1 -9999 -9999 9.93379E-2 9.74008E-2 9.54841E-2 9.7207E-2 8.28796E-2 3.42454E-2 2.72682E-2 4.11745E-2 4.08878E-2 5.70592E-2 6.08768E-2 6.52917E-2 6.75463E-2 6.95651E-2 6.97594E-2 6.79353E-2 7.03482E-2 7.05891E-2 7.26582E-2 7.26582E-2 7.52349E-2 7.26576E-2 6.69469E-2 5.93342E-2 4.76642E-2 3.26177E-2 3.39069E-2 3.13617E-2 2.9292E-2 3.13617E-2 3.53241E-2 3.85318E-2 3.71589E-2 3.85318E-2 3.99148E-2 3.67704E-2 3.67566E-2 4.21695E-2 4.40515E-2 4.5224E-2 4.55094E-2 4.25337E-2 3.7806E-2 3.20272E-2 2.50824E-2 2.33046E-2 2.13414E-2 2.51811E-2 2.6857E-2 2.67556E-2 3.12212E-2 4.04092E-2 2.29337E-2 4.94877E-2 4.13132E-2 4.58829E-2 3.21053E-2 4.73338E-2 5.23866E-2 5.53077E-2 6.5328E-2
-9999 1.19754E-1 -9999 -9999 -9999 1.03183E-1 1.05771E-1 1.00445E-1 7.81611E-2 2.68239E-2 4.13956E-2 4.14305E-2 3.48492E-2 4.29242E-2 4.30608E-2 5.06355E-2 6.12296E-2 6.60577E-2 6.39657E-2 5.4818E-2 6.05308E-2 6.55192E-2 6.47063E-2 6.22987E-2 6.14265E-2 4.94877E-2 3.60577E-2 3.21044E-2 3.47064E-2 4.53477E-2 5.25181E-2 5.06355E-2 4.95873E-2 4.90913E-2 5.33181E-2 6.31116E-2 5.21117E-2 3.98473E-2 4.08756E-2 4.68149E-2 4.76642E-2 4.45664E-2 4.53041E-2 4.56733E-2 4.80465E-2 4.50389E-2 4.07114E-2 3.61235E-2 2.99221E-2 2.50785E-2 2.29633E-2 2.48288E-2 3.04854E-2 3.36976E-2 2.97861E-2 4.95604E-2 5.35094E-2 6.76239E-2 3.52128E-2 5.65714E-2 4.3407E-2 7.5744E-2 4.74171E-2 6.39352E-2 8.16177E-2
-9999 -9999 -9999 -9999 -9999 1.07738E-1 1.06914E-1 1.02989E-1 8.84509E-2 3.7693E-2 5.80304E-2 5.49287E-2 6.19841E-2 6.14387E-2 5.8176E-2 5.90203E-2 5.87224E-2 5.90545E-2 4.95873E-2 4.90231E-2 6.12296E-2 5.53829E-2 4.281E-2 4.22737E-2 3.25206E-2 3.12295E-2 4.74353E-2 6.07223E-2 5.01564E-2 4.33043E-2 5.87224E-2 4.90913E-2 4.80231E-2 5.92772E-2 6.57056E-2 7.05662E-2 8.53331E-2 8.19695E-2 7.82272E-2 6.93573E-2 6.09946E-2 5.54547E-2 5.32218E-2 5.17174E-2 4.9585E-2 4.76049E-2 4.26798E-2 3.50302E-2 3.09934E-2 3.25686E-2 3.25686E-2 3.25168E-2 3.81014E-2 4.74923E-2 6.10669E-2 6.7028E-2 7.09767E-2 8.15962E-2 7.92714E-2 7.87532E-2 9.32788E-2 1.13848E-1 8.19306E-2 7.4831E-2 9.80774E-2
-9999 1.45425E-1 1.36321E-1 -9999 -9999 1.05147E-1 1.04358E-1 1.06185E-1 8.27875E-2 6.1921E-2 7.51523E-2 7.37634E-2 5.61533E-2 6.75084E-2 7.39422E-2 7.07956E-2 7.36944E-2 7.28502E-2 6.99889E-2 7.04377E-2 7.12536E-2 6.69666E-2 6.37453E-2 6.61057E-2 6.00341E-2 5.87224E-2 5.90545E-2 6.92849E-2 6.24E-2 6.38293E-2 7.9558E-2 7.5075E-2 8.02097E-2 8.69213E-2 8.55752E-2 9.07787E-2 1.00355E-1 7.92714E-2 7.47748E-2 8.25045E-2 7.98011E-2 7.80347E-2 7.48938E-2 6.76098E-2 6.39823E-2 5.89852E-2 5.61822E-2 5.16127E-2 5.04019E-2 4.38945E-2 3.45697E-2 3.22376E-2 5.29411E-2 6.61758E-2 7.20766E-2 7.74927E-2 8.63618E-2 9.6432E-2 9.83925E-2 8.93349E-2 1.22418E-1 1.31596E-1 9.52491E-2 7.7108E-2 1.24681E-1
1.57383E-1 1.51888E-1 1.39501E-1 -9999 -9999 1.05147E-1 1.04358E-1 1.05058E-1 8.53464E-2 9.04908E-2 8.46494E-2 8.28868E-2 7.47748E-2 7.92615E-2 7.85094E-2 7.54044E-2 7.57234E-2 7.78773E-2 7.69751E-2 7.60884E-2 7.6979E-2 7.60884E-2 7.36944E-2 7.36944E-2 7.45458E-2 7.14554E-2 7.43398E-2 7.80546E-2 7.80347E-2 8.30557E-2 8.58394E-2 9.22883E-2 9.54519E-2 1.01792E-1 1.07321E-1 1.10779E-1 1.10353E-1 1.03839E-1 9.57755E-2 9.47473E-2 9.40377E-2 9.11583E-2 8.48867E-2 8.0398E-2 7.32973E-2 6.52917E-2 6.17741E-2 5.75257E-2 5.02259E-2 4.45664E-2 5.34706E-2 6.18178E-2 6.3279E-2 6.4613E-2 7.92615E-2 8.39439E-2 9.30125E-2 1.03937E-1 1.05869E-1 1.14436E-1 1.33898E-1 1.47625E-1 1.35313E-1 9.32423E-2 1.23165E-1
1.37587E-1 1.49141E-1 -9999 -9999 -9999 -9999 1.02096E-1 1.01284E-1 9.75648E-2 9.21574E-2 9.01214E-2 8.28868E-2 7.7552E-2 7.91054E-2 8.20572E-2 7.8439E-2 7.9697E-2 7.67668E-2 7.67668E-2 7.61101E-2 7.67668E-2 7.68965E-2 7.69751E-2 7.70025E-2 7.69047E-2 7.85737E-2 8.05345E-2 7.60505E-2 8.07562E-2 8.4311E-2 8.52604E-2 9.23456E-2 9.58503E-2 1.02971E-1 1.14557E-1 1.16974E-1 1.10392E-1 1.05028E-1 9.9884E-2 9.55776E-2 9.76274E-2 9.70201E-2 9.01214E-2 8.5343E-2 7.37435E-2 6.15846E-2 6.25451E-2 6.25451E-2 6.18178E-2 6.46537E-2 6.39823E-2 6.25036E-2 6.47575E-2 7.48938E-2 8.39358E-2 9.01532E-2 8.5651E-2 1.03189E-1 1.15285E-1 1.22662E-1 1.42898E-1 1.47562E-1 1.57762E-1 1.34631E-1 1.44747E-1
8.79342E-2 1.30205E-1 -9999 -9999 -9999 -9999 9.65515E-2 9.48879E-2 9.37437E-2 9.21574E-2 8.99383E-2 8.42092E-2 8.4751E-2 8.27437E-2 8.06506E-2 7.9316E-2 7.84573E-2 7.75436E-2 7.63544E-2 7.35908E-2 7.5358E-2 7.60814E-2 7.68965E-2 7.51954E-2 7.70025E-2 7.87833E-2 8.11754E-2 8.02417E-2 8.08493E-2 8.22886E-2 8.46704E-2 8.70344E-2 9.27091E-2 9.79901E-2 1.04608E-1 1.10392E-1 1.08065E-1 1.02497E-1 9.43698E-2 8.85684E-2 9.5428E-2 9.55776E-2 9.34938E-2 8.12149E-2 7.51915E-2 6.62791E-2 6.39657E-2 5.09261E-2 5.57575E-2 6.47575E-2 6.4766E-2 7.12536E-2 7.74927E-2 8.39358E-2 8.93145E-2 9.21209E-2 9.95393E-2 1.11771E-1 1.19453E-1 1.22767E-1 1.43126E-1 1.48977E-1 1.59162E-1 1.63655E-1 1.46288E-1
-9999 1.30784E-1 -9999 -9999 -9999 -9999 9.33741E-2 9.32385E-2 8.97029E-2 8.80318E-2 8.86911E-2 8.22886E-2 8.21695E-2 8.06104E-2 7.84236E-2 7.84236E-2 7.85439E-2 7.56982E-2 7.42278E-2 7.44705E-2 7.48053E-2 7.41063E-2 7.43484E-2 7.61101E-2 7.60021E-2 7.68965E-2 7.70025E-2 7.9316E-2 7.89709E-2 7.7827E-2 8.1221E-2 8.25063E-2 8.66255E-2 9.20932E-2 9.3518E-2 9.33741E-2 9.13881E-2 9.03614E-2 8.9203E-2 8.8292E-2 9.13881E-2 8.71154E-2 8.44346E-2 8.08493E-2 7.74881E-2 7.41467E-2 7.01875E-2 6.62495E-2 7.20132E-2 7.28502E-2 7.12536E-2 7.71436E-2 8.18089E-2 8.8272E-2 9.09523E-2 9.45387E-2 1.00355E-1 1.08087E-1 1.16834E-1 1.31596E-1 1.36032E-1 1.44755E-1 1.60656E-1 1.60052E-1 1.59065E-1
-9999 1.00986E-1 -9999 -9999 -9999 -9999 -9999 -9999 -9999 8.60451E-2 -9999 8.15543E-2 8.18354E-2 7.80968E-2 7.73994E-2 7.80968E-2 7.69153E-2 7.42278E-2 7.42278E-2 7.35669E-2 7.45755E-2 7.49853E-2 7.30934E-2 7.42962E-2 7.28277E-2 7.5461E-2 7.60021E-2 7.6586E-2 7.66378E-2 7.62534E-2 7.75071E-2 7.84236E-2 8.13404E-2 8.17807E-2 8.57036E-2 8.47243E-2 8.91532E-2 8.8035E-2 8.66911E-2 8.71154E-2 8.47243E-2 8.27334E-2 7.98995E-2 7.58194E-2 7.48053E-2 7.17501E-2 7.12247E-2 7.41467E-2 7.51954E-2 7.87857E-2 7.45458E-2 7.76224E-2 8.39358E-2 8.71853E-2 8.81964E-2 9.52817E-2 1.03937E-1 1.11948E-1 1.16531E-1 1.24425E-1 1.27345E-1 1.33898E-1 1.32571E-1 1.42048E-1 1.54671E-1
