KUENM/Final_Models/M_0.1_F_lq_Set_2_E/sp1_5.asc
ncols         197
nrows         210
xllcorner     56.1666666666667
yllcorner     4.5
cellsize      0.166666666666667
NODATA_value  -9999
[rows 84 to 111 of 210, columns 130 to 194 of 197]
3.75476E-1 3.86472E-1 3.26651E-1 2.80549E-1 2.88305E-1 3.80489E-1 4.15069E-1 4.57476E-1 3.70012E-1 3.50834E-1 3.83849E-1 4.56357E-1 5.42713E-1 4.98401E-1 3.41142E-1 2.47369E-1 3.44957E-1 4.15023E-1 4.29137E-1 3.76786E-1 3.57945E-1 3.44819E-1 2.97575E-1 2.36957E-1 2.0738E-1 2.34961E-1 2.56403E-1 2.44082E-1 2.28148E-1 1.92554E-1 1.52383E-1 1.30017E-1 1.28702E-1 1.53337E-1 1.82061E-1 2.03461E-1 2.67564E-1 3.24072E-1 2.38342E-1 2.05152E-1 1.93446E-1 2.32979E-1 2.69653E-1 2.92061E-1 3.14702E-1 3.78639E-1 3.10891E-1 1.97363E-1 1.81106E-1 2.26467E-1 1.6271E-1 1.06721E-1 4.76968E-2 2.01098E-2 1.70543E-2 1.03574E-2 4.43833E-3 2.31117E-3 3.21869E-3 2.68065E-3 6.21209E-4 8.82641E-5 2.23919E-5 2.22045E-5 2.33126E-6
3.21814E-1 3.2827E-1 2.95473E-1 2.97279E-1 3.46388E-1 4.02675E-1 3.84674E-1 3.56385E-1 2.98689E-1 2.88114E-1 3.15789E-1 3.58164E-1 4.46905E-1 3.66882E-1 2.26214E-1 1.88526E-1 3.56258E-1 3.89696E-1 2.28162E-1 2.75298E-1 2.93963E-1 2.67846E-1 2.67846E-1 2.80549E-1 3.0475E-1 2.67651E-1 2.56702E-1 2.42408E-1 2.09224E-1 2.1434E-1 2.26405E-1 1.70136E-1 2.07197E-1 2.35066E-1 2.22383E-1 2.02991E-1 2.36117E-1 2.99116E-1 2.74636E-1 2.14964E-1 1.92969E-1 2.37912E-1 2.9533E-1 3.14305E-1 3.31431E-1 3.43036E-1 2.69419E-1 1.74138E-1 2.20635E-1 3.50599E-1 2.20963E-1 9.46821E-2 2.81681E-2 1.17781E-2 3.28317E-2 2.68697E-2 6.72295E-3 1.27972E-3 3.58895E-3 4.06598E-3 1.45711E-3 2.498E-4 5.64566E-5 3.74539E-5 4.12988E-6
2.54424E-1 2.56364E-1 2.59575E-1 2.47669E-1 2.67651E-1 2.83307E-1 2.69835E-1 2.31101E-1 1.65673E-1 1.11513E-1 1.48336E-1 2.40494E-1 2.96228E-1 2.05831E-1 1.3134E-1 1.65259E-1 2.76852E-1 2.78949E-1 2.2415E-1 2.72302E-1 2.58214E-1 2.22976E-1 2.21239E-1 2.95703E-1 3.99099E-1 3.74757E-1 2.87554E-1 2.40268E-1 1.94212E-1 1.50939E-1 1.16017E-1 1.79517E-1 2.73364E-1 3.01321E-1 2.27659E-1 2.50597E-1 2.41515E-1 2.19603E-1 2.09212E-1 1.9073E-1 2.06796E-1 2.62942E-1 2.75996E-1 2.66657E-1 3.27221E-1 3.76765E-1 2.46952E-1 1.81578E-1 2.01305E-1 2.25448E-1 1.45391E-1 8.46659E-2 5.51416E-2 3.45713E-2 5.70368E-2 4.86143E-2 1.54329E-2 3.9942E-3 3.40051E-3 3.58257E-3 2.00955E-3 7.24441E-4 1.85446E-4 6.38688E-5 9.8135E-6
2.1215E-1 2.03258E-1 1.70222E-1 1.26528E-1 1.42547E-1 1.62465E-1 1.72689E-1 1.74837E-1 1.21369E-1 7.97636E-2 7.85047E-2 1.51975E-1 2.1387E-1 9.88288E-2 4.76968E-2 8.95857E-2 1.478E-1 1.6641E-1 1.73865E-1 1.98228E-1 1.78376E-1 1.56866E-1 1.57747E-1 2.16545E-1 3.40313E-1 3.50834E-1 3.04272E-1 2.46458E-1 1.97436E-1 1.64181E-1 1.64181E-1 2.38794E-1 3.84292E-1 5.22063E-1 3.91068E-1 2.08898E-1 1.64385E-1 1.3554E-1 1.3298E-1 1.69253E-1 2.15413E-1 2.17153E-1 1.6009E-1 1.49758E-1 2.17857E-1 2.41515E-1 2.14964E-1 2.23687E-1 2.29428E-1 1.79517E-1 1.14102E-1 9.32076E-2 1.13818E-1 1.17723E-1 1.20122E-1 8.17605E-2 3.10124E-2 3.58895E-3 1.35293E-3 1.26628E-3 1.32858E-3 1.04885E-3 4.17569E-4 1.34673E-4 3.85373E-5
2.05237E-1 1.59772E-1 9.58956E-2 4.92551E-2 6.27137E-2 8.96468E-2 1.24982E-1 1.37777E-1 1.19969E-1 7.59771E-2 6.6456E-2 1.01236E-1 1.1529E-1 5.38758E-2 3.46228E-2 5.37123E-2 1.01438E-1 1.22257E-1 1.25661E-1 1.23144E-1 9.54689E-2 7.31569E-2 9.24151E-2 1.44288E-1 2.02684E-1 2.20571E-1 2.5698E-1 2.43215E-1 2.02415E-1 1.77809E-1 1.79946E-1 2.26782E-1 3.41348E-1 4.1634E-1 2.8601E-1 1.86936E-1 1.22288E-1 9.00408E-2 8.25567E-2 1.47544E-1 1.97361E-1 2.02403E-1 1.18037E-1 1.02556E-1 1.42446E-1 1.43852E-1 1.68316E-1 2.65819E-1 2.34605E-1 1.56772E-1 1.01616E-1 7.88638E-2 1.08128E-1 1.47981E-1 1.12884E-1 6.67517E-2 1.71812E-2 6.92439E-4 3.46442E-4 1.32014E-3 1.18806E-3 9.54743E-4 6.36252E-4 2.76147E-4 1.11373E-4
2.27446E-1 1.52569E-1 7.98531E-2 3.71481E-2 3.2771E-2 4.61474E-2 8.1735E-2 1.3695E-1 1.04587E-1 5.23E-2 4.76427E-2 5.85971E-2 5.76806E-2 4.25662E-2 4.12104E-2 5.3782E-2 1.08387E-1 9.54689E-2 7.6107E-2 6.50834E-2 4.55062E-2 4.02257E-2 5.62538E-2 8.7501E-2 1.307E-1 1.835E-1 2.41213E-1 2.39479E-1 2.04708E-1 1.77784E-1 1.65664E-1 1.76893E-1 2.06027E-1 2.01155E-1 1.44223E-1 1.25263E-1 1.34424E-1 9.39662E-2 3.79146E-2 6.36753E-2 1.23757E-1 2.08087E-1 1.62867E-1 1.32836E-1 1.40532E-1 1.31707E-1 1.50551E-1 1.99064E-1 2.10486E-1 1.06429E-1 5.7469E-2 3.28291E-2 4.08995E-2 5.46255E-2 4.7381E-2 2.03149E-2 1.94194E-3 4.44841E-5 2.37733E-5 4.85923E-4 8.14819E-4 6.92277E-4 7.8968E-4 4.37543E-4 1.92932E-4
2.29153E-1 1.74222E-1 8.66337E-2 3.47185E-2 2.76585E-2 3.23553E-2 5.25824E-2 6.12211E-2 3.81766E-2 1.65863E-2 2.16588E-2 3.2319E-2 6.18683E-2 6.90644E-2 6.8912E-2 6.92928E-2 7.48452E-2 1.00355E-1 7.7594E-2 4.42558E-2 2.25655E-2 2.42221E-2 3.96873E-2 6.11058E-2 9.23399E-2 1.56286E-1 2.25013E-1 2.02406E-1 1.77762E-1 1.59124E-1 1.48782E-1 1.47726E-1 1.54846E-1 1.56292E-1 1.54846E-1 1.51066E-1 1.34424E-1 7.89575E-2 3.65731E-2 4.25673E-2 8.33124E-2 1.13818E-1 1.04594E-1 1.17723E-1 1.28211E-1 1.11444E-1 1.14977E-1 1.19798E-1 1.02379E-1 6.70758E-2 3.55894E-2 2.03298E-2 1.76874E-2 1.66291E-2 1.64214E-2 9.78232E-3 7.6067E-4 1.55795E-5 6.61016E-6 1.38228E-4 4.42885E-4 6.31189E-4 8.57305E-4 5.07643E-4 2.17903E-4
2.40494E-1 1.65451E-1 7.09204E-2 3.42213E-2 2.03298E-2 1.91407E-2 2.29059E-2 1.42781E-2 3.78688E-3 4.13456E-3 2.06222E-2 5.12284E-2 6.82348E-2 7.46806E-2 8.03451E-2 6.9462E-2 5.89734E-2 7.79615E-2 5.98734E-2 3.78888E-2 2.84417E-2 3.05976E-2 3.91548E-2 4.72652E-2 7.06596E-2 1.12706E-1 1.61103E-1 1.54759E-1 1.29748E-1 1.24761E-1 1.14977E-1 1.08387E-1 1.06681E-1 8.51003E-2 8.54875E-2 9.06677E-2 8.56386E-2 4.31529E-2 2.57183E-2 3.32628E-2 4.31529E-2 4.2606E-2 2.99565E-2 4.72652E-2 6.38739E-2 6.00878E-2 7.88704E-2 9.31159E-2 8.45134E-2 5.32459E-2 3.42321E-2 2.12649E-2 1.55856E-2 1.38514E-2 9.97845E-3 6.96184E-3 1.17862E-3 1.16725E-4 6.48835E-5 1.96983E-4 3.89072E-4 7.06259E-4 8.83273E-4 5.28819E-4 1.80684E-4
1.77682E-1 1.07017E-1 4.14346E-2 2.21953E-2 1.49584E-2 1.66771E-2 1.42796E-2 1.19926E-2 6.38715E-3 1.2156E-2 2.65086E-2 4.80016E-2 4.20063E-2 6.31024E-2 8.31472E-2 7.36992E-2 5.31146E-2 5.32787E-2 4.66521E-2 4.08492E-2 4.02257E-2 4.77824E-2 4.40409E-2 4.23602E-2 5.84045E-2 7.24217E-2 9.03001E-2 1.0024E-1 1.07985E-1 9.75956E-2 8.14891E-2 6.34078E-2 6.25115E-2 5.08211E-2 4.52163E-2 4.72672E-2 5.25824E-2 6.04615E-2 7.34472E-2 4.92291E-2 3.51027E-2 2.06295E-2 1.74712E-2 1.81456E-2 1.21026E-2 9.77481E-3 1.8418E-2 3.92962E-2 4.92722E-2 2.61265E-2 2.0802E-2 2.11178E-2 1.30998E-2 1.08183E-2 7.165E-3 4.13721E-3 1.59788E-3 6.44327E-4 4.76296E-4 3.92288E-4 2.18853E-4 3.0339E-4 7.48485E-4 5.7986E-4 1.80292E-4
6.34981E-2 3.87106E-2 1.93412E-2 1.13973E-2 1.08756E-2 1.19926E-2 1.38372E-2 2.42856E-2 2.18666E-2 9.52329E-3 2.72929E-2 4.66521E-2 3.62346E-2 4.12537E-2 5.17093E-2 4.80895E-2 4.23243E-2 3.41458E-2 3.0966E-2 3.36756E-2 4.23243E-2 4.99861E-2 4.2743E-2 3.2861E-2 3.30962E-2 3.24433E-2 4.98567E-2 4.30978E-2 6.23421E-2 5.29721E-2 3.85902E-2 3.06668E-2 2.87577E-2 2.29396E-2 2.16412E-2 2.1016E-2 2.98509E-2 6.08225E-2 7.7594E-2 3.33724E-2 2.18821E-2 1.58471E-2 1.77383E-2 1.92325E-2 7.84621E-3 5.15636E-3 8.37757E-3 2.05476E-2 2.32352E-2 1.0338E-2 7.77364E-3 1.26406E-2 1.16663E-2 9.20104E-3 5.1332E-3 3.33423E-3 2.27636E-3 1.79137E-3 1.65832E-3 1.14261E-3 3.40386E-4 2.92756E-4 5.60858E-4 4.74474E-4 1.98752E-4
2.92507E-2 1.7375E-2 1.00049E-2 6.60928E-3 6.95558E-3 7.83479E-3 1.18017E-2 2.61002E-2 2.3207E-2 7.43028E-3 3.32962E-2 3.05327E-2 1.87736E-2 1.5715E-2 2.07196E-2 1.98864E-2 1.65863E-2 1.33972E-2 1.21073E-2 2.07196E-2 3.59943E-2 3.65622E-2 3.32247E-2 2.49407E-2 1.92564E-2 1.7952E-2 1.97952E-2 1.59039E-2 1.66642E-2 2.26342E-2 1.82193E-2 1.46441E-2 1.18881E-2 9.77481E-3 1.1221E-2 1.06381E-2 1.52517E-2 1.90122E-2 1.33098E-2 1.53107E-2 1.92321E-2 1.44595E-2 1.56552E-2 1.50761E-2 1.29347E-2 1.49501E-2 1.54329E-2 1.21277E-2 1.36327E-2 1.19708E-2 2.18837E-2 1.44088E-2 1.27806E-2 1.07646E-2 3.51811E-3 3.33021E-3 3.60984E-3 2.73782E-3 3.54459E-3 3.74365E-3 1.22176E-3 7.38877E-4 7.23909E-4 5.26865E-4 2.33738E-4
1.60796E-2 9.38645E-3 5.66182E-3 4.13892E-3 3.92433E-3 5.7719E-3 1.01896E-2 1.13973E-2 1.25713E-2 1.49396E-2 1.91407E-2 1.33098E-2 1.21407E-2 1.03413E-2 8.47932E-3 5.70482E-3 4.91751E-3 3.71638E-3 5.00368E-3 1.3683E-2 3.25807E-2 3.44426E-2 2.50115E-2 1.63348E-2 1.06292E-2 6.83882E-3 6.20056E-3 5.52377E-3 4.67196E-3 7.34521E-3 6.07045E-3 5.03558E-3 4.10223E-3 3.4108E-3 3.53259E-3 4.46304E-3 3.72567E-3 2.52012E-3 1.39527E-3 1.68363E-3 6.72852E-3 1.0683E-2 7.17446E-3 4.20666E-3 3.6588E-3 2.77962E-3 2.52504E-3 1.77565E-3 2.81233E-3 6.95314E-3 1.15961E-2 1.64531E-2 1.98136E-2 1.82246E-2 8.52682E-3 6.42014E-3 8.52682E-3 2.54057E-3 1.77046E-3 1.98644E-3 1.70344E-3 1.37504E-3 1.22176E-3 7.38877E-4 3.37836E-4
1.17431E-2 7.82802E-3 5.02433E-3 4.28982E-3 3.45945E-3 5.20233E-3 8.09474E-3 1.01896E-2 1.3828E-2 1.6422E-2 1.20653E-2 8.99501E-3 7.2012E-3 4.765E-3 3.27753E-3 1.84098E-3 1.30325E-3 9.82088E-4 3.32474E-3 1.2497E-2 3.32247E-2 4.03626E-2 2.42313E-2 1.3266E-2 8.73218E-3 6.71535E-3 3.79064E-3 2.81493E-3 2.25545E-3 3.0057E-3 2.68313E-3 2.1534E-3 1.57969E-3 1.25562E-3 1.1614E-3 1.65117E-3 1.4426E-3 1.75743E-3 1.12478E-3 1.21841E-3 5.0955E-3 8.14887E-3 2.30203E-3 9.06948E-4 7.51721E-4 3.2139E-4 6.67765E-4 1.85441E-3 2.84169E-3 3.516E-3 4.49327E-3 6.26714E-3 1.46343E-2 2.44737E-2 1.41759E-2 9.18098E-3 4.5635E-2 5.7831E-3 2.10336E-3 1.91188E-3 1.70344E-3 2.02473E-3 2.49334E-3 1.48697E-3 6.94821E-4
9.52329E-3 5.84907E-3 6.9034E-3 1.51558E-2 1.34753E-2 1.11867E-2 1.2156E-2 1.18042E-2 1.33777E-2 1.76756E-2 2.05923E-2 1.31873E-2 3.10647E-3 1.84489E-3 8.93872E-4 3.94652E-4 2.62489E-4 3.38321E-4 8.46524E-4 4.28477E-3 1.4903E-2 2.91651E-2 1.81095E-2 1.02418E-2 7.19089E-3 6.95484E-3 6.00401E-3 2.68313E-3 1.40288E-3 1.3544E-3 1.3286E-3 8.76394E-4 5.07335E-4 3.96619E-4 4.6357E-4 7.0049E-4 1.02683E-3 1.23214E-3 1.14775E-3 6.96012E-4 1.21758E-3 1.77693E-3 6.5902E-4 2.24943E-4 3.10751E-4 3.15555E-4 3.56525E-3 7.77635E-3 2.93114E-3 1.26628E-3 2.17239E-3 3.29427E-3 8.52682E-3 2.27112E-2 2.85213E-2 1.05498E-2 2.93616E-2 2.30547E-2 8.73037E-3 3.41733E-3 1.77046E-3 1.77046E-3 4.56431E-3 4.98907E-3 2.84166E-3
5.78785E-3 4.88977E-3 6.60384E-3 1.29768E-2 1.84544E-2 2.29289E-2 2.54335E-2 2.60552E-2 2.50175E-2 3.19229E-2 2.50088E-2 1.15738E-2 4.59521E-3 1.77289E-3 4.68889E-4 9.91235E-5 9.56194E-5 1.98117E-4 5.16301E-4 8.60471E-4 2.69586E-3 4.9533E-3 4.86556E-3 5.64621E-3 5.45541E-3 7.15978E-3 9.24943E-3 4.06631E-3 1.77824E-3 9.57604E-4 6.93695E-4 3.89153E-4 1.74604E-4 1.20206E-4 1.68989E-4 2.55341E-4 3.95315E-4 5.31005E-4 3.95895E-4 2.94079E-4 1.72165E-4 2.66321E-4 3.74079E-4 4.23879E-4 5.75324E-4 1.03625E-3 5.18572E-3 5.65474E-3 2.14372E-3 1.12012E-3 1.90137E-3 4.98907E-3 7.24325E-3 1.47329E-2 2.31927E-2 1.10837E-2 1.43577E-2 3.48549E-2 2.18372E-2 1.01452E-2 3.23428E-3 8.52046E-4 9.6174E-4 2.2266E-3 4.45432E-4
3.73925E-3 3.01235E-3 3.58681E-3 7.3895E-3 1.58E-2 2.89938E-2 3.49896E-2 3.81182E-2 4.03634E-2 3.92733E-2 2.87124E-2 1.29332E-2 5.94376E-3 1.40288E-3 2.88225E-4 8.18551E-5 1.00631E-4 1.74142E-4 5.05574E-4 1.35477E-3 2.36795E-3 1.71662E-3 4.15948E-4 6.94435E-4 1.67512E-3 5.92538E-3 1.40444E-2 6.35812E-3 2.24059E-3 7.99172E-4 3.74908E-4 1.91918E-4 9.69951E-5 4.9031E-5 4.4054E-5 5.22618E-5 8.18551E-5 1.55662E-4 1.22882E-4 4.61534E-5 2.28301E-5 5.86647E-5 2.78824E-4 7.53337E-4 7.99544E-4 1.01604E-3 1.54402E-3 1.16474E-3 9.85568E-4 9.6174E-4 1.59788E-3 3.68533E-3 4.40385E-3 7.75529E-3 8.83051E-3 6.3823E-3 8.83051E-3 1.66403E-2 1.87445E-2 1.76186E-2 3.76916E-3 3.47759E-4 1.80743E-4 5.42037E-4 4.95954E-5
3.9987E-3 1.8299E-3 1.46512E-3 3.71287E-3 8.38681E-3 1.47071E-2 1.79811E-2 2.84417E-2 2.94334E-2 4.2743E-2 3.63952E-2 1.76113E-2 5.77677E-3 1.30325E-3 3.30247E-4 1.29926E-4 1.32964E-4 2.23868E-4 4.75762E-4 1.15967E-3 1.79751E-3 2.63605E-3 8.69974E-4 2.52733E-4 5.89983E-4 3.25591E-3 9.53379E-3 4.81307E-3 1.64446E-3 6.05873E-4 2.61079E-4 1.16481E-4 7.69176E-5 4.02544E-5 3.03226E-5 4.44053E-5 4.97423E-5 1.13764E-4 1.32991E-4 6.25703E-5 2.5016E-5 5.10177E-5 4.14597E-4 1.35293E-3 1.42917E-3 8.00146E-4 1.02573E-3 1.45822E-3 2.03855E-3 2.51036E-3 3.63444E-3 4.17281E-3 2.98584E-3 3.06028E-3 3.41711E-3 2.78831E-3 3.35498E-3 5.45294E-3 6.3823E-3 3.52554E-3 3.50137E-4 1.17849E-5 9.48105E-7 1.12036E-5 1.62084E-5
4.13721E-3 1.3462E-3 4.90039E-4 2.9462E-4 3.70637E-3 9.24943E-3 3.09743E-3 1.74712E-2 2.32796E-2 3.27519E-2 4.09095E-2 1.74754E-2 4.95041E-3 1.11847E-3 2.44508E-4 1.29826E-4 1.01487E-4 2.00987E-4 5.88104E-4 1.73027E-3 1.96842E-3 1.42907E-3 9.70451E-4 1.08741E-3 1.80948E-3 2.35857E-3 1.97857E-3 1.37946E-3 3.90107E-4 2.75161E-4 1.76923E-4 1.66842E-4 1.2138E-4 8.5701E-5 8.37637E-5 1.28898E-4 3.30657E-4 8.79423E-4 5.74922E-4 1.53065E-4 6.54093E-5 1.3342E-4 7.39302E-4 1.39978E-3 1.37275E-3 1.1504E-3 9.85568E-4 2.15157E-3 3.74365E-3 6.00783E-3 9.6758E-3 5.07822E-3 3.44062E-3 2.11771E-3 2.0326E-3 1.37321E-3 9.64509E-4 1.52154E-3 2.15222E-3 5.52054E-4 2.26832E-5 9.48105E-7 1.03153E-7 2.2688E-7 -9999
1.2995E-2 4.79481E-3 3.74088E-4 1.15516E-7 8.32951E-4 9.41864E-5 3.60738E-4 1.23343E-2 2.66884E-2 3.04315E-2 2.67918E-2 1.33486E-2 3.58895E-3 6.51461E-4 1.80842E-4 8.45891E-5 7.74476E-5 1.91229E-4 7.22867E-4 1.91692E-3 4.47354E-3 6.18253E-3 6.67145E-3 3.77359E-3 2.76969E-3 3.4253E-3 1.80834E-3 5.57489E-4 9.02412E-5 1.26248E-4 1.76603E-4 2.26943E-4 2.2478E-4 1.64655E-4 1.39518E-4 2.70242E-4 5.75123E-4 8.87826E-4 5.32603E-4 2.53794E-4 1.67043E-4 2.22622E-4 4.60793E-4 6.11534E-4 8.23297E-4 1.11311E-3 8.99518E-4 1.315E-3 1.74282E-3 2.47874E-3 2.10701E-3 2.95739E-3 2.98735E-3 2.22511E-3 1.54424E-3 6.68431E-4 1.8495E-4 4.49646E-4 1.51443E-3 2.00065E-4 2.4416E-5 7.25687E-6 2.51517E-6 7.96111E-7 -9999
5.18286E-2 2.39032E-2 7.07794E-4 3.01293E-5 2.66313E-6 1.37127E-4 4.75078E-3 2.58415E-2 3.70983E-2 2.14522E-2 8.47932E-3 5.38612E-3 1.60461E-3 2.3413E-4 1.13517E-4 5.85344E-5 6.01721E-5 2.50219E-4 9.6973E-4 3.09743E-3 1.69362E-2 2.27595E-2 1.64579E-2 1.00866E-2 6.43988E-3 3.76916E-3 2.01223E-3 8.01693E-4 3.77643E-4 2.67517E-4 2.22013E-4 2.74684E-4 2.8201E-4 2.18853E-4 1.39558E-4 2.20123E-4 4.38323E-4 5.05289E-4 3.01799E-4 1.55642E-4 9.60304E-5 9.17159E-5 1.26248E-4 2.01788E-4 3.46442E-4 5.69607E-4 5.4911E-4 4.5552E-4 4.86992E-4 8.14819E-4 6.96164E-4 5.82966E-4 1.10454E-3 9.64509E-4 5.43194E-4 3.3367E-4 1.41402E-4 3.79418E-4 5.29475E-4 1.12197E-4 2.26832E-5 7.98499E-5 5.45159E-5 -9999 -9999
4.34626E-2 5.59704E-2 1.0194E-2 3.95023E-3 3.31037E-3 2.98586E-3 1.78767E-2 4.55642E-2 4.1027E-2 1.31024E-2 2.68292E-3 3.16074E-3 1.05512E-3 1.00643E-4 6.03391E-5 5.60884E-5 5.58748E-5 3.74631E-4 2.07619E-3 7.4677E-3 4.17165E-2 4.77476E-2 3.0718E-2 1.83469E-2 1.07826E-2 5.2639E-3 3.43312E-3 2.12005E-3 9.14481E-4 3.36098E-4 2.75779E-4 2.53591E-4 1.85688E-4 6.47236E-5 4.95954E-5 9.75227E-5 2.58761E-4 2.57004E-4 1.34092E-4 6.1919E-5 3.89235E-5 2.81866E-5 2.97275E-5 8.05228E-5 2.10809E-4 3.90698E-4 4.84912E-4 3.9133E-4 2.45829E-4 2.7065E-4 1.78059E-4 1.52624E-4 1.11593E-4 5.59433E-5 6.55924E-5 1.61037E-4 2.68774E-4 2.62985E-4 1.61037E-4 7.72215E-5 8.61731E-5 1.41332E-4 -9999 -9999 -9999
2.26089E-2 1.44073E-2 3.08312E-2 3.27519E-2 4.1804E-2 2.70256E-2 3.73644E-2 5.53348E-2 5.23E-2 2.1854E-2 6.38936E-3 4.43833E-3 1.77565E-3 1.42288E-4 3.53727E-5 8.0964E-5 1.97509E-4 1.21196E-3 5.77677E-3 2.19062E-2 7.08697E-2 7.0179E-2 4.00656E-2 2.54952E-2 1.73159E-2 1.01798E-2 7.04157E-3 5.24683E-3 2.78182E-3 1.08002E-3 8.14174E-4 5.97999E-4 9.95338E-5 7.32177E-6 9.35426E-6 1.99173E-5 5.0894E-5 7.54477E-5 3.84399E-5 2.14455E-5 2.17751E-5 1.07401E-5 5.63909E-6 4.04209E-5 2.00987E-4 4.0727E-4 6.34055E-4 5.10857E-4 2.66536E-4 1.29205E-4 4.57402E-5 2.21642E-5 1.26531E-5 2.44604E-6 6.32914E-6 3.38852E-5 8.55798E-5 7.41118E-5 2.46985E-5 6.29507E-6 7.12052E-6 7.78049E-6 -9999 -9999 -9999
9.36251E-2 9.60768E-2 1.14531E-1 9.91834E-2 1.10698E-1 1.10491E-1 9.59107E-2 6.46758E-2 6.92277E-2 6.32776E-2 4.31034E-2 2.28922E-2 5.94833E-3 2.64457E-4 2.14473E-5 5.70328E-5 2.95572E-4 2.31117E-3 1.17833E-2 2.97115E-2 7.19144E-2 5.96334E-2 3.40609E-2 2.72726E-2 2.38683E-2 1.39216E-2 8.95842E-3 1.0429E-2 9.13734E-3 4.992E-3 3.17297E-3 2.26532E-3 2.72361E-4 2.22298E-5 9.69073E-6 8.44427E-6 9.35426E-6 1.07883E-5 9.868E-6 8.12314E-6 1.03233E-5 7.41396E-6 3.17911E-6 3.41873E-5 2.51576E-4 6.93695E-4 1.18605E-3 6.81516E-4 2.82569E-4 1.07561E-4 2.65554E-5 1.28372E-5 4.75256E-6 1.59297E-6 2.58103E-6 1.06245E-5 2.60594E-5 2.92998E-5 9.07565E-6 5.79938E-7 3.87032E-7 -9999 -9999 -9999 -9999
2.2725E-1 1.9336E-1 2.0308E-1 1.95205E-1 1.52504E-1 1.31032E-1 1.38277E-1 1.04696E-1 9.23951E-2 7.58652E-2 6.0818E-2 4.84217E-2 9.44277E-3 7.25724E-4 4.01009E-5 3.15976E-6 6.96139E-5 2.27247E-3 1.53436E-2 3.84937E-2 4.97229E-2 3.75798E-2 2.20538E-2 1.81433E-2 1.45582E-2 7.93785E-3 6.14565E-3 9.87911E-3 1.02129E-2 5.8316E-3 3.22697E-3 1.79784E-3 5.72976E-4 1.33695E-4 3.05925E-5 8.14779E-6 2.39232E-6 2.24408E-6 3.99025E-6 5.9425E-6 1.02062E-5 1.34712E-5 1.56422E-5 6.40448E-5 3.65479E-4 7.93678E-4 1.02561E-3 8.25327E-4 2.55396E-4 8.8277E-5 2.76301E-5 1.26508E-5 4.16568E-6 1.86692E-6 2.14771E-6 6.3589E-6 1.54327E-5 2.02856E-5 1.32051E-5 2.49914E-6 -9999 -9999 -9999 -9999 -9999
3.1394E-1 3.44957E-1 2.72768E-1 2.14964E-1 1.71402E-1 1.47565E-1 1.73141E-1 1.68462E-1 9.26071E-2 3.7385E-2 3.60364E-2 3.15321E-2 5.40407E-3 1.01964E-3 3.30761E-5 2.79706E-6 6.22623E-5 3.09196E-3 2.63716E-2 5.24096E-2 3.45461E-2 2.16232E-2 1.18045E-2 8.32544E-3 6.30168E-3 3.52197E-3 2.16785E-3 2.89405E-3 3.30933E-3 2.12005E-3 1.25515E-3 9.52151E-4 8.23612E-4 5.71914E-4 1.06298E-4 1.2776E-5 1.68902E-6 1.2664E-6 3.43559E-6 1.26804E-5 1.52322E-5 2.4416E-5 4.99349E-5 1.32143E-4 3.7286E-4 7.64754E-4 8.15664E-4 5.40001E-4 1.80558E-4 7.46087E-5 3.30205E-5 1.20927E-5 5.18661E-6 2.76506E-6 2.66366E-6 4.77318E-6 -9999 -9999 -9999 -9999 -9999 -9999 -9999 -9999 -9999
4.59343E-1 3.81245E-1 2.53714E-1 1.869E-1 1.47866E-1 1.29708E-1 1.29583E-1 9.33384E-2 5.0392E-2 1.95991E-2 1.24353E-2 6.23778E-3 1.24432E-3 2.05641E-4 2.11974E-5 1.32051E-5 3.54105E-4 4.44425E-3 8.67158E-3 1.2424E-2 1.53808E-2 1.42059E-2 6.55015E-3 4.42583E-3 4.13468E-3 1.9331E-3 8.16506E-4 5.52054E-4 5.23027E-4 5.35834E-4 4.83726E-4 5.58685E-4 9.30092E-4 1.1662E-3 2.54242E-4 3.87806E-5 8.69802E-6 4.94911E-6 9.53477E-6 1.6481E-5 3.57659E-5 7.72215E-5 1.80038E-4 3.65E-4 5.87624E-4 6.61834E-4 5.50604E-4 2.95572E-4 1.27629E-4 6.40739E-5 3.19161E-5 1.50515E-5 7.81818E-6 5.16322E-6 4.18526E-6 -9999 -9999 -9999 -9999 -9999 -9999 -9999 -9999 -9999 -9999
4.45694E-1 3.5027E-1 2.17123E-1 1.48604E-1 1.06483E-1 9.96915E-2 8.28111E-2 5.10615E-2 2.61778E-2 1.00447E-2 4.23451E-3 1.4453E-3 2.53591E-4 4.79646E-5 1.49704E-5 1.67427E-5 2.90562E-4 1.5266E-3 8.12113E-4 1.33924E-3 7.58141E-3 1.60406E-2 1.23466E-2 5.95283E-3 1.85417E-3 5.4536E-4 2.98168E-4 2.28333E-4 1.89102E-4 1.62972E-4 2.08112E-4 3.83161E-4 6.75023E-4 7.20153E-4 3.23364E-4 9.94197E-5 3.85549E-5 2.42138E-5 2.65789E-5 4.54404E-5 1.09039E-4 2.26799E-4 5.54648E-4 9.91266E-4 1.02443E-3 6.57699E-4 2.82264E-4 1.51128E-4 6.52467E-5 4.02894E-5 2.55312E-5 1.62995E-5 1.06669E-5 8.8881E-6 1.11776E-5 -9999 -9999 -9999 -9999 -9999 -9999 -9999 -9999 -9999 -9999
4.06235E-1 3.33641E-1 2.21073E-1 1.67036E-1 1.40521E-1 9.76698E-2 6.06135E-2 3.02949E-2 1.36559E-2 4.78863E-3 1.59758E-3 5.37209E-4 1.70858E-4 4.55848E-5 1.92025E-5 2.59007E-5 1.19749E-4 3.50137E-4 4.33173E-4 1.02838E-3 5.61788E-3 1.70781E-2 1.74388E-2 7.07928E-3 1.12677E-3 3.46679E-4 2.03289E-4 1.86064E-4 1.57472E-4 9.60342E-5 1.40273E-4 3.0175E-4 4.73648E-4 5.16138E-4 3.52397E-4 1.99992E-4 1.11476E-4 7.87741E-5 8.06239E-5 1.15783E-4 2.1571E-4 4.52309E-4 1.18956E-3 2.76056E-3 1.53653E-3 5.31963E-4 1.51273E-4 3.84017E-5 2.24936E-5 2.08906E-5 2.0028E-5 1.60134E-5 1.33922E-5 1.40267E-5 1.62995E-5 -9999 -9999 -9999 -9999 -9999 -9999 -9999 -9999 -9999 -9999
