KUENM/Final_Models/M_0.1_F_lq_Set_2_E/sp1_avg.asc
ncols         197
nrows         210
xllcorner     56.1666666666667
yllcorner     4.5
cellsize      0.166666666666667
NODATA_value  -9999
[rows 28 to 55 of 210, columns 65 to 129 of 197]
1.81275E-6 1.15057E-6 6.15354E-7 1.06062E-6 2.33215E-6 4.51163E-6 2.00452E-6 1.47557E-6 6.92311E-6 1.33304E-5 6.08248E-6 1.73862E-6 2.33619E-3 4.49093E-3 1.23562E-3 1.77332E-2 1.49796E-2 2.92611E-3 5.27251E-2 7.60015E-2 2.35854E-2 5.48305E-4 1.3488E-3 4.75799E-2 1.10329E-1 2.55968E-2 1.39375E-1 1.27902E-1 1.07298E-1 2.05951E-2 4.02544E-2 3.32138E-2 6.37642E-3 6.76618E-4 3.82058E-3 3.26326E-3 7.03141E-4 8.38808E-5 3.2237E-5 1.17573E-4 2.0988E-6 1.60279E-5 9.86752E-5 1.11529E-4 1.02107E-4 2.53712E-5 1.47388E-5 2.66747E-6 8.20033E-7 1.67068E-7 3.51613E-8 1.25964E-8 2.18825E-8 2.8592E-9 4.14277E-8 3.90367E-7 1.31744E-9 2.67163E-10 2.22462E-10 5.86491E-9 9.74124E-9 1.12216E-8 9.78913E-10 1.60449E-8 7.2927E-12
3.80457E-7 4.30229E-7 6.7287E-7 3.98792E-7 5.59081E-7 3.02378E-7 1.08727E-6 2.90225E-6 1.11239E-6 1.05697E-6 3.13734E-6 4.8969E-5 1.4701E-3 2.71588E-3 2.56462E-3 1.30584E-2 4.11315E-2 6.0229E-2 9.62806E-2 1.08109E-1 1.13311E-1 1.37466E-1 1.42091E-1 1.33292E-1 5.3272E-2 2.02236E-1 2.39632E-1 1.2329E-1 1.63951E-1 2.03438E-1 1.82641E-1 2.35105E-2 2.6948E-2 5.8249E-3 6.15026E-3 2.07721E-4 4.14374E-4 3.9289E-4 3.88442E-4 7.07521E-5 5.18407E-5 3.67057E-4 1.86287E-4 1.07552E-3 3.79337E-4 1.79991E-5 1.20756E-5 1.08251E-5 4.7117E-6 4.46822E-7 1.63617E-8 2.56958E-8 2.54941E-8 1.06984E-7 8.79297E-7 1.31806E-7 2.4832E-7 1.28504E-7 3.2507E-10 9.82777E-11 1.14774E-10 3.89941E-10 3.62715E-8 4.14272E-7 3.40507E-10
1.43821E-6 7.55535E-7 1.46296E-6 2.11127E-6 3.64324E-6 4.56455E-6 3.54642E-6 4.47752E-6 4.16632E-6 2.00703E-5 1.22011E-4 1.98265E-4 8.87659E-4 1.35261E-3 1.02973E-3 1.48431E-3 9.54999E-3 2.58177E-2 7.54967E-2 1.06475E-1 9.57667E-2 1.18908E-1 1.61378E-1 1.79905E-1 1.76137E-1 2.30999E-1 2.55941E-1 2.78988E-1 3.8139E-1 3.98989E-1 3.65616E-1 1.98933E-1 9.29009E-2 5.18352E-2 1.19415E-2 1.0882E-3 1.35025E-4 2.08194E-5 1.01362E-4 9.61703E-4 2.70362E-3 8.46374E-5 5.46508E-4 7.70419E-3 2.47532E-3 3.28351E-3 8.04655E-5 2.25923E-6 8.2915E-7 3.2449E-7 3.42004E-8 9.60761E-8 1.7219E-7 1.2486E-7 1.51272E-7 1.56704E-7 1.02396E-7 1.85114E-7 2.4193E-7 3.48823E-9 2.47514E-10 6.41382E-11 1.42363E-10 2.43631E-10 4.30097E-8
1.17831E-6 2.70946E-6 3.00895E-6 1.29282E-6 1.33713E-6 4.00706E-6 6.45738E-6 1.56416E-5 1.78363E-5 2.77681E-5 6.89462E-5 1.91136E-4 8.31756E-4 6.71009E-4 7.37687E-5 8.41392E-5 2.22227E-3 9.30108E-3 5.7256E-2 1.07241E-1 1.29364E-1 1.36053E-1 1.55232E-1 1.95005E-1 2.29453E-1 2.5376E-1 3.0653E-1 3.88388E-1 4.31595E-1 4.46384E-1 4.49291E-1 4.38018E-1 3.50412E-1 1.61084E-1 2.01735E-2 1.63812E-2 5.39936E-4 2.44247E-4 2.55201E-4 7.2113E-3 1.24131E-3 8.3105E-5 2.42273E-5 1.43018E-3 9.88353E-3 1.39393E-2 2.62038E-3 1.47268E-4 9.84366E-6 3.07483E-6 4.28589E-7 4.42407E-8 4.93347E-9 1.249E-7 1.83834E-8 7.61492E-9 5.50834E-9 1.19038E-8 3.5099E-8 1.22709E-7 1.32277E-7 3.18891E-7 1.30201E-8 2.40876E-9 1.08753E-9
3.16706E-6 5.26559E-6 1.68647E-6 1.5281E-6 1.63378E-6 4.14976E-6 8.01127E-6 9.59256E-6 2.9473E-5 7.96521E-5 1.88255E-4 3.79201E-4 7.66987E-4 4.4137E-4 1.45122E-5 6.65333E-5 5.51211E-5 5.07578E-6 6.23013E-5 2.37561E-3 1.67525E-2 6.61971E-2 1.32396E-1 1.27737E-1 1.48978E-1 1.86184E-1 3.32041E-1 3.68914E-1 4.30543E-1 4.58405E-1 4.61547E-1 4.49138E-1 4.56254E-1 4.36942E-1 2.30398E-1 1.94042E-1 4.35651E-3 1.14107E-3 2.04222E-4 3.28446E-2 9.37197E-3 1.48861E-3 1.53691E-3 9.60511E-5 5.65539E-4 8.81159E-3 1.3246E-2 2.7499E-3 2.94331E-5 6.60803E-6 1.179E-6 3.19376E-7 9.21658E-9 9.36803E-8 9.50879E-10 1.93141E-9 9.55902E-10 5.23711E-10 2.62568E-10 8.73711E-9 2.98756E-9 1.0034E-7 7.26168E-8 1.72242E-6 2.90362E-8
8.30424E-6 4.61908E-6 1.38493E-6 1.09175E-6 9.87435E-7 3.16771E-6 3.77011E-6 6.19214E-6 2.09317E-5 5.5452E-5 1.39203E-4 4.80653E-4 5.47902E-4 1.76204E-4 3.00841E-5 1.94456E-4 8.96551E-4 3.91439E-3 6.42743E-3 4.90307E-4 8.97781E-5 3.09534E-4 4.57447E-3 4.08066E-2 1.29104E-1 2.18142E-1 3.57091E-1 3.84107E-1 4.04954E-1 3.56147E-1 3.70001E-1 4.49451E-1 4.72825E-1 4.40128E-1 2.99282E-1 1.9087E-1 1.32252E-2 9.01252E-3 6.40786E-3 6.21327E-2 5.36171E-2 4.05788E-3 2.02245E-3 8.76507E-5 2.99076E-6 1.48162E-4 3.52358E-3 1.4339E-2 3.54225E-3 1.51809E-4 2.434E-6 3.24108E-6 1.27624E-7 1.23807E-8 5.91997E-9 1.64688E-9 1.24832E-9 1.53582E-9 4.14716E-9 1.38534E-8 7.10803E-8 1.42498E-7 5.6878E-9 4.47236E-9 7.55013E-7
2.31259E-6 7.44922E-7 1.84827E-6 6.06915E-7 1.88782E-6 3.0537E-6 3.84866E-6 2.66463E-5 6.563E-5 6.49567E-5 5.40508E-5 1.65564E-4 1.04588E-4 1.00509E-4 2.50302E-4 3.57363E-4 3.84428E-3 9.13801E-3 3.42832E-2 6.84362E-2 3.41827E-2 6.62915E-3 1.16778E-2 1.84481E-2 9.13282E-2 1.75023E-1 2.5753E-1 3.55361E-1 2.57201E-1 3.29847E-1 4.27962E-1 4.35177E-1 4.53924E-1 4.37366E-1 3.62199E-1 1.5287E-1 5.42928E-2 4.84355E-2 5.54875E-2 9.90378E-2 5.33664E-2 1.06152E-1 9.62691E-2 1.01877E-2 9.39474E-6 3.85635E-6 1.50027E-4 3.66452E-3 1.59652E-2 4.47778E-3 2.9917E-5 1.1802E-5 5.03878E-6 7.38147E-7 5.5814E-9 8.09625E-10 6.62803E-9 3.96691E-9 8.68858E-9 7.31575E-8 7.40292E-10 8.89551E-9 1.86108E-9 3.2988E-10 3.81318E-8
1.14275E-6 3.66419E-6 1.55199E-6 4.68831E-7 2.98608E-6 4.03248E-6 9.63294E-6 3.5509E-5 1.54965E-4 1.19349E-4 9.67134E-5 1.22161E-4 2.75529E-4 3.71173E-4 1.77279E-4 1.43066E-4 4.4438E-3 4.36872E-2 7.66039E-2 1.30351E-1 1.04566E-1 5.17183E-2 9.43604E-2 1.22972E-1 2.59169E-1 3.54148E-1 4.38634E-1 4.01668E-1 3.92255E-1 4.60134E-1 4.53964E-1 4.24263E-1 4.2225E-1 4.22019E-1 3.76273E-1 2.41861E-1 1.42631E-1 1.2135E-1 9.06841E-2 9.56579E-2 1.28175E-1 1.67119E-1 1.46987E-1 4.10501E-2 3.4411E-4 1.98425E-6 7.80525E-6 1.16084E-4 4.70168E-4 4.72695E-4 3.95922E-5 1.23555E-5 6.77332E-5 3.83596E-6 9.78436E-8 1.2981E-8 3.07921E-9 3.06776E-9 3.11249E-8 1.23888E-7 1.30386E-8 1.26211E-9 6.0244E-9 4.69038E-10 2.64039E-9
4.43117E-6 2.53307E-6 3.10889E-6 1.38519E-6 2.59171E-6 2.18615E-6 1.76606E-5 1.03006E-4 2.76124E-4 3.32462E-4 2.47193E-4 5.03872E-4 5.59523E-4 1.24594E-4 7.70372E-4 1.31019E-3 1.96311E-2 7.3653E-2 1.25822E-1 1.36524E-1 1.81025E-1 2.16274E-1 2.44156E-1 2.56459E-1 3.22244E-1 4.31595E-1 4.95642E-1 4.90293E-1 4.74492E-1 4.79354E-1 4.66074E-1 4.45635E-1 4.50726E-1 4.3283E-1 4.15896E-1 3.90409E-1 2.93406E-1 2.49215E-1 2.1024E-1 1.39985E-1 8.9091E-2 1.21744E-1 1.60983E-1 1.15832E-1 3.17117E-2 1.57365E-4 4.12123E-4 4.44228E-5 1.98611E-5 8.44981E-5 1.66558E-5 1.37522E-4 7.85348E-4 1.6883E-4 1.61131E-6 1.81818E-6 4.31675E-7 2.09471E-9 2.07481E-9 1.09608E-7 1.6069E-9 7.65026E-9 2.72024E-9 2.72016E-9 1.59411E-9
2.8637E-6 2.16461E-6 6.28824E-6 5.96603E-6 7.39422E-6 3.14024E-5 1.07518E-4 2.21876E-4 3.19773E-4 2.92983E-4 4.38336E-4 5.08665E-4 1.98739E-4 9.38969E-5 8.44652E-4 6.37179E-3 3.96452E-2 7.04439E-2 8.45864E-2 1.67892E-1 2.31005E-1 2.7629E-1 2.76594E-1 3.48808E-1 3.97621E-1 4.24147E-1 4.42544E-1 4.56512E-1 4.78501E-1 4.60899E-1 4.63156E-1 4.71596E-1 4.65779E-1 4.77876E-1 4.97235E-1 4.58657E-1 4.07379E-1 3.89624E-1 3.55573E-1 2.0332E-1 1.0082E-1 9.41721E-2 1.88124E-1 1.89578E-1 1.4586E-1 4.96677E-2 1.51831E-2 1.49435E-3 1.29843E-3 6.9168E-4 5.27098E-5 4.90839E-5 3.5198E-4 6.71128E-5 3.35225E-5 2.58088E-5 1.65626E-7 3.40045E-8 1.76386E-9 6.30833E-9 1.91378E-8 1.57523E-8 2.22639E-8 1.09993E-8 7.54636E-9
4.07802E-6 5.91296E-6 1.83895E-5 1.4963E-5 2.99303E-5 8.58356E-5 1.78952E-4 2.39548E-4 1.6652E-4 1.57564E-4 3.89249E-4 3.42517E-4 1.56619E-4 2.86145E-4 7.00872E-4 2.3957E-3 1.00723E-2 5.80226E-2 1.39657E-1 2.28258E-1 2.82263E-1 3.21403E-1 3.53001E-1 3.92815E-1 4.08347E-1 3.25471E-1 3.26921E-1 4.29231E-1 4.83669E-1 4.8147E-1 4.81682E-1 4.68908E-1 4.74199E-1 4.79659E-1 4.8439E-1 4.65964E-1 4.58655E-1 4.50094E-1 4.22366E-1 3.22639E-1 2.01108E-1 1.29503E-1 1.60517E-1 1.48324E-1 8.24258E-2 5.12337E-2 6.48931E-3 4.26813E-3 1.43662E-3 2.37419E-4 1.97601E-4 2.44999E-4 9.6279E-5 4.63967E-5 3.02722E-5 8.82167E-6 3.76323E-5 3.48733E-7 2.41458E-8 1.91066E-9 3.02995E-9 1.04714E-8 5.91997E-9 1.40292E-8 5.25378E-9
9.95732E-6 6.04801E-5 2.15395E-5 3.34382E-5 6.94214E-5 1.34927E-4 1.97459E-4 1.73731E-4 2.04288E-4 4.14082E-4 2.71907E-4 1.81967E-4 3.84737E-4 9.95115E-4 4.40527E-3 1.36911E-2 3.86657E-2 6.34314E-2 1.73054E-1 2.60772E-1 3.05571E-1 3.2941E-1 3.57151E-1 3.92166E-1 3.85841E-1 4.39478E-1 4.62407E-1 4.68206E-1 4.68174E-1 4.61666E-1 4.56815E-1 4.3898E-1 4.39931E-1 4.40594E-1 4.36055E-1 4.61818E-1 4.88336E-1 5.15115E-1 5.03507E-1 4.49236E-1 3.61625E-1 2.68946E-1 2.00549E-1 1.40816E-1 5.89078E-2 1.16447E-2 1.31247E-3 3.24615E-4 2.27824E-5 3.08415E-5 2.26166E-5 9.61299E-6 1.09335E-5 1.0451E-5 1.21163E-5 3.77365E-5 2.99159E-5 1.59049E-6 8.36132E-8 6.45502E-8 3.75831E-9 3.27883E-9 8.27602E-9 3.48339E-8 6.66949E-9
4.61622E-5 1.38889E-4 8.29265E-5 1.37292E-4 1.94363E-4 1.96681E-4 2.60633E-4 3.12361E-4 4.44948E-4 4.04E-4 1.53877E-4 3.89225E-4 4.99638E-4 2.13405E-3 1.35854E-3 2.53223E-3 1.80044E-3 1.72811E-2 8.88014E-2 2.04072E-1 3.00974E-1 3.22787E-1 3.48672E-1 3.73114E-1 3.8972E-1 4.18541E-1 4.39585E-1 4.50369E-1 4.20215E-1 4.44574E-1 4.26008E-1 3.96261E-1 3.7773E-1 3.64301E-1 3.65576E-1 3.96004E-1 4.42428E-1 5.30631E-1 5.55716E-1 5.43031E-1 4.92161E-1 4.40897E-1 3.71478E-1 2.65412E-1 1.33199E-1 4.32306E-2 9.45478E-3 1.31132E-3 3.35827E-5 7.29894E-7 7.52795E-6 8.3424E-7 2.41039E-7 1.21331E-8 3.09953E-9 6.81434E-7 1.56625E-5 4.47966E-6 3.74254E-6 5.44372E-8 5.13647E-8 1.28194E-7 6.91677E-9 3.75831E-9 8.18091E-9
3.47853E-4 1.54688E-4 2.80085E-4 2.45037E-4 2.02638E-4 3.21625E-4 3.96565E-4 4.39398E-4 4.6469E-4 3.66683E-4 6.19295E-4 1.68605E-3 9.43173E-4 1.83011E-3 6.371E-4 8.22297E-4 4.16502E-3 2.66606E-2 8.3586E-2 1.25325E-1 2.83147E-1 3.18038E-1 3.30764E-1 3.53923E-1 3.72713E-1 3.94859E-1 4.18868E-1 4.28886E-1 4.29881E-1 3.5857E-1 3.17636E-1 3.07579E-1 3.83372E-1 4.30334E-1 4.70291E-1 4.83669E-1 5.18708E-1 5.51998E-1 5.71485E-1 5.76158E-1 5.73865E-1 5.56607E-1 5.27858E-1 4.54143E-1 3.34188E-1 2.87482E-1 1.36864E-1 3.71468E-2 3.92326E-3 5.47389E-5 7.98141E-7 6.1286E-8 5.32153E-9 2.80504E-11 2.10459E-13 6.67515E-10 1.19407E-5 3.56962E-6 1.35777E-6 6.55717E-6 2.83789E-6 3.69244E-7 8.24282E-9 1.23913E-8 5.08335E-9
2.5513E-4 5.65102E-4 4.30386E-4 1.67636E-4 3.12758E-4 4.53596E-4 4.74547E-4 3.8997E-4 4.24206E-4 5.23587E-4 8.88003E-4 3.39861E-3 2.98152E-3 1.64613E-3 2.58508E-3 9.31782E-3 1.75067E-2 7.10549E-2 1.77544E-1 2.39917E-1 2.75591E-1 2.97845E-1 3.163E-1 3.2031E-1 3.26854E-1 3.60097E-1 3.77939E-1 3.95603E-1 4.07952E-1 4.12182E-1 3.87763E-1 4.44443E-1 4.82656E-1 4.83509E-1 4.76987E-1 4.65467E-1 4.87516E-1 5.17458E-1 5.47456E-1 5.6803E-1 5.78146E-1 5.81824E-1 5.75336E-1 5.60964E-1 5.0992E-1 5.21317E-1 4.29069E-1 2.37826E-1 9.02681E-2 2.04295E-2 1.18734E-3 1.267E-5 3.92353E-7 1.09014E-11 9.22003E-16 5.3419E-10 1.75148E-9 3.63373E-6 6.96733E-6 4.16825E-6 1.05876E-5 4.13042E-6 2.77964E-8 1.30553E-7 4.33717E-8
1.43053E-3 8.06363E-4 3.58989E-4 5.13042E-4 4.54829E-4 3.73083E-4 2.91968E-4 3.21032E-4 3.55756E-4 3.13747E-4 6.31664E-4 2.46518E-3 1.0622E-2 8.86283E-3 1.8748E-2 4.88202E-2 5.88666E-2 1.13106E-1 1.96946E-1 2.47253E-1 2.58132E-1 2.75459E-1 2.90438E-1 3.02278E-1 3.06167E-1 3.21863E-1 3.34686E-1 3.49848E-1 3.66475E-1 3.90586E-1 4.18971E-1 4.45776E-1 4.68594E-1 4.71318E-1 4.63013E-1 4.56767E-1 4.61776E-1 4.86313E-1 5.08774E-1 5.38594E-1 5.57393E-1 5.67596E-1 5.78146E-1 5.76383E-1 5.65416E-1 5.57063E-1 5.27183E-1 4.38294E-1 3.15091E-1 1.47692E-1 3.3587E-2 1.73252E-3 9.88982E-6 6.77698E-9 9.13642E-17 1.50104E-19 7.49327E-9 3.10432E-6 1.22989E-5 3.59879E-6 7.24463E-6 9.96281E-6 5.09565E-7 1.15572E-7 5.95247E-9
1.50268E-3 4.77771E-4 6.27452E-4 4.67613E-4 3.17701E-4 2.68514E-4 2.96015E-4 4.77448E-4 4.95181E-4 8.53438E-4 1.51741E-3 1.16796E-3 1.44267E-2 3.1735E-2 4.97038E-2 8.29869E-2 1.32368E-1 1.49529E-1 2.16992E-1 2.34844E-1 2.46744E-1 2.552E-1 2.68855E-1 2.7375E-1 2.75728E-1 2.82311E-1 2.92618E-1 3.04666E-1 3.20146E-1 3.42374E-1 3.7425E-1 4.06533E-1 4.41025E-1 4.55816E-1 4.58029E-1 4.3848E-1 4.33046E-1 4.50577E-1 4.6725E-1 4.95048E-1 5.25624E-1 5.51428E-1 5.74992E-1 5.76296E-1 5.69925E-1 5.65938E-1 5.49445E-1 5.19769E-1 4.41593E-1 2.95846E-1 1.30255E-1 2.94762E-2 6.13825E-4 8.45965E-7 2.39772E-10 8.37787E-18 9.10724E-22 3.97248E-16 7.28173E-10 1.66042E-6 4.71768E-8 2.71401E-6 8.63412E-6 1.34816E-7 1.01366E-8
8.90942E-4 6.83902E-4 5.23587E-4 8.4291E-4 5.61748E-4 4.87435E-4 5.75584E-4 7.47745E-4 1.18869E-3 1.54634E-3 2.898E-3 2.71634E-3 7.73491E-3 3.9928E-2 7.15712E-2 7.9086E-2 1.04616E-1 7.06313E-2 2.00418E-1 2.202E-1 2.33251E-1 2.43313E-1 2.50119E-1 2.46744E-1 2.46744E-1 2.4843E-1 2.50008E-1 2.63718E-1 2.79174E-1 2.94338E-1 3.27009E-1 3.6762E-1 3.98763E-1 4.15761E-1 4.1908E-1 4.06067E-1 4.08402E-1 4.1136E-1 4.35319E-1 4.62407E-1 5.00569E-1 5.42572E-1 5.73754E-1 5.80976E-1 5.75859E-1 5.65938E-1 5.46036E-1 5.27991E-1 4.84377E-1 4.01265E-1 2.65986E-1 1.25832E-1 7.69209E-3 1.9455E-5 2.37943E-9 2.69902E-10 1.51282E-15 4.09051E-14 2.2673E-11 6.98749E-10 6.29451E-9 3.43134E-8 6.95667E-6 1.0868E-6 1.67866E-7
6.67728E-4 1.08945E-3 1.97267E-3 9.0573E-4 1.07763E-3 1.02369E-3 1.28335E-3 1.38232E-3 1.898E-3 2.64741E-3 4.44592E-3 4.60834E-3 1.05257E-2 1.33384E-2 6.04976E-2 7.4178E-2 5.25216E-2 3.38386E-2 1.81275E-1 2.13622E-1 2.16782E-1 2.26615E-1 2.26615E-1 2.23488E-1 2.02596E-1 2.05759E-1 2.13751E-1 2.28413E-1 2.38361E-1 2.552E-1 2.87461E-1 3.21863E-1 3.5653E-1 3.79725E-1 3.82833E-1 3.76494E-1 3.71532E-1 3.92227E-1 4.10553E-1 4.3953E-1 4.79919E-1 5.27443E-1 5.67688E-1 5.86011E-1 5.75081E-1 5.58748E-1 5.33346E-1 5.10732E-1 5.00251E-1 4.59285E-1 3.74092E-1 2.74998E-1 7.87197E-2 3.60661E-4 7.32926E-9 1.19582E-8 1.35522E-7 2.60402E-9 1.17747E-9 1.72965E-7 4.24401E-8 2.11552E-7 1.32838E-7 4.26604E-6 5.05891E-7
2.70479E-3 2.44464E-3 1.84542E-3 1.49496E-3 1.59891E-3 1.83775E-3 1.87853E-3 2.15188E-3 2.67576E-3 3.52634E-3 6.21987E-3 7.27093E-3 8.87078E-3 1.80657E-2 4.22058E-2 6.13488E-2 1.6843E-2 1.44692E-2 1.41686E-1 2.00471E-1 2.09963E-1 2.09485E-1 2.03548E-1 1.97214E-1 1.82211E-1 1.82211E-1 1.89841E-1 2.00757E-1 2.16782E-1 2.29926E-1 2.5181E-1 2.8954E-1 3.21863E-1 3.51522E-1 3.71407E-1 3.66783E-1 3.65266E-1 3.73303E-1 3.84409E-1 4.15031E-1 4.59805E-1 5.14235E-1 5.62539E-1 5.90397E-1 5.80106E-1 5.60841E-1 5.39836E-1 5.19763E-1 5.2369E-1 5.02159E-1 4.59891E-1 3.87977E-1 2.35444E-1 6.2438E-2 3.97577E-3 7.58012E-4 7.07316E-5 1.5042E-4 9.98989E-6 1.73889E-6 1.17853E-7 1.35783E-8 7.54623E-8 1.27414E-6 3.04848E-6
3.28888E-3 2.62756E-3 1.97604E-3 1.42332E-3 1.21541E-3 1.48012E-3 1.95298E-3 2.03841E-3 3.31777E-3 4.14303E-3 5.21245E-3 4.65249E-3 7.22958E-3 2.55431E-2 5.95064E-2 3.77018E-2 2.0273E-2 2.9153E-2 9.84664E-2 1.96084E-1 2.0037E-1 1.93553E-1 1.91342E-1 1.86676E-1 1.75181E-1 1.72204E-1 1.75181E-1 1.80253E-1 1.90967E-1 2.03548E-1 2.2799E-1 2.5349E-1 2.94734E-1 3.41416E-1 3.69282E-1 3.87631E-1 3.86111E-1 3.74897E-1 3.66783E-1 3.92435E-1 4.34682E-1 4.85084E-1 5.37048E-1 5.68696E-1 5.72685E-1 5.69883E-1 5.58944E-1 5.58476E-1 5.54829E-1 5.39561E-1 5.04962E-1 4.62862E-1 4.0734E-1 2.85862E-1 9.67533E-2 3.92642E-2 8.39978E-3 2.75712E-3 4.55819E-4 4.76919E-6 6.40397E-7 2.1318E-6 7.04558E-6 2.00366E-5 2.05701E-6
2.45666E-3 2.18728E-3 1.7138E-3 1.57732E-3 1.47958E-3 1.61745E-3 2.09384E-3 2.55985E-3 2.14318E-3 2.898E-3 3.74119E-3 5.97802E-3 1.37721E-2 3.61158E-2 3.53735E-2 2.23584E-2 2.46764E-2 4.08038E-2 7.20294E-2 1.86782E-1 1.93227E-1 1.87456E-1 1.85904E-1 1.76723E-1 1.7004E-1 1.67099E-1 1.59863E-1 1.62737E-1 1.6633E-1 1.75181E-1 1.95122E-1 2.2799E-1 2.74064E-1 3.36793E-1 3.88486E-1 4.14161E-1 4.03377E-1 3.76311E-1 3.58194E-1 3.73045E-1 4.09686E-1 4.4601E-1 4.92213E-1 5.1904E-1 5.37226E-1 5.48562E-1 5.56432E-1 5.58923E-1 5.69521E-1 5.71588E-1 5.50517E-1 5.28709E-1 5.37395E-1 4.73598E-1 3.30731E-1 1.18547E-1 6.74288E-2 1.00549E-2 8.23924E-4 3.28849E-5 1.719E-4 1.2929E-4 4.02236E-6 8.59637E-7 4.73284E-6
1.23469E-3 1.24638E-3 1.37816E-3 9.01109E-4 1.23469E-3 1.77459E-3 2.22015E-3 2.13537E-3 3.28286E-3 5.35668E-3 6.20925E-3 6.1607E-3 1.83942E-2 3.47602E-2 2.09453E-2 2.42645E-2 2.76364E-2 7.17405E-2 9.5159E-2 1.85299E-1 1.87378E-1 1.82819E-1 1.77346E-1 1.7583E-1 1.69834E-1 1.56218E-1 1.53399E-1 1.50609E-1 1.47278E-1 1.51409E-1 1.65638E-1 2.01453E-1 2.53026E-1 3.28405E-1 4.0897E-1 4.38548E-1 4.07846E-1 3.70941E-1 3.54224E-1 3.57589E-1 3.77939E-1 4.12766E-1 4.37548E-1 4.64938E-1 4.82319E-1 5.26077E-1 5.60307E-1 5.65781E-1 5.69825E-1 5.81277E-1 5.8091E-1 5.78146E-1 5.67648E-1 5.11786E-1 4.03828E-1 3.03674E-1 1.72252E-1 5.9638E-2 3.65372E-3 2.6214E-4 9.94645E-5 1.56921E-5 3.2611E-5 1.91292E-6 6.76558E-6
1.15742E-3 1.48354E-3 1.41774E-3 5.2261E-4 1.71803E-3 4.84768E-3 9.64746E-3 8.16671E-3 6.36228E-3 7.87665E-3 1.32284E-2 1.71436E-2 2.91075E-2 2.34254E-2 2.11225E-2 2.1535E-2 4.78109E-2 7.01859E-2 7.25201E-2 1.65513E-1 1.82525E-1 1.77346E-1 1.70711E-1 1.68834E-1 1.60046E-1 1.51106E-1 1.44225E-1 1.38855E-1 1.33605E-1 1.31026E-1 1.41073E-1 1.74501E-1 2.23689E-1 3.02025E-1 4.17928E-1 4.4127E-1 3.91088E-1 3.53377E-1 3.36263E-1 3.37266E-1 3.52537E-1 3.75899E-1 3.90832E-1 4.12519E-1 4.5965E-1 5.3012E-1 5.64371E-1 5.61864E-1 5.64852E-1 5.78342E-1 5.86545E-1 5.88383E-1 5.70857E-1 5.21928E-1 4.73617E-1 4.05499E-1 3.41205E-1 1.71244E-1 2.94762E-2 2.63636E-4 1.52621E-5 1.18847E-5 1.97678E-6 1.94628E-6 8.15874E-7
1.17857E-2 6.71224E-3 1.81399E-3 2.21456E-3 5.89123E-3 5.44779E-3 7.70027E-3 1.44066E-2 1.35192E-2 1.39393E-2 1.70164E-2 1.88209E-2 2.12823E-2 2.53182E-2 3.05547E-2 4.02807E-2 6.92016E-2 8.90457E-2 5.08774E-2 1.74008E-1 1.81746E-1 1.68352E-1 1.6065E-1 1.57511E-1 1.5183E-1 1.46267E-1 1.39211E-1 1.32642E-1 1.27525E-1 1.21306E-1 1.25962E-1 1.65408E-1 2.01684E-1 2.66491E-1 3.44402E-1 3.65226E-1 3.31906E-1 3.10678E-1 3.08933E-1 3.15535E-1 3.24189E-1 3.37266E-1 3.50849E-1 3.7468E-1 4.34682E-1 5.05751E-1 5.34444E-1 5.40206E-1 5.44875E-1 5.6621E-1 5.88053E-1 5.95363E-1 5.86114E-1 5.65243E-1 5.65291E-1 5.09308E-1 4.29538E-1 3.22871E-1 1.43153E-1 4.81709E-3 1.29962E-6 1.49739E-7 6.78601E-8 5.93739E-8 1.13836E-9
1.12525E-2 5.29603E-3 2.50389E-3 8.21122E-4 5.85486E-4 1.89704E-3 5.30901E-3 6.91879E-3 7.6371E-3 8.6858E-3 1.10685E-2 1.91528E-2 2.95432E-2 4.01621E-2 4.86286E-2 6.62063E-2 9.38472E-2 1.16062E-1 1.09301E-1 1.80727E-1 1.79113E-1 1.64408E-1 1.49251E-1 1.451E-1 1.39671E-1 1.41016E-1 1.35679E-1 1.33058E-1 1.29028E-1 1.23988E-1 1.35504E-1 1.54328E-1 1.88131E-1 2.26348E-1 2.69995E-1 2.84388E-1 2.80873E-1 2.72325E-1 2.77548E-1 2.89786E-1 3.08933E-1 3.2246E-1 3.31096E-1 3.47465E-1 4.20504E-1 4.78938E-1 5.0466E-1 5.17167E-1 5.19247E-1 5.42047E-1 5.82939E-1 6.01619E-1 5.95726E-1 5.93247E-1 5.96546E-1 5.81213E-1 5.19513E-1 4.40048E-1 2.76376E-1 7.79593E-2 7.12149E-4 1.72414E-8 4.27386E-12 7.18932E-12 4.35133E-13
3.80479E-3 2.82346E-3 2.5904E-3 1.49759E-3 4.32439E-4 5.63415E-4 2.96208E-3 7.85179E-3 1.2171E-2 1.5632E-2 2.44434E-2 4.15304E-2 5.19041E-2 5.77928E-2 6.37557E-2 7.01859E-2 8.30014E-2 9.70317E-2 1.01005E-1 1.76664E-1 1.80538E-1 1.55747E-1 1.42479E-1 1.35771E-1 1.34453E-1 1.34453E-1 1.35771E-1 1.38431E-1 1.34453E-1 1.29184E-1 1.36823E-1 1.49034E-1 1.71818E-1 1.94428E-1 2.22174E-1 2.34798E-1 2.33761E-1 2.30923E-1 2.37661E-1 2.60205E-1 2.91538E-1 3.24629E-1 3.36793E-1 3.46554E-1 4.06533E-1 4.72077E-1 5.00879E-1 4.9732E-1 4.70748E-1 4.92481E-1 5.62057E-1 5.98127E-1 6.06337E-1 6.04119E-1 6.06019E-1 5.94509E-1 5.66319E-1 5.08683E-1 3.07178E-1 1.41293E-1 2.60062E-2 2.34094E-4 6.85278E-8 2.19078E-10 4.09857E-10
4.02031E-3 3.82976E-4 5.15733E-3 1.48291E-2 1.90545E-2 8.84473E-3 5.13129E-3 1.04409E-2 2.32487E-2 3.3878E-2 4.00471E-2 6.00565E-2 8.3327E-2 7.96853E-2 8.37062E-2 7.49903E-2 6.58333E-2 1.09411E-1 7.51847E-2 1.95571E-1 1.79804E-1 1.42479E-1 1.27974E-1 1.29255E-1 1.27974E-1 1.29255E-1 1.38445E-1 1.42501E-1 1.39789E-1 1.37097E-1 1.37002E-1 1.43731E-1 1.57511E-1 1.75236E-1 1.90272E-1 2.00818E-1 2.04907E-1 2.08152E-1 2.15415E-1 2.39355E-1 2.73862E-1 3.03826E-1 3.14368E-1 3.35059E-1 4.04143E-1 4.71354E-1 5.03175E-1 5.05542E-1 4.58925E-1 4.71354E-1 5.47096E-1 5.8282E-1 5.98284E-1 6.093E-1 5.97633E-1 6.06316E-1 5.49372E-1 4.86867E-1 3.85938E-1 2.51419E-1 1.18592E-1 2.69131E-2 1.21421E-4 3.28539E-6 8.3109E-8
