KUENM/Final_Models/M_0.1_F_lq_Set_2_E/sp1_avg.asc
ncols         197
nrows         210
xllcorner     56.1666666666667
yllcorner     4.5
cellsize      0.166666666666667
NODATA_value  -9999
[rows 0 to 27 of 210, columns 65 to 129 of 197]
-9999 -9999 -9999 -9999 -9999 -9999 -9999 -9999 -9999 -9999 -9999 -9999 -9999 -9999 -9999 -9999 -9999 -9999 -9999 -9999 -9999 -9999 -9999 -9999 -9999 -9999 -9999 -9999 -9999 1.8843E-6 2.5349E-7 8.13735E-7 1.49299E-7 4.90456E-8 8.12656E-9 8.88788E-10 5.99011E-10 1.01781E-8 1.78211E-9 4.24927E-10 -9999 -9999 -9999 -9999 -9999 -9999 -9999 -9999 -9999 -9999 -9999 -9999 -9999 -9999 -9999 -9999 -9999 -9999 -9999 -9999 -9999 -9999 -9999 -9999 -9999
-9999 -9999 -9999 -9999 -9999 -9999 -9999 -9999 -9999 -9999 -9999 -9999 -9999 -9999 -9999 -9999 -9999 -9999 -9999 -9999 -9999 -9999 -9999 1.54915E-5 4.77586E-6 6.15349E-5 4.0525E-5 1.34922E-5 4.18989E-8 2.44076E-9 2.31732E-8 9.00087E-8 2.95993E-8 8.91642E-9 5.66046E-10 9.552E-11 2.40993E-10 6.49572E-9 6.86477E-9 7.99453E-10 1.30437E-9 9.88555E-9 7.71311E-9 9.22333E-10 6.86564E-10 1.18153E-9 -9999 -9999 -9999 -9999 -9999 -9999 -9999 -9999 -9999 -9999 -9999 -9999 -9999 -9999 -9999 -9999 -9999 -9999 -9999
-9999 -9999 -9999 -9999 -9999 -9999 -9999 -9999 -9999 -9999 -9999 -9999 -9999 -9999 -9999 -9999 -9999 -9999 -9999 1.82601E-4 8.70257E-5 1.40727E-4 1.73563E-4 5.93153E-5 1.1559E-5 2.54084E-6 7.21502E-8 3.18753E-7 2.5542E-7 1.63589E-8 4.18983E-10 5.05256E-8 1.69014E-8 6.45927E-9 4.05096E-10 3.85113E-10 2.2626E-9 4.39351E-9 2.79623E-8 1.1571E-8 2.25802E-10 1.27562E-9 8.40158E-10 5.56573E-9 2.84302E-8 3.91763E-9 8.68666E-11 1.53443E-9 4.00043E-8 7.27128E-7 -9999 -9999 -9999 -9999 -9999 -9999 -9999 -9999 -9999 -9999 -9999 -9999 -9999 -9999 -9999
-9999 -9999 -9999 -9999 -9999 -9999 -9999 -9999 -9999 -9999 -9999 -9999 -9999 -9999 -9999 -9999 4.71186E-6 9.39548E-5 1.19019E-3 4.82602E-5 1.99185E-5 6.27804E-7 1.85853E-6 9.46484E-6 3.10929E-6 5.23225E-8 1.68118E-7 3.26019E-7 8.70913E-10 1.91987E-10 2.9134E-11 7.18174E-9 3.47176E-10 4.74636E-10 4.09331E-9 8.02052E-10 1.82139E-9 1.50262E-8 1.71888E-8 2.92261E-9 4.17307E-10 4.64256E-10 2.2688E-9 3.85801E-9 4.65922E-9 8.49678E-9 2.05616E-9 6.41779E-10 2.53566E-10 4.58777E-8 8.99677E-7 2.86885E-6 1.12783E-5 -9999 -9999 -9999 -9999 -9999 -9999 -9999 -9999 -9999 -9999 -9999 -9999
-9999 -9999 -9999 -9999 -9999 -9999 -9999 -9999 -9999 -9999 -9999 -9999 -9999 -9999 9.973E-5 4.34213E-5 5.6979E-4 1.69162E-4 1.93073E-5 1.01008E-4 3.84395E-5 3.74185E-5 3.14423E-5 1.89587E-6 2.21392E-7 3.22531E-6 3.38966E-8 6.35684E-8 2.6196E-8 1.48219E-8 2.68197E-8 5.92626E-10 2.84539E-10 3.46817E-9 3.15838E-9 3.10429E-9 8.68427E-9 1.30298E-8 5.79184E-9 1.9169E-9 6.75839E-10 1.18049E-9 8.09852E-10 9.73611E-10 3.82316E-10 5.31054E-10 1.13843E-9 2.22132E-8 7.71871E-10 1.54153E-8 3.96454E-8 2.05303E-7 4.50715E-7 2.34394E-6 3.43992E-5 -9999 -9999 -9999 -9999 -9999 -9999 -9999 -9999 -9999 -9999
-9999 -9999 -9999 -9999 -9999 -9999 -9999 -9999 -9999 -9999 -9999 -9999 1.21797E-2 2.44103E-3 4.12168E-4 1.3225E-4 2.59191E-4 5.11384E-4 8.78054E-5 3.97684E-5 1.31291E-5 2.48266E-6 3.85371E-6 3.46266E-6 6.30704E-7 4.01501E-8 7.36083E-9 1.31821E-8 2.39511E-6 8.72768E-7 3.32221E-8 2.70004E-10 1.31603E-11 2.30074E-9 5.06533E-8 1.84653E-8 4.55081E-8 2.02502E-9 4.62472E-10 1.16581E-9 1.47465E-9 1.36926E-9 1.8695E-9 1.8353E-9 1.80378E-9 5.56975E-10 4.88215E-10 2.87829E-9 4.93967E-10 8.70073E-12 3.42115E-10 4.69603E-9 2.82583E-9 1.91762E-8 1.95971E-6 1.48124E-5 4.02774E-5 -9999 -9999 -9999 -9999 -9999 -9999 -9999 -9999
-9999 -9999 -9999 -9999 -9999 -9999 -9999 -9999 -9999 -9999 1.89123E-2 1.02246E-2 9.55141E-3 9.66852E-3 3.6405E-3 1.94697E-3 2.81639E-3 1.11104E-3 5.02618E-4 7.53069E-5 4.8552E-6 4.48675E-6 7.87591E-5 1.05289E-4 4.91015E-5 1.20977E-6 1.20592E-6 4.08823E-6 4.04897E-7 2.72779E-7 8.83121E-8 2.54348E-9 2.44756E-8 7.91293E-8 3.5126E-8 1.22222E-8 1.06183E-8 9.04984E-10 2.74469E-10 5.00408E-10 5.19372E-10 2.03444E-9 5.35992E-9 3.35023E-9 3.56626E-9 1.75341E-9 4.61604E-10 6.00691E-10 4.19151E-9 1.69251E-10 1.79935E-10 1.70701E-9 1.17365E-8 4.12667E-8 2.59539E-8 6.4392E-7 2.6883E-6 1.73464E-5 4.7722E-5 -9999 -9999 -9999 -9999 -9999 -9999
-9999 -9999 -9999 -9999 -9999 -9999 -9999 -9999 1.28232E-2 6.89432E-3 1.40972E-2 3.56018E-2 1.97662E-2 6.1503E-3 7.48248E-3 1.18392E-2 7.0192E-3 3.94949E-3 1.00807E-3 5.38174E-5 4.14063E-6 1.27707E-4 7.30567E-7 6.58936E-6 9.53765E-8 1.0229E-5 2.71648E-5 1.02866E-6 1.37969E-7 9.18154E-8 3.78148E-8 6.78112E-7 2.57215E-7 1.05337E-7 2.49864E-8 2.25812E-8 8.83778E-9 5.81633E-9 7.43655E-9 2.20887E-9 1.34699E-9 2.68631E-9 8.24667E-9 4.41363E-9 1.32065E-9 5.39625E-10 8.18274E-10 2.62374E-9 8.5829E-12 4.66912E-11 4.93361E-11 6.88628E-10 3.19514E-9 1.54566E-8 1.08906E-8 6.16915E-8 2.12912E-7 4.63855E-6 1.92263E-5 4.86318E-5 6.9062E-5 -9999 -9999 -9999 -9999
-9999 -9999 -9999 -9999 -9999 -9999 -9999 8.77181E-3 1.32725E-2 1.08772E-2 3.36451E-2 3.02508E-2 1.63587E-2 2.77101E-2 2.4581E-2 2.03116E-2 1.49286E-2 1.05385E-2 6.23853E-4 2.62054E-4 1.81361E-4 6.4407E-6 7.2506E-8 1.21607E-7 3.60417E-8 6.54781E-6 1.27014E-6 3.71724E-7 3.54191E-7 1.84793E-6 9.11188E-7 1.81311E-7 1.07371E-8 6.51861E-9 3.83354E-9 5.93762E-9 1.28673E-9 1.77307E-9 1.65074E-9 4.7023E-9 5.94017E-9 9.9072E-9 4.05263E-9 8.46889E-9 7.97654E-9 5.56415E-9 7.16633E-10 7.52258E-10 9.35374E-9 8.99199E-10 1.80854E-10 1.40297E-9 1.86885E-8 6.33815E-8 2.89701E-7 9.03736E-7 3.1096E-7 2.74729E-6 6.6312E-6 4.25173E-5 5.85117E-5 6.68793E-5 -9999 -9999 -9999
-9999 -9999 -9999 -9999 -9999 -9999 4.86257E-3 1.5628E-2 4.70357E-3 1.88187E-2 2.78303E-2 2.5917E-2 2.27835E-2 2.98003E-2 1.9752E-2 3.48358E-2 3.61669E-2 6.4185E-3 6.54073E-4 2.04992E-3 4.60579E-6 1.04713E-5 2.25076E-6 1.02188E-7 2.61215E-6 3.46653E-5 7.17121E-6 1.29826E-5 1.13809E-6 4.61562E-7 1.79717E-8 4.87781E-9 2.11659E-9 4.9084E-9 7.65485E-9 1.11697E-8 1.4098E-9 1.6281E-9 2.14659E-9 3.1488E-9 1.97316E-9 2.67155E-9 2.90744E-9 2.71832E-9 1.8681E-9 4.64046E-9 1.83359E-9 2.51913E-10 1.21431E-8 2.76085E-8 3.60876E-9 5.41625E-10 4.28124E-8 1.3206E-8 1.70117E-7 2.8452E-6 1.79723E-6 1.26326E-5 2.28524E-5 3.53998E-5 4.70865E-5 6.68793E-5 6.79628E-5 -9999 -9999
-9999 -9999 -9999 -9999 1.24566E-2 9.3316E-3 8.03725E-3 1.29009E-2 1.11294E-2 1.94871E-2 2.32088E-2 2.61357E-2 2.54535E-2 2.99148E-2 3.16069E-2 4.08945E-2 2.34214E-2 3.10194E-3 2.76319E-4 3.24654E-3 4.5589E-5 3.19195E-6 8.06625E-7 2.75299E-6 1.18431E-5 2.05359E-7 1.11695E-7 7.89053E-6 5.43337E-8 3.16021E-7 1.94469E-7 1.78611E-7 1.32358E-7 5.92491E-8 2.22356E-8 5.50876E-8 3.14006E-8 2.74513E-8 8.14566E-9 5.46092E-9 6.43533E-9 2.67155E-9 1.46337E-9 1.72899E-9 1.86811E-9 2.40876E-9 2.71702E-9 1.41927E-10 4.20289E-10 5.47922E-8 1.72729E-8 1.59657E-8 9.43851E-9 2.28244E-8 1.40549E-8 3.66187E-8 4.16208E-7 4.42508E-6 7.60837E-6 1.30811E-5 1.52265E-5 3.0934E-5 4.1836E-5 4.78536E-5 5.5611E-5
-9999 -9999 -9999 9.85075E-3 1.06817E-2 1.00939E-2 1.34544E-2 1.31902E-2 1.84381E-2 2.14795E-2 2.29416E-2 2.62317E-2 1.91409E-2 2.29317E-2 3.87967E-2 4.36952E-2 3.17846E-2 1.98873E-2 5.73233E-3 3.93709E-3 5.0753E-4 6.83626E-5 3.27285E-6 1.54587E-5 4.36036E-6 1.73006E-7 1.40998E-6 3.76629E-6 2.95413E-6 7.0971E-8 8.62256E-9 6.13455E-9 2.16849E-8 4.55984E-8 5.39067E-9 2.497E-8 1.87507E-8 5.70528E-9 1.22042E-9 1.2066E-9 1.64643E-9 1.03274E-9 1.62112E-9 1.97466E-9 1.89551E-9 8.46759E-10 1.99041E-9 4.66926E-10 1.2262E-10 2.36779E-9 8.84654E-9 5.71141E-9 1.36395E-9 1.03604E-9 6.4213E-9 8.05112E-9 4.56822E-8 5.04689E-7 1.92792E-6 1.68255E-6 1.2427E-5 1.96366E-5 2.13581E-5 1.89629E-5 1.92754E-5
-9999 -9999 9.06041E-3 9.49063E-3 1.0882E-2 9.0863E-3 1.41625E-2 1.32131E-2 1.78459E-2 2.25035E-2 2.32044E-2 2.42634E-2 2.15868E-2 1.76077E-2 4.11751E-2 4.29706E-2 2.17327E-2 2.11996E-3 1.51205E-3 3.06235E-4 5.45839E-5 5.03954E-5 1.89833E-5 1.93557E-5 5.07018E-6 6.06536E-7 5.43268E-6 9.53169E-6 4.52231E-7 2.14197E-8 3.81259E-8 1.60946E-7 2.46665E-7 3.65991E-8 8.92645E-9 8.03201E-9 1.30886E-8 2.08349E-8 1.12627E-8 5.93355E-9 3.96691E-9 2.13739E-9 1.08239E-9 4.39252E-10 1.02094E-9 1.26093E-9 2.6761E-9 7.62871E-10 1.28832E-10 2.12418E-10 6.19746E-9 2.43741E-10 1.96405E-9 3.85778E-9 3.43979E-9 5.08707E-8 5.20096E-9 2.13506E-7 9.09382E-7 4.06739E-6 2.36399E-6 5.70746E-6 9.47761E-6 1.10323E-5 1.08526E-5
-9999 8.24912E-3 8.69183E-3 1.10027E-2 1.16649E-2 1.02295E-2 1.51788E-2 1.4547E-2 2.12655E-2 2.36999E-2 2.71537E-2 3.19884E-2 3.54069E-2 2.67803E-2 3.81106E-2 3.07696E-2 1.3395E-2 1.20213E-3 1.75546E-3 2.51882E-3 3.6699E-3 7.86714E-4 5.851E-5 3.71813E-5 7.42258E-6 2.58144E-7 3.06848E-6 1.10814E-6 9.65171E-7 6.12043E-7 7.63312E-7 2.79339E-7 4.87268E-8 1.17679E-8 2.71138E-8 4.70977E-8 1.61721E-8 2.43736E-9 5.31175E-10 9.98645E-10 7.58359E-10 4.14906E-10 1.01576E-9 1.88004E-9 4.25164E-10 7.90728E-11 8.31538E-11 5.32081E-11 8.83825E-11 4.95315E-10 1.108E-8 1.93815E-10 6.32183E-10 3.61918E-8 1.00699E-7 1.21783E-8 1.45926E-9 1.68965E-8 8.48991E-7 9.24523E-7 1.30211E-6 1.39415E-6 1.46814E-6 2.09798E-6 1.8011E-6
8.85259E-3 8.8043E-3 9.66923E-3 1.05197E-2 1.22848E-2 1.07997E-2 1.52852E-2 1.63982E-2 1.98759E-2 2.34957E-2 2.6295E-2 2.53685E-2 3.24027E-2 3.7939E-2 3.79689E-2 2.9022E-2 7.73018E-3 2.13676E-3 8.17145E-3 5.04469E-3 1.83225E-3 2.96664E-3 8.71931E-4 1.47773E-4 2.10673E-5 9.50139E-6 4.47712E-6 2.25945E-7 2.19416E-8 1.28924E-7 1.55399E-8 9.71057E-9 2.46655E-8 8.59208E-8 1.71213E-7 6.14927E-9 1.25142E-9 9.4362E-10 3.95903E-9 5.55452E-9 2.87134E-9 4.27114E-9 1.80929E-9 2.42548E-10 7.50242E-11 7.90728E-11 1.76205E-10 4.07946E-10 2.12025E-10 6.88658E-11 1.40718E-9 3.39758E-10 1.02947E-10 9.91581E-9 1.53067E-9 2.26514E-9 5.11788E-9 2.4876E-8 3.75525E-7 1.4445E-7 1.11792E-7 3.90427E-8 2.18169E-7 9.89367E-8 1.89228E-7
1.00165E-2 9.72943E-3 1.06738E-2 1.10907E-2 1.20197E-2 1.33929E-2 1.5164E-2 1.67996E-2 1.90311E-2 2.26989E-2 2.65043E-2 2.62096E-2 3.05083E-2 2.73544E-2 2.38974E-2 1.71632E-2 1.92438E-2 9.67939E-3 1.71681E-2 3.9401E-3 1.00124E-3 4.96531E-5 2.05604E-4 7.42083E-4 6.96761E-5 2.04512E-7 4.56462E-7 8.7407E-7 3.91286E-9 1.22901E-8 3.97328E-7 1.77709E-6 2.07441E-7 2.29145E-8 3.37431E-8 3.41217E-8 3.18225E-8 8.31783E-9 1.0285E-7 6.19569E-9 2.19447E-9 2.17298E-9 2.7741E-10 2.12234E-10 2.41E-10 2.2197E-10 3.41805E-10 1.23674E-10 3.20012E-10 6.64486E-11 1.93756E-11 2.22462E-10 6.94492E-11 1.47461E-8 1.42776E-9 2.69848E-10 7.55216E-10 6.5967E-10 1.23507E-8 3.11153E-8 2.93133E-8 2.52033E-9 1.68303E-8 5.46385E-9 3.1304E-9
1.04312E-2 1.05999E-2 8.51191E-3 9.81252E-3 1.10557E-2 1.35344E-2 1.36071E-2 1.66388E-2 1.46428E-2 1.60343E-2 2.72491E-2 3.27181E-2 2.80828E-2 2.00402E-2 2.71274E-2 2.11759E-2 7.71321E-3 2.11643E-3 4.46001E-3 6.11663E-4 1.23052E-4 3.5156E-6 1.26163E-5 3.11027E-4 3.69455E-5 6.53205E-8 3.03875E-7 2.28963E-5 1.96494E-7 2.9806E-6 1.35692E-7 2.36564E-9 2.57694E-9 1.19097E-7 3.66257E-8 1.01542E-7 1.75447E-8 7.21057E-9 1.39106E-8 3.52293E-9 9.39687E-10 1.5964E-9 3.00919E-9 1.17087E-9 1.27446E-9 1.69804E-9 2.92318E-8 4.02743E-9 2.7763E-10 8.65496E-11 2.35925E-11 1.41818E-11 1.20186E-10 9.21661E-11 1.02368E-8 2.37699E-11 2.31576E-11 1.58157E-10 1.89907E-10 7.08497E-10 1.42006E-9 7.78048E-10 9.25103E-10 7.36662E-10 3.15821E-11
4.62807E-3 1.45126E-3 8.2603E-4 1.71908E-3 4.04378E-3 4.46222E-3 7.16352E-3 9.65469E-3 1.2994E-2 1.24956E-2 1.53812E-2 2.78113E-2 2.22141E-2 1.0074E-2 1.48697E-2 6.82272E-3 3.65728E-3 2.10922E-3 1.46174E-5 5.79015E-4 1.17816E-5 1.39082E-7 3.0569E-5 1.54775E-4 2.32252E-6 1.24412E-6 9.48453E-6 1.22351E-7 1.77458E-7 4.95374E-9 6.51712E-10 2.4058E-8 2.27564E-6 4.66281E-7 1.64578E-7 2.23796E-7 4.46456E-8 8.66229E-8 2.37833E-7 1.42465E-8 1.38398E-7 5.82713E-8 5.68466E-8 6.84256E-10 1.34803E-10 1.18449E-9 2.15296E-8 3.09788E-8 4.92346E-10 7.81035E-11 4.80269E-11 1.14827E-11 5.99534E-12 1.18405E-9 5.09847E-9 4.39404E-9 1.55516E-9 7.24948E-12 2.81929E-11 3.41743E-11 5.6806E-11 2.10855E-11 7.58975E-12 8.97974E-12 1.913E-11
1.26356E-3 8.55068E-5 1.39636E-4 1.01411E-3 2.78356E-3 4.42164E-3 2.93197E-3 3.58714E-3 7.80848E-3 1.11638E-2 1.39033E-2 1.53148E-2 9.78635E-3 9.60002E-3 5.9922E-3 8.78245E-4 7.38085E-6 2.06406E-4 1.07582E-6 7.84953E-7 3.36191E-8 5.77316E-9 3.28875E-5 4.27408E-7 3.00824E-8 3.5686E-7 2.09563E-7 1.68609E-8 9.69525E-10 1.7597E-9 2.98016E-7 2.04349E-6 1.9281E-5 3.01416E-6 3.23535E-7 1.54117E-8 4.92692E-8 7.15658E-7 1.54662E-6 3.09563E-8 2.0094E-7 7.14552E-7 2.91048E-9 8.77147E-8 3.71962E-9 1.36597E-9 2.38674E-9 8.78602E-8 4.37028E-10 9.37042E-10 3.33577E-9 8.97031E-11 5.40635E-11 1.40216E-10 6.42114E-10 4.6023E-11 1.14794E-10 3.90894E-10 1.0352E-9 1.29518E-10 3.06718E-10 1.35401E-10 1.14403E-10 1.29286E-11 6.6444E-11
1.63861E-3 6.36222E-4 3.94727E-4 5.37581E-4 1.56918E-3 2.44758E-3 2.13518E-3 2.49817E-3 4.27789E-3 8.69408E-3 1.40437E-2 1.24205E-2 9.07276E-3 5.48763E-3 1.31249E-5 1.21898E-4 1.92045E-8 3.08256E-5 6.58292E-6 2.59852E-8 2.00247E-10 3.08768E-8 1.21622E-6 1.61543E-9 1.0727E-8 1.97525E-8 1.03094E-8 2.69253E-7 8.75312E-8 2.65235E-8 1.64831E-5 9.11121E-5 8.52927E-6 1.45666E-6 1.59745E-7 2.21512E-7 1.24001E-7 6.63279E-7 2.56932E-6 2.12805E-6 1.94771E-5 9.74622E-8 3.04299E-8 1.56377E-6 1.17759E-6 1.08121E-6 7.58766E-7 1.34662E-8 8.56527E-11 5.05871E-12 9.18021E-11 8.22388E-11 7.52935E-11 2.66436E-11 5.73543E-12 2.47147E-10 1.26942E-11 8.54172E-11 1.25794E-10 7.07842E-11 1.913E-11 1.19002E-11 1.85374E-11 1.14403E-10 2.68918E-11
1.35312E-3 7.81679E-4 2.77043E-4 2.65441E-4 2.61718E-4 1.93546E-4 7.93558E-4 9.91773E-4 1.39767E-3 1.02364E-2 1.09393E-2 9.66942E-3 1.14652E-2 1.80308E-3 8.96357E-5 1.31496E-3 8.61162E-6 3.51441E-8 1.09127E-7 2.54628E-7 1.46367E-9 1.88257E-8 1.13913E-6 1.04638E-7 7.91673E-9 2.15089E-8 2.24196E-7 3.75506E-6 2.81407E-5 1.4619E-5 1.12438E-4 5.95687E-8 8.55281E-7 2.5973E-7 3.12175E-7 2.59141E-7 4.4907E-7 2.18016E-7 1.61548E-7 4.40207E-8 5.63503E-7 7.37365E-6 9.1738E-6 4.58717E-5 4.77753E-8 2.27304E-8 8.28409E-10 3.58121E-10 1.06502E-9 6.35179E-10 7.36696E-11 1.92393E-11 5.56692E-12 1.38199E-11 1.35636E-11 1.66889E-11 5.29611E-10 1.01378E-10 1.17608E-11 2.24477E-11 2.54228E-12 1.20881E-11 1.57344E-11 7.29804E-11 8.79798E-11
2.09953E-4 4.2869E-4 2.86795E-4 4.76373E-5 1.71653E-5 1.29475E-4 4.74147E-4 1.54218E-4 1.24121E-3 1.07189E-2 1.02783E-2 6.78761E-3 2.50632E-3 6.33185E-4 6.96855E-6 2.31498E-4 8.53501E-7 1.75083E-9 3.92285E-9 4.93546E-10 1.79653E-8 1.80569E-7 9.41359E-9 1.7636E-7 8.38906E-10 3.2254E-7 4.11254E-7 2.69866E-6 4.60237E-4 1.36332E-4 2.84623E-6 3.42163E-8 7.73858E-8 2.88039E-8 4.55073E-8 5.32295E-8 3.57468E-8 1.29676E-7 3.36473E-7 2.32756E-7 1.28468E-7 8.20302E-8 2.91588E-7 6.13537E-5 1.90639E-4 1.97247E-6 1.71334E-6 8.03433E-10 1.63351E-9 1.30808E-8 8.7815E-9 4.28497E-10 1.51431E-10 2.02169E-10 1.90909E-11 7.54588E-12 3.05567E-12 2.55764E-12 7.65623E-11 1.61599E-11 2.19871E-12 2.54228E-12 2.39752E-11 7.53305E-11 1.88316E-11
4.66695E-5 4.56889E-5 3.91375E-5 2.13846E-5 5.84312E-5 1.45096E-4 3.29946E-5 6.90707E-6 6.54419E-4 4.1368E-3 7.89723E-3 3.41822E-3 1.07189E-3 4.10387E-4 5.5011E-5 4.84717E-8 2.08373E-9 1.47251E-9 7.00183E-9 2.20184E-9 6.40235E-10 1.10017E-9 2.72399E-8 1.93268E-9 1.7119E-8 5.71391E-7 2.31183E-6 3.21733E-6 3.25915E-3 1.19211E-5 2.752E-6 6.73707E-8 2.55983E-7 5.72372E-7 3.63497E-7 9.27548E-7 4.36781E-7 1.11247E-6 1.52695E-5 7.80236E-6 2.2802E-6 7.09113E-6 1.72741E-7 1.09758E-7 8.66503E-7 5.78589E-4 2.42733E-5 6.02595E-8 3.15749E-8 4.0975E-9 8.43744E-8 3.37866E-8 3.09233E-9 6.59037E-9 1.06761E-10 4.39845E-10 6.31659E-11 5.48541E-12 1.38047E-11 1.64118E-11 7.13919E-12 2.16538E-12 6.32923E-13 6.60966E-12 2.55974E-11
2.06395E-6 7.8231E-6 3.01312E-6 8.55041E-6 1.85826E-5 2.62264E-5 3.57748E-6 3.05742E-5 1.19886E-3 3.47776E-3 5.50691E-3 4.07966E-3 1.22047E-3 4.69295E-4 2.81753E-5 2.67158E-7 1.8176E-8 8.64887E-7 1.36286E-8 2.9416E-9 2.69165E-8 2.60596E-9 1.61038E-9 8.4023E-9 3.86735E-8 8.92512E-6 3.36681E-6 1.47992E-5 6.07848E-3 1.15039E-4 3.19382E-6 9.14191E-6 8.79111E-6 1.96114E-5 3.49868E-6 3.12392E-5 3.28807E-6 1.3715E-5 8.04993E-4 3.65221E-3 2.39462E-3 1.73503E-3 1.01818E-4 2.01886E-6 1.39224E-7 2.32491E-4 1.3903E-6 1.85E-7 1.32715E-6 1.18692E-6 1.09328E-7 7.8495E-7 3.04038E-9 5.81583E-10 7.64132E-10 4.46007E-11 2.63127E-10 5.40421E-12 2.92222E-12 5.43965E-12 2.40833E-12 2.78651E-12 1.75969E-12 9.70727E-12 1.37638E-11
2.14107E-6 1.15963E-6 3.09419E-6 4.75442E-6 2.63646E-5 2.11006E-5 5.37098E-5 1.01728E-3 3.46834E-4 3.65687E-5 2.64319E-6 1.47541E-6 1.85557E-7 7.52385E-9 2.93519E-9 1.60383E-7 1.40034E-6 6.39499E-9 4.00881E-8 2.23591E-7 4.0134E-8 1.24788E-8 6.05952E-8 4.43618E-7 9.76462E-8 1.65449E-5 1.06881E-3 3.36156E-3 1.77137E-3 3.36966E-5 8.7534E-4 2.66759E-4 9.57423E-6 7.81566E-5 8.75009E-7 2.53968E-4 9.97911E-4 1.1271E-2 4.414E-5 2.82737E-5 3.7358E-4 3.55121E-3 7.48892E-3 2.59219E-3 5.89182E-4 6.82923E-6 7.94644E-7 4.13027E-7 6.19581E-9 2.98096E-9 1.35764E-6 2.29746E-6 3.97536E-6 1.49663E-9 1.61589E-9 3.20012E-10 2.43441E-9 3.89367E-10 1.44745E-10 6.86315E-12 4.54504E-11 1.45278E-12 1.54152E-12 1.16554E-11 1.16554E-11
1.57504E-6 1.2657E-6 1.47369E-6 1.8698E-5 2.36812E-5 1.48482E-4 1.1691E-4 5.89212E-5 6.47706E-7 9.42533E-8 3.88071E-9 2.27827E-8 4.58775E-7 8.14112E-5 1.16244E-4 2.26022E-6 1.26534E-7 2.75246E-9 5.1819E-7 6.55229E-5 3.82824E-6 3.87507E-8 3.18246E-6 1.74139E-5 5.01443E-6 5.33689E-5 2.16654E-3 4.08563E-3 1.21842E-4 1.84931E-3 6.49275E-4 1.57349E-5 2.46833E-5 6.8312E-4 3.38008E-6 3.30556E-5 9.01665E-4 4.90302E-3 2.58797E-5 2.06997E-6 2.22647E-6 3.86571E-6 3.03316E-5 1.93332E-5 1.357E-7 1.74474E-9 9.54721E-7 1.27335E-6 1.97005E-8 3.92913E-9 6.3461E-9 2.39009E-6 1.39925E-7 9.00899E-7 6.35107E-8 1.21516E-7 2.93317E-7 9.10348E-8 2.40453E-9 1.04546E-10 3.34536E-11 3.94375E-10 5.52338E-12 2.82916E-12 4.54504E-11
7.47526E-7 3.27725E-7 1.27203E-6 4.61007E-6 5.54384E-6 5.96334E-6 8.74802E-6 3.20941E-7 2.28297E-7 2.78112E-7 1.59395E-5 1.66171E-4 7.3655E-4 1.38652E-2 4.74491E-3 8.6012E-5 4.58775E-7 6.24355E-7 1.17972E-6 2.76112E-4 9.06385E-4 4.45939E-5 2.97594E-4 1.41426E-3 1.27593E-5 3.26877E-3 8.80138E-3 4.39641E-4 1.30555E-3 1.72756E-3 2.41405E-3 6.09949E-4 3.36739E-3 1.11986E-3 1.08713E-4 8.98276E-3 4.62477E-3 5.83028E-5 3.57603E-6 8.61157E-7 1.46242E-6 7.75578E-7 5.03636E-7 2.44703E-7 3.07222E-8 2.40714E-8 1.26846E-6 1.53578E-7 1.07671E-7 8.33067E-9 1.84723E-8 9.88576E-9 3.90496E-9 2.36003E-7 1.73361E-7 1.7631E-9 3.92351E-8 1.99041E-9 9.60569E-10 1.31968E-10 2.16719E-11 8.14762E-10 7.40352E-11 7.07506E-12 3.18061E-11
4.35344E-7 7.47526E-7 8.18379E-7 1.63561E-6 1.44761E-6 3.38512E-6 8.44702E-6 5.68897E-6 1.66381E-5 8.87158E-5 1.51115E-4 4.9738E-5 1.04014E-3 1.40927E-2 1.19249E-2 1.40679E-2 1.29615E-3 8.00361E-6 6.09469E-3 9.7236E-4 3.81996E-2 8.26622E-5 1.25019E-3 1.22336E-2 2.43005E-2 3.69002E-2 5.95962E-3 2.12627E-2 2.14023E-2 1.16151E-2 2.05828E-3 2.89043E-3 1.27332E-2 1.63445E-3 2.76702E-3 8.06495E-3 4.35012E-4 2.44551E-5 3.57666E-6 8.18235E-6 9.24249E-6 1.77737E-6 1.60069E-6 6.44516E-6 6.27306E-6 3.69244E-7 1.73853E-7 6.72531E-7 8.62773E-8 5.21145E-8 6.77127E-8 5.15834E-9 8.57747E-10 1.18089E-9 1.9714E-8 1.10592E-7 6.58733E-10 1.82445E-8 3.19577E-8 9.07281E-10 4.1308E-10 8.80228E-11 4.67511E-9 9.07663E-11 3.09733E-12
