KUENM/Final_Models/M_0.1_F_lq_Set_2_E/sp1_0_se_asia.asc
ncols         320
nrows         243
xllcorner     44.0
yllcorner     -0.666666666666667
cellsize      0.166666666666667
NODATA_value  -9999
[rows 0 to 30 of 243, columns 0 to 69 of 320]
-9999 -9999 -9999 4.35084E-4 -9999 -9999 -9999 -9999 -9999 -9999 -9999 -9999 -9999 -9999 -9999 -9999 -9999 -9999 -9999 -9999 -9999 -9999 -9999 -9999 -9999 -9999 -9999 -9999 -9999 -9999 -9999 -9999 -9999 -9999 -9999 -9999 -9999 -9999 -9999 -9999 -9999 -9999 -9999 -9999 -9999 -9999 -9999 -9999 -9999 -9999 -9999 -9999 -9999 -9999 -9999 -9999 -9999 -9999 -9999 -9999 -9999 -9999 -9999 -9999 -9999 -9999 -9999 -9999 -9999 -9999
-9999 -9999 -9999 6.51501E-5 5.31873E-4 -9999 -9999 -9999 -9999 -9999 -9999 -9999 -9999 -9999 -9999 -9999 -9999 -9999 -9999 -9999 -9999 -9999 1.55318E-3 1.06113E-3 1.1757E-3 -9999 -9999 -9999 -9999 -9999 -9999 -9999 -9999 -9999 -9999 -9999 -9999 -9999 -9999 -9999 -9999 -9999 -9999 -9999 -9999 -9999 -9999 -9999 -9999 -9999 -9999 -9999 -9999 -9999 -9999 -9999 -9999 -9999 -9999 -9999 -9999 -9999 -9999 -9999 -9999 -9999 -9999 -9999 -9999 -9999
-9999 -9999 3.66231E-5 3.68866E-5 8.87179E-5 7.93333E-4 -9999 -9999 -9999 -9999 -9999 -9999 -9999 -9999 -9999 -9999 -9999 -9999 -9999 -9999 3.09167E-3 2.08095E-3 1.63832E-3 1.42228E-3 1.5652E-3 2.28072E-3 -9999 -9999 -9999 -9999 -9999 -9999 -9999 -9999 -9999 -9999 -9999 -9999 -9999 -9999 -9999 -9999 -9999 -9999 -9999 -9999 -9999 -9999 -9999 -9999 -9999 -9999 -9999 -9999 -9999 -9999 -9999 -9999 -9999 -9999 -9999 -9999 -9999 -9999 -9999 -9999 -9999 -9999 -9999 -9999
2.21147E-7 6.4918E-7 2.87655E-6 3.19392E-5 4.57144E-4 7.50662E-4 1.14337E-3 -9999 -9999 -9999 -9999 -9999 -9999 -9999 -9999 -9999 -9999 -9999 4.46865E-3 2.69747E-3 2.20894E-3 1.92162E-3 1.06371E-3 1.20497E-3 1.8338E-3 -9999 -9999 -9999 -9999 -9999 -9999 -9999 -9999 -9999 -9999 -9999 -9999 -9999 -9999 -9999 -9999 -9999 -9999 -9999 -9999 -9999 -9999 -9999 -9999 -9999 -9999 -9999 -9999 -9999 -9999 -9999 -9999 -9999 -9999 -9999 -9999 -9999 -9999 -9999 -9999 -9999 -9999 -9999 -9999 -9999
-9999 8.23728E-8 3.3155E-6 2.79518E-6 8.47023E-6 1.83179E-4 5.58675E-4 6.92047E-4 -9999 -9999 -9999 -9999 -9999 -9999 -9999 -9999 -9999 2.29465E-3 9.5547E-4 9.79261E-4 1.33819E-3 1.66948E-3 8.12606E-4 9.32762E-4 1.30481E-3 2.01091E-3 -9999 -9999 -9999 -9999 -9999 -9999 -9999 -9999 -9999 -9999 -9999 -9999 -9999 -9999 -9999 -9999 -9999 -9999 -9999 -9999 -9999 -9999 -9999 -9999 -9999 -9999 -9999 -9999 -9999 -9999 -9999 -9999 -9999 -9999 -9999 -9999 -9999 -9999 -9999 -9999 -9999 -9999 -9999 -9999
-9999 1.60605E-7 3.8069E-7 6.9547E-7 1.08056E-5 8.47304E-5 3.45618E-4 1.72909E-4 1.51642E-4 1.18533E-3 1.3434E-3 -9999 -9999 -9999 -9999 -9999 4.74452E-4 1.14896E-4 1.15373E-4 5.33083E-5 3.6878E-4 4.54178E-4 9.79655E-5 5.33189E-5 -9999 -9999 -9999 -9999 -9999 -9999 -9999 -9999 -9999 -9999 -9999 -9999 -9999 -9999 -9999 -9999 -9999 -9999 -9999 -9999 -9999 -9999 -9999 -9999 -9999 -9999 -9999 -9999 -9999 -9999 -9999 -9999 -9999 -9999 -9999 -9999 -9999 -9999 -9999 -9999 -9999 -9999 -9999 -9999 -9999 -9999
-9999 -9999 5.28154E-8 1.0382E-6 2.3122E-6 1.83899E-5 2.16665E-4 7.63286E-4 2.35E-4 6.85371E-5 6.52098E-6 1.08409E-5 1.78974E-4 4.47579E-4 3.44857E-5 2.49081E-5 4.31312E-6 1.77379E-6 2.23865E-5 1.36152E-5 2.49562E-4 2.28199E-4 6.2406E-5 7.80633E-5 9.49835E-6 -9999 -9999 -9999 -9999 -9999 -9999 -9999 -9999 -9999 -9999 -9999 -9999 -9999 -9999 -9999 -9999 -9999 -9999 -9999 -9999 -9999 -9999 -9999 -9999 -9999 -9999 -9999 -9999 -9999 -9999 -9999 -9999 -9999 -9999 -9999 -9999 -9999 -9999 -9999 -9999 -9999 -9999 -9999 -9999 -9999
-9999 -9999 7.10755E-8 7.97437E-8 1.48766E-5 2.9732E-4 4.76911E-4 6.19612E-4 2.79875E-4 2.08263E-4 1.14187E-4 1.56457E-6 7.55763E-7 4.99729E-5 1.78352E-5 1.28485E-5 1.0223E-5 1.42466E-5 1.5622E-5 3.44598E-5 2.09841E-4 6.99429E-4 3.74364E-4 2.39392E-4 5.42497E-5 1.50674E-5 4.45773E-6 -9999 -9999 -9999 -9999 -9999 -9999 -9999 -9999 -9999 -9999 -9999 -9999 -9999 -9999 -9999 -9999 -9999 -9999 -9999 -9999 -9999 -9999 -9999 -9999 -9999 -9999 -9999 -9999 -9999 -9999 -9999 -9999 -9999 -9999 -9999 -9999 -9999 -9999 -9999 -9999 -9999 -9999 -9999
-9999 -9999 3.65178E-7 4.04149E-7 1.31004E-5 2.68538E-4 9.01218E-5 1.57383E-5 8.05166E-5 7.38333E-5 1.22588E-4 7.16858E-5 1.24627E-5 3.98795E-6 1.17707E-6 4.05189E-6 1.03896E-5 3.57596E-5 3.61592E-5 6.22721E-5 2.64381E-4 2.68541E-4 2.334E-5 2.78949E-6 2.26702E-5 3.69491E-5 3.10591E-5 -9999 1.15836E-3 -9999 -9999 -9999 -9999 -9999 -9999 -9999 -9999 -9999 -9999 -9999 -9999 -9999 -9999 -9999 -9999 -9999 -9999 -9999 -9999 -9999 -9999 -9999 -9999 -9999 -9999 -9999 -9999 -9999 -9999 -9999 -9999 -9999 -9999 -9999 -9999 -9999 -9999 -9999 -9999 -9999
-9999 -9999 9.98414E-8 2.06967E-6 6.82302E-5 1.82227E-4 2.36784E-4 3.13697E-4 1.48691E-4 1.03277E-5 1.29994E-5 1.78672E-4 1.52727E-4 1.17967E-4 2.8779E-5 3.58224E-5 2.63145E-5 7.8145E-5 1.03277E-5 1.28009E-6 7.42285E-7 2.84222E-7 3.11758E-9 8.33663E-9 1.00418E-5 4.20745E-5 6.18147E-5 5.67377E-5 7.38274E-4 -9999 -9999 -9999 -9999 -9999 -9999 -9999 -9999 -9999 -9999 -9999 -9999 -9999 -9999 -9999 -9999 -9999 -9999 -9999 -9999 -9999 -9999 -9999 -9999 -9999 -9999 -9999 -9999 -9999 -9999 -9999 -9999 -9999 -9999 -9999 -9999 -9999 -9999 -9999 -9999 -9999
-9999 -9999 2.40674E-7 1.00455E-5 2.07356E-5 4.92582E-5 1.35166E-4 4.18759E-4 4.67811E-4 4.19354E-4 4.13557E-4 4.5184E-4 4.13557E-4 2.66717E-4 8.65435E-5 7.03292E-5 7.35104E-5 7.30526E-5 5.95795E-5 2.16952E-5 3.99392E-6 1.80577E-6 3.82959E-7 3.47619E-6 2.24995E-5 2.87649E-5 3.50899E-5 1.84003E-6 3.20079E-4 -9999 -9999 -9999 -9999 -9999 -9999 -9999 -9999 -9999 -9999 -9999 -9999 -9999 -9999 -9999 -9999 -9999 -9999 -9999 -9999 -9999 -9999 -9999 -9999 -9999 -9999 -9999 -9999 -9999 -9999 -9999 -9999 -9999 -9999 -9999 -9999 -9999 -9999 -9999 -9999 1.24299E-2
-9999 2.66412E-7 3.02829E-7 2.19435E-6 4.90897E-6 2.82069E-5 5.04857E-4 5.95024E-4 3.54019E-4 4.07775E-4 5.17932E-4 4.71038E-4 1.36874E-4 2.40128E-5 8.03972E-6 7.0441E-6 1.74551E-5 3.01076E-5 3.71843E-5 5.17725E-5 4.024E-5 3.89505E-5 1.03224E-5 4.25865E-6 1.19897E-5 2.81754E-5 1.3947E-5 8.72204E-7 4.84741E-4 4.22101E-4 -9999 -9999 -9999 -9999 -9999 -9999 -9999 -9999 -9999 -9999 -9999 -9999 -9999 -9999 -9999 -9999 -9999 -9999 -9999 -9999 -9999 -9999 -9999 -9999 -9999 -9999 -9999 -9999 -9999 -9999 -9999 -9999 -9999 -9999 -9999 -9999 -9999 1.85416E-2 1.88406E-2 1.69403E-2
-9999 -9999 -9999 3.06737E-6 1.39464E-5 3.41915E-5 4.57801E-4 6.4493E-4 4.98121E-4 4.85621E-4 6.12864E-4 3.12674E-4 2.00742E-5 3.00615E-7 4.49705E-8 3.69773E-7 1.21554E-5 1.50674E-5 6.54005E-6 1.02719E-5 2.70206E-6 2.03555E-6 1.73567E-6 1.93159E-5 9.42467E-6 1.04396E-4 2.31282E-5 4.67446E-6 1.00877E-3 8.23604E-4 -9999 -9999 -9999 -9999 -9999 -9999 -9999 -9999 -9999 -9999 -9999 -9999 -9999 -9999 -9999 -9999 -9999 -9999 -9999 -9999 -9999 -9999 -9999 -9999 -9999 -9999 -9999 -9999 -9999 -9999 -9999 -9999 -9999 -9999 -9999 2.00046E-2 2.05244E-2 1.63575E-2 1.22004E-2 8.38895E-3
-9999 -9999 -9999 -9999 6.35644E-6 5.67929E-5 5.83288E-4 6.29521E-4 7.17263E-4 6.21713E-4 5.01265E-4 1.25677E-4 8.47696E-6 2.55117E-6 9.33504E-7 2.43646E-6 2.16952E-5 3.32592E-5 3.30488E-5 6.51731E-5 8.18324E-5 1.44707E-4 2.62122E-4 2.69652E-4 7.92966E-5 3.70499E-4 4.57035E-5 1.76749E-5 1.53526E-4 3.6303E-3 2.09672E-4 -9999 -9999 -9999 -9999 -9999 -9999 -9999 -9999 -9999 -9999 -9999 -9999 -9999 -9999 -9999 -9999 -9999 -9999 -9999 -9999 -9999 -9999 -9999 -9999 -9999 -9999 -9999 -9999 -9999 -9999 -9999 -9999 -9999 -9999 2.6806E-2 2.60427E-2 1.89362E-2 1.77582E-2 1.59059E-2
-9999 -9999 -9999 -9999 5.71948E-7 3.91421E-5 1.66216E-4 6.28701E-4 7.16154E-4 6.22297E-4 7.47528E-4 6.52734E-4 2.68486E-4 1.05035E-4 2.84334E-5 2.25124E-5 6.03213E-5 1.14584E-4 1.15291E-4 5.95795E-5 1.05035E-4 5.1842E-4 1.31183E-3 3.94644E-4 1.30392E-4 7.63332E-4 1.75301E-4 2.82515E-6 2.91675E-5 1.38268E-3 1.66741E-3 3.96938E-5 6.28837E-6 7.57581E-6 2.64217E-5 8.05517E-5 -9999 -9999 -9999 -9999 -9999 -9999 -9999 -9999 -9999 -9999 -9999 -9999 -9999 -9999 -9999 -9999 -9999 -9999 -9999 -9999 -9999 -9999 -9999 -9999 -9999 -9999 -9999 3.51638E-2 3.80248E-2 4.10901E-2 4.05965E-2 3.6876E-2 3.49741E-2 1.35401E-2
-9999 -9999 -9999 -9999 -9999 5.77194E-5 1.52787E-5 8.02081E-5 6.5561E-4 7.68674E-4 8.22375E-4 7.95775E-4 5.85371E-4 1.39992E-4 7.22669E-5 5.08768E-5 2.58484E-5 5.02707E-5 4.99685E-5 6.88974E-5 1.67355E-4 3.3315E-4 1.05553E-3 6.8261E-4 1.67355E-4 4.69871E-4 1.96132E-3 4.3198E-4 1.58959E-4 9.59844E-5 6.05104E-3 3.02686E-4 6.46341E-5 4.46846E-5 8.36437E-5 1.64398E-4 3.0656E-4 3.8224E-4 -9999 -9999 -9999 -9999 -9999 -9999 -9999 -9999 -9999 -9999 -9999 -9999 -9999 -9999 -9999 -9999 -9999 -9999 -9999 -9999 -9999 -9999 3.12659E-2 3.83298E-2 4.60603E-2 5.24638E-2 5.60848E-2 5.52963E-2 5.78444E-2 5.00195E-2 2.35722E-2 2.59542E-3
-9999 -9999 -9999 -9999 -9999 1.69408E-6 3.61028E-5 6.37338E-5 3.79426E-4 7.95562E-4 9.3879E-4 9.02889E-4 8.71494E-4 3.82263E-4 1.63487E-4 2.23121E-5 7.64765E-6 9.44331E-6 4.63806E-5 1.02043E-4 3.4057E-4 8.21673E-4 1.80113E-3 1.50838E-3 5.65663E-4 9.50453E-5 1.53891E-4 1.63865E-3 5.15931E-3 1.30453E-4 6.0318E-4 8.24774E-3 1.79335E-3 1.37896E-3 1.20608E-3 4.39933E-3 3.26266E-3 1.221E-3 7.36527E-4 -9999 -9999 -9999 -9999 -9999 -9999 -9999 -9999 -9999 -9999 -9999 -9999 -9999 -9999 -9999 -9999 -9999 -9999 -9999 -9999 -9999 5.32819E-2 6.36268E-2 7.50228E-2 7.91071E-2 7.58982E-2 7.37513E-2 6.05466E-2 2.1008E-2 2.39589E-3 2.76198E-4
-9999 -9999 -9999 -9999 -9999 9.01476E-7 7.61845E-5 2.02907E-4 2.93207E-4 5.13445E-4 9.71359E-4 6.87318E-4 1.06045E-3 8.33928E-4 3.98783E-4 6.50649E-5 1.3243E-5 3.42741E-6 3.71293E-6 9.6087E-6 1.66217E-4 6.26188E-4 6.35391E-4 5.62877E-4 8.06666E-4 4.15371E-4 3.04868E-5 7.53799E-6 3.3312E-3 1.69381E-2 1.18164E-3 3.49618E-4 1.01603E-2 1.16899E-2 2.94736E-3 1.01616E-3 6.10849E-4 2.58475E-3 5.65515E-4 4.86054E-3 -9999 -9999 -9999 -9999 -9999 -9999 -9999 -9999 -9999 -9999 -9999 -9999 -9999 -9999 -9999 -9999 -9999 -9999 -9999 -9999 7.60402E-2 8.97265E-2 1.00175E-1 9.83377E-2 5.97385E-2 3.34321E-2 2.68326E-3 3.81033E-4 4.9913E-4 8.60973E-5
-9999 -9999 -9999 -9999 -9999 -9999 4.70962E-5 4.70067E-4 7.54693E-5 1.00227E-4 2.72839E-4 9.78505E-5 7.26433E-4 6.12904E-4 5.87935E-4 2.79659E-4 1.10674E-5 1.34049E-6 2.40208E-6 1.23169E-6 3.24135E-6 8.08789E-5 1.95525E-4 2.37574E-5 8.76696E-5 6.01824E-4 3.47204E-4 3.86074E-5 2.48993E-5 1.08496E-3 1.61979E-2 2.02383E-2 2.12825E-2 1.7845E-3 6.14042E-4 1.31179E-4 6.43609E-5 4.85759E-5 2.88302E-6 8.23432E-5 6.87012E-3 3.71263E-3 -9999 -9999 -9999 -9999 -9999 -9999 -9999 -9999 -9999 -9999 -9999 5.03635E-2 5.81662E-2 6.33201E-2 6.86162E-2 7.12908E-2 6.1359E-2 6.51768E-2 3.42993E-2 1.74943E-2 8.78863E-3 3.03017E-3 4.87997E-4 6.57453E-5 1.28535E-4 5.26177E-5 1.96447E-4 7.36393E-4
-9999 -9999 -9999 -9999 -9999 -9999 9.1904E-6 4.16577E-4 3.3087E-5 1.51924E-4 1.79306E-4 1.09512E-4 6.53255E-4 6.64854E-4 2.03007E-4 3.69289E-4 3.75398E-5 1.01726E-5 3.93837E-5 5.83363E-6 5.67962E-6 1.79975E-4 5.30869E-4 1.43798E-4 4.42268E-5 9.86706E-5 1.24051E-4 2.33818E-4 1.48232E-4 3.71765E-5 6.94928E-5 7.64216E-4 2.2342E-2 1.72544E-2 5.44316E-3 1.6909E-3 1.45434E-3 1.81116E-4 2.18595E-6 3.17288E-7 2.89627E-5 2.58846E-4 2.69642E-3 6.14017E-3 8.90395E-3 9.49385E-3 9.30635E-3 8.50128E-3 1.23266E-2 1.69418E-2 2.27814E-2 3.37785E-2 4.49772E-2 5.08866E-2 5.24112E-2 4.3354E-2 2.88512E-2 1.07607E-2 1.7491E-3 6.16051E-4 9.14003E-5 3.87087E-5 2.41691E-6 2.05901E-6 9.55698E-7 3.56244E-5 4.48012E-4 4.82044E-4 1.33386E-3 2.42572E-3
-9999 -9999 -9999 -9999 -9999 -9999 2.41596E-4 1.81824E-4 4.65982E-4 1.44985E-4 3.29923E-4 6.43255E-4 6.53414E-4 3.53131E-4 3.67292E-4 3.99496E-4 1.52256E-4 7.67047E-5 9.22796E-5 4.80405E-6 4.03056E-6 6.08249E-5 1.48284E-4 3.91177E-4 1.28742E-4 3.45503E-4 1.49774E-4 5.54259E-5 1.42082E-4 1.79434E-4 3.74165E-5 1.8313E-4 1.00274E-3 1.2666E-3 4.20166E-4 2.44346E-4 1.36394E-4 4.5184E-4 4.69374E-4 4.8664E-5 1.4635E-6 3.90914E-8 6.9317E-7 1.11063E-3 1.12114E-3 2.46247E-4 2.71435E-4 2.25358E-3 1.49228E-2 2.10198E-2 2.50844E-2 3.84862E-2 4.29874E-2 3.90771E-2 2.88217E-2 2.3364E-2 9.62015E-3 1.82815E-3 2.89265E-4 3.83123E-5 3.99026E-5 3.48841E-5 2.84611E-6 1.04577E-5 9.40778E-5 5.04609E-4 9.89931E-4 6.64084E-4 1.13438E-3 1.64306E-3
-9999 -9999 -9999 -9999 -9999 -9999 -9999 -9999 1.19054E-3 2.10905E-3 1.82279E-4 3.03098E-4 2.09189E-4 3.53241E-4 4.99587E-4 5.34781E-4 6.18075E-5 2.10039E-5 2.53645E-5 5.3826E-5 6.46231E-5 1.53526E-4 4.40275E-4 8.21434E-4 8.82878E-4 1.93486E-4 1.85362E-4 2.3828E-4 9.93355E-5 3.23808E-5 3.26884E-4 2.40143E-4 2.37328E-4 7.38551E-4 2.51339E-3 3.21248E-3 2.87729E-3 1.01769E-3 9.84557E-5 1.76411E-5 1.25848E-6 7.81878E-7 9.87757E-7 1.06705E-5 4.23472E-7 1.5646E-6 7.42578E-6 3.01271E-6 2.14501E-5 3.01898E-4 9.82019E-3 1.85782E-2 3.31136E-2 2.67062E-2 1.24345E-2 1.31481E-2 6.01027E-3 9.79004E-4 3.10961E-4 4.06249E-5 2.13396E-4 7.82389E-4 1.86731E-3 2.54344E-3 2.73492E-3 1.58095E-3 6.81421E-4 3.77286E-4 2.50859E-4 1.99589E-4
-9999 -9999 -9999 -9999 -9999 -9999 -9999 -9999 1.31372E-3 5.52808E-3 1.24438E-3 1.63583E-4 8.3701E-5 1.73593E-4 2.79427E-4 1.71866E-4 3.82506E-5 3.59909E-5 7.49752E-5 1.38137E-4 2.03923E-4 2.45049E-4 5.48509E-4 7.29835E-4 1.06536E-3 7.6216E-4 1.16084E-4 1.06959E-4 2.10267E-4 6.24256E-5 8.84604E-5 6.48837E-4 1.06474E-3 1.1719E-3 3.82607E-3 4.41661E-3 4.87849E-3 4.60949E-3 2.65126E-3 4.03047E-4 4.24808E-5 5.13887E-6 6.93048E-7 1.53483E-6 8.96789E-8 2.70174E-8 3.03884E-7 3.81318E-8 5.32477E-7 2.14004E-4 1.97204E-5 8.32732E-6 1.19192E-4 1.59434E-3 3.7944E-3 1.58213E-3 2.75465E-4 1.00312E-4 8.00217E-5 1.6421E-4 1.61045E-3 4.44762E-3 5.55887E-3 5.58134E-3 5.01993E-3 3.8715E-3 2.61925E-3 1.6403E-3 6.27399E-4 4.62982E-4
-9999 -9999 -9999 -9999 -9999 -9999 -9999 -9999 -9999 -9999 1.53773E-3 8.48929E-4 8.49315E-5 1.81996E-4 1.76783E-4 7.68767E-5 3.22672E-5 9.42304E-5 1.69812E-4 2.45235E-4 2.35265E-4 1.46913E-4 3.32463E-4 6.62952E-4 6.47653E-4 8.21673E-4 3.4243E-4 1.18134E-4 2.84226E-4 2.56548E-4 9.68415E-5 9.69979E-5 8.51875E-4 2.40591E-3 3.61045E-3 4.5711E-3 4.97509E-3 5.4903E-3 5.53012E-3 4.25921E-3 2.41669E-3 6.49447E-4 4.5663E-5 3.52579E-6 1.16025E-6 6.31295E-6 9.26836E-7 6.93821E-7 1.47022E-7 1.24311E-5 1.10366E-7 3.0168E-7 3.82021E-6 2.38742E-5 9.61208E-5 7.79401E-6 5.90325E-6 4.62396E-5 1.67489E-4 1.08898E-3 2.72825E-3 4.87435E-3 6.29086E-3 5.99082E-3 5.58886E-3 5.20758E-3 4.84644E-3 3.58777E-3 1.67651E-3 1.67651E-3
-9999 -9999 -9999 -9999 -9999 -9999 -9999 -9999 -9999 -9999 -9999 -9999 -9999 -9999 6.7037E-5 1.22605E-5 4.81261E-5 7.05266E-5 9.23276E-5 9.7477E-5 1.74329E-4 1.4959E-4 1.77131E-4 2.90786E-4 3.06326E-4 4.85414E-4 3.36856E-4 2.22135E-4 9.49885E-5 3.51965E-5 2.01054E-4 4.14672E-4 4.13836E-4 2.50924E-4 8.27964E-4 2.6006E-3 3.63283E-3 4.17777E-3 4.11229E-3 3.3281E-3 3.8567E-3 3.61135E-3 1.64034E-3 1.53627E-3 2.13901E-3 8.00742E-4 3.18609E-4 5.70106E-5 9.2934E-6 2.92271E-7 2.58354E-6 4.23178E-5 8.12536E-5 2.14402E-5 7.61276E-6 2.69632E-5 1.60226E-4 2.47677E-4 2.07509E-4 3.90173E-4 8.93385E-4 4.0536E-3 5.29332E-3 6.3003E-3 4.16377E-3 4.76935E-3 3.00517E-3 2.11288E-3 1.09318E-3 2.13619E-3
-9999 -9999 -9999 -9999 -9999 -9999 -9999 -9999 -9999 -9999 -9999 -9999 1.71646E-3 1.58162E-3 5.57564E-4 2.76043E-4 6.26408E-5 5.21378E-5 2.26758E-4 1.37795E-4 1.04856E-4 1.89506E-4 3.76053E-4 2.38259E-4 1.80897E-4 2.89437E-4 1.96525E-4 8.43981E-5 6.07314E-5 3.9575E-5 1.779E-5 4.95339E-5 5.54497E-5 1.03495E-4 2.14688E-4 2.34889E-4 4.17977E-4 8.52245E-4 7.26813E-4 2.08939E-3 4.2329E-3 5.48136E-3 7.39429E-3 8.7729E-3 8.3005E-3 2.87592E-3 1.80767E-3 3.49282E-4 1.06815E-4 1.23029E-4 9.97554E-5 1.41301E-4 8.95162E-6 1.16818E-5 2.18006E-4 2.0008E-3 5.60924E-3 4.33906E-3 1.33664E-3 9.6336E-4 1.52488E-3 3.71255E-3 4.14962E-3 3.5058E-3 3.5058E-3 5.23068E-3 3.46759E-3 2.05619E-3 4.15526E-3 7.82189E-3
-9999 -9999 -9999 -9999 -9999 -9999 -9999 -9999 -9999 -9999 -9999 -9999 1.3451E-3 3.04323E-3 2.74968E-4 9.32836E-4 3.2947E-4 4.63938E-4 2.83456E-4 1.73564E-4 2.7943E-4 3.58312E-4 4.19261E-4 1.58016E-4 1.07888E-4 1.55543E-4 2.45095E-4 2.50193E-4 2.03777E-4 1.1771E-4 1.19199E-4 3.5502E-5 1.4344E-5 1.44445E-5 3.52121E-5 1.36909E-4 4.41718E-4 1.4978E-3 1.76089E-3 2.01613E-3 3.47199E-3 6.21247E-3 8.3005E-3 8.34087E-3 8.13484E-3 6.68115E-3 4.43711E-3 3.13843E-3 1.77381E-3 5.08915E-4 4.31673E-4 1.33004E-4 1.13395E-4 5.20456E-4 3.30749E-3 7.64767E-3 1.07746E-2 8.57889E-3 5.51858E-3 2.49848E-3 1.42981E-3 2.07122E-3 1.30618E-3 7.18736E-4 1.56852E-3 8.46369E-3 1.54116E-2 1.15971E-2 1.32627E-2 1.66666E-2
-9999 -9999 -9999 -9999 -9999 -9999 -9999 -9999 -9999 -9999 -9999 -9999 -9999 6.83811E-4 1.31088E-3 8.4652E-4 9.00966E-5 6.28716E-4 3.87602E-4 1.27393E-4 3.10723E-4 3.26583E-4 2.81428E-4 3.03272E-4 8.70076E-5 5.89331E-5 1.82331E-4 3.47601E-4 3.86825E-4 2.81445E-4 3.38624E-4 1.99159E-4 1.04613E-4 7.59975E-5 1.82646E-5 6.56885E-5 7.23169E-5 4.47905E-4 2.15947E-3 2.61308E-3 2.89968E-3 2.56469E-3 6.45761E-3 8.08876E-3 9.14741E-3 8.22727E-3 6.94235E-3 5.70923E-3 4.18863E-3 5.0937E-3 5.73945E-3 8.86985E-3 1.08701E-2 1.19079E-2 1.27284E-2 1.32911E-2 1.57866E-2 1.46509E-2 1.38865E-2 1.13974E-2 7.99923E-3 7.79416E-3 3.83026E-3 8.55067E-3 1.30044E-2 1.7202E-2 1.90822E-2 1.80905E-2 1.7897E-2 1.75149E-2
-9999 -9999 -9999 -9999 -9999 -9999 -9999 -9999 -9999 -9999 -9999 8.56982E-2 1.8176E-2 5.77768E-3 3.77432E-4 1.02716E-3 4.05073E-4 1.37419E-3 3.55289E-4 1.59961E-4 1.85867E-4 7.405E-5 2.83349E-5 2.00255E-4 2.35992E-4 9.34968E-5 1.50596E-4 4.3543E-4 5.20289E-4 6.29125E-4 6.16481E-4 6.12756E-4 5.48126E-4 2.99488E-4 2.12881E-4 8.60822E-4 9.76356E-4 1.8211E-3 5.30377E-3 4.68518E-3 6.23633E-3 8.17275E-3 1.05361E-2 1.00615E-2 1.03754E-2 9.71719E-3 8.79243E-3 9.63907E-3 9.52657E-3 1.03036E-2 1.12618E-2 1.2436E-2 1.20252E-2 1.18907E-2 1.58735E-2 1.56989E-2 1.36315E-2 1.25028E-2 1.42583E-2 1.28316E-2 1.10103E-2 1.82324E-2 1.75149E-2 1.98038E-2 1.93818E-2 1.95045E-2 1.81576E-2 1.90833E-2 1.86693E-2 1.82623E-2
-9999 -9999 -9999 -9999 -9999 -9999 -9999 -9999 -9999 -9999 -9999 8.60258E-2 1.63472E-2 1.90637E-3 1.1272E-3 1.99652E-4 6.0269E-4 4.16464E-4 4.3137E-4 4.96226E-4 5.70979E-4 3.30638E-4 1.51591E-4 8.35808E-5 1.24877E-4 1.64664E-4 4.51544E-4 4.15071E-4 1.51819E-4 4.27081E-4 5.65244E-4 1.06776E-4 1.846E-4 4.14329E-4 7.75893E-4 4.48638E-4 2.10821E-3 5.09973E-3 1.00826E-2 1.03291E-2 8.51461E-3 1.0444E-2 1.17573E-2 1.24511E-2 1.15276E-2 1.10103E-2 8.30843E-3 5.45537E-3 1.00138E-2 1.11443E-2 1.31063E-2 1.4605E-2 1.42765E-2 1.0445E-2 1.00847E-2 9.11583E-3 6.79777E-3 9.96689E-3 1.17453E-2 1.61473E-2 1.72754E-2 2.08888E-2 2.06592E-2 2.11205E-2 1.94769E-2 1.90482E-2 1.86269E-2 1.8419E-2 1.8213E-2 1.80088E-2
-9999 -9999 -9999 -9999 -9999 -9999 -9999 -9999 -9999 -9999 2.22107E-1 1.10543E-1 2.78682E-2 2.36698E-3 3.72568E-3 2.81191E-3 8.75845E-4 2.51133E-3 4.2495E-4 1.43294E-4 4.23996E-4 2.9867E-4 2.0849E-4 3.7774E-4 1.29415E-3 6.01935E-5 1.09469E-5 8.90848E-5 8.59879E-5 2.23061E-4 6.85978E-4 2.29918E-4 1.09648E-4 1.69337E-4 6.98972E-5 1.40588E-4 5.11661E-5 4.49291E-4 5.43299E-3 8.60996E-3 8.7946E-3 1.00812E-2 1.12618E-2 1.26885E-2 1.27898E-2 1.28792E-2 1.21607E-2 1.12095E-2 8.03625E-3 4.18212E-3 1.01975E-2 1.27702E-2 1.18567E-2 1.46082E-2 1.5881E-2 1.78785E-2 1.91683E-2 2.03022E-2 2.05348E-2 2.12452E-2 2.10063E-2 2.12452E-2 2.00616E-2 2.00616E-2 1.98352E-2 1.85041E-2 1.85041E-2 1.85041E-2 1.78785E-2 1.78785E-2
