KUENM/Final_Models/M_0.1_F_lq_Set_2_E/sp1_5.asc
ncols         197
nrows         210
xllcorner     56.1666666666667
yllcorner     4.5
cellsize      0.166666666666667
NODATA_value  -9999
[rows 56 to 83 of 210, columns 130 to 194 of 197]
1.12505E-4 3.45696E-8 2.28043E-7 1.58273E-9 6.77833E-8 1.88393E-8 8.01934E-8 1.49576E-9 1.37664E-8 6.2713E-8 3.89953E-8 4.17745E-9 6.97596E-9 4.59151E-9 1.46258E-8 1.72497E-9 3.47755E-8 3.14911E-9 7.12347E-9 7.29629E-14 4.76985E-13 7.16004E-12 5.43223E-10 3.33513E-10 3.18475E-12 1.59181E-12 3.14579E-15 1.8057E-14 1.84875E-14 2.82077E-13 2.57958E-12 8.26153E-12 1.70596E-11 5.91482E-12 4.69229E-13 9.12053E-13 1.41949E-12 2.48032E-14 4.19293E-16 9.646E-17 1.53462E-15 1.91761E-17 6.75634E-18 1.22497E-17 -9999 -9999 -9999 -9999 -9999 -9999 -9999 -9999 -9999 -9999 -9999 -9999 -9999 -9999 -9999 -9999 -9999 -9999 -9999 -9999 -9999
1.46972E-2 4.47035E-3 2.47934E-5 1.43993E-10 8.6649E-10 1.89984E-7 6.43626E-9 6.54511E-9 3.43741E-7 1.82614E-7 1.33347E-7 7.31167E-8 2.63036E-9 1.97394E-10 1.6314E-10 1.73905E-8 3.28994E-8 8.90965E-8 3.50543E-8 3.97278E-14 3.1795E-11 1.15784E-13 2.25564E-11 7.09322E-9 1.72254E-6 1.70531E-10 1.08099E-11 2.93154E-13 4.15233E-14 3.27318E-15 8.16057E-14 2.57404E-12 5.47877E-12 1.62303E-11 9.74575E-12 9.69369E-13 3.66954E-13 7.09138E-13 3.44148E-14 3.14201E-16 1.78564E-17 3.04133E-16 9.06753E-18 1.01467E-17 5.40544E-16 4.26677E-18 -9999 -9999 -9999 -9999 -9999 -9999 -9999 -9999 -9999 -9999 -9999 -9999 -9999 -9999 -9999 -9999 -9999 -9999 -9999
6.0705E-2 6.14281E-2 2.96209E-3 2.73342E-6 3.02552E-8 3.98019E-8 9.90391E-9 2.05379E-9 2.16352E-7 1.75319E-7 7.30538E-8 8.01934E-8 4.19969E-9 1.03036E-10 5.81881E-11 1.35221E-11 1.22919E-8 1.19186E-7 2.56062E-7 4.52052E-10 1.24395E-7 7.95595E-9 2.4751E-10 1.57736E-5 2.2848E-4 2.51961E-5 1.70201E-10 2.1147E-12 6.17383E-12 6.89035E-16 6.85817E-16 5.322E-14 2.52783E-12 7.70969E-12 4.68807E-12 4.09927E-12 7.10659E-13 2.44122E-12 1.89093E-13 1.63804E-13 6.06461E-17 7.81966E-16 3.97638E-15 9.68001E-16 2.3497E-16 3.54536E-17 2.03922E-17 7.01585E-16 -9999 -9999 -9999 -9999 -9999 -9999 -9999 -9999 -9999 -9999 -9999 -9999 -9999 -9999 -9999 -9999 -9999
1.24871E-1 8.82988E-2 2.17977E-2 1.62991E-3 1.62054E-5 2.30345E-6 3.96982E-7 4.79009E-8 2.61133E-9 5.78308E-10 5.22779E-8 8.25498E-8 2.14733E-8 4.59653E-9 1.29175E-7 1.13894E-8 4.62887E-8 1.77357E-7 6.29686E-7 4.95053E-6 3.40415E-5 8.72751E-6 7.89459E-7 1.89929E-3 5.42379E-4 8.56981E-5 2.75724E-6 4.36492E-8 2.13772E-10 1.11487E-11 9.16046E-12 1.23881E-13 4.81861E-15 3.19889E-13 6.58602E-13 2.54091E-13 2.68522E-13 1.182E-11 5.74897E-12 1.55626E-12 2.26858E-13 7.24794E-14 1.20646E-13 2.56022E-14 1.23054E-14 1.0536E-15 2.88989E-15 8.15194E-15 7.08387E-16 4.39089E-16 -9999 -9999 -9999 -9999 -9999 -9999 -9999 -9999 -9999 -9999 -9999 -9999 -9999 -9999 -9999
1.17982E-1 1.22684E-1 5.85083E-2 2.3888E-2 4.70077E-3 6.54112E-4 1.97808E-5 3.68304E-7 1.14892E-10 5.34991E-12 4.62189E-12 1.40818E-9 3.47224E-8 1.10721E-7 4.21898E-8 1.01907E-6 1.14332E-6 5.94897E-7 7.93011E-7 6.08099E-6 3.0253E-5 1.41795E-4 7.26072E-6 1.04796E-3 2.98652E-5 3.36994E-6 1.22768E-7 7.119E-11 1.20263E-13 2.96618E-13 1.54538E-11 5.27119E-11 1.41884E-12 1.91249E-15 2.40683E-14 6.43353E-16 5.38327E-14 2.22118E-12 7.63894E-14 1.10948E-12 9.65388E-13 1.17036E-13 1.42782E-12 5.90835E-13 2.47035E-13 3.52662E-15 1.75879E-14 2.50345E-14 4.56845E-14 4.23854E-14 6.26507E-14 1.3652E-14 -9999 -9999 -9999 -9999 -9999 -9999 -9999 -9999 -9999 -9999 -9999 -9999 -9999
1.02357E-1 1.19229E-1 9.21513E-2 5.49538E-2 2.81504E-2 9.53758E-3 1.81206E-3 7.21275E-5 1.19255E-7 9.5477E-12 7.52737E-12 8.7363E-10 1.13795E-8 4.77589E-8 7.40683E-8 1.252E-6 1.90713E-6 2.1604E-6 4.55087E-6 1.0131E-5 5.93684E-5 5.61835E-5 1.45406E-4 1.00575E-4 5.03673E-5 2.35041E-5 9.56861E-6 1.35549E-7 6.34535E-12 2.02085E-12 7.34144E-12 2.06943E-12 5.20333E-13 3.83202E-15 2.37925E-16 3.43457E-17 2.58983E-12 2.77277E-12 9.98432E-15 2.5747E-12 5.81128E-12 2.47179E-12 1.84633E-12 5.25496E-13 4.0711E-13 4.15608E-12 3.50059E-13 1.77304E-12 1.39951E-12 4.73989E-14 5.8732E-14 5.38553E-15 2.8231E-12 -9999 -9999 -9999 -9999 -9999 -9999 -9999 -9999 -9999 -9999 -9999 -9999
1.23785E-1 1.36342E-1 1.19229E-1 9.30374E-2 6.70689E-2 4.63598E-2 1.81456E-2 2.50648E-3 1.18962E-4 2.59395E-6 5.43806E-8 3.97691E-9 2.2974E-9 2.37538E-8 4.95069E-8 6.65375E-8 6.28737E-7 1.08868E-6 1.85927E-6 3.17514E-6 8.13745E-6 5.64523E-5 3.15956E-4 1.37467E-4 1.29994E-6 1.80289E-7 2.52242E-8 1.33278E-7 1.71151E-6 1.19703E-8 6.75353E-9 1.13433E-12 3.46954E-13 3.38837E-13 4.96225E-16 9.14478E-17 1.07164E-8 1.96307E-12 4.53249E-15 6.24594E-14 2.41713E-14 2.14083E-14 1.03389E-14 1.75813E-13 1.96137E-13 4.17136E-13 1.14815E-13 2.47035E-13 3.71607E-13 7.71358E-15 7.17328E-15 5.53884E-15 1.51716E-14 5.20417E-14 2.7982E-13 -9999 -9999 -9999 -9999 -9999 -9999 -9999 -9999 -9999 -9999
1.91872E-1 1.93424E-1 1.84182E-1 1.5239E-1 1.33889E-1 1.25008E-1 6.37298E-2 1.93425E-2 5.82512E-3 3.37486E-3 7.37991E-4 4.21769E-5 5.29201E-6 1.52258E-5 6.40362E-5 1.36494E-6 7.28212E-8 6.80331E-8 5.23615E-8 3.31167E-7 1.46082E-6 8.22341E-6 1.17501E-5 1.0596E-4 6.93238E-5 2.07613E-5 1.6765E-4 6.8609E-6 3.72547E-6 6.05521E-8 7.17527E-7 1.25209E-9 1.00502E-11 4.19204E-13 3.7813E-15 3.71074E-10 6.79188E-10 1.8524E-15 9.01897E-17 2.55871E-17 1.32408E-15 6.65925E-15 8.51817E-16 2.32651E-15 6.45286E-13 1.11771E-13 1.86057E-12 4.14532E-15 1.99468E-15 1.18372E-15 6.96352E-13 3.63377E-12 1.87795E-15 1.28951E-14 1.85181E-14 3.25736E-15 -9999 -9999 -9999 -9999 -9999 -9999 -9999 -9999 -9999
2.82309E-1 2.73286E-1 2.90719E-1 2.79771E-1 2.79771E-1 2.22208E-1 1.29748E-1 5.93968E-2 3.01443E-2 1.8946E-2 1.09653E-2 2.58318E-3 1.97052E-4 7.87812E-5 1.12936E-5 2.70834E-7 6.23382E-8 2.09866E-8 3.53656E-9 7.26546E-9 1.05579E-7 2.28436E-6 1.69887E-6 6.94281E-6 2.86401E-5 5.59157E-6 1.75295E-6 4.75379E-6 2.90404E-6 6.05793E-7 5.26109E-8 4.01717E-13 2.79334E-16 1.35229E-17 6.4521E-12 3.55372E-9 6.3196E-13 1.71078E-14 4.18689E-13 1.11782E-16 1.02714E-14 2.32778E-12 6.57979E-13 6.27084E-15 7.99684E-12 1.6264E-14 3.26895E-12 2.11166E-12 1.11663E-12 1.04961E-13 6.76948E-13 1.47374E-11 9.3644E-14 3.43323E-12 5.02905E-13 1.59868E-12 7.20137E-13 -9999 -9999 -9999 -9999 -9999 -9999 -9999 -9999
3.51508E-1 3.24601E-1 3.38648E-1 3.66409E-1 3.87314E-1 2.94218E-1 1.6153E-1 9.04692E-2 5.67396E-2 3.52588E-2 1.73631E-2 2.73257E-3 5.33458E-4 4.33728E-4 7.04258E-5 2.22452E-6 6.33361E-7 5.94334E-7 7.61442E-8 6.82854E-9 5.98835E-10 2.81644E-9 8.24318E-10 1.18429E-7 1.49509E-6 8.96765E-8 4.57168E-8 1.13416E-7 1.38823E-7 1.15349E-6 1.61077E-6 4.25079E-8 5.01409E-7 1.1411E-7 3.6494E-6 5.39126E-9 1.62041E-14 7.3807E-13 1.05099E-11 5.21617E-9 9.43254E-14 1.15093E-10 1.63113E-11 4.89933E-13 4.34208E-12 8.03669E-15 8.10959E-16 1.61468E-14 5.70422E-14 1.8943E-13 6.95447E-15 7.8101E-13 4.4377E-11 5.175E-12 5.7577E-12 9.60665E-12 3.02374E-12 5.9934E-11 -9999 -9999 -9999 -9999 -9999 -9999 -9999
4.08659E-1 3.49755E-1 3.17951E-1 3.40964E-1 3.55007E-1 2.54424E-1 1.3108E-1 9.65693E-2 7.73529E-2 4.53445E-2 1.42662E-2 1.55574E-3 6.14169E-4 1.2358E-3 1.01604E-3 1.3852E-4 5.4218E-5 3.47686E-5 1.59154E-5 2.09511E-6 3.03736E-7 1.00102E-8 1.51879E-10 2.16125E-9 2.79248E-7 1.15311E-5 4.6131E-6 1.55068E-6 1.61823E-7 5.47175E-7 1.44724E-6 3.38628E-7 2.13754E-7 1.13592E-10 2.22021E-14 5.8565E-8 1.41743E-9 4.41593E-7 5.06456E-8 1.03704E-6 7.70358E-12 2.63389E-11 2.34553E-5 5.16841E-12 1.16811E-9 7.33469E-9 3.78636E-15 6.55457E-19 9.95189E-15 5.49318E-13 7.48707E-16 2.89406E-16 8.98535E-13 9.53876E-14 3.3151E-12 9.54084E-12 1.20619E-13 7.6969E-13 4.29666E-11 -9999 -9999 -9999 -9999 -9999 -9999
4.46575E-1 3.73411E-1 3.03818E-1 3.09217E-1 3.12817E-1 2.25097E-1 1.28542E-1 1.10283E-1 9.20859E-2 5.44707E-2 2.15654E-2 2.22644E-3 9.93438E-4 1.68109E-3 2.58713E-3 1.41523E-3 9.9509E-4 1.28403E-3 1.61814E-3 2.9631E-4 4.85683E-5 3.58316E-5 4.76417E-5 1.57346E-5 5.80974E-7 3.11638E-6 1.00488E-5 3.74129E-6 5.9385E-7 1.08191E-7 1.24584E-8 5.28711E-10 2.46059E-10 6.1499E-14 2.45735E-18 1.53781E-30 3.92431E-35 1.32822E-32 9.37608E-28 1.00087E-21 3.4392E-8 2.37802E-6 2.31467E-6 4.93817E-7 4.22582E-8 2.96369E-7 5.21926E-13 1.07453E-15 1.69669E-13 8.57659E-14 2.91103E-16 1.13853E-16 6.31441E-16 1.00859E-16 2.66011E-14 8.35511E-15 2.81798E-13 1.58225E-11 3.21897E-16 6.7151E-12 -9999 -9999 -9999 -9999 -9999
4.80586E-1 4.11577E-1 3.46905E-1 3.41549E-1 3.46958E-1 3.1084E-1 2.30864E-1 1.63558E-1 1.28211E-1 8.14891E-2 4.48454E-2 1.59227E-2 6.50764E-3 5.11263E-3 8.51022E-3 7.08082E-3 5.57561E-3 6.84547E-3 8.23252E-3 3.65385E-3 1.8129E-3 3.0935E-3 9.02875E-3 7.40351E-3 9.90842E-4 4.55095E-6 1.8061E-6 2.11932E-6 4.79278E-6 1.27186E-5 2.28958E-6 2.82091E-9 9.29099E-10 2.36104E-14 5.3863E-17 2.21705E-23 1.09043E-25 5.57347E-28 9.8215E-26 1.76484E-24 1.48832E-19 3.80028E-15 2.27886E-11 7.69405E-8 1.06801E-7 3.75397E-8 4.74579E-9 2.36784E-9 7.94989E-11 3.859E-12 9.41908E-12 1.05538E-12 3.99962E-17 4.02464E-19 1.41339E-19 1.11506E-16 2.12881E-12 3.44311E-11 2.27724E-14 8.22299E-14 5.80978E-15 -9999 -9999 -9999 -9999
5.30832E-1 4.62078E-1 4.09894E-1 4.16976E-1 4.38427E-1 4.0681E-1 3.35961E-1 2.58138E-1 1.84004E-1 1.37384E-1 9.33748E-2 5.51664E-2 3.36756E-2 3.1778E-2 3.64901E-2 1.91038E-2 1.27764E-2 1.21881E-2 1.36099E-2 1.1412E-2 1.13901E-2 1.70442E-2 2.13417E-2 1.2497E-2 1.67512E-3 2.5595E-5 2.23105E-6 1.72501E-6 5.99887E-6 3.26423E-5 5.43621E-5 1.58517E-6 1.35191E-7 1.33995E-9 6.88289E-11 6.80171E-14 1.21465E-16 3.68011E-18 1.11313E-18 5.81108E-18 1.01223E-16 1.23984E-15 7.9886E-13 7.84441E-12 2.60247E-10 1.08642E-12 5.79448E-16 6.70013E-15 8.96072E-14 4.55643E-9 2.56832E-9 6.3375E-14 1.58628E-14 3.39677E-13 1.80902E-17 2.35314E-16 1.3766E-10 2.35089E-9 2.34673E-12 4.6146E-15 1.81703E-16 -9999 -9999 -9999 -9999
5.33261E-1 5.1164E-1 4.80056E-1 4.72672E-1 5.19689E-1 4.89501E-1 4.28899E-1 3.49667E-1 2.59159E-1 2.00698E-1 1.55908E-1 1.11042E-1 7.22926E-2 5.87497E-2 4.77824E-2 2.64231E-2 1.82563E-2 2.09017E-2 2.22147E-2 2.15325E-2 2.28434E-2 2.56713E-2 2.08558E-2 1.03595E-2 2.31515E-3 2.29721E-4 1.92699E-5 2.99075E-6 5.00494E-6 2.66217E-5 8.15099E-5 2.87707E-5 8.69882E-7 3.20321E-9 2.62297E-10 6.73426E-13 8.61259E-14 1.81269E-15 6.02526E-15 9.15265E-14 3.56584E-13 7.06407E-13 1.73033E-13 1.92535E-10 2.2634E-10 3.71093E-12 1.08172E-10 4.74374E-15 5.65477E-19 3.8061E-15 9.54153E-15 3.42517E-10 4.95087E-13 2.32805E-10 7.18739E-15 1.731E-12 3.22832E-10 5.21484E-16 6.67538E-12 3.57234E-12 6.34071E-13 5.43632E-17 -9999 -9999 -9999
5.45038E-1 5.41578E-1 5.41578E-1 5.25858E-1 5.3447E-1 5.25531E-1 4.8276E-1 4.15423E-1 3.3318E-1 2.7086E-1 2.36988E-1 1.7529E-1 1.0898E-1 6.26382E-2 4.42558E-2 2.80383E-2 1.35898E-2 2.35241E-2 2.96813E-2 3.14045E-2 3.18482E-2 3.0576E-2 2.03301E-2 9.55809E-3 3.05023E-3 7.67672E-4 1.88629E-4 6.43551E-5 5.11018E-5 8.6782E-5 2.50467E-4 1.65853E-4 5.76786E-6 3.78355E-7 7.35338E-9 5.0519E-10 1.17729E-12 1.13612E-14 2.668E-12 4.41264E-10 3.50848E-10 1.97697E-11 4.63648E-10 3.06252E-13 1.44022E-11 1.40637E-12 5.94839E-8 6.903E-8 5.4709E-14 8.13113E-13 5.01754E-15 5.4292E-12 5.98067E-11 3.1917E-14 7.17137E-11 4.64066E-14 1.05525E-20 1.56757E-13 7.53341E-10 8.63165E-10 2.0272E-9 7.04232E-15 6.81475E-13 -9999 -9999
5.61666E-1 5.35504E-1 5.42689E-1 5.26802E-1 5.11094E-1 5.07013E-1 5.01968E-1 4.72461E-1 4.11735E-1 3.44183E-1 3.07426E-1 2.49327E-1 1.71163E-1 6.91697E-2 4.7962E-2 4.42558E-2 2.88499E-2 3.80114E-2 5.23E-2 4.72672E-2 4.43169E-2 3.61801E-2 2.22369E-2 1.05394E-2 4.36498E-3 2.10757E-3 1.0352E-3 5.43996E-4 3.74637E-4 4.42852E-4 6.15697E-4 3.23469E-4 4.98393E-5 2.96049E-5 1.02643E-5 2.25908E-7 8.36318E-9 2.66906E-9 1.34275E-8 8.14479E-8 3.20864E-8 4.7046E-10 9.57033E-12 8.62879E-11 2.80998E-8 2.28912E-8 1.72664E-7 2.30832E-6 4.15273E-6 4.47603E-6 3.09664E-9 2.46296E-12 2.83192E-14 1.43854E-14 5.84505E-15 1.46842E-12 3.48001E-10 4.29107E-14 2.89841E-13 3.48189E-14 2.42547E-12 3.84986E-9 3.99741E-11 -9999 -9999
5.83663E-1 5.38784E-1 4.91933E-1 4.66259E-1 4.77048E-1 4.8158E-1 4.97707E-1 4.96273E-1 4.63065E-1 3.97743E-1 3.36118E-1 3.28732E-1 3.17639E-1 1.83056E-1 8.54875E-2 5.96026E-2 6.11058E-2 1.00847E-1 1.04171E-1 8.33898E-2 6.58855E-2 4.92722E-2 2.89054E-2 1.3828E-2 6.17941E-3 5.87218E-3 5.7712E-3 3.10647E-3 1.58795E-3 1.41523E-3 1.47076E-3 4.24227E-4 6.8392E-5 7.3289E-5 2.05375E-4 3.7893E-5 2.91832E-6 1.14595E-6 1.43633E-6 1.02145E-5 1.76923E-4 7.66212E-6 7.07838E-10 2.66677E-12 5.59409E-12 1.56065E-12 2.07672E-10 5.49021E-6 1.69412E-4 1.00937E-4 4.22684E-5 5.32151E-6 3.5171E-6 2.52526E-8 3.8684E-13 5.04642E-10 1.0264E-3 7.1323E-12 5.61482E-11 2.25028E-9 1.54206E-14 2.4078E-13 3.01194E-22 2.54173E-24 -9999
5.57357E-1 5.45962E-1 5.06497E-1 4.61474E-1 4.64649E-1 4.59878E-1 4.70928E-1 4.80164E-1 5.03676E-1 4.23389E-1 3.43489E-1 3.63637E-1 3.83516E-1 2.85415E-1 1.50551E-1 8.54875E-2 8.74599E-2 1.27275E-1 1.38083E-1 1.42168E-1 1.2121E-1 7.88375E-2 4.37603E-2 2.15712E-2 1.12338E-2 1.942E-2 3.1778E-2 1.29804E-2 5.20233E-3 4.06763E-3 3.65446E-3 1.18605E-3 1.70376E-4 2.3149E-4 8.30297E-4 3.86789E-4 8.33677E-5 7.43216E-5 1.40778E-4 2.04772E-4 7.38312E-4 1.77894E-3 2.10355E-4 5.70305E-7 3.83254E-9 5.2983E-10 3.60388E-9 1.4626E-7 9.31993E-6 1.23728E-4 7.42933E-5 3.25476E-4 3.71481E-5 1.9907E-4 1.36518E-7 4.31649E-4 4.24858E-3 2.48186E-6 4.84266E-5 1.61079E-9 1.54842E-14 5.9269E-17 1.53474E-25 3.05826E-28 -9999
5.20193E-1 5.38205E-1 5.2808E-1 4.64649E-1 4.08871E-1 4.07108E-1 3.87465E-1 3.97193E-1 4.48546E-1 4.11281E-1 3.61815E-1 3.78127E-1 3.72713E-1 2.95473E-1 2.0129E-1 1.72689E-1 1.89923E-1 1.7151E-1 1.59508E-1 2.1516E-1 2.12941E-1 1.16295E-1 6.04615E-2 3.47185E-2 2.15712E-2 2.61341E-2 5.10956E-2 2.1888E-2 1.07159E-2 9.87821E-3 1.19948E-2 9.55458E-3 2.66076E-3 1.53788E-3 2.05526E-3 1.40648E-3 4.18928E-4 7.48758E-4 2.31401E-3 2.88822E-3 2.68413E-3 6.82524E-3 2.68292E-3 1.65354E-4 2.05334E-5 1.10669E-5 2.68928E-5 3.34339E-5 2.07221E-5 9.88165E-6 2.39575E-5 6.89573E-4 2.27897E-4 4.16997E-4 3.3448E-4 2.38274E-4 1.95883E-3 1.81483E-3 1.55939E-5 1.76995E-8 2.35757E-13 1.63166E-23 5.57703E-30 1.08239E-33 1.0953E-40
4.90632E-1 5.10799E-1 4.99452E-1 4.49818E-1 3.99099E-1 3.96447E-1 3.45912E-1 3.39693E-1 3.98234E-1 3.91848E-1 3.82872E-1 3.95977E-1 3.81723E-1 3.23187E-1 2.66206E-1 2.75297E-1 3.06546E-1 2.25881E-1 1.79513E-1 2.65013E-1 2.23705E-1 1.30316E-1 8.3649E-2 5.89335E-2 3.7201E-2 2.84949E-2 3.92733E-2 2.80893E-2 2.15848E-2 2.50175E-2 3.51949E-2 4.09211E-2 1.61211E-2 6.22855E-3 6.69346E-3 6.15967E-3 3.57521E-3 5.19814E-3 9.24943E-3 6.39759E-3 5.48008E-3 9.07676E-3 5.01422E-3 1.78001E-3 1.6178E-3 1.12087E-3 3.63601E-3 4.24993E-3 1.61273E-3 5.33363E-4 1.42074E-4 3.76953E-5 2.12402E-5 4.15665E-6 1.055E-8 6.47897E-13 3.76873E-11 1.31814E-9 1.01398E-13 7.98028E-19 3.19348E-20 2.59081E-21 1.94401E-25 2.24453E-39 0E0
4.45925E-1 4.27981E-1 4.52559E-1 4.20318E-1 3.71851E-1 4.55843E-1 4.37514E-1 4.08011E-1 4.1063E-1 4.27981E-1 4.30207E-1 4.30207E-1 4.319E-1 4.13465E-1 4.0302E-1 4.00738E-1 3.70181E-1 3.09206E-1 2.7963E-1 2.74131E-1 2.15571E-1 1.45176E-1 1.29013E-1 1.09171E-1 6.75124E-2 3.32962E-2 3.98283E-2 5.18941E-2 6.35016E-2 6.66952E-2 5.82267E-2 5.0581E-2 2.80155E-2 1.48696E-2 1.37795E-2 1.25518E-2 1.5902E-2 2.80893E-2 3.97623E-2 3.32107E-2 1.91038E-2 1.84982E-2 1.63341E-2 1.03155E-2 1.21196E-3 6.53877E-4 4.83269E-3 1.44956E-2 1.0194E-2 1.33436E-2 9.55656E-3 4.81374E-4 8.08142E-5 1.00511E-5 2.02963E-7 9.70005E-10 7.23236E-12 2.40657E-15 1.67082E-20 4.10553E-22 2.45505E-20 2.35994E-19 1.82884E-19 1.54393E-29 2.05272E-39
4.07108E-1 3.74757E-1 4.07108E-1 4.08011E-1 3.58928E-1 4.50155E-1 4.76623E-1 4.45925E-1 4.23795E-1 4.24547E-1 4.22823E-1 4.21673E-1 4.61474E-1 4.48546E-1 4.50182E-1 4.26808E-1 3.65599E-1 3.20351E-1 3.00549E-1 2.69141E-1 2.22424E-1 1.93905E-1 1.91961E-1 1.88743E-1 1.34068E-1 7.52882E-2 5.39511E-2 7.17783E-2 1.03462E-1 8.85759E-2 6.27597E-2 5.04981E-2 3.70823E-2 2.27595E-2 1.81392E-2 2.1822E-2 4.67609E-2 1.06681E-1 9.65281E-2 6.40671E-2 2.64728E-2 2.80383E-2 4.23243E-2 3.08108E-2 2.22929E-3 2.6554E-4 5.96759E-3 4.14525E-2 4.6423E-2 3.78706E-2 5.31146E-2 3.83824E-2 9.20556E-3 5.22593E-4 3.48919E-5 7.08045E-7 5.58315E-9 6.60553E-12 1.56877E-15 5.13427E-18 3.29128E-18 8.14016E-18 5.72303E-19 6.48477E-24 8.61827E-31
3.60589E-1 3.26884E-1 3.29637E-1 3.17323E-1 3.29091E-1 3.97305E-1 4.61678E-1 4.30693E-1 3.71101E-1 3.54536E-1 3.60077E-1 3.58232E-1 3.98234E-1 3.93633E-1 3.6192E-1 2.93115E-1 2.58519E-1 2.69141E-1 2.89407E-1 2.72806E-1 2.43827E-1 2.38125E-1 2.32851E-1 2.10096E-1 1.74582E-1 1.26432E-1 6.12154E-2 4.61174E-2 8.76299E-2 8.17753E-2 4.36614E-2 4.84592E-2 4.71965E-2 2.20139E-2 1.86338E-2 4.54469E-2 1.16505E-1 1.5658E-1 9.79598E-2 6.11845E-2 2.80893E-2 3.47108E-2 5.44707E-2 8.77523E-2 1.04597E-1 2.21797E-2 1.71771E-2 3.45402E-2 5.01723E-2 4.4469E-2 7.23525E-2 6.65575E-2 3.02733E-2 5.28198E-3 7.8425E-4 7.18686E-5 5.43038E-6 5.64004E-8 3.9864E-11 2.54523E-14 6.88978E-16 3.51929E-16 3.13101E-17 7.26199E-20 3.25063E-23
3.07219E-1 2.48499E-1 1.9358E-1 1.65673E-1 2.19286E-1 3.25744E-1 3.83456E-1 3.4826E-1 2.91688E-1 2.76852E-1 3.12235E-1 3.57073E-1 3.6817E-1 3.32834E-1 2.63989E-1 1.46772E-1 1.29074E-1 2.24657E-1 2.87968E-1 2.84255E-1 2.61844E-1 2.74642E-1 2.54164E-1 2.10486E-1 1.73291E-1 1.3695E-1 8.76299E-2 7.17621E-2 1.1529E-1 9.91115E-2 3.40235E-2 5.10658E-2 4.70692E-2 9.64063E-3 1.46852E-2 7.87369E-2 2.85704E-1 2.94378E-1 1.10512E-1 6.84018E-2 6.59345E-2 7.98531E-2 9.04792E-2 1.45984E-1 2.25013E-1 8.43521E-2 4.03514E-2 3.05976E-2 4.36726E-2 1.20266E-1 1.23498E-1 7.26692E-2 3.26775E-2 1.25582E-2 4.52082E-3 1.09906E-3 1.84115E-4 1.18089E-5 5.75152E-8 1.06293E-10 6.35651E-13 1.77073E-13 3.53162E-14 1.06613E-15 3.2756E-17
2.89445E-1 2.61384E-1 1.51066E-1 9.99308E-2 2.09122E-1 2.84606E-1 2.78931E-1 2.55042E-1 2.31658E-1 2.51272E-1 3.57073E-1 4.57476E-1 4.38365E-1 3.50129E-1 3.16343E-1 2.1434E-1 1.68778E-1 2.58684E-1 2.91688E-1 2.65819E-1 2.71324E-1 2.84255E-1 2.63664E-1 1.98817E-1 1.56772E-1 1.55314E-1 1.53865E-1 1.48143E-1 1.78106E-1 1.62787E-1 9.06138E-2 7.32988E-2 3.73867E-2 1.14781E-2 2.21454E-2 8.62648E-2 3.19726E-1 3.23472E-1 1.29074E-1 9.5862E-2 1.03562E-1 1.1529E-1 1.12827E-1 1.31626E-1 1.40799E-1 1.17512E-1 9.16299E-2 4.99276E-2 5.89335E-2 1.2347E-1 1.85575E-1 1.15785E-1 4.78888E-2 2.06222E-2 1.25752E-2 4.60326E-3 7.22589E-4 7.6422E-5 4.93059E-6 1.43081E-7 4.10639E-9 4.41346E-10 7.73025E-11 1.36389E-11 3.24575E-12
3.66022E-1 3.08491E-1 2.2822E-1 2.09122E-1 2.93963E-1 2.99596E-1 2.12535E-1 2.24719E-1 2.22976E-1 2.62339E-1 3.91903E-1 5.24555E-1 5.489E-1 5.25492E-1 5.02123E-1 4.90045E-1 3.60002E-1 3.2598E-1 3.42939E-1 2.91964E-1 2.95703E-1 3.01013E-1 2.54596E-1 1.95753E-1 1.61189E-1 1.67182E-1 1.9228E-1 2.02361E-1 2.007E-1 1.6733E-1 1.52491E-1 1.16252E-1 5.70368E-2 3.32991E-2 4.31034E-2 1.13582E-1 2.42387E-1 2.49603E-1 1.52383E-1 1.41053E-1 1.53835E-1 1.59815E-1 1.65812E-1 1.3309E-1 1.56866E-1 1.73291E-1 1.76389E-1 1.16505E-1 3.61357E-2 5.74837E-2 1.95205E-1 1.27538E-1 5.7469E-2 2.80893E-2 1.47344E-2 5.38612E-3 1.25761E-3 3.14107E-4 1.40198E-4 3.11187E-5 2.46724E-6 2.68302E-7 5.13157E-8 1.69576E-8 1.16346E-8
3.96345E-1 3.64479E-1 3.0695E-1 2.67846E-1 3.03357E-1 3.27948E-1 3.0524E-1 3.12235E-1 2.65819E-1 2.71324E-1 3.53359E-1 4.97838E-1 5.84257E-1 5.79504E-1 5.01201E-1 4.49731E-1 3.84181E-1 3.82336E-1 4.45833E-1 3.91226E-1 3.57593E-1 3.51998E-1 2.80549E-1 2.007E-1 1.74985E-1 1.84252E-1 2.21008E-1 2.36726E-1 2.299E-1 1.68855E-1 1.30243E-1 1.17482E-1 8.11512E-2 7.20137E-2 8.08629E-2 1.6073E-1 2.5859E-1 2.71507E-1 2.0213E-1 1.8727E-1 2.07424E-1 2.5688E-1 2.55055E-1 1.76529E-1 2.35278E-1 3.3326E-1 2.75007E-1 1.76589E-1 7.08185E-2 7.24206E-2 1.3309E-1 1.11694E-1 6.34981E-2 2.84223E-2 1.3378E-2 6.17179E-3 3.21392E-3 2.35747E-3 1.71184E-3 8.30297E-4 1.02343E-4 1.378E-5 3.18844E-6 1.29974E-6 1.85039E-7
