KUENM/Final_Models/M_0.1_F_lq_Set_2_E/sp1_8_se_asia.asc
ncols         320
nrows         243
xllcorner     44.0
yllcorner     -0.666666666666667
cellsize      0.166666666666667
NODATA_value  -9999
[rows 31 to 61 of 243, columns 70 to 139 of 320]
1.28938E-2 1.35079E-2 1.33359E-2 1.35079E-2 1.35079E-2 1.27299E-2 1.25676E-2 1.1279E-2 5.44807E-3 3.21879E-3 7.97842E-3 9.33513E-3 8.60162E-3 5.17353E-3 3.69948E-3 2.88599E-3 3.75732E-3 5.36428E-3 7.10591E-3 7.51718E-3 7.38045E-3 7.31425E-3 7.08222E-3 6.7767E-3 5.65909E-3 1.64117E-3 3.14716E-3 1.74056E-3 3.98055E-4 2.42103E-3 5.38752E-3 6.52137E-3 5.45779E-3 5.71726E-3 4.86902E-3 2.52525E-3 1.41559E-3 7.86243E-4 4.06121E-4 4.50035E-5 4.59471E-5 6.28421E-6 3.19092E-6 1.32284E-7 8.84163E-9 1.95627E-8 1.6283E-8 3.04787E-9 7.3867E-10 4.11853E-10 3.18117E-11 5.24195E-11 4.49032E-12 9.94237E-11 2.68263E-10 1.01164E-9 1.3559E-9 2.92483E-9 7.94986E-10 4.13195E-10 8.01561E-10 2.502E-10 3.77319E-11 1.33298E-11 3.72574E-12 5.86506E-13 1.82728E-13 2.2599E-12 7.06126E-14 8.99295E-14
1.35069E-2 1.35069E-2 1.35069E-2 1.35069E-2 1.27479E-2 1.2022E-2 1.3085E-2 1.17811E-2 7.40602E-3 4.02993E-3 8.99938E-3 9.23214E-3 8.18201E-3 3.03154E-3 4.5791E-4 4.45123E-4 1.25035E-3 3.13028E-3 5.08579E-3 6.52525E-3 6.9042E-3 7.29942E-3 8.03391E-3 4.48048E-3 6.20854E-3 8.31611E-3 5.7187E-3 6.02347E-3 2.15494E-3 1.60255E-3 4.039E-3 4.52266E-3 3.78893E-3 4.97618E-3 7.54701E-3 5.98441E-3 4.67301E-3 3.37108E-3 2.33573E-3 1.29039E-3 1.00129E-3 2.70069E-4 2.59774E-6 1.6283E-8 9.80313E-7 2.62242E-5 3.64351E-6 6.19619E-8 1.43407E-9 4.31805E-9 4.83355E-9 6.1589E-10 4.05935E-10 3.85174E-10 2.20236E-10 6.99634E-10 6.94002E-10 7.33033E-11 1.0394E-10 2.55831E-11 2.12732E-11 7.26398E-12 2.95469E-12 2.49532E-12 8.2039E-13 2.20784E-12 1.85664E-12 1.29279E-12 6.80167E-12 7.40368E-13
1.43541E-2 1.41659E-2 1.41659E-2 1.3214E-2 9.27072E-3 5.8347E-3 9.52027E-3 9.06909E-3 5.43516E-3 5.72589E-3 1.02021E-2 9.4723E-3 7.36674E-3 4.35387E-3 1.09362E-3 2.95473E-4 1.19936E-4 1.25035E-3 2.65644E-3 2.46172E-3 2.97571E-3 5.94191E-3 8.08709E-3 4.81801E-3 3.06458E-3 1.08266E-2 1.23048E-2 1.17372E-2 1.01322E-2 8.22505E-3 5.73878E-3 4.13896E-3 5.85876E-3 5.67693E-3 5.49241E-3 2.96056E-3 1.46248E-3 3.38409E-3 5.0074E-3 3.80996E-3 2.48153E-3 1.59789E-3 5.02649E-4 2.71505E-4 8.89592E-5 3.2162E-7 8.78321E-9 1.91288E-8 8.12875E-9 6.67675E-9 9.82337E-10 3.30299E-11 2.23669E-11 3.66415E-11 1.42541E-11 1.72933E-11 1.70406E-11 2.05059E-11 7.05296E-11 3.00694E-11 2.52108E-11 1.48869E-11 5.26999E-11 1.09637E-10 2.28422E-11 1.67357E-11 8.3868E-12 3.53791E-11 3.32091E-12 6.40755E-11
1.48014E-2 1.38258E-2 1.36415E-2 1.20331E-2 7.28276E-3 1.94049E-3 5.45887E-3 6.07706E-3 3.44826E-3 7.8024E-3 1.01682E-2 8.76576E-3 6.10693E-3 4.19389E-3 2.46044E-3 1.20939E-3 1.05182E-4 3.15941E-5 3.74308E-4 6.12312E-4 8.42771E-4 2.14744E-3 4.71627E-3 6.40752E-3 5.04237E-3 1.12623E-2 1.20588E-2 1.57228E-2 1.67672E-2 1.5742E-2 1.55635E-2 1.34164E-2 8.57559E-3 6.92637E-3 2.92263E-3 4.90166E-4 1.30219E-3 2.34393E-3 1.31692E-3 7.11051E-4 1.71171E-4 1.69954E-5 1.26296E-6 1.68043E-7 3.08064E-7 6.61896E-8 1.14242E-8 3.3023E-8 2.83351E-9 5.94042E-10 1.67047E-10 1.3291E-10 5.23077E-11 6.17172E-11 3.52983E-11 3.42404E-11 1.44608E-10 7.10802E-11 4.23424E-11 1.72367E-10 3.45221E-10 3.7185E-11 6.31274E-11 9.79516E-10 4.33369E-10 1.15472E-10 5.75621E-12 2.24688E-12 8.25072E-11 4.90218E-10
1.44118E-2 1.42176E-2 1.34691E-2 1.17121E-2 4.96646E-3 3.44567E-3 7.45134E-3 3.14202E-3 1.18475E-3 4.74694E-3 9.64709E-3 8.65226E-3 5.95212E-3 3.1383E-3 2.01466E-3 1.99764E-3 1.13369E-3 1.89083E-4 1.22622E-4 7.5356E-4 1.01925E-3 5.80911E-4 1.94804E-3 4.21478E-3 4.6635E-3 8.62968E-3 6.9042E-3 1.10123E-2 1.65157E-2 1.7085E-2 1.13585E-2 1.28884E-2 8.31611E-3 3.15963E-3 1.39061E-3 1.43204E-3 1.79175E-3 1.09846E-3 3.00291E-4 4.80245E-5 1.9226E-5 1.73284E-6 2.98271E-8 6.92337E-9 9.46758E-9 2.39173E-8 5.0898E-8 1.02228E-8 2.44461E-10 1.68268E-10 7.8422E-11 4.42872E-11 3.05172E-11 1.23136E-10 1.73734E-10 2.40437E-10 5.07525E-11 1.03138E-10 2.53967E-11 4.29863E-11 2.6161E-9 2.60159E-10 2.60159E-10 5.02702E-9 1.99017E-11 2.92273E-11 1.20266E-11 5.03395E-11 1.62643E-9 2.70308E-10
1.38153E-2 1.40066E-2 1.1744E-2 7.77635E-3 6.44349E-3 1.17352E-2 1.57617E-2 1.00201E-2 1.23879E-3 8.73569E-4 6.75334E-3 8.1026E-3 5.65205E-3 4.1342E-3 2.50557E-3 2.43024E-3 2.32556E-3 1.57041E-3 4.03394E-4 1.35138E-4 6.16089E-4 8.4668E-4 1.56347E-3 2.78085E-3 1.30817E-3 1.35224E-3 6.86745E-3 7.55868E-3 1.41376E-2 1.62319E-2 1.33072E-2 1.40851E-2 7.85882E-3 2.69692E-3 3.19707E-3 3.62538E-3 1.71107E-3 7.45034E-4 2.14869E-4 1.98138E-4 3.45581E-5 3.50948E-6 1.04602E-6 4.24327E-8 4.21027E-8 3.87284E-9 4.27173E-10 1.46113E-10 9.46182E-10 2.32207E-10 1.50493E-9 1.21505E-9 7.22402E-10 6.17172E-11 1.23136E-10 1.72367E-10 7.27445E-11 8.01561E-10 1.91774E-9 9.54155E-9 1.14425E-8 9.31141E-11 2.79394E-9 5.27409E-8 3.91055E-10 1.13459E-8 1.16511E-7 1.0776E-8 2.55988E-11 6.29834E-13
1.49185E-2 1.27406E-2 8.69875E-3 3.04723E-3 3.17553E-3 1.36262E-2 1.93701E-2 1.69695E-2 6.23007E-3 1.86674E-4 2.55138E-3 5.08883E-3 3.41858E-3 3.34069E-3 3.34475E-3 3.05577E-3 2.74683E-3 1.77431E-3 2.17481E-3 8.00491E-4 2.43572E-4 4.71213E-4 6.51892E-4 5.04035E-4 1.82035E-3 2.18626E-3 6.26129E-3 1.04963E-2 1.38809E-2 1.57309E-2 1.48932E-2 1.43026E-2 1.04055E-2 6.9042E-3 5.4501E-3 3.43287E-3 1.92156E-3 9.18923E-4 6.05375E-4 4.28893E-4 8.31209E-5 5.91725E-6 2.73987E-6 1.60558E-6 1.34709E-8 4.35271E-9 3.261E-8 2.56609E-7 2.15315E-7 7.58961E-8 7.38559E-9 3.83313E-9 1.01164E-9 1.00356E-9 2.97556E-10 6.21856E-11 8.48404E-10 1.19575E-9 1.7734E-7 1.09009E-6 1.20522E-7 2.37425E-10 2.31052E-7 2.56914E-6 4.6573E-7 1.95408E-7 5.68269E-10 2.33817E-12 2.42951E-12 1.19719E-10
1.4113E-2 9.79318E-3 5.6389E-3 1.97475E-3 3.04723E-3 1.14237E-2 1.79627E-2 1.91058E-2 9.8839E-3 9.28517E-4 9.40735E-4 3.71084E-3 3.5868E-3 2.48882E-3 3.05945E-3 3.34475E-3 3.34261E-3 2.63323E-3 2.99472E-3 2.30554E-3 9.81899E-4 3.16407E-4 1.67424E-4 7.78448E-5 2.54664E-4 8.21189E-5 3.86966E-4 5.61389E-3 1.35984E-2 1.67426E-2 1.48231E-2 1.19227E-2 9.69454E-3 7.49926E-3 5.48879E-3 3.42849E-3 1.54587E-3 1.03213E-3 1.37628E-3 1.37628E-3 9.40279E-4 3.50123E-4 4.88206E-5 5.99673E-6 3.22801E-6 1.75712E-5 1.09243E-5 1.09009E-6 2.21318E-8 1.15429E-7 5.4135E-8 6.14736E-9 1.8065E-10 2.99915E-10 1.63978E-9 3.2076E-9 2.92404E-8 1.00369E-8 1.3682E-7 2.82743E-7 1.00747E-5 2.54834E-9 6.56453E-7 2.00824E-5 3.66809E-7 4.12343E-8 2.50879E-9 6.33098E-11 2.03631E-10 3.14103E-11
1.303E-2 1.00766E-2 4.50147E-3 4.38811E-3 5.01675E-3 8.3098E-3 1.66415E-2 2.01287E-2 1.73464E-2 7.72048E-3 1.58697E-3 3.31414E-3 5.45112E-3 4.45972E-3 4.31603E-3 3.74205E-3 3.17834E-3 2.64574E-3 2.63323E-3 2.02223E-3 1.33636E-3 3.89696E-4 9.74457E-5 2.279E-5 5.47827E-5 3.36716E-5 7.86863E-5 3.61964E-4 8.39657E-3 1.31298E-2 1.09602E-2 9.72557E-3 8.81314E-3 6.66939E-3 4.24228E-3 3.55216E-3 1.88337E-3 1.74597E-3 2.05307E-3 2.26172E-3 9.56749E-4 2.78815E-4 1.03035E-4 1.72926E-4 4.97174E-5 1.06247E-4 2.28597E-5 8.99145E-6 2.91433E-5 4.82946E-6 7.91529E-7 7.0804E-8 1.19575E-9 8.34876E-10 1.96535E-9 1.60051E-8 2.0977E-7 9.01367E-8 1.37182E-6 3.98028E-5 7.42206E-6 5.22517E-7 2.22556E-5 2.30648E-6 1.30511E-8 4.36587E-11 1.26639E-10 2.95382E-10 4.51119E-11 1.85342E-11
1.07917E-2 1.10999E-2 7.75098E-3 5.13856E-3 3.56907E-3 4.15656E-3 1.1576E-2 1.74726E-2 2.06917E-2 1.80756E-2 1.74378E-3 2.21355E-3 8.37247E-3 8.29605E-3 7.21654E-3 3.5543E-3 3.26053E-3 1.42381E-3 6.61441E-4 6.32518E-4 8.54847E-4 2.12483E-4 6.90218E-5 7.72029E-5 2.27623E-4 2.79464E-4 4.12728E-4 1.60131E-4 4.51264E-3 1.10227E-2 9.30595E-3 9.8133E-3 9.14998E-3 5.84095E-3 4.86315E-3 2.68859E-3 1.27565E-3 1.48663E-3 2.72074E-3 9.74054E-4 5.37428E-4 9.18883E-4 8.06182E-4 9.28309E-5 4.99165E-5 2.94299E-5 2.93326E-4 4.20298E-5 8.62912E-7 5.78089E-7 1.34809E-8 5.14247E-10 8.5521E-10 9.87021E-9 3.10961E-7 9.70457E-6 1.43422E-5 3.70042E-8 1.98398E-5 3.17597E-4 1.28853E-5 2.37135E-5 3.25066E-6 1.82189E-7 3.26507E-9 2.35024E-9 1.31554E-8 9.15273E-11 1.30151E-10 3.7212E-10
4.85789E-3 1.17183E-2 8.48467E-3 4.50147E-3 2.34511E-3 2.44459E-3 9.09867E-3 1.25653E-2 1.34392E-2 1.69695E-2 1.18966E-2 8.97071E-3 1.27312E-2 1.13168E-2 1.06059E-2 8.42887E-3 6.75221E-3 4.33662E-3 1.12661E-3 1.60867E-3 1.68988E-3 1.06752E-3 6.79563E-4 8.43882E-5 2.38448E-5 3.48833E-4 1.04924E-3 1.44055E-3 4.4632E-3 8.4185E-3 1.36817E-2 1.21417E-2 8.98885E-3 5.95225E-3 5.95225E-3 4.98278E-3 3.55746E-3 3.16135E-3 2.58422E-3 1.9771E-3 2.71288E-3 1.77317E-3 2.62518E-3 2.50725E-3 1.11666E-3 4.04519E-4 3.19643E-4 4.85156E-6 3.63699E-7 2.08471E-8 5.99512E-9 1.62146E-7 9.30852E-8 5.33611E-7 6.6585E-5 5.65182E-5 1.9744E-6 7.98801E-7 5.68269E-4 1.24483E-3 6.28246E-5 1.18602E-6 1.5831E-5 2.02701E-6 3.85001E-7 4.24588E-7 8.72376E-9 1.31827E-11 1.67405E-9 2.61024E-7
5.11173E-3 8.13321E-3 6.58007E-3 5.13856E-3 4.32748E-3 4.69372E-3 8.08237E-3 1.15829E-2 1.1744E-2 1.2918E-2 1.57617E-2 1.768E-2 1.52006E-2 1.16746E-2 1.18322E-2 9.98592E-3 9.31156E-3 6.84074E-3 4.2814E-3 3.01755E-3 3.64653E-4 1.12753E-4 1.87157E-4 2.46128E-4 6.52689E-5 3.98532E-5 1.06752E-3 1.66928E-3 3.89142E-3 9.5944E-3 1.32563E-2 1.46775E-2 1.17811E-2 7.6002E-3 4.72301E-3 5.31052E-3 6.13326E-3 3.65369E-3 2.94227E-3 7.6002E-3 7.48719E-3 6.14876E-3 5.35758E-3 2.44198E-3 2.17481E-3 1.2173E-3 5.95337E-4 4.98931E-5 2.08422E-5 5.31037E-7 7.20829E-7 1.44222E-6 3.20876E-6 1.04098E-4 5.79207E-4 1.07098E-4 9.10839E-6 8.52956E-6 1.00831E-3 5.23815E-4 4.22154E-5 3.16691E-4 1.21305E-4 2.36741E-5 3.05062E-7 2.49159E-9 4.80475E-10 2.43266E-10 9.71795E-8 1.62843E-6
3.92243E-3 9.00031E-3 7.77728E-3 5.40764E-3 6.5423E-3 4.51151E-3 6.18227E-3 9.91344E-3 8.4255E-3 3.97542E-3 6.64818E-3 1.61978E-2 1.64195E-2 1.20331E-2 1.16746E-2 9.8541E-3 7.31223E-3 7.50671E-3 5.34143E-3 3.09868E-3 1.76465E-3 1.12661E-3 1.95814E-4 1.48253E-4 2.37595E-4 1.49994E-4 8.70737E-4 1.27558E-3 1.35667E-3 7.40602E-3 1.43541E-2 1.64752E-2 1.07474E-2 4.97892E-3 6.23148E-3 9.39482E-3 8.59962E-3 8.07784E-3 9.34097E-3 9.02656E-3 7.90555E-3 6.21316E-3 4.18714E-3 2.53701E-3 8.34549E-4 4.81424E-4 1.66377E-4 1.68278E-4 3.02622E-5 1.84521E-5 1.70213E-5 4.9001E-6 8.65613E-5 5.20908E-4 1.44369E-3 3.12438E-4 1.86095E-4 3.69835E-4 4.73852E-3 9.12802E-4 1.74522E-3 1.42447E-3 1.41838E-4 8.7178E-7 1.14031E-9 2.71046E-7 1.63822E-6 3.06293E-6 8.9972E-6 1.78157E-6
4.96896E-3 9.2576E-3 1.00707E-2 7.39947E-3 7.97062E-3 8.84877E-3 6.49672E-3 9.61614E-3 8.26647E-3 3.01783E-3 1.676E-3 1.45936E-2 1.7278E-2 1.46081E-2 1.50073E-2 1.29037E-2 7.21654E-3 4.51833E-3 2.55363E-3 1.56338E-3 6.14519E-4 8.74395E-4 1.12661E-3 2.99256E-4 2.67557E-4 4.99039E-4 1.14066E-3 1.47408E-3 9.56139E-4 1.16932E-3 9.06909E-3 1.58282E-2 1.34592E-2 9.46714E-3 1.18717E-2 1.05804E-2 1.01578E-2 8.10215E-3 9.19257E-3 7.82613E-3 6.40884E-3 1.07178E-3 1.18405E-3 2.29414E-3 2.58003E-3 2.86238E-3 1.05466E-3 1.24298E-3 9.07291E-4 2.76298E-4 3.19337E-5 1.07524E-4 7.09138E-4 1.90475E-3 3.19536E-3 3.45389E-3 4.64907E-3 4.18952E-3 3.23654E-4 5.33508E-4 6.35089E-4 1.14874E-4 9.59469E-6 5.90836E-7 5.86331E-7 2.07053E-5 4.82917E-5 3.63515E-5 4.05185E-6 2.39265E-5
1.79182E-3 6.18468E-3 6.36138E-3 7.75098E-3 7.15735E-3 6.18227E-3 6.67902E-3 9.77721E-3 1.12619E-2 7.99232E-3 7.35093E-3 2.19561E-2 2.25651E-2 1.81671E-2 1.93468E-2 1.56167E-2 1.23613E-2 9.27072E-3 6.15041E-3 4.78819E-3 2.55363E-3 9.69394E-4 2.15965E-4 1.99725E-4 7.29614E-4 6.06963E-4 3.35042E-4 1.30382E-3 4.45972E-3 3.01813E-3 3.99035E-3 1.13981E-2 1.38358E-2 1.38358E-2 1.10911E-2 1.20718E-2 1.12663E-2 1.06555E-2 1.05083E-2 8.82008E-3 8.61264E-3 6.07475E-3 7.48103E-3 8.59962E-3 8.21019E-3 6.47993E-3 5.1758E-3 4.56327E-3 2.74683E-3 1.01224E-3 5.61948E-4 1.15309E-3 1.92591E-3 3.6706E-3 5.52346E-3 6.59975E-3 4.87103E-3 1.40941E-3 1.5897E-4 9.07148E-5 6.97732E-5 1.12946E-4 5.9888E-5 2.08746E-4 1.69767E-4 3.3688E-4 1.16728E-4 9.10675E-5 1.06763E-4 4.22154E-5
8.20737E-4 2.31271E-3 1.38779E-3 4.75931E-3 8.57881E-3 8.4255E-3 9.48454E-3 1.00512E-2 1.32789E-2 1.12438E-2 1.01578E-2 2.54351E-2 2.47142E-2 2.2156E-2 2.07366E-2 1.88299E-2 1.64582E-2 1.21963E-2 8.59962E-3 4.66437E-3 2.97919E-3 1.01912E-3 4.26668E-4 3.03629E-4 1.04519E-3 2.42536E-3 4.52286E-4 4.97198E-4 4.17592E-3 5.30831E-3 6.07475E-3 1.06184E-2 1.38153E-2 1.62826E-2 1.52714E-2 1.33997E-2 1.23616E-2 1.18838E-2 1.17183E-2 1.06545E-2 1.0211E-2 9.19257E-3 1.01578E-2 9.52828E-3 8.90647E-3 8.40695E-3 7.31223E-3 5.04386E-3 3.88807E-3 2.7128E-3 3.08437E-3 4.24489E-3 5.56675E-3 6.43487E-3 7.87525E-3 8.54732E-3 4.54908E-3 1.87071E-3 4.22252E-4 8.04274E-4 1.06388E-3 1.7294E-3 1.53945E-3 1.35181E-3 4.10567E-4 2.30129E-4 4.06356E-4 3.70702E-4 1.11234E-4 1.35761E-5
6.87531E-4 1.29735E-3 1.05489E-3 1.26228E-3 6.26834E-3 8.94282E-3 1.49185E-2 2.01287E-2 1.93701E-2 1.93701E-2 1.93701E-2 2.76255E-2 2.32781E-2 2.3598E-2 2.42484E-2 2.24588E-2 1.88299E-2 1.48066E-2 9.59472E-3 5.75788E-3 2.72425E-3 1.83158E-3 1.3487E-3 5.77481E-4 3.47421E-4 9.68569E-4 1.05672E-3 3.78079E-4 2.75411E-3 2.89318E-3 5.24312E-3 1.04977E-2 1.48527E-2 1.67581E-2 1.49777E-2 1.42425E-2 1.31571E-2 1.24915E-2 1.31571E-2 1.24915E-2 1.20512E-2 1.11106E-2 1.04977E-2 1.04742E-2 1.04379E-2 1.02501E-2 9.27072E-3 6.84752E-3 6.31342E-3 6.21316E-3 6.45793E-3 7.27389E-3 8.38972E-3 9.03816E-3 1.10938E-2 5.71866E-3 2.84241E-3 5.53317E-4 1.02654E-3 2.75491E-3 4.34927E-3 6.93723E-3 6.64698E-3 2.27682E-3 1.67987E-3 1.78244E-3 8.11326E-4 3.2495E-4 4.0076E-5 2.61671E-5
2.60573E-4 4.26421E-5 5.65555E-4 6.18909E-4 2.93733E-3 9.19257E-3 1.29291E-2 1.84641E-2 2.6518E-2 2.95049E-2 2.99113E-2 2.57861E-2 2.18566E-2 2.53991E-2 2.53991E-2 2.57474E-2 2.35042E-2 1.68143E-2 1.08701E-2 5.75788E-3 3.44826E-3 2.33265E-3 2.68893E-3 1.8861E-3 3.68803E-4 2.36884E-4 1.28104E-3 1.0664E-3 2.64691E-3 4.32309E-3 5.24025E-3 8.3098E-3 1.33997E-2 1.71834E-2 1.51848E-2 1.4461E-2 1.39578E-2 1.39578E-2 1.35664E-2 1.27902E-2 1.23162E-2 1.303E-2 1.28911E-2 1.27406E-2 1.24071E-2 1.12438E-2 9.52828E-3 8.07784E-3 8.29605E-3 8.6324E-3 8.97981E-3 9.68515E-3 1.09925E-2 1.21746E-2 1.28101E-2 1.05786E-2 8.62968E-3 6.08355E-3 5.54122E-3 8.22505E-3 1.04775E-2 9.40266E-3 8.43167E-3 6.54912E-3 3.04193E-3 1.92658E-3 2.15179E-3 2.57015E-4 2.2243E-5 6.18824E-5
5.02907E-4 2.18778E-4 1.11549E-4 6.56613E-5 1.1693E-3 5.17279E-3 5.68398E-3 2.71799E-3 4.82498E-3 2.95049E-2 3.42713E-2 2.4325E-2 2.53991E-2 2.72532E-2 2.80059E-2 2.80059E-2 2.57861E-2 2.18566E-2 1.47936E-2 9.65784E-3 6.92261E-3 1.99123E-3 1.2076E-3 4.56128E-3 4.2515E-3 1.83764E-3 2.89318E-3 3.14202E-3 5.45838E-3 7.77635E-3 6.44349E-3 8.69875E-3 1.40438E-2 1.72529E-2 1.70093E-2 1.6006E-2 1.6006E-2 1.45494E-2 1.40548E-2 1.51848E-2 1.48769E-2 1.48769E-2 1.45626E-2 1.33997E-2 1.12663E-2 9.61614E-3 8.90178E-3 9.52828E-3 9.21617E-3 1.03276E-2 1.16229E-2 1.19357E-2 1.33312E-2 1.24555E-2 1.48109E-2 1.67426E-2 1.59174E-2 1.54982E-2 1.84699E-2 1.79148E-2 1.6984E-2 1.65417E-2 1.39444E-2 1.04064E-2 9.90418E-3 6.85566E-3 3.23155E-3 6.97814E-4 3.09771E-4 2.68902E-4
1.67628E-3 3.59886E-4 5.58716E-4 1.44476E-4 2.34E-4 1.79021E-3 5.5324E-3 9.46714E-3 1.25605E-2 3.57763E-2 3.82642E-2 3.22858E-2 3.03222E-2 2.99113E-2 3.06661E-2 3.06661E-2 2.87569E-2 2.43774E-2 1.87191E-2 1.15542E-2 1.15542E-2 1.04379E-2 6.07475E-3 5.38616E-3 7.35093E-3 3.4269E-3 2.99643E-3 6.71383E-3 6.96044E-3 5.82004E-3 1.00701E-2 9.93603E-3 1.38474E-2 1.7554E-2 1.70593E-2 1.60636E-2 1.62958E-2 1.58341E-2 1.60636E-2 1.57788E-2 1.6006E-2 1.57078E-2 1.53028E-2 1.14154E-2 1.0211E-2 1.04977E-2 1.06435E-2 1.04742E-2 1.07643E-2 1.18717E-2 1.36415E-2 1.48014E-2 1.33312E-2 9.96832E-3 1.06E-2 1.41265E-2 1.51354E-2 1.80829E-2 2.12739E-2 2.29759E-2 2.14519E-2 2.26391E-2 1.71796E-2 1.50258E-2 8.19899E-3 8.13199E-3 1.4967E-3 4.7542E-4 4.31079E-4 3.02325E-4
3.24775E-3 2.41967E-3 9.2007E-4 2.8514E-4 8.09276E-6 8.58013E-5 3.93808E-3 6.84398E-3 1.30782E-2 3.27282E-2 4.00678E-2 3.6765E-2 3.38068E-2 3.42713E-2 3.38068E-2 3.33473E-2 3.02489E-2 2.43774E-2 2.09781E-2 1.72037E-2 1.3648E-2 1.49664E-2 1.22385E-2 6.55872E-3 7.72048E-3 3.63614E-3 7.23657E-4 7.51271E-3 1.03535E-2 8.19543E-3 9.09867E-3 1.40438E-2 1.48769E-2 1.7554E-2 1.68164E-2 1.68164E-2 1.63393E-2 1.63393E-2 1.65764E-2 1.70922E-2 1.68164E-2 1.70593E-2 1.70093E-2 1.58433E-2 1.39173E-2 1.27125E-2 1.20689E-2 1.15829E-2 1.22385E-2 1.38358E-2 1.58046E-2 1.78027E-2 1.35069E-2 1.11603E-2 1.08651E-2 1.19783E-2 1.45497E-2 1.48648E-2 1.7334E-2 1.77383E-2 1.82951E-2 2.35951E-2 1.78704E-2 1.56031E-2 1.48098E-2 8.34896E-3 5.28159E-4 2.86824E-4 2.54977E-4 2.05901E-4
8.42674E-4 3.61412E-3 2.01734E-3 6.60138E-4 1.88029E-4 6.00218E-5 8.4239E-4 2.94419E-3 7.99034E-4 1.98753E-2 3.72675E-2 3.87886E-2 4.2786E-2 4.09513E-2 3.91626E-2 4.03953E-2 3.72323E-2 2.75964E-2 2.19561E-2 1.61381E-2 1.15757E-2 1.40066E-2 1.67379E-2 9.02427E-3 8.38056E-3 4.70325E-3 3.44567E-3 7.51271E-3 1.0211E-2 1.23616E-2 1.17183E-2 1.54018E-2 1.83618E-2 1.81018E-2 1.73052E-2 1.63393E-2 1.63393E-2 1.68473E-2 1.73575E-2 1.7866E-2 1.7866E-2 1.75909E-2 1.81018E-2 1.49705E-2 1.21892E-2 1.20512E-2 1.27406E-2 1.32544E-2 1.45612E-2 1.68143E-2 1.88299E-2 1.98753E-2 1.55776E-2 1.20215E-2 1.00596E-2 1.34354E-2 1.51354E-2 1.71907E-2 1.69546E-2 1.91187E-2 1.97271E-2 2.69791E-2 2.83351E-2 3.45839E-2 3.28369E-2 7.8383E-3 1.47977E-4 1.20467E-4 6.86013E-5 6.91325E-5
2.68893E-3 8.01187E-4 2.33019E-3 1.65663E-3 1.15474E-3 1.8899E-4 1.46528E-4 3.69046E-4 4.32477E-4 7.90555E-3 1.98753E-2 3.98548E-2 4.78089E-2 4.83541E-2 4.82036E-2 4.82036E-2 4.47158E-2 3.36185E-2 2.57861E-2 2.04086E-2 1.59177E-2 1.51258E-2 1.74726E-2 1.30974E-2 9.61614E-3 6.62269E-3 5.98128E-3 4.45045E-3 5.09888E-3 1.09568E-2 1.66229E-2 1.80605E-2 1.97607E-2 1.89204E-2 1.81018E-2 1.65764E-2 1.73401E-2 1.7866E-2 1.81297E-2 1.73575E-2 1.38554E-2 1.27166E-2 1.40548E-2 1.24915E-2 1.24915E-2 1.303E-2 1.4113E-2 1.56998E-2 1.62826E-2 1.87191E-2 2.18566E-2 1.94329E-2 1.64535E-2 1.20215E-2 1.20359E-2 1.55795E-2 1.71507E-2 2.0468E-2 2.08051E-2 2.23317E-2 2.45782E-2 2.67047E-2 3.66962E-2 4.2003E-2 3.4927E-2 1.0114E-3 2.24679E-4 5.35564E-5 6.0872E-5 9.69953E-5
3.77857E-3 3.02064E-3 8.19022E-4 7.57129E-4 1.25994E-3 1.4078E-3 1.89343E-4 4.69552E-5 1.5531E-4 6.47906E-4 3.38751E-3 3.28841E-2 4.65944E-2 4.78089E-2 4.82036E-2 4.86791E-2 4.73553E-2 4.40209E-2 3.38631E-2 2.86259E-2 2.34099E-2 2.07786E-2 1.56998E-2 1.1744E-2 8.78067E-3 7.41058E-3 2.95669E-3 2.35594E-3 2.47591E-3 3.60357E-3 1.60681E-2 2.03308E-2 2.18127E-2 2.03303E-2 1.8652E-2 1.7866E-2 1.73575E-2 1.81297E-2 2.00194E-2 1.76102E-2 1.23574E-2 1.27166E-2 1.2082E-2 1.30846E-2 1.34615E-2 1.45626E-2 1.59605E-2 1.78287E-2 1.92162E-2 2.19561E-2 2.4325E-2 2.18856E-2 1.69154E-2 1.53684E-2 1.58488E-2 1.87665E-2 2.2139E-2 2.46108E-2 2.49155E-2 2.78437E-2 3.10127E-2 3.56875E-2 4.41027E-2 4.16006E-2 7.11161E-3 1.87827E-3 5.45297E-3 4.75273E-3 3.80996E-3 1.45042E-3
4.50573E-3 3.88807E-3 2.01466E-3 1.57114E-4 1.62623E-4 5.36294E-4 1.10685E-3 6.87663E-4 4.38446E-6 4.52413E-5 2.54898E-4 1.78316E-2 4.59613E-2 4.88688E-2 4.70469E-2 4.52559E-2 4.51391E-2 4.75166E-2 4.23058E-2 3.31458E-2 3.11253E-2 2.44088E-2 1.75819E-2 1.2918E-2 8.66092E-3 6.62269E-3 3.18434E-3 2.57738E-3 3.4925E-3 2.29361E-3 1.05083E-2 2.18127E-2 2.30012E-2 2.17781E-2 2.12006E-2 1.83934E-2 1.81297E-2 1.97328E-2 2.02681E-2 2.02681E-2 1.83934E-2 1.89216E-2 1.57788E-2 1.45494E-2 1.616E-2 1.69423E-2 2.09144E-2 2.15119E-2 2.34099E-2 2.50879E-2 2.53991E-2 1.98753E-2 1.62392E-2 1.84869E-2 2.0203E-2 2.29711E-2 2.56366E-2 2.8019E-2 3.07249E-2 3.43729E-2 3.91162E-2 4.91045E-2 5.48837E-2 3.63756E-2 1.41194E-3 1.1395E-2 1.29641E-2 8.79304E-3 3.51391E-3 9.77168E-4
3.65343E-3 3.42727E-3 3.08437E-3 2.09742E-3 8.27851E-4 1.42315E-4 1.97791E-4 1.02935E-3 5.34578E-4 1.72131E-4 4.52598E-4 1.8529E-2 4.53802E-2 5.00321E-2 4.67042E-2 4.45171E-2 4.71263E-2 4.81984E-2 4.45171E-2 3.7864E-2 3.54061E-2 2.78415E-2 2.17846E-2 1.41651E-2 1.01906E-2 5.45838E-3 1.3402E-3 1.84032E-3 3.4925E-3 3.39937E-3 1.22206E-2 2.36639E-2 2.48776E-2 2.35919E-2 2.32574E-2 2.14689E-2 2.11633E-2 1.91966E-2 1.97328E-2 2.25028E-2 2.30422E-2 2.14114E-2 1.83869E-2 1.73052E-2 1.8652E-2 2.20911E-2 2.15192E-2 1.67581E-2 2.3738E-2 2.65095E-2 2.4325E-2 1.94329E-2 2.00535E-2 2.19379E-2 2.49088E-2 2.8246E-2 3.07819E-2 3.38205E-2 3.89875E-2 4.42927E-2 5.25531E-2 6.06873E-2 6.38153E-2 2.10095E-2 7.54701E-3 1.24334E-2 8.80701E-3 4.28474E-3 5.72213E-4 3.39634E-4
6.71724E-4 1.00541E-3 1.49319E-3 1.64727E-3 1.29905E-3 1.45215E-3 5.53263E-4 1.01967E-3 1.19403E-3 3.16407E-4 1.23531E-5 4.08988E-3 2.64554E-2 4.41488E-2 4.95591E-2 4.75166E-2 4.64755E-2 4.58319E-2 4.41712E-2 3.89772E-2 3.66705E-2 3.24832E-2 2.20897E-2 1.66415E-2 1.27531E-2 2.85507E-3 1.11724E-3 2.26981E-3 3.6851E-3 3.44567E-3 1.4113E-2 2.5593E-2 2.72069E-2 2.58426E-2 2.45262E-2 2.41789E-2 2.31612E-2 2.14114E-2 2.11047E-2 2.11047E-2 2.25028E-2 2.19589E-2 2.14114E-2 2.17218E-2 2.2036E-2 2.20911E-2 1.85791E-2 1.78287E-2 1.89518E-2 2.2649E-2 2.04572E-2 1.78027E-2 2.21077E-2 2.68736E-2 3.0998E-2 3.38776E-2 3.98425E-2 4.36041E-2 4.58727E-2 5.3598E-2 6.29946E-2 7.20275E-2 7.25415E-2 3.85158E-2 1.7696E-2 1.2083E-2 2.17782E-3 2.60635E-3 6.99035E-4 7.16454E-6
1.49114E-4 8.99176E-5 1.64251E-4 2.18487E-4 3.66044E-4 2.88586E-4 6.77765E-4 8.68029E-4 7.90835E-4 7.03594E-4 1.29974E-5 7.70099E-5 5.44807E-3 2.98363E-2 4.72108E-2 4.84886E-2 4.65549E-2 4.3944E-2 4.52648E-2 4.3944E-2 4.23058E-2 3.55473E-2 2.78415E-2 2.20897E-2 1.83308E-2 4.50074E-3 8.75816E-4 2.85507E-3 4.13923E-3 1.99263E-3 9.61614E-3 2.49696E-2 2.88344E-2 2.84286E-2 2.84286E-2 2.70427E-2 2.62816E-2 2.46205E-2 2.37175E-2 2.48125E-2 2.57184E-2 2.37175E-2 2.31612E-2 2.31612E-2 2.47612E-2 2.06223E-2 1.56213E-2 1.46469E-2 1.49185E-2 1.72037E-2 1.84147E-2 1.8483E-2 2.45176E-2 2.83146E-2 3.2991E-2 3.82701E-2 4.29826E-2 4.99403E-2 5.42818E-2 6.35978E-2 7.24396E-2 7.84635E-2 7.28116E-2 1.92745E-2 1.40865E-2 9.16928E-3 2.11838E-3 6.53986E-4 2.24894E-4 2.41123E-4
5.36453E-5 1.29112E-5 2.53141E-5 6.55298E-5 1.8876E-4 3.57686E-4 2.42548E-4 2.72006E-4 5.72179E-5 5.0167E-6 6.61868E-5 7.5308E-6 6.48563E-4 1.7278E-2 4.06346E-2 4.84886E-2 4.67299E-2 4.55669E-2 4.51923E-2 4.76055E-2 4.40038E-2 4.04774E-2 3.62469E-2 3.1589E-2 2.1137E-2 8.55406E-3 4.01287E-3 3.15982E-3 4.82498E-3 1.69461E-3 3.73459E-3 1.85862E-2 2.87827E-2 3.09E-2 3.10598E-2 3.06219E-2 3.01892E-2 2.94586E-2 3.04176E-2 3.09362E-2 3.09891E-2 2.99832E-2 2.79667E-2 2.51732E-2 2.14689E-2 1.59325E-2 1.2536E-2 1.20689E-2 1.06435E-2 1.12438E-2 1.31007E-2 1.7993E-2 2.38759E-2 2.83146E-2 3.21519E-2 4.04838E-2 4.59732E-2 5.08068E-2 6.02489E-2 6.70007E-2 7.59402E-2 7.85675E-2 5.12795E-2 1.32046E-2 1.53042E-2 9.9453E-3 4.55022E-3 1.41814E-3 1.2568E-3 6.03706E-3
6.06909E-4 1.72926E-4 6.33522E-5 1.56579E-5 5.50536E-6 1.25993E-4 2.38196E-4 1.59006E-4 1.29321E-4 5.72179E-5 1.57913E-5 5.48866E-5 3.16407E-4 5.95212E-3 3.57266E-2 4.55666E-2 4.64885E-2 4.76055E-2 4.77825E-2 4.69374E-2 4.60735E-2 4.20975E-2 3.7864E-2 3.44323E-2 2.20339E-2 3.09008E-3 3.01004E-3 1.78495E-3 2.68893E-3 3.88637E-3 2.04373E-3 6.23995E-3 1.79627E-2 2.94357E-2 3.30124E-2 3.37038E-2 3.37732E-2 3.18953E-2 3.28592E-2 3.33339E-2 3.1384E-2 2.94586E-2 2.42682E-2 2.03094E-2 1.70093E-2 1.24915E-2 7.01352E-3 8.04218E-3 7.15348E-3 8.15028E-3 1.05295E-2 1.45834E-2 1.97927E-2 2.27641E-2 3.00114E-2 4.10648E-2 4.95776E-2 5.46605E-2 6.29683E-2 7.13234E-2 8.04119E-2 7.98184E-2 5.44032E-2 2.29759E-2 1.73586E-2 3.16357E-3 2.96852E-3 7.1567E-4 9.96365E-4 1.80459E-2
1.43149E-3 5.49496E-4 1.23657E-4 1.65681E-5 1.35483E-6 7.55668E-6 7.28894E-6 6.39507E-6 1.2522E-5 4.37812E-6 1.1711E-4 4.36786E-4 3.86713E-4 3.60798E-3 1.87191E-2 2.95982E-2 4.11405E-2 4.43027E-2 4.46307E-2 4.55669E-2 4.51923E-2 4.46307E-2 4.10514E-2 4.00593E-2 3.2938E-2 4.60345E-3 8.11332E-4 1.11187E-3 1.48587E-3 1.3487E-3 1.9356E-3 3.85989E-3 2.52182E-3 1.02971E-2 2.81224E-2 3.36061E-2 3.41842E-2 3.16407E-2 3.07524E-2 2.89209E-2 2.89209E-2 2.31612E-2 2.08613E-2 1.73052E-2 1.39578E-2 8.72598E-3 4.6397E-3 4.70325E-3 4.63459E-3 5.6819E-3 6.32344E-3 6.39623E-3 7.00097E-3 1.25676E-2 2.82987E-2 4.48031E-2 5.05975E-2 5.83343E-2 6.61102E-2 7.28283E-2 7.86132E-2 8.00123E-2 7.22436E-2 3.3247E-2 1.13889E-2 2.0382E-3 1.05444E-3 2.30189E-4 1.2081E-3 2.80963E-2
