KUENM/Final_Models/M_0.1_F_lq_Set_2_E/sp1_4.asc
ncols         197
nrows         210
xllcorner     56.1666666666667
yllcorner     4.5
cellsize      0.166666666666667
NODATA_value  -9999
[rows 0 to 27 of 210, columns 65 to 129 of 197]
-9999 -9999 -9999 -9999 -9999 -9999 -9999 -9999 -9999 -9999 -9999 -9999 -9999 -9999 -9999 -9999 -9999 -9999 -9999 -9999 -9999 -9999 -9999 -9999 -9999 -9999 -9999 -9999 -9999 1.82458E-5 2.50768E-6 7.94621E-6 1.47927E-6 4.87846E-7 8.10901E-8 8.88162E-9 5.98654E-9 1.01462E-7 1.77978E-8 4.24645E-9 -9999 -9999 -9999 -9999 -9999 -9999 -9999 -9999 -9999 -9999 -9999 -9999 -9999 -9999 -9999 -9999 -9999 -9999 -9999 -9999 -9999 -9999 -9999 -9999 -9999
-9999 -9999 -9999 -9999 -9999 -9999 -9999 -9999 -9999 -9999 -9999 -9999 -9999 -9999 -9999 -9999 -9999 -9999 -9999 -9999 -9999 -9999 -9999 1.44341E-4 4.5837E-5 5.24572E-4 3.50807E-4 1.23319E-4 4.17142E-7 2.43782E-8 2.30972E-7 8.9423E-7 2.94886E-7 8.89781E-8 5.65744E-9 9.54989E-10 2.40904E-9 6.47947E-8 6.84395E-8 7.9866E-9 1.30239E-8 9.82583E-8 7.66733E-8 9.20627E-9 6.85368E-9 1.1785E-8 -9999 -9999 -9999 -9999 -9999 -9999 -9999 -9999 -9999 -9999 -9999 -9999 -9999 -9999 -9999 -9999 -9999 -9999 -9999
-9999 -9999 -9999 -9999 -9999 -9999 -9999 -9999 -9999 -9999 -9999 -9999 -9999 -9999 -9999 -9999 -9999 -9999 -9999 1.46616E-3 7.43495E-4 1.16157E-3 1.40369E-3 5.19349E-4 1.08517E-4 2.46292E-5 7.17357E-7 3.1512E-6 2.52763E-6 1.63127E-7 4.18766E-9 5.02813E-7 1.68538E-7 6.44782E-8 4.04913E-9 3.84939E-9 2.2598E-8 4.38434E-8 2.77306E-7 1.15078E-7 2.25672E-9 1.27321E-8 8.38733E-9 5.5324E-8 2.79575E-7 3.89488E-8 8.68067E-10 1.52843E-8 3.91032E-7 6.58366E-6 -9999 -9999 -9999 -9999 -9999 -9999 -9999 -9999 -9999 -9999 -9999 -9999 -9999 -9999 -9999
-9999 -9999 -9999 -9999 -9999 -9999 -9999 -9999 -9999 -9999 -9999 -9999 -9999 -9999 -9999 -9999 4.49519E-5 7.91192E-4 7.44289E-3 4.26118E-4 1.83504E-4 6.17325E-6 1.80954E-5 8.94955E-5 3.00709E-5 5.20545E-7 1.66695E-6 3.2226E-6 8.70214E-9 1.9191E-9 2.91294E-10 7.16813E-8 3.47022E-9 4.74403E-9 4.08734E-8 8.01518E-9 1.81932E-8 1.49556E-7 1.70775E-7 2.91527E-8 4.16932E-9 4.63733E-9 2.26085E-8 3.83711E-8 4.6288E-8 8.41271E-8 2.04667E-8 6.40159E-9 2.53175E-9 4.46643E-7 7.95259E-6 2.2861E-5 7.29868E-5 -9999 -9999 -9999 -9999 -9999 -9999 -9999 -9999 -9999 -9999 -9999 -9999
-9999 -9999 -9999 -9999 -9999 -9999 -9999 -9999 -9999 -9999 -9999 -9999 -9999 -9999 8.33673E-4 3.82254E-4 3.96551E-3 1.35487E-3 1.77091E-4 8.45825E-4 3.43553E-4 3.36198E-4 2.8526E-4 1.84637E-5 2.19218E-6 3.11458E-5 3.3757E-7 6.3226E-7 2.61017E-7 1.47807E-7 2.67255E-7 5.92259E-9 2.84426E-9 3.46361E-8 3.1542E-8 3.09996E-8 8.65944E-8 1.29687E-7 5.77192E-8 1.9129E-8 6.74957E-9 1.17789E-8 8.08183E-9 9.71059E-9 3.81681E-9 5.29873E-9 1.13425E-8 2.1793E-7 7.69499E-9 1.51657E-7 3.86108E-7 1.92628E-6 4.09445E-6 1.8717E-5 1.66753E-4 -9999 -9999 -9999 -9999 -9999 -9999 -9999 -9999 -9999 -9999
-9999 -9999 -9999 -9999 -9999 -9999 -9999 -9999 -9999 -9999 -9999 -9999 4.48367E-2 1.33349E-2 2.99144E-3 1.07935E-3 1.98588E-3 3.59165E-3 7.39964E-4 3.54047E-4 1.22658E-4 2.40705E-5 3.71388E-5 3.34359E-5 6.20785E-6 3.99686E-7 7.34524E-8 1.31474E-7 2.31676E-5 8.55254E-6 3.30927E-7 2.699E-9 1.31592E-10 2.29828E-8 5.03261E-7 1.83903E-7 4.50618E-7 2.02178E-8 4.62113E-9 1.16388E-8 1.47122E-8 1.36557E-8 1.86232E-8 1.82748E-8 1.79556E-8 5.55587E-9 4.87014E-9 2.85848E-8 4.92706E-9 8.69842E-11 3.41302E-9 4.65077E-8 2.80445E-8 1.8785E-7 1.5777E-5 8.6525E-5 1.82176E-4 -9999 -9999 -9999 -9999 -9999 -9999 -9999 -9999
-9999 -9999 -9999 -9999 -9999 -9999 -9999 -9999 -9999 -9999 6.00448E-2 3.94727E-2 3.76098E-2 3.78647E-2 1.8278E-2 1.11208E-2 1.49347E-2 6.97664E-3 3.54946E-3 6.45684E-4 4.65153E-5 4.30857E-5 6.78866E-4 8.83955E-4 4.31385E-4 1.18404E-5 1.18002E-5 3.91744E-5 3.99593E-6 2.69776E-6 8.77485E-7 2.54062E-8 2.43864E-7 7.85016E-7 3.4924E-7 1.21804E-7 1.05763E-7 9.04043E-9 2.74302E-9 4.9989E-9 5.18704E-9 2.02657E-8 5.31528E-8 3.32758E-8 3.53951E-8 1.74429E-8 4.60433E-9 5.98826E-9 4.15281E-8 1.68971E-9 1.79612E-9 1.69657E-8 1.154E-7 3.99789E-7 2.53032E-7 5.64412E-6 2.05511E-5 9.56424E-5 2.0443E-4 -9999 -9999 -9999 -9999 -9999 -9999
-9999 -9999 -9999 -9999 -9999 -9999 -9999 -9999 4.25399E-2 2.89395E-2 4.82513E-2 8.46097E-2 6.07606E-2 2.71955E-2 3.14331E-2 4.34158E-2 2.99869E-2 1.94678E-2 6.47588E-3 4.72533E-4 3.97901E-5 1.06276E-3 7.1799E-6 6.28458E-5 9.4741E-7 9.61095E-5 2.41097E-4 1.0069E-5 1.369E-6 9.1227E-7 3.76564E-7 6.61265E-6 2.53306E-6 1.04206E-6 2.48593E-7 2.24554E-7 8.80438E-8 5.7955E-8 7.39702E-8 2.20246E-8 1.3435E-8 2.67316E-8 8.1484E-8 4.37639E-8 1.31482E-8 5.38133E-9 8.15161E-9 2.60404E-8 8.58043E-11 4.66509E-10 4.929E-10 6.85875E-9 3.16646E-8 1.51479E-7 1.07042E-7 5.91754E-7 1.9685E-6 3.26124E-5 1.02816E-4 2.04475E-4 2.63994E-4 -9999 -9999 -9999 -9999
-9999 -9999 -9999 -9999 -9999 -9999 -9999 3.0586E-2 4.10234E-2 3.80606E-2 6.89664E-2 7.02386E-2 5.24735E-2 7.19594E-2 6.78513E-2 6.05974E-2 5.01948E-2 3.97344E-2 4.33274E-3 2.0327E-3 1.46316E-3 6.14314E-5 7.2055E-7 1.20688E-6 3.58866E-7 6.22124E-5 1.24165E-5 3.67052E-6 3.49734E-6 1.78317E-5 8.87014E-6 1.79265E-6 1.07105E-7 6.50526E-8 3.82714E-8 5.92268E-8 1.28519E-8 1.76996E-8 1.64731E-8 4.67815E-8 5.89487E-8 9.78321E-8 4.02084E-8 8.3579E-8 7.87263E-8 5.50235E-8 7.14033E-9 7.49323E-9 9.21389E-8 8.95245E-9 1.80492E-9 1.39456E-8 1.82729E-7 6.07146E-7 2.63972E-6 7.6616E-6 2.82416E-6 2.06693E-5 4.36211E-5 1.85481E-4 2.32434E-4 2.55591E-4 -9999 -9999 -9999
-9999 -9999 -9999 -9999 -9999 -9999 1.9643E-2 3.84122E-2 2.07484E-2 4.78601E-2 4.8369E-2 5.79714E-2 6.04249E-2 7.07163E-2 5.84674E-2 7.84844E-2 7.99528E-2 2.78418E-2 4.51885E-3 1.15607E-2 4.41958E-5 9.87344E-5 2.18697E-5 1.01476E-6 2.53224E-5 3.0591E-4 6.77051E-5 1.18626E-4 1.11049E-5 4.54083E-6 1.79181E-7 4.87011E-8 2.11434E-8 4.89964E-8 7.63497E-8 1.11256E-7 1.40794E-8 1.62526E-8 2.14106E-8 3.1357E-8 1.96581E-8 2.65707E-8 2.88867E-8 2.69972E-8 1.8573E-8 4.59291E-8 1.82192E-8 2.51353E-9 1.19329E-7 2.68702E-7 3.57383E-8 5.39584E-9 4.13071E-7 1.29463E-7 1.58194E-6 2.12232E-5 1.4201E-5 7.28603E-5 1.14623E-4 1.601E-4 1.97956E-4 2.55591E-4 2.59762E-4 -9999 -9999
-9999 -9999 -9999 -9999 2.3456E-2 2.38127E-2 2.45353E-2 3.27291E-2 3.31645E-2 4.18166E-2 3.98428E-2 4.92417E-2 5.81148E-2 6.48235E-2 7.04178E-2 7.9946E-2 6.40035E-2 1.611E-2 2.13001E-3 1.65137E-2 4.06009E-4 3.08481E-5 7.92229E-6 2.66767E-5 1.10882E-4 2.03458E-6 1.10919E-6 7.36668E-5 5.40627E-7 3.11859E-6 1.92307E-6 1.76485E-6 1.30822E-6 5.87489E-7 2.21169E-7 5.4389E-7 3.10655E-7 2.71088E-7 8.09174E-8 5.42713E-8 6.38255E-8 2.65707E-8 1.45705E-8 1.72E-8 1.85695E-8 2.3914E-8 2.6952E-8 1.41687E-9 4.18987E-9 5.27048E-7 1.68918E-7 1.56262E-7 9.28391E-8 2.22251E-7 1.37598E-7 3.53858E-7 3.70146E-6 3.082E-5 4.82643E-5 7.43719E-5 8.40138E-5 1.44934E-4 1.82502E-4 2.01192E-4 2.25187E-4
-9999 -9999 -9999 1.75571E-2 1.9961E-2 2.27948E-2 2.71167E-2 3.01543E-2 3.546E-2 3.74809E-2 4.02009E-2 4.73749E-2 5.09832E-2 5.80373E-2 7.06925E-2 7.87741E-2 7.25077E-2 5.72751E-2 2.52906E-2 1.89593E-2 3.63387E-3 5.94719E-4 3.16302E-5 1.43828E-4 4.18894E-5 1.71529E-6 1.37586E-5 3.60308E-5 2.82678E-5 7.05458E-7 8.60453E-8 6.12331E-8 2.15992E-7 4.52723E-7 5.37836E-8 2.47927E-7 1.86094E-7 5.68142E-8 1.21812E-8 1.20383E-8 1.64081E-8 1.0297E-8 1.61381E-8 1.96355E-8 1.88417E-8 8.433E-9 1.97678E-8 4.65413E-9 1.22416E-9 2.34904E-8 8.70685E-8 5.63727E-8 1.35526E-8 1.03022E-8 6.3289E-8 7.92136E-8 4.392E-7 4.43261E-6 1.50105E-5 1.33037E-5 7.16822E-5 1.01776E-4 1.08907E-4 9.98581E-5 1.01496E-4
-9999 -9999 1.40915E-2 1.61616E-2 1.86635E-2 2.04288E-2 2.57193E-2 2.7761E-2 3.28277E-2 3.69463E-2 4.15666E-2 4.64637E-2 5.19498E-2 4.98613E-2 7.07249E-2 7.73446E-2 6.02249E-2 1.19298E-2 9.09635E-3 2.34079E-3 4.81447E-4 4.46504E-4 1.75677E-4 1.78602E-4 4.85678E-5 5.97144E-6 5.16966E-5 8.83258E-5 4.45435E-6 2.13503E-7 3.79504E-7 1.591E-6 2.42267E-6 3.63685E-7 8.89827E-8 8.00419E-8 1.30139E-7 2.06331E-7 1.1175E-7 5.89658E-8 3.94384E-8 2.12749E-8 1.07858E-8 4.3822E-9 1.01669E-8 1.25459E-8 2.65464E-8 7.59575E-9 1.28609E-9 2.11921E-9 6.11383E-8 2.43099E-9 1.9488E-8 3.81523E-8 3.40345E-8 4.88313E-7 5.13204E-8 1.95968E-6 7.63225E-6 2.86343E-5 1.79559E-5 3.80191E-5 5.78041E-5 6.54612E-5 6.44027E-5
-9999 1.19356E-2 1.28998E-2 1.61951E-2 1.84027E-2 1.9916E-2 2.48479E-2 2.76129E-2 3.33307E-2 3.82219E-2 4.32764E-2 5.0518E-2 5.75629E-2 5.87614E-2 6.9334E-2 6.83647E-2 4.48582E-2 7.54634E-3 1.02504E-2 1.3533E-2 1.78076E-2 5.21768E-3 5.131E-4 3.3318E-4 7.05015E-5 2.55483E-6 2.95943E-5 1.08325E-5 9.43361E-6 6.00353E-6 7.44459E-6 2.74927E-6 4.84107E-7 1.17295E-7 2.69494E-7 4.66004E-7 1.60677E-7 2.43153E-8 5.30572E-9 9.96634E-9 7.56804E-9 4.14212E-9 1.01244E-8 1.87019E-8 4.24095E-9 7.89859E-10 8.3051E-10 5.31519E-10 8.82552E-10 4.93527E-9 1.08842E-7 1.9335E-9 6.29415E-9 3.50094E-7 9.51542E-7 1.19336E-7 1.44896E-8 1.64901E-7 7.16625E-6 7.75813E-6 1.05906E-5 1.12622E-5 1.17791E-5 1.62012E-5 1.41331E-5
1.23003E-2 1.25056E-2 1.38123E-2 1.54425E-2 1.82032E-2 1.93375E-2 2.39732E-2 2.69671E-2 3.23722E-2 3.78707E-2 4.45633E-2 4.97765E-2 5.69484E-2 6.61045E-2 7.05572E-2 6.70817E-2 3.11391E-2 1.19956E-2 3.22816E-2 2.27863E-2 1.04745E-2 1.49006E-2 5.58514E-3 1.19796E-3 1.9354E-4 8.94518E-5 4.2868E-5 2.23695E-6 2.1871E-7 1.27854E-6 1.54946E-7 9.68725E-8 2.4558E-7 8.50684E-7 1.6808E-6 6.13144E-8 1.24976E-8 9.42373E-9 3.94458E-8 5.52457E-8 2.85905E-8 4.24439E-8 1.80132E-8 2.42161E-9 7.49538E-10 7.89859E-10 1.75878E-9 4.06687E-9 2.11546E-9 6.87759E-10 1.39819E-8 3.38694E-9 1.02766E-9 9.74252E-8 1.51981E-8 2.24552E-8 5.05017E-8 2.41571E-7 3.35371E-6 1.34452E-6 1.05027E-6 3.76003E-7 1.99703E-6 9.31761E-7 1.74251E-6
1.3716E-2 1.35978E-2 1.50038E-2 1.59761E-2 1.77869E-2 2.03903E-2 2.32622E-2 2.70781E-2 3.1581E-2 3.72883E-2 4.49427E-2 5.04549E-2 5.81292E-2 6.0127E-2 5.80148E-2 5.08895E-2 5.51242E-2 3.62035E-2 5.22942E-2 1.90525E-2 6.45043E-3 4.40376E-4 1.63077E-3 4.83252E-3 5.99387E-4 2.02622E-6 4.50227E-6 8.57136E-6 3.90746E-8 1.22598E-7 3.9101E-6 1.70164E-5 2.04516E-6 2.28081E-7 3.35206E-7 3.38573E-7 3.15473E-7 8.27949E-8 1.00339E-6 6.162E-8 2.1868E-8 2.16422E-8 2.77011E-9 2.11935E-9 2.40586E-9 2.21563E-9 3.40934E-9 1.23476E-9 3.19143E-9 6.63654E-10 1.93625E-10 2.21901E-9 6.93517E-10 1.44351E-7 1.41802E-8 2.69051E-9 7.51374E-9 6.56469E-9 1.20948E-7 3.00834E-7 2.83743E-7 2.4961E-8 1.64137E-7 5.38654E-8 3.09663E-8
1.46418E-2 1.52268E-2 1.40998E-2 1.56714E-2 1.73884E-2 2.06188E-2 2.21341E-2 2.68032E-2 2.84041E-2 3.33115E-2 4.53225E-2 5.51524E-2 5.67096E-2 5.12308E-2 6.22871E-2 5.70181E-2 3.1026E-2 1.19157E-2 2.10299E-2 4.27726E-3 1.02636E-3 3.38939E-5 1.18345E-4 2.33908E-3 3.31467E-4 6.49649E-7 3.00482E-6 2.06526E-4 1.94627E-6 2.85786E-5 1.34487E-6 2.36292E-8 2.57369E-8 1.17768E-6 3.63845E-7 1.00168E-6 1.74433E-7 7.1812E-8 1.38149E-7 3.51017E-8 9.37804E-9 1.59153E-8 2.99379E-8 1.16686E-8 1.26939E-8 1.68953E-8 2.85922E-7 3.99155E-8 2.76962E-9 8.64296E-10 2.35749E-10 1.41736E-10 1.19964E-9 9.20175E-10 1.00573E-7 2.37501E-10 2.31376E-10 1.57786E-9 1.8942E-9 7.04918E-9 1.40975E-8 7.73812E-9 9.1963E-9 7.32801E-9 3.15482E-10
1.01454E-2 5.45406E-3 3.99082E-3 6.59433E-3 1.11242E-2 1.25613E-2 1.69977E-2 2.08606E-2 2.61433E-2 2.84918E-2 3.54436E-2 5.04329E-2 5.01849E-2 3.48332E-2 4.5463E-2 2.83356E-2 1.81774E-2 1.18865E-2 1.35663E-4 4.07927E-3 1.10403E-4 1.37853E-6 2.77631E-4 1.26298E-3 2.25602E-5 1.21739E-5 8.94031E-5 1.2146E-6 1.75872E-6 4.94601E-8 6.51338E-9 2.39673E-7 2.16859E-5 4.55875E-6 1.62246E-6 2.19363E-6 4.42394E-7 8.5286E-7 2.30413E-6 1.4141E-7 1.34374E-6 5.71053E-7 5.56026E-7 6.8264E-9 1.34659E-9 1.18012E-8 2.11472E-7 3.02973E-7 4.90848E-9 7.8004E-10 4.79768E-10 1.1477E-10 5.99311E-11 1.17708E-8 5.03502E-8 4.34338E-8 1.54411E-8 7.24613E-11 2.81651E-10 3.41373E-10 5.67251E-10 2.10675E-10 7.58594E-11 8.97478E-11 1.91144E-10
4.74115E-3 6.64233E-4 1.01775E-3 4.52514E-3 8.7366E-3 1.19463E-2 1.05437E-2 1.27197E-2 2.0201E-2 2.58608E-2 3.18684E-2 3.68084E-2 3.22105E-2 3.38133E-2 2.56029E-2 5.81153E-3 6.96328E-5 1.63301E-3 1.04934E-5 7.68994E-6 3.34506E-7 5.76063E-8 2.97566E-4 4.21588E-6 2.99635E-7 3.52559E-6 2.07605E-6 1.68134E-7 9.68846E-9 1.75806E-8 2.94309E-6 1.96951E-5 1.67111E-4 2.84636E-5 3.17313E-6 1.53484E-7 4.88366E-7 6.84226E-6 1.42683E-5 3.06374E-7 1.94747E-6 6.67477E-6 2.89845E-8 8.53999E-7 3.69738E-8 1.36104E-8 2.37351E-8 8.49253E-7 4.35926E-9 9.33173E-9 3.30752E-8 8.95736E-10 5.4002E-10 1.39943E-9 6.39298E-9 4.59696E-10 1.14575E-9 3.89471E-9 1.029E-8 1.2924E-9 3.05701E-9 1.35099E-9 1.1417E-9 1.29199E-10 6.63406E-10
5.29899E-3 2.97307E-3 2.20196E-3 2.83721E-3 6.01188E-3 8.28312E-3 8.37001E-3 1.00056E-2 1.46683E-2 2.21223E-2 2.83658E-2 3.28E-2 3.10239E-2 2.36132E-2 1.21832E-4 1.00895E-3 1.9113E-7 2.76602E-4 6.23199E-5 2.58599E-7 2.00146E-9 3.07328E-7 1.18871E-5 1.61366E-8 1.07002E-7 1.96896E-7 1.02859E-7 2.66419E-6 8.69869E-7 2.64298E-7 1.50436E-4 7.13342E-4 7.8755E-5 1.40678E-5 1.57826E-6 2.17989E-6 1.22377E-6 6.39169E-6 2.35282E-5 1.94551E-5 1.43529E-4 9.54316E-7 3.00471E-7 1.41671E-5 1.0746E-5 9.84545E-6 6.9943E-6 1.3298E-7 8.55614E-10 5.05749E-11 9.16875E-10 8.21294E-10 7.51943E-10 2.6622E-10 5.73331E-11 2.46472E-9 1.26867E-10 8.52756E-10 1.25535E-9 7.06733E-10 1.91144E-10 1.18926E-10 1.85223E-10 1.1417E-9 2.68655E-10
4.53721E-3 3.25243E-3 1.60806E-3 1.62004E-3 1.67458E-3 1.37455E-3 4.20136E-3 5.26988E-3 7.2631E-3 2.26477E-2 2.64024E-2 2.91841E-2 3.49845E-2 1.043E-2 7.5808E-4 8.12481E-3 8.07325E-5 3.49257E-7 1.08111E-6 2.51227E-6 1.4618E-8 1.87543E-7 1.1136E-5 1.03857E-6 7.89931E-8 2.14367E-7 2.22017E-6 3.61994E-5 2.55057E-4 1.35614E-4 9.03993E-4 5.92403E-7 8.36392E-6 2.56316E-6 3.07285E-6 2.55034E-6 4.38666E-6 2.14135E-6 1.58797E-6 4.35896E-7 5.4121E-6 6.2523E-5 7.57401E-5 3.02575E-4 4.69954E-7 2.24512E-7 8.26188E-9 3.57433E-9 1.06114E-8 6.33196E-9 7.35861E-10 1.92277E-10 5.56511E-11 1.38122E-10 1.35558E-10 1.66778E-10 5.27482E-9 1.01194E-9 1.17539E-10 2.24284E-10 2.54157E-11 1.20803E-10 1.57228E-10 7.28615E-10 8.78228E-10
1.20369E-3 2.06595E-3 1.5781E-3 3.8523E-4 1.5489E-4 9.60116E-4 2.79307E-3 1.19783E-3 6.52989E-3 2.22994E-2 2.57942E-2 2.42283E-2 1.32467E-2 4.40524E-3 6.56819E-5 1.80341E-3 8.32416E-6 1.74788E-8 3.91385E-8 4.93138E-9 1.78922E-7 1.78634E-6 9.38841E-8 1.74662E-6 8.38253E-9 3.1871E-6 4.05918E-6 2.61584E-5 3.27742E-3 1.1089E-3 2.75091E-5 3.4076E-7 7.68915E-7 2.86855E-7 4.52559E-7 5.2888E-7 3.55414E-7 1.28106E-6 3.29243E-6 2.28138E-6 1.26375E-6 8.0851E-7 2.83186E-6 4.12083E-4 9.92419E-4 1.79927E-5 1.56413E-5 8.01362E-9 1.62662E-8 1.29229E-7 8.68563E-8 4.27299E-9 1.51164E-9 2.01731E-9 1.9078E-10 7.54264E-11 3.05484E-11 2.55698E-11 7.64413E-10 1.61483E-10 2.19816E-11 2.54157E-11 2.39537E-10 7.52073E-10 1.88163E-10
3.5493E-4 3.50087E-4 3.086E-4 1.83658E-4 4.53802E-4 9.99582E-4 2.90846E-4 6.57104E-5 3.98109E-3 1.44479E-2 2.31215E-2 1.58798E-2 6.82238E-3 3.02289E-3 4.78499E-4 4.81007E-7 2.07968E-8 1.47018E-8 6.98089E-8 2.19812E-8 6.39667E-9 1.09899E-8 2.71194E-7 1.93029E-8 1.70634E-7 5.62443E-6 2.24484E-5 3.11013E-5 1.64787E-2 1.11931E-4 2.66435E-5 6.69942E-7 2.5317E-6 5.6264E-6 3.58262E-6 9.0512E-6 4.28822E-6 1.07817E-5 1.35119E-4 7.09891E-5 2.15376E-5 6.39377E-5 1.69356E-6 1.07859E-6 8.25654E-6 2.4882E-3 1.90702E-4 5.91921E-7 3.11072E-7 4.07107E-8 8.2019E-7 3.31016E-7 3.07019E-8 6.51819E-8 1.06592E-9 4.3838E-9 6.30813E-10 5.48339E-11 1.37961E-10 1.64001E-10 7.1359E-11 2.16484E-11 6.32842E-12 6.60663E-11 2.55734E-10
1.97331E-5 7.05191E-5 2.86178E-5 7.77904E-5 1.61064E-4 2.25235E-4 3.44136E-5 2.73622E-4 5.91213E-3 1.28004E-2 1.8677E-2 1.76804E-2 7.59532E-3 3.39706E-3 2.53052E-4 2.62878E-6 1.80825E-7 8.41902E-6 1.35734E-7 2.93591E-8 2.6781E-7 2.60176E-8 1.60842E-8 8.38128E-8 3.84865E-7 8.42597E-5 3.2488E-5 1.38045E-4 2.70088E-2 9.65212E-4 3.08723E-5 8.64167E-5 8.30567E-5 1.80137E-4 3.36185E-5 2.78065E-4 3.14849E-5 1.25373E-4 4.65397E-3 1.39843E-2 9.75687E-3 7.53718E-3 7.60789E-4 1.91072E-5 1.36701E-6 1.419E-3 1.3123E-5 1.80135E-6 1.23871E-5 1.10377E-5 1.06209E-6 7.25106E-6 3.02001E-8 5.79655E-9 7.61043E-9 4.45545E-10 2.62427E-9 5.40222E-11 2.92143E-11 5.43749E-11 2.40772E-11 2.78573E-11 1.75929E-11 9.70186E-11 1.37545E-10
2.03338E-5 1.12253E-5 2.92194E-5 4.44248E-5 2.16089E-4 1.83684E-4 4.34378E-4 4.38891E-3 2.30268E-3 3.28536E-4 2.56019E-5 1.43681E-5 1.83077E-6 7.49723E-8 2.92845E-8 1.58457E-6 1.35616E-5 6.37597E-8 3.98256E-7 2.20561E-6 3.98928E-7 1.24366E-7 6.01936E-7 4.36592E-6 9.69027E-7 1.52818E-4 6.63849E-3 1.64753E-2 1.00964E-2 3.04412E-4 5.75381E-3 2.07055E-3 9.04407E-5 6.72486E-4 8.57997E-6 1.95192E-3 6.2566E-3 3.97546E-2 3.82728E-4 2.49875E-4 2.54331E-3 1.43813E-2 2.27899E-2 1.07774E-2 3.38641E-3 6.19625E-5 7.64597E-6 4.00101E-6 6.15966E-8 2.96722E-8 1.25619E-5 2.05109E-5 3.37243E-5 1.48922E-8 1.60698E-8 3.19143E-9 2.41627E-8 3.88087E-9 1.44452E-9 6.86011E-11 4.53957E-10 1.4525E-11 1.5412E-11 1.16482E-10 1.16482E-10
1.50359E-5 1.21891E-5 1.41731E-5 1.46239E-4 1.83588E-4 8.41475E-4 7.65701E-4 4.7664E-4 6.37436E-6 9.35988E-7 3.87357E-8 2.26803E-7 4.50608E-6 6.95604E-4 9.64521E-4 2.17706E-5 1.2513E-6 2.74703E-8 5.08015E-6 5.58757E-4 3.65361E-5 3.85277E-7 3.05256E-5 1.59261E-4 4.77651E-5 4.61783E-4 1.12122E-2 1.77441E-2 9.98469E-4 9.21479E-3 4.30414E-3 1.46534E-4 2.26215E-4 4.67237E-3 3.26295E-5 2.98799E-4 5.9338E-3 2.28633E-2 2.34639E-4 2.00234E-5 2.14688E-5 3.68208E-5 2.6835E-4 1.73942E-4 1.33851E-6 1.74126E-8 9.21856E-6 1.21949E-5 1.9529E-7 3.90993E-8 6.30352E-8 2.15967E-5 1.3534E-6 8.29625E-6 6.1781E-7 1.16693E-6 2.75215E-6 8.74071E-7 2.38546E-8 1.04362E-9 3.342E-10 3.93031E-9 5.52118E-11 2.82837E-11 4.53957E-10
7.25192E-6 3.22376E-6 1.22336E-5 4.15079E-5 5.03293E-5 5.48908E-5 8.05463E-5 3.1724E-6 2.26072E-6 2.75091E-6 1.48427E-4 1.3469E-3 4.94326E-3 4.20542E-2 2.17903E-2 7.303E-4 4.50608E-6 6.1127E-6 1.14752E-5 2.07688E-3 5.8092E-3 3.87287E-4 2.18071E-3 8.14476E-3 1.17941E-4 1.5192E-2 3.17015E-2 2.9042E-3 5.883E-3 6.85832E-3 9.62076E-3 3.91605E-3 1.44604E-2 6.62977E-3 9.10772E-4 3.32022E-2 2.11738E-2 5.1227E-4 3.44386E-5 8.43568E-6 1.42313E-5 7.58993E-6 4.94173E-6 2.41132E-6 3.05279E-7 2.39195E-7 1.22483E-5 1.51057E-6 1.05989E-6 8.27916E-8 1.82951E-7 9.80423E-8 3.8807E-8 2.26671E-6 1.66672E-6 1.75297E-8 3.82707E-7 1.97678E-8 9.55716E-9 1.31704E-9 2.16541E-10 8.10847E-9 7.39267E-10 7.07192E-11 3.17755E-10
4.25983E-6 7.25192E-6 7.93923E-6 1.5564E-5 1.39416E-5 3.18378E-5 7.66139E-5 5.37001E-5 1.51874E-4 7.20486E-4 1.19567E-3 4.40592E-4 6.41473E-3 3.74882E-2 3.81971E-2 4.49099E-2 8.02782E-3 7.51237E-5 2.70637E-2 6.19044E-3 9.89868E-2 6.87061E-4 7.42807E-3 4.37042E-2 7.15377E-2 9.37718E-2 2.21112E-2 5.58455E-2 5.06363E-2 3.06562E-2 7.88302E-3 1.01644E-2 3.17108E-2 7.17627E-3 1.1054E-2 2.54141E-2 3.01811E-3 2.24103E-4 3.45014E-5 7.76108E-5 8.73163E-5 1.72767E-5 1.55641E-5 6.11634E-5 5.9473E-5 3.62719E-6 1.7139E-6 6.5516E-6 8.51581E-7 5.14996E-7 6.67172E-7 5.12869E-8 8.55177E-9 1.17639E-8 1.94339E-7 1.07037E-6 6.56198E-9 1.79158E-7 3.11871E-7 9.02871E-9 4.11666E-9 8.78816E-10 4.62566E-8 9.06202E-10 3.09645E-11
