KUENM/Final_Models/M_0.1_F_lq_Set_2_E/sp1_1_se_asia.asc
ncols         320
nrows         243
xllcorner     44.0
yllcorner     -0.666666666666667
cellsize      0.166666666666667
NODATA_value  -9999
[rows 31 to 61 of 243, columns 70 to 139 of 320]
1.77559E-3 1.94711E-3 1.92218E-3 1.94711E-3 1.94711E-3 1.7529E-3 1.73045E-3 1.41441E-3 3.68111E-4 1.36339E-4 7.06044E-4 9.15997E-4 7.61505E-4 2.78523E-4 1.38687E-4 8.38432E-5 1.32416E-4 2.42351E-4 3.84266E-4 4.07016E-4 3.77256E-4 3.52856E-4 3.22067E-4 2.90217E-4 2.01331E-4 1.81483E-5 6.18989E-5 1.92962E-5 1.12652E-6 3.36038E-5 1.49547E-4 2.06675E-4 1.42443E-4 1.4961E-4 1.04497E-4 2.86159E-5 9.38564E-6 2.95853E-6 8.36445E-7 1.3599E-8 1.39195E-8 3.35323E-10 9.51909E-11 2.4909E-13 1.56321E-15 7.05551E-15 5.07898E-15 2.20776E-16 1.57686E-17 5.46501E-18 4.38125E-20 1.17643E-19 1.12122E-21 4.23614E-19 2.95358E-18 3.82203E-17 6.90735E-17 3.1224E-16 2.56416E-17 7.21462E-18 2.58704E-17 2.73685E-18 7.05699E-20 9.22783E-21 7.82808E-22 2.13953E-23 2.25646E-24 2.84855E-22 3.5262E-25 5.47672E-25
2.12807E-3 2.12807E-3 2.12807E-3 2.12807E-3 1.9214E-3 1.73226E-3 1.97233E-3 1.62181E-3 6.90118E-4 2.16778E-4 9.28428E-4 9.52519E-4 7.24143E-4 1.06617E-4 2.90084E-6 2.60484E-6 1.70107E-5 9.10415E-5 2.16277E-4 3.32604E-4 3.52342E-4 3.73009E-4 4.35727E-4 1.39908E-4 2.49892E-4 4.26558E-4 2.03523E-4 2.14765E-4 2.97525E-5 1.64834E-5 9.14764E-5 1.09772E-4 7.51479E-5 1.21364E-4 2.56053E-4 1.57035E-4 9.38498E-5 4.777E-5 2.2942E-5 7.34843E-6 4.47409E-6 3.87746E-7 6.82205E-11 5.07898E-15 1.10368E-11 5.18196E-9 1.35021E-10 6.67719E-14 5.62894E-17 4.77768E-16 6.1562E-16 1.28396E-17 6.15539E-18 5.80957E-18 2.06648E-18 1.9431E-17 1.92616E-17 2.62167E-19 5.13137E-19 3.42709E-20 2.41211E-20 3.0027E-21 5.18601E-22 3.69045E-22 4.23591E-23 2.77163E-22 1.96203E-22 9.64348E-23 2.40949E-21 3.25632E-23
2.46581E-3 2.43343E-3 2.43343E-3 2.17455E-3 1.1625E-3 4.8995E-4 1.19371E-3 1.08412E-3 4.09957E-4 4.31833E-4 1.21954E-3 1.02712E-3 6.18487E-4 2.20893E-4 1.59612E-5 1.24587E-6 2.12828E-7 1.70107E-5 6.77049E-5 5.4914E-5 7.59914E-5 2.68979E-4 4.64144E-4 1.70609E-4 6.8713E-5 7.38683E-4 9.37417E-4 8.46915E-4 6.18714E-4 3.98287E-4 1.92194E-4 1.00067E-4 1.84725E-4 1.68075E-4 1.52604E-4 4.44558E-5 1.12264E-5 5.12497E-5 1.01066E-4 5.82164E-5 2.62308E-5 1.1495E-5 1.33632E-6 4.22863E-7 5.36102E-8 1.48089E-12 1.75139E-15 7.75324E-15 1.60614E-15 1.13738E-15 3.22965E-17 5.26627E-20 2.55058E-20 6.83153E-20 1.15186E-20 1.65463E-20 1.6279E-20 2.31602E-20 2.51331E-19 4.74447E-20 3.37191E-20 1.20879E-20 1.36478E-19 5.44078E-19 2.61132E-20 1.37879E-20 3.53684E-21 5.68936E-20 5.9369E-22 1.95665E-19
2.76464E-3 2.47746E-3 2.44448E-3 1.98053E-3 7.90063E-4 6.82896E-5 4.5856E-4 5.37872E-4 1.85583E-4 8.04915E-4 1.27486E-3 9.50408E-4 4.60557E-4 2.12751E-4 7.61341E-5 1.89668E-5 1.70406E-7 1.63966E-8 1.71845E-6 4.21191E-6 7.33232E-6 4.17741E-5 1.77462E-4 3.08076E-4 1.90013E-4 8.55837E-4 9.67444E-4 1.55667E-3 1.74681E-3 1.48326E-3 1.39427E-3 1.02506E-3 4.15895E-4 2.63676E-4 5.01577E-5 1.64791E-6 9.92457E-6 2.83043E-5 9.33717E-6 2.86266E-6 1.9964E-7 2.66222E-9 2.01327E-11 4.57576E-13 1.4116E-12 8.08503E-14 3.01368E-15 2.31652E-14 2.3099E-16 1.23345E-17 1.14983E-18 7.75555E-19 1.35359E-19 1.87749E-19 6.55598E-20 6.3406E-20 9.81365E-19 2.53475E-19 9.27202E-20 1.37151E-18 5.15539E-18 6.9437E-20 1.92474E-19 3.69071E-17 7.59835E-18 5.7615E-19 1.72328E-21 2.82923E-22 2.98775E-19 9.99411E-18
2.80432E-3 2.76665E-3 2.51627E-3 1.92789E-3 4.17506E-4 2.08322E-4 8.49195E-4 1.6921E-4 2.63345E-5 3.39132E-4 1.20958E-3 9.38105E-4 4.4888E-4 1.3293E-4 5.47067E-5 5.07771E-5 1.65502E-5 5.21643E-7 2.17687E-7 6.5429E-6 1.11204E-5 3.69385E-6 3.53326E-5 1.48815E-4 1.75437E-4 5.54356E-4 3.52342E-4 8.36359E-4 1.80509E-3 1.8691E-3 8.18772E-4 1.03597E-3 4.26558E-4 6.63964E-5 1.32276E-5 1.3639E-5 1.98901E-5 7.70629E-6 6.54346E-7 2.10078E-8 3.69115E-9 3.92696E-11 1.83243E-14 1.18411E-15 2.15792E-15 1.27005E-14 5.36868E-14 2.66559E-15 2.31855E-18 1.15916E-18 2.824E-19 9.74237E-20 4.82262E-20 7.13233E-19 1.38336E-18 2.621E-18 1.30939E-19 5.0881E-19 3.39943E-20 9.42721E-20 2.41915E-16 2.85596E-18 2.85596E-18 8.34993E-16 1.9362E-20 3.97792E-20 7.11124E-21 1.12383E-19 9.63977E-17 2.97831E-18
2.79925E-3 2.8378E-3 2.10585E-3 9.76111E-4 6.99681E-4 2.01679E-3 3.45239E-3 1.51117E-3 2.94707E-5 1.47091E-5 6.62612E-4 8.78597E-4 4.26274E-4 2.22384E-4 8.26598E-5 7.51965E-5 6.74439E-5 3.04248E-5 2.17727E-6 2.62422E-7 4.57824E-6 7.94037E-6 2.45924E-5 7.09272E-5 1.65791E-5 1.71494E-5 3.71115E-4 4.33156E-4 1.46627E-3 1.86024E-3 1.24791E-3 1.32275E-3 4.25983E-4 5.27599E-5 7.17743E-5 8.72174E-5 2.0348E-5 4.0903E-6 3.88824E-7 3.27958E-7 1.22714E-8 1.59396E-10 1.63943E-11 3.89524E-14 3.86219E-14 4.2341E-16 6.5135E-18 8.61434E-19 3.09898E-17 2.19028E-18 7.73465E-17 5.3485E-17 2.01182E-17 1.87749E-19 7.13233E-19 1.37151E-18 2.59977E-19 2.58704E-17 1.31977E-16 2.81525E-15 3.89734E-15 3.93908E-19 2.59706E-16 7.13822E-14 5.90711E-18 3.86206E-15 3.4726E-13 3.65504E-15 2.97069E-20 2.33422E-23
3.2685E-3 2.48061E-3 1.25515E-3 1.84478E-4 1.92152E-4 2.76115E-3 5.09503E-3 4.00785E-3 6.1158E-4 7.85319E-7 1.08145E-4 3.83939E-4 1.73447E-4 1.59697E-4 1.50551E-4 1.21721E-4 9.65659E-5 3.94275E-5 5.53074E-5 8.08333E-6 7.98813E-7 2.75984E-6 4.84877E-6 2.95552E-6 3.29779E-5 4.55168E-5 3.37818E-4 8.84353E-4 1.51108E-3 1.88901E-3 1.6236E-3 1.48376E-3 7.8922E-4 3.52342E-4 2.18584E-4 8.79559E-5 2.8321E-5 6.89481E-6 3.04956E-6 1.55183E-6 7.12403E-8 4.69766E-10 1.09982E-10 4.03228E-11 4.64909E-15 5.4849E-16 2.58595E-14 1.29831E-12 9.56448E-13 1.34847E-13 1.64501E-15 4.77697E-16 3.82203E-17 3.78892E-17 3.80828E-18 1.89316E-19 2.75103E-17 5.25635E-17 6.90401E-13 2.14106E-11 3.1871E-13 2.24471E-18 1.16103E-12 1.14486E-10 4.39065E-12 8.62706E-13 1.17445E-17 2.96565E-22 3.10469E-22 5.99743E-19
3.0931E-3 1.61408E-3 5.83071E-4 8.39142E-5 1.84478E-4 2.04882E-3 4.56191E-3 5.02571E-3 1.49076E-3 1.67775E-5 1.69968E-5 2.11638E-4 1.93001E-4 9.31757E-5 1.29592E-4 1.50551E-4 1.4159E-4 8.68824E-5 1.05315E-4 6.26415E-5 1.23938E-5 1.33545E-6 3.88361E-7 8.74212E-8 8.35878E-7 9.23467E-8 1.77771E-6 2.85436E-4 1.55303E-3 2.31216E-3 1.77803E-3 1.17301E-3 7.74141E-4 4.54498E-4 2.48076E-4 9.98722E-5 2.11159E-5 9.72007E-6 1.62523E-5 1.62523E-5 7.61046E-6 1.15911E-6 2.82718E-8 5.28718E-10 1.62176E-10 4.08291E-9 1.66119E-9 2.14106E-11 1.32366E-14 3.04348E-13 7.3396E-14 1.18354E-15 1.44356E-18 3.84116E-18 9.72528E-17 3.44786E-16 2.30001E-14 2.97239E-15 4.11786E-13 1.61964E-12 1.3783E-9 2.05577E-16 7.95326E-12 5.18327E-9 2.70067E-12 4.27439E-14 2.02099E-16 1.67525E-19 1.64719E-18 4.31787E-20
2.74819E-3 1.73384E-3 3.99527E-4 3.69382E-4 4.68648E-4 1.14549E-3 4.07802E-3 5.66948E-3 4.24992E-3 9.23618E-4 4.60547E-5 1.78409E-4 4.34034E-4 2.84987E-4 2.60588E-4 1.89815E-4 1.34625E-4 9.30061E-5 8.68824E-5 5.14048E-5 2.25052E-5 2.1024E-6 1.44184E-7 8.75875E-9 4.62799E-8 1.75045E-8 8.83894E-8 1.66078E-6 6.69227E-4 1.57215E-3 1.07702E-3 8.61987E-4 7.02808E-4 4.03484E-4 1.69363E-4 1.17509E-4 3.41389E-5 2.95003E-5 3.99052E-5 4.71156E-5 8.9939E-6 8.43858E-7 1.27648E-7 3.37878E-7 3.1641E-8 1.31762E-7 7.22082E-9 1.22338E-9 1.12922E-8 3.79257E-10 1.21796E-11 1.25218E-13 5.25635E-17 2.70349E-17 1.3552E-16 7.23605E-15 9.30206E-13 1.83198E-13 3.05437E-11 1.72151E-8 7.34463E-10 4.96157E-12 5.77447E-9 8.2222E-11 4.49168E-15 8.31168E-20 6.38653E-19 3.28507E-18 8.62734E-20 1.54991E-20
2.01934E-3 2.07641E-3 1.06923E-3 5.05421E-4 2.55668E-4 3.31739E-4 2.16463E-3 4.43798E-3 5.8276E-3 4.42801E-3 5.39916E-5 8.29161E-5 1.00113E-3 9.44938E-4 7.07869E-4 1.8031E-4 1.46763E-4 2.95347E-5 6.66966E-6 5.91277E-6 1.00177E-5 6.95452E-7 7.73132E-8 9.49444E-8 7.45692E-7 1.0845E-6 2.22837E-6 3.7114E-7 2.15869E-4 1.19624E-3 8.67873E-4 9.63248E-4 8.10454E-4 3.52894E-4 2.4689E-4 7.80487E-5 1.86436E-5 2.50604E-5 7.8991E-5 1.06196E-5 3.4123E-6 9.29628E-6 7.00791E-6 1.14647E-7 3.48931E-8 1.25651E-8 9.65862E-7 2.42009E-8 1.49479E-11 6.95322E-12 5.29031E-15 1.05273E-17 2.775E-17 2.91936E-15 2.0157E-12 1.32515E-9 2.70409E-9 3.35811E-14 4.63881E-9 8.18568E-7 1.97725E-9 6.17522E-9 1.46839E-10 6.30991E-13 3.07875E-16 1.64759E-16 4.5307E-15 3.35691E-19 6.58633E-19 4.87352E-18
4.78177E-4 2.28312E-3 1.28152E-3 3.99527E-4 1.19392E-4 1.24387E-4 1.37326E-3 2.44671E-3 2.7235E-3 4.00785E-3 2.04438E-3 1.17948E-3 2.1872E-3 1.70579E-3 1.46001E-3 9.13905E-4 5.97418E-4 2.47211E-4 1.89588E-5 3.57326E-5 3.75424E-5 1.55782E-5 6.35574E-6 1.13817E-7 1.01202E-8 1.73432E-6 1.4247E-5 2.60284E-5 2.26464E-4 7.84644E-4 1.97231E-3 1.59614E-3 8.81844E-4 4.02258E-4 4.02258E-4 2.84112E-4 1.50717E-4 1.18374E-4 7.99817E-5 4.70173E-5 8.39889E-5 3.68197E-5 7.61918E-5 6.81683E-5 1.41146E-5 2.01556E-6 1.24336E-6 4.2369E-10 3.00977E-12 1.24159E-14 1.15206E-15 6.27867E-13 2.14277E-13 5.69271E-12 5.15929E-8 3.61561E-8 6.25337E-11 1.09792E-11 2.44062E-6 1.01841E-5 3.68547E-8 2.09602E-11 2.71854E-9 5.76955E-11 2.53339E-12 3.15764E-12 1.97161E-15 7.90932E-21 8.69395E-17 1.48786E-12
5.29237E-4 1.22905E-3 8.27448E-4 5.05421E-4 3.64343E-4 4.16369E-4 1.11444E-3 2.07717E-3 2.10585E-3 2.51491E-3 3.45239E-3 4.17519E-3 3.07881E-3 1.83947E-3 1.86425E-3 1.31242E-3 1.11306E-3 6.0524E-4 2.44066E-4 1.20197E-4 2.12973E-6 2.18335E-7 5.6208E-7 9.53641E-7 7.30376E-8 2.77028E-8 1.55782E-5 3.7083E-5 1.86019E-4 1.0404E-3 1.99822E-3 2.41586E-3 1.62181E-3 7.08213E-4 2.85126E-4 3.58815E-4 4.88174E-4 1.74641E-4 1.17197E-4 7.08213E-4 6.6245E-4 4.39119E-4 3.23525E-4 7.08377E-5 5.53074E-5 1.77818E-5 4.42185E-6 3.83031E-8 7.24118E-9 6.36065E-12 1.1039E-11 4.02211E-11 1.79464E-10 1.29008E-7 3.15046E-6 1.21523E-7 1.11931E-9 9.42878E-10 7.04461E-6 1.91346E-6 1.66812E-8 6.9238E-7 1.16114E-7 5.59721E-9 1.56459E-12 1.75777E-16 7.43284E-18 2.01237E-18 1.98633E-13 4.56974E-11
3.30697E-4 1.48478E-3 1.12357E-3 5.59447E-4 7.8392E-4 3.79642E-4 6.71597E-4 1.56341E-3 1.1613E-3 2.6896E-4 6.86359E-4 3.54761E-3 3.59605E-3 1.98053E-3 1.83947E-3 1.29513E-3 7.17228E-4 7.36263E-4 3.81439E-4 1.31252E-4 4.48421E-5 1.89588E-5 6.40344E-7 3.74207E-7 9.20274E-7 3.78646E-7 1.09821E-5 2.30338E-5 2.62661E-5 6.90118E-4 2.46581E-3 3.20572E-3 1.47945E-3 3.36434E-4 5.23149E-4 1.17802E-3 1.02817E-3 9.20179E-4 1.22792E-3 1.13199E-3 8.15536E-4 4.94527E-4 2.25232E-4 8.36991E-5 9.77835E-6 3.30047E-6 4.20556E-7 4.25435E-7 1.5689E-8 5.78627E-9 4.82017E-9 4.28093E-10 9.74864E-8 2.82519E-6 1.83367E-5 9.49017E-7 3.34528E-7 1.13087E-6 1.30786E-4 5.46105E-6 1.67897E-5 1.09159E-5 1.49717E-7 1.07911E-11 3.81426E-17 1.22612E-12 3.6949E-11 1.23905E-10 9.97839E-10 5.02618E-11
5.14669E-4 1.59447E-3 1.80836E-3 9.7449E-4 1.09919E-3 1.3359E-3 7.41296E-4 1.45067E-3 1.0875E-3 1.6258E-4 5.1908E-5 2.9562E-3 3.93065E-3 2.84242E-3 2.91996E-3 2.21677E-3 7.07869E-4 2.88719E-4 9.55955E-5 3.71546E-5 6.19515E-6 1.18628E-5 1.89588E-5 1.48579E-6 1.22344E-6 3.99804E-6 1.91957E-5 3.274E-5 1.39473E-5 2.11124E-5 1.08412E-3 3.20574E-3 2.41189E-3 1.24444E-3 1.95406E-3 1.59518E-3 1.53181E-3 1.01668E-3 1.32577E-3 9.36168E-4 5.97436E-4 1.80355E-5 2.13784E-5 7.56824E-5 9.06943E-5 1.07148E-4 1.53895E-5 2.09236E-5 1.06373E-5 1.07204E-6 1.65773E-8 1.59433E-7 5.70183E-6 3.45332E-5 8.71818E-5 9.43917E-5 1.54642E-4 1.15114E-4 8.34954E-7 1.95085E-6 2.53754E-6 1.00363E-7 9.66652E-10 5.06103E-12 5.01875E-12 3.9984E-9 1.92731E-8 1.17888E-8 2.06604E-10 6.23405E-9
7.62462E-5 7.41598E-4 7.62506E-4 1.06923E-3 8.99134E-4 6.71597E-4 7.61878E-4 1.54211E-3 1.93594E-3 1.003E-3 8.37832E-4 6.39153E-3 6.56864E-3 4.29003E-3 4.73902E-3 3.16294E-3 2.0344E-3 1.1625E-3 5.16361E-4 3.23581E-4 9.55955E-5 1.51927E-5 8.35938E-7 7.10652E-7 8.54456E-6 6.11886E-6 1.95598E-6 2.70465E-5 2.84987E-4 1.35878E-4 2.40999E-4 1.87645E-3 2.69261E-3 2.69261E-3 1.8262E-3 2.16424E-3 2.02081E-3 1.83249E-3 1.80738E-3 1.27249E-3 1.13269E-3 5.66469E-4 8.1145E-4 1.02817E-3 8.90236E-4 5.43968E-4 3.49717E-4 2.60134E-4 9.65659E-5 1.3741E-5 4.1708E-6 1.56713E-5 4.00247E-5 1.2932E-4 2.64832E-4 3.36479E-4 1.72534E-4 1.44201E-5 2.19048E-7 7.13984E-8 4.12121E-8 9.8557E-8 2.91796E-8 2.92711E-7 1.97874E-7 6.81974E-7 9.36044E-8 6.00352E-8 8.4987E-8 1.66812E-8
1.70884E-5 1.17765E-4 4.30656E-5 4.22117E-4 1.23801E-3 1.1613E-3 1.43097E-3 1.58497E-3 2.58474E-3 1.85118E-3 1.53181E-3 8.39298E-3 7.91188E-3 6.23952E-3 5.45404E-3 4.61245E-3 3.46739E-3 2.00731E-3 1.02817E-3 3.15245E-4 1.34131E-4 1.71499E-5 3.16095E-6 1.63492E-6 1.7588E-5 9.08078E-5 3.6226E-6 4.30265E-6 2.66933E-4 4.22722E-4 5.66469E-4 1.67378E-3 2.79925E-3 3.8463E-3 3.47575E-3 2.82551E-3 2.50673E-3 2.31506E-3 2.28312E-3 1.91204E-3 1.68229E-3 1.32577E-3 1.53181E-3 1.31215E-3 1.11699E-3 9.57529E-4 7.17228E-4 3.40814E-4 1.97218E-4 9.53669E-5 1.1548E-4 2.02982E-4 3.17621E-4 3.8913E-4 5.33562E-4 5.79875E-4 1.5123E-4 2.56919E-5 1.40862E-6 4.43147E-6 6.91721E-6 1.66287E-5 1.27416E-5 9.60133E-6 9.91565E-7 3.25285E-7 9.056E-7 7.56685E-7 8.88356E-8 1.89338E-9
1.16018E-5 3.77251E-5 2.51349E-5 3.43547E-5 6.80849E-4 1.29005E-3 3.2685E-3 5.66948E-3 5.09503E-3 5.09503E-3 5.09503E-3 9.66422E-3 6.99938E-3 7.09554E-3 7.29126E-3 6.32482E-3 4.61245E-3 2.88097E-3 1.26114E-3 4.8353E-4 1.15431E-4 5.31127E-5 2.99599E-5 5.82145E-6 2.19717E-6 1.63011E-5 1.90822E-5 2.58874E-6 1.24047E-4 1.38398E-4 4.40562E-4 1.72914E-3 3.38105E-3 4.25751E-3 3.53993E-3 3.24317E-3 2.8853E-3 2.63564E-3 2.8853E-3 2.63564E-3 2.34739E-3 1.99313E-3 1.72914E-3 1.65119E-3 1.57381E-3 1.47732E-3 1.1625E-3 6.38161E-4 5.30012E-4 4.94527E-4 5.14008E-4 6.10669E-4 7.42628E-4 8.00461E-4 1.09032E-3 2.74346E-4 6.36031E-5 2.56816E-6 7.73409E-6 4.71593E-5 1.05375E-4 2.48792E-4 2.10866E-4 2.56143E-5 1.39852E-5 1.49041E-5 3.30058E-6 6.04946E-7 1.31006E-8 6.23367E-9
1.78696E-6 5.22037E-8 7.13982E-6 8.40661E-6 1.58284E-4 1.32577E-3 2.41583E-3 4.6888E-3 9.01288E-3 1.09117E-2 1.10621E-2 8.50879E-3 6.1552E-3 8.13119E-3 8.13119E-3 8.24278E-3 6.84216E-3 3.82538E-3 1.63867E-3 4.8353E-4 1.85583E-4 8.73513E-5 1.13941E-4 5.8372E-5 2.52518E-6 1.08268E-6 2.84623E-5 2.0654E-5 1.19251E-4 3.09047E-4 4.64299E-4 1.14549E-3 2.82551E-3 4.68229E-3 3.86084E-3 3.54753E-3 3.30093E-3 3.30093E-3 3.20931E-3 2.80563E-3 2.59902E-3 2.74819E-3 2.61318E-3 2.48061E-3 2.31884E-3 1.85118E-3 1.31215E-3 9.20179E-4 9.44938E-4 9.83138E-4 1.02264E-3 1.15769E-3 1.37837E-3 1.52733E-3 1.53345E-3 9.38656E-4 5.54356E-4 2.59721E-4 1.97002E-4 3.98287E-4 6.06196E-4 4.57715E-4 3.43533E-4 1.95349E-4 4.2786E-5 1.73853E-5 2.09946E-5 3.98308E-7 4.32211E-9 3.02304E-8
5.89817E-6 1.17862E-6 3.06755E-7 1.05931E-7 2.59934E-5 4.34698E-4 5.03283E-4 1.22431E-4 3.64148E-4 1.09117E-2 1.4045E-2 7.54968E-3 8.13119E-3 9.2629E-3 9.79739E-3 9.79739E-3 8.50879E-3 6.1552E-3 2.9966E-3 1.3299E-3 7.14503E-4 6.57191E-5 2.50558E-5 3.25947E-4 2.87488E-4 5.68796E-5 1.38398E-4 1.6921E-4 4.83454E-4 9.76111E-4 6.99681E-4 1.25515E-3 3.19831E-3 4.86409E-3 4.79604E-3 4.36425E-3 4.36425E-3 3.70088E-3 3.44891E-3 3.86084E-3 3.64857E-3 3.64857E-3 3.44259E-3 2.82551E-3 2.02081E-3 1.45067E-3 1.22639E-3 1.31215E-3 1.21159E-3 1.42178E-3 1.75184E-3 1.79893E-3 2.10034E-3 1.63762E-3 2.04191E-3 2.31216E-3 1.91187E-3 1.61095E-3 2.02559E-3 1.87043E-3 1.60458E-3 1.41228E-3 9.10749E-4 4.81001E-4 4.07173E-4 1.92969E-4 4.56472E-5 2.59852E-6 5.74306E-7 4.54124E-7
5.53965E-5 2.88416E-6 6.54744E-6 4.71899E-7 1.16115E-6 5.54197E-5 4.64697E-4 1.24444E-3 2.15797E-3 1.53673E-2 1.7179E-2 1.25873E-2 1.12144E-2 1.10621E-2 1.16484E-2 1.16484E-2 1.03473E-2 7.80413E-3 4.75337E-3 1.90202E-3 1.90202E-3 1.57381E-3 5.66469E-4 4.52492E-4 8.37832E-4 1.95544E-4 1.52145E-4 7.28768E-4 7.93672E-4 5.71658E-4 1.65928E-3 1.7099E-3 3.15397E-3 5.11627E-3 4.9735E-3 4.53199E-3 4.5968E-3 4.46799E-3 4.53199E-3 4.30293E-3 4.36425E-3 4.137E-3 3.75209E-3 2.13487E-3 1.68229E-3 1.72914E-3 1.75298E-3 1.65119E-3 1.69664E-3 1.95406E-3 2.44448E-3 2.76464E-3 2.10034E-3 1.08111E-3 1.09459E-3 1.69316E-3 1.73189E-3 2.17862E-3 2.69807E-3 2.92216E-3 2.48044E-3 2.50332E-3 1.32693E-3 9.34174E-4 2.79574E-4 2.61176E-4 1.07098E-5 1.25781E-6 1.04528E-6 5.59376E-7
1.85405E-4 1.02601E-4 1.54879E-5 1.6644E-6 1.66114E-9 1.51635E-7 2.37859E-4 6.7146E-4 2.24667E-3 1.27603E-2 1.83722E-2 1.57932E-2 1.38542E-2 1.4045E-2 1.38542E-2 1.36656E-2 1.14897E-2 7.80413E-3 5.90806E-3 4.06298E-3 2.65624E-3 3.15381E-3 2.19395E-3 6.77191E-4 9.23618E-4 2.19738E-4 9.81997E-6 8.98951E-4 1.70558E-3 1.12988E-3 1.37326E-3 3.19831E-3 3.64857E-3 5.11627E-3 4.90341E-3 4.90341E-3 4.76581E-3 4.76581E-3 4.83419E-3 5.14885E-3 4.90341E-3 4.9735E-3 4.79604E-3 4.02675E-3 3.05054E-3 2.57727E-3 2.25606E-3 2.07717E-3 2.19395E-3 2.69261E-3 3.32988E-3 3.89878E-3 2.12807E-3 1.3345E-3 1.12223E-3 1.23864E-3 1.58536E-3 1.46938E-3 1.80778E-3 1.76335E-3 1.73359E-3 2.61429E-3 1.38324E-3 9.72316E-4 8.26174E-4 2.68647E-4 1.5246E-6 4.87016E-7 3.94877E-7 2.65264E-7
1.32114E-5 2.06153E-4 6.65766E-5 7.73092E-6 6.68826E-7 7.35609E-8 1.14281E-5 1.24718E-4 1.00752E-5 4.86855E-3 1.60099E-2 1.74153E-2 2.08056E-2 1.95398E-2 1.83229E-2 1.92738E-2 1.67147E-2 9.92966E-3 6.39153E-3 3.67202E-3 1.98953E-3 2.8378E-3 3.95337E-3 1.24315E-3 1.10239E-3 3.74873E-4 2.08322E-4 8.98951E-4 1.68229E-3 2.50673E-3 2.28312E-3 3.91547E-3 5.52732E-3 5.44976E-3 5.04445E-3 4.76581E-3 4.76581E-3 5.07591E-3 5.39814E-3 5.55448E-3 5.55448E-3 5.29745E-3 5.44976E-3 3.80686E-3 2.47209E-3 2.34739E-3 2.48061E-3 2.68629E-3 3.06881E-3 3.82538E-3 4.61245E-3 4.86855E-3 2.79163E-3 1.508E-3 9.87625E-4 1.53413E-3 1.73189E-3 1.97302E-3 1.76695E-3 2.00092E-3 1.96955E-3 3.3026E-3 3.32268E-3 4.49751E-3 3.71631E-3 2.36558E-4 1.43842E-7 9.68746E-8 3.38169E-8 3.41036E-8
1.13941E-4 1.08693E-5 8.19225E-5 4.20989E-5 2.08492E-5 6.17843E-7 3.6981E-7 2.15555E-6 2.96255E-6 8.15536E-4 4.86855E-3 1.7896E-2 2.56486E-2 2.63038E-2 2.65692E-2 2.65692E-2 2.36392E-2 1.41092E-2 9.02128E-3 5.74807E-3 3.62208E-3 3.31366E-3 4.43798E-3 2.54962E-3 1.45067E-3 7.18959E-4 5.8735E-4 3.36095E-4 4.51893E-4 1.96578E-3 4.37587E-3 5.26258E-3 6.33259E-3 5.87895E-3 5.44976E-3 4.83419E-3 5.22269E-3 5.55448E-3 5.8149E-3 5.39814E-3 3.4005E-3 2.89898E-3 3.44891E-3 2.63564E-3 2.63564E-3 2.74819E-3 3.0931E-3 3.57273E-3 3.8463E-3 4.75337E-3 6.1552E-3 4.58903E-3 3.07376E-3 1.508E-3 1.37246E-3 2.05316E-3 2.26405E-3 2.83899E-3 2.63664E-3 2.70963E-3 2.99464E-3 3.26722E-3 5.45893E-3 6.57981E-3 4.1571E-3 5.24287E-6 3.16928E-7 2.15669E-8 2.71403E-8 6.43033E-8
2.03281E-4 1.2795E-4 1.03277E-5 8.86748E-6 2.27508E-5 2.72587E-5 5.68719E-7 3.9544E-8 3.92222E-7 6.05752E-6 1.52476E-4 1.21656E-2 2.4634E-2 2.56486E-2 2.65692E-2 2.71684E-2 2.64292E-2 2.36145E-2 1.45447E-2 1.08735E-2 7.72606E-3 6.04955E-3 3.57273E-3 2.10585E-3 1.20983E-3 8.8683E-4 1.50143E-4 9.99209E-5 1.11608E-4 2.30609E-4 4.0834E-3 6.51379E-3 7.41901E-3 6.71554E-3 5.79633E-3 5.55448E-3 5.39814E-3 5.8149E-3 6.81417E-3 5.47582E-3 2.81805E-3 2.89898E-3 2.65197E-3 2.98192E-3 3.0669E-3 3.44259E-3 3.91213E-3 4.69111E-3 5.23278E-3 6.39153E-3 7.54968E-3 5.7566E-3 3.2916E-3 2.42284E-3 2.39186E-3 2.96544E-3 3.66305E-3 4.08297E-3 3.79671E-3 4.26055E-3 4.76845E-3 5.76623E-3 7.83632E-3 6.51207E-3 2.13195E-4 1.69175E-5 1.17964E-4 8.96694E-5 5.82164E-5 9.63614E-6
2.56851E-4 1.97218E-4 5.47067E-5 3.96834E-7 4.10934E-7 3.9784E-6 1.61556E-5 6.43215E-6 3.81528E-10 3.46558E-8 9.87986E-7 3.75699E-3 2.42986E-2 2.69365E-2 2.55915E-2 2.42769E-2 2.45534E-2 2.71337E-2 2.23657E-2 1.45605E-2 1.27549E-2 8.29711E-3 4.62655E-3 2.51491E-3 1.19346E-3 7.18959E-4 1.71471E-4 1.16142E-4 2.11128E-4 9.73007E-5 1.80738E-3 7.41901E-3 8.28249E-3 7.62599E-3 7.21244E-3 5.89854E-3 5.8149E-3 6.71763E-3 7.10209E-3 7.10209E-3 5.89854E-3 6.2546E-3 4.30293E-3 3.70088E-3 4.25499E-3 4.61713E-3 6.69945E-3 6.88965E-3 7.72606E-3 8.27852E-3 8.13119E-3 4.86855E-3 3.03359E-3 3.45604E-3 3.78033E-3 4.48328E-3 5.01424E-3 5.27816E-3 5.80518E-3 6.52289E-3 7.76581E-3 1.10488E-2 1.28932E-2 5.18099E-3 1.08137E-5 5.00509E-4 6.07799E-4 2.84036E-4 4.99591E-5 4.68997E-6
1.6446E-4 1.45184E-4 1.1548E-4 5.33267E-5 9.00815E-6 3.01844E-7 5.46075E-7 1.29986E-5 3.66921E-6 4.35329E-7 2.86683E-6 4.05811E-3 2.32526E-2 2.79248E-2 2.6066E-2 2.42153E-2 2.66138E-2 2.80821E-2 2.42153E-2 1.87482E-2 1.62322E-2 1.05761E-2 6.7627E-3 2.98578E-3 1.60679E-3 4.83454E-4 3.18667E-5 6.07685E-5 2.11128E-4 2.05549E-4 2.3801E-3 8.51944E-3 9.45523E-3 8.73168E-3 8.60888E-3 7.51861E-3 7.41255E-3 6.34453E-3 6.71763E-3 8.55992E-3 8.99647E-3 7.71483E-3 5.71472E-3 5.04445E-3 5.79633E-3 7.73468E-3 7.10515E-3 4.25751E-3 7.83395E-3 9.27392E-3 7.54968E-3 4.58903E-3 4.39342E-3 4.99442E-3 5.89199E-3 6.69424E-3 7.30827E-3 7.762E-3 9.32283E-3 1.10299E-2 1.41273E-2 1.75525E-2 1.79367E-2 1.90789E-3 2.56053E-4 6.14398E-4 3.01755E-4 7.52233E-5 1.79734E-6 6.88006E-7
5.82333E-6 1.26932E-5 2.69868E-5 3.19259E-5 2.03846E-5 2.44731E-5 3.79928E-6 1.19703E-5 1.62345E-5 1.33545E-6 2.56026E-9 2.07464E-4 8.46987E-3 2.29847E-2 2.88734E-2 2.71337E-2 2.62468E-2 2.58841E-2 2.4655E-2 1.99717E-2 1.74964E-2 1.39526E-2 6.85705E-3 4.07802E-3 2.38312E-3 1.36588E-4 2.31899E-5 9.05047E-5 2.22674E-4 2.08322E-4 3.0931E-3 9.72541E-3 1.08826E-2 1.00801E-2 9.32259E-3 9.19155E-3 8.80792E-3 7.71483E-3 7.60543E-3 7.60543E-3 8.55992E-3 8.13244E-3 7.71483E-3 7.82559E-3 7.93772E-3 7.73468E-3 5.41249E-3 4.69111E-3 5.16106E-3 6.81038E-3 5.38056E-3 3.89878E-3 5.41724E-3 7.32435E-3 9.04164E-3 9.89554E-3 1.24351E-2 1.32283E-2 1.35097E-2 1.68961E-2 2.1221E-2 2.58403E-2 2.46425E-2 6.51482E-3 1.369E-3 6.30034E-4 2.44315E-5 3.16902E-5 2.81086E-6 5.21189E-10
2.90175E-7 1.10956E-7 3.49372E-7 6.04392E-7 1.67983E-6 1.03175E-6 5.4456E-6 8.77419E-6 7.40887E-6 6.10304E-6 2.69854E-9 8.64614E-8 3.68111E-4 1.1333E-2 2.72419E-2 2.85069E-2 2.68645E-2 2.48212E-2 2.61228E-2 2.48212E-2 2.23657E-2 1.66317E-2 1.05761E-2 6.85705E-3 4.82258E-3 3.2165E-4 1.37289E-5 1.36588E-4 2.7995E-4 7.01105E-5 1.45067E-3 9.23814E-3 1.21058E-2 1.19364E-2 1.19364E-2 1.10883E-2 1.07785E-2 9.85524E-3 9.25748E-3 1.01811E-2 1.08068E-2 9.25748E-3 8.80792E-3 8.80792E-3 9.66124E-3 6.81117E-3 3.97077E-3 3.33454E-3 3.2685E-3 4.06298E-3 4.34846E-3 4.2047E-3 6.67754E-3 8.25039E-3 1.02602E-2 1.26724E-2 1.46871E-2 1.76231E-2 1.92099E-2 2.38959E-2 2.88014E-2 3.2091E-2 2.61389E-2 1.83061E-3 9.7073E-4 4.21102E-4 2.54355E-5 2.82901E-6 3.7499E-7 4.0391E-7
3.75871E-8 2.42239E-9 8.85219E-9 5.56377E-8 4.3901E-7 1.51307E-6 7.31528E-7 8.9403E-7 4.40953E-8 3.94675E-10 6.16348E-8 9.1711E-10 5.62046E-6 3.93065E-3 2.04728E-2 2.85069E-2 2.7707E-2 2.65542E-2 2.65768E-2 2.84406E-2 2.53985E-2 2.17182E-2 1.76255E-2 1.35693E-2 6.35691E-3 1.07301E-3 2.56574E-4 1.60382E-4 3.64148E-4 4.91576E-5 2.25643E-4 4.88949E-3 1.151E-2 1.35771E-2 1.39486E-2 1.3753E-2 1.35599E-2 1.35177E-2 1.42432E-2 1.47735E-2 1.50837E-2 1.40415E-2 1.22963E-2 1.03277E-2 7.51861E-3 4.19564E-3 2.54179E-3 2.25606E-3 1.75298E-3 1.85118E-3 2.34781E-3 4.09318E-3 6.50188E-3 8.25039E-3 9.9959E-3 1.42118E-2 1.66351E-2 1.89324E-2 2.3759E-2 2.78335E-2 3.31787E-2 3.43843E-2 1.33123E-2 9.56716E-4 1.23768E-3 5.43188E-4 1.2539E-4 1.35008E-5 1.02867E-5 1.68586E-4
3.86284E-6 3.37878E-7 4.89936E-8 3.27619E-9 4.35225E-10 1.87635E-7 6.60271E-7 3.09927E-7 2.10489E-7 4.40953E-8 3.65234E-9 4.22452E-8 1.33545E-6 4.4888E-4 1.60381E-2 2.60229E-2 2.73352E-2 2.84406E-2 2.87451E-2 2.80435E-2 2.73199E-2 2.29021E-2 1.87482E-2 1.57865E-2 6.62577E-3 1.4776E-4 1.43953E-4 5.17656E-5 1.13941E-4 2.34753E-4 6.74434E-5 5.81777E-4 4.56191E-3 1.20642E-2 1.51377E-2 1.60858E-2 1.64281E-2 1.55209E-2 1.62822E-2 1.65156E-2 1.49856E-2 1.35177E-2 9.71553E-3 6.91191E-3 4.79604E-3 2.63564E-3 8.39742E-4 1.05824E-3 8.15496E-4 9.74697E-4 1.51744E-3 2.61316E-3 4.33596E-3 5.37974E-3 8.46864E-3 1.48236E-2 1.992E-2 2.25494E-2 2.73031E-2 3.24123E-2 3.82018E-2 3.71844E-2 1.51418E-2 2.92216E-3 1.72424E-3 7.09992E-5 6.22524E-5 4.23642E-6 7.49789E-6 1.3976E-3
1.95206E-5 2.98436E-6 1.68494E-7 3.47636E-9 2.6997E-11 7.48582E-10 7.20536E-10 5.65822E-10 2.121E-9 2.76876E-10 1.74028E-7 2.36035E-6 1.92538E-6 1.62409E-4 4.75337E-3 1.18351E-2 2.17509E-2 2.53038E-2 2.57585E-2 2.65542E-2 2.65768E-2 2.57585E-2 2.20249E-2 2.08575E-2 1.41476E-2 3.11145E-4 1.10068E-5 2.00759E-5 3.53157E-5 2.99599E-5 5.98973E-5 2.20097E-4 1.00487E-4 1.55269E-3 1.09649E-2 1.57264E-2 1.63139E-2 1.45117E-2 1.41068E-2 1.29943E-2 1.29943E-2 8.80792E-3 7.30778E-3 5.04445E-3 3.30093E-3 1.31756E-3 3.69854E-4 3.74873E-4 3.49881E-4 4.77181E-4 5.59582E-4 5.36952E-4 5.87711E-4 1.73045E-3 7.71712E-3 1.79655E-2 2.13246E-2 2.57893E-2 3.05726E-2 3.51102E-2 3.87001E-2 3.87166E-2 2.802E-2 6.30049E-3 8.65712E-4 3.45503E-5 9.93579E-6 5.38539E-7 1.14305E-5 3.4471E-3
