bio12_proj.asc
NCOLS 320 
NROWS 243 
XLLCORNER 44 
YLLCORNER -0.666666666666667 
CELLSIZE 0.166666666666667 
NODATA_value -9999 
[rows 70 to 104 of 243, columns 79 to 157 of 320]
114 117 115 100 89 87 86 85 84 90 111 107 106 122 101 103 133 141 109 129 122 115 112 113 111 109 121 140 107 98 83 69 62 59 58 57 60 63 66 67 69 71 76 78 81 86 90 93 98 110 137 146 167 169 178 190 201 207 208 189 180 134 116 124 132 151 176 200 186 151 132 118 113 108 108 107 106 100 98
112 113 109 101 91 88 87 85 84 85 88 96 95 97 103 112 117 120 105 119 128 118 117 117 121 119 116 123 121 123 106 87 73 67 67 64 67 68 69 71 71 75 80 80 85 89 92 97 108 129 147 149 162 169 179 192 209 212 207 207 181 163 118 121 126 132 139 141 125 108 102 101 100 102 103 104 104 100 100
117 116 127 114 99 93 90 86 84 83 82 83 86 91 103 102 105 103 101 110 114 115 114 123 132 119 119 117 115 136 117 102 87 78 75 73 72 71 71 74 76 79 81 83 88 92 99 111 127 147 149 152 158 160 174 187 204 211 208 199 185 158 117 118 118 118 116 112 102 94 89 88 93 95 98 100 99 99 98
130 117 123 123 102 98 94 93 89 87 86 85 85 89 92 93 98 101 100 109 111 114 116 120 133 131 119 115 120 118 124 109 99 91 87 86 81 82 80 82 83 83 87 94 101 104 119 136 141 150 148 147 150 163 162 176 189 194 201 201 191 131 117 114 113 109 105 100 99 95 90 88 90 95 96 96 98 100 100
122 131 115 118 110 102 99 96 95 92 90 90 91 90 92 94 96 101 101 106 113 111 113 127 133 138 125 118 117 123 115 119 117 107 102 101 98 94 93 91 92 95 98 105 119 131 134 136 145 145 155 147 154 156 156 163 179 176 181 185 173 126 119 114 109 106 103 101 102 104 104 97 97 97 98 101 103 101 104
125 123 125 130 126 116 108 103 100 97 95 94 93 95 96 97 99 102 106 106 111 111 113 120 135 133 140 129 128 121 121 117 123 124 127 127 114 99 106 107 106 110 118 124 125 129 133 139 139 144 154 149 144 146 153 159 170 172 169 177 156 123 119 115 115 110 107 106 107 109 108 104 102 100 103 105 106 106 110
130 126 134 159 151 135 123 114 111 106 103 101 98 99 101 103 106 108 109 111 114 113 121 133 138 142 135 133 130 130 126 122 119 119 120 115 109 105 104 105 112 115 117 120 124 134 134 131 132 144 138 160 140 148 156 155 161 165 171 168 159 127 122 121 117 115 114 114 114 116 111 108 107 109 109 111 110 112 117
124 131 148 178 181 162 158 135 129 121 114 111 110 116 116 111 116 116 119 125 125 129 135 145 145 145 146 145 142 140 140 140 134 133 130 122 118 113 109 108 108 113 120 127 130 130 132 135 138 138 154 141 146 149 161 158 164 169 169 166 150 129 129 127 121 121 124 124 122 121 118 117 115 114 114 115 118 115 118
135 134 156 192 173 166 172 159 156 143 134 122 129 134 133 127 130 131 132 141 147 147 147 142 138 143 144 146 142 139 140 146 142 139 135 132 128 121 118 115 114 120 125 133 136 139 136 138 144 133 137 136 155 150 160 158 168 170 173 171 152 136 133 132 130 129 134 133 128 126 125 126 122 122 121 121 122 122 125
136 139 152 183 161 159 150 144 147 143 140 138 144 143 134 140 146 148 155 155 143 138 145 147 140 146 147 146 145 142 136 134 135 134 136 135 129 129 123 122 123 126 131 132 132 135 136 132 125 131 134 137 146 152 155 153 168 176 173 170 159 141 141 138 141 140 139 137 137 134 132 132 129 129 127 128 127 128 133
132 140 159 167 150 146 158 145 130 128 123 122 127 124 125 133 133 134 137 140 138 136 138 140 133 139 141 141 145 145 141 146 145 138 135 133 126 124 123 120 120 124 122 128 137 144 131 124 126 129 134 135 146 155 152 160 175 185 176 173 173 157 148 146 147 146 142 139 139 138 137 136 136 135 135 135 136 139 140
132 136 155 143 144 135 145 131 127 125 117 116 113 114 115 114 123 123 124 127 127 125 133 132 132 131 132 140 141 144 142 143 142 141 135 131 127 121 121 121 120 122 129 132 127 122 124 132 131 130 134 138 150 159 156 167 176 192 187 175 176 175 168 153 156 149 145 141 140 140 141 143 143 143 142 142 143 146 149
130 131 134 127 125 135 144 136 124 124 118 111 111 113 111 112 113 114 116 119 120 129 128 129 130 130 127 133 143 145 139 133 128 124 126 126 125 124 128 130 125 125 122 122 123 127 128 126 126 130 149 149 153 163 164 166 176 190 190 186 185 187 185 169 165 151 149 145 147 147 150 151 152 153 150 152 152 155 159
-9999 124 125 127 124 115 118 114 113 113 110 109 109 104 106 112 112 111 114 117 115 114 112 113 116 117 123 129 135 139 137 131 123 118 124 124 126 130 128 128 129 138 133 128 126 125 129 126 127 137 134 144 159 166 163 167 174 183 195 180 180 184 190 180 171 157 153 149 150 154 159 161 163 161 162 162 164 167 171
-9999 -9999 119 118 122 113 112 110 108 108 109 105 103 105 108 108 111 113 111 112 114 113 109 107 111 112 117 124 123 122 120 119 118 117 120 116 114 112 111 114 122 126 121 122 125 127 125 127 125 127 141 148 151 160 158 164 175 176 189 193 184 190 190 180 176 166 159 155 156 161 172 176 177 172 170 170 174 177 183
-9999 -9999 -9999 -9999 -9999 111 111 -9999 -9999 107 106 103 103 103 107 109 104 106 105 108 111 110 108 107 107 108 112 112 115 114 120 120 116 116 114 113 110 106 108 109 113 114 111 115 124 126 126 127 139 143 138 145 148 151 -9999 -9999 155 163 176 196 185 196 190 188 180 170 165 160 162 172 188 197 191 186 178 179 185 190 199
-9999 -9999 -9999 -9999 -9999 -9999 -9999 -9999 -9999 -9999 -9999 101 -9999 -9999 104 103 103 102 102 105 -9999 106 107 107 106 105 106 105 106 111 112 113 116 111 108 107 105 105 103 104 103 104 107 111 113 117 119 128 136 131 129 135 -9999 -9999 -9999 -9999 -9999 149 174 184 189 203 200 190 181 176 171 169 174 183 196 205 204 194 182 183 194 206 216
-9999 -9999 -9999 -9999 -9999 -9999 -9999 -9999 -9999 -9999 -9999 -9999 -9999 -9999 -9999 -9999 -9999 -9999 -9999 -9999 -9999 -9999 105 103 104 102 102 102 102 105 107 106 -9999 -9999 104 104 101 100 -9999 -9999 -9999 -9999 -9999 114 -9999 -9999 -9999 -9999 -9999 -9999 -9999 -9999 -9999 -9999 -9999 -9999 -9999 159 183 187 202 208 203 199 191 182 181 180 183 194 203 211 214 204 195 194 206 222 239
-9999 -9999 -9999 -9999 -9999 -9999 -9999 -9999 -9999 -9999 -9999 -9999 -9999 -9999 -9999 -9999 -9999 -9999 -9999 -9999 -9999 -9999 -9999 -9999 -9999 102 -9999 99 -9999 -9999 -9999 -9999 -9999 -9999 -9999 -9999 -9999 -9999 -9999 -9999 -9999 -9999 -9999 -9999 -9999 -9999 -9999 -9999 -9999 -9999 -9999 -9999 -9999 -9999 -9999 -9999 -9999 179 190 198 203 208 210 203 196 192 188 190 193 201 206 212 216 212 207 215 224 242 260
-9999 -9999 -9999 -9999 -9999 -9999 -9999 -9999 -9999 -9999 -9999 -9999 -9999 -9999 -9999 -9999 -9999 -9999 -9999 -9999 -9999 -9999 -9999 -9999 -9999 -9999 -9999 -9999 -9999 -9999 -9999 -9999 -9999 -9999 -9999 -9999 -9999 -9999 -9999 -9999 -9999 -9999 -9999 -9999 -9999 -9999 -9999 -9999 -9999 -9999 -9999 -9999 -9999 -9999 -9999 -9999 -9999 191 203 202 207 206 209 202 201 199 199 201 204 210 211 215 217 219 222 231 241 256 271
-9999 -9999 -9999 -9999 -9999 -9999 -9999 -9999 -9999 -9999 -9999 -9999 -9999 -9999 -9999 -9999 -9999 -9999 -9999 -9999 -9999 -9999 -9999 -9999 -9999 -9999 -9999 -9999 -9999 -9999 -9999 -9999 -9999 -9999 -9999 -9999 -9999 -9999 -9999 -9999 -9999 -9999 -9999 -9999 -9999 -9999 -9999 -9999 -9999 -9999 -9999 -9999 -9999 -9999 -9999 -9999 -9999 -9999 -9999 -9999 -9999 202 203 203 209 208 209 211 213 218 215 218 221 228 236 244 255 265 279
-9999 -9999 -9999 -9999 -9999 -9999 -9999 -9999 -9999 -9999 -9999 -9999 -9999 -9999 -9999 -9999 -9999 -9999 -9999 -9999 -9999 -9999 -9999 -9999 -9999 -9999 -9999 -9999 -9999 -9999 -9999 -9999 -9999 -9999 -9999 -9999 -9999 -9999 -9999 -9999 -9999 -9999 -9999 -9999 -9999 -9999 -9999 -9999 -9999 -9999 -9999 -9999 -9999 -9999 -9999 -9999 -9999 -9999 -9999 -9999 197 202 206 209 213 215 217 220 222 224 217 222 229 239 247 255 264 277 287
-9999 -9999 -9999 -9999 -9999 -9999 -9999 -9999 -9999 -9999 -9999 -9999 -9999 -9999 -9999 -9999 -9999 -9999 -9999 -9999 -9999 -9999 -9999 -9999 -9999 -9999 -9999 -9999 -9999 -9999 -9999 -9999 -9999 -9999 -9999 -9999 -9999 -9999 -9999 -9999 -9999 -9999 -9999 -9999 -9999 -9999 -9999 -9999 -9999 -9999 -9999 -9999 -9999 -9999 -9999 -9999 -9999 -9999 -9999 -9999 -9999 207 209 216 220 224 227 231 234 234 233 236 243 249 256 263 269 279 292
-9999 -9999 -9999 -9999 -9999 -9999 -9999 -9999 -9999 -9999 -9999 -9999 -9999 -9999 -9999 -9999 -9999 -9999 -9999 -9999 -9999 -9999 -9999 -9999 -9999 -9999 -9999 -9999 -9999 -9999 -9999 -9999 -9999 -9999 -9999 -9999 -9999 -9999 -9999 -9999 -9999 -9999 -9999 -9999 -9999 -9999 -9999 -9999 -9999 -9999 -9999 -9999 -9999 -9999 -9999 -9999 -9999 -9999 -9999 -9999 -9999 211 215 220 224 230 237 247 254 256 258 260 262 264 267 271 278 285 297
-9999 -9999 -9999 -9999 -9999 -9999 -9999 -9999 -9999 -9999 -9999 -9999 -9999 -9999 -9999 -9999 -9999 -9999 -9999 -9999 -9999 -9999 -9999 -9999 -9999 -9999 -9999 -9999 -9999 -9999 -9999 -9999 -9999 -9999 -9999 -9999 -9999 -9999 -9999 -9999 -9999 -9999 -9999 -9999 -9999 -9999 -9999 -9999 -9999 -9999 -9999 -9999 -9999 -9999 -9999 -9999 -9999 -9999 -9999 -9999 -9999 216 222 226 233 241 252 265 276 287 291 290 286 286 286 283 284 291 302
-9999 -9999 -9999 -9999 -9999 -9999 -9999 -9999 -9999 -9999 -9999 -9999 -9999 -9999 -9999 -9999 -9999 -9999 -9999 -9999 -9999 -9999 -9999 -9999 -9999 -9999 -9999 -9999 -9999 -9999 -9999 -9999 -9999 -9999 -9999 -9999 -9999 -9999 -9999 -9999 -9999 -9999 -9999 -9999 -9999 -9999 -9999 -9999 -9999 -9999 -9999 -9999 -9999 -9999 -9999 -9999 -9999 -9999 -9999 -9999 -9999 -9999 230 237 246 254 268 284 303 319 324 318 310 303 299 298 289 290 312
-9999 -9999 -9999 -9999 -9999 -9999 -9999 -9999 -9999 -9999 -9999 -9999 -9999 -9999 -9999 -9999 -9999 -9999 -9999 -9999 -9999 -9999 -9999 -9999 -9999 -9999 -9999 -9999 -9999 -9999 -9999 -9999 -9999 -9999 -9999 -9999 -9999 -9999 -9999 -9999 -9999 -9999 -9999 -9999 -9999 -9999 -9999 -9999 -9999 -9999 -9999 -9999 -9999 -9999 -9999 -9999 -9999 -9999 -9999 -9999 -9999 -9999 -9999 -9999 -9999 270 284 300 -9999 351 358 347 333 312 291 273 268 286 314
-9999 -9999 -9999 -9999 -9999 -9999 -9999 -9999 -9999 -9999 -9999 -9999 -9999 -9999 -9999 -9999 -9999 -9999 -9999 -9999 -9999 -9999 -9999 -9999 -9999 -9999 -9999 -9999 -9999 -9999 -9999 -9999 -9999 -9999 -9999 -9999 -9999 -9999 -9999 -9999 -9999 -9999 -9999 -9999 -9999 -9999 -9999 -9999 -9999 -9999 -9999 -9999 -9999 -9999 -9999 -9999 -9999 -9999 -9999 -9999 -9999 -9999 -9999 -9999 -9999 -9999 -9999 319 345 365 379 376 362 327 276 230 250 290 325
-9999 -9999 -9999 -9999 -9999 -9999 -9999 -9999 -9999 -9999 -9999 -9999 -9999 -9999 -9999 -9999 -9999 -9999 -9999 -9999 -9999 -9999 -9999 -9999 -9999 -9999 -9999 -9999 -9999 -9999 -9999 -9999 -9999 -9999 -9999 -9999 -9999 -9999 -9999 -9999 -9999 -9999 -9999 -9999 -9999 -9999 -9999 -9999 -9999 -9999 -9999 -9999 -9999 -9999 -9999 -9999 -9999 -9999 -9999 -9999 -9999 -9999 -9999 -9999 -9999 -9999 -9999 -9999 350 369 385 401 396 363 311 280 291 317 353
-9999 -9999 -9999 -9999 -9999 -9999 -9999 -9999 -9999 -9999 -9999 -9999 -9999 -9999 -9999 -9999 -9999 -9999 -9999 -9999 -9999 -9999 -9999 -9999 -9999 -9999 -9999 -9999 -9999 -9999 -9999 -9999 -9999 -9999 -9999 -9999 -9999 -9999 -9999 -9999 -9999 -9999 -9999 -9999 -9999 -9999 -9999 -9999 -9999 -9999 -9999 -9999 -9999 -9999 -9999 -9999 -9999 -9999 -9999 -9999 -9999 -9999 -9999 -9999 -9999 -9999 -9999 -9999 -9999 371 387 406 413 392 366 360 356 358 381
-9999 -9999 -9999 -9999 -9999 -9999 -9999 -9999 -9999 -9999 -9999 -9999 -9999 -9999 -9999 -9999 -9999 -9999 -9999 -9999 -9999 -9999 -9999 -9999 -9999 -9999 -9999 -9999 -9999 -9999 -9999 -9999 -9999 -9999 -9999 -9999 -9999 -9999 -9999 -9999 -9999 -9999 -9999 -9999 -9999 -9999 -9999 -9999 -9999 -9999 -9999 -9999 -9999 -9999 -9999 -9999 -9999 -9999 -9999 -9999 -9999 -9999 -9999 -9999 -9999 -9999 -9999 -9999 -9999 -9999 388 402 409 405 396 390 378 374 388
-9999 -9999 -9999 -9999 -9999 -9999 -9999 -9999 -9999 -9999 -9999 -9999 -9999 -9999 -9999 -9999 -9999 -9999 -9999 -9999 -9999 -9999 -9999 -9999 -9999 -9999 -9999 -9999 -9999 -9999 -9999 -9999 -9999 -9999 -9999 -9999 -9999 -9999 -9999 -9999 -9999 -9999 -9999 -9999 -9999 -9999 -9999 -9999 -9999 -9999 -9999 -9999 -9999 -9999 -9999 -9999 -9999 -9999 -9999 -9999 -9999 -9999 -9999 -9999 -9999 -9999 -9999 -9999 -9999 -9999 -9999 -9999 402 401 398 393 385 -9999 -9999
-9999 -9999 -9999 -9999 -9999 -9999 -9999 -9999 -9999 -9999 -9999 -9999 -9999 -9999 -9999 -9999 -9999 -9999 -9999 -9999 -9999 -9999 -9999 -9999 -9999 -9999 -9999 -9999 -9999 -9999 -9999 -9999 -9999 -9999 -9999 -9999 -9999 -9999 -9999 -9999 -9999 -9999 -9999 -9999 -9999 -9999 -9999 -9999 -9999 -9999 -9999 -9999 -9999 -9999 -9999 -9999 -9999 -9999 -9999 -9999 -9999 -9999 -9999 -9999 -9999 -9999 -9999 -9999 -9999 -9999 -9999 -9999 -9999 -9999 -9999 -9999 -9999 -9999 -9999
-9999 -9999 -9999 -9999 -9999 -9999 -9999 -9999 -9999 -9999 -9999 -9999 -9999 -9999 -9999 -9999 -9999 -9999 -9999 -9999 -9999 -9999 -9999 -9999 -9999 -9999 -9999 -9999 -9999 -9999 -9999 -9999 -9999 -9999 -9999 -9999 -9999 -9999 -9999 -9999 -9999 -9999 -9999 -9999 -9999 -9999 -9999 -9999 -9999 -9999 -9999 -9999 -9999 -9999 -9999 -9999 -9999 -9999 -9999 -9999 -9999 -9999 -9999 -9999 -9999 -9999 -9999 -9999 -9999 -9999 -9999 -9999 -9999 -9999 -9999 -9999 -9999 -9999 473
-9999 -9999 -9999 -9999 -9999 -9999 -9999 -9999 -9999 -9999 -9999 -9999 -9999 -9999 -9999 -9999 -9999 -9999 -9999 -9999 -9999 -9999 -9999 -9999 -9999 -9999 -9999 -9999 -9999 -9999 -9999 -9999 -9999 -9999 -9999 -9999 -9999 -9999 -9999 -9999 -9999 -9999 -9999 -9999 -9999 -9999 -9999 -9999 -9999 -9999 -9999 -9999 -9999 -9999 -9999 -9999 -9999 -9999 -9999 -9999 -9999 -9999 -9999 -9999 -9999 -9999 -9999 -9999 -9999 -9999 -9999 -9999 -9999 -9999 -9999 490 500 503 502
