bio12_proj.asc
NCOLS 320 
NROWS 243 
XLLCORNER 44 
YLLCORNER -0.666666666666667 
CELLSIZE 0.166666666666667 
NODATA_value -9999 
[rows 35 to 69 of 243, columns 0 to 78 of 320]
-9999 -9999 -9999 -9999 -9999 -9999 -9999 -9999 -9999 316 365 417 445 456 461 457 439 440 428 432 431 431 424 421 408 393 370 356 352 326 313 306 304 281 258 251 217 196 179 164 148 140 138 120 123 119 110 101 89 83 79 78 76 76 78 86 87 84 86 85 81 78 77 77 78 81 82 85 86 85 84 83 83 85 86 90 87 94 104
-9999 -9999 -9999 -9999 -9999 -9999 -9999 -9999 -9999 -9999 318 376 414 425 444 422 421 424 414 421 425 429 437 428 418 411 381 366 368 357 328 309 293 278 256 235 214 194 177 161 152 139 136 144 124 110 107 105 99 92 87 83 80 75 73 74 74 78 77 78 77 76 75 76 77 78 79 79 79 79 77 78 77 81 81 81 79 82 101
-9999 -9999 -9999 -9999 -9999 -9999 -9999 -9999 -9999 -9999 -9999 313 344 385 414 430 401 400 410 420 424 429 435 449 441 434 418 384 364 364 355 318 301 282 255 229 205 191 175 162 154 146 143 140 141 136 111 101 98 95 92 87 85 81 77 74 69 73 72 73 73 73 73 69 71 72 72 74 74 76 75 75 76 81 84 76 76 77 88
-9999 -9999 -9999 -9999 -9999 -9999 -9999 -9999 -9999 -9999 -9999 -9999 312 327 375 404 408 384 393 400 415 427 437 450 453 460 455 404 367 356 348 326 307 282 254 233 208 185 174 173 172 162 146 135 132 140 132 105 93 91 87 86 81 79 77 73 69 68 67 67 68 66 67 69 69 68 68 70 71 71 71 72 76 82 81 75 74 75 81
-9999 -9999 -9999 -9999 -9999 -9999 -9999 -9999 -9999 -9999 -9999 -9999 -9999 286 328 365 372 389 393 380 396 414 424 441 438 421 399 403 397 386 342 322 304 283 259 242 223 213 197 181 179 162 150 137 129 123 117 112 104 98 87 88 81 75 72 74 70 67 66 66 65 65 65 64 66 66 66 66 67 68 69 70 74 77 77 77 72 72 75
-9999 -9999 -9999 -9999 -9999 -9999 -9999 -9999 -9999 -9999 -9999 -9999 224 241 261 294 324 349 371 388 383 391 405 428 431 428 407 439 423 385 361 332 317 294 272 263 241 228 221 205 187 171 159 144 133 123 114 112 107 108 99 93 89 84 73 71 69 68 65 64 63 62 62 63 64 62 66 65 65 68 67 69 72 74 77 78 72 72 74
-9999 -9999 -9999 -9999 -9999 -9999 -9999 -9999 -9999 -9999 -9999 -9999 -9999 -9999 -9999 250 295 312 326 367 371 382 392 400 417 426 421 425 422 405 399 366 329 304 286 276 262 239 226 227 209 191 172 158 139 127 115 108 103 106 115 103 92 82 76 72 69 67 65 62 62 62 62 62 61 62 62 66 71 75 70 69 70 74 78 81 75 74 75
-9999 -9999 -9999 -9999 -9999 -9999 -9999 -9999 -9999 -9999 -9999 -9999 -9999 -9999 -9999 -9999 235 258 277 308 342 346 354 376 379 402 411 417 420 392 384 366 342 322 298 290 276 262 240 229 219 205 187 168 151 130 119 109 103 99 99 99 102 94 78 74 70 67 66 64 60 57 57 58 58 57 59 63 65 70 69 67 69 74 76 77 75 76 77
-9999 -9999 -9999 -9999 -9999 -9999 -9999 -9999 -9999 -9999 -9999 -9999 -9999 -9999 -9999 -9999 -9999 -9999 250 261 281 304 321 335 354 371 392 407 415 421 408 375 342 330 309 303 293 276 258 252 241 223 202 175 149 133 120 113 108 101 96 94 92 91 87 74 70 67 64 62 59 57 58 69 60 56 61 63 66 70 69 66 68 73 73 79 78 77 78
-9999 -9999 -9999 -9999 -9999 -9999 -9999 -9999 -9999 -9999 -9999 -9999 -9999 -9999 -9999 -9999 -9999 -9999 -9999 -9999 259 272 294 313 329 343 359 381 405 415 423 414 386 367 334 314 306 288 280 267 258 242 217 186 165 142 129 123 112 106 101 95 90 86 82 77 73 68 63 61 58 57 68 83 65 57 65 63 63 68 67 64 66 73 74 73 77 79 81
-9999 -9999 -9999 -9999 -9999 -9999 -9999 -9999 -9999 -9999 -9999 -9999 -9999 -9999 -9999 -9999 -9999 -9999 -9999 -9999 -9999 253 271 289 303 320 338 353 371 397 419 428 413 393 377 323 318 302 294 281 274 260 240 208 176 158 142 129 120 114 107 100 94 88 87 85 81 89 71 62 58 55 61 73 67 56 57 61 74 77 75 69 71 72 75 78 79 76 78
-9999 -9999 -9999 -9999 -9999 -9999 -9999 -9999 -9999 -9999 -9999 -9999 -9999 -9999 -9999 -9999 -9999 -9999 -9999 -9999 -9999 -9999 249 267 283 296 313 329 348 373 412 438 434 416 382 346 324 313 302 291 281 267 248 226 206 174 158 143 135 123 114 107 100 93 92 100 97 87 79 62 58 55 57 81 90 62 60 60 73 82 83 77 85 78 75 78 78 78 78
-9999 -9999 -9999 -9999 -9999 -9999 -9999 -9999 -9999 -9999 -9999 -9999 -9999 -9999 -9999 -9999 -9999 -9999 -9999 -9999 -9999 -9999 228 244 262 272 287 306 326 347 389 431 443 418 391 370 342 322 315 296 287 277 257 240 222 201 174 161 154 132 122 114 105 99 98 102 108 107 98 73 61 56 54 59 75 71 60 62 68 77 89 86 89 90 79 78 75 72 76
-9999 -9999 -9999 -9999 -9999 -9999 -9999 -9999 -9999 -9999 -9999 -9999 -9999 -9999 -9999 -9999 -9999 -9999 -9999 -9999 -9999 -9999 -9999 222 237 251 265 278 299 323 354 405 428 411 393 368 346 331 316 304 289 282 271 249 231 224 204 176 161 148 137 123 115 106 100 100 104 109 131 108 97 72 63 60 65 64 64 63 68 81 99 120 101 101 89 80 80 76 73
-9999 -9999 -9999 -9999 -9999 -9999 -9999 -9999 -9999 -9999 -9999 -9999 -9999 -9999 -9999 -9999 -9999 -9999 -9999 -9999 -9999 -9999 -9999 206 217 227 240 250 270 294 326 356 390 400 387 371 343 337 322 305 290 279 264 251 245 228 223 199 178 163 149 135 128 118 109 100 98 100 119 128 149 105 74 68 70 82 80 68 69 77 99 108 119 128 103 89 91 100 94
-9999 -9999 -9999 -9999 -9999 -9999 -9999 -9999 -9999 -9999 -9999 -9999 -9999 -9999 -9999 -9999 -9999 -9999 -9999 -9999 -9999 -9999 180 190 201 209 217 223 241 267 297 325 344 372 375 367 349 337 324 310 297 294 274 267 254 239 237 214 194 180 165 150 136 127 122 111 103 98 102 112 116 125 105 81 82 82 87 80 76 79 93 109 107 123 121 104 94 91 86
-9999 -9999 -9999 -9999 -9999 -9999 -9999 -9999 -9999 -9999 -9999 -9999 -9999 -9999 -9999 -9999 -9999 -9999 -9999 -9999 -9999 -9999 168 181 189 195 204 208 222 252 275 300 322 336 353 358 346 337 325 316 305 295 285 259 253 239 231 228 218 205 179 162 158 139 128 120 112 104 100 106 115 109 108 99 100 86 90 100 87 89 91 97 111 121 159 141 100 95 89
-9999 -9999 -9999 -9999 -9999 -9999 -9999 -9999 -9999 -9999 -9999 -9999 -9999 -9999 -9999 -9999 -9999 -9999 -9999 -9999 -9999 -9999 159 170 181 190 197 205 219 239 260 283 302 317 330 348 344 338 328 314 307 299 287 270 275 251 242 234 221 211 198 183 164 158 140 130 122 115 108 110 125 121 119 108 101 100 91 91 90 96 111 99 107 120 136 148 125 112 128
-9999 -9999 -9999 -9999 -9999 -9999 -9999 -9999 -9999 -9999 -9999 -9999 -9999 -9999 -9999 -9999 -9999 -9999 -9999 -9999 -9999 -9999 -9999 -9999 176 183 191 202 214 230 250 266 283 299 315 330 340 333 325 315 307 303 293 275 288 276 257 245 238 222 215 209 186 173 164 146 133 125 120 115 118 119 117 115 111 105 100 98 99 98 105 121 112 117 122 145 150 142 139
-9999 -9999 -9999 -9999 -9999 -9999 -9999 -9999 -9999 -9999 -9999 -9999 -9999 -9999 -9999 -9999 -9999 -9999 -9999 -9999 -9999 -9999 -9999 -9999 173 181 189 200 212 225 240 256 270 281 300 319 330 328 322 312 301 306 308 289 271 283 278 258 242 243 232 222 232 214 201 182 171 147 135 123 118 120 123 129 139 130 118 110 106 107 108 114 130 131 129 131 154 166 155
-9999 -9999 -9999 -9999 -9999 -9999 -9999 -9999 -9999 -9999 -9999 -9999 -9999 -9999 -9999 -9999 -9999 -9999 -9999 -9999 -9999 -9999 -9999 -9999 172 180 187 196 207 219 231 245 259 268 280 299 322 323 314 307 304 304 301 294 287 277 281 262 251 246 235 239 223 216 201 202 200 179 159 144 132 128 135 151 168 168 145 140 133 114 116 116 126 156 159 149 140 146 197
-9999 -9999 -9999 -9999 -9999 -9999 -9999 -9999 -9999 -9999 -9999 -9999 -9999 -9999 -9999 -9999 -9999 -9999 -9999 -9999 -9999 -9999 -9999 -9999 -9999 179 183 191 202 211 -9999 -9999 246 257 268 286 297 307 303 303 299 304 286 276 272 292 289 298 270 260 262 243 244 232 217 205 208 213 184 163 146 137 137 145 157 162 165 181 173 140 123 124 128 136 146 166 167 149 157
-9999 -9999 -9999 -9999 -9999 -9999 -9999 -9999 -9999 -9999 -9999 -9999 -9999 -9999 -9999 -9999 -9999 -9999 -9999 -9999 -9999 -9999 -9999 -9999 -9999 -9999 180 189 197 203 -9999 227 236 245 255 265 277 284 292 289 289 280 275 268 265 270 293 299 288 269 259 259 256 250 227 211 207 215 215 198 167 147 142 142 146 151 155 172 173 151 152 147 143 144 146 148 160 156 154
-9999 -9999 -9999 -9999 -9999 -9999 -9999 -9999 -9999 -9999 -9999 -9999 -9999 -9999 -9999 -9999 -9999 -9999 -9999 -9999 -9999 -9999 -9999 -9999 -9999 -9999 -9999 184 192 197 -9999 -9999 -9999 234 -9999 -9999 -9999 260 268 281 281 276 276 279 274 276 297 295 294 289 272 260 256 249 233 227 225 217 212 220 196 168 152 148 145 151 153 154 156 165 180 184 179 176 167 173 161 158 158
-9999 -9999 -9999 -9999 -9999 -9999 -9999 -9999 -9999 -9999 -9999 -9999 -9999 -9999 -9999 -9999 -9999 -9999 -9999 -9999 -9999 -9999 -9999 -9999 -9999 -9999 -9999 -9999 -9999 -9999 -9999 -9999 -9999 -9999 -9999 -9999 -9999 248 248 256 266 266 270 283 276 281 321 311 307 306 291 279 267 254 250 242 227 232 226 218 201 180 166 160 159 157 159 161 161 172 200 215 208 197 182 174 176 177 195
-9999 -9999 -9999 -9999 -9999 -9999 -9999 -9999 -9999 -9999 -9999 -9999 -9999 -9999 -9999 -9999 -9999 -9999 -9999 -9999 -9999 -9999 -9999 -9999 -9999 -9999 -9999 -9999 -9999 -9999 -9999 -9999 -9999 -9999 -9999 -9999 -9999 -9999 240 242 247 250 251 251 265 268 294 330 322 318 309 299 285 264 250 234 222 209 199 201 209 188 180 177 184 172 163 159 160 167 177 194 205 222 234 195 184 186 187
-9999 -9999 -9999 -9999 -9999 -9999 -9999 -9999 -9999 -9999 -9999 -9999 -9999 -9999 -9999 -9999 -9999 -9999 -9999 -9999 -9999 -9999 -9999 -9999 -9999 -9999 -9999 -9999 -9999 -9999 -9999 -9999 -9999 -9999 -9999 -9999 -9999 -9999 -9999 230 230 231 232 238 247 270 271 318 338 325 319 307 291 275 257 239 230 220 212 205 194 214 198 208 196 186 180 166 163 164 170 186 204 228 261 240 236 236 225
-9999 -9999 -9999 -9999 -9999 -9999 -9999 -9999 -9999 -9999 -9999 -9999 -9999 -9999 -9999 -9999 -9999 -9999 -9999 -9999 -9999 -9999 -9999 -9999 -9999 -9999 -9999 -9999 -9999 -9999 -9999 -9999 -9999 -9999 -9999 -9999 -9999 -9999 -9999 -9999 222 222 221 220 244 248 250 260 322 331 323 308 290 278 280 264 250 247 227 214 199 219 218 213 203 201 205 177 167 168 171 176 191 213 224 242 291 257 253
-9999 -9999 -9999 -9999 -9999 -9999 -9999 -9999 -9999 -9999 -9999 -9999 -9999 -9999 -9999 -9999 -9999 -9999 -9999 -9999 -9999 -9999 -9999 -9999 -9999 -9999 -9999 -9999 -9999 -9999 -9999 -9999 -9999 -9999 -9999 -9999 -9999 -9999 -9999 -9999 221 218 214 220 266 271 256 242 276 329 324 313 292 283 259 261 261 262 234 219 210 199 220 208 190 194 204 193 175 186 174 173 184 201 207 208 219 201 207
-9999 -9999 -9999 -9999 -9999 -9999 -9999 -9999 -9999 -9999 -9999 -9999 -9999 -9999 -9999 -9999 -9999 -9999 -9999 -9999 -9999 -9999 -9999 -9999 -9999 -9999 -9999 -9999 -9999 -9999 -9999 -9999 -9999 -9999 -9999 -9999 -9999 -9999 -9999 -9999 -9999 215 209 213 247 257 263 241 261 314 318 307 308 279 276 260 274 247 256 252 246 243 228 224 193 183 184 186 185 199 183 174 183 192 202 195 190 175 180
-9999 -9999 -9999 -9999 -9999 -9999 -9999 -9999 -9999 -9999 -9999 -9999 -9999 -9999 -9999 -9999 -9999 -9999 -9999 -9999 -9999 -9999 -9999 -9999 -9999 -9999 -9999 -9999 -9999 -9999 -9999 -9999 -9999 -9999 -9999 -9999 -9999 -9999 -9999 -9999 -9999 209 204 206 226 240 233 240 249 292 303 295 304 304 270 250 250 234 217 212 211 228 220 240 227 192 184 182 185 205 198 188 212 198 216 195 196 177 162
-9999 -9999 -9999 -9999 -9999 -9999 -9999 -9999 -9999 -9999 -9999 -9999 -9999 -9999 -9999 -9999 -9999 -9999 -9999 -9999 -9999 -9999 -9999 -9999 -9999 -9999 -9999 -9999 -9999 -9999 -9999 -9999 -9999 -9999 -9999 -9999 -9999 -9999 -9999 -9999 -9999 -9999 198 196 227 239 231 231 241 248 255 273 295 281 232 254 235 219 216 209 208 187 180 201 240 236 215 206 189 185 193 189 181 186 240 206 200 215 179
-9999 -9999 -9999 -9999 -9999 -9999 -9999 -9999 -9999 -9999 -9999 -9999 -9999 -9999 -9999 -9999 -9999 -9999 -9999 -9999 -9999 -9999 -9999 -9999 -9999 -9999 -9999 -9999 -9999 -9999 -9999 -9999 -9999 -9999 -9999 -9999 -9999 -9999 -9999 -9999 -9999 -9999 197 190 188 204 232 217 231 222 221 250 263 262 223 222 226 204 208 204 204 196 179 184 180 204 229 204 206 191 175 167 163 172 176 169 186 233 194
-9999 -9999 -9999 -9999 -9999 -9999 -9999 -9999 -9999 -9999 -9999 -9999 -9999 -9999 -9999 -9999 -9999 -9999 -9999 -9999 -9999 -9999 -9999 -9999 -9999 -9999 -9999 -9999 -9999 -9999 -9999 -9999 -9999 -9999 -9999 -9999 -9999 -9999 -9999 -9999 -9999 -9999 -9999 190 173 178 184 203 197 195 215 215 232 213 199 208 210 232 249 223 204 189 179 175 182 202 187 204 199 182 168 165 155 143 144 150 170 176 185
-9999 -9999 -9999 -9999 -9999 -9999 -9999 -9999 -9999 -9999 -9999 -9999 -9999 -9999 -9999 -9999 -9999 -9999 -9999 -9999 -9999 -9999 -9999 -9999 -9999 -9999 -9999 -9999 -9999 -9999 -9999 -9999 -9999 -9999 -9999 -9999 -9999 -9999 -9999 -9999 -9999 -9999 -9999 -9999 167 171 190 177 187 188 187 199 203 207 198 202 212 195 203 192 186 189 185 186 184 172 165 159 180 185 151 153 149 147 153 148 167 193 155
