bio12_proj.asc
NCOLS 320 
NROWS 243 
XLLCORNER 44 
YLLCORNER -0.666666666666667 
CELLSIZE 0.166666666666667 
NODATA_value -9999 
[rows 35 to 69 of 243, columns 158 to 236 of 320]
851 860 820 723 587 496 421 412 464 540 561 541 573 646 769 860 1071 1057 984 889 643 799 843 977 881 975 842 711 832 960 608 581 375 279 241 184 155 137 133 135 143 143 113 108 135 108 102 100 98 86 96 -9999 -9999 -9999 -9999 -9999 -9999 -9999 -9999 -9999 -9999 -9999 -9999 -9999 -9999 -9999 -9999 -9999 -9999 -9999 -9999 -9999 -9999 -9999 -9999 -9999 -9999 -9999 -9999
714 797 789 776 663 572 519 485 544 538 510 525 557 627 724 877 981 1011 920 843 647 648 657 770 942 923 1025 878 759 875 855 696 570 436 261 209 204 176 163 182 123 133 119 124 132 133 117 118 108 106 94 -9999 -9999 -9999 -9999 -9999 -9999 -9999 -9999 -9999 -9999 -9999 -9999 -9999 -9999 -9999 -9999 -9999 -9999 -9999 -9999 -9999 -9999 -9999 -9999 -9999 -9999 -9999 -9999
581 668 637 624 553 513 515 507 505 476 488 519 565 620 705 830 923 944 960 965 884 813 694 704 940 876 962 1015 1000 1036 960 734 796 545 350 266 222 206 220 227 175 149 148 143 138 135 137 131 131 114 105 -9999 -9999 -9999 -9999 -9999 -9999 -9999 -9999 -9999 -9999 -9999 -9999 -9999 -9999 -9999 -9999 -9999 -9999 -9999 -9999 -9999 -9999 -9999 -9999 -9999 -9999 -9999 -9999
428 431 474 541 541 502 496 488 476 465 484 513 545 599 665 737 814 845 881 954 999 932 754 711 795 943 960 981 1014 1081 907 1011 963 812 509 460 363 228 219 253 182 187 174 167 160 156 150 148 142 136 123 -9999 -9999 -9999 -9999 -9999 -9999 -9999 -9999 -9999 -9999 -9999 -9999 -9999 -9999 -9999 -9999 -9999 -9999 -9999 -9999 -9999 -9999 -9999 -9999 -9999 -9999 -9999 -9999
398 387 453 464 475 490 494 481 464 477 480 492 522 557 594 660 717 746 802 923 1013 987 852 845 846 851 971 1052 1109 1141 1124 1056 1069 874 708 654 365 304 246 247 245 227 220 203 193 183 177 171 157 153 142 128 -9999 -9999 -9999 -9999 -9999 -9999 -9999 -9999 -9999 -9999 -9999 -9999 -9999 -9999 -9999 -9999 -9999 -9999 -9999 -9999 -9999 -9999 -9999 -9999 -9999 -9999 -9999
352 348 366 386 442 506 509 475 442 446 460 478 496 519 552 594 639 690 763 856 939 991 933 940 1007 1032 1190 1151 1147 1195 1213 1186 1218 1209 793 614 687 403 314 272 263 262 241 240 222 212 202 195 189 173 167 149 135 119 -9999 -9999 -9999 -9999 -9999 -9999 -9999 -9999 -9999 -9999 -9999 -9999 -9999 -9999 -9999 -9999 -9999 -9999 -9999 -9999 -9999 -9999 -9999 -9999 -9999
337 320 331 364 427 403 399 417 433 439 455 468 479 491 510 531 572 627 696 773 841 900 942 979 1066 1187 1321 1379 1487 1401 1286 1131 1172 1167 1181 978 746 505 387 362 305 290 283 288 261 243 234 230 217 197 183 172 158 135 -9999 -9999 -9999 -9999 -9999 -9999 -9999 -9999 -9999 -9999 -9999 -9999 -9999 -9999 -9999 -9999 -9999 -9999 -9999 -9999 -9999 -9999 -9999 -9999 -9999
338 310 320 341 379 364 375 398 432 429 445 463 470 486 488 497 523 564 623 683 745 789 838 905 999 1105 1215 1324 1495 1628 1454 1469 1470 1611 1729 1381 749 603 574 400 378 388 323 305 301 283 271 260 251 238 219 201 182 171 142 -9999 -9999 -9999 -9999 -9999 -9999 -9999 -9999 -9999 -9999 -9999 -9999 -9999 -9999 -9999 -9999 -9999 -9999 -9999 -9999 -9999 -9999 -9999 -9999
343 310 312 329 344 355 361 371 391 438 455 463 448 442 435 442 467 506 553 601 641 679 719 783 862 894 1000 1117 1261 1474 1643 1725 1787 1954 2070 1701 981 641 570 617 547 459 369 363 341 322 311 297 281 274 247 228 212 212 -9999 -9999 -9999 -9999 -9999 -9999 -9999 -9999 -9999 -9999 -9999 -9999 -9999 -9999 -9999 -9999 -9999 -9999 -9999 -9999 -9999 -9999 -9999 -9999 -9999
287 295 315 343 361 350 335 346 357 378 409 407 411 416 415 410 429 459 490 527 558 587 610 660 720 706 802 925 1037 1155 1325 1537 1678 2013 2176 1682 1638 1179 702 634 675 595 435 450 420 433 367 336 325 -9999 -9999 271 253 -9999 -9999 -9999 -9999 -9999 -9999 -9999 -9999 -9999 -9999 -9999 -9999 -9999 -9999 -9999 -9999 -9999 -9999 -9999 -9999 -9999 -9999 -9999 -9999 -9999 -9999
264 272 299 316 322 299 309 318 328 340 358 376 396 406 408 403 407 423 444 471 497 526 558 596 632 656 706 791 874 983 1118 1307 1552 1823 2332 2434 1536 1185 927 695 795 1051 560 503 435 475 507 421 377 -9999 -9999 -9999 -9999 -9999 -9999 -9999 -9999 -9999 -9999 -9999 -9999 -9999 -9999 -9999 -9999 -9999 -9999 -9999 -9999 -9999 -9999 -9999 -9999 -9999 -9999 -9999 -9999 -9999 -9999
253 258 266 271 270 276 282 289 298 311 330 350 376 398 404 389 385 394 407 426 456 496 546 585 608 630 660 708 784 880 995 1128 1362 1652 1938 2398 2591 2252 1698 1245 1520 1238 884 564 492 536 583 567 507 515 -9999 -9999 -9999 -9999 -9999 -9999 -9999 -9999 -9999 -9999 -9999 -9999 -9999 -9999 -9999 -9999 -9999 -9999 -9999 -9999 -9999 -9999 -9999 -9999 -9999 -9999 -9999 -9999 -9999
243 249 255 253 253 254 257 263 272 283 302 326 348 369 375 366 364 366 379 399 431 476 528 575 605 630 654 688 741 810 899 1001 1216 1521 1861 1932 2267 2180 1980 1788 1679 1569 1031 710 614 568 611 547 513 594 -9999 -9999 -9999 -9999 -9999 -9999 -9999 -9999 -9999 -9999 -9999 -9999 -9999 -9999 -9999 -9999 -9999 -9999 -9999 -9999 -9999 -9999 -9999 -9999 -9999 -9999 -9999 -9999 -9999
233 239 239 239 226 228 233 242 248 258 279 299 322 339 344 340 340 350 362 382 413 458 515 573 612 635 668 695 717 759 829 899 1046 1382 1819 1802 1717 1840 1850 1659 1638 1560 1439 928 726 707 654 664 699 666 -9999 -9999 -9999 -9999 -9999 -9999 -9999 -9999 -9999 -9999 -9999 -9999 -9999 -9999 -9999 -9999 -9999 -9999 -9999 -9999 -9999 -9999 -9999 -9999 -9999 -9999 -9999 -9999 -9999
227 225 223 219 211 211 216 223 233 241 256 278 299 319 331 331 333 338 345 365 397 439 497 568 615 627 654 681 685 722 769 827 924 1065 1252 1343 1449 1399 1508 1581 1596 1583 1491 1253 1301 1185 923 823 764 649 562 -9999 -9999 -9999 -9999 -9999 -9999 -9999 -9999 -9999 -9999 -9999 -9999 -9999 -9999 -9999 -9999 -9999 -9999 -9999 -9999 -9999 -9999 -9999 -9999 -9999 -9999 -9999 -9999
221 215 212 209 203 201 203 208 215 223 238 255 281 308 327 341 343 336 331 347 375 413 463 517 558 575 595 604 627 679 732 776 821 895 1024 1100 1205 1261 1352 1514 1483 1433 1414 1381 1385 1019 929 880 751 728 633 -9999 587 -9999 -9999 -9999 -9999 -9999 -9999 -9999 -9999 -9999 -9999 -9999 -9999 -9999 -9999 -9999 -9999 -9999 -9999 -9999 -9999 -9999 -9999 -9999 -9999 -9999 -9999
220 208 207 201 198 196 191 193 197 203 216 238 265 303 336 352 348 334 323 332 355 383 419 449 476 510 541 549 572 630 680 718 714 776 873 1003 1064 1195 1316 1421 1333 1309 1390 1425 1342 1183 1049 945 815 737 692 683 691 -9999 -9999 -9999 -9999 -9999 -9999 -9999 -9999 -9999 -9999 -9999 -9999 -9999 -9999 -9999 -9999 -9999 -9999 -9999 -9999 -9999 -9999 -9999 -9999 -9999 -9999
220 205 200 199 195 187 185 183 182 185 195 220 251 296 346 365 348 328 318 320 335 357 377 397 415 469 522 535 547 578 609 644 678 747 830 892 969 1080 1246 1351 1337 1353 1316 1380 1339 1259 1249 1092 988 840 965 923 752 668 -9999 -9999 -9999 -9999 -9999 -9999 -9999 -9999 -9999 -9999 -9999 -9999 -9999 -9999 -9999 -9999 -9999 -9999 -9999 -9999 -9999 -9999 -9999 -9999 -9999
223 200 193 193 187 182 177 173 169 167 176 201 232 279 349 364 335 315 305 308 317 331 343 360 393 461 519 514 520 540 578 626 681 742 784 832 872 976 1128 1362 1437 1433 1398 1418 1499 1519 1478 1336 1189 1116 1043 857 813 689 744 651 683 -9999 -9999 -9999 -9999 -9999 -9999 -9999 -9999 -9999 -9999 -9999 -9999 -9999 -9999 -9999 -9999 -9999 -9999 -9999 -9999 -9999 -9999
227 194 185 184 180 176 172 167 163 158 163 192 217 257 301 315 298 288 287 293 298 308 316 333 375 431 466 473 479 503 556 615 661 690 697 754 816 883 993 1242 1591 1638 1630 1600 1788 1652 1766 1636 1566 1377 1225 1108 1015 865 1050 1018 890 952 807 -9999 -9999 -9999 -9999 -9999 -9999 -9999 -9999 -9999 -9999 -9999 -9999 -9999 -9999 -9999 -9999 -9999 -9999 -9999 -9999
230 190 177 174 170 171 167 165 163 159 168 183 207 232 259 269 267 264 267 274 287 297 302 314 359 404 430 437 439 463 526 600 635 643 632 671 749 812 913 1058 1357 1785 2035 2003 2087 2096 2034 1906 1743 1577 1478 1462 1392 1366 1289 1410 1226 879 785 -9999 -9999 -9999 -9999 -9999 -9999 -9999 -9999 -9999 -9999 -9999 -9999 -9999 -9999 -9999 -9999 -9999 -9999 -9999 -9999
231 184 171 166 165 165 166 168 165 162 169 178 195 211 228 237 238 238 242 257 275 296 303 311 350 395 418 415 394 411 482 558 589 618 602 652 702 763 897 1002 1147 1419 1754 1945 1922 2111 2308 2069 1851 1652 1573 1467 1391 1426 1439 1512 1159 881 948 885 850 764 -9999 -9999 -9999 -9999 -9999 -9999 -9999 -9999 -9999 -9999 -9999 -9999 -9999 -9999 -9999 -9999 -9999
219 171 159 160 159 160 167 170 168 167 168 173 184 196 207 215 219 221 227 243 263 282 288 302 343 391 416 418 382 391 458 507 530 571 540 588 723 781 850 928 1019 1143 1452 1608 1739 1887 1986 2131 1927 1621 1397 1415 1482 1405 1455 1566 1191 1029 1016 1180 892 965 874 826 -9999 -9999 705 718 688 645 -9999 -9999 -9999 -9999 -9999 -9999 -9999 -9999 -9999
197 166 155 157 158 157 163 167 165 160 162 163 173 183 195 199 203 208 220 235 255 270 275 291 329 375 402 410 400 434 458 477 495 544 517 502 626 711 777 846 920 1007 1219 1347 1324 1414 1713 1652 1785 1634 1624 1546 1611 1538 1500 1504 1520 1508 1460 1495 1201 1216 1054 1012 -9999 -9999 814 821 785 749 727 -9999 -9999 -9999 -9999 -9999 -9999 -9999 -9999
195 172 164 158 156 155 158 157 155 154 153 158 165 175 182 191 195 199 212 229 245 258 265 277 304 338 367 382 392 417 436 429 441 466 488 514 583 632 698 780 859 946 1071 1180 1195 1159 1231 1476 1847 1762 1585 1637 1615 1507 1510 1516 1565 1685 1775 1781 1427 1537 1191 1077 845 892 808 840 839 823 809 775 693 -9999 -9999 -9999 -9999 -9999 -9999
205 188 172 159 153 151 148 151 150 148 147 151 159 168 178 186 192 197 208 218 227 237 243 257 278 308 333 352 372 393 402 391 375 374 455 505 524 535 619 731 823 888 958 1044 1085 1056 1057 1256 1562 1700 1663 1660 1677 1560 1534 1523 1546 1692 1822 1833 1914 1642 1496 1165 983 996 925 859 843 826 809 837 753 730 -9999 -9999 -9999 -9999 -9999
218 203 183 161 148 145 146 146 143 142 142 148 159 169 177 185 192 194 198 199 204 214 223 235 258 282 306 325 348 373 389 385 372 384 468 486 438 453 562 683 794 846 884 950 982 993 1027 1134 1290 1495 1566 1616 1666 1708 1717 1553 1511 1622 1714 1546 1698 1610 1501 1400 1229 1217 980 908 910 823 783 813 828 801 726 665 577 -9999 -9999
239 222 188 157 144 141 141 143 140 141 144 149 160 168 180 188 193 193 189 182 181 195 211 227 246 267 289 308 330 356 380 395 405 420 466 498 481 489 554 638 781 849 845 910 974 1001 997 1063 1131 1234 1337 1488 1635 1863 1853 1825 1641 1596 1552 1657 1504 1450 1506 1503 1278 1167 1126 924 894 801 802 854 833 714 689 685 639 564 -9999
241 226 182 152 139 138 137 140 140 140 144 150 163 173 184 193 198 196 190 176 175 192 207 225 240 261 280 294 312 337 370 408 438 429 456 514 534 545 580 635 723 776 814 894 985 1019 1004 1027 1070 1121 1193 1287 1441 1682 1955 1935 1722 1650 1619 1647 1469 1424 1455 1483 1408 1363 1098 1006 918 814 800 803 840 767 716 677 622 569 512
204 191 168 148 136 133 134 135 137 140 145 153 163 174 186 194 198 198 191 186 189 199 214 228 245 260 274 289 300 325 359 397 429 413 435 498 543 576 604 638 686 744 808 883 960 1004 994 1004 1028 1057 1087 1153 1272 1422 1577 1713 1791 1801 1732 1696 1670 1534 1478 1403 1509 1451 1329 1141 931 881 881 882 863 863 808 726 626 579 538
165 156 146 136 132 128 129 132 136 140 146 152 161 171 183 190 196 199 201 203 207 215 225 238 249 265 278 289 302 325 347 371 397 412 443 491 536 579 587 601 644 729 816 882 931 957 956 960 980 994 1003 1063 1153 1228 1258 1338 1470 1554 1513 1453 1601 1676 1650 1670 1627 1548 1465 1440 1259 968 965 1028 1033 1002 825 807 670 594 547
136 127 123 119 123 123 125 129 133 138 145 152 162 171 178 188 196 201 208 216 226 229 239 249 260 275 289 299 310 334 355 367 385 411 451 495 500 481 523 531 583 746 825 876 896 907 910 900 904 904 938 1001 1072 1125 1157 1191 1275 1403 1444 1525 1663 1713 1748 1799 1766 1681 1565 1521 1419 1301 1413 1467 1329 1013 965 823 646 588 552
113 109 107 112 117 118 123 128 133 139 146 154 161 171 179 188 198 208 216 231 242 246 251 261 274 292 307 319 331 353 368 374 380 411 460 504 484 459 498 513 591 665 764 827 856 870 883 875 859 844 898 981 1039 1080 1115 1164 1273 1356 1366 1448 1587 1633 1636 1707 1785 1855 1789 1814 1616 1491 1644 1648 1557 1486 1287 888 708 795 883
100 102 103 107 113 117 123 128 134 139 145 153 162 172 180 190 201 211 216 232 248 257 263 277 293 317 342 354 359 374 389 390 378 411 466 482 470 465 459 547 586 568 677 758 815 839 871 889 876 868 925 1005 1036 1057 1100 1179 1305 1351 1315 1324 1419 1461 1479 1512 1590 1659 1768 1878 1791 1597 1399 1428 1375 1487 1331 1148 1323 1346 1727
99 100 103 107 112 115 123 127 134 141 149 155 164 173 183 192 205 215 219 231 248 261 274 295 319 349 381 402 394 410 421 423 419 443 471 439 448 503 505 556 586 598 637 689 770 818 862 901 898 896 944 1010 1025 1043 1087 1153 1287 1328 1300 1277 1308 1327 1314 1302 1385 1464 1476 1463 1501 1608 1516 1434 1431 1509 1573 1588 1700 1745 1947
