bio4.asc
NCOLS 320 
NROWS 243 
XLLCORNER 44 
YLLCORNER -0.666666666666667 
CELLSIZE 0.166666666666667 
NODATA_value -9999 
[rows 35 to 69 of 243, columns 0 to 78 of 320]
-9999 -9999 -9999 -9999 -9999 -9999 -9999 -9999 -9999 8673 8717 8740 8737 8695 8643 8611 8471 8497 8425 8426 8389 8334 8302 8260 8222 8222 8453 8341 8250 8451 8612 8805 9107 9159 9154 9315 9068 9009 9060 9122 9161 9186 9247 9430 9583 9612 9580 9589 9624 9628 9606 9593 9572 9516 9371 9168 9106 9090 9052 9040 9074 9198 9217 9212 9135 9068 8965 8933 8910 8944 8939 8969 9013 9045 9122 9127 9135 9117 9066
-9999 -9999 -9999 -9999 -9999 -9999 -9999 -9999 -9999 -9999 8632 8710 8696 8657 8648 8573 8507 8492 8427 8402 8369 8353 8314 8297 8282 8234 8276 8321 8348 8441 8621 8743 8867 8947 8908 8913 8868 8808 8821 8856 8925 9058 9126 9205 9323 9469 9545 9485 9457 9468 9461 9410 9410 9482 9442 9310 9316 9158 9113 9073 9060 9094 9107 9094 9039 9013 8992 8955 8944 8950 8971 8976 9017 9084 9110 9136 9136 9156 9065
-9999 -9999 -9999 -9999 -9999 -9999 -9999 -9999 -9999 -9999 -9999 8611 8612 8644 8635 8625 8518 8483 8461 8446 8406 8385 8357 8354 8342 8317 8322 8333 8395 8482 8608 8678 8759 8793 8702 8600 8484 8477 8524 8629 8763 8861 8981 9082 9184 9262 9379 9430 9402 9336 9322 9300 9273 9274 9269 9295 9361 9243 9183 9106 9097 9107 9090 9113 9124 9042 9019 8997 8988 8946 8967 9012 9071 9138 9145 9119 9125 9153 9075
-9999 -9999 -9999 -9999 -9999 -9999 -9999 -9999 -9999 -9999 -9999 -9999 8625 8599 8623 8624 8595 8510 8498 8476 8458 8423 8412 8414 8381 8383 8392 8398 8411 8486 8550 8596 8624 8592 8506 8456 8287 8185 8309 8506 8677 8771 8875 8999 9070 9187 9246 9327 9358 9353 9303 9268 9269 9245 9232 9244 9372 9368 9323 9195 9096 9240 9269 9246 9241 9169 9004 8932 8944 8966 8988 9022 9098 9134 9117 9118 9097 9086 9063
-9999 -9999 -9999 -9999 -9999 -9999 -9999 -9999 -9999 -9999 -9999 -9999 -9999 8564 8592 8595 8576 8567 8546 8523 8496 8483 8477 8465 8425 8402 8411 8449 8482 8528 8498 8542 8538 8449 8368 8382 8294 8355 8359 8400 8546 8657 8770 8908 8999 9081 9156 9218 9286 9327 9339 9378 9356 9348 9245 9178 9229 9252 9301 9245 9146 9091 9036 9008 9037 9120 9063 8937 8960 8965 8955 9016 9071 9083 9073 9077 9040 8985 8957
-9999 -9999 -9999 -9999 -9999 -9999 -9999 -9999 -9999 -9999 -9999 -9999 8534 8552 8560 8601 8608 8578 8563 8568 8543 8550 8559 8524 8489 8485 8462 8551 8553 8515 8530 8507 8539 8434 8377 8435 8360 8368 8424 8491 8496 8576 8698 8823 8915 9000 9076 9146 9200 9261 9306 9337 9364 9356 9316 9203 9140 9114 9167 9201 9146 9096 8981 8958 8992 9074 9108 9020 9032 9038 8950 8983 9022 9034 9050 9040 8997 8947 8914
-9999 -9999 -9999 -9999 -9999 -9999 -9999 -9999 -9999 -9999 -9999 -9999 -9999 -9999 -9999 8573 8618 8634 8627 8598 8606 8570 8566 8593 8612 8546 8550 8571 8616 8609 8646 8575 8481 8416 8403 8437 8432 8319 8314 8482 8521 8555 8630 8743 8844 8907 8957 9023 9087 9176 9243 9272 9276 9267 9255 9186 9147 9100 9079 9147 9114 9016 8942 8941 8965 9059 9042 9065 9102 9115 8989 8927 8956 8995 9002 8995 8923 8892 8868
-9999 -9999 -9999 -9999 -9999 -9999 -9999 -9999 -9999 -9999 -9999 -9999 -9999 -9999 -9999 -9999 8628 8656 8680 8674 8668 8669 8656 8647 8658 8682 8705 8717 8699 8585 8561 8545 8502 8446 8377 8441 8414 8435 8315 8350 8461 8515 8600 8685 8764 8811 8852 8937 8983 9050 9111 9181 9234 9230 9215 9143 9080 9037 9034 9068 9042 9037 9009 9015 8920 8938 8921 8988 8999 9012 8949 8917 8930 8934 8929 8890 8858 8803 8781
-9999 -9999 -9999 -9999 -9999 -9999 -9999 -9999 -9999 -9999 -9999 -9999 -9999 -9999 -9999 -9999 -9999 -9999 8717 8715 8706 8732 8712 8707 8722 8725 8763 8774 8768 8781 8734 8616 8487 8480 8404 8465 8470 8414 8364 8428 8478 8519 8576 8643 8701 8740 8780 8854 8916 8959 9006 9056 9137 9156 9173 9109 9037 9009 8975 8958 8977 8998 9049 9165 9017 8904 8966 8991 8984 8957 8928 8867 8851 8852 8835 8841 8824 8751 8720
-9999 -9999 -9999 -9999 -9999 -9999 -9999 -9999 -9999 -9999 -9999 -9999 -9999 -9999 -9999 -9999 -9999 -9999 -9999 -9999 8778 8750 8760 8754 8748 8742 8749 8796 8851 8879 8917 8872 8730 8699 8543 8444 8499 8416 8456 8454 8471 8508 8556 8603 8652 8690 8739 8814 8854 8889 8922 8941 8999 9042 9067 9057 9054 9039 8994 8951 8977 9051 9148 9194 9087 8923 9008 8936 8884 8884 8851 8785 8763 8779 8769 8731 8742 8687 8653
-9999 -9999 -9999 -9999 -9999 -9999 -9999 -9999 -9999 -9999 -9999 -9999 -9999 -9999 -9999 -9999 -9999 -9999 -9999 -9999 -9999 8797 8767 8744 8747 8753 8759 8810 8836 8906 8989 9006 8917 8839 8812 8467 8502 8466 8507 8469 8505 8535 8609 8597 8619 8681 8711 8749 8802 8828 8851 8877 8919 8969 9012 9046 9085 9141 9045 8932 8927 8989 9064 9112 9043 8863 8799 8830 8934 8915 8866 8775 8764 8708 8686 8686 8643 8605 8556
-9999 -9999 -9999 -9999 -9999 -9999 -9999 -9999 -9999 -9999 -9999 -9999 -9999 -9999 -9999 -9999 -9999 -9999 -9999 -9999 -9999 -9999 8764 8729 8733 8740 8747 8805 8830 8893 9010 9083 9047 8989 8847 8625 8513 8507 8496 8502 8518 8528 8583 8609 8652 8650 8696 8740 8776 8793 8810 8842 8867 8883 8953 9058 9054 9067 9034 8922 8901 8906 8976 9074 9082 8891 8755 8757 8872 8886 8835 8762 8748 8655 8625 8598 8550 8527 8494
-9999 -9999 -9999 -9999 -9999 -9999 -9999 -9999 -9999 -9999 -9999 -9999 -9999 -9999 -9999 -9999 -9999 -9999 -9999 -9999 -9999 -9999 8747 8707 8695 8693 8704 8740 8787 8844 8978 9109 9131 9019 8926 8849 8664 8546 8545 8535 8544 8561 8574 8591 8642 8671 8687 8713 8755 8735 8746 8780 8825 8827 8883 8963 9031 9053 9043 8963 8888 8873 8897 8922 8980 8911 8725 8690 8727 8768 8782 8707 8697 8658 8556 8495 8444 8406 8379
-9999 -9999 -9999 -9999 -9999 -9999 -9999 -9999 -9999 -9999 -9999 -9999 -9999 -9999 -9999 -9999 -9999 -9999 -9999 -9999 -9999 -9999 -9999 8659 8644 8614 8648 8689 8730 8800 8887 9048 9128 9025 8950 8832 8678 8603 8595 8554 8561 8576 8595 8594 8616 8669 8698 8689 8712 8727 8745 8740 8756 8777 8831 8871 8931 8997 9046 8995 8976 8892 8853 8818 8826 8793 8683 8620 8621 8696 8757 8781 8656 8616 8527 8442 8400 8346 8273
-9999 -9999 -9999 -9999 -9999 -9999 -9999 -9999 -9999 -9999 -9999 -9999 -9999 -9999 -9999 -9999 -9999 -9999 -9999 -9999 -9999 -9999 -9999 8583 8569 8559 8592 8609 8675 8733 8824 8918 9011 9018 8953 8872 8599 8653 8704 8621 8588 8553 8550 8561 8597 8648 8668 8680 8683 8704 8719 8704 8707 8733 8750 8766 8792 8836 8954 8997 9028 8934 8840 8792 8766 8808 8728 8586 8554 8567 8662 8661 8633 8629 8505 8392 8348 8373 8296
-9999 -9999 -9999 -9999 -9999 -9999 -9999 -9999 -9999 -9999 -9999 -9999 -9999 -9999 -9999 -9999 -9999 -9999 -9999 -9999 -9999 -9999 8500 8461 8468 8470 8499 8532 8590 8676 8738 8796 8855 8936 8948 8912 8743 8559 8573 8605 8569 8554 8517 8570 8598 8614 8670 8661 8651 8687 8694 8679 8687 8684 8709 8675 8710 8720 8807 8870 8894 8897 8839 8738 8721 8689 8696 8573 8473 8471 8542 8548 8512 8524 8472 8364 8273 8237 8194
-9999 -9999 -9999 -9999 -9999 -9999 -9999 -9999 -9999 -9999 -9999 -9999 -9999 -9999 -9999 -9999 -9999 -9999 -9999 -9999 -9999 -9999 8395 8367 8361 8387 8435 8461 8529 8587 8647 8735 8791 8814 8883 8861 8712 8615 8640 8551 8546 8544 8534 8530 8557 8539 8578 8632 8650 8660 8653 8640 8683 8644 8616 8628 8630 8627 8653 8734 8777 8781 8768 8729 8702 8621 8596 8622 8473 8448 8416 8387 8415 8418 8513 8404 8213 8174 8112
-9999 -9999 -9999 -9999 -9999 -9999 -9999 -9999 -9999 -9999 -9999 -9999 -9999 -9999 -9999 -9999 -9999 -9999 -9999 -9999 -9999 -9999 8247 8235 8265 8304 8355 8391 8474 8522 8567 8624 8697 8745 8792 8850 8743 8633 8621 8665 8541 8510 8524 8517 8535 8515 8531 8564 8582 8587 8611 8617 8621 8630 8556 8538 8557 8556 8549 8629 8721 8709 8707 8652 8622 8574 8499 8468 8395 8391 8419 8305 8297 8322 8337 8324 8180 8119 8166
-9999 -9999 -9999 -9999 -9999 -9999 -9999 -9999 -9999 -9999 -9999 -9999 -9999 -9999 -9999 -9999 -9999 -9999 -9999 -9999 -9999 -9999 -9999 -9999 8160 8233 8321 8365 8416 8461 8515 8558 8598 8658 8718 8798 8802 8748 8765 8688 8570 8507 8486 8495 8518 8513 8485 8493 8529 8528 8570 8589 8568 8576 8589 8539 8489 8508 8489 8504 8564 8613 8603 8577 8534 8495 8428 8367 8353 8298 8293 8319 8219 8193 8153 8212 8213 8124 8108
-9999 -9999 -9999 -9999 -9999 -9999 -9999 -9999 -9999 -9999 -9999 -9999 -9999 -9999 -9999 -9999 -9999 -9999 -9999 -9999 -9999 -9999 -9999 -9999 8076 8190 8281 8332 8384 8429 8461 8483 8524 8556 8626 8714 8802 8788 8739 8699 8636 8489 8476 8461 8434 8469 8495 8461 8439 8494 8501 8524 8625 8617 8610 8584 8576 8483 8460 8449 8445 8492 8498 8539 8554 8514 8429 8324 8270 8225 8192 8162 8190 8151 8092 8041 8114 8146 8077
-9999 -9999 -9999 -9999 -9999 -9999 -9999 -9999 -9999 -9999 -9999 -9999 -9999 -9999 -9999 -9999 -9999 -9999 -9999 -9999 -9999 -9999 -9999 -9999 8075 8211 8302 8318 8360 8381 8410 8429 8448 8473 8497 8586 8728 8737 8678 8645 8573 8482 8439 8395 8379 8367 8397 8349 8350 8393 8388 8480 8486 8501 8488 8547 8579 8542 8496 8463 8403 8408 8452 8509 8545 8529 8421 8377 8311 8165 8122 8067 8075 8162 8118 8001 7931 7933 8185
-9999 -9999 -9999 -9999 -9999 -9999 -9999 -9999 -9999 -9999 -9999 -9999 -9999 -9999 -9999 -9999 -9999 -9999 -9999 -9999 -9999 -9999 -9999 -9999 -9999 8281 8327 8317 8326 8327 -9999 -9999 8350 8372 8394 8454 8522 8576 8583 8562 8539 8461 8485 8465 8415 8313 8298 8391 8284 8285 8376 8347 8408 8432 8432 8436 8496 8539 8504 8430 8364 8321 8343 8387 8418 8401 8383 8412 8348 8174 8056 8019 7978 7963 7956 8005 7961 7823 7847
-9999 -9999 -9999 -9999 -9999 -9999 -9999 -9999 -9999 -9999 -9999 -9999 -9999 -9999 -9999 -9999 -9999 -9999 -9999 -9999 -9999 -9999 -9999 -9999 -9999 -9999 8332 8322 8315 8270 -9999 8272 8267 8261 8273 8288 8331 8347 8398 8429 8443 8473 8500 8528 8506 8369 8247 8252 8248 8165 8168 8241 8307 8359 8346 8323 8374 8455 8467 8438 8358 8271 8252 8247 8262 8264 8244 8275 8253 8141 8082 8039 7957 7908 7882 7818 7855 7744 7745
-9999 -9999 -9999 -9999 -9999 -9999 -9999 -9999 -9999 -9999 -9999 -9999 -9999 -9999 -9999 -9999 -9999 -9999 -9999 -9999 -9999 -9999 -9999 -9999 -9999 -9999 -9999 8293 8256 8225 -9999 -9999 -9999 8156 -9999 -9999 -9999 8111 8158 8282 8326 8404 8483 8482 8494 8394 8152 8119 8127 8112 8044 8035 8099 8206 8206 8260 8325 8354 8388 8406 8359 8280 8204 8166 8171 8145 8137 8116 8089 8078 8080 8088 7999 7956 7875 7855 7778 7722 7740
-9999 -9999 -9999 -9999 -9999 -9999 -9999 -9999 -9999 -9999 -9999 -9999 -9999 -9999 -9999 -9999 -9999 -9999 -9999 -9999 -9999 -9999 -9999 -9999 -9999 -9999 -9999 -9999 -9999 -9999 -9999 -9999 -9999 -9999 -9999 -9999 -9999 7911 7911 7973 8091 8243 8403 8440 8499 8356 8113 8063 8039 8069 7971 7918 7972 8045 8162 8206 8229 8301 8338 8321 8303 8249 8154 8128 8107 8106 8065 8044 8001 7998 8081 8098 8013 7955 7872 7802 7798 7787 7863
-9999 -9999 -9999 -9999 -9999 -9999 -9999 -9999 -9999 -9999 -9999 -9999 -9999 -9999 -9999 -9999 -9999 -9999 -9999 -9999 -9999 -9999 -9999 -9999 -9999 -9999 -9999 -9999 -9999 -9999 -9999 -9999 -9999 -9999 -9999 -9999 -9999 -9999 7719 7690 7780 7904 8117 8350 8615 8628 8129 8003 7959 8011 7912 7936 7946 7962 8039 8089 8117 8132 8141 8188 8210 8159 8126 8111 8102 8045 7969 7926 7908 7883 7890 7917 7925 7957 7987 7813 7768 7767 7779
-9999 -9999 -9999 -9999 -9999 -9999 -9999 -9999 -9999 -9999 -9999 -9999 -9999 -9999 -9999 -9999 -9999 -9999 -9999 -9999 -9999 -9999 -9999 -9999 -9999 -9999 -9999 -9999 -9999 -9999 -9999 -9999 -9999 -9999 -9999 -9999 -9999 -9999 -9999 7457 7436 7523 7666 8051 8522 8563 8440 7913 7962 7852 7803 7779 7874 7959 7962 8004 8057 8120 8145 8121 8105 8138 8099 8107 8051 7992 7922 7852 7817 7785 7788 7804 7873 7919 7995 7898 7896 7891 7855
-9999 -9999 -9999 -9999 -9999 -9999 -9999 -9999 -9999 -9999 -9999 -9999 -9999 -9999 -9999 -9999 -9999 -9999 -9999 -9999 -9999 -9999 -9999 -9999 -9999 -9999 -9999 -9999 -9999 -9999 -9999 -9999 -9999 -9999 -9999 -9999 -9999 -9999 -9999 -9999 7195 7186 7304 7536 8152 8380 8436 8192 7782 7811 7790 7790 7803 7865 8003 8046 8060 8079 8096 8072 8051 8072 8071 8028 7970 7933 7907 7797 7733 7697 7689 7708 7722 7786 7808 7846 7956 7870 7872
-9999 -9999 -9999 -9999 -9999 -9999 -9999 -9999 -9999 -9999 -9999 -9999 -9999 -9999 -9999 -9999 -9999 -9999 -9999 -9999 -9999 -9999 -9999 -9999 -9999 -9999 -9999 -9999 -9999 -9999 -9999 -9999 -9999 -9999 -9999 -9999 -9999 -9999 -9999 -9999 6932 6915 7022 7305 7982 8061 8104 8025 7748 7750 7750 7746 7750 7806 7849 7946 8037 8067 8057 8035 8001 7949 7961 7919 7827 7810 7816 7769 7654 7677 7602 7602 7621 7659 7677 7673 7716 7666 7700
-9999 -9999 -9999 -9999 -9999 -9999 -9999 -9999 -9999 -9999 -9999 -9999 -9999 -9999 -9999 -9999 -9999 -9999 -9999 -9999 -9999 -9999 -9999 -9999 -9999 -9999 -9999 -9999 -9999 -9999 -9999 -9999 -9999 -9999 -9999 -9999 -9999 -9999 -9999 -9999 -9999 6707 6794 7032 7653 7841 7791 7771 7638 7599 7655 7666 7764 7733 7818 7888 7971 7995 8007 7997 7974 7952 7902 7864 7740 7674 7625 7630 7590 7618 7552 7503 7528 7574 7607 7568 7562 7553 7581
-9999 -9999 -9999 -9999 -9999 -9999 -9999 -9999 -9999 -9999 -9999 -9999 -9999 -9999 -9999 -9999 -9999 -9999 -9999 -9999 -9999 -9999 -9999 -9999 -9999 -9999 -9999 -9999 -9999 -9999 -9999 -9999 -9999 -9999 -9999 -9999 -9999 -9999 -9999 -9999 -9999 6555 6661 6849 7298 7499 7521 7518 7495 7498 7541 7561 7695 7763 7722 7736 7823 7889 7876 7834 7818 7799 7773 7795 7745 7610 7541 7502 7514 7564 7527 7465 7552 7493 7551 7511 7523 7493 7475
-9999 -9999 -9999 -9999 -9999 -9999 -9999 -9999 -9999 -9999 -9999 -9999 -9999 -9999 -9999 -9999 -9999 -9999 -9999 -9999 -9999 -9999 -9999 -9999 -9999 -9999 -9999 -9999 -9999 -9999 -9999 -9999 -9999 -9999 -9999 -9999 -9999 -9999 -9999 -9999 -9999 -9999 6640 6674 7094 7295 7290 7317 7337 7322 7337 7431 7584 7585 7456 7621 7664 7646 7698 7662 7665 7484 7439 7522 7658 7643 7541 7495 7397 7388 7412 7368 7338 7371 7552 7465 7465 7512 7456
-9999 -9999 -9999 -9999 -9999 -9999 -9999 -9999 -9999 -9999 -9999 -9999 -9999 -9999 -9999 -9999 -9999 -9999 -9999 -9999 -9999 -9999 -9999 -9999 -9999 -9999 -9999 -9999 -9999 -9999 -9999 -9999 -9999 -9999 -9999 -9999 -9999 -9999 -9999 -9999 -9999 -9999 6653 6624 6674 6896 7148 7092 7168 7133 7128 7260 7370 7411 7294 7387 7465 7375 7473 7459 7494 7392 7266 7316 7288 7401 7473 7388 7361 7281 7207 7162 7137 7192 7235 7242 7336 7490 7426
-9999 -9999 -9999 -9999 -9999 -9999 -9999 -9999 -9999 -9999 -9999 -9999 -9999 -9999 -9999 -9999 -9999 -9999 -9999 -9999 -9999 -9999 -9999 -9999 -9999 -9999 -9999 -9999 -9999 -9999 -9999 -9999 -9999 -9999 -9999 -9999 -9999 -9999 -9999 -9999 -9999 -9999 -9999 6631 6540 6642 6725 6904 6891 6909 7017 7035 7154 7089 7023 7140 7212 7416 7530 7444 7319 7213 7116 7089 7129 7245 7170 7221 7216 7125 7041 7025 6967 6929 6967 7033 7183 7252 7312
-9999 -9999 -9999 -9999 -9999 -9999 -9999 -9999 -9999 -9999 -9999 -9999 -9999 -9999 -9999 -9999 -9999 -9999 -9999 -9999 -9999 -9999 -9999 -9999 -9999 -9999 -9999 -9999 -9999 -9999 -9999 -9999 -9999 -9999 -9999 -9999 -9999 -9999 -9999 -9999 -9999 -9999 -9999 -9999 6512 6565 6718 6654 6749 6774 6783 6865 6915 6968 6958 6983 7106 7045 7109 7025 7009 7054 7031 7029 7004 6930 6865 6811 6951 6975 6780 6810 6804 6823 6890 6903 7045 7205 7102
