bio4.asc
NCOLS 320 
NROWS 243 
XLLCORNER 44 
YLLCORNER -0.666666666666667 
CELLSIZE 0.166666666666667 
NODATA_value -9999 
[rows 35 to 69 of 243, columns 79 to 157 of 320]
9032 8956 8885 8820 8750 8678 8612 8551 8525 8465 8396 8329 8285 8284 8283 8267 8321 8326 8387 8459 8497 8486 8539 8525 8463 8448 8478 8524 8507 8456 8394 8389 8413 8530 8630 8690 8764 8848 9057 9293 9452 9624 9718 9736 9801 9790 9722 9665 9631 9574 9577 9593 9615 9679 9780 9804 9921 9974 10104 10292 10132 9691 9482 9238 9336 9156 9090 9176 9273 9468 9828 9726 9004 8332 8397 8346 7934 7580 7608
9013 8966 8884 8806 8739 8673 8601 8535 8450 8420 8393 8324 8286 8257 8240 8240 8250 8294 8345 8454 8494 8535 8576 8547 8489 8545 8579 8546 8497 8462 8455 8472 8482 8546 8639 8744 8861 8986 9162 9303 9432 9592 9722 9775 9748 9750 9722 9679 9680 9619 9619 9638 9657 9726 9811 9926 10079 10178 10278 10001 9664 9842 9344 9476 9409 9253 9439 9442 9368 9201 9424 9109 8865 8800 8545 8271 7908 7514 7509
8986 8953 8868 8795 8727 8649 8567 8490 8435 8385 8354 8311 8265 8226 8226 8218 8242 8323 8382 8467 8526 8557 8562 8598 8591 8603 8599 8581 8563 8546 8555 8522 8531 8594 8628 8786 8885 8960 9016 9152 9314 9532 9668 9683 9736 9713 9645 9683 9647 9521 9478 9522 9668 9723 9736 9889 10016 10107 9832 9808 10105 9763 9301 9637 9520 9507 9534 9450 9411 9316 9282 9338 9249 8745 8434 8310 7815 7590 7672
8978 8897 8845 8758 8688 8610 8535 8469 8397 8341 8291 8250 8233 8244 8228 8198 8195 8208 8326 8469 8551 8570 8582 8604 8607 8619 8641 8614 8596 8634 8652 8622 8626 8617 8686 8748 8751 8808 8987 9224 9307 9421 9561 9597 9635 9669 9654 9609 9614 9553 9539 9426 9674 9704 9649 9917 10087 10121 10001 10117 9964 9907 9570 9575 9372 9648 9661 9530 9510 9456 9443 9363 8866 8857 8566 8164 7835 7796 7661
8939 8875 8801 8722 8623 8563 8506 8452 8364 8292 8254 8223 8202 8237 8229 8202 8175 8195 8233 8419 8507 8534 8554 8605 8627 8629 8668 8648 8653 8695 8724 8675 8660 8660 8702 8733 8776 8855 8946 8967 9130 9281 9451 9525 9575 9591 9577 9477 9514 9399 9275 9418 9614 9529 9733 9946 9862 9978 10086 9957 9846 10045 9931 9847 10003 10031 9855 9681 9547 9454 9365 9105 8752 8798 8478 8078 7889 7753 7743
8863 8813 8746 8656 8600 8534 8453 8403 8339 8291 8219 8169 8202 8204 8188 8156 8153 8190 8196 8338 8481 8538 8578 8632 8639 8683 8674 8653 8688 8758 8719 8700 8739 8732 8744 8770 8817 8827 8897 9053 9136 9282 9382 9452 9492 9410 9251 9250 9515 9254 9145 9375 9411 9597 9742 9890 9973 10098 9916 9980 10003 10237 10126 10239 10327 10195 9966 9689 9524 9426 9273 8984 8868 8722 8492 8219 7919 7846 7846
8801 8740 8686 8614 8563 8494 8431 8359 8294 8242 8159 8125 8115 8125 8194 8201 8164 8198 8247 8377 8472 8583 8622 8655 8652 8714 8756 8769 8804 8810 8792 8792 8792 8816 8806 8799 8813 8852 8978 9082 9193 9242 9295 9340 9312 9114 9139 9334 9366 9050 9014 9240 9527 9501 9700 9806 9955 9983 9707 10029 10362 10198 10272 10480 10507 10260 9965 9749 9585 9369 9143 9026 8866 8638 8362 8113 7980 7912 7911
8731 8685 8625 8575 8507 8442 8406 8333 8261 8206 8153 8173 8197 8163 8155 8168 8172 8189 8236 8352 8493 8573 8653 8683 8698 8708 8780 8860 8848 8859 8905 8896 8865 8847 8829 8811 8838 8843 8928 8989 9129 9151 9175 9195 9063 8988 9088 9217 9212 8979 9028 9224 9137 9326 9522 9767 9800 9760 9762 10135 10324 10378 10495 10628 10507 10239 10017 9774 9549 9237 9128 8968 8803 8586 8406 8222 8006 7844 7817
8688 8642 8554 8493 8465 8388 8348 8307 8247 8185 8132 8117 8111 8154 8154 8117 8142 8191 8218 8272 8440 8584 8669 8676 8666 8763 8900 8941 8985 9012 8982 8897 8874 8874 8854 8835 8850 8872 8906 8962 9010 9035 9112 9017 8970 8934 9006 9033 9003 8890 8945 8900 8967 9276 9558 9608 9802 9926 10037 10136 10227 10329 10352 10389 10315 10156 9932 9697 9473 9295 9116 8910 8745 8525 8343 8160 7958 7842 7769
8628 8596 8504 8444 8390 8356 8304 8264 8214 8177 8158 8137 8125 8121 8137 8131 8143 8192 8240 8234 8302 8537 8661 8712 8740 8834 8905 8980 9043 9091 8910 8889 8817 8843 8881 8866 8887 8859 8879 8868 8909 8986 8948 8907 8857 8868 8869 8879 8878 9000 8964 8970 9164 9395 9494 9607 9683 9786 9908 10002 10098 10155 10146 10197 10113 9977 9764 9568 9373 9206 9021 8845 8664 8444 8282 8100 7933 7935 7913
8545 8487 8400 8377 8351 8305 8251 8230 8188 8166 8129 8091 8111 8151 8130 8123 8144 8154 8214 8310 8360 8420 8598 8689 8744 8822 8901 9007 9070 9077 8948 8948 8931 8942 8953 8924 8908 8883 8862 8872 8854 8894 8851 8857 8833 8842 8841 8855 8923 9013 9048 9111 9140 9240 9297 9401 9511 9677 9805 9888 9958 9968 10000 9963 9863 9720 9574 9403 9211 9099 8948 8760 8588 8376 8169 8081 7988 8011 8000
8466 8428 8334 8311 8273 8236 8214 8190 8170 8133 8119 8087 8117 8113 8111 8124 8151 8163 8188 8306 8366 8437 8564 8647 8744 8828 8910 8989 9051 9043 9032 9008 9014 8997 8993 8942 8927 8921 8866 8852 8810 8808 8792 8797 8790 8814 8808 8868 8889 8940 8952 8952 8952 9038 9126 9305 9435 9542 9659 9734 9748 9789 9778 9696 9613 9506 9424 9278 9158 9013 8835 8698 8537 8371 8255 8172 8088 8092 8048
8368 8324 8258 8226 8221 8205 8157 8132 8124 8107 8087 8099 8083 8086 8098 8105 8126 8147 8148 8247 8309 8406 8554 8637 8721 8800 8898 8949 9028 9067 9065 9057 9055 9026 9014 8988 8944 8914 8874 8829 8821 8775 8737 8758 8755 8775 8791 8853 8909 8900 8893 8910 8894 8915 9034 9138 9216 9377 9483 9530 9569 9561 9543 9488 9427 9350 9261 9144 9050 8918 8781 8644 8547 8409 8284 8168 8054 8054 8048
8245 8213 8209 8204 8165 8144 8123 8103 8084 8086 8056 8068 8071 8077 8076 8096 8081 8123 8154 8244 8299 8370 8479 8566 8661 8739 8847 8953 9053 9110 9127 9107 9096 9080 9051 9011 8985 8925 8866 8829 8788 8749 8718 8696 8721 8731 8769 8825 8857 8861 8910 8907 8835 8843 8882 8998 9122 9189 9307 9327 9334 9361 9326 9305 9238 9171 9086 9006 8928 8804 8705 8613 8507 8443 8340 8176 8011 8077 8040
8169 8142 8144 8120 8095 8072 8061 8049 8039 8042 8032 8036 8053 8071 8064 8096 8089 8116 8154 8250 8309 8343 8454 8542 8628 8722 8841 8984 9079 9148 9193 9175 9149 9116 9104 9017 8963 8927 8875 8823 8778 8738 8685 8645 8701 8734 8748 8799 8818 8876 8896 8875 8682 8701 8771 8829 8915 9022 9100 9137 9150 9144 9107 9089 9015 8975 8902 8835 8761 8689 8621 8534 8504 8473 8366 8109 7960 8049 8035
8086 8079 8072 8061 8040 8023 8024 8024 8020 8009 8023 8017 8013 8026 8043 8094 8074 8102 8166 8237 8247 8355 8416 8517 8586 8661 8814 9017 9149 9251 9228 9231 9200 9165 9068 9018 8979 8946 8865 8860 8799 8746 8691 8662 8673 8712 8733 8769 8777 8785 8785 8669 8544 8589 8653 8727 8778 8870 8937 8946 8950 8923 8895 8858 8812 8764 8692 8669 8600 8552 8478 8430 8496 8558 8318 8108 8002 8000 8041
8027 7996 7986 7985 7996 7974 7972 7963 7992 7971 7980 8001 8003 8003 8034 8051 8036 8042 8140 8195 8246 8308 8433 8492 8584 8672 8876 9122 9286 9325 9302 9287 9228 9197 9117 9044 8999 8951 8908 8850 8797 8755 8713 8693 8678 8711 8693 8722 8720 8714 8667 8590 8551 8538 8586 8618 8660 8751 8752 8759 8741 8729 8681 8654 8609 8556 8521 8457 8421 8375 8359 8372 8476 8389 8195 8076 8030 7975 8038
8002 7919 7924 7897 7902 7919 7903 7926 7927 7957 7970 7961 7955 7973 8015 8036 8029 8034 8101 8179 8250 8310 8415 8510 8623 8743 8971 9263 9420 9410 9353 9299 9235 9206 9128 9042 8973 8952 8899 8857 8831 8773 8741 8714 8688 8693 8686 8668 8688 8673 8623 8564 8525 8520 8495 8511 8552 8623 8622 8587 8573 8530 8500 8444 8394 8364 8319 8288 8277 8248 8220 8265 8332 8189 8119 8024 8047 7968 8024
7977 7933 7869 7826 7835 7842 7853 7849 7884 7899 7898 7922 7952 7951 7972 7994 7983 8016 8016 8068 8188 8295 8404 8524 8619 8802 9008 9299 9460 9399 9355 9229 9166 9146 9082 9033 8992 8931 8911 8878 8838 8809 8760 8722 8681 8685 8683 8696 8650 8640 8582 8552 8523 8497 8478 8443 8491 8499 8465 8434 8411 8353 8300 8269 8242 8216 8175 8137 8099 8111 8125 8177 8130 8060 7980 8032 7987 7885 7996
7999 7938 7838 7815 7815 7777 7806 7812 7807 7841 7855 7880 7897 7920 7923 7935 7938 7936 7909 7977 8035 8265 8391 8516 8625 8789 8969 9152 9298 9308 9275 9145 9120 9093 9071 9021 8986 8947 8897 8861 8840 8810 8769 8717 8710 8689 8683 8659 8647 8597 8587 8558 8501 8454 8422 8406 8410 8382 8366 8317 8265 8200 8156 8100 8083 8037 8022 7998 7961 7945 7969 7985 7991 7959 7967 7983 7934 7782 7969
8056 7991 7830 7745 7752 7764 7773 7773 7773 7780 7832 7863 7871 7876 7888 7886 7887 7881 7869 7913 7934 8147 8345 8482 8584 8734 8880 9022 9140 9196 9196 9175 9121 9060 9027 8989 8959 8944 8915 8884 8847 8802 8756 8705 8703 8685 8651 8635 8622 8596 8578 8524 8511 8444 8420 8345 8333 8290 8289 8221 8125 8084 8015 7961 7923 7880 7846 7785 7751 7754 7797 7858 7882 7900 7904 7926 7907 7839 7970
7905 7902 7776 7725 7714 7724 7736 7731 7737 7749 7762 7868 7856 7875 7855 7849 7843 7793 7771 7831 7862 8075 8295 8428 8535 8671 8774 8908 8985 9051 9083 9102 9072 9019 8987 8976 8964 8925 8867 8864 8826 8807 8758 8726 8719 8676 8676 8640 8622 8602 8552 8537 8491 8468 8382 8306 8287 8239 8196 8068 7995 7949 7881 7817 7781 7755 7715 7629 7565 7666 7775 7803 7809 7804 7790 7787 7781 7741 7879
7842 8009 7805 7739 7660 7676 7676 7687 7712 7717 7724 7858 7844 7849 7824 7824 7743 7698 7719 7749 7774 8010 8213 8356 8471 8569 8681 8773 8872 8931 8966 9000 8987 8976 8957 8945 8940 8889 8851 8848 8803 8770 8730 8716 8716 8686 8671 8643 8611 8585 8578 8525 8496 8467 8374 8292 8251 8144 8107 7988 7830 7851 7900 7868 7745 7652 7600 7597 7619 7626 7731 7780 7752 7738 7688 7650 7687 7597 7886
7758 7967 7930 7773 7702 7628 7645 7656 7679 7668 7680 7847 7848 7840 7813 7813 7706 7630 7650 7672 7628 7837 8130 8287 8389 8496 8594 8699 8771 8819 8884 8914 8898 8913 8913 8890 8864 8802 8812 8757 8775 8756 8734 8700 8687 8684 8646 8647 8629 8583 8566 8543 8491 8454 8324 8269 8177 8060 7938 7855 7774 7883 8041 8041 7970 7863 7599 7560 7700 7770 7789 7773 7701 7676 7573 7621 7669 7583 7886
7988 7866 7950 7812 7716 7646 7607 7608 7624 7629 7642 7664 7678 7710 7733 7739 7669 7625 7559 7583 7512 7609 7955 8183 8320 8421 8521 8619 8699 8768 8832 8855 8864 8880 8847 8843 8785 8760 8720 8714 8691 8697 8706 8679 8677 8665 8640 8603 8601 8577 8546 8549 8486 8406 8261 8225 8114 8028 7905 7815 7872 7909 8133 8257 8171 8119 7777 7676 7722 7749 7611 7583 7534 7551 7623 7628 7552 7701 7939
7836 7875 7843 7808 7747 7638 7600 7582 7587 7605 7614 7610 7646 7655 7706 7693 7577 7551 7486 7461 7455 7417 7617 7919 8197 8305 8451 8550 8621 8679 8739 8752 8773 8763 8771 8727 8701 8643 8628 8619 8617 8624 8645 8642 8631 8641 8608 8608 8574 8542 8532 8502 8467 8380 8263 8175 7974 7928 7767 7728 7872 8226 8218 8322 8349 8241 8148 7803 7704 7628 7592 7601 7616 7657 7639 7627 7547 7888 7967
7883 7792 7741 7765 7729 7698 7663 7608 7589 7600 7580 7583 7598 7625 7671 7688 7566 7492 7409 7387 7358 7301 7356 7445 7816 8172 8328 8426 8489 8564 8627 8671 8669 8685 8657 8650 8592 8514 8538 8517 8536 8545 8522 8503 8527 8597 8587 8571 8554 8529 8506 8470 8416 8377 8247 8079 7873 7769 7626 7653 7887 8159 8354 8439 8418 8334 8165 7900 7733 7657 7656 7653 7604 7637 7658 7627 7636 7912 7956
7958 7800 7744 7719 7734 7752 7745 7670 7634 7603 7602 7559 7570 7598 7631 7661 7567 7457 7387 7329 7314 7278 7262 7402 7513 7800 8191 8312 8380 8437 8467 8555 8534 8557 8558 8586 8522 8457 8433 8397 8441 8427 8417 8495 8550 8598 8559 8540 8498 8468 8453 8417 8370 8293 8076 7855 7786 7605 7515 7565 7612 8008 8341 8380 8355 8287 8152 7997 7816 7670 7658 7657 7599 7643 7657 7654 7722 7908 7914
7807 7745 7786 7728 7714 7751 7775 7730 7690 7634 7592 7571 7547 7583 7583 7637 7597 7479 7397 7349 7281 7297 7297 7428 7645 7614 7975 8189 8221 8315 8360 8388 8385 8335 8486 8554 8525 8457 8494 8455 8449 8452 8477 8521 8549 8543 8516 8486 8455 8433 8394 8343 8285 8065 7937 7709 7583 7472 7406 7523 7514 8052 8258 8268 8242 8219 8134 7912 7724 7626 7628 7571 7566 7606 7631 7634 7758 7878 7880
7704 7735 7792 7691 7710 7717 7782 7795 7714 7646 7589 7555 7538 7550 7564 7596 7578 7428 7405 7361 7318 7274 7290 7405 7720 7816 7924 8071 8176 8236 8315 8311 8348 8254 8406 8508 8522 8507 8513 8495 8490 8506 8501 8505 8503 8491 8449 8422 8404 8355 8280 8226 8121 7956 7674 7596 7425 7246 7288 7359 7562 8066 8187 8164 8146 8104 8051 7952 7844 7782 7726 7610 7573 7617 7642 7625 7838 7864 7842
7505 7528 7575 7587 7676 7697 7731 7808 7702 7626 7572 7523 7498 7523 7562 7586 7598 7499 7408 7408 7336 7302 7295 7404 7626 7839 8016 8068 8167 8273 8316 8354 8428 8451 8445 8469 8498 8491 8491 8486 8488 8495 8502 8472 8474 8419 8374 8264 8231 8193 8200 8136 7955 7724 7536 7431 7223 7115 7250 7576 7681 8017 8103 8064 8043 8005 7938 7892 7783 7595 7611 7583 7653 7695 7716 7803 7860 7831 7811
7447 7466 7398 7400 7591 7700 7686 7702 7693 7600 7535 7494 7459 7489 7522 7562 7588 7498 7414 7403 7379 7291 7233 7342 7481 7669 7917 8065 8143 8233 8281 8345 8401 8422 8413 8423 8437 8445 8452 8459 8444 8435 8419 8391 8343 8270 8159 8103 8109 8173 8122 8062 7783 7550 7450 7338 7116 7179 7130 7379 7720 8006 8017 7977 7928 7910 7843 7809 7756 7710 7692 7688 7737 7717 7740 7806 7844 7822 7759
7391 7408 7288 7239 7397 7563 7647 7634 7642 7567 7473 7433 7422 7471 7492 7523 7549 7557 7408 7433 7418 7375 7291 7174 7412 7612 7845 8045 8101 8164 8240 8280 8324 8348 8350 8366 8382 8381 8386 8398 8383 8319 8250 8209 8232 8198 8173 8165 8150 8111 8061 7933 7653 7463 7406 7175 7039 7216 7196 7391 7750 7933 7918 7891 7847 7786 7760 7714 7686 7665 7654 7686 7707 7738 7771 7798 7810 7793 7748
7252 7178 7163 7111 7190 7353 7492 7566 7551 7509 7452 7402 7418 7432 7472 7488 7527 7564 7482 7469 7461 7463 7433 7453 7544 7667 7588 7853 8027 8108 8169 8195 8241 8244 8278 8301 8308 8293 8302 8321 8293 8256 8252 8240 8207 8180 8151 8097 8068 8002 7945 7772 7483 7415 7322 7132 7280 7239 7198 7380 7670 7816 7811 7798 7736 7711 7658 7607 7580 7565 7598 7607 7662 7719 7760 7794 7800 7759 7718
7006 6964 6965 6969 7058 7151 7264 7336 7378 7413 7400 7390 7421 7435 7434 7467 7494 7524 7548 7472 7450 7512 7496 7501 7573 7664 7480 7634 7827 7972 8078 8138 8158 8176 8190 8200 8210 8237 8227 8220 8231 8206 8195 8156 8122 8089 8036 7977 7951 7900 7772 7622 7408 7367 7202 7176 7199 7093 7178 7259 7494 7763 7738 7708 7675 7605 7563 7533 7490 7486 7503 7530 7593 7642 7726 7777 7801 7731 7677
