bio4.asc
NCOLS 320 
NROWS 243 
XLLCORNER 44 
YLLCORNER -0.666666666666667 
CELLSIZE 0.166666666666667 
NODATA_value -9999 
[rows 0 to 34 of 243, columns 0 to 78 of 320]
-9999.000000000000000 -9999 -9999 9791 -9999 -9999 -9999 -9999 -9999 -9999 -9999 -9999 -9999 -9999 -9999 -9999 -9999 -9999 -9999 -9999 -9999 -9999 -9999 -9999 -9999 -9999 -9999 -9999 -9999 -9999 -9999 -9999 -9999 -9999 -9999 -9999 -9999 -9999 -9999 -9999 -9999 -9999 -9999 -9999 -9999 -9999 -9999 -9999 -9999 -9999 -9999 -9999 -9999 -9999 -9999 -9999 -9999 -9999 -9999 -9999 -9999 -9999 -9999 -9999 -9999 -9999 -9999 -9999 -9999 -9999 -9999 -9999 -9999 -9999 -9999 -9999 -9999 -9999 -9999
-9999 -9999 -9999 9186 9710 -9999 -9999 -9999 -9999 -9999 -9999 -9999 -9999 -9999 -9999 -9999 -9999 -9999 -9999 -9999 -9999 -9999 7999 7973 7997 -9999 -9999 -9999 -9999 -9999 -9999 -9999 -9999 -9999 -9999 -9999 -9999 -9999 -9999 -9999 -9999 -9999 -9999 -9999 -9999 -9999 -9999 -9999 -9999 -9999 -9999 -9999 -9999 -9999 -9999 -9999 -9999 -9999 -9999 -9999 -9999 -9999 -9999 -9999 -9999 -9999 -9999 -9999 -9999 -9999 -9999 -9999 -9999 -9999 -9999 -9999 -9999 -9999 -9999
-9999 -9999 8963 9001 9225 9775 -9999 -9999 -9999 -9999 -9999 -9999 -9999 -9999 -9999 -9999 -9999 -9999 -9999 -9999 8059 8003 7979 7972 7979 8014 -9999 -9999 -9999 -9999 -9999 -9999 -9999 -9999 -9999 -9999 -9999 -9999 -9999 -9999 -9999 -9999 -9999 -9999 -9999 -9999 -9999 -9999 -9999 -9999 -9999 -9999 -9999 -9999 -9999 -9999 -9999 -9999 -9999 -9999 -9999 -9999 -9999 -9999 -9999 -9999 -9999 -9999 -9999 -9999 -9999 -9999 -9999 -9999 -9999 -9999 -9999 -9999 -9999
8735 8733 8815 9084 9562 9676 9801 -9999 -9999 -9999 -9999 -9999 -9999 -9999 -9999 -9999 -9999 -9999 8144 8080 8012 7995 7945 7963 7993 -9999 -9999 -9999 -9999 -9999 -9999 -9999 -9999 -9999 -9999 -9999 -9999 -9999 -9999 -9999 -9999 -9999 -9999 -9999 -9999 -9999 -9999 -9999 -9999 -9999 -9999 -9999 -9999 -9999 -9999 -9999 -9999 -9999 -9999 -9999 -9999 -9999 -9999 -9999 -9999 -9999 -9999 -9999 -9999 -9999 -9999 -9999 -9999 -9999 -9999 -9999 -9999 -9999 -9999
-9999 8711 8940 8892 8956 9341 9587 9676 -9999 -9999 -9999 -9999 -9999 -9999 -9999 -9999 -9999 8183 8067 8039 8014 8007 7938 7966 7949 7959 -9999 -9999 -9999 -9999 -9999 -9999 -9999 -9999 -9999 -9999 -9999 -9999 -9999 -9999 -9999 -9999 -9999 -9999 -9999 -9999 -9999 -9999 -9999 -9999 -9999 -9999 -9999 -9999 -9999 -9999 -9999 -9999 -9999 -9999 -9999 -9999 -9999 -9999 -9999 -9999 -9999 -9999 -9999 -9999 -9999 -9999 -9999 -9999 -9999 -9999 -9999 -9999 -9999
-9999 8905 8906 8897 9004 9149 9339 9201 9188 9410 9264 -9999 -9999 -9999 -9999 -9999 8274 8145 8065 7996 8002 7956 7813 7706 -9999 -9999 -9999 -9999 -9999 -9999 -9999 -9999 -9999 -9999 -9999 -9999 -9999 -9999 -9999 -9999 -9999 -9999 -9999 -9999 -9999 -9999 -9999 -9999 -9999 -9999 -9999 -9999 -9999 -9999 -9999 -9999 -9999 -9999 -9999 -9999 -9999 -9999 -9999 -9999 -9999 -9999 -9999 -9999 -9999 -9999 -9999 -9999 -9999 -9999 -9999 -9999 -9999 -9999 -9999
-9999 -9999 8822 8979 9000 9024 9127 9284 9180 8977 8737 8681 8766 8703 8473 8359 8225 8125 8120 8039 8049 7979 7873 7767 7691 -9999 -9999 -9999 -9999 -9999 -9999 -9999 -9999 -9999 -9999 -9999 -9999 -9999 -9999 -9999 -9999 -9999 -9999 -9999 -9999 -9999 -9999 -9999 -9999 -9999 -9999 -9999 -9999 -9999 -9999 -9999 -9999 -9999 -9999 -9999 -9999 -9999 -9999 -9999 -9999 -9999 -9999 -9999 -9999 -9999 -9999 -9999 -9999 -9999 -9999 -9999 -9999 -9999 -9999
-9999 -9999 8896 8884 9109 9006 9014 9101 9056 9019 8930 8623 8513 8655 8545 8423 8341 8276 8181 8142 8086 8058 7984 7869 7749 7674 7648 -9999 -9999 -9999 -9999 -9999 -9999 -9999 -9999 -9999 -9999 -9999 -9999 -9999 -9999 -9999 -9999 -9999 -9999 -9999 -9999 -9999 -9999 -9999 -9999 -9999 -9999 -9999 -9999 -9999 -9999 -9999 -9999 -9999 -9999 -9999 -9999 -9999 -9999 -9999 -9999 -9999 -9999 -9999 -9999 -9999 -9999 -9999 -9999 -9999 -9999 -9999 -9999
-9999 -9999 9128 9088 9151 8991 8981 8977 8978 8972 8948 8884 8724 8624 8472 8477 8425 8375 8284 8222 8167 8108 8008 7942 7891 7803 7694 -9999 7416 -9999 -9999 -9999 -9999 -9999 -9999 -9999 -9999 -9999 -9999 -9999 -9999 -9999 -9999 -9999 -9999 -9999 -9999 -9999 -9999 -9999 -9999 -9999 -9999 -9999 -9999 -9999 -9999 -9999 -9999 -9999 -9999 -9999 -9999 -9999 -9999 -9999 -9999 -9999 -9999 -9999 -9999 -9999 -9999 -9999 -9999 -9999 -9999 -9999 -9999
-9999 -9999 9040 9270 9215 9055 8990 8975 8960 8883 8850 8937 8912 8857 8717 8620 8532 8479 8355 8241 8175 8112 8108 8050 7981 7975 7819 7682 7468 -9999 -9999 -9999 -9999 -9999 -9999 -9999 -9999 -9999 -9999 -9999 -9999 -9999 -9999 -9999 -9999 -9999 -9999 -9999 -9999 -9999 -9999 -9999 -9999 -9999 -9999 -9999 -9999 -9999 -9999 -9999 -9999 -9999 -9999 -9999 -9999 -9999 -9999 -9999 -9999 -9999 -9999 -9999 -9999 -9999 -9999 -9999 9718 -9999 -9999
-9999 -9999 9223 9438 9304 9181 9077 8988 8966 8969 8984 8976 8981 8952 8802 8699 8613 8526 8439 8348 8259 8194 8164 8091 8057 8001 7906 7879 7528 -9999 -9999 -9999 -9999 -9999 -9999 -9999 -9999 -9999 -9999 -9999 -9999 -9999 -9999 -9999 -9999 -9999 -9999 -9999 -9999 -9999 -9999 -9999 -9999 -9999 -9999 -9999 -9999 -9999 -9999 -9999 -9999 -9999 -9999 -9999 -9999 -9999 -9999 -9999 -9999 8909 9006 -9999 -9999 -9999 9461 9530 9580 9633 9661
-9999 9254 9355 9527 9447 9280 9028 8966 8963 8980 8987 8966 8950 8833 8713 8661 8615 8559 8474 8415 8336 8274 8214 8148 8101 8017 7957 7975 7528 7159 -9999 -9999 -9999 -9999 -9999 -9999 -9999 -9999 -9999 -9999 -9999 -9999 -9999 -9999 -9999 -9999 -9999 -9999 -9999 -9999 -9999 -9999 -9999 -9999 -9999 -9999 -9999 -9999 -9999 -9999 -9999 -9999 -9999 -9999 -9999 -9999 -9999 8511 8551 8644 8746 8896 9016 9116 9256 9337 9426 9487 9538
-9999 -9999 -9999 9622 9508 9324 9041 8966 8963 8974 8976 8961 8909 8728 8648 8628 8640 8602 8518 8436 8375 8319 8256 8173 8135 8000 7978 7989 7511 7104 -9999 -9999 -9999 -9999 -9999 -9999 -9999 -9999 -9999 -9999 -9999 -9999 -9999 -9999 -9999 -9999 -9999 -9999 -9999 -9999 -9999 -9999 -9999 -9999 -9999 -9999 -9999 -9999 -9999 -9999 -9999 -9999 -9999 -9999 -9999 8278 8246 8256 8315 8453 8577 8784 8977 8968 9078 9158 9243 9312 9387
-9999 -9999 -9999 -9999 9553 9352 9027 8974 8964 8970 8982 8962 8907 8829 8755 8701 8685 8632 8561 8497 8420 8352 8232 8160 8130 7958 8015 7991 7722 7218 6959 -9999 -9999 -9999 -9999 -9999 -9999 -9999 -9999 -9999 -9999 -9999 -9999 -9999 -9999 -9999 -9999 -9999 -9999 -9999 -9999 -9999 -9999 -9999 -9999 -9999 -9999 -9999 -9999 -9999 -9999 -9999 -9999 -9999 -9999 8041 7925 7952 8032 8162 8419 8731 8829 8903 9027 9106 9153 9211 9271
-9999 -9999 -9999 -9999 9493 9444 9171 9014 9002 8997 8968 8961 8945 8896 8848 8776 8718 8651 8589 8524 8453 8331 8202 8185 8171 7949 7964 8154 7956 7400 6918 6796 6718 6609 6545 6522 -9999 -9999 -9999 -9999 -9999 -9999 -9999 -9999 -9999 -9999 -9999 -9999 -9999 -9999 -9999 -9999 -9999 -9999 -9999 -9999 -9999 -9999 -9999 -9999 -9999 -9999 -9999 7801 7768 7694 7601 7623 7727 8010 8419 8829 8982 8989 9134 9139 9148 9280 9330
-9999 -9999 -9999 -9999 -9999 9484 9400 9211 9060 8997 8995 8958 8934 8904 8844 8804 8736 8688 8631 8556 8495 8396 8255 8208 8228 8056 7775 7840 7886 7841 7038 6708 6598 6471 6432 6456 6463 6467 -9999 -9999 -9999 -9999 -9999 -9999 -9999 -9999 -9999 -9999 -9999 -9999 -9999 -9999 -9999 -9999 -9999 -9999 -9999 -9999 -9999 -9999 7504 7538 7547 7512 7509 7445 7342 7364 7637 8225 8672 8749 8785 8934 9008 9051 9094 9154 9295
-9999 -9999 -9999 -9999 -9999 9488 9403 9281 9151 9063 9028 8972 8946 8897 8859 8834 8768 8709 8660 8605 8512 8411 8276 8201 8223 8305 8126 7746 7413 7881 7554 6818 6549 6496 6477 6653 6633 6505 6472 -9999 -9999 -9999 -9999 -9999 -9999 -9999 -9999 -9999 -9999 -9999 -9999 -9999 -9999 -9999 -9999 -9999 -9999 -9999 -9999 -9999 7329 7330 7345 7333 7318 7288 7253 7505 8096 8559 8718 8713 8746 8751 8824 8933 8910 8952 9022
-9999 -9999 -9999 -9999 -9999 9484 9438 9307 9221 9135 9072 9024 8945 8894 8858 8824 8805 8777 8706 8674 8578 8468 8401 8366 8275 8304 8422 8391 7581 7071 7498 7663 6820 6636 7261 7595 7785 7407 7748 6966 -9999 -9999 -9999 -9999 -9999 -9999 -9999 -9999 -9999 -9999 -9999 -9999 -9999 -9999 -9999 -9999 -9999 -9999 -9999 -9999 7138 7173 7175 7196 7263 7390 7958 8403 8419 8756 8691 8553 8643 8629 8611 8724 8818 8902 8990
-9999 -9999 -9999 -9999 -9999 -9999 9489 9358 9299 9234 9142 9070 8989 8913 8865 8825 8825 8788 8786 8713 8679 8588 8529 8591 8509 8388 8421 8448 8392 7774 7018 6855 6746 7416 7777 8181 8290 8361 8661 8346 7228 6643 -9999 -9999 -9999 -9999 -9999 -9999 -9999 -9999 -9999 -9999 -9999 6558 6529 6551 6660 6786 6926 7037 7302 7534 7687 7940 8281 8662 8595 8753 8612 8433 8375 8404 8427 8472 8574 8688 8794 8876 8940
-9999 -9999 -9999 -9999 -9999 -9999 9458 9430 9357 9264 9165 9115 8992 8929 8884 8848 8851 8832 8781 8785 8732 8627 8548 8582 8623 8572 8540 8455 8379 8427 8271 7746 6904 7005 7424 7843 8013 8386 8820 8940 8593 8347 7951 7691 7224 7068 6842 6427 6358 6316 6356 6480 6508 6420 6337 6384 6676 7251 7961 8261 8665 8800 9110 9154 9157 8783 8421 8443 8271 8218 8220 8322 8468 8499 8597 8746 8889 9037 8998
-9999 -9999 -9999 -9999 -9999 -9999 9507 9462 9378 9295 9218 9097 9015 8964 8892 8873 8847 8829 8787 8811 8782 8714 8642 8576 8634 8559 8581 8571 8469 8374 8492 8268 7942 7979 8347 8520 8643 8484 8574 8813 9028 9103 9064 8351 8376 8690 8664 7998 7073 6496 6283 6328 6349 6297 6382 6702 7385 8077 8520 8867 8887 8902 9116 9005 8743 8430 8333 8432 8378 8342 8396 8471 8591 8547 8568 8623 8757 8876 8982
-9999 -9999 -9999 -9999 -9999 -9999 -9999 -9999 9430 9348 9244 9152 9081 8988 8927 8893 8894 8890 8871 8806 8787 8725 8655 8577 8529 8606 8585 8538 8539 8625 8352 8396 8440 8344 8254 8429 8551 8685 8921 9033 9131 9191 9205 9111 9283 9262 9177 9244 9037 8590 7475 7091 6691 6863 7348 7405 7851 8450 8727 8998 8761 8501 8278 8182 8165 8295 8474 8595 8687 8752 8605 8433 8464 8501 8503 8571 8653 8749 8837
-9999 -9999 -9999 -9999 -9999 -9999 -9999 -9999 9470 9398 9298 9214 9135 9054 8997 8967 8939 8914 8868 8833 8800 8745 8668 8613 8539 8524 8645 8627 8553 8636 8598 8389 8351 8441 8343 8475 8532 8577 8709 8985 9192 9260 9315 9329 9384 9390 9406 9422 9398 8875 9139 9216 8906 8441 8205 8455 8872 9031 9085 8974 8511 8223 8153 8145 8148 8207 8291 8402 8610 8698 8501 8443 8486 8486 8513 8590 8677 8744 8807
-9999 -9999 -9999 -9999 -9999 -9999 -9999 -9999 -9999 -9999 9336 9256 9152 9090 9054 9020 8973 8944 8906 8856 8805 8769 8706 8623 8596 8546 8602 8655 8566 8576 8675 8717 8525 8452 8514 8558 8628 8639 8692 8784 8978 9194 9364 9432 9426 9447 9473 9480 9504 9351 9533 9509 9447 9316 9178 9396 9432 9292 9142 8821 8580 8363 8269 8235 8244 8243 8296 8356 8511 8553 8580 8643 8570 8502 8587 8669 8722 8776 8834
-9999 -9999 -9999 -9999 -9999 -9999 -9999 -9999 -9999 -9999 -9999 -9999 -9999 -9999 9090 9001 8996 8948 8897 8866 8813 8784 8712 8674 8629 8591 8599 8626 8708 8747 8694 8681 8747 8851 8830 8791 8803 8834 8878 8977 8994 9088 9236 9295 9306 9411 9423 9484 9534 9579 9558 9472 9405 9488 9510 9468 9336 9290 9262 9145 8949 8577 8440 8386 8439 8398 8485 8564 8680 8590 8585 8548 8479 8528 8652 8715 8760 8804 8854
-9999 -9999 -9999 -9999 -9999 -9999 -9999 -9999 -9999 -9999 -9999 -9999 9235 9174 9106 9058 8993 8947 8917 8855 8822 8756 8688 8661 8649 8616 8634 8672 8726 8781 8856 8882 8956 9025 9078 9159 9195 9206 9306 9201 9109 9125 9091 9119 9129 9299 9363 9506 9575 9558 9531 9519 9599 9594 9490 9289 9122 9107 9182 9165 9007 8739 8643 8634 8594 8502 8568 8650 8563 8461 8415 8427 8474 8543 8650 8782 8849 8850 8876
-9999 -9999 -9999 -9999 -9999 -9999 -9999 -9999 -9999 -9999 -9999 -9999 9238 9154 9092 9079 9001 8985 8943 8860 8783 8725 8654 8647 8631 8611 8618 8647 8680 8752 8810 8928 9048 9115 9202 9254 9273 9240 9249 9284 9236 9140 9096 9130 9111 9059 9132 9267 9397 9552 9523 9604 9568 9494 9261 9104 8952 9036 9068 9094 9124 8988 9000 9030 8852 8503 8343 8449 8429 8376 8430 8472 8522 8577 8639 8725 8858 8898 8887
-9999 -9999 -9999 -9999 -9999 -9999 -9999 -9999 -9999 -9999 -9999 -9999 -9999 9113 9072 9041 8967 8955 8890 8814 8745 8688 8613 8571 8583 8582 8562 8586 8650 8693 8773 8897 9037 9134 9264 9349 9404 9381 9295 9314 9320 9391 9222 9190 9109 9089 9076 9137 9286 9169 9113 8954 8901 8872 8900 8919 8870 8852 8800 8828 8855 8777 8874 8656 8521 8443 8401 8423 8436 8462 8501 8548 8592 8614 8664 8711 8820 8835 8864
-9999 -9999 -9999 -9999 -9999 -9999 -9999 -9999 -9999 -9999 -9999 9172 9142 9070 9026 8964 8927 8888 8819 8765 8701 8655 8625 8515 8487 8488 8493 8498 8540 8626 8704 8842 8996 9166 9256 9279 9313 9274 9161 9232 9182 9154 9112 9152 9149 9136 9146 9108 9100 9043 9019 8980 8980 9014 8904 8906 8976 8992 8882 8859 8846 8631 8618 8520 8499 8494 8499 8504 8530 8542 8585 8603 8644 8673 8717 8755 8792 8819 8836
-9999 -9999 -9999 -9999 -9999 -9999 -9999 -9999 -9999 -9999 -9999 9111 9076 9012 8975 8928 8862 8804 8748 8673 8617 8553 8526 8474 8431 8397 8342 8339 8475 8541 8682 8919 9078 9202 9291 9400 9311 9188 9056 9066 9140 9100 9124 9147 9184 9213 9316 9441 9239 9152 9084 9042 9021 9150 9160 9186 9285 9123 8988 8831 8759 8663 8624 8596 8579 8596 8580 8591 8605 8617 8639 8694 8710 8737 8761 8804 8824 8835 8885
-9999 -9999 -9999 -9999 -9999 -9999 -9999 -9999 -9999 -9999 9020 9022 8996 8956 8883 8806 8760 8656 8631 8623 8533 8506 8459 8377 8272 8377 8455 8348 8398 8487 8638 8884 9116 9327 9422 9488 9527 9535 9260 9175 9149 9131 9188 9220 9255 9288 9310 9313 9418 9534 9291 9182 9199 9100 9055 9001 8936 8898 8878 8814 8748 8720 8705 8677 8677 8656 8665 8660 8677 8682 8709 8741 8760 8792 8837 8846 8865 8885 8901
-9999 -9999 -9999 -9999 -9999 -9999 -9999 -9999 -9999 -9999 8938 8953 8991 8890 8817 8693 8595 8510 8600 8541 8443 8400 8429 8260 8222 8203 8243 8436 8291 8352 8565 8885 9177 9426 9554 9527 9477 9598 9505 9390 9269 9248 9240 9287 9337 9349 9357 9374 9384 9534 9426 9399 9499 9262 9060 9016 8979 8939 8902 8867 8846 8779 8763 8744 8731 8714 8709 8730 8732 8748 8760 8804 8832 8859 8871 8890 8908 8903 8939
-9999 -9999 -9999 -9999 -9999 -9999 -9999 -9999 -9999 8830 8876 8864 8917 8859 8743 8627 8509 8387 8367 8509 8400 8338 8300 8253 8174 8149 8119 8007 8035 8298 8563 8918 9231 9567 9729 9723 9665 9593 9497 9379 9459 9473 9450 9385 9379 9410 9423 9406 9389 9389 9432 9355 9306 9181 9104 9047 9015 9003 8944 8896 8883 8849 8822 8816 8790 8775 8801 8791 8796 8818 8830 8864 8864 8925 8940 8956 8952 8962 8967
-9999 -9999 -9999 -9999 -9999 -9999 -9999 -9999 -9999 8771 8836 8832 8824 8782 8695 8641 8487 8413 8408 8392 8374 8349 8318 8292 8194 8111 8115 8067 7999 8285 8629 8968 9200 9640 9870 9817 9666 9531 9424 9381 9392 9424 9523 9487 9484 9532 9540 9510 9500 9454 9370 9315 9235 9167 9121 9084 9042 8998 8992 8943 8905 8914 8910 8859 8856 8860 8894 8850 8851 8851 8879 8907 8923 8947 9017 9034 9035 9012 9017
-9999 -9999 -9999 -9999 -9999 -9999 -9999 -9999 -9999 8704 8793 8797 8776 8736 8665 8570 8502 8459 8430 8437 8385 8337 8311 8246 8219 8277 8142 8100 8266 8381 8644 8907 9248 9565 9825 9727 9454 9296 9314 9292 9311 9291 9430 9546 9565 9650 9625 9634 9658 9600 9509 9514 9393 9267 9162 9129 9071 9042 9031 9002 8976 9030 9024 9024 8981 9021 9024 8922 8874 8906 8913 8940 8969 9001 9057 9117 9100 9083 9062
