bio4.asc
NCOLS 320 
NROWS 243 
XLLCORNER 44 
YLLCORNER -0.666666666666667 
CELLSIZE 0.166666666666667 
NODATA_value -9999 
[rows 35 to 69 of 243, columns 158 to 236 of 320]
7592 7577 7578 7731 7931 7924 7818 7836 7925 7917 7896 8010 7909 7742 7482 7361 6909 6655 6408 6814 6654 6800 7029 7431 8177 7782 7712 7773 8037 8595 9295 9421 9319 9143 9140 9040 9053 9039 9030 8985 8930 8847 8826 8822 8588 8832 8874 8910 8894 8939 8975 -9999 -9999 -9999 -9999 -9999 -9999 -9999 -9999 -9999 -9999 -9999 -9999 -9999 -9999 -9999 -9999 -9999 -9999 -9999 -9999 -9999 -9999 -9999 -9999 -9999 -9999 -9999 -9999
7513 7495 7499 7526 7700 7734 7679 7694 7572 7690 7903 7869 7817 7702 7580 7340 7160 7192 6827 6863 6628 6825 6951 7042 7825 8124 7713 7628 7641 7810 8799 9159 9191 9126 8880 8805 8911 8857 8845 8811 8755 8733 8718 8734 8624 8603 8770 8803 8827 8821 8874 -9999 -9999 -9999 -9999 -9999 -9999 -9999 -9999 -9999 -9999 -9999 -9999 -9999 -9999 -9999 -9999 -9999 -9999 -9999 -9999 -9999 -9999 -9999 -9999 -9999 -9999 -9999 -9999
7557 7510 7558 7617 7706 7707 7645 7627 7662 7890 7867 7774 7682 7637 7567 7509 7519 7396 7236 7214 7074 7049 6962 6939 7286 8052 8018 7729 7663 7681 8386 8781 8625 8847 8797 8714 8654 8632 8648 8589 8586 8592 8569 8602 8583 8621 8573 8684 8701 8761 8773 -9999 -9999 -9999 -9999 -9999 -9999 -9999 -9999 -9999 -9999 -9999 -9999 -9999 -9999 -9999 -9999 -9999 -9999 -9999 -9999 -9999 -9999 -9999 -9999 -9999 -9999 -9999 -9999
7713 7698 7661 7636 7618 7656 7693 7705 7758 7842 7811 7731 7674 7617 7573 7604 7525 7431 7367 7352 7254 7164 6990 6934 6975 7350 7372 7684 7872 7631 8264 7820 7654 8106 8420 8443 8511 8457 8439 8416 8433 8405 8434 8440 8457 8485 8510 8527 8594 8672 8686 -9999 -9999 -9999 -9999 -9999 -9999 -9999 -9999 -9999 -9999 -9999 -9999 -9999 -9999 -9999 -9999 -9999 -9999 -9999 -9999 -9999 -9999 -9999 -9999 -9999 -9999 -9999 -9999
7762 7745 7632 7628 7635 7629 7612 7670 7751 7725 7761 7741 7684 7634 7648 7568 7485 7424 7429 7380 7355 7225 7093 7052 7001 6901 6954 7020 6985 6976 7371 7609 7251 7874 8001 7994 8275 8266 8275 8234 8247 8242 8228 8259 8294 8346 8377 8434 8483 8490 8581 8591 -9999 -9999 -9999 -9999 -9999 -9999 -9999 -9999 -9999 -9999 -9999 -9999 -9999 -9999 -9999 -9999 -9999 -9999 -9999 -9999 -9999 -9999 -9999 -9999 -9999 -9999 -9999
7838 7763 7725 7724 7673 7514 7519 7646 7824 7803 7771 7700 7686 7634 7582 7495 7465 7434 7413 7393 7347 7287 7196 7142 7077 6981 6951 6809 6717 6736 6715 6698 6713 6824 7748 7891 7727 7991 8064 8111 8087 8086 8108 8119 8176 8227 8301 8312 8379 8401 8387 8531 8585 8695 -9999 -9999 -9999 -9999 -9999 -9999 -9999 -9999 -9999 -9999 -9999 -9999 -9999 -9999 -9999 -9999 -9999 -9999 -9999 -9999 -9999 -9999 -9999 -9999 -9999
7855 7803 7774 7756 7648 7814 7872 7853 7807 7782 7720 7633 7600 7547 7509 7485 7465 7448 7416 7375 7298 7315 7264 7201 7154 7067 7008 6856 6730 6544 6514 7092 6928 6979 6876 7142 7430 7723 7836 7878 7937 7965 7961 7937 8025 8081 8126 8143 8216 8297 8366 8365 8502 8560 -9999 -9999 -9999 -9999 -9999 -9999 -9999 -9999 -9999 -9999 -9999 -9999 -9999 -9999 -9999 -9999 -9999 -9999 -9999 -9999 -9999 -9999 -9999 -9999 -9999
7843 7848 7829 7817 7748 7888 7936 7911 7727 7770 7656 7531 7484 7390 7358 7363 7369 7448 7438 7403 7347 7324 7297 7282 7226 7173 7073 6888 6785 6534 6202 6133 6223 6066 5952 6408 7280 7421 7408 7683 7693 7660 7817 7877 7874 7938 7972 8007 8049 8094 8230 8247 8384 8448 8591 -9999 -9999 -9999 -9999 -9999 -9999 -9999 -9999 -9999 -9999 -9999 -9999 -9999 -9999 -9999 -9999 -9999 -9999 -9999 -9999 -9999 -9999 -9999 -9999
7842 7864 7840 7831 7827 7882 7983 7991 7864 7606 7454 7392 7512 7555 7609 7604 7590 7535 7480 7422 7400 7355 7322 7306 7260 7222 7114 6979 6876 6739 6586 6362 6123 5952 5731 5947 6798 7235 7326 7184 7280 7445 7647 7668 7745 7810 7830 7892 7963 7977 8084 8165 8244 8250 -9999 -9999 -9999 -9999 -9999 -9999 -9999 -9999 -9999 -9999 -9999 -9999 -9999 -9999 -9999 -9999 -9999 -9999 -9999 -9999 -9999 -9999 -9999 -9999 -9999
7929 7869 7778 7744 7716 7827 7935 7977 7934 7820 7625 7714 7749 7703 7660 7641 7606 7550 7490 7438 7413 7396 7353 7320 7299 7299 7189 7054 6982 6915 6831 6656 6560 6160 5501 5903 5900 6394 6979 7066 6949 7095 7483 7421 7507 7479 7673 7752 7810 -9999 -9999 8006 8078 -9999 -9999 -9999 -9999 -9999 -9999 -9999 -9999 -9999 -9999 -9999 -9999 -9999 -9999 -9999 -9999 -9999 -9999 -9999 -9999 -9999 -9999 -9999 -9999 -9999 -9999
7971 7907 7810 7764 7763 7895 7911 7913 7903 7864 7855 7799 7733 7720 7665 7642 7576 7558 7490 7481 7440 7402 7334 7366 7320 7290 7196 7109 7026 6964 6926 6844 6671 6434 6047 5654 6043 6221 6526 6888 6759 6462 7126 7265 7465 7341 7261 7488 7653 -9999 -9999 -9999 -9999 -9999 -9999 -9999 -9999 -9999 -9999 -9999 -9999 -9999 -9999 -9999 -9999 -9999 -9999 -9999 -9999 -9999 -9999 -9999 -9999 -9999 -9999 -9999 -9999 -9999 -9999
7978 7887 7856 7808 7843 7834 7869 7880 7862 7859 7823 7799 7756 7726 7690 7632 7608 7556 7536 7450 7458 7399 7369 7355 7332 7312 7224 7140 7071 7005 6934 6890 6770 6545 6426 6149 5744 5570 5676 6020 5783 6102 6558 7120 7287 7210 7081 7105 7232 7168 -9999 -9999 -9999 -9999 -9999 -9999 -9999 -9999 -9999 -9999 -9999 -9999 -9999 -9999 -9999 -9999 -9999 -9999 -9999 -9999 -9999 -9999 -9999 -9999 -9999 -9999 -9999 -9999 -9999
7981 7904 7840 7771 7816 7812 7843 7859 7872 7821 7822 7814 7750 7720 7689 7658 7613 7576 7536 7499 7484 7420 7398 7372 7319 7296 7241 7182 7111 7017 6957 6914 6775 6546 6366 6281 6029 6018 5775 5465 5496 5608 6247 6780 6982 7097 7006 7157 7242 6899 -9999 -9999 -9999 -9999 -9999 -9999 -9999 -9999 -9999 -9999 -9999 -9999 -9999 -9999 -9999 -9999 -9999 -9999 -9999 -9999 -9999 -9999 -9999 -9999 -9999 -9999 -9999 -9999 -9999
7983 7911 7853 7803 7811 7817 7814 7835 7850 7834 7801 7787 7751 7741 7681 7682 7629 7583 7545 7510 7458 7436 7408 7368 7345 7308 7237 7194 7123 7067 6992 6958 6843 6556 6330 6250 6234 5917 5718 5629 5432 5444 5647 6330 6739 6784 6898 6876 6635 6609 -9999 -9999 -9999 -9999 -9999 -9999 -9999 -9999 -9999 -9999 -9999 -9999 -9999 -9999 -9999 -9999 -9999 -9999 -9999 -9999 -9999 -9999 -9999 -9999 -9999 -9999 -9999 -9999 -9999
8021 7937 7889 7847 7827 7865 7848 7830 7846 7833 7789 7771 7748 7737 7707 7687 7641 7559 7543 7495 7463 7422 7422 7361 7345 7289 7268 7205 7149 7084 7052 6979 6905 6776 6547 6438 6155 5948 5778 5759 5331 5331 5437 5751 5636 5711 6056 6182 6211 6845 7088 -9999 -9999 -9999 -9999 -9999 -9999 -9999 -9999 -9999 -9999 -9999 -9999 -9999 -9999 -9999 -9999 -9999 -9999 -9999 -9999 -9999 -9999 -9999 -9999 -9999 -9999 -9999 -9999
8027 7985 7963 7917 7882 7871 7865 7841 7831 7833 7804 7769 7759 7735 7710 7692 7636 7577 7539 7514 7478 7435 7397 7365 7316 7305 7260 7215 7177 7122 7075 7023 6955 6872 6713 6583 6419 6200 6052 5620 5225 5251 5359 5418 5378 6025 6167 6111 6563 6676 6887 -9999 7011 -9999 -9999 -9999 -9999 -9999 -9999 -9999 -9999 -9999 -9999 -9999 -9999 -9999 -9999 -9999 -9999 -9999 -9999 -9999 -9999 -9999 -9999 -9999 -9999 -9999 -9999
8056 8036 7981 7968 7909 7904 7881 7863 7843 7817 7812 7784 7754 7738 7712 7704 7641 7577 7563 7518 7475 7466 7407 7366 7321 7268 7250 7221 7180 7152 7108 7062 7042 6972 6883 6666 6662 6420 6061 5536 5513 5360 5171 5171 5220 5392 5600 6115 6482 6614 6726 6761 6765 -9999 -9999 -9999 -9999 -9999 -9999 -9999 -9999 -9999 -9999 -9999 -9999 -9999 -9999 -9999 -9999 -9999 -9999 -9999 -9999 -9999 -9999 -9999 -9999 -9999 -9999
8041 8055 8050 7993 7963 7920 7903 7862 7852 7830 7826 7778 7763 7731 7698 7654 7624 7595 7542 7535 7473 7453 7395 7367 7345 7275 7247 7228 7196 7165 7151 7105 7096 7057 6970 6860 6711 6686 6249 5806 5373 5104 5134 5057 5135 5193 5232 5424 6018 6389 6044 6209 6567 6713 -9999 -9999 -9999 -9999 -9999 -9999 -9999 -9999 -9999 -9999 -9999 -9999 -9999 -9999 -9999 -9999 -9999 -9999 -9999 -9999 -9999 -9999 -9999 -9999 -9999
8044 8048 8066 8043 7999 7952 7921 7892 7858 7842 7817 7769 7751 7712 7687 7642 7598 7575 7544 7509 7491 7478 7419 7393 7325 7289 7233 7200 7193 7194 7159 7127 7155 7120 7005 6891 6810 6720 6514 5943 5425 5329 5041 5016 5128 5143 5082 5138 5316 5642 5833 6305 6402 6590 6526 6625 6589 -9999 -9999 -9999 -9999 -9999 -9999 -9999 -9999 -9999 -9999 -9999 -9999 -9999 -9999 -9999 -9999 -9999 -9999 -9999 -9999 -9999 -9999
7996 8062 8067 8032 8008 7957 7930 7895 7885 7847 7834 7795 7755 7717 7664 7614 7566 7555 7521 7530 7516 7494 7438 7419 7365 7322 7258 7229 7213 7192 7165 7156 7142 7101 6996 6908 6812 6724 6638 6412 5755 5432 5228 5043 5224 4983 5064 4998 5069 5070 5528 5832 6011 6241 6040 6085 6220 6144 6299 -9999 -9999 -9999 -9999 -9999 -9999 -9999 -9999 -9999 -9999 -9999 -9999 -9999 -9999 -9999 -9999 -9999 -9999 -9999 -9999
7986 8045 8032 8010 8002 7944 7929 7899 7866 7837 7820 7780 7758 7691 7653 7606 7571 7525 7549 7546 7539 7529 7494 7447 7403 7339 7280 7244 7231 7186 7153 7134 7120 7055 6964 6896 6811 6747 6730 6629 6454 6069 5793 5600 5569 5264 5046 5009 4987 4950 4973 5085 5050 5437 5456 5242 5716 6104 6204 -9999 -9999 -9999 -9999 -9999 -9999 -9999 -9999 -9999 -9999 -9999 -9999 -9999 -9999 -9999 -9999 -9999 -9999 -9999 -9999
7944 8041 8032 8018 7989 7939 7927 7889 7878 7861 7810 7782 7767 7707 7702 7655 7584 7575 7583 7580 7590 7584 7552 7474 7422 7366 7319 7267 7224 7192 7165 7113 7068 7002 6917 6851 6767 6748 6771 6696 6590 6468 6332 6211 6070 5702 5263 4870 5146 5039 4920 4950 4987 4979 4984 5175 5673 5979 5870 5913 5922 6002 -9999 -9999 -9999 -9999 -9999 -9999 -9999 -9999 -9999 -9999 -9999 -9999 -9999 -9999 -9999 -9999 -9999
7948 8029 7997 7977 7958 7939 7923 7883 7836 7824 7820 7805 7773 7726 7712 7676 7643 7610 7594 7622 7614 7625 7592 7525 7447 7385 7325 7268 7199 7189 7140 7085 7028 6959 6895 6789 6726 6723 6738 6678 6615 6506 6459 6366 6115 5890 5824 5324 5140 5184 5255 5065 4927 4985 4844 5000 5513 5671 5651 5387 5744 5564 5644 5652 -9999 -9999 5726 5631 5646 5700 -9999 -9999 -9999 -9999 -9999 -9999 -9999 -9999 -9999
7983 8002 7971 7967 7943 7893 7868 7846 7840 7798 7804 7805 7802 7783 7761 7699 7652 7641 7627 7665 7677 7675 7631 7570 7480 7422 7347 7282 7210 7164 7115 7063 7024 6937 6877 6782 6737 6697 6668 6624 6565 6509 6470 6437 6364 6239 5982 5978 5509 5254 4929 4860 4724 4720 4760 4747 4803 4838 4930 4903 5162 5067 5215 5190 -9999 -9999 5372 5238 5219 5329 5346 -9999 -9999 -9999 -9999 -9999 -9999 -9999 -9999
7965 7976 7948 7929 7899 7869 7831 7816 7791 7777 7786 7811 7806 7819 7810 7783 7705 7625 7664 7676 7743 7728 7651 7572 7482 7411 7334 7279 7216 7140 7089 7029 6983 6917 6843 6775 6715 6682 6621 6579 6545 6500 6465 6451 6450 6404 6274 6063 5410 5116 5140 4818 4730 4827 4744 4703 4749 4771 4796 4823 4887 4840 4922 5000 5402 5195 5347 5169 4987 4860 5043 5118 5256 -9999 -9999 -9999 -9999 -9999 -9999
7962 7957 7905 7890 7859 7833 7816 7776 7773 7732 7789 7802 7838 7889 7872 7850 7779 7731 7713 7709 7713 7712 7635 7554 7489 7392 7325 7248 7182 7112 7061 7006 6957 6881 6824 6774 6721 6688 6591 6547 6503 6498 6476 6474 6463 6425 6330 6209 5948 5610 5303 4958 4771 4923 4766 4613 4683 4787 4802 4839 4913 4844 4813 4811 5003 4878 4915 4998 4758 4782 4722 4892 5041 5032 -9999 -9999 -9999 -9999 -9999
7927 7914 7868 7852 7807 7795 7753 7747 7689 7718 7748 7808 7841 7905 7929 7910 7836 7770 7747 7719 7703 7650 7591 7530 7438 7378 7289 7224 7158 7105 7045 6998 6921 6869 6822 6759 6722 6650 6597 6526 6496 6471 6458 6471 6436 6404 6338 6211 6127 5921 5766 5524 5268 4906 4682 4626 4557 4746 4865 4826 4944 4870 4767 4778 4770 4803 4747 4752 4816 4725 4665 4675 4686 4779 4906 4951 5120 -9999 -9999
7873 7855 7818 7785 7793 7743 7703 7697 7639 7663 7729 7787 7859 7889 7949 7945 7896 7805 7733 7684 7660 7604 7555 7497 7415 7346 7264 7197 7139 7085 7015 6959 6909 6854 6808 6763 6710 6638 6617 6564 6535 6508 6482 6448 6416 6358 6316 6222 6132 6088 5975 5793 5660 5274 4666 4514 4525 4714 4756 4968 4924 4833 4861 4878 4762 4767 4825 4672 4779 4640 4568 4541 4729 4932 4928 4835 4858 4994 -9999
7832 7830 7766 7757 7727 7685 7678 7645 7645 7638 7680 7742 7798 7873 7938 7937 7872 7813 7722 7653 7623 7560 7504 7432 7350 7290 7213 7164 7122 7040 7000 6935 6879 6830 6793 6753 6707 6667 6624 6580 6567 6534 6485 6434 6386 6354 6327 6235 6180 6095 6010 5943 5841 5722 5460 5143 4737 4797 4855 5021 4835 4794 4867 5009 4963 4983 4753 4755 4693 4619 4590 4572 4530 4733 4791 4786 4861 4940 5077
7816 7769 7742 7699 7662 7650 7612 7617 7586 7611 7651 7705 7762 7828 7871 7875 7805 7758 7676 7589 7554 7487 7403 7351 7308 7240 7164 7119 7055 6995 6973 6912 6864 6814 6788 6746 6721 6678 6639 6632 6595 6573 6529 6458 6409 6363 6351 6264 6210 6134 6066 5985 5915 5843 5749 5657 5503 5346 5350 5209 5108 4961 4903 4815 5040 5007 4957 4877 4686 4502 4496 4512 4507 4557 4647 4606 4779 4863 4891
7776 7745 7688 7637 7643 7575 7585 7570 7571 7565 7613 7657 7703 7741 7760 7753 7719 7648 7591 7500 7447 7396 7335 7292 7234 7160 7093 7052 7006 6945 6904 6874 6820 6799 6762 6753 6707 6693 6680 6667 6649 6602 6540 6496 6443 6408 6359 6294 6230 6171 6112 6066 5998 5904 5839 5766 5702 5626 5563 5499 5393 5182 5064 5071 5105 5058 5068 5079 4960 4657 4621 4725 4608 4625 4531 4576 4610 4718 4807
7727 7660 7610 7578 7542 7546 7542 7492 7501 7532 7554 7582 7615 7641 7635 7621 7594 7560 7473 7427 7371 7320 7264 7219 7125 7103 7044 6996 6952 6913 6843 6820 6773 6778 6746 6723 6710 6703 6694 6695 6692 6684 6592 6544 6476 6419 6373 6343 6272 6208 6161 6121 6030 5973 5904 5823 5756 5680 5610 5569 5510 5451 5394 5301 5196 5241 5263 5157 5001 4863 4888 4888 4773 4598 4564 4560 4662 4806 4886
7689 7616 7559 7517 7491 7474 7470 7456 7445 7450 7461 7488 7515 7522 7520 7503 7462 7421 7356 7310 7295 7223 7163 7120 7064 7015 6969 6909 6847 6825 6810 6752 6735 6712 6701 6707 6689 6693 6701 6719 6735 6712 6643 6574 6510 6449 6406 6363 6314 6248 6206 6156 6111 6055 5985 5917 5817 5740 5661 5618 5560 5504 5463 5407 5361 5311 5365 5497 5191 4956 5110 4971 4816 4825 4737 4561 4487 4567 4614
7651 7588 7510 7452 7426 7402 7401 7376 7377 7365 7379 7388 7401 7416 7403 7372 7331 7294 7250 7211 7178 7118 7087 7018 6971 6925 6869 6822 6768 6750 6710 6681 6683 6653 6643 6644 6663 6692 6701 6703 6689 6669 6687 6603 6550 6496 6483 6397 6350 6304 6244 6207 6195 6132 6061 5984 5881 5791 5722 5655 5609 5558 5542 5492 5469 5425 5429 5485 5495 5161 4825 4774 4769 4811 4762 4653 4708 4661 4634
7586 7499 7436 7404 7342 7318 7301 7301 7274 7294 7307 7305 7311 7292 7271 7261 7214 7188 7124 7115 7071 7021 6968 6918 6869 6812 6809 6750 6703 6667 6631 6604 6596 6572 6596 6590 6621 6633 6660 6659 6674 6713 6676 6617 6555 6529 6487 6448 6401 6356 6303 6263 6232 6184 6132 6042 5953 5870 5779 5719 5649 5629 5584 5572 5565 5564 5555 5555 5515 5431 5125 4942 4868 4967 4998 4892 4859 4796 4629
