v_species_niche1.asc
NCOLS 320 
NROWS 243 
XLLCORNER 44 
YLLCORNER -0.666666666666667 
CELLSIZE 0.166666666666667 
NODATA_value -9999 
[rows 81 to 107 of 243, columns 122 to 182 of 320]
0.00844665542151787 0.0101569485239936 0.0118974079244005 0.012184571922087 0.0123786170784217 0.0156779937154038 0.0169204094813727 0.0192386361184797 0.0225046185022341 0.0217479729374215 0.0235413407136785 0.033756417753888 0.0357574291131536 0.0282917588326145 0.0179030404311577 0.0245388617539398 0.0285871711188018 0.0288921679994767 0.0285871711188018 0.0309251743133805 0.030233725959827 0.0303735011294902 0.0297032971533729 0.0280099010027508 0.0267586572075779 0.0268098821076845 0.0271606858589957 0.0274744932179219 0.0281109183685203 0.0281109183685203 0.0281109183685203 0.0274322836415262 0.0274322836415262 0.0281109183685203 0.0290878498166273 0.0297032971533729 0.0317679542885191 0.0346971674837973 0.0373322683138318 0.0418025797825431 0.0447619323966318 0.0479451694526175 0.0521289551236319 0.0542346799287432 0.0554875158001701 0.0554875158001701 0.0588303603957801 0.0632895706499938 0.0756994242634619 0.0968591687449364 0.125118095452244 0.169500869213737 0.193786697143833 0.195636443148611 0.197345905583174 0.194955349400679 0.18393051582676 0.168925544864033 0.186106772537421 0.201375345039212 0.192839464941975
0.0125124050338719 0.0123500245992239 0.0119862247740793 0.0124506216689363 0.0147806745656061 0.017169259645607 0.018718653778315 0.0166974840922048 0.0210575266104767 0.0243652528763039 0.0256426775419141 0.0341366147616573 0.0385255075203596 0.0371725488566947 0.0272790921895392 0.0299797020673619 0.0307509397546383 0.0297776482964606 0.0290685854981338 0.0297776482964606 0.0312605855027407 0.0315022211143363 0.0307767044541448 0.0300919608567738 0.0287592097452785 0.0297925408434354 0.0297925408434354 0.0308186662939755 0.0311669442783 0.0315183701404919 0.0314738818699063 0.0300397214708938 0.0307217402338399 0.0307217402338399 0.0321836337566768 0.0336414203042981 0.0358491750245015 0.038654301206621 0.043274262334134 0.0487409995075343 0.0551783438591129 0.0629141157905028 0.0649307004940453 0.0674185737521381 0.0657277068935984 0.0632769140015709 0.0622126313137622 0.065259429874608 0.0821098557485643 0.109898592574928 0.148199309693419 0.185166987838607 0.214639108987128 0.230156164569466 0.227322691139902 0.221920798546265 0.203755461141858 0.19835494055374 0.21437365737182 0.232042502405744 0.218136399936889
0.0124506216689363 0.0124774193026581 0.0139441219644383 0.0153138562362281 0.017169259645607 0.0187605836577034 0.0187493306837386 0.0214842595899212 0.0245219970843785 0.0250420911446628 0.0254145172215791 0.0355968821836586 0.0389452983408763 0.0410553253108962 0.0375306545951516 0.0301160440574549 0.0351410708077728 0.0345210939111446 0.0327325683059977 0.0327374785595034 0.0332738084645747 0.033611156646713 0.0329061001313841 0.032264193498788 0.0312137297750678 0.0315672614952211 0.0326263601407571 0.0344861589923468 0.0352532616801858 0.0355968821836586 0.0343897328068264 0.0343197350606521 0.0343197350606521 0.0350778737747118 0.0362398033527703 0.0383309649898107 0.0403325185268928 0.0429552147249347 0.0476154864976053 0.0551114806611891 0.0660604713364357 0.0805725527496508 0.0875542021664141 0.0823164161439672 0.0780009148067121 0.0699624069985271 0.0642998986419595 0.0719499367976095 0.0962280172535959 0.128814135447543 0.167345084543258 0.203416999112228 0.236647230870364 0.260856527968644 0.259292833660892 0.243461313940256 0.227866072468346 0.222009584621714 0.207588562306657 0.205073931361713 0.20750813732211
0.0144157384103007 0.0139441219644383 0.0152985500343684 0.016627501724863 0.0184148619803678 0.0196574825053923 0.0208001054189254 0.0208605132736938 0.0225914282850715 0.0251927953520405 0.0293346835513968 0.0332721448157431 0.0376966245103899 0.041970124968652 0.0388368894867876 0.034468920222902 0.0323287864572129 0.0353454812356685 0.0355208751094906 0.0355208751094906 0.035757876083811 0.0360306712506291 0.0358491750245015 0.0344861589923468 0.034139601846132 0.0345210939111447 0.0360806985053715 0.0401880848494934 0.041445137094837 0.0418862686030324 0.0387437927128346 0.0379215880290058 0.0369335574922719 0.0385486297608503 0.0403325185268928 0.0429552147249347 0.0457073014786566 0.0481018460076162 0.0526495691316435 0.0586343413566838 0.0720651488415422 0.0972473813274646 0.11518857349283 0.100616932127759 0.0892972377284611 0.0783556481502901 0.0775604827766346 0.0940400311498268 0.130754373917838 0.155231966291249 0.18857966713292 0.225556471360874 0.263132591390834 0.286448296789809 0.290602994292678 0.276485410571983 0.256353680361923 0.219723635613342 0.19555820422018 0.21470351037955 0.226525620861448
0.0165478809592929 0.0147636865598312 0.0154579054935907 0.017169259645607 0.0180682825336866 0.0175992811051573 0.0192547552251627 0.0225046185022341 0.0243847528775655 0.0256609544600416 0.028724719391935 -9999 -9999 0.0333833761130435 0.0342353266835333 0.0354516768932151 0.0340615967592415 0.0370236928464947 0.0377569873870304 0.0376043808249951 0.0388601986125181 0.0399396895445642 0.0384024229366605 0.0376923838786726 0.0372022987941684 0.0376570638276471 0.0415364167672692 0.0480850133074079 0.0521048510563825 0.0484512459840907 0.0454639886756999 0.0407607885733106 0.0406442776518325 0.043274262334134 0.0461787878364263 0.0505902087655371 0.0531740531651112 0.0553109309252124 0.0586343413566838 0.0626935176111464 0.0703843230848132 0.0913200669604513 0.104873834858293 0.105121892195499 0.0993372428796874 0.0927697442563597 0.0983291530008209 0.135384726987796 0.183783430256171 0.179526091679695 0.21036793202385 0.249565287650794 0.28226830503731 0.305063684030589 0.313957634525447 0.309592852408121 0.282017903048907 0.209258547104303 0.20624361247396 0.226947917972411 0.251029523297002
0.0168838586307205 0.0167292394700359 0.0181606661525952 0.01860365477901 0.018633677371551 0.0189190727778951 0.0210996838068416 0.0226318465762169 0.024967077448034 -9999 -9999 -9999 -9999 -9999 0.0293079278617961 0.0335595191998281 0.0372842339471366 0.0385847860468619 0.0404982213114394 0.0408444338970494 0.0416924707484855 0.0415068326109297 0.0419370865058413 0.041515134807644 0.0417942201025825 0.0436987962043975 0.047132277092713 0.0527503577810329 0.0564332235390615 0.0552225041959798 0.0493491506460633 0.0430654286139035 0.0429552147249347 0.0481018460076162 0.0542346799287432 0.059773986318299 0.0638896933477588 0.0644938941456342 0.0675763489962612 0.0714114381655351 0.0716877982222266 0.0865617519760145 0.099162315189422 0.10445648308988 0.107245495283996 0.108132578710074 0.120513051095462 0.154679936298597 0.182848520807375 0.203579797822319 0.226208706883789 0.274176087453061 0.304130855620824 0.319680019005554 0.326313330055614 0.325096010267936 0.249665133733739 0.212907554467401 0.226797614770187 0.246869055138054 0.27317716886928
0.0166418491315304 -9999 -9999 -9999 -9999 -9999 -9999 -9999 -9999 -9999 -9999 -9999 -9999 -9999 0.031398435125726 0.0362615537592514 0.0404253900808508 0.0416674627691804 0.0425453495345834 0.0436611222419029 0.0456753175632979 0.0454020861717864 0.0446708228087857 0.0461574350852563 0.0465613386885638 0.0475964441117374 0.052779378457767 0.0565801408299779 0.0605372001695621 0.0616159370185874 0.0552225041959798 0.0498519720304369 0.0487312522823878 0.0542346799287432 0.0632895706499938 0.0740512969377333 0.0781365592031334 0.0788321221195648 0.0816564290063016 0.0834508682854237 0.087319216151984 0.0972923686438435 0.108627060779882 0.117255821323919 0.121987740857776 0.127813293548721 0.138569299087189 0.155501916283824 0.183932814972577 0.223890715352214 0.262895878595318 0.307944802703634 0.329563995433215 0.329037114657544 0.330880755410486 0.278873438906544 0.206491253363746 0.240740732322662 0.256276785792576 0.271760334552981 0.290341569256726
-9999 -9999 -9999 -9999 -9999 -9999 -9999 -9999 -9999 -9999 -9999 -9999 -9999 -9999 0.0371906748921245 0.0403471417151515 0.0444924964081203 0.0452253628701513 0.0466918931278111 0.0467736754794709 0.048291620399418 0.0490858376803461 0.0495296041732676 0.0491349480691284 0.0506693177545362 0.0522457242474622 0.0560563847609465 0.0576459824075512 0.0604351297903802 0.062813533692374 0.0597261862518203 0.0561910816559923 0.0599768140424534 0.0644938941456342 0.0760750653582638 0.0890119432822951 0.0928474714608981 0.0936271639866187 0.0964447740523708 0.10134778877124 0.108047457825087 0.11677605664615 0.12656684086585 0.133796575729569 0.143059131947709 0.154401762844475 0.165978465645099 0.17826265541807 0.211530787424627 0.256356884802955 0.311179698785741 0.336890534758844 0.339358833993494 0.328408432544657 0.237536323993828 0.146900877250073 0.2110844002986 0.257072476511932 0.271991429038593 0.282342410193258 0.282229495813562
-9999 -9999 -9999 -9999 -9999 -9999 -9999 -9999 -9999 -9999 -9999 -9999 -9999 -9999 0.0421214897116025 0.0467707522161064 0.0463082696322877 0.0494498020442962 0.0489657245766628 0.0504285788432872 0.0507301574323476 0.0522875375499511 0.053162754879299 0.053772277965393 0.0554653252322595 0.0571437803994201 0.0599505799254414 0.0605372001695621 0.0622126313137622 0.0634186546098206 0.0638833046978619 0.0649307004940453 0.0697388851218731 0.0753962888956469 0.0860192023881 0.0975883434978434 0.104980073390267 0.108063666159356 0.117044950686045 0.122151008622152 0.129764407314191 0.139596770333248 0.149419540140388 0.163681187127662 0.176224377442594 0.188926500827146 0.210725861662282 0.222732289531082 0.27049620129386 0.302613996650267 0.34290658218062 0.306286382533452 0.310771543341687 0.253067956369655 0.152697380100842 0.18173881154147 0.227368160224886 0.249325196623772 0.277510301470031 0.285237040294345 0.276900449889509
-9999 -9999 -9999 -9999 -9999 -9999 -9999 -9999 -9999 -9999 -9999 -9999 -9999 -9999 -9999 -9999 -9999 -9999 0.0492899671824682 0.0505143803379274 0.0526495691316435 0.056585799126971 0.0574417019822962 0.0586952060539435 0.0598509948893136 0.0610234401375134 0.0640280043044455 0.0622126313137622 0.0632769140015709 0.0651086918010951 0.0686877282316432 0.0730081117553987 0.0784585574579473 0.0863974407923149 0.0940623683096576 0.105504969377598 0.116526714404525 0.122947576218303 0.133694594725774 0.145958240221062 0.155488310461412 0.16819441709282 0.182057132911629 0.203643426450594 0.220028713756775 0.238548001663064 0.267670850231219 0.285522420000711 0.312110738183491 0.329131726427798 0.271502284828182 0.247477719296503 0.214931754092328 0.153094909853842 0.0997403745038579 0.15782045954396 0.22758426260948 0.264477995471169 0.284226244026222 0.286280057840475 0.266339165514939
-9999 -9999 -9999 -9999 -9999 -9999 -9999 -9999 -9999 -9999 -9999 -9999 -9999 -9999 -9999 -9999 -9999 0.0461851378563076 0.0492899671824682 0.0520352074026701 0.0551114806611891 0.0580705154042004 0.0599768140424534 0.0619147262276404 0.0644938941456342 0.0657277068935984 0.0669784251543413 0.0626747123767893 0.0657277068935984 0.0701796269772325 0.0759714836627674 0.0815941897109312 0.0863974407923149 0.0932767196155416 0.105136347449452 0.113835913346038 0.126350280633491 0.136226719775581 0.151223375991199 0.162645104632773 0.179714693074363 0.202422693853899 0.22469817448186 0.250024285441927 0.266975809964504 0.292706545200563 0.314649101656356 0.333542587185944 0.337214947997375 0.345591711913995 0.0264500501653208 0.235137524805328 0.153779622517921 0.120580858755819 0.126718812239476 0.135710040552693 0.226279408151187 0.266219339853253 0.273013311730016 0.242589461297247 0.218452927143565
-9999 -9999 -9999 -9999 -9999 -9999 -9999 -9999 -9999 -9999 -9999 -9999 -9999 -9999 -9999 -9999 -9999 -9999 0.0510169563497485 0.0528130360387478 0.0581700463608876 0.0612749157774368 0.0644938941456342 0.0671989790638857 0.0697388851218731 0.0725967790331512 0.0725967790331512 0.0719346490604196 0.0739338337649068 0.0787484074710953 0.0830429592241829 0.0882497228158859 0.0936681348325819 0.0984804503535952 0.108154207388612 0.12121557293114 0.134232121979976 0.152287556838498 0.175766789183754 0.191283774328658 0.2114039070201 0.234758671079486 0.265166532970268 0.294199484192731 0.311985918853748 0.333392526787832 0.350223161263975 0.363564984318675 0.350573559595205 0.315929963621099 0.234570939245368 0.087230850188448 0.156078339098679 0.103293097599251 0.12799235747519 0.123428007998579 0.260097888635736 0.310274706447848 0.297487008436751 0.221843139857836 0.17791760589786
-9999 -9999 -9999 -9999 -9999 -9999 -9999 -9999 -9999 -9999 -9999 -9999 -9999 -9999 -9999 -9999 -9999 -9999 0.0530512302359132 0.0559779607319107 0.0595830152787057 0.0627633029603918 0.0672973294719724 0.0727230255816498 0.0795318885372655 0.0856543965394875 0.0871447522417449 0.0897762581874732 0.0913200669604513 0.0928811347704089 0.0944594417849921 0.0980480882661757 0.10134778877124 0.108561904092375 0.114784683375709 0.127377874041564 0.144916549334314 0.166443856592175 0.191839302400583 0.208045759876656 0.236221648993394 0.263834115404836 0.297215675356098 0.323215910966898 0.332726408075009 0.347497703000326 0.36622871950845 0.379771803378262 0.361209475617231 0.260201948601797 0.124184772201841 0.120875133100194 0.16792552119955 0.0954171235906644 0.0823812658529018 0.148676165515371 0.292147278901731 0.339664394425657 0.325893471984799 0.235393375957402 0.207900178804062
-9999 -9999 -9999 -9999 -9999 -9999 -9999 -9999 -9999 -9999 -9999 -9999 -9999 -9999 -9999 -9999 -9999 -9999 0.0548263301039705 0.0589518232295861 0.0621356907992737 0.0672729386111494 0.0733731492683799 0.0819878081335561 0.0916116140802629 0.10165355932056 0.112410579299491 0.115961478598983 0.115067688966145 0.112947211524593 0.112947211524593 0.114333607323681 0.111659945848239 0.113882880346571 0.120284293686737 0.132253502578338 0.152287556838498 0.176570557361263 0.20080977259036 0.229972113268148 0.257561378527142 0.289906383373851 0.323131077925093 0.354451156434345 0.358976904989015 0.362679873836032 0.377047266496701 0.384106767732671 0.369414956254815 0.312266832572929 0.196285563378374 0.175275330537231 0.169621681617359 0.0964242817152723 0.158597659987066 0.267179456650033 0.323842748847502 0.35327897946858 0.355569437945815 0.312974136117041 0.306914913641916
-9999 -9999 -9999 -9999 -9999 -9999 -9999 -9999 -9999 -9999 -9999 -9999 -9999 -9999 -9999 -9999 -9999 -9999 -9999 0.0635305285485183 0.0677387270095267 0.0745388566293395 0.0811192711456816 0.0926445896000145 0.106929587266334 0.123687479164745 0.140718023528685 0.147609541577648 0.141559561084661 0.135384726987796 0.128606590032596 0.126350280633491 0.122329785170747 0.11270322708293 0.11935718534016 0.140691641372678 0.163525763837642 0.190436833120668 0.220359004483525 0.248730642747943 0.280878040321631 0.308387791679564 0.339426712547922 0.366338604606244 0.377499994799151 0.382975322470155 0.39414566729292 0.386162418743812 0.379771803378262 0.356156611803643 0.264679736846841 0.176711870324801 0.143526624548331 0.137133932108313 0.170984097467488 0.266788992291342 0.351697191838666 0.350223161263975 0.375499843682314 0.372098295621964 0.301666033131186
-9999 -9999 -9999 -9999 -9999 -9999 -9999 -9999 -9999 -9999 -9999 -9999 -9999 -9999 -9999 -9999 -9999 -9999 -9999 -9999 -9999 -9999 0.0928625604009537 0.103977086724642 0.119291556937688 -9999 0.169280661249948 0.17422029382598 0.169636524163853 0.156907750294057 0.13735523895453 0.117431837034685 0.101774344624334 0.0988665098520254 0.115690735197385 0.144361497762606 0.169043834141855 0.204653960419715 0.237497727477231 0.26611287341202 0.296592177339903 0.322098711143536 0.343958343275695 0.354451156434345 0.365465014450961 0.384890183105314 0.399322976719582 0.395661107181695 0.392042618644245 0.370279473726218 0.312673043435126 0.207318872512006 0.157838215344404 0.187002232430061 0.193285922221925 0.21208148306604 0.310107978605254 0.365022156657732 0.375913120771091 0.320620459657343 0.198973282101057
-9999 -9999 -9999 -9999 -9999 -9999 -9999 -9999 -9999 -9999 -9999 -9999 -9999 -9999 -9999 -9999 -9999 -9999 -9999 -9999 -9999 -9999 -9999 -9999 0.135011242792055 0.158373798931425 0.17365282630211 0.185129958144132 0.190675028002856 0.185995141966419 0.150679950590252 0.104289486349954 0.0708326855807359 0.0848021210538049 0.11935718534016 0.154170333815374 0.192012035490975 0.229512628679362 0.260358116616677 0.287912914704561 0.311865047730485 0.334306439176765 0.352172303675982 0.363769547150257 0.37059897753852 0.391450102386921 0.403316073048355 0.400718046840435 0.388918789671386 0.368174884503436 0.332992695702317 0.272209109242297 0.210728495752016 0.210728495752016 0.219185971613434 0.250574944372623 0.318447636503003 0.357865799686578 0.347762771043213 0.230251123571299 0.0967877614426663
-9999 -9999 -9999 -9999 -9999 -9999 -9999 -9999 -9999 -9999 -9999 -9999 -9999 -9999 -9999 -9999 -9999 -9999 -9999 -9999 -9999 -9999 -9999 -9999 -9999 0.163452193798416 0.183232906164433 0.197345905583174 0.207796254697852 0.209049393151606 0.179514871649595 0.131152144136301 0.106353723726002 0.115961478598983 0.144092874705897 0.182903383592623 0.222732289531082 0.25294461580763 0.281310222463511 0.303982627962136 0.324328877476096 0.345004705100904 0.361900949750725 0.375237085767736 0.384356518291836 0.399382879658698 0.40568238679497 0.390848710293143 0.360167987628301 0.345695404980752 0.341640172129908 0.320524287945924 0.269739871286384 0.253704589044929 0.252830816337318 0.253980642862572 0.27330012625861 0.315377569670444 0.321603864885694 0.216948078410254 0.0992627678791438
-9999 -9999 -9999 -9999 -9999 -9999 -9999 -9999 -9999 -9999 -9999 -9999 -9999 -9999 -9999 -9999 -9999 -9999 -9999 -9999 -9999 -9999 -9999 -9999 -9999 -9999 0.185352247440808 0.199468844240163 0.216354995198627 0.209486239559612 0.192091256793885 0.174673855965202 0.173776598029292 0.172116324750827 0.181584399186209 0.212694753331236 0.244266063382529 0.269392804674177 0.292585828650168 0.318722416071142 0.339426712547922 0.356138804418241 0.374398431382811 0.386162418743812 0.391685042923466 0.401967224785937 0.408241150485741 0.379615179815199 0.329559875909019 0.304070035531911 0.337214947997376 0.315941811216876 0.25986715416314 0.236644272798466 0.251368642007079 0.249075996048203 0.205996268575013 0.180649385306605 0.213547236173602 0.173774425835393 0.0719319515616582
-9999 -9999 -9999 -9999 -9999 -9999 -9999 -9999 -9999 -9999 -9999 -9999 -9999 -9999 -9999 -9999 -9999 -9999 -9999 -9999 -9999 -9999 -9999 -9999 -9999 -9999 -9999 0.200531342236617 0.212155724576619 0.212588432536983 0.208524815827532 0.199371626877254 0.196432832770026 0.192812951338398 0.199401534864328 0.223580282397328 -9999 0.278821155038515 0.313017173019476 0.337902723887672 0.353526361327757 0.362475923773332 0.379311609115817 0.382956174182743 0.368916582541818 0.404826287326303 0.402364363475368 0.371429121127566 0.337902723887672 0.293464904089971 0.296996559604388 0.27367959337823 0.223837547621236 0.195462892829662 0.207176389771209 0.186218470106864 0.139041236543127 0.125118095452244 0.13787128808799 0.12656684086585 0.0892693367014334
-9999 -9999 -9999 -9999 -9999 -9999 -9999 -9999 -9999 -9999 -9999 -9999 -9999 -9999 -9999 -9999 -9999 -9999 -9999 -9999 -9999 -9999 -9999 -9999 -9999 -9999 -9999 -9999 -9999 0.215448209801102 0.217621660966861 0.21437365737182 0.212036420538951 0.209046780050523 -9999 -9999 0.260358116616677 0.294983834021756 0.336318307380837 0.358568800912787 0.36771954988027 0.36771954988027 0.36983540485236 0.371935538223406 0.370724075802584 0.403129582493835 0.397232024643657 0.323215910966898 0.329827752118169 0.314165700372522 0.246108022379192 0.217926544661003 0.233684182169245 0.211943674894555 0.190675028002856 0.155231966291249 0.117431837034685 0.122329785170747 0.140633618038747 0.174820206595345 0.182713719737284
-9999 -9999 -9999 -9999 -9999 -9999 -9999 -9999 -9999 -9999 -9999 -9999 -9999 -9999 -9999 -9999 -9999 -9999 -9999 -9999 -9999 -9999 -9999 -9999 -9999 -9999 -9999 -9999 -9999 -9999 -9999 -9999 -9999 -9999 -9999 -9999 0.273351374836687 0.299303483888242 0.34767149529628 0.373725120368029 0.371415192796682 0.368032244374001 0.361738130960312 0.352753867635371 0.374773017075825 0.407613961991575 0.393613929645744 0.300837591169863 0.322098711143536 0.286964368048824 0.184243463633933 0.147003743863264 0.224016689306453 0.232585536178583 0.180306477340249 0.124456723729572 0.0763828393352683 0.0788321221195648 0.12560700878581 0.189117885781517 0.20900497487517
-9999 -9999 -9999 -9999 -9999 -9999 -9999 -9999 -9999 -9999 -9999 -9999 -9999 -9999 -9999 -9999 -9999 -9999 -9999 -9999 -9999 -9999 -9999 -9999 -9999 -9999 -9999 -9999 -9999 -9999 -9999 -9999 -9999 -9999 -9999 0.300352881456335 0.309302745118029 0.306634981521671 0.362838580995495 0.379297385197175 0.378236837977622 0.369724470871833 0.361643187162854 0.359017292162562 0.381293932821155 0.404300355082805 0.401560438940927 0.37546698888341 0.357293672231098 0.284535508198516 0.175433149342524 0.141814597758761 0.1976940344402 0.197506314288672 0.142304703066561 0.0799435335563017 0.0394864689468111 0.0413685344704868 0.0775498189434081 0.122579286200892 0.16541509713109
-9999 -9999 -9999 -9999 -9999 -9999 -9999 -9999 -9999 -9999 -9999 -9999 -9999 -9999 -9999 -9999 -9999 -9999 -9999 -9999 -9999 -9999 -9999 -9999 -9999 -9999 -9999 -9999 -9999 -9999 -9999 -9999 0.297710207382221 0.305628574208348 0.307894765738808 0.316625774652556 0.325075692402235 0.347901903976361 0.377457528438514 0.369650533371655 0.361376573638143 0.360956717459975 0.361534710479021 0.36622871950845 0.378743068214421 0.404123512364622 0.40908401676568 0.403129582493835 0.383953155750023 0.317588987582118 0.223938297184617 0.184612319293909 0.165723469832432 0.143331202683761 0.0845343579695166 0.0344861589923468 0.0187946180499336 0.0236442641510584 0.0502322903970641 0.107395744127043 0.16709634377681
-9999 -9999 -9999 -9999 -9999 -9999 -9999 -9999 -9999 -9999 -9999 -9999 -9999 -9999 -9999 -9999 -9999 -9999 -9999 -9999 -9999 -9999 -9999 -9999 -9999 -9999 -9999 -9999 0.207090947134183 0.216644563610413 0.235702532603014 0.284307970819044 0.314417133492658 0.33002570815031 0.323680867946676 0.319180909007089 0.32719965650019 0.358474688955283 0.358658454319224 0.347845374510109 0.342700899942154 0.34632254607721 0.362172477273131 0.373370250093749 0.385819851633817 0.401520284904768 0.407833113387808 -9999 0.399997403130036 -9999 0.26132649256023 -9999 0.0686594003867673 0.0661059035260052 0.048130715775285 0.0217056057116639 0.0165323745906396 0.0183232465122268 0.0408602641821042 0.0976823174961919 0.177781995431424
-9999 -9999 -9999 -9999 -9999 -9999 -9999 -9999 -9999 -9999 -9999 -9999 -9999 -9999 -9999 -9999 -9999 -9999 -9999 -9999 -9999 -9999 -9999 -9999 -9999 -9999 -9999 -9999 -9999 0.230847669802395 0.249016847523307 0.296952013461491 0.317303286078255 0.312551906102668 0.307156704328996 0.317958399459233 0.330603758786357 0.345889913346402 0.347497703000326 0.344733120845972 0.345591711913995 0.340621045194518 0.352749458239584 0.372773335352733 0.388020454071141 0.392979738638107 0.398505203121636 0.407833113387808 -9999 0.354167708903327 0.271339432317925 0.180281686903996 0.0694439918425732 0.0442545439763107 0.0348571421137832 0.0258822668062962 0.0265378112305101 0.0271902391715684 0.0517472119282748 0.0961895337439093 0.213485850167863
-9999 -9999 -9999 -9999 -9999 -9999 -9999 -9999 -9999 -9999 -9999 -9999 -9999 -9999 -9999 -9999 -9999 -9999 -9999 -9999 -9999 -9999 -9999 -9999 -9999 -9999 -9999 -9999 -9999 -9999 0.289663688420473 0.322356493211529 0.312235607450953 0.312110738183491 0.317910709276167 0.328248372451609 0.335398895034197 0.34632254607721 0.350836588388369 0.35134127864339 0.350573559595205 0.341640172129908 0.353601493662067 0.368138068855799 0.37908882899353 0.388977131865392 0.399942407268157 -9999 -9999 -9999 0.272750662837533 0.208037958306941 0.0945681326283011 0.0428308250544311 0.0270739105787435 0.0258822668062962 0.0275267443779191 0.030233725959827 0.0659120023661556 0.140436868730144 0.136936943700247
