v_species_niche1.asc
NCOLS 320 
NROWS 243 
XLLCORNER 44 
YLLCORNER -0.666666666666667 
CELLSIZE 0.166666666666667 
NODATA_value -9999 
[rows 0 to 26 of 243, columns 0 to 60 of 320]
-9999.000000000000000 -9999 -9999 0.000210298054982769 -9999 -9999 -9999 -9999 -9999 -9999 -9999 -9999 -9999 -9999 -9999 -9999 -9999 -9999 -9999 -9999 -9999 -9999 -9999 -9999 -9999 -9999 -9999 -9999 -9999 -9999 -9999 -9999 -9999 -9999 -9999 -9999 -9999 -9999 -9999 -9999 -9999 -9999 -9999 -9999 -9999 -9999 -9999 -9999 -9999 -9999 -9999 -9999 -9999 -9999 -9999 -9999 -9999 -9999 -9999 -9999 -9999
-9999 -9999 -9999 5.41367543877616e-05 0.000246232407011519 -9999 -9999 -9999 -9999 -9999 -9999 -9999 -9999 -9999 -9999 -9999 -9999 -9999 -9999 -9999 -9999 -9999 0.000701573615308641 0.000522128295180049 0.000566124112325415 -9999 -9999 -9999 -9999 -9999 -9999 -9999 -9999 -9999 -9999 -9999 -9999 -9999 -9999 -9999 -9999 -9999 -9999 -9999 -9999 -9999 -9999 -9999 -9999 -9999 -9999 -9999 -9999 -9999 -9999 -9999 -9999 -9999 -9999 -9999 -9999
-9999 -9999 3.59170938461248e-05 3.61807002310762e-05 6.80965011614764e-05 0.000330341125404109 -9999 -9999 -9999 -9999 -9999 -9999 -9999 -9999 -9999 -9999 -9999 -9999 -9999 -9999 0.00121392396018154 0.000903364235709002 0.000757492270894668 0.000686779537008507 0.000739723031138556 0.00099135811255548 -9999 -9999 -9999 -9999 -9999 -9999 -9999 -9999 -9999 -9999 -9999 -9999 -9999 -9999 -9999 -9999 -9999 -9999 -9999 -9999 -9999 -9999 -9999 -9999 -9999 -9999 -9999 -9999 -9999 -9999 -9999 -9999 -9999 -9999 -9999
1.03927757495694e-06 2.17945715264991e-06 6.12459929891061e-06 3.31987868259841e-05 0.000221201894418758 0.000319298318625462 0.000439692594505772 -9999 -9999 -9999 -9999 -9999 -9999 -9999 -9999 -9999 -9999 -9999 0.00159579262266413 0.00110214475079215 0.000959752879265418 0.000870724683003656 0.000561613187185175 0.000622239977278149 0.000867942817376657 -9999 -9999 -9999 -9999 -9999 -9999 -9999 -9999 -9999 -9999 -9999 -9999 -9999 -9999 -9999 -9999 -9999 -9999 -9999 -9999 -9999 -9999 -9999 -9999 -9999 -9999 -9999 -9999 -9999 -9999 -9999 -9999 -9999 -9999 -9999 -9999
-9999 5.08203068907562e-07 6.83000792375164e-06 5.94842116368558e-06 1.30203476000579e-05 0.000114700666380623 0.000258921734825384 0.000307577114261205 -9999 -9999 -9999 -9999 -9999 -9999 -9999 -9999 -9999 0.00095528844726081 0.000503867498593432 0.000516571305335191 0.000660642822097475 0.000789589613490411 0.000459585884942779 0.000515642313328969 0.000674056094621935 0.000951724720551197 -9999 -9999 -9999 -9999 -9999 -9999 -9999 -9999 -9999 -9999 -9999 -9999 -9999 -9999 -9999 -9999 -9999 -9999 -9999 -9999 -9999 -9999 -9999 -9999 -9999 -9999 -9999 -9999 -9999 -9999 -9999 -9999 -9999 -9999 -9999
-9999 8.14546169531204e-07 1.47980945510292e-06 2.24996201377288e-06 1.5612561800296e-05 6.68416128790622e-05 0.00018329114298296 0.000114058712059906 0.000105310521548431 0.000476432394591848 0.000529807288537819 -9999 -9999 -9999 -9999 -9999 0.000287127346647761 0.000102138101506644 0.000102566701561771 5.76117093211023e-05 0.000246463358133437 0.000289025041714143 8.94362279001869e-05 5.59195099160921e-05 -9999 -9999 -9999 -9999 -9999 -9999 -9999 -9999 -9999 -9999 -9999 -9999 -9999 -9999 -9999 -9999 -9999 -9999 -9999 -9999 -9999 -9999 -9999 -9999 -9999 -9999 -9999 -9999 -9999 -9999 -9999 -9999 -9999 -9999 -9999 -9999 -9999
-9999 -9999 3.67296200534857e-07 3.01824589585656e-06 5.26832952257448e-06 2.28163146261451e-05 0.000132610111949328 0.000332258517769524 0.00014407382385807 6.04195866029447e-05 1.14216803431455e-05 1.67353932629603e-05 0.00012813390294593 0.000257240985905901 4.06043755861591e-05 3.20621380458325e-05 8.92015509454293e-06 4.65207489271553e-06 2.96993700113404e-05 2.04069562183929e-05 0.000179632542519896 0.000168532032213944 6.17982986328948e-05 7.31281465138753e-05 1.46307552023172e-05 -9999 -9999 -9999 -9999 -9999 -9999 -9999 -9999 -9999 -9999 -9999 -9999 -9999 -9999 -9999 -9999 -9999 -9999 -9999 -9999 -9999 -9999 -9999 -9999 -9999 -9999 -9999 -9999 -9999 -9999 -9999 -9999 -9999 -9999 -9999 -9999
-9999 -9999 4.56262640306252e-07 4.91804416317379e-07 2.02494135743085e-05 0.000169512358198764 0.000236610027875833 0.000287813682175669 0.000163500056170812 0.000134264714673353 8.80870767608874e-05 4.09626602674037e-06 2.44801093929463e-06 5.08059428953373e-05 2.4349549147152e-05 1.92416237049057e-05 1.62993598463271e-05 2.06809571791853e-05 2.19831408335936e-05 3.93388796481847e-05 0.00015479100216005 0.000394931895622522 0.000243840258809416 0.000172211923866653 5.35987546611258e-05 1.98601127103335e-05 8.02701986383577e-06 -9999 -9999 -9999 -9999 -9999 -9999 -9999 -9999 -9999 -9999 -9999 -9999 -9999 -9999 -9999 -9999 -9999 -9999 -9999 -9999 -9999 -9999 -9999 -9999 -9999 -9999 -9999 -9999 -9999 -9999 -9999 -9999 -9999 -9999
-9999 -9999 1.47510007188422e-06 1.57227848706014e-06 1.89919144595067e-05 0.000165077214959558 7.32388365241377e-05 2.07609918440404e-05 6.7189254662026e-05 6.33120600981038e-05 9.2085116979048e-05 6.32487796834107e-05 1.80523493432428e-05 7.95589635583214e-06 3.30327147509756e-06 8.08552829687864e-06 1.6027817939675e-05 3.96072956098701e-05 4.00573963298932e-05 5.98602892112813e-05 0.00018055100858465 0.000183437834565472 2.81761488288909e-05 5.72884152828339e-06 2.65044682996317e-05 3.85136734916727e-05 3.43160554599669e-05 -9999 0.000402024621354141 -9999 -9999 -9999 -9999 -9999 -9999 -9999 -9999 -9999 -9999 -9999 -9999 -9999 -9999 -9999 -9999 -9999 -9999 -9999 -9999 -9999 -9999 -9999 -9999 -9999 -9999 -9999 -9999 -9999 -9999 -9999 -9999
-9999 -9999 5.9239201898656e-07 5.24519979500442e-06 6.56853445156309e-05 0.000130505234084528 0.000153036404942251 0.000183683346819397 0.000106082101194926 1.5410912060005e-05 1.82362857874162e-05 0.000121155619869901 0.000109018035722561 9.10595177454272e-05 3.27536148752911e-05 3.84775838423561e-05 3.08492776096581e-05 6.90565568866047e-05 1.5410912060005e-05 3.34047607268364e-06 2.22824289051368e-06 1.09956355505081e-06 4.41842585875633e-08 8.71968843227076e-08 1.40189969361269e-05 4.13765102223186e-05 5.7680163863297e-05 5.60994402001899e-05 0.000443689872886878 -9999 -9999 -9999 -9999 -9999 -9999 -9999 -9999 -9999 -9999 -9999 -9999 -9999 -9999 -9999 -9999 -9999 -9999 -9999 -9999 -9999 -9999 -9999 -9999 -9999 -9999 -9999 -9999 -9999 -9999 -9999 -9999
-9999 -9999 1.1319177660556e-06 1.7111073615853e-05 2.83694633870655e-05 5.15995697290665e-05 0.000104596839271405 0.000234396314367298 0.000249663330903018 0.000228929325555096 0.000225701500925117 0.000240970816763501 0.000225701500925117 0.000163935955103198 7.23182005414641e-05 6.2029701939964e-05 6.48888517975401e-05 6.44773070928947e-05 5.55572118463499e-05 2.61559273951391e-05 7.43064996792255e-06 4.09626602716418e-06 1.3243553770659e-06 6.45029479079584e-06 2.54881422411221e-05 3.07695582854393e-05 3.65402113084679e-05 4.02721807527215e-06 0.000236826033062174 -9999 -9999 -9999 -9999 -9999 -9999 -9999 -9999 -9999 -9999 -9999 -9999 -9999 -9999 -9999 -9999 -9999 -9999 -9999 -9999 -9999 -9999 -9999 -9999 -9999 -9999 -9999 -9999 -9999 -9999 -9999 -9999
-9999 1.25346702548518e-06 1.37164854296191e-06 5.76569576126942e-06 1.01662746351157e-05 3.52450760808662e-05 0.00028358540610178 0.000311317513123451 0.000207786962044685 0.000228129473473249 0.000270244156547873 0.000251420248001836 0.000100215797297642 2.81043911793522e-05 1.27677930720106e-05 1.15429612290843e-05 2.23388169095604e-05 3.32457132462054e-05 3.87633740826083e-05 4.96042161862999e-05 4.07523429553468e-05 3.94220708715966e-05 1.44185177287127e-05 7.40144931035607e-06 1.57338325586756e-05 3.01267455549996e-05 1.77729179257293e-05 2.34553456059572e-06 0.000324253570236215 0.000101217921783209 -9999 -9999 -9999 -9999 -9999 -9999 -9999 -9999 -9999 -9999 -9999 -9999 -9999 -9999 -9999 -9999 -9999 -9999 -9999 -9999 -9999 -9999 -9999 -9999 -9999 -9999 -9999 -9999 -9999 -9999 -9999
-9999 -9999 -9999 7.52185914112355e-06 2.23109108324989e-05 4.15158729094442e-05 0.000269960549103089 0.000337942524069261 0.000272847582630178 0.000265871559698161 0.000313128401198532 0.000187844282284165 2.49463079639785e-05 1.21095987813317e-06 3.12082822234435e-07 1.38169821476867e-06 1.7031691829931e-05 1.98601127103335e-05 1.07024836761879e-05 1.48273853705051e-05 5.54599382468646e-06 4.46385763909369e-06 3.93427190268958e-06 2.32365352178045e-05 1.31408517726346e-05 8.50733081724036e-05 2.62145168053017e-05 7.86384626776425e-06 0.00056982302712398 0.000202656683673275 -9999 -9999 -9999 -9999 -9999 -9999 -9999 -9999 -9999 -9999 -9999 -9999 -9999 -9999 -9999 -9999 -9999 -9999 -9999 -9999 -9999 -9999 -9999 -9999 -9999 -9999 -9999 -9999 -9999 -9999 -9999
-9999 -9999 -9999 -9999 1.27421237259578e-05 6.14194053868845e-05 0.000328459431429933 0.000337874942322767 0.000367574431886626 0.000325553182009007 0.000274602839531535 9.71264107698951e-05 1.3474693002774e-05 5.61743881794484e-06 2.70926080893374e-06 5.36059959565041e-06 2.61559273951391e-05 3.5675915806973e-05 3.54461035816444e-05 5.91056094155843e-05 7.03073140453928e-05 0.00010903984151006 0.000174288737335217 0.000179383475197867 6.80888407357374e-05 0.000235115253393115 4.36853730769211e-05 2.12257132071767e-05 0.000122422213185067 0.00142756551285101 4.47644068590728e-05 -9999 -9999 -9999 -9999 -9999 -9999 -9999 -9999 -9999 -9999 -9999 -9999 -9999 -9999 -9999 -9999 -9999 -9999 -9999 -9999 -9999 -9999 -9999 -9999 -9999 -9999 -9999 -9999 -9999 -9999
-9999 -9999 -9999 -9999 2.22868858260343e-06 4.75847976847729e-05 0.000132689701890288 0.000345818245111077 0.000375976196381921 0.000333928144595747 0.000383374889379768 0.000342107780095003 0.000173933985559079 8.56034712132275e-05 3.2353212932329e-05 2.71594712315905e-05 5.62616614281359e-05 9.09230308594869e-05 9.14942230189005e-05 5.55572118463499e-05 8.56034712132275e-05 0.000298721987718328 0.000632750274908766 0.000244303995711912 0.000100837804894802 0.000421118107151389 0.000128937247676487 5.40716990872461e-06 3.21886315856227e-05 0.000714173431347785 0.000422003384393539 7.33366824847486e-06 1.10518565440567e-06 1.38543384197746e-06 5.22896485437692e-06 1.66012141440203e-05 -9999 -9999 -9999 -9999 -9999 -9999 -9999 -9999 -9999 -9999 -9999 -9999 -9999 -9999 -9999 -9999 -9999 -9999 -9999 -9999 -9999 -9999 -9999 -9999 -9999
-9999 -9999 -9999 -9999 -9999 6.42970231474155e-05 2.36843225580884e-05 7.73952828675144e-05 0.000360868394571041 0.000404039778153825 0.000422473124402037 0.000408575138062458 0.000321589482753937 0.00010839840055659 6.56615378936501e-05 5.02099560073232e-05 3.02932778224856e-05 4.96011160195856e-05 4.92976214716013e-05 6.25466910026498e-05 0.000122992802067691 0.000211045939787394 0.000531664862905804 0.000375971496708656 0.000122992802067691 0.00028431302556893 0.000908618972281055 0.000267792742887533 0.000119978592841962 8.26994816256314e-05 0.00207769281582985 6.02483890283079e-05 1.21546684905803e-05 8.85981455573388e-06 1.69679425911002e-05 3.41893206597457e-05 6.63853124447906e-05 8.34638274574035e-05 -9999 -9999 -9999 -9999 -9999 -9999 -9999 -9999 -9999 -9999 -9999 -9999 -9999 -9999 -9999 -9999 -9999 -9999 -9999 -9999 -9999 -9999 0.00685280498221295
-9999 -9999 -9999 -9999 -9999 4.93974313781175e-06 4.52171226073944e-05 6.6987988946749e-05 0.000247182229011675 0.000428638254621966 0.000483318489014566 0.000464553084066587 0.000448143428415952 0.000236515402790363 0.0001234548909505 2.77788748362774e-05 1.25500648613845e-05 1.4544506087385e-05 4.70930689371849e-05 8.55253936739539e-05 0.000215826713606994 0.000432367462313936 0.000815438360177958 0.000712523813394198 0.000326400721605914 7.95601495645961e-05 0.000119351847683449 0.0007923580190211 0.00199263534162946 0.000103753026926752 0.000357139275763899 0.00252987667100125 0.000408713055444886 0.000322019896463194 0.000280150184866155 0.00125440085838309 0.000882459886950294 0.000283755608402046 0.000164897791068532 -9999 -9999 -9999 -9999 -9999 -9999 -9999 -9999 -9999 -9999 -9999 -9999 -9999 -9999 -9999 -9999 -9999 -9999 -9999 -9999 -9999 0.011643616092337
-9999 -9999 -9999 -9999 -9999 3.14028428730456e-06 8.01360514921491e-05 0.000162310851637262 0.000211434093207941 0.00031900709180102 0.000512352740385735 0.00038800310178798 0.000534176246371879 0.000438918318837967 0.000246907391688716 6.25904890136811e-05 1.92019787540372e-05 7.06445472728009e-06 7.39848932231494e-06 1.48036805226642e-05 0.000125551161127033 0.000353015983127631 0.000358283951951675 0.000324768731580863 0.000434708561890316 0.000257343902882017 3.36723098645007e-05 1.15618783124039e-05 0.00139271914395408 0.00502849409659058 0.000596102918313371 0.000215985944517548 0.00339251167763084 0.00324371914228671 0.0012826401295619 0.000511533631463213 0.000344235437252928 0.00117037072185787 0.000360327497752485 0.00154381720633001 -9999 -9999 -9999 -9999 -9999 -9999 -9999 -9999 -9999 -9999 -9999 -9999 -9999 -9999 -9999 -9999 -9999 -9999 -9999 -9999 0.0167392800255819
-9999 -9999 -9999 -9999 -9999 -9999 5.71869561963442e-05 0.000314544585971581 7.93863019516111e-05 9.68996429219866e-05 0.000201880478943332 9.19344509906473e-05 0.00041037682948393 0.000354076621238597 0.000339449719323264 0.000191153321020133 1.70905526429612e-05 3.63247172860832e-06 5.4765526999813e-06 3.33313510324129e-06 6.67471050775669e-06 7.36271124718502e-05 0.000144073823857538 2.86889873716801e-05 7.76278173437622e-05 0.000347586423182503 0.000225904723711929 4.02747947915736e-05 2.82622172706408e-05 0.000546707177119498 0.00491041301271575 0.00586481274999744 0.00605552182970914 0.000790033882587296 0.000321460872684721 9.33553644090189e-05 5.50408608463506e-05 4.51200102280763e-05 5.14628880118332e-06 7.07543015437282e-05 0.00232407138489808 0.000919852502567573 -9999 -9999 -9999 -9999 -9999 -9999 -9999 -9999 -9999 -9999 -9999 0.0120464565555488 0.0139505726124422 0.0151660299473153 0.0161863865884243 0.0164983117074678 0.0142059097117278 0.0148073037388887 0.00828012491728366
-9999 -9999 -9999 -9999 -9999 -9999 1.71856689126927e-05 0.000292386288519068 4.39510200787292e-05 0.000135223076589655 0.000151271439236033 0.00010297778999649 0.000387111720135479 0.000384493096343039 0.000153809270853234 0.000240489356749819 4.29108983241651e-05 1.6217863725384e-05 4.36897418322201e-05 1.05540886412072e-05 1.02710148271268e-05 0.000136118500544609 0.000313786661772239 0.000114550220507052 4.62477740369213e-05 8.50531056606762e-05 0.000101393940793339 0.000163680005185899 0.000111744312113428 3.75928297424225e-05 5.95200561485132e-05 0.000382800258126958 0.00631779689556037 0.00509021747158287 0.00191316330916904 0.000731484355893009 0.000641566815599575 0.000122845299224842 4.01731325138779e-06 9.72887654328639e-07 3.09853134908516e-05 0.000176710594288582 0.00117381374031118 0.00228361121205379 0.00280262941948783 0.00281724104978336 0.00259846413950589 0.00204075646421324 0.00291704335868663 0.00401714139901923 0.00541796646945026 0.00788812177281939 0.0104517617729283 0.0119862247740775 0.012600929170284 0.0109541738254788 0.00774130714334392 0.0031947874343986 0.000637473899282947 0.000260867687383653 5.48759857006867e-05
-9999 -9999 -9999 -9999 -9999 -9999 0.000191332611286965 0.000156618566081081 0.000318278197069123 0.00013238652109172 0.00024396220942324 0.000399979515236914 0.000396757726576267 0.000242093940299045 0.000245457995267196 0.000260427844381948 0.000124825072085863 7.39712004152078e-05 8.41762936812187e-05 9.28326515720128e-06 8.04228569922668e-06 6.02084876880722e-05 0.000118180525661708 0.000248442972899865 0.000105290777676205 0.000224780828944745 0.000116107134004552 5.3171010577662e-05 0.00010702643220245 0.000125020263715317 3.6710977833941e-05 0.000120942271158724 0.00044920341888676 0.000532835813177831 0.0002182875726079 0.000142339255851057 8.95257088620308e-05 0.000240970816763501 0.000244417012443548 4.1376510222615e-05 2.86197897182473e-06 2.09784562339161e-07 1.65876912044737e-06 0.000534283092305583 0.000527059441231741 0.00014346998275194 0.000154458559010585 0.0009584101653536 0.00458284761496275 0.00562295909620676 0.00632411785240824 0.00909359714025843 0.0102694200794498 0.00973042967377293 0.0077987078125331 0.00651671591426992 0.0028478677458294 0.00065332573533087 0.000138528465819474 2.72778722678047e-05 2.7652768067167e-05
-9999 -9999 -9999 -9999 -9999 -9999 -9999 -9999 0.000636462712308332 0.000988821009443196 0.000157387880335533 0.000229800911956173 0.000171799110822495 0.000248492666463136 0.000318210570138321 0.000332395602678772 6.49432189733599e-05 2.87410333132253e-05 3.26575423068329e-05 5.64589222477984e-05 6.40275419573747e-05 0.000122422213185067 0.000273011340301702 0.000442781240314721 0.00046508181385767 0.000142547579311508 0.000136466045652784 0.000162442782794675 8.08756939962727e-05 3.3666838558858e-05 0.00019156234823641 0.000147291458382576 0.000141786986163614 0.000336408378413199 0.000886528553187822 0.00107353619535301 0.000978101388508748 0.000426116734718692 6.77560214896549e-05 1.81090775358336e-05 2.54231690789792e-06 1.74266113644901e-06 2.05754460736267e-06 1.2280508539325e-05 1.07996197649021e-06 2.75529863385522e-06 8.75194388389571e-06 4.38028299846851e-06 1.95764210399578e-05 0.00016368000518656 0.00312132644752632 0.00540173692652748 0.00877369512781647 0.00725557801854037 0.00358141529078805 0.00366840900669979 0.00175726400153856 0.000359463748673034 0.000135683617527847 2.73940499276334e-05 9.90550576961358e-05
-9999 -9999 -9999 -9999 -9999 -9999 -9999 -9999 0.000666882143493359 0.00197715324463757 0.000647763612252224 0.000144823148698782 8.78748228211501e-05 0.000150327062015276 0.000212199280156135 0.000144991603504862 4.64941191106063e-05 4.37247076097556e-05 7.44312465269229e-05 0.000116316315051899 0.000154512628967084 0.000176339891414619 0.000324367078849313 0.000402386606381149 0.000536686075342765 0.000410376829484148 9.47757271620344e-05 8.72007850622535e-05 0.00014302412665375 5.4932949079929e-05 6.98448137029116e-05 0.000316310976932823 0.000456374312661738 0.000481389076456879 0.00123523107138112 0.00137789649172464 0.00149775984463764 0.00143958957400642 0.000917647503618105 0.000199233167318108 3.39784273617361e-05 6.84231301007948e-06 1.5404519288494e-06 2.70168548993135e-06 3.38603942078131e-07 1.437921149746e-07 7.98686587215068e-07 1.80398557437315e-07 1.1763463644042e-06 0.000112288992011591 1.74323178969465e-05 8.94427205782325e-06 6.83275692101111e-05 0.000545267136828816 0.0011365053308806 0.000530237931885199 0.000122684170534063 5.43917960122198e-05 4.42791244181289e-05 7.75928926856049e-05 0.000489961018517218
-9999 -9999 -9999 -9999 -9999 -9999 -9999 -9999 -9999 -9999 0.000706422382357572 0.000470367043663176 8.88612206214225e-05 0.000157201093154473 0.000153013451201821 8.08605312241408e-05 4.16380050796204e-05 9.10743161185425e-05 0.00013939001033439 0.000181274658954528 0.00017381879245508 0.00012038721432019 0.000221897005246495 0.000374058923283075 0.000365302520611208 0.000432367462313936 0.000217025169195059 9.37916500959357e-05 0.000179542748699433 0.00016174375665258 7.44647481259781e-05 7.25209752553596e-05 0.00038032012561224 0.000847773358282198 0.00116399500133161 0.0014011005779769 0.00150045824018546 0.00163029023118701 0.00164241965667117 0.00132759701827716 0.000818174659427734 0.000275341827233251 3.35781592699067e-05 4.81104027361525e-06 2.10197175205897e-06 7.17839509612784e-06 1.73069979716431e-06 1.38254476511666e-06 4.60577488679874e-07 1.15458473309713e-05 3.57154553915633e-07 7.35145627745938e-07 4.57829122647175e-06 1.7787808979878e-05 5.20660619237991e-05 7.6111428186004e-06 6.09412890959224e-06 2.80506928974077e-05 7.54683477982922e-05 0.000334379252020882 0.000728600691674396
-9999 -9999 -9999 -9999 -9999 -9999 -9999 -9999 -9999 -9999 -9999 -9999 -9999 -9999 7.45234122096251e-05 2.08929824322031e-05 5.68221283711847e-05 7.41813917639233e-05 8.92218383233601e-05 9.15800390723329e-05 0.000139250689995964 0.000122610582109229 0.000137672246353399 0.000198874870180227 0.000204205294598298 0.000286521430352488 0.000213433612084244 0.000151248750222797 7.72715494286607e-05 3.55526015596322e-05 0.00012952524884201 0.000220759932738735 0.000214930202071223 0.000142547579312184 0.000352949798836554 0.000864726553552216 0.00112790062964777 0.00125440085838309 0.00123424328169275 0.00103104263260422 0.00115564433579297 0.00108032082251941 0.000550224201300929 0.00050437792279563 0.000643237059697371 0.000280595276482454 0.000132835740870361 3.4760296625423e-05 8.83758221255117e-06 7.11681950285314e-07 3.38490497583861e-06 2.63146504097129e-05 4.27305163624634e-05 1.54850622569375e-05 7.20455405615542e-06 1.85102722341333e-05 7.04295791914988e-05 9.80890592543627e-05 8.56163126979017e-05 0.000140095710280749 0.000272960155475395
-9999 -9999 -9999 -9999 -9999 -9999 -9999 -9999 -9999 -9999 -9999 -9999 0.000634556185393062 0.000727690509790639 0.000360927040449116 0.000214632193205738 6.97636662817569e-05 5.97884999456386e-05 0.00017671059428799 0.000119320521934652 9.58060498556839e-05 0.000147424080365293 0.000244955321793367 0.000171385145015349 0.000136826449922298 0.000192773000580559 0.000140931764550823 7.25527101231903e-05 5.50044083521241e-05 3.88720636245375e-05 2.0699837165899e-05 4.33849815454627e-05 4.59211517738953e-05 7.13012125713526e-05 0.00012154849681598 0.000126648221522621 0.000192457593103301 0.000332644992891742 0.0002888986209162 0.000664693368218804 0.0011837892885965 0.0014424175425823 0.00181225251488449 0.00203614447199666 0.00189566661975892 0.000756177270812441 0.000503244348219117 0.000133448192837986 5.24534355376265e-05 5.77270480414623e-05 4.89048138262946e-05 6.34039291750004e-05 8.00227466088709e-06 9.60912659541789e-06 8.60659044764011e-05 0.000495820186557297 0.00118158653299969 0.000958158615703864 0.000362754332033328 0.000278683250467715 0.000408059637429945
-9999 -9999 -9999 -9999 -9999 -9999 -9999 -9999 -9999 -9999 -9999 -9999 0.000598013502957438 0.00115645357002615 0.00021270917005147 0.000537713469593661 0.000243636128083643 0.00031046644685864 0.000209783455388625 0.0001424976963883 0.000201406616824015 0.000239385646189153 0.000266540401872497 0.000126055947210668 9.31315801823594e-05 0.000120653865906631 0.000167170346906947 0.000166220186459497 0.000138528465818841 8.8350630389992e-05 8.70363488162618e-05 3.37616598223893e-05 1.66153311743467e-05 1.62129990968325e-05 3.06157117748376e-05 8.29645438409456e-05 0.00019891464913303 0.000511482480658628 0.000568769829034257 0.000616842259429922 0.000949300914182059 0.00151476158192701 0.00189566661975892 0.00185235546751925 0.00178054688327639 0.00147352583321032 0.00100899829836364 0.000739168446861769 0.000452828439904905 0.00016585490400828 0.000145927997739381 5.81958085377414e-05 5.18322910242344e-05 0.00016634697768566 0.000735178505163374 0.00150880893516246 0.00205478363420156 0.0016791002003647 0.00114679438056165 0.000593879141928419 0.00037544550489468
