v_species_niche1.asc
NCOLS 320 
NROWS 243 
XLLCORNER 44 
YLLCORNER -0.666666666666667 
CELLSIZE 0.166666666666667 
NODATA_value -9999 
[rows 135 to 161 of 243, columns 183 to 243 of 320]
0.254947605370637 0.235031736723269 0.288680504240083 0.329691726227688 0.332373074008392 0.35327897946858 0.375499843682314 0.38079381280988 0.383588573456069 0.372284391289815 0.334812460247988 0.29464479759594 0.262082163282058 0.239956595502171 0.221566009175775 0.22517053645475 0.163125616097379 0.139766134073295 0.117515537033155 0.0820031822888632 0.0851622324890149 0.240292770003116 0.25298256034577 0.272505297671865 0.318447636503003 0.322356493211529 0.277565809080902 0.366009048184733 0.408322806881206 0.352714185057449 0.230041115251908 0.166296203200334 0.151399275387504 0.0898660793487562 0.0398354832843252 0.0318251881012168 0.0242816411095982 0.020490688325189 0.00931436707525001 0.0038568780269492 0.00111602197531977 0.000828217527202067 0.00148967511850633 0.00448463923842469 0.00526224664779091 0.00651924163101479 0.00980184423201603 0.0192624586678386 -9999 -9999 -9999 -9999 -9999 -9999 -9999 -9999 -9999 -9999 -9999 -9999 -9999
0.29235550801076 0.265594458927262 0.261715504974166 0.285522420000711 0.26390008217919 0.320656531488057 0.357655615276978 0.344728811708894 0.37891827739747 0.384567972521479 0.371206330498762 0.348598404052224 0.308387791679564 0.277565809080902 0.25881682055002 0.233824434750113 0.187196347926209 0.156578589757969 0.133883571774445 0.104980073390267 0.117633111347548 0.233485635008898 0.272015229329882 0.287280202530796 0.320640499062296 0.331679968896553 0.352573127596799 0.371266656428817 0.35035889903646 0.30282968595307 0.21714341957116 0.191592468232336 0.17920995561985 0.106703936940307 0.0469347366542288 0.0390374153786123 0.0311015623703468 0.033057816872967 0.0272555741161529 0.00898411533262337 0.00338285678411026 0.00180987549372048 0.00208185235962046 0.009143635421536 0.0100307768830552 0.0124442423601686 0.0265378112305101 -9999 -9999 -9999 -9999 -9999 -9999 -9999 -9999 -9999 -9999 -9999 -9999 -9999 -9999
0.300762391172462 0.275977835107829 0.293025036716841 0.297963368636786 0.235676017559595 0.261365694474183 0.298918378617451 0.351978662165256 0.372470580028765 0.379695856612516 0.365611229697841 0.351890678498132 0.314118579051654 0.276070993346747 0.282805124634004 0.259630133542071 0.22790310371383 0.182082167488492 0.177207356919225 0.159959483479337 0.147609541577648 0.2003284070059 0.270009746072573 0.304343821749207 0.335713478936455 0.368432697146486 0.393377832124296 0.392121035009349 0.359767523541516 0.325161035972344 0.293142270176657 0.256020637102475 0.219723635613343 0.138652465614104 0.0728440281672086 0.0644648784222961 0.0460145685939658 0.0487897648856671 0.0580647086430029 0.0301703017540358 0.0146986853073646 0.0100700991716763 0.00979743439439951 0.0137090754471165 0.0139524909480611 0.0100700991716763 0.0132388813255597 -9999 -9999 -9999 -9999 -9999 -9999 -9999 -9999 -9999 -9999 -9999 -9999 -9999 -9999
0.301078357536505 0.29981273254957 0.305777604461448 0.306604319556643 0.294258329973951 0.215887633038976 0.243290950654604 0.299322190940574 0.326574485167775 0.345267871507985 0.34979877301831 0.350849745007119 0.330417846464782 0.301798040895274 0.3162262868418 0.353796027975614 0.340787138435989 0.306052928182553 0.255078299505901 0.221566009175775 0.170633939102632 0.190436833120668 0.276765493818403 0.325466017381266 0.360510309793831 0.39554242665251 0.418601986219893 0.419356148337371 0.407940183632427 0.384390150958594 0.355760607891031 0.324706129031143 0.291855277647791 0.249200565185917 0.163256168804377 0.0841095869315602 0.0490214547789122 0.0428351083510978 0.0507320598489214 0.0577808875003303 0.0447127213420377 0.0285957485566889 0.0218141328346949 0.00889294312495141 0.00772728873217152 0.00669765895013993 0.0214507166465608 -9999 -9999 -9999 -9999 -9999 -9999 -9999 -9999 -9999 -9999 -9999 -9999 -9999 -9999
0.293043351353962 0.312454248891745 0.299782752775328 0.302708578301834 0.312454248891745 0.305613293161667 0.250349528375102 0.229595842088777 0.274721554305002 0.308068005263585 0.350205650543684 0.33965165724969 0.367443863613133 0.353526361327757 0.3790461838991 0.396458176942324 0.397207198417944 0.385969385796698 0.350626149573294 0.29427672169431 0.242343963771779 0.248283330292981 0.299992674166187 0.351025213743151 0.365095168389993 0.387593866237985 0.41711336981634 0.426988915942663 0.420253480786845 0.415848310237421 0.393909250824578 0.351481843265899 0.318929652986289 0.297007697184202 0.251931709039901 0.114761728734575 0.0437441572324239 0.0295451781602659 0.0429901300193163 0.0832175326765229 0.087998569169806 0.0344779695021266 0.0221703997571654 0.00562295909620844 0.00293808513613049 0.00382791609621743 0.0102606947811611 -9999 -9999 -9999 -9999 -9999 -9999 -9999 -9999 -9999 -9999 -9999 -9999 -9999 -9999
0.185723322887444 0.274052735969872 0.289993368335955 0.295175635842708 0.282187164564113 0.276900449889509 0.283371300870783 0.305136145259977 0.313412606765441 0.323409898703979 0.357852379970711 0.374173859702222 0.398878976928658 0.408813088359516 0.410087501373449 0.41891081905284 0.42131069522681 0.422528987922882 0.395938166916317 0.342255678229045 0.314369974459651 0.320977348401267 0.325551463425131 0.348389307744957 0.359371996845185 0.338884064042415 0.344970206355359 0.391685042923466 0.417363712933654 0.41336069069747 0.381937909535325 0.339447927380413 0.296147622573322 0.233019130398992 0.161437901020279 0.126514642810582 0.0583448185271406 0.0198431340361253 0.0264024828984068 0.0481523794713499 0.0660076440930814 0.0399317024053959 0.018650222100856 0.00425952671741946 0.00308012615299713 -9999 -9999 -9999 -9999 -9999 -9999 -9999 -9999 -9999 -9999 -9999 -9999 -9999 -9999 -9999 -9999
0.104723187024755 0.267821457438779 0.300296570570372 0.284041556997392 0.289258442994672 0.291388682579149 0.265753863419184 0.29879510021419 0.31276685941985 0.35544056738376 0.35675813347723 0.387245188686805 0.387322645469962 0.385434224627822 0.400477688127156 0.412426519314638 0.409759562565364 0.397947686190179 0.390980643995427 0.372507828949183 0.361973337179177 0.341981983179079 0.328773990229622 0.331000721426849 0.307406370564437 0.25594384243112 0.321808952714358 0.390692402072754 0.404988250231655 0.384198003923877 0.369710606464135 0.315657591504836 0.273570143432327 0.215779716203915 0.159295035970107 0.13710822190645 0.0825802505855959 0.0231343969374746 0.0262183108722446 0.0293816566135079 -9999 -9999 -9999 -9999 -9999 -9999 -9999 -9999 -9999 -9999 -9999 -9999 -9999 -9999 -9999 -9999 -9999 -9999 -9999 -9999 -9999
0.0201510834244897 0.166061475628687 0.276983532486242 0.24024471625465 0.228325114695497 0.219723635613342 0.236221648993393 0.278038072266309 0.322199382719882 0.336722131595763 0.365022156657732 0.361376573638143 0.377556624045458 0.391944620239895 0.405717885556863 0.414851470978444 0.399942407268158 0.381656334170721 0.38923004919033 0.399402849301918 0.392508445784009 0.359790009714423 0.317196214288585 0.291771381316142 0.268663066845858 0.284382611457539 0.306451055716018 0.315062349737009 0.400117420352658 0.405758459374076 0.367811491259934 0.284738311988378 0.161437901020279 0.12450651637693 0.168234368010863 0.140296502056449 0.074762808959759 0.0425278031970815 0.0182500999168973 0.0200967488838816 -9999 -9999 -9999 -9999 -9999 -9999 -9999 -9999 -9999 -9999 -9999 -9999 -9999 -9999 -9999 -9999 -9999 -9999 -9999 -9999 -9999
0.000905716038742441 0.0479985381344583 0.176930686628991 0.246474380473762 0.249864945754878 0.278598187313465 0.268585837316416 0.289732491716541 0.286222807554126 0.316036607979044 0.335713478936454 0.362149842200654 0.39053615636315 0.400342549713303 0.413546744867333 0.408813088359516 0.398744377988794 0.404340787139883 0.417702958750363 0.424355078861803 0.416071888785525 0.391631189932542 0.35587180045393 0.292615088696011 0.225049539812167 0.232007698640732 0.288604735552796 0.383051925194666 0.420253480786845 0.408853971712486 0.371466265896887 0.297989441572217 0.180425969959046 0.151223375991199 0.218406510828455 0.211930428828818 0.119111264838091 0.0657277068935984 0.0419197910250958 -9999 -9999 -9999 -9999 -9999 -9999 -9999 -9999 -9999 -9999 -9999 -9999 -9999 -9999 -9999 -9999 -9999 -9999 -9999 -9999 -9999 -9999
0.000108535339963237 0.0714828853213245 0.199289403040999 0.23626889804794 0.270712684836766 0.300653384564303 0.319340539365856 0.323842748847502 0.296952013461491 0.294817952273733 0.331149705270342 0.367402528503619 0.393436843224837 0.408777318779227 0.412617310696928 0.391763387766274 0.370099006475243 0.388977131865392 0.407384743611668 0.418037254817961 0.425098350422738 0.422275546570137 0.419544901070302 0.333371690406052 0.207508137322111 0.213956036053064 0.309469040031284 0.384260441172403 0.439464989851795 0.407389835952791 0.383665298843044 0.342563846994594 0.309179048760902 0.292585828650168 0.288521773617675 -9999 -9999 -9999 -9999 -9999 -9999 -9999 -9999 -9999 -9999 -9999 -9999 -9999 -9999 -9999 -9999 -9999 -9999 -9999 -9999 -9999 -9999 -9999 -9999 -9999 -9999
1.48690745112308e-07 0.00576357565135063 0.106758636723611 0.237833430051421 0.292121717133171 0.311424849313886 0.312411289386056 0.309747687539882 0.314932413318971 0.333926381800814 0.337666274747804 0.382516027715159 0.397127764921875 0.407145475366726 0.409575212244142 0.39203771814214 0.373370250093749 0.372955106656873 0.386819453176708 0.400477688127156 0.418350900361451 0.401304525742101 0.416285180279805 0.390223852376311 0.29610690507461 0.245407613072763 0.348807625854919 0.436574071443547 0.427672645045591 0.402208477489382 0.369170299897663 0.335600194755095 0.295290038565694 0.273570143432327 -9999 -9999 -9999 -9999 -9999 -9999 -9999 -9999 -9999 -9999 -9999 -9999 -9999 -9999 -9999 -9999 -9999 -9999 -9999 -9999 -9999 -9999 -9999 -9999 -9999 -9999 -9999
1.45769104212937e-10 0.000850033562410895 0.04360876031865 0.188624460122821 0.284951945825043 0.29596998729569 0.272805218425477 0.300112695238467 0.33108348195184 0.355089743071482 0.357436618287295 0.379297385197175 0.397962609508221 0.391450102386921 0.396492868550542 0.39262621598239 0.38170881552468 0.381828118169599 0.372773335352733 0.383852381273867 0.396458176942324 0.396696123225235 0.435179267291803 0.414291799355969 0.351626859433774 0.302935694893636 0.374487361570306 0.399118376127394 0.404770627538493 0.395344704873748 0.35083658838837 0.308145031892828 0.257384365934456 0.230343242443274 -9999 -9999 -9999 -9999 -9999 -9999 -9999 -9999 -9999 -9999 -9999 -9999 -9999 -9999 -9999 -9999 -9999 -9999 -9999 -9999 -9999 -9999 -9999 -9999 -9999 -9999 -9999
1.46887099904631e-14 5.94775200507201e-06 0.00693770171656865 0.134728016673701 0.249029298676959 0.270658547713692 0.258351369304822 0.299456916237416 0.353601493662067 0.365885540973984 0.372531111416062 0.358152206873927 0.387322645469962 0.383622138924715 0.37891827739747 0.37891827739747 0.370524865154497 0.381479858929212 0.391998516330449 0.375087020948394 0.38719194613387 0.409759562565364 0.448774509199672 0.410656892705494 0.359767523541516 0.293494252047754 0.32094124048068 0.324187014626961 0.365899261939038 0.357007951596805 0.314542925502781 0.265644262557256 0.218267321049258 0.196224233723076 -9999 -9999 -9999 -9999 -9999 -9999 -9999 -9999 -9999 -9999 -9999 -9999 -9999 -9999 -9999 -9999 -9999 -9999 -9999 -9999 -9999 -9999 -9999 -9999 -9999 -9999 -9999
3.89881404082051e-23 7.66122187586834e-13 7.46388334119727e-06 0.0186427635038345 0.1708729939167 0.250565547988392 0.302043351447418 0.328506969854278 0.359430399539763 0.36622871950845 0.370821403646202 0.329033001719316 0.299992674166186 0.36364225008704 0.356116546438534 0.356281288434912 0.337282397731724 0.36771954988027 0.407996279264162 0.406977562492548 0.390355575153456 0.399118376127394 0.445304382924377 0.433881109319761 0.385800561123503 0.306179201057419 0.290777408408256 0.329283985058365 0.337080088991776 0.325596229828972 0.280804319512327 0.227069935267532 0.174802725448757 -9999 -9999 -9999 -9999 -9999 -9999 -9999 -9999 -9999 -9999 -9999 -9999 -9999 -9999 -9999 -9999 -9999 -9999 -9999 -9999 -9999 -9999 -9999 -9999 -9999 -9999 -9999 -9999
3.9294947085753e-33 4.91533502368507e-23 1.10498428469849e-09 0.00263733926538757 0.128799644672426 0.259993870285339 0.314684501671505 0.335713478936454 0.332061620268261 0.342187233938056 0.362190586349717 0.342187233938056 0.32237664112197 0.321808952714358 0.293747500037641 0.316479369090675 0.346599714966845 0.37059897753852 0.394382225653708 0.392586955323858 0.375448216003292 0.38923004919033 0.429343825044046 0.449105602475846 0.425949397887366 0.380261074475794 0.391215302772418 0.338769709969136 0.314369974459651 0.291855277647791 0.254568652723555 0.200689322865337 0.139989938883916 -9999 -9999 -9999 -9999 -9999 -9999 -9999 -9999 -9999 -9999 -9999 -9999 -9999 -9999 -9999 -9999 -9999 -9999 -9999 -9999 -9999 -9999 -9999 -9999 -9999 -9999 -9999 -9999
4.97603755531132e-39 1.17128365307106e-27 4.62851643274674e-12 0.000412846492041126 0.0658420080547042 0.211506991549585 0.291829741428222 0.327789146263515 0.319340539365856 0.335411472728591 0.338042137513359 0.33190807727844 0.333738601029344 0.294552735482146 0.274491571322088 0.297249114000464 0.341640172129908 0.369724470871833 0.386974211907662 0.387671392763627 0.377004851065133 0.371206330498762 0.420547761209528 0.450725296344453 0.44182795088663 0.434728002935851 0.393058342445953 0.343288278032247 0.300683451406077 0.270983532923076 0.232469272478841 0.200240782497094 0.163166402599504 0.150514293772556 -9999 -9999 -9999 -9999 -9999 -9999 -9999 -9999 -9999 -9999 -9999 -9999 -9999 -9999 -9999 -9999 -9999 -9999 -9999 -9999 -9999 -9999 -9999 -9999 -9999 -9999 -9999
3.27775070220806e-50 2.44834147105755e-33 7.85420735362141e-17 1.74824658443384e-06 0.0206873117813206 0.168402686524104 0.290690188269408 0.325161035972344 0.330880755410486 0.323842748847502 0.318531239980061 0.31322461560437 0.283318173732695 0.246243419022164 0.268770553568508 0.322779863885097 0.345682441646129 0.365496994038812 0.385044169973877 0.392336760897785 0.390980643995427 0.39108328988616 0.429456542591651 0.450595731447601 0.438718534036262 0.40864959582486 0.320844972549448 0.302856184709895 0.280832401348346 0.256404956225411 0.212801127299177 0.181954754570974 0.143297165565191 0.158502529932945 -9999 -9999 -9999 -9999 -9999 -9999 -9999 -9999 -9999 -9999 -9999 -9999 -9999 -9999 -9999 -9999 -9999 -9999 -9999 -9999 -9999 -9999 -9999 -9999 -9999 -9999 -9999
7.00858455426091e-59 5.72688832015842e-49 2.84860013746401e-26 5.3796919430398e-09 0.0136798035937866 0.156578589757969 0.292516347767044 0.318702496542628 0.32418701462696 0.311393708386027 0.308356954442283 0.304530289439929 0.266442391940405 0.234996484606736 0.257384365934456 0.29327787983393 0.326280700354121 0.345699726200322 0.381293932821155 0.402042600706856 0.406494563474514 0.402364363475368 0.433875685839791 0.443776277044781 0.415614461339081 0.379297385197176 0.32258222175255 0.293142270176657 0.288521773617675 0.24244092074739 0.170293012264907 0.116462642333037 0.0759724333122486 0.100389543649035 -9999 -9999 -9999 -9999 -9999 -9999 -9999 -9999 -9999 -9999 -9999 -9999 -9999 -9999 -9999 -9999 -9999 -9999 -9999 -9999 -9999 -9999 -9999 -9999 -9999 -9999 -9999
1.05133342336987e-70 1.07855147446328e-66 1.12519140475572e-31 1.48773332885413e-10 0.00156138079522278 0.108692256573132 0.269770218728914 0.295674165244072 0.306914913641915 0.294258329973951 0.288835711719386 0.295219915508976 0.272358865431557 0.238354260129869 0.244877492508941 0.267982198530749 0.28487715575589 0.303481470194856 0.363424130179503 0.389755864602282 0.367402528503619 0.377344308163873 0.382496902391911 0.42061610577357 0.392572233589067 0.378213198913976 0.332992695702317 0.324588444390999 0.328244269372598 0.23188882515911 0.127941170770224 0.0766966518526046 0.0530996615769424 0.0594453887478817 -9999 -9999 -9999 -9999 -9999 -9999 -9999 -9999 -9999 -9999 -9999 -9999 -9999 -9999 -9999 -9999 -9999 -9999 -9999 -9999 -9999 -9999 -9999 -9999 -9999 -9999 -9999
2.14726062414133e-82 1.78369088870733e-75 1.75358754762186e-37 4.88937392618278e-16 4.50331293593708e-06 0.0536413676496154 0.225229651479076 0.278065877463773 0.28601894643789 0.295751789900239 0.272369079080515 0.267393285735583 0.266202701664462 0.217580860730571 0.219501278019812 0.260856527968644 0.290417793922706 0.320640499062296 0.340127502583852 0.356793811074427 0.329691726227688 0.350836588388369 0.339936234662794 0.391631189932542 0.391528400236923 0.406977562492548 0.367443863613133 0.346110488467011 0.314743510547479 0.219259959363584 0.103040339265524 0.0534506102657022 0.040025652253884 0.042750058119914 -9999 -9999 -9999 -9999 -9999 -9999 -9999 -9999 -9999 -9999 -9999 -9999 -9999 -9999 -9999 -9999 -9999 -9999 -9999 -9999 -9999 -9999 -9999 -9999 -9999 -9999 -9999
1.06535264499311e-87 1.06217564121436e-97 7.75341832677296e-65 2.27290429247897e-34 4.5154686722187e-13 0.000304969976450273 0.0709035536944677 0.184778545171698 0.224922985042887 0.254361899698006 0.258438577607536 0.267607285952845 0.261715504974166 0.228733610822662 0.205091876115779 0.243354822912018 0.29185527764779 0.318674611294179 0.323539288539702 0.311553338563314 0.301496393703112 0.310771543341687 0.323879183206141 0.357852379970711 0.349379266245092 0.387366221718696 0.392042618644245 0.304343821749207 0.251368642007079 0.180234369171908 0.0823946538963523 0.0348453798133197 0.0230659627048051 0.029431280017014 -9999 -9999 -9999 -9999 -9999 -9999 -9999 -9999 -9999 -9999 -9999 -9999 -9999 -9999 -9999 -9999 -9999 -9999 -9999 -9999 -9999 -9999 -9999 -9999 -9999 -9999 -9999
-9999 4.76577261790542e-101 5.46789218982175e-139 8.18235823162904e-82 1.25157190684726e-27 6.85208993588886e-10 0.00146487593798227 0.0851111504756578 0.223287025768442 0.225094554221419 0.237878028000482 0.240509130843893 0.236647230870363 0.250349528375102 0.247725320795916 0.26390008217919 0.280888573445638 0.298739081384829 0.313052389432326 0.270526633828303 0.263372809463305 0.290999210733557 0.300581987864163 0.306914913641915 0.319680019005554 0.354362554720912 0.365172759357024 0.30722198206418 0.189475182883992 0.157956638409011 0.0783556481502901 0.0291734209966021 0.0136825398281197 0.0148703686978926 -9999 -9999 -9999 -9999 -9999 -9999 -9999 -9999 -9999 -9999 -9999 -9999 -9999 -9999 -9999 -9999 -9999 -9999 -9999 -9999 -9999 -9999 -9999 -9999 -9999 -9999 -9999
-9999 6.70634074964963e-88 4.03920362955143e-132 9.67917272376414e-120 4.41710645108741e-49 5.43532623068418e-19 1.20451359987108e-06 0.00334564016490431 0.189153348709645 0.214341503734797 0.204314005876031 0.200080653931062 0.241126225806927 0.244770382038092 0.240388906337102 0.249949289406261 0.276872761228976 0.295822039292125 0.256738499424609 0.179274931004838 0.242771471638566 0.278038072266309 0.275274988139045 0.24424163799748 0.298198107205768 0.316451678357367 0.324004710709017 0.282865227108651 0.216484847147436 0.144829625484476 0.100469887417176 0.0616367359069461 0.0163015151081296 -9999 0.0172182618305422 -9999 -9999 -9999 -9999 -9999 -9999 -9999 -9999 -9999 -9999 -9999 -9999 -9999 -9999 -9999 -9999 -9999 -9999 -9999 -9999 -9999 -9999 -9999 -9999 -9999 -9999
-9999 1.91906037921103e-85 4.85574725914738e-110 2.42190472538481e-124 1.02752260750538e-58 2.34758086728138e-28 1.18036237035175e-13 1.68864398968513e-06 0.171839010821609 0.211477911337557 0.198923544997928 0.211911885727567 0.243561762448337 0.228908086711392 0.235690747771007 0.250678327858554 0.244021919411477 0.23583220465249 0.171959340239567 0.149152691279607 0.199611016434513 0.23246927247884 0.244755084367271 0.228096903705314 0.256203116807085 0.239252757271397 0.244183637496288 0.257474466229165 0.189664752836055 0.138900528536577 0.0762159344929492 0.0328370698282951 0.0217751749012789 0.0158587366221878 0.0184916735966318 -9999 -9999 -9999 -9999 -9999 -9999 -9999 -9999 -9999 -9999 -9999 -9999 -9999 -9999 -9999 -9999 -9999 -9999 -9999 -9999 -9999 -9999 -9999 -9999 -9999 -9999
-9999 1.41521624604282e-76 1.96232762295963e-92 5.06998338412433e-105 4.32255754110512e-75 3.82194466491043e-44 1.2079588602119e-19 0.000470320009312393 0.129194698201187 0.199249549145912 0.202604956284158 0.210517872585398 0.229352026056761 0.246474380473761 0.261924961149444 0.247923580345798 0.210157669240739 0.190139507914725 0.165822933750523 0.19368982801456 0.222020685378461 0.243647023985092 0.250615666109635 0.249927419800247 0.263372809463305 0.22352439431303 0.241763035651317 0.19869243073806 0.156578589757969 0.121427885903436 0.0502153398596192 0.0247384337094081 0.0191013316957371 0.0157733302491725 0.0148597773338169 -9999 -9999 -9999 -9999 -9999 -9999 -9999 -9999 -9999 -9999 -9999 -9999 -9999 -9999 -9999 -9999 -9999 -9999 -9999 -9999 -9999 -9999 -9999 -9999 -9999 -9999
-9999 -9999 3.89501390969521e-75 2.59319565661969e-88 2.67042744777939e-89 2.86461459855217e-65 1.01913193079573e-37 1.31258870618468e-11 0.010095810692821 0.124707445089824 0.184741593157987 0.211655098274975 0.225601587166576 0.256241550157035 0.255458010816689 0.222907760291631 0.191736216482364 0.161250338502178 0.147757224948603 0.198037826407822 0.220869174337936 0.223983089323118 0.249715071754122 0.255537853919904 0.274584227862321 0.240509130843893 0.198973282101057 0.141282022869482 0.110958699434968 0.0887885814905498 0.0409871275376735 0.0223163714513206 0.0228687318222466 0.0161863865884263 0.00635454658864512 -9999 -9999 -9999 -9999 -9999 -9999 -9999 -9999 -9999 -9999 -9999 -9999 -9999 -9999 -9999 -9999 -9999 -9999 -9999 -9999 -9999 -9999 -9999 -9999 -9999 -9999
-9999 -9999 2.74484130959608e-59 9.51476096487916e-71 1.9393884966095e-80 2.24743395180314e-68 1.7082039871079e-51 2.0702304193808e-23 2.39798365599453e-05 0.0850228934482887 0.180974847027831 0.214127269366099 0.212036420538951 0.244819341010233 0.25711425418371 0.205597537200401 0.161929014145085 0.126459304760433 0.121798806321538 0.207879389825647 0.226279408151187 0.244525734000459 0.250349528375102 0.266592307945794 0.277232929877471 0.271064840178432 0.180281686903996 0.0978778776261276 0.0674624100703371 0.0730583220900554 0.0420693966073407 0.0268944663866224 0.0241493642551121 0.0143142859335311 0.00587119420315152 -9999 -9999 -9999 -9999 -9999 -9999 -9999 -9999 -9999 -9999 -9999 -9999 -9999 -9999 -9999 -9999 -9999 -9999 -9999 -9999 -9999 -9999 -9999 -9999 -9999 -9999
