KUENM/M_variables/Set_1/bio15_unc.asc
NCOLS 197 
NROWS 210 
XLLCORNER 56.1666666666667 
YLLCORNER 4.5 
CELLSIZE 0.166666666666667 
NODATA_value -9999 
[rows 38 to 75 of 210, columns 0 to 84 of 197]
-9999 -9999 -9999 -9999 -9999 -9999 -9999 -9999 -9999 -9999 -9999 -9999 -9999 -9999 -9999 -9999 -9999 -9999 -9999 -9999 -9999 -9999 -9999 -9999 -9999 -9999 -9999 -9999 -9999 -9999 -9999 -9999 -9999 -9999 -9999 -9999 -9999 -9999 -9999 -9999 -9999 -9999 -9999 -9999 -9999 -9999 -9999 -9999 -9999 -9999 -9999 -9999 -9999 -9999 -9999 -9999 -9999 -9999 -9999 101 94 89 89 95 86 88 87 92 89 89 95 92 87 86 83 81 75 71 66 61 55 52 55 59 65
-9999 -9999 -9999 -9999 -9999 -9999 -9999 -9999 -9999 -9999 -9999 -9999 -9999 -9999 -9999 -9999 -9999 -9999 -9999 -9999 -9999 -9999 -9999 -9999 -9999 -9999 -9999 -9999 -9999 -9999 -9999 -9999 -9999 -9999 -9999 -9999 -9999 -9999 -9999 -9999 -9999 -9999 -9999 -9999 -9999 -9999 -9999 -9999 -9999 -9999 -9999 -9999 -9999 -9999 -9999 -9999 -9999 -9999 -9999 105 101 98 101 95 85 90 101 95 94 96 100 93 88 84 83 79 73 69 63 57 54 54 55 62 67
-9999 -9999 -9999 -9999 -9999 -9999 -9999 -9999 -9999 -9999 -9999 -9999 -9999 -9999 -9999 -9999 -9999 -9999 -9999 -9999 -9999 -9999 -9999 -9999 -9999 -9999 -9999 -9999 -9999 -9999 -9999 -9999 -9999 -9999 -9999 -9999 -9999 -9999 -9999 -9999 -9999 -9999 -9999 -9999 -9999 -9999 -9999 -9999 -9999 -9999 -9999 -9999 -9999 -9999 -9999 -9999 -9999 -9999 -9999 109 105 102 95 89 89 97 104 102 105 105 102 95 89 84 79 73 70 67 60 57 52 51 53 59 65
-9999 -9999 -9999 -9999 -9999 -9999 -9999 -9999 -9999 -9999 -9999 -9999 -9999 -9999 -9999 -9999 -9999 -9999 -9999 -9999 -9999 -9999 -9999 -9999 -9999 -9999 -9999 -9999 -9999 -9999 -9999 -9999 -9999 -9999 -9999 -9999 -9999 -9999 -9999 -9999 -9999 -9999 -9999 -9999 -9999 -9999 -9999 -9999 -9999 -9999 -9999 -9999 -9999 -9999 -9999 -9999 -9999 -9999 -9999 -9999 101 94 101 105 109 110 105 109 104 105 99 96 89 84 80 72 68 64 59 56 53 52 54 59 64
-9999 -9999 -9999 -9999 -9999 -9999 -9999 -9999 -9999 -9999 -9999 -9999 -9999 -9999 -9999 -9999 -9999 -9999 -9999 -9999 -9999 -9999 -9999 -9999 -9999 -9999 -9999 -9999 -9999 -9999 -9999 -9999 -9999 -9999 -9999 -9999 -9999 -9999 -9999 -9999 -9999 -9999 -9999 -9999 -9999 -9999 -9999 -9999 -9999 -9999 -9999 -9999 -9999 -9999 -9999 -9999 -9999 -9999 -9999 -9999 103 105 112 114 117 111 111 109 104 102 102 93 87 82 77 72 67 60 58 56 53 53 60 65 70
-9999 -9999 -9999 -9999 -9999 -9999 -9999 -9999 -9999 -9999 -9999 -9999 -9999 -9999 -9999 -9999 -9999 -9999 -9999 -9999 -9999 -9999 -9999 -9999 -9999 -9999 -9999 -9999 -9999 -9999 -9999 -9999 -9999 -9999 -9999 -9999 -9999 -9999 -9999 -9999 -9999 -9999 -9999 -9999 -9999 -9999 -9999 -9999 -9999 -9999 -9999 -9999 -9999 -9999 -9999 -9999 -9999 -9999 -9999 -9999 115 117 117 121 121 120 116 108 106 106 96 88 86 80 73 70 64 63 58 58 58 57 63 67 76
-9999 -9999 -9999 -9999 -9999 -9999 -9999 -9999 -9999 -9999 -9999 -9999 -9999 -9999 -9999 -9999 -9999 -9999 -9999 -9999 -9999 -9999 -9999 -9999 -9999 -9999 -9999 -9999 -9999 -9999 -9999 -9999 -9999 -9999 -9999 -9999 -9999 -9999 -9999 -9999 -9999 -9999 -9999 -9999 -9999 -9999 -9999 -9999 -9999 -9999 -9999 -9999 -9999 -9999 -9999 -9999 -9999 -9999 -9999 -9999 116 114 119 119 122 117 111 110 104 97 89 85 84 77 74 67 63 61 62 61 61 63 66 70 79
-9999 -9999 -9999 -9999 -9999 -9999 -9999 -9999 -9999 -9999 -9999 -9999 -9999 -9999 -9999 -9999 -9999 -9999 -9999 -9999 -9999 -9999 -9999 -9999 -9999 -9999 -9999 -9999 -9999 -9999 -9999 -9999 -9999 -9999 -9999 -9999 -9999 -9999 -9999 -9999 -9999 -9999 -9999 -9999 -9999 -9999 -9999 -9999 -9999 -9999 -9999 -9999 -9999 -9999 -9999 -9999 -9999 -9999 -9999 -9999 115 114 119 120 122 113 107 105 103 92 88 87 82 76 69 66 61 60 63 62 62 66 63 74 77
-9999 -9999 -9999 -9999 -9999 -9999 -9999 -9999 -9999 -9999 -9999 -9999 -9999 -9999 -9999 -9999 -9999 -9999 -9999 -9999 -9999 -9999 -9999 -9999 -9999 -9999 -9999 -9999 -9999 -9999 -9999 -9999 -9999 96 96 99 103 106 111 100 105 107 115 104 -9999 -9999 -9999 -9999 -9999 -9999 -9999 -9999 -9999 -9999 -9999 -9999 -9999 -9999 -9999 -9999 120 117 116 118 115 105 105 104 98 92 90 84 79 73 69 66 61 60 58 64 63 62 62 76 81
-9999 -9999 -9999 -9999 -9999 -9999 -9999 -9999 -9999 -9999 -9999 -9999 -9999 -9999 -9999 -9999 -9999 -9999 -9999 -9999 -9999 -9999 -9999 -9999 -9999 -9999 -9999 -9999 89 94 89 88 108 109 112 96 98 103 103 107 115 103 109 113 102 104 108 108 110 -9999 -9999 -9999 -9999 -9999 -9999 -9999 -9999 -9999 -9999 -9999 -9999 114 113 113 110 107 103 102 95 89 87 81 76 70 67 64 61 60 61 64 66 60 60 75 81
-9999 -9999 -9999 -9999 -9999 -9999 -9999 -9999 -9999 -9999 -9999 -9999 -9999 -9999 -9999 -9999 -9999 -9999 -9999 -9999 -9999 -9999 -9999 -9999 82 91 93 87 96 92 102 103 101 106 105 108 112 116 100 104 111 102 104 107 111 113 101 103 107 104 109 111 109 -9999 -9999 -9999 -9999 -9999 -9999 -9999 -9999 114 110 112 107 104 100 95 90 84 82 76 71 68 65 62 58 57 64 71 66 63 65 72 81
-9999 -9999 -9999 -9999 -9999 -9999 -9999 -9999 -9999 -9999 -9999 -9999 -9999 -9999 -9999 -9999 -9999 -9999 -9999 -9999 -9999 -9999 89 84 93 86 86 84 90 87 99 95 96 99 106 109 110 114 114 101 102 109 112 104 105 110 110 114 106 105 108 111 110 111 113 -9999 -9999 -9999 -9999 -9999 -9999 112 110 106 105 102 97 93 87 83 77 74 68 64 61 59 59 63 69 69 68 66 69 73 80
-9999 -9999 -9999 -9999 -9999 -9999 -9999 -9999 -9999 -9999 -9999 -9999 -9999 -9999 -9999 -9999 -9999 -9999 -9999 -9999 93 92 86 87 93 86 94 94 85 98 98 94 96 98 104 107 111 111 114 116 102 108 112 101 102 105 110 112 103 103 110 110 110 119 118 119 118 -9999 -9999 -9999 -9999 112 108 104 97 94 90 87 82 77 74 69 64 64 59 58 58 62 69 66 69 68 76 79 82
-9999 -9999 -9999 -9999 -9999 -9999 -9999 -9999 -9999 -9999 -9999 -9999 -9999 -9999 -9999 -9999 -9999 -9999 85 82 88 89 93 81 86 93 82 88 82 97 97 94 96 101 108 109 109 119 99 99 105 105 109 112 101 102 106 108 106 106 108 110 116 114 114 115 116 114 119 -9999 -9999 -9999 105 100 94 91 87 84 76 74 70 68 64 60 60 62 62 66 66 66 68 73 78 78 84
-9999 -9999 -9999 -9999 -9999 -9999 -9999 -9999 -9999 -9999 -9999 -9999 -9999 -9999 -9999 -9999 91 91 97 83 87 91 93 90 90 89 85 90 82 97 95 97 97 98 102 106 108 117 99 99 102 104 105 109 111 98 101 106 103 104 105 112 111 111 110 120 118 117 114 112 110 -9999 102 98 95 91 86 80 75 73 68 62 62 59 58 60 61 65 66 72 73 80 80 79 87
-9999 -9999 -9999 -9999 -9999 -9999 -9999 -9999 -9999 -9999 -9999 -9999 -9999 -9999 94 97 85 88 91 94 85 91 93 90 81 88 89 84 96 98 94 97 96 98 102 100 105 106 107 115 116 103 103 103 105 110 98 104 103 104 112 108 106 115 116 115 113 118 114 117 113 103 103 96 93 88 83 81 73 66 64 63 59 58 55 57 60 64 70 72 77 83 83 85 86
-9999 -9999 -9999 -9999 -9999 -9999 -9999 -9999 -9999 -9999 -9999 -9999 -9999 97 91 97 97 86 88 94 86 89 86 90 84 88 87 84 98 100 98 97 101 101 101 104 101 101 107 113 115 115 115 101 109 110 114 104 104 102 106 115 113 109 110 118 114 111 113 110 111 106 99 93 88 82 79 75 69 63 60 59 56 57 58 62 65 69 72 77 79 83 86 87 88
-9999 -9999 -9999 -9999 -9999 -9999 -9999 -9999 -9999 -9999 -9999 -9999 98 95 93 90 95 82 87 94 84 89 84 91 85 92 88 96 98 100 98 97 98 99 99 100 105 101 105 107 108 108 115 103 108 111 98 106 102 109 102 108 106 112 111 110 115 111 114 110 107 102 97 97 89 82 73 72 63 59 57 57 56 57 62 63 67 72 74 80 83 85 90 88 88
-9999 -9999 -9999 -9999 -9999 -9999 -9999 -9999 -9999 -9999 -9999 97 94 93 90 89 88 97 82 90 96 85 91 85 85 91 86 93 87 101 100 102 102 101 98 100 99 99 103 107 107 108 114 101 108 97 102 108 102 106 110 105 112 106 116 113 110 113 115 113 108 103 97 94 87 80 73 65 62 67 71 65 57 59 66 71 71 74 76 81 84 90 92 91 92
-9999 -9999 -9999 -9999 -9999 -9999 -9999 -9999 -9999 -9999 99 87 93 86 88 85 85 85 91 95 85 96 86 84 86 93 92 84 88 92 104 100 100 100 99 99 97 120 99 98 98 106 99 106 97 102 108 98 98 102 110 102 107 103 110 107 111 114 108 107 105 101 101 93 86 79 69 60 66 74 77 76 69 65 71 71 70 74 77 81 88 91 93 90 87
-9999 -9999 -9999 -9999 -9999 -9999 -9999 -9999 -9999 89 89 91 92 86 86 85 85 85 92 97 83 83 86 88 86 92 89 85 95 92 92 106 100 101 97 97 96 96 96 98 106 93 102 100 102 95 99 100 102 93 95 99 101 108 103 109 115 109 113 104 102 99 95 90 85 75 61 66 70 75 79 79 74 72 69 68 73 77 78 84 88 92 94 89 90
-9999 -9999 -9999 -9999 -9999 -9999 -9999 -9999 91 89 86 93 88 97 89 87 86 85 88 93 97 90 86 83 90 90 89 88 94 95 89 94 106 104 104 102 96 96 99 104 106 94 92 94 95 98 91 95 99 96 95 97 104 100 106 104 107 113 107 109 99 100 94 84 80 72 58 67 75 81 83 79 74 71 71 70 71 75 78 82 86 90 90 90 90
-9999 -9999 -9999 -9999 -9999 -9999 -9999 88 85 90 93 86 92 87 95 90 91 88 91 91 96 89 89 90 87 90 88 91 89 93 95 92 100 110 110 106 103 103 103 105 105 94 91 93 99 93 96 100 96 99 91 97 100 95 100 107 100 104 110 105 96 95 85 81 73 66 59 61 82 83 82 76 71 66 65 68 68 73 75 79 84 86 88 90 95
-9999 -9999 -9999 -9999 -9999 -9999 81 84 84 84 91 84 89 95 88 97 93 93 92 97 99 90 92 91 85 88 86 85 85 95 96 91 95 99 99 94 109 93 98 89 94 106 97 97 97 96 87 88 100 95 90 92 97 90 97 101 105 99 102 98 98 93 82 77 70 64 59 69 85 83 84 74 67 63 62 64 64 68 71 76 80 85 85 88 97
-9999 -9999 -9999 -9999 -9999 -9999 86 84 83 82 88 86 85 93 87 88 99 97 97 104 93 92 92 89 95 88 91 87 88 89 93 103 99 104 98 98 92 91 92 95 93 97 105 94 101 92 97 98 88 89 89 90 95 97 90 96 95 96 93 93 93 87 80 76 70 61 58 79 92 91 86 74 62 51 49 50 53 61 66 72 76 83 83 86 94
-9999 -9999 -9999 -9999 -9999 91 88 90 90 89 82 82 85 83 91 88 88 84 103 93 100 98 105 92 87 89 93 88 88 89 102 105 108 104 97 109 103 96 91 90 90 90 93 101 91 99 88 91 96 86 88 86 94 95 92 96 91 93 92 89 91 86 79 74 68 62 64 78 92 84 78 72 51 43 41 48 50 55 56 61 72 74 76 82 87
-9999 -9999 -9999 -9999 89 92 90 89 91 93 86 79 85 90 88 97 92 91 92 98 102 108 99 90 93 91 86 82 80 88 90 91 99 105 99 108 100 96 109 105 105 107 91 99 102 92 98 88 92 88 92 88 92 95 90 86 90 86 87 90 90 82 82 73 67 62 71 96 90 81 71 60 44 41 43 41 39 44 48 57 66 74 80 83 87
-9999 -9999 -9999 -9999 85 86 91 91 98 102 94 87 80 84 87 91 102 96 100 105 108 98 105 101 93 92 94 87 83 78 89 95 92 111 103 96 102 96 90 109 103 83 89 93 98 84 96 92 84 88 84 86 87 89 88 78 80 77 87 90 81 82 78 69 65 64 77 88 79 68 55 44 44 55 57 51 43 42 47 58 68 73 77 85 88
-9999 -9999 -9999 91 92 87 94 89 97 94 104 93 87 85 88 94 99 96 96 100 104 95 99 102 100 93 94 94 96 95 90 94 88 92 110 98 92 100 96 89 89 89 91 93 98 84 93 88 88 88 88 93 80 80 84 75 72 82 84 86 80 79 68 68 65 67 77 85 74 61 46 42 54 66 68 57 48 44 48 59 71 77 85 89 91
-9999 -9999 -9999 96 87 95 95 103 97 101 98 94 97 89 91 95 87 96 90 93 99 104 99 98 100 96 97 94 94 94 91 96 84 87 96 96 98 92 100 96 95 97 97 98 81 84 86 89 77 81 83 74 77 79 83 75 80 79 81 81 80 73 70 68 69 67 73 78 69 54 43 44 55 69 68 56 48 48 57 68 85 95 106 100 97
-9999 -9999 -9999 94 92 95 103 104 99 98 100 98 96 94 92 98 91 99 98 89 99 101 88 89 95 91 92 98 96 94 94 91 84 82 93 88 99 97 92 103 101 97 82 79 83 86 88 88 79 80 82 73 76 79 74 74 78 78 83 75 75 69 67 67 68 72 68 70 67 53 43 43 50 56 52 45 44 59 69 81 95 118 123 115 109
-9999 -9999 94 100 102 100 104 102 98 101 107 101 101 97 96 97 101 95 107 98 102 96 100 93 107 101 92 102 100 98 88 95 93 83 82 82 87 86 88 91 91 85 83 84 85 87 87 76 80 80 72 74 78 74 71 80 81 79 79 75 75 66 66 68 70 70 72 73 70 55 50 42 43 45 50 59 68 77 88 100 114 126 134 125 120
-9999 -9999 103 100 104 105 109 106 99 102 104 108 106 104 100 115 116 117 106 111 104 107 109 110 108 103 102 102 101 92 83 97 94 92 88 79 83 84 83 85 80 77 77 86 86 75 75 78 81 81 73 78 74 76 80 81 81 81 78 74 69 67 65 70 71 73 75 74 73 68 63 59 57 62 77 94 100 103 115 126 123 130 133 131 127
-9999 -9999 110 101 111 103 108 110 101 99 107 103 112 112 108 109 107 107 107 112 115 117 108 111 111 105 108 106 104 94 87 91 94 92 83 90 80 79 79 82 79 75 81 81 77 80 81 81 72 80 77 79 83 79 83 84 80 78 79 78 72 78 69 67 72 74 78 83 81 77 76 74 83 92 100 127 132 130 133 140 133 136 138 136 132
-9999 113 117 112 110 113 107 109 110 111 103 109 106 104 115 116 112 112 116 117 120 121 111 115 115 119 110 109 109 96 88 88 90 95 91 81 85 85 82 80 79 76 73 77 78 76 78 79 75 80 82 81 77 78 80 79 85 80 83 75 75 81 80 70 70 75 79 87 91 90 90 100 103 112 124 138 144 133 135 139 143 147 146 143 138
-9999 115 120 116 111 112 109 106 107 107 102 109 103 111 110 109 120 121 122 123 110 114 115 118 122 122 114 114 112 100 91 89 87 89 87 82 80 83 77 74 74 73 76 73 77 79 76 73 77 75 77 78 75 79 79 76 85 79 75 74 83 81 78 72 72 80 82 92 101 102 104 107 124 133 142 138 139 149 150 150 153 155 156 152 136
-9999 119 114 118 116 113 114 110 104 95 98 99 103 108 106 113 114 113 114 115 118 119 121 113 114 116 118 117 106 94 92 93 88 84 88 86 83 77 81 78 69 73 71 76 75 76 74 75 78 73 76 75 76 80 75 76 78 79 75 79 78 79 75 76 75 80 86 99 101 103 118 125 131 138 142 149 149 147 163 147 147 149 151 144 142
-9999 112 -9999 -9999 118 115 113 115 100 95 88 95 93 101 107 105 110 109 109 114 114 114 118 118 122 111 110 110 98 89 88 84 83 80 84 81 78 75 72 69 74 71 75 72 71 70 72 76 73 77 79 81 76 77 77 76 80 78 75 77 79 75 75 75 79 91 96 108 111 115 120 127 137 143 143 143 158 157 157 154 154 152 152 147 144
