KUENM/M_variables/Set_1/bio12_unc.asc
NCOLS 197 
NROWS 210 
XLLCORNER 56.1666666666667 
YLLCORNER 4.5 
CELLSIZE 0.166666666666667 
NODATA_value -9999 
[rows 36 to 71 of 210, columns 0 to 81 of 197]
-9999 -9999 -9999 -9999 -9999 -9999 -9999 -9999 -9999 -9999 -9999 -9999 -9999 -9999 -9999 -9999 -9999 -9999 -9999 -9999 -9999 -9999 -9999 -9999 -9999 -9999 -9999 -9999 -9999 -9999 -9999 -9999 -9999 -9999 -9999 -9999 -9999 -9999 -9999 -9999 -9999 -9999 -9999 -9999 -9999 -9999 -9999 -9999 -9999 -9999 -9999 -9999 -9999 -9999 -9999 -9999 -9999 -9999 -9999 243 222 243 255 276 315 296 324 322 373 355 384 300 250 242 247 277 282 308 440 417 473 485
-9999 -9999 -9999 -9999 -9999 -9999 -9999 -9999 -9999 -9999 -9999 -9999 -9999 -9999 -9999 -9999 -9999 -9999 -9999 -9999 -9999 -9999 -9999 -9999 -9999 -9999 -9999 -9999 -9999 -9999 -9999 -9999 -9999 -9999 -9999 -9999 -9999 -9999 -9999 -9999 -9999 -9999 -9999 -9999 -9999 -9999 -9999 -9999 -9999 -9999 -9999 -9999 -9999 -9999 -9999 -9999 -9999 -9999 -9999 233 242 272 316 307 297 321 332 295 305 305 253 223 222 231 254 261 283 362 452 410 428 441
-9999 -9999 -9999 -9999 -9999 -9999 -9999 -9999 -9999 -9999 -9999 -9999 -9999 -9999 -9999 -9999 -9999 -9999 -9999 -9999 -9999 -9999 -9999 -9999 -9999 -9999 -9999 -9999 -9999 -9999 -9999 -9999 -9999 -9999 -9999 -9999 -9999 -9999 -9999 -9999 -9999 -9999 -9999 -9999 -9999 -9999 -9999 -9999 -9999 -9999 -9999 -9999 -9999 -9999 -9999 -9999 -9999 -9999 -9999 250 266 288 290 273 314 311 304 261 268 242 215 209 217 251 272 269 305 376 396 412 434 462
-9999 -9999 -9999 -9999 -9999 -9999 -9999 -9999 -9999 -9999 -9999 -9999 -9999 -9999 -9999 -9999 -9999 -9999 -9999 -9999 -9999 -9999 -9999 -9999 -9999 -9999 -9999 -9999 -9999 -9999 -9999 -9999 -9999 -9999 -9999 -9999 -9999 -9999 -9999 -9999 -9999 -9999 -9999 -9999 -9999 -9999 -9999 -9999 -9999 -9999 -9999 -9999 -9999 -9999 -9999 -9999 -9999 -9999 -9999 251 259 266 260 284 340 291 238 263 246 220 202 206 230 245 249 287 333 343 355 366 393 413
-9999 -9999 -9999 -9999 -9999 -9999 -9999 -9999 -9999 -9999 -9999 -9999 -9999 -9999 -9999 -9999 -9999 -9999 -9999 -9999 -9999 -9999 -9999 -9999 -9999 -9999 -9999 -9999 -9999 -9999 -9999 -9999 -9999 -9999 -9999 -9999 -9999 -9999 -9999 -9999 -9999 -9999 -9999 -9999 -9999 -9999 -9999 -9999 -9999 -9999 -9999 -9999 -9999 -9999 -9999 -9999 -9999 -9999 -9999 250 254 274 298 315 322 264 234 236 215 199 200 207 217 231 253 313 312 334 336 391 420 471
-9999 -9999 -9999 -9999 -9999 -9999 -9999 -9999 -9999 -9999 -9999 -9999 -9999 -9999 -9999 -9999 -9999 -9999 -9999 -9999 -9999 -9999 -9999 -9999 -9999 -9999 -9999 -9999 -9999 -9999 -9999 -9999 -9999 -9999 -9999 -9999 -9999 -9999 -9999 -9999 -9999 -9999 -9999 -9999 -9999 -9999 -9999 -9999 -9999 -9999 -9999 -9999 -9999 -9999 -9999 -9999 -9999 -9999 -9999 -9999 277 311 278 267 259 245 244 225 219 214 208 209 218 235 263 276 279 323 341 407 442 443
-9999 -9999 -9999 -9999 -9999 -9999 -9999 -9999 -9999 -9999 -9999 -9999 -9999 -9999 -9999 -9999 -9999 -9999 -9999 -9999 -9999 -9999 -9999 -9999 -9999 -9999 -9999 -9999 -9999 -9999 -9999 -9999 -9999 -9999 -9999 -9999 -9999 -9999 -9999 -9999 -9999 -9999 -9999 -9999 -9999 -9999 -9999 -9999 -9999 -9999 -9999 -9999 -9999 -9999 -9999 -9999 -9999 -9999 -9999 -9999 283 282 268 266 261 260 241 234 239 223 215 219 231 245 259 266 267 300 344 371 378 396
-9999 -9999 -9999 -9999 -9999 -9999 -9999 -9999 -9999 -9999 -9999 -9999 -9999 -9999 -9999 -9999 -9999 -9999 -9999 -9999 -9999 -9999 -9999 -9999 -9999 -9999 -9999 -9999 -9999 -9999 -9999 -9999 -9999 -9999 -9999 -9999 -9999 -9999 -9999 -9999 -9999 -9999 -9999 -9999 -9999 -9999 -9999 -9999 -9999 -9999 -9999 -9999 -9999 -9999 -9999 -9999 -9999 -9999 -9999 -9999 261 263 266 273 271 262 250 248 232 227 233 241 250 260 281 285 279 275 307 323 328 349
-9999 -9999 -9999 -9999 -9999 -9999 -9999 -9999 -9999 -9999 -9999 -9999 -9999 -9999 -9999 -9999 -9999 -9999 -9999 -9999 -9999 -9999 -9999 -9999 -9999 -9999 -9999 -9999 -9999 -9999 -9999 -9999 -9999 -9999 -9999 -9999 -9999 -9999 -9999 -9999 -9999 -9999 -9999 -9999 -9999 -9999 -9999 -9999 -9999 -9999 -9999 -9999 -9999 -9999 -9999 -9999 -9999 -9999 -9999 -9999 249 264 273 276 278 267 263 251 248 249 252 255 250 260 262 268 295 266 273 287 292 290
-9999 -9999 -9999 -9999 -9999 -9999 -9999 -9999 -9999 -9999 -9999 -9999 -9999 -9999 -9999 -9999 -9999 -9999 -9999 -9999 -9999 -9999 -9999 -9999 -9999 -9999 -9999 -9999 -9999 -9999 -9999 -9999 -9999 -9999 -9999 -9999 -9999 -9999 -9999 -9999 -9999 -9999 -9999 -9999 -9999 -9999 -9999 -9999 -9999 -9999 -9999 -9999 -9999 -9999 -9999 -9999 -9999 -9999 -9999 -9999 244 252 259 271 275 273 266 259 248 253 252 249 249 250 257 257 276 278 261 268 291 297
-9999 -9999 -9999 -9999 -9999 -9999 -9999 -9999 -9999 -9999 -9999 -9999 -9999 -9999 -9999 -9999 -9999 -9999 -9999 -9999 -9999 -9999 -9999 -9999 -9999 -9999 -9999 -9999 -9999 -9999 -9999 -9999 -9999 63 63 61 64 65 69 72 75 77 82 87 -9999 -9999 -9999 -9999 -9999 -9999 -9999 -9999 -9999 -9999 -9999 -9999 -9999 -9999 -9999 -9999 227 246 257 259 273 277 267 256 255 253 248 245 246 246 248 251 267 274 288 273 288 325
-9999 -9999 -9999 -9999 -9999 -9999 -9999 -9999 -9999 -9999 -9999 -9999 -9999 -9999 -9999 -9999 -9999 -9999 -9999 -9999 -9999 -9999 -9999 -9999 -9999 -9999 -9999 -9999 76 67 61 60 59 59 59 60 62 64 64 66 71 74 79 82 87 89 93 93 95 -9999 -9999 -9999 -9999 -9999 -9999 -9999 -9999 -9999 -9999 -9999 -9999 229 241 253 265 269 265 262 260 254 249 245 246 243 246 249 259 274 279 284 291 354
-9999 -9999 -9999 -9999 -9999 -9999 -9999 -9999 -9999 -9999 -9999 -9999 -9999 -9999 -9999 -9999 -9999 -9999 -9999 -9999 -9999 -9999 -9999 -9999 84 82 83 74 69 66 59 57 56 57 55 56 58 59 61 66 71 75 77 78 81 83 86 88 90 99 114 124 132 -9999 -9999 -9999 -9999 -9999 -9999 -9999 -9999 234 242 261 269 270 266 269 268 265 259 255 253 246 244 249 268 277 271 271 306 341
-9999 -9999 -9999 -9999 -9999 -9999 -9999 -9999 -9999 -9999 -9999 -9999 -9999 -9999 -9999 -9999 -9999 -9999 -9999 -9999 -9999 -9999 94 113 83 76 76 75 67 64 59 56 56 54 54 55 54 56 57 60 65 70 71 75 76 80 81 83 88 100 113 126 134 145 158 -9999 -9999 -9999 -9999 -9999 -9999 232 245 269 273 272 273 274 272 272 268 262 257 258 257 258 263 261 255 280 311 331
-9999 -9999 -9999 -9999 -9999 -9999 -9999 -9999 -9999 -9999 -9999 -9999 -9999 -9999 -9999 -9999 -9999 -9999 -9999 -9999 83 82 87 90 83 75 69 69 63 59 58 58 54 54 53 52 54 54 56 58 61 68 71 75 74 77 80 81 85 98 114 125 133 143 154 164 175 -9999 -9999 -9999 -9999 223 247 274 277 280 281 278 281 280 271 268 264 251 240 243 260 252 256 290 308 325
-9999 -9999 -9999 -9999 -9999 -9999 -9999 -9999 -9999 -9999 -9999 -9999 -9999 -9999 -9999 -9999 -9999 -9999 76 72 77 79 83 85 88 83 72 65 61 58 58 58 55 55 54 52 52 59 60 60 66 66 69 71 75 74 77 78 87 98 114 124 130 138 148 160 172 181 189 -9999 -9999 -9999 261 270 279 280 279 281 293 281 266 247 236 234 227 224 234 242 267 291 313 312
-9999 -9999 -9999 -9999 -9999 -9999 -9999 -9999 -9999 -9999 -9999 -9999 -9999 -9999 -9999 -9999 67 67 71 75 77 81 82 95 95 93 88 66 60 59 57 57 54 52 52 53 53 58 60 60 62 64 66 69 70 72 75 76 85 96 110 117 126 135 144 155 165 175 183 193 204 -9999 254 253 257 262 269 280 281 274 272 253 222 206 204 218 233 251 270 286 302 307
-9999 -9999 -9999 -9999 -9999 -9999 -9999 -9999 -9999 -9999 -9999 -9999 -9999 -9999 56 58 62 65 67 69 76 80 83 95 96 91 93 73 59 57 56 57 53 52 52 51 51 53 52 58 59 63 63 62 64 67 72 76 85 97 107 114 120 129 141 149 159 166 173 179 202 243 236 242 251 263 269 274 285 291 278 263 248 235 231 233 240 254 267 290 301 309
-9999 -9999 -9999 -9999 -9999 -9999 -9999 -9999 -9999 -9999 -9999 -9999 -9999 57 54 58 58 62 65 68 75 79 88 107 100 91 89 72 59 57 56 55 55 54 53 52 50 49 52 56 58 57 57 61 69 68 70 76 87 97 100 106 116 123 135 143 150 157 162 171 203 225 229 242 255 266 267 271 280 294 294 272 255 237 230 234 245 260 278 296 315 327
-9999 -9999 -9999 -9999 -9999 -9999 -9999 -9999 -9999 -9999 -9999 -9999 56 56 55 54 56 60 63 69 72 79 98 106 98 95 90 71 59 58 57 56 55 52 52 51 51 50 51 52 53 54 57 63 70 71 74 80 88 93 97 101 108 114 125 133 139 146 151 159 185 206 218 239 249 253 281 260 269 279 280 272 261 255 248 251 257 272 292 310 331 345
-9999 -9999 -9999 -9999 -9999 -9999 -9999 -9999 -9999 -9999 -9999 54 53 53 52 51 52 58 60 65 69 72 94 114 98 93 100 79 60 57 56 56 55 53 51 51 49 49 51 52 52 54 58 64 70 75 78 83 87 90 94 99 104 110 119 126 133 138 142 152 188 197 205 226 234 244 252 249 260 283 315 293 277 268 264 260 267 280 304 328 344 359
-9999 -9999 -9999 -9999 -9999 -9999 -9999 -9999 -9999 -9999 82 61 53 49 50 48 49 49 53 57 61 69 88 96 100 94 106 96 73 62 57 55 54 53 49 49 48 46 48 50 50 55 62 70 75 78 82 85 85 88 94 97 102 109 114 122 125 130 133 159 184 185 191 198 213 220 227 237 234 223 248 254 284 278 273 269 284 297 317 340 363 375
-9999 -9999 -9999 -9999 -9999 -9999 -9999 -9999 -9999 163 110 65 53 50 49 48 48 48 54 58 60 72 104 102 110 105 99 108 93 74 61 57 54 52 48 48 49 49 49 50 54 60 66 78 79 84 89 90 93 96 99 102 100 103 108 114 119 124 126 156 169 172 187 189 202 206 208 181 197 185 178 200 216 263 272 279 287 299 313 329 351 358
-9999 -9999 -9999 -9999 -9999 -9999 -9999 -9999 165 163 122 77 64 56 51 50 50 48 50 54 56 64 101 122 119 115 114 110 104 106 84 63 56 55 54 52 50 50 52 53 58 63 72 86 87 91 96 99 105 112 108 101 95 99 105 110 113 117 121 141 156 164 178 184 201 197 194 172 149 138 142 153 184 237 263 272 281 286 305 317 316 332
-9999 -9999 -9999 -9999 -9999 -9999 -9999 215 180 153 131 123 92 62 57 52 52 50 50 52 55 61 87 119 115 117 129 116 108 102 106 88 63 57 57 55 53 53 57 58 59 63 73 85 93 103 103 107 114 105 97 91 93 97 101 106 109 114 119 138 158 167 168 183 196 193 199 169 127 123 128 137 160 192 230 259 265 274 292 291 296 301
-9999 -9999 -9999 -9999 -9999 -9999 254 216 223 183 129 109 102 70 64 57 54 53 51 54 57 62 74 101 108 110 123 120 120 106 92 101 74 64 64 60 58 61 67 73 64 57 66 77 77 89 96 97 95 92 88 89 92 97 99 104 106 111 126 151 155 163 172 181 192 188 196 149 115 112 116 121 136 187 227 250 255 270 278 276 276 272
-9999 -9999 -9999 -9999 -9999 -9999 223 238 251 182 166 112 85 68 65 62 59 55 54 57 62 63 73 118 106 109 117 123 129 115 84 82 76 69 65 62 60 64 63 77 64 55 58 63 67 74 80 83 85 87 87 89 93 93 96 102 111 122 134 149 164 159 168 196 192 194 184 130 107 105 106 108 123 157 185 202 221 244 252 246 244 247
-9999 -9999 -9999 -9999 -9999 162 159 151 153 124 193 183 111 72 68 62 61 60 57 62 68 66 70 102 111 109 118 130 130 113 95 82 69 68 61 57 56 53 50 49 49 49 54 57 62 67 75 78 81 84 86 87 95 106 111 116 112 116 141 157 166 164 181 212 188 172 164 122 103 100 99 102 123 147 187 224 225 230 216 205 202 184
-9999 -9999 -9999 -9999 215 179 162 149 98 88 151 228 178 106 77 70 64 64 60 65 68 71 76 96 117 113 120 133 147 131 113 97 76 67 62 56 55 53 47 44 44 46 52 56 59 64 68 76 80 87 92 100 116 118 113 101 107 117 147 164 167 170 191 185 193 186 154 106 103 105 101 104 124 162 190 203 198 191 181 181 172 155
-9999 -9999 -9999 -9999 233 194 166 151 106 83 92 142 222 151 103 81 70 68 66 70 71 75 82 91 119 113 117 121 139 166 128 104 85 70 64 61 57 53 49 47 46 48 52 54 57 62 70 81 97 101 97 100 102 95 95 97 102 121 151 165 169 188 202 185 193 184 139 109 109 108 111 122 153 202 224 215 196 176 163 154 143 136
-9999 -9999 -9999 170 176 185 151 122 103 85 83 92 123 164 130 95 82 78 76 78 79 85 89 89 107 112 114 115 119 118 110 103 115 86 71 64 61 55 53 51 51 52 53 54 58 62 71 80 80 81 80 83 86 88 92 98 108 128 161 167 174 189 186 188 195 185 143 115 111 117 127 148 195 265 278 228 185 160 144 133 125 120
-9999 -9999 -9999 167 193 155 126 107 99 91 89 88 94 98 105 106 96 91 96 97 89 95 104 102 100 115 118 113 114 114 110 102 126 111 89 76 67 61 56 55 54 55 56 58 61 63 67 69 73 76 78 85 86 91 95 102 119 138 159 163 179 184 191 200 201 197 167 118 115 122 135 158 207 281 280 209 166 141 128 122 116 112
-9999 -9999 -9999 175 171 133 114 117 115 100 89 87 86 85 84 90 111 107 106 122 101 103 133 141 109 129 122 115 112 113 111 109 121 140 107 98 83 69 62 59 58 57 60 63 66 67 69 71 76 78 81 86 90 93 98 110 137 146 167 169 178 190 201 207 208 189 180 134 116 124 132 151 176 200 186 151 132 118 113 108 108 107
-9999 -9999 170 149 140 121 112 113 109 101 91 88 87 85 84 85 88 96 95 97 103 112 117 120 105 119 128 118 117 117 121 119 116 123 121 123 106 87 73 67 67 64 67 68 69 71 71 75 80 80 85 89 92 97 108 129 147 149 162 169 179 192 209 212 207 207 181 163 118 121 126 132 139 141 125 108 102 101 100 102 103 104
-9999 -9999 148 147 137 125 117 116 127 114 99 93 90 86 84 83 82 83 86 91 103 102 105 103 101 110 114 115 114 123 132 119 119 117 115 136 117 102 87 78 75 73 72 71 71 74 76 79 81 83 88 92 99 111 127 147 149 152 158 160 174 187 204 211 208 199 185 158 117 118 118 118 116 112 102 94 89 88 93 95 98 100
-9999 -9999 140 148 125 134 130 117 123 123 102 98 94 93 89 87 86 85 85 89 92 93 98 101 100 109 111 114 116 120 133 131 119 115 120 118 124 109 99 91 87 86 81 82 80 82 83 83 87 94 101 104 119 136 141 150 148 147 150 163 162 176 189 194 201 201 191 131 117 114 113 109 105 100 99 95 90 88 90 95 96 96
