KUENM/M_variables/Set_1/bio15_unc.asc
NCOLS 197 
NROWS 210 
XLLCORNER 56.1666666666667 
YLLCORNER 4.5 
CELLSIZE 0.166666666666667 
NODATA_value -9999 
[rows 0 to 37 of 210, columns 85 to 169 of 197]
-9999 -9999 -9999 -9999 -9999 -9999 -9999 -9999 -9999 47 45 43 42 41 39 38 37 36 35 36 -9999 -9999 -9999 -9999 -9999 -9999 -9999 -9999 -9999 -9999 -9999 -9999 -9999 -9999 -9999 -9999 -9999 -9999 -9999 -9999 -9999 -9999 -9999 -9999 -9999 -9999 -9999 -9999 -9999 -9999 -9999 -9999 -9999 -9999 -9999 -9999 -9999 -9999 -9999 -9999 -9999 -9999 -9999 -9999 -9999 -9999 -9999 -9999 -9999 -9999 -9999 -9999 -9999 -9999 -9999 -9999 -9999 -9999 -9999 -9999 -9999 -9999 -9999 -9999 -9999
-9999 -9999 -9999 59 57 57 55 53 48 47 46 44 43 42 41 39 38 37 35 35 34 34 37 37 37 43 -9999 -9999 -9999 -9999 -9999 -9999 -9999 -9999 -9999 -9999 -9999 -9999 -9999 -9999 -9999 -9999 -9999 -9999 -9999 -9999 -9999 -9999 -9999 -9999 -9999 -9999 -9999 -9999 -9999 -9999 -9999 -9999 -9999 -9999 -9999 -9999 -9999 -9999 -9999 -9999 -9999 -9999 -9999 -9999 -9999 -9999 -9999 -9999 -9999 -9999 -9999 -9999 -9999 -9999 -9999 -9999 -9999 -9999 -9999
64 63 62 60 58 56 52 52 50 47 45 45 44 43 41 40 38 37 36 35 35 35 35 37 47 44 41 49 57 64 -9999 -9999 -9999 -9999 -9999 -9999 -9999 -9999 -9999 -9999 -9999 -9999 -9999 -9999 -9999 -9999 -9999 -9999 -9999 -9999 -9999 -9999 -9999 -9999 -9999 -9999 -9999 -9999 -9999 -9999 -9999 -9999 -9999 -9999 -9999 -9999 -9999 -9999 -9999 -9999 -9999 -9999 -9999 -9999 -9999 -9999 -9999 -9999 -9999 -9999 -9999 -9999 -9999 -9999 -9999
65 62 61 60 58 54 54 52 49 47 46 46 44 43 42 40 39 37 35 34 35 34 36 39 41 48 45 47 46 64 62 65 58 -9999 -9999 -9999 -9999 -9999 -9999 -9999 -9999 -9999 -9999 -9999 -9999 -9999 -9999 -9999 -9999 -9999 -9999 -9999 -9999 -9999 -9999 -9999 -9999 -9999 -9999 -9999 -9999 -9999 -9999 -9999 -9999 -9999 -9999 -9999 -9999 -9999 -9999 -9999 -9999 -9999 -9999 -9999 -9999 -9999 -9999 -9999 -9999 -9999 -9999 -9999 -9999
67 65 65 61 58 58 54 53 51 50 48 47 45 44 42 42 39 38 36 36 34 35 35 37 38 41 44 57 47 59 56 67 66 63 51 -9999 -9999 -9999 -9999 -9999 -9999 -9999 -9999 -9999 -9999 -9999 -9999 -9999 -9999 -9999 -9999 -9999 -9999 -9999 -9999 -9999 -9999 -9999 -9999 -9999 -9999 -9999 -9999 -9999 -9999 -9999 -9999 -9999 -9999 -9999 -9999 -9999 -9999 -9999 -9999 -9999 -9999 -9999 -9999 -9999 -9999 -9999 -9999 -9999 -9999
67 65 64 62 60 56 54 53 55 52 50 46 45 44 44 41 39 39 38 37 35 34 36 38 40 39 42 50 48 43 52 63 67 69 69 54 42 -9999 -9999 -9999 -9999 -9999 -9999 -9999 -9999 -9999 -9999 -9999 -9999 -9999 -9999 -9999 -9999 -9999 -9999 -9999 -9999 -9999 -9999 -9999 -9999 -9999 -9999 -9999 -9999 -9999 -9999 -9999 -9999 -9999 -9999 -9999 -9999 -9999 -9999 -9999 -9999 -9999 -9999 -9999 -9999 -9999 -9999 -9999 -9999
67 65 66 66 64 60 57 58 54 52 51 48 47 46 45 42 41 40 38 38 36 35 38 41 43 43 42 46 56 49 53 59 63 71 73 71 62 61 56 -9999 -9999 -9999 -9999 -9999 -9999 -9999 -9999 -9999 -9999 -9999 -9999 -9999 -9999 -9999 -9999 -9999 -9999 -9999 -9999 -9999 -9999 -9999 -9999 -9999 -9999 -9999 -9999 -9999 -9999 -9999 -9999 -9999 -9999 -9999 -9999 -9999 -9999 -9999 -9999 -9999 -9999 -9999 -9999 -9999 -9999
68 69 65 65 60 62 63 58 55 54 51 52 50 47 45 44 42 41 39 36 37 36 42 40 43 40 45 49 43 47 51 55 63 66 68 77 71 69 58 59 62 -9999 -9999 -9999 -9999 -9999 -9999 -9999 -9999 -9999 -9999 -9999 -9999 -9999 -9999 -9999 -9999 -9999 -9999 -9999 -9999 -9999 -9999 -9999 -9999 -9999 -9999 -9999 -9999 -9999 -9999 -9999 -9999 -9999 -9999 -9999 -9999 -9999 -9999 -9999 -9999 -9999 -9999 -9999 -9999
72 68 64 63 61 65 60 59 56 56 55 52 49 48 45 45 43 41 40 37 37 35 40 44 44 52 42 45 51 51 56 59 61 71 81 77 81 67 60 59 61 61 -9999 -9999 -9999 -9999 -9999 -9999 -9999 -9999 -9999 -9999 -9999 -9999 -9999 -9999 -9999 -9999 -9999 -9999 -9999 -9999 -9999 -9999 -9999 -9999 -9999 -9999 -9999 -9999 -9999 -9999 -9999 -9999 -9999 -9999 -9999 -9999 -9999 -9999 -9999 -9999 -9999 -9999 -9999
72 71 69 64 65 67 64 64 59 58 53 51 49 48 47 46 44 42 41 40 38 38 38 40 43 50 45 46 54 55 62 55 65 69 77 63 64 55 53 56 59 58 57 -9999 -9999 -9999 -9999 -9999 -9999 -9999 -9999 -9999 -9999 -9999 -9999 -9999 -9999 -9999 -9999 -9999 -9999 -9999 -9999 -9999 -9999 -9999 -9999 -9999 -9999 -9999 -9999 -9999 -9999 -9999 -9999 -9999 -9999 -9999 -9999 -9999 -9999 -9999 -9999 -9999 -9999
74 71 69 68 68 63 61 64 57 57 56 53 52 51 48 48 46 43 41 40 40 40 41 39 42 43 51 45 49 64 61 61 63 65 62 80 63 56 56 55 60 59 60 60 66 -9999 -9999 -9999 -9999 -9999 -9999 -9999 -9999 -9999 -9999 -9999 -9999 -9999 -9999 -9999 -9999 -9999 -9999 -9999 -9999 -9999 -9999 -9999 -9999 -9999 -9999 -9999 -9999 -9999 -9999 -9999 -9999 -9999 -9999 -9999 -9999 -9999 -9999 -9999 -9999
78 75 71 71 70 64 63 64 62 57 54 52 52 51 48 47 48 44 42 42 41 40 42 41 42 43 50 46 49 55 52 62 55 55 65 62 69 63 58 58 60 59 58 60 59 66 -9999 -9999 -9999 -9999 -9999 -9999 -9999 -9999 -9999 -9999 -9999 -9999 -9999 -9999 -9999 -9999 -9999 -9999 -9999 -9999 -9999 -9999 -9999 -9999 -9999 -9999 -9999 -9999 -9999 -9999 -9999 -9999 -9999 -9999 -9999 -9999 -9999 -9999 -9999
77 76 74 73 71 67 67 67 61 57 56 56 55 52 50 48 47 46 43 44 44 43 44 42 43 44 50 50 47 51 61 49 62 57 59 68 75 60 58 51 54 51 58 57 58 60 62 -9999 -9999 -9999 -9999 -9999 -9999 -9999 -9999 -9999 -9999 -9999 -9999 -9999 -9999 -9999 -9999 -9999 -9999 -9999 -9999 -9999 -9999 -9999 -9999 -9999 -9999 -9999 -9999 -9999 -9999 -9999 -9999 -9999 -9999 -9999 -9999 -9999 -9999
83 79 76 75 71 66 67 64 63 61 60 57 53 51 50 49 47 45 44 45 42 43 43 44 46 47 47 47 49 47 57 57 53 56 62 66 63 64 52 52 52 52 54 55 56 54 58 61 -9999 -9999 -9999 -9999 -9999 -9999 -9999 -9999 -9999 -9999 -9999 -9999 -9999 -9999 -9999 -9999 -9999 -9999 -9999 -9999 -9999 -9999 -9999 -9999 -9999 -9999 -9999 -9999 -9999 -9999 -9999 -9999 -9999 -9999 -9999 -9999 -9999
83 84 81 78 73 71 68 63 59 60 55 55 53 53 51 48 46 46 45 46 44 44 43 46 48 48 50 49 49 49 52 56 56 54 56 57 69 62 52 69 54 59 70 76 76 78 69 75 73 57 -9999 -9999 -9999 -9999 -9999 -9999 -9999 -9999 -9999 -9999 -9999 -9999 -9999 -9999 -9999 -9999 -9999 -9999 -9999 -9999 -9999 -9999 -9999 -9999 -9999 -9999 -9999 -9999 -9999 -9999 -9999 -9999 -9999 -9999 -9999
84 81 81 82 76 68 66 65 58 57 59 59 55 51 51 50 48 46 47 46 46 44 45 45 46 48 52 50 50 49 51 49 45 56 56 52 60 58 60 54 54 72 59 66 75 70 82 83 79 79 72 -9999 -9999 -9999 -9999 -9999 -9999 -9999 -9999 -9999 -9999 -9999 -9999 -9999 -9999 -9999 -9999 -9999 -9999 -9999 -9999 -9999 -9999 -9999 -9999 -9999 -9999 -9999 -9999 -9999 -9999 -9999 -9999 -9999 -9999
84 79 77 81 76 66 66 70 62 63 58 53 51 52 50 50 48 46 48 45 45 44 48 46 50 49 50 54 47 46 51 50 48 46 53 50 60 61 63 60 74 75 75 82 84 79 95 82 85 83 70 82 -9999 -9999 -9999 -9999 -9999 -9999 -9999 -9999 -9999 -9999 -9999 -9999 -9999 -9999 -9999 -9999 -9999 -9999 -9999 -9999 -9999 -9999 -9999 -9999 -9999 -9999 -9999 -9999 -9999 -9999 -9999 -9999 -9999
83 76 79 80 73 69 71 64 62 57 54 54 56 52 50 50 48 48 47 45 48 47 48 46 45 47 53 53 52 49 50 44 49 52 50 52 54 51 57 58 69 67 72 73 69 78 89 81 85 71 77 86 70 -9999 -9999 -9999 -9999 -9999 -9999 -9999 -9999 -9999 -9999 -9999 -9999 -9999 -9999 -9999 -9999 -9999 -9999 -9999 -9999 -9999 -9999 -9999 -9999 -9999 -9999 -9999 -9999 -9999 -9999 -9999 -9999
78 73 81 74 69 68 66 61 57 55 57 57 57 53 51 48 46 47 50 45 48 50 44 50 48 44 48 56 46 45 47 45 47 48 49 46 52 57 53 61 61 65 70 69 77 85 78 87 94 89 86 81 87 91 -9999 -9999 -9999 -9999 -9999 -9999 -9999 -9999 -9999 -9999 -9999 -9999 -9999 -9999 -9999 -9999 -9999 -9999 -9999 -9999 -9999 -9999 -9999 -9999 -9999 -9999 -9999 -9999 -9999 -9999 -9999
72 76 76 68 67 66 63 63 59 56 60 60 55 51 49 47 47 47 49 50 56 47 45 53 54 54 52 50 46 40 43 45 46 44 49 49 49 52 62 66 59 64 79 73 82 84 83 94 97 101 81 98 90 103 95 -9999 -9999 -9999 -9999 -9999 -9999 -9999 -9999 -9999 -9999 -9999 -9999 -9999 -9999 -9999 -9999 -9999 -9999 -9999 -9999 -9999 -9999 -9999 -9999 -9999 -9999 -9999 -9999 -9999 -9999
75 75 76 72 67 66 65 64 65 61 60 53 52 49 48 47 46 45 44 44 46 53 52 56 47 46 43 44 47 47 47 44 42 42 46 50 46 52 51 60 62 64 68 77 77 77 89 79 97 90 90 90 102 91 101 98 -9999 -9999 -9999 -9999 -9999 -9999 -9999 -9999 -9999 -9999 -9999 -9999 -9999 -9999 -9999 -9999 -9999 -9999 -9999 -9999 -9999 -9999 -9999 -9999 -9999 -9999 -9999 -9999 -9999
77 77 71 72 64 67 64 63 66 62 55 52 50 48 46 45 44 44 43 44 44 45 46 54 61 52 53 44 47 48 47 43 45 44 46 46 52 49 54 60 58 63 66 75 85 86 77 83 89 83 96 96 91 107 108 109 100 -9999 -9999 -9999 -9999 -9999 -9999 -9999 -9999 -9999 -9999 -9999 -9999 -9999 -9999 -9999 -9999 -9999 -9999 -9999 -9999 -9999 -9999 -9999 -9999 -9999 -9999 -9999 -9999
73 72 72 67 66 67 65 62 65 56 53 50 49 47 45 44 44 43 44 44 44 46 45 46 48 58 55 48 47 44 49 46 44 43 44 44 46 50 52 59 55 61 63 75 70 85 86 93 94 81 87 96 97 100 91 94 96 105 -9999 -9999 -9999 -9999 -9999 -9999 -9999 -9999 -9999 -9999 -9999 -9999 -9999 -9999 -9999 -9999 -9999 -9999 -9999 -9999 -9999 -9999 -9999 -9999 -9999 -9999 -9999
78 72 69 68 66 66 63 60 61 55 52 49 47 45 44 43 43 43 44 46 47 49 47 46 44 55 49 47 51 49 46 51 42 43 44 44 41 49 52 53 61 62 67 74 75 82 85 83 81 91 86 98 93 102 102 91 108 101 -9999 -9999 -9999 -9999 -9999 -9999 -9999 -9999 -9999 -9999 -9999 -9999 -9999 -9999 -9999 -9999 -9999 -9999 -9999 -9999 -9999 -9999 -9999 -9999 -9999 -9999 -9999
77 73 72 70 66 65 63 58 55 51 48 46 45 43 43 41 43 43 42 42 44 46 51 52 51 47 47 47 43 42 49 49 51 42 42 41 37 38 45 53 59 67 67 73 78 78 79 79 84 84 90 86 85 85 100 93 109 94 104 -9999 -9999 -9999 -9999 -9999 -9999 -9999 -9999 -9999 -9999 -9999 -9999 -9999 -9999 -9999 -9999 -9999 -9999 -9999 -9999 -9999 -9999 -9999 -9999 -9999 -9999
79 73 73 70 66 62 58 54 51 47 46 45 43 42 42 41 43 44 42 42 42 42 44 44 42 41 45 46 42 42 41 49 45 52 46 50 49 44 38 52 60 56 62 70 77 82 81 87 92 91 90 84 100 91 105 97 91 102 110 92 -9999 -9999 -9999 -9999 -9999 -9999 -9999 -9999 -9999 -9999 -9999 -9999 -9999 -9999 -9999 -9999 -9999 -9999 -9999 -9999 -9999 -9999 -9999 -9999 -9999
80 75 71 69 64 61 57 52 48 46 46 43 44 43 42 46 45 42 41 41 41 42 42 42 42 42 43 44 44 42 43 40 40 48 51 41 46 39 39 48 57 54 54 70 67 72 81 87 87 91 87 99 100 96 91 105 87 100 101 101 -9999 -9999 -9999 -9999 -9999 -9999 -9999 -9999 -9999 -9999 -9999 -9999 -9999 -9999 -9999 -9999 -9999 -9999 -9999 -9999 -9999 -9999 -9999 -9999 -9999
82 72 70 68 65 60 54 52 50 48 46 46 49 47 48 50 45 43 41 42 42 42 43 43 43 42 42 44 43 41 43 40 40 37 43 48 40 39 42 38 53 52 46 64 66 72 79 80 84 94 92 89 100 93 94 95 91 91 91 110 115 -9999 -9999 -9999 -9999 -9999 -9999 -9999 -9999 -9999 -9999 -9999 -9999 -9999 -9999 -9999 -9999 -9999 -9999 -9999 -9999 -9999 -9999 -9999 -9999
77 70 67 68 66 58 58 54 52 49 50 50 50 49 53 54 51 46 44 44 41 42 42 42 43 44 44 44 43 42 40 41 42 41 45 53 38 38 34 40 39 37 53 50 75 76 72 84 78 93 90 92 104 100 97 97 101 108 102 105 109 -9999 -9999 -9999 -9999 -9999 -9999 -9999 -9999 -9999 -9999 -9999 -9999 -9999 -9999 -9999 -9999 -9999 -9999 -9999 -9999 -9999 -9999 -9999 -9999
82 79 74 70 61 64 59 54 53 56 55 52 54 55 57 54 57 54 50 45 43 42 42 45 44 43 43 44 43 41 39 41 40 45 54 48 48 49 35 44 51 46 39 40 66 69 79 75 85 78 79 83 98 93 93 107 108 106 102 98 98 105 -9999 -9999 -9999 -9999 -9999 -9999 -9999 -9999 -9999 -9999 -9999 -9999 -9999 -9999 -9999 -9999 -9999 -9999 -9999 -9999 -9999 -9999 -9999
84 79 76 73 71 64 60 55 60 67 66 59 58 60 61 61 63 65 62 50 44 42 41 53 50 48 44 42 42 40 40 40 42 44 47 45 44 45 49 36 38 48 54 55 49 63 71 67 74 89 83 89 83 99 100 107 98 99 101 111 108 102 108 -9999 -9999 -9999 -9999 -9999 -9999 -9999 -9999 -9999 -9999 -9999 -9999 -9999 -9999 -9999 -9999 -9999 -9999 -9999 -9999 -9999 -9999
69 71 69 68 67 62 58 56 60 64 67 66 65 63 63 66 66 62 60 53 45 42 41 44 55 53 45 44 41 41 40 39 38 42 39 45 45 43 41 39 37 36 38 49 53 57 57 63 79 84 72 82 92 96 99 92 107 112 114 102 115 115 102 -9999 -9999 -9999 -9999 -9999 -9999 -9999 -9999 -9999 -9999 -9999 -9999 -9999 -9999 -9999 -9999 -9999 -9999 -9999 -9999 -9999 -9999
54 55 57 56 59 60 55 55 57 63 66 67 67 68 68 68 69 64 60 50 43 42 41 40 42 49 46 43 41 40 40 40 39 39 37 37 36 35 35 34 35 33 36 41 46 64 55 60 64 75 85 78 86 85 98 96 91 105 104 114 107 103 97 103 -9999 -9999 -9999 -9999 -9999 -9999 -9999 -9999 -9999 -9999 -9999 -9999 -9999 -9999 -9999 -9999 -9999 -9999 -9999 -9999 -9999
55 52 49 50 53 53 52 54 56 58 62 67 70 71 72 73 71 66 59 57 44 41 40 40 42 40 44 44 44 43 39 40 39 38 37 36 37 35 33 36 39 38 38 40 39 49 61 55 56 55 76 83 89 86 92 100 99 104 103 114 103 110 114 105 96 -9999 -9999 -9999 -9999 -9999 -9999 -9999 -9999 -9999 -9999 -9999 -9999 -9999 -9999 -9999 -9999 -9999 -9999 -9999 -9999
50 49 49 49 50 51 50 53 54 59 65 69 71 75 78 79 79 79 67 61 45 43 43 42 40 41 40 43 46 46 40 40 40 39 38 36 36 35 36 37 36 34 41 46 37 38 59 69 61 61 56 58 69 65 74 74 99 92 107 100 95 102 117 106 105 108 -9999 -9999 -9999 -9999 -9999 -9999 -9999 -9999 -9999 -9999 -9999 -9999 -9999 -9999 -9999 -9999 -9999 -9999 -9999
54 52 54 55 59 58 58 58 59 66 69 70 73 79 84 88 92 88 79 76 65 57 45 42 40 41 39 39 40 42 39 39 41 39 38 37 36 33 35 39 33 37 35 45 42 49 43 63 71 61 52 57 74 73 73 76 63 91 104 106 109 96 112 117 105 101 105 -9999 -9999 -9999 -9999 -9999 -9999 -9999 -9999 -9999 -9999 -9999 -9999 -9999 -9999 -9999 -9999 -9999 -9999
62 65 67 67 67 65 64 65 67 71 72 75 78 83 86 91 93 89 86 85 80 72 54 45 42 40 40 39 38 39 39 40 42 41 38 39 39 36 36 37 36 35 38 41 42 42 49 48 62 67 63 71 71 70 74 73 71 87 89 108 107 101 113 104 110 101 106 110 -9999 -9999 -9999 -9999 -9999 -9999 -9999 -9999 -9999 -9999 -9999 -9999 -9999 -9999 -9999 -9999 -9999
64 67 71 72 71 71 70 70 73 74 75 78 81 84 88 89 92 91 92 93 92 82 71 69 63 47 49 41 42 41 39 39 40 40 39 40 38 36 38 37 36 36 35 39 38 45 49 52 48 50 63 48 78 85 91 90 91 94 96 114 102 107 106 104 103 99 105 92 96 -9999 -9999 -9999 -9999 -9999 -9999 -9999 -9999 -9999 -9999 -9999 -9999 -9999 -9999 -9999 -9999
