KUENM/M_variables/Set_1/bio12_unc.asc
NCOLS 197 
NROWS 210 
XLLCORNER 56.1666666666667 
YLLCORNER 4.5 
CELLSIZE 0.166666666666667 
NODATA_value -9999 
[rows 72 to 107 of 210, columns 82 to 163 of 197]
103 101 104 106 116 126 130 137 143 143 149 160 174 188 205 213 217 222 224 234 250 272 289 304 320 330 347 362 383 406 431 452 466 481 506 537 553 587 652 718 712 672 630 657 673 650 651 691 742 765 759 772 784 787 793 813 850 886 906 938 985 1070 1098 1103 1133 1112 1089 1098 1104 1119 1153 1200 1250 1289 1325 1356 1373 1365 1348 1379 1462 1484
106 106 110 117 131 145 147 150 148 152 158 168 185 204 223 232 237 235 237 247 258 276 287 309 324 336 350 362 380 405 437 458 462 483 511 548 571 601 651 703 711 668 632 662 693 664 638 641 723 765 800 817 810 807 796 797 821 858 892 896 902 976 1052 1081 1079 1036 1033 1053 1074 1097 1135 1184 1231 1233 1233 1267 1302 1308 1306 1368 1451 1448
110 112 117 125 140 157 167 168 159 159 164 171 186 208 236 255 253 249 250 257 269 284 295 314 329 337 352 361 383 415 440 456 462 487 523 565 588 591 611 650 668 641 618 656 697 699 714 742 749 759 792 822 820 823 816 810 794 845 888 877 866 918 999 1052 1050 1015 1008 1005 1021 1059 1106 1156 1197 1160 1125 1185 1239 1253 1259 1319 1413 1399
118 115 118 128 146 169 197 182 169 167 169 174 185 204 230 250 256 256 257 266 283 296 314 329 338 344 346 359 394 427 438 451 465 492 533 583 592 571 573 611 642 633 608 649 694 717 734 769 782 768 776 820 855 856 867 860 830 852 878 869 872 914 966 984 973 986 994 959 959 1025 1082 1123 1156 1142 1092 1152 1198 1203 1191 1206 1280 1309
122 122 125 134 148 176 191 182 173 173 179 181 189 206 227 241 254 257 268 280 299 314 329 348 351 351 354 377 417 444 450 457 470 484 523 589 609 578 585 644 664 648 629 651 711 727 731 761 805 793 799 831 862 862 891 893 861 863 868 859 867 899 930 925 908 954 982 932 954 1015 1055 1083 1118 1136 1113 1137 1155 1145 1121 1111 1176 1234
127 128 133 141 154 168 175 169 166 179 185 189 192 207 225 245 259 268 283 300 319 334 350 354 363 367 365 401 481 476 452 447 458 479 513 593 654 635 638 667 661 687 684 701 725 732 769 798 835 844 831 850 877 829 840 857 854 844 841 841 840 849 855 858 875 908 924 927 960 1004 1016 1031 1072 1126 1113 1093 1077 1073 1085 1096 1140 1182
136 139 140 147 156 165 171 170 174 187 192 196 198 208 224 246 264 290 319 335 345 355 360 365 366 367 382 396 511 466 415 440 462 486 536 607 665 676 684 686 701 740 743 754 755 748 773 808 856 874 856 857 884 834 816 835 848 846 847 846 822 830 829 843 879 902 914 931 956 973 973 975 1011 1064 1091 1068 1036 1050 1080 1098 1121 1155
143 146 149 155 163 171 183 191 195 202 206 207 207 213 222 240 267 301 349 369 373 377 380 375 363 386 416 419 425 390 404 455 483 506 561 628 668 698 726 737 736 767 777 756 752 792 791 825 877 897 897 905 900 863 827 844 876 885 882 883 861 862 881 918 938 931 920 929 945 947 950 962 984 1018 1082 1104 1052 1058 1109 1102 1104 1158
152 155 159 166 173 185 198 212 220 222 226 222 218 215 220 245 281 321 357 385 401 404 402 394 395 418 466 454 411 410 427 487 524 548 574 625 670 711 771 802 764 766 750 754 783 768 821 861 901 937 972 991 959 903 872 891 920 928 909 885 879 898 935 1006 1019 957 922 924 935 928 938 963 986 1010 1052 1070 1028 1043 1128 1098 1105 1211
164 167 171 177 183 193 209 228 247 251 244 238 225 215 228 262 300 339 373 404 428 433 425 417 422 441 460 436 408 463 478 502 550 591 591 622 659 704 763 810 761 755 779 786 771 784 829 857 909 934 1002 1044 968 926 928 941 953 942 885 828 841 890 908 964 992 939 920 934 931 924 934 970 997 998 999 1003 984 994 1051 1070 1122 1201
174 177 183 189 194 203 214 236 269 284 266 252 235 235 258 302 326 358 392 427 455 463 457 449 456 459 461 459 460 500 517 508 552 664 659 649 662 679 697 732 779 813 826 830 778 818 834 856 874 911 956 968 921 918 966 958 959 937 866 783 766 786 804 812 887 904 895 921 919 915 939 973 994 990 974 969 970 992 1002 1030 1091 1131
185 190 199 204 208 214 221 232 260 271 270 262 254 262 310 367 350 379 418 451 478 493 499 488 496 475 478 492 516 560 588 587 646 722 723 714 695 686 663 692 769 819 837 846 799 835 845 852 857 881 913 934 916 904 915 909 934 931 887 802 734 741 806 837 874 875 838 869 886 889 926 970 986 979 958 949 954 991 1019 1029 1063 1073
194 206 216 223 224 229 235 234 251 263 268 270 271 287 329 357 371 395 440 477 506 531 550 554 539 501 501 530 567 627 680 683 714 756 754 736 738 719 697 706 754 793 828 852 807 843 863 863 865 866 900 926 925 876 853 828 878 887 869 827 771 805 898 948 895 857 849 878 887 894 918 950 966 950 938 946 955 977 1003 1020 1021 1004
206 222 239 245 246 250 251 252 262 274 281 286 292 304 323 352 393 433 486 520 536 567 593 587 562 541 554 595 625 669 709 725 762 787 752 732 767 757 753 767 774 790 823 858 821 859 879 883 891 893 914 917 892 860 867 884 915 918 903 880 831 881 959 982 890 871 957 931 921 934 934 926 913 933 939 948 967 964 958 992 970 954
224 242 260 265 266 268 271 276 283 292 298 307 319 331 347 380 424 480 553 581 581 626 673 579 561 580 626 662 671 695 728 747 799 832 835 793 757 768 792 819 815 814 847 884 872 882 900 909 925 931 935 944 933 922 928 951 991 1029 998 943 915 968 1019 996 928 923 955 928 937 959 960 919 862 874 921 947 975 1004 1031 986 933 919
241 256 271 280 282 289 293 298 305 313 326 337 351 375 392 451 485 555 642 645 667 707 644 552 537 579 638 683 718 746 762 767 795 833 854 839 793 767 819 846 851 855 888 927 950 939 931 932 950 962 988 1019 1007 992 984 985 1022 1058 1057 998 961 1045 1104 1049 997 981 976 962 979 998 994 954 894 887 912 941 967 987 987 941 860 773
255 265 279 290 297 305 314 320 330 342 360 375 396 431 462 559 547 692 726 750 779 808 715 618 569 588 652 700 743 778 799 808 827 846 853 845 804 823 845 861 864 881 915 959 1014 1003 953 939 956 990 1044 1099 1081 1050 1018 1007 1022 1061 1071 1038 1028 1089 1115 1083 1030 1015 1015 1017 1041 1063 1040 995 954 939 929 940 961 975 972 943 878 829
264 277 287 299 306 319 328 340 359 377 399 417 444 475 512 542 587 1013 756 822 842 808 778 680 646 658 720 756 789 804 819 848 864 862 842 842 825 868 902 883 879 893 934 977 1033 1011 955 930 946 995 1059 1120 1129 1103 1057 1010 1035 1089 1095 1080 1080 1101 1106 1088 1028 1041 1062 1075 1102 1109 1082 1042 1002 968 938 939 958 978 986 974 948 949
269 279 292 304 320 343 353 368 385 409 437 455 482 516 545 616 678 761 905 839 876 828 813 675 627 664 752 798 832 861 865 865 855 838 823 817 833 890 919 906 877 918 961 972 987 971 938 927 945 983 1053 1123 1140 1129 1093 1081 1114 1167 1148 1120 1078 1069 1068 1065 1051 1031 1058 1103 1151 1144 1110 1079 1044 991 949 956 970 986 999 1001 996 995
278 285 297 313 333 357 367 388 410 437 462 474 497 533 576 637 747 872 881 838 893 889 800 651 583 648 741 781 833 874 889 876 858 833 820 817 850 894 914 905 907 945 976 961 940 925 915 923 943 990 1069 1125 1159 1162 1151 1180 1256 1250 1156 1094 1070 1060 1051 1059 1066 1055 1077 1111 1134 1131 1111 1093 1062 1020 983 984 1001 1010 1021 1028 1032 1050
284 291 302 320 342 361 383 405 431 459 492 501 510 544 574 626 709 816 841 844 897 820 706 611 571 618 690 720 808 889 896 878 861 834 806 823 870 892 896 892 901 962 979 953 907 882 902 935 982 1035 1112 1155 1179 1172 1181 1192 1230 1193 1142 1099 1102 1070 1048 1057 1081 1085 1099 1109 1109 1096 1101 1100 1079 1057 1036 1028 1027 1039 1055 1071 1076 1090
289 290 312 332 354 381 400 426 449 477 505 524 532 562 565 576 660 762 842 870 865 820 725 600 548 579 647 734 827 890 896 878 861 836 824 877 899 892 888 895 911 960 982 961 906 882 919 999 1080 1117 1165 1197 1199 1192 1183 1148 1156 1208 1139 1099 1113 1102 1086 1093 1104 1121 1128 1122 1104 1090 1102 1116 1114 1109 1086 1091 1075 1088 1107 1121 1127 1140
268 286 314 337 366 393 414 439 461 478 492 504 535 580 585 596 651 727 819 860 830 816 788 694 623 649 723 824 850 905 901 868 848 850 852 879 885 884 899 917 946 974 1001 999 939 907 962 1056 1137 1172 1205 1228 1225 1217 1193 1144 1152 1222 1126 1129 1155 1164 1151 1155 1167 1183 1186 1151 1116 1111 1118 1137 1149 1149 1144 1152 1154 1145 1157 1170 1182 1190
250 290 325 361 393 419 437 452 469 486 498 510 539 578 611 640 671 710 768 816 816 806 775 707 673 698 804 930 924 938 925 872 863 872 873 883 877 898 933 955 969 995 1038 1040 986 942 1018 1119 1177 1208 1237 1253 1254 1234 1203 1197 1190 1180 1162 1180 1187 1197 1208 1228 1239 1256 1238 1177 1122 1114 1134 1160 1180 1197 1203 1210 1220 1209 1219 1230 1239 1245
291 317 353 392 424 437 448 463 479 496 511 528 554 596 646 688 705 705 727 773 784 782 781 764 732 722 813 920 932 956 948 918 903 890 883 887 887 925 980 1000 999 1021 1083 1114 1078 1046 1090 1152 1196 1218 1241 1250 1260 1239 1216 1203 1184 1171 1185 1202 1220 1243 1263 1291 1308 1319 1260 1184 1118 1105 1139 1175 1197 1210 1234 1251 1265 1262 1267 1279 1293 1301
356 358 381 403 424 441 458 477 490 510 525 533 560 619 673 729 749 718 735 784 801 786 793 829 849 811 847 958 958 935 936 935 918 885 880 884 905 958 1023 1032 1022 1045 1128 1221 1172 1138 1146 1179 1208 1236 1228 1183 1189 1199 1193 1192 1182 1164 1155 1184 1267 1292 1325 1363 1380 1364 1314 1235 1163 1126 1160 1194 1213 1215 1225 1267 1303 1306 1307 1326 1352 1359
378 374 388 409 432 459 479 495 505 521 526 508 557 639 689 721 761 758 775 814 836 828 846 888 899 878 892 933 923 916 915 913 901 867 872 909 957 1019 1072 1061 1032 1037 1103 1193 1209 1190 1194 1235 1239 1250 1234 1194 1171 1156 1149 1145 1145 1129 1144 1190 1244 1293 1357 1421 1420 1388 1339 1303 1250 1225 1232 1231 1233 1217 1206 1252 1298 1327 1340 1366 1399 1411
385 385 398 419 446 485 510 522 522 525 522 515 563 658 738 732 746 800 823 808 826 844 874 909 902 873 839 834 840 878 905 904 894 862 872 929 985 1047 1082 1074 1053 1047 1079 1129 1168 1194 1239 1270 1265 1278 1269 1228 1181 1140 1126 1119 1113 1113 1131 1178 1228 1303 1378 1432 1424 1394 1343 1291 1259 1275 1340 1330 1296 1227 1180 1232 1290 1338 1371 1397 1418 1452
-9999 -9999 426 433 453 507 538 542 536 526 508 526 578 664 760 739 769 853 885 818 811 853 903 959 954 887 820 801 800 857 893 904 905 888 892 944 991 1030 1066 1066 1040 1020 1041 1080 1106 1145 1194 1225 1263 1305 1316 1266 1218 1181 1164 1134 1128 1102 1107 1155 1226 1308 1376 1417 1417 1391 1346 1296 1269 1253 1311 1366 1348 1260 1202 1248 1307 1355 1390 1415 1427 1464
464 470 473 478 467 535 574 570 559 533 516 536 583 641 684 705 771 859 890 838 840 888 958 1025 1018 946 879 835 820 840 873 895 909 922 935 966 992 980 985 1000 993 1016 1046 1086 1123 1165 1195 1232 1260 1318 1366 1387 1261 1206 1252 1157 1136 1110 1095 1154 1235 1317 1388 1421 1427 1396 1341 1284 1264 1276 1302 1315 1298 1282 1286 1313 1381 1391 1407 1418 1431 1442
500 503 502 501 526 595 625 614 583 551 533 539 582 614 637 678 743 820 851 866 887 953 1041 1092 1074 1003 910 844 807 791 799 815 850 910 945 975 905 874 890 930 984 1027 1077 1119 1168 1208 1228 1214 1192 1249 1374 1679 1333 1422 1352 1167 1116 1117 1132 1181 1259 1349 1406 1440 1440 1396 1332 1277 1234 1222 1230 1260 1277 1271 1304 1364 1449 1434 1416 1408 1407 1418
564 561 537 524 571 644 657 629 600 566 556 564 571 579 594 653 716 792 871 977 981 1014 1084 1106 1096 1023 922 841 786 749 745 760 751 787 818 824 818 834 861 908 968 1046 1144 1199 1232 1234 1213 1182 1096 1150 1339 1474 1563 1405 1229 1122 1099 1146 1208 1238 1306 1402 1427 1456 1452 1381 1313 1252 1171 1155 1179 1210 1237 1268 1302 1348 1385 1401 1409 1400 1397 1409
612 609 586 566 590 631 640 613 592 569 568 571 559 562 579 626 712 784 858 978 1023 1045 1071 1068 1061 996 914 816 758 711 692 702 711 754 786 805 832 850 871 926 982 1076 1221 1309 1305 1254 1201 1136 1102 1086 1193 1244 1254 1257 1154 1093 1101 1181 1274 1268 1329 1442 1458 1456 1458 1370 1277 1208 1114 1106 1139 1174 1208 1250 1274 1300 1343 1391 1400 1404 1418 1464
641 640 620 602 600 614 609 584 567 556 555 548 550 566 587 -9999 699 785 838 946 1027 1068 1071 1063 1047 966 871 842 801 696 681 675 698 734 758 789 850 892 915 954 1016 1130 1273 1356 1329 1227 1121 1092 1141 1162 1111 1110 1101 1130 1108 1082 1089 1151 1226 1250 1303 1428 1484 1441 1401 1316 1226 1153 1075 1077 1121 1153 1179 1212 1234 1251 1286 1335 1349 1364 1446 1553
678 677 667 661 643 618 595 577 576 573 559 557 573 590 614 -9999 698 774 844 943 1069 1171 1186 1152 1086 995 872 782 731 713 713 717 737 763 746 791 840 895 922 951 1036 1169 1302 1319 1293 1208 1072 1011 1031 1025 1004 1022 1026 1033 1045 1072 1071 1082 1113 1158 1242 1401 1509 1465 1386 1285 1190 1139 1075 1091 1133 1149 1158 1193 1220 1211 1219 1254 1279 1297 1401 1509
695 704 732 774 738 659 597 569 587 592 587 598 620 653 652 667 731 809 882 1016 1161 1264 1273 1193 1060 917 785 702 660 664 709 740 776 817 809 857 889 919 925 955 1027 1125 1221 1297 1412 1405 1220 1028 939 958 959 971 1001 1020 1016 1038 1051 1070 1089 1107 1216 1354 1484 1584 1457 1284 1180 1123 1105 1126 1163 1176 1190 1227 1242 1214 1212 1245 1278 1309 1366 1433
