KUENM/M_variables/Set_1/bio12_unc.asc
NCOLS 197 
NROWS 210 
XLLCORNER 56.1666666666667 
YLLCORNER 4.5 
CELLSIZE 0.166666666666667 
NODATA_value -9999 
[rows 0 to 35 of 210, columns 82 to 163 of 197]
-9999 -9999 -9999 -9999 -9999 -9999 -9999 -9999 -9999 -9999 -9999 -9999 537 652 494 575 587 613 643 614 470 481 467 -9999 -9999 -9999 -9999 -9999 -9999 -9999 -9999 -9999 -9999 -9999 -9999 -9999 -9999 -9999 -9999 -9999 -9999 -9999 -9999 -9999 -9999 -9999 -9999 -9999 -9999 -9999 -9999 -9999 -9999 -9999 -9999 -9999 -9999 -9999 -9999 -9999 -9999 -9999 -9999 -9999 -9999 -9999 -9999 -9999 -9999 -9999 -9999 -9999 -9999 -9999 -9999 -9999 -9999 -9999 -9999 -9999 -9999 -9999
-9999 -9999 -9999 -9999 -9999 -9999 704 704 524 482 474 819 907 777 666 700 707 731 710 637 473 411 434 372 265 241 274 254 226 -9999 -9999 -9999 -9999 -9999 -9999 -9999 -9999 -9999 -9999 -9999 -9999 -9999 -9999 -9999 -9999 -9999 -9999 -9999 -9999 -9999 -9999 -9999 -9999 -9999 -9999 -9999 -9999 -9999 -9999 -9999 -9999 -9999 -9999 -9999 -9999 -9999 -9999 -9999 -9999 -9999 -9999 -9999 -9999 -9999 -9999 -9999 -9999 -9999 -9999 -9999 -9999 -9999
-9999 -9999 784 786 733 675 663 664 675 830 743 703 829 924 699 741 724 742 679 566 469 311 310 404 309 284 204 152 175 233 164 124 107 -9999 -9999 -9999 -9999 -9999 -9999 -9999 -9999 -9999 -9999 -9999 -9999 -9999 -9999 -9999 -9999 -9999 -9999 -9999 -9999 -9999 -9999 -9999 -9999 -9999 -9999 -9999 -9999 -9999 -9999 -9999 -9999 -9999 -9999 -9999 -9999 -9999 -9999 -9999 -9999 -9999 -9999 -9999 -9999 -9999 -9999 -9999 -9999 -9999
844 756 833 832 887 827 726 724 880 798 736 971 997 995 830 871 801 670 649 553 391 315 341 362 314 227 188 168 142 159 167 175 106 88 78 70 -9999 -9999 -9999 -9999 -9999 -9999 -9999 -9999 -9999 -9999 -9999 -9999 -9999 -9999 -9999 -9999 -9999 -9999 -9999 -9999 -9999 -9999 -9999 -9999 -9999 -9999 -9999 -9999 -9999 -9999 -9999 -9999 -9999 -9999 -9999 -9999 -9999 -9999 -9999 -9999 -9999 -9999 -9999 -9999 -9999 -9999
834 888 843 837 792 731 777 839 669 868 822 854 873 763 929 856 709 637 587 476 370 346 335 324 261 234 201 201 174 148 105 146 102 96 80 75 65 55 -9999 -9999 -9999 -9999 -9999 -9999 -9999 -9999 -9999 -9999 -9999 -9999 -9999 -9999 -9999 -9999 -9999 -9999 -9999 -9999 -9999 -9999 -9999 -9999 -9999 -9999 -9999 -9999 -9999 -9999 -9999 -9999 -9999 -9999 -9999 -9999 -9999 -9999 -9999 -9999 -9999 -9999 -9999 -9999
822 864 853 843 842 788 760 795 881 929 877 586 606 776 864 850 720 490 482 328 427 424 332 274 231 187 164 149 156 146 113 140 192 120 94 94 79 58 53 48 -9999 -9999 -9999 -9999 -9999 -9999 -9999 -9999 -9999 -9999 -9999 -9999 -9999 -9999 -9999 -9999 -9999 -9999 -9999 -9999 -9999 -9999 -9999 -9999 -9999 -9999 -9999 -9999 -9999 -9999 -9999 -9999 -9999 -9999 -9999 -9999 -9999 -9999 -9999 -9999 -9999 -9999
785 814 837 853 830 698 635 598 729 699 584 678 663 680 796 621 493 465 470 393 439 420 347 294 194 133 130 116 121 135 121 92 123 114 89 73 68 68 53 48 46 46 -9999 -9999 -9999 -9999 -9999 -9999 -9999 -9999 -9999 -9999 -9999 -9999 -9999 -9999 -9999 -9999 -9999 -9999 -9999 -9999 -9999 -9999 -9999 -9999 -9999 -9999 -9999 -9999 -9999 -9999 -9999 -9999 -9999 -9999 -9999 -9999 -9999 -9999 -9999 -9999
700 765 826 855 721 841 724 854 617 488 626 714 705 710 435 452 425 449 399 379 335 263 268 238 173 104 113 126 133 111 89 174 127 117 87 74 65 63 55 50 44 44 43 44 -9999 -9999 -9999 -9999 -9999 -9999 -9999 -9999 -9999 -9999 -9999 -9999 -9999 -9999 -9999 -9999 -9999 -9999 -9999 -9999 -9999 -9999 -9999 -9999 -9999 -9999 -9999 -9999 -9999 -9999 -9999 -9999 -9999 -9999 -9999 -9999 -9999 -9999
610 757 762 737 804 915 868 884 611 668 680 650 482 463 511 613 574 542 453 451 375 317 220 160 111 119 89 85 83 108 99 74 93 95 76 62 52 47 44 47 41 41 43 42 42 -9999 -9999 -9999 -9999 -9999 -9999 -9999 -9999 -9999 -9999 -9999 -9999 -9999 -9999 -9999 -9999 -9999 -9999 -9999 -9999 -9999 -9999 -9999 -9999 -9999 -9999 -9999 -9999 -9999 -9999 -9999 -9999 -9999 -9999 -9999 -9999 -9999
633 745 644 838 778 790 869 702 519 557 465 559 551 676 680 660 573 491 401 431 363 294 224 199 152 126 109 107 82 88 105 70 62 71 77 51 55 45 39 40 39 38 40 41 42 43 -9999 -9999 -9999 -9999 -9999 -9999 -9999 -9999 -9999 -9999 -9999 -9999 -9999 -9999 -9999 -9999 -9999 -9999 -9999 -9999 -9999 -9999 -9999 -9999 -9999 -9999 -9999 -9999 -9999 -9999 -9999 -9999 -9999 -9999 -9999 -9999
667 765 625 763 811 824 739 628 772 755 486 706 570 536 483 436 414 411 283 260 209 222 195 153 152 140 120 101 89 80 104 90 57 57 57 59 50 49 46 39 37 37 37 38 40 42 42 43 -9999 -9999 -9999 -9999 -9999 -9999 -9999 -9999 -9999 -9999 -9999 -9999 -9999 -9999 -9999 -9999 -9999 -9999 -9999 -9999 -9999 -9999 -9999 -9999 -9999 -9999 -9999 -9999 -9999 -9999 -9999 -9999 -9999 -9999
509 606 600 669 700 774 664 671 773 636 537 484 633 675 637 531 429 473 339 286 291 304 254 199 183 141 117 102 101 82 91 94 71 60 58 63 62 50 49 41 38 36 36 38 37 38 39 40 43 -9999 -9999 -9999 -9999 -9999 -9999 -9999 -9999 -9999 -9999 -9999 -9999 -9999 -9999 -9999 -9999 -9999 -9999 -9999 -9999 -9999 -9999 -9999 -9999 -9999 -9999 -9999 -9999 -9999 -9999 -9999 -9999 -9999
667 677 718 752 712 709 656 671 719 570 478 594 680 605 478 387 437 442 392 314 237 220 202 176 162 151 145 114 98 79 82 91 81 58 72 59 54 52 43 47 37 36 36 36 36 38 39 38 39 41 -9999 -9999 -9999 -9999 -9999 -9999 -9999 -9999 -9999 -9999 -9999 -9999 -9999 -9999 -9999 -9999 -9999 -9999 -9999 -9999 -9999 -9999 -9999 -9999 -9999 -9999 -9999 -9999 -9999 -9999 -9999 -9999
694 665 624 584 612 673 638 665 756 609 604 556 532 459 452 480 483 400 312 308 330 330 263 228 208 160 126 129 130 113 102 91 77 59 69 64 50 44 45 51 41 36 37 37 37 36 37 36 36 38 38 -9999 -9999 -9999 -9999 -9999 -9999 -9999 -9999 -9999 -9999 -9999 -9999 -9999 -9999 -9999 -9999 -9999 -9999 -9999 -9999 -9999 -9999 -9999 -9999 -9999 -9999 -9999 -9999 -9999 -9999 -9999
662 574 591 616 562 568 598 638 616 602 679 713 598 626 598 513 419 327 408 410 367 281 227 208 168 156 164 155 130 106 88 87 87 65 70 70 52 54 52 46 41 37 35 37 36 34 34 34 35 34 35 35 36 -9999 -9999 -9999 -9999 -9999 -9999 -9999 -9999 -9999 -9999 -9999 -9999 -9999 -9999 -9999 -9999 -9999 -9999 -9999 -9999 -9999 -9999 -9999 -9999 -9999 -9999 -9999 -9999 -9999
562 519 609 650 740 647 549 602 773 702 638 762 685 523 399 442 469 407 357 316 313 197 237 224 192 198 176 149 129 107 101 90 91 93 72 75 52 55 61 53 50 41 36 37 43 36 40 41 37 42 35 34 34 32 -9999 -9999 -9999 -9999 -9999 -9999 -9999 -9999 -9999 -9999 -9999 -9999 -9999 -9999 -9999 -9999 -9999 -9999 -9999 -9999 -9999 -9999 -9999 -9999 -9999 -9999 -9999 -9999
668 618 705 752 846 768 606 648 817 732 523 655 508 568 639 593 432 421 344 350 328 273 269 257 220 175 164 143 125 102 95 99 96 93 92 74 75 54 74 66 56 56 49 44 44 44 46 55 49 46 41 51 40 36 33 -9999 -9999 -9999 -9999 -9999 -9999 -9999 -9999 -9999 -9999 -9999 -9999 -9999 -9999 -9999 -9999 -9999 -9999 -9999 -9999 -9999 -9999 -9999 -9999 -9999 -9999 -9999
670 879 724 849 945 759 661 765 745 635 727 671 718 716 589 402 411 401 340 347 287 229 258 189 183 162 187 186 151 114 106 107 102 95 98 95 65 56 57 55 74 60 60 56 60 64 62 60 48 44 40 43 37 38 34 33 -9999 -9999 -9999 -9999 -9999 -9999 -9999 -9999 -9999 -9999 -9999 -9999 -9999 -9999 -9999 -9999 -9999 -9999 -9999 -9999 -9999 -9999 -9999 -9999 -9999 -9999
799 975 953 1006 1010 775 863 885 796 767 788 796 745 590 488 362 387 404 442 372 268 215 267 214 175 217 165 164 169 137 119 131 108 88 92 90 78 65 73 65 56 51 55 52 52 53 60 54 45 48 53 45 43 48 39 34 34 -9999 -9999 -9999 -9999 -9999 -9999 -9999 -9999 -9999 -9999 -9999 -9999 -9999 -9999 -9999 -9999 -9999 -9999 -9999 -9999 -9999 -9999 -9999 -9999 -9999
889 927 1044 1085 990 881 975 916 870 846 744 724 709 509 408 438 446 457 409 383 309 248 224 176 227 218 174 163 151 146 139 143 157 120 99 93 88 92 67 78 64 59 58 60 61 58 53 57 57 57 45 46 47 49 45 49 45 41 -9999 -9999 -9999 -9999 -9999 -9999 -9999 -9999 -9999 -9999 -9999 -9999 -9999 -9999 -9999 -9999 -9999 -9999 -9999 -9999 -9999 -9999 -9999 -9999
1086 1032 1012 1067 1005 900 921 931 883 807 710 621 597 496 633 537 519 477 437 392 369 340 324 267 215 204 185 207 193 180 165 143 125 118 113 111 97 89 83 64 63 73 64 72 62 60 54 54 53 57 61 57 53 53 53 44 61 67 53 -9999 -9999 -9999 -9999 -9999 -9999 -9999 -9999 -9999 -9999 -9999 -9999 -9999 -9999 -9999 -9999 -9999 -9999 -9999 -9999 -9999 -9999 -9999
1134 1107 1102 1047 985 997 927 965 857 816 745 590 582 632 666 613 589 542 504 469 417 373 345 322 299 271 221 203 211 199 185 155 143 126 110 102 90 92 90 91 86 63 68 76 72 62 56 59 58 51 53 54 49 55 55 52 45 59 58 50 -9999 -9999 -9999 -9999 -9999 -9999 -9999 -9999 -9999 -9999 -9999 -9999 -9999 -9999 -9999 -9999 -9999 -9999 -9999 -9999 -9999 -9999
1140 1102 1098 1082 1053 994 994 944 867 815 778 612 691 673 686 633 584 555 509 479 439 379 365 348 325 309 286 272 231 248 213 186 158 150 129 112 100 91 81 75 89 77 69 73 75 84 68 60 59 56 59 57 60 64 55 54 56 48 63 61 55 -9999 -9999 -9999 -9999 -9999 -9999 -9999 -9999 -9999 -9999 -9999 -9999 -9999 -9999 -9999 -9999 -9999 -9999 -9999 -9999 -9999
1049 1096 1096 1055 1049 1028 991 949 859 841 796 700 710 714 675 640 605 581 533 515 478 425 385 360 351 363 342 303 299 282 242 234 211 170 154 123 106 94 90 77 88 88 75 82 78 75 67 64 67 66 64 60 55 62 58 51 46 45 48 55 64 -9999 -9999 -9999 -9999 -9999 -9999 -9999 -9999 -9999 -9999 -9999 -9999 -9999 -9999 -9999 -9999 -9999 -9999 -9999 -9999 -9999
1115 1082 1044 1049 1042 1005 965 957 881 826 821 804 785 768 720 691 663 635 601 571 543 506 480 458 412 372 381 374 338 321 291 221 196 210 182 159 116 103 90 84 73 74 77 66 83 80 66 66 64 63 63 61 61 54 53 49 48 46 43 45 48 53 -9999 -9999 -9999 -9999 -9999 -9999 -9999 -9999 -9999 -9999 -9999 -9999 -9999 -9999 -9999 -9999 -9999 -9999 -9999 -9999
1114 1030 903 978 1038 968 934 934 904 876 894 864 937 863 783 760 766 688 681 677 654 591 544 513 495 499 474 384 335 375 351 256 212 193 209 165 159 129 115 109 90 72 71 71 68 76 79 66 66 64 67 68 67 63 60 58 51 47 45 43 45 47 48 -9999 -9999 -9999 -9999 -9999 -9999 -9999 -9999 -9999 -9999 -9999 -9999 -9999 -9999 -9999 -9999 -9999 -9999 -9999
1020 1002 858 822 933 891 859 946 885 877 947 1035 1054 1017 918 936 882 808 851 808 709 637 588 567 530 495 459 406 369 420 344 311 240 226 194 161 176 152 103 106 82 74 68 68 69 73 79 74 73 64 67 67 67 60 66 58 52 50 47 48 45 44 43 -9999 -9999 -9999 -9999 -9999 -9999 -9999 -9999 -9999 -9999 -9999 -9999 -9999 -9999 -9999 -9999 -9999 -9999 -9999
952 699 810 625 922 850 791 775 795 930 907 956 992 1049 1044 1002 1021 1000 967 891 779 698 696 667 602 575 587 566 459 410 419 334 295 270 205 161 144 149 147 90 97 92 76 71 72 77 74 85 78 68 75 75 70 64 61 57 54 52 51 48 48 49 45 47 -9999 -9999 -9999 -9999 -9999 -9999 -9999 -9999 -9999 -9999 -9999 -9999 -9999 -9999 -9999 -9999 -9999 -9999
695 515 488 668 851 848 685 651 824 716 766 814 960 922 949 1036 1082 1077 1085 1052 935 854 850 696 719 757 760 748 669 627 522 441 355 289 238 226 164 175 180 101 78 72 81 82 86 81 83 81 79 76 69 72 70 67 63 59 56 55 53 54 56 53 54 55 -9999 -9999 -9999 -9999 -9999 -9999 -9999 -9999 -9999 -9999 -9999 -9999 -9999 -9999 -9999 -9999 -9999 -9999
434 365 343 425 396 499 567 732 576 596 755 759 765 785 966 971 1076 1087 1171 1192 1133 1066 925 873 863 859 835 829 750 684 657 576 432 290 274 248 243 244 185 168 141 73 67 71 79 90 93 82 84 83 79 83 72 73 74 71 61 60 58 56 55 52 50 49 53 -9999 -9999 -9999 -9999 -9999 -9999 -9999 -9999 -9999 -9999 -9999 -9999 -9999 -9999 -9999 -9999 -9999
559 470 361 244 258 331 408 512 492 539 604 600 644 682 788 889 961 1072 1189 1321 1425 1319 1055 908 934 886 831 858 793 826 619 525 449 335 337 318 274 238 206 171 157 143 91 73 76 79 84 91 85 87 77 84 82 74 66 73 70 67 69 62 61 62 66 55 60 64 -9999 -9999 -9999 -9999 -9999 -9999 -9999 -9999 -9999 -9999 -9999 -9999 -9999 -9999 -9999 -9999
624 574 484 368 309 281 326 382 433 451 445 502 560 581 624 707 852 1032 1078 1276 1256 1218 1012 941 976 927 866 809 751 789 907 737 616 456 335 249 300 218 166 135 124 126 132 121 120 96 89 88 90 90 85 81 82 72 74 68 67 66 85 55 71 71 61 57 57 60 -9999 -9999 -9999 -9999 -9999 -9999 -9999 -9999 -9999 -9999 -9999 -9999 -9999 -9999 -9999 -9999
834 812 771 716 623 525 564 557 524 386 399 458 523 555 579 614 672 823 872 1162 1176 1183 841 787 885 856 927 905 776 718 803 836 723 538 430 285 314 199 168 135 105 89 108 92 123 111 128 107 94 95 95 84 87 90 84 77 72 79 65 60 77 64 58 55 54 50 62 -9999 -9999 -9999 -9999 -9999 -9999 -9999 -9999 -9999 -9999 -9999 -9999 -9999 -9999 -9999
677 754 807 851 860 820 723 587 496 421 412 464 540 561 541 573 646 769 860 1071 1057 984 889 643 799 843 977 881 975 842 711 832 960 608 581 375 279 241 184 155 137 133 135 143 143 113 108 135 108 102 100 98 86 96 83 79 69 77 70 76 78 64 57 53 56 57 55 61 -9999 -9999 -9999 -9999 -9999 -9999 -9999 -9999 -9999 -9999 -9999 -9999 -9999 -9999
645 694 640 714 797 789 776 663 572 519 485 544 538 510 525 557 627 724 877 981 1011 920 843 647 648 657 770 942 923 1025 878 759 875 855 696 570 436 261 209 204 176 163 182 123 133 119 124 132 133 117 118 108 106 94 87 79 74 68 61 70 63 55 52 51 53 58 65 74 75 -9999 -9999 -9999 -9999 -9999 -9999 -9999 -9999 -9999 -9999 -9999 -9999 -9999
553 585 496 581 668 637 624 553 513 515 507 505 476 488 519 565 620 705 830 923 944 960 965 884 813 694 704 940 876 962 1015 1000 1036 960 734 796 545 350 266 222 206 220 227 175 149 148 143 138 135 137 131 131 114 105 98 93 85 73 64 60 58 59 55 56 60 65 71 73 74 77 -9999 -9999 -9999 -9999 -9999 -9999 -9999 -9999 -9999 -9999 -9999 -9999
