KUENM/M_variables/Set_1/bio15_unc.asc
NCOLS 197 
NROWS 210 
XLLCORNER 56.1666666666667 
YLLCORNER 4.5 
CELLSIZE 0.166666666666667 
NODATA_value -9999 
[rows 114 to 151 of 210, columns 85 to 169 of 197]
-9999 -9999 -9999 -9999 -9999 -9999 -9999 -9999 -9999 -9999 -9999 -9999 -9999 -9999 150 152 153 154 152 146 134 123 114 105 102 104 107 111 115 116 117 119 119 119 119 118 118 119 120 120 120 119 120 121 121 120 120 121 121 123 124 126 127 129 131 133 136 139 141 142 141 137 134 131 128 124 122 125 131 130 127 125 121 124 125 123 122 122 120 121 119 115 112 110 108
-9999 -9999 -9999 -9999 -9999 -9999 -9999 -9999 -9999 -9999 -9999 -9999 -9999 -9999 149 150 153 153 152 144 129 117 107 103 100 99 102 108 113 113 116 117 118 120 120 122 121 120 121 120 122 122 122 122 124 123 122 122 122 123 124 125 127 129 132 133 136 141 143 143 141 138 136 133 130 123 120 120 121 123 123 123 119 124 123 123 122 121 119 116 112 110 107 106 104
-9999 -9999 -9999 -9999 -9999 -9999 -9999 -9999 -9999 -9999 -9999 -9999 -9999 -9999 150 151 154 153 152 144 128 112 103 99 97 98 102 109 113 112 114 116 118 120 121 121 119 120 120 121 123 123 123 123 124 124 124 123 123 123 124 125 127 128 132 135 137 140 142 142 141 138 137 133 131 123 117 115 116 117 119 121 122 123 123 120 120 118 115 112 109 106 104 101 101
-9999 -9999 -9999 -9999 -9999 -9999 -9999 -9999 -9999 -9999 -9999 -9999 -9999 149 150 152 154 155 153 147 131 116 103 98 99 100 106 109 111 111 111 114 116 120 119 118 118 118 118 119 121 122 124 124 125 123 124 123 124 124 125 125 126 127 132 135 137 138 141 141 140 138 135 130 127 123 117 115 114 115 115 117 121 122 120 119 116 112 109 105 105 101 99 98 99
-9999 -9999 -9999 -9999 -9999 -9999 -9999 -9999 -9999 -9999 -9999 -9999 -9999 -9999 148 150 153 154 154 151 140 124 105 97 97 101 105 106 109 110 110 112 113 115 116 116 117 117 117 116 118 121 124 123 124 124 122 122 123 125 125 124 125 127 129 133 137 139 139 140 139 137 133 127 122 119 117 116 115 115 114 115 116 117 118 115 111 107 105 103 101 98 96 96 96
-9999 -9999 -9999 -9999 -9999 -9999 -9999 -9999 -9999 -9999 -9999 -9999 -9999 -9999 146 149 152 154 152 149 141 126 106 97 96 101 103 105 107 111 113 113 112 113 114 115 117 116 116 114 116 119 121 123 123 123 123 122 122 123 123 123 123 123 126 130 137 140 140 139 138 136 131 126 122 118 117 116 114 113 112 113 113 113 114 110 106 104 100 99 99 96 94 93 92
-9999 -9999 -9999 -9999 -9999 -9999 -9999 -9999 -9999 -9999 -9999 -9999 -9999 -9999 145 148 151 153 151 148 142 129 108 98 96 100 101 101 105 110 114 114 113 113 114 116 117 116 114 113 114 117 120 121 123 121 121 119 121 123 124 123 122 120 122 126 133 138 138 138 138 136 132 126 121 120 119 115 114 112 112 111 111 111 111 107 104 100 98 95 96 93 91 90 90
-9999 -9999 -9999 -9999 -9999 -9999 -9999 -9999 -9999 -9999 -9999 -9999 -9999 -9999 144 147 149 151 149 147 140 124 106 97 94 98 100 102 106 109 110 111 113 114 115 118 120 117 113 110 114 117 119 120 121 122 121 120 120 124 126 123 122 120 122 126 130 134 135 136 136 135 133 127 122 119 120 116 113 110 110 110 111 110 109 106 102 99 96 94 94 92 90 87 89
-9999 -9999 -9999 -9999 -9999 -9999 -9999 -9999 -9999 -9999 -9999 -9999 -9999 -9999 144 145 149 153 151 149 137 116 99 93 94 97 101 100 104 105 108 109 111 113 115 118 119 117 115 114 116 117 118 120 121 123 123 121 124 125 128 124 121 119 122 124 127 129 131 133 134 133 132 130 128 124 120 115 112 109 108 109 110 109 108 105 101 97 95 93 93 91 88 87 88
-9999 -9999 -9999 -9999 -9999 -9999 -9999 -9999 -9999 -9999 -9999 -9999 -9999 -9999 143 145 149 154 154 149 134 112 96 92 93 95 99 100 103 104 104 106 108 110 114 115 117 117 116 117 118 118 118 118 121 123 124 124 124 124 122 119 118 119 121 122 123 125 126 130 130 130 130 129 126 124 120 115 112 110 109 108 108 109 109 104 98 94 92 91 90 90 89 88 90
-9999 -9999 -9999 -9999 -9999 -9999 -9999 -9999 -9999 -9999 -9999 -9999 -9999 -9999 141 144 149 154 156 151 131 104 90 89 93 97 96 99 103 104 104 105 108 110 110 112 114 115 117 119 118 117 116 117 120 123 123 126 124 120 118 115 115 116 116 118 121 121 121 123 126 127 128 127 125 121 120 116 115 112 109 107 106 107 107 100 95 90 90 91 89 91 91 91 93
-9999 -9999 -9999 -9999 -9999 -9999 -9999 -9999 -9999 -9999 -9999 -9999 -9999 -9999 -9999 144 150 154 157 151 128 101 91 90 93 96 96 96 100 103 106 106 107 108 110 111 112 114 115 116 117 115 114 116 119 122 121 123 123 118 115 113 112 112 114 114 116 116 115 115 117 120 125 126 125 120 120 119 117 115 111 106 102 101 98 94 89 87 88 91 91 92 92 92 93
-9999 -9999 -9999 -9999 -9999 -9999 -9999 -9999 -9999 -9999 -9999 -9999 -9999 -9999 -9999 145 149 152 155 153 135 113 94 90 92 95 98 97 99 104 104 106 108 107 109 111 111 111 113 112 113 113 114 116 119 121 120 121 119 115 112 111 111 110 110 112 114 114 111 106 104 114 122 126 126 123 119 119 117 116 110 102 97 94 91 89 86 86 87 89 91 92 93 94 -9999
-9999 -9999 -9999 -9999 -9999 -9999 -9999 -9999 -9999 -9999 -9999 -9999 -9999 -9999 -9999 143 147 149 153 152 139 114 93 90 91 92 96 98 99 100 104 105 106 108 107 108 110 111 111 112 111 110 112 113 116 121 120 119 118 114 111 109 108 108 109 112 115 113 109 104 102 116 122 127 127 124 122 119 116 114 106 97 92 89 87 86 85 86 88 89 90 92 93 -9999 -9999
-9999 -9999 -9999 -9999 -9999 -9999 -9999 -9999 -9999 -9999 -9999 -9999 -9999 -9999 -9999 144 146 149 149 149 141 117 90 87 90 92 95 96 97 97 103 104 105 107 107 108 108 109 109 109 108 108 108 109 112 119 119 118 116 113 111 109 109 109 108 109 114 115 112 110 110 117 122 125 125 125 123 119 114 105 99 92 88 87 85 85 86 88 91 91 92 92 -9999 -9999 -9999
-9999 -9999 -9999 -9999 -9999 -9999 -9999 -9999 -9999 -9999 -9999 -9999 -9999 -9999 -9999 -9999 146 149 150 151 147 119 100 88 88 90 95 96 96 98 101 103 105 106 107 108 108 107 107 107 107 106 106 107 108 113 117 119 117 115 114 112 110 110 109 110 114 117 114 113 113 116 121 125 124 123 124 117 107 98 92 88 87 86 87 89 89 90 93 93 -9999 -9999 -9999 -9999 -9999
-9999 -9999 -9999 -9999 -9999 -9999 -9999 -9999 -9999 -9999 -9999 -9999 -9999 -9999 -9999 -9999 145 147 147 149 145 127 105 91 87 88 92 95 98 101 104 102 102 104 106 106 106 107 106 105 106 106 107 107 109 112 117 119 116 113 112 109 108 109 109 110 112 114 114 114 113 115 119 122 122 120 120 111 100 94 90 87 86 87 90 91 91 92 94 -9999 -9999 -9999 -9999 -9999 -9999
-9999 -9999 -9999 -9999 -9999 -9999 -9999 -9999 -9999 -9999 -9999 -9999 -9999 -9999 -9999 -9999 143 144 146 146 147 136 113 94 86 88 89 92 97 101 104 104 102 104 105 106 106 105 103 103 104 106 109 110 110 113 114 114 110 107 106 104 104 104 108 108 110 110 111 113 112 111 114 114 116 117 113 104 98 95 90 88 88 91 95 97 98 97 -9999 -9999 -9999 -9999 -9999 -9999 -9999
-9999 -9999 -9999 -9999 -9999 -9999 -9999 -9999 -9999 -9999 -9999 -9999 -9999 -9999 -9999 -9999 -9999 143 145 145 150 143 122 100 87 84 87 91 94 97 101 103 102 102 104 104 104 103 102 103 103 106 110 112 113 112 111 108 100 100 101 101 100 103 104 106 106 107 107 108 108 108 108 109 111 112 107 104 98 94 91 89 90 95 99 101 101 -9999 -9999 -9999 -9999 -9999 -9999 -9999 -9999
-9999 -9999 -9999 -9999 -9999 -9999 -9999 -9999 -9999 -9999 -9999 -9999 -9999 -9999 -9999 -9999 -9999 142 143 144 151 144 128 105 89 86 87 89 93 95 97 100 99 99 102 102 103 103 102 102 104 107 111 113 114 113 107 106 101 100 100 100 99 100 101 103 104 103 103 105 105 106 105 107 107 108 105 102 97 95 93 90 91 94 98 -9999 -9999 -9999 -9999 -9999 -9999 -9999 -9999 -9999 -9999
-9999 -9999 -9999 -9999 -9999 -9999 -9999 -9999 -9999 -9999 -9999 -9999 -9999 -9999 -9999 -9999 -9999 140 143 144 147 144 130 106 89 85 84 87 90 91 93 96 95 97 98 101 102 103 104 103 106 108 111 114 115 113 108 106 104 100 98 99 97 96 99 100 102 100 101 102 103 103 102 101 103 105 104 102 96 98 96 90 90 -9999 -9999 -9999 -9999 -9999 -9999 -9999 -9999 -9999 -9999 -9999 -9999
-9999 -9999 -9999 -9999 -9999 -9999 -9999 -9999 -9999 -9999 -9999 -9999 -9999 -9999 -9999 -9999 -9999 140 143 144 147 144 129 107 89 84 84 86 89 89 91 91 92 95 95 98 99 102 102 104 105 106 110 113 113 111 110 108 106 103 101 99 96 95 96 97 98 97 99 100 99 98 99 99 100 102 102 100 96 99 100 96 95 -9999 -9999 -9999 -9999 -9999 -9999 -9999 -9999 -9999 -9999 -9999 -9999
-9999 -9999 -9999 -9999 -9999 -9999 -9999 -9999 -9999 -9999 -9999 -9999 -9999 -9999 -9999 -9999 -9999 141 143 144 146 146 132 109 92 84 84 86 90 90 89 89 90 90 91 95 97 100 103 103 102 104 109 111 111 110 109 109 108 107 103 101 98 97 95 94 94 93 92 95 97 97 98 98 99 101 101 101 100 100 100 99 97 -9999 -9999 -9999 -9999 -9999 -9999 -9999 -9999 -9999 -9999 -9999 -9999
-9999 -9999 -9999 -9999 -9999 -9999 -9999 -9999 -9999 -9999 -9999 -9999 -9999 -9999 -9999 -9999 -9999 139 141 143 144 149 137 115 95 84 84 86 91 92 90 88 88 88 90 92 95 99 103 104 103 104 107 109 110 110 110 111 109 108 105 101 99 97 93 90 90 88 88 89 93 96 98 97 98 102 102 102 101 100 100 100 -9999 -9999 -9999 -9999 -9999 -9999 -9999 -9999 -9999 -9999 -9999 -9999 -9999
-9999 -9999 -9999 -9999 -9999 -9999 -9999 -9999 -9999 -9999 -9999 -9999 -9999 -9999 -9999 -9999 -9999 -9999 138 143 144 153 143 120 101 89 83 83 86 86 88 87 88 88 88 92 95 98 102 103 103 104 107 108 110 110 112 110 110 110 107 100 98 95 92 88 86 85 86 90 90 94 97 97 96 99 101 103 102 101 101 -9999 -9999 -9999 -9999 -9999 -9999 -9999 -9999 -9999 -9999 -9999 -9999 -9999 -9999
-9999 -9999 -9999 -9999 -9999 -9999 -9999 -9999 -9999 -9999 -9999 -9999 -9999 -9999 -9999 -9999 -9999 -9999 138 141 142 151 150 133 111 92 83 84 83 85 85 86 87 88 88 91 94 96 99 101 103 103 102 106 109 110 111 111 109 106 101 99 95 92 88 88 86 84 85 88 90 93 96 96 95 97 101 -9999 103 -9999 -9999 -9999 -9999 -9999 -9999 -9999 -9999 -9999 -9999 -9999 -9999 -9999 -9999 -9999 -9999
-9999 -9999 -9999 -9999 -9999 -9999 -9999 -9999 -9999 -9999 -9999 -9999 -9999 -9999 -9999 -9999 -9999 -9999 138 140 142 149 152 141 122 98 84 82 81 81 83 86 86 87 89 91 92 95 97 100 103 103 102 103 104 106 108 109 108 105 102 96 89 89 87 87 86 87 89 89 91 92 93 96 97 96 -9999 -9999 -9999 -9999 -9999 -9999 -9999 -9999 -9999 -9999 -9999 -9999 -9999 -9999 -9999 -9999 -9999 -9999 -9999
-9999 -9999 -9999 -9999 -9999 -9999 -9999 -9999 -9999 -9999 -9999 -9999 -9999 -9999 -9999 -9999 -9999 -9999 138 140 142 144 152 146 129 106 90 81 80 81 83 85 88 88 90 91 92 93 95 97 101 102 103 101 100 100 103 102 104 106 101 93 88 87 83 83 84 87 90 90 92 91 94 100 101 -9999 -9999 -9999 -9999 -9999 -9999 -9999 -9999 -9999 -9999 -9999 -9999 -9999 -9999 -9999 -9999 -9999 -9999 -9999 -9999
-9999 -9999 -9999 -9999 -9999 -9999 -9999 -9999 -9999 -9999 -9999 -9999 -9999 -9999 -9999 -9999 -9999 -9999 -9999 140 141 141 143 147 136 114 91 81 79 80 83 86 89 88 90 91 92 92 92 95 98 100 98 98 96 95 95 98 99 104 97 91 84 81 79 80 81 86 90 93 92 -9999 100 102 103 -9999 -9999 -9999 -9999 -9999 -9999 -9999 -9999 -9999 -9999 -9999 -9999 -9999 -9999 -9999 -9999 -9999 -9999 -9999 -9999
-9999 -9999 -9999 -9999 -9999 -9999 -9999 -9999 -9999 -9999 -9999 -9999 -9999 -9999 -9999 -9999 -9999 -9999 -9999 -9999 140 139 139 142 143 127 104 86 79 80 83 85 88 89 90 91 91 92 89 92 94 96 96 95 92 92 92 94 96 99 91 87 81 79 78 79 84 88 92 96 -9999 -9999 -9999 -9999 -9999 -9999 -9999 -9999 -9999 -9999 -9999 -9999 -9999 -9999 -9999 -9999 -9999 -9999 -9999 -9999 -9999 -9999 -9999 -9999 -9999
-9999 -9999 -9999 -9999 -9999 -9999 -9999 -9999 -9999 -9999 -9999 -9999 -9999 -9999 -9999 -9999 -9999 -9999 -9999 -9999 138 138 137 141 145 133 109 91 80 78 80 82 84 86 89 91 90 92 93 92 93 93 92 92 89 89 90 92 95 94 89 85 80 79 79 82 86 90 93 95 -9999 -9999 -9999 -9999 -9999 -9999 -9999 -9999 -9999 -9999 -9999 -9999 -9999 -9999 -9999 -9999 -9999 -9999 -9999 -9999 -9999 -9999 -9999 -9999 -9999
-9999 -9999 -9999 -9999 -9999 -9999 -9999 -9999 -9999 -9999 -9999 -9999 -9999 -9999 -9999 -9999 -9999 -9999 -9999 -9999 -9999 136 136 140 146 136 117 100 84 77 79 81 82 85 87 90 87 87 91 93 93 94 92 91 90 88 89 90 93 91 86 84 79 79 80 83 87 91 94 -9999 -9999 -9999 -9999 -9999 -9999 -9999 -9999 -9999 -9999 -9999 -9999 -9999 -9999 -9999 -9999 -9999 -9999 -9999 -9999 -9999 -9999 -9999 -9999 -9999 -9999
-9999 -9999 -9999 -9999 -9999 -9999 -9999 -9999 -9999 -9999 -9999 -9999 -9999 -9999 -9999 -9999 -9999 -9999 -9999 -9999 -9999 137 138 143 148 141 133 117 97 82 80 80 82 84 85 87 84 84 87 91 93 94 93 91 89 88 89 90 89 89 84 84 79 78 82 86 90 93 94 -9999 -9999 -9999 -9999 -9999 -9999 -9999 -9999 -9999 -9999 -9999 -9999 -9999 -9999 -9999 -9999 -9999 -9999 -9999 -9999 -9999 -9999 -9999 -9999 -9999 -9999
-9999 -9999 -9999 -9999 -9999 -9999 -9999 -9999 -9999 -9999 -9999 -9999 -9999 -9999 -9999 -9999 -9999 -9999 -9999 -9999 -9999 -9999 134 137 142 143 144 129 108 91 82 81 81 83 86 87 84 84 87 93 92 91 92 92 90 91 88 88 86 86 84 82 79 79 84 88 93 96 97 -9999 -9999 -9999 -9999 -9999 -9999 -9999 -9999 -9999 -9999 -9999 -9999 -9999 -9999 -9999 -9999 -9999 -9999 -9999 -9999 -9999 -9999 -9999 -9999 -9999 -9999
-9999 -9999 -9999 -9999 -9999 -9999 -9999 -9999 -9999 -9999 -9999 -9999 -9999 -9999 -9999 -9999 -9999 -9999 -9999 -9999 -9999 -9999 135 137 141 142 146 137 119 101 87 81 82 82 85 88 85 85 89 91 91 89 88 90 90 89 88 86 85 85 85 82 79 80 84 91 98 100 102 -9999 -9999 -9999 -9999 -9999 -9999 -9999 -9999 -9999 -9999 -9999 -9999 -9999 -9999 -9999 -9999 -9999 -9999 -9999 -9999 -9999 -9999 -9999 -9999 -9999 -9999
-9999 -9999 -9999 -9999 -9999 -9999 -9999 -9999 -9999 -9999 -9999 -9999 -9999 -9999 -9999 -9999 -9999 -9999 -9999 -9999 -9999 -9999 -9999 134 137 146 149 145 133 112 92 84 83 83 83 86 87 92 96 94 88 87 88 87 87 87 87 86 83 85 84 81 79 81 85 94 103 106 103 102 -9999 -9999 -9999 -9999 -9999 -9999 -9999 -9999 -9999 -9999 -9999 -9999 -9999 -9999 -9999 -9999 -9999 -9999 -9999 -9999 -9999 -9999 -9999 -9999 -9999
-9999 -9999 -9999 -9999 -9999 -9999 -9999 -9999 -9999 -9999 -9999 -9999 -9999 -9999 -9999 -9999 -9999 -9999 -9999 -9999 -9999 -9999 -9999 -9999 135 142 151 150 138 114 95 86 85 84 84 83 87 94 98 96 91 88 87 87 88 85 85 83 83 83 84 81 80 81 86 93 101 104 103 103 -9999 -9999 -9999 -9999 -9999 -9999 -9999 -9999 -9999 -9999 -9999 -9999 -9999 -9999 -9999 -9999 -9999 -9999 -9999 -9999 -9999 -9999 -9999 -9999 -9999
-9999 -9999 -9999 -9999 -9999 -9999 -9999 -9999 -9999 -9999 -9999 -9999 -9999 -9999 -9999 -9999 -9999 -9999 -9999 -9999 -9999 -9999 -9999 -9999 135 140 150 150 139 117 99 88 86 88 87 85 86 94 100 98 95 92 91 89 86 86 84 82 83 82 82 80 79 81 83 92 97 101 104 -9999 -9999 -9999 -9999 -9999 -9999 -9999 -9999 -9999 -9999 -9999 -9999 -9999 -9999 -9999 -9999 -9999 -9999 -9999 -9999 -9999 -9999 -9999 -9999 -9999 -9999
