KUENM/M_variables/Set_1/bio1_unc.asc
NCOLS 197 
NROWS 210 
XLLCORNER 56.1666666666667 
YLLCORNER 4.5 
CELLSIZE 0.166666666666667 
NODATA_value -9999 
[rows 111 to 147 of 210, columns 85 to 169 of 197]
257 256 257 257 259 261 263 265 -9999 -9999 -9999 -9999 -9999 -9999 271 271 272 271 269 264 258 248 246 252 258 264 268 270 271 271 272 271 272 272 273 275 275 275 275 275 275 275 274 274 272 270 273 273 270 270 269 270 270 269 270 271 271 271 269 266 263 263 265 265 265 266 266 267 267 267 267 265 265 267 268 263 270 271 272 272 272 272 271 271 269
258 258 259 260 261 262 -9999 -9999 -9999 -9999 -9999 -9999 -9999 -9999 270 270 271 269 266 261 251 236 239 247 251 258 264 267 269 271 272 271 272 271 271 273 273 273 274 274 275 275 275 275 274 275 275 276 274 274 274 274 272 270 270 271 272 271 271 267 263 263 264 262 263 265 265 265 266 265 263 264 262 264 265 267 269 271 271 273 272 271 270 269 271
-9999 -9999 -9999 -9999 -9999 -9999 -9999 -9999 -9999 -9999 -9999 -9999 -9999 -9999 -9999 269 269 265 258 252 242 239 245 251 257 260 264 267 270 271 271 265 265 265 264 265 267 270 273 273 273 274 272 273 274 276 277 277 276 276 275 274 273 270 270 269 271 272 271 269 265 261 261 259 260 261 261 262 260 260 262 261 249 263 265 267 269 270 271 272 269 260 256 251 259
-9999 -9999 -9999 -9999 -9999 -9999 -9999 -9999 -9999 -9999 -9999 -9999 -9999 -9999 267 268 267 261 256 247 238 238 242 247 254 260 263 265 266 257 254 253 255 258 256 258 261 265 270 270 270 269 269 271 273 274 272 273 274 276 276 274 273 270 271 271 270 271 271 269 267 261 262 259 259 258 260 259 258 258 258 256 244 262 266 268 269 270 272 270 263 249 244 245 247
-9999 -9999 -9999 -9999 -9999 -9999 -9999 -9999 -9999 -9999 -9999 -9999 -9999 -9999 266 266 264 257 253 246 241 245 245 247 250 254 258 253 252 250 253 256 258 260 261 259 260 261 263 264 264 265 267 271 273 275 274 273 272 273 275 275 273 271 270 271 271 272 271 269 266 262 263 261 260 252 255 256 255 255 255 254 244 265 268 270 271 271 271 264 246 246 238 240 246
-9999 -9999 -9999 -9999 -9999 -9999 -9999 -9999 -9999 -9999 -9999 -9999 -9999 -9999 262 263 260 257 250 241 242 247 251 252 253 253 254 257 258 252 254 256 259 260 262 263 260 262 263 263 263 263 266 269 273 275 276 276 274 273 272 274 274 272 270 269 273 272 271 268 265 264 264 261 260 250 242 246 245 247 251 255 261 266 266 266 270 269 267 257 252 241 236 234 248
-9999 -9999 -9999 -9999 -9999 -9999 -9999 -9999 -9999 -9999 -9999 -9999 -9999 264 264 263 261 253 246 237 244 247 249 254 256 257 258 260 260 257 256 259 261 262 263 263 264 263 262 263 264 265 266 273 274 276 276 276 275 275 272 274 274 273 271 273 273 273 271 268 266 265 261 256 256 251 246 245 246 245 245 251 264 266 267 268 266 260 256 241 248 235 229 242 259
-9999 -9999 -9999 -9999 -9999 -9999 -9999 -9999 -9999 -9999 -9999 -9999 -9999 -9999 264 264 266 262 253 244 244 234 244 251 255 259 261 262 263 263 260 262 265 266 267 265 264 265 266 265 266 266 267 269 274 274 271 270 274 276 276 274 272 273 274 273 275 273 271 269 267 266 259 250 246 250 247 247 247 246 245 248 253 259 267 266 255 247 253 254 253 236 234 252 265
-9999 -9999 -9999 -9999 -9999 -9999 -9999 -9999 -9999 -9999 -9999 -9999 -9999 -9999 266 264 267 265 262 250 233 237 247 251 255 258 260 263 264 265 265 265 265 266 266 268 268 267 267 268 265 267 268 269 269 270 271 270 268 270 264 263 263 266 272 275 276 276 274 271 269 267 255 246 245 245 249 248 247 245 245 247 245 252 266 252 235 245 240 259 260 248 245 244 254
-9999 -9999 -9999 -9999 -9999 -9999 -9999 -9999 -9999 -9999 -9999 -9999 -9999 -9999 267 265 267 268 269 267 242 232 240 246 251 256 260 261 263 265 267 267 268 269 268 268 269 269 269 270 269 269 267 267 270 269 268 265 266 268 266 262 267 273 273 275 277 277 276 272 272 270 261 248 242 248 253 249 249 249 248 248 247 246 258 242 231 246 255 250 261 254 242 241 256
-9999 -9999 -9999 -9999 -9999 -9999 -9999 -9999 -9999 -9999 -9999 -9999 -9999 -9999 268 266 270 270 269 259 236 241 241 244 249 254 254 256 262 263 263 265 266 268 269 270 269 268 269 270 270 271 271 267 267 269 268 268 266 272 273 267 263 271 275 278 279 278 274 274 274 271 266 254 244 246 255 250 250 250 249 249 248 248 246 235 231 242 260 250 265 261 243 236 256
-9999 -9999 -9999 -9999 -9999 -9999 -9999 -9999 -9999 -9999 -9999 -9999 -9999 -9999 268 268 269 265 268 236 234 243 247 244 241 247 252 248 252 256 260 263 266 267 268 269 271 270 270 271 271 271 272 270 269 271 272 272 272 274 278 279 277 268 275 278 280 279 275 273 271 271 268 265 263 261 258 245 246 250 250 250 248 247 241 232 229 239 259 248 267 258 240 230 250
-9999 -9999 -9999 -9999 -9999 -9999 -9999 -9999 -9999 -9999 -9999 -9999 -9999 -9999 268 268 268 264 256 236 240 241 246 251 249 249 252 254 256 251 252 256 259 258 262 263 268 269 269 270 268 269 271 272 272 272 273 273 274 275 277 276 281 281 281 280 281 281 276 279 272 268 267 266 260 260 259 248 243 249 250 250 248 244 235 230 235 253 261 260 261 260 254 249 256
-9999 -9999 -9999 -9999 -9999 -9999 -9999 -9999 -9999 -9999 -9999 -9999 -9999 -9999 265 265 265 264 244 242 245 248 249 251 254 254 253 255 259 257 253 252 253 254 254 256 260 262 264 265 266 267 271 272 272 272 271 270 272 271 273 274 278 281 283 283 282 282 281 281 274 276 271 265 260 249 255 251 256 254 251 249 247 235 231 225 228 263 269 268 252 268 267 264 268
-9999 -9999 -9999 -9999 -9999 -9999 -9999 -9999 -9999 -9999 -9999 -9999 -9999 -9999 -9999 264 262 263 239 240 247 250 252 255 256 257 258 256 258 260 260 256 254 256 257 258 259 260 261 262 265 267 270 272 273 271 267 268 269 265 269 271 275 278 281 281 282 281 281 280 277 268 273 272 263 248 257 264 267 267 266 262 238 231 228 225 247 268 271 271 270 267 268 270 270
-9999 -9999 -9999 -9999 -9999 -9999 -9999 -9999 -9999 -9999 -9999 -9999 -9999 -9999 -9999 262 263 265 248 236 240 240 244 248 253 256 260 259 259 261 262 262 258 255 257 257 259 261 261 260 260 266 268 271 273 269 261 262 264 266 272 275 277 279 280 282 281 278 279 280 282 272 265 276 274 266 259 268 269 266 265 251 239 231 224 224 248 266 270 270 272 272 271 271 -9999
-9999 -9999 -9999 -9999 -9999 -9999 -9999 -9999 -9999 -9999 -9999 -9999 -9999 -9999 -9999 264 264 267 256 238 238 240 241 248 252 255 258 260 261 261 264 265 264 262 258 259 260 260 262 262 262 263 263 266 269 270 266 263 264 267 269 271 276 277 279 280 279 278 278 279 281 280 272 278 276 269 269 271 269 271 264 248 233 225 222 222 249 268 273 272 272 273 272 -9999 -9999
-9999 -9999 -9999 -9999 -9999 -9999 -9999 -9999 -9999 -9999 -9999 -9999 -9999 -9999 -9999 264 263 263 268 254 233 238 247 252 255 257 258 259 262 262 264 267 267 266 260 260 261 262 262 263 264 263 265 265 267 269 269 267 263 265 264 267 271 272 276 278 278 276 276 273 276 280 280 279 275 274 276 275 273 257 252 243 227 220 224 244 265 275 274 274 274 275 -9999 -9999 -9999
-9999 -9999 -9999 -9999 -9999 -9999 -9999 -9999 -9999 -9999 -9999 -9999 -9999 -9999 -9999 -9999 262 261 261 241 223 237 236 243 249 251 257 261 263 264 264 267 269 268 265 262 261 262 261 261 261 263 261 263 265 265 267 266 265 262 263 265 268 270 275 277 277 278 274 271 274 273 278 281 277 274 279 276 258 243 235 229 235 227 262 273 273 273 276 276 -9999 -9999 -9999 -9999 -9999
-9999 -9999 -9999 -9999 -9999 -9999 -9999 -9999 -9999 -9999 -9999 -9999 -9999 -9999 -9999 -9999 263 262 267 249 232 237 243 239 237 245 250 257 262 266 267 268 270 270 269 268 264 265 265 262 261 262 262 261 263 266 266 264 261 261 262 267 270 273 276 278 279 279 276 271 276 278 279 282 280 275 279 264 243 239 246 240 248 264 271 274 274 274 276 -9999 -9999 -9999 -9999 -9999 -9999
-9999 -9999 -9999 -9999 -9999 -9999 -9999 -9999 -9999 -9999 -9999 -9999 -9999 -9999 -9999 -9999 264 264 266 267 238 232 245 242 242 244 251 256 260 264 267 269 270 271 270 271 268 267 268 269 266 265 265 261 260 264 265 264 260 262 265 270 275 277 278 279 281 280 280 278 278 281 281 281 279 280 269 257 252 259 261 264 268 273 272 276 276 277 -9999 -9999 -9999 -9999 -9999 -9999 -9999
-9999 -9999 -9999 -9999 -9999 -9999 -9999 -9999 -9999 -9999 -9999 -9999 -9999 -9999 -9999 -9999 -9999 263 265 264 236 235 246 243 246 245 246 256 260 263 265 269 271 272 272 272 271 271 269 271 272 269 270 264 264 260 261 263 264 266 270 274 277 279 281 281 282 282 283 282 279 280 277 274 274 275 263 267 267 269 270 264 272 274 276 277 277 -9999 -9999 -9999 -9999 -9999 -9999 -9999 -9999
-9999 -9999 -9999 -9999 -9999 -9999 -9999 -9999 -9999 -9999 -9999 -9999 -9999 -9999 -9999 -9999 -9999 265 265 267 233 237 246 247 248 245 243 251 258 259 263 267 269 271 273 273 273 273 273 272 274 273 273 271 268 261 261 263 263 265 268 275 277 280 282 283 283 284 284 283 283 277 277 275 274 275 270 275 277 275 276 276 277 278 278 -9999 -9999 -9999 -9999 -9999 -9999 -9999 -9999 -9999 -9999
-9999 -9999 -9999 -9999 -9999 -9999 -9999 -9999 -9999 -9999 -9999 -9999 -9999 -9999 -9999 -9999 -9999 268 263 266 248 239 244 251 252 252 248 248 252 252 259 264 264 269 271 272 274 274 275 275 274 272 270 267 267 262 260 261 260 262 264 276 281 282 284 285 284 285 285 285 285 283 279 278 277 278 278 279 279 277 277 279 279 -9999 -9999 -9999 -9999 -9999 -9999 -9999 -9999 -9999 -9999 -9999 -9999
-9999 -9999 -9999 -9999 -9999 -9999 -9999 -9999 -9999 -9999 -9999 -9999 -9999 -9999 -9999 -9999 -9999 268 264 267 252 241 248 251 254 254 250 252 253 250 254 259 264 267 269 269 271 272 272 276 273 269 265 267 269 264 263 265 263 265 271 278 282 285 286 287 286 286 287 286 285 282 280 280 279 278 279 279 279 278 279 278 279 -9999 -9999 -9999 -9999 -9999 -9999 -9999 -9999 -9999 -9999 -9999 -9999
-9999 -9999 -9999 -9999 -9999 -9999 -9999 -9999 -9999 -9999 -9999 -9999 -9999 -9999 -9999 -9999 -9999 270 266 268 261 242 246 251 252 255 253 254 254 253 252 256 260 262 264 266 269 271 272 275 278 275 274 271 272 270 267 269 267 270 276 279 282 286 288 288 289 288 287 287 285 282 281 281 282 281 281 280 279 279 279 278 278 -9999 -9999 -9999 -9999 -9999 -9999 -9999 -9999 -9999 -9999 -9999 -9999
-9999 -9999 -9999 -9999 -9999 -9999 -9999 -9999 -9999 -9999 -9999 -9999 -9999 -9999 -9999 -9999 -9999 271 269 269 269 243 247 250 253 254 255 254 255 255 256 256 256 258 260 265 266 272 273 277 278 278 278 277 277 276 272 269 271 272 275 279 282 284 288 289 287 287 286 287 286 284 284 283 282 281 280 279 279 278 278 278 -9999 -9999 -9999 -9999 -9999 -9999 -9999 -9999 -9999 -9999 -9999 -9999 -9999
-9999 -9999 -9999 -9999 -9999 -9999 -9999 -9999 -9999 -9999 -9999 -9999 -9999 -9999 -9999 -9999 -9999 -9999 270 266 268 240 247 249 249 247 249 251 252 251 253 256 259 260 261 265 268 273 276 276 278 279 280 280 279 278 274 270 271 271 267 267 275 282 284 283 283 284 286 285 286 285 284 283 281 280 279 279 278 278 278 -9999 -9999 -9999 -9999 -9999 -9999 -9999 -9999 -9999 -9999 -9999 -9999 -9999 -9999
-9999 -9999 -9999 -9999 -9999 -9999 -9999 -9999 -9999 -9999 -9999 -9999 -9999 -9999 -9999 -9999 -9999 -9999 270 268 270 249 241 244 246 247 250 253 250 251 253 254 258 260 264 264 269 269 269 272 275 278 278 278 279 280 276 275 275 266 255 265 276 279 277 282 282 285 286 284 285 285 283 282 280 279 279 -9999 279 -9999 -9999 -9999 -9999 -9999 -9999 -9999 -9999 -9999 -9999 -9999 -9999 -9999 -9999 -9999 -9999
-9999 -9999 -9999 -9999 -9999 -9999 -9999 -9999 -9999 -9999 -9999 -9999 -9999 -9999 -9999 -9999 -9999 -9999 270 268 269 255 239 242 243 246 246 250 247 248 250 253 257 261 262 265 264 267 270 273 276 277 277 276 278 280 280 280 277 267 268 266 263 278 284 286 286 285 286 286 285 284 283 281 279 279 -9999 -9999 -9999 -9999 -9999 -9999 -9999 -9999 -9999 -9999 -9999 -9999 -9999 -9999 -9999 -9999 -9999 -9999 -9999
-9999 -9999 -9999 -9999 -9999 -9999 -9999 -9999 -9999 -9999 -9999 -9999 -9999 -9999 -9999 -9999 -9999 -9999 271 267 269 265 237 241 242 242 241 244 248 249 253 254 257 257 259 260 264 270 272 275 276 276 277 278 279 279 280 281 281 278 268 265 276 284 286 285 285 285 285 286 285 284 282 281 280 -9999 -9999 -9999 -9999 -9999 -9999 -9999 -9999 -9999 -9999 -9999 -9999 -9999 -9999 -9999 -9999 -9999 -9999 -9999 -9999
-9999 -9999 -9999 -9999 -9999 -9999 -9999 -9999 -9999 -9999 -9999 -9999 -9999 -9999 -9999 -9999 -9999 -9999 -9999 270 270 271 262 240 240 243 247 248 248 251 255 258 259 257 256 259 265 271 274 275 273 270 272 274 276 278 278 279 281 281 265 271 273 285 285 285 285 286 285 285 285 -9999 282 281 281 -9999 -9999 -9999 -9999 -9999 -9999 -9999 -9999 -9999 -9999 -9999 -9999 -9999 -9999 -9999 -9999 -9999 -9999 -9999 -9999
-9999 -9999 -9999 -9999 -9999 -9999 -9999 -9999 -9999 -9999 -9999 -9999 -9999 -9999 -9999 -9999 -9999 -9999 -9999 -9999 273 274 269 255 242 244 245 246 250 254 257 258 258 259 261 261 268 272 274 274 271 268 268 270 272 276 272 276 282 282 261 273 282 281 283 285 286 285 285 285 -9999 -9999 -9999 -9999 -9999 -9999 -9999 -9999 -9999 -9999 -9999 -9999 -9999 -9999 -9999 -9999 -9999 -9999 -9999 -9999 -9999 -9999 -9999 -9999 -9999
-9999 -9999 -9999 -9999 -9999 -9999 -9999 -9999 -9999 -9999 -9999 -9999 -9999 -9999 -9999 -9999 -9999 -9999 -9999 -9999 273 273 272 260 244 245 250 247 249 254 256 255 258 261 264 265 268 274 274 273 271 268 268 267 269 271 271 281 285 283 272 279 279 281 286 286 287 286 286 285 -9999 -9999 -9999 -9999 -9999 -9999 -9999 -9999 -9999 -9999 -9999 -9999 -9999 -9999 -9999 -9999 -9999 -9999 -9999 -9999 -9999 -9999 -9999 -9999 -9999
-9999 -9999 -9999 -9999 -9999 -9999 -9999 -9999 -9999 -9999 -9999 -9999 -9999 -9999 -9999 -9999 -9999 -9999 -9999 -9999 -9999 273 273 261 244 251 253 252 252 253 254 254 258 264 266 268 267 269 273 273 273 271 269 270 267 269 278 285 286 285 269 280 273 281 286 286 287 287 287 -9999 -9999 -9999 -9999 -9999 -9999 -9999 -9999 -9999 -9999 -9999 -9999 -9999 -9999 -9999 -9999 -9999 -9999 -9999 -9999 -9999 -9999 -9999 -9999 -9999 -9999
-9999 -9999 -9999 -9999 -9999 -9999 -9999 -9999 -9999 -9999 -9999 -9999 -9999 -9999 -9999 -9999 -9999 -9999 -9999 -9999 -9999 269 266 254 244 253 254 254 250 251 253 258 261 265 266 267 262 257 266 271 273 271 271 275 276 275 279 285 287 287 271 284 279 282 287 288 289 288 288 -9999 -9999 -9999 -9999 -9999 -9999 -9999 -9999 -9999 -9999 -9999 -9999 -9999 -9999 -9999 -9999 -9999 -9999 -9999 -9999 -9999 -9999 -9999 -9999 -9999 -9999
-9999 -9999 -9999 -9999 -9999 -9999 -9999 -9999 -9999 -9999 -9999 -9999 -9999 -9999 -9999 -9999 -9999 -9999 -9999 -9999 -9999 -9999 271 267 259 258 252 252 250 253 257 260 262 261 261 264 261 257 265 272 273 271 274 277 278 281 281 281 287 288 279 287 279 282 288 288 289 289 289 -9999 -9999 -9999 -9999 -9999 -9999 -9999 -9999 -9999 -9999 -9999 -9999 -9999 -9999 -9999 -9999 -9999 -9999 -9999 -9999 -9999 -9999 -9999 -9999 -9999 -9999
