KUENM/M_variables/Set_1/bio1_unc.asc
NCOLS 197 
NROWS 210 
XLLCORNER 56.1666666666667 
YLLCORNER 4.5 
CELLSIZE 0.166666666666667 
NODATA_value -9999 
[rows 0 to 36 of 210, columns 85 to 169 of 197]
-9999 -9999 -9999 -9999 -9999 -9999 -9999 -9999 -9999 5 -21 -4 -27 -40 -60 -83 -87 -54 -73 -87 -9999 -9999 -9999 -9999 -9999 -9999 -9999 -9999 -9999 -9999 -9999 -9999 -9999 -9999 -9999 -9999 -9999 -9999 -9999 -9999 -9999 -9999 -9999 -9999 -9999 -9999 -9999 -9999 -9999 -9999 -9999 -9999 -9999 -9999 -9999 -9999 -9999 -9999 -9999 -9999 -9999 -9999 -9999 -9999 -9999 -9999 -9999 -9999 -9999 -9999 -9999 -9999 -9999 -9999 -9999 -9999 -9999 -9999 -9999 -9999 -9999 -9999 -9999 -9999 -9999
-9999 -9999 -9999 33 17 53 49 34 -36 -61 -45 -33 -45 -58 -86 -104 -96 -59 -55 -79 -70 -38 -38 -65 -66 -57 -9999 -9999 -9999 -9999 -9999 -9999 -9999 -9999 -9999 -9999 -9999 -9999 -9999 -9999 -9999 -9999 -9999 -9999 -9999 -9999 -9999 -9999 -9999 -9999 -9999 -9999 -9999 -9999 -9999 -9999 -9999 -9999 -9999 -9999 -9999 -9999 -9999 -9999 -9999 -9999 -9999 -9999 -9999 -9999 -9999 -9999 -9999 -9999 -9999 -9999 -9999 -9999 -9999 -9999 -9999 -9999 -9999 -9999 -9999
62 66 67 51 28 8 -29 -16 -20 -46 -78 -39 -50 -61 -89 -91 -73 -63 -31 -41 -90 -65 -67 -37 -10 -37 -85 -46 -1 41 -9999 -9999 -9999 -9999 -9999 -9999 -9999 -9999 -9999 -9999 -9999 -9999 -9999 -9999 -9999 -9999 -9999 -9999 -9999 -9999 -9999 -9999 -9999 -9999 -9999 -9999 -9999 -9999 -9999 -9999 -9999 -9999 -9999 -9999 -9999 -9999 -9999 -9999 -9999 -9999 -9999 -9999 -9999 -9999 -9999 -9999 -9999 -9999 -9999 -9999 -9999 -9999 -9999 -9999 -9999
44 2 11 27 12 -29 -21 -16 -66 -79 -98 -55 -84 -85 -67 -84 -75 -45 -37 -59 -81 -76 -50 -39 -34 -23 -42 -56 -67 4 48 67 89 -9999 -9999 -9999 -9999 -9999 -9999 -9999 -9999 -9999 -9999 -9999 -9999 -9999 -9999 -9999 -9999 -9999 -9999 -9999 -9999 -9999 -9999 -9999 -9999 -9999 -9999 -9999 -9999 -9999 -9999 -9999 -9999 -9999 -9999 -9999 -9999 -9999 -9999 -9999 -9999 -9999 -9999 -9999 -9999 -9999 -9999 -9999 -9999 -9999 -9999 -9999 -9999
54 50 44 8 -15 11 -35 -31 -39 -44 -44 -74 -87 -68 -70 -70 -56 -45 -52 -63 -73 -61 -62 -56 -66 -59 -47 -5 -51 -9 4 29 41 67 109 -9999 -9999 -9999 -9999 -9999 -9999 -9999 -9999 -9999 -9999 -9999 -9999 -9999 -9999 -9999 -9999 -9999 -9999 -9999 -9999 -9999 -9999 -9999 -9999 -9999 -9999 -9999 -9999 -9999 -9999 -9999 -9999 -9999 -9999 -9999 -9999 -9999 -9999 -9999 -9999 -9999 -9999 -9999 -9999 -9999 -9999 -9999 -9999 -9999 -9999
39 16 18 15 -5 -32 -47 -45 7 -6 -41 -87 -117 -72 -37 -48 -27 -69 -84 -68 -60 -56 -47 -44 -42 -56 -56 -31 -55 -103 -56 -22 -28 -2 66 97 113 -9999 -9999 -9999 -9999 -9999 -9999 -9999 -9999 -9999 -9999 -9999 -9999 -9999 -9999 -9999 -9999 -9999 -9999 -9999 -9999 -9999 -9999 -9999 -9999 -9999 -9999 -9999 -9999 -9999 -9999 -9999 -9999 -9999 -9999 -9999 -9999 -9999 -9999 -9999 -9999 -9999 -9999 -9999 -9999 -9999 -9999 -9999 -9999
26 23 56 59 48 0 -1 14 -15 -20 -33 -68 -48 -32 -40 -52 -49 -78 -89 -78 -73 -47 -27 -32 -29 -38 -55 -50 -23 -64 -62 -33 -7 10 4 51 73 101 116 -9999 -9999 -9999 -9999 -9999 -9999 -9999 -9999 -9999 -9999 -9999 -9999 -9999 -9999 -9999 -9999 -9999 -9999 -9999 -9999 -9999 -9999 -9999 -9999 -9999 -9999 -9999 -9999 -9999 -9999 -9999 -9999 -9999 -9999 -9999 -9999 -9999 -9999 -9999 -9999 -9999 -9999 -9999 -9999 -9999 -9999
24 64 0 22 -24 26 43 -4 -27 -32 -42 -3 -16 -25 -43 -41 -50 -51 -41 -55 -57 -41 -17 -26 -42 -53 -45 -28 -101 -78 -76 -43 -23 -2 -6 18 36 82 103 117 122 -9999 -9999 -9999 -9999 -9999 -9999 -9999 -9999 -9999 -9999 -9999 -9999 -9999 -9999 -9999 -9999 -9999 -9999 -9999 -9999 -9999 -9999 -9999 -9999 -9999 -9999 -9999 -9999 -9999 -9999 -9999 -9999 -9999 -9999 -9999 -9999 -9999 -9999 -9999 -9999 -9999 -9999 -9999 -9999
70 26 -22 -20 -33 20 -1 -16 -17 7 -1 -23 -57 -62 -67 -59 -75 -67 -63 -41 -30 -16 -28 -14 -14 -18 -46 -44 -10 -41 -59 -33 1 19 41 58 42 75 88 115 120 122 -9999 -9999 -9999 -9999 -9999 -9999 -9999 -9999 -9999 -9999 -9999 -9999 -9999 -9999 -9999 -9999 -9999 -9999 -9999 -9999 -9999 -9999 -9999 -9999 -9999 -9999 -9999 -9999 -9999 -9999 -9999 -9999 -9999 -9999 -9999 -9999 -9999 -9999 -9999 -9999 -9999 -9999 -9999
24 31 11 -22 9 45 22 34 -2 -13 -51 -65 -74 -65 -58 -49 -73 -67 -58 -46 -48 -38 -33 -31 -35 -20 -32 -57 -6 6 -21 -44 14 -2 34 76 69 98 107 113 117 122 122 -9999 -9999 -9999 -9999 -9999 -9999 -9999 -9999 -9999 -9999 -9999 -9999 -9999 -9999 -9999 -9999 -9999 -9999 -9999 -9999 -9999 -9999 -9999 -9999 -9999 -9999 -9999 -9999 -9999 -9999 -9999 -9999 -9999 -9999 -9999 -9999 -9999 -9999 -9999 -9999 -9999 -9999
51 17 0 11 28 -20 -28 26 -38 -18 -23 -22 -23 -31 -42 -20 -24 -19 -35 -36 -28 -38 -43 -38 -34 -29 -26 -63 -49 16 1 0 -7 6 0 13 48 83 91 99 101 111 115 117 119 -9999 -9999 -9999 -9999 -9999 -9999 -9999 -9999 -9999 -9999 -9999 -9999 -9999 -9999 -9999 -9999 -9999 -9999 -9999 -9999 -9999 -9999 -9999 -9999 -9999 -9999 -9999 -9999 -9999 -9999 -9999 -9999 -9999 -9999 -9999 -9999 -9999 -9999 -9999 -9999
83 54 15 32 15 -22 0 14 13 -36 -59 -63 -48 -35 -61 -35 -33 -47 -65 -60 -50 -53 -42 -36 -34 -43 -30 -48 -63 -26 -8 -13 -31 -34 -10 -7 17 51 71 69 98 105 106 104 104 107 -9999 -9999 -9999 -9999 -9999 -9999 -9999 -9999 -9999 -9999 -9999 -9999 -9999 -9999 -9999 -9999 -9999 -9999 -9999 -9999 -9999 -9999 -9999 -9999 -9999 -9999 -9999 -9999 -9999 -9999 -9999 -9999 -9999 -9999 -9999 -9999 -9999 -9999 -9999
53 50 36 35 17 -9 18 29 -14 -49 -43 -23 -12 -38 -54 -52 -40 -26 -31 -36 -37 -42 -48 -57 -43 -38 -26 -41 -62 -55 -12 -52 -26 -17 -18 18 -12 39 60 82 74 87 94 96 96 98 104 -9999 -9999 -9999 -9999 -9999 -9999 -9999 -9999 -9999 -9999 -9999 -9999 -9999 -9999 -9999 -9999 -9999 -9999 -9999 -9999 -9999 -9999 -9999 -9999 -9999 -9999 -9999 -9999 -9999 -9999 -9999 -9999 -9999 -9999 -9999 -9999 -9999 -9999
113 89 51 44 22 -18 10 -3 -4 -9 -3 -15 -37 -53 -39 -25 -37 -60 -76 -63 -62 -66 -50 -38 -55 -73 -70 -73 -66 -45 -5 -54 -40 12 27 -1 -28 4 59 60 65 66 67 72 70 84 92 90 -9999 -9999 -9999 -9999 -9999 -9999 -9999 -9999 -9999 -9999 -9999 -9999 -9999 -9999 -9999 -9999 -9999 -9999 -9999 -9999 -9999 -9999 -9999 -9999 -9999 -9999 -9999 -9999 -9999 -9999 -9999 -9999 -9999 -9999 -9999 -9999 -9999
102 110 91 64 36 25 15 -22 -48 -29 -53 -58 -46 -27 -11 -56 -73 -73 -50 -40 -45 -35 -43 -66 -77 -73 -61 -49 -56 -68 -31 -48 -61 -5 -28 -23 -12 9 47 34 30 16 40 29 38 46 57 63 74 87 -9999 -9999 -9999 -9999 -9999 -9999 -9999 -9999 -9999 -9999 -9999 -9999 -9999 -9999 -9999 -9999 -9999 -9999 -9999 -9999 -9999 -9999 -9999 -9999 -9999 -9999 -9999 -9999 -9999 -9999 -9999 -9999 -9999 -9999 -9999
93 51 69 89 53 -20 -13 -6 -65 -55 -14 12 -18 -45 -37 -33 -30 -45 -1 -40 -50 -46 -69 -69 -64 -62 -54 -64 -52 -69 -82 -53 -66 0 -29 -49 -36 -37 0 13 12 -20 5 -10 -17 -5 -21 23 29 39 51 -9999 -9999 -9999 -9999 -9999 -9999 -9999 -9999 -9999 -9999 -9999 -9999 -9999 -9999 -9999 -9999 -9999 -9999 -9999 -9999 -9999 -9999 -9999 -9999 -9999 -9999 -9999 -9999 -9999 -9999 -9999 -9999 -9999 -9999
65 21 33 75 44 -31 -17 39 -24 12 -28 -73 -72 -24 -37 -19 -40 -48 -35 -50 -63 -53 -40 -49 -45 -39 -1 -24 -55 -67 -80 -85 -60 -63 -5 -77 -76 -54 -52 -36 -27 -34 -32 -35 -71 -54 -44 -18 -54 -17 3 23 -9999 -9999 -9999 -9999 -9999 -9999 -9999 -9999 -9999 -9999 -9999 -9999 -9999 -9999 -9999 -9999 -9999 -9999 -9999 -9999 -9999 -9999 -9999 -9999 -9999 -9999 -9999 -9999 -9999 -9999 -9999 -9999 -9999
38 -11 45 65 10 1 25 -28 -25 -64 -85 -48 15 -6 -18 -9 -29 -15 5 -33 4 -6 -3 -58 -75 -47 -7 -1 -50 -69 -73 -88 -94 -33 -14 -16 -28 -89 -73 -71 -65 -76 -87 -85 -77 -54 -33 -24 -26 -7 -12 12 56 -9999 -9999 -9999 -9999 -9999 -9999 -9999 -9999 -9999 -9999 -9999 -9999 -9999 -9999 -9999 -9999 -9999 -9999 -9999 -9999 -9999 -9999 -9999 -9999 -9999 -9999 -9999 -9999 -9999 -9999 -9999 -9999
-21 -41 47 -5 -35 -12 -20 -48 -78 -74 -19 8 48 20 -10 -48 -30 14 32 -25 5 28 -46 2 -36 -48 -37 10 -55 -43 -25 -66 -71 -59 -40 -70 -59 -44 -32 -56 -46 -55 -57 -81 -63 -37 -49 -68 -41 -34 -59 -20 9 7 -9999 -9999 -9999 -9999 -9999 -9999 -9999 -9999 -9999 -9999 -9999 -9999 -9999 -9999 -9999 -9999 -9999 -9999 -9999 -9999 -9999 -9999 -9999 -9999 -9999 -9999 -9999 -9999 -9999 -9999 -9999
-68 -24 10 -59 -44 -41 -50 -18 -32 -46 35 66 30 6 -22 -15 -20 8 34 35 75 -6 -19 39 37 38 34 -17 -74 -104 -70 -68 -68 -78 -94 -51 -84 -62 -57 -63 -77 -82 -77 -57 -73 -74 -64 -42 -47 -47 -54 -46 -57 -48 -36 -9999 -9999 -9999 -9999 -9999 -9999 -9999 -9999 -9999 -9999 -9999 -9999 -9999 -9999 -9999 -9999 -9999 -9999 -9999 -9999 -9999 -9999 -9999 -9999 -9999 -9999 -9999 -9999 -9999 -9999
-49 -28 11 -17 -46 -39 -17 14 40 31 63 -38 -5 -19 -15 -15 -5 -12 -13 -27 11 54 59 86 -12 -19 -55 -62 -47 -50 -72 -85 -97 -86 -85 -82 -42 -60 -84 -76 -99 -82 -79 -62 -60 -60 -76 -87 -79 -73 -72 -67 -50 -91 -106 -78 -9999 -9999 -9999 -9999 -9999 -9999 -9999 -9999 -9999 -9999 -9999 -9999 -9999 -9999 -9999 -9999 -9999 -9999 -9999 -9999 -9999 -9999 -9999 -9999 -9999 -9999 -9999 -9999 -9999
-23 -3 -37 -10 -67 -9 -9 11 81 63 9 -44 -35 -46 -40 -37 -40 -22 -7 -9 -14 -17 2 84 104 36 36 -56 -44 -18 -20 -52 -62 -57 -82 -91 -100 -101 -63 -80 -101 -99 -75 -62 -77 -71 -51 -61 -71 -57 -75 -80 -66 -57 -91 -91 -76 -9999 -9999 -9999 -9999 -9999 -9999 -9999 -9999 -9999 -9999 -9999 -9999 -9999 -9999 -9999 -9999 -9999 -9999 -9999 -9999 -9999 -9999 -9999 -9999 -9999 -9999 -9999 -9999
-56 -54 -25 -55 -36 -1 13 15 111 29 9 -36 -21 -11 -16 -3 -11 3 43 35 20 38 -9 -12 16 116 66 -10 -14 -34 4 -4 -30 -19 -64 -47 -67 -94 -83 -80 -89 -101 -114 -89 -74 -72 -70 -77 -78 -81 -90 -75 -77 -83 -67 -99 -98 -87 -9999 -9999 -9999 -9999 -9999 -9999 -9999 -9999 -9999 -9999 -9999 -9999 -9999 -9999 -9999 -9999 -9999 -9999 -9999 -9999 -9999 -9999 -9999 -9999 -9999 -9999 -9999
-17 -45 -53 -39 -26 35 20 37 123 62 12 25 24 35 12 43 13 34 97 124 120 116 72 19 -11 92 21 0 27 29 4 33 -32 -48 -43 -73 -52 -94 -100 -92 -101 -99 -103 -85 -81 -91 -93 -88 -76 -69 -87 -79 -70 -57 -54 -64 -86 -102 -9999 -9999 -9999 -9999 -9999 -9999 -9999 -9999 -9999 -9999 -9999 -9999 -9999 -9999 -9999 -9999 -9999 -9999 -9999 -9999 -9999 -9999 -9999 -9999 -9999 -9999 -9999
-13 -28 -14 6 -14 46 104 122 110 48 96 75 26 55 -6 72 93 132 49 44 83 121 137 119 97 36 9 4 -38 -43 31 43 55 -39 -36 -52 -28 -47 -58 -90 -69 -106 -105 -83 -83 -78 -79 -77 -83 -85 -66 -60 -62 -61 -57 -50 -62 -70 -83 -9999 -9999 -9999 -9999 -9999 -9999 -9999 -9999 -9999 -9999 -9999 -9999 -9999 -9999 -9999 -9999 -9999 -9999 -9999 -9999 -9999 -9999 -9999 -9999 -9999 -9999
37 -15 33 53 35 66 121 134 74 127 100 37 42 92 12 43 92 118 39 6 8 16 44 39 -19 -64 6 12 -29 -42 -34 39 8 34 4 15 28 16 -26 -61 -73 -46 -92 -99 -69 -81 -75 -85 -92 -94 -84 -82 -78 -67 -57 -50 -49 -52 -62 -68 -9999 -9999 -9999 -9999 -9999 -9999 -9999 -9999 -9999 -9999 -9999 -9999 -9999 -9999 -9999 -9999 -9999 -9999 -9999 -9999 -9999 -9999 -9999 -9999 -9999
101 67 91 112 50 129 145 105 139 148 146 106 137 111 67 142 126 52 12 -6 1 -6 -10 -17 -38 -38 6 -14 -15 -37 -26 -29 -35 13 13 -35 2 -30 -37 -58 -77 -38 -65 -90 -74 -75 -70 -79 -84 -88 -78 -95 -80 -67 -65 -55 -61 -52 -49 -51 -9999 -9999 -9999 -9999 -9999 -9999 -9999 -9999 -9999 -9999 -9999 -9999 -9999 -9999 -9999 -9999 -9999 -9999 -9999 -9999 -9999 -9999 -9999 -9999 -9999
153 75 109 141 152 162 146 166 175 170 150 155 174 140 145 158 97 43 13 24 25 3 2 20 20 -12 -18 -2 -20 -22 -16 -38 -52 -46 -14 8 -44 -6 2 -38 -46 -63 -19 -63 -99 -84 -54 -90 -95 -88 -82 -80 -71 -68 -68 -67 -58 -60 -62 -57 -60 -9999 -9999 -9999 -9999 -9999 -9999 -9999 -9999 -9999 -9999 -9999 -9999 -9999 -9999 -9999 -9999 -9999 -9999 -9999 -9999 -9999 -9999 -9999 -9999
145 96 110 159 176 158 185 187 188 175 182 183 168 138 168 167 132 77 53 72 6 34 62 64 62 39 31 10 -1 -14 -26 -32 -24 -39 -9 19 -38 -52 -53 -17 -11 -10 -38 -5 -90 -87 -58 -58 -75 -79 -80 -76 -71 -66 -66 -67 -72 -79 -71 -75 -76 -9999 -9999 -9999 -9999 -9999 -9999 -9999 -9999 -9999 -9999 -9999 -9999 -9999 -9999 -9999 -9999 -9999 -9999 -9999 -9999 -9999 -9999 -9999 -9999
184 192 184 180 164 191 196 185 193 200 199 179 183 176 180 140 158 141 125 73 62 91 80 105 88 37 29 27 16 -8 -35 -28 -25 -7 20 4 15 11 -49 -61 -60 -48 4 36 -50 -93 -87 -59 -90 -77 -81 -86 -88 -77 -75 -75 -72 -70 -66 -64 -60 -66 -9999 -9999 -9999 -9999 -9999 -9999 -9999 -9999 -9999 -9999 -9999 -9999 -9999 -9999 -9999 -9999 -9999 -9999 -9999 -9999 -9999 -9999 -9999
209 212 206 198 189 198 199 201 213 216 214 202 196 196 190 175 179 183 173 138 129 77 100 137 121 119 64 6 -5 -13 -31 -19 -10 -9 -2 3 3 13 19 -25 -52 -67 -59 -54 6 -55 -81 -40 -81 -86 -77 -65 -80 -81 -81 -89 -80 -79 -80 -89 -67 -77 -86 -9999 -9999 -9999 -9999 -9999 -9999 -9999 -9999 -9999 -9999 -9999 -9999 -9999 -9999 -9999 -9999 -9999 -9999 -9999 -9999 -9999 -9999
194 205 215 213 209 206 211 222 222 221 221 220 214 205 191 199 190 168 157 165 121 83 57 113 139 140 115 82 28 10 -10 -28 -44 -12 -25 -28 -27 -16 -3 12 15 27 -10 -29 -38 -25 -28 -40 -64 -71 -53 -65 -64 -70 -75 -102 -61 -89 -88 -76 -68 -64 -71 -9999 -9999 -9999 -9999 -9999 -9999 -9999 -9999 -9999 -9999 -9999 -9999 -9999 -9999 -9999 -9999 -9999 -9999 -9999 -9999 -9999 -9999
141 164 181 179 183 190 223 226 226 224 223 221 222 222 212 215 195 172 143 165 136 116 113 78 103 134 137 117 50 22 -1 -12 -41 -17 -56 -44 -47 -49 -54 -17 -27 11 9 49 -2 -59 -24 -32 -46 -69 -83 -75 -68 -69 -86 -65 -57 -92 -74 -63 -55 -48 -35 -62 -9999 -9999 -9999 -9999 -9999 -9999 -9999 -9999 -9999 -9999 -9999 -9999 -9999 -9999 -9999 -9999 -9999 -9999 -9999 -9999 -9999
68 88 127 158 179 196 221 226 222 211 212 222 224 221 214 212 192 180 157 186 160 123 116 84 22 92 125 138 124 90 7 11 -19 -37 -41 -48 -47 -42 -30 -16 3 12 -23 -25 36 -42 -57 -39 -39 -20 -77 -53 -64 -45 -72 -64 -80 -85 -65 -53 -43 -47 -47 -31 -44 -9999 -9999 -9999 -9999 -9999 -9999 -9999 -9999 -9999 -9999 -9999 -9999 -9999 -9999 -9999 -9999 -9999 -9999 -9999 -9999
154 131 140 147 172 187 200 214 199 208 221 221 222 220 217 208 202 207 189 190 160 175 173 136 45 30 101 130 143 133 52 29 17 -2 -44 -59 -35 -37 -26 -3 -48 -21 -37 -57 -3 -3 -57 -76 -55 -41 -20 -21 -28 -25 -26 -22 -57 -45 -37 -30 -26 -31 -37 -48 -65 -63 -9999 -9999 -9999 -9999 -9999 -9999 -9999 -9999 -9999 -9999 -9999 -9999 -9999 -9999 -9999 -9999 -9999 -9999 -9999
174 160 172 178 199 212 222 218 217 228 226 220 218 218 217 215 216 216 211 214 204 200 185 157 100 16 45 95 115 122 69 31 59 14 -20 -35 -46 -44 -19 -3 -23 -46 -28 -56 -36 -50 -20 -68 -82 -44 -17 -30 -41 -43 -30 -19 -3 -19 -29 -27 -30 -32 -46 -51 -52 -40 -44 -9999 -9999 -9999 -9999 -9999 -9999 -9999 -9999 -9999 -9999 -9999 -9999 -9999 -9999 -9999 -9999 -9999 -9999
196 201 201 199 207 222 231 231 230 232 228 223 222 219 219 222 220 219 220 224 222 213 192 180 159 88 106 74 67 103 49 97 117 74 4 8 -3 -51 -50 -8 -48 -31 -41 -40 -45 -40 -40 -35 -61 -68 -50 -53 -41 -31 -36 -23 -7 -23 -21 -19 -15 -26 -36 -39 -48 -51 -55 -57 -9999 -9999 -9999 -9999 -9999 -9999 -9999 -9999 -9999 -9999 -9999 -9999 -9999 -9999 -9999 -9999 -9999
