KUENM/M_variables/Set_1/bio1_unc.asc
NCOLS 197 
NROWS 210 
XLLCORNER 56.1666666666667 
YLLCORNER 4.5 
CELLSIZE 0.166666666666667 
NODATA_value -9999 
[rows 37 to 73 of 210, columns 85 to 169 of 197]
207 215 207 215 220 222 224 227 232 228 228 228 225 225 227 224 222 223 227 230 232 220 210 209 201 175 171 145 156 153 105 89 124 66 44 39 -15 -28 -55 -41 -28 -28 -23 -29 -32 -43 -46 -55 -33 -26 -48 -10 -66 -76 -74 -70 -35 -36 -36 -36 -39 -20 -14 -23 -41 -29 -29 -26 -27 -9999 -9999 -9999 -9999 -9999 -9999 -9999 -9999 -9999 -9999 -9999 -9999 -9999 -9999 -9999 -9999
222 229 230 232 225 209 209 224 236 235 233 229 228 227 226 223 223 225 230 234 235 234 223 222 222 215 215 191 168 149 151 147 140 125 47 24 45 -9 -33 -57 -51 -37 -41 -31 -40 -52 -69 -50 -74 -34 1 -28 -14 -28 -57 -70 -34 -59 -35 -29 -15 -14 -15 -22 -33 -31 -28 -22 -30 -19 -9999 -9999 -9999 -9999 -9999 -9999 -9999 -9999 -9999 -9999 -9999 -9999 -9999 -9999 -9999
229 238 240 237 224 236 241 238 235 233 230 226 225 224 222 224 226 230 233 236 237 237 236 233 233 232 233 223 212 181 136 79 91 89 95 71 44 4 -25 -26 -53 -53 -42 -26 -42 -52 -50 -38 -58 -49 -37 -5 -45 -1 -15 -22 -17 -49 -69 -77 -46 -36 -41 -58 -54 -30 -21 -31 -16 -21 -13 -9999 -9999 -9999 -9999 -9999 -9999 -9999 -9999 -9999 -9999 -9999 -9999 -9999 -9999
228 240 242 240 233 242 243 239 228 232 227 221 218 215 215 218 222 232 236 238 238 238 238 238 239 240 241 235 227 209 176 145 125 134 162 109 35 15 13 -31 -30 -20 -48 -53 -44 -46 -47 -39 -28 -21 -62 -7 -34 -52 -20 -21 -23 -37 -40 -67 -63 -36 -50 -83 -75 -42 -19 -36 -14 -19 -26 -15 -9999 -9999 -9999 -9999 -9999 -9999 -9999 -9999 -9999 -9999 -9999 -9999 -9999
224 239 241 240 239 240 243 242 237 219 212 210 221 228 235 236 238 239 239 239 240 240 240 239 238 239 241 240 235 228 220 210 196 193 178 128 54 12 0 20 10 -12 -50 -45 -53 -58 -55 -56 -53 -24 -51 -36 -49 -72 -61 -15 -11 -19 -20 -17 -18 -25 -39 -46 -51 -36 -34 -22 -28 -14 -12 -4 -9999 -9999 -9999 -9999 -9999 -9999 -9999 -9999 -9999 -9999 -9999 -9999 -9999
238 240 237 230 227 235 243 243 242 237 227 236 242 241 240 239 239 239 240 240 240 240 239 239 237 237 239 239 238 236 232 226 225 211 158 116 115 75 22 14 27 14 -41 -24 -35 -17 -47 -63 -55 -25 -32 -62 -61 -42 -54 -59 -13 -8 -7 -24 -27 -36 -31 -25 -24 -29 -41 -43 -35 -17 -20 -44 -33 -9999 -9999 -9999 -9999 -9999 -9999 -9999 -9999 -9999 -9999 -9999 -9999
243 244 237 234 233 244 243 243 243 244 244 244 243 241 239 239 239 240 240 241 241 240 240 239 238 238 238 238 238 237 236 234 229 223 212 178 94 74 47 13 27 63 -12 -28 -58 -25 0 -29 -49 -36 -3 -47 -43 -10 -24 -40 -60 -8 -37 -57 -31 -42 -18 -22 -31 -23 -42 -39 -31 -17 -17 -10 -15 -9999 -9999 -9999 -9999 -9999 -9999 -9999 -9999 -9999 -9999 -9999 -9999
245 245 245 244 245 244 244 244 244 244 244 244 243 240 239 239 239 240 240 241 241 240 240 239 238 238 237 237 237 236 236 236 233 228 227 219 206 184 128 80 118 86 37 -28 -55 -26 2 7 -5 21 -29 -63 -22 -5 -7 -13 -50 -52 -9 -48 -56 -47 -34 -13 -21 -29 -39 -39 -18 -13 -18 -28 -37 -35 -9999 -9999 -9999 -9999 -9999 -9999 -9999 -9999 -9999 -9999 -9999
246 246 245 245 245 245 244 245 245 244 244 244 243 240 239 239 240 240 241 241 241 241 241 240 239 238 236 236 236 236 236 237 233 228 225 225 217 217 204 165 152 133 54 -2 -26 -36 -12 -25 -30 30 -51 -29 -27 -5 7 3 -16 -65 -30 -24 -63 -56 -39 -23 -29 -36 -29 -34 -26 -21 -13 -23 -38 -58 -9999 -9999 -9999 -9999 -9999 -9999 -9999 -9999 -9999 -9999 -9999
246 246 246 245 245 245 245 245 245 245 244 244 243 242 241 241 240 241 241 241 241 241 241 241 239 237 235 234 235 235 236 238 236 228 222 222 224 212 202 196 164 158 103 32 -11 -10 -19 -7 31 41 -6 24 -2 10 13 15 -2 -38 -52 -14 -31 -69 -55 -36 -31 -35 -49 -37 -28 -28 -28 -37 -34 -43 -42 -9999 -9999 -9999 -9999 -9999 -9999 -9999 -9999 -9999 -9999
247 248 247 247 246 246 246 246 246 246 245 245 244 243 243 242 241 241 241 241 241 242 242 242 240 237 235 234 235 236 237 238 238 235 230 228 220 213 204 203 163 124 114 78 107 102 63 55 57 -12 -37 -14 9 -1 25 23 26 -4 -52 -39 -13 -37 -64 -52 -50 -32 -48 -52 -39 -36 -55 -31 -20 -33 -18 -9999 -9999 -9999 -9999 -9999 -9999 -9999 -9999 -9999 -9999
247 248 249 249 248 248 248 247 247 247 247 246 245 245 244 243 242 242 242 242 242 242 242 241 239 238 236 236 236 237 238 239 240 239 235 233 230 223 218 192 146 147 160 166 129 40 30 43 -8 -10 -34 -23 -31 -24 -4 17 26 25 -12 -47 -32 -25 -50 -59 -51 -49 -47 -46 -54 -53 -44 -23 -25 -27 -14 -12 -9999 -9999 -9999 -9999 -9999 -9999 -9999 -9999 -9999
245 250 250 250 249 249 249 249 248 248 248 247 247 246 245 245 244 243 243 243 243 242 242 241 240 238 237 237 238 239 239 240 241 241 241 235 238 231 216 190 188 174 142 129 128 101 79 26 -13 -30 -38 -32 -21 -44 -43 -18 -5 12 12 -20 -36 -18 -20 -42 -60 -56 -64 -51 -53 -45 -44 -47 -44 -31 -17 -18 -21 -9999 -9999 -9999 -9999 -9999 -9999 -9999 -9999
243 250 251 251 251 250 250 250 249 249 249 248 248 247 246 246 245 244 244 244 243 243 242 242 241 239 239 239 239 240 240 241 242 242 242 242 239 241 224 204 179 152 152 126 133 114 131 89 25 -18 34 19 -28 -50 -67 -65 -50 -13 3 5 -2 -4 -4 -6 -29 -51 -57 -57 -54 -49 -51 -38 -69 -47 -37 -35 -43 -30 -9999 -9999 -9999 -9999 -9999 -9999 -9999
240 251 253 252 252 251 251 251 251 251 250 249 249 248 247 247 246 245 245 244 244 244 243 242 242 241 240 240 240 241 241 242 243 243 243 243 243 242 236 209 182 176 133 140 156 158 152 126 89 55 37 -23 -29 -67 -36 -72 -44 -23 -19 -7 -5 -6 -9 -10 -10 -3 -17 -37 -34 -48 -49 -38 -50 -63 -59 -61 -55 -33 -60 -35 -9999 -9999 -9999 -9999 -9999
238 251 254 253 253 253 252 252 252 252 251 251 250 249 249 248 247 246 246 245 245 244 244 243 242 242 241 241 241 242 242 243 244 243 244 243 243 243 240 231 202 184 168 154 172 144 162 150 154 119 57 24 1 -30 13 9 -5 9 -8 -28 -15 -7 -2 -6 -15 -1 -1 -3 -20 -21 -36 -56 -49 -55 -61 -47 -43 -53 -59 -36 -48 -9999 -9999 -9999 -9999
236 252 254 254 254 254 254 254 253 253 253 252 251 250 249 248 248 247 247 247 246 245 245 244 244 243 242 243 243 243 243 244 244 244 244 244 244 244 244 242 235 219 207 197 198 182 163 160 156 143 122 102 131 65 72 110 41 -20 -33 -40 -41 -35 -18 -8 -4 -7 -9 -4 -17 -41 -40 -22 -35 -32 -42 -53 -48 -46 -57 -45 -46 -9999 -9999 -9999 -9999
236 252 255 255 255 255 255 255 255 254 253 253 252 251 251 250 249 248 248 247 247 246 246 245 244 244 244 244 244 244 244 244 245 245 245 245 245 245 245 244 242 239 234 231 228 210 185 153 178 168 150 151 160 144 140 91 20 -27 -5 -14 -10 -31 -39 -24 12 -49 -60 -23 -36 -44 -38 -27 -17 -13 -9 -12 -29 -16 -13 -32 -47 -59 -9999 -9999 -9999
241 255 256 256 256 256 256 256 256 255 254 254 253 253 252 251 250 250 249 248 248 247 247 246 246 245 245 245 245 245 245 245 246 246 245 245 245 245 245 244 243 241 240 237 227 220 219 190 180 184 190 177 158 172 143 95 15 -8 0 49 -15 17 1 -5 3 7 -30 -16 -23 -34 -36 -44 -22 -14 -7 1 -10 -8 -5 -7 -20 -41 -52 -42 -39
251 256 257 257 256 256 257 257 257 256 256 255 255 254 254 253 252 251 250 249 249 248 248 248 247 247 246 246 246 246 246 246 246 246 246 246 246 246 245 244 243 242 240 239 237 233 224 227 204 190 167 159 134 137 143 139 121 123 109 127 63 86 53 55 -18 -9 5 29 25 -1 -5 -36 -28 -28 -15 -4 2 6 1 -11 -7 -4 -23 -41 -47
255 258 257 257 257 257 257 257 257 257 256 256 256 256 255 254 253 252 251 250 250 249 249 249 248 248 248 248 247 247 247 247 247 247 247 247 246 246 245 244 243 242 240 239 238 237 236 230 197 181 185 158 151 165 158 156 164 164 166 166 114 146 90 71 -20 16 -16 12 45 81 22 6 -14 -24 -36 -21 -4 0 6 4 -7 -11 -7 -21 -42
257 258 258 257 257 257 257 257 257 257 257 257 257 257 257 256 255 254 253 252 251 251 250 250 250 249 249 249 248 248 248 248 248 248 247 247 247 246 245 244 243 242 241 240 239 238 239 237 228 211 195 172 158 177 165 151 159 173 178 175 196 168 149 95 36 73 50 26 99 121 101 23 -3 2 -43 -43 -23 -4 2 0 0 -8 -1 -13 -13
258 258 258 257 258 258 257 257 257 258 258 258 258 258 258 258 257 255 255 254 253 252 252 252 251 251 250 250 250 249 249 249 249 249 248 248 247 246 246 245 244 243 242 241 240 240 240 238 238 231 226 215 200 173 157 156 149 168 184 165 191 174 155 143 130 148 104 80 149 129 110 84 56 23 5 3 -19 -34 -14 -10 -14 -13 7 4 -2
259 259 258 258 258 258 257 257 257 258 258 259 259 260 260 259 259 257 256 256 255 254 254 253 253 252 252 251 251 251 250 250 250 249 249 249 248 247 247 246 245 244 244 243 242 241 241 240 240 240 238 232 227 203 153 141 142 165 165 193 179 163 172 175 141 138 148 98 141 102 85 64 18 -18 -14 6 12 -7 -38 -26 -42 -21 -2 -18 -4
259 258 258 258 258 258 258 258 258 259 259 260 260 261 261 261 260 259 258 257 256 255 254 254 254 253 253 252 252 252 251 251 251 250 250 250 249 248 248 247 247 246 245 245 244 243 243 242 241 241 241 240 239 234 220 199 164 170 178 198 170 162 173 195 180 193 134 132 120 107 100 93 64 3 -4 2 -5 -12 -35 -47 -55 -2 -1 -28 0
260 259 258 258 258 258 258 258 259 259 260 261 261 262 262 262 261 261 260 258 257 256 255 255 255 254 254 253 253 252 252 252 251 251 251 251 250 249 249 248 248 247 247 246 246 245 245 243 243 243 243 242 242 242 240 239 232 225 230 220 209 183 171 156 200 192 181 160 124 82 68 55 65 83 47 41 -8 -14 -14 -44 -51 45 -3 -32 -19
260 259 258 258 258 258 259 259 260 260 261 262 262 263 263 263 262 261 260 259 258 257 256 256 255 255 254 254 254 253 253 253 252 252 252 251 251 251 250 250 250 249 249 248 247 246 246 245 244 244 245 244 245 245 244 244 245 245 246 246 240 215 198 204 218 204 198 194 171 121 110 136 107 99 58 74 30 3 -13 -35 24 28 -37 -50 -55
261 259 258 258 258 259 259 260 260 261 262 262 263 263 264 264 263 262 260 259 259 258 257 257 256 255 254 254 254 253 253 252 252 252 252 252 252 252 251 251 251 251 250 249 248 248 247 247 246 246 246 246 246 247 247 246 246 246 246 246 245 245 244 237 226 229 225 194 178 164 173 174 149 98 82 57 -13 -47 -60 1 37 -10 -27 -11 -49
261 260 258 258 259 260 260 261 261 262 262 263 264 264 264 264 263 262 261 260 260 259 258 257 256 255 254 254 253 253 252 252 252 252 252 253 253 253 252 252 251 251 252 250 250 249 248 248 248 247 247 248 248 249 248 248 247 246 246 245 245 245 246 246 246 240 220 210 191 180 200 190 167 148 126 84 52 71 65 86 38 -28 -9 5 39
262 261 260 260 260 260 261 261 262 262 263 264 264 264 264 264 263 263 262 262 261 260 258 257 256 254 253 253 252 252 252 251 251 251 251 253 253 253 253 252 251 251 252 251 251 250 249 249 249 249 249 249 250 251 251 250 249 248 247 246 246 247 246 247 246 245 239 221 215 197 179 175 147 150 127 107 121 121 142 149 99 100 83 52 99
263 262 261 261 261 261 262 262 263 263 264 264 264 264 264 265 265 264 264 263 261 260 258 257 255 254 253 252 252 252 251 250 251 251 251 252 252 253 253 251 252 254 253 252 252 251 251 251 251 251 250 251 251 252 252 251 250 249 248 248 247 248 248 248 247 245 244 243 235 219 203 189 173 173 172 150 150 157 140 168 169 187 181 179 176
263 263 262 262 262 262 263 263 264 264 264 264 264 264 264 264 265 264 264 262 260 259 257 255 254 253 252 252 251 250 250 249 248 250 251 251 251 252 252 250 255 254 254 254 253 252 252 251 251 252 252 252 252 253 253 252 251 250 249 249 249 249 249 249 248 246 245 246 246 238 222 218 208 183 193 189 172 185 171 182 183 198 214 218 213
264 263 262 262 263 264 264 264 264 264 264 264 264 264 263 263 263 263 263 261 259 257 256 255 254 253 252 251 250 249 248 247 244 248 250 250 251 251 252 251 255 255 255 254 253 253 253 252 253 253 253 253 253 253 253 253 252 251 250 250 250 250 251 250 249 248 247 247 247 244 236 229 226 220 211 209 189 190 191 201 205 214 222 221 215
264 263 263 263 264 265 265 265 264 264 264 263 263 263 261 261 260 261 261 259 258 257 256 255 255 253 252 251 249 246 244 243 246 244 249 250 249 250 251 253 255 255 255 255 255 254 254 253 253 253 254 254 255 254 254 254 253 252 252 251 250 250 250 251 250 250 250 249 249 248 245 239 230 230 230 229 228 224 213 204 200 210 213 221 229
264 264 264 265 266 265 265 265 265 264 263 263 263 262 261 260 260 259 259 258 258 258 256 255 254 254 252 250 247 244 241 245 243 245 248 248 245 250 254 255 256 256 256 255 255 254 254 254 254 254 255 255 255 255 255 255 254 254 253 252 251 249 250 251 251 251 252 252 250 249 248 246 244 243 243 243 243 243 242 242 236 239 242 243 240
265 264 264 266 266 265 265 264 264 263 262 263 263 262 261 260 260 259 259 259 259 259 258 256 255 253 252 249 245 246 246 245 243 246 246 246 244 253 255 256 256 257 256 256 256 255 255 255 255 255 255 256 256 256 255 255 255 255 254 253 252 251 250 251 252 253 253 253 252 250 249 248 247 246 246 245 245 244 244 245 246 245 240 237 232
264 262 263 265 267 266 266 264 263 261 261 261 263 262 261 260 260 259 259 260 259 258 258 257 255 253 251 249 247 249 248 248 245 247 247 246 246 251 255 256 256 257 257 257 256 256 256 256 256 256 256 256 256 257 256 256 256 256 254 254 253 253 253 253 253 254 254 253 253 251 250 249 248 247 247 247 247 247 247 247 248 248 247 246 246
