KUENM/M_variables/Set_1/bio15_unc.asc
NCOLS 197 
NROWS 210 
XLLCORNER 56.1666666666667 
YLLCORNER 4.5 
CELLSIZE 0.166666666666667 
NODATA_value -9999 
[rows 76 to 113 of 210, columns 85 to 169 of 197]
130 137 151 160 152 150 145 147 133 135 131 139 138 139 144 144 145 150 147 147 147 151 154 157 156 154 149 151 152 153 153 151 147 150 151 154 152 152 153 156 155 152 152 152 148 145 143 142 140 141 139 136 135 136 134 132 132 131 132 131 129 129 130 130 128 127 129 132 131 131 132 131 129 128 129 128 127 124 122 119 120 122 123 122 120
139 141 142 154 148 154 150 143 142 134 136 141 139 142 144 147 145 148 149 146 149 149 153 156 157 153 154 155 155 155 157 154 153 154 156 154 153 151 153 156 157 155 152 149 149 147 145 143 143 142 139 136 135 133 132 131 132 131 132 130 130 131 132 131 130 130 132 133 133 133 135 134 131 130 128 128 127 124 123 122 122 123 125 121 117
136 135 146 142 143 145 145 140 142 142 140 142 143 140 142 146 150 148 147 145 148 150 154 157 156 157 158 159 158 157 156 155 155 154 155 154 153 151 153 157 157 156 153 151 149 146 144 141 142 144 141 137 135 134 133 134 134 134 132 131 131 132 133 133 134 135 133 133 133 133 134 135 133 132 129 127 127 126 125 125 125 125 123 121 118
143 139 139 141 148 142 149 144 144 143 146 144 139 142 143 143 147 145 147 147 146 150 150 154 157 155 156 158 158 155 156 155 153 156 155 156 154 152 153 154 154 156 152 152 149 144 142 139 140 142 142 139 136 135 136 137 138 138 137 136 135 135 135 135 136 137 137 135 135 134 135 135 135 132 129 129 129 128 128 127 127 127 124 124 120
141 139 138 143 146 144 150 153 150 146 151 145 142 142 145 147 145 146 147 145 148 151 151 151 152 152 153 154 155 155 157 156 152 156 156 156 157 153 154 154 155 153 151 149 147 143 141 140 141 142 140 139 138 138 138 140 141 140 140 139 140 139 136 135 135 138 137 136 137 136 135 135 135 132 131 129 128 127 130 130 130 131 129 125 123
141 137 135 140 141 150 157 153 155 155 154 145 143 139 142 144 148 148 145 145 146 145 147 147 149 151 152 153 154 154 154 154 155 156 157 157 156 155 155 154 153 151 150 147 146 144 143 142 142 142 140 140 141 141 142 144 143 141 140 141 141 140 136 136 138 138 136 138 138 137 136 135 134 131 131 130 128 128 128 130 131 132 130 128 124
141 136 140 140 144 149 155 153 150 154 153 150 140 140 146 146 148 150 148 144 143 140 143 145 146 149 151 148 149 149 152 154 153 155 158 157 156 158 155 153 150 151 147 147 145 145 144 143 142 141 140 141 143 144 144 146 147 145 142 141 143 142 139 140 140 139 137 137 139 139 137 136 135 134 132 131 129 129 128 129 129 128 128 126 125
136 137 139 133 133 144 150 152 155 150 152 150 145 143 146 148 147 148 145 144 141 138 140 145 144 147 150 148 150 150 150 152 154 157 156 157 159 156 155 153 150 150 147 146 144 144 143 141 140 139 141 143 145 146 148 150 149 144 144 143 145 144 144 145 142 140 137 136 140 137 138 138 136 136 134 133 130 129 128 127 127 128 128 126 128
143 142 134 134 135 141 149 148 151 152 155 150 151 152 148 146 149 146 145 145 137 138 139 144 146 149 149 150 150 150 150 154 154 155 156 156 159 158 155 151 148 148 147 147 147 144 143 140 138 137 142 144 145 147 150 151 150 146 144 146 144 144 144 146 143 142 138 135 131 133 138 139 139 138 135 132 130 129 129 128 129 130 132 128 128
144 144 141 141 136 144 147 147 152 151 151 155 150 152 146 148 149 150 145 141 139 137 138 144 149 149 151 148 149 150 151 154 153 154 153 156 158 158 157 153 149 147 146 146 147 145 143 140 139 138 141 142 144 145 148 149 148 145 145 146 146 142 141 144 144 143 140 136 133 135 141 141 140 139 136 134 133 132 131 130 131 131 131 129 130
145 145 143 143 140 145 145 153 153 154 154 156 155 151 149 150 149 149 144 142 139 140 144 149 151 152 151 149 148 149 151 152 152 151 152 154 157 160 158 153 149 147 146 144 146 144 144 143 142 141 141 140 141 142 143 143 144 142 144 146 142 140 140 141 143 141 140 135 135 136 139 140 141 139 138 137 133 133 131 132 132 131 130 131 131
149 150 145 146 149 147 148 149 152 155 155 157 158 155 153 154 152 148 146 143 138 142 146 149 151 151 147 147 149 148 151 152 154 152 152 153 157 159 158 153 149 146 145 145 145 144 144 144 144 143 140 138 139 139 140 140 140 139 143 144 141 138 137 138 140 141 138 138 135 135 137 137 137 137 136 134 132 131 130 130 133 132 132 130 130
150 153 150 147 150 149 151 150 154 155 158 158 159 158 159 157 153 150 147 143 137 136 142 148 148 149 146 145 146 149 150 151 152 151 153 154 155 156 156 153 150 146 145 145 144 145 145 145 145 143 141 140 139 139 140 140 140 141 143 142 139 137 135 135 137 139 139 137 137 135 134 135 135 134 134 133 132 130 129 130 130 129 129 131 130
155 155 154 152 151 151 151 151 156 153 156 157 156 159 161 155 154 150 146 144 135 135 142 147 148 148 142 142 146 147 149 149 149 151 152 154 155 154 154 153 149 145 145 145 145 146 146 145 145 143 142 139 138 139 140 140 140 140 142 141 138 136 134 133 135 138 137 136 136 135 134 133 133 134 133 132 131 129 129 129 128 128 127 129 129
154 156 157 154 153 149 148 151 155 152 153 157 157 159 159 157 154 149 146 145 137 138 143 150 151 148 145 142 144 146 148 149 147 149 150 153 152 150 151 149 148 147 147 145 145 146 146 146 145 143 142 141 142 143 141 141 141 142 140 139 138 136 136 134 136 137 136 136 137 135 134 132 132 133 131 131 131 130 131 129 128 126 126 129 129
153 158 158 157 154 152 151 151 151 151 154 155 157 158 159 157 155 152 149 145 141 142 145 152 150 148 145 142 143 145 146 147 147 148 149 149 149 149 149 148 148 148 147 146 146 146 146 145 145 144 143 143 142 143 141 141 142 141 140 139 138 138 138 137 136 136 136 137 136 136 134 134 132 132 131 131 131 129 130 130 128 128 127 127 127
157 156 155 159 158 157 152 150 151 150 152 157 156 155 156 155 154 154 150 148 146 145 147 149 147 147 143 143 141 144 145 146 147 147 146 147 146 145 147 148 148 149 149 146 148 148 147 147 145 143 142 140 141 141 141 141 142 143 141 140 139 138 139 138 137 136 136 138 139 139 136 135 134 133 133 133 130 130 130 129 127 125 124 126 125
157 155 157 157 157 156 154 150 152 151 153 152 153 151 153 153 153 152 152 150 149 148 146 149 148 149 143 142 140 142 143 145 146 147 144 143 144 145 145 147 147 148 148 147 147 147 147 146 145 144 140 139 139 138 139 141 143 144 144 142 141 141 141 139 138 136 138 140 140 141 138 137 136 135 134 133 132 132 129 128 127 126 125 124 124
153 154 156 157 159 157 156 151 152 153 150 153 153 149 150 151 153 151 151 153 153 150 145 147 150 150 145 141 138 139 142 142 143 142 141 142 142 143 143 145 146 145 144 145 147 149 148 147 145 142 141 140 138 136 138 141 143 144 144 146 144 143 142 140 139 137 139 140 143 141 139 137 136 135 135 135 133 132 130 129 126 125 124 123 123
151 154 156 156 158 155 155 154 155 154 151 154 152 151 148 149 151 151 152 153 154 149 147 147 150 149 146 140 137 138 139 141 140 138 139 140 141 142 144 144 145 142 141 144 147 148 148 146 145 143 141 140 141 138 138 140 141 144 145 145 144 143 140 137 137 138 139 140 141 139 137 136 136 136 136 136 134 133 131 129 126 124 122 121 119
153 153 153 154 156 158 154 154 152 153 154 155 153 152 151 151 152 153 152 152 153 149 148 150 148 147 145 139 138 138 138 139 139 137 136 139 139 140 141 143 144 142 140 144 147 149 147 145 144 142 141 140 139 139 138 138 138 141 144 145 145 142 140 137 137 137 137 139 139 138 137 136 135 136 136 137 136 135 132 128 126 123 120 118 117
154 153 155 154 156 157 153 152 150 151 152 152 154 151 151 151 152 153 152 151 150 152 153 149 146 144 143 138 138 137 138 137 136 135 136 137 138 139 140 142 146 143 141 144 146 147 145 144 144 143 143 141 139 138 136 137 138 139 144 146 145 142 140 137 136 136 136 135 135 134 135 136 136 137 137 138 137 136 132 129 125 123 119 116 115
155 153 153 157 154 154 153 150 144 145 147 149 148 147 148 151 152 152 150 151 149 150 148 145 142 140 139 138 136 136 136 137 135 135 136 137 138 137 139 141 142 143 142 144 146 145 144 144 144 143 142 142 139 136 135 135 136 139 144 145 144 142 139 136 134 132 131 131 132 132 133 135 136 137 137 137 136 135 131 127 125 123 119 116 115
159 154 153 154 154 154 152 146 142 142 145 145 145 147 150 153 153 152 150 148 147 144 144 141 138 136 136 137 136 136 137 136 134 134 135 136 137 137 136 138 138 141 142 143 145 144 144 144 143 142 140 139 136 135 133 132 133 137 141 143 142 141 138 136 133 132 129 128 127 126 129 134 136 137 136 135 134 131 129 128 125 123 119 117 115
155 157 154 156 154 153 149 142 140 139 142 144 146 148 151 156 154 151 148 146 146 143 141 137 137 136 135 136 136 136 135 135 134 135 136 136 136 136 136 138 138 140 142 143 143 143 145 145 143 141 138 135 134 130 130 127 129 133 137 140 139 138 138 134 132 130 127 125 124 123 126 131 135 137 137 135 132 130 127 127 125 125 123 120 119
158 157 154 157 154 151 148 143 143 142 142 142 146 148 152 153 151 146 146 147 145 144 142 137 136 135 134 135 136 136 137 137 135 135 136 136 136 137 137 137 139 141 142 144 143 142 143 143 141 138 136 133 130 127 125 124 126 130 135 136 136 137 136 134 131 129 126 125 124 125 128 129 134 137 135 133 133 131 128 126 126 125 123 123 122
150 150 150 151 151 150 149 145 147 143 142 143 146 148 149 150 146 147 146 147 146 147 144 140 136 134 135 134 136 136 137 137 136 136 137 136 136 135 137 138 138 141 143 143 142 142 140 139 139 136 134 130 125 122 122 124 127 132 135 136 136 136 135 133 131 129 127 128 126 126 131 133 135 137 135 133 134 131 128 126 125 125 124 124 124
139 144 147 150 149 146 145 146 145 145 143 145 144 146 146 146 144 146 146 145 145 147 144 139 135 134 133 132 134 135 134 133 135 134 136 137 136 136 136 138 140 141 141 140 140 140 139 136 135 134 130 127 122 120 122 125 129 134 137 138 137 136 134 133 130 128 126 125 126 127 131 134 134 135 135 134 134 131 129 127 124 123 123 123 124
142 144 149 147 145 143 144 144 145 145 146 143 143 144 146 147 146 147 148 146 144 145 141 136 134 131 130 131 130 130 130 130 130 132 134 135 133 134 136 139 139 139 138 136 136 136 134 132 131 129 127 123 121 122 123 126 132 136 137 139 138 137 136 133 130 126 123 124 125 128 129 132 134 136 136 136 135 133 130 128 125 124 124 124 124
150 149 148 148 145 140 139 139 143 145 142 141 -9999 143 146 147 147 149 150 148 146 144 139 135 131 130 126 126 125 125 125 126 129 129 129 130 131 134 135 137 137 137 134 132 130 130 128 126 125 125 123 122 122 124 126 128 133 137 139 140 139 139 138 133 127 124 123 124 125 128 130 133 134 135 136 136 135 133 132 129 126 125 125 125 124
153 152 149 147 142 139 138 137 139 143 142 136 -9999 139 144 142 143 147 151 151 148 145 140 133 129 128 125 125 125 125 125 124 126 126 127 129 129 132 135 137 138 135 132 127 124 125 123 122 121 123 122 122 122 124 126 130 132 137 140 142 142 139 137 132 126 122 124 126 129 131 132 133 136 137 136 134 132 132 131 129 128 127 125 125 124
158 153 151 148 142 141 137 138 140 141 140 137 137 140 141 142 145 149 151 151 150 146 140 136 130 125 124 125 126 126 125 125 125 125 126 125 128 131 134 136 134 132 130 126 122 120 121 123 123 121 121 123 123 125 126 130 132 136 139 141 144 140 134 128 122 122 126 128 129 132 133 135 135 134 134 131 128 128 127 126 126 128 127 125 123
161 155 150 147 143 138 136 135 138 139 137 138 -9999 141 142 146 149 152 153 153 151 146 138 131 127 125 125 129 127 126 126 124 124 123 123 124 124 128 131 131 131 132 129 124 122 123 126 126 123 121 120 123 123 127 129 129 133 136 137 137 140 137 132 125 122 122 124 127 129 131 133 135 134 132 130 129 126 124 124 125 126 127 128 125 119
163 158 152 147 141 139 138 137 139 137 138 -9999 -9999 141 143 150 153 154 155 153 151 145 136 123 119 121 124 128 129 128 128 126 124 121 121 121 122 125 126 128 128 124 120 120 121 126 127 125 123 120 119 120 122 124 127 128 132 136 137 137 136 134 130 127 125 125 125 127 129 132 132 132 131 130 128 127 125 123 122 123 126 127 126 123 122
156 155 154 149 145 140 138 138 138 140 139 -9999 -9999 144 146 150 153 154 154 153 148 142 128 120 116 117 119 123 126 128 127 125 123 119 120 120 120 121 122 122 122 119 120 119 122 123 127 126 121 119 119 119 119 123 126 129 132 135 137 136 136 133 130 128 127 126 127 128 130 131 130 130 129 128 128 126 124 122 123 123 124 126 125 123 120
150 156 160 154 147 142 141 140 -9999 -9999 -9999 -9999 -9999 -9999 148 151 152 154 154 152 146 136 125 114 111 113 115 120 121 123 124 123 121 120 119 119 118 118 120 120 120 120 120 120 118 120 125 125 122 120 120 121 122 126 129 131 133 136 138 137 135 134 132 130 127 127 128 128 131 129 129 129 128 128 127 124 124 123 123 124 125 124 125 122 120
153 159 163 158 151 146 -9999 -9999 -9999 -9999 -9999 -9999 -9999 -9999 150 152 154 155 155 151 144 133 121 110 107 109 112 116 119 121 122 122 122 120 121 118 118 117 119 119 119 119 120 119 119 121 123 123 121 119 122 124 125 128 131 132 135 137 139 139 137 135 133 129 126 125 127 127 129 129 128 128 128 129 128 126 124 123 123 123 124 124 124 121 117
-9999 -9999 -9999 -9999 -9999 -9999 -9999 -9999 -9999 -9999 -9999 -9999 -9999 -9999 -9999 151 153 155 154 149 140 128 116 106 105 108 110 115 118 119 120 119 120 120 119 117 117 119 118 118 119 119 120 119 119 120 121 122 122 121 123 126 127 129 131 134 136 139 140 140 138 136 133 130 127 124 124 127 130 130 128 126 123 127 127 125 124 122 122 124 124 120 118 115 113
