KUENM/M_variables/Set_1/bio1_unc.asc
NCOLS 197 
NROWS 210 
XLLCORNER 56.1666666666667 
YLLCORNER 4.5 
CELLSIZE 0.166666666666667 
NODATA_value -9999 
[rows 74 to 110 of 210, columns 85 to 169 of 197]
263 263 265 266 266 267 265 264 263 262 261 260 260 260 260 260 260 260 259 259 258 258 258 256 254 253 250 251 251 251 251 250 248 250 250 251 252 255 255 256 256 257 257 257 257 256 256 257 257 257 257 257 257 257 257 256 256 256 255 255 254 254 254 255 255 255 254 254 254 253 251 250 250 249 249 249 249 250 250 249 250 249 249 248 248
265 264 265 264 265 265 264 263 263 263 262 261 260 259 259 259 260 260 260 259 257 258 258 256 254 251 249 252 253 252 253 252 251 253 252 254 255 255 255 257 256 256 256 257 257 257 257 257 257 258 258 258 257 257 257 256 256 256 256 255 255 255 256 256 256 255 255 255 254 254 253 252 251 251 251 251 252 253 253 252 251 251 250 249 248
265 264 263 262 263 263 262 262 263 263 263 261 261 261 260 259 261 260 260 259 257 258 258 256 253 250 250 252 253 254 255 255 254 255 255 255 251 253 256 257 256 253 255 257 257 258 259 258 258 259 258 259 258 258 257 257 256 256 256 256 256 256 257 257 257 256 256 255 254 254 253 253 253 253 253 253 254 255 255 254 253 252 251 250 250
266 265 263 262 263 263 261 262 264 265 264 263 262 262 262 262 264 263 261 259 259 259 258 256 252 247 249 251 254 256 257 257 257 257 257 256 253 257 257 256 254 253 255 255 257 259 258 259 259 259 259 259 259 258 258 257 257 257 256 256 257 257 257 257 257 257 256 256 255 254 254 254 254 254 254 255 255 256 256 255 254 254 253 252 251
267 266 266 265 264 264 263 265 266 267 266 265 263 265 265 264 265 265 263 262 260 259 258 255 252 247 248 252 254 256 257 258 259 257 258 258 258 258 255 254 252 253 257 258 259 258 258 258 259 259 260 259 259 259 258 258 257 257 257 257 257 258 257 258 258 257 257 256 256 255 255 255 255 255 255 256 257 257 257 257 256 255 254 253 252
267 267 266 265 264 266 267 267 268 268 268 267 268 269 268 266 267 266 265 263 261 260 258 254 251 250 252 254 255 257 258 260 260 259 259 259 259 259 255 252 256 259 257 258 257 255 256 257 258 259 259 260 259 258 258 258 258 258 257 258 258 259 258 258 258 258 257 257 256 256 256 256 256 256 256 257 258 258 258 258 257 257 256 255 254
267 267 266 265 264 268 269 269 270 270 271 271 271 270 270 269 268 267 265 264 261 259 257 251 250 252 253 256 257 258 259 260 260 260 260 259 257 256 255 258 257 253 257 252 251 252 254 256 257 258 260 260 260 259 259 259 259 259 259 259 259 259 259 259 259 258 258 257 257 257 256 256 257 257 258 258 258 259 259 259 259 258 257 257 256
267 267 267 266 266 268 272 272 272 273 274 273 272 271 270 269 268 267 265 263 261 258 250 246 251 253 255 256 257 259 259 261 260 260 260 259 257 258 259 256 253 254 252 249 251 251 257 258 260 261 261 260 260 259 259 259 259 260 260 260 260 260 260 259 259 259 259 258 257 257 257 257 257 258 258 258 259 259 260 260 260 259 259 259 258
267 267 267 267 267 268 272 273 273 275 274 273 271 271 270 269 268 266 265 263 260 250 244 248 251 254 255 257 259 260 260 261 261 262 261 261 261 259 257 252 248 254 248 249 250 255 259 260 261 261 261 261 260 260 260 259 259 260 261 262 262 262 261 261 260 260 259 258 258 257 257 257 258 258 259 259 260 260 260 261 261 261 261 260 260
267 267 267 267 268 269 273 274 275 275 274 269 264 270 269 267 266 265 264 262 258 242 244 248 251 253 255 257 259 259 261 263 263 264 263 264 262 260 257 250 247 253 247 247 250 255 259 260 260 261 262 261 259 259 259 259 259 260 261 263 262 262 262 261 261 260 260 259 258 258 257 258 258 259 259 260 260 261 261 262 262 262 262 262 262
267 267 267 267 268 271 274 275 276 276 274 269 268 270 268 267 265 263 261 259 245 239 245 249 251 253 255 258 259 260 260 265 267 267 266 264 262 261 258 251 247 253 248 246 249 253 257 258 259 262 262 259 259 259 258 258 258 260 261 263 263 262 262 262 262 261 261 260 259 258 258 258 259 259 260 260 261 261 262 263 263 263 263 263 263
267 267 267 268 271 273 274 276 276 276 275 273 271 268 266 264 263 261 259 249 236 243 247 249 251 254 256 258 258 256 257 264 267 268 266 265 262 261 258 253 247 254 249 247 249 251 254 256 259 260 259 257 258 258 256 256 256 257 260 262 263 263 262 261 261 261 260 260 259 259 259 259 260 260 260 261 261 262 262 263 264 264 264 264 264
267 267 268 270 272 274 275 276 276 275 274 271 269 267 266 261 260 258 242 226 237 246 248 250 252 254 256 255 255 252 252 256 260 265 265 264 262 261 258 253 249 252 251 249 248 249 253 257 259 259 257 256 257 257 255 253 255 257 259 261 262 259 256 257 257 258 260 260 260 259 258 258 258 259 260 261 261 262 263 263 264 264 265 265 265
267 268 270 271 273 275 276 276 276 274 271 268 263 263 262 255 256 247 230 232 241 246 249 251 253 255 252 252 254 256 257 259 257 259 263 263 262 261 259 254 250 248 249 249 248 249 253 257 257 257 256 255 257 256 254 252 255 257 260 259 255 252 250 250 251 254 258 255 253 259 258 258 256 254 253 253 253 253 254 258 262 264 264 266 266
269 269 271 273 275 276 276 276 275 272 268 264 256 260 253 253 250 240 229 232 240 247 250 252 253 254 251 249 252 254 256 258 256 260 260 262 261 261 260 257 253 248 247 248 248 250 253 256 256 257 256 255 254 255 253 252 255 257 253 247 248 249 251 253 253 253 252 250 249 248 246 252 254 252 251 250 250 250 248 245 248 249 264 265 265
270 272 273 274 276 276 276 275 273 271 268 265 262 261 239 256 250 244 238 235 243 248 250 251 252 252 253 251 251 251 253 256 255 259 259 259 260 259 259 257 255 250 248 248 249 252 253 255 256 256 255 255 256 255 251 250 251 250 248 250 252 252 253 254 254 253 251 250 248 247 249 252 252 251 253 253 250 246 245 245 248 258 262 262 261
272 273 272 274 275 276 276 274 273 271 268 267 262 260 257 249 256 247 243 238 249 255 255 252 251 250 251 252 254 255 257 257 257 259 258 260 260 263 260 257 256 251 249 249 250 252 255 256 254 255 255 255 255 252 248 247 247 253 253 252 250 245 249 252 252 252 250 251 253 253 252 253 249 248 250 254 255 255 255 255 258 258 256 257 256
273 273 272 274 275 275 275 274 273 271 269 268 265 260 255 257 260 249 241 243 253 260 259 253 255 253 252 252 255 256 257 255 257 258 259 260 261 262 264 259 258 254 250 249 252 255 256 255 255 253 252 253 251 248 247 251 254 253 251 249 246 242 250 250 249 251 253 251 248 249 249 249 247 246 249 251 252 254 252 254 256 257 253 251 252
273 273 274 275 275 275 275 274 273 272 270 269 266 264 262 264 263 251 251 254 257 263 263 261 265 260 252 252 255 255 256 256 255 257 259 261 262 263 264 262 259 256 251 251 254 256 257 256 255 253 253 252 252 252 254 254 254 248 248 249 248 246 249 252 252 251 251 250 247 250 247 246 247 251 253 253 249 252 250 250 252 255 255 254 253
272 273 272 274 274 274 274 274 273 273 272 270 268 266 265 265 263 258 255 257 262 264 267 268 267 260 254 253 253 254 256 256 255 255 258 261 261 262 264 261 259 257 253 254 255 257 256 256 254 253 252 252 254 255 254 253 252 248 247 248 249 250 251 251 251 250 249 249 245 244 240 246 242 251 251 247 245 246 244 244 244 248 251 252 248
272 273 273 274 274 274 275 274 274 273 272 271 270 268 268 267 265 264 261 258 261 265 269 269 266 264 256 252 253 256 255 256 256 254 256 260 261 261 262 261 257 257 254 255 256 256 256 254 252 252 251 252 255 255 253 254 251 245 243 247 248 248 250 247 247 250 247 247 246 242 239 240 236 239 247 245 244 243 240 244 243 246 248 247 247
270 270 270 272 274 275 275 275 274 274 273 272 271 270 269 269 267 267 266 265 265 268 270 269 267 263 257 251 254 255 254 255 254 255 256 259 260 260 260 258 257 255 254 254 256 256 253 252 250 248 250 253 254 253 254 252 247 248 248 247 244 246 247 246 246 249 246 244 242 237 231 231 231 231 241 240 240 238 235 235 240 232 235 233 235
268 266 270 273 274 275 275 275 274 274 273 272 271 271 270 270 270 269 268 268 268 270 269 268 263 262 258 253 254 254 254 254 253 253 254 256 258 258 258 256 256 253 253 253 255 255 252 249 249 247 249 252 253 253 251 246 245 249 248 247 244 243 240 245 247 247 248 246 243 240 238 232 232 233 242 241 241 239 236 226 226 214 229 224 228
271 271 272 274 274 275 275 275 275 274 274 273 273 272 272 271 271 270 269 271 271 270 266 266 263 258 261 258 255 252 253 253 252 252 252 253 256 256 256 255 253 251 252 253 253 254 253 255 259 257 255 254 251 249 249 250 250 248 245 241 239 237 234 231 237 240 246 247 245 243 243 244 241 242 243 243 241 240 236 227 223 222 225 223 231
270 271 272 273 273 273 274 274 274 275 274 274 273 273 273 272 271 270 271 271 270 268 264 265 263 260 259 258 256 252 252 252 251 251 250 252 254 254 254 253 251 251 252 254 253 256 258 260 261 260 259 259 256 253 254 252 248 247 244 241 234 232 233 231 225 230 236 240 246 246 246 250 248 249 246 243 241 237 233 219 220 223 224 233 230
270 271 271 271 271 271 271 272 273 274 275 274 274 274 273 273 272 272 272 271 269 268 263 263 264 263 258 254 254 251 251 250 249 249 249 252 252 251 252 252 253 254 254 252 253 258 260 261 261 260 259 258 257 255 253 249 244 246 242 239 236 237 233 233 232 231 230 225 235 244 245 250 254 254 248 244 239 231 234 236 239 236 230 233 236
269 270 269 270 269 269 269 270 272 274 275 275 274 274 274 273 273 273 272 270 268 267 262 261 261 261 255 252 251 250 250 248 247 247 248 248 251 254 259 261 262 262 262 260 261 261 261 260 259 257 254 250 251 248 249 244 242 243 243 243 241 242 240 233 230 228 231 230 226 243 244 248 254 255 252 246 235 230 237 244 243 250 243 243 246
266 268 268 268 268 267 268 270 272 273 274 274 274 274 273 273 272 273 272 271 267 265 261 257 258 258 255 252 250 249 248 247 245 246 252 256 257 262 264 265 265 265 263 262 260 259 256 253 249 252 250 236 243 242 241 242 241 243 244 241 245 240 240 237 236 228 225 228 241 250 248 243 251 260 250 245 256 254 248 248 252 255 250 254 253
265 266 267 266 264 264 266 269 271 273 274 274 275 274 274 273 272 272 272 270 269 270 268 263 262 262 263 262 261 257 251 250 246 257 264 266 265 264 266 266 265 263 262 257 256 258 255 247 230 245 233 228 235 236 242 246 248 248 249 245 245 241 238 238 235 238 243 255 252 252 260 258 260 265 264 257 265 261 255 250 256 259 256 256 260
262 264 265 264 261 261 265 268 270 273 274 274 275 275 275 274 273 273 274 273 273 271 268 263 265 265 268 269 268 269 267 268 269 269 269 269 267 267 267 266 265 262 258 253 251 257 255 243 235 228 233 237 238 240 245 247 250 252 255 245 245 242 236 235 236 253 257 261 262 263 265 266 264 267 267 265 268 262 263 256 257 259 263 260 262
259 261 262 262 261 260 263 267 270 272 273 274 275 275 275 275 275 275 275 275 274 269 265 258 268 266 270 272 272 271 270 270 270 268 269 269 266 268 268 266 263 255 251 246 248 250 253 244 240 240 238 242 246 246 247 247 250 254 259 249 243 245 243 238 241 259 262 264 265 267 267 268 269 270 270 269 270 269 268 263 263 265 264 263 259
259 261 262 262 262 261 264 267 270 272 273 273 -9999 275 276 277 277 276 276 275 272 265 262 262 250 248 263 262 265 268 267 267 269 267 265 265 266 268 267 263 256 254 252 250 246 244 238 239 241 247 245 246 249 251 250 248 251 255 262 254 244 244 247 243 252 262 264 266 267 269 269 270 271 272 273 273 273 273 272 268 264 267 266 264 261
261 261 261 261 260 261 264 266 268 270 271 272 -9999 275 277 278 278 275 269 266 260 252 244 249 255 258 256 256 260 260 259 265 265 266 263 264 266 267 265 260 262 261 256 250 248 245 243 241 243 252 258 257 251 255 259 261 262 264 265 264 256 248 250 249 260 264 266 267 269 269 270 271 272 273 274 274 274 274 273 271 268 268 266 264 262
259 255 258 258 260 262 264 264 265 266 266 270 272 275 276 277 277 274 270 267 261 262 267 272 273 270 265 258 258 255 250 256 254 254 256 262 265 266 266 266 261 254 242 239 244 248 247 251 256 258 262 264 258 260 263 265 266 267 268 267 265 257 248 256 264 266 267 268 269 269 270 271 270 270 271 272 272 272 272 266 266 268 266 261 259
258 256 257 255 257 260 263 264 263 266 268 269 -9999 274 274 275 275 273 269 264 270 273 272 271 272 274 272 270 266 263 259 249 244 254 257 266 269 269 267 261 255 246 244 250 255 256 262 264 264 262 262 267 267 267 266 267 269 269 267 267 267 262 252 263 266 267 267 269 269 268 270 270 267 268 269 269 270 269 271 271 270 269 266 262 251
255 252 250 247 250 254 258 259 262 266 268 -9999 -9999 272 272 273 274 274 273 272 273 270 263 258 265 270 273 274 272 272 269 263 264 267 271 272 268 259 257 255 253 259 266 268 267 268 269 265 263 261 262 267 269 269 269 270 270 267 267 266 266 261 259 264 266 267 267 269 268 269 270 267 267 269 270 271 270 269 271 271 271 269 265 260 262
255 253 250 251 251 255 261 264 266 267 268 -9999 -9999 271 271 272 273 273 271 269 264 260 249 252 259 266 269 272 273 274 273 273 274 273 273 269 264 268 271 272 271 272 272 272 271 270 271 268 263 261 264 268 269 270 270 271 270 270 270 266 264 263 265 266 266 267 266 268 267 269 269 267 266 268 270 270 271 271 273 272 272 269 268 267 264
