KUENM/Final_Models/M_0.1_F_lq_Set_2_NE/sp1_6.asc
ncols         197
nrows         210
xllcorner     56.1666666666667
yllcorner     4.5
cellsize      0.166666666666667
NODATA_value  -9999
[rows 84 to 111 of 210, columns 65 to 129 of 197]
1.38391E-1 1.41594E-1 1.43372E-1 1.45988E-1 1.54898E-1 1.60753E-1 1.68268E-1 1.72286E-1 1.77617E-1 1.82555E-1 1.90782E-1 2.05277E-1 2.13163E-1 2.08085E-1 1.89039E-1 1.68112E-1 1.66542E-1 1.82564E-1 2.00867E-1 2.1671E-1 2.28085E-1 2.29727E-1 2.38E-1 2.48053E-1 2.50387E-1 2.92615E-1 3.27519E-1 3.41204E-1 3.49361E-1 3.51232E-1 3.71754E-1 4.20976E-1 4.60849E-1 4.9254E-1 5.15642E-1 5.64096E-1 5.88346E-1 5.99265E-1 6.03165E-1 6.00948E-1 5.15536E-1 4.6714E-1 4.85451E-1 5.11949E-1 5.43212E-1 5.71977E-1 5.93711E-1 6.02953E-1 6.07692E-1 6.00812E-1 5.75078E-1 6.0403E-1 6.26157E-1 6.2495E-1 6.30428E-1 6.29879E-1 6.15542E-1 5.822E-1 5.31958E-1 4.51538E-1 3.97101E-1 4.87336E-1 4.146E-1 3.76791E-1 3.95551E-1
1.50968E-1 1.48455E-1 1.49446E-1 1.56122E-1 1.67019E-1 1.71801E-1 1.77125E-1 1.87633E-1 1.92034E-1 1.93823E-1 2.08553E-1 2.16766E-1 2.26632E-1 2.28059E-1 2.08085E-1 1.90573E-1 1.85798E-1 2.00867E-1 2.26446E-1 2.54823E-1 2.65068E-1 2.66785E-1 2.73678E-1 2.79723E-1 2.9441E-1 3.2128E-1 3.47846E-1 3.69881E-1 3.79154E-1 3.90216E-1 4.07331E-1 4.31025E-1 4.68747E-1 5.12964E-1 5.51169E-1 5.90226E-1 6.07997E-1 6.05714E-1 6.07266E-1 5.53608E-1 4.6295E-1 5.05055E-1 5.23021E-1 5.41948E-1 5.6667E-1 5.87747E-1 5.94371E-1 5.91845E-1 5.83653E-1 5.4705E-1 5.31674E-1 6.0011E-1 6.28501E-1 6.09934E-1 6.07135E-1 6.04737E-1 5.77919E-1 5.66552E-1 5.34823E-1 4.69847E-1 3.89505E-1 4.78326E-1 4.0077E-1 3.6184E-1 3.68538E-1
1.62431E-1 1.62637E-1 1.65989E-1 1.65276E-1 1.759E-1 1.85557E-1 1.92406E-1 1.95629E-1 2.02005E-1 2.06907E-1 2.16845E-1 2.18285E-1 2.24715E-1 2.31422E-1 2.21112E-1 2.09427E-1 2.1876E-1 2.29727E-1 2.59933E-1 2.91052E-1 2.99797E-1 3.01549E-1 3.09639E-1 3.2415E-1 3.42387E-1 3.6442E-1 3.85567E-1 4.01192E-1 4.17461E-1 4.33896E-1 4.49592E-1 4.60799E-1 5.00303E-1 5.46393E-1 5.96128E-1 6.13313E-1 6.16812E-1 6.05601E-1 5.09877E-1 3.86744E-1 4.68214E-1 5.24998E-1 5.44219E-1 5.63038E-1 5.71824E-1 5.81975E-1 5.86175E-1 5.64193E-1 5.52068E-1 4.89248E-1 4.53148E-1 4.74231E-1 5.43685E-1 6.01872E-1 5.93498E-1 5.67213E-1 5.28197E-1 5.26883E-1 5.10398E-1 4.41025E-1 3.67151E-1 4.0193E-1 3.82017E-1 3.44556E-1 3.25796E-1
1.67862E-1 1.78189E-1 1.76773E-1 1.81037E-1 1.87904E-1 1.96518E-1 2.03465E-1 2.06816E-1 2.13456E-1 2.18429E-1 2.24953E-1 2.26632E-1 2.29738E-1 2.3311E-1 2.32765E-1 2.34033E-1 2.453E-1 2.58227E-1 2.84081E-1 3.10323E-1 3.2614E-1 3.34429E-1 3.56451E-1 3.68412E-1 3.86992E-1 4.09126E-1 4.28155E-1 4.50837E-1 4.69433E-1 4.8236E-1 5.03584E-1 5.11616E-1 5.53575E-1 5.83986E-1 6.19531E-1 5.92971E-1 5.98559E-1 5.3875E-1 4.04405E-1 4.36908E-1 4.87226E-1 5.14372E-1 5.50431E-1 5.68908E-1 5.72414E-1 5.69722E-1 5.34209E-1 5.2237E-1 5.30854E-1 5.18008E-1 4.82675E-1 4.68167E-1 4.75388E-1 5.37857E-1 5.83456E-1 5.3386E-1 4.95924E-1 4.83739E-1 4.66849E-1 3.91386E-1 3.10674E-1 2.65907E-1 2.87368E-1 2.99235E-1 2.92317E-1
1.57963E-1 1.73547E-1 1.8117E-1 1.86009E-1 1.96215E-1 2.09104E-1 2.14558E-1 2.19734E-1 2.2305E-1 2.26385E-1 2.34803E-1 2.29738E-1 2.31087E-1 2.36134E-1 2.44151E-1 2.53795E-1 2.67551E-1 2.86725E-1 3.04335E-1 3.29118E-1 3.53414E-1 3.65803E-1 3.89757E-1 4.15413E-1 4.35637E-1 4.57666E-1 4.77686E-1 5.06269E-1 5.23756E-1 5.37824E-1 5.59647E-1 5.69713E-1 5.87193E-1 6.05283E-1 5.6926E-1 5.53118E-1 5.18656E-1 4.28394E-1 3.26077E-1 4.15286E-1 4.95728E-1 5.34428E-1 5.58996E-1 5.73598E-1 5.66065E-1 5.48693E-1 5.02674E-1 4.70041E-1 4.8E-1 4.7146E-1 4.60621E-1 4.63578E-1 4.61885E-1 5.32752E-1 5.12153E-1 4.97196E-1 4.70445E-1 4.66351E-1 4.36565E-1 3.68074E-1 2.77742E-1 1.76078E-1 1.86624E-1 2.61516E-1 2.82045E-1
-9999 1.70727E-1 1.8117E-1 1.90476E-1 2.02034E-1 2.11905E-1 2.1876E-1 2.25715E-1 2.34448E-1 2.37825E-1 2.41219E-1 2.29413E-1 2.37825E-1 2.49772E-1 2.63037E-1 2.76996E-1 2.86725E-1 3.02569E-1 3.30266E-1 3.48085E-1 3.74241E-1 3.96427E-1 4.24124E-1 4.44511E-1 4.744E-1 5.04729E-1 5.31516E-1 5.56662E-1 5.6915E-1 5.88906E-1 6.02409E-1 6.13809E-1 6.14045E-1 6.23645E-1 1.44257E-1 5.51632E-1 4.52037E-1 3.90085E-1 3.87479E-1 3.9438E-1 5.08239E-1 5.49012E-1 5.6006E-1 5.43938E-1 5.26986E-1 4.98984E-1 4.90455E-1 4.61759E-1 4.27339E-1 4.06612E-1 4.21548E-1 4.65645E-1 4.59569E-1 5.03994E-1 4.49242E-1 3.99452E-1 4.3365E-1 4.3369E-1 4.13106E-1 3.38081E-1 2.59484E-1 1.58958E-1 1.80007E-1 2.58592E-1 3.00716E-1
-9999 1.76391E-1 1.85057E-1 1.91485E-1 2.09371E-1 2.19432E-1 2.29727E-1 2.38567E-1 2.453E-1 2.54403E-1 2.54403E-1 2.52685E-1 2.57847E-1 2.69996E-1 2.80509E-1 2.92867E-1 3.05298E-1 3.1599E-1 3.38529E-1 3.66621E-1 3.92882E-1 4.25855E-1 4.59452E-1 4.85523E-1 5.13479E-1 5.42774E-1 5.74075E-1 5.96376E-1 6.09484E-1 6.23038E-1 6.31578E-1 6.41371E-1 6.328E-1 6.14776E-1 5.53815E-1 3.3736E-1 4.69357E-1 3.65886E-1 3.99751E-1 3.82417E-1 5.49697E-1 5.93711E-1 5.89608E-1 5.29946E-1 4.83899E-1 4.40526E-1 4.10585E-1 4.11419E-1 4.23602E-1 4.42973E-1 4.76616E-1 4.94372E-1 5.01116E-1 4.94585E-1 4.11831E-1 3.78407E-1 3.98903E-1 4.5941E-1 3.80002E-1 2.94648E-1 2.72127E-1 2.25955E-1 2.40117E-1 2.88853E-1 3.10674E-1
-9999 1.78747E-1 1.90943E-1 2.00534E-1 2.11944E-1 2.22072E-1 2.35722E-1 2.51431E-1 2.68505E-1 2.84971E-1 2.88479E-1 2.96413E-1 2.99964E-1 3.03519E-1 3.07078E-1 3.16961E-1 3.2415E-1 3.41393E-1 3.54035E-1 3.80394E-1 4.1366E-1 4.4799E-1 4.81695E-1 5.07032E-1 5.42035E-1 5.70506E-1 6.01138E-1 6.20645E-1 6.26211E-1 6.34071E-1 6.45671E-1 6.56918E-1 6.48245E-1 5.81468E-1 4.20029E-1 4.19154E-1 4.94383E-1 3.54529E-1 3.12048E-1 4.29354E-1 5.79888E-1 6.1729E-1 6.15355E-1 5.4385E-1 5.25031E-1 4.58204E-1 3.99181E-1 3.78089E-1 4.14441E-1 4.45051E-1 4.82675E-1 4.85615E-1 5.01116E-1 4.67479E-1 4.11604E-1 3.86353E-1 4.06045E-1 4.08462E-1 3.56829E-1 2.80046E-1 2.99651E-1 3.12512E-1 3.13658E-1 3.22814E-1 3.27789E-1
-9999 -9999 1.94788E-1 2.0755E-1 2.17577E-1 2.3269E-1 2.4993E-1 2.72798E-1 2.95247E-1 3.19109E-1 3.43271E-1 3.50329E-1 3.48566E-1 3.46306E-1 3.46306E-1 3.51084E-1 3.45708E-1 3.52232E-1 3.64827E-1 3.89327E-1 4.25855E-1 4.62871E-1 4.97951E-1 5.3513E-1 5.64311E-1 5.94742E-1 6.22611E-1 6.44622E-1 6.46185E-1 6.47261E-1 6.55497E-1 6.61173E-1 6.53584E-1 6.24859E-1 5.31514E-1 5.1353E-1 5.04146E-1 3.60646E-1 4.60645E-1 5.69547E-1 6.04798E-1 6.30298E-1 6.3816E-1 6.1644E-1 6.24776E-1 5.28595E-1 3.78089E-1 3.67982E-1 4.11621E-1 4.3503E-1 4.75436E-1 5.06891E-1 4.8222E-1 4.34709E-1 4.14603E-1 4.19919E-1 4.31609E-1 4.23371E-1 3.27811E-1 2.89261E-1 3.17796E-1 3.74755E-1 3.82017E-1 3.53374E-1 3.20315E-1
-9999 -9999 2.05313E-1 2.19981E-1 2.31073E-1 2.49829E-1 2.67471E-1 2.95855E-1 3.2835E-1 3.61322E-1 3.93798E-1 4.07416E-1 3.97246E-1 3.88562E-1 3.76353E-1 3.74241E-1 3.62633E-1 3.41942E-1 3.63032E-1 4.02042E-1 4.41299E-1 4.82084E-1 5.17312E-1 5.53058E-1 5.84426E-1 6.08522E-1 6.3332E-1 6.53335E-1 6.59829E-1 6.63875E-1 6.71484E-1 6.63263E-1 6.56918E-1 6.5049E-1 5.98157E-1 5.17841E-1 4.69394E-1 4.47511E-1 4.85615E-1 5.7782E-1 6.31279E-1 6.27331E-1 6.52808E-1 6.62143E-1 6.2734E-1 5.07543E-1 3.88487E-1 3.73855E-1 3.99661E-1 4.28973E-1 4.73021E-1 4.87181E-1 4.13033E-1 3.81078E-1 4.0886E-1 4.31972E-1 4.2144E-1 4.02141E-1 3.31239E-1 2.79571E-1 3.04651E-1 3.81975E-1 3.94027E-1 3.45072E-1 2.25641E-1
-9999 -9999 -9999 2.28595E-1 2.40723E-1 2.66425E-1 2.94659E-1 3.18663E-1 3.51115E-1 3.98377E-1 4.35378E-1 4.40711E-1 4.3985E-1 4.22437E-1 3.92027E-1 3.55188E-1 3.23127E-1 3.18758E-1 3.55837E-1 4.10489E-1 4.4962E-1 5.00517E-1 5.38884E-1 5.70494E-1 5.98464E-1 6.1975E-1 6.38703E-1 6.44622E-1 6.527E-1 6.65301E-1 6.76486E-1 6.73072E-1 6.7046E-1 6.6166E-1 6.36297E-1 5.55811E-1 4.94387E-1 5.26859E-1 5.25788E-1 5.36702E-1 6.14987E-1 6.48565E-1 6.66658E-1 6.4332E-1 5.44818E-1 5.02089E-1 3.778E-1 3.60672E-1 4.13467E-1 4.58077E-1 4.49458E-1 4.52928E-1 4.16131E-1 3.95707E-1 4.08958E-1 4.09701E-1 3.8709E-1 3.39668E-1 2.97676E-1 2.48353E-1 2.34252E-1 3.30081E-1 3.63318E-1 2.83062E-1 1.4949E-1
-9999 -9999 -9999 -9999 -9999 -9999 -9999 3.37599E-1 3.7815E-1 4.15022E-1 4.34451E-1 4.48986E-1 4.61813E-1 4.63152E-1 4.12455E-1 3.28481E-1 2.51494E-1 2.86551E-1 3.63032E-1 4.2444E-1 4.77534E-1 5.2353E-1 5.56343E-1 5.8662E-1 6.11415E-1 6.31359E-1 6.44817E-1 6.5327E-1 6.56424E-1 6.71567E-1 6.80446E-1 6.81203E-1 6.76748E-1 6.67449E-1 6.49565E-1 6.14208E-1 5.59096E-1 5.59096E-1 5.64294E-1 5.87788E-1 6.30949E-1 6.57507E-1 6.59241E-1 5.8212E-1 3.97739E-1 3.86608E-1 3.31684E-1 3.19207E-1 4.14029E-1 4.32344E-1 4.14029E-1 4.18639E-1 3.98569E-1 4.13033E-1 3.88357E-1 3.50448E-1 3.19593E-1 2.96381E-1 2.53704E-1 1.80202E-1 1.73925E-1 2.45501E-1 3.09386E-1 1.93711E-1 8.22768E-2
-9999 -9999 -9999 -9999 -9999 -9999 -9999 -9999 3.99603E-1 4.22856E-1 4.51639E-1 4.68857E-1 4.7881E-1 4.83785E-1 4.48285E-1 3.75042E-1 3.30889E-1 3.50329E-1 4.05702E-1 4.65143E-1 5.11616E-1 5.40993E-1 5.76558E-1 6.0275E-1 6.21534E-1 6.39488E-1 6.5192E-1 6.61478E-1 6.66373E-1 6.77598E-1 6.83937E-1 6.80705E-1 6.67365E-1 6.61151E-1 6.56477E-1 6.46034E-1 6.15222E-1 6.00939E-1 5.97577E-1 5.98443E-1 6.1224E-1 6.43282E-1 6.43834E-1 5.67615E-1 3.93132E-1 3.68119E-1 3.07794E-1 2.94786E-1 3.46605E-1 3.69319E-1 3.88487E-1 3.98569E-1 3.86901E-1 3.86901E-1 3.35835E-1 2.59474E-1 2.37009E-1 2.38577E-1 2.04869E-1 1.17546E-1 8.66673E-2 1.15341E-1 1.52614E-1 1.02978E-1 5.59603E-2
-9999 -9999 -9999 -9999 -9999 -9999 -9999 -9999 -9999 4.33649E-1 4.54571E-1 4.7162E-1 4.9103E-1 4.7621E-1 4.55193E-1 4.35931E-1 4.38209E-1 4.37648E-1 4.57045E-1 5.01721E-1 5.41818E-1 5.67277E-1 5.90803E-1 6.17029E-1 6.3332E-1 6.47729E-1 6.60882E-1 6.69244E-1 6.73192E-1 6.79677E-1 6.90329E-1 6.80525E-1 6.5894E-1 6.42405E-1 6.59971E-1 6.46331E-1 6.10928E-1 5.90201E-1 5.9917E-1 6.02839E-1 5.65357E-1 5.35793E-1 5.59087E-1 5.17016E-1 3.29674E-1 3.04537E-1 3.57865E-1 3.40241E-1 3.25712E-1 3.35349E-1 3.89762E-1 3.96852E-1 3.8521E-1 3.54775E-1 2.74252E-1 1.82922E-1 1.81487E-1 1.95691E-1 1.63765E-1 7.31069E-2 2.25216E-2 4.01596E-2 6.11068E-2 5.71901E-2 3.87026E-2
-9999 -9999 -9999 -9999 -9999 -9999 -9999 -9999 -9999 4.42728E-1 4.58931E-1 4.72993E-1 4.85904E-1 4.83148E-1 4.78096E-1 4.66411E-1 4.64214E-1 4.64674E-1 4.8098E-1 5.1674E-1 5.44224E-1 5.76236E-1 6.08365E-1 6.30241E-1 6.42122E-1 6.48776E-1 6.6272E-1 6.65357E-1 6.55206E-1 6.82969E-1 6.89999E-1 6.80434E-1 6.6306E-1 6.38814E-1 6.40954E-1 6.23353E-1 5.81978E-1 5.51971E-1 5.6651E-1 5.44782E-1 4.81082E-1 4.53584E-1 4.63553E-1 4.48236E-1 3.71765E-1 3.71999E-1 3.77652E-1 3.73663E-1 3.65553E-1 3.60672E-1 4.08729E-1 4.0193E-1 3.43087E-1 2.70736E-1 1.7707E-1 1.19193E-1 1.37311E-1 1.74304E-1 1.67601E-1 9.0612E-2 3.09343E-2 2.51493E-2 3.29335E-2 3.28597E-2 1.86037E-2
-9999 -9999 -9999 -9999 -9999 -9999 -9999 -9999 -9999 -9999 -9999 4.78665E-1 4.88135E-1 4.91647E-1 4.96035E-1 4.92111E-1 4.91078E-1 4.91193E-1 4.96634E-1 5.24924E-1 5.56343E-1 5.90928E-1 6.25353E-1 6.42554E-1 6.49517E-1 6.49517E-1 6.5113E-1 6.54182E-1 6.54849E-1 6.80646E-1 6.92089E-1 6.58403E-1 6.61809E-1 6.53544E-1 6.05994E-1 5.82151E-1 5.93193E-1 5.7383E-1 5.52385E-1 5.06949E-1 4.42921E-1 4.48861E-1 4.65146E-1 5.10387E-1 5.22097E-1 5.09151E-1 4.29308E-1 3.66324E-1 3.67823E-1 3.64975E-1 4.09265E-1 3.89718E-1 3.02197E-1 2.19914E-1 1.38702E-1 1.08658E-1 1.17037E-1 1.37825E-1 1.48154E-1 1.11753E-1 6.90639E-2 4.5303E-2 3.28597E-2 1.71685E-2 1.12816E-2
-9999 -9999 -9999 -9999 -9999 -9999 -9999 -9999 -9999 -9999 -9999 -9999 -9999 4.94732E-1 5.00356E-1 5.01659E-1 5.09809E-1 -9999 -9999 5.48694E-1 5.67086E-1 5.92797E-1 6.30998E-1 6.52838E-1 6.4986E-1 6.47118E-1 6.421E-1 6.36516E-1 6.56307E-1 6.84794E-1 6.91043E-1 6.48678E-1 6.57816E-1 6.37492E-1 5.50895E-1 5.01014E-1 5.87623E-1 5.95014E-1 5.40886E-1 4.57761E-1 3.52675E-1 3.56508E-1 4.39112E-1 5.21347E-1 5.41578E-1 5.42582E-1 4.40345E-1 3.72332E-1 3.50447E-1 3.43174E-1 3.6757E-1 3.49973E-1 2.6948E-1 2.02782E-1 1.55793E-1 1.14898E-1 1.23039E-1 1.63641E-1 2.10272E-1 1.86442E-1 1.36733E-1 1.06802E-1 7.07737E-2 3.77736E-2 2.57514E-2
-9999 -9999 -9999 -9999 -9999 -9999 -9999 -9999 -9999 -9999 -9999 -9999 -9999 4.88479E-1 4.9103E-1 -9999 -9999 5.66039E-1 5.71442E-1 5.84965E-1 5.94493E-1 5.95532E-1 6.41763E-1 6.56389E-1 6.55268E-1 6.46841E-1 6.40787E-1 6.41369E-1 6.61231E-1 6.81581E-1 6.89858E-1 6.81963E-1 6.74665E-1 6.35947E-1 5.37988E-1 4.93442E-1 5.59765E-1 5.62335E-1 4.91411E-1 3.69006E-1 2.33572E-1 2.37231E-1 3.39668E-1 4.22022E-1 4.8625E-1 5.03759E-1 4.62045E-1 4.00557E-1 3.5762E-1 3.31564E-1 3.06946E-1 2.82537E-1 2.28218E-1 1.97168E-1 2.40869E-1 2.51621E-1 2.32704E-1 2.65866E-1 2.36482E-1 1.92918E-1 1.37206E-1 9.54687E-2 5.74825E-2 3.89933E-2 2.28868E-2
-9999 -9999 -9999 -9999 -9999 -9999 -9999 -9999 -9999 -9999 -9999 4.65086E-1 4.66411E-1 4.7881E-1 5.32976E-1 5.5008E-1 5.76744E-1 5.84106E-1 5.86198E-1 5.96558E-1 6.06595E-1 6.27128E-1 6.56045E-1 6.53583E-1 6.43134E-1 6.38649E-1 6.3884E-1 6.45671E-1 6.5799E-1 6.81364E-1 6.90103E-1 6.90122E-1 6.87899E-1 6.55409E-1 5.90315E-1 5.48521E-1 5.23377E-1 4.92925E-1 3.82778E-1 2.18369E-1 1.39863E-1 1.67295E-1 2.75069E-1 4.09213E-1 4.98462E-1 5.41137E-1 5.62627E-1 5.49276E-1 5.26883E-1 4.6152E-1 3.41609E-1 2.83693E-1 2.204E-1 3.83505E-1 4.69319E-1 4.56731E-1 3.87301E-1 2.90098E-1 2.26436E-1 1.51645E-1 9.95016E-2 5.5482E-2 3.29966E-2 2.25493E-2 2.65815E-2
-9999 -9999 -9999 -9999 -9999 -9999 -9999 -9999 -9999 -9999 -9999 4.7682E-1 4.74717E-1 4.88111E-1 5.10436E-1 5.61374E-1 5.89774E-1 6.0627E-1 5.99543E-1 5.95007E-1 6.04859E-1 6.35525E-1 6.47697E-1 6.40885E-1 6.27666E-1 6.25914E-1 6.3914E-1 6.50668E-1 6.62947E-1 6.78641E-1 6.85029E-1 6.87954E-1 6.92824E-1 6.74277E-1 6.22911E-1 5.26441E-1 3.43915E-1 3.36575E-1 2.80408E-1 1.61359E-1 1.31581E-1 1.39682E-1 2.40801E-1 3.89876E-1 5.19088E-1 5.78208E-1 6.22964E-1 6.30569E-1 6.15232E-1 6.26604E-1 5.87945E-1 5.62217E-1 5.60781E-1 5.67448E-1 5.49162E-1 5.14671E-1 4.33993E-1 3.31994E-1 1.99826E-1 7.77471E-2 3.95446E-2 2.39433E-2 2.12624E-2 2.50614E-2 3.55208E-2
-9999 -9999 -9999 -9999 -9999 -9999 -9999 -9999 -9999 -9999 -9999 -9999 4.93018E-1 5.03386E-1 5.23719E-1 5.71715E-1 5.94044E-1 5.93194E-1 5.86969E-1 5.9522E-1 6.0694E-1 6.24251E-1 6.32975E-1 6.32499E-1 6.27262E-1 6.19166E-1 6.29698E-1 6.49793E-1 6.65048E-1 6.70485E-1 6.75948E-1 6.85029E-1 6.9466E-1 6.7607E-1 6.29943E-1 5.49221E-1 3.51115E-1 2.68074E-1 2.293E-1 1.86585E-1 1.88258E-1 1.83463E-1 2.74122E-1 3.75229E-1 5.64395E-1 6.06407E-1 6.53894E-1 6.70598E-1 6.66942E-1 6.58586E-1 6.29462E-1 6.04212E-1 5.86226E-1 5.46266E-1 5.29266E-1 5.00773E-1 3.99228E-1 3.11994E-1 1.58686E-1 3.03126E-2 7.89246E-3 6.96695E-3 1.35431E-2 2.45803E-2 5.67047E-2
-9999 -9999 -9999 -9999 -9999 -9999 -9999 -9999 -9999 -9999 -9999 -9999 -9999 5.36393E-1 5.65468E-1 5.98061E-1 5.93398E-1 5.98944E-1 6.04824E-1 6.11012E-1 6.15188E-1 6.25914E-1 6.32685E-1 6.32304E-1 6.28373E-1 6.18345E-1 6.30513E-1 6.45388E-1 6.5716E-1 6.67203E-1 6.77197E-1 6.82397E-1 -9999 6.81307E-1 6.33643E-1 5.84028E-1 4.19165E-1 2.64678E-1 1.94354E-1 1.86585E-1 1.89869E-1 1.91406E-1 3.1117E-1 4.62326E-1 4.28512E-1 4.6153E-1 6.25003E-1 6.24785E-1 6.4214E-1 6.49671E-1 6.2734E-1 6.1159E-1 5.96469E-1 5.18589E-1 4.48236E-1 4.12012E-1 3.51529E-1 2.52654E-1 9.22928E-2 1.36573E-2 3.1198E-3 4.64102E-3 2.02581E-2 7.01121E-2 8.56939E-2
-9999 -9999 -9999 -9999 -9999 -9999 -9999 -9999 -9999 -9999 -9999 -9999 -9999 -9999 5.94824E-1 6.10336E-1 5.80909E-1 5.97798E-1 5.98087E-1 6.17595E-1 6.24315E-1 6.26883E-1 6.27537E-1 6.2515E-1 6.15791E-1 6.21003E-1 6.361E-1 6.41853E-1 6.51032E-1 6.65601E-1 6.74042E-1 6.81402E-1 -9999 6.81672E-1 6.47112E-1 5.81402E-1 4.29235E-1 1.89726E-1 6.05954E-2 4.75403E-2 6.26347E-2 1.04617E-1 1.84884E-1 3.83576E-1 5.24132E-1 5.80197E-1 5.78239E-1 5.78239E-1 5.99315E-1 5.88004E-1 5.64011E-1 6.09521E-1 5.73607E-1 5.2582E-1 4.32627E-1 3.95241E-1 3.56718E-1 2.15635E-1 5.71933E-2 8.22137E-3 6.5878E-3 9.664E-3 2.8767E-2 1.13935E-1 1.80007E-1
-9999 -9999 -9999 -9999 -9999 -9999 -9999 -9999 -9999 -9999 -9999 -9999 -9999 -9999 -9999 6.16482E-1 6.09769E-1 6.03492E-1 5.99807E-1 5.85367E-1 5.55052E-1 5.58077E-1 6.08041E-1 6.08839E-1 6.13482E-1 6.29024E-1 6.40481E-1 6.39517E-1 6.46563E-1 6.535E-1 6.51624E-1 6.70936E-1 6.7744E-1 6.66776E-1 6.1129E-1 5.2517E-1 2.88699E-1 7.49353E-2 1.81015E-2 1.49027E-2 3.91177E-2 1.62863E-1 4.19382E-1 6.14933E-1 6.71438E-1 6.69695E-1 6.44699E-1 5.91845E-1 5.74616E-1 5.29438E-1 4.57598E-1 5.03736E-1 4.34271E-1 3.89938E-1 3.56257E-1 3.796E-1 3.44808E-1 2.26436E-1 9.53781E-2 3.03126E-2 9.08879E-3 1.11414E-3 9.23035E-4 1.58094E-2 1.44525E-1
-9999 -9999 -9999 -9999 -9999 -9999 -9999 -9999 -9999 -9999 -9999 -9999 -9999 -9999 -9999 -9999 6.04249E-1 5.9566E-1 5.81042E-1 5.50738E-1 4.92229E-1 5.32014E-1 5.98646E-1 5.90914E-1 5.93046E-1 6.16055E-1 6.34719E-1 6.41745E-1 6.38267E-1 6.52604E-1 6.57751E-1 6.60439E-1 -9999 5.96723E-1 5.38924E-1 3.30657E-1 7.12167E-2 7.21419E-3 1.78415E-3 2.67088E-3 2.83956E-2 1.93013E-1 5.04833E-1 6.57687E-1 6.80989E-1 6.90208E-1 6.81361E-1 6.61054E-1 6.27306E-1 5.91102E-1 5.40717E-1 4.05923E-1 2.98589E-1 4.04247E-1 3.98618E-1 4.80356E-1 4.74315E-1 3.926E-1 2.33572E-1 6.25657E-2 8.78037E-3 3.28391E-4 1.49242E-3 7.08623E-2 3.1784E-1
-9999 -9999 -9999 -9999 -9999 -9999 -9999 -9999 -9999 -9999 -9999 -9999 -9999 -9999 -9999 -9999 -9999 5.77775E-1 5.61258E-1 5.29803E-1 5.20475E-1 5.36933E-1 5.54305E-1 5.43643E-1 5.56005E-1 5.79036E-1 6.06982E-1 6.1672E-1 6.3006E-1 6.43988E-1 6.438E-1 -9999 -9999 3.91695E-1 2.35663E-1 3.54215E-2 3.98393E-3 3.3492E-4 9.38216E-5 4.79342E-4 1.07139E-2 1.23484E-1 4.95164E-1 6.07662E-1 6.45222E-1 6.67134E-1 6.85947E-1 6.79455E-1 6.59971E-1 6.37672E-1 6.0777E-1 5.64498E-1 5.7002E-1 5.88847E-1 6.17697E-1 6.12286E-1 5.47447E-1 3.16154E-1 2.02466E-1 8.65179E-2 4.21553E-2 1.24052E-1 4.59756E-1 5.60014E-1 5.58007E-1
-9999 -9999 -9999 -9999 -9999 -9999 -9999 -9999 -9999 -9999 -9999 -9999 -9999 -9999 -9999 -9999 -9999 -9999 5.58952E-1 5.61255E-1 5.68124E-1 5.67306E-1 5.54926E-1 5.69324E-1 5.64871E-1 5.80878E-1 6.18975E-1 6.43134E-1 6.50118E-1 6.41513E-1 6.31182E-1 -9999 -9999 1.62972E-1 3.18521E-2 1.89879E-3 2.62559E-4 2.64241E-5 2.23324E-6 1.42817E-5 1.54377E-3 1.1971E-1 4.9665E-1 5.74774E-1 6.00948E-1 6.42551E-1 6.6696E-1 6.79429E-1 6.78174E-1 6.62899E-1 6.38088E-1 6.37357E-1 6.58403E-1 6.56746E-1 6.69837E-1 6.2728E-1 5.51307E-1 5.89497E-1 6.24072E-1 6.26549E-1 6.24842E-1 6.43058E-1 6.41082E-1 6.25759E-1 6.0468E-1
-9999 -9999 -9999 -9999 -9999 -9999 -9999 -9999 -9999 -9999 -9999 -9999 -9999 -9999 -9999 -9999 -9999 -9999 -9999 5.80787E-1 6.01937E-1 5.94371E-1 5.92032E-1 6.03474E-1 6.15055E-1 6.21003E-1 6.33889E-1 6.48499E-1 -9999 -9999 -9999 -9999 -9999 -9999 2.89571E-3 2.77931E-5 4.81284E-7 1.05323E-7 9.77987E-9 1.26387E-7 1.73896E-4 1.37904E-1 5.17973E-1 5.63329E-1 5.81179E-1 6.2816E-1 6.62216E-1 6.70199E-1 6.64268E-1 6.46906E-1 6.23353E-1 5.97164E-1 6.17523E-1 6.34838E-1 6.6306E-1 6.81307E-1 6.79001E-1 6.83083E-1 6.88656E-1 6.81307E-1 6.76505E-1 6.76934E-1 6.54172E-1 6.32785E-1 5.84844E-1
