KUENM/Final_Models/M_0.1_F_lq_Set_2_NE/sp1_0_se_asia.asc
ncols         320
nrows         243
xllcorner     44.0
yllcorner     -0.666666666666667
cellsize      0.166666666666667
NODATA_value  -9999
[rows 31 to 61 of 243, columns 0 to 69 of 320]
-9999 -9999 -9999 -9999 -9999 -9999 -9999 -9999 -9999 -9999 3.08515E-1 1.69984E-1 8.01103E-3 2.41759E-2 1.60026E-2 2.63231E-2 1.87728E-2 1.57135E-2 2.86388E-3 3.49809E-3 8.13638E-3 5.47913E-3 1.26106E-3 7.60737E-3 9.47995E-3 3.2257E-3 1.33915E-3 1.65373E-4 8.46126E-4 1.98242E-3 3.28296E-3 2.46163E-3 1.13123E-3 1.17379E-3 7.77916E-4 2.3705E-4 1.06464E-4 8.39547E-4 2.66536E-3 3.98461E-3 5.2097E-3 5.90494E-3 7.57999E-3 8.46912E-3 8.9594E-3 8.72433E-3 8.19794E-3 7.69932E-3 6.65165E-3 4.06415E-3 4.89327E-3 5.07814E-3 3.34487E-3 6.03993E-3 9.27E-3 9.72283E-3 1.03536E-2 1.01926E-2 1.05167E-2 1.05167E-2 1.06821E-2 1.05167E-2 1.03511E-2 1.00327E-2 1.00327E-2 1.00327E-2 1.00327E-2 9.41708E-3 9.42128E-3 9.27357E-3
-9999 -9999 -9999 -9999 -9999 -9999 -9999 -9999 -9999 2.70483E-1 2.60036E-1 2.04021E-1 2.33492E-2 1.2911E-2 2.04896E-2 1.90366E-2 2.31418E-2 1.84644E-2 1.32051E-2 2.39605E-3 1.09978E-2 1.46778E-2 7.85123E-3 1.03673E-2 9.77221E-3 4.04823E-3 2.6045E-3 3.78397E-3 2.27683E-3 1.07107E-3 1.66177E-3 1.17798E-3 7.45483E-4 1.9435E-3 1.75982E-3 1.08553E-3 7.07704E-4 7.53689E-4 1.5585E-3 4.24691E-3 2.30258E-3 2.39769E-3 4.07046E-3 8.38383E-3 9.78961E-3 9.51892E-3 8.80498E-3 8.00997E-3 7.63646E-3 6.58336E-3 5.56846E-3 5.97243E-3 5.78017E-3 7.41031E-3 8.97348E-3 8.97348E-3 9.26478E-3 9.40152E-3 9.40152E-3 9.55269E-3 9.55269E-3 9.41349E-3 9.56427E-3 9.56427E-3 9.27183E-3 9.12561E-3 8.83919E-3 8.83919E-3 8.42426E-3 8.15719E-3
-9999 -9999 -9999 -9999 -9999 -9999 -9999 -9999 -9999 2.3022E-1 2.02014E-1 1.46836E-1 4.83976E-2 1.85453E-2 1.77054E-2 1.06802E-2 1.58215E-2 1.3641E-2 1.00122E-2 1.78025E-2 1.65716E-2 6.12704E-3 3.3412E-3 2.1471E-3 5.27548E-3 1.07787E-2 2.74936E-3 2.07124E-3 2.02556E-3 1.00537E-3 4.94791E-4 1.1405E-3 4.73322E-4 1.42999E-3 2.90413E-3 2.32722E-3 1.37752E-3 8.06139E-4 1.67764E-3 2.21918E-3 2.13417E-4 1.30133E-4 8.82376E-4 7.51377E-3 1.04682E-2 9.37226E-3 8.12015E-3 7.75924E-3 6.25652E-3 6.38574E-3 7.41031E-3 7.17428E-3 7.89757E-3 8.53753E-3 8.81748E-3 8.94228E-3 8.79907E-3 8.65788E-3 8.79907E-3 8.79907E-3 8.79907E-3 8.4005E-3 7.64521E-3 8.14702E-3 7.88675E-3 7.64521E-3 7.28795E-3 8.01596E-3 8.1322E-3 8.26539E-3
-9999 -9999 -9999 -9999 -9999 -9999 -9999 -9999 -9999 2.00971E-1 1.74117E-1 1.1906E-1 4.79973E-2 2.37267E-2 1.90749E-2 2.51911E-2 1.88299E-2 1.02383E-2 1.10619E-2 6.91835E-3 8.74915E-3 7.99832E-3 4.74696E-3 3.84239E-3 3.11451E-3 8.86049E-4 2.25959E-3 2.14578E-3 8.95726E-4 9.28573E-4 4.62344E-4 5.29257E-4 9.85681E-4 8.91227E-4 1.57996E-3 2.22851E-3 7.97072E-4 3.354E-4 1.0625E-3 1.90405E-3 4.95715E-4 7.56162E-5 6.47596E-4 4.85198E-3 1.07653E-2 8.19794E-3 7.22728E-3 4.68746E-3 1.7996E-3 3.26645E-3 3.84785E-3 3.22087E-3 4.63241E-3 6.50283E-3 7.87144E-3 8.08871E-3 8.22219E-3 8.22219E-3 8.08871E-3 8.08871E-3 7.37187E-3 6.09042E-3 5.24162E-3 4.97332E-3 5.7961E-3 4.96291E-3 4.15004E-3 6.81682E-3 7.82743E-3 8.06011E-3
-9999 -9999 -9999 -9999 -9999 -9999 -9999 -9999 -9999 1.78059E-1 1.7303E-1 1.20603E-1 6.67557E-2 3.88993E-2 2.15397E-2 1.29465E-2 2.69959E-2 1.25513E-2 2.25928E-2 1.27438E-2 9.83767E-3 1.93383E-2 5.54954E-3 9.8549E-3 5.72096E-3 3.65746E-3 1.30905E-4 5.28601E-4 5.89977E-3 1.02103E-3 4.90442E-4 4.23327E-4 7.65971E-4 3.82094E-4 2.34211E-4 7.20362E-4 1.8066E-4 1.86807E-4 5.38327E-4 1.535E-3 1.08141E-3 3.06482E-4 1.37619E-4 1.39236E-3 5.7253E-3 8.16544E-3 7.86742E-3 5.30707E-3 2.16367E-3 1.55319E-3 1.74913E-3 1.96797E-3 1.81964E-3 2.16796E-3 3.62931E-3 6.69191E-3 7.44944E-3 7.08763E-3 7.32706E-3 6.7868E-3 5.42032E-3 3.36491E-3 2.60791E-3 2.20503E-3 2.99366E-3 4.26122E-3 5.87971E-3 7.20647E-3 7.76583E-3 7.63806E-3
-9999 -9999 -9999 -9999 -9999 -9999 -9999 -9999 -9999 -9999 1.7025E-1 1.23121E-1 6.40597E-2 4.68672E-2 1.64322E-2 3.95522E-2 3.54347E-2 2.46885E-2 6.40597E-2 5.29618E-2 4.92383E-2 1.59856E-2 2.9818E-2 1.32326E-2 8.50148E-3 9.83782E-3 2.7086E-3 1.80492E-3 6.73261E-3 7.91756E-3 1.49962E-3 7.46814E-4 4.33601E-4 4.31618E-4 2.28904E-4 4.13987E-4 8.57657E-4 8.61834E-4 1.1391E-3 5.44975E-4 2.59846E-4 5.10695E-4 2.0466E-4 5.642E-5 2.24253E-4 1.32288E-3 4.45114E-3 6.78069E-3 6.15606E-3 4.75616E-3 4.21958E-3 4.40641E-3 3.75373E-3 2.13144E-3 2.538E-3 3.78594E-3 3.51974E-3 5.4978E-3 5.57955E-3 5.85411E-3 5.75621E-3 4.82073E-3 4.13444E-3 4.20513E-3 4.90295E-3 5.15372E-3 5.59116E-3 6.32767E-3 6.90972E-3 7.10889E-3
-9999 -9999 -9999 -9999 -9999 -9999 -9999 -9999 -9999 -9999 -9999 1.46302E-1 1.21911E-1 6.59248E-2 2.59011E-2 1.11065E-2 4.88861E-2 5.59086E-2 4.48416E-2 2.27583E-2 2.46885E-2 4.12614E-2 2.94742E-2 7.47171E-2 2.88692E-2 2.34194E-2 1.58446E-2 6.70188E-3 2.92439E-3 6.94763E-3 9.35924E-3 1.26961E-3 1.33215E-3 1.01816E-3 3.60367E-4 4.45586E-4 5.4174E-4 4.82351E-4 7.57283E-4 5.52869E-4 4.60948E-4 2.92622E-4 1.71373E-4 9.81171E-5 4.25387E-5 4.2716E-5 5.77255E-4 2.63386E-3 5.24621E-3 6.18101E-3 6.08752E-3 5.7961E-3 5.60675E-3 4.90274E-3 4.42853E-3 3.51974E-3 2.27522E-3 3.58962E-3 4.35571E-3 5.05146E-3 5.05146E-3 4.58139E-3 4.58139E-3 3.86449E-3 3.59713E-3 4.35571E-3 4.96616E-3 5.47118E-3 5.64188E-3 6.95026E-3
-9999 -9999 -9999 -9999 -9999 -9999 -9999 -9999 -9999 -9999 -9999 -9999 1.11926E-1 1.06366E-1 4.90595E-2 1.82694E-2 1.57465E-2 6.26804E-2 5.84169E-2 7.61759E-2 5.10313E-2 5.49039E-2 6.69417E-2 1.14583E-1 6.95901E-2 6.56162E-2 6.40047E-2 1.53246E-2 2.79426E-3 2.5522E-3 4.11535E-3 1.02103E-3 1.873E-3 1.35072E-3 4.14486E-4 1.88599E-4 2.35879E-4 4.44634E-4 6.13616E-4 1.9803E-4 1.15463E-4 1.25799E-4 2.92622E-4 3.9605E-4 1.79538E-4 4.91153E-5 5.50139E-5 5.56531E-4 1.66639E-3 3.43262E-3 4.37911E-3 5.14952E-3 4.57494E-3 4.7407E-3 4.90295E-3 3.72205E-3 1.68795E-3 1.32221E-3 1.85852E-3 3.12223E-3 4.20592E-3 2.43874E-3 1.78009E-3 1.54356E-3 1.61451E-3 2.23642E-3 5.24922E-3 6.45195E-3 6.563E-3 6.563E-3
-9999 -9999 -9999 -9999 -9999 -9999 -9999 -9999 -9999 -9999 -9999 -9999 -9999 1.09674E-1 7.94061E-2 4.33943E-2 4.36943E-2 2.43463E-2 2.94202E-2 1.14245E-1 9.83824E-2 6.40597E-2 1.39574E-1 1.18347E-1 4.34711E-2 1.61507E-2 4.69451E-3 1.05644E-2 1.74033E-2 2.1343E-2 1.58374E-3 2.60155E-4 9.38726E-5 4.91581E-4 4.38957E-4 1.65782E-4 1.80258E-4 1.15828E-4 1.50523E-4 2.38159E-4 1.72367E-4 3.22111E-4 6.01655E-4 7.66269E-4 7.20526E-4 5.46995E-4 3.41268E-4 2.59421E-4 3.80472E-4 5.27049E-4 1.17802E-3 6.31145E-4 1.01256E-3 1.56122E-3 3.03889E-3 4.20896E-3 3.2874E-3 2.38412E-3 1.8267E-3 2.25062E-3 3.24452E-3 3.86249E-3 4.54581E-3 5.04806E-3 4.48077E-3 2.63773E-3 3.67009E-3 5.69882E-3 5.96229E-3 5.73264E-3
-9999 -9999 -9999 -9999 -9999 -9999 -9999 -9999 -9999 -9999 -9999 -9999 8.69604E-2 9.5515E-2 1.03824E-1 1.00742E-1 8.52323E-2 6.72064E-2 4.98385E-2 3.85989E-2 9.01712E-2 1.49617E-1 1.88407E-1 1.52626E-1 5.10156E-2 3.50852E-2 1.01995E-2 1.21671E-1 8.78038E-2 1.59564E-2 8.18382E-3 1.44748E-3 8.2067E-5 4.38107E-4 3.20584E-4 7.20802E-5 1.18596E-4 1.09861E-4 7.8754E-5 9.64077E-5 2.58556E-4 5.88302E-4 6.86102E-4 1.08106E-3 1.44514E-3 1.38227E-3 1.0178E-3 5.19944E-4 3.30779E-4 1.74217E-4 2.90628E-4 3.17972E-4 3.36643E-4 4.43354E-4 1.13502E-3 3.10329E-3 3.73209E-3 4.06741E-3 3.12904E-3 2.45058E-3 2.70361E-3 3.30714E-3 4.87619E-3 5.25931E-3 4.89968E-3 3.08009E-3 2.74136E-3 3.86249E-3 3.86249E-3 3.54123E-3
-9999 -9999 -9999 -9999 -9999 -9999 -9999 -9999 -9999 -9999 -9999 -9999 -9999 -9999 -9999 1.03031E-1 9.05596E-2 9.35015E-2 1.05482E-1 5.77735E-2 9.28361E-2 1.04072E-1 1.41322E-1 1.93457E-1 2.01092E-1 8.93365E-2 6.38888E-2 1.00379E-1 1.42879E-1 8.20365E-2 1.08152E-1 3.27224E-2 2.65287E-3 1.37294E-3 4.35376E-4 9.06795E-5 7.12708E-5 2.1931E-4 2.54721E-4 8.48735E-5 1.28948E-4 2.93551E-4 5.22224E-4 7.20682E-4 1.58263E-3 1.82043E-3 1.76316E-3 1.49861E-3 8.53565E-4 3.46746E-4 9.64409E-5 1.8399E-4 3.99456E-4 7.12014E-4 1.13735E-3 2.29841E-3 3.2315E-3 4.13421E-3 4.26491E-3 2.55776E-3 3.30714E-3 4.5916E-3 5.46927E-3 5.46927E-3 4.79222E-3 3.08009E-3 3.30714E-3 2.74136E-3 1.90681E-3 1.35686E-3
-9999 -9999 -9999 -9999 -9999 -9999 -9999 -9999 -9999 -9999 -9999 -9999 -9999 -9999 -9999 -9999 1.00068E-1 1.14121E-1 1.26822E-1 1.33671E-1 1.16387E-1 1.67693E-1 2.12537E-1 2.10105E-1 2.91011E-1 2.97083E-1 3.30934E-1 3.39828E-1 2.09845E-1 2.92122E-2 3.74997E-2 2.66868E-2 7.40761E-3 6.17482E-3 1.71103E-3 1.1463E-4 9.06795E-5 8.45304E-5 4.73323E-4 6.38176E-4 4.54766E-4 4.70727E-4 6.87016E-4 7.32003E-4 9.44166E-4 1.90634E-3 1.97553E-3 1.95908E-3 1.77913E-3 1.23056E-3 7.14976E-4 4.2177E-4 2.06842E-4 3.88616E-4 1.06518E-3 2.18677E-3 3.16751E-3 4.13421E-3 4.48077E-3 3.30505E-3 3.78512E-3 3.36043E-3 3.95528E-3 3.65519E-3 4.8212E-3 4.87447E-3 4.62817E-3 3.48448E-3 3.12904E-3 2.22103E-3
-9999 -9999 -9999 -9999 -9999 -9999 -9999 -9999 -9999 -9999 -9999 -9999 -9999 -9999 -9999 -9999 -9999 -9999 1.15334E-1 1.35446E-1 1.5834E-1 1.83634E-1 2.1323E-1 2.5345E-1 2.86291E-1 3.23298E-1 3.34412E-1 3.39739E-1 2.8864E-1 2.85409E-1 1.75849E-1 4.26251E-2 1.96415E-3 3.3008E-4 1.00537E-3 1.10426E-4 6.45714E-5 2.25462E-4 5.42794E-4 2.55708E-4 5.15405E-4 8.38801E-4 1.02307E-3 1.50193E-3 2.28195E-3 1.79544E-3 2.00667E-3 2.19262E-3 2.23036E-3 2.08987E-3 1.7505E-3 1.39104E-3 8.8781E-4 5.92355E-4 6.93844E-4 1.83877E-3 3.0506E-3 3.7339E-3 4.19182E-3 4.31571E-3 4.09608E-3 3.47496E-3 2.47786E-3 8.6857E-4 2.56605E-3 4.52252E-3 3.2501E-3 2.60259E-3 2.63773E-3 2.61254E-3
-9999 -9999 -9999 -9999 -9999 -9999 -9999 -9999 -9999 -9999 -9999 -9999 -9999 -9999 -9999 -9999 -9999 -9999 -9999 -9999 1.39036E-1 1.61839E-1 1.93677E-1 2.25204E-1 2.64826E-1 3.01703E-1 3.3693E-1 3.68407E-1 3.76911E-1 4.01087E-1 4.17598E-1 2.92797E-1 1.18942E-1 7.42611E-2 1.55963E-2 2.81947E-3 9.57671E-5 2.77696E-4 2.00321E-4 3.54203E-4 9.00314E-4 9.87494E-4 1.41317E-3 1.85493E-3 1.95923E-3 1.94945E-3 1.51657E-3 1.53935E-3 2.05492E-3 2.26541E-3 2.29566E-3 2.1804E-3 1.91722E-3 1.55707E-3 1.32198E-3 1.85077E-3 1.97314E-3 2.42555E-3 3.24825E-3 3.85162E-3 3.41981E-3 2.08498E-3 8.53738E-4 3.65137E-4 1.31494E-3 3.47496E-3 1.95437E-3 2.91355E-3 3.48448E-3 3.06059E-3
-9999 -9999 -9999 -9999 -9999 -9999 -9999 -9999 -9999 -9999 -9999 -9999 -9999 -9999 -9999 -9999 -9999 -9999 -9999 -9999 -9999 1.38488E-1 1.66672E-1 1.95326E-1 2.26198E-1 2.68481E-1 3.06934E-1 3.39884E-1 3.76042E-1 4.13763E-1 4.47958E-1 4.36612E-1 2.80385E-1 2.06189E-1 1.77592E-1 3.74742E-3 9.46601E-4 3.47321E-4 1.81603E-4 9.37518E-4 9.33823E-4 1.21751E-3 3.78945E-4 1.18062E-3 2.04122E-3 1.77184E-3 1.65552E-3 1.68888E-3 2.11035E-3 2.0187E-3 2.19494E-3 2.47659E-3 2.45761E-3 2.22583E-3 1.36849E-3 1.02866E-3 9.61894E-4 5.10788E-4 1.52657E-3 3.30714E-3 3.41981E-3 2.53329E-3 1.40562E-3 7.17968E-4 1.07489E-3 3.64622E-3 4.33772E-3 3.72642E-3 1.53486E-3 1.61516E-3
-9999 -9999 -9999 -9999 -9999 -9999 -9999 -9999 -9999 -9999 -9999 -9999 -9999 -9999 -9999 -9999 -9999 -9999 -9999 -9999 -9999 -9999 1.3812E-1 1.62564E-1 1.96034E-1 2.26345E-1 2.61417E-1 2.97443E-1 3.37737E-1 3.87239E-1 4.46587E-1 4.68466E-1 4.17661E-1 3.53449E-1 1.93076E-1 1.64002E-2 4.89705E-3 4.19223E-4 1.25301E-3 1.9557E-3 1.00732E-3 1.14678E-3 6.02191E-4 6.5985E-4 6.30488E-4 1.3949E-3 1.2518E-3 1.58988E-3 1.19034E-3 1.9985E-3 2.45359E-3 2.52866E-3 2.83364E-3 2.52744E-3 1.48671E-3 5.77395E-4 5.49823E-4 6.93844E-4 1.08335E-3 2.55776E-3 3.08426E-3 2.92604E-3 2.00338E-3 5.01286E-4 4.35545E-4 2.46106E-3 4.70956E-3 4.30032E-3 1.80768E-3 1.32198E-3
-9999 -9999 -9999 -9999 -9999 -9999 -9999 -9999 -9999 -9999 -9999 -9999 -9999 -9999 -9999 -9999 -9999 -9999 -9999 -9999 -9999 -9999 1.14639E-1 1.34331E-1 1.62194E-1 1.8478E-1 2.15367E-1 2.54954E-1 2.96419E-1 3.41645E-1 4.18342E-1 4.85235E-1 4.69309E-1 3.70943E-1 2.55459E-1 1.7426E-1 3.76874E-2 3.96261E-3 3.36648E-4 5.08787E-3 1.07362E-3 3.65963E-4 6.21514E-4 5.88776E-4 4.72249E-4 6.325E-4 1.16206E-3 1.09195E-3 7.24293E-4 2.18082E-3 2.91715E-3 3.099E-3 2.93845E-3 2.54973E-3 1.64045E-3 7.94205E-4 3.58059E-4 3.30779E-4 4.40813E-4 1.44062E-3 2.41858E-3 2.57825E-3 2.48904E-3 1.91301E-3 9.62507E-4 1.59747E-3 4.43465E-3 4.73283E-3 3.17644E-3 2.11202E-3
-9999 -9999 -9999 -9999 -9999 -9999 -9999 -9999 -9999 -9999 -9999 -9999 -9999 -9999 -9999 -9999 -9999 -9999 -9999 -9999 -9999 -9999 -9999 1.09596E-1 1.28947E-1 1.51602E-1 1.77668E-1 2.02396E-1 2.44538E-1 2.94487E-1 3.56542E-1 4.41156E-1 4.69914E-1 3.64785E-1 2.73679E-1 1.49612E-1 4.47195E-2 1.60328E-2 9.97079E-3 5.18645E-3 4.18274E-3 7.07748E-4 1.67411E-4 6.54966E-4 5.67286E-4 2.68072E-4 3.48872E-4 9.91397E-4 1.02745E-3 1.21645E-3 1.71318E-3 2.6925E-3 2.61422E-3 2.60626E-3 2.05623E-3 1.45892E-3 8.20306E-4 3.87399E-4 1.15032E-4 3.36127E-4 6.53791E-4 1.41621E-3 2.05117E-3 2.56605E-3 2.12355E-3 2.35578E-3 4.05745E-3 4.96146E-3 4.34716E-3 2.25955E-3
-9999 -9999 -9999 -9999 -9999 -9999 -9999 -9999 -9999 -9999 -9999 -9999 -9999 -9999 -9999 -9999 -9999 -9999 -9999 -9999 -9999 -9999 -9999 9.11772E-2 1.05669E-1 1.19201E-1 1.38035E-1 1.55134E-1 1.91062E-1 2.3641E-1 3.00376E-1 3.57847E-1 4.0865E-1 3.91469E-1 2.94295E-1 2.08387E-1 4.79789E-3 2.3226E-2 6.50211E-2 2.81816E-2 1.81664E-2 3.53424E-3 3.61148E-3 1.54008E-3 5.02341E-4 4.09052E-4 1.9484E-4 4.35036E-4 8.97955E-4 8.25029E-4 1.23455E-3 2.40273E-3 2.27167E-3 2.61307E-3 2.86255E-3 2.47659E-3 1.80863E-3 1.25074E-3 3.30143E-4 1.57351E-4 6.07678E-5 4.93813E-4 1.60688E-3 2.3296E-3 2.22103E-3 1.45623E-3 2.03556E-3 4.63765E-3 5.02393E-3 3.84184E-3
-9999 -9999 -9999 -9999 -9999 -9999 -9999 -9999 -9999 -9999 -9999 -9999 -9999 -9999 -9999 -9999 -9999 -9999 -9999 -9999 -9999 -9999 6.53684E-2 7.50445E-2 8.67846E-2 9.72777E-2 1.07607E-1 1.16052E-1 1.42749E-1 1.87058E-1 2.43182E-1 2.9719E-1 3.34463E-1 3.63672E-1 3.41173E-1 2.4953E-1 6.72064E-2 1.74923E-3 5.55604E-3 1.71884E-2 9.26728E-3 1.33139E-3 2.27784E-3 7.48382E-4 3.30028E-4 4.6768E-4 1.82995E-4 3.43091E-4 5.76364E-4 6.24169E-4 7.96989E-4 1.48959E-3 2.08876E-3 2.35251E-3 2.17721E-3 3.0922E-3 2.72042E-3 2.28997E-3 1.50701E-3 7.00276E-4 4.60785E-4 2.78727E-4 7.44443E-4 1.8931E-3 2.01364E-3 2.19991E-3 1.7408E-3 3.22087E-3 4.82073E-3 4.90425E-3
-9999 -9999 -9999 -9999 -9999 -9999 -9999 -9999 -9999 -9999 -9999 -9999 -9999 -9999 -9999 -9999 -9999 -9999 -9999 -9999 -9999 -9999 5.51797E-2 6.69482E-2 7.48905E-2 8.14874E-2 9.2545E-2 9.78486E-2 1.16576E-1 1.61483E-1 2.01938E-1 2.48852E-1 2.9002E-1 3.14389E-1 3.25727E-1 2.35919E-1 5.56204E-2 1.69175E-2 2.55099E-2 7.8943E-3 4.34306E-3 2.84527E-3 1.49489E-3 5.49653E-3 1.68429E-3 1.4282E-3 6.54046E-4 3.27485E-4 3.11387E-4 3.28653E-4 8.53965E-4 1.17677E-3 9.25358E-4 2.4248E-3 3.35516E-3 3.56297E-3 3.58937E-3 3.44435E-3 2.96102E-3 1.60742E-3 9.24245E-4 8.88895E-4 9.25073E-4 1.3642E-3 1.25074E-3 2.25087E-3 2.30084E-3 1.53433E-3 3.48091E-3 3.7429E-3
-9999 -9999 -9999 -9999 -9999 -9999 -9999 -9999 -9999 -9999 -9999 -9999 -9999 -9999 -9999 -9999 -9999 -9999 -9999 -9999 -9999 -9999 4.9401E-2 5.79709E-2 6.76582E-2 7.65976E-2 8.50756E-2 9.44571E-2 1.12745E-1 1.41751E-1 1.76343E-1 2.16205E-1 2.50195E-1 2.77481E-1 2.97581E-1 2.68609E-1 9.71788E-2 2.3431E-2 2.25543E-2 6.52477E-2 9.6755E-3 3.60024E-3 2.98238E-3 4.91671E-3 7.06394E-4 1.75769E-3 8.59664E-4 5.47651E-4 6.64893E-4 6.27715E-4 6.50818E-4 7.92718E-4 1.44765E-3 1.67408E-3 3.49E-3 4.34875E-3 4.38568E-3 4.28205E-3 3.8322E-3 2.53169E-3 1.08076E-3 1.01558E-3 9.84295E-4 1.423E-3 1.80901E-3 2.15559E-3 3.16234E-3 3.29546E-3 4.27094E-3 3.29273E-3
-9999 -9999 -9999 -9999 -9999 -9999 -9999 -9999 -9999 -9999 -9999 -9999 -9999 -9999 -9999 -9999 -9999 -9999 -9999 -9999 -9999 -9999 -9999 -9999 6.34133E-2 7.08005E-2 7.90259E-2 9.11483E-2 1.06546E-1 1.2896E-1 1.59318E-1 1.86387E-1 2.17274E-1 2.43208E-1 2.68811E-1 2.72246E-1 2.13042E-1 1.36949E-1 1.72391E-1 1.21439E-1 2.37505E-2 6.9518E-3 2.44251E-3 9.70993E-3 6.0303E-4 4.91864E-4 8.90077E-4 7.7408E-4 5.74806E-4 8.28374E-4 5.74622E-4 4.95828E-4 1.06819E-3 1.4605E-3 1.535E-3 3.29529E-3 5.19277E-3 5.00435E-3 4.82999E-3 3.93086E-3 2.74051E-3 2.07759E-3 1.8196E-3 1.95097E-3 2.22979E-3 2.337E-3 3.36928E-3 4.17091E-3 3.75653E-3 4.51061E-3
-9999 -9999 -9999 -9999 -9999 -9999 -9999 -9999 -9999 -9999 -9999 -9999 -9999 -9999 -9999 -9999 -9999 -9999 -9999 -9999 -9999 -9999 -9999 -9999 6.15902E-2 6.90113E-2 7.77586E-2 8.97234E-2 1.04131E-1 1.21353E-1 1.44104E-1 1.68849E-1 1.9323E-1 2.13658E-1 2.43667E-1 2.6661E-1 2.66629E-1 2.31415E-1 1.86611E-1 1.58772E-1 1.04443E-1 8.05766E-3 1.42867E-3 4.45051E-3 7.88249E-3 1.02908E-3 3.99686E-4 1.03607E-3 1.38533E-3 6.10229E-4 7.10438E-4 6.27756E-4 1.59104E-4 3.18721E-4 4.46677E-4 9.48949E-4 1.3374E-3 3.51378E-3 4.69232E-3 4.64994E-3 4.30156E-3 3.40513E-3 2.6925E-3 1.51657E-3 9.45485E-4 1.38037E-3 2.49041E-3 3.63172E-3 4.38048E-3 4.27347E-3
-9999 -9999 -9999 -9999 -9999 -9999 -9999 -9999 -9999 -9999 -9999 -9999 -9999 -9999 -9999 -9999 -9999 -9999 -9999 -9999 -9999 -9999 -9999 -9999 6.13794E-2 6.93736E-2 7.6469E-2 8.61545E-2 9.89802E-2 1.1356E-1 1.30345E-1 1.51604E-1 1.74695E-1 1.89794E-1 2.10809E-1 2.37114E-1 2.55008E-1 2.59498E-1 2.05404E-1 1.65525E-1 8.97848E-2 2.42102E-2 8.60875E-3 6.73351E-3 4.35832E-3 5.63052E-3 1.24604E-3 3.32008E-3 2.92746E-3 1.55214E-3 2.13737E-3 7.20683E-4 9.60905E-4 9.41004E-4 1.30583E-3 6.86104E-4 5.07329E-4 1.24577E-3 2.5026E-3 3.88704E-3 4.89709E-3 4.81126E-3 2.79448E-3 1.19907E-3 4.31196E-4 4.61423E-4 1.23318E-3 1.60661E-3 2.21431E-3 4.58323E-3
-9999 -9999 -9999 -9999 -9999 -9999 -9999 -9999 -9999 -9999 -9999 -9999 -9999 -9999 -9999 -9999 -9999 -9999 -9999 -9999 -9999 -9999 -9999 -9999 -9999 6.90641E-2 7.32766E-2 8.10208E-2 9.33026E-2 1.0369E-1 -9999 -9999 1.53129E-1 1.70466E-1 1.88758E-1 2.15109E-1 2.28146E-1 2.33269E-1 2.13762E-1 1.79045E-1 1.08433E-1 3.65843E-2 6.64527E-2 5.80786E-2 4.16003E-2 4.88297E-3 2.1918E-3 4.93155E-4 2.82347E-3 3.05037E-3 1.16229E-3 1.82275E-3 9.43735E-4 1.0739E-3 1.60555E-3 1.87823E-3 9.07894E-4 5.22011E-4 1.50792E-3 3.10796E-3 4.82948E-3 5.75859E-3 4.62429E-3 2.7918E-3 1.55824E-3 1.04233E-3 9.03918E-4 4.20884E-4 6.90035E-4 2.46151E-3
-9999 -9999 -9999 -9999 -9999 -9999 -9999 -9999 -9999 -9999 -9999 -9999 -9999 -9999 -9999 -9999 -9999 -9999 -9999 -9999 -9999 -9999 -9999 -9999 -9999 -9999 7.05192E-2 7.90309E-2 8.78574E-2 9.44195E-2 -9999 1.2486E-1 1.37407E-1 1.50678E-1 1.6724E-1 1.82601E-1 1.97843E-1 2.0514E-1 2.00293E-1 1.80595E-1 1.50342E-1 1.35851E-1 1.06299E-1 9.67831E-2 8.01678E-2 4.23213E-2 6.66468E-3 2.12327E-3 2.31862E-3 7.29153E-3 7.70334E-3 3.41335E-3 1.7435E-3 1.24419E-3 2.80291E-3 4.31687E-3 2.9225E-3 1.29165E-3 7.07967E-4 1.17776E-3 3.64987E-3 6.68337E-3 6.75322E-3 5.21249E-3 3.8164E-3 2.61209E-3 2.11893E-3 1.06222E-3 1.01222E-3 2.47819E-3
-9999 -9999 -9999 -9999 -9999 -9999 -9999 -9999 -9999 -9999 -9999 -9999 -9999 -9999 -9999 -9999 -9999 -9999 -9999 -9999 -9999 -9999 -9999 -9999 -9999 -9999 -9999 7.42133E-2 8.20293E-2 8.78574E-2 -9999 -9999 -9999 1.33665E-1 -9999 -9999 -9999 1.73222E-1 1.74984E-1 1.63422E-1 1.50521E-1 1.3085E-1 1.09933E-1 7.52524E-2 7.60612E-2 5.4156E-2 1.67641E-2 1.26397E-2 6.73351E-3 6.02669E-3 1.57903E-2 1.60167E-2 8.75812E-3 5.18958E-3 6.68348E-3 4.99473E-3 2.73437E-3 2.62619E-3 1.93383E-3 1.1308E-3 2.25112E-3 5.24592E-3 6.88954E-3 6.78246E-3 5.95239E-3 4.7377E-3 3.83746E-3 3.35303E-3 3.11726E-3 2.31642E-3
-9999 -9999 -9999 -9999 -9999 -9999 -9999 -9999 -9999 -9999 -9999 -9999 -9999 -9999 -9999 -9999 -9999 -9999 -9999 -9999 -9999 -9999 -9999 -9999 -9999 -9999 -9999 -9999 -9999 -9999 -9999 -9999 -9999 -9999 -9999 -9999 -9999 1.53199E-1 1.5209E-1 1.53112E-1 1.48772E-1 1.33028E-1 1.13585E-1 8.07206E-2 7.52991E-2 5.69904E-2 6.11688E-3 8.96922E-3 8.13754E-3 5.29057E-3 1.6598E-2 2.26901E-2 2.08926E-2 1.42611E-2 6.94879E-3 5.66348E-3 6.55155E-3 2.80578E-3 2.1688E-3 2.21914E-3 3.20774E-3 5.09526E-3 6.7522E-3 6.78194E-3 6.1105E-3 5.4163E-3 4.84097E-3 4.10084E-3 3.90153E-3 2.70172E-3
-9999 -9999 -9999 -9999 -9999 -9999 -9999 -9999 -9999 -9999 -9999 -9999 -9999 -9999 -9999 -9999 -9999 -9999 -9999 -9999 -9999 -9999 -9999 -9999 -9999 -9999 -9999 -9999 -9999 -9999 -9999 -9999 -9999 -9999 -9999 -9999 -9999 -9999 1.36856E-1 1.39704E-1 1.38507E-1 1.34377E-1 1.26448E-1 1.14489E-1 9.38929E-2 8.73008E-2 4.10084E-2 4.55461E-3 7.41464E-3 4.62696E-3 1.23444E-2 1.46369E-2 1.7251E-2 2.21474E-2 1.64862E-2 1.64164E-2 1.41871E-2 1.37668E-2 1.26372E-2 8.21549E-3 4.44433E-3 6.27333E-3 7.14804E-3 5.66798E-3 4.1676E-3 5.03497E-3 5.63483E-3 5.83784E-3 5.15001E-3 4.24988E-3
-9999 -9999 -9999 -9999 -9999 -9999 -9999 -9999 -9999 -9999 -9999 -9999 -9999 -9999 -9999 -9999 -9999 -9999 -9999 -9999 -9999 -9999 -9999 -9999 -9999 -9999 -9999 -9999 -9999 -9999 -9999 -9999 -9999 -9999 -9999 -9999 -9999 -9999 -9999 1.25255E-1 1.24219E-1 1.22175E-1 1.21018E-1 1.15434E-1 1.07846E-1 8.43724E-2 8.05681E-2 2.05645E-2 3.76899E-3 1.43697E-2 1.8727E-2 3.15066E-2 2.23084E-2 1.97972E-2 2.14322E-2 2.07684E-2 1.86571E-2 1.38399E-2 1.25178E-2 1.09374E-2 1.18329E-2 4.24436E-3 5.87052E-3 3.32043E-3 4.40753E-3 4.99968E-3 5.35522E-3 6.45108E-3 6.47056E-3 5.71567E-3
