KUENM/Final_Models/M_0.1_F_lq_Set_2_NE/sp1_max.asc
ncols         197
nrows         210
xllcorner     56.1666666666667
yllcorner     4.5
cellsize      0.166666666666667
NODATA_value  -9999
[rows 0 to 27 of 210, columns 65 to 129 of 197]
-9999 -9999 -9999 -9999 -9999 -9999 -9999 -9999 -9999 -9999 -9999 -9999 -9999 -9999 -9999 -9999 -9999 -9999 -9999 -9999 -9999 -9999 -9999 -9999 -9999 -9999 -9999 -9999 -9999 1.45048E-6 1.58035E-7 5.97383E-7 8.8864E-8 2.62876E-8 3.71148E-9 3.39802E-10 2.21768E-10 5.12991E-9 7.68392E-10 1.65996E-10 -9999 -9999 -9999 -9999 -9999 -9999 -9999 -9999 -9999 -9999 -9999 -9999 -9999 -9999 -9999 -9999 -9999 -9999 -9999 -9999 -9999 -9999 -9999 -9999 -9999
-9999 -9999 -9999 -9999 -9999 -9999 -9999 -9999 -9999 -9999 -9999 -9999 -9999 -9999 -9999 -9999 -9999 -9999 -9999 -9999 -9999 -9999 -9999 1.4656E-5 4.04666E-6 6.391E-5 4.21745E-5 1.30411E-5 2.54556E-8 1.34504E-9 1.26452E-8 5.11725E-8 1.54607E-8 4.21411E-9 2.17537E-10 3.16861E-11 8.33533E-11 3.14124E-9 3.60589E-9 3.40902E-10 6.3501E-10 7.19579E-9 5.85066E-9 5.34796E-10 4.08341E-10 7.92578E-10 -9999 -9999 -9999 -9999 -9999 -9999 -9999 -9999 -9999 -9999 -9999 -9999 -9999 -9999 -9999 -9999 -9999 -9999 -9999
-9999 -9999 -9999 -9999 -9999 -9999 -9999 -9999 -9999 -9999 -9999 -9999 -9999 -9999 -9999 -9999 -9999 -9999 -9999 2.23844E-4 1.02768E-4 1.60836E-4 1.9168E-4 6.11405E-5 1.0416E-5 1.99267E-6 4.68597E-8 2.1413E-7 1.62901E-7 9.26603E-9 2.06955E-10 2.76681E-8 8.65466E-9 3.00481E-9 1.53065E-10 1.3946E-10 9.39388E-10 2.06472E-9 2.00276E-8 7.6697E-9 9.09894E-11 7.00993E-10 4.72015E-10 4.55865E-9 3.2082E-8 3.40201E-9 4.62593E-11 1.26992E-9 5.15714E-8 1.30194E-6 -9999 -9999 -9999 -9999 -9999 -9999 -9999 -9999 -9999 -9999 -9999 -9999 -9999 -9999 -9999
-9999 -9999 -9999 -9999 -9999 -9999 -9999 -9999 -9999 -9999 -9999 -9999 -9999 -9999 -9999 -9999 5.70589E-6 1.21837E-4 2.12002E-3 5.86938E-5 2.24664E-5 5.57536E-7 1.65085E-6 8.7064E-6 2.56532E-6 3.59398E-8 1.12985E-7 2.18115E-7 5.08018E-10 1.05781E-10 1.38233E-11 3.79106E-9 1.52739E-10 1.92936E-10 1.78069E-9 3.04523E-10 7.47216E-10 8.71597E-9 1.16749E-8 1.61088E-9 1.88753E-10 2.32491E-10 1.6053E-9 3.21069E-9 4.20471E-9 8.85357E-9 1.77543E-9 4.87682E-10 1.73796E-10 6.41362E-8 1.7534E-6 6.13653E-6 2.44947E-5 -9999 -9999 -9999 -9999 -9999 -9999 -9999 -9999 -9999 -9999 -9999 -9999
-9999 -9999 -9999 -9999 -9999 -9999 -9999 -9999 -9999 -9999 -9999 -9999 -9999 -9999 1.32317E-4 5.81018E-5 9.11412E-4 2.22314E-4 2.41542E-5 1.31313E-4 4.62422E-5 4.18882E-5 3.2336E-5 1.57253E-6 1.62328E-7 2.58186E-6 2.18697E-8 4.03119E-8 1.61084E-8 8.95162E-9 1.46048E-8 3.0417E-10 1.20234E-10 1.51664E-9 1.33483E-9 1.3139E-9 4.2911E-9 7.73715E-9 3.35135E-9 1.03204E-9 3.41596E-10 7.21554E-10 5.14766E-10 6.9029E-10 2.50595E-10 3.88368E-10 9.67805E-10 2.90582E-8 6.38569E-10 1.96921E-8 5.68044E-8 3.66165E-7 8.7633E-7 5.19436E-6 7.02552E-5 -9999 -9999 -9999 -9999 -9999 -9999 -9999 -9999 -9999 -9999
-9999 -9999 -9999 -9999 -9999 -9999 -9999 -9999 -9999 -9999 -9999 -9999 2.59505E-2 4.82587E-3 6.15934E-4 1.77158E-4 3.45092E-4 8.20095E-4 1.17554E-4 4.93525E-5 1.45266E-5 2.32788E-6 3.47736E-6 2.9888E-6 4.8E-7 2.69557E-8 4.67578E-9 7.93623E-9 1.84918E-6 6.09837E-7 1.87012E-8 1.1513E-10 0E0 9.80031E-10 2.88195E-8 9.67972E-9 3.28435E-8 9.39026E-10 1.91436E-10 6.06015E-10 8.8922E-10 9.17335E-10 1.46332E-9 1.54316E-9 1.59187E-9 4.33342E-10 3.8827E-10 3.01022E-9 4.01291E-10 4.36719E-12 2.88682E-10 5.52333E-9 3.16923E-9 2.73944E-8 4.41871E-6 3.27162E-5 8.12316E-5 -9999 -9999 -9999 -9999 -9999 -9999 -9999 -9999
-9999 -9999 -9999 -9999 -9999 -9999 -9999 -9999 -9999 -9999 3.88235E-2 2.16194E-2 2.02286E-2 2.03464E-2 7.40807E-3 3.75178E-3 5.65633E-3 2.02276E-3 7.9179E-4 9.51643E-5 4.96577E-6 4.37435E-6 8.44624E-5 1.11433E-4 4.92547E-5 9.13753E-7 8.90912E-7 3.322E-6 2.66252E-7 1.71778E-7 5.03939E-8 1.1749E-9 1.22872E-8 4.67501E-8 1.98413E-8 6.25798E-9 5.95519E-9 3.87246E-10 1.09738E-10 2.35991E-10 2.7419E-10 1.57018E-9 5.52254E-9 3.34063E-9 3.76252E-9 1.70223E-9 3.79256E-10 5.30234E-10 4.91532E-9 1.33172E-10 1.46886E-10 1.86284E-9 1.63793E-8 6.64367E-8 3.99408E-8 1.39854E-6 6.30108E-6 3.82592E-5 9.43106E-5 -9999 -9999 -9999 -9999 -9999 -9999
-9999 -9999 -9999 -9999 -9999 -9999 -9999 -9999 2.44379E-2 1.37035E-2 2.85127E-2 6.45608E-2 3.95784E-2 1.27642E-2 1.56552E-2 2.45448E-2 1.46449E-2 8.06486E-3 1.7523E-3 6.52275E-5 4.18343E-6 1.4361E-4 6.04657E-7 5.84667E-6 6.6139E-8 9.02123E-6 2.73675E-5 7.30049E-7 8.3641E-8 5.32829E-8 2.03112E-8 5.23171E-7 1.77141E-7 6.91735E-8 1.3951E-8 1.34056E-8 4.99329E-9 3.44114E-9 5.30392E-9 1.39898E-9 8.84119E-10 2.26944E-9 9.84603E-9 4.80268E-9 1.22768E-9 4.52467E-10 7.69419E-10 2.97931E-9 4.53731E-12 3.2635E-11 3.58476E-11 6.97549E-10 3.92101E-9 2.28966E-8 1.57223E-8 1.09008E-7 4.30181E-7 1.09814E-5 4.21388E-5 9.60107E-5 1.29708E-4 -9999 -9999 -9999 -9999
-9999 -9999 -9999 -9999 -9999 -9999 -9999 1.58973E-2 2.41134E-2 2.0787E-2 5.29875E-2 5.18853E-2 3.2316E-2 5.14366E-2 4.68961E-2 3.97088E-2 3.01643E-2 2.16055E-2 9.55773E-4 3.17035E-4 2.10645E-4 6.24967E-6 5.51819E-8 8.84946E-8 2.4094E-8 5.54244E-6 9.28646E-7 2.4267E-7 2.27804E-7 1.48315E-6 6.98092E-7 1.13866E-7 5.02081E-9 2.94394E-9 1.67994E-9 2.91347E-9 5.58079E-10 8.8059E-10 9.10947E-10 3.61913E-9 5.62872E-9 1.17225E-8 4.27932E-9 1.07428E-8 1.02204E-8 6.94301E-9 6.73336E-10 7.33914E-10 1.27187E-8 9.11745E-10 1.58249E-10 1.58205E-9 2.85558E-8 1.13718E-7 6.07847E-7 2.07119E-6 6.56125E-7 6.57752E-6 1.56564E-5 8.54398E-5 1.12631E-4 1.26258E-4 -9999 -9999 -9999
-9999 -9999 -9999 -9999 -9999 -9999 8.5277E-3 2.48092E-2 8.64787E-3 3.16748E-2 4.19709E-2 4.18448E-2 4.11965E-2 5.19136E-2 3.80236E-2 5.99083E-2 6.16379E-2 1.30158E-2 9.98843E-4 3.63822E-3 4.56306E-6 1.0277E-5 1.93056E-6 7.32664E-8 2.08479E-6 3.4765E-5 6.19159E-6 1.26238E-5 8.25652E-7 3.08417E-7 8.88087E-9 2.16122E-9 8.69928E-10 2.16569E-9 3.68832E-9 6.21266E-9 6.31449E-10 8.2002E-10 1.27428E-9 2.31223E-9 1.49599E-9 2.41766E-9 2.90286E-9 2.8702E-9 1.92E-9 5.71399E-9 2.02198E-9 2.18545E-10 1.72126E-8 4.38228E-8 4.53425E-9 5.58193E-10 7.42866E-8 2.00877E-8 3.44229E-7 6.85325E-6 4.28883E-6 2.88737E-5 4.95906E-5 7.29406E-5 9.34524E-5 1.26258E-4 1.27973E-4 -9999 -9999
-9999 -9999 -9999 -9999 1.91807E-2 1.39792E-2 1.3181E-2 2.02815E-2 1.90339E-2 2.89812E-2 3.56985E-2 3.79608E-2 4.1645E-2 4.83144E-2 5.27982E-2 6.40597E-2 4.37367E-2 5.97645E-3 3.36426E-4 6.09208E-3 4.99547E-5 2.91978E-6 6.55906E-7 2.27422E-6 1.0594E-5 1.36265E-7 6.87241E-8 7.20507E-6 3.00751E-8 2.02093E-7 1.20798E-7 1.14852E-7 8.74414E-8 3.74977E-8 1.29404E-8 4.4877E-8 2.57398E-8 2.56647E-8 6.54958E-9 4.58899E-9 6.29026E-9 2.41766E-9 1.30719E-9 1.68245E-9 1.96363E-9 2.71355E-9 3.20636E-9 1.17734E-10 4.02928E-10 9.49188E-8 2.67454E-8 2.45319E-8 1.36635E-8 3.74118E-8 2.20646E-8 6.3939E-8 9.27007E-7 1.06749E-5 1.80092E-5 2.99137E-5 3.43414E-5 6.47836E-5 8.42948E-5 9.4724E-5 1.07785E-4
-9999 -9999 -9999 1.5812E-2 1.66897E-2 1.41119E-2 1.98289E-2 1.93167E-2 2.72415E-2 3.29839E-2 3.49852E-2 3.89902E-2 3.34907E-2 3.99533E-2 5.6607E-2 6.44683E-2 5.42364E-2 3.74036E-2 1.12827E-2 7.43155E-3 6.65807E-4 7.27209E-5 2.85505E-6 1.42995E-5 3.59614E-6 1.13067E-7 1.03262E-6 3.09474E-6 2.47254E-6 3.92022E-8 3.99919E-9 2.73862E-9 1.10799E-8 2.75785E-8 2.56626E-9 1.66731E-8 1.37261E-8 3.71041E-9 6.75581E-10 7.52186E-10 1.22871E-9 7.77238E-10 1.45636E-9 1.96608E-9 1.98759E-9 8.28646E-10 2.26392E-9 4.50082E-10 1.04227E-10 2.85928E-9 1.26733E-8 7.90881E-9 1.61607E-9 1.20172E-9 9.30051E-9 1.19707E-8 8.3266E-8 1.14348E-6 4.66754E-6 4.06179E-6 2.84841E-5 4.33229E-5 4.66731E-5 4.18778E-5 4.24496E-5
-9999 -9999 1.53245E-2 1.55487E-2 1.76332E-2 1.28594E-2 2.19995E-2 1.89931E-2 2.70819E-2 3.53504E-2 3.49768E-2 3.51278E-2 3.57201E-2 3.17681E-2 6.04515E-2 6.31257E-2 4.03646E-2 3.85394E-3 2.60616E-3 3.61444E-4 5.98842E-5 5.2923E-5 1.83546E-5 1.82049E-5 4.2423E-6 4.24917E-7 4.55074E-6 8.91447E-6 2.97246E-7 1.07657E-8 1.99191E-8 1.03015E-7 1.86144E-7 2.14682E-8 4.59593E-9 4.40411E-9 8.69419E-9 1.74993E-8 9.38186E-9 4.91772E-9 3.43762E-9 1.83369E-9 9.06902E-10 3.47359E-10 9.68406E-10 1.29337E-9 3.1661E-9 7.95038E-10 1.11191E-10 1.98627E-10 8.64968E-9 2.3879E-10 2.44709E-9 5.23121E-9 4.6524E-9 9.28799E-8 7.4756E-9 4.55454E-7 2.14699E-6 9.85323E-6 5.7392E-6 1.37042E-5 2.21226E-5 2.54584E-5 2.51148E-5
-9999 1.42603E-2 1.49066E-2 1.8683E-2 1.93786E-2 1.56986E-2 2.45129E-2 2.20528E-2 3.4111E-2 3.73499E-2 4.25668E-2 4.97117E-2 5.39741E-2 4.28233E-2 5.53607E-2 5.10156E-2 2.60449E-2 2.00709E-3 3.08155E-3 4.55509E-3 6.79556E-3 1.11665E-3 6.05446E-5 3.67E-5 6.4227E-6 1.72097E-7 2.4183E-6 7.9238E-7 6.90189E-7 4.24613E-7 5.77738E-7 1.93876E-7 2.78966E-8 5.92666E-9 1.63358E-8 3.53129E-8 1.10957E-8 1.35251E-9 2.60153E-10 5.989E-10 4.87321E-10 2.68285E-10 8.21487E-10 1.80405E-9 3.54135E-10 5.70623E-11 6.39097E-11 4.10158E-11 7.3923E-11 5.0643E-10 1.62918E-8 1.88346E-10 6.95455E-10 6.20488E-8 1.95227E-7 1.91785E-8 1.82784E-9 2.79547E-8 1.99773E-6 2.17646E-6 3.10908E-6 3.33651E-6 3.53123E-6 5.07031E-6 4.35467E-6
1.53693E-2 1.5229E-2 1.66327E-2 1.79154E-2 2.07055E-2 1.71986E-2 2.50362E-2 2.63057E-2 3.15911E-2 3.7059E-2 4.02967E-2 3.66888E-2 4.79995E-2 5.56962E-2 5.61496E-2 4.91802E-2 1.52544E-2 3.87368E-3 1.60876E-2 9.70826E-3 3.12558E-3 5.27527E-3 1.24389E-3 1.58123E-4 1.98551E-5 8.32327E-6 3.65888E-6 1.4064E-7 1.12523E-8 7.52886E-8 7.50017E-9 4.50918E-9 1.29076E-8 5.58514E-8 1.40169E-7 3.21418E-9 5.71537E-10 4.51407E-10 2.55405E-9 4.2534E-9 2.19047E-9 3.82407E-9 1.56004E-9 1.71477E-10 4.96358E-11 5.70623E-11 1.4777E-10 3.93044E-10 1.93762E-10 5.72705E-11 1.65863E-9 3.45344E-10 9.44253E-11 1.48547E-8 1.90203E-9 2.9445E-9 7.37609E-9 4.27442E-8 8.36978E-7 3.00605E-7 2.2546E-7 7.1637E-8 4.72125E-7 1.99904E-7 4.04711E-7
1.73338E-2 1.68009E-2 1.83303E-2 1.89161E-2 2.02891E-2 2.23055E-2 2.50187E-2 2.71043E-2 3.01208E-2 3.56275E-2 4.0583E-2 3.7573E-2 4.44042E-2 4.39735E-2 4.05913E-2 3.19556E-2 3.57449E-2 1.90234E-2 3.27147E-2 7.4857E-3 1.54467E-3 5.34142E-5 2.25578E-4 1.01298E-3 7.15619E-5 1.35802E-7 3.0752E-7 6.11494E-7 1.80362E-9 5.89995E-9 2.66193E-7 1.58341E-6 1.41787E-7 1.24072E-8 2.05081E-8 2.26232E-8 2.28088E-8 5.31889E-9 1.13143E-7 4.65901E-9 1.56132E-9 1.69719E-9 1.78669E-10 1.42914E-10 1.78791E-10 1.74974E-10 3.02177E-10 1.02532E-10 2.99593E-10 5.42881E-11 1.42385E-11 2.16226E-10 6.04689E-11 2.29633E-8 1.75541E-9 2.78551E-10 8.82868E-10 7.71198E-10 1.9816E-8 5.5849E-8 5.20816E-8 3.43748E-9 2.84478E-8 8.13127E-9 4.39619E-9
1.79386E-2 1.81309E-2 1.41704E-2 1.63986E-2 1.84394E-2 2.25236E-2 2.21761E-2 2.68669E-2 2.19237E-2 2.28438E-2 4.19859E-2 4.94084E-2 4.23055E-2 3.42715E-2 4.51239E-2 3.81639E-2 1.51834E-2 3.84965E-3 8.6472E-3 8.75543E-4 1.42372E-4 3.43777E-6 1.24469E-5 3.41535E-4 3.65531E-5 4.1226E-8 2.01246E-7 2.22085E-5 1.19697E-7 2.44435E-6 8.02499E-8 9.76872E-10 1.07297E-9 7.83364E-8 2.19636E-8 7.6383E-8 1.11035E-8 4.4095E-9 1.02333E-8 2.3171E-9 5.69256E-10 1.11752E-9 2.55175E-9 9.46302E-10 1.11304E-9 1.62028E-9 3.9726E-8 4.65098E-9 2.4827E-10 7.09465E-11 1.76074E-11 1.02086E-11 1.09975E-10 8.21595E-11 1.52536E-8 1.90433E-11 1.9086E-11 1.58998E-10 1.93961E-10 8.37139E-10 1.82701E-9 9.46727E-10 1.14374E-9 8.84472E-10 2.78528E-11
7.01639E-3 2.0411E-3 1.14697E-3 2.49336E-3 5.6116E-3 6.36704E-3 9.93589E-3 1.39772E-2 1.92233E-2 1.81096E-2 2.32249E-2 4.10509E-2 3.51659E-2 1.87151E-2 2.74663E-2 1.33259E-2 7.02543E-3 3.84073E-3 1.74981E-5 8.34039E-4 1.30428E-5 1.20914E-7 3.22839E-5 1.68783E-4 1.93805E-6 9.55975E-7 8.32388E-6 7.40558E-8 1.07628E-7 2.24425E-9 2.50536E-10 1.21006E-8 2.06452E-6 3.59445E-7 1.16822E-7 1.82839E-7 3.09327E-8 7.29122E-8 2.57322E-7 1.09155E-8 1.60659E-7 6.34804E-8 6.62443E-8 4.91063E-10 8.48707E-11 1.00033E-9 2.71358E-8 4.1691E-8 4.49249E-10 6.21148E-11 3.76591E-11 7.95925E-12 3.99847E-12 1.37359E-9 7.04187E-9 5.95801E-9 1.92733E-9 5.2944E-12 2.41591E-11 2.9745E-11 5.23679E-11 1.76519E-11 5.7755E-12 6.97539E-12 1.58909E-11
1.7435E-3 1.02013E-4 1.69729E-4 1.42999E-3 3.9463E-3 6.14684E-3 4.47145E-3 5.60331E-3 1.1484E-2 1.60802E-2 2.05722E-2 2.38354E-2 1.7451E-2 1.78805E-2 1.15328E-2 1.39434E-3 9.27987E-6 2.59457E-4 1.24778E-6 8.30592E-7 2.98853E-8 4.39817E-9 3.56202E-5 3.48581E-7 1.9815E-8 2.57197E-7 1.38551E-7 9.06069E-9 4.14266E-10 7.47924E-10 1.88455E-7 1.64606E-6 2.22342E-5 2.87472E-6 2.43573E-7 8.31915E-9 3.28549E-8 7.71608E-7 2.06723E-6 2.48843E-8 2.23644E-7 1.0108E-6 2.16537E-9 1.05486E-7 3.33223E-9 1.101E-9 2.25111E-9 1.24488E-7 3.62352E-10 9.01628E-10 3.88881E-9 7.48423E-11 4.35929E-11 1.28008E-10 7.04543E-10 3.90362E-11 1.08354E-10 4.25393E-10 1.25602E-9 1.28504E-10 3.3203E-10 1.36487E-10 1.13213E-10 1.04119E-11 6.2552E-11
2.19405E-3 8.50262E-4 5.05005E-4 7.06275E-4 2.2465E-3 3.53757E-3 3.21927E-3 3.88673E-3 6.75589E-3 1.2857E-2 2.05991E-2 1.99519E-2 1.63434E-2 1.03367E-2 1.66737E-5 1.54954E-4 2.1495E-8 4.02313E-5 8.12381E-6 2.52543E-8 1.43125E-10 2.60308E-8 1.14116E-6 1.00246E-9 6.85081E-9 1.21752E-8 5.75664E-9 1.78142E-7 5.12421E-8 1.37952E-8 1.57191E-5 1.0623E-4 8.26346E-6 1.19075E-6 1.04585E-7 1.5966E-7 8.83302E-8 6.42461E-7 3.26792E-6 2.84596E-6 3.30835E-5 9.7416E-8 2.79648E-8 2.3688E-6 1.80665E-6 1.71386E-6 1.18826E-6 1.48107E-8 5.95559E-11 2.71043E-12 6.94035E-11 6.63989E-11 6.16917E-11 2.04465E-11 3.85346E-12 2.47216E-10 9.53656E-12 7.89491E-11 1.2253E-10 6.59384E-11 1.58909E-11 9.48504E-12 1.54796E-11 1.13213E-10 2.32265E-11
1.79719E-3 1.04768E-3 3.67659E-4 3.43778E-4 3.28277E-4 2.30945E-4 1.10033E-3 1.42288E-3 2.12016E-3 1.45082E-2 1.61703E-2 1.62575E-2 2.00374E-2 3.12832E-3 1.15311E-4 2.2707E-3 1.13841E-5 4.04943E-8 1.17964E-7 2.82566E-7 1.17023E-9 1.5783E-8 1.10471E-6 8.36199E-8 5.0841E-9 1.36864E-8 1.56794E-7 3.12168E-6 2.70875E-5 1.33147E-5 1.22324E-4 3.23864E-8 6.10673E-7 1.67662E-7 2.12819E-7 1.82061E-7 3.55619E-7 1.67901E-7 1.27981E-7 3.19452E-8 5.95721E-7 1.10186E-5 1.42617E-5 7.58059E-5 4.73567E-8 2.19311E-8 6.17489E-10 2.60693E-10 9.1551E-10 5.55485E-10 5.50905E-11 1.31633E-11 3.49131E-12 9.75132E-12 9.83635E-12 1.25729E-11 5.73425E-10 9.54356E-11 8.9485E-12 1.85972E-11 1.72915E-12 9.60967E-12 1.28692E-11 6.92478E-11 8.48043E-11
2.93973E-4 5.73362E-4 3.89291E-4 5.7633E-5 1.71013E-5 1.55646E-4 6.01727E-4 1.70382E-4 1.84699E-3 1.57721E-2 1.5457E-2 1.18542E-2 4.4136E-3 9.25946E-4 9.21131E-6 2.9852E-4 1.12068E-6 1.79421E-9 3.92805E-9 4.02843E-10 1.70034E-8 1.78877E-7 7.23383E-9 1.50413E-7 4.80765E-10 2.53044E-7 3.09071E-7 2.23779E-6 5.59355E-4 1.45344E-4 2.22913E-6 1.78272E-8 4.30616E-8 1.47186E-8 2.46657E-8 3.0046E-8 2.01348E-8 8.78286E-8 2.68011E-7 1.88928E-7 1.03479E-7 6.67416E-8 2.86694E-7 9.44903E-5 2.84148E-4 2.72104E-6 2.42108E-6 5.88125E-10 1.4004E-9 1.41462E-8 9.71821E-9 3.82099E-10 1.27221E-10 1.81941E-10 1.40639E-11 5.21308E-12 1.96634E-12 1.65385E-12 7.03937E-11 1.28453E-11 1.45803E-12 1.72915E-12 2.01222E-11 7.11008E-11 1.56841E-11
6.40073E-5 6.20772E-5 5.17367E-5 2.50293E-5 7.41951E-5 1.87189E-4 3.33202E-5 5.9318E-6 8.67827E-4 6.5585E-3 1.25867E-2 5.98967E-3 1.67593E-3 5.51997E-4 7.28051E-5 6.15968E-8 2.32462E-9 1.51886E-9 7.27803E-9 2.02466E-9 4.99867E-10 8.21021E-10 2.29408E-8 1.27907E-9 1.21461E-8 4.83316E-7 2.06001E-6 2.8156E-6 6.06195E-3 1.09195E-5 2.1731E-6 3.76089E-8 1.59209E-7 3.85566E-7 2.37006E-7 6.80625E-7 3.06723E-7 8.94641E-7 1.68563E-5 8.38368E-6 2.27731E-6 8.16173E-6 1.47317E-7 9.47056E-8 9.4117E-7 7.58404E-4 3.52942E-5 5.99659E-8 3.21319E-8 3.77785E-9 1.06448E-7 4.20713E-8 3.26761E-9 7.82121E-9 9.0706E-11 4.38173E-10 5.4569E-11 3.71294E-12 1.04776E-11 1.30119E-11 5.22719E-12 1.43959E-12 0E0 4.90203E-12 2.17649E-11
1.83001E-6 8.85755E-6 2.71391E-6 9.04974E-6 2.156E-5 2.96833E-5 2.86083E-6 2.98526E-5 1.76031E-3 5.50013E-3 9.00628E-3 7.16269E-3 1.96378E-3 6.55779E-4 3.81279E-5 3.63723E-7 2.29418E-8 1.23031E-6 1.47966E-8 2.75881E-9 2.71911E-8 2.07293E-9 1.15287E-9 6.28662E-9 2.99729E-8 9.80099E-6 3.24948E-6 1.53668E-5 1.29393E-2 1.2743E-4 2.62133E-6 8.10093E-6 7.66912E-6 1.8309E-5 2.80351E-6 3.08538E-5 2.70673E-6 1.3223E-5 1.11404E-3 5.92543E-3 3.72475E-3 2.62327E-3 1.25714E-4 2.01831E-6 1.17959E-7 3.07742E-4 1.53743E-6 1.88326E-7 1.6584E-6 1.56944E-6 1.32045E-7 1.19981E-6 3.08118E-9 5.40444E-10 7.60708E-10 3.54065E-11 2.54512E-10 3.66708E-12 1.89451E-12 3.87258E-12 1.57299E-12 1.86653E-12 1.15232E-12 7.44326E-12 1.09695E-11
2.03947E-6 9.45091E-7 2.93838E-6 4.6228E-6 3.42039E-5 2.35907E-5 6.37173E-5 1.42427E-3 4.05404E-4 3.62951E-5 2.50278E-6 1.5515E-6 2.42104E-7 9.24779E-9 3.38293E-9 1.97039E-7 1.94485E-6 6.90561E-9 4.61619E-8 2.70646E-7 4.13754E-8 1.12273E-8 5.69104E-8 4.5653E-7 8.4446E-8 2.01152E-5 2.04045E-3 7.52893E-3 3.59393E-3 3.70464E-5 1.4796E-3 3.09515E-4 8.59403E-6 8.20795E-5 6.11955E-7 2.77269E-4 1.46991E-3 2.19047E-2 4.53735E-5 2.87625E-5 4.30365E-4 5.87716E-3 1.21145E-2 4.11249E-3 7.76067E-4 7.63618E-6 7.62045E-7 3.99202E-7 4.87404E-9 2.36524E-9 1.82131E-6 3.49537E-6 6.7159E-6 1.45849E-9 1.66363E-9 2.99593E-10 2.79915E-9 3.95858E-10 1.34551E-10 4.93616E-12 3.95594E-11 0E0 0E0 9.09933E-12 9.09933E-12
1.48883E-6 1.10158E-6 1.27615E-6 2.8833E-5 3.55346E-5 2.22049E-4 1.64501E-4 6.88606E-5 4.79771E-7 7.17024E-8 2.95149E-9 2.16541E-8 5.44881E-7 1.01211E-4 1.49287E-4 3.00167E-6 1.58528E-7 2.73376E-9 6.55438E-7 9.31545E-5 5.11273E-6 3.84443E-8 4.0555E-6 2.39806E-5 6.12577E-6 7.50021E-5 4.89163E-3 9.79859E-3 1.66092E-4 4.35032E-3 1.18191E-3 1.61431E-5 2.56272E-5 1.08447E-3 2.74285E-6 3.28902E-5 1.38757E-3 9.86772E-3 2.47422E-5 1.60137E-6 1.76965E-6 3.28334E-6 3.05367E-5 1.92268E-5 9.73129E-8 9.32019E-10 8.362E-7 1.19864E-6 1.56313E-8 3.04595E-9 5.43961E-9 3.36684E-6 1.75976E-7 1.37E-6 8.4052E-8 1.80278E-7 4.82946E-7 1.44694E-7 2.89618E-9 9.56461E-11 2.78611E-11 4.09376E-10 3.92219E-12 1.89031E-12 3.95594E-11
6.28641E-7 2.2638E-7 1.12843E-6 5.80664E-6 6.41906E-6 6.23582E-6 8.59282E-6 2.10421E-7 1.55583E-7 2.04861E-7 1.53186E-5 1.81553E-4 1.03106E-3 2.50691E-2 9.09736E-3 1.09621E-4 5.44881E-7 7.80518E-7 1.49351E-6 3.98023E-4 1.66405E-3 6.61146E-5 4.69658E-4 2.963E-3 1.76015E-5 7.70421E-3 2.11932E-2 8.53942E-4 3.15968E-3 4.15581E-3 5.87071E-3 1.20238E-3 8.17622E-3 2.33068E-3 1.34213E-4 2.14793E-2 1.05233E-2 6.17415E-5 2.8647E-6 6.026E-7 1.08319E-6 5.5103E-7 3.52954E-7 1.66332E-7 1.85437E-8 1.51234E-8 1.06043E-6 1.20103E-7 8.74138E-8 6.3806E-9 1.58289E-8 8.79789E-9 3.54885E-9 3.00661E-7 2.3267E-7 1.82967E-9 5.40251E-8 2.26392E-9 1.05463E-9 1.24579E-10 1.7632E-11 8.98944E-10 6.53019E-11 5.06286E-12 2.60825E-11
3.32407E-7 6.28641E-7 6.7807E-7 1.5977E-6 1.23254E-6 3.28994E-6 9.11746E-6 4.99231E-6 1.58453E-5 9.73176E-5 1.63816E-4 5.12679E-5 1.53652E-3 2.32583E-2 2.17397E-2 2.65636E-2 2.24293E-3 1.07248E-5 1.29661E-2 1.78098E-3 7.8155E-2 1.24243E-4 2.53767E-3 2.85298E-2 5.53066E-2 8.16055E-2 1.45027E-2 4.81606E-2 4.60914E-2 2.58607E-2 4.94192E-3 6.85884E-3 2.75541E-2 3.97134E-3 6.74867E-3 1.91235E-2 7.58117E-4 2.59613E-5 2.93554E-6 7.25978E-6 8.1692E-6 1.33015E-6 1.19264E-6 5.46098E-6 5.33207E-6 2.60902E-7 1.22302E-7 5.30319E-7 6.52474E-8 4.1025E-8 5.81152E-8 4.18352E-9 6.81354E-10 1.0209E-9 2.17066E-8 1.44712E-7 6.57065E-10 2.41513E-8 4.55517E-8 9.83201E-10 4.25489E-10 7.90702E-11 5.87661E-9 8.11184E-11 2.0385E-12
