KUENM/Final_Models/M_0.1_F_lq_Set_2_NE/sp1_0_se_asia.asc
ncols         320
nrows         243
xllcorner     44.0
yllcorner     -0.666666666666667
cellsize      0.166666666666667
NODATA_value  -9999
[rows 0 to 30 of 243, columns 0 to 69 of 320]
-9999 -9999 -9999 1.70786E-3 -9999 -9999 -9999 -9999 -9999 -9999 -9999 -9999 -9999 -9999 -9999 -9999 -9999 -9999 -9999 -9999 -9999 -9999 -9999 -9999 -9999 -9999 -9999 -9999 -9999 -9999 -9999 -9999 -9999 -9999 -9999 -9999 -9999 -9999 -9999 -9999 -9999 -9999 -9999 -9999 -9999 -9999 -9999 -9999 -9999 -9999 -9999 -9999 -9999 -9999 -9999 -9999 -9999 -9999 -9999 -9999 -9999 -9999 -9999 -9999 -9999 -9999 -9999 -9999 -9999 -9999
-9999 -9999 -9999 5.27138E-4 1.99374E-3 -9999 -9999 -9999 -9999 -9999 -9999 -9999 -9999 -9999 -9999 -9999 -9999 -9999 -9999 -9999 -9999 -9999 7.80653E-3 5.88385E-3 6.37676E-3 -9999 -9999 -9999 -9999 -9999 -9999 -9999 -9999 -9999 -9999 -9999 -9999 -9999 -9999 -9999 -9999 -9999 -9999 -9999 -9999 -9999 -9999 -9999 -9999 -9999 -9999 -9999 -9999 -9999 -9999 -9999 -9999 -9999 -9999 -9999 -9999 -9999 -9999 -9999 -9999 -9999 -9999 -9999 -9999 -9999
-9999 -9999 3.65133E-4 3.6877E-4 6.55259E-4 2.57028E-3 -9999 -9999 -9999 -9999 -9999 -9999 -9999 -9999 -9999 -9999 -9999 -9999 -9999 -9999 1.34165E-2 1.0434E-2 9.00022E-3 8.39286E-3 9.01283E-3 1.19224E-2 -9999 -9999 -9999 -9999 -9999 -9999 -9999 -9999 -9999 -9999 -9999 -9999 -9999 -9999 -9999 -9999 -9999 -9999 -9999 -9999 -9999 -9999 -9999 -9999 -9999 -9999 -9999 -9999 -9999 -9999 -9999 -9999 -9999 -9999 -9999 -9999 -9999 -9999 -9999 -9999 -9999 -9999 -9999 -9999
1.51117E-5 2.95918E-5 7.5945E-5 3.49855E-4 1.82721E-3 2.52464E-3 3.37474E-3 -9999 -9999 -9999 -9999 -9999 -9999 -9999 -9999 -9999 -9999 -9999 1.67693E-2 1.25057E-2 1.13776E-2 1.06177E-2 7.26814E-3 8.13854E-3 1.14259E-2 -9999 -9999 -9999 -9999 -9999 -9999 -9999 -9999 -9999 -9999 -9999 -9999 -9999 -9999 -9999 -9999 -9999 -9999 -9999 -9999 -9999 -9999 -9999 -9999 -9999 -9999 -9999 -9999 -9999 -9999 -9999 -9999 -9999 -9999 -9999 -9999 -9999 -9999 -9999 -9999 -9999 -9999 -9999 -9999 -9999
-9999 7.37938E-6 8.51579E-5 7.29286E-5 1.50425E-4 1.04008E-3 2.13224E-3 2.53852E-3 -9999 -9999 -9999 -9999 -9999 -9999 -9999 -9999 -9999 1.05644E-2 6.20252E-3 6.42986E-3 8.2294E-3 9.91322E-3 6.07747E-3 6.93668E-3 9.20049E-3 1.32385E-2 -9999 -9999 -9999 -9999 -9999 -9999 -9999 -9999 -9999 -9999 -9999 -9999 -9999 -9999 -9999 -9999 -9999 -9999 -9999 -9999 -9999 -9999 -9999 -9999 -9999 -9999 -9999 -9999 -9999 -9999 -9999 -9999 -9999 -9999 -9999 -9999 -9999 -9999 -9999 -9999 -9999 -9999 -9999 -9999
-9999 1.16218E-5 2.01645E-5 2.97176E-5 1.8014E-4 6.58953E-4 1.59173E-3 1.09587E-3 1.04555E-3 3.96852E-3 4.45051E-3 -9999 -9999 -9999 -9999 -9999 3.43766E-3 1.35968E-3 1.36797E-3 7.81638E-4 3.19412E-3 3.73155E-3 1.16678E-3 7.20494E-4 -9999 -9999 -9999 -9999 -9999 -9999 -9999 -9999 -9999 -9999 -9999 -9999 -9999 -9999 -9999 -9999 -9999 -9999 -9999 -9999 -9999 -9999 -9999 -9999 -9999 -9999 -9999 -9999 -9999 -9999 -9999 -9999 -9999 -9999 -9999 -9999 -9999 -9999 -9999 -9999 -9999 -9999 -9999 -9999 -9999 -9999
-9999 -9999 5.29608E-6 3.98733E-5 6.63647E-5 2.55623E-4 1.22754E-3 2.73728E-3 1.37294E-3 6.51932E-4 1.44873E-4 2.13145E-4 1.41099E-3 2.75997E-3 5.315E-4 4.25905E-4 1.24229E-4 6.52826E-5 3.9693E-4 2.71604E-4 2.26471E-3 2.14459E-3 7.71053E-4 9.09371E-4 1.76699E-4 -9999 -9999 -9999 -9999 -9999 -9999 -9999 -9999 -9999 -9999 -9999 -9999 -9999 -9999 -9999 -9999 -9999 -9999 -9999 -9999 -9999 -9999 -9999 -9999 -9999 -9999 -9999 -9999 -9999 -9999 -9999 -9999 -9999 -9999 -9999 -9999 -9999 -9999 -9999 -9999 -9999 -9999 -9999 -9999 -9999
-9999 -9999 6.61012E-6 7.03486E-6 2.40491E-4 1.56387E-3 2.05735E-3 2.45685E-3 1.53431E-3 1.32588E-3 9.29363E-4 5.44401E-5 3.34921E-5 6.07289E-4 3.11066E-4 2.49855E-4 2.13295E-4 2.6636E-4 2.79606E-4 4.89684E-4 1.89995E-3 4.86896E-3 3.03062E-3 2.13254E-3 6.31872E-4 2.26163E-4 9.21614E-5 -9999 -9999 -9999 -9999 -9999 -9999 -9999 -9999 -9999 -9999 -9999 -9999 -9999 -9999 -9999 -9999 -9999 -9999 -9999 -9999 -9999 -9999 -9999 -9999 -9999 -9999 -9999 -9999 -9999 -9999 -9999 -9999 -9999 -9999 -9999 -9999 -9999 -9999 -9999 -9999 -9999 -9999 -9999
-9999 -9999 2.09592E-5 2.19898E-5 2.3633E-4 1.65129E-3 7.69892E-4 2.40393E-4 7.06678E-4 6.72853E-4 9.5656E-4 6.94123E-4 2.20191E-4 1.01499E-4 4.35139E-5 1.03826E-4 2.00623E-4 4.77004E-4 4.84574E-4 7.11728E-4 2.12547E-3 2.17329E-3 3.30269E-4 6.67828E-5 2.93466E-4 4.28541E-4 3.9112E-4 -9999 5.69042E-3 -9999 -9999 -9999 -9999 -9999 -9999 -9999 -9999 -9999 -9999 -9999 -9999 -9999 -9999 -9999 -9999 -9999 -9999 -9999 -9999 -9999 -9999 -9999 -9999 -9999 -9999 -9999 -9999 -9999 -9999 -9999 -9999 -9999 -9999 -9999 -9999 -9999 -9999 -9999 -9999 -9999
-9999 -9999 8.81066E-6 7.4391E-5 8.1045E-4 1.44713E-3 1.58453E-3 1.79627E-3 1.0893E-3 1.83239E-4 2.15512E-4 1.2264E-3 1.13062E-3 9.7252E-4 3.79511E-4 4.42653E-4 3.61617E-4 7.83331E-4 1.83239E-4 4.09325E-5 2.71366E-5 1.33102E-5 5.56366E-7 1.069E-6 1.50306E-4 4.42592E-4 6.53406E-4 6.73271E-4 7.44542E-3 -9999 -9999 -9999 -9999 -9999 -9999 -9999 -9999 -9999 -9999 -9999 -9999 -9999 -9999 -9999 -9999 -9999 -9999 -9999 -9999 -9999 -9999 -9999 -9999 -9999 -9999 -9999 -9999 -9999 -9999 -9999 -9999 -9999 -9999 -9999 -9999 -9999 -9999 -9999 -9999 -9999
-9999 -9999 1.715E-5 2.48408E-4 3.86701E-4 6.43068E-4 1.17673E-3 2.35501E-3 2.41523E-3 2.21248E-3 2.17027E-3 2.30185E-3 2.17027E-3 1.63578E-3 7.81433E-4 6.75841E-4 7.18961E-4 7.12702E-4 6.20522E-4 2.98071E-4 8.58541E-5 4.68875E-5 1.53758E-5 7.0758E-5 2.69195E-4 3.25888E-4 3.98749E-4 4.42415E-5 3.60086E-3 -9999 -9999 -9999 -9999 -9999 -9999 -9999 -9999 -9999 -9999 -9999 -9999 -9999 -9999 -9999 -9999 -9999 -9999 -9999 -9999 -9999 -9999 -9999 -9999 -9999 -9999 -9999 -9999 -9999 -9999 -9999 -9999 -9999 -9999 -9999 -9999 -9999 -9999 -9999 -9999 1.64567E-2
-9999 2.00725E-5 2.18292E-5 8.98249E-5 1.50469E-4 4.69037E-4 3.05834E-3 3.16523E-3 2.12471E-3 2.26961E-3 2.61009E-3 2.43834E-3 1.04021E-3 3.18029E-4 1.51649E-4 1.36695E-4 2.56903E-4 3.74442E-4 4.32358E-4 5.48954E-4 4.47937E-4 4.28049E-4 1.56165E-4 7.97209E-5 1.64598E-4 3.1666E-4 1.87948E-4 2.61196E-5 4.88504E-3 9.37388E-4 -9999 -9999 -9999 -9999 -9999 -9999 -9999 -9999 -9999 -9999 -9999 -9999 -9999 -9999 -9999 -9999 -9999 -9999 -9999 -9999 -9999 -9999 -9999 -9999 -9999 -9999 -9999 -9999 -9999 -9999 -9999 -9999 -9999 -9999 -9999 -9999 -9999 2.21889E-2 2.35904E-2 2.21308E-2
-9999 -9999 -9999 1.22596E-4 3.37493E-4 5.70799E-4 3.04792E-3 3.54238E-3 2.8105E-3 2.7126E-3 3.09464E-3 1.90943E-3 2.88988E-4 1.58274E-5 4.19151E-6 1.75816E-5 1.96137E-4 2.26163E-4 1.23185E-4 1.6782E-4 6.38754E-5 5.09119E-5 4.43711E-5 2.53457E-4 1.37666E-4 9.45345E-4 2.79688E-4 8.37006E-5 8.67619E-3 2.08903E-3 -9999 -9999 -9999 -9999 -9999 -9999 -9999 -9999 -9999 -9999 -9999 -9999 -9999 -9999 -9999 -9999 -9999 -9999 -9999 -9999 -9999 -9999 -9999 -9999 -9999 -9999 -9999 -9999 -9999 -9999 -9999 -9999 -9999 -9999 -9999 2.27553E-2 2.54688E-2 2.29107E-2 1.90346E-2 1.43055E-2
-9999 -9999 -9999 -9999 2.0263E-4 8.58319E-4 3.75078E-3 3.65505E-3 3.85429E-3 3.3652E-3 2.8353E-3 1.06249E-3 1.63395E-4 6.98966E-5 3.42715E-5 6.54999E-5 2.98071E-4 3.98916E-4 3.95394E-4 6.53628E-4 7.76734E-4 1.20589E-3 1.95671E-3 2.03655E-3 7.43282E-4 2.77861E-3 4.6141E-4 2.2406E-4 1.51739E-3 2.24424E-2 3.36234E-4 -9999 -9999 -9999 -9999 -9999 -9999 -9999 -9999 -9999 -9999 -9999 -9999 -9999 -9999 -9999 -9999 -9999 -9999 -9999 -9999 -9999 -9999 -9999 -9999 -9999 -9999 -9999 -9999 -9999 -9999 -9999 -9999 -9999 -9999 3.25867E-2 3.52039E-2 2.91543E-2 2.78699E-2 2.50373E-2
-9999 -9999 -9999 -9999 3.75493E-5 6.98775E-4 1.70181E-3 3.89935E-3 4.10447E-3 3.59616E-3 4.08451E-3 3.6026E-3 1.88872E-3 9.53469E-4 3.73124E-4 3.13931E-4 6.31373E-4 1.0025E-3 1.01118E-3 6.20522E-4 9.53469E-4 3.39586E-3 7.46196E-3 2.83411E-3 1.11877E-3 5.15033E-3 1.47096E-3 5.75991E-5 3.582E-4 1.01045E-2 4.8357E-3 3.73191E-5 4.07582E-6 5.49913E-6 2.71687E-5 1.05447E-4 -9999 -9999 -9999 -9999 -9999 -9999 -9999 -9999 -9999 -9999 -9999 -9999 -9999 -9999 -9999 -9999 -9999 -9999 -9999 -9999 -9999 -9999 -9999 -9999 -9999 -9999 -9999 4.53912E-2 4.86336E-2 5.40558E-2 5.73564E-2 5.43691E-2 5.05795E-2 2.29218E-2
-9999 -9999 -9999 -9999 -9999 9.62288E-4 3.52321E-4 1.0233E-3 4.13875E-3 4.5369E-3 4.67305E-3 4.46076E-3 3.52467E-3 1.23633E-3 7.55618E-4 5.77221E-4 3.52641E-4 5.67578E-4 5.62791E-4 7.06558E-4 1.37788E-3 2.38916E-3 6.24204E-3 4.38421E-3 1.37788E-3 3.39012E-3 1.17522E-2 3.22513E-3 1.37636E-3 9.72202E-4 3.13739E-2 4.39903E-4 6.75675E-5 4.96856E-5 1.0648E-4 2.41682E-4 5.32128E-4 6.94431E-4 -9999 -9999 -9999 -9999 -9999 -9999 -9999 -9999 -9999 -9999 -9999 -9999 -9999 -9999 -9999 -9999 -9999 -9999 -9999 -9999 -9999 -9999 4.69983E-2 5.73158E-2 6.81461E-2 7.54524E-2 7.96319E-2 8.10711E-2 8.62188E-2 7.62731E-2 3.93044E-2 6.02429E-3
-9999 -9999 -9999 -9999 -9999 8.41909E-5 6.77645E-4 9.35451E-4 3.09024E-3 5.0993E-3 5.64339E-3 5.33691E-3 5.07422E-3 2.7086E-3 1.43211E-3 3.35387E-4 1.53482E-4 1.75256E-4 5.46582E-4 9.84572E-4 2.46484E-3 4.98888E-3 9.65883E-3 8.53905E-3 3.84544E-3 8.90931E-4 1.41358E-3 1.03678E-2 2.75051E-2 1.20324E-3 4.53192E-3 3.67488E-2 4.27864E-3 3.35265E-3 2.85755E-3 1.72254E-2 1.14049E-2 2.89982E-3 1.5288E-3 -9999 -9999 -9999 -9999 -9999 -9999 -9999 -9999 -9999 -9999 -9999 -9999 -9999 -9999 -9999 -9999 -9999 -9999 -9999 -9999 -9999 8.64555E-2 1.02019E-1 1.18545E-1 1.22838E-1 1.16066E-1 1.11596E-1 9.53165E-2 3.82349E-2 5.69065E-3 9.77431E-4
-9999 -9999 -9999 -9999 -9999 5.56065E-5 1.23213E-3 2.28768E-3 2.87103E-3 4.14785E-3 6.35395E-3 4.74696E-3 6.28391E-3 5.09566E-3 2.87651E-3 7.57426E-4 2.39994E-4 8.92622E-5 9.17131E-5 1.79603E-4 1.4661E-3 4.1506E-3 4.23835E-3 3.81836E-3 5.20224E-3 3.04883E-3 3.81061E-4 1.27837E-4 1.83673E-2 6.68437E-2 7.35321E-3 2.38749E-3 4.57157E-2 4.49581E-2 1.77386E-2 5.91044E-3 4.00591E-3 1.71503E-2 5.21827E-3 2.27276E-2 -9999 -9999 -9999 -9999 -9999 -9999 -9999 -9999 -9999 -9999 -9999 -9999 -9999 -9999 -9999 -9999 -9999 -9999 -9999 -9999 1.30345E-1 1.5168E-1 1.70162E-1 1.65818E-1 1.05264E-1 6.07842E-2 6.3036E-3 1.19507E-3 1.45025E-3 3.72351E-4
-9999 -9999 -9999 -9999 -9999 -9999 9.48803E-4 4.63647E-3 1.21341E-3 1.42913E-3 2.79364E-3 1.26322E-3 5.14581E-3 4.31605E-3 4.06464E-3 2.30301E-3 2.19535E-4 4.78119E-5 7.00586E-5 4.23789E-5 8.24765E-5 8.86049E-4 1.71729E-3 3.38614E-4 9.21358E-4 4.20374E-3 2.71888E-3 4.55694E-4 3.09915E-4 6.49451E-3 6.31795E-2 7.40636E-2 7.78773E-2 8.92555E-3 3.30732E-3 9.15708E-4 5.5614E-4 4.66926E-4 5.04347E-5 7.83531E-4 3.47427E-2 1.1182E-2 -9999 -9999 -9999 -9999 -9999 -9999 -9999 -9999 -9999 -9999 -9999 1.36708E-1 1.50697E-1 1.54781E-1 1.54041E-1 1.47092E-1 1.24022E-1 1.23791E-1 7.18514E-2 4.10729E-2 2.24124E-2 8.26826E-3 1.57727E-3 2.93551E-4 4.69494E-4 2.31667E-4 6.16831E-4 1.75908E-3
-9999 -9999 -9999 -9999 -9999 -9999 3.06291E-4 4.66819E-3 7.28704E-4 2.09162E-3 2.25342E-3 1.49759E-3 5.10042E-3 4.85923E-3 1.95225E-3 2.97134E-3 5.53573E-4 2.11788E-4 5.47201E-4 1.34657E-4 1.29626E-4 1.64173E-3 3.76487E-3 1.38168E-3 5.51754E-4 1.01098E-3 1.20585E-3 1.91706E-3 1.24733E-3 4.01163E-4 6.18513E-4 3.95071E-3 7.30119E-2 5.89819E-2 2.09437E-2 7.76121E-3 6.67882E-3 1.24974E-3 3.73704E-5 9.13735E-6 3.29003E-4 2.06246E-3 1.53409E-2 3.13075E-2 4.08351E-2 4.03072E-2 3.6189E-2 2.56001E-2 3.67021E-2 5.07725E-2 6.8085E-2 9.54198E-2 1.21477E-1 1.36146E-1 1.4103E-1 1.23178E-1 8.44469E-2 3.13162E-2 5.10763E-3 1.92915E-3 3.79151E-4 1.85718E-4 2.50872E-5 2.17738E-5 1.31545E-5 1.66077E-4 1.00392E-3 1.1078E-3 2.57444E-3 4.27534E-3
-9999 -9999 -9999 -9999 -9999 -9999 3.34294E-3 2.6876E-3 5.21794E-3 2.16993E-3 3.80161E-3 5.8842E-3 5.5233E-3 3.2356E-3 3.17519E-3 3.33142E-3 1.61856E-3 9.58991E-4 1.07003E-3 1.2135E-4 1.03048E-4 7.43289E-4 1.44367E-3 3.00347E-3 1.27125E-3 2.69979E-3 1.36022E-3 6.03976E-4 1.17533E-3 1.32093E-3 3.76118E-4 1.18636E-3 4.22783E-3 4.88281E-3 1.9557E-3 1.27295E-3 7.90974E-4 2.30185E-3 2.27795E-3 3.78504E-4 2.53272E-5 1.94749E-6 1.48261E-5 5.8811E-3 5.59013E-3 1.28656E-3 1.3798E-3 1.09706E-2 6.07611E-2 7.42271E-2 8.09534E-2 1.08677E-1 1.20713E-1 1.15999E-1 9.45421E-2 7.32659E-2 2.67626E-2 5.13678E-3 9.80717E-4 1.83161E-4 1.81396E-4 1.61451E-4 2.69849E-5 6.64106E-5 3.08479E-4 1.05738E-3 1.72345E-3 1.3043E-3 2.06979E-3 2.93125E-3
-9999 -9999 -9999 -9999 -9999 -9999 -9999 -9999 1.04728E-2 1.57044E-2 2.63291E-3 3.66279E-3 2.63287E-3 3.51146E-3 4.30119E-3 4.40695E-3 8.93785E-4 3.94038E-4 4.37275E-4 7.30403E-4 8.1063E-4 1.51739E-3 3.31463E-3 5.34044E-3 5.5308E-3 1.69184E-3 1.5918E-3 1.83431E-3 8.81815E-4 3.56586E-4 1.90179E-3 1.41459E-3 1.30413E-3 2.94479E-3 7.52368E-3 8.95879E-3 8.12582E-3 3.6129E-3 5.77641E-4 1.54858E-4 2.23268E-5 1.48562E-5 1.73931E-5 1.04145E-4 8.9348E-6 2.19407E-5 6.84614E-5 3.37737E-5 1.52609E-4 1.40753E-3 3.43977E-2 6.2032E-2 1.00402E-1 7.96067E-2 3.45212E-2 3.36689E-2 1.39703E-2 2.44899E-3 8.57626E-4 1.74317E-4 6.13616E-4 1.71453E-3 3.48331E-3 4.34125E-3 4.34935E-3 2.52175E-3 1.2168E-3 7.97051E-4 6.07201E-4 5.29476E-4
-9999 -9999 -9999 -9999 -9999 -9999 -9999 -9999 1.11079E-2 3.01063E-2 1.07662E-2 2.4844E-3 1.45879E-3 2.36496E-3 3.16628E-3 2.10731E-3 6.74704E-4 6.15782E-4 1.00581E-3 1.51875E-3 1.96505E-3 2.20566E-3 3.94653E-3 4.82643E-3 6.32587E-3 4.79458E-3 1.09762E-3 9.78085E-4 1.53871E-3 5.72501E-4 6.99377E-4 2.95587E-3 4.07619E-3 4.1382E-3 1.02404E-2 1.12309E-2 1.22245E-2 1.19099E-2 7.6663E-3 1.63414E-3 2.74258E-4 5.5689E-5 1.26149E-5 2.13779E-5 2.73192E-6 1.17888E-6 6.1865E-6 1.44259E-6 8.83446E-6 8.28374E-4 1.27188E-4 6.45298E-5 4.79297E-4 3.82947E-3 8.23971E-3 3.59543E-3 7.71216E-4 3.36253E-4 2.63684E-4 4.5719E-4 2.85313E-3 6.94922E-3 8.18999E-3 7.87328E-3 6.8238E-3 5.25955E-3 3.56553E-3 2.40549E-3 1.14702E-3 9.41945E-4
-9999 -9999 -9999 -9999 -9999 -9999 -9999 -9999 -9999 -9999 1.1681E-2 8.0283E-3 1.54633E-3 2.61666E-3 2.44672E-3 1.25052E-3 6.2638E-4 1.29977E-3 1.90067E-3 2.38265E-3 2.24199E-3 1.53671E-3 2.74625E-3 4.5054E-3 4.35637E-3 4.98888E-3 2.48394E-3 1.04632E-3 1.91092E-3 1.65642E-3 7.39475E-4 6.9192E-4 3.37579E-3 7.08514E-3 9.45657E-3 1.11804E-2 1.193E-2 1.29788E-2 1.3108E-2 1.06854E-2 6.39854E-3 2.07266E-3 2.47743E-4 3.60142E-5 1.58205E-5 5.11811E-5 1.2622E-5 9.97581E-6 3.4992E-6 7.82545E-5 2.58304E-6 5.21552E-6 3.0027E-5 1.10399E-4 3.17511E-4 4.79214E-5 3.7891E-5 1.61384E-4 4.18482E-4 1.77184E-3 3.94529E-3 6.55833E-3 8.10868E-3 7.59151E-3 6.91318E-3 6.28569E-3 5.70631E-3 4.34193E-3 2.36166E-3 2.36166E-3
-9999 -9999 -9999 -9999 -9999 -9999 -9999 -9999 -9999 -9999 -9999 -9999 -9999 -9999 1.24627E-3 3.39425E-4 8.77125E-4 1.09054E-3 1.26028E-3 1.25607E-3 1.82428E-3 1.57749E-3 1.72888E-3 2.4357E-3 2.4413E-3 3.31226E-3 2.42685E-3 1.66182E-3 8.28403E-4 3.71814E-4 1.2628E-3 2.04456E-3 1.91532E-3 1.23888E-3 2.88628E-3 6.70696E-3 8.59522E-3 9.39515E-3 9.19479E-3 7.62677E-3 8.42456E-3 7.70334E-3 3.77591E-3 3.27982E-3 3.98117E-3 1.67764E-3 7.91587E-4 2.13723E-4 5.66706E-5 4.99793E-6 2.20311E-5 1.52471E-4 2.38705E-4 8.95982E-5 4.33682E-5 1.07178E-4 3.72604E-4 5.05602E-4 4.45365E-4 7.10174E-4 1.35873E-3 4.89568E-3 6.15504E-3 7.14804E-3 4.85857E-3 5.35006E-3 3.5777E-3 2.67221E-3 1.61378E-3 2.71183E-3
-9999 -9999 -9999 -9999 -9999 -9999 -9999 -9999 -9999 -9999 -9999 -9999 9.64285E-3 1.20289E-2 6.07465E-3 3.48282E-3 1.09831E-3 9.02649E-4 2.49081E-3 1.63995E-3 1.28874E-3 1.90684E-3 3.05046E-3 2.11801E-3 1.65376E-3 2.2516E-3 1.60962E-3 8.11069E-4 5.92287E-4 4.06503E-4 2.09678E-4 4.15907E-4 4.22358E-4 6.18398E-4 1.00104E-3 9.9931E-4 1.43608E-3 2.39232E-3 2.03804E-3 4.48716E-3 7.85118E-3 9.22078E-3 1.10146E-2 1.16572E-2 1.03665E-2 4.04313E-3 2.61294E-3 7.18733E-4 2.88514E-4 3.10442E-4 2.63274E-4 3.33266E-4 4.7065E-5 5.50415E-5 4.26274E-4 2.16893E-3 4.9838E-3 4.15471E-3 1.66312E-3 1.29793E-3 1.89338E-3 3.98918E-3 4.43788E-3 3.85673E-3 3.85673E-3 5.33853E-3 3.80045E-3 2.46151E-3 4.26164E-3 7.19636E-3
-9999 -9999 -9999 -9999 -9999 -9999 -9999 -9999 -9999 -9999 -9999 -9999 9.78877E-3 1.81931E-2 3.6462E-3 8.59998E-3 3.79182E-3 4.53739E-3 2.96138E-3 1.96379E-3 2.67234E-3 3.06201E-3 3.31979E-3 1.58168E-3 1.14817E-3 1.43521E-3 1.90887E-3 1.8325E-3 1.47271E-3 9.04104E-4 8.58776E-4 3.25472E-4 1.55956E-4 1.46331E-4 2.60702E-4 6.55372E-4 1.46007E-3 3.51831E-3 3.74658E-3 3.86343E-3 5.72349E-3 8.7032E-3 1.03665E-2 9.59706E-3 8.90472E-3 7.11767E-3 4.6539E-3 3.32481E-3 2.01983E-3 7.82098E-4 6.95242E-4 2.90472E-4 2.62862E-4 7.6615E-4 3.01075E-3 5.98897E-3 8.19109E-3 6.73131E-3 4.68681E-3 2.55845E-3 1.65865E-3 2.27167E-3 1.61261E-3 1.01558E-3 1.87732E-3 7.40367E-3 1.23488E-2 9.37722E-3 1.04512E-2 1.23631E-2
-9999 -9999 -9999 -9999 -9999 -9999 -9999 -9999 -9999 -9999 -9999 -9999 -9999 6.9998E-3 1.12151E-2 8.00482E-3 1.46966E-3 5.66454E-3 3.72594E-3 1.58491E-3 2.8926E-3 2.88267E-3 2.50154E-3 2.58804E-3 9.83324E-4 7.10569E-4 1.55505E-3 2.36811E-3 2.40453E-3 1.76256E-3 1.87141E-3 1.16684E-3 6.70661E-4 4.95107E-4 1.6236E-4 3.79767E-4 3.79637E-4 1.32591E-3 4.03272E-3 4.29035E-3 4.2826E-3 3.63045E-3 7.08658E-3 8.1494E-3 8.54277E-3 7.40753E-3 6.1309E-3 4.90508E-3 3.50775E-3 4.20987E-3 4.74999E-3 7.03963E-3 8.59498E-3 9.0399E-3 9.21339E-3 9.43224E-3 1.11065E-2 1.03908E-2 1.00055E-2 8.52255E-3 6.36125E-3 6.37966E-3 3.51547E-3 6.95684E-3 9.82248E-3 1.24702E-2 1.34163E-2 1.24834E-2 1.23035E-2 1.19503E-2
-9999 -9999 -9999 -9999 -9999 -9999 -9999 -9999 -9999 -9999 -9999 1.86911E-1 6.57563E-2 3.14006E-2 4.5574E-3 9.11728E-3 4.40476E-3 1.00015E-2 3.54313E-3 1.8876E-3 2.00501E-3 9.87636E-4 4.72129E-4 1.91403E-3 2.08906E-3 1.00963E-3 1.37081E-3 2.83954E-3 2.98685E-3 3.20941E-3 2.93015E-3 2.73144E-3 2.34303E-3 1.39217E-3 9.89563E-4 2.56447E-3 2.57652E-3 3.72519E-3 7.68635E-3 6.21762E-3 7.0505E-3 8.26351E-3 9.56734E-3 8.65758E-3 8.37468E-3 7.66843E-3 6.7046E-3 7.05273E-3 6.69818E-3 7.18262E-3 7.81498E-3 8.62499E-3 8.24406E-3 8.12033E-3 1.04654E-2 1.03106E-2 8.81331E-3 8.114E-3 9.36291E-3 8.6923E-3 7.58136E-3 1.22078E-2 1.19503E-2 1.32133E-2 1.28344E-2 1.25353E-2 1.17522E-2 1.21711E-2 1.1816E-2 1.14697E-2
-9999 -9999 -9999 -9999 -9999 -9999 -9999 -9999 -9999 -9999 -9999 1.92214E-1 6.44961E-2 1.46314E-2 9.93193E-3 2.72444E-3 5.81818E-3 4.1731E-3 4.04302E-3 4.25757E-3 4.50211E-3 2.93534E-3 1.60827E-3 1.00317E-3 1.3123E-3 1.55675E-3 3.20248E-3 2.84098E-3 1.20191E-3 2.42037E-3 2.76617E-3 7.37818E-4 1.05118E-3 1.80363E-3 2.64116E-3 1.58111E-3 4.54205E-3 7.98422E-3 1.18956E-2 1.08854E-2 8.06621E-3 8.76842E-3 9.21134E-3 9.26414E-3 8.35192E-3 7.58136E-3 5.77826E-3 3.80958E-3 6.44742E-3 6.95234E-3 8.0869E-3 9.05293E-3 8.77996E-3 6.5928E-3 6.28955E-3 5.68423E-3 4.41647E-3 6.1912E-3 7.21444E-3 9.71597E-3 1.06416E-2 1.2518E-2 1.23324E-2 1.2706E-2 1.17469E-2 1.13992E-2 1.10603E-2 1.08941E-2 1.073E-2 1.05681E-2
-9999 -9999 -9999 -9999 -9999 -9999 -9999 -9999 -9999 -9999 3.2422E-1 2.23758E-1 9.3417E-2 1.68944E-2 2.292E-2 1.80424E-2 7.44656E-3 1.48169E-2 3.9506E-3 1.73915E-3 3.6369E-3 2.72858E-3 2.02934E-3 3.07033E-3 7.3173E-3 7.32308E-4 1.98922E-4 8.75048E-4 7.74441E-4 1.45828E-3 3.19245E-3 1.33215E-3 7.15342E-4 9.33823E-4 4.41649E-4 6.79438E-4 2.89004E-4 1.25797E-3 6.95038E-3 8.51756E-3 7.50307E-3 7.49063E-3 7.81498E-3 8.56216E-3 8.36542E-3 8.1655E-3 7.55919E-3 6.77606E-3 4.97003E-3 2.88E-3 5.96837E-3 7.31684E-3 6.84065E-3 8.22586E-3 8.92112E-3 9.84125E-3 1.04893E-2 1.10027E-2 1.11732E-2 1.16985E-2 1.15211E-2 1.16985E-2 1.11544E-2 1.11544E-2 1.09848E-2 1.03083E-2 1.03083E-2 1.03083E-2 9.84125E-3 9.84125E-3
