KUENM/Final_Models/M_0.1_F_lq_Set_2_NE/sp1_8.asc
ncols         197
nrows         210
xllcorner     56.1666666666667
yllcorner     4.5
cellsize      0.166666666666667
NODATA_value  -9999
[rows 112 to 139 of 210, columns 130 to 194 of 197]
4.79717E-1 3.48062E-1 2.42173E-1 1.9002E-1 1.67498E-1 1.03834E-1 5.0822E-2 1.87936E-2 6.47356E-3 1.94438E-3 8.24646E-4 5.1445E-4 2.81718E-4 1.00578E-4 3.25306E-5 3.01847E-5 7.12386E-5 1.96984E-4 3.97006E-4 9.63709E-4 3.15656E-3 6.80036E-3 8.17209E-3 6.58386E-3 1.36603E-3 3.50162E-4 2.54796E-4 3.22339E-4 5.50523E-4 5.61063E-4 4.74098E-4 5.54925E-4 6.34549E-4 6.60838E-4 6.02724E-4 4.63942E-4 3.63175E-4 2.95577E-4 3.23267E-4 3.63175E-4 4.40175E-4 7.00712E-4 1.25692E-3 3.04237E-3 1.70317E-3 4.98699E-4 1.18438E-4 3.10245E-5 1.92048E-5 2.38609E-5 2.63328E-5 2.89751E-5 2.71759E-5 3.01043E-5 3.99721E-5 5.83339E-5 -9999 -9999 -9999 -9999 -9999 -9999 -9999 -9999 -9999
4.47336E-1 3.12207E-1 2.10023E-1 1.66573E-1 1.30267E-1 6.98553E-2 2.80483E-2 8.16017E-3 1.37959E-3 2.95577E-4 3.98754E-4 5.17187E-4 4.83558E-4 1.43719E-4 2.18929E-5 1.19231E-5 2.45422E-5 6.68669E-5 1.81628E-4 5.28688E-4 1.26232E-3 2.26071E-3 2.30755E-3 1.77183E-3 1.12253E-3 3.29163E-4 2.06587E-4 2.08766E-4 1.68348E-3 2.99004E-3 1.68192E-3 9.54987E-4 6.91181E-4 6.88147E-4 6.44321E-4 6.02106E-4 5.61822E-4 6.28051E-4 7.17908E-4 7.27941E-4 6.08519E-4 5.28539E-4 5.39896E-4 9.04332E-4 8.06812E-4 3.45802E-4 8.84328E-5 2.7401E-5 2.46778E-5 2.94371E-5 3.26351E-5 3.82107E-5 4.2303E-5 4.57004E-5 5.53865E-5 -9999 -9999 -9999 -9999 -9999 -9999 -9999 -9999 -9999 -9999
3.25312E-1 1.68102E-1 1.10678E-1 9.17401E-2 7.79341E-2 4.44403E-2 1.81874E-2 4.79128E-3 7.79861E-4 1.82998E-4 2.81718E-4 4.49737E-4 4.29304E-4 7.32073E-5 4.67051E-6 2.23402E-6 6.04704E-6 1.97103E-5 6.70541E-5 2.25071E-4 4.47834E-4 1.23602E-3 2.60065E-3 5.60289E-3 2.19844E-3 3.08627E-4 1.30751E-4 1.73596E-4 2.35036E-3 5.74479E-3 3.45241E-3 1.41059E-3 7.64376E-4 7.72837E-4 8.28093E-4 8.06961E-4 6.67486E-4 7.46122E-4 1.02402E-3 1.0641E-3 9.37974E-4 6.08131E-4 3.60625E-4 4.76223E-4 5.09074E-4 2.75773E-4 1.01338E-4 3.46572E-5 3.4767E-5 4.42889E-5 5.02095E-5 5.81699E-5 6.72734E-5 7.76641E-5 -9999 -9999 -9999 -9999 -9999 -9999 -9999 -9999 -9999 -9999 -9999
2.56539E-1 1.49434E-1 8.54731E-2 4.94408E-2 3.42677E-2 2.80152E-2 1.57855E-2 5.60722E-3 1.63416E-3 6.63786E-4 5.61446E-4 5.73053E-4 2.30846E-4 2.10272E-5 1.00797E-6 6.89266E-7 1.78011E-6 5.69027E-6 1.59095E-5 3.94356E-5 5.0686E-5 2.87896E-4 1.3168E-3 2.50581E-3 1.28598E-3 2.43347E-4 1.27386E-4 2.23389E-4 5.26527E-3 9.83097E-3 7.04763E-3 2.56462E-3 1.06706E-3 1.08823E-3 1.04209E-3 6.51123E-4 8.87895E-4 7.49254E-4 9.84511E-4 1.22562E-3 1.31063E-3 9.79869E-4 7.90045E-4 7.74457E-4 6.77354E-4 3.78743E-4 1.81804E-4 6.88332E-5 5.75071E-5 8.26498E-5 9.12271E-5 9.83378E-5 -9999 -9999 -9999 -9999 -9999 -9999 -9999 -9999 -9999 -9999 -9999 -9999 -9999
2.10988E-1 1.48475E-1 8.87446E-2 4.21533E-2 2.25114E-2 1.79503E-2 1.84688E-2 9.45493E-3 3.74763E-3 2.38814E-3 2.14074E-3 1.62078E-3 1.74021E-4 1.45827E-5 1.74381E-6 7.97571E-7 9.72983E-7 1.95264E-6 3.10582E-6 2.34286E-6 5.69921E-6 1.30181E-5 4.2099E-5 7.85339E-5 1.77685E-4 2.39528E-4 4.09293E-4 2.4777E-3 1.4156E-2 2.10481E-2 1.15253E-2 5.84085E-3 2.62482E-3 1.78017E-3 1.24879E-3 1.21691E-3 8.73501E-4 8.47072E-4 8.84796E-4 1.59098E-3 2.18875E-3 1.81503E-3 1.65297E-3 1.50035E-3 1.1031E-3 8.08314E-4 4.73655E-4 2.72297E-4 1.88582E-4 1.89916E-4 1.89916E-4 -9999 -9999 -9999 -9999 -9999 -9999 -9999 -9999 -9999 -9999 -9999 -9999 -9999 -9999
1.80919E-1 1.31615E-1 8.56926E-2 4.6932E-2 2.72113E-2 1.93748E-2 2.21543E-2 1.4625E-2 7.13025E-3 5.25614E-3 3.80317E-3 1.0365E-3 1.26793E-4 1.42283E-5 2.33398E-6 9.83049E-7 9.39221E-7 1.48675E-6 2.14211E-6 3.00528E-6 6.79905E-6 1.73364E-5 3.10262E-5 7.39781E-5 1.09142E-4 1.445E-4 4.35893E-4 5.63061E-3 2.62226E-2 4.69587E-2 2.21143E-2 8.46179E-3 2.96138E-3 1.77858E-3 7.49694E-4 1.27251E-3 7.59051E-4 6.47072E-4 1.54664E-3 3.28489E-3 3.84544E-3 3.39339E-3 2.86515E-3 2.47084E-3 2.23058E-3 1.86661E-3 1.34293E-3 9.4791E-4 6.74363E-4 -9999 -9999 -9999 -9999 -9999 -9999 -9999 -9999 -9999 -9999 -9999 -9999 -9999 -9999 -9999 -9999
1.2857E-1 8.71056E-2 6.60175E-2 6.16494E-2 4.75255E-2 3.46676E-2 2.76441E-2 2.28602E-2 1.99581E-2 1.58194E-2 5.05035E-3 6.07261E-4 6.72695E-5 1.35442E-5 3.33674E-6 1.38369E-6 1.03784E-6 1.80916E-6 3.9003E-6 9.02676E-6 2.51288E-5 3.44165E-5 6.08624E-5 1.08277E-4 1.36504E-4 1.57395E-4 3.41654E-4 1.17885E-3 5.9247E-3 2.51823E-2 1.55399E-2 3.45392E-3 1.26094E-3 1.81454E-3 2.00202E-3 2.06345E-3 9.83954E-4 1.06509E-3 3.15145E-3 5.64037E-3 6.15603E-3 5.94914E-3 4.96755E-3 5.09162E-3 4.74113E-3 3.69897E-3 2.81894E-3 1.94438E-3 -9999 -9999 -9999 -9999 -9999 -9999 -9999 -9999 -9999 -9999 -9999 -9999 -9999 -9999 -9999 -9999 -9999
8.58559E-2 9.43505E-2 8.19544E-2 6.39987E-2 4.55245E-2 1.82692E-2 1.49215E-2 1.84711E-2 2.81737E-2 3.82864E-2 1.73311E-2 7.09574E-4 7.33896E-5 2.09397E-5 4.94868E-6 1.87044E-6 1.42131E-6 2.51161E-6 6.07845E-6 1.4945E-5 3.10262E-5 6.57854E-5 1.11342E-4 1.49792E-4 1.3549E-4 1.50817E-4 2.19462E-4 2.30075E-4 9.48868E-4 8.05154E-3 1.7693E-3 2.74033E-4 8.79255E-4 6.98978E-4 2.84659E-3 3.18153E-3 2.20873E-3 2.42523E-3 2.90802E-3 5.19107E-3 9.03801E-3 9.3599E-3 9.83097E-3 9.05721E-3 7.9328E-3 -9999 -9999 -9999 -9999 -9999 -9999 -9999 -9999 -9999 -9999 -9999 -9999 -9999 -9999 -9999 -9999 -9999 -9999 -9999 -9999
8.95798E-2 9.86982E-2 9.50656E-2 8.25174E-2 5.09599E-2 2.33413E-2 2.10216E-2 4.63452E-2 1.07127E-1 7.8709E-2 3.88071E-2 4.01257E-3 4.11863E-4 6.10343E-5 7.94469E-6 2.23951E-6 1.4951E-6 3.18745E-6 8.44586E-6 1.81733E-5 4.76971E-5 1.06577E-4 1.2759E-4 1.54949E-4 1.68811E-4 1.44418E-4 1.50762E-4 1.56349E-4 2.00268E-4 1.25319E-3 2.58713E-4 1.08101E-4 6.90455E-4 1.73698E-3 1.55969E-3 3.36716E-3 3.25476E-3 2.37932E-3 3.1015E-3 7.59736E-3 1.18993E-2 1.3112E-2 1.41847E-2 -9999 -9999 -9999 -9999 -9999 -9999 -9999 -9999 -9999 -9999 -9999 -9999 -9999 -9999 -9999 -9999 -9999 -9999 -9999 -9999 -9999 -9999
1.05844E-1 1.1847E-1 1.33906E-1 1.20948E-1 1.0457E-1 7.23545E-2 6.21895E-2 5.37581E-2 1.04285E-1 1.01676E-1 4.4291E-2 8.81241E-3 1.17445E-3 1.23E-4 1.22046E-5 2.07345E-6 1.47873E-6 3.08564E-6 1.29312E-5 2.68205E-5 5.52904E-5 1.39337E-4 1.42919E-4 1.46038E-4 1.39864E-4 1.09541E-4 9.60215E-5 8.18219E-5 9.34271E-5 9.85591E-5 5.34312E-5 7.0358E-5 3.73368E-4 1.73897E-3 1.34336E-3 3.77511E-3 4.70155E-3 3.13185E-3 2.92072E-3 1.03216E-2 1.4184E-2 1.6481E-2 1.81556E-2 -9999 -9999 -9999 -9999 -9999 -9999 -9999 -9999 -9999 -9999 -9999 -9999 -9999 -9999 -9999 -9999 -9999 -9999 -9999 -9999 -9999 -9999
1.30208E-1 1.44362E-1 1.66557E-1 1.97188E-1 1.9002E-1 1.87949E-1 2.08676E-1 1.89434E-1 9.97931E-2 8.66689E-2 4.36939E-2 1.32097E-2 2.50745E-3 2.74084E-4 2.16688E-5 3.18659E-6 1.83145E-6 4.36204E-6 1.4515E-5 5.16867E-5 1.59373E-4 2.10945E-4 9.7864E-5 8.83073E-5 9.64856E-5 7.0678E-5 5.39138E-5 3.62182E-5 3.28597E-5 2.07764E-5 2.02944E-5 4.91442E-5 2.55487E-4 1.30592E-3 1.2027E-3 3.71085E-3 4.64234E-3 3.27407E-3 2.61424E-3 1.05768E-2 2.2066E-2 2.14665E-2 -9999 -9999 -9999 -9999 -9999 -9999 -9999 -9999 -9999 -9999 -9999 -9999 -9999 -9999 -9999 -9999 -9999 -9999 -9999 -9999 -9999 -9999 -9999
1.11616E-1 1.11879E-1 1.73319E-1 2.3727E-1 2.6792E-1 3.08248E-1 3.05555E-1 2.95988E-1 2.06953E-1 9.79472E-2 5.38238E-2 2.10145E-2 7.35025E-3 1.31389E-3 6.9423E-5 9.95895E-6 8.8827E-6 1.2063E-5 2.51844E-5 8.7832E-5 2.39991E-4 2.84115E-4 1.06581E-4 5.53767E-5 5.49212E-5 3.91305E-5 2.76055E-5 1.96985E-5 1.01016E-5 3.78947E-6 1.23786E-5 1.00663E-4 8.01276E-4 1.38905E-3 1.83929E-3 3.02428E-3 5.56119E-3 8.66161E-3 1.11305E-2 2.14001E-2 3.44223E-2 2.75334E-2 -9999 -9999 -9999 -9999 -9999 -9999 -9999 -9999 -9999 -9999 -9999 -9999 -9999 -9999 -9999 -9999 -9999 -9999 -9999 -9999 -9999 -9999 -9999
6.30875E-2 5.06811E-2 7.10409E-2 2.28468E-1 2.98323E-1 3.55419E-1 3.64558E-1 3.22786E-1 2.15853E-1 1.10272E-1 1.11495E-1 6.99515E-2 3.07572E-2 1.31351E-2 2.70923E-3 3.95891E-4 1.15532E-4 5.55387E-5 6.16692E-5 1.12244E-4 1.42167E-4 1.76778E-4 9.27077E-5 6.26479E-5 3.68553E-5 2.6414E-5 2.02456E-5 1.66041E-5 4.08469E-6 3.81847E-6 2.00513E-5 1.24428E-4 3.093E-3 3.2082E-3 3.09806E-3 3.5629E-3 9.67164E-3 1.98782E-2 3.69288E-2 6.24327E-2 5.27801E-2 -9999 -9999 -9999 -9999 -9999 -9999 -9999 -9999 -9999 -9999 -9999 -9999 -9999 -9999 -9999 -9999 -9999 -9999 -9999 -9999 -9999 -9999 -9999 -9999
2.42514E-2 3.49025E-2 7.49293E-2 1.89783E-1 2.66278E-1 3.73685E-1 3.9264E-1 3.48062E-1 2.54307E-1 1.93077E-1 1.78043E-1 1.65038E-1 1.14482E-1 9.90687E-2 7.66558E-2 2.95721E-2 2.77746E-3 3.66467E-4 1.27748E-4 1.48803E-4 1.38326E-4 1.39795E-4 9.31428E-5 3.92827E-5 1.65983E-5 1.93262E-5 3.57272E-5 2.43888E-5 2.19671E-5 3.79024E-5 8.96945E-5 1.60535E-3 1.51218E-2 1.61183E-2 8.754E-3 8.33597E-3 1.76112E-2 3.17445E-2 5.90036E-2 7.6351E-2 -9999 -9999 -9999 -9999 -9999 -9999 -9999 -9999 -9999 -9999 -9999 -9999 -9999 -9999 -9999 -9999 -9999 -9999 -9999 -9999 -9999 -9999 -9999 -9999 -9999
1.37786E-2 3.12162E-2 9.01504E-2 1.8576E-1 2.99603E-1 4.56869E-1 4.77988E-1 4.14731E-1 3.29335E-1 2.76072E-1 2.28512E-1 1.89682E-1 1.78065E-1 2.77759E-1 3.67972E-1 3.68742E-1 3.14786E-2 1.12598E-3 2.19089E-4 1.60509E-4 1.5076E-4 1.22675E-4 8.3628E-5 2.3534E-5 5.30354E-6 1.07996E-5 4.61178E-5 8.68552E-5 1.51311E-4 2.22152E-4 4.07986E-4 4.08031E-3 3.06766E-2 4.31551E-2 3.37144E-2 4.56637E-2 6.23023E-2 6.3762E-2 7.12233E-2 -9999 -9999 -9999 -9999 -9999 -9999 -9999 -9999 -9999 -9999 -9999 -9999 -9999 -9999 -9999 -9999 -9999 -9999 -9999 -9999 -9999 -9999 -9999 -9999 -9999 -9999
1.08426E-2 3.93357E-2 1.05756E-1 1.87346E-1 3.16598E-1 4.74167E-1 4.98535E-1 4.63656E-1 3.97324E-1 3.49385E-1 2.37815E-1 1.54637E-1 1.82972E-1 3.58725E-1 4.98975E-1 4.59879E-1 3.05882E-2 1.82489E-3 4.1689E-4 2.44118E-4 1.97577E-4 1.36126E-4 8.20482E-5 2.59059E-5 8.8729E-6 2.31244E-5 1.29642E-4 3.18777E-4 4.58466E-4 6.73897E-4 9.69199E-4 7.26029E-3 4.52903E-2 7.14796E-2 7.85742E-2 1.1773E-1 1.68617E-1 1.14035E-1 -9999 -9999 -9999 -9999 -9999 -9999 -9999 -9999 -9999 -9999 -9999 -9999 -9999 -9999 -9999 -9999 -9999 -9999 -9999 -9999 -9999 -9999 -9999 -9999 -9999 -9999 -9999
3.65768E-2 7.7933E-2 8.58359E-2 1.4319E-1 2.99464E-1 4.36823E-1 4.68938E-1 4.40645E-1 3.73333E-1 3.43136E-1 2.48635E-1 1.25057E-1 1.04037E-1 2.3663E-1 2.68139E-1 2.27499E-1 5.03876E-2 5.14174E-3 1.26017E-3 6.198E-4 3.27492E-4 2.00834E-4 1.27513E-4 7.20651E-5 9.39902E-5 1.57209E-4 4.99154E-4 8.69723E-4 8.75591E-4 1.5231E-3 3.76557E-3 1.59827E-2 6.3239E-2 8.45945E-2 1.01556E-1 1.33943E-1 1.75757E-1 -9999 -9999 -9999 -9999 -9999 -9999 -9999 -9999 -9999 -9999 -9999 -9999 -9999 -9999 -9999 -9999 -9999 -9999 -9999 -9999 -9999 -9999 -9999 -9999 -9999 -9999 -9999 -9999
1.77601E-1 1.7511E-1 1.36478E-1 1.88647E-1 2.76473E-1 2.73233E-1 3.49868E-1 4.08752E-1 3.43055E-1 2.98852E-1 2.2791E-1 1.04061E-1 5.84491E-2 9.60147E-2 1.21141E-1 1.23339E-1 5.21471E-2 1.49107E-2 3.90671E-3 1.67779E-3 7.7973E-4 4.13003E-4 2.89862E-4 2.66434E-4 4.3422E-4 7.17064E-4 1.39665E-3 2.59123E-3 1.93478E-3 3.43684E-3 6.43668E-3 2.46077E-2 8.64734E-2 1.71283E-1 1.34337E-1 -9999 -9999 -9999 -9999 -9999 -9999 -9999 -9999 -9999 -9999 -9999 -9999 -9999 -9999 -9999 -9999 -9999 -9999 -9999 -9999 -9999 -9999 -9999 -9999 -9999 -9999 -9999 -9999 -9999 -9999
2.5349E-1 2.73578E-1 2.89966E-1 3.26656E-1 3.77081E-1 3.83703E-1 4.50484E-1 5.14885E-1 4.86358E-1 3.5304E-1 2.65772E-1 1.44325E-1 8.45197E-2 8.07793E-2 7.2092E-2 8.56926E-2 7.41562E-2 4.41816E-2 1.79179E-2 6.67622E-3 2.054E-3 9.74889E-4 7.30163E-4 8.2849E-4 1.00861E-3 1.39658E-3 2.23509E-3 2.20873E-3 3.97637E-3 1.21322E-2 3.6231E-2 7.24305E-2 1.33943E-1 1.87498E-1 -9999 -9999 -9999 -9999 -9999 -9999 -9999 -9999 -9999 -9999 -9999 -9999 -9999 -9999 -9999 -9999 -9999 -9999 -9999 -9999 -9999 -9999 -9999 -9999 -9999 -9999 -9999 -9999 -9999 -9999 -9999
2.5539E-1 2.95746E-1 3.56649E-1 4.21978E-1 4.84555E-1 5.18078E-1 5.76328E-1 6.22828E-1 6.15277E-1 5.2729E-1 3.9123E-1 2.58738E-1 1.59138E-1 1.12185E-1 7.97349E-2 8.76557E-2 1.14482E-1 1.05989E-1 8.82627E-2 1.90581E-2 4.87653E-3 1.91292E-3 1.45372E-3 1.61282E-3 2.01232E-3 2.34531E-3 2.35659E-3 4.66807E-3 1.93607E-2 5.55758E-2 1.54373E-1 1.65019E-1 1.66771E-1 -9999 -9999 -9999 -9999 -9999 -9999 -9999 -9999 -9999 -9999 -9999 -9999 -9999 -9999 -9999 -9999 -9999 -9999 -9999 -9999 -9999 -9999 -9999 -9999 -9999 -9999 -9999 -9999 -9999 -9999 -9999 -9999
2.54144E-1 3.46603E-1 3.97351E-1 5.03293E-1 5.67873E-1 5.86908E-1 5.9566E-1 6.5816E-1 6.81966E-1 6.35401E-1 5.00964E-1 3.74787E-1 2.84158E-1 1.85923E-1 1.16763E-1 1.01652E-1 1.19708E-1 9.40095E-2 5.0822E-2 1.73657E-2 5.19278E-3 2.93004E-3 3.04479E-3 4.2017E-3 5.84646E-3 7.41381E-3 8.56695E-3 2.18595E-2 5.85983E-2 1.22368E-1 1.91111E-1 2.06522E-1 -9999 -9999 -9999 -9999 -9999 -9999 -9999 -9999 -9999 -9999 -9999 -9999 -9999 -9999 -9999 -9999 -9999 -9999 -9999 -9999 -9999 -9999 -9999 -9999 -9999 -9999 -9999 -9999 -9999 -9999 -9999 -9999 -9999
2.63472E-1 5.32885E-1 5.49085E-1 5.70752E-1 6.17435E-1 6.21854E-1 5.81962E-1 6.60461E-1 6.92147E-1 6.51229E-1 5.32468E-1 4.42129E-1 4.17122E-1 2.87933E-1 1.43618E-1 1.16478E-1 8.87372E-2 7.51341E-2 3.37495E-2 1.3511E-2 3.70526E-3 2.66796E-3 5.0138E-3 1.59406E-2 1.87191E-2 2.34348E-2 3.56557E-2 7.06795E-2 9.83505E-2 1.25057E-1 -9999 -9999 -9999 -9999 -9999 -9999 -9999 -9999 -9999 -9999 -9999 -9999 -9999 -9999 -9999 -9999 -9999 -9999 -9999 -9999 -9999 -9999 -9999 -9999 -9999 -9999 -9999 -9999 -9999 -9999 -9999 -9999 -9999 -9999 -9999
3.38508E-1 5.23869E-1 5.69212E-1 5.85044E-1 6.19041E-1 6.29634E-1 6.49687E-1 6.65185E-1 6.49383E-1 6.09705E-1 5.17018E-1 4.81631E-1 4.63484E-1 3.2812E-1 1.67189E-1 1.41416E-1 1.13967E-1 1.1982E-1 9.94692E-2 3.26957E-2 1.19153E-2 6.19817E-3 7.19401E-3 3.34551E-2 3.66025E-2 4.55916E-2 9.71537E-2 1.08673E-1 -9999 -9999 -9999 -9999 -9999 -9999 -9999 -9999 -9999 -9999 -9999 -9999 -9999 -9999 -9999 -9999 -9999 -9999 -9999 -9999 -9999 -9999 -9999 -9999 -9999 -9999 -9999 -9999 -9999 -9999 -9999 -9999 -9999 -9999 -9999 -9999 -9999
3.98465E-1 4.82007E-1 5.69117E-1 6.03361E-1 6.33396E-1 6.61808E-1 6.81224E-1 6.80565E-1 6.57323E-1 6.29877E-1 6.01563E-1 5.63555E-1 5.20684E-1 3.94884E-1 2.44187E-1 2.20345E-1 1.63471E-1 1.71667E-1 2E-1 1.09875E-1 5.40772E-2 3.6929E-2 3.59069E-2 5.05258E-2 5.13113E-2 3.6929E-2 4.86607E-2 1.18545E-1 -9999 -9999 -9999 -9999 -9999 -9999 -9999 -9999 -9999 -9999 -9999 -9999 -9999 -9999 -9999 -9999 -9999 -9999 -9999 -9999 -9999 -9999 -9999 -9999 -9999 -9999 -9999 -9999 -9999 -9999 -9999 -9999 -9999 -9999 -9999 -9999 -9999
4.42097E-1 4.70582E-1 5.78296E-1 6.24395E-1 6.55238E-1 6.82971E-1 7.00129E-1 6.99947E-1 6.91974E-1 6.75878E-1 6.54869E-1 6.30192E-1 6.00609E-1 5.56309E-1 4.38623E-1 2.73759E-1 1.72998E-1 1.52948E-1 1.78043E-1 1.99825E-1 1.59017E-1 1.04813E-1 8.04468E-2 3.25147E-2 2.81421E-2 2.42827E-2 7.87838E-2 9.94692E-2 -9999 -9999 -9999 -9999 -9999 -9999 -9999 -9999 -9999 -9999 -9999 -9999 -9999 -9999 -9999 -9999 -9999 -9999 -9999 -9999 -9999 -9999 -9999 -9999 -9999 -9999 -9999 -9999 -9999 -9999 -9999 -9999 -9999 -9999 -9999 -9999 -9999
5.44056E-1 5.48864E-1 6.01421E-1 6.47411E-1 6.59086E-1 6.76917E-1 6.98951E-1 7.05573E-1 7.00411E-1 6.97458E-1 6.8266E-1 6.5138E-1 6.24813E-1 6.04913E-1 5.5936E-1 3.46244E-1 1.56679E-1 1.08722E-1 1.5398E-1 2.70388E-1 2.82122E-1 1.24907E-1 8.15601E-2 2.02625E-2 1.02855E-2 1.35536E-2 3.75535E-2 -9999 -9999 -9999 -9999 -9999 -9999 -9999 -9999 -9999 -9999 -9999 -9999 -9999 -9999 -9999 -9999 -9999 -9999 -9999 -9999 -9999 -9999 -9999 -9999 -9999 -9999 -9999 -9999 -9999 -9999 -9999 -9999 -9999 -9999 -9999 -9999 -9999 -9999
6.18146E-1 6.22601E-1 6.25317E-1 6.45209E-1 6.54334E-1 6.36413E-1 6.41801E-1 6.80109E-1 6.98512E-1 6.95615E-1 6.73371E-1 6.40923E-1 6.03518E-1 5.37167E-1 4.34853E-1 3.70782E-1 2.02405E-1 7.38542E-2 9.74365E-2 1.69969E-1 2.23082E-1 1.42888E-1 6.87695E-2 1.51482E-2 1.0805E-2 1.25077E-2 -9999 -9999 -9999 -9999 -9999 -9999 -9999 -9999 -9999 -9999 -9999 -9999 -9999 -9999 -9999 -9999 -9999 -9999 -9999 -9999 -9999 -9999 -9999 -9999 -9999 -9999 -9999 -9999 -9999 -9999 -9999 -9999 -9999 -9999 -9999 -9999 -9999 -9999 -9999
6.57946E-1 6.41093E-1 6.29707E-1 6.31609E-1 6.07325E-1 5.48019E-1 6.20572E-1 6.79244E-1 6.89781E-1 6.74322E-1 6.64208E-1 6.20587E-1 5.81764E-1 5.15605E-1 4.30833E-1 3.91227E-1 2.69817E-1 8.57104E-2 9.66038E-2 1.07354E-1 1.08673E-1 1.17279E-1 -9999 9.57866E-3 -9999 -9999 -9999 -9999 -9999 -9999 -9999 -9999 -9999 -9999 -9999 -9999 -9999 -9999 -9999 -9999 -9999 -9999 -9999 -9999 -9999 -9999 -9999 -9999 -9999 -9999 -9999 -9999 -9999 -9999 -9999 -9999 -9999 -9999 -9999 -9999 -9999 -9999 -9999 -9999 -9999
