KUENM/Final_Models/M_0.1_F_lq_Set_2_NE/sp1_se_asia_max.asc
ncols         320
nrows         243
xllcorner     44.0
yllcorner     -0.666666666666667
cellsize      0.166666666666667
NODATA_value  -9999
[rows 31 to 61 of 243, columns 140 to 209 of 320]
5.52711E-7 2.84172E-7 4.09892E-7 1.94641E-7 8.09973E-7 2.38992E-6 7.96055E-7 7.64899E-7 2.5262E-6 4.91197E-5 2.21785E-3 4.22279E-3 4.28555E-3 2.3223E-2 6.58171E-2 9.34279E-2 1.44211E-1 1.62386E-1 1.63084E-1 1.9933E-1 2.12392E-1 2.20045E-1 1.12235E-1 3.03857E-1 3.47802E-1 2.2437E-1 2.76253E-1 3.19731E-1 2.94203E-1 4.91325E-2 5.44934E-2 1.23021E-2 1.32882E-2 5.57177E-4 1.06489E-3 9.32297E-4 8.85671E-4 1.06115E-4 6.81832E-5 5.79959E-4 2.56353E-4 2.0817E-3 5.67507E-4 1.79757E-5 1.10294E-5 9.67129E-6 3.8878E-6 3.32734E-7 1.17167E-8 1.99438E-8 2.11658E-8 1.03082E-7 1.03017E-6 1.54267E-7 3.26433E-7 1.74248E-7 3.2529E-10 9.08432E-11 1.05833E-10 3.87344E-10 5.27554E-8 7.46618E-7 3.30409E-10 3.89103E-12 7.36224E-12 1.29639E-10 -9999 -9999 -9999 -9999
1.48447E-6 2.3051E-6 4.77604E-6 5.75899E-6 3.42043E-6 4.08044E-6 3.4983E-6 2.01742E-5 1.44587E-4 2.28287E-4 1.2516E-3 2.03469E-3 1.5035E-3 2.37919E-3 1.86047E-2 5.07556E-2 1.2084E-1 1.59077E-1 1.46144E-1 1.75817E-1 2.31479E-1 2.53437E-1 2.55036E-1 3.08319E-1 3.44902E-1 3.87031E-1 4.69364E-1 4.91098E-1 4.69453E-1 3.11031E-1 1.63875E-1 9.29347E-2 2.47597E-2 2.89295E-3 4.6731E-4 8.56074E-5 3.55109E-4 2.31176E-3 6.39787E-3 1.30893E-4 9.95719E-4 1.82367E-2 5.56787E-3 7.14765E-3 1.00282E-4 1.72893E-6 5.94831E-7 2.29265E-7 2.36931E-8 7.29353E-8 1.43851E-7 1.1239E-7 1.52777E-7 1.7452E-7 1.22489E-7 2.45704E-7 3.45772E-7 4.03626E-9 2.41866E-10 5.52681E-11 1.29639E-10 2.27893E-10 6.33476E-8 2.08857E-10 1.47007E-11 8.21846E-10 1.41597E-11 8.09559E-12 1.90433E-11 -9999
3.5927E-6 1.21392E-6 1.20008E-6 4.55923E-6 7.5499E-6 1.99136E-5 1.98406E-5 3.01738E-5 7.85881E-5 2.28515E-4 1.16013E-3 8.93785E-4 7.68539E-5 9.06856E-5 3.91546E-3 1.91752E-2 1.08355E-1 1.65746E-1 1.90221E-1 1.99471E-1 2.19908E-1 2.6999E-1 3.11679E-1 3.3834E-1 3.93005E-1 4.69218E-1 5.058E-1 5.12386E-1 5.11302E-1 5.14928E-1 4.5736E-1 2.54265E-1 3.88123E-2 3.34002E-2 1.6369E-3 7.48306E-4 7.07346E-4 1.64945E-2 2.82043E-3 1.42135E-4 3.37574E-5 3.02802E-3 2.32284E-2 3.18315E-2 5.53176E-3 2.20183E-4 9.17929E-6 2.42346E-6 3.08226E-7 3.13812E-8 3.51909E-9 1.05481E-7 1.61162E-8 7.23709E-9 5.64963E-9 1.36585E-8 4.43514E-8 1.71114E-7 1.93441E-7 5.07844E-7 1.67481E-8 2.71355E-9 1.1434E-9 3.98659E-9 3.0165E-9 9.09024E-10 8.00585E-11 3.94487E-11 2.16226E-10 6.61416E-11
1.70398E-6 1.48043E-6 1.53503E-6 4.69396E-6 9.682E-6 1.06827E-5 3.69757E-5 1.04921E-4 2.46913E-4 4.84973E-4 1.05576E-3 5.34983E-4 1.36205E-5 6.96956E-5 5.91318E-5 5.04308E-6 7.46489E-5 4.85711E-3 3.74579E-2 1.2866E-1 2.08436E-1 2.12095E-1 2.3748E-1 2.7012E-1 4.14306E-1 4.48659E-1 5.05382E-1 5.26596E-1 5.25636E-1 5.11541E-1 5.24997E-1 5.19685E-1 3.32133E-1 2.79422E-1 1.04993E-2 2.94828E-3 5.59031E-4 7.31211E-2 2.17441E-2 3.24428E-3 3.2484E-3 1.47145E-4 1.07353E-3 2.02714E-2 2.9625E-2 5.92392E-3 3.458E-5 5.85992E-6 8.67445E-7 2.31038E-7 6.34364E-9 7.45596E-8 6.76826E-10 1.61023E-9 8.36644E-10 4.8399E-10 2.42561E-10 1.03311E-8 3.39406E-9 1.41865E-7 1.04114E-7 3.05073E-6 3.8684E-8 1.56316E-10 4.65098E-9 2.2047E-9 5.01759E-10 5.16575E-11 -9999 -9999
1.31128E-6 9.73581E-7 8.26124E-7 3.23221E-6 3.73769E-6 6.31948E-6 2.49788E-5 7.0088E-5 1.82718E-4 6.23112E-4 7.20933E-4 1.97596E-4 2.92018E-5 2.10618E-4 1.31021E-3 7.83188E-3 1.43387E-2 7.5853E-4 1.17538E-4 4.63383E-4 1.05E-2 8.80617E-2 2.18709E-1 2.92625E-1 4.40281E-1 4.63222E-1 4.83975E-1 4.34867E-1 4.47949E-1 5.17454E-1 5.32044E-1 5.19812E-1 4.07519E-1 2.81465E-1 2.72377E-2 1.83806E-2 1.52483E-2 1.20635E-1 1.08167E-1 9.06789E-3 4.37376E-3 1.50638E-4 3.07562E-6 2.5776E-4 8.07234E-3 3.19499E-2 8.04963E-3 2.55154E-4 1.87636E-6 2.57836E-6 9.24503E-8 8.87889E-9 4.38522E-9 1.28673E-9 1.04506E-9 1.39222E-9 4.1726E-9 1.54969E-8 9.04134E-8 1.93751E-7 6.33796E-9 4.96434E-9 1.22755E-6 9.93303E-10 2.10765E-10 1.20414E-9 1.17514E-9 6.00775E-9 2.50764E-11 -9999
1.8751E-6 4.76777E-7 1.80077E-6 3.07632E-6 3.80263E-6 3.55304E-5 9.14726E-5 8.53312E-5 6.49567E-5 2.11197E-4 1.2087E-4 1.09694E-4 2.79022E-4 3.99524E-4 7.07142E-3 1.91331E-2 7.39253E-2 1.34079E-1 7.44767E-2 1.5291E-2 2.72045E-2 4.24814E-2 1.73886E-1 2.72429E-1 3.37993E-1 4.39117E-1 3.48008E-1 4.09556E-1 5.0227E-1 5.07183E-1 5.19087E-1 5.15055E-1 4.64701E-1 2.37033E-1 9.25418E-2 8.49952E-2 1.05796E-1 1.8138E-1 1.08002E-1 1.95268E-1 1.81102E-1 2.34399E-2 1.2461E-5 4.46609E-6 2.94869E-4 8.65576E-3 3.65907E-2 1.06663E-2 3.6411E-5 1.08341E-5 4.19139E-6 5.73309E-7 3.90055E-9 5.51999E-10 5.51536E-9 3.43762E-9 8.44306E-9 8.17188E-8 6.608E-10 9.61066E-9 1.82971E-9 2.73611E-10 4.75174E-8 4.80627E-8 2.52116E-10 3.62716E-11 2.76788E-10 1.06809E-9 6.63396E-9 -9999
1.49971E-6 3.53673E-7 3.13533E-6 4.25904E-6 1.14805E-5 4.83784E-5 2.19531E-4 1.64067E-4 1.24813E-4 1.53472E-4 3.45785E-4 4.51821E-4 1.965E-4 1.53094E-4 8.14464E-3 8.2906E-2 1.41553E-1 1.97581E-1 1.83434E-1 1.06371E-1 1.76069E-1 2.16592E-1 3.5319E-1 4.35987E-1 5.10895E-1 4.79814E-1 4.7163E-1 5.2979E-1 5.24744E-1 4.98458E-1 4.91127E-1 5.03194E-1 4.7681E-1 3.39797E-1 2.07938E-1 1.82661E-1 1.43567E-1 1.50391E-1 2.07854E-1 2.71428E-1 2.56234E-1 8.78283E-2 6.24662E-4 1.9375E-6 1.07144E-5 2.21768E-4 1.01143E-3 1.06744E-3 6.22366E-5 1.17353E-5 7.9743E-5 3.14362E-6 7.24719E-8 9.65965E-9 2.26954E-9 2.36804E-9 2.8496E-8 1.26697E-7 1.26483E-8 1.07909E-9 5.95381E-9 3.75517E-10 2.50451E-9 6.22987E-10 1.10207E-8 9.69096E-11 2.23668E-11 8.78815E-10 9.96548E-9 -9999
3.36604E-6 1.26072E-6 2.58294E-6 2.0355E-6 2.2729E-5 1.49524E-4 3.84457E-4 4.54114E-4 3.34303E-4 6.57193E-4 7.39475E-4 1.41932E-4 1.05819E-3 1.98411E-3 3.5946E-2 1.19653E-1 1.78899E-1 2.00404E-1 2.53543E-1 2.96068E-1 3.25252E-1 3.46163E-1 4.02692E-1 5.058E-1 5.57613E-1 5.53583E-1 5.41198E-1 5.4476E-1 5.34537E-1 5.16851E-1 5.18034E-1 5.05519E-1 5.05025E-1 4.83111E-1 3.8876E-1 3.39892E-1 2.89667E-1 2.05229E-1 1.42047E-1 1.83026E-1 2.73112E-1 2.14062E-1 7.11318E-2 2.54743E-4 8.09206E-4 7.43719E-5 3.44508E-5 1.91789E-4 2.14336E-5 2.60816E-4 1.72929E-3 2.14426E-4 1.24604E-6 1.49201E-6 3.58635E-7 1.46777E-9 1.49E-9 1.02985E-7 1.26064E-9 6.7967E-9 2.2933E-9 2.34579E-9 1.34125E-9 2.08441E-9 1.95202E-9 3.07992E-9 2.24421E-10 1.02587E-10 5.42738E-10 -9999
7.64777E-6 7.06884E-6 8.90341E-6 4.54878E-5 1.62091E-4 3.2045E-4 4.44402E-4 4.01443E-4 5.78323E-4 6.64245E-4 2.46124E-4 1.04825E-4 1.18038E-3 1.09713E-2 6.53341E-2 1.12565E-1 1.38198E-1 2.36071E-1 3.13694E-1 3.61114E-1 3.62162E-1 4.33679E-1 4.77604E-1 5.00023E-1 5.15248E-1 5.26884E-1 5.44059E-1 5.30408E-1 5.32221E-1 5.38824E-1 5.32662E-1 5.38588E-1 5.47612E-1 5.33412E-1 4.97811E-1 4.80829E-1 4.3996E-1 2.75658E-1 1.56297E-1 1.48751E-1 2.81874E-1 2.85818E-1 2.39257E-1 1.04034E-1 3.36255E-2 3.60777E-3 2.98595E-3 1.57463E-3 1.349E-4 1.0231E-4 7.96593E-4 9.00431E-5 3.39917E-5 2.48566E-5 1.2522E-7 2.5194E-8 1.1596E-9 4.62384E-9 1.55993E-8 1.32625E-8 1.97533E-8 9.61634E-9 6.5716E-9 2.07443E-9 1.45624E-9 5.62235E-10 4.10814E-9 7.57716E-9 8.20779E-10 2.44983E-8
2.57425E-5 2.04293E-5 4.42928E-5 1.32173E-4 2.66347E-4 3.45573E-4 2.36918E-4 2.18774E-4 5.15077E-4 4.42225E-4 1.91148E-4 3.41203E-4 9.46273E-4 3.88953E-3 1.8097E-2 9.49556E-2 1.98462E-1 3.10619E-1 3.631E-1 3.98492E-1 4.29761E-1 4.67038E-1 4.8618E-1 4.08805E-1 4.09963E-1 5.04541E-1 5.5163E-1 5.46178E-1 5.46372E-1 5.36798E-1 5.40794E-1 5.44003E-1 5.44468E-1 5.26186E-1 5.31176E-1 5.28428E-1 4.98877E-1 3.92697E-1 2.72815E-1 1.91732E-1 2.28971E-1 2.14992E-1 1.33189E-1 8.95938E-2 1.47431E-2 1.02271E-2 3.46633E-3 6.49337E-4 5.64146E-4 6.60139E-4 3.00231E-4 1.5025E-4 3.33471E-5 7.67528E-6 3.79668E-5 2.64831E-7 1.69503E-8 1.18345E-9 1.99693E-9 7.72125E-9 4.38522E-9 1.12669E-8 4.06051E-9 1.14402E-9 1.85848E-10 1.18092E-9 9.71397E-11 4.43205E-9 9.88603E-8 6.01991E-9
3.02153E-5 4.91818E-5 1.06786E-4 2.06546E-4 2.92575E-4 2.52978E-4 2.8945E-4 5.5426E-4 3.61961E-4 2.33199E-4 4.76797E-4 1.42298E-3 7.06103E-3 2.24524E-2 6.08217E-2 9.78813E-2 2.44929E-1 3.43781E-1 3.81952E-1 4.14391E-1 4.46367E-1 4.73039E-1 4.66026E-1 5.13372E-1 5.46187E-1 5.44602E-1 5.34941E-1 5.29373E-1 5.26572E-1 5.12556E-1 5.13387E-1 5.13729E-1 5.09079E-1 5.28666E-1 5.4465E-1 5.65165E-1 5.62028E-1 5.13201E-1 4.27556E-1 3.41827E-1 2.72099E-1 2.05392E-1 9.92521E-2 2.37895E-2 3.28138E-3 9.40435E-4 8.62815E-5 1.23104E-4 9.06837E-5 2.34582E-5 3.13967E-5 2.93805E-5 3.61494E-5 6.19893E-5 3.10942E-5 1.23243E-6 5.70246E-8 4.49475E-8 2.28268E-9 2.03695E-9 5.66922E-9 2.68617E-8 4.73522E-9 1.52217E-9 1.7114E-9 5.29759E-9 6.58952E-10 1.32937E-9 3.69523E-9 6.18376E-8
1.23721E-4 2.06562E-4 2.90415E-4 2.93292E-4 3.7667E-4 4.40174E-4 5.99512E-4 5.40195E-4 2.02728E-4 4.95694E-4 6.46039E-4 3.23852E-3 2.03501E-3 4.10428E-3 2.86388E-3 3.10064E-2 1.31053E-1 2.82974E-1 3.78004E-1 4.11845E-1 4.41052E-1 4.61965E-1 4.63231E-1 5.082E-1 5.28638E-1 5.3151E-1 4.95416E-1 5.1492E-1 5.01076E-1 4.76463E-1 4.60088E-1 4.4738E-1 4.4846E-1 4.75437E-1 5.13428E-1 5.78778E-1 5.93864E-1 5.86554E-1 5.47873E-1 5.02183E-1 4.36164E-1 3.38285E-1 1.95434E-1 7.50856E-2 1.91844E-2 3.28095E-3 1.22621E-4 3.83495E-6 3.5114E-5 6.02226E-6 2.01713E-6 1.6739E-7 3.98292E-8 4.13442E-6 1.54307E-5 3.66085E-6 3.02388E-6 3.49336E-8 3.40183E-8 9.08188E-8 4.25901E-9 2.28268E-9 5.36613E-9 3.84303E-9 3.1634E-9 6.26902E-9 1.6439E-8 2.80007E-8 4.48172E-10 6.96341E-8
3.95811E-4 3.52151E-4 2.97166E-4 4.55179E-4 5.48829E-4 5.97986E-4 6.21686E-4 4.90002E-4 8.26329E-4 2.40469E-3 1.33139E-3 2.76128E-3 8.45155E-4 1.14128E-3 7.12183E-3 4.4964E-2 1.20957E-1 1.79516E-1 3.62445E-1 4.05043E-1 4.21632E-1 4.43179E-1 4.59529E-1 4.8278E-1 5.09688E-1 5.17707E-1 5.07876E-1 4.42475E-1 4.03937E-1 3.9371E-1 4.64934E-1 5.04453E-1 5.36746E-1 5.5163E-1 5.86501E-1 6.14305E-1 6.25772E-1 6.22904E-1 6.15866E-1 5.94716E-1 5.74483E-1 5.12815E-1 4.03055E-1 3.59564E-1 1.99519E-1 6.57353E-2 8.7139E-3 1.90585E-4 4.10248E-6 3.96605E-7 4.3235E-8 3.44284E-10 4.00168E-12 1.4107E-8 1.79916E-5 2.86117E-6 9.97492E-7 5.55143E-6 2.25847E-6 2.60902E-7 4.71084E-9 7.41911E-9 2.9372E-9 1.56546E-9 1.95462E-9 1.59362E-9 1.89766E-9 2.89109E-8 1.74088E-9 6.29585E-9
5.80566E-4 2.41986E-4 4.3849E-4 6.16366E-4 6.40109E-4 5.3224E-4 5.68344E-4 6.8386E-4 1.21571E-3 4.75631E-3 4.39917E-3 2.46886E-3 4.07209E-3 1.51374E-2 2.84971E-2 1.05243E-1 2.51414E-1 3.17853E-1 3.62354E-1 3.85946E-1 3.98524E-1 3.96451E-1 4.05867E-1 4.36067E-1 4.7094E-1 4.87877E-1 4.98353E-1 4.91709E-1 4.6602E-1 5.17786E-1 5.65322E-1 5.64446E-1 5.56945E-1 5.44767E-1 5.63654E-1 5.88256E-1 6.13805E-1 6.27793E-1 6.32724E-1 6.3183E-1 6.20726E-1 5.98954E-1 5.63487E-1 5.72118E-1 4.89314E-1 3.1064E-1 1.41643E-1 3.90087E-2 3.00072E-3 5.07135E-5 2.11713E-6 1.30236E-10 3.61178E-14 1.13903E-8 3.0794E-8 9.93576E-6 6.11245E-6 3.38667E-6 9.51018E-6 3.35272E-6 1.59504E-8 8.45989E-8 2.64471E-8 1.49292E-7 6.25147E-9 1.03899E-9 2.15946E-9 -9999 -9999 7.08518E-10
4.86844E-4 6.80801E-4 6.13126E-4 5.10518E-4 4.05163E-4 4.38527E-4 4.77777E-4 4.16763E-4 8.46283E-4 3.53424E-3 1.56447E-2 1.27872E-2 2.69412E-2 7.51932E-2 8.9325E-2 1.69247E-1 2.70594E-1 3.3467E-1 3.50115E-1 3.66621E-1 3.74674E-1 3.81999E-1 3.84242E-1 4.15654E-1 4.28037E-1 4.43312E-1 4.59768E-1 4.83938E-1 5.10658E-1 5.35128E-1 5.54429E-1 5.53959E-1 5.42629E-1 5.37159E-1 5.41549E-1 5.649E-1 5.83605E-1 6.09376E-1 6.23341E-1 6.27532E-1 6.32724E-1 6.23889E-1 6.06053E-1 5.94253E-1 5.75664E-1 4.99747E-1 3.8558E-1 2.12906E-1 6.06256E-2 4.19963E-3 4.03522E-5 4.9913E-8 2.1934E-15 7.2264E-18 8.24772E-8 8.58913E-6 1.61263E-5 2.95001E-6 7.02025E-6 1.83272E-5 3.42274E-7 7.00733E-8 2.9874E-9 8.47615E-8 8.78473E-7 4.67863E-8 5.44757E-9 -9999 -9999 -9999
8.30514E-4 6.19493E-4 4.34728E-4 3.70925E-4 4.04904E-4 6.30379E-4 6.46879E-4 1.16229E-3 2.13224E-3 1.6593E-3 2.23699E-2 5.10174E-2 7.9129E-2 1.28609E-1 1.938E-1 2.15594E-1 3.03103E-1 3.2814E-1 3.40606E-1 3.48554E-1 3.61184E-1 3.65069E-1 3.67453E-1 3.73865E-1 3.84942E-1 3.9772E-1 4.1388E-1 4.36588E-1 4.68177E-1 4.99053E-1 5.29939E-1 5.38513E-1 5.38267E-1 5.20897E-1 5.15997E-1 5.33875E-1 5.4853E-1 5.74213E-1 5.9923E-1 6.16684E-1 6.31539E-1 6.25492E-1 6.14177E-1 6.06875E-1 5.89953E-1 5.70978E-1 5.04514E-1 3.67717E-1 1.92346E-1 5.40346E-2 1.66825E-3 4.26464E-6 2.18927E-9 2.19651E-16 4.35061E-20 1.10046E-14 1.51986E-8 5.69265E-6 4.95103E-7 9.36508E-6 9.93248E-6 7.98079E-8 4.99771E-9 9.15366E-8 1.20299E-6 1.80964E-6 5.68275E-7 5.23188E-6 -9999 -9999
6.8386E-4 1.13535E-3 7.3728E-4 6.41397E-4 7.55813E-4 1.00095E-3 1.62663E-3 2.14576E-3 4.00322E-3 3.87579E-3 1.08075E-2 6.47954E-2 1.1247E-1 1.23052E-1 1.58457E-1 1.07971E-1 2.79129E-1 3.13909E-1 3.28208E-1 3.37863E-1 3.4379E-1 3.40606E-1 3.40606E-1 3.42199E-1 3.43129E-1 3.56462E-1 3.70853E-1 3.86777E-1 4.20952E-1 4.61699E-1 4.90873E-1 5.02325E-1 5.03259E-1 4.91211E-1 4.95495E-1 4.98248E-1 5.22042E-1 5.46187E-1 5.78827E-1 6.12415E-1 6.34176E-1 6.32844E-1 6.22E-1 6.06875E-1 5.87489E-1 5.77359E-1 5.43975E-1 4.67759E-1 3.39017E-1 1.86828E-1 1.62778E-2 7.47161E-5 1.87416E-8 2.46202E-9 2.99437E-14 6.67889E-13 2.67563E-10 9.76223E-9 8.54911E-8 4.04789E-7 1.15873E-5 8.00557E-7 1.00301E-7 3.77462E-8 3.58887E-7 1.02603E-7 5.97195E-8 1.22763E-5 -9999 -9999
2.73758E-3 1.23153E-3 1.47441E-3 1.39102E-3 1.74908E-3 1.88856E-3 2.59487E-3 3.6078E-3 6.08274E-3 6.36765E-3 1.55179E-2 1.96766E-2 9.61778E-2 1.16021E-1 8.12544E-2 4.87112E-2 2.5493E-1 3.06826E-1 3.12066E-1 3.21757E-1 3.21757E-1 3.18209E-1 2.9734E-1 3.00549E-1 3.08577E-1 3.23021E-1 3.32627E-1 3.48554E-1 3.79417E-1 4.15654E-1 4.49962E-1 4.71535E-1 4.73085E-1 4.66978E-1 4.60431E-1 4.82057E-1 4.99297E-1 5.25846E-1 5.61376E-1 6.00673E-1 6.30389E-1 6.39018E-1 6.20171E-1 5.97144E-1 5.80621E-1 5.66526E-1 5.5799E-1 5.23811E-1 4.40561E-1 3.47631E-1 1.26506E-1 1.03651E-3 5.38462E-8 8.48081E-8 7.96945E-7 2.13159E-8 1.05895E-8 1.0367E-6 4.0574E-7 1.76858E-6 1.00224E-6 5.05198E-6 3.50141E-7 3.98348E-7 1.89481E-7 5.51465E-7 1.2631E-5 2.87078E-5 -9999 -9999
2.5824E-3 2.0808E-3 2.21112E-3 2.52462E-3 2.56447E-3 2.93696E-3 3.61129E-3 4.73078E-3 9.03576E-3 1.05447E-2 1.2777E-2 2.79578E-2 6.74214E-2 9.6883E-2 2.55063E-2 2.32987E-2 2.05535E-1 2.87782E-1 3.05677E-1 3.05589E-1 2.99179E-1 2.9269E-1 2.76615E-1 2.76615E-1 2.84639E-1 2.95914E-1 3.12066E-1 3.24984E-1 3.45379E-1 3.82049E-1 4.15654E-1 4.44983E-1 4.64592E-1 4.58958E-1 4.56055E-1 4.63887E-1 4.74596E-1 5.03456E-1 5.43902E-1 5.91768E-1 6.29075E-1 6.4474E-1 6.25904E-1 6.00453E-1 5.83749E-1 5.72519E-1 5.74841E-1 5.58446E-1 5.21219E-1 4.50819E-1 3.0832E-1 1.04019E-1 8.98782E-3 2.00911E-3 2.40146E-4 4.66538E-4 4.06397E-5 8.42187E-6 1.01463E-6 1.80891E-7 7.07551E-7 4.43338E-6 1.37753E-5 5.32035E-5 5.34358E-5 5.3162E-5 7.73425E-5 3.57522E-7 3.40247E-8 -9999
2.79245E-3 1.9964E-3 1.69021E-3 2.0573E-3 2.70635E-3 2.81555E-3 4.46441E-3 5.71193E-3 7.3679E-3 6.43852E-3 1.0017E-2 4.08691E-2 9.4738E-2 5.88926E-2 2.94057E-2 4.19886E-2 1.49924E-1 2.83382E-1 2.95933E-1 2.89274E-1 2.87307E-1 2.82409E-1 2.69831E-1 2.66612E-1 2.69831E-1 2.74919E-1 2.86212E-1 2.99179E-1 3.23552E-1 3.47477E-1 3.87608E-1 4.36091E-1 4.63327E-1 4.80274E-1 4.77676E-1 4.66864E-1 4.58958E-1 4.83715E-1 5.22986E-1 5.67399E-1 6.10001E-1 6.31042E-1 6.26158E-1 6.19237E-1 6.01432E-1 5.99562E-1 5.92359E-1 5.84522E-1 5.58456E-1 5.20768E-1 4.66881E-1 3.58015E-1 1.50598E-1 6.99105E-2 1.78062E-2 6.59916E-3 1.27373E-3 2.08215E-5 4.81233E-6 1.32633E-5 3.57149E-5 8.53117E-5 1.21978E-5 4.52455E-6 4.28371E-6 1.61235E-5 4.28169E-7 3.80964E-7 4.74063E-8 -9999
2.43167E-3 2.22851E-3 2.08655E-3 2.27627E-3 2.93083E-3 3.54702E-3 2.98181E-3 4.00322E-3 5.1287E-3 8.32536E-3 2.14506E-2 5.89105E-2 5.66118E-2 3.34742E-2 3.60972E-2 6.17341E-2 1.11253E-1 2.70153E-1 2.87725E-1 2.83529E-1 2.81891E-1 2.72091E-1 2.64564E-1 2.61344E-1 2.53333E-1 2.5653E-1 2.60198E-1 2.69831E-1 2.90903E-1 3.23552E-1 3.66996E-1 4.31569E-1 4.82456E-1 5.06749E-1 4.96083E-1 4.69362E-1 4.51611E-1 4.66188E-1 5.01147E-1 5.33202E-1 5.73455E-1 5.93961E-1 6.06148E-1 6.08723E-1 6.09598E-1 6.10767E-1 6.1935E-1 6.14003E-1 5.91078E-1 5.75139E-1 5.80882E-1 5.27432E-1 3.99784E-1 1.78193E-1 1.10619E-1 2.08945E-2 2.23248E-3 1.27528E-4 5.83334E-4 4.4272E-4 2.24166E-5 5.92976E-6 2.40475E-5 5.13216E-5 5.66085E-5 2.77524E-6 2.17291E-7 5.99259E-8 3.07981E-8 5.51689E-8
1.94998E-3 1.24604E-3 1.74105E-3 2.51077E-3 3.13423E-3 2.99749E-3 4.46413E-3 7.78596E-3 9.15236E-3 8.69004E-3 2.96665E-2 5.66877E-2 3.22476E-2 3.67786E-2 4.12776E-2 1.11552E-1 1.45425E-1 2.67598E-1 2.80677E-1 2.78618E-1 2.73017E-1 2.71382E-1 2.64861E-1 2.49503E-1 2.46316E-1 2.43141E-1 2.39078E-1 2.43804E-1 2.59737E-1 2.97424E-1 3.47974E-1 4.22852E-1 5.02139E-1 5.29477E-1 5.00838E-1 4.6495E-1 4.48462E-1 4.51806E-1 4.7094E-1 5.04021E-1 5.25583E-1 5.49972E-1 5.6343E-1 5.95057E-1 6.19813E-1 6.23063E-1 6.25099E-1 6.32676E-1 6.27596E-1 6.20638E-1 6.05994E-1 5.59337E-1 4.63958E-1 3.74698E-1 2.40718E-1 9.91344E-2 8.51055E-3 8.18554E-4 3.55239E-4 7.05441E-5 1.29412E-4 1.12707E-5 3.32373E-5 3.9503E-5 1.19872E-4 7.04287E-5 1.82453E-6 1.23115E-7 4.49112E-6 1.84114E-6
2.0139E-3 6.84805E-4 2.45685E-3 6.66632E-3 1.48885E-2 1.26559E-2 9.61207E-3 1.23832E-2 2.17656E-2 2.81906E-2 4.79714E-2 3.75171E-2 3.24921E-2 3.20126E-2 7.47088E-2 1.09067E-1 1.11928E-1 2.37665E-1 2.73916E-1 2.73017E-1 2.66229E-1 2.63981E-1 2.54237E-1 2.43929E-1 2.36007E-1 2.29729E-1 2.23509E-1 2.20422E-1 2.32125E-1 2.6941E-1 3.20126E-1 3.94865E-1 5.10464E-1 5.3193E-1 4.85175E-1 4.48104E-1 4.30865E-1 4.3142E-1 4.46782E-1 4.69781E-1 4.83335E-1 5.02614E-1 5.45325E-1 6.02784E-1 6.25524E-1 6.23896E-1 6.25831E-1 6.36715E-1 6.38772E-1 6.34067E-1 6.09225E-1 5.66622E-1 5.24534E-1 4.65392E-1 4.09206E-1 2.39174E-1 5.40346E-2 8.02741E-4 6.45053E-5 5.22458E-5 1.20569E-5 1.21954E-5 5.74941E-6 4.20836E-6 7.18465E-6 2.37539E-5 2.21799E-5 5.16774E-6 2.86615E-6 7.13804E-8
2.5948E-3 3.18181E-3 8.14448E-3 7.5354E-3 1.14171E-2 2.38628E-2 2.27556E-2 2.35307E-2 2.8464E-2 3.10855E-2 3.45996E-2 4.05419E-2 4.8403E-2 6.33106E-2 1.08002E-1 1.36742E-1 7.74529E-2 2.50283E-1 2.71804E-1 2.63236E-1 2.55244E-1 2.51567E-1 2.4512E-1 2.38723E-1 2.30328E-1 2.22529E-1 2.16361E-1 2.08746E-1 2.14297E-1 2.59993E-1 2.98327E-1 3.60943E-1 4.38004E-1 4.59529E-1 4.26444E-1 4.04597E-1 4.02765E-1 4.09533E-1 4.18501E-1 4.3142E-1 4.45096E-1 4.67778E-1 5.22986E-1 5.84787E-1 6.06166E-1 6.10612E-1 6.14157E-1 6.31643E-1 6.4432E-1 6.42947E-1 6.27398E-1 6.02342E-1 6.01601E-1 5.5603E-1 4.85517E-1 3.92496E-1 2.07131E-1 1.06814E-2 6.46764E-6 9.82887E-7 5.8821E-7 6.01994E-7 1.34308E-8 1.09242E-7 1.52444E-8 2.16015E-7 1.27839E-6 7.98219E-6 1.51313E-6 5.21082E-7
3.56414E-3 1.12892E-3 7.78243E-4 2.70979E-3 7.24539E-3 1.02294E-2 1.17711E-2 1.36827E-2 1.77534E-2 3.14087E-2 4.82535E-2 6.49375E-2 7.72934E-2 1.03787E-1 1.43632E-1 1.73842E-1 1.64743E-1 2.60737E-1 2.6761E-1 2.59098E-1 2.42306E-1 2.37506E-1 2.31154E-1 2.32737E-1 2.26429E-1 2.23298E-1 2.18324E-1 2.12183E-1 2.26094E-1 2.47793E-1 2.8451E-1 3.23089E-1 3.64172E-1 3.76829E-1 3.73656E-1 3.65408E-1 3.70166E-1 3.82254E-1 4.02765E-1 4.16716E-1 4.25594E-1 4.41709E-1 5.12078E-1 5.6341E-1 5.83882E-1 5.95538E-1 5.97233E-1 6.15381E-1 6.44543E-1 6.51417E-1 6.40571E-1 6.36992E-1 6.41807E-1 6.21129E-1 5.63478E-1 4.94232E-1 3.48489E-1 1.24549E-1 1.90492E-3 1.20116E-7 5.5423E-11 9.52037E-11 6.90848E-12 2.1652E-12 5.91224E-12 2.74949E-10 2.08559E-8 5.7701E-7 1.45518E-6 6.07553E-7
3.66994E-3 2.12992E-3 5.55784E-4 7.45483E-4 4.19518E-3 1.16186E-2 1.9537E-2 2.57296E-2 4.05194E-2 6.77899E-2 8.34853E-2 9.19631E-2 1.00314E-1 1.09067E-1 1.27401E-1 1.47347E-1 1.52947E-1 2.47473E-1 2.69098E-1 2.494E-1 2.34559E-1 2.26641E-1 2.25069E-1 2.25069E-1 2.26641E-1 2.29797E-1 2.25069E-1 2.18632E-1 2.2766E-1 2.41915E-1 2.67247E-1 2.91108E-1 3.19281E-1 3.31338E-1 3.29976E-1 3.26831E-1 3.33353E-1 3.54235E-1 3.84136E-1 4.19106E-1 4.31569E-1 4.41271E-1 4.99053E-1 5.58419E-1 5.83079E-1 5.80082E-1 5.57259E-1 5.75983E-1 6.31797E-1 6.54359E-1 6.57534E-1 6.51141E-1 6.55313E-1 6.36874E-1 6.01866E-1 5.53045E-1 3.77823E-1 2.04354E-1 4.77485E-2 7.21886E-4 4.20879E-7 1.98717E-9 3.60082E-9 5.34135E-12 1.47538E-15 1.15154E-12 3.06888E-9 3.50813E-7 8.99788E-7 8.48051E-6
7.06135E-3 2.29322E-2 2.96179E-2 1.25558E-2 7.1219E-3 1.58028E-2 3.77468E-2 5.55411E-2 6.53086E-2 9.57495E-2 1.2908E-1 1.23894E-1 1.29191E-1 1.15312E-1 1.00417E-1 1.64101E-1 1.1408E-1 2.756E-1 2.71646E-1 2.34559E-1 2.17333E-1 2.18889E-1 2.17333E-1 2.18889E-1 2.29895E-1 2.3467E-1 2.31483E-1 2.28217E-1 2.28E-1 2.35913E-1 2.51567E-1 2.71158E-1 2.87004E-1 2.97722E-1 3.01625E-1 3.04925E-1 3.1191E-1 3.34982E-1 3.67283E-1 3.97223E-1 4.08304E-1 4.29802E-1 4.97593E-1 5.5843E-1 5.8571E-1 5.87695E-1 5.47483E-1 5.5843E-1 6.21354E-1 6.47624E-1 6.58473E-1 6.62749E-1 6.56597E-1 6.57661E-1 5.86676E-1 5.33753E-1 4.48685E-1 3.23872E-1 1.77018E-1 4.93289E-2 4.04131E-4 1.50827E-5 5.03731E-7 7.69384E-9 4.02616E-10 1.06314E-12 3.75051E-10 1.45876E-6 2.01491E-4 7.72625E-5
2.58502E-2 1.3972E-1 1.90577E-1 2.36844E-1 1.2948E-1 3.08637E-2 4.20442E-2 1.21667E-1 1.58017E-1 1.71038E-1 1.76471E-1 1.60169E-1 1.55111E-1 9.10401E-2 1.51567E-1 2.13522E-1 1.53145E-1 2.94163E-1 2.68117E-1 2.2831E-1 2.12627E-1 2.15723E-1 2.15782E-1 2.14235E-1 2.25116E-1 2.3146E-1 2.2828E-1 2.18889E-1 2.22013E-1 2.21936E-1 2.37753E-1 2.51992E-1 2.71657E-1 2.76106E-1 2.80392E-1 2.86157E-1 3.03275E-1 3.25053E-1 3.57708E-1 3.78412E-1 3.87344E-1 4.1708E-1 4.79422E-1 5.46639E-1 5.75206E-1 5.83765E-1 5.72992E-1 6.06636E-1 6.25391E-1 6.37417E-1 6.46591E-1 6.61088E-1 6.5496E-1 6.49588E-1 6.5236E-1 5.97842E-1 5.38264E-1 4.50503E-1 3.3355E-1 1.91856E-1 1.78212E-2 2.49676E-3 3.43325E-3 6.70486E-4 8.79521E-7 4.14463E-6 6.64887E-8 1.38089E-6 6.45663E-7 2.5057E-6
6.32724E-2 2.09161E-1 2.77852E-1 2.99176E-1 2.98607E-1 1.65548E-1 1.2553E-1 1.63317E-1 1.83367E-1 1.21708E-1 1.23369E-1 1.15129E-1 1.26576E-1 2.12594E-1 2.1693E-1 1.66012E-1 2.59916E-1 3.08928E-1 2.73675E-1 2.4096E-1 2.26696E-1 2.17278E-1 2.14173E-1 2.12627E-1 2.17278E-1 2.15723E-1 2.12627E-1 2.11086E-1 2.08092E-1 2.15782E-1 2.2673E-1 2.42701E-1 2.52286E-1 2.65064E-1 2.69513E-1 2.73805E-1 2.9276E-1 3.18135E-1 3.44497E-1 3.62558E-1 3.73806E-1 3.93904E-1 4.40441E-1 4.97106E-1 5.39395E-1 5.58877E-1 5.67617E-1 5.94578E-1 6.12009E-1 6.0589E-1 6.16166E-1 6.34324E-1 6.46794E-1 6.57469E-1 6.62065E-1 6.50088E-1 6.05308E-1 5.32077E-1 4.2831E-1 2.8753E-1 1.06739E-1 2.99001E-2 2.40293E-2 3.78002E-2 1.39324E-2 1.93692E-4 9.06613E-9 3.97117E-8 3.43269E-6 3.12542E-7
2.10948E-1 2.37975E-1 2.53185E-1 2.50733E-1 2.73017E-1 2.84639E-1 2.16189E-1 1.72081E-1 1.65089E-1 1.58506E-1 1.71285E-1 1.92275E-1 2.54763E-1 2.61753E-1 2.76925E-1 2.14513E-1 3.39969E-1 3.1677E-1 2.94152E-1 2.67256E-1 2.4096E-1 2.18837E-1 2.09549E-1 2.0649E-1 2.01937E-1 2.0649E-1 2.04967E-1 2.01937E-1 2.00429E-1 2.0649E-1 2.18837E-1 2.33055E-1 2.49207E-1 2.60649E-1 2.68704E-1 2.74965E-1 2.91036E-1 3.05277E-1 3.17622E-1 3.34202E-1 3.41213E-1 3.64082E-1 3.98154E-1 4.50357E-1 4.92153E-1 5.2119E-1 5.46074E-1 5.72102E-1 5.82253E-1 5.69764E-1 5.49993E-1 5.48694E-1 6.26868E-1 6.54261E-1 6.60437E-1 6.59545E-1 6.50827E-1 5.78203E-1 4.76891E-1 3.80928E-1 2.64742E-1 1.37378E-1 9.12806E-2 1.19325E-1 1.20136E-1 9.78046E-3 3.17411E-5 7.6348E-7 8.97477E-7 3.47367E-7
1.94915E-1 2.071E-1 1.95245E-1 2.01202E-1 2.18313E-1 2.5736E-1 2.59097E-1 2.1026E-1 1.97313E-1 2.03964E-1 2.32281E-1 2.23991E-1 2.51737E-1 2.86877E-1 2.84427E-1 2.83978E-1 3.3951E-1 3.34964E-1 3.1794E-1 2.92458E-1 2.58961E-1 2.21968E-1 2.03252E-1 1.98721E-1 1.98926E-1 1.98926E-1 1.94448E-1 1.94236E-1 1.94236E-1 2.03252E-1 2.20232E-1 2.3612E-1 2.49096E-1 2.62271E-1 2.72319E-1 2.72016E-1 2.78664E-1 2.78282E-1 2.84386E-1 2.98621E-1 3.13608E-1 3.33601E-1 3.68701E-1 4.07612E-1 4.49299E-1 4.81667E-1 5.17755E-1 5.50288E-1 5.7027E-1 5.65453E-1 5.48976E-1 5.64231E-1 6.38722E-1 6.48884E-1 6.13693E-1 6.21816E-1 6.62688E-1 6.17206E-1 5.15387E-1 4.46629E-1 3.87106E-1 2.77641E-1 2.23787E-1 2.07131E-1 1.59047E-1 5.22141E-2 5.98675E-3 1.36891E-4 2.7505E-5 6.36127E-6
