KUENM/Final_Models/M_0.1_F_lq_Set_2_NE/sp1_8_se_asia.asc
ncols         320
nrows         243
xllcorner     44.0
yllcorner     -0.666666666666667
cellsize      0.166666666666667
NODATA_value  -9999
[rows 31 to 61 of 243, columns 70 to 139 of 320]
1.15247E-2 1.20125E-2 1.18735E-2 1.20125E-2 1.20125E-2 1.13916E-2 1.12598E-2 1.02275E-2 5.42161E-3 3.46524E-3 7.5616E-3 8.68293E-3 8.09662E-3 5.24652E-3 3.97124E-3 3.23561E-3 4.04934E-3 5.49552E-3 7.01279E-3 7.38463E-3 7.29511E-3 7.27077E-3 7.09476E-3 6.84908E-3 5.90161E-3 2.14148E-3 3.65375E-3 2.26213E-3 6.93491E-4 2.99036E-3 5.7952E-3 6.82436E-3 5.91184E-3 6.17497E-3 5.44863E-3 3.21013E-3 2.01652E-3 1.26822E-3 7.51535E-4 1.31671E-4 1.34369E-4 2.83263E-5 1.66673E-5 1.41326E-6 1.77034E-7 3.2344E-7 2.79639E-7 7.73871E-8 2.60683E-8 1.65136E-8 2.37087E-9 3.41062E-9 5.35624E-10 5.42149E-9 1.12984E-8 3.05588E-8 3.78358E-8 6.70823E-8 2.50993E-8 1.53812E-8 2.52971E-8 1.05661E-8 2.57719E-9 1.19742E-9 4.66355E-10 1.20617E-10 5.12939E-11 3.27408E-10 2.59886E-11 3.14742E-11
1.19998E-2 1.19998E-2 1.19998E-2 1.19998E-2 1.13914E-2 1.08079E-2 1.16641E-2 1.06189E-2 7.05221E-3 4.18071E-3 8.38261E-3 8.57914E-3 7.7367E-3 3.32874E-3 7.04957E-4 6.93487E-4 1.62276E-3 3.48543E-3 5.25955E-3 6.5147E-3 6.86117E-3 7.2214E-3 7.85023E-3 4.81667E-3 6.35292E-3 8.14347E-3 5.95909E-3 6.25256E-3 2.68252E-3 2.11531E-3 4.53471E-3 4.99908E-3 4.34385E-3 5.46607E-3 7.76675E-3 6.44568E-3 5.29018E-3 4.08477E-3 3.05171E-3 1.89661E-3 1.55266E-3 5.43604E-4 1.39997E-5 2.79639E-7 6.56446E-6 8.51472E-5 1.79811E-5 7.64349E-7 4.28726E-8 9.75265E-8 1.0511E-7 2.1807E-8 1.56683E-8 1.48936E-8 9.68935E-9 2.29731E-8 2.27964E-8 4.19465E-9 5.44805E-9 1.91494E-9 1.66694E-9 7.51961E-10 3.88333E-10 3.44235E-10 1.52339E-10 3.19818E-10 2.82557E-10 2.17357E-10 7.3706E-10 1.44858E-10
1.26766E-2 1.2526E-2 1.2526E-2 1.17618E-2 8.56327E-3 5.70755E-3 8.77148E-3 8.40376E-3 5.37905E-3 5.63898E-3 9.34923E-3 8.76619E-3 7.05028E-3 4.50223E-3 1.42484E-3 4.95779E-4 2.42588E-4 1.62276E-3 3.03621E-3 2.86913E-3 3.3694E-3 6.03602E-3 7.86236E-3 5.08737E-3 3.5103E-3 1.01544E-2 1.13377E-2 1.08958E-2 9.63385E-3 8.10288E-3 6.01689E-3 4.60291E-3 6.17549E-3 6.0399E-3 5.90047E-3 3.57627E-3 2.0284E-3 4.05658E-3 5.64765E-3 4.53935E-3 3.19425E-3 2.23419E-3 8.78249E-4 5.36779E-4 2.20295E-4 2.7118E-6 1.69513E-7 3.0551E-7 1.57186E-7 1.34328E-7 3.07514E-8 2.35752E-9 1.75023E-9 2.50498E-9 1.22597E-9 1.41984E-9 1.39974E-9 1.60867E-9 4.04187E-9 2.15201E-9 1.88792E-9 1.27877E-9 3.29288E-9 5.73548E-9 1.78651E-9 1.43395E-9 8.66533E-10 2.5215E-9 4.363E-10 3.82702E-9
1.30396E-2 1.22557E-2 1.21079E-2 1.08072E-2 6.91003E-3 2.22063E-3 5.37418E-3 5.90863E-3 3.63017E-3 7.36564E-3 9.31012E-3 8.17128E-3 5.97815E-3 4.35158E-3 2.78165E-3 1.55055E-3 2.17676E-4 8.46542E-5 6.09637E-4 9.11598E-4 1.18893E-3 2.56681E-3 4.96014E-3 6.43715E-3 5.27449E-3 1.04508E-2 1.109E-2 1.39837E-2 1.47973E-2 1.40391E-2 1.39352E-2 1.22792E-2 8.42199E-3 7.07255E-3 3.46861E-3 8.21027E-4 1.81816E-3 2.95947E-3 1.85927E-3 1.1356E-3 3.63279E-4 5.85421E-5 7.72981E-6 1.62463E-6 2.60061E-6 7.89621E-7 2.04526E-7 4.56142E-7 6.94522E-8 2.10553E-8 7.99146E-9 6.65217E-9 3.2692E-9 3.6909E-9 2.41619E-9 2.34635E-9 6.9539E-9 4.07218E-9 2.77064E-9 7.93835E-9 1.34073E-8 2.54096E-9 3.77227E-9 2.96306E-8 1.60999E-8 6.03059E-9 6.5424E-10 3.25506E-10 4.70342E-9 1.75011E-8
1.27356E-2 1.25805E-2 1.19741E-2 1.05464E-2 4.93453E-3 3.60374E-3 7.04503E-3 3.33743E-3 1.47351E-3 4.77168E-3 8.87712E-3 8.07539E-3 5.84055E-3 3.38648E-3 2.34485E-3 2.3403E-3 1.47242E-3 3.47472E-4 2.47582E-4 1.07275E-3 1.37885E-3 8.7702E-4 2.36423E-3 4.49887E-3 4.90916E-3 8.27627E-3 6.86117E-3 1.02374E-2 1.45582E-2 1.50186E-2 1.05715E-2 1.179E-2 8.14347E-3 3.63817E-3 1.87201E-3 1.92397E-3 2.32418E-3 1.56758E-3 5.54739E-4 1.29342E-4 6.31841E-5 9.70762E-6 4.26602E-7 1.39141E-7 1.76227E-7 3.55631E-7 6.31585E-7 1.83677E-7 1.07178E-8 8.04813E-9 4.47722E-9 2.8935E-9 2.18303E-9 6.18031E-9 7.99869E-9 1.01709E-8 3.17535E-9 5.40763E-9 1.90141E-9 2.81129E-9 6.22455E-8 1.09697E-8 1.09697E-8 1.02322E-7 1.62835E-9 2.18064E-9 1.13077E-9 3.27774E-9 4.35634E-8 1.13815E-8
1.22678E-2 1.24209E-2 1.05766E-2 7.30651E-3 6.18723E-3 1.05663E-2 1.38443E-2 9.16318E-3 1.52554E-3 1.14584E-3 6.475E-3 7.60955E-3 5.57306E-3 4.27872E-3 2.81319E-3 2.75057E-3 2.65702E-3 1.92734E-3 6.39866E-4 2.67444E-4 9.08137E-4 1.18327E-3 1.96124E-3 3.16631E-3 1.70531E-3 1.7581E-3 6.79663E-3 7.38935E-3 1.26524E-2 1.4298E-2 1.20297E-2 1.26737E-2 7.69266E-3 3.16659E-3 3.65031E-3 4.07051E-3 2.20507E-3 1.12829E-3 4.16752E-4 3.91833E-4 9.82441E-5 1.65297E-5 6.45111E-6 5.46361E-7 5.4228E-7 8.77514E-8 1.64628E-8 7.2922E-9 2.96575E-8 1.01969E-8 4.1805E-8 3.52156E-8 2.3688E-8 3.6909E-9 6.18031E-9 7.93835E-9 4.16385E-9 2.52971E-8 4.93531E-8 1.66754E-7 1.9238E-7 5.08743E-9 6.62738E-8 6.17312E-7 1.51129E-8 1.90837E-7 1.11523E-6 1.81738E-7 1.99814E-9 1.29828E-10
1.31742E-2 1.1395E-2 8.06873E-3 3.22566E-3 3.34784E-3 1.21162E-2 1.68017E-2 1.48362E-2 6.02007E-3 3.2611E-4 2.80717E-3 5.06796E-3 3.61507E-3 3.5541E-3 3.57264E-3 3.32044E-3 3.04297E-3 2.12649E-3 2.52876E-3 1.11432E-3 4.28773E-4 7.30689E-4 9.5648E-4 7.77324E-4 2.22159E-3 2.5909E-3 6.24509E-3 9.73454E-3 1.24149E-2 1.38675E-2 1.32409E-2 1.27875E-2 9.71849E-3 6.86117E-3 5.63414E-3 3.84306E-3 2.3907E-3 1.31312E-3 9.40553E-4 7.15337E-4 1.92816E-4 2.43457E-5 1.33651E-5 8.81628E-6 2.24804E-7 9.49905E-8 4.37338E-7 2.12434E-6 1.8454E-6 8.25573E-7 1.38808E-7 8.41E-8 3.05588E-8 3.03252E-8 1.20429E-8 3.71792E-9 2.67074E-8 3.46802E-8 1.57553E-6 6.4007E-6 1.1814E-6 1.04186E-8 1.92368E-6 1.23158E-5 3.30015E-6 1.68379E-6 2.01705E-8 3.38875E-10 3.52356E-10 6.24589E-9
1.25312E-2 8.97484E-3 5.49402E-3 2.22746E-3 3.22566E-3 1.03162E-2 1.56674E-2 1.65947E-2 9.05075E-3 1.20327E-3 1.2176E-3 3.86596E-3 3.76192E-3 2.76898E-3 3.30918E-3 3.57264E-3 3.58613E-3 2.94325E-3 3.2919E-3 2.65125E-3 1.31098E-3 5.27909E-4 3.17988E-4 1.73742E-4 4.46698E-4 1.82536E-4 6.28578E-4 5.67637E-3 1.21605E-2 1.4618E-2 1.31342E-2 1.08513E-2 9.07927E-3 7.30581E-3 5.6123E-3 3.78883E-3 1.97215E-3 1.41992E-3 1.80232E-3 1.80232E-3 1.32794E-3 5.99514E-4 1.24853E-4 2.41613E-5 1.49458E-5 5.58975E-5 3.85241E-5 6.4007E-6 3.20388E-7 1.13405E-6 6.32745E-7 1.20171E-7 8.3042E-9 1.21344E-8 4.39045E-8 7.32351E-8 3.94255E-7 1.74969E-7 1.29776E-6 2.27068E-6 3.63859E-5 6.26989E-8 4.351E-6 6.22303E-5 2.76427E-6 5.16494E-7 6.17642E-8 3.93753E-9 9.32274E-9 2.34121E-9
1.16485E-2 9.21039E-3 4.50726E-3 4.41344E-3 4.96045E-3 7.74625E-3 1.45995E-2 1.74658E-2 1.51561E-2 7.26605E-3 1.87843E-3 3.50223E-3 5.37971E-3 4.53612E-3 4.41775E-3 3.92374E-3 3.42568E-3 2.941E-3 2.94325E-3 2.36652E-3 1.68641E-3 6.19926E-4 2.05469E-4 6.55211E-5 1.30911E-4 8.97876E-5 1.75475E-4 5.91131E-4 7.96282E-3 1.17583E-2 1.00489E-2 9.05477E-3 8.3223E-3 6.56279E-3 4.47759E-3 3.86788E-3 2.29206E-3 2.15402E-3 2.46303E-3 2.67286E-3 1.32402E-3 4.91271E-4 2.22141E-4 3.35821E-4 1.25024E-4 2.2856E-4 6.78599E-5 3.27096E-5 8.23169E-5 2.01164E-5 4.95532E-6 7.73041E-7 3.46802E-8 2.62999E-8 5.05217E-8 2.49527E-7 1.80039E-6 9.46002E-7 7.77257E-6 1.08351E-4 2.89448E-5 3.6789E-6 6.85266E-5 1.16105E-5 2.18086E-7 2.97203E-9 6.59778E-9 1.24018E-8 3.06958E-9 1.58653E-9
9.80582E-3 1.00575E-2 7.27545E-3 5.06053E-3 3.68899E-3 4.21198E-3 1.04452E-2 1.52813E-2 1.79062E-2 1.57301E-2 2.03533E-3 2.49011E-3 7.81792E-3 7.76279E-3 6.87532E-3 3.74484E-3 3.49092E-3 1.75136E-3 9.36132E-4 9.06105E-4 1.16422E-3 3.78278E-4 1.55512E-4 1.70155E-4 4.02918E-4 4.76041E-4 6.53432E-4 3.05226E-4 4.67101E-3 1.00605E-2 8.6771E-3 9.08646E-3 8.5651E-3 5.815E-3 4.97927E-3 3.03274E-3 1.64007E-3 1.85888E-3 3.06584E-3 1.32263E-3 8.16458E-4 1.26448E-3 1.14137E-3 2.01688E-4 1.23618E-4 8.17422E-5 5.08867E-4 1.08607E-4 5.25487E-6 3.8603E-6 2.18278E-7 1.83216E-8 2.69124E-8 1.72204E-7 2.42362E-6 3.51309E-5 4.79155E-5 4.79331E-7 6.26413E-5 5.68696E-4 4.49925E-5 7.2745E-5 1.53705E-5 1.65924E-6 7.69746E-8 5.99941E-8 2.19755E-7 5.20558E-9 6.77698E-9 1.4949E-8
4.8111E-3 1.05679E-2 7.88774E-3 4.50726E-3 2.57221E-3 2.67031E-3 8.39993E-3 1.12536E-2 1.19662E-2 1.48362E-2 1.06974E-2 8.30517E-3 1.13729E-2 1.02277E-2 9.65506E-3 7.88635E-3 6.49959E-3 4.4521E-3 1.44345E-3 1.94491E-3 2.03409E-3 1.3938E-3 9.67441E-4 1.82305E-4 6.72787E-5 5.65658E-4 1.38223E-3 1.7935E-3 4.60496E-3 7.9215E-3 1.21527E-2 1.09231E-2 8.38978E-3 5.87535E-3 5.87535E-3 5.05063E-3 3.79511E-3 3.44097E-3 2.90879E-3 2.33242E-3 3.0405E-3 2.13899E-3 2.96738E-3 2.86215E-3 1.47468E-3 6.47985E-4 5.38597E-4 1.982E-5 2.67787E-6 3.02718E-7 1.17338E-7 1.44792E-6 9.49841E-7 3.66408E-6 1.59165E-4 1.40892E-4 1.02491E-5 5.11543E-6 9.07762E-4 1.72379E-3 1.58172E-4 7.09624E-6 5.35995E-5 1.07476E-5 2.96794E-6 3.17532E-6 1.62821E-7 1.2392E-9 4.63243E-8 2.10568E-6
5.02952E-3 7.59313E-3 6.28596E-3 5.06053E-3 4.35849E-3 4.68022E-3 7.55498E-3 1.04457E-2 1.05766E-2 1.1538E-2 1.38443E-2 1.53959E-2 1.33731E-2 1.05168E-2 1.06451E-2 9.15014E-3 8.60683E-3 6.57672E-3 4.40066E-3 3.28269E-3 5.77854E-4 2.26473E-4 3.4043E-4 4.2374E-4 1.47721E-4 1.00413E-4 1.3938E-3 2.0115E-3 4.08202E-3 8.86866E-3 1.18024E-2 1.29357E-2 1.06189E-2 7.21959E-3 4.79379E-3 5.2973E-3 5.98565E-3 3.85487E-3 3.20823E-3 7.21959E-3 7.13774E-3 6.03262E-3 5.37537E-3 2.77791E-3 2.52876E-3 1.57131E-3 8.80045E-4 1.21791E-4 6.12762E-5 3.56513E-6 4.53902E-6 7.79698E-6 1.45617E-5 2.24266E-4 8.9287E-4 2.33569E-4 3.37396E-5 3.23462E-5 1.4469E-3 8.62476E-4 1.16572E-4 5.83293E-4 2.70825E-4 7.4018E-5 2.50512E-6 6.34897E-8 1.84685E-8 1.10966E-8 1.01619E-6 8.7377E-6
3.98961E-3 8.31814E-3 7.29498E-3 5.29074E-3 6.25867E-3 4.52509E-3 5.96071E-3 9.07373E-3 7.84339E-3 4.07634E-3 6.37334E-3 1.41897E-2 1.4365E-2 1.08072E-2 1.05168E-2 9.04082E-3 6.95776E-3 7.12506E-3 5.30951E-3 3.34765E-3 2.09063E-3 1.44345E-3 3.51023E-4 2.8116E-4 4.10283E-4 2.8418E-4 1.17485E-3 1.60531E-3 1.6868E-3 7.05221E-3 1.26766E-2 1.4374E-2 9.77149E-3 4.99657E-3 6.05766E-3 8.66686E-3 8.00936E-3 7.57796E-3 8.61419E-3 8.35912E-3 7.45373E-3 6.05627E-3 4.32842E-3 2.84527E-3 1.13897E-3 7.31201E-4 3.12504E-4 3.1578E-4 8.13548E-5 5.5621E-5 5.24546E-5 2.00046E-5 1.91653E-4 8.09482E-4 1.86735E-3 5.45944E-4 3.64333E-4 6.38781E-4 5.14241E-3 1.3486E-3 2.31545E-3 1.97858E-3 3.08935E-4 5.69937E-6 3.55571E-8 2.29831E-6 9.19992E-6 1.48549E-5 3.40172E-5 9.51014E-6
4.90302E-3 8.53403E-3 9.20917E-3 6.98151E-3 7.46083E-3 8.19183E-3 6.22573E-3 8.82933E-3 7.71452E-3 3.21807E-3 1.96363E-3 1.28898E-2 1.50594E-2 1.28922E-2 1.32102E-2 1.15121E-2 6.87532E-3 4.59007E-3 2.83427E-3 1.88373E-3 8.7545E-4 1.17062E-3 1.44345E-3 4.91679E-4 4.48238E-4 7.42362E-4 1.45982E-3 1.79639E-3 1.26069E-3 1.4832E-3 8.40376E-3 1.38711E-2 1.19616E-2 8.71926E-3 1.06761E-2 9.62446E-3 9.27675E-3 7.58208E-3 8.48049E-3 7.35573E-3 6.18707E-3 1.37943E-3 1.50018E-3 2.59669E-3 2.87456E-3 3.14369E-3 1.37848E-3 1.57861E-3 1.22928E-3 4.7109E-4 8.54943E-5 2.24974E-4 1.02381E-3 2.31593E-3 3.57397E-3 3.83896E-3 4.95247E-3 4.58762E-3 5.78847E-4 8.77467E-4 1.02048E-3 2.61553E-4 3.69251E-5 4.24407E-6 4.2129E-6 6.781E-5 1.32468E-4 1.05E-4 1.85305E-5 7.33611E-5
2.04073E-3 5.94994E-3 6.10267E-3 7.27545E-3 6.78025E-3 5.96071E-3 6.38292E-3 8.96127E-3 1.01811E-2 7.48928E-3 6.95929E-3 1.8934E-2 1.94078E-2 1.57786E-2 1.67263E-2 1.37034E-2 1.10732E-2 8.56327E-3 5.98627E-3 4.82289E-3 2.83427E-3 1.2677E-3 3.7603E-4 3.53714E-4 1.00772E-3 8.65649E-4 5.34899E-4 1.61674E-3 4.53612E-3 3.25481E-3 4.11485E-3 1.02908E-2 1.2275E-2 1.2275E-2 1.00404E-2 1.08425E-2 1.0188E-2 9.68567E-3 9.56498E-3 8.17008E-3 8.00535E-3 5.89489E-3 7.07975E-3 8.00936E-3 7.70092E-3 6.276E-3 5.17529E-3 4.66275E-3 3.04297E-3 1.33766E-3 8.34717E-4 1.50678E-3 2.30679E-3 3.96375E-3 5.61793E-3 6.58291E-3 5.1389E-3 1.87687E-3 3.28171E-4 2.127E-4 1.74669E-4 2.57381E-4 1.56629E-4 4.24516E-4 3.60439E-4 6.28053E-4 2.70301E-4 2.21082E-4 2.48218E-4 1.16572E-4
1.0637E-3 2.54019E-3 1.65601E-3 4.73909E-3 7.96843E-3 7.84339E-3 8.72031E-3 9.18736E-3 1.18283E-2 1.01649E-2 9.27675E-3 2.18529E-2 2.12319E-2 1.9047E-2 1.7869E-2 1.63218E-2 1.43812E-2 1.09395E-2 8.00936E-3 4.70986E-3 3.21675E-3 1.31772E-3 6.49155E-4 4.93534E-4 1.34829E-3 2.70491E-3 6.78754E-4 7.33701E-4 4.27411E-3 5.25212E-3 5.89489E-3 9.65371E-3 1.22678E-2 1.42933E-2 1.34715E-2 1.19458E-2 1.10981E-2 1.07022E-2 1.05679E-2 9.68827E-3 9.31904E-3 8.48049E-3 9.27675E-3 8.76388E-3 8.25856E-3 7.85658E-3 6.95776E-3 5.05558E-3 4.06241E-3 3.00867E-3 3.36463E-3 4.41791E-3 5.58671E-3 6.35177E-3 7.58289E-3 8.17281E-3 4.85425E-3 2.35226E-3 7.13846E-4 1.21195E-3 1.5389E-3 2.2957E-3 2.1042E-3 1.90581E-3 7.35129E-4 4.6594E-4 7.39494E-4 6.8828E-4 2.58121E-4 4.82391E-5
9.22778E-4 1.56585E-3 1.31937E-3 1.53523E-3 6.03544E-3 8.27249E-3 1.31742E-2 1.74658E-2 1.68017E-2 1.68017E-2 1.68017E-2 2.36916E-2 2.00089E-2 2.02572E-2 2.07612E-2 1.92821E-2 1.63218E-2 1.30504E-2 8.82539E-3 5.63955E-3 2.97878E-3 2.13882E-3 1.65713E-3 8.27319E-4 5.47906E-4 1.25825E-3 1.35292E-3 5.86559E-4 2.99595E-3 3.12021E-3 5.18196E-3 9.55455E-3 1.31381E-2 1.47168E-2 1.32566E-2 1.26508E-2 1.17642E-2 1.12142E-2 1.17642E-2 1.12142E-2 1.08379E-2 1.00611E-2 9.55455E-3 9.53533E-3 9.50738E-3 9.35625E-3 8.56327E-3 6.56888E-3 6.12974E-3 6.05627E-3 6.27219E-3 6.96956E-3 7.91503E-3 8.46973E-3 1.01606E-2 5.79945E-3 3.27485E-3 8.75043E-4 1.45547E-3 3.28283E-3 4.8202E-3 7.12902E-3 6.94714E-3 2.91042E-3 2.28517E-3 2.41738E-3 1.28766E-3 6.1667E-4 1.1525E-4 8.14165E-5
4.18485E-4 9.89126E-5 7.94021E-4 8.55588E-4 3.14047E-3 8.48049E-3 1.15399E-2 1.60615E-2 2.276E-2 2.53135E-2 2.56284E-2 2.21252E-2 1.88142E-2 2.1763E-2 2.1763E-2 2.20325E-2 2.01365E-2 1.46939E-2 9.86216E-3 5.63955E-3 3.63017E-3 2.61107E-3 2.94379E-3 2.18516E-3 5.73451E-4 4.01149E-4 1.58157E-3 1.35561E-3 2.89029E-3 4.38497E-3 5.16871E-3 7.74625E-3 1.19458E-2 1.51119E-2 1.34666E-2 1.28648E-2 1.24411E-2 1.24411E-2 1.21268E-2 1.14685E-2 1.10725E-2 1.16485E-2 1.15254E-2 1.1395E-2 1.11188E-2 1.01649E-2 8.76388E-3 7.57796E-3 7.76279E-3 8.04693E-3 8.3395E-3 8.9189E-3 9.99161E-3 1.09622E-2 1.14972E-2 9.77692E-3 8.27627E-3 6.20039E-3 5.78787E-3 8.10288E-3 9.98341E-3 9.17279E-3 8.43887E-3 6.90325E-3 3.70595E-3 2.57139E-3 2.82228E-3 5.0926E-4 7.26253E-5 1.616E-4
7.19055E-4 3.66428E-4 2.14632E-4 1.4147E-4 1.45611E-3 5.11916E-3 5.56217E-3 2.96038E-3 4.82984E-3 2.53135E-2 2.94273E-2 2.08733E-2 2.1763E-2 2.33295E-2 2.39862E-2 2.39862E-2 2.21252E-2 1.88142E-2 1.30492E-2 8.87144E-3 6.61045E-3 2.28386E-3 1.50811E-3 4.60266E-3 4.3312E-3 2.13425E-3 3.12021E-3 3.33743E-3 5.36246E-3 7.30651E-3 6.18723E-3 8.06873E-3 1.24918E-2 1.52005E-2 1.50073E-2 1.41769E-2 1.41769E-2 1.29586E-2 1.25393E-2 1.34666E-2 1.31973E-2 1.31973E-2 1.29252E-2 1.19458E-2 1.0188E-2 8.82933E-3 8.24209E-3 8.76388E-3 8.51015E-3 9.42561E-3 1.04776E-2 1.07323E-2 1.18583E-2 1.11791E-2 1.30724E-2 1.4618E-2 1.40179E-2 1.37647E-2 1.61353E-2 1.57276E-2 1.50578E-2 1.47932E-2 1.28916E-2 1.01419E-2 9.81035E-3 7.26483E-3 3.92419E-3 1.13134E-3 5.8907E-4 5.23046E-4
1.95455E-3 5.5157E-4 7.90906E-4 2.66042E-4 3.93004E-4 2.08431E-3 5.43954E-3 8.71926E-3 1.1235E-2 3.08536E-2 3.30855E-2 2.76623E-2 2.59464E-2 2.56284E-2 2.63064E-2 2.63064E-2 2.46478E-2 2.09704E-2 1.62616E-2 1.0418E-2 1.0418E-2 9.50738E-3 5.89489E-3 5.30946E-3 6.95929E-3 3.59749E-3 3.20872E-3 6.42086E-3 6.62489E-3 5.66142E-3 9.20311E-3 9.09465E-3 1.23344E-2 1.54758E-2 1.5083E-2 1.42547E-2 1.44399E-2 1.40716E-2 1.42547E-2 1.39958E-2 1.41769E-2 1.391E-2 1.35369E-2 1.03146E-2 9.31904E-3 9.55455E-3 9.67414E-3 9.53533E-3 9.77331E-3 1.06761E-2 1.21079E-2 1.30396E-2 1.18583E-2 9.18184E-3 9.72708E-3 1.25695E-2 1.34109E-2 1.57562E-2 1.82611E-2 1.96039E-2 1.84801E-2 1.94745E-2 1.54433E-2 1.38924E-2 8.3949E-3 8.39549E-3 2.0991E-3 8.32649E-4 7.7015E-4 5.75541E-4
3.42718E-3 2.6758E-3 1.20098E-3 4.61892E-4 2.77291E-5 1.78477E-4 4.06606E-3 6.55349E-3 1.16526E-2 2.80049E-2 3.46567E-2 3.16237E-2 2.90664E-2 2.94273E-2 2.90664E-2 2.87091E-2 2.59827E-2 2.09704E-2 1.81297E-2 1.50208E-2 1.21246E-2 1.31983E-2 1.09774E-2 6.29588E-3 7.26605E-3 3.78317E-3 9.85759E-4 7.0894E-3 9.43619E-3 7.65012E-3 8.39993E-3 1.24918E-2 1.31973E-2 1.54758E-2 1.48897E-2 1.48897E-2 1.45094E-2 1.45094E-2 1.46986E-2 1.51478E-2 1.48897E-2 1.5083E-2 1.50073E-2 1.39912E-2 1.23746E-2 1.13815E-2 1.08452E-2 1.04457E-2 1.09774E-2 1.2275E-2 1.38641E-2 1.54546E-2 1.19998E-2 1.01425E-2 9.94833E-3 1.08733E-2 1.2961E-2 1.32807E-2 1.52572E-2 1.56276E-2 1.61295E-2 2.02364E-2 1.60212E-2 1.43916E-2 1.38616E-2 8.60681E-3 9.0669E-4 5.56313E-4 5.05395E-4 4.2608E-4
1.11634E-3 3.77471E-3 2.31096E-3 9.20095E-4 3.34766E-4 1.35074E-4 1.13158E-3 3.1959E-3 1.08641E-3 1.71389E-2 3.20145E-2 3.34954E-2 3.73342E-2 3.56987E-2 3.41141E-2 3.52603E-2 3.22779E-2 2.37475E-2 1.8934E-2 1.41593E-2 1.04366E-2 1.24209E-2 1.46533E-2 8.34434E-3 7.81047E-3 4.70832E-3 3.60374E-3 7.0894E-3 9.31904E-3 1.10981E-2 1.05679E-2 1.36396E-2 1.61559E-2 1.59499E-2 1.52783E-2 1.45094E-2 1.45094E-2 1.49526E-2 1.54007E-2 1.58055E-2 1.58055E-2 1.55445E-2 1.59499E-2 1.32955E-2 1.09586E-2 1.08379E-2 1.1395E-2 1.18177E-2 1.28755E-2 1.46939E-2 1.63218E-2 1.71389E-2 1.36531E-2 1.08369E-2 9.29374E-3 1.20274E-2 1.34109E-2 1.50709E-2 1.49494E-2 1.67004E-2 1.72411E-2 2.2799E-2 2.39281E-2 2.86719E-2 2.75611E-2 8.17557E-3 3.2726E-4 2.78597E-4 1.78374E-4 1.79703E-4
2.94379E-3 1.08116E-3 2.62079E-3 1.97408E-3 1.46639E-3 3.39823E-4 2.78165E-4 5.84206E-4 6.62989E-4 7.45373E-3 1.71389E-2 3.43274E-2 4.27003E-2 4.34063E-2 4.35578E-2 4.35578E-2 3.9956E-2 2.90411E-2 2.22624E-2 1.76849E-2 1.39847E-2 1.33392E-2 1.52813E-2 1.16824E-2 8.82933E-3 6.34218E-3 5.8027E-3 4.48997E-3 5.04279E-3 9.93551E-3 1.46373E-2 1.5877E-2 1.73545E-2 1.66419E-2 1.59499E-2 1.46986E-2 1.53451E-2 1.58055E-2 1.6061E-2 1.54007E-2 1.23792E-2 1.14244E-2 1.25393E-2 1.12142E-2 1.12142E-2 1.16485E-2 1.25312E-2 1.38119E-2 1.42933E-2 1.62616E-2 1.88142E-2 1.67695E-2 1.43507E-2 1.08369E-2 1.088E-2 1.37047E-2 1.49617E-2 1.75681E-2 1.78903E-2 1.91355E-2 2.09098E-2 2.25833E-2 3.01E-2 3.40911E-2 2.91116E-2 1.52353E-3 4.55375E-4 1.46266E-4 1.62169E-4 2.34862E-4
3.94362E-3 3.27106E-3 1.11112E-3 1.04226E-3 1.58739E-3 1.74456E-3 3.44069E-4 1.13584E-4 2.9339E-4 9.262E-4 3.61407E-3 2.79226E-2 4.14689E-2 4.27003E-2 4.35578E-2 4.42296E-2 4.31432E-2 3.96342E-2 2.93589E-2 2.47204E-2 2.02762E-2 1.8015E-2 1.38119E-2 1.05766E-2 8.14087E-3 7.00241E-3 3.17024E-3 2.61204E-3 2.72102E-3 3.74122E-3 1.41697E-2 1.78044E-2 1.9084E-2 1.7857E-2 1.64295E-2 1.58055E-2 1.54007E-2 1.6061E-2 1.76665E-2 1.5602E-2 1.11339E-2 1.14244E-2 1.08958E-2 1.17213E-2 1.20246E-2 1.29252E-2 1.40599E-2 1.55906E-2 1.67142E-2 1.8934E-2 2.08733E-2 1.87621E-2 1.47214E-2 1.34909E-2 1.38809E-2 1.61809E-2 1.88072E-2 2.0722E-2 2.09945E-2 2.32582E-2 2.56961E-2 2.92322E-2 3.55204E-2 3.37848E-2 7.45872E-3 2.51016E-3 6.06421E-3 5.42824E-3 4.53935E-3 2.06385E-3
4.60935E-3 4.06241E-3 2.34485E-3 2.96512E-4 3.06029E-4 7.99776E-4 1.44056E-3 9.77973E-4 1.80404E-5 1.11281E-4 4.37539E-4 1.54628E-2 4.09596E-2 4.41001E-2 4.23454E-2 4.0636E-2 4.07929E-2 4.38574E-2 3.80079E-2 2.89269E-2 2.69756E-2 2.11193E-2 1.5396E-2 1.1538E-2 8.04069E-3 6.34218E-3 3.37802E-3 2.82158E-3 3.64792E-3 2.54953E-3 9.56498E-3 1.9084E-2 2.01513E-2 1.91191E-2 1.86014E-2 1.62708E-2 1.6061E-2 1.7439E-2 1.79228E-2 1.79228E-2 1.62708E-2 1.67404E-2 1.39958E-2 1.29586E-2 1.42698E-2 1.49209E-2 1.8264E-2 1.87334E-2 2.02762E-2 2.15834E-2 2.1763E-2 1.71389E-2 1.41812E-2 1.59509E-2 1.72916E-2 1.94413E-2 2.14911E-2 2.33129E-2 2.53734E-2 2.81372E-2 3.16992E-2 3.91375E-2 4.342E-2 2.99154E-2 1.96214E-3 1.11158E-2 1.24672E-2 9.03928E-3 4.24922E-3 1.49479E-3
3.87087E-3 3.66859E-3 3.36463E-3 2.44658E-3 1.13966E-3 2.77123E-4 3.62146E-4 1.36878E-3 8.04776E-4 3.22412E-4 6.97469E-4 1.60241E-2 4.00238E-2 4.53376E-2 4.2608E-2 4.02857E-2 4.32398E-2 4.50468E-2 4.02857E-2 3.36124E-2 3.09923E-2 2.41082E-2 1.8895E-2 1.25592E-2 9.30216E-3 5.36246E-3 1.63815E-3 2.12663E-3 3.64792E-3 3.56E-3 1.0975E-2 2.06733E-2 2.17827E-2 2.069E-2 2.04259E-2 1.88747E-2 1.86328E-2 1.69589E-2 1.7439E-2 1.99029E-2 2.04105E-2 1.8894E-2 1.62192E-2 1.52783E-2 1.64295E-2 1.93662E-2 1.87943E-2 1.47168E-2 2.05323E-2 2.28254E-2 2.08733E-2 1.67695E-2 1.72142E-2 1.86944E-2 2.10045E-2 2.35528E-2 2.54763E-2 2.77463E-2 3.16422E-2 3.56206E-2 4.18075E-2 4.79015E-2 5.01391E-2 1.84049E-2 7.76675E-3 1.19071E-2 8.98006E-3 4.96969E-3 9.64133E-4 6.32952E-4
9.65476E-4 1.33964E-3 1.85322E-3 2.01328E-3 1.65519E-3 1.81941E-3 8.30531E-4 1.36791E-3 1.55567E-3 5.27909E-4 4.09593E-5 4.25341E-3 2.25797E-2 3.92661E-2 4.61899E-2 4.38574E-2 4.27015E-2 4.21685E-2 4.05204E-2 3.48899E-2 3.23111E-2 2.82769E-2 1.91335E-2 1.45995E-2 1.13981E-2 3.08302E-3 1.40549E-3 2.53614E-3 3.82916E-3 3.60374E-3 1.25312E-2 2.2346E-2 2.37963E-2 2.26287E-2 2.15055E-2 2.12312E-2 2.04257E-2 1.8894E-2 1.86505E-2 1.86505E-2 1.99029E-2 1.93973E-2 1.8894E-2 1.91401E-2 1.93889E-2 1.93662E-2 1.62869E-2 1.55906E-2 1.65065E-2 1.95198E-2 1.76512E-2 1.54546E-2 1.8873E-2 2.26412E-2 2.58806E-2 2.80611E-2 3.26801E-2 3.54179E-2 3.70357E-2 4.29104E-2 5.00393E-2 5.694E-2 5.70536E-2 3.13414E-2 1.58754E-2 1.15218E-2 2.79094E-3 3.27113E-3 1.11739E-3 2.9854E-5
2.9283E-4 1.95831E-4 3.16218E-4 3.9688E-4 5.97252E-4 4.95641E-4 9.82151E-4 1.20013E-3 1.11146E-3 1.00734E-3 4.29401E-5 1.72022E-4 5.42161E-3 2.56623E-2 4.3905E-2 4.56169E-2 4.33556E-2 4.06016E-2 4.22734E-2 4.06016E-2 3.80079E-2 3.12577E-2 2.41082E-2 1.91335E-2 1.59861E-2 4.54742E-3 1.15608E-3 3.08302E-3 4.22772E-3 2.27451E-3 8.82933E-3 2.17748E-2 2.52857E-2 2.49651E-2 2.49651E-2 2.37647E-2 2.3162E-2 2.17504E-2 2.09473E-2 2.19943E-2 2.28131E-2 2.09473E-2 2.04257E-2 2.04257E-2 2.17746E-2 1.80876E-2 1.38145E-2 1.2974E-2 1.31742E-2 1.50208E-2 1.59728E-2 1.60058E-2 2.0833E-2 2.38365E-2 2.75144E-2 3.16575E-2 3.52931E-2 4.06031E-2 4.38342E-2 5.10161E-2 5.79033E-2 6.25625E-2 5.75165E-2 1.69279E-2 1.29533E-2 9.01269E-3 2.69125E-3 1.03553E-3 4.41462E-4 4.71543E-4
1.32161E-4 4.34281E-5 7.33919E-5 1.54507E-4 3.55159E-4 5.90918E-4 4.31961E-4 4.74639E-4 1.38246E-4 2.08456E-5 1.53731E-4 2.82373E-5 9.34972E-4 1.50594E-2 3.60209E-2 4.56169E-2 4.44512E-2 4.28284E-2 4.28193E-2 4.55378E-2 4.12129E-2 3.67476E-2 3.21422E-2 2.75737E-2 1.83398E-2 7.9628E-3 4.12295E-3 3.36651E-3 4.82984E-3 1.99337E-3 3.87561E-3 1.61869E-2 2.50349E-2 2.71539E-2 2.74087E-2 2.70605E-2 2.6716E-2 2.62612E-2 2.71648E-2 2.77237E-2 2.79142E-2 2.68157E-2 2.48223E-2 2.22815E-2 1.88747E-2 1.40889E-2 1.1239E-2 1.08452E-2 9.67414E-3 1.01649E-2 1.16733E-2 1.56216E-2 2.03383E-2 2.38365E-2 2.68774E-2 3.35118E-2 3.77507E-2 4.14968E-2 4.88451E-2 5.42445E-2 6.13549E-2 6.33174E-2 4.08267E-2 1.21477E-2 1.38163E-2 9.56021E-3 4.95243E-3 1.90654E-3 1.73929E-3 6.44625E-3
9.13112E-4 3.35821E-4 1.51958E-4 5.10854E-5 2.27459E-5 2.60492E-4 4.298E-4 3.10725E-4 2.63353E-4 1.38246E-4 5.05922E-5 1.33019E-4 5.27909E-4 5.84055E-3 3.10963E-2 4.22336E-2 4.39213E-2 4.55378E-2 4.60389E-2 4.49635E-2 4.38899E-2 3.83073E-2 3.36124E-2 3.02222E-2 1.90406E-2 3.31172E-3 3.234E-3 2.08941E-3 2.94379E-3 4.01774E-3 2.33833E-3 6.03953E-3 1.56674E-2 2.56511E-2 2.90964E-2 2.99456E-2 3.01597E-2 2.86468E-2 2.95847E-2 2.99687E-2 2.80843E-2 2.62612E-2 2.14704E-2 1.78965E-2 1.50073E-2 1.12142E-2 6.66328E-3 7.52554E-3 6.79038E-3 7.63026E-3 9.58644E-3 1.28616E-2 1.70111E-2 1.93546E-2 2.50792E-2 3.40542E-2 4.09976E-2 4.4993E-2 5.16276E-2 5.8377E-2 6.5779E-2 6.50427E-2 4.32207E-2 1.96039E-2 1.53186E-2 3.61493E-3 3.43398E-3 1.07471E-3 1.41561E-3 1.6168E-2
1.8374E-3 8.50424E-4 2.59529E-4 5.38633E-5 7.86307E-6 2.94394E-5 2.84557E-5 2.56669E-5 4.29758E-5 1.90992E-5 2.43441E-4 6.88312E-4 6.21736E-4 3.82708E-3 1.62616E-2 2.56737E-2 3.7063E-2 4.11781E-2 4.17404E-2 4.28284E-2 4.28193E-2 4.17404E-2 3.72165E-2 3.59698E-2 2.86339E-2 4.65417E-3 1.0936E-3 1.41685E-3 1.79876E-3 1.65713E-3 2.23705E-3 4.00623E-3 2.78962E-3 9.39148E-3 2.44199E-2 2.97148E-2 3.03297E-2 2.80052E-2 2.72965E-2 2.57041E-2 2.57041E-2 2.04257E-2 1.83936E-2 1.52783E-2 1.24411E-2 8.0894E-3 4.65088E-3 4.70832E-3 4.65735E-3 5.57222E-3 6.12486E-3 6.20252E-3 6.73183E-3 1.12598E-2 2.37295E-2 3.73807E-2 4.20903E-2 4.8333E-2 5.4681E-2 6.03176E-2 6.50236E-2 6.57772E-2 5.7577E-2 2.72858E-2 1.05587E-2 2.48359E-3 1.44824E-3 4.26791E-4 1.64254E-3 2.3676E-2
