KUENM/Final_Models/M_0.1_F_lq_Set_2_NE/sp1_4.asc
ncols         197
nrows         210
xllcorner     56.1666666666667
yllcorner     4.5
cellsize      0.166666666666667
NODATA_value  -9999
[rows 56 to 83 of 210, columns 65 to 129 of 197]
2.34115E-3 2.51598E-3 2.58502E-2 1.3972E-1 1.90577E-1 2.36844E-1 1.2948E-1 3.08637E-2 4.20442E-2 1.21667E-1 1.58017E-1 1.71038E-1 1.76471E-1 1.60169E-1 1.55111E-1 9.10401E-2 1.51567E-1 2.13522E-1 1.53145E-1 2.65635E-1 2.13662E-1 1.68341E-1 1.52244E-1 1.55278E-1 1.55865E-1 1.54343E-1 1.64581E-1 1.70947E-1 1.67748E-1 1.58935E-1 1.62038E-1 1.62548E-1 1.78544E-1 1.93995E-1 2.14891E-1 2.20523E-1 2.26079E-1 2.33368E-1 2.53505E-1 2.79489E-1 3.17607E-1 3.43579E-1 3.53025E-1 3.82865E-1 4.46649E-1 5.15988E-1 5.46408E-1 5.55319E-1 5.44105E-1 5.79139E-1 5.98642E-1 6.11091E-1 6.20511E-1 6.34861E-1 6.28968E-1 6.23563E-1 6.22964E-1 5.61228E-1 4.72847E-1 3.51376E-1 2.13354E-1 8.97524E-2 3.38643E-3 2.39088E-4 3.83579E-4
7.36973E-3 2.23918E-2 6.32724E-2 1.90282E-1 2.36531E-1 2.67763E-1 2.70873E-1 1.65548E-1 1.2553E-1 1.63317E-1 1.83367E-1 1.21708E-1 1.23369E-1 1.15129E-1 1.26576E-1 2.12594E-1 2.1693E-1 1.66012E-1 2.59916E-1 2.63483E-1 2.16293E-1 1.80051E-1 1.66161E-1 1.56808E-1 1.53757E-1 1.52244E-1 1.56808E-1 1.55278E-1 1.52244E-1 1.5074E-1 1.4834E-1 1.55865E-1 1.66753E-1 1.82987E-1 1.93588E-1 2.07824E-1 2.13399E-1 2.18904E-1 2.40682E-1 2.70373E-1 3.0084E-1 3.23344E-1 3.36712E-1 3.59488E-1 4.06488E-1 4.64382E-1 5.08063E-1 5.28297E-1 5.37792E-1 5.65885E-1 5.84062E-1 5.77682E-1 5.88394E-1 6.07279E-1 6.20159E-1 6.31015E-1 6.34804E-1 6.20309E-1 5.7083E-1 4.6475E-1 3.24049E-1 1.68659E-1 3.84114E-2 6.7512E-3 5.08302E-3
5.99523E-3 4.42805E-2 1.64866E-1 1.92365E-1 1.96012E-1 1.90107E-1 2.18972E-1 2.37282E-1 2.09831E-1 1.72081E-1 1.65089E-1 1.58506E-1 1.71285E-1 1.92275E-1 2.54763E-1 2.61753E-1 2.76925E-1 2.14513E-1 3.03811E-1 2.64735E-1 2.37116E-1 2.07434E-1 1.80051E-1 1.58346E-1 1.49245E-1 1.4628E-1 1.41898E-1 1.4628E-1 1.44811E-1 1.41898E-1 1.40455E-1 1.4628E-1 1.58346E-1 1.72559E-1 1.89097E-1 2.01697E-1 2.10959E-1 2.18459E-1 2.36866E-1 2.53674E-1 2.68678E-1 2.87714E-1 2.97009E-1 3.23871E-1 3.63954E-1 4.16463E-1 4.59197E-1 4.89126E-1 5.14993E-1 5.42065E-1 5.52645E-1 5.3963E-1 5.19062E-1 5.17713E-1 5.99535E-1 6.27783E-1 6.33961E-1 6.33439E-1 6.2259E-1 5.32047E-1 3.89587E-1 2.67387E-1 1.48751E-1 5.52905E-2 3.09662E-2
6.67024E-3 5.66924E-2 1.4944E-1 1.45573E-1 1.3247E-1 1.38033E-1 1.54485E-1 1.98233E-1 2.30431E-1 2.04975E-1 1.97313E-1 2.03964E-1 2.32281E-1 2.23991E-1 2.51737E-1 2.86877E-1 2.84427E-1 2.83978E-1 2.91717E-1 2.82178E-1 2.62874E-1 2.34593E-1 1.98685E-1 1.61447E-1 1.427E-1 1.38377E-1 1.39021E-1 1.39021E-1 1.34772E-1 1.34135E-1 1.34135E-1 1.427E-1 1.59223E-1 1.75125E-1 1.88413E-1 2.02165E-1 2.13443E-1 2.14509E-1 2.21679E-1 2.22051E-1 2.29552E-1 2.4622E-1 2.63073E-1 2.8593E-1 3.28121E-1 3.73971E-1 4.15611E-1 4.48666E-1 4.85814E-1 5.19287E-1 5.40081E-1 5.35064E-1 5.17924E-1 5.3379E-1 6.11521E-1 6.22028E-1 5.85817E-1 5.9493E-1 6.36088E-1 5.84157E-1 4.42533E-1 3.48054E-1 2.74687E-1 1.60439E-1 1.15049E-1
6.82805E-3 2.12023E-2 1.22029E-1 1.17677E-1 1.12298E-1 1.18484E-1 1.30974E-1 1.63567E-1 2.04929E-1 2.26062E-1 2.08896E-1 2.22447E-1 2.35812E-1 2.35223E-1 2.66718E-1 2.79793E-1 2.87493E-1 2.98962E-1 2.91617E-1 2.91925E-1 3.04947E-1 2.71745E-1 2.07434E-1 1.56142E-1 1.36954E-1 1.32739E-1 1.31985E-1 1.34772E-1 1.30604E-1 1.32739E-1 1.36954E-1 1.449E-1 1.61587E-1 1.75142E-1 1.95305E-1 2.08421E-1 2.1736E-1 2.1523E-1 2.06943E-1 1.94796E-1 1.91888E-1 2.14891E-1 2.44033E-1 2.72518E-1 3.09136E-1 3.47693E-1 3.89469E-1 4.21759E-1 4.59656E-1 5.00553E-1 5.31402E-1 5.50143E-1 5.61681E-1 5.74824E-1 6.12999E-1 6.30506E-1 6.1934E-1 6.20663E-1 6.38786E-1 6.17404E-1 4.66695E-1 3.45833E-1 3.53219E-1 2.30738E-1 1.28631E-1
1.20364E-2 1.74388E-2 1.25648E-1 1.02685E-1 9.86337E-2 1.03545E-1 1.09804E-1 1.29726E-1 1.91119E-1 2.10452E-1 2.0954E-1 2.261E-1 2.24868E-1 2.36624E-1 2.48949E-1 2.6387E-1 2.76329E-1 2.81473E-1 2.63514E-1 2.75618E-1 3.08883E-1 2.78295E-1 1.96956E-1 1.48587E-1 1.29974E-1 1.28606E-1 1.27246E-1 1.31352E-1 1.31352E-1 1.32038E-1 1.37664E-1 1.47052E-1 1.67069E-1 1.84139E-1 2.03041E-1 2.19112E-1 2.27399E-1 2.22796E-1 2.10978E-1 1.8573E-1 1.82987E-1 2.10959E-1 2.36628E-1 2.70453E-1 2.9937E-1 3.38238E-1 3.74743E-1 3.98757E-1 4.31301E-1 4.73606E-1 5.20606E-1 5.67593E-1 5.96884E-1 5.86248E-1 6.08693E-1 6.39175E-1 6.41782E-1 6.40805E-1 6.40985E-1 6.21923E-1 5.51376E-1 4.77725E-1 4.12253E-1 2.64953E-1 1.17702E-1
6.9002E-3 3.97742E-2 1.17304E-1 9.32294E-2 9.08235E-2 9.213E-2 9.45129E-2 1.12534E-1 1.58297E-1 1.97413E-1 2.20713E-1 2.35849E-1 2.30158E-1 2.3465E-1 2.41499E-1 2.49753E-1 2.51055E-1 2.24828E-1 2.20095E-1 2.28251E-1 2.38515E-1 2.13766E-1 1.73499E-1 1.427E-1 1.25895E-1 1.21899E-1 1.23222E-1 1.24554E-1 1.27913E-1 1.32038E-1 1.39744E-1 1.52167E-1 1.67745E-1 1.86469E-1 2.07269E-1 2.21665E-1 2.28251E-1 2.28251E-1 2.14679E-1 2.03915E-1 2.08118E-1 2.24828E-1 2.5119E-1 2.77858E-1 3.1086E-1 3.38283E-1 3.65348E-1 3.91716E-1 4.12055E-1 4.53768E-1 5.07473E-1 5.576E-1 5.88814E-1 5.72951E-1 5.94262E-1 6.35559E-1 6.45806E-1 6.44068E-1 6.39144E-1 6.23338E-1 5.91002E-1 5.25955E-1 4.2904E-1 2.88122E-1 1.55244E-1
4.89176E-2 8.49596E-2 1.09533E-1 8.86756E-2 8.55229E-2 8.44903E-2 8.78249E-2 1.12445E-1 1.45439E-1 2.046E-1 2.26036E-1 2.30927E-1 2.2954E-1 2.29747E-1 2.19972E-1 2.14717E-1 1.95701E-1 1.79139E-1 1.77487E-1 1.75844E-1 1.70274E-1 1.55399E-1 1.39809E-1 1.25895E-1 1.20585E-1 1.15423E-1 1.17319E-1 1.21222E-1 1.27157E-1 1.3266E-1 1.41777E-1 1.51204E-1 1.6515E-1 1.81982E-1 2.02572E-1 2.15041E-1 2.25324E-1 2.30096E-1 2.32934E-1 2.35671E-1 2.42039E-1 2.55892E-1 2.73623E-1 2.98834E-1 3.18671E-1 3.49869E-1 3.73008E-1 3.9383E-1 4.17853E-1 4.56109E-1 4.91777E-1 5.26835E-1 5.576E-1 5.74345E-1 6.03504E-1 6.32361E-1 6.47137E-1 6.4876E-1 6.45311E-1 6.42488E-1 6.25578E-1 5.50412E-1 4.20998E-1 2.95215E-1 2.03609E-1
2.6632E-2 1.06861E-1 9.2301E-2 8.86756E-2 9.08235E-2 8.65646E-2 8.97449E-2 1.13354E-1 1.68503E-1 2.16573E-1 2.37526E-1 2.26448E-1 2.1276E-1 1.94203E-1 1.90605E-1 1.76909E-1 1.5458E-1 1.38405E-1 1.35554E-1 1.32314E-1 1.27696E-1 1.14763E-1 1.09178E-1 1.0435E-1 1.09178E-1 1.09763E-1 1.12244E-1 1.17881E-1 1.23126E-1 1.30439E-1 1.40844E-1 1.51204E-1 1.67257E-1 1.81982E-1 1.94355E-1 2.11968E-1 2.2597E-1 2.34567E-1 2.46024E-1 2.60203E-1 2.79501E-1 2.84123E-1 3.0229E-1 3.21906E-1 3.41876E-1 3.69196E-1 3.9383E-1 4.12374E-1 4.32249E-1 4.71084E-1 5.03929E-1 5.1893E-1 5.42957E-1 5.73283E-1 6.09858E-1 6.36549E-1 6.38725E-1 6.29542E-1 6.44262E-1 6.46163E-1 6.48298E-1 5.34772E-1 4.07629E-1 3.09122E-1 2.68801E-1
4.91898E-2 1.17335E-1 9.54563E-2 9.52305E-2 9.41148E-2 9.749E-2 1.10587E-1 1.53561E-1 2.38079E-1 2.80776E-1 2.63715E-1 2.27311E-1 1.9131E-1 1.6886E-1 1.54726E-1 1.38405E-1 1.28937E-1 1.16951E-1 1.06636E-1 1.02703E-1 9.88243E-2 9.38941E-2 9.07536E-2 9.6257E-2 1.02542E-1 1.04227E-1 1.10293E-1 1.17094E-1 1.23651E-1 1.32314E-1 1.42297E-1 1.54726E-1 1.66093E-1 1.82447E-1 1.96085E-1 2.11968E-1 2.29659E-1 2.47719E-1 2.62185E-1 2.90367E-1 3.12016E-1 3.18738E-1 3.27278E-1 3.45442E-1 3.69069E-1 4.01427E-1 4.26888E-1 4.48041E-1 4.66149E-1 5.00934E-1 5.20329E-1 5.28565E-1 5.36529E-1 5.73283E-1 6.16444E-1 6.42513E-1 6.33353E-1 6.17972E-1 6.37875E-1 6.43586E-1 6.47059E-1 6.15159E-1 5.12634E-1 4.04002E-1 3.49835E-1
6.99942E-2 1.25169E-1 1.02767E-1 9.749E-2 1.04493E-1 1.16917E-1 1.46038E-1 2.24619E-1 3.60969E-1 3.86994E-1 2.8864E-1 2.07712E-1 1.65468E-1 1.41037E-1 1.25507E-1 1.1485E-1 1.084E-1 9.86635E-2 8.63442E-2 8.73927E-2 8.50168E-2 8.6759E-2 8.74223E-2 9.17E-2 9.83935E-2 1.03042E-1 1.1077E-1 1.17094E-1 1.25458E-1 1.32314E-1 1.41292E-1 1.53604E-1 1.67692E-1 1.84126E-1 1.97823E-1 2.15569E-1 2.35232E-1 2.54125E-1 2.63012E-1 2.94218E-1 3.24931E-1 3.41641E-1 3.50847E-1 3.76517E-1 4.05149E-1 4.44571E-1 4.83954E-1 5.02435E-1 5.07473E-1 5.28565E-1 5.47961E-1 5.46712E-1 5.31412E-1 5.70831E-1 6.18146E-1 6.32285E-1 6.25287E-1 6.2207E-1 6.17972E-1 6.50981E-1 6.47883E-1 6.49493E-1 6.08751E-1 5.18614E-1 4.28076E-1
6.81828E-2 1.26776E-1 1.06359E-1 1.02121E-1 1.10587E-1 1.27531E-1 1.61301E-1 2.47031E-1 3.9279E-1 3.90861E-1 2.51711E-1 1.75005E-1 1.36708E-1 1.18952E-1 1.11205E-1 1.03754E-1 9.88905E-2 9.21523E-2 8.6591E-2 8.32537E-2 8.42748E-2 8.50168E-2 8.78097E-2 9.21045E-2 9.76811E-2 1.01139E-1 1.11192E-1 1.16248E-1 1.25864E-1 1.35554E-1 1.47567E-1 1.56675E-1 1.70915E-1 1.85812E-1 2.03077E-1 2.19631E-1 2.43778E-1 2.62405E-1 2.70151E-1 2.93015E-1 3.24931E-1 3.4952E-1 3.72267E-1 4.10598E-1 4.50092E-1 4.97074E-1 5.40176E-1 5.63374E-1 5.54043E-1 5.72213E-1 5.81127E-1 5.80518E-1 5.79129E-1 6.01105E-1 6.21343E-1 6.00149E-1 6.0753E-1 6.4212E-1 6.429E-1 6.49393E-1 6.50164E-1 6.52081E-1 6.36177E-1 5.98914E-1 5.0389E-1
1.03219E-1 1.19321E-1 1.23871E-1 1.03545E-1 1.13354E-1 1.23764E-1 1.5086E-1 1.91269E-1 2.34338E-1 2.09106E-1 1.51311E-1 1.24146E-1 1.06359E-1 1.00449E-1 9.46501E-2 9.46501E-2 9.34193E-2 9.21523E-2 8.5549E-2 8.34925E-2 8.42748E-2 8.53049E-2 8.81526E-2 9.24625E-2 9.69206E-2 1.02703E-1 1.10313E-1 1.1792E-1 1.27568E-1 1.38778E-1 1.53604E-1 1.66093E-1 1.7581E-1 1.89207E-1 2.03077E-1 2.24678E-1 2.4947E-1 2.89721E-1 3.0751E-1 3.23886E-1 3.43613E-1 3.67844E-1 3.99371E-1 4.44874E-1 4.8932E-1 5.37569E-1 5.72213E-1 5.95787E-1 5.98595E-1 6.02607E-1 6.11561E-1 6.09606E-1 6.19892E-1 6.30846E-1 6.38421E-1 6.26088E-1 6.31876E-1 6.43913E-1 6.5037E-1 6.46443E-1 6.57853E-1 6.55983E-1 6.52081E-1 6.20458E-1 5.22075E-1
7.22938E-2 1.1768E-1 1.30662E-1 1.05941E-1 1.09605E-1 1.1611E-1 1.23986E-1 1.33599E-1 1.36429E-1 1.1483E-1 9.46387E-2 8.81786E-2 8.71216E-2 8.6099E-2 8.81839E-2 8.9183E-2 9.01428E-2 8.99808E-2 8.57488E-2 8.5549E-2 8.45162E-2 8.73927E-2 9.24625E-2 9.69206E-2 1.03044E-1 1.08154E-1 1.14391E-1 1.23517E-1 1.331E-1 1.47567E-1 1.59781E-1 1.70915E-1 1.89207E-1 1.99567E-1 2.11446E-1 2.22304E-1 2.33369E-1 2.71477E-1 3.20727E-1 3.50623E-1 3.75606E-1 3.99371E-1 4.32606E-1 4.73721E-1 5.13505E-1 5.57566E-1 5.88416E-1 6.11212E-1 6.16299E-1 6.15584E-1 6.1934E-1 6.2165E-1 6.23433E-1 6.36813E-1 6.45806E-1 6.47152E-1 6.49118E-1 6.47573E-1 6.4441E-1 6.40803E-1 6.57764E-1 6.57782E-1 6.34932E-1 6.06689E-1 5.54648E-1
1.04007E-1 1.136E-1 1.34078E-1 1.05068E-1 1.06134E-1 1.06274E-1 1.06274E-1 1.03872E-1 9.918E-2 8.81067E-2 7.99137E-2 7.51499E-2 7.42108E-2 7.90189E-2 8.09774E-2 8.39473E-2 8.6014E-2 8.48671E-2 8.47137E-2 8.34925E-2 8.87026E-2 9.27733E-2 9.61129E-2 1.04232E-1 1.09382E-1 1.13381E-1 1.21134E-1 1.27852E-1 1.4022E-1 1.55135E-1 1.70915E-1 1.88728E-1 2.06102E-1 2.16848E-1 2.26412E-1 2.31946E-1 2.31083E-1 2.52617E-1 3.24931E-1 3.79471E-1 4.04711E-1 4.27137E-1 4.55455E-1 4.92957E-1 5.32477E-1 5.63411E-1 5.90304E-1 6.11212E-1 6.12335E-1 6.08686E-1 6.14929E-1 6.18775E-1 6.2699E-1 6.28193E-1 6.42969E-1 6.46536E-1 6.27561E-1 6.19198E-1 6.26962E-1 6.40717E-1 6.5555E-1 6.42028E-1 5.90565E-1 6.00894E-1 5.63639E-1
6.56999E-2 8.78483E-2 1.20485E-1 1.05152E-1 1.01507E-1 1.0042E-1 9.58374E-2 9.14051E-2 8.6099E-2 8.50352E-2 8.09724E-2 7.61205E-2 7.42328E-2 7.61205E-2 8.09774E-2 8.19172E-2 8.19172E-2 8.38395E-2 8.57488E-2 8.5549E-2 8.76422E-2 9.75194E-2 1.04524E-1 1.09631E-1 1.1485E-1 1.23793E-1 1.29224E-1 1.39083E-1 1.49387E-1 1.69299E-1 1.90434E-1 2.09658E-1 2.27811E-1 2.40175E-1 2.46924E-1 2.49805E-1 2.61248E-1 2.95125E-1 3.60045E-1 4.02832E-1 4.26925E-1 4.48418E-1 4.72345E-1 5.00677E-1 5.26287E-1 5.57363E-1 5.79542E-1 5.9259E-1 5.92539E-1 5.98274E-1 6.06685E-1 6.20398E-1 6.22114E-1 6.31465E-1 6.41622E-1 6.35E-1 5.81626E-1 5.69897E-1 6.22522E-1 6.48144E-1 6.51275E-1 6.3206E-1 6.33267E-1 6.20283E-1 5.61276E-1
9.36996E-2 1.11414E-1 1.15666E-1 1.07606E-1 1.01589E-1 9.58652E-2 9.25261E-2 8.92503E-2 8.71269E-2 8.82043E-2 9.03258E-2 9.02578E-2 8.301E-2 8.29907E-2 8.29907E-2 8.39473E-2 8.70611E-2 8.9183E-2 8.69497E-2 8.99808E-2 9.21523E-2 1.03333E-1 1.15666E-1 1.21344E-1 1.30829E-1 1.39083E-1 1.39083E-1 1.47567E-1 1.64502E-1 1.8703E-1 2.1083E-1 2.42733E-1 2.57955E-1 2.64941E-1 2.73782E-1 2.76701E-1 2.96254E-1 3.26627E-1 3.69788E-1 4.02389E-1 4.30214E-1 4.58621E-1 4.74102E-1 4.97996E-1 5.18468E-1 5.42752E-1 5.67855E-1 5.85391E-1 5.90916E-1 6.04202E-1 6.13382E-1 6.21996E-1 6.23976E-1 6.35743E-1 6.34227E-1 6.0964E-1 5.4695E-1 5.79335E-1 6.18829E-1 6.45142E-1 6.30825E-1 6.21593E-1 6.35025E-1 6.34446E-1 6.05397E-1
9.70331E-2 1.27654E-1 1.12458E-1 1.07606E-1 1.02773E-1 1.02773E-1 9.69023E-2 9.35381E-2 9.24353E-2 9.35381E-2 9.56502E-2 9.46501E-2 9.03258E-2 8.81839E-2 8.60791E-2 8.92503E-2 9.13419E-2 9.25048E-2 9.24353E-2 9.66071E-2 1.04524E-1 1.21455E-1 1.41292E-1 1.44917E-1 1.49817E-1 1.46645E-1 1.52666E-1 1.61346E-1 1.77002E-1 2.04801E-1 2.39396E-1 2.75726E-1 2.94986E-1 3.04082E-1 2.99235E-1 3.02156E-1 3.21892E-1 3.42391E-1 3.7754E-1 3.99905E-1 4.39245E-1 4.63996E-1 4.83972E-1 5.04392E-1 5.18468E-1 5.38876E-1 5.64286E-1 5.9077E-1 6.01734E-1 6.10299E-1 6.20436E-1 6.32864E-1 6.32195E-1 6.38874E-1 6.34361E-1 6.1024E-1 5.69315E-1 5.75624E-1 6.21707E-1 6.44254E-1 6.27612E-1 6.05343E-1 6.27948E-1 6.43068E-1 6.3992E-1
1.13444E-1 1.27577E-1 1.17651E-1 1.11312E-1 1.10042E-1 1.04949E-1 1.02568E-1 1.01211E-1 1.01391E-1 1.01519E-1 1.03754E-1 9.80424E-2 9.46501E-2 9.35381E-2 9.57715E-2 9.57715E-2 9.81156E-2 9.69747E-2 9.91919E-2 1.04949E-1 1.14075E-1 1.34142E-1 1.60123E-1 1.76467E-1 1.78119E-1 1.6373E-1 1.63268E-1 1.70915E-1 1.81982E-1 2.07269E-1 2.46924E-1 3.00187E-1 3.37696E-1 3.33747E-1 3.25845E-1 3.27821E-1 3.41641E-1 3.65205E-1 3.92901E-1 4.13642E-1 4.46657E-1 4.72434E-1 4.85593E-1 5.05645E-1 5.14955E-1 5.42752E-1 5.72452E-1 5.98595E-1 6.11212E-1 6.1546E-1 6.30381E-1 6.41831E-1 6.41896E-1 6.45152E-1 6.44637E-1 6.42112E-1 6.27035E-1 6.21707E-1 6.38139E-1 6.49902E-1 6.31446E-1 6.01735E-1 5.99885E-1 5.85039E-1 5.52673E-1
1.18434E-1 1.38552E-1 1.20262E-1 1.20262E-1 1.17565E-1 1.09824E-1 1.09382E-1 1.13124E-1 1.13381E-1 1.11066E-1 1.09824E-1 1.06287E-1 1.05081E-1 1.02697E-1 1.01519E-1 1.01519E-1 1.02773E-1 1.06365E-1 1.02773E-1 1.06153E-1 1.18512E-1 1.43132E-1 1.79488E-1 2.28362E-1 2.01729E-1 1.79488E-1 1.7581E-1 1.78654E-1 1.8703E-1 2.06102E-1 2.40175E-1 2.89404E-1 3.27821E-1 3.38454E-1 3.38454E-1 3.40423E-1 3.59337E-1 3.92284E-1 4.16819E-1 4.48139E-1 4.70797E-1 4.87208E-1 4.96749E-1 4.96445E-1 5.12048E-1 5.51567E-1 5.81655E-1 5.99291E-1 6.12101E-1 6.19848E-1 6.37347E-1 6.48858E-1 6.48298E-1 6.51305E-1 6.51648E-1 6.5568E-1 6.50481E-1 6.37622E-1 6.42028E-1 6.5475E-1 6.35597E-1 6.02743E-1 5.80123E-1 5.62542E-1 5.15725E-1
1.26951E-1 1.43771E-1 1.29698E-1 1.25598E-1 1.2416E-1 1.21134E-1 1.19549E-1 1.26208E-1 1.25137E-1 1.18512E-1 1.15927E-1 1.1485E-1 1.16274E-1 1.11205E-1 1.11205E-1 1.09961E-1 1.10042E-1 1.11287E-1 1.11287E-1 1.14993E-1 1.2649E-1 1.4608E-1 1.90434E-1 2.1622E-1 2.00817E-1 1.8534E-1 1.84782E-1 1.95012E-1 1.99069E-1 2.13241E-1 2.44621E-1 2.83528E-1 3.1108E-1 3.36804E-1 3.41641E-1 3.61998E-1 3.87681E-1 4.22377E-1 4.4948E-1 4.73929E-1 5.01326E-1 5.07557E-1 5.07557E-1 5.08653E-1 5.34931E-1 5.74514E-1 5.99387E-1 6.09089E-1 6.16548E-1 6.27362E-1 6.37328E-1 6.52608E-1 6.53845E-1 6.51089E-1 6.57156E-1 6.56333E-1 6.28055E-1 6.20437E-1 6.36161E-1 6.47209E-1 6.34446E-1 5.80369E-1 5.67125E-1 5.66115E-1 5.27251E-1
1.46608E-1 1.51606E-1 1.36746E-1 1.36716E-1 1.32382E-1 1.36453E-1 1.34803E-1 1.33394E-1 1.30605E-1 1.30605E-1 1.26708E-1 1.2416E-1 1.2416E-1 1.20175E-1 1.20175E-1 1.17565E-1 1.18952E-1 1.17651E-1 1.18952E-1 1.25507E-1 1.36453E-1 1.5547E-1 1.77002E-1 1.88163E-1 1.78654E-1 1.73721E-1 1.94342E-1 2.05497E-1 2.13765E-1 2.19631E-1 2.47094E-1 2.8123E-1 3.19921E-1 3.47649E-1 3.65363E-1 3.9446E-1 4.28119E-1 4.61419E-1 4.8477E-1 5.07533E-1 5.13578E-1 5.26745E-1 5.30907E-1 5.24675E-1 5.62235E-1 6.16433E-1 6.19246E-1 6.08235E-1 6.11099E-1 6.23123E-1 6.38057E-1 6.53038E-1 6.58354E-1 6.34326E-1 6.4451E-1 6.41426E-1 6.18367E-1 6.29936E-1 6.10531E-1 6.11327E-1 5.92427E-1 5.65198E-1 5.61276E-1 5.12013E-1 4.70066E-1
1.61239E-1 1.59273E-1 1.58297E-1 1.46925E-1 1.43963E-1 1.45162E-1 1.43688E-1 1.37647E-1 1.33394E-1 1.33623E-1 1.32382E-1 1.30989E-1 1.29604E-1 1.29604E-1 1.28229E-1 1.28229E-1 1.28322E-1 1.29698E-1 1.33881E-1 1.35197E-1 1.45336E-1 1.58827E-1 1.73186E-1 1.82828E-1 1.80776E-1 1.87506E-1 2.09658E-1 2.19631E-1 2.27311E-1 2.31264E-1 2.49841E-1 2.80418E-1 3.22712E-1 3.59663E-1 4.10047E-1 4.62195E-1 4.89815E-1 5.05791E-1 5.19625E-1 5.2605E-1 5.30938E-1 5.30998E-1 5.30907E-1 5.45725E-1 5.56422E-1 6.29999E-1 6.10211E-1 5.77487E-1 6.0538E-1 6.25896E-1 6.41787E-1 6.60276E-1 6.5787E-1 6.2727E-1 6.20892E-1 6.1458E-1 6.12929E-1 5.99583E-1 5.51514E-1 5.45671E-1 5.26617E-1 5.27606E-1 5.44945E-1 5.11425E-1 4.5613E-1
1.71638E-1 1.73222E-1 1.71638E-1 1.71541E-1 1.53936E-1 1.57808E-1 1.48314E-1 1.42223E-1 1.36453E-1 1.35197E-1 1.35294E-1 1.36716E-1 1.39587E-1 1.39587E-1 1.39587E-1 1.38049E-1 1.38049E-1 1.39587E-1 1.43963E-1 1.48314E-1 1.5746E-1 1.70135E-1 1.83123E-1 2.0349E-1 2.17379E-1 2.25467E-1 2.38741E-1 2.46298E-1 2.48353E-1 2.48353E-1 2.59851E-1 2.7718E-1 3.12929E-1 3.66608E-1 4.31619E-1 5.12474E-1 5.41965E-1 5.47077E-1 5.51924E-1 5.54444E-1 5.45891E-1 5.28096E-1 5.56105E-1 5.82976E-1 5.79129E-1 5.82458E-1 5.49193E-1 5.70122E-1 6.19149E-1 6.4023E-1 6.52085E-1 6.65192E-1 6.51729E-1 6.28135E-1 6.03823E-1 5.74987E-1 5.61995E-1 5.63215E-1 5.14941E-1 4.9336E-1 5.32432E-1 5.42759E-1 4.7999E-1 4.83261E-1 4.22696E-1
1.85619E-1 1.81977E-1 1.80931E-1 1.81977E-1 1.73153E-1 1.6951E-1 1.51434E-1 1.48419E-1 1.42495E-1 1.45471E-1 1.45471E-1 1.49954E-1 1.51467E-1 1.52988E-1 1.54485E-1 1.49817E-1 1.52848E-1 1.52848E-1 1.5757E-1 1.63844E-1 1.75024E-1 1.86711E-1 2.07357E-1 2.30664E-1 2.56634E-1 2.73436E-1 2.77397E-1 2.8525E-1 2.77333E-1 2.69525E-1 2.63528E-1 2.73245E-1 3.22673E-1 3.93842E-1 4.67324E-1 5.25114E-1 5.63258E-1 5.82138E-1 5.84672E-1 5.81822E-1 5.69868E-1 5.68535E-1 5.9062E-1 6.18146E-1 6.07216E-1 5.73283E-1 5.74522E-1 5.97643E-1 6.42292E-1 6.57707E-1 6.63254E-1 6.64842E-1 6.5296E-1 6.27988E-1 5.92496E-1 5.15908E-1 4.6332E-1 5.21203E-1 5.16393E-1 5.43938E-1 5.3694E-1 4.86418E-1 5.17192E-1 4.19838E-1 3.42668E-1
1.91386E-1 1.90194E-1 1.89649E-1 1.9421E-1 1.87566E-1 1.79282E-1 1.6069E-1 1.54476E-1 1.48297E-1 1.498E-1 1.56014E-1 1.63834E-1 1.67022E-1 1.70288E-1 1.67031E-1 1.68521E-1 1.68521E-1 1.71757E-1 1.7667E-1 1.83457E-1 1.93556E-1 2.04038E-1 2.22039E-1 2.51749E-1 2.88681E-1 3.26867E-1 3.34292E-1 3.20362E-1 3.08432E-1 2.82324E-1 2.62341E-1 2.88221E-1 3.56121E-1 4.29539E-1 4.97326E-1 5.47692E-1 5.85693E-1 6.09816E-1 6.13528E-1 6.04856E-1 5.95124E-1 5.96163E-1 5.96894E-1 6.00076E-1 5.95143E-1 5.72361E-1 6.24764E-1 6.35844E-1 6.49048E-1 6.63436E-1 6.61542E-1 6.63837E-1 6.54131E-1 6.35403E-1 5.99454E-1 5.27548E-1 4.49531E-1 5.28889E-1 5.38702E-1 4.98866E-1 4.81674E-1 5.06983E-1 4.82486E-1 3.97681E-1 3.50334E-1
1.95085E-1 1.95701E-1 2.01478E-1 2.01478E-1 1.92494E-1 1.88465E-1 1.75024E-1 1.63834E-1 1.56977E-1 1.58528E-1 1.66693E-1 1.84998E-1 1.91951E-1 1.93674E-1 1.85143E-1 1.81779E-1 1.81447E-1 1.88196E-1 1.93556E-1 2.04038E-1 2.14763E-1 2.23873E-1 2.40623E-1 2.61621E-1 3.04802E-1 3.70483E-1 3.99045E-1 3.63543E-1 3.35825E-1 3.00825E-1 3.01497E-1 3.47735E-1 4.33222E-1 4.75652E-1 5.26503E-1 5.71915E-1 6.09088E-1 6.31639E-1 6.36721E-1 6.31288E-1 6.22383E-1 6.08693E-1 5.92743E-1 6.06809E-1 6.13369E-1 6.20763E-1 6.4484E-1 6.5429E-1 6.54173E-1 6.64803E-1 6.3214E-1 6.36525E-1 6.42511E-1 6.35581E-1 6.2241E-1 6.07194E-1 5.70535E-1 5.03793E-1 4.44263E-1 4.10795E-1 3.93054E-1 4.96403E-1 4.1461E-1 3.88524E-1 3.49835E-1
2.02269E-1 1.99962E-1 2.11904E-1 2.06073E-1 2.06356E-1 1.97823E-1 1.81817E-1 1.73157E-1 1.63503E-1 1.67201E-1 1.84076E-1 2.12691E-1 2.29384E-1 2.18519E-1 2.09551E-1 1.95285E-1 1.968E-1 2.07357E-1 2.16573E-1 2.33126E-1 2.4251E-1 2.50103E-1 2.61621E-1 2.75224E-1 2.97045E-1 3.52775E-1 3.7336E-1 3.7079E-1 3.54322E-1 3.38497E-1 3.55053E-1 4.48041E-1 5.37715E-1 5.14543E-1 5.55647E-1 6.00221E-1 6.28697E-1 6.45884E-1 6.52907E-1 6.53978E-1 6.44297E-1 6.07395E-1 6.03342E-1 6.17642E-1 6.32838E-1 6.46706E-1 6.57819E-1 6.59229E-1 6.62201E-1 6.41813E-1 5.81978E-1 5.82808E-1 5.92497E-1 6.11643E-1 6.18662E-1 6.36503E-1 6.12678E-1 5.20216E-1 4.33575E-1 3.85626E-1 3.60633E-1 4.60425E-1 3.80993E-1 3.62497E-1 3.57443E-1
