KUENM/Final_Models/M_0.1_F_lq_Set_2_NE/sp1_2_se_asia.asc
ncols         320
nrows         243
xllcorner     44.0
yllcorner     -0.666666666666667
cellsize      0.166666666666667
NODATA_value  -9999
[rows 31 to 61 of 243, columns 0 to 69 of 320]
-9999 -9999 -9999 -9999 -9999 -9999 -9999 -9999 -9999 -9999 2.489E-1 7.38236E-2 5.98362E-4 3.24108E-3 1.83398E-3 4.2283E-3 2.82207E-3 2.44054E-3 2.00486E-4 2.97071E-4 1.11563E-3 6.52132E-4 7.80471E-5 1.14813E-3 1.66013E-3 3.74762E-4 1.15647E-4 6.32248E-6 8.27427E-5 3.22051E-4 7.09758E-4 4.99116E-4 1.78662E-4 2.07427E-4 1.33581E-4 2.92027E-5 1.09539E-5 2.90727E-4 2.04345E-3 4.99189E-3 9.58984E-3 1.38587E-2 1.97987E-2 2.33192E-2 2.56648E-2 2.60013E-2 2.50071E-2 2.40419E-2 2.12877E-2 1.21067E-2 1.55051E-2 1.63795E-2 9.99972E-3 2.00318E-2 3.19889E-2 3.3848E-2 3.6137E-2 3.57869E-2 3.64897E-2 3.64897E-2 3.68449E-2 3.64897E-2 3.51927E-2 3.45155E-2 3.45155E-2 3.45155E-2 3.45155E-2 3.23044E-2 3.31901E-2 3.28648E-2
-9999 -9999 -9999 -9999 -9999 -9999 -9999 -9999 -9999 3.05889E-1 2.11244E-1 1.189E-1 3.24954E-3 1.36094E-3 2.91364E-3 2.83792E-3 4.29483E-3 3.40199E-3 2.23987E-3 1.70326E-4 1.79735E-3 2.8448E-3 1.16774E-3 1.85284E-3 1.7941E-3 5.52837E-4 3.32141E-4 6.83801E-4 3.96251E-4 1.42352E-4 2.72245E-4 1.71648E-4 9.39855E-5 3.83499E-4 3.83895E-4 2.38308E-4 1.72259E-4 2.41816E-4 9.26592E-4 5.42285E-3 2.8354E-3 3.61872E-3 8.51685E-3 2.38896E-2 2.96135E-2 2.99384E-2 2.85153E-2 2.68752E-2 2.60825E-2 2.24356E-2 1.90297E-2 2.11E-2 2.06688E-2 2.70615E-2 3.39277E-2 3.39277E-2 3.46098E-2 3.58308E-2 3.58308E-2 3.61881E-2 3.61881E-2 3.49547E-2 3.53022E-2 3.53022E-2 3.37389E-2 3.34063E-2 3.27486E-2 3.27486E-2 3.17803E-2 3.11469E-2
-9999 -9999 -9999 -9999 -9999 -9999 -9999 -9999 -9999 2.75896E-1 1.55551E-1 7.68859E-2 1.16966E-2 2.61804E-3 2.57187E-3 1.27302E-3 2.6119E-3 2.27735E-3 1.50792E-3 3.76677E-3 3.41851E-3 7.89887E-4 3.33748E-4 1.856E-4 7.28486E-4 2.26568E-3 3.65642E-4 2.90911E-4 3.47328E-4 1.28344E-4 4.56529E-5 1.57777E-4 4.76466E-5 2.33604E-4 6.99841E-4 6.48859E-4 4.18961E-4 2.67414E-4 1.02229E-3 2.00499E-3 6.76607E-5 3.62213E-5 8.34173E-4 2.03253E-2 3.26676E-2 2.96497E-2 2.6346E-2 2.63448E-2 2.10998E-2 2.26544E-2 2.70615E-2 2.65173E-2 3.05232E-2 3.37422E-2 3.44279E-2 3.56156E-2 3.52592E-2 3.49056E-2 3.52592E-2 3.52592E-2 3.52592E-2 3.34032E-2 2.99091E-2 3.19423E-2 3.13006E-2 2.99091E-2 2.82685E-2 3.16202E-2 3.27331E-2 3.30669E-2
-9999 -9999 -9999 -9999 -9999 -9999 -9999 -9999 -9999 2.75189E-1 1.43331E-1 6.35612E-2 1.31075E-2 4.34395E-3 3.2448E-3 5.37575E-3 3.65272E-3 1.52537E-3 1.80282E-3 8.99347E-4 1.3183E-3 1.17935E-3 5.65206E-4 4.41127E-4 3.43783E-4 5.96997E-5 2.68478E-4 2.96976E-4 9.16275E-5 1.0716E-4 4.08829E-5 5.09436E-5 1.26839E-4 1.19419E-4 2.81277E-4 5.96301E-4 1.9707E-4 7.45734E-5 5.28693E-4 1.57492E-3 2.47774E-4 1.5286E-5 5.04699E-4 1.06285E-2 3.23244E-2 2.50071E-2 2.31052E-2 1.41534E-2 3.8611E-3 9.51828E-3 1.24858E-2 1.04405E-2 1.64339E-2 2.56186E-2 3.20733E-2 3.42955E-2 3.46475E-2 3.46475E-2 3.42955E-2 3.42955E-2 3.07843E-2 2.39221E-2 2.00005E-2 1.82514E-2 2.25534E-2 1.76931E-2 1.39662E-2 2.78341E-2 3.35997E-2 3.50645E-2
-9999 -9999 -9999 -9999 -9999 -9999 -9999 -9999 -9999 2.71017E-1 1.91546E-1 8.08311E-2 2.73639E-2 1.11798E-2 4.41101E-3 2.08209E-3 7.01408E-3 2.18161E-3 5.70262E-3 2.33842E-3 1.59174E-3 4.42286E-3 7.01586E-4 1.69541E-3 8.12169E-4 4.58646E-4 3.70673E-6 3.32074E-5 1.26993E-3 1.13349E-4 4.23445E-5 3.6155E-5 8.93492E-5 3.90853E-5 2.35698E-5 1.35805E-4 2.46875E-5 3.29341E-5 1.95887E-4 1.12705E-3 8.15967E-4 1.37254E-4 4.25549E-5 1.71726E-3 1.35909E-2 2.42154E-2 2.5829E-2 1.63229E-2 5.08244E-3 3.37507E-3 4.26739E-3 5.16121E-3 4.72632E-3 6.13611E-3 1.28245E-2 2.82389E-2 3.25762E-2 3.1577E-2 3.22405E-2 2.92296E-2 2.22265E-2 1.14637E-2 7.96339E-3 6.20309E-3 9.63702E-3 1.55856E-2 2.46996E-2 3.19074E-2 3.50919E-2 3.47305E-2
-9999 -9999 -9999 -9999 -9999 -9999 -9999 -9999 -9999 -9999 2.5196E-1 1.0734E-1 3.07228E-2 1.77336E-2 3.20594E-3 1.3909E-2 1.18231E-2 6.68586E-3 3.07228E-2 2.19351E-2 1.91357E-2 3.3536E-3 8.25812E-3 2.53482E-3 1.38264E-3 1.80068E-3 3.17984E-4 1.9322E-4 1.37049E-3 1.90072E-3 1.98106E-4 8.22698E-5 4.2182E-5 4.82659E-5 2.32419E-5 7.01262E-5 2.62076E-4 3.31605E-4 6.1556E-4 2.48611E-4 9.19668E-5 2.9834E-4 7.90516E-5 1.03855E-5 1.06169E-4 1.82128E-3 1.15886E-2 2.21966E-2 2.08855E-2 1.57137E-2 1.41144E-2 1.59207E-2 1.31026E-2 6.06972E-3 8.10178E-3 1.4457E-2 1.29775E-2 2.36756E-2 2.45387E-2 2.59612E-2 2.56869E-2 2.00744E-2 1.62337E-2 1.64094E-2 2.02905E-2 2.15294E-2 2.39284E-2 2.86875E-2 3.26215E-2 3.40005E-2
-9999 -9999 -9999 -9999 -9999 -9999 -9999 -9999 -9999 -9999 -9999 2.11818E-1 1.31235E-1 3.8739E-2 7.65088E-3 1.92265E-3 2.19831E-2 2.72046E-2 1.81691E-2 6.05314E-3 6.68586E-3 1.42341E-2 8.20718E-3 3.19316E-2 7.68287E-3 5.8135E-3 3.53839E-3 1.212E-3 4.04103E-4 1.48051E-3 2.4828E-3 1.68171E-4 2.10096E-4 1.67665E-4 4.62747E-5 8.34837E-5 1.4591E-4 1.44175E-4 3.42439E-4 2.50878E-4 2.11276E-4 1.18558E-4 5.53696E-5 2.50057E-5 7.0777E-6 7.59939E-6 5.20073E-4 5.76254E-3 1.67206E-2 2.21941E-2 2.26174E-2 2.25534E-2 2.20857E-2 1.91723E-2 1.74626E-2 1.29775E-2 7.29745E-3 1.35544E-2 1.83024E-2 2.2443E-2 2.2443E-2 1.94373E-2 1.94373E-2 1.60151E-2 1.39938E-2 1.83024E-2 2.22027E-2 2.48778E-2 2.60242E-2 3.43119E-2
-9999 -9999 -9999 -9999 -9999 -9999 -9999 -9999 -9999 -9999 -9999 -9999 1.46153E-1 1.21297E-1 2.6382E-2 4.801E-3 3.73494E-3 3.60896E-2 3.04782E-2 4.38656E-2 2.14878E-2 2.23744E-2 2.87275E-2 6.22742E-2 2.79746E-2 2.4611E-2 2.42946E-2 3.67923E-3 3.69049E-4 3.50319E-4 7.63303E-4 1.13349E-4 3.31498E-4 2.5592E-4 5.76265E-5 2.21147E-5 4.06819E-5 1.37005E-4 2.53056E-4 4.72197E-5 2.13389E-5 2.74301E-5 1.18558E-4 2.14902E-4 6.84896E-5 8.88846E-6 1.16885E-5 5.34641E-4 3.25375E-3 9.82402E-3 1.49116E-2 1.92135E-2 1.7311E-2 1.87686E-2 2.02905E-2 1.43013E-2 4.67746E-3 3.29716E-3 5.55933E-3 1.20227E-2 1.84114E-2 8.4532E-3 5.21339E-3 4.09345E-3 4.37725E-3 7.2175E-3 2.55044E-2 3.35083E-2 3.38682E-2 3.38682E-2
-9999 -9999 -9999 -9999 -9999 -9999 -9999 -9999 -9999 -9999 -9999 -9999 -9999 1.7338E-1 7.79609E-2 2.35082E-2 2.25776E-2 8.21128E-3 1.06575E-2 9.32929E-2 6.68663E-2 3.07228E-2 9.76746E-2 6.86959E-2 1.46405E-2 3.57537E-3 6.4042E-4 2.11191E-3 4.67264E-3 6.86466E-3 1.91531E-4 1.51784E-5 3.87343E-6 5.58933E-5 5.96839E-5 1.65786E-5 2.30314E-5 1.32817E-5 2.35727E-5 5.64993E-5 3.56896E-5 1.11857E-4 3.31003E-4 5.61683E-4 5.6895E-4 4.0809E-4 2.1848E-4 1.55171E-4 3.06988E-4 5.43114E-4 2.10977E-3 8.18533E-4 1.83332E-3 3.81571E-3 1.07422E-2 1.6908E-2 1.24247E-2 8.05468E-3 5.49808E-3 7.50189E-3 1.31033E-2 1.69576E-2 2.15587E-2 2.55109E-2 2.08035E-2 9.49835E-3 1.54978E-2 2.96001E-2 3.11697E-2 2.90149E-2
-9999 -9999 -9999 -9999 -9999 -9999 -9999 -9999 -9999 -9999 -9999 -9999 2.11757E-1 2.07089E-1 1.96251E-1 1.44461E-1 8.93929E-2 5.1604E-2 2.78086E-2 1.6692E-2 6.35941E-2 1.3158E-1 1.7269E-1 1.09975E-1 1.95101E-2 1.11641E-2 1.95111E-3 7.25363E-2 4.75259E-2 4.4495E-3 1.93742E-3 1.81703E-4 2.82467E-6 4.24449E-5 3.27933E-5 3.85069E-6 1.01547E-5 1.04045E-5 6.82801E-6 1.10487E-5 5.94875E-5 2.46435E-4 3.59666E-4 8.58402E-4 1.52809E-3 1.63188E-3 1.16562E-3 4.38785E-4 2.38944E-4 9.0376E-5 2.19963E-4 2.73672E-4 3.15367E-4 5.11088E-4 2.4405E-3 1.12431E-2 1.52106E-2 1.75238E-2 1.24183E-2 8.76735E-3 1.02951E-2 1.40834E-2 2.49591E-2 2.74831E-2 2.44189E-2 1.26756E-2 1.00578E-2 1.69576E-2 1.69576E-2 1.42793E-2
-9999 -9999 -9999 -9999 -9999 -9999 -9999 -9999 -9999 -9999 -9999 -9999 -9999 -9999 -9999 2.12391E-1 1.23007E-1 1.12553E-1 1.20713E-1 3.58814E-2 7.21135E-2 7.98086E-2 1.19855E-1 1.84732E-1 1.79059E-1 4.79855E-2 2.9322E-2 5.79171E-2 1.02449E-1 4.76733E-2 7.59846E-2 1.51752E-2 4.61521E-4 2.13922E-4 4.53088E-5 4.77622E-6 3.82427E-6 2.59969E-5 3.73771E-5 7.1518E-6 1.63088E-5 6.86137E-5 2.03721E-4 3.91977E-4 1.61886E-3 2.33524E-3 2.61404E-3 2.25526E-3 1.0417E-3 2.59942E-4 3.39373E-5 1.05053E-4 3.90368E-4 1.06775E-3 2.34378E-3 7.09238E-3 1.22895E-2 1.82115E-2 1.96267E-2 9.62155E-3 1.40834E-2 2.28506E-2 2.95245E-2 2.95245E-2 2.46868E-2 1.26756E-2 1.40834E-2 1.00578E-2 5.44851E-3 3.09485E-3
-9999 -9999 -9999 -9999 -9999 -9999 -9999 -9999 -9999 -9999 -9999 -9999 -9999 -9999 -9999 -9999 2.31206E-1 2.27813E-1 2.26315E-1 1.93591E-1 1.24258E-1 2.06048E-1 2.73975E-1 2.38251E-1 3.69445E-1 3.4295E-1 3.83768E-1 3.88884E-1 1.88277E-1 1.06148E-2 1.64182E-2 1.11296E-2 1.93557E-3 1.73855E-3 3.14027E-4 5.93576E-6 4.77622E-6 4.9352E-6 8.12555E-5 1.42855E-4 9.60007E-5 1.1826E-4 2.56463E-4 3.54466E-4 6.4116E-4 2.40471E-3 2.9356E-3 3.31952E-3 3.12151E-3 1.90229E-3 8.44945E-4 3.83843E-4 1.26891E-4 3.64237E-4 2.06464E-3 6.39765E-3 1.17589E-2 1.82115E-2 2.08035E-2 1.36648E-2 1.77034E-2 1.55194E-2 1.97381E-2 1.73145E-2 2.60163E-2 2.68263E-2 2.41492E-2 1.49941E-2 1.24183E-2 6.93852E-3
-9999 -9999 -9999 -9999 -9999 -9999 -9999 -9999 -9999 -9999 -9999 -9999 -9999 -9999 -9999 -9999 -9999 -9999 2.45838E-1 2.77302E-1 2.93123E-1 3.04369E-1 3.32392E-1 3.82686E-1 4.05849E-1 4.38152E-1 4.19832E-1 4.04081E-1 3.10967E-1 2.98009E-1 1.52845E-1 2.12764E-2 2.64362E-4 2.02483E-5 1.28344E-4 4.9823E-6 2.448E-6 1.86366E-5 8.28186E-5 2.85681E-5 9.13264E-5 2.29501E-4 3.90763E-4 9.53635E-4 2.46085E-3 2.11377E-3 2.96499E-3 3.71939E-3 4.08408E-3 4.08077E-3 3.35786E-3 2.44992E-3 1.28816E-3 7.13528E-4 9.5651E-4 4.94142E-3 1.11208E-2 1.56687E-2 1.94126E-2 2.08608E-2 2.01812E-2 1.63071E-2 9.73641E-3 1.73482E-3 9.95683E-3 2.43903E-2 1.39281E-2 9.72913E-3 9.49835E-3 8.83389E-3
-9999 -9999 -9999 -9999 -9999 -9999 -9999 -9999 -9999 -9999 -9999 -9999 -9999 -9999 -9999 -9999 -9999 -9999 -9999 -9999 2.90646E-1 3.19957E-1 3.45986E-1 3.72196E-1 4.16009E-1 4.54571E-1 4.83651E-1 4.94416E-1 4.66798E-1 4.88703E-1 5.01794E-1 3.18846E-1 9.54828E-2 5.26931E-2 6.33996E-3 5.74969E-4 3.91991E-6 2.27001E-5 1.50279E-5 3.99827E-5 1.76524E-4 2.3899E-4 5.35026E-4 1.14653E-3 1.60356E-3 2.1268E-3 1.73106E-3 1.91671E-3 3.42217E-3 4.29632E-3 4.69464E-3 4.72564E-3 4.18416E-3 3.24592E-3 2.69144E-3 4.77798E-3 5.56927E-3 8.14402E-3 1.35146E-2 1.79005E-2 1.56936E-2 7.64545E-3 1.71571E-3 3.87876E-4 3.41738E-3 1.63071E-2 6.17007E-3 1.15033E-2 1.49941E-2 1.1504E-2
-9999 -9999 -9999 -9999 -9999 -9999 -9999 -9999 -9999 -9999 -9999 -9999 -9999 -9999 -9999 -9999 -9999 -9999 -9999 -9999 -9999 3.01974E-1 3.33733E-1 3.60259E-1 3.95362E-1 4.41732E-1 4.73961E-1 5.00303E-1 5.24944E-1 5.37905E-1 5.54188E-1 5.23289E-1 3.00781E-1 2.1115E-1 1.85202E-1 8.14817E-4 1.08389E-4 2.78798E-5 1.13775E-5 1.49615E-4 1.59107E-4 2.71736E-4 5.82693E-5 4.52184E-4 1.49089E-3 1.50497E-3 1.66576E-3 2.03316E-3 3.1967E-3 3.24333E-3 4.0426E-3 5.33033E-3 5.72849E-3 5.3771E-3 2.63911E-3 1.77266E-3 1.69795E-3 5.88185E-4 3.91066E-3 1.40834E-2 1.56936E-2 1.05191E-2 4.00444E-3 1.2312E-3 2.45605E-3 1.7767E-2 2.26081E-2 1.70485E-2 3.77424E-3 3.89975E-3
-9999 -9999 -9999 -9999 -9999 -9999 -9999 -9999 -9999 -9999 -9999 -9999 -9999 -9999 -9999 -9999 -9999 -9999 -9999 -9999 -9999 -9999 3.09762E-1 3.3257E-1 3.75058E-1 4.11107E-1 4.43426E-1 4.75852E-1 5.06644E-1 5.3902E-1 5.63107E-1 5.56503E-1 4.8534E-1 4.12018E-1 2.03607E-1 6.2078E-3 1.20683E-3 3.34893E-5 1.89968E-4 4.09159E-4 1.66583E-4 2.31715E-4 1.07144E-4 1.55134E-4 1.80999E-4 8.64206E-4 8.95093E-4 1.54794E-3 1.11389E-3 2.83117E-3 4.34007E-3 4.99324E-3 6.51541E-3 6.05692E-3 2.78294E-3 6.05376E-4 5.86709E-4 9.5651E-4 2.08718E-3 9.62155E-3 1.34704E-2 1.3025E-2 7.20461E-3 6.41055E-4 4.56984E-4 9.08616E-3 2.44168E-2 2.13648E-2 4.88768E-3 2.69144E-3
-9999 -9999 -9999 -9999 -9999 -9999 -9999 -9999 -9999 -9999 -9999 -9999 -9999 -9999 -9999 -9999 -9999 -9999 -9999 -9999 -9999 -9999 2.89529E-1 3.10601E-1 3.42848E-1 3.74384E-1 4.08329E-1 4.46366E-1 4.80392E-1 5.15219E-1 5.58628E-1 5.91284E-1 5.50667E-1 4.36651E-1 2.91593E-1 1.87771E-1 2.26032E-2 8.93572E-4 2.37063E-5 1.63697E-3 1.73123E-4 3.8078E-5 1.02442E-4 1.12617E-4 9.82728E-5 1.92545E-4 6.57634E-4 7.02889E-4 4.15262E-4 2.86386E-3 5.04685E-3 6.14881E-3 6.42007E-3 5.64443E-3 2.96377E-3 9.48326E-4 2.65331E-4 2.38944E-4 4.15798E-4 3.48387E-3 8.98543E-3 1.06382E-2 1.04011E-2 6.52959E-3 1.85321E-3 4.18467E-3 2.23531E-2 2.38901E-2 1.21555E-2 5.81733E-3
-9999 -9999 -9999 -9999 -9999 -9999 -9999 -9999 -9999 -9999 -9999 -9999 -9999 -9999 -9999 -9999 -9999 -9999 -9999 -9999 -9999 -9999 -9999 2.87436E-1 3.11347E-1 3.41072E-1 3.73806E-1 4.00721E-1 4.41497E-1 4.83358E-1 5.25943E-1 5.66226E-1 5.73217E-1 4.37832E-1 3.1838E-1 1.51632E-1 2.84114E-2 6.77538E-3 3.76193E-3 1.56676E-3 1.30199E-3 9.73192E-5 1.25378E-5 1.20238E-4 1.17235E-4 4.12323E-5 7.64279E-5 5.06174E-4 6.41711E-4 9.72958E-4 1.87044E-3 4.4187E-3 4.70685E-3 5.29554E-3 4.0387E-3 2.41931E-3 9.68139E-4 2.94424E-4 3.56711E-5 2.41405E-4 7.60093E-4 3.44586E-3 6.82837E-3 9.95683E-3 6.98191E-3 8.26793E-3 1.85024E-2 2.52338E-2 1.93301E-2 6.07427E-3
-9999 -9999 -9999 -9999 -9999 -9999 -9999 -9999 -9999 -9999 -9999 -9999 -9999 -9999 -9999 -9999 -9999 -9999 -9999 -9999 -9999 -9999 -9999 2.62137E-1 2.86247E-1 3.05677E-1 3.30093E-1 3.52684E-1 3.93698E-1 4.36434E-1 4.87509E-1 5.24147E-1 5.42011E-1 4.98127E-1 3.61761E-1 2.42107E-1 1.00006E-3 1.12934E-2 6.05667E-2 1.98305E-2 1.17154E-2 1.11188E-3 1.32971E-3 4.23251E-4 8.42844E-5 7.42582E-5 2.58716E-5 1.12583E-4 4.26119E-4 4.50866E-4 9.821E-4 3.18276E-3 3.2084E-3 4.51759E-3 5.8459E-3 5.33033E-3 3.42873E-3 1.92219E-3 2.02389E-4 5.92777E-5 1.08855E-5 4.47125E-4 4.04147E-3 7.66947E-3 6.93852E-3 3.10959E-3 5.27405E-3 2.12618E-2 2.35741E-2 1.41531E-2
-9999 -9999 -9999 -9999 -9999 -9999 -9999 -9999 -9999 -9999 -9999 -9999 -9999 -9999 -9999 -9999 -9999 -9999 -9999 -9999 -9999 -9999 2.19117E-1 2.37312E-1 2.57549E-1 2.76529E-1 2.92532E-1 3.05338E-1 3.40817E-1 3.91455E-1 4.43335E-1 4.83928E-1 5.09205E-1 5.03173E-1 4.60749E-1 3.18261E-1 5.1604E-2 2.31485E-4 1.45859E-3 9.00236E-3 3.99107E-3 2.238E-4 6.0429E-4 1.2237E-4 4.09885E-5 8.06577E-5 2.02575E-5 6.65889E-5 1.81682E-4 2.41481E-4 4.17685E-4 1.2841E-3 2.54841E-3 3.42539E-3 3.26079E-3 6.3827E-3 5.8826E-3 4.87599E-3 2.47E-3 6.84833E-4 3.46933E-4 1.45011E-4 8.25932E-4 4.66596E-3 5.04323E-3 5.75416E-3 3.77985E-3 1.04405E-2 2.00744E-2 1.97311E-2
-9999 -9999 -9999 -9999 -9999 -9999 -9999 -9999 -9999 -9999 -9999 -9999 -9999 -9999 -9999 -9999 -9999 -9999 -9999 -9999 -9999 -9999 1.98634E-1 2.23655E-1 2.38856E-1 2.51212E-1 2.71443E-1 2.80779E-1 3.09325E-1 3.64398E-1 4.06752E-1 4.47859E-1 4.77391E-1 4.91165E-1 4.76378E-1 3.09125E-1 3.9591E-2 6.99418E-3 1.43684E-2 2.64799E-3 1.18986E-3 6.9128E-4 2.89504E-4 2.62349E-3 4.74105E-4 4.28399E-4 1.4504E-4 5.32514E-5 5.5098E-5 6.91095E-5 3.90559E-4 7.76384E-4 5.6966E-4 3.06324E-3 5.74315E-3 6.98442E-3 7.86304E-3 8.24606E-3 6.95654E-3 2.5739E-3 9.95567E-4 1.01911E-3 1.09666E-3 2.2191E-3 1.92219E-3 5.62457E-3 5.49225E-3 2.60849E-3 1.06098E-2 1.1489E-2
-9999 -9999 -9999 -9999 -9999 -9999 -9999 -9999 -9999 -9999 -9999 -9999 -9999 -9999 -9999 -9999 -9999 -9999 -9999 -9999 -9999 -9999 1.888E-1 2.07343E-1 2.26617E-1 2.43389E-1 2.60198E-1 2.75897E-1 3.04349E-1 3.42844E-1 3.82472E-1 4.19413E-1 4.45986E-1 4.65112E-1 4.73989E-1 3.85566E-1 9.3568E-2 1.13523E-2 1.16322E-2 6.49713E-2 3.89138E-3 9.48204E-4 7.99085E-4 1.99005E-3 1.03792E-4 5.15823E-4 1.94232E-4 1.07701E-4 1.65727E-4 1.69937E-4 2.08004E-4 3.33102E-4 1.03249E-3 1.3825E-3 5.20939E-3 8.23547E-3 9.2672E-3 9.81928E-3 9.15109E-3 4.8015E-3 1.09993E-3 1.05721E-3 1.03634E-3 2.08739E-3 3.28986E-3 4.33337E-3 8.69632E-3 9.24626E-3 1.37783E-2 8.61242E-3
-9999 -9999 -9999 -9999 -9999 -9999 -9999 -9999 -9999 -9999 -9999 -9999 -9999 -9999 -9999 -9999 -9999 -9999 -9999 -9999 -9999 -9999 -9999 -9999 2.19076E-1 2.35354E-1 2.50645E-1 2.71029E-1 2.96067E-1 3.27814E-1 3.63608E-1 3.92261E-1 4.21728E-1 4.38821E-1 4.53165E-1 4.27774E-1 2.97688E-1 1.67946E-1 2.44944E-1 1.60668E-1 1.50529E-2 2.45405E-3 5.60249E-4 5.26308E-3 7.23721E-5 5.98231E-5 1.75293E-4 1.6091E-4 1.10963E-4 2.27728E-4 1.42383E-4 1.22149E-4 5.02158E-4 9.36999E-4 1.12705E-3 4.42742E-3 1.03131E-2 1.08386E-2 1.09855E-2 8.64535E-3 4.85031E-3 3.16502E-3 2.66706E-3 3.04075E-3 3.91889E-3 4.56269E-3 8.43156E-3 1.19032E-2 1.00502E-2 1.33692E-2
-9999 -9999 -9999 -9999 -9999 -9999 -9999 -9999 -9999 -9999 -9999 -9999 -9999 -9999 -9999 -9999 -9999 -9999 -9999 -9999 -9999 -9999 -9999 -9999 2.17355E-1 2.32261E-1 2.50145E-1 2.70464E-1 2.9276E-1 3.16942E-1 3.46967E-1 3.73511E-1 3.98732E-1 4.18579E-1 4.37478E-1 4.40339E-1 4.1733E-1 3.54464E-1 2.77778E-1 2.38535E-1 1.43964E-1 2.98208E-3 2.19066E-4 1.42894E-3 4.00071E-3 1.6875E-4 4.30259E-5 2.17793E-4 3.96585E-4 1.15125E-4 1.62383E-4 1.50416E-4 1.7335E-5 5.96429E-5 1.14454E-4 4.41162E-4 8.41608E-4 4.81123E-3 8.64155E-3 9.97703E-3 9.49652E-3 6.52829E-3 4.4187E-3 1.73106E-3 7.49356E-4 1.48419E-3 4.20475E-3 8.22137E-3 1.14715E-2 1.09082E-2
-9999 -9999 -9999 -9999 -9999 -9999 -9999 -9999 -9999 -9999 -9999 -9999 -9999 -9999 -9999 -9999 -9999 -9999 -9999 -9999 -9999 -9999 -9999 -9999 2.18511E-1 2.35943E-1 2.49503E-1 2.66488E-1 2.87004E-1 3.06943E-1 3.29486E-1 3.55306E-1 3.80831E-1 3.95502E-1 4.14691E-1 4.26489E-1 4.11913E-1 4.18383E-1 3.30191E-1 2.6079E-1 1.13001E-1 1.59102E-2 3.44505E-3 2.53907E-3 1.41098E-3 2.27843E-3 2.28993E-4 1.19585E-3 1.10713E-3 4.50913E-4 8.17179E-4 1.53987E-4 2.81234E-4 2.94442E-4 5.69415E-4 2.14975E-4 1.40057E-4 6.87035E-4 2.49092E-3 5.8121E-3 9.57516E-3 9.82709E-3 3.98834E-3 9.1662E-4 1.60653E-4 1.77781E-4 1.03185E-3 1.63438E-3 2.89172E-3 1.10103E-2
-9999 -9999 -9999 -9999 -9999 -9999 -9999 -9999 -9999 -9999 -9999 -9999 -9999 -9999 -9999 -9999 -9999 -9999 -9999 -9999 -9999 -9999 -9999 -9999 -9999 2.36826E-1 2.45523E-1 2.58374E-1 2.78743E-1 2.93636E-1 -9999 -9999 3.56969E-1 3.75154E-1 3.93071E-1 4.10074E-1 4.12596E-1 4.01079E-1 3.69691E-1 2.96537E-1 1.54236E-1 2.9647E-2 8.452E-2 7.57393E-2 4.79769E-2 1.59693E-3 4.94433E-4 4.88349E-5 8.66698E-4 1.07464E-3 2.4847E-4 5.91746E-4 2.18698E-4 3.01262E-4 6.47612E-4 9.37081E-4 3.05264E-4 1.26123E-4 8.61228E-4 3.27691E-3 7.83257E-3 1.14216E-2 8.23947E-3 3.50043E-3 1.25756E-3 6.47559E-4 5.04218E-4 1.32366E-4 3.05293E-4 3.09256E-3
-9999 -9999 -9999 -9999 -9999 -9999 -9999 -9999 -9999 -9999 -9999 -9999 -9999 -9999 -9999 -9999 -9999 -9999 -9999 -9999 -9999 -9999 -9999 -9999 -9999 -9999 2.4075E-1 2.55146E-1 2.70522E-1 2.80392E-1 -9999 3.22794E-1 3.37841E-1 3.52822E-1 3.71865E-1 3.85639E-1 3.92813E-1 3.92966E-1 3.64612E-1 3.27617E-1 2.5962E-1 2.42393E-1 1.81102E-1 1.68468E-1 1.32856E-1 5.01427E-2 2.52338E-3 4.29889E-4 5.42945E-4 3.62943E-3 4.35244E-3 1.28463E-3 4.84248E-4 3.10752E-4 1.33627E-3 3.04306E-3 1.77531E-3 4.78194E-4 1.94535E-4 5.05075E-4 3.96672E-3 1.25458E-2 1.35753E-2 9.23527E-3 5.51262E-3 2.93623E-3 2.04189E-3 5.89088E-4 5.41477E-4 2.71412E-3
-9999 -9999 -9999 -9999 -9999 -9999 -9999 -9999 -9999 -9999 -9999 -9999 -9999 -9999 -9999 -9999 -9999 -9999 -9999 -9999 -9999 -9999 -9999 -9999 -9999 -9999 -9999 2.47119E-1 2.59993E-1 2.70522E-1 -9999 -9999 -9999 3.31937E-1 -9999 -9999 -9999 3.74807E-1 3.60399E-1 3.04947E-1 2.74885E-1 2.37614E-1 1.88133E-1 1.07594E-1 1.14064E-1 6.83368E-2 9.73646E-3 6.48209E-3 2.53907E-3 2.25178E-3 1.12474E-2 1.29238E-2 5.43828E-3 2.66478E-3 4.60404E-3 3.17421E-3 1.31593E-3 1.35253E-3 9.04523E-4 3.70801E-4 1.36249E-3 6.73751E-3 1.2326E-2 1.26626E-2 1.08311E-2 7.14487E-3 5.08679E-3 4.10617E-3 3.59107E-3 2.05997E-3
-9999 -9999 -9999 -9999 -9999 -9999 -9999 -9999 -9999 -9999 -9999 -9999 -9999 -9999 -9999 -9999 -9999 -9999 -9999 -9999 -9999 -9999 -9999 -9999 -9999 -9999 -9999 -9999 -9999 -9999 -9999 -9999 -9999 -9999 -9999 -9999 -9999 3.52352E-1 3.49413E-1 3.33499E-1 3.00683E-1 2.61323E-1 2.06115E-1 1.15068E-1 1.10504E-1 7.04479E-2 1.72885E-3 3.3515E-3 2.99976E-3 1.58553E-3 1.01329E-2 1.8137E-2 1.79743E-2 1.15307E-2 4.0856E-3 3.26655E-3 4.76579E-3 1.2681E-3 9.20149E-4 1.03959E-3 2.18513E-3 5.58134E-3 1.00612E-2 1.09012E-2 9.44892E-3 8.09241E-3 6.67595E-3 5.08322E-3 4.7186E-3 2.38009E-3
-9999 -9999 -9999 -9999 -9999 -9999 -9999 -9999 -9999 -9999 -9999 -9999 -9999 -9999 -9999 -9999 -9999 -9999 -9999 -9999 -9999 -9999 -9999 -9999 -9999 -9999 -9999 -9999 -9999 -9999 -9999 -9999 -9999 -9999 -9999 -9999 -9999 -9999 3.26798E-1 3.30041E-1 3.15281E-1 2.97487E-1 2.73991E-1 2.41642E-1 1.6563E-1 1.45981E-1 3.84401E-2 1.02905E-3 2.28854E-3 1.16689E-3 5.51556E-3 7.79458E-3 1.13538E-2 2.01985E-2 1.49213E-2 1.74907E-2 1.59839E-2 1.76208E-2 1.73527E-2 8.92279E-3 3.25075E-3 6.92898E-3 9.2538E-3 6.78318E-3 3.94094E-3 6.03621E-3 7.96997E-3 8.82732E-3 7.23168E-3 4.97984E-3
-9999 -9999 -9999 -9999 -9999 -9999 -9999 -9999 -9999 -9999 -9999 -9999 -9999 -9999 -9999 -9999 -9999 -9999 -9999 -9999 -9999 -9999 -9999 -9999 -9999 -9999 -9999 -9999 -9999 -9999 -9999 -9999 -9999 -9999 -9999 -9999 -9999 -9999 -9999 3.1684E-1 3.13761E-1 3.05365E-1 2.99651E-1 2.70195E-1 2.30942E-1 1.36809E-1 1.2707E-1 1.10087E-2 7.251E-4 6.03932E-3 9.47657E-3 2.30559E-2 1.58134E-2 1.53487E-2 2.06015E-2 2.35848E-2 2.20806E-2 1.57408E-2 1.47915E-2 1.30751E-2 1.66575E-2 2.86908E-3 5.58709E-3 2.12495E-3 3.7237E-3 5.05307E-3 6.01222E-3 9.39966E-3 9.79537E-3 8.04173E-3
