KUENM/Final_Models/M_0.1_F_lq_Set_2_NE/sp1_se_asia_avg.asc
ncols         320
nrows         243
xllcorner     44.0
yllcorner     -0.666666666666667
cellsize      0.166666666666667
NODATA_value  -9999
[rows 62 to 92 of 243, columns 140 to 209 of 320]
8.76883E-2 1.05604E-1 1.02355E-1 1.08164E-1 1.17944E-1 1.40722E-1 1.67598E-1 1.69668E-1 1.42537E-1 1.53491E-1 1.63586E-1 1.58675E-1 1.88529E-1 1.99974E-1 2.06193E-1 2.2551E-1 2.43648E-1 2.47727E-1 2.60242E-1 2.30904E-1 1.74929E-1 1.32213E-1 1.16434E-1 1.12978E-1 1.11851E-1 1.14127E-1 1.10724E-1 1.12978E-1 1.16434E-1 1.23503E-1 1.37303E-1 1.49198E-1 1.66124E-1 1.76489E-1 1.84061E-1 1.80754E-1 1.73049E-1 1.62919E-1 1.59801E-1 1.78172E-1 2.02685E-1 2.26131E-1 2.58048E-1 2.91475E-1 3.29965E-1 3.59434E-1 3.96509E-1 4.38028E-1 4.69314E-1 4.89646E-1 5.02412E-1 5.1611E-1 5.61524E-1 5.84547E-1 5.6887E-1 5.70008E-1 5.99716E-1 5.92784E-1 4.75723E-1 3.72609E-1 3.78937E-1 2.68854E-1 1.68666E-1 1.31727E-1 1.36479E-1 7.00012E-2 3.14546E-2 7.47831E-3 1.33512E-3 6.56241E-5
9.91324E-2 9.36478E-2 9.14027E-2 9.52371E-2 1.00205E-1 1.15877E-1 1.54047E-1 1.54675E-1 1.45662E-1 1.59989E-1 1.54403E-1 1.63275E-1 1.75609E-1 1.90379E-1 2.04656E-1 2.24959E-1 2.21975E-1 2.34295E-1 2.63762E-1 2.35739E-1 1.66127E-1 1.2599E-1 1.10713E-1 1.09592E-1 1.08479E-1 1.11842E-1 1.11842E-1 1.12908E-1 1.17539E-1 1.25825E-1 1.42459E-1 1.57385E-1 1.73359E-1 1.87048E-1 1.93378E-1 1.88681E-1 1.77916E-1 1.56072E-1 1.53125E-1 1.75657E-1 1.96417E-1 2.25275E-1 2.50443E-1 2.84009E-1 3.17383E-1 3.38701E-1 3.69856E-1 4.11715E-1 4.59025E-1 5.10181E-1 5.43875E-1 5.30352E-1 5.57082E-1 5.97568E-1 6.02204E-1 6.01661E-1 6.08226E-1 5.98222E-1 5.47581E-1 4.86806E-1 4.30795E-1 3.03284E-1 1.59458E-1 1.15846E-1 1.32984E-1 1.05357E-1 6.61954E-2 3.64293E-2 1.39606E-2 3.24833E-3
9.98842E-2 8.62999E-2 8.46046E-2 8.53464E-2 8.70153E-2 1.01661E-1 1.35733E-1 1.63655E-1 1.79802E-1 1.85142E-1 1.6798E-1 1.69487E-1 1.78864E-1 1.88495E-1 1.88512E-1 1.88077E-1 1.87139E-1 1.94879E-1 2.02919E-1 1.81012E-1 1.4657E-1 1.2115E-1 1.07374E-1 1.04104E-1 1.05186E-1 1.06276E-1 1.09517E-1 1.12908E-1 1.19776E-1 1.30625E-1 1.43626E-1 1.60002E-1 1.77663E-1 1.89982E-1 1.94879E-1 1.94879E-1 1.82526E-1 1.71968E-1 1.74772E-1 1.88077E-1 2.09635E-1 2.32605E-1 2.61586E-1 2.85114E-1 3.09816E-1 3.33229E-1 3.52509E-1 3.91885E-1 4.46452E-1 5.00219E-1 5.34413E-1 5.16221E-1 5.40783E-1 5.92654E-1 6.0936E-1 6.12092E-1 6.12394E-1 6.01755E-1 5.79747E-1 5.27649E-1 4.48784E-1 3.25757E-1 2.00578E-1 1.37609E-1 1.50203E-1 1.32984E-1 1.06287E-1 7.91964E-2 5.69109E-2 2.4687E-2
9.52851E-2 8.27329E-2 7.99837E-2 7.90827E-2 8.16105E-2 1.0203E-1 1.28757E-1 1.7182E-1 1.72524E-1 1.77379E-1 1.73382E-1 1.81109E-1 1.76675E-1 1.72385E-1 1.6224E-1 1.5318E-1 1.51792E-1 1.50413E-1 1.45132E-1 1.32177E-1 1.18777E-1 1.07374E-1 1.0303E-1 9.88094E-2 1.00817E-1 1.04021E-1 1.09381E-1 1.13923E-1 1.21985E-1 1.30375E-1 1.4205E-1 1.56851E-1 1.74358E-1 1.85034E-1 1.93127E-1 1.96464E-1 1.98121E-1 1.99678E-1 2.04327E-1 2.15393E-1 2.29846E-1 2.51922E-1 2.6854E-1 2.96705E-1 3.169E-1 3.36373E-1 3.59247E-1 3.95426E-1 4.31439E-1 4.68078E-1 5.00219E-1 5.1894E-1 5.52783E-1 5.88234E-1 6.10942E-1 6.20316E-1 6.16863E-1 6.16658E-1 6.08177E-1 5.51093E-1 4.45931E-1 3.35467E-1 2.49403E-1 2.0511E-1 2.06631E-1 1.97569E-1 1.66184E-1 1.47736E-1 1.38839E-1 7.56882E-2
8.5105E-2 8.27329E-2 8.46046E-2 8.08923E-2 8.36648E-2 1.03726E-1 1.50298E-1 1.89276E-1 2.02863E-1 1.91792E-1 1.7942E-1 1.63127E-1 1.58035E-1 1.47446E-1 1.32069E-1 1.20211E-1 1.17829E-1 1.1463E-1 1.10309E-1 9.87199E-2 9.37076E-2 8.97641E-2 9.37076E-2 9.46184E-2 9.66537E-2 1.01735E-1 1.06057E-1 1.12581E-1 1.21732E-1 1.30375E-1 1.44415E-1 1.56851E-1 1.68026E-1 1.83117E-1 1.94441E-1 2.01096E-1 2.09396E-1 2.20843E-1 2.37703E-1 2.40853E-1 2.55948E-1 2.73463E-1 2.90486E-1 3.1448E-1 3.36373E-1 3.53991E-1 3.73176E-1 4.104E-1 4.43992E-1 4.58476E-1 4.84187E-1 5.17739E-1 5.60437E-1 5.9462E-1 5.97668E-1 5.85185E-1 6.05758E-1 6.09079E-1 6.20588E-1 5.42813E-1 4.36539E-1 3.49528E-1 3.11668E-1 2.9297E-1 2.8426E-1 3.01107E-1 2.90556E-1 2.90556E-1 2.34733E-1 1.43627E-1
8.82305E-2 8.84418E-2 8.74707E-2 9.04078E-2 1.01792E-1 1.39151E-1 2.12878E-1 2.50466E-1 2.31582E-1 1.97878E-1 1.66091E-1 1.45767E-1 1.3388E-1 1.20211E-1 1.12785E-1 1.02754E-1 9.37169E-2 9.00409E-2 8.64337E-2 8.1983E-2 7.8659E-2 8.3155E-2 8.86972E-2 9.04906E-2 9.54852E-2 1.01536E-1 1.0696E-1 1.1463E-1 1.22943E-1 1.3388E-1 1.44028E-1 1.57884E-1 1.69504E-1 1.83117E-1 1.97628E-1 2.12501E-1 2.24284E-1 2.48211E-1 2.67544E-1 2.72613E-1 2.79318E-1 2.94792E-1 3.15468E-1 3.44716E-1 3.6797E-1 3.88653E-1 4.05443E-1 4.40884E-1 4.59954E-1 4.68703E-1 4.77239E-1 5.17739E-1 5.68515E-1 6.03634E-1 5.90998E-1 5.71362E-1 5.96469E-1 6.04809E-1 6.20827E-1 6.03613E-1 5.27027E-1 4.33471E-1 3.87006E-1 3.5968E-1 3.33771E-1 3.47304E-1 3.74028E-1 3.94153E-1 3.04484E-1 1.75312E-1
9.33052E-2 9.04078E-2 9.64968E-2 1.07289E-1 1.32599E-1 2.01685E-1 3.27066E-1 3.50946E-1 2.57627E-1 1.83728E-1 1.46463E-1 1.25007E-1 1.11326E-1 1.01871E-1 9.6019E-2 8.74603E-2 7.68033E-2 7.76783E-2 7.53542E-2 7.64542E-2 7.66504E-2 8.01757E-2 8.56881E-2 8.95148E-2 9.63074E-2 1.01536E-1 1.0893E-1 1.1463E-1 1.22625E-1 1.33494E-1 1.45379E-1 1.59311E-1 1.70989E-1 1.86217E-1 2.02453E-1 2.18913E-1 2.25862E-1 2.5349E-1 2.80202E-1 2.94443E-1 3.00803E-1 3.2351E-1 3.49417E-1 3.85234E-1 4.23437E-1 4.4244E-1 4.46452E-1 4.68703E-1 4.89633E-1 4.87075E-1 4.70533E-1 5.13825E-1 5.69725E-1 5.89586E-1 5.80533E-1 5.76468E-1 5.71362E-1 6.18225E-1 6.20725E-1 6.19043E-1 6.01257E-1 5.29923E-1 4.5559E-1 4.14667E-1 3.57993E-1 3.27358E-1 3.49528E-1 3.63048E-1 2.66011E-1 1.45102E-1
9.63786E-2 9.44352E-2 1.01792E-1 1.16508E-1 1.45903E-1 2.21738E-1 3.56556E-1 3.54687E-1 2.24239E-1 1.55933E-1 1.22352E-1 1.06233E-1 9.92264E-2 9.25208E-2 8.8036E-2 8.23758E-2 7.73547E-2 7.4223E-2 7.50757E-2 7.53542E-2 7.73239E-2 8.08774E-2 8.54887E-2 8.83467E-2 9.70845E-2 1.01282E-1 1.0974E-1 1.17829E-1 1.28415E-1 1.36081E-1 1.48105E-1 1.60746E-1 1.75485E-1 1.90459E-1 2.11482E-1 2.27028E-1 2.33873E-1 2.53336E-1 2.80202E-1 3.01687E-1 3.20644E-1 3.55787E-1 3.91888E-1 4.38123E-1 4.82383E-1 5.06625E-1 4.96297E-1 5.16531E-1 5.25535E-1 5.23731E-1 5.23247E-1 5.4889E-1 5.7377E-1 5.4879E-1 5.57619E-1 6.03066E-1 6.04195E-1 6.16776E-1 6.24461E-1 6.31437E-1 6.2165E-1 5.94137E-1 5.19963E-1 4.51126E-1 3.80792E-1 3.13771E-1 3.18976E-1 3.22446E-1 2.376E-1 1.42711E-1
1.06196E-1 9.52371E-2 1.03726E-1 1.12733E-1 1.36209E-1 1.71458E-1 2.09539E-1 1.86412E-1 1.35447E-1 1.12077E-1 9.63786E-2 9.09198E-2 8.52203E-2 8.52203E-2 8.38086E-2 8.23758E-2 7.64815E-2 7.47575E-2 7.50757E-2 7.59358E-2 7.79608E-2 8.1541E-2 8.52422E-2 9.00409E-2 9.67796E-2 1.03118E-1 1.11639E-1 1.21034E-1 1.33494E-1 1.44028E-1 1.52251E-1 1.63636E-1 1.75485E-1 1.9408E-1 2.16475E-1 2.51302E-1 2.67318E-1 2.80243E-1 2.96252E-1 3.17608E-1 3.45061E-1 3.86737E-1 4.30149E-1 4.7957E-1 5.16531E-1 5.43641E-1 5.45902E-1 5.49686E-1 5.60613E-1 5.57293E-1 5.69594E-1 5.85549E-1 5.96743E-1 5.79884E-1 5.87576E-1 6.05312E-1 6.16723E-1 6.16336E-1 6.32237E-1 6.29144E-1 6.31437E-1 6.1356E-1 5.36488E-1 4.83816E-1 4.17547E-1 3.5528E-1 3.50123E-1 3.55371E-1 3.20583E-1 2.4331E-1
9.8543E-2 9.73109E-2 1.00482E-1 1.0564E-1 1.12429E-1 1.20719E-1 1.23161E-1 1.04537E-1 8.67323E-2 8.08085E-2 7.99017E-2 7.86713E-2 8.00965E-2 8.05893E-2 8.10441E-2 8.05505E-2 7.69912E-2 7.64815E-2 7.56157E-2 7.76783E-2 8.1541E-2 8.52422E-2 9.07247E-2 9.53967E-2 1.00612E-1 1.08247E-1 1.16273E-1 1.28415E-1 1.38699E-1 1.48105E-1 1.63636E-1 1.7248E-1 1.8195E-1 1.9128E-1 2.00839E-1 2.34179E-1 2.78351E-1 3.03751E-1 3.24864E-1 3.45061E-1 3.75908E-1 4.15508E-1 4.5522E-1 5.01367E-1 5.35044E-1 5.61117E-1 5.66528E-1 5.64785E-1 5.6887E-1 5.71343E-1 5.73439E-1 5.93903E-1 6.0936E-1 6.14308E-1 6.19942E-1 6.20785E-1 6.23387E-1 6.19105E-1 6.31257E-1 6.3306E-1 6.25193E-1 6.03784E-1 5.62333E-1 5.31946E-1 4.66146E-1 4.15928E-1 4.22799E-1 4.43424E-1 4.13022E-1 3.44838E-1
1.04354E-1 9.56952E-2 9.70415E-2 9.67309E-2 9.67309E-2 9.46675E-2 9.06365E-2 8.11109E-2 7.40466E-2 6.96109E-2 6.88017E-2 7.26129E-2 7.3958E-2 7.61496E-2 7.79027E-2 7.6589E-2 7.61202E-2 7.47575E-2 7.91236E-2 8.2166E-2 8.49497E-2 9.17143E-2 9.6424E-2 1.002E-1 1.0671E-1 1.12354E-1 1.22245E-1 1.34784E-1 1.48105E-1 1.62571E-1 1.77374E-1 1.86586E-1 1.933E-1 1.98055E-1 1.96534E-1 2.15938E-1 2.80202E-1 3.28492E-1 3.513E-1 3.71764E-1 3.98416E-1 4.35111E-1 4.76542E-1 5.07841E-1 5.37235E-1 5.61117E-1 5.60692E-1 5.53701E-1 5.60865E-1 5.66433E-1 5.78614E-1 5.82163E-1 6.04645E-1 6.16245E-1 6.06862E-1 6.04079E-1 6.11419E-1 6.24207E-1 6.34814E-1 6.29467E-1 5.93716E-1 6.01432E-1 5.73046E-1 5.34402E-1 5.13759E-1 4.83397E-1 4.76314E-1 5.21323E-1 4.92556E-1 4.34343E-1
1.0388E-1 9.53462E-2 9.26361E-2 9.12961E-2 8.73728E-2 8.35752E-2 7.86713E-2 7.81111E-2 7.46212E-2 7.01284E-2 6.85089E-2 7.01284E-2 7.3958E-2 7.44265E-2 7.44265E-2 7.57207E-2 7.69912E-2 7.64815E-2 7.82354E-2 8.65033E-2 9.23619E-2 9.70523E-2 1.01871E-1 1.08944E-1 1.13507E-1 1.21802E-1 1.30488E-1 1.46738E-1 1.6402E-1 1.80418E-1 1.96032E-1 2.05949E-1 2.10993E-1 2.12668E-1 2.2261E-1 2.515E-1 3.10358E-1 3.49503E-1 3.72734E-1 3.93836E-1 4.15339E-1 4.43079E-1 4.68718E-1 5.02335E-1 5.24845E-1 5.37764E-1 5.3469E-1 5.39091E-1 5.48741E-1 5.68829E-1 5.71921E-1 5.87048E-1 6.04105E-1 6.077E-1 5.65858E-1 5.68236E-1 6.14979E-1 6.32657E-1 6.36378E-1 6.25325E-1 6.26115E-1 6.15403E-1 5.71202E-1 5.45609E-1 5.4232E-1 5.4232E-1 5.27343E-1 5.35554E-1 5.27175E-1 4.86205E-1
1.01679E-1 9.70208E-2 9.22967E-2 8.70107E-2 8.41612E-2 8.10038E-2 7.91968E-2 8.04705E-2 8.19188E-2 8.15001E-2 7.60296E-2 7.56741E-2 7.56741E-2 7.61496E-2 7.87907E-2 8.05893E-2 7.83483E-2 8.05505E-2 8.23758E-2 9.1366E-2 1.01679E-1 1.07344E-1 1.15344E-1 1.21802E-1 1.21802E-1 1.28415E-1 1.42684E-1 1.6113E-1 1.80703E-1 2.0897E-1 2.22271E-1 2.27555E-1 2.3446E-1 2.36141E-1 2.53443E-1 2.7974E-1 3.19422E-1 3.5022E-1 3.77115E-1 4.05188E-1 4.19551E-1 4.41534E-1 4.61668E-1 4.85171E-1 5.11631E-1 5.28289E-1 5.30888E-1 5.48039E-1 5.5976E-1 5.71132E-1 5.75409E-1 5.94918E-1 5.99677E-1 5.87918E-1 5.37376E-1 5.81438E-1 6.14387E-1 6.3334E-1 6.24509E-1 6.20045E-1 6.27251E-1 6.26878E-1 6.06586E-1 5.61558E-1 5.36694E-1 5.4354E-1 5.2839E-1 5.13369E-1 5.09461E-1 5.04766E-1
1.00286E-1 9.70208E-2 9.24967E-2 9.24967E-2 8.71268E-2 8.42787E-2 8.33448E-2 8.42787E-2 8.56902E-2 8.52203E-2 8.19188E-2 8.00965E-2 7.83048E-2 8.10038E-2 8.24186E-2 8.3772E-2 8.33448E-2 8.61183E-2 9.23619E-2 1.05605E-1 1.22625E-1 1.26718E-1 1.31941E-1 1.2871E-1 1.3381E-1 1.40019E-1 1.52638E-1 1.74854E-1 2.04478E-1 2.36173E-1 2.55102E-1 2.6233E-1 2.57042E-1 2.58706E-1 2.76453E-1 2.94095E-1 3.26678E-1 3.48979E-1 3.8597E-1 4.09367E-1 4.29583E-1 4.49393E-1 4.61668E-1 4.8098E-1 5.06477E-1 5.34585E-1 5.45821E-1 5.58153E-1 5.70311E-1 5.87643E-1 5.88868E-1 6.02912E-1 6.04006E-1 5.88309E-1 5.59071E-1 5.74658E-1 6.16393E-1 6.32846E-1 6.22355E-1 6.08327E-1 6.24445E-1 6.34182E-1 6.30309E-1 5.82519E-1 5.39987E-1 4.95139E-1 4.70477E-1 4.80846E-1 4.85199E-1 5.00679E-1
1.05128E-1 1.00179E-1 9.86686E-2 9.3528E-2 9.15215E-2 8.99847E-2 9.053E-2 9.10337E-2 9.25208E-2 8.80918E-2 8.52203E-2 8.42787E-2 8.61697E-2 8.61697E-2 8.85406E-2 8.75713E-2 8.90646E-2 9.3528E-2 9.9913E-2 1.16649E-1 1.39562E-1 1.54051E-1 1.55462E-1 1.43788E-1 1.42225E-1 1.48105E-1 1.56851E-1 1.77663E-1 2.10993E-1 2.56949E-1 2.9083E-1 2.87223E-1 2.80034E-1 2.81828E-1 2.94443E-1 3.16227E-1 3.4118E-1 3.61027E-1 3.92094E-1 4.17863E-1 4.31239E-1 4.49466E-1 4.56743E-1 4.85171E-1 5.14524E-1 5.45902E-1 5.61117E-1 5.66365E-1 5.8556E-1 6.01819E-1 6.06379E-1 6.1689E-1 6.16932E-1 6.19646E-1 6.13747E-1 6.16393E-1 6.27179E-1 6.3577E-1 6.2492E-1 6.05657E-1 6.04281E-1 5.93079E-1 5.67939E-1 5.57665E-1 5.46828E-1 5.09258E-1 4.6601E-1 4.69063E-1 4.64475E-1 4.751E-1
1.07346E-1 1.07346E-1 1.04606E-1 9.76358E-2 9.6424E-2 9.95534E-2 1.002E-1 9.86826E-2 9.76358E-2 9.50666E-2 9.40465E-2 9.20301E-2 9.10337E-2 9.10337E-2 9.24967E-2 9.55468E-2 9.24967E-2 9.45431E-2 1.04508E-1 1.24689E-1 1.56001E-1 1.9727E-1 1.75022E-1 1.56001E-1 1.52251E-1 1.54035E-1 1.6113E-1 1.77374E-1 2.05949E-1 2.48278E-1 2.81828E-1 2.90495E-1 2.90495E-1 2.92294E-1 3.10768E-1 3.41715E-1 3.6525E-1 3.94754E-1 4.14996E-1 4.32891E-1 4.427E-1 4.39932E-1 4.53693E-1 4.92391E-1 5.23955E-1 5.47774E-1 5.64164E-1 5.7276E-1 5.96377E-1 6.13613E-1 6.20588E-1 6.28141E-1 6.23206E-1 6.30459E-1 6.33659E-1 6.26864E-1 6.29467E-1 6.40054E-1 6.27616E-1 6.0463E-1 5.87576E-1 5.75689E-1 5.38424E-1 5.22384E-1 5.39609E-1 5.29932E-1 4.69063E-1 4.15534E-1 4.13837E-1 3.94932E-1
1.15362E-1 1.11878E-1 1.10186E-1 1.0671E-1 1.04927E-1 1.105E-1 1.10073E-1 1.04508E-1 1.02338E-1 1.01871E-1 1.03514E-1 9.92264E-2 9.92264E-2 9.81745E-2 9.86686E-2 9.97251E-2 9.97251E-2 1.0243E-1 1.11209E-1 1.27165E-1 1.6402E-1 1.85313E-1 1.7286E-1 1.59697E-1 1.58576E-1 1.67237E-1 1.71369E-1 1.83488E-1 2.10613E-1 2.43065E-1 2.6767E-1 2.91034E-1 2.94443E-1 3.12169E-1 3.38456E-1 3.70643E-1 3.97275E-1 4.20588E-1 4.46209E-1 4.53916E-1 4.53916E-1 4.52602E-1 4.76733E-1 5.16866E-1 5.45823E-1 5.59505E-1 5.69604E-1 5.84076E-1 5.97884E-1 6.19935E-1 6.31538E-1 6.33888E-1 6.34233E-1 6.34682E-1 6.12103E-1 6.11507E-1 6.27975E-1 6.36541E-1 6.26878E-1 5.82226E-1 5.75758E-1 5.78478E-1 5.47707E-1 4.94189E-1 5.13726E-1 5.0266E-1 4.54942E-1 4.06285E-1 4.03577E-1 3.55104E-1
1.21868E-1 1.2133E-1 1.17148E-1 1.20093E-1 1.18199E-1 1.17014E-1 1.14668E-1 1.14668E-1 1.11868E-1 1.10186E-1 1.10186E-1 1.06814E-1 1.06814E-1 1.04606E-1 1.06233E-1 1.05128E-1 1.06233E-1 1.11326E-1 1.20093E-1 1.35626E-1 1.52638E-1 1.61434E-1 1.54035E-1 1.49867E-1 1.65992E-1 1.76153E-1 1.84663E-1 1.90459E-1 2.13579E-1 2.42824E-1 2.76639E-1 3.0204E-1 3.18516E-1 3.4602E-1 3.80875E-1 4.12774E-1 4.34048E-1 4.55118E-1 4.6144E-1 4.75335E-1 4.7854E-1 4.69458E-1 5.05357E-1 5.64395E-1 5.69471E-1 5.57479E-1 5.63974E-1 5.80699E-1 6.0059E-1 6.21418E-1 6.40875E-1 6.28709E-1 6.35026E-1 6.31212E-1 6.10084E-1 6.25793E-1 6.12126E-1 6.1091E-1 5.9325E-1 5.7056E-1 5.71202E-1 5.3199E-1 5.01063E-1 4.51355E-1 4.33927E-1 4.57739E-1 4.26708E-1 3.80063E-1 4.60899E-1 4.43259E-1
1.35733E-1 1.30023E-1 1.27499E-1 1.27455E-1 1.26208E-1 1.20593E-1 1.17014E-1 1.17702E-1 1.17148E-1 1.15968E-1 1.14795E-1 1.14795E-1 1.13631E-1 1.13631E-1 1.14193E-1 1.15362E-1 1.18918E-1 1.19534E-1 1.28135E-1 1.39037E-1 1.51252E-1 1.58847E-1 1.56465E-1 1.62187E-1 1.80418E-1 1.90459E-1 1.97878E-1 2.02095E-1 2.17615E-1 2.43881E-1 2.80159E-1 3.16349E-1 3.64384E-1 4.14743E-1 4.4406E-1 4.60615E-1 4.72695E-1 4.78272E-1 4.81023E-1 4.79862E-1 4.7854E-1 4.90815E-1 4.98919E-1 5.83209E-1 5.57187E-1 5.22503E-1 5.57123E-1 5.84141E-1 6.05515E-1 6.34002E-1 6.45591E-1 6.23983E-1 6.21314E-1 6.168E-1 6.15605E-1 6.05769E-1 5.63544E-1 5.57125E-1 5.38248E-1 5.40918E-1 5.61827E-1 5.36595E-1 4.92693E-1 4.13837E-1 3.82703E-1 4.13837E-1 4.14862E-1 3.67628E-1 4.556E-1 4.8089E-1
1.38403E-1 1.43681E-1 1.3433E-1 1.36467E-1 1.30665E-1 1.24969E-1 1.20093E-1 1.19534E-1 1.2012E-1 1.2133E-1 1.23774E-1 1.23774E-1 1.23774E-1 1.21951E-1 1.21951E-1 1.23774E-1 1.27499E-1 1.30665E-1 1.38444E-1 1.49257E-1 1.5974E-1 1.76535E-1 1.87776E-1 1.96272E-1 2.08653E-1 2.15304E-1 2.17932E-1 2.17932E-1 2.28139E-1 2.42753E-1 2.76065E-1 3.27109E-1 3.8892E-1 4.68817E-1 5.01365E-1 5.05671E-1 5.09715E-1 5.1003E-1 4.98305E-1 4.77997E-1 5.05772E-1 5.3104E-1 5.23247E-1 5.25965E-1 4.90978E-1 5.16508E-1 5.74792E-1 6.03445E-1 6.20624E-1 6.45892E-1 6.44723E-1 6.28088E-1 6.10587E-1 5.88682E-1 5.78565E-1 5.7952E-1 5.34356E-1 5.11412E-1 5.50153E-1 5.63377E-1 5.09258E-1 5.13588E-1 4.61388E-1 3.68704E-1 3.36366E-1 3.3914E-1 3.27431E-1 3.38918E-1 4.04558E-1 4.6669E-1
1.42077E-1 1.44442E-1 1.45008E-1 1.43881E-1 1.33869E-1 1.31297E-1 1.26249E-1 1.29323E-1 1.29323E-1 1.33159E-1 1.34454E-1 1.35756E-1 1.36473E-1 1.31941E-1 1.34519E-1 1.34519E-1 1.39109E-1 1.44474E-1 1.53439E-1 1.63463E-1 1.80568E-1 2.00034E-1 2.21945E-1 2.40275E-1 2.44715E-1 2.51803E-1 2.45546E-1 2.3851E-1 2.33989E-1 2.42744E-1 2.87969E-1 3.54259E-1 4.2702E-1 4.85774E-1 5.25721E-1 5.4547E-1 5.45932E-1 5.4153E-1 5.24577E-1 5.20689E-1 5.43243E-1 5.69725E-1 5.55274E-1 5.17739E-1 5.2029E-1 5.50219E-1 6.06192E-1 6.29352E-1 6.40391E-1 6.47836E-1 6.45371E-1 6.29642E-1 6.03686E-1 5.41835E-1 4.95469E-1 5.41145E-1 5.35528E-1 5.62694E-1 5.55459E-1 5.07589E-1 5.39609E-1 4.5047E-1 3.82473E-1 3.17093E-1 2.60558E-1 2.07467E-1 1.80279E-1 2.32793E-1 3.35878E-1 3.91404E-1
1.54358E-1 1.55769E-1 1.54827E-1 1.5202E-1 1.41776E-1 1.37601E-1 1.3285E-1 1.34144E-1 1.38924E-1 1.45656E-1 1.48404E-1 1.50607E-1 1.47204E-1 1.47878E-1 1.47878E-1 1.50644E-1 1.54849E-1 1.61313E-1 1.69353E-1 1.78403E-1 1.94036E-1 2.19297E-1 2.52185E-1 2.88889E-1 2.99792E-1 2.86815E-1 2.7578E-1 2.52792E-1 2.35547E-1 2.58176E-1 3.20336E-1 3.90301E-1 4.57818E-1 5.09959E-1 5.50656E-1 5.77078E-1 5.791E-1 5.66647E-1 5.53073E-1 5.50782E-1 5.42853E-1 5.4292E-1 5.41821E-1 5.17854E-1 5.81744E-1 5.96799E-1 6.15527E-1 6.40923E-1 6.46314E-1 6.51132E-1 6.45963E-1 6.34691E-1 6.08931E-1 5.51218E-1 4.83977E-1 5.5068E-1 5.60147E-1 5.23047E-1 5.03703E-1 5.26142E-1 5.02533E-1 4.26274E-1 3.89166E-1 2.99909E-1 2.7337E-1 1.66037E-1 1.15062E-1 2.23527E-1 2.96487E-1 2.9081E-1
1.64765E-1 1.64765E-1 1.61702E-1 1.60366E-1 1.53439E-1 1.45656E-1 1.41523E-1 1.42871E-1 1.49351E-1 1.64613E-1 1.69988E-1 1.71486E-1 1.62765E-1 1.59868E-1 1.58306E-1 1.64084E-1 1.69353E-1 1.78403E-1 1.87703E-1 1.95635E-1 2.10307E-1 2.28869E-1 2.67693E-1 3.29723E-1 3.61517E-1 3.28448E-1 3.02249E-1 2.71678E-1 2.71322E-1 3.13455E-1 3.93952E-1 4.36684E-1 4.88451E-1 5.36468E-1 5.77398E-1 6.0193E-1 6.07089E-1 5.9817E-1 5.84016E-1 5.57082E-1 5.32251E-1 5.5295E-1 5.63772E-1 5.75788E-1 6.0816E-1 6.23362E-1 6.24403E-1 6.43931E-1 6.32494E-1 6.37055E-1 6.40953E-1 6.37971E-1 6.27304E-1 6.16247E-1 5.88347E-1 5.32001E-1 4.79566E-1 4.42828E-1 4.20484E-1 5.17545E-1 4.38667E-1 4.18495E-1 3.87006E-1 3.73934E-1 3.19092E-1 2.41835E-1 2.23527E-1 3.05498E-1 3.1092E-1 2.26842E-1
1.7334E-1 1.70832E-1 1.73293E-1 1.70989E-1 1.60544E-1 1.54967E-1 1.49112E-1 1.51705E-1 1.65841E-1 1.89569E-1 2.03543E-1 1.93198E-1 1.84613E-1 1.70843E-1 1.7147E-1 1.80568E-1 1.89276E-1 2.03726E-1 2.11967E-1 2.18664E-1 2.28869E-1 2.41001E-1 2.61576E-1 3.14048E-1 3.37828E-1 3.36451E-1 3.21812E-1 3.06832E-1 3.21439E-1 4.0641E-1 4.93157E-1 4.75809E-1 5.18597E-1 5.65982E-1 5.98346E-1 6.18712E-1 6.27003E-1 6.26585E-1 6.0975E-1 5.49886E-1 5.45496E-1 5.66657E-1 5.88886E-1 6.09929E-1 6.31668E-1 6.40837E-1 6.46247E-1 6.37136E-1 5.97196E-1 6.00758E-1 6.08158E-1 6.23859E-1 6.27583E-1 6.41484E-1 6.21784E-1 5.46885E-1 4.70581E-1 4.17846E-1 3.90955E-1 4.86187E-1 4.08357E-1 3.92556E-1 3.93609E-1 4.03115E-1 3.7297E-1 3.17793E-1 2.80124E-1 3.1454E-1 3.38422E-1 3.16352E-1
1.83627E-1 1.83581E-1 1.81001E-1 1.74475E-1 1.70549E-1 1.64641E-1 1.62148E-1 1.69447E-1 1.82821E-1 2.02933E-1 2.16853E-1 2.14502E-1 1.9731E-1 1.77689E-1 1.78403E-1 1.95635E-1 2.15304E-1 2.32312E-1 2.44509E-1 2.46269E-1 2.55131E-1 2.65888E-1 2.65179E-1 2.99084E-1 3.23314E-1 3.33073E-1 3.37083E-1 3.3896E-1 3.68252E-1 4.39795E-1 4.84502E-1 5.08142E-1 5.39162E-1 5.89445E-1 6.17986E-1 6.32604E-1 6.39741E-1 6.40923E-1 5.90452E-1 5.54271E-1 5.68237E-1 5.86348E-1 6.08687E-1 6.26214E-1 6.30915E-1 6.19111E-1 6.20095E-1 6.01334E-1 5.61704E-1 5.74712E-1 5.9604E-1 5.94143E-1 6.09531E-1 6.22529E-1 6.12153E-1 5.66364E-1 5.10896E-1 4.35904E-1 3.81278E-1 4.74879E-1 4.00048E-1 3.58987E-1 3.71429E-1 3.82873E-1 3.93839E-1 3.36409E-1 2.92181E-1 3.00279E-1 3.88955E-1 4.21656E-1
1.91152E-1 1.92291E-1 1.94953E-1 1.88885E-1 1.79669E-1 1.79719E-1 1.78546E-1 1.83041E-1 2.00361E-1 2.14556E-1 2.27673E-1 2.32252E-1 2.14502E-1 1.98926E-1 1.96514E-1 2.15304E-1 2.42753E-1 2.73126E-1 2.84068E-1 2.859E-1 2.93251E-1 2.96266E-1 3.00943E-1 3.20947E-1 3.43955E-1 3.57694E-1 3.67021E-1 3.78156E-1 3.99931E-1 4.32936E-1 4.79968E-1 5.36529E-1 5.80808E-1 6.22479E-1 6.3949E-1 6.41551E-1 6.44426E-1 6.12873E-1 5.45242E-1 5.82291E-1 5.96006E-1 6.08333E-1 6.20794E-1 6.28073E-1 6.19063E-1 5.9989E-1 5.86791E-1 5.43439E-1 5.15906E-1 5.75E-1 5.99749E-1 5.64774E-1 5.7315E-1 5.75782E-1 5.54084E-1 5.43371E-1 5.14925E-1 4.51133E-1 3.71488E-1 4.57743E-1 3.78087E-1 3.36553E-1 3.37613E-1 3.31116E-1 3.37504E-1 3.06114E-1 3.08297E-1 3.5574E-1 4.09727E-1 3.92108E-1
2.02123E-1 2.03251E-1 2.02863E-1 1.98853E-1 1.95422E-1 1.90395E-1 1.9389E-1 1.98734E-1 2.11606E-1 2.19128E-1 2.28794E-1 2.35731E-1 2.28098E-1 2.18791E-1 2.31582E-1 2.46269E-1 2.78585E-1 3.11746E-1 3.21035E-1 3.22895E-1 3.27859E-1 3.35581E-1 3.46571E-1 3.60798E-1 3.77909E-1 3.89213E-1 4.05611E-1 4.26806E-1 4.47264E-1 4.71933E-1 5.20012E-1 5.72726E-1 6.21796E-1 6.46522E-1 6.48449E-1 6.43319E-1 5.7607E-1 4.52543E-1 5.50981E-1 5.96712E-1 6.08226E-1 6.13177E-1 6.08793E-1 6.11575E-1 6.03965E-1 5.74861E-1 5.56471E-1 4.82432E-1 4.3349E-1 4.42545E-1 5.164E-1 5.71459E-1 5.58977E-1 5.26863E-1 4.8389E-1 4.87565E-1 4.81057E-1 4.13022E-1 3.35906E-1 3.67423E-1 3.46677E-1 3.08515E-1 2.8958E-1 2.66011E-1 2.68076E-1 2.71623E-1 2.60454E-1 2.79745E-1 2.94518E-1 2.81392E-1
2.06146E-1 2.11029E-1 2.06541E-1 2.07923E-1 2.06835E-1 2.07399E-1 2.11206E-1 2.1624E-1 2.25953E-1 2.27673E-1 2.33989E-1 2.37477E-1 2.40263E-1 2.44715E-1 2.5978E-1 2.76763E-1 3.04331E-1 3.32197E-1 3.48927E-1 3.53931E-1 3.69127E-1 3.77438E-1 3.88076E-1 4.01748E-1 4.16393E-1 4.3926E-1 4.57994E-1 4.80343E-1 5.14938E-1 5.35203E-1 5.92814E-1 6.19848E-1 6.4918E-1 6.26864E-1 6.29014E-1 5.85861E-1 4.60192E-1 5.09667E-1 5.69457E-1 5.90078E-1 6.12364E-1 6.13998E-1 6.01479E-1 5.83515E-1 5.46724E-1 5.29327E-1 5.30903E-1 5.02048E-1 4.48823E-1 4.19963E-1 4.39182E-1 5.13726E-1 5.56265E-1 4.8609E-1 4.40788E-1 4.30086E-1 4.18267E-1 3.46299E-1 2.65872E-1 2.22001E-1 2.4277E-1 2.55981E-1 2.51086E-1 2.24969E-1 2.16554E-1 1.84752E-1 1.41433E-1 1.57417E-1 1.76965E-1 1.86883E-1
2.04074E-1 2.06985E-1 2.10307E-1 2.21313E-1 2.21257E-1 2.23644E-1 2.27072E-1 2.30521E-1 2.39228E-1 2.33989E-1 2.3851E-1 2.4378E-1 2.55371E-1 2.68795E-1 2.83378E-1 3.03671E-1 3.22267E-1 3.48354E-1 3.69931E-1 3.82818E-1 3.99407E-1 4.17052E-1 4.28566E-1 4.46142E-1 4.66301E-1 4.95011E-1 5.17204E-1 5.44568E-1 5.81659E-1 6.04428E-1 6.34583E-1 6.42622E-1 5.95878E-1 5.69674E-1 5.34556E-1 4.51894E-1 3.46638E-1 4.67894E-1 5.6676E-1 6.02632E-1 6.1689E-1 6.12987E-1 5.90434E-1 5.57125E-1 5.0624E-1 4.70265E-1 4.69698E-1 4.48523E-1 4.24666E-1 4.18916E-1 4.26314E-1 5.01117E-1 4.72904E-1 4.42452E-1 4.13006E-1 4.07807E-1 3.75457E-1 3.0697E-1 2.21369E-1 1.31845E-1 1.43347E-1 2.17276E-1 2.39638E-1 2.18272E-1 1.73934E-1 1.10247E-1 6.10391E-2 7.57194E-2 1.0382E-1 1.39585E-1
2.04074E-1 2.11922E-1 2.19297E-1 2.27156E-1 2.31582E-1 2.35953E-1 2.42019E-1 2.45546E-1 2.49089E-1 2.36763E-1 2.45546E-1 2.5802E-1 2.7525E-1 2.89929E-1 3.03671E-1 3.20404E-1 3.45779E-1 3.64378E-1 3.87544E-1 4.02014E-1 4.25918E-1 4.4212E-1 4.62995E-1 4.93468E-1 5.20252E-1 5.49838E-1 5.70883E-1 5.97901E-1 6.21014E-1 6.39406E-1 6.45715E-1 6.51066E-1 1.13562E-1 5.50153E-1 4.41103E-1 3.8365E-1 4.02405E-1 4.23343E-1 5.59428E-1 5.9915E-1 6.02823E-1 5.67289E-1 5.3606E-1 4.95993E-1 4.79165E-1 4.49628E-1 4.04032E-1 3.77422E-1 3.87973E-1 4.31232E-1 4.28024E-1 4.67153E-1 3.95877E-1 3.35314E-1 3.71888E-1 3.76521E-1 3.51513E-1 2.7337E-1 1.97543E-1 1.13539E-1 1.35497E-1 2.14148E-1 2.57646E-1 2.39994E-1 1.66817E-1 9.35291E-2 4.75859E-2 4.26095E-2 5.75133E-2 9.54887E-2
2.10854E-1 2.15577E-1 2.30022E-1 2.38134E-1 2.46269E-1 2.52631E-1 2.5978E-1 2.66164E-1 2.66164E-1 2.64357E-1 2.69789E-1 2.8257E-1 2.93622E-1 3.06601E-1 3.19642E-1 3.30844E-1 3.5053E-1 3.75591E-1 3.98385E-1 4.27679E-1 4.6621E-1 4.83526E-1 5.06941E-1 5.31458E-1 5.62375E-1 5.92819E-1 6.09281E-1 6.29096E-1 6.45707E-1 6.55306E-1 6.51494E-1 6.25469E-1 5.47707E-1 2.99957E-1 4.36109E-1 3.41591E-1 4.00292E-1 3.95441E-1 5.90445E-1 6.30915E-1 6.18292E-1 5.40409E-1 4.79909E-1 4.25717E-1 3.82473E-1 3.79368E-1 3.86248E-1 4.06487E-1 4.40801E-1 4.64475E-1 4.73599E-1 4.54558E-1 3.54327E-1 3.06966E-1 3.30451E-1 3.89273E-1 3.08768E-1 2.27372E-1 2.07467E-1 1.73903E-1 1.92465E-1 2.4441E-1 2.65872E-1 2.4165E-1 1.88388E-1 1.00707E-1 4.46442E-2 3.66147E-2 4.20397E-2 6.45534E-2
