KUENM/Final_Models/M_0.1_F_lq_Set_2_NE/sp1_4.asc
ncols         197
nrows         210
xllcorner     56.1666666666667
yllcorner     4.5
cellsize      0.166666666666667
NODATA_value  -9999
[rows 56 to 83 of 210, columns 0 to 64 of 197]
-9999 -9999 -9999 -9999 -9999 -9999 -9999 -9999 -9999 -9999 -9999 4.24246E-2 4.27164E-2 4.18358E-2 4.03129E-2 4.06781E-2 4.03129E-2 4.09807E-2 3.74604E-2 3.31414E-2 2.92241E-2 2.6305E-2 1.13721E-2 3.9728E-3 8.46682E-3 1.06965E-2 6.66119E-3 1.7784E-2 3.01814E-2 3.24755E-2 3.20227E-2 3.20227E-2 3.08901E-2 3.00291E-2 2.85374E-2 2.78851E-2 2.8367E-2 2.89979E-2 2.78851E-2 2.76228E-2 2.76228E-2 2.9099E-2 2.64868E-2 2.283E-2 2.25261E-2 2.33351E-2 2.59649E-2 2.77708E-2 2.83492E-2 3.45031E-2 3.85369E-2 4.34578E-2 4.88348E-2 5.39804E-2 6.17245E-2 6.70417E-2 7.62431E-2 8.4402E-2 9.01563E-2 8.97014E-2 4.33082E-2 3.6197E-2 2.7803E-2 1.08145E-2 4.85083E-3
-9999 -9999 -9999 -9999 -9999 -9999 -9999 -9999 -9999 -9999 2.65214E-2 4.07561E-2 4.27164E-2 4.07711E-2 4.05411E-2 3.98141E-2 4.11419E-2 3.95468E-2 3.87799E-2 3.72619E-2 3.50789E-2 2.84135E-2 1.71099E-2 1.06037E-2 9.15199E-3 1.19235E-2 6.09867E-3 1.00955E-2 2.66672E-2 3.331E-2 3.38727E-2 3.36081E-2 3.31383E-2 3.26739E-2 3.14847E-2 3.20933E-2 3.22323E-2 3.18932E-2 3.16387E-2 3.06846E-2 2.87751E-2 2.6756E-2 2.29013E-2 2.03442E-2 2.03036E-2 1.89398E-2 1.99958E-2 2.24203E-2 2.76062E-2 3.36099E-2 3.85369E-2 4.23639E-2 5.01308E-2 5.60476E-2 6.10139E-2 7.02783E-2 7.60237E-2 8.38958E-2 8.67898E-2 7.39136E-2 3.31775E-2 3.67542E-2 2.80584E-2 1.68304E-2 7.85031E-3
-9999 -9999 -9999 -9999 -9999 -9999 -9999 -9999 -9999 2.31717E-3 1.46871E-2 3.86146E-2 4.13678E-2 4.0955E-2 4.11419E-2 4.0911E-2 4.05646E-2 4.01988E-2 3.98831E-2 3.84466E-2 3.67538E-2 2.96053E-2 9.16003E-3 8.92394E-3 6.42292E-3 8.35793E-3 1.05031E-2 6.99892E-3 1.4136E-2 2.62087E-2 3.35963E-2 3.52497E-2 3.50926E-2 3.4736E-2 3.28185E-2 3.33963E-2 3.38753E-2 3.26952E-2 3.14847E-2 2.81333E-2 2.57031E-2 2.36558E-2 1.99214E-2 1.43368E-2 1.5784E-2 1.49144E-2 1.66358E-2 1.9828E-2 2.49283E-2 3.08587E-2 3.4247E-2 4.1471E-2 5.0113E-2 5.71199E-2 6.20912E-2 6.96127E-2 7.68249E-2 8.44831E-2 8.48951E-2 7.58705E-2 4.553E-2 3.82123E-2 1.26287E-2 1.21646E-2 4.68986E-3
-9999 -9999 -9999 -9999 -9999 -9999 -9999 -9999 2.93064E-3 2.67065E-3 1.09413E-2 2.72993E-2 3.42446E-2 3.98566E-2 4.02225E-2 4.01092E-2 4.05411E-2 3.98141E-2 4.01092E-2 3.93275E-2 3.9258E-2 3.6564E-2 1.18875E-2 3.88229E-3 4.7846E-3 5.76634E-3 5.3697E-3 6.79387E-3 1.06695E-2 8.02848E-3 1.90294E-2 3.30067E-2 3.54293E-2 3.55891E-2 3.37965E-2 3.28555E-2 3.13131E-2 3.13131E-2 2.76228E-2 2.60071E-2 2.36845E-2 2.11181E-2 1.61549E-2 1.12254E-2 1.13779E-2 1.14565E-2 1.34353E-2 1.46269E-2 1.51108E-2 1.65286E-2 2.40831E-2 3.97606E-2 5.16564E-2 5.67407E-2 6.36818E-2 7.03351E-2 7.55935E-2 8.06292E-2 8.30518E-2 8.53357E-2 5.5292E-2 2.80017E-2 9.02953E-3 5.8113E-3 2.09398E-3
-9999 -9999 -9999 -9999 -9999 -9999 -9999 4.73832E-4 1.94546E-3 4.37824E-3 7.90457E-3 9.96838E-3 1.87974E-2 3.331E-2 3.72619E-2 3.82386E-2 3.93059E-2 4.01092E-2 4.0955E-2 4.12536E-2 4.15251E-2 4.20754E-2 2.30271E-2 6.42832E-3 7.24335E-3 6.26754E-3 2.87505E-3 6.18839E-3 1.06861E-2 1.09243E-2 8.02848E-3 1.6415E-2 3.30067E-2 3.38727E-2 3.10648E-2 2.95133E-2 2.86896E-2 2.86896E-2 2.33521E-2 2.23187E-2 2.26362E-2 2.04355E-2 1.63797E-2 9.60621E-3 9.23038E-3 8.14281E-3 9.04135E-3 9.52379E-3 1.0968E-2 1.96735E-2 3.23111E-2 4.68817E-2 5.14781E-2 5.64969E-2 6.30038E-2 6.82488E-2 7.33089E-2 7.78245E-2 8.11396E-2 6.76113E-2 3.0006E-2 1.13947E-2 9.67704E-3 2.89561E-3 2.67703E-3
-9999 -9999 -9999 -9999 -9999 -9999 1.29657E-4 5.69093E-4 3.93652E-4 1.73002E-3 9.63908E-3 1.59083E-2 1.59094E-2 2.96277E-2 3.34663E-2 3.72619E-2 3.93275E-2 4.08823E-2 4.11159E-2 4.24246E-2 4.21497E-2 4.19962E-2 3.56907E-2 1.57038E-2 1.18083E-2 1.04215E-2 5.03188E-3 5.46264E-3 4.84547E-3 1.04135E-2 1.87974E-2 1.02598E-2 2.45906E-2 3.03513E-2 2.88044E-2 2.6514E-2 2.64868E-2 2.32824E-2 1.68942E-2 1.28302E-2 2.00424E-2 2.33521E-2 2.06104E-2 1.5991E-2 1.79863E-2 1.40106E-2 1.47081E-2 1.55788E-2 2.11808E-2 2.92917E-2 3.87515E-2 4.56858E-2 5.08241E-2 5.64969E-2 6.02928E-2 6.65993E-2 7.0694E-2 7.38079E-2 7.19914E-2 3.73065E-2 2.1955E-2 6.75441E-3 3.89935E-3 2.11828E-3 1.90554E-3
-9999 -9999 -9999 -9999 -9999 -9999 6.64235E-4 3.16709E-4 1.39141E-4 2.47958E-3 3.40421E-3 1.43719E-2 2.24203E-2 2.88249E-2 3.39312E-2 3.70525E-2 3.89843E-2 4.09927E-2 4.24246E-2 4.32262E-2 4.33062E-2 4.57808E-2 3.87197E-2 8.87225E-3 1.46179E-2 1.31854E-2 9.2444E-3 5.34425E-3 3.27938E-3 8.08939E-3 2.63507E-2 2.65214E-2 2.77786E-2 2.92241E-2 2.92065E-2 2.80139E-2 2.72415E-2 2.3551E-2 2.18108E-2 1.29907E-2 1.9372E-2 2.95133E-2 2.79128E-2 2.61484E-2 2.53142E-2 2.30183E-2 2.4142E-2 2.60006E-2 2.76062E-2 3.21824E-2 3.82473E-2 4.46106E-2 5.03561E-2 5.4809E-2 5.91892E-2 6.37886E-2 6.30146E-2 6.23855E-2 5.4232E-2 3.22189E-2 6.41821E-3 5.6914E-3 2.28254E-3 5.50354E-4 1.76626E-3
-9999 -9999 -9999 -9999 -9999 1.07694E-2 1.04071E-2 1.12395E-2 9.1664E-3 1.67074E-2 1.65363E-3 2.33023E-3 1.63197E-2 2.96053E-2 3.69968E-2 3.70525E-2 4.07561E-2 4.33492E-2 4.37383E-2 4.45574E-2 4.48476E-2 4.64047E-2 4.53133E-2 2.14239E-2 1.41899E-2 1.59083E-2 9.87291E-3 4.28941E-3 3.77826E-3 9.76587E-3 2.03583E-2 3.10418E-2 3.66755E-2 3.45359E-2 3.50789E-2 3.45641E-2 3.47597E-2 3.26739E-2 3.13131E-2 3.02502E-2 3.26952E-2 3.32894E-2 3.37965E-2 3.17714E-2 3.10346E-2 3.00246E-2 3.17153E-2 3.12065E-2 3.24872E-2 3.57742E-2 3.97999E-2 4.45141E-2 4.70332E-2 4.36125E-2 4.64095E-2 5.07747E-2 6.23762E-2 6.39784E-2 3.89001E-2 1.41945E-2 5.08446E-3 4.07777E-3 1.06407E-3 2.69683E-4 4.33762E-3
-9999 -9999 -9999 -9999 2.07259E-3 7.12232E-3 1.07694E-2 1.36493E-2 3.9413E-2 4.29732E-2 8.95501E-3 4.51433E-4 2.74167E-3 1.99278E-2 3.25832E-2 3.88552E-2 4.24709E-2 4.57927E-2 4.50549E-2 4.70458E-2 4.69936E-2 4.82014E-2 4.65544E-2 2.88332E-2 1.32431E-2 1.67396E-2 1.06707E-2 4.45072E-3 1.78938E-3 4.62298E-3 1.02869E-2 1.92735E-2 3.39422E-2 3.88957E-2 3.77855E-2 3.86467E-2 3.87135E-2 3.7643E-2 3.61295E-2 3.55432E-2 3.59876E-2 3.61031E-2 3.76841E-2 3.6745E-2 3.62467E-2 3.6564E-2 3.61784E-2 3.57548E-2 3.39212E-2 3.41687E-2 3.54152E-2 3.24924E-2 2.45751E-2 2.84006E-2 4.21653E-2 6.06108E-2 6.65487E-2 6.624E-2 2.89001E-2 8.20909E-3 6.23433E-3 4.36371E-3 8.5976E-4 2.75392E-3 3.4608E-3
-9999 -9999 -9999 -9999 1.42171E-3 5.29565E-3 1.12675E-2 1.55207E-2 4.23504E-2 5.38272E-2 4.08212E-2 1.2567E-2 6.57791E-4 7.96455E-3 2.44334E-2 3.72571E-2 4.37527E-2 4.76782E-2 4.76887E-2 4.89796E-2 4.89295E-2 4.9263E-2 4.85029E-2 3.92121E-2 1.56998E-2 2.08792E-2 1.605E-2 1.08053E-2 4.21768E-3 7.08158E-4 6.4043E-3 1.70666E-2 3.23052E-2 4.29564E-2 4.17657E-2 4.14221E-2 4.21497E-2 4.03801E-2 3.9973E-2 3.88562E-2 3.90738E-2 3.98141E-2 4.03129E-2 4.0424E-2 3.98088E-2 4.06344E-2 3.88552E-2 3.06297E-2 2.34917E-2 2.38118E-2 3.12608E-2 3.58103E-2 3.90775E-2 5.28058E-2 6.27532E-2 6.43451E-2 6.84587E-2 6.00928E-2 2.19998E-2 9.92273E-3 1.03785E-2 2.12161E-3 8.89202E-4 1.03479E-2 1.06028E-2
-9999 -9999 -9999 2.13222E-2 1.49066E-2 1.03479E-2 2.30675E-2 4.27414E-2 5.20346E-2 5.7949E-2 5.29151E-2 4.52578E-2 2.26577E-2 7.26731E-3 1.5561E-2 3.35785E-2 4.46359E-2 4.86874E-2 4.82626E-2 4.86874E-2 5.02152E-2 5.044E-2 4.56858E-2 4.67601E-2 3.09527E-2 2.53335E-2 2.39674E-2 1.96364E-2 1.35804E-2 1.34109E-2 1.68617E-2 2.35008E-2 1.29126E-2 3.27355E-2 4.43467E-2 4.51586E-2 4.56781E-2 4.34821E-2 4.22855E-2 4.23169E-2 4.26777E-2 4.29146E-2 4.27164E-2 4.24246E-2 4.32921E-2 4.33062E-2 4.10674E-2 3.5812E-2 3.96392E-2 4.3084E-2 4.63115E-2 5.01016E-2 5.59599E-2 5.83712E-2 6.14219E-2 6.62251E-2 6.99288E-2 5.05478E-2 1.4857E-2 1.506E-2 1.23162E-2 4.3842E-3 2.17211E-2 2.587E-2 2.51262E-2
-9999 -9999 -9999 3.1712E-2 1.12634E-2 3.16709E-2 5.40416E-2 6.39614E-2 6.37431E-2 6.34998E-2 5.91227E-2 5.44673E-2 4.87216E-2 4.05689E-2 3.81584E-2 3.50714E-2 4.18251E-2 4.35774E-2 4.29777E-2 4.47035E-2 5.10232E-2 4.81902E-2 3.76793E-2 4.3908E-2 4.5223E-2 2.73609E-2 2.31916E-2 2.56541E-2 2.39674E-2 2.20594E-2 2.4702E-2 2.90428E-2 9.8064E-3 1.70779E-2 3.20387E-2 4.12205E-2 4.56705E-2 4.72378E-2 4.576E-2 4.54882E-2 4.486E-2 4.51295E-2 4.49672E-2 4.48479E-2 4.56781E-2 4.63724E-2 4.76971E-2 4.7632E-2 4.87454E-2 4.99211E-2 5.12581E-2 5.61612E-2 5.68905E-2 6.0648E-2 6.27532E-2 6.61562E-2 6.17245E-2 4.1995E-2 1.98275E-2 2.07427E-2 1.22811E-2 1.62519E-2 2.53749E-2 1.817E-2 3.76806E-2
-9999 -9999 -9999 3.15812E-2 2.88689E-2 6.38525E-2 7.51526E-2 6.47486E-2 5.88306E-2 6.56737E-2 6.611E-2 6.28795E-2 5.95768E-2 5.7949E-2 5.6331E-2 5.27477E-2 3.7342E-2 3.91309E-2 4.11007E-2 3.10111E-2 4.70293E-2 4.69664E-2 2.14354E-2 1.69097E-2 4.52745E-2 2.04214E-2 2.33607E-2 2.84422E-2 3.1802E-2 2.99236E-2 2.91827E-2 3.06264E-2 1.76769E-2 6.20109E-3 2.28446E-2 2.85778E-2 4.22422E-2 4.96598E-2 4.83736E-2 4.80724E-2 4.74155E-2 4.63976E-2 4.75182E-2 4.85463E-2 4.88995E-2 4.89616E-2 4.90017E-2 4.96408E-2 5.15212E-2 5.20864E-2 5.41761E-2 5.68905E-2 5.98816E-2 6.01626E-2 6.18304E-2 6.22537E-2 4.00159E-2 3.24571E-2 1.67657E-2 2.21749E-2 2.10055E-2 2.91732E-2 3.94786E-2 5.69629E-2 5.75124E-2
-9999 -9999 4.78833E-2 7.23293E-2 7.67546E-2 8.44814E-2 8.32984E-2 7.69055E-2 7.33089E-2 7.29538E-2 7.00622E-2 6.81266E-2 6.72671E-2 6.49271E-2 6.34336E-2 6.28218E-2 6.0225E-2 5.80661E-2 5.84479E-2 5.88012E-2 5.33078E-2 5.11159E-2 4.0217E-2 3.90078E-2 5.85526E-2 3.5944E-2 2.84826E-2 3.55055E-2 3.38403E-2 3.38403E-2 2.72284E-2 2.76458E-2 2.87985E-2 1.9851E-2 1.93654E-2 1.42757E-2 2.94855E-2 4.45141E-2 5.23884E-2 5.22615E-2 5.2731E-2 5.06363E-2 5.2731E-2 5.19448E-2 5.15162E-2 5.10096E-2 5.03345E-2 5.23571E-2 5.51198E-2 5.4305E-2 5.7064E-2 5.91227E-2 6.0422E-2 6.10616E-2 5.80618E-2 4.05647E-2 2.41699E-2 3.22189E-2 2.15564E-2 2.21749E-2 2.35155E-2 3.12684E-2 4.47122E-2 2.41487E-2 8.07379E-2
-9999 -9999 9.41755E-2 8.90818E-2 9.25455E-2 9.68395E-2 9.17858E-2 8.48774E-2 7.44939E-2 7.51526E-2 7.6586E-2 7.38698E-2 7.17338E-2 6.87224E-2 6.74746E-2 6.70611E-2 6.5765E-2 6.61373E-2 6.70395E-2 6.69927E-2 6.33624E-2 6.49798E-2 6.61875E-2 7.04405E-2 7.29538E-2 6.22537E-2 5.38079E-2 5.01605E-2 4.67659E-2 3.77406E-2 2.31673E-2 3.46837E-2 3.22358E-2 3.38403E-2 3.18343E-2 1.16941E-2 2.69687E-2 3.78995E-2 5.17649E-2 5.52275E-2 5.44857E-2 5.49472E-2 5.47976E-2 5.35049E-2 5.23001E-2 5.37694E-2 5.37928E-2 5.51894E-2 5.5844E-2 5.64692E-2 5.93073E-2 5.83729E-2 5.67407E-2 5.32559E-2 3.68647E-2 2.00167E-2 2.25403E-2 2.93008E-2 2.86904E-2 4.12683E-2 4.99676E-2 4.10318E-2 6.00741E-2 8.68216E-2 8.74395E-2
-9999 -9999 1.15753E-1 1.12027E-1 1.07878E-1 1.04141E-1 9.66818E-2 9.28656E-2 8.93038E-2 8.20134E-2 8.17985E-2 7.92271E-2 7.59911E-2 7.55898E-2 7.23751E-2 7.10016E-2 7.04985E-2 6.96076E-2 6.96076E-2 7.28174E-2 7.41222E-2 7.44787E-2 7.79018E-2 8.08112E-2 8.05289E-2 7.9262E-2 7.50914E-2 6.81967E-2 6.10223E-2 4.88314E-2 3.14917E-2 2.7193E-2 4.53792E-2 4.45764E-2 3.63868E-2 3.55055E-2 2.71294E-2 4.01227E-2 5.06989E-2 5.6601E-2 5.66853E-2 5.68905E-2 5.5019E-2 5.65756E-2 5.59159E-2 5.65756E-2 5.64692E-2 5.56054E-2 5.57276E-2 5.1003E-2 4.82653E-2 4.88348E-2 3.5944E-2 2.4306E-2 2.25284E-2 1.8795E-2 2.55928E-2 3.70973E-2 3.99341E-2 3.61544E-2 5.5024E-2 3.34182E-2 4.76564E-2 8.19674E-2 6.07416E-2
-9999 1.2416E-1 1.17551E-1 1.10845E-1 1.10067E-1 1.14508E-1 1.07957E-1 1.0074E-1 9.7763E-2 8.9369E-2 9.00156E-2 8.3184E-2 8.08169E-2 7.84512E-2 7.80008E-2 7.51485E-2 7.41489E-2 7.41489E-2 7.54606E-2 7.48569E-2 7.67509E-2 7.86806E-2 8.06459E-2 8.53383E-2 8.49161E-2 8.79462E-2 8.19315E-2 8.65664E-2 8.07115E-2 4.99525E-2 3.81741E-2 2.71589E-2 4.727E-2 5.34963E-2 4.99463E-2 4.0455E-2 4.73419E-2 3.72278E-2 3.63249E-2 5.06935E-2 5.2646E-2 5.19907E-2 5.24602E-2 5.43935E-2 5.69869E-2 5.44961E-2 5.19278E-2 5.05031E-2 4.76644E-2 4.43274E-2 3.22358E-2 2.39184E-2 2.47975E-2 2.88684E-2 2.15137E-2 2.70273E-2 2.30335E-2 3.85907E-2 3.55642E-2 4.27249E-2 5.15233E-2 4.26551E-2 2.8628E-2 7.80923E-2 9.54722E-2
-9999 1.25108E-1 1.19514E-1 1.15306E-1 1.10274E-1 1.1613E-1 1.13271E-1 1.08541E-1 1.01756E-1 9.51661E-2 8.94786E-2 8.9621E-2 8.71082E-2 8.4837E-2 8.23901E-2 7.99465E-2 7.84746E-2 7.79394E-2 7.73646E-2 7.93041E-2 8.06459E-2 8.19631E-2 8.39898E-2 8.70982E-2 9.16787E-2 9.16787E-2 9.65472E-2 9.65472E-2 9.32443E-2 7.62439E-2 4.98729E-2 4.87212E-2 3.55884E-2 4.95712E-2 5.69587E-2 5.85409E-2 5.24161E-2 5.72831E-2 4.76241E-2 3.95615E-2 3.29548E-2 3.17075E-2 4.26883E-2 5.55408E-2 5.0068E-2 4.54497E-2 4.61693E-2 4.1908E-2 3.42599E-2 2.82491E-2 3.09479E-2 3.37582E-2 3.14917E-2 2.7482E-2 3.51744E-2 3.30526E-2 2.38759E-2 3.94825E-2 5.35223E-2 6.41083E-2 4.8059E-2 4.59125E-2 3.90293E-2 6.56579E-2 9.94807E-2
-9999 1.3501E-1 1.2582E-1 1.19179E-1 1.16588E-1 1.10845E-1 1.19689E-1 1.14046E-1 1.07063E-1 7.17257E-2 7.8122E-2 8.69884E-2 8.78924E-2 8.86303E-2 8.93915E-2 8.58359E-2 8.4837E-2 8.39449E-2 8.14226E-2 8.28778E-2 8.49161E-2 8.69907E-2 8.96804E-2 9.18359E-2 9.34339E-2 9.65472E-2 1.00362E-1 9.79136E-2 9.12525E-2 6.38525E-2 5.33356E-2 4.72336E-2 5.4865E-2 5.69585E-2 5.83089E-2 6.16716E-2 6.37478E-2 6.39635E-2 6.32529E-2 6.47818E-2 6.40098E-2 6.32151E-2 6.42008E-2 6.24119E-2 5.91112E-2 5.20445E-2 4.4288E-2 3.92401E-2 3.88986E-2 3.90078E-2 3.55529E-2 3.06105E-2 3.44807E-2 4.60411E-2 4.81529E-2 3.87606E-2 5.33356E-2 2.93425E-2 7.29431E-2 5.4159E-2 5.15233E-2 6.25228E-2 6.25007E-2 7.6452E-2 9.38608E-2
-9999 1.40743E-1 -9999 -9999 1.17488E-1 1.15306E-1 1.13797E-1 1.19281E-1 1.12027E-1 5.62894E-2 4.5754E-2 6.52984E-2 6.46018E-2 8.16127E-2 8.45964E-2 8.72704E-2 8.75491E-2 8.8487E-2 8.83421E-2 8.84826E-2 9.07253E-2 8.93915E-2 9.28254E-2 9.28254E-2 9.60995E-2 9.55198E-2 8.99294E-2 8.29464E-2 7.07346E-2 5.23547E-2 5.41328E-2 5.06042E-2 4.77313E-2 5.06042E-2 5.58363E-2 5.99114E-2 5.8112E-2 5.99114E-2 6.10802E-2 5.69585E-2 5.66467E-2 6.23855E-2 6.40147E-2 6.45573E-2 6.42008E-2 6.07526E-2 5.53629E-2 4.89492E-2 4.03519E-2 3.82222E-2 3.54863E-2 4.10507E-2 4.35276E-2 4.35476E-2 4.99652E-2 6.21345E-2 3.85942E-2 7.37657E-2 6.41083E-2 7.02973E-2 5.24987E-2 7.31244E-2 8.02663E-2 8.45597E-2 9.69663E-2
-9999 1.42378E-1 -9999 -9999 -9999 1.2243E-1 1.27568E-1 1.23222E-1 1.09112E-1 4.51139E-2 6.63475E-2 6.59384E-2 5.69562E-2 6.742E-2 6.73389E-2 7.54305E-2 8.60186E-2 8.82829E-2 8.78478E-2 7.8908E-2 8.50563E-2 8.89808E-2 8.88479E-2 8.65371E-2 8.58175E-2 7.37657E-2 5.72124E-2 5.17643E-2 5.53691E-2 6.88144E-2 7.69231E-2 7.54305E-2 7.42966E-2 7.39524E-2 7.84853E-2 8.90887E-2 7.67546E-2 6.21911E-2 6.31447E-2 7.02501E-2 7.07346E-2 6.65969E-2 6.69362E-2 6.63363E-2 6.85371E-2 6.46737E-2 5.95683E-2 5.47988E-2 4.727E-2 4.10537E-2 3.81043E-2 4.09617E-2 4.88194E-2 5.33356E-2 4.83282E-2 7.26869E-2 7.79162E-2 9.32794E-2 5.65993E-2 8.35706E-2 6.81503E-2 1.06934E-1 7.41911E-2 9.54283E-2 1.16627E-1
-9999 -9999 -9999 -9999 -9999 1.27822E-1 1.28937E-1 1.2757E-1 1.18756E-1 6.15339E-2 8.69418E-2 8.28542E-2 8.99049E-2 8.81986E-2 8.49819E-2 8.52713E-2 8.43959E-2 8.4402E-2 7.42966E-2 7.34745E-2 8.60186E-2 8.05776E-2 6.60449E-2 6.5553E-2 5.28039E-2 5.09559E-2 7.1527E-2 8.62591E-2 7.51253E-2 6.67846E-2 8.43959E-2 7.39524E-2 7.27557E-2 8.60895E-2 9.31572E-2 9.77665E-2 1.10862E-1 1.07063E-1 1.03763E-1 9.46077E-2 8.61659E-2 7.98047E-2 7.62303E-2 7.45319E-2 7.11072E-2 6.87027E-2 6.31276E-2 5.40416E-2 4.91606E-2 5.13518E-2 5.13518E-2 5.15152E-2 5.89688E-2 7.01019E-2 8.39267E-2 9.14863E-2 9.62653E-2 1.07619E-1 1.07817E-1 1.08792E-1 1.24442E-1 1.42826E-1 1.15918E-1 1.09399E-1 1.34444E-1
-9999 1.715E-1 1.60676E-1 -9999 -9999 1.24473E-1 1.23986E-1 1.30604E-1 1.14769E-1 9.25418E-2 1.04496E-1 1.02084E-1 8.42284E-2 9.51375E-2 9.81683E-2 9.45322E-2 9.59216E-2 9.4833E-2 9.34699E-2 9.31013E-2 9.41672E-2 9.18956E-2 8.85088E-2 9.12262E-2 8.53033E-2 8.43959E-2 8.4402E-2 9.50148E-2 8.81069E-2 9.0078E-2 1.04464E-1 1.01712E-1 1.07414E-1 1.13955E-1 1.13867E-1 1.18904E-1 1.26198E-1 1.07817E-1 1.02908E-1 1.08795E-1 1.05292E-1 1.02999E-1 9.7941E-2 9.03328E-2 8.64559E-2 8.06564E-2 7.77307E-2 7.35481E-2 7.1849E-2 6.52548E-2 5.44249E-2 5.17631E-2 7.62609E-2 8.89068E-2 9.52415E-2 1.01297E-1 1.11155E-1 1.20407E-1 1.26352E-1 1.20501E-1 1.49347E-1 1.60777E-1 1.31986E-1 1.136E-1 1.61726E-1
1.86875E-1 1.79966E-1 1.64488E-1 -9999 -9999 1.24473E-1 1.23986E-1 1.27696E-1 1.16431E-1 1.17983E-1 1.12663E-1 1.08242E-1 1.02908E-1 1.03578E-1 1.01637E-1 9.81247E-2 9.58746E-2 9.73808E-2 9.55177E-2 9.51483E-2 9.626E-2 9.51483E-2 9.59216E-2 9.59216E-2 9.70188E-2 9.49122E-2 9.77046E-2 1.00585E-1 1.02999E-1 1.07447E-1 1.1E-1 1.15286E-1 1.18331E-1 1.27011E-1 1.31985E-1 1.3618E-1 1.34833E-1 1.3001E-1 1.22526E-1 1.21234E-1 1.18362E-1 1.14327E-1 1.07397E-1 1.01336E-1 9.49522E-2 8.72704E-2 8.35062E-2 7.95654E-2 7.28295E-2 6.65969E-2 7.61511E-2 8.40199E-2 8.59801E-2 8.92045E-2 1.03578E-1 1.076E-1 1.17087E-1 1.27871E-1 1.34603E-1 1.45808E-1 1.58997E-1 1.76467E-1 1.71466E-1 1.33624E-1 1.64052E-1
1.75585E-1 1.79768E-1 -9999 -9999 -9999 -9999 1.2148E-1 1.22185E-1 1.20925E-1 1.13493E-1 1.10998E-1 1.08242E-1 1.05535E-1 1.04908E-1 1.03846E-1 1.00614E-1 9.96497E-2 9.45739E-2 9.45739E-2 9.48037E-2 9.45739E-2 9.50707E-2 9.55177E-2 9.59143E-2 9.65542E-2 9.90481E-2 1.01094E-1 9.99235E-2 1.04029E-1 1.0759E-1 1.08788E-1 1.14927E-1 1.16248E-1 1.24517E-1 1.38405E-1 1.41292E-1 1.331E-1 1.25598E-1 1.18851E-1 1.13559E-1 1.16352E-1 1.16274E-1 1.10998E-1 1.06675E-1 9.74156E-2 8.55629E-2 8.54596E-2 8.54596E-2 8.40199E-2 8.68862E-2 8.64559E-2 8.58715E-2 8.8437E-2 9.7941E-2 1.06204E-1 1.13078E-1 1.15097E-1 1.31814E-1 1.44057E-1 1.54759E-1 1.71277E-1 1.74499E-1 1.89864E-1 1.76239E-1 1.8575E-1
1.26976E-1 1.65226E-1 -9999 -9999 -9999 -9999 1.1507E-1 1.13721E-1 1.13701E-1 1.13493E-1 1.10409E-1 1.01866E-1 1.03722E-1 1.00362E-1 9.83935E-2 9.73853E-2 9.54226E-2 9.43073E-2 9.34339E-2 8.92162E-2 9.13711E-2 9.44087E-2 9.50707E-2 9.33089E-2 9.59143E-2 9.85107E-2 9.96697E-2 9.85229E-2 9.80584E-2 9.95365E-2 1.02703E-1 1.04763E-1 1.11868E-1 1.18833E-1 1.26811E-1 1.331E-1 1.30315E-1 1.22822E-1 1.11834E-1 1.0463E-1 1.13091E-1 1.13559E-1 1.14046E-1 1.05097E-1 9.88098E-2 8.99972E-2 8.78478E-2 7.5051E-2 7.97895E-2 8.8437E-2 8.79725E-2 9.41672E-2 1.01297E-1 1.06204E-1 1.11184E-1 1.17423E-1 1.22514E-1 1.36954E-1 1.50249E-1 1.56097E-1 1.70288E-1 1.76141E-1 1.8839E-1 1.98685E-1 1.8912E-1
-9999 1.57012E-1 -9999 -9999 -9999 -9999 1.1128E-1 1.11312E-1 1.07502E-1 1.05966E-1 1.08536E-1 9.95365E-2 9.88905E-2 9.67797E-2 9.4361E-2 9.4361E-2 9.49904E-2 9.10619E-2 8.90692E-2 9.02891E-2 9.18359E-2 9.12894E-2 9.26098E-2 9.48037E-2 9.39639E-2 9.50707E-2 9.59143E-2 9.73853E-2 9.52594E-2 9.34193E-2 9.77441E-2 9.90667E-2 1.04524E-1 1.12016E-1 1.12318E-1 1.1128E-1 1.08572E-1 1.07348E-1 1.05693E-1 1.04738E-1 1.08572E-1 1.03985E-1 1.01391E-1 9.80584E-2 9.51379E-2 9.34864E-2 9.23065E-2 8.94786E-2 9.37531E-2 9.4833E-2 9.41672E-2 1.00362E-1 1.03976E-1 1.10311E-1 1.11648E-1 1.15315E-1 1.26198E-1 1.35745E-1 1.44434E-1 1.60777E-1 1.62262E-1 1.71239E-1 1.89872E-1 1.9131E-1 1.98075E-1
-9999 1.20161E-1 -9999 -9999 -9999 -9999 -9999 -9999 -9999 1.0357E-1 -9999 9.79185E-2 9.80424E-2 9.35381E-2 9.25048E-2 9.35381E-2 9.23178E-2 8.90692E-2 8.90692E-2 8.87026E-2 9.12495E-2 9.23751E-2 8.88696E-2 9.06168E-2 8.91018E-2 9.23371E-2 9.39639E-2 9.4028E-2 9.32013E-2 9.24625E-2 9.3252E-2 9.4361E-2 9.8386E-2 9.86635E-2 1.02697E-1 1.01519E-1 1.07853E-1 1.07088E-1 1.03884E-1 1.03985E-1 1.01519E-1 9.98169E-2 9.63847E-2 9.16787E-2 9.18359E-2 8.97253E-2 9.0593E-2 9.34864E-2 9.33089E-2 9.7763E-2 9.70188E-2 1.00501E-1 1.06204E-1 1.09388E-1 1.14517E-1 1.22436E-1 1.27871E-1 1.37596E-1 1.427E-1 1.50169E-1 1.51311E-1 1.58997E-1 1.57442E-1 1.69937E-1 1.87638E-1
