KUENM/Final_Models/M_0.1_F_lq_Set_2_NE/sp1_se_asia_max.asc
ncols         320
nrows         243
xllcorner     44.0
yllcorner     -0.666666666666667
cellsize      0.166666666666667
NODATA_value  -9999
[rows 62 to 92 of 243, columns 70 to 139 of 320]
1.06123E-2 6.89184E-3 3.63622E-3 1.43184E-3 8.49333E-4 4.9065E-4 1.00546E-4 2.4946E-4 2.73645E-4 7.70337E-5 6.92579E-4 1.94546E-3 4.37824E-3 7.90457E-3 9.97703E-3 2.49354E-2 5.7735E-2 6.76985E-2 7.18013E-2 7.41447E-2 7.68079E-2 7.87069E-2 7.84516E-2 7.76919E-2 7.62458E-2 3.25762E-2 6.42832E-3 7.24335E-3 6.26754E-3 2.87505E-3 6.18839E-3 1.17066E-2 1.24033E-2 8.41634E-3 2.16962E-2 5.68001E-2 6.05679E-2 5.47387E-2 5.2145E-2 5.10283E-2 5.10283E-2 3.91545E-2 3.69089E-2 3.73132E-2 3.23243E-2 2.35112E-2 1.16685E-2 1.06513E-2 8.69597E-3 9.85013E-3 1.02604E-2 1.17049E-2 2.45701E-2 4.60782E-2 7.355E-2 8.11679E-2 8.86037E-2 9.85333E-2 1.05443E-1 1.12858E-1 1.18047E-1 1.20978E-1 8.97227E-2 3.13462E-2 1.13947E-2 9.67704E-3 2.89561E-3 2.67703E-3 6.82805E-3 2.12023E-2
1.16274E-2 1.08501E-2 7.05653E-3 2.8201E-3 1.8131E-3 1.62259E-3 1.11664E-3 1.67642E-3 1.41234E-3 3.33236E-4 7.84861E-4 6.26664E-4 1.73002E-3 9.63908E-3 1.86967E-2 1.93955E-2 4.81264E-2 5.74034E-2 6.76985E-2 7.33404E-2 7.71773E-2 7.86045E-2 8.01209E-2 7.81544E-2 7.56526E-2 5.85587E-2 1.9199E-2 1.3184E-2 1.12443E-2 5.03188E-3 5.46264E-3 4.84547E-3 1.14715E-2 2.49354E-2 1.1572E-2 3.78007E-2 5.11971E-2 4.81498E-2 4.46872E-2 4.51461E-2 3.81323E-2 2.52295E-2 1.75977E-2 3.14116E-2 3.91545E-2 3.20987E-2 2.23457E-2 2.56869E-2 1.78794E-2 1.82398E-2 1.94257E-2 2.82685E-2 4.21403E-2 5.98073E-2 7.21143E-2 8.03826E-2 8.86037E-2 9.45827E-2 1.03515E-1 1.09815E-1 1.12655E-1 1.01985E-1 4.19282E-2 2.1955E-2 6.75441E-3 3.89935E-3 2.11828E-3 1.90554E-3 1.20364E-2 1.74388E-2
1.14101E-2 1.30378E-2 8.96794E-3 5.18515E-3 3.06502E-3 3.7931E-3 4.43115E-3 5.99899E-3 4.55779E-3 8.97986E-4 5.67032E-4 3.45597E-4 2.47958E-3 3.40421E-3 1.63142E-2 3.19074E-2 4.71207E-2 5.80116E-2 6.53814E-2 7.05549E-2 7.65318E-2 8.01209E-2 8.04856E-2 7.84055E-2 8.31729E-2 6.47604E-2 8.90778E-3 1.7174E-2 1.49552E-2 9.4026E-3 5.34425E-3 3.27938E-3 8.10347E-3 3.8825E-2 3.95487E-2 4.31594E-2 4.76216E-2 4.8665E-2 4.7132E-2 4.61308E-2 3.79967E-2 3.49068E-2 1.74626E-2 3.01742E-2 5.2145E-2 4.80129E-2 4.32206E-2 4.06739E-2 3.49658E-2 3.57852E-2 3.8425E-2 4.07947E-2 4.83484E-2 5.92093E-2 7.01386E-2 7.91138E-2 8.72989E-2 9.399E-2 9.94592E-2 9.38268E-2 8.79729E-2 7.05783E-2 3.55507E-2 6.41821E-3 5.6914E-3 2.28254E-3 7.24934E-4 1.76626E-3 6.9002E-3 3.97742E-2
7.67491E-3 1.00574E-2 3.39297E-3 6.73997E-3 2.44238E-3 4.67152E-3 4.11111E-3 6.96803E-3 1.07694E-2 1.04071E-2 1.12395E-2 9.1664E-3 1.8361E-2 1.65363E-3 2.33023E-3 1.90746E-2 4.75534E-2 6.31201E-2 6.53814E-2 7.347E-2 7.93853E-2 8.15983E-2 8.10469E-2 7.89808E-2 8.30898E-2 7.90616E-2 2.76141E-2 1.61518E-2 1.86967E-2 1.0117E-2 4.28941E-3 3.77826E-3 1.02465E-2 2.69723E-2 4.7601E-2 6.21358E-2 5.82414E-2 6.16807E-2 6.20145E-2 6.27812E-2 5.94164E-2 5.75228E-2 5.55675E-2 6.08542E-2 6.21484E-2 6.1454E-2 5.61985E-2 5.31461E-2 4.97081E-2 5.07122E-2 4.8949E-2 5.04881E-2 5.5629E-2 6.23615E-2 7.06987E-2 7.23176E-2 6.2599E-2 6.56683E-2 7.11879E-2 9.22757E-2 9.32193E-2 4.61472E-2 1.41945E-2 5.08446E-3 4.07777E-3 1.08897E-3 4.73023E-4 4.33762E-3 5.2716E-2 1.04666E-1
1.1958E-2 1.28994E-2 1.48853E-2 1.17829E-2 1.54382E-3 3.96048E-3 4.28594E-3 2.13634E-3 7.12232E-3 1.07694E-2 1.36493E-2 5.79037E-2 6.74956E-2 8.95501E-3 6.95986E-4 2.74167E-3 2.48181E-2 5.17754E-2 6.61027E-2 7.57962E-2 8.27336E-2 8.30338E-2 8.48964E-2 8.33889E-2 8.44811E-2 7.89692E-2 4.04989E-2 1.44259E-2 1.94583E-2 1.09855E-2 4.45072E-3 1.78938E-3 4.62298E-3 1.09007E-2 2.50093E-2 5.46138E-2 6.72875E-2 6.68923E-2 7.10441E-2 7.15953E-2 7.00929E-2 6.91878E-2 6.90907E-2 7.01023E-2 6.95368E-2 7.05884E-2 6.69852E-2 6.48123E-2 6.36592E-2 6.14922E-2 5.80452E-2 5.34016E-2 5.1874E-2 5.26916E-2 4.56646E-2 3.02366E-2 3.5535E-2 5.80953E-2 9.42137E-2 1.01915E-1 9.65932E-2 3.15317E-2 8.20909E-3 6.23433E-3 4.36371E-3 9.66959E-4 2.75392E-3 3.4608E-3 2.6632E-2 1.42428E-1
2.87626E-2 3.39181E-2 3.63615E-2 2.40832E-2 1.85132E-2 2.10883E-2 9.84522E-3 1.72392E-3 5.29565E-3 1.12675E-2 1.55207E-2 6.04793E-2 9.00396E-2 6.22437E-2 1.2567E-2 8.86824E-4 7.96455E-3 3.21006E-2 5.92854E-2 7.5905E-2 8.48016E-2 8.57676E-2 8.65385E-2 8.59641E-2 8.47844E-2 8.02124E-2 5.96915E-2 1.74857E-2 2.53014E-2 1.8134E-2 1.10943E-2 4.21768E-3 7.89351E-4 6.4043E-3 2.08625E-2 4.90877E-2 7.43002E-2 7.43338E-2 7.48696E-2 7.81544E-2 7.60721E-2 7.69549E-2 7.5331E-2 7.628E-2 7.70522E-2 7.63661E-2 7.57299E-2 7.31215E-2 7.28048E-2 6.61027E-2 4.71131E-2 3.16202E-2 3.14624E-2 4.43182E-2 5.12045E-2 5.61593E-2 8.27546E-2 1.01077E-1 1.03001E-1 1.07917E-1 8.46165E-2 2.2366E-2 9.92273E-3 1.03785E-2 2.12161E-3 1.02307E-3 1.03479E-2 1.06028E-2 5.04519E-2 1.68838E-1
4.41423E-2 4.73898E-2 5.95929E-2 7.37089E-2 6.89781E-2 4.78146E-2 2.13222E-2 1.49066E-2 1.03479E-2 2.36652E-2 5.64743E-2 7.81223E-2 9.70465E-2 8.82739E-2 7.02218E-2 2.65094E-2 7.26731E-3 1.63756E-2 4.87206E-2 7.28223E-2 8.22996E-2 8.23447E-2 8.22996E-2 8.48501E-2 8.26293E-2 7.21143E-2 7.40945E-2 4.15953E-2 3.19889E-2 2.96506E-2 2.32839E-2 1.47137E-2 1.45693E-2 1.99329E-2 3.06544E-2 1.41424E-2 4.95909E-2 7.6684E-2 8.14031E-2 8.3896E-2 8.19816E-2 8.02801E-2 8.13011E-2 8.2116E-2 8.21617E-2 8.12378E-2 8.01209E-2 8.0169E-2 7.84055E-2 7.01248E-2 5.69073E-2 6.40849E-2 7.02534E-2 7.68269E-2 8.28525E-2 9.27171E-2 9.63508E-2 1.00117E-1 1.05951E-1 1.07395E-1 6.68393E-2 1.4857E-2 1.506E-2 1.23162E-2 4.3842E-3 2.17211E-2 2.587E-2 2.51262E-2 7.64245E-2 1.78693E-1
9.09339E-2 8.63396E-2 8.34478E-2 8.49378E-2 6.36732E-2 6.60846E-2 3.21591E-2 1.12634E-2 3.38863E-2 7.29835E-2 9.73432E-2 1.00872E-1 1.04573E-1 9.72833E-2 8.89293E-2 7.57416E-2 5.99006E-2 5.37803E-2 4.84482E-2 6.27235E-2 6.75371E-2 6.47515E-2 6.74548E-2 8.2011E-2 7.43965E-2 5.32577E-2 6.43867E-2 6.73312E-2 3.45155E-2 2.7944E-2 3.23044E-2 2.96506E-2 2.68708E-2 3.13647E-2 3.9587E-2 9.8064E-3 2.01328E-2 4.75849E-2 6.85396E-2 8.11137E-2 8.72433E-2 8.65251E-2 8.64303E-2 8.55343E-2 8.56299E-2 8.4771E-2 8.35373E-2 8.3896E-2 8.44245E-2 8.53108E-2 8.42411E-2 8.46624E-2 8.56376E-2 8.73623E-2 9.35901E-2 9.45043E-2 9.91665E-2 1.01077E-1 1.03738E-1 8.81367E-2 5.12392E-2 1.98275E-2 2.07427E-2 1.22811E-2 1.62519E-2 2.53749E-2 1.817E-2 3.76806E-2 7.06353E-2 1.64567E-1
1.30077E-1 7.91514E-2 5.2716E-2 7.61812E-2 6.43321E-2 4.69846E-2 3.15812E-2 2.88689E-2 8.58619E-2 1.13389E-1 9.40728E-2 8.49605E-2 1.03891E-1 1.10685E-1 1.05549E-1 9.9685E-2 9.70465E-2 9.44105E-2 8.47986E-2 5.08614E-2 5.48366E-2 5.83894E-2 3.86592E-2 7.01285E-2 6.93135E-2 2.3625E-2 1.71374E-2 6.44281E-2 2.27428E-2 2.76265E-2 3.6137E-2 4.18692E-2 3.87646E-2 3.8015E-2 4.06604E-2 1.99334E-2 6.20109E-3 2.90334E-2 3.96575E-2 6.79279E-2 8.84197E-2 8.91858E-2 9.00823E-2 8.91591E-2 8.74271E-2 8.83525E-2 8.905E-2 8.83041E-2 8.79441E-2 8.70605E-2 8.74163E-2 8.88291E-2 8.90011E-2 9.16781E-2 9.45043E-2 9.82218E-2 9.72509E-2 9.78699E-2 9.29644E-2 4.86235E-2 3.63662E-2 1.67657E-2 2.21749E-2 2.10055E-2 2.91732E-2 3.94786E-2 5.69629E-2 5.75124E-2 1.19025E-1 1.45928E-1
1.12603E-1 7.53496E-2 4.99905E-2 1.81323E-2 2.67172E-2 5.18369E-2 9.24371E-2 1.03095E-1 1.25558E-1 1.28862E-1 1.16998E-1 1.12858E-1 1.167E-1 1.17148E-1 1.15195E-1 1.1411E-1 1.10685E-1 1.08312E-1 1.06543E-1 9.98979E-2 9.19274E-2 9.30987E-2 9.28068E-2 8.03537E-2 7.31684E-2 5.38708E-2 5.12042E-2 8.87316E-2 4.67215E-2 3.39357E-2 4.62776E-2 4.39424E-2 4.39424E-2 3.33008E-2 3.42469E-2 3.64897E-2 2.26535E-2 2.22177E-2 1.53025E-2 3.94776E-2 7.06987E-2 9.20456E-2 9.48783E-2 9.5874E-2 9.30102E-2 9.5874E-2 9.36827E-2 9.22707E-2 9.02198E-2 8.88356E-2 9.09907E-2 9.4027E-2 9.2419E-2 9.53336E-2 9.72833E-2 9.82356E-2 9.69495E-2 8.65764E-2 5.13306E-2 2.54898E-2 3.55507E-2 2.15564E-2 2.21749E-2 2.35155E-2 3.12684E-2 4.47122E-2 2.41487E-2 8.31365E-2 7.28815E-2 1.4305E-1
1.31459E-1 8.9951E-2 1.00332E-1 1.32585E-1 1.27267E-1 1.26231E-1 1.18865E-1 1.29748E-1 1.44192E-1 1.40684E-1 1.29207E-1 1.05618E-1 1.13389E-1 1.24649E-1 1.23264E-1 1.21019E-1 1.17602E-1 1.16365E-1 1.16164E-1 1.14166E-1 1.14297E-1 1.14263E-1 1.11241E-1 9.8203E-2 1.0161E-1 1.02272E-1 1.1098E-1 1.167E-1 9.29644E-2 7.69336E-2 7.05245E-2 6.52841E-2 4.8528E-2 2.60388E-2 4.47924E-2 4.1079E-2 4.39424E-2 4.12911E-2 1.16941E-2 3.359E-2 5.41752E-2 8.42687E-2 9.52492E-2 9.52933E-2 9.7283E-2 9.75089E-2 9.53643E-2 9.28746E-2 9.43519E-2 9.33848E-2 9.46664E-2 9.49542E-2 9.51768E-2 9.81402E-2 9.43919E-2 8.81533E-2 7.71383E-2 4.62895E-2 2.03629E-2 2.32379E-2 3.13181E-2 2.97165E-2 4.53869E-2 5.36048E-2 4.10318E-2 6.00741E-2 8.93128E-2 9.10721E-2 1.15658E-1 1.3521E-1
1.60524E-1 1.74887E-1 1.64415E-1 1.70183E-1 1.57114E-1 1.65534E-1 1.54167E-1 1.63162E-1 1.50549E-1 1.40727E-1 1.42583E-1 1.32603E-1 1.2023E-1 1.3248E-1 1.30282E-1 1.26719E-1 1.26602E-1 1.22931E-1 1.21514E-1 1.21168E-1 1.2003E-1 1.2003E-1 1.23812E-1 1.24399E-1 1.24442E-1 1.27765E-1 1.31291E-1 1.31421E-1 1.23471E-1 1.14916E-1 1.01351E-1 8.82303E-2 6.66943E-2 3.73135E-2 3.16534E-2 6.149E-2 6.14074E-2 4.71685E-2 4.62776E-2 3.26676E-2 5.59078E-2 7.73349E-2 9.15501E-2 9.36218E-2 9.45043E-2 9.3332E-2 9.58878E-2 9.56012E-2 9.58878E-2 9.51768E-2 9.34935E-2 9.17929E-2 7.98862E-2 7.22862E-2 7.21825E-2 4.67215E-2 2.70386E-2 2.41174E-2 1.8795E-2 2.71588E-2 4.24222E-2 4.56642E-2 3.82661E-2 6.32827E-2 3.34182E-2 4.76564E-2 8.89396E-2 6.07416E-2 6.65375E-2 9.76704E-2
1.61591E-1 1.78061E-1 1.54857E-1 1.73249E-1 1.86006E-1 1.78906E-1 1.71273E-1 1.70455E-1 1.71571E-1 1.65605E-1 1.46862E-1 1.52691E-1 1.35811E-1 1.42224E-1 1.35076E-1 1.32638E-1 1.30138E-1 1.29946E-1 1.26408E-1 1.25789E-1 1.25789E-1 1.27714E-1 1.27212E-1 1.29586E-1 1.31988E-1 1.34418E-1 1.39877E-1 1.39063E-1 1.41205E-1 1.25837E-1 1.35327E-1 1.23685E-1 6.62296E-2 4.6868E-2 3.05574E-2 6.26655E-2 7.49417E-2 6.94897E-2 5.26735E-2 6.59031E-2 4.86981E-2 4.77777E-2 7.42783E-2 7.95914E-2 7.88343E-2 8.08811E-2 8.609E-2 9.13334E-2 8.76157E-2 8.24151E-2 7.85723E-2 7.23312E-2 6.41261E-2 4.1079E-2 2.71778E-2 2.79586E-2 3.31721E-2 2.24002E-2 2.93901E-2 2.31907E-2 4.44559E-2 3.90738E-2 4.81485E-2 6.01111E-2 4.65817E-2 2.8628E-2 9.02218E-2 1.12023E-1 1.07877E-1 1.38456E-1
1.70571E-1 1.82862E-1 1.8972E-1 1.92246E-1 1.87148E-1 1.80886E-1 1.76066E-1 1.70399E-1 1.76986E-1 1.72637E-1 1.65852E-1 1.52603E-1 1.38199E-1 1.31097E-1 1.37528E-1 1.38286E-1 1.37493E-1 1.34947E-1 1.32339E-1 1.30869E-1 1.3052E-1 1.30092E-1 1.32497E-1 1.34418E-1 1.3628E-1 1.38761E-1 1.42533E-1 1.48253E-1 1.48253E-1 1.53504E-1 1.53504E-1 1.45985E-1 1.12077E-1 6.36553E-2 6.25116E-2 4.17236E-2 6.50146E-2 7.68899E-2 8.20721E-2 7.21215E-2 8.15688E-2 6.38292E-2 5.10546E-2 4.05379E-2 3.87268E-2 5.86516E-2 8.59925E-2 7.35751E-2 6.53716E-2 6.69204E-2 5.85487E-2 4.43659E-2 3.42728E-2 3.80001E-2 4.13076E-2 3.73135E-2 3.08425E-2 4.13432E-2 3.75086E-2 2.43166E-2 4.5259E-2 6.63621E-2 8.132E-2 5.61039E-2 5.17422E-2 4.06451E-2 7.47361E-2 1.233E-1 1.15992E-1 1.73249E-1
1.76782E-1 1.83322E-1 -9999 -9999 -9999 -9999 -9999 1.77498E-1 1.71273E-1 1.79761E-1 1.73175E-1 1.5539E-1 8.76454E-2 1.00272E-1 1.21877E-1 1.30199E-1 1.37069E-1 1.40412E-1 1.373E-1 1.37493E-1 1.37206E-1 1.34491E-1 1.36588E-1 1.39063E-1 1.41565E-1 1.44444E-1 1.46999E-1 1.49231E-1 1.53504E-1 1.5822E-1 1.54472E-1 1.37181E-1 8.58619E-2 6.79352E-2 5.77901E-2 7.12149E-2 7.51107E-2 7.82904E-2 8.35983E-2 8.85318E-2 9.05701E-2 9.06821E-2 9.32359E-2 9.15093E-2 9.2371E-2 9.68152E-2 9.55509E-2 9.01609E-2 7.73614E-2 6.1853E-2 5.28538E-2 5.17958E-2 5.12042E-2 4.5001E-2 3.59049E-2 4.13496E-2 5.90359E-2 6.19451E-2 4.5313E-2 6.79352E-2 3.02477E-2 9.71556E-2 6.60846E-2 6.01111E-2 7.58749E-2 7.38876E-2 9.20948E-2 1.14279E-1 1.442E-1 1.71067E-1
-9999 -9999 1.96125E-1 -9999 -9999 -9999 -9999 -9999 1.76066E-1 1.74703E-1 1.78206E-1 1.54167E-1 6.07256E-2 4.6864E-2 7.74705E-2 7.78303E-2 1.13209E-1 1.21237E-1 1.30334E-1 1.35152E-1 1.38781E-1 1.39187E-1 1.35526E-1 1.39473E-1 1.40412E-1 1.43182E-1 1.43182E-1 1.46914E-1 1.41943E-1 1.32456E-1 1.18513E-1 9.58744E-2 6.43645E-2 6.69499E-2 6.18329E-2 5.7445E-2 6.18329E-2 7.03932E-2 7.71704E-2 7.44558E-2 7.71704E-2 8.11421E-2 7.51107E-2 7.56822E-2 8.79729E-2 9.23929E-2 9.55677E-2 9.68152E-2 9.12554E-2 8.19107E-2 6.92105E-2 5.32911E-2 4.83112E-2 4.36117E-2 5.18087E-2 5.49919E-2 5.42458E-2 6.29082E-2 8.12781E-2 4.30602E-2 9.79951E-2 8.132E-2 8.94034E-2 6.01206E-2 9.00417E-2 9.79229E-2 1.01957E-1 1.19673E-1 1.5276E-1 1.94873E-1
1.77433E-1 1.90812E-1 -9999 -9999 -9999 -9999 -9999 -9999 1.84209E-1 1.89201E-1 1.82511E-1 1.44695E-1 4.51139E-2 7.53496E-2 7.70391E-2 6.31532E-2 8.14905E-2 8.24394E-2 9.96878E-2 1.20846E-1 1.31466E-1 1.26623E-1 1.09363E-1 1.19821E-1 1.2967E-1 1.27707E-1 1.23333E-1 1.21603E-1 9.79951E-2 7.08165E-2 6.29343E-2 6.81359E-2 8.99546E-2 1.04285E-1 9.96878E-2 9.75089E-2 9.61279E-2 1.04869E-1 1.23086E-1 1.03095E-1 7.84718E-2 8.13374E-2 9.34026E-2 9.58744E-2 9.06029E-2 9.28423E-2 9.49371E-2 1.00013E-1 9.48505E-2 8.66206E-2 7.63403E-2 6.26655E-2 5.10767E-2 4.61041E-2 4.95184E-2 6.17846E-2 6.79352E-2 5.88312E-2 9.98665E-2 1.06326E-1 1.31511E-1 6.74706E-2 1.08945E-1 8.21759E-2 1.40212E-1 8.7788E-2 1.16985E-1 1.46E-1 1.62288E-1 2.01607E-1
-9999 -9999 -9999 -9999 -9999 -9999 -9999 -9999 -9999 1.90685E-1 1.85763E-1 1.62119E-1 6.61234E-2 1.08881E-1 1.03791E-1 1.18603E-1 1.19036E-1 1.12538E-1 1.14968E-1 1.15107E-1 1.16139E-1 9.75089E-2 9.66788E-2 1.20846E-1 1.09088E-1 8.42097E-2 8.27346E-2 6.21577E-2 5.95929E-2 9.36933E-2 1.19102E-1 9.83435E-2 8.49378E-2 1.15107E-1 9.61279E-2 9.38973E-2 1.1474E-1 1.26267E-1 1.3524E-1 1.60304E-1 1.5539E-1 1.4927E-1 1.34852E-1 1.20012E-1 1.10308E-1 1.07485E-1 1.04714E-1 1.01946E-1 9.84171E-2 8.87726E-2 7.29835E-2 6.37746E-2 6.68158E-2 6.68158E-2 6.61302E-2 7.71499E-2 9.6184E-2 1.22339E-1 1.3149E-1 1.3757E-1 1.54286E-1 1.48783E-1 1.46607E-1 1.68956E-1 1.99286E-1 1.47844E-1 1.33964E-1 1.72036E-1 1.92146E-1 2.08238E-1
-9999 -9999 -9999 -9999 -9999 -9999 -9999 -9999 1.86212E-1 1.85988E-1 1.90016E-1 1.51507E-1 1.14247E-1 1.41134E-1 1.39726E-1 1.06254E-1 1.29374E-1 1.4321E-1 1.38377E-1 1.4393E-1 1.42711E-1 1.37211E-1 1.38459E-1 1.39642E-1 1.30995E-1 1.2545E-1 1.29322E-1 1.18098E-1 1.15107E-1 1.16139E-1 1.34331E-1 1.22056E-1 1.24122E-1 1.51747E-1 1.43378E-1 1.51324E-1 1.6191E-1 1.59056E-1 1.67122E-1 1.81906E-1 1.48783E-1 1.41626E-1 1.55543E-1 1.51789E-1 1.49314E-1 1.45413E-1 1.33746E-1 1.27756E-1 1.19591E-1 1.14603E-1 1.0552E-1 1.03663E-1 9.01307E-2 6.98927E-2 6.37979E-2 1.06558E-1 1.31325E-1 1.40831E-1 1.49111E-1 1.62194E-1 1.76934E-1 1.78368E-1 1.62844E-1 2.10599E-1 2.21802E-1 1.67147E-1 1.3521E-1 2.10146E-1 2.11746E-1 2.08813E-1
-9999 -9999 -9999 -9999 -9999 -9999 -9999 -9999 -9999 1.85988E-1 1.88501E-1 1.56553E-1 1.67042E-1 1.57796E-1 1.56662E-1 1.41626E-1 1.51606E-1 1.51028E-1 1.46385E-1 1.47894E-1 1.51279E-1 1.50094E-1 1.48706E-1 1.49989E-1 1.48706E-1 1.4393E-1 1.4393E-1 1.45155E-1 1.39642E-1 1.44359E-1 1.50593E-1 1.49314E-1 1.57402E-1 1.61682E-1 1.71355E-1 1.75769E-1 1.84032E-1 1.91488E-1 1.95935E-1 1.95406E-1 1.86599E-1 1.75135E-1 1.73765E-1 1.735E-1 1.69723E-1 1.60859E-1 1.54686E-1 1.43574E-1 1.30334E-1 1.24468E-1 1.1664E-1 1.01943E-1 9.06029E-2 1.08345E-1 1.24195E-1 1.26368E-1 1.27153E-1 1.51606E-1 1.59059E-1 1.72118E-1 1.87089E-1 1.8856E-1 1.99207E-1 2.23064E-1 2.40248E-1 2.24586E-1 1.5918E-1 2.05332E-1 2.25662E-1 2.27199E-1
-9999 -9999 -9999 -9999 -9999 -9999 -9999 -9999 -9999 1.83264E-1 1.83322E-1 1.78596E-1 1.71387E-1 1.68608E-1 1.56662E-1 1.46409E-1 1.50498E-1 1.56906E-1 1.51329E-1 1.53876E-1 1.4984E-1 1.4984E-1 1.488E-1 1.4984E-1 1.50012E-1 1.50094E-1 1.50086E-1 1.49803E-1 1.52095E-1 1.54981E-1 1.46799E-1 1.54408E-1 1.59751E-1 1.61067E-1 1.71513E-1 1.76254E-1 1.85636E-1 2.00571E-1 2.03621E-1 1.95169E-1 1.87684E-1 1.80353E-1 1.74403E-1 1.77568E-1 1.7728E-1 1.68608E-1 1.61817E-1 1.43226E-1 1.22282E-1 1.24915E-1 1.24915E-1 1.24195E-1 1.29079E-1 1.27756E-1 1.2447E-1 1.28178E-1 1.45413E-1 1.59535E-1 1.68353E-1 1.58357E-1 1.84873E-1 2.01243E-1 2.09872E-1 2.34874E-1 2.38586E-1 2.5229E-1 2.20529E-1 2.3413E-1 2.3718E-1 2.32712E-1
-9999 -9999 -9999 -9999 -9999 -9999 -9999 -9999 -9999 -9999 1.74419E-1 1.73412E-1 1.71387E-1 1.68363E-1 1.60206E-1 1.61168E-1 1.5822E-1 1.5536E-1 1.535E-1 1.52185E-1 1.50873E-1 1.49231E-1 1.45081E-1 1.47656E-1 1.48805E-1 1.50012E-1 1.47522E-1 1.50086E-1 1.52574E-1 1.56146E-1 1.5482E-1 1.5554E-1 1.57505E-1 1.60926E-1 1.63951E-1 1.71843E-1 1.7912E-1 1.87855E-1 1.95169E-1 1.92174E-1 1.84537E-1 1.72295E-1 1.6361E-1 1.73712E-1 1.74403E-1 1.73175E-1 1.54835E-1 1.45576E-1 1.30782E-1 1.26623E-1 1.01339E-1 1.11281E-1 1.28178E-1 1.28563E-1 1.39642E-1 1.49111E-1 1.59535E-1 1.67377E-1 1.70442E-1 1.813E-1 1.97221E-1 2.06119E-1 2.09513E-1 2.34456E-1 2.40219E-1 2.52401E-1 2.58961E-1 2.34967E-1 2.50815E-1 2.49034E-1
-9999 -9999 -9999 -9999 -9999 -9999 -9999 -9999 -9999 -9999 -9999 1.67373E-1 1.65331E-1 1.66638E-1 1.57505E-1 1.57146E-1 1.54822E-1 1.51819E-1 1.51819E-1 1.52179E-1 1.47893E-1 1.45644E-1 1.46365E-1 1.46999E-1 1.45981E-1 1.46246E-1 1.488E-1 1.4872E-1 1.50012E-1 1.50086E-1 1.535E-1 1.52703E-1 1.50849E-1 1.55804E-1 1.57504E-1 1.63488E-1 1.7123E-1 1.72709E-1 1.71863E-1 1.68754E-1 1.67357E-1 1.65302E-1 1.64299E-1 1.68754E-1 1.63492E-1 1.60211E-1 1.5554E-1 1.5088E-1 1.45723E-1 1.38363E-1 1.31097E-1 1.41499E-1 1.42711E-1 1.39642E-1 1.48864E-1 1.56417E-1 1.65869E-1 1.69752E-1 1.74588E-1 1.81906E-1 1.91955E-1 2.03504E-1 2.21802E-1 2.26273E-1 2.3533E-1 2.53802E-1 2.54593E-1 2.52702E-1 2.45046E-1 2.53617E-1
-9999 -9999 -9999 -9999 -9999 -9999 -9999 -9999 -9999 -9999 -9999 -9999 -9999 -9999 1.5616E-1 1.56426E-1 -9999 -9999 1.51107E-1 1.49538E-1 1.45644E-1 1.45644E-1 1.4489E-1 1.46649E-1 1.47261E-1 1.4441E-1 1.46212E-1 1.44094E-1 1.47937E-1 1.4872E-1 1.4958E-1 1.49567E-1 1.48954E-1 1.50504E-1 1.51819E-1 1.56164E-1 1.56699E-1 1.61848E-1 1.60483E-1 1.67072E-1 1.65663E-1 1.6322E-1 1.63492E-1 1.60483E-1 1.58044E-1 1.54029E-1 1.48253E-1 1.46999E-1 1.42387E-1 1.41226E-1 1.45723E-1 1.47522E-1 1.52691E-1 1.45155E-1 1.49771E-1 1.59535E-1 1.64279E-1 1.64219E-1 1.74252E-1 1.87089E-1 1.97428E-1 2.03252E-1 2.12892E-1 -9999 -9999 2.21472E-1 2.33737E-1 2.48854E-1 2.52784E-1 2.59003E-1
-9999 -9999 -9999 -9999 -9999 -9999 -9999 -9999 -9999 -9999 -9999 -9999 -9999 -9999 -9999 -9999 -9999 -9999 -9999 -9999 1.4333E-1 -9999 -9999 1.45081E-1 1.43803E-1 1.43803E-1 1.41872E-1 1.41131E-1 1.44932E-1 -9999 1.45368E-1 1.44708E-1 1.44708E-1 1.47656E-1 1.46958E-1 1.48253E-1 1.47468E-1 1.48767E-1 1.55361E-1 1.56164E-1 1.57505E-1 1.57479E-1 1.5616E-1 1.52167E-1 1.50072E-1 1.46958E-1 1.44932E-1 1.40661E-1 1.40927E-1 1.41565E-1 1.43658E-1 1.46649E-1 1.51838E-1 1.52446E-1 1.59816E-1 1.62527E-1 1.67232E-1 1.71099E-1 1.78206E-1 1.80417E-1 1.90135E-1 -9999 -9999 -9999 -9999 -9999 2.11467E-1 2.42706E-1 2.5905E-1 2.65602E-1
-9999 -9999 -9999 -9999 -9999 -9999 -9999 -9999 -9999 -9999 -9999 -9999 -9999 -9999 -9999 -9999 -9999 -9999 -9999 -9999 -9999 -9999 -9999 -9999 -9999 -9999 -9999 -9999 -9999 -9999 -9999 1.43176E-1 1.41565E-1 1.43658E-1 1.41872E-1 1.41872E-1 1.41872E-1 1.41872E-1 1.46365E-1 1.50072E-1 1.48767E-1 -9999 -9999 1.46175E-1 1.4567E-1 1.40612E-1 1.35979E-1 -9999 -9999 -9999 -9999 -9999 1.52614E-1 -9999 -9999 -9999 -9999 -9999 -9999 -9999 -9999 -9999 -9999 -9999 -9999 -9999 2.25513E-1 2.5572E-1 2.68379E-1 2.81069E-1
-9999 -9999 -9999 -9999 -9999 -9999 -9999 -9999 -9999 -9999 -9999 -9999 -9999 -9999 -9999 -9999 -9999 -9999 -9999 -9999 -9999 -9999 -9999 -9999 -9999 -9999 -9999 -9999 -9999 -9999 -9999 -9999 -9999 -9999 1.40311E-1 -9999 1.35711E-1 -9999 -9999 -9999 -9999 -9999 -9999 -9999 -9999 -9999 -9999 -9999 -9999 -9999 -9999 -9999 -9999 -9999 -9999 -9999 -9999 -9999 -9999 -9999 -9999 -9999 -9999 -9999 -9999 -9999 2.55069E-1 2.70591E-1 2.85533E-1 2.90776E-1
-9999 -9999 -9999 -9999 -9999 -9999 -9999 -9999 -9999 -9999 -9999 -9999 -9999 -9999 -9999 -9999 -9999 -9999 -9999 -9999 -9999 -9999 -9999 -9999 -9999 -9999 -9999 -9999 -9999 -9999 -9999 -9999 -9999 -9999 -9999 -9999 -9999 -9999 -9999 -9999 -9999 -9999 -9999 -9999 -9999 -9999 -9999 -9999 -9999 -9999 -9999 -9999 -9999 -9999 -9999 -9999 -9999 -9999 -9999 -9999 -9999 -9999 -9999 -9999 -9999 -9999 2.75092E-1 2.94003E-1 2.92307E-1 3.0223E-1
-9999 -9999 -9999 -9999 -9999 -9999 -9999 -9999 -9999 -9999 -9999 -9999 -9999 -9999 -9999 -9999 -9999 -9999 -9999 -9999 -9999 -9999 -9999 -9999 -9999 -9999 -9999 -9999 -9999 -9999 -9999 -9999 -9999 -9999 -9999 -9999 -9999 -9999 -9999 -9999 -9999 -9999 -9999 -9999 -9999 -9999 -9999 -9999 -9999 -9999 -9999 -9999 -9999 -9999 -9999 -9999 -9999 -9999 -9999 -9999 -9999 -9999 -9999 -9999 -9999 -9999 -9999 -9999 -9999 -9999
-9999 -9999 -9999 -9999 -9999 -9999 -9999 -9999 -9999 -9999 -9999 -9999 -9999 -9999 -9999 -9999 -9999 -9999 -9999 -9999 -9999 -9999 -9999 -9999 -9999 -9999 -9999 -9999 -9999 -9999 -9999 -9999 -9999 -9999 -9999 -9999 -9999 -9999 -9999 -9999 -9999 -9999 -9999 -9999 -9999 -9999 -9999 -9999 -9999 -9999 -9999 -9999 -9999 -9999 -9999 -9999 -9999 -9999 -9999 -9999 -9999 -9999 -9999 -9999 -9999 -9999 -9999 -9999 -9999 2.87577E-1
-9999 -9999 -9999 -9999 -9999 -9999 -9999 -9999 -9999 -9999 -9999 -9999 -9999 -9999 -9999 -9999 -9999 -9999 -9999 -9999 -9999 -9999 -9999 -9999 -9999 -9999 -9999 -9999 -9999 -9999 -9999 -9999 -9999 -9999 -9999 -9999 -9999 -9999 -9999 -9999 -9999 -9999 -9999 -9999 -9999 -9999 -9999 -9999 -9999 -9999 -9999 -9999 -9999 -9999 -9999 -9999 -9999 -9999 -9999 -9999 -9999 -9999 -9999 -9999 -9999 -9999 -9999 -9999 -9999 -9999
