KUENM/Final_Models/M_0.1_F_lq_Set_2_NE/sp1_stddev.asc
ncols         197
nrows         210
xllcorner     56.1666666666667
yllcorner     4.5
cellsize      0.166666666666667
NODATA_value  -9999
[rows 28 to 55 of 210, columns 65 to 129 of 197]
5.65129E-7 3.25447E-7 1.46027E-7 2.75598E-7 7.24009E-7 1.5353E-6 4.7913E-7 3.23494E-7 1.78074E-6 3.61038E-6 1.55823E-6 4.34518E-7 1.14502E-3 2.22442E-3 6.10842E-4 8.97715E-3 8.16247E-3 1.69374E-3 2.61902E-2 3.51496E-2 1.3878E-2 3.14102E-4 8.49887E-4 2.66233E-2 5.2679E-2 1.58037E-2 6.16523E-2 5.71806E-2 4.96085E-2 1.28368E-2 2.26612E-2 1.91604E-2 4.54251E-3 5.55612E-4 2.88658E-3 2.50687E-3 5.56541E-4 4.37296E-5 1.22918E-5 5.36231E-5 4.84176E-7 4.63327E-6 3.78058E-5 4.37109E-5 3.88948E-5 7.47429E-6 4.02794E-6 6.33847E-7 1.89448E-7 3.83634E-8 8.08638E-9 3.01261E-9 5.69127E-9 7.48997E-10 1.33652E-8 1.51874E-7 4.01817E-10 7.72703E-11 6.48225E-11 2.21613E-9 3.84516E-9 4.41832E-9 3.13778E-10 6.61186E-9 1.55753E-12
8.64187E-8 9.77615E-8 1.6385E-7 8.44771E-8 1.21714E-7 5.79529E-8 2.40103E-7 7.06795E-7 2.36185E-7 2.27014E-7 7.48578E-7 1.53454E-5 6.99384E-4 1.292E-3 1.296E-3 6.64943E-3 1.92189E-2 2.72579E-2 3.65572E-2 3.79124E-2 4.47043E-2 4.79034E-2 5.71908E-2 5.81875E-2 2.97353E-2 7.39573E-2 7.84907E-2 5.62581E-2 6.54652E-2 6.98077E-2 6.61162E-2 1.43285E-2 1.6007E-2 4.2361E-3 4.46756E-3 1.98128E-4 4.01519E-4 3.48227E-4 3.10787E-4 3.51646E-5 2.19315E-5 2.03185E-4 9.27049E-5 6.52167E-4 1.99408E-4 5.43736E-6 3.29874E-6 2.8857E-6 1.15134E-6 9.88448E-8 3.50443E-9 5.9599E-9 6.32345E-9 3.06778E-8 3.03714E-7 4.5804E-8 9.65548E-8 5.16558E-8 9.7504E-11 2.72403E-11 3.17342E-11 1.16098E-10 1.56956E-8 2.18764E-7 9.90397E-11
4.23599E-7 1.95623E-7 4.38003E-7 6.78855E-7 1.40014E-6 1.69078E-6 1.00936E-6 1.20579E-6 1.03494E-6 6.06479E-6 4.75455E-5 7.89242E-5 4.12103E-4 6.45009E-4 4.87409E-4 7.4443E-4 5.27909E-3 1.40462E-2 3.43376E-2 3.87933E-2 3.08862E-2 3.51482E-2 4.37134E-2 5.48596E-2 6.55731E-2 6.9557E-2 7.54158E-2 7.9236E-2 6.9143E-2 6.64121E-2 6.90365E-2 6.71733E-2 4.20373E-2 2.6573E-2 7.94719E-3 9.97336E-4 1.72479E-4 3.48515E-5 1.31781E-4 7.63113E-4 1.88398E-3 4.40731E-5 3.31017E-4 5.11273E-3 1.64401E-3 2.08383E-3 3.31625E-5 5.12117E-7 1.76511E-7 6.81948E-8 7.08042E-9 2.17459E-8 4.28022E-8 3.3451E-8 4.54047E-8 5.18134E-8 3.63909E-8 7.27543E-8 1.02154E-7 1.20766E-9 7.25065E-11 1.65745E-11 3.88708E-11 6.83204E-11 1.88348E-8
3.31973E-7 9.16456E-7 1.05584E-6 3.5867E-7 3.54764E-7 1.34168E-6 2.22441E-6 5.91119E-6 5.93353E-6 9.14379E-6 2.4855E-5 7.81157E-5 3.84742E-4 3.03538E-4 2.47489E-5 2.96313E-5 1.18584E-3 5.40844E-3 2.95332E-2 4.61911E-2 4.38729E-2 3.93932E-2 4.06859E-2 4.5711E-2 5.26462E-2 6.05559E-2 6.10453E-2 5.67986E-2 5.81714E-2 5.97789E-2 6.00407E-2 6.15332E-2 6.88814E-2 5.71403E-2 1.23539E-2 1.03451E-2 5.82735E-4 2.70718E-4 2.63608E-4 5.05833E-3 8.71746E-4 4.79303E-5 1.04628E-5 9.25594E-4 6.45367E-3 8.76001E-3 1.63366E-3 7.79798E-5 2.74135E-6 7.17661E-7 9.16036E-8 9.37329E-9 1.05377E-9 3.14089E-8 4.81623E-9 2.1647E-9 1.69012E-9 4.08003E-9 1.32115E-8 5.07181E-8 5.72818E-8 1.4952E-7 4.99941E-9 8.12252E-10 3.42509E-10
1.06313E-6 1.97162E-6 5.02654E-7 4.37064E-7 4.5332E-7 1.3816E-6 2.85441E-6 3.16184E-6 1.11623E-5 3.29955E-5 8.22521E-5 1.71327E-4 3.53541E-4 1.91766E-4 4.08981E-6 2.23232E-5 1.87831E-5 1.49981E-6 2.41417E-5 1.44501E-3 1.02743E-2 3.45276E-2 5.60372E-2 5.63692E-2 6.22015E-2 6.82333E-2 5.49093E-2 5.6239E-2 5.65285E-2 5.73384E-2 5.81423E-2 6.00179E-2 5.93618E-2 5.98323E-2 6.3426E-2 5.70222E-2 3.43517E-3 1.02538E-3 1.99198E-4 1.96724E-2 6.05582E-3 9.8831E-4 9.88424E-4 5.00705E-5 3.54767E-4 5.66117E-3 8.18603E-3 1.7429E-3 1.07192E-5 1.74205E-6 2.57151E-7 6.87114E-8 1.89871E-9 2.22251E-8 2.0286E-10 4.82353E-10 2.50702E-10 1.45059E-10 7.27167E-11 3.08722E-9 1.01572E-9 4.20743E-8 3.09098E-8 8.8556E-7 1.15244E-8
3.24321E-6 1.65002E-6 3.87333E-7 2.87969E-7 2.44602E-7 9.52846E-7 1.10261E-6 1.86674E-6 7.48259E-6 2.17152E-5 5.95825E-5 2.19854E-4 2.50032E-4 6.78019E-5 8.93393E-6 7.40709E-5 4.28615E-4 2.283E-3 4.05992E-3 2.58841E-4 3.93805E-5 1.66388E-4 3.00764E-3 2.35336E-2 5.75964E-2 6.93321E-2 5.59679E-2 5.63725E-2 5.73312E-2 6.8669E-2 6.87924E-2 5.87544E-2 5.74206E-2 6.06649E-2 6.71192E-2 5.82635E-2 8.66386E-3 6.21536E-3 4.51938E-3 3.22172E-2 2.90457E-2 2.61439E-3 1.3077E-3 5.10271E-5 9.12953E-7 9.15809E-5 2.34E-3 8.8106E-3 2.33329E-3 9.08837E-5 5.55686E-7 7.63257E-7 2.75551E-8 2.65647E-9 1.31284E-9 3.85521E-10 3.13129E-10 4.17052E-10 1.2487E-9 4.62856E-9 2.68771E-8 5.74125E-8 1.89548E-9 1.48511E-9 3.59431E-7
7.18937E-7 1.89488E-7 5.53009E-7 1.41445E-7 5.31557E-7 9.07065E-7 1.12187E-6 1.06504E-5 2.82255E-5 2.65456E-5 2.01795E-5 7.02456E-5 3.93615E-5 3.57983E-5 9.97351E-5 1.48E-4 2.08056E-3 5.38983E-3 1.99127E-2 3.58093E-2 2.00181E-2 4.31395E-3 7.51786E-3 1.15739E-2 4.57226E-2 6.90196E-2 7.3332E-2 6.22954E-2 7.58847E-2 7.13228E-2 5.88812E-2 5.91987E-2 5.89266E-2 6.15662E-2 6.56167E-2 5.37024E-2 2.689E-2 2.42156E-2 2.89476E-2 4.59931E-2 2.89822E-2 5.11436E-2 4.75716E-2 6.51336E-3 3.75085E-6 1.32808E-6 1.04481E-4 2.50609E-3 1.00212E-2 3.06052E-3 1.13167E-5 3.2403E-6 1.24138E-6 1.70016E-7 1.16793E-9 1.65463E-10 1.65056E-9 1.02915E-9 2.52483E-9 2.43175E-8 1.98029E-10 2.87285E-9 5.47961E-10 8.20262E-11 1.4153E-8
3.11168E-7 1.24486E-6 4.42759E-7 1.05039E-7 9.23811E-7 1.25521E-6 3.39208E-6 1.4606E-5 7.03436E-5 5.23671E-5 3.98469E-5 5.00281E-5 1.20473E-4 1.63607E-4 6.76107E-5 5.18897E-5 2.38379E-3 2.28088E-2 3.82475E-2 5.38548E-2 4.91003E-2 2.84588E-2 4.65421E-2 5.65633E-2 7.66632E-2 6.59219E-2 5.83947E-2 6.07144E-2 6.13393E-2 5.6015E-2 5.64573E-2 5.97373E-2 6.26189E-2 6.37099E-2 6.56483E-2 6.22743E-2 4.84566E-2 4.4161E-2 3.75669E-2 3.83938E-2 4.98008E-2 6.1749E-2 6.40122E-2 2.3517E-2 2.17605E-4 5.7469E-7 3.21646E-6 7.69207E-5 3.40467E-4 3.62852E-4 1.98619E-5 3.51707E-6 2.59002E-5 9.30261E-7 2.161E-8 2.88962E-9 6.79789E-10 7.09237E-10 8.50685E-9 3.76721E-8 3.78031E-9 3.23316E-10 1.78113E-9 1.12567E-10 7.49904E-10
1.53909E-6 7.90327E-7 9.91252E-7 3.72595E-7 7.61713E-7 6.00945E-7 6.7594E-6 4.6661E-5 1.27077E-4 1.52758E-4 1.11853E-4 2.30688E-4 2.5596E-4 4.69847E-5 3.53658E-4 6.29931E-4 1.0155E-2 3.38631E-2 4.91365E-2 5.46435E-2 5.7609E-2 6.02881E-2 6.73524E-2 7.56065E-2 7.23767E-2 5.81714E-2 5.45588E-2 5.48253E-2 5.5508E-2 5.53588E-2 5.58895E-2 5.78127E-2 5.88006E-2 6.22793E-2 6.31021E-2 6.06916E-2 6.18026E-2 6.028E-2 5.66384E-2 4.65626E-2 3.59352E-2 4.49803E-2 6.52109E-2 5.47317E-2 1.90786E-2 9.10413E-5 2.75509E-4 2.39498E-5 1.06569E-5 6.44446E-5 6.53629E-6 9.18464E-5 5.54039E-4 7.62008E-5 3.68942E-7 4.41339E-7 1.0644E-7 4.39771E-10 4.46419E-10 3.06524E-8 3.77707E-10 2.03336E-9 6.86804E-10 7.02493E-10 4.0182E-10
9.08626E-7 6.55283E-7 2.2505E-6 2.08104E-6 2.62349E-6 1.35936E-5 5.00412E-5 1.03028E-4 1.47536E-4 1.34285E-4 2.00952E-4 2.32888E-4 8.37362E-5 3.39508E-5 3.90643E-4 3.20475E-3 1.88586E-2 3.21492E-2 3.8655E-2 5.70748E-2 5.50718E-2 5.33535E-2 6.30942E-2 6.01205E-2 5.83427E-2 5.79372E-2 5.71763E-2 5.62091E-2 5.53985E-2 5.59996E-2 5.59528E-2 5.57606E-2 5.67926E-2 5.66993E-2 5.49198E-2 5.76281E-2 6.04023E-2 5.99046E-2 5.82625E-2 5.43093E-2 3.90763E-2 3.73154E-2 5.90956E-2 6.00042E-2 5.58574E-2 2.77186E-2 9.83969E-3 1.17162E-3 1.07513E-3 6.09943E-4 4.3744E-5 3.32215E-5 2.82275E-4 2.9527E-5 1.04875E-5 7.56713E-6 3.72891E-8 7.52702E-9 3.47497E-10 1.38423E-9 4.66275E-9 3.96487E-9 5.90114E-9 2.87582E-9 1.96616E-9
1.36155E-6 2.06546E-6 7.62275E-6 6.03766E-6 1.31866E-5 4.02446E-5 8.3831E-5 1.11353E-4 7.60228E-5 7.06875E-5 1.78047E-4 1.54427E-4 6.39063E-5 1.21465E-4 3.19544E-4 1.18384E-3 5.19296E-3 2.71368E-2 5.20908E-2 5.4601E-2 5.27175E-2 5.69597E-2 5.77041E-2 5.82107E-2 5.65372E-2 6.78554E-2 6.81243E-2 5.70064E-2 5.54997E-2 5.55268E-2 5.53155E-2 5.57247E-2 5.56951E-2 5.57965E-2 5.60476E-2 5.83094E-2 5.85067E-2 5.69361E-2 5.45881E-2 5.75285E-2 5.44478E-2 4.50936E-2 4.99082E-2 4.81665E-2 3.41915E-2 2.48166E-2 4.93403E-3 3.34754E-3 1.22961E-3 2.35821E-4 2.04055E-4 2.39252E-4 1.02201E-4 4.83442E-5 1.03094E-5 2.28258E-6 1.17612E-5 7.87109E-8 5.06763E-9 3.54654E-10 5.98245E-10 2.31036E-9 1.31284E-9 3.36933E-9 1.21564E-9
3.72219E-6 2.74513E-5 8.97439E-6 1.46952E-5 3.23284E-5 6.37486E-5 9.2483E-5 8.04516E-5 9.38142E-5 1.90133E-4 1.22698E-4 7.80374E-5 1.71641E-4 4.63843E-4 2.11722E-3 6.5922E-3 1.79313E-2 2.85427E-2 5.40904E-2 5.15043E-2 5.66771E-2 6.18147E-2 6.22525E-2 6.02459E-2 5.63032E-2 5.79815E-2 5.74622E-2 5.67454E-2 5.62865E-2 5.62795E-2 5.60834E-2 5.65166E-2 5.67598E-2 5.71531E-2 5.83125E-2 5.73653E-2 5.58912E-2 5.20203E-2 4.93332E-2 5.05204E-2 5.59378E-2 5.79141E-2 5.4531E-2 4.69019E-2 2.78349E-2 8.2142E-3 1.33528E-3 3.90634E-4 3.70569E-5 4.88601E-5 2.90784E-5 7.09097E-6 9.49755E-6 8.8804E-6 1.09591E-5 1.97561E-5 9.57137E-6 3.64907E-7 1.70169E-8 1.34179E-8 6.83849E-10 6.10262E-10 1.69704E-9 8.02361E-9 1.4176E-9
1.99671E-5 6.41087E-5 3.79847E-5 6.42749E-5 9.13447E-5 9.237E-5 1.21386E-4 1.44628E-4 2.04584E-4 1.85398E-4 6.65018E-5 1.75838E-4 2.26566E-4 1.00553E-3 6.45323E-4 1.24642E-3 8.86834E-4 8.82103E-3 3.79419E-2 5.47502E-2 5.59989E-2 6.26081E-2 6.29768E-2 6.18549E-2 5.86928E-2 6.03661E-2 5.91716E-2 5.8027E-2 5.66056E-2 5.67746E-2 5.64893E-2 5.75723E-2 5.89926E-2 6.16743E-2 6.18064E-2 6.02897E-2 5.85171E-2 5.17459E-2 4.6574E-2 4.39942E-2 4.65576E-2 5.04368E-2 5.53354E-2 5.79756E-2 4.65413E-2 2.30937E-2 7.20054E-3 1.3416E-3 5.19677E-5 1.63786E-6 1.42601E-5 1.9646E-6 6.05324E-7 5.18777E-8 1.47215E-8 1.20832E-6 4.65063E-6 1.08436E-6 8.95129E-7 1.04354E-8 1.01615E-8 2.70723E-8 1.27537E-9 6.83849E-10 1.60648E-9
1.59898E-4 7.09201E-5 1.29603E-4 1.13788E-4 9.45274E-5 1.49132E-4 1.83086E-4 2.02282E-4 2.135E-4 1.6787E-4 2.84175E-4 7.73798E-4 4.37172E-4 8.63001E-4 2.88516E-4 3.78897E-4 2.1064E-3 1.29616E-2 3.55281E-2 4.81523E-2 5.34191E-2 6.22205E-2 6.29154E-2 6.23157E-2 6.1548E-2 6.10986E-2 6.04603E-2 5.97699E-2 5.87108E-2 5.69627E-2 6.09492E-2 6.28739E-2 5.70484E-2 5.64912E-2 5.61697E-2 5.54997E-2 5.29459E-2 4.95038E-2 4.65469E-2 4.42338E-2 4.19197E-2 4.16942E-2 4.28722E-2 4.90424E-2 5.71407E-2 5.82258E-2 4.75828E-2 2.07009E-2 3.40197E-3 8.06812E-5 1.72366E-6 1.65736E-7 1.85725E-8 1.42158E-10 1.72065E-12 4.29233E-9 5.45861E-6 8.4755E-7 2.95666E-7 1.64721E-6 6.68335E-7 7.75803E-8 1.4107E-9 2.22075E-9 8.79839E-10
1.16504E-4 2.59113E-4 1.97909E-4 7.71781E-5 1.44608E-4 2.08757E-4 2.1817E-4 1.79571E-4 1.94864E-4 2.40151E-4 4.07169E-4 1.54268E-3 1.37636E-3 7.75934E-4 1.24281E-3 4.47583E-3 8.37444E-3 2.96368E-2 4.66468E-2 4.97359E-2 6.09954E-2 6.23926E-2 6.13312E-2 5.75041E-2 5.60301E-2 6.01591E-2 6.23843E-2 6.16609E-2 6.09247E-2 5.95021E-2 5.65733E-2 5.77365E-2 5.59261E-2 5.58605E-2 5.63291E-2 5.70551E-2 5.54808E-2 5.30246E-2 4.9931E-2 4.72474E-2 4.53116E-2 4.37897E-2 4.38981E-2 4.28099E-2 4.61133E-2 4.55765E-2 5.11033E-2 5.7332E-2 3.7343E-2 1.29687E-2 1.22201E-3 2.15096E-5 8.87196E-7 5.07151E-11 1.48313E-14 3.37911E-9 9.1123E-9 2.94703E-6 1.81711E-6 1.00337E-6 2.83805E-6 9.92841E-7 4.77104E-9 2.5231E-8 7.90466E-9
6.53298E-4 3.68904E-4 1.649E-4 2.35483E-4 2.0913E-4 1.7182E-4 1.34404E-4 1.47382E-4 1.62955E-4 1.42481E-4 2.89945E-4 1.12797E-3 4.7742E-3 4.04103E-3 8.43769E-3 2.05268E-2 2.45191E-2 3.89582E-2 4.5571E-2 5.87425E-2 6.2032E-2 6.2949E-2 6.09461E-2 5.95778E-2 5.90627E-2 6.36552E-2 6.33936E-2 6.31702E-2 6.27611E-2 6.19989E-2 6.05222E-2 5.87621E-2 5.70464E-2 5.68073E-2 5.7219E-2 5.76257E-2 5.73007E-2 5.56164E-2 5.3755E-2 5.07753E-2 4.86014E-2 4.73148E-2 4.53116E-2 4.44353E-2 4.432E-2 4.39439E-2 4.45176E-2 5.06394E-2 5.7733E-2 4.85324E-2 1.88834E-2 1.69863E-3 1.71705E-5 2.03346E-8 7.96997E-16 2.75335E-18 2.40747E-8 2.54293E-6 4.88081E-6 8.74358E-7 2.09233E-6 5.54937E-6 1.01754E-7 2.0912E-8 8.94998E-10
6.87111E-4 2.19049E-4 2.87594E-4 2.14651E-4 1.45892E-4 1.23099E-4 1.35635E-4 2.19119E-4 2.27103E-4 3.91086E-4 6.94035E-4 5.39443E-4 6.45328E-3 1.36737E-2 2.03009E-2 2.97524E-2 3.77788E-2 4.0433E-2 5.50335E-2 6.06726E-2 6.18126E-2 6.22707E-2 6.28771E-2 6.28909E-2 6.31221E-2 6.3158E-2 6.34017E-2 6.35826E-2 6.36574E-2 6.34723E-2 6.26521E-2 6.12206E-2 5.90748E-2 5.78218E-2 5.75447E-2 5.8731E-2 5.90343E-2 5.81643E-2 5.70372E-2 5.49096E-2 5.21107E-2 4.94698E-2 4.60253E-2 4.49134E-2 4.50089E-2 4.43665E-2 4.49909E-2 4.56422E-2 5.07045E-2 5.79283E-2 4.55049E-2 1.71386E-2 6.91501E-4 1.80018E-6 8.76207E-10 7.9071E-17 1.50467E-20 4.31099E-15 4.6242E-9 1.67093E-6 1.46539E-7 2.75696E-6 2.97682E-6 2.38149E-8 1.49683E-9
4.09079E-4 3.13737E-4 2.40151E-4 3.85356E-4 2.57636E-4 2.23661E-4 2.63931E-4 3.42247E-4 5.41918E-4 7.04602E-4 1.31324E-3 1.24007E-3 3.49306E-3 1.67414E-2 2.62914E-2 2.88112E-2 3.42336E-2 2.8232E-2 4.94376E-2 5.95596E-2 6.10714E-2 6.17331E-2 6.20032E-2 6.18126E-2 6.18126E-2 6.19091E-2 6.18278E-2 6.2668E-2 6.32301E-2 6.34343E-2 6.36361E-2 6.28735E-2 6.15139E-2 6.01565E-2 5.9759E-2 6.03603E-2 6.05111E-2 6.03715E-2 5.92558E-2 5.74622E-2 5.44353E-2 5.03427E-2 4.62722E-2 4.43828E-2 4.40802E-2 4.43665E-2 4.60695E-2 4.61907E-2 4.82068E-2 5.3763E-2 5.77718E-2 4.48625E-2 5.89537E-3 3.17384E-5 7.59536E-9 9.83047E-10 1.10443E-14 2.50773E-13 1.05964E-10 3.72823E-9 2.92177E-8 1.24868E-7 3.47951E-6 2.37592E-7 2.99185E-8
3.06548E-4 4.99208E-4 8.96593E-4 4.14351E-4 4.92084E-4 4.67153E-4 5.83947E-4 6.28661E-4 8.60672E-4 1.19804E-3 2.00774E-3 2.08612E-3 4.73106E-3 5.98255E-3 2.34714E-2 2.7511E-2 2.18061E-2 1.51375E-2 4.55739E-2 5.87392E-2 5.97757E-2 6.05817E-2 6.05817E-2 6.02093E-2 5.83116E-2 5.86282E-2 5.93809E-2 6.05922E-2 6.12939E-2 6.22707E-2 6.32902E-2 6.36552E-2 6.30259E-2 6.21409E-2 6.18083E-2 6.2025E-2 6.19004E-2 6.14489E-2 6.06215E-2 5.89969E-2 5.61454E-2 5.19296E-2 4.72127E-2 4.34461E-2 4.38284E-2 4.53032E-2 4.70429E-2 4.83352E-2 4.79873E-2 5.02829E-2 5.53707E-2 5.80892E-2 3.40345E-2 4.305E-4 2.1934E-8 3.46669E-8 3.31603E-7 8.64625E-9 4.36636E-9 4.62169E-7 1.51405E-7 6.28656E-7 2.91657E-7 1.50354E-6 1.04138E-7
1.2313E-3 1.11226E-3 8.409E-4 6.8203E-4 7.27682E-4 8.34175E-4 8.51732E-4 9.74821E-4 1.2099E-3 1.59317E-3 2.8073E-3 3.27773E-3 3.99605E-3 8.02891E-3 1.76559E-2 2.40643E-2 7.77849E-3 6.89068E-3 3.9148E-2 5.41598E-2 5.92448E-2 5.92466E-2 5.86202E-2 5.79599E-2 5.61306E-2 5.61306E-2 5.70489E-2 5.82482E-2 5.97757E-2 6.08313E-2 6.20948E-2 6.34969E-2 6.36552E-2 6.31366E-2 6.26082E-2 6.25566E-2 6.23556E-2 6.2126E-2 6.17512E-2 6.0395E-2 5.76474E-2 5.31116E-2 4.77602E-2 4.26546E-2 4.26371E-2 4.54772E-2 4.70802E-2 4.81213E-2 4.71687E-2 4.72082E-2 4.93625E-2 5.43113E-2 5.7067E-2 2.91517E-2 3.3898E-3 8.22794E-4 1.01431E-4 1.98335E-4 1.79149E-5 3.69601E-6 3.74936E-7 5.43088E-8 2.07984E-7 1.29976E-6 4.05849E-6
1.49494E-3 1.19512E-3 9.02174E-4 6.51309E-4 5.56253E-4 6.75109E-4 8.87455E-4 9.25394E-4 1.49926E-3 1.87111E-3 2.35303E-3 2.10651E-3 3.2667E-3 1.11835E-2 2.31518E-2 1.61185E-2 9.19824E-3 1.3104E-2 3.42328E-2 5.37329E-2 5.82944E-2 5.76076E-2 5.73723E-2 5.68284E-2 5.53612E-2 5.49595E-2 5.53612E-2 5.59701E-2 5.72652E-2 5.86202E-2 6.07706E-2 6.23064E-2 6.35984E-2 6.36124E-2 6.28204E-2 6.20083E-2 6.19019E-2 6.23068E-2 6.25566E-2 6.1644E-2 5.94146E-2 5.57244E-2 5.07887E-2 4.70646E-2 4.62698E-2 4.63509E-2 4.74047E-2 4.7105E-2 4.64817E-2 4.50294E-2 4.57134E-2 4.83222E-2 5.26583E-2 5.82317E-2 3.84802E-2 2.09292E-2 6.27562E-3 2.45844E-3 5.23689E-4 9.46012E-6 1.57885E-6 4.38099E-6 1.28755E-5 3.21713E-5 3.71482E-6
1.12071E-3 9.99311E-4 7.84886E-4 7.22271E-4 6.77812E-4 7.39428E-4 9.53002E-4 1.16117E-3 9.73965E-4 1.31324E-3 1.69259E-3 2.6986E-3 6.17108E-3 1.53479E-2 1.50955E-2 9.92742E-3 1.10159E-2 1.76256E-2 2.81145E-2 5.05237E-2 5.73106E-2 5.69035E-2 5.67191E-2 5.55697E-2 5.46801E-2 5.42651E-2 5.31977E-2 5.36297E-2 5.41346E-2 5.53612E-2 5.77814E-2 6.07706E-2 6.32547E-2 6.37594E-2 6.2162E-2 6.0832E-2 6.13853E-2 6.24424E-2 6.29857E-2 6.25544E-2 6.09665E-2 5.86778E-2 5.51185E-2 5.27511E-2 5.10439E-2 4.99791E-2 4.89282E-2 4.8512E-2 4.64918E-2 4.32898E-2 4.28496E-2 4.28222E-2 4.14933E-2 4.65787E-2 5.74298E-2 4.31721E-2 3.10535E-2 7.2789E-3 8.7216E-4 5.22308E-5 2.18118E-4 1.62779E-4 7.2188E-6 1.80148E-6 7.34446E-6
5.67649E-4 5.73195E-4 6.32947E-4 4.14404E-4 5.67649E-4 8.11566E-4 1.01216E-3 9.72414E-4 1.48447E-3 2.42123E-3 2.80567E-3 2.77975E-3 8.2113E-3 1.4841E-2 9.26843E-3 1.07175E-2 1.2215E-2 2.76194E-2 3.32766E-2 4.97835E-2 5.62741E-2 5.6344E-2 5.56077E-2 5.54102E-2 5.46012E-2 5.26281E-2 5.21812E-2 5.17285E-2 5.11773E-2 5.1864E-2 5.4055E-2 5.84549E-2 6.23951E-2 6.38889E-2 6.11211E-2 5.91945E-2 6.11917E-2 6.27658E-2 6.32407E-2 6.31588E-2 6.23843E-2 6.08013E-2 5.92335E-2 5.73252E-2 5.59555E-2 5.22349E-2 4.84288E-2 4.76063E-2 4.68895E-2 4.42294E-2 4.28542E-2 4.06938E-2 3.92815E-2 4.262E-2 5.27084E-2 5.8404E-2 5.22003E-2 2.90279E-2 3.11757E-3 3.21541E-4 1.32888E-4 2.42103E-5 4.47615E-5 3.40166E-6 1.03462E-5
5.32195E-4 6.81349E-4 6.51739E-4 2.39116E-4 7.8902E-4 2.19298E-3 4.35473E-3 3.70381E-3 2.88407E-3 3.59125E-3 6.05411E-3 7.74647E-3 1.27012E-2 1.03105E-2 9.34519E-3 9.5866E-3 1.9938E-2 2.72665E-2 2.82906E-2 4.34653E-2 5.48682E-2 5.56077E-2 5.45669E-2 5.43971E-2 5.31243E-2 5.17797E-2 5.06255E-2 4.96785E-2 4.87125E-2 4.8223E-2 5.01001E-2 5.52889E-2 6.04845E-2 6.38762E-2 6.05148E-2 5.88841E-2 6.20623E-2 6.33739E-2 6.36862E-2 6.35442E-2 6.32791E-2 6.2593E-2 6.18728E-2 6.06904E-2 5.7718E-2 5.16597E-2 4.77944E-2 4.81458E-2 4.7725E-2 4.5452E-2 4.31764E-2 3.99513E-2 3.80547E-2 4.10715E-2 4.57718E-2 5.24712E-2 5.71093E-2 5.27395E-2 1.71386E-2 3.23979E-4 2.65628E-5 2.11984E-5 3.72191E-6 3.87911E-6 2.0127E-6
5.29161E-3 3.03E-3 8.32456E-4 1.01517E-3 2.66585E-3 2.46575E-3 3.47227E-3 6.59911E-3 6.30746E-3 6.51713E-3 7.79572E-3 8.48487E-3 9.45167E-3 1.10918E-2 1.32243E-2 1.70704E-2 2.67489E-2 3.20582E-2 2.14929E-2 4.57898E-2 5.40452E-2 5.43943E-2 5.30322E-2 5.26594E-2 5.17685E-2 5.08537E-2 4.96964E-2 4.84886E-2 4.75032E-2 4.62509E-2 4.72322E-2 5.39752E-2 5.84669E-2 6.29915E-2 6.35624E-2 6.3056E-2 6.38537E-2 6.38802E-2 6.38707E-2 6.37986E-2 6.37883E-2 6.35442E-2 6.33157E-2 6.24991E-2 5.94146E-2 5.39097E-2 5.12144E-2 5.06015E-2 5.00863E-2 4.72629E-2 4.33935E-2 3.91228E-2 3.66929E-2 3.82158E-2 3.71222E-2 4.22176E-2 5.02296E-2 5.79503E-2 4.83966E-2 3.98728E-3 2.84519E-6 4.3031E-7 2.26562E-7 2.08132E-7 5.45805E-9
5.05429E-3 2.39576E-3 1.143E-3 3.77733E-4 2.68456E-4 8.69555E-4 2.39854E-3 3.12312E-3 3.46426E-3 3.95219E-3 5.03262E-3 8.58964E-3 1.28304E-2 1.68407E-2 1.99678E-2 2.57238E-2 3.28973E-2 3.7037E-2 3.65183E-2 4.81439E-2 5.28711E-2 5.37685E-2 5.12587E-2 5.05689E-2 4.96303E-2 4.98669E-2 4.89133E-2 4.84296E-2 4.7739E-2 4.67444E-2 4.89601E-2 5.22425E-2 5.69342E-2 6.0657E-2 6.31224E-2 6.35746E-2 6.34843E-2 6.31954E-2 6.33659E-2 6.36766E-2 6.38707E-2 6.37946E-2 6.37421E-2 6.33838E-2 6.04308E-2 5.62027E-2 5.401E-2 5.26956E-2 5.24863E-2 5.00441E-2 4.44734E-2 3.85507E-2 3.7164E-2 3.69606E-2 3.72523E-2 3.66722E-2 4.06074E-2 4.89801E-2 5.90815E-2 3.47676E-2 7.90963E-4 4.91975E-8 2.15456E-11 3.81453E-11 2.69607E-12
1.72474E-3 1.28383E-3 1.18065E-3 6.88027E-4 1.97022E-4 2.58122E-4 1.34883E-3 3.53938E-3 5.51718E-3 7.10055E-3 1.08612E-2 1.72788E-2 2.07353E-2 2.27617E-2 2.48863E-2 2.72665E-2 3.12275E-2 3.48641E-2 3.57234E-2 4.42973E-2 5.30409E-2 5.24653E-2 5.00219E-2 4.88376E-2 4.85972E-2 4.85972E-2 4.88376E-2 4.9315E-2 4.85972E-2 4.76959E-2 4.92011E-2 5.1314E-2 5.48071E-2 5.76461E-2 6.02631E-2 6.1264E-2 6.12315E-2 6.10297E-2 6.14952E-2 6.27095E-2 6.37112E-2 6.38761E-2 6.37594E-2 6.35213E-2 6.12206E-2 5.67191E-2 5.4143E-2 5.44804E-2 5.68296E-2 5.49305E-2 4.73459E-2 4.10466E-2 3.78767E-2 3.64394E-2 3.71754E-2 3.5448E-2 3.59889E-2 4.10958E-2 5.88039E-2 4.90439E-2 1.60452E-2 3.01092E-4 1.75051E-7 8.01701E-10 1.44897E-9
1.81658E-3 1.74617E-4 2.32938E-3 6.62723E-3 8.45327E-3 3.9891E-3 2.32387E-3 4.69452E-3 1.02651E-2 1.45212E-2 1.67687E-2 2.3084E-2 2.90697E-2 2.899E-2 3.06726E-2 2.91789E-2 2.67829E-2 3.83148E-2 2.99808E-2 4.95925E-2 5.48433E-2 5.00219E-2 4.72831E-2 4.75279E-2 4.72831E-2 4.75279E-2 4.92117E-2 4.99155E-2 4.94475E-2 4.90769E-2 4.91535E-2 5.03362E-2 5.26594E-2 5.51701E-2 5.71027E-2 5.83227E-2 5.87898E-2 5.91034E-2 5.97942E-2 6.16053E-2 6.32733E-2 6.3885E-2 6.39414E-2 6.37823E-2 6.13924E-2 5.66921E-2 5.37556E-2 5.35197E-2 5.772E-2 5.66921E-2 4.89433E-2 4.40156E-2 4.08783E-2 3.77299E-2 4.12154E-2 3.79342E-2 3.71559E-2 4.35235E-2 5.41046E-2 5.87985E-2 4.46806E-2 1.63798E-2 1.68432E-4 6.32126E-6 2.09631E-7
