KUENM/Final_Models/M_0.1_F_lq_Set_2_NE/sp1_2.asc
ncols         197
nrows         210
xllcorner     56.1666666666667
yllcorner     4.5
cellsize      0.166666666666667
NODATA_value  -9999
[rows 28 to 55 of 210, columns 65 to 129 of 197]
7.0121E-10 1.73087E-10 1.88097E-11 8.70545E-11 1.05141E-9 5.78464E-9 1.45536E-10 4.55955E-11 1.78649E-9 6.8353E-9 1.11904E-9 9.69263E-11 4.07163E-4 1.21382E-3 7.23709E-5 8.03679E-3 5.03594E-3 3.4101E-4 3.40534E-2 5.98301E-2 9.45282E-3 3.2595E-5 1.61873E-4 2.74093E-2 8.90879E-2 1.51856E-2 1.27117E-1 1.20441E-1 1.04175E-1 1.97701E-2 4.02172E-2 3.48299E-2 6.30381E-3 3.64893E-4 4.13264E-3 3.53633E-3 2.8954E-4 1.73016E-6 1.06884E-7 1.58788E-6 9.73168E-11 1.05654E-8 6.29477E-7 8.23956E-7 6.51096E-7 2.64164E-8 7.84925E-9 2.21431E-10 2.56602E-11 1.57878E-12 1.02767E-13 2.14193E-14 9.87304E-14 2.72883E-15 1.2002E-12 1.93063E-10 1.82526E-15 7.15318E-17 5.38069E-17 1.0266E-13 3.30004E-13 4.1679E-13 1.47629E-15 1.03513E-12 1.11376E-20
6.13636E-12 7.60487E-12 2.60246E-11 4.13417E-12 8.88849E-12 1.24065E-12 2.99486E-11 3.04576E-10 2.11659E-11 1.93756E-11 2.41618E-10 1.14625E-7 2.32369E-4 7.74824E-4 3.5291E-4 5.15976E-3 2.98084E-2 4.91872E-2 1.07962E-1 1.30652E-1 1.14812E-1 1.5372E-1 1.35469E-1 1.16861E-1 3.44452E-2 1.98984E-1 2.42865E-1 1.13184E-1 1.62988E-1 2.1207E-1 1.90789E-1 2.40808E-2 2.92135E-2 7.07882E-3 8.04581E-3 1.51524E-4 5.03178E-4 2.65205E-4 1.27942E-4 1.09985E-6 3.48025E-7 1.66677E-5 4.31224E-6 1.00477E-4 1.40528E-5 1.53454E-8 5.15945E-9 3.91798E-9 6.53773E-10 6.7701E-12 1.6485E-14 6.23057E-14 9.52125E-14 3.02582E-12 3.81425E-10 1.44997E-11 8.73936E-11 3.38997E-11 1.30103E-16 8.61531E-18 1.12721E-17 1.72469E-16 5.8249E-12 1.37178E-9 1.15526E-16
3.28752E-10 4.74699E-11 3.75625E-10 1.10699E-9 8.66395E-9 1.01028E-8 1.22465E-9 1.2497E-9 6.27414E-10 2.92745E-8 2.16079E-6 4.21046E-6 1.03761E-4 1.67969E-4 6.18617E-5 1.02917E-4 2.43047E-3 1.11225E-2 6.1423E-2 1.22891E-1 1.46144E-1 1.75817E-1 2.07551E-1 2.0497E-1 1.75037E-1 2.46193E-1 2.67908E-1 2.89212E-1 4.04342E-1 4.21733E-1 3.87343E-1 2.11213E-1 1.02226E-1 6.22396E-2 1.66718E-2 1.7201E-3 3.19846E-4 6.78704E-5 2.2557E-4 4.85905E-4 7.61843E-4 1.74354E-6 4.17297E-5 2.59404E-3 4.82582E-4 5.57037E-4 6.06959E-7 1.10837E-10 1.45842E-11 2.75035E-12 4.87359E-14 5.44858E-13 2.793E-12 2.57508E-12 7.40469E-12 1.44164E-11 1.07095E-11 5.58831E-11 1.37979E-10 2.35238E-14 6.77221E-17 2.43977E-18 1.53904E-17 4.9226E-17 8.43626E-12
1.75816E-10 2.33508E-9 3.52064E-9 1.86803E-10 1.48273E-10 4.26843E-9 1.14416E-8 9.0378E-8 4.74847E-8 8.64983E-8 5.80834E-7 5.38166E-6 1.22174E-4 4.1158E-5 2.64313E-7 3.71504E-7 2.01118E-4 2.18027E-3 3.55673E-2 9.59374E-2 1.51632E-1 1.8134E-1 2.18256E-1 2.53223E-1 2.7564E-1 2.8864E-1 3.45054E-1 4.34945E-1 4.6747E-1 4.74614E-1 4.75658E-1 4.6206E-1 3.72662E-1 1.79914E-1 2.62535E-2 2.45348E-2 1.21795E-3 4.24094E-4 3.27665E-4 6.43927E-3 2.71258E-4 2.683E-6 1.17057E-7 2.00487E-4 3.47627E-3 4.88021E-3 3.7478E-4 4.06235E-6 3.76747E-9 2.26311E-10 4.97482E-12 8.97009E-14 1.88691E-15 1.71565E-12 7.59683E-14 2.68082E-14 2.45782E-14 1.94688E-13 2.33999E-12 3.70504E-11 5.60573E-11 4.21773E-10 4.6344E-13 1.02793E-14 1.59168E-15
2.90662E-9 1.38043E-8 4.66011E-10 3.02569E-10 2.79156E-10 4.3692E-9 2.03838E-8 1.65719E-8 2.50435E-7 2.1434E-6 1.1266E-5 4.1368E-5 1.32135E-4 1.95464E-5 8.05926E-9 2.17351E-7 1.63856E-7 1.48763E-9 3.21795E-7 2.94841E-4 5.98156E-3 4.30307E-2 1.19972E-1 1.10601E-1 1.36245E-1 1.85446E-1 3.91727E-1 4.26665E-1 4.74566E-1 4.90885E-1 4.90135E-1 4.75661E-1 4.80614E-1 4.60753E-1 2.56483E-1 2.25303E-1 7.65028E-3 1.67654E-3 1.68383E-4 2.29472E-2 2.94902E-3 2.43448E-4 2.1311E-4 2.09553E-6 5.16082E-5 2.57826E-3 4.17687E-3 4.32381E-4 7.59934E-8 1.4541E-9 3.10269E-11 3.14463E-12 4.55358E-15 7.09577E-13 9.45392E-17 9.82367E-16 3.8012E-16 1.82951E-16 5.19331E-17 1.36431E-13 1.59055E-14 2.84589E-11 1.77245E-11 1.45789E-8 2.32583E-12
3.92114E-8 8.19128E-9 2.21387E-10 1.00856E-10 5.62624E-11 1.44761E-9 1.61979E-9 4.51101E-9 9.89779E-8 8.17221E-7 6.14545E-6 7.89267E-5 7.02818E-5 2.69856E-6 3.79332E-8 2.02342E-6 3.95146E-5 5.44008E-4 1.45511E-3 2.01287E-5 9.17428E-7 1.17588E-5 1.08156E-3 2.30422E-2 1.10807E-1 2.29672E-1 4.08358E-1 4.38731E-1 4.47676E-1 3.82679E-1 3.95211E-1 4.7975E-1 4.99482E-1 4.63772E-1 3.24337E-1 2.18464E-1 1.87101E-2 1.10537E-2 4.61041E-3 6.25938E-2 3.17561E-2 8.10898E-4 3.15475E-4 3.01866E-6 6.78272E-10 8.2439E-6 7.89377E-4 4.66145E-3 7.56374E-4 7.3374E-6 1.3362E-10 2.73788E-10 6.55278E-13 1.01391E-14 3.36492E-15 4.79084E-16 4.59081E-16 1.12726E-15 1.31245E-14 2.16785E-13 8.28285E-12 4.11769E-11 4.40529E-14 2.80849E-14 2.09747E-9
1.04556E-9 4.1283E-11 5.58781E-10 1.62814E-11 3.9278E-10 1.2549E-9 1.64126E-9 3.13047E-7 2.23895E-6 1.434E-6 5.49455E-7 6.89422E-6 1.34814E-6 8.01759E-7 4.81637E-6 7.68305E-6 5.41494E-4 2.12657E-3 1.70634E-2 4.52354E-2 1.74861E-2 1.7756E-3 4.17406E-3 8.02073E-3 6.8836E-2 1.663E-1 2.72956E-1 3.91224E-1 2.68722E-1 3.53812E-1 4.62537E-1 4.67574E-1 4.82411E-1 4.61318E-1 3.86792E-1 1.76096E-1 6.94719E-2 6.6296E-2 5.96477E-2 9.98525E-2 3.15822E-2 8.43862E-2 7.38986E-2 3.17284E-3 1.75302E-8 1.90167E-9 1.50604E-5 1.02735E-3 6.13861E-3 1.38748E-3 9.16703E-8 5.01328E-9 7.75847E-10 2.10165E-11 2.05346E-15 5.26346E-17 8.85789E-15 4.61299E-15 3.90553E-14 3.92622E-12 2.72456E-16 7.98532E-14 2.70219E-15 3.83359E-17 2.48148E-12
1.34015E-10 4.02046E-9 3.05655E-10 8.01471E-12 1.56733E-9 2.71068E-9 2.56496E-8 6.0727E-7 1.45207E-5 6.52585E-6 2.66115E-6 3.38631E-6 1.6989E-5 2.4155E-5 2.45541E-6 1.17032E-6 7.28872E-4 2.44855E-2 5.36747E-2 1.21701E-1 8.33145E-2 3.05149E-2 7.14241E-2 1.02925E-1 2.69921E-1 3.84631E-1 4.72474E-1 4.36167E-1 4.26712E-1 4.99995E-1 4.91916E-1 4.57427E-1 4.49739E-1 4.45954E-1 4.00062E-1 2.7138E-1 1.75056E-1 1.52967E-1 1.15967E-1 1.23847E-1 1.46613E-1 1.77903E-1 1.33907E-1 2.2575E-2 2.82322E-5 2.52091E-10 1.49135E-8 8.23081E-6 8.86327E-5 1.29113E-4 4.8651E-7 6.21038E-9 3.47872E-7 4.56541E-10 4.78488E-13 1.40871E-14 1.00541E-15 1.35821E-15 2.53534E-13 5.66447E-12 7.91885E-14 5.3831E-16 2.27265E-14 5.75212E-17 4.00797E-15
6.38867E-9 1.24982E-9 2.03336E-9 1.72203E-10 8.87536E-10 4.31493E-10 1.19866E-7 7.49289E-6 4.72142E-5 6.13235E-5 2.6809E-5 8.71088E-5 8.1787E-5 1.65053E-6 6.11647E-5 1.14556E-4 8.58097E-3 5.85379E-2 1.26667E-1 1.31661E-1 2.00384E-1 2.43652E-1 2.66192E-1 2.68246E-1 3.44827E-1 4.6747E-1 5.30515E-1 5.26721E-1 5.13754E-1 5.2031E-1 5.04324E-1 4.79731E-1 4.80546E-1 4.57907E-1 4.39366E-1 4.17402E-1 3.25914E-1 2.8316E-1 2.46701E-1 1.7909E-1 1.22023E-1 1.50545E-1 1.58515E-1 9.90397E-2 1.88551E-2 6.58444E-6 4.74193E-5 7.98197E-7 2.29446E-7 1.06382E-5 4.17298E-8 1.0821E-5 1.50804E-4 2.55232E-6 7.45022E-11 1.37883E-10 1.31281E-11 3.57079E-16 4.14056E-16 2.69339E-12 4.70903E-16 1.75045E-14 1.95822E-15 2.27207E-15 7.38197E-16
1.71398E-9 7.88802E-10 1.39749E-8 1.08532E-8 1.73523E-8 7.34271E-7 1.13005E-5 4.05987E-5 6.80466E-5 4.59492E-5 8.45637E-5 8.76726E-5 7.77068E-6 8.54056E-7 7.53062E-5 1.91014E-3 2.70498E-2 5.67275E-2 6.85584E-2 1.81219E-1 2.72114E-1 3.29493E-1 3.10064E-1 3.88711E-1 4.37901E-1 4.62047E-1 4.79691E-1 4.95605E-1 5.19686E-1 5.00555E-1 5.02203E-1 5.08304E-1 4.9822E-1 5.05853E-1 5.21463E-1 4.82105E-1 4.33034E-1 4.17482E-1 3.89746E-1 2.48295E-1 1.40139E-1 1.26566E-1 2.13126E-1 2.13137E-1 1.59402E-1 4.17823E-2 1.39502E-2 9.2125E-4 1.20691E-3 6.53883E-4 8.17826E-6 2.65885E-6 1.12305E-4 6.04815E-7 5.23083E-8 2.71297E-8 1.36505E-12 7.52921E-14 1.69782E-16 3.51532E-15 5.09308E-14 4.453E-14 1.15031E-13 3.00684E-14 1.50068E-14
4.31871E-9 1.07886E-8 2.21444E-7 1.30676E-7 7.77096E-7 8.32633E-6 3.27005E-5 4.88976E-5 1.76938E-5 1.26219E-5 6.39175E-5 3.59404E-5 4.34196E-6 1.16133E-5 5.34099E-5 3.8763E-4 3.3681E-3 4.35338E-2 1.45097E-1 2.69757E-1 3.48074E-1 3.92188E-1 4.19721E-1 4.5434E-1 4.55921E-1 3.54131E-1 3.55207E-1 4.69901E-1 5.28662E-1 5.25841E-1 5.23411E-1 5.08076E-1 5.10163E-1 5.12037E-1 5.12644E-1 4.91231E-1 4.82246E-1 4.74246E-1 4.51884E-1 3.64674E-1 2.48984E-1 1.73243E-1 1.9974E-1 1.86321E-1 1.14363E-1 7.38971E-2 1.27319E-2 7.13466E-3 1.84457E-3 2.37773E-4 2.19178E-4 2.2711E-4 8.09208E-5 2.26445E-5 6.02774E-8 2.50892E-9 6.43213E-8 5.05985E-12 2.87882E-14 1.30682E-16 4.60304E-16 9.04574E-15 3.36492E-15 2.6677E-14 3.59887E-15
3.99759E-8 3.22067E-6 2.98139E-7 9.16031E-7 5.28574E-6 2.18838E-5 4.00289E-5 2.43013E-5 2.71659E-5 8.67547E-5 2.85987E-5 8.65245E-6 3.11187E-5 1.47213E-4 1.49436E-3 7.06454E-3 2.85285E-2 5.26234E-2 1.96517E-1 3.18261E-1 3.78771E-1 4.09195E-1 4.34099E-1 4.5959E-1 4.36682E-1 4.95423E-1 5.17865E-1 5.19348E-1 5.15967E-1 5.08589E-1 5.00744E-1 4.80887E-1 4.79751E-1 4.78274E-1 4.70657E-1 4.93172E-1 5.14562E-1 5.36788E-1 5.25561E-1 4.78732E-1 4.01725E-1 3.16308E-1 2.4891E-1 1.85173E-1 8.96375E-2 2.23209E-2 3.28138E-3 9.40435E-4 8.62815E-5 9.30168E-5 2.09745E-5 3.26195E-7 8.83759E-7 7.3809E-7 1.27117E-6 5.48107E-7 4.63222E-8 7.40334E-11 2.1004E-13 1.53746E-13 3.89233E-16 3.5506E-16 3.63845E-15 1.02119E-13 3.14119E-15
1.36044E-6 1.56234E-5 5.97254E-6 1.9245E-5 4.22874E-5 4.26378E-5 6.2956E-5 7.60762E-5 1.17235E-4 7.99551E-5 7.73992E-6 4.20996E-5 5.3459E-5 5.87161E-4 1.93163E-4 4.57176E-4 2.00486E-4 7.53431E-3 8.15691E-2 2.3879E-1 3.73467E-1 4.05329E-1 4.28708E-1 4.47138E-1 4.53145E-1 4.84985E-1 5.02114E-1 5.06867E-1 4.70017E-1 4.94397E-1 4.72833E-1 4.39001E-1 4.18247E-1 4.00655E-1 4.01622E-1 4.32025E-1 4.75102E-1 5.55121E-1 5.74487E-1 5.61892E-1 5.17006E-1 4.72307E-1 4.11052E-1 3.13439E-1 1.79045E-1 6.98252E-2 1.87886E-2 3.28095E-3 1.22621E-4 3.83495E-6 2.57374E-5 1.94088E-6 3.05613E-7 3.80149E-8 2.3528E-8 2.98061E-7 1.1211E-8 5.46896E-10 3.88494E-10 6.57486E-14 7.36114E-14 5.69319E-13 1.28203E-15 3.89233E-16 2.66154E-15
6.75722E-5 1.68227E-5 5.81801E-5 4.96715E-5 3.8127E-5 8.79629E-5 1.22149E-4 1.31208E-4 1.20818E-4 6.13586E-5 1.29964E-4 6.24496E-4 1.72968E-4 4.43902E-4 4.65813E-5 5.89939E-5 9.13025E-4 1.5689E-2 7.80262E-2 1.2886E-1 3.52134E-1 4.00425E-1 4.12912E-1 4.31438E-1 4.45918E-1 4.64603E-1 4.86033E-1 4.93042E-1 4.89132E-1 4.05494E-1 3.56538E-1 3.43215E-1 4.29068E-1 4.7774E-1 5.17547E-1 5.28662E-1 5.56479E-1 5.80992E-1 5.93403E-1 5.94077E-1 5.90335E-1 5.7422E-1 5.48713E-1 4.84269E-1 3.77431E-1 3.34779E-1 1.83643E-1 6.13529E-2 8.651E-3 1.90585E-4 4.10248E-6 3.96605E-7 4.3235E-8 3.44284E-10 3.96562E-12 2.63756E-9 4.87751E-8 3.13258E-10 3.79522E-11 1.27662E-9 2.26928E-10 3.42399E-12 1.04977E-15 3.00036E-15 4.75702E-16
3.39467E-5 1.56274E-4 1.07701E-4 2.05603E-5 7.14576E-5 1.42383E-4 1.46938E-4 9.4503E-5 9.40358E-5 1.15822E-4 2.55375E-4 1.9502E-3 1.26895E-3 3.66397E-4 6.30048E-4 4.31806E-3 9.94871E-3 7.09411E-2 2.22508E-1 3.07277E-1 3.62354E-1 3.8377E-1 3.97116E-1 3.92609E-1 3.93892E-1 4.3163E-1 4.53471E-1 4.67661E-1 4.7667E-1 4.75379E-1 4.4322E-1 4.99215E-1 5.33953E-1 5.33708E-1 5.27913E-1 5.18301E-1 5.34772E-1 5.56676E-1 5.79045E-1 5.92916E-1 5.98942E-1 6.00028E-1 5.9286E-1 5.78289E-1 5.32267E-1 5.4234E-1 4.62388E-1 2.87282E-1 1.29487E-1 3.65316E-2 3.00072E-3 5.07135E-5 2.11713E-6 1.30236E-10 2.86026E-14 1.25207E-9 3.16464E-9 1.06092E-7 1.54487E-9 4.47962E-10 3.78803E-9 4.61364E-10 9.31208E-15 3.19804E-13 3.10803E-14
5.57187E-4 2.53246E-4 6.90544E-5 1.46141E-4 1.26531E-4 8.605E-5 5.24697E-5 5.60099E-5 6.01002E-5 3.90853E-5 1.23583E-4 1.11188E-3 9.14969E-3 5.91996E-3 1.53092E-2 5.24519E-2 6.17184E-2 1.3724E-1 2.60617E-1 3.3467E-1 3.50115E-1 3.66621E-1 3.74674E-1 3.81999E-1 3.84242E-1 4.07503E-1 4.17728E-1 4.30429E-1 4.44141E-1 4.64384E-1 4.86863E-1 5.07638E-1 5.24228E-1 5.24584E-1 5.16451E-1 5.11728E-1 5.15517E-1 5.34863E-1 5.51399E-1 5.73867E-1 5.87019E-1 5.92637E-1 5.98942E-1 5.9457E-1 5.82976E-1 5.74807E-1 5.47732E-1 4.70032E-1 3.59951E-1 1.94229E-1 5.59836E-2 4.19963E-3 4.03522E-5 4.9913E-8 2.1934E-15 7.2264E-18 2.79067E-9 8.59045E-8 2.66682E-8 3.36392E-10 2.52745E-9 9.14348E-8 3.99361E-12 1.61183E-13 2.32937E-16
5.76569E-4 9.57228E-5 1.68014E-4 1.07144E-4 5.56099E-5 4.04112E-5 4.62747E-5 1.08693E-4 1.04607E-4 2.4847E-4 5.80488E-4 3.0829E-4 1.4462E-2 3.81498E-2 6.22308E-2 1.10776E-1 1.83266E-1 2.02138E-1 3.03103E-1 3.2814E-1 3.40606E-1 3.48554E-1 3.61184E-1 3.65069E-1 3.67453E-1 3.72807E-1 3.8201E-1 3.92618E-1 4.0603E-1 4.24888E-1 4.51199E-1 4.77077E-1 5.03223E-1 5.11961E-1 5.12684E-1 4.97773E-1 4.9359E-1 5.07975E-1 5.20606E-1 5.4227E-1 5.6459E-1 5.81795E-1 5.97208E-1 5.95192E-1 5.88075E-1 5.83518E-1 5.67816E-1 5.40968E-1 4.72483E-1 3.41083E-1 1.74823E-1 5.00665E-2 1.66825E-3 4.26464E-6 2.18927E-9 2.19651E-16 4.35061E-20 1.10046E-14 2.83711E-9 8.23645E-8 5.59366E-8 1.94947E-7 7.69386E-9 1.71348E-13 5.23063E-16
2.41251E-4 1.67763E-4 1.15822E-4 2.76625E-4 1.37751E-4 1.10255E-4 1.48958E-4 2.26751E-4 4.64083E-4 6.54073E-4 1.66444E-3 1.31413E-3 5.82118E-3 5.28901E-2 1.00772E-1 1.05261E-1 1.40986E-1 7.91112E-2 2.79129E-1 3.13909E-1 3.28208E-1 3.37863E-1 3.4379E-1 3.40606E-1 3.40606E-1 3.42199E-1 3.43129E-1 3.56462E-1 3.70573E-1 3.83534E-1 4.119E-1 4.45793E-1 4.70177E-1 4.81093E-1 4.82759E-1 4.72561E-1 4.75319E-1 4.77644E-1 4.97174E-1 5.17865E-1 5.46341E-1 5.76683E-1 5.97935E-1 6.0011E-1 5.93589E-1 5.83518E-1 5.64783E-1 5.48148E-1 5.09515E-1 4.36527E-1 3.1297E-1 1.70246E-1 1.55809E-2 7.47161E-5 1.87416E-8 2.46202E-9 2.99437E-14 6.67889E-13 2.67563E-10 6.45261E-9 3.71014E-8 8.70712E-8 3.07058E-8 2.18688E-11 2.53888E-13
1.45759E-4 3.49847E-4 9.5154E-4 2.90768E-4 3.88488E-4 3.74857E-4 5.44819E-4 6.04798E-4 9.73158E-4 1.56153E-3 3.20456E-3 3.02065E-3 9.08982E-3 1.15701E-2 8.21514E-2 9.87977E-2 5.80832E-2 2.86241E-2 2.5493E-1 3.06826E-1 3.12066E-1 3.21757E-1 3.21757E-1 3.18209E-1 2.9734E-1 3.00549E-1 3.08577E-1 3.23021E-1 3.32627E-1 3.48554E-1 3.7742E-1 4.07503E-1 4.35966E-1 4.54148E-1 4.55842E-1 4.50727E-1 4.45854E-1 4.6337E-1 4.77887E-1 5.00417E-1 5.3103E-1 5.65899E-1 5.93981E-1 6.0477E-1 5.92532E-1 5.76826E-1 5.52994E-1 5.32283E-1 5.23174E-1 4.87104E-1 4.12366E-1 3.22544E-1 1.15077E-1 1.03651E-3 5.38462E-8 8.48081E-8 7.96945E-7 2.13159E-8 1.05895E-8 1.0367E-6 2.40747E-7 8.68855E-7 5.37662E-8 2.53349E-9 3.84825E-12
1.37563E-3 1.22071E-3 8.20781E-4 6.06037E-4 7.05296E-4 9.05426E-4 9.6613E-4 1.17145E-3 1.64718E-3 2.39264E-3 5.17586E-3 6.01411E-3 7.20273E-3 1.8137E-2 5.16969E-2 7.86873E-2 1.1378E-2 8.00835E-3 1.9439E-1 2.87782E-1 3.05677E-1 3.05589E-1 2.99179E-1 2.9269E-1 2.76615E-1 2.76615E-1 2.84639E-1 2.95914E-1 3.12066E-1 3.24984E-1 3.45379E-1 3.79877E-1 4.07503E-1 4.3182E-1 4.48167E-1 4.43635E-1 4.41595E-1 4.48141E-1 4.57109E-1 4.81401E-1 5.15895E-1 5.5726E-1 5.91623E-1 6.0907E-1 5.96914E-1 5.79E-1 5.59096E-1 5.40469E-1 5.44146E-1 5.25151E-1 4.88481E-1 4.25743E-1 2.8451E-1 9.45525E-2 8.70712E-3 2.00911E-3 2.40146E-4 4.66538E-4 4.06397E-5 8.42187E-6 5.76814E-7 2.71383E-8 6.59937E-8 5.65881E-8 8.9776E-7
1.81951E-3 1.34798E-3 8.60887E-4 5.26009E-4 4.22324E-4 6.01841E-4 9.44873E-4 1.02318E-3 2.19362E-3 3.04729E-3 4.05653E-3 3.04113E-3 5.33257E-3 2.93772E-2 8.11496E-2 4.12257E-2 1.56338E-2 2.40905E-2 1.25736E-1 2.83382E-1 2.95933E-1 2.89274E-1 2.87307E-1 2.82409E-1 2.69831E-1 2.66612E-1 2.69831E-1 2.74919E-1 2.86212E-1 2.99179E-1 3.23552E-1 3.47477E-1 3.84493E-1 4.24738E-1 4.47152E-1 4.61284E-1 4.59291E-1 4.50241E-1 4.43635E-1 4.64356E-1 4.97529E-1 5.35764E-1 5.73733E-1 5.94648E-1 5.94036E-1 5.90124E-1 5.78837E-1 5.77893E-1 5.73524E-1 5.58703E-1 5.28188E-1 4.91856E-1 4.43746E-1 3.33258E-1 1.36398E-1 6.35905E-2 1.67439E-2 6.23272E-3 1.26157E-3 2.0088E-5 1.60807E-6 4.5362E-6 1.79139E-5 4.96979E-5 2.15266E-6
1.16604E-3 9.72491E-4 6.66418E-4 5.96301E-4 5.40339E-4 6.4017E-4 9.92089E-4 1.38847E-3 1.05979E-3 1.66444E-3 2.38865E-3 4.47403E-3 1.39808E-2 4.80818E-2 4.23421E-2 2.05301E-2 2.13552E-2 4.03623E-2 8.53358E-2 2.70153E-1 2.87725E-1 2.83529E-1 2.81891E-1 2.72091E-1 2.64564E-1 2.61344E-1 2.53333E-1 2.5653E-1 2.60198E-1 2.69831E-1 2.90903E-1 3.23552E-1 3.66996E-1 4.21453E-1 4.63388E-1 4.83794E-1 4.74579E-1 4.52152E-1 4.3734E-1 4.495E-1 4.78823E-1 5.06242E-1 5.41063E-1 5.59833E-1 5.71866E-1 5.77375E-1 5.80963E-1 5.82429E-1 5.90026E-1 5.88628E-1 5.68697E-1 5.49459E-1 5.57254E-1 5.01876E-1 3.75651E-1 1.61413E-1 1.01426E-1 1.96149E-2 2.11631E-3 1.084E-4 4.4554E-4 2.82384E-4 6.44698E-6 1.05127E-6 4.06551E-6
3.81411E-4 3.83895E-4 4.60685E-4 2.28993E-4 3.81411E-4 7.19892E-4 1.03356E-3 1.00581E-3 2.08317E-3 4.47407E-3 5.3687E-3 4.75674E-3 2.12717E-2 4.57518E-2 2.08305E-2 2.31894E-2 2.54945E-2 8.8387E-2 1.22594E-1 2.67598E-1 2.80677E-1 2.78618E-1 2.73017E-1 2.71382E-1 2.64861E-1 2.49503E-1 2.46316E-1 2.43141E-1 2.39078E-1 2.43804E-1 2.59737E-1 2.97424E-1 3.47974E-1 4.14894E-1 4.80362E-1 5.0347E-1 4.78815E-1 4.48505E-1 4.34765E-1 4.37548E-1 4.53471E-1 4.81247E-1 4.9974E-1 5.20644E-1 5.32821E-1 5.62865E-1 5.86535E-1 5.90034E-1 5.9247E-1 6.0016E-1 5.97926E-1 5.94105E-1 5.8418E-1 5.35191E-1 4.41451E-1 3.51162E-1 2.2106E-1 9.18426E-2 7.99434E-3 7.35564E-4 2.46566E-4 2.80123E-5 5.13643E-5 1.75797E-6 6.85315E-6
3.44436E-4 5.12431E-4 4.69776E-4 8.3547E-5 6.3267E-4 3.26776E-3 9.47021E-3 8.11149E-3 5.8817E-3 8.17163E-3 1.62293E-2 2.13214E-2 3.92398E-2 2.684E-2 2.0959E-2 1.93491E-2 5.41793E-2 8.53401E-2 8.57675E-2 2.37665E-1 2.73916E-1 2.73017E-1 2.66229E-1 2.63981E-1 2.54237E-1 2.43929E-1 2.36007E-1 2.29729E-1 2.23509E-1 2.20422E-1 2.32125E-1 2.6941E-1 3.20126E-1 3.92536E-1 4.8804E-1 5.06207E-1 4.66124E-1 4.34725E-1 4.20397E-1 4.20594E-1 4.33366E-1 4.52539E-1 4.63849E-1 4.80265E-1 5.1664E-1 5.67821E-1 5.90538E-1 5.88878E-1 5.90854E-1 6.00793E-1 6.04878E-1 6.03866E-1 5.87054E-1 5.44192E-1 5.0252E-1 4.43283E-1 3.8596E-1 2.20959E-1 5.00665E-2 7.56914E-4 5.1248E-5 3.81589E-5 2.49508E-6 3.27974E-6 2.62289E-6
1.13245E-2 5.05736E-3 6.932E-4 9.31939E-4 4.08122E-3 3.70298E-3 6.75068E-3 1.82576E-2 1.83576E-2 1.92619E-2 2.28984E-2 2.40617E-2 2.56784E-2 2.91864E-2 3.44109E-2 4.5504E-2 8.60522E-2 1.13133E-1 5.27491E-2 2.50283E-1 2.71804E-1 2.63236E-1 2.55244E-1 2.51567E-1 2.4512E-1 2.38723E-1 2.30328E-1 2.22529E-1 2.16361E-1 2.08746E-1 2.14297E-1 2.59993E-1 2.98327E-1 3.60943E-1 4.29462E-1 4.46275E-1 4.17876E-1 3.99066E-1 3.97546E-1 4.0269E-1 4.10132E-1 4.20594E-1 4.31964E-1 4.50828E-1 4.97529E-1 5.51051E-1 5.70913E-1 5.7501E-1 5.78307E-1 5.94128E-1 6.07973E-1 6.10565E-1 6.00875E-1 5.82033E-1 5.82122E-1 5.33296E-1 4.64316E-1 3.69247E-1 1.90276E-1 1.0318E-2 6.46764E-6 8.82235E-7 3.83129E-7 2.67677E-7 1.04356E-8
1.05889E-2 3.62943E-3 1.18165E-3 1.90186E-4 1.03056E-4 7.5404E-4 3.79004E-3 6.02406E-3 7.46557E-3 9.07037E-3 1.22956E-2 2.37555E-2 3.79305E-2 5.20275E-2 5.99646E-2 8.32696E-2 1.2134E-1 1.52192E-1 1.39851E-1 2.60737E-1 2.6761E-1 2.59098E-1 2.42306E-1 2.37506E-1 2.31154E-1 2.32737E-1 2.26429E-1 2.23298E-1 2.18324E-1 2.12183E-1 2.26094E-1 2.47793E-1 2.8451E-1 3.23089E-1 3.64172E-1 3.76829E-1 3.73656E-1 3.65408E-1 3.70166E-1 3.81186E-1 3.97546E-1 4.08651E-1 4.1602E-1 4.29146E-1 4.88063E-1 5.32005E-1 5.5025E-1 5.60265E-1 5.6178E-1 5.78212E-1 6.06338E-1 6.169E-1 6.10086E-1 6.07633E-1 6.1092E-1 5.96372E-1 5.42322E-1 4.73781E-1 3.26269E-1 1.15208E-1 1.90492E-3 1.20116E-7 5.5423E-11 9.52037E-11 6.90848E-12
2.31233E-3 1.48746E-3 1.27122E-3 5.1578E-4 5.99181E-5 9.39855E-5 1.53832E-3 6.84616E-3 1.3589E-2 1.93918E-2 3.29555E-2 5.88792E-2 7.20531E-2 7.66645E-2 8.09691E-2 8.53401E-2 1.00319E-1 1.18638E-1 1.24222E-1 2.47473E-1 2.69098E-1 2.494E-1 2.34559E-1 2.26641E-1 2.25069E-1 2.25069E-1 2.26641E-1 2.29797E-1 2.25069E-1 2.18632E-1 2.2766E-1 2.41915E-1 2.67247E-1 2.91108E-1 3.19281E-1 3.31338E-1 3.29976E-1 3.26831E-1 3.33353E-1 3.54235E-1 3.8275E-1 4.11107E-1 4.21453E-1 4.29043E-1 4.77077E-1 5.27635E-1 5.49123E-1 5.4649E-1 5.26633E-1 5.429E-1 5.93225E-1 6.16753E-1 6.21738E-1 6.18205E-1 6.20687E-1 6.08522E-1 5.83088E-1 5.33223E-1 3.5546E-1 1.89214E-1 4.52695E-2 7.01847E-4 4.14718E-7 1.98717E-9 3.60082E-9
2.74172E-3 5.51755E-5 3.71259E-3 1.47546E-2 1.94403E-2 6.92135E-3 3.40226E-3 9.69331E-3 2.81283E-2 4.58498E-2 5.51711E-2 8.58242E-2 1.17645E-1 1.05852E-1 1.06315E-1 8.79297E-2 7.18849E-2 1.31819E-1 8.28705E-2 2.756E-1 2.71646E-1 2.34559E-1 2.17333E-1 2.18889E-1 2.17333E-1 2.18889E-1 2.29895E-1 2.3467E-1 2.31483E-1 2.28217E-1 2.28E-1 2.35913E-1 2.51567E-1 2.71158E-1 2.87004E-1 2.97722E-1 3.01625E-1 3.04925E-1 3.1191E-1 3.34982E-1 3.67283E-1 3.9362E-1 4.02818E-1 4.19986E-1 4.7654E-1 5.27827E-1 5.51577E-1 5.53324E-1 5.18411E-1 5.27827E-1 5.83497E-1 6.08385E-1 6.19489E-1 6.25593E-1 6.17932E-1 6.21783E-1 5.68298E-1 5.14479E-1 4.26702E-1 3.02358E-1 1.63585E-1 4.6587E-2 3.88106E-4 1.45844E-5 5.03731E-7
