KUENM/Final_Models/M_0.1_F_lq_Set_2_NE/sp1_1.asc
ncols         197
nrows         210
xllcorner     56.1666666666667
yllcorner     4.5
cellsize      0.166666666666667
NODATA_value  -9999
[rows 84 to 111 of 210, columns 130 to 194 of 197]
3.08463E-1 3.18694E-1 2.52127E-1 2.0408E-1 2.11835E-1 3.11218E-1 3.51204E-1 4.01666E-1 2.9949E-1 2.78382E-1 3.15371E-1 4.0057E-1 5.06722E-1 4.5149E-1 2.67612E-1 1.71619E-1 2.71625E-1 3.51043E-1 3.6766E-1 3.07023E-1 2.85863E-1 2.71416E-1 2.21293E-1 1.61745E-1 1.34911E-1 1.60025E-1 1.80421E-1 1.68459E-1 1.53561E-1 1.21777E-1 8.87804E-2 7.1783E-2 7.08171E-2 8.95371E-2 1.12949E-1 1.31354E-1 1.91198E-1 2.49219E-1 1.63077E-1 1.32843E-1 1.22637E-1 1.58066E-1 1.93144E-1 2.15661E-1 2.3915E-1 3.0912E-1 2.35094E-1 1.25911E-1 1.12045E-1 1.51933E-1 9.69663E-2 5.52457E-2 1.93634E-2 6.43934E-3 5.23461E-3 2.81959E-3 9.79887E-4 4.3451E-4 6.5804E-4 5.23231E-4 8.35E-5 7.27148E-6 1.30784E-6 1.28861E-6 7.68695E-8
2.50756E-1 2.55541E-1 2.20027E-1 2.21095E-1 2.73164E-1 3.36768E-1 3.1664E-1 2.84511E-1 2.22734E-1 2.12491E-1 2.41225E-1 2.87201E-1 3.89558E-1 2.95853E-1 1.51717E-1 1.18421E-1 2.84207E-1 3.21713E-1 1.53471E-1 1.987E-1 2.17557E-1 1.91341E-1 1.91341E-1 2.0408E-1 2.28824E-1 1.91246E-1 1.80552E-1 1.66788E-1 1.36349E-1 1.40919E-1 1.51855E-1 1.02967E-1 1.34564E-1 1.5991E-1 1.48305E-1 1.31077E-1 1.61154E-1 2.23241E-1 1.98395E-1 1.41731E-1 1.22354E-1 1.62837E-1 2.19341E-1 2.39088E-1 2.57332E-1 2.69675E-1 1.93029E-1 1.0635E-1 1.46713E-1 2.77961E-1 1.46918E-1 4.72103E-2 9.86907E-3 3.26868E-3 1.19906E-2 9.35937E-3 1.64336E-3 2.07273E-4 7.62527E-4 8.82066E-4 2.41652E-4 2.65995E-5 4.1402E-6 2.46856E-6 1.56578E-7
1.82982E-1 1.82198E-1 1.8373E-1 1.7187E-1 1.91246E-1 2.07285E-1 1.9412E-1 1.56636E-1 9.9645E-2 5.89765E-2 8.67318E-2 1.66042E-1 2.20462E-1 1.33415E-1 7.27587E-2 9.90294E-2 2.00376E-1 2.03218E-1 1.50223E-1 1.96256E-1 1.82177E-1 1.48737E-1 1.47154E-1 2.19369E-1 3.32631E-1 3.0506E-1 2.11334E-1 1.65004E-1 1.23272E-1 8.76526E-2 6.16938E-2 1.10716E-1 1.96821E-1 2.25311E-1 1.53141E-1 1.74879E-1 1.66231E-1 1.46132E-1 1.36777E-1 1.20606E-1 1.34874E-1 1.87095E-1 2.00018E-1 1.90746E-1 2.53125E-1 3.07417E-1 1.71392E-1 1.12663E-1 1.29597E-1 1.51263E-1 8.34906E-2 4.09495E-2 2.3333E-2 1.28058E-2 2.43721E-2 1.99347E-2 4.66316E-3 8.62582E-4 7.12671E-4 7.49039E-4 3.60025E-4 1.0039E-4 1.81931E-5 4.79609E-6 4.60708E-7
1.42824E-1 1.32674E-1 1.03354E-1 6.94495E-2 8.14258E-2 9.72291E-2 1.05801E-1 1.07155E-1 6.58329E-2 3.80729E-2 3.75494E-2 8.90846E-2 1.4089E-1 4.99202E-2 1.93634E-2 4.41993E-2 8.66136E-2 1.02387E-1 1.0861E-1 1.2914E-1 1.10822E-1 9.24514E-2 9.36574E-2 1.4462E-1 2.66658E-1 2.78382E-1 2.28517E-1 1.71369E-1 1.27164E-1 9.93929E-2 9.93929E-2 1.65297E-1 3.18512E-1 4.83483E-1 3.23623E-1 1.36073E-1 9.84964E-2 7.6036E-2 7.43842E-2 1.02797E-1 1.42594E-1 1.4417E-1 9.53705E-2 8.71952E-2 1.44547E-1 1.66231E-1 1.41731E-1 1.49649E-1 1.54773E-1 1.10716E-1 6.04057E-2 4.62107E-2 6.01585E-2 6.30112E-2 6.46561E-2 3.90456E-2 1.1235E-2 7.62527E-4 2.21169E-4 2.01932E-4 2.13097E-4 1.58511E-4 5.00711E-5 1.21578E-5 2.54207E-6
1.35933E-1 9.58198E-2 4.82198E-2 2.02737E-2 2.76455E-2 4.41351E-2 6.8607E-2 7.83328E-2 6.49754E-2 3.58478E-2 3.02291E-2 5.19074E-2 6.13787E-2 2.29537E-2 1.34003E-2 2.33997E-2 5.32571E-2 6.75258E-2 6.95081E-2 6.76637E-2 4.83382E-2 3.42502E-2 4.6888E-2 8.49685E-2 1.34901E-1 1.52941E-1 1.8337E-1 1.69031E-1 1.32365E-1 1.11476E-1 1.13765E-1 1.55707E-1 2.72922E-1 3.61123E-1 2.19107E-1 1.2092E-1 6.81763E-2 4.42534E-2 3.95599E-2 8.53068E-2 1.26338E-1 1.30748E-1 6.33523E-2 5.2601E-2 8.12588E-2 8.23344E-2 1.01508E-1 1.89443E-1 1.59898E-1 9.25061E-2 5.17891E-2 3.71924E-2 5.64902E-2 8.57666E-2 5.96877E-2 3.00354E-2 5.3229E-3 9.66056E-5 4.02175E-5 2.10881E-4 1.84442E-4 1.40288E-4 8.44238E-5 2.97757E-5 9.5629E-6
1.55147E-1 9.0065E-2 3.8022E-2 1.41147E-2 1.20249E-2 1.86879E-2 3.91972E-2 7.73225E-2 5.41852E-2 2.22674E-2 1.98393E-2 2.57882E-2 2.5385E-2 1.73503E-2 1.64682E-2 2.2988E-2 5.73437E-2 4.83382E-2 3.58112E-2 2.92165E-2 1.84684E-2 1.58912E-2 2.45766E-2 4.41023E-2 7.52882E-2 1.17345E-1 1.68128E-1 1.66475E-1 1.34904E-1 1.10655E-1 1.00604E-1 1.11168E-1 1.39436E-1 1.35815E-1 8.69058E-2 7.07564E-2 7.51783E-2 4.67182E-2 1.44149E-2 2.81022E-2 6.72295E-2 1.3558E-1 9.7273E-2 7.40186E-2 7.9659E-2 7.30838E-2 8.79666E-2 1.28591E-1 1.37857E-1 5.57782E-2 2.4868E-2 1.21568E-2 1.6104E-2 2.329E-2 1.93328E-2 6.58086E-3 3.46247E-4 3.11715E-6 1.38927E-6 6.02567E-5 1.14746E-4 9.3577E-5 1.10455E-4 5.28476E-5 1.89751E-5
1.56739E-1 1.07071E-1 4.22005E-2 1.3014E-2 9.71041E-3 1.18593E-2 2.21089E-2 2.69125E-2 1.47993E-2 5.23008E-3 7.3771E-3 1.22728E-2 2.7449E-2 3.16616E-2 3.16881E-2 3.21959E-2 3.66553E-2 5.25099E-2 3.69821E-2 1.78862E-2 7.57298E-3 8.36033E-3 1.56192E-2 2.70116E-2 4.62678E-2 9.33445E-2 1.52392E-1 1.33994E-1 1.12986E-1 9.641E-2 8.68135E-2 8.57608E-2 9.13508E-2 9.2499E-2 9.13508E-2 8.78891E-2 7.51783E-2 3.73775E-2 1.38085E-2 1.68058E-2 3.98927E-2 6.01585E-2 5.38279E-2 6.30112E-2 7.13901E-2 5.97314E-2 6.22485E-2 6.57303E-2 5.34038E-2 3.0723E-2 1.35859E-2 6.60913E-3 5.50611E-3 5.09269E-3 5.04389E-3 2.60103E-3 1.06039E-4 8.24079E-7 2.78963E-7 1.2471E-5 5.34794E-5 8.3309E-5 1.22203E-4 6.34763E-5 2.2061E-5
1.66042E-1 9.96441E-2 3.25737E-2 1.27396E-2 6.60913E-3 6.14659E-3 7.68896E-3 4.26115E-3 8.15624E-4 9.16199E-4 6.78438E-3 2.14387E-2 3.11682E-2 3.5328E-2 3.92353E-2 3.30416E-2 2.75424E-2 3.75354E-2 2.66398E-2 1.48636E-2 1.02065E-2 1.11126E-2 1.53512E-2 1.98475E-2 3.31901E-2 6.11951E-2 9.84829E-2 9.43155E-2 7.50147E-2 7.0012E-2 6.22485E-2 5.73437E-2 5.57748E-2 4.17244E-2 4.16846E-2 4.47958E-2 4.14869E-2 1.72509E-2 8.97964E-3 1.24091E-2 1.72509E-2 1.69146E-2 1.10118E-2 1.98475E-2 2.9274E-2 2.70474E-2 3.81073E-2 4.69499E-2 4.10639E-2 2.25336E-2 1.28242E-2 6.99691E-3 4.68056E-3 4.01832E-3 2.67343E-3 1.6922E-3 1.82325E-4 1.0105E-5 4.84254E-6 1.9407E-5 4.54824E-5 9.58688E-5 1.26829E-4 6.67511E-5 1.74341E-5
1.09714E-1 5.56188E-2 1.62343E-2 7.34144E-3 4.48277E-3 5.14338E-3 4.24356E-3 3.40471E-3 1.5409E-3 3.43848E-3 9.22626E-3 1.97155E-2 1.70582E-2 2.88167E-2 4.1032E-2 3.52509E-2 2.33519E-2 2.30288E-2 1.91402E-2 1.61393E-2 1.58912E-2 1.98218E-2 1.79331E-2 1.73466E-2 2.57975E-2 3.46619E-2 4.65178E-2 5.30179E-2 5.72937E-2 4.97592E-2 3.92796E-2 2.88387E-2 2.7923E-2 2.1559E-2 1.85501E-2 1.94653E-2 2.21089E-2 2.64808E-2 3.41888E-2 2.04343E-2 1.33489E-2 6.98094E-3 5.78419E-3 6.11898E-3 3.70159E-3 2.85469E-3 6.23544E-3 1.5661E-2 2.03899E-2 9.05744E-3 6.73196E-3 6.8618E-3 3.75839E-3 2.93899E-3 1.75179E-3 8.78095E-4 2.66581E-4 8.54841E-5 5.85629E-5 4.59867E-5 2.21609E-5 3.33443E-5 1.03197E-4 7.49276E-5 1.73725E-5
2.80947E-2 1.48792E-2 6.15077E-3 3.17014E-3 2.99847E-3 3.40471E-3 4.07825E-3 8.25412E-3 7.20377E-3 2.52816E-3 9.60704E-3 1.91402E-2 1.41172E-2 1.67679E-2 2.2281E-2 2.01815E-2 1.70411E-2 1.28857E-2 1.13745E-2 1.26595E-2 1.70411E-2 2.12116E-2 1.73461E-2 1.27055E-2 1.29167E-2 1.30289E-2 2.15238E-2 1.83987E-2 2.79411E-2 2.2637E-2 1.53941E-2 1.16338E-2 1.0645E-2 8.10266E-3 7.52545E-3 7.25091E-3 1.10238E-2 2.70624E-2 3.69821E-2 1.27085E-2 7.52265E-3 5.15592E-3 5.99835E-3 6.4804E-3 2.14508E-3 1.266E-3 2.32933E-3 6.82038E-3 7.80338E-3 2.80348E-3 1.95259E-3 3.58576E-3 3.23018E-3 2.39486E-3 1.1501E-3 6.69376E-4 4.15027E-4 3.07656E-4 2.79317E-4 1.75218E-4 3.85521E-5 3.19267E-5 7.19208E-5 5.83412E-5 1.96306E-5
1.04025E-2 5.37016E-3 2.6902E-3 1.60853E-3 1.71514E-3 2.00054E-3 3.33653E-3 9.01971E-3 7.76878E-3 1.85642E-3 1.23369E-2 1.11719E-2 6.23866E-3 5.05921E-3 6.97392E-3 6.58036E-3 5.23008E-3 3.95065E-3 3.53638E-3 6.97392E-3 1.38485E-2 1.43669E-2 1.27133E-2 8.88164E-3 6.59686E-3 6.20651E-3 6.95588E-3 5.49783E-3 5.649E-3 7.8011E-3 6.00641E-3 4.59124E-3 3.55734E-3 2.85469E-3 3.28152E-3 3.09263E-3 4.76379E-3 6.21614E-3 3.98504E-3 4.75584E-3 6.34582E-3 4.5924E-3 4.95815E-3 4.66396E-3 3.82048E-3 4.53739E-3 4.66316E-3 3.41842E-3 3.93842E-3 3.33625E-3 7.15639E-3 4.21673E-3 3.62708E-3 2.92463E-3 7.16699E-4 6.69038E-4 7.41086E-4 5.24019E-4 7.24329E-4 7.75694E-4 1.90768E-4 1.01663E-4 9.90929E-5 6.65094E-5 2.40621E-5
4.86886E-3 2.4909E-3 1.32441E-3 9.0196E-4 8.52917E-4 1.36914E-3 2.76217E-3 3.17014E-3 3.59943E-3 4.46061E-3 6.14659E-3 3.98504E-3 3.5271E-3 2.8815E-3 2.25815E-3 1.40152E-3 1.1464E-3 8.01518E-4 1.17167E-3 4.15365E-3 1.22563E-2 1.33979E-2 9.04284E-3 5.35722E-3 3.27092E-3 2.02185E-3 1.78777E-3 1.54631E-3 1.25322E-3 1.97434E-3 1.56841E-3 1.24039E-3 9.78476E-4 8.02705E-4 8.38796E-4 1.06607E-3 9.30959E-4 5.49354E-4 2.68539E-4 3.31491E-4 1.98098E-3 3.32854E-3 1.97377E-3 9.99541E-4 8.15967E-4 5.60611E-4 4.81087E-4 3.06401E-4 5.48524E-4 1.68402E-3 3.20838E-3 5.00425E-3 6.33159E-3 5.68613E-3 2.18093E-3 1.52901E-3 2.18093E-3 4.7715E-4 3.03526E-4 3.50592E-4 2.89209E-4 2.21188E-4 1.90768E-4 1.01663E-4 3.81457E-5
3.28233E-3 1.98982E-3 1.15633E-3 9.48321E-4 7.32662E-4 1.20798E-3 2.07545E-3 2.76217E-3 4.05928E-3 5.08508E-3 3.54406E-3 2.46554E-3 1.81728E-3 1.08807E-3 6.84689E-4 3.39492E-4 2.22055E-4 1.60038E-4 7.06627E-4 3.68053E-3 1.27133E-2 1.62074E-2 8.56199E-3 4.08497E-3 2.47694E-3 1.8164E-3 9.51355E-4 6.5517E-4 4.89965E-4 6.3772E-4 5.5808E-4 4.23683E-4 2.92986E-4 2.26966E-4 2.36E-4 3.66593E-4 3.87404E-4 3.78625E-4 2.34288E-4 2.4294E-4 1.41689E-3 2.36747E-3 4.90467E-4 1.54681E-4 1.20832E-4 3.95629E-5 9.46952E-5 3.24463E-4 5.489E-4 7.16028E-4 9.73387E-4 1.48094E-3 4.30851E-3 8.27783E-3 4.13877E-3 2.39747E-3 1.83484E-2 1.34093E-3 3.76625E-4 3.34188E-4 2.89209E-4 3.59075E-4 4.66065E-4 2.43955E-4 9.4136E-5
2.52816E-3 1.37437E-3 1.68187E-3 4.49718E-3 3.88708E-3 3.08748E-3 3.43848E-3 3.3517E-3 3.9639E-3 5.63644E-3 6.80391E-3 3.87272E-3 6.36289E-4 3.37854E-4 1.40936E-4 5.16532E-5 3.16707E-5 4.50463E-5 1.47531E-4 1.04449E-3 4.85809E-3 1.08374E-2 5.88058E-3 2.9032E-3 1.88949E-3 1.81188E-3 1.49443E-3 5.5808E-4 2.45562E-4 2.33018E-4 2.27474E-4 1.37496E-4 7.00333E-5 5.36711E-5 7.36252E-5 1.31774E-4 2.16411E-4 2.58271E-4 2.44434E-4 1.15478E-4 2.15969E-4 3.46669E-4 1.01303E-4 2.64029E-5 3.91153E-5 3.83072E-5 7.38473E-4 1.93803E-3 5.69543E-4 2.01932E-4 3.91313E-4 6.60783E-4 2.18093E-3 7.52822E-3 1.00781E-2 2.86198E-3 1.04579E-2 7.67306E-3 2.25033E-3 6.91873E-4 3.03526E-4 3.03526E-4 9.94644E-4 1.11215E-3 5.49042E-4
1.3445E-3 1.08414E-3 1.5784E-3 3.69375E-3 5.76547E-3 7.59699E-3 8.66646E-3 8.97802E-3 8.60021E-3 1.16911E-2 8.62915E-3 3.32074E-3 1.04602E-3 3.23844E-4 6.28691E-5 9.70064E-6 9.51341E-6 2.33561E-5 7.94729E-5 1.64798E-4 6.37824E-4 1.26688E-3 1.18806E-3 1.36354E-3 1.30594E-3 1.83753E-3 2.47683E-3 8.91796E-4 3.14545E-4 1.47631E-4 1.00865E-4 4.97933E-5 1.90192E-5 1.25024E-5 2.39368E-5 3.93597E-5 6.44188E-5 9.16009E-5 5.55234E-5 3.98552E-5 1.83001E-5 3.09835E-5 4.69738E-5 5.49233E-5 8.12052E-5 1.62958E-4 1.16893E-3 1.29902E-3 3.85699E-4 1.70913E-4 3.31163E-4 1.11215E-3 1.7793E-3 4.35235E-3 7.74757E-3 3.04566E-3 4.22165E-3 1.30166E-2 7.17747E-3 2.71872E-3 6.45733E-4 1.21509E-4 1.41393E-4 4.04469E-4 5.39085E-5
7.74335E-4 5.89498E-4 7.33553E-4 1.81759E-3 4.73709E-3 1.0239E-2 1.30286E-2 1.45594E-2 1.57361E-2 1.5288E-2 1.04326E-2 3.92494E-3 1.45437E-3 2.45562E-4 3.48635E-5 7.45651E-6 9.54682E-6 1.98762E-5 7.53935E-5 2.622E-4 5.34701E-4 3.62411E-4 6.6374E-5 1.09423E-4 3.01639E-4 1.45894E-3 4.19307E-3 1.52111E-3 4.11209E-4 1.16243E-4 4.63391E-5 2.09631E-5 9.81603E-6 4.02204E-6 3.43568E-6 4.11972E-6 7.45651E-6 1.79852E-5 1.28514E-5 3.64167E-6 1.46219E-6 4.55377E-6 3.19955E-5 1.08625E-4 1.19524E-4 1.58991E-4 2.59831E-4 1.8126E-4 1.45752E-4 1.41393E-4 2.66581E-4 7.59113E-4 9.5097E-4 1.93886E-3 2.29351E-3 1.52478E-3 2.29351E-3 5.10001E-3 5.91432E-3 5.46825E-3 7.83616E-4 3.95994E-5 1.7465E-5 6.8996E-5 3.46092E-6
8.4069E-4 3.15648E-4 2.38995E-4 7.66652E-4 2.13867E-3 4.37311E-3 5.73026E-3 1.02065E-2 1.08278E-2 1.73461E-2 1.45829E-2 5.89194E-3 1.4351E-3 2.22055E-4 3.98561E-5 1.26254E-5 1.28809E-5 2.51683E-5 6.98738E-5 2.21808E-4 3.95276E-4 6.11594E-4 1.54799E-4 3.50199E-5 8.2366E-5 6.93512E-4 2.60112E-3 1.07238E-3 2.78325E-4 8.05818E-5 2.90435E-5 1.17276E-5 7.44728E-6 3.03509E-6 1.99477E-6 3.24012E-6 3.56598E-6 1.05094E-5 1.27762E-5 4.86476E-6 1.56818E-6 3.8239E-6 5.1142E-5 2.21169E-4 2.35864E-4 1.17136E-4 1.53223E-4 2.38065E-4 3.62744E-4 4.70826E-4 7.48655E-4 8.88804E-4 5.82896E-4 6.02489E-4 6.96196E-4 5.39548E-4 6.80362E-4 1.25133E-3 1.52478E-3 7.22152E-4 4.00041E-5 5.74216E-7 2.45499E-8 5.39008E-7 8.54455E-7
8.78095E-4 2.16107E-4 6.15571E-5 3.31682E-5 7.78287E-4 2.47683E-3 7.03166E-4 5.78419E-3 8.39028E-3 1.30665E-2 1.72104E-2 5.8861E-3 1.18229E-3 1.81926E-4 2.78425E-5 1.22069E-5 9.35644E-6 2.1993E-5 8.68794E-5 3.39068E-4 4.42885E-4 3.10935E-4 1.82739E-4 1.80113E-4 3.19809E-4 4.50576E-4 3.74528E-4 2.26612E-4 4.56297E-5 3.02927E-5 1.79778E-5 1.58538E-5 1.07071E-5 7.11889E-6 6.91818E-6 1.16267E-5 3.7394E-5 1.29612E-4 7.49215E-5 1.43593E-5 4.99854E-6 1.22496E-5 1.02973E-4 2.26926E-4 2.21454E-4 1.7751E-4 1.45752E-4 3.86692E-4 7.75694E-4 1.40271E-3 2.55402E-3 1.13715E-3 6.9894E-4 3.80473E-4 3.64203E-4 2.22216E-4 1.43232E-4 2.53427E-4 3.91246E-4 7.10416E-5 1.30463E-6 2.45499E-8 1.5308E-9 4.09854E-9 -9999
3.70735E-3 1.06417E-3 4.52461E-5 2.18988E-9 1.24866E-4 9.21493E-6 5.29835E-5 4.03573E-3 1.0591E-2 1.17947E-2 9.72783E-3 3.97537E-3 7.62527E-4 8.95063E-5 1.84772E-5 7.14336E-6 6.61025E-6 2.1084E-5 1.1127E-4 3.89975E-4 1.09081E-3 1.56281E-3 1.61117E-3 7.96027E-4 5.40192E-4 6.92503E-4 3.11596E-4 7.13223E-5 7.33795E-6 1.11494E-5 1.69881E-5 2.3256E-5 2.28912E-5 1.5633E-5 1.29539E-5 2.89814E-5 7.42035E-5 1.28351E-4 6.77203E-5 2.665E-5 1.57935E-5 2.26208E-5 5.62033E-5 8.00611E-5 1.16168E-4 1.7076E-4 1.31176E-4 2.08878E-4 2.97035E-4 4.61632E-4 3.79624E-4 5.76102E-4 5.86743E-4 4.06686E-4 2.57394E-4 9.0524E-5 1.81433E-5 5.51237E-5 2.51187E-4 1.99053E-5 1.43046E-6 3.131E-7 8.30906E-8 1.97066E-8 -9999
2.16065E-2 8.06596E-3 1.03437E-4 2.16119E-6 1.14227E-7 1.47411E-5 1.18891E-3 9.94868E-3 1.54605E-2 7.38711E-3 2.25815E-3 1.25524E-3 2.72658E-4 2.42811E-5 1.032E-5 4.50718E-6 4.77822E-6 3.01647E-5 1.66177E-4 7.03166E-4 5.24466E-3 7.54556E-3 4.98693E-3 2.68933E-3 1.53058E-3 7.83616E-4 3.57639E-4 1.12592E-4 4.4179E-5 2.87022E-5 2.26259E-5 2.97568E-5 3.04093E-5 2.21609E-5 1.26805E-5 2.23773E-5 5.2825E-5 6.31195E-5 3.30987E-5 1.44583E-5 7.91838E-6 7.47593E-6 1.11494E-5 2.00175E-5 4.02175E-5 7.45931E-5 7.15571E-5 5.66406E-5 6.08723E-5 1.14746E-4 9.46758E-5 7.60125E-5 1.69206E-4 1.43232E-4 6.98283E-5 3.79549E-5 1.2968E-5 4.45731E-5 6.74251E-5 9.68038E-6 1.30463E-6 6.28647E-6 3.89561E-6 -9999 -9999
1.76314E-2 2.41124E-2 2.90779E-3 9.14747E-4 7.32959E-4 6.57066E-4 6.0045E-3 1.91713E-2 1.67578E-2 3.90683E-3 5.32765E-4 6.43223E-4 1.60167E-4 8.38551E-6 4.56404E-6 4.33945E-6 4.25251E-6 4.66662E-5 4.16793E-4 2.01581E-3 1.63015E-2 1.93799E-2 1.10366E-2 5.74392E-3 2.9493E-3 1.19711E-3 7.02402E-4 3.8527E-4 1.34992E-4 3.85855E-5 3.00094E-5 2.71267E-5 1.82973E-5 4.87943E-6 3.46092E-6 8.06302E-6 2.74039E-5 2.71266E-5 1.20081E-5 4.56741E-6 2.58153E-6 1.7068E-6 1.82327E-6 6.40842E-6 2.2552E-5 4.80889E-5 6.12491E-5 4.66379E-5 2.6184E-5 2.92923E-5 1.75752E-5 1.41824E-5 9.59067E-6 4.05386E-6 4.93391E-6 1.52124E-5 2.89582E-5 2.81801E-5 1.52124E-5 6.05134E-6 6.92655E-6 1.28398E-5 -9999 -9999 -9999
7.95476E-3 4.74858E-3 1.2328E-2 1.30665E-2 1.70551E-2 9.90466E-3 1.48672E-2 2.41817E-2 2.22674E-2 7.33682E-3 1.57254E-3 9.79887E-4 3.06401E-4 1.29237E-5 2.29043E-6 6.81348E-6 2.07867E-5 1.96951E-4 1.4351E-3 7.29334E-3 3.23044E-2 3.1955E-2 1.55575E-2 8.7599E-3 5.39808E-3 2.76095E-3 1.74331E-3 1.21001E-3 5.48649E-4 1.68676E-4 1.18435E-4 8.04988E-5 8.5443E-6 3.2493E-7 4.34154E-7 1.10697E-6 3.60151E-6 5.87799E-6 2.51941E-6 1.21156E-6 1.28286E-6 5.11933E-7 2.2876E-7 2.69843E-6 2.1993E-5 5.18066E-5 8.5666E-5 6.4846E-5 2.88471E-5 1.19696E-5 3.6873E-6 1.54916E-6 6.29701E-7 8.08467E-8 2.65531E-7 2.16535E-6 6.91987E-6 5.76283E-6 1.45797E-6 2.6307E-7 3.06261E-7 3.41205E-7 -9999 -9999 -9999
4.91017E-2 5.15427E-2 6.59928E-2 5.37396E-2 5.89651E-2 5.79341E-2 4.81381E-2 2.93043E-2 3.15662E-2 2.78967E-2 1.69867E-2 7.57753E-3 1.38693E-3 2.81606E-5 1.21434E-6 4.14045E-6 3.34918E-5 4.3451E-4 3.37759E-3 1.05565E-2 3.29872E-2 2.59632E-2 1.26709E-2 9.60559E-3 8.10784E-3 4.11324E-3 2.37017E-3 2.88397E-3 2.45463E-3 1.15491E-3 6.54194E-4 4.28884E-4 3.02694E-5 1.31033E-6 4.59157E-7 3.81987E-7 4.34154E-7 5.16064E-7 4.59877E-7 3.59841E-7 4.90834E-7 3.2152E-7 1.11931E-7 2.18841E-6 3.00324E-5 1.00865E-4 1.89447E-4 9.30029E-5 3.09148E-5 9.45854E-6 2.0589E-6 8.04864E-7 1.84178E-7 4.74226E-8 8.64658E-8 5.09113E-7 1.56384E-6 1.80529E-6 4.16783E-7 1.3324E-8 8.01707E-9 -9999 -9999 -9999 -9999
1.57577E-1 1.27245E-1 1.33449E-1 1.24631E-1 8.90143E-2 7.255E-2 7.80943E-2 5.39524E-2 4.56897E-2 3.53276E-2 2.65784E-2 1.98431E-2 2.49543E-3 1.00335E-4 2.6731E-6 1.10847E-7 5.30217E-6 4.30067E-4 4.58891E-3 1.47253E-2 2.05324E-2 1.43684E-2 7.30828E-3 5.72654E-3 4.33515E-3 2.02672E-3 1.47577E-3 2.66908E-3 2.78314E-3 1.38168E-3 6.60835E-4 3.17553E-4 7.59031E-5 1.22929E-5 1.90059E-6 3.63256E-7 7.88691E-8 7.23997E-8 1.47853E-7 2.43528E-7 4.82466E-7 6.79659E-7 8.19602E-7 4.76131E-6 4.36788E-5 1.21455E-4 1.67394E-4 1.19145E-4 2.70706E-5 7.1894E-6 1.87548E-6 6.50419E-7 1.57358E-7 5.76615E-8 6.89147E-8 2.679E-7 8.09659E-7 1.13979E-6 6.64522E-7 8.28355E-8 -9999 -9999 -9999 -9999 -9999
2.39272E-1 2.71625E-1 1.96536E-1 1.41731E-1 1.0403E-1 8.50431E-2 1.0624E-1 1.02385E-1 4.61948E-2 1.42371E-2 1.36178E-2 1.15565E-2 1.24531E-3 1.53088E-4 2.10088E-6 9.56113E-8 4.59653E-6 6.20093E-4 9.07684E-3 2.19735E-2 1.2902E-2 7.10639E-3 3.32733E-3 2.14354E-3 1.50515E-3 7.30656E-4 3.97744E-4 5.65313E-4 6.70795E-4 3.8527E-4 1.99857E-4 1.41987E-4 1.17956E-4 7.53612E-5 9.18303E-6 6.45954E-7 5.12036E-8 3.53943E-8 1.22643E-7 6.42186E-7 7.90444E-7 1.43046E-6 3.52744E-6 1.19148E-5 4.3124E-5 1.06275E-4 1.22547E-4 7.04092E-5 1.74653E-5 5.76684E-6 2.08276E-6 5.91741E-7 2.05249E-7 9.38071E-8 9.02134E-8 1.87133E-7 -9999 -9999 -9999 -9999 -9999 -9999 -9999 -9999 -9999
4.06552E-1 3.15267E-1 1.78119E-1 1.17037E-1 8.52534E-2 7.15747E-2 7.20336E-2 4.69646E-2 2.10752E-2 6.31453E-3 3.56707E-3 1.49704E-3 1.96423E-4 2.06545E-5 1.20116E-6 6.64522E-7 4.04169E-5 9.60605E-4 2.22761E-3 3.51716E-3 4.61694E-3 4.17599E-3 1.58558E-3 9.65887E-4 8.89939E-4 3.44556E-4 1.1593E-4 7.10416E-5 6.68318E-5 6.91568E-5 6.11158E-5 7.28661E-5 1.37341E-4 1.83813E-4 2.73336E-5 2.60171E-6 3.97778E-7 1.94303E-7 4.39657E-7 8.7183E-7 2.30215E-6 6.05134E-6 1.74898E-5 4.26122E-5 7.68141E-5 8.84727E-5 7.04539E-5 3.34918E-5 1.12795E-5 4.79146E-6 1.99979E-6 7.84718E-7 3.46897E-7 2.06452E-7 1.58761E-7 -9999 -9999 -9999 -9999 -9999 -9999 -9999 -9999 -9999 -9999
3.91851E-1 2.82114E-1 1.44833E-1 8.5905E-2 5.50737E-2 5.05932E-2 4.0014E-2 2.14367E-2 9.15332E-3 2.72556E-3 9.2463E-4 2.39397E-4 2.71267E-5 3.37916E-6 7.77445E-7 8.90888E-7 3.15901E-5 2.52538E-4 1.14855E-4 2.14805E-4 1.89315E-3 4.8563E-3 3.50898E-3 1.39703E-3 3.25746E-4 7.04211E-5 3.28733E-5 2.34836E-5 1.86542E-5 1.56031E-5 2.1185E-5 4.56591E-5 9.27294E-5 1.01576E-4 3.71066E-5 8.48693E-6 2.56139E-6 1.42656E-6 1.59811E-6 3.10584E-6 9.27969E-6 2.31549E-5 7.16754E-5 1.49324E-4 1.54454E-4 8.80306E-5 3.05521E-5 1.39806E-5 4.87374E-6 2.69694E-6 1.5296E-6 8.69549E-7 5.13434E-7 4.07263E-7 5.42476E-7 -9999 -9999 -9999 -9999 -9999 -9999 -9999 -9999 -9999 -9999
3.45023E-1 2.65786E-1 1.5124E-1 1.02172E-1 8.10326E-2 4.98502E-2 2.68546E-2 1.10242E-2 3.9987E-3 1.07417E-3 2.72579E-4 6.9684E-5 1.6626E-5 3.15834E-6 1.06147E-6 1.53573E-6 1.04237E-5 4.00041E-5 5.22066E-5 1.54014E-4 1.29572E-3 5.25688E-3 5.4115E-3 1.73688E-3 1.73479E-4 3.96951E-5 2.02647E-5 1.81403E-5 1.47923E-5 7.99292E-6 1.27045E-5 3.37176E-5 5.9527E-5 6.66034E-5 4.132E-5 2.03432E-5 9.79321E-6 6.31258E-6 6.49853E-6 1.01344E-5 2.17894E-5 5.49068E-5 1.85189E-4 5.36295E-4 2.596E-4 6.80267E-5 1.41101E-5 2.53983E-6 1.30095E-6 1.18604E-6 1.13347E-6 8.56821E-7 6.82467E-7 7.20639E-7 8.69549E-7 -9999 -9999 -9999 -9999 -9999 -9999 -9999 -9999 -9999 -9999
