KUENM/Final_Models/M_0.1_F_lq_Set_2_NE/sp1_6_se_asia.asc
ncols         320
nrows         243
xllcorner     44.0
yllcorner     -0.666666666666667
cellsize      0.166666666666667
NODATA_value  -9999
[rows 31 to 61 of 243, columns 70 to 139 of 320]
1.10788E-2 1.13712E-2 1.12374E-2 1.13712E-2 1.13712E-2 1.09487E-2 1.08199E-2 1.01425E-2 6.65589E-3 5.02185E-3 8.45799E-3 9.37813E-3 9.06749E-3 7.00572E-3 6.04641E-3 5.40755E-3 6.31818E-3 7.85861E-3 9.42746E-3 9.94122E-3 1.00411E-2 1.02388E-2 1.0219E-2 1.00903E-2 9.30857E-3 5.21384E-3 7.18642E-3 5.52032E-3 2.84072E-3 6.74325E-3 1.01271E-2 1.13903E-2 1.06228E-2 1.1118E-2 1.06047E-2 7.97326E-3 6.14766E-3 4.82351E-3 3.60925E-3 1.31895E-3 1.34846E-3 5.54859E-4 4.07734E-4 1.00199E-4 3.1389E-5 4.33099E-5 3.94736E-5 1.92126E-5 1.03516E-5 7.82482E-6 2.72022E-6 3.20268E-6 1.19105E-6 3.91131E-6 5.56997E-6 9.25396E-6 1.01524E-5 1.34191E-5 8.02824E-6 6.27087E-6 8.0958E-6 5.18259E-6 2.54856E-6 1.7673E-6 1.11124E-6 5.8808E-7 3.896E-7 9.68956E-7 2.9085E-7 3.29137E-7
1.10096E-2 1.10096E-2 1.10096E-2 1.10096E-2 1.06055E-2 1.02136E-2 1.08633E-2 1.01944E-2 7.73267E-3 5.55986E-3 8.8848E-3 9.09657E-3 8.6573E-3 5.17143E-3 2.05679E-3 2.08762E-3 3.58205E-3 5.83574E-3 7.6897E-3 8.93906E-3 9.42754E-3 9.93676E-3 1.05864E-2 7.93607E-3 9.56376E-3 1.12464E-2 9.40232E-3 9.88185E-3 6.02096E-3 5.30901E-3 8.50969E-3 9.16402E-3 8.60545E-3 1.00591E-2 1.27018E-2 1.16294E-2 1.05814E-2 9.36047E-3 8.06494E-3 6.179E-3 5.56223E-3 2.99875E-3 3.56021E-4 3.94736E-5 2.31263E-4 9.96004E-4 3.96972E-4 6.58119E-5 1.33603E-5 2.0063E-5 2.03314E-5 8.51221E-6 6.86691E-6 6.50092E-6 5.07279E-6 7.82211E-6 7.75774E-6 3.19274E-6 3.6508E-6 2.15329E-6 2.00142E-6 1.35183E-6 9.87245E-7 9.40154E-7 6.38608E-7 9.43848E-7 8.96523E-7 7.968E-7 1.43524E-6 6.60556E-7
1.12967E-2 1.11605E-2 1.11605E-2 1.06262E-2 8.46975E-3 6.47919E-3 8.67849E-3 8.45116E-3 6.34284E-3 6.65389E-3 9.41666E-3 9.1332E-3 8.02889E-3 6.12743E-3 3.04794E-3 1.68444E-3 1.1429E-3 3.58205E-3 5.33133E-3 5.30127E-3 5.93287E-3 8.6528E-3 1.037E-2 7.98663E-3 6.52554E-3 1.2644E-2 1.35835E-2 1.33122E-2 1.2505E-2 1.14502E-2 9.73862E-3 8.40969E-3 1.02651E-2 1.02962E-2 1.0319E-2 7.8919E-3 5.77935E-3 9.01045E-3 1.13368E-2 1.01483E-2 8.19218E-3 6.62364E-3 3.79001E-3 2.83834E-3 1.66815E-3 1.32941E-4 2.79236E-5 3.80512E-5 2.57188E-5 2.31871E-5 9.98508E-6 2.49847E-6 2.11033E-6 2.47129E-6 1.67562E-6 1.81751E-6 1.78966E-6 1.92575E-6 3.06776E-6 2.26295E-6 2.12039E-6 1.75408E-6 2.8551E-6 3.85883E-6 2.15806E-6 1.98793E-6 1.58022E-6 2.68903E-6 1.12354E-6 3.11575E-6
1.12962E-2 1.07594E-2 1.06279E-2 9.75251E-3 7.17525E-3 3.42726E-3 6.09609E-3 6.58466E-3 4.81777E-3 7.79167E-3 9.2192E-3 8.50409E-3 7.06043E-3 5.91876E-3 4.52027E-3 3.23183E-3 1.06018E-3 6.35859E-4 2.01569E-3 2.59547E-3 3.10795E-3 4.98957E-3 7.59375E-3 9.03303E-3 8.08897E-3 1.24917E-2 1.30103E-2 1.52691E-2 1.58821E-2 1.56278E-2 1.58145E-2 1.47478E-2 1.19168E-2 1.09516E-2 7.20653E-3 3.15422E-3 5.15037E-3 7.09071E-3 5.45155E-3 4.13261E-3 2.11403E-3 7.32439E-4 2.33043E-4 9.68575E-5 1.2703E-4 6.40181E-5 2.99682E-5 4.54361E-5 1.59127E-5 8.19416E-6 4.76659E-6 4.20722E-6 2.83291E-6 2.99621E-6 2.37675E-6 2.30277E-6 4.10273E-6 3.0925E-6 2.5547E-6 4.40022E-6 5.80664E-6 2.50974E-6 3.06758E-6 8.95349E-6 6.58552E-6 4.07409E-6 1.36716E-6 9.6265E-7 3.61385E-6 6.715E-6
1.08775E-2 1.07434E-2 1.03614E-2 9.51427E-3 5.59188E-3 4.58453E-3 7.19105E-3 4.42452E-3 2.6859E-3 5.73015E-3 8.78446E-3 8.40282E-3 6.89541E-3 4.90582E-3 3.99124E-3 4.08525E-3 3.152E-3 1.38501E-3 1.16717E-3 2.79589E-3 3.30679E-3 2.57455E-3 4.71248E-3 7.03836E-3 7.51359E-3 1.04671E-2 9.42754E-3 1.22298E-2 1.53328E-2 1.58313E-2 1.29044E-2 1.38557E-2 1.12464E-2 6.9587E-3 4.82223E-3 4.96183E-3 5.67845E-3 4.55616E-3 2.51167E-3 1.07793E-3 7.22838E-4 2.52934E-4 4.50338E-5 2.40899E-5 2.72417E-5 3.94246E-5 5.35133E-5 2.66774E-5 5.65729E-6 4.80326E-6 3.42567E-6 2.67731E-6 2.29827E-6 3.88653E-6 4.43611E-6 4.97511E-6 2.74524E-6 3.62167E-6 2.1368E-6 2.59517E-6 1.32298E-5 5.3956E-6 5.3956E-6 1.7314E-5 2.1102E-6 2.4809E-6 1.7992E-6 3.06621E-6 1.10346E-5 5.61411E-6
1.03325E-2 1.0463E-2 9.2684E-3 7.21306E-3 6.41679E-3 9.39339E-3 1.13764E-2 8.50638E-3 2.71214E-3 2.31133E-3 6.9623E-3 7.91142E-3 6.57496E-3 5.69231E-3 4.46259E-3 4.4688E-3 4.42168E-3 3.71975E-3 1.98466E-3 1.21879E-3 2.50562E-3 2.99989E-3 4.11148E-3 5.56584E-3 3.87992E-3 4.00368E-3 9.1294E-3 9.72982E-3 1.35233E-2 1.47822E-2 1.33335E-2 1.40668E-2 1.03678E-2 6.19595E-3 6.79471E-3 7.4032E-3 5.21383E-3 3.56991E-3 2.00585E-3 1.95348E-3 8.79595E-4 3.26681E-4 1.91923E-4 4.87056E-5 4.83149E-5 1.78909E-5 7.24528E-6 4.64788E-6 9.602E-6 5.36011E-6 1.1297E-5 1.00613E-5 8.08313E-6 2.99621E-6 3.88653E-6 4.40022E-6 3.16749E-6 8.0958E-6 1.17918E-5 2.25664E-5 2.4672E-5 3.65067E-6 1.41458E-5 4.62895E-5 6.60421E-6 2.44616E-5 6.11621E-5 2.3225E-5 2.43999E-6 6.39685E-7
1.08193E-2 9.71952E-3 7.59733E-3 4.09879E-3 4.25561E-3 1.02034E-2 1.30327E-2 1.19014E-2 6.46746E-3 1.09774E-3 4.05523E-3 5.97118E-3 4.90243E-3 4.92572E-3 5.06379E-3 4.92057E-3 4.71935E-3 3.90084E-3 4.4213E-3 2.73737E-3 1.60499E-3 2.20278E-3 2.64287E-3 2.34759E-3 4.42061E-3 4.90322E-3 8.37101E-3 1.11578E-2 1.30232E-2 1.40754E-2 1.39113E-2 1.36714E-2 1.15938E-2 9.42754E-3 8.45074E-3 6.79338E-3 5.1883E-3 3.66683E-3 3.05406E-3 2.6347E-3 1.22344E-3 3.84457E-4 2.74231E-4 2.16552E-4 2.91396E-5 1.82249E-5 4.08097E-5 9.65354E-5 8.79484E-5 5.60128E-5 2.10749E-5 1.59943E-5 9.25396E-6 9.17823E-6 5.55433E-6 3.01988E-6 8.57932E-6 9.89757E-6 7.86944E-5 1.71234E-4 6.88223E-5 5.48628E-6 8.69021E-5 2.3936E-4 1.16898E-4 7.98178E-5 7.82217E-6 1.00718E-6 1.05257E-6 4.23223E-6
1.02853E-2 8.08214E-3 5.79214E-3 3.20922E-3 4.09879E-3 9.03773E-3 1.22816E-2 1.287E-2 8.40084E-3 2.36495E-3 2.39351E-3 5.02669E-3 4.99505E-3 4.18756E-3 4.79202E-3 5.06379E-3 5.20013E-3 4.67282E-3 5.11306E-3 4.52374E-3 2.96219E-3 1.79672E-3 1.35617E-3 9.7579E-4 1.67416E-3 1.02695E-3 2.08026E-3 7.76242E-3 1.25244E-2 1.41174E-2 1.33143E-2 1.17728E-2 1.05974E-2 9.41012E-3 8.02989E-3 6.35772E-3 4.37783E-3 3.62001E-3 4.23049E-3 4.23049E-3 3.59403E-3 2.27027E-3 9.14229E-4 3.6353E-4 2.79301E-4 5.79892E-4 4.70014E-4 1.71234E-4 3.31151E-5 6.58994E-5 4.75174E-5 1.92686E-5 4.61844E-6 5.59965E-6 1.11269E-5 1.47335E-5 3.65428E-5 2.37514E-5 7.17883E-5 9.79747E-5 4.63495E-4 1.42502E-5 1.40619E-4 6.20849E-4 1.08056E-4 4.31541E-5 1.40221E-5 3.46882E-6 5.2334E-6 2.68264E-6
9.67709E-3 8.17606E-3 5.00839E-3 4.99581E-3 5.41605E-3 7.40687E-3 1.15693E-2 1.32598E-2 1.20159E-2 7.29377E-3 3.10826E-3 4.64579E-3 6.22079E-3 5.66904E-3 5.63494E-3 5.32761E-3 4.96355E-3 4.55842E-3 4.67282E-3 4.13194E-3 3.42587E-3 1.92119E-3 1.03646E-3 5.51834E-4 8.17703E-4 6.75851E-4 9.8586E-4 1.95272E-3 9.26788E-3 1.18915E-2 1.08841E-2 1.01628E-2 9.69516E-3 8.43189E-3 6.67586E-3 6.17734E-3 4.5647E-3 4.40251E-3 4.78231E-3 5.06261E-3 3.36796E-3 1.9123E-3 1.21162E-3 1.54245E-3 8.78715E-4 1.24804E-3 6.22963E-4 4.14488E-4 6.99651E-4 3.14507E-4 1.45114E-4 5.22408E-5 9.89757E-6 8.43927E-6 1.20903E-5 2.87198E-5 8.5676E-5 6.10486E-5 1.99594E-4 8.94112E-4 4.19303E-4 1.31137E-4 6.87018E-4 2.48541E-4 2.82065E-5 2.97753E-6 4.4927E-6 6.16078E-6 3.08524E-6 2.22281E-6
8.46674E-3 8.68615E-3 6.95251E-3 5.42707E-3 4.4175E-3 4.8572E-3 9.02433E-3 1.19752E-2 1.35986E-2 1.2477E-2 3.2907E-3 3.76007E-3 7.85458E-3 7.9332E-3 7.39858E-3 5.08105E-3 4.94611E-3 3.28537E-3 2.29048E-3 2.28192E-3 2.70006E-3 1.411E-3 8.70249E-4 9.19454E-4 1.5055E-3 1.67027E-3 2.0279E-3 1.30012E-3 6.50499E-3 1.0507E-2 9.54773E-3 9.82214E-3 9.60246E-3 7.4522E-3 6.78985E-3 5.06095E-3 3.51985E-3 3.78476E-3 5.11744E-3 3.16833E-3 2.39163E-3 3.1166E-3 2.97998E-3 1.09607E-3 8.3405E-4 6.65904E-4 1.9153E-3 7.90549E-4 1.46528E-4 1.23946E-4 2.65088E-5 7.05292E-6 8.64991E-6 2.33518E-5 9.93286E-5 4.46713E-4 5.39588E-4 4.2339E-5 6.53623E-4 2.39284E-3 5.53473E-4 7.31682E-4 3.0239E-4 8.80355E-5 1.66148E-5 1.45436E-5 2.8438E-5 4.03717E-6 4.62632E-6 7.01651E-6
5.15738E-3 9.00692E-3 7.31119E-3 5.00839E-3 3.47442E-3 3.60819E-3 7.7906E-3 9.59754E-3 1.00756E-2 1.19014E-2 9.51128E-3 8.07678E-3 1.01196E-2 9.5075E-3 9.25627E-3 8.20329E-3 7.25268E-3 5.80077E-3 2.92296E-3 3.56141E-3 3.72796E-3 2.98013E-3 2.44002E-3 9.50913E-4 5.44136E-4 1.80623E-3 3.03912E-3 3.55032E-3 6.26986E-3 8.70205E-3 1.15062E-2 1.06645E-2 9.05604E-3 7.22275E-3 7.22275E-3 6.59474E-3 5.50883E-3 5.22344E-3 4.73103E-3 4.17698E-3 4.94973E-3 4.02893E-3 4.94949E-3 4.89174E-3 3.34172E-3 2.07692E-3 1.89669E-3 2.95426E-4 9.899E-5 3.11781E-5 1.8785E-5 7.19769E-5 5.7858E-5 1.23721E-4 1.0423E-3 9.95476E-4 2.29182E-4 1.58221E-4 3.15126E-3 4.71466E-3 1.17211E-3 2.01355E-4 6.35871E-4 2.53739E-4 1.23185E-4 1.25186E-4 2.5008E-5 1.9919E-6 1.26191E-5 9.04618E-5
5.2984E-3 7.03578E-3 6.19675E-3 5.42707E-3 4.93304E-3 5.20234E-3 7.22219E-3 9.15245E-3 9.2684E-3 9.84281E-3 1.13764E-2 1.23564E-2 1.12756E-2 9.63083E-3 9.74988E-3 8.90952E-3 8.65825E-3 7.34002E-3 5.73269E-3 4.86367E-3 1.73167E-3 1.02713E-3 1.31022E-3 1.48218E-3 8.25361E-4 6.72583E-4 2.98013E-3 3.68574E-3 5.67024E-3 9.2417E-3 1.09941E-2 1.17037E-2 1.01944E-2 7.91903E-3 6.12228E-3 6.50086E-3 6.93183E-3 5.34947E-3 4.7515E-3 7.91903E-3 7.9762E-3 7.2699E-3 6.87852E-3 4.627E-3 4.4213E-3 3.36877E-3 2.42603E-3 7.8925E-4 5.36846E-4 1.14014E-4 1.32329E-4 1.80782E-4 2.58814E-4 1.22367E-3 2.79859E-3 1.32706E-3 4.48472E-4 4.49619E-4 4.18994E-3 3.20456E-3 1.00874E-3 2.64834E-3 1.67998E-3 7.79787E-4 1.15107E-4 1.54644E-5 8.2144E-6 6.33163E-6 6.58853E-5 2.03778E-4
4.51221E-3 7.48558E-3 6.86238E-3 5.57594E-3 6.27307E-3 5.12338E-3 6.17955E-3 8.29495E-3 7.5007E-3 4.98479E-3 6.72954E-3 1.1664E-2 1.181E-2 9.75251E-3 9.63083E-3 8.80165E-3 7.48853E-3 7.67116E-3 6.38547E-3 4.84864E-3 3.64169E-3 2.92296E-3 1.30683E-3 1.15367E-3 1.43396E-3 1.16638E-3 2.64818E-3 3.1705E-3 3.24664E-3 7.73267E-3 1.12967E-2 1.2298E-2 9.36944E-3 6.12634E-3 6.88225E-3 8.57359E-3 8.04939E-3 7.7419E-3 8.38105E-3 8.26524E-3 7.88617E-3 7.01485E-3 5.75951E-3 4.5144E-3 2.64021E-3 2.06949E-3 1.28593E-3 1.2998E-3 6.10237E-4 5.06505E-4 4.97363E-4 2.98297E-4 1.08017E-3 2.52858E-3 4.26048E-3 2.13362E-3 1.74258E-3 2.51313E-3 8.94358E-3 4.15989E-3 6.02326E-3 5.62968E-3 1.85395E-3 1.87479E-4 1.16941E-5 1.11167E-4 2.38798E-4 3.06796E-4 4.74204E-4 2.22846E-4
5.16412E-3 7.57053E-3 8.059E-3 6.77709E-3 7.13133E-3 7.59572E-3 6.34646E-3 8.19309E-3 7.49609E-3 4.26446E-3 3.17327E-3 1.08629E-2 1.2233E-2 1.10131E-2 1.12884E-2 1.02451E-2 7.39858E-3 5.73742E-3 4.28786E-3 3.35969E-3 2.13909E-3 2.56491E-3 2.92296E-3 1.56464E-3 1.47015E-3 1.97668E-3 2.95674E-3 3.28466E-3 2.69005E-3 2.92499E-3 8.45116E-3 1.17013E-2 1.04977E-2 8.48458E-3 9.63277E-3 8.93977E-3 8.61303E-3 7.48813E-3 7.98919E-3 7.38482E-3 6.77176E-3 2.79098E-3 2.95907E-3 4.11345E-3 4.45367E-3 4.7642E-3 2.94669E-3 3.20233E-3 2.85451E-3 1.65242E-3 6.42393E-4 1.1382E-3 2.74784E-3 4.61354E-3 6.14246E-3 6.61141E-3 7.96373E-3 7.94581E-3 2.43762E-3 3.26313E-3 3.69103E-3 1.68755E-3 5.4302E-4 1.61493E-4 1.60216E-4 7.79416E-4 1.15566E-3 9.86855E-4 3.50729E-4 7.38227E-4
2.93786E-3 5.96104E-3 6.11536E-3 6.95251E-3 6.68852E-3 6.17955E-3 6.50829E-3 8.19107E-3 9.04711E-3 7.39547E-3 7.10254E-3 1.4239E-2 1.46005E-2 1.26678E-2 1.32785E-2 1.1558E-2 9.99575E-3 8.46975E-3 6.80001E-3 5.91037E-3 4.28786E-3 2.63171E-3 1.31156E-3 1.27359E-3 2.33009E-3 2.11467E-3 1.60024E-3 3.02854E-3 5.66904E-3 4.60662E-3 5.24335E-3 9.28094E-3 1.04793E-2 1.04793E-2 9.05244E-3 9.50404E-3 8.92423E-3 8.60224E-3 8.49396E-3 7.69374E-3 7.78187E-3 6.44812E-3 7.35367E-3 8.04939E-3 8.00773E-3 7.13397E-3 6.34884E-3 6.0798E-3 4.71935E-3 2.93898E-3 2.29789E-3 3.31974E-3 4.35264E-3 6.18148E-3 7.85583E-3 9.03512E-3 8.06994E-3 4.68728E-3 1.7523E-3 1.41318E-3 1.30189E-3 1.65897E-3 1.26452E-3 2.30034E-3 2.09643E-3 2.97747E-3 1.82328E-3 1.60275E-3 1.66469E-3 1.00874E-3
1.98148E-3 3.43079E-3 2.67086E-3 5.26839E-3 7.50196E-3 7.5007E-3 8.09085E-3 8.39993E-3 1.00934E-2 9.16609E-3 8.61303E-3 1.58325E-2 1.55214E-2 1.44777E-2 1.38726E-2 1.29528E-2 1.19777E-2 9.8735E-3 8.04939E-3 5.76995E-3 4.55197E-3 2.66396E-3 1.77688E-3 1.52128E-3 2.72685E-3 4.08923E-3 1.80404E-3 1.89534E-3 5.33727E-3 6.07136E-3 6.44812E-3 8.83119E-3 1.03325E-2 1.14606E-2 1.09278E-2 9.92665E-3 9.33718E-3 9.12251E-3 9.00692E-3 8.48224E-3 8.39527E-3 7.98919E-3 8.61303E-3 8.39139E-3 8.16454E-3 8.03033E-3 7.48853E-3 6.19978E-3 5.51897E-3 4.66519E-3 5.10536E-3 6.14576E-3 7.30882E-3 8.15494E-3 9.37002E-3 1.01169E-2 7.80101E-3 5.25292E-3 2.7236E-3 3.84722E-3 4.61998E-3 5.96932E-3 5.81166E-3 5.59573E-3 3.25778E-3 2.5406E-3 3.40858E-3 3.28368E-3 1.73559E-3 6.24723E-4
1.85618E-3 2.58544E-3 2.34144E-3 2.59688E-3 6.25779E-3 7.79117E-3 1.08193E-2 1.32598E-2 1.30327E-2 1.30327E-2 1.30327E-2 1.68805E-2 1.49052E-2 1.50929E-2 1.54743E-2 1.46591E-2 1.29528E-2 1.115E-2 8.58919E-3 6.401E-3 4.30666E-3 3.54579E-3 3.02593E-3 2.0193E-3 1.58951E-3 2.54176E-3 2.66384E-3 1.65211E-3 4.23532E-3 4.31648E-3 5.8755E-3 8.60968E-3 1.06543E-2 1.15277E-2 1.06203E-2 1.02549E-2 9.64948E-3 9.31276E-3 9.64948E-3 9.31276E-3 9.23936E-3 8.81194E-3 8.60968E-3 8.72166E-3 8.82972E-3 8.8243E-3 8.46975E-3 7.19536E-3 6.96532E-3 7.01485E-3 7.26888E-3 7.93543E-3 8.86045E-3 9.49346E-3 1.10076E-2 8.116E-3 6.07436E-3 2.93045E-3 4.08107E-3 6.8052E-3 8.82285E-3 1.13226E-2 1.16042E-2 7.18919E-3 6.34044E-3 6.72956E-3 4.72362E-3 3.03782E-3 1.09008E-3 8.63044E-4
1.17219E-3 5.27475E-4 1.7778E-3 1.86506E-3 4.16048E-3 7.98919E-3 9.98118E-3 1.25946E-2 1.63502E-2 1.77548E-2 1.79794E-2 1.60329E-2 1.42981E-2 1.59156E-2 1.59156E-2 1.61158E-2 1.51571E-2 1.19321E-2 9.16335E-3 6.401E-3 4.81777E-3 3.94533E-3 4.25536E-3 3.53649E-3 1.61448E-3 1.31258E-3 2.88585E-3 2.59948E-3 4.08404E-3 5.26029E-3 5.751E-3 7.40687E-3 9.92665E-3 1.15774E-2 1.05384E-2 1.01808E-2 9.96048E-3 9.96048E-3 9.70652E-3 9.40467E-3 9.19394E-3 9.67709E-3 9.70045E-3 9.71952E-3 9.61278E-3 9.16609E-3 8.39139E-3 7.7419E-3 7.9332E-3 8.22757E-3 8.53101E-3 8.97681E-3 9.90477E-3 1.0884E-2 1.16224E-2 1.09915E-2 1.04671E-2 9.10653E-3 9.12323E-3 1.14502E-2 1.3265E-2 1.3019E-2 1.28356E-2 1.18364E-2 8.44581E-3 6.94996E-3 7.42234E-3 2.6827E-3 8.38847E-4 1.30738E-3
1.65356E-3 1.1234E-3 8.46055E-4 6.81636E-4 2.65373E-3 5.80349E-3 6.19394E-3 4.18438E-3 5.68715E-3 1.77548E-2 2.00803E-2 1.54041E-2 1.59156E-2 1.67659E-2 1.70938E-2 1.70938E-2 1.60329E-2 1.42981E-2 1.0999E-2 8.49564E-3 6.98293E-3 3.61071E-3 2.82186E-3 5.52464E-3 5.30026E-3 3.45291E-3 4.31648E-3 4.42452E-3 5.96901E-3 7.21306E-3 6.41679E-3 7.59733E-3 1.01247E-2 1.15211E-2 1.13731E-2 1.08539E-2 1.08539E-2 1.01371E-2 9.92081E-3 1.05384E-2 1.04465E-2 1.04465E-2 1.0352E-2 9.92665E-3 8.92423E-3 8.19309E-3 7.88616E-3 8.39139E-3 8.27857E-3 9.03335E-3 9.7429E-3 9.98315E-3 1.08778E-2 1.09187E-2 1.25955E-2 1.41174E-2 1.42317E-2 1.47442E-2 1.70435E-2 1.6911E-2 1.67979E-2 1.716E-2 1.65367E-2 1.48017E-2 1.50198E-2 1.28291E-2 8.97161E-3 4.26946E-3 2.89269E-3 2.65158E-3
3.08382E-3 1.46074E-3 1.82122E-3 9.84516E-4 1.24492E-3 3.37098E-3 6.17115E-3 8.48458E-3 9.99536E-3 2.0793E-2 2.20569E-2 1.91302E-2 1.82064E-2 1.79794E-2 1.83167E-2 1.83167E-2 1.74235E-2 1.53273E-2 1.27536E-2 9.39699E-3 9.39699E-3 8.82972E-3 6.44812E-3 6.0218E-3 7.10254E-3 4.67329E-3 4.34444E-3 6.6617E-3 6.7576E-3 6.07805E-3 8.28977E-3 8.07236E-3 9.99584E-3 1.16096E-2 1.1312E-2 1.07973E-2 1.09389E-2 1.06573E-2 1.07973E-2 1.07139E-2 1.08539E-2 1.07659E-2 1.07182E-2 8.91038E-3 8.39527E-3 8.60968E-3 8.71862E-3 8.72166E-3 8.94188E-3 9.63277E-3 1.06279E-2 1.12962E-2 1.08778E-2 9.57362E-3 1.0337E-2 1.27296E-2 1.38431E-2 1.60439E-2 1.83475E-2 1.97392E-2 1.92473E-2 2.06961E-2 1.86986E-2 1.82785E-2 1.37791E-2 1.41496E-2 6.19853E-3 3.58006E-3 3.42353E-3 2.82186E-3
4.44949E-3 3.86305E-3 2.42426E-3 1.37786E-3 2.92649E-4 8.33937E-4 5.18035E-3 7.04779E-3 1.03719E-2 1.93714E-2 2.29954E-2 2.13221E-2 1.98296E-2 2.00803E-2 1.98296E-2 1.95815E-2 1.80875E-2 1.53273E-2 1.37707E-2 1.20515E-2 1.03493E-2 1.09801E-2 9.62374E-3 6.64682E-3 7.29377E-3 4.81553E-3 2.15333E-3 7.1145E-3 8.5019E-3 7.31404E-3 7.7906E-3 1.01247E-2 1.04465E-2 1.16096E-2 1.11656E-2 1.11656E-2 1.08778E-2 1.08778E-2 1.10209E-2 1.12461E-2 1.11656E-2 1.1312E-2 1.13731E-2 1.09532E-2 1.01554E-2 9.57805E-3 9.37362E-3 9.15245E-3 9.62374E-3 1.04793E-2 1.15413E-2 1.27188E-2 1.10096E-2 1.02293E-2 1.05767E-2 1.15812E-2 1.36101E-2 1.44807E-2 1.63903E-2 1.71209E-2 1.8034E-2 2.15352E-2 1.94265E-2 1.89645E-2 1.90983E-2 1.45244E-2 3.77367E-3 2.83203E-3 2.66092E-3 2.40544E-3
2.31258E-3 4.90648E-3 3.65419E-3 2.12391E-3 1.20388E-3 7.25187E-4 2.47778E-3 4.62543E-3 2.44499E-3 1.36109E-2 2.15908E-2 2.23356E-2 2.44347E-2 2.34544E-2 2.25068E-2 2.31604E-2 2.1508E-2 1.67771E-2 1.4239E-2 1.14925E-2 9.27674E-3 1.0463E-2 1.17529E-2 7.9851E-3 7.59035E-3 5.4357E-3 4.58453E-3 7.1145E-3 8.39527E-3 9.33718E-3 9.00692E-3 1.06751E-2 1.20024E-2 1.18477E-2 1.146E-2 1.08778E-2 1.08778E-2 1.10999E-2 1.13234E-2 1.1624E-2 1.1624E-2 1.15436E-2 1.18477E-2 1.04032E-2 9.21868E-3 9.23936E-3 9.71952E-3 9.94924E-3 1.07083E-2 1.19321E-2 1.29528E-2 1.36109E-2 1.20051E-2 1.07574E-2 1.00505E-2 1.23843E-2 1.38431E-2 1.56027E-2 1.60502E-2 1.79905E-2 1.89497E-2 2.34892E-2 2.5155E-2 2.92815E-2 2.97087E-2 1.41357E-2 2.05516E-3 1.88331E-3 1.45326E-3 1.4649E-3
4.25536E-3 2.36542E-3 4.05434E-3 3.43528E-3 2.89123E-3 1.26413E-3 1.14107E-3 1.75114E-3 1.87217E-3 7.88617E-3 1.36109E-2 2.2902E-2 2.73985E-2 2.77841E-2 2.78132E-2 2.78132E-2 2.56781E-2 1.96776E-2 1.58471E-2 1.34283E-2 1.13491E-2 1.09564E-2 1.19752E-2 9.96742E-3 8.19309E-3 6.5792E-3 6.23137E-3 5.28246E-3 5.60944E-3 8.70085E-3 1.13349E-2 1.19138E-2 1.26535E-2 1.22456E-2 1.18477E-2 1.10209E-2 1.1394E-2 1.1624E-2 1.1701E-2 1.13234E-2 9.79296E-3 9.25171E-3 9.92081E-3 9.31276E-3 9.31276E-3 9.67709E-3 1.02853E-2 1.12071E-2 1.14606E-2 1.27536E-2 1.42981E-2 1.34752E-2 1.24499E-2 1.07574E-2 1.11799E-2 1.34383E-2 1.46999E-2 1.70417E-2 1.79642E-2 1.95961E-2 2.14761E-2 2.32589E-2 2.92315E-2 3.27298E-2 3.08688E-2 5.06942E-3 2.47906E-3 1.28501E-3 1.3722E-3 1.71005E-3
5.23987E-3 4.73594E-3 2.50169E-3 2.41154E-3 3.13443E-3 3.36002E-3 1.32459E-3 7.06258E-4 1.2052E-3 2.33367E-3 5.12349E-3 1.9619E-2 2.66726E-2 2.73985E-2 2.78132E-2 2.81892E-2 2.74809E-2 2.53887E-2 1.97677E-2 1.71949E-2 1.46744E-2 1.35386E-2 1.12071E-2 9.2684E-3 7.78826E-3 7.02627E-3 4.2917E-3 3.76987E-3 3.84201E-3 4.66435E-3 1.10945E-2 1.29854E-2 1.36763E-2 1.29033E-2 1.20876E-2 1.1624E-2 1.13234E-2 1.1701E-2 1.26496E-2 1.14729E-2 9.01442E-3 9.25171E-3 8.9309E-3 9.49432E-3 9.74233E-3 1.0352E-2 1.11369E-2 1.20818E-2 1.28202E-2 1.4239E-2 1.54041E-2 1.45767E-2 1.25998E-2 1.24016E-2 1.2967E-2 1.49275E-2 1.71436E-2 1.89354E-2 1.98059E-2 2.20094E-2 2.43969E-2 2.74349E-2 3.25471E-2 3.24227E-2 1.28359E-2 6.77486E-3 1.18706E-2 1.11977E-2 1.01483E-2 6.30144E-3
6.00902E-3 5.51897E-3 3.99124E-3 1.21836E-3 1.25855E-3 2.19935E-3 3.08231E-3 2.46721E-3 2.67848E-4 7.18976E-4 1.53169E-3 1.28923E-2 2.63376E-2 2.81677E-2 2.70894E-2 2.60445E-2 2.60744E-2 2.7846E-2 2.44003E-2 1.93514E-2 1.83795E-2 1.51548E-2 1.19292E-2 9.84281E-3 7.69139E-3 6.5792E-3 4.47899E-3 3.98574E-3 4.64139E-3 3.67859E-3 8.49396E-3 1.36763E-2 1.42041E-2 1.35825E-2 1.33265E-2 1.18554E-2 1.1701E-2 1.2485E-2 1.27236E-2 1.27236E-2 1.18554E-2 1.20882E-2 1.07139E-2 1.01371E-2 1.10473E-2 1.14295E-2 1.33246E-2 1.36713E-2 1.46744E-2 1.56343E-2 1.59156E-2 1.36109E-2 1.23006E-2 1.3863E-2 1.50512E-2 1.67259E-2 1.85317E-2 2.04337E-2 2.22927E-2 2.47995E-2 2.76466E-2 3.29891E-2 3.6264E-2 2.95457E-2 5.5804E-3 1.66969E-2 1.8372E-2 1.52943E-2 9.76044E-3 5.1487E-3
5.49403E-3 5.32186E-3 5.10536E-3 4.27463E-3 2.71976E-3 1.21965E-3 1.44525E-3 3.09595E-3 2.2833E-3 1.32789E-3 2.0344E-3 1.31948E-2 2.59041E-2 2.89126E-2 2.71324E-2 2.57432E-2 2.74905E-2 2.85483E-2 2.57432E-2 2.18539E-2 2.05197E-2 1.67627E-2 1.39245E-2 1.04422E-2 8.50604E-3 5.96901E-3 2.91524E-3 3.35885E-3 4.64139E-3 4.52827E-3 9.35747E-3 1.45767E-2 1.51242E-2 1.44698E-2 1.42829E-2 1.34069E-2 1.32332E-2 1.22476E-2 1.2485E-2 1.38041E-2 1.40535E-2 1.3308E-2 1.19313E-2 1.146E-2 1.20876E-2 1.376E-2 1.35886E-2 1.15277E-2 1.48623E-2 1.62539E-2 1.54041E-2 1.34752E-2 1.41911E-2 1.52376E-2 1.69448E-2 1.90468E-2 2.06405E-2 2.28181E-2 2.57894E-2 2.87785E-2 3.31525E-2 3.73112E-2 3.95826E-2 2.10918E-2 1.27018E-2 1.70845E-2 1.4789E-2 1.05094E-2 3.87948E-3 3.00225E-3
2.50929E-3 3.02848E-3 3.67122E-3 3.88938E-3 3.45503E-3 3.7025E-3 2.35837E-3 3.18482E-3 3.43021E-3 1.79672E-3 4.38051E-4 5.78293E-3 1.65226E-2 2.53101E-2 2.92899E-2 2.7846E-2 2.71406E-2 2.67944E-2 2.57749E-2 2.25173E-2 2.11875E-2 1.90269E-2 1.41026E-2 1.15693E-2 9.85708E-3 4.26437E-3 2.62706E-3 3.74313E-3 4.87479E-3 4.58453E-3 1.02853E-2 1.55206E-2 1.6297E-2 1.56005E-2 1.49293E-2 1.47366E-2 1.41709E-2 1.3308E-2 1.31347E-2 1.31347E-2 1.38041E-2 1.35556E-2 1.3308E-2 1.34833E-2 1.36605E-2 1.376E-2 1.22248E-2 1.20818E-2 1.2659E-2 1.45356E-2 1.37011E-2 1.27188E-2 1.50111E-2 1.74502E-2 1.95702E-2 2.12572E-2 2.43393E-2 2.67104E-2 2.82676E-2 3.22241E-2 3.70439E-2 4.15849E-2 4.24691E-2 2.90256E-2 1.92426E-2 1.61181E-2 6.87883E-3 7.8793E-3 4.06243E-3 5.02059E-4
1.33841E-3 1.06313E-3 1.39751E-3 1.58837E-3 1.97354E-3 1.80095E-3 2.63297E-3 2.95379E-3 2.81301E-3 2.62096E-3 4.60126E-4 9.658E-4 6.65589E-3 1.78608E-2 2.78388E-2 2.88947E-2 2.74827E-2 2.5778E-2 2.6782E-2 2.5778E-2 2.44003E-2 2.05884E-2 1.67627E-2 1.41026E-2 1.23921E-2 5.45753E-3 2.39624E-3 4.26437E-3 5.17211E-3 3.51152E-3 8.19309E-3 1.52385E-2 1.70949E-2 1.6875E-2 1.6875E-2 1.61612E-2 1.57459E-2 1.48785E-2 1.44274E-2 1.49425E-2 1.5402E-2 1.44274E-2 1.41709E-2 1.41709E-2 1.50042E-2 1.30718E-2 1.08134E-2 1.05197E-2 1.08193E-2 1.20515E-2 1.2826E-2 1.3013E-2 1.60323E-2 1.79946E-2 2.0408E-2 2.31025E-2 2.55874E-2 2.92885E-2 3.16965E-2 3.64461E-2 4.08997E-2 4.39952E-2 4.20244E-2 1.89583E-2 1.62599E-2 1.30907E-2 6.41823E-3 3.61782E-3 2.21499E-3 2.37499E-3
8.94033E-4 4.86744E-4 6.47674E-4 9.70974E-4 1.52016E-3 2.01798E-3 1.67405E-3 1.7823E-3 9.00065E-4 3.26476E-4 9.28695E-4 3.72086E-4 2.42808E-3 1.2233E-2 2.33528E-2 2.88947E-2 2.81255E-2 2.71122E-2 2.7085E-2 2.88217E-2 2.60964E-2 2.35036E-2 2.09747E-2 1.85461E-2 1.36453E-2 7.86861E-3 5.14613E-3 4.56088E-3 5.68715E-3 3.30118E-3 4.93466E-3 1.25497E-2 1.71579E-2 1.81468E-2 1.82122E-2 1.79774E-2 1.77452E-2 1.73419E-2 1.78526E-2 1.81343E-2 1.81749E-2 1.76199E-2 1.65673E-2 1.514E-2 1.34069E-2 1.09058E-2 9.45696E-3 9.37362E-3 8.71862E-3 9.16609E-3 1.02415E-2 1.26961E-2 1.56452E-2 1.79946E-2 1.99256E-2 2.40455E-2 2.69355E-2 2.9439E-2 3.42781E-2 3.76418E-2 4.21939E-2 4.36021E-2 3.27382E-2 1.48929E-2 1.63184E-2 1.29737E-2 8.60107E-3 4.91497E-3 4.75896E-3 1.13177E-2
2.68391E-3 1.54245E-3 9.93131E-4 5.51721E-4 3.57846E-4 1.3249E-3 1.72472E-3 1.42312E-3 1.29076E-3 9.00065E-4 5.22438E-4 8.64766E-4 1.79672E-3 6.89541E-3 2.07062E-2 2.67926E-2 2.77971E-2 2.88217E-2 2.91474E-2 2.84503E-2 2.77628E-2 2.44535E-2 2.18539E-2 2.0001E-2 1.41738E-2 4.58509E-3 4.47601E-3 3.46263E-3 4.25536E-3 5.11799E-3 3.6981E-3 6.60828E-3 1.22816E-2 1.74632E-2 1.92438E-2 1.96107E-2 1.966E-2 1.8659E-2 1.91939E-2 1.94469E-2 1.83736E-2 1.73419E-2 1.46847E-2 1.2816E-2 1.13731E-2 9.31276E-3 6.68256E-3 7.31055E-3 6.92826E-3 7.66375E-3 9.04418E-3 1.1299E-2 1.40209E-2 1.55896E-2 1.91565E-2 2.42324E-2 2.83954E-2 3.1022E-2 3.52696E-2 3.95581E-2 4.42783E-2 4.40094E-2 3.39155E-2 1.97392E-2 1.6772E-2 6.72663E-3 6.55479E-3 3.28227E-3 3.96478E-3 1.96116E-2
4.06994E-3 2.66094E-3 1.3709E-3 5.8326E-4 2.12971E-4 4.26869E-4 4.11832E-4 3.87423E-4 5.03668E-4 3.27909E-4 1.23504E-3 2.13929E-3 1.99041E-3 5.43079E-3 1.27536E-2 1.76025E-2 2.37817E-2 2.6109E-2 2.64373E-2 2.71122E-2 2.7085E-2 2.64373E-2 2.38093E-2 2.31438E-2 1.92712E-2 5.7008E-3 2.39311E-3 2.79188E-3 3.20569E-3 3.02593E-3 3.62175E-3 5.21161E-3 4.12255E-3 8.72081E-3 1.68535E-2 1.95552E-2 1.98665E-2 1.85109E-2 1.80355E-2 1.70637E-2 1.70637E-2 1.41709E-2 1.30614E-2 1.146E-2 9.96048E-3 7.49985E-3 5.36867E-3 5.4357E-3 5.48166E-3 6.3236E-3 6.82886E-3 7.04922E-3 7.66039E-3 1.08199E-2 1.83059E-2 2.5826E-2 2.87618E-2 3.27346E-2 3.67462E-2 4.02427E-2 4.3296E-2 4.40408E-2 4.09884E-2 2.40256E-2 1.26243E-2 5.09753E-3 3.69465E-3 1.83926E-3 4.20916E-3 2.44277E-2
