KUENM/Final_Models/M_0.1_F_lq_Set_2_NE/sp1_7_se_asia.asc
ncols         320
nrows         243
xllcorner     44.0
yllcorner     -0.666666666666667
cellsize      0.166666666666667
NODATA_value  -9999
[rows 93 to 123 of 243, columns 210 to 279 of 320]
3.73556E-2 1.27273E-2 1.35293E-2 4.97322E-2 1.02405E-1 1.25724E-1 1.32142E-1 1.37189E-1 1.20145E-1 1.02946E-1 1.35278E-1 1.11135E-1 7.7977E-2 6.37331E-2 6.86454E-2 8.13686E-2 9.14451E-2 1.2471E-1 1.75938E-1 2.27863E-1 2.18097E-1 1.90499E-1 1.89445E-1 1.8138E-1 1.75174E-1 1.76055E-1 1.46757E-1 1.49777E-1 1.59096E-1 1.5395E-1 8.91774E-2 5.89851E-2 7.25072E-2 8.91774E-2 8.91274E-2 6.51538E-2 9.14451E-2 1.14702E-1 1.0957E-1 1.36444E-1 1.56787E-1 1.48522E-1 1.05416E-1 7.47925E-2 5.18778E-2 4.19453E-2 3.90259E-2 2.9298E-2 2.24981E-2 5.49948E-3 8.47175E-4 5.31217E-4 1.33686E-3 2.34536E-3 3.75635E-3 4.49893E-3 2.97364E-3 1.22031E-3 4.14227E-4 7.41866E-5 1.66841E-5 1.03067E-5 5.49276E-6 1.51953E-6 2.46528E-7 3.6589E-8 3.95504E-9 3.66874E-10 4.04969E-11 7.06114E-12
3.28913E-2 2.00132E-2 3.38789E-2 6.20673E-2 9.75172E-2 8.36216E-2 1.13664E-1 1.40714E-1 1.27623E-1 9.82211E-2 1.00949E-1 9.37454E-2 8.47812E-2 8.3054E-2 9.46157E-2 8.81844E-2 8.34459E-2 1.09086E-1 1.24949E-1 1.4601E-1 1.58939E-1 1.73284E-1 1.63632E-1 1.43359E-1 1.15031E-1 1.16768E-1 9.82601E-2 8.99606E-2 9.46766E-2 1.05379E-1 1.16965E-1 1.33934E-1 9.84969E-2 7.48728E-2 4.75945E-2 4.07809E-2 4.16606E-2 3.00992E-2 2.52379E-2 4.21471E-2 7.94854E-2 9.94529E-2 6.13785E-2 5.29935E-2 5.3614E-2 3.66262E-2 3.24918E-2 2.32499E-2 1.5193E-2 7.09745E-3 3.45116E-3 2.73256E-3 2.38697E-3 1.48795E-3 1.93871E-3 4.02291E-3 3.2382E-3 1.24424E-3 3.41007E-4 5.98089E-5 1.20656E-5 1.74583E-5 9.21237E-6 1.85331E-6 2.96556E-7 3.97953E-8 5.81174E-9 7.83595E-10 1.52018E-10 4.56233E-11
5.80221E-2 5.40205E-2 2.79684E-2 6.28849E-2 9.37454E-2 7.47183E-2 8.17834E-2 9.78685E-2 9.3441E-2 8.55663E-2 7.33098E-2 6.80287E-2 7.25374E-2 8.55663E-2 9.62105E-2 8.54627E-2 6.75974E-2 6.74092E-2 6.42971E-2 9.36351E-2 8.11688E-2 1.15529E-1 1.02257E-1 7.77305E-2 6.41046E-2 6.15278E-2 5.08137E-2 4.85695E-2 4.74769E-2 6.44128E-2 1.13419E-1 1.37096E-1 7.01629E-2 4.98213E-2 3.74816E-2 4.06008E-2 4.4315E-2 2.13871E-2 1.53295E-2 2.25244E-2 4.87067E-2 5.60776E-2 2.9834E-2 2.40643E-2 3.59722E-2 3.48274E-2 2.92111E-2 1.8418E-2 1.30641E-2 9.73251E-3 8.1196E-3 7.63192E-3 5.65701E-3 2.15166E-3 1.90444E-3 3.18682E-3 2.7839E-3 1.3612E-3 4.30028E-4 1.0556E-4 3.96449E-5 2.97842E-5 1.08354E-5 1.72061E-6 2.15904E-7 3.45924E-8 6.29041E-9 1.03442E-9 2.93446E-10 1.58097E-10
6.19125E-2 5.65587E-2 2.27748E-2 7.39055E-2 6.72981E-2 4.38571E-2 3.7544E-2 4.81688E-2 4.70677E-2 4.08697E-2 3.52161E-2 3.16681E-2 4.81688E-2 7.56453E-2 7.45937E-2 6.93277E-2 5.51296E-2 4.36337E-2 4.03394E-2 4.38734E-2 3.58684E-2 3.80623E-2 5.15843E-2 4.28456E-2 3.58251E-2 3.01688E-2 2.52379E-2 2.9072E-2 2.76447E-2 3.76168E-2 4.54522E-2 3.41093E-2 3.80592E-2 4.54611E-2 3.48887E-2 3.8065E-2 3.76027E-2 3.36491E-2 3.83696E-2 4.04417E-2 3.41456E-2 3.85442E-2 3.59078E-2 5.79539E-2 4.19341E-2 3.85985E-2 3.4115E-2 1.39327E-2 1.3336E-2 1.43783E-2 1.15308E-2 1.41708E-2 1.48015E-2 6.03652E-3 4.02543E-3 3.9595E-3 3.02984E-3 1.56946E-3 5.94382E-4 1.87592E-4 6.37738E-5 2.55789E-5 7.64272E-6 1.10252E-6 1.41579E-7 2.62933E-8 8.1897E-9 1.88514E-9 7.65974E-10 3.30903E-10
3.22094E-2 3.44522E-2 3.98061E-2 4.73719E-2 3.41093E-2 3.20181E-2 2.82256E-2 2.39235E-2 1.70303E-2 1.53967E-2 1.24264E-2 1.5611E-2 3.45542E-2 6.94861E-2 7.06648E-2 5.43303E-2 3.83797E-2 2.63391E-2 1.77981E-2 1.64674E-2 1.50232E-2 1.31495E-2 2.02989E-2 1.73121E-2 1.49227E-2 1.24771E-2 1.05272E-2 1.08263E-2 1.35556E-2 1.10555E-2 8.26435E-3 5.06929E-3 5.98069E-3 1.75701E-2 2.62454E-2 1.94568E-2 1.28293E-2 1.17586E-2 9.76633E-3 9.55305E-3 7.41671E-3 1.05136E-2 2.3178E-2 3.5774E-2 4.79962E-2 5.54085E-2 5.13942E-2 2.84111E-2 2.29639E-2 2.84111E-2 1.08616E-2 8.13258E-3 8.91914E-3 7.8846E-3 6.63846E-3 6.03652E-3 4.02543E-3 2.11508E-3 8.63883E-4 2.58517E-4 7.8874E-5 2.18735E-5 5.51429E-6 8.78173E-7 9.69125E-8 2.86185E-8 1.42102E-8 5.98878E-9 1.7993E-9 -9999
2.92155E-2 3.71189E-2 4.16653E-2 3.13077E-2 2.46328E-2 2.14043E-2 1.5284E-2 1.12402E-2 6.89981E-3 5.18354E-3 4.02786E-3 1.11722E-2 3.24652E-2 6.93277E-2 8.11219E-2 5.39137E-2 3.28808E-2 2.30883E-2 1.84634E-2 1.1209E-2 8.83741E-3 7.45315E-3 1.00494E-2 9.10218E-3 7.63188E-3 5.85748E-3 4.75975E-3 4.17604E-3 5.54029E-3 4.65768E-3 5.93722E-3 4.02096E-3 4.39509E-3 1.3994E-2 2.11953E-2 7.68642E-3 3.60988E-3 3.12552E-3 1.63422E-3 3.0759E-3 7.60435E-3 1.11427E-2 1.33454E-2 1.6747E-2 2.22833E-2 4.33551E-2 6.51671E-2 4.2295E-2 3.04423E-2 1.04387E-1 2.11415E-2 9.33745E-3 8.64968E-3 7.8846E-3 9.05667E-3 1.06998E-2 7.06937E-3 3.83061E-3 1.41038E-3 2.91122E-4 6.53056E-5 1.83256E-5 4.66785E-6 1.02221E-6 2.15904E-7 7.7365E-8 3.53006E-8 1.24288E-8 1.99539E-9 -9999
3.2184E-2 3.48589E-2 4.33295E-2 4.92277E-2 3.47835E-2 1.08655E-2 6.97098E-3 3.76378E-3 1.91444E-3 1.35542E-3 1.62826E-3 3.34398E-3 1.28189E-2 3.5154E-2 6.21974E-2 4.33832E-2 2.7287E-2 2.02913E-2 1.97619E-2 1.77358E-2 9.10218E-3 5.45447E-3 5.34656E-3 5.26448E-3 3.70435E-3 2.36392E-3 1.87879E-3 2.0043E-3 2.7303E-3 3.69389E-3 4.35271E-3 4.06304E-3 2.85576E-3 4.67842E-3 6.33928E-3 2.83148E-3 1.18726E-3 1.55385E-3 1.62309E-3 1.27075E-2 2.55861E-2 1.17867E-2 5.54246E-3 9.27457E-3 1.33669E-2 2.84111E-2 6.15398E-2 7.40215E-2 3.43245E-2 7.56733E-2 6.22525E-2 2.92618E-2 1.37637E-2 8.13258E-3 8.13258E-3 1.733E-2 1.8599E-2 1.1879E-2 1.6846E-3 2.03361E-4 3.72356E-5 1.24415E-5 4.64889E-6 1.37517E-6 4.25272E-7 1.68704E-7 8.50677E-8 2.2067E-8 1.73469E-9 4.23781E-11
6.24238E-2 5.8812E-2 7.15668E-2 5.8256E-2 3.08384E-2 1.4717E-2 6.69421E-3 2.2359E-3 6.02113E-4 5.76706E-4 1.04836E-3 2.24408E-3 3.26059E-3 8.42096E-3 1.42795E-2 1.45204E-2 1.71843E-2 1.67214E-2 2.07457E-2 2.63228E-2 1.34707E-2 7.01283E-3 4.14964E-3 3.11861E-3 1.92311E-3 9.74155E-4 6.99177E-4 8.46788E-4 1.18881E-3 1.72074E-3 2.19636E-3 1.83588E-3 1.41433E-3 9.77938E-4 1.41482E-3 1.87784E-3 2.07757E-3 2.63773E-3 4.42208E-3 1.7814E-2 2.01005E-2 9.48074E-3 5.56723E-3 8.33489E-3 1.8599E-2 2.52593E-2 4.40549E-2 6.32111E-2 3.56764E-2 4.36541E-2 8.61651E-2 6.0358E-2 3.29241E-2 1.31723E-2 4.51572E-3 4.97869E-3 9.77324E-3 2.6453E-3 4.04577E-4 8.20627E-5 2.33137E-5 8.75875E-6 4.10486E-6 1.47456E-6 4.33788E-7 1.54557E-7 6.77244E-8 1.40832E-8 6.55806E-10 -9999
8.42519E-2 8.63461E-2 8.30336E-2 6.30653E-2 3.25024E-2 1.78995E-2 5.45447E-3 1.48461E-3 5.22941E-4 6.23001E-4 9.44315E-4 2.23699E-3 4.91611E-3 7.64225E-3 5.86512E-3 1.81399E-3 2.93195E-3 6.3961E-3 1.77016E-2 3.65405E-2 2.03271E-2 8.85007E-3 3.65087E-3 1.91281E-3 1.06795E-3 5.79507E-4 3.39908E-4 3.16092E-4 3.7149E-4 5.22941E-4 8.44896E-4 7.11777E-4 3.28286E-4 1.8938E-4 4.24891E-4 1.50518E-3 3.45003E-3 3.52672E-3 4.35249E-3 6.43855E-3 5.23257E-3 4.76169E-3 4.97869E-3 7.09745E-3 1.43023E-2 1.68439E-2 2.66571E-2 3.01895E-2 2.33742E-2 3.01895E-2 4.94876E-2 5.36651E-2 5.11586E-2 1.50476E-2 2.1893E-3 1.2883E-3 3.1346E-3 4.45646E-4 1.23922E-4 5.33658E-5 1.77183E-5 7.06121E-6 3.44898E-6 1.16281E-6 2.39807E-7 4.59259E-8 1.07522E-8 1.52368E-9 4.50283E-11 -9999
6.37331E-2 6.37197E-2 8.54627E-2 7.24988E-2 4.07011E-2 1.70566E-2 5.18354E-3 1.7118E-3 7.90722E-4 8.12241E-4 1.21941E-3 2.12982E-3 4.27956E-3 6.00638E-3 8.32746E-3 3.39551E-3 1.21983E-3 2.73644E-3 1.08934E-2 2.6475E-2 1.62966E-2 6.97341E-3 3.02995E-3 1.45184E-3 6.91284E-4 4.76897E-4 2.95917E-4 2.48399E-4 3.35983E-4 3.91733E-4 7.21596E-4 8.1909E-4 4.55466E-4 2.12393E-4 3.79284E-4 2.14874E-3 5.73521E-3 6.05068E-3 3.62194E-3 4.91739E-3 6.95934E-3 9.20819E-3 1.08785E-2 1.46176E-2 1.61372E-2 1.19622E-2 1.26035E-2 1.42342E-2 1.21018E-2 1.40275E-2 2.06375E-2 2.33742E-2 1.44284E-2 2.22619E-3 1.39788E-4 1.78512E-5 1.34139E-4 1.79269E-4 8.50442E-5 4.2777E-5 1.04012E-5 3.75483E-6 1.60023E-6 4.24629E-7 4.9027E-8 4.40685E-9 4.23309E-10 4.90364E-11 -9999 4.01622E-15
4.07809E-2 5.05611E-2 6.52759E-2 7.80076E-2 4.01306E-2 1.50869E-2 4.62219E-3 1.32021E-3 8.16903E-4 6.41937E-4 1.1174E-3 2.60229E-3 6.15874E-3 6.46024E-3 4.90344E-3 3.65979E-3 4.40753E-3 7.17732E-3 8.71622E-3 7.2493E-3 5.82548E-3 2.30053E-3 1.5704E-3 1.05005E-3 1.10927E-3 8.40051E-4 5.98597E-4 5.87581E-4 8.65201E-4 1.9118E-3 4.01648E-3 2.96097E-3 1.00424E-3 4.93984E-4 8.73228E-4 3.59239E-3 6.18809E-3 6.09182E-3 5.28448E-3 4.76169E-3 9.10607E-3 1.48015E-2 2.1317E-2 3.10417E-2 1.88623E-2 1.39928E-2 9.49362E-3 9.50618E-3 6.85982E-3 5.22246E-3 7.53559E-3 9.95174E-3 3.29121E-3 2.41041E-4 1.78512E-5 2.90418E-6 5.47821E-6 3.28652E-5 3.43489E-5 1.83621E-5 4.86127E-6 1.3338E-6 3.41565E-7 5.04124E-8 3.75424E-9 1.41672E-10 3.22793E-12 6.18501E-14 1.17099E-15 -9999
2.91707E-2 5.36559E-2 6.21823E-2 5.82616E-2 3.44898E-2 1.21936E-2 3.12404E-3 1.06887E-3 5.7692E-4 5.19523E-4 1.05666E-3 3.09729E-3 6.63715E-3 1.33691E-2 1.80009E-2 2.13238E-2 1.31699E-2 1.02869E-2 1.32074E-2 7.75787E-3 3.07035E-3 7.41308E-4 9.62865E-4 1.17344E-3 1.56686E-3 1.48786E-3 1.08656E-3 9.05482E-4 1.63992E-3 3.11561E-3 4.28899E-3 2.83941E-3 1.62428E-3 1.15714E-3 1.46062E-3 2.68929E-3 3.34406E-3 4.20593E-3 5.095E-3 4.24927E-3 6.06859E-3 7.85654E-3 1.03079E-2 8.50796E-3 1.1999E-2 1.26424E-2 1.01037E-2 7.53822E-3 3.88568E-3 1.37379E-3 2.82078E-3 7.42111E-3 1.43077E-3 -9999 9.41267E-5 3.91929E-5 1.53044E-5 1.83621E-5 1.46198E-5 6.94528E-6 1.97353E-6 3.89448E-7 5.42699E-8 4.48916E-9 1.75011E-10 2.52998E-12 1.32178E-14 1.41385E-17 7.73172E-20 8.86447E-21
5.31248E-2 7.1264E-2 4.86459E-2 2.39235E-2 1.71576E-2 6.64076E-3 1.44547E-3 7.32572E-4 4.27736E-4 4.26624E-4 1.2942E-3 3.83758E-3 9.8196E-3 4.34788E-2 5.68024E-2 4.60183E-2 3.1731E-2 2.25213E-2 1.50476E-2 9.21606E-3 4.29928E-3 2.42123E-3 1.83153E-3 1.53922E-3 1.893E-3 1.80745E-3 1.48795E-3 9.59651E-4 1.4029E-3 2.50147E-3 2.92916E-3 1.86898E-3 1.11633E-3 7.71037E-4 7.42774E-4 9.62865E-4 1.33467E-3 1.91011E-3 2.88259E-3 2.77214E-3 2.38355E-3 2.58929E-3 4.12732E-3 3.525E-3 3.02406E-3 5.75782E-3 5.22246E-3 3.28633E-3 2.21595E-3 1.10491E-3 2.45877E-3 3.18202E-3 9.0515E-4 2.41041E-4 6.63689E-4 4.81289E-4 7.98157E-5 2.40669E-5 8.99346E-6 3.07158E-6 7.06996E-7 1.0511E-7 9.5448E-9 4.53488E-10 9.87667E-12 5.84876E-14 1.1643E-16 4.40511E-20 1.94588E-22 3.0022E-23
8.74625E-2 8.07611E-2 3.3692E-2 9.57753E-3 1.122E-2 4.83224E-3 7.58924E-4 4.54166E-4 4.06256E-4 4.11868E-4 1.89568E-3 7.2377E-3 2.05664E-2 9.19422E-2 1.04773E-1 7.66862E-2 5.22167E-2 3.53067E-2 2.00685E-2 1.44523E-2 9.94767E-3 5.12225E-3 2.2822E-3 1.92152E-3 1.81672E-3 1.3945E-3 5.85626E-4 4.45646E-4 7.7217E-4 1.74264E-3 1.71375E-3 1.00003E-3 5.11398E-4 3.33293E-4 2.69562E-4 2.90633E-4 6.01934E-4 1.20008E-3 2.01202E-3 2.50713E-3 2.12805E-3 1.44678E-3 1.59409E-3 1.10361E-3 1.03194E-3 8.90917E-4 5.14158E-4 5.7851E-4 1.2137E-3 1.85994E-3 1.82742E-3 1.2137E-3 6.60591E-4 7.14038E-4 1.05524E-3 4.20558E-4 9.64928E-5 2.24997E-5 6.2077E-6 1.47447E-6 2.69344E-7 3.01149E-8 1.93575E-9 -9999 8.19174E-13 3.86167E-15 7.21016E-18 8.46875E-21 4.01118E-23 -9999
1.03866E-1 1.0128E-1 5.15487E-2 1.92944E-2 1.48471E-2 7.41671E-3 1.03796E-3 3.08332E-4 5.52048E-4 1.13834E-3 5.06086E-3 1.70566E-2 5.25934E-2 1.40333E-1 1.42029E-1 9.56842E-2 6.86928E-2 5.21826E-2 3.45251E-2 2.6146E-2 2.09676E-2 1.28105E-2 6.07294E-3 4.83685E-3 3.7709E-3 8.82246E-4 1.04086E-4 1.21184E-4 2.144E-4 4.76082E-4 6.48232E-4 3.66229E-4 2.20375E-4 1.96389E-4 1.203E-4 7.74781E-5 3.47084E-4 1.1174E-3 2.02819E-3 3.11365E-3 2.66532E-3 1.55941E-3 8.28017E-4 3.21243E-4 1.74572E-4 1.36122E-4 4.0073E-5 8.70936E-5 3.41923E-4 7.34889E-4 6.46254E-4 2.64301E-4 8.5723E-5 9.37232E-5 9.85378E-5 7.1774E-5 3.66947E-5 1.5037E-5 3.49181E-6 8.89933E-7 1.20435E-7 1.11625E-8 5.82585E-10 9.22673E-12 1.55595E-13 -9999 9.24029E-19 4.75694E-21 1.94105E-23 -9999
1.18742E-1 1.29334E-1 1.25504E-1 9.60897E-2 5.99971E-2 2.13814E-2 1.77365E-3 2.27726E-4 4.6386E-4 1.63401E-3 8.73371E-3 3.15574E-2 7.17823E-2 1.44585E-1 1.28562E-1 8.55798E-2 7.39045E-2 6.67662E-2 4.45755E-2 3.19672E-2 3.64321E-2 3.32443E-2 2.08983E-2 1.45792E-2 1.11402E-2 2.02117E-3 2.60592E-4 1.2925E-4 1.11478E-4 1.21184E-4 1.33031E-4 1.20948E-4 1.00957E-4 1.13055E-4 8.98301E-5 4.90764E-5 3.02857E-4 1.30961E-3 3.11861E-3 5.06402E-3 3.36401E-3 1.65072E-3 7.19895E-4 1.97157E-4 1.10467E-4 6.59016E-5 2.85548E-5 4.18708E-5 1.34446E-4 2.79323E-4 3.03752E-4 1.16869E-4 1.22126E-5 -9999 2.58835E-6 1.01624E-5 1.43644E-5 8.83634E-6 2.48147E-6 5.32356E-7 -9999 6.03662E-9 2.82427E-10 3.28822E-12 -9999 -9999 -9999 -9999 -9999 -9999
1.79707E-1 1.67116E-1 1.48902E-1 1.29139E-1 1.10219E-1 3.18209E-2 4.15228E-3 3.92159E-4 4.82828E-5 5.51012E-4 8.46032E-3 4.14371E-2 9.09535E-2 1.12411E-1 9.2154E-2 6.2157E-2 5.40956E-2 4.56271E-2 2.87327E-2 2.37611E-2 3.41145E-2 3.50132E-2 2.27962E-2 1.4421E-2 9.034E-3 3.59862E-3 1.10741E-3 3.11033E-4 1.05807E-4 3.98113E-5 3.69234E-5 5.59111E-5 7.57741E-5 1.13112E-4 1.44707E-4 1.78064E-4 5.31183E-4 1.94036E-3 3.41978E-3 4.20465E-3 3.85183E-3 1.55098E-3 6.48621E-4 2.19519E-4 1.26172E-4 6.19015E-5 3.21346E-5 3.64529E-5 8.84472E-5 1.80176E-4 -9999 -9999 -9999 -9999 -9999 8.43243E-6 -9999 -9999 2.48147E-6 -9999 -9999 -9999 -9999 -9999 -9999 -9999 -9999 -9999 -9999 -9999
2.71627E-1 1.78653E-1 9.08354E-2 8.92936E-2 8.24943E-2 2.09664E-2 5.39875E-3 3.35262E-4 4.47124E-5 5.30379E-4 1.12333E-2 6.75652E-2 1.16881E-1 8.64975E-2 6.05569E-2 3.876E-2 2.94871E-2 2.34054E-2 1.50976E-2 1.02469E-2 1.24671E-2 1.40353E-2 9.94767E-3 6.53157E-3 5.29156E-3 4.65253E-3 3.54997E-3 9.08191E-4 1.59993E-4 3.03078E-5 2.31326E-5 5.00145E-5 1.29921E-4 1.63275E-4 2.55936E-4 4.74241E-4 1.04581E-3 2.26597E-3 3.84139E-3 3.58395E-3 2.70952E-3 1.1947E-3 5.95083E-4 3.03472E-4 1.38161E-4 6.92577E-5 4.32971E-5 4.34635E-5 -9999 -9999 -9999 -9999 -9999 -9999 -9999 -9999 -9999 -9999 -9999 -9999 -9999 -9999 -9999 -9999 -9999 -9999 -9999 -9999 -9999 -9999
1.83158E-1 1.17111E-1 5.74074E-2 4.08296E-2 2.37611E-2 6.3372E-3 1.47989E-3 2.30697E-4 1.56867E-4 2.14995E-3 1.60838E-2 2.87899E-2 3.90039E-2 4.65605E-2 4.37753E-2 2.44105E-2 1.76893E-2 1.69531E-2 9.34807E-3 4.51382E-3 3.29121E-3 3.22496E-3 3.32782E-3 3.10072E-3 3.442E-3 5.1315E-3 6.30474E-3 1.84247E-3 4.00071E-4 1.15551E-4 6.96486E-5 1.12616E-4 1.7975E-4 3.45356E-4 6.60591E-4 1.32863E-3 2.41099E-3 3.46146E-3 3.64266E-3 2.94639E-3 1.63401E-3 9.30121E-4 5.67598E-4 3.18321E-4 1.7654E-4 1.04688E-4 7.46194E-5 -9999 -9999 -9999 -9999 -9999 -9999 -9999 -9999 -9999 -9999 -9999 -9999 -9999 -9999 -9999 -9999 -9999 -9999 -9999 -9999 -9999 -9999 -9999
1.18258E-1 7.24346E-2 3.45614E-2 1.7689E-2 7.40263E-3 1.81672E-3 4.69927E-4 1.73762E-4 1.86116E-4 1.87206E-3 7.30134E-3 4.4431E-3 6.64672E-3 2.67758E-2 4.75755E-2 3.96888E-2 2.21215E-2 8.93487E-3 3.33577E-3 1.99972E-3 1.59258E-3 1.39875E-3 1.26943E-3 1.54782E-3 2.56813E-3 4.05825E-3 4.38117E-3 2.26596E-3 8.70668E-4 3.88778E-4 2.63102E-4 2.80577E-4 4.19641E-4 8.01588E-4 1.51495E-3 3.3422E-3 5.46595E-3 5.4822E-3 3.70576E-3 1.86979E-3 1.03413E-3 5.50958E-4 3.98252E-4 2.77946E-4 1.90579E-4 1.36475E-4 1.16235E-4 -9999 -9999 -9999 -9999 -9999 -9999 -9999 -9999 -9999 -9999 -9999 -9999 -9999 -9999 -9999 -9999 -9999 -9999 -9999 -9999 -9999 -9999 -9999
8.09183E-2 4.34158E-2 1.92739E-2 8.11899E-3 3.37493E-3 1.33496E-3 4.45547E-4 2.12848E-4 2.62636E-4 9.12275E-4 2.22619E-3 2.64445E-3 5.3138E-3 2.08934E-2 4.9941E-2 5.13136E-2 2.53675E-2 5.85091E-3 2.25927E-3 1.43311E-3 1.33383E-3 1.19185E-3 8.07029E-4 1.03728E-3 2.09146E-3 3.0484E-3 3.30741E-3 2.42926E-3 1.5353E-3 9.55486E-4 7.11942E-4 7.25499E-4 9.50493E-4 1.48696E-3 2.59296E-3 6.04243E-3 1.22864E-2 7.86898E-3 3.23132E-3 1.1671E-3 3.82998E-4 2.47774E-4 2.33291E-4 2.30797E-4 1.92336E-4 1.64295E-4 1.68622E-4 1.90579E-4 -9999 -9999 -9999 -9999 -9999 -9999 -9999 -9999 -9999 -9999 -9999 -9999 -9999 -9999 -9999 -9999 -9999 -9999 -9999 -9999 -9999 -9999
4.86892E-2 2.03919E-2 7.51995E-3 3.67125E-3 2.47175E-3 1.48754E-3 6.23486E-4 2.39138E-4 2.23847E-4 4.63146E-4 1.09446E-3 1.97256E-3 4.15751E-3 1.12096E-2 2.11415E-2 2.45843E-2 2.06046E-2 5.57657E-3 1.77604E-3 1.35971E-3 1.65522E-3 2.60065E-3 2.64445E-3 2.2988E-3 2.62816E-3 2.9462E-3 3.0484E-3 2.82593E-3 2.26596E-3 1.84247E-3 1.54782E-3 1.66787E-3 1.84247E-3 2.15151E-3 3.17501E-3 5.17659E-3 1.08993E-2 6.73277E-3 2.40423E-3 7.15347E-4 2.29721E-4 1.52962E-4 1.83884E-4 2.00319E-4 2.17234E-4 2.05603E-4 2.24084E-4 2.84936E-4 -9999 -9999 -9999 -9999 -9999 -9999 -9999 -9999 -9999 -9999 -9999 -9999 -9999 -9999 -9999 -9999 -9999 -9999 -9999 -9999 -9999 -9999
2.47306E-2 5.64555E-3 1.54782E-3 1.99029E-3 2.48088E-3 2.3463E-3 8.42987E-4 1.71167E-4 1.01938E-4 1.87592E-4 4.38395E-4 1.0184E-3 2.5061E-3 5.20349E-3 8.46367E-3 8.61663E-3 6.90205E-3 4.71297E-3 1.68468E-3 1.13685E-3 1.13741E-3 6.62976E-3 1.07162E-2 6.64627E-3 4.14551E-3 3.16307E-3 3.15387E-3 2.9866E-3 2.81473E-3 2.63743E-3 2.88744E-3 3.21807E-3 3.27572E-3 2.83116E-3 2.51308E-3 2.55646E-3 3.92942E-3 3.57925E-3 1.76395E-3 5.58799E-4 2.07329E-4 1.89852E-4 2.20319E-4 2.4028E-4 2.74832E-4 2.99363E-4 3.19384E-4 -9999 -9999 -9999 -9999 -9999 -9999 -9999 -9999 -9999 -9999 -9999 -9999 -9999 -9999 -9999 -9999 -9999 -9999 -9999 -9999 -9999 -9999 -9999
1.59499E-2 3.50043E-3 1.03377E-3 1.48754E-3 2.20405E-3 2.1211E-3 4.76598E-4 4.60928E-5 2.45832E-5 5.71266E-5 1.55865E-4 4.38849E-4 1.22031E-3 2.17647E-3 5.10857E-3 9.49436E-3 1.79125E-2 8.24842E-3 1.59108E-3 7.70109E-4 9.70334E-4 8.74954E-3 1.84162E-2 1.21059E-2 5.74681E-3 3.442E-3 3.47942E-3 3.68122E-3 3.58258E-3 3.0228E-3 3.30603E-3 4.31289E-3 4.46072E-3 4.04839E-3 2.81674E-3 1.82742E-3 2.31453E-3 2.44622E-3 1.46103E-3 6.28382E-4 2.53549E-4 2.54594E-4 3.11883E-4 3.46605E-4 3.92321E-4 4.43384E-4 -9999 -9999 -9999 -9999 -9999 -9999 -9999 -9999 -9999 -9999 -9999 -9999 -9999 -9999 -9999 -9999 -9999 -9999 -9999 -9999 -9999 -9999 -9999 -9999
1.81622E-2 6.50942E-3 3.05744E-3 2.6582E-3 2.70432E-3 1.25853E-3 1.65633E-4 1.24984E-5 9.02449E-6 2.0202E-5 5.43147E-5 1.29884E-4 2.802E-4 3.4478E-4 1.49736E-3 5.36913E-3 9.17442E-3 5.25967E-3 1.29964E-3 7.52326E-4 1.20008E-3 1.71235E-2 2.86766E-2 2.18683E-2 9.47957E-3 4.55678E-3 4.63239E-3 4.44249E-3 2.95381E-3 3.83057E-3 3.30233E-3 4.15671E-3 5.01616E-3 5.34381E-3 4.20593E-3 3.52495E-3 3.4665E-3 3.10984E-3 1.90875E-3 1.02883E-3 4.53038E-4 3.8965E-4 5.28874E-4 5.74522E-4 6.11725E-4 6.1476E-4 -9999 -9999 -9999 -9999 -9999 -9999 -9999 -9999 -9999 -9999 -9999 -9999 -9999 -9999 -9999 -9999 -9999 -9999 -9999 -9999 -9999 -9999 -9999 -9999
2.79259E-2 1.30027E-2 8.92573E-3 8.14153E-3 6.47542E-3 9.91526E-4 1.21418E-4 1.99216E-5 1.02137E-5 1.20919E-5 2.18824E-5 3.24213E-5 2.54935E-5 5.39877E-5 1.08384E-4 2.93592E-4 4.97116E-4 9.9155E-4 1.27885E-3 2.01339E-3 9.13477E-3 3.85134E-2 5.30295E-2 3.25887E-2 1.87353E-2 9.64829E-3 6.96891E-3 5.14036E-3 5.01036E-3 3.76378E-3 3.65382E-3 3.78341E-3 6.24726E-3 8.25918E-3 7.05949E-3 6.53993E-3 6.04121E-3 4.66674E-3 3.61014E-3 2.3058E-3 1.44768E-3 1.06191E-3 1.06745E-3 1.06745E-3 9.78086E-4 -9999 -9999 -9999 -9999 -9999 -9999 -9999 -9999 -9999 -9999 -9999 -9999 -9999 -9999 -9999 -9999 -9999 -9999 -9999 -9999 -9999 -9999 -9999 -9999 -9999
3.9835E-2 2.2137E-2 1.71885E-2 1.31735E-2 4.45428E-3 7.59426E-4 1.18908E-4 2.5532E-5 1.22126E-5 1.17403E-5 1.73208E-5 2.35705E-5 3.14379E-5 6.27508E-5 1.38477E-4 2.26618E-4 4.72928E-4 6.56414E-4 8.31808E-4 2.11666E-3 1.8082E-2 6.32111E-2 1.00099E-1 5.52763E-2 2.53191E-2 1.05858E-2 6.90132E-3 3.31163E-3 5.18435E-3 3.33065E-3 2.90042E-3 6.0714E-3 1.15275E-2 1.32269E-2 1.19136E-2 1.03079E-2 9.10607E-3 8.39747E-3 7.27406E-3 5.52868E-3 4.12627E-3 3.10072E-3 2.31453E-3 1.6562E-3 -9999 -9999 -9999 -9999 -9999 -9999 -9999 -9999 -9999 -9999 -9999 -9999 -9999 -9999 -9999 -9999 -9999 -9999 -9999 -9999 -9999 -9999 -9999 -9999 -9999 -9999
5.69765E-2 5.11477E-2 4.24486E-2 1.66595E-2 2.84827E-3 4.44313E-4 1.14037E-4 3.46283E-5 1.63501E-5 1.27901E-5 2.04477E-5 3.91137E-5 7.96094E-5 1.90108E-4 2.47703E-4 4.01251E-4 6.52855E-4 7.93326E-4 8.93994E-4 1.72087E-3 4.88288E-3 1.87729E-2 6.1264E-2 4.15342E-2 1.19759E-2 5.14081E-3 7.00016E-3 7.60435E-3 7.79175E-3 4.14144E-3 4.41773E-3 1.10704E-2 1.81238E-2 1.95131E-2 1.89712E-2 1.62771E-2 1.66704E-2 -9999 -9999 1.02469E-2 -9999 -9999 -9999 -9999 -9999 -9999 -9999 -9999 -9999 -9999 -9999 -9999 -9999 -9999 -9999 -9999 -9999 -9999 -9999 -9999 -9999 -9999 -9999 -9999 -9999 -9999 -9999 -9999 -9999 -9999
4.76108E-2 6.69229E-2 8.57535E-2 4.57372E-2 3.24892E-3 4.79338E-4 1.65392E-4 4.84795E-5 2.11598E-5 1.67279E-5 2.69733E-5 5.6906E-5 1.22036E-4 2.26618E-4 4.29058E-4 6.68856E-4 8.58564E-4 7.87837E-4 8.62379E-4 1.1847E-3 1.2311E-3 4.06865E-3 2.43084E-2 6.84868E-3 1.41653E-3 3.79638E-3 3.12048E-3 1.0235E-2 1.12353E-2 8.21115E-3 8.85223E-3 1.02834E-2 1.6759E-2 2.67224E-2 2.75483E-2 2.86766E-2 2.68172E-2 2.40785E-2 -9999 -9999 -9999 -9999 -9999 -9999 -9999 -9999 -9999 -9999 -9999 -9999 -9999 -9999 -9999 -9999 -9999 -9999 -9999 -9999 -9999 -9999 -9999 -9999 -9999 -9999 -9999 -9999 -9999 -9999 -9999 -9999
9.90809E-2 1.88544E-1 1.4966E-1 8.69104E-2 1.38188E-2 2.05786E-3 4.1009E-4 7.25406E-5 2.47124E-5 1.7497E-5 3.31446E-5 7.53187E-5 1.4381E-4 3.26696E-4 6.46707E-4 7.5085E-4 8.84602E-4 9.50901E-4 8.33052E-4 8.63824E-4 8.90158E-4 1.09603E-3 5.15964E-3 1.35612E-3 6.45452E-4 3.10273E-3 6.76084E-3 6.15466E-3 1.17867E-2 1.13904E-2 8.68995E-3 1.08182E-2 2.29669E-2 3.34472E-2 3.62262E-2 3.86126E-2 3.71656E-2 -9999 -9999 -9999 -9999 -9999 -9999 -9999 -9999 -9999 -9999 -9999 -9999 -9999 -9999 -9999 -9999 -9999 -9999 -9999 -9999 -9999 -9999 -9999 -9999 -9999 -9999 -9999 -9999 -9999 -9999 -9999 -9999 -9999
1.1071E-1 1.84466E-1 1.81707E-1 9.66425E-2 2.64783E-2 4.96587E-3 7.40727E-4 1.04601E-4 2.31741E-5 1.73446E-5 3.23382E-5 1.08481E-4 2.00205E-4 3.69734E-4 8.12039E-4 8.26848E-4 8.42047E-4 8.11906E-4 6.60133E-4 5.90631E-4 5.15612E-4 5.76754E-4 6.02633E-4 3.5688E-4 4.49243E-4 1.84632E-3 6.79506E-3 5.43323E-3 1.30038E-2 1.55399E-2 1.09257E-2 1.02457E-2 2.95088E-2 3.843E-2 4.3514E-2 -9999 -9999 -9999 -9999 -9999 -9999 -9999 -9999 -9999 -9999 -9999 -9999 -9999 -9999 -9999 -9999 -9999 -9999 -9999 -9999 -9999 -9999 -9999 -9999 -9999 -9999 -9999 -9999 -9999 -9999 -9999 -9999 -9999 -9999 -9999
