KUENM/Final_Models/M_0.1_F_lq_Set_2_NE/sp1_se_asia_min.asc
ncols         320
nrows         243
xllcorner     44.0
yllcorner     -0.666666666666667
cellsize      0.166666666666667
NODATA_value  -9999
[rows 62 to 92 of 243, columns 210 to 279 of 320]
5.30186E-9 2.4304E-13 1.72723E-14 7.11511E-15 2.96539E-12 7.58678E-10 2.5264E-9 5.45362E-10 4.34919E-8 2.40745E-8 2.53538E-8 3.50044E-8 1.59189E-8 6.09456E-8 8.96622E-7 6.47624E-11 3.55212E-6 5.37939E-10 3.56082E-12 2.43675E-15 4.47266E-23 4.58131E-30 3.63059E-29 4.70705E-25 7.83875E-24 1.31947E-27 -9999 -9999 -9999 -9999 -9999 -9999 -9999 -9999 -9999 -9999 -9999 -9999 -9999 -9999 -9999 -9999 -9999 -9999 -9999 -9999 -9999 -9999 -9999 -9999 -9999 -9999 -9999 -9999 -9999 -9999 -9999 -9999 -9999 -9999 -9999 -9999 -9999 -9999 -9999 -9999 -9999 -9999 -9999 -9999
4.11512E-6 1.19521E-9 8.05441E-15 8.07103E-15 8.0584E-12 1.78699E-10 8.99069E-10 1.01484E-9 4.70435E-8 3.75795E-8 1.04402E-7 2.05427E-7 7.95011E-7 5.66863E-6 7.37128E-8 1.58462E-7 2.41226E-8 1.95183E-9 3.08552E-10 3.99513E-11 2.70994E-15 8.38834E-26 4.07603E-27 7.71621E-26 3.2879E-27 1.17997E-28 9.43398E-34 -9999 -9999 1.00188E-26 1.41756E-26 -9999 -9999 -9999 -9999 -9999 -9999 -9999 -9999 -9999 -9999 -9999 -9999 -9999 -9999 -9999 -9999 -9999 -9999 -9999 -9999 -9999 -9999 -9999 -9999 -9999 -9999 -9999 -9999 -9999 -9999 -9999 -9999 -9999 -9999 -9999 -9999 -9999 -9999 -9999
3.7789E-4 7.70137E-6 5.88843E-8 4.2757E-10 1.58368E-11 8.32207E-12 1.56921E-10 4.39079E-10 7.37299E-10 2.13072E-8 4.39805E-8 2.12858E-8 1.18196E-7 4.57998E-7 5.4779E-6 6.5003E-6 5.61523E-8 7.73399E-13 7.77372E-15 7.81001E-17 3.2133E-15 1.22969E-12 6.93358E-18 1.07186E-18 7.80258E-28 4.42717E-29 4.38242E-29 7.18935E-36 1.38077E-37 4.63875E-18 5.79598E-27 -9999 -9999 -9999 -9999 -9999 -9999 -9999 -9999 -9999 -9999 -9999 -9999 -9999 -9999 -9999 -9999 -9999 -9999 -9999 -9999 -9999 -9999 -9999 -9999 -9999 -9999 -9999 -9999 -9999 -9999 -9999 -9999 -9999 -9999 -9999 -9999 -9999 -9999 -9999
5.18087E-3 1.10349E-3 5.49593E-4 7.86805E-5 2.03269E-6 1.43864E-7 5.52729E-7 3.45554E-6 2.59599E-8 7.61958E-10 9.10585E-10 5.87185E-10 5.07048E-9 4.0989E-8 4.12779E-7 7.02875E-7 5.15969E-6 1.85178E-8 1.16245E-9 2.93017E-7 2.34908E-10 3.7284E-11 3.60598E-16 1.01661E-13 1.59213E-20 1.42586E-25 7.19902E-29 9.32851E-34 1.19823E-21 5.81308E-21 2.50846E-34 -9999 -9999 -9999 -9999 -9999 -9999 -9999 -9999 -9999 -9999 -9999 -9999 -9999 -9999 -9999 -9999 -9999 -9999 -9999 -9999 -9999 -9999 -9999 -9999 -9999 -9999 -9999 -9999 -9999 -9999 -9999 -9999 -9999 -9999 -9999 -9999 -9999 -9999 -9999
2.24761E-2 9.18782E-3 5.02265E-3 2.48289E-3 3.8843E-4 1.45056E-5 4.50158E-6 3.77553E-7 3.24593E-9 4.98587E-10 1.2471E-10 1.32341E-11 3.58009E-11 1.05978E-9 5.53504E-8 5.9599E-8 5.04556E-7 7.48672E-7 2.80564E-7 9.0531E-8 2.86115E-8 2.45683E-11 3.43714E-13 2.54973E-16 6.66103E-29 1.49299E-36 9.88636E-40 5.48764E-26 2.50337E-19 2.61541E-28 4.97747E-32 1.32241E-28 3.29736E-37 -9999 -9999 -9999 -9999 -9999 -9999 -9999 -9999 -9999 -9999 -9999 -9999 -9999 -9999 -9999 -9999 -9999 -9999 -9999 -9999 -9999 -9999 -9999 -9999 -9999 -9999 -9999 -9999 -9999 -9999 -9999 -9999 -9999 -9999 -9999 -9999 -9999
3.93512E-2 2.10521E-2 1.126E-2 4.47897E-3 4.16612E-4 5.17304E-5 3.97162E-5 3.9102E-6 4.76234E-8 9.59197E-9 8.82498E-9 6.42062E-10 2.96512E-11 1.35606E-12 1.13487E-11 2.68861E-12 2.11966E-9 6.9182E-8 1.24896E-9 6.42925E-10 3.05722E-9 6.55207E-10 4.80304E-10 1.36439E-12 7.58915E-17 4.0379E-14 2.72202E-15 4.57672E-12 4.54261E-19 3.44186E-32 4.06289E-28 2.677E-25 5.78592E-19 3.99277E-30 8.44901E-23 -9999 2.74934E-28 -9999 -9999 -9999 -9999 -9999 -9999 -9999 -9999 -9999 -9999 -9999 -9999 -9999 -9999 -9999 -9999 -9999 -9999 -9999 -9999 -9999 -9999 -9999 -9999 -9999 -9999 -9999 -9999 -9999 -9999 -9999 -9999 -9999
4.28937E-2 3.17856E-2 1.56289E-2 3.46695E-3 2.02123E-4 6.17149E-5 1.51012E-4 1.17807E-4 9.25034E-6 2.78906E-6 1.58512E-6 5.83763E-7 4.40199E-8 3.75703E-9 4.93991E-11 2.71186E-13 8.58908E-12 5.61894E-9 9.16339E-7 2.66346E-7 7.26503E-9 9.40908E-10 2.50319E-10 4.58609E-11 7.03341E-11 4.35573E-11 2.18437E-13 1.82257E-17 4.81328E-13 1.16916E-14 2.92163E-13 9.30812E-17 9.71394E-12 1.14568E-25 2.50129E-24 4.14554E-10 -9999 -9999 -9999 -9999 -9999 -9999 -9999 -9999 -9999 -9999 -9999 -9999 -9999 -9999 -9999 -9999 -9999 -9999 -9999 -9999 -9999 -9999 -9999 -9999 -9999 -9999 -9999 -9999 -9999 -9999 -9999 -9999 -9999 -9999
5.13517E-2 4.01901E-2 1.99105E-2 5.91617E-3 3.19386E-4 1.13935E-4 2.23446E-4 3.87843E-4 1.79584E-4 1.14316E-4 1.58339E-4 2.12804E-4 2.4371E-5 2.43368E-6 1.65515E-6 2.38768E-6 6.01964E-7 1.02667E-8 1.09568E-7 6.38684E-7 1.84751E-7 2.55335E-8 2.98925E-9 6.57346E-11 2.48561E-12 1.99417E-12 7.30701E-17 9.0091E-23 2.46792E-38 2.24208E-44 4.2294E-41 6.68513E-35 3.46337E-27 7.4227E-12 7.71687E-11 5.22301E-10 3.31799E-14 6.23841E-17 1.10297E-14 2.18575E-28 -9999 -9999 -9999 -9999 -9999 -9999 -9999 -9999 -9999 -9999 -9999 -9999 -9999 -9999 -9999 -9999 -9999 -9999 -9999 -9999 -9999 -9999 -9999 -9999 -9999 6.36368E-33 3.19843E-35 8.64989E-39 8.62386E-34 -9999
8.84026E-2 6.31082E-2 3.40865E-2 1.53994E-2 3.99362E-3 1.2622E-3 9.26958E-4 1.7833E-3 1.40796E-3 1.03598E-3 1.34814E-3 1.70883E-3 6.03402E-4 2.46942E-4 4.9035E-4 1.93334E-3 1.49795E-3 1.17277E-4 1.37315E-7 4.41322E-8 6.18626E-8 2.84457E-7 7.93397E-7 9.67481E-8 2.85425E-11 4.99251E-12 9.86492E-18 3.18815E-21 2.26903E-29 1.89687E-32 1.77591E-35 1.22965E-32 5.19112E-31 1.12263E-24 5.35388E-19 5.22859E-14 4.16634E-11 8.43325E-11 8.04873E-17 7.28266E-19 9.47547E-20 -9999 1.93556E-26 -9999 -9999 4.46741E-38 -9999 -9999 -9999 -9999 -9999 -9999 -9999 -9999 -9999 -9999 -9999 6.18703E-32 -9999 -9999 -9999 -9999 -9999 1.30318E-27 1.04304E-23 1.88178E-28 1.5929E-26 8.64299E-31 1.51113E-36 -9999
1.6864E-1 1.04261E-1 6.94116E-2 4.09577E-2 2.02482E-2 1.05745E-2 9.80742E-3 1.17531E-2 5.05827E-3 3.00689E-3 2.82798E-3 3.26242E-3 2.60171E-3 2.59846E-3 4.37966E-3 5.86137E-3 2.93313E-3 2.24285E-4 1.11356E-6 5.18985E-8 3.83338E-8 1.99528E-7 1.93954E-6 3.82758E-6 6.0522E-8 2.56301E-9 6.98253E-12 1.30867E-13 1.80608E-17 4.98025E-21 5.26714E-23 1.15954E-23 1.02134E-22 3.80286E-21 9.37876E-20 3.98318E-16 7.80313E-15 6.36622E-13 1.98142E-15 1.29032E-19 1.78894E-18 4.0964E-18 -9999 2.30985E-17 -9999 4.63535E-32 6.00022E-29 5.3398E-39 -9999 -9999 -9999 -9999 -9999 -9999 -9999 1.62372E-35 8.13555E-30 1.66711E-28 7.46915E-32 -9999 -9999 -9999 1.83585E-25 2.96539E-22 1.9767E-16 7.46484E-25 3.71093E-20 1.12394E-29 1.0007E-27 4.65836E-26
2.61844E-1 1.6966E-1 1.1788E-1 8.27409E-2 5.18289E-2 2.90244E-2 2.20118E-2 1.67466E-2 7.70892E-3 4.76944E-3 5.68402E-3 6.14849E-3 5.90766E-3 6.37897E-3 7.42455E-3 5.67286E-3 2.2968E-3 3.3646E-4 1.76827E-5 7.63727E-7 7.48442E-8 1.44355E-7 1.21757E-6 5.11691E-6 1.36575E-6 1.63059E-8 1.45591E-11 6.84802E-13 3.65326E-16 2.26145E-17 1.58154E-19 6.64402E-19 1.97902E-17 1.32702E-16 3.45736E-16 6.95744E-17 5.42708E-13 1.11305E-12 7.6198E-15 3.00776E-13 9.15933E-19 2.72945E-23 2.32491E-18 1.363E-18 1.96702E-21 1.14118E-28 1.6365E-21 6.20896E-33 2.12686E-27 6.51215E-19 7.31101E-21 5.63751E-26 1.34577E-26 2.62346E-28 8.41731E-38 1.22203E-35 1.18127E-25 5.89108E-20 2.61289E-22 -9999 -9999 1.36062E-26 1.98814E-26 1.40672E-22 1.19409E-12 1.4704E-13 3.21539E-15 8.48371E-22 2.05686E-19 3.74724E-20
3.36574E-1 2.44083E-1 1.80896E-1 1.49369E-1 9.7441E-2 5.05438E-2 2.39731E-2 1.51333E-2 8.32408E-3 3.25907E-3 6.62711E-3 8.966E-3 9.65178E-3 9.83036E-3 9.3186E-3 5.47911E-3 2.0688E-3 4.78256E-4 8.20622E-5 1.37189E-5 3.49429E-6 2.61114E-6 5.13254E-6 1.98552E-5 1.17313E-5 1.6145E-7 5.01545E-9 3.2945E-11 1.11281E-12 4.82878E-16 1.28746E-18 1.34972E-15 9.18761E-13 6.88803E-13 1.97439E-14 1.54358E-12 3.69799E-16 5.17594E-14 3.36727E-15 1.18962E-9 1.24295E-9 6.64316E-17 1.09992E-15 1.17049E-18 3.63617E-17 7.77284E-18 4.43748E-19 1.20315E-18 1.39902E-19 1.43376E-25 7.92013E-19 2.8964E-18 6.01269E-17 3.6293E-19 6.09108E-33 2.80135E-28 5.1583E-15 6.18299E-15 2.27055E-19 -9999 6.6703E-26 6.19706E-20 1.21604E-20 1.24016E-17 2.98942E-14 1.07842E-20 4.62638E-13 6.80206E-14 1.17299E-12 1.63957E-13
4.06023E-1 3.32473E-1 2.5589E-1 2.17191E-1 1.60613E-1 9.43132E-2 2.73761E-2 1.68285E-2 1.51333E-2 8.63971E-3 1.23999E-2 1.88705E-2 1.65053E-2 1.51628E-2 1.16153E-2 6.15611E-3 2.34448E-3 7.56225E-4 2.97999E-4 1.20236E-4 5.29384E-5 3.29421E-5 4.07861E-5 6.22648E-5 2.73713E-5 2.52173E-6 1.29734E-6 3.34962E-7 2.56987E-9 3.84832E-11 9.11677E-12 7.25321E-11 7.44563E-10 2.3391E-10 1.06473E-12 7.83003E-15 1.4514E-13 2.61199E-10 2.35701E-10 4.87621E-9 1.23444E-7 2.16093E-7 2.27568E-7 4.30121E-11 2.50923E-16 1.14841E-17 7.03925E-18 1.19215E-19 1.19928E-15 9.98457E-13 6.45067E-18 4.059E-16 3.62771E-17 2.15788E-16 4.73594E-18 2.87997E-16 8.70158E-18 2.13562E-22 5.58413E-19 -9999 2.29279E-21 7.86852E-17 1.17908E-13 1.1283E-13 6.7683E-14 4.9409E-19 1.52149E-13 9.08313E-15 7.70227E-14 2.43865E-14
4.35895E-1 3.94725E-1 3.16144E-1 2.47425E-1 2.39567E-1 2.27925E-1 1.03549E-1 3.63733E-2 2.24403E-2 2.31958E-2 4.54619E-2 4.75105E-2 3.51604E-2 2.56551E-2 1.74464E-2 8.66082E-3 3.32809E-3 1.18043E-3 1.10624E-3 1.08284E-3 4.90171E-4 2.08065E-4 1.79584E-4 1.88641E-4 3.85355E-5 3.75117E-6 4.09726E-6 1.52633E-5 1.76301E-6 6.69512E-8 2.03509E-8 2.71968E-8 3.32147E-7 1.26699E-5 2.32699E-7 1.71073E-12 1.40599E-15 3.71532E-15 7.2985E-16 3.75351E-13 1.80198E-7 1.73745E-5 1.11614E-5 3.99533E-6 3.1027E-7 1.5387E-7 3.70206E-10 5.46736E-16 3.77074E-12 1.4147E-4 2.60382E-14 2.84142E-13 1.27226E-11 1.10579E-17 5.58132E-18 7.12316E-28 1.80038E-30 2.23176E-32 3.43056E-18 6.56656E-16 1.06299E-15 3.27795E-15 9.378E-15 4.71474E-15 2.26443E-16 2.18135E-20 3.51726E-43 7.854E-17 9.83642E-15 2.28121E-27
4.15976E-1 4.4563E-1 3.46589E-1 2.55352E-1 2.77437E-1 2.99803E-1 1.9507E-1 7.88765E-2 3.63733E-2 3.75093E-2 6.25033E-2 6.99816E-2 7.28589E-2 5.84966E-2 3.26192E-2 1.49195E-2 5.92073E-3 2.54572E-3 5.16424E-3 9.80742E-3 3.06899E-3 9.47868E-4 6.91457E-4 6.02795E-4 1.4289E-4 1.19813E-5 1.77187E-5 9.05989E-5 3.41234E-5 4.81626E-6 4.1596E-6 9.41085E-6 1.51825E-5 7.81962E-5 2.41043E-4 1.57671E-5 8.41263E-9 1.43062E-11 1.1514E-12 1.34271E-11 1.56046E-9 3.29768E-7 9.29013E-6 6.97884E-6 3.99941E-5 3.31626E-6 2.20644E-5 1.86045E-9 6.85914E-5 9.75324E-4 1.20591E-7 3.40379E-6 1.25531E-11 4.81505E-18 1.53133E-20 3.66602E-32 1.0626E-35 8.28893E-35 7.15458E-30 4.39336E-39 3.54985E-26 1.05669E-28 1.05428E-19 2.85475E-16 9.69888E-17 2.04343E-27 0E0 1.68319E-25 1.69503E-33 5.57686E-36
3.15821E-1 3.76911E-1 3.32261E-1 2.75415E-1 2.93686E-1 2.87579E-1 2.05261E-1 1.18455E-1 9.54917E-2 1.09131E-1 9.46793E-2 8.55637E-2 1.30305E-1 1.28275E-1 5.52741E-2 2.29001E-2 1.10097E-2 5.92073E-3 7.59469E-3 1.82939E-2 6.03132E-3 2.39566E-3 2.15725E-3 2.77028E-3 2.06631E-3 4.00956E-4 1.98877E-4 2.88113E-4 1.77423E-4 3.77647E-5 7.93231E-5 3.35838E-4 4.46527E-4 4.06548E-4 1.34678E-3 4.0695E-4 1.15962E-5 8.11314E-7 3.6873E-7 1.14766E-6 1.51958E-6 8.3104E-7 3.23076E-7 1.00831E-6 7.64438E-5 2.35037E-5 4.9426E-5 3.78188E-5 2.14458E-5 3.30659E-4 3.65427E-4 1.19587E-6 1.9167E-10 1.11723E-16 2.20797E-29 1.00097E-37 9.3887E-43 0E0 0E0 0E0 0E0 0E0 0E0 5.42685E-39 1.08118E-33 0E0 0E0 0E0 0E0 0E0
2.51878E-1 3.17417E-1 3.09651E-1 2.99376E-1 3.14101E-1 2.97763E-1 2.33723E-1 1.76606E-1 1.85348E-1 2.16481E-1 1.39805E-1 1.0106E-1 1.75684E-1 1.37717E-1 6.46844E-2 3.53515E-2 2.21164E-2 1.20526E-2 8.50074E-3 1.29351E-2 8.34331E-3 5.92271E-3 7.17504E-3 1.12026E-2 1.36592E-2 4.0632E-3 1.19404E-3 1.30855E-3 1.17554E-3 5.85167E-4 9.45551E-4 1.98323E-3 1.23486E-3 1.01326E-3 1.93981E-3 9.06663E-4 2.40769E-4 2.13486E-4 1.33555E-4 6.03073E-4 7.38429E-4 2.13661E-4 5.1969E-5 9.60053E-6 1.77672E-6 8.61033E-7 1.07456E-7 5.18824E-11 2.2097E-16 3.97414E-14 3.90123E-12 2.22141E-17 6.69293E-24 1.10769E-25 4.75209E-27 2.50445E-32 0E0 0E0 0E0 0E0 0E0 0E0 0E0 0E0 0E0 0E0 0E0 0E0 0E0 0E0
3.29294E-1 3.31894E-1 3.5248E-1 3.54736E-1 3.54736E-1 3.56767E-1 3.3451E-1 3.22273E-1 3.19934E-1 2.85036E-1 2.1946E-1 1.89793E-1 1.84441E-1 1.30827E-1 7.50801E-2 6.37967E-2 5.07035E-2 2.65038E-2 1.04232E-2 1.3182E-2 1.86842E-2 2.44254E-2 2.60765E-2 2.17823E-2 1.80761E-2 8.33527E-3 3.66449E-3 3.3174E-3 2.9386E-3 3.98864E-3 8.34331E-3 1.31453E-2 1.03839E-2 5.05827E-3 4.85576E-3 4.13855E-3 2.29062E-3 1.473E-4 6.69601E-5 8.66445E-4 3.56704E-3 2.27126E-3 3.21367E-3 2.0901E-3 4.54718E-5 4.66076E-6 3.26951E-7 2.24673E-9 2.46782E-12 4.79829E-15 1.77007E-19 4.70906E-26 4.17822E-28 7.65856E-26 1.37214E-24 9.99096E-25 1.46458E-37 0E0 0E0 0E0 0E0 0E0 0E0 0E0 0E0 0E0 0E0 0E0 0E0 0E0
3.74638E-1 3.47966E-1 3.48377E-1 3.46322E-1 3.44548E-1 3.92763E-1 3.76911E-1 3.78907E-1 3.50667E-1 2.80279E-1 2.31014E-1 2.10927E-1 1.799E-1 1.36772E-1 1.12631E-1 1.10897E-1 1.08288E-1 6.71907E-2 3.06886E-2 1.96868E-2 2.87881E-2 4.71285E-2 3.81864E-2 2.40928E-2 1.80845E-2 1.20439E-2 6.37002E-3 4.74597E-3 6.02225E-3 1.62955E-2 4.90963E-2 4.28415E-2 2.47011E-2 7.72363E-3 8.32408E-3 1.42806E-2 9.4276E-3 3.2019E-4 2.1155E-5 1.13173E-3 1.39244E-2 1.61891E-2 1.24089E-2 1.93788E-2 1.26294E-2 1.9784E-3 5.03888E-5 1.59585E-6 1.10574E-8 2.30466E-11 4.26371E-15 1.02111E-19 6.93659E-23 3.92995E-23 1.24802E-22 4.25229E-24 2.13239E-30 3.70778E-39 2.24208E-44 1.4013E-43 1.82155E-41 2.24208E-44 0E0 0E0 0E0 0E0 0E0 0E0 0E0 5.60519E-45
3.5622E-1 2.86438E-1 2.6803E-1 2.74142E-1 2.72102E-1 3.17417E-1 3.11707E-1 2.76185E-1 2.03432E-1 1.70102E-1 1.799E-1 1.99727E-1 1.83433E-1 1.56152E-1 1.50729E-1 1.45989E-1 1.25978E-1 9.70608E-2 6.20493E-2 2.33072E-2 1.60188E-2 3.76792E-2 3.43287E-2 1.49266E-2 1.71574E-2 1.65699E-2 6.11164E-3 4.92338E-3 1.57359E-2 5.55495E-2 8.33867E-2 4.37587E-2 2.32464E-2 8.34331E-3 1.10012E-2 1.99105E-2 3.7665E-2 4.77794E-2 6.13923E-3 4.40763E-3 1.09372E-2 1.78716E-2 1.52544E-2 2.91042E-2 2.6032E-2 9.2247E-3 9.6922E-4 8.44641E-5 4.00376E-6 1.4868E-7 4.37863E-10 4.19988E-14 3.5538E-18 3.56577E-20 1.51698E-20 6.96027E-22 3.06265E-25 1.65819E-29 7.36112E-33 1.14408E-34 4.43386E-37 1.91305E-41 0E0 0E0 0E0 3.72745E-43 1.50871E-40 4.79613E-39 3.11253E-38 2.95358E-36
2.62061E-1 2.02353E-1 1.87692E-1 2.2327E-1 2.71249E-1 2.83589E-1 2.44927E-1 1.75288E-1 7.66158E-2 6.41698E-2 1.39209E-1 1.98642E-1 1.9496E-1 1.72937E-1 1.85211E-1 1.65458E-1 1.26474E-1 9.61877E-2 6.92651E-2 3.76792E-2 2.88541E-2 5.47589E-2 4.46499E-2 1.07792E-2 1.83872E-2 1.65467E-2 2.1076E-3 3.62606E-3 3.28016E-2 1.96052E-1 2.04402E-1 5.16846E-2 2.70231E-2 2.5701E-2 3.32111E-2 3.92677E-2 7.55228E-2 1.3858E-1 3.57078E-2 1.34035E-2 9.32846E-3 1.48711E-2 5.77977E-2 5.99505E-2 2.92491E-2 1.01719E-2 2.94341E-3 7.92665E-4 1.29997E-4 1.3276E-5 3.98913E-7 4.48089E-10 1.46412E-13 2.14457E-16 4.21184E-17 5.39513E-18 6.24125E-20 7.37248E-22 7.05447E-24 2.73327E-26 1.73947E-29 4.07691E-33 1.23451E-36 3.18879E-38 2.30544E-36 1.35642E-32 5.4308E-31 2.02667E-31 1.69182E-33 6.33868E-38
1.67183E-1 1.45421E-1 1.63313E-1 2.71249E-1 3.88773E-1 3.66042E-1 2.64106E-1 2.27978E-1 1.30509E-1 9.32565E-2 1.70614E-1 2.02353E-1 1.77034E-1 1.82325E-1 1.9496E-1 1.74665E-1 1.16676E-1 8.36428E-2 8.25639E-2 8.14951E-2 7.7321E-2 1.00116E-1 8.82927E-2 3.95487E-2 2.98009E-2 1.22227E-2 2.64528E-3 6.18832E-3 3.71787E-2 2.31068E-1 2.35001E-1 6.41698E-2 4.26777E-2 4.73937E-2 5.47589E-2 5.30918E-2 6.55815E-2 7.18901E-2 5.60664E-2 3.99753E-2 1.77681E-2 2.21164E-2 5.99514E-2 1.05514E-1 5.48763E-2 1.67924E-2 5.58256E-3 2.94594E-3 8.10252E-4 7.59571E-5 4.3154E-6 1.3071E-7 1.43042E-9 1.54502E-11 8.9916E-13 9.75537E-14 1.06845E-14 1.71646E-15 8.53679E-17 2.35937E-19 2.23785E-22 2.50457E-25 3.51334E-28 6.94085E-30 1.42236E-29 7.83593E-28 5.65705E-28 1.45224E-30 2.54526E-36 1.33339E-36
1.39566E-1 1.38031E-1 1.7408E-1 3.1056E-1 4.73294E-1 5.05404E-1 4.75814E-1 4.46706E-1 4.31411E-1 2.76198E-1 2.38621E-1 2.56816E-1 2.03037E-1 2.06798E-1 2.11759E-1 1.66114E-1 1.14333E-1 8.69408E-2 9.14816E-2 1.11304E-1 1.19817E-1 1.1843E-1 9.19299E-2 8.07853E-2 5.57299E-2 2.13868E-2 1.05294E-2 1.48141E-2 5.41365E-2 1.55829E-1 1.62496E-1 8.08939E-2 7.26884E-2 8.19656E-2 8.62278E-2 9.07686E-2 6.67961E-2 8.3854E-2 9.61877E-2 9.86029E-2 5.55495E-2 1.16251E-2 2.14385E-2 1.13546E-1 6.2728E-2 2.13896E-2 8.34331E-3 3.61195E-3 9.90162E-4 1.53999E-4 2.61828E-5 9.35011E-6 1.36959E-6 5.39782E-8 3.18546E-9 3.8638E-10 9.41414E-11 5.82301E-11 8.46593E-12 1.04213E-14 1.50719E-17 7.87075E-20 1.96436E-22 9.94807E-25 6.09426E-26 3.19659E-27 3.88641E-33 2.81801E-42 0E0 2.94189E-41
2.2327E-1 1.77034E-1 1.82325E-1 2.67159E-1 4.39181E-1 5.51662E-1 5.46102E-1 4.46405E-1 3.81284E-1 3.03505E-1 3.01393E-1 3.75774E-1 3.10925E-1 2.7232E-1 2.66154E-1 1.9131E-1 1.1843E-1 9.7668E-2 1.04823E-1 1.35751E-1 1.49699E-1 1.43853E-1 9.31017E-2 6.51246E-2 5.65374E-2 3.43393E-2 2.92577E-2 3.42823E-2 8.76033E-2 1.71387E-1 1.83789E-1 1.20766E-1 1.08461E-1 1.24903E-1 1.69314E-1 1.67596E-1 9.92973E-2 1.4899E-1 2.45847E-1 1.85894E-1 9.91184E-2 2.83989E-2 2.9324E-2 6.67961E-2 5.244E-2 2.45071E-2 8.4934E-3 3.19049E-3 1.17834E-3 5.10639E-4 3.43928E-4 2.28406E-4 9.05989E-5 6.25707E-6 4.84001E-7 7.48014E-8 2.37993E-8 1.98056E-9 2.43481E-11 4.86564E-13 6.34144E-15 7.84156E-17 5.07316E-19 2.38904E-21 1.17411E-23 7.21805E-27 3.27977E-37 0E0 0E0 0E0
3.88773E-1 2.85655E-1 2.6397E-1 3.00868E-1 3.8689E-1 4.97366E-1 4.41198E-1 2.56152E-1 1.61337E-1 2.59625E-1 3.39462E-1 3.56305E-1 2.95067E-1 2.73275E-1 2.5886E-1 2.0869E-1 1.50185E-1 1.24039E-1 1.4811E-1 1.67806E-1 1.56673E-1 1.42295E-1 1.12177E-1 8.08939E-2 6.51444E-2 6.42407E-2 8.20563E-2 1.04587E-1 1.22272E-1 1.80497E-1 2.37825E-1 1.5301E-1 1.23708E-1 1.13881E-1 1.48134E-1 1.81991E-1 2.04119E-1 2.27332E-1 2.97175E-1 2.22811E-1 1.16439E-1 1.03189E-1 1.41112E-1 8.86143E-2 4.95935E-2 1.68384E-2 5.43469E-3 4.38181E-3 2.2928E-3 7.72137E-4 3.35017E-4 5.11883E-4 4.05024E-4 6.24569E-5 5.173E-6 8.98721E-7 8.88984E-7 5.01356E-8 1.67714E-10 3.87823E-12 2.28038E-13 7.2626E-15 1.16119E-16 7.68657E-19 2.09851E-21 2.80451E-26 6.08686E-33 0E0 0E0 0E0
2.70064E-1 2.09043E-1 1.97917E-1 2.26003E-1 2.71379E-1 3.74912E-1 2.82656E-1 1.41627E-1 1.09833E-1 2.72746E-1 3.09845E-1 1.42968E-1 1.86995E-1 2.05512E-1 1.79346E-1 1.79346E-1 1.9131E-1 2.1557E-1 1.78789E-1 1.68391E-1 1.55471E-1 1.26121E-1 1.30509E-1 1.41405E-1 9.45522E-2 1.25061E-1 1.49572E-1 1.38659E-1 1.22293E-1 1.51482E-1 2.12508E-1 1.87973E-1 1.32601E-1 1.13881E-1 1.53123E-1 2.08647E-1 2.2823E-1 2.46395E-1 2.58212E-1 1.82294E-1 9.82744E-2 1.37117E-1 2.66495E-1 1.36983E-1 4.20565E-2 8.44114E-3 2.74264E-3 1.03365E-2 7.88458E-3 1.31511E-3 1.5733E-4 5.89708E-4 6.90491E-4 1.85595E-4 1.95133E-5 2.92423E-6 1.73251E-6 1.03997E-7 4.70951E-10 3.44431E-11 5.32146E-12 3.63019E-13 1.18579E-14 1.68031E-16 7.4321E-19 3.74073E-22 8.19114E-27 2.11649E-31 2.76457E-35 6.99314E-40
1.44428E-1 9.0331E-2 5.21925E-2 7.71818E-2 1.52535E-1 2.0626E-1 1.22966E-1 6.60579E-2 9.10586E-2 1.87692E-1 1.88901E-1 1.38284E-1 1.82673E-1 1.69507E-1 1.38031E-1 1.36506E-1 2.06798E-1 3.18888E-1 2.90553E-1 1.97886E-1 1.52906E-1 1.13285E-1 7.98324E-2 5.57276E-2 1.01923E-1 1.85596E-1 2.14109E-1 1.4335E-1 1.64888E-1 1.56435E-1 1.37172E-1 1.28089E-1 1.12453E-1 1.26514E-1 1.77235E-1 1.89963E-1 1.80827E-1 2.42667E-1 2.96595E-1 1.61477E-1 1.04564E-1 1.20864E-1 1.41853E-1 7.54671E-2 3.59717E-2 2.05727E-2 1.10906E-2 2.13868E-2 1.7173E-2 3.8353E-3 6.74912E-4 5.50351E-4 5.86822E-4 2.79987E-4 7.60058E-5 1.33499E-5 3.42508E-6 3.1388E-7 1.2487E-8 1.34142E-9 1.88642E-10 1.42104E-11 8.1771E-13 2.32252E-14 2.81511E-16 1.68132E-18 1.54902E-21 9.18462E-25 8.18208E-28 5.0512E-31
9.73901E-2 5.86656E-2 3.31349E-2 3.24157E-2 7.99139E-2 1.29366E-1 4.4679E-2 1.68384E-2 3.87753E-2 7.67869E-2 9.0629E-2 9.63559E-2 1.15804E-1 9.98539E-2 8.3854E-2 8.41632E-2 1.31225E-1 2.52954E-1 2.6397E-1 2.14716E-1 1.58125E-1 1.15183E-1 8.88816E-2 8.88816E-2 1.50839E-1 3.00209E-1 4.68346E-1 3.09139E-1 1.26515E-1 9.10061E-2 6.96747E-2 6.8434E-2 9.55463E-2 1.34017E-1 1.35551E-1 8.84279E-2 8.06171E-2 1.35632E-1 1.56435E-1 1.32601E-1 1.40285E-1 1.44935E-1 1.01923E-1 5.48267E-2 4.13877E-2 5.41423E-2 5.64435E-2 5.81442E-2 3.43703E-2 9.50634E-3 5.89708E-4 1.68836E-4 1.55136E-4 1.6518E-4 1.22108E-4 3.76588E-5 8.88211E-6 1.79916E-6 2.90163E-7 5.68521E-8 5.36833E-9 3.07325E-10 2.47547E-11 1.34516E-12 4.72865E-14 9.6062E-16 2.3079E-18 2.73941E-21 2.16244E-24 4.25797E-28
6.97154E-2 5.76776E-2 3.10268E-2 2.59365E-2 4.57564E-2 5.47589E-2 1.96254E-2 1.1012E-2 1.96001E-2 4.58939E-2 5.91256E-2 6.13902E-2 5.97083E-2 4.22059E-2 2.94898E-2 4.04151E-2 7.43902E-2 1.19795E-1 1.35474E-1 1.67542E-1 1.54904E-1 1.1925E-1 9.93802E-2 1.01113E-1 1.40223E-1 2.52761E-1 3.38128E-1 1.96893E-1 1.06884E-1 5.92291E-2 3.99087E-2 3.56534E-2 7.86394E-2 1.17986E-1 1.2225E-1 5.78699E-2 4.77879E-2 7.46156E-2 7.56346E-2 9.34156E-2 1.77034E-1 1.47559E-1 8.36428E-2 4.66681E-2 3.28028E-2 5.00997E-2 7.7097E-2 5.32042E-2 2.61565E-2 4.40849E-3 7.18454E-5 2.96305E-5 1.64034E-4 1.4358E-4 1.08584E-4 6.46571E-5 2.22384E-5 6.97819E-6 1.94692E-6 4.78785E-7 4.40211E-8 2.52864E-9 2.03525E-10 2.10009E-11 1.40477E-12 3.12401E-14 1.98883E-16 9.89018E-19 3.18663E-21 5.97094E-25
6.92651E-2 4.78269E-2 1.88705E-2 1.66912E-2 2.19405E-2 2.14977E-2 1.44185E-2 1.37884E-2 1.95776E-2 5.01409E-2 4.22059E-2 3.11122E-2 2.52395E-2 1.57012E-2 1.33497E-2 2.07949E-2 3.76184E-2 6.50724E-2 1.04014E-1 1.53015E-1 1.51445E-1 1.21191E-1 9.93483E-2 9.00046E-2 9.87149E-2 1.22988E-1 1.19141E-1 7.4838E-2 6.12881E-2 6.77204E-2 4.19736E-2 1.25568E-2 2.48269E-2 6.07131E-2 1.26646E-1 8.98387E-2 6.77695E-2 7.27287E-2 6.59768E-2 7.88765E-2 1.16527E-1 1.26474E-1 4.89169E-2 2.13896E-2 1.02274E-2 1.36433E-2 1.99974E-2 1.65812E-2 5.47721E-3 2.67955E-4 2.16074E-6 9.71383E-7 4.58269E-5 8.9047E-5 7.23116E-5 8.53629E-5 4.00832E-5 1.4092E-5 4.19332E-6 6.69382E-7 7.22336E-8 7.98747E-9 9.3441E-10 1.26706E-10 1.08195E-11 2.52562E-13 2.91656E-15 4.18508E-17 2.58626E-19 2.44281E-22
2.32835E-2 1.24613E-2 4.22137E-3 5.97465E-3 1.00633E-2 2.35817E-2 2.73079E-2 2.7224E-2 2.7446E-2 3.06648E-2 4.52297E-2 3.19118E-2 1.51333E-2 6.27365E-3 6.88391E-3 1.31154E-2 2.31958E-2 4.03449E-2 8.29764E-2 1.3858E-1 1.19428E-1 9.95932E-2 8.51446E-2 7.7536E-2 7.68313E-2 8.20186E-2 8.30859E-2 8.20186E-2 7.95794E-2 6.77204E-2 3.27485E-2 1.18275E-2 1.44148E-2 3.54756E-2 5.41423E-2 4.81373E-2 5.64435E-2 6.31082E-2 5.20909E-2 5.43588E-2 5.7502E-2 4.64072E-2 2.62653E-2 1.13682E-2 5.47978E-3 4.58117E-3 4.2296E-3 4.15591E-3 2.13557E-3 8.10039E-5 5.65755E-7 1.90282E-7 9.24547E-6 4.09816E-5 6.44288E-5 9.52647E-5 4.86579E-5 1.64916E-5 4.39275E-6 4.79953E-7 5.22601E-8 9.72251E-9 1.98355E-9 2.47601E-10 1.85574E-11 7.30489E-13 1.41718E-14 2.35198E-16 4.90032E-18 4.10962E-20
