KUENM/Final_Models/M_0.1_F_lq_Set_2_NE/sp1_5.asc
ncols         197
nrows         210
xllcorner     56.1666666666667
yllcorner     4.5
cellsize      0.166666666666667
NODATA_value  -9999
[rows 58 to 86 of 210, columns 130 to 194 of 197]
5.99285E-2 6.08759E-2 2.51866E-3 1.60179E-6 9.90195E-9 6.65539E-9 3.62355E-10 2.18735E-11 1.28199E-8 4.07049E-9 4.55214E-10 1.07105E-9 1.60705E-10 4.97383E-12 2.22125E-12 1.79788E-12 3.30992E-10 6.19206E-10 1.19788E-12 2.00456E-20 1.31446E-14 8.30861E-18 1.10421E-21 1.72687E-10 6.59821E-8 3.86054E-10 3.69463E-22 5.52519E-27 6.34507E-26 1.33016E-35 1.34074E-35 4.94576E-31 5.44421E-27 8.60691E-26 3.08594E-26 2.72397E-26 5.2467E-28 1.25407E-26 3.42803E-29 2.98065E-29 1.82289E-37 1.08802E-34 6.52392E-33 2.52088E-34 9.32528E-36 1.07521E-37 3.21827E-38 1.83475E-34 -9999 -9999 -9999 -9999 -9999 -9999 -9999 -9999 -9999 -9999 -9999 -9999 -9999 -9999 -9999 -9999 -9999
1.28676E-1 8.93713E-2 2.04255E-2 1.35683E-3 1.05839E-5 1.29809E-6 1.61935E-7 1.0281E-8 9.82345E-11 5.36606E-12 5.21106E-10 4.22869E-10 5.90172E-10 3.78447E-10 2.96466E-9 1.46956E-9 2.08327E-9 1.68529E-9 1.86506E-9 3.60244E-9 2.01487E-7 1.94902E-10 3.224E-13 1.53032E-5 4.49619E-7 5.28774E-9 2.42803E-12 1.7136E-16 4.72436E-22 2.55994E-25 1.26544E-25 3.71548E-30 1.61424E-33 4.18299E-29 2.71625E-28 3.39028E-29 4.80787E-29 5.17152E-25 1.14101E-25 6.13089E-27 7.30847E-29 5.59147E-30 2.2092E-29 6.18012E-31 1.22671E-31 3.74746E-34 4.76323E-33 6.05118E-32 1.85234E-34 6.16032E-35 -9999 -9999 -9999 -9999 -9999 -9999 -9999 -9999 -9999 -9999 -9999 -9999 -9999 -9999 -9999
1.21349E-1 1.26437E-1 5.79642E-2 2.26171E-2 4.1243E-3 5.23933E-4 1.31679E-5 1.97232E-7 2.27627E-11 2.87919E-14 7.11511E-15 2.96539E-12 7.58678E-10 2.5264E-9 6.36615E-9 7.36327E-8 2.40745E-8 2.53538E-8 4.27489E-8 1.59189E-8 6.09456E-8 8.96622E-7 6.47624E-11 3.55212E-6 5.37939E-10 3.56082E-12 2.43675E-15 4.47266E-23 4.58131E-30 3.63059E-29 4.70705E-25 7.83875E-24 1.31947E-27 1.85537E-34 9.3708E-32 1.79387E-35 9.43124E-31 8.65224E-27 3.25927E-30 2.51994E-27 2.20033E-27 1.60406E-29 7.43635E-27 1.02758E-27 1.40861E-28 5.79696E-33 3.17132E-31 8.12806E-31 3.55026E-30 3.29693E-30 8.67196E-30 2.46929E-31 -9999 -9999 -9999 -9999 -9999 -9999 -9999 -9999 -9999 -9999 -9999 -9999 -9999
1.04437E-1 1.22605E-1 9.35945E-2 5.43326E-2 2.69055E-2 8.65443E-3 1.5248E-3 5.30434E-5 6.69268E-8 3.06605E-12 1.13549E-12 1.53423E-11 3.58357E-10 2.8704E-9 1.4704E-8 4.70435E-8 3.75795E-8 1.04402E-7 9.08498E-7 8.57258E-7 1.18237E-5 7.37128E-8 1.58462E-7 2.41226E-8 1.95183E-9 3.08552E-10 3.99513E-11 2.70994E-15 8.38834E-26 4.07603E-27 7.71621E-26 3.2879E-27 1.17997E-28 9.43398E-34 1.31913E-36 1.38782E-38 1.00188E-26 1.41756E-26 2.18038E-32 1.74357E-26 1.51262E-25 2.20747E-26 1.26044E-26 6.91504E-28 4.05893E-28 1.08934E-25 3.49889E-28 1.59352E-26 9.60141E-27 3.68173E-30 6.08764E-30 2.19711E-32 5.68769E-26 -9999 -9999 -9999 -9999 -9999 -9999 -9999 -9999 -9999 -9999 -9999 -9999
1.26958E-1 1.40525E-1 1.22605E-1 9.44615E-2 6.69528E-2 4.54103E-2 1.69792E-2 2.14289E-3 8.96539E-5 1.68402E-6 3.05751E-8 1.93918E-9 9.9092E-10 1.20436E-8 2.14001E-8 2.08918E-8 5.81868E-8 4.39805E-8 2.12858E-8 7.96566E-7 1.41826E-6 5.4779E-6 6.5003E-6 5.61523E-8 7.73399E-13 7.77372E-15 7.81001E-17 3.2133E-15 1.22969E-12 6.93358E-18 1.07186E-18 7.80258E-28 4.42717E-29 4.38242E-29 7.18935E-36 1.38077E-37 4.63875E-18 5.79598E-27 2.91643E-33 1.98976E-30 2.37656E-31 2.11171E-31 4.17204E-32 4.26788E-29 6.33765E-29 4.15706E-28 2.10424E-29 1.40861E-28 3.71074E-28 4.23877E-32 3.94573E-32 2.25886E-32 2.74083E-31 5.40241E-30 2.80564E-28 -9999 -9999 -9999 -9999 -9999 -9999 -9999 -9999 -9999 -9999
2.00407E-1 2.02106E-1 1.92663E-1 1.58365E-1 1.38244E-1 1.28276E-1 6.33354E-2 1.80551E-2 5.14159E-3 2.91578E-3 5.9755E-4 3.03601E-5 3.51857E-6 1.04969E-5 4.66715E-5 8.65229E-7 2.7922E-8 1.34641E-8 1.3427E-8 1.45871E-7 4.236E-7 1.94897E-6 2.31155E-6 5.15969E-6 1.85178E-8 1.16245E-9 2.93017E-7 2.34908E-10 3.7284E-11 3.60598E-16 1.01661E-13 1.59213E-20 1.42586E-25 7.19902E-29 9.32851E-34 1.19823E-21 5.81308E-21 2.50846E-34 1.91784E-37 1.04971E-38 1.8186E-34 1.08044E-32 8.60787E-35 1.1155E-33 8.4551E-28 1.53334E-29 1.26997E-26 6.7963E-33 1.31016E-33 4.20344E-34 1.59746E-27 7.29052E-26 1.68246E-33 1.73288E-31 4.4902E-31 7.2783E-33 -9999 -9999 -9999 -9999 -9999 -9999 -9999 -9999 -9999
2.97362E-1 2.88801E-1 3.07985E-1 2.97076E-1 2.97076E-1 2.33676E-1 1.32908E-1 5.84205E-2 2.85006E-2 1.7509E-2 9.92383E-3 2.19088E-3 1.50164E-4 5.78874E-5 7.69778E-6 1.61347E-7 3.52227E-8 1.14381E-8 1.78947E-9 3.32248E-9 5.57044E-8 1.264E-6 3.10088E-7 5.04556E-7 7.48672E-7 2.80564E-7 9.0531E-8 2.86115E-8 2.45683E-11 3.43714E-13 2.54973E-16 6.66103E-29 1.49299E-36 9.88636E-40 5.48764E-26 2.50337E-19 2.61541E-28 4.97747E-32 1.32241E-28 3.29736E-37 2.24077E-32 1.1977E-26 6.48838E-28 1.01908E-32 2.70429E-25 1.19322E-31 3.81509E-26 1.43737E-26 3.35519E-27 1.44168E-29 1.17438E-27 1.42864E-24 1.28885E-29 6.89524E-26 8.76938E-28 1.43912E-26 2.18095E-27 -9999 -9999 -9999 -9999 -9999 -9999 -9999 -9999
3.71535E-1 3.43793E-1 3.59217E-1 3.89686E-1 4.14234E-1 3.11836E-1 1.65682E-1 9.0003E-2 5.46936E-2 3.33974E-2 1.58816E-2 2.31158E-3 4.23308E-4 3.4126E-4 5.17209E-5 1.43185E-6 3.89194E-7 3.62969E-7 4.31677E-8 3.554E-9 2.88197E-10 1.09969E-9 2.29481E-10 1.66393E-8 1.17357E-7 1.96917E-8 5.8639E-9 3.05722E-9 6.55207E-10 4.80304E-10 1.36439E-12 7.58915E-17 4.0379E-14 2.72202E-15 4.57672E-12 4.54261E-19 3.44186E-32 4.06289E-28 2.677E-25 5.78592E-19 3.99277E-30 8.44901E-23 9.23299E-25 2.74934E-28 5.02607E-26 1.76694E-32 8.2049E-35 1.18482E-31 2.45337E-30 4.59098E-29 2.08497E-32 1.35078E-27 1.55022E-23 1.35061E-25 1.96235E-25 7.21275E-25 4.6426E-26 3.48191E-23 -9999 -9999 -9999 -9999 -9999 -9999 -9999
4.31889E-1 3.69616E-1 3.34785E-1 3.59988E-1 3.75367E-1 2.65312E-1 1.32138E-1 9.50306E-2 7.45476E-2 4.24665E-2 1.27289E-2 1.26757E-3 4.8478E-4 1.01048E-3 8.28121E-4 1.04082E-4 3.90645E-5 2.47442E-5 1.09366E-5 1.34038E-6 1.81703E-7 5.29989E-9 5.48666E-11 7.31226E-10 5.54501E-8 9.16339E-7 2.66346E-7 7.26503E-9 9.40908E-10 2.50319E-10 4.58609E-11 7.03341E-11 4.35573E-11 2.18437E-13 6.65935E-17 4.81328E-13 1.16916E-14 2.92163E-13 9.30812E-17 9.71394E-12 1.14568E-25 2.50129E-24 4.14554E-10 5.94228E-26 1.59105E-20 9.99313E-19 2.45167E-33 2.30934E-42 2.95949E-32 4.09301E-28 7.58899E-35 8.2985E-36 1.54867E-27 9.80701E-30 3.86761E-26 4.20286E-25 1.65212E-29 1.33164E-27 1.15733E-23 -9999 -9999 -9999 -9999 -9999 -9999
4.7072E-1 3.91064E-1 3.15312E-1 3.21181E-1 3.25095E-1 2.31827E-1 1.27418E-1 1.08388E-1 8.87379E-2 5.09951E-2 1.94485E-2 1.82688E-3 7.94252E-4 1.38416E-3 2.17003E-3 1.16385E-3 8.01371E-4 1.04521E-3 1.33016E-3 2.28405E-4 3.51535E-5 2.57012E-5 3.4612E-5 1.06735E-5 2.68042E-7 8.91826E-7 1.49267E-6 1.84751E-7 2.72987E-8 4.3229E-9 6.57346E-11 2.48561E-12 2.21475E-12 7.30701E-17 3.11033E-20 8.8332E-33 5.82316E-37 1.59957E-34 1.38017E-29 1.82828E-23 7.4227E-12 7.71687E-11 5.22301E-10 3.31799E-14 6.23841E-17 1.10297E-14 2.18575E-28 1.07858E-34 1.71515E-29 3.64452E-30 6.03601E-36 6.52808E-37 4.66868E-35 5.79982E-37 3.52871E-31 2.49543E-32 9.02973E-29 6.82971E-25 1.27107E-35 1.32591E-25 -9999 -9999 -9999 -9999 -9999
5.04897E-1 4.29941E-1 3.62193E-1 3.56361E-1 3.59741E-1 3.2058E-1 2.34383E-1 1.62854E-1 1.24605E-1 7.71534E-2 4.15512E-2 1.41493E-2 5.59866E-3 4.38719E-3 7.47343E-3 6.16606E-3 4.80311E-3 5.95196E-3 7.21855E-3 3.11135E-3 1.51429E-3 2.65487E-3 8.09787E-3 6.58002E-3 8.07567E-4 2.4329E-6 8.47218E-7 7.29154E-7 4.79679E-7 2.38087E-6 3.21046E-7 9.86334E-11 7.69612E-11 5.11395E-16 2.10535E-18 5.81268E-25 5.66861E-27 4.6478E-29 1.07502E-26 1.82424E-25 1.57257E-20 3.84733E-16 1.04413E-12 4.16634E-11 8.43325E-11 8.04873E-17 7.28266E-19 9.47547E-20 2.03138E-23 1.93556E-26 1.37376E-25 1.02034E-27 4.46741E-38 7.04853E-43 6.02558E-44 6.39688E-37 6.26105E-27 3.20191E-24 2.24269E-31 4.7115E-30 9.45966E-33 -9999 -9999 -9999 -9999
5.56362E-1 4.81773E-1 4.28112E-1 4.32847E-1 4.56116E-1 4.21823E-1 3.45106E-1 2.61376E-1 1.8268E-1 1.34064E-1 8.9095E-2 5.16816E-2 3.10562E-2 2.94899E-2 3.41018E-2 1.72864E-2 1.13402E-2 1.06936E-2 1.21162E-2 1.01591E-2 1.02119E-2 1.56714E-2 1.98373E-2 1.13223E-2 1.404E-3 1.78159E-5 1.31671E-6 9.61649E-7 3.09597E-6 1.38797E-5 2.20041E-5 2.1916E-7 1.80443E-8 1.60216E-10 1.22754E-11 1.14012E-14 2.28325E-17 7.63842E-19 2.17472E-19 1.02138E-18 2.0642E-17 2.66577E-16 1.63322E-13 1.4791E-12 6.4759E-11 8.10003E-15 3.68417E-18 1.78894E-18 4.0964E-18 1.62337E-18 2.30985E-17 1.09988E-30 4.63535E-32 6.00022E-29 5.3398E-39 2.55178E-36 7.43273E-23 7.79917E-18 6.86389E-27 4.06194E-33 1.98584E-36 -9999 -9999 -9999 -9999
5.55686E-1 5.32218E-1 5.01275E-1 4.93265E-1 5.44269E-1 5.08205E-1 4.42538E-1 3.53704E-1 2.59973E-1 1.9822E-1 1.5162E-1 1.07017E-1 6.87314E-2 5.52259E-2 4.48729E-2 2.42943E-2 1.64831E-2 1.89964E-2 2.00633E-2 1.95983E-2 2.0852E-2 2.35692E-2 1.91091E-2 9.18063E-3 1.93259E-3 1.76831E-4 1.34615E-5 1.809E-6 3.08664E-6 1.75041E-5 5.5249E-5 1.84465E-5 4.55548E-7 1.03355E-9 5.57702E-11 9.81163E-14 1.75785E-14 3.60421E-16 1.55169E-15 2.99239E-14 8.43396E-14 1.38493E-13 1.98684E-14 2.66535E-11 7.80768E-12 5.38572E-14 9.97162E-12 2.44139E-16 9.76459E-22 2.32491E-18 1.363E-18 1.96702E-21 1.14118E-28 1.6365E-21 6.20896E-33 2.12686E-27 6.51215E-19 7.31101E-21 5.63751E-26 1.34577E-26 2.62346E-28 8.41731E-38 -9999 -9999 -9999
5.68483E-1 5.64723E-1 5.64723E-1 5.47648E-1 5.57E-1 5.43716E-1 4.97323E-1 4.24487E-1 3.36037E-1 2.69663E-1 2.33936E-1 1.71695E-1 1.0372E-1 5.84401E-2 4.09763E-2 2.56183E-2 1.21978E-2 2.15045E-2 2.71975E-2 2.88589E-2 2.92875E-2 2.77729E-2 1.80931E-2 8.36921E-3 2.55837E-3 6.11569E-4 1.43493E-4 4.72274E-5 3.72276E-5 6.45495E-5 1.94356E-4 1.26581E-4 3.86452E-6 2.29287E-7 3.87045E-9 2.3748E-10 4.57521E-13 3.8088E-15 1.07047E-12 2.1014E-10 1.6531E-10 6.9607E-12 8.05738E-11 2.62864E-15 1.28715E-13 5.93706E-15 3.60415E-9 6.27017E-9 1.11594E-16 1.12059E-14 1.17049E-18 3.63617E-17 7.77284E-18 4.43748E-19 1.20315E-18 1.39902E-19 2.66466E-23 7.92013E-19 2.8964E-18 6.01269E-17 3.6293E-19 6.09108E-33 2.80135E-28 -9999 -9999
5.8303E-1 5.54552E-1 5.62364E-1 5.45097E-1 5.28044E-1 5.23617E-1 5.14301E-1 4.82339E-1 4.16801E-1 3.47823E-1 3.08521E-1 2.46917E-1 1.65475E-1 6.41188E-2 4.41027E-2 4.09763E-2 2.63978E-2 3.5598E-2 4.93507E-2 4.39172E-2 4.05793E-2 3.27769E-2 1.96525E-2 9.089E-3 3.68862E-3 1.73963E-3 8.35054E-4 4.2986E-4 2.93008E-4 3.48736E-4 4.93396E-4 2.52467E-4 3.62107E-5 2.10784E-5 6.99777E-6 1.3319E-7 4.40053E-9 1.35286E-9 7.12052E-9 4.42076E-8 1.59829E-8 2.05089E-10 3.28795E-12 2.45599E-11 7.34001E-9 3.94726E-9 9.44552E-9 1.72139E-7 5.2975E-7 6.44125E-7 4.7891E-11 2.50923E-16 1.14841E-17 1.33358E-16 1.19215E-19 1.31261E-13 7.16399E-11 6.45067E-18 1.55539E-15 3.62771E-17 2.15788E-16 4.73594E-18 2.87997E-16 -9999 -9999
6.03306E-1 5.54287E-1 5.03423E-1 4.75631E-1 4.87304E-1 4.92209E-1 5.09681E-1 5.08127E-1 4.68101E-1 4.01755E-1 3.35798E-1 3.27934E-1 3.16142E-1 1.79778E-1 8.02109E-2 5.54563E-2 5.69328E-2 9.66513E-2 1.00025E-1 7.90562E-2 6.09073E-2 4.4824E-2 2.58853E-2 1.19412E-2 5.25439E-3 5.02855E-3 4.97932E-3 2.62648E-3 1.3123E-3 1.16385E-3 1.2115E-3 3.31818E-4 4.9727E-5 5.34325E-5 1.55986E-4 2.67614E-5 1.86963E-6 7.13417E-7 9.06144E-7 6.93568E-6 1.34768E-4 5.19212E-6 3.36639E-10 1.03315E-12 2.12611E-12 5.68321E-13 8.80179E-11 2.75557E-6 6.16924E-5 2.05472E-5 6.65143E-6 6.0677E-7 6.26158E-7 1.81943E-9 5.46736E-16 1.02835E-11 6.51321E-4 2.60382E-14 5.76447E-13 3.22324E-10 5.05612E-17 5.58132E-18 6.11149E-24 3.32807E-26 -9999
5.74522E-1 5.62101E-1 5.15103E-1 4.66384E-1 4.69812E-1 4.64661E-1 4.76594E-1 4.8658E-1 5.12044E-1 4.25362E-1 3.43656E-1 3.65181E-1 3.86479E-1 2.85098E-1 1.44371E-1 8.02109E-2 8.217E-2 1.22261E-1 1.31698E-1 1.35843E-1 1.14675E-1 7.3627E-2 3.95556E-2 1.87994E-2 9.60581E-3 1.74239E-2 2.94899E-2 1.15299E-2 4.46764E-3 3.45514E-3 3.08954E-3 9.55328E-4 1.25707E-4 1.7291E-4 6.58867E-4 2.94975E-4 6.0287E-5 5.35032E-5 1.04683E-4 1.54567E-4 5.9082E-4 1.48473E-3 1.60722E-4 3.50061E-7 1.97068E-9 2.54488E-10 1.84086E-9 8.19261E-8 5.53759E-6 7.52429E-5 1.83161E-5 1.21808E-4 6.15645E-6 6.72041E-5 1.86045E-9 1.0372E-4 2.22323E-3 1.20591E-7 1.81212E-5 7.43061E-11 4.81505E-18 1.53133E-20 4.43323E-27 1.32913E-29 -9999
5.29971E-1 5.49562E-1 5.38544E-1 4.69812E-1 4.05588E-1 4.03704E-1 3.82753E-1 3.97262E-1 4.52439E-1 4.12361E-1 3.63231E-1 3.807E-1 3.74897E-1 2.92655E-1 1.96627E-1 1.67045E-1 1.84834E-1 1.63766E-1 1.5158E-1 2.08583E-1 2.0876E-1 1.09746E-1 5.49025E-2 3.10006E-2 1.87994E-2 2.32843E-2 4.76716E-2 1.97538E-2 9.34533E-3 8.58211E-3 1.05161E-2 8.20211E-3 2.13218E-3 1.20371E-3 1.64763E-3 1.12109E-3 3.17542E-4 5.86739E-4 1.91773E-3 2.4342E-3 2.25499E-3 6.01323E-3 2.26777E-3 1.25126E-4 1.43747E-5 7.56657E-6 1.90764E-5 2.39576E-5 1.45784E-5 6.75773E-6 1.68773E-5 5.2923E-4 1.01306E-4 2.03329E-4 1.56334E-4 1.48816E-4 1.21683E-3 7.03327E-4 1.97309E-6 2.19339E-9 2.21634E-14 1.53718E-25 6.55462E-32 6.08061E-35 4.72798E-42
4.93542E-1 5.1076E-1 5.03093E-1 4.49501E-1 3.90764E-1 3.92325E-1 3.34601E-1 3.3214E-1 3.9423E-1 3.91541E-1 3.81945E-1 3.99857E-1 3.84555E-1 3.22036E-1 2.61814E-1 2.71371E-1 3.04374E-1 2.16945E-1 1.69649E-1 2.57461E-1 2.17438E-1 1.22227E-1 7.73914E-2 5.41425E-2 3.33378E-2 2.54992E-2 3.57321E-2 2.51179E-2 1.90479E-2 2.22405E-2 3.18386E-2 3.68569E-2 1.36628E-2 5.04836E-3 5.51799E-3 5.123E-3 2.93589E-3 4.38574E-3 8.08663E-3 5.49974E-3 4.71716E-3 8.05245E-3 4.35672E-3 1.47821E-3 1.34478E-3 9.17336E-4 3.14267E-3 3.70939E-3 1.34952E-3 4.26098E-4 1.0758E-4 2.71537E-5 1.49335E-5 2.74663E-6 5.61194E-9 2.46937E-13 1.65286E-11 6.11366E-10 3.41535E-14 1.94063E-19 7.01726E-21 4.85939E-22 2.94566E-26 1.31515E-40 0E0
4.40761E-1 4.26047E-1 4.47881E-1 4.13361E-1 3.61902E-1 4.51409E-1 4.31746E-1 4.00243E-1 4.07468E-1 4.26047E-1 4.32693E-1 4.32693E-1 4.34513E-1 4.18664E-1 4.07426E-1 4.01059E-1 3.68399E-1 3.03761E-1 2.72717E-1 2.6697E-1 2.06357E-1 1.37115E-1 1.20927E-1 1.02626E-1 6.2497E-2 2.96658E-2 3.58212E-2 4.73427E-2 5.85824E-2 6.16982E-2 5.27613E-2 4.54759E-2 2.40566E-2 1.23698E-2 1.159E-2 1.06546E-2 1.36526E-2 2.51179E-2 3.66096E-2 3.06058E-2 1.72864E-2 1.68504E-2 1.48967E-2 9.26234E-3 9.90176E-4 5.20625E-4 4.21329E-3 1.33452E-2 9.25789E-3 1.22721E-2 8.65303E-3 3.81863E-4 5.96724E-5 6.86594E-6 1.19656E-7 4.73462E-10 2.99565E-12 7.6553E-16 3.6325E-21 7.92264E-23 5.35624E-21 5.55484E-20 4.30415E-20 1.78219E-30 1.20526E-40
4.03704E-1 3.69241E-1 4.03704E-1 4.00243E-1 3.48278E-1 4.40484E-1 4.73783E-1 4.40761E-1 4.17073E-1 4.22365E-1 4.20518E-1 4.23518E-1 4.66384E-1 4.52439E-1 4.54202E-1 4.29037E-1 3.59524E-1 3.15516E-1 2.9108E-1 2.5845E-1 2.13391E-1 1.84237E-1 1.84673E-1 1.81371E-1 1.27634E-1 6.92289E-2 4.86793E-2 6.58195E-2 9.69431E-2 8.2227E-2 5.63111E-2 4.40761E-2 3.18192E-2 1.90362E-2 1.49997E-2 1.85008E-2 4.18607E-2 1.01403E-1 9.22796E-2 6.05087E-2 2.41184E-2 2.56183E-2 3.98573E-2 2.87816E-2 1.84455E-3 2.02545E-4 5.19383E-3 3.95887E-2 4.48618E-2 3.63996E-2 5.19407E-2 3.69166E-2 8.22223E-3 4.14337E-4 2.49318E-5 4.36869E-7 2.90421E-9 2.72042E-12 4.89018E-16 1.32578E-18 8.33018E-19 2.133E-18 1.39044E-19 1.10954E-24 9.12176E-32
3.65429E-1 3.25968E-1 3.25332E-1 3.08625E-1 3.16995E-1 3.88859E-1 4.52839E-1 4.24446E-1 3.65359E-1 3.47811E-1 3.53673E-1 3.5172E-1 3.9423E-1 3.93451E-1 3.55625E-1 2.8333E-1 2.44094E-1 2.5845E-1 2.79469E-1 2.62241E-1 2.32382E-1 2.29569E-1 2.24125E-1 2.03347E-1 1.66896E-1 1.18356E-1 5.4847E-2 4.06676E-2 8.01876E-2 7.452E-2 3.78005E-2 4.15135E-2 4.03714E-2 1.80763E-2 1.51725E-2 3.94338E-2 1.06957E-1 1.48617E-1 9.14861E-2 5.63278E-2 2.51179E-2 3.13781E-2 5.09951E-2 8.51579E-2 1.02497E-1 2.02167E-2 1.54631E-2 3.21891E-2 4.76687E-2 4.23245E-2 7.06465E-2 6.47003E-2 2.84559E-2 4.60007E-3 6.29158E-4 5.26178E-5 3.61409E-6 3.16329E-8 1.72935E-11 8.64496E-15 2.06891E-16 1.04031E-16 8.60583E-18 1.65326E-20 5.83622E-24
3.1666E-1 2.4865E-1 1.86335E-1 1.55705E-1 2.07328E-1 3.09341E-1 3.69629E-1 3.32739E-1 2.78152E-1 2.62871E-1 2.99436E-1 3.46326E-1 3.58017E-1 3.20906E-1 2.49684E-1 1.32689E-1 1.15627E-1 2.09748E-1 2.74314E-1 2.70487E-1 2.50913E-1 2.64142E-1 2.4618E-1 2.01149E-1 1.6337E-1 1.2886E-1 8.01876E-2 6.39263E-2 1.05769E-1 8.86615E-2 2.85822E-2 4.38775E-2 3.95605E-2 7.46767E-3 1.16077E-2 6.82533E-2 2.7562E-1 2.88168E-1 1.0111E-1 6.16799E-2 6.01671E-2 7.36786E-2 8.51746E-2 1.41401E-1 2.26044E-1 8.00206E-2 3.67654E-2 2.74805E-2 4.0408E-2 1.17661E-1 1.22144E-1 7.04169E-2 3.03675E-2 1.12298E-2 3.88604E-3 8.94248E-4 1.39227E-4 8.02285E-6 3.21228E-8 4.73906E-11 2.38615E-13 6.40998E-14 1.21246E-14 3.28207E-16 9.01624E-18
2.99701E-1 2.53684E-1 1.39024E-1 8.64365E-2 1.88005E-1 2.63055E-1 2.61251E-1 2.37028E-1 2.16811E-1 2.36706E-1 3.46326E-1 4.53165E-1 4.27876E-1 3.34689E-1 2.99622E-1 1.96308E-1 1.51652E-1 2.40706E-1 2.78152E-1 2.51556E-1 2.57196E-1 2.70487E-1 2.52791E-1 1.89236E-1 1.46786E-1 1.45329E-1 1.43881E-1 1.38177E-1 1.65839E-1 1.50602E-1 8.05961E-2 6.32551E-2 3.10183E-2 8.79599E-3 1.75346E-2 7.38855E-2 3.07229E-1 3.11133E-1 1.15627E-1 8.55709E-2 9.29068E-2 1.05769E-1 1.04863E-1 1.23535E-1 1.34452E-1 1.10965E-1 8.52335E-2 4.48563E-2 5.41425E-2 1.18389E-1 1.84332E-1 1.1186E-1 4.45256E-2 1.8557E-2 1.11532E-2 3.93164E-3 5.74209E-4 5.5471E-5 3.22144E-6 8.20751E-8 2.07679E-9 2.06602E-10 3.40935E-11 5.67227E-12 1.29407E-12
3.71267E-1 2.95548E-1 2.10111E-1 1.88005E-1 2.72533E-1 2.78256E-1 1.9134E-1 2.06621E-1 2.04886E-1 2.44403E-1 3.83124E-1 5.25707E-1 5.47379E-1 5.1666E-1 4.85865E-1 4.72828E-1 3.35563E-1 3.05227E-1 3.22701E-1 2.7456E-1 2.7839E-1 2.87795E-1 2.43444E-1 1.83528E-1 1.51207E-1 1.57222E-1 1.82586E-1 1.90188E-1 1.88512E-1 1.52733E-1 1.38242E-1 1.01614E-1 4.75973E-2 2.69437E-2 3.46966E-2 9.73143E-2 2.20756E-1 2.2793E-1 1.35854E-1 1.25028E-1 1.37247E-1 1.4538E-1 1.51245E-1 1.21412E-1 1.44744E-1 1.6337E-1 1.66493E-1 1.06957E-1 3.1447E-2 5.13191E-2 1.88004E-1 1.21041E-1 5.27235E-2 2.51179E-2 1.29098E-2 4.59444E-3 1.01547E-3 2.395E-4 1.03491E-4 2.16549E-5 1.55964E-6 1.5633E-7 2.81727E-8 8.95087E-9 6.0601E-9
4.03907E-1 3.54125E-1 2.8994E-1 2.49982E-1 2.82084E-1 3.02682E-1 2.84002E-1 2.99436E-1 2.51556E-1 2.57196E-1 3.42421E-1 4.96711E-1 5.86287E-1 5.7594E-1 4.79186E-1 4.29654E-1 3.6063E-1 3.5871E-1 4.30806E-1 3.7301E-1 3.42485E-1 3.36639E-1 2.66672E-1 1.88512E-1 1.62725E-1 1.74442E-1 2.09079E-1 2.25109E-1 2.15036E-1 1.54229E-1 1.14773E-1 1.02765E-1 6.79292E-2 5.98116E-2 6.63324E-2 1.38799E-1 2.33031E-1 2.45838E-1 1.78026E-1 1.63831E-1 1.86348E-1 2.35188E-1 2.33365E-1 1.59173E-1 2.17164E-1 3.17134E-1 2.60976E-1 1.61835E-1 6.20337E-2 6.24504E-2 1.21412E-1 1.02261E-1 5.61573E-2 2.44241E-2 1.13904E-2 5.19306E-3 2.65452E-3 1.95532E-3 1.40045E-3 6.58867E-4 7.46104E-5 9.21786E-6 2.01827E-6 7.88405E-7 1.04533E-7
3.87861E-1 3.85792E-1 3.18415E-1 2.66672E-1 2.62608E-1 3.56788E-1 4.07762E-1 4.53165E-1 3.5996E-1 3.43897E-1 3.78905E-1 4.56539E-1 5.40611E-1 4.87263E-1 3.11295E-1 2.18095E-1 3.20078E-1 3.92919E-1 4.07807E-1 3.5294E-1 3.3825E-1 3.24645E-1 2.80309E-1 2.22171E-1 1.95258E-1 2.23304E-1 2.45305E-1 2.29396E-1 2.13267E-1 1.74824E-1 1.35854E-1 1.12509E-1 1.11286E-1 1.31903E-1 1.55894E-1 1.76007E-1 2.37801E-1 2.94017E-1 2.09356E-1 1.77608E-1 1.66561E-1 2.04185E-1 2.43994E-1 2.66375E-1 2.89216E-1 3.54864E-1 2.89769E-1 1.7656E-1 1.60857E-1 2.08363E-1 1.45787E-1 9.27272E-2 4.01184E-2 1.64372E-2 1.40596E-2 8.8227E-3 3.71837E-3 1.89946E-3 2.68367E-3 2.21731E-3 4.78542E-4 6.28567E-5 1.5118E-5 1.48315E-5 1.43012E-6
3.34881E-1 3.33902E-1 2.92655E-1 2.83931E-1 3.30788E-1 3.94566E-1 3.8387E-1 3.49766E-1 2.89139E-1 2.8488E-1 3.14178E-1 3.59327E-1 4.5067E-1 3.52212E-1 2.01288E-1 1.61942E-1 3.26702E-1 3.66379E-1 2.06685E-1 2.53663E-1 2.72533E-1 2.49982E-1 2.49982E-1 2.66672E-1 2.91668E-1 2.53432E-1 2.4224E-1 2.24311E-1 1.91242E-1 1.96308E-1 2.04954E-1 1.50345E-1 1.82894E-1 2.09915E-1 1.94014E-1 1.72168E-1 2.0335E-1 2.64371E-1 2.40403E-1 1.83363E-1 1.62864E-1 2.05058E-1 2.60643E-1 2.794E-1 2.96485E-1 3.1322E-1 2.39622E-1 1.48518E-1 1.92342E-1 3.20923E-1 1.9619E-1 8.30545E-2 2.30152E-2 8.85716E-3 2.6545E-2 2.33603E-2 5.67881E-3 1.02555E-3 3.05368E-3 3.42516E-3 1.1511E-3 1.83493E-4 3.90973E-5 2.52349E-5 2.55857E-6
2.65312E-1 2.59477E-1 2.51802E-1 2.3304E-1 2.53432E-1 2.76564E-1 2.65626E-1 2.22321E-1 1.55705E-1 1.04963E-1 1.45408E-1 2.3762E-1 2.90111E-1 1.90857E-1 1.13741E-1 1.4304E-1 2.62871E-1 2.75216E-1 2.15165E-1 2.65061E-1 2.4717E-1 2.04886E-1 2.03157E-1 2.7839E-1 3.90764E-1 3.69241E-1 2.77543E-1 2.28735E-1 1.79277E-1 1.3447E-1 9.95534E-2 1.59331E-1 2.47685E-1 2.71199E-1 1.9907E-1 2.17182E-1 2.08493E-1 1.83983E-1 1.74387E-1 1.57488E-1 1.68519E-1 2.24729E-1 2.3722E-1 2.28273E-1 2.87176E-1 3.42405E-1 2.13689E-1 1.52367E-1 1.70598E-1 1.93236E-1 1.33444E-1 7.7315E-2 4.41278E-2 2.74825E-2 4.75973E-2 4.29946E-2 1.33975E-2 3.36205E-3 2.8865E-3 2.97314E-3 1.59095E-3 5.4941E-4 1.31392E-4 4.33853E-5 6.20268E-6
