KUENM/Final_Models/M_0.1_F_lq_Set_2_NE/sp1_median.asc
ncols         197
nrows         210
xllcorner     56.1666666666667
yllcorner     4.5
cellsize      0.166666666666667
NODATA_value  -9999
[rows 84 to 111 of 210, columns 65 to 129 of 197]
1.81468E-1 1.85497E-1 1.88713E-1 1.91361E-1 1.99129E-1 1.98712E-1 1.72034E-1 1.72286E-1 1.76693E-1 1.82555E-1 1.90782E-1 2.05277E-1 2.18544E-1 2.21738E-1 2.09313E-1 1.93407E-1 1.98679E-1 2.17333E-1 2.38408E-1 2.56442E-1 2.69267E-1 2.71111E-1 2.80364E-1 2.91533E-1 2.8496E-1 2.99485E-1 3.27519E-1 3.41204E-1 3.49361E-1 3.51232E-1 3.71754E-1 4.48593E-1 4.9733E-1 5.05453E-1 5.46648E-1 5.96618E-1 6.26299E-1 6.39808E-1 6.44736E-1 6.4314E-1 5.96035E-1 5.68425E-1 5.71516E-1 5.88735E-1 6.11788E-1 6.2858E-1 6.38227E-1 6.17795E-1 6.20139E-1 6.06734E-1 5.75078E-1 5.90208E-1 6.06862E-1 6.05231E-1 6.19324E-1 6.29879E-1 6.15542E-1 5.822E-1 5.31958E-1 4.53477E-1 3.9953E-1 4.91643E-1 4.19347E-1 3.76791E-1 3.95551E-1
1.94675E-1 1.94197E-1 1.95707E-1 2.02433E-1 2.12745E-1 2.15129E-1 1.81245E-1 1.87633E-1 1.92034E-1 1.93823E-1 2.08553E-1 2.16766E-1 2.26632E-1 2.33866E-1 2.21738E-1 2.10995E-1 2.13449E-1 2.38408E-1 2.67426E-1 2.99009E-1 3.10251E-1 3.12127E-1 3.19632E-1 3.16515E-1 3.0129E-1 3.2128E-1 3.47846E-1 3.69881E-1 3.79154E-1 3.90216E-1 4.07331E-1 4.31025E-1 4.73168E-1 5.44309E-1 5.8567E-1 6.30115E-1 6.46858E-1 6.46455E-1 6.45706E-1 6.22085E-1 5.74558E-1 5.94789E-1 5.99715E-1 6.11432E-1 6.26747E-1 6.36594E-1 6.22813E-1 6.03599E-1 5.94369E-1 5.57549E-1 5.31674E-1 5.9121E-1 6.10055E-1 5.79286E-1 5.88089E-1 5.9112E-1 5.74838E-1 5.66405E-1 5.34823E-1 4.69847E-1 3.89505E-1 4.78326E-1 4.0077E-1 3.6184E-1 3.68538E-1
2.08075E-1 2.09129E-1 2.13257E-1 2.1278E-1 2.22092E-1 2.20797E-1 1.97098E-1 1.95629E-1 2.02005E-1 2.06907E-1 2.16845E-1 2.18285E-1 2.30432E-1 2.37317E-1 2.35518E-1 2.31579E-1 2.50284E-1 2.71111E-1 3.04626E-1 3.38209E-1 3.46921E-1 3.48661E-1 3.48071E-1 3.41935E-1 3.42387E-1 3.6442E-1 3.85567E-1 4.01192E-1 4.17461E-1 4.33896E-1 4.49592E-1 4.63565E-1 5.22217E-1 5.77504E-1 6.29893E-1 6.50838E-1 6.49741E-1 6.45576E-1 6.02353E-1 4.58606E-1 5.7786E-1 6.02429E-1 6.15663E-1 6.29297E-1 6.19558E-1 6.17603E-1 6.01844E-1 5.77718E-1 5.64412E-1 5.01117E-1 4.53148E-1 4.74231E-1 5.43685E-1 5.87435E-1 5.76815E-1 5.5032E-1 5.15195E-1 5.18988E-1 5.10398E-1 4.41025E-1 3.67151E-1 4.0193E-1 3.82017E-1 3.44556E-1 3.25796E-1
2.14158E-1 2.25143E-1 2.23579E-1 2.28282E-1 2.32728E-1 2.25504E-1 2.08537E-1 2.06816E-1 2.13456E-1 2.18429E-1 2.24953E-1 2.26632E-1 2.3559E-1 2.39047E-1 2.47787E-1 2.58167E-1 2.79428E-1 3.02753E-1 3.30886E-1 3.57344E-1 3.72879E-1 3.73733E-1 3.74248E-1 3.74621E-1 3.86992E-1 4.09126E-1 4.28155E-1 4.50837E-1 4.69433E-1 4.8236E-1 5.14773E-1 5.43129E-1 5.96231E-1 6.26222E-1 6.5453E-1 6.37622E-1 6.37814E-1 6.02854E-1 4.79415E-1 5.44668E-1 5.83271E-1 5.9406E-1 6.17533E-1 6.31019E-1 6.06222E-1 5.83892E-1 5.49186E-1 5.36373E-1 5.42909E-1 5.18008E-1 4.82675E-1 4.57247E-1 4.75388E-1 5.37857E-1 5.75995E-1 5.1603E-1 4.73606E-1 4.64419E-1 4.55548E-1 3.89196E-1 3.07314E-1 2.59619E-1 2.8236E-1 2.97702E-1 2.92317E-1
2.02097E-1 2.18934E-1 2.26724E-1 2.31361E-1 2.33076E-1 2.39565E-1 2.28593E-1 2.25311E-1 2.28721E-1 2.32147E-1 2.40782E-1 2.3559E-1 2.46024E-1 2.51325E-1 2.69006E-1 2.88657E-1 3.03495E-1 3.23957E-1 3.42523E-1 3.68272E-1 3.82289E-1 3.94673E-1 3.95352E-1 4.15413E-1 4.35637E-1 4.57666E-1 4.77686E-1 5.06269E-1 5.23756E-1 5.5098E-1 5.86761E-1 6.1027E-1 6.36454E-1 6.46073E-1 5.98558E-1 5.68547E-1 5.34851E-1 4.50928E-1 3.43034E-1 4.9345E-1 5.94582E-1 6.08779E-1 6.22748E-1 6.2586E-1 5.91234E-1 5.62188E-1 5.16477E-1 4.8394E-1 4.88913E-1 4.7146E-1 4.60621E-1 4.57715E-1 4.61885E-1 5.31152E-1 5.0708E-1 4.75244E-1 4.47318E-1 4.42063E-1 4.10326E-1 3.41731E-1 2.50814E-1 1.49782E-1 1.65341E-1 2.53996E-1 2.80441E-1
-9999 2.15812E-1 2.26724E-1 2.36214E-1 2.47199E-1 2.50993E-1 2.50284E-1 2.49215E-1 2.49554E-1 2.53098E-1 2.56654E-1 2.44264E-1 2.53098E-1 2.65593E-1 2.89087E-1 3.03799E-1 3.23957E-1 3.4067E-1 3.5889E-1 3.76932E-1 3.91812E-1 3.96427E-1 4.24124E-1 4.44511E-1 4.744E-1 5.04729E-1 5.31516E-1 5.61366E-1 5.82903E-1 6.09224E-1 6.27226E-1 6.48706E-1 6.51596E-1 6.52924E-1 1.38181E-1 5.62485E-1 4.61889E-1 4.03674E-1 4.0392E-1 4.30202E-1 5.79658E-1 6.19097E-1 6.17309E-1 5.66017E-1 5.41351E-1 5.11414E-1 4.96489E-1 4.69023E-1 4.27339E-1 4.06612E-1 4.21548E-1 4.65645E-1 4.59569E-1 5.02734E-1 4.32883E-1 3.69416E-1 4.0661E-1 4.12937E-1 3.86694E-1 3.04392E-1 2.1991E-1 1.24956E-1 1.54303E-1 2.50264E-1 2.99624E-1
-9999 2.22073E-1 2.31587E-1 2.3797E-1 2.55795E-1 2.65667E-1 2.71111E-1 2.72079E-1 2.79428E-1 2.79932E-1 2.79932E-1 2.78106E-1 2.83589E-1 2.96436E-1 3.07485E-1 3.20391E-1 3.33281E-1 3.44294E-1 3.56385E-1 3.72872E-1 3.92882E-1 4.25855E-1 4.59452E-1 4.85523E-1 5.13479E-1 5.42774E-1 5.77436E-1 6.09351E-1 6.24844E-1 6.38369E-1 6.54093E-1 6.63085E-1 6.52034E-1 6.26452E-1 5.58812E-1 3.3736E-1 4.69357E-1 3.65886E-1 4.14428E-1 3.98529E-1 6.02706E-1 6.38227E-1 6.24469E-1 5.44554E-1 4.96555E-1 4.44429E-1 4.10585E-1 4.11419E-1 4.23602E-1 4.42973E-1 4.76616E-1 4.94372E-1 5.01116E-1 4.91328E-1 3.91213E-1 3.3719E-1 3.6269E-1 4.20306E-1 3.39161E-1 2.51933E-1 2.30186E-1 1.97261E-1 2.22615E-1 2.84273E-1 3.07314E-1
-9999 2.25232E-1 2.38005E-1 2.47749E-1 2.5927E-1 2.69245E-1 2.82726E-1 2.95268E-1 3.14003E-1 3.22097E-1 3.25817E-1 3.24077E-1 3.2776E-1 3.31442E-1 3.35119E-1 3.34671E-1 3.41935E-1 3.48099E-1 3.60546E-1 3.80394E-1 4.1366E-1 4.4799E-1 4.84842E-1 5.07172E-1 5.44432E-1 5.77162E-1 6.11104E-1 6.32773E-1 6.3912E-1 6.48851E-1 6.63196E-1 6.68316E-1 6.52457E-1 5.81468E-1 4.20029E-1 4.0675E-1 4.84619E-1 3.54529E-1 3.12048E-1 4.45752E-1 6.28658E-1 6.4968E-1 6.40711E-1 5.58328E-1 5.32406E-1 4.58204E-1 3.99181E-1 3.78089E-1 4.12984E-1 4.45051E-1 4.82675E-1 4.85615E-1 5.01116E-1 4.6275E-1 3.84789E-1 3.47034E-1 3.65569E-1 3.62493E-1 2.88579E-1 2.25633E-1 2.5295E-1 2.88716E-1 3.11176E-1 3.22814E-1 3.18653E-1
-9999 -9999 2.42768E-1 2.55926E-1 2.65956E-1 2.81155E-1 2.9827E-1 3.20776E-1 3.43336E-1 3.65992E-1 3.82777E-1 3.89955E-1 3.88166E-1 3.7514E-1 3.7514E-1 3.68917E-1 3.63561E-1 3.58774E-1 3.71119E-1 3.89327E-1 4.25855E-1 4.62871E-1 4.97951E-1 5.36362E-1 5.70124E-1 6.0415E-1 6.3017E-1 6.50173E-1 6.54487E-1 6.57587E-1 6.65419E-1 6.69602E-1 6.58721E-1 6.24751E-1 5.19062E-1 4.83169E-1 4.77653E-1 3.60646E-1 4.67319E-1 5.87572E-1 6.39668E-1 6.59536E-1 6.54839E-1 6.25045E-1 6.17971E-1 5.26255E-1 3.78089E-1 3.67982E-1 4.09334E-1 4.3503E-1 4.75436E-1 5.06891E-1 4.8222E-1 4.26779E-1 3.88597E-1 3.82973E-1 3.91468E-1 3.749E-1 2.55347E-1 2.22195E-1 2.69318E-1 3.55994E-1 3.82017E-1 3.53374E-1 2.98454E-1
-9999 -9999 2.54134E-1 2.6917E-1 2.8087E-1 2.99712E-1 3.17051E-1 3.44835E-1 3.76005E-1 4.07896E-1 4.37744E-1 4.46629E-1 4.36716E-1 4.17163E-1 4.05141E-1 3.91812E-1 4.02379E-1 3.88252E-1 3.69364E-1 4.0719E-1 4.41299E-1 4.82084E-1 5.27142E-1 5.61035E-1 5.96327E-1 6.22288E-1 6.4107E-1 6.57818E-1 6.64349E-1 6.66148E-1 6.71484E-1 6.7022E-1 6.68316E-1 6.5049E-1 5.82697E-1 4.82108E-1 4.3303E-1 4.36991E-1 4.85615E-1 5.8958E-1 6.54706E-1 6.5935E-1 6.67922E-1 6.57356E-1 6.0847E-1 5.01593E-1 3.85444E-1 3.72411E-1 3.99661E-1 4.28973E-1 4.73021E-1 4.87181E-1 4.11161E-1 3.69953E-1 3.87425E-1 3.98201E-1 3.8489E-1 3.54657E-1 2.59212E-1 2.16087E-1 2.53884E-1 3.59276E-1 3.94027E-1 3.29699E-1 1.81405E-1
-9999 -9999 -9999 2.78901E-1 2.90963E-1 3.16753E-1 3.44482E-1 3.68283E-1 3.99014E-1 4.43961E-1 4.78351E-1 4.84105E-1 4.80581E-1 4.6112E-1 4.20557E-1 3.84069E-1 3.51607E-1 3.36488E-1 3.62315E-1 4.10489E-1 4.4962E-1 5.03405E-1 5.48482E-1 5.80829E-1 6.11598E-1 6.32176E-1 6.41282E-1 6.50173E-1 6.57439E-1 6.66716E-1 6.76486E-1 6.73072E-1 6.7046E-1 6.55999E-1 6.14234E-1 5.18001E-1 4.51914E-1 5.00395E-1 5.1771E-1 5.36702E-1 6.21872E-1 6.57998E-1 6.56978E-1 6.18941E-1 5.10388E-1 4.68416E-1 3.59867E-1 3.60672E-1 4.13467E-1 4.58077E-1 4.49458E-1 4.52928E-1 4.09023E-1 3.94793E-1 3.9978E-1 3.76256E-1 3.42037E-1 2.847E-1 2.31478E-1 1.82649E-1 1.83215E-1 2.94573E-1 3.53006E-1 2.47759E-1 1.00371E-1
-9999 -9999 -9999 -9999 -9999 -9999 -9999 3.87614E-1 4.25745E-1 4.61188E-1 4.80566E-1 4.94461E-1 5.04131E-1 5.0189E-1 4.51511E-1 3.57072E-1 2.67389E-1 3.03666E-1 3.69364E-1 4.28589E-1 4.90136E-1 5.41746E-1 5.78919E-1 6.05433E-1 6.25318E-1 6.36003E-1 6.47325E-1 6.54305E-1 6.59613E-1 6.71567E-1 6.78213E-1 6.73556E-1 6.62518E-1 6.48132E-1 6.26939E-1 5.78452E-1 5.2228E-1 5.2228E-1 5.35286E-1 5.69684E-1 6.26847E-1 6.47073E-1 6.33996E-1 5.38716E-1 3.19477E-1 3.29676E-1 2.96535E-1 3.13018E-1 4.14029E-1 4.32344E-1 4.14029E-1 4.18421E-1 3.98504E-1 4.11161E-1 3.73338E-1 3.08556E-1 2.66314E-1 2.39504E-1 1.92313E-1 1.2429E-1 1.21019E-1 2.03777E-1 2.8483E-1 1.50153E-1 4.41755E-2
-9999 -9999 -9999 -9999 -9999 -9999 -9999 -9999 4.45982E-1 4.68453E-1 4.94885E-1 5.11209E-1 5.22291E-1 5.24616E-1 4.91039E-1 4.20989E-1 3.70095E-1 3.89955E-1 4.22445E-1 4.78703E-1 5.43129E-1 5.74607E-1 5.99549E-1 6.19048E-1 6.33364E-1 6.42067E-1 6.53446E-1 6.61478E-1 6.66373E-1 6.76936E-1 6.77462E-1 6.61368E-1 6.39523E-1 6.29534E-1 6.2969E-1 6.16202E-1 5.73388E-1 5.61741E-1 5.63752E-1 5.64829E-1 5.82233E-1 6.12627E-1 6.19602E-1 5.26695E-1 3.37606E-1 3.13121E-1 2.62549E-1 2.71788E-1 3.31649E-1 3.60714E-1 3.85444E-1 3.98504E-1 3.86901E-1 3.86901E-1 3.17985E-1 2.15542E-1 1.82333E-1 1.84023E-1 1.48701E-1 7.20301E-2 4.74251E-2 7.53472E-2 1.10595E-1 6.45318E-2 2.68343E-2
-9999 -9999 -9999 -9999 -9999 -9999 -9999 -9999 -9999 4.78412E-1 4.97554E-1 5.13698E-1 5.33426E-1 5.30643E-1 5.06197E-1 4.81924E-1 4.82603E-1 4.81294E-1 4.96328E-1 5.23485E-1 5.5916E-1 5.87677E-1 6.09819E-1 6.30222E-1 6.4107E-1 6.50147E-1 6.60882E-1 6.69244E-1 6.72449E-1 6.77992E-1 6.74453E-1 6.50212E-1 6.14094E-1 5.98644E-1 6.21794E-1 6.10263E-1 5.61562E-1 5.42314E-1 5.59545E-1 5.51493E-1 5.03376E-1 4.71672E-1 5.2893E-1 4.74382E-1 2.62576E-1 2.58699E-1 3.06413E-1 3.01596E-1 2.99871E-1 3.28359E-1 3.89762E-1 3.96852E-1 3.8521E-1 3.53457E-1 2.51259E-1 1.41815E-1 1.31316E-1 1.45788E-1 1.1388E-1 3.85483E-2 8.33105E-3 1.8964E-2 3.25466E-2 2.90403E-2 1.71733E-2
-9999 -9999 -9999 -9999 -9999 -9999 -9999 -9999 -9999 4.86745E-1 5.01517E-1 5.14934E-1 5.27574E-1 5.30002E-1 5.24849E-1 5.13382E-1 5.08253E-1 5.06722E-1 5.18033E-1 5.3388E-1 5.65367E-1 5.97457E-1 6.24931E-1 6.4253E-1 6.50726E-1 6.56833E-1 6.62983E-1 6.65357E-1 6.58915E-1 6.7878E-1 6.67451E-1 6.3929E-1 6.1954E-1 5.87292E-1 5.90152E-1 5.73332E-1 5.25244E-1 4.92705E-1 5.04889E-1 4.76502E-1 4.01972E-1 3.80827E-1 4.19114E-1 3.93368E-1 3.11805E-1 3.29292E-1 3.42092E-1 3.42944E-1 3.44322E-1 3.60672E-1 4.08729E-1 4.0193E-1 3.43087E-1 2.51614E-1 1.44692E-1 8.06651E-2 9.34967E-2 1.29833E-1 1.23007E-1 5.42011E-2 1.33742E-2 1.01464E-2 1.41845E-2 1.34504E-2 6.4608E-3
-9999 -9999 -9999 -9999 -9999 -9999 -9999 -9999 -9999 -9999 -9999 5.19335E-1 5.2782E-1 5.31632E-1 5.34864E-1 5.31369E-1 5.29708E-1 5.28145E-1 5.32097E-1 5.46862E-1 5.78919E-1 6.10969E-1 6.40614E-1 6.56459E-1 6.60279E-1 6.60279E-1 6.61419E-1 6.6319E-1 6.61829E-1 6.78421E-1 6.59289E-1 6.06922E-1 6.11474E-1 6.00413E-1 5.43424E-1 5.1241E-1 5.33243E-1 5.07645E-1 4.79528E-1 4.27872E-1 3.61395E-1 3.75003E-1 4.2761E-1 4.85704E-1 4.94236E-1 4.84108E-1 4.1358E-1 3.56865E-1 3.5879E-1 3.64975E-1 4.09265E-1 3.89718E-1 3.01547E-1 1.97918E-1 1.06138E-1 7.10934E-2 7.8679E-2 1.00631E-1 1.08604E-1 7.38712E-2 3.74801E-2 2.06941E-2 1.34504E-2 5.95549E-3 3.34765E-3
-9999 -9999 -9999 -9999 -9999 -9999 -9999 -9999 -9999 -9999 -9999 -9999 -9999 5.33705E-1 5.37979E-1 5.39137E-1 5.45589E-1 -9999 -9999 5.80022E-1 5.92301E-1 6.13546E-1 6.51284E-1 6.64296E-1 6.65069E-1 6.63888E-1 6.60504E-1 6.53659E-1 6.64889E-1 6.79588E-1 6.55711E-1 5.87224E-1 6.06136E-1 5.78847E-1 4.65838E-1 4.06916E-1 5.20163E-1 5.29062E-1 4.64581E-1 3.73126E-1 2.62323E-1 2.71922E-1 4.00942E-1 5.1254E-1 5.36282E-1 5.37474E-1 4.40345E-1 3.72332E-1 3.50447E-1 3.43174E-1 3.6757E-1 3.49973E-1 2.68982E-1 1.8476E-1 1.2697E-1 8.40897E-2 8.62005E-2 1.19023E-1 1.50849E-1 1.21688E-1 7.68268E-2 5.44568E-2 3.09085E-2 1.39051E-2 8.61869E-3
-9999 -9999 -9999 -9999 -9999 -9999 -9999 -9999 -9999 -9999 -9999 -9999 -9999 5.30518E-1 5.33426E-1 -9999 -9999 6.08894E-1 6.14235E-1 6.23038E-1 6.2877E-1 6.20353E-1 6.62008E-1 6.68271E-1 6.68123E-1 6.66116E-1 6.61305E-1 6.57812E-1 6.67347E-1 6.7824E-1 6.66585E-1 6.43502E-1 6.28525E-1 5.76769E-1 4.5395E-1 3.97468E-1 4.8917E-1 4.85625E-1 4.01607E-1 2.64225E-1 1.46182E-1 1.56548E-1 2.847E-1 4.10437E-1 4.8625E-1 5.03759E-1 4.62045E-1 4.00557E-1 3.5762E-1 3.31564E-1 3.06946E-1 2.82537E-1 2.24528E-1 1.81551E-1 2.10857E-1 2.06576E-1 1.81531E-1 1.9699E-1 1.59402E-1 1.16273E-1 7.16645E-2 4.31792E-2 2.27351E-2 1.4184E-2 7.52265E-3
-9999 -9999 -9999 -9999 -9999 -9999 -9999 -9999 -9999 -9999 -9999 5.12077E-1 5.13382E-1 5.22291E-1 5.79582E-1 5.973E-1 6.23057E-1 6.29615E-1 6.3142E-1 6.37502E-1 6.43017E-1 6.54504E-1 6.6687E-1 6.58785E-1 6.57429E-1 6.6143E-1 6.62484E-1 6.63196E-1 6.66807E-1 6.78249E-1 6.75736E-1 6.68287E-1 6.49951E-1 6.02913E-1 5.16883E-1 4.67592E-1 4.42028E-1 4.03497E-1 2.73807E-1 1.23378E-1 6.74583E-2 8.4868E-2 1.81557E-1 3.57334E-1 4.76876E-1 5.30358E-1 5.50453E-1 5.40006E-1 5.18988E-1 4.6141E-1 3.41609E-1 2.72707E-1 2.10445E-1 3.61214E-1 4.26442E-1 3.97595E-1 3.18817E-1 2.14022E-1 1.43028E-1 8.05122E-2 4.57298E-2 2.1756E-2 1.1567E-2 7.53527E-3 9.62877E-3
-9999 -9999 -9999 -9999 -9999 -9999 -9999 -9999 -9999 -9999 -9999 5.236E-1 5.25405E-1 5.35616E-1 5.6034E-1 6.12676E-1 6.36196E-1 6.45416E-1 6.41304E-1 6.39657E-1 6.45361E-1 6.62115E-1 6.49102E-1 6.44933E-1 6.45389E-1 6.5266E-1 6.6284E-1 6.66997E-1 6.70228E-1 6.7787E-1 6.79608E-1 6.79038E-1 6.62053E-1 6.21695E-1 5.5239E-1 4.33336E-1 2.27503E-1 2.20349E-1 1.67498E-1 7.8709E-2 6.00661E-2 6.61785E-2 1.4932E-1 3.33643E-1 4.83719E-1 5.57891E-1 5.96169E-1 5.9982E-1 5.86079E-1 5.94546E-1 5.57946E-1 5.19644E-1 5.11014E-1 5.19739E-1 4.95849E-1 4.51225E-1 3.63079E-1 2.44814E-1 1.16586E-1 3.24476E-2 1.41197E-2 7.83995E-3 6.96821E-3 9.60574E-3 1.60893E-2
-9999 -9999 -9999 -9999 -9999 -9999 -9999 -9999 -9999 -9999 -9999 -9999 5.44526E-1 5.55971E-1 5.77771E-1 6.23422E-1 6.39426E-1 6.37003E-1 6.35002E-1 6.3934E-1 6.45617E-1 6.52684E-1 6.47244E-1 6.45937E-1 6.50184E-1 6.50665E-1 6.59414E-1 6.67294E-1 6.70041E-1 6.70485E-1 6.75948E-1 6.79608E-1 6.73638E-1 6.24084E-1 5.61885E-1 4.60378E-1 2.30613E-1 1.55632E-1 1.2483E-1 9.39567E-2 9.60147E-2 9.81321E-2 1.92996E-1 3.44904E-1 5.22489E-1 5.87153E-1 6.26352E-1 6.36992E-1 6.31082E-1 6.26227E-1 5.93643E-1 5.59539E-1 5.37497E-1 4.98849E-1 4.70023E-1 4.33464E-1 3.27159E-1 2.18709E-1 8.16879E-2 1.01317E-2 2.06839E-3 1.87062E-3 4.45834E-3 1.11273E-2 3.24143E-2
-9999 -9999 -9999 -9999 -9999 -9999 -9999 -9999 -9999 -9999 -9999 -9999 -9999 5.90851E-1 6.18828E-1 6.40713E-1 6.37375E-1 6.39385E-1 6.40799E-1 6.41894E-1 6.46854E-1 6.5266E-1 6.52543E-1 6.53681E-1 6.56412E-1 6.52769E-1 6.60926E-1 6.65399E-1 6.66611E-1 6.69148E-1 6.77197E-1 6.78131E-1 -9999 6.3193E-1 5.60035E-1 4.89456E-1 2.96417E-1 1.51407E-1 9.83753E-2 9.39567E-2 9.89393E-2 1.14972E-1 2.46591E-1 4.30465E-1 4.28512E-1 4.75879E-1 6.25003E-1 6.28973E-1 6.41251E-1 6.33849E-1 6.0847E-1 5.87642E-1 5.56207E-1 4.6972E-1 3.93368E-1 3.48594E-1 2.71666E-1 1.60217E-1 4.00186E-2 3.9693E-3 7.21822E-4 1.16315E-3 7.42023E-3 4.11304E-2 5.92277E-2
-9999 -9999 -9999 -9999 -9999 -9999 -9999 -9999 -9999 -9999 -9999 -9999 -9999 -9999 6.39157E-1 6.42645E-1 6.14632E-1 6.17808E-1 6.1858E-1 6.30096E-1 6.3607E-1 6.449E-1 6.4889E-1 6.52501E-1 6.49772E-1 6.53218E-1 6.62062E-1 6.64042E-1 6.67109E-1 6.69931E-1 6.74042E-1 6.72871E-1 -9999 6.32875E-1 5.71528E-1 4.7959E-1 3.0489E-1 9.61178E-2 2.31576E-2 1.75695E-2 2.7547E-2 6.75127E-2 1.73451E-1 3.83576E-1 5.30959E-1 5.90534E-1 5.91778E-1 5.91778E-1 6.03855E-1 5.88004E-1 5.64011E-1 5.97342E-1 5.52293E-1 4.85758E-1 3.86472E-1 3.34234E-1 2.77554E-1 1.30162E-1 2.226E-2 2.21366E-3 1.68155E-3 2.66495E-3 1.07007E-2 7.94354E-2 1.54303E-1
-9999 -9999 -9999 -9999 -9999 -9999 -9999 -9999 -9999 -9999 -9999 -9999 -9999 -9999 -9999 6.43399E-1 6.22717E-1 6.15103E-1 6.10808E-1 5.90492E-1 5.55052E-1 5.70974E-1 6.32754E-1 6.44633E-1 6.49464E-1 6.56241E-1 6.60999E-1 6.61306E-1 6.62662E-1 6.60303E-1 6.51624E-1 6.57557E-1 6.52514E-1 6.11646E-1 5.29772E-1 4.22379E-1 1.69914E-1 2.88719E-2 5.26488E-3 4.27648E-3 1.43366E-2 9.82153E-2 3.45324E-1 5.62128E-1 6.30602E-1 6.5286E-1 6.44699E-1 6.03599E-1 5.83207E-1 5.3953E-1 4.69865E-1 5.03736E-1 4.34271E-1 3.87322E-1 3.32591E-1 3.27007E-1 2.69366E-1 1.43028E-1 4.20719E-2 1.01317E-2 2.4777E-3 2.18239E-4 1.81579E-4 7.31771E-3 1.24976E-1
-9999 -9999 -9999 -9999 -9999 -9999 -9999 -9999 -9999 -9999 -9999 -9999 -9999 -9999 -9999 -9999 6.15997E-1 6.06065E-1 5.8275E-1 5.50738E-1 4.92229E-1 5.33579E-1 6.20101E-1 6.35561E-1 6.38481E-1 6.49776E-1 6.59264E-1 6.6012E-1 6.51373E-1 6.52604E-1 6.47533E-1 6.43856E-1 -9999 5.24598E-1 4.49787E-1 2.10988E-1 2.68169E-2 1.71638E-3 3.44366E-4 5.73362E-4 9.05663E-3 1.00264E-1 4.1845E-1 6.25065E-1 6.62778E-1 6.75245E-1 6.64973E-1 6.36908E-1 6.14944E-1 5.85632E-1 5.40717E-1 4.05923E-1 2.98589E-1 4.04247E-1 3.80443E-1 4.27408E-1 4.00095E-1 3.01817E-1 1.46182E-1 2.68076E-2 2.46092E-3 5.40562E-5 3.17321E-4 4.17261E-2 2.90105E-1
-9999 -9999 -9999 -9999 -9999 -9999 -9999 -9999 -9999 -9999 -9999 -9999 -9999 -9999 -9999 -9999 -9999 5.87863E-1 5.61258E-1 5.29803E-1 5.251E-1 5.5216E-1 6.00659E-1 6.20173E-1 6.18504E-1 6.32345E-1 6.4545E-1 6.43366E-1 6.40762E-1 6.37808E-1 6.25703E-1 -9999 -9999 2.83648E-1 1.33294E-1 1.1531E-2 8.44897E-4 4.70788E-5 1.08928E-5 7.2654E-5 2.74195E-3 5.68006E-2 4.6608E-1 6.31466E-1 6.63418E-1 6.69448E-1 6.73603E-1 6.36659E-1 6.21794E-1 5.92367E-1 5.70287E-1 5.52712E-1 5.53715E-1 5.59053E-1 5.7158E-1 5.58607E-1 5.00385E-1 2.67377E-1 1.49531E-1 4.84861E-2 1.926E-2 7.21841E-2 4.01388E-1 5.16768E-1 5.20862E-1
-9999 -9999 -9999 -9999 -9999 -9999 -9999 -9999 -9999 -9999 -9999 -9999 -9999 -9999 -9999 -9999 -9999 -9999 5.58952E-1 5.71389E-1 5.82099E-1 5.94037E-1 6.02261E-1 6.31353E-1 6.24129E-1 6.33993E-1 6.52923E-1 6.57429E-1 6.50118E-1 6.28592E-1 6.07181E-1 -9999 -9999 8.12264E-2 1.032E-2 3.61097E-4 3.58259E-5 2.52608E-6 1.50326E-7 1.28589E-6 3.01868E-4 6.70461E-2 5.12263E-1 6.31547E-1 6.4314E-1 6.64356E-1 6.6696E-1 6.57174E-1 6.43308E-1 6.12929E-1 5.86323E-1 5.85345E-1 6.06922E-1 6.11186E-1 6.28435E-1 5.95439E-1 5.31317E-1 5.53789E-1 5.80927E-1 5.77584E-1 5.81945E-1 5.99509E-1 5.9689E-1 5.76533E-1 5.53772E-1
-9999 -9999 -9999 -9999 -9999 -9999 -9999 -9999 -9999 -9999 -9999 -9999 -9999 -9999 -9999 -9999 -9999 -9999 -9999 5.91187E-1 6.29936E-1 6.22813E-1 6.05778E-1 6.35516E-1 6.47008E-1 6.53218E-1 6.59537E-1 6.58467E-1 -9999 -9999 -9999 -9999 -9999 -9999 5.96948E-4 2.72331E-6 2.57254E-8 4.57174E-9 3.09302E-10 5.9194E-9 2.47055E-5 1.07661E-1 5.65332E-1 6.2403E-1 6.30174E-1 6.59789E-1 6.66804E-1 6.54705E-1 6.34426E-1 6.11017E-1 5.73332E-1 5.44513E-1 5.65576E-1 5.88603E-1 6.1954E-1 6.3193E-1 6.27975E-1 6.36569E-1 6.5166E-1 6.3193E-1 6.24662E-1 6.25233E-1 6.01254E-1 5.72515E-1 5.22186E-1
