KUENM/Final_Models/M_0.1_F_lq_Set_2_NE/sp1_9_se_asia.asc
ncols         320
nrows         243
xllcorner     44.0
yllcorner     -0.666666666666667
cellsize      0.166666666666667
NODATA_value  -9999
[rows 31 to 61 of 243, columns 0 to 69 of 320]
-9999 -9999 -9999 -9999 -9999 -9999 -9999 -9999 -9999 -9999 1.78763E-1 5.1197E-2 5.29474E-4 2.54735E-3 1.50266E-3 3.25564E-3 2.18704E-3 1.85312E-3 1.80831E-4 2.522E-4 8.40668E-4 5.01862E-4 6.95689E-5 8.27068E-4 1.15052E-3 2.76694E-4 8.91539E-5 5.80646E-6 5.70837E-5 1.92192E-4 3.93763E-4 2.75036E-4 1.0066E-4 1.10997E-4 6.86748E-5 1.52419E-5 5.66159E-6 1.05251E-4 5.9294E-4 1.22717E-3 2.08197E-3 2.78155E-3 4.01226E-3 4.7455E-3 5.21236E-3 5.17368E-3 4.86428E-3 4.57084E-3 3.87964E-3 2.03843E-3 2.64999E-3 2.80273E-3 1.61422E-3 3.52504E-3 6.13686E-3 6.55108E-3 7.09836E-3 6.98893E-3 7.20924E-3 7.20924E-3 7.3216E-3 7.20924E-3 6.97075E-3 6.75813E-3 6.75813E-3 6.75813E-3 6.75813E-3 6.23345E-3 6.34948E-3 6.25068E-3
-9999 -9999 -9999 -9999 -9999 -9999 -9999 -9999 -9999 2.03841E-1 1.44794E-1 8.15808E-2 2.5613E-3 1.13759E-3 2.29482E-3 2.20568E-3 3.16342E-3 2.46702E-3 1.62475E-3 1.50866E-4 1.30005E-3 1.98095E-3 8.48901E-4 1.28547E-3 1.22325E-3 3.8916E-4 2.29695E-4 4.20349E-4 2.32749E-4 8.68084E-5 1.58236E-4 1.01196E-4 5.62368E-5 2.07609E-4 1.95182E-4 1.13079E-4 7.30261E-5 8.96385E-5 2.7978E-4 1.33652E-3 6.3797E-4 7.44377E-4 1.66644E-3 4.78889E-3 6.01991E-3 5.96448E-3 5.52092E-3 5.02618E-3 4.79344E-3 3.98638E-3 3.25135E-3 3.61841E-3 3.5025E-3 4.82523E-3 6.26911E-3 6.26911E-3 6.47122E-3 6.68281E-3 6.68281E-3 6.78952E-3 6.78952E-3 6.57435E-3 6.6789E-3 6.6789E-3 6.3622E-3 6.26258E-3 6.06736E-3 6.06736E-3 5.78435E-3 5.60207E-3
-9999 -9999 -9999 -9999 -9999 -9999 -9999 -9999 -9999 1.72473E-1 1.0091E-1 5.10961E-2 8.39238E-3 2.06187E-3 2.00717E-3 1.02895E-3 1.94341E-3 1.66668E-3 1.11611E-3 2.58663E-3 2.35286E-3 5.94456E-4 2.64049E-4 1.49966E-4 5.24843E-4 1.47582E-3 2.4953E-4 1.872E-4 2.02462E-4 7.92244E-5 3.04161E-5 9.50618E-5 3.02028E-5 1.33384E-4 3.62561E-4 3.03634E-4 1.74237E-4 9.83965E-5 3.08455E-4 5.20898E-4 2.09483E-5 1.1185E-5 1.81692E-4 4.05577E-3 6.67508E-3 5.87342E-3 5.00163E-3 4.86997E-3 3.71971E-3 3.9396E-3 4.82523E-3 4.6724E-3 5.42478E-3 6.07235E-3 6.27025E-3 6.47062E-3 6.36761E-3 6.26601E-3 6.36761E-3 6.36761E-3 6.36761E-3 5.97544E-3 5.25236E-3 5.69508E-3 5.51412E-3 5.25236E-3 4.91979E-3 5.60397E-3 5.78562E-3 5.87986E-3
-9999 -9999 -9999 -9999 -9999 -9999 -9999 -9999 -9999 1.61763E-1 8.8264E-2 4.05974E-2 9.09256E-3 3.21883E-3 2.42402E-3 3.80728E-3 2.60512E-3 1.13601E-3 1.30614E-3 6.82151E-4 9.63396E-4 8.61928E-4 4.29128E-4 3.33245E-4 2.58702E-4 4.95269E-5 1.88821E-4 1.93261E-4 6.22421E-5 6.88755E-5 2.76052E-5 3.34933E-5 7.77935E-5 7.08735E-5 1.55912E-4 2.83039E-4 8.42762E-5 2.98226E-5 1.64588E-4 4.16582E-4 6.84009E-5 5.19928E-6 1.15337E-4 2.11053E-3 6.73721E-3 4.86428E-3 4.29272E-3 2.44286E-3 6.39019E-4 1.54552E-3 2.0072E-3 1.61698E-3 2.65661E-3 4.3142E-3 5.60104E-3 5.95862E-3 6.05648E-3 6.05648E-3 5.95862E-3 5.95862E-3 5.24716E-3 3.96959E-3 3.23657E-3 2.96005E-3 3.71071E-3 2.89929E-3 2.24918E-3 4.68575E-3 5.76701E-3 6.04077E-3
-9999 -9999 -9999 -9999 -9999 -9999 -9999 -9999 -9999 1.51066E-1 1.10233E-1 4.84376E-2 1.73406E-2 7.46704E-3 3.12409E-3 1.53797E-3 4.66282E-3 1.56027E-3 3.75626E-3 1.63986E-3 1.14348E-3 2.97387E-3 5.27311E-4 1.18837E-3 5.8311E-4 3.31685E-4 3.85903E-6 2.69932E-5 7.61063E-4 7.51171E-5 2.9145E-5 2.45853E-5 5.57872E-5 2.39241E-5 1.36712E-5 6.58632E-5 1.17532E-5 1.37317E-5 6.46923E-5 3.05372E-4 2.06029E-4 3.72898E-5 1.25103E-5 3.53794E-4 2.69782E-3 4.75471E-3 4.84715E-3 2.87273E-3 8.35707E-4 5.4015E-4 6.62092E-4 7.9283E-4 7.18158E-4 9.2871E-4 1.96778E-3 4.68215E-3 5.48964E-3 5.22395E-3 5.3998E-3 4.83228E-3 3.53421E-3 1.75602E-3 1.21049E-3 9.4455E-4 1.47406E-3 2.44441E-3 3.97256E-3 5.31124E-3 5.92145E-3 5.82439E-3
-9999 -9999 -9999 -9999 -9999 -9999 -9999 -9999 -9999 -9999 1.38228E-1 5.9816E-2 1.83381E-2 1.09989E-2 2.25213E-3 8.65986E-3 7.39894E-3 4.33088E-3 1.83381E-2 1.33993E-2 1.18355E-2 2.28445E-3 5.42279E-3 1.7544E-3 9.76734E-4 1.23017E-3 2.29395E-4 1.39143E-4 8.56081E-4 1.12542E-3 1.26288E-4 5.26994E-5 2.69171E-5 2.86525E-5 1.33781E-5 3.33436E-5 1.01528E-4 1.14134E-4 1.85717E-4 7.30597E-5 2.76371E-5 7.62485E-5 2.18623E-5 3.56722E-6 2.66838E-5 3.5236E-4 2.10218E-3 4.02929E-3 3.66033E-3 2.62589E-3 2.28672E-3 2.52744E-3 2.03506E-3 9.13104E-4 1.20178E-3 2.17236E-3 1.94515E-3 3.71518E-3 3.83768E-3 4.0976E-3 4.02923E-3 3.0879E-3 2.462E-3 2.50402E-3 3.14045E-3 3.36081E-3 3.77812E-3 4.58543E-3 5.27065E-3 5.51482E-3
-9999 -9999 -9999 -9999 -9999 -9999 -9999 -9999 -9999 -9999 -9999 1.10267E-1 6.88303E-2 2.16191E-2 4.82018E-3 1.36076E-3 1.28771E-2 1.5808E-2 1.09217E-2 3.91057E-3 4.33088E-3 8.97477E-3 5.37133E-3 2.02847E-2 5.10072E-3 3.86934E-3 2.34917E-3 7.97309E-4 2.72856E-4 9.09583E-4 1.43669E-3 1.0491E-4 1.20968E-4 9.12427E-5 2.49743E-5 3.80306E-5 5.64788E-5 5.19521E-5 1.06316E-4 7.40941E-5 6.03635E-5 3.37401E-5 1.64222E-5 7.77389E-6 2.47002E-6 2.55596E-6 1.0823E-4 1.01612E-3 2.89497E-3 3.81395E-3 3.82613E-3 3.71071E-3 3.58992E-3 3.02796E-3 2.68594E-3 1.94515E-3 1.05634E-3 2.02155E-3 2.74035E-3 3.41412E-3 3.41412E-3 2.93485E-3 2.93485E-3 2.34433E-3 2.06417E-3 2.74035E-3 3.35655E-3 3.83009E-3 4.019E-3 5.48356E-3
-9999 -9999 -9999 -9999 -9999 -9999 -9999 -9999 -9999 -9999 -9999 -9999 7.13381E-2 6.04287E-2 1.44593E-2 3.03536E-3 2.4184E-3 2.0109E-2 1.73901E-2 2.52947E-2 1.29776E-2 1.3818E-2 1.79356E-2 3.93129E-2 1.79443E-2 1.60158E-2 1.56984E-2 2.36301E-3 2.53126E-4 2.33578E-4 4.6839E-4 7.51171E-5 1.8838E-4 1.34724E-4 3.03909E-5 1.14954E-5 1.77314E-5 4.80065E-5 7.98272E-5 1.68648E-5 8.10249E-6 9.63213E-6 3.37401E-5 5.48657E-5 1.86943E-5 3.02121E-6 3.6928E-6 1.06993E-4 5.54728E-4 1.62377E-3 2.41858E-3 3.12186E-3 2.72367E-3 2.92814E-3 3.14045E-3 2.13575E-3 6.80245E-4 4.80097E-4 7.96361E-4 1.72571E-3 2.69458E-3 1.20121E-3 7.4741E-4 5.96831E-4 6.37354E-4 1.03834E-3 3.80509E-3 5.17682E-3 5.2658E-3 5.2658E-3
-9999 -9999 -9999 -9999 -9999 -9999 -9999 -9999 -9999 -9999 -9999 -9999 -9999 8.08223E-2 3.78264E-2 1.25887E-2 1.23269E-2 4.86842E-3 6.30165E-3 5.20832E-2 3.82881E-2 1.83381E-2 5.96048E-2 4.2791E-2 9.37378E-3 2.3871E-3 4.58217E-4 1.40175E-3 2.91104E-3 4.07679E-3 1.28252E-4 1.1834E-5 3.21312E-6 3.34449E-5 3.20855E-5 9.22522E-6 1.13646E-5 6.54583E-6 1.01679E-5 2.0781E-5 1.34868E-5 3.50684E-5 8.95637E-5 1.36132E-4 1.31403E-4 9.28184E-5 4.99259E-5 3.52003E-5 6.31976E-5 1.03886E-4 3.51822E-4 1.43527E-4 2.95923E-4 5.78817E-4 1.5862E-3 2.55302E-3 1.81692E-3 1.15152E-3 7.8274E-4 1.06586E-3 1.86198E-3 2.43028E-3 3.12743E-3 3.7229E-3 3.02875E-3 1.35069E-3 2.22647E-3 4.42252E-3 4.70517E-3 4.37421E-3
-9999 -9999 -9999 -9999 -9999 -9999 -9999 -9999 -9999 -9999 -9999 -9999 8.71638E-2 8.86319E-2 8.75316E-2 6.69162E-2 4.31787E-2 2.62741E-2 1.50699E-2 9.57522E-3 3.53558E-2 7.67223E-2 1.05937E-1 6.78951E-2 1.21961E-2 7.10211E-3 1.31389E-3 4.50656E-2 2.86853E-2 2.69924E-3 1.15916E-3 1.18233E-4 2.53672E-6 2.71768E-5 1.96319E-5 2.69847E-6 5.87939E-6 5.64822E-6 3.72198E-6 5.31345E-6 2.25072E-5 7.66158E-5 1.0186E-4 2.112E-4 3.41828E-4 3.43092E-4 2.36104E-4 9.28478E-5 5.0972E-5 2.07914E-5 4.48359E-5 5.28909E-5 5.88445E-5 8.96337E-5 3.70279E-4 1.65119E-3 2.22272E-3 2.55915E-3 1.76239E-3 1.2308E-3 1.43866E-3 1.96971E-3 3.59614E-3 4.0132E-3 3.55182E-3 1.76762E-3 1.43105E-3 2.43028E-3 2.43028E-3 2.07039E-3
-9999 -9999 -9999 -9999 -9999 -9999 -9999 -9999 -9999 -9999 -9999 -9999 -9999 -9999 -9999 9.38834E-2 5.60176E-2 5.34108E-2 5.99484E-2 1.91698E-2 3.9079E-2 4.44976E-2 6.95731E-2 1.13188E-1 1.12518E-1 2.91216E-2 1.77656E-2 3.50713E-2 6.24169E-2 2.77703E-2 4.38925E-2 8.25842E-3 2.76399E-4 1.2439E-4 2.79429E-5 3.46855E-6 2.66988E-6 1.37071E-5 1.79478E-5 3.99863E-6 7.73281E-6 2.62147E-5 6.45708E-5 1.09746E-4 3.73828E-4 4.9446E-4 5.13258E-4 4.27112E-4 1.98339E-4 5.47915E-5 8.81116E-6 2.31457E-5 7.32909E-5 1.77696E-4 3.63024E-4 1.04599E-3 1.78606E-3 2.64866E-3 2.83213E-3 1.33523E-3 1.96971E-3 3.27134E-3 4.31624E-3 4.31624E-3 3.53421E-3 1.76762E-3 1.96971E-3 1.43105E-3 8.00541E-4 4.72087E-4
-9999 -9999 -9999 -9999 -9999 -9999 -9999 -9999 -9999 -9999 -9999 -9999 -9999 -9999 -9999 -9999 1.01101E-1 1.05086E-1 1.09402E-1 9.77442E-2 6.45221E-2 1.15184E-1 1.65237E-1 1.45239E-1 2.53127E-1 2.36695E-1 2.76832E-1 2.83531E-1 1.19533E-1 6.26256E-3 9.33246E-3 6.13132E-3 1.09367E-3 9.2647E-4 1.73257E-4 4.47392E-6 3.46855E-6 3.36296E-6 3.90724E-5 6.23379E-5 4.11925E-5 4.65311E-5 8.66767E-5 1.05659E-4 1.67117E-4 5.17476E-4 5.8756E-4 6.23301E-4 5.66507E-4 3.43376E-4 1.58642E-4 7.54623E-5 2.73996E-5 6.95726E-5 3.25409E-4 9.5598E-4 1.71781E-3 2.64866E-3 3.02875E-3 1.93237E-3 2.46898E-3 2.11427E-3 2.72101E-3 2.38417E-3 3.67878E-3 3.7827E-3 3.41316E-3 2.11389E-3 1.76239E-3 1.01083E-3
-9999 -9999 -9999 -9999 -9999 -9999 -9999 -9999 -9999 -9999 -9999 -9999 -9999 -9999 -9999 -9999 -9999 -9999 1.14104E-1 1.38418E-1 1.56018E-1 1.72059E-1 2.00477E-1 2.50408E-1 2.79554E-1 3.18768E-1 3.0628E-1 2.95249E-1 2.12935E-1 2.03726E-1 9.31538E-2 1.17254E-2 1.72514E-4 1.5813E-5 7.92244E-5 4.0189E-6 2.03338E-6 1.19307E-5 4.31305E-5 1.58603E-5 4.36991E-5 9.38238E-5 1.38511E-4 2.76956E-4 5.89353E-4 4.65507E-4 5.96719E-4 7.12499E-4 7.57264E-4 7.25571E-4 5.82548E-4 4.24414E-4 2.26495E-4 1.285E-4 1.65304E-4 7.4091E-4 1.62319E-3 2.26516E-3 2.7836E-3 2.96913E-3 2.81796E-3 2.22621E-3 1.3185E-3 2.5967E-4 1.36545E-3 3.39262E-3 1.93573E-3 1.35863E-3 1.35069E-3 1.28673E-3
-9999 -9999 -9999 -9999 -9999 -9999 -9999 -9999 -9999 -9999 -9999 -9999 -9999 -9999 -9999 -9999 -9999 -9999 -9999 -9999 1.47572E-1 1.74319E-1 2.03167E-1 2.33158E-1 2.82194E-1 3.29585E-1 3.69063E-1 3.87119E-1 3.60575E-1 3.88478E-1 4.06031E-1 2.19333E-1 5.4068E-2 2.81308E-2 3.26226E-3 3.21595E-4 3.27289E-6 1.49986E-5 9.9748E-6 2.30299E-5 8.64874E-5 1.06494E-4 1.99889E-4 3.49001E-4 4.28385E-4 4.9301E-4 3.75971E-4 3.9993E-4 6.535E-4 7.86021E-4 8.31613E-4 8.07215E-4 6.95301E-4 5.29924E-4 4.31061E-4 7.3041E-4 8.28338E-4 1.17151E-3 1.89916E-3 2.51238E-3 2.15166E-3 1.02694E-3 2.55244E-4 6.8695E-5 4.8765E-4 2.22621E-3 8.71924E-4 1.61041E-3 2.11389E-3 1.65988E-3
-9999 -9999 -9999 -9999 -9999 -9999 -9999 -9999 -9999 -9999 -9999 -9999 -9999 -9999 -9999 -9999 -9999 -9999 -9999 -9999 -9999 1.54649E-1 1.85746E-1 2.147E-1 2.53348E-1 3.09757E-1 3.53606E-1 3.915E-1 4.28404E-1 4.48418E-1 4.73909E-1 4.33672E-1 2.03876E-1 1.30078E-1 1.0871E-1 4.58662E-4 7.00998E-5 1.91075E-5 8.19915E-6 8.18332E-5 8.41428E-5 1.29898E-4 2.88032E-5 1.63514E-4 4.24169E-4 3.88249E-4 3.90756E-4 4.38254E-4 6.41537E-4 6.27922E-4 7.45341E-4 9.35812E-4 9.68732E-4 8.77822E-4 4.36485E-4 2.93933E-4 2.74934E-4 1.05708E-4 5.78047E-4 1.96971E-3 2.15166E-3 1.4001E-3 5.54948E-4 1.91941E-4 3.58383E-4 2.4211E-3 3.14429E-3 2.38742E-3 5.69068E-4 5.98758E-4
-9999 -9999 -9999 -9999 -9999 -9999 -9999 -9999 -9999 -9999 -9999 -9999 -9999 -9999 -9999 -9999 -9999 -9999 -9999 -9999 -9999 -9999 1.59984E-1 1.83699E-1 2.27777E-1 2.6966E-1 3.11355E-1 3.56456E-1 4.01991E-1 4.51536E-1 4.87093E-1 4.79294E-1 3.89416E-1 3.05883E-1 1.22281E-1 3.3187E-3 6.63328E-4 2.35314E-5 1.10674E-4 2.15397E-4 9.03341E-5 1.15535E-4 5.22524E-5 6.63025E-5 6.92646E-5 2.51141E-4 2.37804E-4 3.66563E-4 2.56325E-4 5.80949E-4 8.32323E-4 9.15331E-4 1.13957E-3 1.01715E-3 4.7398E-4 1.16535E-4 1.11012E-4 1.65304E-4 3.3094E-4 1.33523E-3 1.8369E-3 1.74257E-3 9.67623E-4 1.08839E-4 8.38884E-5 1.26024E-3 3.47322E-3 3.01084E-3 7.28408E-4 4.31061E-4
-9999 -9999 -9999 -9999 -9999 -9999 -9999 -9999 -9999 -9999 -9999 -9999 -9999 -9999 -9999 -9999 -9999 -9999 -9999 -9999 -9999 -9999 1.39475E-1 1.5965E-1 1.91938E-1 2.25389E-1 2.65842E-1 3.15883E-1 3.64243E-1 4.17828E-1 4.8264E-1 5.32697E-1 4.72028E-1 3.3168E-1 1.9014E-1 1.08874E-1 1.13584E-2 4.98016E-4 1.73055E-5 7.97843E-4 9.58761E-5 2.29775E-5 5.21963E-5 5.27355E-5 4.27111E-5 7.14956E-5 1.94407E-4 1.92697E-4 1.13224E-4 6.18873E-4 1.00965E-3 1.16884E-3 1.15687E-3 9.83884E-4 5.22665E-4 1.80322E-4 5.65617E-5 5.0972E-5 8.08223E-5 5.2301E-4 1.23848E-3 1.42498E-3 1.37561E-3 8.88225E-4 2.87686E-4 6.17642E-4 3.15948E-3 3.43087E-3 1.75566E-3 8.86498E-4
-9999 -9999 -9999 -9999 -9999 -9999 -9999 -9999 -9999 -9999 -9999 -9999 -9999 -9999 -9999 -9999 -9999 -9999 -9999 -9999 -9999 -9999 -9999 1.36927E-1 1.59146E-1 1.88636E-1 2.24419E-1 2.56669E-1 3.10244E-1 3.70851E-1 4.35111E-1 4.92707E-1 5.02934E-1 3.30845E-1 2.1276E-1 8.53239E-2 1.43794E-2 3.44188E-3 1.87474E-3 7.8879E-4 6.27077E-4 5.53538E-5 8.14609E-6 5.83584E-5 5.24613E-5 1.94437E-5 3.09784E-5 1.53858E-4 1.76932E-4 2.43149E-4 4.23958E-4 8.92563E-4 9.05867E-4 9.63658E-4 7.13978E-4 4.35133E-4 1.86198E-4 6.27269E-5 1.0194E-5 5.1788E-5 1.41732E-4 5.14166E-4 9.52384E-4 1.36545E-3 9.8598E-4 1.16036E-3 2.64666E-3 3.65904E-3 2.83557E-3 9.48227E-4
-9999 -9999 -9999 -9999 -9999 -9999 -9999 -9999 -9999 -9999 -9999 -9999 -9999 -9999 -9999 -9999 -9999 -9999 -9999 -9999 -9999 -9999 -9999 1.15306E-1 1.35438E-1 1.53105E-1 1.77008E-1 2.00851E-1 2.48719E-1 3.0409E-1 3.76861E-1 4.30366E-1 4.54354E-1 3.96062E-1 2.48757E-1 1.46682E-1 5.92631E-4 5.71561E-3 2.86218E-2 8.88399E-3 5.05157E-3 5.20253E-4 5.78379E-4 1.8823E-4 4.13486E-5 3.39903E-5 1.26371E-5 4.31193E-5 1.3245E-4 1.28611E-4 2.46699E-4 6.96748E-4 6.74499E-4 8.8585E-4 1.08044E-3 9.35812E-4 6.01765E-4 3.48965E-4 4.70747E-5 1.59678E-5 3.8367E-6 9.04535E-5 6.08389E-4 1.10323E-3 1.01083E-3 4.95748E-4 8.19972E-4 3.13473E-3 3.51737E-3 2.16331E-3
-9999 -9999 -9999 -9999 -9999 -9999 -9999 -9999 -9999 -9999 -9999 -9999 -9999 -9999 -9999 -9999 -9999 -9999 -9999 -9999 -9999 -9999 8.31485E-2 9.59647E-2 1.11387E-1 1.2684E-1 1.40868E-1 1.52693E-1 1.8829E-1 2.46449E-1 3.14049E-1 3.70776E-1 4.07885E-1 3.96943E-1 3.45106E-1 2.04398E-1 2.62741E-2 1.502E-4 7.91602E-4 4.21009E-3 1.85278E-3 1.24831E-4 2.88926E-4 6.41762E-5 2.22531E-5 3.86284E-5 1.08158E-5 2.87135E-5 6.53484E-5 7.89627E-5 1.21095E-4 3.19543E-4 5.66254E-4 7.14218E-4 6.61626E-4 1.19142E-3 1.04927E-3 8.47517E-4 4.49367E-4 1.41084E-4 7.63881E-5 3.58393E-5 1.61214E-4 7.31611E-4 7.94472E-4 9.0447E-4 6.18238E-4 1.61698E-3 3.0879E-3 3.08476E-3
-9999 -9999 -9999 -9999 -9999 -9999 -9999 -9999 -9999 -9999 -9999 -9999 -9999 -9999 -9999 -9999 -9999 -9999 -9999 -9999 -9999 -9999 6.98305E-2 8.61063E-2 9.69314E-2 1.06218E-1 1.22456E-1 1.30428E-1 1.56647E-1 2.1449E-1 2.6578E-1 3.20179E-1 3.60614E-1 3.7924E-1 3.58656E-1 1.93957E-1 1.99729E-2 3.61562E-3 6.94061E-3 1.34664E-3 6.12199E-4 3.55726E-4 1.52791E-4 1.07285E-3 2.10979E-4 1.80348E-4 6.38197E-5 2.50568E-5 2.4619E-5 2.83872E-5 1.22781E-4 2.12719E-4 1.55628E-4 6.87039E-4 1.18497E-3 1.37091E-3 1.47127E-3 1.47217E-3 1.21554E-3 4.79054E-4 2.04586E-4 2.01618E-4 2.14801E-4 3.98023E-4 3.48965E-4 9.06362E-4 9.07259E-4 4.67821E-4 1.71312E-3 1.87804E-3
-9999 -9999 -9999 -9999 -9999 -9999 -9999 -9999 -9999 -9999 -9999 -9999 -9999 -9999 -9999 -9999 -9999 -9999 -9999 -9999 -9999 -9999 6.35724E-2 7.50499E-2 8.80304E-2 1.00197E-1 1.13189E-1 1.2622E-1 1.51923E-1 1.9093E-1 2.36248E-1 2.81831E-1 3.16289E-1 3.42071E-1 3.53605E-1 2.57604E-1 4.78665E-2 5.76194E-3 5.71633E-3 3.00297E-2 1.87564E-3 4.84561E-4 3.9466E-4 8.65494E-4 5.70575E-5 2.26168E-4 8.79349E-5 4.92164E-5 6.87852E-5 6.7009E-5 7.56149E-5 1.08173E-4 2.81178E-4 3.58294E-4 1.15293E-3 1.70537E-3 1.83203E-3 1.86494E-3 1.67062E-3 8.96835E-4 2.38784E-4 2.24559E-4 2.17723E-4 3.966E-4 5.88816E-4 7.64589E-4 1.43765E-3 1.52831E-3 2.27039E-3 1.46661E-3
-9999 -9999 -9999 -9999 -9999 -9999 -9999 -9999 -9999 -9999 -9999 -9999 -9999 -9999 -9999 -9999 -9999 -9999 -9999 -9999 -9999 -9999 -9999 -9999 8.27655E-2 9.41095E-2 1.05614E-1 1.22096E-1 1.44228E-1 1.75326E-1 2.13999E-1 2.47953E-1 2.85496E-1 3.06159E-1 3.24623E-1 2.95357E-1 1.78913E-1 8.82064E-2 1.35493E-1 8.00865E-2 6.83917E-3 1.19714E-3 2.90441E-4 2.21549E-3 4.32276E-5 3.45793E-5 8.55568E-5 7.49433E-5 5.15424E-5 9.27047E-5 5.80608E-5 4.89213E-5 1.61073E-4 2.69506E-4 3.05372E-4 1.01836E-3 2.16489E-3 2.17607E-3 2.14478E-3 1.64385E-3 9.49166E-4 6.31691E-4 5.29511E-4 5.93592E-4 7.40638E-4 8.28428E-4 1.47019E-3 2.05084E-3 1.74087E-3 2.3058E-3
-9999 -9999 -9999 -9999 -9999 -9999 -9999 -9999 -9999 -9999 -9999 -9999 -9999 -9999 -9999 -9999 -9999 -9999 -9999 -9999 -9999 -9999 -9999 -9999 8.14679E-2 9.18549E-2 1.05215E-1 1.21663E-1 1.41213E-1 1.64212E-1 1.95699E-1 2.25279E-1 2.5584E-1 2.81437E-1 3.03972E-1 3.07895E-1 2.83896E-1 2.21967E-1 1.57917E-1 1.2731E-1 6.80098E-2 1.45382E-3 1.29043E-4 6.84076E-4 1.6802E-3 9.21574E-5 2.57963E-5 1.04976E-4 1.702E-4 5.45635E-5 7.11584E-5 6.32081E-5 9.16336E-6 2.59529E-5 4.42338E-5 1.39762E-4 2.41039E-4 1.10962E-3 1.8383E-3 1.98206E-3 1.83505E-3 1.28308E-3 8.92563E-4 3.75971E-4 1.80555E-4 3.26721E-4 8.26291E-4 1.51983E-3 2.06906E-3 1.97866E-3
-9999 -9999 -9999 -9999 -9999 -9999 -9999 -9999 -9999 -9999 -9999 -9999 -9999 -9999 -9999 -9999 -9999 -9999 -9999 -9999 -9999 -9999 -9999 -9999 8.21738E-2 9.44795E-2 1.04752E-1 1.18444E-1 1.36206E-1 1.54555E-1 1.77029E-1 2.04766E-1 2.34314E-1 2.51889E-1 2.75794E-1 2.88974E-1 2.75851E-1 2.83141E-1 1.96234E-1 1.40973E-1 5.24043E-2 7.14283E-3 1.63599E-3 1.19567E-3 6.70821E-4 1.0111E-3 1.21103E-4 5.19324E-4 4.60912E-4 1.95225E-4 3.23028E-4 7.00132E-5 1.13243E-4 1.14212E-4 1.95686E-4 7.95741E-5 5.30106E-5 2.08034E-4 6.29997E-4 1.31085E-3 2.0006E-3 2.00772E-3 8.65799E-4 2.3381E-4 5.06869E-5 5.56707E-5 2.52642E-4 3.794E-4 6.28244E-4 2.07828E-3
-9999 -9999 -9999 -9999 -9999 -9999 -9999 -9999 -9999 -9999 -9999 -9999 -9999 -9999 -9999 -9999 -9999 -9999 -9999 -9999 -9999 -9999 -9999 -9999 -9999 9.51618E-2 1.01768E-1 1.11834E-1 1.28957E-1 1.42175E-1 -9999 -9999 2.06599E-1 2.27179E-1 2.48401E-1 2.68105E-1 2.71535E-1 2.60385E-1 2.27671E-1 1.65707E-1 7.31551E-2 1.3156E-2 3.6209E-2 3.11622E-2 1.91015E-2 7.6785E-4 2.54682E-4 3.1375E-5 3.97547E-4 4.65971E-4 1.20625E-4 2.47963E-4 9.90116E-5 1.25966E-4 2.38833E-4 3.1808E-4 1.1351E-4 5.14065E-5 2.63981E-4 8.36572E-4 1.77266E-3 2.44829E-3 1.77361E-3 8.07679E-4 3.25808E-4 1.79436E-4 1.44365E-4 4.55133E-5 9.45118E-5 6.97277E-4
-9999 -9999 -9999 -9999 -9999 -9999 -9999 -9999 -9999 -9999 -9999 -9999 -9999 -9999 -9999 -9999 -9999 -9999 -9999 -9999 -9999 -9999 -9999 -9999 -9999 -9999 9.81558E-2 1.09258E-1 1.2195E-1 1.30388E-1 -9999 1.70268E-1 1.8566E-1 2.01664E-1 2.23385E-1 2.39056E-1 2.46802E-1 2.4731E-1 2.1965E-1 1.85818E-1 1.3459E-1 1.20429E-1 8.25291E-2 7.41418E-2 5.56637E-2 1.98428E-2 1.18426E-3 2.325E-4 2.76688E-4 1.51971E-3 1.73309E-3 5.4831E-4 2.18004E-4 1.40748E-4 4.93314E-4 9.94897E-4 5.85798E-4 1.78303E-4 7.74455E-5 1.72339E-4 1.02633E-3 2.83538E-3 2.98665E-3 2.03907E-3 1.25898E-3 7.05501E-4 5.10055E-4 1.73493E-4 1.61222E-4 6.5438E-4
-9999 -9999 -9999 -9999 -9999 -9999 -9999 -9999 -9999 -9999 -9999 -9999 -9999 -9999 -9999 -9999 -9999 -9999 -9999 -9999 -9999 -9999 -9999 -9999 -9999 -9999 -9999 1.02992E-1 1.13136E-1 1.2195E-1 -9999 -9999 -9999 1.79265E-1 -9999 -9999 -9999 2.26036E-1 2.10158E-1 1.65035E-1 1.42734E-1 1.16203E-1 8.66714E-2 4.59679E-2 4.82495E-2 2.79574E-2 4.33569E-3 2.91568E-3 1.19567E-3 1.04793E-3 4.5368E-3 4.95033E-3 2.11619E-3 1.04334E-3 1.63423E-3 1.1163E-3 4.81735E-4 4.75916E-4 3.18518E-4 1.4423E-4 4.32142E-4 1.72028E-3 2.86047E-3 2.87677E-3 2.42513E-3 1.66477E-3 1.20997E-3 9.8949E-4 8.79402E-4 5.43216E-4
-9999 -9999 -9999 -9999 -9999 -9999 -9999 -9999 -9999 -9999 -9999 -9999 -9999 -9999 -9999 -9999 -9999 -9999 -9999 -9999 -9999 -9999 -9999 -9999 -9999 -9999 -9999 -9999 -9999 -9999 -9999 -9999 -9999 -9999 -9999 -9999 -9999 2.00631E-1 1.9731E-1 1.82116E-1 1.57198E-1 1.2881E-1 9.54173E-2 5.01394E-2 4.68848E-2 2.93644E-2 9.1849E-4 1.6521E-3 1.46718E-3 8.03452E-4 4.40807E-3 7.4173E-3 7.02308E-3 4.32445E-3 1.57112E-3 1.22708E-3 1.6439E-3 4.80664E-4 3.4613E-4 3.7356E-4 6.92127E-4 1.52513E-3 2.51806E-3 2.64147E-3 2.28312E-3 1.94111E-3 1.62632E-3 1.26225E-3 1.17477E-3 6.46933E-4
-9999 -9999 -9999 -9999 -9999 -9999 -9999 -9999 -9999 -9999 -9999 -9999 -9999 -9999 -9999 -9999 -9999 -9999 -9999 -9999 -9999 -9999 -9999 -9999 -9999 -9999 -9999 -9999 -9999 -9999 -9999 -9999 -9999 -9999 -9999 -9999 -9999 -9999 1.7375E-1 1.77041E-1 1.6422E-1 1.50375E-1 1.33252E-1 1.11719E-1 7.20053E-2 6.26354E-2 1.64836E-2 5.83488E-4 1.1986E-3 6.29704E-4 2.62897E-3 3.52817E-3 4.81103E-3 7.78486E-3 5.46783E-3 5.97559E-3 5.18981E-3 5.39038E-3 5.06979E-3 2.66414E-3 1.04924E-3 1.95677E-3 2.49095E-3 1.8137E-3 1.11407E-3 1.57888E-3 1.9737E-3 2.13579E-3 1.76721E-3 1.2774E-3
-9999 -9999 -9999 -9999 -9999 -9999 -9999 -9999 -9999 -9999 -9999 -9999 -9999 -9999 -9999 -9999 -9999 -9999 -9999 -9999 -9999 -9999 -9999 -9999 -9999 -9999 -9999 -9999 -9999 -9999 -9999 -9999 -9999 -9999 -9999 -9999 -9999 -9999 -9999 1.63752E-1 1.60766E-1 1.53156E-1 1.48383E-1 1.2719E-1 1.04037E-1 5.84835E-2 5.39377E-2 5.24732E-3 4.32685E-4 3.02576E-3 4.55938E-3 1.03683E-2 6.78126E-3 6.20672E-3 7.72201E-3 8.20613E-3 7.39895E-3 5.06684E-3 4.59713E-3 3.94293E-3 4.75514E-3 9.54373E-4 1.66997E-3 6.97636E-4 1.12084E-3 1.42859E-3 1.63865E-3 2.3556E-3 2.41504E-3 2.00146E-3
