KUENM/Final_Models/M_0.1_F_lq_Set_2_NE/sp1_2_se_asia.asc
ncols         320
nrows         243
xllcorner     44.0
yllcorner     -0.666666666666667
cellsize      0.166666666666667
NODATA_value  -9999
[rows 93 to 123 of 243, columns 140 to 209 of 320]
3.11526E-1 3.19425E-1 3.28927E-1 3.36574E-1 3.47519E-1 3.60007E-1 3.77065E-1 3.89204E-1 3.9256E-1 3.96063E-1 3.99399E-1 4.02723E-1 4.06035E-1 4.10973E-1 4.1752E-1 4.28668E-1 4.398E-1 4.58062E-1 4.81309E-1 5.09163E-1 5.40163E-1 5.50688E-1 5.72535E-1 5.93511E-1 6.15396E-1 6.32773E-1 6.4014E-1 6.51683E-1 6.63231E-1 6.68316E-1 6.59038E-1 5.90756E-1 4.26224E-1 4.1655E-1 4.86664E-1 3.75987E-1 3.5144E-1 4.84087E-1 6.3507E-1 6.61695E-1 6.48747E-1 5.8097E-1 5.47442E-1 4.78183E-1 4.1518E-1 3.91531E-1 4.19985E-1 4.49905E-1 4.88011E-1 5.00844E-1 5.09311E-1 4.65939E-1 3.99337E-1 3.6766E-1 3.84208E-1 3.8214E-1 3.19214E-1 2.61001E-1 2.84629E-1 3.12342E-1 3.26992E-1 3.40399E-1 3.35871E-1 3.09474E-1 2.33657E-1 1.22522E-1 6.92871E-2 4.59219E-2 4.38067E-2 5.05039E-2
3.18936E-1 3.30425E-1 3.38354E-1 3.51293E-1 3.65756E-1 3.85042E-1 4.06717E-1 4.25142E-1 4.42961E-1 4.49199E-1 4.47646E-1 4.41553E-1 4.41553E-1 4.41548E-1 4.36813E-1 4.38222E-1 4.49182E-1 4.65621E-1 4.913E-1 5.20981E-1 5.43727E-1 5.67369E-1 5.88994E-1 6.10894E-1 6.3017E-1 6.48171E-1 6.52491E-1 6.56236E-1 6.65419E-1 6.68416E-1 6.62416E-1 6.24751E-1 5.19062E-1 4.87512E-1 4.82223E-1 3.75776E-1 4.89645E-1 6.09901E-1 6.54291E-1 6.65169E-1 6.61793E-1 6.32968E-1 6.17971E-1 5.26255E-1 3.91531E-1 3.80266E-1 4.16844E-1 4.43053E-1 4.84432E-1 5.20935E-1 4.96907E-1 4.33814E-1 4.02605E-1 3.99142E-1 4.07013E-1 3.93293E-1 2.90007E-1 2.59535E-1 2.99722E-1 3.72106E-1 3.99722E-1 3.67668E-1 3.20745E-1 2.4653E-1 1.6773E-1 8.04594E-2 4.9143E-2 3.59267E-2 3.91981E-2 3.46467E-2
-9999 3.44154E-1 3.56124E-1 3.72523E-1 3.86964E-1 4.10995E-1 4.37413E-1 4.66645E-1 4.90433E-1 4.97773E-1 4.8935E-1 4.77991E-1 4.67643E-1 4.61618E-1 4.59944E-1 4.45758E-1 4.47629E-1 4.80722E-1 5.08337E-1 5.36021E-1 5.67282E-1 5.85162E-1 6.07803E-1 6.24591E-1 6.4107E-1 6.53378E-1 6.60058E-1 6.62069E-1 6.67273E-1 6.6797E-1 6.68316E-1 6.51887E-1 5.82697E-1 4.86936E-1 4.43326E-1 4.43511E-1 5.00844E-1 6.03333E-1 6.63296E-1 6.63827E-1 6.68051E-1 6.57356E-1 6.0847E-1 5.01755E-1 3.95272E-1 3.8299E-1 4.11738E-1 4.40543E-1 4.81663E-1 4.97958E-1 4.18416E-1 3.8307E-1 4.00812E-1 4.12219E-1 4.00787E-1 3.7541E-1 2.93428E-1 2.53523E-1 2.8615E-1 3.75832E-1 4.05436E-1 3.47577E-1 2.17835E-1 1.12186E-1 7.62674E-2 4.3977E-2 2.88451E-2 2.78074E-2 3.01135E-2 3.37825E-2
-9999 -9999 -9999 -9999 4.13445E-1 4.35919E-1 4.61468E-1 -9999 5.31707E-1 5.39379E-1 5.27891E-1 5.10041E-1 4.80903E-1 4.49361E-1 4.20778E-1 4.12615E-1 4.41374E-1 4.83267E-1 5.14987E-1 5.50221E-1 5.79058E-1 5.97843E-1 6.1766E-1 6.32176E-1 6.40793E-1 6.48171E-1 6.53008E-1 6.62742E-1 6.68026E-1 6.68265E-1 6.67848E-1 6.55999E-1 6.14234E-1 5.19412E-1 4.60509E-1 5.02782E-1 5.1771E-1 5.46285E-1 6.30699E-1 6.62466E-1 6.56835E-1 6.17375E-1 5.12353E-1 4.74547E-1 3.75423E-1 3.72145E-1 4.27244E-1 4.64629E-1 4.59362E-1 4.58795E-1 4.17576E-1 4.03286E-1 4.0963E-1 3.92733E-1 3.64001E-1 3.14418E-1 2.67898E-1 2.22738E-1 2.20972E-1 3.20194E-1 3.6752E-1 2.77607E-1 1.39075E-1 6.11215E-2 4.03646E-2 2.59711E-2 1.86179E-2 1.94034E-2 2.13829E-2 2.97273E-2
-9999 -9999 -9999 -9999 -9999 -9999 4.88411E-1 5.22331E-1 5.44081E-1 5.58187E-1 5.58949E-1 5.46122E-1 5.01912E-1 4.2563E-1 3.48424E-1 3.82611E-1 4.47629E-1 4.99141E-1 5.45436E-1 5.80069E-1 6.03745E-1 6.17342E-1 6.26562E-1 6.36003E-1 6.44688E-1 6.49904E-1 6.5515E-1 6.62957E-1 6.67562E-1 6.65661E-1 6.59521E-1 6.48132E-1 6.26454E-1 5.78452E-1 5.23277E-1 5.23277E-1 5.35286E-1 5.69684E-1 6.26847E-1 6.47073E-1 6.33996E-1 5.38716E-1 3.46883E-1 3.54417E-1 3.21892E-1 3.29838E-1 4.23736E-1 4.4003E-1 4.23736E-1 4.2467E-1 4.0647E-1 4.18416E-1 3.86958E-1 3.3384E-1 2.97737E-1 2.74025E-1 2.31228E-1 1.64735E-1 1.60907E-1 2.38337E-1 3.08982E-1 1.87644E-1 7.4637E-2 3.79365E-2 2.46952E-2 1.64249E-2 1.27597E-2 1.22356E-2 1.67116E-2 2.63853E-2
-9999 -9999 -9999 -9999 -9999 -9999 -9999 5.28615E-1 5.51173E-1 5.67357E-1 5.80397E-1 5.78411E-1 5.45284E-1 4.78448E-1 4.31885E-1 4.49199E-1 4.88087E-1 5.35832E-1 5.78924E-1 6.06894E-1 6.17835E-1 6.24567E-1 6.33364E-1 6.41298E-1 6.49086E-1 6.54716E-1 6.60488E-1 6.65367E-1 6.66927E-1 6.57355E-1 6.39523E-1 6.29526E-1 6.2969E-1 6.14384E-1 5.73388E-1 5.61741E-1 5.63752E-1 5.64829E-1 5.82233E-1 6.10524E-1 6.18107E-1 5.27424E-1 3.61248E-1 3.39637E-1 2.93076E-1 2.96644E-1 3.49247E-1 3.74111E-1 3.95272E-1 4.0647E-1 3.97486E-1 3.97486E-1 3.37535E-1 2.49781E-1 2.20805E-1 2.22377E-1 1.88866E-1 1.08118E-1 7.87627E-2 1.10437E-1 1.47895E-1 9.8175E-2 5.09191E-2 2.95128E-2 2.13489E-2 1.49446E-2 1.31455E-2 1.10495E-2 1.53726E-2 2.19348E-2
-9999 -9999 -9999 -9999 -9999 -9999 -9999 -9999 5.53424E-1 5.6942E-1 5.86527E-1 5.85893E-1 5.68166E-1 5.45234E-1 5.40751E-1 5.36976E-1 5.41389E-1 5.678E-1 5.89475E-1 6.07678E-1 6.20224E-1 6.30354E-1 6.4107E-1 6.4651E-1 6.54376E-1 6.58942E-1 6.60917E-1 6.66025E-1 6.63222E-1 6.46269E-1 6.11872E-1 5.95819E-1 6.20482E-1 6.07971E-1 5.61562E-1 5.42314E-1 5.59545E-1 5.51493E-1 5.06478E-1 4.78519E-1 5.29102E-1 4.80431E-1 2.96008E-1 2.89693E-1 3.33282E-1 3.27076E-1 3.22967E-1 3.44173E-1 4.00675E-1 4.08594E-1 3.99494E-1 3.65609E-1 2.77697E-1 1.78858E-1 1.70645E-1 1.84832E-1 1.53092E-1 6.70254E-2 2.07284E-2 3.8313E-2 5.80847E-2 5.35483E-2 3.59267E-2 2.49581E-2 1.6847E-2 1.92226E-2 3.60217E-2 3.28779E-2 2.83819E-2 3.03803E-2
-9999 -9999 -9999 -9999 -9999 -9999 -9999 -9999 -9999 5.70443E-1 5.82823E-1 5.86124E-1 5.82482E-1 5.73943E-1 5.69649E-1 5.61117E-1 5.59753E-1 5.75058E-1 -9999 6.1394E-1 6.32086E-1 6.42716E-1 6.50074E-1 6.53999E-1 6.58605E-1 6.59975E-1 6.54457E-1 6.64955E-1 6.58422E-1 6.37549E-1 6.17849E-1 5.84273E-1 5.87114E-1 5.70812E-1 5.26142E-1 4.97049E-1 5.07828E-1 4.82697E-1 4.18115E-1 3.99849E-1 4.31746E-1 4.09955E-1 3.38982E-1 3.52408E-1 3.62713E-1 3.62674E-1 3.6211E-1 3.72145E-1 4.2595E-1 4.18276E-1 3.56234E-1 2.76891E-1 1.79102E-1 1.1575E-1 1.30716E-1 1.67878E-1 1.61094E-1 8.59962E-2 2.93769E-2 2.381E-2 3.08985E-2 2.99902E-2 1.70844E-2 1.66444E-2 1.44757E-2 1.84078E-2 3.16928E-2 4.21057E-2 5.01535E-2 5.44667E-2
-9999 -9999 -9999 -9999 -9999 -9999 -9999 -9999 -9999 -9999 -9999 5.8414E-1 5.84351E-1 5.81498E-1 5.77615E-1 5.71004E-1 -9999 -9999 6.03745E-1 6.24024E-1 6.4642E-1 6.56548E-1 6.60279E-1 6.60279E-1 6.61099E-1 6.59968E-1 6.57414E-1 6.66288E-1 6.51232E-1 6.04055E-1 6.08883E-1 5.97293E-1 5.42474E-1 5.13635E-1 5.33303E-1 5.10167E-1 4.85229E-1 4.40376E-1 3.83233E-1 3.94845E-1 4.38641E-1 4.89322E-1 4.97304E-1 4.87913E-1 4.23289E-1 3.7082E-1 3.72466E-1 3.80613E-1 4.30527E-1 4.12176E-1 3.1744E-1 2.27182E-1 1.40447E-1 1.0515E-1 1.13576E-1 1.363E-1 1.45184E-1 1.08259E-1 6.49938E-2 4.1606E-2 2.99902E-2 1.59695E-2 1.03169E-2 1.16419E-2 9.73302E-3 1.11977E-2 2.0125E-2 3.71829E-2 6.04377E-2 7.02351E-2
-9999 -9999 -9999 -9999 -9999 -9999 -9999 -9999 -9999 -9999 -9999 -9999 -9999 -9999 -9999 -9999 -9999 -9999 6.14869E-1 6.28818E-1 6.55665E-1 6.64296E-1 6.65069E-1 6.63888E-1 6.61525E-1 6.56014E-1 6.61053E-1 6.66952E-1 6.48822E-1 5.83728E-1 6.0323E-1 5.75764E-1 4.70925E-1 4.21972E-1 5.20163E-1 5.29062E-1 4.72122E-1 3.93323E-1 2.97106E-1 3.05434E-1 4.15154E-1 5.1254E-1 5.36282E-1 5.37474E-1 4.49046E-1 3.8511E-1 3.64411E-1 3.59802E-1 3.87153E-1 3.74236E-1 2.86803E-1 2.13043E-1 1.60231E-1 1.16858E-1 1.21129E-1 1.57096E-1 1.91488E-1 1.63417E-1 1.15606E-1 8.91175E-2 5.80527E-2 3.15062E-2 2.09728E-2 1.22321E-2 6.47315E-3 5.40923E-3 1.15567E-2 2.24387E-2 3.54038E-2 4.17415E-2
-9999 -9999 -9999 -9999 -9999 -9999 -9999 -9999 -9999 -9999 -9999 -9999 -9999 -9999 -9999 -9999 -9999 6.39023E-1 6.42248E-1 6.37122E-1 6.63527E-1 6.68271E-1 6.68123E-1 6.67021E-1 6.63084E-1 6.58662E-1 6.63417E-1 6.67542E-1 6.57833E-1 6.40224E-1 6.28081E-1 5.73744E-1 4.62649E-1 4.13844E-1 4.93735E-1 4.90405E-1 4.17607E-1 2.98812E-1 1.89502E-1 1.99276E-1 3.14418E-1 4.19723E-1 4.87286E-1 5.07458E-1 4.73696E-1 4.1673E-1 3.75971E-1 3.50184E-1 3.25794E-1 3.01396E-1 2.45614E-1 2.08954E-1 2.41979E-1 2.41677E-1 2.19407E-1 2.36515E-1 2.01779E-1 1.58988E-1 1.10259E-1 7.51831E-2 4.60158E-2 3.14504E-2 1.89274E-2 1.26189E-2 5.07957E-3 2.23255E-3 1.47754E-3 1.16453E-2 2.44693E-2 1.00903E-2
-9999 -9999 -9999 -9999 -9999 -9999 -9999 -9999 -9999 -9999 -9999 -9999 -9999 -9999 6.43313E-1 6.4752E-1 6.48681E-1 6.50612E-1 6.51915E-1 6.60626E-1 6.67487E-1 6.62639E-1 6.63406E-1 6.66228E-1 6.65619E-1 6.63231E-1 6.64339E-1 6.67556E-1 6.64114E-1 6.58991E-1 6.42473E-1 5.99872E-1 5.16883E-1 4.74556E-1 4.52494E-1 4.19233E-1 3.07134E-1 1.66763E-1 1.04543E-1 1.24437E-1 2.23658E-1 3.7821E-1 4.8104E-1 5.30358E-1 5.50453E-1 5.40006E-1 5.18988E-1 4.63915E-1 3.54594E-1 2.93987E-1 2.34656E-1 3.77493E-1 4.3807E-1 4.13883E-1 3.45815E-1 2.52899E-1 1.86237E-1 1.20538E-1 7.85176E-2 4.43668E-2 2.65224E-2 1.9571E-2 2.34802E-2 3.18865E-2 1.43066E-2 1.79836E-3 2.38437E-6 3.46276E-3 5.7969E-4 1.7297E-3
-9999 -9999 -9999 -9999 -9999 -9999 -9999 -9999 -9999 -9999 5.82502E-1 5.89673E-1 6.05264E-1 6.38044E-1 6.54274E-1 6.59604E-1 6.57675E-1 6.55753E-1 6.56749E-1 6.66072E-1 6.56958E-1 6.51673E-1 6.57163E-1 6.62084E-1 6.66554E-1 6.66997E-1 6.67897E-1 6.67387E-1 6.66958E-1 -9999 6.53099E-1 -9999 5.50257E-1 -9999 2.65733E-1 2.59022E-1 2.05358E-1 1.12683E-1 9.0319E-2 1.0037E-1 1.92691E-1 3.57835E-1 4.88356E-1 5.57891E-1 5.96169E-1 5.9982E-1 5.86079E-1 5.94546E-1 5.57946E-1 5.2104E-1 5.13355E-1 5.21204E-1 4.99826E-1 4.60661E-1 3.8445E-1 2.81416E-1 1.59619E-1 5.95544E-2 3.02125E-2 1.91425E-2 1.81523E-2 2.30986E-2 3.38108E-2 9.57665E-2 5.21314E-2 3.03234E-3 2.28339E-4 3.1071E-5 7.88414E-4 1.42921E-2
-9999 -9999 -9999 -9999 -9999 -9999 -9999 -9999 -9999 -9999 -9999 6.02711E-1 6.16374E-1 6.46703E-1 6.547E-1 6.49978E-1 6.48117E-1 6.54606E-1 6.59747E-1 6.62828E-1 6.57891E-1 6.55432E-1 6.60389E-1 6.61353E-1 6.65076E-1 6.67723E-1 6.68307E-1 6.66996E-1 6.66815E-1 6.66958E-1 -9999 6.22692E-1 5.59194E-1 4.62621E-1 2.62855E-1 1.91189E-1 1.59857E-1 1.26829E-1 1.30793E-1 1.40232E-1 2.33845E-1 3.64356E-1 5.23611E-1 5.87153E-1 6.25784E-1 6.36992E-1 6.31082E-1 6.25619E-1 5.91824E-1 5.59539E-1 5.37497E-1 5.02412E-1 4.77063E-1 4.4526E-1 3.53306E-1 2.58024E-1 1.22045E-1 2.25949E-2 6.14104E-3 6.17904E-3 1.2738E-2 2.46925E-2 5.65308E-2 8.40275E-2 1.02153E-1 2.6537E-2 1.23173E-2 1.06692E-2 9.80384E-3 4.16647E-2
-9999 -9999 -9999 -9999 -9999 -9999 -9999 -9999 -9999 -9999 -9999 -9999 6.4206E-1 6.57271E-1 6.49477E-1 6.4542E-1 6.47737E-1 6.54549E-1 6.58989E-1 6.62084E-1 6.61439E-1 6.62212E-1 6.6425E-1 6.62696E-1 6.64899E-1 6.66584E-1 6.6607E-1 6.65902E-1 6.67117E-1 -9999 -9999 -9999 5.57085E-1 4.89456E-1 3.15513E-1 1.84661E-1 1.2994E-1 1.26829E-1 1.37475E-1 1.57637E-1 2.81401E-1 4.406E-1 4.5652E-1 5.03261E-1 6.31898E-1 6.39009E-1 6.44752E-1 6.33849E-1 6.0847E-1 5.87642E-1 5.56207E-1 4.76565E-1 4.09955E-1 3.71486E-1 3.05007E-1 2.03302E-1 6.99112E-2 1.06587E-2 2.72595E-3 4.17379E-3 1.88766E-2 6.86117E-2 8.82705E-2 5.02454E-2 3.5021E-2 6.42493E-2 6.74228E-2 8.1638E-2 5.78906E-2 7.47665E-2
-9999 -9999 -9999 -9999 -9999 -9999 -9999 -9999 -9999 -9999 -9999 -9999 -9999 6.56427E-1 6.27494E-1 6.32666E-1 6.3316E-1 6.42956E-1 6.46868E-1 6.53296E-1 6.59516E-1 6.62517E-1 6.61705E-1 6.63053E-1 6.66147E-1 6.66573E-1 6.67109E-1 6.68381E-1 6.68077E-1 -9999 -9999 6.31599E-1 5.67651E-1 4.7959E-1 3.19478E-1 1.29206E-1 4.33492E-2 3.58063E-2 5.29222E-2 1.01099E-1 1.99172E-1 4.08889E-1 5.46356E-1 6.00654E-1 6.0989E-1 6.0989E-1 6.14506E-1 5.99247E-1 5.74299E-1 5.97342E-1 5.52293E-1 4.90445E-1 4.03229E-1 3.58768E-1 3.10178E-1 1.73516E-1 4.41407E-2 6.74253E-3 5.21617E-3 7.7969E-3 2.54416E-2 1.13204E-1 1.86233E-1 1.52754E-1 1.55854E-1 1.78208E-1 1.59695E-1 1.72986E-1 1.71656E-1 1.54239E-1
-9999 -9999 -9999 -9999 -9999 -9999 -9999 -9999 -9999 -9999 -9999 -9999 -9999 -9999 6.37261E-1 6.27112E-1 6.21622E-1 6.01653E-1 5.6324E-1 5.88606E-1 6.43009E-1 6.57795E-1 6.61445E-1 6.64166E-1 6.65888E-1 6.66125E-1 6.66196E-1 6.63677E-1 6.54531E-1 6.5579E-1 -9999 -9999 -9999 4.23126E-1 2.00311E-1 4.86247E-2 1.23466E-2 1.07876E-2 3.21043E-2 1.39216E-1 3.69181E-1 5.60126E-1 6.30602E-1 6.52792E-1 6.49649E-1 6.16617E-1 5.9333E-1 5.52783E-1 4.90308E-1 5.17231E-1 4.46529E-1 3.96881E-1 3.52053E-1 3.51625E-1 3.02715E-1 1.86237E-1 7.37403E-2 2.25949E-2 7.33075E-3 1.00702E-3 9.58666E-4 1.68758E-2 1.54355E-1 2.9802E-1 2.64284E-1 2.73614E-1 2.64552E-1 2.19237E-1 1.94337E-1 2.01779E-1
-9999 -9999 -9999 -9999 -9999 -9999 -9999 -9999 -9999 -9999 -9999 -9999 -9999 -9999 -9999 6.15684E-1 5.95964E-1 5.57977E-1 4.94144E-1 5.50873E-1 6.34131E-1 6.52049E-1 6.55648E-1 6.61715E-1 6.65142E-1 6.65257E-1 6.59204E-1 6.57249E-1 6.47533E-1 -9999 -9999 -9999 4.57424E-1 2.446E-1 4.50746E-2 4.58037E-3 1.23862E-3 2.04131E-3 1.94999E-2 1.37231E-1 4.32112E-1 6.24272E-1 6.58306E-1 6.63772E-1 6.59789E-1 6.36908E-1 6.14944E-1 5.85632E-1 5.45882E-1 4.34427E-1 3.27859E-1 4.12798E-1 3.93968E-1 4.39566E-1 4.1649E-1 3.3179E-1 1.89502E-1 5.1988E-2 7.79354E-3 3.3099E-4 1.51741E-3 6.93659E-2 3.14533E-1 3.77078E-1 4.02089E-1 3.36449E-1 2.81482E-1 2.38137E-1 2.12667E-1 2.37945E-1
-9999 -9999 -9999 -9999 -9999 -9999 -9999 -9999 -9999 -9999 -9999 -9999 -9999 -9999 -9999 -9999 5.76324E-1 5.43143E-1 5.41955E-1 5.77301E-1 6.13287E-1 6.23506E-1 6.39324E-1 6.5001E-1 6.58397E-1 6.5496E-1 6.48899E-1 6.3984E-1 6.24965E-1 -9999 -9999 -9999 1.74923E-1 2.29006E-2 2.4724E-3 2.11799E-4 6.17595E-5 3.15681E-4 6.81346E-3 8.97221E-2 4.72069E-1 6.42208E-1 6.66748E-1 6.68488E-1 6.64205E-1 6.3588E-1 6.20482E-1 5.89479E-1 5.70287E-1 5.52712E-1 5.53715E-1 5.59053E-1 5.70109E-1 5.56805E-1 5.03779E-1 2.98021E-1 1.89085E-1 7.97593E-2 3.91981E-2 1.09425E-1 4.17144E-1 5.18446E-1 5.21995E-1 4.95497E-1 4.29431E-1 3.18223E-1 2.5379E-1 2.13316E-1 1.92843E-1 1.9099E-1
-9999 -9999 -9999 -9999 -9999 -9999 -9999 -9999 -9999 -9999 -9999 -9999 -9999 -9999 -9999 -9999 -9999 5.81762E-1 6.01927E-1 6.12976E-1 6.1432E-1 6.36485E-1 6.42228E-1 6.51395E-1 6.62809E-1 6.63406E-1 6.51085E-1 -9999 -9999 -9999 -9999 -9999 -9999 1.23602E-3 1.70341E-4 1.77677E-5 1.64864E-6 1.05788E-5 1.18304E-3 1.03778E-1 5.41361E-1 6.42991E-1 6.58054E-1 6.66763E-1 6.6695E-1 6.5386E-1 6.41888E-1 6.10447E-1 5.83313E-1 5.82348E-1 6.04055E-1 6.08747E-1 6.28084E-1 5.95439E-1 5.31317E-1 5.53789E-1 5.78275E-1 5.7492E-1 5.7927E-1 5.96702E-1 5.94037E-1 5.73902E-1 5.53772E-1 4.82873E-1 4.01494E-1 2.81686E-1 2.13461E-1 1.66167E-1 1.57189E-1 1.3517E-1
-9999 -9999 -9999 -9999 -9999 -9999 -9999 -9999 -9999 -9999 -9999 -9999 -9999 -9999 -9999 -9999 -9999 -9999 6.40336E-1 6.34874E-1 6.23457E-1 6.43785E-1 6.59096E-1 6.63053E-1 6.65283E-1 -9999 -9999 -9999 -9999 -9999 -9999 -9999 -9999 1.95028E-5 3.6035E-7 8.3693E-8 8.63825E-9 1.14689E-7 1.50879E-4 1.41171E-1 5.83757E-1 6.44167E-1 6.5036E-1 6.64124E-1 6.66804E-1 6.53954E-1 6.34426E-1 6.08772E-1 5.70812E-1 5.44513E-1 5.63394E-1 5.85727E-1 6.17849E-1 6.30998E-1 6.27281E-1 6.33946E-1 6.4392E-1 6.30998E-1 6.23364E-1 6.24031E-1 5.98158E-1 5.69634E-1 5.23249E-1 4.49921E-1 3.85619E-1 2.8268E-1 2.30188E-1 2.01873E-1 1.53169E-1 1.05586E-1
-9999 -9999 -9999 -9999 -9999 -9999 -9999 -9999 -9999 -9999 -9999 -9999 -9999 -9999 -9999 -9999 -9999 -9999 -9999 -9999 5.87346E-1 6.23846E-1 -9999 -9999 -9999 -9999 -9999 -9999 -9999 -9999 -9999 -9999 -9999 -9999 4.03418E-10 9.10502E-12 3.2696E-12 3.20772E-9 9.92531E-5 1.14049E-1 5.32608E-1 6.27631E-1 6.3247E-1 6.55236E-1 6.64581E-1 6.46302E-1 6.08145E-1 5.59366E-1 5.12828E-1 5.13174E-1 5.29576E-1 5.51493E-1 5.93471E-1 6.26137E-1 6.35948E-1 6.35376E-1 6.42766E-1 6.172E-1 5.98196E-1 5.87486E-1 5.56995E-1 5.32486E-1 5.14266E-1 4.78851E-1 3.67239E-1 2.70454E-1 2.27363E-1 2.05358E-1 1.394E-1 7.76591E-2
-9999 -9999 -9999 -9999 -9999 -9999 -9999 -9999 -9999 -9999 -9999 -9999 -9999 -9999 -9999 -9999 -9999 -9999 -9999 -9999 -9999 -9999 -9999 -9999 -9999 -9999 -9999 -9999 -9999 -9999 -9999 -9999 -9999 6.83296E-10 3.28274E-12 1.53864E-14 6.32463E-13 4.24754E-8 2.92882E-3 2.79614E-1 6.05774E-1 6.32784E-1 6.43289E-1 6.59578E-1 6.63237E-1 6.3588E-1 5.8528E-1 5.28667E-1 4.96874E-1 5.03627E-1 5.25915E-1 5.4538E-1 5.5816E-1 5.85557E-1 6.25322E-1 6.3576E-1 6.14156E-1 5.77435E-1 5.42474E-1 5.19478E-1 4.77998E-1 4.68641E-1 4.70925E-1 4.479E-1 3.29258E-1 2.38074E-1 1.99559E-1 1.63394E-1 9.95051E-2 4.74683E-2
-9999 -9999 -9999 -9999 -9999 -9999 -9999 -9999 -9999 -9999 -9999 -9999 -9999 -9999 -9999 -9999 -9999 -9999 -9999 -9999 -9999 -9999 -9999 -9999 -9999 -9999 -9999 -9999 -9999 -9999 -9999 -9999 -9999 2.15491E-10 1.5225E-13 1.2084E-15 1.17036E-12 3.93461E-6 3.33461E-2 3.67281E-1 5.8418E-1 6.29401E-1 6.41693E-1 6.5896E-1 6.61009E-1 6.22868E-1 5.59657E-1 5.04117E-1 4.79518E-1 4.86324E-1 5.23426E-1 5.42896E-1 5.03219E-1 5.1263E-1 5.32671E-1 5.60088E-1 5.5732E-1 4.94256E-1 4.49921E-1 4.09935E-1 3.89974E-1 3.9148E-1 3.87302E-1 3.50926E-1 2.10795E-1 1.48688E-1 1.26028E-1 1.07373E-1 6.75819E-2 3.30718E-2
-9999 -9999 -9999 -9999 -9999 -9999 -9999 -9999 -9999 -9999 -9999 -9999 -9999 -9999 -9999 -9999 -9999 -9999 -9999 -9999 -9999 -9999 -9999 -9999 -9999 -9999 -9999 -9999 -9999 -9999 -9999 -9999 1.54926E-7 1.77635E-10 5.95475E-15 2.31617E-17 9.52955E-13 2.02245E-5 1.41267E-1 5.62816E-1 6.16934E-1 6.29245E-1 6.34569E-1 6.47436E-1 6.53497E-1 5.85982E-1 5.14085E-1 4.71773E-1 4.87663E-1 5.30563E-1 5.73445E-1 5.84465E-1 5.60082E-1 5.22081E-1 5.05757E-1 4.62143E-1 4.09793E-1 3.72395E-1 2.86592E-1 2.60207E-1 2.98546E-1 3.35086E-1 3.27411E-1 2.8654E-1 1.8727E-1 1.20521E-1 7.80041E-2 5.68503E-2 4.67457E-2 2.89478E-2
-9999 -9999 -9999 -9999 -9999 -9999 -9999 -9999 -9999 -9999 -9999 -9999 -9999 -9999 -9999 -9999 -9999 -9999 -9999 -9999 -9999 -9999 -9999 -9999 -9999 -9999 -9999 -9999 -9999 -9999 -9999 -9999 4.08537E-9 9.6047E-13 4.70621E-19 3.17995E-20 6.1579E-15 4.49135E-6 1.949E-1 6.14572E-1 6.39659E-1 6.33322E-1 6.38288E-1 6.45867E-1 6.45155E-1 5.99487E-1 5.00869E-1 4.79396E-1 5.16022E-1 5.57224E-1 5.95128E-1 6.14506E-1 6.10664E-1 5.78948E-1 5.16187E-1 4.79605E-1 4.44879E-1 3.47566E-1 1.86172E-1 1.59346E-1 2.21486E-1 2.7501E-1 2.9294E-1 2.446E-1 1.81749E-1 1.19436E-1 6.65497E-2 4.0089E-2 3.36552E-2 3.34992E-2
-9999 -9999 -9999 -9999 -9999 -9999 -9999 -9999 -9999 -9999 -9999 -9999 -9999 -9999 -9999 -9999 -9999 -9999 -9999 -9999 -9999 -9999 -9999 -9999 -9999 -9999 -9999 -9999 -9999 -9999 -9999 -9999 4.66863E-10 1.54196E-15 8.40361E-23 4.40131E-27 1.36091E-20 2.49027E-10 2.06489E-2 5.69852E-1 6.33193E-1 6.278E-1 6.35158E-1 6.50129E-1 6.57795E-1 6.3099E-1 5.57504E-1 5.46499E-1 5.72177E-1 5.94287E-1 6.11617E-1 6.25915E-1 6.20435E-1 5.81848E-1 5.4219E-1 4.94907E-1 4.4371E-1 3.38982E-1 2.0947E-1 1.60345E-1 1.84768E-1 2.91226E-1 2.61842E-1 2.13411E-1 1.64769E-1 1.16061E-1 7.17139E-2 4.56261E-2 3.5872E-2 3.89981E-2
-9999 -9999 -9999 -9999 -9999 -9999 -9999 -9999 -9999 -9999 -9999 -9999 -9999 -9999 -9999 -9999 -9999 -9999 -9999 -9999 -9999 -9999 -9999 -9999 -9999 -9999 -9999 -9999 -9999 -9999 -9999 -9999 1.46704E-12 5.89656E-18 4.33076E-26 2.29103E-28 1.12749E-28 2.23757E-22 5.09183E-6 1.80994E-1 6.17685E-1 6.15097E-1 6.24042E-1 6.47933E-1 6.62943E-1 6.52905E-1 6.30713E-1 6.2247E-1 6.17286E-1 6.12904E-1 6.08932E-1 6.08785E-1 6.06862E-1 5.72776E-1 5.28837E-1 4.81203E-1 4.22011E-1 3.14773E-1 2.23076E-1 1.59349E-1 1.47662E-1 1.6262E-1 1.84331E-1 1.65807E-1 1.25533E-1 1.0145E-1 9.1034E-2 7.14412E-2 5.5003E-2 4.68985E-2
-9999 -9999 -9999 -9999 -9999 -9999 -9999 -9999 -9999 -9999 -9999 -9999 -9999 -9999 -9999 -9999 -9999 -9999 -9999 -9999 -9999 -9999 -9999 -9999 -9999 -9999 -9999 -9999 -9999 -9999 -9999 -9999 2.01761E-12 2.40152E-19 1.04172E-26 2.03716E-30 9.73073E-27 1.05038E-18 1.63073E-6 1.60063E-1 6.2938E-1 6.15097E-1 6.22387E-1 6.42864E-1 6.5896E-1 6.65255E-1 6.63237E-1 6.47501E-1 6.28762E-1 6.13554E-1 5.93822E-1 5.83352E-1 5.72412E-1 5.53789E-1 5.13191E-1 4.55593E-1 3.79379E-1 2.97106E-1 2.17858E-1 1.70687E-1 1.40152E-1 1.19819E-1 1.02475E-1 1.2561E-1 1.33934E-1 1.20961E-1 1.01392E-1 7.4828E-2 3.7917E-2 3.24214E-2
-9999 -9999 -9999 -9999 -9999 -9999 -9999 -9999 -9999 -9999 -9999 -9999 -9999 -9999 -9999 -9999 -9999 -9999 -9999 -9999 -9999 -9999 -9999 -9999 -9999 -9999 -9999 -9999 -9999 -9999 -9999 -9999 -9999 1.36235E-20 1.38338E-25 1.44876E-28 6.79533E-23 5.35409E-15 3.13333E-6 6.82462E-2 5.71515E-1 6.1787E-1 6.20156E-1 6.38961E-1 6.55202E-1 6.59634E-1 6.65184E-1 6.50876E-1 6.30488E-1 6.15421E-1 5.96169E-1 5.77453E-1 5.52652E-1 5.1583E-1 4.79981E-1 4.31032E-1 3.78153E-1 3.40427E-1 2.73313E-1 2.12708E-1 1.56916E-1 1.23058E-1 1.23271E-1 1.31582E-1 1.43961E-1 1.44494E-1 1.27532E-1 8.41889E-2 4.53477E-2 4.36298E-2
-9999 -9999 -9999 -9999 -9999 -9999 -9999 -9999 -9999 -9999 -9999 -9999 -9999 -9999 -9999 -9999 -9999 -9999 -9999 -9999 -9999 -9999 -9999 -9999 -9999 -9999 -9999 -9999 -9999 -9999 -9999 -9999 -9999 1.47428E-21 1.27624E-23 2.10039E-28 2.22266E-24 1.39408E-15 6.45235E-5 3.25192E-1 5.86741E-1 6.15383E-1 6.22475E-1 6.38508E-1 6.47266E-1 6.54424E-1 6.62487E-1 6.46679E-1 6.30111E-1 6.15788E-1 5.95361E-1 5.73233E-1 5.38716E-1 4.98438E-1 4.65192E-1 4.1633E-1 3.84922E-1 3.98336E-1 3.28325E-1 2.6304E-1 2.07917E-1 1.52911E-1 1.43796E-1 1.50528E-1 1.66675E-1 1.83808E-1 1.73227E-1 1.43782E-1 1.05195E-1 1.00255E-1
