KUENM/Final_Models/M_0.1_F_lq_Set_2_NE/sp1_max.asc
ncols         197
nrows         210
xllcorner     56.1666666666667
yllcorner     4.5
cellsize      0.166666666666667
NODATA_value  -9999
[rows 84 to 111 of 210, columns 130 to 194 of 197]
4.52216E-1 4.60211E-1 4.08345E-1 3.65936E-1 3.796E-1 4.55207E-1 4.83279E-1 5.17262E-1 4.45748E-1 4.29574E-1 4.57724E-1 5.16617E-1 5.81833E-1 5.48544E-1 4.28018E-1 3.46622E-1 4.27054E-1 4.82483E-1 4.93954E-1 4.52324E-1 4.34861E-1 4.2348E-1 3.81457E-1 3.23813E-1 2.93988E-1 3.22126E-1 3.43218E-1 3.30872E-1 3.14984E-1 2.83152E-1 2.40844E-1 2.18131E-1 2.16577E-1 2.47761E-1 2.82108E-1 3.04152E-1 3.65103E-1 4.13967E-1 3.38161E-1 3.05853E-1 2.93958E-1 3.33072E-1 3.63163E-1 3.82857E-1 4.02141E-1 4.53768E-1 3.95047E-1 2.91225E-1 2.74596E-1 3.16278E-1 2.52088E-1 1.87277E-1 1.02355E-1 5.21372E-2 4.54334E-2 2.95931E-2 1.48471E-2 8.73371E-3 1.1384E-2 9.835E-3 3.06261E-3 6.3019E-4 2.06491E-4 2.07022E-4 3.29241E-5
4.06412E-1 4.11083E-1 3.80769E-1 3.81481E-1 4.25126E-1 4.73109E-1 4.58706E-1 4.34371E-1 3.83083E-1 3.73957E-1 3.99265E-1 4.36515E-1 5.09397E-1 4.428E-1 3.22983E-1 2.88872E-1 4.40219E-1 4.62326E-1 3.21322E-1 3.64427E-1 3.80669E-1 3.54178E-1 3.54178E-1 3.65936E-1 3.88322E-1 3.53728E-1 3.43201E-1 3.31176E-1 2.99696E-1 3.0467E-1 3.1965E-1 2.63047E-1 3.0442E-1 3.31408E-1 3.22873E-1 3.07219E-1 3.39797E-1 3.96878E-1 3.75363E-1 3.19232E-1 2.96937E-1 3.41506E-1 3.936E-1 4.09855E-1 4.24173E-1 4.29559E-1 3.66772E-1 2.73685E-1 3.21171E-1 4.35677E-1 3.17921E-1 1.6969E-1 6.85871E-2 3.57869E-2 7.82173E-2 6.33099E-2 2.08423E-2 5.43323E-3 1.21936E-2 1.37178E-2 6.14562E-3 1.4796E-3 4.42422E-4 3.19901E-4 5.30222E-5
3.44528E-1 3.44873E-1 3.46602E-1 3.34399E-1 3.53728E-1 3.69145E-1 3.56763E-1 3.18574E-1 2.4918E-1 1.85111E-1 2.30558E-1 3.2861E-1 3.81137E-1 2.93152E-1 2.19689E-1 2.60899E-1 3.62457E-1 3.65386E-1 3.11552E-1 3.58779E-1 3.4497E-1 3.12962E-1 3.11304E-1 3.79734E-1 4.70154E-1 4.50062E-1 3.72791E-1 3.27407E-1 2.81681E-1 2.3925E-1 2.01273E-1 2.72941E-1 3.66469E-1 3.94755E-1 3.27975E-1 3.53434E-1 3.44921E-1 3.27547E-1 3.17166E-1 2.98151E-1 3.18464E-1 3.68762E-1 3.80595E-1 3.72155E-1 4.24864E-1 4.60639E-1 3.50033E-1 2.84982E-1 3.05504E-1 3.29525E-1 2.27667E-1 1.51328E-1 1.1889E-1 8.2523E-2 1.18581E-1 1.00273E-1 4.04417E-2 1.35244E-2 1.16797E-2 1.25166E-2 8.03221E-3 3.534E-3 1.18484E-3 4.98609E-4 1.08481E-4
3.0211E-1 2.91314E-1 2.54271E-1 2.0416E-1 2.22564E-1 2.45859E-1 2.57629E-1 2.59389E-1 1.97231E-1 1.42983E-1 1.41687E-1 2.3416E-1 3.01029E-1 1.77242E-1 1.02355E-1 1.56345E-1 2.30258E-1 2.52323E-1 2.60662E-1 2.86729E-1 2.64235E-1 2.40147E-1 2.40798E-1 3.05133E-1 4.20105E-1 4.29574E-1 3.88192E-1 3.34159E-1 2.84815E-1 2.48755E-1 2.48755E-1 3.27629E-1 4.59616E-1 5.67501E-1 4.63761E-1 3.06107E-1 2.66345E-1 2.33228E-1 2.36269E-1 2.78523E-1 3.27185E-1 3.28928E-1 2.68229E-1 2.56327E-1 3.25818E-1 3.44921E-1 3.19232E-1 3.27811E-1 3.29674E-1 2.72941E-1 2.04098E-1 1.72138E-1 1.96081E-1 1.96008E-1 2.01258E-1 1.48818E-1 7.06598E-2 1.21936E-2 5.73521E-3 5.54246E-3 5.87473E-3 4.85674E-3 2.30915E-3 9.23037E-4 3.33864E-4
2.94506E-1 2.43751E-1 1.65728E-1 1.01263E-1 1.2239E-1 1.57787E-1 2.0197E-1 2.17773E-1 1.95763E-1 1.37863E-1 1.24284E-1 1.71836E-1 1.90981E-1 1.05402E-1 7.44387E-2 1.05778E-1 1.7379E-1 1.99797E-1 2.03388E-1 2.00281E-1 1.64724E-1 1.34059E-1 1.61444E-1 2.27168E-1 2.92613E-1 3.1203E-1 3.4584E-1 3.3165E-1 2.90787E-1 2.64656E-1 2.67376E-1 3.16709E-1 4.24005E-1 4.87489E-1 3.76224E-1 2.75775E-1 2.00489E-1 1.74822E-1 1.66593E-1 2.50483E-1 3.05059E-1 3.10246E-1 2.14624E-1 1.94435E-1 2.4139E-1 2.43033E-1 2.64208E-1 3.51977E-1 3.22084E-1 2.39087E-1 1.85541E-1 1.467E-1 1.80806E-1 2.29221E-1 1.88104E-1 1.27025E-1 4.43855E-2 3.28173E-3 1.91011E-3 5.90334E-3 5.47846E-3 4.59397E-3 3.31136E-3 1.66888E-3 7.99056E-4
3.16618E-1 2.35479E-1 1.43702E-1 8.1842E-2 7.43983E-2 9.55355E-2 1.46183E-1 2.162E-1 1.76206E-1 1.02928E-1 9.57083E-2 1.12693E-1 1.11503E-1 8.77841E-2 8.51605E-2 1.05053E-1 1.81943E-1 1.64724E-1 1.37819E-1 1.22456E-1 9.28283E-2 8.33428E-2 1.09303E-1 1.55316E-1 2.11567E-1 2.71646E-1 3.30398E-1 3.28677E-1 2.93569E-1 2.63921E-1 2.50429E-1 2.64014E-1 2.9696E-1 2.92258E-1 2.28607E-1 2.04525E-1 2.15401E-1 1.75437E-1 8.97976E-2 1.30412E-1 2.08086E-1 3.12367E-1 2.64663E-1 2.29989E-1 2.33203E-1 2.14835E-1 2.3251E-1 2.86541E-1 2.97526E-1 1.79131E-1 1.11612E-1 7.24415E-2 8.56286E-2 1.07455E-1 9.74518E-2 5.05479E-2 7.74013E-3 3.54447E-4 2.25309E-4 2.66335E-3 4.12732E-3 3.61877E-3 3.98272E-3 2.44682E-3 1.26068E-3
3.18342E-1 2.59328E-1 1.53894E-1 7.63002E-2 6.47313E-2 7.29848E-2 1.05379E-1 1.18057E-1 8.05349E-2 4.08697E-2 5.0689E-2 7.03838E-2 1.17232E-1 1.27895E-1 1.27896E-1 1.28925E-1 1.38347E-1 1.7236E-1 1.40398E-1 9.00839E-2 5.3813E-2 5.58157E-2 8.24393E-2 1.16084E-1 1.60525E-1 2.40097E-1 3.13787E-1 2.91919E-1 2.65741E-1 2.44052E-1 2.3076E-1 2.29221E-1 2.37472E-1 2.39133E-1 2.37472E-1 2.33882E-1 2.15401E-1 1.43776E-1 8.16497E-2 9.07284E-2 1.56661E-1 1.96081E-1 1.82303E-1 1.96008E-1 2.06516E-1 1.86166E-1 1.90661E-1 1.96731E-1 1.74426E-1 1.25426E-1 7.56634E-2 5.01027E-2 4.58356E-2 4.36891E-2 4.24466E-2 2.9129E-2 3.74865E-3 1.56599E-4 8.09696E-5 9.81956E-4 2.54919E-3 3.39423E-3 4.34547E-3 2.81674E-3 1.40577E-3
3.2861E-1 2.49229E-1 1.31667E-1 7.61724E-2 5.01027E-2 4.73719E-2 5.49457E-2 3.73556E-2 1.27273E-2 1.35293E-2 4.97322E-2 1.02405E-1 1.26681E-1 1.3649E-1 1.45062E-1 1.30208E-1 1.15473E-1 1.41424E-1 1.14858E-1 7.97318E-2 6.37331E-2 6.86454E-2 8.15429E-2 9.54952E-2 1.31172E-1 1.88406E-1 2.46679E-1 2.40157E-1 2.10772E-1 2.0356E-1 1.90661E-1 1.81943E-1 1.79181E-1 1.50902E-1 1.50939E-1 1.59096E-1 1.5395E-1 8.91774E-2 5.89851E-2 7.25072E-2 8.91774E-2 8.91274E-2 6.58586E-2 9.54952E-2 1.21376E-1 1.15645E-1 1.42712E-1 1.61835E-1 1.49596E-1 1.05416E-1 7.47925E-2 5.18778E-2 4.19453E-2 3.90259E-2 2.9298E-2 2.24981E-2 5.49948E-3 8.47175E-4 5.31217E-4 1.33686E-3 2.34536E-3 3.75635E-3 4.49893E-3 2.97364E-3 1.22031E-3
2.62828E-1 1.81002E-1 8.88987E-2 5.46465E-2 3.94685E-2 4.29602E-2 3.7707E-2 3.28913E-2 2.00132E-2 3.38789E-2 6.20673E-2 9.75172E-2 8.68523E-2 1.20216E-1 1.48992E-1 1.35848E-1 1.05291E-1 1.04879E-1 9.37454E-2 8.47812E-2 8.33428E-2 9.5743E-2 8.9847E-2 8.76344E-2 1.12614E-1 1.34267E-1 1.59771E-1 1.72839E-1 1.8172E-1 1.67556E-1 1.45636E-1 1.20434E-1 1.18409E-1 1.00792E-1 9.17719E-2 9.47306E-2 1.05379E-1 1.16965E-1 1.3402E-1 9.84969E-2 7.48728E-2 4.88108E-2 4.28716E-2 4.43612E-2 3.17558E-2 2.66307E-2 4.49119E-2 8.22988E-2 9.94529E-2 6.13785E-2 5.29935E-2 5.3614E-2 3.66262E-2 3.24918E-2 2.32499E-2 1.5193E-2 7.09745E-3 3.45116E-3 2.73256E-3 2.38697E-3 1.48795E-3 1.93871E-3 4.02291E-3 3.2382E-3 1.24424E-3
1.23524E-1 8.44393E-2 4.96039E-2 3.22094E-2 3.07507E-2 3.28913E-2 3.67908E-2 5.80221E-2 5.40205E-2 2.79684E-2 6.28849E-2 9.37454E-2 7.70658E-2 8.57844E-2 1.02618E-1 9.6625E-2 8.70136E-2 7.33098E-2 6.80287E-2 7.25374E-2 8.70136E-2 9.96662E-2 8.78897E-2 7.16828E-2 7.22775E-2 7.1866E-2 1.00103E-1 8.99234E-2 1.18372E-1 1.03984E-1 8.12819E-2 6.77594E-2 6.41385E-2 5.35484E-2 5.10384E-2 4.98188E-2 6.58159E-2 1.16079E-1 1.40398E-1 7.20818E-2 5.12451E-2 3.96452E-2 4.36578E-2 4.62981E-2 2.2067E-2 1.54712E-2 2.33198E-2 4.87067E-2 5.60776E-2 2.9834E-2 2.40643E-2 3.59722E-2 3.49941E-2 2.94359E-2 1.84757E-2 1.30641E-2 9.73634E-3 8.14358E-3 7.64833E-3 5.65701E-3 2.15166E-3 1.90444E-3 3.18682E-3 2.7839E-3 1.3612E-3
6.82131E-2 4.56456E-2 2.90756E-2 2.05627E-2 2.14113E-2 2.33051E-2 3.24799E-2 6.19125E-2 5.65587E-2 2.27748E-2 7.39055E-2 6.72981E-2 4.52633E-2 3.92608E-2 4.88667E-2 4.71229E-2 4.08697E-2 3.52161E-2 3.16681E-2 4.88667E-2 7.63207E-2 7.78052E-2 7.19855E-2 5.70727E-2 4.65972E-2 4.43514E-2 4.79432E-2 4.04902E-2 4.16983E-2 5.25647E-2 4.4153E-2 3.69196E-2 3.11047E-2 2.66307E-2 2.95537E-2 2.83398E-2 3.79914E-2 4.54522E-2 3.41093E-2 3.80592E-2 4.59459E-2 3.67342E-2 3.89268E-2 3.76027E-2 3.36491E-2 3.83696E-2 4.04417E-2 3.41456E-2 3.85442E-2 3.62479E-2 5.89623E-2 4.25763E-2 3.93529E-2 3.49218E-2 1.40661E-2 1.34568E-2 1.45945E-2 1.16742E-2 1.43815E-2 1.50289E-2 6.06121E-3 4.02543E-3 3.9595E-3 3.02984E-3 1.56946E-3
4.29768E-2 2.73874E-2 1.81884E-2 1.39135E-2 1.30944E-2 1.81265E-2 2.92155E-2 3.22094E-2 3.44522E-2 3.98061E-2 4.73719E-2 3.41093E-2 3.20181E-2 2.82256E-2 2.39235E-2 1.70303E-2 1.53967E-2 1.24264E-2 1.5611E-2 3.47035E-2 7.05299E-2 7.42965E-2 5.74935E-2 4.06564E-2 2.88412E-2 2.03309E-2 1.87177E-2 1.69756E-2 1.47306E-2 2.08722E-2 1.78212E-2 1.52107E-2 1.28632E-2 1.11081E-2 1.1445E-2 1.3729E-2 1.21086E-2 8.58079E-3 5.2558E-3 6.13655E-3 2.00541E-2 2.90586E-2 2.0656E-2 1.30977E-2 1.17586E-2 9.76633E-3 9.55305E-3 7.41671E-3 1.05136E-2 2.32024E-2 3.64518E-2 4.95032E-2 5.71933E-2 5.27587E-2 2.90382E-2 2.35469E-2 2.90382E-2 1.09887E-2 8.19805E-3 9.00153E-3 7.9449E-3 6.67413E-3 6.06121E-3 4.02543E-3 2.11508E-3
3.32942E-2 2.35086E-2 1.6087E-2 1.41854E-2 1.17357E-2 1.65384E-2 2.41391E-2 2.92155E-2 3.71189E-2 4.16653E-2 3.13077E-2 2.46328E-2 2.14043E-2 1.5284E-2 1.12402E-2 6.89981E-3 5.18354E-3 4.02786E-3 1.11722E-2 3.24652E-2 7.19855E-2 8.4099E-2 5.57349E-2 3.40913E-2 2.42217E-2 1.95342E-2 1.22879E-2 9.53691E-3 7.86276E-3 1.00494E-2 9.10218E-3 7.63188E-3 5.85748E-3 4.83362E-3 4.58288E-3 6.1961E-3 5.84868E-3 6.45311E-3 4.49882E-3 4.73405E-3 1.59159E-2 2.31494E-2 7.94207E-3 3.70055E-3 3.1768E-3 1.63422E-3 3.0759E-3 7.60435E-3 1.11427E-2 1.33454E-2 1.68603E-2 2.27236E-2 4.44589E-2 6.73145E-2 4.33645E-2 3.12948E-2 1.07917E-1 2.16607E-2 9.42914E-3 8.72619E-3 7.9449E-3 9.1421E-3 1.0823E-2 7.11329E-3 3.83061E-3
2.79684E-2 1.8843E-2 2.19084E-2 4.23765E-2 3.78162E-2 3.20503E-2 3.38789E-2 3.2184E-2 3.48589E-2 4.33295E-2 4.92277E-2 3.47835E-2 1.08655E-2 6.97098E-3 3.76378E-3 1.91444E-3 1.35542E-3 1.65243E-3 3.4876E-3 1.33933E-2 3.78895E-2 6.48804E-2 4.37117E-2 2.72997E-2 2.03802E-2 1.98135E-2 1.77358E-2 9.10218E-3 5.45447E-3 5.34656E-3 5.26448E-3 3.70435E-3 2.36392E-3 1.8847E-3 2.12044E-3 3.00878E-3 4.19932E-3 4.84284E-3 4.59866E-3 2.97197E-3 4.71647E-3 6.42055E-3 2.85476E-3 1.18726E-3 1.55385E-3 1.62309E-3 1.27075E-2 2.57514E-2 1.17867E-2 5.54246E-3 9.27457E-3 1.35565E-2 2.90382E-2 6.3553E-2 7.68907E-2 3.55102E-2 7.86106E-2 6.42921E-2 3.00711E-2 1.39637E-2 8.19805E-3 8.19805E-3 1.76268E-2 1.89317E-2 1.20309E-2
1.92428E-2 1.71753E-2 2.22667E-2 3.86269E-2 5.01487E-2 5.85181E-2 6.34001E-2 6.24238E-2 5.8812E-2 7.15668E-2 5.8256E-2 3.08384E-2 1.4717E-2 6.69421E-3 2.2359E-3 6.04988E-4 5.86325E-4 1.06551E-3 2.32807E-3 3.55802E-3 9.26406E-3 1.51997E-2 1.47737E-2 1.71843E-2 1.67214E-2 2.07457E-2 2.63228E-2 1.34707E-2 7.01283E-3 4.14964E-3 3.11861E-3 1.92311E-3 9.74155E-4 7.07832E-4 9.14366E-4 1.28478E-3 1.84862E-3 2.35925E-3 1.87747E-3 1.46735E-3 9.77938E-4 1.41482E-3 1.87784E-3 2.07757E-3 2.63773E-3 4.42208E-3 1.7814E-2 2.02757E-2 9.57566E-3 5.56723E-3 8.33489E-3 1.89317E-2 2.59239E-2 4.5414E-2 6.5629E-2 3.69196E-2 4.52384E-2 8.95286E-2 6.26554E-2 3.38679E-2 1.33569E-2 4.51599E-3 4.98582E-3 9.87483E-3 2.6453E-3
1.38729E-2 1.19199E-2 1.38476E-2 2.47255E-2 4.44192E-2 7.01263E-2 7.98694E-2 8.42519E-2 8.63461E-2 8.30336E-2 6.36131E-2 3.32836E-2 1.78995E-2 5.45447E-3 1.48461E-3 5.22941E-4 6.23001E-4 9.58754E-4 2.29316E-3 5.12597E-3 8.26035E-3 6.29875E-3 1.93423E-3 2.97752E-3 6.3961E-3 1.77016E-2 3.65405E-2 2.03271E-2 8.85007E-3 3.65087E-3 1.91281E-3 1.06795E-3 5.9258E-4 3.39959E-4 3.16092E-4 3.7149E-4 5.22941E-4 8.71798E-4 7.20706E-4 3.28286E-4 1.8938E-4 4.24891E-4 1.50518E-3 3.45003E-3 3.52672E-3 4.35249E-3 6.43855E-3 5.23257E-3 4.76169E-3 4.98582E-3 7.09745E-3 1.43738E-2 1.71272E-2 2.73719E-2 3.13746E-2 2.42372E-2 3.13746E-2 5.16042E-2 5.56779E-2 5.30644E-2 1.53619E-2 2.1893E-3 1.2883E-3 3.1346E-3 4.45646E-4
1.5115E-2 8.08258E-3 6.68956E-3 1.3938E-2 2.60623E-2 3.9322E-2 4.43078E-2 6.37331E-2 6.50627E-2 8.78897E-2 7.80705E-2 4.32759E-2 1.70566E-2 5.18354E-3 1.7118E-3 7.90722E-4 8.12241E-4 1.21941E-3 2.18198E-3 4.50474E-3 6.60634E-3 9.0525E-3 3.56215E-3 1.28885E-3 2.73644E-3 1.08934E-2 2.6475E-2 1.62966E-2 6.97341E-3 3.02995E-3 1.45184E-3 6.91284E-4 4.89511E-4 2.95917E-4 2.48399E-4 3.35983E-4 3.91733E-4 7.21596E-4 8.1909E-4 4.55466E-4 2.12393E-4 3.79284E-4 2.14874E-3 5.73521E-3 6.05068E-3 3.62194E-3 4.91739E-3 7.00112E-3 9.34591E-3 1.10639E-2 1.49181E-2 1.64009E-2 1.19622E-2 1.27736E-2 1.46842E-2 1.24611E-2 1.44686E-2 2.13737E-2 2.42372E-2 1.48031E-2 2.22619E-3 1.39788E-4 1.78512E-5 1.34139E-4 1.79269E-4
1.5193E-2 5.99691E-3 2.57719E-3 1.64457E-3 1.29825E-2 2.63228E-2 1.01959E-2 4.28716E-2 5.44898E-2 7.22246E-2 8.62325E-2 4.31207E-2 1.50869E-2 4.62219E-3 1.32021E-3 8.16903E-4 6.41937E-4 1.1174E-3 2.60256E-3 6.27908E-3 7.14011E-3 5.49922E-3 3.89377E-3 4.40753E-3 7.17732E-3 8.71622E-3 7.2493E-3 5.82548E-3 2.30053E-3 1.5704E-3 1.05005E-3 1.10927E-3 8.40051E-4 5.98597E-4 5.87581E-4 8.65201E-4 1.9118E-3 4.01648E-3 2.96097E-3 1.00424E-3 4.93984E-4 8.73228E-4 3.59239E-3 6.18809E-3 6.09182E-3 5.28448E-3 4.76169E-3 9.10607E-3 1.50289E-2 2.16198E-2 3.1593E-2 1.92025E-2 1.42734E-2 9.63929E-3 9.81714E-3 7.01345E-3 5.35095E-3 7.75915E-3 1.02831E-2 3.33039E-3 2.41041E-4 1.78512E-5 2.90418E-6 5.47821E-6 -9999
3.71284E-2 1.64074E-2 1.95969E-3 2.38437E-6 3.67637E-3 5.7969E-4 1.7297E-3 3.28784E-2 6.20145E-2 6.78525E-2 6.05262E-2 3.44898E-2 1.21936E-2 3.12404E-3 1.06887E-3 5.7692E-4 5.19523E-4 1.05666E-3 3.09729E-3 6.82148E-3 1.38462E-2 1.80009E-2 2.13238E-2 1.31699E-2 1.02869E-2 1.32074E-2 7.75787E-3 3.07035E-3 7.41308E-4 9.62865E-4 1.17344E-3 1.56686E-3 1.48786E-3 1.08656E-3 9.05482E-4 1.63992E-3 3.11561E-3 4.28899E-3 2.83941E-3 1.62428E-3 1.15714E-3 1.46062E-3 2.68929E-3 3.34406E-3 4.20593E-3 5.095E-3 4.24927E-3 6.06859E-3 7.85654E-3 1.03079E-2 8.50796E-3 1.20344E-2 1.29512E-2 1.03811E-2 7.7166E-3 3.96464E-3 1.37946E-3 2.86451E-3 7.59517E-3 1.43077E-3 2.55936E-4 9.41267E-5 3.91929E-5 1.53044E-5 -9999
1.06184E-1 5.78622E-2 3.16966E-3 2.30391E-4 3.1071E-5 7.88414E-4 1.46206E-2 6.00395E-2 8.0111E-2 5.05399E-2 2.39235E-2 1.71576E-2 6.64076E-3 1.44547E-3 7.32572E-4 4.27736E-4 4.26624E-4 1.2942E-3 3.91156E-3 1.01959E-2 4.34788E-2 5.68024E-2 4.65407E-2 3.21461E-2 2.28536E-2 1.53619E-2 9.4051E-3 4.29928E-3 2.43875E-3 1.8368E-3 1.53922E-3 1.91057E-3 1.80745E-3 1.48795E-3 9.59651E-4 1.4029E-3 2.50147E-3 2.92916E-3 1.86898E-3 1.11633E-3 7.71037E-4 7.42774E-4 9.62865E-4 1.33467E-3 1.91011E-3 2.88259E-3 2.77214E-3 2.38355E-3 2.58929E-3 4.12732E-3 3.525E-3 3.02406E-3 5.87292E-3 5.35095E-3 3.3449E-3 2.24202E-3 1.10551E-3 2.49169E-3 3.21829E-3 9.0515E-4 2.41041E-4 6.63689E-4 4.81289E-4 -9999 -9999
8.88954E-2 1.08458E-1 2.7267E-2 1.23754E-2 1.06808E-2 9.81375E-3 4.38159E-2 9.31368E-2 8.55981E-2 3.3692E-2 9.57753E-3 1.122E-2 4.83224E-3 7.58924E-4 4.54166E-4 4.06256E-4 4.11868E-4 1.89568E-3 7.29269E-3 2.11656E-2 9.25273E-2 1.06802E-1 7.88593E-2 5.3882E-2 3.67375E-2 2.07786E-2 1.49989E-2 1.03412E-2 5.31188E-3 2.33872E-3 1.95159E-3 1.85508E-3 1.40909E-3 5.85626E-4 4.45646E-4 7.7217E-4 1.74264E-3 1.71375E-3 1.00003E-3 5.11398E-4 3.33293E-4 2.69562E-4 2.90633E-4 6.01934E-4 1.20008E-3 2.01202E-3 2.50713E-3 2.12805E-3 1.44678E-3 1.59409E-3 1.10361E-3 1.03194E-3 8.90917E-4 5.14158E-4 5.7851E-4 1.2137E-3 1.87669E-3 1.84336E-3 1.2137E-3 6.60591E-4 7.14038E-4 1.05524E-3 -9999 -9999 -9999
5.2912E-2 3.70623E-2 6.91419E-2 7.22246E-2 8.67059E-2 6.11088E-2 7.93681E-2 1.08094E-1 1.02928E-1 5.15487E-2 1.92944E-2 1.48471E-2 7.41671E-3 1.03796E-3 3.08332E-4 5.52048E-4 1.13834E-3 5.06086E-3 1.70566E-2 5.25934E-2 1.43021E-1 1.46037E-1 9.94242E-2 7.17266E-2 5.50594E-2 3.63407E-2 2.76304E-2 2.22558E-2 1.36177E-2 6.43989E-3 5.1131E-3 3.97215E-3 9.08249E-4 1.04086E-4 1.21184E-4 2.144E-4 4.76082E-4 6.48232E-4 3.66229E-4 2.20375E-4 1.96389E-4 1.203E-4 7.74781E-5 3.47084E-4 1.1174E-3 2.02819E-3 3.11365E-3 2.66532E-3 1.55941E-3 8.28017E-4 3.21243E-4 1.76911E-4 1.36122E-4 4.0073E-5 8.70936E-5 3.41923E-4 7.34889E-4 6.46254E-4 2.64301E-4 8.5723E-5 9.37232E-5 9.85378E-5 -9999 -9999 -9999
1.64624E-1 1.68624E-1 1.93639E-1 1.72796E-1 1.84911E-1 1.87313E-1 1.67194E-1 1.21867E-1 1.29334E-1 1.2637E-1 9.75122E-2 6.10523E-2 2.17949E-2 1.77365E-3 2.27726E-4 4.6386E-4 1.63401E-3 8.73371E-3 3.15574E-2 7.24673E-2 1.48655E-1 1.33516E-1 8.93932E-2 7.80575E-2 7.05054E-2 4.72826E-2 3.40515E-2 3.9096E-2 3.5894E-2 2.2638E-2 1.57365E-2 1.19884E-2 2.12402E-3 2.62559E-4 1.2925E-4 1.11478E-4 1.21184E-4 1.33031E-4 1.20948E-4 1.00957E-4 1.13055E-4 8.98301E-5 4.90764E-5 3.02857E-4 1.30961E-3 3.11861E-3 5.06402E-3 3.36401E-3 1.65072E-3 7.19895E-4 2.04046E-4 1.12831E-4 6.59016E-5 2.85548E-5 4.18708E-5 1.34446E-4 2.79323E-4 3.03752E-4 1.16869E-4 1.22126E-5 8.67297E-6 -9999 -9999 -9999 -9999
3.17987E-1 2.83108E-1 2.91858E-1 2.81782E-1 2.35444E-1 2.22076E-1 2.36482E-1 1.80202E-1 1.68853E-1 1.52388E-1 1.33455E-1 1.14512E-1 3.30841E-2 4.24071E-3 3.92159E-4 4.82828E-5 5.51012E-4 8.46032E-3 4.14371E-2 9.35642E-2 1.16786E-1 9.62621E-2 6.52467E-2 5.70866E-2 4.81109E-2 3.03877E-2 2.52497E-2 3.61263E-2 3.70847E-2 2.42154E-2 1.53498E-2 9.56346E-3 3.76216E-3 1.13657E-3 3.11033E-4 1.05807E-4 3.98113E-5 3.69234E-5 5.59111E-5 7.57741E-5 1.13112E-4 1.44707E-4 1.78064E-4 5.31183E-4 1.94036E-3 3.41978E-3 4.20465E-3 3.85183E-3 1.55098E-3 6.48621E-4 2.19519E-4 1.26172E-4 6.19015E-5 3.21346E-5 3.64529E-5 8.84472E-5 1.80176E-4 2.25145E-4 1.56867E-4 4.03179E-5 -9999 -9999 -9999 -9999 -9999
3.97599E-1 4.27054E-1 3.73689E-1 3.19232E-1 2.67526E-1 2.41259E-1 2.86399E-1 2.81181E-1 1.86055E-1 9.4385E-2 9.32741E-2 8.71368E-2 2.19758E-2 5.50181E-3 3.35262E-4 4.47124E-5 5.30379E-4 1.12333E-2 6.91143E-2 1.2142E-1 9.03524E-2 6.32052E-2 4.08305E-2 3.10005E-2 2.4411E-2 1.58696E-2 1.07229E-2 1.28417E-2 1.45614E-2 1.03412E-2 6.75345E-3 5.48993E-3 4.78821E-3 3.68591E-3 9.2286E-4 1.59993E-4 3.03078E-5 2.31326E-5 5.00145E-5 1.29921E-4 1.63275E-4 2.55936E-4 4.74241E-4 1.04581E-3 2.26597E-3 3.84139E-3 3.58395E-3 2.70952E-3 1.1947E-3 5.95083E-4 3.03472E-4 1.38161E-4 6.92577E-5 4.32971E-5 4.34635E-5 6.9985E-5 -9999 -9999 -9999 -9999 -9999 -9999 -9999 -9999 -9999
5.40272E-1 4.86297E-1 3.60245E-1 2.87179E-1 2.38679E-1 2.20501E-1 2.35228E-1 1.92625E-1 1.23613E-1 6.05954E-2 4.32879E-2 2.50891E-2 6.47228E-3 1.47989E-3 2.30697E-4 1.56867E-4 2.14995E-3 1.60838E-2 2.94288E-2 4.03891E-2 4.85357E-2 4.56156E-2 2.56221E-2 1.83984E-2 1.77313E-2 9.77128E-3 4.58849E-3 3.33039E-3 3.30146E-3 3.42974E-3 3.21303E-3 3.54918E-3 5.2884E-3 6.59921E-3 1.89399E-3 4.00787E-4 1.15551E-4 6.96486E-5 1.12616E-4 1.7975E-4 3.45356E-4 6.60591E-4 1.32863E-3 2.45737E-3 3.50527E-3 3.64266E-3 2.94639E-3 1.63401E-3 9.30121E-4 5.67598E-4 3.18321E-4 1.7654E-4 1.04688E-4 7.46194E-5 6.28635E-5 -9999 -9999 -9999 -9999 -9999 -9999 -9999 -9999 -9999 -9999
5.3962E-1 4.70841E-1 3.36785E-1 2.45446E-1 1.89368E-1 1.87985E-1 1.74391E-1 1.24818E-1 7.69571E-2 3.66029E-2 1.87444E-2 7.71485E-3 1.85508E-3 4.69927E-4 1.73762E-4 1.86116E-4 1.87206E-3 7.38851E-3 4.49013E-3 6.75444E-3 2.77986E-2 4.93278E-2 4.15686E-2 2.29262E-2 9.27596E-3 3.4166E-3 2.00824E-3 1.59258E-3 1.40493E-3 1.28878E-3 1.57648E-3 2.6536E-3 4.22186E-3 4.62494E-3 2.3525E-3 8.90004E-4 3.88778E-4 2.63102E-4 2.80577E-4 4.19641E-4 8.01588E-4 1.51495E-3 3.40261E-3 5.67339E-3 5.62084E-3 3.71493E-3 1.86979E-3 1.03413E-3 5.50958E-4 3.98252E-4 2.77946E-4 1.90579E-4 1.36475E-4 1.16235E-4 1.40126E-4 -9999 -9999 -9999 -9999 -9999 -9999 -9999 -9999 -9999 -9999
5.10263E-1 4.66662E-1 3.62215E-1 2.90699E-1 2.5899E-1 1.98851E-1 1.43735E-1 8.59748E-2 4.57666E-2 2.03109E-2 8.52636E-3 3.50156E-3 1.36521E-3 4.45547E-4 2.12848E-4 2.62636E-4 9.12275E-4 2.22619E-3 2.64445E-3 5.35426E-3 2.15203E-2 5.17946E-2 5.35184E-2 2.63239E-2 5.96918E-3 2.27321E-3 1.43311E-3 1.33383E-3 1.19185E-3 8.07029E-4 1.03728E-3 2.14036E-3 3.15802E-3 3.45343E-3 2.52474E-3 1.58416E-3 9.78236E-4 7.20453E-4 7.34409E-4 9.54387E-4 1.48696E-3 2.59296E-3 6.13249E-3 1.28047E-2 8.2605E-3 3.28809E-3 1.1688E-3 3.82998E-4 2.47774E-4 2.33291E-4 2.30797E-4 1.92336E-4 1.64295E-4 1.68622E-4 1.90579E-4 -9999 -9999 -9999 -9999 -9999 -9999 -9999 -9999 -9999 -9999
