KUENM/Final_Models/M_0.1_F_lq_Set_2_NE/sp1_1.asc
ncols         197
nrows         210
xllcorner     56.1666666666667
yllcorner     4.5
cellsize      0.166666666666667
NODATA_value  -9999
[rows 56 to 83 of 210, columns 130 to 194 of 197]
1.15088E-5 5.31386E-10 5.36097E-9 1.72348E-11 2.85429E-9 1.36954E-9 1.19976E-8 3.05034E-10 4.12437E-9 1.97201E-8 1.35553E-8 2.43713E-9 4.07587E-9 6.11005E-9 8.02337E-9 7.11198E-8 4.28447E-7 3.81248E-7 8.75167E-7 1.64112E-9 5.54999E-9 3.05147E-8 4.71111E-7 3.92306E-7 2.25084E-8 1.53143E-8 3.42611E-10 1.0432E-9 1.07346E-9 6.04809E-9 2.47029E-8 5.15783E-8 7.97306E-8 3.81266E-8 6.8845E-9 9.63563E-9 1.16115E-8 7.97672E-10 5.40098E-11 1.98352E-11 1.05113E-10 6.16549E-12 2.97926E-12 4.05985E-12 -9999 -9999 -9999 -9999 -9999 -9999 -9999 -9999 -9999 -9999 -9999 -9999 -9999 -9999 -9999 -9999 -9999 -9999 -9999 -9999 -9999
4.92157E-3 1.11388E-3 1.8073E-6 1.04232E-12 1.66658E-11 1.22553E-8 5.35937E-10 7.69558E-10 5.64677E-8 3.51937E-8 2.61191E-8 8.51436E-9 1.32998E-10 4.77233E-12 3.7599E-12 2.29606E-8 7.50069E-9 1.01255E-6 1.51025E-6 9.91852E-10 5.59567E-8 2.26709E-9 5.71585E-8 2.27642E-6 8.4153E-5 2.34976E-7 4.54059E-8 5.61213E-9 1.74935E-9 3.59416E-10 2.75465E-9 2.46229E-8 3.91066E-8 7.48444E-8 4.9897E-8 1.04041E-8 5.05184E-9 7.02089E-9 9.26976E-10 4.3217E-11 6.51736E-12 3.60805E-11 3.72394E-12 3.70642E-12 4.27223E-11 1.9374E-12 -9999 -9999 -9999 -9999 -9999 -9999 -9999 -9999 -9999 -9999 -9999 -9999 -9999 -9999 -9999 -9999 -9999 -9999 -9999
2.967E-2 2.98299E-2 6.57508E-4 1.1801E-7 5.82301E-10 1.25397E-9 4.97071E-10 1.28396E-10 1.93173E-8 2.4326E-8 1.57318E-8 1.19976E-8 1.63213E-10 1.29843E-12 7.13332E-13 5.56571E-14 7.69196E-10 3.21169E-8 2.57902E-6 1.80792E-7 6.1858E-6 1.61597E-6 2.43015E-7 3.28801E-4 2.03511E-3 5.09309E-4 2.10329E-7 1.71567E-8 3.60151E-8 1.34015E-10 1.33072E-10 2.08939E-9 2.40503E-8 4.72186E-8 3.20994E-8 2.71015E-8 7.97084E-9 1.59323E-8 2.82483E-9 2.35846E-9 1.47257E-11 6.79269E-11 1.77038E-10 6.75287E-11 2.60948E-11 7.50342E-12 4.99082E-12 4.50775E-11 -9999 -9999 -9999 -9999 -9999 -9999 -9999 -9999 -9999 -9999 -9999 -9999 -9999 -9999 -9999 -9999 -9999
7.46066E-2 4.73327E-2 8.01663E-3 3.07829E-4 1.04714E-6 9.82709E-8 1.3353E-8 1.36742E-9 9.00756E-11 2.75783E-11 8.09664E-9 2.02875E-8 1.54564E-9 1.20683E-10 1.66016E-8 2.9682E-10 3.1563E-9 3.91584E-8 3.53011E-7 9.74263E-6 3.98119E-5 1.09252E-4 3.45108E-5 5.73704E-3 3.64438E-3 1.2402E-3 1.18619E-4 7.66189E-6 2.79469E-7 5.29728E-8 5.23214E-8 3.59129E-9 4.43812E-10 6.22144E-9 9.30553E-9 4.6517E-9 4.39087E-9 4.45943E-8 2.56769E-8 1.02128E-8 2.75986E-9 1.23985E-9 1.6061E-9 5.61381E-10 3.30657E-10 6.55447E-11 1.1858E-10 2.24789E-10 4.56268E-11 3.29085E-11 -9999 -9999 -9999 -9999 -9999 -9999 -9999 -9999 -9999 -9999 -9999 -9999 -9999 -9999 -9999
6.8627E-2 7.22598E-2 2.77479E-2 8.82713E-3 1.13779E-3 9.81905E-5 1.32574E-6 9.76501E-9 6.64776E-13 9.55763E-14 1.48797E-13 1.80376E-10 3.20967E-9 1.36903E-8 1.43395E-9 1.24406E-7 2.77392E-7 8.34131E-8 1.05994E-7 6.70701E-6 5.88732E-5 2.36893E-4 1.34464E-4 4.16846E-3 5.85521E-4 1.40599E-4 1.33972E-5 1.22518E-7 3.05801E-9 5.69455E-9 7.08243E-8 1.64365E-7 1.68471E-8 2.40346E-10 1.14224E-9 1.0645E-10 1.62723E-9 1.59739E-8 1.71217E-9 8.51797E-9 7.15165E-9 1.75468E-9 8.11949E-9 4.36238E-9 2.39211E-9 1.52265E-10 3.98887E-10 4.7959E-10 6.9444E-10 6.32068E-10 8.00501E-10 2.90213E-10 -9999 -9999 -9999 -9999 -9999 -9999 -9999 -9999 -9999 -9999 -9999 -9999 -9999
5.60087E-2 6.84785E-2 4.91926E-2 2.53626E-2 1.07749E-2 2.74216E-3 3.44528E-4 6.16405E-6 2.16144E-9 2.01345E-14 2.45133E-14 3.34975E-11 6.42103E-10 2.80979E-9 2.49631E-9 2.29691E-7 5.5024E-7 4.01965E-7 4.70718E-7 2.11914E-6 1.24276E-5 1.60327E-4 5.90995E-4 7.80061E-4 7.87297E-4 5.02338E-4 2.76434E-4 1.51589E-5 3.31483E-8 1.82756E-8 4.46608E-8 2.11985E-8 8.9189E-9 3.81376E-10 6.17745E-11 1.7169E-11 1.93798E-8 1.87005E-8 4.92581E-10 1.50958E-8 2.31193E-8 1.2716E-8 9.93967E-9 4.25774E-9 3.49556E-9 1.51728E-8 2.89176E-9 8.37707E-9 7.01821E-9 7.27317E-10 8.38076E-10 1.73868E-10 1.05074E-8 -9999 -9999 -9999 -9999 -9999 -9999 -9999 -9999 -9999 -9999 -9999 -9999
7.09375E-2 8.06421E-2 6.84785E-2 4.9417E-2 3.22652E-2 2.00385E-2 6.11898E-3 5.07914E-4 1.12073E-5 9.53474E-8 7.6535E-10 3.149E-11 1.75845E-11 3.02764E-10 8.94258E-10 1.63511E-9 5.87498E-8 1.85038E-7 7.05005E-7 2.59566E-7 1.06808E-6 1.7504E-5 3.58946E-4 8.94474E-4 5.45905E-5 1.51746E-5 4.24426E-6 1.35737E-5 7.09421E-5 3.59574E-6 3.18063E-6 1.44261E-8 6.90465E-9 6.69407E-9 1.01814E-10 3.29215E-11 3.76105E-6 1.54484E-8 3.1253E-10 1.51256E-9 7.72208E-10 6.6294E-10 3.94425E-10 2.27203E-9 2.29875E-9 3.60403E-9 1.50922E-9 2.39211E-9 3.11706E-9 2.39212E-10 2.18364E-10 1.80105E-10 3.31331E-10 7.20007E-10 2.18288E-9 -9999 -9999 -9999 -9999 -9999 -9999 -9999 -9999 -9999 -9999
1.26647E-1 1.28032E-1 1.20592E-1 9.41684E-2 7.92631E-2 7.18672E-2 2.99686E-2 6.47897E-3 1.42801E-3 7.25419E-4 1.08124E-4 2.99142E-6 2.23025E-7 8.30541E-7 5.00773E-6 4.27078E-8 1.60049E-9 2.24452E-9 1.37229E-9 1.00144E-8 8.82486E-8 9.03146E-7 1.58918E-6 5.67067E-5 4.59892E-4 2.11616E-4 5.60074E-4 6.53899E-5 5.42691E-5 9.57376E-6 5.06143E-5 1.19949E-6 5.86253E-8 7.70762E-9 3.74981E-10 4.94097E-7 6.84074E-7 2.00899E-10 2.79963E-11 1.18507E-11 1.31668E-10 3.38398E-10 8.68073E-11 1.54762E-10 5.51091E-9 1.65609E-9 1.00361E-8 1.86536E-10 1.11406E-10 7.58659E-11 4.74435E-9 1.44273E-8 9.02534E-11 3.07717E-10 3.73773E-10 1.20598E-10 -9999 -9999 -9999 -9999 -9999 -9999 -9999 -9999 -9999
2.11949E-1 2.03708E-1 2.21703E-1 2.1144E-1 2.1144E-1 1.54484E-1 7.50147E-2 2.69767E-2 1.12298E-2 6.22649E-3 3.14177E-3 5.1142E-4 2.04272E-5 6.4894E-6 5.71577E-7 5.41454E-9 8.61995E-10 2.2247E-10 2.55953E-11 7.30558E-11 1.98515E-9 9.88413E-8 1.41486E-7 1.4238E-6 1.48943E-5 1.3204E-6 2.97377E-7 3.22643E-6 4.28154E-5 2.10441E-5 8.81271E-6 7.33072E-9 7.58097E-11 1.11279E-11 4.2564E-8 2.11874E-6 8.83289E-9 8.48856E-10 5.96397E-9 3.17666E-11 5.10462E-10 1.50069E-8 6.39009E-9 3.13778E-10 3.06893E-8 5.35216E-10 1.60277E-8 1.17663E-8 7.59987E-9 1.53034E-9 5.17544E-9 4.14677E-8 1.32603E-9 1.34344E-8 3.56315E-9 7.35583E-9 4.38057E-9 -9999 -9999 -9999 -9999 -9999 -9999 -9999 -9999
2.85227E-1 2.56704E-1 2.72085E-1 3.0317E-1 3.28474E-1 2.25365E-1 9.93371E-2 4.60718E-2 2.49774E-2 1.36331E-2 5.54178E-3 5.45147E-4 7.09993E-5 5.48036E-5 5.68022E-6 7.54321E-8 1.56707E-8 1.43706E-8 1.09934E-9 5.3817E-11 2.69066E-12 2.47732E-11 6.57149E-12 5.5545E-9 1.93584E-7 2.99625E-9 1.74394E-9 1.29348E-8 4.09175E-8 2.0102E-6 6.06668E-5 1.07898E-5 4.18566E-5 1.11828E-5 1.43385E-4 3.24001E-6 9.06609E-10 9.4729E-9 4.87133E-8 2.79381E-6 2.23238E-9 2.20549E-7 5.94713E-8 5.65538E-9 2.29013E-8 3.74962E-10 8.16072E-11 5.30372E-10 1.18608E-9 2.49527E-9 2.7367E-10 6.19401E-9 9.33699E-8 1.99844E-8 2.03098E-8 2.72029E-8 1.28978E-8 1.08633E-7 -9999 -9999 -9999 -9999 -9999 -9999 -9999
3.49602E-1 2.83272E-1 2.48457E-1 2.73525E-1 2.89139E-1 1.82982E-1 7.47626E-2 4.9675E-2 3.69846E-2 1.85312E-2 4.27684E-3 2.66069E-4 8.36154E-5 2.01811E-4 1.58991E-4 1.31447E-5 4.03992E-6 2.33289E-6 8.72088E-7 6.94917E-8 6.24954E-9 9.21204E-11 6.29944E-13 1.96454E-11 1.35166E-8 2.58603E-6 9.58746E-7 8.8141E-7 4.47421E-8 7.43989E-7 9.353E-6 5.94399E-7 3.3437E-7 7.73542E-12 1.2233E-16 3.02229E-7 2.67458E-9 1.30705E-5 1.34043E-5 1.09806E-5 4.18108E-8 8.60757E-8 4.3328E-4 2.8513E-8 1.09231E-6 3.87719E-6 2.49258E-10 9.55795E-13 4.29334E-10 5.76553E-9 7.38147E-11 3.89762E-11 7.38717E-9 1.54103E-9 1.63126E-8 3.40645E-8 1.82244E-9 6.0814E-9 1.00475E-7 -9999 -9999 -9999 -9999 -9999 -9999
3.93602E-1 3.07835E-1 2.31634E-1 2.37325E-1 2.41142E-1 1.54132E-1 7.21764E-2 5.891E-2 4.62693E-2 2.33686E-2 7.18023E-3 4.14649E-4 1.51762E-4 2.94844E-4 5.05934E-4 2.39138E-4 1.52942E-4 2.10425E-4 2.81086E-4 3.38029E-5 3.56879E-6 2.45795E-6 3.53814E-6 9.58992E-7 1.98406E-8 2.33718E-7 1.53162E-6 7.98833E-7 7.99307E-8 9.89297E-9 1.81075E-9 3.47762E-11 9.46873E-12 7.07055E-16 5.63152E-22 2.88475E-37 2.5924E-43 4.70223E-40 5.92693E-34 2.32735E-26 3.19352E-8 1.73984E-5 6.57335E-6 4.47753E-5 1.17675E-5 3.07994E-5 6.94068E-9 1.16243E-10 3.17861E-9 1.98055E-9 4.51688E-11 2.4429E-11 6.84263E-11 2.09784E-11 7.64109E-10 3.44622E-10 3.6245E-9 6.43739E-8 3.87471E-11 3.1216E-8 -9999 -9999 -9999 -9999 -9999
4.33924E-1 3.50988E-1 2.78114E-1 2.72208E-1 2.77318E-1 2.38269E-1 1.5834E-1 9.92266E-2 7.13901E-2 3.92796E-2 1.81928E-2 4.89039E-3 1.59182E-3 1.18189E-3 2.24199E-3 1.77918E-3 1.31777E-3 1.70518E-3 2.15035E-3 7.79856E-4 3.28216E-4 6.45575E-4 2.45986E-3 1.9165E-3 1.65098E-4 2.46407E-7 8.35864E-8 1.27117E-7 7.45252E-7 1.80959E-6 2.40855E-7 1.03305E-10 1.57684E-11 4.78137E-17 1.54618E-20 1.52366E-28 1.21393E-31 1.10063E-34 6.55895E-32 2.70409E-30 4.90231E-24 2.00506E-18 1.9661E-13 5.66689E-8 7.14089E-8 8.4114E-6 2.04973E-6 1.58137E-6 2.18489E-7 2.83607E-8 5.39035E-8 1.15801E-8 1.34359E-11 7.02934E-13 3.49683E-13 2.37979E-11 1.71079E-8 1.20696E-7 7.16454E-10 1.65152E-9 2.85063E-10 -9999 -9999 -9999 -9999
4.95259E-1 4.10417E-1 3.49014E-1 3.56465E-1 3.81918E-1 3.44548E-1 2.64512E-1 1.83932E-1 1.15921E-1 7.82775E-2 4.69499E-2 2.37546E-2 1.26595E-2 1.18115E-2 1.40928E-2 6.18694E-3 3.72108E-3 3.48973E-3 4.02999E-3 3.24398E-3 3.25445E-3 5.44638E-3 7.24044E-3 3.68053E-3 3.01639E-4 1.74201E-6 9.01906E-8 6.84438E-8 3.61048E-7 3.62178E-6 7.181E-6 1.52066E-7 6.76941E-9 2.04073E-11 3.69574E-13 5.77573E-17 1.70146E-20 1.82915E-22 4.1709E-23 3.71163E-22 1.2725E-20 2.98563E-19 1.16893E-15 2.253E-14 1.6288E-12 1.0713E-14 8.20592E-19 8.86341E-17 5.57356E-15 1.31038E-6 1.40288E-7 1.99865E-9 7.71782E-10 5.90422E-9 8.87002E-12 4.58238E-11 3.10434E-7 1.99419E-7 1.93427E-8 2.79229E-10 3.31072E-11 -9999 -9999 -9999 -9999
4.97468E-1 4.70511E-1 4.32346E-1 4.23313E-1 4.81352E-1 4.43128E-1 3.69785E-1 2.78291E-1 1.84427E-1 1.30028E-1 9.24373E-2 5.89945E-2 3.37245E-2 2.57673E-2 1.98218E-2 9.3375E-3 5.84148E-3 6.93377E-3 7.45556E-3 7.20019E-3 7.76082E-3 9.001E-3 6.95031E-3 2.87165E-3 4.4021E-4 2.49229E-5 1.1828E-6 1.28267E-7 2.44243E-7 1.9755E-6 8.12334E-6 2.24141E-6 3.00389E-8 3.35499E-11 1.81883E-12 1.16278E-15 6.86715E-17 5.11846E-19 1.95894E-18 5.1685E-17 3.79625E-16 1.02701E-15 2.38292E-16 1.59097E-12 4.22561E-12 3.61118E-14 9.65995E-13 3.90697E-18 2.4214E-22 2.88534E-17 1.88065E-16 3.27582E-7 8.36655E-9 1.8193E-7 4.87663E-10 1.91171E-8 2.01221E-8 1.44201E-17 4.44494E-8 2.90839E-8 8.87015E-9 1.7105E-11 -9999 -9999 -9999
5.12221E-1 5.07883E-1 5.07883E-1 4.88217E-1 4.98981E-1 4.87094E-1 4.3414E-1 3.53215E-1 2.60286E-1 1.95521E-1 1.62733E-1 1.08239E-1 5.73689E-2 2.78923E-2 1.78862E-2 1.00225E-2 4.04338E-3 8.05558E-3 1.07764E-2 1.15803E-2 1.17894E-2 1.11448E-2 6.63448E-3 2.58132E-3 6.18373E-4 1.10539E-4 1.9341E-5 5.1128E-6 3.86241E-6 7.49068E-6 2.82021E-5 1.68403E-5 2.52259E-7 8.42504E-9 6.08976E-11 2.26819E-12 1.11661E-15 3.26477E-18 2.99656E-15 1.83632E-12 1.39194E-12 4.74171E-14 4.2497E-12 1.99964E-15 2.59215E-13 1.98466E-14 3.69778E-9 3.57703E-9 4.65774E-16 5.40408E-15 6.56121E-17 2.53669E-12 3.40568E-10 2.66207E-15 1.11387E-9 8.84031E-15 1.28707E-24 3.23892E-14 4.37968E-8 1.35057E-8 6.41761E-7 4.75292E-10 9.71571E-9 -9999 -9999
5.32405E-1 4.99561E-1 5.08563E-1 4.88681E-1 4.69118E-1 4.64054E-1 4.57206E-1 4.20951E-1 3.48341E-1 2.72264E-1 2.32865E-1 1.74467E-1 1.0454E-1 3.16209E-2 1.97598E-2 1.78862E-2 1.03934E-2 1.48489E-2 2.22674E-2 1.94653E-2 1.78507E-2 1.37642E-2 7.40507E-3 2.89319E-3 9.64181E-4 3.89132E-4 1.60696E-4 7.22808E-5 4.56287E-5 5.62494E-5 8.55492E-5 3.82398E-5 3.71374E-6 1.9359E-6 5.10767E-7 4.28508E-9 6.98443E-11 1.74536E-11 1.35844E-10 1.3762E-9 4.54105E-10 2.27258E-12 1.91302E-14 3.64691E-13 6.13888E-10 6.09204E-10 1.51422E-8 3.45909E-7 5.42164E-7 5.5704E-7 1.78411E-10 2.52968E-13 4.49227E-16 3.9721E-17 2.57837E-16 4.17015E-15 2.65965E-12 1.23383E-15 2.37035E-15 3.66844E-16 2.64871E-13 5.92983E-7 3.08227E-11 -9999 -9999
5.59531E-1 5.03068E-1 4.44818E-1 4.13402E-1 4.26552E-1 4.32099E-1 4.51939E-1 4.50169E-1 4.09049E-1 3.32078E-1 2.62996E-1 2.55024E-1 2.43183E-1 1.14772E-1 4.16846E-2 2.61545E-2 2.70116E-2 5.19529E-2 5.42224E-2 4.04817E-2 2.96847E-2 2.03899E-2 1.03354E-2 4.05928E-3 1.48456E-3 1.39908E-3 1.37607E-3 6.36289E-4 2.76222E-4 2.39138E-4 2.50943E-4 5.2956E-5 5.40163E-6 5.88965E-6 2.13709E-5 2.56514E-6 1.03858E-7 3.24555E-8 4.33362E-8 5.04101E-7 1.79778E-5 3.62887E-7 3.45894E-12 3.28462E-15 8.75082E-15 1.77153E-15 8.16937E-13 3.29352E-7 3.28384E-5 2.41342E-5 9.23437E-6 7.91753E-7 3.62557E-7 1.13228E-9 6.67997E-15 1.54424E-11 2.24332E-4 1.67489E-13 1.357E-12 3.55354E-11 7.36757E-17 2.7021E-14 4.79541E-27 1.42313E-29 -9999
5.26388E-1 5.12069E-1 4.62326E-1 4.07122E-1 4.10971E-1 4.0519E-1 4.18604E-1 4.29882E-1 4.58832E-1 3.61575E-1 2.71022E-1 2.93301E-1 3.15748E-1 2.10153E-1 8.79666E-2 4.16846E-2 4.29488E-2 7.04771E-2 7.83547E-2 8.14692E-2 6.58692E-2 3.74967E-2 1.75051E-2 7.10111E-3 3.12344E-3 6.28719E-3 1.18115E-2 3.79621E-3 1.20798E-3 8.87122E-4 7.75615E-4 1.89447E-4 1.66318E-5 2.44037E-5 1.21246E-4 4.638E-5 6.83838E-6 5.92328E-6 1.32439E-5 2.11622E-5 1.05921E-4 3.20536E-4 2.21665E-5 1.38477E-8 2.67232E-11 2.26682E-12 2.56624E-11 2.82545E-9 5.64553E-7 1.5334E-5 1.45826E-5 7.43086E-5 7.60492E-6 4.23255E-5 2.33395E-8 1.39729E-4 1.60113E-3 4.78117E-7 6.52232E-6 4.37115E-11 2.37941E-16 2.24991E-19 2.6282E-31 7.76641E-35 -9999
4.79347E-1 5.01854E-1 4.89187E-1 4.10971E-1 3.44206E-1 3.42153E-1 3.19497E-1 3.31004E-1 3.91528E-1 3.47362E-1 2.91266E-1 3.09619E-1 3.03494E-1 2.20027E-1 1.3022E-1 1.05801E-1 1.20335E-1 1.04597E-1 9.48551E-2 1.42294E-1 1.4059E-1 6.23495E-2 2.64808E-2 1.3014E-2 7.10111E-3 9.09117E-3 2.15182E-2 7.31673E-3 2.96705E-3 2.67792E-3 3.42008E-3 2.55696E-3 5.11735E-4 2.57546E-4 3.71735E-4 2.32181E-4 5.1007E-5 1.05982E-4 4.37451E-4 5.80771E-4 5.29812E-4 1.71896E-3 5.32765E-4 1.64037E-5 1.21583E-6 5.61202E-7 1.71668E-6 2.272E-6 1.27078E-6 5.03288E-7 1.55306E-6 1.12619E-4 4.21153E-5 8.5667E-5 6.65031E-5 3.48039E-5 5.23399E-4 6.54482E-4 2.9347E-6 5.32107E-10 3.96654E-16 1.78943E-28 1.00887E-36 7.81925E-42 0E0
4.42359E-1 4.67027E-1 4.53234E-1 3.92694E-1 3.32631E-1 3.29808E-1 2.72765E-1 2.66194E-1 3.31868E-1 3.24851E-1 3.14587E-1 3.3004E-1 3.13705E-1 2.49084E-1 1.90532E-1 1.99557E-1 2.31509E-1 1.51812E-1 1.1105E-1 1.89052E-1 1.50069E-1 7.23663E-2 4.04021E-2 2.56907E-2 1.42156E-2 1.01489E-2 1.5288E-2 9.96531E-3 7.13065E-3 8.60021E-3 1.32869E-2 1.60614E-2 4.89674E-3 1.47795E-3 1.62258E-3 1.46665E-3 7.43909E-4 1.19481E-3 2.47683E-3 1.55808E-3 1.28948E-3 2.44515E-3 1.16707E-3 3.18674E-4 2.84607E-4 1.7978E-4 7.90527E-4 9.68595E-4 2.87639E-4 7.20235E-5 1.37668E-5 2.66214E-6 1.32294E-6 1.71972E-7 9.41023E-11 5.02101E-16 8.37593E-14 8.01715E-12 5.71122E-17 2.17674E-23 3.87842E-25 1.8535E-26 1.15245E-31 0E0 0E0
3.87769E-1 3.66649E-1 3.95737E-1 3.57363E-1 3.01558E-1 3.99695E-1 3.77718E-1 3.42964E-1 3.46257E-1 3.66649E-1 3.69639E-1 3.69639E-1 3.71647E-1 3.50365E-1 3.38188E-1 3.35102E-1 3.00225E-1 2.33937E-1 2.0358E-1 1.98076E-1 1.42421E-1 8.35956E-2 7.14042E-2 5.7344E-2 3.064E-2 1.23369E-2 1.55138E-2 2.17985E-2 2.82988E-2 3.01591E-2 2.52211E-2 2.103E-2 9.84625E-3 4.41051E-3 4.01604E-3 3.58031E-3 4.82679E-3 9.96531E-3 1.5591E-2 1.24368E-2 6.18694E-3 5.97044E-3 5.12976E-3 2.89005E-3 1.96951E-4 9.0989E-5 1.12164E-3 4.49886E-3 2.90779E-3 4.08271E-3 2.68075E-3 6.28774E-5 6.74691E-6 5.01281E-7 3.77428E-9 4.71652E-12 1.03527E-14 4.60589E-19 1.60285E-25 1.54018E-27 2.55923E-25 4.37435E-24 3.25198E-24 8.11034E-37 0E0
3.42153E-1 3.0506E-1 3.42153E-1 3.42964E-1 2.87112E-1 3.92701E-1 4.24924E-1 3.87769E-1 3.61457E-1 3.6259E-1 3.60557E-1 3.59552E-1 4.07122E-1 3.91528E-1 3.93493E-1 3.65613E-1 2.94767E-1 2.45695E-1 2.24655E-1 1.92883E-1 1.48643E-1 1.2329E-1 1.21828E-1 1.19064E-1 7.53287E-2 3.52105E-2 2.28543E-2 3.30875E-2 5.34174E-2 4.35471E-2 2.77257E-2 2.08941E-2 1.40549E-2 7.54556E-3 5.65949E-3 7.16758E-3 1.9008E-2 5.57748E-2 4.90446E-2 2.8827E-2 9.31596E-3 1.00225E-2 1.70411E-2 1.14136E-2 4.17484E-4 2.92908E-5 1.44327E-3 1.67704E-2 1.95106E-2 1.51253E-2 2.33519E-2 1.53873E-2 2.50415E-3 6.9195E-5 2.35982E-6 1.80155E-8 4.24465E-11 9.17334E-15 2.6573E-19 2.05056E-22 1.16828E-22 3.6504E-22 1.33482E-23 8.76803E-30 2.1908E-38
2.90402E-1 2.5304E-1 2.55619E-1 2.42203E-1 2.54538E-1 3.30561E-1 4.06601E-1 3.69613E-1 3.00939E-1 2.82466E-1 2.88608E-1 2.86559E-1 3.31868E-1 3.26903E-1 2.9066E-1 2.17005E-1 1.82313E-1 1.92883E-1 2.13218E-1 1.96515E-1 1.68369E-1 1.63197E-1 1.58262E-1 1.37745E-1 1.07135E-1 6.95089E-2 2.68449E-2 1.86272E-2 4.28375E-2 3.913E-2 1.73282E-2 1.97839E-2 1.9123E-2 7.22212E-3 5.84655E-3 1.82439E-2 6.2238E-2 9.2522E-2 4.97062E-2 2.6968E-2 9.96531E-3 1.30537E-2 2.33686E-2 4.36134E-2 5.49341E-2 7.47578E-3 5.40801E-3 1.31375E-2 2.12052E-2 1.82502E-2 3.42278E-2 3.07096E-2 1.1223E-2 1.24582E-3 1.14231E-4 5.78523E-6 2.30343E-7 7.55194E-10 8.57763E-14 8.62696E-18 9.36998E-20 4.06752E-20 1.98299E-21 1.00799E-24 6.53964E-29
2.34448E-1 1.74089E-1 1.23224E-1 9.9645E-2 1.45593E-1 2.50838E-1 3.1456E-1 2.75214E-1 2.15364E-1 2.00376E-1 2.36645E-1 2.85055E-1 2.97423E-1 2.58563E-1 1.87649E-1 8.44708E-2 7.1143E-2 1.50353E-1 2.11575E-1 2.07814E-1 1.85714E-1 1.98342E-1 1.78482E-1 1.37857E-1 1.05878E-1 7.73225E-2 4.28375E-2 3.29354E-2 6.13787E-2 5.01902E-2 1.25707E-2 2.11653E-2 1.90362E-2 2.54185E-3 4.32148E-3 3.70754E-2 2.09457E-1 2.1856E-1 5.80332E-2 3.10036E-2 2.96294E-2 3.8022E-2 4.49034E-2 8.4634E-2 1.52392E-1 4.10939E-2 1.58279E-2 1.11126E-2 1.75841E-2 6.58076E-2 6.84374E-2 3.42506E-2 1.22397E-2 3.66003E-3 1.01857E-3 1.74263E-4 1.86406E-5 6.00409E-7 7.68825E-10 2.90804E-13 4.80642E-16 9.77152E-17 1.29972E-17 1.63882E-19 2.09824E-21
2.16681E-1 1.85496E-1 8.78891E-2 5.06549E-2 1.36238E-1 2.08039E-1 2.02356E-1 1.78854E-1 1.56806E-1 1.75317E-1 2.85055E-1 4.01666E-1 3.78589E-1 2.77268E-1 2.40858E-1 1.40919E-1 1.01874E-1 1.8238E-1 2.15364E-1 1.89443E-1 1.94875E-1 2.07814E-1 1.87494E-1 1.27554E-1 9.25061E-2 9.13522E-2 9.02086E-2 8.57361E-2 1.09723E-1 9.71787E-2 4.46096E-2 3.37708E-2 1.41658E-2 3.16465E-3 7.26446E-3 4.17541E-2 2.4455E-1 2.48531E-1 7.1143E-2 4.80353E-2 5.31826E-2 6.13787E-2 5.97599E-2 7.3338E-2 8.04211E-2 6.32156E-2 4.55275E-2 2.06807E-2 2.56907E-2 6.76889E-2 1.17263E-1 6.2353E-2 1.97953E-2 6.78438E-3 3.6473E-3 1.03605E-3 1.02477E-4 6.1683E-6 2.00142E-7 2.38947E-9 2.81234E-11 1.72644E-12 1.95232E-13 2.22791E-14 3.71947E-15
2.96479E-1 2.32723E-1 1.53546E-1 1.36238E-1 2.17557E-1 2.23348E-1 1.39281E-1 1.5033E-1 1.48737E-1 1.8594E-1 3.24346E-1 4.84149E-1 5.14491E-1 4.85135E-1 4.56167E-1 4.41267E-1 2.88207E-1 2.51061E-1 2.69364E-1 2.15541E-1 2.19369E-1 2.24948E-1 1.78674E-1 1.24721E-1 9.60292E-2 1.00871E-1 1.21889E-1 1.30483E-1 1.29027E-1 1.00753E-1 8.8916E-2 6.18697E-2 2.43721E-2 1.2209E-2 1.69867E-2 5.99835E-2 1.66745E-1 1.73604E-1 8.87804E-2 8.00461E-2 8.99186E-2 9.47046E-2 9.95225E-2 7.41841E-2 9.24514E-2 1.05878E-1 1.08443E-1 6.2238E-2 1.36245E-2 2.47462E-2 1.24631E-1 7.04796E-2 2.4868E-2 9.96531E-3 4.41494E-3 1.25524E-3 2.03861E-4 3.59349E-5 1.31011E-5 1.9937E-6 8.37062E-8 5.21674E-9 6.58764E-10 1.64866E-10 1.02907E-10
3.31002E-1 2.93294E-1 2.31004E-1 1.91341E-1 2.27239E-1 2.53221E-1 2.29194E-1 2.36645E-1 1.89443E-1 1.94875E-1 2.80949E-1 4.5098E-1 5.59048E-1 5.53016E-1 4.55216E-1 3.92226E-1 3.15415E-1 3.13316E-1 3.87477E-1 3.23401E-1 2.85506E-1 2.79323E-1 2.0408E-1 1.29027E-1 1.07131E-1 1.15037E-1 1.47158E-1 1.61675E-1 1.55179E-1 1.01994E-1 7.1961E-2 6.27393E-2 3.8538E-2 3.29759E-2 3.83695E-2 9.53906E-2 1.82308E-1 1.94979E-1 1.30101E-1 1.17275E-1 1.34732E-1 1.80607E-1 1.78843E-1 1.08246E-1 1.60092E-1 2.58904E-1 1.98535E-1 1.08356E-1 3.23245E-2 3.32447E-2 7.41841E-2 5.88559E-2 2.80947E-2 1.00286E-2 3.88016E-3 1.47592E-3 6.53704E-4 4.47768E-4 2.99907E-4 1.21246E-4 8.83789E-6 7.15988E-7 1.14761E-7 3.71734E-8 3.24494E-9
