KUENM/Final_Models/M_0.1_F_lq_Set_2_NE/sp1_8.asc
ncols         197
nrows         210
xllcorner     56.1666666666667
yllcorner     4.5
cellsize      0.166666666666667
NODATA_value  -9999
[rows 0 to 27 of 210, columns 65 to 129 of 197]
-9999 -9999 -9999 -9999 -9999 -9999 -9999 -9999 -9999 -9999 -9999 -9999 -9999 -9999 -9999 -9999 -9999 -9999 -9999 -9999 -9999 -9999 -9999 -9999 -9999 -9999 -9999 -9999 -9999 2.90273E-10 4.0126E-12 6.58097E-11 1.55676E-12 1.58126E-13 3.8863E-15 4.13433E-17 1.91214E-17 1.06948E-14 2.88801E-16 1.69024E-17 -9999 -9999 -9999 -9999 -9999 -9999 -9999 -9999 -9999 -9999 -9999 -9999 -9999 -9999 -9999 -9999 -9999 -9999 -9999 -9999 -9999 -9999 -9999 -9999 -9999
-9999 -9999 -9999 -9999 -9999 -9999 -9999 -9999 -9999 -9999 -9999 -9999 -9999 -9999 -9999 -9999 -9999 -9999 -9999 -9999 -9999 -9999 -9999 1.50689E-8 1.48151E-9 2.72208E-7 1.49347E-7 1.89635E-8 1.50836E-13 8.03012E-16 3.80857E-14 4.92252E-13 5.25184E-14 4.61962E-15 1.74906E-17 4.46583E-19 2.89869E-18 4.21339E-15 7.27248E-15 7.66235E-17 3.46174E-16 6.78415E-14 5.58331E-14 4.89468E-16 3.45145E-16 1.51291E-15 -9999 -9999 -9999 -9999 -9999 -9999 -9999 -9999 -9999 -9999 -9999 -9999 -9999 -9999 -9999 -9999 -9999 -9999 -9999
-9999 -9999 -9999 -9999 -9999 -9999 -9999 -9999 -9999 -9999 -9999 -9999 -9999 -9999 -9999 -9999 -9999 -9999 -9999 1.95346E-6 5.01648E-7 1.05899E-6 1.4504E-6 1.95426E-7 8.28108E-9 4.12371E-10 4.79577E-13 6.98263E-12 4.15484E-12 2.34735E-14 2.53191E-17 1.55349E-13 1.80506E-14 2.46203E-15 9.05978E-18 7.47189E-18 3.21708E-16 1.9484E-15 3.24967E-13 5.49497E-14 7.33814E-18 6.28477E-16 3.58602E-16 4.80061E-14 2.8461E-12 3.62095E-14 6.74911E-18 6.40554E-15 8.90251E-12 3.5994E-9 -9999 -9999 -9999 -9999 -9999 -9999 -9999 -9999 -9999 -9999 -9999 -9999 -9999 -9999 -9999
-9999 -9999 -9999 -9999 -9999 -9999 -9999 -9999 -9999 -9999 -9999 -9999 -9999 -9999 -9999 -9999 4.1944E-9 7.40348E-7 4.69666E-5 2.00974E-7 3.65791E-8 5.33133E-11 3.29938E-10 5.92901E-9 6.50198E-10 3.35895E-13 2.29347E-12 7.19089E-12 1.70512E-16 1.01478E-17 2.12174E-19 4.42453E-15 1.17238E-17 1.524E-17 9.2204E-16 3.34104E-17 2.15913E-16 4.21394E-14 1.16052E-13 2.41432E-15 3.72756E-17 7.58777E-17 5.62219E-15 2.88508E-14 5.73094E-14 2.92139E-13 1.25546E-14 1.03936E-15 1.38743E-16 1.58636E-11 7.35041E-9 7.37133E-8 8.7567E-7 -9999 -9999 -9999 -9999 -9999 -9999 -9999 -9999 -9999 -9999 -9999 -9999
-9999 -9999 -9999 -9999 -9999 -9999 -9999 -9999 -9999 -9999 -9999 -9999 -9999 -9999 8.74768E-7 2.24112E-7 1.55426E-5 2.07199E-6 4.75537E-8 8.42218E-7 1.32944E-7 1.0367E-7 6.22336E-8 2.78258E-10 4.86229E-12 6.62649E-10 1.28802E-13 3.5645E-13 7.00879E-14 2.47928E-14 4.89579E-14 5.34811E-17 7.11614E-18 6.77615E-16 5.50489E-16 5.7787E-16 7.47021E-15 3.80274E-14 9.224E-15 1.08846E-15 1.46283E-16 9.51124E-16 6.29074E-16 1.45349E-15 2.16926E-16 6.34394E-16 4.50603E-15 3.76853E-12 2.1132E-15 1.9036E-12 1.40748E-11 4.84832E-10 2.43464E-9 6.24855E-8 6.01343E-6 -9999 -9999 -9999 -9999 -9999 -9999 -9999 -9999 -9999 -9999
-9999 -9999 -9999 -9999 -9999 -9999 -9999 -9999 -9999 -9999 -9999 -9999 1.61105E-3 1.4455E-4 9.29048E-6 1.44548E-6 4.33614E-6 1.38559E-5 7.25798E-7 1.54224E-7 1.71937E-8 6.35856E-10 1.19184E-9 8.77368E-10 3.26688E-11 1.97654E-13 9.02787E-15 2.00555E-14 4.01749E-10 5.10244E-11 7.88826E-14 6.71522E-18 0E0 2.98734E-16 2.47702E-13 3.34199E-14 7.25325E-13 5.35978E-16 2.7039E-17 4.08038E-16 1.272E-15 1.90708E-15 6.72874E-15 9.21435E-15 1.12894E-14 9.26667E-16 8.32642E-16 5.30414E-14 9.406E-16 1.10603E-19 6.23023E-16 1.99048E-13 7.12276E-14 4.43523E-12 5.0453E-8 1.68275E-6 8.16934E-6 -9999 -9999 -9999 -9999 -9999 -9999 -9999 -9999
-9999 -9999 -9999 -9999 -9999 -9999 -9999 -9999 -9999 -9999 3.1596E-3 1.23911E-3 1.11886E-3 1.13912E-3 2.62063E-4 1.02379E-4 1.80014E-4 4.51587E-5 1.30424E-5 4.73803E-7 2.56443E-9 1.93862E-9 3.40498E-7 5.79469E-7 1.44383E-7 9.93159E-11 9.43021E-11 1.16983E-9 1.03283E-11 4.64133E-12 4.75222E-13 4.57003E-16 3.61286E-14 6.01748E-13 1.36488E-13 1.55144E-14 2.04662E-14 9.51719E-17 9.61926E-18 6.24879E-17 1.19649E-16 7.20144E-15 1.3332E-13 5.41064E-14 7.77701E-14 1.69391E-14 8.90083E-16 1.92389E-15 1.63899E-13 1.41373E-16 1.86838E-16 2.80503E-14 1.84325E-12 2.50923E-11 9.93342E-12 6.99518E-9 1.03563E-7 2.34368E-6 1.06695E-5 -9999 -9999 -9999 -9999 -9999 -9999
-9999 -9999 -9999 -9999 -9999 -9999 -9999 -9999 2.00101E-3 6.98267E-4 2.07513E-3 9.18379E-3 3.46635E-3 5.7452E-4 7.73474E-4 1.55611E-3 7.02022E-4 2.95575E-4 3.64081E-5 2.38982E-7 1.89193E-9 8.6592E-7 5.45483E-11 2.89024E-9 9.63145E-13 6.7239E-9 6.77746E-8 6.88805E-11 1.21326E-12 5.25205E-13 8.74392E-14 6.56093E-11 8.32385E-12 1.65958E-12 7.58774E-14 9.00307E-14 1.59284E-14 1.04031E-14 3.90475E-14 3.11584E-15 1.67836E-15 1.73661E-14 5.20931E-13 1.26048E-13 8.75762E-15 1.26411E-15 4.2805E-15 6.70108E-14 1.41389E-19 9.58447E-18 1.27188E-17 4.61009E-15 1.31064E-13 3.71284E-12 1.90613E-12 7.08172E-11 8.84229E-10 2.8229E-7 2.81197E-6 1.12914E-5 1.84256E-5 -9999 -9999 -9999 -9999
-9999 -9999 -9999 -9999 -9999 -9999 -9999 1.28573E-3 2.36141E-3 1.55003E-3 1.08054E-2 8.14969E-3 2.67989E-3 6.29958E-3 5.09513E-3 3.73431E-3 2.26403E-3 1.31432E-3 1.58532E-5 3.50888E-6 1.69958E-6 3.51785E-9 8.37692E-13 1.71499E-12 1.62039E-13 2.81693E-9 1.02792E-10 8.69954E-12 7.89191E-12 3.61929E-10 9.8536E-11 2.93899E-12 6.84941E-15 2.70912E-15 1.02394E-15 3.98385E-15 1.79446E-16 6.29313E-16 9.7231E-16 2.72005E-14 1.06202E-13 6.68491E-13 9.57285E-14 7.15711E-13 6.81299E-13 3.41395E-13 3.44443E-15 4.45151E-15 1.14614E-12 7.11459E-15 2.63606E-16 2.3864E-14 5.74436E-12 7.89641E-11 1.69289E-9 1.53598E-8 1.94008E-9 1.19678E-7 5.35417E-7 9.29839E-6 1.48491E-5 1.79372E-5 -9999 -9999 -9999
-9999 -9999 -9999 -9999 -9999 -9999 5.50973E-4 4.08695E-3 4.30563E-4 4.56295E-3 1.12386E-2 7.47305E-3 5.06502E-3 7.77193E-3 3.68246E-3 9.73989E-3 1.03788E-2 6.13519E-4 1.67306E-5 1.02051E-4 2.12764E-9 8.30255E-9 4.11114E-10 1.21361E-12 4.44557E-10 9.38024E-8 3.83416E-9 1.85188E-8 9.78811E-11 1.63986E-11 1.87346E-14 1.32164E-15 2.40619E-16 1.52505E-15 5.30648E-15 2.12116E-14 2.48845E-16 5.91382E-16 2.15021E-15 1.1402E-14 6.28963E-15 2.38711E-14 4.34063E-14 5.06139E-14 2.45008E-14 2.40896E-13 3.30143E-14 4.33387E-16 2.08536E-12 1.2549E-11 1.77154E-13 3.39662E-15 3.69125E-11 3.26014E-12 6.25591E-10 1.31131E-7 5.73876E-8 1.55312E-6 3.91388E-6 7.33845E-6 1.09915E-5 1.79372E-5 1.818E-5 -9999 -9999
-9999 -9999 -9999 -9999 4.88478E-3 2.4438E-3 1.5605E-3 3.27568E-3 2.16579E-3 6.12907E-3 9.6409E-3 9.57936E-3 7.12577E-3 8.94274E-3 9.03595E-3 1.38678E-2 4.94604E-3 1.98088E-4 3.88931E-6 2.13924E-4 1.37335E-7 9.00399E-10 6.09761E-11 5.2598E-10 8.84549E-9 3.12077E-12 8.63959E-13 6.24775E-9 1.81494E-13 7.18592E-12 3.03376E-12 3.29926E-12 2.43009E-12 5.63553E-13 7.91562E-14 1.76266E-12 7.49845E-13 1.12913E-12 8.06233E-14 5.26367E-14 1.39518E-13 2.38711E-14 8.54721E-15 1.67459E-14 2.72118E-14 5.63587E-14 8.46117E-14 1.37224E-16 1.60182E-15 5.3944E-11 5.38245E-12 4.59643E-12 1.53975E-12 1.0723E-11 4.13647E-12 2.96974E-11 3.90389E-9 2.88065E-7 7.07707E-7 1.68111E-6 2.10445E-6 6.0178E-6 9.17421E-6 1.11406E-5 1.36827E-5
-9999 -9999 -9999 4.22476E-3 4.29414E-3 3.16538E-3 4.79393E-3 3.93727E-3 6.77744E-3 8.80332E-3 9.30588E-3 1.01461E-2 4.28726E-3 5.50379E-3 1.44669E-2 1.64221E-2 8.76801E-3 3.8832E-3 5.2411E-4 2.94992E-4 9.83028E-6 2.61303E-7 8.19262E-10 1.46339E-8 1.20775E-9 2.21378E-12 1.28325E-10 1.15167E-9 9.09798E-10 3.09058E-13 4.20583E-15 2.12723E-15 3.63227E-14 2.9592E-13 2.88316E-15 1.92101E-13 1.92419E-13 1.62388E-14 6.07582E-16 1.08744E-15 4.354E-15 2.13925E-15 1.03507E-14 2.30754E-14 2.7539E-14 5.46429E-15 4.34492E-14 1.9484E-15 1.21688E-16 7.55339E-14 1.32653E-12 5.70218E-13 2.86853E-14 1.67396E-14 8.39923E-13 1.34996E-12 5.06477E-11 5.72406E-9 6.92822E-8 5.43579E-8 1.53222E-6 3.14633E-6 3.534E-6 2.91598E-6 2.95568E-6
-9999 -9999 4.54343E-3 4.30272E-3 4.83199E-3 2.90394E-3 5.73619E-3 4.45649E-3 6.96434E-3 9.87072E-3 9.15359E-3 8.75715E-3 5.64919E-3 3.57475E-3 1.64767E-2 1.61941E-2 4.50425E-3 1.07873E-4 6.24957E-5 4.22315E-6 1.87758E-7 1.4877E-7 2.25502E-8 2.26993E-8 1.62933E-9 2.43354E-11 2.13161E-9 9.43696E-9 1.39185E-11 2.68071E-14 9.12255E-14 2.75095E-12 1.25215E-11 1.78858E-13 9.83913E-15 1.17061E-14 6.75146E-14 4.4054E-13 1.59793E-13 5.62547E-14 3.65763E-14 1.29548E-14 3.87488E-15 6.82605E-16 6.37023E-15 1.29279E-14 8.35599E-14 6.21383E-15 1.42014E-16 4.70969E-16 6.72311E-13 7.35345E-16 6.47199E-14 2.78533E-13 2.29487E-13 6.03843E-11 5.81496E-13 1.12489E-9 1.77761E-8 2.53373E-7 9.92995E-8 4.47295E-7 9.96241E-7 1.25367E-6 1.2368E-6
-9999 4.47583E-3 4.58277E-3 5.73658E-3 5.63973E-3 3.92419E-3 6.89454E-3 5.56168E-3 9.86562E-3 1.05679E-2 1.21547E-2 1.43173E-2 1.52424E-2 7.92553E-3 1.42529E-2 8.84799E-3 2.04843E-3 4.32962E-5 7.94108E-5 1.43144E-4 2.69345E-4 2.13107E-5 1.90813E-7 8.07907E-8 3.46196E-9 4.71816E-12 6.28227E-10 8.27123E-11 7.10312E-11 3.11055E-11 7.08568E-11 9.82966E-12 2.42205E-13 1.33031E-14 1.29398E-13 9.22874E-13 1.10785E-13 1.86951E-15 8.40194E-17 6.59801E-16 5.97173E-16 2.3159E-16 2.95049E-15 1.79322E-14 8.32335E-16 2.66602E-17 3.94809E-17 1.92747E-17 6.59402E-17 2.83274E-15 2.12588E-12 4.87902E-16 5.91852E-15 2.69164E-11 2.28319E-10 3.34721E-12 4.128E-14 6.96625E-12 1.56588E-8 1.80195E-8 3.37061E-8 3.81431E-8 4.25588E-8 7.92253E-8 6.13842E-8
4.96014E-3 4.83552E-3 5.24312E-3 5.51921E-3 6.30684E-3 4.5657E-3 7.27045E-3 7.36257E-3 8.88196E-3 1.04903E-2 1.09889E-2 8.83194E-3 1.27763E-2 1.49806E-2 1.38206E-2 7.89459E-3 8.47541E-4 1.09121E-4 9.29866E-4 4.37109E-4 8.62758E-5 1.99797E-4 2.70847E-5 1.13128E-6 2.6983E-8 5.82433E-9 1.34789E-9 3.18109E-12 2.90692E-14 1.09353E-12 1.42579E-14 5.74242E-15 5.11423E-14 1.15019E-12 1.06182E-11 5.95546E-15 2.29389E-16 1.87519E-16 8.703E-15 3.46297E-14 1.18342E-14 4.80475E-14 1.01554E-14 1.50385E-16 1.58902E-17 2.66602E-17 2.05784E-16 1.56299E-15 4.20666E-16 4.26458E-17 2.94351E-14 1.49909E-15 1.32191E-16 1.93938E-12 4.29465E-14 9.86223E-14 5.73788E-13 1.50987E-11 3.32582E-9 5.46541E-10 3.19152E-10 4.07606E-11 1.23883E-9 2.65654E-10 9.40776E-10
5.63414E-3 5.38253E-3 5.83128E-3 5.90161E-3 6.18969E-3 6.64297E-3 7.38855E-3 7.6978E-3 8.35491E-3 9.94351E-3 1.10629E-2 9.33648E-3 1.08939E-2 8.06093E-3 6.11248E-3 3.21885E-3 3.80107E-3 1.21948E-3 3.06953E-3 2.92927E-4 3.13444E-5 1.52318E-7 1.97083E-6 2.15448E-5 2.77992E-7 3.1051E-12 1.33989E-11 4.90645E-11 9.73367E-16 8.68848E-15 1.35447E-11 5.88354E-10 5.77148E-12 5.59589E-14 1.90429E-13 3.02736E-13 3.99743E-13 2.72033E-14 1.91022E-11 3.7758E-14 5.47549E-15 8.47904E-15 1.17947E-16 9.50978E-17 1.88565E-16 2.21833E-16 7.78428E-16 1.09322E-16 9.20408E-16 3.68863E-17 2.88707E-18 6.10694E-16 5.40561E-17 4.30412E-12 3.65974E-14 1.1112E-15 1.04553E-14 8.41593E-15 3.71651E-12 2.59514E-11 2.26073E-11 1.45436E-13 7.60724E-12 7.34718E-13 2.34251E-13
5.71659E-3 5.67574E-3 4.01806E-3 4.75412E-3 5.38706E-3 6.70306E-3 6.28235E-3 7.63499E-3 5.44079E-3 5.38343E-3 1.16125E-2 1.35617E-2 9.32568E-3 4.78826E-3 7.49134E-3 4.61568E-3 8.47917E-4 1.07617E-4 3.52847E-4 1.39544E-5 8.62806E-7 1.29927E-9 1.15838E-8 4.28357E-6 7.93847E-8 3.67716E-13 6.18574E-12 4.16934E-8 2.39525E-12 8.19626E-10 1.30949E-12 3.05005E-16 3.89908E-16 2.02041E-12 2.01514E-13 3.11715E-12 8.41466E-14 1.73172E-14 1.22836E-13 7.94822E-15 6.29106E-16 3.03138E-15 2.12038E-14 3.69811E-15 6.14646E-15 1.48333E-14 6.88809E-12 1.43341E-13 5.87084E-16 5.77666E-17 4.31337E-18 1.55567E-18 1.68174E-16 9.61775E-17 1.99118E-12 6.1981E-18 6.82518E-18 4.12363E-16 5.98197E-16 9.91636E-15 4.46894E-14 1.32043E-14 1.8756E-14 1.13706E-14 1.58266E-17
1.66275E-3 2.40806E-4 7.7624E-5 2.63768E-4 1.04875E-3 1.09645E-3 2.17673E-3 3.24266E-3 4.65743E-3 3.76786E-3 4.45919E-3 1.0656E-2 6.39495E-3 1.47991E-3 2.67017E-3 7.04259E-4 2.56763E-4 1.07099E-4 2.61576E-8 1.30404E-5 1.43723E-8 4.00337E-12 6.30644E-8 1.17171E-6 4.01528E-10 1.08854E-10 5.68087E-9 9.72766E-13 1.94699E-12 1.41956E-15 2.26842E-17 3.70579E-14 9.37811E-10 3.69925E-11 4.92841E-12 1.59326E-11 5.75068E-13 4.19005E-12 6.56531E-11 1.55379E-13 3.88379E-11 7.49328E-12 9.79856E-12 8.7214E-16 3.2404E-17 4.65354E-15 3.03395E-12 7.22357E-12 1.63468E-15 4.21276E-17 1.77183E-17 9.08198E-19 2.54483E-19 2.07442E-14 4.70895E-13 3.42302E-13 4.35146E-14 5.50328E-19 1.1416E-17 1.68951E-17 5.13263E-17 6.31583E-18 7.28952E-19 1.06688E-18 5.17939E-18
2.15708E-4 1.0628E-6 2.68716E-6 1.16167E-4 6.02781E-4 1.16698E-3 4.74996E-4 5.7945E-4 2.04674E-3 3.33054E-3 4.10918E-3 4.16053E-3 1.59411E-3 1.36454E-3 5.83784E-4 2.62046E-5 9.90348E-9 2.56941E-6 3.21938E-10 1.40044E-10 4.07053E-13 1.1897E-14 7.62254E-8 2.10493E-11 1.13063E-13 1.04085E-11 3.1991E-12 2.07785E-14 6.40327E-17 1.82357E-16 6.056E-12 4.27986E-10 8.25169E-8 1.84478E-9 1.87639E-11 2.98475E-14 5.53559E-13 3.59076E-10 3.1855E-9 6.67681E-13 5.74359E-11 1.22855E-9 1.07104E-14 2.23164E-11 3.86332E-14 4.67858E-15 2.42295E-14 4.66392E-11 8.51242E-16 5.93796E-15 1.10916E-13 6.67499E-17 2.46729E-17 2.13752E-16 5.9953E-15 2.42673E-17 1.81194E-16 2.59395E-15 2.05888E-14 2.79966E-16 1.71081E-15 3.24566E-16 2.25994E-16 2.33018E-18 7.33714E-17
3.64961E-4 6.99271E-5 2.59937E-5 4.09094E-5 2.45497E-4 4.65956E-4 2.9897E-4 3.22403E-4 7.22109E-4 2.30873E-3 4.96736E-3 2.96171E-3 1.37951E-3 5.2766E-4 2.63833E-8 1.08453E-6 3.80006E-13 1.17616E-7 7.72621E-9 3.69469E-13 3.12147E-17 2.90304E-13 1.93074E-10 6.23537E-16 1.74843E-14 4.35811E-14 1.00625E-14 4.97781E-12 4.90804E-13 4.24909E-14 2.34594E-8 1.03191E-6 9.68074E-9 2.80568E-10 3.0817E-12 8.41139E-12 3.2414E-12 1.93534E-10 5.61789E-9 5.2635E-9 5.86636E-7 1.12979E-11 1.22568E-12 5.70443E-9 3.86576E-9 3.91177E-9 2.12428E-9 7.77604E-13 2.52857E-17 6.27857E-20 4.28122E-17 4.93498E-17 4.58964E-17 6.04928E-18 2.4537E-19 8.30268E-16 1.60209E-18 1.01172E-16 2.4448E-16 7.73198E-17 5.17939E-18 1.9308E-18 5.04618E-18 2.25994E-16 1.0978E-17
2.89774E-4 1.13729E-4 1.67522E-5 1.28851E-5 1.00197E-5 4.1836E-6 5.49676E-5 6.48077E-5 9.27672E-5 3.30173E-3 3.07105E-3 1.87058E-3 2.12533E-3 8.2898E-5 6.68424E-7 5.1042E-5 1.50028E-8 1.14662E-12 5.8589E-12 2.5939E-11 1.42071E-15 1.2431E-13 1.93114E-10 1.84506E-12 1.06426E-14 5.64467E-14 4.26487E-12 9.25795E-10 4.80277E-8 1.39882E-8 9.32226E-7 2.16664E-13 5.97142E-11 5.85112E-12 1.05326E-11 9.35925E-12 4.00022E-11 1.14536E-11 8.27071E-12 7.07363E-13 2.26136E-10 6.27831E-8 1.07802E-7 2.29274E-6 3.54979E-12 9.70943E-13 1.42991E-15 3.27253E-16 4.26835E-15 2.01371E-15 2.82997E-17 1.99843E-18 1.64804E-19 1.34911E-18 1.49962E-18 2.55309E-18 4.13174E-15 1.46107E-16 1.50419E-18 6.65166E-18 6.73157E-20 1.95599E-18 3.47769E-18 8.88136E-17 1.29927E-16
1.42704E-5 4.65196E-5 2.14253E-5 4.44033E-7 3.21361E-8 2.21094E-6 2.37884E-5 1.70535E-6 8.05862E-5 3.74915E-3 2.73217E-3 9.77925E-4 1.4757E-4 1.5026E-5 1.0606E-8 3.34451E-6 3.37996E-10 5.08633E-15 1.78445E-14 2.46186E-16 1.81189E-13 9.82894E-12 2.8003E-14 5.56164E-12 1.49245E-16 1.1509E-11 1.51188E-11 5.12702E-10 8.73369E-6 1.00526E-6 5.24527E-10 6.91872E-14 3.7816E-13 5.342E-14 1.56487E-13 2.54522E-13 1.3797E-13 2.68348E-12 2.64283E-11 1.64056E-11 6.27723E-12 3.27029E-12 5.79531E-11 2.56179E-6 1.90938E-5 5.38191E-9 4.81174E-9 1.24582E-15 8.38469E-15 6.87247E-13 4.06453E-13 1.16983E-15 1.62194E-16 3.61706E-16 2.85212E-18 4.45278E-19 6.91052E-20 5.26269E-20 8.25083E-17 3.15702E-18 4.64566E-20 6.73157E-20 7.89996E-18 9.11766E-17 5.11242E-18
8.35982E-7 7.67498E-7 5.14143E-7 1.04647E-7 8.03316E-7 4.1338E-6 9.14522E-8 3.00295E-9 2.65495E-5 6.74766E-4 1.66367E-3 2.81801E-4 3.51509E-5 7.50667E-6 3.21207E-7 2.79097E-12 9.47357E-15 3.90844E-15 5.40103E-14 4.88254E-15 3.20063E-16 6.68596E-16 2.34523E-13 1.08599E-15 5.69443E-14 3.87132E-11 4.81866E-10 8.02646E-10 2.17104E-4 8.90065E-9 4.8331E-10 2.75434E-13 4.1477E-12 2.29017E-11 9.99442E-12 7.93707E-11 2.04745E-11 1.71795E-10 4.60388E-8 1.42557E-8 1.50507E-9 1.7157E-8 1.31032E-11 6.82864E-12 5.0007E-10 8.18725E-5 3.81544E-7 5.2067E-12 2.08855E-12 5.16512E-14 2.606E-11 5.83928E-12 6.24003E-14 3.55196E-13 9.68719E-17 2.06821E-15 4.45634E-17 2.36531E-19 1.93634E-18 3.19765E-18 5.43404E-19 4.58745E-20 0E0 5.09877E-19 9.37665E-18
7.20618E-10 1.84694E-8 1.38358E-9 1.52363E-8 8.03103E-8 1.21388E-7 8.5122E-10 6.46719E-8 9.7797E-5 5.19202E-4 9.14088E-4 3.96355E-4 4.36384E-5 9.46934E-6 1.13421E-7 5.79981E-11 5.44761E-13 4.55513E-10 1.92232E-13 8.56172E-15 4.52484E-13 3.68127E-15 1.08236E-15 2.09036E-14 3.10822E-13 8.82481E-9 1.16023E-9 1.74751E-8 5.7562E-4 7.01575E-7 6.74567E-10 5.23167E-9 4.87338E-9 2.4428E-8 8.64985E-10 7.28296E-8 9.64307E-10 1.91519E-8 3.93196E-5 4.92901E-4 2.98102E-4 1.93185E-4 1.72985E-6 1.25389E-9 9.07414E-12 1.16422E-5 1.13207E-9 3.35023E-11 1.8469E-9 2.00541E-9 3.21311E-11 2.01119E-9 4.99848E-14 2.33364E-15 5.02216E-15 1.66715E-17 7.83302E-16 2.33644E-19 6.66106E-20 3.00648E-19 5.00813E-20 7.2612E-20 3.00342E-20 1.1379E-18 2.45408E-18
1.08676E-9 1.95999E-10 1.8796E-9 4.06774E-9 2.45441E-7 8.1158E-8 4.84599E-7 1.27889E-4 1.01535E-5 7.76391E-8 7.28349E-10 3.88495E-10 2.75304E-11 1.15382E-13 1.89943E-14 1.74875E-11 9.16795E-10 5.37694E-14 1.42061E-12 2.85545E-11 9.45272E-13 8.15678E-14 1.32769E-12 4.96279E-11 2.178E-12 3.37012E-8 4.85284E-5 2.95811E-4 1.02259E-4 8.26483E-8 2.89614E-5 3.30996E-6 5.78432E-9 3.2903E-7 4.92993E-11 3.00474E-6 3.37415E-5 1.57824E-3 1.56752E-7 7.61932E-8 9.3116E-6 4.19495E-4 1.47768E-3 3.01921E-4 3.1403E-5 1.40802E-8 2.44124E-10 9.19174E-11 4.6941E-14 1.51902E-14 2.64149E-9 1.06716E-8 4.13069E-8 1.33783E-14 1.95789E-14 9.20408E-16 6.30039E-14 1.87031E-15 2.45507E-16 4.6551E-19 2.69635E-17 0E0 0E0 1.68367E-18 1.68367E-18
6.53804E-10 3.1214E-10 3.83697E-10 3.33176E-7 4.29869E-7 1.14646E-5 4.79154E-6 5.17922E-7 3.15821E-11 1.30097E-12 6.05243E-15 2.73248E-13 8.65418E-11 5.15593E-7 1.03029E-6 1.71528E-9 1.27355E-11 9.57655E-15 1.31627E-10 5.34521E-7 4.12521E-9 7.73809E-13 2.61003E-9 5.4283E-8 4.78084E-9 3.66933E-7 1.83637E-4 5.20295E-4 1.32587E-6 1.91774E-4 2.47947E-5 1.87616E-8 4.18349E-8 1.89361E-5 7.33546E-10 6.42751E-8 2.64212E-5 4.04361E-4 4.29056E-8 3.41015E-10 4.48264E-10 1.46285E-9 7.93403E-8 3.79827E-8 3.85435E-12 8.98732E-16 2.09263E-10 4.62181E-10 3.07223E-13 2.11333E-14 7.34989E-14 8.00305E-9 5.67294E-11 2.44007E-9 2.06892E-11 9.50068E-11 5.97299E-10 8.19207E-11 7.65001E-14 1.33886E-16 1.31512E-17 2.10646E-15 3.04464E-19 7.35279E-20 2.69635E-17
1.17746E-10 1.21807E-11 3.45692E-10 1.34073E-8 1.20339E-8 8.24685E-9 1.0808E-8 6.66822E-12 4.06147E-12 7.27793E-12 1.63362E-8 1.33463E-6 1.89627E-5 2.54426E-3 3.96423E-4 6.07074E-7 8.65418E-11 1.71253E-10 5.05167E-10 5.5743E-6 3.64123E-5 3.22196E-7 7.57367E-6 8.7181E-5 3.27803E-8 3.58451E-4 1.50976E-3 2.06365E-5 1.98587E-4 3.33059E-4 4.36685E-4 2.97584E-5 4.69677E-4 6.64006E-5 8.24251E-7 1.42652E-3 4.64228E-4 1.95465E-7 8.22706E-10 5.15702E-11 1.5776E-10 5.04729E-11 2.49762E-11 7.19406E-12 1.58728E-13 1.33332E-13 2.55762E-10 7.17748E-12 4.95091E-12 6.61409E-14 4.00506E-13 1.7775E-13 4.46873E-14 1.36123E-10 1.06132E-10 2.33653E-14 1.15992E-11 4.34492E-14 1.14842E-14 2.27462E-16 5.74252E-18 9.02106E-15 6.38994E-17 4.7734E-19 1.12209E-17
3.17329E-11 1.17746E-10 1.25575E-10 8.11532E-10 3.42877E-10 2.41712E-9 1.64755E-8 3.09013E-9 2.35722E-8 6.83275E-7 1.41903E-6 1.4117E-7 3.74446E-5 3.26877E-3 2.00395E-3 2.34285E-3 5.01592E-5 1.39074E-8 5.77456E-4 3.9194E-5 8.79241E-3 9.34374E-7 6.88556E-5 1.90934E-3 5.05302E-3 9.61844E-3 1.05279E-3 5.86215E-3 6.9545E-3 3.4597E-3 4.14965E-4 6.50209E-4 4.07127E-3 2.53898E-4 4.85276E-4 1.89162E-3 1.45372E-5 4.36105E-8 8.28177E-10 4.26327E-9 5.33584E-9 2.13921E-10 1.8474E-10 2.86065E-9 2.86499E-9 1.64779E-11 5.12087E-12 7.25126E-11 2.48218E-12 1.37019E-12 3.12495E-12 4.05615E-14 2.05962E-15 5.17947E-15 1.4277E-12 4.68987E-11 3.99116E-15 2.91523E-12 9.80332E-12 9.85881E-15 2.18867E-15 9.2593E-17 2.67791E-13 9.49699E-17 7.92287E-20
