KUENM/Final_Models/M_0.1_F_lq_Set_2_NE/sp1_9.asc
ncols         197
nrows         210
xllcorner     56.1666666666667
yllcorner     4.5
cellsize      0.166666666666667
NODATA_value  -9999
[rows 56 to 83 of 210, columns 0 to 64 of 197]
-9999 -9999 -9999 -9999 -9999 -9999 -9999 -9999 -9999 -9999 -9999 1.44733E-2 1.48274E-2 1.42229E-2 1.33763E-2 1.37335E-2 1.33763E-2 1.31784E-2 1.12743E-2 9.23525E-3 7.67321E-3 6.62327E-3 2.28929E-3 6.74326E-4 1.61137E-3 2.12585E-3 1.21554E-3 3.96892E-3 8.18427E-3 9.18278E-3 9.02399E-3 9.02399E-3 8.58544E-3 8.2895E-3 7.74342E-3 7.4884E-3 7.72454E-3 7.97866E-3 7.4884E-3 7.3665E-3 7.3665E-3 7.89446E-3 6.84445E-3 5.54198E-3 5.40761E-3 5.63529E-3 6.46327E-3 7.02543E-3 7.18971E-3 9.30828E-3 1.0756E-2 1.25916E-2 1.4691E-2 1.67377E-2 1.99212E-2 2.21348E-2 2.63183E-2 3.02671E-2 3.31156E-2 3.22041E-2 1.20136E-2 9.64758E-3 7.03086E-3 2.35855E-3 9.54097E-4
-9999 -9999 -9999 -9999 -9999 -9999 -9999 -9999 -9999 -9999 6.61893E-3 1.28338E-2 1.48274E-2 1.41023E-2 1.37823E-2 1.35815E-2 1.43791E-2 1.32589E-2 1.23855E-2 1.13341E-2 1.01602E-2 7.38337E-3 3.77243E-3 2.10585E-3 1.76916E-3 2.424E-3 1.10075E-3 1.98544E-3 6.73649E-3 9.38236E-3 9.77954E-3 9.73798E-3 9.56904E-3 9.40269E-3 9.03038E-3 9.30116E-3 9.40664E-3 9.34023E-3 9.1379E-3 8.64947E-3 7.86249E-3 6.98768E-3 5.57977E-3 4.7363E-3 4.70668E-3 4.29965E-3 4.59733E-3 5.31124E-3 6.95646E-3 9.00873E-3 1.0756E-2 1.2195E-2 1.53054E-2 1.76973E-2 1.97952E-2 2.39178E-2 2.67017E-2 3.06129E-2 3.19836E-2 2.42718E-2 8.63273E-3 9.79371E-3 7.05987E-3 3.85704E-3 1.61449E-3
-9999 -9999 -9999 -9999 -9999 -9999 -9999 -9999 -9999 3.84442E-4 3.13239E-3 1.15771E-2 1.39182E-2 1.40684E-2 1.43791E-2 1.43973E-2 1.41279E-2 1.38559E-2 1.29159E-2 1.18578E-2 1.09467E-2 7.76972E-3 1.77452E-3 1.71861E-3 1.17278E-3 1.59285E-3 2.08423E-3 1.29499E-3 2.98069E-3 6.57405E-3 9.52988E-3 1.03916E-2 1.04551E-2 1.03856E-2 9.67784E-3 9.95124E-3 1.01289E-2 9.57466E-3 9.03038E-3 7.6078E-3 6.62132E-3 5.84449E-3 4.625E-3 3.03334E-3 3.41776E-3 3.18327E-3 3.6425E-3 4.53448E-3 6.05648E-3 7.97106E-3 9.11983E-3 1.17536E-2 1.53626E-2 1.84561E-2 2.06172E-2 2.40911E-2 2.76204E-2 3.15554E-2 3.15788E-2 2.52388E-2 1.27774E-2 1.02509E-2 2.73365E-3 2.62097E-3 8.88809E-4
-9999 -9999 -9999 -9999 -9999 -9999 -9999 -9999 5.02155E-4 4.51155E-4 2.21184E-3 6.91487E-3 9.71108E-3 1.27287E-2 1.34392E-2 1.34944E-2 1.37823E-2 1.35815E-2 1.34944E-2 1.26039E-2 1.24074E-2 1.06989E-2 2.42001E-3 6.61626E-4 8.39197E-4 1.03823E-3 9.55022E-4 1.25236E-3 2.12808E-3 1.51987E-3 4.31434E-3 9.23165E-3 1.05179E-2 1.06395E-2 9.8613E-3 9.52117E-3 8.91885E-3 8.91885E-3 7.3665E-3 6.74644E-3 5.87292E-3 5.00598E-3 3.52613E-3 2.24918E-3 2.28672E-3 2.30798E-3 2.80273E-3 3.10986E-3 3.23887E-3 3.6175E-3 5.76323E-3 1.11144E-2 1.62531E-2 1.84816E-2 2.16184E-2 2.48042E-2 2.75101E-2 3.00583E-2 3.10439E-2 3.05649E-2 1.64722E-2 6.97129E-3 1.83834E-3 1.11407E-3 3.58459E-4
-9999 -9999 -9999 -9999 -9999 -9999 -9999 7.0394E-5 3.22176E-4 7.8235E-4 1.51748E-3 1.98206E-3 4.23882E-3 9.38236E-3 1.13341E-2 1.21703E-2 1.27734E-2 1.34944E-2 1.40684E-2 1.39763E-2 1.37785E-2 1.35291E-2 5.48964E-3 1.1818E-3 1.35459E-3 1.1457E-3 4.72764E-4 1.12801E-3 2.13576E-3 2.18727E-3 1.51987E-3 3.58302E-3 9.23165E-3 9.77954E-3 8.60295E-3 8.03407E-3 7.75699E-3 7.75699E-3 5.77122E-3 5.42168E-3 5.51706E-3 4.79493E-3 3.5866E-3 1.86336E-3 1.78162E-3 1.54276E-3 1.74637E-3 1.86133E-3 2.20925E-3 4.47878E-3 8.46063E-3 1.42503E-2 1.62613E-2 1.84753E-2 2.15589E-2 2.40033E-2 2.66056E-2 2.87225E-2 3.01272E-2 2.19686E-2 7.57846E-3 2.38847E-3 1.97584E-3 5.05272E-4 4.6932E-4
-9999 -9999 -9999 -9999 -9999 -9999 1.80275E-5 8.62038E-5 5.80486E-5 2.83539E-4 1.91213E-3 3.4508E-3 3.44755E-3 7.80502E-3 9.39186E-3 1.13341E-2 1.26039E-2 1.36125E-2 1.40264E-2 1.44733E-2 1.39369E-2 1.34092E-2 1.00382E-2 3.39273E-3 2.40664E-3 2.0748E-3 8.92563E-4 9.7901E-4 8.52275E-4 2.06906E-3 4.23882E-3 2.02824E-3 6.04225E-3 8.17008E-3 7.59427E-3 6.82656E-3 6.84445E-3 5.71229E-3 3.74032E-3 2.64581E-3 4.67022E-3 5.77122E-3 4.834E-3 3.47555E-3 4.02923E-3 2.94745E-3 3.1298E-3 3.35853E-3 4.91979E-3 7.47056E-3 1.09466E-2 1.37948E-2 1.60012E-2 1.84753E-2 2.02762E-2 2.32665E-2 2.53991E-2 2.66808E-2 2.45562E-2 9.93999E-3 5.16985E-3 1.29815E-3 6.9904E-4 3.54821E-4 3.19242E-4
-9999 -9999 -9999 -9999 -9999 -9999 1.03106E-4 4.66656E-5 1.93851E-5 4.23901E-4 5.95533E-4 3.05289E-3 5.31124E-3 7.54335E-3 9.55451E-3 1.09958E-2 1.20651E-2 1.34608E-2 1.44733E-2 1.45939E-2 1.41196E-2 1.54547E-2 1.13184E-2 1.72236E-3 3.11151E-3 2.74883E-3 1.80679E-3 9.56895E-4 5.49222E-4 1.54202E-3 6.55071E-3 6.61893E-3 7.08638E-3 7.67321E-3 7.72603E-3 7.33667E-3 7.08679E-3 5.77604E-3 5.22336E-3 2.68594E-3 4.46826E-3 8.03407E-3 7.36384E-3 6.66093E-3 6.33505E-3 5.54085E-3 5.86431E-3 6.44297E-3 6.95646E-3 8.50879E-3 1.07688E-2 1.33284E-2 1.57389E-2 1.78738E-2 1.99163E-2 2.19008E-2 2.09071E-2 2.0113E-2 1.62997E-2 8.26941E-3 1.2252E-3 1.06237E-3 3.80139E-4 8.09406E-5 2.93291E-4
-9999 -9999 -9999 -9999 -9999 2.22782E-3 2.13579E-3 2.32402E-3 1.83355E-3 3.67589E-3 2.72824E-4 3.95786E-4 3.56118E-3 7.76972E-3 1.07461E-2 1.09958E-2 1.28338E-2 1.43327E-2 1.49214E-2 1.48342E-2 1.44654E-2 1.55009E-2 1.45625E-2 4.98236E-3 3.00533E-3 3.4508E-3 1.954E-3 7.47456E-4 6.46313E-4 1.92363E-3 4.68088E-3 8.15964E-3 1.05774E-2 9.72145E-3 1.01602E-2 1.00838E-2 1.02121E-2 9.40269E-3 8.91885E-3 8.49783E-3 9.57466E-3 9.85065E-3 9.8613E-3 8.89065E-3 8.47251E-3 7.99558E-3 8.49425E-3 8.26682E-3 8.69114E-3 9.86948E-3 1.14067E-2 1.3352E-2 1.41829E-2 1.25207E-2 1.35392E-2 1.52139E-2 2.05418E-2 2.11199E-2 1.05E-2 3.07177E-3 9.39919E-4 7.29462E-4 1.64588E-4 3.78111E-5 8.0195E-4
-9999 -9999 -9999 -9999 3.60137E-4 1.39974E-3 2.22782E-3 2.91866E-3 1.1027E-2 1.26622E-2 1.78166E-3 6.78923E-5 4.72501E-4 4.55046E-3 8.78449E-3 1.1482E-2 1.35122E-2 1.5351E-2 1.53701E-2 1.59917E-2 1.56414E-2 1.60406E-2 1.47967E-2 7.2945E-3 2.77122E-3 3.67458E-3 2.14478E-3 7.82002E-4 2.82182E-4 8.15351E-4 2.04601E-3 4.36936E-3 9.31323E-3 1.16187E-2 1.13312E-2 1.20875E-2 1.21932E-2 1.17743E-2 1.14196E-2 1.13512E-2 1.16132E-2 1.14905E-2 1.18696E-2 1.11385E-2 1.07589E-2 1.06989E-2 1.03989E-2 1.00181E-2 9.23606E-3 9.22483E-3 9.61642E-3 8.50024E-3 5.90309E-3 7.07918E-3 1.18634E-2 2.03027E-2 2.29875E-2 2.21762E-2 7.22287E-3 1.62735E-3 1.18821E-3 7.92732E-4 1.31594E-4 4.78588E-4 6.24499E-4
-9999 -9999 -9999 -9999 2.41864E-4 1.01201E-3 2.3556E-3 3.40357E-3 1.20299E-2 1.80825E-2 1.16834E-2 2.63586E-3 1.01876E-4 1.55466E-3 5.8774E-3 1.05029E-2 1.37691E-2 1.60362E-2 1.62662E-2 1.65876E-2 1.64544E-2 1.62746E-2 1.54045E-2 1.10689E-2 3.40423E-3 4.82029E-3 3.4945E-3 2.17809E-3 7.39465E-4 1.02768E-4 1.18497E-3 3.75816E-3 8.57506E-3 1.33774E-2 1.31496E-2 1.31805E-2 1.39369E-2 1.3306E-2 1.35419E-2 1.30721E-2 1.33745E-2 1.35815E-2 1.33763E-2 1.32282E-2 1.2625E-2 1.2706E-2 1.1482E-2 8.02512E-3 5.60397E-3 5.69258E-3 8.10061E-3 9.66755E-3 1.08434E-2 1.67923E-2 2.19567E-2 2.26665E-2 2.45262E-2 1.91035E-2 5.17526E-3 2.02953E-3 2.1451E-3 3.58333E-4 1.38511E-4 2.16505E-3 2.24161E-3
-9999 -9999 -9999 5.02294E-3 3.29406E-3 2.16505E-3 5.48193E-3 1.19818E-2 1.61099E-2 2.02296E-2 1.75897E-2 1.3513E-2 5.33456E-3 1.41363E-3 3.38084E-3 8.92119E-3 1.35905E-2 1.5745E-2 1.56658E-2 1.5745E-2 1.64668E-2 1.61827E-2 1.37948E-2 1.42695E-2 7.93895E-3 6.13686E-3 5.72247E-3 4.46906E-3 2.85838E-3 2.81451E-3 3.70542E-3 5.59537E-3 2.68635E-3 8.71756E-3 1.40037E-2 1.49811E-2 1.56368E-2 1.50413E-2 1.45261E-2 1.48931E-2 1.51768E-2 1.51561E-2 1.48274E-2 1.44733E-2 1.45149E-2 1.41196E-2 1.2435E-2 9.95721E-3 1.14941E-2 1.29369E-2 1.44562E-2 1.61355E-2 1.89916E-2 2.01565E-2 2.14999E-2 2.36572E-2 2.47596E-2 1.49099E-2 3.24998E-3 3.31476E-3 2.62926E-3 8.12555E-4 5.17834E-3 6.39217E-3 6.19383E-3
-9999 -9999 -9999 8.12832E-3 2.40429E-3 8.09851E-3 1.63612E-2 2.16261E-2 2.21316E-2 2.28645E-2 2.04855E-2 1.803E-2 1.49577E-2 1.1471E-2 1.04669E-2 9.35061E-3 1.20007E-2 1.28318E-2 1.24626E-2 1.31441E-2 1.62442E-2 1.46869E-2 1.03027E-2 1.2711E-2 1.3286E-2 6.75813E-3 5.49065E-3 6.23345E-3 5.72247E-3 5.16031E-3 5.94753E-3 7.33365E-3 1.94763E-3 3.76414E-3 8.43719E-3 1.23001E-2 1.49911E-2 1.6684E-2 1.65583E-2 1.65739E-2 1.62883E-2 1.62735E-2 1.5937E-2 1.55138E-2 1.56368E-2 1.58187E-2 1.61556E-2 1.59084E-2 1.61627E-2 1.65484E-2 1.7108E-2 1.91966E-2 1.95122E-2 2.11571E-2 2.19567E-2 2.32027E-2 1.99212E-2 1.15984E-2 4.57956E-3 4.84352E-3 2.63017E-3 3.66646E-3 6.25457E-3 4.22665E-3 1.0149E-2
-9999 -9999 -9999 8.10388E-3 7.25145E-3 2.04199E-2 2.71491E-2 2.14444E-2 1.87415E-2 2.31233E-2 2.49175E-2 2.30501E-2 2.10896E-2 2.02296E-2 1.93926E-2 1.70292E-2 1.01139E-2 1.08022E-2 1.15518E-2 7.90603E-3 1.401E-2 1.39337E-2 4.98931E-3 3.75278E-3 1.31237E-2 4.69846E-3 5.5401E-3 7.09836E-3 8.1984E-3 7.57829E-3 7.34531E-3 7.82228E-3 3.9333E-3 1.15293E-3 5.39464E-3 7.20055E-3 1.25029E-2 1.71145E-2 1.73236E-2 1.77604E-2 1.7457E-2 1.68474E-2 1.70764E-2 1.72652E-2 1.70312E-2 1.6934E-2 1.6712E-2 1.68693E-2 1.74414E-2 1.75682E-2 1.8461E-2 1.95122E-2 2.0819E-2 2.06881E-2 2.11692E-2 2.05865E-2 1.09018E-2 8.34544E-3 3.76396E-3 5.26282E-3 4.95371E-3 7.39738E-3 1.07472E-2 1.70044E-2 1.72147E-2
-9999 -9999 1.36229E-2 2.38026E-2 2.62249E-2 3.19188E-2 3.25485E-2 2.82883E-2 2.66056E-2 2.74646E-2 2.74349E-2 2.66813E-2 2.62546E-2 2.49075E-2 2.39997E-2 2.33564E-2 2.124E-2 1.93318E-2 1.96008E-2 1.96424E-2 1.66812E-2 1.5448E-2 1.10994E-2 1.06389E-2 1.90449E-2 9.56867E-3 7.09217E-3 9.42279E-3 8.8596E-3 8.8596E-3 6.70841E-3 6.8407E-3 7.20924E-3 4.53346E-3 4.39662E-3 3.03976E-3 7.46103E-3 1.3352E-2 1.83049E-2 1.92414E-2 1.9617E-2 1.86434E-2 1.9617E-2 1.87958E-2 1.83193E-2 1.77011E-2 1.72851E-2 1.80382E-2 1.91163E-2 1.86368E-2 1.97119E-2 2.04855E-2 2.09274E-2 2.08357E-2 1.86692E-2 1.11358E-2 5.79667E-3 8.26941E-3 5.07085E-3 5.26282E-3 5.67429E-3 8.05386E-3 1.25642E-2 5.96473E-3 2.66785E-2
-9999 -9999 3.48873E-2 3.2176E-2 3.49349E-2 3.95327E-2 3.76486E-2 3.29104E-2 2.57714E-2 2.71491E-2 3.0499E-2 3.00473E-2 2.91821E-2 2.78643E-2 2.74542E-2 2.7475E-2 2.65758E-2 2.6542E-2 2.63491E-2 2.51582E-2 2.1596E-2 2.25488E-2 2.29541E-2 2.55919E-2 2.74646E-2 2.05865E-2 1.65435E-2 1.49818E-2 1.36285E-2 1.01715E-2 5.48743E-3 9.1365E-3 8.31546E-3 8.8596E-3 8.19698E-3 2.41216E-3 6.63291E-3 1.04061E-2 1.67201E-2 1.94264E-2 1.93706E-2 2.00182E-2 2.01034E-2 1.93589E-2 1.85322E-2 1.90504E-2 1.87925E-2 1.92764E-2 1.94337E-2 1.9579E-2 2.0697E-2 1.97941E-2 1.84816E-2 1.63902E-2 9.8475E-3 4.60939E-3 5.32663E-3 7.35173E-3 7.17131E-3 1.1286E-2 1.43795E-2 1.12299E-2 1.81879E-2 2.93494E-2 2.96488E-2
-9999 -9999 5.02137E-2 4.57993E-2 4.88989E-2 4.2891E-2 3.84592E-2 3.8494E-2 3.47025E-2 3.02042E-2 3.39537E-2 3.31218E-2 3.1665E-2 3.17165E-2 3.02668E-2 2.97958E-2 2.97888E-2 2.93121E-2 2.93121E-2 3.07671E-2 3.06762E-2 3.06107E-2 3.18992E-2 3.34301E-2 3.35465E-2 3.03363E-2 2.74362E-2 2.33487E-2 1.97144E-2 1.43501E-2 8.04223E-3 6.69155E-3 1.3012E-2 1.27566E-2 9.71647E-3 9.42279E-3 6.67508E-3 1.11466E-2 1.5657E-2 1.8927E-2 1.93031E-2 1.95122E-2 1.89465E-2 1.97557E-2 1.95971E-2 1.97557E-2 1.9579E-2 1.90777E-2 1.87777E-2 1.59942E-2 1.4532E-2 1.4691E-2 9.56867E-3 5.82449E-3 5.31149E-3 4.27749E-3 6.21885E-3 9.87345E-3 1.08368E-2 9.55732E-3 1.63269E-2 8.6893E-3 1.3546E-2 2.73174E-2 1.84439E-2
-9999 6.63271E-2 6.42606E-2 6.08032E-2 5.78595E-2 5.36964E-2 5.09933E-2 4.10767E-2 4.37422E-2 3.56344E-2 3.83922E-2 3.52522E-2 3.42539E-2 3.32552E-2 3.32933E-2 3.17498E-2 3.17616E-2 3.17616E-2 3.27684E-2 3.27295E-2 3.37865E-2 3.48719E-2 3.59861E-2 3.83362E-2 3.77583E-2 3.81716E-2 3.14488E-2 3.51626E-2 3.0653E-2 1.46882E-2 1.02753E-2 6.68214E-3 1.3665E-2 1.63068E-2 1.48535E-2 1.11366E-2 1.38404E-2 1.00155E-2 9.71223E-3 1.53999E-2 1.64199E-2 1.61622E-2 1.64949E-2 1.76098E-2 1.89827E-2 1.7841E-2 1.65231E-2 1.57223E-2 1.43625E-2 1.28205E-2 8.31546E-3 5.7069E-3 5.96869E-3 7.20912E-3 5.027E-3 6.64695E-3 5.47926E-3 1.03804E-2 9.3584E-3 1.17995E-2 1.50185E-2 1.17665E-2 7.19778E-3 2.58231E-2 3.3919E-2
-9999 7.10874E-2 6.77026E-2 6.53279E-2 6.16831E-2 6.02378E-2 5.57072E-2 5.09191E-2 4.33311E-2 3.74524E-2 3.43762E-2 3.6253E-2 3.65199E-2 3.64496E-2 3.5403E-2 3.43567E-2 3.38419E-2 3.38429E-2 3.38244E-2 3.49087E-2 3.59861E-2 3.70743E-2 3.82487E-2 4.00678E-2 4.31823E-2 4.31823E-2 4.53163E-2 4.53163E-2 4.01748E-2 2.72081E-2 1.45564E-2 1.41326E-2 9.37703E-3 1.45106E-2 1.75427E-2 1.84102E-2 1.57882E-2 1.79761E-2 1.38287E-2 1.0809E-2 8.52956E-3 8.12131E-3 1.20487E-2 1.7899E-2 1.51604E-2 1.32302E-2 1.35397E-2 1.18041E-2 8.99715E-3 7.02288E-3 7.87915E-3 8.79036E-3 8.04223E-3 6.78134E-3 9.24053E-3 8.53823E-3 5.72193E-3 1.06829E-2 1.58868E-2 2.02213E-2 1.37346E-2 1.29295E-2 1.0523E-2 2.05149E-2 3.64499E-2
-9999 7.76813E-2 7.31151E-2 6.81694E-2 6.62647E-2 6.08032E-2 5.98448E-2 5.57097E-2 4.50435E-2 2.3293E-2 2.64499E-2 3.1919E-2 3.37905E-2 3.59879E-2 3.74677E-2 3.61168E-2 3.64496E-2 3.65682E-2 3.5473E-2 3.66032E-2 3.77583E-2 3.89434E-2 4.01434E-2 4.13868E-2 4.26833E-2 4.53163E-2 4.80666E-2 4.53354E-2 3.63667E-2 2.04199E-2 1.58828E-2 1.34902E-2 1.65415E-2 1.74397E-2 1.80728E-2 1.95348E-2 2.05952E-2 2.08461E-2 2.06362E-2 2.13645E-2 2.09513E-2 2.07995E-2 2.1619E-2 2.0962E-2 1.93689E-2 1.60467E-2 1.26883E-2 1.07622E-2 1.06224E-2 1.06389E-2 9.41058E-3 7.759E-3 9.01894E-3 1.31311E-2 1.39246E-2 1.04445E-2 1.58828E-2 7.37555E-3 2.43812E-2 1.6097E-2 1.50185E-2 1.9403E-2 1.93211E-2 2.52889E-2 3.34549E-2
-9999 8.20054E-2 -9999 -9999 6.76401E-2 6.53279E-2 6.10063E-2 5.80551E-2 4.57993E-2 1.6748E-2 1.2859E-2 2.04719E-2 2.0232E-2 2.8982E-2 3.11022E-2 3.36858E-2 3.51765E-2 3.67035E-2 3.69027E-2 3.54166E-2 3.70882E-2 3.74677E-2 3.87518E-2 3.87518E-2 4.05268E-2 3.85821E-2 3.48057E-2 3.01668E-2 2.35239E-2 1.54194E-2 1.61172E-2 1.47432E-2 1.36501E-2 1.47432E-2 1.68342E-2 1.85476E-2 1.77954E-2 1.85476E-2 1.91731E-2 1.74397E-2 1.73683E-2 2.0113E-2 2.10426E-2 2.15609E-2 2.1619E-2 1.99577E-2 1.74239E-2 1.45264E-2 1.11228E-2 1.03187E-2 9.36624E-3 1.13037E-2 1.21887E-2 1.21757E-2 1.45607E-2 1.95375E-2 1.03731E-2 2.4735E-2 2.02213E-2 2.28799E-2 1.5363E-2 2.39387E-2 2.70678E-2 2.89582E-2 3.51306E-2
-9999 8.24263E-2 -9999 -9999 -9999 6.91246E-2 6.68084E-2 6.0572E-2 4.28799E-2 1.26516E-2 2.07918E-2 2.06922E-2 1.70258E-2 2.14144E-2 2.14292E-2 2.54551E-2 3.14596E-2 3.41911E-2 3.30042E-2 2.76269E-2 3.10057E-2 3.39324E-2 3.34908E-2 3.20267E-2 3.15213E-2 2.4735E-2 1.73264E-2 1.51729E-2 1.65863E-2 2.23976E-2 2.6402E-2 2.54551E-2 2.48769E-2 2.46459E-2 2.69889E-2 3.27615E-2 2.62249E-2 1.94026E-2 1.98873E-2 2.31509E-2 2.35239E-2 2.16975E-2 2.20031E-2 2.20206E-2 2.32706E-2 2.15099E-2 1.91193E-2 1.68114E-2 1.3665E-2 1.12877E-2 1.02406E-2 1.12268E-2 1.41396E-2 1.58828E-2 1.38866E-2 2.45487E-2 2.69504E-2 3.54797E-2 1.69958E-2 2.91584E-2 2.17125E-2 4.13715E-2 2.42186E-2 3.42927E-2 4.57834E-2
-9999 -9999 -9999 -9999 -9999 7.30924E-2 6.77457E-2 6.18417E-2 4.97309E-2 1.87794E-2 3.03762E-2 2.84478E-2 3.24281E-2 3.18991E-2 3.00247E-2 3.04043E-2 3.01303E-2 3.02671E-2 2.48769E-2 2.45236E-2 3.14596E-2 2.81425E-2 2.10622E-2 2.08059E-2 1.55138E-2 1.4809E-2 2.36124E-2 3.12734E-2 2.52343E-2 2.13646E-2 3.01303E-2 2.46459E-2 2.40569E-2 3.0655E-2 3.45538E-2 3.75178E-2 4.74548E-2 4.50435E-2 4.24222E-2 3.65309E-2 3.1377E-2 2.8032E-2 2.65452E-2 2.5673E-2 2.42794E-2 2.31298E-2 2.04183E-2 1.63612E-2 1.43253E-2 1.51731E-2 1.51731E-2 1.51989E-2 1.82262E-2 2.33431E-2 3.1115E-2 3.49758E-2 3.75747E-2 4.47687E-2 4.33156E-2 4.31398E-2 5.32017E-2 6.95947E-2 4.58008E-2 4.14397E-2 5.70722E-2
-9999 1.10604E-1 1.03688E-1 -9999 -9999 7.21047E-2 6.9549E-2 6.48256E-2 4.60502E-2 3.29456E-2 4.0717E-2 3.96922E-2 2.91525E-2 3.56781E-2 3.94706E-2 3.73537E-2 3.93099E-2 3.87334E-2 3.68107E-2 3.70826E-2 3.76331E-2 3.49857E-2 3.29734E-2 3.44703E-2 3.08261E-2 3.01303E-2 3.02671E-2 3.65341E-2 3.22946E-2 3.32338E-2 4.33401E-2 4.03643E-2 4.38472E-2 4.85553E-2 4.76115E-2 5.13418E-2 5.91049E-2 4.33156E-2 4.03198E-2 4.54089E-2 4.35098E-2 4.22792E-2 4.01168E-2 3.52201E-2 3.28839E-2 2.97272E-2 2.80391E-2 2.54699E-2 2.47185E-2 2.12185E-2 1.63332E-2 1.51988E-2 2.64405E-2 3.4295E-2 3.81902E-2 4.19108E-2 4.82725E-2 5.64317E-2 5.71087E-2 5.04107E-2 7.86539E-2 8.60247E-2 5.51504E-2 4.32584E-2 7.72967E-2
1.1572E-1 1.12171E-1 1.05801E-1 -9999 -9999 7.21047E-2 6.9549E-2 6.51215E-2 4.76567E-2 5.11487E-2 4.69524E-2 4.56919E-2 4.03198E-2 4.31423E-2 4.26639E-2 4.04839E-2 4.10081E-2 4.28254E-2 4.24504E-2 4.15622E-2 4.219E-2 4.15622E-2 3.93099E-2 3.93099E-2 3.98934E-2 3.77806E-2 3.97301E-2 4.23842E-2 4.22792E-2 4.58649E-2 4.79539E-2 5.33163E-2 5.60462E-2 6.05235E-2 6.57267E-2 6.84873E-2 6.87362E-2 6.19309E-2 5.52261E-2 5.44623E-2 5.43394E-2 5.23298E-2 4.75079E-2 4.43916E-2 3.90622E-2 3.36858E-2 3.14451E-2 2.88923E-2 2.4815E-2 2.16975E-2 2.66324E-2 3.15108E-2 3.24619E-2 3.34843E-2 4.31423E-2 4.65948E-2 5.35752E-2 6.30519E-2 6.29541E-2 6.95134E-2 9.52554E-2 1.04319E-1 8.63829E-2 5.44373E-2 7.61259E-2
8.80304E-2 1.03241E-1 -9999 -9999 -9999 -9999 6.70526E-2 6.31585E-2 5.7657E-2 5.39575E-2 5.24208E-2 4.56919E-2 4.21203E-2 4.30331E-2 4.54768E-2 4.27009E-2 4.41195E-2 4.26152E-2 4.26152E-2 4.17009E-2 4.26152E-2 4.25448E-2 4.24504E-2 4.23321E-2 4.20244E-2 4.30983E-2 4.45972E-2 4.09055E-2 4.42793E-2 4.69239E-2 4.76056E-2 5.35211E-2 5.81323E-2 6.41458E-2 7.36604E-2 7.56849E-2 7.06179E-2 6.7977E-2 6.51811E-2 6.20848E-2 6.27819E-2 6.09128E-2 5.24208E-2 4.81919E-2 3.93245E-2 3.15617E-2 3.20266E-2 3.20266E-2 3.15108E-2 3.32921E-2 3.28839E-2 3.20482E-2 3.34748E-2 4.01168E-2 4.6823E-2 5.15857E-2 4.77244E-2 6.08071E-2 7.09192E-2 7.63223E-2 9.93624E-2 1.09801E-1 1.11086E-1 8.53064E-2 9.38373E-2
5.06651E-2 8.21738E-2 -9999 -9999 -9999 -9999 6.18891E-2 5.91867E-2 5.64838E-2 5.39575E-2 5.25005E-2 4.94464E-2 4.88364E-2 4.80666E-2 4.60237E-2 4.4633E-2 4.46384E-2 4.39688E-2 4.26833E-2 4.13195E-2 4.26032E-2 4.18163E-2 4.25448E-2 4.11898E-2 4.23321E-2 4.34685E-2 4.5988E-2 4.53064E-2 4.66504E-2 4.79947E-2 4.95173E-2 5.22309E-2 5.63242E-2 5.98182E-2 6.5105E-2 7.06179E-2 6.8693E-2 6.53998E-2 6.2148E-2 5.89195E-2 6.30483E-2 6.20848E-2 5.57097E-2 4.45623E-2 4.03143E-2 3.44344E-2 3.30042E-2 2.54786E-2 2.81502E-2 3.34748E-2 3.34363E-2 3.76331E-2 4.19108E-2 4.6823E-2 5.12615E-2 5.26004E-2 5.96168E-2 6.95741E-2 7.38977E-2 7.61384E-2 1.02293E-1 1.11166E-1 1.19187E-1 1.14298E-1 9.50213E-2
-9999 8.85499E-2 -9999 -9999 -9999 -9999 5.92702E-2 5.87052E-2 5.50393E-2 5.30058E-2 5.17904E-2 4.79947E-2 4.84913E-2 4.76173E-2 4.56574E-2 4.56574E-2 4.51943E-2 4.36215E-2 4.2812E-2 4.19573E-2 4.13868E-2 4.0721E-2 4.04617E-2 4.17009E-2 4.1908E-2 4.25448E-2 4.23321E-2 4.4633E-2 4.57824E-2 4.55069E-2 4.77698E-2 4.90677E-2 5.15919E-2 5.49074E-2 5.76899E-2 5.92702E-2 5.85947E-2 5.77467E-2 5.77967E-2 5.65313E-2 5.85947E-2 5.3774E-2 5.05534E-2 4.66504E-2 4.33106E-2 3.99979E-2 3.69106E-2 3.43762E-2 3.81637E-2 3.87334E-2 3.76331E-2 4.16861E-2 4.52131E-2 5.03378E-2 5.32673E-2 5.65169E-2 5.91049E-2 6.50652E-2 7.28343E-2 8.60247E-2 9.50736E-2 1.07105E-1 1.21589E-1 1.15163E-1 1.07247E-1
-9999 6.61117E-2 -9999 -9999 -9999 -9999 -9999 -9999 -9999 5.14651E-2 -9999 4.83381E-2 4.88867E-2 4.60249E-2 4.58227E-2 4.60249E-2 4.48206E-2 4.2812E-2 4.2812E-2 4.17829E-2 4.14054E-2 4.13446E-2 4.07424E-2 4.14003E-2 4.01589E-2 4.20403E-2 4.1908E-2 4.26614E-2 4.33074E-2 4.32571E-2 4.49704E-2 4.56574E-2 4.72818E-2 4.78957E-2 5.18901E-2 5.11257E-2 5.32301E-2 5.17985E-2 5.26636E-2 5.3774E-2 5.11257E-2 4.86174E-2 4.64783E-2 4.31823E-2 4.13868E-2 3.85366E-2 3.78322E-2 3.99979E-2 4.11898E-2 4.37422E-2 3.98934E-2 4.20457E-2 4.6823E-2 4.94036E-2 4.95124E-2 5.47903E-2 6.30519E-2 6.94268E-2 7.34462E-2 8.2007E-2 8.92572E-2 9.52554E-2 9.40334E-2 9.92221E-2 1.06655E-1
