KUENM/Final_Models/M_0.1_F_lq_Set_2_NE/sp1_9_se_asia.asc
ncols         320
nrows         243
xllcorner     44.0
yllcorner     -0.666666666666667
cellsize      0.166666666666667
NODATA_value  -9999
[rows 31 to 61 of 243, columns 140 to 209 of 320]
1.06913E-10 2.44636E-11 4.8184E-11 9.3573E-12 1.49553E-10 1.14541E-9 1.1106E-10 9.65237E-11 8.89627E-10 2.30177E-7 1.72814E-4 4.7935E-4 3.07315E-4 3.57496E-3 1.82265E-2 3.02732E-2 5.86847E-2 6.83246E-2 7.06736E-2 9.16986E-2 9.22386E-2 8.16303E-2 2.0698E-2 1.43323E-1 1.78108E-1 6.58633E-2 9.67909E-2 1.28681E-1 1.09573E-1 6.56331E-3 7.79676E-3 1.05842E-3 1.12283E-3 1.34297E-5 3.55168E-5 3.04554E-5 2.4711E-5 7.33324E-7 3.31014E-7 1.13387E-5 3.38281E-6 6.49823E-5 1.10478E-5 3.09004E-8 1.34272E-8 1.09154E-8 2.34579E-9 3.58977E-11 1.17266E-13 3.50083E-13 4.49794E-13 9.13299E-12 6.53766E-10 2.66821E-11 1.17972E-10 4.32939E-11 4.82085E-16 4.32916E-17 5.63761E-17 6.44463E-16 6.49732E-12 8.34315E-10 4.64512E-16 8.27889E-20 2.90348E-19 7.84669E-17 -9999 -9999 -9999 -9999
8.95824E-10 2.17646E-9 1.06006E-8 1.34443E-8 3.17152E-9 3.6532E-9 2.2076E-9 6.26557E-8 2.57294E-6 5.10792E-6 8.09538E-5 1.37791E-4 6.51723E-5 1.06018E-4 1.94602E-3 8.1428E-3 3.98642E-2 6.67801E-2 5.81067E-2 7.5773E-2 1.12309E-1 1.28996E-1 1.2228E-1 1.75535E-1 1.98181E-1 2.1669E-1 3.23262E-1 3.36032E-1 2.9493E-1 1.22439E-1 4.08541E-2 1.79979E-2 2.57095E-3 1.20007E-4 7.53514E-6 5.87503E-7 5.44009E-6 9.23287E-5 3.13807E-4 1.0622E-6 2.37694E-5 1.33886E-3 2.53018E-4 3.60762E-4 6.55229E-7 4.8286E-10 8.04981E-11 1.68285E-11 3.60488E-13 3.00807E-12 1.17817E-11 9.15624E-12 1.95818E-11 2.98353E-11 1.88312E-11 7.43708E-11 1.51621E-10 5.16176E-14 2.72838E-16 1.54544E-17 7.84669E-17 2.2409E-16 9.07073E-12 1.88051E-16 1.08455E-18 2.76131E-15 1.03179E-18 3.52237E-19 1.98539E-18 -9999
5.47751E-9 5.40078E-10 4.76901E-10 7.37699E-9 1.80647E-8 1.08939E-7 8.00084E-8 1.50059E-7 8.26461E-7 5.80062E-6 8.43374E-5 4.05154E-5 4.66379E-7 5.92082E-7 1.93549E-4 1.73746E-3 2.49033E-2 6.35989E-2 8.53239E-2 9.0704E-2 1.05563E-1 1.4154E-1 1.74923E-1 1.99009E-1 2.52029E-1 3.37369E-1 3.83681E-1 3.9675E-1 3.98025E-1 3.8062E-1 2.74908E-1 8.70133E-2 5.13556E-3 3.71676E-3 4.25458E-5 1.77058E-5 1.90436E-5 1.40502E-3 1.02813E-4 1.2523E-6 9.70426E-8 1.0895E-4 1.8944E-3 3.05358E-3 2.53172E-4 2.60248E-6 9.15997E-9 9.08146E-10 2.86834E-11 6.14831E-13 1.46626E-14 7.15587E-12 3.17162E-13 9.49187E-14 7.2422E-14 4.13307E-13 3.72341E-12 4.4205E-11 5.93048E-11 3.51688E-10 7.30755E-13 2.46475E-14 4.78881E-15 5.07751E-14 2.99212E-14 3.15794E-15 3.04686E-17 7.67867E-18 2.21616E-16 2.22164E-17
1.11617E-9 8.05426E-10 7.97473E-10 7.6478E-9 2.92956E-8 2.88823E-8 2.97803E-7 1.96313E-6 8.73885E-6 2.8113E-5 8.28691E-5 2.04402E-5 1.93843E-8 3.78566E-7 2.6822E-7 2.99177E-9 3.8931E-7 2.13509E-4 3.98146E-3 2.95763E-2 8.27418E-2 7.71049E-2 9.55976E-2 1.31058E-1 2.7645E-1 3.15519E-1 3.83036E-1 4.12177E-1 4.13668E-1 3.98057E-1 4.01722E-1 3.71561E-1 1.4359E-1 1.08446E-1 6.54236E-4 1.29109E-4 1.34753E-5 1.04073E-2 1.73269E-3 1.20488E-4 1.19869E-4 1.29894E-6 2.65262E-5 1.57473E-3 2.82862E-3 2.76901E-4 9.82644E-8 4.06488E-9 1.57751E-10 1.82226E-11 3.73007E-14 3.48433E-12 8.3045E-16 5.33877E-15 1.89472E-15 8.17566E-16 2.43472E-16 2.7151E-13 3.69028E-14 3.30169E-11 2.00592E-11 8.66653E-9 3.25914E-12 1.00639E-16 6.56611E-14 1.59193E-14 1.02023E-15 1.24674E-17 -9999 -9999
6.25465E-10 3.32534E-10 2.16982E-10 3.29382E-9 3.91738E-9 9.93876E-9 1.38061E-7 8.91063E-7 5.12093E-6 4.60541E-5 4.7652E-5 3.62044E-6 8.37104E-8 2.99956E-6 4.40252E-5 4.54776E-4 9.76571E-4 1.65002E-5 8.64937E-7 8.35932E-6 6.13281E-4 1.42342E-2 7.72438E-2 1.62836E-1 3.03723E-1 3.32091E-1 3.55299E-1 3.01548E-1 3.14814E-1 4.01418E-1 4.24502E-1 3.79525E-1 2.13378E-1 1.0766E-1 2.91261E-3 1.85033E-3 1.18378E-3 2.41666E-2 2.16706E-2 5.01682E-4 1.80718E-4 1.38553E-6 1.23096E-9 3.48745E-6 4.24E-4 3.177E-3 4.22256E-4 3.40652E-6 5.72873E-10 1.08694E-9 3.99911E-12 7.31299E-14 2.33629E-14 3.13687E-15 2.53806E-15 4.95707E-15 4.1278E-14 4.882E-13 1.26492E-11 5.20603E-11 1.04283E-13 6.79281E-14 1.61074E-9 3.17376E-15 1.68861E-16 4.85166E-15 4.69728E-15 1.13457E-13 2.86317E-18 -9999
1.32005E-9 7.47751E-11 1.07512E-9 2.94924E-9 3.99773E-9 3.18387E-7 1.77128E-6 1.36665E-6 6.92648E-7 6.11603E-6 1.76424E-6 1.23847E-6 6.27634E-6 1.0003E-5 4.85683E-4 1.66937E-3 1.11977E-2 3.06988E-2 1.10899E-2 1.04672E-3 2.38863E-3 4.59251E-3 4.55892E-2 1.18167E-1 2.00795E-1 3.02574E-1 1.99162E-1 2.74062E-1 3.79512E-1 3.86753E-1 4.05189E-1 3.79487E-1 2.8347E-1 7.90134E-2 1.85928E-2 1.5425E-2 2.04045E-2 4.61985E-2 2.14797E-2 5.67838E-2 4.92562E-2 1.94354E-3 1.64639E-8 2.5169E-9 4.49193E-6 4.71694E-4 3.72054E-3 6.32227E-4 1.07952E-7 1.28317E-8 2.72851E-9 9.8043E-11 1.67122E-14 5.26994E-16 4.48595E-14 2.16193E-14 1.29576E-13 8.29906E-12 1.30883E-15 2.00697E-13 9.44293E-15 2.38507E-16 4.07788E-12 4.13967E-12 2.14069E-16 4.98308E-18 2.73293E-16 3.69809E-15 1.29438E-13 -9999
8.18141E-10 4.11042E-11 3.33721E-9 5.61304E-9 3.77697E-8 5.63188E-7 8.75682E-6 4.77687E-6 2.51812E-6 3.35656E-6 1.40835E-5 2.07628E-5 3.41196E-6 1.84544E-6 6.33088E-4 1.72905E-2 3.72619E-2 8.22477E-2 5.78118E-2 2.03268E-2 4.84184E-2 7.0701E-2 2.00596E-1 3.0066E-1 3.90919E-1 3.51291E-1 3.41282E-1 4.15523E-1 4.08458E-1 3.75193E-1 3.70257E-1 3.64008E-1 3.01581E-1 1.5191E-1 6.8101E-2 5.3747E-2 3.63261E-2 3.85451E-2 6.23539E-2 9.49605E-2 8.70328E-2 1.44301E-2 1.29075E-5 5.24152E-10 1.27903E-8 2.75379E-6 2.65804E-5 3.0262E-5 2.93156E-7 1.43731E-8 4.39848E-7 1.69607E-9 2.80626E-12 9.19639E-14 7.38771E-15 8.81579E-15 9.21661E-13 1.46362E-11 2.58634E-13 2.80842E-15 7.3495E-14 3.84753E-16 1.51114E-14 1.07594E-15 2.53288E-13 3.05558E-17 1.76935E-18 2.4071E-15 2.5885E-13 -9999
4.01198E-9 5.34811E-10 2.15638E-9 1.24285E-9 1.39132E-7 4.65169E-6 2.39782E-5 3.11721E-5 1.66837E-5 5.00041E-5 5.22222E-5 2.20598E-6 5.53318E-5 1.08651E-4 6.04512E-3 3.83228E-2 8.04991E-2 8.8119E-2 1.29705E-1 1.62679E-1 1.89041E-1 1.98589E-1 2.65967E-1 3.83681E-1 4.54826E-1 4.49073E-1 4.31589E-1 4.37399E-1 4.21965E-1 3.98619E-1 4.02555E-1 3.78271E-1 3.50425E-1 3.09373E-1 1.99227E-1 1.55444E-1 1.1914E-1 6.35775E-2 3.33221E-2 5.49129E-2 9.47763E-2 6.19868E-2 9.90102E-3 3.37731E-6 1.86964E-5 4.07044E-7 1.08713E-7 2.25414E-6 4.2549E-8 3.62114E-6 5.33411E-5 2.50429E-6 3.33783E-10 5.38071E-10 5.36627E-11 3.09005E-15 3.35428E-15 8.65096E-12 3.05433E-15 7.39764E-14 1.01067E-14 1.10348E-14 3.96226E-15 9.45361E-15 8.67391E-15 2.0981E-14 1.43555E-16 3.29364E-17 8.97017E-16 -9999
2.00372E-8 1.66496E-8 2.52826E-8 5.78564E-7 5.94118E-6 1.89833E-5 3.1826E-5 2.47031E-5 4.45443E-5 5.05054E-5 7.35683E-6 1.2478E-6 6.58445E-5 1.34716E-3 1.70327E-2 3.64853E-2 4.57103E-2 1.17517E-1 1.76685E-1 2.2032E-1 2.21694E-1 2.95795E-1 3.47437E-1 3.75856E-1 3.95795E-1 4.11412E-1 4.36456E-1 4.16356E-1 4.18806E-1 4.27905E-1 4.20331E-1 4.31455E-1 4.49275E-1 3.97153E-1 3.31265E-1 3.06578E-1 2.59987E-1 1.0828E-1 3.80659E-2 3.64622E-2 1.06613E-1 1.08539E-1 7.68628E-2 1.82509E-2 3.71655E-3 1.71995E-4 1.52504E-4 6.75123E-5 1.29381E-6 7.56648E-7 2.14589E-5 5.41405E-7 1.01049E-7 6.11126E-8 7.38648E-12 4.69111E-13 1.76965E-15 2.4998E-14 2.56308E-13 2.08216E-13 4.61003E-13 1.29942E-13 6.6903E-14 7.88229E-15 4.1573E-15 6.94415E-16 3.42561E-14 1.12448E-13 1.74169E-15 1.20888E-12
2.04446E-7 1.3149E-7 5.78384E-7 4.3244E-6 1.45938E-5 2.19583E-5 1.02027E-5 8.23081E-6 3.56731E-5 2.43601E-5 4.52863E-6 1.16312E-5 4.83516E-5 3.11193E-4 2.42943E-3 2.80282E-2 9.24603E-2 1.74028E-1 2.24685E-1 2.64001E-1 2.97681E-1 3.41094E-1 3.58774E-1 2.70872E-1 2.72284E-1 3.81546E-1 4.43247E-1 4.40494E-1 4.40217E-1 4.2527E-1 4.30684E-1 4.3584E-1 4.39051E-1 4.1479E-1 4.00673E-1 3.82222E-1 3.36867E-1 2.17705E-1 1.04859E-1 5.45033E-2 7.82243E-2 6.99161E-2 2.9817E-2 1.58822E-2 9.39595E-4 6.55788E-4 1.75516E-4 1.69497E-5 1.35229E-5 1.74546E-5 5.05019E-6 1.65971E-6 9.26043E-8 7.63177E-9 1.26058E-7 2.59811E-11 2.10402E-13 1.59216E-15 4.57692E-15 6.12998E-14 2.33629E-14 1.42005E-13 2.24896E-14 2.10544E-15 6.70836E-17 2.48351E-15 2.07061E-17 3.57559E-14 1.29321E-11 7.45684E-14
2.69346E-7 6.83471E-7 2.93589E-6 9.75267E-6 1.72928E-5 1.23488E-5 1.46723E-5 4.32385E-5 1.84368E-5 7.38646E-6 2.44178E-5 1.04917E-4 9.22746E-4 4.2617E-3 1.70226E-2 3.24329E-2 1.22797E-1 2.04398E-1 2.47364E-1 2.72399E-1 3.0277E-1 3.4072E-1 3.34304E-1 3.93477E-1 4.2098E-1 4.26415E-1 4.25572E-1 4.17906E-1 4.1214E-1 3.92251E-1 3.9319E-1 3.93726E-1 3.88289E-1 4.15519E-1 4.41715E-1 4.64999E-1 4.40242E-1 3.64136E-1 2.58388E-1 1.62892E-1 1.04161E-1 6.18629E-2 1.75621E-2 1.84128E-3 8.94163E-5 1.41163E-5 4.05561E-7 1.02635E-6 7.68373E-7 6.54415E-8 1.15817E-7 1.02517E-7 1.49467E-7 2.95126E-7 8.34709E-8 3.30598E-10 1.52706E-12 1.07884E-12 4.74301E-15 4.11501E-15 3.04007E-14 5.73438E-13 2.4221E-14 3.03831E-15 4.00769E-15 3.56838E-14 7.06268E-16 3.07913E-15 2.3754E-14 5.22509E-12
3.5468E-6 9.27069E-6 1.75373E-5 1.77628E-5 2.63253E-5 3.2937E-5 5.24613E-5 4.08457E-5 6.21826E-6 2.8885E-5 3.88156E-5 3.53513E-4 1.48909E-4 3.52089E-4 1.80831E-4 5.20525E-3 5.07755E-2 1.51298E-1 2.42727E-1 2.65675E-1 2.94099E-1 3.20288E-1 3.37674E-1 3.71678E-1 3.95972E-1 4.06543E-1 3.71599E-1 3.98689E-1 3.78036E-1 3.45969E-1 3.26257E-1 3.11974E-1 3.13295E-1 3.45467E-1 3.9472E-1 4.90131E-1 5.12515E-1 4.88759E-1 4.18346E-1 3.52001E-1 2.68991E-1 1.59293E-1 5.61165E-2 1.10797E-2 1.3237E-3 8.80682E-5 5.62428E-7 3.36554E-9 1.65307E-7 1.15746E-8 2.02517E-9 4.61156E-11 5.34253E-12 5.58234E-9 2.34329E-8 1.9926E-9 1.48083E-9 5.72114E-13 5.94369E-13 3.66912E-12 1.43798E-14 4.74301E-15 2.49573E-14 1.44409E-14 1.05977E-14 4.16336E-14 2.74024E-13 8.06714E-13 3.31618E-16 5.51334E-12
2.67827E-5 2.24985E-5 1.72246E-5 3.59783E-5 4.89213E-5 5.46498E-5 5.49629E-5 3.34886E-5 7.04387E-5 3.04005E-4 1.0957E-4 2.77374E-4 4.21926E-5 5.63405E-5 6.98156E-4 9.96247E-3 4.73169E-2 8.04836E-2 2.25123E-1 2.60438E-1 2.74442E-1 2.99248E-1 3.196E-1 3.44399E-1 3.72497E-1 3.83366E-1 3.82879E-1 3.05696E-1 2.6343E-1 2.53111E-1 3.3207E-1 3.8278E-1 4.2795E-1 4.43247E-1 4.83272E-1 5.20266E-1 5.39436E-1 5.39844E-1 5.32127E-1 5.0588E-1 4.65098E-1 3.68058E-1 2.2792E-1 1.7997E-1 5.82313E-2 8.9475E-3 4.02301E-4 1.10608E-6 3.09445E-9 9.63979E-11 4.21333E-12 2.46787E-15 3.80567E-18 1.02931E-12 3.30829E-8 1.1871E-9 1.90308E-10 4.18819E-9 9.15552E-10 2.07669E-11 1.41295E-14 3.4662E-14 6.46601E-15 2.1079E-15 3.41417E-15 2.47414E-15 3.76511E-15 7.07804E-13 3.84423E-15 5.01731E-14
4.92164E-5 1.10669E-5 3.20271E-5 5.80608E-5 6.09608E-5 4.30277E-5 4.5721E-5 5.8943E-5 1.25849E-4 8.3881E-4 6.38237E-4 2.34569E-4 4.19603E-4 2.57709E-3 5.94315E-3 3.93407E-2 1.26694E-1 1.82761E-1 2.16146E-1 2.39363E-1 2.58345E-1 2.62717E-1 2.70098E-1 3.05236E-1 3.26648E-1 3.46333E-1 3.59756E-1 3.63024E-1 3.35949E-1 3.99066E-1 4.44534E-1 4.44997E-1 4.37124E-1 4.23654E-1 4.4865E-1 4.82402E-1 5.16221E-1 5.37859E-1 5.47081E-1 5.48418E-1 5.37769E-1 5.13792E-1 4.4341E-1 4.59205E-1 3.36682E-1 1.34305E-1 3.18449E-2 3.93252E-3 7.8397E-5 1.43762E-7 1.03406E-9 3.56746E-16 3.94928E-21 6.89108E-13 3.12064E-12 1.60145E-8 4.47147E-9 1.63853E-9 1.03472E-8 1.71916E-9 1.1249E-13 2.55414E-12 3.12016E-13 7.92301E-12 2.45316E-14 8.92769E-16 3.86055E-15 -9999 -9999 5.94968E-16
3.49139E-5 6.45705E-5 5.52147E-5 3.98548E-5 2.6288E-5 2.90822E-5 3.24323E-5 2.39241E-5 6.97672E-5 5.20253E-4 3.76126E-3 2.79222E-3 7.33247E-3 2.51596E-2 3.15095E-2 7.22941E-2 1.42721E-1 1.87642E-1 1.99269E-1 2.17144E-1 2.31305E-1 2.43516E-1 2.47606E-1 2.65847E-1 2.79273E-1 2.9573E-1 3.13968E-1 3.41183E-1 3.73114E-1 4.03556E-1 4.29029E-1 4.31121E-1 4.20871E-1 4.13791E-1 4.19469E-1 4.47716E-1 4.7316E-1 5.07205E-1 5.27803E-1 5.37426E-1 5.47081E-1 5.40703E-1 5.22951E-1 5.09601E-1 4.662E-1 3.48744E-1 2.07913E-1 6.5667E-2 7.86824E-3 1.3051E-4 9.75187E-8 3.09912E-12 1.30145E-23 4.44499E-27 1.16331E-11 1.25732E-8 2.58642E-8 1.17573E-9 5.47847E-9 3.73881E-8 2.62309E-11 1.51487E-12 4.5118E-15 2.36325E-12 1.7497E-10 9.20179E-13 1.8044E-14 -9999 -9999 -9999
8.0123E-5 5.22524E-5 2.87615E-5 2.17701E-5 2.49743E-5 5.34259E-5 5.39127E-5 1.20625E-4 2.71513E-4 1.68388E-4 5.65627E-3 1.51836E-2 2.63248E-2 4.94491E-2 8.72966E-2 1.01638E-1 1.58502E-1 1.76162E-1 1.88386E-1 1.9685E-1 2.10691E-1 2.1539E-1 2.17736E-1 2.24203E-1 2.34912E-1 2.47561E-1 2.6401E-1 2.87981E-1 3.22992E-1 3.59077E-1 3.97608E-1 4.13076E-1 4.15221E-1 3.93093E-1 3.86957E-1 4.07131E-1 4.2606E-1 4.58122E-1 4.9271E-1 5.2052E-1 5.44469E-1 5.41854E-1 5.31429E-1 5.23843E-1 4.99869E-1 4.57044E-1 3.53611E-1 1.89243E-1 5.46603E-2 6.5548E-3 3.10851E-5 2.97543E-9 2.27245E-14 3.22492E-25 7.04925E-31 3.25741E-22 1.15311E-12 7.03346E-9 2.2434E-10 1.63864E-8 1.04834E-8 1.66027E-12 1.00379E-14 2.30165E-12 2.62697E-10 5.80445E-10 7.75215E-11 4.66839E-9 -9999 -9999
5.8943E-5 1.25264E-4 6.73288E-5 5.46184E-5 7.10732E-5 1.04709E-4 2.04119E-4 2.89526E-4 6.93125E-4 6.00929E-4 2.46766E-3 2.02851E-2 4.12563E-2 4.66178E-2 6.56605E-2 3.99336E-2 1.43905E-1 1.61977E-1 1.75334E-1 1.8527E-1 1.91753E-1 1.88386E-1 1.88386E-1 1.90066E-1 1.91371E-1 2.0546E-1 2.21287E-1 2.36709E-1 2.71368E-1 3.15655E-1 3.49872E-1 3.67799E-1 3.71226E-1 3.56635E-1 3.59538E-1 3.62856E-1 3.90228E-1 4.2098E-1 4.64392E-1 5.11613E-1 5.44849E-1 5.48718E-1 5.39006E-1 5.23843E-1 4.96694E-1 4.7005E-1 4.09962E-1 3.04897E-1 1.60473E-1 5.18199E-2 1.0324E-3 2.57193E-7 6.57859E-13 2.79131E-14 6.98088E-22 8.76077E-20 1.26435E-15 6.2731E-13 1.71673E-11 1.77569E-10 1.60656E-8 1.02695E-10 2.31998E-12 3.96006E-13 2.58949E-11 2.78126E-12 1.08719E-12 1.86792E-8 -9999 -9999
4.08853E-4 1.35309E-4 1.75391E-4 1.65961E-4 2.31695E-4 2.56478E-4 3.99654E-4 6.27903E-4 1.25303E-3 1.26698E-3 3.72307E-3 4.95445E-3 3.36326E-2 4.31041E-2 2.76671E-2 1.51419E-2 1.27186E-1 1.55548E-1 1.59352E-1 1.68852E-1 1.68852E-1 1.65559E-1 1.45661E-1 1.48634E-1 1.5621E-1 1.70335E-1 1.80079E-1 1.9685E-1 2.2954E-1 2.65847E-1 3.03037E-1 3.28236E-1 3.31336E-1 3.24314E-1 3.18545E-1 3.41783E-1 3.62291E-1 3.94998E-1 4.40911E-1 4.94753E-1 5.38693E-1 5.55192E-1 5.37215E-1 5.14524E-1 4.79587E-1 4.48722E-1 4.32647E-1 3.7804E-1 2.73097E-1 1.68278E-1 2.62842E-2 1.54933E-5 3.53387E-12 7.16809E-12 2.28623E-10 9.79107E-13 4.06047E-13 5.93082E-10 1.83334E-10 1.76002E-9 5.9404E-10 3.16581E-9 2.1556E-11 2.78483E-11 7.2733E-12 5.35879E-11 1.6928E-8 7.80566E-8 -9999 -9999
3.65436E-4 2.73198E-4 3.06566E-4 3.78597E-4 3.95195E-4 4.75361E-4 6.45806E-4 9.30179E-4 1.95983E-3 2.35897E-3 2.97774E-3 7.4173E-3 2.15166E-2 3.41118E-2 6.05577E-3 4.6836E-3 9.49617E-2 1.42982E-1 1.53105E-1 1.52944E-1 1.47026E-1 1.41083E-1 1.27035E-1 1.27035E-1 1.34015E-1 1.44155E-1 1.59352E-1 1.72078E-1 1.93446E-1 2.32043E-1 2.65847E-1 2.97558E-1 3.19413E-1 3.13933E-1 3.11937E-1 3.20789E-1 3.33085E-1 3.67325E-1 4.18021E-1 4.80469E-1 5.34251E-1 5.61264E-1 5.43032E-1 5.18098E-1 4.89381E-1 4.61611E-1 4.65501E-1 4.33967E-1 3.76906E-1 2.87971E-1 1.32469E-1 1.89347E-2 4.23519E-4 4.35154E-5 1.75188E-6 5.52381E-6 1.47817E-7 1.30296E-8 7.45932E-10 4.96022E-11 3.78348E-10 4.64286E-9 3.58151E-8 2.89553E-7 2.18862E-7 2.12249E-7 4.22793E-7 2.42245E-11 3.29278E-13 -9999
3.9343E-4 2.47767E-4 1.9958E-4 2.70277E-4 4.04428E-4 4.31898E-4 8.57006E-4 1.159E-3 1.55382E-3 1.28031E-3 2.26102E-3 1.15926E-2 3.29676E-2 1.84123E-2 7.9148E-3 1.25469E-2 6.09901E-2 1.38942E-1 1.44038E-1 1.37936E-1 1.36168E-1 1.31849E-1 1.21104E-1 1.18428E-1 1.21104E-1 1.25465E-1 1.35279E-1 1.47026E-1 1.70489E-1 1.95444E-1 2.37473E-1 2.87369E-1 3.17492E-1 3.37428E-1 3.3533E-1 3.22888E-1 3.13933E-1 3.42379E-1 3.8993E-1 4.47303E-1 5.06183E-1 5.39733E-1 5.4038E-1 5.35168E-1 5.19829E-1 5.18199E-1 5.1093E-1 4.85204E-1 4.35575E-1 3.79199E-1 3.09844E-1 1.78399E-1 3.55011E-2 9.9139E-3 1.18776E-3 2.71097E-4 2.39664E-5 6.69143E-8 8.20064E-9 3.91974E-8 1.7936E-7 6.79855E-7 3.32333E-8 2.90737E-9 2.34562E-9 2.51438E-8 3.10451E-11 2.52265E-11 5.41417E-13 -9999
3.16438E-4 2.83039E-4 2.58285E-4 2.97367E-4 4.36129E-4 5.84721E-4 4.56047E-4 6.93125E-4 9.77872E-4 1.80875E-3 5.36542E-3 1.79752E-2 1.73069E-2 9.37866E-3 1.03943E-2 1.98425E-2 4.12308E-2 1.30841E-1 1.36939E-1 1.32874E-1 1.3144E-1 1.23031E-1 1.1673E-1 1.14104E-1 1.07707E-1 1.10237E-1 1.13189E-1 1.21104E-1 1.39397E-1 1.70489E-1 2.16771E-1 2.82815E-1 3.39342E-1 3.68225E-1 3.55526E-1 3.24842E-1 3.04862E-1 3.21225E-1 3.62142E-1 4.02788E-1 4.55428E-1 4.853E-1 5.05002E-1 5.15742E-1 5.22436E-1 5.24659E-1 5.35055E-1 5.30716E-1 4.98271E-1 4.66278E-1 4.77512E-1 3.91864E-1 2.23299E-1 4.77274E-2 2.09359E-2 1.51249E-3 5.5479E-5 9.79701E-7 9.41332E-6 7.43557E-6 8.79508E-8 1.08803E-8 9.50459E-8 2.71727E-7 2.69965E-7 1.07883E-9 8.63736E-12 7.62097E-13 2.21293E-13 6.77931E-13
2.28307E-4 1.21103E-4 1.93232E-4 3.35826E-4 4.64659E-4 4.45499E-4 8.34234E-4 1.64034E-3 1.97782E-3 1.89378E-3 7.81212E-3 1.71453E-2 8.84539E-3 1.04624E-2 1.21358E-2 4.11939E-2 5.84829E-2 1.29631E-1 1.31253E-1 1.28599E-1 1.23907E-1 1.22527E-1 1.17102E-1 1.04752E-1 1.02296E-1 9.98787E-2 9.67976E-2 1.00347E-1 1.12805E-1 1.45331E-1 1.95716E-1 2.7423E-1 3.62951E-1 3.96548E-1 3.61092E-1 3.19327E-1 3.00915E-1 3.04606E-1 3.26648E-1 3.65611E-1 3.93179E-1 4.24332E-1 4.43643E-1 4.92017E-1 5.28888E-1 5.34298E-1 5.38026E-1 5.48756E-1 5.4474E-1 5.37083E-1 5.19803E-1 4.41771E-1 3.0498E-1 1.953E-1 8.23037E-2 1.74487E-2 3.95582E-4 1.34731E-5 5.0228E-6 5.21644E-7 1.34183E-6 2.90711E-8 1.59567E-7 1.94299E-7 1.17959E-6 4.14132E-7 5.29886E-10 2.98926E-12 2.65906E-9 4.95969E-10
2.35312E-4 5.0288E-5 3.10181E-4 1.35922E-3 3.47122E-3 2.85112E-3 2.07479E-3 2.75937E-3 5.31502E-3 7.2687E-3 1.38739E-2 1.04354E-2 8.93088E-3 8.9103E-3 2.47629E-2 4.0048E-2 4.1569E-2 1.13386E-1 1.26585E-1 1.23907E-1 1.18565E-1 1.1652E-1 1.08671E-1 1.00554E-1 9.46323E-2 9.00719E-2 8.56682E-2 8.35247E-2 9.17264E-2 1.2074E-1 1.66985E-1 2.46485E-1 3.73753E-1 4.00353E-1 3.42817E-1 3.00436E-1 2.81772E-1 2.82438E-1 2.99068E-1 3.24822E-1 3.40999E-1 3.64892E-1 4.18308E-1 4.97753E-1 5.34164E-1 5.3158E-1 5.34655E-1 5.49267E-1 5.55297E-1 5.52091E-1 5.23559E-1 4.54984E-1 3.91072E-1 3.06731E-1 2.34086E-1 8.12631E-2 6.5548E-3 1.26707E-5 3.92043E-7 3.05304E-7 3.30551E-8 3.41762E-8 1.0782E-8 6.65907E-9 1.52307E-8 9.25916E-8 6.56586E-8 4.41879E-9 1.32427E-9 1.07815E-12
3.36323E-4 4.44785E-4 1.7329E-3 1.5677E-3 2.56999E-3 5.91795E-3 5.53758E-3 5.75578E-3 7.28337E-3 8.16376E-3 9.38007E-3 1.14743E-2 1.43432E-2 2.00778E-2 3.94408E-2 5.38658E-2 2.62742E-2 1.20326E-1 1.25822E-1 1.15771E-1 1.09879E-1 1.06746E-1 1.01754E-1 9.69222E-2 9.06135E-2 8.50902E-2 8.08481E-2 7.5764E-2 7.9354E-2 1.13136E-1 1.46198E-1 2.09871E-1 2.92845E-1 3.1519E-1 2.78022E-1 2.54722E-1 2.52865E-1 2.59474E-1 2.6874E-1 2.82438E-1 2.97221E-1 3.23035E-1 3.8993E-1 4.70838E-1 5.02584E-1 5.08993E-1 5.14156E-1 5.3818E-1 5.59666E-1 5.62232E-1 5.45338E-1 5.15408E-1 5.14779E-1 4.3797E-1 3.35683E-1 2.14741E-1 6.23329E-2 5.48043E-4 8.83928E-9 6.56338E-10 3.20378E-10 3.38567E-10 1.00167E-12 2.47113E-11 1.23997E-12 7.05622E-11 1.07289E-9 1.64798E-8 6.47847E-10 6.81199E-11
5.39706E-4 1.03712E-4 6.04793E-5 3.60785E-4 1.54506E-3 2.25617E-3 2.62048E-3 3.10708E-3 4.21202E-3 8.29965E-3 1.40511E-2 2.03879E-2 2.55887E-2 3.73912E-2 5.74946E-2 7.46849E-2 6.93858E-2 1.25813E-1 1.23483E-1 1.12551E-1 9.98232E-2 9.62198E-2 9.1557E-2 9.27076E-2 8.81657E-2 8.59551E-2 8.23256E-2 7.81706E-2 8.77406E-2 1.03637E-1 1.33837E-1 1.69983E-1 2.13476E-1 2.27924E-1 2.24262E-1 2.14979E-1 2.20368E-1 2.33105E-1 2.52865E-1 2.66883E-1 2.7618E-1 2.93525E-1 3.74849E-1 4.40843E-1 4.69597E-1 4.84434E-1 4.86795E-1 5.12513E-1 5.5667E-1 5.71978E-1 5.6052E-1 5.56459E-1 5.61904E-1 5.37964E-1 4.51315E-1 3.48427E-1 1.68562E-1 2.55712E-2 3.76682E-5 1.28598E-11 1.02177E-16 2.99659E-16 4.92194E-18 1.2934E-18 8.51364E-18 2.81748E-15 2.00442E-12 3.14308E-10 1.20609E-9 2.71969E-10
5.70842E-4 2.55575E-4 3.72404E-5 5.62368E-5 6.85243E-4 2.62667E-3 4.72487E-3 6.50426E-3 1.12464E-2 2.13573E-2 2.79428E-2 3.17816E-2 3.57298E-2 4.0048E-2 4.92251E-2 5.97822E-2 6.28544E-2 1.23443E-1 1.24758E-1 1.0488E-1 9.42835E-2 8.85447E-2 8.74274E-2 8.74274E-2 8.85447E-2 9.08098E-2 8.74274E-2 8.2714E-2 8.88534E-2 9.93178E-2 1.19215E-1 1.39719E-1 1.66326E-1 1.7832E-1 1.76873E-1 1.73698E-1 1.80347E-1 2.02589E-1 2.34942E-1 2.6966E-1 2.82815E-1 2.9297E-1 3.59077E-1 4.33593E-1 4.66538E-1 4.6247E-1 4.32073E-1 4.56936E-1 5.35565E-1 5.7232E-1 5.79386E-1 5.73294E-1 5.77515E-1 5.57223E-1 5.15704E-1 4.36529E-1 1.98604E-1 6.08876E-2 5.39943E-3 7.74741E-6 7.48508E-11 1.87818E-14 4.87824E-14 2.52117E-18 1.38287E-23 7.21363E-19 1.04435E-13 1.45491E-10 6.26023E-10 1.9669E-8
1.49639E-3 5.8359E-3 7.93932E-3 2.93392E-3 1.44688E-3 3.76169E-3 1.0438E-2 1.66628E-2 2.04146E-2 3.33448E-2 4.9619E-2 4.70495E-2 4.99134E-2 4.32796E-2 3.64531E-2 6.93372E-2 4.30328E-2 1.39272E-1 1.242E-1 9.42835E-2 8.22863E-2 8.33594E-2 8.22863E-2 8.33594E-2 9.11552E-2 9.46495E-2 9.23097E-2 8.96722E-2 8.92861E-2 9.5039E-2 1.06746E-1 1.22684E-1 1.36206E-1 1.45749E-1 1.49258E-1 1.52353E-1 1.58962E-1 1.82027E-1 2.16996E-1 2.479E-1 2.59129E-1 2.80932E-1 3.57502E-1 4.33403E-1 4.69859E-1 4.72567E-1 4.19175E-1 4.33403E-1 5.1979E-1 5.59019E-1 5.7616E-1 5.8543E-1 5.7393E-1 5.79472E-1 4.91876E-1 4.07785E-1 2.83684E-1 1.45634E-1 4.70277E-2 5.67845E-3 3.06243E-6 1.87518E-8 1.0806E-10 1.7571E-13 1.80557E-15 3.32701E-19 4.08494E-15 1.19998E-9 1.9207E-6 5.43313E-7
6.62308E-3 5.53472E-2 8.53664E-2 1.16464E-1 4.99041E-2 8.32416E-3 1.19746E-2 4.58168E-2 6.57462E-2 7.34255E-2 7.64932E-2 6.6656E-2 6.40032E-2 3.21931E-2 6.25602E-2 1.00072E-1 6.3186E-2 1.48064E-1 1.19795E-1 9.0011E-2 7.93616E-2 8.14683E-2 8.12233E-2 8.01703E-2 8.80322E-2 9.26132E-2 9.03021E-2 8.33594E-2 8.5536E-2 8.5223E-2 9.66504E-2 1.07304E-1 1.23358E-1 1.26892E-1 1.30388E-1 1.35294E-1 1.50801E-1 1.71894E-1 2.06289E-1 2.29762E-1 2.39014E-1 2.69185E-1 3.36818E-1 4.19075E-1 4.55881E-1 4.67425E-1 4.52918E-1 4.98976E-1 5.2569E-1 5.43323E-1 5.57157E-1 5.80886E-1 5.70308E-1 5.61787E-1 5.7617E-1 5.11859E-1 4.14355E-1 2.8618E-1 1.54387E-1 5.42701E-2 1.18275E-3 5.48017E-5 9.33224E-5 7.50084E-6 2.66558E-10 2.8767E-9 6.77494E-12 1.06248E-9 3.70382E-10 2.99978E-9
1.95358E-2 8.80847E-2 1.29539E-1 1.51206E-1 1.52271E-1 6.98313E-2 4.78013E-2 6.86413E-2 8.11249E-2 4.58952E-2 4.68269E-2 4.29868E-2 4.90136E-2 9.95449E-2 1.02642E-1 7.09179E-2 1.34067E-1 1.56194E-1 1.25383E-1 1.00085E-1 8.9162E-2 8.25368E-2 8.04099E-2 7.93616E-2 8.25368E-2 8.14683E-2 7.93616E-2 7.83234E-2 7.60582E-2 8.12233E-2 8.88769E-2 1.00679E-1 1.07807E-1 1.17846E-1 1.21301E-1 1.24724E-1 1.41213E-1 1.65076E-1 1.92047E-1 2.1167E-1 2.24419E-1 2.46802E-1 2.94076E-1 3.58771E-1 4.10972E-1 4.36125E-1 4.46468E-1 4.82874E-1 5.0716E-1 4.98565E-1 5.13044E-1 5.39235E-1 5.57809E-1 5.74409E-1 5.8553E-1 5.73646E-1 5.19816E-1 4.03597E-1 2.57457E-1 1.15324E-1 1.972E-2 2.60534E-3 1.8629E-3 3.74339E-3 8.14426E-4 1.11191E-6 3.60622E-13 5.02019E-12 4.41815E-9 1.24051E-10
7.83796E-2 9.72623E-2 1.08019E-1 1.0768E-1 1.23907E-1 1.34015E-1 9.94758E-2 7.39484E-2 6.96114E-2 6.57029E-2 7.31551E-2 8.60471E-2 1.29503E-1 1.34489E-1 1.46283E-1 1.00744E-1 1.88029E-1 1.64621E-1 1.44389E-1 1.21178E-1 1.00085E-1 8.36155E-2 7.72952E-2 7.52688E-2 7.23036E-2 7.52688E-2 7.42705E-2 7.23036E-2 7.13349E-2 7.52688E-2 8.36155E-2 9.37842E-2 1.06066E-1 1.14853E-1 1.21175E-1 1.26174E-1 1.40042E-1 1.52976E-1 1.64691E-1 1.81394E-1 1.88572E-1 2.13442E-1 2.52713E-1 3.06405E-1 3.54419E-1 3.89688E-1 4.19517E-1 4.53592E-1 4.67215E-1 4.50482E-1 4.24568E-1 4.22891E-1 5.28377E-1 5.69313E-1 5.79271E-1 5.78035E-1 5.7296E-1 4.75785E-1 3.2308E-1 2.02005E-1 9.84246E-2 3.02012E-2 1.52247E-2 2.37769E-2 2.40435E-2 4.78152E-4 6.77891E-8 2.62207E-10 4.86581E-10 1.41609E-10
6.82708E-2 7.66838E-2 7.42899E-2 7.9159E-2 8.91131E-2 1.12183E-1 1.19324E-1 9.60053E-2 9.02052E-2 9.43452E-2 1.14386E-1 1.07473E-1 1.27567E-1 1.56183E-1 1.53096E-1 1.53857E-1 1.87409E-1 1.85166E-1 1.67763E-1 1.43362E-1 1.14298E-1 8.58034E-2 7.34462E-2 7.05274E-2 7.03759E-2 7.03759E-2 6.75575E-2 6.76969E-2 6.76969E-2 7.34462E-2 8.49205E-2 9.64292E-2 1.06388E-1 1.17019E-1 1.25007E-1 1.2397E-1 1.29681E-1 1.2903E-1 1.34101E-1 1.46749E-1 1.60959E-1 1.80977E-1 2.18805E-1 2.6442E-1 3.07066E-1 3.44001E-1 3.87458E-1 4.2657E-1 4.52777E-1 4.46395E-1 4.24874E-1 4.44782E-1 5.46683E-1 5.61845E-1 5.09539E-1 5.20531E-1 5.84581E-1 5.34013E-1 3.80068E-1 2.81147E-1 2.08792E-1 1.07809E-1 7.18334E-2 6.23329E-2 3.89149E-2 6.20517E-3 2.21562E-4 6.41547E-7 5.54355E-8 6.62686E-9
