KUENM/Final_Models/M_0.1_F_lq_Set_2_NE/sp1_2_se_asia.asc
ncols         320
nrows         243
xllcorner     44.0
yllcorner     -0.666666666666667
cellsize      0.166666666666667
NODATA_value  -9999
[rows 93 to 123 of 243, columns 210 to 279 of 320]
3.46742E-2 1.18863E-2 1.2772E-2 4.65336E-2 9.52375E-2 1.19158E-1 1.27992E-1 1.35598E-1 1.21349E-1 1.06941E-1 1.32405E-1 1.07923E-1 7.54834E-2 6.0091E-2 6.35567E-2 7.73523E-2 8.98467E-2 1.22797E-1 1.75727E-1 2.30279E-1 2.23618E-1 1.95811E-1 1.89838E-1 1.7819E-1 1.70225E-1 1.67878E-1 1.41436E-1 1.41671E-1 1.47904E-1 1.41384E-1 8.33473E-2 5.54779E-2 6.79607E-2 8.33473E-2 8.24323E-2 6.27031E-2 8.98467E-2 1.13619E-1 1.08352E-1 1.33593E-1 1.51559E-1 1.40427E-1 9.81546E-2 6.94545E-2 4.75992E-2 3.69996E-2 3.35638E-2 2.58851E-2 1.93026E-2 4.54395E-3 6.85651E-4 4.23248E-4 1.04692E-3 1.82375E-3 2.97524E-3 3.57187E-3 2.34852E-3 9.78897E-4 3.29469E-4 5.8498E-5 1.31063E-5 8.09159E-6 4.36234E-6 1.22155E-6 2.011E-7 3.00291E-8 3.27888E-9 3.11804E-10 3.45568E-11 6.10647E-12
3.01135E-2 1.81097E-2 3.03803E-2 5.66647E-2 9.0512E-2 8.19092E-2 1.12552E-1 1.39225E-1 1.26929E-1 9.85088E-2 9.8608E-2 8.86848E-2 7.99056E-2 7.90118E-2 9.04383E-2 8.49035E-2 8.24897E-2 1.05857E-1 1.25283E-1 1.48537E-1 1.60847E-1 1.69872E-1 1.5698E-1 1.36673E-1 1.12913E-1 1.11429E-1 9.49765E-2 8.66754E-2 8.95994E-2 9.70918E-2 1.08255E-1 1.2602E-1 9.2412E-2 7.09722E-2 4.66835E-2 4.09063E-2 4.21649E-2 3.04702E-2 2.56506E-2 4.26701E-2 7.77259E-2 9.23818E-2 5.60151E-2 4.65464E-2 4.71092E-2 3.21837E-2 2.74704E-2 1.97278E-2 1.26189E-2 5.81578E-3 2.76519E-3 2.15597E-3 1.8324E-3 1.13668E-3 1.48496E-3 3.1077E-3 2.52747E-3 9.73738E-4 2.67585E-4 4.65533E-5 9.35932E-6 1.37154E-5 7.31861E-6 1.48961E-6 2.41801E-7 3.26501E-8 4.80876E-9 6.48166E-10 1.27072E-10 3.84604E-11
5.28545E-2 4.85622E-2 2.49581E-2 5.80523E-2 8.86848E-2 7.29162E-2 8.07926E-2 9.63869E-2 9.10198E-2 8.2295E-2 6.94408E-2 6.42776E-2 6.86845E-2 8.2295E-2 9.38156E-2 8.29881E-2 6.75826E-2 6.79782E-2 6.6909E-2 9.37577E-2 8.36993E-2 1.11284E-1 9.80293E-2 7.66616E-2 6.39888E-2 6.07953E-2 5.08296E-2 4.85247E-2 4.74039E-2 6.2564E-2 1.09171E-1 1.31725E-1 6.83323E-2 4.89297E-2 3.78337E-2 4.14033E-2 4.41653E-2 2.14848E-2 1.52942E-2 2.26527E-2 4.6467E-2 5.10272E-2 2.66658E-2 2.11598E-2 3.12311E-2 2.91428E-2 2.40255E-2 1.49818E-2 1.05521E-2 7.71932E-3 6.33709E-3 5.9505E-3 4.39058E-3 1.62812E-3 1.43921E-3 2.45463E-3 2.14085E-3 1.0526E-3 3.33738E-4 8.13142E-5 3.0821E-5 2.31388E-5 8.60934E-6 1.38303E-6 1.76179E-7 2.83967E-8 5.14408E-9 8.54229E-10 2.41418E-10 1.29069E-10
5.59062E-2 5.09191E-2 2.04474E-2 6.78799E-2 6.35647E-2 4.33124E-2 3.75803E-2 4.68274E-2 4.52964E-2 3.91801E-2 3.29721E-2 3.04501E-2 4.68274E-2 7.2445E-2 7.34706E-2 6.81261E-2 5.42986E-2 4.42148E-2 4.17831E-2 4.51886E-2 3.78701E-2 3.93675E-2 5.02448E-2 4.22873E-2 3.5509E-2 3.0037E-2 2.56506E-2 2.86698E-2 2.74676E-2 3.66667E-2 4.36993E-2 3.28579E-2 3.67655E-2 4.41244E-2 3.5154E-2 3.74535E-2 3.63132E-2 3.20958E-2 3.60056E-2 3.68375E-2 3.02877E-2 3.31377E-2 2.97012E-2 4.8074E-2 3.44094E-2 3.11885E-2 2.71076E-2 1.09804E-2 1.0501E-2 1.11893E-2 8.93511E-3 1.10246E-2 1.15253E-2 4.62767E-3 3.06861E-3 3.01771E-3 2.3323E-3 1.19957E-3 4.56471E-4 1.44885E-4 4.96499E-5 2.01092E-5 6.07078E-6 8.96817E-7 1.1696E-7 2.18493E-8 6.68867E-9 1.53355E-9 6.19035E-10 2.62369E-10
2.88451E-2 3.12459E-2 3.58519E-2 4.38067E-2 3.28579E-2 3.05024E-2 2.68073E-2 2.28523E-2 1.65994E-2 1.47086E-2 1.17121E-2 1.49173E-2 3.3609E-2 6.70098E-2 7.01175E-2 5.44485E-2 3.87633E-2 2.74121E-2 1.91068E-2 1.76499E-2 1.60719E-2 1.40303E-2 2.03689E-2 1.74539E-2 1.50003E-2 1.26926E-2 1.09057E-2 1.12212E-2 1.36008E-2 1.16868E-2 8.52497E-3 5.2558E-3 6.13655E-3 1.88571E-2 2.75082E-2 1.99685E-2 1.29593E-2 1.15766E-2 9.25162E-3 8.52202E-3 6.3752E-3 9.2941E-3 1.9192E-2 2.8841E-2 3.80405E-2 4.41407E-2 4.13739E-2 2.24611E-2 1.78156E-2 2.24611E-2 8.40728E-3 6.26357E-3 6.87994E-3 6.06952E-3 5.09641E-3 4.62767E-3 3.06861E-3 1.62154E-3 6.65368E-4 2.00005E-4 6.14514E-5 1.71908E-5 4.43095E-6 7.14547E-7 8.0153E-8 2.37733E-8 1.15762E-8 4.78521E-9 1.39447E-9 -9999
2.63853E-2 3.37314E-2 3.87892E-2 3.03773E-2 2.39849E-2 2.00036E-2 1.43243E-2 1.05746E-2 6.6171E-3 4.99264E-3 3.96177E-3 1.0706E-2 3.12357E-2 6.81261E-2 7.938E-2 5.30671E-2 3.28048E-2 2.34196E-2 1.89282E-2 1.18521E-2 9.30408E-3 7.77544E-3 9.86594E-3 8.99445E-3 7.51929E-3 5.83807E-3 4.83362E-3 4.48463E-3 5.97644E-3 5.21261E-3 6.3161E-3 4.35381E-3 4.67778E-3 1.50364E-2 2.21107E-2 7.91907E-3 3.70055E-3 3.1768E-3 1.58954E-3 2.89049E-3 6.61281E-3 9.3124E-3 1.1056E-2 1.3422E-2 1.75088E-2 3.47028E-2 5.22407E-2 3.38274E-2 2.37913E-2 8.55136E-2 1.63692E-2 7.20826E-3 6.66865E-3 6.06952E-3 6.98785E-3 8.27978E-3 5.43251E-3 2.91823E-3 1.07687E-3 2.25385E-4 5.14722E-5 1.45712E-5 3.75066E-6 8.31568E-7 1.76179E-7 6.33236E-8 2.86482E-8 9.89645E-9 1.56505E-9 -9999
2.97586E-2 3.29564E-2 4.12017E-2 4.65158E-2 3.25567E-2 1.01183E-2 6.62716E-3 3.66927E-3 1.87977E-3 1.34534E-3 1.65243E-3 3.4876E-3 1.31431E-2 3.60072E-2 6.14767E-2 4.2054E-2 2.66316E-2 2.00234E-2 1.949E-2 1.73013E-2 8.99445E-3 5.30208E-3 5.152E-3 5.07176E-3 3.61055E-3 2.3091E-3 1.8847E-3 2.12044E-3 2.95136E-3 4.02611E-3 4.69858E-3 4.41802E-3 2.97197E-3 4.71647E-3 6.42055E-3 2.85476E-3 1.185E-3 1.54458E-3 1.56618E-3 1.12723E-2 2.09728E-2 9.50191E-3 4.84951E-3 7.44487E-3 1.03871E-2 2.24611E-2 4.9221E-2 5.88714E-2 2.65539E-2 6.02437E-2 4.98134E-2 2.28439E-2 1.07016E-2 6.26357E-3 6.26357E-3 1.3539E-2 1.4553E-2 9.21003E-3 1.28848E-3 1.57128E-4 2.9299E-5 9.88704E-6 3.69202E-6 1.10561E-6 3.42546E-7 1.36194E-7 6.80235E-8 1.75267E-8 1.3785E-9 3.45022E-11
5.57606E-2 5.41743E-2 6.56569E-2 5.42113E-2 2.93513E-2 1.39157E-2 6.41687E-3 2.16538E-3 6.04988E-4 5.86325E-4 1.06551E-3 2.32807E-3 3.50439E-3 8.96235E-3 1.4776E-2 1.45881E-2 1.64525E-2 1.60004E-2 1.99406E-2 2.44693E-2 1.25941E-2 6.41945E-3 3.87942E-3 2.98288E-3 1.85919E-3 9.6366E-4 7.07832E-4 9.14366E-4 1.28478E-3 1.84862E-3 2.35765E-3 1.87747E-3 1.46735E-3 9.53458E-4 1.36321E-3 1.80023E-3 1.99401E-3 2.55965E-3 4.13774E-3 1.5205E-2 1.61743E-2 7.3208E-3 4.3199E-3 6.67858E-3 1.4553E-2 1.96431E-2 3.48162E-2 4.99413E-2 2.76316E-2 3.40265E-2 6.90079E-2 4.75998E-2 2.57877E-2 1.02329E-2 3.44761E-3 3.80617E-3 7.55065E-3 2.03306E-3 3.05879E-4 6.31524E-5 1.81027E-5 6.87535E-6 3.22129E-6 1.17168E-6 3.45345E-7 1.23362E-7 5.3558E-8 1.13409E-8 5.30502E-10 -9999
7.52484E-2 7.89144E-2 7.73985E-2 6.06311E-2 3.21385E-2 1.71516E-2 5.30208E-3 1.45361E-3 5.17989E-4 6.13769E-4 9.58754E-4 2.29316E-3 5.12597E-3 8.07345E-3 6.20411E-3 1.93423E-3 2.97752E-3 6.12676E-3 1.71139E-2 3.4245E-2 1.80054E-2 7.71521E-3 3.34346E-3 1.80327E-3 1.0421E-3 5.9258E-4 3.39959E-4 3.11888E-4 3.59247E-4 5.17989E-4 8.71798E-4 7.20706E-4 3.24008E-4 1.82323E-4 3.9508E-4 1.41531E-3 3.18755E-3 3.34957E-3 4.07173E-3 5.70715E-3 4.52465E-3 3.92637E-3 3.80617E-3 5.81578E-3 1.14255E-2 1.31512E-2 2.07589E-2 2.29494E-2 1.76486E-2 2.29494E-2 3.82134E-2 4.21328E-2 4.00951E-2 1.15639E-2 1.65692E-3 9.6988E-4 2.38206E-3 3.37144E-4 9.31012E-5 4.04914E-5 1.35813E-5 5.47496E-6 2.67393E-6 9.02249E-7 1.86643E-7 3.63703E-8 8.56713E-9 1.241E-9 3.75268E-11 -9999
6.0091E-2 6.18701E-2 8.29881E-2 7.32707E-2 4.11692E-2 1.67708E-2 4.99264E-3 1.62571E-3 7.57592E-4 7.72131E-4 1.18241E-3 2.18198E-3 4.50474E-3 6.42452E-3 8.81042E-3 3.56215E-3 1.28885E-3 2.61304E-3 1.05277E-2 2.51068E-2 1.4368E-2 5.98836E-3 2.65819E-3 1.34046E-3 6.90977E-4 4.89511E-4 2.89851E-4 2.30132E-4 3.14555E-4 3.44201E-4 6.79575E-4 7.72249E-4 4.16274E-4 1.96587E-4 3.52384E-4 1.95514E-3 5.12853E-3 5.35831E-3 3.3485E-3 4.05657E-3 5.34665E-3 7.01133E-3 8.30756E-3 1.12267E-2 1.2588E-2 9.64597E-3 9.78272E-3 1.0628E-2 9.00707E-3 1.04706E-2 1.55351E-2 1.76486E-2 1.09275E-2 1.66251E-3 1.03699E-4 1.31634E-5 9.949E-5 1.34912E-4 6.3797E-5 3.20198E-5 7.86712E-6 2.83899E-6 1.22593E-6 3.2599E-7 3.78797E-8 3.48437E-9 3.43363E-10 4.03632E-11 -9999 3.63561E-15
4.09063E-2 5.14351E-2 6.74228E-2 8.03434E-2 4.09117E-2 1.47978E-2 4.40628E-3 1.27114E-3 7.56928E-4 6.18758E-4 1.08255E-3 2.60256E-3 6.27908E-3 6.91836E-3 5.30307E-3 3.88454E-3 4.30628E-3 6.50666E-3 8.08596E-3 7.01839E-3 5.21046E-3 1.8345E-3 1.39621E-3 9.75191E-4 9.2123E-4 7.11806E-4 5.38075E-4 5.28095E-4 7.49288E-4 1.61453E-3 3.61059E-3 2.54126E-3 8.61596E-4 4.30363E-4 7.72064E-4 3.12467E-3 5.24395E-3 5.16117E-3 4.46789E-3 3.92637E-3 7.39994E-3 1.15253E-2 1.69546E-2 2.49255E-2 1.47636E-2 1.07374E-2 7.23247E-3 6.94468E-3 5.05595E-3 3.77947E-3 5.4837E-3 7.27606E-3 2.40137E-3 1.76897E-4 1.31634E-5 2.13965E-6 4.08899E-6 2.45844E-5 2.56968E-5 1.372E-5 3.62844E-6 1.0092E-6 2.59063E-7 3.89461E-8 2.93451E-9 1.14361E-10 2.68144E-12 5.32217E-14 1.06112E-15 -9999
3.08611E-2 5.72294E-2 6.36213E-2 5.74755E-2 3.29183E-2 1.13788E-2 2.82745E-3 9.92837E-4 5.33009E-4 4.95995E-4 1.03864E-3 3.08217E-3 6.82148E-3 1.36178E-2 1.77188E-2 1.86982E-2 1.18167E-2 9.18844E-3 1.08053E-2 6.44362E-3 2.45655E-3 5.48037E-4 7.23024E-4 9.63761E-4 1.16592E-3 1.16636E-3 9.12528E-4 8.00835E-4 1.36705E-3 2.52419E-3 3.61576E-3 2.38127E-3 1.29052E-3 9.16414E-4 1.15928E-3 2.09442E-3 2.64482E-3 3.37852E-3 4.35496E-3 3.6638E-3 4.96086E-3 6.20906E-3 8.28959E-3 7.32948E-3 9.55304E-3 9.5498E-3 7.49489E-3 5.56423E-3 2.80087E-3 9.79061E-4 2.02535E-3 5.47641E-3 1.04921E-3 -9999 6.97118E-5 2.93303E-5 1.14322E-5 1.372E-5 1.09202E-5 5.18441E-6 1.47356E-6 2.95292E-7 4.13907E-8 3.50568E-9 1.39349E-10 2.10591E-12 1.15456E-14 1.32897E-17 7.82641E-20 9.22026E-21
5.58382E-2 7.43757E-2 4.81767E-2 2.28523E-2 1.58004E-2 5.88918E-3 1.21723E-3 6.78148E-4 3.94278E-4 4.03424E-4 1.2929E-3 3.91156E-3 1.00903E-2 3.96849E-2 5.00062E-2 3.83517E-2 2.58259E-2 1.79358E-2 1.15639E-2 6.92158E-3 3.28021E-3 1.76032E-3 1.32766E-3 1.14515E-3 1.3533E-3 1.40158E-3 1.13668E-3 7.95954E-4 1.15416E-3 2.02141E-3 2.25389E-3 1.48706E-3 8.61688E-4 5.77932E-4 5.56584E-4 7.23024E-4 1.07153E-3 1.68443E-3 2.52738E-3 2.455E-3 2.10713E-3 2.21874E-3 3.35577E-3 2.9641E-3 2.5672E-3 4.23256E-3 3.77947E-3 2.3639E-3 1.58679E-3 7.85897E-4 1.76267E-3 2.32075E-3 6.51927E-4 1.76897E-4 4.96896E-4 3.64298E-4 5.9861E-5 1.7991E-5 6.71433E-6 2.29281E-6 5.35433E-7 7.99834E-8 7.33326E-9 3.58841E-10 8.03162E-12 4.97428E-14 1.06876E-16 4.43707E-20 2.12694E-22 3.36466E-23
8.73786E-2 8.04744E-2 3.24459E-2 8.98508E-3 1.02484E-2 4.17379E-3 6.06311E-4 4.03461E-4 3.80858E-4 3.79547E-4 1.80238E-3 7.29269E-3 2.06431E-2 8.05527E-2 8.91175E-2 6.27052E-2 4.15081E-2 2.6962E-2 1.50968E-2 1.06421E-2 7.16873E-3 3.59945E-3 1.5878E-3 1.35419E-3 1.26095E-3 9.79704E-4 4.14467E-4 3.37144E-4 5.86508E-4 1.29808E-3 1.29371E-3 7.61195E-4 4.07346E-4 2.80493E-4 2.13834E-4 2.22154E-4 5.08677E-4 1.12583E-3 1.86418E-3 2.21768E-3 1.85927E-3 1.27216E-3 1.3737E-3 9.77814E-4 8.56455E-4 6.50613E-4 3.6875E-4 4.21078E-4 8.76353E-4 1.32943E-3 1.30595E-3 8.76353E-4 4.81288E-4 5.27724E-4 7.93011E-4 3.18042E-4 7.242E-5 1.68173E-5 4.69377E-6 1.11551E-6 2.04404E-7 2.30204E-8 1.51854E-9 -9999 6.88472E-13 3.4152E-15 6.83008E-18 8.81377E-21 4.47793E-23 -9999
1.01563E-1 9.70569E-2 4.87745E-2 1.81691E-2 1.34935E-2 6.3752E-3 8.00679E-4 2.59359E-4 5.14341E-4 1.06735E-3 4.70035E-3 1.67708E-2 4.87871E-2 1.21247E-1 1.19895E-1 7.70284E-2 5.37285E-2 3.92582E-2 2.56123E-2 1.89648E-2 1.49004E-2 8.87031E-3 4.08786E-3 3.24517E-3 2.52167E-3 5.81359E-4 6.88017E-5 8.50201E-5 1.59377E-4 3.41264E-4 4.72217E-4 2.73075E-4 1.70347E-4 1.75218E-4 9.73289E-5 5.6576E-5 2.8895E-4 1.08255E-3 1.92984E-3 2.76135E-3 2.30981E-3 1.35796E-3 7.53419E-4 3.21158E-4 1.76911E-4 1.1147E-4 2.84109E-5 6.18941E-5 2.44582E-4 5.20977E-4 4.64242E-4 1.88778E-4 6.17694E-5 6.84859E-5 7.39609E-5 5.38098E-5 2.74562E-5 1.13782E-5 2.64017E-6 6.73723E-7 9.16052E-8 8.67817E-9 4.60273E-10 7.50714E-12 1.32736E-13 -9999 8.96755E-19 4.92821E-21 2.18827E-23 -9999
1.14505E-1 1.20252E-1 1.11573E-1 8.23836E-2 4.9832E-2 1.67836E-2 1.32142E-3 1.69337E-4 3.82555E-4 1.48235E-3 7.94288E-3 2.97604E-2 6.15218E-2 1.22188E-1 1.0521E-1 6.76101E-2 5.64135E-2 5.07338E-2 3.28674E-2 2.29778E-2 2.59036E-2 2.32135E-2 1.41839E-2 9.81349E-3 7.45837E-3 1.32115E-3 1.70341E-4 8.68098E-5 7.81841E-5 8.50201E-5 9.60254E-5 8.96663E-5 7.6772E-5 9.45945E-5 7.17397E-5 3.52997E-5 2.51915E-4 1.29939E-3 2.98288E-3 4.61298E-3 2.92358E-3 1.42301E-3 6.48079E-4 2.04046E-4 1.12831E-4 4.93929E-5 1.99456E-5 2.96888E-5 9.43655E-5 1.96761E-4 2.17126E-4 8.31484E-5 8.76124E-6 -9999 1.93225E-6 7.68634E-6 1.08686E-5 6.68259E-6 1.87652E-6 4.03384E-7 -9999 4.70704E-9 2.24163E-10 2.69784E-12 -9999 -9999 -9999 -9999 -9999 -9999
1.64735E-1 1.49267E-1 1.2759E-1 1.07056E-1 8.93968E-2 2.42257E-2 2.99562E-3 2.80753E-4 3.52046E-5 4.49751E-4 7.84467E-3 3.65384E-2 7.49486E-2 9.12746E-2 7.30715E-2 4.77521E-2 4.07534E-2 3.41587E-2 2.08952E-2 1.69388E-2 2.49343E-2 2.56117E-2 1.62337E-2 1.00095E-2 6.21494E-3 2.44236E-3 7.42437E-4 2.25482E-4 7.63022E-5 2.78291E-5 2.65385E-5 4.29711E-5 5.97543E-5 9.3602E-5 1.17174E-4 1.30476E-4 4.18049E-4 1.76353E-3 3.32961E-3 4.10534E-3 3.42531E-3 1.30699E-3 5.48448E-4 2.13081E-4 1.12311E-4 4.39404E-5 2.27709E-5 2.5476E-5 6.1977E-5 1.28437E-4 -9999 -9999 -9999 -9999 -9999 6.37692E-6 -9999 -9999 1.87652E-6 -9999 -9999 -9999 -9999 -9999 -9999 -9999 -9999 -9999 -9999 -9999
2.33069E-1 1.47662E-1 7.2935E-2 7.06914E-2 6.33008E-2 1.53447E-2 3.96491E-3 2.39789E-4 3.17091E-5 4.06984E-4 1.00495E-2 5.56652E-2 9.51147E-2 6.83706E-2 4.7119E-2 2.88585E-2 2.17738E-2 1.74248E-2 1.08087E-2 7.28064E-3 9.28418E-3 1.03289E-2 7.16873E-3 4.67437E-3 3.72014E-3 3.31336E-3 2.44573E-3 6.17146E-4 1.09169E-4 2.08709E-5 1.66102E-5 3.79413E-5 1.12287E-4 1.29175E-4 1.8789E-4 3.35149E-4 7.43515E-4 1.76134E-3 3.19622E-3 3.40465E-3 2.42361E-3 9.81391E-4 4.74526E-4 2.4382E-4 1.06551E-4 5.3266E-5 3.15599E-5 3.03888E-5 -9999 -9999 -9999 -9999 -9999 -9999 -9999 -9999 -9999 -9999 -9999 -9999 -9999 -9999 -9999 -9999 -9999 -9999 -9999 -9999 -9999 -9999
1.47913E-1 9.1608E-2 4.33492E-2 3.00148E-2 1.71916E-2 4.6651E-3 1.07051E-3 1.66964E-4 1.13315E-4 1.69175E-3 1.33744E-2 2.27686E-2 3.02916E-2 3.5876E-2 3.36589E-2 1.79334E-2 1.30822E-2 1.23469E-2 6.63119E-3 3.30678E-3 2.40137E-3 2.28593E-3 2.32532E-3 2.13272E-3 2.4061E-3 3.65942E-3 4.37801E-3 1.26006E-3 2.70277E-4 7.98948E-5 5.08402E-5 8.78634E-5 1.37041E-4 2.57418E-4 4.81288E-4 9.60127E-4 1.70325E-3 2.52715E-3 2.81038E-3 2.44345E-3 1.48235E-3 7.35218E-4 4.13079E-4 2.33979E-4 1.25832E-4 7.34035E-5 5.22564E-5 -9999 -9999 -9999 -9999 -9999 -9999 -9999 -9999 -9999 -9999 -9999 -9999 -9999 -9999 -9999 -9999 -9999 -9999 -9999 -9999 -9999 -9999 -9999
9.25606E-2 5.44657E-2 2.52711E-2 1.25203E-2 5.23073E-3 1.26095E-3 3.22565E-4 1.25579E-4 1.38252E-4 1.43339E-3 5.5382E-3 3.30014E-3 4.96549E-3 2.02878E-2 3.71914E-2 2.99963E-2 1.668E-2 6.42679E-3 2.36545E-3 1.45089E-3 1.16907E-3 9.97015E-4 8.78081E-4 1.07262E-3 1.76255E-3 2.80068E-3 2.93549E-3 1.52967E-3 5.82559E-4 2.70473E-4 1.85273E-4 2.00469E-4 3.13173E-4 6.48461E-4 1.17269E-3 2.40458E-3 3.84452E-3 3.97019E-3 2.78402E-3 1.39379E-3 8.48382E-4 4.22889E-4 2.81129E-4 1.92986E-4 1.33979E-4 9.44275E-5 8.1534E-5 -9999 -9999 -9999 -9999 -9999 -9999 -9999 -9999 -9999 -9999 -9999 -9999 -9999 -9999 -9999 -9999 -9999 -9999 -9999 -9999 -9999 -9999 -9999
6.11679E-2 3.24472E-2 1.38737E-2 5.66046E-3 2.32369E-3 9.10161E-4 3.10236E-4 1.53981E-4 1.98048E-4 6.93863E-4 1.66251E-3 1.97865E-3 4.01144E-3 1.59528E-2 3.91071E-2 3.96754E-2 1.91936E-2 4.302E-3 1.64133E-3 1.06548E-3 9.91004E-4 8.6044E-4 5.72535E-4 7.89802E-4 1.45374E-3 2.09631E-3 2.24238E-3 1.64114E-3 1.03235E-3 6.39791E-4 4.82871E-4 4.92136E-4 6.65527E-4 1.12094E-3 2.07048E-3 4.50756E-3 8.88887E-3 5.48333E-3 2.32385E-3 8.3053E-4 2.70295E-4 1.74422E-4 1.64175E-4 1.57762E-4 1.31351E-4 1.1377E-4 1.18474E-4 1.33979E-4 -9999 -9999 -9999 -9999 -9999 -9999 -9999 -9999 -9999 -9999 -9999 -9999 -9999 -9999 -9999 -9999 -9999 -9999 -9999 -9999 -9999 -9999
3.49711E-2 1.4698E-2 5.31497E-3 2.53035E-3 1.67017E-3 1.01521E-3 4.22464E-4 1.70713E-4 1.68651E-4 3.50473E-4 8.22741E-4 1.531E-3 3.21307E-3 8.56518E-3 1.63692E-2 1.9105E-2 1.57271E-2 4.21273E-3 1.35914E-3 1.02415E-3 1.28239E-3 1.97199E-3 1.97865E-3 1.67036E-3 1.85845E-3 2.02521E-3 2.09631E-3 1.88317E-3 1.52967E-3 1.26006E-3 1.07262E-3 1.17376E-3 1.26006E-3 1.67144E-3 2.54132E-3 4.22195E-3 7.98198E-3 4.7503E-3 1.67365E-3 4.92482E-4 1.63955E-4 1.08954E-4 1.31093E-4 1.3683E-4 1.48445E-4 1.42529E-4 1.57662E-4 2.00738E-4 -9999 -9999 -9999 -9999 -9999 -9999 -9999 -9999 -9999 -9999 -9999 -9999 -9999 -9999 -9999 -9999 -9999 -9999 -9999 -9999 -9999 -9999
1.71217E-2 3.9727E-3 1.07262E-3 1.40316E-3 1.70201E-3 1.58449E-3 5.72496E-4 1.18552E-4 7.45129E-5 1.44885E-4 3.40275E-4 8.15613E-4 2.00035E-3 4.13957E-3 6.7835E-3 6.8201E-3 5.58374E-3 3.79163E-3 1.30545E-3 8.88971E-4 1.01815E-3 5.15775E-3 8.18138E-3 4.89616E-3 2.94773E-3 2.20884E-3 2.16971E-3 2.02241E-3 1.99194E-3 2.1064E-3 2.42204E-3 2.85513E-3 2.65553E-3 2.12002E-3 1.90485E-3 1.96402E-3 3.19281E-3 2.79713E-3 1.26015E-3 3.84018E-4 1.39552E-4 1.25818E-4 1.48341E-4 1.64279E-4 1.85261E-4 2.0492E-4 2.21932E-4 -9999 -9999 -9999 -9999 -9999 -9999 -9999 -9999 -9999 -9999 -9999 -9999 -9999 -9999 -9999 -9999 -9999 -9999 -9999 -9999 -9999 -9999 -9999
1.09257E-2 2.44745E-3 7.03231E-4 1.01521E-3 1.53286E-3 1.45272E-3 3.22338E-4 3.17724E-5 1.74105E-5 4.39082E-5 1.1875E-4 3.49189E-4 9.78897E-4 1.77746E-3 4.1145E-3 7.81702E-3 1.51104E-2 6.85789E-3 1.29514E-3 6.37563E-4 9.08448E-4 6.92707E-3 1.40206E-2 8.88308E-3 4.10488E-3 2.4061E-3 2.36047E-3 2.57548E-3 2.76345E-3 2.7347E-3 3.13731E-3 4.07111E-3 4.13557E-3 3.33092E-3 2.27931E-3 1.30595E-3 1.58668E-3 1.70321E-3 9.96946E-4 4.13013E-4 1.6315E-4 1.58685E-4 2.04072E-4 2.30442E-4 2.65009E-4 3.04229E-4 -9999 -9999 -9999 -9999 -9999 -9999 -9999 -9999 -9999 -9999 -9999 -9999 -9999 -9999 -9999 -9999 -9999 -9999 -9999 -9999 -9999 -9999 -9999 -9999
1.24777E-2 4.52234E-3 2.13421E-3 1.82508E-3 1.85711E-3 8.44701E-4 1.11368E-4 8.59507E-6 6.47247E-6 1.52934E-5 4.06837E-5 1.0014E-4 2.1961E-4 2.96528E-4 1.26137E-3 4.54049E-3 7.91361E-3 4.49775E-3 1.0933E-3 6.3689E-4 1.12583E-3 1.31951E-2 2.14638E-2 1.5789E-2 6.62656E-3 3.14956E-3 3.20254E-3 3.39096E-3 2.74923E-3 3.57726E-3 3.289E-3 4.0903E-3 4.702E-3 4.57073E-3 3.37852E-3 2.64652E-3 2.60209E-3 2.17123E-3 1.30586E-3 6.89326E-4 2.97104E-4 2.47392E-4 3.47192E-4 3.83218E-4 4.14438E-4 4.22761E-4 -9999 -9999 -9999 -9999 -9999 -9999 -9999 -9999 -9999 -9999 -9999 -9999 -9999 -9999 -9999 -9999 -9999 -9999 -9999 -9999 -9999 -9999 -9999 -9999
1.91011E-2 9.00604E-3 6.32654E-3 5.84699E-3 4.36301E-3 6.64126E-4 8.15284E-5 1.39063E-5 7.42654E-6 8.91201E-6 1.61414E-5 2.48807E-5 1.97988E-5 4.69661E-5 1.0164E-4 2.67515E-4 4.58746E-4 9.03676E-4 1.12313E-3 1.70127E-3 7.33075E-3 2.98988E-2 4.16156E-2 2.5173E-2 1.3477E-2 6.94922E-3 5.13761E-3 4.29394E-3 4.42487E-3 3.66927E-3 3.69649E-3 3.881E-3 5.7648E-3 6.3627E-3 5.49739E-3 4.95218E-3 4.44402E-3 3.46855E-3 2.48771E-3 1.55686E-3 9.58039E-4 7.00813E-4 7.1542E-4 7.1542E-4 6.65045E-4 -9999 -9999 -9999 -9999 -9999 -9999 -9999 -9999 -9999 -9999 -9999 -9999 -9999 -9999 -9999 -9999 -9999 -9999 -9999 -9999 -9999 -9999 -9999 -9999 -9999
2.75537E-2 1.52818E-2 1.21582E-2 8.98765E-3 2.98514E-3 4.99842E-4 7.98368E-5 1.78302E-5 8.76124E-6 8.53759E-6 1.32762E-5 1.91906E-5 2.56127E-5 5.40699E-5 1.25634E-4 2.08013E-4 4.32355E-4 6.07088E-4 7.70862E-4 1.86868E-3 1.41396E-2 4.99413E-2 7.97134E-2 4.22684E-2 1.94237E-2 8.62499E-3 5.8581E-3 3.22295E-3 4.77077E-3 3.3882E-3 3.05256E-3 5.91137E-3 9.52372E-3 9.86143E-3 8.98908E-3 8.28959E-3 7.39994E-3 6.38409E-3 5.06234E-3 3.77401E-3 2.84824E-3 2.13272E-3 1.58668E-3 1.13148E-3 -9999 -9999 -9999 -9999 -9999 -9999 -9999 -9999 -9999 -9999 -9999 -9999 -9999 -9999 -9999 -9999 -9999 -9999 -9999 -9999 -9999 -9999 -9999 -9999 -9999 -9999
4.11787E-2 3.62575E-2 2.94273E-2 1.14228E-2 1.83937E-3 2.91345E-4 7.65533E-5 2.3853E-5 1.1572E-5 9.17601E-6 1.60683E-5 3.39921E-5 7.20424E-5 1.66299E-4 2.23396E-4 3.63025E-4 5.92848E-4 7.28295E-4 8.29025E-4 1.562E-3 4.26467E-3 1.56617E-2 4.76913E-2 3.23214E-2 1.03788E-2 4.77568E-3 6.14655E-3 6.61281E-3 6.85325E-3 4.1972E-3 4.54183E-3 9.90114E-3 1.39833E-2 1.46695E-2 1.42529E-2 1.30375E-2 1.26637E-2 -9999 -9999 7.28064E-3 -9999 -9999 -9999 -9999 -9999 -9999 -9999 -9999 -9999 -9999 -9999 -9999 -9999 -9999 -9999 -9999 -9999 -9999 -9999 -9999 -9999 -9999 -9999 -9999 -9999 -9999 -9999 -9999 -9999 -9999
3.87281E-2 5.29972E-2 6.31758E-2 3.13037E-2 2.0678E-3 2.99875E-4 1.06202E-4 3.24524E-5 1.45616E-5 1.18398E-5 2.2216E-5 5.14301E-5 1.1164E-4 2.08013E-4 3.81E-4 6.01767E-4 7.81463E-4 7.29765E-4 7.9945E-4 1.08152E-3 1.14508E-3 3.58293E-3 1.8629E-2 6.07645E-3 1.42603E-3 3.57733E-3 3.05875E-3 8.43786E-3 9.164E-3 7.60987E-3 8.44853E-3 9.92801E-3 1.47841E-2 2.05291E-2 2.05966E-2 2.14638E-2 2.00355E-2 1.76832E-2 -9999 -9999 -9999 -9999 -9999 -9999 -9999 -9999 -9999 -9999 -9999 -9999 -9999 -9999 -9999 -9999 -9999 -9999 -9999 -9999 -9999 -9999 -9999 -9999 -9999 -9999 -9999 -9999 -9999 -9999 -9999 -9999
7.88595E-2 1.44808E-1 1.12683E-1 6.12759E-2 8.85453E-3 1.28195E-3 2.56299E-4 4.78892E-5 1.62707E-5 1.18631E-5 2.54372E-5 6.68928E-5 1.35055E-4 2.92381E-4 5.52803E-4 6.69644E-4 7.90041E-4 8.49798E-4 7.5088E-4 7.78863E-4 8.10479E-4 1.00914E-3 4.25928E-3 1.29552E-3 6.60652E-4 2.88962E-3 5.80303E-3 5.56635E-3 9.50191E-3 9.97354E-3 8.50998E-3 1.07227E-2 1.99446E-2 2.58556E-2 2.76859E-2 2.95682E-2 2.84262E-2 -9999 -9999 -9999 -9999 -9999 -9999 -9999 -9999 -9999 -9999 -9999 -9999 -9999 -9999 -9999 -9999 -9999 -9999 -9999 -9999 -9999 -9999 -9999 -9999 -9999 -9999 -9999 -9999 -9999 -9999 -9999 -9999 -9999
9.32834E-2 1.45236E-1 1.35269E-1 6.54539E-2 1.66786E-2 3.0752E-3 4.79893E-4 6.70395E-5 1.47927E-5 1.15867E-5 2.32358E-5 9.07514E-5 1.85242E-4 3.37414E-4 6.80259E-4 7.30713E-4 7.44261E-4 7.17396E-4 5.88114E-4 5.25729E-4 4.62946E-4 5.18289E-4 5.51966E-4 3.54788E-4 4.58378E-4 1.76968E-3 5.49586E-3 4.9048E-3 9.96405E-3 1.25953E-2 1.06517E-2 1.05361E-2 2.57817E-2 3.14504E-2 3.43747E-2 -9999 -9999 -9999 -9999 -9999 -9999 -9999 -9999 -9999 -9999 -9999 -9999 -9999 -9999 -9999 -9999 -9999 -9999 -9999 -9999 -9999 -9999 -9999 -9999 -9999 -9999 -9999 -9999 -9999 -9999 -9999 -9999 -9999 -9999 -9999
