KUENM/Final_Models/M_0.1_F_lq_Set_2_NE/sp1_max.asc
ncols         197
nrows         210
xllcorner     56.1666666666667
yllcorner     4.5
cellsize      0.166666666666667
NODATA_value  -9999
[rows 56 to 83 of 210, columns 130 to 194 of 197]
6.70486E-4 8.79521E-7 4.14463E-6 6.64887E-8 1.38089E-6 6.45663E-7 2.5057E-6 1.6739E-7 9.76253E-7 2.9341E-6 2.1952E-6 5.8828E-7 8.43527E-7 9.67053E-7 1.37417E-6 3.2282E-6 1.27188E-5 8.62426E-6 1.4838E-5 1.37755E-7 3.18566E-7 1.0539E-6 7.37816E-6 6.21171E-6 7.95113E-7 5.93903E-7 3.9187E-8 8.33971E-8 8.2662E-8 2.71654E-7 7.15534E-7 1.16702E-6 1.52391E-6 8.6685E-7 2.50331E-7 3.06332E-7 3.38676E-7 5.12361E-8 7.83879E-9 3.88525E-9 1.19065E-8 1.69335E-9 1.01754E-9 1.23677E-9 -9999 -9999 -9999 -9999 -9999 -9999 -9999 -9999 -9999 -9999 -9999 -9999 -9999 -9999 -9999 -9999 -9999 -9999 -9999 -9999 -9999
3.78002E-2 1.39324E-2 1.93692E-4 9.06613E-9 3.97117E-8 3.43269E-6 3.12542E-7 3.69113E-7 7.496E-6 5.06402E-6 4.06429E-6 2.10893E-6 1.31536E-7 1.44759E-8 1.23359E-8 2.4304E-6 1.59404E-6 2.30539E-5 2.46937E-5 1.00061E-7 1.76079E-6 1.70928E-7 1.68622E-6 2.34234E-5 3.2793E-4 4.4322E-6 1.33646E-6 2.85348E-7 1.20646E-7 3.82507E-8 1.54277E-7 7.01554E-7 9.36127E-7 1.41977E-6 1.02064E-6 3.27502E-7 1.91269E-7 2.3435E-7 5.59817E-8 6.66219E-9 1.80137E-9 5.668E-9 1.19393E-9 1.16982E-9 6.10041E-9 7.36899E-10 -9999 -9999 -9999 -9999 -9999 -9999 -9999 -9999 -9999 -9999 -9999 -9999 -9999 -9999 -9999 -9999 -9999 -9999 -9999
1.19325E-1 1.20136E-1 9.78046E-3 3.17411E-5 7.6348E-7 8.97477E-7 3.47367E-7 1.2033E-7 4.22373E-6 4.28601E-6 2.74939E-6 2.5057E-6 1.66887E-7 6.91553E-9 4.46823E-9 1.30054E-9 4.44329E-7 4.32054E-6 4.42686E-5 4.54053E-6 6.12223E-5 2.04611E-5 4.8095E-6 1.25328E-3 6.8389E-3 1.79073E-3 4.22955E-6 6.60433E-7 1.08322E-6 1.97869E-8 1.89551E-8 1.25131E-7 6.71951E-7 1.03813E-6 7.58396E-7 6.48885E-7 2.65675E-7 4.19036E-7 1.22125E-7 1.05398E-7 3.16842E-9 8.80785E-9 1.6726E-8 8.50392E-9 4.38522E-9 1.85461E-9 1.38836E-9 6.19007E-9 -9999 -9999 -9999 -9999 -9999 -9999 -9999 -9999 -9999 -9999 -9999 -9999 -9999 -9999 -9999 -9999 -9999
2.07131E-1 1.59047E-1 5.22141E-2 5.98675E-3 1.36891E-4 2.7505E-5 6.36127E-6 1.06816E-6 1.12123E-7 4.2541E-8 1.86675E-6 3.18585E-6 7.0786E-7 1.55016E-7 3.32508E-6 3.15792E-7 1.22051E-6 5.25881E-6 1.97606E-5 1.50718E-4 4.59575E-4 5.66145E-4 1.91388E-4 2.03278E-2 1.17208E-2 3.98849E-3 4.46097E-4 5.58824E-5 4.96858E-6 1.41394E-6 1.31504E-6 1.8608E-7 4.14826E-8 2.51952E-7 3.21377E-7 1.90483E-7 1.76808E-7 8.68406E-7 5.74953E-7 2.94919E-7 1.16205E-7 6.55795E-8 7.73959E-8 3.68546E-8 2.5237E-8 8.18892E-9 1.21913E-8 1.88732E-8 6.24895E-9 4.97237E-9 -9999 -9999 -9999 -9999 -9999 -9999 -9999 -9999 -9999 -9999 -9999 -9999 -9999 -9999 -9999
1.98042E-1 2.03976E-1 1.15315E-1 5.5968E-2 1.43477E-2 2.85732E-3 1.61347E-4 6.13761E-6 7.72957E-9 9.1116E-10 1.08703E-9 1.2772E-7 1.11389E-6 2.92505E-6 9.32293E-7 1.49033E-5 2.10262E-5 1.05252E-5 1.27797E-5 1.33372E-4 5.27271E-4 1.51354E-3 6.1995E-4 1.48415E-2 2.01675E-3 5.14985E-4 8.72819E-5 2.86861E-6 1.91389E-7 2.87079E-7 1.66078E-6 2.86307E-6 5.36779E-7 2.65981E-8 7.53519E-8 1.42258E-8 8.97708E-8 4.27511E-7 8.80724E-8 2.61926E-7 2.27168E-7 8.42317E-8 2.41802E-7 1.54792E-7 1.00912E-7 1.48432E-8 2.85062E-8 3.21312E-8 4.14253E-8 3.84784E-8 4.52283E-8 2.22148E-8 -9999 -9999 -9999 -9999 -9999 -9999 -9999 -9999 -9999 -9999 -9999 -9999 -9999
1.77018E-1 1.98829E-1 1.63643E-1 1.09457E-1 6.38448E-2 2.6008E-2 6.5919E-3 4.82673E-4 2.49758E-6 1.06211E-9 8.15881E-10 5.2277E-8 4.02868E-7 1.18337E-6 1.51323E-6 2.01184E-5 3.26814E-5 3.01768E-5 4.54276E-5 1.02651E-4 4.28213E-4 1.00943E-3 2.91589E-3 3.25128E-3 2.73414E-3 1.73955E-3 9.87776E-4 9.37689E-5 1.06256E-6 6.64283E-7 1.1917E-6 6.68713E-7 3.46661E-7 3.71521E-8 1.02423E-8 4.15961E-9 5.04972E-7 4.79726E-7 3.77699E-8 3.94292E-7 5.20121E-7 3.37991E-7 2.80794E-7 1.53757E-7 1.33051E-7 3.70699E-7 1.14447E-7 2.42028E-7 2.12765E-7 4.29584E-8 4.74433E-8 1.58289E-8 2.80091E-7 -9999 -9999 -9999 -9999 -9999 -9999 -9999 -9999 -9999 -9999 -9999 -9999
2.03779E-1 2.19177E-1 1.98829E-1 1.64503E-1 1.27504E-1 9.51078E-2 4.43612E-2 8.68995E-3 7.42112E-4 3.23957E-5 1.36093E-6 1.51567E-7 9.56518E-8 6.52811E-7 1.17071E-6 1.44648E-6 9.50347E-6 1.76401E-5 3.59563E-5 3.31495E-5 7.70213E-5 4.49991E-4 2.35898E-3 3.78107E-3 2.58746E-4 9.94799E-5 3.90055E-5 8.92549E-5 3.06389E-4 3.13839E-5 2.60373E-5 5.13498E-7 2.93233E-7 2.75132E-7 1.4728E-8 6.58043E-9 2.09719E-5 4.23613E-7 2.80244E-8 8.09212E-8 4.98854E-8 4.40323E-8 3.03484E-8 1.00776E-7 1.00329E-7 1.36334E-7 7.3657E-8 1.00912E-7 1.21459E-7 2.00763E-8 1.86861E-8 1.62725E-8 2.46404E-8 4.21137E-8 9.16953E-8 -9999 -9999 -9999 -9999 -9999 -9999 -9999 -9999 -9999 -9999
2.81927E-1 2.83594E-1 2.7402E-1 2.38613E-1 2.16599E-1 2.053E-1 1.22202E-1 4.6396E-2 1.74634E-2 1.12102E-2 3.30603E-3 3.27665E-4 6.03861E-5 1.4418E-4 4.6412E-4 1.91734E-5 1.58604E-6 1.41148E-6 1.16764E-6 5.52627E-6 1.78365E-5 7.43603E-5 1.04395E-4 8.42207E-4 2.15955E-3 1.03169E-3 2.87639E-3 3.95139E-4 3.20046E-4 6.55298E-5 2.19035E-4 1.21404E-5 1.32335E-6 3.06237E-7 3.64537E-8 5.09263E-6 6.27852E-6 2.16515E-8 5.51283E-9 3.00513E-9 1.50877E-8 2.81988E-8 1.09177E-8 1.59883E-8 1.89215E-7 8.04078E-8 2.8298E-7 1.74356E-8 1.20985E-8 9.18924E-9 1.63463E-7 3.60269E-7 1.0106E-8 2.35431E-8 2.6751E-8 1.21945E-8 -9999 -9999 -9999 -9999 -9999 -9999 -9999 -9999 -9999
3.71516E-1 3.6344E-1 3.79748E-1 3.69971E-1 3.69971E-1 3.13704E-1 2.10772E-1 1.15075E-1 6.64968E-2 4.53789E-2 2.90421E-2 9.20992E-3 1.15586E-3 5.49243E-4 1.13022E-4 5.31876E-6 1.59693E-6 6.48652E-7 1.42481E-7 2.46003E-7 2.21217E-6 2.72721E-5 1.95073E-5 7.52508E-5 2.92171E-4 6.6192E-5 2.50159E-5 9.03418E-5 2.72803E-4 1.45194E-4 6.15067E-5 3.27394E-7 1.33357E-8 3.49211E-9 9.7324E-7 1.44885E-5 3.05801E-7 5.90514E-8 2.20534E-7 5.98727E-9 3.89195E-8 3.98634E-7 2.16781E-7 2.65067E-8 6.46537E-7 3.76184E-8 4.02255E-7 3.21716E-7 2.3534E-7 7.54801E-8 1.77441E-7 7.82953E-7 6.73317E-8 3.4035E-7 1.31835E-7 2.18358E-7 1.51662E-7 -9999 -9999 -9999 -9999 -9999 -9999 -9999 -9999
4.33178E-1 4.10032E-1 4.22398E-1 4.46271E-1 4.64125E-1 3.82976E-1 2.47544E-1 1.59386E-1 1.10273E-1 7.5377E-2 4.2354E-2 9.7191E-3 2.58809E-3 2.18942E-3 4.97116E-4 2.97612E-5 1.06585E-5 1.02049E-5 1.89747E-6 2.62546E-7 3.38725E-8 1.11899E-7 3.98045E-8 2.17964E-6 2.02209E-5 1.78519E-6 9.93858E-7 2.88124E-6 5.01866E-6 5.16906E-5 2.83324E-4 6.186E-5 1.87027E-4 7.9603E-5 5.33493E-4 2.31112E-5 6.50243E-8 3.16766E-7 9.73852E-7 1.79118E-5 1.10175E-7 2.80901E-6 1.08979E-6 2.02633E-7 5.39672E-7 3.01276E-8 1.03828E-8 3.73425E-8 6.51802E-8 1.08689E-7 2.29774E-8 2.05068E-7 1.42326E-6 4.62243E-7 4.62535E-7 5.64267E-7 3.3336E-7 1.56943E-6 -9999 -9999 -9999 -9999 -9999 -9999 -9999
4.8066E-1 4.31667E-1 4.03717E-1 4.24041E-1 4.36187E-1 3.44528E-1 2.1132E-1 1.67029E-1 1.40304E-1 9.17974E-2 3.69909E-2 6.29889E-3 2.95194E-3 5.14081E-3 4.35249E-3 8.68484E-4 4.08949E-4 2.82434E-4 1.50788E-4 2.85823E-5 5.84206E-6 3.39691E-7 1.02603E-8 8.89711E-8 4.46708E-6 1.15829E-4 5.48823E-5 3.76934E-5 5.44049E-6 2.72597E-5 1.14741E-4 2.21296E-5 1.51759E-5 1.55481E-8 9.83828E-12 1.14601E-5 5.1633E-7 1.09334E-4 6.68236E-5 1.16763E-4 8.90775E-7 1.4448E-6 1.61901E-3 6.49729E-7 9.21329E-6 2.43723E-5 2.31872E-8 5.13713E-10 3.30701E-8 2.02421E-7 9.57275E-9 6.12991E-9 2.36664E-7 7.69795E-8 4.0806E-7 6.94378E-7 8.68412E-8 2.02048E-7 1.53503E-6 -9999 -9999 -9999 -9999 -9999 -9999
5.10684E-1 4.51141E-1 3.90191E-1 3.95093E-1 3.98345E-1 3.15001E-1 2.07549E-1 1.84678E-1 1.60446E-1 1.06126E-1 5.1485E-2 8.47617E-3 4.39054E-3 6.64293E-3 9.38639E-3 5.73314E-3 4.35671E-3 5.34928E-3 6.44236E-3 1.62277E-3 3.6751E-4 2.84542E-4 3.55766E-4 1.35766E-4 8.77817E-6 3.30479E-5 9.46832E-5 4.75092E-5 1.03519E-5 2.55267E-6 6.45982E-7 4.6148E-8 2.0788E-8 2.94053E-11 3.45786E-15 3.39944E-25 6.62134E-29 7.53095E-27 6.94365E-23 5.87903E-18 3.26414E-6 1.70743E-4 1.05998E-4 1.90421E-4 6.17102E-5 1.46985E-4 2.46073E-7 1.38853E-8 1.39838E-7 9.95013E-8 7.03436E-9 4.59961E-9 9.1621E-9 4.06493E-9 4.86197E-8 2.76547E-8 1.45055E-7 1.19286E-6 5.99971E-9 6.76623E-7 -9999 -9999 -9999 -9999 -9999
5.36777E-1 4.82421E-1 4.28475E-1 4.23817E-1 4.28168E-1 3.96191E-1 3.20066E-1 2.4839E-1 2.06516E-1 1.45636E-1 9.09898E-2 4.06744E-2 1.99361E-2 1.63113E-2 2.44251E-2 2.11205E-2 1.74745E-2 2.05627E-2 2.37935E-2 1.23692E-2 6.93376E-3 1.05468E-2 2.49198E-2 2.13028E-2 3.99369E-3 4.76911E-5 2.21728E-5 2.45458E-5 5.22579E-5 1.12665E-4 2.61651E-5 1.215E-7 4.01125E-8 6.6572E-12 4.56852E-14 2.71379E-19 3.77918E-21 5.32633E-23 3.7163E-21 3.90386E-20 4.0909E-16 1.60679E-12 1.94397E-9 5.11044E-6 6.13723E-6 5.58411E-5 2.06645E-5 1.59417E-5 3.22933E-6 6.95461E-7 1.14375E-6 3.60203E-7 3.11673E-9 4.17647E-10 2.58192E-10 4.50258E-9 4.62843E-7 1.98521E-6 4.69115E-8 8.40025E-8 2.45134E-8 -9999 -9999 -9999 -9999
5.74032E-1 5.22299E-1 4.81052E-1 4.86506E-1 5.03713E-1 4.78232E-1 4.18216E-1 3.46591E-1 2.70726E-1 2.17612E-1 1.61918E-1 1.07206E-1 7.25374E-2 6.89611E-2 7.7173E-2 4.64436E-2 3.39314E-2 3.30022E-2 3.56531E-2 3.07738E-2 3.04532E-2 4.15661E-2 5.00757E-2 3.24652E-2 6.3961E-3 2.0322E-4 2.69146E-5 2.17044E-5 5.95448E-5 2.32776E-4 3.56425E-4 1.92278E-5 2.45655E-6 5.47283E-8 5.03986E-9 1.77112E-11 1.02484E-13 5.96505E-15 2.23593E-15 8.52711E-15 8.89881E-14 6.90584E-13 1.34598E-10 8.61336E-10 1.53805E-8 2.17804E-10 3.66454E-13 6.47922E-12 9.32126E-11 1.69206E-5 4.9153E-6 1.07834E-7 5.42491E-8 2.30202E-7 2.41242E-9 7.41911E-9 4.3139E-6 5.882E-6 5.16239E-7 2.49842E-8 5.6714E-9 -9999 -9999 -9999 -9999
5.75686E-1 5.59793E-1 5.3616E-1 5.30495E-1 5.65892E-1 5.43151E-1 4.95833E-1 4.29502E-1 3.47218E-1 2.88268E-1 2.39006E-1 1.85061E-1 1.32812E-1 1.12716E-1 9.5743E-2 5.96868E-2 4.48342E-2 4.98001E-2 5.26803E-2 5.09605E-2 5.3345E-2 5.83742E-2 4.92723E-2 2.85198E-2 8.58742E-3 1.29761E-3 1.64961E-4 3.42599E-5 5.22325E-5 2.05313E-4 5.12656E-4 2.18208E-4 1.23456E-5 1.22105E-7 1.52561E-8 1.13491E-10 2.18662E-11 9.34682E-13 2.55074E-12 2.40049E-11 7.06463E-11 1.21278E-10 3.66403E-11 1.13953E-8 1.4426E-8 5.31776E-10 6.85817E-9 1.80939E-12 1.33283E-15 3.24035E-12 1.02894E-11 5.80625E-6 3.14628E-7 4.15813E-6 4.02512E-8 5.86208E-7 1.32034E-6 1.58979E-12 1.02707E-6 7.42577E-7 3.07015E-7 3.72416E-9 -9999 -9999 -9999
5.84179E-1 5.81698E-1 5.81698E-1 5.70287E-1 5.76564E-1 5.69912E-1 5.37803E-1 4.84667E-1 4.15087E-1 3.58077E-1 3.25125E-1 2.60834E-1 1.82143E-1 1.18388E-1 9.00839E-2 6.30376E-2 3.52909E-2 5.45695E-2 6.58545E-2 6.87653E-2 6.95078E-2 6.79833E-2 4.96394E-2 2.70126E-2 1.08055E-2 3.53435E-3 1.11564E-3 4.58098E-4 3.76638E-4 5.79201E-4 1.36843E-3 9.7977E-4 6.37075E-5 6.822E-6 2.69939E-7 2.85976E-8 1.98934E-10 4.42722E-12 4.02705E-10 2.63535E-8 2.16609E-8 1.9398E-9 2.38333E-8 7.17803E-11 1.87769E-9 3.10028E-10 1.42119E-6 1.49272E-6 2.33013E-11 1.47958E-10 5.24185E-12 5.02605E-9 1.08159E-7 5.3031E-11 2.17143E-7 1.0968E-10 4.07302E-17 2.68565E-10 2.24027E-6 1.18162E-6 1.05879E-5 3.93343E-8 3.35292E-7 -9999 -9999
5.95912E-1 5.77203E-1 5.82405E-1 5.70846E-1 5.59222E-1 5.56172E-1 5.522E-1 5.29653E-1 4.81377E-1 4.24735E-1 3.92039E-1 3.37311E-1 2.55932E-1 1.28116E-1 9.65817E-2 9.00839E-2 6.44344E-2 7.9772E-2 1.02928E-1 9.47306E-2 9.09901E-2 7.8014E-2 5.37019E-2 2.97189E-2 1.45157E-2 8.03713E-3 4.49763E-3 2.65257E-3 1.94484E-3 2.22659E-3 2.88077E-3 1.71203E-3 3.72144E-4 2.43603E-4 1.03658E-4 4.62404E-6 3.07464E-7 1.15643E-7 4.25891E-7 1.80312E-6 8.32869E-7 2.62622E-8 1.07086E-9 6.32778E-9 7.03985E-7 5.73189E-7 3.55005E-6 2.93461E-5 4.46389E-5 4.6889E-5 1.56596E-7 1.26312E-9 1.98948E-11 5.2076E-12 1.12915E-11 2.0495E-10 1.91565E-8 3.65485E-11 7.64158E-11 1.87119E-11 1.29116E-9 1.11517E-5 2.66229E-8 -9999 -9999
6.111E-1 5.79472E-1 5.44599E-1 5.24839E-1 5.33197E-1 5.36684E-1 5.48981E-1 5.47895E-1 5.22114E-1 4.69879E-1 4.17347E-1 4.10825E-1 4.00927E-1 2.69353E-1 1.50939E-1 1.1381E-1 1.16084E-1 1.7185E-1 1.762E-1 1.48282E-1 1.23575E-1 9.94529E-2 6.57175E-2 3.71189E-2 1.93131E-2 1.8376E-2 1.79595E-2 1.08655E-2 6.2891E-3 5.73314E-3 5.91333E-3 2.16956E-3 4.93924E-4 5.22477E-4 1.20582E-3 3.08302E-4 3.81291E-5 1.76088E-5 2.0996E-5 1.04136E-4 1.05005E-3 7.96622E-5 3.77332E-8 3.81872E-10 6.97578E-10 2.45224E-10 1.34426E-8 5.52503E-5 9.7683E-4 6.77369E-4 3.28889E-4 5.6289E-5 3.68522E-5 6.68422E-7 1.34804E-10 3.18124E-8 4.23837E-3 1.27511E-9 5.76967E-9 8.49366E-8 7.05724E-12 2.5812E-10 2.2281E-18 4.34882E-20 -9999
5.92816E-1 5.84665E-1 5.55428E-1 5.2087E-1 5.23351E-1 5.1962E-1 5.28238E-1 5.3538E-1 5.53303E-1 4.90572E-1 4.23805E-1 4.41206E-1 4.58033E-1 3.71782E-1 2.3251E-1 1.50939E-1 1.53645E-1 2.05072E-1 2.1784E-1 2.22692E-1 1.97307E-1 1.41681E-1 9.09465E-2 5.29499E-2 3.15432E-2 4.74688E-2 6.89611E-2 3.43552E-2 1.65384E-2 1.35968E-2 1.24835E-2 5.06402E-3 1.06483E-3 1.36523E-3 3.79943E-3 2.06882E-3 5.90631E-4 5.38004E-4 8.95651E-4 1.21372E-3 3.3944E-3 6.8293E-3 1.21872E-3 9.70073E-6 1.59379E-7 3.11112E-8 1.46861E-7 2.93189E-6 8.64173E-5 7.1305E-4 5.05207E-4 1.71535E-3 2.9188E-4 1.13705E-3 3.8987E-6 2.33361E-3 1.48842E-2 3.38449E-5 3.2643E-4 7.1511E-8 1.27263E-11 1.15394E-13 4.73258E-21 3.0739E-23 -9999
5.65669E-1 5.78929E-1 5.71505E-1 5.23351E-1 4.78477E-1 4.7703E-1 4.60753E-1 4.69134E-1 5.10697E-1 4.80726E-1 4.39647E-1 4.53504E-1 4.48929E-1 3.80769E-1 2.88555E-1 2.57629E-1 2.76453E-1 2.56006E-1 2.42503E-1 3.02679E-1 3.0072E-1 1.91164E-1 1.16965E-1 7.63002E-2 5.29499E-2 6.08223E-2 1.00836E-1 5.208E-2 2.98298E-2 2.79795E-2 3.2591E-2 2.75112E-2 1.00578E-2 6.47982E-3 8.10037E-3 5.91704E-3 2.22748E-3 3.5278E-3 8.66224E-3 1.02508E-2 9.66703E-3 2.01502E-2 9.57753E-3 1.00265E-3 1.82381E-4 1.10219E-4 2.25277E-4 2.66719E-4 1.77781E-4 9.72413E-5 1.96959E-4 2.95266E-3 1.22423E-3 2.03759E-3 1.69462E-3 1.21924E-3 7.44217E-3 7.52294E-3 1.41968E-4 4.50776E-7 4.62987E-11 1.92391E-19 1.03864E-24 1.12119E-27 2.1427E-33
5.43202E-1 5.58307E-1 5.49919E-1 5.11457E-1 4.70154E-1 4.68233E-1 4.24999E-1 4.19861E-1 4.69713E-1 4.64697E-1 4.57195E-1 4.68417E-1 4.56528E-1 4.05892E-1 3.53301E-1 3.61943E-1 3.90904E-1 3.13307E-1 2.64531E-1 3.5183E-1 3.11423E-1 2.08209E-1 1.48688E-1 1.1373E-1 8.0417E-2 6.50005E-2 8.30336E-2 6.42894E-2 5.24803E-2 5.8812E-2 7.63908E-2 8.6447E-2 4.26467E-2 2.01945E-2 2.11717E-2 1.96323E-2 1.26146E-2 1.68358E-2 2.63228E-2 1.96684E-2 1.72363E-2 2.54692E-2 1.57753E-2 6.89311E-3 6.3279E-3 4.71064E-3 1.19997E-2 1.3474E-2 6.20404E-3 2.54358E-3 8.71459E-4 2.91665E-4 1.79963E-4 4.76061E-5 3.6895E-7 1.27482E-10 3.50937E-9 6.12131E-8 2.61701E-11 1.73958E-15 1.24708E-16 1.5827E-17 6.68707E-21 2.59226E-32 1.1206E-37
5.08127E-1 4.94015E-1 5.13384E-1 4.87553E-1 4.47311E-1 5.15975E-1 5.01418E-1 4.77501E-1 4.79918E-1 4.94015E-1 4.9607E-1 4.9607E-1 4.97429E-1 4.82789E-1 4.74233E-1 4.72065E-1 4.46477E-1 3.92995E-1 3.65698E-1 3.60511E-1 3.02781E-1 2.2594E-1 2.06625E-1 1.82119E-1 1.25833E-1 7.39055E-2 8.46922E-2 1.03402E-1 1.20236E-1 1.24701E-1 1.13727E-1 1.02357E-1 6.59963E-2 4.04358E-2 3.77332E-2 3.47402E-2 4.17916E-2 6.42894E-2 8.30639E-2 7.1771E-2 4.64436E-2 4.48902E-2 4.03844E-2 2.79219E-2 5.06086E-3 3.07748E-3 1.51851E-2 3.65098E-2 2.7267E-2 3.41636E-2 2.5827E-2 2.36135E-3 5.55917E-4 1.01043E-4 4.19995E-6 5.24097E-8 9.23254E-10 1.24892E-12 7.34557E-17 3.53122E-18 1.00594E-16 6.42012E-16 5.21367E-16 2.94247E-24 2.41062E-32
4.7703E-1 4.50062E-1 4.7703E-1 4.77501E-1 4.36267E-1 5.11245E-1 5.32212E-1 5.08127E-1 4.90373E-1 4.91242E-1 4.89847E-1 4.89182E-1 5.2087E-1 5.10697E-1 5.1199E-1 4.93332E-1 4.42276E-1 4.03036E-1 3.84789E-1 3.55456E-1 3.09797E-1 2.80083E-1 2.78318E-1 2.74861E-1 2.13028E-1 1.37607E-1 1.07427E-1 1.32842E-1 1.74743E-1 1.55054E-1 1.21346E-1 1.04137E-1 8.25105E-2 5.68024E-2 4.76613E-2 5.44566E-2 9.64904E-2 1.79181E-1 1.66137E-1 1.20737E-1 6.03131E-2 6.30376E-2 8.70136E-2 6.73889E-2 8.40717E-3 1.4982E-3 1.8277E-2 8.59275E-2 9.4332E-2 8.02374E-2 1.05291E-1 8.11135E-2 2.55264E-2 2.54542E-3 2.80823E-4 1.16759E-5 2.18842E-7 8.63929E-10 8.91752E-13 7.99189E-15 5.55005E-15 1.1656E-14 1.3265E-15 1.1833E-19 2.7707E-25
4.38914E-1 4.09184E-1 4.11306E-1 4.00007E-1 4.10209E-1 4.68667E-1 5.20335E-1 4.95943E-1 4.46962E-1 4.32776E-1 4.37547E-1 4.35961E-1 4.69713E-1 4.66181E-1 4.39128E-1 3.77948E-1 3.44959E-1 3.55456E-1 3.74513E-1 3.58938E-1 3.30926E-1 3.25595E-1 3.20329E-1 2.97441E-1 2.59412E-1 2.03473E-1 1.1912E-1 9.63755E-2 1.55186E-1 1.47525E-1 9.33544E-2 1.02206E-1 1.00197E-1 5.59132E-2 4.91501E-2 9.62148E-2 1.92426E-1 2.3916E-1 1.67522E-1 1.16954E-1 6.42894E-2 7.55886E-2 1.06126E-1 1.54816E-1 1.77326E-1 5.21421E-2 4.27581E-2 7.38055E-2 9.97605E-2 9.07369E-2 1.33636E-1 1.25136E-1 6.65758E-2 1.64414E-2 3.56379E-3 5.09751E-4 6.16714E-5 1.48369E-6 3.86081E-9 8.97725E-12 4.59714E-13 2.61623E-13 3.514E-14 2.44654E-16 4.42881E-19
3.92912E-1 3.36849E-1 2.80049E-1 2.4918E-1 3.06283E-1 4.06942E-1 4.56836E-1 4.26755E-1 3.76321E-1 3.62457E-1 3.95116E-1 4.34671E-1 4.44179E-1 4.13524E-1 3.50224E-1 2.31863E-1 2.11789E-1 3.11453E-1 3.72869E-1 3.69407E-1 3.48471E-1 3.60677E-1 3.41363E-1 2.97526E-1 2.5768E-1 2.162E-1 1.55186E-1 1.35217E-1 1.90981E-1 1.73221E-1 7.8181E-2 1.06305E-1 1.01342E-1 2.96803E-2 4.13404E-2 1.48408E-1 3.71067E-1 3.79431E-1 1.85248E-1 1.29342E-1 1.24746E-1 1.43702E-1 1.57756E-1 2.27488E-1 3.13787E-1 1.49616E-1 8.47572E-2 6.86454E-2 8.91844E-2 1.97006E-1 2.01338E-1 1.33841E-1 7.05485E-2 3.31742E-2 1.46572E-2 4.67777E-3 1.10359E-3 1.18233E-4 1.52075E-6 8.7291E-9 1.28746E-10 4.44861E-11 1.17636E-11 6.48152E-13 3.64634E-14
3.76979E-1 3.48346E-1 2.33882E-1 1.78659E-1 3.0292E-1 3.7258E-1 3.64119E-1 3.42712E-1 3.18515E-1 3.37922E-1 4.34671E-1 5.17262E-1 5.01854E-1 4.2838E-1 3.98527E-1 3.0467E-1 2.58569E-1 3.45997E-1 3.76321E-1 3.51977E-1 3.57225E-1 3.69407E-1 3.5022E-1 2.85301E-1 2.39087E-1 2.37417E-1 2.3575E-1 2.29124E-1 2.62694E-1 2.46457E-1 1.62335E-1 1.40831E-1 8.51543E-2 3.45477E-2 5.77816E-2 1.60671E-1 4.01859E-1 4.0521E-1 2.11789E-1 1.69097E-1 1.78795E-1 1.90981E-1 1.86518E-1 2.09797E-1 2.2107E-1 1.92692E-1 1.59067E-1 1.01363E-1 1.1373E-1 2.0039E-1 2.72432E-1 1.91084E-1 9.57298E-2 4.97322E-2 3.35118E-2 1.50048E-2 3.36591E-3 5.45382E-4 5.85058E-5 3.23717E-6 1.75958E-7 2.81501E-8 6.71684E-9 1.61048E-9 4.8933E-10
4.43558E-1 3.91725E-1 3.17936E-1 3.0292E-1 3.80669E-1 3.85489E-1 3.06266E-1 3.1462E-1 3.12962E-1 3.49274E-1 4.64177E-1 5.68591E-1 5.86344E-1 5.6897E-1 5.51192E-1 5.41952E-1 4.39112E-1 4.07602E-1 4.21836E-1 3.7628E-1 3.79734E-1 3.84907E-1 3.41465E-1 2.81748E-1 2.44118E-1 2.50874E-1 2.78347E-1 2.88734E-1 2.86985E-1 2.54095E-1 2.38158E-1 1.99054E-1 1.18581E-1 7.90653E-2 9.75122E-2 1.98267E-1 3.34676E-1 3.4133E-1 2.40844E-1 2.28176E-1 2.42442E-1 2.46093E-1 2.5249E-1 2.13884E-1 2.40147E-1 2.5768E-1 2.611E-1 1.92426E-1 8.01428E-2 1.1367E-1 2.81782E-1 2.05105E-1 1.11612E-1 6.42894E-2 3.86418E-2 1.71576E-2 5.3085E-3 1.7321E-3 9.00761E-4 2.6502E-4 3.35422E-5 5.46535E-6 1.40973E-6 5.68567E-7 4.17388E-7
4.69019E-1 4.41029E-1 3.9003E-1 3.54178E-1 3.88687E-1 4.13163E-1 3.90282E-1 3.95116E-1 3.51977E-1 3.57225E-1 4.31464E-1 5.485E-1 6.1148E-1 6.08114E-1 5.50305E-1 5.1045E-1 4.58069E-1 4.56641E-1 5.07578E-1 4.63077E-1 4.34834E-1 4.3E-1 3.65936E-1 2.86985E-1 2.5926E-1 2.69696E-1 3.08042E-1 3.23887E-1 3.1675E-1 2.55703E-1 2.15733E-1 2.00548E-1 1.55735E-1 1.42747E-1 1.57432E-1 2.55953E-1 3.53196E-1 3.64817E-1 2.99361E-1 2.84223E-1 3.01248E-1 3.47963E-1 3.46307E-1 2.6672E-1 3.24562E-1 4.13609E-1 3.60715E-1 2.63773E-1 1.35553E-1 1.3959E-1 2.13884E-1 1.86674E-1 1.23524E-1 6.67291E-2 3.65171E-2 1.94764E-2 1.1477E-2 8.79235E-3 6.80177E-3 3.79943E-3 6.9768E-4 1.37752E-4 4.17347E-5 2.0235E-5 4.10616E-6
