KUENM/Final_Models/M_0.1_F_lq_Set_2_NE/sp1_8.asc
ncols         197
nrows         210
xllcorner     56.1666666666667
yllcorner     4.5
cellsize      0.166666666666667
NODATA_value  -9999
[rows 56 to 83 of 210, columns 130 to 194 of 197]
1.11354E-4 4.41349E-8 2.7533E-7 2.08378E-9 7.46702E-8 2.22691E-8 9.19389E-8 2.31958E-9 1.91329E-8 7.88552E-8 5.13068E-8 6.97655E-9 1.1202E-8 8.69584E-9 2.19966E-8 6.90648E-9 8.3666E-8 1.51396E-8 3.19805E-8 3.41744E-12 1.57724E-11 1.42115E-10 4.88436E-9 3.38503E-9 7.79606E-11 4.51016E-11 3.08115E-13 1.26535E-12 1.30022E-12 1.17925E-11 7.12152E-11 1.84243E-10 3.32943E-10 1.39555E-10 1.75327E-11 2.96377E-11 4.17533E-11 1.53856E-12 5.60546E-14 1.69434E-14 1.54436E-13 4.48984E-15 1.91655E-15 3.04522E-15 -9999 -9999 -9999 -9999 -9999 -9999 -9999 -9999 -9999 -9999 -9999 -9999 -9999 -9999 -9999 -9999 -9999 -9999 -9999 -9999 -9999
1.25775E-2 3.95278E-3 2.54376E-5 2.05118E-10 1.13329E-9 2.00441E-7 8.1799E-9 8.5834E-9 3.64753E-7 2.03586E-7 1.51769E-7 8.26568E-8 3.39064E-9 2.80602E-10 2.33695E-10 2.95718E-8 4.16359E-8 1.94952E-7 1.08863E-7 2.02201E-12 4.38639E-10 5.0093E-12 3.52647E-10 3.99565E-8 3.98928E-6 1.90862E-9 2.06419E-10 1.16834E-11 2.46748E-12 3.23032E-13 4.33679E-12 7.12719E-11 1.32007E-10 3.18863E-10 2.08211E-10 3.13445E-11 1.39869E-11 2.34898E-11 1.98299E-12 4.4078E-14 4.33072E-15 4.15493E-14 2.44586E-15 2.63382E-15 6.33859E-14 1.28653E-15 -9999 -9999 -9999 -9999 -9999 -9999 -9999 -9999 -9999 -9999 -9999 -9999 -9999 -9999 -9999 -9999 -9999 -9999 -9999
5.03035E-2 5.12885E-2 2.67911E-3 3.01291E-6 3.63042E-8 4.50734E-8 1.18742E-8 2.73114E-9 2.28016E-7 1.90961E-7 8.71734E-8 9.19389E-8 5.20066E-9 1.4713E-10 8.53161E-11 2.11652E-11 1.47391E-8 1.41049E-7 5.01613E-7 3.40996E-9 3.57677E-7 3.97332E-8 2.45678E-9 2.56946E-5 2.60845E-4 3.94287E-5 1.85138E-9 5.5695E-11 1.3558E-10 9.18846E-14 9.2044E-14 3.07511E-12 7.03562E-11 1.74046E-10 1.15122E-10 1.01911E-10 2.40706E-11 6.45631E-11 7.93036E-12 6.93921E-12 1.16594E-14 8.95198E-14 3.2737E-13 1.03264E-13 3.26437E-14 7.06001E-15 4.472E-15 7.63953E-14 -9999 -9999 -9999 -9999 -9999 -9999 -9999 -9999 -9999 -9999 -9999 -9999 -9999 -9999 -9999 -9999 -9999
1.03932E-1 7.37931E-2 1.85698E-2 1.51879E-3 1.70223E-5 2.52242E-6 4.37884E-7 5.4411E-8 3.29559E-9 8.12196E-10 6.17074E-8 9.90907E-8 2.51871E-8 5.61952E-9 1.42383E-7 1.34808E-8 5.20369E-8 2.0054E-7 7.24887E-7 5.83046E-6 3.27961E-5 1.34402E-5 1.89622E-6 1.59653E-3 5.56461E-4 1.14935E-4 5.98726E-6 1.82598E-7 2.31526E-9 2.20091E-10 1.94446E-10 6.07567E-12 4.42303E-13 1.31115E-11 2.33887E-11 1.06575E-11 1.09704E-11 2.34454E-10 1.28108E-10 4.34732E-11 8.9502E-12 3.49687E-12 5.21741E-12 1.46661E-12 8.0031E-13 1.08658E-13 2.42864E-13 5.5918E-13 7.70892E-14 5.21706E-14 -9999 -9999 -9999 -9999 -9999 -9999 -9999 -9999 -9999 -9999 -9999 -9999 -9999 -9999 -9999
9.89981E-2 1.02907E-1 4.92951E-2 2.06282E-2 4.28755E-3 6.30372E-4 2.07698E-5 4.36318E-7 1.67679E-10 9.2357E-12 8.58883E-12 2.06764E-9 4.02926E-8 1.22778E-7 4.75206E-8 1.00921E-6 1.16577E-6 6.07404E-7 7.96664E-7 6.52122E-6 3.13123E-5 1.29984E-4 1.22393E-5 9.48125E-4 4.58817E-5 7.15936E-6 4.21493E-7 9.10003E-10 5.60112E-12 1.1823E-11 2.94747E-10 8.2003E-10 4.39401E-11 2.09483E-13 1.60548E-12 8.55162E-14 2.99983E-12 6.04598E-11 3.85926E-12 3.32248E-11 2.91911E-11 5.1999E-12 3.92044E-11 1.89075E-11 9.2269E-12 2.92619E-13 1.05986E-12 1.39891E-12 2.27139E-12 2.1174E-12 2.89915E-12 8.35998E-13 -9999 -9999 -9999 -9999 -9999 -9999 -9999 -9999 -9999 -9999 -9999 -9999 -9999
8.74156E-2 1.0162E-1 7.8193E-2 4.67479E-2 2.43914E-2 8.56004E-3 1.71051E-3 7.61703E-5 1.55352E-7 1.65891E-11 1.2145E-11 1.17677E-9 1.36232E-8 5.33543E-8 8.23118E-8 1.24738E-6 1.91358E-6 2.09504E-6 4.28068E-6 9.1807E-6 5.05015E-5 5.87801E-5 1.50119E-4 1.18452E-4 7.11529E-5 3.74062E-5 1.73405E-5 4.64368E-7 1.34639E-10 5.51789E-11 1.61382E-10 5.89671E-11 1.94553E-11 3.67533E-13 3.89627E-14 8.16266E-15 6.96406E-11 7.26272E-11 7.5106E-13 6.63501E-11 1.26606E-10 6.24582E-11 4.86879E-11 1.73595E-11 1.40124E-11 9.26181E-11 1.21685E-11 4.58062E-11 3.75874E-11 2.3511E-12 2.80029E-12 4.00506E-13 6.60111E-11 -9999 -9999 -9999 -9999 -9999 -9999 -9999 -9999 -9999 -9999 -9999 -9999
1.07184E-1 1.17933E-1 1.0162E-1 7.9578E-2 5.77426E-2 4.02817E-2 1.6078E-2 2.37932E-3 1.2651E-4 3.14251E-6 7.61189E-8 5.84753E-9 3.29099E-9 3.20377E-8 6.08592E-8 7.67553E-8 6.33095E-7 1.08813E-6 1.91281E-6 3.05925E-6 7.45426E-6 4.79321E-5 2.65069E-4 1.53667E-4 2.97481E-6 5.64859E-7 1.09263E-7 4.47242E-7 3.82229E-6 6.35425E-8 4.22327E-8 3.61344E-11 1.39866E-11 1.37684E-11 7.06903E-14 1.80067E-14 6.38633E-8 5.51135E-11 4.00497E-13 3.28122E-12 1.50213E-12 1.34184E-12 7.36681E-13 7.23238E-12 7.81443E-12 1.43344E-11 4.98149E-12 9.2269E-12 1.28673E-11 5.45573E-13 5.09721E-13 4.11174E-13 9.22898E-13 2.50045E-12 9.86784E-12 -9999 -9999 -9999 -9999 -9999 -9999 -9999 -9999 -9999 -9999
1.67033E-1 1.68386E-1 1.59092E-1 1.30657E-1 1.14899E-1 1.0823E-1 5.54028E-2 1.75667E-2 5.5128E-3 3.22699E-3 7.46122E-4 4.79663E-5 6.52243E-6 1.81817E-5 7.23506E-5 1.69581E-6 8.5903E-8 7.58599E-8 5.99302E-8 3.73478E-7 1.46656E-6 7.60347E-6 1.06412E-5 8.91977E-5 8.15966E-5 2.8809E-5 1.66505E-4 1.02307E-5 6.31037E-6 2.4051E-7 1.93458E-6 1.08648E-8 2.14978E-10 1.63577E-11 3.63314E-13 4.06806E-9 6.62364E-9 1.99169E-13 1.73345E-14 6.23063E-15 1.46141E-13 5.29368E-13 9.97011E-14 2.2146E-13 2.1023E-11 4.98139E-12 4.90381E-11 3.40347E-13 1.86619E-13 1.21168E-13 2.15226E-11 8.35743E-11 1.71518E-13 8.1405E-13 1.08308E-12 2.6424E-13 -9999 -9999 -9999 -9999 -9999 -9999 -9999 -9999 -9999
2.50327E-1 2.40449E-1 2.561E-1 2.44524E-1 2.44524E-1 1.93568E-1 1.13217E-1 5.26415E-2 2.74944E-2 1.75417E-2 1.02454E-2 2.54097E-3 2.13308E-4 8.83073E-5 1.36433E-5 3.75257E-7 9.15762E-8 3.19034E-8 5.43289E-9 1.00002E-8 1.33227E-7 2.4864E-6 1.65748E-6 6.39383E-6 2.57875E-5 5.22936E-6 1.71065E-6 4.89177E-6 5.0283E-6 1.41528E-6 2.1434E-7 1.54473E-11 4.45215E-14 3.93979E-15 1.50668E-10 2.61496E-8 2.25339E-11 1.20331E-12 1.57943E-11 2.05598E-14 7.71012E-13 6.17792E-11 2.19136E-11 5.00613E-13 1.66691E-10 1.06615E-12 7.92197E-11 5.51786E-11 3.26596E-11 4.6976E-12 2.14682E-11 2.7011E-10 4.22282E-12 7.92595E-11 1.62638E-11 4.15802E-11 2.16831E-11 -9999 -9999 -9999 -9999 -9999 -9999 -9999 -9999
3.15489E-1 2.88714E-1 3.01577E-1 3.27176E-1 3.44478E-1 2.5925E-1 1.42996E-1 8.08178E-2 5.17522E-2 3.23058E-2 1.62777E-2 2.70819E-3 5.56222E-4 4.55756E-4 7.85339E-5 2.83634E-6 8.48522E-7 8.05855E-7 1.12027E-7 1.10666E-8 1.01379E-9 3.88391E-9 1.1384E-9 1.27745E-7 1.45774E-6 9.93632E-8 5.11527E-8 1.24939E-7 1.6424E-7 1.48465E-6 3.53962E-6 1.96134E-7 1.44629E-6 3.84346E-7 7.60279E-6 3.70586E-8 1.16959E-12 2.54478E-11 2.18988E-10 3.60401E-8 4.68989E-12 1.54411E-9 3.09298E-10 1.74574E-11 1.03111E-10 6.14146E-13 9.52431E-14 1.05899E-12 2.94201E-12 7.7531E-12 5.22684E-13 2.45294E-11 6.78286E-10 1.13645E-10 1.22769E-10 1.85231E-10 7.20185E-11 8.61194E-10 -9999 -9999 -9999 -9999 -9999 -9999 -9999
3.71142E-1 3.13868E-1 2.84614E-1 3.05753E-1 3.18727E-1 2.26975E-1 1.17325E-1 8.77196E-2 7.13042E-2 4.24374E-2 1.37307E-2 1.60517E-3 6.49462E-4 1.26094E-3 1.03429E-3 1.51965E-4 6.22457E-5 4.0215E-5 1.91562E-5 2.70315E-6 4.18933E-7 1.4995E-8 2.37065E-10 2.93513E-9 2.93887E-7 1.04069E-5 4.33146E-6 1.68317E-6 1.88236E-7 7.17277E-7 2.27228E-6 4.78512E-7 3.07261E-7 1.84365E-10 4.89159E-14 1.14369E-7 3.14103E-9 1.02393E-6 2.3464E-7 1.83033E-6 1.71209E-10 4.62257E-10 3.62015E-5 1.21113E-10 1.05236E-8 4.8233E-8 3.39077E-13 3.17703E-16 7.29841E-13 1.89678E-11 8.84152E-14 4.0827E-14 2.79471E-11 4.40564E-12 8.02599E-11 1.92224E-10 5.34816E-12 2.4198E-11 6.71598E-10 -9999 -9999 -9999 -9999 -9999 -9999
4.09628E-1 3.40253E-1 2.7566E-1 2.80628E-1 2.83945E-1 2.02271E-1 1.17149E-1 1.00811E-1 8.53177E-2 5.11994E-2 2.06719E-2 2.29E-3 1.04215E-3 1.71254E-3 2.59425E-3 1.43682E-3 1.03353E-3 1.32111E-3 1.65073E-3 3.18899E-4 5.49366E-5 4.06262E-5 5.29414E-5 1.70529E-5 6.44253E-7 3.02879E-6 9.10631E-6 3.5528E-6 6.05256E-7 1.18045E-7 1.60129E-8 7.70096E-10 3.57601E-10 1.37146E-13 7.34703E-18 1.50523E-29 5.9625E-34 1.57045E-31 6.88981E-27 4.09587E-21 5.24446E-8 3.67107E-6 3.05E-6 1.45522E-6 2.00827E-7 9.38445E-7 1.89248E-11 1.23697E-13 7.51933E-12 4.29576E-12 4.22346E-14 1.97718E-14 7.75837E-14 1.76625E-14 1.60077E-12 6.20229E-13 1.09514E-11 3.06605E-10 4.38112E-14 1.47936E-10 -9999 -9999 -9999 -9999 -9999
4.44964E-1 3.78615E-1 3.15505E-1 3.10527E-1 3.17756E-1 2.84193E-1 2.10817E-1 1.4981E-1 1.19008E-1 7.64701E-2 4.24015E-2 1.54212E-2 6.43846E-3 5.05143E-3 8.25727E-3 6.91519E-3 5.49178E-3 6.69338E-3 7.99718E-3 3.61825E-3 1.80649E-3 2.99482E-3 8.49298E-3 7.01276E-3 9.40312E-4 4.73501E-6 1.90548E-6 2.12539E-6 4.46214E-6 1.14677E-5 2.19605E-6 3.5554E-9 1.21117E-9 4.79432E-14 1.39126E-16 1.06157E-22 6.65433E-25 4.50442E-27 6.49999E-25 1.00784E-23 5.08449E-19 8.32698E-15 3.45929E-11 1.06681E-7 1.42593E-7 1.68967E-7 2.97911E-8 1.76447E-8 1.16905E-9 9.82591E-11 2.04973E-10 3.38801E-11 8.64419E-15 2.15124E-16 9.24777E-17 1.93923E-14 5.9377E-11 5.88999E-10 1.42118E-12 4.03254E-12 4.6628E-13 -9999 -9999 -9999 -9999
4.9688E-1 4.29526E-1 3.77015E-1 3.86189E-1 4.06725E-1 3.76502E-1 3.09713E-1 2.37588E-1 1.69755E-1 1.27346E-1 8.7312E-2 5.18337E-2 3.1811E-2 2.97792E-2 3.40458E-2 1.82045E-2 1.23437E-2 1.1914E-2 1.31204E-2 1.09597E-2 1.0833E-2 1.58366E-2 1.96824E-2 1.17346E-2 1.64306E-3 2.74399E-5 2.49583E-6 1.9105E-6 6.10511E-6 2.98054E-5 4.83033E-5 1.5422E-6 1.44925E-7 1.72791E-9 1.01988E-10 1.35444E-13 3.26092E-16 1.19326E-17 3.77254E-18 1.77982E-17 2.77915E-16 3.05122E-15 1.45266E-12 1.28108E-11 3.73653E-10 1.96623E-12 1.42382E-15 1.79241E-14 2.46717E-13 2.59357E-8 1.05455E-8 3.48259E-12 1.12297E-12 1.36014E-11 4.65309E-15 3.66569E-14 1.81967E-9 1.07129E-8 6.49147E-11 3.96835E-13 2.88381E-14 -9999 -9999 -9999 -9999
5.01869E-1 4.80485E-1 4.46975E-1 4.39795E-1 4.85842E-1 4.58763E-1 4.00093E-1 3.27187E-1 2.40449E-1 1.86576E-1 1.45498E-1 1.03396E-1 6.74031E-2 5.50986E-2 4.46482E-2 2.49092E-2 1.74236E-2 1.98576E-2 2.12731E-2 2.04366E-2 2.16382E-2 2.42234E-2 1.96218E-2 9.98251E-3 2.33096E-3 2.44907E-4 2.14085E-5 3.33081E-6 5.46316E-6 2.72387E-5 7.93499E-5 2.89472E-5 9.77244E-7 4.24211E-9 3.71339E-10 1.20245E-12 1.73014E-13 4.32854E-15 1.42656E-14 2.03766E-13 6.84365E-13 1.28629E-12 3.23812E-13 2.70032E-10 3.1509E-10 6.23157E-12 1.53994E-10 1.01732E-14 1.95212E-18 9.85536E-15 2.6304E-14 3.28427E-9 1.87126E-11 2.19324E-9 5.9707E-13 5.16439E-11 1.64273E-9 1.91618E-15 1.55042E-10 9.30903E-11 2.26019E-11 1.11649E-14 -9999 -9999 -9999
5.13595E-1 5.10145E-1 5.10145E-1 4.94527E-1 5.0307E-1 4.9683E-1 4.54803E-1 3.89713E-1 3.11645E-1 2.53304E-1 2.21817E-1 1.63261E-1 1.02493E-1 5.92173E-2 4.18613E-2 2.66434E-2 1.29725E-2 2.22613E-2 2.81523E-2 2.97323E-2 3.01387E-2 2.9265E-2 1.97255E-2 9.32852E-3 3.0705E-3 8.05058E-4 2.04529E-4 7.13449E-5 5.66339E-5 9.4248E-5 2.61292E-4 1.75738E-4 6.95522E-6 5.03268E-7 1.14489E-8 8.32855E-10 2.54936E-12 3.05975E-14 5.78717E-12 7.56346E-10 6.01804E-10 3.3931E-11 6.32717E-10 5.79115E-13 2.33727E-11 2.58833E-12 6.58805E-8 7.57852E-8 1.1879E-13 1.45262E-12 1.37002E-14 1.49588E-11 2.14518E-10 1.00331E-13 3.1061E-10 1.63179E-13 4.19416E-20 5.04287E-13 3.49799E-9 2.99987E-9 1.26647E-8 5.86053E-13 2.41149E-11 -9999 -9999
5.32851E-1 5.0672E-1 5.13868E-1 4.98088E-1 4.82576E-1 4.7856E-1 4.76277E-1 4.47426E-1 3.88746E-1 3.22012E-1 2.87462E-1 2.33272E-1 1.60923E-1 6.58558E-2 4.57096E-2 4.18613E-2 2.73891E-2 3.54201E-2 4.87382E-2 4.46191E-2 4.23402E-2 3.47911E-2 2.17322E-2 1.04616E-2 4.38095E-3 2.15041E-3 1.07362E-3 5.72262E-4 3.95833E-4 4.64979E-4 6.32541E-4 3.40431E-4 5.57963E-5 3.38139E-5 1.23286E-5 3.18279E-7 1.33163E-8 4.2533E-9 1.9549E-8 1.06106E-7 4.21679E-8 7.37992E-10 1.69204E-11 1.32273E-10 3.30725E-8 2.65463E-8 1.83805E-7 2.21504E-6 3.88856E-6 4.18373E-6 3.99164E-9 5.63226E-12 6.96627E-14 3.06195E-14 1.90094E-14 2.49488E-12 4.85582E-10 1.1125E-13 5.60836E-13 8.0016E-14 5.60605E-12 1.92063E-8 1.01774E-10 -9999 -9999
5.57669E-1 5.12645E-1 4.66438E-1 4.41392E-1 4.51895E-1 4.56317E-1 4.72096E-1 4.7069E-1 4.40982E-1 3.75343E-1 3.16754E-1 3.09776E-1 2.99311E-1 1.70382E-1 8.09061E-2 5.64301E-2 5.78107E-2 9.41182E-2 9.71448E-2 7.82054E-2 6.28187E-2 4.73971E-2 2.80012E-2 1.37375E-2 6.18745E-3 5.83113E-3 5.67743E-3 3.09435E-3 1.60535E-3 1.43682E-3 1.49109E-3 4.50447E-4 7.78227E-5 8.31746E-5 2.24114E-4 4.45399E-5 3.78959E-6 1.52871E-6 1.88089E-6 1.23879E-5 1.90492E-4 9.05575E-6 1.15109E-9 5.36105E-12 1.05887E-11 3.11305E-12 3.36766E-10 5.57624E-6 1.42265E-4 8.41783E-5 3.62783E-5 4.93366E-6 3.33146E-6 2.88693E-8 7.95015E-13 6.9082E-10 8.60011E-4 1.24173E-11 8.59111E-11 2.85341E-9 3.43082E-14 6.73315E-13 1.29419E-21 1.34193E-23 -9999
5.31173E-1 5.19789E-1 4.83447E-1 4.39436E-1 4.42524E-1 4.37885E-1 4.48636E-1 4.57644E-1 4.80674E-1 4.02576E-1 3.23727E-1 3.42833E-1 3.61755E-1 2.66877E-1 1.41895E-1 8.09061E-2 8.27215E-2 1.19267E-1 1.30384E-1 1.34156E-1 1.14798E-1 7.47799E-2 4.22536E-2 2.13246E-2 1.12421E-2 1.86813E-2 2.97792E-2 1.2534E-2 5.13685E-3 4.05216E-3 3.65469E-3 1.23606E-3 1.92901E-4 2.59068E-4 8.76836E-4 4.24566E-4 9.60215E-5 8.59791E-5 1.5737E-4 2.25674E-4 7.6787E-4 1.77388E-3 2.27146E-4 7.60089E-7 6.18156E-9 9.17479E-10 5.62529E-9 1.87552E-7 9.66538E-6 1.1341E-4 6.30636E-5 2.66793E-4 3.20615E-5 1.65191E-4 1.53307E-7 3.42214E-4 3.24539E-3 2.39404E-6 4.29066E-5 2.06352E-9 3.96894E-14 1.91027E-16 9.08301E-25 2.39622E-27 -9999
4.96943E-1 5.14778E-1 5.0474E-1 4.42524E-1 3.91255E-1 3.89557E-1 3.70674E-1 3.77394E-1 4.26889E-1 3.9092E-1 3.41102E-1 3.56618E-1 3.51463E-1 2.78453E-1 1.88758E-1 1.62332E-1 1.78251E-1 1.62725E-1 1.51561E-1 2.0335E-1 1.99536E-1 1.10254E-1 5.83857E-2 3.3776E-2 2.13246E-2 2.5402E-2 4.8119E-2 2.09706E-2 1.05223E-2 9.72752E-3 1.17316E-2 9.51698E-3 2.80461E-3 1.65406E-3 2.16415E-3 1.48637E-3 4.63179E-4 8.01805E-4 2.35297E-3 2.88458E-3 2.68791E-3 6.54552E-3 2.66076E-3 1.80189E-4 2.40089E-5 1.32537E-5 3.08301E-5 3.76622E-5 2.33565E-5 1.1462E-5 2.63936E-5 6.32933E-4 1.92629E-4 3.47472E-4 2.79834E-4 2.13091E-4 1.58671E-3 1.39406E-3 1.38793E-5 2.05643E-8 4.32793E-13 8.03301E-23 5.10159E-29 1.53482E-32 3.24127E-39
4.7064E-1 4.93254E-1 4.79289E-1 4.30847E-1 3.84526E-1 3.79301E-1 3.33431E-1 3.24985E-1 3.81018E-1 3.72271E-1 3.63681E-1 3.73654E-1 3.60045E-1 3.04542E-1 2.51009E-1 2.59523E-1 2.88864E-1 2.15203E-1 1.71738E-1 2.51967E-1 2.11313E-1 1.24396E-1 8.00032E-2 5.63782E-2 3.61092E-2 2.76167E-2 3.76658E-2 2.72367E-2 2.11162E-2 2.43524E-2 3.38741E-2 3.95973E-2 1.62705E-2 6.50306E-3 6.89576E-3 6.2977E-3 3.68916E-3 5.23733E-3 9.03771E-3 6.33343E-3 5.40103E-3 8.70137E-3 4.86178E-3 1.79199E-3 1.61884E-3 1.13686E-3 3.49954E-3 4.03019E-3 1.58407E-3 5.45808E-4 1.52821E-4 4.18882E-5 2.37105E-5 4.94364E-6 1.64871E-8 1.51761E-12 7.20347E-11 2.01167E-9 2.28029E-13 3.06862E-18 1.40587E-19 1.19277E-20 1.42236E-24 6.60003E-38 3.64338E-44
4.29834E-1 4.09695E-1 4.36282E-1 4.05015E-1 3.58307E-1 4.39476E-1 4.2167E-1 3.93123E-1 3.9295E-1 4.09695E-1 4.09153E-1 4.09153E-1 4.10787E-1 3.90406E-1 3.80393E-1 3.80794E-1 3.51557E-1 2.93649E-1 2.65732E-1 2.60551E-1 2.05533E-1 1.38229E-1 1.23183E-1 1.03664E-1 6.43236E-2 3.24371E-2 3.85737E-2 4.98384E-2 6.0612E-2 6.35678E-2 5.62931E-2 4.9118E-2 2.80378E-2 1.52137E-2 1.39842E-2 1.26446E-2 1.58871E-2 2.72367E-2 3.77372E-2 3.13858E-2 1.82045E-2 1.74736E-2 1.53446E-2 9.75048E-3 1.23751E-3 6.83141E-4 4.64746E-3 1.32916E-2 9.37392E-3 1.2158E-2 8.80736E-3 4.99113E-4 8.96456E-5 1.19702E-5 2.84458E-7 1.68491E-9 1.51978E-11 7.04047E-15 8.11394E-20 2.35362E-21 1.19586E-19 1.03504E-18 7.88227E-19 1.76343E-28 6.16601E-38
3.89557E-1 3.58489E-1 3.89557E-1 3.93123E-1 3.45904E-1 4.36761E-1 4.59739E-1 4.29834E-1 4.08379E-1 4.06377E-1 4.04711E-1 4.00922E-1 4.39436E-1 4.26889E-1 4.28475E-1 4.05873E-1 3.49722E-1 3.04196E-1 2.87757E-1 2.57992E-1 2.1196E-1 1.85224E-1 1.81751E-1 1.78756E-1 1.26677E-1 7.22256E-2 5.22839E-2 6.89554E-2 9.83797E-2 8.45792E-2 6.11613E-2 5.00795E-2 3.71565E-2 2.31921E-2 1.86319E-2 2.20285E-2 4.55225E-2 1.00383E-1 9.01852E-2 5.99358E-2 2.52034E-2 2.66434E-2 3.9309E-2 2.86217E-2 2.26993E-3 2.89784E-4 5.80625E-3 3.77951E-2 4.17972E-2 3.39865E-2 4.72124E-2 3.44322E-2 8.73589E-3 5.45314E-4 3.99718E-5 9.44409E-7 8.95153E-9 1.40635E-11 4.76111E-15 1.99808E-17 1.31786E-17 3.10729E-17 2.39538E-18 4.30793E-23 1.11355E-29
3.37511E-1 3.08031E-1 3.12995E-1 3.0369E-1 3.17338E-1 3.82797E-1 4.47988E-1 4.15058E-1 3.54988E-1 3.39148E-1 3.44441E-1 3.42678E-1 3.81018E-1 3.73982E-1 3.46203E-1 2.80704E-1 2.5007E-1 2.57992E-1 2.77188E-1 2.61461E-1 2.34055E-1 2.26696E-1 2.21744E-1 1.98633E-1 1.65582E-1 1.20779E-1 5.97029E-2 4.53885E-2 8.45438E-2 7.90546E-2 4.35089E-2 4.86419E-2 4.74166E-2 2.27077E-2 1.93347E-2 4.52277E-2 1.1263E-1 1.48839E-1 9.32828E-2 5.84654E-2 2.72367E-2 3.34231E-2 5.11994E-2 8.06338E-2 9.57217E-2 2.103E-2 1.64275E-2 3.22821E-2 4.63618E-2 4.08455E-2 6.55678E-2 6.04459E-2 2.78699E-2 5.11188E-3 8.13816E-4 8.08422E-5 6.68623E-6 8.39795E-8 8.03777E-11 6.94745E-14 2.20654E-15 1.14775E-15 1.11877E-16 3.31506E-19 2.03563E-22
2.80844E-1 2.30596E-1 1.83257E-1 1.58769E-1 2.10878E-1 3.16625E-1 3.72143E-1 3.3825E-1 2.81644E-1 2.67514E-1 3.01238E-1 3.44126E-1 3.54772E-1 3.20917E-1 2.55273E-1 1.43817E-1 1.26932E-1 2.17882E-1 2.78099E-1 2.74563E-1 2.51088E-1 2.63199E-1 2.41764E-1 2.00765E-1 1.65909E-1 1.30573E-1 8.45438E-2 7.03692E-2 1.11487E-1 9.7233E-2 3.45661E-2 5.11685E-2 4.78109E-2 1.03589E-2 1.55416E-2 7.86155E-2 2.73678E-1 2.79641E-1 1.06991E-1 6.64823E-2 6.35026E-2 7.64741E-2 8.54993E-2 1.36407E-1 2.07196E-1 7.90837E-2 3.86663E-2 2.95847E-2 4.13266E-2 1.10753E-1 1.12636E-1 6.64644E-2 3.05949E-2 1.20205E-2 4.44254E-3 1.1263E-3 2.01747E-4 1.43789E-5 8.64026E-8 2.07941E-10 1.534E-12 4.4606E-13 9.50997E-14 3.28805E-15 1.16823E-16
2.62465E-1 2.48554E-1 1.46477E-1 1.00064E-1 2.06912E-1 2.79549E-1 2.71769E-1 2.48913E-1 2.24534E-1 2.43178E-1 3.44126E-1 4.41066E-1 4.25296E-1 3.40048E-1 3.07607E-1 2.09989E-1 1.66367E-1 2.52397E-1 2.81644E-1 2.57013E-1 2.62252E-1 2.74563E-1 2.5281E-1 1.89827E-1 1.50427E-1 1.4906E-1 1.47701E-1 1.42337E-1 1.72014E-1 1.57551E-1 8.91373E-2 7.33562E-2 3.82788E-2 1.23971E-2 2.33587E-2 8.67932E-2 3.0839E-1 3.11969E-1 1.26932E-1 9.41392E-2 1.01467E-1 1.11487E-1 1.08096E-1 1.25616E-1 1.32892E-1 1.11379E-1 8.74134E-2 4.85035E-2 5.63782E-2 1.15779E-1 1.71187E-1 1.0771E-1 4.51878E-2 1.97975E-2 1.2156E-2 4.56535E-3 7.5949E-4 8.74421E-5 6.27255E-6 2.09313E-7 6.92643E-9 8.14802E-10 1.53204E-10 2.90177E-11 7.25285E-12
3.42656E-1 2.97665E-1 2.23263E-1 2.06912E-1 2.88554E-1 2.93976E-1 2.10199E-1 2.19915E-1 2.18248E-1 2.55893E-1 3.77592E-1 5.06818E-1 5.33777E-1 5.13484E-1 4.93411E-1 4.81554E-1 3.54907E-1 3.19386E-1 3.35735E-1 2.84246E-1 2.87827E-1 2.90532E-1 2.44233E-1 1.88668E-1 1.54567E-1 1.60184E-1 1.83701E-1 1.94904E-1 1.93336E-1 1.63392E-1 1.49266E-1 1.15853E-1 5.81908E-2 3.46171E-2 4.49059E-2 1.14458E-1 2.38932E-1 2.45875E-1 1.50636E-1 1.39749E-1 1.52031E-1 1.56241E-1 1.61948E-1 1.29476E-1 1.51957E-1 1.65909E-1 1.68811E-1 1.1263E-1 3.58534E-2 5.61748E-2 1.84769E-1 1.20644E-1 5.50193E-2 2.72367E-2 1.44552E-2 5.36506E-3 1.3078E-3 3.44016E-4 1.5831E-4 3.7224E-5 3.25725E-6 3.86641E-7 7.89883E-8 2.72866E-8 1.90069E-8
3.71477E-1 3.5123E-1 2.98602E-1 2.61161E-1 2.97597E-1 3.2387E-1 2.99409E-1 3.01238E-1 2.57013E-1 2.62252E-1 3.40565E-1 4.80513E-1 5.69097E-1 5.67145E-1 4.95489E-1 4.42118E-1 3.7835E-1 3.7656E-1 4.35412E-1 3.82391E-1 3.47227E-1 3.41844E-1 2.71034E-1 1.93336E-1 1.69068E-1 1.76178E-1 2.12504E-1 2.27346E-1 2.22864E-1 1.64843E-1 1.29346E-1 1.1704E-1 8.26994E-2 7.36885E-2 8.332E-2 1.61825E-1 2.56778E-1 2.69274E-1 2.02084E-1 1.87654E-1 2.05276E-1 2.52875E-1 2.5112E-1 1.73796E-1 2.30013E-1 3.2384E-1 2.65757E-1 1.722E-1 7.02044E-2 7.25059E-2 1.29476E-1 1.08104E-1 6.25062E-2 2.84308E-2 1.34466E-2 6.24405E-3 3.29502E-3 2.39554E-3 1.76002E-3 8.76836E-4 1.16958E-4 1.71838E-5 4.20959E-6 1.79591E-6 2.76192E-7
