KUENM/Final_Models/M_0.1_F_lq_Set_2_NE/sp1_8_se_asia.asc
ncols         320
nrows         243
xllcorner     44.0
yllcorner     -0.666666666666667
cellsize      0.166666666666667
NODATA_value  -9999
[rows 93 to 123 of 243, columns 210 to 279 of 320]
1.38805E-2 3.74515E-3 4.03672E-3 1.97975E-2 4.92189E-2 6.43488E-2 6.89041E-2 7.26232E-2 6.13232E-2 5.04992E-2 7.11771E-2 5.50473E-2 3.49701E-2 2.70141E-2 2.95847E-2 3.68109E-2 4.29297E-2 6.40722E-2 1.01138E-1 1.43821E-1 1.3592E-1 1.13217E-1 1.11757E-1 1.05011E-1 1.00036E-1 1.00383E-1 7.90021E-2 8.09061E-2 8.73891E-2 8.35234E-2 4.12627E-2 2.45084E-2 3.17495E-2 4.12627E-2 4.11742E-2 2.7853E-2 4.29297E-2 5.75365E-2 5.42133E-2 7.1986E-2 8.62485E-2 8.00093E-2 5.10959E-2 3.29772E-2 2.08139E-2 1.59198E-2 1.45251E-2 1.02434E-2 7.40036E-3 1.35253E-3 1.46152E-4 8.40468E-5 2.50368E-4 4.87726E-4 8.5543E-4 1.06091E-3 6.47509E-4 2.25071E-4 6.263E-5 8.23644E-6 1.42462E-6 8.09262E-7 3.86965E-7 8.58862E-8 1.02356E-8 1.10281E-9 8.23963E-11 5.17412E-12 3.98845E-13 5.24386E-14
1.18502E-2 6.45398E-3 1.22596E-2 2.60223E-2 4.62128E-2 3.8285E-2 5.68597E-2 7.50949E-2 6.61478E-2 4.72124E-2 4.86813E-2 4.40562E-2 3.87357E-2 3.77859E-2 4.46482E-2 4.0854E-2 3.82401E-2 5.37341E-2 6.44439E-2 7.92614E-2 8.85751E-2 9.87537E-2 9.11575E-2 7.64701E-2 5.76594E-2 5.85215E-2 4.69437E-2 4.19111E-2 4.46191E-2 5.09987E-2 5.83857E-2 6.98071E-2 4.68794E-2 3.31152E-2 1.88692E-2 1.56361E-2 1.6078E-2 1.07746E-2 8.69103E-3 1.63114E-2 3.58864E-2 4.73971E-2 2.56598E-2 2.12643E-2 2.15757E-2 1.34632E-2 1.1576E-2 7.69421E-3 4.58463E-3 1.83392E-3 7.73936E-4 5.85498E-4 4.97587E-4 2.83799E-4 3.88583E-4 9.266E-4 7.16048E-4 2.29926E-4 4.97308E-5 6.38702E-6 9.73065E-7 1.50258E-6 7.09815E-7 1.08373E-7 1.27031E-8 1.21639E-9 1.29028E-10 1.2503E-11 1.85547E-12 4.57933E-13
2.3911E-2 2.18364E-2 9.68803E-3 2.64898E-2 4.40562E-2 3.3172E-2 3.72702E-2 4.68463E-2 4.40694E-2 3.9309E-2 3.22409E-2 2.93305E-2 3.1811E-2 3.9309E-2 4.57562E-2 3.93065E-2 2.93486E-2 2.92892E-2 2.77606E-2 4.43929E-2 3.72022E-2 5.78033E-2 4.9346E-2 3.49329E-2 2.74466E-2 2.60256E-2 2.05323E-2 1.94064E-2 1.88635E-2 2.74932E-2 5.64336E-2 7.22078E-2 3.06294E-2 1.99766E-2 1.41037E-2 1.55937E-2 1.73124E-2 7.08957E-3 4.72816E-3 7.55254E-3 1.93414E-2 2.29114E-2 1.04862E-2 8.05171E-3 1.31516E-2 1.25929E-2 1.01353E-2 5.77642E-3 3.81205E-3 2.67115E-3 2.14657E-3 1.99285E-3 1.3923E-3 4.39427E-4 3.80099E-4 7.01888E-4 5.97533E-4 2.55566E-4 6.53611E-5 1.24603E-5 3.93727E-6 2.8129E-6 8.5874E-7 9.93412E-8 8.76564E-9 1.03291E-9 1.41434E-10 1.72743E-11 3.98556E-12 1.94047E-12
2.59063E-2 2.31274E-2 7.54584E-3 3.24371E-2 2.89333E-2 1.70668E-2 1.41136E-2 1.91272E-2 1.85589E-2 1.55734E-2 1.29223E-2 1.1381E-2 1.91272E-2 3.35976E-2 3.31508E-2 3.02127E-2 2.26731E-2 1.70294E-2 1.5513E-2 1.71947E-2 1.34692E-2 1.44347E-2 2.08344E-2 1.65791E-2 1.33013E-2 1.07771E-2 8.69103E-3 1.02844E-2 9.68046E-3 1.40909E-2 1.77696E-2 1.24708E-2 1.42774E-2 1.77978E-2 1.29078E-2 1.43178E-2 1.4066E-2 1.22482E-2 1.43657E-2 1.52733E-2 1.23636E-2 1.4304E-2 1.30604E-2 2.36329E-2 1.57992E-2 1.42441E-2 1.22199E-2 4.11156E-3 3.89987E-3 4.26648E-3 3.26915E-3 4.19219E-3 4.41868E-3 1.50331E-3 9.26425E-4 9.08355E-4 6.60901E-4 3.02346E-4 9.57629E-5 2.45422E-5 6.88826E-6 2.35364E-6 5.70101E-7 5.90254E-8 5.35613E-9 7.50329E-10 1.9236E-10 3.47287E-11 1.2166E-11 4.57738E-12
1.15207E-2 1.25309E-2 1.49582E-2 1.86096E-2 1.24708E-2 1.15214E-2 9.86851E-3 8.06988E-3 5.35342E-3 4.72608E-3 3.64241E-3 4.80591E-3 1.26881E-2 3.02124E-2 3.0998E-2 2.23256E-2 1.45232E-2 9.19427E-3 5.73932E-3 5.2212E-3 4.66992E-3 3.97287E-3 6.65211E-3 5.48713E-3 4.58176E-3 3.6974E-3 3.02127E-3 3.12524E-3 4.07823E-3 3.21655E-3 2.25664E-3 1.25718E-3 1.52979E-3 5.6499E-3 9.16646E-3 6.34077E-3 3.81966E-3 3.42611E-3 2.72692E-3 2.63881E-3 1.94095E-3 2.95837E-3 7.64801E-3 1.29702E-2 1.86127E-2 2.226E-2 2.02906E-2 9.76312E-3 7.52034E-3 9.76312E-3 3.04204E-3 2.14855E-3 2.40037E-3 2.07019E-3 1.68448E-3 1.50331E-3 9.26425E-4 4.30944E-4 1.49081E-4 3.58312E-5 8.84639E-6 1.95826E-6 3.88976E-7 4.5226E-8 3.44001E-9 8.28302E-10 3.6572E-10 1.33441E-10 3.28334E-11 -9999
1.02323E-2 1.37375E-2 1.5888E-2 1.12361E-2 8.38377E-3 7.02855E-3 4.67365E-3 3.22693E-3 1.79951E-3 1.27845E-3 9.48134E-4 3.21031E-3 1.17346E-2 3.02127E-2 3.68307E-2 2.20485E-2 1.19817E-2 7.79404E-3 5.94864E-3 3.27064E-3 2.45462E-3 1.99712E-3 2.83453E-3 2.51853E-3 2.03748E-3 1.48599E-3 1.16228E-3 1.00368E-3 1.40882E-3 1.15901E-3 1.52601E-3 9.61141E-4 1.06491E-3 4.28972E-3 7.05646E-3 2.06809E-3 8.36494E-4 7.03555E-4 3.23468E-4 6.8396E-4 2.00202E-3 3.15649E-3 3.91958E-3 5.14178E-3 7.25775E-3 1.64258E-2 2.728E-2 1.593E-2 1.06129E-2 4.96928E-2 6.80036E-3 2.53624E-3 2.31355E-3 2.07019E-3 2.44489E-3 2.98757E-3 1.81629E-3 8.73198E-4 2.66329E-4 4.12255E-5 7.08836E-6 1.59167E-6 3.19927E-7 5.40241E-8 8.76564E-9 2.64304E-9 1.05714E-9 3.12546E-10 3.70543E-11 -9999
1.15517E-2 1.2777E-2 1.67222E-2 1.95734E-2 1.27268E-2 3.09435E-3 1.81997E-3 8.73501E-4 3.90815E-4 2.59611E-4 3.23687E-4 7.65565E-4 3.82474E-3 1.30646E-2 2.63828E-2 1.67924E-2 9.503E-3 6.6329E-3 6.42267E-3 5.624E-3 2.51853E-3 1.36023E-3 1.32675E-3 1.30239E-3 8.57048E-4 5.01959E-4 3.8315E-4 4.17078E-4 6.0541E-4 8.70028E-4 1.05585E-3 9.74206E-4 6.34011E-4 1.13742E-3 1.63716E-3 6.24709E-4 2.2198E-4 3.05401E-4 3.2058E-4 3.71804E-3 8.61869E-3 3.36716E-3 1.37177E-3 2.52334E-3 3.90671E-3 9.76312E-3 2.53861E-2 3.1997E-2 1.22842E-2 3.29035E-2 2.57556E-2 1.01109E-2 4.04715E-3 2.14855E-3 2.14855E-3 5.34799E-3 5.82649E-3 3.38846E-3 3.28857E-4 2.69938E-5 3.65987E-6 1.01003E-6 3.18217E-7 7.64118E-8 1.93529E-8 6.56705E-9 2.94994E-9 6.10473E-10 3.14945E-11 4.19801E-13
2.6141E-2 2.43524E-2 3.11427E-2 2.40962E-2 1.10016E-2 4.46947E-3 1.73535E-3 4.69337E-4 9.93332E-5 9.45215E-5 1.91937E-4 4.75544E-4 7.47092E-4 2.32109E-3 4.36401E-3 4.43245E-3 5.39974E-3 5.22365E-3 6.78989E-3 9.03771E-3 4.01117E-3 1.82573E-3 9.76947E-4 6.96569E-4 3.92252E-4 1.75365E-4 1.18677E-4 1.5056E-4 2.25216E-4 3.4896E-4 4.66431E-4 3.73711E-4 2.74655E-4 1.75899E-4 2.72295E-4 3.80964E-4 4.29663E-4 5.71492E-4 1.05409E-3 5.57163E-3 6.4164E-3 2.58309E-3 1.36591E-3 2.21947E-3 5.82649E-3 8.44673E-3 1.67352E-2 2.62226E-2 1.28821E-2 1.65274E-2 3.88064E-2 2.4746E-2 1.16844E-2 3.83818E-3 1.06263E-3 1.194E-3 2.67918E-3 5.62295E-4 6.07179E-5 9.26245E-6 2.10926E-6 6.68562E-7 2.74848E-7 8.28713E-8 1.97965E-8 5.9253E-9 2.25932E-9 3.61745E-10 1.01546E-11 -9999
3.81589E-2 3.94827E-2 3.76658E-2 2.67325E-2 1.17966E-2 5.67393E-3 1.36023E-3 2.88808E-4 8.39318E-5 1.03204E-4 1.69533E-4 4.72912E-4 1.21301E-3 2.06276E-3 1.50218E-3 3.70967E-4 6.5185E-4 1.64306E-3 5.60429E-3 1.35245E-2 6.56242E-3 2.40213E-3 8.36838E-4 3.88756E-4 1.95277E-4 9.51342E-5 5.04719E-5 4.6254E-5 5.58754E-5 8.39318E-5 1.48901E-4 1.21218E-4 4.83719E-5 2.51983E-5 6.52674E-5 2.9236E-4 7.8291E-4 8.0595E-4 1.03429E-3 1.64306E-3 1.27929E-3 1.13856E-3 1.194E-3 1.83392E-3 4.24815E-3 5.16681E-3 9.02103E-3 1.04815E-2 7.66761E-3 1.04815E-2 1.92888E-2 2.13633E-2 2.01266E-2 4.50295E-3 4.48581E-4 2.39002E-4 6.87578E-4 6.80679E-5 1.50301E-5 5.57744E-6 1.52691E-6 5.18913E-7 2.23978E-7 6.26812E-8 9.88953E-9 1.43572E-9 2.6396E-10 2.71043E-11 4.50827E-13 -9999
2.70141E-2 2.71208E-2 3.93065E-2 3.21184E-2 1.56197E-2 5.36971E-3 1.27845E-3 3.40951E-4 1.36496E-4 1.40804E-4 2.28404E-4 4.46035E-4 1.0294E-3 1.54904E-3 2.2875E-3 7.80431E-4 2.31089E-4 5.96013E-4 3.11729E-3 9.1238E-3 5.01796E-3 1.80266E-3 6.67558E-4 2.79628E-4 1.16917E-4 7.55697E-5 4.27549E-5 3.46017E-5 4.94784E-5 5.90297E-5 1.22283E-4 1.42104E-4 7.07571E-5 2.87588E-5 5.70644E-5 4.44922E-4 1.43184E-3 1.52518E-3 8.29693E-4 1.18319E-3 1.78247E-3 2.49161E-3 3.04463E-3 4.34786E-3 4.9055E-3 3.42765E-3 3.63914E-3 4.2017E-3 3.45455E-3 4.12812E-3 6.58952E-3 7.66761E-3 4.27549E-3 4.57171E-4 1.73102E-5 1.53725E-6 1.64887E-5 2.32279E-5 9.64606E-6 4.29667E-6 8.16413E-7 2.47127E-7 9.10415E-8 1.92767E-8 1.54791E-9 9.32956E-11 6.10146E-12 4.97594E-13 -9999 9.05083E-18
1.56361E-2 2.04635E-2 2.82516E-2 3.53638E-2 1.537E-2 4.62683E-3 1.1135E-3 2.50799E-4 1.41435E-4 1.06695E-4 2.05895E-4 5.64364E-4 1.58298E-3 1.69078E-3 1.21803E-3 8.55282E-4 1.05496E-3 1.87536E-3 2.37306E-3 1.91144E-3 1.45887E-3 4.77508E-4 3.05937E-4 1.90492E-4 2.01495E-4 1.45166E-4 9.76306E-5 9.55069E-5 1.5057E-4 3.8486E-4 9.36101E-4 6.48316E-4 1.79519E-4 7.76017E-5 1.52469E-4 8.17093E-4 1.56067E-3 1.53164E-3 1.29201E-3 1.13856E-3 2.47084E-3 4.41868E-3 6.88406E-3 1.08945E-2 5.92674E-3 4.12436E-3 2.5847E-3 2.58102E-3 1.74684E-3 1.25936E-3 1.95307E-3 2.7271E-3 7.26679E-4 3.28882E-5 1.53725E-6 1.82653E-7 3.84565E-7 3.15154E-6 3.31946E-6 1.59015E-6 3.34293E-7 7.35151E-8 1.49366E-8 1.59908E-9 7.73674E-11 1.70735E-12 2.11029E-14 2.1487E-16 2.17173E-18 -9999
1.04518E-2 2.22451E-2 2.65315E-2 2.43005E-2 1.26264E-2 3.55629E-3 6.94226E-4 1.9455E-4 9.36694E-5 8.29831E-5 1.92982E-4 6.94052E-4 1.73356E-3 4.01968E-3 5.73313E-3 6.94823E-3 3.88623E-3 2.8847E-3 3.86665E-3 2.04246E-3 6.7328E-4 1.24065E-4 1.6924E-4 2.15214E-4 3.01226E-4 2.8427E-4 1.96775E-4 1.59167E-4 3.20457E-4 6.85745E-4 1.00678E-3 6.15625E-4 3.15744E-4 2.11144E-4 2.78342E-4 5.73959E-4 7.4471E-4 9.79869E-4 1.23798E-3 9.9752E-4 1.52021E-3 2.06545E-3 2.86515E-3 2.28867E-3 3.43684E-3 3.64517E-3 2.78003E-3 1.95582E-3 8.84874E-4 2.57032E-4 6.04202E-4 1.91945E-3 2.70199E-4 -9999 1.08625E-5 3.87648E-6 1.2839E-6 1.59015E-6 1.21673E-6 5.0796E-7 1.16239E-7 1.74127E-8 1.74186E-9 9.52831E-11 2.18204E-12 1.59049E-14 3.59427E-17 1.31066E-20 3.18743E-23 2.61365E-24
2.1901E-2 3.16232E-2 1.94172E-2 8.06988E-3 5.36506E-3 1.7051E-3 2.76089E-4 1.24301E-4 6.57372E-5 6.56762E-5 2.45935E-4 8.99103E-4 2.77479E-3 1.67071E-2 2.31921E-2 1.77496E-2 1.12049E-2 7.36029E-3 4.50295E-3 2.49167E-3 1.00211E-3 5.0427E-4 3.61911E-4 2.94928E-4 3.76046E-4 3.57843E-4 2.83799E-4 1.69694E-4 2.66015E-4 5.27998E-4 6.34834E-4 3.73013E-4 2.02002E-4 1.30085E-4 1.24459E-4 1.6924E-4 2.50307E-4 3.85785E-4 6.29052E-4 6.00979E-4 5.02055E-4 5.52592E-4 9.58945E-4 7.96646E-4 6.6421E-4 1.41655E-3 1.25936E-3 7.24722E-4 4.53445E-4 1.98531E-4 5.13116E-4 6.98054E-4 1.56891E-4 3.28882E-5 1.08933E-4 7.45495E-5 8.95162E-6 2.18513E-6 6.8787E-7 1.95173E-7 3.49744E-8 3.76875E-9 2.29398E-10 6.60459E-12 7.72784E-14 2.01316E-16 1.50154E-19 1.66398E-23 3.1847E-26 3.68746E-27
4.06727E-2 3.67328E-2 1.22831E-2 2.66076E-3 3.20964E-3 1.16315E-3 1.28194E-4 7.03629E-5 6.19389E-5 6.28623E-5 3.84946E-4 1.91767E-3 6.75915E-3 4.25501E-2 5.01286E-2 3.35467E-2 2.06713E-2 1.27035E-2 6.36943E-3 4.27513E-3 2.72301E-3 1.22819E-3 4.68752E-4 3.82442E-4 3.57477E-4 2.61404E-4 9.36325E-5 6.80679E-5 1.30419E-4 3.41753E-4 3.35331E-4 1.77156E-4 8.03508E-5 4.86247E-5 3.77026E-5 4.1112E-5 9.78236E-5 2.23389E-4 4.12154E-4 5.33196E-4 4.38303E-4 2.77314E-4 3.10639E-4 2.01263E-4 1.8495E-4 1.54104E-4 8.03432E-5 9.24422E-5 2.22102E-4 3.6826E-4 3.60625E-4 2.22102E-4 1.08152E-4 1.18681E-4 1.88647E-4 6.35624E-5 1.11931E-5 2.0189E-6 4.45574E-7 8.26722E-8 1.1315E-8 8.76062E-10 3.57679E-11 -9999 4.29783E-15 8.64311E-18 6.01656E-21 2.47941E-24 5.15073E-27 -9999
5.05061E-2 4.87382E-2 2.07315E-2 6.20152E-3 4.49735E-3 1.94095E-3 1.85303E-4 4.43521E-5 8.89733E-5 2.09812E-4 1.23751E-3 5.36971E-3 2.1201E-2 7.3363E-2 7.43271E-2 4.43717E-2 2.90802E-2 2.0557E-2 1.23307E-2 8.7619E-3 6.68916E-3 3.68095E-3 1.50101E-3 1.14362E-3 8.49789E-4 1.51412E-4 1.21534E-5 1.4584E-5 2.86654E-5 7.33579E-5 1.05762E-4 5.39352E-5 2.96783E-5 2.61476E-5 1.4577E-5 8.63107E-6 5.0973E-5 2.05895E-4 4.17174E-4 6.90222E-4 5.72477E-4 3.02885E-4 1.43496E-4 4.72099E-5 2.3002E-5 1.68746E-5 3.96763E-6 9.89089E-6 4.96133E-5 1.22485E-4 1.05293E-4 3.66073E-5 9.71519E-6 1.07996E-5 1.1473E-5 7.89953E-6 3.58758E-6 1.25844E-6 2.26962E-7 4.57812E-8 4.41804E-9 2.75472E-10 8.83969E-12 7.14049E-14 6.26069E-16 -9999 5.59804E-22 1.27366E-24 2.22984E-27 -9999
5.99057E-2 6.65767E-2 6.36351E-2 4.49059E-2 2.46815E-2 6.90183E-3 3.48988E-4 3.07791E-5 7.17623E-5 3.21256E-4 2.37389E-3 1.13037E-2 3.10126E-2 7.6096E-2 6.50408E-2 3.84224E-2 3.18158E-2 2.79888E-2 1.68824E-2 1.11934E-2 1.31298E-2 1.17189E-2 6.64114E-3 4.29379E-3 3.10455E-3 4.04272E-4 3.58259E-5 1.56973E-5 1.32179E-5 1.4584E-5 1.63035E-5 1.45951E-5 1.18142E-5 1.35761E-5 1.03253E-5 5.03933E-6 4.33912E-5 2.49216E-4 6.96569E-4 1.23606E-3 7.55521E-4 3.23792E-4 1.21476E-4 2.66225E-5 1.34153E-5 7.14435E-6 2.66195E-6 4.17777E-6 1.64825E-5 3.90442E-5 4.31412E-5 1.39849E-5 9.83049E-7 -9999 1.59704E-7 7.94458E-7 1.1926E-6 6.7423E-7 1.52101E-7 2.50968E-8 -9999 1.34555E-10 3.80707E-12 2.15525E-14 -9999 -9999 -9999 -9999 -9999 -9999
1.02545E-1 9.27529E-2 7.92213E-2 6.55102E-2 5.32384E-2 1.11802E-2 9.57753E-4 5.83339E-5 4.94721E-6 8.79024E-5 2.28954E-3 1.56813E-2 4.16882E-2 5.46133E-2 4.22315E-2 2.56129E-2 2.15009E-2 1.73975E-2 9.83281E-3 7.7887E-3 1.21371E-2 1.25313E-2 7.40526E-3 4.24632E-3 2.41813E-3 8.04485E-4 1.98369E-4 4.44005E-5 1.24485E-5 3.93427E-6 3.60617E-6 5.89591E-6 8.44435E-6 1.35749E-5 1.81235E-5 2.30087E-5 8.39738E-5 3.94075E-4 7.79014E-4 9.97153E-4 8.8964E-4 3.00177E-4 1.06867E-4 3.002E-5 1.55141E-5 6.61732E-6 3.06061E-6 3.54701E-6 1.00645E-5 2.32947E-5 -9999 -9999 -9999 -9999 -9999 6.38214E-7 -9999 -9999 1.52101E-7 -9999 -9999 -9999 -9999 -9999 -9999 -9999 -9999 -9999 -9999 -9999
1.78235E-1 1.00426E-1 4.15125E-2 4.05626E-2 3.65768E-2 6.70298E-3 1.31159E-3 4.84739E-5 4.51317E-6 8.36894E-5 3.20743E-3 2.8621E-2 5.74477E-2 3.89485E-2 2.48183E-2 1.42191E-2 1.01609E-2 7.67174E-3 4.49751E-3 2.81894E-3 3.5806E-3 4.1266E-3 2.72301E-3 1.64402E-3 1.27685E-3 1.09596E-3 7.92285E-4 1.56973E-4 2.02019E-5 2.85294E-6 2.08143E-6 5.16766E-6 1.60271E-5 2.0866E-5 3.52998E-5 7.29624E-5 1.86012E-4 4.68154E-4 8.81847E-4 8.2159E-4 5.85364E-4 2.19849E-4 9.6128E-5 4.33978E-5 1.71112E-5 7.58537E-6 4.35196E-6 4.36204E-6 -9999 -9999 -9999 -9999 -9999 -9999 -9999 -9999 -9999 -9999 -9999 -9999 -9999 -9999 -9999 -9999 -9999 -9999 -9999 -9999 -9999 -9999
1.03564E-1 5.73715E-2 2.31576E-2 1.5145E-2 7.7971E-3 1.58873E-3 2.80994E-4 3.12047E-5 1.97995E-5 4.40185E-4 4.91198E-3 9.9227E-3 1.43788E-2 1.78816E-2 1.6565E-2 8.06636E-3 5.45944E-3 5.17996E-3 2.52447E-3 1.05908E-3 7.26679E-4 7.07975E-4 7.34268E-4 6.74363E-4 7.64376E-4 1.23202E-3 1.57286E-3 3.63175E-4 5.95297E-5 1.3778E-5 7.61376E-6 1.34573E-5 2.33191E-5 5.0323E-5 1.08152E-4 2.47256E-4 5.00825E-4 7.71683E-4 8.2312E-4 6.42772E-4 3.21256E-4 1.62987E-4 9.03833E-5 4.56679E-5 2.27412E-5 1.22747E-5 8.23884E-6 -9999 -9999 -9999 -9999 -9999 -9999 -9999 -9999 -9999 -9999 -9999 -9999 -9999 -9999 -9999 -9999 -9999 -9999 -9999 -9999 -9999 -9999 -9999
5.81026E-2 3.09807E-2 1.23328E-2 5.44208E-3 1.90808E-3 3.57477E-4 7.20584E-5 2.23373E-5 2.42593E-5 3.72761E-4 1.88609E-3 1.04029E-3 1.6837E-3 9.05007E-3 1.83884E-2 1.46575E-2 7.17019E-3 2.39346E-3 7.37044E-4 4.01722E-4 3.06833E-4 2.6258E-4 2.3363E-4 2.95577E-4 5.3889E-4 9.29304E-4 1.01624E-3 4.63942E-4 1.49193E-4 5.76456E-5 3.63823E-5 3.92827E-5 6.3348E-5 1.36884E-4 2.90172E-4 7.39422E-4 1.32729E-3 1.33458E-3 8.38589E-4 3.71568E-4 1.85264E-4 8.75434E-5 5.93576E-5 3.87858E-5 2.48693E-5 1.6763E-5 1.38849E-5 -9999 -9999 -9999 -9999 -9999 -9999 -9999 -9999 -9999 -9999 -9999 -9999 -9999 -9999 -9999 -9999 -9999 -9999 -9999 -9999 -9999 -9999 -9999
3.56474E-2 1.63589E-2 6.04522E-3 2.12941E-3 7.45967E-4 2.47781E-4 6.77179E-5 2.83764E-5 3.64499E-5 1.58891E-4 4.57171E-4 5.61063E-4 1.28943E-3 6.6962E-3 1.9532E-2 2.01787E-2 8.47224E-3 1.44399E-3 4.64423E-4 2.70959E-4 2.48837E-4 2.17371E-4 1.36842E-4 1.85004E-4 4.22569E-4 6.60838E-4 7.27544E-4 5.03952E-4 2.92218E-4 1.66554E-4 1.1767E-4 1.20326E-4 1.65957E-4 2.83329E-4 5.50567E-4 1.50216E-3 3.51094E-3 2.05103E-3 7.10296E-4 2.11845E-4 5.66812E-5 3.38941E-5 3.1569E-5 3.1121E-5 2.50997E-5 2.08603E-5 2.15267E-5 2.48693E-5 -9999 -9999 -9999 -9999 -9999 -9999 -9999 -9999 -9999 -9999 -9999 -9999 -9999 -9999 -9999 -9999 -9999 -9999 -9999 -9999 -9999 -9999
1.87936E-2 6.47356E-3 1.94438E-3 8.24646E-4 5.1445E-4 2.81718E-4 1.00578E-4 3.25306E-5 3.01847E-5 7.12386E-5 1.96984E-4 3.97006E-4 9.63709E-4 3.15656E-3 6.80036E-3 8.17209E-3 6.58386E-3 1.36603E-3 3.50162E-4 2.54796E-4 3.22339E-4 5.50523E-4 5.61063E-4 4.74098E-4 5.54925E-4 6.34549E-4 6.60838E-4 6.02724E-4 4.63942E-4 3.63175E-4 2.95577E-4 3.23267E-4 3.63175E-4 4.40175E-4 7.00712E-4 1.25692E-3 3.04237E-3 1.70317E-3 4.98699E-4 1.18438E-4 3.10245E-5 1.92048E-5 2.38609E-5 2.63328E-5 2.89751E-5 2.71759E-5 3.01043E-5 3.99721E-5 -9999 -9999 -9999 -9999 -9999 -9999 -9999 -9999 -9999 -9999 -9999 -9999 -9999 -9999 -9999 -9999 -9999 -9999 -9999 -9999 -9999 -9999
8.16017E-3 1.37959E-3 2.95577E-4 3.98754E-4 5.17187E-4 4.83558E-4 1.43719E-4 2.18929E-5 1.19231E-5 2.45422E-5 6.68669E-5 1.81628E-4 5.28688E-4 1.26232E-3 2.26071E-3 2.30755E-3 1.77183E-3 1.12253E-3 3.29163E-4 2.06587E-4 2.08766E-4 1.68348E-3 2.99004E-3 1.68192E-3 9.54987E-4 6.91181E-4 6.88147E-4 6.44321E-4 6.02106E-4 5.61822E-4 6.28051E-4 7.17908E-4 7.27941E-4 6.08519E-4 5.28539E-4 5.39896E-4 9.04332E-4 8.06812E-4 3.45802E-4 8.84328E-5 2.7401E-5 2.46778E-5 2.94371E-5 3.26351E-5 3.82107E-5 4.2303E-5 4.57004E-5 -9999 -9999 -9999 -9999 -9999 -9999 -9999 -9999 -9999 -9999 -9999 -9999 -9999 -9999 -9999 -9999 -9999 -9999 -9999 -9999 -9999 -9999 -9999
4.79128E-3 7.79861E-4 1.82998E-4 2.81718E-4 4.49737E-4 4.29304E-4 7.32073E-5 4.67051E-6 2.23402E-6 6.04704E-6 1.97103E-5 6.70541E-5 2.25071E-4 4.47834E-4 1.23602E-3 2.60065E-3 5.60289E-3 2.19844E-3 3.08627E-4 1.30751E-4 1.73596E-4 2.35036E-3 5.74479E-3 3.45241E-3 1.41059E-3 7.64376E-4 7.72837E-4 8.28093E-4 8.06961E-4 6.67486E-4 7.46122E-4 1.02402E-3 1.0641E-3 9.37974E-4 6.08131E-4 3.60625E-4 4.76223E-4 5.09074E-4 2.75773E-4 1.01338E-4 3.46572E-5 3.4767E-5 4.42889E-5 5.02095E-5 5.81699E-5 6.72734E-5 -9999 -9999 -9999 -9999 -9999 -9999 -9999 -9999 -9999 -9999 -9999 -9999 -9999 -9999 -9999 -9999 -9999 -9999 -9999 -9999 -9999 -9999 -9999 -9999
5.60722E-3 1.63416E-3 6.63786E-4 5.61446E-4 5.73053E-4 2.30846E-4 2.10272E-5 1.00797E-6 6.89266E-7 1.78011E-6 5.69027E-6 1.59095E-5 3.94356E-5 5.0686E-5 2.87896E-4 1.3168E-3 2.50581E-3 1.28598E-3 2.43347E-4 1.27386E-4 2.23389E-4 5.26527E-3 9.83097E-3 7.04763E-3 2.56462E-3 1.06706E-3 1.08823E-3 1.04209E-3 6.51123E-4 8.87895E-4 7.49254E-4 9.84511E-4 1.22562E-3 1.31063E-3 9.79869E-4 7.90045E-4 7.74457E-4 6.77354E-4 3.78743E-4 1.81804E-4 6.88332E-5 5.75071E-5 8.26498E-5 9.12271E-5 9.83378E-5 9.89994E-5 -9999 -9999 -9999 -9999 -9999 -9999 -9999 -9999 -9999 -9999 -9999 -9999 -9999 -9999 -9999 -9999 -9999 -9999 -9999 -9999 -9999 -9999 -9999 -9999
9.45493E-3 3.74763E-3 2.38814E-3 2.14074E-3 1.62078E-3 1.74021E-4 1.45827E-5 1.74381E-6 7.97571E-7 9.72983E-7 1.95264E-6 3.10582E-6 2.34286E-6 5.69921E-6 1.30181E-5 4.2099E-5 7.85339E-5 1.77685E-4 2.39528E-4 4.09293E-4 2.4777E-3 1.4156E-2 2.10481E-2 1.15253E-2 5.84085E-3 2.62482E-3 1.78017E-3 1.24879E-3 1.21691E-3 8.73501E-4 8.47072E-4 8.84796E-4 1.59098E-3 2.18875E-3 1.81503E-3 1.65297E-3 1.50035E-3 1.1031E-3 8.08314E-4 4.73655E-4 2.72297E-4 1.88582E-4 1.89916E-4 1.89916E-4 1.7138E-4 -9999 -9999 -9999 -9999 -9999 -9999 -9999 -9999 -9999 -9999 -9999 -9999 -9999 -9999 -9999 -9999 -9999 -9999 -9999 -9999 -9999 -9999 -9999 -9999 -9999
1.4625E-2 7.13025E-3 5.25614E-3 3.80317E-3 1.0365E-3 1.26793E-4 1.42283E-5 2.33398E-6 9.83049E-7 9.39221E-7 1.48675E-6 2.14211E-6 3.00528E-6 6.79905E-6 1.73364E-5 3.10262E-5 7.39781E-5 1.09142E-4 1.445E-4 4.35893E-4 5.63061E-3 2.62226E-2 4.69587E-2 2.21143E-2 8.46179E-3 2.96138E-3 1.77858E-3 7.49694E-4 1.27251E-3 7.59051E-4 6.47072E-4 1.54664E-3 3.28489E-3 3.84544E-3 3.39339E-3 2.86515E-3 2.47084E-3 2.23058E-3 1.86661E-3 1.34293E-3 9.4791E-4 6.74363E-4 4.76223E-4 3.2001E-4 -9999 -9999 -9999 -9999 -9999 -9999 -9999 -9999 -9999 -9999 -9999 -9999 -9999 -9999 -9999 -9999 -9999 -9999 -9999 -9999 -9999 -9999 -9999 -9999 -9999 -9999
2.28602E-2 1.99581E-2 1.58194E-2 5.05035E-3 6.07261E-4 6.72695E-5 1.35442E-5 3.33674E-6 1.38369E-6 1.03784E-6 1.80916E-6 3.9003E-6 9.02676E-6 2.51288E-5 3.44165E-5 6.08624E-5 1.08277E-4 1.36504E-4 1.57395E-4 3.41654E-4 1.17885E-3 5.9247E-3 2.51823E-2 1.55399E-2 3.45392E-3 1.26094E-3 1.81454E-3 2.00202E-3 2.06345E-3 9.83954E-4 1.06509E-3 3.15145E-3 5.64037E-3 6.15603E-3 5.94914E-3 4.96755E-3 5.09162E-3 -9999 -9999 2.81894E-3 -9999 -9999 -9999 -9999 -9999 -9999 -9999 -9999 -9999 -9999 -9999 -9999 -9999 -9999 -9999 -9999 -9999 -9999 -9999 -9999 -9999 -9999 -9999 -9999 -9999 -9999 -9999 -9999 -9999 -9999
1.84711E-2 2.81737E-2 3.82864E-2 1.73311E-2 7.09574E-4 7.33896E-5 2.09397E-5 4.94868E-6 1.87044E-6 1.42131E-6 2.51161E-6 6.07845E-6 1.4945E-5 3.10262E-5 6.57854E-5 1.11342E-4 1.49792E-4 1.3549E-4 1.50817E-4 2.19462E-4 2.30075E-4 9.48868E-4 8.05154E-3 1.7693E-3 2.74033E-4 8.79255E-4 6.98978E-4 2.84659E-3 3.18153E-3 2.20873E-3 2.42523E-3 2.90802E-3 5.19107E-3 9.03801E-3 9.3599E-3 9.83097E-3 9.05721E-3 7.9328E-3 -9999 -9999 -9999 -9999 -9999 -9999 -9999 -9999 -9999 -9999 -9999 -9999 -9999 -9999 -9999 -9999 -9999 -9999 -9999 -9999 -9999 -9999 -9999 -9999 -9999 -9999 -9999 -9999 -9999 -9999 -9999 -9999
4.63452E-2 1.07127E-1 7.8709E-2 3.88071E-2 4.01257E-3 4.11863E-4 6.10343E-5 7.94469E-6 2.23951E-6 1.4951E-6 3.18745E-6 8.44586E-6 1.81733E-5 4.76971E-5 1.06577E-4 1.2759E-4 1.54949E-4 1.68811E-4 1.44418E-4 1.50762E-4 1.56349E-4 2.00268E-4 1.25319E-3 2.58713E-4 1.08101E-4 6.90455E-4 1.73698E-3 1.55969E-3 3.36716E-3 3.25476E-3 2.37932E-3 3.1015E-3 7.59736E-3 1.18993E-2 1.3112E-2 1.41847E-2 1.35322E-2 -9999 -9999 -9999 -9999 -9999 -9999 -9999 -9999 -9999 -9999 -9999 -9999 -9999 -9999 -9999 -9999 -9999 -9999 -9999 -9999 -9999 -9999 -9999 -9999 -9999 -9999 -9999 -9999 -9999 -9999 -9999 -9999 -9999
5.37581E-2 1.04285E-1 1.01676E-1 4.4291E-2 8.81241E-3 1.17445E-3 1.23E-4 1.22046E-5 2.07345E-6 1.47873E-6 3.08564E-6 1.29312E-5 2.68205E-5 5.52904E-5 1.39337E-4 1.42919E-4 1.46038E-4 1.39864E-4 1.09541E-4 9.60215E-5 8.18219E-5 9.34271E-5 9.85591E-5 5.34312E-5 7.0358E-5 3.73368E-4 1.73897E-3 1.34336E-3 3.77511E-3 4.70155E-3 3.13185E-3 2.92072E-3 1.03216E-2 1.4184E-2 1.6481E-2 -9999 -9999 -9999 -9999 -9999 -9999 -9999 -9999 -9999 -9999 -9999 -9999 -9999 -9999 -9999 -9999 -9999 -9999 -9999 -9999 -9999 -9999 -9999 -9999 -9999 -9999 -9999 -9999 -9999 -9999 -9999 -9999 -9999 -9999 -9999
