KUENM/Final_Models/M_0.1_F_lq_Set_2_NE/sp1_6_se_asia.asc
ncols         320
nrows         243
xllcorner     44.0
yllcorner     -0.666666666666667
cellsize      0.166666666666667
NODATA_value  -9999
[rows 93 to 123 of 243, columns 210 to 279 of 320]
3.64117E-2 1.21878E-2 1.29407E-2 4.8586E-2 1.01306E-1 1.24083E-1 1.29741E-1 1.34087E-1 1.16715E-1 9.94273E-2 1.3251E-1 1.08797E-1 7.60396E-2 6.23707E-2 6.75784E-2 7.97417E-2 8.90594E-2 1.21858E-1 1.72026E-1 2.22771E-1 2.12421E-1 1.8523E-1 1.85238E-1 1.78152E-1 1.72487E-1 1.74304E-1 1.44488E-1 1.48289E-1 1.58494E-1 1.53883E-1 8.79102E-2 5.76951E-2 7.12008E-2 8.79102E-2 8.81231E-2 6.34673E-2 8.90594E-2 1.11816E-1 1.06795E-1 1.33655E-1 1.54374E-1 1.47046E-1 1.04295E-1 7.36656E-2 5.09783E-2 4.15537E-2 3.89279E-2 2.88358E-2 2.22439E-2 5.36662E-3 8.03392E-4 5.01779E-4 1.29353E-3 2.30012E-3 3.69264E-3 4.43406E-3 2.91321E-3 1.16889E-3 3.89576E-4 6.75848E-5 1.47535E-5 9.02361E-6 4.72706E-6 1.26714E-6 1.96665E-7 2.79191E-8 2.86036E-9 2.49316E-10 2.61027E-11 4.34986E-12
3.21104E-2 1.9444E-2 3.32798E-2 6.125E-2 9.64535E-2 8.14036E-2 1.108E-1 1.3754E-1 1.24455E-1 9.53413E-2 9.85652E-2 9.2175E-2 8.33225E-2 8.1402E-2 9.2791E-2 8.62443E-2 8.10761E-2 1.06784E-1 1.21609E-1 1.4192E-1 1.5478E-1 1.70199E-1 1.61551E-1 1.41521E-1 1.12371E-1 1.14905E-1 9.6146E-2 8.79899E-2 9.30946E-2 1.04585E-1 1.16115E-1 1.32587E-1 9.71376E-2 7.33429E-2 4.59961E-2 3.92057E-2 4.00195E-2 2.88142E-2 2.41092E-2 4.04904E-2 7.73562E-2 9.83752E-2 6.0566E-2 5.27786E-2 5.34007E-2 3.62442E-2 3.24909E-2 2.30834E-2 1.5077E-2 6.97788E-3 3.37345E-3 2.67364E-3 2.35289E-3 1.45589E-3 1.90491E-3 3.99631E-3 3.19116E-3 1.20251E-3 3.20949E-4 5.44847E-5 1.06421E-5 1.54524E-5 8.01513E-6 1.55224E-6 2.37576E-7 3.04261E-8 4.24284E-9 5.46346E-10 1.01702E-10 2.9598E-11
5.72334E-2 5.34325E-2 2.74258E-2 6.18745E-2 9.2175E-2 7.26916E-2 7.94523E-2 9.53451E-2 9.12031E-2 8.36714E-2 7.18033E-2 6.66014E-2 7.10424E-2 8.36714E-2 9.39188E-2 8.33798E-2 6.53831E-2 6.51106E-2 6.18606E-2 9.08698E-2 7.83094E-2 1.13388E-1 1.00317E-1 7.5494E-2 6.19842E-2 5.95692E-2 4.89889E-2 4.68099E-2 4.57492E-2 6.26092E-2 1.1131E-1 1.34961E-1 6.82344E-2 4.81646E-2 3.59749E-2 3.89635E-2 4.26802E-2 2.04095E-2 1.45792E-2 2.15056E-2 4.73504E-2 5.53027E-2 2.92729E-2 2.364E-2 3.57212E-2 3.49941E-2 2.94359E-2 1.84757E-2 1.30549E-2 9.73634E-3 8.14358E-3 7.64833E-3 5.64654E-3 2.12826E-3 1.88015E-3 3.15502E-3 2.75057E-3 1.32356E-3 4.0819E-4 9.76481E-5 3.58241E-5 2.67602E-5 9.45923E-6 1.43874E-6 1.71712E-7 2.63605E-8 4.61699E-9 7.2624E-10 2.00341E-10 1.06667E-10
6.12928E-2 5.59603E-2 2.22201E-2 7.30064E-2 6.58818E-2 4.22926E-2 3.60698E-2 4.66358E-2 4.5649E-2 3.95938E-2 3.42238E-2 3.05542E-2 4.66358E-2 7.39216E-2 7.24305E-2 6.72881E-2 5.3335E-2 4.19297E-2 3.86727E-2 4.21039E-2 3.4355E-2 3.64735E-2 4.99679E-2 4.13097E-2 3.44444E-2 2.89302E-2 2.41092E-2 2.79006E-2 2.64888E-2 3.62856E-2 4.40704E-2 3.29312E-2 3.67791E-2 4.39948E-2 3.34666E-2 3.66655E-2 3.63343E-2 3.25449E-2 3.73158E-2 3.96648E-2 3.36533E-2 3.84436E-2 3.62479E-2 5.89623E-2 4.25763E-2 3.93529E-2 3.49218E-2 1.40661E-2 1.34568E-2 1.45945E-2 1.16742E-2 1.43815E-2 1.50289E-2 6.06121E-3 4.01908E-3 3.95232E-3 2.99735E-3 1.53696E-3 5.70006E-4 1.75417E-4 5.81694E-5 2.28167E-5 6.62346E-6 9.0973E-7 1.11148E-7 1.98417E-8 6.04965E-9 1.34824E-9 5.37761E-10 2.29367E-10
3.16257E-2 3.37446E-2 3.91557E-2 4.63868E-2 3.29312E-2 3.09538E-2 2.72559E-2 2.30213E-2 1.62583E-2 1.47235E-2 1.18742E-2 1.49306E-2 3.33073E-2 6.77145E-2 6.84747E-2 5.2404E-2 3.6844E-2 2.51592E-2 1.70164E-2 1.57328E-2 1.43405E-2 1.25355E-2 1.93611E-2 1.64775E-2 1.41812E-2 1.18297E-2 9.97183E-3 1.02583E-2 1.28687E-2 1.05067E-2 7.80682E-3 4.76847E-3 5.62759E-3 1.67965E-2 2.50747E-2 1.85323E-2 1.21684E-2 1.1158E-2 9.29041E-3 9.20311E-3 7.18751E-3 1.01693E-2 2.32024E-2 3.64518E-2 4.95032E-2 5.71933E-2 5.27587E-2 2.90382E-2 2.35469E-2 2.90382E-2 1.09887E-2 8.19805E-3 9.00153E-3 7.9449E-3 6.67413E-3 6.06121E-3 4.01908E-3 2.08101E-3 8.33738E-4 2.43165E-4 7.22398E-5 1.94496E-5 4.72843E-6 7.20958E-7 7.54157E-8 2.164E-8 1.06376E-8 4.42339E-9 1.30693E-9 -9999
2.85729E-2 3.63799E-2 4.06492E-2 3.01518E-2 2.36348E-2 2.06561E-2 1.46665E-2 1.07281E-2 6.51781E-3 4.8734E-3 3.76714E-3 1.06292E-2 3.13303E-2 6.72881E-2 7.89576E-2 5.21506E-2 3.15545E-2 2.20375E-2 1.75771E-2 1.06541E-2 8.37811E-3 7.04392E-3 9.51873E-3 8.6058E-3 7.20028E-3 5.50423E-3 4.46317E-3 3.96805E-3 5.28245E-3 4.63146E-3 5.62885E-3 3.83955E-3 4.15974E-3 1.33685E-2 2.02112E-2 7.25469E-3 3.37732E-3 2.91609E-3 1.50873E-3 2.87749E-3 7.34788E-3 1.09731E-2 1.32238E-2 1.68603E-2 2.27236E-2 4.44589E-2 6.73145E-2 4.33645E-2 3.12948E-2 1.07917E-1 2.16607E-2 9.42914E-3 8.72619E-3 7.9449E-3 9.1421E-3 1.0823E-2 7.11329E-3 3.82183E-3 1.37881E-3 2.74423E-4 5.93472E-5 1.61726E-5 3.98843E-6 8.42046E-7 1.71712E-7 6.00832E-8 2.70061E-8 9.34397E-9 1.44659E-9 -9999
3.13299E-2 3.37963E-2 4.20848E-2 4.79705E-2 3.37998E-2 1.03857E-2 6.59405E-3 3.51831E-3 1.77135E-3 1.24797E-3 1.5063E-3 3.13672E-3 1.21588E-2 3.36783E-2 6.02217E-2 4.19686E-2 2.62069E-2 1.93852E-2 1.88744E-2 1.6939E-2 8.6058E-3 5.12734E-3 5.02871E-3 4.95051E-3 3.46199E-3 2.1944E-3 1.73914E-3 1.88142E-3 2.60211E-3 3.54545E-3 4.14879E-3 3.89187E-3 2.67306E-3 4.38423E-3 5.96374E-3 2.63649E-3 1.09142E-3 1.43364E-3 1.49884E-3 1.23192E-2 2.57514E-2 1.17641E-2 5.31699E-3 9.22965E-3 1.35565E-2 2.90382E-2 6.3553E-2 7.68907E-2 3.55102E-2 7.86106E-2 6.42921E-2 3.00711E-2 1.39637E-2 8.19805E-3 8.19805E-3 1.76268E-2 1.89317E-2 1.20309E-2 1.65157E-3 1.90446E-4 3.3466E-5 1.08926E-5 3.98663E-6 1.14424E-6 3.4469E-7 1.33877E-7 6.66852E-8 1.68202E-8 1.24791E-9 2.77574E-11
6.20122E-2 5.78421E-2 7.06838E-2 5.71289E-2 2.98032E-2 1.409E-2 6.32115E-3 2.07465E-3 5.48418E-4 5.26177E-4 9.64401E-4 2.09349E-3 3.09653E-3 8.00186E-3 1.35637E-2 1.37948E-2 1.64525E-2 1.60045E-2 1.99012E-2 2.5513E-2 1.29081E-2 6.68043E-3 3.90385E-3 2.91163E-3 1.78044E-3 8.92331E-4 6.39078E-4 8.05245E-4 1.13173E-3 1.62969E-3 2.08081E-3 1.70316E-3 1.31279E-3 8.95546E-4 1.30377E-3 1.7389E-3 1.92676E-3 2.45339E-3 4.16379E-3 1.75698E-2 2.02757E-2 9.57566E-3 5.55571E-3 8.28328E-3 1.89317E-2 2.59239E-2 4.5414E-2 6.5629E-2 3.69196E-2 4.52384E-2 8.95286E-2 6.26554E-2 3.38679E-2 1.33569E-2 4.51599E-3 4.98582E-3 9.87483E-3 2.61162E-3 3.87241E-4 7.55467E-5 2.08433E-5 7.6423E-6 3.52449E-6 1.23338E-6 3.53047E-7 1.22852E-7 5.30117E-8 1.05788E-8 4.58632E-10 -9999
8.41224E-2 8.56318E-2 8.18265E-2 6.14201E-2 3.12238E-2 1.71446E-2 5.12734E-3 1.3684E-3 4.74437E-4 5.66573E-4 8.67275E-4 2.08119E-3 4.62806E-3 7.24279E-3 5.54987E-3 1.70912E-3 2.73307E-3 6.03613E-3 1.69279E-2 3.55222E-2 1.98696E-2 8.56813E-3 3.44024E-3 1.77486E-3 9.79334E-4 5.29575E-4 3.06647E-4 2.84336E-4 3.34784E-4 4.74437E-4 7.78092E-4 6.50781E-4 2.95498E-4 1.68658E-4 3.84769E-4 1.39154E-3 3.2425E-3 3.30167E-3 4.09738E-3 6.17149E-3 5.03101E-3 4.63741E-3 4.98582E-3 6.97788E-3 1.43738E-2 1.71272E-2 2.73719E-2 3.13746E-2 2.42372E-2 3.13746E-2 5.16042E-2 5.56779E-2 5.30644E-2 1.53619E-2 2.16607E-3 1.26396E-3 3.11824E-3 4.27279E-4 1.16065E-4 4.89412E-5 1.58208E-5 6.1586E-6 2.96243E-6 9.75288E-7 1.94093E-7 3.56214E-8 8.05524E-9 1.08401E-9 2.9308E-11 -9999
6.23707E-2 6.19312E-2 8.33798E-2 7.00569E-2 3.90907E-2 1.62658E-2 4.8734E-3 1.58414E-3 7.21967E-4 7.42335E-4 1.12072E-3 1.9801E-3 4.03373E-3 5.7064E-3 7.8999E-3 3.19084E-3 1.13966E-3 2.55005E-3 1.03478E-2 2.555E-2 1.58919E-2 6.75249E-3 2.87394E-3 1.34488E-3 6.30488E-4 4.35165E-4 2.65745E-4 2.22839E-4 3.02746E-4 3.57728E-4 6.58698E-4 7.49248E-4 4.13962E-4 1.90005E-4 3.42796E-4 2.00916E-3 5.47443E-3 5.79494E-3 3.40642E-3 4.7912E-3 7.00112E-3 9.34591E-3 1.10639E-2 1.49181E-2 1.64009E-2 1.19413E-2 1.27736E-2 1.46842E-2 1.24611E-2 1.44686E-2 2.13737E-2 2.42372E-2 1.48031E-2 2.21471E-3 1.31879E-4 1.61708E-5 1.26451E-4 1.6907E-4 7.90808E-5 3.92457E-5 9.2273E-6 3.25977E-6 1.35751E-6 3.49693E-7 3.8405E-8 3.24381E-9 2.92804E-10 3.21095E-11 -9999 2.03914E-15
3.92057E-2 4.86389E-2 6.2848E-2 7.5244E-2 3.85087E-2 1.43686E-2 4.34339E-3 1.21528E-3 7.48774E-4 5.8393E-4 1.02556E-3 2.41919E-3 5.79394E-3 6.14283E-3 4.68048E-3 3.45575E-3 4.12894E-3 6.8545E-3 8.30898E-3 6.84511E-3 5.56176E-3 2.23514E-3 1.46746E-3 9.66403E-4 1.04884E-3 7.85487E-4 5.48382E-4 5.38121E-4 8.04755E-4 1.81717E-3 3.8059E-3 2.82397E-3 9.38978E-4 4.53984E-4 8.08343E-4 3.42546E-3 6.00317E-3 5.90854E-3 5.11562E-3 4.63741E-3 9.01966E-3 1.50289E-2 2.16198E-2 3.1593E-2 1.92025E-2 1.42734E-2 9.63929E-3 9.81714E-3 7.01345E-3 5.35095E-3 7.75915E-3 1.02831E-2 3.33039E-3 2.30915E-4 1.61708E-5 2.53168E-6 4.81735E-6 2.99939E-5 3.13757E-5 1.6561E-5 4.26394E-6 1.13206E-6 2.81163E-7 3.95163E-8 2.76439E-9 9.57046E-11 1.97727E-12 3.40946E-14 5.76899E-16 -9999
2.79057E-2 5.15327E-2 5.99008E-2 5.63865E-2 3.33653E-2 1.16709E-2 2.94316E-3 9.84004E-4 5.2576E-4 4.71062E-4 9.68888E-4 2.8858E-3 6.25331E-3 1.2685E-2 1.71761E-2 2.09222E-2 1.27364E-2 9.91907E-3 1.31412E-2 7.60521E-3 2.99607E-3 7.24419E-4 9.40156E-4 1.11454E-3 1.55021E-3 1.44212E-3 1.02355E-3 8.38699E-4 1.56033E-3 3.02805E-3 4.1399E-3 2.72438E-3 1.56959E-3 1.1121E-3 1.40906E-3 2.64289E-3 3.28178E-3 4.12297E-3 4.91281E-3 4.0738E-3 5.95392E-3 7.8383E-3 1.02715E-2 8.25959E-3 1.20344E-2 1.29512E-2 1.03811E-2 7.7166E-3 3.96464E-3 1.37946E-3 2.86451E-3 7.59517E-3 1.4212E-3 -9999 8.81355E-5 3.58949E-5 1.37515E-5 1.6561E-5 1.3124E-5 6.13831E-6 1.69755E-6 3.21537E-7 4.28059E-8 3.32004E-9 1.1937E-10 1.53983E-12 6.98747E-15 6.18292E-18 2.90408E-20 3.12822E-21
5.10161E-2 6.86035E-2 4.69476E-2 2.30213E-2 1.6557E-2 6.36791E-3 1.36792E-3 6.70274E-4 3.87825E-4 3.85735E-4 1.19131E-3 3.5904E-3 9.28942E-3 4.26682E-2 5.65976E-2 4.65407E-2 3.21461E-2 2.28536E-2 1.53619E-2 9.4051E-3 4.29654E-3 2.43875E-3 1.8368E-3 1.52242E-3 1.91057E-3 1.76543E-3 1.45589E-3 9.05227E-4 1.33633E-3 2.4232E-3 2.8963E-3 1.81003E-3 1.08197E-3 7.50047E-4 7.22095E-4 9.40156E-4 1.28028E-3 1.7946E-3 2.73217E-3 2.61913E-3 2.24694E-3 2.46458E-3 4.02772E-3 3.39294E-3 2.89434E-3 5.87292E-3 5.35095E-3 3.3449E-3 2.24202E-3 1.10551E-3 2.49169E-3 3.21829E-3 8.97388E-4 2.30915E-4 6.43973E-4 4.62077E-4 7.4128E-5 2.18264E-5 7.99196E-6 2.66766E-6 5.91631E-7 8.4202E-8 7.22211E-9 3.16841E-10 6.25613E-12 3.23285E-14 5.40161E-17 1.63455E-20 6.14558E-23 8.97665E-24
8.48514E-2 7.83176E-2 3.25248E-2 9.12373E-3 1.07749E-2 4.64102E-3 7.21251E-4 4.14916E-4 3.67273E-4 3.73194E-4 1.75702E-3 6.81898E-3 1.96188E-2 9.25273E-2 1.06802E-1 7.88593E-2 5.3882E-2 3.67375E-2 2.07786E-2 1.49989E-2 1.03412E-2 5.31188E-3 2.33872E-3 1.95159E-3 1.85508E-3 1.40909E-3 5.79675E-4 4.27279E-4 7.47408E-4 1.72703E-3 1.68908E-3 9.72161E-4 4.82739E-4 3.0673E-4 2.51583E-4 2.75215E-4 5.59688E-4 1.10555E-3 1.87312E-3 2.36523E-3 2.00787E-3 1.35342E-3 1.50156E-3 1.02551E-3 9.74576E-4 8.78082E-4 5.04828E-4 5.65988E-4 1.20916E-3 1.87669E-3 1.84336E-3 1.20916E-3 6.47774E-4 6.97325E-4 1.03192E-3 4.02813E-4 8.99448E-5 2.03772E-5 5.4475E-6 1.25423E-6 2.20512E-7 2.34242E-8 1.4023E-9 -9999 4.83926E-13 1.97389E-15 3.09377E-18 2.98463E-21 1.20959E-23 -9999
1.01425E-1 9.93549E-2 5.02492E-2 1.85613E-2 1.43398E-2 7.18751E-3 1.0048E-3 2.83365E-4 5.02151E-4 1.04779E-3 4.78175E-3 1.62658E-2 5.15394E-2 1.43021E-1 1.46037E-1 9.94242E-2 7.17266E-2 5.50594E-2 3.63407E-2 2.76304E-2 2.22558E-2 1.36177E-2 6.43989E-3 5.1131E-3 3.97215E-3 9.08249E-4 1.02375E-4 1.16555E-4 2.03889E-4 4.66813E-4 6.35448E-4 3.51672E-4 2.06685E-4 1.7643E-4 1.09763E-4 7.26503E-5 3.20663E-4 1.02556E-3 1.88174E-3 2.9468E-3 2.53042E-3 1.4643E-3 7.61333E-4 2.89528E-4 1.56299E-4 1.24047E-4 3.75008E-5 8.27562E-5 3.33298E-4 7.3027E-4 6.37051E-4 2.56435E-4 8.09744E-5 8.82068E-5 9.18879E-5 6.65223E-5 3.35628E-5 1.34423E-5 3.02668E-6 7.48564E-7 9.67846E-8 8.4403E-9 4.09606E-10 5.83409E-12 8.79286E-14 -9999 3.74057E-19 1.65531E-21 5.72991E-24 -9999
1.1655E-1 1.2842E-1 1.2637E-1 9.75122E-2 6.10523E-2 2.17949E-2 1.75826E-3 2.16801E-4 4.32192E-4 1.52149E-3 8.36169E-3 3.05684E-2 7.24673E-2 1.48655E-1 1.33516E-1 8.93932E-2 7.80575E-2 7.05054E-2 4.72826E-2 3.40515E-2 3.9096E-2 3.5894E-2 2.2638E-2 1.57365E-2 1.19884E-2 2.12402E-3 2.62559E-4 1.2681E-4 1.07049E-4 1.16555E-4 1.26722E-4 1.13793E-4 9.37385E-5 1.02004E-4 8.18142E-5 4.58547E-5 2.79124E-4 1.20515E-3 2.91163E-3 4.80323E-3 3.20466E-3 1.55575E-3 6.61547E-4 1.7837E-4 9.84611E-5 6.09781E-5 2.66945E-5 3.92175E-5 1.29566E-4 2.72866E-4 2.95458E-4 1.11677E-4 1.10927E-5 -9999 2.23962E-6 9.01107E-6 1.28289E-5 7.81228E-6 2.13505E-6 4.4265E-7 -9999 4.49689E-9 1.94984E-10 2.02373E-12 -9999 -9999 -9999 -9999 -9999 -9999
1.80202E-1 1.68853E-1 1.52388E-1 1.33455E-1 1.14512E-1 3.30841E-2 4.24071E-3 3.83205E-4 4.48564E-5 5.16773E-4 8.06205E-3 4.10463E-2 9.35642E-2 1.16786E-1 9.62621E-2 6.52467E-2 5.70866E-2 4.81109E-2 3.03877E-2 2.52497E-2 3.61263E-2 3.70847E-2 2.42154E-2 1.53498E-2 9.56346E-3 3.76216E-3 1.13657E-3 3.00975E-4 1.00351E-4 3.74674E-5 3.43045E-5 5.10888E-5 6.90593E-5 1.02377E-4 1.32491E-4 1.69632E-4 5.03854E-4 1.81152E-3 3.19251E-3 3.93638E-3 3.65657E-3 1.4694E-3 6.03864E-4 1.96042E-4 1.1243E-4 5.84289E-5 2.9939E-5 3.42462E-5 8.45567E-5 1.73583E-4 -9999 -9999 -9999 -9999 -9999 7.44785E-6 -9999 -9999 2.13505E-6 -9999 -9999 -9999 -9999 -9999 -9999 -9999 -9999 -9999 -9999 -9999
2.81181E-1 1.86055E-1 9.4385E-2 9.32741E-2 8.71368E-2 2.19758E-2 5.50181E-3 3.26689E-4 4.19338E-5 5.07625E-4 1.08431E-2 6.91143E-2 1.2142E-1 9.03524E-2 6.32052E-2 4.08305E-2 3.10005E-2 2.4411E-2 1.58696E-2 1.07229E-2 1.28417E-2 1.45614E-2 1.03412E-2 6.75345E-3 5.48993E-3 4.78821E-3 3.68591E-3 9.2286E-4 1.56598E-4 2.85382E-5 2.12898E-5 4.58091E-5 1.1657E-4 1.50989E-4 2.45453E-4 4.67693E-4 1.04544E-3 2.22108E-3 3.71551E-3 3.35601E-3 2.55296E-3 1.13507E-3 5.63207E-4 2.82711E-4 1.28459E-4 6.35494E-5 4.01376E-5 4.09763E-5 -9999 -9999 -9999 -9999 -9999 -9999 -9999 -9999 -9999 -9999 -9999 -9999 -9999 -9999 -9999 -9999 -9999 -9999 -9999 -9999 -9999 -9999
1.92625E-1 1.23613E-1 6.05954E-2 4.32879E-2 2.50891E-2 6.47228E-3 1.47911E-3 2.22025E-4 1.49893E-4 2.09593E-3 1.59712E-2 2.94288E-2 4.03891E-2 4.85357E-2 4.56156E-2 2.56221E-2 1.83984E-2 1.77313E-2 9.77128E-3 4.58849E-3 3.33039E-3 3.30146E-3 3.42974E-3 3.21303E-3 3.54918E-3 5.2884E-3 6.59921E-3 1.89399E-3 4.00787E-4 1.11706E-4 6.51735E-5 1.0385E-4 1.68722E-4 3.3128E-4 6.47774E-4 1.32562E-3 2.45737E-3 3.50527E-3 3.61338E-3 2.83884E-3 1.52149E-3 8.90702E-4 5.55128E-4 3.06493E-4 1.70015E-4 1.00408E-4 7.11023E-5 -9999 -9999 -9999 -9999 -9999 -9999 -9999 -9999 -9999 -9999 -9999 -9999 -9999 -9999 -9999 -9999 -9999 -9999 -9999 -9999 -9999 -9999 -9999
1.24818E-1 7.69571E-2 3.66029E-2 1.87444E-2 7.71485E-3 1.85508E-3 4.69085E-4 1.66354E-4 1.76528E-4 1.83841E-3 7.38851E-3 4.49013E-3 6.75444E-3 2.77986E-2 4.93278E-2 4.15686E-2 2.29262E-2 9.27596E-3 3.4166E-3 2.00824E-3 1.58465E-3 1.40493E-3 1.28878E-3 1.57648E-3 2.6536E-3 4.22186E-3 4.62494E-3 2.3525E-3 8.90004E-4 3.84372E-4 2.56741E-4 2.72523E-4 4.03937E-4 7.59458E-4 1.4756E-3 3.40261E-3 5.67339E-3 5.62084E-3 3.71493E-3 1.8551E-3 9.80201E-4 5.2767E-4 3.9154E-4 2.73138E-4 1.84869E-4 1.32352E-4 1.11707E-4 -9999 -9999 -9999 -9999 -9999 -9999 -9999 -9999 -9999 -9999 -9999 -9999 -9999 -9999 -9999 -9999 -9999 -9999 -9999 -9999 -9999 -9999 -9999
8.59748E-2 4.57666E-2 2.03109E-2 8.52636E-3 3.50156E-3 1.36521E-3 4.41567E-4 2.04543E-4 2.49439E-4 8.85499E-4 2.21471E-3 2.63775E-3 5.35426E-3 2.15203E-2 5.17946E-2 5.35184E-2 2.63239E-2 5.96918E-3 2.27321E-3 1.41585E-3 1.31623E-3 1.18704E-3 8.03236E-4 1.00899E-3 2.14036E-3 3.15802E-3 3.45343E-3 2.52474E-3 1.58416E-3 9.78236E-4 7.20453E-4 7.34409E-4 9.54387E-4 1.46225E-3 2.52385E-3 6.13249E-3 1.28047E-2 8.2605E-3 3.28809E-3 1.1688E-3 3.76281E-4 2.41517E-4 2.27149E-4 2.27446E-4 1.88903E-4 1.5989E-4 1.63197E-4 1.84869E-4 -9999 -9999 -9999 -9999 -9999 -9999 -9999 -9999 -9999 -9999 -9999 -9999 -9999 -9999 -9999 -9999 -9999 -9999 -9999 -9999 -9999 -9999
5.23278E-2 2.15009E-2 7.83872E-3 3.81371E-3 2.56958E-3 1.52392E-3 6.29497E-4 2.31597E-4 2.11979E-4 4.44358E-4 1.07091E-3 1.92934E-3 4.13197E-3 1.14048E-2 2.16607E-2 2.52247E-2 2.12199E-2 5.62277E-3 1.74267E-3 1.33519E-3 1.6145E-3 2.57985E-3 2.63775E-3 2.31359E-3 2.68224E-3 3.05057E-3 3.15802E-3 2.96406E-3 2.3525E-3 1.89399E-3 1.57648E-3 1.69018E-3 1.89399E-3 2.10721E-3 3.09973E-3 5.06777E-3 1.12747E-2 7.00799E-3 2.46575E-3 7.19305E-4 2.22313E-4 1.46913E-4 1.77222E-4 1.96893E-4 2.1384E-4 2.0093E-4 2.18023E-4 2.78451E-4 -9999 -9999 -9999 -9999 -9999 -9999 -9999 -9999 -9999 -9999 -9999 -9999 -9999 -9999 -9999 -9999 -9999 -9999 -9999 -9999 -9999 -9999
2.66423E-2 5.86241E-3 1.57648E-3 2.02255E-3 2.56209E-3 2.43721E-3 8.55525E-4 1.66707E-4 9.6093E-5 1.75417E-4 4.16273E-4 9.72609E-4 2.43804E-3 5.13889E-3 8.41292E-3 8.60683E-3 6.81214E-3 4.62745E-3 1.64369E-3 1.09711E-3 1.05513E-3 6.6317E-3 1.08968E-2 6.79226E-3 4.25941E-3 3.25749E-3 3.26893E-3 3.11373E-3 2.87564E-3 2.56778E-3 2.77116E-3 3.04708E-3 3.186E-3 2.8269E-3 2.49168E-3 2.5226E-3 3.83191E-3 3.53243E-3 1.77835E-3 5.59496E-4 2.0523E-4 1.88871E-4 2.18333E-4 2.36966E-4 2.73463E-4 2.96423E-4 3.14651E-4 -9999 -9999 -9999 -9999 -9999 -9999 -9999 -9999 -9999 -9999 -9999 -9999 -9999 -9999 -9999 -9999 -9999 -9999 -9999 -9999 -9999 -9999 -9999
1.71118E-2 3.61032E-3 1.05275E-3 1.52392E-3 2.25742E-3 2.18524E-3 4.78937E-4 4.37678E-5 2.27797E-5 5.22215E-5 1.45915E-4 4.13152E-4 1.16889E-3 2.09547E-3 5.0215E-3 9.36931E-3 1.77361E-2 8.09249E-3 1.52441E-3 7.23781E-4 8.90876E-4 8.74129E-3 1.89444E-2 1.25384E-2 5.93177E-3 3.54918E-3 3.63575E-3 3.79958E-3 3.55293E-3 2.84642E-3 3.09224E-3 4.05385E-3 4.20748E-3 3.93371E-3 2.73348E-3 1.84336E-3 2.38775E-3 2.50949E-3 1.49633E-3 6.43155E-4 2.57141E-4 2.62049E-4 3.1527E-4 3.48643E-4 3.92887E-4 4.42134E-4 -9999 -9999 -9999 -9999 -9999 -9999 -9999 -9999 -9999 -9999 -9999 -9999 -9999 -9999 -9999 -9999 -9999 -9999 -9999 -9999 -9999 -9999 -9999 -9999
1.9511E-2 6.81636E-3 3.14711E-3 2.74811E-3 2.79652E-3 1.2944E-3 1.6327E-4 1.15564E-5 8.14518E-6 1.81695E-5 5.00668E-5 1.20623E-4 2.6279E-4 3.15685E-4 1.41782E-3 5.19869E-3 8.91506E-3 5.07381E-3 1.22782E-3 7.02166E-4 1.10555E-3 1.75058E-2 2.99622E-2 2.30729E-2 9.97457E-3 4.74832E-3 4.82823E-3 4.44173E-3 2.76553E-3 3.59968E-3 3.07958E-3 3.88931E-3 4.73126E-3 5.15609E-3 4.12297E-3 3.5311E-3 3.47169E-3 3.20186E-3 1.96323E-3 1.05463E-3 4.61036E-4 4.01167E-4 5.39682E-4 5.83102E-4 6.17419E-4 6.16549E-4 -9999 -9999 -9999 -9999 -9999 -9999 -9999 -9999 -9999 -9999 -9999 -9999 -9999 -9999 -9999 -9999 -9999 -9999 -9999 -9999 -9999 -9999 -9999 -9999
3.03239E-2 1.38243E-2 9.32445E-3 8.44238E-3 6.87258E-3 1.01576E-3 1.18984E-4 1.84876E-5 9.19308E-6 1.08657E-5 1.99054E-5 2.93063E-5 2.28333E-5 4.75255E-5 9.56217E-5 2.64805E-4 4.51892E-4 9.14378E-4 1.19399E-3 1.91526E-3 9.08879E-3 3.98776E-2 5.50152E-2 3.37008E-2 1.97377E-2 1.00262E-2 7.12647E-3 4.99233E-3 4.78636E-3 3.51831E-3 3.41417E-3 3.54189E-3 5.93011E-3 8.32732E-3 7.06744E-3 6.60836E-3 6.166E-3 4.71942E-3 3.74931E-3 2.39451E-3 1.50262E-3 1.09661E-3 1.09489E-3 1.09489E-3 9.95121E-4 -9999 -9999 -9999 -9999 -9999 -9999 -9999 -9999 -9999 -9999 -9999 -9999 -9999 -9999 -9999 -9999 -9999 -9999 -9999 -9999 -9999 -9999 -9999 -9999 -9999
4.33533E-2 2.38253E-2 1.82087E-2 1.4104E-2 4.70322E-3 7.79819E-4 1.16478E-4 2.38145E-5 1.10927E-5 1.05979E-5 1.54587E-5 2.07572E-5 2.78464E-5 5.55287E-5 1.23213E-4 2.03191E-4 4.30111E-4 5.995E-4 7.62661E-4 1.99178E-3 1.84E-2 6.5629E-2 1.04556E-1 5.79984E-2 2.61265E-2 1.0505E-2 6.7048E-3 3.09016E-3 4.90897E-3 3.11018E-3 2.72481E-3 5.71521E-3 1.14028E-2 1.36337E-2 1.21961E-2 1.02715E-2 9.01966E-3 8.51312E-3 7.62822E-3 5.81522E-3 4.29364E-3 3.21303E-3 2.38775E-3 1.69963E-3 -9999 -9999 -9999 -9999 -9999 -9999 -9999 -9999 -9999 -9999 -9999 -9999 -9999 -9999 -9999 -9999 -9999 -9999 -9999 -9999 -9999 -9999 -9999 -9999 -9999 -9999
6.12668E-2 5.53445E-2 4.6212E-2 1.78811E-2 3.03101E-3 4.52E-4 1.11617E-4 3.26941E-5 1.50244E-5 1.16284E-5 1.81569E-5 3.42151E-5 7.01022E-5 1.71377E-4 2.23079E-4 3.64448E-4 5.97916E-4 7.27793E-4 8.20641E-4 1.60365E-3 4.67614E-3 1.86727E-2 6.39461E-2 4.30277E-2 1.16752E-2 4.85832E-3 6.73627E-3 7.34788E-3 7.50843E-3 3.8763E-3 4.14416E-3 1.0684E-2 1.85397E-2 2.01979E-2 1.96314E-2 1.63821E-2 1.71305E-2 -9999 -9999 1.07229E-2 -9999 -9999 -9999 -9999 -9999 -9999 -9999 -9999 -9999 -9999 -9999 -9999 -9999 -9999 -9999 -9999 -9999 -9999 -9999 -9999 -9999 -9999 -9999 -9999 -9999 -9999 -9999 -9999 -9999 -9999
4.86122E-2 6.94968E-2 9.2229E-2 5.01585E-2 3.49017E-3 4.99042E-4 1.66408E-4 4.66656E-5 1.97791E-5 1.53789E-5 2.37396E-5 4.97886E-5 1.0819E-4 2.03191E-4 3.91593E-4 6.13891E-4 7.89889E-4 7.21703E-4 7.91157E-4 1.09562E-3 1.1359E-3 3.87552E-3 2.50742E-2 6.56994E-3 1.30657E-3 3.56208E-3 2.90822E-3 1.01096E-2 1.11576E-2 7.82168E-3 8.39861E-3 9.76181E-3 1.63479E-2 2.7588E-2 2.87735E-2 2.99622E-2 2.80035E-2 2.52704E-2 -9999 -9999 -9999 -9999 -9999 -9999 -9999 -9999 -9999 -9999 -9999 -9999 -9999 -9999 -9999 -9999 -9999 -9999 -9999 -9999 -9999 -9999 -9999 -9999 -9999 -9999 -9999 -9999 -9999 -9999 -9999 -9999
1.03494E-1 2.02578E-1 1.61359E-1 9.53223E-2 1.52429E-2 2.21226E-3 4.25764E-4 7.0851E-5 2.3623E-5 1.63928E-5 2.99734E-5 6.64647E-5 1.27542E-4 2.96179E-4 6.00266E-4 6.91828E-4 8.17275E-4 8.79567E-4 7.67385E-4 7.96204E-4 8.19439E-4 1.01078E-3 5.03057E-3 1.24955E-3 5.90868E-4 2.90701E-3 6.54398E-3 5.86605E-3 1.17641E-2 1.10618E-2 8.21684E-3 1.0249E-2 2.26294E-2 3.45956E-2 3.77015E-2 4.02031E-2 3.86862E-2 -9999 -9999 -9999 -9999 -9999 -9999 -9999 -9999 -9999 -9999 -9999 -9999 -9999 -9999 -9999 -9999 -9999 -9999 -9999 -9999 -9999 -9999 -9999 -9999 -9999 -9999 -9999 -9999 -9999 -9999 -9999 -9999 -9999
1.13365E-1 1.96057E-1 1.97691E-1 1.08186E-1 2.98435E-2 5.45131E-3 7.65682E-4 1.0433E-4 2.24318E-5 1.63515E-5 2.99647E-5 9.78008E-5 1.78912E-4 3.34833E-4 7.61284E-4 7.64721E-4 7.79012E-4 7.50675E-4 6.06935E-4 5.42017E-4 4.71163E-4 5.28039E-4 5.50331E-4 3.21929E-4 4.08818E-4 1.70928E-3 6.70515E-3 5.16983E-3 1.32534E-2 1.55597E-2 1.03679E-2 9.69719E-3 2.91455E-2 3.89933E-2 4.48528E-2 -9999 -9999 -9999 -9999 -9999 -9999 -9999 -9999 -9999 -9999 -9999 -9999 -9999 -9999 -9999 -9999 -9999 -9999 -9999 -9999 -9999 -9999 -9999 -9999 -9999 -9999 -9999 -9999 -9999 -9999 -9999 -9999 -9999 -9999 -9999
