KUENM/Final_Models/M_0.1_F_lq_Set_2_NE/sp1_se_asia_min.asc
ncols         320
nrows         243
xllcorner     44.0
yllcorner     -0.666666666666667
cellsize      0.166666666666667
NODATA_value  -9999
[rows 93 to 123 of 243, columns 210 to 279 of 320]
3.46881E-3 6.31687E-4 7.0804E-4 5.58256E-3 1.83678E-2 2.68706E-2 3.03218E-2 3.34954E-2 2.76886E-2 2.25088E-2 3.21392E-2 2.25901E-2 1.23585E-2 8.48058E-3 9.32846E-3 1.28848E-2 1.65518E-2 2.81968E-2 5.29722E-2 8.66966E-2 8.21999E-2 6.45397E-2 6.0879E-2 5.43588E-2 5.01409E-2 4.90963E-2 3.61308E-2 3.63733E-2 3.9453E-2 3.65825E-2 1.46406E-2 7.43822E-3 1.04031E-2 1.46406E-2 1.44037E-2 9.08771E-3 1.65518E-2 2.46723E-2 2.27455E-2 3.26433E-2 4.07993E-2 3.58161E-2 1.93312E-2 1.08031E-2 5.80904E-3 3.89412E-3 3.35499E-3 2.18827E-3 1.3812E-3 1.4239E-4 7.4344E-6 3.52171E-6 1.46102E-5 3.49487E-5 7.45895E-5 9.92547E-5 5.15462E-5 1.30136E-5 2.38364E-6 1.6137E-7 1.57047E-8 7.41078E-9 2.81827E-9 3.86676E-10 2.32172E-11 1.20234E-12 3.82562E-14 9.7865E-16 3.1987E-17 2.15441E-18
2.76909E-3 1.23138E-3 2.81962E-3 7.74045E-3 1.68548E-2 1.41695E-2 2.42762E-2 3.5076E-2 2.98681E-2 1.93788E-2 1.93671E-2 1.62225E-2 1.36194E-2 1.33497E-2 1.67466E-2 1.50479E-2 1.43492E-2 2.18567E-2 2.92223E-2 3.93861E-2 4.52831E-2 4.98983E-2 4.34849E-2 3.40865E-2 2.4403E-2 2.39055E-2 1.81778E-2 1.55792E-2 1.65053E-2 1.90282E-2 2.29001E-2 2.96639E-2 1.74181E-2 1.1165E-2 5.61955E-3 4.56633E-3 4.81165E-3 2.86149E-3 2.18171E-3 4.9054E-3 1.29804E-2 1.74464E-2 7.59546E-3 5.66805E-3 5.77994E-3 3.11137E-3 2.44477E-3 1.43586E-3 7.11392E-4 2.10562E-4 6.61464E-5 4.51009E-5 3.54452E-5 1.68266E-5 2.55312E-5 8.08842E-5 5.81717E-5 1.3049E-5 1.73272E-6 1.13659E-7 9.34482E-9 1.6856E-8 6.30817E-9 5.26636E-10 3.0934E-11 1.36964E-12 6.94378E-14 3.0787E-15 2.43699E-16 3.79269E-17
6.90653E-3 6.03119E-3 2.05892E-3 8.03627E-3 1.62225E-2 1.16701E-2 1.38583E-2 1.86384E-2 1.69131E-2 1.42806E-2 1.07682E-2 9.47609E-3 1.05745E-2 1.42806E-2 1.77997E-2 1.44796E-2 1.03274E-2 1.04513E-2 1.03238E-2 1.78223E-2 1.487E-2 2.38243E-2 1.91922E-2 1.2695E-2 9.43553E-3 8.65672E-3 6.48129E-3 6.00892E-3 5.78456E-3 9.05701E-3 2.30548E-2 3.19118E-2 1.04779E-2 6.06638E-3 4.03809E-3 4.68925E-3 5.15611E-3 1.63795E-3 9.55501E-4 1.78191E-3 5.56433E-3 6.52072E-3 2.28841E-3 1.58717E-3 2.9759E-3 2.7013E-3 1.9956E-3 9.43119E-4 5.42556E-4 3.33979E-4 2.46715E-4 2.23533E-4 1.38858E-4 2.96879E-5 2.44907E-5 5.59492E-5 4.51892E-5 1.4826E-5 2.45873E-6 2.72494E-7 5.97938E-8 3.82603E-8 8.1237E-9 4.69147E-10 1.88951E-11 1.10214E-12 7.74094E-14 4.7314E-15 6.64581E-16 2.51941E-16
7.59175E-3 6.51578E-3 1.49566E-3 1.04232E-2 9.30325E-3 4.98426E-3 3.98153E-3 5.6406E-3 5.33976E-3 4.22137E-3 3.19674E-3 2.8157E-3 5.6406E-3 1.15443E-2 1.18271E-2 1.04337E-2 7.19089E-3 5.19667E-3 4.80213E-3 5.42702E-3 4.16752E-3 4.36105E-3 6.32646E-3 4.79444E-3 3.62373E-3 2.77698E-3 2.18171E-3 2.57019E-3 2.40656E-3 3.80068E-3 5.03747E-3 3.18156E-3 3.81238E-3 5.12118E-3 3.58709E-3 3.94003E-3 3.73704E-3 3.0615E-3 3.68314E-3 3.8353E-3 2.81349E-3 3.28679E-3 2.80062E-3 6.13081E-3 3.56895E-3 3.06816E-3 2.46877E-3 5.85153E-4 5.45436E-4 6.07147E-4 4.26147E-4 5.93128E-4 6.36122E-4 1.51864E-4 7.98744E-5 7.78134E-5 5.16558E-5 1.8301E-5 4.03052E-6 6.70068E-7 1.2565E-7 3.05886E-8 4.71498E-9 2.38097E-10 9.9527E-12 7.30489E-13 1.16496E-13 1.18145E-14 2.89188E-15 7.6848E-16
2.59483E-3 2.94305E-3 3.67941E-3 5.06714E-3 3.18156E-3 2.82128E-3 2.29439E-3 1.77995E-3 1.07712E-3 8.85992E-4 6.17627E-4 9.05948E-4 3.30347E-3 1.01415E-2 1.09579E-2 7.25256E-3 4.19951E-3 2.46451E-3 1.45077E-3 1.27928E-3 1.10293E-3 8.89737E-4 1.50479E-3 1.18275E-3 9.30581E-4 7.21978E-4 5.79156E-4 6.05773E-4 7.97165E-4 6.61034E-4 3.9313E-4 1.86868E-4 2.34673E-4 1.4208E-3 2.49388E-3 1.47903E-3 7.42147E-4 6.13304E-4 4.26628E-4 3.74916E-4 2.39329E-4 4.30418E-4 1.38816E-3 2.70654E-3 4.28658E-3 5.45282E-3 4.8723E-3 1.82908E-3 1.27571E-3 1.82908E-3 3.8726E-4 2.43997E-4 2.82691E-4 2.32251E-4 1.76628E-4 1.51864E-4 7.98744E-5 2.92885E-5 7.25158E-6 1.10726E-6 1.75151E-7 2.39611E-8 2.87539E-9 1.67154E-10 5.5262E-12 8.33058E-13 2.73637E-13 6.97915E-14 1.04154E-14 -9999
2.24509E-3 3.32809E-3 4.15634E-3 2.80847E-3 1.92839E-3 1.43878E-3 8.47963E-4 5.25816E-4 2.53065E-4 1.63196E-4 1.14921E-4 5.37766E-4 2.93313E-3 1.04337E-2 1.34451E-2 6.92596E-3 3.19897E-3 1.88698E-3 1.35859E-3 6.75836E-4 4.61674E-4 3.45355E-4 4.76788E-4 4.138E-4 3.12303E-4 2.11883E-4 1.60377E-4 1.56043E-4 2.44677E-4 2.34971E-4 2.58367E-4 1.52592E-4 1.63067E-4 1.00186E-3 1.76016E-3 3.50136E-4 1.07076E-4 8.37375E-5 2.75944E-5 6.90675E-5 2.52774E-4 4.38774E-4 5.77556E-4 7.97699E-4 1.23155E-3 3.66864E-3 7.17337E-3 3.52092E-3 2.02011E-3 1.62081E-2 1.1156E-3 3.04143E-4 2.69192E-4 2.32251E-4 2.89678E-4 3.78073E-4 1.95209E-4 7.38423E-5 1.54662E-5 1.33378E-6 1.32213E-7 1.84346E-8 2.21806E-9 2.11677E-10 1.88951E-11 3.84133E-12 1.12156E-12 2.16311E-13 1.23876E-14 -9999
2.71365E-3 3.19356E-3 4.57797E-3 5.57509E-3 3.13227E-3 4.90171E-4 2.53096E-4 1.01497E-4 3.60211E-5 2.16083E-5 3.039E-5 1.00041E-4 7.67233E-4 3.75836E-3 8.81705E-3 4.73727E-3 2.27905E-3 1.4542E-3 1.39317E-3 1.15015E-3 4.138E-4 1.79898E-4 1.71427E-4 1.67264E-4 9.89681E-5 4.94287E-5 3.6797E-5 4.78492E-5 8.41401E-5 1.38558E-4 1.69834E-4 1.58129E-4 7.79044E-5 1.53372E-4 2.48671E-4 7.03787E-5 1.78384E-5 2.68043E-5 2.68499E-5 5.8317E-4 1.60742E-3 4.60048E-4 1.55136E-4 3.13572E-4 5.40031E-4 1.82908E-3 6.50936E-3 8.79548E-3 2.42696E-3 9.13493E-3 6.63754E-3 1.89349E-3 5.65995E-4 2.43997E-4 2.43997E-4 8.20045E-4 9.19137E-4 4.4694E-4 2.04601E-5 7.60333E-7 5.49703E-8 1.00772E-8 2.17348E-9 3.31065E-10 5.34035E-11 1.27034E-11 4.32869E-12 5.26626E-13 1.01086E-14 3.24868E-17
7.58356E-3 7.17504E-3 9.86458E-3 7.1708E-3 2.65259E-3 8.10691E-4 2.41159E-4 4.45198E-5 6.341E-6 6.13589E-6 1.5445E-5 5.31967E-5 1.07341E-4 4.43196E-4 9.28909E-4 8.90485E-4 1.0578E-3 1.01216E-3 1.43489E-3 1.98323E-3 6.92014E-4 2.39796E-4 1.0922E-4 7.29124E-5 3.50903E-5 1.2841E-5 8.16224E-6 1.42873E-5 2.39305E-5 4.05199E-5 5.84895E-5 3.73802E-5 2.61196E-5 1.24917E-5 2.16217E-5 3.32438E-5 3.89958E-5 5.78111E-5 1.20809E-4 9.46437E-4 1.07122E-3 3.11628E-4 1.35376E-4 2.64436E-4 9.19137E-4 1.48945E-3 3.71641E-3 6.71995E-3 2.58629E-3 3.61119E-3 1.14296E-2 6.21443E-3 2.29717E-3 5.27471E-4 9.58221E-5 1.11856E-4 3.27122E-4 4.16876E-5 2.17445E-6 1.8381E-7 2.61059E-8 5.7505E-9 1.76594E-9 3.63919E-10 5.43144E-11 1.09357E-11 2.99749E-12 2.66154E-13 2.27426E-15 -9999
1.24871E-2 1.34261E-2 1.29351E-2 8.59835E-3 3.0867E-3 1.12986E-3 1.79898E-4 2.41156E-5 4.90898E-6 6.35531E-6 1.31003E-5 5.10815E-5 1.81176E-4 3.72647E-4 2.48784E-4 4.24153E-5 7.56738E-5 2.24285E-4 1.12792E-3 3.39751E-3 1.22499E-3 3.21965E-4 8.63879E-5 3.3132E-5 1.43494E-5 6.29294E-6 2.58239E-6 2.22655E-6 2.72792E-6 4.90898E-6 1.15949E-5 8.39485E-6 2.36283E-6 9.48163E-7 3.10493E-6 2.27022E-5 8.02347E-5 8.71587E-5 1.17807E-4 1.99862E-4 1.3949E-4 1.13295E-4 1.11856E-4 2.10562E-4 6.18784E-4 7.8328E-4 1.62607E-3 1.93994E-3 1.27825E-3 1.93994E-3 4.39149E-3 5.09799E-3 4.70505E-3 6.4443E-4 3.05113E-5 1.32327E-5 5.37742E-5 2.5305E-6 3.40844E-7 9.2562E-8 1.6783E-8 4.0546E-9 1.32833E-9 2.447E-10 2.10457E-11 1.64092E-12 1.72805E-13 8.498E-15 3.66588E-17 -9999
8.48058E-3 8.89205E-3 1.44796E-2 1.18359E-2 4.62899E-3 1.09781E-3 1.63196E-4 2.82609E-5 8.64974E-6 8.8766E-6 1.73915E-5 4.72668E-5 1.50683E-4 2.68086E-4 4.27472E-4 1.04365E-4 2.22479E-5 5.92891E-5 5.24911E-4 2.06639E-3 8.57077E-4 2.16958E-4 6.04835E-5 2.07738E-5 7.74445E-6 4.71532E-6 1.97396E-6 1.33761E-6 2.18267E-6 2.48967E-6 7.25078E-6 8.84994E-6 3.35492E-6 1.04647E-6 2.59806E-6 3.73639E-5 1.68836E-4 1.81057E-4 8.66572E-5 1.19227E-4 1.90398E-4 2.93462E-4 3.83012E-4 6.15076E-4 7.31013E-4 4.71067E-4 4.91419E-4 5.73851E-4 4.42321E-4 5.60524E-4 1.04452E-3 1.27825E-3 5.94313E-4 3.091E-5 4.06088E-7 1.63115E-8 3.80707E-7 6.07429E-7 1.89176E-7 6.46516E-8 7.21613E-9 1.47574E-9 3.96668E-10 5.04353E-11 1.76743E-12 4.2815E-14 1.15543E-15 4.12564E-17 -9999 2.07577E-23
4.56633E-3 6.64765E-3 1.04111E-2 1.3885E-2 4.59945E-3 9.00589E-4 1.33836E-4 1.9387E-5 8.53498E-6 6.33565E-6 1.51553E-5 6.05301E-5 2.41639E-4 3.0111E-4 2.05275E-4 1.21921E-4 1.3038E-4 2.44982E-4 3.44554E-4 2.78319E-4 1.73079E-4 3.48519E-5 2.20925E-5 1.26699E-5 1.16887E-5 7.77213E-6 4.99497E-6 4.85132E-6 8.38606E-6 2.79554E-5 9.74177E-5 5.66034E-5 1.04444E-5 3.52906E-6 8.76943E-6 7.80031E-5 1.76787E-4 1.72436E-4 1.37578E-4 1.13295E-4 3.08834E-4 6.36122E-4 1.16196E-3 2.14364E-3 9.40251E-4 5.73388E-4 3.08116E-4 2.96756E-4 1.7879E-4 1.14442E-4 2.04922E-4 3.19274E-4 5.5816E-5 9.40366E-7 1.63115E-8 9.63429E-10 2.6222E-9 4.28402E-8 4.58972E-8 1.72729E-8 2.17699E-9 2.94834E-10 3.5486E-11 1.8455E-12 3.29589E-14 2.09789E-16 6.09282E-19 1.36586E-21 3.06852E-24 -9999
3.0186E-3 8.15744E-3 9.42377E-3 7.89341E-3 3.1885E-3 5.89708E-4 6.646E-5 1.30292E-5 4.94036E-6 4.46936E-6 1.43502E-5 7.8389E-5 2.77033E-4 8.06776E-4 1.19774E-3 1.30412E-3 6.27077E-4 4.22018E-4 5.59978E-4 2.46106E-4 5.49812E-5 5.47666E-6 8.37051E-6 1.25879E-5 1.77701E-5 1.72916E-5 1.14798E-5 9.28423E-6 2.16331E-5 5.70652E-5 9.88052E-5 5.14428E-5 2.01313E-5 1.18032E-5 1.70302E-5 4.33758E-5 6.20579E-5 9.04641E-5 1.31749E-4 1.00266E-4 1.6414E-4 2.37345E-4 3.71219E-4 2.97871E-4 4.66843E-4 4.80738E-4 3.31406E-4 2.07733E-4 7.1641E-5 1.38912E-5 4.31794E-5 2.0262E-4 1.51992E-5 -9999 2.18766E-7 5.63947E-8 1.30015E-8 1.72729E-8 1.2106E-8 3.79478E-9 5.35143E-10 4.35074E-11 2.04166E-12 4.3472E-14 2.86991E-16 4.18316E-19 1.26625E-22 3.37993E-27 1.13904E-30 4.08535E-32
7.74164E-3 1.23049E-2 5.92546E-3 1.77995E-3 9.90162E-4 2.09942E-4 1.79919E-5 7.19104E-6 3.08816E-6 3.22699E-6 2.0436E-5 1.15935E-4 5.09013E-4 4.32521E-3 6.37002E-3 4.22445E-3 2.2534E-3 1.27029E-3 6.4443E-4 2.89963E-4 8.86486E-5 3.43717E-5 2.21334E-5 1.72789E-5 2.30151E-5 2.31737E-5 1.68266E-5 9.3065E-6 1.66749E-5 4.03396E-5 4.89699E-5 2.51141E-5 1.08516E-5 5.90359E-6 5.56722E-6 8.37051E-6 1.49843E-5 2.96305E-5 5.58987E-5 5.33524E-5 4.20267E-5 4.57917E-5 8.9047E-5 7.24213E-5 5.76658E-5 1.35364E-4 1.14442E-4 5.49658E-5 2.9503E-5 9.86099E-6 3.47623E-5 5.29173E-5 7.30101E-6 9.40366E-7 4.66501E-6 2.85515E-6 1.71313E-7 2.63432E-8 5.67632E-9 1.06521E-9 1.09894E-10 5.69373E-12 1.38002E-13 1.25117E-15 3.37958E-18 1.23654E-21 8.66615E-26 4.73472E-31 1.15883E-34 6.57587E-36
1.58255E-2 1.37845E-2 3.11771E-3 4.0695E-4 5.00113E-4 1.22938E-4 6.16662E-6 3.18819E-6 2.94057E-6 2.91024E-6 3.31977E-5 3.01932E-4 1.53711E-3 1.41144E-2 1.70066E-2 9.60457E-3 4.93566E-3 2.50854E-3 9.98303E-4 5.80368E-4 3.14958E-4 1.08167E-4 3.01266E-5 2.32635E-5 2.10271E-5 1.40412E-5 3.63745E-6 2.5305E-6 5.99723E-6 2.10102E-5 2.07391E-5 9.00427E-6 3.31769E-6 1.82064E-6 1.21542E-6 1.31225E-6 4.60348E-6 1.58869E-5 3.47559E-5 4.55198E-5 3.46114E-5 1.91216E-5 2.16195E-5 1.26752E-5 1.04326E-5 7.21492E-6 3.00397E-6 3.662E-6 1.15794E-5 2.23849E-5 2.17712E-5 1.15794E-5 4.50997E-6 5.16357E-6 9.66741E-6 2.31066E-6 2.30475E-7 2.37159E-8 3.2287E-9 3.44592E-10 2.4537E-11 8.19069E-13 1.18192E-14 -9999 7.34139E-20 1.90214E-23 1.1996E-27 3.80855E-32 1.0259E-35 -9999
2.03636E-2 1.88705E-2 6.02244E-3 1.23542E-3 7.72137E-4 2.39329E-4 9.67764E-6 1.61145E-6 4.68384E-6 1.46188E-5 1.473E-4 1.09781E-3 6.03664E-3 2.8728E-2 2.8562E-2 1.37201E-2 7.63755E-3 4.67422E-3 2.35505E-3 1.47498E-3 1.01757E-3 4.54424E-4 1.36498E-4 9.51369E-5 6.41472E-5 6.50266E-6 2.31196E-7 3.08306E-7 7.93199E-7 2.6624E-6 4.3782E-6 1.83535E-6 8.62291E-7 8.69492E-7 3.53442E-7 1.59258E-7 1.91213E-6 1.51553E-5 3.69344E-5 6.41111E-5 4.86517E-5 2.11974E-5 8.44796E-6 2.3633E-6 9.5663E-7 4.34982E-7 5.54047E-8 1.86308E-7 1.5844E-6 5.19516E-6 4.30085E-6 1.05836E-6 1.84111E-7 2.14453E-7 2.38158E-7 1.45112E-7 5.08836E-8 1.28194E-8 1.31798E-9 1.57154E-10 7.0328E-12 1.78249E-13 1.84334E-15 3.04238E-18 5.66399E-21 -9999 5.09221E-29 1.54944E-32 3.36692E-36 -9999
2.50195E-2 2.74287E-2 2.44905E-2 1.48141E-2 6.50024E-3 1.15173E-3 2.16024E-5 8.7175E-7 2.97047E-6 2.4256E-5 3.35017E-4 2.71133E-3 9.07234E-3 2.95097E-2 2.31936E-2 1.11447E-2 8.42904E-3 7.0866E-3 3.54684E-3 2.02265E-3 2.47607E-3 2.10335E-3 9.74959E-4 5.45568E-4 3.54475E-4 2.36746E-5 9.60212E-7 3.28384E-7 2.7057E-7 3.08306E-7 3.66048E-7 3.2379E-7 2.50714E-7 3.34828E-7 2.20698E-7 7.70198E-8 1.54419E-6 2.04682E-5 7.29124E-5 1.4289E-4 7.03014E-5 2.28423E-5 6.67508E-6 1.24343E-6 4.83813E-7 1.2699E-7 3.2231E-8 5.93343E-8 3.62686E-7 1.13936E-6 1.31612E-6 2.95067E-7 8.79202E-9 -9999 8.16084E-10 6.95956E-9 1.19365E-8 5.59681E-9 7.74501E-10 7.07104E-11 -9999 6.87752E-14 6.01508E-16 6.18632E-19 -9999 -9999 -9999 -9999 -9999 -9999
4.81004E-2 4.07877E-2 3.15791E-2 2.37006E-2 1.76054E-2 2.11466E-3 7.95753E-5 1.96423E-6 7.60689E-8 3.83678E-6 3.28545E-4 3.81616E-3 1.29043E-2 1.82326E-2 1.26761E-2 6.35912E-3 4.96532E-3 3.73525E-3 1.72043E-3 1.24641E-3 2.27948E-3 2.37908E-3 1.16528E-3 5.49518E-4 2.59989E-4 6.03138E-5 9.40976E-6 1.38376E-6 2.55864E-7 5.41444E-8 4.9391E-8 1.00909E-7 1.668E-7 3.30275E-7 4.71904E-7 5.85287E-7 3.47263E-6 3.18075E-5 8.71949E-5 1.20987E-4 8.97813E-5 2.01037E-5 5.17657E-6 1.21517E-6 4.34877E-7 1.09268E-7 3.92531E-8 4.71847E-8 1.88425E-7 5.80858E-7 -9999 -9999 -9999 -9999 -9999 5.20327E-9 -9999 -9999 7.74501E-10 -9999 -9999 -9999 -9999 -9999 -9999 -9999 -9999 -9999 -9999 -9999
9.53508E-2 4.20052E-2 1.25285E-2 1.19982E-2 1.01854E-2 1.0439E-3 1.22214E-4 1.53629E-6 6.57406E-8 3.37051E-6 4.85871E-4 7.84145E-3 1.95458E-2 1.13528E-2 6.16582E-3 2.84995E-3 1.81824E-3 1.26425E-3 6.06697E-4 3.2602E-4 4.63903E-4 5.53707E-4 3.14958E-4 1.61141E-4 1.13892E-4 9.40646E-5 5.97701E-5 6.97551E-6 4.64266E-7 3.49274E-8 2.38077E-8 8.36435E-8 4.35054E-7 5.54258E-7 1.03297E-6 2.6124E-6 9.04452E-6 3.31002E-5 8.17825E-5 8.94097E-5 5.22522E-5 1.29488E-5 4.20876E-6 1.48412E-6 4.15157E-7 1.40996E-7 6.41634E-8 6.2097E-8 -9999 -9999 -9999 -9999 -9999 -9999 -9999 -9999 -9999 -9999 -9999 -9999 -9999 -9999 -9999 -9999 -9999 -9999 -9999 -9999 -9999 -9999
4.2901E-2 1.88495E-2 5.48741E-3 3.06608E-3 1.26242E-3 1.57629E-4 1.58204E-5 8.66504E-7 4.73735E-7 3.08888E-5 7.79745E-4 1.86911E-3 2.99627E-3 3.96658E-3 3.57962E-3 1.33612E-3 8.03546E-4 7.40618E-4 2.81568E-4 9.20143E-5 5.5816E-5 5.26704E-5 5.46498E-5 4.82622E-5 5.76434E-5 1.09871E-4 1.48516E-4 2.12303E-5 1.9265E-6 2.8258E-7 1.34832E-7 3.05683E-7 6.1826E-7 1.67404E-6 4.50997E-6 1.3351E-5 3.32723E-5 6.0449E-5 6.91217E-5 5.3756E-5 2.4256E-5 8.37197E-6 3.55417E-6 1.45385E-6 5.62612E-7 2.45244E-7 1.44457E-7 -9999 -9999 -9999 -9999 -9999 -9999 -9999 -9999 -9999 -9999 -9999 -9999 -9999 -9999 -9999 -9999 -9999 -9999 -9999 -9999 -9999 -9999 -9999
1.9181E-2 8.03882E-3 2.32879E-3 7.73082E-4 1.94139E-4 2.10271E-5 2.5107E-6 5.55978E-7 6.35594E-7 2.41612E-5 2.02751E-4 9.09294E-5 1.72298E-4 1.59457E-3 4.16725E-3 3.0028E-3 1.16892E-3 2.65355E-4 5.55593E-5 2.54206E-5 1.79923E-5 1.42905E-5 1.19586E-5 1.63384E-5 3.584E-5 7.38621E-5 8.13349E-5 2.90532E-5 6.44766E-6 1.88874E-6 1.03743E-6 1.16223E-6 2.27213E-6 6.8154E-6 1.7547E-5 5.64502E-5 1.19903E-4 1.23602E-4 6.91367E-5 2.34762E-5 1.03182E-5 3.57802E-6 1.98656E-6 1.11628E-6 6.26115E-7 3.66602E-7 2.88842E-7 -9999 -9999 -9999 -9999 -9999 -9999 -9999 -9999 -9999 -9999 -9999 -9999 -9999 -9999 -9999 -9999 -9999 -9999 -9999 -9999 -9999 -9999 -9999
9.72445E-3 3.4391E-3 8.99346E-4 2.22065E-4 5.51779E-5 1.27829E-5 2.33877E-6 7.63841E-7 1.10465E-6 7.7937E-6 3.091E-5 4.05605E-5 1.22375E-4 1.07985E-3 4.51912E-3 4.666E-3 1.4602E-3 1.38855E-4 3.08151E-5 1.54409E-5 1.37909E-5 1.12533E-5 6.01835E-6 9.53735E-6 2.62529E-5 4.6982E-5 5.27811E-5 3.24238E-5 1.57329E-5 7.46174E-6 4.75876E-6 4.90182E-6 7.68393E-6 1.6584E-5 4.20983E-5 1.48081E-4 4.41507E-4 2.11274E-4 5.35187E-5 1.07479E-5 1.86857E-6 9.44333E-7 8.59329E-7 8.23872E-7 6.19309E-7 4.9007E-7 5.16949E-7 6.26115E-7 -9999 -9999 -9999 -9999 -9999 -9999 -9999 -9999 -9999 -9999 -9999 -9999 -9999 -9999 -9999 -9999 -9999 -9999 -9999 -9999 -9999 -9999
4.00539E-3 9.85209E-4 1.99058E-4 6.30313E-5 3.33231E-5 1.51565E-5 3.86401E-6 9.04851E-7 8.60022E-7 2.68811E-6 1.02384E-5 2.65975E-5 8.5211E-5 4.01837E-4 1.1156E-3 1.42521E-3 1.05578E-3 1.32117E-4 2.22372E-5 1.44053E-5 2.01736E-5 4.00373E-5 4.05605E-5 3.16698E-5 3.81237E-5 4.45181E-5 4.6982E-5 4.06622E-5 2.90532E-5 2.12303E-5 1.63384E-5 1.86127E-5 2.12303E-5 3.05013E-5 5.79733E-5 1.2752E-4 3.69228E-4 1.66954E-4 3.27067E-5 4.8549E-6 8.49673E-7 4.49547E-7 5.99674E-7 6.60017E-7 7.49332E-7 6.96183E-7 8.06818E-7 1.17544E-6 -9999 -9999 -9999 -9999 -9999 -9999 -9999 -9999 -9999 -9999 -9999 -9999 -9999 -9999 -9999 -9999 -9999 -9999 -9999 -9999 -9999 -9999
1.29714E-3 1.26215E-4 1.63384E-5 2.45893E-5 3.39375E-5 3.06944E-5 6.20494E-6 5.2253E-7 2.44561E-7 6.70068E-7 2.53418E-6 9.79085E-6 3.98931E-5 1.2501E-4 2.70981E-4 2.74984E-4 1.98583E-4 1.08347E-4 2.07422E-5 1.13213E-5 1.34967E-5 1.78673E-4 3.73914E-4 1.70022E-4 7.83537E-5 5.04357E-5 4.95756E-5 4.4923E-5 4.24835E-5 4.3244E-5 5.28249E-5 6.75453E-5 6.17707E-5 4.51745E-5 3.79299E-5 3.94987E-5 8.23806E-5 6.81536E-5 2.05919E-5 3.29466E-6 6.87912E-7 5.91984E-7 7.56573E-7 8.77493E-7 1.0696E-6 1.23824E-6 1.38782E-6 -9999 -9999 -9999 -9999 -9999 -9999 -9999 -9999 -9999 -9999 -9999 -9999 -9999 -9999 -9999 -9999 -9999 -9999 -9999 -9999 -9999 -9999 -9999
6.38172E-4 5.91981E-5 8.55025E-6 1.51565E-5 2.85157E-5 2.65066E-5 2.53497E-6 6.72055E-8 2.58423E-8 1.04358E-7 4.94596E-7 2.60963E-6 1.30136E-5 3.28466E-5 1.23121E-4 3.34843E-4 9.41107E-4 2.71372E-4 2.00433E-5 6.58504E-6 1.13694E-5 2.8178E-4 8.80488E-4 4.36793E-4 1.31496E-4 5.76434E-5 5.71854E-5 6.41054E-5 6.73269E-5 6.30852E-5 7.86805E-5 1.17986E-4 1.20558E-4 8.7603E-5 4.86579E-5 2.17712E-5 3.04177E-5 3.36127E-5 1.47336E-5 3.81662E-6 9.0884E-7 8.93228E-7 1.27234E-6 1.51966E-6 1.86832E-6 2.29189E-6 -9999 -9999 -9999 -9999 -9999 -9999 -9999 -9999 -9999 -9999 -9999 -9999 -9999 -9999 -9999 -9999 -9999 -9999 -9999 -9999 -9999 -9999 -9999 -9999
7.86759E-4 1.56249E-4 4.78003E-5 3.78441E-5 3.88858E-5 1.15068E-5 4.84068E-7 8.773E-9 5.48679E-9 2.03176E-8 9.38769E-8 3.76907E-7 1.2736E-6 1.9775E-6 1.90198E-5 1.41093E-4 3.35977E-4 1.38572E-4 1.52173E-5 6.53507E-6 1.58869E-5 7.93508E-4 1.76009E-3 1.1033E-3 2.84288E-4 8.87352E-5 9.10792E-5 9.33718E-5 6.37546E-5 9.62109E-5 8.67654E-5 1.20807E-4 1.47566E-4 1.42107E-4 9.04641E-5 6.38767E-5 6.22096E-5 4.91012E-5 2.24462E-5 8.3816E-6 2.28434E-6 1.76067E-6 2.912E-6 3.35676E-6 3.75022E-6 3.82703E-6 -9999 -9999 -9999 -9999 -9999 -9999 -9999 -9999 -9999 -9999 -9999 -9999 -9999 -9999 -9999 -9999 -9999 -9999 -9999 -9999 -9999 -9999 -9999 -9999
1.56172E-3 4.65402E-4 2.6155E-4 2.28801E-4 1.51145E-4 7.90884E-6 2.97798E-7 1.83798E-8 6.74125E-9 8.88595E-9 2.24095E-8 4.30854E-8 3.00131E-8 1.11838E-7 3.76721E-7 1.68441E-6 3.9102E-6 1.12173E-5 1.57443E-5 3.03342E-5 3.06061E-4 2.93425E-3 4.99705E-3 2.22859E-3 8.59086E-4 2.99959E-4 1.83333E-4 1.29772E-4 1.34172E-4 1.01497E-4 1.05407E-4 1.15354E-4 2.02641E-4 2.50079E-4 1.97444E-4 1.70171E-4 1.46095E-4 9.82875E-5 6.13801E-5 2.9863E-5 1.41678E-5 8.70163E-6 8.88141E-6 8.88141E-6 7.83754E-6 -9999 -9999 -9999 -9999 -9999 -9999 -9999 -9999 -9999 -9999 -9999 -9999 -9999 -9999 -9999 -9999 -9999 -9999 -9999 -9999 -9999 -9999 -9999 -9999 -9999
2.79879E-3 1.08358E-3 7.38122E-4 4.6937E-4 8.34947E-5 5.1384E-6 2.88229E-7 2.70675E-8 8.79202E-9 8.37588E-9 1.61994E-8 2.80815E-8 4.40211E-8 1.39377E-7 5.18883E-7 1.14019E-6 3.55907E-6 6.05137E-6 8.78118E-6 3.48419E-5 8.78229E-4 6.71995E-3 1.46525E-2 5.21683E-3 1.47519E-3 3.92835E-4 2.10285E-4 8.2868E-5 1.50654E-4 9.26104E-5 8.27871E-5 2.13329E-4 4.56686E-4 5.10069E-4 4.37107E-4 3.71219E-4 3.08834E-4 2.53346E-4 1.86427E-4 1.19063E-4 7.58311E-5 4.82622E-5 3.04177E-5 1.79491E-5 -9999 -9999 -9999 -9999 -9999 -9999 -9999 -9999 -9999 -9999 -9999 -9999 -9999 -9999 -9999 -9999 -9999 -9999 -9999 -9999 -9999 -9999 -9999 -9999 -9999 -9999
5.21347E-3 4.29505E-3 3.10944E-3 6.84498E-4 4.01846E-5 2.21573E-6 2.69978E-7 4.30029E-8 1.36792E-8 9.4487E-9 2.15692E-8 6.75942E-8 2.18201E-7 8.01524E-7 1.27043E-6 2.70711E-6 5.81408E-6 8.02292E-6 9.83576E-6 2.632E-5 1.26869E-4 1.00069E-3 6.28812E-3 3.32485E-3 5.14597E-4 1.51012E-4 2.2489E-4 2.52774E-4 2.66743E-4 1.2858E-4 1.47532E-4 4.74635E-4 8.69627E-4 9.54004E-4 9.11546E-4 7.61935E-4 7.49809E-4 -9999 -9999 3.2602E-4 -9999 -9999 -9999 -9999 -9999 -9999 -9999 -9999 -9999 -9999 -9999 -9999 -9999 -9999 -9999 -9999 -9999 -9999 -9999 -9999 -9999 -9999 -9999 -9999 -9999 -9999 -9999 -9999 -9999 -9999
4.34723E-3 7.40404E-3 1.04805E-2 3.477E-3 4.8883E-5 2.40767E-6 4.65622E-7 7.09276E-8 1.99389E-8 1.41753E-8 3.51581E-8 1.29085E-7 4.32452E-7 1.14019E-6 2.91593E-6 5.94652E-6 8.94328E-6 8.06227E-6 9.29415E-6 1.48443E-5 1.62762E-5 9.64433E-5 1.38058E-3 2.205E-4 2.39733E-5 9.63831E-5 7.66896E-5 3.77549E-4 4.32107E-4 3.13237E-4 3.70533E-4 4.78628E-4 8.96638E-4 1.61072E-3 1.6484E-3 1.76009E-3 1.57764E-3 1.3067E-3 -9999 -9999 -9999 -9999 -9999 -9999 -9999 -9999 -9999 -9999 -9999 -9999 -9999 -9999 -9999 -9999 -9999 -9999 -9999 -9999 -9999 -9999 -9999 -9999 -9999 -9999 -9999 -9999 -9999 -9999 -9999 -9999
1.43914E-2 4.31099E-2 2.79557E-2 1.03348E-2 4.82869E-4 2.35009E-5 1.88515E-6 1.31487E-7 2.44747E-8 1.46395E-8 4.45954E-8 1.9401E-7 5.86573E-7 1.93075E-6 5.22908E-6 7.02273E-6 9.08765E-6 1.01818E-5 8.39729E-6 8.89024E-6 9.46636E-6 1.3341E-5 1.28679E-4 1.98955E-5 7.45543E-6 6.89138E-5 2.06527E-4 1.91812E-4 4.60048E-4 4.82012E-4 3.7789E-4 5.45609E-4 1.44944E-3 2.32582E-3 2.61707E-3 2.9076E-3 2.72991E-3 -9999 -9999 -9999 -9999 -9999 -9999 -9999 -9999 -9999 -9999 -9999 -9999 -9999 -9999 -9999 -9999 -9999 -9999 -9999 -9999 -9999 -9999 -9999 -9999 -9999 -9999 -9999 -9999 -9999 -9999 -9999 -9999 -9999
1.84897E-2 4.23918E-2 3.92172E-2 1.19985E-2 1.34891E-3 9.34342E-5 4.88158E-6 2.27412E-7 2.16119E-8 1.42636E-8 4.01565E-8 3.1388E-7 9.53911E-7 2.41845E-6 7.26168E-6 8.04823E-6 8.28207E-6 7.82073E-6 5.73609E-6 4.81626E-6 3.95128E-6 4.71164E-6 5.20783E-6 2.74016E-6 4.21719E-6 3.23675E-5 1.93708E-4 1.5733E-4 5.09743E-4 7.17088E-4 5.36155E-4 5.44864E-4 2.18134E-3 3.08884E-3 3.64088E-3 -9999 -9999 -9999 -9999 -9999 -9999 -9999 -9999 -9999 -9999 -9999 -9999 -9999 -9999 -9999 -9999 -9999 -9999 -9999 -9999 -9999 -9999 -9999 -9999 -9999 -9999 -9999 -9999 -9999 -9999 -9999 -9999 -9999 -9999 -9999
