KUENM/Final_Models/M_0.1_F_lq_Set_2_NE/sp1_3_se_asia.asc
ncols         320
nrows         243
xllcorner     44.0
yllcorner     -0.666666666666667
cellsize      0.166666666666667
NODATA_value  -9999
[rows 93 to 123 of 243, columns 210 to 279 of 320]
3.55315E-2 1.16647E-2 1.2604E-2 4.82332E-2 1.0068E-1 1.26681E-1 1.3649E-1 1.45062E-1 1.30208E-1 1.15473E-1 1.41424E-1 1.14858E-1 7.97318E-2 6.28503E-2 6.64549E-2 8.15429E-2 9.54952E-2 1.31172E-1 1.88406E-1 2.46679E-1 2.40157E-1 2.10772E-1 2.0356E-1 1.90661E-1 1.81943E-1 1.79181E-1 1.50902E-1 1.50939E-1 1.57532E-1 1.50462E-1 8.78681E-2 5.78681E-2 7.12833E-2 8.78681E-2 8.68089E-2 6.58586E-2 9.54952E-2 1.21376E-1 1.15645E-1 1.42712E-1 1.61835E-1 1.49596E-1 1.0384E-1 7.28286E-2 4.92679E-2 3.7841E-2 3.41681E-2 2.60921E-2 1.91806E-2 4.19532E-3 5.67975E-4 3.40399E-4 8.89419E-4 1.60094E-3 2.68407E-3 3.25512E-3 2.09071E-3 8.28166E-4 2.60909E-4 4.14795E-5 8.40838E-6 5.02265E-6 2.59515E-6 6.64719E-7 9.61448E-8 1.24747E-8 1.15226E-9 9.14814E-11 8.52441E-12 1.31264E-12
3.06393E-2 1.80144E-2 3.08592E-2 5.89694E-2 9.55598E-2 8.68523E-2 1.20216E-1 1.48992E-1 1.35848E-1 1.05291E-1 1.04879E-1 9.37386E-2 8.42195E-2 8.33428E-2 9.5743E-2 8.9847E-2 8.76344E-2 1.12614E-1 1.34267E-1 1.59771E-1 1.72839E-1 1.8172E-1 1.67556E-1 1.45636E-1 1.20434E-1 1.18409E-1 1.00792E-1 9.17719E-2 9.47306E-2 1.02628E-1 1.14718E-1 1.3402E-1 9.76923E-2 7.46266E-2 4.88108E-2 4.28716E-2 4.43612E-2 3.17558E-2 2.66307E-2 4.49119E-2 8.22988E-2 9.75855E-2 5.82699E-2 4.80171E-2 4.86198E-2 3.27267E-2 2.77249E-2 1.96177E-2 1.22821E-2 5.44027E-3 2.48385E-3 1.91001E-3 1.60991E-3 9.71305E-4 1.28891E-3 2.81317E-3 2.26027E-3 8.23705E-4 2.0917E-4 3.25158E-5 5.86756E-6 8.82644E-6 4.51272E-6 8.22096E-7 1.17168E-7 1.36486E-8 1.73994E-9 2.00944E-10 3.47009E-11 9.56074E-12
5.48692E-2 5.02224E-2 2.51369E-2 6.05153E-2 9.37386E-2 7.70658E-2 8.57844E-2 1.02618E-1 9.6625E-2 8.70136E-2 7.29676E-2 6.73778E-2 7.21484E-2 8.70136E-2 9.96662E-2 8.78897E-2 7.16828E-2 7.22775E-2 7.1866E-2 1.00103E-1 8.99234E-2 1.18372E-1 1.03984E-1 8.12819E-2 6.77594E-2 6.41385E-2 5.35484E-2 5.10384E-2 4.98188E-2 6.58159E-2 1.16079E-1 1.40398E-1 7.20818E-2 5.12451E-2 3.96452E-2 4.36578E-2 4.62981E-2 2.2067E-2 1.54712E-2 2.33198E-2 4.8303E-2 5.2905E-2 2.69348E-2 2.11375E-2 3.17048E-2 2.94914E-2 2.41137E-2 1.47092E-2 1.01827E-2 7.33418E-3 5.96265E-3 5.58028E-3 4.05072E-3 1.42182E-3 1.24788E-3 2.1928E-3 1.89771E-3 8.94876E-4 2.64543E-4 5.89188E-5 2.09459E-5 1.54259E-5 5.36825E-6 7.59266E-7 8.34195E-8 1.17474E-8 1.86949E-9 2.70539E-10 6.92803E-11 3.5259E-11
5.81127E-2 5.27519E-2 2.04301E-2 7.10677E-2 6.66064E-2 4.52633E-2 3.92608E-2 4.88667E-2 4.71229E-2 4.05371E-2 3.37664E-2 3.12491E-2 4.88667E-2 7.63207E-2 7.78052E-2 7.19855E-2 5.70727E-2 4.65972E-2 4.43514E-2 4.79432E-2 4.04902E-2 4.16983E-2 5.25647E-2 4.4153E-2 3.69196E-2 3.11047E-2 2.66307E-2 2.95537E-2 2.83398E-2 3.79914E-2 4.54008E-2 3.38252E-2 3.80178E-2 4.59459E-2 3.67342E-2 3.89268E-2 3.75318E-2 3.29445E-2 3.70048E-2 3.77522E-2 3.07378E-2 3.37163E-2 3.00895E-2 4.96857E-2 3.50931E-2 3.16968E-2 2.74048E-2 1.06282E-2 1.01415E-2 1.08493E-2 8.56551E-3 1.06816E-2 1.11916E-2 4.285E-3 2.77799E-3 2.72936E-3 2.0775E-3 1.0283E-3 3.69024E-4 1.08964E-4 3.48264E-5 1.32808E-5 3.69529E-6 4.77697E-7 5.37887E-8 8.87129E-9 2.47979E-9 5.07811E-10 1.91068E-10 7.57544E-11
2.92352E-2 3.18057E-2 3.66684E-2 4.52486E-2 3.38252E-2 3.12433E-2 2.73096E-2 2.31663E-2 1.67064E-2 1.46464E-2 1.15096E-2 1.48641E-2 3.47035E-2 7.05299E-2 7.42965E-2 5.74935E-2 4.06564E-2 2.88412E-2 2.03309E-2 1.87177E-2 1.69756E-2 1.47306E-2 2.08722E-2 1.78212E-2 1.52107E-2 1.28632E-2 1.11081E-2 1.1445E-2 1.3729E-2 1.21086E-2 8.58079E-3 5.21124E-3 6.07624E-3 2.00541E-2 2.90586E-2 2.0656E-2 1.30977E-2 1.15213E-2 9.00711E-3 8.17089E-3 6.00249E-3 8.93957E-3 1.90604E-2 2.92126E-2 3.90507E-2 4.55812E-2 4.25745E-2 2.25173E-2 1.76868E-2 2.25173E-2 8.03435E-3 5.89449E-3 6.50662E-3 5.70236E-3 4.74367E-3 4.285E-3 2.77799E-3 1.41465E-3 5.50378E-4 1.53533E-4 4.37129E-5 1.12338E-5 2.64006E-6 3.74465E-7 3.58491E-8 9.71372E-9 4.47368E-9 1.72809E-9 4.58366E-10 -9999
2.66646E-2 3.44452E-2 3.99269E-2 3.12381E-2 2.44769E-2 2.00803E-2 1.41842E-2 1.03399E-2 6.36653E-3 4.74732E-3 3.75808E-3 1.05248E-2 3.20889E-2 7.19855E-2 8.4099E-2 5.57349E-2 3.40913E-2 2.42217E-2 1.95342E-2 1.22879E-2 9.53691E-3 7.86276E-3 9.74268E-3 8.87006E-3 7.34912E-3 5.67255E-3 4.70709E-3 4.58288E-3 6.1961E-3 5.84868E-3 6.45311E-3 4.49882E-3 4.73405E-3 1.59159E-2 2.31494E-2 7.94207E-3 3.58547E-3 3.03895E-3 1.43364E-3 2.65342E-3 6.2436E-3 8.9281E-3 1.06906E-2 1.31133E-2 1.7351E-2 3.54557E-2 5.42896E-2 3.45245E-2 2.39364E-2 9.03077E-2 1.61857E-2 6.83376E-3 6.29646E-3 5.70236E-3 6.61406E-3 7.90628E-3 5.07384E-3 2.63445E-3 9.1727E-4 1.74325E-4 3.6192E-5 9.41819E-6 2.20892E-6 4.40554E-7 8.34195E-8 2.78074E-8 1.18509E-8 3.77641E-9 5.18872E-10 -9999
3.03019E-2 3.38041E-2 4.26368E-2 4.82808E-2 3.33236E-2 9.85127E-3 6.35947E-3 3.45423E-3 1.71799E-3 1.21621E-3 1.53193E-3 3.41914E-3 1.33933E-2 3.78895E-2 6.48804E-2 4.37117E-2 2.72997E-2 2.03802E-2 1.98135E-2 1.74459E-2 8.87006E-3 5.07319E-3 4.90696E-3 4.82654E-3 3.396E-3 2.12682E-3 1.74414E-3 2.07016E-3 3.00878E-3 4.19932E-3 4.84284E-3 4.59866E-3 2.88888E-3 4.56788E-3 6.31805E-3 2.7031E-3 1.06811E-3 1.40736E-3 1.40635E-3 1.09476E-2 2.09202E-2 9.12079E-3 4.50897E-3 7.05715E-3 1.00339E-2 2.25173E-2 5.10389E-2 6.15116E-2 2.68779E-2 6.29957E-2 5.16763E-2 2.2941E-2 1.03532E-2 5.89449E-3 5.89449E-3 1.32519E-2 1.42946E-2 8.84274E-3 1.10915E-3 1.18786E-4 1.98452E-5 6.22373E-6 2.17098E-6 5.97373E-7 1.70125E-7 6.32382E-8 2.99941E-8 6.98242E-9 4.52547E-10 8.49498E-12
5.79257E-2 5.6337E-2 6.86668E-2 5.64345E-2 3.00162E-2 1.37893E-2 6.1641E-3 1.9803E-3 5.2917E-4 5.17088E-4 9.68151E-4 2.23325E-3 3.55802E-3 9.26406E-3 1.51997E-2 1.47737E-2 1.64691E-2 1.59958E-2 2.01368E-2 2.47434E-2 1.23941E-2 6.0949E-3 3.6096E-3 2.75875E-3 1.68578E-3 8.54539E-4 6.28004E-4 8.99728E-4 1.27894E-3 1.83793E-3 2.35925E-3 1.7616E-3 1.37944E-3 8.38113E-4 1.21441E-3 1.62387E-3 1.80907E-3 2.36274E-3 3.86337E-3 1.49398E-2 1.59456E-2 6.94607E-3 3.982E-3 6.29492E-3 1.42946E-2 1.95904E-2 3.56111E-2 5.18729E-2 2.80176E-2 3.48102E-2 7.24875E-2 4.93518E-2 2.60385E-2 9.87753E-3 3.14133E-3 3.48698E-3 7.1757E-3 1.79687E-3 2.41374E-4 4.50103E-5 1.18705E-5 4.22007E-6 1.8757E-6 6.35392E-7 1.71533E-7 5.68367E-8 2.31938E-8 4.37373E-9 1.61796E-10 -9999
7.89194E-2 8.2948E-2 8.14249E-2 6.36131E-2 3.32836E-2 1.72019E-2 5.07319E-3 1.30928E-3 4.44713E-4 5.29985E-4 8.65847E-4 2.17557E-3 5.10102E-3 8.26035E-3 6.29875E-3 1.90248E-3 2.83838E-3 5.87134E-3 1.72038E-2 3.51242E-2 1.78674E-2 7.34302E-3 3.07171E-3 1.61674E-3 9.20797E-4 5.2573E-4 2.8721E-4 2.5965E-4 2.97871E-4 4.44713E-4 7.95532E-4 6.40105E-4 2.70371E-4 1.44952E-4 3.23834E-4 1.25146E-3 2.92727E-3 3.10839E-3 3.79844E-3 5.35927E-3 4.18677E-3 3.59644E-3 3.48698E-3 5.44027E-3 1.10743E-2 1.28541E-2 2.07562E-2 2.31092E-2 1.7557E-2 2.31092E-2 3.93322E-2 4.34785E-2 4.12944E-2 1.12419E-2 1.44843E-3 8.21661E-4 2.12601E-3 2.6766E-4 6.81162E-5 2.80358E-5 8.735E-6 3.30777E-6 1.53667E-6 4.80068E-7 8.8609E-8 1.53034E-8 3.23368E-9 4.04302E-10 9.30556E-12 -9999
6.28503E-2 6.50627E-2 8.78897E-2 7.80705E-2 4.32759E-2 1.69337E-2 4.74732E-3 1.45334E-3 6.52142E-4 6.6313E-4 1.04849E-3 2.06443E-3 4.4997E-3 6.60634E-3 9.0525E-3 3.51484E-3 1.2316E-3 2.39913E-3 1.03684E-2 2.55053E-2 1.41061E-2 5.61971E-3 2.39453E-3 1.17514E-3 6.06269E-4 4.3176E-4 2.39158E-4 1.82434E-4 2.55032E-4 2.75729E-4 5.77352E-4 6.61095E-4 3.40392E-4 1.54312E-4 2.8682E-4 1.74328E-3 4.79558E-3 5.01492E-3 3.08339E-3 3.72232E-3 4.98939E-3 6.64391E-3 7.94192E-3 1.0898E-2 1.22771E-2 9.26616E-3 9.42147E-3 1.03143E-2 8.66811E-3 1.01539E-2 1.53608E-2 1.7557E-2 1.06055E-2 1.455E-3 7.64575E-5 8.46167E-6 7.31582E-5 1.01094E-4 4.55407E-5 2.18385E-5 4.87583E-6 1.63914E-6 6.66796E-7 1.612E-7 1.59869E-8 1.22812E-9 1.01243E-10 1.00633E-11 -9999 4.26743E-16
4.28716E-2 5.44898E-2 7.22246E-2 8.62325E-2 4.31207E-2 1.48553E-2 4.14995E-3 1.12784E-3 6.43399E-4 5.28163E-4 9.55034E-4 2.44145E-3 6.1976E-3 7.14011E-3 5.49922E-3 3.89377E-3 4.08881E-3 6.17098E-3 7.78426E-3 6.79262E-3 4.8763E-3 1.60996E-3 1.21632E-3 8.41434E-4 7.77459E-4 5.9256E-4 4.4477E-4 4.36026E-4 6.2724E-4 1.40909E-3 3.3183E-3 2.27799E-3 7.26316E-4 3.4891E-4 6.49567E-4 2.83651E-3 4.88317E-3 4.80199E-3 4.12484E-3 3.59644E-3 7.01068E-3 1.11916E-2 1.67628E-2 2.50852E-2 1.45116E-2 1.03998E-2 6.8646E-3 6.604E-3 4.72033E-3 3.47851E-3 5.1499E-3 6.93601E-3 2.15164E-3 1.35093E-4 8.46167E-6 1.21252E-6 2.42316E-6 1.64733E-5 1.727E-5 8.83794E-6 2.13237E-6 5.41524E-7 1.26022E-7 1.6471E-8 1.02092E-9 3.09422E-11 5.38707E-13 7.78435E-15 1.12439E-16 -9999
3.28784E-2 6.20145E-2 6.78525E-2 6.05262E-2 3.38237E-2 1.11429E-2 2.56854E-3 8.57561E-4 4.43636E-4 4.1627E-4 9.21214E-4 2.90631E-3 6.79064E-3 1.38462E-2 1.79358E-2 1.85726E-2 1.15168E-2 8.84359E-3 1.04368E-2 6.06114E-3 2.19198E-3 4.49045E-4 6.01871E-4 8.15069E-4 9.99503E-4 9.97222E-4 7.70266E-4 6.75244E-4 1.18078E-3 2.25574E-3 3.29987E-3 2.12329E-3 1.10972E-3 7.72277E-4 9.90617E-4 1.85316E-3 2.37031E-3 3.0688E-3 4.01785E-3 3.35153E-3 4.6013E-3 5.83237E-3 7.90172E-3 6.95141E-3 9.1763E-3 9.20554E-3 7.14474E-3 5.22161E-3 2.53532E-3 8.34031E-4 1.79998E-3 5.13484E-3 8.94897E-4 -9999 5.00894E-5 1.98873E-5 7.27321E-6 8.83794E-6 6.92573E-6 3.12348E-6 8.12717E-7 1.4502E-7 1.75897E-8 1.23632E-9 3.82943E-11 4.14959E-13 1.48985E-15 9.76325E-19 3.72142E-21 3.65126E-22
6.00395E-2 8.0111E-2 5.05399E-2 2.31663E-2 1.56621E-2 5.53938E-3 1.04506E-3 5.7267E-4 3.22205E-4 3.33205E-4 1.17121E-3 3.78365E-3 1.01959E-2 4.07911E-2 5.17249E-2 3.92703E-2 2.60161E-2 1.77801E-2 1.12419E-2 6.56203E-3 2.98057E-3 1.54954E-3 1.14971E-3 9.80662E-4 1.17502E-3 1.21175E-3 9.71305E-4 6.65912E-4 9.86533E-4 1.78384E-3 2.00377E-3 1.28932E-3 7.23915E-4 4.74621E-4 4.56045E-4 6.01871E-4 9.11396E-4 1.48086E-3 2.27028E-3 2.20493E-3 1.87626E-3 1.97373E-3 3.0469E-3 2.6756E-3 2.30045E-3 3.91374E-3 3.47851E-3 2.11942E-3 1.39057E-3 6.6076E-4 1.5541E-3 2.07539E-3 5.41162E-4 1.35093E-4 4.04331E-4 2.90609E-4 4.2553E-5 1.18043E-5 4.11831E-6 1.30473E-6 2.74532E-7 3.56931E-8 2.73629E-9 1.06165E-10 1.76161E-12 7.23584E-15 9.35228E-18 2.00966E-21 6.08868E-24 8.21055E-25
9.31368E-2 8.55981E-2 3.3384E-2 8.71466E-3 9.94752E-3 3.84528E-3 4.98439E-4 3.27007E-4 3.12438E-4 3.09444E-4 1.62075E-3 7.19398E-3 2.11656E-2 8.46406E-2 9.3998E-2 6.55222E-2 4.27596E-2 2.73456E-2 1.49069E-2 1.03444E-2 6.84008E-3 3.31591E-3 1.39655E-3 1.17785E-3 1.09427E-3 8.36045E-4 3.35178E-4 2.6766E-4 4.8173E-4 1.11983E-3 1.11477E-3 6.35125E-4 3.26839E-4 2.20568E-4 1.64819E-4 1.71732E-4 4.14947E-4 9.82391E-4 1.66545E-3 1.98042E-3 1.64138E-3 1.10041E-3 1.1902E-3 8.34281E-4 7.19667E-4 5.39287E-4 2.95612E-4 3.39885E-4 7.40499E-4 1.15309E-3 1.13155E-3 7.40499E-4 3.91685E-4 4.31408E-4 6.63803E-4 2.51582E-4 5.21265E-5 1.09839E-5 2.80693E-6 6.02862E-7 9.77285E-8 9.36338E-9 5.02284E-10 -9999 1.2398E-13 3.98598E-16 4.74406E-19 3.47682E-22 1.12014E-24 -9999
1.08094E-1 1.02928E-1 5.07131E-2 1.81927E-2 1.32546E-2 6.00249E-3 6.69715E-4 2.02954E-4 4.28407E-4 9.28473E-4 4.40827E-3 1.69337E-2 5.0596E-2 1.28819E-1 1.27533E-1 8.11899E-2 5.60291E-2 4.05791E-2 2.60007E-2 1.90266E-2 1.48093E-2 8.61089E-3 3.81819E-3 2.99282E-3 2.29301E-3 4.85041E-4 5.0036E-5 6.21889E-5 1.20795E-4 2.72268E-4 3.83855E-4 2.14128E-4 1.29443E-4 1.35115E-4 7.13877E-5 4.0136E-5 2.27416E-4 9.55034E-4 1.74209E-3 2.49643E-3 2.0617E-3 1.17732E-3 6.36953E-4 2.70385E-4 1.45816E-4 8.25293E-5 1.93021E-5 4.4277E-5 1.91116E-4 4.27262E-4 3.77481E-4 1.45119E-4 4.41235E-5 4.91976E-5 5.33088E-5 3.79844E-5 1.85345E-5 7.23264E-6 1.51659E-6 3.51198E-7 4.1291E-8 3.27873E-9 1.38834E-10 1.63773E-12 2.09166E-14 -9999 5.24607E-20 1.84914E-22 5.14423E-25 -9999
1.21867E-1 1.27707E-1 1.1822E-1 8.66624E-2 5.1572E-2 1.6599E-2 1.14115E-3 1.2884E-4 3.06128E-4 1.30097E-3 7.61109E-3 3.03974E-2 6.4102E-2 1.30019E-1 1.11823E-1 7.10634E-2 5.91144E-2 5.29601E-2 3.3789E-2 2.33041E-2 2.64705E-2 2.36628E-2 1.41662E-2 9.62417E-3 7.21231E-3 1.16065E-3 1.3167E-4 6.39491E-5 5.68775E-5 6.21889E-5 7.05946E-5 6.5492E-5 5.54394E-5 6.94233E-5 5.15648E-5 2.43001E-5 1.96577E-4 1.17234E-3 2.75875E-3 4.30394E-3 2.6442E-3 1.23545E-3 5.4174E-4 1.73724E-4 9.14476E-5 3.46703E-5 1.32524E-5 2.02297E-5 6.94934E-5 1.51885E-4 1.68395E-4 6.06397E-5 5.4884E-6 -9999 1.08636E-6 4.75617E-6 6.8871E-6 4.09534E-6 1.0523E-6 2.02639E-7 -9999 1.6977E-9 6.39337E-11 5.42303E-13 -9999 -9999 -9999 -9999 -9999 -9999
1.75613E-1 1.58996E-1 1.35772E-1 1.13707E-1 9.46284E-2 2.4454E-2 2.72181E-3 2.21284E-4 2.4203E-5 3.63282E-4 7.54032E-3 3.73503E-2 7.87688E-2 9.667E-2 7.69934E-2 4.96538E-2 4.21873E-2 3.51082E-2 2.10575E-2 1.69387E-2 2.53294E-2 2.60484E-2 1.62009E-2 9.77667E-3 5.92255E-3 2.21142E-3 6.27096E-4 1.75059E-4 5.5263E-5 1.89092E-5 1.79241E-5 2.98598E-5 4.24295E-5 6.8579E-5 8.69777E-5 9.77252E-5 3.35958E-4 1.56323E-3 3.11807E-3 3.8881E-3 3.13379E-3 1.1268E-3 4.49441E-4 1.71763E-4 8.41877E-5 3.07319E-5 1.52423E-5 1.72082E-5 4.44076E-5 9.63374E-5 -9999 -9999 -9999 -9999 -9999 3.89539E-6 -9999 -9999 1.0523E-6 -9999 -9999 -9999 -9999 -9999 -9999 -9999 -9999 -9999 -9999 -9999
2.49906E-1 1.58104E-1 7.67469E-2 7.44082E-2 6.65937E-2 1.52124E-2 3.65319E-3 1.87138E-4 2.17016E-5 3.26705E-4 9.71599E-3 5.7879E-2 1.00845E-1 7.18888E-2 4.88985E-2 2.94494E-2 2.19433E-2 1.73502E-2 1.05524E-2 6.96568E-3 8.94863E-3 1.00249E-2 6.84008E-3 4.35975E-3 3.43332E-3 3.03263E-3 2.2096E-3 5.14308E-4 8.14509E-5 1.39336E-5 1.08697E-5 2.6157E-5 8.3672E-5 9.64254E-5 1.44038E-4 2.67496E-4 6.23049E-4 1.54307E-3 2.89568E-3 3.16232E-3 2.17879E-3 8.3087E-4 3.84325E-4 1.8953E-4 7.85685E-5 3.7542E-5 2.15399E-5 2.07704E-5 -9999 -9999 -9999 -9999 -9999 -9999 -9999 -9999 -9999 -9999 -9999 -9999 -9999 -9999 -9999 -9999 -9999 -9999 -9999 -9999 -9999 -9999
1.58819E-1 9.74439E-2 4.49832E-2 3.0738E-2 1.71683E-2 4.33656E-3 9.15373E-4 1.27185E-4 8.42007E-5 1.47808E-3 1.30545E-2 2.28396E-2 3.08372E-2 3.68315E-2 3.44641E-2 1.79112E-2 1.28474E-2 1.21114E-2 6.31335E-3 3.01648E-3 2.15164E-3 2.04914E-3 2.09044E-3 1.91189E-3 2.16725E-3 3.36781E-3 4.08512E-3 1.09575E-3 2.14066E-4 5.83039E-5 3.5814E-5 6.39753E-5 1.02736E-4 2.01106E-4 3.91685E-4 8.15707E-4 1.50132E-3 2.27089E-3 2.52978E-3 2.18071E-3 1.30097E-3 6.11476E-4 3.33034E-4 1.81873E-4 9.42597E-5 5.31804E-5 3.7025E-5 -9999 -9999 -9999 -9999 -9999 -9999 -9999 -9999 -9999 -9999 -9999 -9999 -9999 -9999 -9999 -9999 -9999 -9999 -9999 -9999 -9999 -9999 -9999
9.84836E-2 5.71049E-2 2.56867E-2 1.23385E-2 4.91764E-3 1.09427E-3 2.57773E-4 9.39328E-5 1.03837E-4 1.24159E-3 5.18292E-3 3.00605E-3 4.62517E-3 2.03143E-2 3.81878E-2 3.06102E-2 1.65491E-2 6.09709E-3 2.12453E-3 1.26294E-3 1.00351E-3 8.5024E-4 7.45878E-4 9.2202E-4 1.5629E-3 2.54965E-3 2.69216E-3 1.3484E-3 4.84898E-4 2.13374E-4 1.42473E-4 1.54694E-4 2.47679E-4 5.35365E-4 1.00334E-3 2.15797E-3 3.55452E-3 3.66392E-3 2.5091E-3 1.20741E-3 7.12075E-4 3.40276E-4 2.21936E-4 1.49043E-4 1.00921E-4 6.96614E-5 5.94768E-5 -9999 -9999 -9999 -9999 -9999 -9999 -9999 -9999 -9999 -9999 -9999 -9999 -9999 -9999 -9999 -9999 -9999 -9999 -9999 -9999 -9999 -9999 -9999
6.43907E-2 3.32775E-2 1.37129E-2 5.35532E-3 2.09327E-3 7.76409E-4 2.46848E-4 1.16691E-4 1.52076E-4 5.75729E-4 1.455E-3 1.7491E-3 3.68921E-3 1.57728E-2 4.02366E-2 4.08988E-2 1.91692E-2 3.98148E-3 1.43898E-3 9.0856E-4 8.41433E-4 7.26258E-4 4.72253E-4 6.60453E-4 1.27211E-3 1.87741E-3 2.02055E-3 1.45258E-3 8.89284E-4 5.35569E-4 3.96439E-4 4.04516E-4 5.54938E-4 9.57804E-4 1.82967E-3 4.17672E-3 8.57627E-3 5.17894E-3 2.0815E-3 7.006E-4 2.1286E-4 1.33616E-4 1.25282E-4 1.20519E-4 9.91741E-5 8.49476E-5 8.8539E-5 1.00921E-4 -9999 -9999 -9999 -9999 -9999 -9999 -9999 -9999 -9999 -9999 -9999 -9999 -9999 -9999 -9999 -9999 -9999 -9999 -9999 -9999 -9999 -9999
3.6196E-2 1.45685E-2 5.00112E-3 2.29045E-3 1.47976E-3 8.71653E-4 3.44011E-4 1.30397E-4 1.28189E-4 2.78912E-4 6.90208E-4 1.33045E-3 2.91394E-3 8.20108E-3 1.61857E-2 1.90291E-2 1.55391E-2 3.8847E-3 1.17363E-3 8.70444E-4 1.10297E-3 1.7412E-3 1.7491E-3 1.46591E-3 1.64637E-3 1.81017E-3 1.87741E-3 1.68421E-3 1.3484E-3 1.09575E-3 9.2202E-4 1.0124E-3 1.09575E-3 1.45989E-3 2.27197E-3 3.88193E-3 7.64564E-3 4.44287E-3 1.47655E-3 4.03968E-4 1.24914E-4 8.08632E-5 9.84586E-5 1.03582E-4 1.12962E-4 1.07972E-4 1.20002E-4 1.5515E-4 -9999 -9999 -9999 -9999 -9999 -9999 -9999 -9999 -9999 -9999 -9999 -9999 -9999 -9999 -9999 -9999 -9999 -9999 -9999 -9999 -9999 -9999
1.72101E-2 3.67965E-3 9.2202E-4 1.22298E-3 1.50618E-3 1.39959E-3 4.74928E-4 8.8753E-5 5.38228E-5 1.08964E-4 2.7005E-4 6.82572E-4 1.76422E-3 3.80309E-3 6.39904E-3 6.43809E-3 5.21215E-3 3.46599E-3 1.12397E-3 7.47939E-4 8.72421E-4 4.80007E-3 7.81512E-3 4.56325E-3 2.68048E-3 1.97995E-3 1.94696E-3 1.81166E-3 1.77165E-3 1.86324E-3 2.16171E-3 2.58601E-3 2.37989E-3 1.88147E-3 1.67859E-3 1.73242E-3 2.89096E-3 2.51571E-3 1.08958E-3 3.10218E-4 1.05999E-4 9.51518E-5 1.13115E-4 1.25821E-4 1.4328E-4 1.59165E-4 1.72919E-4 -9999 -9999 -9999 -9999 -9999 -9999 -9999 -9999 -9999 -9999 -9999 -9999 -9999 -9999 -9999 -9999 -9999 -9999 -9999 -9999 -9999 -9999 -9999
1.07448E-2 2.20662E-3 5.90691E-4 8.71653E-4 1.34547E-3 1.27383E-3 2.58122E-4 2.18181E-5 1.14449E-5 3.05546E-5 8.82091E-5 2.77524E-4 8.28166E-4 1.55732E-3 3.77797E-3 7.42653E-3 1.48382E-2 6.47194E-3 1.11412E-3 5.26338E-4 7.82807E-4 6.54441E-3 1.37762E-2 8.55577E-3 3.80165E-3 2.16725E-3 2.13316E-3 2.32874E-3 2.48519E-3 2.47968E-3 2.90103E-3 3.80758E-3 3.85206E-3 3.02357E-3 2.0252E-3 1.13155E-3 1.39844E-3 1.50415E-3 8.55056E-4 3.37455E-4 1.26103E-4 1.23165E-4 1.5956E-4 1.81113E-4 2.09636E-4 2.42236E-4 -9999 -9999 -9999 -9999 -9999 -9999 -9999 -9999 -9999 -9999 -9999 -9999 -9999 -9999 -9999 -9999 -9999 -9999 -9999 -9999 -9999 -9999 -9999 -9999
1.23522E-2 4.22722E-3 1.90931E-3 1.62159E-3 1.6517E-3 7.19011E-4 8.33731E-5 5.40171E-6 3.97087E-6 9.91915E-6 2.81931E-5 7.35462E-5 1.69552E-4 2.34581E-4 1.08521E-3 4.19552E-3 7.53521E-3 4.15683E-3 9.32761E-4 5.2666E-4 9.82391E-4 1.29117E-2 2.15802E-2 1.57038E-2 6.32185E-3 2.88611E-3 2.93738E-3 3.08688E-3 2.51026E-3 3.31385E-3 3.11227E-3 3.88663E-3 4.42036E-3 4.22796E-3 3.0688E-3 2.3784E-3 2.33625E-3 1.94433E-3 1.13796E-3 5.7964E-4 2.37844E-4 1.96882E-4 2.80648E-4 3.10894E-4 3.37077E-4 3.43545E-4 -9999 -9999 -9999 -9999 -9999 -9999 -9999 -9999 -9999 -9999 -9999 -9999 -9999 -9999 -9999 -9999 -9999 -9999 -9999 -9999 -9999 -9999 -9999 -9999
1.93483E-2 8.74944E-3 6.00839E-3 5.51933E-3 4.08968E-3 5.57196E-4 5.98139E-5 9.01663E-6 4.59451E-6 5.57799E-6 1.05208E-5 1.66707E-5 1.30614E-5 3.31273E-5 7.70046E-5 2.12867E-4 3.78368E-4 7.72269E-4 9.64462E-4 1.48928E-3 6.94339E-3 3.04203E-2 4.29238E-2 2.54199E-2 1.3302E-2 6.61986E-3 4.80071E-3 3.95367E-3 4.09908E-3 3.45423E-3 3.54918E-3 3.7698E-3 5.45343E-3 5.99274E-3 5.13367E-3 4.60677E-3 4.12019E-3 3.16817E-3 2.24969E-3 1.37378E-3 8.23664E-4 5.91352E-4 6.0293E-4 6.0293E-4 5.56737E-4 -9999 -9999 -9999 -9999 -9999 -9999 -9999 -9999 -9999 -9999 -9999 -9999 -9999 -9999 -9999 -9999 -9999 -9999 -9999 -9999 -9999 -9999 -9999 -9999 -9999
2.83726E-2 1.52778E-2 1.19644E-2 8.752E-3 2.74026E-3 4.13209E-4 5.8493E-5 1.17575E-5 5.4884E-6 5.33282E-6 8.52552E-6 1.26512E-5 1.72158E-5 3.84235E-5 9.53186E-5 1.63383E-4 3.54361E-4 5.09273E-4 6.55953E-4 1.65262E-3 1.38692E-2 5.18729E-2 8.42125E-2 4.37461E-2 1.93839E-2 8.23622E-3 5.48728E-3 3.01285E-3 4.46809E-3 3.25242E-3 3.00403E-3 5.68833E-3 9.14001E-3 9.53423E-3 8.63831E-3 7.90172E-3 7.01068E-3 6.0198E-3 4.76089E-3 3.50103E-3 2.59539E-3 1.91189E-3 1.39844E-3 9.77727E-4 -9999 -9999 -9999 -9999 -9999 -9999 -9999 -9999 -9999 -9999 -9999 -9999 -9999 -9999 -9999 -9999 -9999 -9999 -9999 -9999 -9999 -9999 -9999 -9999 -9999 -9999
4.29013E-2 3.76715E-2 3.03876E-2 1.12586E-2 1.6519E-3 2.32949E-4 5.5934E-5 1.60683E-5 7.39845E-6 5.76653E-6 1.04523E-5 2.34689E-5 5.27356E-5 1.27289E-4 1.7533E-4 2.93632E-4 4.94057E-4 6.15994E-4 7.08497E-4 1.375E-3 3.93785E-3 1.54044E-2 4.9515E-2 3.29946E-2 1.00197E-2 4.48271E-3 5.78729E-3 6.2436E-3 6.48953E-3 4.05718E-3 4.44828E-3 9.56545E-3 1.37219E-2 1.44649E-2 1.40344E-2 1.27195E-2 1.2381E-2 -9999 -9999 6.96568E-3 -9999 -9999 -9999 -9999 -9999 -9999 -9999 -9999 -9999 -9999 -9999 -9999 -9999 -9999 -9999 -9999 -9999 -9999 -9999 -9999 -9999 -9999 -9999 -9999 -9999 -9999 -9999 -9999 -9999 -9999
3.97147E-2 5.51673E-2 6.68468E-2 3.2498E-2 1.87521E-3 2.42279E-4 7.98575E-5 2.24063E-5 9.48735E-6 7.58151E-6 1.48032E-5 3.68281E-5 8.42955E-5 1.63383E-4 3.07718E-4 5.00789E-4 6.621E-4 6.18961E-4 6.81752E-4 9.34067E-4 9.97352E-4 3.28129E-3 1.85547E-2 5.72496E-3 1.30493E-3 3.32247E-3 2.86125E-3 8.04799E-3 8.77811E-3 7.30328E-3 8.2083E-3 9.74965E-3 1.45346E-2 2.05396E-2 2.06691E-2 2.15802E-2 2.00804E-2 1.76496E-2 -9999 -9999 -9999 -9999 -9999 -9999 -9999 -9999 -9999 -9999 -9999 -9999 -9999 -9999 -9999 -9999 -9999 -9999 -9999 -9999 -9999 -9999 -9999 -9999 -9999 -9999 -9999 -9999 -9999 -9999 -9999 -9999
8.3284E-2 1.56581E-1 1.21366E-1 6.52469E-2 8.71634E-3 1.13455E-3 2.05051E-4 3.40078E-5 1.07487E-5 7.63661E-6 1.70688E-5 4.84902E-5 1.04195E-4 2.3281E-4 4.53752E-4 5.59688E-4 6.66874E-4 7.20431E-4 6.33228E-4 6.5826E-4 6.88173E-4 8.70163E-4 3.91872E-3 1.14683E-3 5.89902E-4 2.64571E-3 5.43675E-3 5.23612E-3 9.12079E-3 9.61734E-3 8.34229E-3 1.06659E-2 1.98574E-2 2.61402E-2 2.81124E-2 3.01095E-2 2.88973E-2 -9999 -9999 -9999 -9999 -9999 -9999 -9999 -9999 -9999 -9999 -9999 -9999 -9999 -9999 -9999 -9999 -9999 -9999 -9999 -9999 -9999 -9999 -9999 -9999 -9999 -9999 -9999 -9999 -9999 -9999 -9999 -9999 -9999
9.85748E-2 1.56433E-1 1.46807E-1 7.04573E-2 1.70525E-2 2.87074E-3 3.9679E-4 4.89245E-5 9.75991E-6 7.46233E-6 1.5554E-5 6.64243E-5 1.44864E-4 2.72374E-4 5.64217E-4 6.12759E-4 6.24805E-4 6.0093E-4 4.87721E-4 4.33039E-4 3.7919E-4 4.27444E-4 4.59152E-4 2.99079E-4 4.00488E-4 1.59476E-3 5.12577E-3 4.58293E-3 9.61442E-3 1.22619E-2 1.05263E-2 1.06686E-2 2.59677E-2 3.19542E-2 3.51409E-2 -9999 -9999 -9999 -9999 -9999 -9999 -9999 -9999 -9999 -9999 -9999 -9999 -9999 -9999 -9999 -9999 -9999 -9999 -9999 -9999 -9999 -9999 -9999 -9999 -9999 -9999 -9999 -9999 -9999 -9999 -9999 -9999 -9999 -9999 -9999
