KUENM/Final_Models/M_0.1_F_lq_Set_2_NE/sp1_se_asia_avg.asc
ncols         320
nrows         243
xllcorner     44.0
yllcorner     -0.666666666666667
cellsize      0.166666666666667
NODATA_value  -9999
[rows 31 to 61 of 243, columns 70 to 139 of 320]
1.44729E-2 1.49592E-2 1.47788E-2 1.49592E-2 1.49592E-2 1.42985E-2 1.41258E-2 1.30466E-2 7.72729E-3 5.38139E-3 1.0297E-2 1.16254E-2 1.10655E-2 7.88736E-3 6.42062E-3 5.50498E-3 6.6645E-3 8.67431E-3 1.07549E-2 1.13684E-2 1.13975E-2 1.15404E-2 1.1425E-2 1.11831E-2 1.00214E-2 4.62185E-3 7.0357E-3 4.9137E-3 2.00017E-3 6.26994E-3 1.05879E-2 1.21939E-2 1.10423E-2 1.15884E-2 1.07382E-2 7.28883E-3 5.14099E-3 3.67622E-3 2.48623E-3 6.57782E-4 6.74138E-4 2.11165E-4 1.42168E-4 2.41663E-5 5.88239E-6 8.68162E-6 7.78052E-6 3.30553E-6 1.61331E-6 1.17453E-6 3.58327E-7 4.30701E-7 1.45599E-7 5.41062E-7 8.1032E-7 1.45724E-6 1.6286E-6 2.27025E-6 1.24271E-6 9.33204E-7 1.25405E-6 7.49835E-7 3.3662E-7 2.24171E-7 1.35051E-7 6.80551E-8 4.39724E-8 1.16171E-7 3.22857E-8 3.67169E-8
1.46512E-2 1.46512E-2 1.46512E-2 1.46512E-2 1.40146E-2 1.33997E-2 1.43637E-2 1.32885E-2 9.45605E-3 6.19863E-3 1.10738E-2 1.13461E-2 1.05481E-2 5.4001E-3 1.5799E-3 1.58691E-3 3.19157E-3 5.96547E-3 8.40786E-3 1.00917E-2 1.06695E-2 1.12735E-2 1.21412E-2 8.32541E-3 1.04843E-2 1.28339E-2 1.01277E-2 1.06728E-2 5.55469E-3 4.66507E-3 8.57522E-3 9.35955E-3 8.5225E-3 1.0332E-2 1.37938E-2 1.21539E-2 1.06189E-2 8.90364E-3 7.2376E-3 5.06495E-3 4.38206E-3 1.94293E-3 1.20916E-4 7.78052E-6 6.96827E-5 4.60805E-4 1.40772E-4 1.46492E-5 2.17344E-6 3.52764E-6 3.60103E-6 1.30483E-6 1.02462E-6 9.65784E-7 7.29635E-7 1.2022E-6 1.19149E-6 4.33962E-7 5.04555E-7 2.79666E-7 2.58009E-7 1.67619E-7 1.19034E-7 1.12836E-7 7.44327E-8 1.1303E-7 1.06873E-7 9.40888E-8 1.78017E-7 7.69297E-8
1.52215E-2 1.50339E-2 1.50339E-2 1.42145E-2 1.08411E-2 7.75792E-3 1.11156E-2 1.07424E-2 7.47006E-3 7.84971E-3 1.20063E-2 1.14742E-2 9.68402E-3 6.80101E-3 2.71667E-3 1.20212E-3 7.00171E-4 3.19157E-3 5.32239E-3 5.19099E-3 5.95903E-3 9.59541E-3 1.19748E-2 8.52813E-3 6.46971E-3 1.50642E-2 1.64675E-2 1.60102E-2 1.46723E-2 1.29757E-2 1.04219E-2 8.54448E-3 1.0925E-2 1.08675E-2 1.08003E-2 7.48887E-3 4.9082E-3 8.62809E-3 1.14269E-2 9.79643E-3 7.43183E-3 5.62842E-3 2.70911E-3 1.84945E-3 9.21929E-4 3.51687E-5 5.20302E-6 7.5733E-6 4.75184E-6 4.21253E-6 1.57471E-6 3.28495E-7 2.7289E-7 3.25792E-7 2.12549E-7 2.32293E-7 2.28535E-7 2.47702E-7 4.1587E-7 2.95743E-7 2.75143E-7 2.23066E-7 3.82465E-7 5.35364E-7 2.79428E-7 2.54588E-7 1.97521E-7 3.55157E-7 1.36273E-7 4.21269E-7
1.53937E-2 1.45655E-2 1.43838E-2 1.30208E-2 8.95025E-3 3.51E-3 7.28459E-3 7.94987E-3 5.34024E-3 9.67207E-3 1.18276E-2 1.06608E-2 8.34709E-3 6.55958E-3 4.60181E-3 2.92165E-3 6.3738E-4 3.14507E-4 1.47601E-3 2.05116E-3 2.57235E-3 4.77482E-3 8.15723E-3 1.01204E-2 8.71759E-3 1.50935E-2 1.58584E-2 1.92433E-2 2.01754E-2 1.95802E-2 1.96897E-2 1.79376E-2 1.35307E-2 1.19922E-2 6.92594E-3 2.29164E-3 4.33498E-3 6.4898E-3 4.5619E-3 3.14107E-3 1.29448E-3 3.20172E-4 7.23167E-5 2.38483E-5 3.3423E-5 1.43149E-5 5.6986E-6 9.48599E-6 2.70423E-6 1.25209E-6 6.76765E-7 5.89587E-7 3.79302E-7 4.04067E-7 3.12578E-7 3.02263E-7 5.76215E-7 4.19447E-7 3.38634E-7 6.23662E-7 8.55006E-7 3.31178E-7 4.14332E-7 1.40592E-6 9.8386E-7 5.67387E-7 1.68701E-7 1.15382E-7 4.95317E-7 1.00947E-6
1.48929E-2 1.47057E-2 1.40952E-2 1.26957E-2 6.66354E-3 5.16145E-3 9.03569E-3 4.888E-3 2.53284E-3 6.67009E-3 1.1255E-2 1.05301E-2 8.14504E-3 5.25152E-3 3.96034E-3 4.01907E-3 2.81525E-3 9.16485E-4 7.16361E-4 2.29674E-3 2.83918E-3 2.01074E-3 4.44988E-3 7.46575E-3 8.06671E-3 1.22793E-2 1.06695E-2 1.47647E-2 1.95822E-2 2.02398E-2 1.55E-2 1.693E-2 1.28339E-2 6.86241E-3 4.16487E-3 4.2945E-3 5.06476E-3 3.75914E-3 1.69126E-3 5.4989E-4 3.22542E-4 8.16297E-5 9.32475E-6 4.39348E-6 5.09568E-6 7.98798E-6 1.16359E-5 5.01186E-6 8.20451E-7 6.82354E-7 4.67827E-7 3.55934E-7 3.00639E-7 5.41594E-7 6.29123E-7 7.17601E-7 3.66824E-7 5.00253E-7 2.77399E-7 3.44338E-7 2.22235E-6 7.83047E-7 7.83047E-7 3.05579E-6 2.72014E-7 3.24966E-7 2.27767E-7 4.11186E-7 1.79288E-6 8.17237E-7
1.42085E-2 1.43913E-2 1.25085E-2 9.19364E-3 7.97901E-3 1.26064E-2 1.58305E-2 1.11817E-2 2.58578E-3 2.07143E-3 8.54959E-3 9.89656E-3 7.7533E-3 6.35248E-3 4.58331E-3 4.54677E-3 4.45371E-3 3.49781E-3 1.48566E-3 7.6006E-4 1.99733E-3 2.50381E-3 3.77283E-3 5.57005E-3 3.43914E-3 3.55633E-3 1.03997E-2 1.12037E-2 1.70867E-2 1.89794E-2 1.66117E-2 1.75586E-2 1.18791E-2 6.0094E-3 6.75312E-3 7.46424E-3 4.66858E-3 2.79806E-3 1.29317E-3 1.24201E-3 4.2915E-4 1.15546E-4 5.81881E-5 1.04005E-5 1.03079E-5 3.11071E-6 1.08576E-6 6.56026E-7 1.50917E-6 7.74169E-7 1.8295E-6 1.60424E-6 1.24573E-6 4.04067E-7 5.41594E-7 6.23662E-7 4.30302E-7 1.25405E-6 1.93801E-6 4.19519E-6 4.65959E-6 5.02606E-7 2.39108E-6 1.00593E-5 9.8236E-7 4.61581E-6 1.44056E-5 4.35936E-6 3.18244E-7 7.42556E-8
1.50422E-2 1.32788E-2 9.89594E-3 4.59599E-3 4.77822E-3 1.40277E-2 1.85707E-2 1.67283E-2 7.92427E-3 7.58741E-4 4.30483E-3 7.01752E-3 5.39026E-3 5.36917E-3 5.47725E-3 5.22047E-3 4.906E-3 3.75293E-3 4.36831E-3 2.29537E-3 1.10106E-3 1.68118E-3 2.11489E-3 1.80031E-3 4.15786E-3 4.73316E-3 9.49867E-3 1.36186E-2 1.65448E-2 1.81611E-2 1.77107E-2 1.72801E-2 1.39674E-2 1.06695E-2 9.20564E-3 6.87697E-3 4.78529E-3 3.00665E-3 2.33804E-3 1.9057E-3 6.85514E-4 1.46186E-4 9.4035E-5 6.93062E-5 5.59904E-6 3.19347E-6 8.48267E-6 2.48099E-5 2.21621E-5 1.26336E-5 3.84053E-6 2.76749E-6 1.45724E-6 1.44429E-6 8.11418E-7 4.0747E-7 1.33549E-6 1.57585E-6 1.94063E-5 5.22491E-5 1.62878E-5 7.93791E-7 2.20646E-5 8.16595E-5 3.21711E-5 1.98905E-5 1.19065E-6 1.20959E-7 1.26658E-7 5.90999E-7
1.42875E-2 1.07468E-2 7.12819E-3 3.37388E-3 4.59599E-3 1.2191E-2 1.74177E-2 1.83355E-2 1.10398E-2 2.1454E-3 2.17272E-3 5.62996E-3 5.54474E-3 4.36931E-3 5.1243E-3 5.47725E-3 5.58127E-3 4.81017E-3 5.33615E-3 4.51845E-3 2.57968E-3 1.28872E-3 8.74454E-4 5.54466E-4 1.15248E-3 5.86322E-4 1.52706E-3 8.70676E-3 1.59974E-2 1.85638E-2 1.71502E-2 1.47052E-2 1.28163E-2 1.09048E-2 8.87255E-3 6.5297E-3 3.95236E-3 3.06185E-3 3.73316E-3 3.73316E-3 2.97416E-3 1.60317E-3 4.74636E-4 1.38867E-4 9.80342E-5 2.58333E-4 1.95453E-4 5.22491E-5 6.63223E-6 1.55193E-5 1.03559E-5 3.45812E-6 6.56913E-7 8.1855E-7 1.80924E-6 2.51457E-6 7.50546E-6 4.43849E-6 1.72173E-5 2.54517E-5 1.90276E-4 2.39665E-6 4.03071E-5 2.81864E-4 2.89179E-5 9.16218E-6 2.35475E-6 4.7064E-7 7.51318E-7 3.53073E-7
1.33611E-2 1.09412E-2 5.99589E-3 5.93234E-3 6.55063E-3 9.57775E-3 1.63253E-2 1.90315E-2 1.69653E-2 9.23397E-3 3.07636E-3 5.14222E-3 7.37998E-3 6.48813E-3 6.3937E-3 5.87805E-3 5.31612E-3 4.73077E-3 4.81017E-3 4.06748E-3 3.14064E-3 1.43464E-3 6.14289E-4 2.59467E-4 4.40551E-4 3.36318E-4 5.60722E-4 1.42636E-3 1.11521E-2 1.52656E-2 1.35591E-2 1.2452E-2 1.16859E-2 9.72552E-3 7.18682E-3 6.45029E-3 4.30185E-3 4.09856E-3 4.56466E-3 4.89637E-3 2.83402E-3 1.31558E-3 7.1106E-4 9.82115E-4 4.59795E-4 7.34478E-4 2.89605E-4 1.68062E-4 3.37082E-4 1.16888E-4 4.25753E-5 1.16915E-5 1.57585E-6 1.31185E-6 1.99158E-6 5.58629E-6 2.15244E-5 1.40175E-5 6.26322E-5 4.4717E-4 1.64597E-4 3.65762E-5 3.15341E-4 8.33762E-5 5.40135E-6 3.97149E-7 6.30048E-7 9.0328E-7 4.12451E-7 2.86495E-7
1.14725E-2 1.17756E-2 8.97673E-3 6.61576E-3 5.0967E-3 5.71586E-3 1.2243E-2 1.69768E-2 1.95243E-2 1.76265E-2 3.29847E-3 3.90421E-3 9.9639E-3 9.9957E-3 9.10233E-3 5.59493E-3 5.34444E-3 3.0992E-3 1.89808E-3 1.86934E-3 2.31222E-3 9.57976E-4 4.89305E-4 5.26014E-4 1.02747E-3 1.17717E-3 1.52049E-3 8.3531E-4 7.17764E-3 1.32573E-2 1.17577E-2 1.21943E-2 1.17418E-2 8.55118E-3 7.57026E-3 5.1339E-3 3.16556E-3 3.49064E-3 5.19427E-3 2.71242E-3 1.8576E-3 2.63656E-3 2.45905E-3 6.37253E-4 4.39411E-4 3.23005E-4 1.33324E-3 4.04446E-4 4.34711E-5 3.50116E-5 5.07815E-6 1.06449E-6 1.34741E-6 4.35629E-6 2.60819E-5 1.82635E-4 2.33079E-4 8.9024E-6 2.94995E-4 1.64067E-3 2.34388E-4 3.38155E-4 1.0599E-4 2.18022E-5 2.85156E-6 2.43689E-6 5.45031E-6 5.57564E-7 6.50153E-7 1.044E-6
6.27805E-3 1.22877E-2 9.57781E-3 5.99589E-3 3.76896E-3 3.91959E-3 1.02203E-2 1.3109E-2 1.38489E-2 1.67283E-2 1.2768E-2 1.03958E-2 1.36026E-2 1.25305E-2 1.20355E-2 1.02727E-2 8.78404E-3 6.53395E-3 2.6546E-3 3.40914E-3 3.57757E-3 2.65257E-3 2.00784E-3 5.52431E-4 2.58616E-4 1.32692E-3 2.67958E-3 3.29552E-3 6.96606E-3 1.06829E-2 1.51414E-2 1.3828E-2 1.12133E-2 8.41176E-3 8.41176E-3 7.46744E-3 5.92827E-3 5.50713E-3 4.82755E-3 4.07408E-3 5.06247E-3 3.84466E-3 5.0149E-3 4.90663E-3 2.93297E-3 1.54214E-3 1.35036E-3 1.10261E-4 2.64735E-5 6.20453E-6 3.3629E-6 1.75704E-5 1.33149E-5 3.46033E-5 5.68081E-4 5.27475E-4 7.537E-5 4.64326E-5 2.36605E-3 3.98218E-3 6.24279E-4 6.20013E-5 2.76584E-4 8.35858E-5 3.31696E-5 3.40837E-5 4.63687E-6 2.53579E-7 2.06413E-6 2.32847E-5
6.50471E-3 9.20928E-3 7.86829E-3 6.61576E-3 5.85555E-3 6.23512E-3 9.33332E-3 1.23489E-2 1.25085E-2 1.34504E-2 1.58305E-2 1.73784E-2 1.55306E-2 1.27763E-2 1.29379E-2 1.14968E-2 1.10131E-2 8.89334E-3 6.4542E-3 5.15732E-3 1.29845E-3 6.31205E-4 8.7362E-4 1.03489E-3 4.61833E-4 3.47046E-4 2.65257E-3 3.53482E-3 6.21841E-3 1.16147E-2 1.4541E-2 1.56906E-2 1.32885E-2 9.69144E-3 6.96933E-3 7.54056E-3 8.2542E-3 5.85174E-3 5.03297E-3 9.69144E-3 9.69108E-3 8.53639E-3 7.86696E-3 4.67155E-3 4.36831E-3 3.02134E-3 1.9294E-3 4.18637E-4 2.48691E-4 3.1899E-5 3.8414E-5 5.72462E-5 9.10362E-5 7.18799E-4 2.15122E-3 7.76337E-4 1.81381E-4 1.79881E-4 3.43438E-3 2.35717E-3 5.05183E-4 1.79205E-3 9.82924E-4 3.58841E-4 3.0199E-5 2.60615E-6 1.24365E-6 9.22244E-7 1.52595E-5 6.54248E-5
5.34171E-3 9.93772E-3 8.91787E-3 6.85493E-3 7.91056E-3 6.08855E-3 7.67606E-3 1.09671E-2 9.70202E-3 5.72618E-3 8.31726E-3 1.62376E-2 1.64445E-2 1.30208E-2 1.27763E-2 1.1354E-2 9.21645E-3 9.44832E-3 7.46192E-3 5.18758E-3 3.56095E-3 2.6546E-3 8.81872E-4 7.42908E-4 9.98667E-4 7.51767E-4 2.28992E-3 2.92361E-3 3.02921E-3 9.45605E-3 1.52215E-2 1.68785E-2 1.21865E-2 7.09033E-3 8.25717E-3 1.09776E-2 1.02179E-2 9.74792E-3 1.07977E-2 1.05724E-2 9.79297E-3 8.35654E-3 6.43061E-3 4.63916E-3 2.25772E-3 1.60881E-3 8.3552E-4 8.45283E-4 3.00613E-4 2.30449E-4 2.23173E-4 1.11452E-4 6.19635E-4 1.92826E-3 3.80034E-3 1.48164E-3 1.10887E-3 1.77013E-3 9.28276E-3 3.33649E-3 5.28895E-3 4.77133E-3 1.10795E-3 5.56001E-5 1.87002E-6 2.879E-5 7.65405E-5 1.06595E-4 1.90868E-4 7.22959E-5
6.33549E-3 1.01153E-2 1.08463E-2 8.6849E-3 9.21313E-3 9.95899E-3 7.94748E-3 1.07606E-2 9.63017E-3 4.70448E-3 3.17537E-3 1.49517E-2 1.71244E-2 1.50822E-2 1.54667E-2 1.37749E-2 9.10233E-3 6.56936E-3 4.47883E-3 3.2386E-3 1.7648E-3 2.23789E-3 2.6546E-3 1.1372E-3 1.0509E-3 1.56752E-3 2.68708E-3 3.13043E-3 2.37958E-3 2.68481E-3 1.07424E-2 1.61283E-2 1.4204E-2 1.09345E-2 1.28574E-2 1.17651E-2 1.13252E-2 9.55346E-3 1.04186E-2 9.35235E-3 8.24599E-3 2.52798E-3 2.71788E-3 4.20798E-3 4.6169E-3 5.00092E-3 2.621E-3 2.92393E-3 2.45329E-3 1.1636E-3 3.18061E-4 6.80291E-4 2.22972E-3 4.35075E-3 6.23918E-3 6.74351E-3 8.42916E-3 8.19059E-3 1.67416E-3 2.40401E-3 2.77833E-3 9.76658E-4 2.19582E-4 4.57396E-5 4.53348E-5 3.50747E-4 5.87292E-4 4.82026E-4 1.26411E-4 3.41512E-4
3.07784E-3 7.50741E-3 7.7067E-3 8.97673E-3 8.50875E-3 7.67606E-3 8.15562E-3 1.08268E-2 1.21321E-2 9.4322E-3 8.92142E-3 2.05193E-2 2.10468E-2 1.78236E-2 1.8777E-2 1.59269E-2 1.33528E-2 1.08411E-2 8.15519E-3 6.83127E-3 4.47883E-3 2.35024E-3 9.0722E-4 8.6828E-4 1.97684E-3 1.74337E-3 1.19316E-3 2.84422E-3 6.48813E-3 4.96227E-3 5.9329E-3 1.23776E-2 1.43373E-2 1.43373E-2 1.20663E-2 1.28331E-2 1.20349E-2 1.15234E-2 1.13754E-2 1.00245E-2 1.00067E-2 7.83993E-3 9.17928E-3 1.02179E-2 1.00206E-2 8.56959E-3 7.35765E-3 6.86133E-3 4.906E-3 2.58585E-3 1.82043E-3 2.94343E-3 4.17223E-3 6.513E-3 8.7437E-3 1.02052E-2 8.62184E-3 4.08156E-3 1.07765E-3 7.94157E-4 7.01029E-4 9.58458E-4 6.63618E-4 1.45246E-3 1.28263E-3 2.01443E-3 1.05168E-3 8.92002E-4 9.51282E-4 5.05183E-4
1.82069E-3 3.71988E-3 2.65179E-3 6.31667E-3 9.76885E-3 9.70202E-3 1.06233E-2 1.1109E-2 1.37994E-2 1.22211E-2 1.13252E-2 2.30624E-2 2.25605E-2 2.08034E-2 1.97851E-2 1.83094E-2 1.66006E-2 1.31859E-2 1.02179E-2 6.66307E-3 4.90089E-3 2.4065E-3 1.38275E-3 1.11675E-3 2.46661E-3 4.26207E-3 1.42187E-3 1.51626E-3 6.09465E-3 7.19679E-3 7.83993E-3 1.16924E-2 1.42085E-2 1.6099E-2 1.52686E-2 1.37117E-2 1.28162E-2 1.24483E-2 1.22877E-2 1.14273E-2 1.11722E-2 1.04186E-2 1.13252E-2 1.0884E-2 1.04402E-2 1.01216E-2 9.21645E-3 7.17851E-3 6.09826E-3 4.84699E-3 5.37673E-3 6.76398E-3 8.31186E-3 9.39283E-3 1.1026E-2 1.19422E-2 8.2477E-3 4.80103E-3 1.95364E-3 3.03376E-3 3.77632E-3 5.23806E-3 4.98805E-3 4.69221E-3 2.27188E-3 1.61976E-3 2.36107E-3 2.24206E-3 9.96051E-4 2.65254E-4
1.64411E-3 2.5371E-3 2.21632E-3 2.52264E-3 7.77592E-3 1.01544E-2 1.50422E-2 1.90315E-2 1.85707E-2 1.85707E-2 1.85707E-2 2.46766E-2 2.15519E-2 2.18266E-2 2.23848E-2 2.10675E-2 1.83094E-2 1.52734E-2 1.10729E-2 7.66121E-3 4.58363E-3 3.53185E-3 2.87126E-3 1.65985E-3 1.19882E-3 2.29003E-3 2.43232E-3 1.2643E-3 4.54603E-3 4.67922E-3 7.01262E-3 1.14637E-2 1.48803E-2 1.63333E-2 1.49007E-2 1.43137E-2 1.33899E-2 1.28495E-2 1.33899E-2 1.28495E-2 1.26108E-2 1.18805E-2 1.14637E-2 1.15442E-2 1.16169E-2 1.15351E-2 1.08411E-2 8.77863E-3 8.36022E-3 8.35654E-3 8.66999E-3 9.56737E-3 1.08042E-2 1.16039E-2 1.37182E-2 9.04707E-3 5.99642E-3 2.21129E-3 3.37374E-3 6.51559E-3 8.99037E-3 1.23193E-2 1.24358E-2 6.52291E-3 5.47843E-3 5.84128E-3 3.63176E-3 2.03663E-3 5.38271E-4 4.01654E-4
8.76992E-4 2.87561E-4 1.50097E-3 1.59714E-3 4.58545E-3 1.04186E-2 1.35678E-2 1.78682E-2 2.3863E-2 2.60079E-2 2.63395E-2 2.33572E-2 2.05421E-2 2.31398E-2 2.31398E-2 2.3434E-2 2.18594E-2 1.66963E-2 1.20663E-2 7.66121E-3 5.34024E-3 4.10542E-3 4.52667E-3 3.55697E-3 1.23357E-3 9.30475E-4 2.73153E-3 2.39585E-3 4.37699E-3 6.10484E-3 6.91377E-3 9.57775E-3 1.37117E-2 1.65306E-2 1.49123E-2 1.43383E-2 1.39611E-2 1.39611E-2 1.35998E-2 1.30447E-2 1.26828E-2 1.33611E-2 1.3324E-2 1.32788E-2 1.30573E-2 1.22211E-2 1.0884E-2 9.74792E-3 9.9957E-3 1.03774E-2 1.07714E-2 1.14299E-2 1.27324E-2 1.40284E-2 1.49099E-2 1.3505E-2 1.22793E-2 1.00408E-2 9.81122E-3 1.29757E-2 1.54887E-2 1.48458E-2 1.42872E-2 1.25936E-2 7.97668E-3 6.10774E-3 6.61994E-3 1.73855E-3 3.80633E-4 6.88554E-4
1.37424E-3 8.07454E-4 5.38412E-4 3.94689E-4 2.50096E-3 6.92391E-3 7.46355E-3 4.48907E-3 6.67251E-3 2.60079E-2 2.94099E-2 2.23381E-2 2.31398E-2 2.44756E-2 2.49913E-2 2.49913E-2 2.33572E-2 2.05421E-2 1.51426E-2 1.10226E-2 8.63979E-3 3.67087E-3 2.64005E-3 6.42259E-3 6.10185E-3 3.46895E-3 4.67922E-3 4.888E-3 7.18415E-3 9.19364E-3 7.97901E-3 9.89594E-3 1.41289E-2 1.65062E-2 1.62916E-2 1.54843E-2 1.54843E-2 1.43366E-2 1.39669E-2 1.49123E-2 1.47182E-2 1.47182E-2 1.45185E-2 1.37117E-2 1.20349E-2 1.07606E-2 1.0213E-2 1.0884E-2 1.06623E-2 1.17384E-2 1.28482E-2 1.31728E-2 1.44717E-2 1.41668E-2 1.65111E-2 1.85638E-2 1.8369E-2 1.86832E-2 2.18419E-2 2.15275E-2 2.11004E-2 2.12855E-2 1.97842E-2 1.68554E-2 1.68547E-2 1.35993E-2 8.50878E-3 3.21968E-3 1.93036E-3 1.73558E-3
3.11264E-3 1.13561E-3 1.52215E-3 6.5007E-4 8.90042E-4 3.38279E-3 7.37723E-3 1.09345E-2 1.34321E-2 3.03764E-2 3.20935E-2 2.80443E-2 2.66746E-2 2.63395E-2 2.68452E-2 2.68452E-2 2.55023E-2 2.22755E-2 1.80971E-2 1.25358E-2 1.25358E-2 1.16169E-2 7.83993E-3 7.19295E-3 8.92142E-3 5.21947E-3 4.75344E-3 8.29219E-3 8.47661E-3 7.43349E-3 1.10288E-2 1.07996E-2 1.39463E-2 1.66881E-2 1.62552E-2 1.54567E-2 1.56619E-2 1.52538E-2 1.54567E-2 1.5282E-2 1.54843E-2 1.52997E-2 1.51067E-2 1.20854E-2 1.11722E-2 1.14637E-2 1.16119E-2 1.15442E-2 1.18423E-2 1.28574E-2 1.43838E-2 1.53937E-2 1.44717E-2 1.20448E-2 1.29459E-2 1.63748E-2 1.77371E-2 2.07838E-2 2.40116E-2 2.58883E-2 2.49181E-2 2.66892E-2 2.29576E-2 2.18071E-2 1.50307E-2 1.5333E-2 5.23979E-3 2.54583E-3 2.39837E-3 1.87868E-3
4.96029E-3 4.09235E-3 2.17839E-3 1.01667E-3 1.19936E-4 4.97314E-4 5.85892E-3 8.65779E-3 1.39491E-2 2.84003E-2 3.33726E-2 3.11531E-2 2.90406E-2 2.94099E-2 2.90406E-2 2.86751E-2 2.65069E-2 2.22755E-2 1.97746E-2 1.69427E-2 1.4156E-2 1.5194E-2 1.2998E-2 8.21207E-3 9.23397E-3 5.43138E-3 1.85929E-3 9.00105E-3 1.13171E-2 9.45486E-3 1.02203E-2 1.41289E-2 1.47182E-2 1.66881E-2 1.60425E-2 1.60425E-2 1.5624E-2 1.5624E-2 1.58321E-2 1.62076E-2 1.60425E-2 1.62552E-2 1.62916E-2 1.55078E-2 1.4104E-2 1.31528E-2 1.27262E-2 1.23489E-2 1.2998E-2 1.43373E-2 1.59848E-2 1.77331E-2 1.46512E-2 1.30736E-2 1.3256E-2 1.4558E-2 1.73149E-2 1.82163E-2 2.08429E-2 2.16626E-2 2.27101E-2 2.78062E-2 2.3887E-2 2.26616E-2 2.25058E-2 1.5762E-2 2.72567E-3 1.86539E-3 1.72308E-3 1.50855E-3
2.05E-3 5.49017E-3 3.71715E-3 1.79162E-3 8.17227E-4 4.06196E-4 2.15735E-3 4.93837E-3 2.10376E-3 1.92545E-2 3.15475E-2 3.25007E-2 3.50919E-2 3.38142E-2 3.25591E-2 3.33892E-2 3.12919E-2 2.45482E-2 2.05193E-2 1.60711E-2 1.24466E-2 1.43913E-2 1.65163E-2 1.03443E-2 9.75432E-3 6.41972E-3 5.16145E-3 9.00105E-3 1.11722E-2 1.28162E-2 1.22877E-2 1.51086E-2 1.73104E-2 1.70848E-2 1.64705E-2 1.5624E-2 1.5624E-2 1.59944E-2 1.63643E-2 1.68034E-2 1.68034E-2 1.66412E-2 1.70848E-2 1.47183E-2 1.26506E-2 1.26108E-2 1.32788E-2 1.3672E-2 1.48112E-2 1.66963E-2 1.83094E-2 1.92545E-2 1.62899E-2 1.38606E-2 1.24874E-2 1.58129E-2 1.77371E-2 2.0067E-2 2.0396E-2 2.29491E-2 2.40601E-2 3.07794E-2 3.2833E-2 3.88283E-2 3.87335E-2 1.51929E-2 1.22711E-3 1.08993E-3 7.74067E-4 7.80929E-4
4.52667E-3 2.05379E-3 4.1843E-3 3.34894E-3 2.65208E-3 8.50836E-4 7.34136E-4 1.31411E-3 1.44514E-3 9.79297E-3 1.92545E-2 3.33279E-2 3.80995E-2 3.8372E-2 3.81339E-2 3.81339E-2 3.59358E-2 2.87833E-2 2.31526E-2 1.92766E-2 1.58672E-2 1.5236E-2 1.69768E-2 1.36239E-2 1.07606E-2 8.18664E-3 7.62658E-3 6.18224E-3 6.73841E-3 1.17277E-2 1.61197E-2 1.71308E-2 1.8352E-2 1.77121E-2 1.70848E-2 1.58321E-2 1.64232E-2 1.68034E-2 1.69566E-2 1.63643E-2 1.37843E-2 1.28922E-2 1.39669E-2 1.28495E-2 1.28495E-2 1.33611E-2 1.42875E-2 1.56655E-2 1.6099E-2 1.80971E-2 2.05421E-2 1.89787E-2 1.69999E-2 1.38606E-2 1.42302E-2 1.75372E-2 1.92324E-2 2.25257E-2 2.34954E-2 2.554E-2 2.80674E-2 3.04688E-2 3.94085E-2 4.44716E-2 4.05238E-2 4.04637E-3 1.57675E-3 6.60564E-4 7.18354E-4 9.58174E-4
5.82773E-3 5.06168E-3 2.15559E-3 2.05036E-3 2.88844E-3 3.14111E-3 8.83979E-4 3.75302E-4 7.78873E-4 1.91459E-3 5.54469E-3 2.8761E-2 3.7329E-2 3.80995E-2 3.81339E-2 3.83538E-2 3.73897E-2 3.53024E-2 2.88715E-2 2.51893E-2 2.13589E-2 1.94977E-2 1.56655E-2 1.25085E-2 1.00832E-2 8.88649E-3 4.69346E-3 3.98954E-3 4.10723E-3 5.30018E-3 1.57108E-2 1.88384E-2 1.99262E-2 1.87565E-2 1.74811E-2 1.68034E-2 1.63643E-2 1.69566E-2 1.84164E-2 1.65826E-2 1.25565E-2 1.28922E-2 1.23771E-2 1.32357E-2 1.3587E-2 1.45185E-2 1.57059E-2 1.71973E-2 1.83302E-2 2.05193E-2 2.23381E-2 2.08041E-2 1.73012E-2 1.65509E-2 1.72212E-2 2.00127E-2 2.31922E-2 2.56772E-2 2.65907E-2 2.96281E-2 3.2926E-2 3.73276E-2 4.48935E-2 4.40455E-2 1.37205E-2 5.94237E-3 1.2105E-2 1.11785E-2 9.79643E-3 5.27996E-3
6.77822E-3 6.09826E-3 3.96034E-3 7.88087E-4 8.16271E-4 1.73696E-3 2.7492E-3 2.03174E-3 9.88957E-5 3.77986E-4 1.0722E-3 1.78923E-2 3.68597E-2 3.86202E-2 3.7412E-2 3.62153E-2 3.60093E-2 3.72627E-2 3.41455E-2 2.82065E-2 2.69048E-2 2.21021E-2 1.6977E-2 1.34504E-2 9.95471E-3 8.18664E-3 4.95052E-3 4.26731E-3 5.22783E-3 3.88895E-3 1.13754E-2 1.99262E-2 2.07538E-2 1.98161E-2 1.94116E-2 1.71826E-2 1.69566E-2 1.81746E-2 1.85521E-2 1.85521E-2 1.71826E-2 1.75602E-2 1.5282E-2 1.43366E-2 1.57051E-2 1.63166E-2 1.93358E-2 1.98444E-2 2.13589E-2 2.27708E-2 2.31398E-2 1.92545E-2 1.67918E-2 1.89722E-2 2.06342E-2 2.30995E-2 2.56472E-2 2.81961E-2 3.08172E-2 3.43574E-2 3.85646E-2 4.67551E-2 5.16629E-2 3.96263E-2 4.72633E-3 1.89822E-2 2.11424E-2 1.66447E-2 9.31085E-3 4.07225E-3
5.9642E-3 5.71797E-3 5.37673E-3 4.21566E-3 2.3048E-3 7.69948E-4 9.59726E-4 2.70383E-3 1.7876E-3 8.65093E-4 1.56145E-3 1.84086E-2 3.66764E-2 3.93384E-2 3.69152E-2 3.55515E-2 3.71011E-2 3.75128E-2 3.55515E-2 3.12411E-2 2.97676E-2 2.45514E-2 2.01695E-2 1.44366E-2 1.12525E-2 7.18415E-3 2.78957E-3 3.40339E-3 5.22783E-3 5.0958E-3 1.2775E-2 2.13029E-2 2.21343E-2 2.11609E-2 2.08854E-2 1.95576E-2 1.93019E-2 1.77941E-2 1.81746E-2 2.01881E-2 2.05569E-2 1.94335E-2 1.72527E-2 1.64705E-2 1.74811E-2 2.00776E-2 1.9763E-2 1.63333E-2 2.16352E-2 2.37524E-2 2.23381E-2 1.89787E-2 1.98246E-2 2.14107E-2 2.39558E-2 2.69798E-2 2.92757E-2 3.22854E-2 3.67075E-2 4.11802E-2 4.78397E-2 5.42049E-2 5.73767E-2 2.65354E-2 1.37938E-2 1.97388E-2 1.61946E-2 1.03552E-2 2.8395E-3 2.03277E-3
2.04579E-3 2.64115E-3 3.4145E-3 3.66685E-3 3.1362E-3 3.4102E-3 1.85073E-3 2.7569E-3 3.04776E-3 1.28872E-3 1.87168E-4 6.40265E-3 2.4032E-2 3.56341E-2 3.84879E-2 3.72627E-2 3.66286E-2 3.61611E-2 3.50668E-2 3.18739E-2 3.05371E-2 2.77841E-2 2.04304E-2 1.63253E-2 1.33958E-2 4.62044E-3 2.44852E-3 3.92291E-3 5.50072E-3 5.16145E-3 1.42875E-2 2.27188E-2 2.38557E-2 2.28371E-2 2.18469E-2 2.15626E-2 2.07287E-2 1.94335E-2 1.91783E-2 1.91783E-2 2.01881E-2 1.98134E-2 1.94335E-2 1.96917E-2 1.99528E-2 2.00776E-2 1.75835E-2 1.71973E-2 1.80965E-2 2.10113E-2 1.9537E-2 1.77331E-2 2.12681E-2 2.50561E-2 2.83138E-2 3.07852E-2 3.54717E-2 3.88778E-2 4.10685E-2 4.70801E-2 5.43421E-2 6.11428E-2 6.23288E-2 3.97454E-2 2.36521E-2 1.87094E-2 6.22133E-3 7.26618E-3 3.08318E-3 1.94817E-4
8.41519E-4 6.16352E-4 8.92653E-4 1.06314E-3 1.44275E-3 1.26197E-3 2.12999E-3 2.48966E-3 2.33736E-3 2.14331E-3 1.97631E-4 5.48265E-4 7.72729E-3 2.61722E-2 3.69224E-2 3.76011E-2 3.64498E-2 3.47882E-2 3.55198E-2 3.47882E-2 3.41455E-2 2.9775E-2 2.45514E-2 2.04304E-2 1.76452E-2 6.34186E-3 2.12844E-3 4.62044E-3 5.94912E-3 3.60022E-3 1.07606E-2 2.22944E-2 2.49856E-2 2.46624E-2 2.46624E-2 2.36387E-2 2.30275E-2 2.17658E-2 2.11079E-2 2.18453E-2 2.24975E-2 2.11079E-2 2.07287E-2 2.07287E-2 2.1958E-2 1.90039E-2 1.53071E-2 1.46893E-2 1.50422E-2 1.69427E-2 1.80497E-2 1.82354E-2 2.29932E-2 2.60073E-2 2.96876E-2 3.37768E-2 3.74946E-2 4.30032E-2 4.65598E-2 5.36143E-2 6.01429E-2 6.46378E-2 6.17898E-2 2.39161E-2 1.95776E-2 1.48165E-2 5.83257E-3 2.74813E-3 1.42514E-3 1.53827E-3
4.74244E-4 2.079E-4 3.05907E-4 5.31833E-4 9.89865E-4 1.46078E-3 1.13885E-3 1.23327E-3 4.83526E-4 1.21849E-4 5.12647E-4 1.47394E-4 1.97508E-3 1.71244E-2 3.32304E-2 3.76011E-2 3.62308E-2 3.56242E-2 3.5244E-2 3.67405E-2 3.46096E-2 3.2678E-2 3.01112E-2 2.70784E-2 1.97095E-2 1.00519E-2 5.86848E-3 4.99999E-3 6.67251E-3 3.27674E-3 5.57082E-3 1.78728E-2 2.51245E-2 2.64424E-2 2.64779E-2 2.6135E-2 2.57958E-2 2.514E-2 2.58045E-2 2.61224E-2 2.60797E-2 2.54668E-2 2.41298E-2 2.21359E-2 1.95576E-2 1.55013E-2 1.29836E-2 1.27262E-2 1.16119E-2 1.22211E-2 1.38501E-2 1.77839E-2 2.24304E-2 2.60073E-2 2.89782E-2 3.52566E-2 3.95559E-2 4.32715E-2 5.03971E-2 5.52509E-2 6.17231E-2 6.37771E-2 4.70843E-2 1.79936E-2 2.00658E-2 1.50196E-2 8.90695E-3 4.25095E-3 4.02246E-3 1.191E-2
2.10275E-3 9.82115E-4 5.38698E-4 2.41656E-4 1.34955E-4 8.02939E-4 1.16249E-3 8.99647E-4 7.89762E-4 4.83526E-4 2.3014E-4 4.62757E-4 1.28872E-3 8.14504E-3 3.01206E-2 3.58522E-2 3.61716E-2 3.67405E-2 3.67536E-2 3.62664E-2 3.5763E-2 3.37685E-2 3.12411E-2 2.90123E-2 2.04821E-2 4.98283E-3 4.85943E-3 3.445E-3 4.52667E-3 5.78573E-3 3.76393E-3 8.04077E-3 1.74177E-2 2.55555E-2 2.79095E-2 2.82572E-2 2.8218E-2 2.67767E-2 2.74286E-2 2.77912E-2 2.64685E-2 2.514E-2 2.14804E-2 1.8661E-2 1.62916E-2 1.28495E-2 8.44066E-3 9.38594E-3 8.69658E-3 9.71531E-3 1.18297E-2 1.53119E-2 1.95825E-2 2.20094E-2 2.76278E-2 3.5561E-2 4.16964E-2 4.55222E-2 5.16042E-2 5.76042E-2 6.40555E-2 6.38786E-2 4.9098E-2 2.58883E-2 2.1206E-2 6.68137E-3 6.44015E-3 2.58328E-3 3.27036E-3 2.41236E-2
3.65666E-3 2.03731E-3 8.23643E-4 2.57024E-4 6.66724E-5 1.67908E-4 1.61334E-4 1.49067E-4 2.1347E-4 1.19794E-4 7.43673E-4 1.61051E-3 1.47307E-3 5.89248E-3 1.80971E-2 2.578E-2 3.32785E-2 3.49367E-2 3.50622E-2 3.56242E-2 3.5244E-2 3.50622E-2 3.31037E-2 3.25798E-2 2.81427E-2 6.5803E-3 2.07927E-3 2.55592E-3 3.08256E-3 2.87126E-3 3.6469E-3 5.84533E-3 4.33886E-3 1.14702E-2 2.46849E-2 2.82756E-2 2.8627E-2 2.68422E-2 2.615E-2 2.48006E-2 2.48006E-2 2.07287E-2 1.90492E-2 1.64705E-2 1.39611E-2 9.83051E-3 6.33799E-3 6.41972E-3 6.42337E-3 7.56553E-3 8.25443E-3 8.46436E-3 9.22446E-3 1.41258E-2 2.6302E-2 3.7908E-2 4.21406E-2 4.77923E-2 5.33617E-2 5.80245E-2 6.21576E-2 6.34794E-2 6.02999E-2 3.32639E-2 1.52601E-2 4.78984E-3 3.12957E-3 1.21783E-3 3.59924E-3 3.20455E-2
