KUENM/Final_Models/M_0.1_F_lq_Set_2_NE/sp1_6.asc
ncols         197
nrows         210
xllcorner     56.1666666666667
yllcorner     4.5
cellsize      0.166666666666667
NODATA_value  -9999
[rows 56 to 83 of 210, columns 65 to 129 of 197]
2.21499E-3 2.37499E-3 1.31481E-2 6.08757E-2 8.58086E-2 1.10225E-1 5.66838E-2 1.58422E-2 2.00942E-2 5.26377E-2 6.97684E-2 7.61576E-2 7.85822E-2 7.08281E-2 6.93998E-2 4.28297E-2 6.9558E-2 9.8671E-2 6.94636E-2 1.43756E-1 1.36266E-1 1.15005E-1 1.0576E-1 1.07833E-1 1.06554E-1 1.05527E-1 1.14212E-1 1.18597E-1 1.16391E-1 1.08627E-1 1.10727E-1 1.09383E-1 1.20133E-1 1.28726E-1 1.42946E-1 1.44763E-1 1.46521E-1 1.49446E-1 1.61067E-1 1.76823E-1 2.03937E-1 2.20636E-1 2.27741E-1 2.50818E-1 3.00883E-1 3.65441E-1 3.94057E-1 4.03806E-1 3.91577E-1 4.31303E-1 4.55923E-1 4.73217E-1 4.87736E-1 5.17817E-1 5.02961E-1 4.92883E-1 5.37045E-1 5.16047E-1 4.6422E-1 3.85288E-1 2.81887E-1 1.62089E-1 1.64775E-2 2.31913E-3 3.19211E-3
4.75896E-3 1.13177E-2 2.76755E-2 9.06532E-2 1.34228E-1 1.47771E-1 1.46974E-1 7.31199E-2 5.45686E-2 7.21137E-2 8.25496E-2 5.30444E-2 5.41631E-2 5.14775E-2 5.75092E-2 9.85461E-2 1.01492E-1 7.68062E-2 1.23943E-1 1.61759E-1 1.45997E-1 1.26855E-1 1.15298E-1 1.0888E-1 1.06793E-1 1.0576E-1 1.0888E-1 1.07833E-1 1.0576E-1 1.04733E-1 1.01486E-1 1.06554E-1 1.13926E-1 1.25009E-1 1.30353E-1 1.3811E-1 1.3992E-1 1.41674E-1 1.54402E-1 1.72677E-1 1.94209E-1 2.08129E-1 2.18017E-1 2.3527E-1 2.69818E-1 3.19543E-1 3.60642E-1 3.80975E-1 3.87799E-1 4.18571E-1 4.40019E-1 4.32325E-1 4.45361E-1 4.70074E-1 4.88959E-1 5.07706E-1 5.31805E-1 5.3693E-1 5.15258E-1 4.54851E-1 3.62912E-1 2.40927E-1 9.02357E-2 2.66056E-2 2.13896E-2
3.96478E-3 1.96116E-2 9.08025E-2 1.0773E-1 1.28223E-1 1.33948E-1 1.39794E-1 1.42694E-1 9.82054E-2 7.65345E-2 7.29178E-2 6.97523E-2 7.5989E-2 8.64895E-2 1.20249E-1 1.24309E-1 1.33285E-1 9.92242E-2 1.83172E-1 1.77932E-1 1.65312E-1 1.46281E-1 1.26855E-1 1.09933E-1 1.03713E-1 1.01694E-1 9.87137E-2 1.01694E-1 1.00694E-1 9.87137E-2 9.77338E-2 1.01694E-1 1.09933E-1 1.19709E-1 1.31193E-1 1.37938E-1 1.42297E-1 1.454E-1 1.5599E-1 1.65472E-1 1.73716E-1 1.87181E-1 1.9146E-1 2.11008E-1 2.41434E-1 2.80937E-1 3.1793E-1 3.45514E-1 3.67503E-1 3.9537E-1 4.06783E-1 3.92788E-1 3.71581E-1 3.70225E-1 4.59618E-1 5.01659E-1 5.13873E-1 5.13335E-1 5.3023E-1 4.91528E-1 4.05311E-1 3.19376E-1 2.19934E-1 1.14966E-1 7.68731E-2
4.20916E-3 2.44277E-2 8.12311E-2 1.0627E-1 1.16005E-1 1.22919E-1 1.29376E-1 1.35531E-1 1.19474E-1 9.52634E-2 9.00086E-2 9.3155E-2 1.09288E-1 1.03263E-1 1.18824E-1 1.41233E-1 1.38291E-1 1.39498E-1 1.94998E-1 2.01407E-1 1.86838E-1 1.65926E-1 1.40035E-1 1.12059E-1 1.00866E-1 9.78889E-2 9.67605E-2 9.67605E-2 9.38805E-2 9.49729E-2 9.49729E-2 1.00866E-1 1.12299E-1 1.23396E-1 1.32749E-1 1.42515E-1 1.48337E-1 1.44758E-1 1.49751E-1 1.47876E-1 1.50944E-1 1.60303E-1 1.72047E-1 1.88306E-1 2.16753E-1 2.52148E-1 2.83195E-1 3.11672E-1 3.45601E-1 3.74972E-1 3.96428E-1 3.91155E-1 3.736E-1 3.89827E-1 4.78483E-1 4.93949E-1 4.42171E-1 4.51044E-1 5.25368E-1 5.20876E-1 4.41926E-1 3.7883E-1 3.24636E-1 2.30538E-1 1.84621E-1
4.24755E-3 1.03796E-2 5.98631E-2 1.01801E-1 1.03278E-1 1.10746E-1 1.16983E-1 1.23111E-1 1.30501E-1 1.19085E-1 9.81769E-2 1.05838E-1 1.13065E-1 1.10519E-1 1.3103E-1 1.39343E-1 1.43944E-1 1.59441E-1 1.9751E-1 2.08861E-1 2.22008E-1 1.96323E-1 1.46281E-1 1.10159E-1 9.69102E-2 9.40144E-2 9.19938E-2 9.38805E-2 9.10604E-2 9.40144E-2 9.69102E-2 1.04061E-1 1.15784E-1 1.2741E-1 1.42016E-1 1.49267E-1 1.55773E-1 1.49607E-1 1.41594E-1 1.33149E-1 1.29192E-1 1.42946E-1 1.63207E-1 1.81096E-1 2.07863E-1 2.34396E-1 2.6763E-1 2.91468E-1 3.2472E-1 3.63057E-1 3.90623E-1 4.10467E-1 4.23158E-1 4.34937E-1 4.83176E-1 5.09761E-1 4.89839E-1 4.89752E-1 5.28883E-1 5.36607E-1 4.60692E-1 3.81648E-1 3.86494E-1 2.95634E-1 2.03558E-1
6.48925E-3 8.82122E-3 7.16624E-2 9.31592E-2 9.53257E-2 9.7705E-2 1.0114E-1 1.11603E-1 1.16635E-1 1.07285E-1 1.001E-1 1.10242E-1 1.06621E-1 1.12982E-1 1.21539E-1 1.3224E-1 1.43271E-1 1.6804E-1 1.8464E-1 1.9928E-1 2.25106E-1 1.98456E-1 1.38805E-1 1.04929E-1 9.21175E-2 9.11792E-2 9.02475E-2 9.30626E-2 9.30626E-2 9.50833E-2 9.90053E-2 1.07321E-1 1.21608E-1 1.36088E-1 1.50031E-1 1.62013E-1 1.65649E-1 1.5975E-1 1.48822E-1 1.28845E-1 1.25009E-1 1.42297E-1 1.58008E-1 1.82052E-1 2.03258E-1 2.29933E-1 2.58735E-1 2.75275E-1 3.02876E-1 3.40867E-1 3.82952E-1 4.33164E-1 4.67975E-1 4.51664E-1 4.8013E-1 5.27285E-1 5.32553E-1 5.31505E-1 5.44219E-1 5.43408E-1 5.16363E-1 4.71778E-1 4.28307E-1 3.29288E-1 1.97927E-1
4.29005E-3 1.75062E-2 8.209E-2 8.8664E-2 8.83429E-2 8.76982E-2 8.79939E-2 9.9511E-2 1.17253E-1 1.31036E-1 1.39073E-1 1.35296E-1 1.1644E-1 1.17231E-1 1.24805E-1 1.32938E-1 1.32547E-1 1.54174E-1 1.60226E-1 1.68884E-1 1.73958E-1 1.53152E-1 1.22257E-1 1.00866E-1 8.93226E-2 8.65879E-2 8.74928E-2 8.84043E-2 9.22133E-2 9.50833E-2 1.02135E-1 1.12819E-1 1.24111E-1 1.40068E-1 1.55646E-1 1.66541E-1 1.68884E-1 1.68884E-1 1.56221E-1 1.43764E-1 1.44561E-1 1.54174E-1 1.70626E-1 1.89984E-1 2.14663E-1 2.32863E-1 2.54258E-1 2.72592E-1 2.89621E-1 3.22732E-1 3.73298E-1 4.25474E-1 4.58026E-1 4.39286E-1 4.64707E-1 5.22635E-1 5.43501E-1 5.49603E-1 5.55316E-1 5.4976E-1 5.39753E-1 5.0327E-1 4.47807E-1 3.50318E-1 2.41459E-1
2.11478E-2 3.80879E-2 8.22312E-2 8.6418E-2 8.35884E-2 8.26605E-2 8.39115E-2 1.0139E-1 1.22118E-1 1.42074E-1 1.22542E-1 1.26698E-1 1.22219E-1 1.3303E-1 1.33296E-1 1.29947E-1 1.29878E-1 1.32424E-1 1.31216E-1 1.30015E-1 1.23909E-1 1.11426E-1 9.88744E-2 8.93226E-2 8.56896E-2 8.21632E-2 8.48582E-2 8.75657E-2 9.32355E-2 9.71219E-2 1.05327E-1 1.14029E-1 1.24277E-1 1.39022E-1 1.54613E-1 1.6414E-1 1.69326E-1 1.70276E-1 1.69778E-1 1.69234E-1 1.71385E-1 1.79013E-1 1.89482E-1 2.08363E-1 2.2063E-1 2.4499E-1 2.60442E-1 2.77562E-1 2.97909E-1 3.28257E-1 3.61553E-1 3.96385E-1 4.25474E-1 4.44336E-1 4.7965E-1 5.17333E-1 5.46402E-1 5.63152E-1 5.58778E-1 5.61306E-1 5.62081E-1 5.25995E-1 4.52271E-1 3.63851E-1 2.88338E-1
1.23418E-2 5.2935E-2 8.60867E-2 8.6418E-2 8.83429E-2 8.45239E-2 8.73766E-2 1.06273E-1 1.48567E-1 1.7665E-1 1.759E-1 1.62431E-1 1.50102E-1 1.34764E-1 1.26441E-1 1.1903E-1 1.12679E-1 1.06494E-1 1.04383E-1 1.00231E-1 9.52177E-2 8.30868E-2 7.79038E-2 7.4614E-2 7.79038E-2 7.96242E-2 8.13422E-2 8.66986E-2 9.03929E-2 9.71838E-2 1.06451E-1 1.14029E-1 1.27967E-1 1.39022E-1 1.5086E-1 1.64455E-1 1.72548E-1 1.76391E-1 1.7961E-1 1.87568E-1 2.02255E-1 2.02889E-1 2.13885E-1 2.29107E-1 2.41754E-1 2.60528E-1 2.77562E-1 2.9321E-1 3.10431E-1 3.41998E-1 3.73369E-1 3.84741E-1 4.0963E-1 4.43113E-1 4.87909E-1 5.26737E-1 5.30431E-1 5.15609E-1 5.39224E-1 5.43758E-1 5.64168E-1 5.2788E-1 4.48638E-1 3.78157E-1 3.44345E-1
2.12983E-2 6.96851E-2 9.06188E-2 9.22862E-2 9.12887E-2 9.43047E-2 1.0597E-1 1.44002E-1 2.15108E-1 2.48868E-1 2.1876E-1 1.8229E-1 1.51051E-1 1.29168E-1 1.18614E-1 1.06494E-1 1.01259E-1 9.22713E-2 8.30391E-2 7.87273E-2 7.459E-2 6.9844E-2 6.53616E-2 6.91056E-2 7.46292E-2 7.70987E-2 8.13612E-2 8.76313E-2 9.23208E-2 1.00231E-1 1.07512E-1 1.18614E-1 1.29285E-1 1.41736E-1 1.5219E-1 1.64455E-1 1.75399E-1 1.8652E-1 1.94788E-1 2.13687E-1 2.30801E-1 2.32912E-1 2.3649E-1 2.47788E-1 2.63684E-1 2.87279E-1 3.05738E-1 3.24469E-1 3.37433E-1 3.70433E-1 3.86156E-1 3.94569E-1 4.02845E-1 4.43113E-1 4.96766E-1 5.3954E-1 5.24371E-1 5.02097E-1 5.28971E-1 5.39348E-1 5.65927E-1 5.64945E-1 5.20784E-1 4.46346E-1 4.10895E-1
3.00959E-2 7.63031E-2 9.14171E-2 9.43047E-2 1.00549E-1 1.1159E-1 1.37358E-1 2.06932E-1 3.31216E-1 3.5064E-1 2.55847E-1 1.78572E-1 1.40732E-1 1.1859E-1 1.04203E-1 9.40575E-2 8.74408E-2 7.85738E-2 6.8083E-2 6.88566E-2 6.59024E-2 6.59822E-2 6.53001E-2 6.83037E-2 7.30026E-2 7.62662E-2 8.31141E-2 8.76313E-2 9.52416E-2 1.00231E-1 1.08634E-1 1.19829E-1 1.30499E-1 1.4302E-1 1.53527E-1 1.6725E-1 1.79719E-1 1.94481E-1 1.98418E-1 2.23131E-1 2.44581E-1 2.54787E-1 2.55468E-1 2.73208E-1 2.93906E-1 3.21356E-1 3.54079E-1 3.71902E-1 3.73298E-1 3.94569E-1 4.14982E-1 4.10148E-1 3.94018E-1 4.36852E-1 4.96058E-1 5.22724E-1 5.12349E-1 5.07776E-1 5.02097E-1 5.57982E-1 5.64871E-1 5.59883E-1 5.68095E-1 5.19131E-1 4.66163E-1
2.92315E-2 6.39479E-2 9.43954E-2 9.84359E-2 1.0597E-1 1.20995E-1 1.50838E-1 2.2695E-1 3.5613E-1 3.54301E-1 2.23278E-1 1.54054E-1 1.19511E-1 1.00912E-1 9.29481E-2 8.54685E-2 8.02002E-2 7.50659E-2 6.95244E-2 6.5802E-2 6.65558E-2 6.59024E-2 6.67321E-2 6.97966E-2 7.37745E-2 7.62409E-2 8.48824E-2 8.85516E-2 9.72192E-2 1.04383E-1 1.15273E-1 1.2215E-1 1.32947E-1 1.44309E-1 1.57577E-1 1.73235E-1 1.92416E-1 2.04165E-1 2.10379E-1 2.255E-1 2.44581E-1 2.61284E-1 2.73139E-1 3.02179E-1 3.29903E-1 3.70317E-1 4.10286E-1 4.31882E-1 4.21574E-1 4.41885E-1 4.48821E-1 4.44809E-1 4.46467E-1 4.73311E-1 5.00604E-1 4.75386E-1 4.84854E-1 5.38838E-1 5.40236E-1 5.55523E-1 5.71106E-1 5.85601E-1 5.81334E-1 5.64185E-1 5.15885E-1
4.57484E-2 5.57887E-2 8.94044E-2 9.7705E-2 1.06273E-1 1.15345E-1 1.38904E-1 1.74064E-1 2.11809E-1 1.86257E-1 1.34088E-1 1.1124E-1 9.43954E-2 8.77702E-2 7.99096E-2 7.99096E-2 7.74626E-2 7.50659E-2 6.87424E-2 6.71985E-2 6.65558E-2 6.73161E-2 6.81778E-2 7.13036E-2 7.45357E-2 7.87273E-2 8.57484E-2 9.13565E-2 1.00232E-1 1.08654E-1 1.19829E-1 1.29285E-1 1.36672E-1 1.4691E-1 1.57577E-1 1.74347E-1 1.96978E-1 2.26233E-1 2.40846E-1 2.47221E-1 2.56408E-1 2.72979E-1 2.92502E-1 3.25191E-1 3.62819E-1 4.07538E-1 4.41885E-1 4.69932E-1 4.70126E-1 4.72112E-1 4.84004E-1 4.78493E-1 4.90672E-1 5.1247E-1 5.2765E-1 5.07575E-1 5.16552E-1 5.39993E-1 5.55665E-1 5.56561E-1 5.82712E-1 5.77049E-1 5.85601E-1 5.82951E-1 5.30977E-1
3.09752E-2 5.4633E-2 6.8652E-2 9.97999E-2 1.03001E-1 1.06545E-1 1.13288E-1 1.21512E-1 1.23931E-1 1.05448E-1 8.63584E-2 7.92916E-2 7.84108E-2 7.60456E-2 7.62565E-2 7.55955E-2 7.49214E-2 7.341E-2 7.01808E-2 6.87424E-2 6.79671E-2 6.88566E-2 7.13036E-2 7.45357E-2 8.03925E-2 8.56813E-2 9.03528E-2 9.71928E-2 1.04385E-1 1.15273E-1 1.245E-1 1.32947E-1 1.4691E-1 1.54871E-1 1.61387E-1 1.69721E-1 1.78273E-1 2.08211E-1 2.48184E-1 2.65791E-1 2.79505E-1 2.92502E-1 3.17858E-1 3.51704E-1 3.86549E-1 4.29033E-1 4.60921E-1 4.86536E-1 4.90566E-1 4.86821E-1 4.89839E-1 4.91321E-1 4.91326E-1 5.20461E-1 5.43501E-1 5.51831E-1 5.62043E-1 5.65311E-1 5.74951E-1 5.69017E-1 5.80878E-1 5.84404E-1 5.92445E-1 5.77846E-1 5.48339E-1
4.55401E-2 5.17205E-2 7.45682E-2 9.51709E-2 9.79899E-2 9.61882E-2 9.61882E-2 9.41612E-2 9.0199E-2 8.08232E-2 7.38579E-2 6.84033E-2 6.76156E-2 7.02383E-2 7.04555E-2 7.14578E-2 7.30919E-2 7.08254E-2 6.93905E-2 6.71985E-2 7.11084E-2 7.28242E-2 7.52855E-2 8.12677E-2 8.66014E-2 9.12326E-2 9.71369E-2 1.02257E-1 1.09739E-1 1.20986E-1 1.32947E-1 1.44112E-1 1.57304E-1 1.65527E-1 1.67498E-1 1.71673E-1 1.68396E-1 1.87418E-1 2.44581E-1 2.82775E-1 3.0074E-1 3.16691E-1 3.38488E-1 3.70059E-1 4.09735E-1 4.35511E-1 4.63206E-1 4.86536E-1 4.82251E-1 4.69742E-1 4.75757E-1 4.82003E-1 4.99086E-1 5.03372E-1 5.36106E-1 5.56286E-1 5.56408E-1 5.60587E-1 5.68166E-1 5.81691E-1 5.90161E-1 5.93566E-1 5.76039E-1 5.80622E-1 5.63017E-1
2.81906E-2 3.80847E-2 8.85321E-2 9.3395E-2 9.21649E-2 8.94694E-2 8.56642E-2 8.19784E-2 7.60456E-2 7.66709E-2 7.32781E-2 6.78552E-2 6.63012E-2 6.78552E-2 7.04555E-2 6.98515E-2 6.98515E-2 7.00269E-2 7.01808E-2 6.87424E-2 7.0313E-2 7.77168E-2 8.29633E-2 8.8378E-2 9.40575E-2 9.91631E-2 1.03303E-1 1.10828E-1 1.1871E-1 1.31719E-1 1.45402E-1 1.60019E-1 1.73971E-1 1.80698E-1 1.83058E-1 1.82469E-1 1.91171E-1 2.1433E-1 2.66478E-1 2.99112E-1 3.20272E-1 3.39707E-1 3.54183E-1 3.77592E-1 3.99522E-1 4.32516E-1 4.50376E-1 4.59424E-1 4.50572E-1 4.50965E-1 4.59489E-1 4.86168E-1 4.89193E-1 5.10149E-1 5.35452E-1 5.49401E-1 5.19857E-1 5.40717E-1 5.83623E-1 5.93552E-1 5.99219E-1 5.97205E-1 5.9752E-1 5.88219E-1 5.61817E-1
4.11742E-2 5.20782E-2 9.13085E-2 9.36029E-2 9.04395E-2 8.40306E-2 8.13033E-2 7.71135E-2 7.54065E-2 7.77692E-2 7.79777E-2 7.64441E-2 7.35141E-2 7.20777E-2 7.20777E-2 7.14578E-2 7.39194E-2 7.55955E-2 7.2443E-2 7.341E-2 7.50659E-2 8.20714E-2 9.13085E-2 9.90845E-2 1.06431E-1 1.10828E-1 1.10828E-1 1.15273E-1 1.28078E-1 1.4283E-1 1.58333E-1 1.85558E-1 1.97497E-1 1.99928E-1 2.03795E-1 2.03051E-1 2.18308E-1 2.39215E-1 2.74609E-1 3.02463E-1 3.27094E-1 3.53146E-1 3.63691E-1 3.78815E-1 3.95343E-1 4.13017E-1 4.36923E-1 4.47496E-1 4.43411E-1 4.63447E-1 4.76602E-1 4.88982E-1 4.94042E-1 5.21827E-1 5.32742E-1 5.3505E-1 4.9896E-1 5.60578E-1 5.87711E-1 5.99545E-1 5.96867E-1 5.99184E-1 5.97952E-1 5.97813E-1 5.87686E-1
4.34336E-2 6.93546E-2 9.39343E-2 9.36029E-2 8.79621E-2 8.79621E-2 8.16852E-2 7.90325E-2 7.81626E-2 7.90325E-2 7.91919E-2 7.99096E-2 7.79777E-2 7.62565E-2 7.45637E-2 7.71135E-2 7.72998E-2 7.97277E-2 7.81626E-2 7.84608E-2 8.29633E-2 9.23324E-2 1.08634E-1 1.15288E-1 1.23367E-1 1.18705E-1 1.23388E-1 1.25686E-1 1.35275E-1 1.51337E-1 1.77321E-1 2.05313E-1 2.27097E-1 2.31073E-1 2.23866E-1 2.22965E-1 2.38722E-1 2.51959E-1 2.81139E-1 3.0412E-1 3.35273E-1 3.54151E-1 3.73144E-1 3.89089E-1 3.95343E-1 4.08914E-1 4.29433E-1 4.54084E-1 4.62535E-1 4.79441E-1 4.915E-1 5.12336E-1 5.12947E-1 5.35069E-1 5.41912E-1 5.35198E-1 5.19806E-1 5.48575E-1 5.88705E-1 5.99486E-1 5.95925E-1 5.92795E-1 6.01324E-1 6.04972E-1 5.98944E-1
5.42554E-2 6.77654E-2 9.98714E-2 9.66206E-2 9.37828E-2 8.63938E-2 8.45503E-2 8.19678E-2 8.36394E-2 8.5323E-2 8.54685E-2 8.25838E-2 7.99096E-2 7.90325E-2 8.07938E-2 8.07938E-2 8.42294E-2 8.33145E-2 8.34896E-2 8.63938E-2 8.85208E-2 1.03338E-1 1.26946E-1 1.4198E-1 1.43276E-1 1.34376E-1 1.29364E-1 1.32947E-1 1.39022E-1 1.55646E-1 1.83058E-1 2.21409E-1 2.51552E-1 2.48328E-1 2.41912E-1 2.43512E-1 2.54787E-1 2.74373E-1 2.94249E-1 3.12324E-1 3.38094E-1 3.62106E-1 3.7471E-1 3.86362E-1 3.88005E-1 4.13017E-1 4.35383E-1 4.70126E-1 4.86536E-1 4.92318E-1 5.14174E-1 5.32844E-1 5.39638E-1 5.58996E-1 5.59615E-1 5.68729E-1 5.73885E-1 5.88705E-1 5.93059E-1 5.99434E-1 5.97039E-1 5.91245E-1 5.90436E-1 5.83635E-1 5.67441E-1
5.80982E-2 8.79947E-2 1.01961E-1 1.01961E-1 9.79529E-2 9.01675E-2 8.66014E-2 8.94043E-2 9.12326E-2 9.11291E-2 9.01675E-2 8.9077E-2 8.81275E-2 8.62505E-2 8.5323E-2 8.5323E-2 8.79621E-2 9.08391E-2 8.79621E-2 8.73264E-2 9.51399E-2 1.11931E-1 1.41879E-1 1.77227E-1 1.59176E-1 1.41879E-1 1.36672E-1 1.36517E-1 1.4283E-1 1.57304E-1 1.80698E-1 2.16063E-1 2.43512E-1 2.48757E-1 2.48757E-1 2.50357E-1 2.69451E-1 2.97489E-1 3.19044E-1 3.43421E-1 3.56592E-1 3.76274E-1 3.85593E-1 3.77296E-1 3.8509E-1 4.1539E-1 4.43E-1 4.74306E-1 4.94199E-1 5.01485E-1 5.30722E-1 5.51128E-1 5.64168E-1 5.78502E-1 5.67092E-1 5.79952E-1 5.93115E-1 5.92971E-1 5.93566E-1 6.0453E-1 5.98084E-1 5.86561E-1 5.76222E-1 5.72537E-1 5.47434E-1
6.28483E-2 9.39933E-2 1.09511E-1 1.0623E-1 1.03143E-1 9.71369E-2 9.42184E-2 9.92117E-2 1.00187E-1 9.51399E-2 9.31718E-2 9.40575E-2 9.69372E-2 9.29481E-2 9.29481E-2 9.19693E-2 9.37828E-2 9.47789E-2 9.47789E-2 9.59288E-2 1.01218E-1 1.14152E-1 1.45402E-1 1.62409E-1 1.53278E-1 1.41554E-1 1.38813E-1 1.46445E-1 1.51949E-1 1.62761E-1 1.87031E-1 2.1143E-1 2.33356E-1 2.54318E-1 2.54787E-1 2.68101E-1 2.9735E-1 3.24013E-1 3.48732E-1 3.67601E-1 3.8605E-1 3.9632E-1 3.9632E-1 3.89357E-1 4.04774E-1 4.3777E-1 4.6797E-1 4.86897E-1 5.00157E-1 5.18574E-1 5.36727E-1 5.63999E-1 5.83975E-1 5.9294E-1 5.8736E-1 5.89093E-1 5.68386E-1 5.77553E-1 5.98211E-1 6.05362E-1 5.97813E-1 5.61067E-1 5.64772E-1 5.74351E-1 5.53815E-1
7.96746E-2 9.61934E-2 1.17315E-1 1.15129E-1 1.09617E-1 1.10791E-1 1.07559E-1 1.06484E-1 1.04356E-1 1.04356E-1 1.03238E-1 1.03143E-1 1.03143E-1 1.00007E-1 1.00007E-1 9.79529E-2 1.00912E-1 9.98714E-2 1.00912E-1 1.04203E-1 1.10791E-1 1.23373E-1 1.35275E-1 1.4133E-1 1.36517E-1 1.32811E-1 1.43595E-1 1.54313E-1 1.65849E-1 1.73235E-1 1.91976E-1 2.16005E-1 2.43965E-1 2.66976E-1 2.81992E-1 3.07236E-1 3.46061E-1 3.72875E-1 3.8656E-1 4.00477E-1 4.06573E-1 4.20063E-1 4.20163E-1 4.05579E-1 4.3061E-1 4.83248E-1 4.92117E-1 4.82568E-1 4.96343E-1 5.19632E-1 5.44663E-1 5.69825E-1 6.0244E-1 6.03172E-1 6.05152E-1 5.99175E-1 5.76878E-1 6.01937E-1 5.94949E-1 5.9011E-1 5.71753E-1 5.53689E-1 5.61817E-1 5.35358E-1 5.21088E-1
9.31265E-2 9.08418E-2 1.17253E-1 1.23309E-1 1.20934E-1 1.17552E-1 1.16407E-1 1.09731E-1 1.06484E-1 1.08596E-1 1.09617E-1 1.08519E-1 1.07429E-1 1.07429E-1 1.06346E-1 1.06346E-1 1.08409E-1 1.09511E-1 1.12859E-1 1.11834E-1 1.19829E-1 1.28188E-1 1.39408E-1 1.44465E-1 1.4046E-1 1.45606E-1 1.60019E-1 1.73235E-1 1.8229E-1 1.88573E-1 2.00483E-1 2.22072E-1 2.49829E-1 2.88968E-1 3.33888E-1 3.7815E-1 4.0985E-1 4.25927E-1 4.30586E-1 4.32619E-1 4.28753E-1 4.24485E-1 4.20163E-1 4.23719E-1 4.24179E-1 5.05742E-1 4.76652E-1 4.47975E-1 4.88969E-1 5.23458E-1 5.50408E-1 5.88781E-1 6.15767E-1 6.01109E-1 6.04112E-1 6.01705E-1 6.01046E-1 5.95388E-1 5.56783E-1 5.48693E-1 5.28478E-1 5.34003E-1 5.6337E-1 5.50035E-1 5.22744E-1
1.04504E-1 1.05483E-1 1.04504E-1 1.17183E-1 1.22196E-1 1.2091E-1 1.2218E-1 1.15269E-1 1.10791E-1 1.11834E-1 1.1399E-1 1.15129E-1 1.17429E-1 1.17429E-1 1.17429E-1 1.14081E-1 1.14081E-1 1.17429E-1 1.20934E-1 1.2218E-1 1.2941E-1 1.39457E-1 1.47207E-1 1.60553E-1 1.68657E-1 1.80811E-1 1.94676E-1 2.00867E-1 2.05926E-1 2.05926E-1 2.15522E-1 2.26446E-1 2.6065E-1 3.12423E-1 3.67882E-1 4.37654E-1 4.73644E-1 4.74093E-1 4.7439E-1 4.67514E-1 4.49038E-1 4.2579E-1 4.47058E-1 4.61602E-1 4.46467E-1 4.47115E-1 4.1631E-1 4.46759E-1 5.10595E-1 5.47982E-1 5.71084E-1 6.10816E-1 6.22238E-1 6.11808E-1 6.02315E-1 5.88844E-1 5.82307E-1 5.82931E-1 5.36996E-1 5.09904E-1 5.51632E-1 5.72243E-1 5.26951E-1 5.33874E-1 4.92078E-1
1.10282E-1 1.06699E-1 1.0349E-1 1.06699E-1 1.18281E-1 1.21384E-1 1.26927E-1 1.24508E-1 1.19758E-1 1.24418E-1 1.24418E-1 1.28071E-1 1.29304E-1 1.30544E-1 1.29376E-1 1.23367E-1 1.25762E-1 1.25762E-1 1.31854E-1 1.36899E-1 1.43343E-1 1.52657E-1 1.66357E-1 1.81966E-1 1.99555E-1 2.26937E-1 2.34033E-1 2.40762E-1 2.37825E-1 2.31087E-1 2.29738E-1 2.38201E-1 2.81882E-1 3.4212E-1 4.12563E-1 4.66141E-1 5.02015E-1 5.18159E-1 5.11093E-1 5.02955E-1 4.75385E-1 4.65086E-1 4.82278E-1 4.96058E-1 4.78159E-1 4.43113E-1 4.48101E-1 4.86801E-1 5.51205E-1 5.82335E-1 6.00097E-1 6.14967E-1 6.22251E-1 6.16893E-1 6.02257E-1 5.57567E-1 5.1706E-1 5.45475E-1 5.37806E-1 5.67853E-1 5.59085E-1 5.10839E-1 5.48253E-1 4.65842E-1 4.10585E-1
1.30792E-1 1.28038E-1 1.18867E-1 1.17044E-1 1.22601E-1 1.28324E-1 1.34362E-1 1.34218E-1 1.31552E-1 1.32816E-1 1.35493E-1 1.41977E-1 1.44622E-1 1.44674E-1 1.39465E-1 1.38176E-1 1.38176E-1 1.40745E-1 1.44653E-1 1.52725E-1 1.5813E-1 1.66542E-1 1.81076E-1 2.02034E-1 2.32431E-1 2.72754E-1 2.96887E-1 2.84263E-1 2.73524E-1 2.54441E-1 2.40698E-1 2.59733E-1 3.16867E-1 3.80902E-1 4.42692E-1 4.90215E-1 5.27394E-1 5.50969E-1 5.45718E-1 5.25536E-1 5.04656E-1 4.93018E-1 4.64806E-1 4.57837E-1 4.65802E-1 4.45623E-1 5.18301E-1 5.3781E-1 5.62438E-1 6.00948E-1 6.13429E-1 6.24442E-1 6.22216E-1 6.19226E-1 6.05427E-1 5.64011E-1 5.08721E-1 5.59727E-1 5.7007E-1 5.329E-1 5.08084E-1 5.27549E-1 5.03635E-1 4.3765E-1 4.15821E-1
1.14651E-1 1.29878E-1 1.28236E-1 1.28236E-1 1.33567E-1 1.37042E-1 1.43343E-1 1.41977E-1 1.44219E-1 1.45567E-1 1.49813E-1 1.62498E-1 1.65377E-1 1.66817E-1 1.5409E-1 1.51368E-1 1.4589E-1 1.512E-1 1.5813E-1 1.66542E-1 1.75187E-1 1.82564E-1 1.96215E-1 2.13502E-1 2.49741E-1 3.11408E-1 3.56935E-1 3.28622E-1 3.0297E-1 2.80169E-1 2.76188E-1 3.13945E-1 3.84451E-1 4.26137E-1 4.72927E-1 5.16932E-1 5.55156E-1 5.73922E-1 5.76082E-1 5.59457E-1 5.34458E-1 4.8013E-1 4.43522E-1 4.71974E-1 4.89453E-1 5.09288E-1 5.49006E-1 5.72334E-1 5.78222E-1 6.07387E-1 6.18248E-1 6.24687E-1 6.26223E-1 6.29496E-1 6.19974E-1 6.13839E-1 5.96653E-1 5.50738E-1 5.05497E-1 4.60152E-1 4.30071E-1 5.21537E-1 4.43617E-1 4.31798E-1 4.10895E-1
1.20544E-1 1.36731E-1 1.35102E-1 1.36916E-1 1.43315E-1 1.53527E-1 1.54122E-1 1.55349E-1 1.58818E-1 1.59075E-1 1.70962E-1 1.89353E-1 2.00276E-1 1.87659E-1 1.76985E-1 1.59516E-1 1.5799E-1 1.66357E-1 1.7665E-1 1.9009E-1 1.9776E-1 2.03995E-1 2.13502E-1 2.24812E-1 2.46992E-1 2.99964E-1 3.37802E-1 3.40458E-1 3.3004E-1 3.1517E-1 3.25671E-1 3.88562E-1 4.54259E-1 4.60412E-1 4.98879E-1 5.39342E-1 5.70009E-1 5.89176E-1 5.95549E-1 5.88972E-1 5.57911E-1 4.61329E-1 4.58063E-1 4.87304E-1 5.18108E-1 5.47508E-1 5.81629E-1 6.01465E-1 6.12624E-1 6.15589E-1 6.02282E-1 6.1265E-1 6.17228E-1 6.30637E-1 6.28539E-1 6.39787E-1 6.21148E-1 5.64991E-1 4.98891E-1 4.34581E-1 4.04547E-1 4.95539E-1 4.17784E-1 4.05773E-1 4.1602E-1
