KUENM/Final_Models/M_0.1_F_lq_Set_2_NE/sp1_0_se_asia.asc
ncols         320
nrows         243
xllcorner     44.0
yllcorner     -0.666666666666667
cellsize      0.166666666666667
NODATA_value  -9999
[rows 31 to 61 of 243, columns 70 to 139 of 320]
8.98182E-3 9.12788E-3 8.98418E-3 9.12788E-3 9.12788E-3 8.84067E-3 8.70146E-3 8.28163E-3 5.8272E-3 4.55927E-3 7.36699E-3 8.16544E-3 8.0869E-3 6.67315E-3 6.03459E-3 5.5283E-3 6.50164E-3 8.17286E-3 9.93145E-3 1.06628E-2 1.09851E-2 1.14605E-2 1.16168E-2 1.16059E-2 1.09233E-2 6.43724E-3 8.84526E-3 6.94922E-3 3.52455E-3 8.71972E-3 1.30012E-2 1.4759E-2 1.40693E-2 1.49533E-2 1.46739E-2 1.13716E-2 8.79897E-3 6.92636E-3 5.08411E-3 1.59716E-3 1.64545E-3 5.61697E-4 3.82647E-4 6.3797E-5 1.38232E-5 2.11946E-5 1.87329E-5 7.15788E-6 3.10255E-6 2.12127E-6 4.95867E-7 6.2315E-7 1.57092E-7 8.23646E-7 1.34044E-6 2.67538E-6 3.03296E-6 4.41305E-6 2.2088E-6 1.57854E-6 2.23382E-6 1.21658E-6 4.56858E-7 2.7371E-7 1.42453E-7 5.74687E-8 3.18277E-8 1.16826E-7 2.07698E-8 2.47179E-8
8.41478E-3 8.41478E-3 8.41478E-3 8.41478E-3 8.15719E-3 7.90386E-3 8.42426E-3 8.03367E-3 6.41857E-3 4.89646E-3 7.46005E-3 7.69932E-3 7.60052E-3 4.97211E-3 2.0281E-3 2.09494E-3 3.73663E-3 6.12227E-3 8.06682E-3 9.40158E-3 1.00958E-2 1.08325E-2 1.15993E-2 9.10017E-3 1.09756E-2 1.2785E-2 1.10708E-2 1.18329E-2 7.49201E-3 6.68446E-3 1.07717E-2 1.17198E-2 1.12586E-2 1.32761E-2 1.68133E-2 1.58799E-2 1.48453E-2 1.35266E-2 1.18614E-2 9.08528E-3 8.18694E-3 4.1382E-3 3.20618E-4 1.87329E-5 1.86129E-4 1.13133E-3 3.64678E-4 3.66255E-5 4.38576E-6 7.57975E-6 7.71245E-6 2.38375E-6 1.7814E-6 1.65485E-6 1.18013E-6 2.13126E-6 2.10772E-6 6.2531E-7 7.52354E-7 3.61949E-7 3.26965E-7 1.88631E-7 1.20913E-7 1.12687E-7 6.49241E-8 1.12759E-7 1.04703E-7 8.84311E-8 2.03668E-7 6.76001E-8
8.38143E-3 8.24613E-3 8.24613E-3 7.87144E-3 6.50404E-3 5.24621E-3 6.7198E-3 6.60566E-3 5.27916E-3 5.62879E-3 7.63646E-3 7.60237E-3 6.99226E-3 5.66957E-3 2.96841E-3 1.65E-3 1.09855E-3 3.73663E-3 5.59054E-3 5.71567E-3 6.45108E-3 9.29737E-3 1.10981E-2 8.89819E-3 7.54945E-3 1.37623E-2 1.46403E-2 1.44961E-2 1.40237E-2 1.33106E-2 1.17855E-2 1.04469E-2 1.28419E-2 1.30925E-2 1.33317E-2 1.0615E-2 7.89459E-3 1.26758E-2 1.62791E-2 1.4862E-2 1.19517E-2 9.60057E-3 5.24951E-3 3.80295E-3 2.05735E-3 9.10801E-5 1.17946E-5 1.77733E-5 1.05581E-5 9.19188E-6 2.96177E-6 4.4351E-7 3.5114E-7 4.38315E-7 2.55675E-7 2.86225E-7 2.80339E-7 3.10438E-7 5.92612E-7 3.88173E-7 3.54527E-7 2.7192E-7 5.35271E-7 8.10584E-7 3.61873E-7 3.21839E-7 2.32794E-7 4.89659E-7 1.4395E-7 6.03607E-7
8.06011E-3 7.6996E-3 7.57361E-3 7.01572E-3 5.502E-3 2.8663E-3 4.83492E-3 5.26757E-3 4.04171E-3 6.25652E-3 7.28694E-3 6.90888E-3 6.09419E-3 5.41251E-3 4.2827E-3 3.16597E-3 1.00392E-3 5.68841E-4 2.07366E-3 2.73489E-3 3.3495E-3 5.42634E-3 8.1878E-3 9.69063E-3 8.91055E-3 1.30867E-2 1.3583E-2 1.56901E-2 1.62471E-2 1.64748E-2 1.70357E-2 1.63438E-2 1.40413E-2 1.33669E-2 9.1373E-3 3.96347E-3 6.76484E-3 9.58711E-3 7.3948E-3 5.56206E-3 2.64116E-3 7.60039E-4 1.85241E-4 6.03495E-5 8.56708E-5 3.51962E-5 1.29426E-5 2.23984E-5 5.55211E-6 2.26464E-6 1.08147E-6 9.12461E-7 5.29682E-7 5.72657E-7 4.15904E-7 3.98584E-7 8.8387E-7 5.99048E-7 4.59649E-7 9.72953E-7 1.42166E-6 4.47518E-7 5.91086E-7 2.55925E-6 1.68595E-6 8.72011E-7 1.89983E-7 1.15801E-7 7.38756E-7 1.73263E-6
7.51216E-3 7.38809E-3 7.17791E-3 6.7868E-3 4.30695E-3 3.65828E-3 5.4187E-3 3.60621E-3 2.29968E-3 4.68746E-3 6.83002E-3 6.79884E-3 5.90415E-3 4.41876E-3 3.73729E-3 3.91402E-3 3.10492E-3 1.34526E-3 1.12993E-3 2.90681E-3 3.4975E-3 2.73984E-3 5.09958E-3 7.51278E-3 8.07227E-3 1.08682E-2 1.00958E-2 1.27206E-2 1.52228E-2 1.58894E-2 1.39048E-2 1.47776E-2 1.2785E-2 8.34959E-3 5.95508E-3 6.18723E-3 7.21721E-3 5.81395E-3 3.09021E-3 1.17583E-3 7.35125E-4 2.0353E-4 2.21771E-5 9.67679E-6 1.13964E-5 1.85777E-5 2.77244E-5 1.10673E-5 1.36665E-6 1.09268E-6 6.87453E-7 4.89573E-7 3.96348E-7 8.20156E-7 9.83642E-7 1.15155E-6 5.07747E-7 7.44293E-7 3.58224E-7 4.69472E-7 4.33056E-6 1.2843E-6 1.2843E-6 6.20623E-6 3.49962E-7 4.37993E-7 2.79382E-7 5.87648E-7 3.3933E-6 1.35475E-6
6.8736E-3 6.99037E-3 6.30312E-3 5.24439E-3 4.73709E-3 6.5436E-3 7.51427E-3 6.06857E-3 2.29566E-3 1.99272E-3 5.47815E-3 6.27137E-3 5.53953E-3 5.05331E-3 4.1453E-3 4.21753E-3 4.22213E-3 3.66171E-3 1.98209E-3 1.18463E-3 2.57571E-3 3.15267E-3 4.37049E-3 5.9223E-3 4.21634E-3 4.39748E-3 9.51327E-3 1.01905E-2 1.30988E-2 1.42348E-2 1.33192E-2 1.43093E-2 1.12798E-2 7.25209E-3 7.96934E-3 8.80792E-3 6.35046E-3 4.3535E-3 2.3356E-3 2.27838E-3 9.10651E-4 2.77153E-4 1.42678E-4 2.44854E-5 2.42215E-5 6.49642E-6 1.91476E-6 1.04337E-6 2.8099E-6 1.27092E-6 3.50141E-6 2.99532E-6 2.22742E-6 5.72657E-7 8.20156E-7 9.72953E-7 6.18667E-7 2.23382E-6 3.71043E-6 8.82729E-6 9.93893E-6 7.5064E-7 4.73829E-6 2.27005E-5 1.69032E-6 9.82521E-6 3.24244E-5 9.1638E-6 4.26969E-7 6.4389E-8
7.02437E-3 6.45898E-3 5.31523E-3 3.14888E-3 3.3112E-3 6.75856E-3 8.14156E-3 7.66606E-3 4.96291E-3 9.29946E-4 3.42431E-3 4.869E-3 4.20561E-3 4.30194E-3 4.53694E-3 4.50775E-3 4.39885E-3 3.79014E-3 4.35108E-3 2.75195E-3 1.60202E-3 2.2512E-3 2.76646E-3 2.45167E-3 4.68106E-3 5.22442E-3 8.47015E-3 1.08668E-2 1.22317E-2 1.30891E-2 1.33622E-2 1.32914E-2 1.18427E-2 1.00958E-2 9.30018E-3 7.73398E-3 6.05281E-3 4.29035E-3 3.57535E-3 3.07719E-3 1.30578E-3 3.33866E-4 2.20428E-4 1.6428E-4 1.24308E-5 6.65701E-6 1.93458E-5 5.89965E-5 5.2255E-5 2.91687E-5 8.06951E-6 5.58524E-6 2.67538E-6 2.64599E-6 1.33737E-6 5.78753E-7 2.41499E-6 2.92995E-6 4.51714E-5 1.21149E-4 3.81169E-5 1.31134E-6 5.12269E-5 1.82523E-4 7.47122E-5 4.58717E-5 2.1274E-6 1.23089E-7 1.30639E-7 9.17873E-7
6.563E-3 5.45322E-3 4.20513E-3 2.50349E-3 3.14888E-3 6.0936E-3 7.67482E-3 8.00524E-3 5.96784E-3 2.02576E-3 2.05858E-3 4.20788E-3 4.24209E-3 3.6899E-3 4.28205E-3 4.53694E-3 4.77731E-3 4.40886E-3 4.89709E-3 4.41965E-3 2.93725E-3 1.79901E-3 1.3374E-3 9.35979E-4 1.69521E-3 1.00235E-3 2.16315E-3 7.78248E-3 1.13992E-2 1.24318E-2 1.21492E-2 1.10747E-2 1.032E-2 9.58369E-3 8.41227E-3 6.86653E-3 4.88865E-3 4.05517E-3 4.79955E-3 4.79955E-3 4.12292E-3 2.54996E-3 9.17336E-4 3.07577E-4 2.23148E-4 5.38185E-4 4.18817E-4 1.21149E-4 1.46676E-5 3.59581E-5 2.3513E-5 7.16024E-6 1.03839E-6 1.35206E-6 3.43152E-6 5.00352E-6 1.66777E-5 9.4557E-6 4.02071E-5 5.99446E-5 4.14126E-4 4.78615E-6 9.48707E-5 5.85038E-4 6.78115E-5 2.0761E-5 4.68342E-6 6.95706E-7 1.22859E-6 4.86654E-7
6.17033E-3 5.43219E-3 3.65126E-3 3.70349E-3 3.98353E-3 5.23512E-3 7.2305E-3 7.99123E-3 7.60787E-3 5.42236E-3 2.63386E-3 3.8497E-3 5.05525E-3 4.7804E-3 4.82229E-3 4.7011E-3 4.48854E-3 4.19916E-3 4.40886E-3 3.97404E-3 3.37499E-3 1.89764E-3 9.84165E-4 4.83E-4 7.60649E-4 6.17314E-4 9.48949E-4 1.98733E-3 8.62351E-3 1.04412E-2 9.96902E-3 9.42201E-3 9.16027E-3 8.27349E-3 6.78246E-3 6.4071E-3 4.88653E-3 4.72241E-3 5.1266E-3 5.45311E-3 3.68141E-3 2.04943E-3 1.23856E-3 1.62437E-3 8.61844E-4 1.28874E-3 5.7804E-4 3.56446E-4 6.64021E-4 2.54966E-4 9.80062E-5 2.65609E-5 2.92995E-6 2.36214E-6 3.83723E-6 1.21545E-5 5.04494E-5 3.265E-5 1.48044E-4 9.14771E-4 3.69952E-4 8.71834E-5 6.70227E-4 1.94307E-4 1.18985E-5 5.63327E-7 9.94736E-7 1.53519E-6 5.90959E-7 3.74125E-7
5.47447E-3 5.66558E-3 4.80927E-3 3.9238E-3 3.3085E-3 3.62931E-3 5.96341E-3 7.41869E-3 8.26697E-3 8.00259E-3 2.79973E-3 3.19451E-3 5.98829E-3 6.18101E-3 5.94293E-3 4.41206E-3 4.39632E-3 3.05606E-3 2.16757E-3 2.18551E-3 2.63012E-3 1.34807E-3 8.02853E-4 8.55602E-4 1.47038E-3 1.65091E-3 2.04015E-3 1.26385E-3 6.24317E-3 9.17305E-3 8.51412E-3 8.68765E-3 8.73251E-3 7.01203E-3 6.50515E-3 5.05901E-3 3.59959E-3 3.85673E-3 5.13477E-3 3.30273E-3 2.48223E-3 3.27429E-3 3.16605E-3 1.08282E-3 7.96126E-4 6.1602E-4 2.03022E-3 7.54831E-4 9.87917E-5 8.00822E-5 1.09306E-5 1.85087E-6 2.44174E-6 9.24254E-6 6.08131E-5 3.94124E-4 4.96396E-4 2.02821E-5 6.31984E-4 2.83177E-3 5.21591E-4 7.29375E-4 2.49822E-4 5.27073E-5 5.88285E-6 4.91956E-6 1.203E-5 8.57603E-7 1.03479E-6 1.83151E-6
3.66488E-3 5.83174E-3 4.95373E-3 3.65126E-3 2.6524E-3 2.78997E-3 5.39395E-3 6.35045E-3 6.64524E-3 7.66606E-3 6.65398E-3 5.99042E-3 7.23099E-3 7.04503E-3 7.05823E-3 6.58336E-3 5.99558E-3 5.0976E-3 2.72864E-3 3.35516E-3 3.56692E-3 2.88031E-3 2.39063E-3 8.85974E-4 4.69896E-4 1.76861E-3 2.99829E-3 3.49E-3 5.84676E-3 7.51911E-3 9.27357E-3 8.69524E-3 7.79184E-3 6.50139E-3 6.50139E-3 6.05314E-3 5.16086E-3 4.96085E-3 4.55218E-3 4.09273E-3 4.83617E-3 4.01615E-3 4.91036E-3 4.90765E-3 3.45195E-3 2.13246E-3 1.95748E-3 2.32838E-4 6.00274E-5 1.35266E-5 6.91981E-6 4.00705E-5 3.02867E-5 8.02601E-5 1.06339E-3 1.01887E-3 1.7528E-4 1.10621E-4 3.82033E-3 5.9316E-3 1.28048E-3 1.51401E-4 6.23674E-4 2.02122E-4 8.12079E-5 8.26351E-5 1.01571E-5 3.20475E-7 4.06351E-6 5.38537E-5
3.73209E-3 4.70523E-3 4.27874E-3 3.9238E-3 3.64131E-3 3.84184E-3 5.06091E-3 6.19758E-3 6.30312E-3 6.56915E-3 7.51427E-3 8.0623E-3 7.72855E-3 7.03238E-3 7.14921E-3 6.8326E-3 6.82353E-3 6.09251E-3 5.01764E-3 4.43809E-3 1.63091E-3 9.41945E-4 1.23475E-3 1.40674E-3 7.47851E-4 5.9664E-4 2.88031E-3 3.51292E-3 5.1943E-3 7.72367E-3 8.56064E-3 8.96043E-3 8.03367E-3 6.62668E-3 5.38888E-3 5.64613E-3 5.84393E-3 4.80461E-3 4.30156E-3 6.62668E-3 6.81023E-3 6.44742E-3 6.29863E-3 4.48672E-3 4.35108E-3 3.39418E-3 2.46671E-3 7.32362E-4 4.69494E-4 7.1589E-5 8.65939E-5 1.28201E-4 2.00189E-4 1.25511E-3 3.14138E-3 1.41362E-3 3.99136E-4 4.03422E-4 5.19623E-3 4.00136E-3 1.08514E-3 3.31798E-3 1.97917E-3 8.01032E-4 7.47372E-5 5.3433E-6 2.26745E-6 1.58795E-6 3.61729E-5 1.50556E-4
3.2315E-3 4.92046E-3 4.63765E-3 3.99623E-3 4.43057E-3 3.83068E-3 4.50394E-3 5.75621E-3 5.3242E-3 3.95639E-3 5.14107E-3 7.77037E-3 7.90129E-3 7.01572E-3 7.03238E-3 6.72193E-3 6.03993E-3 6.23812E-3 5.41907E-3 4.34994E-3 3.35573E-3 2.72864E-3 1.21645E-3 1.06499E-3 1.34578E-3 1.08074E-3 2.52796E-3 2.99933E-3 3.05191E-3 6.41857E-3 8.38143E-3 8.85754E-3 7.17418E-3 5.21476E-3 5.68796E-3 6.61115E-3 6.18819E-3 5.98207E-3 6.29485E-3 6.29439E-3 6.35841E-3 5.93788E-3 5.13336E-3 4.20987E-3 2.55234E-3 2.01924E-3 1.23167E-3 1.24949E-3 5.38327E-4 4.37939E-4 4.30938E-4 2.35879E-4 1.07259E-3 2.742E-3 4.77939E-3 2.37355E-3 1.93383E-3 2.95624E-3 1.10092E-2 5.2782E-3 8.02253E-3 7.62178E-3 2.23673E-3 1.39637E-4 3.66376E-6 7.15962E-5 1.88386E-4 2.56295E-4 4.33323E-4 1.69771E-4
3.60596E-3 4.89968E-3 5.22533E-3 4.73518E-3 4.97576E-3 5.21385E-3 4.58343E-3 5.7708E-3 5.42032E-3 3.43262E-3 2.66681E-3 7.35127E-3 8.1178E-3 7.63806E-3 7.89547E-3 7.35154E-3 5.94293E-3 4.85778E-3 3.80872E-3 3.05767E-3 1.97791E-3 2.389E-3 2.72864E-3 1.45918E-3 1.35873E-3 1.85088E-3 2.77096E-3 3.01075E-3 2.51124E-3 2.6925E-3 6.60566E-3 8.12281E-3 7.44944E-3 6.39931E-3 6.90043E-3 6.48671E-3 6.17081E-3 5.51415E-3 5.68592E-3 5.51326E-3 5.37313E-3 2.56496E-3 2.73459E-3 3.7169E-3 4.07046E-3 4.38568E-3 2.83712E-3 3.0834E-3 2.83353E-3 1.62732E-3 5.76691E-4 1.11577E-3 2.87731E-3 4.9567E-3 6.65719E-3 7.34648E-3 9.00284E-3 9.39699E-3 2.90309E-3 4.09977E-3 4.77964E-3 2.01089E-3 5.23613E-4 1.15867E-4 1.14636E-4 8.13485E-4 1.30264E-3 1.07203E-3 3.03E-4 7.3815E-4
2.2243E-3 4.13784E-3 4.28197E-3 4.80927E-3 4.73974E-3 4.50394E-3 4.7407E-3 5.65977E-3 6.22209E-3 5.42289E-3 5.32951E-3 8.61098E-3 8.90629E-3 8.33642E-3 8.7008E-3 7.98947E-3 7.25143E-3 6.50404E-3 5.59708E-3 4.97003E-3 3.80872E-3 2.40466E-3 1.19421E-3 1.16166E-3 2.15911E-3 1.94775E-3 1.46731E-3 2.74051E-3 4.7804E-3 3.99703E-3 4.37887E-3 6.5645E-3 7.14537E-3 7.14537E-3 6.34866E-3 6.51901E-3 5.99117E-3 5.81524E-3 5.71729E-3 5.40583E-3 5.69906E-3 5.03193E-3 5.6861E-3 6.18819E-3 6.37389E-3 5.96837E-3 5.46998E-3 5.42865E-3 4.39885E-3 2.86673E-3 2.29377E-3 3.37477E-3 4.45408E-3 6.31395E-3 8.03802E-3 9.53711E-3 9.02269E-3 5.65699E-3 2.01102E-3 1.60001E-3 1.47441E-3 1.96529E-3 1.4441E-3 2.89792E-3 2.61165E-3 3.92609E-3 2.25307E-3 1.93137E-3 1.99374E-3 1.08514E-3
1.55319E-3 2.60791E-3 2.11738E-3 3.90731E-3 5.22598E-3 5.3242E-3 5.67446E-3 5.85411E-3 6.7945E-3 6.45579E-3 6.17081E-3 9.11648E-3 9.07003E-3 8.9935E-3 8.85448E-3 8.41532E-3 8.21579E-3 7.13272E-3 6.18819E-3 4.81252E-3 3.93367E-3 2.40988E-3 1.62553E-3 1.38822E-3 2.48637E-3 3.57435E-3 1.63769E-3 1.72704E-3 4.4095E-3 4.89327E-3 5.03193E-3 6.26062E-3 6.8736E-3 7.28715E-3 6.97648E-3 6.38481E-3 6.00002E-3 5.93236E-3 5.83174E-3 5.5966E-3 5.73837E-3 5.68592E-3 6.17081E-3 6.18841E-3 6.19182E-3 6.28264E-3 6.03993E-3 5.29865E-3 4.92859E-3 4.33139E-3 4.81126E-3 5.78582E-3 6.94676E-3 7.91156E-3 9.21339E-3 1.02101E-2 8.7574E-3 6.24034E-3 3.25509E-3 4.81283E-3 5.99922E-3 7.92641E-3 7.85118E-3 7.65815E-3 4.33296E-3 3.31165E-3 4.65616E-3 4.47773E-3 2.10867E-3 6.18398E-4
1.48585E-3 2.05843E-3 1.88573E-3 2.10222E-3 4.5805E-3 5.4978E-3 7.02437E-3 7.99123E-3 8.14156E-3 8.14156E-3 8.14156E-3 9.51431E-3 8.96486E-3 9.1171E-3 9.42846E-3 9.14539E-3 8.41532E-3 7.76583E-3 6.5053E-3 5.16157E-3 3.71152E-3 3.14167E-3 2.69755E-3 1.83104E-3 1.43614E-3 2.26306E-3 2.37562E-3 1.49343E-3 3.57167E-3 3.60484E-3 4.60203E-3 5.93575E-3 6.74309E-3 7.0487E-3 6.57881E-3 6.40599E-3 6.02428E-3 5.86063E-3 6.02428E-3 5.86063E-3 6.03452E-3 5.89028E-3 5.93575E-3 6.15672E-3 6.37986E-3 6.49663E-3 6.50404E-3 5.82817E-3 5.78012E-3 5.93788E-3 6.2277E-3 6.88342E-3 7.84045E-3 8.59994E-3 1.01209E-2 8.3965E-3 6.85876E-3 3.42416E-3 4.95213E-3 8.4624E-3 1.11395E-2 1.41963E-2 1.51307E-2 9.89953E-3 8.82304E-3 9.55612E-3 6.65467E-3 4.07763E-3 1.22539E-3 9.18023E-4
9.4337E-4 4.06486E-4 1.48279E-3 1.55944E-3 3.32103E-3 5.68592E-3 6.8267E-3 7.93877E-3 9.31539E-3 9.74488E-3 9.91144E-3 9.27212E-3 8.84384E-3 9.3815E-3 9.3815E-3 9.54075E-3 9.36603E-3 7.85081E-3 6.70517E-3 5.16157E-3 4.04171E-3 3.40696E-3 3.65244E-3 3.08317E-3 1.44807E-3 1.16735E-3 2.53169E-3 2.26628E-3 3.40191E-3 4.17999E-3 4.394E-3 5.23512E-3 6.38481E-3 6.80051E-3 6.24847E-3 6.08978E-3 6.03604E-3 6.03604E-3 5.83037E-3 5.82007E-3 5.76052E-3 6.17033E-3 6.31531E-3 6.45898E-3 6.49079E-3 6.45579E-3 6.18841E-3 5.98207E-3 6.18101E-3 6.49032E-3 6.81313E-3 7.16214E-3 8.02246E-3 9.10336E-3 1.01256E-2 1.04654E-2 1.08682E-2 1.01167E-2 1.06331E-2 1.33106E-2 1.54299E-2 1.58051E-2 1.627E-2 1.57758E-2 1.17875E-2 9.84767E-3 1.0613E-2 3.52544E-3 8.97959E-4 1.51027E-3
1.3642E-3 9.25073E-4 6.95242E-4 5.55587E-4 2.26288E-3 4.52663E-3 4.85313E-3 3.51427E-3 4.56134E-3 9.74488E-3 1.05179E-2 9.1729E-3 9.3815E-3 9.63579E-3 9.67668E-3 9.67668E-3 9.27212E-3 8.84384E-3 7.47518E-3 6.29169E-3 5.40208E-3 3.12164E-3 2.49306E-3 4.46368E-3 4.29524E-3 2.98601E-3 3.60484E-3 3.60621E-3 4.61852E-3 5.24439E-3 4.73709E-3 5.31523E-3 6.297E-3 6.61562E-3 6.50171E-3 6.23576E-3 6.23576E-3 5.93107E-3 5.88193E-3 6.24847E-3 6.30416E-3 6.30416E-3 6.3567E-3 6.38481E-3 5.99117E-3 5.7708E-3 5.69412E-3 6.18841E-3 6.19189E-3 6.83125E-3 7.27993E-3 7.5217E-3 8.27996E-3 8.97431E-3 1.06683E-2 1.24318E-2 1.32843E-2 1.47071E-2 1.75399E-2 1.76717E-2 1.81467E-2 1.93368E-2 2.00414E-2 1.90674E-2 2.00718E-2 1.78365E-2 1.27799E-2 5.88016E-3 3.81814E-3 3.43379E-3
2.52744E-3 1.23455E-3 1.55244E-3 8.32512E-4 1.07444E-3 2.89155E-3 4.91483E-3 6.39931E-3 7.11218E-3 1.05336E-2 1.0894E-2 1.03064E-2 1.00805E-2 9.91144E-3 9.93942E-3 9.93942E-3 9.71306E-3 8.91775E-3 8.07373E-3 6.67483E-3 6.67483E-3 6.37986E-3 5.03193E-3 4.75616E-3 5.32951E-3 3.81655E-3 3.57736E-3 4.98088E-3 4.98559E-3 4.56675E-3 5.64188E-3 5.34001E-3 6.18967E-3 6.54414E-3 6.31973E-3 6.06337E-3 6.1704E-3 5.958E-3 6.06337E-3 6.12797E-3 6.23576E-3 6.29819E-3 6.52525E-3 5.86262E-3 5.73837E-3 5.93575E-3 6.03668E-3 6.15672E-3 6.36607E-3 6.90043E-3 7.57361E-3 8.06011E-3 8.27996E-3 8.09772E-3 9.13807E-3 1.14393E-2 1.30361E-2 1.55993E-2 1.83324E-2 2.02187E-2 2.02723E-2 2.27461E-2 2.24491E-2 2.32948E-2 1.87453E-2 1.97222E-2 8.78384E-3 4.8628E-3 4.63151E-3 3.69311E-3
3.57383E-3 3.20882E-3 2.12412E-3 1.20094E-3 2.1684E-4 7.20201E-4 4.30856E-3 5.56846E-3 7.47387E-3 1.04821E-2 1.12609E-2 1.08974E-2 1.0341E-2 1.05179E-2 1.0341E-2 1.01667E-2 9.7721E-3 8.91775E-3 8.40798E-3 7.79618E-3 7.02667E-3 7.31044E-3 6.62939E-3 5.05658E-3 5.42236E-3 3.90718E-3 1.89023E-3 5.24451E-3 5.83632E-3 5.14736E-3 5.39395E-3 6.297E-3 6.30416E-3 6.54414E-3 6.21012E-3 6.21012E-3 5.99599E-3 5.99599E-3 6.10221E-3 6.13834E-3 6.21012E-3 6.31973E-3 6.50171E-3 6.58094E-3 6.45195E-3 6.20861E-3 6.27507E-3 6.19758E-3 6.62939E-3 7.14537E-3 7.81633E-3 8.72846E-3 8.41478E-3 8.53269E-3 9.42321E-3 1.06416E-2 1.29759E-2 1.46147E-2 1.6947E-2 1.8289E-2 1.99555E-2 2.3988E-2 2.36241E-2 2.44691E-2 2.55255E-2 2.04229E-2 5.15983E-3 3.75128E-3 3.48705E-3 3.10936E-3
2.02253E-3 4.07369E-3 3.17207E-3 1.90722E-3 1.07731E-3 6.22539E-4 2.28097E-3 4.0839E-3 2.27167E-3 8.99479E-3 1.10835E-2 1.10807E-2 1.13935E-2 1.10366E-2 1.06856E-2 1.08497E-2 1.0529E-2 9.23055E-3 8.61098E-3 7.46488E-3 6.43483E-3 6.99037E-3 7.53786E-3 5.79009E-3 5.51186E-3 4.21958E-3 3.65828E-3 5.24451E-3 5.73837E-3 6.00002E-3 5.83174E-3 6.35759E-3 6.69942E-3 6.58367E-3 6.43106E-3 5.99599E-3 5.99599E-3 6.03131E-3 6.06391E-3 6.28121E-3 6.28121E-3 6.35752E-3 6.58367E-3 6.14103E-3 5.89808E-3 6.03452E-3 6.45898E-3 6.5336E-3 7.06853E-3 7.85081E-3 8.41532E-3 8.99479E-3 8.91905E-3 8.96168E-3 8.9594E-3 1.12286E-2 1.30361E-2 1.53034E-2 1.64776E-2 1.91981E-2 2.09493E-2 2.59884E-2 2.89996E-2 3.42608E-2 3.68597E-2 1.99989E-2 2.59469E-3 2.35334E-3 1.74105E-3 1.75982E-3
3.65244E-3 2.14355E-3 3.58937E-3 3.10354E-3 2.65097E-3 1.16352E-3 1.04944E-3 1.65552E-3 1.76564E-3 6.35841E-3 8.99479E-3 1.14625E-2 1.15183E-2 1.14548E-2 1.11917E-2 1.11917E-2 1.08077E-2 1.00039E-2 8.73812E-3 8.12807E-3 7.34003E-3 7.14412E-3 7.41869E-3 6.68098E-3 5.7708E-3 4.89841E-3 4.72172E-3 4.13197E-3 4.24974E-3 5.7909E-3 6.74928E-3 6.77565E-3 6.89042E-3 6.73683E-3 6.58367E-3 6.10221E-3 6.24707E-3 6.28121E-3 6.20225E-3 6.06391E-3 5.7804E-3 5.57925E-3 5.88193E-3 5.86063E-3 5.86063E-3 6.17033E-3 6.563E-3 7.21702E-3 7.28715E-3 8.07373E-3 8.84384E-3 9.05798E-3 9.18388E-3 8.96168E-3 9.78961E-3 1.18554E-2 1.33712E-2 1.60018E-2 1.78211E-2 2.0392E-2 2.30527E-2 2.56481E-2 3.23535E-2 3.69366E-2 3.81056E-2 7.05416E-3 3.20432E-3 1.50234E-3 1.62639E-3 2.10715E-3
4.5228E-3 4.21509E-3 2.34249E-3 2.26076E-3 2.95372E-3 3.19546E-3 1.25293E-3 6.25032E-4 1.12919E-3 2.25213E-3 4.60871E-3 1.11495E-2 1.138E-2 1.15183E-2 1.11917E-2 1.11189E-2 1.07406E-2 1.0386E-2 9.83806E-3 9.12748E-3 8.2303E-3 8.04625E-3 7.21702E-3 6.30312E-3 5.59957E-3 5.15754E-3 3.51934E-3 3.10562E-3 3.13475E-3 3.68141E-3 6.69521E-3 7.13452E-3 7.32479E-3 6.92241E-3 6.62024E-3 6.28121E-3 6.06391E-3 6.20225E-3 6.59473E-3 6.1717E-3 5.38807E-3 5.57925E-3 5.43008E-3 5.77647E-3 5.97989E-3 6.3567E-3 6.86983E-3 7.35348E-3 7.7992E-3 8.61098E-3 9.1729E-3 9.4639E-3 9.15066E-3 9.87216E-3 1.06821E-2 1.26599E-2 1.49552E-2 1.70893E-2 1.88541E-2 2.17182E-2 2.49317E-2 2.86314E-2 3.46529E-2 3.64745E-2 1.75813E-2 9.51668E-3 1.70616E-2 1.62454E-2 1.4862E-2 9.09529E-3
5.34418E-3 4.92859E-3 3.73729E-3 1.14574E-3 1.19666E-3 2.16298E-3 3.01333E-3 2.42638E-3 2.04159E-4 6.46309E-4 1.47005E-3 9.06896E-3 1.11864E-2 1.13861E-2 1.10672E-2 1.0752E-2 1.05076E-2 1.04019E-2 1.00845E-2 9.34167E-3 9.33349E-3 8.41005E-3 7.22893E-3 6.56915E-3 5.50641E-3 4.89841E-3 3.66577E-3 3.29273E-3 3.71915E-3 3.00537E-3 5.71729E-3 7.32479E-3 7.37648E-3 7.1E-3 7.0738E-3 6.31248E-3 6.20225E-3 6.4796E-3 6.50262E-3 6.50262E-3 6.31248E-3 6.34085E-3 6.12797E-3 5.93107E-3 6.52026E-3 6.68404E-3 7.38631E-3 7.64598E-3 8.2303E-3 8.96316E-3 9.3815E-3 8.99479E-3 9.03629E-3 1.06098E-2 1.18483E-2 1.33861E-2 1.53622E-2 1.78625E-2 2.00774E-2 2.31646E-2 2.62851E-2 3.14126E-2 3.49684E-2 3.34305E-2 7.53248E-3 2.27553E-2 2.54421E-2 2.18805E-2 1.43055E-2 7.29153E-3
5.06045E-3 4.92765E-3 4.81126E-3 4.15888E-3 2.69198E-3 1.17295E-3 1.42423E-3 3.11624E-3 2.30347E-3 1.28581E-3 1.99857E-3 9.16992E-3 1.14797E-2 1.1509E-2 1.05558E-2 1.03268E-2 1.04811E-2 1.02306E-2 1.03268E-2 9.56475E-3 9.65297E-3 8.81954E-3 8.00751E-3 6.83374E-3 5.95348E-3 4.61852E-3 2.52866E-3 2.83364E-3 3.71915E-3 3.59829E-3 6.13824E-3 7.63813E-3 7.67812E-3 7.3971E-3 7.26872E-3 6.97674E-3 6.8554E-3 6.45353E-3 6.4796E-3 6.78954E-3 6.80093E-3 6.75703E-3 6.50546E-3 6.43106E-3 6.62024E-3 7.2252E-3 7.42149E-3 7.0487E-3 8.37247E-3 9.04159E-3 9.1729E-3 9.05798E-3 1.0112E-2 1.0904E-2 1.23243E-2 1.44227E-2 1.60685E-2 1.8764E-2 2.16798E-2 2.46221E-2 2.85972E-2 3.21803E-2 3.5568E-2 2.50383E-2 1.68133E-2 2.27245E-2 2.06023E-2 1.51393E-2 5.2935E-3 3.97001E-3
2.51478E-3 3.02561E-3 3.65007E-3 3.88704E-3 3.46217E-3 3.74488E-3 2.40549E-3 3.2811E-3 3.52602E-3 1.79901E-3 3.72351E-4 5.24681E-3 9.86643E-3 1.08586E-2 1.05943E-2 1.04019E-2 1.03001E-2 1.01218E-2 9.84443E-3 9.49348E-3 9.61802E-3 9.34344E-3 8.14561E-3 7.2305E-3 6.71306E-3 3.5467E-3 2.26541E-3 3.12552E-3 3.97169E-3 3.65828E-3 6.563E-3 7.95039E-3 8.11787E-3 7.82819E-3 7.54513E-3 7.4142E-3 7.03352E-3 6.75703E-3 6.63887E-3 6.63887E-3 6.78954E-3 6.7749E-3 6.75703E-3 6.87706E-3 6.99899E-3 7.2252E-3 7.01443E-3 7.35348E-3 7.66763E-3 8.6671E-3 8.70764E-3 8.72846E-3 1.026E-2 1.18068E-2 1.3211E-2 1.47673E-2 1.69885E-2 1.96698E-2 2.16823E-2 2.48058E-2 2.86975E-2 3.21465E-2 3.45165E-2 3.02979E-2 2.33259E-2 2.06873E-2 9.33132E-3 1.10413E-2 5.4357E-3 4.81182E-4
1.343E-3 1.03941E-3 1.4077E-3 1.61636E-3 2.01576E-3 1.84782E-3 2.71732E-3 3.04723E-3 2.89241E-3 2.66581E-3 3.97732E-4 9.23157E-4 5.8272E-3 9.60728E-3 1.01395E-2 1.01386E-2 9.96341E-3 9.60344E-3 9.61937E-3 9.60344E-3 1.00845E-2 9.47234E-3 8.81954E-3 8.14561E-3 7.6083E-3 4.39121E-3 2.12107E-3 3.5467E-3 4.15675E-3 2.96102E-3 5.7708E-3 7.9311E-3 8.27364E-3 8.13042E-3 8.13042E-3 7.84691E-3 7.57631E-3 7.18029E-3 7.04574E-3 7.06002E-3 7.18834E-3 7.04574E-3 7.03352E-3 7.03352E-3 7.42776E-3 7.04429E-3 6.4684E-3 6.62901E-3 7.02437E-3 7.79618E-3 8.47653E-3 8.82061E-3 1.05345E-2 1.17992E-2 1.33976E-2 1.51704E-2 1.70403E-2 2.00123E-2 2.22675E-2 2.575E-2 2.8809E-2 3.11109E-2 3.26069E-2 2.13352E-2 1.92677E-2 1.61802E-2 8.38925E-3 4.59746E-3 2.69688E-3 2.9616E-3
8.73834E-4 4.32272E-4 6.03869E-4 9.5768E-4 1.5585E-3 2.10191E-3 1.71466E-3 1.84354E-3 8.7343E-4 2.68072E-4 8.93451E-4 3.10661E-4 2.40637E-3 8.1178E-3 1.02166E-2 1.01386E-2 9.52571E-3 9.5363E-3 9.28375E-3 9.59832E-3 9.28597E-3 9.35371E-3 9.26564E-3 9.02609E-3 7.96068E-3 5.89288E-3 4.19932E-3 3.81798E-3 4.56134E-3 2.85496E-3 4.03715E-3 7.73863E-3 8.70132E-3 8.56511E-3 8.4097E-3 8.26365E-3 8.11986E-3 7.69035E-3 7.81237E-3 7.79346E-3 7.63395E-3 7.67521E-3 7.57466E-3 7.18605E-3 6.97674E-3 6.40837E-3 6.10352E-3 6.27507E-3 6.03668E-3 6.45579E-3 7.20647E-3 8.5333E-3 1.01938E-2 1.17992E-2 1.29725E-2 1.53319E-2 1.74852E-2 1.92891E-2 2.26763E-2 2.46219E-2 2.7486E-2 2.87406E-2 2.86964E-2 1.68447E-2 1.83945E-2 1.52272E-2 1.04486E-2 6.10905E-3 6.00643E-3 1.50852E-2
2.8969E-3 1.62437E-3 9.96641E-4 5.07428E-4 3.03208E-4 1.36775E-3 1.805E-3 1.45815E-3 1.30691E-3 8.7343E-4 4.67875E-4 8.27808E-4 1.79901E-3 5.90415E-3 1.00018E-2 9.87025E-3 9.61766E-3 9.59832E-3 9.4977E-3 9.4301E-3 9.35875E-3 9.63071E-3 9.56475E-3 9.32464E-3 8.37813E-3 3.90833E-3 3.78434E-3 3.04342E-3 3.65244E-3 4.23924E-3 3.2232E-3 5.20007E-3 7.67482E-3 8.7112E-3 8.85077E-3 8.66296E-3 8.4889E-3 7.90995E-3 8.02454E-3 8.16789E-3 7.93272E-3 7.69035E-3 7.05458E-3 6.71169E-3 6.50171E-3 5.86063E-3 4.82231E-3 5.24126E-3 5.15501E-3 5.79412E-3 6.71461E-3 8.22219E-3 9.94931E-3 1.10179E-2 1.31093E-2 1.51576E-2 1.71855E-2 1.89423E-2 2.15459E-2 2.40577E-2 2.67869E-2 2.71847E-2 2.88884E-2 2.02187E-2 1.77917E-2 7.8626E-3 7.70706E-3 3.84173E-3 4.76392E-3 2.39254E-2
4.43367E-3 2.93604E-3 1.44676E-3 5.46738E-4 1.62397E-4 3.78945E-4 3.61128E-4 3.35019E-4 4.56071E-4 2.73267E-4 1.24484E-3 2.19166E-3 2.0143E-3 4.9826E-3 8.07373E-3 9.00681E-3 9.73926E-3 9.52939E-3 9.45135E-3 9.5363E-3 9.28375E-3 9.45135E-3 9.51914E-3 9.61776E-3 9.5058E-3 4.73543E-3 2.17721E-3 2.52973E-3 2.87149E-3 2.69755E-3 3.18309E-3 4.41647E-3 3.5568E-3 6.27456E-3 8.68727E-3 8.8355E-3 8.81602E-3 8.39848E-3 8.10852E-3 7.70182E-3 7.70182E-3 7.03352E-3 6.73595E-3 6.43106E-3 6.03604E-3 5.12582E-3 4.15004E-3 4.21958E-3 4.34197E-3 5.07814E-3 5.53092E-3 5.87359E-3 6.56569E-3 8.70146E-3 1.25924E-2 1.51158E-2 1.67151E-2 1.90324E-2 2.12673E-2 2.29762E-2 2.47989E-2 2.59818E-2 2.95363E-2 2.21997E-2 1.32731E-2 5.74685E-3 4.1676E-3 2.0121E-3 4.96313E-3 2.73859E-2
