KUENM/Final_Models/M_0.1_F_lq_Set_2_NE/sp1_9.asc
ncols         197
nrows         210
xllcorner     56.1666666666667
yllcorner     4.5
cellsize      0.166666666666667
NODATA_value  -9999
[rows 56 to 83 of 210, columns 65 to 129 of 197]
4.26301E-4 4.66018E-4 6.62308E-3 5.53472E-2 8.53664E-2 1.16464E-1 4.99041E-2 8.32416E-3 1.19746E-2 4.58168E-2 6.57462E-2 7.34255E-2 7.64932E-2 6.6656E-2 6.40032E-2 3.21931E-2 6.25602E-2 1.00072E-1 6.3186E-2 1.48064E-1 1.19795E-1 9.0011E-2 7.93616E-2 8.14683E-2 8.12233E-2 8.01703E-2 8.80322E-2 9.26132E-2 9.03021E-2 8.33594E-2 8.5536E-2 8.5223E-2 9.66504E-2 1.07304E-1 1.23358E-1 1.26892E-1 1.30388E-1 1.35294E-1 1.50801E-1 1.71894E-1 2.06289E-1 2.29762E-1 2.39014E-1 2.69185E-1 3.36818E-1 4.19075E-1 4.55881E-1 4.67425E-1 4.52918E-1 4.98976E-1 5.2569E-1 5.43323E-1 5.57157E-1 5.80886E-1 5.70308E-1 5.61787E-1 5.7617E-1 5.11859E-1 4.14355E-1 2.8618E-1 1.54387E-1 5.42701E-2 1.18275E-3 5.48017E-5 9.33224E-5
1.51201E-3 5.50712E-3 1.95358E-2 8.80847E-2 1.29539E-1 1.51206E-1 1.52271E-1 6.98313E-2 4.78013E-2 6.86413E-2 8.11249E-2 4.58952E-2 4.68269E-2 4.29868E-2 4.90136E-2 9.95449E-2 1.02642E-1 7.09179E-2 1.34067E-1 1.56194E-1 1.25383E-1 1.00085E-1 8.9162E-2 8.25368E-2 8.04099E-2 7.93616E-2 8.25368E-2 8.14683E-2 7.93616E-2 7.83234E-2 7.60582E-2 8.12233E-2 8.88769E-2 1.00679E-1 1.07807E-1 1.17846E-1 1.21301E-1 1.24724E-1 1.41213E-1 1.65076E-1 1.92047E-1 2.1167E-1 2.24419E-1 2.46802E-1 2.94076E-1 3.58771E-1 4.10972E-1 4.36125E-1 4.46468E-1 4.82874E-1 5.0716E-1 4.98565E-1 5.13044E-1 5.39235E-1 5.57809E-1 5.74409E-1 5.8553E-1 5.73646E-1 5.19816E-1 4.03597E-1 2.57457E-1 1.15324E-1 1.972E-2 2.60534E-3 1.8629E-3
1.17926E-3 1.24104E-2 7.83796E-2 9.72623E-2 1.08019E-1 1.0768E-1 1.23907E-1 1.34015E-1 9.94758E-2 7.39484E-2 6.96114E-2 6.57029E-2 7.31551E-2 8.60471E-2 1.29503E-1 1.34489E-1 1.46283E-1 1.00744E-1 1.88029E-1 1.64621E-1 1.44389E-1 1.21178E-1 1.00085E-1 8.36155E-2 7.72952E-2 7.52688E-2 7.23036E-2 7.52688E-2 7.42705E-2 7.23036E-2 7.13349E-2 7.52688E-2 8.36155E-2 9.37842E-2 1.06066E-1 1.14853E-1 1.21175E-1 1.26174E-1 1.40042E-1 1.52976E-1 1.64691E-1 1.81394E-1 1.88572E-1 2.13442E-1 2.52713E-1 3.06405E-1 3.54419E-1 3.89688E-1 4.19517E-1 4.53592E-1 4.67215E-1 4.50482E-1 4.24568E-1 4.22891E-1 5.28377E-1 5.69313E-1 5.79271E-1 5.78035E-1 5.7296E-1 4.75785E-1 3.2308E-1 2.02005E-1 9.84246E-2 3.02012E-2 1.52247E-2
1.3203E-3 1.68847E-2 6.82708E-2 7.66838E-2 7.42899E-2 7.9159E-2 8.91131E-2 1.12183E-1 1.19324E-1 9.60053E-2 9.02052E-2 9.43452E-2 1.14386E-1 1.07473E-1 1.27567E-1 1.56183E-1 1.53096E-1 1.53857E-1 1.87409E-1 1.85166E-1 1.67763E-1 1.43362E-1 1.14298E-1 8.58034E-2 7.34462E-2 7.05274E-2 7.03759E-2 7.03759E-2 6.75575E-2 6.76969E-2 6.76969E-2 7.34462E-2 8.49205E-2 9.64292E-2 1.06388E-1 1.17019E-1 1.25007E-1 1.2397E-1 1.29681E-1 1.2903E-1 1.34101E-1 1.46749E-1 1.60959E-1 1.80977E-1 2.18805E-1 2.6442E-1 3.07066E-1 3.44001E-1 3.87458E-1 4.2657E-1 4.52777E-1 4.46395E-1 4.24874E-1 4.44782E-1 5.46683E-1 5.61845E-1 5.09539E-1 5.20531E-1 5.84581E-1 5.34013E-1 3.80068E-1 2.81147E-1 2.08792E-1 1.07809E-1 7.18334E-2
1.35097E-3 5.06979E-3 4.94623E-2 6.30805E-2 6.11974E-2 6.62586E-2 7.39294E-2 9.10291E-2 1.13136E-1 1.1723E-1 9.91175E-2 1.08628E-1 1.18042E-1 1.16228E-1 1.41382E-1 1.52036E-1 1.58218E-1 1.72704E-1 1.88573E-1 1.9418E-1 2.07928E-1 1.7699E-1 1.21178E-1 8.27428E-2 6.95741E-2 6.67729E-2 6.57267E-2 6.75575E-2 6.48256E-2 6.67729E-2 6.95741E-2 7.55733E-2 8.7319E-2 9.8037E-2 1.1349E-1 1.2293E-1 1.30157E-1 1.26438E-1 1.18935E-1 1.09554E-1 1.06527E-1 1.23358E-1 1.46982E-1 1.70268E-1 2.03477E-1 2.39301E-1 2.8217E-1 3.15455E-1 3.58382E-1 4.07059E-1 4.43531E-1 4.67451E-1 4.82434E-1 4.98027E-1 5.50266E-1 5.75776E-1 5.57914E-1 5.58554E-1 5.88868E-1 5.70821E-1 4.07785E-1 2.80638E-1 2.88028E-1 1.69828E-1 8.32866E-2
2.58682E-3 4.0161E-3 5.55658E-2 5.39872E-2 5.28969E-2 5.57062E-2 5.94524E-2 7.15887E-2 1.00754E-1 1.04598E-1 1.00442E-1 1.12561E-1 1.10008E-1 1.18307E-1 1.28324E-1 1.40893E-1 1.52797E-1 1.68522E-1 1.67097E-1 1.80508E-1 2.11711E-1 1.81618E-1 1.12954E-1 7.74771E-2 6.49536E-2 6.40584E-2 6.31727E-2 6.58585E-2 6.58585E-2 6.68715E-2 7.064E-2 7.77142E-2 9.20506E-2 1.0572E-1 1.20587E-1 1.3371E-1 1.39528E-1 1.34618E-1 1.24003E-1 1.03527E-1 1.00679E-1 1.21175E-1 1.40844E-1 1.69618E-1 1.95699E-1 2.31405E-1 2.68318E-1 2.92067E-1 3.27774E-1 3.76521E-1 4.31795E-1 4.91979E-1 5.31182E-1 5.15032E-1 5.45784E-1 5.90432E-1 5.94069E-1 5.9222E-1 5.96638E-1 5.77913E-1 5.03558E-1 4.21737E-1 3.50323E-1 2.0377E-1 7.60348E-2
1.3686E-3 1.0797E-2 5.63289E-2 4.87037E-2 4.76068E-2 4.79716E-2 4.90471E-2 6.01333E-2 8.64097E-2 1.09879E-1 1.24409E-1 1.29748E-1 1.17607E-1 1.19929E-1 1.26959E-1 1.34962E-1 1.35347E-1 1.33203E-1 1.33449E-1 1.41366E-1 1.4895E-1 1.27235E-1 9.52315E-2 7.34462E-2 6.22964E-2 5.97238E-2 6.0572E-2 6.14295E-2 6.41473E-2 6.68715E-2 7.26636E-2 8.20061E-2 9.33312E-2 1.08428E-1 1.25025E-1 1.36945E-1 1.41366E-1 1.41366E-1 1.28999E-1 1.18395E-1 1.20778E-1 1.33203E-1 1.54092E-1 1.77388E-1 2.0781E-1 2.32909E-1 2.6019E-1 2.86181E-1 3.0816E-1 3.53339E-1 4.17382E-1 4.80766E-1 5.20235E-1 4.99047E-1 5.27611E-1 5.86059E-1 6.02099E-1 6.01912E-1 5.99194E-1 5.81957E-1 5.48529E-1 4.76022E-1 3.71987E-1 2.2724E-1 1.07481E-1
1.39971E-2 2.92995E-2 5.3335E-2 4.61767E-2 4.40973E-2 4.34214E-2 4.51317E-2 6.06792E-2 8.23228E-2 1.1801E-1 1.18967E-1 1.23231E-1 1.20351E-1 1.25809E-1 1.21395E-1 1.17407E-1 1.08586E-1 1.01891E-1 1.00636E-1 9.93918E-2 9.44133E-2 8.2904E-2 7.14904E-2 6.22964E-2 5.88849E-2 5.56207E-2 5.73E-2 5.97975E-2 6.42005E-2 6.78636E-2 7.46993E-2 8.20289E-2 9.2202E-2 1.05849E-1 1.22236E-1 1.32513E-1 1.40029E-1 1.42928E-1 1.44193E-1 1.45381E-1 1.49659E-1 1.60423E-1 1.74839E-1 1.97871E-1 2.15264E-1 2.45991E-1 2.68116E-1 2.9011E-1 3.16289E-1 3.57857E-1 4.00122E-1 4.43362E-1 4.80766E-1 5.0272E-1 5.41995E-1 5.81264E-1 6.04908E-1 6.12001E-1 6.0672E-1 6.04915E-1 5.89383E-1 5.07186E-1 3.67629E-1 2.37203E-1 1.50087E-1
6.61365E-3 4.17231E-2 4.75851E-2 4.61767E-2 4.76068E-2 4.47817E-2 4.68873E-2 6.25812E-2 1.02824E-1 1.38464E-1 1.49278E-1 1.37643E-1 1.25431E-1 1.09954E-1 1.0477E-1 9.54618E-2 8.30203E-2 7.36604E-2 7.1677E-2 6.88246E-2 6.51215E-2 5.56808E-2 5.17426E-2 4.87974E-2 5.17426E-2 5.25507E-2 5.40979E-2 5.81588E-2 6.15544E-2 6.69577E-2 7.47039E-2 8.20289E-2 9.45867E-2 1.05849E-1 1.16606E-1 1.31058E-1 1.41737E-1 1.47922E-1 1.5543E-1 1.66646E-1 1.84061E-1 1.86953E-1 2.02503E-1 2.21323E-1 2.39517E-1 2.6578E-1 2.9011E-1 3.10244E-1 3.32384E-1 3.75386E-1 4.14922E-1 4.31565E-1 4.61892E-1 5.01314E-1 5.50763E-1 5.88973E-1 5.92258E-1 5.78638E-1 5.99809E-1 6.03111E-1 6.11905E-1 4.94867E-1 3.55565E-1 2.52531E-1 2.11645E-1
1.40929E-2 5.18135E-2 5.01951E-2 5.05746E-2 4.9819E-2 5.21135E-2 6.12578E-2 9.3766E-2 1.66036E-1 2.05639E-1 1.82438E-1 1.46541E-1 1.15163E-1 9.57947E-2 8.53099E-2 7.36604E-2 6.77457E-2 5.96649E-2 5.24555E-2 4.95173E-2 4.6697E-2 4.33331E-2 4.07612E-2 4.39677E-2 4.81193E-2 4.95751E-2 5.33425E-2 5.81619E-2 6.244E-2 6.88246E-2 7.57194E-2 8.53099E-2 9.45426E-2 1.07138E-1 1.18002E-1 1.31058E-1 1.44895E-1 1.59395E-1 1.70998E-1 1.95557E-1 2.16278E-1 2.21287E-1 2.28127E-1 2.4469E-1 2.67303E-1 3.00033E-1 3.26355E-1 3.5038E-1 3.69575E-1 4.11256E-1 4.33309E-1 4.43632E-1 4.53702E-1 5.01314E-1 5.59953E-1 5.99478E-1 5.85786E-1 5.63823E-1 5.9097E-1 5.99814E-1 6.11329E-1 5.81282E-1 4.73079E-1 3.51738E-1 2.95393E-1
2.2217E-2 5.72007E-2 5.34982E-2 5.21135E-2 5.6956E-2 6.581E-2 8.7812E-2 1.55025E-1 2.94543E-1 3.21508E-1 2.13512E-1 1.34494E-1 9.84847E-2 7.9074E-2 6.72645E-2 5.93789E-2 5.4583E-2 4.78957E-2 3.99917E-2 4.06139E-2 3.88474E-2 3.95074E-2 3.95387E-2 4.20366E-2 4.60237E-2 4.88477E-2 5.41167E-2 5.81619E-2 6.41997E-2 6.88246E-2 7.56849E-2 8.52487E-2 9.57531E-2 1.08458E-1 1.1941E-1 1.34078E-1 1.49709E-1 1.66406E-1 1.73088E-1 2.02183E-1 2.30619E-1 2.45797E-1 2.51827E-1 2.76829E-1 3.05877E-1 3.46395E-1 3.90701E-1 4.13092E-1 4.17382E-1 4.43632E-1 4.68309E-1 4.64845E-1 4.4536E-1 4.96245E-1 5.60696E-1 5.84229E-1 5.74158E-1 5.69592E-1 5.63823E-1 6.12965E-1 6.11749E-1 6.11603E-1 5.77044E-1 4.77264E-1 3.79389E-1
2.14125E-2 5.27846E-2 5.59146E-2 5.53036E-2 6.12578E-2 7.36317E-2 1.00004E-1 1.76098E-1 3.28137E-1 3.25927E-1 1.77342E-1 1.08097E-1 7.7402E-2 6.33451E-2 5.74992E-2 5.20749E-2 4.84913E-2 4.42917E-2 4.0515E-2 3.81723E-2 3.8771E-2 3.88474E-2 4.0121E-2 4.26541E-2 4.60024E-2 4.81114E-2 5.48724E-2 5.81323E-2 6.50524E-2 7.1677E-2 8.08588E-2 8.75076E-2 9.82066E-2 1.09788E-1 1.23697E-1 1.38684E-1 1.59799E-1 1.75305E-1 1.82464E-1 2.02572E-1 2.30619E-1 2.53869E-1 2.7409E-1 3.13712E-1 3.54624E-1 4.08476E-1 4.60249E-1 4.8829E-1 4.76154E-1 4.99901E-1 5.09915E-1 5.07339E-1 5.07249E-1 5.36957E-1 5.65244E-1 5.37399E-1 5.47541E-1 5.98874E-1 6.00074E-1 6.10061E-1 6.16554E-1 6.24374E-1 6.07548E-1 5.66633E-1 4.63549E-1
3.75741E-2 4.68189E-2 6.15091E-2 5.57062E-2 6.25812E-2 7.01007E-2 9.06942E-2 1.23967E-1 1.62542E-1 1.38253E-1 8.92572E-2 6.89653E-2 5.59146E-2 5.14351E-2 4.67273E-2 4.67273E-2 4.55069E-2 4.42917E-2 3.98931E-2 3.86727E-2 3.8771E-2 3.93775E-2 4.06897E-2 4.32571E-2 4.59551E-2 4.95173E-2 5.48066E-2 5.97582E-2 6.68084E-2 7.459E-2 8.52487E-2 9.45426E-2 1.01969E-1 1.12483E-1 1.23697E-1 1.41814E-1 1.64915E-1 2.0097E-1 2.18303E-1 2.31243E-1 2.47808E-1 2.71198E-1 3.01377E-1 3.4861E-1 3.99069E-1 4.5693E-1 4.99901E-1 5.31457E-1 5.33518E-1 5.37336E-1 5.49798E-1 5.45479E-1 5.58718E-1 5.77601E-1 5.90438E-1 5.72067E-1 5.80545E-1 6.00337E-1 6.11622E-1 6.07045E-1 6.29411E-1 6.25178E-1 6.24374E-1 5.94175E-1 4.85728E-1
2.30847E-2 4.57972E-2 5.6111E-2 5.73662E-2 5.99292E-2 6.38896E-2 6.9549E-2 7.66274E-2 7.8746E-2 6.29822E-2 4.86265E-2 4.39753E-2 4.33041E-2 4.22276E-2 4.31043E-2 4.33007E-2 4.34732E-2 4.29595E-2 4.03933E-2 3.98931E-2 3.9279E-2 4.06139E-2 4.32571E-2 4.59551E-2 5.01854E-2 5.39169E-2 5.79756E-2 6.40562E-2 7.06179E-2 8.08588E-2 8.98094E-2 9.82066E-2 1.12483E-1 1.20828E-1 1.29523E-1 1.3862E-1 1.48094E-1 1.82249E-1 2.29769E-1 2.56764E-1 2.79414E-1 3.01377E-1 3.36494E-1 3.82327E-1 4.2867E-1 4.82621E-1 5.21493E-1 5.50945E-1 5.56486E-1 5.5394E-1 5.57914E-1 5.60019E-1 5.6003E-1 5.84751E-1 6.02099E-1 6.06137E-1 6.11968E-1 6.11605E-1 6.12459E-1 6.06508E-1 6.28721E-1 6.29903E-1 6.11393E-1 5.79742E-1 5.21257E-1
3.76875E-2 4.32584E-2 5.97895E-2 5.56025E-2 5.69085E-2 5.64245E-2 5.64245E-2 5.47902E-2 5.16346E-2 4.43814E-2 3.91973E-2 3.58851E-2 3.53178E-2 3.78584E-2 3.86656E-2 4.00823E-2 4.13452E-2 4.0249E-2 3.97719E-2 3.86727E-2 4.17829E-2 4.38447E-2 4.58817E-2 5.09332E-2 5.47101E-2 5.78488E-2 6.3033E-2 6.76225E-2 7.56088E-2 8.63728E-2 9.82066E-2 1.11137E-1 1.25119E-1 1.34024E-1 1.39814E-1 1.445E-1 1.42628E-1 1.62453E-1 2.30619E-1 2.83537E-1 3.09087E-1 3.32209E-1 3.62779E-1 4.05436E-1 4.54425E-1 4.90231E-1 5.24036E-1 5.50945E-1 5.49326E-1 5.39869E-1 5.46693E-1 5.51915E-1 5.67128E-1 5.68613E-1 5.96375E-1 6.07041E-1 5.88725E-1 5.82945E-1 5.93327E-1 6.11885E-1 6.29733E-1 6.1833E-1 5.64964E-1 5.76016E-1 5.35844E-1
2.0401E-2 3.00325E-2 5.98379E-2 5.50997E-2 5.31937E-2 5.1934E-2 4.89156E-2 4.60404E-2 4.22276E-2 4.19867E-2 3.94506E-2 3.61041E-2 3.49727E-2 3.61041E-2 3.86656E-2 3.88514E-2 3.88514E-2 3.96284E-2 4.03933E-2 3.98931E-2 4.11449E-2 4.71827E-2 5.15919E-2 5.53854E-2 5.93789E-2 6.4839E-2 6.85703E-2 7.54912E-2 8.29224E-2 9.69744E-2 1.12487E-1 1.28044E-1 1.4331E-1 1.52779E-1 1.57439E-1 1.58728E-1 1.68851E-1 1.98595E-1 2.6303E-1 3.07018E-1 3.33908E-1 3.58565E-1 3.82664E-1 4.14847E-1 4.44624E-1 4.84302E-1 5.09618E-1 5.23615E-1 5.18714E-1 5.22507E-1 5.31739E-1 5.55958E-1 5.57519E-1 5.74541E-1 5.9431E-1 5.92748E-1 5.31328E-1 5.30661E-1 5.96309E-1 6.23987E-1 6.29406E-1 6.10995E-1 6.12213E-1 5.96447E-1 5.33274E-1
3.29358E-2 4.27625E-2 5.88155E-2 5.61968E-2 5.27114E-2 4.84442E-2 4.62945E-2 4.37712E-2 4.24457E-2 4.35494E-2 4.44465E-2 4.39691E-2 4.03068E-2 3.98934E-2 3.98934E-2 4.00823E-2 4.19888E-2 4.33007E-2 4.15143E-2 4.29595E-2 4.42917E-2 5.0835E-2 5.88155E-2 6.37707E-2 7.03363E-2 7.54912E-2 7.54912E-2 8.08588E-2 9.33431E-2 1.09799E-1 1.27941E-1 1.56269E-1 1.69862E-1 1.74841E-1 1.81554E-1 1.82856E-1 2.0112E-1 2.2906E-1 2.73248E-1 3.08427E-1 3.39629E-1 3.72553E-1 3.88832E-1 4.13584E-1 4.36831E-1 4.63538E-1 4.94162E-1 5.12182E-1 5.13569E-1 5.33494E-1 5.46638E-1 5.58424E-1 5.60928E-1 5.83067E-1 5.85301E-1 5.63049E-1 4.91837E-1 5.48038E-1 5.94935E-1 6.23848E-1 6.09743E-1 6.02699E-1 6.13978E-1 6.13398E-1 5.83235E-1
3.48367E-2 5.53488E-2 5.83381E-2 5.61968E-2 5.24489E-2 5.24489E-2 4.81581E-2 4.60249E-2 4.53311E-2 4.60249E-2 4.69052E-2 4.67273E-2 4.44465E-2 4.31043E-2 4.17954E-2 4.37712E-2 4.46459E-2 4.58227E-2 4.53311E-2 4.70571E-2 5.15919E-2 6.1542E-2 7.56849E-2 7.96742E-2 8.47879E-2 8.16732E-2 8.61138E-2 9.09765E-2 1.01997E-1 1.22003E-1 1.5089E-1 1.83344E-1 2.04468E-1 2.11697E-1 2.05464E-1 2.06751E-1 2.25971E-1 2.44876E-1 2.81474E-1 3.07619E-1 3.49981E-1 3.76821E-1 4.00687E-1 4.23492E-1 4.36831E-1 4.58593E-1 4.87639E-1 5.19466E-1 5.31442E-1 5.46454E-1 5.59513E-1 5.78289E-1 5.76174E-1 5.91022E-1 5.89065E-1 5.63659E-1 5.20558E-1 5.39234E-1 5.97925E-1 6.23008E-1 6.06465E-1 5.8561E-1 6.09262E-1 6.244E-1 6.18826E-1
4.43246E-2 5.46666E-2 6.24488E-2 5.87052E-2 5.72769E-2 5.28493E-2 5.13096E-2 4.99604E-2 5.05534E-2 5.11257E-2 5.20749E-2 4.88867E-2 4.67273E-2 4.60249E-2 4.74383E-2 4.74383E-2 4.94148E-2 4.86787E-2 4.96241E-2 5.28493E-2 5.72403E-2 7.07005E-2 9.08764E-2 1.04319E-1 1.05621E-1 9.532E-2 9.32464E-2 9.82066E-2 1.05849E-1 1.25025E-1 1.57439E-1 2.04866E-1 2.41789E-1 2.37801E-1 2.29891E-1 2.31861E-1 2.45797E-1 2.7021E-1 2.98032E-1 3.20918E-1 3.56522E-1 3.8684E-1 4.02646E-1 4.22968E-1 4.30469E-1 4.63538E-1 4.96605E-1 5.33518E-1 5.50945E-1 5.56901E-1 5.78336E-1 5.94796E-1 5.95966E-1 6.06643E-1 6.06366E-1 6.07635E-1 5.95937E-1 5.97925E-1 6.14563E-1 6.28209E-1 6.10373E-1 5.81772E-1 5.79799E-1 5.63873E-1 5.28752E-1
4.75441E-2 6.68495E-2 6.42513E-2 6.42513E-2 6.17904E-2 5.6039E-2 5.47101E-2 5.71452E-2 5.78488E-2 5.68597E-2 5.6039E-2 5.42381E-2 5.34462E-2 5.18901E-2 5.11257E-2 5.11257E-2 5.24489E-2 5.48207E-2 5.24489E-2 5.36328E-2 6.12663E-2 7.76774E-2 1.05753E-1 1.44981E-1 1.23657E-1 1.05753E-1 1.01969E-1 1.0327E-1 1.09799E-1 1.25119E-1 1.52779E-1 1.96108E-1 2.31861E-1 2.40891E-1 2.40891E-1 2.42881E-1 2.64054E-1 2.99257E-1 3.26462E-1 3.60281E-1 3.82836E-1 4.046E-1 4.16215E-1 4.1169E-1 4.26865E-1 4.71098E-1 5.07154E-1 5.36228E-1 5.55637E-1 5.64752E-1 5.91672E-1 6.08695E-1 6.11905E-1 6.20681E-1 6.16613E-1 6.25855E-1 6.26008E-1 6.14056E-1 6.1833E-1 6.35023E-1 6.1455E-1 5.80414E-1 5.56137E-1 5.39502E-1 4.88346E-1
5.23692E-2 7.12729E-2 7.08782E-2 6.7977E-2 6.63271E-2 6.3033E-2 6.13924E-2 6.58811E-2 6.57568E-2 6.12663E-2 5.95384E-2 5.93789E-2 6.09128E-2 5.74992E-2 5.74992E-2 5.66697E-2 5.72769E-2 5.81146E-2 5.81146E-2 6.00448E-2 6.66846E-2 7.97878E-2 1.12487E-1 1.32396E-1 1.20811E-1 1.08472E-1 1.07115E-1 1.15155E-1 1.19396E-1 1.31013E-1 1.57934E-1 1.90588E-1 2.16934E-1 2.4258E-1 2.45797E-1 2.65067E-1 2.96163E-1 3.32738E-1 3.63929E-1 3.90725E-1 4.19722E-1 4.29507E-1 4.29507E-1 4.26679E-1 4.53581E-1 4.99339E-1 5.32902E-1 5.49698E-1 5.61829E-1 5.78835E-1 5.94916E-1 6.18318E-1 6.25477E-1 6.26514E-1 6.30298E-1 6.30106E-1 5.94417E-1 5.91689E-1 6.15114E-1 6.28345E-1 6.13398E-1 5.49154E-1 5.39632E-1 5.43386E-1 5.00967E-1
6.65436E-2 7.53367E-2 7.66783E-2 7.59215E-2 7.21044E-2 7.43124E-2 7.24634E-2 7.14748E-2 6.95283E-2 6.95283E-2 6.7462E-2 6.63271E-2 6.63271E-2 6.35753E-2 6.35753E-2 6.17904E-2 6.33451E-2 6.24488E-2 6.33451E-2 6.72645E-2 7.43124E-2 8.74029E-2 1.01997E-1 1.09752E-1 1.0327E-1 9.94837E-2 1.13669E-1 1.23583E-1 1.32563E-1 1.38684E-1 1.61434E-1 1.91362E-1 2.27282E-1 2.55468E-1 2.74062E-1 3.05564E-1 3.47765E-1 3.84565E-1 4.08145E-1 4.31633E-1 4.39134E-1 4.5562E-1 4.58699E-1 4.46635E-1 4.86802E-1 5.52352E-1 5.59188E-1 5.46799E-1 5.56065E-1 5.76505E-1 5.99539E-1 6.21911E-1 6.37657E-1 6.1575E-1 6.25788E-1 6.20294E-1 5.89547E-1 6.11297E-1 5.91103E-1 5.8951E-1 5.64541E-1 5.32728E-1 5.33274E-1 4.79479E-1 4.38371E-1
7.7958E-2 7.61962E-2 8.64097E-2 8.34273E-2 8.12291E-2 8.05899E-2 7.95172E-2 7.44716E-2 7.14748E-2 7.23037E-2 7.21044E-2 7.11159E-2 7.01377E-2 7.01377E-2 6.91697E-2 6.91697E-2 6.99008E-2 7.08782E-2 7.38727E-2 7.41127E-2 8.14732E-2 9.07273E-2 1.01748E-1 1.08386E-1 1.05829E-1 1.1113E-1 1.28044E-1 1.38684E-1 1.46541E-1 1.51305E-1 1.66633E-1 1.93631E-1 2.31761E-1 2.73765E-1 3.29284E-1 3.87776E-1 4.23574E-1 4.433E-1 4.55781E-1 4.61519E-1 4.63129E-1 4.60987E-1 4.58699E-1 4.71293E-1 4.79236E-1 5.72786E-1 5.44826E-1 5.06884E-1 5.48206E-1 5.8039E-1 6.04945E-1 6.35555E-1 6.42925E-1 6.08567E-1 6.04407E-1 5.97804E-1 5.96066E-1 5.81912E-1 5.22642E-1 5.13866E-1 4.88328E-1 4.91767E-1 5.20317E-1 4.86061E-1 4.27892E-1
8.70908E-2 8.81771E-2 8.70908E-2 9.23097E-2 8.62666E-2 8.75648E-2 8.36722E-2 7.84552E-2 7.43124E-2 7.41127E-2 7.48918E-2 7.59215E-2 7.80125E-2 7.80125E-2 7.80125E-2 7.61627E-2 7.61627E-2 7.80125E-2 8.12291E-2 8.36722E-2 9.05295E-2 1.00287E-1 1.09593E-1 1.25111E-1 1.35604E-1 1.44934E-1 1.57976E-1 1.6481E-1 1.68118E-1 1.68118E-1 1.78801E-1 1.9368E-1 2.30741E-1 2.89537E-1 3.61019E-1 4.54089E-1 4.93888E-1 4.9791E-1 5.01658E-1 5.00076E-1 4.84428E-1 4.59539E-1 4.90916E-1 5.17967E-1 5.07249E-1 5.09938E-1 4.69893E-1 5.00961E-1 5.69081E-1 6.02679E-1 6.22081E-1 6.48663E-1 6.40119E-1 6.14341E-1 5.88866E-1 5.579E-1 5.438E-1 5.45127E-1 4.8268E-1 4.52084E-1 5.04214E-1 5.22823E-1 4.49218E-1 4.55193E-1 3.8685E-1
9.55485E-2 9.24073E-2 9.05366E-2 9.24073E-2 9.34745E-2 9.3072E-2 8.68061E-2 8.45427E-2 8.01462E-2 8.31378E-2 8.31378E-2 8.65139E-2 8.76611E-2 8.88194E-2 8.91131E-2 8.47879E-2 8.70518E-2 8.70518E-2 9.14642E-2 9.62989E-2 1.04129E-1 1.13484E-1 1.29445E-1 1.48213E-1 1.70032E-1 1.91689E-1 1.97145E-1 2.04821E-1 1.98761E-1 1.91175E-1 1.87036E-1 1.96465E-1 2.46574E-1 3.22176E-1 4.08597E-1 4.7764E-1 5.23836E-1 5.4588E-1 5.44265E-1 5.38108E-1 5.15445E-1 5.09243E-1 5.34164E-1 5.60696E-1 5.43724E-1 5.01314E-1 5.0483E-1 5.41564E-1 6.05683E-1 6.31039E-1 6.42691E-1 6.49714E-1 6.41249E-1 6.16624E-1 5.79218E-1 4.93419E-1 4.31006E-1 4.91929E-1 4.84269E-1 5.21657E-1 5.11568E-1 4.4684E-1 4.89953E-1 3.72742E-1 2.89907E-1
1.06967E-1 1.05256E-1 1.01082E-1 1.02298E-1 1.01754E-1 1.00322E-1 9.38594E-2 9.08257E-2 8.6936E-2 8.80911E-2 9.20159E-2 9.81347E-2 1.00661E-1 1.02293E-1 9.87829E-2 9.90288E-2 9.90288E-2 1.01557E-1 1.05432E-1 1.11873E-1 1.19075E-1 1.27793E-1 1.432E-1 1.68372E-1 2.03164E-1 2.45069E-1 2.60942E-1 2.46165E-1 2.33719E-1 2.08996E-1 1.90942E-1 2.14942E-1 2.84612E-1 3.65916E-1 4.45449E-1 5.06385E-1 5.53077E-1 5.82504E-1 5.82653E-1 5.66333E-1 5.48777E-1 5.43668E-1 5.29485E-1 5.27692E-1 5.2881E-1 5.01978E-1 5.76944E-1 5.94527E-1 6.15735E-1 6.4314E-1 6.45523E-1 6.52588E-1 6.42308E-1 6.24186E-1 5.86656E-1 5.06177E-1 4.15976E-1 5.05195E-1 5.18388E-1 4.67483E-1 4.41678E-1 4.71609E-1 4.40262E-1 3.4306E-1 2.97779E-1
1.01603E-1 1.08586E-1 1.10541E-1 1.10541E-1 1.08647E-1 1.08168E-1 1.04129E-1 9.81347E-2 9.55391E-2 9.67787E-2 1.02364E-1 1.16347E-1 1.21046E-1 1.22496E-1 1.13244E-1 1.10514E-1 1.08258E-1 1.13665E-1 1.19075E-1 1.27793E-1 1.36907E-1 1.448E-1 1.59669E-1 1.78948E-1 2.20744E-1 2.91637E-1 3.32879E-1 2.95087E-1 2.64724E-1 2.31794E-1 2.30484E-1 2.77652E-1 3.70266E-1 4.2136E-1 4.82038E-1 5.37662E-1 5.84015E-1 6.09596E-1 6.14278E-1 6.02262E-1 5.83496E-1 5.45784E-1 5.14753E-1 5.40029E-1 5.53963E-1 5.69509E-1 6.0606E-1 6.23909E-1 6.27039E-1 6.47172E-1 6.20875E-1 6.27752E-1 6.33725E-1 6.29226E-1 6.13289E-1 5.97325E-1 5.58008E-1 4.80131E-1 4.10244E-1 3.63107E-1 3.36231E-1 4.60056E-1 3.58818E-1 3.33484E-1 2.95393E-1
1.0745E-1 1.13513E-1 1.18444E-1 1.16493E-1 1.19389E-1 1.1941E-1 1.11574E-1 1.07628E-1 1.03891E-1 1.05895E-1 1.18992E-1 1.41428E-1 1.55065E-1 1.43957E-1 1.34852E-1 1.205E-1 1.20672E-1 1.29445E-1 1.38464E-1 1.52957E-1 1.61373E-1 1.68287E-1 1.78948E-1 1.91808E-1 2.14757E-1 2.74492E-1 3.06068E-1 3.05549E-1 2.89483E-1 2.72037E-1 2.87969E-1 3.82862E-1 4.81036E-1 4.66955E-1 5.16608E-1 5.69727E-1 6.05572E-1 6.27093E-1 6.34976E-1 6.32413E-1 6.10441E-1 5.33566E-1 5.29712E-1 5.55453E-1 5.81975E-1 6.06074E-1 6.29021E-1 6.38144E-1 6.45862E-1 6.28141E-1 5.70373E-1 5.76218E-1 5.86605E-1 6.09358E-1 6.14257E-1 6.34993E-1 6.05553E-1 5.00607E-1 3.98635E-1 3.32446E-1 3.00888E-1 4.18611E-1 3.21778E-1 3.0279E-1 3.03207E-1
