KUENM/Final_Models/M_0.1_F_lq_Set_2_NE/sp1_2_se_asia.asc
ncols         320
nrows         243
xllcorner     44.0
yllcorner     -0.666666666666667
cellsize      0.166666666666667
NODATA_value  -9999
[rows 62 to 92 of 243, columns 140 to 209 of 320]
1.56267E-1 1.79013E-1 1.72981E-1 1.79844E-1 1.93632E-1 2.2628E-1 2.59993E-1 2.58521E-1 2.17376E-1 2.30471E-1 2.41395E-1 2.30437E-1 2.68537E-1 2.8123E-1 2.87441E-1 3.15041E-1 3.40275E-1 3.4346E-1 3.55331E-1 3.2639E-1 2.67256E-1 2.17103E-1 1.97221E-1 1.92752E-1 1.91488E-1 1.94448E-1 1.90016E-1 1.92752E-1 1.97221E-1 2.05989E-1 2.23092E-1 2.37079E-1 2.56723E-1 2.6872E-1 2.77102E-1 2.73988E-1 2.65602E-1 2.54082E-1 2.50659E-1 2.71657E-1 2.98304E-1 3.22794E-1 3.5448E-1 3.86132E-1 4.20795E-1 4.46272E-1 4.77206E-1 5.10589E-1 5.34882E-1 5.50413E-1 5.60046E-1 5.70088E-1 6.03175E-1 6.19299E-1 6.08028E-1 6.08386E-1 6.27764E-1 6.171E-1 5.14479E-1 4.23983E-1 4.29662E-1 3.27138E-1 2.23928E-1 1.82277E-1 1.87768E-1 1.0626E-1 5.24889E-2 1.41859E-2 2.84039E-3 1.61347E-4
1.75051E-1 1.6202E-1 1.57119E-1 1.62923E-1 1.70157E-1 1.92246E-1 2.44326E-1 2.40129E-1 2.23629E-1 2.41237E-1 2.30453E-1 2.40003E-1 2.56186E-1 2.74465E-1 2.92538E-1 3.20912E-1 3.17876E-1 3.29804E-1 3.58717E-1 3.31562E-1 2.5731E-1 2.09361E-1 1.89799E-1 1.8833E-1 1.86867E-1 1.91272E-1 1.91272E-1 1.92429E-1 1.98405E-1 2.08638E-1 2.29043E-1 2.46337E-1 2.64553E-1 2.79689E-1 2.86918E-1 2.82155E-1 2.70591E-1 2.4595E-1 2.42701E-1 2.68704E-1 2.9161E-1 3.21812E-1 3.46967E-1 3.79145E-1 4.09594E-1 4.28438E-1 4.55095E-1 4.896E-1 5.27029E-1 5.65995E-1 5.90873E-1 5.80813E-1 6.00255E-1 6.28491E-1 6.30962E-1 6.29875E-1 6.32914E-1 6.21655E-1 5.76113E-1 5.23936E-1 4.7549E-1 3.60186E-1 2.13762E-1 1.63585E-1 1.83746E-1 1.50955E-1 1.01214E-1 5.98089E-2 2.51519E-2 6.53134E-3
1.756E-1 1.50828E-1 1.47867E-1 1.49517E-1 1.52412E-1 1.7328E-1 2.2058E-1 2.55244E-1 2.73721E-1 2.78553E-1 2.53764E-1 2.53991E-1 2.66899E-1 2.78982E-1 2.7844E-1 2.82251E-1 2.8015E-1 2.88167E-1 2.97115E-1 2.73743E-1 2.34513E-1 2.03252E-1 1.85409E-1 1.8107E-1 1.82511E-1 1.83957E-1 1.88003E-1 1.92429E-1 2.00998E-1 2.14305E-1 2.30122E-1 2.4899E-1 2.68965E-1 2.82478E-1 2.88167E-1 2.88167E-1 2.75092E-1 2.63931E-1 2.67326E-1 2.82251E-1 3.05489E-1 3.29096E-1 3.57641E-1 3.8007E-1 4.02704E-1 4.2361E-1 4.4032E-1 4.73427E-1 5.17256E-1 5.58589E-1 5.83951E-1 5.70501E-1 5.88617E-1 6.25522E-1 6.35983E-1 6.36187E-1 6.34734E-1 6.24295E-1 6.03971E-1 5.58902E-1 4.90985E-1 3.81189E-1 2.58091E-1 1.88999E-1 2.03349E-1 1.83746E-1 1.52063E-1 1.18168E-1 8.86248E-2 4.21649E-2
1.68434E-1 1.45283E-1 1.41458E-1 1.40197E-1 1.4434E-1 1.73179E-1 2.08912E-1 2.64008E-1 2.63026E-1 2.68775E-1 2.63106E-1 2.7438E-1 2.70101E-1 2.65298E-1 2.53617E-1 2.41435E-1 2.39808E-1 2.38184E-1 2.32246E-1 2.1681E-1 2.00226E-1 1.85409E-1 1.79635E-1 1.73952E-1 1.76445E-1 1.80737E-1 1.87569E-1 1.93485E-1 2.03503E-1 2.13656E-1 2.27877E-1 2.44939E-1 2.64856E-1 2.76652E-1 2.85876E-1 2.89868E-1 2.92011E-1 2.94003E-1 2.99236E-1 3.11086E-1 3.26122E-1 3.48075E-1 3.64305E-1 3.90636E-1 4.09063E-1 4.26264E-1 4.45986E-1 4.76305E-1 5.05384E-1 5.34078E-1 5.58589E-1 5.72604E-1 5.97463E-1 6.22485E-1 6.37555E-1 6.42326E-1 6.39224E-1 6.3822E-1 6.28941E-1 5.78588E-1 4.88199E-1 3.89987E-1 3.07896E-1 2.62844E-1 2.64432E-1 2.54982E-1 2.21203E-1 2.00612E-1 1.90414E-1 1.13568E-1
1.4978E-1 1.45283E-1 1.47867E-1 1.42727E-1 1.46572E-1 1.74106E-1 2.32705E-1 2.7909E-1 2.96683E-1 2.85533E-1 2.72262E-1 2.54115E-1 2.48751E-1 2.36154E-1 2.16398E-1 2.00571E-1 1.97541E-1 1.93791E-1 1.88501E-1 1.73614E-1 1.66981E-1 1.61514E-1 1.66981E-1 1.68021E-1 1.70805E-1 1.77433E-1 1.83191E-1 1.91458E-1 2.02854E-1 2.13656E-1 2.30317E-1 2.44939E-1 2.5728E-1 2.74077E-1 2.86844E-1 2.94397E-1 3.03936E-1 3.16146E-1 3.33217E-1 3.36665E-1 3.51766E-1 3.68558E-1 3.84718E-1 4.06752E-1 4.26264E-1 4.41497E-1 4.57758E-1 4.8851E-1 5.15309E-1 5.26646E-1 5.46436E-1 5.71711E-1 6.02993E-1 6.27115E-1 6.29198E-1 6.20576E-1 6.34276E-1 6.36396E-1 6.423E-1 5.70824E-1 4.7984E-1 4.02727E-1 3.67866E-1 3.50183E-1 3.41955E-1 3.58021E-1 3.4806E-1 3.4806E-1 2.93278E-1 1.95811E-1
1.5347E-1 1.53114E-1 1.51792E-1 1.55777E-1 1.70884E-1 2.17247E-1 2.99181E-1 3.37602E-1 3.22365E-1 2.88922E-1 2.54593E-1 2.31927E-1 2.17591E-1 2.00571E-1 1.90685E-1 1.77535E-1 1.65686E-1 1.60926E-1 1.56162E-1 1.50093E-1 1.45718E-1 1.52187E-1 1.59816E-1 1.62087E-1 1.68971E-1 1.76894E-1 1.84105E-1 1.93791E-1 2.04382E-1 2.17591E-1 2.29428E-1 2.4569E-1 2.58948E-1 2.74077E-1 2.90255E-1 3.06379E-1 3.18936E-1 3.43266E-1 3.61972E-1 3.67154E-1 3.73799E-1 3.88453E-1 4.07446E-1 4.33375E-1 4.53378E-1 4.70645E-1 4.84488E-1 5.12861E-1 5.27794E-1 5.34564E-1 5.41126E-1 5.71711E-1 6.08787E-1 6.33454E-1 6.24774E-1 6.10912E-1 6.28381E-1 6.34004E-1 6.42008E-1 6.23978E-1 5.56982E-1 4.77171E-1 4.36294E-1 4.1195E-1 3.88424E-1 4.00842E-1 4.25031E-1 4.43103E-1 3.61214E-1 2.30848E-1
1.62116E-1 1.55777E-1 1.63922E-1 1.77999E-1 2.09429E-1 2.86617E-1 4.06017E-1 4.27824E-1 3.44504E-1 2.70995E-1 2.29603E-1 2.04277E-1 1.8748E-1 1.75555E-1 1.68109E-1 1.56699E-1 1.41844E-1 1.43113E-1 1.40011E-1 1.41872E-1 1.42391E-1 1.47499E-1 1.5536E-1 1.60729E-1 1.69829E-1 1.76894E-1 1.86385E-1 1.93791E-1 2.03621E-1 2.16708E-1 2.31037E-1 2.47336E-1 2.60618E-1 2.77465E-1 2.95383E-1 3.12543E-1 3.20115E-1 3.4758E-1 3.73526E-1 3.87154E-1 3.93676E-1 4.14376E-1 4.37243E-1 4.67815E-1 4.99002E-1 5.14088E-1 5.17256E-1 5.34564E-1 5.5058E-1 5.48577E-1 5.35924E-1 5.68716E-1 6.09496E-1 6.23789E-1 6.1743E-1 6.14549E-1 6.10912E-1 6.42471E-1 6.42228E-1 6.41987E-1 6.21259E-1 5.59793E-1 4.96098E-1 4.60738E-1 4.10422E-1 3.82351E-1 4.02727E-1 4.14997E-1 3.24011E-1 1.97084E-1
1.66255E-1 1.61182E-1 1.70884E-1 1.89688E-1 2.25179E-1 3.07205E-1 4.32617E-1 4.31023E-1 3.11681E-1 2.39212E-1 1.99789E-1 1.80363E-1 1.71582E-1 1.62944E-1 1.57146E-1 1.49195E-1 1.42339E-1 1.3808E-1 1.39328E-1 1.40011E-1 1.43137E-1 1.48268E-1 1.5483E-1 1.58845E-1 1.70595E-1 1.76254E-1 1.87105E-1 1.97541E-1 2.10456E-1 2.19862E-1 2.34267E-1 2.48986E-1 2.65647E-1 2.81544E-1 3.03807E-1 3.20308E-1 3.27204E-1 3.4694E-1 3.73526E-1 3.93782E-1 4.11547E-1 4.42472E-1 4.73182E-1 5.10613E-1 5.45063E-1 5.63406E-1 5.55629E-1 5.70811E-1 5.7741E-1 5.75932E-1 5.75717E-1 5.94521E-1 6.12364E-1 5.94563E-1 6.00961E-1 6.3307E-1 6.33833E-1 6.40928E-1 6.45031E-1 6.49413E-1 6.39589E-1 6.14906E-1 5.50953E-1 4.92242E-1 4.30527E-1 3.69294E-1 3.74159E-1 3.77391E-1 2.95633E-1 1.93945E-1
1.83626E-1 1.62923E-1 1.74106E-1 1.85676E-1 2.14568E-1 2.55075E-1 2.95745E-1 2.72276E-1 2.15149E-1 1.86198E-1 1.66255E-1 1.59391E-1 1.52427E-1 1.52427E-1 1.50849E-1 1.49195E-1 1.41074E-1 1.38564E-1 1.39328E-1 1.40583E-1 1.43803E-1 1.48954E-1 1.5421E-1 1.60926E-1 1.69862E-1 1.78377E-1 1.89201E-1 2.01222E-1 2.16708E-1 2.29428E-1 2.39141E-1 2.52294E-1 2.65647E-1 2.85969E-1 3.08972E-1 3.44424E-1 3.59854E-1 3.73106E-1 3.88815E-1 4.08512E-1 4.33248E-1 4.68927E-1 5.04286E-1 5.42912E-1 5.70811E-1 5.90811E-1 5.92349E-1 5.94922E-1 6.02787E-1 6.00152E-1 6.08535E-1 6.20346E-1 6.28301E-1 6.16671E-1 6.2203E-1 6.34337E-1 6.41594E-1 6.39351E-1 6.51868E-1 6.49634E-1 6.49413E-1 6.31193E-1 5.64686E-1 5.2007E-1 4.62759E-1 4.07556E-1 4.02865E-1 4.07379E-1 3.754E-1 3.00891E-1
1.73052E-1 1.65681E-1 1.69866E-1 1.77264E-1 1.85988E-1 1.96425E-1 1.99456E-1 1.7583E-1 1.52591E-1 1.44853E-1 1.43572E-1 1.42301E-1 1.44775E-1 1.45895E-1 1.46935E-1 1.46597E-1 1.41483E-1 1.41074E-1 1.39815E-1 1.43113E-1 1.48954E-1 1.5421E-1 1.61567E-1 1.67638E-1 1.74677E-1 1.84783E-1 1.95169E-1 2.10456E-1 2.23034E-1 2.34267E-1 2.52294E-1 2.62292E-1 2.7327E-1 2.8344E-1 2.93672E-1 3.28032E-1 3.70828E-1 3.95239E-1 4.14962E-1 4.33248E-1 4.59726E-1 4.92433E-1 5.2404E-1 5.59468E-1 5.84512E-1 6.03346E-1 6.07007E-1 6.05494E-1 6.08028E-1 6.09313E-1 6.08789E-1 6.2506E-1 6.35983E-1 6.38661E-1 6.42273E-1 6.42155E-1 6.42689E-1 6.39211E-1 6.51395E-1 6.52217E-1 6.41318E-1 6.22389E-1 5.86797E-1 5.60811E-1 5.04581E-1 4.61341E-1 4.67044E-1 4.8498E-1 4.58485E-1 3.97486E-1
1.8178E-1 1.64772E-1 1.65966E-1 1.66158E-1 1.66158E-1 1.63393E-1 1.5794E-1 1.44766E-1 1.34713E-1 1.28734E-1 1.27542E-1 1.33572E-1 1.35954E-1 1.39532E-1 1.42057E-1 1.40548E-1 1.40222E-1 1.38564E-1 1.4489E-1 1.49555E-1 1.53501E-1 1.62934E-1 1.69033E-1 1.73741E-1 1.8237E-1 1.8972E-1 2.02749E-1 2.18283E-1 2.34267E-1 2.51529E-1 2.68214E-1 2.78346E-1 2.86468E-1 2.9157E-1 2.90312E-1 3.10365E-1 3.73526E-1 4.18167E-1 4.38342E-1 4.56016E-1 4.78363E-1 5.08107E-1 5.40432E-1 5.64336E-1 5.86121E-1 6.03346E-1 6.02581E-1 5.96435E-1 6.00292E-1 6.03293E-1 6.13718E-1 6.14313E-1 6.32453E-1 6.3934E-1 6.28499E-1 6.25041E-1 6.31287E-1 6.42203E-1 6.52291E-1 6.45524E-1 6.12969E-1 6.19735E-1 5.9508E-1 5.62502E-1 5.44919E-1 5.19377E-1 5.1331E-1 5.51753E-1 5.26837E-1 4.76752E-1
1.803E-1 1.64869E-1 1.60654E-1 1.59388E-1 1.5401E-1 1.48738E-1 1.42301E-1 1.4103E-1 1.36028E-1 1.29935E-1 1.27545E-1 1.29935E-1 1.35954E-1 1.37035E-1 1.37035E-1 1.3929E-1 1.41483E-1 1.41074E-1 1.43611E-1 1.55361E-1 1.63488E-1 1.69508E-1 1.75555E-1 1.85293E-1 1.91207E-1 2.01766E-1 2.12577E-1 2.3265E-1 2.53185E-1 2.71583E-1 2.88549E-1 2.99526E-1 3.05228E-1 3.07352E-1 3.17613E-1 3.46844E-1 4.02009E-1 4.36797E-1 4.56548E-1 4.74091E-1 4.92119E-1 5.14405E-1 5.34514E-1 5.60157E-1 5.76987E-1 5.86249E-1 5.83171E-1 5.84934E-1 5.89533E-1 6.06439E-1 6.06884E-1 6.18328E-1 6.31249E-1 6.30743E-1 5.92709E-1 5.93087E-1 6.32493E-1 6.48931E-1 6.51808E-1 6.40654E-1 6.41397E-1 6.32216E-1 5.93496E-1 5.72058E-1 5.69253E-1 5.69253E-1 5.56489E-1 5.63484E-1 5.55918E-1 5.21006E-1
1.76103E-1 1.67651E-1 1.60749E-1 1.54013E-1 1.50049E-1 1.46062E-1 1.43494E-1 1.44856E-1 1.47356E-1 1.47188E-1 1.38518E-1 1.3844E-1 1.3844E-1 1.39532E-1 1.4333E-1 1.45895E-1 1.43082E-1 1.46597E-1 1.49195E-1 1.62117E-1 1.76103E-1 1.82772E-1 1.93119E-1 2.01766E-1 2.01766E-1 2.10456E-1 2.27823E-1 2.49877E-1 2.7233E-1 3.02236E-1 3.15984E-1 3.21833E-1 3.29227E-1 3.31304E-1 3.48382E-1 3.73872E-1 4.10129E-1 4.37082E-1 4.59888E-1 4.83054E-1 4.95006E-1 5.13016E-1 5.28945E-1 5.4719E-1 5.67155E-1 5.79088E-1 5.79545E-1 5.92398E-1 6.0072E-1 6.08006E-1 6.09082E-1 6.23973E-1 6.25648E-1 6.12398E-1 5.67882E-1 6.0329E-1 6.31293E-1 6.48465E-1 6.39891E-1 6.3508E-1 6.42472E-1 6.42118E-1 6.23697E-1 5.85231E-1 5.6402E-1 5.6985E-1 5.56951E-1 5.44167E-1 5.4084E-1 5.36393E-1
1.72998E-1 1.67651E-1 1.6203E-1 1.6203E-1 1.55086E-1 1.51107E-1 1.49794E-1 1.51107E-1 1.53491E-1 1.52427E-1 1.47356E-1 1.44775E-1 1.4222E-1 1.46062E-1 1.48488E-1 1.49965E-1 1.49794E-1 1.54469E-1 1.63488E-1 1.82009E-1 2.03621E-1 2.07914E-1 2.13367E-1 2.0991E-1 2.16166E-1 2.24626E-1 2.40032E-1 2.66225E-1 2.9839E-1 3.30942E-1 3.48655E-1 3.56124E-1 3.51474E-1 3.53488E-1 3.70416E-1 3.87205E-1 4.16566E-1 4.35635E-1 4.67262E-1 4.8678E-1 5.03039E-1 5.18979E-1 5.28945E-1 5.4399E-1 5.63222E-1 5.83707E-1 5.91234E-1 6.00768E-1 6.09038E-1 6.20938E-1 6.19394E-1 6.29245E-1 6.28284E-1 6.12768E-1 5.86399E-1 5.98278E-1 6.33117E-1 6.47957E-1 6.37892E-1 6.24622E-1 6.39093E-1 6.48325E-1 6.4542E-1 6.02722E-1 5.66354E-1 5.2819E-1 5.07107E-1 5.15985E-1 5.19706E-1 5.32912E-1
1.78916E-1 1.71866E-1 1.70362E-1 1.64321E-1 1.61575E-1 1.59849E-1 1.60211E-1 1.60483E-1 1.62944E-1 1.56426E-1 1.52427E-1 1.51107E-1 1.53753E-1 1.53753E-1 1.56602E-1 1.55262E-1 1.57772E-1 1.64321E-1 1.74093E-1 1.96034E-1 2.2362E-1 2.40248E-1 2.41885E-1 2.27643E-1 2.26814E-1 2.34267E-1 2.44939E-1 2.68965E-1 3.05228E-1 3.51787E-1 3.83825E-1 3.80486E-1 3.73781E-1 3.7546E-1 3.87154E-1 4.06902E-1 4.29268E-1 4.46323E-1 4.72656E-1 4.93648E-1 5.04359E-1 5.19256E-1 5.25226E-1 5.4719E-1 5.69102E-1 5.92349E-1 6.03346E-1 6.07102E-1 6.20633E-1 6.31278E-1 6.3237E-1 6.39185E-1 6.39038E-1 6.39878E-1 6.32749E-1 6.33117E-1 6.43243E-1 6.51092E-1 6.40275E-1 6.22271E-1 6.21063E-1 6.11296E-1 5.89671E-1 5.81415E-1 5.72177E-1 5.39734E-1 5.02804E-1 5.05424E-1 5.01487E-1 5.10596E-1
1.81816E-1 1.81816E-1 1.7872E-1 1.69888E-1 1.69033E-1 1.73257E-1 1.73741E-1 1.71296E-1 1.69888E-1 1.65982E-1 1.64598E-1 1.61848E-1 1.60483E-1 1.60483E-1 1.6203E-1 1.66168E-1 1.6203E-1 1.65703E-1 1.7947E-1 2.05817E-1 2.43029E-1 2.89383E-1 2.64625E-1 2.43029E-1 2.39141E-1 2.41664E-1 2.49877E-1 2.68214E-1 2.99526E-1 3.42932E-1 3.7546E-1 3.83886E-1 3.83886E-1 3.85547E-1 4.02004E-1 4.29354E-1 4.49525E-1 4.74515E-1 4.91614E-1 5.05673E-1 5.13443E-1 5.11751E-1 5.22847E-1 5.5261E-1 5.75896E-1 5.93824E-1 6.05752E-1 6.11812E-1 6.285E-1 6.39696E-1 6.423E-1 6.47392E-1 6.44943E-1 6.50131E-1 6.50136E-1 6.42935E-1 6.45524E-1 6.5473E-1 6.4282E-1 6.21971E-1 6.0709E-1 5.96307E-1 5.64524E-1 5.50893E-1 5.65532E-1 5.57308E-1 5.05424E-1 4.58578E-1 4.57092E-1 4.40445E-1
1.92144E-1 1.87684E-1 1.86006E-1 1.8237E-1 1.80417E-1 1.87723E-1 1.86763E-1 1.7947E-1 1.76594E-1 1.75555E-1 1.7728E-1 1.71582E-1 1.71582E-1 1.70173E-1 1.70362E-1 1.71772E-1 1.71772E-1 1.75847E-1 1.88238E-1 2.08904E-1 2.53185E-1 2.77395E-1 2.6318E-1 2.48228E-1 2.47344E-1 2.57263E-1 2.61507E-1 2.7496E-1 3.03952E-1 3.37797E-1 3.61685E-1 3.83597E-1 3.87154E-1 4.03639E-1 4.26093E-1 4.54077E-1 4.76206E-1 4.95513E-1 5.16478E-1 5.22252E-1 5.22252E-1 5.21713E-1 5.40738E-1 5.70844E-1 5.92121E-1 6.02321E-1 6.09655E-1 6.19992E-1 6.29693E-1 6.44604E-1 6.50027E-1 6.50435E-1 6.52546E-1 6.52484E-1 6.31946E-1 6.29965E-1 6.43163E-1 6.50719E-1 6.42118E-1 6.03975E-1 5.97414E-1 5.98701E-1 5.7242E-1 5.26389E-1 5.4246E-1 5.33602E-1 4.92783E-1 4.49923E-1 4.48078E-1 4.04234E-1
1.99793E-1 1.99688E-1 1.94936E-1 1.99152E-1 1.97209E-1 1.957E-1 1.92699E-1 1.92699E-1 1.88651E-1 1.86006E-1 1.86006E-1 1.81617E-1 1.81617E-1 1.7872E-1 1.80363E-1 1.78916E-1 1.80363E-1 1.8748E-1 1.99152E-1 2.1886E-1 2.40032E-1 2.50638E-1 2.41664E-1 2.36778E-1 2.56229E-1 2.67285E-1 2.7577E-1 2.81544E-1 3.06531E-1 3.36635E-1 3.69724E-1 3.93218E-1 4.08051E-1 4.32178E-1 4.60628E-1 4.87397E-1 5.05467E-1 5.22872E-1 5.27802E-1 5.38559E-1 5.41337E-1 5.34816E-1 5.62454E-1 6.04461E-1 6.08808E-1 6.00731E-1 6.05635E-1 6.17525E-1 6.31478E-1 6.45733E-1 6.56261E-1 6.43055E-1 6.49168E-1 6.46311E-1 6.28662E-1 6.40336E-1 6.27985E-1 6.27535E-1 6.13094E-1 5.93876E-1 5.93496E-1 5.60016E-1 5.32759E-1 4.8915E-1 4.74614E-1 4.94648E-1 4.67796E-1 4.26692E-1 4.97365E-1 4.82159E-1
2.2058E-1 2.10467E-1 2.07362E-1 2.08359E-1 2.06812E-1 2.00242E-1 1.957E-1 1.96125E-1 1.94936E-1 1.93434E-1 1.91937E-1 1.91937E-1 1.90446E-1 1.90446E-1 1.90652E-1 1.92144E-1 1.96654E-1 1.97956E-1 2.08692E-1 2.22495E-1 2.36985E-1 2.46317E-1 2.44048E-1 2.50638E-1 2.71583E-1 2.81544E-1 2.88922E-1 2.92765E-1 3.09548E-1 3.36574E-1 3.72523E-1 4.04417E-1 4.4615E-1 4.88411E-1 5.11194E-1 5.24186E-1 5.34756E-1 5.39574E-1 5.42568E-1 5.4204E-1 5.41337E-1 5.51339E-1 5.57608E-1 6.17415E-1 5.99756E-1 5.75251E-1 6.00682E-1 6.19976E-1 6.34908E-1 6.53855E-1 6.58384E-1 6.38668E-1 6.35535E-1 6.3149E-1 6.30425E-1 6.21749E-1 5.8693E-1 5.81898E-1 5.66566E-1 5.68467E-1 5.8445E-1 5.6244E-1 5.24565E-1 4.57092E-1 4.29583E-1 4.57092E-1 4.57451E-1 4.15548E-1 4.92227E-1 5.14493E-1
2.25662E-1 2.31483E-1 2.17282E-1 2.20747E-1 2.11804E-1 2.0527E-1 1.99152E-1 1.97956E-1 1.98169E-1 1.99688E-1 2.02742E-1 2.02742E-1 2.02742E-1 2.00998E-1 2.00998E-1 2.02742E-1 2.07362E-1 2.11804E-1 2.21253E-1 2.34098E-1 2.46818E-1 2.66306E-1 2.79162E-1 2.87211E-1 2.99638E-1 3.06529E-1 3.08539E-1 3.08539E-1 3.18906E-1 3.34173E-1 3.65452E-1 4.10979E-1 4.6448E-1 5.29895E-1 5.54177E-1 5.58152E-1 5.61867E-1 5.63262E-1 5.55349E-1 5.40243E-1 5.62062E-1 5.81583E-1 5.75717E-1 5.77582E-1 5.51601E-1 5.70788E-1 6.13378E-1 6.3347E-1 6.45154E-1 6.60874E-1 6.56027E-1 6.40959E-1 6.25331E-1 6.06305E-1 5.97618E-1 5.98437E-1 5.62029E-1 5.43656E-1 5.7501E-1 5.84647E-1 5.39734E-1 5.42896E-1 4.98834E-1 4.18416E-1 3.88596E-1 3.90694E-1 3.79408E-1 3.89465E-1 4.48404E-1 5.01755E-1
2.29593E-1 2.32712E-1 2.33075E-1 2.3104E-1 2.15161E-1 2.12027E-1 2.05817E-1 2.09021E-1 2.09021E-1 2.13702E-1 2.15272E-1 2.16846E-1 2.18313E-1 2.13367E-1 2.16508E-1 2.16508E-1 2.21484E-1 2.27878E-1 2.38981E-1 2.50502E-1 2.70208E-1 2.9179E-1 3.15138E-1 3.31013E-1 3.34617E-1 3.41528E-1 3.34612E-1 3.27693E-1 3.2235E-1 3.30997E-1 3.73965E-1 4.33635E-1 4.93744E-1 5.40686E-1 5.71826E-1 5.87299E-1 5.88953E-1 5.86275E-1 5.75131E-1 5.72965E-1 5.90211E-1 6.09496E-1 5.98955E-1 5.71711E-1 5.73636E-1 5.95495E-1 6.35377E-1 6.5092E-1 6.57754E-1 6.61644E-1 6.56714E-1 6.41627E-1 6.18643E-1 5.66327E-1 5.27993E-1 5.67339E-1 5.63027E-1 5.84642E-1 5.79021E-1 5.40043E-1 5.65532E-1 4.91393E-1 4.32028E-1 3.72145E-1 3.17383E-1 2.629E-1 2.33639E-1 2.88003E-1 3.86098E-1 4.36205E-1
2.44727E-1 2.46277E-1 2.4512E-1 2.40704E-1 2.24672E-1 2.18422E-1 2.12016E-1 2.1358E-1 2.20005E-1 2.27989E-1 2.31213E-1 2.34456E-1 2.311E-1 2.32478E-1 2.32478E-1 2.35722E-1 2.40617E-1 2.47442E-1 2.57158E-1 2.67228E-1 2.84205E-1 3.11273E-1 3.44074E-1 3.77379E-1 3.83807E-1 3.7194E-1 3.61694E-1 3.38866E-1 3.20999E-1 3.44038E-1 4.02215E-1 4.62955E-1 5.18129E-1 5.59142E-1 5.90417E-1 6.10553E-1 6.13279E-1 6.05279E-1 5.96233E-1 5.95522E-1 5.89962E-1 5.88723E-1 5.89375E-1 5.71822E-1 6.18336E-1 6.28911E-1 6.41779E-1 6.58054E-1 6.59891E-1 6.62775E-1 6.57357E-1 6.46271E-1 6.23215E-1 5.74299E-1 5.18188E-1 5.74411E-1 5.81895E-1 5.51947E-1 5.36728E-1 5.55466E-1 5.36075E-1 4.71097E-1 4.37989E-1 3.56234E-1 3.28683E-1 2.17673E-1 1.58522E-1 2.76927E-1 3.48684E-1 3.43889E-1
2.56759E-1 2.56759E-1 2.52476E-1 2.50123E-1 2.38981E-1 2.27989E-1 2.20878E-1 2.22467E-1 2.30842E-1 2.49083E-1 2.55865E-1 2.57535E-1 2.49096E-1 2.45792E-1 2.4517E-1 2.51781E-1 2.57158E-1 2.67228E-1 2.77389E-1 2.85914E-1 3.0136E-1 3.20344E-1 3.58292E-1 4.14099E-1 4.37881E-1 4.08325E-1 3.85004E-1 3.54663E-1 3.55447E-1 3.95066E-1 4.65965E-1 5.0052E-1 5.41878E-1 5.79084E-1 6.10085E-1 6.29161E-1 6.33412E-1 6.28049E-1 6.19069E-1 6.00255E-1 5.80005E-1 5.96725E-1 6.05249E-1 6.14108E-1 6.36767E-1 6.47016E-1 6.47581E-1 6.59858E-1 6.44238E-1 6.47664E-1 6.51337E-1 6.47699E-1 6.38764E-1 6.28941E-1 6.04735E-1 5.57977E-1 5.14417E-1 4.8478E-1 4.66195E-1 5.48144E-1 4.82064E-1 4.64292E-1 4.36294E-1 4.23112E-1 3.7113E-1 2.96034E-1 2.76927E-1 3.57207E-1 3.62305E-1 2.80307E-1
2.66488E-1 2.63421E-1 2.65665E-1 2.60618E-1 2.45914E-1 2.37329E-1 2.27058E-1 2.30993E-1 2.47927E-1 2.75667E-1 2.91312E-1 2.81192E-1 2.72694E-1 2.58829E-1 2.60115E-1 2.70208E-1 2.7909E-1 2.94481E-1 3.03082E-1 3.0998E-1 3.20344E-1 3.32445E-1 3.51725E-1 3.99399E-1 4.16511E-1 4.14215E-1 4.00238E-1 3.86904E-1 4.0106E-1 4.77991E-1 5.49903E-1 5.32133E-1 5.65671E-1 6.02435E-1 6.26591E-1 6.41628E-1 6.47879E-1 6.48359E-1 6.37723E-1 5.91186E-1 5.89509E-1 6.06471E-1 6.22935E-1 6.37659E-1 6.51599E-1 6.56526E-1 6.60073E-1 6.49413E-1 6.12354E-1 6.14027E-1 6.20435E-1 6.33426E-1 6.37501E-1 6.49294E-1 6.33104E-1 5.70017E-1 5.06725E-1 4.63526E-1 4.40262E-1 5.21764E-1 4.55664E-1 4.41685E-1 4.42161E-1 4.49046E-1 4.20346E-1 3.69346E-1 3.33639E-1 3.65695E-1 3.87162E-1 3.67388E-1
2.77933E-1 2.77758E-1 2.73411E-1 2.63469E-1 2.55731E-1 2.45644E-1 2.39737E-1 2.48925E-1 2.65597E-1 2.88889E-1 3.05074E-1 3.03498E-1 2.86322E-1 2.65804E-1 2.67228E-1 2.85914E-1 3.06529E-1 3.23802E-1 3.359E-1 3.37627E-1 3.46254E-1 3.56576E-1 3.55164E-1 3.84134E-1 4.02715E-1 4.10117E-1 4.12389E-1 4.14017E-1 4.41417E-1 5.04808E-1 5.40523E-1 5.56912E-1 5.81877E-1 6.19539E-1 6.41118E-1 6.52104E-1 6.57315E-1 6.58054E-1 6.20274E-1 5.9093E-1 6.06034E-1 6.20529E-1 6.36149E-1 6.47369E-1 6.47023E-1 6.33555E-1 6.33747E-1 6.166E-1 5.82615E-1 5.90208E-1 6.06862E-1 6.05231E-1 6.19324E-1 6.32252E-1 6.2464E-1 5.85946E-1 5.40608E-1 4.79048E-1 4.31636E-1 5.12079E-1 4.48209E-1 4.11651E-1 4.22548E-1 4.31821E-1 4.39973E-1 3.87693E-1 3.45765E-1 3.51625E-1 4.32755E-1 4.63391E-1
2.86157E-1 2.87013E-1 2.88614E-1 2.79842E-1 2.65791E-1 2.62243E-1 2.58861E-1 2.64798E-1 2.84213E-1 3.00901E-1 3.15135E-1 3.20621E-1 3.03498E-1 2.88033E-1 2.86187E-1 3.06529E-1 3.34173E-1 3.63432E-1 3.73668E-1 3.75368E-1 3.82145E-1 3.8415E-1 3.85821E-1 4.01719E-1 4.20712E-1 4.30097E-1 4.37995E-1 4.47336E-1 4.66562E-1 4.95504E-1 5.3443E-1 5.79914E-1 6.13919E-1 6.44746E-1 6.56688E-1 6.58443E-1 6.59811E-1 6.35775E-1 5.79316E-1 6.12975E-1 6.25639E-1 6.34562E-1 6.41742E-1 6.45155E-1 6.34874E-1 6.16617E-1 6.0528E-1 5.69292E-1 5.45386E-1 5.9121E-1 6.10055E-1 5.79286E-1 5.88089E-1 5.9112E-1 5.74838E-1 5.66405E-1 5.44032E-1 4.91647E-1 4.22861E-1 4.96992E-1 4.2852E-1 3.91094E-1 3.91817E-1 3.85427E-1 3.90428E-1 3.60437E-1 3.61025E-1 4.04236E-1 4.52948E-1 4.3844E-1
2.97377E-1 2.98757E-1 2.96683E-1 2.89336E-1 2.82756E-1 2.74708E-1 2.77414E-1 2.82511E-1 2.9689E-1 3.06505E-1 3.17163E-1 3.2408E-1 3.17315E-1 3.08679E-1 3.22365E-1 3.37627E-1 3.68558E-1 3.9892E-1 4.07204E-1 4.08852E-1 4.12461E-1 4.1752E-1 4.25114E-1 4.35117E-1 4.48351E-1 4.56521E-1 4.69987E-1 4.88348E-1 5.05789E-1 5.28208E-1 5.66739E-1 6.07375E-1 6.43252E-1 6.61357E-1 6.61718E-1 6.58524E-1 6.03866E-1 4.91095E-1 5.84911E-1 6.24897E-1 6.32914E-1 6.33971E-1 6.28117E-1 6.29386E-1 6.21385E-1 5.96642E-1 5.80882E-1 5.18884E-1 4.76673E-1 4.8305E-1 5.44142E-1 5.87435E-1 5.76815E-1 5.5032E-1 5.15195E-1 5.18988E-1 5.15182E-1 4.58485E-1 3.90246E-1 4.18276E-1 3.99722E-1 3.6476E-1 3.46946E-1 3.24011E-1 3.25078E-1 3.26985E-1 3.15062E-1 3.3384E-1 3.49007E-1 3.36885E-1
3.00524E-1 3.05644E-1 2.9865E-1 2.98198E-1 2.94745E-1 2.94458E-1 2.97463E-1 3.02622E-1 3.13408E-1 3.15135E-1 3.2235E-1 3.25809E-1 3.29423E-1 3.34617E-1 3.50003E-1 3.66851E-1 3.92241E-1 4.1704E-1 4.31557E-1 4.3507E-1 4.46245E-1 4.52274E-1 4.5907E-1 4.68049E-1 4.78745E-1 4.97091E-1 5.11905E-1 5.31656E-1 5.61163E-1 5.78924E-1 6.24216E-1 6.43347E-1 6.62819E-1 6.42935E-1 6.44161E-1 6.09934E-1 4.98942E-1 5.44668E-1 6.02896E-1 6.21142E-1 6.3622E-1 6.33802E-1 6.209E-1 6.04107E-1 5.73815E-1 5.58945E-1 5.59522E-1 5.34078E-1 4.88011E-1 4.61913E-1 4.79673E-1 5.4246E-1 5.75995E-1 5.16378E-1 4.78165E-1 4.69539E-1 4.60431E-1 3.98487E-1 3.23692E-1 2.8012E-1 3.01012E-1 3.14153E-1 3.09454E-1 2.83005E-1 2.73407E-1 2.38452E-1 1.90553E-1 2.08576E-1 2.30474E-1 2.41547E-1
2.97094E-1 2.99658E-1 3.0136E-1 3.11993E-1 3.10402E-1 3.11978E-1 3.15434E-1 3.18891E-1 3.27539E-1 3.2235E-1 3.27693E-1 3.32882E-1 3.44981E-1 3.58599E-1 3.72279E-1 3.90883E-1 4.07527E-1 4.30287E-1 4.47808E-1 4.58585E-1 4.70444E-1 4.82752E-1 4.89759E-1 5.02555E-1 5.18417E-1 5.40677E-1 5.58794E-1 5.82497E-1 6.13194E-1 6.32036E-1 6.53654E-1 6.59122E-1 6.15929E-1 5.93113E-1 5.6407E-1 4.9373E-1 3.96201E-1 5.06322E-1 5.96337E-1 6.29147E-1 6.39185E-1 6.32029E-1 6.11139E-1 5.81898E-1 5.39556E-1 5.09216E-1 5.07959E-1 4.89038E-1 4.67518E-1 4.61537E-1 4.68955E-1 5.31152E-1 5.0708E-1 4.79605E-1 4.54629E-1 4.50066E-1 4.21999E-1 3.60795E-1 2.78362E-1 1.81999E-1 1.95384E-1 2.75263E-1 2.9802E-1 2.75947E-1 2.28233E-1 1.54405E-1 9.21451E-2 1.11108E-1 1.46623E-1 1.89201E-1
2.97094E-1 3.04811E-1 3.11273E-1 3.18616E-1 3.22365E-1 3.25969E-1 3.31153E-1 3.34612E-1 3.38068E-1 3.25964E-1 3.34612E-1 3.467E-1 3.63894E-1 3.77534E-1 3.90883E-1 4.05876E-1 4.2724E-1 4.43123E-1 4.61618E-1 4.71582E-1 4.89889E-1 5.01715E-1 5.1583E-1 5.39489E-1 5.59962E-1 5.8338E-1 6.01069E-1 6.22651E-1 6.41474E-1 6.5587E-1 6.6085E-1 6.62956E-1 1.60784E-1 5.7501E-1 4.83805E-1 4.33877E-1 4.49883E-1 4.67675E-1 5.87584E-1 6.21753E-1 6.23868E-1 5.91883E-1 5.64696E-1 5.30487E-1 5.15753E-1 4.90946E-1 4.51151E-1 4.27514E-1 4.36362E-1 4.73236E-1 4.70868E-1 5.02734E-1 4.40743E-1 3.86152E-1 4.188E-1 4.23527E-1 4.00972E-1 3.28683E-1 2.52881E-1 1.60018E-1 1.86233E-1 2.72032E-1 3.15797E-1 2.97565E-1 2.20436E-1 1.34283E-1 7.38316E-2 6.68745E-2 8.76645E-2 1.36715E-1
3.04664E-1 3.09105E-1 3.2277E-1 3.3027E-1 3.37627E-1 3.43107E-1 3.50003E-1 3.55315E-1 3.55315E-1 3.53595E-1 3.58751E-1 3.70728E-1 3.80924E-1 3.92717E-1 4.0438E-1 4.14259E-1 4.30443E-1 4.5073E-1 4.68611E-1 4.913E-1 5.22781E-1 5.34117E-1 5.5098E-1 5.68447E-1 5.91628E-1 6.16206E-1 6.29124E-1 6.44987E-1 6.58519E-1 6.6515E-1 6.61095E-1 6.37851E-1 5.7242E-1 3.5668E-1 4.77472E-1 3.95723E-1 4.48654E-1 4.4369E-1 6.13103E-1 6.47023E-1 6.34856E-1 5.68413E-1 5.17019E-1 4.70411E-1 4.32028E-1 4.28992E-1 4.34488E-1 4.52016E-1 4.81076E-1 5.01487E-1 5.09311E-1 4.91909E-1 4.04063E-1 3.59202E-1 3.81096E-1 4.32336E-1 3.60897E-1 2.82975E-1 2.629E-1 2.28738E-1 2.49136E-1 3.02653E-1 3.23692E-1 2.99228E-1 2.43156E-1 1.4282E-1 7.01597E-2 5.85402E-2 6.62841E-2 9.70918E-2
