KUENM/Final_Models/M_0.1_F_lq_Set_2_NE/sp1_9.asc
ncols         197
nrows         210
xllcorner     56.1666666666667
yllcorner     4.5
cellsize      0.166666666666667
NODATA_value  -9999
[rows 84 to 111 of 210, columns 65 to 129 of 197]
1.13935E-1 1.18935E-1 1.28106E-1 1.28315E-1 1.27537E-1 1.23553E-1 1.22073E-1 1.18328E-1 1.17414E-1 1.24093E-1 1.36352E-1 1.55678E-1 1.68877E-1 1.65781E-1 1.4755E-1 1.27565E-1 1.27793E-1 1.448E-1 1.6481E-1 1.82577E-1 1.95561E-1 1.97451E-1 2.07021E-1 2.18761E-1 2.18711E-1 2.592E-1 2.90157E-1 3.02694E-1 3.08566E-1 3.10785E-1 3.43183E-1 4.22719E-1 4.74961E-1 5.05453E-1 5.39636E-1 5.96618E-1 6.26299E-1 6.39808E-1 6.44736E-1 6.4314E-1 5.7751E-1 5.35676E-1 5.5532E-1 5.77717E-1 6.02727E-1 6.20977E-1 6.20811E-1 6.01175E-1 6.02582E-1 5.75895E-1 5.20834E-1 5.41371E-1 5.72389E-1 5.6976E-1 5.90377E-1 6.0746E-1 5.91817E-1 5.27612E-1 4.51613E-1 3.54575E-1 2.8947E-1 4.03902E-1 3.11404E-1 2.6409E-1 2.7743E-1
1.23212E-1 1.31189E-1 1.35294E-1 1.37044E-1 1.41073E-1 1.37133E-1 1.31002E-1 1.33234E-1 1.33193E-1 1.37156E-1 1.54296E-1 1.67799E-1 1.80996E-1 1.85178E-1 1.65781E-1 1.49186E-1 1.46205E-1 1.6481E-1 1.9368E-1 2.26732E-1 2.38885E-1 2.40931E-1 2.49174E-1 2.5338E-1 2.61322E-1 2.86345E-1 3.14385E-1 3.33031E-1 3.44162E-1 3.57492E-1 3.82334E-1 4.19381E-1 4.73168E-1 5.36549E-1 5.8567E-1 6.30115E-1 6.46858E-1 6.46455E-1 6.45706E-1 6.0102E-1 5.20704E-1 5.66845E-1 5.85623E-1 5.99594E-1 6.10848E-1 6.1719E-1 6.01521E-1 5.73546E-1 5.55093E-1 4.95051E-1 4.58065E-1 5.4108E-1 5.77536E-1 5.30305E-1 5.39992E-1 5.42841E-1 5.11285E-1 4.9625E-1 4.56972E-1 3.73502E-1 2.7807E-1 3.81875E-1 2.85154E-1 2.38673E-1 2.39323E-1
1.37643E-1 1.41297E-1 1.46896E-1 1.4776E-1 1.49278E-1 1.48031E-1 1.46772E-1 1.43435E-1 1.47617E-1 1.5261E-1 1.65376E-1 1.71935E-1 1.81488E-1 1.88904E-1 1.80064E-1 1.69625E-1 1.82438E-1 1.97451E-1 2.3278E-1 2.70125E-1 2.80751E-1 2.82886E-1 2.89484E-1 3.00329E-1 3.15254E-1 3.34321E-1 3.55929E-1 3.70762E-1 3.90491E-1 4.14665E-1 4.37922E-1 4.63565E-1 5.18281E-1 5.77504E-1 6.3155E-1 6.50838E-1 6.49741E-1 6.42392E-1 5.52091E-1 4.04711E-1 5.28197E-1 5.84446E-1 5.96638E-1 5.97736E-1 5.88308E-1 5.91209E-1 5.79457E-1 5.38378E-1 5.12879E-1 4.1382E-1 3.51436E-1 3.6283E-1 4.59584E-1 5.36905E-1 5.19836E-1 4.75711E-1 4.17703E-1 4.2199E-1 4.12414E-1 3.26202E-1 2.37451E-1 2.72362E-1 2.49015E-1 2.08122E-1 1.88861E-1
1.43814E-1 1.53795E-1 1.5217E-1 1.57074E-1 1.54772E-1 1.57789E-1 1.58456E-1 1.59667E-1 1.64284E-1 1.69572E-1 1.79165E-1 1.80996E-1 1.87036E-1 1.90781E-1 1.93059E-1 1.97145E-1 2.12791E-1 2.30758E-1 2.61691E-1 2.93603E-1 3.13018E-1 3.19799E-1 3.39693E-1 3.50625E-1 3.65618E-1 3.84516E-1 4.03484E-1 4.3106E-1 4.53634E-1 4.77617E-1 5.14773E-1 5.34991E-1 5.96231E-1 6.26222E-1 6.5453E-1 6.14056E-1 6.16754E-1 5.58573E-1 4.05998E-1 4.72613E-1 5.52475E-1 5.78726E-1 6.01924E-1 5.97489E-1 5.76815E-1 5.50516E-1 4.99937E-1 4.76193E-1 4.78039E-1 4.39517E-1 3.70902E-1 3.3553E-1 3.58795E-1 4.55665E-1 5.14809E-1 4.21138E-1 3.62589E-1 3.48767E-1 3.33452E-1 2.4845E-1 1.65117E-1 1.25223E-1 1.43584E-1 1.55851E-1 1.51443E-1
1.29241E-1 1.44734E-1 1.51334E-1 1.54732E-1 1.59669E-1 1.7164E-1 1.72844E-1 1.76025E-1 1.79658E-1 1.83328E-1 1.92667E-1 1.87036E-1 1.91175E-1 1.96852E-1 2.08707E-1 2.22694E-1 2.38892E-1 2.61771E-1 2.83039E-1 3.13281E-1 3.39594E-1 3.5483E-1 3.76771E-1 4.00314E-1 4.16785E-1 4.39357E-1 4.63629E-1 4.98047E-1 5.22975E-1 5.5098E-1 5.88895E-1 6.1027E-1 6.33074E-1 6.46073E-1 5.68676E-1 5.31489E-1 4.83925E-1 3.80804E-1 2.64039E-1 4.12683E-1 5.42065E-1 5.90891E-1 6.06643E-1 5.9475E-1 5.60845E-1 5.13866E-1 4.45402E-1 3.98741E-1 3.97308E-1 3.70187E-1 3.40612E-1 3.3396E-1 3.42643E-1 4.39329E-1 4.02535E-1 3.64678E-1 3.27768E-1 3.21452E-1 2.82656E-1 2.0626E-1 1.24112E-1 5.64329E-2 6.42061E-2 1.21138E-1 1.40905E-1
-9999 1.41587E-1 1.51334E-1 1.59744E-1 1.68372E-1 1.77148E-1 1.82438E-1 1.87743E-1 1.94951E-1 1.98761E-1 2.02606E-1 1.893E-1 1.98761E-1 2.1236E-1 2.30619E-1 2.47061E-1 2.61771E-1 2.80896E-1 3.11238E-1 3.3305E-1 3.61515E-1 3.81067E-1 4.10955E-1 4.31738E-1 4.59652E-1 4.96203E-1 5.28074E-1 5.61366E-1 5.82903E-1 6.11018E-1 6.32991E-1 6.49089E-1 6.51596E-1 6.52924E-1 4.63168E-2 5.04214E-1 3.61281E-1 2.93572E-1 3.20459E-1 3.49771E-1 5.24422E-1 5.77747E-1 5.81011E-1 5.2884E-1 4.85343E-1 4.31609E-1 4.09461E-1 3.71821E-1 3.15505E-1 2.84013E-1 2.96211E-1 3.48724E-1 3.44639E-1 3.94769E-1 3.06399E-1 2.36976E-1 2.78514E-1 2.83589E-1 2.54971E-1 1.7224E-1 1.04028E-1 4.48321E-2 5.8822E-2 1.18462E-1 1.57422E-1
-9999 1.47922E-1 1.57726E-1 1.62988E-1 1.78981E-1 1.88126E-1 1.97451E-1 2.05004E-1 2.12791E-1 2.20551E-1 2.20551E-1 2.18559E-1 2.24558E-1 2.38792E-1 2.51229E-1 2.65972E-1 2.80921E-1 2.93861E-1 3.17798E-1 3.48433E-1 3.76729E-1 4.13069E-1 4.57998E-1 4.81425E-1 5.10791E-1 5.4131E-1 5.77436E-1 6.09351E-1 6.26413E-1 6.45454E-1 6.59095E-1 6.66961E-1 6.51036E-1 6.10478E-1 5.00967E-1 1.9924E-1 3.54785E-1 2.44227E-1 3.14014E-1 3.11975E-1 5.63345E-1 6.20811E-1 6.00777E-1 4.9128E-1 4.1071E-1 3.42122E-1 2.89907E-1 2.86175E-1 2.94182E-1 3.18347E-1 3.6082E-1 3.90796E-1 4.02525E-1 3.78696E-1 2.57907E-1 2.06798E-1 2.3191E-1 3.00129E-1 2.0869E-1 1.29366E-1 1.12216E-1 8.56955E-2 1.00377E-1 1.45087E-1 1.65117E-1
-9999 1.52513E-1 1.64459E-1 1.73355E-1 1.84276E-1 1.93631E-1 2.07005E-1 2.22733E-1 2.42984E-1 2.59666E-1 2.6388E-1 2.70224E-1 2.74492E-1 2.78775E-1 2.83071E-1 2.91635E-1 3.00329E-1 3.17691E-1 3.33068E-1 3.61461E-1 3.98173E-1 4.40058E-1 4.84842E-1 5.07172E-1 5.44432E-1 5.77162E-1 6.11104E-1 6.34839E-1 6.43287E-1 6.55642E-1 6.68345E-1 6.73509E-1 6.52457E-1 5.33969E-1 2.83899E-1 2.72817E-1 3.72208E-1 2.20797E-1 1.96206E-1 3.63922E-1 6.00089E-1 6.4968E-1 6.27053E-1 5.11846E-1 4.59607E-1 3.53976E-1 2.68433E-1 2.39349E-1 2.75845E-1 3.16144E-1 3.70902E-1 3.88216E-1 4.02525E-1 3.40148E-1 2.52954E-1 2.16326E-1 2.36625E-1 2.35277E-1 1.68337E-1 1.11945E-1 1.31282E-1 1.54904E-1 1.68381E-1 1.81962E-1 1.77603E-1
-9999 -9999 1.70998E-1 1.83743E-1 1.9321E-1 2.08599E-1 2.26475E-1 2.5109E-1 2.78362E-1 3.04374E-1 3.30669E-1 3.39362E-1 3.3719E-1 3.30868E-1 3.30868E-1 3.33125E-1 3.26556E-1 3.30871E-1 3.46241E-1 3.7238E-1 4.13069E-1 4.58134E-1 4.96337E-1 5.36362E-1 5.70124E-1 6.0415E-1 6.33788E-1 6.58209E-1 6.61985E-1 6.65007E-1 6.7383E-1 6.75822E-1 6.59741E-1 5.95324E-1 4.23613E-1 3.79496E-1 3.70047E-1 2.20701E-1 3.69919E-1 5.59327E-1 6.34283E-1 6.59536E-1 6.53638E-1 6.0387E-1 5.86212E-1 4.31761E-1 2.39349E-1 2.26084E-1 2.71831E-1 3.0617E-1 3.64834E-1 4.19279E-1 3.82377E-1 2.95272E-1 2.56993E-1 2.54775E-1 2.65813E-1 2.49999E-1 1.40285E-1 1.12466E-1 1.45421E-1 2.18374E-1 2.49015E-1 2.1151E-1 1.63014E-1
-9999 -9999 1.83344E-1 1.98431E-1 2.11697E-1 2.31761E-1 2.50439E-1 2.8222E-1 3.19093E-1 3.59975E-1 3.9666E-1 4.09796E-1 3.97268E-1 3.82862E-1 3.67822E-1 3.61515E-1 3.54539E-1 3.32504E-1 3.44048E-1 3.91837E-1 4.35928E-1 4.81336E-1 5.27142E-1 5.61035E-1 5.96327E-1 6.22288E-1 6.47479E-1 6.66014E-1 6.7327E-1 6.76234E-1 6.8123E-1 6.77483E-1 6.73509E-1 6.42804E-1 5.29281E-1 3.8046E-1 3.14996E-1 3.09139E-1 3.88216E-1 5.50913E-1 6.54706E-1 6.5935E-1 6.71031E-1 6.55622E-1 5.74981E-1 3.94541E-1 2.44551E-1 2.29552E-1 2.64423E-1 3.02234E-1 3.60823E-1 3.84681E-1 2.73837E-1 2.30508E-1 2.53883E-1 2.71206E-1 2.56816E-1 2.27332E-1 1.43432E-1 1.07051E-1 1.33158E-1 2.23288E-1 2.56569E-1 1.90389E-1 7.88765E-2
-9999 -9999 -9999 2.11168E-1 2.23346E-1 2.51993E-1 2.83819E-1 3.13599E-1 3.50716E-1 4.09419E-1 4.54825E-1 4.64718E-1 4.5318E-1 4.28247E-1 3.8713E-1 3.41774E-1 3.02536E-1 2.93805E-1 3.35265E-1 3.98277E-1 4.46059E-1 5.03405E-1 5.48482E-1 5.80829E-1 6.11598E-1 6.33927E-1 6.49932E-1 6.58209E-1 6.65462E-1 6.7722E-1 6.82154E-1 6.80023E-1 6.76914E-1 6.53454E-1 5.86505E-1 4.33572E-1 3.4221E-1 4.02254E-1 4.20036E-1 4.60509E-1 6.00183E-1 6.58007E-1 6.56978E-1 5.93902E-1 4.20615E-1 3.60557E-1 2.22177E-1 2.1676E-1 2.84239E-1 3.36546E-1 3.28483E-1 3.28396E-1 2.73396E-1 2.54329E-1 2.6334E-1 2.45847E-1 2.13131E-1 1.60815E-1 1.19356E-1 8.42147E-2 8.14951E-2 1.63784E-1 2.12186E-1 1.24006E-1 3.54169E-2
-9999 -9999 -9999 -9999 -9999 -9999 -9999 3.40457E-1 3.87776E-1 4.36764E-1 4.66917E-1 4.87403E-1 4.93325E-1 4.81343E-1 4.15994E-1 3.0906E-1 2.14334E-1 2.5525E-1 3.44048E-1 4.19283E-1 4.87565E-1 5.41746E-1 5.78919E-1 6.05433E-1 6.25318E-1 6.42674E-1 6.55808E-1 6.63629E-1 6.68656E-1 6.80158E-1 6.84008E-1 6.78174E-1 6.65934E-1 6.45462E-1 6.08471E-1 5.31386E-1 4.39537E-1 4.39537E-1 4.5605E-1 5.08416E-1 6.00555E-1 6.39199E-1 6.22953E-1 4.68285E-1 2.01303E-1 2.04516E-1 1.65458E-1 1.71319E-1 2.80134E-1 3.02112E-1 2.80134E-1 2.81882E-1 2.58266E-1 2.73837E-1 2.35666E-1 1.78789E-1 1.44233E-1 1.23248E-1 8.97591E-2 4.81004E-2 4.59482E-2 9.31448E-2 1.51724E-1 5.99514E-2 1.22735E-2
-9999 -9999 -9999 -9999 -9999 -9999 -9999 -9999 4.14386E-1 4.46357E-1 4.81194E-1 5.04799E-1 5.22291E-1 5.22191E-1 4.7386E-1 3.77003E-1 3.15453E-1 3.39362E-1 4.00174E-1 4.72669E-1 5.34991E-1 5.74607E-1 6.00964E-1 6.19392E-1 6.35742E-1 6.50696E-1 6.62407E-1 6.70791E-1 6.76552E-1 6.83619E-1 6.82826E-1 6.6502E-1 6.34259E-1 6.18347E-1 6.16075E-1 5.91568E-1 5.25827E-1 5.04695E-1 5.0547E-1 5.07187E-1 5.35031E-1 5.85376E-1 5.95078E-1 4.48238E-1 2.12176E-1 1.87411E-1 1.38781E-1 1.4008E-1 1.92166E-1 2.1966E-1 2.44551E-1 2.58266E-1 2.46827E-1 2.46827E-1 1.79881E-1 1.01947E-1 8.16963E-2 8.277E-2 6.14513E-2 2.29226E-2 1.34255E-2 2.35817E-2 3.91418E-2 1.9296E-2 6.51578E-3
-9999 -9999 -9999 -9999 -9999 -9999 -9999 -9999 -9999 4.59501E-1 4.84701E-1 5.08039E-1 5.33426E-1 5.27333E-1 5.00485E-1 4.68703E-1 4.65026E-1 4.61008E-1 4.73999E-1 5.19945E-1 5.5916E-1 5.87677E-1 6.09908E-1 6.31137E-1 6.47479E-1 6.58546E-1 6.70288E-1 6.77023E-1 6.79911E-1 6.84539E-1 6.79578E-1 6.50212E-1 5.95679E-1 5.6717E-1 6.06594E-1 5.83888E-1 5.09643E-1 4.76487E-1 5.01202E-1 4.93658E-1 4.23483E-1 3.78881E-1 4.46417E-1 3.72817E-1 1.44935E-1 1.35751E-1 1.79817E-1 1.71218E-1 1.65567E-1 1.86204E-1 2.50713E-1 2.6049E-1 2.48956E-1 2.09403E-1 1.23367E-1 5.48763E-2 5.08349E-2 5.86656E-2 4.1924E-2 1.02344E-2 1.52845E-3 4.07423E-3 8.02991E-3 7.03987E-3 3.68361E-3
-9999 -9999 -9999 -9999 -9999 -9999 -9999 -9999 -9999 4.70485E-1 4.899E-1 5.09646E-1 5.27574E-1 5.30002E-1 5.24247E-1 5.10782E-1 5.05364E-1 4.96718E-1 5.02602E-1 5.3388E-1 5.65367E-1 5.97457E-1 6.28247E-1 6.47209E-1 6.58349E-1 6.64247E-1 6.73779E-1 6.75798E-1 6.67623E-1 6.85703E-1 6.72036E-1 6.3929E-1 6.05201E-1 5.51595E-1 5.56137E-1 5.27184E-1 4.5383E-1 4.06552E-1 4.25549E-1 3.87604E-1 2.9386E-1 2.66047E-1 3.00851E-1 2.73818E-1 1.87737E-1 1.99305E-1 2.09864E-1 2.09043E-1 2.07115E-1 2.1676E-1 2.8222E-1 2.72362E-1 1.98893E-1 1.22562E-1 5.48232E-2 2.5519E-2 3.16079E-2 4.90963E-2 4.56218E-2 1.543E-2 2.6581E-3 1.9001E-3 2.88575E-3 2.7618E-3 1.12468E-3
-9999 -9999 -9999 -9999 -9999 -9999 -9999 -9999 -9999 -9999 -9999 5.13171E-1 5.24173E-1 5.31228E-1 5.33257E-1 5.28755E-1 5.24453E-1 5.18056E-1 5.21016E-1 5.46862E-1 5.78919E-1 6.1315E-1 6.47642E-1 6.62986E-1 6.68576E-1 6.68576E-1 6.69798E-1 6.70579E-1 6.69348E-1 6.849E-1 6.63644E-1 5.86178E-1 5.93869E-1 5.75397E-1 4.85143E-1 4.4011E-1 4.67803E-1 4.31883E-1 3.94051E-1 3.26532E-1 2.47113E-1 2.5972E-1 3.08619E-1 3.80472E-1 3.94037E-1 3.78394E-1 2.8233E-1 2.15911E-1 2.17783E-1 2.2628E-1 2.87941E-1 2.6429E-1 1.59002E-1 8.45509E-2 3.56163E-2 2.16489E-2 2.47011E-2 3.38285E-2 3.78272E-2 2.27533E-2 9.67922E-3 4.67934E-3 2.7618E-3 1.00896E-3 5.07255E-4
-9999 -9999 -9999 -9999 -9999 -9999 -9999 -9999 -9999 -9999 -9999 -9999 -9999 5.31765E-1 5.35136E-1 5.36627E-1 5.42804E-1 -9999 -9999 5.80022E-1 5.93872E-1 6.1806E-1 6.56965E-1 6.7218E-1 6.71068E-1 6.69321E-1 6.658E-1 6.59789E-1 6.72188E-1 6.8572E-1 6.59882E-1 5.56899E-1 5.84864E-1 5.41047E-1 3.78467E-1 3.06124E-1 4.50218E-1 4.64084E-1 3.74611E-1 2.6164E-1 1.51148E-1 1.58019E-1 2.76198E-1 4.12163E-1 4.487E-1 4.50559E-1 3.14288E-1 2.3174E-1 2.07874E-1 2.02677E-1 2.33816E-1 2.18851E-1 1.31055E-1 7.51892E-2 4.49418E-2 2.58936E-2 2.75633E-2 4.3634E-2 6.32807E-2 4.81295E-2 2.6467E-2 1.70066E-2 8.34477E-3 3.06099E-3 1.60742E-3
-9999 -9999 -9999 -9999 -9999 -9999 -9999 -9999 -9999 -9999 -9999 -9999 -9999 5.30518E-1 5.33426E-1 -9999 -9999 6.08894E-1 6.14235E-1 6.23038E-1 6.29993E-1 6.26252E-1 6.66621E-1 6.73464E-1 6.73286E-1 6.69686E-1 6.65961E-1 6.63779E-1 6.75675E-1 6.83917E-1 6.71113E-1 6.43502E-1 6.24343E-1 5.37827E-1 3.6348E-1 2.95142E-1 4.06838E-1 4.04638E-1 2.97749E-1 1.56798E-1 6.54231E-2 7.0521E-2 1.60815E-1 2.76881E-1 3.70816E-1 4.00737E-1 3.4866E-1 2.70396E-1 2.20809E-1 1.92248E-1 1.67211E-1 1.44075E-1 9.81147E-2 7.26536E-2 9.52396E-2 9.58649E-2 8.04365E-2 9.46101E-2 7.16204E-2 4.7075E-2 2.49242E-2 1.30707E-2 5.74789E-3 3.08884E-3 1.35792E-3
-9999 -9999 -9999 -9999 -9999 -9999 -9999 -9999 -9999 -9999 -9999 5.09243E-1 5.10782E-1 5.22291E-1 5.79582E-1 5.973E-1 6.23057E-1 6.29615E-1 6.3142E-1 6.37502E-1 6.43017E-1 6.58214E-1 6.69958E-1 6.60101E-1 6.57853E-1 6.62662E-1 6.65676E-1 6.68345E-1 6.74589E-1 6.8395E-1 6.8099E-1 6.72928E-1 6.49951E-1 5.79511E-1 4.48156E-1 3.80955E-1 3.4615E-1 2.99938E-1 1.66661E-1 5.35182E-2 2.3572E-2 3.20824E-2 8.91425E-2 2.31812E-1 3.66765E-1 4.41019E-1 4.74131E-1 4.56046E-1 4.2199E-1 3.36362E-1 1.97116E-1 1.3727E-1 8.9975E-2 2.25211E-1 3.09381E-1 2.8054E-1 1.97427E-1 1.08491E-1 6.28953E-2 2.92754E-2 1.4051E-2 5.41716E-3 2.35123E-3 1.41182E-3 1.8791E-3
-9999 -9999 -9999 -9999 -9999 -9999 -9999 -9999 -9999 -9999 -9999 5.22786E-1 5.23065E-1 5.35616E-1 5.60315E-1 6.12124E-1 6.36196E-1 6.45416E-1 6.41304E-1 6.39657E-1 6.45361E-1 6.6257E-1 6.49102E-1 6.38833E-1 6.43229E-1 6.51383E-1 6.6511E-1 6.71723E-1 6.77383E-1 6.83828E-1 6.85716E-1 6.8479E-1 6.66557E-1 6.14484E-1 5.03681E-1 3.38809E-1 1.28477E-1 1.22536E-1 8.10642E-2 2.79557E-2 1.92143E-2 2.24509E-2 6.8001E-2 2.08331E-1 3.82558E-1 4.89623E-1 5.57427E-1 5.65688E-1 5.41205E-1 5.57212E-1 4.93933E-1 4.38347E-1 4.28898E-1 4.40993E-1 4.08283E-1 3.50538E-1 2.45094E-1 1.354E-1 4.81764E-2 8.96376E-3 2.95939E-3 1.39907E-3 1.25821E-3 1.81579E-3 3.33089E-3
-9999 -9999 -9999 -9999 -9999 -9999 -9999 -9999 -9999 -9999 -9999 -9999 5.43668E-1 5.55062E-1 5.76724E-1 6.23422E-1 6.34455E-1 6.25743E-1 6.22152E-1 6.34241E-1 6.45617E-1 6.52684E-1 6.45785E-1 6.4178E-1 6.48539E-1 6.49024E-1 6.59414E-1 6.70661E-1 6.77926E-1 6.80845E-1 6.83072E-1 6.85716E-1 6.78894E-1 6.18824E-1 5.1785E-1 3.6923E-1 1.28681E-1 7.21301E-2 5.24986E-2 3.50841E-2 3.65481E-2 3.90822E-2 9.44782E-2 2.10927E-1 4.42323E-1 5.38487E-1 6.09829E-1 6.32851E-1 6.2347E-1 6.12115E-1 5.55363E-1 5.03746E-1 4.68915E-1 4.09848E-1 3.7434E-1 3.28741E-1 2.07054E-1 1.16054E-1 3.04334E-2 1.87606E-3 2.34854E-4 2.27884E-4 7.05021E-4 2.01635E-3 7.666E-3
-9999 -9999 -9999 -9999 -9999 -9999 -9999 -9999 -9999 -9999 -9999 -9999 -9999 5.89684E-1 6.17243E-1 6.40713E-1 6.24901E-1 6.18826E-1 6.23434E-1 6.35563E-1 6.43951E-1 6.51383E-1 6.51603E-1 6.52885E-1 6.56412E-1 6.52769E-1 6.60926E-1 6.69058E-1 6.74779E-1 6.79291E-1 6.83481E-1 6.83713E-1 -9999 6.3193E-1 5.17811E-1 4.15763E-1 1.84697E-1 6.86278E-2 3.70508E-2 3.50841E-2 3.89388E-2 4.63706E-2 1.30938E-1 3.09845E-1 3.22725E-1 3.89917E-1 6.05182E-1 6.15133E-1 6.29442E-1 6.18027E-1 5.74981E-1 5.41433E-1 4.95898E-1 3.69193E-1 2.73818E-1 2.26526E-1 1.56447E-1 7.49177E-2 1.17796E-2 5.58385E-4 6.35373E-5 1.22938E-4 1.31511E-3 1.05484E-2 1.60983E-2
-9999 -9999 -9999 -9999 -9999 -9999 -9999 -9999 -9999 -9999 -9999 -9999 -9999 -9999 6.39157E-1 6.38696E-1 5.88106E-1 5.98752E-1 5.99559E-1 6.18787E-1 6.26457E-1 6.36916E-1 6.47095E-1 6.52129E-1 6.49772E-1 6.53218E-1 6.62661E-1 6.67057E-1 6.71883E-1 6.78014E-1 6.79675E-1 6.77411E-1 -9999 6.32875E-1 5.3801E-1 4.04256E-1 1.91229E-1 3.6226E-2 5.48741E-3 3.91999E-3 7.08663E-3 2.02482E-2 6.68228E-2 2.60149E-1 4.57902E-1 5.47579E-1 5.60698E-1 5.60698E-1 5.72491E-1 5.47715E-1 5.06177E-1 5.52878E-1 4.80749E-1 3.87598E-1 2.62346E-1 2.10574E-1 1.61517E-1 5.58704E-2 5.45282E-3 2.66887E-4 1.80635E-4 3.37161E-4 2.13557E-3 2.45162E-2 5.8822E-2
-9999 -9999 -9999 -9999 -9999 -9999 -9999 -9999 -9999 -9999 -9999 -9999 -9999 -9999 -9999 6.33545E-1 6.0831E-1 5.91768E-1 5.82822E-1 5.50345E-1 4.88497E-1 5.25353E-1 6.16617E-1 6.41028E-1 6.49464E-1 6.56241E-1 6.62018E-1 6.62451E-1 6.6415E-1 6.61784E-1 6.47051E-1 6.57618E-1 6.52514E-1 5.96893E-1 4.73491E-1 3.18863E-1 8.03913E-2 6.9915E-3 7.48188E-4 5.87474E-4 3.17285E-3 3.65129E-2 2.26783E-1 5.10164E-1 6.25462E-1 6.5286E-1 6.3733E-1 5.73546E-1 5.35702E-1 4.68022E-1 3.70738E-1 4.13631E-1 3.10294E-1 2.46498E-1 1.96099E-1 2.0035E-1 1.53159E-1 6.28953E-2 1.27592E-2 1.87606E-3 3.06061E-4 1.33499E-5 1.24389E-5 1.12664E-3 4.23133E-2
-9999 -9999 -9999 -9999 -9999 -9999 -9999 -9999 -9999 -9999 -9999 -9999 -9999 -9999 -9999 -9999 5.93658E-1 5.73154E-1 5.4112E-1 4.80131E-1 3.80891E-1 4.6579E-1 6.01146E-1 6.29292E-1 6.37124E-1 6.49776E-1 6.59264E-1 6.6093E-1 6.49409E-1 6.51417E-1 6.39934E-1 6.36304E-1 -9999 4.60154E-1 3.5871E-1 1.12722E-1 6.25965E-3 1.63094E-4 2.02416E-5 4.22561E-5 1.54157E-3 3.9258E-2 3.17511E-1 6.09965E-1 6.66518E-1 6.80448E-1 6.68858E-1 6.27599E-1 5.83307E-1 5.30303E-1 4.61032E-1 2.92894E-1 1.70151E-1 2.6618E-1 2.4474E-1 3.14836E-1 2.89591E-1 1.8779E-1 6.54231E-2 6.92257E-3 3.28006E-4 2.34708E-6 2.53087E-5 1.07413E-2 1.57354E-1
-9999 -9999 -9999 -9999 -9999 -9999 -9999 -9999 -9999 -9999 -9999 -9999 -9999 -9999 -9999 -9999 -9999 5.4239E-1 5.08266E-1 4.54548E-1 4.51007E-1 5.05539E-1 5.63628E-1 5.80992E-1 6.07029E-1 6.25701E-1 6.42114E-1 6.37239E-1 6.31173E-1 6.23444E-1 6.03764E-1 -9999 -9999 1.75576E-1 5.94742E-2 2.05839E-3 6.29643E-5 1.36475E-6 1.97706E-7 2.48152E-6 3.03849E-4 1.83842E-2 3.5533E-1 6.15308E-1 6.65112E-1 6.78103E-1 6.78437E-1 6.36659E-1 6.06594E-1 5.57022E-1 5.18323E-1 4.777E-1 4.81081E-1 4.95692E-1 5.23263E-1 5.04887E-1 4.11919E-1 1.43853E-1 6.13374E-2 1.36672E-2 4.23979E-3 2.36891E-2 2.84797E-1 4.34346E-1 4.37555E-1
-9999 -9999 -9999 -9999 -9999 -9999 -9999 -9999 -9999 -9999 -9999 -9999 -9999 -9999 -9999 -9999 -9999 -9999 5.03647E-1 5.15982E-1 5.46968E-1 5.63847E-1 5.6532E-1 6.01945E-1 6.11749E-1 6.28721E-1 6.52923E-1 6.57853E-1 6.41517E-1 6.07401E-1 5.75153E-1 -9999 -9999 2.98474E-2 1.81456E-3 2.0834E-5 9.60212E-7 2.84008E-8 6.84783E-10 1.21225E-8 1.8039E-5 2.17519E-2 4.48042E-1 6.12971E-1 6.4314E-1 6.67327E-1 6.73183E-1 6.59509E-1 6.43308E-1 5.96358E-1 5.50063E-1 5.48521E-1 5.86178E-1 5.90694E-1 6.21468E-1 5.58648E-1 4.45932E-1 4.89637E-1 5.36312E-1 5.33741E-1 5.37902E-1 5.68582E-1 5.64318E-1 5.32115E-1 4.97269E-1
-9999 -9999 -9999 -9999 -9999 -9999 -9999 -9999 -9999 -9999 -9999 -9999 -9999 -9999 -9999 -9999 -9999 -9999 -9999 5.48854E-1 6.11297E-1 6.01521E-1 5.83708E-1 6.16948E-1 6.44132E-1 6.53218E-1 6.59537E-1 6.58997E-1 -9999 -9999 -9999 -9999 -9999 -9999 4.10519E-5 3.20922E-8 6.4886E-11 6.60898E-12 1.88631E-13 1.01192E-11 7.0264E-7 3.59486E-2 5.16277E-1 6.15514E-1 6.30174E-1 6.59789E-1 6.70815E-1 6.54705E-1 6.26153E-1 5.85171E-1 5.27184E-1 4.82627E-1 5.15363E-1 5.51018E-1 6.05201E-1 6.3193E-1 6.2607E-1 6.36569E-1 6.52217E-1 6.3193E-1 6.19887E-1 6.2094E-1 5.76778E-1 5.31277E-1 4.5211E-1
