KUENM/Final_Models/M_0.1_F_lq_Set_2_NE/sp1_max.asc
ncols         197
nrows         210
xllcorner     56.1666666666667
yllcorner     4.5
cellsize      0.166666666666667
NODATA_value  -9999
[rows 56 to 83 of 210, columns 65 to 129 of 197]
2.69688E-3 2.9616E-3 2.58502E-2 1.3972E-1 1.90577E-1 2.36844E-1 1.2948E-1 3.08637E-2 4.20442E-2 1.21667E-1 1.58017E-1 1.71038E-1 1.76471E-1 1.60169E-1 1.55111E-1 9.10401E-2 1.51567E-1 2.13522E-1 1.53145E-1 2.94163E-1 2.68117E-1 2.2831E-1 2.12627E-1 2.15723E-1 2.15782E-1 2.14235E-1 2.25116E-1 2.3146E-1 2.2828E-1 2.18889E-1 2.22013E-1 2.21936E-1 2.37753E-1 2.51992E-1 2.71657E-1 2.76106E-1 2.80392E-1 2.86157E-1 3.03275E-1 3.25053E-1 3.57708E-1 3.78412E-1 3.87344E-1 4.1708E-1 4.79422E-1 5.46639E-1 5.75206E-1 5.83765E-1 5.72992E-1 6.06636E-1 6.25391E-1 6.37417E-1 6.46591E-1 6.61088E-1 6.5496E-1 6.49588E-1 6.5236E-1 5.97842E-1 5.38264E-1 4.50503E-1 3.3355E-1 1.91856E-1 1.78212E-2 2.49676E-3 3.43325E-3
7.36973E-3 2.23918E-2 6.32724E-2 2.09161E-1 2.77852E-1 2.99176E-1 2.98607E-1 1.65548E-1 1.2553E-1 1.63317E-1 1.83367E-1 1.21708E-1 1.23369E-1 1.15129E-1 1.26576E-1 2.12594E-1 2.1693E-1 1.66012E-1 2.59916E-1 3.08928E-1 2.73675E-1 2.4096E-1 2.26696E-1 2.17278E-1 2.14173E-1 2.12627E-1 2.17278E-1 2.15723E-1 2.12627E-1 2.11086E-1 2.08092E-1 2.15782E-1 2.2673E-1 2.42701E-1 2.52286E-1 2.65064E-1 2.69513E-1 2.73805E-1 2.9276E-1 3.18135E-1 3.44497E-1 3.62558E-1 3.73806E-1 3.93904E-1 4.40441E-1 4.97106E-1 5.39395E-1 5.58877E-1 5.67617E-1 5.94578E-1 6.12009E-1 6.0589E-1 6.16166E-1 6.34324E-1 6.46794E-1 6.57469E-1 6.62065E-1 6.50088E-1 6.05308E-1 5.32077E-1 4.2831E-1 2.8753E-1 1.06739E-1 2.99001E-2 2.40293E-2
5.99523E-3 4.42805E-2 2.10948E-1 2.37975E-1 2.53185E-1 2.50733E-1 2.73017E-1 2.84639E-1 2.16189E-1 1.72081E-1 1.65089E-1 1.58506E-1 1.71285E-1 1.92275E-1 2.54763E-1 2.61753E-1 2.76925E-1 2.14513E-1 3.39969E-1 3.1677E-1 2.94152E-1 2.67256E-1 2.4096E-1 2.18837E-1 2.09549E-1 2.0649E-1 2.01937E-1 2.0649E-1 2.04967E-1 2.01937E-1 2.00429E-1 2.0649E-1 2.18837E-1 2.33055E-1 2.49207E-1 2.60649E-1 2.68704E-1 2.74965E-1 2.91036E-1 3.05277E-1 3.17622E-1 3.34202E-1 3.41213E-1 3.64082E-1 3.98154E-1 4.50357E-1 4.92153E-1 5.2119E-1 5.46074E-1 5.72102E-1 5.82253E-1 5.69764E-1 5.49993E-1 5.48694E-1 6.26868E-1 6.54261E-1 6.60437E-1 6.59545E-1 6.50827E-1 5.78203E-1 4.76891E-1 3.80928E-1 2.64742E-1 1.37378E-1 9.12806E-2
6.67024E-3 5.73697E-2 1.94915E-1 2.071E-1 1.95245E-1 2.01202E-1 2.18313E-1 2.5736E-1 2.59097E-1 2.1026E-1 1.97313E-1 2.03964E-1 2.32281E-1 2.23991E-1 2.51737E-1 2.86877E-1 2.84427E-1 2.83978E-1 3.3951E-1 3.34964E-1 3.1794E-1 2.92458E-1 2.58961E-1 2.21968E-1 2.03252E-1 1.98721E-1 1.98926E-1 1.98926E-1 1.94448E-1 1.94236E-1 1.94236E-1 2.03252E-1 2.20232E-1 2.3612E-1 2.49096E-1 2.62271E-1 2.72319E-1 2.72016E-1 2.78664E-1 2.78282E-1 2.84386E-1 2.98621E-1 3.13608E-1 3.33601E-1 3.68701E-1 4.07612E-1 4.49299E-1 4.81667E-1 5.17755E-1 5.50288E-1 5.7027E-1 5.65453E-1 5.48976E-1 5.64231E-1 6.38722E-1 6.48884E-1 6.13693E-1 6.21816E-1 6.62688E-1 6.17206E-1 5.15387E-1 4.46629E-1 3.87106E-1 2.77641E-1 2.23787E-1
6.82805E-3 2.12023E-2 1.56267E-1 1.79013E-1 1.72981E-1 1.79844E-1 1.93632E-1 2.2628E-1 2.59993E-1 2.58521E-1 2.17376E-1 2.30471E-1 2.41395E-1 2.35223E-1 2.68537E-1 2.8123E-1 2.87493E-1 3.15041E-1 3.40275E-1 3.4346E-1 3.55331E-1 3.2639E-1 2.67256E-1 2.17103E-1 1.97221E-1 1.92752E-1 1.91488E-1 1.94448E-1 1.90016E-1 1.92752E-1 1.97221E-1 2.05989E-1 2.23092E-1 2.37079E-1 2.56723E-1 2.6872E-1 2.77102E-1 2.73988E-1 2.65602E-1 2.54082E-1 2.50659E-1 2.71657E-1 2.98304E-1 3.22794E-1 3.5448E-1 3.86132E-1 4.22148E-1 4.54803E-1 4.91829E-1 5.31451E-1 5.617E-1 5.79682E-1 5.90735E-1 6.03562E-1 6.40162E-1 6.57123E-1 6.46276E-1 6.47285E-1 6.65649E-1 6.47585E-1 5.33753E-1 4.46342E-1 4.51879E-1 3.49798E-1 2.42341E-1
1.20364E-2 1.74388E-2 1.75051E-1 1.6202E-1 1.57119E-1 1.62923E-1 1.70157E-1 1.92246E-1 2.44326E-1 2.40129E-1 2.23629E-1 2.41237E-1 2.30453E-1 2.40003E-1 2.56186E-1 2.74465E-1 2.92538E-1 3.20912E-1 3.17876E-1 3.29804E-1 3.58717E-1 3.31562E-1 2.5731E-1 2.09361E-1 1.89799E-1 1.8833E-1 1.86867E-1 1.91272E-1 1.91272E-1 1.92429E-1 1.98405E-1 2.08638E-1 2.29043E-1 2.46337E-1 2.64553E-1 2.79689E-1 2.86918E-1 2.82155E-1 2.70591E-1 2.4595E-1 2.42701E-1 2.68704E-1 2.9161E-1 3.21812E-1 3.46967E-1 3.79145E-1 4.09594E-1 4.31323E-1 4.63303E-1 5.04517E-1 5.50774E-1 5.95848E-1 6.23883E-1 6.1425E-1 6.35755E-1 6.65338E-1 6.68407E-1 6.67673E-1 6.68752E-1 6.52358E-1 5.91821E-1 5.42067E-1 4.95624E-1 3.826E-1 2.30674E-1
6.9002E-3 3.97742E-2 1.756E-1 1.50828E-1 1.47867E-1 1.49517E-1 1.52412E-1 1.7328E-1 2.2058E-1 2.55244E-1 2.73721E-1 2.78553E-1 2.53764E-1 2.53991E-1 2.66899E-1 2.78982E-1 2.7844E-1 2.82251E-1 2.8015E-1 2.88167E-1 2.97115E-1 2.73743E-1 2.34513E-1 2.03252E-1 1.85409E-1 1.8107E-1 1.82511E-1 1.83957E-1 1.88003E-1 1.92429E-1 2.00998E-1 2.14305E-1 2.30122E-1 2.4899E-1 2.68965E-1 2.82478E-1 2.88167E-1 2.88167E-1 2.75092E-1 2.63931E-1 2.67326E-1 2.82251E-1 3.05489E-1 3.29096E-1 3.57641E-1 3.8007E-1 4.02704E-1 4.2361E-1 4.43262E-1 4.85237E-1 5.37264E-1 5.85426E-1 6.16158E-1 6.00977E-1 6.21372E-1 6.61156E-1 6.72165E-1 6.71591E-1 6.67825E-1 6.54154E-1 6.25808E-1 5.75798E-1 5.09889E-1 4.0337E-1 2.76934E-1
5.2716E-2 1.04666E-1 1.68434E-1 1.45283E-1 1.41458E-1 1.40197E-1 1.4434E-1 1.73179E-1 2.08912E-1 2.64008E-1 2.63026E-1 2.68775E-1 2.63106E-1 2.7438E-1 2.70101E-1 2.65298E-1 2.53617E-1 2.41435E-1 2.39808E-1 2.38184E-1 2.32246E-1 2.1681E-1 2.00226E-1 1.85409E-1 1.79635E-1 1.73952E-1 1.76445E-1 1.80737E-1 1.87569E-1 1.93485E-1 2.03503E-1 2.13656E-1 2.27877E-1 2.44939E-1 2.64856E-1 2.76652E-1 2.85876E-1 2.89868E-1 2.92011E-1 2.94003E-1 2.99236E-1 3.11086E-1 3.26122E-1 3.48075E-1 3.64305E-1 3.90636E-1 4.09063E-1 4.26264E-1 4.47478E-1 4.86338E-1 5.20931E-1 5.54729E-1 5.85426E-1 6.01462E-1 6.29382E-1 6.58034E-1 6.72763E-1 6.75361E-1 6.72855E-1 6.70643E-1 6.56331E-1 5.92296E-1 5.07015E-1 4.11592E-1 3.28507E-1
2.6632E-2 1.42428E-1 1.4978E-1 1.45283E-1 1.47867E-1 1.42727E-1 1.46572E-1 1.74106E-1 2.32705E-1 2.7909E-1 2.96683E-1 2.85533E-1 2.72262E-1 2.54115E-1 2.48751E-1 2.36154E-1 2.16398E-1 2.00571E-1 1.97541E-1 1.93791E-1 1.88501E-1 1.73614E-1 1.66981E-1 1.61514E-1 1.66981E-1 1.68021E-1 1.70805E-1 1.77433E-1 1.83191E-1 1.91458E-1 2.02854E-1 2.13656E-1 2.30317E-1 2.44939E-1 2.5728E-1 2.74077E-1 2.86844E-1 2.94397E-1 3.03936E-1 3.16146E-1 3.33217E-1 3.36665E-1 3.51766E-1 3.68558E-1 3.84718E-1 4.06752E-1 4.26264E-1 4.42102E-1 4.61574E-1 5.0089E-1 5.32666E-1 5.483E-1 5.71386E-1 6.00445E-1 6.35476E-1 6.61254E-1 6.63384E-1 6.54438E-1 6.69792E-1 6.71742E-1 6.75042E-1 5.83122E-1 4.98975E-1 4.24041E-1 3.89406E-1
5.04519E-2 1.68838E-1 1.5347E-1 1.53114E-1 1.51792E-1 1.55777E-1 1.70884E-1 2.17247E-1 2.99181E-1 3.37602E-1 3.22365E-1 2.88922E-1 2.54593E-1 2.31927E-1 2.17591E-1 2.00571E-1 1.90685E-1 1.77535E-1 1.65686E-1 1.60926E-1 1.56162E-1 1.50093E-1 1.45718E-1 1.52187E-1 1.59816E-1 1.62087E-1 1.68971E-1 1.76894E-1 1.84105E-1 1.93791E-1 2.04382E-1 2.17591E-1 2.29428E-1 2.4569E-1 2.58948E-1 2.74077E-1 2.90255E-1 3.06379E-1 3.18936E-1 3.43266E-1 3.61972E-1 3.67154E-1 3.73799E-1 3.88453E-1 4.07446E-1 4.33375E-1 4.5633E-1 4.76987E-1 4.96099E-1 5.29776E-1 5.49646E-1 5.57566E-1 5.65217E-1 6.00445E-1 6.41802E-1 6.65956E-1 6.56999E-1 6.42141E-1 6.62551E-1 6.68187E-1 6.74117E-1 6.4691E-1 5.70486E-1 4.9643E-1 4.56928E-1
7.64245E-2 1.78693E-1 1.62116E-1 1.55777E-1 1.63922E-1 1.77999E-1 2.09429E-1 2.86617E-1 4.12194E-1 4.32978E-1 3.44504E-1 2.70995E-1 2.29603E-1 2.04277E-1 1.8748E-1 1.75555E-1 1.68109E-1 1.56699E-1 1.41844E-1 1.43113E-1 1.40011E-1 1.41872E-1 1.42391E-1 1.47499E-1 1.5536E-1 1.60729E-1 1.69829E-1 1.76894E-1 1.86385E-1 1.93791E-1 2.03621E-1 2.16708E-1 2.31037E-1 2.47336E-1 2.60618E-1 2.77465E-1 2.95383E-1 3.12543E-1 3.20115E-1 3.4758E-1 3.73526E-1 3.87154E-1 3.93676E-1 4.14376E-1 4.37243E-1 4.73605E-1 5.13363E-1 5.31225E-1 5.37264E-1 5.57566E-1 5.76186E-1 5.75845E-1 5.61162E-1 5.98948E-1 6.44286E-1 6.55962E-1 6.49191E-1 6.46087E-1 6.42141E-1 6.75846E-1 6.7474E-1 6.75746E-1 6.40611E-1 5.72882E-1 5.1433E-1
7.06353E-2 1.64567E-1 1.66255E-1 1.61182E-1 1.70884E-1 1.89688E-1 2.25179E-1 3.07205E-1 4.3847E-1 4.36644E-1 3.11681E-1 2.39212E-1 1.99789E-1 1.80363E-1 1.71582E-1 1.62944E-1 1.57146E-1 1.49195E-1 1.42339E-1 1.3808E-1 1.39328E-1 1.40011E-1 1.43137E-1 1.48268E-1 1.5483E-1 1.58845E-1 1.70595E-1 1.76254E-1 1.87105E-1 1.97541E-1 2.10456E-1 2.19862E-1 2.34267E-1 2.48986E-1 2.65647E-1 2.81544E-1 3.03807E-1 3.20308E-1 3.27204E-1 3.4694E-1 3.73526E-1 3.93782E-1 4.11547E-1 4.42472E-1 4.77176E-1 5.24552E-1 5.67548E-1 5.90957E-1 5.82017E-1 5.9942E-1 6.08801E-1 6.08765E-1 6.06889E-1 6.27927E-1 6.47366E-1 6.26167E-1 6.33243E-1 6.65568E-1 6.66337E-1 6.75344E-1 6.76107E-1 6.75897E-1 6.63638E-1 6.31906E-1 5.65071E-1
1.19025E-1 1.45928E-1 1.83626E-1 1.62923E-1 1.74106E-1 1.85676E-1 2.14568E-1 2.55075E-1 2.95745E-1 2.72276E-1 2.15149E-1 1.86198E-1 1.66255E-1 1.59391E-1 1.52427E-1 1.52427E-1 1.50849E-1 1.49195E-1 1.41074E-1 1.38564E-1 1.39328E-1 1.40583E-1 1.43803E-1 1.48954E-1 1.5421E-1 1.60926E-1 1.69862E-1 1.78377E-1 1.89201E-1 2.01222E-1 2.16708E-1 2.29428E-1 2.39141E-1 2.52294E-1 2.65647E-1 2.85969E-1 3.08972E-1 3.44424E-1 3.59854E-1 3.73106E-1 3.88815E-1 4.08512E-1 4.33248E-1 4.72092E-1 5.17056E-1 5.65044E-1 5.9942E-1 6.21988E-1 6.25522E-1 6.29917E-1 6.38509E-1 6.36898E-1 6.4681E-1 6.57144E-1 6.63967E-1 6.51947E-1 6.57562E-1 6.68513E-1 6.75158E-1 6.73656E-1 6.78738E-1 6.78598E-1 6.75897E-1 6.48707E-1 5.77485E-1
7.28815E-2 1.4305E-1 1.73052E-1 1.65681E-1 1.69866E-1 1.77264E-1 1.85988E-1 1.96425E-1 1.99456E-1 1.7583E-1 1.52591E-1 1.44853E-1 1.43572E-1 1.42301E-1 1.44775E-1 1.45895E-1 1.46935E-1 1.46597E-1 1.41483E-1 1.41074E-1 1.39815E-1 1.43113E-1 1.48954E-1 1.5421E-1 1.61567E-1 1.67638E-1 1.74677E-1 1.84783E-1 1.95169E-1 2.10456E-1 2.23034E-1 2.34267E-1 2.52294E-1 2.62292E-1 2.7327E-1 2.8344E-1 2.93672E-1 3.28032E-1 3.70828E-1 3.95239E-1 4.14962E-1 4.33248E-1 4.59726E-1 5.00134E-1 5.40406E-1 5.84232E-1 6.14931E-1 6.3762E-1 6.43067E-1 6.42652E-1 6.46276E-1 6.48247E-1 6.47646E-1 6.63467E-1 6.72165E-1 6.73914E-1 6.75584E-1 6.74509E-1 6.71497E-1 6.6903E-1 6.78528E-1 6.78801E-1 6.59862E-1 6.36537E-1 5.96796E-1
1.15658E-1 1.3521E-1 1.8178E-1 1.64772E-1 1.65966E-1 1.66158E-1 1.66158E-1 1.63393E-1 1.5794E-1 1.44766E-1 1.34713E-1 1.28734E-1 1.27542E-1 1.33572E-1 1.35954E-1 1.39532E-1 1.42057E-1 1.40548E-1 1.40222E-1 1.38564E-1 1.4489E-1 1.49555E-1 1.53501E-1 1.62934E-1 1.69033E-1 1.73741E-1 1.8237E-1 1.8972E-1 2.02749E-1 2.18283E-1 2.34267E-1 2.51529E-1 2.68214E-1 2.78346E-1 2.86468E-1 2.9157E-1 2.90312E-1 3.10365E-1 3.73526E-1 4.18167E-1 4.38342E-1 4.56016E-1 4.80266E-1 5.18758E-1 5.56868E-1 5.89834E-1 6.16738E-1 6.3762E-1 6.39523E-1 6.35088E-1 6.39171E-1 6.41636E-1 6.52983E-1 6.52625E-1 6.69675E-1 6.73715E-1 6.58063E-1 6.50791E-1 6.57201E-1 6.67531E-1 6.77317E-1 6.66014E-1 6.20556E-1 6.29791E-1 6.04364E-1
6.65375E-2 9.76704E-2 1.803E-1 1.64869E-1 1.60654E-1 1.59388E-1 1.5401E-1 1.48738E-1 1.42301E-1 1.4103E-1 1.36028E-1 1.29935E-1 1.27545E-1 1.29935E-1 1.35954E-1 1.37035E-1 1.37035E-1 1.3929E-1 1.41483E-1 1.41074E-1 1.43611E-1 1.55361E-1 1.63488E-1 1.69508E-1 1.75555E-1 1.85293E-1 1.91207E-1 2.01766E-1 2.12577E-1 2.3265E-1 2.53185E-1 2.71583E-1 2.88549E-1 2.99526E-1 3.05228E-1 3.07352E-1 3.17613E-1 3.46844E-1 4.02009E-1 4.36797E-1 4.56548E-1 4.74091E-1 4.96666E-1 5.26218E-1 5.52713E-1 5.82566E-1 6.06437E-1 6.2032E-1 6.20145E-1 6.22926E-1 6.25925E-1 6.45665E-1 6.45048E-1 6.56924E-1 6.68655E-1 6.64045E-1 6.14953E-1 6.0711E-1 6.50523E-1 6.71239E-1 6.72162E-1 6.55542E-1 6.56601E-1 6.47004E-1 6.03017E-1
1.07877E-1 1.38456E-1 1.76103E-1 1.67651E-1 1.60749E-1 1.54013E-1 1.50049E-1 1.46062E-1 1.43494E-1 1.44856E-1 1.47356E-1 1.47188E-1 1.38518E-1 1.3844E-1 1.3844E-1 1.39532E-1 1.4333E-1 1.45895E-1 1.43082E-1 1.46597E-1 1.49195E-1 1.62117E-1 1.76103E-1 1.82772E-1 1.93119E-1 2.01766E-1 2.01766E-1 2.10456E-1 2.27823E-1 2.49877E-1 2.7233E-1 3.02236E-1 3.15984E-1 3.21833E-1 3.29227E-1 3.31304E-1 3.48382E-1 3.73872E-1 4.10129E-1 4.37082E-1 4.59888E-1 4.83054E-1 4.95006E-1 5.21496E-1 5.4338E-1 5.70021E-1 5.95248E-1 6.13678E-1 6.17026E-1 6.30753E-1 6.3964E-1 6.47245E-1 6.47012E-1 6.62134E-1 6.61643E-1 6.4084E-1 5.87258E-1 6.13437E-1 6.4572E-1 6.66933E-1 6.54457E-1 6.44159E-1 6.58141E-1 6.57634E-1 6.31912E-1
1.15992E-1 1.73249E-1 1.72998E-1 1.67651E-1 1.6203E-1 1.6203E-1 1.55086E-1 1.51107E-1 1.49794E-1 1.51107E-1 1.53491E-1 1.52427E-1 1.47356E-1 1.44775E-1 1.4222E-1 1.46062E-1 1.48488E-1 1.49965E-1 1.49794E-1 1.54469E-1 1.63488E-1 1.82009E-1 2.03621E-1 2.07914E-1 2.13367E-1 2.0991E-1 2.16166E-1 2.24626E-1 2.40032E-1 2.66225E-1 2.9839E-1 3.30942E-1 3.48655E-1 3.56124E-1 3.51474E-1 3.53488E-1 3.70416E-1 3.87205E-1 4.16566E-1 4.35635E-1 4.67262E-1 4.8678E-1 5.03039E-1 5.25229E-1 5.4338E-1 5.663E-1 5.92682E-1 6.18829E-1 6.28984E-1 6.37564E-1 6.47339E-1 6.59503E-1 6.57754E-1 6.66175E-1 6.62835E-1 6.41364E-1 6.05103E-1 6.11839E-1 6.48261E-1 6.66167E-1 6.51629E-1 6.29663E-1 6.49793E-1 6.63074E-1 6.62412E-1
1.442E-1 1.71067E-1 1.78916E-1 1.71866E-1 1.70362E-1 1.64321E-1 1.61575E-1 1.59849E-1 1.60211E-1 1.60483E-1 1.62944E-1 1.56426E-1 1.52427E-1 1.51107E-1 1.53753E-1 1.53753E-1 1.56602E-1 1.55262E-1 1.57772E-1 1.64321E-1 1.74093E-1 1.96034E-1 2.2362E-1 2.40248E-1 2.41885E-1 2.27643E-1 2.26814E-1 2.34267E-1 2.44939E-1 2.68965E-1 3.05228E-1 3.51787E-1 3.83825E-1 3.80486E-1 3.73781E-1 3.7546E-1 3.87154E-1 4.06902E-1 4.29268E-1 4.46323E-1 4.72656E-1 4.93648E-1 5.04359E-1 5.28885E-1 5.41803E-1 5.70021E-1 6.01046E-1 6.25522E-1 6.3762E-1 6.41701E-1 6.56109E-1 6.68007E-1 6.69193E-1 6.72737E-1 6.72344E-1 6.70121E-1 6.56637E-1 6.48261E-1 6.62651E-1 6.71003E-1 6.55003E-1 6.27342E-1 6.26395E-1 6.1854E-1 6.00256E-1
1.5276E-1 1.94873E-1 1.81816E-1 1.81816E-1 1.7872E-1 1.69888E-1 1.69033E-1 1.73257E-1 1.73741E-1 1.71296E-1 1.69888E-1 1.65982E-1 1.64598E-1 1.61848E-1 1.60483E-1 1.60483E-1 1.6203E-1 1.66168E-1 1.6203E-1 1.65703E-1 1.7947E-1 2.05817E-1 2.43029E-1 2.89383E-1 2.64625E-1 2.43029E-1 2.39141E-1 2.41664E-1 2.49877E-1 2.68214E-1 2.99526E-1 3.42932E-1 3.7546E-1 3.83886E-1 3.83886E-1 3.85547E-1 4.02004E-1 4.29354E-1 4.49525E-1 4.74515E-1 4.92714E-1 5.05844E-1 5.15074E-1 5.19997E-1 5.39001E-1 5.80499E-1 6.10101E-1 6.25345E-1 6.36496E-1 6.45078E-1 6.60888E-1 6.73541E-1 6.75042E-1 6.76309E-1 6.77077E-1 6.78551E-1 6.73204E-1 6.62202E-1 6.66014E-1 6.73082E-1 6.58641E-1 6.29541E-1 6.14733E-1 6.05969E-1 5.78023E-1
1.62288E-1 2.01607E-1 1.92144E-1 1.87684E-1 1.86006E-1 1.8237E-1 1.80417E-1 1.87723E-1 1.86763E-1 1.7947E-1 1.76594E-1 1.75555E-1 1.7728E-1 1.71582E-1 1.71582E-1 1.70173E-1 1.70362E-1 1.71772E-1 1.71772E-1 1.75847E-1 1.88238E-1 2.08904E-1 2.53185E-1 2.77395E-1 2.6318E-1 2.48228E-1 2.47344E-1 2.57263E-1 2.61507E-1 2.7496E-1 3.03952E-1 3.37797E-1 3.61685E-1 3.83597E-1 3.87154E-1 4.03639E-1 4.26093E-1 4.54077E-1 4.76206E-1 4.95513E-1 5.22266E-1 5.25522E-1 5.25522E-1 5.31789E-1 5.6251E-1 6.0302E-1 6.2683E-1 6.34739E-1 6.40771E-1 6.49778E-1 6.57751E-1 6.72877E-1 6.77281E-1 6.7371E-1 6.78483E-1 6.77907E-1 6.58147E-1 6.49936E-1 6.59135E-1 6.66663E-1 6.57634E-1 6.14363E-1 6.06339E-1 6.0801E-1 5.8509E-1
1.92146E-1 2.08238E-1 1.99793E-1 1.99688E-1 1.94936E-1 1.99152E-1 1.97209E-1 1.957E-1 1.92699E-1 1.92699E-1 1.88651E-1 1.86006E-1 1.86006E-1 1.81617E-1 1.81617E-1 1.7872E-1 1.80363E-1 1.78916E-1 1.80363E-1 1.8748E-1 1.99152E-1 2.1886E-1 2.40032E-1 2.50638E-1 2.41664E-1 2.36778E-1 2.56229E-1 2.67285E-1 2.7577E-1 2.81544E-1 3.06531E-1 3.36635E-1 3.69724E-1 3.93218E-1 4.08051E-1 4.32178E-1 4.60628E-1 4.87397E-1 5.05467E-1 5.22872E-1 5.2826E-1 5.4098E-1 5.48066E-1 5.47239E-1 5.89866E-1 6.43174E-1 6.46186E-1 6.34762E-1 6.34108E-1 6.4198E-1 6.54216E-1 6.69025E-1 6.76023E-1 6.55421E-1 6.64327E-1 6.63721E-1 6.48119E-1 6.5155E-1 6.34303E-1 6.37198E-1 6.23837E-1 6.03155E-1 6.03017E-1 5.73609E-1 5.48976E-1
2.11746E-1 2.08813E-1 2.2058E-1 2.10467E-1 2.07362E-1 2.08359E-1 2.06812E-1 2.00242E-1 1.957E-1 1.96125E-1 1.94936E-1 1.93434E-1 1.91937E-1 1.91937E-1 1.90446E-1 1.90446E-1 1.90652E-1 1.92144E-1 1.96654E-1 1.97956E-1 2.08692E-1 2.22495E-1 2.36985E-1 2.46317E-1 2.44048E-1 2.50638E-1 2.71583E-1 2.81544E-1 2.88922E-1 2.92765E-1 3.09548E-1 3.36574E-1 3.72523E-1 4.04417E-1 4.4615E-1 4.88411E-1 5.11194E-1 5.24186E-1 5.34756E-1 5.39574E-1 5.42568E-1 5.45088E-1 5.48066E-1 5.69607E-1 5.84297E-1 6.56456E-1 6.37459E-1 6.04469E-1 6.28614E-1 6.44664E-1 6.57868E-1 6.73926E-1 6.70835E-1 6.49193E-1 6.41074E-1 6.35435E-1 6.3405E-1 6.27353E-1 5.97382E-1 5.92796E-1 5.79008E-1 5.80838E-1 5.95711E-1 5.76351E-1 5.41673E-1
2.25662E-1 2.27199E-1 2.25662E-1 2.31483E-1 2.17282E-1 2.20747E-1 2.11804E-1 2.0527E-1 1.99152E-1 1.97956E-1 1.98169E-1 1.99688E-1 2.02742E-1 2.02742E-1 2.02742E-1 2.00998E-1 2.00998E-1 2.02742E-1 2.07362E-1 2.11804E-1 2.21253E-1 2.34098E-1 2.46818E-1 2.66306E-1 2.79162E-1 2.87211E-1 2.99638E-1 3.06529E-1 3.08539E-1 3.08539E-1 3.18906E-1 3.34173E-1 3.65452E-1 4.10979E-1 4.6448E-1 5.29895E-1 5.54177E-1 5.58152E-1 5.61867E-1 5.63262E-1 5.55349E-1 5.40243E-1 5.72366E-1 6.07125E-1 6.06889E-1 6.10622E-1 5.77367E-1 5.94803E-1 6.40143E-1 6.56342E-1 6.65522E-1 6.735E-1 6.62652E-1 6.44778E-1 6.30596E-1 6.15073E-1 6.07683E-1 6.08386E-1 5.75419E-1 5.58464E-1 5.87177E-1 5.96403E-1 5.55428E-1 5.58514E-1 5.17101E-1
2.3718E-1 2.32712E-1 2.29593E-1 2.32712E-1 2.33075E-1 2.3104E-1 2.15161E-1 2.12027E-1 2.05817E-1 2.09021E-1 2.09021E-1 2.13702E-1 2.15272E-1 2.16846E-1 2.18313E-1 2.13367E-1 2.16508E-1 2.16508E-1 2.21484E-1 2.27878E-1 2.38981E-1 2.50502E-1 2.70208E-1 2.9179E-1 3.15138E-1 3.31013E-1 3.34617E-1 3.41528E-1 3.34612E-1 3.27693E-1 3.2235E-1 3.30997E-1 3.73965E-1 4.33635E-1 4.95706E-1 5.44957E-1 5.76172E-1 5.8973E-1 5.88953E-1 5.86275E-1 5.75661E-1 5.81338E-1 6.0831E-1 6.44286E-1 6.34337E-1 6.00445E-1 6.00478E-1 6.17416E-1 6.58364E-1 6.71225E-1 6.74322E-1 6.7351E-1 6.63724E-1 6.43194E-1 6.25652E-1 5.80084E-1 5.44546E-1 5.80353E-1 5.76314E-1 5.96132E-1 5.90942E-1 5.55244E-1 5.78929E-1 5.09837E-1 4.52613E-1
2.50815E-1 2.49034E-1 2.44727E-1 2.46277E-1 2.4512E-1 2.40704E-1 2.24672E-1 2.18422E-1 2.12016E-1 2.1358E-1 2.20005E-1 2.27989E-1 2.31213E-1 2.34456E-1 2.311E-1 2.32478E-1 2.32478E-1 2.35722E-1 2.40617E-1 2.47442E-1 2.57158E-1 2.67228E-1 2.84205E-1 3.11273E-1 3.44074E-1 3.77379E-1 3.83807E-1 3.7194E-1 3.61694E-1 3.38866E-1 3.20999E-1 3.44038E-1 4.02215E-1 4.64747E-1 5.23443E-1 5.65821E-1 5.97063E-1 6.15768E-1 6.13528E-1 6.05279E-1 6.00197E-1 6.11004E-1 6.24442E-1 6.26772E-1 6.22217E-1 5.98409E-1 6.45563E-1 6.54323E-1 6.65034E-1 6.74545E-1 6.7384E-1 6.69744E-1 6.64739E-1 6.48222E-1 6.29337E-1 5.87234E-1 5.3538E-1 5.8709E-1 5.93978E-1 5.66463E-1 5.52207E-1 5.69364E-1 5.51546E-1 4.90741E-1 4.58449E-1
2.45046E-1 2.53617E-1 2.56759E-1 2.56759E-1 2.52476E-1 2.50123E-1 2.38981E-1 2.27989E-1 2.20878E-1 2.22467E-1 2.30842E-1 2.49083E-1 2.55865E-1 2.57535E-1 2.49096E-1 2.45792E-1 2.4517E-1 2.51781E-1 2.57158E-1 2.67228E-1 2.77389E-1 2.85914E-1 3.0136E-1 3.20344E-1 3.58292E-1 4.14099E-1 4.40279E-1 4.10634E-1 3.85004E-1 3.57329E-1 3.55447E-1 3.95451E-1 4.68182E-1 5.07575E-1 5.50361E-1 5.88255E-1 6.19004E-1 6.32747E-1 6.36721E-1 6.31288E-1 6.30304E-1 6.35755E-1 6.1757E-1 6.34184E-1 6.39691E-1 6.43408E-1 6.65112E-1 6.7029E-1 6.64797E-1 6.72902E-1 6.45308E-1 6.47793E-1 6.51337E-1 6.48418E-1 6.41701E-1 6.3428E-1 6.14417E-1 5.72525E-1 5.31837E-1 5.03549E-1 4.86196E-1 5.62731E-1 5.01325E-1 4.84215E-1 4.56928E-1
2.52784E-1 2.59003E-1 2.66488E-1 2.63421E-1 2.65665E-1 2.60618E-1 2.45914E-1 2.37329E-1 2.27058E-1 2.30993E-1 2.47927E-1 2.75667E-1 2.91312E-1 2.81192E-1 2.72694E-1 2.58829E-1 2.60115E-1 2.70208E-1 2.7909E-1 2.94481E-1 3.03082E-1 3.0998E-1 3.20344E-1 3.32445E-1 3.51725E-1 3.99399E-1 4.20013E-1 4.21613E-1 4.09812E-1 3.94445E-1 4.06499E-1 4.77991E-1 5.49903E-1 5.39331E-1 5.73181E-1 6.06706E-1 6.29904E-1 6.45884E-1 6.52907E-1 6.54405E-1 6.57791E-1 6.28624E-1 6.27845E-1 6.44632E-1 6.58499E-1 6.70122E-1 6.7863E-1 6.76703E-1 6.74351E-1 6.56917E-1 6.20839E-1 6.2298E-1 6.28284E-1 6.39075E-1 6.41733E-1 6.50577E-1 6.37943E-1 5.83656E-1 5.24582E-1 4.83347E-1 4.61367E-1 5.38382E-1 4.76266E-1 4.62749E-1 4.62653E-1
