KUENM/Final_Models/M_0.1_F_lq_Set_2_NE/sp1_3.asc
ncols         197
nrows         210
xllcorner     56.1666666666667
yllcorner     4.5
cellsize      0.166666666666667
NODATA_value  -9999
[rows 84 to 111 of 210, columns 65 to 129 of 197]
1.67177E-1 1.73162E-1 1.86164E-1 1.8506E-1 1.79268E-1 1.70563E-1 1.64972E-1 1.57853E-1 1.54332E-1 1.6169E-1 1.75263E-1 1.95337E-1 2.09531E-1 2.0769E-1 1.91528E-1 1.72948E-1 1.74007E-1 1.907E-1 2.09727E-1 2.26159E-1 2.37934E-1 2.39633E-1 2.48183E-1 2.58558E-1 2.57383E-1 2.88468E-1 3.10145E-1 3.18969E-1 3.22283E-1 3.24081E-1 3.53252E-1 4.25205E-1 4.69446E-1 4.91408E-1 5.23455E-1 5.75002E-1 6.06407E-1 6.242E-1 6.3474E-1 6.39226E-1 6.03893E-1 5.74175E-1 5.77494E-1 5.90907E-1 6.13073E-1 6.31857E-1 6.42012E-1 6.36366E-1 6.37019E-1 6.23984E-1 5.94889E-1 6.03235E-1 6.18493E-1 6.17095E-1 6.28578E-1 6.38163E-1 6.31293E-1 5.98123E-1 5.56404E-1 4.98135E-1 4.52965E-1 5.29343E-1 4.68867E-1 4.33624E-1 4.43626E-1
1.74817E-1 1.8806E-1 1.93684E-1 1.9269E-1 1.9295E-1 1.84943E-1 1.73758E-1 1.72294E-1 1.70378E-1 1.75076E-1 1.92048E-1 2.06483E-1 2.19492E-1 2.24327E-1 2.0769E-1 1.93087E-1 1.91154E-1 2.09727E-1 2.3624E-1 2.65536E-1 2.76082E-1 2.77848E-1 2.84931E-1 2.87309E-1 2.90252E-1 3.08398E-1 3.29929E-1 3.42042E-1 3.50995E-1 3.61695E-1 3.83197E-1 4.16194E-1 4.6313E-1 5.2083E-1 5.66878E-1 6.12104E-1 6.32075E-1 6.3696E-1 6.44377E-1 6.25818E-1 5.74558E-1 5.99063E-1 6.05832E-1 6.17024E-1 6.31739E-1 6.39887E-1 6.36149E-1 6.23243E-1 6.13881E-1 5.82097E-1 5.60628E-1 6.0375E-1 6.21214E-1 5.94739E-1 6.01749E-1 6.04037E-1 5.88552E-1 5.8067E-1 5.5956E-1 5.10062E-1 4.44377E-1 5.15147E-1 4.49488E-1 4.12962E-1 4.13183E-1
1.90297E-1 1.95517E-1 2.01903E-1 2.03533E-1 2.00245E-1 1.93814E-1 1.88923E-1 1.82913E-1 1.85858E-1 1.90492E-1 2.03232E-1 2.11293E-1 2.21005E-1 2.27668E-1 2.20772E-1 2.12242E-1 2.25008E-1 2.39633E-1 2.70798E-1 3.02752E-1 3.11702E-1 3.13494E-1 3.17717E-1 3.24042E-1 3.33512E-1 3.46092E-1 3.61994E-1 3.72332E-1 3.88136E-1 4.09156E-1 4.29539E-1 4.55276E-1 5.03767E-1 5.57914E-1 6.09674E-1 6.43434E-1 6.49045E-1 6.45645E-1 6.02353E-1 5.1091E-1 5.7786E-1 6.09618E-1 6.20788E-1 6.29474E-1 6.28789E-1 6.31079E-1 6.26215E-1 6.05687E-1 5.92127E-1 5.35675E-1 4.95803E-1 5.01946E-1 5.60077E-1 6.00789E-1 5.91333E-1 5.66895E-1 5.3353E-1 5.36859E-1 5.32696E-1 4.78232E-1 4.11615E-1 4.3896E-1 4.20689E-1 3.86022E-1 3.68227E-1
1.96479E-1 2.05501E-1 2.03913E-1 2.08692E-1 2.02087E-1 2.02176E-1 1.99901E-1 2.00033E-1 2.0327E-1 2.08097E-1 2.17842E-1 2.19492E-1 2.25995E-1 2.29345E-1 2.3247E-1 2.37208E-1 2.52183E-1 2.69041E-1 2.95608E-1 3.22458E-1 3.38585E-1 3.42825E-1 3.5631E-1 3.63744E-1 3.72868E-1 3.84948E-1 3.98547E-1 4.20691E-1 4.38905E-1 4.61789E-1 4.97508E-1 5.19508E-1 5.81637E-1 6.10172E-1 6.4549E-1 6.40275E-1 6.41919E-1 6.12661E-1 5.19193E-1 5.53536E-1 5.87858E-1 6.00756E-1 6.23655E-1 6.31019E-1 6.24391E-1 6.11936E-1 5.85372E-1 5.72241E-1 5.73015E-1 5.50061E-1 5.0678E-1 4.81843E-1 4.98783E-1 5.58307E-1 5.89905E-1 5.34922E-1 4.98159E-1 4.89591E-1 4.80402E-1 4.1914E-1 3.43965E-1 2.99374E-1 3.20816E-1 3.3439E-1 3.29814E-1
1.80249E-1 1.94947E-1 2.00544E-1 2.02946E-1 2.04896E-1 2.15102E-1 2.1419E-1 2.16058E-1 2.19351E-1 2.22664E-1 2.31026E-1 2.25995E-1 2.30785E-1 2.35852E-1 2.47462E-1 2.60865E-1 2.74905E-1 2.94436E-1 3.12334E-1 3.37452E-1 3.5766E-1 3.70083E-1 3.8492E-1 4.00823E-1 4.1086E-1 4.27374E-1 4.47004E-1 4.7513E-1 4.97538E-1 5.26373E-1 5.66318E-1 5.92894E-1 6.36454E-1 6.39805E-1 6.20641E-1 6.02158E-1 5.76544E-1 5.13753E-1 4.26837E-1 5.25649E-1 5.94582E-1 6.15165E-1 6.28092E-1 6.31218E-1 6.1691E-1 5.92796E-1 5.54675E-1 5.26746E-1 5.25469E-1 5.07585E-1 4.86991E-1 4.81354E-1 4.8838E-1 5.4803E-1 5.25392E-1 4.99549E-1 4.75083E-1 4.70621E-1 4.428E-1 3.81137E-1 2.96491E-1 1.95384E-1 2.10017E-1 2.94302E-1 3.17987E-1
-9999 1.91841E-1 2.00544E-1 2.07743E-1 2.1402E-1 2.21179E-1 2.25008E-1 2.28773E-1 2.34159E-1 2.37549E-1 2.40955E-1 2.29105E-1 2.37549E-1 2.49537E-1 2.66582E-1 2.80696E-1 2.94436E-1 3.10541E-1 3.34404E-1 3.52311E-1 3.74056E-1 3.86864E-1 4.09398E-1 4.24543E-1 4.43779E-1 4.73613E-1 5.0006E-1 5.30066E-1 5.52319E-1 5.81108E-1 6.07321E-1 6.29957E-1 6.40843E-1 6.51523E-1 1.75556E-1 5.87177E-1 5.02749E-1 4.55977E-1 4.73489E-1 4.91197E-1 5.9396E-1 6.20975E-1 6.24363E-1 6.00583E-1 5.77354E-1 5.46414E-1 5.3278E-1 5.09456E-1 4.7127E-1 4.48182E-1 4.56672E-1 4.92511E-1 4.90187E-1 5.21084E-1 4.61157E-1 4.0688E-1 4.39628E-1 4.44179E-1 4.21741E-1 3.48346E-1 2.69576E-1 1.71282E-1 1.99933E-1 2.90925E-1 3.36083E-1
-9999 1.98076E-1 2.07595E-1 2.11741E-1 2.24854E-1 2.32243E-1 2.39633E-1 2.45296E-1 2.52183E-1 2.57845E-1 2.57845E-1 2.56106E-1 2.61331E-1 2.73621E-1 2.84246E-1 2.96725E-1 3.09263E-1 3.20036E-1 3.38414E-1 3.61966E-1 3.83363E-1 4.11102E-1 4.49105E-1 4.64906E-1 4.87393E-1 5.112E-1 5.42228E-1 5.74244E-1 5.91862E-1 6.14048E-1 6.34598E-1 6.47193E-1 6.54799E-1 6.40528E-1 5.8509E-1 3.77848E-1 4.9659E-1 4.1757E-1 4.70559E-1 4.67609E-1 6.16339E-1 6.42012E-1 6.35465E-1 5.80636E-1 5.33936E-1 4.89961E-1 4.52613E-1 4.4952E-1 4.54784E-1 4.71914E-1 5.00131E-1 5.1962E-1 5.27026E-1 5.10768E-1 4.24736E-1 3.79734E-1 4.01904E-1 4.53636E-1 3.81457E-1 3.01029E-1 2.80049E-1 2.44608E-1 2.66612E-1 3.22515E-1 3.43965E-1
-9999 2.03406E-1 2.14045E-1 2.21536E-1 2.30724E-1 2.38273E-1 2.49253E-1 2.62041E-1 2.79616E-1 2.92652E-1 2.96221E-1 3.00303E-1 3.03884E-1 3.0747E-1 3.11058E-1 3.16852E-1 3.24042E-1 3.36922E-1 3.49473E-1 3.71031E-1 3.99098E-1 4.32905E-1 4.71059E-1 4.86112E-1 5.15601E-1 5.43762E-1 5.74057E-1 5.98071E-1 6.08141E-1 6.24556E-1 6.43517E-1 6.56794E-1 6.56751E-1 6.02041E-1 4.46629E-1 4.37099E-1 5.05915E-1 3.97331E-1 3.75447E-1 5.04155E-1 6.33961E-1 6.49389E-1 6.47041E-1 5.91781E-1 5.62214E-1 4.97214E-1 4.359E-1 4.12377E-1 4.40467E-1 4.69879E-1 5.0678E-1 5.18841E-1 5.27026E-1 4.85626E-1 4.20105E-1 3.88321E-1 4.05189E-1 4.03288E-1 3.39466E-1 2.78072E-1 3.02766E-1 3.3165E-1 3.47352E-1 3.61297E-1 3.56074E-1
-9999 -9999 2.21161E-1 2.32174E-1 2.39914E-1 2.52811E-1 2.67573E-1 2.87772E-1 3.10957E-1 3.31421E-1 3.5176E-1 3.58884E-1 3.57105E-1 3.50525E-1 3.50525E-1 3.50954E-1 3.45586E-1 3.47683E-1 3.60186E-1 3.79852E-1 4.11102E-1 4.47572E-1 4.77156E-1 5.08776E-1 5.37633E-1 5.67735E-1 5.9524E-1 6.21415E-1 6.27387E-1 6.32747E-1 6.48468E-1 6.56922E-1 6.58721E-1 6.322E-1 5.37178E-1 5.07711E-1 5.02331E-1 3.96721E-1 5.08223E-1 6.16318E-1 6.46637E-1 6.5118E-1 6.56024E-1 6.37387E-1 6.27049E-1 5.43455E-1 4.12377E-1 4.01085E-1 4.37357E-1 4.63163E-1 5.0327E-1 5.37834E-1 5.15107E-1 4.54158E-1 4.23372E-1 4.20189E-1 4.28252E-1 4.14735E-1 3.09133E-1 2.76827E-1 3.18515E-1 3.92583E-1 4.20689E-1 3.8855E-1 3.4031E-1
-9999 -9999 2.32754E-1 2.45679E-1 2.57682E-1 2.74435E-1 2.89566E-1 3.15462E-1 3.44951E-1 3.78571E-1 4.07051E-1 4.16236E-1 4.06056E-1 3.92863E-1 3.8065E-1 3.74056E-1 3.71286E-1 3.54651E-1 3.58404E-1 3.97101E-1 4.31181E-1 4.66514E-1 5.06179E-1 5.31534E-1 5.62476E-1 5.86185E-1 6.10447E-1 6.29805E-1 6.40305E-1 6.44071E-1 6.54886E-1 6.55206E-1 6.56794E-1 6.53297E-1 5.96586E-1 5.07479E-1 4.64465E-1 4.63761E-1 5.18841E-1 6.11926E-1 6.54322E-1 6.45549E-1 6.56713E-1 6.57561E-1 6.19866E-1 5.20335E-1 4.15929E-1 4.03705E-1 4.32394E-1 4.6072E-1 5.00616E-1 5.16173E-1 4.38914E-1 4.03651E-1 4.2149E-1 4.33249E-1 4.21836E-1 3.96491E-1 3.12701E-1 2.70367E-1 3.04396E-1 3.96355E-1 4.26136E-1 3.67787E-1 2.3251E-1
-9999 -9999 -9999 2.58234E-1 2.68086E-1 2.92065E-1 3.18054E-1 3.43024E-1 3.72373E-1 4.20406E-1 4.57577E-1 4.6725E-1 4.53144E-1 4.31243E-1 3.96326E-1 3.5944E-1 3.27222E-1 3.18649E-1 3.51262E-1 4.00752E-1 4.39397E-1 4.84692E-1 5.2252E-1 5.48739E-1 5.76299E-1 5.97195E-1 6.1104E-1 6.21415E-1 6.29196E-1 6.45388E-1 6.59017E-1 6.59666E-1 6.60723E-1 6.56794E-1 6.25169E-1 5.39167E-1 4.81878E-1 5.22326E-1 5.35655E-1 5.61631E-1 6.35646E-1 6.57998E-1 6.57732E-1 6.28234E-1 5.32104E-1 4.95204E-1 3.9593E-1 3.92912E-1 4.47715E-1 4.84195E-1 4.79055E-1 4.78536E-1 4.38083E-1 4.23925E-1 4.30196E-1 4.13609E-1 3.8475E-1 3.33942E-1 2.85618E-1 2.37786E-1 2.3575E-1 3.39614E-1 3.8803E-1 2.95501E-1 1.48004E-1
-9999 -9999 -9999 -9999 -9999 -9999 -9999 3.66626E-1 4.04155E-1 4.45748E-1 4.736E-1 4.92166E-1 4.92517E-1 4.76297E-1 4.21276E-1 3.32609E-1 2.51264E-1 2.86409E-1 3.58404E-1 4.19296E-1 4.76598E-1 5.21903E-1 5.54024E-1 5.7423E-1 5.89024E-1 6.0384E-1 6.17014E-1 6.25235E-1 6.32761E-1 6.47011E-1 6.58712E-1 6.62016E-1 6.59962E-1 6.5262E-1 6.35696E-1 5.94431E-1 5.42808E-1 5.42808E-1 5.53668E-1 5.84914E-1 6.34304E-1 6.51008E-1 6.42134E-1 5.58114E-1 3.68837E-1 3.75378E-1 3.41363E-1 3.50066E-1 4.44201E-1 4.60204E-1 4.44201E-1 4.45096E-1 4.27094E-1 4.38914E-1 4.0754E-1 3.53728E-1 3.16536E-1 2.91802E-1 2.46712E-1 1.75613E-1 1.71506E-1 2.54238E-1 3.2818E-1 2.0039E-1 7.82841E-2
-9999 -9999 -9999 -9999 -9999 -9999 -9999 -9999 4.25932E-1 4.53634E-1 4.82418E-1 5.0368E-1 5.21607E-1 5.18367E-1 4.74802E-1 3.92488E-1 3.39244E-1 3.58884E-1 4.05382E-1 4.64349E-1 5.19508E-1 5.57057E-1 5.73697E-1 5.85282E-1 5.9894E-1 6.11808E-1 6.23926E-1 6.33157E-1 6.4218E-1 6.52491E-1 6.61277E-1 6.59195E-1 6.46809E-1 6.39048E-1 6.38735E-1 6.26176E-1 5.90344E-1 5.79328E-1 5.80719E-1 5.81698E-1 5.9737E-1 6.22917E-1 6.28844E-1 5.47121E-1 3.82337E-1 3.60063E-1 3.11562E-1 3.15518E-1 3.69488E-1 3.94685E-1 4.15929E-1 4.27094E-1 4.18216E-1 4.18216E-1 3.57536E-1 2.66255E-1 2.35569E-1 2.37239E-1 2.01508E-1 1.14522E-1 8.27445E-2 1.17232E-1 1.57758E-1 1.0394E-1 5.27519E-2
-9999 -9999 -9999 -9999 -9999 -9999 -9999 -9999 -9999 4.64463E-1 4.85332E-1 5.06406E-1 5.2954E-1 5.30643E-1 5.06197E-1 4.75081E-1 4.69026E-1 4.64191E-1 4.7024E-1 5.05163E-1 5.35107E-1 5.60034E-1 5.78314E-1 5.94529E-1 6.10447E-1 6.19852E-1 6.32583E-1 6.40566E-1 6.44287E-1 6.54331E-1 6.61965E-1 6.52545E-1 6.2547E-1 6.11208E-1 6.32169E-1 6.21207E-1 5.80117E-1 5.61926E-1 5.77324E-1 5.70897E-1 5.28755E-1 5.01431E-1 5.47888E-1 5.01561E-1 3.15177E-1 3.08042E-1 3.53379E-1 3.46721E-1 3.4252E-1 3.64551E-1 4.21397E-1 4.29274E-1 4.20325E-1 3.86313E-1 2.95943E-1 1.91084E-1 1.82013E-1 1.97231E-1 1.63125E-1 7.00983E-2 2.07237E-2 3.94176E-2 6.06114E-2 5.56631E-2 3.67816E-2
-9999 -9999 -9999 -9999 -9999 -9999 -9999 -9999 -9999 4.7354E-1 4.89661E-1 5.07759E-1 5.24534E-1 5.29782E-1 5.24849E-1 5.13382E-1 5.07255E-1 4.9535E-1 4.93928E-1 5.15232E-1 5.42184E-1 5.68776E-1 5.9541E-1 6.12046E-1 6.23497E-1 6.2986E-1 6.38743E-1 6.41227E-1 6.31596E-1 6.53263E-1 6.60301E-1 6.46601E-1 6.30464E-1 6.01568E-1 6.0408E-1 5.89011E-1 5.47334E-1 5.19255E-1 5.30038E-1 5.05974E-1 4.42116E-1 4.22949E-1 4.53323E-1 4.31975E-1 3.5959E-1 3.72817E-1 3.83195E-1 3.83083E-1 3.82465E-1 3.92912E-1 4.46527E-1 4.3896E-1 3.76979E-1 2.95282E-1 1.91826E-1 1.23094E-1 1.39099E-1 1.79181E-1 1.71883E-1 9.07385E-2 2.98969E-2 2.40122E-2 3.1472E-2 3.04463E-2 1.69286E-2
-9999 -9999 -9999 -9999 -9999 -9999 -9999 -9999 -9999 -9999 -9999 5.09157E-1 5.18459E-1 5.26061E-1 5.26189E-1 5.22352E-1 5.17097E-1 5.08478E-1 5.09346E-1 5.27946E-1 5.54024E-1 5.83072E-1 6.1626E-1 6.32555E-1 6.39047E-1 6.39047E-1 6.40538E-1 6.39237E-1 6.35623E-1 6.55176E-1 6.56545E-1 6.19333E-1 6.23443E-1 6.13509E-1 5.63637E-1 5.36638E-1 5.54563E-1 5.32791E-1 5.08953E-1 4.64687E-1 4.0664E-1 4.17922E-1 4.59855E-1 5.09159E-1 5.17098E-1 5.07805E-1 4.43843E-1 3.91363E-1 3.93026E-1 4.01583E-1 4.51141E-1 4.33212E-1 3.37774E-1 2.43395E-1 1.50316E-1 1.11599E-1 1.20737E-1 1.45486E-1 1.54953E-1 1.14971E-1 6.80071E-2 4.28065E-2 3.04463E-2 1.57921E-2 9.97563E-3
-9999 -9999 -9999 -9999 -9999 -9999 -9999 -9999 -9999 -9999 -9999 -9999 -9999 5.24916E-1 5.26179E-1 5.27451E-1 5.31106E-1 -9999 -9999 5.60141E-1 5.69045E-1 5.89416E-1 6.30045E-1 6.46089E-1 6.47268E-1 6.44818E-1 6.40278E-1 6.31075E-1 6.41213E-1 6.58659E-1 6.55003E-1 6.02172E-1 6.18627E-1 5.9453E-1 4.963E-1 4.47574E-1 5.42799E-1 5.51153E-1 4.96285E-1 4.17283E-1 3.17719E-1 3.26046E-1 4.36367E-1 5.30777E-1 5.53038E-1 5.54145E-1 4.69019E-1 4.05947E-1 3.85259E-1 3.80787E-1 4.08316E-1 3.95818E-1 3.0664E-1 2.28897E-1 1.7193E-1 1.249E-1 1.2905E-1 1.67577E-1 2.04332E-1 1.74303E-1 1.22708E-1 9.3998E-2 6.04129E-2 3.19897E-2 2.09202E-2
-9999 -9999 -9999 -9999 -9999 -9999 -9999 -9999 -9999 -9999 -9999 -9999 -9999 5.2705E-1 5.2954E-1 -9999 -9999 5.93412E-1 5.98484E-1 6.03234E-1 6.08139E-1 6.00787E-1 6.43837E-1 6.56378E-1 6.5548E-1 6.5189E-1 6.42963E-1 6.35594E-1 6.45748E-1 6.596E-1 6.60016E-1 6.48597E-1 6.39252E-1 5.92721E-1 4.87645E-1 4.39472E-1 5.17125E-1 5.14499E-1 4.42654E-1 3.20744E-1 2.03298E-1 2.1335E-1 3.33942E-1 4.40244E-1 5.06199E-1 5.25407E-1 4.92911E-1 4.37432E-1 3.97101E-1 3.71258E-1 3.46625E-1 3.21787E-1 2.64138E-1 2.2484E-1 2.58439E-1 2.57707E-1 2.34088E-1 2.5252E-1 2.15845E-1 1.69999E-1 1.17187E-1 7.90984E-2 4.75094E-2 3.19542E-2 1.87855E-2
-9999 -9999 -9999 -9999 -9999 -9999 -9999 -9999 -9999 -9999 -9999 5.12077E-1 5.13382E-1 5.21607E-1 5.69979E-1 5.86172E-1 6.10976E-1 6.17703E-1 6.19603E-1 6.21735E-1 6.23359E-1 6.38241E-1 6.59E-1 6.58785E-1 6.5722E-1 6.54705E-1 6.48549E-1 6.43517E-1 6.46809E-1 6.59433E-1 6.62045E-1 6.60564E-1 6.50632E-1 6.15739E-1 5.40296E-1 4.99216E-1 4.77143E-1 4.44274E-1 3.29918E-1 1.7955E-1 1.11563E-1 1.33485E-1 2.40172E-1 3.99536E-1 5.00932E-1 5.47775E-1 5.66699E-1 5.56757E-1 5.36859E-1 4.83568E-1 3.75315E-1 3.13292E-1 2.52191E-1 3.9803E-1 4.59565E-1 4.36225E-1 3.67098E-1 2.70184E-1 1.99559E-1 1.28486E-1 8.27149E-2 4.57426E-2 2.67491E-2 1.94598E-2 2.35516E-2
-9999 -9999 -9999 -9999 -9999 -9999 -9999 -9999 -9999 -9999 -9999 5.236E-1 5.25405E-1 5.34614E-1 5.56171E-1 6.04078E-1 6.32815E-1 6.43586E-1 6.40971E-1 6.34182E-1 6.32813E-1 6.52329E-1 6.5573E-1 6.52095E-1 6.52779E-1 6.52936E-1 6.52134E-1 6.51644E-1 6.54941E-1 6.5724E-1 6.58848E-1 6.61026E-1 6.57679E-1 6.33157E-1 5.71977E-1 4.69542E-1 2.86917E-1 2.79804E-1 2.22819E-1 1.21366E-1 9.67923E-2 1.07389E-1 2.06985E-1 3.78863E-1 5.08844E-1 5.74188E-1 6.09668E-1 6.13281E-1 6.00788E-1 6.08685E-1 5.75003E-1 5.41118E-1 5.34303E-1 5.41717E-1 5.21434E-1 4.83605E-1 4.07053E-1 3.00967E-1 1.71056E-1 6.22502E-2 3.07178E-2 1.90225E-2 1.79811E-2 2.32064E-2 3.46112E-2
-9999 -9999 -9999 -9999 -9999 -9999 -9999 -9999 -9999 -9999 -9999 -9999 5.43201E-1 5.53189E-1 5.72565E-1 6.20217E-1 6.41743E-1 6.42507E-1 6.40196E-1 6.42569E-1 6.44119E-1 6.51931E-1 6.53986E-1 6.52912E-1 6.5343E-1 6.50665E-1 6.50706E-1 6.54333E-1 6.56682E-1 6.54025E-1 6.54953E-1 6.58848E-1 6.61456E-1 6.35392E-1 5.80146E-1 4.88862E-1 2.84932E-1 2.07934E-1 1.73777E-1 1.37523E-1 1.4155E-1 1.50466E-1 2.50225E-1 3.84789E-1 5.43539E-1 6.00922E-1 6.35594E-1 6.45321E-1 6.40729E-1 6.35908E-1 6.06752E-1 5.77783E-1 5.5745E-1 5.23456E-1 4.99546E-1 4.68515E-1 3.75067E-1 2.76673E-1 1.30459E-1 2.27059E-2 5.76859E-3 5.80824E-3 1.24775E-2 2.51713E-2 5.92718E-2
-9999 -9999 -9999 -9999 -9999 -9999 -9999 -9999 -9999 -9999 -9999 -9999 -9999 5.8449E-1 6.11299E-1 6.39768E-1 6.42507E-1 6.42569E-1 6.44729E-1 6.4842E-1 6.4993E-1 6.52936E-1 6.54815E-1 6.54761E-1 6.52455E-1 6.47541E-1 6.48242E-1 6.5066E-1 6.49942E-1 6.5114E-1 6.56024E-1 6.60213E-1 -9999 6.42005E-1 5.78832E-1 5.1617E-1 3.41634E-1 2.01305E-1 1.413E-1 1.37523E-1 1.48252E-1 1.6854E-1 2.99763E-1 4.61543E-1 4.76588E-1 5.21272E-1 6.37453E-1 6.42375E-1 6.47975E-1 6.41146E-1 6.19866E-1 6.01754E-1 5.74268E-1 4.98206E-1 4.31975E-1 3.93261E-1 3.25283E-1 2.18387E-1 7.35612E-2 1.03015E-2 2.44915E-3 3.84528E-3 1.88133E-2 7.21633E-2 9.41108E-2
-9999 -9999 -9999 -9999 -9999 -9999 -9999 -9999 -9999 -9999 -9999 -9999 -9999 -9999 6.37091E-1 6.4848E-1 6.2975E-1 6.35184E-1 6.35539E-1 6.44101E-1 6.47284E-1 6.51066E-1 6.53376E-1 6.52501E-1 6.48292E-1 6.49605E-1 6.5278E-1 6.51101E-1 6.51954E-1 6.57131E-1 6.60365E-1 6.62032E-1 -9999 6.42473E-1 5.89019E-1 5.07409E-1 3.46472E-1 1.40138E-1 4.49832E-2 3.67084E-2 5.48495E-2 1.07206E-1 2.15054E-1 4.30151E-1 5.61223E-1 6.09972E-1 6.17034E-1 6.17034E-1 6.22262E-1 6.09394E-1 5.87234E-1 6.0948E-1 5.69054E-1 5.11204E-1 4.24696E-1 3.80055E-1 3.30654E-1 1.86074E-1 4.55812E-2 6.35688E-3 4.85447E-3 7.4086E-3 2.56101E-2 1.20594E-1 1.99933E-1
-9999 -9999 -9999 -9999 -9999 -9999 -9999 -9999 -9999 -9999 -9999 -9999 -9999 -9999 -9999 6.49031E-1 6.39575E-1 6.31984E-1 6.2766E-1 6.11134E-1 5.77297E-1 5.98828E-1 6.42861E-1 6.47791E-1 6.46519E-1 6.52912E-1 6.55972E-1 6.55323E-1 6.57593E-1 6.59028E-1 6.54929E-1 6.57557E-1 6.54318E-1 6.23927E-1 5.52914E-1 4.51357E-1 2.1884E-1 5.12257E-2 1.21339E-2 1.0477E-2 3.26322E-2 1.48266E-1 3.91588E-1 5.7932E-1 6.40796E-1 6.5572E-1 6.51335E-1 6.23243E-1 6.03695E-1 5.67073E-1 5.08919E-1 5.34366E-1 4.66571E-1 4.17537E-1 3.72247E-1 3.72325E-1 3.22617E-1 1.99559E-1 7.76207E-2 2.27059E-2 6.94339E-3 8.55813E-4 8.33901E-4 1.72646E-2 1.66666E-1
-9999 -9999 -9999 -9999 -9999 -9999 -9999 -9999 -9999 -9999 -9999 -9999 -9999 -9999 -9999 -9999 6.32881E-1 6.2286E-1 6.0626E-1 5.72525E-1 5.12756E-1 5.65486E-1 6.36233E-1 6.41466E-1 6.38481E-1 6.48488E-1 6.54454E-1 6.56728E-1 6.55343E-1 6.56465E-1 6.51329E-1 6.49153E-1 -9999 5.47553E-1 4.83151E-1 2.65485E-1 4.74783E-2 4.30475E-3 1.07173E-3 1.80597E-3 1.95887E-2 1.48289E-1 4.57063E-1 6.34814E-1 6.59696E-1 6.62029E-1 6.60421E-1 6.44389E-1 6.24929E-1 5.98485E-1 5.6146E-1 4.5527E-1 3.50117E-1 4.33379E-1 4.14588E-1 4.61686E-1 4.40027E-1 3.54097E-1 2.03298E-1 5.38625E-2 7.41503E-3 2.66871E-4 1.34713E-3 7.29809E-2 3.33833E-1
-9999 -9999 -9999 -9999 -9999 -9999 -9999 -9999 -9999 -9999 -9999 -9999 -9999 -9999 -9999 -9999 -9999 6.07244E-1 5.88791E-1 5.58567E-1 5.57195E-1 5.88405E-1 6.17097E-1 6.20173E-1 6.25974E-1 6.35014E-1 6.46615E-1 6.49865E-1 6.49188E-1 6.44854E-1 6.34054E-1 -9999 -9999 3.38904E-1 1.89051E-1 2.33296E-2 2.25168E-3 1.66436E-4 4.47093E-5 2.53043E-4 6.54043E-3 9.55505E-2 4.92519E-1 6.42349E-1 6.56751E-1 6.58344E-1 6.62066E-1 6.45335E-1 6.32169E-1 6.05654E-1 5.87086E-1 5.68775E-1 5.70017E-1 5.76016E-1 5.87871E-1 5.76286E-1 5.24759E-1 3.1675E-1 2.01751E-1 8.38621E-2 4.02711E-2 1.15894E-1 4.39475E-1 5.38672E-1 5.41601E-1
-9999 -9999 -9999 -9999 -9999 -9999 -9999 -9999 -9999 -9999 -9999 -9999 -9999 -9999 -9999 -9999 -9999 -9999 5.8623E-1 5.93355E-1 6.10125E-1 6.18353E-1 6.1785E-1 6.32107E-1 6.30584E-1 6.33993E-1 6.48038E-1 6.5722E-1 6.52781E-1 6.36553E-1 6.19187E-1 -9999 -9999 1.27349E-1 2.16999E-2 1.07609E-3 1.3167E-4 1.18374E-5 9.26966E-7 6.74381E-6 1.01408E-3 1.09799E-1 5.5624E-1 6.35286E-1 6.39226E-1 6.51683E-1 6.60929E-1 6.57174E-1 6.49409E-1 6.24764E-1 6.00717E-1 5.99861E-1 6.19333E-1 6.22828E-1 6.38797E-1 6.09467E-1 5.49263E-1 5.71608E-1 5.95212E-1 5.92706E-1 5.96101E-1 6.11977E-1 6.09653E-1 5.91792E-1 5.72992E-1
-9999 -9999 -9999 -9999 -9999 -9999 -9999 -9999 -9999 -9999 -9999 -9999 -9999 -9999 -9999 -9999 -9999 -9999 -9999 6.10639E-1 6.40453E-1 6.36149E-1 6.28266E-1 6.42586E-1 6.49865E-1 6.49605E-1 6.5388E-1 6.58127E-1 -9999 -9999 -9999 -9999 -9999 -9999 1.71348E-3 1.30129E-5 1.82096E-7 3.79172E-8 3.28873E-9 5.26232E-8 1.13777E-4 1.51304E-1 5.92423E-1 6.27361E-1 6.25345E-1 6.46256E-1 6.60387E-1 6.5645E-1 6.42908E-1 6.21889E-1 5.89011E-1 5.64458E-1 5.82295E-1 6.02341E-1 6.30464E-1 6.42005E-1 6.39075E-1 6.44287E-1 6.5166E-1 6.42005E-1 6.35936E-1 6.36474E-1 6.14259E-1 5.89025E-1 5.45145E-1
