KUENM/Final_Models/M_0.1_F_lq_Set_2_NE/sp1_4.asc
ncols         197
nrows         210
xllcorner     56.1666666666667
yllcorner     4.5
cellsize      0.166666666666667
NODATA_value  -9999
[rows 112 to 139 of 210, columns 130 to 194 of 197]
3.88636E-1 2.51306E-1 1.53515E-1 1.16354E-1 9.92815E-2 5.50333E-2 2.33488E-2 7.54937E-3 2.28429E-3 5.72753E-4 2.10086E-4 1.2004E-4 6.13836E-5 1.88854E-5 5.60463E-6 5.55412E-6 1.48282E-5 4.65786E-5 1.07989E-4 2.92683E-4 1.0995E-3 2.66003E-3 3.28809E-3 2.514E-3 4.20238E-4 9.17434E-5 6.25359E-5 8.50646E-5 1.51124E-4 1.5151E-4 1.20232E-4 1.38603E-4 1.55586E-4 1.62995E-4 1.41218E-4 1.06639E-4 8.21017E-5 6.60974E-5 7.46413E-5 8.21017E-5 1.21543E-4 2.15198E-4 4.28763E-4 9.95102E-4 4.91967E-4 1.20324E-4 2.32055E-5 5.30896E-6 3.0683E-6 3.93245E-6 4.15724E-6 4.63744E-6 4.39244E-6 5.03247E-6 6.9592E-6 1.09287E-5 -9999 -9999 -9999 -9999 -9999 -9999 -9999 -9999 -9999
3.48654E-1 2.11035E-1 1.25689E-1 9.52612E-2 7.0133E-2 3.3486E-2 1.15978E-2 2.81858E-3 3.86308E-4 6.60974E-5 9.492E-5 1.23086E-4 1.11819E-4 2.84108E-5 3.43074E-6 1.84876E-6 4.55569E-6 1.43326E-5 4.67347E-5 1.55826E-4 4.14544E-4 8.0919E-4 8.12652E-4 6.23639E-4 3.69392E-4 8.713E-5 5.21069E-5 6.65889E-5 5.55025E-4 1.0331E-3 5.13493E-4 2.58218E-4 1.74893E-4 1.70736E-4 1.55358E-4 1.52187E-4 1.67066E-4 2.05113E-4 2.63575E-4 2.29197E-4 1.66283E-4 1.4423E-4 1.50653E-4 2.93926E-4 2.43375E-4 8.21807E-5 1.66126E-5 4.26878E-6 3.71626E-6 4.63329E-6 5.313E-6 6.2433E-6 7.14794E-6 7.9579E-6 1.0105E-5 -9999 -9999 -9999 -9999 -9999 -9999 -9999 -9999 -9999 -9999
2.33054E-1 1.03215E-1 6.05646E-2 4.73511E-2 3.74976E-2 1.91931E-2 6.99785E-3 1.52563E-3 2.00843E-4 3.74602E-5 6.13836E-5 1.06891E-4 9.94389E-5 1.31319E-5 5.87118E-7 2.62694E-7 9.18936E-7 3.4782E-6 1.49437E-5 5.97391E-5 1.33921E-4 4.12541E-4 9.87924E-4 2.4353E-3 8.30462E-4 8.74292E-5 3.40013E-5 5.94837E-5 8.29992E-4 2.14848E-3 1.15079E-3 4.03903E-4 1.96279E-4 1.91361E-4 2.15145E-4 2.38787E-4 2.5216E-4 3.16168E-4 4.45675E-4 4.47722E-4 3.12489E-4 1.86508E-4 8.62275E-5 1.11983E-4 1.23196E-4 5.99027E-5 1.83405E-5 5.27581E-6 5.09895E-6 7.11651E-6 8.37138E-6 1.00953E-5 1.21502E-5 1.45945E-5 -9999 -9999 -9999 -9999 -9999 -9999 -9999 -9999 -9999 -9999 -9999
1.68102E-1 8.6108E-2 4.42685E-2 2.34553E-2 1.49441E-2 1.13666E-2 5.82522E-3 1.82855E-3 4.60321E-4 1.66972E-4 1.35227E-4 1.38435E-4 4.79508E-5 3.15401E-6 1.01921E-7 6.9924E-8 2.2301E-7 8.24973E-7 2.77561E-6 7.98764E-6 1.24286E-5 8.55756E-5 4.79374E-4 1.0231E-3 4.7569E-4 7.05907E-5 3.43091E-5 7.93969E-5 1.98085E-3 3.84356E-3 2.51943E-3 7.72319E-4 2.82304E-4 2.88735E-4 3.14045E-4 2.59988E-4 3.71017E-4 3.57915E-4 4.70415E-4 5.37006E-4 4.86164E-4 3.16076E-4 2.24279E-4 2.19214E-4 1.70889E-4 8.61446E-5 3.64819E-5 1.17833E-5 9.23777E-6 1.45256E-5 1.65734E-5 1.8405E-5 -9999 -9999 -9999 -9999 -9999 -9999 -9999 -9999 -9999 -9999 -9999 -9999 -9999
1.30694E-1 8.24942E-2 4.38652E-2 1.8716E-2 9.14114E-3 7.15696E-3 7.12392E-3 3.27865E-3 1.17195E-3 7.25251E-4 6.51951E-4 4.39018E-4 3.47001E-5 2.07589E-6 1.94233E-7 8.4192E-8 1.07681E-7 2.38539E-7 4.29271E-7 3.17141E-7 1.06276E-6 3.19621E-6 1.1304E-5 2.35264E-5 5.7584E-5 7.49461E-5 1.28044E-4 8.99025E-4 6.08905E-3 9.65124E-3 4.79916E-3 2.02894E-3 8.23962E-4 5.48067E-4 4.42402E-4 4.73409E-4 4.02021E-4 4.28807E-4 4.69229E-4 6.96455E-4 7.35919E-4 6.05088E-4 5.23015E-4 4.504E-4 3.2261E-4 2.05324E-4 1.092E-4 5.68424E-5 3.73289E-5 3.83508E-5 3.83508E-5 -9999 -9999 -9999 -9999 -9999 -9999 -9999 -9999 -9999 -9999 -9999 -9999 -9999 -9999
1.05713E-1 7.1031E-2 4.20466E-2 2.08563E-2 1.0986E-2 7.82166E-3 8.80497E-3 5.43263E-3 2.41219E-3 1.76295E-3 1.16956E-3 2.62886E-4 2.37004E-5 2.01834E-6 2.7095E-7 1.0487E-7 1.01467E-7 1.85077E-7 3.09271E-7 4.55284E-7 1.27504E-6 4.09858E-6 8.13188E-6 2.15432E-5 3.42866E-5 4.72737E-5 1.4879E-4 2.18144E-3 1.24689E-2 2.4233E-2 9.84133E-3 3.35808E-3 1.12499E-3 6.76866E-4 3.37385E-4 5.38977E-4 3.85757E-4 3.62487E-4 7.59123E-4 1.29213E-3 1.32783E-3 1.17218E-3 1.06236E-3 9.1364E-4 7.37797E-4 5.36235E-4 3.60585E-4 2.46465E-4 1.66823E-4 -9999 -9999 -9999 -9999 -9999 -9999 -9999 -9999 -9999 -9999 -9999 -9999 -9999 -9999 -9999 -9999
7.14914E-2 4.69716E-2 3.43195E-2 2.93757E-2 2.07795E-2 1.43227E-2 1.14025E-2 9.48356E-3 7.94498E-3 5.95083E-3 1.621E-3 1.37151E-4 1.14777E-5 1.90781E-6 3.99864E-7 1.52012E-7 1.11569E-7 2.40657E-7 6.89044E-7 1.94387E-6 5.79308E-6 8.80284E-6 1.68969E-5 3.26644E-5 4.34277E-5 5.21336E-5 1.19376E-4 4.47633E-4 2.5473E-3 1.16699E-2 6.78442E-3 1.47943E-3 5.43967E-4 7.34294E-4 8.06161E-4 8.5108E-4 5.09196E-4 5.80484E-4 1.41178E-3 2.14425E-3 2.28256E-3 2.19438E-3 1.9624E-3 1.86963E-3 1.59562E-3 1.19919E-3 8.77482E-4 5.72753E-4 -9999 -9999 -9999 -9999 -9999 -9999 -9999 -9999 -9999 -9999 -9999 -9999 -9999 -9999 -9999 -9999 -9999
4.70116E-2 5.17265E-2 4.44553E-2 3.43218E-2 2.20849E-2 8.50494E-3 6.85478E-3 8.78065E-3 1.35587E-2 1.73465E-2 6.49288E-3 1.60876E-4 1.19815E-5 2.9658E-6 6.03868E-7 2.06457E-7 1.56741E-7 3.78163E-7 1.23711E-6 3.52759E-6 8.13188E-6 1.7759E-5 3.30691E-5 4.73592E-5 4.39152E-5 4.96471E-5 7.33338E-5 8.05188E-5 3.55878E-4 3.17086E-3 7.27399E-4 1.19997E-4 3.74195E-4 3.176E-4 1.09601E-3 1.22164E-3 1.01505E-3 1.19905E-3 1.50673E-3 2.41072E-3 3.62349E-3 3.63155E-3 3.84356E-3 3.49623E-3 2.94344E-3 -9999 -9999 -9999 -9999 -9999 -9999 -9999 -9999 -9999 -9999 -9999 -9999 -9999 -9999 -9999 -9999 -9999 -9999 -9999 -9999
5.03883E-2 5.76759E-2 5.82186E-2 4.82343E-2 2.61949E-2 1.08863E-2 1.04023E-2 2.38601E-2 5.82039E-2 4.00852E-2 1.66635E-2 1.15342E-3 8.46566E-5 9.70392E-6 1.01761E-6 2.39573E-7 1.5686E-7 4.42181E-7 1.73229E-6 4.68024E-6 1.25371E-5 2.85251E-5 3.78971E-5 4.73347E-5 5.22129E-5 4.45358E-5 4.67824E-5 4.97397E-5 6.73501E-5 4.35661E-4 9.77241E-5 4.48131E-5 2.78071E-4 6.71666E-4 6.54523E-4 1.27899E-3 1.40897E-3 1.24488E-3 1.72208E-3 3.59615E-3 4.97983E-3 5.46658E-3 5.98799E-3 -9999 -9999 -9999 -9999 -9999 -9999 -9999 -9999 -9999 -9999 -9999 -9999 -9999 -9999 -9999 -9999 -9999 -9999 -9999 -9999 -9999 -9999
6.16408E-2 7.19635E-2 8.35637E-2 7.64824E-2 5.7544E-2 3.62332E-2 3.37934E-2 3.06447E-2 5.83967E-2 5.26865E-2 1.84206E-2 2.75106E-3 2.76069E-4 2.24621E-5 1.60031E-6 2.11261E-7 1.51992E-7 3.87182E-7 2.50743E-6 7.02105E-6 1.54397E-5 3.72853E-5 4.23156E-5 4.33741E-5 4.12817E-5 3.18271E-5 2.73736E-5 2.32446E-5 2.70542E-5 2.99142E-5 1.84646E-5 2.74104E-5 1.48767E-4 6.1038E-4 5.51455E-4 1.35069E-3 1.87779E-3 1.67363E-3 1.77601E-3 5.12221E-3 6.58904E-3 7.4034E-3 7.97376E-3 -9999 -9999 -9999 -9999 -9999 -9999 -9999 -9999 -9999 -9999 -9999 -9999 -9999 -9999 -9999 -9999 -9999 -9999 -9999 -9999 -9999 -9999
7.65721E-2 8.54337E-2 1.02034E-1 1.26093E-1 1.16354E-1 1.07249E-1 1.20577E-1 1.10176E-1 5.84496E-2 4.34081E-2 1.81272E-2 4.31324E-3 6.4702E-4 5.51451E-5 3.14296E-6 3.65251E-7 1.94046E-7 5.53463E-7 2.31479E-6 1.02736E-5 3.87175E-5 5.65497E-5 3.0263E-5 2.63811E-5 2.69914E-5 1.89042E-5 1.38691E-5 9.15053E-6 8.34896E-6 5.56325E-6 6.47903E-6 1.89259E-5 1.02243E-4 4.47993E-4 5.05193E-4 1.27452E-3 1.96116E-3 1.86955E-3 1.76441E-3 5.92283E-3 1.00045E-2 9.50642E-3 -9999 -9999 -9999 -9999 -9999 -9999 -9999 -9999 -9999 -9999 -9999 -9999 -9999 -9999 -9999 -9999 -9999 -9999 -9999 -9999 -9999 -9999 -9999
6.22987E-2 6.13679E-2 1.05414E-1 1.54421E-1 1.77872E-1 2.07476E-1 2.08191E-1 1.84877E-1 1.15386E-1 4.51903E-2 2.23726E-2 7.2623E-3 2.14909E-3 3.26029E-4 1.06274E-5 1.31738E-6 1.2472E-6 1.80338E-6 4.26337E-6 1.9961E-5 6.30648E-5 7.80013E-5 3.14557E-5 1.64094E-5 1.44459E-5 9.61292E-6 6.45041E-6 4.56051E-6 2.29926E-6 8.96215E-7 3.83208E-6 3.8118E-5 2.87492E-4 4.62634E-4 6.5097E-4 1.13045E-3 2.32276E-3 4.34937E-3 6.4068E-3 1.19197E-2 1.68191E-2 1.27083E-2 -9999 -9999 -9999 -9999 -9999 -9999 -9999 -9999 -9999 -9999 -9999 -9999 -9999 -9999 -9999 -9999 -9999 -9999 -9999 -9999 -9999 -9999 -9999
3.1331E-2 2.46078E-2 3.74596E-2 1.51976E-1 2.17571E-1 2.6587E-1 2.71179E-1 2.17391E-1 1.21851E-1 5.04277E-2 5.11177E-2 2.95124E-2 1.11304E-2 4.20567E-3 6.81169E-4 8.56183E-5 2.01345E-5 9.57478E-6 1.21E-5 2.6427E-5 4.28926E-5 4.89604E-5 2.52864E-5 1.46521E-5 8.30315E-6 6.01446E-6 4.61435E-6 3.82544E-6 9.76426E-7 9.79276E-7 7.35788E-6 5.59252E-5 1.11616E-3 1.03771E-3 1.01607E-3 1.6257E-3 3.77166E-3 8.8598E-3 1.93308E-2 3.33252E-2 2.78206E-2 -9999 -9999 -9999 -9999 -9999 -9999 -9999 -9999 -9999 -9999 -9999 -9999 -9999 -9999 -9999 -9999 -9999 -9999 -9999 -9999 -9999 -9999 -9999 -9999
1.03537E-2 1.70945E-2 4.14231E-2 1.26389E-1 2.06255E-1 3.00195E-1 3.11852E-1 2.51306E-1 1.58442E-1 1.05521E-1 9.51301E-2 8.49213E-2 5.47241E-2 4.58234E-2 3.4174E-2 1.16652E-2 8.96188E-4 7.98676E-5 2.43618E-5 3.44426E-5 4.23922E-5 3.60014E-5 1.97676E-5 6.95344E-6 2.59714E-6 3.15002E-6 6.86533E-6 7.09215E-6 7.23698E-6 1.43465E-5 4.08534E-5 7.17676E-4 6.32731E-3 6.43633E-3 3.17487E-3 3.05802E-3 7.69666E-3 1.50101E-2 3.00245E-2 4.08343E-2 -9999 -9999 -9999 -9999 -9999 -9999 -9999 -9999 -9999 -9999 -9999 -9999 -9999 -9999 -9999 -9999 -9999 -9999 -9999 -9999 -9999 -9999 -9999 -9999 -9999
5.57342E-3 1.68108E-2 5.77068E-2 1.3389E-1 2.35792E-1 3.76895E-1 3.86705E-1 3.10101E-1 2.2007E-1 1.71071E-1 1.291E-1 1.03147E-1 1.00137E-1 1.75182E-1 2.52376E-1 2.46018E-1 1.37838E-2 3.36685E-4 4.18769E-5 3.04595E-5 3.30082E-5 2.98256E-5 1.61888E-5 3.72625E-6 7.18784E-7 1.65107E-6 1.13757E-5 2.97282E-5 6.58589E-5 1.178E-4 2.36423E-4 2.05527E-3 1.49772E-2 2.07354E-2 1.55113E-2 2.13515E-2 3.08668E-2 3.23229E-2 3.68884E-2 -9999 -9999 -9999 -9999 -9999 -9999 -9999 -9999 -9999 -9999 -9999 -9999 -9999 -9999 -9999 -9999 -9999 -9999 -9999 -9999 -9999 -9999 -9999 -9999 -9999 -9999
4.1436E-3 2.00454E-2 6.86289E-2 1.35301E-1 2.4927E-1 4.10298E-1 4.28731E-1 3.66357E-1 2.92361E-1 2.38459E-1 1.4053E-1 8.23864E-2 1.03651E-1 2.50759E-1 3.91908E-1 3.4049E-1 1.14769E-2 5.12671E-4 8.42417E-5 4.7397E-5 4.24801E-5 2.77345E-5 1.49611E-5 4.15857E-6 1.17663E-6 4.01791E-6 3.93602E-5 1.48538E-4 2.6481E-4 4.37867E-4 6.64387E-4 3.913E-3 2.27891E-2 3.57089E-2 4.07419E-2 6.64898E-2 1.01847E-1 6.39499E-2 -9999 -9999 -9999 -9999 -9999 -9999 -9999 -9999 -9999 -9999 -9999 -9999 -9999 -9999 -9999 -9999 -9999 -9999 -9999 -9999 -9999 -9999 -9999 -9999 -9999 -9999 -9999
1.73924E-2 4.26264E-2 4.96497E-2 9.90323E-2 2.39184E-1 3.91403E-1 4.13818E-1 3.63494E-1 2.87779E-1 2.43028E-1 1.53835E-1 6.43663E-2 5.32157E-2 1.48982E-1 1.83733E-1 1.41604E-1 2.06844E-2 1.45035E-3 2.93729E-4 1.404E-4 6.89023E-5 3.79079E-5 2.29697E-5 1.24182E-5 2.28576E-5 4.53833E-5 2.03421E-4 5.29914E-4 6.16016E-4 1.07162E-3 2.02801E-3 7.14436E-3 2.97285E-2 4.29307E-2 5.35673E-2 7.51924E-2 1.03674E-1 -9999 -9999 -9999 -9999 -9999 -9999 -9999 -9999 -9999 -9999 -9999 -9999 -9999 -9999 -9999 -9999 -9999 -9999 -9999 -9999 -9999 -9999 -9999 -9999 -9999 -9999 -9999 -9999
1.24548E-1 1.18296E-1 8.86027E-2 1.34186E-1 2.26357E-1 2.19683E-1 2.91355E-1 3.41922E-1 2.64792E-1 2.05262E-1 1.39633E-1 5.22834E-2 2.56071E-2 5.0038E-2 7.00919E-2 6.79301E-2 2.45236E-2 5.15333E-3 1.03757E-3 4.23542E-4 1.86132E-4 8.17922E-5 5.7696E-5 7.38836E-5 1.73395E-4 3.61387E-4 8.76342E-4 1.57912E-3 1.32689E-3 1.28446E-3 2.14367E-3 1.01418E-2 4.48942E-2 9.86611E-2 7.2853E-2 -9999 -9999 -9999 -9999 -9999 -9999 -9999 -9999 -9999 -9999 -9999 -9999 -9999 -9999 -9999 -9999 -9999 -9999 -9999 -9999 -9999 -9999 -9999 -9999 -9999 -9999 -9999 -9999 -9999 -9999
1.90866E-1 2.10146E-1 2.33114E-1 2.82673E-1 3.37916E-1 3.40852E-1 3.92816E-1 4.52538E-1 4.05358E-1 2.52502E-1 1.67884E-1 7.55663E-2 3.916E-2 3.91533E-2 3.74273E-2 4.20466E-2 3.40545E-2 1.80298E-2 5.9204E-3 1.95972E-3 5.54802E-4 2.18834E-4 2.08873E-4 3.63633E-4 4.93382E-4 6.23807E-4 1.20561E-3 1.01505E-3 1.46164E-3 4.63032E-3 1.56592E-2 3.56189E-2 7.51924E-2 1.10602E-1 -9999 -9999 -9999 -9999 -9999 -9999 -9999 -9999 -9999 -9999 -9999 -9999 -9999 -9999 -9999 -9999 -9999 -9999 -9999 -9999 -9999 -9999 -9999 -9999 -9999 -9999 -9999 -9999 -9999 -9999 -9999
1.98804E-1 2.35436E-1 3.02681E-1 3.9336E-1 4.56248E-1 4.80835E-1 5.25862E-1 5.58913E-1 5.39754E-1 4.28774E-1 2.78517E-1 1.54507E-1 8.39484E-2 5.4334E-2 3.7165E-2 4.16754E-2 5.47241E-2 4.97744E-2 3.98067E-2 6.72725E-3 1.36454E-3 5.72936E-4 5.26663E-4 6.54047E-4 7.35853E-4 8.44067E-4 8.01094E-4 1.62826E-3 7.66887E-3 2.69445E-2 8.66029E-2 9.41466E-2 9.37771E-2 -9999 -9999 -9999 -9999 -9999 -9999 -9999 -9999 -9999 -9999 -9999 -9999 -9999 -9999 -9999 -9999 -9999 -9999 -9999 -9999 -9999 -9999 -9999 -9999 -9999 -9999 -9999 -9999 -9999 -9999 -9999 -9999
2.10318E-1 3.0429E-1 3.51577E-1 4.68348E-1 5.35414E-1 5.38766E-1 5.29925E-1 5.94553E-1 6.16655E-1 5.46054E-1 3.85073E-1 2.51655E-1 1.72323E-1 9.71868E-2 5.50855E-2 4.90166E-2 5.88591E-2 4.61976E-2 2.33488E-2 6.63165E-3 1.61163E-3 1.04884E-3 1.01523E-3 1.47032E-3 2.07024E-3 2.67103E-3 3.53939E-3 9.00147E-3 2.76518E-2 6.49258E-2 1.11417E-1 1.2301E-1 -9999 -9999 -9999 -9999 -9999 -9999 -9999 -9999 -9999 -9999 -9999 -9999 -9999 -9999 -9999 -9999 -9999 -9999 -9999 -9999 -9999 -9999 -9999 -9999 -9999 -9999 -9999 -9999 -9999 -9999 -9999 -9999 -9999
2.16512E-1 5.18472E-1 5.27787E-1 5.53876E-1 6.00961E-1 5.91727E-1 5.08252E-1 5.97555E-1 6.25857E-1 5.61769E-1 4.11515E-1 3.1371E-1 2.84771E-1 1.70033E-1 7.00381E-2 5.39536E-2 4.30728E-2 3.52329E-2 1.41397E-2 4.95581E-3 1.09285E-3 8.23698E-4 1.54782E-3 5.6743E-3 7.10139E-3 9.05483E-3 1.48039E-2 3.27379E-2 4.79344E-2 6.43663E-2 -9999 -9999 -9999 -9999 -9999 -9999 -9999 -9999 -9999 -9999 -9999 -9999 -9999 -9999 -9999 -9999 -9999 -9999 -9999 -9999 -9999 -9999 -9999 -9999 -9999 -9999 -9999 -9999 -9999 -9999 -9999 -9999 -9999 -9999 -9999
2.91389E-1 5.12774E-1 5.6206E-1 5.86232E-1 6.17789E-1 6.2104E-1 5.88329E-1 5.84844E-1 5.59362E-1 4.99211E-1 3.85011E-1 3.50782E-1 3.27461E-1 2.00236E-1 8.19935E-2 6.63365E-2 5.25204E-2 5.99821E-2 4.86E-2 1.31233E-2 3.97356E-3 1.8676E-3 2.17649E-3 1.29893E-2 1.49855E-2 1.94188E-2 4.63819E-2 5.31929E-2 -9999 -9999 -9999 -9999 -9999 -9999 -9999 -9999 -9999 -9999 -9999 -9999 -9999 -9999 -9999 -9999 -9999 -9999 -9999 -9999 -9999 -9999 -9999 -9999 -9999 -9999 -9999 -9999 -9999 -9999 -9999 -9999 -9999 -9999 -9999 -9999 -9999
3.48332E-1 4.48328E-1 5.41902E-1 5.93535E-1 6.20824E-1 6.27907E-1 6.20345E-1 6.00728E-1 5.55587E-1 5.15206E-1 4.74925E-1 4.33773E-1 3.84639E-1 2.52604E-1 1.32017E-1 1.17159E-1 8.3901E-2 9.23873E-2 1.12277E-1 5.39157E-2 2.33422E-2 1.45904E-2 1.41161E-2 2.1138E-2 2.19299E-2 1.45904E-2 2.05921E-2 5.91958E-2 -9999 -9999 -9999 -9999 -9999 -9999 -9999 -9999 -9999 -9999 -9999 -9999 -9999 -9999 -9999 -9999 -9999 -9999 -9999 -9999 -9999 -9999 -9999 -9999 -9999 -9999 -9999 -9999 -9999 -9999 -9999 -9999 -9999 -9999 -9999 -9999 -9999
3.69608E-1 4.15703E-1 5.33187E-1 5.99784E-1 6.24223E-1 6.32111E-1 6.41659E-1 6.27409E-1 5.97773E-1 5.66378E-1 5.38236E-1 5.01474E-1 4.69063E-1 4.20686E-1 2.94293E-1 1.56352E-1 9.01581E-2 7.84866E-2 9.51301E-2 1.08451E-1 8.2431E-2 4.90975E-2 3.62254E-2 1.25614E-2 1.0604E-2 8.92351E-3 3.66308E-2 4.86E-2 -9999 -9999 -9999 -9999 -9999 -9999 -9999 -9999 -9999 -9999 -9999 -9999 -9999 -9999 -9999 -9999 -9999 -9999 -9999 -9999 -9999 -9999 -9999 -9999 -9999 -9999 -9999 -9999 -9999 -9999 -9999 -9999 -9999 -9999 -9999 -9999 -9999
4.5788E-1 4.82945E-1 5.61508E-1 6.09381E-1 6.19587E-1 6.28718E-1 6.39995E-1 6.35395E-1 6.18808E-1 5.96219E-1 5.71006E-1 5.38342E-1 5.04029E-1 4.83776E-1 4.24243E-1 2.12619E-1 7.6814E-2 4.86814E-2 7.64572E-2 1.61239E-1 1.73354E-1 6.20364E-2 3.75071E-2 7.22492E-3 3.35158E-3 4.6133E-3 1.51604E-2 -9999 -9999 -9999 -9999 -9999 -9999 -9999 -9999 -9999 -9999 -9999 -9999 -9999 -9999 -9999 -9999 -9999 -9999 -9999 -9999 -9999 -9999 -9999 -9999 -9999 -9999 -9999 -9999 -9999 -9999 -9999 -9999 -9999 -9999 -9999 -9999 -9999 -9999
5.38533E-1 5.63467E-1 5.86298E-1 6.06572E-1 6.1825E-1 6.14824E-1 6.21619E-1 6.32986E-1 6.25395E-1 6.12088E-1 5.86353E-1 5.43636E-1 4.91511E-1 4.03206E-1 2.98378E-1 2.34161E-1 1.04862E-1 3.03835E-2 4.33197E-2 8.96796E-2 1.29292E-1 7.46274E-2 3.05408E-2 5.24873E-3 3.54821E-3 4.20329E-3 -9999 -9999 -9999 -9999 -9999 -9999 -9999 -9999 -9999 -9999 -9999 -9999 -9999 -9999 -9999 -9999 -9999 -9999 -9999 -9999 -9999 -9999 -9999 -9999 -9999 -9999 -9999 -9999 -9999 -9999 -9999 -9999 -9999 -9999 -9999 -9999 -9999 -9999 -9999
5.80038E-1 5.77283E-1 5.67598E-1 5.70009E-1 5.83553E-1 5.67125E-1 6.04846E-1 6.27101E-1 6.27275E-1 6.15819E-1 5.78836E-1 5.22416E-1 4.60159E-1 3.79E-1 2.98311E-1 2.5632E-1 1.53327E-1 3.70507E-2 4.36435E-2 5.14736E-2 5.31929E-2 5.84176E-2 -9999 3.02934E-3 -9999 -9999 -9999 -9999 -9999 -9999 -9999 -9999 -9999 -9999 -9999 -9999 -9999 -9999 -9999 -9999 -9999 -9999 -9999 -9999 -9999 -9999 -9999 -9999 -9999 -9999 -9999 -9999 -9999 -9999 -9999 -9999 -9999 -9999 -9999 -9999 -9999 -9999 -9999 -9999 -9999
