KUENM/Final_Models/M_0.1_F_lq_Set_2_NE/sp1_7_se_asia.asc
ncols         320
nrows         243
xllcorner     44.0
yllcorner     -0.666666666666667
cellsize      0.166666666666667
NODATA_value  -9999
[rows 31 to 61 of 243, columns 140 to 209 of 320]
2.7659E-9 8.12068E-10 1.41993E-9 3.77296E-10 3.64609E-9 1.95511E-8 3.0986E-9 2.9267E-9 1.83738E-8 1.67606E-6 4.24183E-4 1.03434E-3 6.76137E-4 5.5267E-3 2.28625E-2 3.5546E-2 6.68158E-2 7.83729E-2 7.55517E-2 9.71282E-2 9.43914E-2 8.64587E-2 3.1518E-2 1.4391E-1 1.77595E-1 9.02926E-2 1.27494E-1 1.65632E-1 1.49797E-1 2.1652E-2 2.56615E-2 6.7857E-3 7.51996E-3 2.3236E-4 5.99931E-4 3.95243E-4 2.4909E-4 7.94179E-6 3.55971E-6 6.76156E-5 2.41685E-5 2.7707E-4 6.10639E-5 3.82425E-7 1.73386E-7 1.41256E-7 3.66792E-8 1.11487E-9 1.0774E-11 2.68421E-11 3.38728E-11 4.06218E-10 1.3833E-8 1.06221E-9 3.72715E-9 1.7018E-9 1.62343E-13 2.28325E-14 2.8114E-14 2.03503E-13 3.90782E-10 2.16797E-8 1.54697E-13 1.32972E-16 3.7076E-16 3.62723E-14 -9999 -9999 -9999 -9999
1.66638E-8 3.52766E-8 1.39188E-7 1.65382E-7 4.57065E-8 5.07881E-8 3.3837E-8 5.37476E-7 1.20826E-5 2.12724E-5 2.23678E-4 3.45377E-4 1.83003E-4 2.84308E-4 3.33876E-3 1.14871E-2 4.48879E-2 7.52988E-2 7.96686E-2 9.85562E-2 1.24796E-1 1.31251E-1 1.21791E-1 1.69192E-1 1.90437E-1 2.13826E-1 3.1048E-1 3.3314E-1 3.06487E-1 1.66136E-1 8.29338E-2 5.16537E-2 1.46613E-2 1.72486E-3 3.21865E-4 6.78092E-5 2.37844E-4 7.40348E-4 1.28321E-3 1.11188E-5 1.34052E-4 3.63691E-3 9.31978E-4 1.08555E-3 5.65449E-6 1.02755E-8 2.19994E-9 5.96619E-10 2.62101E-11 1.49776E-10 4.66925E-10 3.93869E-10 7.66456E-10 1.13036E-9 8.13794E-10 2.59056E-9 4.785E-9 7.25822E-12 1.01832E-13 9.65736E-15 3.62723E-14 8.48136E-14 5.13766E-10 7.33278E-14 1.07883E-15 6.73695E-13 1.04167E-15 4.34901E-16 1.81225E-15 -9999
7.76763E-8 1.07344E-8 9.56238E-9 9.66376E-8 2.02563E-7 9.14231E-7 6.69843E-7 1.11709E-6 4.64078E-6 2.39461E-5 2.37451E-4 1.21615E-4 3.19755E-6 4.13846E-6 4.88687E-4 3.20071E-3 3.0583E-2 6.7756E-2 9.32074E-2 1.05978E-1 1.27706E-1 1.55468E-1 1.77325E-1 1.93023E-1 2.39347E-1 3.18396E-1 3.56995E-1 3.72208E-1 3.76469E-1 3.69555E-1 2.96485E-1 1.43907E-1 2.26776E-2 2.10008E-2 1.13782E-3 4.61187E-4 3.9848E-4 6.65916E-3 5.44806E-4 1.44794E-5 1.46877E-6 4.6363E-4 4.65715E-3 6.23036E-3 7.95959E-4 2.19139E-5 1.36351E-7 1.72725E-8 9.25778E-10 4.06415E-11 2.0355E-12 3.14012E-10 2.63311E-11 1.0506E-11 8.84606E-12 3.77822E-11 2.30383E-10 1.7593E-9 2.28935E-9 1.00249E-8 6.36647E-11 3.96897E-12 1.03572E-12 7.1747E-12 4.64541E-12 7.40309E-13 1.66621E-14 5.38849E-15 8.60563E-14 1.30457E-14
1.98758E-8 1.50118E-8 1.47318E-8 9.92447E-8 3.04925E-7 2.90909E-7 2.07254E-6 1.01566E-5 3.57297E-5 9.62241E-5 2.39465E-4 6.83179E-5 2.40654E-7 2.7728E-6 2.23482E-6 6.46747E-8 3.551E-6 6.64135E-4 7.36391E-3 3.69898E-2 8.6017E-2 8.20532E-2 9.90045E-2 1.29955E-1 2.72686E-1 3.0681E-1 3.59609E-1 3.839E-1 3.87552E-1 3.76162E-1 3.86946E-1 3.76665E-1 2.06563E-1 1.84148E-1 6.79479E-3 1.71759E-3 2.46914E-4 2.19846E-2 4.11044E-3 5.30917E-4 4.90391E-4 1.29085E-5 1.54856E-4 3.70115E-3 5.50476E-3 8.84869E-4 1.18446E-6 6.80086E-8 3.85428E-9 6.37798E-10 4.22698E-12 1.7171E-10 2.05568E-13 9.86535E-13 4.44687E-13 2.3537E-13 8.99068E-14 2.75295E-11 5.49775E-12 1.40497E-9 9.51779E-10 1.41806E-7 2.13829E-10 4.32072E-14 8.77777E-12 2.73953E-12 2.93653E-13 7.93202E-15 -9999 -9999
1.21272E-8 7.11923E-9 4.94549E-9 4.80045E-8 5.47428E-8 1.18105E-7 1.07678E-6 5.14491E-6 2.26962E-5 1.5018E-4 1.48735E-4 1.59124E-5 7.51647E-7 1.44781E-5 1.38578E-4 1.08381E-3 2.35398E-3 8.16442E-5 7.54796E-6 5.1899E-5 1.81315E-3 2.24143E-2 8.33703E-2 1.5789E-1 2.90853E-1 3.19524E-1 3.32805E-1 2.82873E-1 2.96795E-1 3.74722E-1 4.00205E-1 3.75053E-1 2.60754E-1 1.76914E-1 1.63147E-2 1.02213E-2 5.16386E-3 5.24382E-2 2.88181E-2 1.45716E-3 6.73893E-4 1.58154E-5 3.44857E-8 3.42297E-5 1.39267E-3 6.01463E-3 1.3548E-3 3.20292E-5 1.17182E-8 1.94774E-8 1.85656E-10 7.38366E-12 3.00879E-12 6.23248E-13 5.4705E-13 9.75151E-13 5.59258E-12 4.25034E-11 6.1349E-10 1.97526E-9 1.24126E-11 8.80646E-12 3.44834E-8 7.11688E-13 6.50265E-14 1.02314E-12 1.00011E-12 1.4009E-11 2.34411E-15 -9999
2.28064E-8 2.04723E-9 1.88735E-8 4.3678E-8 5.55988E-8 2.26083E-6 9.657E-6 7.49503E-6 4.08037E-6 2.58996E-5 8.75262E-6 6.48757E-6 2.5312E-5 3.81999E-5 1.02826E-3 3.16331E-3 1.7379E-2 3.89015E-2 1.7783E-2 2.72374E-3 5.44136E-3 9.30513E-3 5.64904E-2 1.20647E-1 1.9191E-1 2.82898E-1 1.91606E-1 2.5802E-1 3.53048E-1 3.60098E-1 3.79781E-1 3.69303E-1 3.123E-1 1.42014E-1 5.74331E-2 5.51522E-2 4.9906E-2 8.09775E-2 2.87291E-2 6.72555E-2 6.00023E-2 4.38159E-3 3.48695E-7 6.94444E-8 5.00926E-5 1.67366E-3 7.49992E-3 2.1348E-3 1.33739E-6 1.69682E-7 4.14009E-8 2.55215E-9 2.23803E-12 1.39849E-13 5.37626E-12 3.07071E-12 1.36318E-11 4.06904E-10 3.35172E-13 2.05225E-11 1.70685E-12 8.29624E-14 2.45682E-10 2.48309E-10 7.68651E-14 3.54435E-15 9.53992E-14 8.0975E-13 1.53695E-11 -9999
1.51892E-8 1.24748E-9 4.90536E-8 7.50129E-8 3.72657E-7 3.6662E-6 3.80862E-5 2.20969E-5 1.23607E-5 1.54938E-5 5.21013E-5 7.12122E-5 1.51731E-5 9.34758E-6 1.26984E-3 2.19919E-2 4.38174E-2 8.51838E-2 6.42666E-2 2.81062E-2 5.77608E-2 7.95217E-2 1.93505E-1 2.80888E-1 3.63736E-1 3.26931E-1 3.17745E-1 3.88555E-1 3.80879E-1 3.49157E-1 3.48143E-1 3.52845E-1 3.21953E-1 2.20618E-1 1.44547E-1 1.26763E-1 9.55037E-2 1.02599E-1 1.18049E-1 1.40724E-1 1.04019E-1 2.19864E-2 9.29872E-5 1.68008E-8 2.9926E-7 3.19797E-5 2.08065E-4 2.64243E-4 4.07219E-6 1.97231E-7 3.80651E-6 2.75279E-8 1.4039E-10 9.02266E-12 1.19661E-12 1.41123E-12 6.3158E-11 6.10929E-10 2.36254E-11 6.00059E-13 8.76103E-12 1.18888E-13 2.42967E-12 2.79674E-13 2.46826E-11 1.52626E-14 1.48866E-15 5.61168E-13 2.66185E-11 -9999
5.76862E-8 1.05403E-8 3.37328E-8 2.10783E-8 1.12338E-6 2.2539E-5 9.11537E-5 1.13077E-4 6.40636E-5 1.61423E-4 1.62776E-4 1.05156E-5 1.59146E-4 2.79641E-4 8.68109E-3 4.33311E-2 8.4268E-2 9.06088E-2 1.3039E-1 1.60241E-1 1.81534E-1 1.90915E-1 2.50968E-1 3.56995E-1 4.25095E-1 4.19986E-1 4.04046E-1 4.1103E-1 3.94053E-1 3.70937E-1 3.7611E-1 3.61357E-1 3.53692E-1 3.44858E-1 2.69148E-1 2.33658E-1 2.05066E-1 1.52525E-1 1.03999E-1 1.23663E-1 1.23972E-1 7.92225E-2 1.88474E-2 3.02154E-5 1.35317E-4 5.71828E-6 2.10155E-6 3.43377E-5 6.9951E-7 3.97659E-5 3.33349E-4 1.68829E-5 7.07432E-9 1.04056E-8 1.58549E-9 5.81596E-13 6.28775E-13 3.84126E-10 6.11505E-13 8.2985E-12 1.65026E-12 1.79224E-12 7.82036E-13 1.60572E-12 1.51058E-12 3.12878E-12 5.31349E-14 1.60946E-14 2.45928E-13 -9999
2.24516E-7 1.90729E-7 2.69978E-7 3.89414E-6 2.87813E-5 7.7031E-5 1.17798E-4 9.1945E-5 1.50219E-4 1.62604E-4 2.97572E-5 6.51883E-6 1.84814E-4 2.40231E-3 2.14376E-2 4.15626E-2 5.06045E-2 1.18708E-1 1.76602E-1 2.19203E-1 2.11821E-1 2.77973E-1 3.24534E-1 3.50061E-1 3.68593E-1 3.84182E-1 4.10248E-1 3.89259E-1 3.91343E-1 3.99235E-1 3.91597E-1 4.04662E-1 4.2782E-1 3.96871E-1 3.56813E-1 3.46827E-1 3.31331E-1 2.16235E-1 1.25115E-1 1.06914E-1 1.71649E-1 1.71135E-1 1.27145E-1 3.68135E-2 1.33857E-2 1.25226E-3 1.4363E-3 8.17924E-4 2.54835E-5 1.24171E-5 2.23359E-4 5.38676E-6 9.59462E-7 5.88727E-7 3.09002E-10 3.32599E-11 3.61055E-13 3.15958E-12 2.14055E-11 1.84255E-11 3.57215E-11 1.28949E-11 7.57692E-12 1.32843E-12 7.92999E-13 1.84636E-13 4.61244E-12 1.23261E-11 4.10244E-13 9.08E-11
1.61443E-6 1.10749E-6 3.94836E-6 2.22818E-5 6.29236E-5 8.78441E-5 4.3677E-5 3.54791E-5 1.23135E-4 8.55777E-5 1.96302E-5 4.2996E-5 1.42221E-4 6.85922E-4 3.95938E-3 3.29792E-2 9.5561E-2 1.7454E-1 2.3173E-1 2.72045E-1 2.99267E-1 3.35438E-1 3.38978E-1 2.54031E-1 2.55325E-1 3.56366E-1 4.20928E-1 4.17334E-1 4.14534E-1 3.97741E-1 4.01706E-1 4.06332E-1 4.11377E-1 3.94769E-1 3.93052E-1 3.94579E-1 3.88477E-1 3.21962E-1 2.22981E-1 1.55656E-1 1.68936E-1 1.5716E-1 9.76321E-2 6.22935E-2 1.12086E-2 6.41019E-3 1.94347E-3 3.19694E-4 2.87995E-4 3.1355E-4 1.2582E-4 4.62066E-5 1.03097E-6 1.00453E-7 1.12024E-6 8.58698E-10 1.70829E-11 3.22615E-13 7.72672E-13 6.49329E-12 3.00879E-12 1.32512E-11 2.98157E-12 4.33073E-13 2.61387E-14 5.06926E-13 1.01741E-14 4.66169E-12 6.00479E-10 8.85156E-12
2.0283E-6 4.51803E-6 1.59523E-5 4.52399E-5 7.30211E-5 5.28688E-5 5.98734E-5 1.48878E-4 6.89164E-5 3.04786E-5 8.29142E-5 2.8255E-4 1.79205E-3 6.57497E-3 2.16644E-2 3.77512E-2 1.25572E-1 2.08226E-1 2.59273E-1 2.9262E-1 3.19277E-1 3.43233E-1 3.18491E-1 3.81895E-1 4.11169E-1 4.10584E-1 4.05409E-1 3.96486E-1 3.87931E-1 3.67161E-1 3.67024E-1 3.66775E-1 3.6124E-1 3.87382E-1 4.16501E-1 4.51697E-1 4.55051E-1 4.24234E-1 3.59809E-1 2.84971E-1 2.24258E-1 1.65102E-1 8.14636E-2 2.08476E-2 3.18626E-3 8.82183E-4 8.03898E-5 9.3766E-5 3.5525E-5 2.11002E-6 4.05647E-6 3.5809E-6 5.23577E-6 4.32561E-6 8.68377E-7 7.01002E-9 8.37259E-11 6.3569E-11 7.66956E-13 6.9096E-13 3.5804E-12 3.97553E-11 3.0341E-12 5.63951E-13 7.14712E-13 4.31311E-12 1.75964E-13 6.02946E-13 3.28389E-12 2.82071E-10
1.82782E-5 4.24401E-5 7.47704E-5 7.5457E-5 1.04155E-4 1.23958E-4 1.80173E-4 1.41066E-4 2.68234E-5 9.81677E-5 1.23597E-4 8.07383E-4 3.72207E-4 7.64927E-4 4.30717E-4 7.63116E-3 5.59803E-2 1.52991E-1 2.54209E-1 2.90614E-1 3.15926E-1 3.32673E-1 3.34416E-1 3.75158E-1 3.95353E-1 3.96779E-1 3.53004E-1 3.79875E-1 3.56783E-1 3.24217E-1 3.05374E-1 2.91397E-1 2.92526E-1 3.21684E-1 3.67475E-1 4.62504E-1 4.9782E-1 4.97636E-1 4.61521E-1 4.23364E-1 3.70015E-1 2.84143E-1 1.65983E-1 6.7021E-2 1.87553E-2 3.22661E-3 1.18857E-4 3.60732E-6 2.71245E-5 2.93427E-6 6.58237E-7 6.98514E-8 2.87791E-8 9.00375E-7 3.03359E-7 3.27125E-8 2.50322E-8 3.72188E-11 3.86804E-11 1.72114E-10 1.8787E-12 7.66956E-13 2.9999E-12 1.94463E-12 1.52563E-12 4.73656E-12 2.24662E-11 5.53845E-11 9.45523E-14 2.82584E-10
1.0268E-4 8.93912E-5 7.18351E-5 1.35615E-4 1.75874E-4 1.90419E-4 1.86325E-4 1.17605E-4 2.17546E-4 7.54667E-4 3.01023E-4 6.53514E-4 1.26968E-4 1.60676E-4 1.36374E-3 1.34663E-2 5.29174E-2 8.46649E-2 2.34855E-1 2.84925E-1 2.99059E-1 3.16575E-1 3.3048E-1 3.51034E-1 3.77484E-1 3.84051E-1 3.75362E-1 2.8993E-1 2.49322E-1 2.39393E-1 3.13042E-1 3.61833E-1 4.07296E-1 4.20928E-1 4.56386E-1 4.90042E-1 5.10965E-1 5.19613E-1 5.2394E-1 5.13218E-1 4.93219E-1 4.36067E-1 3.40514E-1 3.04787E-1 1.72501E-1 5.90963E-2 8.38445E-3 1.85098E-4 3.91957E-6 3.73324E-7 4.1384E-8 3.26845E-10 4.00168E-12 5.42884E-9 6.99687E-7 2.20913E-8 4.58198E-9 6.12606E-8 1.65481E-8 7.09571E-10 1.80616E-12 3.77856E-12 9.65247E-13 3.90059E-13 5.83331E-13 4.52926E-13 6.47465E-13 4.78784E-11 6.80877E-13 5.71861E-12
1.69869E-4 4.75633E-5 1.19895E-4 2.01487E-4 2.08665E-4 1.5221E-4 1.56997E-4 1.911E-4 3.61217E-4 1.83398E-3 1.38937E-3 5.65048E-4 9.09859E-4 4.29868E-3 8.7531E-3 4.61766E-2 1.36409E-1 1.96502E-1 2.48274E-1 2.6991E-1 2.80117E-1 2.72585E-1 2.73685E-1 3.1296E-1 3.4258E-1 3.57588E-1 3.66094E-1 3.60203E-1 3.23926E-1 3.86208E-1 4.31052E-1 4.29819E-1 4.22083E-1 4.10007E-1 4.29602E-1 4.56901E-1 4.87047E-1 5.07851E-1 5.19397E-1 5.25342E-1 5.19805E-1 5.12656E-1 4.7149E-1 4.79564E-1 4.17079E-1 2.62661E-1 1.20363E-1 3.463E-2 2.89973E-3 4.91567E-5 2.0574E-6 1.18825E-10 3.4135E-14 3.3083E-9 8.54519E-9 7.90683E-7 7.13762E-8 2.86336E-8 1.38078E-7 2.87626E-8 9.73593E-12 1.2644E-10 2.25273E-11 3.2114E-10 2.84108E-12 1.91429E-13 6.38897E-13 -9999 -9999 1.44285E-13
1.24324E-4 2.14699E-4 1.89361E-4 1.42182E-4 9.86896E-5 1.06168E-4 1.14899E-4 8.65042E-5 2.13457E-4 1.19628E-3 6.65141E-3 4.92106E-3 1.11804E-2 3.27878E-2 3.90745E-2 8.23588E-2 1.59748E-1 2.22104E-1 2.4185E-1 2.58141E-1 2.58881E-1 2.63886E-1 2.65533E-1 2.97214E-1 3.06087E-1 3.18846E-1 3.32877E-1 3.55373E-1 3.79666E-1 4.02837E-1 4.20674E-1 4.19011E-1 4.07846E-1 4.02367E-1 4.0676E-1 4.3039E-1 4.50689E-1 4.80231E-1 4.98394E-1 5.07389E-1 5.19397E-1 5.19311E-1 5.11333E-1 5.06695E-1 4.86714E-1 4.21397E-1 3.2514E-1 1.77268E-1 5.25173E-2 4.08947E-3 3.96943E-5 4.78807E-8 1.82479E-15 6.4458E-18 1.26632E-8 6.62374E-7 4.87329E-7 2.33882E-8 9.8634E-8 9.75304E-7 8.88559E-10 8.29407E-11 6.97983E-13 1.18824E-10 4.1478E-9 5.47531E-11 2.19989E-12 -9999 -9999 -9999
2.50914E-4 1.75124E-4 1.05319E-4 8.28288E-5 9.26756E-5 1.77962E-4 1.76905E-4 3.50259E-4 6.95009E-4 4.46808E-4 9.62809E-3 2.26809E-2 3.61144E-2 6.2908E-2 1.05555E-1 1.18696E-1 1.93613E-1 2.2225E-1 2.35572E-1 2.42754E-1 2.54329E-1 2.56701E-1 2.60149E-1 2.63913E-1 2.72592E-1 2.82733E-1 2.95768E-1 3.14508E-1 3.4148E-1 3.68994E-1 3.966E-1 4.0344E-1 4.03472E-1 3.86455E-1 3.81761E-1 3.98867E-1 4.13474E-1 4.40144E-1 4.68064E-1 4.90938E-1 5.15564E-1 5.18157E-1 5.1276E-1 5.11575E-1 4.98451E-1 4.78477E-1 4.21199E-1 3.0496E-1 1.59001E-1 4.70992E-2 1.63352E-3 4.1962E-6 2.10466E-9 1.79924E-16 3.20835E-20 1.01314E-14 5.83973E-9 5.34344E-7 1.40282E-7 1.05341E-6 2.05564E-7 9.19571E-11 1.35012E-12 1.1845E-10 6.03285E-9 1.14865E-8 2.11902E-9 6.28485E-8 -9999 -9999
1.911E-4 3.68894E-4 2.1576E-4 1.8083E-4 2.27207E-4 3.16111E-4 5.58351E-4 7.45636E-4 1.57868E-3 1.35938E-3 4.591E-3 2.99221E-2 5.57084E-2 5.97617E-2 8.05614E-2 4.85706E-2 1.72443E-1 2.0988E-1 2.25726E-1 2.34339E-1 2.38439E-1 2.35572E-1 2.35572E-1 2.37005E-1 2.36667E-1 2.49978E-1 2.63065E-1 2.7404E-1 3.0155E-1 3.35858E-1 3.60281E-1 3.68827E-1 3.69762E-1 3.58659E-1 3.62544E-1 3.65067E-1 3.87593E-1 4.11169E-1 4.45121E-1 4.84014E-1 5.15131E-1 5.2345E-1 5.19754E-1 5.11575E-1 4.92778E-1 4.81093E-1 4.50165E-1 3.87988E-1 2.80388E-1 1.55956E-1 1.47492E-2 7.29493E-5 1.8046E-8 2.34949E-9 2.56896E-14 5.89275E-13 2.46145E-10 7.62016E-9 5.14086E-8 1.62515E-7 4.49523E-7 3.18684E-9 1.25742E-10 2.84077E-11 9.12984E-10 1.39155E-10 6.33542E-11 2.07538E-7 -9999 -9999
1.00402E-3 3.90086E-4 4.88281E-4 4.69133E-4 6.26979E-4 6.82997E-4 9.99394E-4 1.4697E-3 2.65646E-3 2.61813E-3 6.60224E-3 8.30128E-3 4.59762E-2 5.59783E-2 3.57908E-2 2.02547E-2 1.53588E-1 2.02853E-1 2.11577E-1 2.20033E-1 2.20033E-1 2.15754E-1 1.97837E-1 2.00558E-1 2.07419E-1 2.1996E-1 2.28441E-1 2.42754E-1 2.6825E-1 2.97214E-1 3.24479E-1 3.421E-1 3.42776E-1 3.37422E-1 3.31343E-1 3.5073E-1 3.66325E-1 3.91235E-1 4.26626E-1 4.69757E-1 5.08767E-1 5.29866E-1 5.19786E-1 5.03772E-1 4.81373E-1 4.63076E-1 4.58732E-1 4.28983E-1 3.67058E-1 2.92178E-1 1.05886E-1 9.92547E-4 5.15006E-8 8.1217E-8 7.71327E-7 1.99525E-8 9.94471E-9 9.95177E-7 2.88054E-7 1.10906E-6 1.90106E-7 8.51492E-8 9.00744E-10 1.08192E-9 3.35006E-10 1.75541E-9 2.14445E-7 7.3188E-7 -9999 -9999
9.03983E-4 7.06441E-4 7.86499E-4 9.49657E-4 9.91324E-4 1.16014E-3 1.51755E-3 2.06937E-3 3.9274E-3 4.54095E-3 5.4359E-3 1.19653E-2 3.03388E-2 4.51984E-2 9.17362E-3 7.17889E-3 1.13024E-1 1.81481E-1 2.07256E-1 2.0843E-1 2.01678E-1 1.96156E-1 1.81601E-1 1.81601E-1 1.88255E-1 1.97735E-1 2.11577E-1 2.22874E-1 2.39876E-1 2.71832E-1 2.97214E-1 3.20257E-1 3.37048E-1 3.31168E-1 3.27964E-1 3.34731E-1 3.44108E-1 3.70152E-1 4.08888E-1 4.59484E-1 5.05112E-1 5.35477E-1 5.2664E-1 5.04739E-1 4.85403E-1 4.6919E-1 4.75017E-1 4.63012E-1 4.34893E-1 3.82868E-1 2.58583E-1 8.68992E-2 8.18524E-3 1.90956E-3 2.25758E-4 4.29566E-4 3.80097E-5 7.93548E-6 6.9649E-7 6.02887E-8 1.80343E-7 3.9151E-7 2.79968E-6 9.33013E-6 2.86738E-6 2.18947E-6 3.46662E-6 8.9713E-10 2.43232E-11 -9999
9.538E-4 6.42637E-4 5.36264E-4 7.00953E-4 9.96135E-4 1.0571E-3 1.92799E-3 2.51089E-3 3.21084E-3 2.63812E-3 4.26157E-3 1.79338E-2 4.53205E-2 2.5599E-2 1.1723E-2 1.72918E-2 7.32618E-2 1.77921E-1 1.9891E-1 1.94462E-1 1.9404E-1 1.89899E-1 1.78222E-1 1.75576E-1 1.78222E-1 1.81291E-1 1.90695E-1 2.01678E-1 2.22861E-1 2.43029E-1 2.76223E-1 3.15692E-1 3.37267E-1 3.50806E-1 3.4751E-1 3.38018E-1 3.31168E-1 3.52877E-1 3.89052E-1 4.33212E-1 4.80598E-1 5.09808E-1 5.12465E-1 5.09479E-1 4.97768E-1 4.98261E-1 4.9747E-1 4.92076E-1 4.70842E-1 4.42612E-1 4.03065E-1 3.03441E-1 1.24109E-1 5.83106E-2 1.55501E-2 5.70048E-3 1.16093E-3 1.93912E-5 2.39872E-6 6.62103E-6 2.19434E-5 5.66738E-5 4.23083E-6 1.03969E-7 6.65625E-8 4.21466E-7 1.26573E-9 1.02846E-9 3.87351E-11 -9999
7.86094E-4 7.1636E-4 6.62381E-4 7.51315E-4 1.05217E-3 1.36362E-3 1.09961E-3 1.57868E-3 2.12111E-3 3.58411E-3 9.26714E-3 2.71667E-2 2.51787E-2 1.40623E-2 1.50284E-2 2.63221E-2 5.09977E-2 1.65953E-1 1.89759E-1 1.92126E-1 1.90738E-1 1.82504E-1 1.7505E-1 1.72409E-1 1.65891E-1 1.68484E-1 1.70338E-1 1.78222E-1 1.95842E-1 2.22861E-1 2.62398E-1 3.13798E-1 3.5568E-1 3.77668E-1 3.66293E-1 3.41201E-1 3.25884E-1 3.38435E-1 3.69612E-1 3.98866E-1 4.39577E-1 4.61971E-1 4.77196E-1 4.85257E-1 4.92588E-1 4.95458E-1 5.0888E-1 5.18617E-1 5.05891E-1 4.93828E-1 5.03035E-1 4.56237E-1 3.44999E-1 1.46198E-1 9.49432E-2 1.82615E-2 1.92534E-3 1.04264E-4 4.2566E-4 2.94588E-4 1.00924E-5 2.08007E-6 8.07842E-6 8.76146E-6 5.08333E-6 3.6511E-8 4.95824E-10 5.8584E-11 1.98948E-11 4.93026E-11
5.91432E-4 3.42953E-4 5.11572E-4 8.30482E-4 1.10175E-3 1.06854E-3 1.86905E-3 3.4154E-3 3.99795E-3 3.74678E-3 1.308E-2 2.60033E-2 1.37394E-2 1.55344E-2 1.73274E-2 5.18465E-2 7.10527E-2 1.63715E-1 1.8196E-1 1.87976E-1 1.8457E-1 1.83198E-1 1.77756E-1 1.63941E-1 1.61369E-1 1.58817E-1 1.54475E-1 1.58234E-1 1.71096E-1 2.014E-1 2.4619E-1 3.08715E-1 3.75383E-1 4.00927E-1 3.72245E-1 3.38673E-1 3.24518E-1 3.27364E-1 3.4258E-1 3.7225E-1 3.91529E-1 4.15399E-1 4.28759E-1 4.64957E-1 4.98547E-1 5.04408E-1 5.0898E-1 5.23998E-1 5.26729E-1 5.30195E-1 5.27127E-1 4.87456E-1 4.05663E-1 3.25193E-1 2.03652E-1 8.81369E-2 7.31029E-3 6.71663E-4 2.4897E-4 3.75524E-5 6.83241E-5 3.65981E-6 1.23901E-5 9.48595E-6 4.21534E-5 8.54981E-6 2.29428E-8 2.17957E-10 8.17356E-8 1.80608E-8
6.04625E-4 1.60171E-4 7.65829E-4 2.78618E-3 6.48189E-3 5.56361E-3 4.23246E-3 5.49524E-3 9.81451E-3 1.26825E-2 2.21176E-2 1.64539E-2 1.38361E-2 1.34127E-2 3.29914E-2 5.03506E-2 5.1305E-2 1.40585E-1 1.73964E-1 1.8457E-1 1.81584E-1 1.78333E-1 1.70256E-1 1.60614E-1 1.54255E-1 1.49266E-1 1.44367E-1 1.41952E-1 1.50054E-1 1.79046E-1 2.225E-1 2.88238E-1 3.85327E-1 4.0555E-1 3.60047E-1 3.25824E-1 3.1133E-1 3.10198E-1 3.23092E-1 3.42881E-1 3.53527E-1 3.69999E-1 4.10762E-1 4.72255E-1 5.03999E-1 5.01411E-1 5.045E-1 5.20167E-1 5.30806E-1 5.39445E-1 5.32542E-1 4.97831E-1 4.61911E-1 4.09657E-1 3.58491E-1 2.07774E-1 4.70992E-2 6.90779E-4 5.16195E-5 4.00933E-5 4.56173E-6 5.32894E-6 3.41272E-6 2.5968E-6 3.96597E-6 7.6314E-6 2.70885E-6 2.07942E-7 5.85292E-8 9.77428E-11
8.21822E-4 1.04301E-3 3.39858E-3 3.12513E-3 4.93887E-3 1.083E-2 1.05534E-2 1.09661E-2 1.31106E-2 1.40765E-2 1.53921E-2 1.78011E-2 2.11353E-2 2.7785E-2 5.02269E-2 6.58077E-2 3.35642E-2 1.49881E-1 1.70875E-1 1.76408E-1 1.73778E-1 1.69363E-1 1.64066E-1 1.58855E-1 1.50889E-1 1.44711E-1 1.39872E-1 1.33957E-1 1.37191E-1 1.73725E-1 2.04796E-1 2.5967E-1 3.26636E-1 3.42287E-1 3.11697E-1 2.91639E-1 2.90158E-1 2.93803E-1 3.01118E-1 3.10198E-1 3.21665E-1 3.39819E-1 3.89052E-1 4.51767E-1 4.76311E-1 4.8176E-1 4.86217E-1 5.0877E-1 5.32324E-1 5.46684E-1 5.45835E-1 5.28733E-1 5.31934E-1 4.88553E-1 4.28307E-1 3.43502E-1 1.77284E-1 9.72546E-3 6.10691E-6 8.93471E-7 4.39879E-7 3.60328E-7 1.15183E-8 5.63495E-8 1.12481E-8 1.22954E-7 7.54097E-7 2.2121E-6 6.60131E-8 6.27307E-9
1.24279E-3 2.99082E-4 1.87756E-4 8.75021E-4 3.12674E-3 4.44589E-3 5.17807E-3 6.05113E-3 7.86783E-3 1.4096E-2 2.1877E-2 2.97429E-2 3.50526E-2 4.83127E-2 7.01762E-2 8.84477E-2 8.18242E-2 1.58051E-1 1.66358E-1 1.74272E-1 1.63075E-1 1.59151E-1 1.53998E-1 1.55277E-1 1.50193E-1 1.47686E-1 1.42543E-1 1.37723E-1 1.48702E-1 1.64974E-1 1.94299E-1 2.26565E-1 2.62694E-1 2.73137E-1 2.70124E-1 2.60912E-1 2.65374E-1 2.75816E-1 2.90158E-1 2.99656E-1 3.06958E-1 3.18806E-1 3.80985E-1 4.29805E-1 4.50779E-1 4.64154E-1 4.66056E-1 4.87199E-1 5.27516E-1 5.52965E-1 5.51389E-1 5.50079E-1 5.51789E-1 5.427E-1 4.99013E-1 4.39176E-1 3.06843E-1 1.10649E-1 1.8861E-3 1.14188E-7 5.03306E-11 8.84331E-11 6.28527E-12 2.11233E-12 5.3293E-12 2.15344E-10 1.38537E-8 2.82395E-7 4.45296E-7 1.13058E-7
1.30947E-3 6.49696E-4 1.24013E-4 1.75921E-4 1.53015E-3 5.01739E-3 8.63817E-3 1.15879E-2 1.86479E-2 3.22732E-2 3.98747E-2 4.33375E-2 4.67433E-2 5.03506E-2 5.95787E-2 7.04485E-2 7.36882E-2 1.48189E-1 1.67533E-1 1.66287E-1 1.58072E-1 1.51637E-1 1.50368E-1 1.50368E-1 1.51637E-1 1.54193E-1 1.50368E-1 1.43969E-1 1.49951E-1 1.6145E-1 1.81064E-1 1.99953E-1 2.24654E-1 2.33975E-1 2.31288E-1 2.27085E-1 2.32922E-1 2.50545E-1 2.77311E-1 3.03475E-1 3.13798E-1 3.20042E-1 3.68994E-1 4.25855E-1 4.51475E-1 4.48281E-1 4.24683E-1 4.43952E-1 5.08193E-1 5.45929E-1 5.58375E-1 5.59306E-1 5.59364E-1 5.54502E-1 5.35789E-1 4.9395E-1 3.35405E-1 1.81505E-1 4.46477E-2 7.21886E-4 4.20879E-7 1.94573E-9 3.4854E-9 4.76496E-12 1.3238E-15 9.14615E-13 2.94496E-9 2.65119E-7 4.97919E-7 4.58622E-6
3.05502E-3 9.8487E-3 1.27001E-2 5.32044E-3 2.91566E-3 6.79542E-3 1.67944E-2 2.57283E-2 3.0647E-2 4.6971E-2 6.52975E-2 6.01613E-2 6.17264E-2 5.28513E-2 4.46465E-2 7.92322E-2 5.13476E-2 1.69709E-1 1.72912E-1 1.58072E-1 1.45432E-1 1.46684E-1 1.45432E-1 1.46684E-1 1.55614E-1 1.5953E-1 1.56913E-1 1.52912E-1 1.51455E-1 1.57854E-1 1.69363E-1 1.85746E-1 1.97841E-1 2.05671E-1 2.07654E-1 2.10527E-1 2.15257E-1 2.34387E-1 2.64109E-1 2.87782E-1 2.96762E-1 3.12326E-1 3.71236E-1 4.27383E-1 4.55681E-1 4.57811E-1 4.16471E-1 4.27383E-1 4.95932E-1 5.30555E-1 5.48371E-1 5.6166E-1 5.46258E-1 5.5826E-1 5.2375E-1 4.77635E-1 3.99664E-1 2.85152E-1 1.56525E-1 4.55488E-2 4.04131E-4 1.50827E-5 4.93167E-7 7.26594E-9 3.7365E-10 9.83993E-13 3.75051E-10 1.31554E-6 1.59973E-4 5.87808E-5
1.13725E-2 7.37308E-2 1.04708E-1 1.31991E-1 6.3326E-2 1.32784E-2 1.85439E-2 6.16765E-2 8.62175E-2 9.40371E-2 9.52489E-2 8.07734E-2 7.52795E-2 4.00356E-2 7.11668E-2 1.08882E-1 7.28116E-2 1.87188E-1 1.80468E-1 1.5432E-1 1.42952E-1 1.45448E-1 1.44187E-1 1.42947E-1 1.53084E-1 1.58296E-1 1.55678E-1 1.46684E-1 1.49205E-1 1.47847E-1 1.60686E-1 1.71071E-1 1.87622E-1 1.89951E-1 1.92178E-1 1.95707E-1 2.09089E-1 2.26881E-1 2.56651E-1 2.74645E-1 2.82193E-1 3.06373E-1 3.57183E-1 4.19813E-1 4.46407E-1 4.55392E-1 4.44111E-1 4.80358E-1 5.0221E-1 5.17232E-1 5.29586E-1 5.53959E-1 5.42199E-1 5.33895E-1 5.6493E-1 5.37183E-1 4.81414E-1 3.98644E-1 2.91341E-1 1.67607E-1 1.73121E-2 2.49676E-3 3.42064E-3 6.62612E-4 8.51308E-7 4.05983E-6 6.25885E-8 1.32871E-6 4.74971E-7 1.58671E-6
3.02821E-2 1.1962E-1 1.77924E-1 1.92495E-1 1.90849E-1 8.70549E-2 6.24688E-2 8.743E-2 1.02607E-1 5.96109E-2 5.94364E-2 5.34872E-2 5.842E-2 1.07682E-1 1.09432E-1 7.87793E-2 1.50512E-1 2.10065E-1 1.90867E-1 1.67691E-1 1.54378E-1 1.46706E-1 1.44197E-1 1.42952E-1 1.46706E-1 1.45448E-1 1.42952E-1 1.41714E-1 1.38052E-1 1.44187E-1 1.53033E-1 1.66172E-1 1.72725E-1 1.82025E-1 1.84354E-1 1.86584E-1 2.01376E-1 2.22153E-1 2.45963E-1 2.61181E-1 2.71798E-1 2.9009E-1 3.2592E-1 3.75662E-1 4.15362E-1 4.34562E-1 4.40805E-1 4.69125E-1 4.88462E-1 4.81565E-1 4.93224E-1 5.14947E-1 5.31148E-1 5.4676E-1 5.6379E-1 5.64283E-1 5.37801E-1 4.72216E-1 3.75749E-1 2.4917E-1 9.36113E-2 2.78364E-2 2.24262E-2 3.39743E-2 1.31596E-2 1.89998E-4 8.61175E-9 3.73197E-8 3.07785E-6 2.02784E-7
1.2571E-1 1.46528E-1 1.70701E-1 1.75963E-1 1.8457E-1 1.88255E-1 1.25296E-1 9.37393E-2 8.75809E-2 8.19518E-2 8.85527E-2 1.00412E-1 1.42616E-1 1.43593E-1 1.53927E-1 1.09429E-1 2.33831E-1 2.27215E-1 2.12136E-1 1.90181E-1 1.67691E-1 1.47969E-1 1.40481E-1 1.38035E-1 1.34415E-1 1.38035E-1 1.36822E-1 1.34415E-1 1.3322E-1 1.38035E-1 1.47969E-1 1.59613E-1 1.73106E-1 1.81269E-1 1.86606E-1 1.90449E-1 2.02806E-1 2.13751E-1 2.23174E-1 2.38107E-1 2.42952E-1 2.64184E-1 2.96463E-1 3.37191E-1 3.7408E-1 4.00915E-1 4.21872E-1 4.47982E-1 4.58522E-1 4.45586E-1 4.25726E-1 4.24446E-1 5.0582E-1 5.41788E-1 5.51749E-1 5.50492E-1 5.59255E-1 5.12128E-1 4.20291E-1 3.30713E-1 2.27646E-1 1.19163E-1 7.98459E-2 1.02083E-1 1.03765E-1 9.54679E-3 3.11001E-5 7.19254E-7 8.64323E-7 2.77778E-7
1.13639E-1 1.42578E-1 1.48919E-1 1.56154E-1 1.65561E-1 1.78476E-1 1.57935E-1 1.2125E-1 1.12427E-1 1.15168E-1 1.36258E-1 1.24526E-1 1.431E-1 1.72923E-1 1.6581E-1 1.71053E-1 2.46273E-1 2.51485E-1 2.35611E-1 2.12427E-1 1.83007E-1 1.50514E-1 1.36738E-1 1.33123E-1 1.32033E-1 1.32033E-1 1.28508E-1 1.29566E-1 1.29566E-1 1.36738E-1 1.50486E-1 1.63632E-1 1.7457E-1 1.85861E-1 1.92905E-1 1.89442E-1 1.9517E-1 1.93295E-1 1.97049E-1 2.07911E-1 2.2113E-1 2.39163E-1 2.70206E-1 3.07486E-1 3.39398E-1 3.67854E-1 4.00965E-1 4.28979E-1 4.49048E-1 4.44145E-1 4.27685E-1 4.42907E-1 5.22581E-1 5.3582E-1 4.90383E-1 4.9792E-1 5.59542E-1 5.44545E-1 4.58411E-1 3.9243E-1 3.362E-1 2.38642E-1 1.91226E-1 1.77284E-1 1.37198E-1 4.65584E-2 5.96003E-3 1.35289E-4 2.67226E-5 6.00888E-6
