KUENM/Final_Models/M_0.1_F_lq_Set_2_NE/sp1_5.asc
ncols         197
nrows         210
xllcorner     56.1666666666667
yllcorner     4.5
cellsize      0.166666666666667
NODATA_value  -9999
[rows 58 to 86 of 210, columns 0 to 64 of 197]
-9999 -9999 -9999 -9999 -9999 -9999 -9999 -9999 -9999 3.02385E-6 1.60509E-3 4.22167E-2 5.25125E-2 5.18988E-2 5.17301E-2 5.11679E-2 5.10427E-2 5.08296E-2 5.0025E-2 4.56173E-2 4.10397E-2 2.11931E-2 5.13708E-4 5.00908E-4 1.69848E-4 3.91417E-4 8.33202E-4 2.25075E-4 2.10901E-3 1.52819E-2 3.38515E-2 3.94374E-2 4.06286E-2 4.08501E-2 3.87022E-2 3.99029E-2 4.04467E-2 3.79823E-2 3.5412E-2 2.78517E-2 2.13657E-2 1.57557E-2 9.19917E-3 3.06095E-3 3.84363E-3 2.96776E-3 3.53574E-3 5.45783E-3 9.20572E-3 1.48027E-2 1.80629E-2 2.71348E-2 4.33272E-2 5.49158E-2 6.09702E-2 7.11583E-2 8.13564E-2 9.21994E-2 9.10979E-2 4.70683E-2 1.01558E-2 6.01222E-3 2.16304E-4 1.8755E-4 1.00764E-5
-9999 -9999 -9999 -9999 -9999 -9999 -9999 -9999 5.62895E-6 4.51768E-6 5.56988E-4 1.58973E-2 3.3621E-2 4.92859E-2 5.11359E-2 5.10227E-2 5.15036E-2 5.05296E-2 5.10227E-2 4.90437E-2 4.81506E-2 3.84508E-2 1.11107E-3 3.20064E-5 6.1284E-5 1.12543E-4 9.4592E-5 1.98153E-4 7.76327E-4 3.42867E-4 5.58332E-3 3.16098E-2 4.03333E-2 4.11754E-2 3.78863E-2 3.68802E-2 3.45668E-2 3.45668E-2 2.59194E-2 2.23322E-2 1.64288E-2 1.13E-2 4.76353E-3 1.33936E-3 1.35696E-3 1.26164E-3 1.72359E-3 2.02126E-3 1.93173E-3 2.1076E-3 6.18699E-3 2.49875E-2 4.98633E-2 5.72417E-2 6.67148E-2 7.61573E-2 8.42596E-2 9.08735E-2 9.21306E-2 7.67467E-2 2.12858E-2 3.0147E-3 1.01341E-4 2.61971E-5 1.04285E-6
-9999 -9999 -9999 -9999 -9999 -9999 -9999 1.11824E-8 1.28897E-6 2.24863E-5 1.87538E-4 4.22645E-4 4.55386E-3 3.27414E-2 4.36701E-2 4.77559E-2 4.96018E-2 5.10227E-2 5.18988E-2 5.23991E-2 5.24628E-2 5.14211E-2 8.52209E-3 1.38645E-4 2.10787E-4 1.353E-4 1.17772E-5 1.33652E-4 7.12586E-4 8.65507E-4 3.42867E-4 3.49018E-3 3.16098E-2 3.65146E-2 3.06247E-2 2.83958E-2 2.76359E-2 2.76359E-2 1.62064E-2 1.42832E-2 1.44792E-2 1.04288E-2 4.82773E-3 9.04135E-4 6.74846E-4 3.81684E-4 5.07275E-4 5.33414E-4 6.68908E-4 3.88378E-3 1.62657E-2 4.3072E-2 5.09404E-2 5.82795E-2 6.85786E-2 7.5271E-2 8.30339E-2 8.78748E-2 9.01164E-2 4.7283E-2 4.07758E-3 2.41177E-4 1.50217E-4 3.74696E-6 2.3131E-6
-9999 -9999 -9999 -9999 -9999 -9999 1.27169E-10 1.86155E-8 5.61971E-9 8.67863E-7 3.38004E-4 2.03068E-3 2.36531E-3 2.20286E-2 3.20318E-2 4.36701E-2 4.90437E-2 5.18429E-2 5.21942E-2 5.3805E-2 5.29926E-2 5.08113E-2 3.12446E-2 2.33562E-3 9.33234E-4 6.36617E-4 6.43315E-5 8.64649E-5 6.20346E-5 6.94985E-4 4.55386E-3 7.47471E-4 1.30938E-2 2.59069E-2 2.30399E-2 2.05323E-2 2.12526E-2 1.48781E-2 5.95823E-3 2.56522E-3 9.73789E-3 1.62064E-2 1.00048E-2 4.15518E-3 5.62087E-3 2.25223E-3 2.19174E-3 2.49635E-3 5.81957E-3 1.40705E-2 2.96118E-2 4.2015E-2 5.032E-2 5.82795E-2 6.45706E-2 7.354E-2 8.02229E-2 8.2369E-2 6.5113E-2 8.33577E-3 1.85723E-3 6.11714E-5 1.08791E-5 1.60824E-6 9.5239E-7
-9999 -9999 -9999 -9999 -9999 -9999 2.547E-8 2.26971E-9 1.64624E-10 2.46381E-6 8.40945E-6 1.44973E-3 8.3038E-3 2.14524E-2 3.24583E-2 4.05863E-2 4.62232E-2 5.16148E-2 5.3805E-2 5.46505E-2 5.3319E-2 5.73019E-2 3.78198E-2 3.43442E-4 1.72988E-3 1.22844E-3 3.92917E-4 7.60192E-5 1.70262E-5 2.85324E-4 1.26954E-2 1.34248E-2 1.69018E-2 2.17389E-2 2.33496E-2 2.24308E-2 2.18351E-2 1.44072E-2 1.2221E-2 2.4195E-3 8.95356E-3 2.83958E-2 2.39026E-2 1.87996E-2 1.61305E-2 1.11348E-2 1.10821E-2 1.25316E-2 1.39576E-2 1.9493E-2 2.92393E-2 3.99053E-2 4.86581E-2 5.78094E-2 6.46185E-2 6.93919E-2 6.03491E-2 5.02906E-2 2.96719E-2 5.86705E-3 5.19569E-5 4.12306E-5 2.60565E-6 2.50355E-8 7.67177E-7
-9999 -9999 -9999 -9999 -9999 2.28328E-4 2.20878E-4 3.22403E-4 1.76077E-4 1.67821E-3 6.23173E-7 2.02394E-6 2.0817E-3 2.11931E-2 3.71242E-2 4.05863E-2 4.88281E-2 5.41319E-2 5.53542E-2 5.55587E-2 5.34685E-2 5.73636E-2 5.33227E-2 5.17173E-3 1.4319E-3 2.03068E-3 4.59801E-4 3.52305E-5 2.4728E-5 4.9897E-4 5.25283E-3 1.965E-2 3.59042E-2 3.2113E-2 3.69573E-2 3.79823E-2 3.89147E-2 3.59984E-2 3.45668E-2 3.27773E-2 3.79823E-2 3.92303E-2 3.78863E-2 3.20897E-2 2.81542E-2 2.39793E-2 2.3525E-2 2.14429E-2 2.22937E-2 2.64283E-2 3.25538E-2 4.09785E-2 4.07561E-2 2.84969E-2 3.02752E-2 3.4395E-2 5.82477E-2 5.81054E-2 1.1233E-2 5.41606E-4 2.59726E-5 1.45784E-5 2.25911E-7 2.31957E-9 1.06208E-5
-9999 -9999 -9999 -9999 7.74448E-7 5.12009E-5 2.28328E-4 5.73211E-4 2.58251E-2 3.73598E-2 1.72146E-4 7.60791E-9 3.55502E-6 3.93265E-3 2.41465E-2 3.98429E-2 5.0776E-2 5.70151E-2 5.68343E-2 5.87981E-2 5.76091E-2 5.84894E-2 5.23091E-2 1.25007E-2 1.04297E-3 2.13376E-3 5.43642E-4 3.65052E-5 2.06206E-6 4.24375E-5 5.74701E-4 4.36558E-3 2.69884E-2 4.16671E-2 4.21368E-2 4.69584E-2 4.7517E-2 4.62698E-2 4.55531E-2 4.52782E-2 4.59471E-2 4.5765E-2 4.67355E-2 4.30939E-2 4.04998E-2 3.84508E-2 3.54378E-2 3.03314E-2 2.51039E-2 2.24836E-2 2.23295E-2 1.55656E-2 5.53226E-3 7.74783E-3 2.31846E-2 6.36391E-2 7.09447E-2 6.17173E-2 4.56339E-3 1.03174E-4 4.50204E-5 1.55622E-5 9.98826E-8 3.1215E-6 5.08209E-6
-9999 -9999 -9999 -9999 1.89135E-7 1.65669E-5 2.38564E-4 7.82094E-4 2.65704E-2 6.2788E-2 3.11401E-2 5.29019E-4 2.52323E-8 1.24415E-4 7.12042E-3 3.05452E-2 5.01147E-2 5.88523E-2 5.95576E-2 6.0371E-2 5.98531E-2 5.84495E-2 5.24708E-2 2.88819E-2 1.57969E-3 3.83578E-3 1.74962E-3 5.50282E-4 2.74903E-5 9.67769E-8 1.12104E-4 2.72762E-3 2.04246E-2 4.84536E-2 4.93505E-2 5.01522E-2 5.29926E-2 5.10928E-2 5.08203E-2 4.94755E-2 4.9482E-2 5.05296E-2 5.11593E-2 5.09366E-2 4.87911E-2 4.808E-2 3.98429E-2 1.93972E-2 7.28598E-3 6.94377E-3 1.49905E-2 1.97692E-2 2.35404E-2 5.2199E-2 7.26207E-2 7.43655E-2 7.88627E-2 4.69099E-2 2.0224E-3 1.71172E-4 1.78787E-4 1.40105E-6 8.82682E-8 1.29111E-4 1.18415E-4
-9999 -9999 -9999 1.27737E-3 4.24186E-4 1.29111E-4 2.2993E-3 2.03505E-2 4.49294E-2 6.9628E-2 6.09424E-2 3.92719E-2 3.86709E-3 7.34844E-5 1.21987E-3 1.85689E-2 4.44342E-2 5.54753E-2 5.58417E-2 5.54753E-2 5.79855E-2 5.44675E-2 4.2015E-2 4.4154E-2 1.2024E-2 6.50039E-3 5.39859E-3 3.12656E-3 1.06873E-3 1.05579E-3 2.32058E-3 6.4395E-3 1.01771E-3 2.06883E-2 5.07615E-2 5.59047E-2 5.75773E-2 5.5031E-2 5.35977E-2 5.31273E-2 5.32573E-2 5.3837E-2 5.4008E-2 5.3805E-2 5.45727E-2 5.3319E-2 4.38853E-2 2.84213E-2 3.56176E-2 4.18971E-2 4.92204E-2 5.51321E-2 6.51453E-2 6.86458E-2 7.20393E-2 7.73621E-2 7.70317E-2 2.769E-2 5.66184E-4 5.21167E-4 2.60091E-4 1.07308E-5 9.90355E-4 1.54431E-3 1.2529E-3
-9999 -9999 -9999 3.98827E-3 1.40183E-4 4.99371E-3 3.37108E-2 6.56225E-2 7.16642E-2 7.65805E-2 6.94826E-2 6.0737E-2 4.46966E-2 2.765E-2 2.10314E-2 1.67697E-2 3.07441E-2 3.67036E-2 3.2731E-2 3.52125E-2 5.28695E-2 4.29838E-2 2.07739E-2 3.104E-2 3.43858E-2 7.47022E-3 4.55952E-3 6.58073E-3 5.39859E-3 4.34211E-3 6.34211E-3 1.12991E-2 3.78355E-4 2.34951E-3 1.85677E-2 4.11725E-2 5.5576E-2 5.9514E-2 5.68903E-2 5.61885E-2 5.54538E-2 5.61485E-2 5.65165E-2 5.67067E-2 5.75773E-2 5.82377E-2 5.92556E-2 5.83497E-2 5.85227E-2 5.91897E-2 6.06917E-2 6.61808E-2 6.69949E-2 7.11794E-2 7.26207E-2 7.42387E-2 5.13886E-2 1.44878E-2 1.29958E-3 1.35821E-3 2.33818E-4 4.61452E-4 1.38541E-3 4.65672E-4 3.43778E-3
-9999 -9999 -9999 3.39428E-3 2.86615E-3 4.4708E-2 8.24929E-2 5.87798E-2 4.90533E-2 7.48094E-2 8.16153E-2 7.7328E-2 7.21031E-2 6.9628E-2 6.71155E-2 5.57317E-2 1.78296E-2 2.1554E-2 2.47266E-2 8.98902E-3 3.69841E-2 3.56697E-2 2.71525E-3 1.21386E-3 2.95537E-2 2.58976E-3 4.28012E-3 8.25923E-3 1.16746E-2 9.79681E-3 9.55955E-3 1.12524E-2 2.08082E-3 7.86851E-5 5.50568E-3 1.17482E-2 3.89664E-2 6.1882E-2 6.07465E-2 5.92046E-2 5.84389E-2 5.764E-2 5.9543E-2 6.10704E-2 6.14076E-2 6.13067E-2 6.07871E-2 6.11416E-2 6.22969E-2 6.23164E-2 6.46819E-2 6.69949E-2 7.03272E-2 6.88398E-2 6.8523E-2 5.96487E-2 1.30316E-2 6.33947E-3 7.00248E-4 1.44997E-3 1.0509E-3 2.07145E-3 3.9077E-3 9.63584E-3 9.72965E-3
-9999 -9999 1.14076E-2 4.6757E-2 6.15241E-2 9.49822E-2 9.96477E-2 8.6891E-2 8.30339E-2 8.79485E-2 8.63129E-2 8.39065E-2 8.29093E-2 8.03436E-2 7.86596E-2 7.77851E-2 7.22114E-2 6.22945E-2 6.38475E-2 6.30464E-2 4.7374E-2 3.73518E-2 1.91717E-2 1.67954E-2 5.6238E-2 1.39181E-2 6.39174E-3 1.37516E-2 1.24065E-2 1.24065E-2 6.53566E-3 7.07989E-3 8.36045E-3 2.72029E-3 2.65539E-3 1.12182E-3 1.08428E-2 4.09785E-2 6.509E-2 6.51436E-2 6.54126E-2 6.29548E-2 6.54126E-2 6.51005E-2 6.46128E-2 6.34703E-2 6.23492E-2 6.43008E-2 6.69934E-2 6.54784E-2 6.79419E-2 6.94826E-2 7.00609E-2 6.77123E-2 5.29172E-2 1.56728E-2 2.82441E-3 5.86705E-3 1.53862E-3 1.44997E-3 1.40606E-3 2.41679E-3 4.79531E-3 8.27181E-4 2.4784E-2
-9999 -9999 8.66662E-2 7.78402E-2 9.53481E-2 1.1481E-1 1.10806E-1 9.98386E-2 6.91111E-2 8.24929E-2 9.39205E-2 8.98913E-2 8.69716E-2 8.29785E-2 8.09251E-2 7.97395E-2 7.89882E-2 8.00311E-2 8.2391E-2 8.24122E-2 6.77018E-2 7.18384E-2 7.18747E-2 8.20143E-2 8.79485E-2 5.96487E-2 4.07018E-2 3.39894E-2 2.92675E-2 1.46002E-2 3.4114E-3 1.27094E-2 1.05373E-2 1.24065E-2 1.10361E-2 4.93338E-4 6.91021E-3 2.18631E-2 5.5831E-2 6.80618E-2 6.78201E-2 6.86977E-2 6.847E-2 6.69947E-2 6.54334E-2 6.69781E-2 6.63903E-2 6.7584E-2 6.78254E-2 6.79449E-2 7.04675E-2 6.5916E-2 5.72417E-2 4.17194E-2 1.27438E-2 1.69672E-3 2.24783E-3 4.29517E-3 3.61351E-3 9.21136E-3 1.19027E-2 5.5584E-3 1.17052E-2 2.83068E-2 3.01954E-2
-9999 -9999 1.36535E-1 1.22368E-1 1.28279E-1 1.21045E-1 1.10624E-1 1.12329E-1 1.02636E-1 8.81514E-2 9.93538E-2 9.55005E-2 9.12269E-2 9.00769E-2 8.56937E-2 8.33124E-2 8.18261E-2 8.08475E-2 8.08475E-2 8.53243E-2 8.91114E-2 9.01027E-2 9.48984E-2 9.82264E-2 9.74953E-2 9.43987E-2 8.49468E-2 6.82671E-2 5.24064E-2 2.92575E-2 7.53764E-3 5.32783E-3 2.49116E-2 2.56132E-2 1.40862E-2 1.37516E-2 6.09406E-3 2.2087E-2 4.51375E-2 6.29984E-2 6.59459E-2 6.69949E-2 6.62928E-2 6.86651E-2 6.84245E-2 6.86651E-2 6.79449E-2 6.62967E-2 6.40138E-2 4.92578E-2 3.922E-2 3.83582E-2 1.39181E-2 3.5754E-3 2.63646E-3 1.34566E-3 3.22981E-3 8.8571E-3 1.01646E-2 6.12064E-3 1.89362E-2 3.88528E-3 8.05535E-3 3.15881E-2 1.26749E-2
-9999 1.23164E-1 1.0667E-1 9.5538E-2 1.05041E-1 1.34116E-1 1.23704E-1 1.17322E-1 1.15625E-1 1.06465E-1 1.08699E-1 9.99811E-2 9.6673E-2 9.32878E-2 9.19663E-2 8.87899E-2 8.58282E-2 8.58282E-2 8.61888E-2 8.43817E-2 8.64042E-2 8.84617E-2 9.05544E-2 9.68296E-2 9.75645E-2 1.04678E-1 9.65684E-2 1.05164E-1 9.42961E-2 2.73699E-2 1.24406E-2 4.61762E-3 2.47506E-2 3.76143E-2 3.25231E-2 1.74065E-2 2.96193E-2 1.52126E-2 1.48509E-2 3.97719E-2 4.6807E-2 4.62453E-2 4.93134E-2 5.62033E-2 6.23265E-2 5.86369E-2 5.25848E-2 4.75441E-2 4.00207E-2 3.01356E-2 1.05373E-2 3.79063E-3 3.92693E-3 5.64962E-3 2.14761E-3 3.96742E-3 2.11541E-3 9.82662E-3 6.93761E-3 1.08676E-2 1.77377E-2 9.5184E-3 2.41027E-3 3.69705E-2 5.67499E-2
-9999 1.07523E-1 9.99588E-2 9.36957E-2 8.96815E-2 1.1783E-1 1.24909E-1 1.25538E-1 1.22377E-1 1.07709E-1 1.00296E-1 1.07937E-1 1.05718E-1 1.01193E-1 9.76949E-2 9.41287E-2 9.15726E-2 8.99713E-2 8.8246E-2 9.03386E-2 9.05544E-2 9.06179E-2 9.27427E-2 9.59961E-2 9.9213E-2 9.9213E-2 1.07383E-1 1.07383E-1 1.12353E-1 7.92326E-2 2.36836E-2 2.31449E-2 9.07208E-3 2.59331E-2 3.69791E-2 4.41786E-2 3.40925E-2 4.47778E-2 2.61181E-2 1.61476E-2 9.54138E-3 8.63096E-3 2.34657E-2 5.47879E-2 3.92962E-2 3.08774E-2 3.25916E-2 2.41147E-2 1.25573E-2 6.77548E-3 8.42805E-3 9.76978E-3 7.53764E-3 4.67151E-3 8.96812E-3 6.91427E-3 2.37823E-3 1.0051E-2 2.41484E-2 3.65948E-2 1.56185E-2 1.24367E-2 6.60259E-3 2.52647E-2 7.4246E-2
-9999 1.18973E-1 1.0209E-1 9.67864E-2 9.47183E-2 9.5538E-2 1.31591E-1 1.27357E-1 1.26153E-1 3.91124E-2 5.44887E-2 8.621E-2 9.99077E-2 1.07227E-1 1.08517E-1 1.03954E-1 1.01193E-1 9.85616E-2 9.48172E-2 9.53503E-2 9.75645E-2 9.98148E-2 1.03866E-1 1.06219E-1 1.06782E-1 1.07383E-1 1.0981E-1 1.11608E-1 1.0779E-1 4.4708E-2 2.65729E-2 1.82098E-2 3.00125E-2 3.4022E-2 3.78372E-2 4.32143E-2 4.9682E-2 5.31944E-2 5.42584E-2 5.71802E-2 5.48865E-2 5.74368E-2 6.44301E-2 6.41012E-2 5.81607E-2 4.35686E-2 2.65949E-2 1.87157E-2 1.76411E-2 1.67954E-2 1.22983E-2 6.85998E-3 9.37208E-3 2.0816E-2 2.28791E-2 1.05173E-2 2.65729E-2 3.69433E-3 5.47486E-2 2.32059E-2 1.77377E-2 2.9616E-2 2.67537E-2 4.16743E-2 6.29069E-2
-9999 1.23907E-1 -9999 -9999 9.25425E-2 9.36957E-2 1.05951E-1 1.35878E-1 1.22368E-1 1.52385E-2 8.30546E-3 2.94165E-2 3.05943E-2 7.54713E-2 8.7506E-2 1.00427E-1 1.05592E-1 1.07565E-1 1.07322E-1 1.0612E-1 1.09604E-1 1.08517E-1 1.12457E-1 1.12457E-1 1.16171E-1 1.12526E-1 1.02096E-1 8.41513E-2 5.49779E-2 2.24406E-2 2.44208E-2 2.05807E-2 1.74048E-2 2.05807E-2 2.78018E-2 3.42313E-2 3.17609E-2 3.42313E-2 3.95988E-2 3.4022E-2 3.53021E-2 5.02906E-2 5.6526E-2 6.17683E-2 6.44301E-2 5.82662E-2 4.77013E-2 3.31894E-2 1.82868E-2 1.39809E-2 1.09072E-2 1.58575E-2 1.77378E-2 1.68068E-2 2.25628E-2 3.8656E-2 8.62014E-3 5.53522E-2 3.65948E-2 4.36514E-2 1.70516E-2 4.16835E-2 4.77358E-2 5.02746E-2 6.99212E-2
-9999 1.28515E-1 -9999 -9999 -9999 1.05273E-1 1.33609E-1 1.40096E-1 1.07169E-1 6.58702E-3 2.55304E-2 2.82208E-2 1.74297E-2 3.35103E-2 3.50896E-2 5.65739E-2 8.52876E-2 1.01528E-1 9.41118E-2 7.11478E-2 8.4372E-2 9.83599E-2 9.51314E-2 8.94233E-2 8.6938E-2 5.53522E-2 2.71217E-2 2.10476E-2 2.49725E-2 4.6308E-2 6.36304E-2 5.65739E-2 5.38029E-2 5.16289E-2 6.28762E-2 8.62401E-2 6.15241E-2 3.39598E-2 3.76528E-2 5.09311E-2 5.49779E-2 5.00918E-2 5.38504E-2 5.85056E-2 6.54246E-2 6.03115E-2 5.11985E-2 3.85067E-2 2.47506E-2 1.49991E-2 1.16986E-2 1.33353E-2 2.20525E-2 2.65729E-2 1.86269E-2 6.02214E-2 6.64073E-2 9.78987E-2 2.29964E-2 6.47042E-2 3.38713E-2 1.00441E-1 3.68622E-2 6.63854E-2 1.01184E-1
-9999 -9999 -9999 -9999 -9999 1.09805E-1 1.34974E-1 1.48395E-1 1.3111E-1 1.77269E-2 6.05453E-2 5.55991E-2 7.63189E-2 7.9238E-2 7.01116E-2 7.46069E-2 7.59285E-2 7.79599E-2 5.38029E-2 5.32193E-2 8.52876E-2 6.86087E-2 3.93568E-2 3.74091E-2 1.92376E-2 1.75437E-2 4.99663E-2 8.16356E-2 5.43911E-2 3.97916E-2 7.59285E-2 5.16289E-2 4.89135E-2 7.31659E-2 8.79205E-2 1.00484E-1 1.31124E-1 1.26153E-1 1.19504E-1 1.02669E-1 8.35175E-2 7.19294E-2 7.06637E-2 6.73309E-2 6.608E-2 6.22393E-2 5.08713E-2 3.37108E-2 2.45235E-2 2.68484E-2 2.68484E-2 2.5679E-2 3.52013E-2 5.63255E-2 9.01082E-2 9.9448E-2 1.05982E-1 1.24842E-1 1.16242E-1 1.11294E-1 1.3876E-1 1.67861E-1 1.0598E-1 8.43055E-2 1.36288E-1
-9999 1.34741E-1 1.18526E-1 -9999 -9999 1.01014E-1 1.09487E-1 1.49366E-1 1.14865E-1 6.43975E-2 1.04988E-1 1.04722E-1 5.86808E-2 9.18665E-2 1.13424E-1 1.08301E-1 1.14479E-1 1.13259E-1 1.07151E-1 1.08928E-1 1.10102E-1 9.82355E-2 9.13694E-2 9.58423E-2 8.07638E-2 7.59285E-2 7.79599E-2 1.01407E-1 8.53259E-2 8.71611E-2 1.22403E-1 1.1166E-1 1.20763E-1 1.32817E-1 1.29081E-1 1.38222E-1 1.49569E-1 1.16242E-1 1.07517E-1 1.26124E-1 1.22302E-1 1.19796E-1 1.16036E-1 1.03753E-1 9.7084E-2 8.82256E-2 8.22709E-2 7.00193E-2 6.84624E-2 5.08246E-2 2.84291E-2 2.21898E-2 6.88396E-2 1.00998E-1 1.11285E-1 1.19766E-1 1.32578E-1 1.42171E-1 1.49447E-1 1.31123E-1 1.66117E-1 1.79846E-1 1.28709E-1 8.18022E-2 1.84332E-1
1.75344E-1 1.61593E-1 1.25311E-1 -9999 -9999 1.01014E-1 1.09487E-1 1.39901E-1 1.23057E-1 1.38181E-1 1.27794E-1 1.27456E-1 1.07517E-1 1.22296E-1 1.21461E-1 1.16945E-1 1.1588E-1 1.16543E-1 1.13128E-1 1.14034E-1 1.15284E-1 1.14034E-1 1.14479E-1 1.14479E-1 1.15708E-1 1.09874E-1 1.14944E-1 1.20737E-1 1.19796E-1 1.27956E-1 1.31633E-1 1.36508E-1 1.38308E-1 1.49447E-1 1.50847E-1 1.55339E-1 1.50886E-1 1.53342E-1 1.45591E-1 1.44156E-1 1.40878E-1 1.35989E-1 1.28872E-1 1.21829E-1 1.13953E-1 1.00427E-1 9.39432E-2 8.41218E-2 6.4035E-2 5.00918E-2 7.24023E-2 9.31493E-2 9.52102E-2 9.38154E-2 1.22296E-1 1.28945E-1 1.3946E-1 1.46432E-1 1.59167E-1 1.71225E-1 1.43134E-1 1.75944E-1 1.9906E-1 1.09265E-1 1.75627E-1
2.02316E-1 1.90746E-1 -9999 -9999 -9999 -9999 1.10129E-1 1.28236E-1 1.41146E-1 1.30914E-1 1.28208E-1 1.27456E-1 1.13904E-1 1.20745E-1 1.2488E-1 1.2109E-1 1.19087E-1 1.10278E-1 1.10278E-1 1.13052E-1 1.10278E-1 1.11787E-1 1.13128E-1 1.14295E-1 1.1609E-1 1.19251E-1 1.21198E-1 1.17397E-1 1.24606E-1 1.29129E-1 1.30473E-1 1.35416E-1 1.26223E-1 1.32699E-1 1.46717E-1 1.49622E-1 1.39119E-1 1.21963E-1 1.07815E-1 1.00513E-1 1.08251E-1 1.15649E-1 1.28208E-1 1.26939E-1 1.13675E-1 8.84611E-2 9.3212E-2 9.3212E-2 9.31493E-2 9.88256E-2 9.7084E-2 9.2095E-2 9.62955E-2 1.16036E-1 1.27532E-1 1.346E-1 1.27285E-1 1.55863E-1 1.68734E-1 1.81305E-1 1.74004E-1 1.4913E-1 2.00874E-1 1.94669E-1 2.11099E-1
1.00815E-1 1.92328E-1 -9999 -9999 -9999 -9999 1.07097E-1 1.13212E-1 1.236E-1 1.30914E-1 1.26347E-1 1.09659E-1 1.17844E-1 1.0981E-1 1.1078E-1 1.12259E-1 1.06199E-1 1.05023E-1 1.06782E-1 9.82093E-2 1.00458E-1 1.11894E-1 1.11787E-1 1.10668E-1 1.14295E-1 1.1781E-1 1.14739E-1 1.13495E-1 1.07418E-1 1.07275E-1 1.12237E-1 1.08817E-1 1.17906E-1 1.28881E-1 1.37065E-1 1.39119E-1 1.36347E-1 1.2189E-1 9.36664E-2 7.99378E-2 9.46957E-2 1.00513E-1 1.27357E-1 1.25332E-1 1.16166E-1 9.94254E-2 9.41118E-2 6.01931E-2 7.38437E-2 9.62955E-2 9.73022E-2 1.10102E-1 1.19766E-1 1.27532E-1 1.3128E-1 1.40128E-1 1.40666E-1 1.5472E-1 1.7627E-1 1.82436E-1 1.60194E-1 1.50518E-1 1.69016E-1 2.19278E-1 2.1173E-1
-9999 1.60125E-1 -9999 -9999 -9999 -9999 1.03684E-1 1.06186E-1 1.07269E-1 1.10009E-1 1.22996E-1 1.07275E-1 1.0299E-1 9.8983E-2 9.8486E-2 9.8486E-2 1.02615E-1 9.51992E-2 9.14326E-2 9.93292E-2 1.06219E-1 1.06668E-1 1.10594E-1 1.13052E-1 1.10563E-1 1.11787E-1 1.14295E-1 1.12259E-1 1.0118E-1 9.56955E-2 1.01851E-1 1.01218E-1 1.10526E-1 1.23599E-1 1.14128E-1 1.03684E-1 9.62185E-2 9.51651E-2 8.86361E-2 9.0406E-2 9.62185E-2 9.94429E-2 1.03487E-1 1.07418E-1 1.09816E-1 1.12964E-1 1.08961E-1 1.00296E-1 1.12047E-1 1.13259E-1 1.10102E-1 1.19446E-1 1.25116E-1 1.30986E-1 1.27681E-1 1.28695E-1 1.49569E-1 1.60095E-1 1.66663E-1 1.79846E-1 1.56135E-1 1.46375E-1 1.6628E-1 1.93428E-1 2.27756E-1
-9999 1.08968E-1 -9999 -9999 -9999 -9999 -9999 -9999 -9999 1.07634E-1 -9999 1.00096E-1 9.82062E-2 9.388E-2 9.09022E-2 9.388E-2 9.46169E-2 9.14326E-2 9.14326E-2 9.45395E-2 1.04424E-1 1.07862E-1 9.92798E-2 1.02485E-1 1.02101E-1 1.05598E-1 1.10563E-1 1.08608E-1 1.03857E-1 1.01596E-1 9.73817E-2 9.8486E-2 1.06097E-1 1.04619E-1 1.02669E-1 1.0154E-1 1.15772E-1 1.18448E-1 1.03806E-1 9.94429E-2 1.0154E-1 1.05783E-1 1.02318E-1 9.9213E-2 1.06219E-1 1.07923E-1 1.09964E-1 1.12964E-1 1.10668E-1 1.15625E-1 1.15708E-1 1.20188E-1 1.27532E-1 1.30485E-1 1.3517E-1 1.45116E-1 1.46432E-1 1.56853E-1 1.60807E-1 1.58535E-1 1.36373E-1 1.43134E-1 1.41766E-1 1.6969E-1 2.05832E-1
-9999 1.0974E-1 -9999 -9999 -9999 -9999 -9999 -9999 -9999 -9999 -9999 -9999 -9999 -9999 -9999 -9999 8.86636E-2 8.76457E-2 9.03883E-2 9.19905E-2 9.82093E-2 9.70983E-2 9.70983E-2 9.7045E-2 9.79427E-2 1.01336E-1 1.03643E-1 1.03258E-1 1.05483E-1 1.05483E-1 1.00458E-1 9.80966E-2 9.9213E-2 9.6718E-2 9.78203E-2 1.03464E-1 1.06097E-1 1.07275E-1 1.15993E-1 1.00096E-1 9.67827E-2 9.89315E-2 9.80966E-2 1.01336E-1 1.00405E-1 1.01981E-1 9.98148E-2 1.00196E-1 1.04424E-1 1.09177E-1 1.12731E-1 1.16579E-1 1.19119E-1 1.32353E-1 1.40128E-1 1.35878E-1 1.25601E-1 1.29402E-1 1.32317E-1 1.37731E-1 1.36157E-1 1.36157E-1 1.297E-1 1.48757E-1 2.04192E-1
-9999 9.94626E-2 -9999 -9999 -9999 -9999 -9999 -9999 -9999 -9999 -9999 -9999 -9999 -9999 -9999 -9999 -9999 -9999 -9999 -9999 -9999 -9999 -9999 -9999 -9999 1.05483E-1 1.05483E-1 1.03139E-1 1.02703E-1 9.98148E-2 1.00196E-1 9.7045E-2 9.7045E-2 9.7045E-2 9.7045E-2 9.93292E-2 9.89315E-2 9.78203E-2 9.73817E-2 9.73817E-2 9.56244E-2 9.69891E-2 9.5941E-2 9.74398E-2 9.59167E-2 -9999 -9999 1.03258E-1 1.10563E-1 1.14264E-1 1.18046E-1 1.18527E-1 1.20402E-1 1.35258E-1 1.39459E-1 -9999 -9999 -9999 -9999 -9999 -9999 -9999 1.35007E-1 1.70868E-1 2.20585E-1
-9999 8.38981E-2 -9999 -9999 -9999 -9999 -9999 -9999 -9999 -9999 -9999 -9999 -9999 -9999 -9999 -9999 -9999 -9999 -9999 -9999 -9999 -9999 -9999 -9999 -9999 -9999 -9999 -9999 -9999 -9999 9.98148E-2 9.86852E-2 -9999 9.59167E-2 9.81427E-2 9.68296E-2 1.0155E-1 9.93292E-2 -9999 -9999 -9999 -9999 -9999 -9999 -9999 -9999 1.04678E-1 -9999 -9999 -9999 1.24567E-1 -9999 -9999 -9999 -9999 -9999 -9999 -9999 -9999 -9999 -9999 -9999 -9999 2.09686E-1 2.31938E-1
