KUENM/Final_Models/M_0.1_F_lq_Set_2_NE/sp1_stddev.asc
ncols         197
nrows         210
xllcorner     56.1666666666667
yllcorner     4.5
cellsize      0.166666666666667
NODATA_value  -9999
[rows 0 to 27 of 210, columns 65 to 129 of 197]
-9999 -9999 -9999 -9999 -9999 -9999 -9999 -9999 -9999 -9999 -9999 -9999 -9999 -9999 -9999 -9999 -9999 -9999 -9999 -9999 -9999 -9999 -9999 -9999 -9999 -9999 -9999 -9999 -9999 4.29451E-7 4.70931E-8 1.77224E-7 2.65118E-8 7.86006E-9 1.11193E-9 1.01898E-10 6.65077E-11 1.53635E-9 2.3036E-10 4.97828E-11 -9999 -9999 -9999 -9999 -9999 -9999 -9999 -9999 -9999 -9999 -9999 -9999 -9999 -9999 -9999 -9999 -9999 -9999 -9999 -9999 -9999 -9999 -9999 -9999 -9999
-9999 -9999 -9999 -9999 -9999 -9999 -9999 -9999 -9999 -9999 -9999 -9999 -9999 -9999 -9999 -9999 -9999 -9999 -9999 -9999 -9999 -9999 -9999 4.40742E-6 1.20042E-6 2.01764E-5 1.29977E-5 3.88957E-6 7.6117E-9 4.03144E-10 3.78453E-9 1.52856E-8 4.62627E-9 1.26243E-9 6.52391E-11 9.50465E-12 2.50008E-11 9.41097E-10 1.08012E-9 1.02222E-10 1.90371E-10 2.15333E-9 1.75104E-9 1.60322E-10 1.22422E-10 2.37547E-10 -9999 -9999 -9999 -9999 -9999 -9999 -9999 -9999 -9999 -9999 -9999 -9999 -9999 -9999 -9999 -9999 -9999 -9999 -9999
-9999 -9999 -9999 -9999 -9999 -9999 -9999 -9999 -9999 -9999 -9999 -9999 -9999 -9999 -9999 -9999 -9999 -9999 -9999 7.99481E-5 3.40291E-5 5.53945E-5 6.70552E-5 1.94045E-5 3.11141E-6 5.90423E-7 1.39985E-8 6.37671E-8 4.85426E-8 2.77394E-9 6.20635E-11 8.27289E-9 2.59123E-9 9.00346E-10 4.59066E-11 4.18269E-11 2.81615E-10 6.18726E-10 5.98603E-9 2.29533E-9 2.72899E-11 2.10132E-10 1.41509E-10 1.36453E-9 9.56851E-9 1.01849E-9 1.38746E-11 3.80467E-10 1.53546E-8 3.80058E-7 -9999 -9999 -9999 -9999 -9999 -9999 -9999 -9999 -9999 -9999 -9999 -9999 -9999 -9999 -9999
-9999 -9999 -9999 -9999 -9999 -9999 -9999 -9999 -9999 -9999 -9999 -9999 -9999 -9999 -9999 -9999 1.69977E-6 4.09501E-5 6.64402E-4 1.8696E-5 6.85301E-6 1.65627E-7 4.89594E-7 2.59791E-6 7.60414E-7 1.07401E-8 3.36961E-8 6.49505E-8 1.52312E-10 3.17252E-11 4.14657E-12 1.13572E-9 4.58079E-11 5.7862E-11 5.33702E-10 9.13204E-11 2.24021E-10 2.60868E-9 3.49228E-9 4.82718E-10 5.66041E-11 6.97155E-11 4.8095E-10 9.61313E-10 1.2585E-9 2.64705E-9 5.3179E-10 1.46182E-10 5.21128E-11 1.90749E-8 5.09139E-7 1.74859E-6 6.82109E-6 -9999 -9999 -9999 -9999 -9999 -9999 -9999 -9999 -9999 -9999 -9999 -9999
-9999 -9999 -9999 -9999 -9999 -9999 -9999 -9999 -9999 -9999 -9999 -9999 -9999 -9999 4.47881E-5 1.85046E-5 3.05616E-4 7.92634E-5 7.39249E-6 4.44274E-5 1.45345E-5 1.30848E-5 9.96424E-6 4.6629E-7 4.83694E-8 7.64961E-7 6.54032E-9 1.20456E-8 4.81933E-9 2.67976E-9 4.37036E-9 9.12096E-11 3.60605E-11 4.54592E-10 4.00119E-10 3.9384E-10 1.28532E-9 2.31589E-9 1.00381E-9 3.09326E-10 1.02423E-10 2.1628E-10 1.54312E-10 2.06894E-10 7.51355E-11 1.16424E-10 2.8999E-10 8.66348E-9 1.9138E-10 5.8765E-9 1.6898E-8 1.078E-7 2.55957E-7 1.47894E-6 1.97001E-5 -9999 -9999 -9999 -9999 -9999 -9999 -9999 -9999 -9999 -9999
-9999 -9999 -9999 -9999 -9999 -9999 -9999 -9999 -9999 -9999 -9999 -9999 7.23274E-3 1.43797E-3 2.14635E-4 6.16447E-5 1.28436E-4 2.77624E-4 3.93778E-5 1.55704E-5 4.38146E-6 6.90494E-7 1.03191E-6 8.86385E-7 1.42653E-7 8.05881E-9 1.4004E-9 2.37605E-9 5.47537E-7 1.81038E-7 5.5945E-9 3.453E-11 0E0 2.93801E-10 8.61434E-9 2.89735E-9 9.80888E-9 2.81485E-10 5.74101E-11 1.81675E-10 2.66518E-10 2.74922E-10 4.38397E-10 4.62272E-10 4.76833E-10 1.29897E-10 1.1639E-10 9.01067E-10 1.2029E-10 1.31006E-12 8.65424E-11 1.65195E-9 9.48519E-10 8.16538E-9 1.2592E-6 9.04213E-6 2.30115E-5 -9999 -9999 -9999 -9999 -9999 -9999 -9999 -9999
-9999 -9999 -9999 -9999 -9999 -9999 -9999 -9999 -9999 -9999 1.07457E-2 6.06257E-3 5.68323E-3 5.71843E-3 2.16227E-3 1.13355E-3 1.67164E-3 6.3551E-4 2.69005E-4 3.13426E-5 1.47695E-6 1.2998E-6 2.74478E-5 3.68952E-5 1.53928E-5 2.71124E-7 2.64333E-7 9.83599E-7 7.92392E-8 5.11789E-8 1.50536E-8 3.5219E-10 3.6775E-9 1.39624E-8 5.93358E-9 1.87388E-9 1.78305E-9 1.16115E-10 3.29123E-11 7.07662E-11 8.22152E-11 4.70397E-10 1.65212E-9 9.99945E-10 1.12601E-9 5.09816E-10 1.13687E-10 1.58917E-10 1.47031E-9 3.99321E-11 4.40428E-11 5.57805E-10 4.88813E-9 1.97378E-8 1.18887E-8 4.05147E-7 1.77916E-6 1.05652E-5 2.70568E-5 -9999 -9999 -9999 -9999 -9999 -9999
-9999 -9999 -9999 -9999 -9999 -9999 -9999 -9999 6.9058E-3 3.917E-3 7.9691E-3 1.80801E-2 1.09864E-2 3.64557E-3 4.4383E-3 6.87008E-3 4.16181E-3 2.34538E-3 5.5673E-4 2.09115E-5 1.24307E-6 4.88881E-5 1.79601E-7 1.73811E-6 1.97448E-8 2.68738E-6 8.30369E-6 2.16641E-7 2.49613E-8 1.59151E-8 6.07568E-9 1.55192E-7 5.27309E-8 2.06375E-8 4.17385E-9 4.01036E-9 1.49524E-9 1.03066E-9 1.58769E-9 4.19203E-10 2.64975E-10 6.7966E-10 2.94239E-9 1.43686E-9 3.67783E-10 1.35622E-10 2.30555E-10 8.91713E-10 1.36109E-12 9.78813E-12 1.07515E-11 2.09017E-10 1.17308E-9 6.82652E-9 4.69183E-9 3.22962E-8 1.262E-7 3.06421E-6 1.16482E-5 2.7662E-5 3.86297E-5 -9999 -9999 -9999 -9999
-9999 -9999 -9999 -9999 -9999 -9999 -9999 4.56735E-3 6.86934E-3 5.89388E-3 1.56654E-2 1.48355E-2 9.0305E-3 1.43925E-2 1.30721E-2 1.10613E-2 8.41954E-3 6.07573E-3 3.19571E-4 1.1801E-4 7.46694E-5 1.86094E-6 1.64768E-8 2.64027E-8 7.20436E-9 1.64438E-6 2.75467E-7 7.22387E-8 6.78208E-8 4.38844E-7 2.06944E-7 3.39447E-8 1.50389E-9 8.82093E-10 5.035E-10 8.7288E-10 1.67323E-10 2.63963E-10 2.73042E-10 1.08361E-9 1.6841E-9 3.50229E-9 1.2805E-9 3.20943E-9 3.05351E-9 2.07567E-9 2.01777E-10 2.19915E-10 3.79784E-9 2.73161E-10 4.74476E-11 4.73767E-10 8.50792E-9 3.36798E-8 1.77677E-7 5.95695E-7 1.91636E-7 1.85161E-6 4.33778E-6 2.43687E-5 3.30419E-5 3.75813E-5 -9999 -9999 -9999
-9999 -9999 -9999 -9999 -9999 -9999 2.50072E-3 7.38145E-3 2.52497E-3 9.17898E-3 1.22567E-2 1.22851E-2 1.16457E-2 1.47699E-2 1.06284E-2 1.70672E-2 1.76021E-2 3.72114E-3 3.32778E-4 1.10544E-3 1.35629E-6 3.07637E-6 5.72442E-7 2.18675E-8 6.1783E-7 1.06527E-5 1.83651E-6 3.76219E-6 2.44833E-7 9.17129E-8 2.65891E-9 6.47693E-10 2.60804E-10 6.49014E-10 1.1049E-9 1.8601E-9 1.89312E-10 2.45811E-10 3.81872E-10 6.92569E-10 4.48192E-10 7.23959E-10 8.69015E-10 8.59178E-10 5.7495E-10 1.70874E-9 6.05411E-10 6.55208E-11 5.13599E-9 1.30382E-8 1.35627E-9 1.67276E-10 2.20475E-8 5.99015E-9 1.01139E-7 1.92644E-6 1.21696E-6 7.95221E-6 1.37635E-5 2.06074E-5 2.69081E-5 3.75813E-5 3.81022E-5 -9999 -9999
-9999 -9999 -9999 -9999 5.5889E-3 4.30628E-3 3.88915E-3 6.07157E-3 5.51929E-3 8.92307E-3 1.02354E-2 1.16898E-2 1.2159E-2 1.415E-2 1.52323E-2 1.88938E-2 1.22609E-2 1.76574E-3 1.25986E-4 1.80126E-3 1.57336E-5 8.66217E-7 1.94789E-7 6.74153E-7 3.16289E-6 4.06227E-8 2.05175E-8 2.13615E-6 8.99152E-9 6.01714E-8 3.60094E-8 3.42338E-8 2.6075E-8 1.12006E-8 3.87148E-9 1.33903E-8 7.6878E-9 7.66262E-9 1.95983E-9 1.37355E-9 1.8817E-9 7.23959E-10 3.91602E-10 5.03894E-10 5.87989E-10 8.12252E-10 9.59543E-10 3.53031E-11 1.20769E-10 2.8144E-8 7.96931E-9 7.31161E-9 4.07854E-9 1.11338E-8 6.57724E-9 1.8986E-8 2.6941E-7 2.97291E-6 4.97316E-6 8.23576E-6 9.46348E-6 1.81742E-5 2.40344E-5 2.72827E-5 3.14227E-5
-9999 -9999 -9999 4.49829E-3 4.82186E-3 4.56397E-3 6.03479E-3 6.02878E-3 8.23951E-3 9.50003E-3 1.01371E-2 1.163E-2 9.57977E-3 1.14144E-2 1.73731E-2 1.95713E-2 1.55219E-2 1.05018E-2 3.24824E-3 2.17869E-3 2.31558E-4 2.33823E-5 8.46745E-7 4.29386E-6 1.066E-6 3.37211E-8 3.06185E-7 9.15688E-7 7.3105E-7 1.1715E-8 1.19809E-9 8.20625E-10 3.31624E-9 8.24251E-9 7.68931E-10 4.9854E-9 4.10448E-9 1.11114E-9 2.02516E-10 2.25456E-10 3.68159E-10 2.32934E-10 4.36258E-10 5.88761E-10 5.9516E-10 2.48285E-10 6.77761E-10 1.34896E-10 3.12535E-11 8.55739E-10 3.78364E-9 2.36333E-9 4.83918E-10 3.5993E-10 2.77811E-9 3.57378E-9 2.46899E-8 3.3137E-7 1.32077E-6 1.15244E-6 7.84319E-6 1.19808E-5 1.29305E-5 1.15724E-5 1.17336E-5
-9999 -9999 4.32728E-3 4.39038E-3 4.97469E-3 4.09956E-3 6.33925E-3 5.94962E-3 7.94384E-3 9.91673E-3 1.02764E-2 1.08755E-2 1.04026E-2 9.02264E-3 1.81043E-2 1.92233E-2 1.13454E-2 1.166E-3 8.07603E-4 1.34485E-4 1.90538E-5 1.66899E-5 5.54875E-6 5.49426E-6 1.25817E-6 1.26312E-7 1.34815E-6 2.64699E-6 8.84164E-8 3.22263E-9 5.95825E-9 3.0713E-8 5.53774E-8 6.41892E-9 1.37649E-9 1.31898E-9 2.6016E-9 5.22944E-9 2.80604E-9 1.47188E-9 1.02915E-9 5.49233E-10 2.71753E-10 1.0413E-10 2.90144E-10 3.87412E-10 9.47501E-10 2.38208E-10 3.33412E-11 5.95489E-11 2.5843E-9 7.15846E-11 7.32449E-10 1.5642E-9 1.39135E-9 2.75275E-8 2.23383E-9 1.33382E-7 6.16123E-7 2.74729E-6 1.61742E-6 3.79831E-6 6.09793E-6 7.01331E-6 6.91727E-6
-9999 4.09514E-3 4.24348E-3 5.2393E-3 5.40785E-3 4.60752E-3 6.83796E-3 6.50309E-3 9.41171E-3 1.04177E-2 1.18573E-2 1.38633E-2 1.53651E-2 1.26218E-2 1.70465E-2 1.47688E-2 7.32988E-3 6.32933E-4 9.45078E-4 1.36743E-3 2.00179E-3 3.70314E-4 1.92128E-5 1.133E-5 1.90894E-6 5.12772E-8 7.16083E-7 2.3506E-7 2.04762E-7 1.26134E-7 1.71363E-7 5.76978E-8 8.3387E-9 1.77479E-9 4.8857E-9 1.05439E-8 3.31915E-9 4.05327E-10 7.80091E-11 1.79529E-10 1.46086E-10 8.04386E-11 2.46177E-10 5.40295E-10 1.06158E-10 1.71133E-11 1.91662E-11 1.23012E-11 2.21682E-11 1.51771E-10 4.86109E-9 5.64667E-11 2.08376E-10 1.84295E-8 5.76064E-8 5.71871E-9 5.47234E-10 8.32572E-9 5.73964E-7 6.24573E-7 8.86745E-7 9.50393E-7 1.00455E-6 1.43285E-6 1.2339E-6
4.42696E-3 4.36663E-3 4.72726E-3 5.04016E-3 5.76575E-3 4.90072E-3 6.93002E-3 7.34652E-3 8.81323E-3 1.03322E-2 1.15507E-2 1.1455E-2 1.43024E-2 1.67357E-2 1.71099E-2 1.4133E-2 4.34819E-3 1.17185E-3 4.57927E-3 2.81411E-3 9.59463E-4 1.57463E-3 4.09227E-4 5.392E-5 6.00229E-6 2.47729E-6 1.08377E-6 4.19227E-8 3.36814E-9 2.24707E-8 2.24583E-9 1.35073E-9 3.86251E-9 1.66701E-8 4.17135E-8 9.62855E-10 1.71353E-10 1.35342E-10 7.65049E-10 1.27335E-9 6.56097E-10 1.14469E-9 4.67315E-10 5.14168E-11 1.48866E-11 1.71133E-11 4.43074E-11 1.17808E-10 5.80916E-11 1.71751E-11 4.96653E-10 1.03512E-10 2.83143E-11 4.43281E-9 5.69432E-10 8.81107E-10 2.20413E-9 1.27116E-8 2.43485E-7 8.83527E-8 6.64288E-8 2.12533E-8 1.38173E-7 5.89396E-8 1.18623E-7
4.95416E-3 4.7929E-3 5.18371E-3 5.31455E-3 5.65713E-3 6.18401E-3 6.90907E-3 7.53204E-3 8.4503E-3 9.99919E-3 1.16414E-2 1.17867E-2 1.37484E-2 1.2925E-2 1.16893E-2 9.01576E-3 1.00689E-2 5.39003E-3 9.18833E-3 2.19304E-3 4.97756E-4 1.68724E-5 8.02109E-5 3.39582E-4 2.28678E-5 4.04852E-8 9.14897E-8 1.81556E-7 5.40566E-10 1.76704E-9 7.91795E-8 4.67876E-7 4.22304E-8 3.71266E-9 6.13172E-9 6.76185E-9 6.81598E-9 1.5924E-9 3.36395E-8 1.3947E-9 4.67779E-10 5.08417E-10 5.35747E-11 4.28547E-11 5.36085E-11 5.24632E-11 9.05845E-11 3.07457E-11 8.98076E-11 1.62809E-11 4.27081E-12 6.48225E-11 1.81339E-11 6.84475E-9 5.25581E-10 8.34975E-11 2.64479E-10 2.31045E-10 5.90787E-9 1.65882E-8 1.54743E-8 1.02836E-9 8.47115E-9 2.42919E-9 1.31471E-9
5.08361E-3 5.11242E-3 4.00632E-3 4.60831E-3 5.15577E-3 6.24199E-3 6.18428E-3 7.46531E-3 6.55045E-3 7.23459E-3 1.19363E-2 1.43128E-2 1.28525E-2 9.86876E-3 1.30734E-2 1.08106E-2 4.32944E-3 1.16473E-3 2.51599E-3 2.958E-4 4.84825E-5 1.0206E-6 3.7369E-6 1.27285E-4 1.12871E-5 1.23184E-8 5.99394E-8 6.70816E-6 3.56922E-8 7.2296E-7 2.39467E-8 2.92853E-10 3.2165E-10 2.33654E-8 6.5665E-9 2.27723E-8 3.32198E-9 1.32042E-9 3.06107E-9 6.94103E-10 1.70645E-10 3.34877E-10 7.6414E-10 2.83561E-10 3.33475E-10 4.85297E-10 1.18329E-8 1.39137E-9 7.4429E-11 2.12758E-11 5.28122E-12 3.06214E-12 3.29762E-11 2.46372E-11 4.5517E-9 5.71179E-12 5.72457E-12 4.76694E-11 5.81482E-11 2.50785E-10 5.46966E-10 2.83585E-10 3.42551E-10 2.64952E-10 8.35362E-12
2.11326E-3 6.64458E-4 3.81406E-4 7.94191E-4 1.8321E-3 2.03246E-3 3.23637E-3 4.34644E-3 5.82781E-3 5.69521E-3 7.1003E-3 1.23456E-2 1.04413E-2 5.33861E-3 7.78208E-3 3.81757E-3 2.06201E-3 1.1621E-3 5.30428E-6 2.82864E-4 3.9256E-6 3.60422E-8 9.95682E-6 5.82066E-5 5.74584E-7 2.8364E-7 2.47836E-6 2.21062E-8 3.21017E-8 6.72563E-10 7.51338E-11 3.62163E-9 6.09715E-7 1.06733E-7 3.48037E-8 5.4374E-8 9.24013E-9 2.17304E-8 7.63114E-8 3.26464E-9 4.7698E-8 1.89053E-8 1.97199E-8 1.472E-10 2.54525E-11 2.99731E-10 8.0928E-9 1.24172E-8 1.34651E-10 1.86279E-11 1.12946E-11 2.38747E-12 1.19943E-12 4.11367E-10 2.10465E-9 1.78122E-9 5.77003E-10 1.58815E-12 7.24597E-12 8.9211E-12 1.57047E-11 5.29446E-12 1.73245E-12 2.09235E-12 4.76634E-12
5.76624E-4 3.26186E-5 5.62348E-5 4.68674E-4 1.26831E-3 2.0035E-3 1.37605E-3 1.70169E-3 3.58224E-3 5.08276E-3 6.37435E-3 7.16393E-3 5.01793E-3 5.10414E-3 3.32311E-3 4.51866E-4 2.77951E-6 9.42288E-5 3.70102E-7 2.46506E-7 8.92993E-9 1.31713E-9 1.10373E-5 1.03672E-7 5.92643E-9 7.65566E-8 4.13028E-8 2.71262E-9 1.24221E-10 2.24237E-10 5.61247E-8 4.86977E-7 6.65466E-6 8.48339E-7 7.24125E-8 2.4903E-9 9.81437E-9 2.27946E-7 6.06595E-7 7.43307E-9 6.63423E-8 2.9715E-7 6.48599E-10 3.13534E-8 9.97579E-10 3.29892E-10 6.7409E-10 3.69381E-8 1.0862E-10 2.70144E-10 1.16357E-9 2.24438E-11 1.30739E-11 3.83819E-11 2.11098E-10 1.17073E-11 3.24898E-11 1.27489E-10 3.76162E-10 3.85293E-11 9.95188E-11 4.09222E-11 3.39457E-11 3.12306E-12 1.87581E-11
7.42245E-4 2.91943E-4 1.78773E-4 2.45551E-4 7.22162E-4 1.12312E-3 1.00203E-3 1.19158E-3 2.03739E-3 3.99445E-3 6.30088E-3 5.91403E-3 4.69715E-3 2.99414E-3 5.05008E-6 5.32503E-5 6.4234E-9 1.25666E-5 2.42886E-6 7.5469E-9 4.29206E-11 7.78034E-9 3.38569E-7 3.00483E-10 2.05123E-9 3.64364E-9 1.72403E-9 5.30739E-8 1.53066E-8 4.12844E-9 4.7086E-6 3.41972E-5 2.44926E-6 3.52361E-7 3.11769E-8 4.75278E-8 2.63315E-8 1.9011E-7 9.58996E-7 8.34321E-7 9.6003E-6 2.89907E-8 8.34846E-9 6.92492E-7 5.28649E-7 5.01192E-7 3.48304E-7 4.42414E-9 1.78611E-11 8.13077E-13 2.08136E-11 1.99124E-11 1.85009E-11 6.13266E-12 1.15594E-12 7.4109E-11 2.86055E-12 2.36744E-11 3.67388E-11 1.97735E-11 4.76634E-12 2.84508E-12 4.64298E-12 3.39457E-11 6.96627E-12
6.13578E-4 3.5755E-4 1.24957E-4 1.17889E-4 1.13909E-4 7.90739E-5 3.66396E-4 4.63516E-4 6.70062E-4 4.61879E-3 5.02059E-3 4.74697E-3 5.77344E-3 9.59283E-4 3.85751E-5 7.09396E-4 3.42106E-6 1.20884E-8 3.51486E-8 8.40286E-8 3.50704E-10 4.72042E-9 3.27764E-7 2.49475E-8 1.52259E-9 4.0953E-9 4.67263E-8 9.25454E-7 8.26032E-6 3.98631E-6 4.03288E-5 9.6811E-9 1.81213E-7 4.99344E-8 6.3328E-8 5.41862E-8 1.05581E-7 4.99582E-8 3.81012E-8 9.54087E-9 1.7618E-7 3.21722E-6 4.15746E-6 2.23272E-5 1.4119E-8 6.54911E-9 1.85077E-10 7.81592E-11 2.74326E-10 1.66483E-10 1.65219E-11 3.94837E-12 1.04731E-12 2.92498E-12 2.95048E-12 3.77126E-12 1.71832E-10 2.8617E-11 2.68417E-12 5.57797E-12 5.18714E-13 2.88246E-12 3.86006E-12 2.07656E-11 2.54295E-11
9.59493E-5 1.96892E-4 1.30874E-4 1.77812E-5 5.12225E-6 5.13334E-5 2.12683E-4 5.78002E-5 5.89591E-4 4.81763E-3 4.74825E-3 3.44805E-3 1.32904E-3 3.1103E-4 2.75884E-6 1.10172E-4 3.3232E-7 5.37497E-10 1.17614E-9 1.20772E-10 5.08412E-9 5.32618E-8 2.16545E-9 4.48164E-8 1.44144E-10 7.53179E-8 9.19538E-8 6.63376E-7 1.98903E-4 4.9092E-5 6.60222E-7 5.33345E-9 1.2866E-8 4.40421E-9 7.37527E-9 8.98067E-9 6.02129E-9 2.61875E-8 7.96305E-8 5.61816E-8 3.08206E-8 1.98979E-8 8.50496E-8 2.84959E-5 8.94688E-5 7.97148E-7 7.0909E-7 1.76281E-10 4.19523E-10 4.22615E-9 2.90479E-9 1.14533E-10 3.81473E-11 5.45488E-11 4.21845E-12 1.56376E-12 5.89866E-13 4.96127E-13 2.11094E-11 3.85291E-12 4.37384E-13 5.18714E-13 6.03531E-12 2.13212E-11 4.70431E-12
1.95074E-5 1.89237E-5 1.57188E-5 7.50725E-6 2.304E-5 6.14744E-5 1.01853E-5 1.762E-6 2.95561E-4 1.9761E-3 3.75633E-3 1.77951E-3 5.36673E-4 1.95147E-4 2.35192E-5 1.83698E-8 6.96231E-10 4.5505E-10 2.17794E-9 6.06543E-10 1.49853E-10 2.46094E-10 6.85795E-9 3.83347E-10 3.63447E-9 1.4363E-7 6.10907E-7 8.35051E-7 1.79369E-3 3.26586E-6 6.43856E-7 1.124E-8 4.74404E-8 1.14598E-7 7.05314E-8 2.01864E-7 9.11729E-8 2.64937E-7 5.02548E-6 2.47823E-6 6.71612E-7 2.40711E-6 4.38263E-8 2.82052E-8 2.77827E-7 2.65172E-4 1.04768E-5 1.78682E-8 9.58684E-9 1.13082E-9 3.16289E-8 1.25348E-8 9.78024E-10 2.33811E-9 2.71999E-11 1.31325E-10 1.63649E-11 1.11379E-12 3.14281E-12 3.9029E-12 1.56799E-12 4.31852E-13 0E0 1.47045E-12 6.52796E-12
5.40675E-7 2.61537E-6 8.01558E-7 2.67817E-6 6.44596E-6 8.96693E-6 8.47174E-7 9.11159E-6 5.64304E-4 1.66399E-3 2.6731E-3 2.11275E-3 6.21396E-4 2.27616E-4 1.18806E-5 1.08035E-7 6.85353E-9 3.64701E-7 4.42411E-9 8.26305E-10 8.12428E-9 6.21059E-10 3.45525E-10 1.88217E-9 8.95788E-9 2.93586E-6 9.64492E-7 4.63612E-6 3.68746E-3 4.28745E-5 7.76965E-7 2.41308E-6 2.2818E-6 5.51839E-6 8.29922E-7 9.41883E-6 8.00613E-7 3.94518E-6 3.70618E-4 1.77743E-3 1.14343E-3 8.20838E-4 4.05405E-5 5.953E-7 3.51139E-8 1.03627E-4 4.53063E-7 5.5931E-8 4.8764E-7 4.61083E-7 3.9218E-8 3.51864E-7 9.22331E-10 1.61971E-10 2.27936E-10 1.0619E-11 7.62967E-11 1.10003E-12 5.68317E-13 1.16167E-12 4.71869E-13 5.59922E-13 3.4568E-13 2.23268E-12 3.2903E-12
6.01934E-7 2.79807E-7 8.67194E-7 1.36496E-6 1.02688E-5 7.08349E-6 1.98047E-5 4.68606E-4 1.48271E-4 1.12089E-5 7.42448E-7 4.60204E-7 7.19864E-8 2.76606E-9 1.01289E-9 5.86249E-8 5.76646E-7 2.0665E-9 1.37772E-8 8.04721E-8 1.23538E-8 3.35888E-9 1.69859E-8 1.35646E-7 2.519E-8 6.12098E-6 6.40192E-4 2.189E-3 1.08689E-3 1.1503E-5 4.76275E-4 1.14793E-4 2.56234E-6 2.65705E-5 1.8169E-7 1.00617E-4 4.76847E-4 6.19078E-3 1.40512E-5 8.73707E-6 1.58265E-4 1.7567E-3 3.59528E-3 1.25283E-3 2.67094E-4 2.25305E-6 2.25397E-7 1.18313E-7 1.45892E-9 7.08379E-10 5.34626E-7 1.02009E-6 1.946E-6 4.36861E-10 4.98232E-10 8.98076E-11 8.37825E-10 1.18646E-10 4.03429E-11 1.48069E-12 1.18642E-11 0E0 0E0 2.7294E-12 2.7294E-12
4.3967E-7 3.25813E-7 3.77349E-7 8.46745E-6 1.0508E-5 6.94238E-5 5.21107E-5 2.15349E-5 1.42583E-7 2.13997E-8 8.84127E-10 6.47264E-9 1.61785E-7 3.3494E-5 5.1116E-5 8.90946E-7 4.71867E-8 8.18766E-10 1.94511E-7 3.06026E-5 1.52176E-6 1.14808E-8 1.20538E-6 7.3394E-6 1.82598E-6 2.42669E-5 1.45527E-3 2.82734E-3 5.74016E-5 1.31172E-3 3.86967E-4 4.87432E-6 7.83595E-6 3.58364E-4 8.12837E-7 1.01241E-5 4.50544E-4 2.85009E-3 7.51521E-6 4.74071E-7 5.23629E-7 9.70942E-7 9.30359E-6 5.77571E-6 2.90023E-8 2.79361E-10 2.47474E-7 3.54158E-7 4.67259E-9 9.12106E-10 1.62784E-9 9.85196E-7 5.21983E-8 4.01541E-7 2.49856E-8 5.33919E-8 1.42149E-7 4.28637E-8 8.66775E-10 2.86803E-11 8.35621E-12 1.22695E-10 1.17655E-12 5.67056E-13 1.18642E-11
1.86258E-7 6.7348E-8 3.33671E-7 1.70489E-6 1.89017E-6 1.84083E-6 2.54694E-6 6.2664E-8 4.63672E-8 6.10107E-8 4.61288E-6 6.3077E-5 3.44331E-4 7.14378E-3 2.64392E-3 3.65167E-5 1.61785E-7 2.31576E-7 4.42881E-7 1.45461E-4 5.30062E-4 2.12015E-5 1.68351E-4 9.06788E-4 5.33894E-6 2.24347E-3 5.93562E-3 2.88877E-4 1.01205E-3 1.34981E-3 1.81801E-3 3.93852E-4 2.39658E-3 7.25046E-4 4.55025E-5 5.99447E-3 3.01403E-3 1.96481E-5 8.48563E-7 1.78879E-7 3.20995E-7 1.63556E-7 1.04881E-7 4.95242E-8 5.54517E-9 4.52311E-9 3.13797E-7 3.57634E-8 2.60452E-8 1.90946E-9 4.73076E-9 2.63126E-9 1.06235E-9 8.89896E-8 6.89027E-8 5.47915E-10 1.60774E-8 6.77761E-10 3.15921E-10 3.73535E-11 5.28851E-12 2.69307E-10 1.9583E-11 1.5187E-12 7.82284E-12
9.87315E-8 1.86258E-7 2.00886E-7 4.71568E-7 3.64543E-7 9.70681E-7 2.69683E-6 1.47767E-6 4.74758E-6 3.14234E-5 5.56443E-5 1.61222E-5 4.96897E-4 6.80994E-3 6.20069E-3 7.50329E-3 7.01189E-4 3.21966E-6 3.69498E-3 5.64499E-4 2.12118E-2 4.16976E-5 7.84322E-4 7.8714E-3 1.49471E-2 2.17955E-2 4.16317E-3 1.33561E-2 1.32795E-2 7.75453E-3 1.59121E-3 2.19019E-3 8.40302E-3 1.24746E-3 2.05368E-3 5.57448E-3 2.58523E-4 7.9461E-6 8.70088E-7 2.16101E-6 2.43327E-6 3.94108E-7 3.53374E-7 1.61948E-6 1.58053E-6 7.75803E-8 3.64342E-8 1.5728E-7 1.94585E-8 1.22444E-8 1.73279E-8 1.25235E-9 2.04202E-10 3.05888E-10 6.47966E-9 4.29418E-8 1.96894E-10 7.20317E-9 1.35597E-8 2.94538E-10 1.27523E-10 2.37109E-11 1.75722E-9 2.43251E-11 6.1151E-13
