KUENM/Final_Models/M_0.1_F_lq_Set_2_NE/sp1_3_se_asia.asc
ncols         320
nrows         243
xllcorner     44.0
yllcorner     -0.666666666666667
cellsize      0.166666666666667
NODATA_value  -9999
[rows 31 to 61 of 243, columns 140 to 209 of 320]
2.89061E-9 7.64011E-10 1.40447E-9 3.32689E-10 3.92833E-9 2.42296E-8 3.32859E-9 3.14664E-9 2.30719E-8 2.90262E-6 9.04463E-4 2.19812E-3 1.4992E-3 1.21672E-2 4.67141E-2 7.03198E-2 1.16185E-1 1.29901E-1 1.35393E-1 1.63196E-1 1.70024E-1 1.61479E-1 6.62189E-2 2.44545E-1 2.88232E-1 1.65019E-1 2.17752E-1 2.65762E-1 2.43681E-1 4.07135E-2 4.71077E-2 1.23021E-2 1.32882E-2 4.34396E-4 1.06489E-3 7.60666E-4 5.06437E-4 1.52272E-5 6.55892E-6 1.42846E-4 4.90324E-5 6.12652E-4 1.28952E-4 6.08496E-7 2.59087E-7 2.07341E-7 4.81388E-8 1.07785E-9 6.75196E-12 1.83986E-11 2.37791E-11 3.58318E-10 1.63744E-8 1.01876E-9 3.96145E-9 1.6964E-9 6.90162E-14 7.9283E-15 9.96776E-15 8.84103E-14 3.44739E-10 2.61278E-8 6.53028E-14 2.611E-17 8.17579E-17 1.31811E-14 -9999 -9999 -9999 -9999
2.01221E-8 4.50809E-8 1.95193E-7 2.35426E-7 6.00231E-8 6.75525E-8 4.38892E-8 8.50974E-7 2.27927E-5 4.15752E-5 4.69094E-4 7.40849E-4 3.96203E-4 6.29519E-4 7.61331E-3 2.55928E-2 8.84049E-2 1.28009E-1 1.14042E-1 1.3835E-1 1.8623E-1 2.09874E-1 2.104E-1 2.69613E-1 3.00122E-1 3.30951E-1 4.29227E-1 4.49945E-1 4.23729E-1 2.6314E-1 1.40678E-1 8.72979E-2 2.47597E-2 2.89295E-3 4.6731E-4 8.56074E-5 3.55109E-4 1.50903E-3 2.83181E-3 2.16428E-5 2.88428E-4 8.1786E-3 2.08963E-3 2.47098E-3 1.06888E-5 1.22084E-8 2.27087E-9 5.4567E-10 1.78683E-11 1.20464E-10 4.16689E-10 3.46297E-10 7.1481E-10 1.08992E-9 7.63131E-10 2.67306E-9 5.18055E-9 4.47483E-12 4.12666E-14 3.05211E-15 1.31811E-14 3.36348E-14 4.6376E-10 2.86367E-14 2.67599E-16 3.30368E-13 2.57632E-16 9.76649E-17 4.77983E-16 -9999
1.04969E-7 1.25395E-8 1.10827E-8 1.33136E-7 2.9422E-7 1.46281E-6 1.06441E-6 1.84459E-6 8.35021E-6 4.66263E-5 4.91911E-4 2.55395E-4 5.79726E-6 7.64687E-6 1.10223E-3 7.37095E-3 6.46181E-2 1.27644E-1 1.53797E-1 1.59063E-1 1.75836E-1 2.18723E-1 2.57993E-1 2.87228E-1 3.39865E-1 4.11426E-1 4.58382E-1 4.80132E-1 4.85535E-1 4.81412E-1 4.11927E-1 2.25162E-1 3.88123E-2 3.34002E-2 1.6369E-3 7.48306E-4 6.9316E-4 1.3085E-2 1.18423E-3 2.83522E-5 2.57121E-6 1.02937E-3 1.04977E-2 1.41486E-2 1.8068E-3 4.40811E-5 2.01221E-7 2.14163E-8 8.81229E-10 2.89027E-11 1.08487E-12 2.70427E-10 1.80886E-11 6.64552E-12 5.52488E-12 2.70692E-11 1.94025E-10 1.75808E-9 2.33595E-9 1.14635E-8 4.79397E-11 2.31051E-12 5.28923E-13 4.4191E-12 2.74504E-12 3.65873E-13 5.57371E-15 1.59641E-15 3.42813E-14 4.26017E-15
2.43498E-8 1.80066E-8 1.76664E-8 1.37053E-7 4.54896E-7 4.35501E-7 3.49966E-6 1.86121E-5 6.91095E-5 1.92266E-4 4.90668E-4 1.40369E-4 3.68899E-7 4.99457E-6 3.98712E-6 9.11702E-8 6.53841E-6 1.50691E-3 1.67409E-2 7.73349E-2 1.58937E-1 1.54428E-1 1.80335E-1 2.22565E-1 3.51783E-1 3.85756E-1 4.49264E-1 4.84258E-1 4.9197E-1 4.85134E-1 4.95523E-1 4.85278E-1 3.01377E-1 2.64865E-1 1.04993E-2 2.94828E-3 4.55326E-4 4.56247E-2 9.33825E-3 1.17533E-3 1.0922E-3 2.53164E-5 3.33186E-4 8.44027E-3 1.25912E-2 2.00684E-3 2.0431E-6 9.50994E-8 4.18185E-9 5.86453E-10 2.41557E-12 1.39916E-10 8.72333E-14 4.94302E-13 2.06744E-13 1.03184E-13 3.5827E-14 1.91872E-11 3.30052E-12 1.37828E-9 9.04221E-10 1.94975E-7 1.79059E-10 1.59299E-14 5.50695E-12 1.53717E-12 1.32274E-13 2.44649E-15 -9999 -9999
1.4306E-8 8.04989E-9 5.43355E-9 6.30711E-8 7.28022E-8 1.66453E-7 1.75378E-6 9.15867E-6 4.31558E-5 3.00407E-4 3.02282E-4 3.08539E-5 1.24025E-6 2.846E-5 3.00941E-4 2.48825E-3 5.40445E-3 1.74554E-4 1.44866E-5 1.08621E-4 4.11292E-3 4.84336E-2 1.57183E-1 2.56216E-1 3.80084E-1 4.01217E-1 4.29061E-1 3.98374E-1 4.13884E-1 4.79791E-1 5.03871E-1 4.85535E-1 3.67963E-1 2.60592E-1 2.72377E-2 1.83806E-2 1.05596E-2 9.58315E-2 6.15819E-2 3.31938E-3 1.51181E-3 3.1076E-5 4.65845E-8 6.92799E-5 3.14126E-3 1.37439E-2 3.06346E-3 6.48761E-5 1.40603E-8 2.4305E-8 1.52295E-10 4.4621E-12 1.66928E-12 2.97288E-13 2.58787E-13 4.90595E-13 3.34331E-12 3.07524E-11 5.61801E-10 1.99309E-9 8.02764E-12 5.51708E-12 4.31938E-8 3.48774E-13 2.49737E-14 5.20687E-13 5.08006E-13 9.1939E-12 6.31552E-16 -9999
2.82469E-8 2.08654E-9 2.30837E-8 5.70011E-8 7.40478E-8 3.80819E-6 1.74731E-5 1.35317E-5 7.22279E-6 4.98354E-5 1.63056E-5 1.20214E-5 5.03827E-5 7.8184E-5 2.33731E-3 7.29404E-3 3.82973E-2 8.09926E-2 3.90398E-2 6.20158E-3 1.22926E-2 2.07702E-2 1.12835E-1 2.12512E-1 2.99802E-1 3.89574E-1 3.01937E-1 3.73592E-1 4.56717E-1 4.65291E-1 4.85966E-1 4.81196E-1 4.24074E-1 2.17482E-1 9.25418E-2 8.49952E-2 8.91065E-2 1.43583E-1 6.14076E-2 1.31386E-1 1.18979E-1 9.98099E-3 5.58322E-7 9.92957E-8 1.01186E-4 3.73218E-3 1.69248E-2 4.7582E-3 2.32599E-6 2.5345E-7 5.48278E-8 2.6541E-9 1.20267E-12 5.69E-14 3.17268E-12 1.72106E-12 8.84297E-12 3.5945E-10 1.51764E-13 1.38823E-11 9.10708E-13 3.2514E-14 2.08022E-10 2.10434E-10 2.99335E-14 9.92664E-16 3.80774E-14 4.02145E-13 1.01644E-11 -9999
1.8239E-8 1.21785E-9 6.44551E-8 1.0184E-7 5.64526E-7 6.33217E-6 7.23238E-5 4.15374E-5 2.29565E-5 2.9243E-5 1.03233E-4 1.43699E-4 2.94441E-5 1.78707E-5 2.87953E-3 4.73763E-2 8.97401E-2 1.55878E-1 1.25717E-1 6.01438E-2 1.15132E-1 1.51569E-1 3.049E-1 3.92714E-1 4.66513E-1 4.3383E-1 4.25355E-1 4.77103E-1 4.74362E-1 4.55106E-1 4.6045E-1 4.67333E-1 4.35342E-1 3.13929E-1 2.07938E-1 1.82661E-1 1.43567E-1 1.50391E-1 1.87353E-1 2.28273E-1 1.88605E-1 4.77152E-2 1.95782E-4 2.14426E-8 4.74715E-7 6.39374E-5 4.37014E-4 5.46832E-4 7.53043E-6 2.98958E-7 7.03381E-6 3.52078E-8 1.12219E-10 5.56719E-12 6.06456E-13 7.28872E-13 4.70948E-11 5.5869E-10 1.61254E-11 2.86852E-13 5.45781E-12 4.81736E-14 1.33815E-12 1.24012E-13 1.69796E-11 4.99046E-15 3.77489E-16 2.68207E-13 1.85005E-11 -9999
7.66297E-8 1.23093E-8 4.31506E-8 2.60468E-8 1.81951E-6 4.18684E-5 1.7651E-4 2.20674E-4 1.2479E-4 3.2313E-4 3.2977E-4 1.9853E-5 3.34952E-4 6.07103E-4 1.91248E-2 8.59497E-2 1.50096E-1 1.6307E-1 2.12055E-1 2.49394E-1 2.81717E-1 3.00862E-1 3.66734E-1 4.58382E-1 5.0967E-1 5.03848E-1 4.8876E-1 4.90478E-1 4.83491E-1 4.71997E-1 4.81478E-1 4.74033E-1 4.66745E-1 4.50008E-1 3.64775E-1 3.22234E-1 2.82849E-1 2.05229E-1 1.42047E-1 1.82695E-1 2.13431E-1 1.49917E-1 4.03784E-2 6.12602E-5 2.86075E-4 1.07323E-5 3.73736E-6 6.72561E-5 1.1701E-6 8.01418E-5 7.15068E-4 3.37593E-5 8.06558E-9 1.22083E-8 1.57739E-9 2.73592E-13 2.98557E-13 3.37091E-10 2.91217E-13 5.11886E-12 8.69865E-13 9.53523E-13 3.83266E-13 8.46428E-13 7.92203E-13 1.76387E-12 1.97902E-14 5.28587E-15 1.07884E-13 -9999
3.27559E-7 2.7555E-7 3.99416E-7 6.68827E-6 5.33503E-5 1.47021E-4 2.28177E-4 1.79129E-4 2.97148E-4 3.25702E-4 5.79889E-5 1.20213E-5 3.89898E-4 5.28718E-3 4.43655E-2 8.22424E-2 9.94064E-2 1.98068E-1 2.61212E-1 3.02611E-1 3.11758E-1 3.8036E-1 4.24851E-1 4.50007E-1 4.66064E-1 4.75117E-1 4.89585E-1 4.77922E-1 4.80344E-1 4.89501E-1 4.9014E-1 5.05654E-1 5.26518E-1 5.02308E-1 4.63504E-1 4.49805E-1 4.219E-1 2.75658E-1 1.56297E-1 1.48751E-1 2.56896E-1 2.57994E-1 2.05797E-1 7.24065E-2 2.61404E-2 2.53448E-3 2.73524E-3 1.5323E-3 4.86096E-5 2.37548E-5 4.53098E-4 1.01518E-5 1.61927E-6 9.56851E-7 2.65653E-10 2.32323E-11 1.61259E-13 1.76036E-12 1.43864E-11 1.22247E-11 2.52535E-11 8.28558E-12 4.62954E-12 6.84232E-13 3.88084E-13 7.78801E-14 2.69744E-12 7.9286E-12 1.88919E-13 7.04206E-11
2.64907E-6 1.78064E-6 6.76481E-6 4.07865E-5 1.1866E-4 1.67753E-4 8.31174E-5 6.76049E-5 2.43414E-4 1.70121E-4 3.76953E-5 8.58556E-5 2.97864E-4 1.50126E-3 8.79369E-3 6.66996E-2 1.66186E-1 2.58213E-1 3.02127E-1 3.34908E-1 3.65317E-1 4.0276E-1 4.27631E-1 3.65216E-1 3.66984E-1 4.51482E-1 4.89126E-1 4.88214E-1 4.91327E-1 4.84629E-1 4.92363E-1 5.00933E-1 5.10185E-1 5.01081E-1 5.00273E-1 4.97688E-1 4.78457E-1 3.92697E-1 2.72815E-1 1.91732E-1 2.28971E-1 2.14992E-1 1.33189E-1 8.95938E-2 1.47431E-2 1.02271E-2 3.46633E-3 5.77852E-4 5.10348E-4 5.73203E-4 2.25843E-4 8.41259E-5 1.75881E-6 1.431E-7 1.90664E-6 8.10253E-10 1.11825E-11 1.41909E-13 3.72512E-13 3.88025E-12 1.66928E-12 8.5073E-12 1.65634E-12 1.98109E-13 8.90881E-15 2.36321E-13 3.13947E-15 2.72326E-12 5.48726E-10 5.51896E-12
3.37285E-6 7.8027E-6 2.88935E-5 8.42329E-5 1.38001E-4 1.00261E-4 1.14768E-4 2.92618E-4 1.35106E-4 5.89567E-5 1.66983E-4 5.9114E-4 3.83857E-3 1.40078E-2 4.40955E-2 7.42868E-2 2.02515E-1 2.85419E-1 3.19189E-1 3.35152E-1 3.60551E-1 3.971E-1 4.05744E-1 4.44728E-1 4.62367E-1 4.71152E-1 4.74683E-1 4.70728E-1 4.70175E-1 4.58203E-1 4.6111E-1 4.639E-1 4.63503E-1 4.884E-1 5.16351E-1 5.44722E-1 5.4142E-1 5.01023E-1 4.27556E-1 3.41827E-1 2.72099E-1 2.05392E-1 9.92521E-2 2.37895E-2 3.1742E-3 9.00356E-4 7.81833E-5 1.23104E-4 5.99435E-5 3.68218E-6 7.17499E-6 6.31696E-6 9.30712E-6 8.01079E-6 1.46028E-6 7.98366E-9 6.37325E-11 4.71502E-11 3.67759E-13 3.28274E-13 2.01271E-12 2.82693E-11 1.68112E-12 2.63893E-13 3.43113E-13 2.48324E-12 7.32397E-14 2.8603E-13 1.85102E-12 2.41386E-10
3.34954E-5 7.93803E-5 1.4084E-4 1.42244E-4 1.98541E-4 2.38495E-4 3.51877E-4 2.77525E-4 5.1295E-5 1.96499E-4 2.51194E-4 1.70061E-3 7.93956E-4 1.66882E-3 9.44598E-4 1.67498E-2 1.05601E-1 2.3435E-1 3.15508E-1 3.27302E-1 3.50938E-1 3.76019E-1 3.98616E-1 4.18565E-1 4.38275E-1 4.52395E-1 4.35409E-1 4.54694E-1 4.4289E-1 4.21506E-1 4.06835E-1 3.97711E-1 3.99164E-1 4.2728E-1 4.71024E-1 5.49031E-1 5.7635E-1 5.71806E-1 5.34923E-1 4.94521E-1 4.36164E-1 3.38285E-1 1.95434E-1 7.50856E-2 1.91844E-2 3.14403E-3 1.01135E-4 2.9162E-6 3.40851E-5 3.95663E-6 8.97593E-7 7.76551E-8 2.50346E-8 1.35081E-6 4.74875E-7 4.26555E-8 3.18575E-8 2.62109E-11 2.73485E-11 1.40202E-10 9.86097E-13 3.67759E-13 1.65407E-12 1.02792E-12 7.87788E-13 2.74393E-12 1.51626E-11 4.07503E-11 3.68495E-14 2.41632E-10
1.97647E-4 1.70963E-4 1.36288E-4 2.59987E-4 3.38817E-4 3.69331E-4 3.64942E-4 2.31554E-4 4.36878E-4 1.53914E-3 6.22099E-4 1.37738E-3 2.64583E-4 3.40584E-4 3.01617E-3 2.85418E-2 9.95803E-2 1.49504E-1 3.01216E-1 3.234E-1 3.3433E-1 3.57424E-1 3.76418E-1 3.97136E-1 4.18114E-1 4.28639E-1 4.34165E-1 3.84507E-1 3.50715E-1 3.4253E-1 4.07724E-1 4.45832E-1 4.76828E-1 4.89126E-1 5.22474E-1 5.56495E-1 5.79702E-1 5.89895E-1 5.92455E-1 5.82193E-1 5.62136E-1 5.05297E-1 4.03055E-1 3.59564E-1 1.99519E-1 6.57353E-2 8.7139E-3 1.60584E-4 2.84118E-6 2.54928E-7 2.7771E-8 1.60266E-10 1.63845E-12 5.21982E-9 1.17115E-6 2.80182E-8 5.05975E-9 8.40436E-8 2.03126E-8 6.59531E-10 9.4137E-13 2.12378E-12 4.72493E-13 1.74033E-13 2.71723E-13 2.05795E-13 3.05856E-13 3.46768E-11 3.24674E-13 3.38614E-12
3.31986E-4 9.02845E-5 2.31307E-4 3.90388E-4 4.05503E-4 2.96371E-4 3.0825E-4 3.79467E-4 7.27095E-4 3.69198E-3 2.86926E-3 1.19063E-3 1.95026E-3 9.1769E-3 1.85031E-2 8.55928E-2 2.0374E-1 2.60608E-1 2.82903E-1 3.03181E-1 3.23162E-1 3.32899E-1 3.42283E-1 3.67518E-1 3.78497E-1 3.95566E-1 4.08274E-1 4.1673E-1 4.0364E-1 4.49669E-1 4.81472E-1 4.83281E-1 4.77791E-1 4.67357E-1 4.89393E-1 5.19843E-1 5.49944E-1 5.72862E-1 5.85715E-1 5.92611E-1 5.90312E-1 5.84069E-1 5.47944E-1 5.56198E-1 4.84929E-1 3.1064E-1 1.41643E-1 3.90087E-2 2.90327E-3 3.97884E-5 1.34995E-6 4.54974E-11 1.16371E-14 3.26364E-9 9.04953E-9 1.30367E-6 9.99569E-8 3.70568E-8 2.02699E-7 3.70914E-8 6.00797E-12 1.00155E-10 1.51057E-11 2.77383E-10 1.55104E-12 7.91263E-14 3.0004E-13 -9999 -9999 5.83232E-14
2.43279E-4 4.20721E-4 3.69251E-4 2.7679E-4 1.91385E-4 2.07189E-4 2.2577E-4 1.70322E-4 4.30444E-4 2.43866E-3 1.29958E-2 9.99252E-3 2.22123E-2 6.01868E-2 7.18095E-2 1.35496E-1 2.18978E-1 2.56561E-1 2.63057E-1 2.79237E-1 2.98011E-1 3.11776E-1 3.16382E-1 3.2387E-1 3.36811E-1 3.51411E-1 3.67436E-1 3.90026E-1 4.17481E-1 4.43541E-1 4.66691E-1 4.71176E-1 4.64918E-1 4.58725E-1 4.63691E-1 4.871E-1 5.0974E-1 5.39205E-1 5.59177E-1 5.72352E-1 5.85715E-1 5.8946E-1 5.84918E-1 5.80653E-1 5.60843E-1 4.92406E-1 3.8558E-1 2.12906E-1 6.06256E-2 4.09629E-3 3.06113E-5 2.46646E-8 3.1389E-16 1.01823E-18 1.49787E-8 1.08139E-6 7.97047E-7 2.99757E-8 1.42931E-7 1.65859E-6 8.48293E-10 6.32386E-11 3.28834E-13 9.36462E-11 4.51812E-9 4.00233E-11 1.16951E-12 -9999 -9999 -9999
4.98326E-4 3.45127E-4 2.0539E-4 1.60767E-4 1.80676E-4 3.51207E-4 3.50943E-4 7.03158E-4 1.40739E-3 9.16231E-4 1.82914E-2 4.06705E-2 6.26448E-2 1.0158E-1 1.54155E-1 1.72298E-1 2.28663E-1 2.40538E-1 2.51069E-1 2.5922E-1 2.72367E-1 2.77591E-1 2.78979E-1 2.85833E-1 2.95751E-1 3.07337E-1 3.2222E-1 3.43591E-1 3.74271E-1 4.05436E-1 4.3968E-1 4.56803E-1 4.59974E-1 4.4067E-1 4.35327E-1 4.51635E-1 4.68115E-1 4.94806E-1 5.25784E-1 5.54228E-1 5.81417E-1 5.87992E-1 5.85825E-1 5.85121E-1 5.75017E-1 5.55092E-1 4.94993E-1 3.67717E-1 1.92346E-1 5.40346E-2 1.55498E-3 2.79871E-6 8.31813E-10 2.43502E-17 2.6758E-21 2.57387E-15 5.64365E-9 8.49357E-7 1.77951E-7 1.72675E-6 3.1658E-7 7.10831E-11 6.81469E-13 9.36161E-11 6.82866E-9 1.37057E-8 2.17735E-9 8.55457E-8 -9999 -9999
3.79467E-4 7.34796E-4 4.27967E-4 3.57359E-4 4.50044E-4 6.29004E-4 1.11674E-3 1.49924E-3 3.16024E-3 2.76335E-3 9.12581E-3 5.1315E-2 8.86293E-2 9.71654E-2 1.25493E-1 8.63548E-2 2.16404E-1 2.2634E-1 2.37597E-1 2.473E-1 2.54322E-1 2.51069E-1 2.51069E-1 2.52694E-1 2.54702E-1 2.67423E-1 2.82293E-1 2.97405E-1 3.28817E-1 3.67885E-1 3.98624E-1 4.175E-1 4.21626E-1 4.08902E-1 4.10321E-1 4.13206E-1 4.35756E-1 4.62367E-1 5.00347E-1 5.4337E-1 5.7758E-1 5.90353E-1 5.90138E-1 5.85121E-1 5.71809E-1 5.60303E-1 5.285E-1 4.61645E-1 3.39017E-1 1.86828E-1 1.62778E-2 5.93442E-5 8.48874E-9 9.56937E-10 5.06519E-15 1.4529E-13 1.06497E-10 5.90414E-9 4.99928E-8 1.9269E-7 7.31789E-7 3.46258E-9 1.00601E-10 1.95971E-11 8.77823E-10 1.11761E-10 4.70927E-11 3.11438E-7 -9999 -9999
2.01614E-3 7.80758E-4 9.7782E-4 9.36244E-4 1.25022E-3 1.36298E-3 1.99241E-3 2.92423E-3 5.24151E-3 5.23712E-3 1.2892E-2 1.62441E-2 7.58478E-2 9.15739E-2 6.48802E-2 3.99887E-2 1.99294E-1 2.20426E-1 2.21684E-1 2.3119E-1 2.3119E-1 2.28605E-1 2.08352E-1 2.11424E-1 2.19176E-1 2.33368E-1 2.4298E-1 2.5922E-1 2.90789E-1 3.2387E-1 3.5785E-1 3.80926E-1 3.84675E-1 3.78535E-1 3.74485E-1 3.93784E-1 4.11591E-1 4.39878E-1 4.79709E-1 5.27654E-1 5.70573E-1 5.94061E-1 5.90341E-1 5.79987E-1 5.63014E-1 5.47105E-1 5.40076E-1 5.08837E-1 4.38437E-1 3.47631E-1 1.26506E-1 9.66394E-4 2.6959E-8 4.39002E-8 4.77749E-7 1.08637E-8 5.69934E-9 8.34606E-7 2.90048E-7 1.28145E-6 2.62547E-7 1.23621E-7 8.77129E-10 1.06826E-9 2.95205E-10 1.79992E-9 3.25931E-7 1.20862E-6 -9999 -9999
1.82349E-3 1.42319E-3 1.57816E-3 1.89791E-3 1.97496E-3 2.31045E-3 3.00622E-3 4.08822E-3 7.64704E-3 8.87843E-3 1.07014E-2 2.273E-2 5.34996E-2 7.65636E-2 1.88449E-2 1.51658E-2 1.63869E-1 2.11733E-1 2.1468E-1 2.13833E-1 2.08469E-1 2.02329E-1 1.88122E-1 1.88122E-1 1.95551E-1 2.06157E-1 2.21684E-1 2.34387E-1 2.55953E-1 2.92256E-1 3.2387E-1 3.53024E-1 3.72194E-1 3.68419E-1 3.67668E-1 3.75445E-1 3.86202E-1 4.1595E-1 4.59801E-1 5.13079E-1 5.63294E-1 5.96848E-1 5.94634E-1 5.80804E-1 5.6693E-1 5.5329E-1 5.5669E-1 5.41863E-1 5.09638E-1 4.50409E-1 3.0832E-1 1.04019E-1 8.98782E-3 1.94408E-3 2.16767E-4 4.63995E-4 3.80355E-5 7.1935E-6 7.51387E-7 7.00275E-8 2.37104E-7 6.12179E-7 4.57397E-6 1.6837E-5 5.21495E-6 3.91978E-6 6.36307E-6 8.64733E-10 1.65171E-11 -9999
1.93289E-3 1.301E-3 1.08264E-3 1.41119E-3 1.99895E-3 2.11759E-3 3.81402E-3 4.93095E-3 6.29208E-3 5.28049E-3 8.48449E-3 3.27704E-2 7.47085E-2 4.70937E-2 2.357E-2 3.4334E-2 1.19014E-1 2.07387E-1 2.0539E-1 1.9841E-1 1.95918E-1 1.91394E-1 1.80558E-1 1.77658E-1 1.80558E-1 1.85846E-1 1.96265E-1 2.08469E-1 2.32095E-1 2.57101E-1 2.97247E-1 3.42076E-1 3.69485E-1 3.87859E-1 3.87104E-1 3.76259E-1 3.68419E-1 3.93228E-1 4.34294E-1 4.83884E-1 5.3638E-1 5.71717E-1 5.81394E-1 5.81598E-1 5.75612E-1 5.7635E-1 5.76081E-1 5.68775E-1 5.44595E-1 5.12256E-1 4.66881E-1 3.58015E-1 1.50598E-1 6.99105E-2 1.78062E-2 6.59916E-3 1.27373E-3 2.07449E-5 3.1697E-6 9.3229E-6 3.07135E-5 8.10007E-5 6.41999E-6 1.54011E-7 9.49332E-8 6.81428E-7 1.27524E-9 1.01379E-9 2.77175E-11 -9999
1.59834E-3 1.45443E-3 1.34449E-3 1.52166E-3 2.12134E-3 2.73421E-3 2.21018E-3 3.16024E-3 4.23004E-3 7.08812E-3 1.75534E-2 4.67237E-2 4.50632E-2 2.72685E-2 2.95337E-2 4.97971E-2 8.84848E-2 2.00343E-1 1.99243E-1 1.91824E-1 1.9032E-1 1.81413E-1 1.75224E-1 1.72358E-1 1.65298E-1 1.68104E-1 1.71928E-1 1.80558E-1 1.99931E-1 2.32095E-1 2.76415E-1 3.37075E-1 3.87346E-1 4.12133E-1 4.02384E-1 3.76926E-1 3.59453E-1 3.73774E-1 4.09204E-1 4.45368E-1 4.90978E-1 5.19046E-1 5.39087E-1 5.54471E-1 5.65934E-1 5.69157E-1 5.80898E-1 5.89559E-1 5.77476E-1 5.62755E-1 5.69405E-1 5.21003E-1 3.99784E-1 1.78193E-1 1.10619E-1 2.08945E-2 2.23248E-3 1.27528E-4 5.83334E-4 4.4272E-4 1.50915E-5 3.00653E-6 1.28789E-5 1.58003E-5 9.39107E-6 4.98888E-8 4.63949E-10 4.42739E-11 1.34342E-11 3.63453E-11
1.2042E-3 6.95665E-4 1.04173E-3 1.68542E-3 2.23009E-3 2.15719E-3 3.71464E-3 6.62491E-3 7.73533E-3 7.38031E-3 2.39723E-2 4.49997E-2 2.61509E-2 2.98367E-2 3.35452E-2 8.84281E-2 1.15297E-1 1.99415E-1 1.94376E-1 1.87329E-1 1.81718E-1 1.80248E-1 1.74424E-1 1.61443E-1 1.58688E-1 1.5596E-1 1.52981E-1 1.57029E-1 1.70934E-1 2.06064E-1 2.55777E-1 3.28505E-1 4.06469E-1 4.35088E-1 4.06027E-1 3.71083E-1 3.54989E-1 3.58227E-1 3.78497E-1 4.12191E-1 4.37092E-1 4.63956E-1 4.82096E-1 5.28777E-1 5.65888E-1 5.72381E-1 5.77476E-1 5.90996E-1 5.94582E-1 5.96111E-1 5.90809E-1 5.50731E-1 4.63958E-1 3.74698E-1 2.40718E-1 9.91344E-2 8.51055E-3 8.18554E-4 3.55239E-4 5.76278E-5 1.092E-4 5.58559E-6 1.97963E-5 1.63466E-5 7.39592E-5 1.59675E-5 3.04144E-8 1.90024E-10 1.18672E-7 2.33241E-8
1.23342E-3 3.22211E-4 1.5639E-3 5.56097E-3 1.23353E-2 1.05437E-2 8.0993E-3 1.03198E-2 1.77512E-2 2.27929E-2 3.82048E-2 3.01427E-2 2.63487E-2 2.61357E-2 5.95229E-2 8.65311E-2 8.9043E-2 1.83622E-1 1.90958E-1 1.81718E-1 1.74743E-1 1.73178E-1 1.64632E-1 1.56173E-1 1.49443E-1 1.44179E-1 1.39024E-1 1.36488E-1 1.46615E-1 1.79567E-1 2.27166E-1 3.02755E-1 4.145E-1 4.37081E-1 3.89232E-1 3.53566E-1 3.37126E-1 3.38679E-1 3.53366E-1 3.7586E-1 3.90952E-1 4.1271E-1 4.58752E-1 5.30412E-1 5.68612E-1 5.65759E-1 5.69164E-1 5.83147E-1 5.95159E-1 6.02353E-1 5.93573E-1 5.58607E-1 5.21251E-1 4.65392E-1 4.09206E-1 2.39174E-1 5.40346E-2 8.02741E-4 6.45053E-5 5.17537E-5 6.8082E-6 7.72014E-6 4.32279E-6 3.18268E-6 5.21679E-6 1.22451E-5 4.69106E-6 3.21946E-7 8.34378E-8 7.93407E-11
1.67744E-3 2.13006E-3 6.79424E-3 6.25087E-3 9.57107E-3 1.93998E-2 1.85423E-2 1.91557E-2 2.30095E-2 2.50545E-2 2.78185E-2 3.25109E-2 3.87258E-2 5.04888E-2 8.55358E-2 1.08412E-1 6.22411E-2 1.90751E-1 1.91135E-1 1.72983E-1 1.64737E-1 1.61917E-1 1.56383E-1 1.50954E-1 1.44284E-1 1.3784E-1 1.3281E-1 1.26683E-1 1.315E-1 1.70119E-1 2.05589E-1 2.68286E-1 3.4284E-1 3.63272E-1 3.31859E-1 3.12028E-1 3.10353E-1 3.17224E-1 3.25533E-1 3.38679E-1 3.51742E-1 3.75352E-1 4.34294E-1 5.04527E-1 5.34886E-1 5.40889E-1 5.45794E-1 5.67304E-1 5.93279E-1 6.06665E-1 6.03954E-1 5.89821E-1 5.90363E-1 5.49051E-1 4.85517E-1 3.92496E-1 2.07131E-1 1.06814E-2 5.48912E-6 8.28572E-7 4.42552E-7 3.95956E-7 8.70095E-9 5.81151E-8 9.16019E-9 1.28797E-7 8.72321E-7 3.37637E-6 9.45938E-8 7.64349E-9
2.52436E-3 6.06734E-4 3.78708E-4 1.78386E-3 6.20733E-3 8.60962E-3 9.83514E-3 1.13593E-2 1.45911E-2 2.5312E-2 3.84439E-2 5.14514E-2 6.12452E-2 8.21188E-2 1.13822E-1 1.38197E-1 1.31037E-1 1.95925E-1 1.89512E-1 1.68877E-1 1.53644E-1 1.49594E-1 1.4429E-1 1.45606E-1 1.40385E-1 1.37817E-1 1.3407E-1 1.29114E-1 1.40424E-1 1.59061E-1 1.92169E-1 2.29364E-1 2.71644E-1 2.85863E-1 2.82495E-1 2.74745E-1 2.79758E-1 2.91496E-1 3.10353E-1 3.23873E-1 3.32165E-1 3.48487E-1 4.18968E-1 4.76889E-1 5.03431E-1 5.15022E-1 5.17122E-1 5.40404E-1 5.84582E-1 6.09882E-1 6.09084E-1 6.07919E-1 6.09426E-1 6.00942E-1 5.57009E-1 4.94232E-1 3.48489E-1 1.24549E-1 1.77183E-3 6.53042E-8 1.88844E-11 3.80755E-11 2.22173E-12 7.98879E-13 2.50824E-12 1.34667E-10 1.19546E-8 3.27903E-7 6.0007E-7 1.51226E-7
2.65334E-3 1.3251E-3 2.48003E-4 3.54822E-4 3.0985E-3 9.73578E-3 1.60029E-2 2.08645E-2 3.24072E-2 5.36157E-2 6.5867E-2 7.25836E-2 7.93187E-2 8.65311E-2 1.01332E-1 1.17403E-1 1.21898E-1 1.95664E-1 1.90926E-1 1.60444E-1 1.46833E-1 1.40279E-1 1.38989E-1 1.38989E-1 1.40279E-1 1.4288E-1 1.38989E-1 1.34018E-1 1.41716E-1 1.53655E-1 1.76075E-1 1.9826E-1 2.25009E-1 2.37489E-1 2.36861E-1 2.34517E-1 2.41005E-1 2.63106E-1 2.93176E-1 3.25408E-1 3.37075E-1 3.47011E-1 4.05436E-1 4.69289E-1 4.97771E-1 4.94231E-1 4.67982E-1 4.89428E-1 5.60163E-1 6.0159E-1 6.12288E-1 6.13936E-1 6.13618E-1 6.09776E-1 5.9153E-1 5.48932E-1 3.77823E-1 2.04354E-1 4.77485E-2 6.05906E-4 2.2313E-7 7.30864E-10 1.4116E-9 1.46675E-12 2.88261E-16 4.0819E-13 1.92433E-9 2.57469E-7 5.7493E-7 6.13428E-6
6.05317E-3 1.87434E-2 2.40309E-2 1.05386E-2 5.84169E-3 1.30868E-2 3.02794E-2 4.40924E-2 5.16885E-2 7.54584E-2 1.01792E-1 9.78444E-2 1.02343E-1 9.18519E-2 8.04642E-2 1.31368E-1 9.1528E-2 2.10911E-1 1.8783E-1 1.46833E-1 1.32467E-1 1.33722E-1 1.32467E-1 1.33722E-1 1.4271E-1 1.46669E-1 1.44023E-1 1.41576E-1 1.4168E-1 1.48258E-1 1.61917E-1 1.79129E-1 1.93948E-1 2.04432E-1 2.08702E-1 2.11833E-1 2.1919E-1 2.42635E-1 2.75773E-1 3.04954E-1 3.15056E-1 3.35411E-1 4.01812E-1 4.67794E-1 4.99199E-1 5.01553E-1 4.55628E-1 4.67794E-1 5.43496E-1 5.81331E-1 5.97533E-1 6.12324E-1 5.98545E-1 6.12146E-1 5.79441E-1 5.31955E-1 4.48685E-1 3.23872E-1 1.77018E-1 4.93289E-2 3.2208E-4 9.91712E-6 2.86333E-7 3.38552E-9 1.42656E-10 3.28393E-13 2.08343E-10 1.25335E-6 2.01491E-4 7.72625E-5
2.09807E-2 1.10286E-1 1.51482E-1 1.90279E-1 1.02284E-1 2.49963E-2 3.36702E-2 9.58944E-2 1.25022E-1 1.35544E-1 1.39935E-1 1.26985E-1 1.2351E-1 7.3026E-2 1.21843E-1 1.72434E-1 1.22562E-1 2.16635E-1 1.77324E-1 1.41405E-1 1.28498E-1 1.30974E-1 1.31219E-1 1.29978E-1 1.38575E-1 1.43787E-1 1.41166E-1 1.33722E-1 1.36254E-1 1.36431E-1 1.49503E-1 1.61924E-1 1.7918E-1 1.83568E-1 1.879E-1 1.93684E-1 2.10265E-1 2.31997E-1 2.64936E-1 2.87548E-1 2.9599E-1 3.23058E-1 3.82974E-1 4.52963E-1 4.85702E-1 4.95643E-1 4.83159E-1 5.23158E-1 5.47116E-1 5.63529E-1 5.77005E-1 6.03689E-1 5.90773E-1 5.81706E-1 6.17006E-1 5.90211E-1 5.35902E-1 4.50503E-1 3.3355E-1 1.91856E-1 1.78212E-2 2.2816E-3 3.26953E-3 5.9297E-4 5.30947E-7 2.73197E-6 4.00385E-8 1.20144E-6 4.84125E-7 1.86611E-6
5.01059E-2 1.52307E-1 1.93637E-1 2.18866E-1 2.21071E-1 1.31081E-1 9.90045E-2 1.29249E-1 1.45614E-1 9.60257E-2 9.74978E-2 9.13586E-2 1.01068E-1 1.71998E-1 1.76352E-1 1.34099E-1 2.09828E-1 2.17811E-1 1.8063E-1 1.51517E-1 1.39867E-1 1.32222E-1 1.29732E-1 1.28498E-1 1.32222E-1 1.30974E-1 1.28498E-1 1.27272E-1 1.25089E-1 1.31219E-1 1.40106E-1 1.53406E-1 1.61857E-1 1.73328E-1 1.77661E-1 1.81942E-1 1.99795E-1 2.24534E-1 2.50661E-1 2.69964E-1 2.81757E-1 3.02108E-1 3.44948E-1 4.00587E-1 4.44813E-1 4.66115E-1 4.76264E-1 5.07546E-1 5.28799E-1 5.21228E-1 5.3402E-1 5.57775E-1 5.75444E-1 5.9247E-1 6.14812E-1 6.16479E-1 5.93532E-1 5.29183E-1 4.2831E-1 2.8753E-1 1.06739E-1 2.99001E-2 2.40293E-2 3.78002E-2 1.39324E-2 1.61454E-4 5.12571E-9 2.8431E-8 3.08424E-6 2.08171E-7
1.34944E-1 1.57369E-1 1.63316E-1 1.59801E-1 1.81718E-1 1.95551E-1 1.67672E-1 1.36368E-1 1.30688E-1 1.25418E-1 1.35881E-1 1.53242E-1 2.05803E-1 2.12681E-1 2.26065E-1 1.73311E-1 2.51464E-1 2.20992E-1 1.98622E-1 1.74142E-1 1.51517E-1 1.33478E-1 1.26052E-1 1.23636E-1 1.20067E-1 1.23636E-1 1.22439E-1 1.20067E-1 1.18892E-1 1.23636E-1 1.33478E-1 1.45107E-1 1.58698E-1 1.68821E-1 1.76205E-1 1.82141E-1 1.97192E-1 2.11008E-1 2.234E-1 2.3966E-1 2.4735E-1 2.70743E-1 3.06454E-1 3.5461E-1 3.95724E-1 4.25573E-1 4.52044E-1 4.80965E-1 4.92602E-1 4.78315E-1 4.56321E-1 4.549E-1 5.47806E-1 5.87044E-1 5.97926E-1 5.99864E-1 6.13908E-1 5.70426E-1 4.76891E-1 3.80928E-1 2.64742E-1 1.37378E-1 9.12806E-2 1.19325E-1 1.20136E-1 9.78046E-3 2.38477E-5 5.09015E-7 7.2449E-7 2.62294E-7
1.22394E-1 1.23736E-1 1.15198E-1 1.20048E-1 1.32987E-1 1.65959E-1 1.86606E-1 1.63605E-1 1.57086E-1 1.62536E-1 1.86217E-1 1.79326E-1 2.02914E-1 2.33127E-1 2.31356E-1 2.30579E-1 2.43749E-1 2.37237E-1 2.20723E-1 1.96817E-1 1.6689E-1 1.36012E-1 1.20941E-1 1.17417E-1 1.17725E-1 1.17725E-1 1.14268E-1 1.1396E-1 1.1396E-1 1.20941E-1 1.34435E-1 1.47468E-1 1.58403E-1 1.69772E-1 1.78844E-1 1.79149E-1 1.85109E-1 1.85126E-1 1.91082E-1 2.04735E-1 2.18953E-1 2.38446E-1 2.74806E-1 3.15867E-1 3.54105E-1 3.85712E-1 4.22453E-1 4.56701E-1 4.78889E-1 4.73474E-1 4.55268E-1 4.72107E-1 5.62841E-1 5.7727E-1 5.30906E-1 5.42422E-1 6.09915E-1 6.00191E-1 5.14661E-1 4.46629E-1 3.87106E-1 2.77641E-1 2.23787E-1 2.07131E-1 1.59047E-1 5.22141E-2 5.84679E-3 1.11032E-4 2.07342E-5 4.73206E-6
