KUENM/Final_Models/M_0.1_F_lq_Set_2_NE/sp1_stddev.asc
ncols         197
nrows         210
xllcorner     56.1666666666667
yllcorner     4.5
cellsize      0.166666666666667
NODATA_value  -9999
[rows 112 to 139 of 210, columns 130 to 194 of 197]
7.00105E-2 8.24366E-2 8.23645E-2 7.45646E-2 7.10576E-2 5.61801E-2 3.60168E-2 1.74736E-2 7.60964E-3 2.88594E-3 1.42675E-3 9.65691E-4 5.82702E-4 2.45035E-4 9.39943E-5 8.82322E-5 1.8241E-4 4.29212E-4 7.71052E-4 1.60828E-3 4.24199E-3 7.82138E-3 9.0327E-3 7.63884E-3 2.14538E-3 6.94419E-4 5.32473E-4 6.48098E-4 1.01225E-3 1.0288E-3 8.95634E-4 1.02337E-3 1.1478E-3 1.1872E-3 1.10426E-3 8.8594E-4 7.20732E-4 6.05707E-4 6.51991E-4 7.20732E-4 8.40236E-4 1.2361E-3 2.00032E-3 4.13718E-3 2.58939E-3 9.37637E-4 2.80894E-4 9.02913E-5 6.0097E-5 7.22624E-5 7.87091E-5 8.53638E-5 8.07782E-5 8.8052E-5 1.11974E-4 1.54116E-4 -9999 -9999 -9999 -9999 -9999 -9999 -9999 -9999 -9999
7.68824E-2 8.67712E-2 8.02691E-2 7.25417E-2 6.46036E-2 4.46595E-2 2.37193E-2 9.22495E-3 2.17803E-3 6.05707E-4 7.76971E-4 9.68132E-4 9.17086E-4 3.31051E-4 6.7233E-5 4.00709E-5 7.41228E-5 1.73074E-4 4.01685E-4 9.78838E-4 2.007E-3 3.22822E-3 3.28376E-3 2.64777E-3 1.82275E-3 6.59528E-4 4.46905E-4 4.57978E-4 2.54191E-3 4.06048E-3 2.54988E-3 1.60537E-3 1.23013E-3 1.22782E-3 1.16477E-3 1.09523E-3 1.02946E-3 1.13196E-3 1.27231E-3 1.27613E-3 1.10055E-3 9.78555E-4 9.9573E-4 1.52627E-3 1.38861E-3 6.89006E-4 2.19541E-4 8.14939E-5 7.46533E-5 8.66064E-5 9.44292E-5 1.08058E-4 1.17663E-4 1.25509E-4 1.47581E-4 -9999 -9999 -9999 -9999 -9999 -9999 -9999 -9999 -9999 -9999
8.13551E-2 6.95662E-2 5.7681E-2 5.23434E-2 4.81951E-2 3.32812E-2 1.72003E-2 6.04154E-3 1.35972E-3 4.05677E-4 5.82702E-4 8.60234E-4 8.28841E-4 1.87378E-4 1.80405E-5 9.60567E-6 2.25312E-5 6.14985E-5 1.73756E-4 4.80698E-4 8.53771E-4 1.97266E-3 3.61432E-3 6.66859E-3 3.15548E-3 6.2625E-4 3.05843E-4 3.97104E-4 3.33306E-3 6.8585E-3 4.58188E-3 2.21413E-3 1.3373E-3 1.35476E-3 1.42906E-3 1.38911E-3 1.20236E-3 1.33189E-3 1.72298E-3 1.77053E-3 1.57358E-3 1.09976E-3 7.13597E-4 9.03772E-4 9.53863E-4 5.72379E-4 2.4738E-4 9.992E-5 1.00603E-4 1.2281E-4 1.36376E-4 1.54263E-4 1.74249E-4 1.96544E-4 -9999 -9999 -9999 -9999 -9999 -9999 -9999 -9999 -9999 -9999 -9999
8.20043E-2 6.76352E-2 4.98154E-2 3.49284E-2 2.72509E-2 2.38251E-2 1.552E-2 6.85148E-3 2.50835E-3 1.1895E-3 1.03666E-3 1.05447E-3 4.93898E-4 6.50807E-5 4.86404E-6 3.51307E-6 7.92885E-6 2.13609E-5 5.13077E-5 1.10859E-4 1.38605E-4 5.92844E-4 2.08115E-3 3.51211E-3 2.04292E-3 5.15235E-4 3.0007E-4 4.90216E-4 6.38927E-3 1.05028E-2 8.13838E-3 3.62529E-3 1.76589E-3 1.79478E-3 1.71611E-3 1.18521E-3 1.5296E-3 1.35746E-3 1.68878E-3 1.99127E-3 2.07487E-3 1.63003E-3 1.36632E-3 1.34397E-3 1.20966E-3 7.4647E-4 4.04099E-4 1.78405E-4 1.53815E-4 2.08248E-4 2.25989E-4 2.40421E-4 -9999 -9999 -9999 -9999 -9999 -9999 -9999 -9999 -9999 -9999 -9999 -9999 -9999
7.8204E-2 6.88857E-2 5.21655E-2 3.16937E-2 2.00816E-2 1.68809E-2 1.74006E-2 1.03953E-2 4.94292E-3 3.41299E-3 3.11558E-3 2.50372E-3 3.89499E-4 4.76748E-5 7.77297E-6 3.98216E-6 4.72325E-6 8.56893E-6 1.27655E-5 1.00459E-5 2.1811E-5 4.49225E-5 1.20082E-4 2.03621E-4 4.01988E-4 5.11688E-4 7.94588E-4 3.47699E-3 1.38214E-2 1.8594E-2 1.1814E-2 7.01338E-3 3.67785E-3 2.67108E-3 1.99144E-3 1.95937E-3 1.52719E-3 1.50989E-3 1.57411E-3 2.45304E-3 3.15028E-3 2.70287E-3 2.50806E-3 2.32206E-3 1.80128E-3 1.40328E-3 9.0139E-4 5.68394E-4 4.17497E-4 4.19206E-4 4.19206E-4 -9999 -9999 -9999 -9999 -9999 -9999 -9999 -9999 -9999 -9999 -9999 -9999 -9999 -9999
7.50502E-2 6.49427E-2 5.10796E-2 3.43364E-2 2.33239E-2 1.78772E-2 1.994E-2 1.45737E-2 8.29316E-3 6.46631E-3 5.017E-3 1.73181E-3 2.98865E-4 4.66871E-5 9.97271E-6 4.76086E-6 4.58024E-6 6.80428E-6 9.35884E-6 1.24943E-5 2.52903E-5 5.66739E-5 9.30168E-5 1.93153E-4 2.68499E-4 3.3973E-4 8.42169E-4 6.72817E-3 2.18236E-2 3.28662E-2 1.94121E-2 9.30048E-3 4.01393E-3 2.6592E-3 1.34712E-3 2.04521E-3 1.38403E-3 1.23695E-3 2.42779E-3 4.3618E-3 4.98776E-3 4.50296E-3 3.90991E-3 3.46823E-3 3.20232E-3 2.79726E-3 2.13944E-3 1.60122E-3 1.20735E-3 -9999 -9999 -9999 -9999 -9999 -9999 -9999 -9999 -9999 -9999 -9999 -9999 -9999 -9999 -9999 -9999
6.29344E-2 4.96271E-2 4.16637E-2 4.0928E-2 3.48556E-2 2.79454E-2 2.34698E-2 2.0218E-2 1.83595E-2 1.54741E-2 6.30192E-3 1.1168E-3 1.7497E-4 4.47696E-5 1.35383E-5 6.37739E-6 4.98706E-6 8.0655E-6 1.57894E-5 3.25644E-5 7.68968E-5 1.01036E-4 1.63481E-4 2.65424E-4 3.23119E-4 3.64938E-4 6.91893E-4 1.90666E-3 6.97092E-3 2.12681E-2 1.48314E-2 4.54413E-3 2.03388E-3 2.70977E-3 2.93173E-3 3.00727E-3 1.70686E-3 1.83181E-3 4.23283E-3 6.74773E-3 7.25884E-3 7.06503E-3 6.07762E-3 6.23166E-3 5.93845E-3 4.86516E-3 3.90552E-3 2.88594E-3 -9999 -9999 -9999 -9999 -9999 -9999 -9999 -9999 -9999 -9999 -9999 -9999 -9999 -9999 -9999 -9999 -9999
4.88586E-2 5.19591E-2 4.75435E-2 4.03769E-2 3.26717E-2 1.6653E-2 1.4282E-2 1.67493E-2 2.29774E-2 2.93094E-2 1.66627E-2 1.27511E-3 1.89528E-4 6.51251E-5 1.89789E-5 8.25526E-6 6.52544E-6 1.07389E-5 2.3263E-5 5.00978E-5 9.30168E-5 1.73759E-4 2.71098E-4 3.48452E-4 3.21892E-4 3.52126E-4 4.79561E-4 5.01185E-4 1.59804E-3 8.94643E-3 2.65789E-3 5.96086E-4 1.52069E-3 1.2751E-3 3.88748E-3 4.25223E-3 3.19897E-3 3.46808E-3 4.01925E-3 6.28226E-3 9.79017E-3 1.01095E-2 1.05028E-2 9.85402E-3 8.9076E-3 -9999 -9999 -9999 -9999 -9999 -9999 -9999 -9999 -9999 -9999 -9999 -9999 -9999 -9999 -9999 -9999 -9999 -9999 -9999 -9999
4.97168E-2 5.21018E-2 5.00313E-2 4.6515E-2 3.48675E-2 2.00576E-2 1.83805E-2 3.25788E-2 5.66707E-2 4.74047E-2 3.00926E-2 5.31496E-3 8.12271E-4 1.6214E-4 2.84507E-5 9.64894E-6 6.81895E-6 1.30513E-5 3.06223E-5 5.96166E-5 1.32791E-4 2.58745E-4 3.03263E-4 3.56894E-4 3.83439E-4 3.37186E-4 3.49552E-4 3.6118E-4 4.45301E-4 1.99616E-3 5.56909E-4 2.77467E-4 1.2439E-3 2.61039E-3 2.40577E-3 4.45222E-3 4.336E-3 3.43736E-3 4.25911E-3 8.45958E-3 1.21071E-2 1.30741E-2 1.38807E-2 -9999 -9999 -9999 -9999 -9999 -9999 -9999 -9999 -9999 -9999 -9999 -9999 -9999 -9999 -9999 -9999 -9999 -9999 -9999 -9999 -9999 -9999
5.44986E-2 5.72842E-2 6.07088E-2 5.6959E-2 5.546E-2 4.50086E-2 3.94376E-2 3.52839E-2 5.49275E-2 5.5998E-2 3.36411E-2 1.00613E-2 1.95049E-3 2.91881E-4 4.11348E-5 9.05522E-6 6.75924E-6 1.26584E-5 4.34262E-5 8.24474E-5 1.51136E-4 3.23046E-4 3.32844E-4 3.3892E-4 3.26868E-4 2.66824E-4 2.38871E-4 2.09258E-4 2.3395E-4 2.45852E-4 1.51474E-4 1.93414E-4 7.55493E-4 2.6077E-3 2.13034E-3 4.89875E-3 5.81287E-3 4.27319E-3 4.11223E-3 1.07125E-2 1.37206E-2 1.54604E-2 1.6716E-2 -9999 -9999 -9999 -9999 -9999 -9999 -9999 -9999 -9999 -9999 -9999 -9999 -9999 -9999 -9999 -9999 -9999 -9999 -9999 -9999 -9999 -9999
6.156E-2 6.52252E-2 6.93138E-2 7.36009E-2 7.45646E-2 7.81061E-2 8.2312E-2 7.73607E-2 5.24142E-2 5.10183E-2 3.33244E-2 1.38858E-2 3.65638E-3 5.74136E-4 6.69387E-5 1.30323E-5 8.11683E-6 1.70124E-5 4.73672E-5 1.39109E-4 3.59525E-4 4.55696E-4 2.44999E-4 2.24174E-4 2.39337E-4 1.84189E-4 1.46604E-4 1.05239E-4 9.71576E-5 6.69667E-5 6.74587E-5 1.43874E-4 5.55697E-4 2.06397E-3 1.95316E-3 4.84698E-3 5.74727E-3 4.45722E-3 3.83218E-3 1.09275E-2 1.93134E-2 1.89917E-2 -9999 -9999 -9999 -9999 -9999 -9999 -9999 -9999 -9999 -9999 -9999 -9999 -9999 -9999 -9999 -9999 -9999 -9999 -9999 -9999 -9999 -9999 -9999
5.74441E-2 5.8016E-2 7.12064E-2 7.94981E-2 8.2552E-2 8.67363E-2 8.50017E-2 9.32333E-2 8.43017E-2 5.77774E-2 3.90176E-2 1.99297E-2 8.80519E-3 2.12508E-3 1.82347E-4 3.44937E-5 3.11967E-5 4.04712E-5 7.56353E-5 2.17972E-4 5.06885E-4 5.84024E-4 2.61329E-4 1.52513E-4 1.49233E-4 1.11847E-4 8.32668E-5 6.28479E-5 3.60193E-5 1.60492E-5 4.46319E-5 2.58079E-4 1.38874E-3 2.17066E-3 2.72957E-3 4.08394E-3 6.63528E-3 9.36304E-3 1.13667E-2 1.84442E-2 2.65764E-2 2.277E-2 -9999 -9999 -9999 -9999 -9999 -9999 -9999 -9999 -9999 -9999 -9999 -9999 -9999 -9999 -9999 -9999 -9999 -9999 -9999 -9999 -9999 -9999 -9999
4.09958E-2 3.53082E-2 4.36102E-2 7.65382E-2 7.70908E-2 7.82008E-2 7.9597E-2 8.8628E-2 8.56274E-2 6.31229E-2 6.35281E-2 4.71971E-2 2.66314E-2 1.39044E-2 3.93118E-3 7.79374E-4 2.78136E-4 1.48337E-4 1.61454E-4 2.67956E-4 3.32058E-4 3.94379E-4 2.30971E-4 1.64649E-4 1.0551E-4 8.00449E-5 6.41753E-5 5.45013E-5 1.71088E-5 1.63534E-5 6.82891E-5 3.15256E-4 4.16407E-3 4.32725E-3 4.19831E-3 4.66865E-3 1.03704E-2 1.78817E-2 2.75887E-2 3.97522E-2 3.55008E-2 -9999 -9999 -9999 -9999 -9999 -9999 -9999 -9999 -9999 -9999 -9999 -9999 -9999 -9999 -9999 -9999 -9999 -9999 -9999 -9999 -9999 -9999 -9999 -9999
2.10231E-2 2.68349E-2 4.44858E-2 7.01181E-2 7.00336E-2 6.93069E-2 7.11526E-2 8.24366E-2 8.59793E-2 8.2019E-2 7.92328E-2 7.74297E-2 6.32695E-2 5.81709E-2 4.92464E-2 2.50646E-2 3.84302E-3 7.28964E-4 3.00237E-4 3.39184E-4 3.25225E-4 3.23118E-4 2.28653E-4 1.10285E-4 5.30914E-5 6.04097E-5 1.01825E-4 7.73775E-5 7.23698E-5 1.15921E-4 2.41921E-4 2.47554E-3 1.46145E-2 1.55001E-2 9.68076E-3 9.28746E-3 1.634E-2 2.52066E-2 3.87877E-2 4.55725E-2 -9999 -9999 -9999 -9999 -9999 -9999 -9999 -9999 -9999 -9999 -9999 -9999 -9999 -9999 -9999 -9999 -9999 -9999 -9999 -9999 -9999 -9999 -9999 -9999 -9999
1.36604E-2 2.4334E-2 4.77794E-2 6.59924E-2 7.0256E-2 6.5279E-2 7.0252E-2 8.26609E-2 9.05326E-2 9.04599E-2 8.85927E-2 8.14189E-2 7.64085E-2 8.90064E-2 9.22075E-2 9.66257E-2 2.5518E-2 1.83034E-3 4.76914E-4 3.65287E-4 3.43064E-4 2.88967E-4 2.09049E-4 7.14898E-5 2.00957E-5 3.68352E-5 1.28233E-4 2.25278E-4 3.67759E-4 5.18649E-4 8.59525E-4 5.22522E-3 2.44121E-2 3.15055E-2 2.65368E-2 3.30996E-2 4.06676E-2 4.10129E-2 4.39651E-2 -9999 -9999 -9999 -9999 -9999 -9999 -9999 -9999 -9999 -9999 -9999 -9999 -9999 -9999 -9999 -9999 -9999 -9999 -9999 -9999 -9999 -9999 -9999 -9999 -9999 -9999
1.1399E-2 2.90296E-2 5.22372E-2 6.61414E-2 7.07013E-2 5.53436E-2 5.59986E-2 7.49542E-2 8.39835E-2 9.04275E-2 8.71499E-2 7.25638E-2 7.727E-2 8.81401E-2 7.96263E-2 8.97647E-2 2.61716E-2 2.75253E-3 8.23228E-4 5.2231E-4 4.31549E-4 3.15493E-4 2.0633E-4 7.75625E-5 3.12279E-5 7.03641E-5 3.08019E-4 6.80133E-4 9.43424E-4 1.30963E-3 1.76441E-3 8.1964E-3 3.22315E-2 4.46682E-2 4.70145E-2 5.90712E-2 7.04413E-2 5.80982E-2 -9999 -9999 -9999 -9999 -9999 -9999 -9999 -9999 -9999 -9999 -9999 -9999 -9999 -9999 -9999 -9999 -9999 -9999 -9999 -9999 -9999 -9999 -9999 -9999 -9999 -9999 -9999
2.79692E-2 4.58351E-2 4.78745E-2 5.99311E-2 6.90593E-2 5.21709E-2 5.19492E-2 6.5219E-2 7.4968E-2 8.4557E-2 8.55263E-2 6.45062E-2 5.72266E-2 8.19099E-2 7.97645E-2 8.10758E-2 3.72977E-2 6.58027E-3 2.0756E-3 1.13598E-3 6.64954E-4 4.43262E-4 3.01553E-4 1.85465E-4 2.31445E-4 3.59155E-4 9.5843E-4 1.58723E-3 1.63525E-3 2.5315E-3 4.93716E-3 1.51083E-2 4.18971E-2 4.98901E-2 5.54862E-2 6.42264E-2 7.33038E-2 -9999 -9999 -9999 -9999 -9999 -9999 -9999 -9999 -9999 -9999 -9999 -9999 -9999 -9999 -9999 -9999 -9999 -9999 -9999 -9999 -9999 -9999 -9999 -9999 -9999 -9999 -9999 -9999
6.58025E-2 6.68602E-2 6.01843E-2 6.6947E-2 6.68633E-2 6.79043E-2 6.53746E-2 6.3367E-2 7.36114E-2 8.3299E-2 8.23193E-2 5.77439E-2 4.06432E-2 5.37432E-2 5.94111E-2 6.16189E-2 3.64167E-2 1.50815E-2 5.29679E-3 2.6086E-3 1.3713E-3 8.19656E-4 6.03341E-4 5.53941E-4 8.54028E-4 1.32083E-3 2.32002E-3 3.74791E-3 3.03977E-3 4.52888E-3 7.64691E-3 2.14459E-2 5.01603E-2 7.3402E-2 6.56165E-2 -9999 -9999 -9999 -9999 -9999 -9999 -9999 -9999 -9999 -9999 -9999 -9999 -9999 -9999 -9999 -9999 -9999 -9999 -9999 -9999 -9999 -9999 -9999 -9999 -9999 -9999 -9999 -9999 -9999 -9999
7.10719E-2 7.10173E-2 6.83558E-2 6.27774E-2 5.71789E-2 5.74773E-2 5.51485E-2 5.03825E-2 6.34164E-2 8.42157E-2 8.67795E-2 7.01647E-2 5.19176E-2 4.92741E-2 4.42959E-2 5.10796E-2 4.74516E-2 3.38122E-2 1.77695E-2 8.11248E-3 3.05889E-3 1.67784E-3 1.27932E-3 1.45502E-3 1.72713E-3 2.21484E-3 3.28463E-3 3.19897E-3 5.1004E-3 1.24751E-2 2.85043E-2 4.53604E-2 6.42264E-2 7.60921E-2 -9999 -9999 -9999 -9999 -9999 -9999 -9999 -9999 -9999 -9999 -9999 -9999 -9999 -9999 -9999 -9999 -9999 -9999 -9999 -9999 -9999 -9999 -9999 -9999 -9999 -9999 -9999 -9999 -9999 -9999 -9999
6.91101E-2 6.9229E-2 6.33314E-2 4.93578E-2 4.03607E-2 3.83196E-2 3.79251E-2 4.55001E-2 5.45874E-2 7.25929E-2 8.90746E-2 9.06128E-2 7.43888E-2 6.1953E-2 4.96652E-2 5.26446E-2 6.32695E-2 6.053E-2 5.4242E-2 1.8289E-2 6.30553E-3 2.84209E-3 2.2549E-3 2.46528E-3 2.93659E-3 3.32579E-3 3.3451E-3 5.83747E-3 1.79462E-2 3.77549E-2 7.014E-2 7.22498E-2 7.3424E-2 -9999 -9999 -9999 -9999 -9999 -9999 -9999 -9999 -9999 -9999 -9999 -9999 -9999 -9999 -9999 -9999 -9999 -9999 -9999 -9999 -9999 -9999 -9999 -9999 -9999 -9999 -9999 -9999 -9999 -9999 -9999 -9999
6.57271E-2 6.08262E-2 5.68739E-2 3.96187E-2 2.92699E-2 3.56477E-2 4.70624E-2 4.67475E-2 5.07549E-2 6.74807E-2 8.5872E-2 9.65582E-2 9.41781E-2 8.27497E-2 6.46024E-2 5.80005E-2 6.42432E-2 5.44364E-2 3.60168E-2 1.66096E-2 6.48967E-3 3.98627E-3 4.13249E-3 5.35518E-3 7.00034E-3 8.47003E-3 9.35391E-3 1.95592E-2 3.95939E-2 6.2541E-2 7.76205E-2 7.98171E-2 -9999 -9999 -9999 -9999 -9999 -9999 -9999 -9999 -9999 -9999 -9999 -9999 -9999 -9999 -9999 -9999 -9999 -9999 -9999 -9999 -9999 -9999 -9999 -9999 -9999 -9999 -9999 -9999 -9999 -9999 -9999 -9999 -9999
6.63502E-2 2.88941E-2 2.79125E-2 2.27972E-2 1.46637E-2 2.16411E-2 5.31856E-2 4.63202E-2 5.31992E-2 6.92209E-2 8.93409E-2 9.6723E-2 1.00477E-1 9.77191E-2 7.30474E-2 6.5145E-2 5.25951E-2 4.74728E-2 2.72554E-2 1.37143E-2 4.94534E-3 3.73483E-3 6.30972E-3 1.57911E-2 1.76623E-2 2.10044E-2 2.85113E-2 4.56688E-2 5.63875E-2 6.45062E-2 -9999 -9999 -9999 -9999 -9999 -9999 -9999 -9999 -9999 -9999 -9999 -9999 -9999 -9999 -9999 -9999 -9999 -9999 -9999 -9999 -9999 -9999 -9999 -9999 -9999 -9999 -9999 -9999 -9999 -9999 -9999 -9999 -9999 -9999 -9999
6.27441E-2 2.98135E-2 2.06813E-2 1.64864E-2 9.63185E-3 9.20147E-3 4.42883E-2 6.24844E-2 6.95213E-2 8.39615E-2 9.77581E-2 9.71911E-2 1.0134E-1 1.02028E-1 8.06368E-2 7.40091E-2 6.43374E-2 6.36537E-2 5.67616E-2 2.6956E-2 1.26803E-2 7.57133E-3 8.56687E-3 2.77503E-2 2.92258E-2 3.40957E-2 5.64787E-2 6.02758E-2 -9999 -9999 -9999 -9999 -9999 -9999 -9999 -9999 -9999 -9999 -9999 -9999 -9999 -9999 -9999 -9999 -9999 -9999 -9999 -9999 -9999 -9999 -9999 -9999 -9999 -9999 -9999 -9999 -9999 -9999 -9999 -9999 -9999 -9999 -9999 -9999 -9999
5.81251E-2 4.23176E-2 2.68139E-2 1.46457E-2 1.03156E-2 2.28395E-2 4.66258E-2 6.42422E-2 8.16257E-2 8.98517E-2 9.73679E-2 9.72343E-2 1.0089E-1 1.08135E-1 9.5963E-2 9.11092E-2 7.70787E-2 7.70325E-2 8.21119E-2 6.06536E-2 3.85782E-2 2.97903E-2 2.91982E-2 3.70997E-2 3.72287E-2 2.97903E-2 3.59026E-2 6.32813E-2 -9999 -9999 -9999 -9999 -9999 -9999 -9999 -9999 -9999 -9999 -9999 -9999 -9999 -9999 -9999 -9999 -9999 -9999 -9999 -9999 -9999 -9999 -9999 -9999 -9999 -9999 -9999 -9999 -9999 -9999 -9999 -9999 -9999 -9999 -9999 -9999 -9999
6.27501E-2 5.16538E-2 3.4591E-2 1.80702E-2 2.06194E-2 3.80041E-2 4.72919E-2 6.06656E-2 8.0774E-2 9.27089E-2 9.55339E-2 1.02781E-1 1.01549E-1 1.01637E-1 1.07892E-1 9.80397E-2 7.91521E-2 7.37964E-2 7.92328E-2 8.42481E-2 7.52064E-2 6.01372E-2 5.07697E-2 2.71841E-2 2.44662E-2 2.19386E-2 4.92948E-2 5.67616E-2 -9999 -9999 -9999 -9999 -9999 -9999 -9999 -9999 -9999 -9999 -9999 -9999 -9999 -9999 -9999 -9999 -9999 -9999 -9999 -9999 -9999 -9999 -9999 -9999 -9999 -9999 -9999 -9999 -9999 -9999 -9999 -9999 -9999 -9999 -9999 -9999 -9999
6.32621E-2 4.95272E-2 2.94107E-2 2.58277E-2 2.70563E-2 3.51269E-2 4.75242E-2 5.95519E-2 6.98289E-2 8.9407E-2 9.64359E-2 9.14808E-2 9.47855E-2 9.28774E-2 1.0138E-1 1.04783E-1 7.72105E-2 6.32043E-2 7.56975E-2 9.31186E-2 9.24311E-2 6.57545E-2 5.07839E-2 1.91563E-2 1.13048E-2 1.40123E-2 2.99527E-2 -9999 -9999 -9999 -9999 -9999 -9999 -9999 -9999 -9999 -9999 -9999 -9999 -9999 -9999 -9999 -9999 -9999 -9999 -9999 -9999 -9999 -9999 -9999 -9999 -9999 -9999 -9999 -9999 -9999 -9999 -9999 -9999 -9999 -9999 -9999 -9999 -9999 -9999
5.8022E-2 4.18033E-2 2.71866E-2 2.62943E-2 2.43743E-2 1.50502E-2 1.36991E-2 3.45244E-2 6.09424E-2 7.07184E-2 7.00084E-2 7.52228E-2 8.47748E-2 9.95908E-2 1.02566E-1 1.05507E-1 8.80116E-2 4.9722E-2 5.86547E-2 7.7595E-2 8.54084E-2 6.98149E-2 4.55683E-2 1.52657E-2 1.17492E-2 1.31675E-2 -9999 -9999 -9999 -9999 -9999 -9999 -9999 -9999 -9999 -9999 -9999 -9999 -9999 -9999 -9999 -9999 -9999 -9999 -9999 -9999 -9999 -9999 -9999 -9999 -9999 -9999 -9999 -9999 -9999 -9999 -9999 -9999 -9999 -9999 -9999 -9999 -9999 -9999 -9999
5.93961E-2 4.59071E-2 4.41816E-2 4.38162E-2 1.96902E-2 2.38735E-2 1.38227E-2 3.87067E-2 4.92897E-2 4.37337E-2 6.70686E-2 7.40321E-2 9.14604E-2 1.01262E-1 1.00003E-1 1.03388E-1 9.76366E-2 5.42044E-2 5.78218E-2 6.04147E-2 6.02758E-2 6.2908E-2 -9999 1.07445E-2 -9999 -9999 -9999 -9999 -9999 -9999 -9999 -9999 -9999 -9999 -9999 -9999 -9999 -9999 -9999 -9999 -9999 -9999 -9999 -9999 -9999 -9999 -9999 -9999 -9999 -9999 -9999 -9999 -9999 -9999 -9999 -9999 -9999 -9999 -9999 -9999 -9999 -9999 -9999 -9999 -9999
