KUENM/Final_Models/M_0.1_F_lq_Set_2_NE/sp1_3_se_asia.asc
ncols         320
nrows         243
xllcorner     44.0
yllcorner     -0.666666666666667
cellsize      0.166666666666667
NODATA_value  -9999
[rows 31 to 61 of 243, columns 70 to 139 of 320]
2.06931E-2 2.12563E-2 2.1006E-2 2.12563E-2 2.12563E-2 2.04498E-2 2.02088E-2 1.88963E-2 1.19189E-2 8.55607E-3 1.5481E-2 1.72799E-2 1.66004E-2 1.22788E-2 1.01614E-2 8.78482E-3 1.0537E-2 1.35154E-2 1.65384E-2 1.74406E-2 1.7507E-2 1.77361E-2 1.75819E-2 1.7238E-2 1.55408E-2 7.26372E-3 1.10201E-2 7.69203E-3 3.03198E-3 9.76332E-3 1.63288E-2 1.86952E-2 1.69654E-2 1.77542E-2 1.6433E-2 1.11128E-2 7.75879E-3 5.43204E-3 3.5746E-3 8.36346E-4 8.54993E-4 2.26579E-4 1.42951E-4 1.64905E-5 2.61851E-6 4.4512E-6 3.89411E-6 1.23686E-6 4.64033E-7 3.04878E-7 5.31568E-8 7.29303E-8 1.37396E-8 1.08769E-7 2.0715E-7 4.98886E-7 5.98809E-7 9.85948E-7 4.13583E-7 2.68643E-7 4.17067E-7 1.92754E-7 5.52035E-8 2.80825E-8 1.21404E-8 3.66787E-9 1.71165E-9 8.97142E-9 9.4535E-10 1.13542E-9
2.05935E-2 2.05935E-2 2.05935E-2 2.05935E-2 1.98322E-2 1.90887E-2 2.03154E-2 1.90382E-2 1.41948E-2 9.73164E-3 1.64131E-2 1.68056E-2 1.58472E-2 8.61468E-3 2.58331E-3 2.58312E-3 5.17163E-3 9.48437E-3 1.31311E-2 1.55835E-2 1.64364E-2 1.7325E-2 1.85728E-2 1.30264E-2 1.62183E-2 1.96075E-2 1.56974E-2 1.6498E-2 8.71551E-3 7.2997E-3 1.33272E-2 1.44965E-2 1.31982E-2 1.59108E-2 2.10195E-2 1.8568E-2 1.62231E-2 1.355E-2 1.09409E-2 7.55896E-3 6.48007E-3 2.74198E-3 1.21009E-4 3.89411E-6 6.26057E-5 5.69817E-4 1.48146E-4 9.30764E-6 7.19608E-7 1.47375E-6 1.55952E-6 3.81922E-7 2.80677E-7 2.65741E-7 1.79876E-7 3.84981E-7 3.81812E-7 8.45269E-8 1.06666E-7 4.21202E-8 3.71866E-8 1.83326E-8 1.02151E-8 9.2065E-9 4.46824E-9 8.74097E-9 7.85264E-9 6.23816E-9 1.84371E-8 4.36065E-9
2.11221E-2 2.0867E-2 2.0867E-2 1.9873E-2 1.57701E-2 1.18009E-2 1.61605E-2 1.57104E-2 1.14592E-2 1.20247E-2 1.75124E-2 1.69149E-2 1.464E-2 1.0666E-2 4.44766E-3 1.95313E-3 1.10538E-3 5.17163E-3 8.5026E-3 8.29071E-3 9.46713E-3 1.48849E-2 1.83012E-2 1.33308E-2 1.02146E-2 2.26709E-2 2.45779E-2 2.39802E-2 2.21894E-2 1.98327E-2 1.61253E-2 1.3303E-2 1.68516E-2 1.67536E-2 1.66376E-2 1.15665E-2 7.51526E-3 1.3204E-2 1.73768E-2 1.48663E-2 1.12659E-2 8.4861E-3 3.97345E-3 2.64916E-3 1.25315E-3 2.82763E-5 2.4326E-6 4.07764E-6 2.24114E-6 1.9371E-6 5.14342E-7 5.14264E-8 3.92043E-8 5.35335E-8 2.80673E-8 3.20689E-8 3.15786E-8 3.57836E-8 8.12209E-8 4.65909E-8 4.14782E-8 2.93782E-8 6.84114E-8 1.12736E-7 4.00877E-8 3.32782E-8 2.14115E-8 5.53322E-8 1.16145E-8 7.84825E-8
2.10879E-2 2.01021E-2 1.98558E-2 1.82344E-2 1.32739E-2 5.69027E-3 1.10987E-2 1.2037E-2 8.4238E-3 1.43857E-2 1.71714E-2 1.57456E-2 1.27636E-2 1.03006E-2 7.39912E-3 4.77333E-3 1.00506E-3 4.65055E-4 2.37894E-3 3.31459E-3 4.1477E-3 7.64073E-3 1.27741E-2 1.56458E-2 1.36095E-2 2.26074E-2 2.36432E-2 2.81238E-2 2.93293E-2 2.86923E-2 2.89353E-2 2.66757E-2 2.06393E-2 1.84286E-2 1.081E-2 3.48947E-3 6.69639E-3 1.00129E-2 6.98484E-3 4.73469E-3 1.85433E-3 3.97398E-4 6.9706E-5 1.78351E-5 2.70224E-5 9.41238E-6 2.83914E-6 5.71737E-6 1.07167E-6 3.67689E-7 1.53486E-7 1.29065E-7 6.78807E-8 7.54762E-8 5.1489E-8 4.98883E-8 1.32135E-7 8.18755E-8 5.82149E-8 1.48724E-7 2.37374E-7 5.43647E-8 7.72714E-8 4.82682E-7 2.82121E-7 1.19013E-7 1.664E-8 8.91357E-9 9.56517E-8 3.01375E-7
2.02797E-2 2.00289E-2 1.93383E-2 1.77873E-2 1.01743E-2 8.10432E-3 1.33318E-2 7.73078E-3 4.17824E-3 1.02997E-2 1.63587E-2 1.55574E-2 1.24637E-2 8.35696E-3 6.41228E-3 6.50377E-3 4.60078E-3 1.47197E-3 1.12904E-3 3.72843E-3 4.59582E-3 3.2393E-3 7.13665E-3 1.17435E-2 1.26389E-2 1.86763E-2 1.64364E-2 2.21341E-2 2.83913E-2 2.93097E-2 2.32477E-2 2.51748E-2 1.96075E-2 1.07835E-2 6.53949E-3 6.72946E-3 7.91295E-3 5.83565E-3 2.53512E-3 7.54262E-4 4.13584E-4 8.33376E-5 5.44573E-6 2.01232E-6 2.47566E-6 4.5813E-6 7.57197E-6 2.52795E-6 2.00563E-7 1.54663E-7 9.06834E-8 6.1004E-8 4.73166E-8 1.19238E-7 1.49937E-7 1.85037E-7 6.5783E-8 1.05815E-7 4.17985E-8 5.91358E-8 9.3085E-7 2.00672E-7 2.00672E-7 1.44656E-6 3.72142E-8 4.85048E-8 2.71109E-8 6.98365E-8 6.80489E-7 2.08789E-7
1.92315E-2 1.94753E-2 1.73074E-2 1.34188E-2 1.18623E-2 1.75536E-2 2.10994E-2 1.58942E-2 4.26111E-3 3.4419E-3 1.28118E-2 1.46435E-2 1.18812E-2 9.96505E-3 7.36586E-3 7.31426E-3 7.17371E-3 5.68514E-3 2.41728E-3 1.20216E-3 3.2458E-3 4.05759E-3 6.08325E-3 8.87866E-3 5.53658E-3 5.7143E-3 1.60148E-2 1.71707E-2 2.49889E-2 2.74369E-2 2.44952E-2 2.58382E-2 1.81894E-2 9.49738E-3 1.06373E-2 1.17087E-2 7.35801E-3 4.3642E-3 1.94676E-3 1.85891E-3 5.8613E-4 1.29563E-4 5.74093E-5 6.62954E-6 6.57637E-6 1.31457E-6 2.96104E-7 1.42549E-7 4.9464E-7 1.9005E-7 6.66333E-7 5.67442E-7 3.97829E-7 7.54762E-8 1.19238E-7 1.48724E-7 8.38591E-8 4.17067E-7 7.60081E-7 2.22854E-6 2.53876E-6 1.01538E-7 9.95351E-7 7.07059E-6 2.69958E-7 2.51707E-6 1.16754E-5 2.38959E-6 4.52986E-8 3.98541E-9
2.00631E-2 1.81137E-2 1.41807E-2 7.23842E-3 7.51794E-3 1.89903E-2 2.38311E-2 2.19664E-2 1.18956E-2 1.26763E-3 6.89741E-3 1.07835E-2 8.52069E-3 8.50679E-3 8.68858E-3 8.32148E-3 7.85661E-3 6.08835E-3 7.04288E-3 3.74967E-3 1.76877E-3 2.7268E-3 3.42498E-3 2.90748E-3 6.69207E-3 7.58701E-3 1.46815E-2 2.036E-2 2.41269E-2 2.618E-2 2.57683E-2 2.52618E-2 2.09845E-2 1.64364E-2 1.43286E-2 1.08461E-2 7.597E-3 4.76177E-3 3.67243E-3 2.96344E-3 1.00476E-3 1.7651E-4 1.05501E-4 7.36234E-5 2.99879E-6 1.3982E-6 5.3418E-6 2.12754E-5 1.87085E-5 9.22865E-6 1.91558E-6 1.22708E-6 4.98886E-7 4.94802E-7 2.16609E-7 7.60717E-8 4.41988E-7 5.58204E-7 1.61521E-5 5.46147E-5 1.26734E-5 1.94514E-7 1.91474E-5 9.48426E-5 3.06022E-5 1.69746E-5 3.5103E-7 9.32183E-9 9.73736E-9 1.2362E-7
1.90695E-2 1.5098E-2 1.06738E-2 5.44638E-3 7.23842E-3 1.68747E-2 2.25325E-2 2.35331E-2 1.56961E-2 3.56141E-3 3.60487E-3 8.84345E-3 8.73624E-3 7.01972E-3 8.16168E-3 8.68858E-3 8.86199E-3 7.71548E-3 8.5168E-3 7.27462E-3 4.21873E-3 2.08444E-3 1.38981E-3 8.52901E-4 1.84562E-3 8.97952E-4 2.45573E-3 1.35271E-2 2.32552E-2 2.63659E-2 2.47675E-2 2.16982E-2 1.92618E-2 1.66994E-2 1.38108E-2 1.03369E-2 6.32859E-3 4.90245E-3 5.96464E-3 5.96464E-3 4.734E-3 2.50794E-3 6.85743E-4 1.71652E-4 1.14071E-4 3.49149E-4 2.54742E-4 5.46147E-5 4.00492E-6 1.2134E-5 7.25856E-6 1.6794E-6 1.56096E-7 2.18376E-7 6.86187E-7 1.08266E-6 4.78257E-6 2.34574E-6 1.37103E-5 2.23608E-5 2.44555E-4 9.59842E-7 3.93689E-5 3.83521E-4 2.64284E-5 6.10559E-6 9.44488E-7 8.30636E-8 1.76843E-7 5.24269E-8
1.79745E-2 1.52683E-2 9.13682E-3 9.08152E-3 9.91915E-3 1.38131E-2 2.12901E-2 2.40604E-2 2.21142E-2 1.35485E-2 5.02764E-3 8.12071E-3 1.12838E-2 1.0091E-2 9.97711E-3 9.26537E-3 8.45603E-3 7.58675E-3 7.71548E-3 6.57867E-3 5.1199E-3 2.33934E-3 9.63228E-4 3.75781E-4 6.69875E-4 4.9452E-4 8.61768E-4 2.30405E-3 1.68418E-2 2.21232E-2 2.006E-2 1.86104E-2 1.76199E-2 1.49596E-2 1.13104E-2 1.0217E-2 6.91155E-3 6.59112E-3 7.32159E-3 7.83506E-3 4.55906E-3 2.07369E-3 1.08271E-3 1.52399E-3 6.74086E-4 1.11546E-3 4.04463E-4 2.18587E-4 4.77161E-4 1.44282E-4 4.33784E-5 8.60584E-6 5.58204E-7 4.34771E-7 7.79336E-7 3.20572E-6 1.8224E-5 1.04416E-5 6.57423E-5 6.25264E-4 2.03709E-4 3.43405E-5 4.24578E-4 9.27378E-5 2.90278E-6 6.44579E-8 1.31201E-7 2.29077E-7 6.67768E-8 3.71845E-8
1.57879E-2 1.61993E-2 1.29605E-2 9.96903E-3 7.92348E-3 8.79379E-3 1.68333E-2 2.1969E-2 2.46762E-2 2.29646E-2 5.37205E-3 6.29724E-3 1.45963E-2 1.47157E-2 1.36193E-2 8.83355E-3 8.48521E-3 5.06881E-3 3.13272E-3 3.07964E-3 3.79483E-3 1.55331E-3 7.59977E-4 8.19986E-4 1.65827E-3 1.90484E-3 2.47038E-3 1.33191E-3 1.12542E-2 1.94656E-2 1.754E-2 1.81001E-2 1.75824E-2 1.32156E-2 1.18256E-2 8.21847E-3 5.14211E-3 5.66054E-3 8.31078E-3 4.40204E-3 3.00752E-3 4.27338E-3 3.97577E-3 9.788E-4 6.54081E-4 4.64959E-4 2.11354E-3 5.92475E-4 4.52378E-5 3.46862E-5 2.84139E-6 3.16541E-7 4.45624E-7 2.30622E-6 2.34689E-5 2.35664E-4 3.08463E-4 5.7627E-6 3.93742E-4 2.50636E-3 3.00162E-4 4.52281E-4 1.19912E-4 1.74368E-5 1.16897E-6 9.37361E-7 2.9266E-6 1.06811E-7 1.35087E-7 2.73517E-7
9.46959E-3 1.67798E-2 1.36492E-2 9.13682E-3 6.02023E-3 6.25434E-3 1.45499E-2 1.78854E-2 1.87517E-2 2.19664E-2 1.77748E-2 1.50546E-2 1.89158E-2 1.77733E-2 1.72811E-2 1.51864E-2 1.32656E-2 1.02158E-2 4.36248E-3 5.55452E-3 5.81645E-3 4.34789E-3 3.29492E-3 8.65641E-4 3.79403E-4 2.16407E-3 4.38227E-3 5.36625E-3 1.09153E-2 1.59821E-2 2.1509E-2 1.98973E-2 1.66847E-2 1.29396E-2 1.29396E-2 1.1623E-2 9.39168E-3 8.77064E-3 7.74663E-3 6.58745E-3 8.10724E-3 6.22614E-3 8.03632E-3 7.87056E-3 4.76371E-3 2.49123E-3 2.16523E-3 1.39353E-4 2.50403E-5 3.77024E-6 1.6372E-6 1.47693E-5 1.02668E-5 3.34954E-5 8.36801E-4 7.6418E-4 8.29187E-5 4.57925E-5 3.66875E-3 6.21743E-3 8.80103E-4 6.22189E-5 3.54274E-4 8.90298E-5 2.91172E-5 3.06275E-5 2.27301E-6 2.99922E-8 7.44212E-7 2.06415E-5
9.75687E-3 1.31317E-2 1.1516E-2 9.96903E-3 8.96646E-3 9.49368E-3 1.34666E-2 1.70899E-2 1.73074E-2 1.83444E-2 2.10994E-2 2.2808E-2 2.09923E-2 1.80079E-2 1.82313E-2 1.66142E-2 1.60971E-2 1.34262E-2 1.00951E-2 8.22455E-3 2.1392E-3 1.01166E-3 1.41662E-3 1.68859E-3 7.20462E-4 5.2662E-4 4.34789E-3 5.75005E-3 9.80222E-3 1.71165E-2 2.05605E-2 2.1892E-2 1.90382E-2 1.45385E-2 1.08459E-2 1.16397E-2 1.25819E-2 9.24411E-3 8.03348E-3 1.45385E-2 1.45957E-2 1.30861E-2 1.21936E-2 7.50928E-3 7.04288E-3 4.91977E-3 3.14191E-3 6.32497E-4 3.5682E-4 3.18952E-5 3.95416E-5 6.33646E-5 1.08818E-4 1.09354E-3 3.41704E-3 1.16222E-3 2.30274E-4 2.24626E-4 5.36514E-3 3.6073E-3 6.88984E-4 2.67345E-3 1.41151E-3 4.69983E-4 2.53725E-5 9.96565E-7 3.35549E-7 2.13785E-7 1.127E-5 7.146E-5
8.19501E-3 1.39771E-2 1.28004E-2 1.02723E-2 1.16408E-2 9.3154E-3 1.14207E-2 1.54997E-2 1.39891E-2 8.90858E-3 1.24144E-2 2.1634E-2 2.19055E-2 1.82344E-2 1.80079E-2 1.64122E-2 1.37857E-2 1.41237E-2 1.14859E-2 8.25885E-3 5.79227E-3 4.36248E-3 1.43765E-3 1.2024E-3 1.63317E-3 1.21577E-3 3.76794E-3 4.78772E-3 4.95655E-3 1.41948E-2 2.11221E-2 2.29333E-2 1.74931E-2 1.09652E-2 1.25396E-2 1.59643E-2 1.49601E-2 1.4359E-2 1.56246E-2 1.53876E-2 1.45611E-2 1.27334E-2 1.00835E-2 7.45203E-3 3.71E-3 2.63809E-3 1.34152E-3 1.35611E-3 4.46179E-4 3.28426E-4 3.14613E-4 1.40715E-4 9.44814E-4 3.08537E-3 6.08301E-3 2.31527E-3 1.69013E-3 2.72942E-3 1.44213E-2 5.16794E-3 8.17259E-3 7.32049E-3 1.59178E-3 5.25078E-5 6.0208E-7 2.36524E-5 7.86787E-5 1.18057E-4 2.36946E-4 7.81686E-5
9.5075E-3 1.41308E-2 1.5038E-2 1.26187E-2 1.3296E-2 1.41838E-2 1.17564E-2 1.53059E-2 1.39665E-2 7.44872E-3 5.17856E-3 2.0222E-2 2.26387E-2 2.05331E-2 2.10477E-2 1.91512E-2 1.36193E-2 1.02135E-2 7.18924E-3 5.28918E-3 2.9238E-3 3.69304E-3 4.36248E-3 1.87222E-3 1.73039E-3 2.59195E-3 4.41335E-3 5.11935E-3 3.92116E-3 4.41383E-3 1.57104E-2 2.17867E-2 1.9612E-2 1.58185E-2 1.80097E-2 1.67079E-2 1.60945E-2 1.39336E-2 1.49164E-2 1.37187E-2 1.24218E-2 4.16376E-3 4.46573E-3 6.78523E-3 7.41109E-3 7.99439E-3 4.29869E-3 4.7832E-3 4.01377E-3 1.88432E-3 4.69869E-4 1.05855E-3 3.61314E-3 6.98596E-3 9.89526E-3 1.06539E-2 1.31837E-2 1.28108E-2 2.55347E-3 3.67344E-3 4.22799E-3 1.38738E-3 2.63956E-4 4.08866E-5 4.05636E-5 4.45995E-4 7.8951E-4 6.4179E-4 1.43326E-4 4.5634E-4
4.98125E-3 1.10575E-2 1.1346E-2 1.29605E-2 1.24368E-2 1.14207E-2 1.20583E-2 1.53046E-2 1.69037E-2 1.37602E-2 1.31668E-2 2.57295E-2 2.63832E-2 2.33838E-2 2.44419E-2 2.15192E-2 1.86908E-2 1.57701E-2 1.23889E-2 1.05761E-2 7.18924E-3 3.87999E-3 1.49253E-3 1.42484E-3 3.27054E-3 2.89012E-3 1.97537E-3 4.66918E-3 1.0091E-2 7.89849E-3 9.27894E-3 1.73494E-2 1.9535E-2 1.9535E-2 1.69204E-2 1.77493E-2 1.66617E-2 1.60686E-2 1.58653E-2 1.43617E-2 1.4502E-2 1.18245E-2 1.36059E-2 1.49601E-2 1.48227E-2 1.30008E-2 1.13659E-2 1.07104E-2 7.85661E-3 4.23669E-3 2.97464E-3 4.79025E-3 6.73004E-3 1.03079E-2 1.36022E-2 1.57512E-2 1.34702E-2 6.44206E-3 1.60124E-3 1.13604E-3 9.7782E-4 1.36385E-3 9.06376E-4 2.10356E-3 1.83887E-3 2.94921E-3 1.46634E-3 1.23207E-3 1.3387E-3 6.88984E-4
3.04159E-3 5.94386E-3 4.35103E-3 9.61522E-3 1.40016E-2 1.39891E-2 1.51139E-2 1.56969E-2 1.88132E-2 1.71338E-2 1.60945E-2 2.80493E-2 2.76457E-2 2.62729E-2 2.53687E-2 2.38418E-2 2.22629E-2 1.84614E-2 1.49601E-2 1.03232E-2 7.80404E-3 3.97254E-3 2.29487E-3 1.84847E-3 4.06722E-3 6.85351E-3 2.36351E-3 2.51901E-3 9.49626E-3 1.1011E-2 1.18245E-2 1.65069E-2 1.92315E-2 2.11507E-2 2.02174E-2 1.84401E-2 1.73716E-2 1.69962E-2 1.67798E-2 1.58324E-2 1.56863E-2 1.49164E-2 1.60945E-2 1.56598E-2 1.51993E-2 1.48967E-2 1.37857E-2 1.10974E-2 9.60051E-3 7.7658E-3 8.57106E-3 1.06294E-2 1.2888E-2 1.44668E-2 1.68014E-2 1.81426E-2 1.29137E-2 7.60027E-3 3.01149E-3 4.70452E-3 5.82954E-3 8.0993E-3 7.66739E-3 7.16972E-3 3.35236E-3 2.32343E-3 3.4418E-3 3.25252E-3 1.39579E-3 3.2989E-4
2.75762E-3 4.17413E-3 3.67307E-3 4.15547E-3 1.15663E-2 1.45446E-2 2.00631E-2 2.40604E-2 2.38311E-2 2.38311E-2 2.38311E-2 2.95625E-2 2.68121E-2 2.71499E-2 2.78361E-2 2.66023E-2 2.38418E-2 2.07891E-2 1.60144E-2 1.16576E-2 7.32881E-3 5.74234E-3 4.71261E-3 2.75854E-3 1.99169E-3 3.78862E-3 4.01625E-3 2.10164E-3 7.25682E-3 7.44669E-3 1.06943E-2 1.6089E-2 1.97097E-2 2.11458E-2 1.95948E-2 1.89682E-2 1.78857E-2 1.72947E-2 1.78857E-2 1.72947E-2 1.72149E-2 1.64511E-2 1.6089E-2 1.63012E-2 1.65013E-2 1.64836E-2 1.57701E-2 1.32035E-2 1.26918E-2 1.27334E-2 1.3197E-2 1.44689E-2 1.62203E-2 1.73824E-2 2.02878E-2 1.4054E-2 9.50584E-3 3.46687E-3 5.30232E-3 1.0207E-2 1.39569E-2 1.89002E-2 1.90452E-2 1.00209E-2 8.36531E-3 8.87843E-3 5.41198E-3 2.95086E-3 7.0898E-4 5.20242E-4
1.4857E-3 4.67936E-4 2.51959E-3 2.67683E-3 7.26551E-3 1.49164E-2 1.86262E-2 2.3108E-2 2.88037E-2 3.07027E-2 3.10909E-2 2.84042E-2 2.59469E-2 2.8348E-2 2.8348E-2 2.87046E-2 2.73893E-2 2.20809E-2 1.71275E-2 1.16576E-2 8.4238E-3 6.61032E-3 7.24079E-3 5.77715E-3 2.0533E-3 1.54323E-3 4.49243E-3 3.96042E-3 6.99542E-3 9.44911E-3 1.05032E-2 1.38131E-2 1.84401E-2 2.10847E-2 1.93247E-2 1.87259E-2 1.83725E-2 1.83725E-2 1.79019E-2 1.74297E-2 1.70729E-2 1.79745E-2 1.80506E-2 1.81137E-2 1.79361E-2 1.71338E-2 1.56598E-2 1.4359E-2 1.47157E-2 1.52644E-2 1.58298E-2 1.66917E-2 1.84524E-2 2.02804E-2 2.16223E-2 2.01293E-2 1.86763E-2 1.55564E-2 1.52312E-2 1.98327E-2 2.34011E-2 2.25423E-2 2.17562E-2 1.92533E-2 1.22286E-2 9.3002E-3 1.00708E-2 2.50393E-3 4.80013E-4 9.37134E-4
2.31282E-3 1.36072E-3 8.9495E-4 6.43546E-4 4.1277E-3 1.05623E-2 1.13182E-2 7.1688E-3 1.0267E-2 3.07027E-2 3.37444E-2 2.75768E-2 2.8348E-2 2.95358E-2 2.9936E-2 2.9936E-2 2.84042E-2 2.59469E-2 2.04761E-2 1.58553E-2 1.28848E-2 5.94929E-3 4.34765E-3 9.92767E-3 9.47694E-3 5.63939E-3 7.44669E-3 7.73078E-3 1.09044E-2 1.34188E-2 1.18623E-2 1.41807E-2 1.87262E-2 2.08974E-2 2.0628E-2 1.9762E-2 1.9762E-2 1.85855E-2 1.82455E-2 1.93247E-2 1.92169E-2 1.92169E-2 1.9098E-2 1.84401E-2 1.66617E-2 1.53059E-2 1.47123E-2 1.56598E-2 1.54326E-2 1.68633E-2 1.82149E-2 1.86655E-2 2.03465E-2 2.03724E-2 2.35274E-2 2.63659E-2 2.64699E-2 2.72373E-2 3.15402E-2 3.12175E-2 3.08272E-2 3.12654E-2 2.9462E-2 2.54386E-2 2.54373E-2 2.06699E-2 1.29885E-2 4.80845E-3 2.80987E-3 2.52508E-3
5.07354E-3 1.90958E-3 2.54999E-3 1.08007E-3 1.48628E-3 5.50437E-3 1.12363E-2 1.58185E-2 1.86829E-2 3.43903E-2 3.58646E-2 3.26286E-2 3.1483E-2 3.10909E-2 3.14615E-2 3.14615E-2 3.03251E-2 2.73E-2 2.34003E-2 1.75672E-2 1.75672E-2 1.65013E-2 1.18245E-2 1.09625E-2 1.31668E-2 8.21692E-3 7.54344E-3 1.23182E-2 1.25234E-2 1.11746E-2 1.54881E-2 1.50735E-2 1.84869E-2 2.09679E-2 2.04283E-2 1.95794E-2 1.98372E-2 1.93243E-2 1.95794E-2 1.95061E-2 1.9762E-2 1.96751E-2 1.97186E-2 1.66197E-2 1.56863E-2 1.6089E-2 1.62936E-2 1.63012E-2 1.67147E-2 1.80097E-2 1.98558E-2 2.10879E-2 2.03465E-2 1.77331E-2 1.9103E-2 2.36814E-2 2.56993E-2 2.9826E-2 3.41363E-2 3.67025E-2 3.56648E-2 3.82345E-2 3.37648E-2 3.23619E-2 2.27929E-2 2.32013E-2 7.94205E-3 3.75339E-3 3.52299E-3 2.74104E-3
7.82017E-3 6.5677E-3 3.6118E-3 1.69832E-3 1.70962E-4 8.04309E-4 9.16661E-3 1.297E-2 1.93889E-2 3.30395E-2 3.70579E-2 3.52641E-2 3.33235E-2 3.37444E-2 3.33235E-2 3.29069E-2 3.10681E-2 2.73E-2 2.4989E-2 2.22441E-2 1.92919E-2 2.04044E-2 1.79738E-2 1.22608E-2 1.35485E-2 8.51616E-3 3.0952E-3 1.32135E-2 1.58866E-2 1.36389E-2 1.45499E-2 1.87262E-2 1.92169E-2 2.09679E-2 2.01629E-2 2.01629E-2 1.96409E-2 1.96409E-2 1.99005E-2 2.02157E-2 2.01629E-2 2.04283E-2 2.0628E-2 2.00884E-2 1.88276E-2 1.78218E-2 1.7488E-2 1.70899E-2 1.79738E-2 1.9535E-2 2.145E-2 2.3594E-2 2.05935E-2 1.90278E-2 1.95466E-2 2.14043E-2 2.52118E-2 2.66778E-2 3.02623E-2 3.15135E-2 3.30781E-2 3.97664E-2 3.50657E-2 3.3564E-2 3.34043E-2 2.38118E-2 4.02962E-3 2.697E-3 2.48361E-3 2.15477E-3
3.40522E-3 8.63033E-3 6.02156E-3 2.97848E-3 1.34613E-3 6.45398E-4 3.56645E-3 7.8758E-3 3.47632E-3 2.50543E-2 3.57078E-2 3.63172E-2 3.82775E-2 3.71015E-2 3.59411E-2 3.66369E-2 3.49731E-2 2.92002E-2 2.57295E-2 2.12655E-2 1.73347E-2 1.94753E-2 2.16917E-2 1.48979E-2 1.41431E-2 9.85022E-3 8.10432E-3 1.32135E-2 1.56863E-2 1.73716E-2 1.67798E-2 1.95765E-2 2.15807E-2 2.13017E-2 2.06966E-2 1.96409E-2 1.96409E-2 1.99517E-2 2.02563E-2 2.07963E-2 2.07963E-2 2.07527E-2 2.13017E-2 1.90756E-2 1.71501E-2 1.72149E-2 1.81137E-2 1.85155E-2 1.98977E-2 2.20809E-2 2.38418E-2 2.50543E-2 2.24342E-2 2.00442E-2 1.85217E-2 2.29954E-2 2.56993E-2 2.89532E-2 2.96378E-2 3.31953E-2 3.48509E-2 4.35125E-2 4.64567E-2 5.41337E-2 5.45697E-2 2.29729E-2 1.72717E-3 1.51463E-3 1.04173E-3 1.05006E-3
7.24079E-3 3.40321E-3 6.74151E-3 5.46121E-3 4.36243E-3 1.39026E-3 1.18915E-3 2.16348E-3 2.38441E-3 1.45611E-2 2.50543E-2 3.72365E-2 4.02656E-2 4.03625E-2 3.99289E-2 3.99289E-2 3.81664E-2 3.2811E-2 2.77522E-2 2.43667E-2 2.09994E-2 2.03181E-2 2.1969E-2 1.85776E-2 1.53059E-2 1.21646E-2 1.14585E-2 9.53109E-3 1.02428E-2 1.62426E-2 2.0719E-2 2.15194E-2 2.25292E-2 2.19127E-2 2.13017E-2 1.99005E-2 2.04828E-2 2.07963E-2 2.08271E-2 2.02563E-2 1.80092E-2 1.71042E-2 1.82455E-2 1.72947E-2 1.72947E-2 1.79745E-2 1.90695E-2 2.0736E-2 2.11507E-2 2.34003E-2 2.59469E-2 2.48758E-2 2.32447E-2 2.00442E-2 2.07592E-2 2.5073E-2 2.74207E-2 3.18028E-2 3.34285E-2 3.6377E-2 3.98288E-2 4.30916E-2 5.42392E-2 6.06232E-2 5.67857E-2 6.10427E-3 2.26713E-3 8.77913E-4 9.60406E-4 1.31456E-3
9.16771E-3 8.06545E-3 3.55769E-3 3.38594E-3 4.73277E-3 5.13114E-3 1.4323E-3 5.77905E-4 1.25659E-3 3.15009E-3 8.79176E-3 3.39219E-2 3.96446E-2 4.02656E-2 3.99289E-2 3.99816E-2 3.89758E-2 3.73108E-2 3.26956E-2 2.9535E-2 2.59958E-2 2.44623E-2 2.0736E-2 1.73074E-2 1.45286E-2 1.30487E-2 7.45108E-3 6.40785E-3 6.57724E-3 8.29002E-3 2.03485E-2 2.31219E-2 2.40872E-2 2.28513E-2 2.1629E-2 2.07963E-2 2.02563E-2 2.08271E-2 2.22732E-2 2.05248E-2 1.66631E-2 1.71042E-2 1.65472E-2 1.75551E-2 1.80159E-2 1.9098E-2 2.04918E-2 2.20887E-2 2.33546E-2 2.57295E-2 2.75768E-2 2.66567E-2 2.34967E-2 2.32001E-2 2.42521E-2 2.79183E-2 3.20439E-2 3.53707E-2 3.69723E-2 4.10422E-2 4.54349E-2 5.10166E-2 6.03137E-2 6.00675E-2 2.0872E-2 9.06605E-3 1.83866E-2 1.6977E-2 1.48663E-2 7.95264E-3
1.05849E-2 9.60051E-3 6.41228E-3 1.27044E-3 1.31272E-3 2.84603E-3 4.49823E-3 3.33196E-3 1.2627E-4 5.75769E-4 1.74552E-3 2.39648E-2 3.91468E-2 4.04382E-2 3.9353E-2 3.82753E-2 3.78774E-2 3.85156E-2 3.62659E-2 3.174E-2 3.08876E-2 2.66964E-2 2.18089E-2 1.83444E-2 1.43469E-2 1.21646E-2 7.82677E-3 6.82556E-3 8.20568E-3 6.25127E-3 1.58653E-2 2.40872E-2 2.47161E-2 2.37792E-2 2.34692E-2 2.11031E-2 2.08271E-2 2.19823E-2 2.22705E-2 2.22705E-2 2.11031E-2 2.14027E-2 1.95061E-2 1.85855E-2 2.01914E-2 2.08144E-2 2.37276E-2 2.43465E-2 2.59958E-2 2.7698E-2 2.8348E-2 2.50543E-2 2.29656E-2 2.58827E-2 2.80972E-2 3.11767E-2 3.45244E-2 3.8083E-2 4.1513E-2 4.6122E-2 5.12804E-2 6.07035E-2 6.64493E-2 5.47596E-2 7.25635E-3 2.84657E-2 3.15178E-2 2.50643E-2 1.41271E-2 6.09956E-3
9.43211E-3 9.07086E-3 8.57106E-3 6.80757E-3 3.7743E-3 1.22588E-3 1.53653E-3 4.4108E-3 2.91304E-3 1.38567E-3 2.55495E-3 2.44775E-2 3.93513E-2 4.10085E-2 3.84807E-2 3.73957E-2 3.85084E-2 3.84684E-2 3.73957E-2 3.38954E-2 3.30708E-2 2.87921E-2 2.49256E-2 1.94016E-2 1.58962E-2 1.09044E-2 4.58348E-3 5.5306E-3 8.20568E-3 8.004E-3 1.74361E-2 2.5366E-2 2.59738E-2 2.50163E-2 2.46922E-2 2.34708E-2 2.31658E-2 2.1686E-2 2.19823E-2 2.37003E-2 2.39598E-2 2.31521E-2 2.13484E-2 2.06966E-2 2.1629E-2 2.4091E-2 2.40686E-2 2.11458E-2 2.63291E-2 2.8465E-2 2.75768E-2 2.48758E-2 2.63258E-2 2.81999E-2 3.1271E-2 3.51318E-2 3.80513E-2 4.21339E-2 4.74371E-2 5.27097E-2 6.01992E-2 6.71012E-2 7.13462E-2 3.8494E-2 2.10195E-2 2.95322E-2 2.44525E-2 1.57586E-2 4.21805E-3 2.97377E-3
3.34339E-3 4.31391E-3 5.55042E-3 5.94639E-3 5.10568E-3 5.53661E-3 3.00961E-3 4.48206E-3 4.95085E-3 2.08444E-3 2.5669E-4 1.00628E-2 2.94288E-2 3.80375E-2 3.94707E-2 3.85156E-2 3.80172E-2 3.75313E-2 3.65517E-2 3.42052E-2 3.35165E-2 3.14703E-2 2.52449E-2 2.12901E-2 1.83938E-2 7.35604E-3 4.0447E-3 6.31605E-3 8.62182E-3 8.10432E-3 1.90695E-2 2.66559E-2 2.75927E-2 2.66052E-2 2.56383E-2 2.53064E-2 2.43322E-2 2.31521E-2 2.28495E-2 2.28495E-2 2.37003E-2 2.3431E-2 2.31521E-2 2.3458E-2 2.37674E-2 2.4091E-2 2.2083E-2 2.20887E-2 2.30602E-2 2.61469E-2 2.50548E-2 2.3594E-2 2.76311E-2 3.17859E-2 3.53435E-2 3.83727E-2 4.34927E-2 4.79074E-2 5.08855E-2 5.73804E-2 6.51474E-2 7.21634E-2 7.44588E-2 5.39241E-2 3.47372E-2 2.80588E-2 9.5883E-3 1.1126E-2 4.6542E-3 2.2406E-4
1.32109E-3 9.49172E-4 1.40615E-3 1.68994E-3 2.32881E-3 2.02081E-3 3.46097E-3 4.04854E-3 3.80299E-3 3.49341E-3 2.69707E-4 8.44105E-4 1.19189E-2 3.06788E-2 3.80094E-2 3.84142E-2 3.75218E-2 3.61039E-2 3.6562E-2 3.61039E-2 3.62659E-2 3.28779E-2 2.87921E-2 2.52449E-2 2.26574E-2 9.80618E-3 3.52965E-3 7.35604E-3 9.24607E-3 5.83149E-3 1.53059E-2 2.63483E-2 2.85021E-2 2.81348E-2 2.81348E-2 2.71552E-2 2.64557E-2 2.51853E-2 2.45995E-2 2.5102E-2 2.5673E-2 2.45995E-2 2.43322E-2 2.43322E-2 2.55859E-2 2.31507E-2 1.9831E-2 1.94599E-2 2.00631E-2 2.22441E-2 2.36761E-2 2.40843E-2 2.92085E-2 3.25084E-2 3.65117E-2 4.08805E-2 4.49924E-2 5.11336E-2 5.52804E-2 6.26611E-2 6.92562E-2 7.38739E-2 7.29082E-2 3.4758E-2 2.91208E-2 2.25118E-2 9.0625E-3 4.21396E-3 2.10864E-3 2.26133E-3
7.01435E-4 2.78117E-4 4.30995E-4 7.9639E-4 1.55921E-3 2.34324E-3 1.81363E-3 1.96577E-3 7.21965E-4 1.49798E-4 7.78024E-4 1.90889E-4 3.2343E-3 2.26387E-2 3.58515E-2 3.84142E-2 3.68749E-2 3.65264E-2 3.59987E-2 3.72637E-2 3.56225E-2 3.45362E-2 3.28578E-2 3.06746E-2 2.45433E-2 1.46456E-2 9.15363E-3 7.92249E-3 1.0267E-2 5.34273E-3 8.72856E-3 2.29462E-2 2.90524E-2 2.97624E-2 2.96117E-2 2.92292E-2 2.88509E-2 2.79417E-2 2.85019E-2 2.86786E-2 2.84626E-2 2.81294E-2 2.71665E-2 2.54349E-2 2.34708E-2 1.99318E-2 1.75955E-2 1.7488E-2 1.62936E-2 1.71338E-2 1.91318E-2 2.34972E-2 2.85041E-2 3.25084E-2 3.56526E-2 4.20585E-2 4.67858E-2 5.07679E-2 5.82201E-2 6.29396E-2 6.93498E-2 7.16197E-2 5.96513E-2 2.68155E-2 2.9625E-2 2.27531E-2 1.38687E-2 6.66569E-3 6.27603E-3 1.82441E-2
3.37788E-3 1.52399E-3 7.97103E-4 3.23711E-4 1.64253E-4 1.23348E-3 1.8361E-3 1.40532E-3 1.22547E-3 7.21965E-4 3.14388E-4 6.93465E-4 2.08444E-3 1.24637E-2 3.367E-2 3.70547E-2 3.69494E-2 3.72637E-2 3.71499E-2 3.6781E-2 3.63971E-2 3.5519E-2 3.38954E-2 3.22345E-2 2.54954E-2 7.91407E-3 7.72427E-3 5.60648E-3 7.24079E-3 9.05542E-3 6.09457E-3 1.21201E-2 2.25325E-2 2.93466E-2 3.10128E-2 3.10193E-2 3.07949E-2 2.92231E-2 2.97623E-2 3.01557E-2 2.90581E-2 2.79417E-2 2.48562E-2 2.25673E-2 2.0628E-2 1.72947E-2 1.24063E-2 1.36187E-2 1.28417E-2 1.42398E-2 1.68961E-2 2.11127E-2 2.60101E-2 2.87763E-2 3.47451E-2 4.21269E-2 4.79939E-2 5.20041E-2 5.81316E-2 6.40375E-2 7.03207E-2 7.0516E-2 6.1345E-2 3.67025E-2 3.08755E-2 1.05304E-2 1.01559E-2 4.07371E-3 5.15059E-3 3.53964E-2
5.88099E-3 3.24796E-3 1.2512E-3 3.423E-4 6.79615E-5 2.07398E-4 2.00067E-4 1.82978E-4 2.80396E-4 1.42075E-4 1.14928E-3 2.60717E-3 2.38666E-3 9.32282E-3 2.34003E-2 2.98059E-2 3.53452E-2 3.61064E-2 3.60897E-2 3.65264E-2 3.59987E-2 3.60897E-2 3.49864E-2 3.47796E-2 3.18744E-2 1.01986E-2 3.44343E-3 4.21117E-3 5.04461E-3 4.71261E-3 5.91769E-3 9.17131E-3 6.9622E-3 1.62968E-2 2.87455E-2 3.12263E-2 3.14244E-2 2.98298E-2 2.90622E-2 2.77402E-2 2.77402E-2 2.43322E-2 2.2864E-2 2.06966E-2 1.83725E-2 1.40037E-2 9.72781E-3 9.85022E-3 9.89334E-3 1.15157E-2 1.24862E-2 1.28456E-2 1.39652E-2 2.02088E-2 3.33391E-2 4.36833E-2 4.78827E-2 5.35638E-2 5.90358E-2 6.34264E-2 6.75342E-2 6.93207E-2 6.9865E-2 4.47012E-2 2.28468E-2 7.63783E-3 5.00413E-3 1.88886E-3 5.7049E-3 4.52252E-2
