KUENM/Final_Models/M_0.1_F_lq_Set_2_NE/sp1_stddev.asc
ncols         197
nrows         210
xllcorner     56.1666666666667
yllcorner     4.5
cellsize      0.166666666666667
NODATA_value  -9999
[rows 84 to 111 of 210, columns 65 to 129 of 197]
5.30924E-2 5.40624E-2 5.61884E-2 5.59471E-2 5.43188E-2 5.26739E-2 5.24794E-2 5.28835E-2 5.40305E-2 5.45678E-2 5.53334E-2 5.66879E-2 5.72841E-2 5.68987E-2 5.52512E-2 5.30474E-2 5.31233E-2 5.50159E-2 5.6759E-2 5.7931E-2 5.85907E-2 5.86738E-2 5.90475E-2 5.94025E-2 5.93908E-2 6.04374E-2 6.19292E-2 6.26372E-2 6.35685E-2 6.35421E-2 6.0765E-2 5.28628E-2 4.77328E-2 4.55204E-2 4.02356E-2 3.14653E-2 2.53201E-2 2.18949E-2 2.03207E-2 2.05839E-2 4.0158E-2 4.73628E-2 4.45705E-2 4.01324E-2 3.45593E-2 2.81435E-2 2.03694E-2 1.44263E-2 1.29678E-2 1.59308E-2 2.51265E-2 2.6006E-2 2.40161E-2 2.44954E-2 1.85595E-2 1.1695E-2 1.32103E-2 2.43838E-2 3.55025E-2 4.74966E-2 5.36983E-2 4.1657E-2 5.18303E-2 5.55627E-2 5.48557E-2
5.37489E-2 5.63235E-2 5.71154E-2 5.6667E-2 5.59144E-2 5.44331E-2 5.36255E-2 5.49445E-2 5.58476E-2 5.58664E-2 5.73196E-2 5.77274E-2 5.83555E-2 5.83597E-2 5.68987E-2 5.54079E-2 5.51111E-2 5.6759E-2 5.85047E-2 5.95821E-2 5.97658E-2 5.97865E-2 5.98406E-2 5.98639E-2 6.04403E-2 6.12762E-2 6.15669E-2 6.31478E-2 6.28657E-2 6.24569E-2 6.02124E-2 5.58396E-2 4.96054E-2 4.06342E-2 3.29207E-2 2.43491E-2 1.97565E-2 1.96265E-2 1.8556E-2 3.21751E-2 4.76941E-2 4.19187E-2 3.87484E-2 3.50667E-2 2.90378E-2 2.22547E-2 1.76099E-2 1.73426E-2 1.98571E-2 2.91122E-2 3.43636E-2 2.46444E-2 2.30729E-2 3.35591E-2 2.79172E-2 2.57388E-2 2.78807E-2 2.97197E-2 3.46989E-2 4.537E-2 5.46063E-2 4.44197E-2 5.42096E-2 5.73311E-2 5.76548E-2
5.57852E-2 5.66928E-2 5.75314E-2 5.78495E-2 5.65009E-2 5.53306E-2 5.53676E-2 5.57806E-2 5.66282E-2 5.71502E-2 5.79033E-2 5.77377E-2 5.81392E-2 5.85694E-2 5.78815E-2 5.70972E-2 5.78932E-2 5.86738E-2 5.96868E-2 5.97792E-2 5.96451E-2 5.96102E-2 5.95282E-2 5.96708E-2 6.01534E-2 6.10526E-2 6.1324E-2 6.1976E-2 6.11303E-2 5.84752E-2 5.56525E-2 5.05008E-2 4.34013E-2 3.44988E-2 2.45075E-2 1.73292E-2 1.53344E-2 1.8668E-2 3.99513E-2 5.57394E-2 4.71036E-2 3.84318E-2 3.44578E-2 2.88607E-2 2.46416E-2 2.12262E-2 1.88369E-2 2.40163E-2 2.71162E-2 4.05629E-2 4.7876E-2 4.72251E-2 3.50829E-2 2.68139E-2 2.98509E-2 3.60106E-2 4.30475E-2 4.15542E-2 4.12412E-2 5.07987E-2 5.77731E-2 5.58568E-2 5.74586E-2 5.9337E-2 5.97443E-2
5.64598E-2 5.71781E-2 5.70286E-2 5.74699E-2 5.61673E-2 5.61622E-2 5.6451E-2 5.67653E-2 5.74428E-2 5.7866E-2 5.82372E-2 5.83555E-2 5.84659E-2 5.86702E-2 5.86016E-2 5.86811E-2 5.92218E-2 5.96548E-2 5.98372E-2 5.93958E-2 5.88476E-2 5.868E-2 5.83682E-2 5.83232E-2 5.89685E-2 6.01078E-2 6.0491E-2 5.89279E-2 5.74483E-2 5.25083E-2 4.53264E-2 4.08335E-2 3.11138E-2 2.52504E-2 1.57767E-2 1.97259E-2 1.77783E-2 3.2493E-2 5.24385E-2 5.00414E-2 4.4679E-2 4.0291E-2 3.31249E-2 2.6792E-2 2.32252E-2 2.26854E-2 3.05379E-2 3.31609E-2 3.20241E-2 3.69347E-2 4.65362E-2 5.20648E-2 4.8099E-2 3.522E-2 2.81913E-2 4.35231E-2 5.09138E-2 5.18514E-2 5.23194E-2 5.84645E-2 6.07104E-2 5.90984E-2 6.01569E-2 6.03604E-2 5.99966E-2
5.4299E-2 5.58133E-2 5.62293E-2 5.63339E-2 5.63566E-2 5.7214E-2 5.7411E-2 5.77884E-2 5.80249E-2 5.82508E-2 5.87683E-2 5.84659E-2 5.85069E-2 5.87827E-2 5.91415E-2 5.94892E-2 5.97686E-2 5.98564E-2 5.96444E-2 5.89029E-2 5.80667E-2 5.73393E-2 5.69771E-2 5.70808E-2 5.83476E-2 5.84045E-2 5.67379E-2 5.40429E-2 4.99555E-2 4.22594E-2 3.32335E-2 2.84526E-2 2.42189E-2 1.95019E-2 2.35985E-2 2.64966E-2 3.35969E-2 4.77855E-2 5.738E-2 5.07866E-2 4.25353E-2 3.65756E-2 3.10356E-2 2.47574E-2 2.40654E-2 2.75966E-2 3.71406E-2 4.29501E-2 4.25411E-2 4.58648E-2 4.99623E-2 5.16686E-2 4.97181E-2 3.82298E-2 4.37144E-2 5.06327E-2 5.44821E-2 5.52401E-2 5.87149E-2 6.26401E-2 6.09135E-2 4.90102E-2 5.07265E-2 5.88557E-2 5.9762E-2
-9999 5.54877E-2 5.62293E-2 5.67568E-2 5.71086E-2 5.76072E-2 5.78932E-2 5.82209E-2 5.86935E-2 5.88691E-2 5.90336E-2 5.84094E-2 5.88691E-2 5.93958E-2 5.97212E-2 5.99267E-2 5.98564E-2 5.96779E-2 5.91256E-2 5.83459E-2 5.73282E-2 5.73827E-2 5.64054E-2 5.60918E-2 5.70246E-2 5.41968E-2 5.13909E-2 4.60312E-2 3.98058E-2 3.27934E-2 2.55209E-2 1.96683E-2 1.75781E-2 1.30305E-2 4.34989E-2 2.78373E-2 4.68047E-2 5.33848E-2 5.23923E-2 5.17042E-2 3.80423E-2 3.12665E-2 2.79601E-2 2.87159E-2 3.21276E-2 3.84229E-2 4.09666E-2 4.55781E-2 5.16156E-2 5.46095E-2 5.39098E-2 4.89794E-2 4.91615E-2 4.42188E-2 5.54828E-2 6.2002E-2 5.91278E-2 5.79062E-2 6.05736E-2 6.37693E-2 6.02709E-2 4.58691E-2 4.96701E-2 5.86795E-2 6.0372E-2
-9999 5.61296E-2 5.70205E-2 5.72196E-2 5.79405E-2 5.83162E-2 5.86738E-2 5.89568E-2 5.92218E-2 5.95003E-2 5.95003E-2 5.94476E-2 5.95972E-2 5.98467E-2 5.99498E-2 5.99423E-2 5.97998E-2 5.95729E-2 5.91876E-2 5.84223E-2 5.76238E-2 5.6266E-2 5.18651E-2 5.21779E-2 5.11069E-2 5.01375E-2 4.64688E-2 3.83187E-2 3.39447E-2 2.71242E-2 1.94337E-2 1.50263E-2 8.12977E-3 1.0965E-2 2.80622E-2 5.96893E-2 4.82323E-2 5.69919E-2 5.19204E-2 5.29078E-2 2.95293E-2 2.03694E-2 1.93813E-2 3.14712E-2 4.11285E-2 4.88331E-2 5.40764E-2 5.46229E-2 5.43983E-2 5.21827E-2 4.78404E-2 4.38868E-2 4.22825E-2 4.64501E-2 5.96715E-2 6.45965E-2 6.30881E-2 5.95425E-2 6.45009E-2 6.31763E-2 6.1526E-2 5.62427E-2 5.74264E-2 6.0193E-2 6.07104E-2
-9999 5.68049E-2 5.75646E-2 5.79689E-2 5.84226E-2 5.87191E-2 5.91256E-2 5.9498E-2 5.98043E-2 5.98625E-2 5.98475E-2 5.99152E-2 5.98772E-2 5.98283E-2 5.97686E-2 5.98517E-2 5.96708E-2 5.95775E-2 5.90555E-2 5.84093E-2 5.72114E-2 5.43372E-2 4.94142E-2 4.98154E-2 4.78167E-2 4.42906E-2 4.03162E-2 3.49333E-2 3.14595E-2 2.52258E-2 1.83021E-2 1.27305E-2 4.78906E-3 2.29278E-2 5.57638E-2 5.775E-2 4.79736E-2 5.87316E-2 5.8254E-2 4.79583E-2 2.30609E-2 1.5105E-2 1.19035E-2 2.85283E-2 3.42009E-2 4.76742E-2 5.61921E-2 5.84289E-2 5.65278E-2 5.27983E-2 4.65362E-2 4.37404E-2 4.22825E-2 5.09123E-2 6.0744E-2 6.40841E-2 6.35436E-2 6.45051E-2 6.91055E-2 6.32084E-2 6.38503E-2 6.22917E-2 6.06921E-2 6.01835E-2 6.12852E-2
-9999 -9999 5.82982E-2 5.88454E-2 5.90921E-2 5.94911E-2 5.97775E-2 5.99066E-2 5.97256E-2 5.91165E-2 5.8261E-2 5.78844E-2 5.79819E-2 5.84344E-2 5.84344E-2 5.86381E-2 5.88876E-2 5.9137E-2 5.85193E-2 5.78577E-2 5.6266E-2 5.28947E-2 5.08367E-2 4.86375E-2 4.5075E-2 4.11556E-2 3.74923E-2 3.16314E-2 2.85182E-2 2.55797E-2 1.87374E-2 1.46025E-2 6.39336E-3 1.42085E-2 4.21527E-2 5.07285E-2 5.09038E-2 5.92791E-2 4.5792E-2 2.29405E-2 1.77368E-2 1.24526E-2 6.43653E-3 1.1068E-2 1.75386E-2 3.93835E-2 5.84289E-2 5.92857E-2 5.68969E-2 5.35023E-2 4.69715E-2 3.97451E-2 4.44913E-2 5.55192E-2 6.04003E-2 6.21088E-2 6.20125E-2 6.43296E-2 6.86504E-2 6.52825E-2 6.4951E-2 6.1435E-2 5.74586E-2 5.97558E-2 6.23033E-2
-9999 -9999 5.9084E-2 5.95704E-2 6.00577E-2 6.02666E-2 6.0204E-2 5.97744E-2 5.86525E-2 5.67221E-2 5.43836E-2 5.35704E-2 5.44947E-2 5.57283E-2 5.66356E-2 5.73282E-2 5.71414E-2 5.81015E-2 5.86141E-2 5.60689E-2 5.36809E-2 5.08708E-2 4.50214E-2 4.41691E-2 3.99681E-2 3.66268E-2 3.31732E-2 3.04774E-2 2.65907E-2 2.60488E-2 2.19723E-2 1.71706E-2 1.27305E-2 8.13677E-3 2.81801E-2 5.18566E-2 5.78734E-2 5.45609E-2 4.37404E-2 2.10067E-2 9.92964E-3 1.48489E-2 1.11279E-2 1.16273E-2 2.35419E-2 4.48617E-2 5.87603E-2 5.94201E-2 5.6821E-2 5.35841E-2 4.7478E-2 4.44072E-2 5.67135E-2 6.01824E-2 6.00143E-2 6.06318E-2 6.19342E-2 6.50485E-2 6.87624E-2 6.40511E-2 6.45579E-2 6.16809E-2 5.74665E-2 6.17752E-2 5.67736E-2
-9999 -9999 -9999 6.03139E-2 6.03647E-2 6.0427E-2 5.99148E-2 5.91056E-2 5.73042E-2 5.34056E-2 4.93845E-2 4.84883E-2 4.96457E-2 5.20914E-2 5.54531E-2 5.79693E-2 5.93696E-2 5.98104E-2 5.89717E-2 5.63499E-2 5.287E-2 4.87699E-2 4.3955E-2 4.18612E-2 3.80286E-2 3.50582E-2 3.54071E-2 3.16314E-2 3.05601E-2 2.5863E-2 2.14271E-2 1.86606E-2 1.58739E-2 1.19248E-2 2.37579E-2 4.71705E-2 5.69063E-2 4.74803E-2 4.18486E-2 3.41666E-2 1.16689E-2 5.2186E-3 1.44322E-2 2.50227E-2 4.74978E-2 5.33052E-2 6.12062E-2 5.98173E-2 5.50584E-2 5.04475E-2 5.10442E-2 5.14037E-2 5.71933E-2 5.80019E-2 5.8103E-2 6.2047E-2 6.50479E-2 6.65514E-2 6.58528E-2 6.09513E-2 5.82059E-2 6.38557E-2 6.08325E-2 6.18372E-2 4.38959E-2
-9999 -9999 -9999 -9999 -9999 -9999 -9999 5.81837E-2 5.51489E-2 5.13742E-2 4.89766E-2 4.71186E-2 4.55558E-2 4.67999E-2 5.30891E-2 5.91904E-2 5.94598E-2 6.01452E-2 5.86141E-2 5.41761E-2 4.743E-2 4.12588E-2 3.6318E-2 3.5132E-2 3.62227E-2 3.6352E-2 3.46334E-2 3.35918E-2 3.00792E-2 2.82767E-2 2.42681E-2 2.14287E-2 1.95646E-2 1.92776E-2 2.24859E-2 3.5637E-2 4.62675E-2 4.62675E-2 4.20493E-2 3.18402E-2 1.46637E-2 1.42295E-2 2.29367E-2 4.56974E-2 7.16539E-2 6.72353E-2 6.38456E-2 6.10107E-2 5.57541E-2 5.39295E-2 5.57541E-2 5.59579E-2 5.76812E-2 5.67135E-2 6.03099E-2 6.49048E-2 6.56031E-2 6.46975E-2 6.12292E-2 5.00767E-2 4.88402E-2 5.9001E-2 6.22634E-2 5.21103E-2 2.72158E-2
-9999 -9999 -9999 -9999 -9999 -9999 -9999 -9999 5.31247E-2 5.04798E-2 4.6915E-2 4.44555E-2 4.29718E-2 4.23104E-2 4.75345E-2 5.56881E-2 5.88311E-2 5.78844E-2 5.49742E-2 4.89258E-2 4.08335E-2 3.46526E-2 3.30699E-2 3.49408E-2 3.48094E-2 3.5307E-2 3.37554E-2 3.26264E-2 2.88582E-2 2.76866E-2 2.42161E-2 2.29832E-2 2.42377E-2 2.67749E-2 2.40825E-2 2.81835E-2 3.89661E-2 3.99829E-2 3.76988E-2 3.74165E-2 3.27577E-2 2.92174E-2 2.48185E-2 4.6752E-2 6.68633E-2 6.69774E-2 6.41383E-2 6.15848E-2 6.17141E-2 6.04195E-2 5.87603E-2 5.76812E-2 5.82209E-2 5.82209E-2 6.20731E-2 6.05494E-2 5.87645E-2 5.89513E-2 5.42976E-2 3.6545E-2 2.84458E-2 3.6135E-2 4.45622E-2 3.30067E-2 1.94859E-2
-9999 -9999 -9999 -9999 -9999 -9999 -9999 -9999 -9999 4.91933E-2 4.65284E-2 4.40661E-2 4.11645E-2 4.36232E-2 4.64275E-2 4.87912E-2 4.86313E-2 4.88656E-2 4.7573E-2 4.32042E-2 4.00341E-2 3.62092E-2 3.44908E-2 3.54383E-2 3.31732E-2 3.42703E-2 3.26946E-2 3.17773E-2 3.13809E-2 2.75164E-2 2.79018E-2 2.8515E-2 3.67035E-2 3.79421E-2 3.17993E-2 3.23325E-2 4.40406E-2 4.66547E-2 4.05423E-2 4.64683E-2 5.65624E-2 6.03385E-2 4.35623E-2 5.42905E-2 6.79396E-2 6.40338E-2 6.63502E-2 6.43885E-2 6.27684E-2 6.10819E-2 5.79264E-2 5.71483E-2 5.7741E-2 6.01919E-2 6.04481E-2 5.02682E-2 5.01733E-2 5.25972E-2 4.68337E-2 2.46447E-2 8.52624E-3 1.46508E-2 2.12533E-2 1.99871E-2 1.40657E-2
-9999 -9999 -9999 -9999 -9999 -9999 -9999 -9999 -9999 4.80639E-2 4.59458E-2 4.38712E-2 4.19305E-2 4.23908E-2 4.3128E-2 4.47935E-2 4.50492E-2 4.51646E-2 4.44374E-2 4.22276E-2 3.81916E-2 3.48121E-2 3.17588E-2 3.08612E-2 2.91097E-2 2.81441E-2 2.92934E-2 2.89774E-2 3.02354E-2 3.05785E-2 2.8919E-2 3.36138E-2 3.52619E-2 4.3335E-2 4.26575E-2 4.40674E-2 5.23224E-2 5.6709E-2 5.62806E-2 6.12769E-2 6.97801E-2 6.90733E-2 6.05435E-2 6.44322E-2 6.78544E-2 6.49433E-2 6.37205E-2 6.31033E-2 6.20461E-2 5.98173E-2 5.49846E-2 5.58568E-2 6.0305E-2 6.00034E-2 4.91878E-2 3.71249E-2 4.12595E-2 4.87821E-2 4.75323E-2 2.97137E-2 1.1539E-2 9.52671E-3 1.21775E-2 1.20614E-2 7.12695E-3
-9999 -9999 -9999 -9999 -9999 -9999 -9999 -9999 -9999 -9999 -9999 4.3197E-2 4.18141E-2 4.11409E-2 4.06297E-2 4.12216E-2 4.16187E-2 4.24175E-2 4.22375E-2 3.98546E-2 3.6318E-2 3.24667E-2 2.67283E-2 2.37482E-2 2.25282E-2 2.25282E-2 2.22454E-2 2.44933E-2 2.72802E-2 2.74455E-2 3.37016E-2 4.14165E-2 4.02876E-2 4.29948E-2 5.29881E-2 5.91404E-2 5.27856E-2 5.77523E-2 6.26567E-2 6.8361E-2 7.19523E-2 6.95814E-2 5.86018E-2 4.94621E-2 4.86714E-2 4.97523E-2 5.73965E-2 6.0632E-2 6.05272E-2 5.89606E-2 5.42558E-2 5.60749E-2 6.03806E-2 5.53422E-2 4.17403E-2 3.45203E-2 3.66017E-2 4.14673E-2 4.36529E-2 3.52983E-2 2.35826E-2 1.61718E-2 1.20614E-2 6.63606E-3 4.43811E-3
-9999 -9999 -9999 -9999 -9999 -9999 -9999 -9999 -9999 -9999 -9999 -9999 -9999 4.08269E-2 4.02233E-2 4.00243E-2 3.91408E-2 -9999 -9999 3.41134E-2 3.31861E-2 3.03492E-2 2.14547E-2 1.92729E-2 1.73445E-2 1.79748E-2 1.9096E-2 2.24728E-2 2.4164E-2 2.7234E-2 3.42395E-2 4.89499E-2 4.16093E-2 4.79723E-2 6.91741E-2 7.42532E-2 5.77939E-2 5.59129E-2 6.50216E-2 7.24662E-2 7.30206E-2 7.20872E-2 6.10342E-2 4.30245E-2 3.74383E-2 3.71458E-2 5.26286E-2 5.89342E-2 5.9927E-2 5.98424E-2 5.82311E-2 5.86015E-2 5.90833E-2 5.30712E-2 4.53002E-2 3.63144E-2 3.80945E-2 4.67701E-2 5.52907E-2 5.15116E-2 4.10663E-2 3.36014E-2 2.35587E-2 1.34169E-2 9.35738E-3
-9999 -9999 -9999 -9999 -9999 -9999 -9999 -9999 -9999 -9999 -9999 -9999 -9999 4.15472E-2 4.11645E-2 -9999 -9999 2.88067E-2 2.77691E-2 2.60029E-2 2.48421E-2 2.68362E-2 1.69961E-2 1.28991E-2 1.32507E-2 1.33138E-2 1.72406E-2 2.15382E-2 2.34141E-2 2.42161E-2 2.90468E-2 3.29993E-2 3.58051E-2 4.84337E-2 6.85167E-2 7.51861E-2 6.1041E-2 6.36799E-2 7.30314E-2 7.68136E-2 6.08474E-2 6.0769E-2 6.65514E-2 5.73645E-2 4.69818E-2 4.2894E-2 4.8681E-2 5.60255E-2 5.89865E-2 5.99213E-2 6.00778E-2 5.95493E-2 5.59115E-2 5.22721E-2 5.7954E-2 5.98401E-2 5.80186E-2 6.32377E-2 6.03468E-2 5.32709E-2 4.12219E-2 3.04505E-2 1.95073E-2 1.37206E-2 8.4101E-3
-9999 -9999 -9999 -9999 -9999 -9999 -9999 -9999 -9999 -9999 -9999 4.49789E-2 4.47935E-2 4.29718E-2 3.44593E-2 3.14718E-2 2.63824E-2 2.48381E-2 2.43836E-2 2.25197E-2 2.13854E-2 1.73602E-2 9.69796E-3 6.41591E-3 5.96437E-3 9.94463E-3 1.38742E-2 1.83021E-2 2.10474E-2 2.42242E-2 2.772E-2 2.8796E-2 3.56623E-2 4.23933E-2 6.07264E-2 6.65262E-2 6.82603E-2 7.28388E-2 7.84298E-2 5.90985E-2 4.19723E-2 4.85299E-2 6.70779E-2 6.56829E-2 5.03506E-2 3.9465E-2 3.51155E-2 3.70845E-2 4.15542E-2 5.08807E-2 6.03718E-2 6.03141E-2 5.51727E-2 6.15584E-2 5.96021E-2 6.50425E-2 6.95231E-2 6.64292E-2 5.94033E-2 4.46576E-2 3.15538E-2 1.88917E-2 1.17521E-2 8.39676E-3 9.83308E-3
-9999 -9999 -9999 -9999 -9999 -9999 -9999 -9999 -9999 -9999 -9999 4.33127E-2 4.37092E-2 4.16566E-2 3.82292E-2 2.94819E-2 2.35452E-2 1.89048E-2 2.08289E-2 2.22161E-2 2.01545E-2 1.15982E-2 4.99329E-3 5.14156E-3 8.79943E-3 1.15269E-2 1.18559E-2 1.4617E-2 1.72337E-2 2.43887E-2 2.72284E-2 2.72743E-2 3.32858E-2 4.07571E-2 5.62769E-2 7.33388E-2 7.75838E-2 7.69834E-2 7.10576E-2 4.74047E-2 3.99755E-2 4.19913E-2 6.23214E-2 6.70566E-2 5.15651E-2 3.50426E-2 2.89022E-2 2.988E-2 3.17043E-2 3.13193E-2 3.76373E-2 4.82415E-2 5.15602E-2 4.97984E-2 5.44773E-2 6.19788E-2 6.93053E-2 7.12758E-2 5.49349E-2 2.53984E-2 1.37597E-2 8.70355E-3 7.91273E-3 9.42033E-3 1.31004E-2
-9999 -9999 -9999 -9999 -9999 -9999 -9999 -9999 -9999 -9999 -9999 -9999 4.10252E-2 3.9446E-2 3.62172E-2 2.7753E-2 2.20419E-2 2.12661E-2 2.32052E-2 2.15844E-2 1.86718E-2 1.26744E-2 6.81857E-3 6.34978E-3 1.01601E-2 1.41001E-2 1.27279E-2 1.22866E-2 1.68182E-2 2.21001E-2 2.46244E-2 2.72284E-2 3.15324E-2 4.0134E-2 5.43583E-2 7.26079E-2 8.01695E-2 6.96296E-2 6.25922E-2 5.35121E-2 5.37432E-2 5.1965E-2 6.54464E-2 6.3004E-2 4.76457E-2 2.81857E-2 2.51268E-2 2.77242E-2 2.91724E-2 2.77779E-2 3.41831E-2 4.24583E-2 4.77955E-2 5.2394E-2 5.90174E-2 6.45061E-2 7.0256E-2 7.07892E-2 4.6398E-2 1.0697E-2 3.00636E-3 2.77239E-3 5.3262E-3 9.50995E-3 2.01481E-2
-9999 -9999 -9999 -9999 -9999 -9999 -9999 -9999 -9999 -9999 -9999 -9999 -9999 3.41037E-2 2.88356E-2 2.12844E-2 2.10693E-2 1.79069E-2 1.60467E-2 1.5216E-2 1.48417E-2 1.15269E-2 8.33818E-3 8.88296E-3 1.1924E-2 1.55083E-2 1.37062E-2 1.37898E-2 1.84012E-2 2.25446E-2 2.45085E-2 2.41952E-2 -9999 3.82508E-2 5.75636E-2 7.29682E-2 8.65362E-2 6.9517E-2 5.54239E-2 5.35121E-2 5.37863E-2 5.29812E-2 6.65796E-2 5.74773E-2 5.08106E-2 4.41369E-2 1.11326E-2 8.87903E-3 8.59306E-3 1.80371E-2 2.35419E-2 2.9556E-2 4.13872E-2 5.62833E-2 6.44322E-2 6.81121E-2 7.10029E-2 6.41025E-2 2.94978E-2 5.08751E-3 1.26988E-3 1.88367E-3 7.75301E-3 2.40901E-2 2.88422E-2
-9999 -9999 -9999 -9999 -9999 -9999 -9999 -9999 -9999 -9999 -9999 -9999 -9999 -9999 2.22169E-2 1.6054E-2 2.12962E-2 1.60774E-2 1.60336E-2 1.0225E-2 8.22549E-3 8.10037E-3 9.68768E-3 1.20924E-2 1.57993E-2 1.43733E-2 1.13205E-2 1.28152E-2 1.4513E-2 1.67109E-2 1.85605E-2 2.14954E-2 -9999 3.8115E-2 5.82738E-2 7.70354E-2 8.84116E-2 5.42238E-2 2.0156E-2 1.62625E-2 2.12392E-2 3.34892E-2 5.04639E-2 5.62112E-2 3.44325E-2 2.09434E-2 2.06393E-2 2.06393E-2 1.64864E-2 2.06176E-2 2.72795E-2 2.38974E-2 3.65244E-2 5.22644E-2 6.32848E-2 6.79277E-2 7.10719E-2 5.78395E-2 1.9315E-2 3.1729E-3 2.53832E-3 3.68792E-3 1.05832E-2 3.59542E-2 4.96701E-2
-9999 -9999 -9999 -9999 -9999 -9999 -9999 -9999 -9999 -9999 -9999 -9999 -9999 -9999 -9999 1.23643E-2 1.24569E-2 1.41836E-2 1.5358E-2 2.02275E-2 3.00927E-2 2.55589E-2 1.37605E-2 1.71029E-2 1.67511E-2 1.15407E-2 8.72973E-3 9.4014E-3 7.69178E-3 6.58705E-3 7.40639E-3 1.74611E-2 2.47584E-2 4.32775E-2 6.32621E-2 8.20078E-2 7.40186E-2 2.42233E-2 6.45697E-3 5.43139E-3 1.38084E-2 4.69128E-2 7.04795E-2 4.66203E-2 3.22006E-2 1.81473E-2 6.94352E-3 1.73426E-2 2.27044E-2 3.30596E-2 4.57824E-2 4.052E-2 5.27442E-2 5.86137E-2 6.25407E-2 6.65127E-2 6.99455E-2 5.94033E-2 3.03902E-2 1.0697E-2 3.47699E-3 4.71077E-4 4.14476E-4 6.46318E-3 4.32224E-2
-9999 -9999 -9999 -9999 -9999 -9999 -9999 -9999 -9999 -9999 -9999 -9999 -9999 -9999 -9999 -9999 1.39523E-2 1.67359E-2 2.16881E-2 3.1413E-2 4.56308E-2 3.3235E-2 1.59536E-2 2.2601E-2 2.26362E-2 1.56824E-2 1.00166E-2 7.67835E-3 5.33372E-3 6.78523E-3 1.41019E-2 1.76763E-2 -9999 5.91582E-2 7.13178E-2 7.8204E-2 2.3076E-2 2.62437E-3 6.87389E-4 1.047E-3 9.91003E-3 5.46308E-2 7.12085E-2 2.81245E-2 2.27821E-2 2.77893E-2 2.24757E-2 2.21669E-2 1.99202E-2 2.54447E-2 3.43926E-2 5.35399E-2 5.90788E-2 5.70114E-2 6.01668E-2 6.14789E-2 6.85252E-2 7.44882E-2 6.08474E-2 2.1163E-2 3.46129E-3 1.48286E-4 6.56675E-4 2.43115E-2 6.2785E-2
-9999 -9999 -9999 -9999 -9999 -9999 -9999 -9999 -9999 -9999 -9999 -9999 -9999 -9999 -9999 -9999 -9999 2.17073E-2 2.6878E-2 3.48767E-2 3.53687E-2 2.99512E-2 2.80647E-2 3.32843E-2 3.1906E-2 2.63114E-2 1.80618E-2 1.28857E-2 6.56677E-3 1.19707E-2 2.06381E-2 -9999 -9999 7.85862E-2 6.28437E-2 1.20853E-2 1.46579E-3 1.29565E-4 3.72796E-5 1.86442E-4 3.84859E-3 3.78437E-2 5.28773E-2 1.3773E-2 8.68089E-3 1.64206E-2 2.46406E-2 3.39985E-2 3.17993E-2 3.95106E-2 3.77795E-2 3.45241E-2 3.51181E-2 3.73468E-2 4.19414E-2 4.74038E-2 5.20996E-2 6.49146E-2 5.37893E-2 2.84635E-2 1.52028E-2 3.80487E-2 6.46329E-2 4.88373E-2 4.65685E-2
-9999 -9999 -9999 -9999 -9999 -9999 -9999 -9999 -9999 -9999 -9999 -9999 -9999 -9999 -9999 -9999 -9999 -9999 2.75865E-2 2.58746E-2 2.30617E-2 2.38751E-2 2.80257E-2 2.71786E-2 2.96716E-2 2.58924E-2 1.52536E-2 5.96437E-3 8.37349E-3 1.74735E-2 2.57842E-2 -9999 -9999 4.76233E-2 1.1007E-2 7.18567E-4 1.02595E-4 1.07072E-5 9.52189E-7 5.99124E-6 6.13571E-4 3.69583E-2 3.77902E-2 2.65472E-2 2.05839E-2 1.25551E-2 1.32428E-2 2.37478E-2 2.95321E-2 3.99219E-2 4.35632E-2 4.37926E-2 4.14165E-2 3.74577E-2 3.28025E-2 3.10762E-2 4.08303E-2 4.02735E-2 3.99065E-2 4.30742E-2 3.96571E-2 3.77232E-2 3.83838E-2 4.33209E-2 4.59234E-2
-9999 -9999 -9999 -9999 -9999 -9999 -9999 -9999 -9999 -9999 -9999 -9999 -9999 -9999 -9999 -9999 -9999 -9999 -9999 2.07573E-2 1.56688E-2 1.76099E-2 1.72179E-2 1.5723E-2 1.49364E-2 1.43733E-2 1.05504E-2 5.43065E-3 -9999 -9999 -9999 -9999 -9999 -9999 1.09094E-3 1.1395E-5 2.08936E-7 4.72261E-8 4.64284E-9 5.92089E-8 7.47631E-5 4.1614E-2 3.48724E-2 3.02825E-2 2.55729E-2 1.45619E-2 1.09621E-2 1.78765E-2 2.55245E-2 3.21259E-2 4.40674E-2 4.8119E-2 4.58446E-2 4.04347E-2 3.52619E-2 3.82508E-2 3.9093E-2 3.75842E-2 3.53374E-2 3.82508E-2 3.99814E-2 3.98301E-2 4.2793E-2 4.9369E-2 5.49887E-2
