KUENM/Final_Models/M_0.1_F_lq_Set_2_NE/sp1_se_asia_avg.asc
ncols         320
nrows         243
xllcorner     44.0
yllcorner     -0.666666666666667
cellsize      0.166666666666667
NODATA_value  -9999
[rows 93 to 123 of 243, columns 140 to 209 of 320]
2.17472E-1 2.25649E-1 2.35597E-1 2.43881E-1 2.55737E-1 2.69501E-1 2.87734E-1 3.01817E-1 3.05526E-1 3.10322E-1 3.14048E-1 3.17776E-1 3.21508E-1 3.28099E-1 3.35581E-1 3.49553E-1 3.62609E-1 3.85589E-1 4.15267E-1 4.50156E-1 4.88663E-1 5.05108E-1 5.35381E-1 5.63432E-1 5.93094E-1 6.15643E-1 6.24637E-1 6.38679E-1 6.5386E-1 6.62436E-1 6.52624E-1 5.71256E-1 3.77408E-1 3.67597E-1 4.49146E-1 3.20508E-1 2.94283E-1 4.4062E-1 6.16985E-1 6.48568E-1 6.36443E-1 5.5554E-1 5.17216E-1 4.35587E-1 3.6399E-1 3.38019E-1 3.70449E-1 4.04565E-1 4.48823E-1 4.62678E-1 4.73599E-1 4.23959E-1 3.49716E-1 3.15986E-1 3.34493E-1 3.32961E-1 2.68001E-1 2.06992E-1 2.29465E-1 2.55444E-1 2.69252E-1 2.82906E-1 2.78891E-1 2.52917E-1 1.79906E-1 8.41655E-2 4.41699E-2 2.77972E-2 2.63026E-2 3.08758E-2
2.24284E-1 2.36092E-1 2.44566E-1 2.58385E-1 2.74176E-1 2.95643E-1 3.19679E-1 3.41496E-1 3.63203E-1 3.70592E-1 3.68748E-1 3.62524E-1 3.62524E-1 3.63563E-1 3.57985E-1 3.60747E-1 3.73742E-1 3.94744E-1 4.27679E-1 4.65223E-1 4.96011E-1 5.28528E-1 5.57361E-1 5.86958E-1 6.13393E-1 6.37281E-1 6.4221E-1 6.46462E-1 6.58395E-1 6.63346E-1 6.56886E-1 6.13974E-1 4.88423E-1 4.53273E-1 4.46288E-1 3.20711E-1 4.48124E-1 5.89597E-1 6.39722E-1 6.54032E-1 6.5321E-1 6.20807E-1 6.07058E-1 4.95364E-1 3.38019E-1 3.25818E-1 3.66957E-1 3.96328E-1 4.44142E-1 4.86638E-1 4.58102E-1 3.86898E-1 3.53309E-1 3.50811E-1 3.60216E-1 3.45884E-1 2.38448E-1 2.07258E-1 2.44966E-1 3.18561E-1 3.46677E-1 3.12037E-1 2.63982E-1 1.91919E-1 1.2175E-1 5.23968E-2 3.01704E-2 2.12256E-2 2.33537E-2 2.03278E-2
-9999 2.49978E-1 2.6233E-1 2.80159E-1 2.96363E-1 3.23751E-1 3.5491E-1 3.89707E-1 4.19781E-1 4.2991E-1 4.19408E-1 4.0641E-1 3.93769E-1 3.87544E-1 3.83447E-1 3.65585E-1 3.71891E-1 4.12021E-1 4.47796E-1 4.84605E-1 5.24287E-1 5.50801E-1 5.8136E-1 6.04329E-1 6.27231E-1 6.44777E-1 6.53391E-1 6.56489E-1 6.64063E-1 6.63108E-1 6.62436E-1 6.46121E-1 5.65894E-1 4.53505E-1 4.01695E-1 3.984E-1 4.62678E-1 5.83864E-1 6.531E-1 6.51381E-1 6.61429E-1 6.5379E-1 5.97909E-1 4.6669E-1 3.42784E-1 3.29076E-1 3.6051E-1 3.93064E-1 4.40944E-1 4.59824E-1 3.68704E-1 3.29926E-1 3.5075E-1 3.65255E-1 3.5262E-1 3.25681E-1 2.41864E-1 2.0091E-1 2.31471E-1 3.23047E-1 3.53559E-1 2.91732E-1 1.65059E-1 7.65572E-2 4.93462E-2 2.68037E-2 1.67657E-2 1.60475E-2 1.74391E-2 1.97735E-2
-9999 -9999 -9999 -9999 3.25823E-1 3.51644E-1 3.8264E-1 -9999 4.7029E-1 4.79423E-1 4.67164E-1 4.45361E-1 4.09992E-1 3.71778E-1 3.38314E-1 3.29969E-1 3.64468E-1 4.16394E-1 4.56246E-1 5.03113E-1 5.41269E-1 5.67863E-1 5.94809E-1 6.14814E-1 6.28188E-1 6.37281E-1 6.4424E-1 6.57547E-1 6.66279E-1 6.65901E-1 6.65166E-1 6.52378E-1 6.05562E-1 4.93344E-1 4.23025E-1 4.71046E-1 4.86067E-1 5.17577E-1 6.18242E-1 6.55921E-1 6.54212E-1 6.10183E-1 4.84082E-1 4.3827E-1 3.22122E-1 3.17093E-1 3.77749E-1 4.21356E-1 4.14852E-1 4.14687E-1 3.68232E-1 3.51564E-1 3.59425E-1 3.4311E-1 3.1273E-1 2.60985E-1 2.15337E-1 1.72087E-1 1.68634E-1 2.64661E-1 3.1282E-1 2.21304E-1 9.76598E-2 3.85532E-2 2.43978E-2 1.49578E-2 1.03485E-2 1.0821E-2 1.19764E-2 1.71953E-2
-9999 -9999 -9999 -9999 -9999 -9999 4.14743E-1 4.5671E-1 4.83535E-1 5.01512E-1 5.04324E-1 4.90806E-1 4.35102E-1 3.43914E-1 2.59817E-1 2.96407E-1 3.71891E-1 4.3495E-1 4.93091E-1 5.389E-1 5.70859E-1 5.91794E-1 6.07045E-1 6.21491E-1 6.33677E-1 6.41105E-1 6.47366E-1 6.59226E-1 6.66625E-1 6.65519E-1 6.5889E-1 6.45882E-1 6.206E-1 5.6483E-1 4.97878E-1 4.97878E-1 5.11E-1 5.50581E-1 6.17259E-1 6.42782E-1 6.30165E-1 5.18114E-1 2.99416E-1 3.03972E-1 2.66398E-1 2.724E-1 3.74209E-1 3.92915E-1 3.74209E-1 3.75672E-1 3.55067E-1 3.68704E-1 3.34586E-1 2.79745E-1 2.43537E-1 2.20117E-1 1.79408E-1 1.19555E-1 1.15988E-1 1.83891E-1 2.52051E-1 1.37937E-1 4.81669E-2 2.27954E-2 1.41053E-2 9.03988E-3 6.83744E-3 6.49174E-3 9.14218E-3 1.51569E-2
-9999 -9999 -9999 -9999 -9999 -9999 -9999 4.64773E-1 4.94087E-1 5.14801E-1 5.31119E-1 5.29568E-1 4.87115E-1 4.04087E-1 3.50214E-1 3.70592E-1 4.19974E-1 4.80595E-1 5.35203E-1 5.71168E-1 5.90133E-1 6.02985E-1 6.16464E-1 6.28898E-1 6.39934E-1 6.48081E-1 6.55353E-1 6.633E-1 6.67101E-1 6.57652E-1 6.37379E-1 6.26129E-1 6.2529E-1 6.07758E-1 5.59961E-1 5.45193E-1 5.46508E-1 5.47776E-1 5.68233E-1 6.03299E-1 6.11027E-1 5.03778E-1 3.11236E-1 2.8768E-1 2.37819E-1 2.39368E-1 2.93483E-1 3.19872E-1 3.42784E-1 3.55067E-1 3.44838E-1 3.44838E-1 2.81261E-1 1.94983E-1 1.6889E-1 1.70327E-1 1.40329E-1 7.31684E-2 5.11588E-2 7.43359E-2 1.04108E-1 6.50036E-2 3.13762E-2 1.72595E-2 1.19995E-2 8.07683E-3 7.03515E-3 5.80026E-3 8.32644E-3 1.23566E-2
-9999 -9999 -9999 -9999 -9999 -9999 -9999 -9999 4.97044E-1 5.17547E-1 5.39906E-1 5.37385E-1 5.13887E-1 4.8504E-1 4.80472E-1 4.76305E-1 4.84633E-1 5.21422E-1 5.52706E-1 5.7737E-1 5.95752E-1 6.12288E-1 6.27231E-1 6.3626E-1 6.47583E-1 6.54373E-1 6.57412E-1 6.64544E-1 6.65207E-1 6.46863E-1 6.08106E-1 5.88408E-1 6.16883E-1 6.01406E-1 5.47201E-1 5.23452E-1 5.4261E-1 5.35378E-1 4.82642E-1 4.48978E-1 5.03729E-1 4.46916E-1 2.43724E-1 2.34464E-1 2.80385E-1 2.72215E-1 2.66628E-1 2.8752E-1 3.4833E-1 3.57038E-1 3.46711E-1 3.10115E-1 2.20437E-1 1.30085E-1 1.23904E-1 1.36099E-1 1.09157E-1 4.25641E-2 1.16678E-2 2.26255E-2 3.59446E-2 3.2943E-2 2.12256E-2 1.43257E-2 9.32816E-3 1.08479E-2 2.18452E-2 1.95854E-2 1.65413E-2 1.77397E-2
-9999 -9999 -9999 -9999 -9999 -9999 -9999 -9999 -9999 5.1891E-1 5.34908E-1 5.3839E-1 5.33471E-1 5.21998E-1 5.16723E-1 5.0719E-1 5.08714E-1 5.32203E-1 -9999 5.85928E-1 6.12152E-1 6.28262E-1 6.38726E-1 6.444E-1 6.52492E-1 6.54567E-1 6.4635E-1 6.64143E-1 6.60659E-1 6.38309E-1 6.14963E-1 5.76117E-1 5.79429E-1 5.59207E-1 5.05633E-1 4.70473E-1 4.84217E-1 4.55003E-1 3.80199E-1 3.57682E-1 3.89445E-1 3.65953E-1 2.87721E-1 2.9977E-1 3.10094E-1 3.09488E-1 3.0789E-1 3.17093E-1 3.75968E-1 3.67423E-1 2.99909E-1 2.19404E-1 1.29664E-1 7.82633E-2 9.04369E-2 1.20985E-1 1.15277E-1 5.59482E-2 1.69166E-2 1.3458E-2 1.79359E-2 1.74917E-2 9.4699E-3 9.33386E-3 8.11983E-3 1.06279E-2 1.92124E-2 2.6035E-2 3.13832E-2 3.4368E-2
-9999 -9999 -9999 -9999 -9999 -9999 -9999 -9999 -9999 -9999 -9999 5.37272E-1 5.38214E-1 5.34374E-1 5.29889E-1 5.2271E-1 -9999 -9999 5.70859E-1 5.99796E-1 6.31133E-1 6.45777E-1 6.51356E-1 6.51356E-1 6.52606E-1 6.52032E-1 6.49422E-1 6.65083E-1 6.54232E-1 6.00248E-1 6.05809E-1 5.92433E-1 5.27214E-1 4.93486E-1 5.1523E-1 4.8817E-1 4.59174E-1 4.06478E-1 3.40511E-1 3.52168E-1 3.96389E-1 4.54519E-1 4.64659E-1 4.52883E-1 3.75657E-1 3.16345E-1 3.18109E-1 3.25915E-1 3.80792E-1 3.60133E-1 2.59314E-1 1.72098E-1 9.73369E-2 7.01158E-2 7.65794E-2 9.43113E-2 1.01683E-1 7.24891E-2 4.0861E-2 2.50239E-2 1.74917E-2 8.77014E-3 5.51171E-3 6.43234E-3 5.37917E-3 6.28513E-3 1.17672E-2 2.27311E-2 3.85529E-2 4.53536E-2
-9999 -9999 -9999 -9999 -9999 -9999 -9999 -9999 -9999 -9999 -9999 -9999 -9999 -9999 -9999 -9999 -9999 -9999 5.84979E-1 6.05311E-1 6.42394E-1 6.56549E-1 6.56832E-1 6.54907E-1 6.51198E-1 6.43914E-1 6.53685E-1 6.66966E-1 6.51673E-1 5.77917E-1 5.99296E-1 5.67403E-1 4.45302E-1 3.88259E-1 5.01107E-1 5.11512E-1 4.44035E-1 3.52686E-1 2.48909E-1 2.56431E-1 3.6925E-1 4.80013E-1 5.07881E-1 5.09283E-1 4.03115E-1 3.3105E-1 3.08569E-1 3.03448E-1 3.32747E-1 3.18476E-1 2.28428E-1 1.59015E-1 1.13423E-1 7.85532E-2 8.22863E-2 1.11941E-1 1.43034E-1 1.19615E-1 8.07505E-2 6.02295E-2 3.74259E-2 1.89834E-2 1.2301E-2 6.9057E-3 3.51316E-3 2.88613E-3 6.41942E-3 1.29419E-2 2.09654E-2 2.47907E-2
-9999 -9999 -9999 -9999 -9999 -9999 -9999 -9999 -9999 -9999 -9999 -9999 -9999 -9999 -9999 -9999 -9999 6.15011E-1 6.20366E-1 6.14871E-1 6.53433E-1 6.62235E-1 6.61762E-1 6.58685E-1 6.52727E-1 6.47846E-1 6.57374E-1 6.66952E-1 6.60069E-1 6.41272E-1 6.27701E-1 5.65047E-1 4.34443E-1 3.79156E-1 4.69039E-1 4.6646E-1 3.82065E-1 2.53671E-1 1.45622E-1 1.53076E-1 2.60985E-1 3.71126E-1 4.48566E-1 4.72029E-1 4.31273E-1 3.65708E-1 3.20686E-1 2.93123E-1 2.67686E-1 2.42889E-1 1.88742E-1 1.5526E-1 1.86387E-1 1.87368E-1 1.67208E-1 1.85419E-1 1.54716E-1 1.17777E-1 7.76502E-2 5.06367E-2 2.91678E-2 1.9165E-2 1.09506E-2 7.05121E-3 2.6348E-3 1.08966E-3 6.93E-4 6.24741E-3 1.38175E-2 5.15647E-3
-9999 -9999 -9999 -9999 -9999 -9999 -9999 -9999 -9999 -9999 -9999 -9999 -9999 -9999 6.18785E-1 6.24918E-1 6.26628E-1 6.30401E-1 6.33553E-1 6.47319E-1 6.61872E-1 6.57094E-1 6.55681E-1 6.56982E-1 6.55474E-1 6.5386E-1 6.57693E-1 6.66899E-1 6.65964E-1 6.61224E-1 6.44804E-1 5.95417E-1 4.98588E-1 4.48135E-1 4.2152E-1 3.83886E-1 2.63295E-1 1.27619E-1 7.48586E-2 9.1568E-2 1.77539E-1 3.29462E-1 4.44112E-1 5.01687E-1 5.26164E-1 5.13039E-1 4.87565E-1 4.21065E-1 2.98179E-1 2.35967E-1 1.7861E-1 3.24835E-1 3.96583E-1 3.71248E-1 2.96491E-1 2.02194E-1 1.42063E-1 8.63172E-2 5.31322E-2 2.80282E-2 1.59391E-2 1.1167E-2 1.35273E-2 1.90342E-2 7.89517E-3 8.44784E-4 8.49112E-7 1.6743E-3 2.49118E-4 7.85399E-4
-9999 -9999 -9999 -9999 -9999 -9999 -9999 -9999 -9999 -9999 5.33112E-1 5.43197E-1 5.64494E-1 6.10462E-1 6.34687E-1 6.43939E-1 6.40745E-1 6.37017E-1 6.39159E-1 6.5591E-1 6.50517E-1 6.4404E-1 6.46836E-1 6.50921E-1 6.56929E-1 6.59335E-1 6.62945E-1 6.65913E-1 6.67043E-1 -9999 6.56191E-1 -9999 5.38899E-1 -9999 2.22742E-1 2.16134E-1 1.65913E-1 8.36398E-2 6.54693E-2 7.24987E-2 1.49177E-1 3.07602E-1 4.55154E-1 5.36684E-1 5.84554E-1 5.8983E-1 5.72744E-1 5.83677E-1 5.38661E-1 4.96287E-1 4.88368E-1 4.97558E-1 4.72571E-1 4.27275E-1 3.39767E-1 2.32305E-1 1.1945E-1 3.94049E-2 1.87083E-2 1.12215E-2 1.03521E-2 1.31189E-2 1.97265E-2 6.39739E-2 3.22026E-2 1.44641E-3 9.45283E-5 1.18902E-5 3.43798E-4 7.51653E-3
-9999 -9999 -9999 -9999 -9999 -9999 -9999 -9999 -9999 -9999 -9999 5.60625E-1 5.79525E-1 6.22886E-1 6.37571E-1 6.33534E-1 6.30622E-1 6.37827E-1 6.4427E-1 6.51125E-1 6.48549E-1 6.46107E-1 6.49735E-1 6.48801E-1 6.53767E-1 6.60222E-1 6.6396E-1 6.63503E-1 6.64563E-1 6.67043E-1 -9999 6.22728E-1 5.49335E-1 4.37172E-1 2.2225E-1 1.53824E-1 1.25541E-1 9.68481E-2 9.94897E-2 1.04164E-1 1.84832E-1 3.1128E-1 4.99302E-1 5.72052E-1 6.20843E-1 6.35579E-1 6.28936E-1 6.21688E-1 5.81551E-1 5.43695E-1 5.17793E-1 4.74498E-1 4.46154E-1 4.09687E-1 3.05293E-1 2.10228E-1 8.8513E-2 1.37837E-2 3.37096E-3 3.22484E-3 6.85057E-3 1.38024E-2 3.4527E-2 5.41046E-2 6.8008E-2 1.48708E-2 6.41976E-3 5.49887E-3 5.0075E-3 2.43625E-2
-9999 -9999 -9999 -9999 -9999 -9999 -9999 -9999 -9999 -9999 -9999 -9999 6.16059E-1 6.39931E-1 6.33124E-1 6.30309E-1 6.33588E-1 6.41188E-1 6.45988E-1 6.50921E-1 6.51781E-1 6.5239E-1 6.53132E-1 6.49259E-1 6.53327E-1 6.57843E-1 6.59501E-1 6.61492E-1 6.65224E-1 -9999 -9999 -9999 5.48203E-1 4.7102E-1 2.785E-1 1.48851E-1 1.0027E-1 9.68481E-2 1.03762E-1 1.16626E-1 2.28541E-1 3.97813E-1 4.09866E-1 4.63141E-1 6.21262E-1 6.28415E-1 6.37426E-1 6.28025E-1 5.97909E-1 5.73584E-1 5.38683E-1 4.43442E-1 3.65953E-1 3.23854E-1 2.55122E-1 1.58777E-1 4.7305E-2 6.04586E-3 1.36683E-3 2.11767E-3 1.05039E-2 4.30647E-2 5.68221E-2 3.00696E-2 2.00435E-2 3.94556E-2 4.16883E-2 5.20763E-2 3.52677E-2 4.70778E-2
-9999 -9999 -9999 -9999 -9999 -9999 -9999 -9999 -9999 -9999 -9999 -9999 -9999 6.42747E-1 6.09484E-1 6.17368E-1 6.17917E-1 6.31097E-1 6.36198E-1 6.42985E-1 6.49E-1 6.511E-1 6.48136E-1 6.50377E-1 6.5615E-1 6.57261E-1 6.59548E-1 6.64195E-1 6.6602E-1 -9999 -9999 6.3276E-1 5.61852E-1 4.61198E-1 2.84142E-1 9.88733E-2 2.84652E-2 2.26364E-2 3.34556E-2 6.70446E-2 1.46465E-1 3.56304E-1 5.1594E-1 5.81413E-1 5.90806E-1 5.90806E-1 5.98918E-1 5.8119E-1 5.51218E-1 5.83069E-1 5.30087E-1 4.58528E-1 3.5681E-1 3.09384E-1 2.60384E-1 1.31495E-1 2.82201E-2 3.64352E-3 2.81657E-3 4.27833E-3 1.4755E-2 7.59816E-2 1.35497E-1 1.0695E-1 1.09412E-1 1.2823E-1 1.12599E-1 1.24836E-1 1.25442E-1 1.10413E-1
-9999 -9999 -9999 -9999 -9999 -9999 -9999 -9999 -9999 -9999 -9999 -9999 -9999 -9999 6.24012E-1 6.12611E-1 6.06353E-1 5.8327E-1 5.382E-1 5.65501E-1 6.29493E-1 6.43588E-1 6.47212E-1 6.53246E-1 6.5721E-1 6.57144E-1 6.58805E-1 6.58037E-1 6.48935E-1 6.54086E-1 -9999 -9999 -9999 3.95336E-1 1.64417E-1 3.36135E-2 7.48215E-3 6.316E-3 1.94832E-2 9.98089E-2 3.23214E-1 5.46684E-1 6.29458E-1 6.50914E-1 6.42782E-1 5.9989E-1 5.72867E-1 5.23492E-1 4.48606E-1 4.82303E-1 3.9983E-1 3.44542E-1 2.97251E-1 3.00279E-1 2.51976E-1 1.42063E-1 4.98582E-2 1.37837E-2 4.00774E-3 4.7596E-4 4.29263E-4 9.01647E-3 1.08212E-1 2.39638E-1 2.06575E-1 2.16225E-1 2.09053E-1 1.6746E-1 1.46952E-1 1.54716E-1
-9999 -9999 -9999 -9999 -9999 -9999 -9999 -9999 -9999 -9999 -9999 -9999 -9999 -9999 -9999 5.99534E-1 5.76632E-1 5.32001E-1 4.56523E-1 5.21785E-1 6.18994E-1 6.34807E-1 6.37544E-1 6.48223E-1 6.55316E-1 6.56996E-1 6.50822E-1 6.51768E-1 6.43286E-1 -9999 -9999 -9999 4.29813E-1 2.04339E-1 3.12643E-2 2.71277E-3 6.64416E-4 1.06834E-3 1.21637E-2 1.04255E-1 3.98374E-1 6.20152E-1 6.58623E-1 6.65679E-1 6.60115E-1 6.33443E-1 6.04472E-1 5.67598E-1 5.17755E-1 3.847E-1 2.69564E-1 3.62055E-1 3.42713E-1 4.00104E-1 3.77246E-1 2.85537E-1 1.45622E-1 3.29734E-2 4.12654E-3 1.4354E-4 6.99217E-4 4.35959E-2 2.58035E-1 3.23903E-1 3.5478E-1 2.85845E-1 2.29989E-1 1.86939E-1 1.6342E-1 1.90171E-1
-9999 -9999 -9999 -9999 -9999 -9999 -9999 -9999 -9999 -9999 -9999 -9999 -9999 -9999 -9999 -9999 5.52928E-1 5.13267E-1 5.1077E-1 5.50793E-1 5.91199E-1 6.00027E-1 6.16148E-1 6.30077E-1 6.43606E-1 6.42667E-1 6.39264E-1 6.32882E-1 6.17912E-1 -9999 -9999 -9999 1.36368E-1 1.48452E-2 1.44017E-3 1.1298E-4 3.14092E-5 1.66516E-4 4.11549E-3 6.35767E-2 4.34561E-1 6.28629E-1 6.58921E-1 6.64756E-1 6.65192E-1 6.36452E-1 6.16883E-1 5.81026E-1 5.5524E-1 5.28826E-1 5.30866E-1 5.39965E-1 5.57229E-1 5.42789E-1 4.76093E-1 2.43264E-1 1.40148E-1 5.17104E-2 2.33537E-2 7.49457E-2 3.74885E-1 4.93247E-1 4.96373E-1 4.66441E-1 3.91768E-1 2.6778E-1 2.0238E-1 1.63479E-1 1.45627E-1 1.46951E-1
-9999 -9999 -9999 -9999 -9999 -9999 -9999 -9999 -9999 -9999 -9999 -9999 -9999 -9999 -9999 -9999 -9999 5.58675E-1 5.80993E-1 5.92527E-1 5.92351E-1 6.16636E-1 6.20725E-1 6.31257E-1 6.49551E-1 6.55681E-1 6.45259E-1 -9999 -9999 -9999 -9999 -9999 -9999 6.84331E-4 8.91797E-5 8.74863E-6 7.49615E-7 4.90723E-6 6.04641E-4 7.08569E-2 5.07724E-1 6.23618E-1 6.40923E-1 6.57647E-1 6.63724E-1 6.54011E-1 6.42059E-1 6.07606E-1 5.74999E-1 5.73873E-1 6.00248E-1 6.04508E-1 6.26613E-1 5.8472E-1 5.04488E-1 5.34782E-1 5.668E-1 5.64016E-1 5.67964E-1 5.89434E-1 5.86335E-1 5.62825E-1 5.38054E-1 4.54016E-1 3.62884E-1 2.3346E-1 1.64708E-1 1.21956E-1 1.15728E-1 9.93459E-2
-9999 -9999 -9999 -9999 -9999 -9999 -9999 -9999 -9999 -9999 -9999 -9999 -9999 -9999 -9999 -9999 -9999 -9999 6.25793E-1 6.19063E-1 6.07006E-1 6.29483E-1 6.46048E-1 6.50377E-1 6.55202E-1 -9999 -9999 -9999 -9999 -9999 -9999 -9999 -9999 9.39687E-6 1.60521E-7 3.57447E-8 3.44627E-9 4.56704E-8 6.81272E-5 9.77919E-2 5.56058E-1 6.21379E-1 6.28487E-1 6.51904E-1 6.62619E-1 6.52151E-1 6.31667E-1 6.02332E-1 5.59207E-1 5.27183E-1 5.50515E-1 5.76649E-1 6.14963E-1 6.32088E-1 6.27911E-1 6.35382E-1 6.46383E-1 6.32088E-1 6.23489E-1 6.24243E-1 5.93435E-1 5.60248E-1 5.03457E-1 4.16139E-1 3.47916E-1 2.39626E-1 1.85358E-1 1.59044E-1 1.15158E-1 7.61843E-2
-9999 -9999 -9999 -9999 -9999 -9999 -9999 -9999 -9999 -9999 -9999 -9999 -9999 -9999 -9999 -9999 -9999 -9999 -9999 -9999 5.66543E-1 6.09653E-1 -9999 -9999 -9999 -9999 -9999 -9999 -9999 -9999 -9999 -9999 -9999 -9999 1.55492E-10 3.20226E-12 1.09383E-12 1.15746E-9 4.22371E-5 7.60965E-2 4.96578E-1 5.99469E-1 6.02992E-1 6.36289E-1 6.5658E-1 6.40986E-1 5.9951E-1 5.44622E-1 4.91276E-1 4.90459E-1 5.10864E-1 5.35378E-1 5.84559E-1 6.24408E-1 6.3546E-1 6.34821E-1 6.4407E-1 6.15343E-1 5.94676E-1 5.82279E-1 5.46768E-1 5.18144E-1 4.95536E-1 4.55834E-1 3.30613E-1 2.31076E-1 1.86623E-1 1.65913E-1 1.06852E-1 5.59132E-2
-9999 -9999 -9999 -9999 -9999 -9999 -9999 -9999 -9999 -9999 -9999 -9999 -9999 -9999 -9999 -9999 -9999 -9999 -9999 -9999 -9999 -9999 -9999 -9999 -9999 -9999 -9999 -9999 -9999 -9999 -9999 -9999 -9999 2.59829E-10 1.13411E-12 4.66079E-15 1.91303E-13 1.50265E-8 1.39059E-3 2.21617E-1 5.80244E-1 6.03469E-1 6.17762E-1 6.43426E-1 6.55541E-1 6.29366E-1 5.739E-1 5.08592E-1 4.71453E-1 4.72934E-1 4.99041E-1 5.21941E-1 5.36105E-1 5.69255E-1 6.1736E-1 6.32152E-1 6.1073E-1 5.68138E-1 5.27214E-1 5.01615E-1 4.50812E-1 4.41325E-1 4.45302E-1 4.21826E-1 2.92916E-1 2.00438E-1 1.62609E-1 1.29601E-1 7.40166E-2 3.27509E-2
-9999 -9999 -9999 -9999 -9999 -9999 -9999 -9999 -9999 -9999 -9999 -9999 -9999 -9999 -9999 -9999 -9999 -9999 -9999 -9999 -9999 -9999 -9999 -9999 -9999 -9999 -9999 -9999 -9999 -9999 -9999 -9999 -9999 7.9327E-11 4.88542E-14 3.39156E-16 3.52107E-13 1.49509E-6 1.89873E-2 3.11626E-1 5.55319E-1 6.03496E-1 6.15739E-1 6.42342E-1 6.52513E-1 6.12698E-1 5.39702E-1 4.67539E-1 4.37529E-1 4.44976E-1 4.89037E-1 5.13588E-1 4.65946E-1 4.78072E-1 5.03633E-1 5.39274E-1 5.41086E-1 4.67224E-1 4.16139E-1 3.69937E-1 3.47885E-1 3.51834E-1 3.49761E-1 3.11682E-1 1.69024E-1 1.14109E-1 9.54484E-2 8.11629E-2 4.89041E-2 2.2203E-2
-9999 -9999 -9999 -9999 -9999 -9999 -9999 -9999 -9999 -9999 -9999 -9999 -9999 -9999 -9999 -9999 -9999 -9999 -9999 -9999 -9999 -9999 -9999 -9999 -9999 -9999 -9999 -9999 -9999 -9999 -9999 -9999 6.33476E-8 6.37808E-11 1.75982E-15 5.94083E-18 2.79637E-13 7.98987E-6 9.74594E-2 5.31743E-1 5.91644E-1 6.02912E-1 6.07018E-1 6.24975E-1 6.40228E-1 5.61384E-1 4.76833E-1 4.27277E-1 4.46523E-1 4.97922E-1 5.49545E-1 5.63877E-1 5.3592E-1 4.8978E-1 4.71359E-1 4.21597E-1 3.64073E-1 3.23985E-1 2.3505E-1 2.09934E-1 2.49452E-1 2.91172E-1 2.85514E-1 2.45969E-1 1.49262E-1 9.01468E-2 5.52888E-2 3.9463E-2 3.2515E-2 1.94446E-2
-9999 -9999 -9999 -9999 -9999 -9999 -9999 -9999 -9999 -9999 -9999 -9999 -9999 -9999 -9999 -9999 -9999 -9999 -9999 -9999 -9999 -9999 -9999 -9999 -9999 -9999 -9999 -9999 -9999 -9999 -9999 -9999 1.49456E-9 3.05549E-13 1.16929E-19 7.45662E-21 1.63662E-15 1.66852E-6 1.42686E-1 5.90877E-1 6.1447E-1 6.03784E-1 6.10886E-1 6.23159E-1 6.28073E-1 5.79393E-1 4.64346E-1 4.36623E-1 4.79907E-1 5.29253E-1 5.75656E-1 5.98918E-1 5.96033E-1 5.5974E-1 4.83555E-1 4.42452E-1 4.03457E-1 2.96731E-1 1.40258E-1 1.17068E-1 1.74016E-1 2.27768E-1 2.49985E-1 2.04339E-1 1.46187E-1 9.13067E-2 4.72413E-2 2.70485E-2 2.2208E-2 2.25107E-2
-9999 -9999 -9999 -9999 -9999 -9999 -9999 -9999 -9999 -9999 -9999 -9999 -9999 -9999 -9999 -9999 -9999 -9999 -9999 -9999 -9999 -9999 -9999 -9999 -9999 -9999 -9999 -9999 -9999 -9999 -9999 -9999 1.6719E-10 4.42074E-16 1.88183E-23 8.40718E-28 2.96338E-21 7.42809E-11 1.13115E-2 5.40347E-1 6.05896E-1 5.95214E-1 6.05789E-1 6.28171E-1 6.43588E-1 6.17774E-1 5.32142E-1 5.17215E-1 5.46828E-1 5.74672E-1 5.96343E-1 6.13612E-1 6.08158E-1 5.63151E-1 5.17285E-1 4.61011E-1 4.01335E-1 2.87721E-1 1.61673E-1 1.18935E-1 1.40762E-1 2.48248E-1 2.2005E-1 1.756E-1 1.30831E-1 8.84526E-2 5.16974E-2 3.16766E-2 2.37846E-2 2.65008E-2
-9999 -9999 -9999 -9999 -9999 -9999 -9999 -9999 -9999 -9999 -9999 -9999 -9999 -9999 -9999 -9999 -9999 -9999 -9999 -9999 -9999 -9999 -9999 -9999 -9999 -9999 -9999 -9999 -9999 -9999 -9999 -9999 4.74554E-13 1.56937E-18 9.21423E-27 4.4763E-29 2.0777E-29 4.60074E-23 1.92039E-6 1.31358E-1 5.9017E-1 5.77643E-1 5.89809E-1 6.24929E-1 6.49942E-1 6.43507E-1 6.19916E-1 6.10498E-1 6.02125E-1 5.9863E-1 5.96586E-1 5.9733E-1 5.9604E-1 5.54222E-1 5.01572E-1 4.46862E-1 3.80327E-1 2.64243E-1 1.7549E-1 1.18636E-1 1.09265E-1 1.2331E-1 1.46589E-1 1.29946E-1 9.3069E-2 7.28667E-2 6.65649E-2 5.19472E-2 3.91256E-2 3.23267E-2
-9999 -9999 -9999 -9999 -9999 -9999 -9999 -9999 -9999 -9999 -9999 -9999 -9999 -9999 -9999 -9999 -9999 -9999 -9999 -9999 -9999 -9999 -9999 -9999 -9999 -9999 -9999 -9999 -9999 -9999 -9999 -9999 6.69397E-13 6.1086E-20 2.19813E-27 3.87247E-31 1.97772E-27 2.46785E-19 5.77755E-7 1.13106E-1 6.03392E-1 5.77643E-1 5.87462E-1 6.1724E-1 6.42342E-1 6.5524E-1 6.55541E-1 6.40445E-1 6.19446E-1 6.0195E-1 5.78948E-1 5.6759E-1 5.54724E-1 5.34782E-1 4.87093E-1 4.19336E-1 3.34247E-1 2.48909E-1 1.6998E-1 1.29025E-1 1.03511E-1 8.72151E-2 7.32078E-2 9.2539E-2 1.00103E-1 8.86994E-2 7.18929E-2 5.2036E-2 2.37671E-2 1.99285E-2
-9999 -9999 -9999 -9999 -9999 -9999 -9999 -9999 -9999 -9999 -9999 -9999 -9999 -9999 -9999 -9999 -9999 -9999 -9999 -9999 -9999 -9999 -9999 -9999 -9999 -9999 -9999 -9999 -9999 -9999 -9999 -9999 -9999 3.36142E-21 3.00666E-26 2.93996E-29 1.6208E-23 1.62657E-15 1.1577E-6 4.24174E-2 5.40719E-1 5.84907E-1 5.84874E-1 6.11343E-1 6.36209E-1 6.43513E-1 6.55297E-1 6.44105E-1 6.23257E-1 6.05965E-1 5.84554E-1 5.63656E-1 5.33444E-1 4.90182E-1 4.49527E-1 3.93573E-1 3.34979E-1 2.95671E-1 2.26091E-1 1.6818E-1 1.17133E-1 8.88389E-2 9.06043E-2 9.6922E-2 1.06715E-1 1.05541E-1 9.20074E-2 5.84623E-2 2.92543E-2 2.73613E-2
-9999 -9999 -9999 -9999 -9999 -9999 -9999 -9999 -9999 -9999 -9999 -9999 -9999 -9999 -9999 -9999 -9999 -9999 -9999 -9999 -9999 -9999 -9999 -9999 -9999 -9999 -9999 -9999 -9999 -9999 -9999 -9999 -9999 3.5628E-22 3.00735E-24 4.34781E-29 5.07877E-25 3.85712E-16 2.55508E-5 2.67024E-1 5.57752E-1 5.83987E-1 5.89217E-1 6.10904E-1 6.24683E-1 6.36317E-1 6.52591E-1 6.37747E-1 6.19233E-1 6.04536E-1 5.81671E-1 5.57661E-1 5.18114E-1 4.72089E-1 4.32476E-1 3.75985E-1 3.42355E-1 3.5821E-1 2.82978E-1 2.17945E-1 1.6545E-1 1.13715E-1 1.06008E-1 1.12898E-1 1.26172E-1 1.41237E-1 1.30624E-1 1.09145E-1 7.74888E-2 7.05676E-2
