KUENM/Final_Models/M_0.1_F_lq_Set_2_NE/sp1_6.asc
ncols         197
nrows         210
xllcorner     56.1666666666667
yllcorner     4.5
cellsize      0.166666666666667
NODATA_value  -9999
[rows 56 to 83 of 210, columns 130 to 194 of 197]
6.0513E-4 6.96975E-7 3.40683E-6 5.37823E-8 1.38089E-6 6.45663E-7 2.5057E-6 1.6739E-7 9.76253E-7 2.9341E-6 2.1952E-6 5.8828E-7 8.43527E-7 9.67053E-7 1.37417E-6 3.2282E-6 1.27188E-5 8.62426E-6 1.4838E-5 1.37755E-7 3.18566E-7 1.0539E-6 7.37816E-6 6.21171E-6 7.95113E-7 5.93903E-7 3.9187E-8 8.33971E-8 8.2662E-8 2.71654E-7 7.15534E-7 1.16702E-6 1.52391E-6 8.6685E-7 2.50331E-7 3.06332E-7 3.38676E-7 5.12361E-8 7.83879E-9 3.88525E-9 1.19065E-8 1.69335E-9 1.01754E-9 1.23677E-9 -9999 -9999 -9999 -9999 -9999 -9999 -9999 -9999 -9999 -9999 -9999 -9999 -9999 -9999 -9999 -9999 -9999 -9999 -9999 -9999 -9999
3.2521E-2 1.24892E-2 1.70666E-4 7.48399E-9 3.97117E-8 3.43269E-6 3.12542E-7 3.69113E-7 7.496E-6 5.06402E-6 4.06429E-6 2.10893E-6 1.31536E-7 1.44759E-8 1.23359E-8 2.4304E-6 1.59404E-6 2.30539E-5 2.46937E-5 1.00061E-7 1.76079E-6 1.70928E-7 1.68622E-6 2.34234E-5 3.2793E-4 4.4322E-6 1.33646E-6 2.85348E-7 1.20646E-7 3.82507E-8 1.54277E-7 7.01554E-7 9.36127E-7 1.41977E-6 1.02064E-6 3.27502E-7 1.91269E-7 2.3435E-7 5.59817E-8 6.66219E-9 1.80137E-9 5.668E-9 1.19393E-9 1.16982E-9 6.10041E-9 7.36899E-10 -9999 -9999 -9999 -9999 -9999 -9999 -9999 -9999 -9999 -9999 -9999 -9999 -9999 -9999 -9999 -9999 -9999 -9999 -9999
9.83493E-2 1.00011E-1 9.02543E-3 2.71265E-5 6.22734E-7 8.48018E-7 3.47367E-7 1.2033E-7 4.22373E-6 4.28601E-6 2.74939E-6 2.5057E-6 1.66887E-7 6.91553E-9 4.46823E-9 1.02914E-9 4.44329E-7 4.32054E-6 4.42686E-5 4.54053E-6 6.12223E-5 2.04611E-5 4.8095E-6 9.5322E-4 3.84449E-3 1.2634E-3 4.22955E-6 6.60433E-7 1.08322E-6 1.97869E-8 1.89551E-8 1.25131E-7 6.71951E-7 1.03813E-6 7.58396E-7 6.48885E-7 2.65675E-7 4.19036E-7 1.22125E-7 1.05398E-7 3.16842E-9 8.80785E-9 1.6726E-8 8.50392E-9 4.38522E-9 1.85461E-9 1.38836E-9 6.19007E-9 -9999 -9999 -9999 -9999 -9999 -9999 -9999 -9999 -9999 -9999 -9999 -9999 -9999 -9999 -9999 -9999 -9999
1.71159E-1 1.32414E-1 4.46713E-2 5.60167E-3 1.20576E-4 2.33581E-5 5.32183E-6 9.56657E-7 1.12123E-7 4.2541E-8 1.86675E-6 3.18585E-6 7.0786E-7 1.55016E-7 3.32508E-6 3.08027E-7 1.22051E-6 5.25881E-6 1.97606E-5 1.50718E-4 4.59575E-4 5.25044E-4 1.91388E-4 1.07263E-2 6.09411E-3 2.41824E-3 4.18474E-4 5.58824E-5 4.96858E-6 1.41394E-6 1.31504E-6 1.8608E-7 4.14826E-8 2.51952E-7 3.21377E-7 1.90483E-7 1.76808E-7 8.68406E-7 5.74953E-7 2.94919E-7 1.16205E-7 6.55795E-8 7.73959E-8 3.68546E-8 2.5237E-8 8.18892E-9 1.21913E-8 1.88732E-8 6.24895E-9 4.97237E-9 -9999 -9999 -9999 -9999 -9999 -9999 -9999 -9999 -9999 -9999 -9999 -9999 -9999 -9999 -9999
1.65469E-1 1.70295E-1 9.71702E-2 4.87698E-2 1.34177E-2 2.6592E-3 1.42988E-4 5.08418E-6 5.96079E-9 9.1116E-10 1.08703E-9 1.2772E-7 1.11389E-6 2.92505E-6 9.04816E-7 1.49033E-5 2.10262E-5 1.05252E-5 1.27797E-5 1.33372E-4 5.27271E-4 1.44892E-3 5.52497E-4 7.90557E-3 1.3892E-3 4.68167E-4 8.72819E-5 2.86861E-6 1.91389E-7 2.87079E-7 1.66078E-6 2.86307E-6 5.36779E-7 2.65981E-8 7.53519E-8 1.42258E-8 8.97708E-8 4.27511E-7 8.80724E-8 2.61926E-7 2.27168E-7 8.42317E-8 2.41802E-7 1.54792E-7 1.00912E-7 1.48432E-8 2.85062E-8 3.21312E-8 4.14253E-8 3.84784E-8 4.52283E-8 2.22148E-8 -9999 -9999 -9999 -9999 -9999 -9999 -9999 -9999 -9999 -9999 -9999 -9999 -9999
1.51522E-1 1.69552E-1 1.38972E-1 9.34361E-2 5.58933E-2 2.38473E-2 6.20506E-3 4.36924E-4 2.04738E-6 7.05129E-10 6.14608E-10 5.2277E-8 4.02868E-7 1.18337E-6 1.39449E-6 2.01184E-5 3.26814E-5 3.01768E-5 4.3839E-5 9.8371E-5 3.70643E-4 9.55811E-4 2.12284E-3 2.15274E-3 1.78471E-3 1.23243E-3 7.83306E-4 9.37689E-5 1.06256E-6 6.64283E-7 1.1917E-6 6.68713E-7 3.46661E-7 3.71521E-8 1.02423E-8 4.15961E-9 5.04972E-7 4.79726E-7 3.77699E-8 3.94292E-7 5.20121E-7 3.37991E-7 2.80794E-7 1.53757E-7 1.33051E-7 3.70699E-7 1.14447E-7 2.42028E-7 2.12765E-7 4.29584E-8 4.74433E-8 1.58289E-8 2.80091E-7 -9999 -9999 -9999 -9999 -9999 -9999 -9999 -9999 -9999 -9999 -9999 -9999
1.7736E-1 1.90316E-1 1.69552E-1 1.41176E-1 1.10539E-1 8.35501E-2 4.00195E-2 8.21684E-3 6.77242E-4 2.79077E-5 1.09752E-6 1.17095E-7 7.1895E-8 5.19439E-7 9.35221E-7 1.21008E-6 9.50347E-6 1.76401E-5 3.59563E-5 3.14882E-5 7.25962E-5 3.98979E-4 2.18803E-3 2.46952E-3 2.58746E-4 9.94799E-5 3.90055E-5 8.92549E-5 3.06389E-4 3.13839E-5 2.60373E-5 5.13498E-7 2.93233E-7 2.75132E-7 1.4728E-8 6.58043E-9 2.09719E-5 4.23613E-7 2.80244E-8 8.09212E-8 4.98854E-8 4.40323E-8 3.03484E-8 1.00776E-7 1.00329E-7 1.36334E-7 7.3657E-8 1.00912E-7 1.21459E-7 2.00763E-8 1.86861E-8 1.62725E-8 2.46404E-8 4.21137E-8 9.16953E-8 -9999 -9999 -9999 -9999 -9999 -9999 -9999 -9999 -9999 -9999
2.45715E-1 2.47137E-1 2.36571E-1 2.04562E-1 1.86173E-1 1.78639E-1 1.07341E-1 4.32941E-2 1.66977E-2 1.06523E-2 3.09224E-3 2.95719E-4 5.28266E-5 1.28383E-4 4.21964E-4 1.63458E-5 1.2909E-6 1.29891E-6 1.00901E-6 4.57273E-6 1.61948E-5 7.01143E-5 9.68143E-5 7.60113E-4 1.58001E-3 8.51178E-4 2.15836E-3 3.95139E-4 3.20046E-4 6.55298E-5 2.19035E-4 1.21404E-5 1.32335E-6 3.06237E-7 3.64537E-8 5.09263E-6 6.27852E-6 2.16515E-8 5.51283E-9 3.00513E-9 1.50877E-8 2.81988E-8 1.09177E-8 1.59883E-8 1.89215E-7 8.04078E-8 2.8298E-7 1.74356E-8 1.20985E-8 9.18924E-9 1.63463E-7 3.60269E-7 1.0106E-8 2.35431E-8 2.6751E-8 1.21945E-8 -9999 -9999 -9999 -9999 -9999 -9999 -9999 -9999 -9999
3.28673E-1 3.18601E-1 3.32793E-1 3.21305E-1 3.21305E-1 2.72869E-1 1.8523E-1 1.03752E-1 6.24198E-2 4.34811E-2 2.79507E-2 8.75489E-3 1.06686E-3 5.0079E-4 1.00184E-4 4.42983E-6 1.29612E-6 5.15587E-7 1.09317E-7 1.89533E-7 1.80334E-6 2.31261E-5 1.95073E-5 7.38627E-5 2.92171E-4 6.6192E-5 2.50159E-5 9.03418E-5 2.72803E-4 1.45194E-4 6.15067E-5 3.27394E-7 1.33357E-8 3.49211E-9 9.7324E-7 1.44885E-5 3.05801E-7 5.90514E-8 2.20534E-7 5.98727E-9 3.89195E-8 3.98634E-7 2.16781E-7 2.65067E-8 6.46537E-7 3.76184E-8 4.02255E-7 3.21716E-7 2.3534E-7 7.54801E-8 1.77441E-7 7.82953E-7 6.73317E-8 3.4035E-7 1.31835E-7 2.18358E-7 1.51662E-7 -9999 -9999 -9999 -9999 -9999 -9999 -9999 -9999
3.86264E-1 3.62476E-1 3.73381E-1 3.94509E-1 4.06995E-1 3.35607E-1 2.21105E-1 1.44921E-1 1.03362E-1 7.11829E-2 4.10435E-2 9.26025E-3 2.41847E-3 2.04087E-3 4.51892E-4 2.56777E-5 9.00686E-6 8.62643E-6 1.54771E-6 2.04923E-7 2.51132E-8 8.45707E-8 3.04063E-8 2.17964E-6 2.02209E-5 1.6155E-6 9.93858E-7 2.88124E-6 5.01866E-6 5.16906E-5 2.83324E-4 6.186E-5 1.87027E-4 7.9603E-5 4.81494E-4 2.31112E-5 6.50243E-8 3.16766E-7 9.73852E-7 1.79118E-5 1.10175E-7 2.80901E-6 1.08979E-6 2.02633E-7 5.39672E-7 3.01276E-8 1.03828E-8 3.73425E-8 6.51802E-8 1.08689E-7 2.29774E-8 2.05068E-7 1.42326E-6 4.62243E-7 4.62535E-7 5.64267E-7 3.3336E-7 1.56943E-6 -9999 -9999 -9999 -9999 -9999 -9999 -9999
4.32168E-1 3.84922E-1 3.60168E-1 3.78157E-1 3.88937E-1 3.0811E-1 1.91998E-1 1.552E-1 1.33171E-1 8.9176E-2 3.59639E-2 5.99194E-3 2.77318E-3 4.85832E-3 4.09738E-3 7.97926E-4 3.71563E-4 2.54567E-4 1.3458E-4 2.46718E-5 4.8753E-6 2.65632E-7 7.26674E-9 6.77178E-8 4.24877E-6 1.10809E-4 5.48823E-5 3.76934E-5 5.44049E-6 2.72597E-5 1.14741E-4 2.21296E-5 1.51759E-5 1.55481E-8 9.83828E-12 1.14601E-5 5.1633E-7 1.09334E-4 6.68236E-5 1.16763E-4 8.90775E-7 1.4448E-6 1.17127E-3 6.49729E-7 9.21329E-6 2.43723E-5 2.31872E-8 5.13713E-10 3.30701E-8 2.02421E-7 9.57275E-9 6.12991E-9 2.36664E-7 7.69795E-8 4.0806E-7 6.94378E-7 8.68412E-8 2.02048E-7 1.53503E-6 -9999 -9999 -9999 -9999 -9999 -9999
4.62868E-1 4.09265E-1 3.54833E-1 3.59197E-1 3.62092E-1 2.85194E-1 1.93145E-1 1.72831E-1 1.53119E-1 1.03623E-1 5.03112E-2 8.11209E-3 4.15629E-3 6.31075E-3 8.95602E-3 5.42599E-3 4.11551E-3 5.06728E-3 6.11777E-3 1.50817E-3 3.32345E-4 2.5588E-4 3.20891E-4 1.20398E-4 7.31231E-6 3.05284E-5 8.8721E-5 4.75092E-5 1.03519E-5 2.55267E-6 6.45982E-7 4.6148E-8 2.0788E-8 2.94053E-11 2.92838E-15 1.14865E-25 1.03366E-29 1.63009E-27 2.33398E-23 3.36342E-18 3.26414E-6 1.70743E-4 1.05998E-4 1.90421E-4 6.17102E-5 1.46985E-4 2.46073E-7 1.38853E-8 1.39838E-7 9.95013E-8 7.03436E-9 4.59961E-9 9.1621E-9 4.06493E-9 4.86197E-8 2.76547E-8 1.45055E-7 1.19286E-6 5.99971E-9 6.76623E-7 -9999 -9999 -9999 -9999 -9999
4.90248E-1 4.41061E-1 3.88973E-1 3.8481E-1 3.92243E-1 3.63604E-1 2.95718E-1 2.31915E-1 1.96881E-1 1.41521E-1 8.94538E-2 3.96747E-2 1.9269E-2 1.5696E-2 2.36025E-2 2.03795E-2 1.68279E-2 1.98358E-2 2.29863E-2 1.1841E-2 6.56783E-3 1.00274E-2 2.39489E-2 2.04411E-2 3.73398E-3 4.07288E-5 1.87987E-5 2.17446E-5 5.11817E-5 1.04159E-4 2.6085E-5 1.215E-7 4.01125E-8 6.57397E-12 3.23142E-14 1.18757E-19 1.09563E-21 1.12353E-23 9.25054E-22 1.09433E-20 1.77315E-16 1.02796E-12 1.94397E-9 5.11044E-6 6.13723E-6 5.58411E-5 2.06645E-5 1.59417E-5 3.22933E-6 6.95461E-7 1.14375E-6 3.60203E-7 3.11673E-9 4.17647E-10 2.58192E-10 4.50258E-9 4.62843E-7 1.98521E-6 4.69115E-8 8.40025E-8 2.45134E-8 -9999 -9999 -9999 -9999
5.27857E-1 4.80945E-1 4.39825E-1 4.4851E-1 4.64092E-1 4.41025E-1 3.86901E-1 3.2262E-1 2.54647E-1 2.06897E-1 1.56412E-1 1.04617E-1 7.10424E-2 6.717E-2 7.47012E-2 4.52375E-2 3.29646E-2 3.21337E-2 3.46522E-2 2.98026E-2 2.94276E-2 4.00175E-2 4.77266E-2 3.13303E-2 6.03613E-3 1.81394E-4 2.30024E-5 1.83609E-5 5.10726E-5 2.08174E-4 3.18364E-4 1.92278E-5 2.45655E-6 5.12501E-8 3.91618E-9 1.11536E-11 5.09153E-14 2.61104E-15 9.44256E-16 3.85041E-15 4.34768E-14 3.64198E-13 8.83645E-11 6.18065E-10 1.16056E-8 2.17804E-10 3.66454E-13 6.47922E-12 9.32126E-11 1.69206E-5 4.9153E-6 1.07834E-7 5.42491E-8 2.30202E-7 2.41242E-9 7.41911E-9 4.3139E-6 5.882E-6 5.16239E-7 2.49842E-8 5.6714E-9 -9999 -9999 -9999 -9999
5.33271E-1 5.18872E-1 4.93523E-1 4.88381E-1 5.2049E-1 5.03764E-1 4.60794E-1 4.045E-1 3.26539E-1 2.73397E-1 2.2884E-1 1.77462E-1 1.2806E-1 1.09683E-1 9.2791E-2 5.82418E-2 4.36579E-2 4.85324E-2 5.14878E-2 4.96717E-2 5.20131E-2 5.69524E-2 4.79044E-2 2.76003E-2 8.18469E-3 1.19825E-3 1.46546E-4 2.94861E-5 4.52455E-5 1.81022E-4 4.54377E-4 1.91343E-4 1.03206E-5 9.44572E-8 1.18772E-8 7.96265E-11 1.336E-11 5.04636E-13 1.39063E-12 1.41842E-11 4.40945E-11 7.99463E-11 2.59962E-11 9.7028E-9 1.4426E-8 5.31776E-10 6.3745E-9 1.40034E-12 1.33283E-15 3.24035E-12 1.02894E-11 5.80625E-6 3.14628E-7 4.15813E-6 4.02512E-8 5.86208E-7 1.32034E-6 1.58979E-12 1.02707E-6 7.42577E-7 3.07015E-7 3.72416E-9 -9999 -9999 -9999
5.40941E-1 5.38702E-1 5.38702E-1 5.28384E-1 5.34064E-1 5.32011E-1 5.02856E-1 4.54555E-1 3.91438E-1 3.39805E-1 3.09946E-1 2.4861E-1 1.7702E-1 1.16412E-1 8.85593E-2 6.16857E-2 3.42188E-2 5.32156E-2 6.446E-2 6.73269E-2 6.80582E-2 6.67334E-2 4.86241E-2 2.61881E-2 1.03489E-2 3.3289E-3 1.02916E-3 4.15376E-4 3.40053E-4 5.26787E-4 1.26203E-3 8.98827E-4 5.56817E-5 5.6976E-6 2.10088E-7 2.11511E-8 1.30092E-10 2.62595E-12 2.68261E-10 1.94231E-8 1.58918E-8 1.30769E-9 1.97275E-8 7.17803E-11 1.87769E-9 3.10028E-10 1.42119E-6 1.49272E-6 2.33013E-11 1.47958E-10 5.24185E-12 5.02605E-9 1.08159E-7 5.3031E-11 2.17143E-7 1.0968E-10 4.00192E-17 2.68565E-10 2.24027E-6 1.18162E-6 1.05879E-5 3.93343E-8 3.35292E-7 -9999 -9999
5.55466E-1 5.38611E-1 5.4331E-1 5.32857E-1 5.22315E-1 5.19547E-1 5.19953E-1 4.99448E-1 4.55513E-1 4.0018E-1 3.70561E-1 3.20992E-1 2.47047E-1 1.26818E-1 9.52414E-2 8.85593E-2 6.30614E-2 7.70758E-2 9.93549E-2 9.30946E-2 8.97051E-2 7.68557E-2 5.27837E-2 2.89866E-2 1.39816E-2 7.66952E-3 4.25049E-3 2.48357E-3 1.80965E-3 2.07603E-3 2.69241E-3 1.58776E-3 3.36233E-4 2.18461E-4 9.16173E-5 3.84455E-6 2.40559E-7 8.82291E-8 3.34979E-7 1.47182E-6 6.62819E-7 1.9207E-8 7.09176E-10 4.52475E-9 5.96857E-7 5.29952E-7 3.55005E-6 2.93461E-5 4.35571E-5 4.5457E-5 1.56596E-7 1.26312E-9 1.98948E-11 5.2076E-12 1.12915E-11 1.669E-10 1.51403E-8 3.65485E-11 7.64158E-11 1.87119E-11 1.29116E-9 1.11517E-5 2.66229E-8 -9999 -9999
5.73021E-1 5.44678E-1 5.13043E-1 4.95067E-1 5.02673E-1 5.05845E-1 5.17027E-1 5.1604E-1 4.96643E-1 4.45051E-1 3.97275E-1 3.91344E-1 3.82344E-1 2.56313E-1 1.48289E-1 1.12166E-1 1.14276E-1 1.65461E-1 1.69417E-1 1.43947E-1 1.22313E-1 9.83752E-2 6.46791E-2 3.63799E-2 1.87068E-2 1.77458E-2 1.73E-2 1.03857E-2 5.95942E-3 5.42599E-3 5.59882E-3 2.02529E-3 4.5023E-4 4.76713E-4 1.11547E-3 2.79217E-4 3.3205E-5 1.50744E-5 1.80118E-5 9.21668E-5 9.66403E-4 6.98771E-5 2.80906E-8 2.51216E-10 4.60371E-10 1.56651E-10 9.65108E-9 4.74006E-5 8.20041E-4 5.72939E-4 2.89829E-4 5.45935E-5 3.59573E-5 6.68422E-7 1.34804E-10 3.18124E-8 3.52949E-3 1.27511E-9 5.76967E-9 7.71145E-8 7.05724E-12 2.5812E-10 1.17422E-18 2.13864E-20 -9999
5.56708E-1 5.49368E-1 5.26951E-1 4.95511E-1 4.9777E-1 4.94372E-1 5.0222E-1 5.08721E-1 5.25021E-1 4.67904E-1 4.03148E-1 4.18971E-1 4.34275E-1 3.52216E-1 2.25641E-1 1.48289E-1 1.50792E-1 1.97984E-1 2.12191E-1 2.16643E-1 1.93297E-1 1.39709E-1 8.99295E-2 5.21978E-2 3.08711E-2 4.63586E-2 6.717E-2 3.33801E-2 1.59169E-2 1.30572E-2 1.19763E-2 4.80323E-3 9.88899E-4 1.27293E-3 3.58946E-3 1.94143E-3 5.42017E-4 4.92939E-4 8.26029E-4 1.12488E-3 3.18949E-3 6.46763E-3 1.12582E-3 8.17311E-6 1.22627E-7 2.30303E-8 1.12672E-7 2.41467E-6 7.46295E-5 6.26217E-4 4.33428E-4 1.39953E-3 2.5834E-4 9.43069E-4 3.8987E-6 1.85135E-3 1.10801E-2 3.38449E-5 2.90964E-4 7.1511E-8 1.27263E-11 1.15394E-13 1.62983E-21 7.26225E-24 -9999
5.36246E-1 5.48253E-1 5.41536E-1 4.9777E-1 4.60952E-1 4.59631E-1 4.44763E-1 4.48363E-1 4.86243E-1 4.5893E-1 4.17553E-1 4.30155E-1 4.25994E-1 3.6401E-1 2.76751E-1 2.48594E-1 2.65744E-1 2.50056E-1 2.37624E-1 2.92838E-1 2.87803E-1 1.87627E-1 1.16115E-1 7.53847E-2 5.21978E-2 5.98324E-2 9.87433E-2 5.08968E-2 2.90181E-2 2.72019E-2 3.17297E-2 2.68139E-2 9.72317E-3 6.22923E-3 7.78753E-3 5.65035E-3 2.09768E-3 3.33671E-3 8.27381E-3 9.79123E-3 9.22711E-3 1.93569E-2 9.12373E-3 9.23338E-4 1.62887E-4 9.75284E-5 2.01744E-4 2.39361E-4 1.58205E-4 8.55779E-5 1.75532E-4 2.66749E-3 1.03208E-3 1.68764E-3 1.41087E-3 1.07332E-3 5.94701E-3 5.67246E-3 1.31261E-4 4.4962E-7 3.49426E-11 1.13599E-19 2.97529E-25 1.46913E-28 1.49072E-34
5.19959E-1 5.37857E-1 5.26066E-1 4.91045E-1 4.57475E-1 4.51597E-1 4.16097E-1 4.07369E-1 4.52948E-1 4.44318E-1 4.37478E-1 4.43721E-1 4.32906E-1 3.86859E-1 3.39011E-1 3.46879E-1 3.73229E-1 3.0594E-1 2.60967E-1 3.41271E-1 3.00826E-1 2.059E-1 1.47656E-1 1.12545E-1 7.94731E-2 6.39692E-2 8.18265E-2 6.32651E-2 5.15746E-2 5.78421E-2 7.52483E-2 8.54614E-2 4.21094E-2 1.98031E-2 2.07039E-2 1.91247E-2 1.21932E-2 1.62832E-2 2.5513E-2 1.90076E-2 1.6596E-2 2.45702E-2 1.51148E-2 6.53953E-3 5.98688E-3 4.43933E-3 1.14261E-2 1.28304E-2 5.85257E-3 2.37015E-3 7.98708E-4 2.61978E-4 1.60137E-4 4.13201E-5 2.89574E-7 8.2627E-11 2.46437E-9 4.60783E-8 1.55981E-11 7.55001E-16 4.88764E-17 5.53163E-18 1.75539E-21 2.12521E-33 5.13842E-39
4.92175E-1 4.75135E-1 4.96972E-1 4.73386E-1 4.3656E-1 4.99335E-1 4.86051E-1 4.64197E-1 4.62268E-1 4.75135E-1 4.72915E-1 4.72915E-1 4.74154E-1 4.56797E-1 4.49012E-1 4.51035E-1 4.27706E-1 3.78906E-1 3.53961E-1 3.49216E-1 2.96261E-1 2.22332E-1 2.04429E-1 1.79262E-1 1.24553E-1 7.30064E-2 8.37188E-2 1.02296E-1 1.19001E-1 1.2343E-1 1.12893E-1 1.01576E-1 6.55825E-2 4.00466E-2 3.72209E-2 3.41334E-2 4.11249E-2 6.32651E-2 8.16265E-2 7.02875E-2 4.52375E-2 4.36129E-2 3.91198E-2 2.69087E-2 4.78175E-3 2.88764E-3 1.45189E-2 3.45069E-2 2.58526E-2 3.20048E-2 2.45582E-2 2.20055E-3 5.06302E-4 8.91669E-5 3.48056E-6 3.93646E-8 6.28336E-10 7.1738E-13 3.00213E-17 1.29115E-18 4.24792E-17 2.88421E-16 2.25832E-16 5.73663E-25 1.99824E-33
4.59631E-1 4.34994E-1 4.59631E-1 4.64197E-1 4.26435E-1 4.9925E-1 5.14133E-1 4.92175E-1 4.75963E-1 4.72604E-1 4.71331E-1 4.66638E-1 4.95511E-1 4.86243E-1 4.87422E-1 4.7042E-1 4.27875E-1 3.88074E-1 3.75229E-1 3.4828E-1 3.02714E-1 2.75342E-1 2.7054E-1 2.67371E-1 2.07771E-1 1.36645E-1 1.06623E-1 1.31908E-1 1.72425E-1 1.5398E-1 1.20868E-1 1.04051E-1 8.23767E-2 5.65976E-2 4.7433E-2 5.40508E-2 9.57346E-2 1.74304E-1 1.60258E-1 1.17037E-1 5.90027E-2 6.16857E-2 8.36714E-2 6.48603E-2 8.02718E-3 1.39315E-3 1.75726E-2 8.05824E-2 8.6942E-2 7.36564E-2 9.53413E-2 7.44191E-2 2.45792E-2 2.37802E-3 2.52757E-4 9.88511E-6 1.69735E-7 5.87535E-10 5.08684E-13 3.99427E-15 2.7659E-15 5.9087E-15 6.06752E-16 3.65992E-20 4.86681E-26
4.13033E-1 3.89852E-1 3.95623E-1 3.89184E-1 4.02513E-1 4.56116E-1 5.07543E-1 4.81051E-1 4.3216E-1 4.19187E-1 4.23551E-1 4.22101E-1 4.52948E-1 4.45671E-1 4.24997E-1 3.68951E-1 3.42333E-1 3.4828E-1 3.65796E-1 3.51484E-1 3.25682E-1 3.17224E-1 3.12391E-1 2.88048E-1 2.53188E-1 2.01499E-1 1.18647E-1 9.59384E-2 1.54601E-1 1.4697E-1 9.32468E-2 1.02206E-1 1.00197E-1 5.59132E-2 4.91115E-2 9.61134E-2 1.9226E-1 2.34542E-1 1.65716E-1 1.15745E-1 6.32651E-2 7.44539E-2 1.03623E-1 1.46187E-1 1.66286E-1 5.08319E-2 4.16207E-2 7.16183E-2 9.52154E-2 8.59337E-2 1.24031E-1 1.16529E-1 6.32927E-2 1.57602E-2 3.35096E-3 4.64193E-4 5.39729E-5 1.20373E-6 2.7311E-9 5.44814E-12 2.58388E-13 1.44636E-13 1.8368E-14 1.04822E-16 1.45947E-19
3.60672E-1 3.17196E-1 2.72127E-1 2.46737E-1 3.02908E-1 4.03553E-1 4.49453E-1 4.2181E-1 3.71314E-1 3.58517E-1 3.88631E-1 4.24971E-1 4.3369E-1 4.05558E-1 3.47207E-1 2.31863E-1 2.11789E-1 3.11225E-1 3.6813E-1 3.64935E-1 3.41852E-1 3.53083E-1 3.31684E-1 2.91424E-1 2.54621E-1 2.13313E-1 1.54601E-1 1.35161E-1 1.90821E-1 1.73221E-1 7.8181E-2 1.06305E-1 1.01342E-1 2.96556E-2 4.13404E-2 1.48408E-1 3.62631E-1 3.66516E-1 1.85109E-1 1.28844E-1 1.23857E-1 1.42703E-1 1.54589E-1 2.18386E-1 2.93236E-1 1.45168E-1 8.35333E-2 6.75784E-2 8.76709E-2 1.86007E-1 1.87634E-1 1.25761E-1 6.86294E-2 3.2149E-2 1.40585E-2 4.41507E-3 1.01946E-3 1.05049E-4 1.23621E-6 6.30827E-9 8.3801E-11 2.81379E-11 7.18946E-12 3.66611E-13 1.90858E-14
3.43087E-1 3.38081E-1 2.33882E-1 1.78659E-1 3.0292E-1 3.7258E-1 3.63933E-1 3.42712E-1 3.17796E-1 3.35814E-1 4.24971E-1 5.00509E-1 4.90673E-1 4.23305E-1 3.95785E-1 3.0467E-1 2.58569E-1 3.45997E-1 3.71314E-1 3.48828E-1 3.53682E-1 3.64935E-1 3.43462E-1 2.80158E-1 2.37357E-1 2.35803E-1 2.34252E-1 2.28079E-1 2.624E-1 2.46457E-1 1.62335E-1 1.40831E-1 8.51543E-2 3.45477E-2 5.77816E-2 1.60671E-1 3.94835E-1 3.97917E-1 2.11789E-1 1.69097E-1 1.78795E-1 1.90821E-1 1.85699E-1 2.07374E-1 2.15155E-1 1.89038E-1 1.57842E-1 1.00586E-1 1.12545E-1 1.93711E-1 2.56177E-1 1.82922E-1 9.40204E-2 4.8586E-2 3.25535E-2 1.44254E-2 3.16805E-3 4.98843E-4 5.1378E-5 2.67928E-6 1.36495E-7 2.09217E-8 4.82339E-9 1.11677E-9 3.28906E-10
4.17244E-1 3.85509E-1 3.17936E-1 3.0292E-1 3.80669E-1 3.85489E-1 3.06266E-1 3.1462E-1 3.12962E-1 3.49274E-1 4.52006E-1 5.47178E-1 5.67409E-1 5.56001E-1 5.44235E-1 5.35852E-1 4.39112E-1 4.07602E-1 4.2144E-1 3.75209E-1 3.78407E-1 3.79229E-1 3.35399E-1 2.80147E-1 2.42035E-1 2.4831E-1 2.73739E-1 2.86638E-1 2.85014E-1 2.54095E-1 2.38158E-1 1.99054E-1 1.18581E-1 7.90653E-2 9.75122E-2 1.98267E-1 3.34676E-1 3.4133E-1 2.40844E-1 2.28176E-1 2.42442E-1 2.46093E-1 2.5249E-1 2.13884E-1 2.40147E-1 2.54621E-1 2.5779E-1 1.9226E-1 7.97202E-2 1.13208E-1 2.73715E-1 2.00482E-1 1.10444E-1 6.32651E-2 3.7777E-2 1.6557E-2 5.03833E-3 1.61749E-3 8.32451E-4 2.39836E-4 2.91914E-5 4.58264E-6 1.14801E-6 4.53776E-7 3.3081E-7
4.40345E-1 4.30801E-1 3.87933E-1 3.54178E-1 3.88687E-1 4.13163E-1 3.90282E-1 3.88631E-1 3.48828E-1 3.53682E-1 4.2203E-1 5.28951E-1 5.8985E-1 5.91086E-1 5.47815E-1 5.0716E-1 4.58069E-1 4.56641E-1 5.00189E-1 4.59424E-1 4.29243E-1 4.24796E-1 3.61731E-1 2.85014E-1 2.59194E-1 2.65745E-1 3.04537E-1 3.19185E-1 3.16154E-1 2.55703E-1 2.15733E-1 2.00548E-1 1.55735E-1 1.42747E-1 1.57432E-1 2.55953E-1 3.53196E-1 3.64817E-1 2.99361E-1 2.84223E-1 3.01248E-1 3.47963E-1 3.46307E-1 2.6672E-1 3.24562E-1 4.09701E-1 3.56908E-1 2.63773E-1 1.35553E-1 1.3959E-1 2.13884E-1 1.8653E-1 1.23463E-1 6.63149E-2 3.58946E-2 1.89171E-2 1.10518E-2 8.39964E-3 6.47681E-3 3.58946E-3 6.42051E-4 1.23444E-4 3.65545E-5 1.7509E-5 3.4369E-6
