KUENM/Final_Models/M_0.1_F_lq_Set_2_NE/sp1_3.asc
ncols         197
nrows         210
xllcorner     56.1666666666667
yllcorner     4.5
cellsize      0.166666666666667
NODATA_value  -9999
[rows 56 to 83 of 210, columns 65 to 129 of 197]
2.10864E-3 2.26133E-3 2.09807E-2 1.10286E-1 1.51482E-1 1.90279E-1 1.02284E-1 2.49963E-2 3.36702E-2 9.58944E-2 1.25022E-1 1.35544E-1 1.39935E-1 1.26985E-1 1.2351E-1 7.3026E-2 1.21843E-1 1.72434E-1 1.22562E-1 2.16635E-1 1.77324E-1 1.41405E-1 1.28498E-1 1.30974E-1 1.31219E-1 1.29978E-1 1.38575E-1 1.43787E-1 1.41166E-1 1.33722E-1 1.36254E-1 1.36431E-1 1.49503E-1 1.61924E-1 1.7918E-1 1.83568E-1 1.879E-1 1.93684E-1 2.10265E-1 2.31997E-1 2.64936E-1 2.87548E-1 2.9599E-1 3.23058E-1 3.82974E-1 4.52963E-1 4.85702E-1 4.95643E-1 4.83159E-1 5.23158E-1 5.47116E-1 5.63529E-1 5.77005E-1 6.03689E-1 5.90773E-1 5.81706E-1 6.17006E-1 5.90211E-1 5.35902E-1 4.50503E-1 3.3355E-1 1.91856E-1 1.78212E-2 2.2816E-3 3.26953E-3
6.27603E-3 1.82441E-2 5.01059E-2 1.52307E-1 1.93637E-1 2.18866E-1 2.21071E-1 1.31081E-1 9.90045E-2 1.29249E-1 1.45614E-1 9.60257E-2 9.74978E-2 9.13586E-2 1.01068E-1 1.71998E-1 1.76352E-1 1.34099E-1 2.09828E-1 2.17811E-1 1.8063E-1 1.51517E-1 1.39867E-1 1.32222E-1 1.29732E-1 1.28498E-1 1.32222E-1 1.30974E-1 1.28498E-1 1.27272E-1 1.25089E-1 1.31219E-1 1.40106E-1 1.53406E-1 1.61857E-1 1.73328E-1 1.77661E-1 1.81942E-1 1.99795E-1 2.24534E-1 2.50661E-1 2.69964E-1 2.81757E-1 3.02108E-1 3.44948E-1 4.00587E-1 4.44813E-1 4.66115E-1 4.76264E-1 5.07546E-1 5.28799E-1 5.21228E-1 5.3402E-1 5.57775E-1 5.75444E-1 5.9247E-1 6.14812E-1 6.16479E-1 5.93532E-1 5.29183E-1 4.2831E-1 2.8753E-1 1.06739E-1 2.99001E-2 2.40293E-2
5.15059E-3 3.53964E-2 1.34944E-1 1.57369E-1 1.63316E-1 1.59801E-1 1.81718E-1 1.95551E-1 1.67672E-1 1.36368E-1 1.30688E-1 1.25418E-1 1.35881E-1 1.53242E-1 2.05803E-1 2.12681E-1 2.26065E-1 1.73311E-1 2.51464E-1 2.20992E-1 1.98622E-1 1.74142E-1 1.51517E-1 1.33478E-1 1.26052E-1 1.23636E-1 1.20067E-1 1.23636E-1 1.22439E-1 1.20067E-1 1.18892E-1 1.23636E-1 1.33478E-1 1.45107E-1 1.58698E-1 1.68821E-1 1.76205E-1 1.82141E-1 1.97192E-1 2.11008E-1 2.234E-1 2.3966E-1 2.4735E-1 2.70743E-1 3.06454E-1 3.5461E-1 3.95724E-1 4.25573E-1 4.52044E-1 4.80965E-1 4.92602E-1 4.78315E-1 4.56321E-1 4.549E-1 5.47806E-1 5.87044E-1 5.97926E-1 5.99864E-1 6.13908E-1 5.70426E-1 4.76891E-1 3.80928E-1 2.64742E-1 1.37378E-1 9.12806E-2
5.7049E-3 4.52252E-2 1.22394E-1 1.23736E-1 1.15198E-1 1.20048E-1 1.32987E-1 1.65959E-1 1.86606E-1 1.63605E-1 1.57086E-1 1.62536E-1 1.86217E-1 1.79326E-1 2.02914E-1 2.33127E-1 2.31356E-1 2.30579E-1 2.43749E-1 2.37237E-1 2.20723E-1 1.96817E-1 1.6689E-1 1.36012E-1 1.20941E-1 1.17417E-1 1.17725E-1 1.17725E-1 1.14268E-1 1.1396E-1 1.1396E-1 1.20941E-1 1.34435E-1 1.47468E-1 1.58403E-1 1.69772E-1 1.78844E-1 1.79149E-1 1.85109E-1 1.85126E-1 1.91082E-1 2.04735E-1 2.18953E-1 2.38446E-1 2.74806E-1 3.15867E-1 3.54105E-1 3.85712E-1 4.22453E-1 4.56701E-1 4.78889E-1 4.73474E-1 4.55268E-1 4.72107E-1 5.62841E-1 5.7727E-1 5.30906E-1 5.42422E-1 6.09915E-1 6.00191E-1 5.14661E-1 4.46629E-1 3.87106E-1 2.77641E-1 2.23787E-1
5.83513E-3 1.73285E-2 9.89692E-2 1.02718E-1 9.88437E-2 1.04203E-1 1.14177E-1 1.38984E-1 1.70119E-1 1.83396E-1 1.66992E-1 1.7826E-1 1.89387E-1 1.88678E-1 2.1563E-1 2.26941E-1 2.33631E-1 2.44446E-1 2.43994E-1 2.4564E-1 2.57306E-1 2.28635E-1 1.74142E-1 1.31915E-1 1.16257E-1 1.12823E-1 1.12001E-1 1.14268E-1 1.10879E-1 1.12823E-1 1.16257E-1 1.22959E-1 1.36613E-1 1.48001E-1 1.64655E-1 1.75254E-1 1.827E-1 1.8033E-1 1.73162E-1 1.63123E-1 1.60458E-1 1.7918E-1 2.03504E-1 2.27295E-1 2.5884E-1 2.92503E-1 3.30396E-1 3.60221E-1 3.96719E-1 4.37668E-1 4.69688E-1 4.8996E-1 5.02748E-1 5.17682E-1 5.64314E-1 5.88925E-1 5.73464E-1 5.76175E-1 6.10731E-1 6.15748E-1 5.31955E-1 4.46342E-1 4.51879E-1 3.49798E-1 2.42341E-1
1.0054E-2 1.43543E-2 1.04175E-1 9.06473E-2 8.77986E-2 9.1729E-2 9.67653E-2 1.12702E-1 1.58021E-1 1.69997E-1 1.67845E-1 1.81728E-1 1.80184E-1 1.89998E-1 2.0059E-1 2.13519E-1 2.24649E-1 2.32253E-1 2.20933E-1 2.31953E-1 2.60742E-1 2.33901E-1 1.65459E-1 1.25744E-1 1.10572E-1 1.09458E-1 1.08351E-1 1.11694E-1 1.11694E-1 1.12461E-1 1.17052E-1 1.24947E-1 1.4136E-1 1.55692E-1 1.71366E-1 1.84775E-1 1.91406E-1 1.87241E-1 1.77087E-1 1.55925E-1 1.53406E-1 1.76205E-1 1.97292E-1 2.25857E-1 2.50694E-1 2.84425E-1 3.17246E-1 3.38986E-1 3.69609E-1 4.10774E-1 4.58447E-1 5.09455E-1 5.43581E-1 5.30959E-1 5.5839E-1 6.01859E-1 6.09123E-1 6.10669E-1 6.20788E-1 6.19462E-1 5.86411E-1 5.40501E-1 4.95624E-1 3.826E-1 2.30674E-1
5.89381E-3 3.20087E-2 1.00069E-1 8.30992E-2 8.12472E-2 8.21782E-2 8.4005E-2 9.86498E-2 1.34402E-1 1.64737E-1 1.82884E-1 1.93318E-1 1.85837E-1 1.89237E-1 1.95603E-1 2.03072E-1 2.03963E-1 1.8803E-1 1.85289E-1 1.92438E-1 2.00754E-1 1.79703E-1 1.46133E-1 1.20941E-1 1.07251E-1 1.03999E-1 1.05075E-1 1.0616E-1 1.09098E-1 1.12461E-1 1.18969E-1 1.29371E-1 1.42169E-1 1.57895E-1 1.75184E-1 1.87226E-1 1.92438E-1 1.92438E-1 1.80764E-1 1.71222E-1 1.74421E-1 1.8803E-1 2.09842E-1 2.32508E-1 2.61028E-1 2.84813E-1 3.0907E-1 3.3281E-1 3.51735E-1 3.91265E-1 4.45022E-1 4.98407E-1 5.33935E-1 5.15531E-1 5.40422E-1 5.94826E-1 6.15924E-1 6.23048E-1 6.26743E-1 6.2226E-1 6.09061E-1 5.71694E-1 5.09889E-1 4.0337E-1 2.76934E-1
3.93501E-2 6.84653E-2 9.44805E-2 7.94431E-2 7.67927E-2 7.59241E-2 7.85692E-2 9.87703E-2 1.2549E-1 1.71505E-1 1.84015E-1 1.88281E-1 1.86475E-1 1.88509E-1 1.81459E-1 1.77123E-1 1.63328E-1 1.51561E-1 1.50198E-1 1.48842E-1 1.43995E-1 1.31544E-1 1.18584E-1 1.07251E-1 1.0293E-1 9.87287E-2 1.00462E-1 1.03644E-1 1.08686E-1 1.1318E-1 1.20855E-1 1.28817E-1 1.40288E-1 1.54455E-1 1.71566E-1 1.81987E-1 1.90297E-1 1.93988E-1 1.96055E-1 1.98039E-1 2.0308E-1 2.14461E-1 2.29219E-1 2.50917E-1 2.6786E-1 2.95498E-1 3.1602E-1 3.35115E-1 3.57534E-1 3.93862E-1 4.29272E-1 4.6544E-1 4.98407E-1 5.17181E-1 5.51545E-1 5.90007E-1 6.15815E-1 6.29372E-1 6.27947E-1 6.29474E-1 6.27309E-1 5.88926E-1 5.07015E-1 4.11592E-1 3.28507E-1
2.1648E-2 8.72157E-2 8.2156E-2 7.94431E-2 8.12472E-2 7.76688E-2 8.03414E-2 9.9921E-2 1.45442E-1 1.84542E-1 2.00245E-1 1.90297E-1 1.78569E-1 1.62908E-1 1.59138E-1 1.48165E-1 1.31112E-1 1.18537E-1 1.16196E-1 1.13323E-1 1.09332E-1 9.83793E-2 9.36469E-2 8.97164E-2 9.36469E-2 9.43035E-2 9.63263E-2 1.01113E-1 1.05395E-1 1.11576E-1 1.20315E-1 1.28817E-1 1.4228E-1 1.54455E-1 1.65014E-1 1.79723E-1 1.9116E-1 1.98076E-1 2.07094E-1 2.18787E-1 2.35286E-1 2.3891E-1 2.54269E-1 2.7142E-1 2.88726E-1 3.12917E-1 3.35115E-1 3.52382E-1 3.71185E-1 4.08575E-1 4.41642E-1 4.5691E-1 4.8242E-1 5.15972E-1 5.59426E-1 5.95552E-1 5.98895E-1 5.85371E-1 6.09606E-1 6.13545E-1 6.30098E-1 5.82598E-1 4.98975E-1 4.24041E-1 3.89406E-1
3.94239E-2 9.80761E-2 8.49637E-2 8.49455E-2 8.40096E-2 8.68399E-2 9.78059E-2 1.33743E-1 2.04874E-1 2.41354E-1 2.25008E-1 1.93272E-1 1.62769E-1 1.43604E-1 1.31954E-1 1.18537E-1 1.10977E-1 1.01128E-1 9.24703E-2 8.90664E-2 8.57176E-2 8.15181E-2 7.86366E-2 8.31244E-2 8.84155E-2 8.99645E-2 9.49188E-2 1.00663E-1 1.06024E-1 1.13323E-1 1.21507E-1 1.31954E-1 1.41578E-1 1.55117E-1 1.66456E-1 1.79723E-1 1.94265E-1 2.09199E-1 2.21161E-1 2.45013E-1 2.63856E-1 2.69377E-1 2.76524E-1 2.92278E-1 3.1317E-1 3.42518E-1 3.66082E-1 3.86356E-1 4.03703E-1 4.38578E-1 4.58374E-1 4.67041E-1 4.75513E-1 5.15972E-1 5.67806E-1 6.04067E-1 5.90292E-1 5.69572E-1 5.97576E-1 6.06875E-1 6.31281E-1 6.25277E-1 5.70486E-1 4.9643E-1 4.56928E-1
5.58634E-2 1.04716E-1 9.05357E-2 8.68399E-2 9.27062E-2 1.03099E-1 1.27446E-1 1.9373E-1 3.1374E-1 3.37172E-1 2.48219E-1 1.78042E-1 1.42371E-1 1.21844E-1 1.08784E-1 9.97886E-2 9.42848E-2 8.60925E-2 7.57877E-2 7.66515E-2 7.45444E-2 7.58264E-2 7.62192E-2 7.97225E-2 8.51977E-2 8.89961E-2 9.54919E-2 1.00663E-1 1.07706E-1 1.13323E-1 1.20908E-1 1.31272E-1 1.42899E-1 1.5651E-1 1.67904E-1 1.82742E-1 1.98966E-1 2.14987E-1 2.22217E-1 2.49092E-1 2.75601E-1 2.9004E-1 2.97494E-1 3.20327E-1 3.46356E-1 3.83004E-1 4.21395E-1 4.40112E-1 4.45022E-1 4.67041E-1 4.87842E-1 4.8633E-1 4.69865E-1 5.13119E-1 5.70311E-1 5.88778E-1 5.79173E-1 5.74904E-1 5.69572E-1 6.22981E-1 6.30584E-1 6.26909E-1 6.24079E-1 5.72882E-1 5.1433E-1
5.42392E-2 1.03175E-1 9.35208E-2 9.07202E-2 9.78059E-2 1.11971E-1 1.40229E-1 2.12933E-1 3.42559E-1 3.40764E-1 2.16197E-1 1.50879E-1 1.18717E-1 1.03572E-1 9.69725E-2 9.0636E-2 8.64499E-2 8.08907E-2 7.61431E-2 7.32398E-2 7.40819E-2 7.45444E-2 7.66889E-2 8.0212E-2 8.47814E-2 8.76123E-2 9.6022E-2 1.00164E-1 1.08245E-1 1.16196E-1 1.26299E-1 1.33804E-1 1.45564E-1 1.57911E-1 1.72287E-1 1.86472E-1 2.06882E-1 2.22411E-1 2.29052E-1 2.48426E-1 2.75601E-1 2.97086E-1 3.16842E-1 3.51828E-1 3.8869E-1 4.34937E-1 4.79623E-1 5.04817E-1 4.9449E-1 5.14757E-1 5.24933E-1 5.24241E-1 5.22619E-1 5.48718E-1 5.74563E-1 5.47452E-1 5.56518E-1 6.03437E-1 6.04692E-1 6.23439E-1 6.33241E-1 6.39589E-1 6.36332E-1 6.19379E-1 5.65071E-1
8.2395E-2 9.59889E-2 1.05803E-1 9.1729E-2 9.9921E-2 1.08608E-1 1.31228E-1 1.65126E-1 2.01672E-1 1.79869E-1 1.311E-1 1.085E-1 9.35208E-2 8.84319E-2 8.32829E-2 8.32829E-2 8.20997E-2 8.08907E-2 7.52829E-2 7.35843E-2 7.40819E-2 7.49312E-2 7.71236E-2 8.06649E-2 8.43243E-2 8.90664E-2 9.54876E-2 1.01728E-1 1.09852E-1 1.19067E-1 1.31272E-1 1.41578E-1 1.49615E-1 1.60732E-1 1.72287E-1 1.90396E-1 2.11723E-1 2.45949E-1 2.61461E-1 2.75073E-1 2.918E-1 3.13216E-1 3.41361E-1 3.83646E-1 4.27092E-1 4.76831E-1 5.14757E-1 5.42193E-1 5.45655E-1 5.50742E-1 5.62062E-1 5.59891E-1 5.74238E-1 5.88524E-1 5.99346E-1 5.8104E-1 5.89294E-1 6.07446E-1 6.21038E-1 6.26384E-1 6.35465E-1 6.33463E-1 6.39589E-1 6.32316E-1 5.77485E-1
5.73521E-2 9.45743E-2 1.06914E-1 9.37307E-2 9.67911E-2 1.02019E-1 1.0858E-1 1.16587E-1 1.18945E-1 1.00953E-1 8.39416E-2 7.83903E-2 7.75086E-2 7.6501E-2 7.80804E-2 7.87525E-2 7.93894E-2 7.90973E-2 7.55991E-2 7.52829E-2 7.44299E-2 7.66515E-2 8.06649E-2 8.43243E-2 8.95213E-2 9.38983E-2 9.90244E-2 1.06523E-1 1.14398E-1 1.26299E-1 1.36366E-1 1.45564E-1 1.60732E-1 1.69358E-1 1.78978E-1 1.88078E-1 1.97394E-1 2.29826E-1 2.72683E-1 2.98478E-1 3.20279E-1 3.41361E-1 3.72245E-1 4.11837E-1 4.51783E-1 4.98524E-1 5.33449E-1 5.61334E-1 5.68245E-1 5.6774E-1 5.73464E-1 5.7762E-1 5.85225E-1 6.01177E-1 6.15924E-1 6.2276E-1 6.28555E-1 6.3088E-1 6.35325E-1 6.32686E-1 6.33993E-1 6.36796E-1 6.39419E-1 6.26027E-1 5.96796E-1
8.27182E-2 9.10158E-2 1.10526E-1 9.26319E-2 9.37057E-2 9.36357E-2 9.36357E-2 9.16357E-2 8.77278E-2 7.84882E-2 7.1632E-2 6.74975E-2 6.671E-2 7.0595E-2 7.20845E-2 7.44072E-2 7.61233E-2 7.50202E-2 7.47428E-2 7.35843E-2 7.78855E-2 8.10806E-2 8.38268E-2 9.04967E-2 9.49083E-2 9.83853E-2 1.04766E-1 1.10296E-1 1.20253E-1 1.32535E-1 1.45564E-1 1.6005E-1 1.74512E-1 1.83501E-1 1.90894E-1 1.95544E-1 1.945E-1 2.13016E-1 2.75601E-1 3.2381E-1 3.46719E-1 3.67421E-1 3.94256E-1 4.3108E-1 4.71912E-1 5.04994E-1 5.35673E-1 5.61334E-1 5.63442E-1 5.60261E-1 5.71112E-1 5.79189E-1 5.8731E-1 5.95741E-1 6.12154E-1 6.26182E-1 6.257E-1 6.25088E-1 6.29747E-1 6.37358E-1 6.40992E-1 6.41466E-1 6.1916E-1 6.2449E-1 6.04364E-1
5.22332E-2 6.99654E-2 1.03239E-1 9.25181E-2 8.96665E-2 8.85839E-2 8.47716E-2 8.10802E-2 7.6501E-2 7.57672E-2 7.23725E-2 6.81723E-2 6.65928E-2 6.81723E-2 7.20845E-2 7.27203E-2 7.27203E-2 7.41683E-2 7.55991E-2 7.52829E-2 7.70106E-2 8.51508E-2 9.09143E-2 9.52984E-2 9.97886E-2 1.06955E-1 1.11425E-1 1.19543E-1 1.28036E-1 1.44228E-1 1.61466E-1 1.77483E-1 1.9271E-1 2.02811E-1 2.08188E-1 2.10295E-1 2.20017E-1 2.4877E-1 3.06158E-1 3.44968E-1 3.6761E-1 3.8819E-1 4.10823E-1 4.38912E-1 4.65115E-1 4.98485E-1 5.23131E-1 5.38513E-1 5.39085E-1 5.47819E-1 5.63195E-1 5.78149E-1 5.85588E-1 5.99379E-1 6.13945E-1 6.23892E-1 5.98966E-1 6.01285E-1 6.33185E-1 6.42458E-1 6.44646E-1 6.39906E-1 6.40354E-1 6.33682E-1 6.03017E-1
7.48299E-2 8.98139E-2 1.00073E-1 9.437E-2 8.9556E-2 8.46255E-2 8.18501E-2 7.89663E-2 7.72018E-2 7.82543E-2 7.98597E-2 7.96437E-2 7.39261E-2 7.3761E-2 7.3761E-2 7.44072E-2 7.69923E-2 7.87525E-2 7.67458E-2 7.90973E-2 8.08907E-2 8.99348E-2 1.00073E-1 1.05142E-1 1.12962E-1 1.19543E-1 1.19543E-1 1.26299E-1 1.40264E-1 1.58641E-1 1.78157E-1 2.05311E-1 2.18252E-1 2.23866E-1 2.31085E-1 2.33235E-1 2.50114E-1 2.76327E-1 3.14982E-1 3.44957E-1 3.71137E-1 3.98492E-1 4.13302E-1 4.36513E-1 4.57221E-1 4.82393E-1 5.09836E-1 5.30041E-1 5.37837E-1 5.54302E-1 5.66697E-1 5.80707E-1 5.89821E-1 6.07038E-1 6.15459E-1 6.13245E-1 5.78878E-1 6.10605E-1 6.33042E-1 6.439E-1 6.39437E-1 6.36903E-1 6.40982E-1 6.40778E-1 6.27997E-1
7.7808E-2 1.05054E-1 9.80077E-2 9.437E-2 9.01824E-2 9.01824E-2 8.51475E-2 8.23619E-2 8.14483E-2 8.23619E-2 8.39439E-2 8.32829E-2 7.98597E-2 7.80804E-2 7.63306E-2 7.89663E-2 8.05423E-2 8.16689E-2 8.14483E-2 8.45668E-2 9.09143E-2 1.04428E-1 1.20908E-1 1.24351E-1 1.28874E-1 1.26012E-1 1.30987E-1 1.37658E-1 1.50332E-1 1.7283E-1 2.01823E-1 2.32754E-1 2.50139E-1 2.57682E-1 2.53077E-1 2.55245E-1 2.72533E-1 2.90318E-1 3.22045E-1 3.43057E-1 3.79761E-1 4.03351E-1 4.23113E-1 4.43368E-1 4.57221E-1 4.7823E-1 5.05735E-1 5.36464E-1 5.506E-1 5.60788E-1 5.75005E-1 5.93985E-1 6.01742E-1 6.15658E-1 6.20325E-1 6.13461E-1 5.94539E-1 6.05848E-1 6.34299E-1 6.43707E-1 6.38165E-1 6.29166E-1 6.39642E-1 6.45009E-1 6.42569E-1
9.1804E-2 1.04644E-1 1.02496E-1 9.74427E-2 9.62007E-2 9.16223E-2 8.96572E-2 8.83631E-2 8.86861E-2 8.89672E-2 9.0636E-2 8.60911E-2 8.32829E-2 8.23619E-2 8.42114E-2 8.42114E-2 8.6323E-2 8.53771E-2 8.70422E-2 9.16223E-2 9.85735E-2 1.15037E-1 1.36901E-1 1.50705E-1 1.52078E-1 1.404E-1 1.395E-1 1.45564E-1 1.54455E-1 1.75184E-1 2.08188E-1 2.53532E-1 2.86525E-1 2.83016E-1 2.76019E-1 2.77766E-1 2.9004E-1 3.11224E-1 3.36159E-1 3.55475E-1 3.8649E-1 4.11653E-1 4.24734E-1 4.44308E-1 4.53285E-1 4.82393E-1 5.14934E-1 5.45655E-1 5.61334E-1 5.66796E-1 5.87117E-1 6.06758E-1 6.17313E-1 6.28092E-1 6.28495E-1 6.32675E-1 6.31637E-1 6.34299E-1 6.4043E-1 6.44592E-1 6.39674E-1 6.27342E-1 6.26395E-1 6.1854E-1 6.00256E-1
9.61467E-2 1.16077E-1 1.04656E-1 1.04656E-1 1.02225E-1 9.56441E-2 9.49083E-2 9.79839E-2 9.83853E-2 9.66687E-2 9.56441E-2 9.29087E-2 9.19118E-2 8.99412E-2 8.89672E-2 8.89672E-2 9.01824E-2 9.3157E-2 9.01824E-2 9.26163E-2 1.02609E-1 1.22649E-1 1.52939E-1 1.93499E-1 1.71462E-1 1.52939E-1 1.49615E-1 1.51699E-1 1.58641E-1 1.74512E-1 2.02811E-1 2.44546E-1 2.77766E-1 2.8681E-1 2.8681E-1 2.88563E-1 3.05917E-1 3.35997E-1 3.58873E-1 3.8832E-1 4.09658E-1 4.26351E-1 4.3596E-1 4.3494E-1 4.50276E-1 4.91635E-1 5.25634E-1 5.46413E-1 5.62108E-1 5.7224E-1 5.96097E-1 6.17173E-1 6.30098E-1 6.36582E-1 6.30314E-1 6.35713E-1 6.42496E-1 6.40275E-1 6.41466E-1 6.46571E-1 6.41181E-1 6.26669E-1 6.14733E-1 6.05969E-1 5.78023E-1
1.02993E-1 1.20719E-1 1.12461E-1 1.09069E-1 1.07671E-1 1.04766E-1 1.03263E-1 1.08734E-1 1.08061E-1 1.02609E-1 1.00482E-1 9.97886E-2 1.01159E-1 9.69725E-2 9.69725E-2 9.5945E-2 9.62007E-2 9.72306E-2 9.72306E-2 1.00101E-1 1.09175E-1 1.25075E-1 1.61466E-1 1.82664E-1 1.70103E-1 1.57238E-1 1.56499E-1 1.64982E-1 1.68647E-1 1.80479E-1 2.06911E-1 2.39469E-1 2.63417E-1 2.86127E-1 2.9004E-1 3.07922E-1 3.32167E-1 3.64117E-1 3.90028E-1 4.13522E-1 4.40242E-1 4.4696E-1 4.4696E-1 4.47393E-1 4.74017E-1 5.17298E-1 5.46767E-1 5.58463E-1 5.67744E-1 5.81697E-1 5.95166E-1 6.19673E-1 6.38594E-1 6.42458E-1 6.39038E-1 6.40275E-1 6.30098E-1 6.30775E-1 6.41374E-1 6.45996E-1 6.40778E-1 6.11163E-1 6.06339E-1 6.0801E-1 5.8509E-1
1.20134E-1 1.26626E-1 1.1852E-1 1.18268E-1 1.14462E-1 1.176E-1 1.16018E-1 1.14858E-1 1.12561E-1 1.12561E-1 1.09564E-1 1.07671E-1 1.07671E-1 1.04381E-1 1.04381E-1 1.02225E-1 1.03572E-1 1.02496E-1 1.03572E-1 1.08784E-1 1.176E-1 1.33057E-1 1.50332E-1 1.59299E-1 1.51699E-1 1.4762E-1 1.64141E-1 1.73707E-1 1.81229E-1 1.86472E-1 2.09353E-1 2.38223E-1 2.71575E-1 2.96217E-1 3.12191E-1 3.38853E-1 3.71314E-1 4.02936E-1 4.25116E-1 4.47309E-1 4.53513E-1 4.67174E-1 4.71185E-1 4.63997E-1 5.03547E-1 5.70149E-1 5.7269E-1 5.57567E-1 5.60777E-1 5.75881E-1 5.95711E-1 6.18539E-1 6.45503E-1 6.42151E-1 6.45388E-1 6.42998E-1 6.29904E-1 6.40453E-1 6.31729E-1 6.30892E-1 6.18864E-1 6.02801E-1 6.03017E-1 5.73609E-1 5.48976E-1
1.32873E-1 1.31079E-1 1.34402E-1 1.26721E-1 1.24267E-1 1.24787E-1 1.2357E-1 1.1836E-1 1.14858E-1 1.15266E-1 1.14462E-1 1.13311E-1 1.12167E-1 1.12167E-1 1.11032E-1 1.11032E-1 1.11323E-1 1.12461E-1 1.15922E-1 1.16787E-1 1.25167E-1 1.36082E-1 1.4798E-1 1.55712E-1 1.53731E-1 1.59318E-1 1.77483E-1 1.86472E-1 1.93272E-1 1.96952E-1 2.12392E-1 2.38273E-1 2.74435E-1 3.08314E-1 3.54717E-1 4.04155E-1 4.31973E-1 4.4812E-1 4.61395E-1 4.67633E-1 4.71941E-1 4.71632E-1 4.71185E-1 4.86054E-1 4.97107E-1 5.90716E-1 5.61113E-1 5.2077E-1 5.53742E-1 5.7947E-1 6.00991E-1 6.31962E-1 6.50176E-1 6.3936E-1 6.37795E-1 6.34845E-1 6.3405E-1 6.27353E-1 5.97382E-1 5.92796E-1 5.79008E-1 5.80838E-1 5.95711E-1 5.76351E-1 5.41673E-1
1.4217E-1 1.43454E-1 1.4217E-1 1.44023E-1 1.3179E-1 1.34491E-1 1.27631E-1 1.22361E-1 1.176E-1 1.16787E-1 1.17091E-1 1.18268E-1 1.20644E-1 1.20644E-1 1.20644E-1 1.19143E-1 1.19143E-1 1.20644E-1 1.24267E-1 1.27631E-1 1.35202E-1 1.45717E-1 1.56239E-1 1.72935E-1 1.8426E-1 1.91715E-1 2.03296E-1 2.09727E-1 2.11839E-1 2.11839E-1 2.21687E-1 2.3624E-1 2.67864E-1 3.16444E-1 3.7657E-1 4.55438E-1 4.86682E-1 4.91622E-1 4.96336E-1 4.9816E-1 4.88164E-1 4.68963E-1 4.98129E-1 5.27254E-1 5.22619E-1 5.26505E-1 4.89184E-1 5.1265E-1 5.70845E-1 5.98765E-1 6.16365E-1 6.44392E-1 6.51351E-1 6.42156E-1 6.30596E-1 6.15073E-1 6.07683E-1 6.08386E-1 5.75419E-1 5.58464E-1 5.87177E-1 5.96403E-1 5.55428E-1 5.58514E-1 5.17101E-1
1.53051E-1 1.49857E-1 1.48549E-1 1.49857E-1 1.45342E-1 1.43112E-1 1.30458E-1 1.27959E-1 1.23052E-1 1.25755E-1 1.25755E-1 1.29476E-1 1.30732E-1 1.31995E-1 1.32987E-1 1.28874E-1 1.31382E-1 1.31382E-1 1.35547E-1 1.40756E-1 1.49781E-1 1.59514E-1 1.7648E-1 1.95772E-1 2.17478E-1 2.33389E-1 2.37208E-1 2.44029E-1 2.37549E-1 2.30785E-1 2.25995E-1 2.34402E-1 2.77803E-1 3.42002E-1 4.12204E-1 4.70047E-1 5.10082E-1 5.30444E-1 5.32359E-1 5.28717E-1 5.14223E-1 5.12077E-1 5.36546E-1 5.70311E-1 5.56516E-1 5.15972E-1 5.17477E-1 5.44597E-1 6.01721E-1 6.2636E-1 6.38513E-1 6.47669E-1 6.51563E-1 6.43194E-1 6.25652E-1 5.80084E-1 5.44546E-1 5.80353E-1 5.76314E-1 5.96132E-1 5.90942E-1 5.55244E-1 5.78929E-1 5.09837E-1 4.52613E-1
1.60313E-1 1.59065E-1 1.57321E-1 1.60298E-1 1.56383E-1 1.51147E-1 1.38137E-1 1.33484E-1 1.28591E-1 1.29842E-1 1.34764E-1 1.41277E-1 1.43934E-1 1.46385E-1 1.43405E-1 1.44377E-1 1.44377E-1 1.47064E-1 1.5115E-1 1.57087E-1 1.6523E-1 1.74007E-1 1.89151E-1 2.1402E-1 2.45821E-1 2.80209E-1 2.88637E-1 2.76198E-1 2.65621E-1 2.43119E-1 2.2615E-1 2.48274E-1 3.08336E-1 3.76137E-1 4.42114E-1 4.9383E-1 5.34952E-1 5.62342E-1 5.65895E-1 5.54818E-1 5.4278E-1 5.43201E-1 5.43719E-1 5.4895E-1 5.41481E-1 5.15029E-1 5.78085E-1 5.92815E-1 6.11925E-1 6.39226E-1 6.4891E-1 6.52056E-1 6.51726E-1 6.46273E-1 6.29337E-1 5.87234E-1 5.3538E-1 5.8709E-1 5.93978E-1 5.66463E-1 5.52207E-1 5.69364E-1 5.51546E-1 4.90741E-1 4.58449E-1
1.60522E-1 1.63328E-1 1.6728E-1 1.6728E-1 1.61498E-1 1.58994E-1 1.49781E-1 1.41277E-1 1.36342E-1 1.3764E-1 1.44203E-1 1.5925E-1 1.64785E-1 1.66231E-1 1.58495E-1 1.55687E-1 1.54845E-1 1.60464E-1 1.6523E-1 1.74007E-1 1.83018E-1 1.907E-1 2.04896E-1 2.22835E-1 2.60298E-1 3.19511E-1 3.4787E-1 3.15589E-1 2.90483E-1 2.60232E-1 2.60379E-1 3.01219E-1 3.79658E-1 4.20977E-1 4.72045E-1 5.20111E-1 5.6197E-1 5.88672E-1 5.9486E-1 5.87206E-1 5.75247E-1 5.5839E-1 5.40663E-1 5.56682E-1 5.64094E-1 5.73014E-1 6.06338E-1 6.20764E-1 6.19391E-1 6.4157E-1 6.44958E-1 6.47793E-1 6.50004E-1 6.48418E-1 6.41701E-1 6.3428E-1 6.14417E-1 5.72525E-1 5.31837E-1 5.03549E-1 4.86196E-1 5.62731E-1 5.01325E-1 4.84215E-1 4.56928E-1
1.6664E-1 1.67387E-1 1.75871E-1 1.71881E-1 1.7296E-1 1.67904E-1 1.56004E-1 1.49614E-1 1.42624E-1 1.45457E-1 1.59369E-1 1.82904E-1 1.96735E-1 1.87172E-1 1.79271E-1 1.66676E-1 1.67644E-1 1.7648E-1 1.84542E-1 1.98529E-1 2.06501E-1 2.12974E-1 2.22835E-1 2.34549E-1 2.53913E-1 3.03884E-1 3.24584E-1 3.22733E-1 3.08185E-1 2.93849E-1 3.08348E-1 3.92863E-1 4.80745E-1 4.59667E-1 5.02366E-1 5.51078E-1 5.84942E-1 6.07184E-1 6.17031E-1 6.18504E-1 6.04416E-1 5.62604E-1 5.54576E-1 5.71106E-1 5.90714E-1 6.11163E-1 6.34599E-1 6.44872E-1 6.48375E-1 6.47408E-1 6.20839E-1 6.2298E-1 6.28284E-1 6.39075E-1 6.41733E-1 6.50577E-1 6.37943E-1 5.83656E-1 5.24582E-1 4.83347E-1 4.61367E-1 5.38382E-1 4.76266E-1 4.62749E-1 4.62653E-1
