KUENM/Final_Models/M_0.1_F_lq_Set_2_NE/sp1_4.asc
ncols         197
nrows         210
xllcorner     56.1666666666667
yllcorner     4.5
cellsize      0.166666666666667
NODATA_value  -9999
[rows 84 to 111 of 210, columns 65 to 129 of 197]
1.99371E-1 2.06943E-1 2.24332E-1 2.22318E-1 2.12885E-1 2.00291E-1 1.91813E-1 1.81922E-1 1.76693E-1 1.8574E-1 2.02507E-1 2.26917E-1 2.44377E-1 2.4265E-1 2.24061E-1 2.02407E-1 2.04038E-1 2.23873E-1 2.46298E-1 2.65491E-1 2.79139E-1 2.811E-1 2.90942E-1 3.02818E-1 3.01009E-1 3.34619E-1 3.57027E-1 3.66128E-1 3.69169E-1 3.71123E-1 4.03657E-1 4.81008E-1 5.25051E-1 5.44899E-1 5.75419E-1 6.20329E-1 6.45322E-1 6.57562E-1 6.62963E-1 6.63436E-1 6.32685E-1 6.09149E-1 6.19982E-1 6.31781E-1 6.45949E-1 6.53937E-1 6.44657E-1 6.17795E-1 6.16813E-1 5.89399E-1 5.38682E-1 5.45997E-1 5.69917E-1 5.67478E-1 5.89045E-1 6.09837E-1 5.99696E-1 5.42612E-1 4.79992E-1 4.04731E-1 3.49397E-1 4.4682E-1 3.69081E-1 3.25806E-1 3.33971E-1
2.07542E-1 2.25924E-1 2.33368E-1 2.30767E-1 2.29238E-1 2.17813E-1 2.02252E-1 1.99005E-1 1.95984E-1 2.019E-1 2.22234E-1 2.39958E-1 2.55539E-1 2.61595E-1 2.4265E-1 2.25901E-1 2.24016E-1 2.46298E-1 2.7718E-1 3.10762E-1 3.22702E-1 3.24694E-1 3.32658E-1 3.34833E-1 3.36609E-1 3.55652E-1 3.78604E-1 3.90509E-1 4.0008E-1 4.11438E-1 4.34592E-1 4.69666E-1 5.17355E-1 5.7305E-1 6.13996E-1 6.49549E-1 6.62085E-1 6.63914E-1 6.63956E-1 6.41698E-1 5.96274E-1 6.26287E-1 6.3743E-1 6.44316E-1 6.46281E-1 6.4358E-1 6.22813E-1 5.91767E-1 5.74657E-1 5.24055E-1 4.88075E-1 5.48056E-1 5.74701E-1 5.288E-1 5.42392E-1 5.47346E-1 5.25415E-1 5.13985E-1 4.84885E-1 4.18531E-1 3.38096E-1 4.24304E-1 3.41595E-1 2.98331E-1 2.95757E-1
2.26448E-1 2.33416E-1 2.41392E-1 2.437E-1 2.37526E-1 2.27557E-1 2.20188E-1 2.11912E-1 2.14973E-1 2.2041E-1 2.35734E-1 2.46E-1 2.57741E-1 2.65465E-1 2.57912E-1 2.484E-1 2.63715E-1 2.811E-1 3.1673E-1 3.52528E-1 3.62415E-1 3.64387E-1 3.68517E-1 3.74391E-1 3.83596E-1 3.96011E-1 4.1235E-1 4.22639E-1 4.39112E-1 4.61319E-1 4.82508E-1 5.09711E-1 5.56946E-1 6.0607E-1 6.47438E-1 6.6595E-1 6.64207E-1 6.61656E-1 6.09418E-1 5.01969E-1 6.01832E-1 6.36076E-1 6.40985E-1 6.34192E-1 6.19558E-1 6.17603E-1 6.01844E-1 5.6597E-1 5.42567E-1 4.5808E-1 3.99796E-1 4.02465E-1 4.82842E-1 5.41902E-1 5.26295E-1 4.88463E-1 4.40243E-1 4.46358E-1 4.44117E-1 3.73912E-1 2.93851E-1 3.23685E-1 3.02231E-1 2.63608E-1 2.44726E-1
2.33816E-1 2.4414E-1 2.4226E-1 2.47912E-1 2.38128E-1 2.37014E-1 2.33102E-1 2.32839E-1 2.36206E-1 2.41841E-1 2.53623E-1 2.55539E-1 2.63528E-1 2.67405E-1 2.71472E-1 2.77397E-1 2.95066E-1 3.1474E-1 3.44592E-1 3.74213E-1 3.9173E-1 3.95785E-1 4.09153E-1 4.16493E-1 4.24977E-1 4.36413E-1 4.49852E-1 4.72389E-1 4.90607E-1 5.1431E-1 5.50075E-1 5.71853E-1 6.26909E-1 6.4833E-1 6.67018E-1 6.37622E-1 6.37814E-1 6.02854E-1 4.94645E-1 5.55894E-1 6.18594E-1 6.33802E-1 6.43788E-1 6.31168E-1 6.06222E-1 5.77165E-1 5.37262E-1 5.1549E-1 5.12869E-1 4.73276E-1 4.07922E-1 3.70881E-1 3.9666E-1 4.81488E-1 5.26337E-1 4.41155E-1 3.89779E-1 3.79109E-1 3.68939E-1 2.96581E-1 2.16394E-1 1.74117E-1 1.93885E-1 2.07537E-1 2.03897E-1
2.13699E-1 2.30854E-1 2.371E-1 2.39542E-1 2.40623E-1 2.52169E-1 2.50246E-1 2.51988E-1 2.55819E-1 2.59666E-1 2.69349E-1 2.63528E-1 2.69525E-1 2.75376E-1 2.89192E-1 3.04977E-1 3.20891E-1 3.42791E-1 3.62607E-1 3.89993E-1 4.11126E-1 4.24273E-1 4.38707E-1 4.53994E-1 4.63054E-1 4.79108E-1 4.98613E-1 5.25933E-1 5.47767E-1 5.75999E-1 6.12743E-1 6.35463E-1 6.5953E-1 6.64363E-1 5.98558E-1 5.64057E-1 5.26867E-1 4.50928E-1 3.53074E-1 4.97081E-1 6.04972E-1 6.38962E-1 6.45152E-1 6.2586E-1 5.91234E-1 5.45671E-1 4.89325E-1 4.50206E-1 4.42763E-1 4.13405E-1 3.81664E-1 3.71421E-1 3.83573E-1 4.6438E-1 4.30747E-1 3.91702E-1 3.59595E-1 3.537E-1 3.19052E-1 2.4939E-1 1.67344E-1 8.91717E-2 1.00118E-1 1.69375E-1 1.92057E-1
-9999 2.27161E-1 2.371E-1 2.45199E-1 2.51749E-1 2.59692E-1 2.63715E-1 2.67643E-1 2.73423E-1 2.77333E-1 2.81254E-1 2.6758E-1 2.77333E-1 2.91099E-1 3.10994E-1 3.26923E-1 3.42791E-1 3.60632E-1 3.86175E-1 4.05426E-1 4.27909E-1 4.40163E-1 4.62763E-1 4.77497E-1 4.95432E-1 5.24479E-1 5.49489E-1 5.77557E-1 5.98343E-1 6.23563E-1 6.45141E-1 6.60931E-1 6.65796E-1 6.64494E-1 7.9998E-2 5.32432E-1 4.13035E-1 3.58735E-1 3.95941E-1 4.30202E-1 5.79658E-1 6.19097E-1 6.17309E-1 5.66017E-1 5.2388E-1 4.74514E-1 4.51967E-1 4.20979E-1 3.67475E-1 3.36904E-1 3.45131E-1 3.89278E-1 3.87445E-1 4.25765E-1 3.43498E-1 2.76709E-1 3.15102E-1 3.2182E-1 2.94268E-1 2.14448E-1 1.42347E-1 7.23471E-2 9.23548E-2 1.66251E-1 2.09271E-1
-9999 2.34567E-1 2.45827E-1 2.5031E-1 2.64833E-1 2.72993E-1 2.811E-1 2.87168E-1 2.95066E-1 3.01062E-1 3.01062E-1 2.99079E-1 3.05031E-1 3.18955E-1 3.30907E-1 3.44836E-1 3.58714E-1 3.70542E-1 3.89977E-1 4.1461E-1 4.36523E-1 4.64498E-1 5.03097E-1 5.17331E-1 5.38232E-1 5.598E-1 5.87728E-1 6.16322E-1 6.31117E-1 6.48801E-1 6.63135E-1 6.69003E-1 6.58347E-1 6.22046E-1 5.27251E-1 2.54292E-1 3.94952E-1 3.0401E-1 3.807E-1 3.8751E-1 6.02706E-1 6.44657E-1 6.24469E-1 5.29324E-1 4.57266E-1 3.94862E-1 3.42668E-1 3.37215E-1 3.41319E-1 3.62576E-1 3.98547E-1 4.26343E-1 4.37159E-1 4.1096E-1 2.98897E-1 2.45199E-1 2.70037E-1 3.29784E-1 2.47086E-1 1.68645E-1 1.50669E-1 1.24292E-1 1.4384E-1 1.95569E-1 2.16394E-1
-9999 2.41271E-1 2.53424E-1 2.61801E-1 2.72096E-1 2.80418E-1 2.92627E-1 3.06788E-1 3.26685E-1 3.40803E-1 3.44779E-1 3.48808E-1 3.52775E-1 3.56736E-1 3.60691E-1 3.66534E-1 3.74391E-1 3.87827E-1 4.01313E-1 4.23618E-1 4.52223E-1 4.86469E-1 5.24445E-1 5.37632E-1 5.64463E-1 5.89705E-1 6.15568E-1 6.35385E-1 6.43534E-1 6.55985E-1 6.67394E-1 6.69733E-1 6.51879E-1 5.50707E-1 3.29535E-1 3.15158E-1 4.02866E-1 2.76771E-1 2.62506E-1 4.29073E-1 6.28658E-1 6.63968E-1 6.40711E-1 5.46009E-1 4.93835E-1 4.00212E-1 3.19816E-1 2.90853E-1 3.21723E-1 3.58551E-1 4.07922E-1 4.28132E-1 4.37159E-1 3.77218E-1 2.92309E-1 2.54676E-1 2.72933E-1 2.69898E-1 2.00552E-1 1.47207E-1 1.69568E-1 2.00102E-1 2.19936E-1 2.35935E-1 2.27096E-1
-9999 -9999 2.62185E-1 2.74633E-1 2.83189E-1 2.97612E-1 3.14012E-1 3.36326E-1 3.62091E-1 3.83975E-1 4.05365E-1 4.12957E-1 4.11065E-1 4.03518E-1 4.03518E-1 4.03441E-1 3.97692E-1 3.99398E-1 4.12723E-1 4.32861E-1 4.64498E-1 5.01007E-1 5.29114E-1 5.58198E-1 5.843E-1 6.103E-1 6.32596E-1 6.52372E-1 6.56853E-1 6.60659E-1 6.69053E-1 6.69937E-1 6.57182E-1 5.9836E-1 4.45629E-1 4.00997E-1 3.94505E-1 2.73534E-1 4.19192E-1 5.87572E-1 6.53852E-1 6.67868E-1 6.58487E-1 6.13399E-1 5.87484E-1 4.57475E-1 2.90853E-1 2.77437E-1 3.17817E-1 3.50962E-1 4.04334E-1 4.54702E-1 4.22712E-1 3.3675E-1 2.96229E-1 2.90508E-1 2.99269E-1 2.82332E-1 1.71828E-1 1.44586E-1 1.83541E-1 2.63203E-1 3.02231E-1 2.64077E-1 2.08813E-1
-9999 -9999 2.75726E-1 2.90283E-1 3.04082E-1 3.22712E-1 3.39287E-1 3.67539E-1 3.99093E-1 4.34744E-1 4.63669E-1 4.72491E-1 4.62133E-1 4.48041E-1 4.35354E-1 4.27909E-1 4.26071E-1 4.08969E-1 4.10832E-1 4.51315E-1 4.85329E-1 5.19483E-1 5.57575E-1 5.79478E-1 6.06464E-1 6.26044E-1 6.44662E-1 6.57818E-1 6.64349E-1 6.66148E-1 6.69702E-1 6.7022E-1 6.69733E-1 6.39497E-1 5.34923E-1 3.99698E-1 3.43665E-1 3.48032E-1 4.28132E-1 5.7305E-1 6.62938E-1 6.68009E-1 6.69279E-1 6.47708E-1 5.72325E-1 4.23415E-1 2.92706E-1 2.79333E-1 3.14108E-1 3.49075E-1 4.00593E-1 4.22778E-1 3.1977E-1 2.77016E-1 2.94981E-1 3.06264E-1 2.92472E-1 2.6217E-1 1.75092E-1 1.39697E-1 1.70414E-1 2.66507E-1 3.06349E-1 2.37666E-1 1.12706E-1
-9999 -9999 -9999 3.05153E-1 3.15958E-1 3.4255E-1 3.70868E-1 3.98008E-1 4.28744E-1 4.78217E-1 5.1503E-1 5.24835E-1 5.09745E-1 4.87586E-1 4.51616E-1 4.13018E-1 3.78381E-1 3.68502E-1 4.03225E-1 4.54501E-1 4.93511E-1 5.36882E-1 5.71955E-1 5.94659E-1 6.18017E-1 6.3471E-1 6.44493E-1 6.52372E-1 6.57439E-1 6.66716E-1 6.68822E-1 6.68538E-1 6.66835E-1 6.45466E-1 5.80707E-1 4.43388E-1 3.64713E-1 4.21748E-1 4.44574E-1 4.88113E-1 6.09898E-1 6.57921E-1 6.46659E-1 5.8527E-1 4.33943E-1 3.83666E-1 2.67025E-1 2.67923E-1 3.33515E-1 3.77839E-1 3.72196E-1 3.70153E-1 3.17534E-1 3.02404E-1 3.07747E-1 2.83642E-1 2.49885E-1 1.97042E-1 1.52056E-1 1.13982E-1 1.14201E-1 2.05587E-1 2.6011E-1 1.64995E-1 5.66218E-2
-9999 -9999 -9999 -9999 -9999 -9999 -9999 4.23656E-1 4.62195E-1 5.04373E-1 5.32145E-1 5.49973E-1 5.49197E-1 5.32112E-1 4.77583E-1 3.84231E-1 2.93075E-1 3.32827E-1 4.10832E-1 4.73955E-1 5.30863E-1 5.73033E-1 6.01397E-1 6.17424E-1 6.28309E-1 6.39176E-1 6.48746E-1 6.54305E-1 6.59613E-1 6.66803E-1 6.68568E-1 6.62459E-1 6.51149E-1 6.32547E-1 5.99038E-1 5.27406E-1 4.48782E-1 4.48782E-1 4.6603E-1 5.15883E-1 6.00961E-1 6.31115E-1 6.10514E-1 4.70094E-1 2.28598E-1 2.38153E-1 2.07347E-1 2.21758E-1 3.27706E-1 3.47076E-1 3.27706E-1 3.27583E-1 3.06291E-1 3.1977E-1 2.80497E-1 2.18376E-1 1.81015E-1 1.58522E-1 1.21225E-1 7.24175E-2 7.01794E-2 1.29693E-1 1.96664E-1 8.99852E-2 2.27895E-2
-9999 -9999 -9999 -9999 -9999 -9999 -9999 -9999 4.84248E-1 5.12091E-1 5.39717E-1 5.59915E-1 5.76808E-1 5.73273E-1 5.32067E-1 4.49217E-1 3.91927E-1 4.12957E-1 4.60368E-1 5.19084E-1 5.71853E-1 6.05735E-1 6.17982E-1 6.25888E-1 6.36053E-1 6.45049E-1 6.53446E-1 6.59236E-1 6.64717E-1 6.68402E-1 6.65855E-1 6.47697E-1 6.19095E-1 6.03695E-1 6.03909E-1 5.80691E-1 5.19929E-1 5.03078E-1 5.06159E-1 5.0772E-1 5.33124E-1 5.74887E-1 5.86376E-1 4.54329E-1 2.45685E-1 2.22692E-1 1.77683E-1 1.8517E-1 2.39513E-1 2.6771E-1 2.92706E-1 3.06291E-1 2.96668E-1 2.96668E-1 2.26684E-1 1.3897E-1 1.13604E-1 1.14867E-1 8.92141E-2 3.90041E-2 2.46211E-2 4.08887E-2 6.30711E-2 3.44226E-2 1.32996E-2
-9999 -9999 -9999 -9999 -9999 -9999 -9999 -9999 -9999 5.22587E-1 5.42464E-1 5.62414E-1 5.83558E-1 5.85496E-1 5.63481E-1 5.33554E-1 5.26972E-1 5.21889E-1 5.26313E-1 5.58237E-1 5.84349E-1 6.06038E-1 6.20779E-1 6.32641E-1 6.44662E-1 6.50708E-1 6.58896E-1 6.633E-1 6.65051E-1 6.68641E-1 6.58759E-1 6.30072E-1 5.77318E-1 5.53104E-1 5.90072E-1 5.71092E-1 5.02775E-1 4.75134E-1 4.99905E-1 4.88272E-1 4.25023E-1 3.87191E-1 4.57308E-1 3.90551E-1 1.77931E-1 1.74413E-1 2.16512E-1 2.1198E-1 2.10186E-1 2.36194E-1 3.00537E-1 3.10228E-1 3.00485E-1 2.60363E-1 1.67605E-1 8.40832E-2 7.70705E-2 8.7058E-2 6.53957E-2 1.96383E-2 3.85441E-3 9.13925E-3 1.63007E-2 1.44402E-2 8.2504E-3
-9999 -9999 -9999 -9999 -9999 -9999 -9999 -9999 -9999 5.31289E-1 5.46527E-1 5.63652E-1 5.7912E-1 5.84314E-1 5.79961E-1 5.69713E-1 5.63863E-1 5.51836E-1 5.4877E-1 5.66973E-1 5.91111E-1 6.13409E-1 6.34419E-1 6.46378E-1 6.54322E-1 6.58407E-1 6.62983E-1 6.64254E-1 6.58915E-1 6.67843E-1 6.50252E-1 6.16802E-1 5.86328E-1 5.36268E-1 5.40455E-1 5.16327E-1 4.52316E-1 4.12114E-1 4.26879E-1 3.92785E-1 3.10056E-1 2.88277E-1 3.28488E-1 3.01239E-1 2.21505E-1 2.37699E-1 2.49855E-1 2.50622E-1 2.51819E-1 2.67923E-1 3.33353E-1 3.23685E-1 2.50969E-1 1.67782E-1 8.58216E-2 4.40782E-2 5.21556E-2 7.59394E-2 7.13402E-2 2.84034E-2 6.31678E-3 4.72443E-3 6.7312E-3 6.38165E-3 2.95573E-3
-9999 -9999 -9999 -9999 -9999 -9999 -9999 -9999 -9999 -9999 -9999 5.64562E-1 5.73003E-1 5.80161E-1 5.79934E-1 5.76504E-1 5.71396E-1 5.6271E-1 5.63055E-1 5.78976E-1 6.01397E-1 6.25151E-1 6.50361E-1 6.60988E-1 6.64617E-1 6.64617E-1 6.65378E-1 6.6429E-1 6.61829E-1 6.68675E-1 6.38903E-1 5.6594E-1 5.7317E-1 5.55861E-1 4.75728E-1 4.35222E-1 4.6251E-1 4.30217E-1 3.96286E-1 3.37729E-1 2.68737E-1 2.82372E-1 3.3772E-1 4.04056E-1 4.14263E-1 4.02153E-1 3.22481E-1 2.63904E-1 2.65805E-1 2.7924E-1 3.40748E-1 3.19192E-1 2.11011E-1 1.24559E-1 5.98959E-2 3.82814E-2 4.28649E-2 5.65071E-2 6.17098E-2 3.99506E-2 1.90067E-2 1.00687E-2 6.38165E-3 2.71126E-3 1.48399E-3
-9999 -9999 -9999 -9999 -9999 -9999 -9999 -9999 -9999 -9999 -9999 -9999 -9999 5.78798E-1 5.7956E-1 5.80695E-1 5.83561E-1 -9999 -9999 6.07958E-1 6.14585E-1 6.30686E-1 6.60205E-1 6.68205E-1 6.68866E-1 6.67942E-1 6.6589E-1 6.60492E-1 6.65292E-1 6.67988E-1 6.35023E-1 5.36227E-1 5.64708E-1 5.2411E-1 3.77752E-1 3.15072E-1 4.44291E-1 4.56751E-1 3.78848E-1 2.80396E-1 1.77721E-1 1.8597E-1 3.09151E-1 4.37385E-1 4.70701E-1 4.72393E-1 3.58712E-1 2.83175E-1 2.60315E-1 2.56415E-1 2.88529E-1 2.76308E-1 1.81958E-1 1.14362E-1 7.35172E-2 4.59414E-2 4.74317E-2 6.86835E-2 9.07768E-2 7.07803E-2 4.20655E-2 2.87546E-2 1.55595E-2 6.64788E-3 3.77581E-3
-9999 -9999 -9999 -9999 -9999 -9999 -9999 -9999 -9999 -9999 -9999 -9999 -9999 5.81355E-1 5.83558E-1 -9999 -9999 6.36068E-1 6.39888E-1 6.43005E-1 6.46336E-1 6.40289E-1 6.6771E-1 6.69881E-1 6.70102E-1 6.70003E-1 6.67337E-1 6.6312E-1 6.67347E-1 6.68022E-1 6.49252E-1 6.20962E-1 6.02228E-1 5.21158E-1 3.66617E-1 3.05146E-1 4.07752E-1 4.03454E-1 3.0955E-1 1.79239E-1 8.76544E-2 9.49892E-2 1.97042E-1 3.19084E-1 4.05767E-1 4.33387E-1 3.91225E-1 3.21751E-1 2.75219E-1 2.46902E-1 2.21317E-1 1.96831E-1 1.44778E-1 1.1184E-1 1.34914E-1 1.31945E-1 1.12944E-1 1.24869E-1 9.70221E-2 6.72421E-2 3.89616E-2 2.23433E-2 1.11793E-2 6.58904E-3 3.29026E-3
-9999 -9999 -9999 -9999 -9999 -9999 -9999 -9999 -9999 -9999 -9999 5.68535E-1 5.69713E-1 5.76808E-1 6.17966E-1 6.30835E-1 6.48985E-1 6.53424E-1 6.54625E-1 6.56032E-1 6.56913E-1 6.65337E-1 6.6687E-1 6.57584E-1 6.60544E-1 6.67516E-1 6.69274E-1 6.67394E-1 6.68164E-1 6.68144E-1 6.60469E-1 6.51224E-1 6.24961E-1 5.59699E-1 4.40035E-1 3.82263E-1 3.53277E-1 3.11537E-1 1.87422E-1 7.1959E-2 3.5872E-2 4.63616E-2 1.13251E-1 2.64816E-1 3.93622E-1 4.61476E-1 4.89315E-1 4.75144E-1 4.46358E-1 3.75675E-1 2.4911E-1 1.85603E-1 1.33819E-1 2.68426E-1 3.36434E-1 3.05622E-1 2.28003E-1 1.3815E-1 8.54494E-2 4.43635E-2 2.37815E-2 1.06209E-2 5.20341E-3 3.48727E-3 4.50203E-3
-9999 -9999 -9999 -9999 -9999 -9999 -9999 -9999 -9999 -9999 -9999 5.78853E-1 5.80694E-1 5.88542E-1 6.06949E-1 6.4416E-1 6.60613E-1 6.63998E-1 6.62644E-1 6.61791E-1 6.62315E-1 6.68561E-1 6.48359E-1 6.40338E-1 6.52405E-1 6.61983E-1 6.69291E-1 6.70077E-1 6.70228E-1 6.69066E-1 6.67892E-1 6.65677E-1 6.41943E-1 5.90301E-1 4.87582E-1 3.42312E-1 1.48697E-1 1.42772E-1 9.92815E-2 4.00852E-2 2.901E-2 3.3789E-2 8.98544E-2 2.4191E-1 4.0161E-1 4.9879E-1 5.53705E-1 5.58959E-1 5.38783E-1 5.51125E-1 4.98037E-1 4.45396E-1 4.34553E-1 4.45459E-1 4.15965E-1 3.63775E-1 2.7047E-1 1.63038E-1 6.74542E-2 1.5994E-2 6.1881E-3 3.32031E-3 3.13106E-3 4.47404E-3 7.67818E-3
-9999 -9999 -9999 -9999 -9999 -9999 -9999 -9999 -9999 -9999 -9999 -9999 5.96163E-1 6.04617E-1 6.20463E-1 6.53987E-1 6.58579E-1 6.50167E-1 6.49203E-1 6.57928E-1 6.63976E-1 6.64011E-1 6.52507E-1 6.48277E-1 6.58375E-1 6.62574E-1 6.67953E-1 6.69991E-1 6.70041E-1 6.69649E-1 6.6925E-1 6.67892E-1 6.55366E-1 5.94468E-1 5.00444E-1 3.67231E-1 1.46474E-1 8.90171E-2 6.77283E-2 4.7866E-2 5.0038E-2 5.54165E-2 1.21878E-1 2.52515E-1 4.48987E-1 5.41012E-1 5.97949E-1 6.15321E-1 6.06222E-1 5.97734E-1 5.47022E-1 4.99825E-1 4.68294E-1 4.1966E-1 3.85325E-1 3.43967E-1 2.35792E-1 1.41856E-1 4.50864E-2 4.13469E-3 7.03027E-4 7.31322E-4 2.00323E-3 5.15813E-3 1.61307E-2
-9999 -9999 -9999 -9999 -9999 -9999 -9999 -9999 -9999 -9999 -9999 -9999 -9999 6.29774E-1 6.48894E-1 6.62535E-1 6.49186E-1 6.3992E-1 6.42072E-1 6.52293E-1 6.59196E-1 6.61983E-1 6.59012E-1 6.60561E-1 6.65871E-1 6.66243E-1 6.68581E-1 6.69844E-1 6.69491E-1 6.69148E-1 6.69232E-1 6.6747E-1 -9999 6.0716E-1 4.9792E-1 4.03904E-1 1.96958E-1 8.45304E-2 4.97084E-2 4.7866E-2 5.3804E-2 6.63797E-2 1.64457E-1 3.40852E-1 3.76304E-1 4.43955E-1 6.10001E-1 6.21844E-1 6.28656E-1 6.1053E-1 5.72325E-1 5.4136E-1 4.95092E-1 3.85069E-1 3.01239E-1 2.56281E-1 1.85757E-1 9.76156E-2 2.00729E-2 1.48697E-3 2.40582E-4 4.32281E-4 3.41013E-3 2.09347E-2 3.09974E-2
-9999 -9999 -9999 -9999 -9999 -9999 -9999 -9999 -9999 -9999 -9999 -9999 -9999 -9999 6.62008E-1 6.55942E-1 6.14632E-1 6.17808E-1 6.1858E-1 6.30096E-1 6.35243E-1 6.45767E-1 6.56692E-1 6.63078E-1 6.64608E-1 6.65772E-1 6.6845E-1 6.69693E-1 6.7012E-1 6.69931E-1 6.67769E-1 6.61513E-1 -9999 6.08083E-1 5.13851E-1 3.91304E-1 2.01395E-1 4.92055E-2 1.01893E-2 7.82322E-3 1.37377E-2 3.61459E-2 1.05597E-1 3.16771E-1 4.92274E-1 5.67728E-1 5.84348E-1 5.84348E-1 5.86232E-1 5.63329E-1 5.27548E-1 5.56573E-1 4.90733E-1 4.03994E-1 2.94124E-1 2.42483E-1 1.90866E-1 7.65815E-2 1.04992E-2 8.05281E-4 5.6507E-4 9.77513E-4 5.0291E-3 4.32182E-2 9.23548E-2
-9999 -9999 -9999 -9999 -9999 -9999 -9999 -9999 -9999 -9999 -9999 -9999 -9999 -9999 -9999 6.47383E-1 6.22302E-1 6.06557E-1 5.98152E-1 5.68017E-1 5.1142E-1 5.54001E-1 6.32754E-1 6.59014E-1 6.65104E-1 6.65446E-1 6.66129E-1 6.66963E-1 6.65485E-1 6.59489E-1 6.43791E-1 6.44872E-1 6.34808E-1 5.73567E-1 4.5788E-1 3.18011E-1 9.60079E-2 1.19974E-2 1.80023E-3 1.50047E-3 6.80073E-3 5.54374E-2 2.53089E-1 5.00824E-1 6.05734E-1 6.39995E-1 6.3643E-1 5.91767E-1 5.56809E-1 5.01535E-1 4.21953E-1 4.49508E-1 3.56807E-1 2.94643E-1 2.40578E-1 2.35616E-1 1.83773E-1 8.54494E-2 2.16946E-2 4.13469E-3 8.99025E-4 6.35399E-5 6.51526E-5 3.26809E-3 7.17639E-2
-9999 -9999 -9999 -9999 -9999 -9999 -9999 -9999 -9999 -9999 -9999 -9999 -9999 -9999 -9999 -9999 6.08341E-1 5.89127E-1 5.59531E-1 5.03793E-1 4.15091E-1 4.97318E-1 6.20101E-1 6.54808E-1 6.61132E-1 6.64517E-1 6.65954E-1 6.64461E-1 6.53781E-1 6.4828E-1 6.31842E-1 6.25877E-1 -9999 4.50798E-1 3.60108E-1 1.30694E-1 1.07999E-2 4.68862E-4 8.0246E-5 1.58329E-4 3.36532E-3 5.37001E-2 3.27453E-1 5.95685E-1 6.49287E-1 6.59805E-1 6.51799E-1 6.15004E-1 5.82431E-1 5.40493E-1 4.86383E-1 3.49199E-1 2.29799E-1 3.14075E-1 2.87769E-1 3.37445E-1 3.08136E-1 2.12354E-1 8.76544E-2 1.33514E-2 1.00207E-3 1.50461E-5 1.18684E-4 2.12641E-2 2.01433E-1
-9999 -9999 -9999 -9999 -9999 -9999 -9999 -9999 -9999 -9999 -9999 -9999 -9999 -9999 -9999 -9999 -9999 5.62953E-1 5.31694E-1 4.84862E-1 4.85959E-1 5.42402E-1 6.00659E-1 6.25131E-1 6.46623E-1 6.55839E-1 6.60859E-1 6.51326E-1 6.37513E-1 6.20466E-1 5.96945E-1 -9999 -9999 1.96009E-1 7.74283E-2 4.20348E-3 2.0407E-4 7.48849E-6 1.43211E-6 1.27739E-5 8.02924E-4 2.86978E-2 3.80987E-1 6.31466E-1 6.67049E-1 6.69448E-1 6.6005E-1 6.14217E-1 5.90072E-1 5.43715E-1 5.1548E-1 4.92559E-1 4.9334E-1 4.99635E-1 5.15177E-1 4.96032E-1 4.21531E-1 1.81873E-1 8.97451E-2 2.5198E-2 9.31712E-3 3.91851E-2 3.09593E-1 4.41783E-1 4.46989E-1
-9999 -9999 -9999 -9999 -9999 -9999 -9999 -9999 -9999 -9999 -9999 -9999 -9999 -9999 -9999 -9999 -9999 -9999 5.27475E-1 5.40977E-1 5.73888E-1 5.94037E-1 6.02261E-1 6.35801E-1 6.47883E-1 6.57764E-1 6.66183E-1 6.60544E-1 6.38206E-1 6.02753E-1 5.7012E-1 -9999 -9999 4.31833E-2 3.83988E-3 8.0031E-5 5.58423E-6 2.69741E-7 1.11836E-8 1.34588E-7 7.59327E-5 3.61239E-2 4.95948E-1 6.45023E-1 6.63436E-1 6.69735E-1 6.64772E-1 6.41947E-1 6.23188E-1 5.75517E-1 5.34856E-1 5.33437E-1 5.6594E-1 5.72625E-1 6.0188E-1 5.5245E-1 4.61435E-1 4.91784E-1 5.27103E-1 5.22321E-1 5.2856E-1 5.54414E-1 5.50461E-1 5.20833E-1 4.91544E-1
-9999 -9999 -9999 -9999 -9999 -9999 -9999 -9999 -9999 -9999 -9999 -9999 -9999 -9999 -9999 -9999 -9999 -9999 -9999 5.68902E-1 6.29936E-1 6.22813E-1 6.03554E-1 6.35516E-1 6.59442E-1 6.65772E-1 6.66558E-1 6.59045E-1 -9999 -9999 -9999 -9999 -9999 -9999 1.45068E-4 3.05259E-7 1.46482E-9 2.08193E-10 1.00395E-11 3.19275E-10 4.86368E-6 6.07973E-2 5.65332E-1 6.51807E-1 6.57187E-1 6.6819E-1 6.64716E-1 6.41877E-1 6.11215E-1 5.72292E-1 5.16327E-1 4.78291E-1 5.05552E-1 5.38179E-1 5.86328E-1 6.0716E-1 6.01463E-1 6.11698E-1 6.27237E-1 6.0716E-1 5.95491E-1 5.96505E-1 5.57148E-1 5.15163E-1 4.48385E-1
