KUENM/Final_Models/M_0.1_F_lq_Set_2_NE/sp1_1.asc
ncols         197
nrows         210
xllcorner     56.1666666666667
yllcorner     4.5
cellsize      0.166666666666667
NODATA_value  -9999
[rows 56 to 83 of 210, columns 0 to 64 of 197]
-9999 -9999 -9999 -9999 -9999 -9999 -9999 -9999 -9999 -9999 -9999 1.55202E-2 1.57549E-2 1.52547E-2 1.44922E-2 1.47356E-2 1.44922E-2 1.46518E-2 1.30866E-2 1.14344E-2 1.00647E-2 9.08949E-3 4.36003E-3 1.83313E-3 3.37886E-3 4.10439E-3 2.74147E-3 6.29563E-3 1.02249E-2 1.10465E-2 1.08577E-2 1.08577E-2 1.04092E-2 1.00546E-2 9.46749E-3 9.2264E-3 9.37721E-3 9.61404E-3 9.2264E-3 9.14561E-3 9.14561E-3 9.72057E-3 8.84329E-3 7.69167E-3 7.72039E-3 8.11873E-3 9.12061E-3 9.9035E-3 1.02282E-2 1.26062E-2 1.42879E-2 1.64113E-2 1.87972E-2 2.12074E-2 2.49822E-2 2.77155E-2 3.23716E-2 3.6608E-2 3.97133E-2 4.00856E-2 2.10267E-2 1.82533E-2 1.46674E-2 6.74585E-3 3.44771E-3
-9999 -9999 -9999 -9999 -9999 -9999 -9999 -9999 -9999 -9999 9.42606E-3 1.45166E-2 1.57549E-2 1.4929E-2 1.47207E-2 1.44452E-2 1.51559E-2 1.4232E-2 1.3706E-2 1.29928E-2 1.21234E-2 9.77115E-3 6.25816E-3 4.11905E-3 3.65591E-3 4.5555E-3 2.59544E-3 3.93718E-3 9.24292E-3 1.14449E-2 1.15956E-2 1.14704E-2 1.12737E-2 1.108E-2 1.0577E-2 1.08209E-2 1.08736E-2 1.07315E-2 1.06331E-2 1.02707E-2 9.54267E-3 8.88299E-3 7.67356E-3 6.97306E-3 7.07032E-3 6.66983E-3 7.12575E-3 8.04834E-3 9.9005E-3 1.22057E-2 1.42879E-2 1.59012E-2 1.92645E-2 2.20597E-2 2.44499E-2 2.90305E-2 3.19009E-2 3.6005E-2 3.75929E-2 3.29903E-2 1.61558E-2 1.78396E-2 1.41421E-2 9.09457E-3 4.87386E-3
-9999 -9999 -9999 -9999 -9999 -9999 -9999 -9999 -9999 1.40123E-3 5.86878E-3 1.36085E-2 1.50009E-2 1.49572E-2 1.51559E-2 1.51141E-2 1.48941E-2 1.46711E-2 1.42111E-2 1.35044E-2 1.27924E-2 1.02759E-2 3.71688E-3 3.6011E-3 2.76336E-3 3.43358E-3 4.13076E-3 2.96071E-3 5.31905E-3 9.10492E-3 1.15398E-2 1.21512E-2 1.20706E-2 1.19177E-2 1.11148E-2 1.13564E-2 1.15567E-2 1.10655E-2 1.0577E-2 9.30363E-3 8.48975E-3 7.89168E-3 6.7445E-3 5.10301E-3 5.61314E-3 5.41404E-3 6.1143E-3 7.25934E-3 9.16243E-3 1.14334E-2 1.28125E-2 1.573E-2 1.91864E-2 2.23209E-2 2.47213E-2 2.8431E-2 3.21069E-2 3.61515E-2 3.64055E-2 3.36813E-2 2.08404E-2 1.77756E-2 6.77133E-3 6.59532E-3 2.99262E-3
-9999 -9999 -9999 -9999 -9999 -9999 -9999 -9999 1.73042E-3 1.5841E-3 4.68475E-3 9.57091E-3 1.18409E-2 1.41575E-2 1.44903E-2 1.44819E-2 1.47207E-2 1.44452E-2 1.44819E-2 1.3945E-2 1.38806E-2 1.27582E-2 4.66523E-3 1.85723E-3 2.20579E-3 2.56112E-3 2.39387E-3 2.90604E-3 4.27253E-3 3.324E-3 6.83658E-3 1.13456E-2 1.22187E-2 1.2281E-2 1.15383E-2 1.11449E-2 1.05164E-2 1.05164E-2 9.14561E-3 8.57994E-3 7.86098E-3 7.08642E-3 5.60127E-3 4.17801E-3 4.24693E-3 4.33995E-3 5.12881E-3 5.61445E-3 5.91658E-3 6.59929E-3 9.29993E-3 1.50169E-2 1.96897E-2 2.20389E-2 2.53797E-2 2.86905E-2 3.13819E-2 3.40419E-2 3.53554E-2 3.72316E-2 2.43162E-2 1.29247E-2 4.86635E-3 3.37637E-3 1.48823E-3
-9999 -9999 -9999 -9999 -9999 -9999 -9999 4.4453E-4 1.28937E-3 2.34034E-3 3.6182E-3 4.32173E-3 6.94334E-3 1.14449E-2 1.29928E-2 1.34707E-2 1.39841E-2 1.44819E-2 1.49572E-2 1.49932E-2 1.4996E-2 1.51202E-2 8.31523E-3 2.86789E-3 3.14051E-3 2.78124E-3 1.46988E-3 2.73876E-3 4.34516E-3 4.33253E-3 3.324E-3 6.01566E-3 1.13456E-2 1.15956E-2 1.05052E-2 9.8904E-3 9.55332E-3 9.55332E-3 7.72649E-3 7.39232E-3 7.52079E-3 6.85572E-3 5.69616E-3 3.60309E-3 3.58429E-3 3.32681E-3 3.65859E-3 3.89658E-3 4.55361E-3 7.58553E-3 1.20108E-2 1.75477E-2 1.95599E-2 2.18812E-2 2.49829E-2 2.76013E-2 3.01802E-2 3.25487E-2 3.43254E-2 2.86414E-2 1.3523E-2 5.75013E-3 4.98843E-3 1.83685E-3 1.80347E-3
-9999 -9999 -9999 -9999 -9999 -9999 1.73307E-4 5.2066E-4 3.91926E-4 1.17967E-3 4.29058E-3 6.29886E-3 6.14134E-3 1.02355E-2 1.15401E-2 1.29928E-2 1.3945E-2 1.47451E-2 1.49786E-2 1.55202E-2 1.52427E-2 1.50726E-2 1.26059E-2 6.04486E-3 4.76173E-3 4.27963E-3 2.34451E-3 2.49099E-3 2.23979E-3 4.211E-3 6.94334E-3 4.07435E-3 8.53365E-3 1.03664E-2 9.79967E-3 8.89289E-3 8.84329E-3 7.78364E-3 5.75141E-3 4.50984E-3 6.74384E-3 7.72649E-3 6.97743E-3 5.64383E-3 6.32194E-3 5.19765E-3 5.58186E-3 5.91324E-3 7.86816E-3 1.07245E-2 1.41759E-2 1.6994E-2 1.9251E-2 2.18812E-2 2.36677E-2 2.67649E-2 2.88291E-2 3.04483E-2 3.00122E-2 1.6277E-2 1.00002E-2 3.56062E-3 2.27852E-3 1.39255E-3 1.32679E-3
-9999 -9999 -9999 -9999 -9999 -9999 6.08781E-4 3.44991E-4 1.81862E-4 1.60077E-3 1.97822E-3 5.79445E-3 8.04834E-3 9.89649E-3 1.17375E-2 1.29332E-2 1.37377E-2 1.47278E-2 1.55202E-2 1.57958E-2 1.56857E-2 1.68827E-2 1.37749E-2 3.81482E-3 5.75761E-3 5.29111E-3 3.94376E-3 2.47302E-3 1.64893E-3 3.46857E-3 9.41982E-3 9.42606E-3 9.71686E-3 1.00647E-2 9.96759E-3 9.47126E-3 9.15254E-3 7.94014E-3 7.32172E-3 4.63095E-3 6.51865E-3 9.8904E-3 9.35525E-3 8.82624E-3 8.62132E-3 7.98434E-3 8.52681E-3 9.26683E-3 9.9005E-3 1.16402E-2 1.39486E-2 1.65504E-2 1.90747E-2 2.10359E-2 2.3103E-2 2.53739E-2 2.52422E-2 2.54174E-2 2.25022E-2 1.40524E-2 3.41695E-3 3.01567E-3 1.41101E-3 4.68823E-4 1.24331E-3
-9999 -9999 -9999 -9999 -9999 5.36777E-3 5.14856E-3 5.35495E-3 4.49459E-3 6.961E-3 1.17969E-3 1.5233E-3 6.49781E-3 1.02759E-2 1.29934E-2 1.29332E-2 1.45166E-2 1.57511E-2 1.60696E-2 1.62959E-2 1.6339E-2 1.71092E-2 1.65444E-2 8.14478E-3 5.70527E-3 6.29886E-3 4.20224E-3 2.09549E-3 1.87445E-3 4.08092E-3 7.57342E-3 1.10693E-2 1.28838E-2 1.20288E-2 1.21234E-2 1.18727E-2 1.19438E-2 1.108E-2 1.05164E-2 1.00927E-2 1.10655E-2 1.13109E-2 1.15383E-2 1.07747E-2 1.05805E-2 1.0311E-2 1.11276E-2 1.10187E-2 1.15769E-2 1.29046E-2 1.45271E-2 1.64553E-2 1.77319E-2 1.67422E-2 1.80846E-2 2.01139E-2 2.49866E-2 2.58686E-2 1.64416E-2 6.7573E-3 2.80638E-3 2.29659E-3 7.72803E-4 2.73754E-4 2.65606E-3
-9999 -9999 -9999 -9999 1.55345E-3 3.96167E-3 5.36777E-3 6.33476E-3 1.47704E-2 1.58542E-2 4.36881E-3 4.47909E-4 1.71881E-3 7.70539E-3 1.15029E-2 1.3775E-2 1.52747E-2 1.68569E-2 1.66262E-2 1.74624E-2 1.73555E-2 1.78913E-2 1.71191E-2 1.06813E-2 5.47387E-3 6.70212E-3 4.54436E-3 2.1913E-3 1.05039E-3 2.24748E-3 4.27852E-3 7.2353E-3 1.19875E-2 1.37478E-2 1.32362E-2 1.36033E-2 1.36437E-2 1.31804E-2 1.25824E-2 1.23815E-2 1.26021E-2 1.25948E-2 1.32126E-2 1.27712E-2 1.25755E-2 1.27582E-2 1.26691E-2 1.26791E-2 1.20866E-2 1.23853E-2 1.3018E-2 1.21821E-2 9.73748E-3 1.12682E-2 1.6454E-2 2.38549E-2 2.67882E-2 2.69457E-2 1.25908E-2 4.24677E-3 3.36888E-3 2.4937E-3 6.70639E-4 1.77257E-3 2.22529E-3
-9999 -9999 -9999 -9999 1.20185E-3 3.23031E-3 5.67193E-3 7.17144E-3 1.62365E-2 2.04897E-2 1.51173E-2 5.72804E-3 6.01576E-4 3.93572E-3 9.27724E-3 1.33903E-2 1.58446E-2 1.76931E-2 1.77587E-2 1.82941E-2 1.82467E-2 1.83567E-2 1.80441E-2 1.44513E-2 6.45271E-3 8.25159E-3 6.53845E-3 4.6141E-3 2.14162E-3 5.14381E-4 2.96332E-3 6.60776E-3 1.16255E-2 1.54959E-2 1.49573E-2 1.48185E-2 1.52427E-2 1.44875E-2 1.44668E-2 1.39705E-2 1.41669E-2 1.44452E-2 1.44922E-2 1.44761E-2 1.41212E-2 1.44586E-2 1.3775E-2 1.08891E-2 8.75674E-3 8.98922E-3 1.16167E-2 1.34459E-2 1.47867E-2 2.01902E-2 2.48199E-2 2.5612E-2 2.76858E-2 2.43528E-2 9.8824E-3 5.0449E-3 5.32875E-3 1.43267E-3 7.2008E-4 5.63171E-3 5.92043E-3
-9999 -9999 -9999 1.02472E-2 7.55802E-3 5.63171E-3 1.03273E-2 1.70906E-2 2.01068E-2 2.25012E-2 2.00577E-2 1.69051E-2 9.22762E-3 3.81267E-3 6.66185E-3 1.24211E-2 1.63849E-2 1.8089E-2 1.78892E-2 1.8089E-2 1.87925E-2 1.8944E-2 1.6994E-2 1.74418E-2 1.18465E-2 9.89472E-3 9.44338E-3 7.84065E-3 5.64393E-3 5.55835E-3 6.67534E-3 8.93398E-3 5.3082E-3 1.18162E-2 1.61113E-2 1.6542E-2 1.69113E-2 1.60498E-2 1.55061E-2 1.56917E-2 1.59233E-2 1.59657E-2 1.57549E-2 1.55202E-2 1.57881E-2 1.56857E-2 1.47015E-2 1.28056E-2 1.42997E-2 1.57184E-2 1.70594E-2 1.87672E-2 2.15069E-2 2.26763E-2 2.41684E-2 2.65617E-2 2.84593E-2 2.06112E-2 7.14434E-3 7.38911E-3 6.32257E-3 2.69083E-3 1.10016E-2 1.29963E-2 1.29458E-2
-9999 -9999 -9999 1.46672E-2 6.24636E-3 1.40939E-2 2.19857E-2 2.55594E-2 2.53184E-2 2.52558E-2 2.30418E-2 2.08088E-2 1.84071E-2 1.52247E-2 1.45422E-2 1.33837E-2 1.56512E-2 1.61889E-2 1.61118E-2 1.68432E-2 1.92707E-2 1.82142E-2 1.43171E-2 1.67043E-2 1.71616E-2 1.07639E-2 9.27503E-3 1.00484E-2 9.44338E-3 8.72405E-3 9.59339E-3 1.09548E-2 4.30769E-3 6.7798E-3 1.16484E-2 1.48478E-2 1.67341E-2 1.7782E-2 1.73562E-2 1.73051E-2 1.70101E-2 1.70609E-2 1.68485E-2 1.6623E-2 1.69113E-2 1.71894E-2 1.77299E-2 1.76483E-2 1.81275E-2 1.86618E-2 1.92851E-2 2.16093E-2 2.19601E-2 2.37878E-2 2.48199E-2 2.65275E-2 2.49822E-2 1.75707E-2 9.22976E-3 9.75446E-3 6.42024E-3 8.40102E-3 1.28937E-2 9.80859E-3 1.91858E-2
-9999 -9999 -9999 1.4991E-2 1.36068E-2 2.66526E-2 3.11676E-2 2.62604E-2 2.35233E-2 2.62777E-2 2.68046E-2 2.50631E-2 2.33181E-2 2.25012E-2 2.17025E-2 2.00543E-2 1.44608E-2 1.50015E-2 1.57392E-2 1.24302E-2 1.79374E-2 1.79866E-2 9.06467E-3 7.48292E-3 1.75371E-2 8.54294E-3 9.46667E-3 1.11767E-2 1.23536E-2 1.1671E-2 1.13169E-2 1.17943E-2 7.25725E-3 3.02011E-3 8.80979E-3 1.06508E-2 1.54218E-2 1.86738E-2 1.83755E-2 1.85299E-2 1.82169E-2 1.76559E-2 1.80393E-2 1.83945E-2 1.84014E-2 1.83871E-2 1.83334E-2 1.86012E-2 1.94344E-2 1.96842E-2 2.06723E-2 2.19601E-2 2.34123E-2 2.35434E-2 2.43822E-2 2.48604E-2 1.67035E-2 1.40165E-2 8.14348E-3 1.05869E-2 1.03866E-2 1.46128E-2 2.0041E-2 2.88828E-2 2.92329E-2
-9999 -9999 2.195E-2 3.15224E-2 3.30077E-2 3.61197E-2 3.56068E-2 3.20631E-2 3.01802E-2 3.01085E-2 2.90773E-2 2.8165E-2 2.77197E-2 2.64275E-2 2.55892E-2 2.51443E-2 2.36111E-2 2.25793E-2 2.27418E-2 2.29373E-2 2.06523E-2 2.00777E-2 1.58493E-2 1.5499E-2 2.30231E-2 1.4242E-2 1.16701E-2 1.40279E-2 1.33357E-2 1.33357E-2 1.09239E-2 1.10136E-2 1.13489E-2 8.14633E-3 7.90354E-3 5.9976E-3 1.12567E-2 1.64553E-2 1.99572E-2 2.02996E-2 2.06064E-2 1.95946E-2 2.06064E-2 2.00062E-2 1.96831E-2 1.93063E-2 1.89546E-2 1.98746E-2 2.1161E-2 2.075E-2 2.20555E-2 2.30418E-2 2.36706E-2 2.40029E-2 2.29062E-2 1.65387E-2 1.06412E-2 1.40524E-2 1.00714E-2 1.05869E-2 1.15565E-2 1.56818E-2 2.30735E-2 1.31911E-2 4.06527E-2
-9999 -9999 4.21012E-2 3.94515E-2 4.07371E-2 4.31403E-2 4.04955E-2 3.63849E-2 3.12462E-2 3.11676E-2 3.24296E-2 3.14146E-2 3.03993E-2 2.89299E-2 2.84028E-2 2.83221E-2 2.75037E-2 2.75716E-2 2.77013E-2 2.71917E-2 2.51874E-2 2.59499E-2 2.65779E-2 2.87055E-2 3.01085E-2 2.48604E-2 2.13047E-2 1.98113E-2 1.83621E-2 1.51263E-2 9.7175E-3 1.37467E-2 1.27901E-2 1.33357E-2 1.24794E-2 5.24745E-3 1.06835E-2 1.43271E-2 1.95651E-2 2.12737E-2 2.10002E-2 2.1388E-2 2.13819E-2 2.06914E-2 2.00039E-2 2.0657E-2 2.05875E-2 2.12221E-2 2.15082E-2 2.17862E-2 2.3144E-2 2.26764E-2 2.20389E-2 2.09396E-2 1.49539E-2 8.92978E-3 1.00386E-2 1.29664E-2 1.29642E-2 1.84449E-2 2.31478E-2 1.99158E-2 3.01498E-2 4.41692E-2 4.41577E-2
-9999 -9999 5.43464E-2 5.18697E-2 5.08475E-2 4.72533E-2 4.29075E-2 4.11964E-2 3.87703E-2 3.48426E-2 3.55951E-2 3.44555E-2 3.28303E-2 3.27616E-2 3.11678E-2 3.05817E-2 3.04726E-2 2.99899E-2 2.99899E-2 3.15679E-2 3.18162E-2 3.18708E-2 3.34647E-2 3.50522E-2 3.50303E-2 3.33924E-2 3.11099E-2 2.77552E-2 2.45368E-2 1.94923E-2 1.30632E-2 1.12738E-2 1.80234E-2 1.75139E-2 1.44589E-2 1.40279E-2 1.09929E-2 1.54731E-2 1.94007E-2 2.18307E-2 2.18553E-2 2.19601E-2 2.10906E-2 2.18603E-2 2.1571E-2 2.18603E-2 2.17862E-2 2.13543E-2 2.13952E-2 1.93802E-2 1.84485E-2 1.87972E-2 1.4242E-2 1.03061E-2 9.76206E-3 8.51486E-3 1.1265E-2 1.599E-2 1.7333E-2 1.63963E-2 2.45999E-2 1.58579E-2 2.31061E-2 3.99497E-2 3.02219E-2
-9999 6.58589E-2 6.33186E-2 5.97432E-2 5.72762E-2 5.53542E-2 5.20451E-2 4.52809E-2 4.51932E-2 3.89381E-2 4.01926E-2 3.66465E-2 3.54843E-2 3.43335E-2 3.42497E-2 3.26783E-2 3.24689E-2 3.24689E-2 3.33798E-2 3.32377E-2 3.43E-2 3.53905E-2 3.65096E-2 3.89886E-2 3.85298E-2 3.94963E-2 3.47893E-2 3.76722E-2 3.41087E-2 2.03092E-2 1.57573E-2 1.15237E-2 1.90903E-2 2.13554E-2 1.98141E-2 1.62136E-2 1.86436E-2 1.47487E-2 1.43083E-2 1.96916E-2 2.03332E-2 2.00182E-2 2.01239E-2 2.08692E-2 2.20336E-2 2.08595E-2 1.97323E-2 1.91934E-2 1.80932E-2 1.69903E-2 1.27901E-2 9.98053E-3 1.04321E-2 1.21333E-2 9.4813E-3 1.17401E-2 1.04548E-2 1.66138E-2 1.56912E-2 1.88478E-2 2.266E-2 1.92174E-2 1.38578E-2 3.63726E-2 4.54116E-2
-9999 6.97619E-2 6.63691E-2 6.39736E-2 6.04316E-2 6.00002E-2 5.62713E-2 5.2147E-2 4.63062E-2 4.20404E-2 3.8861E-2 3.92043E-2 3.84141E-2 3.77334E-2 3.65264E-2 3.53318E-2 3.4688E-2 3.45736E-2 3.44443E-2 3.55368E-2 3.65096E-2 3.74913E-2 3.86668E-2 4.04869E-2 4.34788E-2 4.34788E-2 4.58687E-2 4.58687E-2 4.20372E-2 3.18419E-2 2.07033E-2 2.01096E-2 1.50306E-2 2.02536E-2 2.33444E-2 2.36722E-2 2.10424E-2 2.29358E-2 1.91378E-2 1.59001E-2 1.33964E-2 1.29027E-2 1.67073E-2 2.15027E-2 1.93895E-2 1.75255E-2 1.77781E-2 1.62238E-2 1.35399E-2 1.14289E-2 1.25232E-2 1.38001E-2 1.30632E-2 1.16923E-2 1.4815E-2 1.41725E-2 1.07731E-2 1.70905E-2 2.27827E-2 2.75697E-2 2.09692E-2 2.03994E-2 1.80259E-2 3.0169E-2 4.63471E-2
-9999 7.63004E-2 7.15383E-2 6.67343E-2 6.48838E-2 5.97432E-2 6.04085E-2 5.64441E-2 4.90703E-2 3.19699E-2 3.43798E-2 3.77724E-2 3.79835E-2 3.87306E-2 3.9569E-2 3.78364E-2 3.77334E-2 3.75812E-2 3.63419E-2 3.73631E-2 3.85298E-2 3.97264E-2 4.10735E-2 4.23322E-2 4.35003E-2 4.58687E-2 4.84821E-2 4.61746E-2 3.99379E-2 2.66526E-2 2.23467E-2 1.99779E-2 2.28308E-2 2.36205E-2 2.40391E-2 2.55146E-2 2.62254E-2 2.6125E-2 2.56672E-2 2.63595E-2 2.60535E-2 2.54817E-2 2.57263E-2 2.4785E-2 2.32441E-2 2.01846E-2 1.72652E-2 1.53745E-2 1.53247E-2 1.5499E-2 1.42997E-2 1.27515E-2 1.43075E-2 1.8886E-2 1.9818E-2 1.65334E-2 2.23467E-2 1.3328E-2 3.12162E-2 2.33049E-2 2.266E-2 2.74699E-2 2.78877E-2 3.46586E-2 4.36665E-2
-9999 8.05154E-2 -9999 -9999 6.61399E-2 6.39736E-2 6.02471E-2 5.91733E-2 5.18697E-2 2.6308E-2 2.17002E-2 2.92346E-2 2.86232E-2 3.50771E-2 3.633E-2 3.76495E-2 3.80544E-2 3.89428E-2 3.89791E-2 3.85042E-2 3.99001E-2 3.9569E-2 4.12765E-2 4.12765E-2 4.3144E-2 4.23383E-2 3.91089E-2 3.5488E-2 2.98942E-2 2.23392E-2 2.31079E-2 2.15865E-2 2.04167E-2 2.15865E-2 2.36637E-2 2.53228E-2 2.45336E-2 2.53228E-2 2.54796E-2 2.36205E-2 2.33182E-2 2.54174E-2 2.5968E-2 2.60205E-2 2.57263E-2 2.41113E-2 2.17235E-2 1.92176E-2 1.60362E-2 1.54987E-2 1.45349E-2 1.67845E-2 1.78982E-2 1.80594E-2 2.09095E-2 2.6183E-2 1.69752E-2 3.16619E-2 2.75697E-2 3.05841E-2 2.34123E-2 3.25454E-2 3.63947E-2 3.88884E-2 4.50618E-2
-9999 8.10603E-2 -9999 -9999 -9999 6.78503E-2 6.68118E-2 6.17117E-2 5.05076E-2 2.21235E-2 3.05686E-2 2.98309E-2 2.61732E-2 2.99825E-2 2.97252E-2 3.25686E-2 3.72369E-2 3.82065E-2 3.80249E-2 3.37056E-2 3.67075E-2 3.85975E-2 3.85775E-2 3.73939E-2 3.70574E-2 3.16619E-2 2.45758E-2 2.22055E-2 2.37695E-2 2.94388E-2 3.29698E-2 3.25686E-2 3.21014E-2 3.20726E-2 3.39538E-2 3.90213E-2 3.30077E-2 2.67123E-2 2.68802E-2 2.99087E-2 2.98942E-2 2.78308E-2 2.7769E-2 2.71572E-2 2.80538E-2 2.61473E-2 2.38065E-2 2.20065E-2 1.90903E-2 1.6932E-2 1.58712E-2 1.71939E-2 2.03139E-2 2.23467E-2 2.05558E-2 3.069E-2 3.33874E-2 4.10952E-2 2.48275E-2 3.69266E-2 3.03926E-2 4.94341E-2 3.38347E-2 4.43687E-2 5.57911E-2
-9999 -9999 -9999 -9999 -9999 7.17143E-2 6.77406E-2 6.3653E-2 5.59195E-2 2.9124E-2 3.93887E-2 3.72409E-2 4.00541E-2 3.88305E-2 3.74164E-2 3.73133E-2 3.67105E-2 3.6608E-2 3.21014E-2 3.16528E-2 3.72369E-2 3.48405E-2 2.84419E-2 2.83535E-2 2.31568E-2 2.2349E-2 3.07491E-2 3.75375E-2 3.25551E-2 2.88435E-2 3.67105E-2 3.20726E-2 3.1583E-2 3.7899E-2 4.14102E-2 4.37018E-2 5.13988E-2 4.90703E-2 4.70006E-2 4.17649E-2 3.7397E-2 3.41922E-2 3.21704E-2 3.13564E-2 2.9463E-2 2.82937E-2 2.57975E-2 2.19857E-2 2.0187E-2 2.11641E-2 2.11641E-2 2.1399E-2 2.46689E-2 2.94339E-2 3.58783E-2 4.0012E-2 4.26791E-2 4.92932E-2 4.93971E-2 5.01408E-2 5.94161E-2 7.26553E-2 5.50147E-2 5.21492E-2 6.6022E-2
-9999 1.07802E-1 1.00896E-1 -9999 -9999 7.0557E-2 6.83706E-2 6.62211E-2 5.38175E-2 4.26576E-2 4.76806E-2 4.61944E-2 3.78294E-2 4.24388E-2 4.37737E-2 4.16908E-2 4.26807E-2 4.20626E-2 4.1093E-2 4.09338E-2 4.15334E-2 4.0274E-2 3.84828E-2 3.99431E-2 3.70087E-2 3.67105E-2 3.6608E-2 4.20299E-2 3.84737E-2 3.95751E-2 4.74864E-2 4.58002E-2 4.91092E-2 5.31188E-2 5.29592E-2 5.6124E-2 6.18244E-2 4.93971E-2 4.66114E-2 4.99883E-2 4.79257E-2 4.65884E-2 4.37694E-2 3.93408E-2 3.71967E-2 3.40851E-2 3.25868E-2 3.06654E-2 2.97735E-2 2.70069E-2 2.27566E-2 2.20246E-2 3.22796E-2 3.85428E-2 4.214E-2 4.57008E-2 5.17622E-2 5.85857E-2 6.11047E-2 5.70082E-2 7.96664E-2 8.73316E-2 6.46766E-2 5.52616E-2 8.39919E-2
1.13947E-1 1.10081E-1 1.03037E-1 -9999 -9999 7.0557E-2 6.83706E-2 6.56812E-2 5.46035E-2 5.56263E-2 5.22365E-2 4.97671E-2 4.66114E-2 4.70258E-2 4.60431E-2 4.39389E-2 4.32626E-2 4.45981E-2 4.38729E-2 4.32972E-2 4.39437E-2 4.32972E-2 4.26807E-2 4.26807E-2 4.33061E-2 4.19241E-2 4.35813E-2 4.55225E-2 4.65884E-2 4.94521E-2 5.11821E-2 5.53869E-2 5.77497E-2 6.27839E-2 6.71319E-2 6.99215E-2 6.97141E-2 6.44815E-2 5.88392E-2 5.80358E-2 5.68959E-2 5.4591E-2 5.00333E-2 4.65896E-2 4.2203E-2 3.76495E-2 3.55907E-2 3.35643E-2 3.05497E-2 2.78308E-2 3.20441E-2 3.58798E-2 3.69476E-2 3.8817E-2 4.70258E-2 4.97493E-2 5.61051E-2 6.44278E-2 6.66567E-2 7.38405E-2 9.35801E-2 1.03435E-1 9.14906E-2 6.70928E-2 8.54952E-2
9.40714E-2 1.03397E-1 -9999 -9999 -9999 -9999 6.60469E-2 6.31939E-2 5.93911E-2 5.5225E-2 5.36686E-2 4.97671E-2 4.80542E-2 4.76681E-2 4.79189E-2 4.56409E-2 4.59305E-2 4.37249E-2 4.37249E-2 4.32704E-2 4.37249E-2 4.38085E-2 4.38729E-2 4.3918E-2 4.39501E-2 4.52476E-2 4.66093E-2 4.48534E-2 4.75319E-2 4.98657E-2 5.05812E-2 5.53826E-2 5.85267E-2 6.43425E-2 7.37926E-2 7.58021E-2 7.05862E-2 6.73373E-2 6.42181E-2 6.10883E-2 6.19857E-2 6.05275E-2 5.36686E-2 5.01204E-2 4.33747E-2 3.68588E-2 3.66838E-2 3.66838E-2 3.58798E-2 3.74307E-2 3.71967E-2 3.6939E-2 3.83187E-2 4.37694E-2 4.93204E-2 5.38236E-2 5.36968E-2 6.47055E-2 7.37233E-2 8.02595E-2 9.87863E-2 1.07434E-1 1.11184E-1 9.40167E-2 1.01146E-1
6.30124E-2 8.70925E-2 -9999 -9999 -9999 -9999 6.11116E-2 5.88272E-2 5.68828E-2 5.5225E-2 5.35673E-2 4.97205E-2 4.97025E-2 4.84821E-2 4.672E-2 4.56166E-2 4.51894E-2 4.45183E-2 4.35003E-2 4.1739E-2 4.30226E-2 4.32246E-2 4.38085E-2 4.25841E-2 4.3918E-2 4.52604E-2 4.69868E-2 4.62976E-2 4.70674E-2 4.82746E-2 4.99307E-2 5.22192E-2 5.64155E-2 6.02075E-2 6.54761E-2 7.05862E-2 6.86792E-2 6.4946E-2 6.09649E-2 5.76111E-2 6.18409E-2 6.10883E-2 5.64441E-2 4.80653E-2 4.42137E-2 3.91605E-2 3.80249E-2 3.2083E-2 3.40855E-2 3.83187E-2 3.8041E-2 4.15334E-2 4.57008E-2 4.93204E-2 5.30698E-2 5.58197E-2 6.09535E-2 7.07829E-2 7.74118E-2 8.07796E-2 1.00809E-1 1.08761E-1 1.16925E-1 1.15709E-1 1.03433E-1
-9999 8.81184E-2 -9999 -9999 -9999 -9999 5.85469E-2 5.81062E-2 5.47405E-2 5.29866E-2 5.26774E-2 4.82746E-2 4.85141E-2 4.75316E-2 4.5705E-2 4.5705E-2 4.54845E-2 4.36859E-2 4.27778E-2 4.23768E-2 4.23322E-2 4.18014E-2 4.19985E-2 4.32704E-2 4.31597E-2 4.38085E-2 4.3918E-2 4.56166E-2 4.59468E-2 4.54444E-2 4.77991E-2 4.89657E-2 5.17182E-2 5.54712E-2 5.74847E-2 5.85469E-2 5.76818E-2 5.6854E-2 5.67297E-2 5.55792E-2 5.76818E-2 5.3266E-2 5.04344E-2 4.70674E-2 4.42789E-2 4.20287E-2 4.05274E-2 3.8861E-2 4.14517E-2 4.20626E-2 4.15334E-2 4.52267E-2 4.78534E-2 5.23266E-2 5.43415E-2 5.72538E-2 6.18244E-2 6.79815E-2 7.4834E-2 8.73316E-2 9.39288E-2 1.04811E-1 1.19076E-1 1.14365E-1 1.11815E-1
-9999 6.51275E-2 -9999 -9999 -9999 -9999 -9999 -9999 -9999 5.14606E-2 -9999 4.82444E-2 4.86737E-2 4.585E-2 4.55498E-2 4.585E-2 4.47654E-2 4.27778E-2 4.27778E-2 4.197E-2 4.22111E-2 4.24347E-2 4.12832E-2 4.20718E-2 4.09533E-2 4.28518E-2 4.31597E-2 4.36221E-2 4.38553E-2 4.36763E-2 4.50237E-2 4.5705E-2 4.75645E-2 4.80469E-2 5.16359E-2 5.08822E-2 5.34873E-2 5.23605E-2 5.23985E-2 5.3266E-2 5.08822E-2 4.87639E-2 4.66384E-2 4.34788E-2 4.23322E-2 4.01791E-2 4.01261E-2 4.20287E-2 4.25841E-2 4.51932E-2 4.33061E-2 4.53844E-2 4.93204E-2 5.15723E-2 5.35974E-2 5.86557E-2 6.44278E-2 7.08705E-2 7.46811E-2 8.20753E-2 8.77273E-2 9.35801E-2 9.23878E-2 9.84191E-2 1.0771E-1
