KUENM/Final_Models/M_0.1_F_lq_Set_2_NE/sp1_median.asc
ncols         197
nrows         210
xllcorner     56.1666666666667
yllcorner     4.5
cellsize      0.166666666666667
NODATA_value  -9999
[rows 56 to 83 of 210, columns 130 to 194 of 197]
1.13974E-4 4.41349E-8 2.7533E-7 2.08378E-9 8.92003E-8 4.67692E-8 3.10473E-7 1.16141E-8 1.1509E-7 4.60904E-7 3.27876E-7 6.7927E-8 1.07484E-7 7.04721E-8 1.97762E-7 7.11198E-8 4.28447E-7 3.22554E-7 5.97115E-7 2.14972E-10 8.71588E-10 5.65636E-9 1.11941E-7 8.04931E-8 3.28172E-9 2.04078E-9 1.99783E-11 7.30639E-11 7.29904E-11 5.54178E-10 2.70692E-9 5.9103E-9 9.42881E-9 4.35405E-9 6.7588E-10 1.05836E-9 1.40349E-9 6.54544E-11 2.98304E-12 9.67302E-13 7.34536E-12 2.72932E-13 1.21998E-13 1.85146E-13 -9999 -9999 -9999 -9999 -9999 -9999 -9999 -9999 -9999 -9999 -9999 -9999 -9999 -9999 -9999 -9999 -9999 -9999 -9999 -9999 -9999
1.99443E-2 5.74306E-3 2.54376E-5 2.05118E-10 1.13329E-9 3.21764E-7 2.027E-8 2.74908E-8 1.21395E-6 7.94077E-7 6.09531E-7 2.31684E-7 5.99021E-9 3.17947E-10 2.57493E-10 2.23928E-7 1.99831E-7 1.01255E-6 1.51025E-6 1.35671E-10 1.52319E-8 3.03663E-10 1.23406E-8 6.65305E-7 3.21003E-5 5.03536E-8 7.57369E-9 6.01049E-10 1.36895E-10 1.98048E-11 2.16401E-10 2.67241E-9 4.36839E-9 8.89059E-9 5.96307E-9 1.12991E-9 5.193E-10 8.12801E-10 8.14166E-11 2.36436E-12 2.69743E-13 2.15844E-12 1.54212E-13 1.62684E-13 3.0641E-12 8.1943E-14 -9999 -9999 -9999 -9999 -9999 -9999 -9999 -9999 -9999 -9999 -9999 -9999 -9999 -9999 -9999 -9999 -9999 -9999 -9999
8.50056E-2 8.50838E-2 3.65396E-3 3.01291E-6 3.63042E-8 4.50734E-8 1.92447E-8 5.76326E-9 4.79749E-7 5.81532E-7 3.86961E-7 3.10473E-7 7.21811E-9 1.4713E-10 8.53161E-11 2.11652E-11 2.81882E-8 7.18014E-7 2.57902E-6 8.93607E-8 4.55368E-6 6.91362E-7 6.40136E-8 1.66345E-4 1.41162E-3 2.60773E-4 4.98453E-8 2.47816E-9 5.16833E-9 6.27405E-12 6.06619E-12 1.54953E-10 2.588E-9 5.38456E-9 3.65926E-9 3.19114E-9 8.6502E-10 2.03912E-9 2.93993E-10 2.53947E-10 6.83144E-13 4.42643E-12 1.44393E-11 4.90029E-12 1.66928E-12 3.99704E-13 2.5873E-13 3.56299E-12 -9999 -9999 -9999 -9999 -9999 -9999 -9999 -9999 -9999 -9999 -9999 -9999 -9999 -9999 -9999 -9999 -9999
1.69537E-1 1.20917E-1 2.97348E-2 1.9025E-3 1.70223E-5 2.52242E-6 4.37884E-7 5.4411E-8 4.27358E-9 1.48275E-9 2.18824E-7 4.80792E-7 5.20603E-8 5.61952E-9 4.16297E-7 1.34808E-8 9.78393E-8 8.66272E-7 5.66997E-6 2.7803E-5 1.62385E-4 9.68119E-5 1.79101E-5 5.73704E-3 2.79256E-3 7.21239E-4 4.5299E-5 2.38293E-6 5.89863E-8 7.75383E-9 6.70274E-9 2.96296E-10 2.49619E-11 5.58607E-10 9.17252E-10 4.27379E-10 4.23679E-10 6.08683E-9 3.56655E-9 1.37921E-9 3.16799E-10 1.3114E-10 1.86601E-10 5.72064E-11 3.22918E-11 5.04934E-12 1.05164E-11 2.26166E-11 3.59705E-12 2.49534E-12 -9999 -9999 -9999 -9999 -9999 -9999 -9999 -9999 -9999 -9999 -9999 -9999 -9999 -9999 -9999
1.59025E-1 1.65151E-1 8.01371E-2 3.19375E-2 5.75327E-3 7.12754E-4 2.07698E-5 4.36318E-7 1.67679E-10 9.81504E-12 1.41802E-11 7.50824E-9 9.86049E-8 3.51641E-7 4.85304E-8 2.44705E-6 4.84656E-6 1.71973E-6 2.12423E-6 3.69913E-5 1.33547E-4 5.22597E-4 8.72156E-5 3.85272E-3 3.03414E-4 5.43841E-5 4.89576E-6 2.73326E-8 3.1131E-10 6.05531E-10 9.64988E-9 2.21216E-8 1.77377E-9 1.22239E-11 7.80635E-11 4.99844E-12 1.29788E-10 1.9643E-9 1.54858E-10 1.08816E-9 9.44471E-10 1.90829E-10 1.20013E-9 6.06735E-10 3.10914E-10 1.28117E-11 4.14883E-11 5.31285E-11 8.27866E-11 7.68746E-11 1.02376E-10 3.22989E-11 -9999 -9999 -9999 -9999 -9999 -9999 -9999 -9999 -9999 -9999 -9999 -9999 -9999
1.35914E-1 1.57791E-1 1.23687E-1 7.44149E-2 3.74457E-2 1.20421E-2 2.0773E-3 7.61703E-5 1.55352E-7 1.65891E-11 1.2145E-11 1.7755E-9 2.4082E-8 8.8421E-8 8.23118E-8 4.15256E-6 8.77395E-6 6.77953E-6 7.767E-6 2.88694E-5 1.33427E-4 2.12589E-4 5.90995E-4 5.92587E-4 4.44152E-4 2.51914E-4 1.23432E-4 5.27298E-6 5.25829E-9 2.40143E-9 5.77701E-9 2.37732E-9 8.57305E-10 2.09102E-11 2.50979E-12 5.71766E-13 2.28051E-9 2.30377E-9 3.47225E-11 2.03833E-9 3.43387E-9 1.86951E-9 1.4772E-9 5.67714E-10 4.62651E-10 2.51729E-9 3.97911E-10 1.34943E-9 1.11935E-9 8.58615E-11 1.00955E-10 1.66456E-11 1.84494E-9 -9999 -9999 -9999 -9999 -9999 -9999 -9999 -9999 -9999 -9999 -9999 -9999
1.60882E-1 1.76693E-1 1.57791E-1 1.23695E-1 8.91888E-2 6.12841E-2 2.3426E-2 2.8696E-3 1.2651E-4 3.14251E-6 7.61189E-8 5.84753E-9 3.29099E-9 3.20377E-8 6.08592E-8 7.67553E-8 1.27054E-6 3.44313E-6 1.07386E-5 4.59183E-6 1.58958E-5 1.79198E-4 1.11916E-3 7.4318E-4 2.58478E-5 6.35667E-6 1.5898E-6 5.1715E-6 3.16452E-5 9.67084E-7 6.51721E-7 1.57839E-9 6.39149E-10 6.05529E-10 4.45251E-12 1.21038E-12 7.43091E-7 1.84204E-9 1.97038E-11 1.33525E-10 6.37426E-11 5.63087E-11 3.19286E-11 2.58397E-10 2.736E-10 4.74064E-10 1.77584E-10 3.10914E-10 4.22325E-10 2.2552E-11 2.09858E-11 1.71139E-11 3.5843E-11 8.95736E-11 3.18615E-10 -9999 -9999 -9999 -9999 -9999 -9999 -9999 -9999 -9999 -9999
2.42786E-1 2.44624E-1 2.35335E-1 1.98214E-1 1.75054E-1 1.62429E-1 8.38854E-2 2.42472E-2 6.82175E-3 3.85422E-3 7.53607E-4 4.79663E-5 6.52243E-6 1.81817E-5 7.23506E-5 1.69581E-6 8.5903E-8 7.58599E-8 5.99302E-8 3.73478E-7 1.77593E-6 1.36588E-5 2.24241E-5 4.85554E-4 4.42585E-4 1.83246E-4 5.7816E-4 6.53899E-5 5.15665E-5 3.00149E-6 1.7264E-5 1.99714E-7 6.92028E-9 7.15685E-10 2.05451E-11 7.21441E-8 1.06385E-7 1.07861E-11 1.09881E-12 4.16129E-13 7.56205E-12 2.43071E-11 5.11675E-12 1.05504E-11 6.98299E-10 1.82183E-10 1.48868E-9 1.50523E-11 8.54446E-12 5.66794E-12 6.79961E-10 2.32619E-9 7.62782E-12 3.2119E-11 4.14852E-11 1.12362E-11 -9999 -9999 -9999 -9999 -9999 -9999 -9999 -9999 -9999
3.28673E-1 3.18601E-1 3.32793E-1 3.21305E-1 3.21305E-1 2.72869E-1 1.67051E-1 7.66394E-2 3.77686E-2 2.3251E-2 1.32029E-2 2.83289E-3 2.13308E-4 8.83073E-5 1.36433E-5 3.75257E-7 9.15762E-8 3.19034E-8 5.43289E-9 1.00002E-8 1.33227E-7 2.4864E-6 2.72249E-6 2.04246E-5 1.52274E-4 1.90563E-5 5.21918E-6 3.26732E-5 4.27482E-5 1.43602E-5 2.72041E-6 7.45138E-10 3.18715E-12 3.23796E-13 4.80126E-9 3.47639E-7 8.74561E-10 5.75934E-11 5.97258E-10 1.28333E-12 3.57654E-11 1.94898E-9 7.5241E-10 2.28581E-11 4.41593E-9 4.50969E-11 2.31322E-9 1.69181E-9 1.03828E-9 1.71031E-10 6.95448E-10 6.48905E-9 1.5257E-10 2.20768E-9 5.16658E-10 1.21726E-9 6.69164E-10 -9999 -9999 -9999 -9999 -9999 -9999 -9999 -9999
3.86264E-1 3.62476E-1 3.73381E-1 3.94509E-1 4.14234E-1 3.35607E-1 2.03316E-1 1.15138E-1 7.12154E-2 4.40244E-2 2.10101E-2 2.97713E-3 5.56222E-4 4.55756E-4 7.85339E-5 2.83634E-6 8.48522E-7 8.05855E-7 1.12027E-7 1.10666E-8 1.01379E-9 3.88391E-9 1.1384E-9 1.59984E-7 3.60019E-6 9.93632E-8 5.78338E-8 3.3537E-7 8.84477E-7 8.05375E-6 3.0042E-5 2.35209E-6 1.34106E-5 4.59756E-6 5.67548E-5 5.35787E-7 5.89369E-11 9.64605E-10 6.05058E-9 4.61523E-7 1.93121E-10 3.12021E-8 7.87922E-9 6.22544E-10 3.02211E-9 2.77563E-11 4.86728E-12 4.47674E-11 1.14848E-10 2.78623E-10 2.26441E-11 8.03421E-10 1.44841E-8 3.0826E-9 3.25136E-9 4.5636E-9 2.05428E-9 1.75312E-8 -9999 -9999 -9999 -9999 -9999 -9999 -9999
4.32168E-1 3.84922E-1 3.60168E-1 3.78157E-1 3.88937E-1 3.0811E-1 1.64869E-1 1.20956E-1 9.60238E-2 5.56264E-2 1.67669E-2 1.60517E-3 6.49462E-4 1.27043E-3 1.04009E-3 1.51965E-4 6.22457E-5 4.0215E-5 1.91562E-5 2.70315E-6 4.18933E-7 1.4995E-8 2.37065E-10 2.93513E-9 3.46856E-7 3.42922E-5 1.44593E-5 1.26954E-5 9.61399E-7 4.42252E-6 9.353E-6 2.78107E-6 1.90776E-6 4.68094E-10 4.89159E-14 4.94192E-7 2.37769E-8 1.11166E-5 2.60115E-6 1.09806E-5 5.00102E-9 1.12911E-8 2.29508E-4 3.5724E-9 1.64938E-7 6.30076E-7 1.63401E-11 2.46488E-14 3.25477E-11 6.61334E-10 4.48894E-12 2.17598E-12 9.26535E-10 1.63861E-10 2.34369E-9 4.96916E-9 1.96725E-10 7.9163E-10 1.47318E-8 -9999 -9999 -9999 -9999 -9999 -9999
4.7072E-1 4.09265E-1 3.54833E-1 3.59197E-1 3.62092E-1 2.74616E-1 1.59425E-1 1.37032E-1 1.13615E-1 6.66393E-2 2.56654E-2 2.3202E-3 1.04215E-3 1.75029E-3 2.7792E-3 1.46981E-3 1.03353E-3 1.32111E-3 1.67999E-3 3.18899E-4 5.49366E-5 4.06262E-5 5.29414E-5 1.70529E-5 6.44253E-7 4.16982E-6 2.17821E-5 1.23184E-5 1.65813E-6 2.66301E-7 5.81319E-8 1.79668E-9 5.76979E-10 1.37146E-13 7.34703E-18 1.50523E-29 5.9625E-34 1.57045E-31 6.88981E-27 4.09587E-21 4.3229E-7 1.73984E-5 1.34312E-5 1.32879E-5 2.30458E-6 9.25352E-6 7.08156E-10 6.49503E-12 2.9619E-10 1.74694E-10 2.32513E-12 1.14436E-12 4.00833E-12 1.0119E-12 6.6323E-11 2.72428E-11 3.95E-10 8.08764E-9 2.28473E-12 4.13347E-9 -9999 -9999 -9999 -9999 -9999
5.02172E-1 4.41061E-1 3.88973E-1 3.8481E-1 3.92243E-1 3.63604E-1 2.77955E-1 2.00289E-1 1.5687E-1 9.97171E-2 5.45498E-2 1.86578E-2 7.29824E-3 5.69844E-3 9.79757E-3 8.0596E-3 6.2499E-3 7.77513E-3 9.45865E-3 4.02091E-3 1.93809E-3 3.47303E-3 1.07488E-2 8.70855E-3 1.11466E-3 4.73501E-6 1.90548E-6 2.42457E-6 1.16551E-5 2.51232E-5 4.3494E-6 4.82103E-9 1.21117E-9 4.79432E-14 1.39126E-16 1.06157E-22 6.65433E-25 4.50442E-27 6.49999E-25 1.00784E-23 5.08449E-19 8.32698E-15 3.45929E-11 9.07093E-7 1.227E-6 2.16312E-6 5.0785E-7 3.14411E-7 2.8087E-8 3.20213E-9 6.20149E-9 1.2397E-9 5.3964E-13 1.71364E-14 7.72286E-15 1.12035E-12 1.99386E-9 1.48981E-8 5.99686E-11 1.57525E-10 2.11481E-11 -9999 -9999 -9999 -9999
5.40998E-1 4.81773E-1 4.39825E-1 4.4851E-1 4.64092E-1 4.41025E-1 3.86901E-1 3.0668E-1 2.22962E-1 1.6791E-1 1.1439E-1 6.75127E-2 4.08767E-2 3.88168E-2 4.48106E-2 2.28005E-2 1.49241E-2 1.40714E-2 1.59541E-2 1.33688E-2 1.34706E-2 2.08065E-2 2.63415E-2 1.5005E-2 1.82023E-3 2.74399E-5 2.49583E-6 1.9105E-6 6.10511E-6 4.47171E-5 8.13427E-5 2.91108E-6 1.90511E-7 1.72791E-9 1.01988E-10 1.35444E-13 3.26092E-16 1.19326E-17 3.77254E-18 1.77982E-17 2.77915E-16 3.05122E-15 1.45266E-12 1.28108E-11 3.73653E-10 1.96623E-12 1.42382E-15 1.86926E-14 7.01869E-13 4.76069E-7 1.40288E-7 1.5515E-10 5.30275E-11 5.47819E-10 3.10686E-13 2.12378E-12 4.2089E-8 1.99419E-7 2.19672E-9 1.88337E-11 1.62736E-12 -9999 -9999 -9999 -9999
5.45501E-1 5.30121E-1 5.01275E-1 4.93265E-1 5.33103E-1 5.08205E-1 4.60794E-1 4.00125E-1 3.06262E-1 2.40869E-1 1.88832E-1 1.36039E-1 8.8975E-2 7.20105E-2 5.87111E-2 3.20248E-2 2.17388E-2 2.50577E-2 2.64761E-2 2.58512E-2 2.75025E-2 3.10736E-2 2.52287E-2 1.20679E-2 2.46736E-3 2.44907E-4 2.14085E-5 3.33081E-6 5.46316E-6 2.72387E-5 8.55396E-5 2.89472E-5 9.77244E-7 4.24211E-9 3.71339E-10 1.20245E-12 1.73014E-13 4.32854E-15 1.42656E-14 2.03766E-13 6.84365E-13 1.28629E-12 3.23812E-13 2.70032E-10 3.1509E-10 6.23157E-12 1.53994E-10 1.01732E-14 1.95212E-18 9.85536E-15 3.5882E-14 8.08578E-8 7.87017E-10 5.96623E-8 3.00981E-11 2.03235E-9 2.01221E-8 3.4154E-15 5.01486E-9 3.1892E-9 8.77899E-10 6.9313E-13 -9999 -9999 -9999
5.53766E-1 5.51347E-1 5.51347E-1 5.40264E-1 5.46354E-1 5.4282E-1 5.02856E-1 4.54555E-1 3.83272E-1 3.17493E-1 2.80375E-1 2.11551E-1 1.32628E-1 7.6306E-2 5.38094E-2 3.37759E-2 1.60776E-2 2.83611E-2 3.58427E-2 3.8013E-2 3.85722E-2 3.66612E-2 2.39195E-2 1.09779E-2 3.28226E-3 8.05058E-4 2.04529E-4 7.13449E-5 5.66339E-5 9.4248E-5 2.61292E-4 1.75738E-4 6.95522E-6 5.03268E-7 1.14489E-8 8.32855E-10 2.54936E-12 3.05975E-14 5.78717E-12 7.56346E-10 6.01804E-10 3.3931E-11 6.32717E-10 5.79115E-13 2.39344E-11 2.58833E-12 1.12544E-7 1.09202E-7 1.1879E-13 1.45262E-12 1.42566E-14 1.46105E-10 1.22918E-9 3.50788E-13 1.18128E-9 9.61927E-13 4.19416E-20 3.08998E-12 4.37968E-8 1.35057E-8 2.64511E-7 2.94312E-11 9.55067E-10 -9999 -9999
5.68115E-1 5.49883E-1 5.54935E-1 5.43723E-1 5.28044E-1 5.23617E-1 5.19953E-1 4.99448E-1 4.55513E-1 3.94544E-1 3.56485E-1 2.94008E-1 2.05545E-1 8.38232E-2 5.80093E-2 5.38094E-2 3.47966E-2 4.67479E-2 6.44269E-2 5.75917E-2 5.34636E-2 4.33276E-2 2.60632E-2 1.19601E-2 4.76839E-3 2.20883E-3 1.07362E-3 5.72262E-4 3.95833E-4 4.64979E-4 6.32541E-4 3.40431E-4 5.57963E-5 3.38139E-5 1.23286E-5 3.18279E-7 1.33163E-8 4.2533E-9 1.9549E-8 1.06106E-7 4.21679E-8 7.37992E-10 1.69204E-11 1.32273E-10 3.30725E-8 2.65463E-8 3.87463E-7 5.96999E-6 8.83122E-6 9.03476E-6 7.74235E-9 2.10508E-11 7.99364E-14 3.06195E-14 4.48036E-14 2.49488E-12 4.85582E-10 1.90973E-13 5.60836E-13 8.0016E-14 2.18298E-11 3.8821E-7 1.27878E-9 -9999 -9999
5.85909E-1 5.54287E-1 5.13043E-1 4.95067E-1 5.02673E-1 5.05845E-1 5.17027E-1 5.1604E-1 4.96643E-1 4.45051E-1 3.84762E-1 3.7716E-1 3.65657E-1 2.20568E-1 1.03928E-1 7.25245E-2 7.43974E-2 1.23571E-1 1.27645E-1 1.02069E-1 7.97642E-2 5.91957E-2 3.4295E-2 1.58062E-2 6.84397E-3 6.54212E-3 6.48367E-3 3.38038E-3 1.6634E-3 1.46981E-3 1.53189E-3 4.50447E-4 7.78227E-5 8.31746E-5 2.24114E-4 4.45399E-5 3.78959E-6 1.52871E-6 1.88089E-6 1.23879E-5 1.90492E-4 9.05575E-6 1.15109E-9 5.36105E-12 1.05887E-11 3.11305E-12 3.36766E-10 5.57624E-6 3.04988E-4 2.36585E-4 1.03373E-4 1.22847E-5 6.19698E-6 3.97561E-8 9.04085E-13 8.97676E-10 1.54264E-3 1.60276E-11 1.03816E-10 2.85341E-9 3.43082E-14 2.77707E-12 1.29419E-21 1.34193E-23 -9999
5.67979E-1 5.60043E-1 5.26951E-1 4.95511E-1 4.9777E-1 4.94372E-1 5.0222E-1 5.08721E-1 5.25021E-1 4.67904E-1 3.92304E-1 4.12688E-1 4.32465E-1 3.33148E-1 1.81405E-1 1.03928E-1 1.0635E-1 1.54731E-1 1.66645E-1 1.71495E-1 1.46495E-1 9.5749E-2 5.23692E-2 2.50445E-2 1.26883E-2 2.29923E-2 3.88168E-2 1.5176E-2 5.80508E-3 4.46485E-3 3.98209E-3 1.23606E-3 1.92901E-4 2.59068E-4 8.76836E-4 4.24566E-4 9.60215E-5 8.59791E-5 1.5737E-4 2.25674E-4 7.6787E-4 1.89916E-3 2.27146E-4 7.60089E-7 6.18156E-9 9.17479E-10 5.62529E-9 1.87552E-7 9.66538E-6 1.51939E-4 1.52773E-4 6.16024E-4 8.73752E-5 3.80596E-4 5.55666E-7 1.06789E-3 8.34251E-3 7.88419E-6 7.51169E-5 2.25879E-9 4.51443E-14 1.91027E-16 9.08301E-25 2.39622E-27 -9999
5.36246E-1 5.49562E-1 5.41536E-1 4.9777E-1 4.54325E-1 4.5262E-1 4.33451E-1 4.44405E-1 4.86243E-1 4.58062E-1 4.10858E-1 4.27137E-1 4.21758E-1 3.4237E-1 2.4023E-1 2.0732E-1 2.27229E-1 2.04801E-1 1.9084E-1 2.54641E-1 2.53447E-1 1.40588E-1 7.25354E-2 4.11891E-2 2.50445E-2 3.08668E-2 6.24006E-2 2.60681E-2 1.22796E-2 1.12651E-2 1.38355E-2 1.0779E-2 2.80461E-3 1.65406E-3 2.16415E-3 1.48637E-3 4.63179E-4 8.01805E-4 2.44163E-3 3.12689E-3 2.89094E-3 7.90572E-3 2.91925E-3 1.80189E-4 2.40089E-5 1.32537E-5 3.08301E-5 3.76622E-5 2.33565E-5 1.1462E-5 2.63936E-5 8.21666E-4 3.74776E-4 6.87927E-4 5.54389E-4 3.08732E-4 3.19598E-3 3.95354E-3 3.83307E-5 2.05643E-8 4.32793E-13 8.03301E-23 5.10159E-29 1.53482E-32 3.24127E-39
5.19959E-1 5.37857E-1 5.26066E-1 4.91045E-1 4.43474E-1 4.42256E-1 3.90495E-1 3.85525E-1 4.43999E-1 4.39179E-1 4.30351E-1 4.43721E-1 4.30694E-1 3.71423E-1 3.11006E-1 3.20823E-1 3.54053E-1 2.6536E-1 2.12916E-1 3.08325E-1 2.64222E-1 1.56446E-1 1.00978E-1 7.11623E-2 4.42551E-2 3.37867E-2 4.71781E-2 3.32846E-2 2.52618E-2 2.94882E-2 4.21022E-2 4.88551E-2 1.82913E-2 6.67254E-3 7.26203E-3 6.7024E-3 3.783E-3 5.6924E-3 1.06024E-2 7.167E-3 6.1359E-3 1.05928E-2 5.694E-3 1.88036E-3 1.7151E-3 1.15602E-3 4.12764E-3 4.92969E-3 1.74755E-3 5.45808E-4 1.52821E-4 4.18882E-5 2.37105E-5 4.94364E-6 1.64871E-8 1.51761E-12 7.20347E-11 2.01167E-9 2.28029E-13 3.06862E-18 1.40587E-19 1.19277E-20 1.42236E-24 6.60003E-38 3.64338E-44
4.88219E-1 4.72636E-1 4.94407E-1 4.63977E-1 4.16612E-1 4.97365E-1 4.80318E-1 4.5213E-1 4.56023E-1 4.72636E-1 4.72915E-1 4.72915E-1 4.74154E-1 4.56797E-1 4.49012E-1 4.47857E-1 4.17752E-1 3.55391E-1 3.24065E-1 3.18163E-1 2.53841E-1 1.74031E-1 1.54898E-1 1.31998E-1 8.17754E-2 3.94342E-2 4.75033E-2 6.24437E-2 7.68158E-2 8.07652E-2 6.97862E-2 6.03772E-2 3.24459E-2 1.66702E-2 1.54983E-2 1.41529E-2 1.81704E-2 3.32846E-2 4.81684E-2 4.02903E-2 2.28005E-2 2.22444E-2 1.97028E-2 1.22511E-2 1.2441E-3 6.83141E-4 5.53189E-3 1.79093E-2 1.24861E-2 1.65899E-2 1.16618E-2 4.99113E-4 8.96456E-5 1.19702E-5 2.84458E-7 1.68491E-9 1.51978E-11 7.04047E-15 8.11394E-20 2.35362E-21 1.19586E-19 1.03504E-18 7.88227E-19 1.76343E-28 6.16601E-38
4.5262E-1 4.20881E-1 4.5262E-1 4.5213E-1 4.03666E-1 4.90897E-1 5.14133E-1 4.88219E-1 4.67301E-1 4.69369E-1 4.67724E-1 4.66638E-1 4.95511E-1 4.86243E-1 4.87422E-1 4.7042E-1 4.11742E-1 3.67014E-1 3.44904E-1 3.11447E-1 2.61507E-1 2.29369E-1 2.28337E-1 2.24654E-1 1.61869E-1 9.07443E-2 6.45249E-2 8.64398E-2 1.25092E-1 1.06994E-1 7.48479E-2 5.94527E-2 4.3168E-2 2.59128E-2 2.04108E-2 2.49702E-2 5.56764E-2 1.29833E-1 1.18269E-1 7.8679E-2 3.18093E-2 3.37759E-2 5.22439E-2 3.79244E-2 2.34593E-3 2.89784E-4 6.7849E-3 5.20441E-2 5.90195E-2 4.83073E-2 6.83846E-2 4.89816E-2 1.08599E-2 5.45314E-4 3.99718E-5 9.44409E-7 8.95153E-9 1.40635E-11 4.76111E-15 1.99808E-17 1.31786E-17 3.10729E-17 2.39538E-18 4.30793E-23 1.11355E-29
4.11161E-1 3.75251E-1 3.76622E-1 3.62459E-1 3.73279E-1 4.41724E-1 5.01593E-1 4.73866E-1 4.17241E-1 4.00612E-1 4.06198E-1 4.04341E-1 4.43999E-1 4.40927E-1 4.08051E-1 3.37055E-1 2.98693E-1 3.11447E-1 3.33122E-1 3.1539E-1 2.83927E-1 2.78933E-1 2.73101E-1 2.48935E-1 2.08357E-1 1.51826E-1 7.29604E-2 5.44986E-2 1.0515E-1 9.80377E-2 5.1147E-2 5.66055E-2 5.50804E-2 2.48512E-2 2.08531E-2 5.33152E-2 1.39137E-1 1.87419E-1 1.18417E-1 7.39488E-2 3.32846E-2 4.15002E-2 6.66393E-2 1.09051E-1 1.30005E-1 2.6666E-2 2.03895E-2 4.23288E-2 6.22493E-2 5.54557E-2 9.1196E-2 8.37932E-2 3.75797E-2 6.01852E-3 8.13816E-4 8.08422E-5 6.68623E-6 8.39795E-8 8.03777E-11 6.94745E-14 2.20654E-15 1.14775E-15 1.11877E-16 3.31506E-19 2.03563E-22
3.60672E-1 2.94555E-1 2.30186E-1 1.96948E-1 2.56779E-1 3.68521E-1 4.26802E-1 3.91561E-1 3.34219E-1 3.18432E-1 3.55808E-1 4.01797E-1 4.12937E-1 3.77129E-1 3.04609E-1 1.73062E-1 1.5238E-1 2.61575E-1 3.30276E-1 3.2633E-1 3.03565E-1 3.17362E-1 2.96535E-1 2.4813E-1 2.05755E-1 1.64316E-1 1.0515E-1 8.52862E-2 1.37688E-1 1.1762E-1 3.92035E-2 5.97548E-2 5.45841E-2 1.03589E-2 1.6112E-2 9.26153E-2 3.29186E-1 3.39772E-1 1.31984E-1 8.17398E-2 7.9264E-2 9.63355E-2 1.10053E-1 1.77084E-1 2.69866E-1 1.03259E-1 4.85211E-2 3.63923E-2 5.3077E-2 1.48264E-1 1.53266E-1 9.08545E-2 3.99599E-2 1.47919E-2 5.04721E-3 1.1263E-3 2.01747E-4 1.43789E-5 8.64026E-8 2.07941E-10 1.534E-12 4.4606E-13 9.50997E-14 3.28805E-15 1.16823E-16
3.43087E-1 3.04392E-1 1.78977E-1 1.17285E-1 2.4213E-1 3.24242E-1 3.19404E-1 2.93714E-1 2.69318E-1 2.9082E-1 4.01797E-1 4.98715E-1 4.79833E-1 3.93457E-1 3.5879E-1 2.48991E-1 1.97542E-1 2.97658E-1 3.34219E-1 3.06582E-1 3.12506E-1 3.2633E-1 3.05534E-1 2.34948E-1 1.86605E-1 1.84906E-1 1.83215E-1 1.76526E-1 2.10216E-1 1.92581E-1 1.07442E-1 8.6095E-2 4.2974E-2 1.23971E-2 2.46881E-2 1.0106E-1 3.636E-1 3.6748E-1 1.5238E-1 1.13732E-1 1.22937E-1 1.37688E-1 1.35562E-1 1.58004E-1 1.6987E-1 1.42052E-1 1.10716E-1 5.95731E-2 7.11623E-2 1.50153E-1 2.24786E-1 1.41815E-1 5.83725E-2 2.4489E-2 1.46759E-2 5.09508E-3 7.5949E-4 8.74421E-5 6.27255E-6 2.09313E-7 6.92643E-9 8.14802E-10 1.53204E-10 2.90177E-11 7.25285E-12
4.16614E-1 3.51899E-1 2.64376E-1 2.4213E-1 3.34137E-1 3.40064E-1 2.45929E-1 2.60509E-1 2.5858E-1 3.01607E-1 4.36437E-1 5.47178E-1 5.67409E-1 5.53547E-1 5.3402E-1 5.2414E-1 4.00942E-1 3.67515E-1 3.8489E-1 3.33243E-1 3.3719E-1 3.44057E-1 2.95694E-1 2.30323E-1 1.91744E-1 1.98696E-1 2.27519E-1 2.37793E-1 2.35918E-1 1.96833E-1 1.79703E-1 1.36554E-1 6.61707E-2 3.78546E-2 4.92397E-2 1.32733E-1 2.78812E-1 2.86666E-1 1.78688E-1 1.65558E-1 1.80364E-1 1.88177E-1 1.95088E-1 1.57935E-1 1.8572E-1 2.05755E-1 2.09323E-1 1.39137E-1 4.23139E-2 6.83979E-2 2.3204E-1 1.54075E-1 6.93489E-2 3.32846E-2 1.70444E-2 5.96685E-3 1.3078E-3 3.44016E-4 1.5831E-4 3.7224E-5 3.25725E-6 3.86641E-7 7.89883E-8 2.72866E-8 1.90069E-8
4.40345E-1 4.09243E-1 3.48998E-1 3.07535E-1 3.44008E-1 3.68345E-1 3.45978E-1 3.55808E-1 3.06582E-1 3.12506E-1 3.98047E-1 5.28951E-1 5.8985E-1 5.91086E-1 5.32764E-1 4.88096E-1 4.25031E-1 4.23209E-1 4.85624E-1 4.33184E-1 4.00999E-1 3.95349E-1 3.22382E-1 2.35918E-1 2.06637E-1 2.18349E-1 2.58699E-1 2.76118E-1 2.67377E-1 1.98585E-1 1.52959E-1 1.38E-1 9.44598E-2 8.36107E-2 9.36345E-2 1.8659E-1 2.95292E-1 3.09154E-1 2.33351E-1 2.16692E-1 2.40237E-1 2.9455E-1 2.92577E-1 2.06394E-1 2.72147E-1 3.76256E-1 3.16456E-1 2.07447E-1 8.36179E-2 8.50412E-2 1.57935E-1 1.33396E-1 7.52536E-2 3.29387E-2 1.51396E-2 6.77446E-3 3.40606E-3 2.49082E-3 1.76695E-3 8.76836E-4 1.16958E-4 1.71838E-5 4.20959E-6 1.79591E-6 2.76192E-7
