KUENM/Final_Models/M_0.1_F_lq_Set_2_NE/sp1_0_se_asia.asc
ncols         320
nrows         243
xllcorner     44.0
yllcorner     -0.666666666666667
cellsize      0.166666666666667
NODATA_value  -9999
[rows 93 to 123 of 243, columns 140 to 209 of 320]
1.09028E-1 1.14422E-1 1.21283E-1 1.26973E-1 1.35643E-1 1.46116E-1 1.61626E-1 1.73114E-1 1.76438E-1 1.79849E-1 1.83237E-1 1.86656E-1 1.90104E-1 1.9532E-1 2.02389E-1 2.14927E-1 2.27848E-1 2.50406E-1 2.81297E-1 3.20985E-1 3.68782E-1 3.87379E-1 4.26158E-1 4.64779E-1 5.07647E-1 5.42897E-1 5.58199E-1 5.83912E-1 6.14782E-1 6.38282E-1 6.47914E-1 5.95986E-1 4.20223E-1 4.0675E-1 4.84619E-1 3.70269E-1 3.57127E-1 5.04821E-1 6.33634E-1 6.36345E-1 6.42441E-1 5.91127E-1 5.55586E-1 4.82226E-1 4.11365E-1 3.83797E-1 4.12984E-1 4.46413E-1 4.88748E-1 5.05179E-1 5.12522E-1 4.6275E-1 3.84789E-1 3.47034E-1 3.65569E-1 3.62493E-1 2.88579E-1 2.25633E-1 2.5295E-1 2.88716E-1 3.11176E-1 3.28473E-1 3.18653E-1 2.84262E-1 1.97767E-1 8.5387E-2 4.02725E-2 2.37219E-2 2.24514E-2 2.68861E-2
1.15036E-1 1.23362E-1 1.29209E-1 1.39533E-1 1.51822E-1 1.69523E-1 1.91452E-1 2.11187E-1 2.3163E-1 2.39176E-1 2.37282E-1 2.29824E-1 2.29824E-1 2.2981E-1 2.2422E-1 2.25985E-1 2.39135E-1 2.60061E-1 2.95136E-1 3.38879E-1 3.75794E-1 4.16985E-1 4.5627E-1 4.98591E-1 5.38419E-1 5.77766E-1 5.8725E-1 5.95963E-1 6.22124E-1 6.37577E-1 6.48349E-1 6.25992E-1 5.19533E-1 4.83169E-1 4.77653E-1 3.66837E-1 4.9774E-1 6.16573E-1 6.39668E-1 6.34222E-1 6.46337E-1 6.33113E-1 6.19899E-1 5.28706E-1 3.83797E-1 3.70621E-1 4.09334E-1 4.39675E-1 4.85738E-1 5.26248E-1 5.00801E-1 4.26779E-1 3.88597E-1 3.82973E-1 3.91468E-1 3.749E-1 2.55347E-1 2.22195E-1 2.69318E-1 3.55994E-1 3.94844E-1 3.57335E-1 2.98454E-1 2.11938E-1 1.27802E-1 4.87776E-2 2.5608E-2 1.71733E-2 1.926E-2 1.64898E-2
-9999 1.34508E-1 1.44748E-1 1.58977E-1 1.72246E-1 1.96417E-1 2.25653E-1 2.61827E-1 2.93532E-1 3.03639E-1 2.91722E-1 2.76003E-1 2.62311E-1 2.54544E-1 2.52558E-1 2.35243E-1 2.37241E-1 2.79817E-1 3.19307E-1 3.62572E-1 4.1466E-1 4.4818E-1 4.91422E-1 5.25499E-1 5.61255E-1 5.9059E-1 6.07341E-1 6.13347E-1 6.31834E-1 6.33629E-1 6.38282E-1 6.45499E-1 5.86028E-1 4.82108E-1 4.3303E-1 4.36991E-1 5.05179E-1 6.09388E-1 6.42841E-1 6.23074E-1 6.39225E-1 6.4803E-1 6.10872E-1 5.01593E-1 3.85444E-1 3.72411E-1 4.05961E-1 4.38011E-1 4.82615E-1 5.00901E-1 4.11161E-1 3.69953E-1 3.87425E-1 3.98201E-1 3.8489E-1 3.54657E-1 2.59212E-1 2.16087E-1 2.53884E-1 3.59276E-1 3.98623E-1 3.29699E-1 1.81405E-1 7.52536E-2 4.54531E-2 2.19947E-2 1.27789E-2 1.22602E-2 1.37125E-2 1.59509E-2
-9999 -9999 -9999 -9999 1.99591E-1 2.24965E-1 2.55682E-1 -9999 3.56397E-1 3.69603E-1 3.49197E-1 3.21564E-1 2.7994E-1 2.39245E-1 2.05977E-1 1.97077E-1 2.29716E-1 2.83561E-1 3.29263E-1 3.85907E-1 4.36239E-1 4.7205E-1 5.11191E-1 5.41607E-1 5.61834E-1 5.77766E-1 5.89652E-1 6.15471E-1 6.39501E-1 6.41441E-1 6.44698E-1 6.47527E-1 6.1613E-1 5.18001E-1 4.51914E-1 5.00395E-1 5.18643E-1 5.51783E-1 6.31375E-1 6.47814E-1 6.47879E-1 6.18941E-1 5.10388E-1 4.68416E-1 3.59867E-1 3.61113E-1 4.23961E-1 4.63278E-1 4.58394E-1 4.56611E-1 4.09023E-1 3.94793E-1 3.9978E-1 3.76256E-1 3.42037E-1 2.847E-1 2.31478E-1 1.82649E-1 1.83215E-1 2.94573E-1 3.53006E-1 2.47759E-1 1.00371E-1 3.3943E-2 1.96466E-2 1.11309E-2 7.28681E-3 7.69369E-3 8.80917E-3 1.34818E-2
-9999 -9999 -9999 -9999 -9999 -9999 2.92447E-1 3.43455E-1 3.80968E-1 4.06528E-1 4.03491E-1 3.78608E-1 3.0961E-1 2.1139E-1 1.35928E-1 1.66606E-1 2.37241E-1 3.0558E-1 3.76934E-1 4.36967E-1 4.81461E-1 5.09069E-1 5.29636E-1 5.51112E-1 5.70807E-1 5.83284E-1 5.95158E-1 6.17747E-1 6.38433E-1 6.47244E-1 6.48588E-1 6.43392E-1 6.26939E-1 5.81075E-1 5.2228E-1 5.2228E-1 5.357E-1 5.72682E-1 6.27611E-1 6.42746E-1 6.33177E-1 5.38974E-1 3.19477E-1 3.29676E-1 2.96535E-1 3.13018E-1 4.18578E-1 4.3619E-1 4.18578E-1 4.18421E-1 3.98504E-1 4.11161E-1 3.73338E-1 3.08556E-1 2.66314E-1 2.39504E-1 1.92313E-1 1.2429E-1 1.21019E-1 2.03777E-1 2.8483E-1 1.50153E-1 4.41755E-2 1.81052E-2 1.04883E-2 6.17982E-3 4.50518E-3 4.33967E-3 6.42321E-3 1.14423E-2
-9999 -9999 -9999 -9999 -9999 -9999 -9999 3.53316E-1 3.90217E-1 4.19468E-1 4.46248E-1 4.3933E-1 3.79312E-1 2.77468E-1 2.18629E-1 2.39176E-1 2.89804E-1 3.61292E-1 4.35095E-1 4.88873E-1 5.09449E-1 5.24577E-1 5.44178E-1 5.62984E-1 5.81286E-1 5.95481E-1 6.09955E-1 6.26879E-1 6.44019E-1 6.47861E-1 6.37454E-1 6.29534E-1 6.29658E-1 6.16202E-1 5.75845E-1 5.63678E-1 5.65874E-1 5.67006E-1 5.85005E-1 6.12627E-1 6.19602E-1 5.26695E-1 3.37606E-1 3.13121E-1 2.62549E-1 2.71788E-1 3.31649E-1 3.60714E-1 3.85444E-1 3.98504E-1 3.8935E-1 3.8935E-1 3.17985E-1 2.15542E-1 1.82333E-1 1.84023E-1 1.48701E-1 7.20301E-2 4.74251E-2 7.53472E-2 1.10595E-1 6.45318E-2 2.68343E-2 1.30863E-2 8.72357E-3 5.59359E-3 4.72571E-3 3.83154E-3 5.80508E-3 9.03968E-3
-9999 -9999 -9999 -9999 -9999 -9999 -9999 -9999 3.94031E-1 4.23129E-1 4.55876E-1 4.63002E-1 4.28019E-1 3.82889E-1 3.72874E-1 3.65698E-1 3.70824E-1 4.15047E-1 4.54476E-1 4.89348E-1 5.14951E-1 5.3769E-1 5.61255E-1 5.75096E-1 5.94591E-1 6.07105E-1 6.13055E-1 6.30057E-1 6.47378E-1 6.42136E-1 6.14094E-1 5.98644E-1 6.21794E-1 6.10263E-1 5.63528E-1 5.4287E-1 5.61355E-1 5.52817E-1 5.03376E-1 4.71672E-1 5.2893E-1 4.74382E-1 2.62576E-1 2.58699E-1 3.06413E-1 3.01596E-1 2.99871E-1 3.28359E-1 3.93072E-1 4.02301E-1 3.93096E-1 3.53457E-1 2.51259E-1 1.41815E-1 1.31316E-1 1.45788E-1 1.1388E-1 3.85483E-2 8.33105E-3 1.8964E-2 3.25466E-2 2.90403E-2 1.71733E-2 1.05634E-2 6.34297E-3 7.44498E-3 1.66582E-2 1.49141E-2 1.24305E-2 1.36811E-2
-9999 -9999 -9999 -9999 -9999 -9999 -9999 -9999 -9999 4.24952E-1 4.48982E-1 4.58866E-1 4.52055E-1 4.3636E-1 4.26722E-1 4.07243E-1 4.01615E-1 4.27922E-1 -9999 5.01789E-1 5.39834E-1 5.6403E-1 5.81309E-1 5.91049E-1 6.04505E-1 6.08437E-1 5.93355E-1 6.27952E-1 6.47661E-1 6.36046E-1 6.1954E-1 5.87292E-1 5.90152E-1 5.73332E-1 5.25244E-1 4.92705E-1 5.04889E-1 4.76502E-1 4.01972E-1 3.80827E-1 4.19114E-1 3.93368E-1 3.11805E-1 3.29292E-1 3.42092E-1 3.42944E-1 3.44322E-1 3.61113E-1 4.23859E-1 4.14961E-1 3.4393E-1 2.51614E-1 1.44692E-1 8.06651E-2 9.34967E-2 1.29833E-1 1.23007E-1 5.42011E-2 1.33742E-2 1.01464E-2 1.41845E-2 1.34504E-2 6.4608E-3 6.12316E-3 5.04099E-3 6.85354E-3 1.39603E-2 2.03762E-2 2.57681E-2 2.87304E-2
-9999 -9999 -9999 -9999 -9999 -9999 -9999 -9999 -9999 -9999 -9999 4.49864E-1 4.48894E-1 4.43634E-1 4.35399E-1 4.21836E-1 -9999 -9999 4.81461E-1 5.2237E-1 5.71351E-1 5.962E-1 6.06341E-1 6.06341E-1 6.08698E-1 6.06105E-1 5.99982E-1 6.31545E-1 6.44796E-1 6.06922E-1 6.11474E-1 6.00413E-1 5.43424E-1 5.1173E-1 5.33243E-1 5.07645E-1 4.79528E-1 4.27872E-1 3.61395E-1 3.75003E-1 4.2761E-1 4.85704E-1 4.94236E-1 4.84108E-1 4.1358E-1 3.56865E-1 3.5879E-1 3.72502E-1 4.30625E-1 4.10913E-1 3.01547E-1 1.97918E-1 1.06138E-1 7.10934E-2 7.8679E-2 1.00631E-1 1.08604E-1 7.38712E-2 3.74801E-2 2.06941E-2 1.34504E-2 5.95549E-3 3.32783E-3 3.7844E-3 2.96231E-3 3.54877E-3 7.67736E-3 1.72964E-2 3.29574E-2 4.03647E-2
-9999 -9999 -9999 -9999 -9999 -9999 -9999 -9999 -9999 -9999 -9999 -9999 -9999 -9999 -9999 -9999 -9999 -9999 5.03462E-1 5.32208E-1 5.93632E-1 6.18225E-1 6.20872E-1 6.16882E-1 6.09612E-1 5.94527E-1 6.09233E-1 6.37995E-1 6.43533E-1 5.87224E-1 6.06136E-1 5.78847E-1 4.6375E-1 4.06916E-1 5.18981E-1 5.28798E-1 4.64581E-1 3.73126E-1 2.62323E-1 2.71922E-1 4.00942E-1 5.12919E-1 5.38968E-1 5.40258E-1 4.46571E-1 3.76289E-1 3.53516E-1 3.4965E-1 3.81716E-1 3.69925E-1 2.68982E-1 1.8476E-1 1.2697E-1 8.40897E-2 8.62005E-2 1.19023E-1 1.50849E-1 1.21688E-1 7.68268E-2 5.44568E-2 3.09085E-2 1.39051E-2 8.10588E-3 3.98651E-3 1.72417E-3 1.3662E-3 3.73009E-3 9.02057E-3 1.67328E-2 2.13944E-2
-9999 -9999 -9999 -9999 -9999 -9999 -9999 -9999 -9999 -9999 -9999 -9999 -9999 -9999 -9999 -9999 -9999 5.56709E-1 5.63011E-1 5.50349E-1 6.161E-1 6.37489E-1 6.35815E-1 6.30413E-1 6.14692E-1 6.01541E-1 6.16505E-1 6.40218E-1 6.47535E-1 6.38011E-1 6.28525E-1 5.76769E-1 4.5395E-1 3.97468E-1 4.8917E-1 4.85625E-1 4.01607E-1 2.64225E-1 1.46182E-1 1.56548E-1 2.847E-1 4.10437E-1 4.86987E-1 5.09561E-1 4.74712E-1 4.13166E-1 3.68619E-1 3.39968E-1 3.12973E-1 2.86036E-1 2.24528E-1 1.81551E-1 2.10857E-1 2.06576E-1 1.81531E-1 1.9699E-1 1.59402E-1 1.16273E-1 7.16645E-2 4.31792E-2 2.26793E-2 1.3773E-2 7.10929E-3 4.1878E-3 1.28329E-3 4.42277E-4 2.64798E-4 3.93157E-3 1.06024E-2 3.88449E-3
-9999 -9999 -9999 -9999 -9999 -9999 -9999 -9999 -9999 -9999 -9999 -9999 -9999 -9999 5.73017E-1 5.83184E-1 5.86075E-1 5.8674E-1 5.86956E-1 6.09016E-1 6.44187E-1 6.48311E-1 6.46523E-1 6.39431E-1 6.25758E-1 6.14782E-1 6.18768E-1 6.39876E-1 6.4687E-1 6.47759E-1 6.39589E-1 6.02913E-1 5.1563E-1 4.67592E-1 4.42028E-1 4.03497E-1 2.73807E-1 1.23378E-1 6.65238E-2 8.37759E-2 1.81557E-1 3.57334E-1 4.76876E-1 5.31944E-1 5.53155E-1 5.42426E-1 5.20054E-1 4.6141E-1 3.42007E-1 2.72707E-1 2.10445E-1 3.61214E-1 4.26442E-1 3.97595E-1 3.18817E-1 2.14022E-1 1.43028E-1 8.05122E-2 4.57298E-2 2.16134E-2 1.10038E-2 7.53527E-3 9.62877E-3 1.42525E-2 5.04811E-3 3.50034E-4 6.39203E-8 8.48974E-4 9.39779E-5 4.35272E-4
-9999 -9999 -9999 -9999 -9999 -9999 -9999 -9999 -9999 -9999 4.5425E-1 4.6557E-1 4.95868E-1 5.65541E-1 6.11322E-1 6.27513E-1 6.24884E-1 6.11813E-1 6.05148E-1 6.34838E-1 6.4745E-1 6.45173E-1 6.45389E-1 6.42021E-1 6.33126E-1 6.29031E-1 6.33156E-1 6.3563E-1 6.38367E-1 -9999 6.45655E-1 -9999 5.5239E-1 -9999 2.27503E-1 2.20094E-1 1.62788E-1 7.36206E-2 5.49317E-2 6.30493E-2 1.4932E-1 3.33643E-1 4.83719E-1 5.60308E-1 5.98935E-1 6.02437E-1 5.88897E-1 5.97274E-1 5.59882E-1 5.19644E-1 5.11014E-1 5.19739E-1 4.95849E-1 4.51225E-1 3.63079E-1 2.44814E-1 1.16586E-1 3.168E-2 1.29633E-2 7.16307E-3 6.78977E-3 9.60574E-3 1.60893E-2 6.107E-2 2.76792E-2 7.28836E-4 2.64017E-5 2.07992E-6 1.41267E-4 6.04574E-3
-9999 -9999 -9999 -9999 -9999 -9999 -9999 -9999 -9999 -9999 -9999 4.93107E-1 5.20827E-1 5.93234E-1 6.30854E-1 6.37003E-1 6.35002E-1 6.32548E-1 6.28459E-1 6.3948E-1 6.46219E-1 6.45937E-1 6.44263E-1 6.39118E-1 6.33354E-1 6.34741E-1 6.36315E-1 6.30324E-1 6.31498E-1 6.38367E-1 -9999 6.24084E-1 5.61885E-1 4.54624E-1 2.249E-1 1.48445E-1 1.1727E-1 8.63736E-2 8.98004E-2 9.81321E-2 1.92996E-1 3.44904E-1 5.22489E-1 5.90281E-1 6.26352E-1 6.35553E-1 6.30857E-1 6.26227E-1 5.94566E-1 5.61337E-1 5.37634E-1 4.98849E-1 4.70023E-1 4.33464E-1 3.27159E-1 2.18709E-1 8.16879E-2 8.82608E-3 1.5979E-3 1.67168E-3 4.45834E-3 1.11273E-2 3.24143E-2 5.36949E-2 6.7997E-2 1.24861E-2 4.77996E-3 3.95855E-3 3.637E-3 2.30625E-2
-9999 -9999 -9999 -9999 -9999 -9999 -9999 -9999 -9999 -9999 -9999 -9999 5.77942E-1 6.22812E-1 6.37375E-1 6.39385E-1 6.40799E-1 6.41894E-1 6.40489E-1 6.42021E-1 6.45203E-1 6.44518E-1 6.38436E-1 6.30902E-1 6.27613E-1 6.28296E-1 6.24571E-1 6.25393E-1 6.33408E-1 -9999 -9999 -9999 5.60035E-1 4.86231E-1 2.85195E-1 1.421E-1 8.93794E-2 8.63736E-2 9.5681E-2 1.14972E-1 2.46591E-1 4.30465E-1 4.61964E-1 5.17084E-1 6.32017E-1 6.37421E-1 6.41251E-1 6.33106E-1 6.10872E-1 5.90593E-1 5.5781E-1 4.6972E-1 3.93368E-1 3.48594E-1 2.71666E-1 1.60217E-1 3.9109E-2 3.30382E-3 5.64411E-4 1.00322E-3 7.42023E-3 4.11304E-2 5.92277E-2 2.88472E-2 1.9287E-2 4.20959E-2 4.37979E-2 5.29856E-2 3.43863E-2 4.76404E-2
-9999 -9999 -9999 -9999 -9999 -9999 -9999 -9999 -9999 -9999 -9999 -9999 -9999 6.40613E-1 6.2984E-1 6.33266E-1 6.33596E-1 6.39924E-1 6.42245E-1 6.449E-1 6.44808E-1 6.4084E-1 6.34171E-1 6.34717E-1 6.35676E-1 6.30112E-1 6.29564E-1 6.37152E-1 6.42973E-1 -9999 -9999 6.315E-1 5.71528E-1 4.75665E-1 2.90339E-1 8.85205E-2 2.07755E-2 1.61882E-2 2.7547E-2 6.75127E-2 1.73451E-1 4.08728E-1 5.54447E-1 6.06423E-1 6.1568E-1 6.1568E-1 6.18126E-1 6.04148E-1 5.80177E-1 6.00577E-1 5.54355E-1 4.85758E-1 3.86472E-1 3.34234E-1 2.77554E-1 1.30162E-1 2.13692E-2 1.82658E-3 1.29251E-3 2.20319E-3 1.07007E-2 7.94354E-2 1.54303E-1 1.22233E-1 1.2769E-1 1.54511E-1 1.31763E-1 1.36563E-1 1.31194E-1 1.14471E-1
-9999 -9999 -9999 -9999 -9999 -9999 -9999 -9999 -9999 -9999 -9999 -9999 -9999 -9999 6.36312E-1 6.2894E-1 6.24522E-1 6.06865E-1 5.68849E-1 5.96901E-1 6.39562E-1 6.38237E-1 6.30865E-1 6.39401E-1 6.42194E-1 6.4073E-1 6.44219E-1 6.48013E-1 6.46748E-1 6.47453E-1 -9999 -9999 -9999 4.10031E-1 1.58479E-1 2.42692E-2 3.97197E-3 3.32992E-3 1.41996E-2 9.82153E-2 3.45324E-1 5.62128E-1 6.30521E-1 6.46054E-1 6.44229E-1 6.20645E-1 5.99524E-1 5.61159E-1 4.99905E-1 5.22202E-1 4.44902E-1 3.87322E-1 3.32591E-1 3.27007E-1 2.69366E-1 1.43028E-1 4.20182E-2 8.82608E-3 2.03133E-3 1.53077E-4 1.60954E-4 7.31771E-3 1.24976E-1 2.80441E-1 2.42858E-1 2.47859E-1 2.3204E-1 1.80651E-1 1.52401E-1 1.59402E-1
-9999 -9999 -9999 -9999 -9999 -9999 -9999 -9999 -9999 -9999 -9999 -9999 -9999 -9999 -9999 6.19498E-1 6.01506E-1 5.63374E-1 4.94702E-1 5.58271E-1 6.34236E-1 6.33421E-1 6.22598E-1 6.34552E-1 6.40726E-1 6.44164E-1 6.46927E-1 6.47754E-1 6.43038E-1 -9999 -9999 -9999 4.48256E-1 2.04866E-1 2.2003E-2 1.07788E-3 1.90795E-4 3.72231E-4 7.24997E-3 9.55563E-2 4.1845E-1 6.25065E-1 6.48144E-1 6.47094E-1 6.48475E-1 6.35468E-1 6.17004E-1 5.89621E-1 5.50609E-1 4.38288E-1 3.22757E-1 4.05871E-1 3.80443E-1 4.27408E-1 4.00095E-1 3.01817E-1 1.46182E-1 2.68076E-2 2.26957E-3 3.74704E-5 2.88702E-4 4.17261E-2 2.90105E-1 3.618E-1 3.85735E-1 3.08401E-1 2.45753E-1 1.98748E-1 1.71497E-1 1.96974E-1
-9999 -9999 -9999 -9999 -9999 -9999 -9999 -9999 -9999 -9999 -9999 -9999 -9999 -9999 -9999 -9999 5.82854E-1 5.49256E-1 5.4981E-1 5.88453E-1 6.20417E-1 6.22691E-1 6.18504E-1 6.23425E-1 6.35472E-1 6.43366E-1 6.43472E-1 6.37808E-1 6.25703E-1 -9999 -9999 -9999 1.31528E-1 8.9808E-3 4.78282E-4 1.83218E-5 3.52801E-6 3.10829E-5 1.81966E-3 5.4332E-2 4.6608E-1 6.39152E-1 6.42136E-1 6.39487E-1 6.47629E-1 6.34779E-1 6.21794E-1 5.92367E-1 5.72639E-1 5.55562E-1 5.56218E-1 5.61056E-1 5.7249E-1 5.58607E-1 5.00385E-1 2.67377E-1 1.49531E-1 4.84861E-2 1.926E-2 7.21841E-2 4.01388E-1 5.16768E-1 5.20862E-1 4.91055E-1 4.15128E-1 2.87055E-1 2.15395E-1 1.72632E-1 1.50866E-1 1.47693E-1
-9999 -9999 -9999 -9999 -9999 -9999 -9999 -9999 -9999 -9999 -9999 -9999 -9999 -9999 -9999 -9999 -9999 5.88921E-1 6.09181E-1 6.1946E-1 6.21123E-1 6.31353E-1 6.24129E-1 6.19216E-1 6.31801E-1 6.46523E-1 6.45078E-1 -9999 -9999 -9999 -9999 -9999 -9999 1.90491E-4 1.36793E-5 6.64808E-7 2.71147E-8 3.30593E-7 1.80776E-4 6.70461E-2 5.55916E-1 6.31547E-1 6.20061E-1 6.31126E-1 6.46641E-1 6.46463E-1 6.39185E-1 6.12929E-1 5.86323E-1 5.85345E-1 6.06922E-1 6.11186E-1 6.28435E-1 5.98154E-1 5.32034E-1 5.55311E-1 5.80927E-1 5.77584E-1 5.81945E-1 5.99509E-1 5.9689E-1 5.76533E-1 5.55255E-1 4.76634E-1 3.82708E-1 2.44969E-1 1.7194E-1 1.24393E-1 1.14748E-1 9.35122E-2
-9999 -9999 -9999 -9999 -9999 -9999 -9999 -9999 -9999 -9999 -9999 -9999 -9999 -9999 -9999 -9999 -9999 -9999 6.37909E-1 6.34628E-1 6.26528E-1 6.3953E-1 6.4028E-1 6.34717E-1 6.39483E-1 -9999 -9999 -9999 -9999 -9999 -9999 -9999 -9999 7.51671E-7 3.48679E-9 4.83739E-10 2.22644E-11 7.46035E-10 1.19632E-5 1.07661E-1 5.99234E-1 6.15147E-1 5.99489E-1 6.24254E-1 6.46554E-1 6.46632E-1 6.33526E-1 6.11017E-1 5.73332E-1 5.45307E-1 5.65576E-1 5.88603E-1 6.1954E-1 6.31019E-1 6.27975E-1 6.33352E-1 6.40552E-1 6.31019E-1 6.24662E-1 6.25233E-1 6.01254E-1 5.72515E-1 5.22186E-1 4.38837E-1 3.64619E-1 2.46387E-1 1.8844E-1 1.58675E-1 1.10277E-1 6.74007E-2
-9999 -9999 -9999 -9999 -9999 -9999 -9999 -9999 -9999 -9999 -9999 -9999 -9999 -9999 -9999 -9999 -9999 -9999 -9999 -9999 5.93178E-1 6.26092E-1 -9999 -9999 -9999 -9999 -9999 -9999 -9999 -9999 -9999 -9999 -9999 -9999 3.46077E-13 1.97173E-15 4.88514E-16 5.90076E-12 7.17526E-6 9.19811E-2 5.6115E-1 6.00572E-1 5.83938E-1 6.14612E-1 6.45344E-1 6.42255E-1 6.10407E-1 5.61206E-1 5.10616E-1 5.10863E-1 5.29157E-1 5.52817E-1 5.96239E-1 6.26791E-1 6.34782E-1 6.34338E-1 6.39796E-1 6.19092E-1 6.01524E-1 5.90992E-1 5.5956E-1 5.33172E-1 5.12722E-1 4.7319E-1 3.43953E-1 2.33731E-1 1.85983E-1 1.62788E-1 9.76963E-2 4.50517E-2
-9999 -9999 -9999 -9999 -9999 -9999 -9999 -9999 -9999 -9999 -9999 -9999 -9999 -9999 -9999 -9999 -9999 -9999 -9999 -9999 -9999 -9999 -9999 -9999 -9999 -9999 -9999 -9999 -9999 -9999 -9999 -9999 -9999 7.08622E-13 4.89739E-16 3.20915E-19 5.32749E-17 2.07424E-10 7.04537E-4 2.75985E-1 6.14881E-1 5.84783E-1 5.84329E-1 6.21115E-1 6.46639E-1 6.34761E-1 5.8801E-1 5.28025E-1 4.92572E-1 5.00945E-1 5.2573E-1 5.46941E-1 5.60932E-1 5.88913E-1 6.26085E-1 6.34574E-1 6.16194E-1 5.80335E-1 5.43424E-1 5.18507E-1 4.71294E-1 4.60825E-1 4.6375E-1 4.38155E-1 3.00988E-1 1.98567E-1 1.57342E-1 1.20954E-1 6.26559E-2 2.35104E-2
-9999 -9999 -9999 -9999 -9999 -9999 -9999 -9999 -9999 -9999 -9999 -9999 -9999 -9999 -9999 -9999 -9999 -9999 -9999 -9999 -9999 -9999 -9999 -9999 -9999 -9999 -9999 -9999 -9999 -9999 -9999 -9999 -9999 1.47398E-13 7.37129E-18 9.9448E-21 1.25035E-16 9.83472E-8 1.80893E-2 3.83048E-1 6.0127E-1 6.11765E-1 5.92834E-1 6.18717E-1 6.46645E-1 6.2421E-1 5.61904E-1 5.06763E-1 4.82477E-1 4.91366E-1 5.29962E-1 5.48177E-1 5.06754E-1 5.15288E-1 5.35048E-1 5.62632E-1 5.58981E-1 4.8955E-1 4.38837E-1 3.92471E-1 3.69239E-1 3.71051E-1 3.66577E-1 3.24636E-1 1.6809E-1 1.06243E-1 8.54982E-2 6.94487E-2 3.76505E-2 1.45978E-2
-9999 -9999 -9999 -9999 -9999 -9999 -9999 -9999 -9999 -9999 -9999 -9999 -9999 -9999 -9999 -9999 -9999 -9999 -9999 -9999 -9999 -9999 -9999 -9999 -9999 -9999 -9999 -9999 -9999 -9999 -9999 -9999 1.1158E-9 1.13578E-13 8.76274E-20 4.46251E-23 9.64688E-17 8.95811E-7 1.1466E-1 5.81701E-1 6.17539E-1 6.0967E-1 5.96581E-1 6.10736E-1 6.42195E-1 5.95873E-1 5.23259E-1 4.79218E-1 4.92863E-1 5.36686E-1 5.79957E-1 5.898E-1 5.64346E-1 5.24871E-1 5.06063E-1 4.5595E-1 3.94114E-1 3.50068E-1 2.51498E-1 2.21728E-1 2.64107E-1 3.05667E-1 2.97207E-1 2.51341E-1 1.4422E-1 8.04729E-2 4.51956E-2 2.97844E-2 2.30856E-2 1.22734E-2
-9999 -9999 -9999 -9999 -9999 -9999 -9999 -9999 -9999 -9999 -9999 -9999 -9999 -9999 -9999 -9999 -9999 -9999 -9999 -9999 -9999 -9999 -9999 -9999 -9999 -9999 -9999 -9999 -9999 -9999 -9999 -9999 8.16456E-12 9.22941E-17 2.07656E-25 5.18133E-27 9.97914E-20 1.26098E-7 1.71617E-1 6.20475E-1 6.05873E-1 5.8068E-1 5.88611E-1 6.12605E-1 6.36594E-1 6.05864E-1 5.02228E-1 4.84914E-1 5.22992E-1 5.6488E-1 6.00709E-1 6.18126E-1 6.14019E-1 5.82884E-1 5.17638E-1 4.75244E-1 4.34825E-1 3.21736E-1 1.43705E-1 1.17082E-1 1.79554E-1 2.37434E-1 2.57931E-1 2.04866E-1 1.3916E-1 7.99521E-2 3.67337E-2 1.87826E-2 1.48959E-2 1.4847E-2
-9999 -9999 -9999 -9999 -9999 -9999 -9999 -9999 -9999 -9999 -9999 -9999 -9999 -9999 -9999 -9999 -9999 -9999 -9999 -9999 -9999 -9999 -9999 -9999 -9999 -9999 -9999 -9999 -9999 -9999 -9999 -9999 4.25106E-13 1.37911E-20 1.4291E-30 1.86089E-36 1.77294E-27 2.30316E-13 8.98371E-3 5.86124E-1 6.0041E-1 5.58347E-1 5.68028E-1 6.02871E-1 6.38237E-1 6.31754E-1 5.62229E-1 5.52815E-1 5.8012E-1 5.99904E-1 6.1521E-1 6.27348E-1 6.22476E-1 5.8582E-1 5.43857E-1 4.92013E-1 4.3406E-1 3.11805E-1 1.67412E-1 1.17585E-1 1.41545E-1 2.55997E-1 2.23457E-1 1.718E-1 1.22298E-1 7.69778E-2 4.06271E-2 2.23589E-2 1.62027E-2 1.81408E-2
-9999 -9999 -9999 -9999 -9999 -9999 -9999 -9999 -9999 -9999 -9999 -9999 -9999 -9999 -9999 -9999 -9999 -9999 -9999 -9999 -9999 -9999 -9999 -9999 -9999 -9999 -9999 -9999 -9999 -9999 -9999 -9999 1.64175E-16 6.60942E-24 4.10441E-35 2.97653E-38 1.1779E-38 6.33864E-30 1.43805E-7 1.69454E-1 6.0892E-1 5.42383E-1 5.46195E-1 5.89585E-1 6.33095E-1 6.45209E-1 6.31076E-1 6.24235E-1 6.20553E-1 6.16054E-1 6.11636E-1 6.11312E-1 6.09356E-1 5.75884E-1 5.29317E-1 4.75593E-1 4.07044E-1 2.83108E-1 1.81242E-1 1.16453E-1 1.05188E-1 1.19352E-1 1.4125E-1 1.22853E-1 8.47814E-2 6.39272E-2 5.55917E-2 4.05178E-2 2.86832E-2 2.31387E-2
-9999 -9999 -9999 -9999 -9999 -9999 -9999 -9999 -9999 -9999 -9999 -9999 -9999 -9999 -9999 -9999 -9999 -9999 -9999 -9999 -9999 -9999 -9999 -9999 -9999 -9999 -9999 -9999 -9999 -9999 -9999 -9999 2.52638E-16 8.11315E-26 5.73079E-36 4.3125E-41 5.28061E-36 6.71645E-25 3.63651E-8 1.40343E-1 6.11361E-1 5.42383E-1 5.42557E-1 5.79914E-1 6.18717E-1 6.39804E-1 6.46639E-1 6.42982E-1 6.29209E-1 6.15907E-1 5.97132E-1 5.86452E-1 5.75251E-1 5.55311E-1 5.1092E-1 4.45661E-1 3.5718E-1 2.62323E-1 1.75949E-1 1.2737E-1 9.80985E-2 7.96886E-2 6.4787E-2 8.48226E-2 9.23706E-2 8.06922E-2 6.3909E-2 4.27304E-2 1.7525E-2 1.42934E-2
-9999 -9999 -9999 -9999 -9999 -9999 -9999 -9999 -9999 -9999 -9999 -9999 -9999 -9999 -9999 -9999 -9999 -9999 -9999 -9999 -9999 -9999 -9999 -9999 -9999 -9999 -9999 -9999 -9999 -9999 -9999 -9999 -9999 1.56104E-27 2.03618E-34 1.55912E-38 1.04765E-30 7.53044E-20 7.66932E-8 4.99918E-2 5.9285E-1 5.78161E-1 5.5377E-1 5.77175E-1 6.0641E-1 6.17149E-1 6.40426E-1 6.44892E-1 6.30435E-1 6.17309E-1 5.98935E-1 5.80049E-1 5.54097E-1 5.13859E-1 4.73352E-1 4.16986E-1 3.55487E-1 3.11754E-1 2.35544E-1 1.69948E-1 1.13986E-1 8.26522E-2 8.27386E-2 9.02044E-2 1.01639E-1 1.02482E-1 8.67517E-2 4.99662E-2 2.21061E-2 2.12031E-2
-9999 -9999 -9999 -9999 -9999 -9999 -9999 -9999 -9999 -9999 -9999 -9999 -9999 -9999 -9999 -9999 -9999 -9999 -9999 -9999 -9999 -9999 -9999 -9999 -9999 -9999 -9999 -9999 -9999 -9999 -9999 -9999 -9999 7.292E-29 1.04455E-31 2.60332E-38 9.3776E-33 1.22093E-20 4.82005E-6 3.25924E-1 6.0258E-1 5.89754E-1 5.69806E-1 5.84298E-1 6.10112E-1 6.26044E-1 6.44195E-1 6.42387E-1 6.30594E-1 6.17938E-1 5.98425E-1 5.75771E-1 5.38974E-1 4.94271E-1 4.56432E-1 4.00004E-1 3.6336E-1 3.78961E-1 2.97825E-1 2.24209E-1 1.64986E-1 1.10157E-1 1.01563E-1 1.0777E-1 1.23345E-1 1.40328E-1 1.30016E-1 1.01528E-1 6.72149E-2 6.30134E-2
