KUENM/Final_Models/M_0.1_F_lq_Set_2_NE/sp1_se_asia_min.asc
ncols         320
nrows         243
xllcorner     44.0
yllcorner     -0.666666666666667
cellsize      0.166666666666667
NODATA_value  -9999
[rows 62 to 92 of 243, columns 140 to 209 of 320]
4.6241E-2 3.63404E-2 3.41769E-2 3.6777E-2 4.2068E-2 5.74861E-2 8.20293E-2 1.05862E-1 9.81769E-2 1.05838E-1 1.13065E-1 1.10519E-1 1.3103E-1 1.39343E-1 1.43944E-1 1.59441E-1 1.38264E-1 1.36821E-1 1.46242E-1 1.22063E-1 8.1521E-2 5.42974E-2 4.52657E-2 4.33639E-2 4.31409E-2 4.43952E-2 4.25246E-2 4.33639E-2 4.52657E-2 4.88132E-2 5.68357E-2 6.35599E-2 7.43276E-2 8.18912E-2 8.71114E-2 8.62939E-2 8.16953E-2 7.48062E-2 7.34285E-2 8.69176E-2 1.05081E-1 1.2486E-1 1.52197E-1 1.84806E-1 2.23373E-1 2.5719E-1 2.99377E-1 3.49604E-1 3.90623E-1 4.10467E-1 4.23158E-1 4.34937E-1 4.83176E-1 5.09761E-1 4.89839E-1 4.89752E-1 5.28883E-1 5.36607E-1 4.07785E-1 2.80638E-1 2.88028E-1 1.69828E-1 8.32866E-2 5.74541E-2 6.06108E-2 2.24412E-2 6.92677E-3 8.52E-4 6.89938E-5 8.21578E-7
4.29711E-2 3.02961E-2 2.88079E-2 3.06914E-2 3.31619E-2 4.14856E-2 7.51713E-2 9.78752E-2 1.001E-1 1.10242E-1 1.06621E-1 1.12982E-1 1.21539E-1 1.3224E-1 1.43271E-1 1.3724E-1 1.17005E-1 1.24768E-1 1.4926E-1 1.26963E-1 7.55874E-2 5.06679E-2 4.21325E-2 4.15275E-2 4.09297E-2 4.27446E-2 4.27446E-2 4.29469E-2 4.54794E-2 4.97141E-2 5.94442E-2 6.81465E-2 7.8495E-2 8.77899E-2 9.29433E-2 9.03561E-2 8.35726E-2 6.9631E-2 6.83589E-2 8.4298E-2 1.00315E-1 1.22949E-1 1.44104E-1 1.75963E-1 2.08495E-1 2.32527E-1 2.66363E-1 3.14682E-1 3.76181E-1 4.33164E-1 4.67975E-1 4.51664E-1 4.8013E-1 5.27285E-1 5.32553E-1 5.31505E-1 5.44219E-1 5.43408E-1 4.99844E-1 4.21737E-1 3.50323E-1 2.0377E-1 7.60348E-2 4.70277E-2 5.79016E-2 4.09205E-2 2.05702E-2 8.54365E-3 2.10542E-3 2.51441E-4
3.67483E-2 2.67037E-2 2.58322E-2 2.62891E-2 2.71619E-2 3.42271E-2 5.49915E-2 7.67734E-2 9.18994E-2 1.06081E-1 1.13968E-1 1.17231E-1 1.20114E-1 1.22961E-1 1.25039E-1 9.2322E-2 8.85443E-2 9.32831E-2 9.98271E-2 8.49953E-2 6.3002E-2 4.79057E-2 4.0339E-2 3.86085E-2 3.91784E-2 3.97552E-2 4.11238E-2 4.29469E-2 4.63285E-2 5.20367E-2 5.96696E-2 6.92719E-2 8.07597E-2 8.91588E-2 9.32831E-2 9.32831E-2 8.53442E-2 7.95064E-2 8.21349E-2 9.2322E-2 1.09412E-1 1.27766E-1 1.52475E-1 1.75363E-1 1.99104E-1 2.24706E-1 2.45083E-1 2.91388E-1 3.57206E-1 4.25474E-1 4.58026E-1 4.39286E-1 4.64707E-1 5.22635E-1 5.43501E-1 5.49603E-1 5.55316E-1 5.4976E-1 5.37393E-1 4.76022E-1 3.71987E-1 2.2724E-1 1.07481E-1 6.06317E-2 6.92489E-2 5.79016E-2 4.1321E-2 2.66262E-2 1.63168E-2 4.81165E-3
3.32075E-2 2.50316E-2 2.38706E-2 2.3494E-2 2.4685E-2 3.42095E-2 4.85496E-2 8.0111E-2 1.03235E-1 1.05757E-1 1.07373E-1 1.01343E-1 9.2808E-2 8.95513E-2 7.58091E-2 6.55122E-2 6.46516E-2 6.37998E-2 6.10649E-2 5.38062E-2 4.65706E-2 4.0339E-2 3.80454E-2 3.58604E-2 3.65701E-2 3.82264E-2 4.07049E-2 4.31314E-2 4.71708E-2 5.1492E-2 5.82724E-2 6.67967E-2 7.79876E-2 8.51262E-2 9.1353E-2 9.44102E-2 9.63423E-2 9.82584E-2 1.02529E-1 1.11862E-1 1.24363E-1 1.42757E-1 1.58658E-1 1.84695E-1 2.06134E-1 2.25965E-1 2.50195E-1 2.92974E-1 3.35796E-1 3.81776E-1 4.25474E-1 4.44336E-1 4.7965E-1 5.17333E-1 5.46402E-1 5.63152E-1 5.58778E-1 5.61306E-1 5.62081E-1 5.07186E-1 3.67629E-1 2.37203E-1 1.50087E-1 1.11233E-1 1.12503E-1 1.05234E-1 8.09717E-2 6.77048E-2 6.14549E-2 2.48019E-2
2.6326E-2 2.50316E-2 2.58322E-2 2.42524E-2 2.54292E-2 3.46458E-2 5.97158E-2 8.5743E-2 9.90143E-2 9.25665E-2 8.46123E-2 7.42591E-2 7.29702E-2 6.53425E-2 5.32946E-2 4.54899E-2 4.42061E-2 4.2824E-2 4.08623E-2 3.54993E-2 3.32765E-2 3.1323E-2 3.32765E-2 3.34356E-2 3.44546E-2 3.67282E-2 3.89594E-2 4.20656E-2 4.6665E-2 5.1492E-2 5.92402E-2 6.67967E-2 7.33467E-2 8.32424E-2 9.16117E-2 9.70052E-2 1.04607E-1 1.14174E-1 1.27511E-1 1.31132E-1 1.44958E-1 1.60286E-1 1.7726E-1 2.01938E-1 2.25965E-1 2.44538E-1 2.65438E-1 3.10491E-1 3.51276E-1 3.72431E-1 4.05854E-1 4.43113E-1 4.87909E-1 5.26737E-1 5.30431E-1 5.15609E-1 5.39224E-1 5.43758E-1 5.64168E-1 4.94867E-1 3.55565E-1 2.52531E-1 2.11645E-1 1.92297E-1 1.8375E-1 2.00886E-1 1.90371E-1 1.90371E-1 1.36905E-1 6.45397E-2
2.75496E-2 2.74988E-2 2.70738E-2 2.83658E-2 3.35578E-2 5.25748E-2 9.89805E-2 1.27268E-1 1.15309E-1 9.21628E-2 7.16239E-2 6.00455E-2 5.30982E-2 4.54899E-2 4.12298E-2 3.61151E-2 3.19391E-2 3.04193E-2 2.89491E-2 2.71037E-2 2.60314E-2 2.8136E-2 3.05286E-2 3.11326E-2 3.35806E-2 3.63278E-2 3.91103E-2 4.2824E-2 4.73314E-2 5.30982E-2 5.85898E-2 6.69625E-2 7.42948E-2 8.32424E-2 9.38496E-2 1.05321E-1 1.15036E-1 1.35054E-1 1.51356E-1 1.56958E-1 1.64192E-1 1.79782E-1 2.01194E-1 2.32691E-1 2.59697E-1 2.82804E-1 3.04647E-1 3.47417E-1 3.7432E-1 3.85583E-1 3.96706E-1 4.43113E-1 4.96766E-1 5.3954E-1 5.24371E-1 5.02097E-1 5.28971E-1 5.39348E-1 5.65927E-1 5.64945E-1 4.73079E-1 3.51738E-1 2.95393E-1 2.63974E-1 2.35348E-1 2.50288E-1 2.80698E-1 3.04693E-1 2.04387E-1 8.71181E-2
3.03118E-2 2.83658E-2 3.11067E-2 3.6168E-2 4.90259E-2 9.08514E-2 1.91076E-1 2.14517E-1 1.32885E-1 8.06479E-2 5.81519E-2 4.65288E-2 3.96617E-2 3.51867E-2 3.25801E-2 2.87654E-2 2.41538E-2 2.45392E-2 2.37014E-2 2.43798E-2 2.46711E-2 2.62711E-2 2.88362E-2 3.06614E-2 3.37114E-2 3.63278E-2 3.98235E-2 4.2824E-2 4.68037E-2 5.24992E-2 5.93885E-2 6.78477E-2 7.5252E-2 8.53333E-2 9.72782E-2 1.09331E-1 1.154E-1 1.37388E-1 1.61244E-1 1.75285E-1 1.83949E-1 2.07457E-1 2.35681E-1 2.7893E-1 3.26076E-1 3.49348E-1 3.57206E-1 3.85583E-1 4.13087E-1 4.10148E-1 3.91079E-1 4.36852E-1 4.96058E-1 5.22724E-1 5.12349E-1 5.07776E-1 5.02097E-1 5.57982E-1 5.64871E-1 5.59883E-1 5.68095E-1 4.77264E-1 3.79389E-1 3.28562E-1 2.62061E-1 2.28153E-1 2.52531E-1 2.67809E-1 1.65405E-1 6.51576E-2
3.17334E-2 3.01693E-2 3.35578E-2 4.06929E-2 5.63247E-2 1.04786E-1 2.20013E-1 2.18175E-1 1.07563E-1 6.30125E-2 4.45893E-2 3.68712E-2 3.36786E-2 3.07072E-2 2.8827E-2 2.6258E-2 2.42165E-2 2.30284E-2 2.33984E-2 2.37014E-2 2.47681E-2 2.63742E-2 2.85057E-2 2.98533E-2 3.38278E-2 3.59148E-2 3.99427E-2 4.42061E-2 4.96482E-2 5.39727E-2 6.10112E-2 6.87418E-2 7.81789E-2 8.76378E-2 1.0243E-1 1.14691E-1 1.19946E-1 1.36309E-1 1.61244E-1 1.81975E-1 2.03005E-1 2.40489E-1 2.84177E-1 3.41296E-1 4.00384E-1 4.31882E-1 4.21574E-1 4.41885E-1 4.48821E-1 4.44809E-1 4.46467E-1 4.73311E-1 5.00604E-1 4.75386E-1 4.84854E-1 5.38838E-1 5.40236E-1 5.55523E-1 5.71106E-1 5.85601E-1 5.81334E-1 5.61591E-1 4.63549E-1 3.73719E-1 2.87941E-1 2.13337E-1 2.18851E-1 2.22555E-1 1.38742E-1 6.33393E-2
3.93645E-2 3.06914E-2 3.46458E-2 3.90155E-2 5.12236E-2 7.17047E-2 9.66547E-2 8.15522E-2 5.13418E-2 3.91067E-2 3.17334E-2 2.93962E-2 2.71719E-2 2.71719E-2 2.67175E-2 2.6258E-2 2.38353E-2 2.30882E-2 2.33984E-2 2.37735E-2 2.48544E-2 2.6466E-2 2.81656E-2 3.04193E-2 3.34226E-2 3.65624E-2 4.06337E-2 4.56054E-2 5.24992E-2 5.85898E-2 6.35096E-2 7.05567E-2 7.81789E-2 9.0726E-2 1.06074E-1 1.33749E-1 1.46969E-1 1.6014E-1 1.76946E-1 1.98509E-1 2.29288E-1 2.7835E-1 3.31564E-1 3.96696E-1 4.41885E-1 4.69932E-1 4.70126E-1 4.72112E-1 4.84004E-1 4.78493E-1 4.90672E-1 5.1247E-1 5.2765E-1 5.07575E-1 5.16552E-1 5.39993E-1 5.55665E-1 5.56561E-1 5.82712E-1 5.77049E-1 5.85601E-1 5.82951E-1 4.85728E-1 4.15627E-1 3.31778E-1 2.58651E-1 2.52859E-1 2.58656E-1 2.20473E-1 1.43729E-1
4.76696E-2 3.16426E-2 3.31157E-2 3.57478E-2 3.90696E-2 4.32618E-2 4.45247E-2 3.52177E-2 2.7188E-2 2.47564E-2 2.43676E-2 2.39859E-2 2.47491E-2 2.51226E-2 2.54895E-2 2.54461E-2 2.38865E-2 2.38353E-2 2.34592E-2 2.45392E-2 2.6466E-2 2.81656E-2 3.05112E-2 3.25108E-2 3.5053E-2 3.88876E-2 4.30611E-2 4.96482E-2 5.54787E-2 6.10112E-2 7.05567E-2 7.62185E-2 8.30398E-2 8.94119E-2 9.61257E-2 1.21001E-1 1.57404E-1 1.82575E-1 2.05583E-1 2.29288E-1 2.64138E-1 3.11531E-1 3.6255E-1 4.25655E-1 4.60921E-1 4.86536E-1 4.90566E-1 4.86821E-1 4.89839E-1 4.91321E-1 4.91326E-1 5.20461E-1 5.43501E-1 5.51831E-1 5.62043E-1 5.65311E-1 5.74951E-1 5.69017E-1 5.80878E-1 5.84404E-1 5.92445E-1 5.76678E-1 5.21257E-1 4.79559E-1 3.92643E-1 3.29801E-1 3.38151E-1 3.6378E-1 3.26202E-1 2.46827E-1
4.75842E-2 3.12374E-2 3.16868E-2 3.17171E-2 3.17171E-2 3.07637E-2 2.89292E-2 2.47436E-2 2.17786E-2 2.00957E-2 1.9771E-2 2.14431E-2 2.21365E-2 2.32067E-2 2.39574E-2 2.35498E-2 2.35097E-2 2.30882E-2 2.49946E-2 2.65463E-2 2.78163E-2 3.09811E-2 3.30065E-2 3.46052E-2 3.78383E-2 4.07196E-2 4.62601E-2 5.32319E-2 6.10112E-2 7.03827E-2 7.99806E-2 8.61834E-2 9.21654E-2 9.55469E-2 9.51998E-2 1.08682E-1 1.61244E-1 2.0916E-1 2.33966E-1 2.57583E-1 2.89364E-1 3.35016E-1 3.86963E-1 4.34425E-1 4.63206E-1 4.86536E-1 4.82251E-1 4.69742E-1 4.75757E-1 4.82003E-1 4.99086E-1 5.03372E-1 5.36106E-1 5.56286E-1 5.56408E-1 5.60587E-1 5.68166E-1 5.81691E-1 5.90161E-1 5.93566E-1 5.64964E-1 5.76016E-1 5.35844E-1 4.82778E-1 4.54992E-1 4.14969E-1 4.0576E-1 4.65212E-1 4.2691E-1 3.52419E-1
3.78302E-2 3.12534E-2 2.98346E-2 2.93941E-2 2.7629E-2 2.59547E-2 2.39859E-2 2.36057E-2 2.21431E-2 2.04267E-2 1.97724E-2 2.04267E-2 2.21365E-2 2.24762E-2 2.24762E-2 2.31774E-2 2.38865E-2 2.38353E-2 2.46029E-2 2.8324E-2 3.1061E-2 3.30769E-2 3.51867E-2 3.897E-2 4.13169E-2 4.57013E-2 5.04544E-2 6.01956E-2 7.13015E-2 8.20108E-2 9.27259E-2 1.00511E-1 1.04985E-1 1.07055E-1 1.14628E-1 1.38855E-1 1.91542E-1 2.32101E-1 2.56696E-1 2.79933E-1 3.08957E-1 3.44762E-1 3.79704E-1 4.23867E-1 4.50376E-1 4.59424E-1 4.50572E-1 4.50965E-1 4.59489E-1 4.86168E-1 4.89193E-1 5.10149E-1 5.35452E-1 5.49401E-1 5.16123E-1 5.28607E-1 5.83623E-1 5.93552E-1 5.99219E-1 5.97205E-1 5.9752E-1 5.88219E-1 5.33274E-1 4.98044E-1 4.93551E-1 4.93551E-1 4.73228E-1 4.84342E-1 4.72979E-1 4.18619E-1
3.55807E-2 3.2222E-2 2.98499E-2 2.7631E-2 2.63669E-2 2.5143E-2 2.43604E-2 2.47582E-2 2.55423E-2 2.55215E-2 2.28661E-2 2.28576E-2 2.28576E-2 2.32067E-2 2.43406E-2 2.51226E-2 2.43099E-2 2.54461E-2 2.6258E-2 3.05899E-2 3.55807E-2 3.79019E-2 4.19915E-2 4.57013E-2 4.57013E-2 4.96482E-2 5.77995E-2 6.94728E-2 8.28032E-2 1.01984E-1 1.11857E-1 1.16703E-1 1.22977E-1 1.25258E-1 1.39391E-1 1.63271E-1 2.00267E-1 2.31117E-1 2.59562E-1 2.90734E-1 3.09389E-1 3.40332E-1 3.67953E-1 4.04054E-1 4.36923E-1 4.47496E-1 4.43411E-1 4.63447E-1 4.76602E-1 4.88982E-1 4.94042E-1 5.21827E-1 5.32742E-1 5.3505E-1 4.82769E-1 5.48038E-1 5.87711E-1 5.99545E-1 5.96867E-1 5.99184E-1 5.97952E-1 5.97813E-1 5.83235E-1 5.19896E-1 4.8585E-1 4.95162E-1 4.74616E-1 4.54469E-1 4.49265E-1 4.43112E-1
3.41894E-2 3.2222E-2 3.03028E-2 3.03028E-2 2.80306E-2 2.67511E-2 2.63357E-2 2.67511E-2 2.75638E-2 2.71719E-2 2.55423E-2 2.47491E-2 2.3977E-2 2.5143E-2 2.59259E-2 2.63571E-2 2.63357E-2 2.7948E-2 3.1061E-2 3.81075E-2 4.68037E-2 4.8371E-2 5.06001E-2 4.91392E-2 5.19687E-2 5.6244E-2 6.41999E-2 7.94905E-2 1.00189E-1 1.24333E-1 1.37757E-1 1.44748E-1 1.41343E-1 1.43811E-1 1.59122E-1 1.76294E-1 2.07369E-1 2.2819E-1 2.69233E-1 2.97574E-1 3.21218E-1 3.47511E-1 3.67953E-1 3.98542E-1 4.29433E-1 4.54084E-1 4.62535E-1 4.79441E-1 4.915E-1 5.12336E-1 5.12947E-1 5.35069E-1 5.41912E-1 5.35198E-1 5.10369E-1 5.37788E-1 5.88705E-1 5.99486E-1 5.95925E-1 5.8561E-1 6.01324E-1 6.04972E-1 5.98944E-1 5.49027E-1 4.90356E-1 4.30413E-1 3.9833E-1 4.11738E-1 4.17402E-1 4.37709E-1
3.63271E-2 3.37181E-2 3.32009E-2 3.118E-2 3.02404E-2 2.97293E-2 2.97797E-2 2.9817E-2 3.07072E-2 2.84685E-2 2.71719E-2 2.67511E-2 2.75984E-2 2.75984E-2 2.84916E-2 2.80533E-2 2.89121E-2 3.118E-2 3.49632E-2 4.35753E-2 5.55942E-2 6.37448E-2 6.45978E-2 5.72999E-2 5.71361E-2 6.10112E-2 6.67967E-2 8.07597E-2 1.04985E-1 1.42329E-1 1.71987E-1 1.68721E-1 1.62288E-1 1.63884E-1 1.75285E-1 1.95716E-1 2.2187E-1 2.42379E-1 2.77982E-1 3.07419E-1 3.23189E-1 3.50082E-1 3.64468E-1 4.04054E-1 4.35383E-1 4.70126E-1 4.86536E-1 4.92318E-1 5.14174E-1 5.32844E-1 5.39638E-1 5.58996E-1 5.59615E-1 5.68729E-1 5.73885E-1 5.88705E-1 5.93059E-1 5.99434E-1 5.97039E-1 5.81772E-1 5.79799E-1 5.63873E-1 5.28752E-1 5.14518E-1 4.99671E-1 4.49218E-1 3.92763E-1 3.96682E-1 3.90796E-1 4.04462E-1
3.7422E-2 3.7422E-2 3.62979E-2 3.31327E-2 3.30065E-2 3.45317E-2 3.46052E-2 3.36366E-2 3.31327E-2 3.16985E-2 3.1219E-2 3.02783E-2 2.9817E-2 2.9817E-2 3.03028E-2 3.17241E-2 3.03028E-2 3.16589E-2 3.67339E-2 4.75923E-2 6.53529E-2 9.29496E-2 7.7351E-2 6.53529E-2 6.35096E-2 6.50567E-2 6.94728E-2 7.99806E-2 1.00511E-1 1.34093E-1 1.63884E-1 1.7299E-1 1.7299E-1 1.74638E-1 1.90508E-1 2.20806E-1 2.451E-1 2.78973E-1 3.06272E-1 3.2516E-1 3.36969E-1 3.38377E-1 3.6063E-1 4.1539E-1 4.43E-1 4.74306E-1 4.94199E-1 5.01485E-1 5.30722E-1 5.51128E-1 5.64168E-1 5.78502E-1 5.67092E-1 5.79952E-1 5.93115E-1 5.92971E-1 5.93566E-1 6.0453E-1 5.98084E-1 5.80414E-1 5.56137E-1 5.39502E-1 4.88346E-1 4.66728E-1 4.89953E-1 4.76872E-1 3.96682E-1 3.29828E-1 3.27761E-1 3.05002E-1
4.14705E-2 3.96935E-2 3.90839E-2 3.78383E-2 3.72038E-2 4.00447E-2 3.95462E-2 3.67339E-2 3.56564E-2 3.51867E-2 3.57609E-2 3.36786E-2 3.36786E-2 3.31741E-2 3.32009E-2 3.37058E-2 3.37058E-2 3.52306E-2 4.01294E-2 4.89551E-2 7.13015E-2 8.59386E-2 7.7005E-2 6.85719E-2 6.83734E-2 7.3899E-2 7.60316E-2 8.40783E-2 1.03184E-1 1.29854E-1 1.50343E-1 1.70919E-1 1.75285E-1 1.93273E-1 2.16008E-1 2.50818E-1 2.79875E-1 3.0847E-1 3.43602E-1 3.50689E-1 3.50689E-1 3.53969E-1 3.92991E-1 4.3777E-1 4.6797E-1 4.86897E-1 5.00157E-1 5.18574E-1 5.36727E-1 5.63999E-1 5.83975E-1 5.9294E-1 5.8736E-1 5.89093E-1 5.68386E-1 5.77553E-1 5.98211E-1 6.05362E-1 5.97813E-1 5.49154E-1 5.39632E-1 5.43386E-1 5.00967E-1 4.29554E-1 4.55665E-1 4.40704E-1 3.78883E-1 3.18888E-1 3.15347E-1 2.59019E-1
4.45925E-2 4.45764E-2 4.26569E-2 4.44859E-2 4.37782E-2 4.31519E-2 4.19214E-2 4.19214E-2 4.01967E-2 3.90839E-2 3.90839E-2 3.73919E-2 3.73919E-2 3.62979E-2 3.68712E-2 3.63271E-2 3.68712E-2 3.96617E-2 4.44859E-2 5.3343E-2 6.41999E-2 7.01793E-2 6.50567E-2 6.25123E-2 7.36552E-2 7.97519E-2 8.42831E-2 8.76378E-2 1.04643E-1 1.27818E-1 1.56992E-1 1.79731E-1 1.95162E-1 2.22115E-1 2.55263E-1 2.91897E-1 3.20193E-1 3.49855E-1 3.57674E-1 3.75121E-1 3.8163E-1 3.75167E-1 4.3061E-1 4.83248E-1 4.92117E-1 4.82568E-1 4.96343E-1 5.19632E-1 5.44663E-1 5.69825E-1 6.0244E-1 6.03172E-1 6.05152E-1 5.99175E-1 5.76878E-1 6.01937E-1 5.91103E-1 5.89017E-1 5.64541E-1 5.32728E-1 5.33274E-1 4.79479E-1 4.38371E-1 3.74638E-1 3.5248E-1 3.82739E-1 3.43827E-1 2.87722E-1 3.86766E-1 3.64436E-1
5.49915E-2 4.92386E-2 4.78683E-2 4.84515E-2 4.77715E-2 4.50528E-2 4.31519E-2 4.32241E-2 4.26569E-2 4.20435E-2 4.14373E-2 4.14373E-2 4.08384E-2 4.08384E-2 4.08711E-2 4.14705E-2 4.33121E-2 4.39055E-2 4.8511E-2 5.49261E-2 6.20648E-2 6.71001E-2 6.60861E-2 6.96448E-2 8.20108E-2 8.76378E-2 9.21628E-2 9.45231E-2 1.0624E-1 1.26973E-1 1.58977E-1 1.89451E-1 2.36582E-1 2.92447E-1 3.24699E-1 3.44551E-1 3.63127E-1 3.72147E-1 3.8002E-1 3.80882E-1 3.8163E-1 4.05584E-1 4.24179E-1 5.05742E-1 4.76652E-1 4.47975E-1 4.88969E-1 5.23458E-1 5.50408E-1 5.88781E-1 6.15767E-1 6.01109E-1 6.04112E-1 5.97804E-1 5.96066E-1 5.81912E-1 5.22642E-1 5.13866E-1 4.88328E-1 4.91767E-1 5.20317E-1 4.86061E-1 4.27892E-1 3.27761E-1 2.90553E-1 3.27761E-1 3.29294E-1 2.73299E-1 3.80383E-1 4.12499E-1
6.44448E-2 6.2342E-2 5.26088E-2 5.45843E-2 4.98959E-2 4.70992E-2 4.44859E-2 4.39055E-2 4.39405E-2 4.45764E-2 4.58704E-2 4.58704E-2 4.58704E-2 4.51836E-2 4.51836E-2 4.58704E-2 4.78683E-2 4.98959E-2 5.42408E-2 6.04926E-2 6.72095E-2 7.83377E-2 8.63929E-2 9.10521E-2 9.91431E-2 1.03917E-1 1.05213E-1 1.05213E-1 1.12727E-1 1.24557E-1 1.50783E-1 1.95332E-1 2.58355E-1 3.52854E-1 3.92098E-1 3.99411E-1 4.06541E-1 4.10977E-1 4.00003E-1 3.76171E-1 4.17161E-1 4.61602E-1 4.46467E-1 4.47115E-1 4.14883E-1 4.43113E-1 5.10595E-1 5.47982E-1 5.71084E-1 6.10816E-1 6.22238E-1 6.11808E-1 5.88866E-1 5.579E-1 5.438E-1 5.45127E-1 4.8268E-1 4.52084E-1 5.04214E-1 5.22823E-1 4.49218E-1 4.55193E-1 3.8685E-1 2.73837E-1 2.37614E-1 2.40794E-1 2.28176E-1 2.40941E-1 3.16806E-1 3.94541E-1
7.14841E-2 7.12058E-2 6.31757E-2 6.08086E-2 5.13529E-2 4.99355E-2 4.71947E-2 4.85671E-2 4.85671E-2 5.06585E-2 5.13714E-2 5.20922E-2 5.28021E-2 5.06001E-2 5.20323E-2 5.20323E-2 5.42836E-2 5.7345E-2 6.29766E-2 6.90778E-2 8.04679E-2 9.42636E-2 1.10851E-1 1.21932E-1 1.2469E-1 1.30238E-1 1.24681E-1 1.19286E-1 1.15286E-1 1.21908E-1 1.58535E-1 2.20521E-1 2.97738E-1 3.69153E-1 4.22354E-1 4.50848E-1 4.55301E-1 4.51293E-1 4.34893E-1 4.34585E-1 4.71222E-1 4.96058E-1 4.78159E-1 4.43113E-1 4.48101E-1 4.84112E-1 5.51205E-1 5.82335E-1 6.00097E-1 6.14967E-1 6.22251E-1 6.16624E-1 5.79218E-1 4.93419E-1 4.31006E-1 4.91929E-1 4.84269E-1 5.21657E-1 5.11568E-1 4.4684E-1 4.89953E-1 3.72742E-1 2.89907E-1 2.1676E-1 1.59744E-1 1.12216E-1 9.0331E-2 1.34252E-1 2.37852E-1 3.01399E-1
7.36262E-2 7.73364E-2 7.15612E-2 6.58565E-2 5.57978E-2 5.28173E-2 4.99247E-2 5.06293E-2 5.35542E-2 5.73614E-2 5.89425E-2 6.05617E-2 5.89256E-2 5.96817E-2 5.96817E-2 6.1312E-2 6.38219E-2 6.73429E-2 7.27602E-2 7.85572E-2 8.89641E-2 1.07475E-1 1.3278E-1 1.61739E-1 1.68019E-1 1.56831E-1 1.47579E-1 1.28496E-1 1.14845E-1 1.32719E-1 1.86414E-1 2.56376E-1 3.33578E-1 4.00012E-1 4.56262E-1 4.95477E-1 5.02399E-1 4.88804E-1 4.74283E-1 4.79016E-1 4.64806E-1 4.57837E-1 4.65802E-1 4.45623E-1 5.18301E-1 5.3781E-1 5.62438E-1 6.00948E-1 6.13429E-1 6.24442E-1 6.22216E-1 6.19226E-1 5.86656E-1 5.06177E-1 4.15976E-1 5.05195E-1 5.18388E-1 4.67483E-1 4.41678E-1 4.71609E-1 4.40262E-1 3.4306E-1 2.97779E-1 1.98893E-1 1.7224E-1 7.95794E-2 4.53559E-2 1.2635E-1 1.96155E-1 1.90111E-1
8.00213E-2 8.00213E-2 7.33156E-2 7.0596E-2 6.29766E-2 5.73614E-2 5.41474E-2 5.48986E-2 5.88583E-2 6.82183E-2 7.1902E-2 7.28371E-2 6.82328E-2 6.64619E-2 6.63301E-2 6.9901E-2 7.27602E-2 7.85572E-2 8.46883E-2 9.00568E-2 1.00322E-1 1.13929E-1 1.44614E-1 1.98793E-1 2.25813E-1 1.93109E-1 1.69448E-1 1.42378E-1 1.42666E-1 1.79402E-1 2.60251E-1 3.0757E-1 3.7109E-1 4.35188E-1 4.94127E-1 5.34304E-1 5.44347E-1 5.35329E-1 5.21788E-1 4.8013E-1 4.43522E-1 4.71974E-1 4.89453E-1 5.09288E-1 5.49006E-1 5.72334E-1 5.78222E-1 6.07387E-1 6.18248E-1 6.24687E-1 6.26223E-1 6.29226E-1 6.13289E-1 5.97325E-1 5.58008E-1 4.80131E-1 4.10244E-1 3.63107E-1 3.36231E-1 4.60056E-1 3.58818E-1 3.33484E-1 2.95393E-1 2.79868E-1 2.19407E-1 1.42667E-1 1.2635E-1 2.05512E-1 2.11216E-1 1.29278E-1
8.61545E-2 8.17309E-2 8.11183E-2 7.5252E-2 6.64854E-2 6.21179E-2 5.76014E-2 5.93419E-2 6.79438E-2 8.36139E-2 9.34436E-2 8.68975E-2 8.16716E-2 7.37035E-2 7.45667E-2 8.04679E-2 8.5743E-2 9.56637E-2 1.01511E-1 1.06362E-1 1.13929E-1 1.23195E-1 1.38797E-1 1.83237E-1 2.01912E-1 1.99834E-1 1.85552E-1 1.72127E-1 1.85908E-1 2.76003E-1 3.87019E-1 3.55383E-1 4.11317E-1 4.79551E-1 5.2887E-1 5.62581E-1 5.78431E-1 5.83071E-1 5.57911E-1 4.61329E-1 4.58063E-1 4.87304E-1 5.18108E-1 5.47508E-1 5.81629E-1 6.01465E-1 6.12624E-1 6.15589E-1 5.70373E-1 5.76218E-1 5.86605E-1 6.09358E-1 6.14257E-1 6.33977E-1 6.05553E-1 5.00607E-1 3.98635E-1 3.32446E-1 3.00888E-1 4.18611E-1 3.21778E-1 3.0279E-1 3.03207E-1 3.14288E-1 2.79466E-1 2.18252E-1 1.79346E-1 2.15054E-1 2.41296E-1 2.16983E-1
9.37273E-2 9.17335E-2 8.42963E-2 7.64968E-2 7.18666E-2 6.69104E-2 6.45737E-2 6.91986E-2 7.81188E-2 9.21184E-2 1.02765E-1 1.01615E-1 9.01563E-2 7.76278E-2 7.85572E-2 9.00568E-2 1.03917E-1 1.16529E-1 1.25929E-1 1.2731E-1 1.34357E-1 1.43121E-1 1.41739E-1 1.68157E-1 1.87623E-1 1.95939E-1 1.9901E-1 2.00777E-1 2.30821E-1 3.13676E-1 3.69065E-1 3.9619E-1 4.4047E-1 5.13587E-1 5.61423E-1 5.9051E-1 6.03165E-1 6.00948E-1 5.15536E-1 4.6714E-1 4.85451E-1 5.11949E-1 5.43212E-1 5.71977E-1 5.93711E-1 6.01175E-1 6.02582E-1 5.75895E-1 5.20834E-1 5.41371E-1 5.57193E-1 5.54921E-1 5.80487E-1 6.0746E-1 5.91817E-1 5.27612E-1 4.51613E-1 3.54575E-1 2.8947E-1 4.03902E-1 3.11404E-1 2.6409E-1 2.7743E-1 2.9022E-1 3.03484E-1 2.37964E-1 1.9131E-1 2.0035E-1 2.99283E-1 3.37606E-1
9.94142E-2 9.62855E-2 9.40668E-2 8.65668E-2 7.76115E-2 7.61597E-2 7.47728E-2 7.79168E-2 8.95604E-2 1.00158E-1 1.10065E-1 1.1399E-1 1.01615E-1 9.12597E-2 9.01252E-2 1.03917E-1 1.24557E-1 1.49147E-1 1.58454E-1 1.60036E-1 1.66448E-1 1.68189E-1 1.6979E-1 1.86195E-1 2.06964E-1 2.18804E-1 2.28042E-1 2.39301E-1 2.62844E-1 3.0109E-1 3.59202E-1 4.36893E-1 5.02836E-1 5.71011E-1 6.02696E-1 6.05714E-1 6.07266E-1 5.53608E-1 4.6295E-1 5.05055E-1 5.23021E-1 5.41948E-1 5.6667E-1 5.87747E-1 5.94371E-1 5.73546E-1 5.55093E-1 4.95051E-1 4.58065E-1 5.4108E-1 5.61649E-1 5.1298E-1 5.37152E-1 5.42841E-1 5.11285E-1 4.9625E-1 4.56972E-1 3.73502E-1 2.7807E-1 3.81875E-1 2.85154E-1 2.38673E-1 2.39323E-1 2.31904E-1 2.38733E-1 2.05261E-1 2.07976E-1 2.6002E-1 3.23052E-1 3.01429E-1
1.02689E-1 1.04506E-1 9.90143E-2 9.22708E-2 8.79296E-2 8.33584E-2 8.52682E-2 8.84732E-2 9.76455E-2 1.03882E-1 1.11428E-1 1.16591E-1 1.11481E-1 1.05249E-1 1.15309E-1 1.2731E-1 1.53761E-1 1.83056E-1 1.91652E-1 1.93393E-1 1.97029E-1 2.02389E-1 2.11124E-1 2.23376E-1 2.39813E-1 2.50729E-1 2.68132E-1 2.92274E-1 3.16593E-1 3.49335E-1 4.13184E-1 4.89196E-1 5.65302E-1 6.13313E-1 6.16812E-1 6.05601E-1 5.09877E-1 3.65619E-1 4.68214E-1 5.24998E-1 5.44219E-1 5.63038E-1 5.71824E-1 5.81975E-1 5.79457E-1 5.38378E-1 5.12879E-1 4.1382E-1 3.51436E-1 3.6283E-1 4.59584E-1 5.36905E-1 5.19836E-1 4.75711E-1 4.17703E-1 4.2199E-1 4.12414E-1 3.26202E-1 2.37451E-1 2.72362E-1 2.49015E-1 2.08122E-1 1.88861E-1 1.65405E-1 1.66978E-1 1.70531E-1 1.59974E-1 1.78789E-1 1.934E-1 1.80078E-1
1.02198E-1 1.05826E-1 9.88722E-2 9.80475E-2 9.57163E-2 9.56309E-2 9.78128E-2 1.01345E-1 1.08809E-1 1.10065E-1 1.15286E-1 1.17906E-1 1.20621E-1 1.2469E-1 1.3734E-1 1.52214E-1 1.76316E-1 2.02206E-1 2.18486E-1 2.22315E-1 2.35448E-1 2.42936E-1 2.52057E-1 2.64787E-1 2.79872E-1 3.05554E-1 3.27388E-1 3.5624E-1 4.03652E-1 4.35095E-1 5.27224E-1 5.69267E-1 6.19531E-1 5.92971E-1 5.98559E-1 5.3875E-1 3.77896E-1 4.34661E-1 4.87226E-1 5.14372E-1 5.50431E-1 5.68908E-1 5.7199E-1 5.50516E-1 4.99937E-1 4.76193E-1 4.78039E-1 4.39517E-1 3.70902E-1 3.3553E-1 3.58795E-1 4.55665E-1 5.14809E-1 4.21138E-1 3.62589E-1 3.48767E-1 3.33452E-1 2.4845E-1 1.65117E-1 1.25223E-1 1.43584E-1 1.55851E-1 1.51443E-1 1.27649E-1 1.19963E-1 9.38139E-2 6.22011E-2 7.33069E-2 8.77813E-2 9.54917E-2
9.84402E-2 9.98503E-2 1.00322E-1 1.07679E-1 1.06471E-1 1.07658E-1 1.10162E-1 1.12705E-1 1.1923E-1 1.15286E-1 1.19286E-1 1.23318E-1 1.33069E-1 1.44717E-1 1.56991E-1 1.74772E-1 1.91781E-1 2.16794E-1 2.37351E-1 2.50705E-1 2.6609E-1 2.83269E-1 2.94253E-1 3.13492E-1 3.37299E-1 3.72644E-1 4.02045E-1 4.4195E-1 5.00317E-1 5.4252E-1 5.87193E-1 6.05283E-1 5.65628E-1 5.31489E-1 4.83925E-1 3.80804E-1 2.64039E-1 3.88623E-1 4.95728E-1 5.34428E-1 5.58996E-1 5.73598E-1 5.59531E-1 5.13866E-1 4.45402E-1 3.98741E-1 3.97308E-1 3.70187E-1 3.40612E-1 3.3396E-1 3.42643E-1 4.39329E-1 4.02535E-1 3.64678E-1 3.27768E-1 3.21452E-1 2.82656E-1 2.0626E-1 1.24112E-1 5.64329E-2 6.42061E-2 1.21138E-1 1.40905E-1 1.21697E-1 8.55724E-2 4.2561E-2 1.74726E-2 2.41048E-2 3.88543E-2 6.1008E-2
9.84402E-2 1.0343E-1 1.07475E-1 1.12644E-1 1.15309E-1 1.17969E-1 1.21965E-1 1.24681E-1 1.27436E-1 1.17961E-1 1.24681E-1 1.34489E-1 1.49301E-1 1.61791E-1 1.74772E-1 1.90046E-1 2.13206E-1 2.31698E-1 2.54544E-1 2.67849E-1 2.93154E-1 3.10626E-1 3.33337E-1 3.70701E-1 4.05132E-1 4.45844E-1 4.77464E-1 5.19525E-1 5.60037E-1 5.97094E-1 6.14045E-1 6.23645E-1 4.63168E-2 5.04214E-1 3.61281E-1 2.93572E-1 3.20459E-1 3.49119E-1 5.05401E-1 5.49012E-1 5.6006E-1 5.2884E-1 4.85343E-1 4.31609E-1 4.09461E-1 3.71821E-1 3.15505E-1 2.84013E-1 2.96211E-1 3.48724E-1 3.44639E-1 3.94769E-1 3.06399E-1 2.36976E-1 2.78514E-1 2.83589E-1 2.54971E-1 1.7224E-1 1.04028E-1 4.48321E-2 5.8822E-2 1.18462E-1 1.57422E-1 1.40706E-1 8.02547E-2 3.32111E-2 1.20539E-2 1.02288E-2 1.60141E-2 3.42674E-2
1.04104E-1 1.06844E-1 1.16216E-1 1.21705E-1 1.2731E-1 1.31605E-1 1.3734E-1 1.41785E-1 1.41785E-1 1.40309E-1 1.44764E-1 1.55476E-1 1.64999E-1 1.76493E-1 1.88376E-1 1.98853E-1 2.16845E-1 2.41033E-1 2.63948E-1 2.95136E-1 3.41186E-1 3.60172E-1 3.88738E-1 4.19986E-1 4.62393E-1 5.08235E-1 5.34172E-1 5.68026E-1 6.01468E-1 6.22479E-1 6.328E-1 6.10478E-1 5.00967E-1 1.9924E-1 3.54785E-1 2.44227E-1 3.14014E-1 3.11975E-1 5.49697E-1 5.93711E-1 5.89608E-1 4.9128E-1 4.1071E-1 3.42122E-1 2.89907E-1 2.86175E-1 2.94182E-1 3.18347E-1 3.6082E-1 3.90796E-1 4.02525E-1 3.78696E-1 2.57907E-1 2.06798E-1 2.3191E-1 3.00129E-1 2.0869E-1 1.29366E-1 1.12216E-1 8.56955E-2 1.00377E-1 1.45087E-1 1.65117E-1 1.42213E-1 9.66805E-2 3.71028E-2 1.10097E-2 8.18752E-3 1.00479E-2 1.90282E-2
