KUENM/Final_Models/M_0.1_F_lq_Set_2_NE/sp1_8.asc
ncols         197
nrows         210
xllcorner     56.1666666666667
yllcorner     4.5
cellsize      0.166666666666667
NODATA_value  -9999
[rows 28 to 55 of 210, columns 65 to 129 of 197]
1.38751E-9 4.2861E-10 6.81827E-11 2.49188E-10 2.01088E-9 8.68415E-9 4.23238E-10 1.57847E-10 3.79289E-9 1.22178E-8 2.37223E-9 2.51181E-10 2.18159E-4 6.01933E-4 4.65359E-5 3.74383E-3 2.42827E-3 1.83578E-4 1.58134E-2 2.81748E-2 4.3111E-3 1.76447E-5 7.72049E-5 1.22215E-2 4.22511E-2 6.03963E-3 6.10422E-2 5.60158E-2 4.61824E-2 6.69082E-3 1.48119E-2 1.23386E-2 1.84761E-3 1.02433E-4 1.12017E-3 9.4262E-4 8.83459E-5 1.05299E-6 1.03852E-7 1.15378E-6 2.85311E-10 1.64577E-8 5.80067E-7 7.34411E-7 6.04191E-7 3.83877E-8 1.35867E-8 6.17054E-10 9.20815E-11 7.63974E-12 6.63096E-13 1.56996E-13 5.6413E-13 2.26589E-14 4.25405E-12 3.47883E-10 1.34018E-14 7.93202E-16 6.10694E-16 3.93657E-13 1.07587E-12 1.33157E-12 1.04964E-14 2.88511E-12 4.8942E-19
2.59886E-11 3.14742E-11 8.91859E-11 1.93614E-11 3.74644E-11 7.11792E-12 1.09124E-10 8.08146E-10 7.99122E-11 7.15282E-11 6.31878E-10 1.4471E-7 1.26349E-4 3.76257E-4 1.97478E-4 2.43753E-3 1.35172E-2 2.26721E-2 5.17992E-2 6.41337E-2 5.63879E-2 7.84597E-2 6.86051E-2 5.7984E-2 1.49661E-2 1.07028E-1 1.36334E-1 5.25011E-2 8.00257E-2 1.10331E-1 9.60009E-2 8.16736E-3 9.97379E-3 1.94739E-3 2.18751E-3 3.49432E-5 1.06252E-4 6.63032E-5 3.94739E-5 7.16887E-7 2.85554E-7 9.39041E-6 2.78486E-6 5.07433E-5 8.50773E-6 2.20412E-8 9.08204E-9 7.28418E-9 1.58188E-9 2.90198E-11 1.39292E-13 4.20451E-13 5.73497E-13 1.10257E-11 7.24616E-10 3.73468E-11 1.6965E-10 6.95548E-11 1.29609E-15 1.27216E-16 1.61894E-16 1.67963E-15 1.30839E-11 1.52738E-9 1.2071E-15
7.3706E-10 1.44858E-10 8.18903E-10 2.03882E-9 1.11598E-8 1.33045E-8 2.49906E-9 2.66787E-9 1.52118E-9 4.26695E-8 1.83582E-6 3.43885E-6 5.97418E-5 9.58859E-5 4.03809E-5 6.43568E-5 1.21436E-3 5.21648E-3 2.88759E-2 5.99937E-2 7.27989E-2 9.21241E-2 1.12929E-1 1.11245E-1 9.23026E-2 1.40015E-1 1.55476E-1 1.70381E-1 2.71039E-1 2.87538E-1 2.52872E-1 1.09029E-1 4.31709E-2 2.32294E-2 4.85572E-3 3.69237E-4 4.91601E-5 7.70844E-6 3.44559E-5 1.43651E-4 2.97044E-4 1.06265E-6 2.08108E-5 1.06958E-3 2.09893E-4 2.62686E-4 5.09073E-7 3.3597E-10 5.89456E-11 1.35588E-11 3.78419E-13 2.991E-12 1.18106E-11 1.02049E-11 2.3583E-11 3.90555E-11 2.77642E-11 1.11914E-10 2.36474E-10 1.1507E-13 7.44733E-16 4.51289E-17 2.16448E-16 5.89272E-16 1.80763E-11
4.363E-10 3.82702E-9 5.36738E-9 4.67397E-10 3.95112E-10 6.68712E-9 1.59848E-8 9.68594E-8 6.09006E-8 1.07055E-7 5.78342E-7 4.14635E-6 6.68834E-5 2.70075E-5 2.95317E-7 3.85927E-7 1.17872E-4 1.08077E-3 1.65054E-2 4.66668E-2 7.6837E-2 9.51393E-2 1.22017E-1 1.47189E-1 1.63292E-1 1.72742E-1 2.2026E-1 3.10725E-1 3.42488E-1 3.47237E-1 3.47616E-1 3.31134E-1 2.38697E-1 8.73353E-2 8.32226E-3 7.41605E-3 2.19708E-4 7.63968E-5 6.50433E-5 1.96558E-3 1.05855E-4 1.42126E-6 9.6951E-8 9.1445E-5 1.45518E-3 2.14287E-3 1.82501E-4 2.4093E-6 6.55063E-9 6.23917E-10 2.26696E-11 6.37106E-13 2.03027E-14 7.54275E-12 4.42773E-13 1.59889E-13 1.36321E-13 7.76762E-13 6.62396E-12 7.33026E-11 1.01815E-10 5.87933E-10 1.50461E-12 5.63587E-14 1.14468E-14
4.70342E-9 1.75011E-8 9.99484E-10 7.02576E-10 6.71598E-10 6.86735E-9 2.62213E-8 2.33867E-8 2.47746E-7 1.65262E-6 7.34697E-6 2.38495E-5 6.97056E-5 1.37059E-5 1.32155E-8 2.44029E-7 1.81598E-7 2.52645E-9 2.96098E-7 1.49242E-4 2.68435E-3 1.98337E-2 5.98564E-2 5.45694E-2 6.89531E-2 9.88114E-2 2.70545E-1 3.07424E-1 3.55395E-1 3.68628E-1 3.65729E-1 3.47689E-1 3.52547E-1 3.29669E-1 1.40172E-1 1.1752E-1 1.8767E-3 3.69168E-4 3.73934E-5 8.99E-3 1.27493E-3 1.06082E-4 9.8344E-5 1.27297E-6 2.44065E-5 1.13507E-3 1.89833E-3 2.04819E-4 7.93215E-8 2.90123E-9 1.13216E-10 1.49875E-11 4.61389E-14 3.61944E-12 1.42625E-15 9.60265E-15 3.9087E-15 1.91926E-15 6.26749E-16 5.46191E-13 8.26106E-14 5.68762E-11 3.64679E-11 1.34485E-8 6.23551E-12
4.35634E-8 1.13815E-8 5.40843E-10 2.80697E-10 1.75526E-10 2.7668E-9 3.14264E-9 7.75086E-9 1.11555E-7 7.18841E-7 4.27219E-6 4.16559E-5 3.93455E-5 2.35323E-6 5.37617E-8 1.84114E-6 2.67168E-5 2.86701E-4 6.75316E-4 1.21784E-5 7.05279E-7 6.8787E-6 4.72922E-4 1.00271E-2 5.45138E-2 1.283E-1 2.84188E-1 3.19329E-1 3.2313E-1 2.51979E-1 2.63293E-1 3.54173E-1 3.76216E-1 3.32898E-1 1.9501E-1 1.12571E-1 5.51451E-3 3.19063E-3 1.47646E-3 2.47255E-2 1.44574E-2 3.70537E-4 1.44441E-4 1.57703E-6 1.16394E-9 3.93752E-6 3.41062E-4 2.12017E-3 3.32324E-4 3.66782E-6 3.96559E-10 7.42956E-10 3.68758E-12 9.01911E-14 3.26437E-14 5.44009E-15 4.85603E-15 9.90502E-15 7.93127E-14 8.79022E-13 2.06647E-11 8.27682E-11 2.10547E-13 1.41116E-13 2.48991E-9
1.99814E-9 1.29828E-10 1.17376E-9 6.08529E-11 9.02174E-10 2.45879E-9 3.1898E-9 2.86816E-7 1.62838E-6 1.15305E-6 5.2517E-7 4.86943E-6 1.22513E-6 8.01849E-7 3.98946E-6 6.13482E-6 2.97375E-4 1.0464E-3 7.57732E-3 2.0762E-2 7.66335E-3 7.77748E-4 1.77471E-3 3.3844E-3 3.19034E-2 8.65733E-2 1.59532E-1 2.62265E-1 1.56011E-1 2.25557E-1 3.36233E-1 3.41008E-1 3.5646E-1 3.30262E-1 2.52255E-1 8.4539E-2 2.60993E-2 2.44245E-2 2.28416E-2 4.32075E-2 1.43548E-2 3.98874E-2 3.44853E-2 1.39226E-3 1.74903E-8 2.60723E-9 6.03234E-6 4.14173E-4 2.65371E-3 5.53344E-4 9.04998E-8 8.76665E-9 1.83668E-9 7.72197E-11 2.23662E-14 8.90027E-16 6.84057E-14 3.65763E-14 2.1878E-13 1.20081E-11 2.84345E-15 3.71393E-13 1.97768E-14 5.40485E-16 7.08676E-12
3.52356E-10 6.24589E-9 7.1072E-10 3.33841E-11 2.89761E-9 4.73786E-9 3.27295E-8 5.12449E-7 8.50202E-6 4.30676E-6 2.04757E-6 2.60909E-6 1.10728E-5 1.56171E-5 2.1805E-6 1.13896E-6 3.92149E-4 1.13568E-2 2.51367E-2 6.07793E-2 4.0001E-2 1.37376E-2 3.34925E-2 4.98644E-2 1.56767E-1 2.54747E-1 3.47332E-1 3.07247E-1 2.97309E-1 3.84757E-1 3.73093E-1 3.2987E-1 3.19136E-1 3.1346E-1 2.65247E-1 1.5171E-1 8.39789E-2 7.03864E-2 4.91238E-2 5.34913E-2 6.68824E-2 8.71431E-2 6.5372E-2 9.94793E-3 1.30867E-5 4.97391E-10 1.44414E-8 3.5634E-6 3.28893E-5 4.2892E-5 3.18948E-7 1.01723E-8 3.25053E-7 1.15931E-9 2.72634E-12 1.16391E-13 1.12014E-14 1.3929E-14 1.24789E-12 1.82852E-11 4.13241E-13 5.46721E-15 1.32242E-13 8.05944E-16 2.92517E-14
9.32274E-9 2.34121E-9 3.56836E-9 4.46639E-10 1.81402E-9 1.00346E-9 1.23958E-7 4.61068E-6 2.43457E-5 3.1213E-5 1.53366E-5 4.54834E-5 4.4477E-5 1.48942E-6 3.81228E-5 6.99179E-5 4.02523E-3 2.74881E-2 6.32046E-2 6.63537E-2 1.08297E-1 1.38378E-1 1.54863E-1 1.557E-1 2.1756E-1 3.42488E-1 4.22416E-1 4.18387E-1 4.0273E-1 4.13473E-1 3.89256E-1 3.56007E-1 3.54884E-1 3.27006E-1 3.05924E-1 2.83942E-1 1.97474E-1 1.61707E-1 1.33933E-1 8.81292E-2 5.32916E-2 6.87578E-2 7.75788E-2 4.62616E-2 7.7255E-3 3.45422E-6 2.01798E-5 4.71827E-7 1.41924E-7 3.768E-6 4.06947E-8 4.62022E-6 5.85174E-5 1.87769E-6 2.39646E-10 3.988E-10 4.77223E-11 4.7152E-15 5.2368E-15 1.01817E-11 5.33356E-15 1.17292E-13 1.75429E-14 1.95435E-14 7.37093E-15
3.06958E-9 1.58653E-9 1.84932E-8 1.50512E-8 2.27256E-8 5.74195E-7 6.37983E-6 2.04788E-5 3.34486E-5 2.42175E-5 4.2898E-5 4.58198E-5 5.57812E-6 8.34293E-7 4.58587E-5 9.34195E-4 1.23239E-2 2.6523E-2 3.25507E-2 9.59111E-2 1.60172E-1 2.09089E-1 1.89896E-1 2.60831E-1 3.11279E-1 3.37196E-1 3.57569E-1 3.78528E-1 4.12803E-1 3.85339E-1 3.87052E-1 3.93387E-1 3.77686E-1 3.84823E-1 4.0314E-1 3.5434E-1 2.99989E-1 2.84518E-1 2.59773E-1 1.39655E-1 6.6397E-2 5.5538E-2 1.08922E-1 1.08999E-1 7.51523E-2 1.65505E-2 4.59643E-3 2.676E-4 3.06911E-4 1.55952E-4 2.60573E-6 1.14227E-6 3.46574E-5 4.66223E-7 6.77492E-8 3.96898E-8 6.83252E-12 5.21911E-13 2.6121E-15 3.43197E-14 3.33856E-13 2.86248E-13 6.34295E-13 1.9361E-13 1.04401E-13
6.77698E-9 1.4949E-8 2.00209E-7 1.26937E-7 5.92123E-7 4.76273E-6 1.64008E-5 2.40801E-5 1.0076E-5 7.66902E-6 3.35646E-5 2.08621E-5 3.35306E-6 8.29206E-6 3.35593E-5 2.10729E-4 1.62692E-3 2.01411E-2 7.38097E-2 1.5837E-1 2.29866E-1 2.77827E-1 3.05942E-1 3.43915E-1 3.3515E-1 2.26711E-1 2.27593E-1 3.47781E-1 4.30578E-1 4.25411E-1 4.18756E-1 3.94939E-1 3.95314E-1 3.95331E-1 3.93635E-1 3.65534E-1 3.54289E-1 3.45933E-1 3.25805E-1 2.42657E-1 1.43829E-1 8.8366E-2 1.01504E-1 9.22894E-2 4.90714E-2 2.7962E-2 3.34229E-3 1.76044E-3 4.31805E-4 5.05244E-5 4.44189E-5 4.95243E-5 1.66945E-5 5.12731E-6 6.92586E-8 5.04754E-9 8.27948E-8 2.19936E-11 2.33606E-13 2.20797E-15 6.30617E-15 7.91602E-14 3.26437E-14 1.90159E-13 3.31327E-14
4.63243E-8 2.10568E-6 2.61702E-7 6.90993E-7 3.18541E-6 1.12048E-5 1.96367E-5 1.29816E-5 1.47489E-5 4.31034E-5 1.65117E-5 5.94026E-6 1.91907E-5 8.07134E-5 7.08157E-4 3.19612E-3 1.28572E-2 2.43348E-2 1.05598E-1 2.0017E-1 2.651E-1 3.08409E-1 3.37671E-1 3.58304E-1 3.14786E-1 3.94433E-1 4.29736E-1 4.24621E-1 4.14657E-1 4.02784E-1 3.88982E-1 3.61838E-1 3.59162E-1 3.56155E-1 3.45579E-1 3.7083E-1 3.95044E-1 4.23251E-1 4.12442E-1 3.62823E-1 2.827E-1 2.01899E-1 1.44616E-1 9.58613E-2 3.79573E-2 6.9517E-3 7.21257E-4 1.5758E-4 9.29952E-6 1.13305E-5 3.6888E-6 1.36247E-7 2.91671E-7 2.52015E-7 3.93498E-7 3.39503E-7 5.84574E-8 2.38035E-10 1.41241E-12 1.04888E-12 5.92107E-15 5.33165E-15 3.79791E-14 6.58326E-13 3.2106E-14
1.01619E-6 8.7377E-6 3.66408E-6 1.021E-5 2.03846E-5 2.05786E-5 2.98482E-5 3.61874E-5 5.52895E-5 4.02336E-5 5.23232E-6 2.43309E-5 3.11132E-5 2.85742E-4 1.07265E-4 2.4344E-4 1.16805E-4 3.52721E-3 3.88125E-2 1.34929E-1 2.58925E-1 3.08261E-1 3.36237E-1 3.51254E-1 3.44353E-1 3.96016E-1 4.17098E-1 4.13118E-1 3.53733E-1 3.85791E-1 3.55113E-1 3.13499E-1 2.90538E-1 2.71561E-1 2.7243E-1 3.034E-1 3.49845E-1 4.49821E-1 4.77276E-1 4.63914E-1 4.09781E-1 3.5888E-1 2.93646E-1 2.00542E-1 9.5302E-2 2.92559E-2 6.04114E-3 7.30814E-4 1.46424E-5 2.40791E-7 2.6139E-6 1.9002E-7 3.2537E-8 2.31958E-9 8.30209E-10 4.72943E-8 1.676E-8 1.3469E-9 1.00721E-9 5.31234E-13 5.70515E-13 3.31952E-12 1.67817E-14 5.92107E-15 3.00805E-14
3.40172E-5 9.51014E-6 2.86576E-5 2.45176E-5 1.90557E-5 4.07289E-5 5.53119E-5 6.00414E-5 5.72298E-5 3.20323E-5 6.52226E-5 2.82798E-4 9.03737E-5 2.21216E-4 2.95079E-5 3.75127E-5 4.7045E-4 7.13933E-3 3.68482E-2 6.43223E-2 2.35236E-1 3.01453E-1 3.17917E-1 3.34918E-1 3.47941E-1 3.69687E-1 3.99492E-1 4.04785E-1 3.89677E-1 2.79585E-1 2.30573E-1 2.18214E-1 3.03926E-1 3.6168E-1 4.16375E-1 4.30578E-1 4.65753E-1 4.95372E-1 5.08502E-1 5.07485E-1 5.0353E-1 4.82771E-1 4.51189E-1 3.73946E-1 2.60064E-1 2.21057E-1 9.99661E-2 2.49598E-2 2.29619E-3 2.46939E-5 2.64756E-7 1.68411E-8 1.28343E-9 4.51548E-12 2.66716E-14 1.15354E-10 3.91538E-8 8.1728E-10 1.34775E-10 2.79971E-9 6.32532E-10 1.64779E-11 1.51434E-14 3.66569E-14 7.44047E-15
1.85305E-5 7.33611E-5 5.13687E-5 1.13205E-5 3.45145E-5 6.4444E-5 6.68136E-5 4.52922E-5 4.61348E-5 5.71721E-5 1.20306E-4 8.19874E-4 5.66919E-4 1.85598E-4 3.15884E-4 1.96588E-3 4.47017E-3 3.2769E-2 1.23424E-1 1.93327E-1 2.62456E-1 2.8675E-1 2.94595E-1 2.79538E-1 2.76978E-1 3.25754E-1 3.64451E-1 3.79617E-1 3.87018E-1 3.74979E-1 3.25133E-1 3.98519E-1 4.50012E-1 4.47339E-1 4.38554E-1 4.25666E-1 4.43883E-1 4.68303E-1 4.95744E-1 5.10997E-1 5.17103E-1 5.17313E-1 5.05671E-1 4.86261E-1 4.26163E-1 4.38282E-1 3.49649E-1 1.79009E-1 6.23483E-2 1.28964E-2 6.45087E-4 5.171E-6 1.24117E-7 1.39831E-12 1.03455E-16 6.39654E-11 1.94607E-10 4.19978E-8 3.12347E-9 1.11864E-9 6.98402E-9 1.16468E-9 1.03846E-13 2.14629E-12 2.86034E-13
2.48218E-4 1.16572E-4 3.48729E-5 6.79374E-5 5.89461E-5 4.16756E-5 2.67791E-5 2.88578E-5 3.12819E-5 2.17707E-5 6.30594E-5 4.87478E-4 3.72106E-3 2.50655E-3 6.49311E-3 2.31188E-2 2.7815E-2 6.79668E-2 1.53863E-1 2.33433E-1 2.59451E-1 2.77499E-1 2.7266E-1 2.75014E-1 2.75691E-1 3.18656E-1 3.27014E-1 3.40189E-1 3.54572E-1 3.78438E-1 4.02798E-1 4.25641E-1 4.41598E-1 4.37183E-1 4.23629E-1 4.18441E-1 4.22602E-1 4.46279E-1 4.64755E-1 4.92444E-1 5.07194E-1 5.10698E-1 5.17103E-1 5.08271E-1 4.90916E-1 4.8024E-1 4.46467E-1 3.56363E-1 2.43231E-1 1.04579E-1 2.16546E-2 9.71079E-4 4.01383E-6 1.52345E-9 3.62044E-18 5.12552E-21 3.05318E-10 3.39974E-8 2.62199E-8 8.35939E-10 4.27802E-9 5.62497E-8 1.94147E-11 1.22982E-12 4.53613E-15
2.58121E-4 4.82391E-5 7.97047E-5 5.22962E-5 2.8622E-5 2.14584E-5 2.4414E-5 5.31629E-5 5.21177E-5 1.16593E-4 2.60129E-4 1.49189E-4 5.826E-3 1.59218E-2 2.71783E-2 5.21998E-2 9.65788E-2 1.09468E-1 2.01332E-1 2.38478E-1 2.54063E-1 2.6177E-1 2.74149E-1 2.75968E-1 2.8035E-1 2.83623E-1 2.92803E-1 3.03487E-1 3.17145E-1 3.3663E-1 3.64336E-1 3.92146E-1 4.18318E-1 4.20928E-1 4.1949E-1 4.03204E-1 3.98664E-1 4.1655E-1 4.30461E-1 4.56911E-1 4.81995E-1 4.98806E-1 5.1546E-1 5.09443E-1 4.97955E-1 4.91642E-1 4.69836E-1 4.36621E-1 3.57445E-1 2.23045E-1 9.05265E-2 1.88964E-2 3.25205E-4 2.8612E-7 3.97796E-11 2.48332E-19 1.14233E-23 2.59349E-17 1.25651E-10 2.59942E-8 5.2424E-9 5.8147E-8 9.65469E-9 1.30847E-12 9.34233E-15
1.1525E-4 8.14165E-5 5.71721E-5 1.26197E-4 6.65046E-5 5.40384E-5 7.10609E-5 1.05005E-4 2.05456E-4 2.86628E-4 6.95475E-4 5.69089E-4 2.39194E-3 2.24228E-2 4.64333E-2 4.9172E-2 6.96151E-2 3.63139E-2 1.74363E-1 2.25167E-1 2.44065E-1 2.53363E-1 2.57143E-1 2.54063E-1 2.54063E-1 2.55602E-1 2.54588E-1 2.69502E-1 2.83452E-1 2.94332E-1 3.23176E-1 3.58595E-1 3.82323E-1 3.87329E-1 3.86973E-1 3.76053E-1 3.81126E-1 3.83621E-1 4.06992E-1 4.29736E-1 4.61473E-1 4.95613E-1 5.19182E-1 5.17871E-1 5.06742E-1 4.91642E-1 4.64597E-1 4.43829E-1 3.97807E-1 3.1709E-1 1.97828E-1 8.80268E-2 4.55532E-3 8.22692E-6 4.87467E-10 4.52256E-11 7.76909E-17 2.94024E-15 3.25803E-12 1.75633E-10 1.6312E-9 6.2593E-9 2.26525E-8 7.75679E-11 1.81138E-12
7.26253E-5 1.616E-4 4.07922E-4 1.3361E-4 1.74669E-4 1.6767E-4 2.3714E-4 2.62042E-4 4.10897E-4 6.46439E-4 1.29598E-3 1.24859E-3 3.69309E-3 4.75962E-3 3.67753E-2 4.56548E-2 2.57427E-2 1.25562E-2 1.52368E-1 2.16998E-1 2.28732E-1 2.37904E-1 2.37904E-1 2.32692E-1 2.13251E-1 2.1621E-1 2.23661E-1 2.37239E-1 2.4639E-1 2.6177E-1 2.88215E-1 3.18656E-1 3.45977E-1 3.62927E-1 3.62536E-1 3.57133E-1 3.49911E-1 3.70528E-1 3.86076E-1 4.10537E-1 4.44353E-1 4.8347E-1 5.14896E-1 5.2576E-1 5.05198E-1 4.81492E-1 4.48425E-1 4.2177E-1 4.12301E-1 3.70704E-1 2.92055E-1 2.08657E-1 5.29443E-2 1.80566E-4 1.65899E-9 2.8249E-9 3.9318E-8 5.48238E-10 2.42894E-10 5.31793E-8 1.23703E-8 6.02983E-8 7.49535E-9 3.31146E-9 1.7095E-11
5.8907E-4 5.23046E-4 3.57612E-4 2.67886E-4 3.0645E-4 3.85365E-4 4.075E-4 4.90083E-4 6.75669E-4 9.70972E-4 2.06205E-3 2.41738E-3 2.93495E-3 7.41517E-3 2.21827E-2 3.53023E-2 4.95543E-3 3.58653E-3 1.04162E-1 1.89245E-1 2.24569E-1 2.26371E-1 2.18481E-1 2.12445E-1 1.96025E-1 1.96025E-1 2.03309E-1 2.13663E-1 2.28732E-1 2.40981E-1 2.58684E-1 2.92754E-1 3.18656E-1 3.4164E-1 3.58826E-1 3.51828E-1 3.47544E-1 3.5441E-1 3.63877E-1 3.89866E-1 4.27558E-1 4.76203E-1 5.14959E-1 5.33403E-1 5.12471E-1 4.84392E-1 4.56093E-1 4.31684E-1 4.37504E-1 4.16128E-1 3.75324E-1 3.08816E-1 1.75542E-1 4.10872E-2 2.24302E-3 3.93341E-4 3.13801E-5 6.75479E-5 3.85456E-6 6.09041E-7 3.48995E-8 1.9428E-9 7.04602E-9 1.79569E-8 1.82684E-7
7.7015E-4 5.75541E-4 3.77674E-4 2.37121E-4 1.92185E-4 2.65765E-4 4.04652E-4 4.35179E-4 8.93094E-4 1.22329E-3 1.62533E-3 1.25829E-3 2.19313E-3 1.20862E-2 3.62381E-2 1.76759E-2 6.72529E-3 1.04907E-2 6.09254E-2 1.85485E-1 2.15457E-1 2.11078E-1 2.11085E-1 2.06529E-1 1.93222E-1 1.90306E-1 1.93222E-1 1.9615E-1 2.06466E-1 2.18481E-1 2.41542E-1 2.62716E-1 2.97401E-1 3.3874E-1 3.60035E-1 3.72781E-1 3.68391E-1 3.58791E-1 3.51828E-1 3.73794E-1 4.0969E-1 4.52038E-1 4.94813E-1 5.15625E-1 5.09076E-1 5.01683E-1 4.83531E-1 4.8206E-1 4.75979E-1 4.58371E-1 4.22963E-1 3.82524E-1 3.31179E-1 2.19661E-1 6.52888E-2 2.48197E-2 4.87587E-3 1.46267E-3 2.19306E-4 1.74956E-6 1.49743E-7 4.97353E-7 2.04647E-6 6.28753E-6 2.94376E-7
5.05395E-4 4.2608E-4 2.9863E-4 2.68249E-4 2.44523E-4 2.85218E-4 4.27882E-4 5.84965E-4 4.53052E-4 6.95475E-4 9.8467E-4 1.81865E-3 5.60298E-3 2.01434E-2 1.78697E-2 8.64022E-3 9.13154E-3 1.76295E-2 3.92138E-2 1.70387E-1 2.04452E-1 2.09432E-1 2.07901E-1 1.98807E-1 1.90148E-1 1.87229E-1 1.80017E-1 1.82887E-1 1.84529E-1 1.93222E-1 2.12591E-1 2.41542E-1 2.84131E-1 3.37628E-1 3.79765E-1 4.01905E-1 3.89438E-1 3.6305E-1 3.47417E-1 3.60238E-1 3.91661E-1 4.19256E-1 4.57976E-1 4.76638E-1 4.87715E-1 4.88872E-1 4.90022E-1 4.91472E-1 5.0168E-1 4.99804E-1 4.74086E-1 4.52097E-1 4.63518E-1 3.97686E-1 2.62876E-1 8.10925E-2 4.58013E-2 5.92194E-3 4.01525E-4 1.27864E-5 6.80686E-5 4.44308E-5 8.21207E-7 1.26857E-7 6.35296E-7
1.78374E-4 1.79703E-4 2.12272E-4 1.11032E-4 1.78374E-4 3.19862E-4 4.48409E-4 4.34662E-4 8.55489E-4 1.76837E-3 2.12187E-3 1.92376E-3 8.51505E-3 1.91036E-2 8.6183E-3 9.75602E-3 1.08852E-2 4.05745E-2 5.90686E-2 1.67418E-1 1.94941E-1 2.04853E-1 2.01512E-1 1.99992E-1 1.9396E-1 1.78241E-1 1.75384E-1 1.72549E-1 1.67363E-1 1.71532E-1 1.85777E-1 2.18682E-1 2.6737E-1 3.3314E-1 4.00668E-1 4.26105E-1 3.96474E-1 3.61472E-1 3.4696E-1 3.49887E-1 3.64451E-1 3.9429E-1 4.12112E-1 4.3518E-1 4.46349E-1 4.7522E-1 5.01411E-1 5.05126E-1 5.07605E-1 5.17817E-1 5.13926E-1 5.10122E-1 4.99097E-1 4.38774E-1 3.32354E-1 2.40755E-1 1.25766E-1 4.14068E-2 1.97082E-3 1.1565E-4 3.62036E-5 3.88922E-6 7.93143E-6 2.48163E-7 1.0533E-6
1.62169E-4 2.34862E-4 2.17066E-4 4.44517E-5 2.87032E-4 1.34552E-3 3.73665E-3 3.16305E-3 2.2957E-3 3.15294E-3 6.27911E-3 8.3949E-3 1.60433E-2 1.09679E-2 8.67976E-3 8.15034E-3 2.37186E-2 3.90559E-2 3.94512E-2 1.38619E-1 1.84718E-1 2.01512E-1 1.98993E-1 1.94993E-1 1.86009E-1 1.74909E-1 1.67826E-1 1.62264E-1 1.56798E-1 1.54102E-1 1.62804E-1 1.94562E-1 2.42253E-1 3.12332E-1 4.11671E-1 4.31776E-1 3.85184E-1 3.49222E-1 3.34211E-1 3.32165E-1 3.45492E-1 3.65763E-1 3.75527E-1 3.90901E-1 4.30739E-1 4.85635E-1 5.08433E-1 5.06626E-1 5.08776E-1 5.22187E-1 5.25702E-1 5.24861E-1 5.04725E-1 4.5166E-1 4.02447E-1 3.36253E-1 2.76501E-1 1.28443E-1 1.88964E-2 1.19106E-4 5.58322E-6 4.15059E-6 3.21356E-7 3.8542E-7 2.26837E-7
4.53935E-3 2.06385E-3 3.12389E-4 4.13525E-4 1.68475E-3 1.52954E-3 2.68971E-3 7.07141E-3 6.99883E-3 7.34179E-3 8.9071E-3 9.50783E-3 1.03351E-2 1.19949E-2 1.44201E-2 1.95708E-2 3.92928E-2 5.38065E-2 2.3424E-2 1.49956E-1 1.8032E-1 1.92464E-1 1.90659E-1 1.85375E-1 1.79461E-1 1.73637E-1 1.64404E-1 1.57497E-1 1.52084E-1 1.45462E-1 1.48785E-1 1.89487E-1 2.2338E-1 2.82506E-1 3.53457E-1 3.68857E-1 3.36259E-1 3.14428E-1 3.12869E-1 3.1591E-1 3.23567E-1 3.32165E-1 3.44022E-1 3.61646E-1 4.0969E-1 4.69204E-1 4.89118E-1 4.93731E-1 4.97438E-1 5.17753E-1 5.32522E-1 5.35719E-1 5.24533E-1 4.98354E-1 5.00551E-1 4.3858E-1 3.59246E-1 2.59899E-1 1.03932E-1 2.75832E-3 4.47656E-7 4.68536E-8 2.03528E-8 1.60561E-8 2.85646E-10
4.24922E-3 1.49479E-3 5.13142E-4 9.3969E-5 5.37775E-5 3.3727E-4 1.54772E-3 2.3904E-3 2.90945E-3 3.51516E-3 4.78128E-3 9.44113E-3 1.56082E-2 2.21059E-2 2.61422E-2 3.77757E-2 5.83311E-2 7.65326E-2 6.91814E-2 1.60268E-1 1.74386E-1 1.90478E-1 1.7869E-1 1.74296E-1 1.6852E-1 1.69955E-1 1.64252E-1 1.61439E-1 1.55373E-1 1.49969E-1 1.62274E-1 1.80124E-1 2.12272E-1 2.47219E-1 2.85757E-1 2.96277E-1 2.93061E-1 2.82542E-1 2.8731E-1 2.98434E-1 3.12869E-1 3.22039E-1 3.29661E-1 3.41073E-1 4.04109E-1 4.50286E-1 4.68302E-1 4.82113E-1 4.83828E-1 5.0245E-1 5.33954E-1 5.46366E-1 5.3672E-1 5.33428E-1 5.3785E-1 5.18699E-1 4.51554E-1 3.71853E-1 2.20494E-1 5.54577E-2 3.85254E-4 4.20827E-9 5.14198E-13 9.87184E-13 4.56235E-14
9.64133E-4 6.32952E-4 5.47886E-4 2.36617E-4 3.28017E-5 4.96061E-5 6.57777E-4 2.73347E-3 5.31243E-3 7.58329E-3 1.32408E-2 2.49947E-2 3.15402E-2 3.40901E-2 3.653E-2 3.90559E-2 4.70778E-2 5.71562E-2 6.02983E-2 1.45563E-1 1.7564E-1 1.81587E-1 1.73401E-1 1.66174E-1 1.64747E-1 1.64747E-1 1.66174E-1 1.69046E-1 1.64747E-1 1.57267E-1 1.63673E-1 1.76538E-1 1.98028E-1 2.18512E-1 2.45649E-1 2.55294E-1 2.5182E-1 2.46694E-1 2.53026E-1 2.71431E-1 3.00022E-1 3.26851E-1 3.37628E-1 3.43248E-1 3.92146E-1 4.47898E-1 4.72067E-1 4.69094E-1 4.46777E-1 4.65045E-1 5.22104E-1 5.47776E-1 5.55101E-1 5.49682E-1 5.53324E-1 5.3658E-1 5.03943E-1 4.4287E-1 2.49911E-1 1.06444E-1 1.75231E-2 1.22711E-4 1.92976E-8 3.62913E-11 7.1604E-11
1.11739E-3 2.9854E-5 1.51152E-3 5.96222E-3 7.95691E-3 2.8404E-3 1.40915E-3 3.88291E-3 1.1402E-2 1.9047E-2 2.33436E-2 3.84233E-2 5.57888E-2 4.9507E-2 5.00296E-2 4.06439E-2 3.27409E-2 6.48351E-2 3.8376E-2 1.72275E-1 1.84101E-1 1.73401E-1 1.59475E-1 1.60886E-1 1.59475E-1 1.60886E-1 1.70941E-1 1.75345E-1 1.72403E-1 1.67607E-1 1.65669E-1 1.72843E-1 1.85375E-1 2.03623E-1 2.16621E-1 2.24812E-1 2.2652E-1 2.29672E-1 2.34347E-1 2.54614E-1 2.86628E-1 3.11119E-1 3.20592E-1 3.36095E-1 3.96497E-1 4.50671E-1 4.77445E-1 4.79424E-1 4.40139E-1 4.50671E-1 5.13747E-1 5.41917E-1 5.57036E-1 5.62956E-1 5.52296E-1 5.55193E-1 4.85494E-1 4.207E-1 3.22494E-1 1.98691E-1 8.74156E-2 1.79901E-2 6.16864E-5 1.28086E-6 2.32729E-8
