KUENM/Final_Models/M_0.1_F_lq_Set_2_NE/sp1_median.asc
ncols         197
nrows         210
xllcorner     56.1666666666667
yllcorner     4.5
cellsize      0.166666666666667
NODATA_value  -9999
[rows 84 to 111 of 210, columns 130 to 194 of 197]
4.17527E-1 4.339E-1 3.72125E-1 3.22382E-1 3.27007E-1 4.21381E-1 4.5894E-1 4.98715E-1 4.14777E-1 3.96865E-1 4.29888E-1 4.95748E-1 5.63349E-1 5.31456E-1 3.80702E-1 2.82123E-1 3.85735E-1 4.55122E-1 4.68647E-1 4.1771E-1 4.00086E-1 3.86803E-1 3.39161E-1 2.75155E-1 2.43445E-1 2.74172E-1 2.9766E-1 2.82972E-1 2.6544E-1 2.24568E-1 1.78688E-1 1.51941E-1 1.5041E-1 1.78127E-1 2.09954E-1 2.33908E-1 3.03866E-1 3.63213E-1 2.72316E-1 2.35788E-1 2.22734E-1 2.66463E-1 3.07171E-1 3.30971E-1 3.54657E-1 4.19548E-1 3.51878E-1 2.28981E-1 2.10649E-1 2.62441E-1 1.90584E-1 1.25318E-1 5.53378E-2 2.25959E-2 1.91262E-2 1.16421E-2 4.80927E-3 2.415E-3 3.44335E-3 2.83101E-3 6.76756E-4 1.03523E-4 2.7685E-5 2.77495E-5 3.181E-6
3.69279E-1 3.79787E-1 3.4237E-1 3.40126E-1 3.89661E-1 4.46955E-1 4.32128E-1 4.02478E-1 3.42944E-1 3.34549E-1 3.6373E-1 4.07184E-1 4.8506E-1 4.10326E-1 2.60038E-1 2.17221E-1 3.96014E-1 4.30465E-1 2.6322E-1 3.14335E-1 3.34137E-1 3.07535E-1 3.07535E-1 3.22382E-1 3.47982E-1 3.08556E-1 2.96723E-1 2.79961E-1 2.43286E-1 2.48991E-1 2.61284E-1 1.98181E-1 2.38997E-1 2.69748E-1 2.54842E-1 2.32506E-1 2.68933E-1 3.36218E-1 3.10388E-1 2.45753E-1 2.21348E-1 2.70886E-1 3.32249E-1 3.5204E-1 3.69688E-1 3.82629E-1 3.0585E-1 2.01013E-1 2.52918E-1 3.90301E-1 2.54252E-1 1.11676E-1 3.19756E-2 1.28577E-2 3.73E-2 3.12874E-2 7.42023E-3 1.34336E-3 3.94463E-3 4.42043E-3 1.5539E-3 2.84564E-4 6.80636E-5 4.6359E-5 5.56885E-6
3.0811E-1 3.04732E-1 3.02427E-1 2.86892E-1 3.08556E-1 3.27997E-1 3.14933E-1 2.71161E-1 1.96948E-1 1.34825E-1 1.81003E-1 2.84262E-1 3.41731E-1 2.40573E-1 1.53481E-1 1.91758E-1 3.18432E-1 3.24748E-1 2.63432E-1 3.16195E-1 2.99628E-1 2.5858E-1 2.56655E-1 3.3719E-1 4.43474E-1 4.20881E-1 3.31155E-1 2.80018E-1 2.27483E-1 1.77018E-1 1.35587E-1 2.08848E-1 3.11137E-1 3.39586E-1 2.60637E-1 2.84632E-1 2.74801E-1 2.49991E-1 2.38555E-1 2.18048E-1 2.35093E-1 2.96953E-1 3.10859E-1 3.00922E-1 3.64337E-1 4.15418E-1 2.80693E-1 2.08591E-1 2.30633E-1 2.57278E-1 1.72357E-1 1.01551E-1 6.32042E-2 3.91354E-2 6.61707E-2 5.75511E-2 1.77484E-2 4.33714E-3 3.72366E-3 3.82555E-3 2.14014E-3 8.01276E-4 2.18239E-4 7.82832E-5 1.29312E-5
2.61447E-1 2.45165E-1 2.02212E-1 1.51052E-1 1.6996E-1 1.9429E-1 2.0732E-1 2.07536E-1 1.45788E-1 9.68892E-2 9.67311E-2 1.83083E-1 2.51933E-1 1.1598E-1 5.53378E-2 1.08225E-1 1.81532E-1 2.06332E-1 2.15187E-1 2.42255E-1 2.15141E-1 1.8572E-1 1.89869E-1 2.60301E-1 3.84789E-1 3.96865E-1 3.4882E-1 2.8945E-1 2.37135E-1 1.99773E-1 1.99773E-1 2.85299E-1 4.24205E-1 5.37567E-1 4.36991E-1 2.40889E-1 1.89188E-1 1.56258E-1 1.52115E-1 1.93268E-1 2.44576E-1 2.46486E-1 1.82937E-1 1.71234E-1 2.48074E-1 2.74801E-1 2.45753E-1 2.55347E-1 2.62576E-1 2.08848E-1 1.32083E-1 1.08737E-1 1.33689E-1 1.39784E-1 1.41847E-1 9.7398E-2 3.63443E-2 3.94463E-3 1.43184E-3 1.37177E-3 1.46794E-3 1.16909E-3 4.81764E-4 1.6218E-4 4.8687E-5
2.51877E-1 1.94571E-1 1.15165E-1 5.83348E-2 7.43006E-2 1.07597E-1 1.51017E-1 1.6731E-1 1.45005E-1 9.28873E-2 8.16718E-2 1.22394E-1 1.37688E-1 6.53852E-2 4.36078E-2 6.79211E-2 1.28026E-1 1.51747E-1 1.5379E-1 1.50745E-1 1.16966E-1 9.00552E-2 1.15751E-1 1.81033E-1 2.52128E-1 2.71435E-1 3.06995E-1 2.88716E-1 2.45621E-1 2.18436E-1 2.22373E-1 2.76528E-1 3.81517E-1 4.4398E-1 3.23786E-1 2.33652E-1 1.5402E-1 1.03483E-1 9.43132E-2 1.69349E-1 2.2543E-1 2.31024E-1 1.35501E-1 1.17585E-1 1.64183E-1 1.65793E-1 1.95239E-1 3.06582E-1 2.75042E-1 1.86605E-1 1.18074E-1 9.33168E-2 1.29919E-1 1.77332E-1 1.34818E-1 7.9725E-2 1.97142E-2 7.36216E-4 3.85785E-4 1.47507E-3 1.34764E-3 1.09184E-3 7.3874E-4 3.27192E-4 1.36592E-4
2.7411E-1 1.86038E-1 9.63355E-2 4.35477E-2 3.82182E-2 5.49216E-2 9.86379E-2 1.64316E-1 1.26454E-1 6.44269E-2 5.90245E-2 7.23891E-2 7.18152E-2 5.34868E-2 5.08241E-2 6.57744E-2 1.33727E-1 1.16966E-1 9.23846E-2 7.87723E-2 5.49466E-2 4.91513E-2 6.99984E-2 1.11358E-1 1.66918E-1 2.28047E-1 2.89537E-1 2.87603E-1 2.49734E-1 2.15722E-1 2.0152E-1 2.18769E-1 2.58546E-1 2.52018E-1 1.86529E-1 1.58899E-1 1.59504E-1 1.09083E-1 4.28511E-2 7.36966E-2 1.45368E-1 2.38155E-1 1.87467E-1 1.53148E-1 1.63393E-1 1.55469E-1 1.81405E-1 2.39E-1 2.4813E-1 1.30406E-1 6.93489E-2 3.9162E-2 4.9204E-2 6.58272E-2 5.64393E-2 2.35147E-2 2.0491E-3 5.24846E-5 3.05997E-5 5.69932E-4 9.58945E-4 8.19713E-4 9.19842E-4 5.15217E-4 2.34324E-4
2.76031E-1 2.091E-1 1.03941E-1 4.11891E-2 3.22487E-2 3.79873E-2 6.28403E-2 7.34696E-2 4.6179E-2 2.00228E-2 2.67513E-2 4.06027E-2 7.53472E-2 8.43025E-2 8.47467E-2 8.65744E-2 9.77277E-2 1.26665E-1 9.55952E-2 5.38094E-2 2.66863E-2 2.92422E-2 4.84706E-2 7.43974E-2 1.13116E-1 1.9166E-1 2.69866E-1 2.50178E-1 2.22773E-1 1.97628E-1 1.80404E-1 1.78071E-1 1.86462E-1 1.88162E-1 1.86462E-1 1.78977E-1 1.59504E-1 9.46091E-2 4.25514E-2 5.01608E-2 9.7545E-2 1.33689E-1 1.2347E-1 1.39784E-1 1.5687E-1 1.38464E-1 1.42813E-1 1.48735E-1 1.27257E-1 8.30917E-2 4.32924E-2 2.37219E-2 2.01694E-2 1.88997E-2 1.89491E-2 1.07007E-2 8.58092E-4 1.99487E-5 9.14293E-6 1.73949E-4 5.39524E-4 7.58742E-4 1.0188E-3 6.08131E-4 2.66434E-4
2.84262E-1 1.97767E-1 8.5387E-2 4.02725E-2 2.37219E-2 2.24514E-2 2.68861E-2 1.66317E-2 4.17752E-3 4.63519E-3 2.4489E-2 6.16191E-2 8.3271E-2 9.26661E-2 1.01374E-1 8.98213E-2 7.9108E-2 9.75509E-2 7.46062E-2 4.70022E-2 3.42831E-2 3.63923E-2 4.77973E-2 5.95742E-2 8.90353E-2 1.4212E-1 2.01375E-1 1.96557E-1 1.67051E-1 1.57079E-1 1.42813E-1 1.33727E-1 1.29833E-1 1.04944E-1 1.03928E-1 1.08835E-1 1.02086E-1 5.20125E-2 3.08625E-2 4.00216E-2 5.20125E-2 5.09402E-2 3.68307E-2 5.95742E-2 8.10503E-2 7.61634E-2 9.86993E-2 1.14892E-1 1.02731E-1 6.41183E-2 4.09052E-2 2.48691E-2 1.75188E-2 1.52479E-2 1.10121E-2 7.40036E-3 1.35253E-3 1.46152E-4 8.40468E-5 2.50368E-4 4.87726E-4 8.5543E-4 1.06091E-3 6.47509E-4 2.25071E-4
2.11938E-1 1.27802E-1 4.87776E-2 2.5608E-2 1.71733E-2 1.926E-2 1.64898E-2 1.37125E-2 7.02642E-3 1.36811E-2 3.10833E-2 5.76217E-2 5.27616E-2 8.00551E-2 1.04933E-1 9.36971E-2 6.83846E-2 6.67733E-2 5.68191E-2 4.95323E-2 4.91513E-2 5.87111E-2 5.44323E-2 5.37122E-2 7.27368E-2 9.28561E-2 1.16884E-1 1.28581E-1 1.34194E-1 1.1958E-1 9.97171E-2 7.97625E-2 7.67289E-2 6.30764E-2 5.59308E-2 5.75917E-2 6.28403E-2 7.25354E-2 8.91043E-2 5.95897E-2 4.26779E-2 2.56756E-2 2.22652E-2 2.3426E-2 1.54838E-2 1.25075E-2 2.37944E-2 4.92512E-2 5.91957E-2 3.06147E-2 2.35762E-2 2.39526E-2 1.45805E-2 1.1658E-2 7.69421E-3 4.58463E-3 1.83392E-3 7.73936E-4 5.85498E-4 4.97587E-4 2.83799E-4 3.88583E-4 9.266E-4 7.16048E-4 2.29926E-4
7.52536E-2 4.54531E-2 2.19947E-2 1.27789E-2 1.22602E-2 1.37125E-2 1.59509E-2 2.83598E-2 2.521E-2 1.05634E-2 3.22992E-2 5.68191E-2 4.52872E-2 5.22668E-2 6.53289E-2 6.0108E-2 5.22439E-2 4.14701E-2 3.74605E-2 4.08767E-2 5.22439E-2 6.25447E-2 5.32378E-2 4.21268E-2 4.28736E-2 4.3862E-2 6.40976E-2 5.74674E-2 7.71194E-2 6.52771E-2 4.87877E-2 3.92137E-2 3.63157E-2 2.92878E-2 2.75586E-2 2.67269E-2 3.70344E-2 7.52006E-2 9.55952E-2 4.15843E-2 2.73095E-2 2.03242E-2 2.31378E-2 2.4358E-2 9.79439E-3 6.27169E-3 1.04983E-2 2.48379E-2 2.70754E-2 1.15242E-2 8.44724E-3 1.39385E-2 1.25929E-2 1.01353E-2 5.77642E-3 3.81205E-3 2.67115E-3 2.14657E-3 1.99285E-3 1.3923E-3 4.39427E-4 3.80099E-4 7.01888E-4 5.97533E-4 2.55566E-4
3.3943E-2 1.96466E-2 1.11309E-2 7.28681E-3 7.69369E-3 8.80917E-3 1.34818E-2 3.03502E-2 2.68343E-2 8.18288E-3 3.94342E-2 3.69147E-2 2.35003E-2 1.99223E-2 2.55379E-2 2.4227E-2 2.00228E-2 1.56909E-2 1.45113E-2 2.55379E-2 4.41794E-2 4.61394E-2 4.17839E-2 3.1309E-2 2.49293E-2 2.39894E-2 2.62551E-2 2.19431E-2 2.21914E-2 2.80132E-2 2.27732E-2 1.82965E-2 1.48506E-2 1.25075E-2 1.3819E-2 1.32072E-2 1.86989E-2 2.31108E-2 1.60366E-2 1.85867E-2 2.36195E-2 1.84587E-2 1.94198E-2 1.8287E-2 1.54074E-2 1.76155E-2 1.77484E-2 1.35404E-2 1.49935E-2 1.30604E-2 2.40972E-2 1.57992E-2 1.42441E-2 1.22199E-2 4.11156E-3 3.89987E-3 4.26648E-3 3.26915E-3 4.19219E-3 4.41868E-3 1.50331E-3 9.26425E-4 9.08355E-4 6.60901E-4 3.02346E-4
1.81052E-2 1.04883E-2 6.17982E-3 4.50518E-3 4.33967E-3 6.42321E-3 1.14423E-2 1.27789E-2 1.42921E-2 1.70121E-2 2.24514E-2 1.60366E-2 1.44105E-2 1.21621E-2 9.95394E-3 6.74554E-3 5.63542E-3 4.13635E-3 5.74071E-3 1.66791E-2 4.01918E-2 4.37924E-2 3.20518E-2 2.09812E-2 1.41861E-2 9.67794E-3 8.725E-3 7.71957E-3 6.46281E-3 9.13281E-3 7.55103E-3 6.19038E-3 5.10396E-3 4.36474E-3 4.53108E-3 5.44396E-3 5.00569E-3 3.15971E-3 1.72649E-3 2.05192E-3 9.51297E-3 1.44491E-2 9.24421E-3 5.17576E-3 4.29942E-3 3.06411E-3 2.63881E-3 1.94095E-3 2.95837E-3 7.64801E-3 1.29702E-2 1.86127E-2 2.226E-2 2.02906E-2 9.76312E-3 7.52034E-3 9.76312E-3 3.04204E-3 2.14855E-3 2.40037E-3 2.07019E-3 1.68448E-3 1.50331E-3 9.26425E-4 4.30944E-4
1.30863E-2 8.72357E-3 5.59359E-3 4.72571E-3 3.83154E-3 5.80508E-3 9.03968E-3 1.14423E-2 1.58062E-2 1.92746E-2 1.46059E-2 1.08198E-2 8.20531E-3 5.33849E-3 3.61654E-3 2.01431E-3 1.40616E-3 1.07585E-3 3.75126E-3 1.5005E-2 4.17839E-2 5.06324E-2 3.03802E-2 1.66704E-2 1.11016E-2 8.61843E-3 5.09865E-3 3.71288E-3 2.88758E-3 3.48494E-3 3.12387E-3 2.4686E-3 1.8159E-3 1.47721E-3 1.58349E-3 2.30824E-3 2.49473E-3 2.34991E-3 1.58331E-3 1.61282E-3 7.19391E-3 1.08578E-2 2.86826E-3 1.07127E-3 8.6286E-4 3.23468E-4 6.8396E-4 2.00202E-3 3.15649E-3 3.91958E-3 5.14178E-3 7.25775E-3 1.64258E-2 2.728E-2 1.593E-2 1.06129E-2 5.11959E-2 6.80036E-3 2.53624E-3 2.31355E-3 2.07019E-3 2.44489E-3 2.98757E-3 1.81629E-3 8.73198E-4
1.05634E-2 6.34297E-3 7.44498E-3 1.66582E-2 1.49141E-2 1.24305E-2 1.36811E-2 1.36031E-2 1.58129E-2 2.12061E-2 2.46687E-2 1.54316E-2 3.38038E-3 1.99643E-3 9.60122E-4 4.07738E-4 2.69471E-4 3.6998E-4 1.04028E-3 5.41669E-3 1.95028E-2 3.68508E-2 2.21748E-2 1.24133E-2 8.72411E-3 8.42047E-3 7.12242E-3 3.12387E-3 1.54011E-3 1.46556E-3 1.43558E-3 9.39923E-4 5.27941E-4 4.26918E-4 5.80036E-4 9.69278E-4 1.48779E-3 1.71596E-3 1.64666E-3 8.42704E-4 1.40979E-3 2.11504E-3 7.38355E-4 2.31199E-4 3.2345E-4 3.2058E-4 3.7391E-3 8.61869E-3 3.36716E-3 1.37177E-3 2.52334E-3 3.90671E-3 9.76312E-3 2.53861E-2 3.1997E-2 1.22842E-2 3.29035E-2 2.57556E-2 1.01109E-2 4.04715E-3 2.14855E-3 2.14855E-3 5.34799E-3 5.82649E-3 3.38846E-3
6.12554E-3 5.32447E-3 7.27748E-3 1.41165E-2 2.03762E-2 2.57681E-2 2.87304E-2 3.00738E-2 2.94882E-2 3.77412E-2 2.972E-2 1.37004E-2 5.18817E-3 1.93449E-3 4.78813E-4 9.93332E-5 9.69988E-5 2.10476E-4 6.10853E-4 1.16741E-3 3.65441E-3 6.40509E-3 5.96821E-3 6.52894E-3 6.29431E-3 8.40443E-3 1.06024E-2 4.50753E-3 1.84065E-3 9.76947E-4 7.13194E-4 3.92252E-4 1.75365E-4 1.22463E-4 2.25332E-4 3.45318E-4 5.23586E-4 7.06872E-4 4.44954E-4 3.37981E-4 1.75899E-4 2.72295E-4 3.80964E-4 4.29663E-4 5.9713E-4 1.06237E-3 5.57163E-3 6.4164E-3 2.58309E-3 1.36591E-3 2.21947E-3 5.82649E-3 8.44673E-3 1.67352E-2 2.62226E-2 1.28821E-2 1.65274E-2 3.88064E-2 2.4746E-2 1.16844E-2 3.83818E-3 1.06263E-3 1.194E-3 2.67918E-3 5.62295E-4
4.11182E-3 3.41661E-3 4.08981E-3 8.20522E-3 1.72964E-2 3.29574E-2 4.03647E-2 4.4423E-2 4.78099E-2 4.71781E-2 3.52391E-2 1.60527E-2 6.89568E-3 1.54011E-3 2.90274E-4 8.39318E-5 1.03204E-4 1.83032E-4 5.79326E-4 1.69782E-3 3.13361E-3 2.2559E-3 5.33934E-4 7.92259E-4 1.82023E-3 6.94671E-3 1.6492E-2 6.8753E-3 2.40213E-3 8.36838E-4 3.88756E-4 1.95277E-4 1.00059E-4 5.04719E-5 4.6254E-5 5.58754E-5 8.39318E-5 1.69794E-4 1.25423E-4 4.83719E-5 2.51983E-5 6.52674E-5 2.9236E-4 7.8291E-4 8.21571E-4 1.04009E-3 1.64306E-3 1.27929E-3 1.13856E-3 1.194E-3 1.83392E-3 4.24815E-3 5.16681E-3 9.02103E-3 1.04815E-2 7.66761E-3 1.04815E-2 1.92888E-2 2.13633E-2 2.01266E-2 4.50295E-3 4.48581E-4 2.39002E-4 6.87578E-4 6.80679E-5
4.54125E-3 2.13907E-3 1.70667E-3 4.13077E-3 9.02057E-3 1.67328E-2 2.13944E-2 3.42831E-2 3.64956E-2 5.32378E-2 4.72985E-2 2.27038E-2 6.91349E-3 1.40616E-3 3.40951E-4 1.36496E-4 1.40804E-4 2.28404E-4 5.42565E-4 1.48162E-3 2.44605E-3 3.51387E-3 1.08808E-3 3.06499E-4 5.98888E-4 3.70923E-3 1.11588E-2 5.10958E-3 1.80266E-3 6.67558E-4 2.79628E-4 1.16917E-4 7.90279E-5 4.27549E-5 3.46017E-5 4.94784E-5 5.90297E-5 1.22283E-4 1.42104E-4 7.07571E-5 2.87588E-5 5.70644E-5 4.44922E-4 1.43184E-3 1.52518E-3 8.29693E-4 1.18319E-3 1.78247E-3 2.49161E-3 3.04463E-3 4.34786E-3 4.9055E-3 3.42765E-3 3.63914E-3 4.2017E-3 3.45455E-3 4.12812E-3 6.58952E-3 7.66761E-3 4.27549E-3 4.57171E-4 1.73102E-5 1.53725E-6 1.64887E-5 2.32279E-5
4.58463E-3 1.50311E-3 5.50007E-4 3.23453E-4 3.93157E-3 1.06024E-2 3.88449E-3 2.22652E-2 3.03924E-2 4.37979E-2 5.44759E-2 2.27786E-2 5.8661E-3 1.17928E-3 2.50799E-4 1.41435E-4 1.06695E-4 2.05895E-4 6.44145E-4 2.08372E-3 2.69553E-3 2.0113E-3 1.26339E-3 1.18556E-3 1.87536E-3 2.51699E-3 2.20133E-3 1.45887E-3 4.77508E-4 3.05937E-4 1.90492E-4 2.01495E-4 1.45166E-4 9.76306E-5 9.55069E-5 1.5057E-4 3.8486E-4 9.36101E-4 6.48316E-4 1.79519E-4 7.76017E-5 1.52469E-4 8.17093E-4 1.56067E-3 1.53164E-3 1.29201E-3 1.13856E-3 2.47084E-3 4.41868E-3 6.88406E-3 1.08945E-2 5.92674E-3 4.12436E-3 2.5847E-3 2.58102E-3 1.74684E-3 1.25936E-3 1.95307E-3 2.7271E-3 7.26679E-4 3.28882E-5 1.53725E-6 1.82653E-7 3.84565E-7 -9999
1.42525E-2 5.0538E-3 3.9909E-4 1.4627E-7 8.48974E-4 9.39779E-5 4.35272E-4 1.70325E-2 3.76075E-2 4.0148E-2 3.37353E-2 1.59282E-2 3.94463E-3 6.94226E-4 1.9455E-4 9.36694E-5 8.29831E-5 1.92982E-4 7.93811E-4 2.35795E-3 5.59736E-3 7.43085E-3 7.17898E-3 4.00784E-3 2.8847E-3 3.86665E-3 2.04246E-3 6.7328E-4 1.24065E-4 1.6924E-4 2.15214E-4 3.01226E-4 2.8427E-4 1.96775E-4 1.59167E-4 3.20457E-4 6.85745E-4 1.00678E-3 6.15625E-4 3.15744E-4 2.11144E-4 2.78342E-4 5.73959E-4 7.4471E-4 9.79869E-4 1.23798E-3 9.9752E-4 1.52021E-3 2.06545E-3 2.86515E-3 2.28867E-3 3.43684E-3 3.64517E-3 2.78003E-3 1.95582E-3 8.84874E-4 2.57032E-4 6.04202E-4 1.91945E-3 2.70199E-4 3.52998E-5 1.08625E-5 3.87648E-6 1.2839E-6 -9999
6.107E-2 2.76792E-2 7.28836E-4 3.18458E-5 2.93843E-6 1.41267E-4 6.04574E-3 3.54858E-2 5.03589E-2 2.70226E-2 9.95394E-3 5.96685E-3 1.7051E-3 2.76089E-4 1.24301E-4 6.57372E-5 6.56762E-5 2.59446E-4 1.13485E-3 3.88449E-3 1.95754E-2 2.59128E-2 1.79485E-2 1.12049E-2 7.36029E-3 4.50295E-3 2.49167E-3 1.00211E-3 5.0427E-4 3.61911E-4 2.94928E-4 3.76046E-4 3.57843E-4 2.83799E-4 1.69694E-4 2.66015E-4 5.27998E-4 6.34834E-4 3.73013E-4 2.02002E-4 1.30085E-4 1.24459E-4 1.6924E-4 2.50307E-4 3.85785E-4 6.29052E-4 6.00979E-4 5.02055E-4 5.52592E-4 9.58945E-4 7.96646E-4 6.6421E-4 1.41655E-3 1.25936E-3 7.24722E-4 4.53445E-4 1.98531E-4 5.13116E-4 6.98054E-4 1.56891E-4 3.28882E-5 1.08933E-4 7.45495E-5 -9999 -9999
5.36949E-2 6.7997E-2 1.24861E-2 4.77996E-3 3.95855E-3 3.637E-3 2.30625E-2 5.84446E-2 5.24662E-2 1.57731E-2 2.91925E-3 3.37706E-3 1.16315E-3 1.28194E-4 7.03629E-5 6.19389E-5 6.28623E-5 3.84946E-4 2.46587E-3 9.29436E-3 4.81609E-2 5.44568E-2 3.40393E-2 2.06713E-2 1.27035E-2 6.36943E-3 4.27513E-3 2.72301E-3 1.22819E-3 4.68752E-4 3.82442E-4 3.57477E-4 2.61404E-4 9.36325E-5 6.80679E-5 1.30419E-4 3.41753E-4 3.35331E-4 1.77156E-4 8.03508E-5 4.86247E-5 3.77026E-5 4.1112E-5 9.78236E-5 2.23389E-4 4.12154E-4 5.33196E-4 4.38303E-4 2.77314E-4 3.10639E-4 2.01263E-4 1.8495E-4 1.54104E-4 8.03432E-5 9.24422E-5 2.22102E-4 3.6826E-4 3.60625E-4 2.22102E-4 1.08152E-4 1.18681E-4 1.88647E-4 -9999 -9999 -9999
2.88472E-2 1.9287E-2 4.20959E-2 4.37979E-2 5.29856E-2 3.43863E-2 4.76404E-2 6.94127E-2 6.44269E-2 2.62559E-2 7.29627E-3 4.80927E-3 1.94095E-3 1.85303E-4 4.43521E-5 8.89733E-5 2.09812E-4 1.2441E-3 6.91349E-3 2.58693E-2 8.18215E-2 8.02205E-2 4.45139E-2 2.90802E-2 2.0557E-2 1.23307E-2 8.7619E-3 6.68916E-3 3.68095E-3 1.50101E-3 1.14362E-3 8.49789E-4 1.51412E-4 1.21534E-5 1.4584E-5 2.86654E-5 7.33579E-5 1.05762E-4 5.39352E-5 2.96783E-5 2.61476E-5 1.4577E-5 8.63107E-6 5.0973E-5 2.05895E-4 4.17174E-4 6.90222E-4 5.72477E-4 3.02885E-4 1.43496E-4 4.72099E-5 2.3002E-5 1.68746E-5 3.96763E-6 9.89089E-6 4.96133E-5 1.22485E-4 1.05293E-4 3.66073E-5 9.71519E-6 1.07996E-5 1.1473E-5 -9999 -9999 -9999
1.22233E-1 1.2769E-1 1.54511E-1 1.31763E-1 1.36563E-1 1.31194E-1 1.14471E-1 8.00649E-2 8.33091E-2 7.40615E-2 4.92397E-2 2.52666E-2 6.90183E-3 3.48988E-4 3.07791E-5 7.17623E-5 3.21256E-4 2.415E-3 1.38292E-2 3.36028E-2 8.2256E-2 6.72482E-2 3.84224E-2 3.18158E-2 2.79888E-2 1.68824E-2 1.11934E-2 1.31298E-2 1.17189E-2 6.64114E-3 4.29379E-3 3.10455E-3 4.04272E-4 3.58259E-5 1.56973E-5 1.32179E-5 1.4584E-5 1.63035E-5 1.45951E-5 1.18142E-5 1.35761E-5 1.03253E-5 5.03933E-6 4.33912E-5 2.57368E-4 7.13194E-4 1.23606E-3 7.55521E-4 3.23792E-4 1.21476E-4 2.66225E-5 1.34153E-5 7.14435E-6 2.66195E-6 4.17777E-6 1.64825E-5 3.90442E-5 4.31412E-5 1.39849E-5 9.83049E-7 6.5832E-7 -9999 -9999 -9999 -9999
2.80441E-1 2.42858E-1 2.47859E-1 2.3204E-1 1.80651E-1 1.52401E-1 1.59402E-1 1.2429E-1 1.08348E-1 8.7297E-2 6.89222E-2 5.42073E-2 1.11802E-2 9.57753E-4 5.83339E-5 4.94721E-6 8.79024E-5 2.41863E-3 1.72318E-2 4.30884E-2 5.57193E-2 4.22315E-2 2.56129E-2 2.15009E-2 1.73975E-2 9.83281E-3 7.7887E-3 1.21371E-2 1.25313E-2 7.40526E-3 4.24632E-3 2.41813E-3 8.04485E-4 1.98369E-4 4.44005E-5 1.24485E-5 3.93427E-6 3.60617E-6 5.89591E-6 8.44435E-6 1.35749E-5 1.81235E-5 2.30087E-5 8.39738E-5 3.94075E-4 8.44735E-4 1.11323E-3 8.8964E-4 3.00177E-4 1.06867E-4 3.002E-5 1.55141E-5 6.61732E-6 3.06061E-6 3.54701E-6 1.00645E-5 2.32947E-5 3.02966E-5 1.97995E-5 3.99908E-6 -9999 -9999 -9999 -9999 -9999
3.618E-1 3.85735E-1 3.08401E-1 2.45753E-1 1.98748E-1 1.71497E-1 1.96974E-1 1.91728E-1 1.05188E-1 4.15125E-2 4.05626E-2 3.65768E-2 6.70298E-3 1.31159E-3 4.84739E-5 4.51317E-6 8.36894E-5 3.23862E-3 2.91571E-2 5.88428E-2 3.89485E-2 2.48183E-2 1.42191E-2 1.01609E-2 7.67174E-3 4.49751E-3 2.81894E-3 3.5806E-3 4.1266E-3 2.72301E-3 1.64402E-3 1.27685E-3 1.09596E-3 7.92285E-4 1.56973E-4 2.02019E-5 2.85294E-6 2.08143E-6 5.16766E-6 1.60271E-5 2.0866E-5 3.52998E-5 7.29624E-5 1.86012E-4 4.68154E-4 8.81847E-4 8.39434E-4 5.85364E-4 2.19849E-4 9.6128E-5 4.33978E-5 1.71112E-5 7.58537E-6 4.35196E-6 4.36204E-6 7.6399E-6 -9999 -9999 -9999 -9999 -9999 -9999 -9999 -9999 -9999
4.91055E-1 4.15128E-1 2.87055E-1 2.15395E-1 1.72632E-1 1.50866E-1 1.47693E-1 1.05303E-1 5.73715E-2 2.31576E-2 1.5145E-2 7.7971E-3 1.58873E-3 2.80994E-4 3.12047E-5 1.97995E-5 4.40185E-4 4.91198E-3 9.9227E-3 1.43788E-2 1.78816E-2 1.6565E-2 8.06636E-3 5.45944E-3 5.17996E-3 2.52447E-3 1.05908E-3 7.26679E-4 7.07975E-4 7.34268E-4 6.74363E-4 7.64376E-4 1.23202E-3 1.57286E-3 3.63175E-4 5.95297E-5 1.3778E-5 7.61376E-6 1.34573E-5 2.33191E-5 5.0323E-5 1.08152E-4 2.47256E-4 5.00825E-4 7.71683E-4 8.2312E-4 6.42772E-4 3.21256E-4 1.62987E-4 9.03833E-5 4.56679E-5 2.27412E-5 1.22747E-5 8.23884E-6 6.73345E-6 -9999 -9999 -9999 -9999 -9999 -9999 -9999 -9999 -9999 -9999
4.76634E-1 3.82708E-1 2.44969E-1 1.7194E-1 1.24393E-1 1.14748E-1 9.35122E-2 5.81026E-2 3.09807E-2 1.23328E-2 5.44208E-3 1.90808E-3 3.57477E-4 7.20584E-5 2.23373E-5 2.42593E-5 3.72761E-4 1.88609E-3 1.04029E-3 1.6837E-3 9.05007E-3 1.83884E-2 1.46575E-2 7.17019E-3 2.39346E-3 7.37044E-4 4.01722E-4 3.06833E-4 2.6258E-4 2.3363E-4 2.95577E-4 5.3889E-4 9.29304E-4 1.01624E-3 4.63942E-4 1.49193E-4 5.76456E-5 3.63823E-5 3.92827E-5 6.3348E-5 1.36884E-4 2.90172E-4 7.39422E-4 1.32729E-3 1.33458E-3 8.38589E-4 3.71568E-4 1.85264E-4 8.75434E-5 5.93576E-5 3.87858E-5 2.48693E-5 1.6763E-5 1.38849E-5 1.73063E-5 -9999 -9999 -9999 -9999 -9999 -9999 -9999 -9999 -9999 -9999
4.38837E-1 3.64619E-1 2.46387E-1 1.8844E-1 1.58675E-1 1.10277E-1 6.93349E-2 3.56474E-2 1.63589E-2 6.04522E-3 2.12941E-3 7.45967E-4 2.47781E-4 6.77179E-5 2.83764E-5 3.64499E-5 1.58891E-4 4.57171E-4 5.61063E-4 1.28943E-3 6.6962E-3 1.9532E-2 2.01787E-2 8.47224E-3 1.44399E-3 4.64423E-4 2.70959E-4 2.48837E-4 2.17371E-4 1.36842E-4 1.85004E-4 4.22569E-4 6.60838E-4 7.27544E-4 5.03952E-4 2.92218E-4 1.66554E-4 1.1767E-4 1.20326E-4 1.65957E-4 2.83329E-4 5.50567E-4 1.50216E-3 3.51094E-3 2.05103E-3 7.10296E-4 2.11845E-4 5.66812E-5 3.38941E-5 3.1569E-5 3.1121E-5 2.50997E-5 2.08603E-5 2.15267E-5 2.48693E-5 -9999 -9999 -9999 -9999 -9999 -9999 -9999 -9999 -9999 -9999
