KUENM/Final_Models/M_0.1_F_lq_Set_2_NE/sp1_5.asc
ncols         197
nrows         210
xllcorner     56.1666666666667
yllcorner     4.5
cellsize      0.166666666666667
NODATA_value  -9999
[rows 0 to 28 of 210, columns 65 to 129 of 197]
-9999 -9999 -9999 -9999 -9999 -9999 -9999 -9999 -9999 -9999 -9999 -9999 -9999 -9999 -9999 -9999 -9999 -9999 -9999 -9999 -9999 -9999 -9999 -9999 -9999 -9999 -9999 -9999 -9999 3.55364E-25 1.2372E-30 5.10671E-27 6.40913E-32 6.77788E-35 9.64557E-40 1.4013E-45 0E0 2.65839E-38 4.34403E-43 0E0 -9999 -9999 -9999 -9999 -9999 -9999 -9999 -9999 -9999 -9999 -9999 -9999 -9999 -9999 -9999 -9999 -9999 -9999 -9999 -9999 -9999 -9999 -9999 -9999 -9999
-9999 -9999 -9999 -9999 -9999 -9999 -9999 -9999 -9999 -9999 -9999 -9999 -9999 -9999 -9999 -9999 -9999 -9999 -9999 -9999 -9999 -9999 -9999 4.84942E-20 5.86138E-23 1.39883E-16 2.92959E-17 8.30458E-20 2.45372E-34 1.16638E-40 2.48442E-36 2.4783E-33 3.55193E-36 2.39792E-39 0E0 0E0 0E0 1.55968E-39 1.2323E-38 9.80909E-45 1.71099E-42 5.74503E-35 4.67954E-35 1.69473E-41 8.00422E-42 1.13176E-39 -9999 -9999 -9999 -9999 -9999 -9999 -9999 -9999 -9999 -9999 -9999 -9999 -9999 -9999 -9999 -9999 -9999 -9999 -9999
-9999 -9999 -9999 -9999 -9999 -9999 -9999 -9999 -9999 -9999 -9999 -9999 -9999 -9999 -9999 -9999 -9999 -9999 -9999 8.41602E-14 1.92692E-15 1.02456E-14 1.79186E-14 6.04563E-17 7.09001E-21 1.20025E-24 8.95811E-33 1.08963E-29 1.75698E-30 1.0293E-36 4.2039E-45 9.22571E-35 1.89329E-37 3.99985E-40 0E0 0E0 4.80645E-43 1.53536E-40 3.29524E-33 1.61241E-35 0E0 2.20354E-41 5.67666E-42 5.64247E-35 2.98302E-29 4.18883E-35 0E0 2.8479E-37 1.5547E-27 8.44224E-20 -9999 -9999 -9999 -9999 -9999 -9999 -9999 -9999 -9999 -9999 -9999 -9999 -9999 -9999 -9999
-9999 -9999 -9999 -9999 -9999 -9999 -9999 -9999 -9999 -9999 -9999 -9999 -9999 -9999 -9999 -9999 1.52569E-20 1.04558E-14 3.96774E-10 2.3756E-16 1.86726E-18 2.27113E-26 2.15951E-24 3.77656E-21 6.02617E-24 6.06296E-33 6.62737E-31 1.12584E-29 3.33929E-42 1.4013E-45 0E0 6.75007E-39 0E0 0E0 1.46828E-41 0E0 1.44334E-43 2.94996E-36 1.42888E-34 8.76766E-40 2.8026E-45 3.36312E-44 5.88982E-38 1.64691E-35 1.90722E-34 4.23159E-32 2.39275E-36 1.10258E-39 2.08513E-42 1.26036E-26 9.75651E-19 8.07428E-16 8.86185E-13 -9999 -9999 -9999 -9999 -9999 -9999 -9999 -9999 -9999 -9999 -9999 -9999
-9999 -9999 -9999 -9999 -9999 -9999 -9999 -9999 -9999 -9999 -9999 -9999 -9999 -9999 1.89534E-14 6.41615E-16 2.96971E-11 1.62928E-13 8.02677E-18 1.48069E-14 7.73859E-17 2.3767E-17 3.35794E-18 7.73878E-25 9.97119E-30 4.68392E-24 2.8885E-34 3.34693E-33 3.82833E-35 2.19373E-36 4.63588E-36 4.48416E-44 0E0 7.16204E-42 2.6961E-42 2.86285E-42 8.70367E-39 2.65127E-36 4.78116E-38 8.40163E-41 2.14399E-43 1.55481E-40 6.89817E-41 1.57144E-39 4.90454E-42 2.14703E-40 1.37327E-37 1.86989E-28 1.45759E-38 2.65731E-29 1.1103E-26 4.81208E-22 5.57839E-20 6.77655E-16 2.14478E-10 -9999 -9999 -9999 -9999 -9999 -9999 -9999 -9999 -9999 -9999
-9999 -9999 -9999 -9999 -9999 -9999 -9999 -9999 -9999 -9999 -9999 -9999 2.44178E-6 6.81745E-9 8.22876E-12 7.38102E-14 1.16895E-12 2.61709E-11 1.25786E-14 1.42371E-16 2.45378E-19 1.75593E-23 6.01891E-23 1.90724E-23 1.69576E-27 1.25854E-33 2.5474E-37 1.228E-36 8.89331E-25 2.0851E-27 2.20215E-35 0E0 0E0 6.38992E-43 3.13276E-34 7.82347E-37 2.94033E-32 3.97829E-42 0E0 4.4197E-42 3.07526E-40 2.09294E-39 2.0983E-37 8.51679E-37 2.13844E-36 9.76566E-40 8.7206E-40 4.8654E-34 1.43447E-39 0E0 6.41537E-40 3.90751E-32 1.81896E-33 5.50546E-28 4.36283E-16 7.47105E-12 5.56334E-10 -9999 -9999 -9999 -9999 -9999 -9999 -9999 -9999
-9999 -9999 -9999 -9999 -9999 -9999 -9999 -9999 -9999 -9999 1.2077E-5 1.24751E-6 9.78265E-7 9.98779E-7 2.79962E-8 2.91755E-9 1.17918E-8 4.48332E-10 2.05041E-11 2.77043E-15 1.15735E-21 3.88624E-22 3.41651E-16 1.19348E-15 2.19226E-17 2.52095E-26 1.78154E-26 2.0252E-23 2.2979E-29 1.99167E-30 2.38093E-33 4.62569E-42 8.31454E-37 4.42956E-33 5.9045E-35 8.1858E-38 3.2818E-37 1.82169E-44 0E0 1.26117E-44 1.73761E-43 2.25431E-37 4.92922E-33 3.54349E-34 1.42927E-33 1.32684E-35 1.35306E-39 1.89594E-38 2.29441E-32 6.68139E-42 1.91179E-41 1.25852E-34 4.75581E-29 1.16093E-25 7.67382E-27 1.87405E-18 4.05952E-15 2.11466E-11 1.16723E-9 -9999 -9999 -9999 -9999 -9999 -9999
-9999 -9999 -9999 -9999 -9999 -9999 -9999 -9999 4.06039E-6 2.61766E-7 4.17764E-6 1.8204E-4 1.5093E-5 1.82311E-7 3.82389E-7 2.07991E-6 2.99839E-7 3.70592E-8 2.14159E-10 3.58081E-16 4.92035E-22 5.39318E-15 1.30111E-26 4.64567E-22 9.78444E-32 3.38471E-21 3.00925E-18 5.24821E-27 4.79423E-32 3.69721E-33 1.75515E-35 6.93934E-27 1.37995E-29 1.35749E-31 1.10918E-35 2.69941E-35 1.75657E-37 7.81786E-38 1.12613E-35 5.07966E-39 1.26262E-39 4.79001E-36 5.43806E-31 6.47238E-33 1.63447E-36 4.08426E-39 2.65359E-37 1.70504E-33 0E0 1.4013E-45 5.60519E-45 5.82508E-37 1.8103E-32 4.55961E-28 6.69293E-29 3.27958E-24 5.48626E-21 7.08426E-14 3.59315E-11 1.4402E-9 5.03063E-9 -9999 -9999 -9999 -9999
-9999 -9999 -9999 -9999 -9999 -9999 -9999 1.52376E-6 7.08487E-6 2.1033E-6 3.96388E-4 1.61249E-4 8.00708E-6 7.16666E-5 4.08747E-5 1.84643E-5 5.20004E-6 1.33801E-6 2.12795E-11 3.54168E-13 3.94131E-14 1.63789E-21 1.59709E-31 6.61622E-31 7.25706E-34 2.68629E-22 1.96416E-26 1.39388E-29 9.19226E-30 8.08739E-25 1.94109E-26 4.74526E-31 5.37129E-39 3.12683E-40 1.67791E-41 1.47349E-39 1.20512E-43 1.02267E-41 7.46528E-41 7.69368E-36 1.4209E-33 9.74353E-31 2.48792E-33 1.9747E-30 1.87421E-30 2.52294E-31 1.47688E-37 3.94288E-37 1.13835E-29 1.86254E-36 8.47491E-41 1.06035E-34 1.77348E-27 4.84319E-24 3.79439E-20 2.13974E-17 5.60288E-20 7.11627E-15 4.36826E-13 8.67091E-10 2.99789E-9 4.88926E-9 -9999 -9999 -9999
-9999 -9999 -9999 -9999 -9999 -9999 1.8019E-7 4.59134E-5 7.66955E-8 4.60616E-5 7.85116E-4 1.63608E-4 4.57478E-5 1.38077E-4 1.8236E-5 2.38647E-4 2.82271E-4 1.96724E-7 2.25905E-11 1.81386E-9 5.5967E-22 1.51603E-20 2.75112E-24 2.39541E-31 1.72269E-24 6.8625E-18 6.46614E-22 8.10771E-20 1.40866E-26 7.2136E-29 1.39002E-37 4.60467E-41 2.35418E-43 5.46422E-41 2.88272E-39 3.40578E-37 3.74147E-43 9.58628E-42 1.12919E-39 5.23618E-37 1.36473E-37 1.90766E-35 1.99858E-34 4.62987E-34 5.51177E-35 9.15536E-32 2.09975E-34 3.01771E-40 7.36213E-29 1.76144E-26 4.78071E-32 2.96019E-37 5.41446E-25 3.97224E-28 2.28952E-21 9.5963E-15 9.45295E-16 8.1672E-12 9.85848E-11 4.96491E-10 1.39965E-9 4.88926E-9 4.95951E-9 -9999 -9999
-9999 -9999 -9999 -9999 1.88876E-4 1.91425E-5 4.07446E-6 2.91415E-5 7.35022E-6 1.47244E-4 6.67416E-4 4.63576E-4 1.4033E-4 2.4191E-4 2.20889E-4 6.84142E-4 3.97225E-5 1.13033E-8 4.81938E-13 1.23607E-8 4.07302E-17 3.37513E-23 1.47042E-26 3.61389E-24 7.65487E-21 1.27782E-30 2.37683E-32 3.19598E-21 1.53667E-34 6.12856E-30 4.8896E-31 7.46379E-31 3.91717E-31 5.85004E-33 1.6565E-35 7.49876E-31 8.24325E-32 6.4839E-31 1.94203E-34 8.7804E-35 3.70664E-33 1.90766E-35 1.12014E-36 1.31082E-35 8.66999E-35 1.01612E-33 4.24261E-33 9.45316E-42 2.23999E-38 1.41413E-24 1.6552E-27 1.04007E-27 3.92977E-29 1.49084E-26 9.30014E-28 3.24679E-25 4.98711E-19 8.7803E-14 1.02083E-12 1.05593E-11 1.88638E-11 2.94583E-10 8.54809E-10 1.4198E-9 2.3747E-9
-9999 -9999 -9999 1.95043E-4 1.6481E-4 4.85621E-5 1.38747E-4 6.1096E-5 2.66969E-4 5.5546E-4 5.8909E-4 5.90694E-4 3.43798E-5 6.25256E-5 9.39239E-4 1.17241E-3 1.93088E-4 2.17634E-5 1.25302E-7 2.78065E-8 3.49836E-12 1.63441E-16 1.76796E-23 3.66612E-20 2.72701E-23 4.63842E-31 3.36989E-26 2.00686E-23 1.18938E-23 5.46247E-34 1.50603E-39 1.64131E-40 8.48663E-37 7.57856E-34 4.93729E-40 4.83733E-34 9.62445E-34 5.31006E-37 2.12675E-41 2.60756E-40 4.49729E-38 7.12458E-39 1.95077E-36 3.67034E-35 8.78048E-35 6.97484E-37 5.515E-34 3.94937E-38 8.32371E-42 3.76163E-33 2.46734E-29 2.1265E-30 2.53617E-34 5.18005E-35 8.18658E-30 3.41796E-29 1.74455E-24 1.51487E-18 1.75348E-15 8.92427E-16 8.05064E-12 5.64071E-11 7.51789E-11 4.41094E-11 4.47468E-11
-9999 -9999 3.56416E-4 2.38182E-4 2.69333E-4 4.43457E-5 2.69599E-4 1.05285E-4 3.31011E-4 8.11744E-4 5.29758E-4 3.84337E-4 8.00733E-5 2.00346E-5 1.39744E-3 1.15525E-3 3.21338E-5 2.25974E-9 5.46147E-10 4.35208E-13 9.04567E-17 3.54818E-17 1.59206E-19 1.25825E-19 6.52642E-23 3.70027E-28 1.1641E-22 1.09054E-20 4.39324E-29 4.18306E-37 1.31755E-35 4.44416E-31 7.5757E-29 1.58085E-34 2.44199E-38 6.12817E-38 2.84346E-35 2.42926E-32 1.56138E-33 9.41889E-35 4.23369E-35 2.47347E-36 8.17891E-38 4.88168E-40 8.20556E-37 9.96549E-36 4.18672E-33 1.6136E-36 1.4296E-41 6.89421E-40 3.46549E-30 3.31273E-39 3.19311E-33 2.80023E-31 1.65572E-31 2.76943E-24 2.97105E-30 1.50041E-20 3.90244E-17 6.31675E-14 4.76369E-15 2.9944E-13 2.52152E-12 4.58749E-12 4.52202E-12
-9999 4.48376E-4 4.24186E-4 5.83532E-4 4.48272E-4 1.23798E-4 5.09772E-4 2.1665E-4 9.57326E-4 9.48649E-4 1.1948E-3 1.54172E-3 1.51951E-3 1.92738E-4 9.24585E-4 2.16131E-4 4.14967E-6 2.19527E-10 9.91058E-10 4.26373E-9 2.17063E-8 2.49298E-11 5.88299E-17 4.51148E-18 5.69338E-22 3.78484E-30 3.36731E-24 8.65504E-27 5.4868E-27 4.96515E-28 7.50712E-27 2.26122E-29 3.06323E-34 4.82184E-38 7.96292E-35 7.36653E-32 1.36095E-34 4.60661E-40 3.64338E-44 4.96788E-41 6.52991E-41 5.25627E-42 2.98099E-38 1.40934E-35 1.26032E-39 3.50325E-44 1.73761E-43 2.52234E-44 1.39149E-42 1.71333E-37 1.01919E-28 1.03311E-39 2.17299E-36 2.20652E-25 1.28121E-22 5.51237E-28 1.02007E-33 5.26687E-27 2.73114E-17 3.95916E-17 2.29438E-16 3.24264E-16 4.50892E-16 2.4868E-15 1.25208E-15
5.85179E-4 5.2686E-4 5.74138E-4 5.60084E-4 6.45306E-4 2.11746E-4 6.37844E-4 5.46541E-4 7.25757E-4 9.41259E-4 8.35642E-4 3.5297E-4 8.99255E-4 1.16027E-3 8.18591E-4 1.56051E-4 4.27277E-7 2.28967E-9 5.42212E-7 7.72366E-8 1.09202E-9 9.92516E-9 4.67668E-11 7.3313E-15 1.95278E-19 2.22915E-21 3.10285E-23 6.95058E-31 6.48585E-37 2.25368E-32 5.074E-38 3.08313E-39 2.50018E-36 4.75134E-32 8.74234E-29 6.90107E-39 3.43318E-43 2.78858E-43 9.33074E-38 1.40884E-35 7.77874E-37 1.12422E-34 1.34427E-36 3.33089E-42 4.2039E-45 3.50325E-44 3.08468E-41 2.18249E-38 4.23171E-40 4.07778E-43 2.60653E-34 2.99112E-38 1.92973E-41 9.24608E-29 1.06381E-33 1.33896E-32 2.92929E-30 5.08975E-26 3.31773E-19 1.98378E-21 4.00705E-22 1.05044E-24 2.12927E-20 2.54216E-22 9.67671E-21
7.23384E-4 6.38242E-4 6.94904E-4 6.50999E-4 6.32586E-4 6.29065E-4 7.04268E-4 6.23546E-4 6.24956E-4 8.18096E-4 8.41609E-4 4.11195E-4 5.30898E-4 1.96174E-4 8.68852E-5 1.41081E-5 2.13098E-5 1.08992E-6 1.18631E-5 2.75569E-8 7.73276E-11 4.56893E-17 3.80762E-14 2.54854E-11 1.41259E-16 1.27072E-30 5.66572E-29 1.98882E-27 3.27189E-41 1.4261E-38 4.31662E-29 5.70911E-24 4.94649E-30 3.94882E-36 2.39483E-34 1.54721E-33 5.74451E-33 1.86803E-36 3.48575E-27 1.54333E-35 5.72787E-38 3.83035E-37 8.14154E-43 6.48801E-43 9.0622E-42 2.29294E-41 1.69505E-39 5.08811E-42 4.20273E-39 2.38221E-43 0E0 1.88957E-39 1.12664E-42 9.70048E-28 6.42878E-34 1.52007E-38 1.58591E-35 8.93048E-36 8.30157E-28 2.81398E-25 1.83365E-25 5.36103E-32 7.74378E-27 7.10299E-30 2.33033E-31
6.80395E-4 6.2457E-4 2.41957E-4 3.43701E-4 4.26996E-4 6.35107E-4 4.61905E-4 6.1815E-4 1.92501E-4 1.4203E-4 9.64456E-4 1.13695E-3 3.39691E-4 4.84154E-5 1.47813E-4 3.70689E-5 4.2769E-7 2.25361E-9 4.54259E-8 1.07703E-11 6.62374E-15 1.47577E-22 3.61865E-20 3.01718E-13 4.42004E-18 3.46343E-33 6.98323E-30 6.69037E-19 2.68725E-31 8.00448E-24 3.82934E-32 4.48416E-43 8.67404E-43 2.3219E-31 2.53892E-34 1.88596E-30 3.58036E-35 3.96207E-37 3.02608E-34 8.48177E-38 4.7249E-41 1.02941E-38 8.39328E-36 5.43185E-38 3.89216E-37 8.14854E-36 1.18479E-27 1.43426E-32 8.70799E-40 8.25365E-43 0E0 0E0 3.62292E-41 6.48661E-42 9.50826E-29 1.4013E-45 2.8026E-45 8.64317E-40 2.66143E-39 1.49933E-35 1.54764E-33 4.02757E-35 1.15281E-34 2.44246E-35 4.48416E-44
2.46167E-5 1.0134E-7 3.19974E-9 9.675E-8 4.38739E-6 4.07617E-6 2.36929E-5 6.13971E-5 1.34581E-4 5.83357E-5 6.9627E-5 6.22116E-4 1.25359E-4 2.01074E-6 9.10343E-6 2.65132E-7 2.0445E-8 2.24123E-9 1.29291E-18 9.9839E-12 1.57936E-19 2.77362E-29 4.30888E-18 9.33711E-15 2.03029E-24 3.72715E-26 2.16354E-21 2.71191E-32 1.5477E-31 7.20506E-41 0E0 8.58916E-37 2.17227E-23 1.52443E-27 4.20352E-30 2.49901E-28 1.17814E-32 9.30356E-30 7.58179E-26 7.68626E-34 3.25019E-26 2.8518E-28 9.42934E-28 4.36311E-40 1.96182E-44 1.42087E-37 8.06445E-29 1.24601E-27 1.59549E-38 2.73253E-43 2.38221E-44 0E0 0E0 9.13971E-35 1.26685E-30 4.79283E-31 1.07874E-33 0E0 1.4013E-44 4.76441E-44 1.56105E-42 2.8026E-45 0E0 0E0 1.4013E-45
9.02536E-8 1.34545E-14 1.89848E-13 1.07392E-8 1.02675E-6 5.53074E-6 3.14438E-7 4.44192E-7 1.41738E-5 4.60532E-5 6.39017E-5 5.22045E-5 2.8326E-6 1.61718E-6 1.63376E-7 6.31297E-11 1.71148E-19 2.06429E-13 1.88154E-23 1.11729E-24 1.00172E-31 2.78309E-36 8.47471E-18 1.04631E-27 2.50449E-34 5.81025E-29 1.31334E-30 4.46827E-37 1.12104E-44 1.7236E-43 3.6947E-30 1.28793E-24 1.25002E-17 1.76928E-22 2.16653E-28 6.97513E-37 8.07241E-33 6.00423E-24 7.68211E-21 5.24323E-32 6.5844E-26 9.90983E-22 4.90169E-37 1.0039E-26 6.33224E-35 9.98304E-38 2.73871E-35 2.23921E-25 1.29064E-39 7.61699E-37 7.86485E-33 1.40971E-42 7.14662E-44 6.78635E-41 2.20289E-36 1.03696E-43 5.69558E-41 2.22412E-37 1.27267E-34 2.74799E-40 7.03342E-38 4.64539E-40 1.51321E-40 0E0 4.86811E-42
4.66786E-7 3.94384E-9 1.90916E-10 6.08743E-10 8.97214E-8 4.6329E-7 9.55759E-8 8.94454E-8 7.33367E-7 1.80334E-5 1.44049E-4 2.0873E-5 1.87369E-6 1.27355E-7 2.09388E-18 2.39964E-14 6.20095E-31 1.05819E-16 8.01019E-20 1.70522E-31 2.4803E-43 2.64181E-32 9.07907E-25 1.84854E-40 1.49743E-36 1.14714E-35 9.94008E-38 4.0167E-30 3.42727E-33 1.98453E-36 1.33528E-19 1.05094E-14 1.46114E-20 4.64266E-25 6.96647E-31 1.92653E-29 1.41843E-30 5.65875E-25 2.33545E-20 2.81376E-20 3.833E-14 4.39915E-28 7.07032E-31 8.37877E-20 3.36738E-20 4.38123E-20 8.36272E-21 8.31129E-31 2.24208E-44 0E0 1.89175E-43 4.76441E-43 4.40008E-43 1.4013E-45 0E0 5.41792E-39 0E0 9.97865E-42 1.64482E-40 5.14557E-42 1.4013E-45 0E0 1.4013E-45 1.51321E-40 1.4013E-44
2.8092E-7 1.92582E-8 7.11387E-11 2.6308E-11 9.6378E-12 5.5346E-13 8.29143E-10 9.84107E-10 1.99798E-9 5.64018E-5 3.4033E-5 5.57619E-6 6.36237E-6 1.04142E-9 7.59345E-15 3.68729E-10 7.04445E-19 1.31278E-29 4.70889E-28 2.46188E-26 1.67821E-38 2.84838E-33 1.20093E-24 1.84833E-30 4.33123E-37 3.02038E-35 4.62825E-30 1.54334E-23 9.80037E-19 2.73345E-20 4.8814E-15 1.88074E-34 3.37933E-27 3.60237E-30 2.42526E-29 2.15056E-29 2.25119E-27 6.90482E-29 3.58206E-29 2.86413E-32 1.578E-24 3.83016E-17 2.10667E-16 1.40069E-12 2.01696E-29 5.52875E-31 2.2339E-39 3.45981E-41 1.29674E-37 1.98979E-38 5.60519E-44 0E0 0E0 0E0 0E0 0E0 7.37311E-37 3.12083E-41 0E0 2.8026E-45 0E0 0E0 0E0 8.69085E-42 2.75565E-41
7.16917E-11 1.86797E-9 1.85198E-10 1.45669E-15 3.99004E-19 1.02559E-13 8.59417E-11 2.71335E-14 1.46037E-9 8.77394E-5 2.40976E-5 8.77002E-7 4.43363E-9 1.40109E-11 2.99079E-19 4.95039E-13 5.77504E-23 4.35595E-36 9.18219E-35 2.01665E-40 2.18526E-32 8.26797E-28 2.77875E-35 5.39253E-29 1.98144E-42 1.61963E-28 2.18515E-28 3.51262E-24 2.12446E-12 5.21898E-15 2.08106E-24 6.82697E-36 9.56749E-34 2.58747E-36 6.75206E-35 3.21805E-34 5.96942E-35 6.0446E-31 7.88911E-28 2.57661E-28 1.95429E-29 3.78252E-30 2.74751E-26 1.07567E-12 3.22643E-10 3.71205E-20 3.29817E-20 1.3353E-39 7.70795E-37 5.29344E-31 1.59352E-31 5.41847E-39 1.64583E-41 2.49159E-40 0E0 0E0 0E0 0E0 5.51271E-42 0E0 0E0 0E0 4.2039E-45 8.93608E-42 1.4013E-45
1.98158E-14 1.46696E-14 4.08956E-15 2.57797E-17 1.00485E-14 9.93364E-13 6.69566E-18 3.73691E-22 6.70144E-11 5.96876E-7 5.58707E-6 2.68758E-8 1.04525E-10 2.58556E-12 1.46237E-15 2.83151E-28 4.61984E-35 2.32728E-36 2.21683E-33 1.49225E-36 2.68144E-40 1.23316E-39 1.51446E-32 1.4553E-39 8.45108E-35 6.66626E-27 5.69589E-24 1.72837E-23 1.25848E-8 9.89062E-21 1.89332E-24 4.78559E-34 1.28595E-30 1.91251E-28 1.65115E-29 8.41015E-27 1.72526E-28 1.14971E-25 2.0229E-18 8.0103E-20 1.43124E-22 2.08108E-19 2.03632E-28 4.01798E-29 1.48963E-23 1.00881E-8 3.70877E-15 5.64717E-29 6.13415E-30 1.70868E-34 2.13166E-26 4.02873E-28 8.09328E-34 1.90786E-31 4.47575E-42 6.01953E-38 6.2638E-43 0E0 0E0 0E0 0E0 0E0 0E0 0E0 8.40779E-45
9.37266E-24 2.24796E-19 5.70213E-23 8.5848E-20 1.21517E-17 3.00873E-17 8.19801E-24 2.22118E-18 3.46506E-9 3.0037E-7 1.0722E-6 7.07615E-8 1.87453E-10 4.85061E-12 1.26981E-16 9.81796E-25 4.31097E-30 2.28069E-22 8.38608E-32 7.66471E-36 4.00093E-31 1.9357E-37 2.9862E-39 1.02185E-35 1.48689E-32 4.4156E-20 9.98548E-23 1.53257E-19 2.09275E-7 2.79644E-15 6.27916E-24 1.96756E-21 1.40699E-21 1.37279E-19 8.38006E-24 3.2269E-18 1.25961E-23 8.38767E-20 2.06877E-10 2.14578E-7 7.11787E-8 2.48573E-8 6.45098E-14 8.97915E-23 7.41471E-29 2.36524E-11 1.39611E-22 8.50561E-27 1.17076E-21 2.16155E-21 2.66013E-26 6.11156E-21 3.25836E-34 4.78136E-38 6.37834E-37 2.10195E-44 3.54223E-39 0E0 0E0 0E0 0E0 0E0 0E0 0E0 0E0
4.43947E-23 1.77453E-25 1.80396E-22 1.57107E-21 5.00978E-16 9.66238E-18 1.59553E-15 1.61332E-8 5.51798E-12 4.30804E-18 2.67366E-23 1.34426E-23 1.088E-25 6.61886E-32 3.7029E-34 2.13618E-26 1.05758E-21 3.05619E-33 2.24641E-29 6.43483E-26 3.11012E-30 1.80131E-33 3.29886E-30 6.64475E-26 5.65551E-30 2.73642E-18 7.92845E-10 8.71641E-8 4.64841E-9 1.16836E-17 1.18358E-10 2.24551E-13 2.84515E-21 2.6426E-16 2.00002E-27 1.12216E-13 8.47814E-11 2.13817E-6 3.07364E-17 4.34758E-18 3.41669E-12 1.17595E-7 3.84942E-6 6.21996E-8 1.63889E-10 1.02054E-19 9.63673E-25 8.05719E-26 3.89736E-35 2.05736E-36 4.86778E-21 4.35128E-19 3.09522E-17 7.30469E-36 3.08402E-35 4.20273E-39 1.59718E-33 5.4107E-38 1.14029E-40 0E0 1.70958E-43 0E0 0E0 0E0 0E0
1.12538E-23 9.321E-25 1.54396E-24 3.98318E-15 6.44799E-15 6.77943E-11 3.04735E-12 1.70964E-15 1.21285E-27 4.89038E-31 4.71374E-37 6.49372E-32 8.73223E-25 3.03996E-15 2.26811E-14 3.4793E-21 1.13619E-26 1.70548E-35 4.13521E-24 9.00087E-15 3.15945E-20 1.34265E-30 7.07527E-21 2.318E-17 2.25928E-20 3.19434E-15 4.49008E-8 7.91779E-7 6.71435E-14 1.07489E-7 1.9642E-10 1.6575E-19 1.34602E-18 3.69309E-11 6.89949E-24 2.75438E-18 5.35764E-11 7.03123E-8 6.82294E-19 5.63295E-25 1.348E-24 4.54477E-23 4.52648E-18 6.10224E-19 2.35305E-30 4.69687E-41 3.42884E-25 4.44101E-24 6.10201E-33 4.14806E-36 2.48077E-34 1.19811E-19 1.55239E-25 9.6832E-21 1.66971E-26 1.95064E-24 4.61992E-22 2.20229E-24 3.81267E-33 1.95593E-41 1.68156E-44 8.76987E-38 0E0 0E0 1.70958E-43
5.77082E-26 3.88609E-29 1.38567E-24 2.06372E-19 8.65789E-20 1.60963E-20 2.13032E-20 7.59425E-30 3.20672E-30 2.88291E-29 6.79586E-20 1.32953E-14 1.82794E-11 8.67077E-6 5.99726E-8 5.54379E-15 8.73223E-25 7.2238E-24 1.16438E-22 3.25508E-12 3.53694E-10 3.41795E-15 1.12988E-11 5.30101E-9 6.73566E-18 2.7756E-7 9.31752E-6 3.65807E-10 5.10458E-7 2.49095E-6 2.68801E-6 6.40626E-10 1.02472E-6 3.37614E-9 9.55993E-15 6.23902E-6 2.4748E-7 7.56016E-17 7.86878E-24 2.11527E-27 5.71457E-26 2.08673E-27 2.90126E-28 8.58723E-30 1.3978E-34 1.16631E-34 4.22154E-25 2.24848E-29 1.10844E-29 7.91172E-35 2.19711E-32 3.42644E-33 1.04126E-34 1.62863E-24 1.25179E-24 5.24153E-35 5.0221E-27 5.515E-34 1.24179E-35 1.05162E-40 1.4013E-45 6.8054E-36 1.97023E-42 0E0 9.80909E-45
9.53759E-28 5.77082E-26 6.16945E-26 2.47527E-23 1.02724E-24 4.05556E-22 1.20243E-19 3.95899E-22 1.34151E-19 2.27284E-15 1.45099E-14 2.66675E-17 1.13579E-10 2.31319E-5 4.64107E-6 6.17835E-6 3.61592E-10 6.4855E-19 2.10027E-7 3.83525E-10 1.5364E-4 5.59034E-14 2.57749E-9 7.66533E-6 7.4307E-5 3.94636E-4 7.01538E-6 3.23738E-4 7.9835E-4 2.52925E-4 3.91669E-6 1.06491E-5 4.12395E-4 7.50836E-7 2.69823E-6 4.56324E-5 6.58874E-11 1.78761E-18 1.03823E-23 1.20773E-21 2.01226E-21 1.41648E-25 9.07109E-26 2.74182E-22 2.75574E-22 1.00526E-28 4.37349E-30 1.04457E-26 1.07376E-30 2.99748E-31 4.96799E-30 3.34062E-35 9.86038E-39 2.27469E-37 4.10283E-30 1.26936E-25 3.51216E-37 1.05009E-28 4.20222E-27 7.47731E-36 9.13323E-38 6.23017E-42 1.41426E-31 6.39973E-42 0E0
1.72857E-22 4.10449E-24 9.80188E-27 5.51027E-25 4.39178E-22 3.69187E-20 1.27365E-24 5.71236E-26 6.40929E-22 1.83354E-20 2.20307E-22 6.91204E-25 2.07251E-8 3.04324E-7 2.02693E-10 2.36689E-5 6.39166E-6 1.03693E-8 6.46633E-4 2.67287E-3 2.98194E-5 6.86015E-11 3.41328E-9 3.93789E-4 6.47922E-3 1.63085E-4 1.77376E-2 1.80222E-2 1.52947E-2 7.65216E-4 2.98176E-3 2.59946E-3 1.08402E-4 2.20506E-7 6.28883E-5 4.79499E-5 8.9027E-8 9.46012E-14 4.71168E-17 3.85687E-14 4.53734E-25 6.85236E-20 2.26267E-15 4.49052E-15 2.3673E-15 5.97814E-19 2.63635E-20 3.35047E-24 1.81149E-26 2.39993E-29 3.73565E-32 1.09208E-33 6.10769E-32 1.27578E-35 6.22357E-29 2.32902E-23 1.0353E-35 3.58971E-39 1.88957E-39 4.04122E-31 7.79791E-30 1.33449E-29 7.99098E-36 1.40889E-28 0E0
