KUENM/Final_Models/M_0.1_F_lq_Set_2_NE/sp1_2.asc
ncols         197
nrows         210
xllcorner     56.1666666666667
yllcorner     4.5
cellsize      0.166666666666667
NODATA_value  -9999
[rows 112 to 139 of 210, columns 130 to 194 of 197]
4.78851E-1 3.67239E-1 2.70454E-1 2.27363E-1 2.05358E-1 1.394E-1 7.76591E-2 3.49711E-2 1.4698E-2 5.31497E-3 2.53035E-3 1.67017E-3 1.01521E-3 4.22464E-4 1.70713E-4 1.68651E-4 3.50473E-4 8.22741E-4 1.531E-3 3.21307E-3 8.56518E-3 1.63692E-2 1.9105E-2 1.57271E-2 4.21273E-3 1.35914E-3 1.02415E-3 1.28239E-3 1.97199E-3 1.97865E-3 1.67036E-3 1.85845E-3 2.02521E-3 2.09631E-3 1.88317E-3 1.52967E-3 1.26006E-3 1.07262E-3 1.17376E-3 1.26006E-3 1.67144E-3 2.54132E-3 4.22195E-3 7.98198E-3 4.7503E-3 1.67365E-3 4.92482E-4 1.63955E-4 1.08954E-4 1.31093E-4 1.3683E-4 1.48445E-4 1.42529E-4 1.57662E-4 2.00738E-4 2.80753E-4 -9999 -9999 -9999 -9999 -9999 -9999 -9999 -9999 -9999
4.479E-1 3.29258E-1 2.38074E-1 1.99559E-1 1.63394E-1 9.95051E-2 4.74683E-2 1.71217E-2 3.9727E-3 1.07262E-3 1.40316E-3 1.70201E-3 1.58449E-3 5.72496E-4 1.18552E-4 7.45129E-5 1.44885E-4 3.40275E-4 8.15613E-4 2.00035E-3 4.13957E-3 6.7835E-3 6.8201E-3 5.58374E-3 3.79163E-3 1.30545E-3 8.88971E-4 1.01815E-3 5.15775E-3 8.18138E-3 4.89616E-3 2.94773E-3 2.20884E-3 2.16971E-3 2.02241E-3 1.99194E-3 2.1064E-3 2.42204E-3 2.85513E-3 2.65553E-3 2.12002E-3 1.90485E-3 1.96402E-3 3.19281E-3 2.79713E-3 1.26015E-3 3.84018E-4 1.39552E-4 1.25818E-4 1.48341E-4 1.64279E-4 1.85261E-4 2.0492E-4 2.21932E-4 2.65027E-4 -9999 -9999 -9999 -9999 -9999 -9999 -9999 -9999 -9999 -9999
3.50926E-1 2.10795E-1 1.48688E-1 1.26028E-1 1.07373E-1 6.75819E-2 3.30718E-2 1.09257E-2 2.44745E-3 7.03231E-4 1.01521E-3 1.53286E-3 1.45272E-3 3.22338E-4 3.17724E-5 1.74105E-5 4.39082E-5 1.1875E-4 3.49189E-4 9.78897E-4 1.77746E-3 4.1145E-3 7.81702E-3 1.51104E-2 6.85789E-3 1.29514E-3 6.37563E-4 9.08448E-4 6.92707E-3 1.40206E-2 8.88308E-3 4.10488E-3 2.4061E-3 2.36047E-3 2.57548E-3 2.76345E-3 2.7347E-3 3.13731E-3 4.07111E-3 4.13557E-3 3.33092E-3 2.27931E-3 1.30595E-3 1.58668E-3 1.70321E-3 9.96946E-4 4.13013E-4 1.6315E-4 1.58685E-4 2.04072E-4 2.30442E-4 2.65009E-4 3.04229E-4 3.48643E-4 -9999 -9999 -9999 -9999 -9999 -9999 -9999 -9999 -9999 -9999 -9999
2.8654E-1 1.8727E-1 1.20521E-1 7.80041E-2 5.68503E-2 4.67457E-2 2.89478E-2 1.24777E-2 4.52234E-3 2.13421E-3 1.82508E-3 1.85711E-3 8.44701E-4 1.11368E-4 8.59507E-6 6.47247E-6 1.52934E-5 4.06837E-5 1.0014E-4 2.1961E-4 2.96528E-4 1.26137E-3 4.54049E-3 7.91361E-3 4.49775E-3 1.0933E-3 6.3689E-4 1.12583E-3 1.31951E-2 2.14638E-2 1.5789E-2 6.62656E-3 3.14956E-3 3.20254E-3 3.39096E-3 2.74923E-3 3.57726E-3 3.289E-3 4.0903E-3 4.702E-3 4.57073E-3 3.37852E-3 2.64652E-3 2.60209E-3 2.17123E-3 1.30586E-3 6.89326E-4 2.97104E-4 2.47392E-4 3.47192E-4 3.83218E-4 4.14438E-4 -9999 -9999 -9999 -9999 -9999 -9999 -9999 -9999 -9999 -9999 -9999 -9999 -9999
2.446E-1 1.81749E-1 1.19436E-1 6.65497E-2 4.0089E-2 3.36552E-2 3.34992E-2 1.91011E-2 9.00604E-3 6.32654E-3 5.84699E-3 4.36301E-3 6.64126E-4 8.15284E-5 1.39063E-5 7.42654E-6 8.91201E-6 1.61414E-5 2.48807E-5 1.97988E-5 4.69661E-5 1.0164E-4 2.67515E-4 4.58746E-4 9.03676E-4 1.12313E-3 1.70127E-3 7.33075E-3 2.98988E-2 4.16156E-2 2.5173E-2 1.3477E-2 6.94922E-3 5.13761E-3 4.29394E-3 4.42487E-3 3.66927E-3 3.69649E-3 3.881E-3 5.7648E-3 6.3627E-3 5.49739E-3 4.95218E-3 4.44402E-3 3.46855E-3 2.48771E-3 1.55686E-3 9.58039E-4 7.00813E-4 7.1542E-4 7.1542E-4 -9999 -9999 -9999 -9999 -9999 -9999 -9999 -9999 -9999 -9999 -9999 -9999 -9999 -9999
2.13411E-1 1.64769E-1 1.16061E-1 7.17139E-2 4.56261E-2 3.5872E-2 3.89981E-2 2.75537E-2 1.52818E-2 1.21582E-2 8.98765E-3 2.98514E-3 4.99842E-4 7.98368E-5 1.78302E-5 8.76124E-6 8.53759E-6 1.32762E-5 1.91906E-5 2.56127E-5 5.40699E-5 1.25634E-4 2.08013E-4 4.32355E-4 6.07088E-4 7.70862E-4 1.86868E-3 1.41396E-2 4.99413E-2 7.97134E-2 4.22684E-2 1.94237E-2 8.62499E-3 5.8581E-3 3.22295E-3 4.77077E-3 3.3882E-3 3.05256E-3 5.91137E-3 9.52372E-3 9.86143E-3 8.98908E-3 8.28959E-3 7.39994E-3 6.38409E-3 5.06234E-3 3.77401E-3 2.84824E-3 2.13272E-3 -9999 -9999 -9999 -9999 -9999 -9999 -9999 -9999 -9999 -9999 -9999 -9999 -9999 -9999 -9999 -9999
1.65807E-1 1.25533E-1 1.0145E-1 9.1034E-2 7.14412E-2 5.5003E-2 4.68985E-2 4.11787E-2 3.62575E-2 2.94273E-2 1.14228E-2 1.83937E-3 2.91345E-4 7.65533E-5 2.3853E-5 1.1572E-5 9.17601E-6 1.60683E-5 3.39921E-5 7.20424E-5 1.66299E-4 2.23396E-4 3.63025E-4 5.92848E-4 7.28295E-4 8.29025E-4 1.562E-3 4.26467E-3 1.56617E-2 4.76913E-2 3.23214E-2 1.03788E-2 4.77568E-3 6.14655E-3 6.61281E-3 6.85325E-3 4.1972E-3 4.54183E-3 9.90114E-3 1.39833E-2 1.46695E-2 1.42529E-2 1.30375E-2 1.26637E-2 1.13012E-2 9.16256E-3 7.28064E-3 5.31497E-3 -9999 -9999 -9999 -9999 -9999 -9999 -9999 -9999 -9999 -9999 -9999 -9999 -9999 -9999 -9999 -9999 -9999
1.2561E-1 1.33934E-1 1.20961E-1 1.01392E-1 7.4828E-2 3.7917E-2 3.24214E-2 3.87281E-2 5.29972E-2 6.31758E-2 3.13037E-2 2.0678E-3 2.99875E-4 1.06202E-4 3.24524E-5 1.45616E-5 1.18398E-5 2.2216E-5 5.14301E-5 1.1164E-4 2.08013E-4 3.81E-4 6.01767E-4 7.81463E-4 7.29765E-4 7.9945E-4 1.08152E-3 1.14508E-3 3.58293E-3 1.8629E-2 6.07645E-3 1.42603E-3 3.57733E-3 3.05875E-3 8.43786E-3 9.164E-3 7.60987E-3 8.44853E-3 9.92801E-3 1.47841E-2 2.05291E-2 2.05966E-2 2.14638E-2 2.00355E-2 1.76832E-2 -9999 -9999 -9999 -9999 -9999 -9999 -9999 -9999 -9999 -9999 -9999 -9999 -9999 -9999 -9999 -9999 -9999 -9999 -9999 -9999
1.31582E-1 1.43961E-1 1.44494E-1 1.27532E-1 8.41889E-2 4.53477E-2 4.36298E-2 7.88595E-2 1.44808E-1 1.12683E-1 6.12759E-2 8.85453E-3 1.28195E-3 2.56299E-4 4.78892E-5 1.62707E-5 1.18631E-5 2.54372E-5 6.68928E-5 1.35055E-4 2.92381E-4 5.52803E-4 6.69644E-4 7.90041E-4 8.49798E-4 7.5088E-4 7.78863E-4 8.10479E-4 1.00914E-3 4.25928E-3 1.29552E-3 6.60652E-4 2.88962E-3 5.80303E-3 5.56635E-3 9.50191E-3 9.97354E-3 8.50998E-3 1.07227E-2 1.99446E-2 2.58556E-2 2.76859E-2 2.95682E-2 -9999 -9999 -9999 -9999 -9999 -9999 -9999 -9999 -9999 -9999 -9999 -9999 -9999 -9999 -9999 -9999 -9999 -9999 -9999 -9999 -9999 -9999
1.50528E-1 1.66675E-1 1.83808E-1 1.73227E-1 1.43782E-1 1.05195E-1 1.00255E-1 9.32834E-2 1.45236E-1 1.35269E-1 6.54539E-2 1.66786E-2 3.0752E-3 4.79893E-4 6.70395E-5 1.47927E-5 1.15867E-5 2.32358E-5 9.07514E-5 1.85242E-4 3.37414E-4 6.80259E-4 7.30713E-4 7.44261E-4 7.17396E-4 5.88114E-4 5.25729E-4 4.62946E-4 5.18289E-4 5.51966E-4 3.54788E-4 4.58378E-4 1.76968E-3 5.49586E-3 4.9048E-3 9.96405E-3 1.25953E-2 1.06517E-2 1.05361E-2 2.57817E-2 3.14504E-2 3.43747E-2 3.63337E-2 -9999 -9999 -9999 -9999 -9999 -9999 -9999 -9999 -9999 -9999 -9999 -9999 -9999 -9999 -9999 -9999 -9999 -9999 -9999 -9999 -9999 -9999
1.73698E-1 1.86526E-1 2.09239E-1 2.39557E-1 2.27363E-1 2.14809E-1 2.3115E-1 2.18873E-1 1.45244E-1 1.18733E-1 6.47209E-2 2.30829E-2 5.76086E-3 9.34968E-4 1.10984E-4 2.22982E-5 1.39053E-5 3.03888E-5 8.81126E-5 2.66674E-4 7.12826E-4 9.36972E-4 5.53261E-4 5.02696E-4 5.23007E-4 4.0125E-4 3.18628E-4 2.31266E-4 2.14759E-4 1.52503E-4 1.58195E-4 3.4095E-4 1.30972E-3 4.36115E-3 4.54795E-3 9.5689E-3 1.28965E-2 1.13034E-2 9.9087E-3 2.79043E-2 4.27378E-2 4.1236E-2 -9999 -9999 -9999 -9999 -9999 -9999 -9999 -9999 -9999 -9999 -9999 -9999 -9999 -9999 -9999 -9999 -9999 -9999 -9999 -9999 -9999 -9999 -9999
1.51574E-1 1.49995E-1 2.13573E-1 2.71941E-1 2.96801E-1 3.25822E-1 3.26874E-1 3.01442E-1 2.23861E-1 1.20735E-1 7.46699E-2 3.35467E-2 1.38573E-2 3.48995E-3 2.72773E-4 5.80613E-5 5.57179E-5 7.33054E-5 1.39095E-4 4.34349E-4 1.02191E-3 1.19347E-3 5.79791E-4 3.46217E-4 3.26716E-4 2.42515E-4 1.80164E-4 1.37654E-4 8.06141E-5 3.72272E-5 1.04867E-4 6.08328E-4 3.07324E-3 4.4895E-3 5.76335E-3 8.6773E-3 1.46802E-2 2.27251E-2 2.93799E-2 4.72787E-2 6.17577E-2 5.07021E-2 -9999 -9999 -9999 -9999 -9999 -9999 -9999 -9999 -9999 -9999 -9999 -9999 -9999 -9999 -9999 -9999 -9999 -9999 -9999 -9999 -9999 -9999 -9999
9.52786E-2 8.06682E-2 1.07697E-1 2.6951E-1 3.36814E-1 3.80558E-1 3.84969E-1 3.34909E-1 2.31801E-1 1.29315E-1 1.30502E-1 9.00197E-2 4.54122E-2 2.26063E-2 5.95457E-3 1.29781E-3 4.41333E-4 2.54763E-4 3.02202E-4 5.35212E-4 7.34229E-4 8.32995E-4 5.00728E-4 3.40768E-4 2.21516E-4 1.7187E-4 1.39631E-4 1.20059E-4 3.96854E-5 3.83027E-5 1.61517E-4 7.551E-4 8.63278E-3 8.23601E-3 8.10545E-3 1.09818E-2 2.11713E-2 3.9183E-2 6.78569E-2 9.93675E-2 8.77082E-2 -9999 -9999 -9999 -9999 -9999 -9999 -9999 -9999 -9999 -9999 -9999 -9999 -9999 -9999 -9999 -9999 -9999 -9999 -9999 -9999 -9999 -9999 -9999 -9999
4.38538E-2 6.2467E-2 1.15245E-1 2.39942E-1 3.25126E-1 4.09935E-1 4.1957E-1 3.67239E-1 2.75162E-1 2.11376E-1 1.97684E-1 1.8318E-1 1.37326E-1 1.21875E-1 1.00063E-1 4.74837E-2 7.38965E-3 1.23347E-3 5.10462E-4 6.56185E-4 7.23839E-4 6.67586E-4 4.34867E-4 2.00469E-4 9.62193E-5 1.11002E-4 1.97112E-4 1.78523E-4 1.70107E-4 2.74511E-4 5.78347E-4 5.85995E-3 3.07887E-2 3.11894E-2 1.86892E-2 1.81862E-2 3.54231E-2 5.70391E-2 9.25586E-2 1.14201E-1 -9999 -9999 -9999 -9999 -9999 -9999 -9999 -9999 -9999 -9999 -9999 -9999 -9999 -9999 -9999 -9999 -9999 -9999 -9999 -9999 -9999 -9999 -9999 -9999 -9999
2.81084E-2 6.11732E-2 1.42996E-1 2.47938E-1 3.53306E-1 4.70641E-1 4.77401E-1 4.16689E-1 3.36961E-1 2.87743E-1 2.39959E-1 2.08299E-1 2.05527E-1 2.92541E-1 3.65974E-1 3.58983E-1 5.37226E-2 3.57555E-3 7.60968E-4 6.01951E-4 6.38575E-4 5.84017E-4 3.76443E-4 1.26084E-4 3.68714E-5 6.84859E-5 2.76294E-4 5.22994E-4 8.79491E-4 1.25532E-3 2.10427E-3 1.27767E-2 5.6859E-2 7.16091E-2 5.84135E-2 7.30638E-2 9.43065E-2 9.73655E-2 1.06571E-1 -9999 -9999 -9999 -9999 -9999 -9999 -9999 -9999 -9999 -9999 -9999 -9999 -9999 -9999 -9999 -9999 -9999 -9999 -9999 -9999 -9999 -9999 -9999 -9999 -9999 -9999
2.26831E-2 6.97801E-2 1.60703E-1 2.49589E-1 3.65766E-1 4.95661E-1 5.09173E-1 4.616E-1 4.02007E-1 3.54009E-1 2.54293E-1 1.80762E-1 2.10147E-1 3.65605E-1 4.79486E-1 4.38776E-1 4.66569E-2 4.8956E-3 1.27498E-3 8.34354E-4 7.72031E-4 5.62225E-4 3.55207E-4 1.36834E-4 5.33832E-5 1.32722E-4 6.8498E-4 1.64019E-3 2.31541E-3 3.24195E-3 4.41183E-3 2.05551E-2 7.64328E-2 1.04153E-1 1.1399E-1 1.58249E-1 2.08898E-1 1.54224E-1 -9999 -9999 -9999 -9999 -9999 -9999 -9999 -9999 -9999 -9999 -9999 -9999 -9999 -9999 -9999 -9999 -9999 -9999 -9999 -9999 -9999 -9999 -9999 -9999 -9999 -9999 -9999
6.33008E-2 1.17551E-1 1.30148E-1 2.0418E-1 3.5612E-1 4.8036E-1 4.97945E-1 4.60481E-1 3.995E-1 3.59474E-1 2.70114E-1 1.53937E-1 1.36019E-1 2.6541E-1 3.0325E-1 2.57056E-1 7.06921E-2 1.04136E-2 3.21306E-3 1.87161E-3 1.10442E-3 7.06656E-4 4.87429E-4 3.08945E-4 4.76139E-4 7.77312E-4 2.24763E-3 3.9564E-3 4.06918E-3 6.4294E-3 1.23459E-2 3.35059E-2 9.16957E-2 1.1796E-1 1.36906E-1 1.71398E-1 2.10981E-1 -9999 -9999 -9999 -9999 -9999 -9999 -9999 -9999 -9999 -9999 -9999 -9999 -9999 -9999 -9999 -9999 -9999 -9999 -9999 -9999 -9999 -9999 -9999 -9999 -9999 -9999 -9999 -9999
2.37091E-1 2.29838E-1 1.90678E-1 2.48569E-1 3.43066E-1 3.37263E-1 4.01714E-1 4.43534E-1 3.79843E-1 3.2433E-1 2.54484E-1 1.34233E-1 8.23541E-2 1.30793E-1 1.63896E-1 1.60317E-1 8.04129E-2 2.63728E-2 8.11982E-3 4.22881E-3 2.30938E-3 1.24477E-3 9.65668E-4 1.14291E-3 1.99665E-3 3.22849E-3 5.85993E-3 9.58065E-3 7.78532E-3 9.55304E-3 1.40183E-2 4.31764E-2 1.21669E-1 2.04132E-1 1.67538E-1 -9999 -9999 -9999 -9999 -9999 -9999 -9999 -9999 -9999 -9999 -9999 -9999 -9999 -9999 -9999 -9999 -9999 -9999 -9999 -9999 -9999 -9999 -9999 -9999 -9999 -9999 -9999 -9999 -9999 -9999
3.10178E-1 3.29173E-1 3.50204E-1 3.92531E-1 4.37705E-1 4.406E-1 4.82381E-1 5.26317E-1 4.91815E-1 3.67985E-1 2.85311E-1 1.70816E-1 1.10045E-1 1.10578E-1 1.07629E-1 1.16061E-1 1.00226E-1 6.43499E-2 2.88754E-2 1.29856E-2 5.17731E-3 2.58359E-3 2.50683E-3 3.45594E-3 4.20404E-3 5.25222E-3 8.18937E-3 7.60987E-3 1.05433E-2 2.45846E-2 5.87107E-2 1.03898E-1 1.71398E-1 2.19692E-1 -9999 -9999 -9999 -9999 -9999 -9999 -9999 -9999 -9999 -9999 -9999 -9999 -9999 -9999 -9999 -9999 -9999 -9999 -9999 -9999 -9999 -9999 -9999 -9999 -9999 -9999 -9999 -9999 -9999 -9999 -9999
3.17491E-1 3.5269E-1 4.10775E-1 4.79595E-1 5.26644E-1 5.4538E-1 5.77447E-1 5.9905E-1 5.8533E-1 5.07184E-1 3.89317E-1 2.69428E-1 1.82635E-1 1.36981E-1 1.06395E-1 1.15014E-1 1.37326E-1 1.28863E-1 1.10784E-1 3.19019E-2 9.95739E-3 5.31509E-3 4.88446E-3 5.61806E-3 6.29157E-3 6.9978E-3 6.77355E-3 1.14626E-2 3.53488E-2 8.58741E-2 1.87597E-1 1.98045E-1 1.97286E-1 -9999 -9999 -9999 -9999 -9999 -9999 -9999 -9999 -9999 -9999 -9999 -9999 -9999 -9999 -9999 -9999 -9999 -9999 -9999 -9999 -9999 -9999 -9999 -9999 -9999 -9999 -9999 -9999 -9999 -9999 -9999 -9999
3.26795E-1 4.10596E-1 4.49514E-1 5.36208E-1 5.83352E-1 5.86233E-1 5.79732E-1 6.21943E-1 6.35219E-1 5.87181E-1 4.73049E-1 3.64017E-1 2.87903E-1 1.99467E-1 1.37588E-1 1.28098E-1 1.44499E-1 1.23516E-1 7.76591E-2 3.1817E-2 1.13534E-2 8.24652E-3 8.09471E-3 1.0628E-2 1.36744E-2 1.64772E-2 2.01275E-2 3.9671E-2 8.73152E-2 1.55276E-1 2.2045E-1 2.34834E-1 -9999 -9999 -9999 -9999 -9999 -9999 -9999 -9999 -9999 -9999 -9999 -9999 -9999 -9999 -9999 -9999 -9999 -9999 -9999 -9999 -9999 -9999 -9999 -9999 -9999 -9999 -9999 -9999 -9999 -9999 -9999 -9999 -9999
3.33282E-1 5.69487E-1 5.76985E-1 5.9468E-1 6.26847E-1 6.21528E-1 5.64587E-1 6.23914E-1 6.40405E-1 5.96973E-1 4.91107E-1 4.15844E-1 3.91071E-1 2.84144E-1 1.6098E-1 1.35318E-1 1.17806E-1 1.02757E-1 5.45738E-2 2.57825E-2 8.5344E-3 6.94906E-3 1.10218E-2 2.83244E-2 3.33885E-2 3.96955E-2 5.63021E-2 9.77178E-2 1.26421E-1 1.53937E-1 -9999 -9999 -9999 -9999 -9999 -9999 -9999 -9999 -9999 -9999 -9999 -9999 -9999 -9999 -9999 -9999 -9999 -9999 -9999 -9999 -9999 -9999 -9999 -9999 -9999 -9999 -9999 -9999 -9999 -9999 -9999 -9999 -9999 -9999 -9999
4.00442E-1 5.64907E-1 5.99061E-1 6.14506E-1 6.36406E-1 6.39494E-1 6.1828E-1 6.13103E-1 5.9536E-1 5.52619E-1 4.69571E-1 4.44394E-1 4.2511E-1 3.13869E-1 1.77519E-1 1.54369E-1 1.32897E-1 1.46627E-1 1.276E-1 5.16243E-2 2.18429E-2 1.25904E-2 1.40545E-2 5.10589E-2 5.67042E-2 6.80367E-2 1.23417E-1 1.35326E-1 -9999 -9999 -9999 -9999 -9999 -9999 -9999 -9999 -9999 -9999 -9999 -9999 -9999 -9999 -9999 -9999 -9999 -9999 -9999 -9999 -9999 -9999 -9999 -9999 -9999 -9999 -9999 -9999 -9999 -9999 -9999 -9999 -9999 -9999 -9999 -9999 -9999
4.47432E-1 5.21523E-1 5.87435E-1 6.21119E-1 6.39748E-1 6.45164E-1 6.38174E-1 6.22732E-1 5.90064E-1 5.61602E-1 5.3254E-1 5.04392E-1 4.68266E-1 3.60501E-1 2.40762E-1 2.23745E-1 1.81739E-1 1.94383E-1 2.20434E-1 1.36555E-1 7.72263E-2 5.54374E-2 5.41571E-2 7.19288E-2 7.39423E-2 5.54374E-2 7.07643E-2 1.45345E-1 -9999 -9999 -9999 -9999 -9999 -9999 -9999 -9999 -9999 -9999 -9999 -9999 -9999 -9999 -9999 -9999 -9999 -9999 -9999 -9999 -9999 -9999 -9999 -9999 -9999 -9999 -9999 -9999 -9999 -9999 -9999 -9999 -9999 -9999 -9999 -9999 -9999
4.65187E-1 4.99328E-1 5.82393E-1 6.26647E-1 6.42841E-1 6.46611E-1 6.50856E-1 6.39795E-1 6.16893E-1 5.93861E-1 5.74968E-1 5.48562E-1 5.27231E-1 4.938E-1 3.96126E-1 2.68818E-1 1.90465E-1 1.74391E-1 1.97684E-1 2.14642E-1 1.8008E-1 1.27681E-1 1.04133E-1 4.986E-2 4.42005E-2 3.90753E-2 1.05349E-1 1.276E-1 -9999 -9999 -9999 -9999 -9999 -9999 -9999 -9999 -9999 -9999 -9999 -9999 -9999 -9999 -9999 -9999 -9999 -9999 -9999 -9999 -9999 -9999 -9999 -9999 -9999 -9999 -9999 -9999 -9999 -9999 -9999 -9999 -9999 -9999 -9999 -9999 -9999
5.28995E-1 5.47687E-1 6.01531E-1 6.33234E-1 6.39744E-1 6.44858E-1 6.49851E-1 6.44711E-1 6.32515E-1 6.13473E-1 5.95642E-1 5.76242E-1 5.52788E-1 5.39855E-1 4.96387E-1 3.24913E-1 1.70595E-1 1.25906E-1 1.70558E-1 2.76155E-1 2.89584E-1 1.49644E-1 1.0686E-1 3.35828E-2 1.92997E-2 2.43415E-2 5.70713E-2 -9999 -9999 -9999 -9999 -9999 -9999 -9999 -9999 -9999 -9999 -9999 -9999 -9999 -9999 -9999 -9999 -9999 -9999 -9999 -9999 -9999 -9999 -9999 -9999 -9999 -9999 -9999 -9999 -9999 -9999 -9999 -9999 -9999 -9999 -9999 -9999 -9999 -9999
5.84003E-1 6.02399E-1 6.18101E-1 6.31404E-1 6.38979E-1 6.36452E-1 6.40834E-1 6.47548E-1 6.38535E-1 6.28243E-1 6.12453E-1 5.83922E-1 5.47277E-1 4.82088E-1 4.01519E-1 3.44947E-1 2.08332E-1 9.12983E-2 1.16705E-1 1.90255E-1 2.41208E-1 1.69419E-1 9.28308E-2 2.67251E-2 2.01173E-2 2.27527E-2 -9999 -9999 -9999 -9999 -9999 -9999 -9999 -9999 -9999 -9999 -9999 -9999 -9999 -9999 -9999 -9999 -9999 -9999 -9999 -9999 -9999 -9999 -9999 -9999 -9999 -9999 -9999 -9999 -9999 -9999 -9999 -9999 -9999 -9999 -9999 -9999 -9999 -9999 -9999
6.10638E-1 6.10962E-1 6.04869E-1 6.0648E-1 6.15688E-1 5.97414E-1 6.29389E-1 6.43451E-1 6.41975E-1 6.35789E-1 6.08343E-1 5.70341E-1 5.24296E-1 4.64022E-1 4.02376E-1 3.65702E-1 2.65525E-1 1.0493E-1 1.17622E-1 1.32105E-1 1.35326E-1 1.44069E-1 -9999 1.7893E-2 -9999 -9999 -9999 -9999 -9999 -9999 -9999 -9999 -9999 -9999 -9999 -9999 -9999 -9999 -9999 -9999 -9999 -9999 -9999 -9999 -9999 -9999 -9999 -9999 -9999 -9999 -9999 -9999 -9999 -9999 -9999 -9999 -9999 -9999 -9999 -9999 -9999 -9999 -9999 -9999 -9999
