KUENM/Final_Models/M_0.1_F_lq_Set_2_NE/sp1_2.asc
ncols         197
nrows         210
xllcorner     56.1666666666667
yllcorner     4.5
cellsize      0.166666666666667
NODATA_value  -9999
[rows 84 to 111 of 210, columns 130 to 194 of 197]
4.31821E-1 4.39973E-1 3.87693E-1 3.45765E-1 3.51625E-1 4.32755E-1 4.63391E-1 4.98715E-1 4.25111E-1 4.08915E-1 4.37362E-1 4.98196E-1 5.67991E-1 5.31456E-1 3.98274E-1 3.13171E-1 4.02089E-1 4.61996E-1 4.73814E-1 4.29589E-1 4.13839E-1 4.0243E-1 3.60897E-1 3.04829E-1 2.76222E-1 3.03251E-1 3.23671E-1 3.11649E-1 2.96322E-1 2.60647E-1 2.18536E-1 1.9349E-1 1.92001E-1 2.18932E-1 2.48829E-1 2.70512E-1 3.32103E-1 3.83259E-1 3.04579E-1 2.72199E-1 2.60447E-1 2.99433E-1 3.34488E-1 3.55041E-1 3.7541E-1 4.31174E-1 3.72455E-1 2.65163E-1 2.48578E-1 2.94332E-1 2.29627E-1 1.66703E-1 8.94845E-2 4.52408E-2 3.97135E-2 2.67349E-2 1.34935E-2 7.94288E-3 1.0401E-2 8.96254E-3 2.71554E-3 5.50044E-4 1.78891E-4 1.77503E-4 2.80223E-5
3.85427E-1 3.90428E-1 3.60437E-1 3.61025E-1 4.04236E-1 4.52948E-1 4.3844E-1 4.13738E-1 3.62674E-1 3.53733E-1 3.7873E-1 4.15994E-1 4.90749E-1 4.21999E-1 2.93313E-1 2.5545E-1 4.11426E-1 4.406E-1 2.956E-1 3.40135E-1 3.57207E-1 3.33639E-1 3.33639E-1 3.45765E-1 3.67769E-1 3.3384E-1 3.23598E-1 3.09685E-1 2.77392E-1 2.82456E-1 2.93895E-1 2.37155E-1 2.74633E-1 3.01863E-1 2.89172E-1 2.69627E-1 3.02002E-1 3.60477E-1 3.3817E-1 2.81482E-1 2.59557E-1 3.0372E-1 3.57058E-1 3.74091E-1 3.89252E-1 3.99929E-1 3.33823E-1 2.40627E-1 2.87466E-1 4.06518E-1 2.88199E-1 1.52317E-1 5.90685E-2 2.93159E-2 6.65832E-2 5.72113E-2 1.88766E-2 4.9048E-3 1.13788E-2 1.25768E-2 5.44366E-3 1.28778E-3 3.81149E-4 2.72092E-4 4.47169E-5
3.24011E-1 3.25078E-1 3.26985E-1 3.15062E-1 3.3384E-1 3.49007E-1 3.36885E-1 2.99841E-1 2.33639E-1 1.73475E-1 2.15806E-1 3.09474E-1 3.60795E-1 2.74355E-1 1.94984E-1 2.31671E-1 3.42362E-1 3.45322E-1 2.9308E-1 3.38858E-1 3.25374E-1 2.90932E-1 2.89234E-1 3.59202E-1 4.49923E-1 4.29583E-1 3.52551E-1 3.0835E-1 2.62662E-1 2.16969E-1 1.77415E-1 2.46936E-1 3.37921E-1 3.62952E-1 2.94297E-1 3.15767E-1 3.07159E-1 2.85575E-1 2.75368E-1 2.56867E-1 2.72517E-1 3.26852E-1 3.38927E-1 3.30304E-1 3.85018E-1 4.2856E-1 3.12322E-1 2.47938E-1 2.67942E-1 2.91716E-1 2.11464E-1 1.40317E-1 9.97432E-2 6.92398E-2 1.02751E-1 9.12054E-2 3.68375E-2 1.23961E-2 1.08906E-2 1.13384E-2 7.06822E-3 3.07324E-3 1.00702E-3 4.2077E-4 9.07514E-5
2.83005E-1 2.73407E-1 2.38452E-1 1.90553E-1 2.08576E-1 2.30474E-1 2.41547E-1 2.43297E-1 1.84832E-1 1.34308E-1 1.32915E-1 2.19388E-1 2.82975E-1 1.57181E-1 8.94845E-2 1.46711E-1 2.15389E-1 2.35829E-1 2.4372E-1 2.68713E-1 2.47725E-1 2.23953E-1 2.25642E-1 2.86653E-1 3.99337E-1 4.08915E-1 3.67714E-1 3.14892E-1 2.6731E-1 2.32957E-1 2.32957E-1 3.08341E-1 4.39369E-1 5.53403E-1 4.43511E-1 2.76322E-1 2.30015E-1 1.98738E-1 1.95168E-1 2.34329E-1 2.81008E-1 2.82712E-1 2.24671E-1 2.136E-1 2.8387E-1 3.07159E-1 2.81482E-1 2.90007E-1 2.96008E-1 2.46936E-1 1.74611E-1 1.50043E-1 1.75106E-1 1.80158E-1 1.82707E-1 1.36427E-1 6.40981E-2 1.13788E-2 5.12853E-3 4.84951E-3 5.03179E-3 4.14852E-3 1.95413E-3 7.74083E-4 2.77876E-4
2.75947E-1 2.28233E-1 1.54405E-1 9.21451E-2 1.11108E-1 1.46623E-1 1.89201E-1 2.03911E-1 1.83405E-1 1.29487E-1 1.16848E-1 1.61126E-1 1.77535E-1 9.91593E-2 7.03795E-2 9.92888E-2 1.62159E-1 1.86705E-1 1.9034E-1 1.87438E-1 1.54353E-1 1.25869E-1 1.50905E-1 2.11923E-1 2.73646E-1 2.91666E-1 3.25884E-1 3.12342E-1 2.72762E-1 2.47703E-1 2.50086E-1 2.97281E-1 4.02888E-1 4.67545E-1 3.53881E-1 2.57587E-1 1.86975E-1 1.45358E-1 1.35694E-1 2.11586E-1 2.63559E-1 2.68605E-1 1.78554E-1 1.60345E-1 2.06379E-1 2.07922E-1 2.34896E-1 3.32134E-1 3.03227E-1 2.24115E-1 1.60064E-1 1.3251E-1 1.69258E-1 2.14799E-1 1.74704E-1 1.16769E-1 4.01009E-2 2.97201E-3 1.68443E-3 4.99915E-3 4.58052E-3 3.83152E-3 2.75003E-3 1.39144E-3 6.61727E-4
2.97565E-1 2.20436E-1 1.34283E-1 7.38316E-2 6.68745E-2 8.76645E-2 1.36715E-1 2.02575E-1 1.65188E-1 9.70569E-2 9.02983E-2 1.06051E-1 1.04834E-1 8.27652E-2 8.05888E-2 9.91152E-2 1.70225E-1 1.54353E-1 1.29532E-1 1.14755E-1 8.68926E-2 7.90118E-2 1.02809E-1 1.44873E-1 1.96831E-1 2.53916E-1 3.10883E-1 3.09217E-1 2.75252E-1 2.47315E-1 2.34539E-1 2.46897E-1 2.772E-1 2.72356E-1 2.12167E-1 1.90513E-1 1.9927E-1 1.50736E-1 7.4341E-2 1.11768E-1 1.86639E-1 2.74695E-1 2.28409E-1 1.95718E-1 2.04942E-1 1.95952E-1 2.17835E-1 2.68958E-1 2.79619E-1 1.67731E-1 1.04174E-1 6.71959E-2 7.99084E-2 1.00134E-1 8.94954E-2 4.58463E-2 6.88068E-3 3.14331E-4 1.87086E-4 2.20609E-3 3.35577E-3 2.93729E-3 3.27617E-3 2.02476E-3 1.0361E-3
2.99228E-1 2.43156E-1 1.4282E-1 7.01597E-2 5.85402E-2 6.62841E-2 9.70918E-2 1.09311E-1 7.5763E-2 3.91801E-2 4.85121E-2 6.66544E-2 1.10437E-1 1.20278E-1 1.2018E-1 1.20878E-1 1.28592E-1 1.60834E-1 1.31725E-1 8.50935E-2 4.99533E-2 5.29376E-2 7.81788E-2 1.09378E-1 1.50459E-1 2.24649E-1 2.94977E-1 2.73242E-1 2.48057E-1 2.28021E-1 2.16105E-1 2.14741E-1 2.22507E-1 2.24073E-1 2.22507E-1 2.17673E-1 1.9927E-1 1.32968E-1 7.28337E-2 8.21828E-2 1.37842E-1 1.75106E-1 1.64391E-1 1.80158E-1 1.93263E-1 1.74006E-1 1.7819E-1 1.83846E-1 1.63097E-1 1.17787E-1 7.17473E-2 4.59219E-2 4.09959E-2 3.90207E-2 3.87163E-2 2.54416E-2 3.1909E-3 1.32658E-4 6.54026E-5 7.86174E-4 2.03514E-3 2.71901E-3 3.49213E-3 2.27931E-3 1.14291E-3
3.09474E-1 2.33657E-1 1.22522E-1 6.92871E-2 4.59219E-2 4.38067E-2 5.05039E-2 3.46742E-2 1.18863E-2 1.2772E-2 4.65336E-2 9.52375E-2 1.19158E-1 1.27992E-1 1.35598E-1 1.21349E-1 1.06941E-1 1.32405E-1 1.07923E-1 7.54834E-2 6.0091E-2 6.35567E-2 7.73523E-2 8.98467E-2 1.22797E-1 1.75727E-1 2.30279E-1 2.23618E-1 1.95811E-1 1.89838E-1 1.7819E-1 1.70225E-1 1.67878E-1 1.41436E-1 1.41671E-1 1.47904E-1 1.41384E-1 8.33473E-2 5.54779E-2 6.79607E-2 8.33473E-2 8.24323E-2 6.27031E-2 8.98467E-2 1.13619E-1 1.08352E-1 1.33593E-1 1.51559E-1 1.40427E-1 9.81546E-2 6.94545E-2 4.75992E-2 3.69996E-2 3.35638E-2 2.58851E-2 1.93026E-2 4.54395E-3 6.85651E-4 4.23248E-4 1.04692E-3 1.82375E-3 2.97524E-3 3.57187E-3 2.34852E-3 9.78897E-4
2.4653E-1 1.6773E-1 8.04594E-2 4.9143E-2 3.59267E-2 3.91981E-2 3.46467E-2 3.01135E-2 1.81097E-2 3.03803E-2 5.66647E-2 9.0512E-2 8.19092E-2 1.12552E-1 1.39225E-1 1.26929E-1 9.85088E-2 9.8608E-2 8.86848E-2 7.99056E-2 7.90118E-2 9.04383E-2 8.49035E-2 8.24897E-2 1.05857E-1 1.25283E-1 1.48537E-1 1.60847E-1 1.69872E-1 1.5698E-1 1.36673E-1 1.12913E-1 1.11429E-1 9.49765E-2 8.66754E-2 8.95994E-2 9.70918E-2 1.08255E-1 1.2602E-1 9.2412E-2 7.09722E-2 4.66835E-2 4.09063E-2 4.21649E-2 3.04702E-2 2.56506E-2 4.26701E-2 7.77259E-2 9.23818E-2 5.60151E-2 4.65464E-2 4.71092E-2 3.21837E-2 2.74704E-2 1.97278E-2 1.26189E-2 5.81578E-3 2.76519E-3 2.15597E-3 1.8324E-3 1.13668E-3 1.48496E-3 3.1077E-3 2.52747E-3 9.73738E-4
1.12186E-1 7.62674E-2 4.3977E-2 2.88451E-2 2.78074E-2 3.01135E-2 3.37825E-2 5.28545E-2 4.85622E-2 2.49581E-2 5.80523E-2 8.86848E-2 7.29162E-2 8.07926E-2 9.63869E-2 9.10198E-2 8.2295E-2 6.94408E-2 6.42776E-2 6.86845E-2 8.2295E-2 9.38156E-2 8.29881E-2 6.75826E-2 6.79782E-2 6.6909E-2 9.37577E-2 8.36993E-2 1.11284E-1 9.80293E-2 7.66616E-2 6.39888E-2 6.07953E-2 5.08296E-2 4.85247E-2 4.74039E-2 6.2564E-2 1.09171E-1 1.31725E-1 6.83323E-2 4.89297E-2 3.78337E-2 4.14033E-2 4.41653E-2 2.14848E-2 1.52942E-2 2.26527E-2 4.6467E-2 5.10272E-2 2.66658E-2 2.11598E-2 3.12311E-2 2.91428E-2 2.40255E-2 1.49818E-2 1.05521E-2 7.71932E-3 6.33709E-3 5.9505E-3 4.39058E-3 1.62812E-3 1.43921E-3 2.45463E-3 2.14085E-3 1.0526E-3
6.11215E-2 4.03646E-2 2.59711E-2 1.86179E-2 1.94034E-2 2.13829E-2 2.97273E-2 5.59062E-2 5.09191E-2 2.04474E-2 6.78799E-2 6.35647E-2 4.33124E-2 3.75803E-2 4.68274E-2 4.52964E-2 3.91801E-2 3.29721E-2 3.04501E-2 4.68274E-2 7.2445E-2 7.34706E-2 6.81261E-2 5.42986E-2 4.42148E-2 4.17831E-2 4.51886E-2 3.78701E-2 3.93675E-2 5.02448E-2 4.22873E-2 3.5509E-2 3.0037E-2 2.56506E-2 2.86698E-2 2.74676E-2 3.66667E-2 4.36993E-2 3.28579E-2 3.67655E-2 4.41244E-2 3.5154E-2 3.74535E-2 3.63132E-2 3.20958E-2 3.60056E-2 3.68375E-2 3.02877E-2 3.31377E-2 2.97012E-2 4.8074E-2 3.44094E-2 3.11885E-2 2.71076E-2 1.09804E-2 1.0501E-2 1.11893E-2 8.93511E-3 1.10246E-2 1.15253E-2 4.62767E-3 3.06861E-3 3.01771E-3 2.3323E-3 1.19957E-3
3.79365E-2 2.46952E-2 1.64249E-2 1.27597E-2 1.22356E-2 1.67116E-2 2.63853E-2 2.88451E-2 3.12459E-2 3.58519E-2 4.38067E-2 3.28579E-2 3.05024E-2 2.68073E-2 2.28523E-2 1.65994E-2 1.47086E-2 1.17121E-2 1.49173E-2 3.3609E-2 6.70098E-2 7.01175E-2 5.44485E-2 3.87633E-2 2.74121E-2 1.91068E-2 1.76499E-2 1.60719E-2 1.40303E-2 2.03689E-2 1.74539E-2 1.50003E-2 1.26926E-2 1.09057E-2 1.12212E-2 1.36008E-2 1.16868E-2 8.52497E-3 5.2558E-3 6.13655E-3 1.88571E-2 2.75082E-2 1.99685E-2 1.29593E-2 1.15766E-2 9.25162E-3 8.52202E-3 6.3752E-3 9.2941E-3 1.9192E-2 2.8841E-2 3.80405E-2 4.41407E-2 4.13739E-2 2.24611E-2 1.78156E-2 2.24611E-2 8.40728E-3 6.26357E-3 6.87994E-3 6.06952E-3 5.09641E-3 4.62767E-3 3.06861E-3 1.62154E-3
2.95128E-2 2.13489E-2 1.49446E-2 1.31455E-2 1.10495E-2 1.53726E-2 2.19348E-2 2.63853E-2 3.37314E-2 3.87892E-2 3.03773E-2 2.39849E-2 2.00036E-2 1.43243E-2 1.05746E-2 6.6171E-3 4.99264E-3 3.96177E-3 1.0706E-2 3.12357E-2 6.81261E-2 7.938E-2 5.30671E-2 3.28048E-2 2.34196E-2 1.89282E-2 1.18521E-2 9.30408E-3 7.77544E-3 9.86594E-3 8.99445E-3 7.51929E-3 5.83807E-3 4.83362E-3 4.48463E-3 5.97644E-3 5.21261E-3 6.3161E-3 4.35381E-3 4.67778E-3 1.50364E-2 2.21107E-2 7.91907E-3 3.70055E-3 3.1768E-3 1.58954E-3 2.89049E-3 6.61281E-3 9.3124E-3 1.1056E-2 1.3422E-2 1.75088E-2 3.47028E-2 5.22407E-2 3.38274E-2 2.37913E-2 8.55136E-2 1.63692E-2 7.20826E-3 6.66865E-3 6.06952E-3 6.98785E-3 8.27978E-3 5.43251E-3 2.91823E-3
2.49581E-2 1.6847E-2 1.92226E-2 3.60217E-2 3.28779E-2 2.83819E-2 3.03803E-2 2.97586E-2 3.29564E-2 4.12017E-2 4.65158E-2 3.25567E-2 1.01183E-2 6.62716E-3 3.66927E-3 1.87977E-3 1.34534E-3 1.65243E-3 3.4876E-3 1.31431E-2 3.60072E-2 6.14767E-2 4.2054E-2 2.66316E-2 2.00234E-2 1.949E-2 1.73013E-2 8.99445E-3 5.30208E-3 5.152E-3 5.07176E-3 3.61055E-3 2.3091E-3 1.8847E-3 2.12044E-3 2.95136E-3 4.02611E-3 4.69858E-3 4.41802E-3 2.97197E-3 4.71647E-3 6.42055E-3 2.85476E-3 1.185E-3 1.54458E-3 1.56618E-3 1.12723E-2 2.09728E-2 9.50191E-3 4.84951E-3 7.44487E-3 1.03871E-2 2.24611E-2 4.9221E-2 5.88714E-2 2.65539E-2 6.02437E-2 4.98134E-2 2.28439E-2 1.07016E-2 6.26357E-3 6.26357E-3 1.3539E-2 1.4553E-2 9.21003E-3
1.66444E-2 1.44757E-2 1.84078E-2 3.16928E-2 4.21057E-2 5.01535E-2 5.44667E-2 5.57606E-2 5.41743E-2 6.56569E-2 5.42113E-2 2.93513E-2 1.39157E-2 6.41687E-3 2.16538E-3 6.04988E-4 5.86325E-4 1.06551E-3 2.32807E-3 3.50439E-3 8.96235E-3 1.4776E-2 1.45881E-2 1.64525E-2 1.60004E-2 1.99406E-2 2.44693E-2 1.25941E-2 6.41945E-3 3.87942E-3 2.98288E-3 1.85919E-3 9.6366E-4 7.07832E-4 9.14366E-4 1.28478E-3 1.84862E-3 2.35765E-3 1.87747E-3 1.46735E-3 9.53458E-4 1.36321E-3 1.80023E-3 1.99401E-3 2.55965E-3 4.13774E-3 1.5205E-2 1.61743E-2 7.3208E-3 4.3199E-3 6.67858E-3 1.4553E-2 1.96431E-2 3.48162E-2 4.99413E-2 2.76316E-2 3.40265E-2 6.90079E-2 4.75998E-2 2.57877E-2 1.02329E-2 3.44761E-3 3.80617E-3 7.55065E-3 2.03306E-3
1.16419E-2 9.73302E-3 1.11977E-2 2.0125E-2 3.71829E-2 6.04377E-2 7.02351E-2 7.52484E-2 7.89144E-2 7.73985E-2 6.06311E-2 3.21385E-2 1.71516E-2 5.30208E-3 1.45361E-3 5.17989E-4 6.13769E-4 9.58754E-4 2.29316E-3 5.12597E-3 8.07345E-3 6.20411E-3 1.93423E-3 2.97752E-3 6.12676E-3 1.71139E-2 3.4245E-2 1.80054E-2 7.71521E-3 3.34346E-3 1.80327E-3 1.0421E-3 5.9258E-4 3.39959E-4 3.11888E-4 3.59247E-4 5.17989E-4 8.71798E-4 7.20706E-4 3.24008E-4 1.82323E-4 3.9508E-4 1.41531E-3 3.18755E-3 3.34957E-3 4.07173E-3 5.70715E-3 4.52465E-3 3.92637E-3 3.80617E-3 5.81578E-3 1.14255E-2 1.31512E-2 2.07589E-2 2.29494E-2 1.76486E-2 2.29494E-2 3.82134E-2 4.21328E-2 4.00951E-2 1.15639E-2 1.65692E-3 9.6988E-4 2.38206E-3 3.37144E-4
1.22321E-2 6.47315E-3 5.40923E-3 1.15567E-2 2.24387E-2 3.54038E-2 4.17415E-2 6.0091E-2 6.18701E-2 8.29881E-2 7.32707E-2 4.11692E-2 1.67708E-2 4.99264E-3 1.62571E-3 7.57592E-4 7.72131E-4 1.18241E-3 2.18198E-3 4.50474E-3 6.42452E-3 8.81042E-3 3.56215E-3 1.28885E-3 2.61304E-3 1.05277E-2 2.51068E-2 1.4368E-2 5.98836E-3 2.65819E-3 1.34046E-3 6.90977E-4 4.89511E-4 2.89851E-4 2.30132E-4 3.14555E-4 3.44201E-4 6.79575E-4 7.72249E-4 4.16274E-4 1.96587E-4 3.52384E-4 1.95514E-3 5.12853E-3 5.35831E-3 3.3485E-3 4.05657E-3 5.34665E-3 7.01133E-3 8.30756E-3 1.12267E-2 1.2588E-2 9.64597E-3 9.78272E-3 1.0628E-2 9.00707E-3 1.04706E-2 1.55351E-2 1.76486E-2 1.09275E-2 1.66251E-3 1.03699E-4 1.31634E-5 9.949E-5 1.34912E-4
1.26189E-2 5.07957E-3 2.23255E-3 1.47754E-3 1.16453E-2 2.44693E-2 1.00903E-2 4.09063E-2 5.14351E-2 6.74228E-2 8.03434E-2 4.09117E-2 1.47978E-2 4.40628E-3 1.27114E-3 7.56928E-4 6.18758E-4 1.08255E-3 2.60256E-3 6.27908E-3 6.91836E-3 5.30307E-3 3.88454E-3 4.30628E-3 6.50666E-3 8.08596E-3 7.01839E-3 5.21046E-3 1.8345E-3 1.39621E-3 9.75191E-4 9.2123E-4 7.11806E-4 5.38075E-4 5.28095E-4 7.49288E-4 1.61453E-3 3.61059E-3 2.54126E-3 8.61596E-4 4.30363E-4 7.72064E-4 3.12467E-3 5.24395E-3 5.16117E-3 4.46789E-3 3.92637E-3 7.39994E-3 1.15253E-2 1.69546E-2 2.49255E-2 1.47636E-2 1.07374E-2 7.23247E-3 6.94468E-3 5.05595E-3 3.77947E-3 5.4837E-3 7.27606E-3 2.40137E-3 1.76897E-4 1.31634E-5 2.13965E-6 4.08899E-6 -9999
3.18865E-2 1.43066E-2 1.79836E-3 2.38437E-6 3.46276E-3 5.7969E-4 1.7297E-3 3.08611E-2 5.72294E-2 6.36213E-2 5.74755E-2 3.29183E-2 1.13788E-2 2.82745E-3 9.92837E-4 5.33009E-4 4.95995E-4 1.03864E-3 3.08217E-3 6.82148E-3 1.36178E-2 1.77188E-2 1.86982E-2 1.18167E-2 9.18844E-3 1.08053E-2 6.44362E-3 2.45655E-3 5.48037E-4 7.23024E-4 9.63761E-4 1.16592E-3 1.16636E-3 9.12528E-4 8.00835E-4 1.36705E-3 2.52419E-3 3.61576E-3 2.38127E-3 1.29052E-3 9.16414E-4 1.15928E-3 2.09442E-3 2.64482E-3 3.37852E-3 4.35496E-3 3.6638E-3 4.96086E-3 6.20906E-3 8.28959E-3 7.32948E-3 9.55304E-3 9.5498E-3 7.49489E-3 5.56423E-3 2.80087E-3 9.79061E-4 2.02535E-3 5.47641E-3 1.04921E-3 1.8789E-4 6.97118E-5 2.93303E-5 1.14322E-5 -9999
9.57665E-2 5.21314E-2 3.03234E-3 2.28339E-4 3.1071E-5 7.88414E-4 1.42921E-2 5.58382E-2 7.43757E-2 4.81767E-2 2.28523E-2 1.58004E-2 5.88918E-3 1.21723E-3 6.78148E-4 3.94278E-4 4.03424E-4 1.2929E-3 3.91156E-3 1.00903E-2 3.96849E-2 5.00062E-2 3.83517E-2 2.58259E-2 1.79358E-2 1.15639E-2 6.92158E-3 3.28021E-3 1.76032E-3 1.32766E-3 1.14515E-3 1.3533E-3 1.40158E-3 1.13668E-3 7.95954E-4 1.15416E-3 2.02141E-3 2.25389E-3 1.48706E-3 8.61688E-4 5.77932E-4 5.56584E-4 7.23024E-4 1.07153E-3 1.68443E-3 2.52738E-3 2.455E-3 2.10713E-3 2.21874E-3 3.35577E-3 2.9641E-3 2.5672E-3 4.23256E-3 3.77947E-3 2.3639E-3 1.58679E-3 7.85897E-4 1.76267E-3 2.32075E-3 6.51927E-4 1.76897E-4 4.96896E-4 3.64298E-4 -9999 -9999
8.40275E-2 1.02153E-1 2.6537E-2 1.23173E-2 1.06692E-2 9.80384E-3 4.16647E-2 8.73786E-2 8.04744E-2 3.24459E-2 8.98508E-3 1.02484E-2 4.17379E-3 6.06311E-4 4.03461E-4 3.80858E-4 3.79547E-4 1.80238E-3 7.29269E-3 2.06431E-2 8.05527E-2 8.91175E-2 6.27052E-2 4.15081E-2 2.6962E-2 1.50968E-2 1.06421E-2 7.16873E-3 3.59945E-3 1.5878E-3 1.35419E-3 1.26095E-3 9.79704E-4 4.14467E-4 3.37144E-4 5.86508E-4 1.29808E-3 1.29371E-3 7.61195E-4 4.07346E-4 2.80493E-4 2.13834E-4 2.22154E-4 5.08677E-4 1.12583E-3 1.86418E-3 2.21768E-3 1.85927E-3 1.27216E-3 1.3737E-3 9.77814E-4 8.56455E-4 6.50613E-4 3.6875E-4 4.21078E-4 8.76353E-4 1.32943E-3 1.30595E-3 8.76353E-4 4.81288E-4 5.27724E-4 7.93011E-4 -9999 -9999 -9999
5.02454E-2 3.5021E-2 6.42493E-2 6.74228E-2 8.1638E-2 5.78906E-2 7.47665E-2 1.01563E-1 9.70569E-2 4.87745E-2 1.81691E-2 1.34935E-2 6.3752E-3 8.00679E-4 2.59359E-4 5.14341E-4 1.06735E-3 4.70035E-3 1.67708E-2 4.87871E-2 1.21247E-1 1.19895E-1 7.70284E-2 5.37285E-2 3.92582E-2 2.56123E-2 1.89648E-2 1.49004E-2 8.87031E-3 4.08786E-3 3.24517E-3 2.52167E-3 5.81359E-4 6.88017E-5 8.50201E-5 1.59377E-4 3.41264E-4 4.72217E-4 2.73075E-4 1.70347E-4 1.75218E-4 9.73289E-5 5.6576E-5 2.8895E-4 1.08255E-3 1.92984E-3 2.76135E-3 2.30981E-3 1.35796E-3 7.53419E-4 3.21158E-4 1.76911E-4 1.1147E-4 2.84109E-5 6.18941E-5 2.44582E-4 5.20977E-4 4.64242E-4 1.88778E-4 6.17694E-5 6.84859E-5 7.39609E-5 -9999 -9999 -9999
1.52754E-1 1.55854E-1 1.78208E-1 1.59695E-1 1.72986E-1 1.71656E-1 1.54239E-1 1.14505E-1 1.20252E-1 1.11573E-1 8.23836E-2 4.9832E-2 1.67836E-2 1.32142E-3 1.69337E-4 3.82555E-4 1.48235E-3 7.94288E-3 2.97604E-2 6.15218E-2 1.22188E-1 1.0521E-1 6.76101E-2 5.64135E-2 5.07338E-2 3.28674E-2 2.29778E-2 2.59036E-2 2.32135E-2 1.41839E-2 9.81349E-3 7.45837E-3 1.32115E-3 1.70341E-4 8.68098E-5 7.81841E-5 8.50201E-5 9.60254E-5 8.96663E-5 7.6772E-5 9.45945E-5 7.17397E-5 3.52997E-5 2.51915E-4 1.29939E-3 2.98288E-3 4.61298E-3 2.92358E-3 1.42301E-3 6.48079E-4 2.04046E-4 1.12831E-4 4.93929E-5 1.99456E-5 2.96888E-5 9.43655E-5 1.96761E-4 2.17126E-4 8.31484E-5 8.76124E-6 6.30546E-6 -9999 -9999 -9999 -9999
2.9802E-1 2.64284E-1 2.73614E-1 2.64552E-1 2.19237E-1 1.94337E-1 2.01779E-1 1.64735E-1 1.49267E-1 1.2759E-1 1.07056E-1 8.93968E-2 2.42257E-2 2.99562E-3 2.80753E-4 3.52046E-5 4.49751E-4 7.84467E-3 3.65384E-2 7.49486E-2 9.12746E-2 7.30715E-2 4.77521E-2 4.07534E-2 3.41587E-2 2.08952E-2 1.69388E-2 2.49343E-2 2.56117E-2 1.62337E-2 1.00095E-2 6.21494E-3 2.44236E-3 7.42437E-4 2.25482E-4 7.63022E-5 2.78291E-5 2.65385E-5 4.29711E-5 5.97543E-5 9.3602E-5 1.17174E-4 1.30476E-4 4.18049E-4 1.76353E-3 3.32961E-3 4.10534E-3 3.42531E-3 1.30699E-3 5.48448E-4 2.13081E-4 1.12311E-4 4.39404E-5 2.27709E-5 2.5476E-5 6.1977E-5 1.28437E-4 1.60672E-4 1.13315E-4 2.89846E-5 -9999 -9999 -9999 -9999 -9999
3.77078E-1 4.02089E-1 3.36449E-1 2.81482E-1 2.38137E-1 2.12667E-1 2.37945E-1 2.33069E-1 1.47662E-1 7.2935E-2 7.06914E-2 6.33008E-2 1.53447E-2 3.96491E-3 2.39789E-4 3.17091E-5 4.06984E-4 1.00495E-2 5.56652E-2 9.51147E-2 6.83706E-2 4.7119E-2 2.88585E-2 2.17738E-2 1.74248E-2 1.08087E-2 7.28064E-3 9.28418E-3 1.03289E-2 7.16873E-3 4.67437E-3 3.72014E-3 3.31336E-3 2.44573E-3 6.17146E-4 1.09169E-4 2.08709E-5 1.66102E-5 3.79413E-5 1.12287E-4 1.29175E-4 1.8789E-4 3.35149E-4 7.43515E-4 1.76134E-3 3.19622E-3 3.40465E-3 2.42361E-3 9.81391E-4 4.74526E-4 2.4382E-4 1.06551E-4 5.3266E-5 3.15599E-5 3.03888E-5 4.90004E-5 -9999 -9999 -9999 -9999 -9999 -9999 -9999 -9999 -9999
4.95497E-1 4.29431E-1 3.18223E-1 2.5379E-1 2.13316E-1 1.92843E-1 1.9099E-1 1.47913E-1 9.1608E-2 4.33492E-2 3.00148E-2 1.71916E-2 4.6651E-3 1.07051E-3 1.66964E-4 1.13315E-4 1.69175E-3 1.33744E-2 2.27686E-2 3.02916E-2 3.5876E-2 3.36589E-2 1.79334E-2 1.30822E-2 1.23469E-2 6.63119E-3 3.30678E-3 2.40137E-3 2.28593E-3 2.32532E-3 2.13272E-3 2.4061E-3 3.65942E-3 4.37801E-3 1.26006E-3 2.70277E-4 7.98948E-5 5.08402E-5 8.78634E-5 1.37041E-4 2.57418E-4 4.81288E-4 9.60127E-4 1.70325E-3 2.52715E-3 2.81038E-3 2.44345E-3 1.48235E-3 7.35218E-4 4.13079E-4 2.33979E-4 1.25832E-4 7.34035E-5 5.22564E-5 4.39992E-5 -9999 -9999 -9999 -9999 -9999 -9999 -9999 -9999 -9999 -9999
4.82873E-1 4.01494E-1 2.81686E-1 2.13461E-1 1.66167E-1 1.57189E-1 1.3517E-1 9.25606E-2 5.44657E-2 2.52711E-2 1.25203E-2 5.23073E-3 1.26095E-3 3.22565E-4 1.25579E-4 1.38252E-4 1.43339E-3 5.5382E-3 3.30014E-3 4.96549E-3 2.02878E-2 3.71914E-2 2.99963E-2 1.668E-2 6.42679E-3 2.36545E-3 1.45089E-3 1.16907E-3 9.97015E-4 8.78081E-4 1.07262E-3 1.76255E-3 2.80068E-3 2.93549E-3 1.52967E-3 5.82559E-4 2.70473E-4 1.85273E-4 2.00469E-4 3.13173E-4 6.48461E-4 1.17269E-3 2.40458E-3 3.84452E-3 3.97019E-3 2.78402E-3 1.39379E-3 8.48382E-4 4.22889E-4 2.81129E-4 1.92986E-4 1.33979E-4 9.44275E-5 8.1534E-5 9.83702E-5 -9999 -9999 -9999 -9999 -9999 -9999 -9999 -9999 -9999 -9999
4.49921E-1 3.85619E-1 2.8268E-1 2.30188E-1 2.01873E-1 1.53169E-1 1.05586E-1 6.11679E-2 3.24472E-2 1.38737E-2 5.66046E-3 2.32369E-3 9.10161E-4 3.10236E-4 1.53981E-4 1.98048E-4 6.93863E-4 1.66251E-3 1.97865E-3 4.01144E-3 1.59528E-2 3.91071E-2 3.96754E-2 1.91936E-2 4.302E-3 1.64133E-3 1.06548E-3 9.91004E-4 8.6044E-4 5.72535E-4 7.89802E-4 1.45374E-3 2.09631E-3 2.24238E-3 1.64114E-3 1.03235E-3 6.39791E-4 4.82871E-4 4.92136E-4 6.65527E-4 1.12094E-3 2.07048E-3 4.50756E-3 8.88887E-3 5.48333E-3 2.32385E-3 8.3053E-4 2.70295E-4 1.74422E-4 1.64175E-4 1.57762E-4 1.31351E-4 1.1377E-4 1.18474E-4 1.33979E-4 -9999 -9999 -9999 -9999 -9999 -9999 -9999 -9999 -9999 -9999
