KUENM/Final_Models/M_0.1_F_lq_Set_2_NE/sp1_2.asc
ncols         197
nrows         210
xllcorner     56.1666666666667
yllcorner     4.5
cellsize      0.166666666666667
NODATA_value  -9999
[rows 84 to 111 of 210, columns 65 to 129 of 197]
2.5905E-1 2.65602E-1 2.77933E-1 2.77758E-1 2.73411E-1 2.63469E-1 2.55731E-1 2.45644E-1 2.39737E-1 2.48925E-1 2.65597E-1 2.88889E-1 3.05074E-1 3.03498E-1 2.86322E-1 2.65804E-1 2.67228E-1 2.85914E-1 3.06529E-1 3.23802E-1 3.359E-1 3.37627E-1 3.46254E-1 3.56576E-1 3.55164E-1 3.84134E-1 4.02715E-1 4.10117E-1 4.12389E-1 4.14017E-1 4.41417E-1 5.04808E-1 5.40523E-1 5.56912E-1 5.81877E-1 6.19539E-1 6.41118E-1 6.52104E-1 6.57315E-1 6.58054E-1 6.20274E-1 5.9093E-1 6.06034E-1 6.20529E-1 6.36149E-1 6.47369E-1 6.47023E-1 6.33555E-1 6.33747E-1 6.166E-1 5.82615E-1 5.90208E-1 6.06862E-1 6.05231E-1 6.19324E-1 6.32252E-1 6.2464E-1 5.85946E-1 5.40608E-1 4.79048E-1 4.31636E-1 5.12079E-1 4.48209E-1 4.11651E-1 4.22548E-1
2.68379E-1 2.81069E-1 2.86157E-1 2.87013E-1 2.88614E-1 2.79842E-1 2.65791E-1 2.62243E-1 2.58861E-1 2.64798E-1 2.84213E-1 3.00901E-1 3.15135E-1 3.20621E-1 3.03498E-1 2.88033E-1 2.86187E-1 3.06529E-1 3.34173E-1 3.63432E-1 3.73668E-1 3.75368E-1 3.82145E-1 3.8415E-1 3.85821E-1 4.01719E-1 4.20712E-1 4.30097E-1 4.37995E-1 4.47336E-1 4.66562E-1 4.95504E-1 5.3443E-1 5.79914E-1 6.13919E-1 6.44746E-1 6.56688E-1 6.58443E-1 6.59811E-1 6.35775E-1 5.79316E-1 6.12975E-1 6.25639E-1 6.34562E-1 6.41742E-1 6.45155E-1 6.34874E-1 6.16617E-1 6.0528E-1 5.69292E-1 5.45386E-1 5.9121E-1 6.10055E-1 5.79286E-1 5.88089E-1 5.9112E-1 5.74838E-1 5.66405E-1 5.44032E-1 4.91647E-1 4.22861E-1 4.96992E-1 4.2852E-1 3.91094E-1 3.91817E-1
2.85533E-1 2.90776E-1 2.97377E-1 2.98757E-1 2.96683E-1 2.89336E-1 2.82756E-1 2.74708E-1 2.77414E-1 2.82511E-1 2.9689E-1 3.06505E-1 3.17163E-1 3.2408E-1 3.17315E-1 3.08679E-1 3.22365E-1 3.37627E-1 3.68558E-1 3.9892E-1 4.07204E-1 4.08852E-1 4.12461E-1 4.1752E-1 4.25114E-1 4.35117E-1 4.48351E-1 4.56521E-1 4.69987E-1 4.88348E-1 5.05789E-1 5.28208E-1 5.66739E-1 6.07375E-1 6.43252E-1 6.61357E-1 6.61718E-1 6.58524E-1 6.03866E-1 4.91095E-1 5.84911E-1 6.24897E-1 6.32914E-1 6.33971E-1 6.28117E-1 6.29386E-1 6.21385E-1 5.96642E-1 5.80882E-1 5.18884E-1 4.76673E-1 4.8305E-1 5.44142E-1 5.87435E-1 5.76815E-1 5.5032E-1 5.15195E-1 5.18988E-1 5.15182E-1 4.58485E-1 3.90246E-1 4.18276E-1 3.99722E-1 3.6476E-1 3.46946E-1
2.92307E-1 3.0223E-1 3.00524E-1 3.05644E-1 2.9865E-1 2.98198E-1 2.94745E-1 2.94458E-1 2.97463E-1 3.02622E-1 3.13408E-1 3.15135E-1 3.2235E-1 3.25809E-1 3.29423E-1 3.34617E-1 3.50003E-1 3.66851E-1 3.92241E-1 4.1704E-1 4.31557E-1 4.3507E-1 4.46245E-1 4.52274E-1 4.5907E-1 4.68049E-1 4.78745E-1 4.97091E-1 5.11905E-1 5.31656E-1 5.61163E-1 5.78924E-1 6.24216E-1 6.43347E-1 6.62819E-1 6.42935E-1 6.44161E-1 6.09934E-1 4.98942E-1 5.44668E-1 6.02896E-1 6.21142E-1 6.3622E-1 6.33802E-1 6.209E-1 6.04107E-1 5.73815E-1 5.58945E-1 5.59522E-1 5.34078E-1 4.88011E-1 4.61913E-1 4.79673E-1 5.4246E-1 5.75995E-1 5.16378E-1 4.78165E-1 4.69539E-1 4.60431E-1 3.98487E-1 3.23692E-1 2.8012E-1 3.01012E-1 3.14153E-1 3.09454E-1
2.74624E-1 2.90985E-1 2.97094E-1 2.99658E-1 3.0136E-1 3.11993E-1 3.10402E-1 3.11978E-1 3.15434E-1 3.18891E-1 3.27539E-1 3.2235E-1 3.27693E-1 3.32882E-1 3.44981E-1 3.58599E-1 3.72279E-1 3.90883E-1 4.07527E-1 4.30287E-1 4.47808E-1 4.58585E-1 4.70444E-1 4.82752E-1 4.89759E-1 5.02555E-1 5.18417E-1 5.40677E-1 5.58794E-1 5.82497E-1 6.13194E-1 6.32036E-1 6.53654E-1 6.59122E-1 6.15929E-1 5.93113E-1 5.6407E-1 4.9373E-1 3.96201E-1 5.06322E-1 5.96337E-1 6.29147E-1 6.39185E-1 6.32029E-1 6.11139E-1 5.81898E-1 5.39556E-1 5.09216E-1 5.07959E-1 4.89038E-1 4.67518E-1 4.61537E-1 4.68955E-1 5.31152E-1 5.0708E-1 4.79605E-1 4.54629E-1 4.50066E-1 4.21999E-1 3.60795E-1 2.78362E-1 1.81999E-1 1.95384E-1 2.75263E-1 2.9802E-1
-9999 2.87577E-1 2.97094E-1 3.04811E-1 3.11273E-1 3.18616E-1 3.22365E-1 3.25969E-1 3.31153E-1 3.34612E-1 3.38068E-1 3.25964E-1 3.34612E-1 3.467E-1 3.63894E-1 3.77534E-1 3.90883E-1 4.05876E-1 4.2724E-1 4.43123E-1 4.61618E-1 4.71582E-1 4.89889E-1 5.01715E-1 5.1583E-1 5.39489E-1 5.59962E-1 5.8338E-1 6.01069E-1 6.22651E-1 6.41474E-1 6.5587E-1 6.6085E-1 6.62956E-1 1.60784E-1 5.7501E-1 4.83805E-1 4.33877E-1 4.49883E-1 4.67675E-1 5.87584E-1 6.21753E-1 6.23868E-1 5.91883E-1 5.64696E-1 5.30487E-1 5.15753E-1 4.90946E-1 4.51151E-1 4.27514E-1 4.36362E-1 4.73236E-1 4.70868E-1 5.02734E-1 4.40743E-1 3.86152E-1 4.188E-1 4.23527E-1 4.00972E-1 3.28683E-1 2.52881E-1 1.60018E-1 1.86233E-1 2.72032E-1 3.15797E-1
-9999 2.94397E-1 3.04664E-1 3.09105E-1 3.2277E-1 3.3027E-1 3.37627E-1 3.43107E-1 3.50003E-1 3.55315E-1 3.55315E-1 3.53595E-1 3.58751E-1 3.70728E-1 3.80924E-1 3.92717E-1 4.0438E-1 4.14259E-1 4.30443E-1 4.5073E-1 4.68611E-1 4.913E-1 5.22781E-1 5.34117E-1 5.5098E-1 5.68447E-1 5.91628E-1 6.16206E-1 6.29124E-1 6.44987E-1 6.58519E-1 6.6515E-1 6.61095E-1 6.37851E-1 5.7242E-1 3.5668E-1 4.77472E-1 3.95723E-1 4.48654E-1 4.4369E-1 6.13103E-1 6.47023E-1 6.34856E-1 5.68413E-1 5.17019E-1 4.70411E-1 4.32028E-1 4.28992E-1 4.34488E-1 4.52016E-1 4.81076E-1 5.01487E-1 5.09311E-1 4.91909E-1 4.04063E-1 3.59202E-1 3.81096E-1 4.32336E-1 3.60897E-1 2.82975E-1 2.629E-1 2.28738E-1 2.49136E-1 3.02653E-1 3.23692E-1
-9999 3.00098E-1 3.11526E-1 3.19425E-1 3.28927E-1 3.36574E-1 3.47519E-1 3.60007E-1 3.77065E-1 3.89204E-1 3.9256E-1 3.96063E-1 3.99399E-1 4.02723E-1 4.06035E-1 4.10973E-1 4.1752E-1 4.28668E-1 4.398E-1 4.58062E-1 4.81309E-1 5.09163E-1 5.40163E-1 5.50688E-1 5.72535E-1 5.93511E-1 6.15396E-1 6.32773E-1 6.4014E-1 6.51683E-1 6.63231E-1 6.68316E-1 6.59038E-1 5.90756E-1 4.26224E-1 4.1655E-1 4.86664E-1 3.75987E-1 3.5144E-1 4.84087E-1 6.3507E-1 6.61695E-1 6.48747E-1 5.8097E-1 5.47442E-1 4.78183E-1 4.1518E-1 3.91531E-1 4.19985E-1 4.49905E-1 4.88011E-1 5.00844E-1 5.09311E-1 4.65939E-1 3.99337E-1 3.6766E-1 3.84208E-1 3.8214E-1 3.19214E-1 2.61001E-1 2.84629E-1 3.12342E-1 3.26992E-1 3.40399E-1 3.35871E-1
-9999 -9999 3.18936E-1 3.30425E-1 3.38354E-1 3.51293E-1 3.65756E-1 3.85042E-1 4.06717E-1 4.25142E-1 4.42961E-1 4.49199E-1 4.47646E-1 4.41553E-1 4.41553E-1 4.41548E-1 4.36813E-1 4.38222E-1 4.49182E-1 4.65621E-1 4.913E-1 5.20981E-1 5.43727E-1 5.67369E-1 5.88994E-1 6.10894E-1 6.3017E-1 6.48171E-1 6.52491E-1 6.56236E-1 6.65419E-1 6.68416E-1 6.62416E-1 6.24751E-1 5.19062E-1 4.87512E-1 4.82223E-1 3.75776E-1 4.89645E-1 6.09901E-1 6.54291E-1 6.65169E-1 6.61793E-1 6.32968E-1 6.17971E-1 5.26255E-1 3.91531E-1 3.80266E-1 4.16844E-1 4.43053E-1 4.84432E-1 5.20935E-1 4.96907E-1 4.33814E-1 4.02605E-1 3.99142E-1 4.07013E-1 3.93293E-1 2.90007E-1 2.59535E-1 2.99722E-1 3.72106E-1 3.99722E-1 3.67668E-1 3.20745E-1
-9999 -9999 3.30942E-1 3.44154E-1 3.56124E-1 3.72523E-1 3.86964E-1 4.10995E-1 4.37413E-1 4.66645E-1 4.90433E-1 4.97773E-1 4.8935E-1 4.77991E-1 4.67643E-1 4.61618E-1 4.59944E-1 4.45758E-1 4.47629E-1 4.80722E-1 5.08337E-1 5.36021E-1 5.67282E-1 5.85162E-1 6.07803E-1 6.24591E-1 6.4107E-1 6.53378E-1 6.60058E-1 6.62069E-1 6.67273E-1 6.6797E-1 6.68316E-1 6.51887E-1 5.82697E-1 4.86936E-1 4.43326E-1 4.43511E-1 5.00844E-1 6.03333E-1 6.63296E-1 6.63827E-1 6.68051E-1 6.57356E-1 6.0847E-1 5.01755E-1 3.95272E-1 3.8299E-1 4.11738E-1 4.40543E-1 4.81663E-1 4.97958E-1 4.18416E-1 3.8307E-1 4.00812E-1 4.12219E-1 4.00787E-1 3.7541E-1 2.93428E-1 2.53523E-1 2.8615E-1 3.75832E-1 4.05436E-1 3.47577E-1 2.17835E-1
-9999 -9999 -9999 3.56585E-1 3.66334E-1 3.89348E-1 4.13445E-1 4.35919E-1 4.61468E-1 5.01767E-1 5.31707E-1 5.39379E-1 5.27891E-1 5.10041E-1 4.80903E-1 4.49361E-1 4.20778E-1 4.12615E-1 4.41374E-1 4.83267E-1 5.14987E-1 5.50221E-1 5.79058E-1 5.97843E-1 6.1766E-1 6.32176E-1 6.40793E-1 6.48171E-1 6.53008E-1 6.62742E-1 6.68026E-1 6.68265E-1 6.67848E-1 6.55999E-1 6.14234E-1 5.19412E-1 4.60509E-1 5.02782E-1 5.1771E-1 5.46285E-1 6.30699E-1 6.62466E-1 6.56835E-1 6.17375E-1 5.12353E-1 4.74547E-1 3.75423E-1 3.72145E-1 4.27244E-1 4.64629E-1 4.59362E-1 4.58795E-1 4.17576E-1 4.03286E-1 4.0963E-1 3.92733E-1 3.64001E-1 3.14418E-1 2.67898E-1 2.22738E-1 2.20972E-1 3.20194E-1 3.6752E-1 2.77607E-1 1.39075E-1
-9999 -9999 -9999 -9999 -9999 -9999 -9999 4.56595E-1 4.88411E-1 5.22331E-1 5.44081E-1 5.58187E-1 5.58949E-1 5.46122E-1 5.01912E-1 4.2563E-1 3.48424E-1 3.82611E-1 4.47629E-1 4.99141E-1 5.45436E-1 5.80069E-1 6.03745E-1 6.17342E-1 6.26562E-1 6.36003E-1 6.44688E-1 6.49904E-1 6.5515E-1 6.62957E-1 6.67562E-1 6.65661E-1 6.59521E-1 6.48132E-1 6.26454E-1 5.78452E-1 5.23277E-1 5.23277E-1 5.35286E-1 5.69684E-1 6.26847E-1 6.47073E-1 6.33996E-1 5.38716E-1 3.46883E-1 3.54417E-1 3.21892E-1 3.29838E-1 4.23736E-1 4.4003E-1 4.23736E-1 4.2467E-1 4.0647E-1 4.18416E-1 3.86958E-1 3.3384E-1 2.97737E-1 2.74025E-1 2.31228E-1 1.64735E-1 1.60907E-1 2.38337E-1 3.08982E-1 1.87644E-1 7.4637E-2
-9999 -9999 -9999 -9999 -9999 -9999 -9999 -9999 5.06343E-1 5.28615E-1 5.51173E-1 5.67357E-1 5.80397E-1 5.78411E-1 5.45284E-1 4.78448E-1 4.31885E-1 4.49199E-1 4.88087E-1 5.35832E-1 5.78924E-1 6.06894E-1 6.17835E-1 6.24567E-1 6.33364E-1 6.41298E-1 6.49086E-1 6.54716E-1 6.60488E-1 6.65367E-1 6.66927E-1 6.57355E-1 6.39523E-1 6.29526E-1 6.2969E-1 6.14384E-1 5.73388E-1 5.61741E-1 5.63752E-1 5.64829E-1 5.82233E-1 6.10524E-1 6.18107E-1 5.27424E-1 3.61248E-1 3.39637E-1 2.93076E-1 2.96644E-1 3.49247E-1 3.74111E-1 3.95272E-1 4.0647E-1 3.97486E-1 3.97486E-1 3.37535E-1 2.49781E-1 2.20805E-1 2.22377E-1 1.88866E-1 1.08118E-1 7.87627E-2 1.10437E-1 1.47895E-1 9.8175E-2 5.09191E-2
-9999 -9999 -9999 -9999 -9999 -9999 -9999 -9999 -9999 5.37171E-1 5.53424E-1 5.6942E-1 5.86527E-1 5.85893E-1 5.68166E-1 5.45234E-1 5.40751E-1 5.36976E-1 5.41389E-1 5.678E-1 5.89475E-1 6.07678E-1 6.20224E-1 6.30354E-1 6.4107E-1 6.4651E-1 6.54376E-1 6.58942E-1 6.60917E-1 6.66025E-1 6.63222E-1 6.46269E-1 6.11872E-1 5.95819E-1 6.20482E-1 6.07971E-1 5.61562E-1 5.42314E-1 5.59545E-1 5.51493E-1 5.06478E-1 4.78519E-1 5.29102E-1 4.80431E-1 2.96008E-1 2.89693E-1 3.33282E-1 3.27076E-1 3.22967E-1 3.44173E-1 4.00675E-1 4.08594E-1 3.99494E-1 3.65609E-1 2.77697E-1 1.78858E-1 1.70645E-1 1.84832E-1 1.53092E-1 6.70254E-2 2.07284E-2 3.8313E-2 5.80847E-2 5.35483E-2 3.59267E-2
-9999 -9999 -9999 -9999 -9999 -9999 -9999 -9999 -9999 5.44278E-1 5.56756E-1 5.70443E-1 5.82823E-1 5.86124E-1 5.82482E-1 5.73943E-1 5.69649E-1 5.61117E-1 5.59753E-1 5.75058E-1 5.95108E-1 6.1394E-1 6.32086E-1 6.42716E-1 6.50074E-1 6.53999E-1 6.58605E-1 6.59975E-1 6.54457E-1 6.64955E-1 6.58422E-1 6.37549E-1 6.17849E-1 5.84273E-1 5.87114E-1 5.70812E-1 5.26142E-1 4.97049E-1 5.07828E-1 4.82697E-1 4.18115E-1 3.99849E-1 4.31746E-1 4.09955E-1 3.38982E-1 3.52408E-1 3.62713E-1 3.62674E-1 3.6211E-1 3.72145E-1 4.2595E-1 4.18276E-1 3.56234E-1 2.76891E-1 1.79102E-1 1.1575E-1 1.30716E-1 1.67878E-1 1.61094E-1 8.59962E-2 2.93769E-2 2.381E-2 3.08985E-2 2.99902E-2 1.70844E-2
-9999 -9999 -9999 -9999 -9999 -9999 -9999 -9999 -9999 -9999 -9999 5.71603E-1 5.78592E-1 5.8414E-1 5.84351E-1 5.81498E-1 5.77615E-1 5.71004E-1 5.71498E-1 5.84936E-1 6.03745E-1 6.24024E-1 6.4642E-1 6.56548E-1 6.60279E-1 6.60279E-1 6.61099E-1 6.59968E-1 6.57414E-1 6.66288E-1 6.51232E-1 6.04055E-1 6.08883E-1 5.97293E-1 5.42474E-1 5.13635E-1 5.33303E-1 5.10167E-1 4.85229E-1 4.40376E-1 3.83233E-1 3.94845E-1 4.38641E-1 4.89322E-1 4.97304E-1 4.87913E-1 4.23289E-1 3.7082E-1 3.72466E-1 3.80613E-1 4.30527E-1 4.12176E-1 3.1744E-1 2.27182E-1 1.40447E-1 1.0515E-1 1.13576E-1 1.363E-1 1.45184E-1 1.08259E-1 6.49938E-2 4.1606E-2 2.99902E-2 1.59695E-2 1.03169E-2
-9999 -9999 -9999 -9999 -9999 -9999 -9999 -9999 -9999 -9999 -9999 -9999 -9999 5.83406E-1 5.84392E-1 5.85336E-1 5.88026E-1 -9999 -9999 6.08976E-1 6.14869E-1 6.28818E-1 6.55665E-1 6.64296E-1 6.65069E-1 6.63888E-1 6.61525E-1 6.56014E-1 6.61053E-1 6.66952E-1 6.48822E-1 5.83728E-1 6.0323E-1 5.75764E-1 4.70925E-1 4.21972E-1 5.20163E-1 5.29062E-1 4.72122E-1 3.93323E-1 2.97106E-1 3.05434E-1 4.15154E-1 5.1254E-1 5.36282E-1 5.37474E-1 4.49046E-1 3.8511E-1 3.64411E-1 3.59802E-1 3.87153E-1 3.74236E-1 2.86803E-1 2.13043E-1 1.60231E-1 1.16858E-1 1.21129E-1 1.57096E-1 1.91488E-1 1.63417E-1 1.15606E-1 8.91175E-2 5.80527E-2 3.15062E-2 2.09728E-2
-9999 -9999 -9999 -9999 -9999 -9999 -9999 -9999 -9999 -9999 -9999 -9999 -9999 5.84687E-1 5.86527E-1 -9999 -9999 6.3227E-1 6.35676E-1 6.39023E-1 6.42248E-1 6.37122E-1 6.63527E-1 6.68271E-1 6.68123E-1 6.67021E-1 6.63084E-1 6.58662E-1 6.63417E-1 6.67542E-1 6.57833E-1 6.40224E-1 6.28081E-1 5.73744E-1 4.62649E-1 4.13844E-1 4.93735E-1 4.90405E-1 4.17607E-1 2.98812E-1 1.89502E-1 1.99276E-1 3.14418E-1 4.19723E-1 4.87286E-1 5.07458E-1 4.73696E-1 4.1673E-1 3.75971E-1 3.50184E-1 3.25794E-1 3.01396E-1 2.45614E-1 2.08954E-1 2.41979E-1 2.41677E-1 2.19407E-1 2.36515E-1 2.01779E-1 1.58988E-1 1.10259E-1 7.51831E-2 4.60158E-2 3.14504E-2 1.89274E-2
-9999 -9999 -9999 -9999 -9999 -9999 -9999 -9999 -9999 -9999 -9999 5.72965E-1 5.73943E-1 5.80397E-1 6.15692E-1 6.2691E-1 6.43313E-1 6.4752E-1 6.48681E-1 6.50612E-1 6.51915E-1 6.60626E-1 6.67487E-1 6.62639E-1 6.63406E-1 6.66228E-1 6.65619E-1 6.63231E-1 6.64339E-1 6.67556E-1 6.64114E-1 6.58991E-1 6.42473E-1 5.99872E-1 5.16883E-1 4.74556E-1 4.52494E-1 4.19233E-1 3.07134E-1 1.66763E-1 1.04543E-1 1.24437E-1 2.23658E-1 3.7821E-1 4.8104E-1 5.30358E-1 5.50453E-1 5.40006E-1 5.18988E-1 4.63915E-1 3.54594E-1 2.93987E-1 2.34656E-1 3.77493E-1 4.3807E-1 4.13883E-1 3.45815E-1 2.52899E-1 1.86237E-1 1.20538E-1 7.85176E-2 4.43668E-2 2.65224E-2 1.9571E-2 2.34802E-2
-9999 -9999 -9999 -9999 -9999 -9999 -9999 -9999 -9999 -9999 -9999 5.81556E-1 5.82502E-1 5.89673E-1 6.05264E-1 6.38044E-1 6.54274E-1 6.59604E-1 6.57675E-1 6.55753E-1 6.56749E-1 6.66072E-1 6.56958E-1 6.51673E-1 6.57163E-1 6.62084E-1 6.66554E-1 6.66997E-1 6.67897E-1 6.67387E-1 6.66958E-1 6.66465E-1 6.53099E-1 6.19948E-1 5.50257E-1 4.43552E-1 2.65733E-1 2.59022E-1 2.05358E-1 1.12683E-1 9.0319E-2 1.0037E-1 1.92691E-1 3.57835E-1 4.88356E-1 5.57891E-1 5.96169E-1 5.9982E-1 5.86079E-1 5.94546E-1 5.57946E-1 5.2104E-1 5.13355E-1 5.21204E-1 4.99826E-1 4.60661E-1 3.8445E-1 2.81416E-1 1.59619E-1 5.95544E-2 3.02125E-2 1.91425E-2 1.81523E-2 2.30986E-2 3.38108E-2
-9999 -9999 -9999 -9999 -9999 -9999 -9999 -9999 -9999 -9999 -9999 -9999 5.95522E-1 6.02711E-1 6.16374E-1 6.46703E-1 6.547E-1 6.49978E-1 6.48117E-1 6.54606E-1 6.59747E-1 6.62828E-1 6.57891E-1 6.55432E-1 6.60389E-1 6.61353E-1 6.65076E-1 6.67723E-1 6.68307E-1 6.66996E-1 6.66815E-1 6.66958E-1 6.61E-1 6.22692E-1 5.59194E-1 4.62621E-1 2.62855E-1 1.91189E-1 1.59857E-1 1.26829E-1 1.30793E-1 1.40232E-1 2.33845E-1 3.64356E-1 5.23611E-1 5.87153E-1 6.25784E-1 6.36992E-1 6.31082E-1 6.25619E-1 5.91824E-1 5.59539E-1 5.37497E-1 5.02412E-1 4.77063E-1 4.4526E-1 3.53306E-1 2.58024E-1 1.22045E-1 2.25949E-2 6.14104E-3 6.17904E-3 1.2738E-2 2.46925E-2 5.65308E-2
-9999 -9999 -9999 -9999 -9999 -9999 -9999 -9999 -9999 -9999 -9999 -9999 -9999 6.24561E-1 6.4206E-1 6.57271E-1 6.49477E-1 6.4542E-1 6.47737E-1 6.54549E-1 6.58989E-1 6.62084E-1 6.61439E-1 6.62212E-1 6.6425E-1 6.62696E-1 6.64899E-1 6.66584E-1 6.6607E-1 6.65902E-1 6.67117E-1 6.67439E-1 -9999 6.30998E-1 5.57085E-1 4.89456E-1 3.15513E-1 1.84661E-1 1.2994E-1 1.26829E-1 1.37475E-1 1.57637E-1 2.81401E-1 4.406E-1 4.5652E-1 5.03261E-1 6.31898E-1 6.39009E-1 6.44752E-1 6.33849E-1 6.0847E-1 5.87642E-1 5.56207E-1 4.76565E-1 4.09955E-1 3.71486E-1 3.05007E-1 2.03302E-1 6.99112E-2 1.06587E-2 2.72595E-3 4.17379E-3 1.88766E-2 6.86117E-2 8.82705E-2
-9999 -9999 -9999 -9999 -9999 -9999 -9999 -9999 -9999 -9999 -9999 -9999 -9999 -9999 6.56226E-1 6.56427E-1 6.27494E-1 6.32666E-1 6.3316E-1 6.42956E-1 6.46868E-1 6.53296E-1 6.59516E-1 6.62517E-1 6.61705E-1 6.63053E-1 6.66147E-1 6.66573E-1 6.67109E-1 6.68381E-1 6.68077E-1 6.65185E-1 -9999 6.31599E-1 5.67651E-1 4.7959E-1 3.19478E-1 1.29206E-1 4.33492E-2 3.58063E-2 5.29222E-2 1.01099E-1 1.99172E-1 4.08889E-1 5.46356E-1 6.00654E-1 6.0989E-1 6.0989E-1 6.14506E-1 5.99247E-1 5.74299E-1 5.97342E-1 5.52293E-1 4.90445E-1 4.03229E-1 3.58768E-1 3.10178E-1 1.73516E-1 4.41407E-2 6.74253E-3 5.21617E-3 7.7969E-3 2.54416E-2 1.13204E-1 1.86233E-1
-9999 -9999 -9999 -9999 -9999 -9999 -9999 -9999 -9999 -9999 -9999 -9999 -9999 -9999 -9999 6.52712E-1 6.37261E-1 6.27112E-1 6.21622E-1 6.01653E-1 5.6324E-1 5.88606E-1 6.43009E-1 6.57795E-1 6.61445E-1 6.64166E-1 6.65888E-1 6.66125E-1 6.66196E-1 6.63677E-1 6.54531E-1 6.5579E-1 6.49424E-1 6.08853E-1 5.28995E-1 4.23126E-1 2.00311E-1 4.86247E-2 1.23466E-2 1.07876E-2 3.21043E-2 1.39216E-1 3.69181E-1 5.60126E-1 6.30602E-1 6.52792E-1 6.49649E-1 6.16617E-1 5.9333E-1 5.52783E-1 4.90308E-1 5.17231E-1 4.46529E-1 3.96881E-1 3.52053E-1 3.51625E-1 3.02715E-1 1.86237E-1 7.37403E-2 2.25949E-2 7.33075E-3 1.00702E-3 9.58666E-4 1.68758E-2 1.54355E-1
-9999 -9999 -9999 -9999 -9999 -9999 -9999 -9999 -9999 -9999 -9999 -9999 -9999 -9999 -9999 -9999 6.28272E-1 6.15684E-1 5.95964E-1 5.57977E-1 4.94144E-1 5.50873E-1 6.34131E-1 6.52049E-1 6.55648E-1 6.61715E-1 6.65142E-1 6.65257E-1 6.59204E-1 6.57249E-1 6.47533E-1 6.43856E-1 -9999 5.24598E-1 4.57424E-1 2.446E-1 4.50746E-2 4.58037E-3 1.23862E-3 2.04131E-3 1.94999E-2 1.37231E-1 4.32112E-1 6.24272E-1 6.58306E-1 6.63772E-1 6.59789E-1 6.36908E-1 6.14944E-1 5.85632E-1 5.45882E-1 4.34427E-1 3.27859E-1 4.12798E-1 3.93968E-1 4.39566E-1 4.1649E-1 3.3179E-1 1.89502E-1 5.1988E-2 7.79354E-3 3.3099E-4 1.51741E-3 6.93659E-2 3.14533E-1
-9999 -9999 -9999 -9999 -9999 -9999 -9999 -9999 -9999 -9999 -9999 -9999 -9999 -9999 -9999 -9999 -9999 5.97457E-1 5.76324E-1 5.43143E-1 5.41955E-1 5.77301E-1 6.13287E-1 6.23506E-1 6.39324E-1 6.5001E-1 6.58397E-1 6.5496E-1 6.48899E-1 6.3984E-1 6.24965E-1 -9999 -9999 3.15766E-1 1.74923E-1 2.29006E-2 2.4724E-3 2.11799E-4 6.17595E-5 3.15681E-4 6.81346E-3 8.97221E-2 4.72069E-1 6.42208E-1 6.66748E-1 6.68488E-1 6.64205E-1 6.3588E-1 6.20482E-1 5.89479E-1 5.70287E-1 5.52712E-1 5.53715E-1 5.59053E-1 5.70109E-1 5.56805E-1 5.03779E-1 2.98021E-1 1.89085E-1 7.97593E-2 3.91981E-2 1.09425E-1 4.17144E-1 5.18446E-1 5.21995E-1
-9999 -9999 -9999 -9999 -9999 -9999 -9999 -9999 -9999 -9999 -9999 -9999 -9999 -9999 -9999 -9999 -9999 -9999 5.73445E-1 5.81762E-1 6.01927E-1 6.12976E-1 6.1432E-1 6.36485E-1 6.42228E-1 6.51395E-1 6.62809E-1 6.63406E-1 6.51085E-1 6.28592E-1 6.07181E-1 -9999 -9999 1.18606E-1 2.14624E-2 1.23602E-3 1.70341E-4 1.77677E-5 1.64864E-6 1.05788E-5 1.18304E-3 1.03778E-1 5.41361E-1 6.42991E-1 6.58054E-1 6.66763E-1 6.6695E-1 6.5386E-1 6.41888E-1 6.10447E-1 5.83313E-1 5.82348E-1 6.04055E-1 6.08747E-1 6.28084E-1 5.95439E-1 5.31317E-1 5.53789E-1 5.78275E-1 5.7492E-1 5.7927E-1 5.96702E-1 5.94037E-1 5.73902E-1 5.53772E-1
-9999 -9999 -9999 -9999 -9999 -9999 -9999 -9999 -9999 -9999 -9999 -9999 -9999 -9999 -9999 -9999 -9999 -9999 -9999 6.0144E-1 6.40336E-1 6.34874E-1 6.23457E-1 6.43785E-1 6.59096E-1 6.63053E-1 6.65283E-1 6.63075E-1 -9999 -9999 -9999 -9999 -9999 -9999 1.92273E-3 1.95028E-5 3.6035E-7 8.3693E-8 8.63825E-9 1.14689E-7 1.50879E-4 1.41171E-1 5.83757E-1 6.44167E-1 6.5036E-1 6.64124E-1 6.66804E-1 6.53954E-1 6.34426E-1 6.08772E-1 5.70812E-1 5.44513E-1 5.63394E-1 5.85727E-1 6.17849E-1 6.30998E-1 6.27281E-1 6.33946E-1 6.4392E-1 6.30998E-1 6.23364E-1 6.24031E-1 5.98158E-1 5.69634E-1 5.23249E-1
