KUENM/Final_Models/M_0.1_F_lq_Set_2_NE/sp1_6.asc
ncols         197
nrows         210
xllcorner     56.1666666666667
yllcorner     4.5
cellsize      0.166666666666667
NODATA_value  -9999
[rows 84 to 111 of 210, columns 130 to 194 of 197]
4.17527E-1 4.40229E-1 3.96823E-1 3.61731E-1 3.796E-1 4.55207E-1 4.6948E-1 5.00509E-1 4.35127E-1 4.16257E-1 4.41996E-1 4.95748E-1 5.63349E-1 5.37501E-1 4.28018E-1 3.46622E-1 4.27054E-1 4.81563E-1 4.92075E-1 4.52324E-1 4.33459E-1 4.22957E-1 3.80002E-1 3.2272E-1 2.91514E-1 3.17559E-1 3.37015E-1 3.29275E-1 3.14512E-1 2.83152E-1 2.40844E-1 2.18131E-1 2.16577E-1 2.47761E-1 2.82108E-1 3.04152E-1 3.65103E-1 4.13967E-1 3.38161E-1 3.05853E-1 2.93958E-1 3.33072E-1 3.63163E-1 3.82857E-1 4.02141E-1 4.53768E-1 3.95047E-1 2.91225E-1 2.74596E-1 3.16278E-1 2.52088E-1 1.87277E-1 1.02355E-1 5.21172E-2 4.52E-2 2.89457E-2 1.43398E-2 8.36169E-3 1.09344E-2 9.4299E-3 2.8978E-3 5.81571E-4 1.86861E-4 1.87825E-4 2.88403E-5
3.69279E-1 3.84112E-1 3.6401E-1 3.76071E-1 4.2031E-1 4.6018E-1 4.38856E-1 4.20646E-1 3.73663E-1 3.57812E-1 3.80832E-1 4.14705E-1 4.8506E-1 4.36565E-1 3.22983E-1 2.88872E-1 4.40219E-1 4.62326E-1 3.21322E-1 3.64427E-1 3.80669E-1 3.54178E-1 3.54178E-1 3.61731E-1 3.82375E-1 3.50448E-1 3.40705E-1 3.31176E-1 2.99696E-1 3.0467E-1 3.1965E-1 2.63047E-1 3.0442E-1 3.31408E-1 3.22873E-1 3.07219E-1 3.39797E-1 3.96878E-1 3.75363E-1 3.19232E-1 2.96937E-1 3.41506E-1 3.936E-1 4.09855E-1 4.24173E-1 4.29559E-1 3.66772E-1 2.73685E-1 3.21171E-1 4.35677E-1 3.17921E-1 1.6969E-1 6.85871E-2 3.57869E-2 7.82173E-2 6.26847E-2 2.02581E-2 5.16983E-3 1.16709E-2 1.32046E-2 5.88708E-3 1.38821E-3 4.0686E-4 2.93323E-4 4.7011E-5
3.0811E-1 3.21081E-1 3.36483E-1 3.32546E-1 3.50448E-1 3.57113E-1 3.42163E-1 3.10779E-1 2.46737E-1 1.82031E-1 2.18561E-1 3.13105E-1 3.68074E-1 2.93152E-1 2.19689E-1 2.60899E-1 3.58517E-1 3.50013E-1 3.04327E-1 3.47631E-1 3.38629E-1 3.12962E-1 3.11304E-1 3.78407E-1 4.57475E-1 4.34994E-1 3.64215E-1 3.22435E-1 2.81681E-1 2.3925E-1 2.01273E-1 2.72941E-1 3.66469E-1 3.94755E-1 3.27975E-1 3.53434E-1 3.44921E-1 3.27547E-1 3.17166E-1 2.98151E-1 3.18464E-1 3.68762E-1 3.80595E-1 3.72155E-1 4.24864E-1 4.60639E-1 3.50033E-1 2.84982E-1 3.05504E-1 3.29525E-1 2.27667E-1 1.50759E-1 1.1889E-1 8.2523E-2 1.18581E-1 9.98307E-2 3.96648E-2 1.30163E-2 1.11734E-2 1.20652E-2 7.74316E-3 3.369E-3 1.11414E-3 4.62118E-4 9.78008E-5
2.71041E-1 2.73104E-1 2.51461E-1 2.03941E-1 2.21957E-1 2.40717E-1 2.48594E-1 2.56205E-1 1.95691E-1 1.40918E-1 1.36132E-1 2.27152E-1 2.94648E-1 1.77242E-1 1.02355E-1 1.55262E-1 2.15744E-1 2.30197E-1 2.3751E-1 2.63179E-1 2.51686E-1 2.40147E-1 2.33225E-1 2.85485E-1 4.11604E-1 4.16257E-1 3.78351E-1 3.21571E-1 2.7028E-1 2.34924E-1 2.34924E-1 3.05634E-1 4.24205E-1 5.25861E-1 4.47511E-1 3.06107E-1 2.66345E-1 2.33228E-1 2.36269E-1 2.78523E-1 3.27185E-1 3.28928E-1 2.68229E-1 2.56327E-1 3.25818E-1 3.44921E-1 3.19232E-1 3.27811E-1 3.29674E-1 2.72941E-1 2.04098E-1 1.72138E-1 1.96081E-1 1.96008E-1 2.01258E-1 1.48757E-1 7.00064E-2 1.16709E-2 5.47443E-3 5.31699E-3 5.67566E-3 4.67998E-3 2.20121E-3 8.67187E-4 3.08237E-4
2.67197E-1 2.30428E-1 1.65096E-1 1.0082E-1 1.22329E-1 1.57191E-1 1.97596E-1 2.09553E-1 1.91873E-1 1.34385E-1 1.2028E-1 1.69726E-1 1.90821E-1 1.03974E-1 6.94582E-2 9.81279E-2 1.59262E-1 1.86267E-1 1.94055E-1 1.91246E-1 1.58971E-1 1.29195E-1 1.50262E-1 2.05794E-1 2.60053E-1 2.71435E-1 3.18669E-1 3.12512E-1 2.69664E-1 2.43676E-1 2.43397E-1 2.86696E-1 3.81517E-1 4.31227E-1 3.23786E-1 2.45489E-1 1.82562E-1 1.74822E-1 1.66593E-1 2.50483E-1 3.05059E-1 3.10246E-1 2.14624E-1 1.94435E-1 2.4139E-1 2.43033E-1 2.64208E-1 3.48828E-1 3.14002E-1 2.37357E-1 1.85541E-1 1.467E-1 1.80093E-1 2.25365E-1 1.87955E-1 1.26533E-1 4.36981E-2 3.09391E-3 1.7946E-3 5.72331E-3 5.32534E-3 4.45471E-3 3.19597E-3 1.58833E-3 7.5145E-4
2.92649E-1 2.22989E-1 1.42703E-1 8.14181E-2 7.39795E-2 9.47837E-2 1.45168E-1 2.13313E-1 1.73782E-1 9.93549E-2 9.15539E-2 1.08238E-1 1.05786E-1 8.22306E-2 8.19864E-2 1.02634E-1 1.72487E-1 1.58971E-1 1.36121E-1 1.21203E-1 9.15252E-2 8.1402E-2 1.0381E-1 1.41389E-1 1.87951E-1 2.44498E-1 3.04916E-1 3.03384E-1 2.69223E-1 2.48542E-1 2.36428E-1 2.40449E-1 2.58546E-1 2.52018E-1 1.98255E-1 1.83973E-1 2.15401E-1 1.75437E-1 8.97976E-2 1.30412E-1 2.08086E-1 3.12367E-1 2.64663E-1 2.29989E-1 2.33203E-1 2.14835E-1 2.25641E-1 2.71838E-1 2.91424E-1 1.72079E-1 1.10444E-1 7.13374E-2 8.43961E-2 1.06319E-1 9.6692E-2 4.98134E-2 7.43688E-3 3.22421E-4 2.06549E-4 2.56227E-3 4.02772E-3 3.52478E-3 3.86899E-3 2.35096E-3 1.19879E-3
2.94184E-1 2.50144E-1 1.53314E-1 7.53847E-2 6.41006E-2 7.23225E-2 1.04585E-1 1.17202E-1 7.91289E-2 3.95938E-2 4.82794E-2 6.58694E-2 1.15341E-1 1.25203E-1 1.23578E-1 1.21378E-1 1.22248E-1 1.58011E-1 1.34961E-1 8.85593E-2 5.27431E-2 5.44395E-2 8.05688E-2 1.14276E-1 1.5514E-1 2.24522E-1 2.93236E-1 2.62156E-1 2.36818E-1 2.22943E-1 2.21357E-1 2.22628E-1 2.30182E-1 2.31702E-1 2.30182E-1 2.33882E-1 2.15401E-1 1.43235E-1 8.15136E-2 9.02971E-2 1.56661E-1 1.96081E-1 1.82303E-1 1.96008E-1 1.96881E-1 1.74155E-1 1.78152E-1 1.83544E-1 1.63702E-1 1.19768E-1 7.41217E-2 4.92216E-2 4.52832E-2 4.31468E-2 4.16474E-2 2.8767E-2 3.59906E-3 1.41738E-4 7.33223E-5 9.37237E-4 2.4806E-3 3.317E-3 4.26173E-3 2.73348E-3 1.34421E-3
3.13105E-1 2.43821E-1 1.30739E-1 7.54979E-2 4.92216E-2 4.63868E-2 5.40148E-2 3.64117E-2 1.21878E-2 1.29407E-2 4.8586E-2 1.01306E-1 1.24083E-1 1.29741E-1 1.34087E-1 1.16715E-1 9.94273E-2 1.3251E-1 1.08797E-1 7.60396E-2 6.23707E-2 6.75784E-2 7.97417E-2 8.90594E-2 1.21858E-1 1.72026E-1 2.22771E-1 2.12421E-1 1.8523E-1 1.85238E-1 1.78152E-1 1.72487E-1 1.74304E-1 1.44488E-1 1.48289E-1 1.58494E-1 1.53883E-1 8.79102E-2 5.76951E-2 7.12008E-2 8.79102E-2 8.81231E-2 6.34673E-2 8.90594E-2 1.11816E-1 1.06795E-1 1.33655E-1 1.54374E-1 1.47046E-1 1.04295E-1 7.36656E-2 5.09783E-2 4.15537E-2 3.89279E-2 2.88358E-2 2.22439E-2 5.36662E-3 8.03392E-4 5.01779E-4 1.29353E-3 2.30012E-3 3.69264E-3 4.43406E-3 2.91321E-3 1.16889E-3
2.56327E-1 1.80877E-1 8.84691E-2 5.40559E-2 3.87026E-2 4.21553E-2 3.68555E-2 3.21104E-2 1.9444E-2 3.32798E-2 6.125E-2 9.64535E-2 8.14036E-2 1.108E-1 1.3754E-1 1.24455E-1 9.53413E-2 9.85652E-2 9.2175E-2 8.33225E-2 8.1402E-2 9.2791E-2 8.62443E-2 8.10761E-2 1.06784E-1 1.21609E-1 1.4192E-1 1.5478E-1 1.70199E-1 1.61551E-1 1.41521E-1 1.12371E-1 1.14905E-1 9.6146E-2 8.79899E-2 9.30946E-2 1.04585E-1 1.16115E-1 1.32587E-1 9.71376E-2 7.33429E-2 4.59961E-2 3.92057E-2 4.00195E-2 2.88142E-2 2.41092E-2 4.04904E-2 7.73562E-2 9.83752E-2 6.0566E-2 5.27786E-2 5.34007E-2 3.62442E-2 3.24909E-2 2.30834E-2 1.5077E-2 6.97788E-3 3.37345E-3 2.67364E-3 2.35289E-3 1.45589E-3 1.90491E-3 3.99631E-3 3.19116E-3 1.20251E-3
1.23463E-1 8.40135E-2 4.92026E-2 3.16257E-2 3.00885E-2 3.21104E-2 3.59525E-2 5.72334E-2 5.34325E-2 2.74258E-2 6.18745E-2 9.2175E-2 7.26916E-2 7.94523E-2 9.53451E-2 9.12031E-2 8.36714E-2 7.18033E-2 6.66014E-2 7.10424E-2 8.36714E-2 9.39188E-2 8.33798E-2 6.53831E-2 6.51106E-2 6.18606E-2 9.08698E-2 7.83094E-2 1.13388E-1 1.00317E-1 7.5494E-2 6.19842E-2 5.95692E-2 4.89889E-2 4.68099E-2 4.57492E-2 6.26092E-2 1.1131E-1 1.34961E-1 6.82344E-2 4.81646E-2 3.59749E-2 3.89635E-2 4.26802E-2 2.04095E-2 1.45792E-2 2.15056E-2 4.73504E-2 5.53027E-2 2.92729E-2 2.364E-2 3.57212E-2 3.49941E-2 2.94359E-2 1.84757E-2 1.30549E-2 9.73634E-3 8.14358E-3 7.64833E-3 5.64654E-3 2.12826E-3 1.88015E-3 3.15502E-3 2.75057E-3 1.32356E-3
6.7798E-2 4.52488E-2 2.8522E-2 1.99835E-2 2.08169E-2 2.26171E-2 3.17053E-2 6.12928E-2 5.59603E-2 2.22201E-2 7.30064E-2 6.58818E-2 4.22926E-2 3.60698E-2 4.66358E-2 4.5649E-2 3.95938E-2 3.42238E-2 3.05542E-2 4.66358E-2 7.39216E-2 7.24305E-2 6.72881E-2 5.3335E-2 4.19297E-2 3.86727E-2 4.21039E-2 3.4355E-2 3.64735E-2 4.99679E-2 4.13097E-2 3.44444E-2 2.89302E-2 2.41092E-2 2.79006E-2 2.64888E-2 3.62856E-2 4.40704E-2 3.29312E-2 3.67791E-2 4.39948E-2 3.34666E-2 3.66655E-2 3.63343E-2 3.25449E-2 3.73158E-2 3.96648E-2 3.36533E-2 3.84436E-2 3.62479E-2 5.89623E-2 4.25763E-2 3.93529E-2 3.49218E-2 1.40661E-2 1.34568E-2 1.45945E-2 1.16742E-2 1.43815E-2 1.50289E-2 6.06121E-3 4.01908E-3 3.95232E-3 2.99735E-3 1.53696E-3
4.25837E-2 2.67687E-2 1.76532E-2 1.33952E-2 1.25434E-2 1.75023E-2 2.85729E-2 3.16257E-2 3.37446E-2 3.91557E-2 4.63868E-2 3.29312E-2 3.09538E-2 2.72559E-2 2.30213E-2 1.62583E-2 1.47235E-2 1.18742E-2 1.49306E-2 3.33073E-2 6.77145E-2 6.84747E-2 5.2404E-2 3.6844E-2 2.51592E-2 1.70164E-2 1.57328E-2 1.43405E-2 1.25355E-2 1.93611E-2 1.64775E-2 1.41812E-2 1.18297E-2 9.97183E-3 1.02583E-2 1.28687E-2 1.05067E-2 7.80682E-3 4.76847E-3 5.62759E-3 1.67965E-2 2.50747E-2 1.85323E-2 1.21684E-2 1.1158E-2 9.29041E-3 9.20311E-3 7.18751E-3 1.01693E-2 2.32024E-2 3.64518E-2 4.95032E-2 5.71933E-2 5.27587E-2 2.90382E-2 2.35469E-2 2.90382E-2 1.09887E-2 8.19805E-3 9.00153E-3 7.9449E-3 6.67413E-3 6.06121E-3 4.01908E-3 2.08101E-3
3.28069E-2 2.28776E-2 1.54777E-2 1.36291E-2 1.12068E-2 1.59169E-2 2.34974E-2 2.85729E-2 3.63799E-2 4.06492E-2 3.01518E-2 2.36348E-2 2.06561E-2 1.46665E-2 1.07281E-2 6.51781E-3 4.8734E-3 3.76714E-3 1.06292E-2 3.13303E-2 6.72881E-2 7.89576E-2 5.21506E-2 3.15545E-2 2.20375E-2 1.75771E-2 1.06541E-2 8.37811E-3 7.04392E-3 9.51873E-3 8.6058E-3 7.20028E-3 5.50423E-3 4.46317E-3 3.96805E-3 5.28245E-3 4.63146E-3 5.62885E-3 3.83955E-3 4.15974E-3 1.33685E-2 2.02112E-2 7.25469E-3 3.37732E-3 2.91609E-3 1.50873E-3 2.87749E-3 7.34788E-3 1.09731E-2 1.32238E-2 1.68603E-2 2.27236E-2 4.44589E-2 6.73145E-2 4.33645E-2 3.12948E-2 1.07917E-1 2.16607E-2 9.42914E-3 8.72619E-3 7.9449E-3 9.1421E-3 1.0823E-2 7.11329E-3 3.82183E-3
2.74258E-2 1.83479E-2 2.15018E-2 4.23765E-2 3.75679E-2 3.15705E-2 3.32798E-2 3.13299E-2 3.37963E-2 4.20848E-2 4.79705E-2 3.37998E-2 1.03857E-2 6.59405E-3 3.51831E-3 1.77135E-3 1.24797E-3 1.5063E-3 3.13672E-3 1.21588E-2 3.36783E-2 6.02217E-2 4.19686E-2 2.62069E-2 1.93852E-2 1.88744E-2 1.6939E-2 8.6058E-3 5.12734E-3 5.02871E-3 4.95051E-3 3.46199E-3 2.1944E-3 1.73914E-3 1.88142E-3 2.60211E-3 3.54545E-3 4.14879E-3 3.89187E-3 2.67306E-3 4.38423E-3 5.96374E-3 2.63649E-3 1.09142E-3 1.43364E-3 1.49884E-3 1.23192E-2 2.57514E-2 1.17641E-2 5.31699E-3 9.22965E-3 1.35565E-2 2.90382E-2 6.3553E-2 7.68907E-2 3.55102E-2 7.86106E-2 6.42921E-2 3.00711E-2 1.39637E-2 8.19805E-3 8.19805E-3 1.76268E-2 1.89317E-2 1.20309E-2
1.89254E-2 1.69984E-2 2.22667E-2 3.86269E-2 5.01487E-2 5.85181E-2 6.34001E-2 6.20122E-2 5.78421E-2 7.06838E-2 5.71289E-2 2.98032E-2 1.409E-2 6.32115E-3 2.07465E-3 5.48418E-4 5.26177E-4 9.64401E-4 2.09349E-3 3.09653E-3 8.00186E-3 1.35637E-2 1.37948E-2 1.64525E-2 1.60045E-2 1.99012E-2 2.5513E-2 1.29081E-2 6.68043E-3 3.90385E-3 2.91163E-3 1.78044E-3 8.92331E-4 6.39078E-4 8.05245E-4 1.13173E-3 1.62969E-3 2.08081E-3 1.70316E-3 1.31279E-3 8.95546E-4 1.30377E-3 1.7389E-3 1.92676E-3 2.45339E-3 4.16379E-3 1.75698E-2 2.02757E-2 9.57566E-3 5.55571E-3 8.28328E-3 1.89317E-2 2.59239E-2 4.5414E-2 6.5629E-2 3.69196E-2 4.52384E-2 8.95286E-2 6.26554E-2 3.38679E-2 1.33569E-2 4.51599E-3 4.98582E-3 9.87483E-3 2.61162E-3
1.36971E-2 1.18459E-2 1.38472E-2 2.47255E-2 4.44192E-2 7.01263E-2 7.98694E-2 8.41224E-2 8.56318E-2 8.18265E-2 6.14201E-2 3.12238E-2 1.71446E-2 5.12734E-3 1.3684E-3 4.74437E-4 5.66573E-4 8.67275E-4 2.08119E-3 4.62806E-3 7.24279E-3 5.54987E-3 1.70912E-3 2.73307E-3 6.03613E-3 1.69279E-2 3.55222E-2 1.98696E-2 8.56813E-3 3.44024E-3 1.77486E-3 9.79334E-4 5.29575E-4 3.06647E-4 2.84336E-4 3.34784E-4 4.74437E-4 7.78092E-4 6.50781E-4 2.95498E-4 1.68658E-4 3.84769E-4 1.39154E-3 3.2425E-3 3.30167E-3 4.09738E-3 6.17149E-3 5.03101E-3 4.63741E-3 4.98582E-3 6.97788E-3 1.43738E-2 1.71272E-2 2.73719E-2 3.13746E-2 2.42372E-2 3.13746E-2 5.16042E-2 5.56779E-2 5.30644E-2 1.53619E-2 2.16607E-3 1.26396E-3 3.11824E-3 4.27279E-4
1.5115E-2 8.02936E-3 6.59968E-3 1.3818E-2 2.58052E-2 3.86756E-2 4.31413E-2 6.23707E-2 6.19312E-2 8.33798E-2 7.00569E-2 3.90907E-2 1.62658E-2 4.8734E-3 1.58414E-3 7.21967E-4 7.42335E-4 1.12072E-3 1.9801E-3 4.03373E-3 5.7064E-3 7.8999E-3 3.19084E-3 1.13966E-3 2.55005E-3 1.03478E-2 2.555E-2 1.58919E-2 6.75249E-3 2.87394E-3 1.34488E-3 6.30488E-4 4.35165E-4 2.65745E-4 2.22839E-4 3.02746E-4 3.57728E-4 6.58698E-4 7.49248E-4 4.13962E-4 1.90005E-4 3.42796E-4 2.00916E-3 5.47443E-3 5.79494E-3 3.40642E-3 4.7912E-3 7.00112E-3 9.34591E-3 1.10639E-2 1.49181E-2 1.64009E-2 1.19413E-2 1.27736E-2 1.46842E-2 1.24611E-2 1.44686E-2 2.13737E-2 2.42372E-2 1.48031E-2 2.21471E-3 1.31879E-4 1.61708E-5 1.26451E-4 1.6907E-4
1.5077E-2 5.81526E-3 2.44552E-3 1.53451E-3 1.2553E-2 2.5513E-2 9.28942E-3 3.92057E-2 4.86389E-2 6.2848E-2 7.5244E-2 3.85087E-2 1.43686E-2 4.34339E-3 1.21528E-3 7.48774E-4 5.8393E-4 1.02556E-3 2.41919E-3 5.79394E-3 6.14283E-3 4.68048E-3 3.45575E-3 4.12894E-3 6.8545E-3 8.30898E-3 6.84511E-3 5.56176E-3 2.23514E-3 1.46746E-3 9.66403E-4 1.04884E-3 7.85487E-4 5.48382E-4 5.38121E-4 8.04755E-4 1.81717E-3 3.8059E-3 2.82397E-3 9.38978E-4 4.53984E-4 8.08343E-4 3.42546E-3 6.00317E-3 5.90854E-3 5.11562E-3 4.63741E-3 9.01966E-3 1.50289E-2 2.16198E-2 3.1593E-2 1.92025E-2 1.42734E-2 9.63929E-3 9.81714E-3 7.01345E-3 5.35095E-3 7.75915E-3 1.02831E-2 3.33039E-3 2.30915E-4 1.61708E-5 2.53168E-6 4.81735E-6 -9999
3.70203E-2 1.60534E-2 1.82657E-3 1.95264E-6 3.44792E-3 5.22625E-4 1.53819E-3 2.79057E-2 5.15327E-2 5.99008E-2 5.63865E-2 3.33653E-2 1.16709E-2 2.94316E-3 9.84004E-4 5.2576E-4 4.71062E-4 9.68888E-4 2.8858E-3 6.25331E-3 1.2685E-2 1.71761E-2 2.09222E-2 1.27364E-2 9.91907E-3 1.31412E-2 7.60521E-3 2.99607E-3 7.24419E-4 9.40156E-4 1.11454E-3 1.55021E-3 1.44212E-3 1.02355E-3 8.38699E-4 1.56033E-3 3.02805E-3 4.1399E-3 2.72438E-3 1.56959E-3 1.1121E-3 1.40906E-3 2.64289E-3 3.28178E-3 4.12297E-3 4.91281E-3 4.0738E-3 5.95392E-3 7.8383E-3 1.02715E-2 8.25959E-3 1.20344E-2 1.29512E-2 1.03811E-2 7.7166E-3 3.96464E-3 1.37946E-3 2.86451E-3 7.59517E-3 1.4212E-3 2.45453E-4 8.81355E-5 3.58949E-5 1.37515E-5 -9999
1.06102E-1 5.72585E-2 2.95998E-3 2.06255E-4 2.65449E-5 7.12344E-4 1.32124E-2 5.10161E-2 6.86035E-2 4.69476E-2 2.30213E-2 1.6557E-2 6.36791E-3 1.36792E-3 6.70274E-4 3.87825E-4 3.85735E-4 1.19131E-3 3.5904E-3 9.28942E-3 4.26682E-2 5.65976E-2 4.65407E-2 3.21461E-2 2.28536E-2 1.53619E-2 9.4051E-3 4.29654E-3 2.43875E-3 1.8368E-3 1.52242E-3 1.91057E-3 1.76543E-3 1.45589E-3 9.05227E-4 1.33633E-3 2.4232E-3 2.8963E-3 1.81003E-3 1.08197E-3 7.50047E-4 7.22095E-4 9.40156E-4 1.28028E-3 1.7946E-3 2.73217E-3 2.61913E-3 2.24694E-3 2.46458E-3 4.02772E-3 3.39294E-3 2.89434E-3 5.87292E-3 5.35095E-3 3.3449E-3 2.24202E-3 1.10551E-3 2.49169E-3 3.21829E-3 8.97388E-4 2.30915E-4 6.43973E-4 4.62077E-4 -9999 -9999
8.53806E-2 1.06998E-1 2.58526E-2 1.16632E-2 1.01126E-2 9.15348E-3 3.95529E-2 8.48514E-2 7.83176E-2 3.25248E-2 9.12373E-3 1.07749E-2 4.64102E-3 7.21251E-4 4.14916E-4 3.67273E-4 3.73194E-4 1.75702E-3 6.81898E-3 1.96188E-2 9.25273E-2 1.06802E-1 7.88593E-2 5.3882E-2 3.67375E-2 2.07786E-2 1.49989E-2 1.03412E-2 5.31188E-3 2.33872E-3 1.95159E-3 1.85508E-3 1.40909E-3 5.79675E-4 4.27279E-4 7.47408E-4 1.72703E-3 1.68908E-3 9.72161E-4 4.82739E-4 3.0673E-4 2.51583E-4 2.75215E-4 5.59688E-4 1.10555E-3 1.87312E-3 2.36523E-3 2.00787E-3 1.35342E-3 1.50156E-3 1.02551E-3 9.74576E-4 8.78082E-4 5.04828E-4 5.65988E-4 1.20916E-3 1.87669E-3 1.84336E-3 1.20916E-3 6.47774E-4 6.97325E-4 1.03192E-3 -9999 -9999 -9999
4.84369E-2 3.22605E-2 5.89806E-2 6.2848E-2 8.02613E-2 5.62014E-2 7.28994E-2 1.01425E-1 9.93549E-2 5.02492E-2 1.85613E-2 1.43398E-2 7.18751E-3 1.0048E-3 2.83365E-4 5.02151E-4 1.04779E-3 4.78175E-3 1.62658E-2 5.15394E-2 1.43021E-1 1.46037E-1 9.94242E-2 7.17266E-2 5.50594E-2 3.63407E-2 2.76304E-2 2.22558E-2 1.36177E-2 6.43989E-3 5.1131E-3 3.97215E-3 9.08249E-4 1.02375E-4 1.16555E-4 2.03889E-4 4.66813E-4 6.35448E-4 3.51672E-4 2.06685E-4 1.7643E-4 1.09763E-4 7.26503E-5 3.20663E-4 1.02556E-3 1.88174E-3 2.9468E-3 2.53042E-3 1.4643E-3 7.61333E-4 2.89528E-4 1.56299E-4 1.24047E-4 3.75008E-5 8.27562E-5 3.33298E-4 7.3027E-4 6.37051E-4 2.56435E-4 8.09744E-5 8.82068E-5 9.18879E-5 -9999 -9999 -9999
1.44412E-1 1.44583E-1 1.61888E-1 1.48032E-1 1.75154E-1 1.87313E-1 1.67105E-1 1.1655E-1 1.2842E-1 1.2637E-1 9.75122E-2 6.10523E-2 2.17949E-2 1.75826E-3 2.16801E-4 4.32192E-4 1.52149E-3 8.36169E-3 3.05684E-2 7.24673E-2 1.48655E-1 1.33516E-1 8.93932E-2 7.80575E-2 7.05054E-2 4.72826E-2 3.40515E-2 3.9096E-2 3.5894E-2 2.2638E-2 1.57365E-2 1.19884E-2 2.12402E-3 2.62559E-4 1.2681E-4 1.07049E-4 1.16555E-4 1.26722E-4 1.13793E-4 9.37385E-5 1.02004E-4 8.18142E-5 4.58547E-5 2.79124E-4 1.20515E-3 2.91163E-3 4.80323E-3 3.20466E-3 1.55575E-3 6.61547E-4 1.7837E-4 9.84611E-5 6.09781E-5 2.66945E-5 3.92175E-5 1.29566E-4 2.72866E-4 2.95458E-4 1.11677E-4 1.10927E-5 7.77953E-6 -9999 -9999 -9999 -9999
2.82045E-1 2.49244E-1 2.6771E-1 2.73715E-1 2.35444E-1 2.22076E-1 2.36482E-1 1.80202E-1 1.68853E-1 1.52388E-1 1.33455E-1 1.14512E-1 3.30841E-2 4.24071E-3 3.83205E-4 4.48564E-5 5.16773E-4 8.06205E-3 4.10463E-2 9.35642E-2 1.16786E-1 9.62621E-2 6.52467E-2 5.70866E-2 4.81109E-2 3.03877E-2 2.52497E-2 3.61263E-2 3.70847E-2 2.42154E-2 1.53498E-2 9.56346E-3 3.76216E-3 1.13657E-3 3.00975E-4 1.00351E-4 3.74674E-5 3.43045E-5 5.10888E-5 6.90593E-5 1.02377E-4 1.32491E-4 1.69632E-4 5.03854E-4 1.81152E-3 3.19251E-3 3.93638E-3 3.65657E-3 1.4694E-3 6.03864E-4 1.96042E-4 1.1243E-4 5.84289E-5 2.9939E-5 3.42462E-5 8.45567E-5 1.73583E-4 2.17803E-4 1.49893E-4 3.75242E-5 -9999 -9999 -9999 -9999 -9999
3.79318E-1 4.27054E-1 3.73689E-1 3.19232E-1 2.67526E-1 2.41259E-1 2.86399E-1 2.81181E-1 1.86055E-1 9.4385E-2 9.32741E-2 8.71368E-2 2.19758E-2 5.50181E-3 3.26689E-4 4.19338E-5 5.07625E-4 1.08431E-2 6.91143E-2 1.2142E-1 9.03524E-2 6.32052E-2 4.08305E-2 3.10005E-2 2.4411E-2 1.58696E-2 1.07229E-2 1.28417E-2 1.45614E-2 1.03412E-2 6.75345E-3 5.48993E-3 4.78821E-3 3.68591E-3 9.2286E-4 1.56598E-4 2.85382E-5 2.12898E-5 4.58091E-5 1.1657E-4 1.50989E-4 2.45453E-4 4.67693E-4 1.04544E-3 2.22108E-3 3.71551E-3 3.35601E-3 2.55296E-3 1.13507E-3 5.63207E-4 2.82711E-4 1.28459E-4 6.35494E-5 4.01376E-5 4.09763E-5 6.6603E-5 -9999 -9999 -9999 -9999 -9999 -9999 -9999 -9999 -9999
5.40272E-1 4.86297E-1 3.60245E-1 2.87179E-1 2.38679E-1 2.20501E-1 2.35228E-1 1.92625E-1 1.23613E-1 6.05954E-2 4.32879E-2 2.50891E-2 6.47228E-3 1.47911E-3 2.22025E-4 1.49893E-4 2.09593E-3 1.59712E-2 2.94288E-2 4.03891E-2 4.85357E-2 4.56156E-2 2.56221E-2 1.83984E-2 1.77313E-2 9.77128E-3 4.58849E-3 3.33039E-3 3.30146E-3 3.42974E-3 3.21303E-3 3.54918E-3 5.2884E-3 6.59921E-3 1.89399E-3 4.00787E-4 1.11706E-4 6.51735E-5 1.0385E-4 1.68722E-4 3.3128E-4 6.47774E-4 1.32562E-3 2.45737E-3 3.50527E-3 3.61338E-3 2.83884E-3 1.52149E-3 8.90702E-4 5.55128E-4 3.06493E-4 1.70015E-4 1.00408E-4 7.11023E-5 5.97002E-5 -9999 -9999 -9999 -9999 -9999 -9999 -9999 -9999 -9999 -9999
5.3962E-1 4.70841E-1 3.36785E-1 2.45446E-1 1.89368E-1 1.87985E-1 1.74391E-1 1.24818E-1 7.69571E-2 3.66029E-2 1.87444E-2 7.71485E-3 1.85508E-3 4.69085E-4 1.66354E-4 1.76528E-4 1.83841E-3 7.38851E-3 4.49013E-3 6.75444E-3 2.77986E-2 4.93278E-2 4.15686E-2 2.29262E-2 9.27596E-3 3.4166E-3 2.00824E-3 1.58465E-3 1.40493E-3 1.28878E-3 1.57648E-3 2.6536E-3 4.22186E-3 4.62494E-3 2.3525E-3 8.90004E-4 3.84372E-4 2.56741E-4 2.72523E-4 4.03937E-4 7.59458E-4 1.4756E-3 3.40261E-3 5.67339E-3 5.62084E-3 3.71493E-3 1.8551E-3 9.80201E-4 5.2767E-4 3.9154E-4 2.73138E-4 1.84869E-4 1.32352E-4 1.11707E-4 1.35146E-4 -9999 -9999 -9999 -9999 -9999 -9999 -9999 -9999 -9999 -9999
5.10263E-1 4.66662E-1 3.62215E-1 2.90699E-1 2.5899E-1 1.98851E-1 1.43735E-1 8.59748E-2 4.57666E-2 2.03109E-2 8.52636E-3 3.50156E-3 1.36521E-3 4.41567E-4 2.04543E-4 2.49439E-4 8.85499E-4 2.21471E-3 2.63775E-3 5.35426E-3 2.15203E-2 5.17946E-2 5.35184E-2 2.63239E-2 5.96918E-3 2.27321E-3 1.41585E-3 1.31623E-3 1.18704E-3 8.03236E-4 1.00899E-3 2.14036E-3 3.15802E-3 3.45343E-3 2.52474E-3 1.58416E-3 9.78236E-4 7.20453E-4 7.34409E-4 9.54387E-4 1.46225E-3 2.52385E-3 6.13249E-3 1.28047E-2 8.2605E-3 3.28809E-3 1.1688E-3 3.76281E-4 2.41517E-4 2.27149E-4 2.27446E-4 1.88903E-4 1.5989E-4 1.63197E-4 1.84869E-4 -9999 -9999 -9999 -9999 -9999 -9999 -9999 -9999 -9999 -9999
