KUENM/Final_Models/M_0.1_F_lq_Set_2_NE/sp1_1.asc
ncols         197
nrows         210
xllcorner     56.1666666666667
yllcorner     4.5
cellsize      0.166666666666667
NODATA_value  -9999
[rows 84 to 111 of 210, columns 65 to 129 of 197]
1.15713E-1 1.21134E-1 1.32727E-1 1.31949E-1 1.28208E-1 1.22357E-1 1.19739E-1 1.15423E-1 1.14178E-1 1.20753E-1 1.32916E-1 1.52065E-1 1.65397E-1 1.6264E-1 1.45086E-1 1.25777E-1 1.26257E-1 1.42949E-1 1.6259E-1 1.80031E-1 1.9278E-1 1.94635E-1 2.04034E-1 2.15568E-1 2.15123E-1 2.53693E-1 2.83008E-1 2.94987E-1 3.00462E-1 3.02636E-1 3.3503E-1 4.15748E-1 4.68247E-1 4.97573E-1 5.32906E-1 5.90885E-1 6.22316E-1 6.37621E-1 6.44435E-1 6.44781E-1 5.94509E-1 5.61293E-1 5.71516E-1 5.88735E-1 6.11788E-1 6.2858E-1 6.28105E-1 6.07719E-1 6.08376E-1 5.82272E-1 5.29384E-1 5.45956E-1 5.74753E-1 5.72223E-1 5.92551E-1 6.09976E-1 5.96198E-1 5.35215E-1 4.63857E-1 3.74613E-1 3.13037E-1 4.21488E-1 3.34272E-1 2.88074E-1 2.98935E-1
1.23898E-1 1.34869E-1 1.40074E-1 1.39835E-1 1.41692E-1 1.36016E-1 1.28447E-1 1.29889E-1 1.29569E-1 1.33545E-1 1.50337E-1 1.63863E-1 1.76961E-1 1.81309E-1 1.6264E-1 1.46686E-1 1.44041E-1 1.6259E-1 1.90933E-1 2.23401E-1 2.35346E-1 2.37359E-1 2.45464E-1 2.49162E-1 2.55772E-1 2.79592E-1 3.06751E-1 3.24446E-1 3.35374E-1 3.48475E-1 3.73243E-1 4.10576E-1 4.64868E-1 5.29809E-1 5.80461E-1 6.26922E-1 6.4492E-1 6.46249E-1 6.47717E-1 6.13814E-1 5.5237E-1 5.86834E-1 5.99715E-1 6.11432E-1 6.21355E-1 6.25418E-1 6.09456E-1 5.81437E-1 5.63788E-1 5.07606E-1 4.70932E-1 5.46263E-1 5.79705E-1 5.33673E-1 5.44066E-1 5.47373E-1 5.18783E-1 5.0493E-1 4.6907E-1 3.91536E-1 3.01429E-1 3.98916E-1 3.0678E-1 2.60993E-1 2.59967E-1
1.38676E-1 1.43192E-1 1.49282E-1 1.50645E-1 1.4945E-1 1.46121E-1 1.4383E-1 1.39963E-1 1.43851E-1 1.487E-1 1.61293E-1 1.68126E-1 1.77707E-1 1.84947E-1 1.76599E-1 1.66685E-1 1.7955E-1 1.94635E-1 2.29345E-1 2.66078E-1 2.7654E-1 2.78643E-1 2.84662E-1 2.9444E-1 3.08304E-1 3.26321E-1 3.47238E-1 3.61533E-1 3.80976E-1 4.05171E-1 4.28558E-1 4.5531E-1 5.10938E-1 5.71586E-1 6.27E-1 6.50977E-1 6.51287E-1 6.45576E-1 5.75466E-1 4.56524E-1 5.57962E-1 6.00243E-1 6.10308E-1 6.10406E-1 6.00109E-1 6.01243E-1 5.88566E-1 5.50151E-1 5.25651E-1 4.32153E-1 3.7057E-1 3.78431E-1 4.70094E-1 5.41649E-1 5.25173E-1 4.83059E-1 4.27888E-1 4.32756E-1 4.25604E-1 3.44548E-1 2.58041E-1 2.91233E-1 2.68282E-1 2.27711E-1 2.08347E-1
1.44836E-1 1.54357E-1 1.5274E-1 1.57621E-1 1.53391E-1 1.55392E-1 1.55228E-1 1.5617E-1 1.60442E-1 1.65589E-1 1.75175E-1 1.76961E-1 1.83123E-1 1.8678E-1 1.89304E-1 1.93625E-1 2.09315E-1 2.27357E-1 2.57778E-1 2.89199E-1 3.08338E-1 3.14519E-1 3.33177E-1 3.43507E-1 3.57471E-1 3.75395E-1 3.938E-1 4.21073E-1 4.43457E-1 4.68E-1 5.06387E-1 5.28247E-1 5.93244E-1 6.23694E-1 6.53985E-1 6.21888E-1 6.23727E-1 5.76662E-1 4.51694E-1 5.13102E-1 5.75225E-1 5.9406E-1 6.14338E-1 6.09442E-1 5.8846E-1 5.6177E-1 5.15875E-1 4.92935E-1 4.92879E-1 4.53702E-1 3.85605E-1 3.49147E-1 3.73652E-1 4.67027E-1 5.21536E-1 4.30589E-1 3.73848E-1 3.60874E-1 3.47088E-1 2.65431E-1 1.82043E-1 1.40752E-1 1.59851E-1 1.72878E-1 1.68818E-1
1.29542E-1 1.44554E-1 1.50714E-1 1.53704E-1 1.57544E-1 1.68966E-1 1.69543E-1 1.72374E-1 1.7592E-1 1.79503E-1 1.88622E-1 1.83123E-1 1.87462E-1 1.93013E-1 2.04949E-1 2.19031E-1 2.34933E-1 2.57408E-1 2.78321E-1 3.08096E-1 3.33546E-1 3.48577E-1 3.69297E-1 3.91714E-1 4.07267E-1 4.29294E-1 4.53385E-1 4.87658E-1 5.12908E-1 5.42205E-1 5.82476E-1 6.06723E-1 6.37529E-1 6.46851E-1 5.80749E-1 5.45279E-1 5.02364E-1 4.12815E-1 3.07861E-1 4.55314E-1 5.68202E-1 6.05559E-1 6.18105E-1 6.06131E-1 5.73309E-1 5.27469E-1 4.63989E-1 4.20287E-1 4.15932E-1 3.87377E-1 3.56426E-1 3.48306E-1 3.58442E-1 4.50383E-1 4.14435E-1 3.75905E-1 3.40109E-1 3.33849E-1 2.95853E-1 2.20462E-1 1.37082E-1 6.53294E-2 7.43201E-2 1.3635E-1 1.57577E-1
-9999 1.41435E-1 1.50714E-1 1.5865E-1 1.66427E-1 1.74701E-1 1.7955E-1 1.84419E-1 1.91154E-1 1.94881E-1 1.98641E-1 1.85629E-1 1.94881E-1 2.08184E-1 2.26423E-1 2.42547E-1 2.57408E-1 2.76213E-1 3.0561E-1 3.27095E-1 3.54695E-1 3.73107E-1 4.02236E-1 4.22428E-1 4.49434E-1 4.85819E-1 5.17674E-1 5.5143E-1 5.73909E-1 6.03262E-1 6.27226E-1 6.45706E-1 6.50779E-1 6.53858E-1 5.6307E-2 5.16455E-1 3.82232E-1 3.20241E-1 3.54583E-1 3.88282E-1 5.48629E-1 5.93637E-1 5.94949E-1 5.4458E-1 5.01788E-1 4.49566E-1 4.26945E-1 3.91723E-1 3.35593E-1 3.03863E-1 3.14493E-1 3.64471E-1 3.61228E-1 4.07552E-1 3.20201E-1 2.50529E-1 2.91708E-1 2.97423E-1 2.6869E-1 1.85496E-1 1.14907E-1 5.18505E-2 6.80022E-2 1.33461E-1 1.74543E-1
-9999 1.47713E-1 1.57429E-1 1.62238E-1 1.77236E-1 1.85851E-1 1.94635E-1 2.01677E-1 2.09315E-1 2.16554E-1 2.16554E-1 2.14601E-1 2.20481E-1 2.34437E-1 2.46637E-1 2.61109E-1 2.75794E-1 2.88514E-1 3.11619E-1 3.41348E-1 3.68826E-1 4.04328E-1 4.49312E-1 4.71792E-1 5.00721E-1 5.30941E-1 5.6728E-1 6.00265E-1 6.18009E-1 6.38369E-1 6.54093E-1 6.63085E-1 6.52034E-1 6.15214E-1 5.12501E-1 2.18468E-1 3.70474E-1 2.66725E-1 3.42117E-1 3.45921E-1 5.7926E-1 6.28105E-1 6.09486E-1 5.07524E-1 4.30061E-1 3.63157E-1 3.09822E-1 3.05205E-1 3.11647E-1 3.35055E-1 3.75653E-1 4.0519E-1 4.16704E-1 3.91762E-1 2.72275E-1 2.19369E-1 2.44835E-1 3.1148E-1 2.21293E-1 1.4089E-1 1.23224E-1 9.66469E-2 1.13398E-1 1.6145E-1 1.82043E-1
-9999 1.52663E-1 1.64099E-1 1.72487E-1 1.82857E-1 1.91666E-1 2.04419E-1 2.19471E-1 2.39377E-1 2.55339E-1 2.59481E-1 2.65285E-1 2.69477E-1 2.73685E-1 2.77906E-1 2.85898E-1 2.9444E-1 3.11092E-1 3.26218E-1 3.53768E-1 3.89598E-1 4.31069E-1 4.76032E-1 4.97477E-1 5.34413E-1 5.67342E-1 6.01675E-1 6.26199E-1 6.35241E-1 6.48851E-1 6.63196E-1 6.69807E-1 6.52088E-1 5.42038E-1 3.00537E-1 2.87952E-1 3.84661E-1 2.40854E-1 2.21815E-1 3.92346E-1 6.10336E-1 6.51276E-1 6.31443E-1 5.2642E-1 4.74114E-1 3.72198E-1 2.87249E-1 2.57627E-1 2.92426E-1 3.32078E-1 3.85605E-1 4.043E-1 4.16704E-1 3.54442E-1 2.66658E-1 2.2905E-1 2.49048E-1 2.47161E-1 1.78402E-1 1.21864E-1 1.42491E-1 1.69031E-1 1.85477E-1 2.00401E-1 1.9388E-1
-9999 -9999 1.71017E-1 1.83201E-1 1.92115E-1 2.06859E-1 2.24028E-1 2.4781E-1 2.74681E-1 2.99815E-1 3.25237E-1 3.33814E-1 3.3167E-1 3.24944E-1 3.24944E-1 3.26707E-1 3.20238E-1 3.24056E-1 3.39188E-1 3.64535E-1 4.04328E-1 4.49017E-1 4.86659E-1 5.26318E-1 5.60247E-1 5.94624E-1 6.24759E-1 6.50173E-1 6.54487E-1 6.58074E-1 6.68456E-1 6.71582E-1 6.58435E-1 5.98374E-1 4.33659E-1 3.89224E-1 3.80554E-1 2.39231E-1 3.89839E-1 5.71015E-1 6.39174E-1 6.58659E-1 6.53995E-1 6.08312E-1 5.89087E-1 4.43004E-1 2.57627E-1 2.44034E-1 2.88379E-1 3.22884E-1 3.80412E-1 4.33935E-1 3.98549E-1 3.10481E-1 2.70726E-1 2.67316E-1 2.77823E-1 2.61444E-1 1.49649E-1 1.21455E-1 1.56806E-1 2.33442E-1 2.68282E-1 2.29747E-1 1.77502E-1
-9999 -9999 1.8327E-1 1.97748E-1 2.10885E-1 2.30227E-1 2.48162E-1 2.79009E-1 3.14867E-1 3.5528E-1 3.91023E-1 4.03476E-1 3.9106E-1 3.76272E-1 3.61406E-1 3.54695E-1 3.48797E-1 3.27566E-1 3.37027E-1 3.84183E-1 4.27395E-1 4.72105E-1 5.18295E-1 5.51469E-1 5.87071E-1 6.13408E-1 6.39134E-1 6.58254E-1 6.66262E-1 6.694E-1 6.75432E-1 6.72577E-1 6.69807E-1 6.42586E-1 5.34293E-1 3.89587E-1 3.26232E-1 3.23623E-1 4.043E-1 5.60546E-1 6.55252E-1 6.57306E-1 6.67922E-1 6.53847E-1 5.77247E-1 4.06601E-1 2.61465E-1 2.46871E-1 2.82394E-1 3.19732E-1 3.76448E-1 3.99984E-1 2.90402E-1 2.4647E-1 2.68218E-1 2.83791E-1 2.69364E-1 2.3915E-1 1.52887E-1 1.16094E-1 1.44055E-1 2.37837E-1 2.74423E-1 2.05926E-1 8.79666E-2
-9999 -9999 -9999 2.10878E-1 2.22422E-1 2.50234E-1 2.8114E-1 3.10588E-1 3.46713E-1 4.04914E-1 4.50068E-1 4.60618E-1 4.4715E-1 4.21781E-1 3.80494E-1 3.35696E-1 2.97046E-1 2.88029E-1 3.2838E-1 3.9011E-1 4.3745E-1 4.94117E-1 5.39258E-1 5.71412E-1 6.02546E-1 6.25268E-1 6.41282E-1 6.50173E-1 6.5768E-1 6.70452E-1 6.76773E-1 6.75158E-1 6.72747E-1 6.51807E-1 5.87844E-1 4.40378E-1 3.51994E-1 4.11516E-1 4.30847E-1 4.72507E-1 6.04802E-1 6.57212E-1 6.54756E-1 5.94501E-1 4.2829E-1 3.70622E-1 2.37324E-1 2.34448E-1 3.02434E-1 3.52388E-1 3.45163E-1 3.44285E-1 2.89233E-1 2.71402E-1 2.79093E-1 2.58904E-1 2.2529E-1 1.71876E-1 1.28634E-1 9.20556E-2 9.02086E-2 1.76749E-1 2.28383E-1 1.36087E-1 4.03355E-2
-9999 -9999 -9999 -9999 -9999 -9999 -9999 3.37818E-1 3.84088E-1 4.33488E-1 4.65093E-1 4.86388E-1 4.89904E-1 4.75208E-1 4.09623E-1 3.03467E-1 2.10116E-1 2.50192E-1 3.37027E-1 4.11346E-1 4.79715E-1 5.33912E-1 5.71301E-1 5.97131E-1 6.16492E-1 6.33841E-1 6.47325E-1 6.55401E-1 6.61003E-1 6.73139E-1 6.78213E-1 6.73556E-1 6.62518E-1 6.43481E-1 6.08495E-1 5.34237E-1 4.46186E-1 4.46186E-1 4.62791E-1 5.14135E-1 6.02833E-1 6.38301E-1 6.21973E-1 4.73124E-1 2.10728E-1 2.15603E-1 1.78482E-1 1.87933E-1 2.97506E-1 3.18821E-1 2.97506E-1 2.98508E-1 2.75396E-1 2.90402E-1 2.5106E-1 1.91246E-1 1.55168E-1 1.33352E-1 9.81775E-2 5.39524E-2 5.17712E-2 1.0329E-1 1.65701E-1 6.76889E-2 1.43656E-2
-9999 -9999 -9999 -9999 -9999 -9999 -9999 -9999 4.10517E-1 4.43043E-1 4.77786E-1 5.02145E-1 5.21302E-1 5.19554E-1 4.69736E-1 3.72138E-1 3.10236E-1 3.33814E-1 3.929E-1 4.64868E-1 5.28247E-1 5.69305E-1 5.93575E-1 6.10864E-1 6.27122E-1 6.42067E-1 6.54136E-1 6.62845E-1 6.6929E-1 6.76936E-1 6.77462E-1 6.61368E-1 6.32425E-1 6.17175E-1 6.15379E-1 5.9183E-1 5.28411E-1 5.08422E-1 5.09658E-1 5.1132E-1 5.38238E-1 5.85871E-1 5.95632E-1 4.54135E-1 2.23356E-1 1.98672E-1 1.50318E-1 1.53974E-1 2.07763E-1 2.3605E-1 2.61465E-1 2.75396E-1 2.64512E-1 2.64512E-1 1.95046E-1 1.12335E-1 9.01497E-2 9.12954E-2 6.84246E-2 2.64135E-2 1.56798E-2 2.7449E-2 4.49275E-2 2.25782E-2 7.76878E-3
-9999 -9999 -9999 -9999 -9999 -9999 -9999 -9999 -9999 4.56142E-1 4.81288E-1 5.05386E-1 5.31622E-1 5.29084E-1 5.01247E-1 4.66876E-1 4.61652E-1 4.5692E-1 4.67885E-1 5.12604E-1 5.50899E-1 5.79637E-1 6.01668E-1 6.22422E-1 6.39134E-1 6.50147E-1 6.62319E-1 6.69384E-1 6.72449E-1 6.77992E-1 6.74453E-1 6.47022E-1 5.94666E-1 5.6753E-1 6.05518E-1 5.84032E-1 5.12325E-1 4.80625E-1 5.05039E-1 4.96843E-1 4.28669E-1 3.85548E-1 4.53424E-1 3.8154E-1 1.54773E-1 1.47158E-1 1.91365E-1 1.83942E-1 1.79623E-1 2.02836E-1 2.68468E-1 2.78404E-1 2.67439E-1 2.26865E-1 1.36752E-1 6.2353E-2 5.72942E-2 6.58329E-2 4.75187E-2 1.20742E-2 1.89623E-3 4.98687E-3 9.63742E-3 8.44192E-3 4.48277E-3
-9999 -9999 -9999 -9999 -9999 -9999 -9999 -9999 -9999 4.67097E-1 4.86481E-1 5.06995E-1 5.25755E-1 5.29906E-1 5.24137E-1 5.10649E-1 5.04352E-1 4.93294E-1 4.96432E-1 5.26022E-1 5.57648E-1 5.89523E-1 6.20312E-1 6.39261E-1 6.50726E-1 6.56833E-1 6.66364E-1 6.68492E-1 6.59927E-1 6.7878E-1 6.67451E-1 6.36287E-1 6.03837E-1 5.52131E-1 5.56518E-1 5.28899E-1 4.58194E-1 4.12586E-1 4.30681E-1 3.93662E-1 3.01941E-1 2.75158E-1 3.11643E-1 2.84246E-1 1.9857E-1 2.11739E-1 2.23018E-1 2.22734E-1 2.21926E-1 2.34448E-1 3.0121E-1 2.91233E-1 2.16681E-1 1.36369E-1 6.30097E-2 2.97555E-2 3.63659E-2 5.57748E-2 5.19415E-2 1.81573E-2 3.28458E-3 2.36524E-3 3.54492E-3 3.36951E-3 1.40451E-3
-9999 -9999 -9999 -9999 -9999 -9999 -9999 -9999 -9999 -9999 -9999 5.09751E-1 5.20767E-1 5.28611E-1 5.29871E-1 5.25358E-1 5.20308E-1 5.12525E-1 5.14851E-1 5.39585E-1 5.71301E-1 6.05426E-1 6.40614E-1 6.56459E-1 6.62299E-1 6.62299E-1 6.63584E-1 6.639E-1 6.62146E-1 6.78421E-1 6.59289E-1 5.85185E-1 5.92601E-1 5.74782E-1 4.87812E-1 4.44081E-1 4.71363E-1 4.36449E-1 3.99569E-1 3.33783E-1 2.55911E-1 2.6886E-1 3.19909E-1 3.90791E-1 4.03474E-1 3.88751E-1 2.96823E-1 2.32206E-1 2.34125E-1 2.44975E-1 3.07835E-1 2.84689E-1 1.76215E-1 9.61335E-2 4.16456E-2 2.53535E-2 2.8827E-2 3.92923E-2 4.36257E-2 2.6612E-2 1.15203E-2 5.64234E-3 3.36951E-3 1.26796E-3 6.44225E-4
-9999 -9999 -9999 -9999 -9999 -9999 -9999 -9999 -9999 -9999 -9999 -9999 -9999 5.28375E-1 5.31015E-1 5.3251E-1 5.38001E-1 -9999 -9999 5.74126E-1 5.86936E-1 6.10914E-1 6.51284E-1 6.66676E-1 6.6611E-1 6.64236E-1 6.60504E-1 6.53659E-1 6.65595E-1 6.79588E-1 6.55711E-1 5.56612E-1 5.83917E-1 5.41598E-1 3.8365E-1 3.12993E-1 4.53908E-1 4.67378E-1 3.80569E-1 2.70004E-1 1.59564E-1 1.66859E-1 2.88207E-1 4.23153E-1 4.58794E-1 4.60602E-1 3.31002E-1 2.49837E-1 2.25987E-1 2.21315E-1 2.53496E-1 2.39632E-1 1.47588E-1 8.65523E-2 5.24049E-2 3.06823E-2 3.21988E-2 4.97436E-2 7.01873E-2 5.35095E-2 2.98256E-2 1.93799E-2 9.67211E-3 3.65027E-3 1.93803E-3
-9999 -9999 -9999 -9999 -9999 -9999 -9999 -9999 -9999 -9999 -9999 -9999 -9999 5.28706E-1 5.31622E-1 -9999 -9999 6.06068E-1 6.1149E-1 6.18993E-1 6.2541E-1 6.20353E-1 6.62008E-1 6.69715E-1 6.69443E-1 6.66116E-1 6.61305E-1 6.57812E-1 6.69298E-1 6.7824E-1 6.66585E-1 6.40322E-1 6.21939E-1 5.38484E-1 3.6932E-1 3.02164E-1 4.12048E-1 4.09535E-1 3.05061E-1 1.64534E-1 7.10559E-2 7.67535E-2 1.71876E-1 2.92037E-1 3.84749E-1 4.14163E-1 3.65218E-1 2.89241E-1 2.40093E-1 2.1117E-1 1.85546E-1 1.61572E-1 1.12756E-1 8.40931E-2 1.06614E-1 1.05861E-1 8.90752E-2 1.02764E-1 7.80943E-2 5.1838E-2 2.79148E-2 1.48736E-2 6.70074E-3 3.66111E-3 1.6481E-3
-9999 -9999 -9999 -9999 -9999 -9999 -9999 -9999 -9999 -9999 -9999 5.09108E-1 5.10649E-1 5.21302E-1 5.78017E-1 5.9591E-1 6.22069E-1 6.28779E-1 6.30631E-1 6.35247E-1 6.39435E-1 6.54504E-1 6.67244E-1 6.58765E-1 6.57429E-1 6.61417E-1 6.62484E-1 6.63196E-1 6.68676E-1 6.78249E-1 6.75736E-1 6.68287E-1 6.46231E-1 5.78752E-1 4.51559E-1 3.86414E-1 3.52687E-1 3.07221E-1 1.74283E-1 5.81269E-2 2.62097E-2 3.53273E-2 9.57338E-2 2.43169E-1 3.77958E-1 4.5063E-1 4.82156E-1 4.65252E-1 4.32756E-1 3.51434E-1 2.14837E-1 1.52566E-1 1.03316E-1 2.39794E-1 3.20103E-1 2.90453E-1 2.07577E-1 1.16752E-1 6.8534E-2 3.25766E-2 1.59614E-2 6.32364E-3 2.8035E-3 1.72891E-3 2.29502E-3
-9999 -9999 -9999 -9999 -9999 -9999 -9999 -9999 -9999 -9999 -9999 5.22672E-1 5.23861E-1 5.35535E-1 5.6034E-1 6.12676E-1 6.38438E-1 6.47359E-1 6.44016E-1 6.4104E-1 6.44197E-1 6.61038E-1 6.48957E-1 6.39777E-1 6.45366E-1 6.5266E-1 6.6284E-1 6.67563E-1 6.72454E-1 6.7787E-1 6.79608E-1 6.79038E-1 6.62053E-1 6.12172E-1 5.05119E-1 3.44818E-1 1.35326E-1 1.29262E-1 8.64848E-2 3.07414E-2 2.13266E-2 2.49029E-2 7.3625E-2 2.19467E-1 3.91644E-1 4.95943E-1 5.59848E-1 5.67342E-1 5.44199E-1 5.59169E-1 4.99002E-1 4.44512E-1 4.34827E-1 4.466E-1 4.14728E-1 3.58203E-1 2.54681E-1 1.43737E-1 5.27824E-2 1.02665E-2 3.48319E-3 1.68696E-3 1.5394E-3 2.24434E-3 4.09543E-3
-9999 -9999 -9999 -9999 -9999 -9999 -9999 -9999 -9999 -9999 -9999 -9999 5.44526E-1 5.55971E-1 5.77771E-1 6.26162E-1 6.39426E-1 6.32544E-1 6.29857E-1 6.3934E-1 6.47605E-1 6.53694E-1 6.47244E-1 6.43534E-1 6.50184E-1 6.50852E-1 6.58491E-1 6.67294E-1 6.73158E-1 6.74978E-1 6.76907E-1 6.79608E-1 6.73638E-1 6.1635E-1 5.18842E-1 3.74317E-1 1.35212E-1 7.71205E-2 5.66317E-2 3.82539E-2 3.98585E-2 4.28913E-2 1.01902E-1 2.24655E-1 4.48381E-1 5.42614E-1 6.09384E-1 6.30731E-1 6.21735E-1 6.11191E-1 5.5694E-1 5.07045E-1 4.73277E-1 4.16736E-1 3.81545E-1 3.36768E-1 2.16905E-1 1.236E-1 3.36862E-2 2.22468E-3 2.93164E-4 2.92046E-4 8.96436E-4 2.56312E-3 9.36785E-3
-9999 -9999 -9999 -9999 -9999 -9999 -9999 -9999 -9999 -9999 -9999 -9999 -9999 5.90851E-1 6.18828E-1 6.43339E-1 6.31797E-1 6.2565E-1 6.29289E-1 6.39851E-1 6.46854E-1 6.5266E-1 6.52543E-1 6.53681E-1 6.56541E-1 6.53219E-1 6.59054E-1 6.65399E-1 6.69493E-1 6.73222E-1 6.77408E-1 6.78131E-1 -9999 6.28952E-1 5.18517E-1 4.19188E-1 1.91457E-1 7.33984E-2 4.02944E-2 3.82539E-2 4.25176E-2 5.10838E-2 1.4066E-1 3.21713E-1 3.43752E-1 4.12618E-1 6.08364E-1 6.18417E-1 6.30394E-1 6.18091E-1 5.77247E-1 5.44924E-1 4.99903E-1 3.77463E-1 2.84246E-1 2.36924E-1 1.65569E-1 8.0882E-2 1.33754E-2 6.84585E-4 8.32834E-5 1.60167E-4 1.64336E-3 1.26816E-2 1.94932E-2
-9999 -9999 -9999 -9999 -9999 -9999 -9999 -9999 -9999 -9999 -9999 -9999 -9999 -9999 6.41615E-1 6.42645E-1 5.98317E-1 6.06126E-1 6.06889E-1 6.23074E-1 6.29713E-1 6.39519E-1 6.4889E-1 6.53271E-1 6.51219E-1 6.53878E-1 6.61176E-1 6.64042E-1 6.67746E-1 6.73293E-1 6.74931E-1 6.72871E-1 -9999 6.2986E-1 5.37813E-1 4.07751E-1 1.97849E-1 3.94661E-2 6.31453E-3 4.57435E-3 8.29324E-3 2.37546E-2 7.82674E-2 2.8132E-1 4.72456E-1 5.56584E-1 5.70691E-1 5.70691E-1 5.79015E-1 5.55256E-1 5.15975E-1 5.57044E-1 4.87343E-1 3.96024E-1 2.73812E-1 2.21288E-1 1.70742E-1 6.09576E-2 6.33159E-3 3.35182E-4 2.2734E-4 4.20117E-4 2.60103E-3 2.88477E-2 6.80022E-2
-9999 -9999 -9999 -9999 -9999 -9999 -9999 -9999 -9999 -9999 -9999 -9999 -9999 -9999 -9999 6.37475E-1 6.13804E-1 5.981E-1 5.89576E-1 5.58497E-1 4.98881E-1 5.3765E-1 6.22289E-1 6.44633E-1 6.50722E-1 6.56446E-1 6.60999E-1 6.61306E-1 6.62662E-1 6.60303E-1 6.46594E-1 6.5501E-1 6.49518E-1 5.95222E-1 4.75559E-1 3.2445E-1 8.55058E-2 7.9346E-3 8.97103E-4 7.12373E-4 3.76933E-3 4.07963E-2 2.3635E-1 5.12429E-1 6.23318E-1 6.50509E-1 6.37872E-1 5.81437E-1 5.45179E-1 4.82286E-1 3.91616E-1 4.28407E-1 3.27809E-1 2.63446E-1 2.10623E-1 2.11835E-1 1.62534E-1 6.8534E-2 1.4493E-2 2.22468E-3 3.82132E-4 1.81931E-5 1.79283E-5 1.50386E-3 5.03256E-2
-9999 -9999 -9999 -9999 -9999 -9999 -9999 -9999 -9999 -9999 -9999 -9999 -9999 -9999 -9999 -9999 5.99899E-1 5.80343E-1 5.49638E-1 4.90778E-1 3.9467E-1 4.79264E-1 6.08389E-1 6.35561E-1 6.40666E-1 6.51248E-1 6.58827E-1 6.6012E-1 6.5013E-1 6.50696E-1 6.39001E-1 6.35135E-1 -9999 4.63216E-1 3.64324E-1 1.18933E-1 7.11235E-3 2.00807E-4 2.61843E-5 5.44829E-5 1.82029E-3 4.27927E-2 3.24541E-1 6.09125E-1 6.62778E-1 6.75245E-1 6.64973E-1 6.26423E-1 5.85763E-1 5.36489E-1 4.72244E-1 3.14624E-1 1.91524E-1 2.83412E-1 2.59617E-1 3.24451E-1 2.98113E-1 1.96426E-1 7.10559E-2 8.08141E-3 4.17194E-4 3.42757E-6 3.55907E-5 1.29078E-2 1.71071E-1
-9999 -9999 -9999 -9999 -9999 -9999 -9999 -9999 -9999 -9999 -9999 -9999 -9999 -9999 -9999 -9999 -9999 5.51604E-1 5.18755E-1 4.67512E-1 4.65749E-1 5.21272E-1 5.78608E-1 5.97458E-1 6.18175E-1 6.32345E-1 6.4545E-1 6.40869E-1 6.33596E-1 6.24195E-1 6.04421E-1 -9999 -9999 1.83283E-1 6.41953E-2 2.40328E-3 7.89286E-5 1.84682E-6 2.78269E-7 3.32885E-6 3.69345E-4 2.05288E-2 3.66076E-1 6.21059E-1 6.63418E-1 6.73523E-1 6.73603E-1 6.33765E-1 6.05518E-1 5.57735E-1 5.21609E-1 4.85619E-1 4.88266E-1 5.00706E-1 5.25505E-1 5.07319E-1 4.18757E-1 1.55179E-1 6.85149E-2 1.60117E-2 5.14338E-3 2.70071E-2 2.94684E-1 4.40617E-1 4.44256E-1
-9999 -9999 -9999 -9999 -9999 -9999 -9999 -9999 -9999 -9999 -9999 -9999 -9999 -9999 -9999 -9999 -9999 -9999 5.14296E-1 5.26985E-1 5.58377E-1 5.76164E-1 5.80206E-1 6.13525E-1 6.22005E-1 6.34106E-1 6.53418E-1 6.57429E-1 6.41369E-1 6.08376E-1 5.76923E-1 -9999 -9999 3.28702E-2 2.1313E-3 2.67877E-5 1.31033E-6 4.15066E-8 1.0784E-9 1.8138E-8 2.36611E-5 2.47775E-2 4.68576E-1 6.22788E-1 6.44781E-1 6.64356E-1 6.69706E-1 6.56161E-1 6.40425E-1 5.95E-1 5.5065E-1 5.4916E-1 5.85185E-1 5.89863E-1 6.19482E-1 5.60554E-1 4.54126E-1 4.94324E-1 5.38122E-1 5.3524E-1 5.39658E-1 5.68893E-1 5.64778E-1 5.33668E-1 5.00342E-1
-9999 -9999 -9999 -9999 -9999 -9999 -9999 -9999 -9999 -9999 -9999 -9999 -9999 -9999 -9999 -9999 -9999 -9999 -9999 5.57807E-1 6.17955E-1 6.09456E-1 5.91855E-1 6.2325E-1 6.47008E-1 6.53878E-1 6.58999E-1 6.58115E-1 -9999 -9999 -9999 -9999 -9999 -9999 5.21556E-5 4.69458E-8 1.06668E-10 1.13618E-11 3.47903E-13 1.75263E-11 1.00068E-6 4.22012E-2 5.37611E-1 6.2403E-1 6.32129E-1 6.57788E-1 6.67834E-1 6.52257E-1 6.24662E-1 5.85268E-1 5.28899E-1 4.86149E-1 5.17462E-1 5.51937E-1 6.03837E-1 6.28952E-1 6.2332E-1 6.33407E-1 6.48398E-1 6.28952E-1 6.17373E-1 6.18386E-1 5.76115E-1 5.32149E-1 4.5612E-1
