KUENM/Final_Models/M_0.1_F_lq_Set_2_NE/sp1_3_se_asia.asc
ncols         320
nrows         243
xllcorner     44.0
yllcorner     -0.666666666666667
cellsize      0.166666666666667
NODATA_value  -9999
[rows 62 to 92 of 243, columns 210 to 279 of 320]
4.15617E-6 4.01699E-9 4.36295E-10 4.45451E-10 6.64792E-8 8.43435E-7 2.32194E-6 7.74449E-7 1.40668E-5 1.81011E-5 9.38656E-6 1.17232E-5 9.73169E-5 3.97495E-4 1.33536E-3 1.83954E-4 7.46672E-3 5.52777E-4 1.09247E-4 9.18186E-6 3.60544E-8 3.1131E-10 6.05531E-10 1.14873E-8 2.80539E-8 1.80208E-9 -9999 -9999 -9999 -9999 -9999 -9999 -9999 -9999 -9999 -9999 -9999 -9999 -9999 -9999 -9999 -9999 -9999 -9999 -9999 -9999 -9999 -9999 -9999 -9999 -9999 -9999 -9999 -9999 -9999 -9999 -9999 -9999 -9999 -9999 -9999 -9999 -9999 -9999 -9999 -9999 -9999 -9999 -9999 -9999
3.94063E-4 1.50012E-6 4.02145E-10 3.75315E-10 3.38995E-8 3.02138E-7 9.8158E-7 1.21981E-6 1.82836E-5 2.85151E-5 2.85615E-5 4.54276E-5 1.02651E-4 4.28213E-4 7.01003E-4 1.58745E-3 1.29992E-3 8.1305E-4 4.62759E-4 2.37248E-4 9.93E-6 6.00941E-9 2.54768E-9 6.57954E-9 2.49212E-9 8.57305E-10 2.09102E-11 -9999 -9999 2.34558E-9 2.36907E-9 -9999 -9999 -9999 -9999 -9999 -9999 -9999 -9999 -9999 -9999 -9999 -9999 -9999 -9999 -9999 -9999 -9999 -9999 -9999 -9999 -9999 -9999 -9999 -9999 -9999 -9999 -9999 -9999 -9999 -9999 -9999 -9999 -9999 -9999 -9999 -9999 -9999 -9999 -9999
8.34229E-3 6.02125E-4 2.16801E-5 7.38726E-7 7.65354E-8 4.88696E-8 3.70989E-7 7.43135E-7 1.02856E-6 8.9173E-6 1.60367E-5 2.96781E-5 3.20241E-5 7.70213E-5 4.49991E-4 2.35898E-3 1.62455E-3 5.2498E-5 1.2082E-5 2.79589E-6 9.72687E-6 6.49241E-5 1.64448E-6 1.07344E-6 1.59644E-9 6.39149E-10 6.05529E-10 4.45251E-12 1.21038E-12 1.12404E-6 1.8585E-9 -9999 -9999 -9999 -9999 -9999 -9999 -9999 -9999 -9999 -9999 -9999 -9999 -9999 -9999 -9999 -9999 -9999 -9999 -9999 -9999 -9999 -9999 -9999 -9999 -9999 -9999 -9999 -9999 -9999 -9999 -9999 -9999 -9999 -9999 -9999 -9999 -9999 -9999 -9999
4.6396E-2 1.69568E-2 1.06907E-2 2.90103E-3 2.42327E-4 3.97255E-5 9.95217E-5 3.4731E-4 1.23717E-5 1.07243E-6 1.13235E-6 8.62293E-7 3.96921E-6 1.58317E-5 7.43603E-5 1.04395E-4 8.42207E-4 9.50001E-4 3.8922E-4 1.72286E-3 1.59921E-4 1.05007E-4 5.47481E-6 3.45615E-5 3.0112E-7 7.93328E-9 7.15685E-10 2.05451E-11 9.85253E-8 1.49232E-7 1.07861E-11 -9999 -9999 -9999 -9999 -9999 -9999 -9999 -9999 -9999 -9999 -9999 -9999 -9999 -9999 -9999 -9999 -9999 -9999 -9999 -9999 -9999 -9999 -9999 -9999 -9999 -9999 -9999 -9999 -9999 -9999 -9999 -9999 -9999 -9999 -9999 -9999 -9999 -9999 -9999
1.15075E-1 6.64968E-2 4.53789E-2 2.8833E-2 8.46004E-3 9.21028E-4 4.15808E-4 7.67098E-5 2.95426E-6 8.1538E-7 3.14737E-7 6.75865E-8 1.33699E-7 1.37857E-6 2.06848E-5 1.94044E-5 7.52508E-5 2.91292E-4 6.52204E-5 2.3597E-5 7.20646E-5 8.62896E-5 2.81582E-5 4.93345E-6 7.45138E-10 3.18715E-12 3.23796E-13 5.29829E-9 5.32568E-7 8.74561E-10 5.75934E-11 5.97258E-10 1.28333E-12 -9999 -9999 -9999 -9999 -9999 -9999 -9999 -9999 -9999 -9999 -9999 -9999 -9999 -9999 -9999 -9999 -9999 -9999 -9999 -9999 -9999 -9999 -9999 -9999 -9999 -9999 -9999 -9999 -9999 -9999 -9999 -9999 -9999 -9999 -9999 -9999 -9999
1.59386E-1 1.10273E-1 7.5377E-2 4.21088E-2 8.85235E-3 2.17962E-3 1.82283E-3 3.78368E-4 1.86394E-5 6.2146E-6 5.85975E-6 9.68646E-7 1.16656E-7 1.4013E-8 6.00366E-8 2.16648E-8 1.94165E-6 1.94675E-5 1.421E-6 8.51148E-7 2.32357E-6 3.40281E-6 2.77894E-5 6.13568E-5 4.20345E-6 2.65195E-5 8.58942E-6 1.15742E-4 8.61056E-7 5.89369E-11 9.64605E-10 6.76752E-9 7.22205E-7 1.93121E-10 3.9862E-8 -9999 6.22544E-10 -9999 -9999 -9999 -9999 -9999 -9999 -9999 -9999 -9999 -9999 -9999 -9999 -9999 -9999 -9999 -9999 -9999 -9999 -9999 -9999 -9999 -9999 -9999 -9999 -9999 -9999 -9999 -9999 -9999 -9999 -9999 -9999 -9999
1.67029E-1 1.40304E-1 9.17974E-2 3.55868E-2 5.43423E-3 2.4477E-3 4.48271E-3 3.79844E-3 6.78565E-4 2.99658E-4 2.0423E-4 1.03129E-4 1.76333E-5 3.26627E-6 1.67277E-7 4.5769E-9 4.89792E-8 3.92333E-6 1.15829E-4 5.42005E-5 2.79686E-5 3.80053E-6 1.44261E-5 4.29642E-5 1.02982E-5 6.92137E-6 7.32204E-9 3.64844E-12 3.07794E-6 1.20994E-7 2.14115E-5 4.64983E-6 3.58703E-5 5.51022E-9 1.32949E-8 4.5807E-4 -9999 -9999 -9999 -9999 -9999 -9999 -9999 -9999 -9999 -9999 -9999 -9999 -9999 -9999 -9999 -9999 -9999 -9999 -9999 -9999 -9999 -9999 -9999 -9999 -9999 -9999 -9999 -9999 -9999 -9999 -9999 -9999 -9999 -9999
1.84678E-1 1.60446E-1 1.06126E-1 5.00502E-2 7.37149E-3 3.69516E-3 5.82328E-3 8.4254E-3 5.03669E-3 3.71028E-3 4.62015E-3 5.63561E-3 1.30742E-3 2.73956E-4 2.1095E-4 2.71116E-4 1.06436E-4 6.45314E-6 3.08592E-5 9.46832E-5 4.60199E-5 9.28399E-6 2.12261E-6 4.06133E-7 2.55618E-8 1.20455E-8 1.00633E-11 9.28701E-16 1.3343E-26 9.0036E-31 1.70987E-28 3.60475E-24 8.42812E-19 1.4024E-6 6.54937E-5 5.37817E-5 2.62597E-5 4.09411E-6 1.79524E-5 7.08156E-10 -9999 -9999 -9999 -9999 -9999 -9999 -9999 -9999 -9999 -9999 -9999 -9999 -9999 -9999 -9999 -9999 -9999 -9999 -9999 -9999 -9999 -9999 -9999 -9999 -9999 1.40795E-11 2.72076E-12 2.23897E-13 8.09944E-12 -9999
2.4839E-1 2.06516E-1 1.45636E-1 9.08066E-2 3.89135E-2 1.83867E-2 1.50208E-2 2.31214E-2 1.9796E-2 1.6168E-2 1.9238E-2 2.24834E-2 1.13145E-2 6.24696E-3 9.89681E-3 2.44885E-2 2.07145E-2 3.81283E-3 3.83169E-5 1.74786E-5 2.13336E-5 5.22579E-5 1.12665E-4 2.61651E-5 8.72731E-8 2.91596E-8 2.9923E-12 1.23799E-14 2.67135E-20 2.07946E-22 1.69354E-24 1.64124E-22 2.20899E-21 5.55547E-17 4.72334E-13 1.19371E-9 2.57143E-6 3.2893E-6 3.86176E-6 8.27157E-7 4.92891E-7 -9999 3.40096E-9 -9999 -9999 5.3964E-13 -9999 -9999 -9999 -9999 -9999 -9999 -9999 -9999 -9999 -9999 -9999 3.31141E-11 -9999 -9999 -9999 -9999 -9999 7.74128E-10 1.58026E-8 4.18066E-10 1.88308E-9 8.06224E-11 1.22658E-12 -9999
3.46591E-1 2.70726E-1 2.17612E-1 1.61918E-1 1.07206E-1 7.21484E-2 6.89611E-2 7.7173E-2 4.53726E-2 3.24525E-2 3.11258E-2 3.42141E-2 2.95922E-2 2.96163E-2 4.15661E-2 5.00757E-2 3.20889E-2 5.87134E-3 1.61923E-4 1.98813E-5 1.61074E-5 4.92626E-5 2.26244E-4 3.56425E-4 1.89952E-5 2.19759E-6 3.82131E-8 2.59667E-9 5.64176E-12 1.96972E-14 8.47775E-16 2.9546E-16 1.3255E-15 1.64485E-14 1.51986E-13 4.86186E-11 3.74991E-10 7.96474E-9 1.02279E-10 1.30723E-13 1.68321E-12 2.04092E-11 -9999 3.81544E-7 -9999 5.30275E-11 5.47819E-10 3.10686E-13 -9999 -9999 -9999 -9999 -9999 -9999 -9999 2.94025E-12 1.93715E-10 5.26099E-10 4.02315E-11 -9999 -9999 -9999 4.46824E-9 5.73651E-8 5.89377E-6 7.13584E-9 3.22381E-7 1.887E-10 8.32779E-10 2.92987E-9
4.29502E-1 3.47218E-1 2.88268E-1 2.39006E-1 1.85061E-1 1.32812E-1 1.12716E-1 9.5743E-2 5.92943E-2 4.36966E-2 4.888E-2 5.12915E-2 5.00961E-2 5.26005E-2 5.7905E-2 4.89013E-2 2.72835E-2 7.66142E-3 1.05504E-3 1.25063E-4 2.55615E-5 4.00592E-5 1.7176E-4 4.56025E-4 1.85405E-4 8.94432E-6 7.00597E-8 8.24558E-9 4.43166E-11 6.71178E-12 2.16773E-13 5.97279E-13 6.34106E-12 2.3076E-11 4.39211E-11 1.37822E-11 6.72326E-9 9.43891E-9 2.78839E-10 4.2907E-9 6.37756E-13 3.2503E-16 9.25554E-13 2.47411E-12 1.15954E-7 7.87017E-10 8.4257E-8 3.00981E-11 2.08977E-9 7.30595E-8 2.45059E-13 5.56465E-9 3.3965E-9 8.77899E-10 6.9313E-13 3.26286E-12 5.71722E-9 4.57213E-7 7.29984E-8 -9999 -9999 2.26493E-9 2.38208E-9 4.99543E-8 5.64621E-6 1.06686E-5 1.28387E-5 9.48876E-8 6.22138E-7 3.26595E-7
4.84667E-1 4.15087E-1 3.58077E-1 3.25125E-1 2.60834E-1 1.82143E-1 1.18388E-1 8.98439E-2 6.2119E-2 3.42514E-2 5.38892E-2 6.5084E-2 6.81558E-2 6.89407E-2 6.65478E-2 4.75662E-2 2.54368E-2 9.67383E-3 2.96706E-3 8.86819E-4 3.50959E-4 2.88152E-4 4.56463E-4 1.14411E-3 8.00577E-4 4.31026E-5 3.99879E-6 1.2618E-7 1.22575E-8 5.79017E-11 9.48381E-13 1.17436E-10 1.0711E-8 8.78704E-9 7.51267E-10 1.41167E-8 3.2745E-11 9.83572E-10 1.37877E-10 1.18933E-6 1.28396E-6 8.50318E-12 7.32024E-11 1.32334E-12 9.38762E-10 1.15028E-8 9.34845E-12 1.64E-8 1.53634E-11 8.95727E-18 4.25575E-11 1.43229E-7 1.24569E-7 4.15687E-7 2.94312E-11 9.55067E-10 4.56474E-8 3.01186E-8 6.64033E-7 -9999 4.34776E-9 4.56523E-7 2.67028E-7 2.41223E-6 3.81209E-8 1.99014E-14 7.09239E-6 2.23371E-5 1.30903E-5 3.26572E-5
5.29653E-1 4.81377E-1 4.24735E-1 3.92039E-1 3.37311E-1 2.55932E-1 1.27832E-1 9.56687E-2 8.98439E-2 6.35883E-2 7.9772E-2 1.02928E-1 9.47306E-2 8.97744E-2 7.61821E-2 5.11218E-2 2.74911E-2 1.30992E-2 7.05077E-3 3.83867E-3 2.21043E-3 1.60609E-3 1.85592E-3 2.47396E-3 1.41873E-3 2.81052E-4 1.78671E-4 7.07961E-5 2.51237E-6 1.39846E-7 5.21649E-8 2.18188E-7 1.0833E-6 4.87543E-7 1.18784E-8 3.96319E-10 2.91752E-9 4.96369E-7 4.42822E-7 3.07384E-6 2.86583E-5 4.46389E-5 4.6889E-5 1.05019E-7 3.48322E-10 5.74722E-12 2.15512E-12 1.99688E-12 9.55859E-11 1.06496E-8 9.30735E-12 3.30754E-11 6.17629E-12 3.48844E-10 6.26539E-7 5.38724E-9 6.48686E-12 1.38945E-15 7.98583E-7 -9999 1.6155E-7 3.80208E-6 4.19785E-6 5.47396E-6 6.64481E-6 3.10245E-13 3.83482E-6 1.17072E-5 6.74252E-7 3.66791E-8
5.47895E-1 5.22114E-1 4.69879E-1 4.17347E-1 4.10825E-1 4.00927E-1 2.69353E-1 1.50939E-1 1.1381E-1 1.16084E-1 1.7185E-1 1.762E-1 1.48282E-1 1.23012E-1 9.75855E-2 6.34317E-2 3.44452E-2 1.75566E-2 1.68534E-2 1.66479E-2 9.85127E-3 5.56023E-3 5.03669E-3 5.20601E-3 1.78317E-3 3.66667E-4 3.89369E-4 9.51877E-4 2.18825E-4 2.34139E-5 1.03746E-5 1.26779E-5 7.02794E-5 8.41434E-4 5.5404E-5 1.64926E-8 1.21652E-10 2.38186E-10 7.72252E-11 5.78346E-9 4.58467E-5 9.7683E-4 6.77369E-4 3.28889E-4 5.6289E-5 3.68522E-5 5.46907E-7 5.02025E-11 2.05045E-8 4.23837E-3 5.8971E-10 3.21668E-9 5.8796E-8 2.61228E-12 5.26795E-11 2.84489E-19 4.27286E-21 2.12333E-22 7.00325E-12 3.3069E-7 3.95309E-8 3.84895E-6 3.42727E-6 1.21287E-6 2.8088E-6 3.06504E-14 5.46777E-30 1.68577E-10 4.65385E-7 5.02007E-19
5.3538E-1 5.53303E-1 4.90572E-1 4.23805E-1 4.41206E-1 4.58033E-1 3.71782E-1 2.3251E-1 1.50939E-1 1.53645E-1 2.05072E-1 2.1784E-1 2.22692E-1 1.97307E-1 1.41681E-1 8.87021E-2 4.97555E-2 2.89426E-2 4.58931E-2 6.89611E-2 3.28857E-2 1.52444E-2 1.2366E-2 1.12872E-2 4.30394E-3 8.02984E-4 1.04727E-3 3.16609E-3 1.63302E-3 4.33039E-4 3.91924E-4 6.84215E-4 9.46789E-4 2.87686E-3 6.14647E-3 9.74654E-4 5.6881E-6 7.09256E-8 1.24897E-8 6.8179E-8 1.80154E-6 7.01612E-5 6.766E-4 5.05207E-4 1.71535E-3 2.9188E-4 1.13705E-3 2.96775E-6 2.33361E-3 1.48842E-2 3.22207E-5 3.2643E-4 5.13467E-8 3.47287E-12 2.55295E-14 3.10164E-22 1.11802E-24 4.18853E-24 9.25739E-21 4.19762E-27 2.89818E-18 5.38318E-20 5.30119E-13 1.31125E-8 1.60514E-9 3.97506E-19 1.96728E-39 8.33412E-18 2.71655E-23 5.40724E-25
4.69134E-1 5.10697E-1 4.80726E-1 4.39647E-1 4.53504E-1 4.48929E-1 3.80769E-1 2.88555E-1 2.57629E-1 2.76453E-1 2.56006E-1 2.42503E-1 3.02679E-1 3.0072E-1 1.91164E-1 1.14718E-1 7.35313E-2 4.97555E-2 5.83971E-2 1.00836E-1 5.06679E-2 2.79395E-2 2.60916E-2 3.07115E-2 2.53137E-2 8.52583E-3 5.32865E-3 6.85005E-3 4.95825E-3 1.74526E-3 2.8887E-3 7.63831E-3 9.25693E-3 8.69483E-3 1.92874E-2 8.71466E-3 7.91168E-4 1.29531E-4 7.5598E-5 1.6434E-4 1.99256E-4 1.3229E-4 6.93998E-5 1.51162E-4 2.85429E-3 1.22423E-3 2.03759E-3 1.69462E-3 1.19282E-3 7.44217E-3 7.52294E-3 1.41968E-4 3.70746E-7 1.87153E-11 2.35098E-20 3.81344E-26 1.39216E-29 7.68862E-36 3.18095E-43 0E0 2.8026E-44 4.2039E-45 0E0 3.87813E-27 1.74609E-23 1.4013E-44 0E0 1.14906E-43 0E0 1.09568E-41
4.19861E-1 4.69713E-1 4.64697E-1 4.57195E-1 4.68417E-1 4.56528E-1 4.05892E-1 3.53301E-1 3.61943E-1 3.90904E-1 3.13307E-1 2.64531E-1 3.5183E-1 3.11423E-1 2.08209E-1 1.48166E-1 1.12596E-1 7.77781E-2 6.26927E-2 8.14249E-2 6.19603E-2 4.98798E-2 5.6337E-2 7.44913E-2 8.40237E-2 3.8995E-2 1.75223E-2 1.86626E-2 1.74306E-2 1.09984E-2 1.51606E-2 2.47434E-2 1.8123E-2 1.59326E-2 2.44721E-2 1.48509E-2 6.13261E-3 5.66559E-3 4.13332E-3 1.13594E-2 1.30106E-2 5.68321E-3 2.19228E-3 6.97866E-4 2.21902E-4 1.35638E-4 3.27228E-5 1.72065E-7 3.34354E-11 1.22221E-9 2.91248E-8 6.87518E-12 2.03053E-16 1.16929E-17 1.30621E-18 2.72648E-22 1.04397E-34 1.48007E-40 9.31863E-43 7.84727E-44 0E0 0E0 0E0 0E0 0E0 0E0 0E0 0E0 0E0 1.4013E-45
4.77501E-1 4.79918E-1 4.94015E-1 4.9607E-1 4.9607E-1 4.97429E-1 4.82789E-1 4.74233E-1 4.72065E-1 4.46477E-1 3.92995E-1 3.65698E-1 3.60511E-1 3.02781E-1 2.2594E-1 2.06625E-1 1.82119E-1 1.25407E-1 7.10677E-2 8.22032E-2 1.01726E-1 1.19473E-1 1.24206E-1 1.11331E-1 9.94868E-2 6.14828E-2 3.63846E-2 3.42067E-2 3.16992E-2 3.86283E-2 6.19603E-2 8.24024E-2 7.13362E-2 4.53726E-2 4.42771E-2 4.00239E-2 2.7321E-2 4.40827E-3 2.59079E-3 1.44315E-2 3.65098E-2 2.7267E-2 3.41636E-2 2.5827E-2 2.00045E-3 4.26395E-4 6.97331E-5 2.29463E-6 2.10461E-8 2.82093E-10 2.38602E-13 6.38198E-18 2.36979E-19 8.9197E-18 6.66272E-17 5.3702E-17 6.01814E-26 9.56237E-35 3.17075E-38 5.37679E-37 7.60388E-35 1.957E-38 0E0 0E0 0E0 0E0 0E0 1.86373E-43 1.53121E-40 1.86438E-38
5.08127E-1 4.90373E-1 4.91242E-1 4.89847E-1 4.89182E-1 5.2087E-1 5.10697E-1 5.1199E-1 4.93332E-1 4.42276E-1 4.03036E-1 3.84789E-1 3.55456E-1 3.09797E-1 2.80083E-1 2.78318E-1 2.74861E-1 2.13028E-1 1.36433E-1 1.04759E-1 1.31403E-1 1.74743E-1 1.54928E-1 1.17978E-1 9.9031E-2 7.71729E-2 5.17249E-2 4.28591E-2 5.00457E-2 9.34058E-2 1.79181E-1 1.66137E-1 1.20737E-1 5.92592E-2 6.2119E-2 8.70136E-2 6.73889E-2 7.39821E-3 1.18574E-3 1.717E-2 8.59275E-2 9.4332E-2 8.02374E-2 1.05291E-1 8.11135E-2 2.48269E-2 2.14124E-3 2.05485E-4 6.85121E-6 9.83806E-8 2.59533E-10 1.6229E-13 1.0188E-15 6.84781E-16 1.53274E-15 1.46654E-16 6.01266E-21 4.61107E-27 1.05396E-30 3.7281E-30 1.12013E-28 1.02707E-30 1.46179E-38 2.66247E-44 3.64338E-44 1.86872E-40 5.82532E-37 1.24294E-34 6.09312E-33 4.24292E-31
4.95943E-1 4.46962E-1 4.32776E-1 4.37547E-1 4.35961E-1 4.69713E-1 4.66181E-1 4.39128E-1 3.77948E-1 3.44959E-1 3.55456E-1 3.74513E-1 3.58938E-1 3.30926E-1 3.25595E-1 3.20329E-1 2.97441E-1 2.59412E-1 2.03473E-1 1.15666E-1 9.22139E-2 1.53407E-1 1.45344E-1 8.80892E-2 9.56583E-2 9.36481E-2 5.02352E-2 4.37526E-2 9.09839E-2 1.90902E-1 2.3916E-1 1.67522E-1 1.16001E-1 6.19603E-2 7.36564E-2 1.06126E-1 1.54816E-1 1.77326E-1 5.13362E-2 4.15402E-2 7.38055E-2 9.97605E-2 9.07369E-2 1.33636E-1 1.25136E-1 6.65758E-2 1.55216E-2 3.03052E-3 3.83931E-4 4.06304E-5 7.44475E-7 1.25816E-9 1.90227E-12 7.7849E-14 4.30891E-14 5.07285E-15 2.35029E-17 2.50892E-20 1.15041E-22 6.28741E-24 1.30071E-25 1.15516E-28 2.19419E-32 5.5073E-35 3.20145E-33 7.38983E-30 4.91875E-28 5.51142E-27 2.03303E-26 4.88298E-25
4.26755E-1 3.76321E-1 3.62457E-1 3.95116E-1 4.34671E-1 4.44179E-1 4.13524E-1 3.50224E-1 2.26985E-1 2.05919E-1 3.11453E-1 3.72869E-1 3.69407E-1 3.48471E-1 3.60677E-1 3.41363E-1 2.97526E-1 2.5768E-1 2.162E-1 1.53407E-1 1.30975E-1 1.89375E-1 1.68329E-1 7.18333E-2 9.97689E-2 9.33046E-2 2.51618E-2 3.58192E-2 1.40492E-1 3.71067E-1 3.79431E-1 1.83322E-1 1.26302E-1 1.22881E-1 1.42881E-1 1.57756E-1 2.27488E-1 3.13787E-1 1.49616E-1 8.32297E-2 6.64549E-2 8.88884E-2 1.97006E-1 2.01338E-1 1.33841E-1 7.05485E-2 3.20629E-2 1.35638E-2 4.05266E-3 8.65886E-4 7.95134E-5 7.55024E-7 2.97643E-9 3.25614E-11 1.05632E-11 2.54111E-12 1.15304E-13 5.27983E-15 2.08185E-16 4.36134E-18 2.58463E-20 7.5888E-23 2.64989E-25 2.06402E-26 4.11439E-25 1.76523E-22 2.31624E-21 1.16068E-21 4.11527E-23 3.33578E-26
3.41296E-1 3.18515E-1 3.37922E-1 4.34671E-1 5.17262E-1 5.01854E-1 4.2838E-1 3.98527E-1 3.00618E-1 2.51824E-1 3.44822E-1 3.76321E-1 3.51977E-1 3.57225E-1 3.69407E-1 3.5022E-1 2.85301E-1 2.39087E-1 2.37417E-1 2.3575E-1 2.29124E-1 2.62694E-1 2.45642E-1 1.57014E-1 1.32802E-1 7.74426E-2 2.90915E-2 5.03229E-2 1.50709E-1 4.01859E-1 4.0521E-1 2.05919E-1 1.64036E-1 1.74144E-1 1.89375E-1 1.86518E-1 2.09797E-1 2.2107E-1 1.92692E-1 1.59067E-1 9.84547E-2 1.12596E-1 2.0039E-1 2.72432E-1 1.91084E-1 9.57298E-2 4.82332E-2 3.20242E-2 1.37389E-2 2.8162E-3 4.02638E-4 3.70115E-5 1.67365E-6 7.41556E-8 1.04261E-8 2.24825E-9 4.87241E-10 1.37756E-10 1.72358E-11 2.89698E-13 2.30042E-15 2.03528E-17 2.09594E-19 1.35931E-20 2.24625E-20 3.67987E-19 2.93245E-19 4.59219E-21 4.42272E-25 2.81138E-25
3.11226E-1 3.09456E-1 3.48344E-1 4.64177E-1 5.68591E-1 5.86344E-1 5.6897E-1 5.51192E-1 5.41952E-1 4.36367E-1 4.06871E-1 4.21836E-1 3.7628E-1 3.79734E-1 3.84907E-1 3.41465E-1 2.81748E-1 2.44118E-1 2.50874E-1 2.78347E-1 2.88734E-1 2.86985E-1 2.50473E-1 2.33619E-1 1.8987E-1 1.08687E-1 7.03673E-2 8.66624E-2 1.86298E-1 3.28623E-1 3.35714E-1 2.33237E-1 2.20019E-1 2.34908E-1 2.42001E-1 2.48772E-1 2.11028E-1 2.38912E-1 2.5768E-1 2.611E-1 1.90902E-1 7.56944E-2 1.10018E-1 2.81782E-1 2.05105E-1 1.10362E-1 6.19603E-2 3.63977E-2 1.56621E-2 4.52634E-3 1.36756E-3 6.79903E-4 1.83852E-4 2.01622E-5 2.8948E-6 6.79115E-7 2.56991E-7 1.84606E-7 4.88767E-8 4.77863E-10 5.15878E-12 1.34605E-13 2.09193E-15 5.30466E-17 7.59146E-18 9.76269E-19 7.36651E-23 3.05379E-29 1.27211E-33 1.57266E-28
3.95116E-1 3.51977E-1 3.57225E-1 4.31464E-1 5.485E-1 6.1148E-1 6.08114E-1 5.50305E-1 5.1045E-1 4.5692E-1 4.55368E-1 5.07578E-1 4.63077E-1 4.34834E-1 4.3E-1 3.65936E-1 2.86985E-1 2.5926E-1 2.69696E-1 3.08042E-1 3.23887E-1 3.1675E-1 2.52177E-1 2.07096E-1 1.91408E-1 1.43491E-1 1.30619E-1 1.42919E-1 2.42282E-1 3.44174E-1 3.56542E-1 2.87381E-1 2.71577E-1 2.93179E-1 3.42793E-1 3.41025E-1 2.60406E-1 3.21847E-1 4.13609E-1 3.60715E-1 2.60744E-1 1.29426E-1 1.31546E-1 2.11028E-1 1.84827E-1 1.18894E-1 6.22141E-2 3.34368E-2 1.74983E-2 1.00659E-2 7.76097E-3 5.89909E-3 3.16609E-3 5.17431E-4 9.01996E-5 2.51546E-5 1.14523E-5 2.07908E-6 1.01013E-7 6.79268E-9 3.38098E-10 1.61432E-11 4.89559E-13 1.18497E-14 2.9414E-16 1.7142E-18 1.05367E-25 7.00649E-45 0E0 2.27893E-41
5.17262E-1 4.45748E-1 4.29574E-1 4.57724E-1 5.16617E-1 5.81833E-1 5.48544E-1 4.19734E-1 3.32994E-1 4.23331E-1 4.82483E-1 4.93954E-1 4.50684E-1 4.34861E-1 4.2348E-1 3.81457E-1 3.23813E-1 2.93988E-1 3.22126E-1 3.43218E-1 3.30872E-1 3.14984E-1 2.77768E-1 2.33237E-1 2.06591E-1 2.04997E-1 2.33851E-1 2.65699E-1 2.88528E-1 3.52525E-1 4.04635E-1 3.24087E-1 2.90297E-1 2.77948E-1 3.18741E-1 3.54779E-1 3.75809E-1 3.96491E-1 4.5225E-1 3.93322E-1 2.82613E-1 2.65153E-1 3.12995E-1 2.45015E-1 1.7778E-1 9.43047E-2 4.66099E-2 4.07161E-2 2.70333E-2 1.32546E-2 7.61109E-3 1.01031E-2 8.64105E-3 2.45272E-3 4.52654E-4 1.3732E-4 1.35973E-4 1.90347E-5 3.79702E-7 2.83209E-8 4.00423E-9 3.69481E-10 2.1082E-11 6.4982E-13 1.07724E-14 4.40104E-18 9.99585E-23 8.14637E-33 0E0 0E0
4.34371E-1 3.83083E-1 3.73957E-1 3.99265E-1 4.36515E-1 5.09397E-1 4.428E-1 3.12193E-1 2.72685E-1 4.32883E-1 4.61543E-1 3.14428E-1 3.60408E-1 3.77843E-1 3.53617E-1 3.53617E-1 3.65936E-1 3.88322E-1 3.53728E-1 3.43201E-1 3.28926E-1 2.95325E-1 3.00618E-1 3.12654E-1 2.53079E-1 2.9268E-1 3.21085E-1 3.08053E-1 2.87797E-1 3.21627E-1 3.81795E-1 3.58991E-1 3.00225E-1 2.77205E-1 3.23412E-1 3.78312E-1 3.95618E-1 4.10926E-1 4.21392E-1 3.54294E-1 2.57026E-1 3.06273E-1 4.27984E-1 3.06862E-1 1.62253E-1 6.14509E-2 2.96824E-2 6.95596E-2 5.95174E-2 1.88133E-2 4.58293E-3 1.11429E-2 1.23311E-2 5.09907E-3 1.11304E-3 3.06242E-4 2.13808E-4 3.12879E-5 7.70556E-7 1.27306E-7 3.51324E-8 5.50576E-9 5.17243E-10 2.71583E-11 6.33045E-13 3.24883E-15 1.85771E-18 1.18341E-21 2.30847E-24 1.4242E-27
3.18574E-1 2.4918E-1 1.85111E-1 2.30558E-1 3.2861E-1 3.81137E-1 2.92076E-1 2.0819E-1 2.47386E-1 3.62457E-1 3.65386E-1 3.11552E-1 3.58779E-1 3.4497E-1 3.09456E-1 3.07688E-1 3.79734E-1 4.70154E-1 4.50062E-1 3.72791E-1 3.27407E-1 2.79816E-1 2.3157E-1 1.89357E-1 2.63419E-1 3.58303E-1 3.8407E-1 3.13395E-1 3.35902E-1 3.26982E-1 3.04746E-1 2.94056E-1 2.74592E-1 2.91328E-1 3.4761E-1 3.60035E-1 3.51167E-1 4.06948E-1 4.50172E-1 3.32336E-1 2.64944E-1 2.86027E-1 3.10917E-1 2.25635E-1 1.49344E-1 1.05514E-1 7.24496E-2 1.08687E-1 9.62089E-2 3.77522E-2 1.21455E-2 1.06419E-2 1.10434E-2 6.70385E-3 2.78726E-3 8.55813E-4 3.3928E-4 6.64243E-5 7.30119E-6 1.57808E-6 4.09451E-7 6.89643E-8 9.61869E-9 8.21047E-10 3.87162E-11 1.11216E-12 8.67311E-15 4.95422E-17 3.7214E-19 2.1595E-21
2.59389E-1 1.97231E-1 1.42983E-1 1.41687E-1 2.3416E-1 3.01029E-1 1.67528E-1 9.43047E-2 1.56301E-1 2.30258E-1 2.52323E-1 2.60662E-1 2.86729E-1 2.64235E-1 2.38912E-1 2.40798E-1 3.05133E-1 4.20105E-1 4.29574E-1 3.88192E-1 3.34159E-1 2.84815E-1 2.48755E-1 2.48755E-1 3.27629E-1 4.59616E-1 5.67501E-1 4.63761E-1 2.94449E-1 2.45951E-1 2.1259E-1 2.09154E-1 2.50977E-1 3.00236E-1 3.02021E-1 2.40702E-1 2.28891E-1 3.02961E-1 3.26982E-1 3.00225E-1 3.09133E-1 3.15177E-1 2.63419E-1 1.86548E-1 1.59887E-1 1.86812E-1 1.92179E-1 1.94927E-1 1.45109E-1 6.69393E-2 1.11429E-2 4.79558E-3 4.50897E-3 4.67853E-3 3.81733E-3 1.72426E-3 6.47031E-4 2.18168E-4 6.277E-5 2.05754E-5 4.07888E-6 5.71179E-7 1.00804E-7 1.35222E-8 1.33832E-9 9.05864E-11 1.3855E-12 1.28898E-14 8.99074E-17 2.36066E-19
2.17773E-1 1.95763E-1 1.37863E-1 1.24284E-1 1.71836E-1 1.89375E-1 1.05007E-1 7.44387E-2 1.05778E-1 1.7379E-1 1.99797E-1 2.03388E-1 2.00281E-1 1.64724E-1 1.34059E-1 1.61444E-1 2.27168E-1 2.92613E-1 3.1203E-1 3.4584E-1 3.3165E-1 2.90787E-1 2.64656E-1 2.67376E-1 3.16709E-1 4.24005E-1 4.87489E-1 3.76224E-1 2.75775E-1 2.00489E-1 1.55119E-1 1.4479E-1 2.26518E-1 2.81644E-1 2.86954E-1 1.91097E-1 1.71464E-1 2.20764E-1 2.22413E-1 2.50805E-1 3.51977E-1 3.22084E-1 2.39087E-1 1.70775E-1 1.40863E-1 1.80523E-1 2.29221E-1 1.86337E-1 1.23887E-1 4.11984E-2 2.70732E-3 1.48086E-3 4.64331E-3 4.23232E-3 3.50606E-3 2.47067E-3 1.20309E-3 5.47514E-4 2.29541E-4 8.81207E-5 1.72158E-5 2.42483E-6 4.28806E-7 9.00024E-8 1.3933E-8 1.00482E-9 3.0434E-11 7.69614E-13 1.43604E-14 3.67114E-17
2.162E-1 1.76206E-1 1.02928E-1 9.57083E-2 1.12693E-1 1.11503E-1 8.77841E-2 8.51605E-2 1.05053E-1 1.81943E-1 1.64724E-1 1.37819E-1 1.21825E-1 9.17098E-2 8.33428E-2 1.09303E-1 1.55316E-1 2.11567E-1 2.71646E-1 3.30398E-1 3.28677E-1 2.93569E-1 2.63921E-1 2.50429E-1 2.64014E-1 2.9696E-1 2.92258E-1 2.28607E-1 2.04525E-1 2.12632E-1 1.60712E-1 7.7999E-2 1.18491E-1 1.99184E-1 2.93115E-1 2.44244E-1 2.09355E-1 2.18936E-1 2.09107E-1 2.3251E-1 2.86541E-1 2.97526E-1 1.79131E-1 1.10362E-1 7.03867E-2 8.41429E-2 1.05985E-1 9.44008E-2 4.73452E-2 6.52492E-3 2.50878E-4 1.43281E-4 1.95754E-3 3.0469E-3 2.64729E-3 2.97115E-3 1.7879E-3 8.8001E-4 3.85941E-4 1.10436E-4 2.4091E-5 5.32419E-6 1.21944E-6 3.09447E-7 5.69768E-8 4.26013E-9 1.95414E-10 1.03347E-11 3.03375E-13 2.40189E-15
1.15862E-1 7.97304E-2 4.05371E-2 5.0689E-2 7.03838E-2 1.17232E-1 1.27895E-1 1.27896E-1 1.28925E-1 1.38347E-1 1.7236E-1 1.40398E-1 8.98439E-2 5.18502E-2 5.52028E-2 8.24393E-2 1.16084E-1 1.60525E-1 2.40097E-1 3.13787E-1 2.91919E-1 2.65741E-1 2.44052E-1 2.3076E-1 2.29221E-1 2.37472E-1 2.39133E-1 2.37472E-1 2.32241E-1 2.12632E-1 1.41406E-1 7.63104E-2 8.64439E-2 1.4666E-1 1.86812E-1 1.75256E-1 1.92179E-1 2.06516E-1 1.86166E-1 1.90661E-1 1.96731E-1 1.74426E-1 1.25426E-1 7.54666E-2 4.74681E-2 4.21238E-2 4.0016E-2 3.97566E-2 2.56101E-2 2.89421E-3 9.96172E-5 4.67467E-5 6.5649E-4 1.79667E-3 2.44007E-3 3.17779E-3 2.0252E-3 9.75985E-4 3.97043E-4 8.76975E-5 1.92366E-5 6.07259E-6 2.04568E-6 4.90737E-7 8.26471E-8 8.87129E-9 5.81666E-10 3.40794E-11 2.32867E-12 8.43284E-14
