KUENM/Final_Models/M_0.1_F_lq_Set_2_NE/sp1_5.asc
ncols         197
nrows         210
xllcorner     56.1666666666667
yllcorner     4.5
cellsize      0.166666666666667
NODATA_value  -9999
[rows 87 to 115 of 210, columns 130 to 194 of 197]
2.193E-1 2.0298E-1 1.60279E-1 1.16785E-1 1.32614E-1 1.54576E-1 1.67045E-1 1.64928E-1 1.13322E-1 7.45418E-2 7.49788E-2 1.45823E-1 2.04614E-1 8.5419E-2 4.01184E-2 8.32204E-2 1.46313E-1 1.68689E-1 1.76661E-1 2.01264E-1 1.74905E-1 1.44744E-1 1.51717E-1 2.17052E-1 3.28732E-1 3.43897E-1 2.94967E-1 2.41129E-1 1.94803E-1 1.61906E-1 1.61906E-1 2.40714E-1 3.97413E-1 5.43529E-1 3.86591E-1 1.84531E-1 1.36682E-1 1.10819E-1 1.03765E-1 1.35095E-1 1.76327E-1 1.77911E-1 1.27088E-1 1.18133E-1 1.82366E-1 2.08493E-1 1.83363E-1 1.91574E-1 2.00769E-1 1.59331E-1 9.39809E-2 7.87537E-2 9.93384E-2 1.06507E-1 1.07071E-1 7.34082E-2 2.71621E-2 3.05368E-3 1.07664E-3 9.83008E-4 1.0066E-3 7.86795E-4 3.01547E-4 9.29287E-5 2.53193E-5
2.10373E-1 1.57305E-1 8.82335E-2 4.35931E-2 5.54233E-2 8.21463E-2 1.18468E-1 1.32984E-1 1.13429E-1 7.16511E-2 6.28906E-2 9.47333E-2 1.05769E-1 4.98524E-2 3.29631E-2 5.19878E-2 1.00858E-1 1.20849E-1 1.21984E-1 1.19399E-1 9.12091E-2 6.95987E-2 9.07248E-2 1.462E-1 2.10281E-1 2.31877E-1 2.62424E-1 2.43045E-1 2.04E-1 1.79462E-1 1.83176E-1 2.33651E-1 3.58395E-1 4.44386E-1 3.04892E-1 1.93167E-1 1.22816E-1 7.12949E-2 6.34777E-2 1.18899E-1 1.63525E-1 1.68135E-1 9.33102E-2 8.01603E-2 1.16957E-1 1.18211E-1 1.45911E-1 2.51556E-1 2.25934E-1 1.46786E-1 8.46971E-2 6.95376E-2 1.00229E-1 1.39938E-1 1.03422E-1 6.01066E-2 1.48064E-2 5.45345E-4 2.60576E-4 9.85236E-4 8.6882E-4 6.91827E-4 4.53344E-4 1.93224E-4 7.51555E-5
2.30723E-1 1.49805E-1 7.36786E-2 3.23758E-2 2.83715E-2 4.12818E-2 7.55178E-2 1.2886E-1 9.80616E-2 4.93507E-2 4.51429E-2 5.5629E-2 5.5207E-2 4.07075E-2 3.87549E-2 5.03159E-2 1.05413E-1 9.12091E-2 7.09337E-2 6.01244E-2 4.17271E-2 3.7438E-2 5.377E-2 8.6896E-2 1.3332E-1 1.88294E-1 2.4548E-1 2.43619E-1 2.08206E-1 1.76147E-1 1.63456E-1 1.79904E-1 2.15913E-1 2.11287E-1 1.49069E-1 1.26787E-1 1.22713E-1 7.78854E-2 2.96743E-2 5.24741E-2 1.08656E-1 1.76922E-1 1.35306E-1 1.08425E-1 1.20042E-1 1.18153E-1 1.44371E-1 1.96508E-1 2.01149E-1 1.02319E-1 5.27235E-2 2.95916E-2 3.72913E-2 4.99748E-2 4.24463E-2 1.76518E-2 1.553E-3 3.13875E-5 1.53308E-5 3.42418E-4 5.66353E-4 4.7794E-4 5.58158E-4 3.07008E-4 1.30971E-4
2.3255E-1 1.68623E-1 7.92214E-2 3.10006E-2 2.40818E-2 2.8401E-2 4.73767E-2 5.56314E-2 3.50752E-2 1.51377E-2 2.01465E-2 3.06634E-2 5.76826E-2 6.47852E-2 6.53448E-2 6.69736E-2 7.47909E-2 9.9723E-2 7.4061E-2 4.09763E-2 2.01862E-2 2.21746E-2 3.69111E-2 5.69328E-2 8.80513E-2 1.55209E-1 2.26044E-1 2.08735E-1 1.83224E-1 1.60915E-1 1.44277E-1 1.41493E-1 1.48753E-1 1.50231E-1 1.48753E-1 1.39024E-1 1.22713E-1 7.1802E-2 3.13589E-2 3.73727E-2 7.11942E-2 9.93384E-2 9.23564E-2 1.06507E-1 1.24605E-1 1.09593E-1 1.13264E-1 1.18284E-1 1.00204E-1 6.41434E-2 3.29142E-2 1.78874E-2 1.50584E-2 1.41147E-2 1.42985E-2 7.97693E-3 5.63028E-4 1.01487E-5 3.93775E-6 8.94103E-5 2.94511E-4 4.25872E-4 5.85816E-4 3.46026E-4 1.46144E-4
2.3762E-1 1.57606E-1 6.49878E-2 3.01273E-2 1.78874E-2 1.69842E-2 2.02736E-2 1.26218E-2 3.22972E-3 3.56171E-3 1.8557E-2 4.67025E-2 6.3964E-2 7.1834E-2 7.88909E-2 6.88778E-2 5.85305E-2 7.58322E-2 5.74194E-2 3.57662E-2 2.60056E-2 2.74805E-2 3.63903E-2 4.54456E-2 6.89066E-2 1.12698E-1 1.64194E-1 1.59239E-1 1.32908E-1 1.25435E-1 1.13264E-1 1.05413E-1 1.01403E-1 8.16444E-2 8.02109E-2 8.31387E-2 7.71086E-2 3.94577E-2 2.33971E-2 3.03438E-2 3.94577E-2 3.84571E-2 2.7944E-2 4.54456E-2 6.23857E-2 5.85001E-2 7.67644E-2 8.97867E-2 7.92444E-2 4.86444E-2 3.09231E-2 1.87518E-2 1.29952E-2 1.11148E-2 8.26536E-3 5.50039E-3 8.47122E-4 7.63643E-5 4.07376E-5 1.24235E-4 2.46887E-4 4.69147E-4 5.92203E-4 3.47118E-4 1.18124E-4
1.70057E-1 9.77112E-2 3.6325E-2 1.91104E-2 1.29661E-2 1.4532E-2 1.24926E-2 1.04052E-2 5.38263E-3 1.03029E-2 2.33431E-2 4.36062E-2 4.01449E-2 6.15929E-2 8.17924E-2 7.25269E-2 5.19407E-2 5.11882E-2 4.33156E-2 3.76633E-2 3.7438E-2 4.48729E-2 4.15595E-2 4.07442E-2 5.59369E-2 7.16214E-2 9.0775E-2 1.00841E-1 1.06004E-1 9.3359E-2 7.71534E-2 6.14804E-2 5.89604E-2 4.83177E-2 4.27271E-2 4.39172E-2 4.73767E-2 5.49025E-2 6.8316E-2 4.53313E-2 3.24412E-2 1.92402E-2 1.63057E-2 1.69792E-2 1.11049E-2 8.86738E-3 1.72465E-2 3.74271E-2 4.4824E-2 2.29897E-2 1.73199E-2 1.75962E-2 1.08311E-2 8.42583E-3 5.57324E-3 3.08306E-3 1.14251E-3 4.35105E-4 3.11306E-4 2.43491E-4 1.32679E-4 1.86362E-4 4.7706E-4 3.74001E-4 1.13307E-4
5.61573E-2 3.38123E-2 1.62988E-2 9.63041E-3 9.28538E-3 1.04052E-2 1.20874E-2 2.1291E-2 1.88133E-2 7.97942E-3 2.43701E-2 4.33156E-2 3.43691E-2 3.96264E-2 4.99504E-2 4.59564E-2 3.98573E-2 3.15122E-2 2.84357E-2 3.10562E-2 3.98573E-2 4.78651E-2 4.05987E-2 3.14838E-2 3.18124E-2 3.11883E-2 4.85964E-2 4.2093E-2 5.93815E-2 5.00188E-2 3.69424E-2 2.92804E-2 2.72621E-2 2.16538E-2 2.03703E-2 1.97536E-2 2.80392E-2 5.78573E-2 7.4061E-2 3.15229E-2 2.04671E-2 1.47323E-2 1.65751E-2 1.79997E-2 7.0558E-3 4.54937E-3 7.55638E-3 1.88131E-2 2.0325E-2 8.69537E-3 6.36484E-3 1.02702E-2 8.94717E-3 6.83808E-3 3.7135E-3 2.36609E-3 1.55521E-3 1.18447E-3 1.09288E-3 7.4123E-4 2.05183E-4 1.75399E-4 3.53243E-4 2.96795E-4 1.2275E-4
2.51735E-2 1.45645E-2 8.40233E-3 5.57848E-3 5.88442E-3 6.73435E-3 1.02318E-2 2.26576E-2 2.00263E-2 6.23277E-3 2.96658E-2 2.80177E-2 1.74988E-2 1.45925E-2 1.92313E-2 1.83093E-2 1.51377E-2 1.19179E-2 1.09529E-2 1.92313E-2 3.36149E-2 3.49054E-2 3.15665E-2 2.34778E-2 1.80704E-2 1.67212E-2 1.85705E-2 1.45268E-2 1.54659E-2 2.10992E-2 1.69576E-2 1.35276E-2 1.08941E-2 8.86738E-3 1.02363E-2 9.69808E-3 1.40195E-2 1.74663E-2 1.20946E-2 1.40055E-2 1.77863E-2 1.33837E-2 1.44656E-2 1.37807E-2 1.16662E-2 1.33689E-2 1.33975E-2 1.01385E-2 1.09309E-2 9.00913E-3 1.66213E-2 1.07137E-2 9.23924E-3 7.53883E-3 2.39551E-3 2.26208E-3 2.40369E-3 1.80097E-3 2.35833E-3 2.49682E-3 7.76353E-4 4.5975E-4 4.50055E-4 3.30983E-4 1.42078E-4
1.34275E-2 7.95901E-3 4.74546E-3 3.48935E-3 3.35221E-3 4.93885E-3 8.67314E-3 9.63041E-3 1.08068E-2 1.27876E-2 1.69842E-2 1.20946E-2 1.09175E-2 9.22986E-3 7.54495E-3 5.04521E-3 4.29057E-3 3.18642E-3 4.36914E-3 1.25128E-2 3.05206E-2 3.29468E-2 2.37098E-2 1.52077E-2 9.57789E-3 5.73973E-3 5.18046E-3 4.59052E-3 3.85303E-3 6.58533E-3 5.38773E-3 4.4317E-3 3.55546E-3 2.88161E-3 2.98915E-3 3.90666E-3 3.07559E-3 2.1009E-3 1.11458E-3 1.3792E-3 5.64289E-3 9.574E-3 6.37736E-3 3.66325E-3 3.18031E-3 2.36501E-3 2.04228E-3 1.36199E-3 2.25908E-3 5.20426E-3 8.3432E-3 1.14847E-2 1.39644E-2 1.31033E-2 5.90541E-3 4.28153E-3 5.90541E-3 1.66577E-3 1.14288E-3 1.28866E-3 1.09781E-3 8.78132E-4 7.76353E-4 4.5975E-4 2.08425E-4
9.80206E-3 6.65838E-3 4.30806E-3 3.65247E-3 2.9568E-3 4.46764E-3 6.89586E-3 8.67314E-3 1.19412E-2 1.46147E-2 1.09683E-2 8.09832E-3 6.27571E-3 4.10554E-3 2.79468E-3 1.54927E-3 1.08263E-3 8.05158E-4 2.86235E-3 1.13223E-2 3.15665E-2 3.84954E-2 2.27776E-2 1.22197E-2 7.88019E-3 5.95121E-3 3.13164E-3 2.29495E-3 1.83955E-3 2.59013E-3 2.29984E-3 1.82825E-3 1.31807E-3 1.02279E-3 8.37876E-4 1.20949E-3 7.902E-4 1.3526E-3 7.8118E-4 9.09727E-4 4.16766E-3 7.21103E-3 1.91151E-3 7.17853E-4 5.95071E-4 2.5159E-4 5.36923E-4 1.44473E-3 2.12082E-3 2.60131E-3 3.16307E-3 4.27847E-3 1.04052E-2 1.74448E-2 1.00632E-2 6.22655E-3 3.37223E-2 3.83817E-3 1.36787E-3 1.23825E-3 1.09781E-3 1.31457E-3 1.63348E-3 9.5277E-4 4.31239E-4
7.97942E-3 4.8533E-3 5.62161E-3 1.19983E-2 1.09821E-2 9.31613E-3 1.03029E-2 1.03412E-2 1.19985E-2 1.60657E-2 1.87016E-2 1.17225E-2 2.62648E-3 1.54827E-3 7.31042E-4 3.1073E-4 2.01541E-4 2.57035E-4 6.47956E-4 3.70348E-3 1.3791E-2 2.76676E-2 1.66995E-2 9.27639E-3 6.43818E-3 6.21737E-3 5.32206E-3 2.29984E-3 1.16984E-3 1.12696E-3 1.10459E-3 7.16155E-4 4.04652E-4 3.07888E-4 3.27134E-4 4.67344E-4 6.8183E-4 8.75472E-4 7.82068E-4 5.2838E-4 9.96304E-4 1.4777E-3 5.22443E-4 1.70628E-4 2.40241E-4 2.47216E-4 2.89376E-3 5.73384E-3 2.06831E-3 9.83008E-4 1.51309E-3 2.18469E-3 5.90541E-3 1.61232E-2 1.99919E-2 7.02133E-3 2.06147E-2 1.63802E-2 5.90675E-3 2.26998E-3 1.14288E-3 1.14288E-3 3.07129E-3 3.37063E-3 1.87232E-3
4.60701E-3 3.73801E-3 4.93111E-3 9.80468E-3 1.44766E-2 1.8534E-2 2.06694E-2 2.22898E-2 2.22405E-2 2.83801E-2 2.24867E-2 1.03844E-2 3.97714E-3 1.48956E-3 3.73342E-4 7.16689E-5 6.7707E-5 1.45933E-4 3.87096E-4 6.0206E-4 2.1427E-3 4.28452E-3 4.27548E-3 4.95698E-3 4.78207E-3 6.3537E-3 8.08663E-3 3.47896E-3 1.45714E-3 7.78556E-4 5.61222E-4 3.07494E-4 1.31872E-4 8.67832E-5 9.70455E-5 1.52816E-4 2.57488E-4 3.57229E-4 2.99969E-4 2.12772E-4 1.3107E-4 2.07212E-4 2.95236E-4 3.36255E-4 4.6197E-4 8.45288E-4 4.04268E-3 4.0223E-3 1.39526E-3 7.26037E-4 1.31676E-3 3.37063E-3 4.85764E-3 1.02264E-2 1.60716E-2 7.39443E-3 9.70273E-3 2.47155E-2 1.50831E-2 6.91361E-3 2.14317E-3 5.33313E-4 6.05021E-4 1.45158E-3 2.77911E-4
2.82453E-3 2.17164E-3 2.55355E-3 5.43569E-3 1.22983E-2 2.37262E-2 2.94383E-2 3.27569E-2 3.58473E-2 3.57321E-2 2.67267E-2 1.18772E-2 5.23028E-3 1.16984E-3 2.24042E-4 5.96289E-5 7.43472E-5 1.27607E-4 3.86962E-4 1.06993E-3 1.89451E-3 1.33767E-3 2.82278E-4 5.47904E-4 1.404E-3 5.2341E-3 1.25217E-2 5.2293E-3 1.75982E-3 6.37729E-4 2.95212E-4 1.46747E-4 6.79443E-5 3.44788E-5 3.13194E-5 3.79506E-5 5.96289E-5 1.09752E-4 8.87932E-5 3.28717E-5 1.60532E-5 4.28955E-5 2.16925E-4 6.03349E-4 6.49552E-4 8.28121E-4 1.22276E-3 8.89704E-4 7.03075E-4 6.05021E-4 1.14251E-3 2.57147E-3 2.95855E-3 5.21772E-3 5.67368E-3 4.03835E-3 5.67368E-3 1.10339E-2 1.28423E-2 1.20319E-2 2.4536E-3 2.09809E-4 1.06214E-4 3.32991E-4 2.83575E-5
2.86055E-3 1.26518E-3 1.02394E-3 2.75358E-3 6.68342E-3 1.25791E-2 1.62228E-2 2.60056E-2 2.76276E-2 4.05987E-2 3.51506E-2 1.64555E-2 5.12098E-3 1.08263E-3 2.59153E-4 9.82157E-5 1.00651E-4 1.72697E-4 3.63229E-4 8.88539E-4 1.36488E-3 2.11899E-3 6.5848E-4 1.71054E-4 4.74124E-4 2.80858E-3 8.47713E-3 3.90923E-3 1.25724E-3 4.61402E-4 2.01223E-4 8.54506E-5 5.27253E-5 2.86871E-5 2.16094E-5 3.21723E-5 3.49614E-5 8.55308E-5 1.00609E-4 4.55617E-5 1.76957E-5 3.71008E-5 3.22014E-4 1.07664E-3 1.1281E-3 6.42447E-4 7.32947E-4 9.33574E-4 1.29179E-3 1.60517E-3 2.36207E-3 2.79657E-3 2.10861E-3 2.02294E-3 2.10173E-3 1.69966E-3 2.06184E-3 3.42533E-3 4.03835E-3 2.23026E-3 2.06168E-4 6.22862E-6 4.56145E-7 5.91002E-6 8.87717E-6
3.08306E-3 1.00552E-3 3.65706E-4 2.24059E-4 3.04843E-3 8.08663E-3 2.62368E-3 1.63057E-2 2.20485E-2 3.15408E-2 3.98502E-2 1.63177E-2 4.3581E-3 9.21525E-4 1.89583E-4 9.76784E-5 7.58498E-5 1.54373E-4 4.6675E-4 1.4289E-3 1.50059E-3 1.02192E-3 7.17578E-4 8.96684E-4 1.47159E-3 1.97042E-3 1.67319E-3 1.09866E-3 2.58077E-4 2.06967E-4 1.34768E-4 1.14407E-4 8.45617E-5 6.24874E-5 6.10198E-5 9.22118E-5 2.36529E-4 6.93757E-4 4.26458E-4 1.08988E-4 4.60358E-5 9.74857E-5 5.61153E-4 1.04726E-3 1.02619E-3 8.53597E-4 7.03075E-4 1.52859E-3 2.49682E-3 4.19055E-3 6.9011E-3 3.43362E-3 2.23067E-3 1.34416E-3 1.18853E-3 8.11904E-4 5.46407E-4 8.78715E-4 1.26159E-3 3.14233E-4 1.19933E-5 4.56145E-7 4.5792E-8 1.06077E-7 -9999
1.03955E-2 3.84074E-3 2.91103E-4 6.19862E-8 6.75925E-4 6.73401E-5 2.55914E-4 1.10547E-2 2.50087E-2 2.92061E-2 2.53095E-2 1.20574E-2 3.05368E-3 5.11778E-4 1.37874E-4 6.25722E-5 5.73569E-5 1.45657E-4 5.81421E-4 1.57912E-3 3.89231E-3 5.49751E-3 5.42426E-3 3.10618E-3 2.24916E-3 2.48332E-3 1.32353E-3 3.74229E-4 5.03391E-5 7.31401E-5 1.19463E-4 1.31314E-4 1.42518E-4 1.14529E-4 1.02123E-4 1.88927E-4 3.94035E-4 6.51663E-4 3.82759E-4 1.65005E-4 1.06801E-4 1.43979E-4 2.9442E-4 4.03816E-4 5.61632E-4 8.37088E-4 6.79714E-4 9.32515E-4 1.1771E-3 1.73635E-3 1.62805E-3 2.04363E-3 1.87602E-3 1.34307E-3 9.17592E-4 3.72948E-4 9.79521E-5 2.46827E-4 8.99129E-4 1.12258E-4 1.2946E-5 3.76577E-6 1.28428E-6 3.89615E-7 -9999
4.5304E-2 2.0658E-2 5.73108E-4 2.09574E-5 1.55908E-6 9.95225E-5 4.12532E-3 2.44195E-2 3.59051E-2 2.01252E-2 7.54495E-3 4.59444E-3 1.27282E-3 1.65164E-4 8.49533E-5 4.26772E-5 4.41437E-5 1.90622E-4 7.75914E-4 2.62368E-3 1.47688E-2 1.90362E-2 1.25818E-2 7.37089E-3 4.50628E-3 2.4536E-3 1.2421E-3 5.00527E-4 2.1165E-4 1.47854E-4 1.28348E-4 1.47801E-4 1.76634E-4 1.32679E-4 9.50206E-5 1.5022E-4 2.96988E-4 3.16885E-4 1.97591E-4 9.51925E-5 5.50365E-5 5.24688E-5 7.31401E-5 1.32505E-4 2.60576E-4 4.32682E-4 4.20858E-4 3.46462E-4 3.58783E-4 5.66353E-4 5.05852E-4 4.2678E-4 6.47078E-4 5.46407E-4 3.00495E-4 1.80956E-4 7.40929E-5 2.06841E-4 3.00864E-4 5.99001E-5 1.19933E-5 4.54327E-5 3.12859E-5 -9999 -9999
4.09856E-2 5.18981E-2 9.25789E-3 3.43903E-3 2.85954E-3 2.55175E-3 1.67156E-2 4.4208E-2 3.95936E-2 1.18972E-2 2.26777E-3 2.63326E-3 8.0263E-4 6.42874E-5 4.3084E-5 4.10094E-5 4.0664E-5 2.95498E-4 1.74645E-3 6.70021E-3 3.48224E-2 3.78777E-2 2.27146E-2 1.28788E-2 6.99524E-3 3.30125E-3 2.05407E-3 1.20651E-3 4.8731E-4 1.71883E-4 1.4418E-4 1.28222E-4 9.55518E-5 3.28876E-5 2.83575E-5 5.72555E-5 1.50515E-4 1.53173E-4 7.97216E-5 3.88054E-5 2.59354E-5 1.71341E-5 1.70418E-5 5.51972E-5 1.62169E-4 3.06094E-4 3.69762E-4 2.92727E-4 1.82352E-4 1.97165E-4 1.31608E-4 1.04287E-4 6.1181E-5 2.90636E-5 3.52188E-5 8.72147E-5 1.44495E-4 1.41259E-4 8.72147E-5 4.17283E-5 4.79827E-5 8.22459E-5 -9999 -9999 -9999
2.13266E-2 1.32318E-2 2.94935E-2 3.15408E-2 4.01821E-2 2.56426E-2 3.58886E-2 5.32692E-2 4.93507E-2 1.99054E-2 5.5781E-3 3.71837E-3 1.36199E-3 8.67154E-5 2.34823E-5 5.99548E-5 1.5154E-4 9.90176E-4 5.12098E-3 1.95677E-2 5.76263E-2 5.45997E-2 2.8648E-2 1.72974E-2 1.08766E-2 6.22393E-3 4.10493E-3 2.92479E-3 1.45932E-3 5.26176E-4 3.91993E-4 2.84257E-4 4.40222E-5 3.0283E-6 4.41297E-6 1.07394E-5 2.63433E-5 4.07328E-5 2.12576E-5 1.24023E-5 1.50529E-5 6.51645E-6 2.82826E-6 2.6606E-5 1.54373E-4 3.22341E-4 4.8885E-4 3.81893E-4 1.96298E-4 9.63337E-5 3.20772E-5 1.46517E-5 7.8486E-6 1.1284E-6 3.02529E-6 1.72652E-5 4.39632E-5 3.89275E-5 1.24322E-5 3.08999E-6 3.60272E-6 4.14432E-6 -9999 -9999 -9999
9.46516E-2 9.77095E-2 1.1762E-1 1.01034E-1 1.0779E-1 9.9544E-2 8.69665E-2 6.17266E-2 6.33487E-2 5.41171E-2 3.46966E-2 1.74285E-2 4.05108E-3 1.53963E-4 1.15972E-5 3.74882E-5 2.26431E-4 1.89946E-3 1.05054E-2 2.38926E-2 5.60432E-2 4.37378E-2 2.34966E-2 1.75645E-2 1.52561E-2 8.39206E-3 5.12172E-3 5.81771E-3 4.89892E-3 2.51297E-3 1.56479E-3 1.1007E-3 1.21146E-4 9.2762E-6 4.18336E-6 3.9683E-6 4.41297E-6 5.40429E-6 5.18052E-6 4.43204E-6 6.53742E-6 4.3612E-6 1.52111E-6 2.23575E-5 1.9283E-4 5.61222E-4 9.55328E-4 5.15551E-4 2.06207E-4 7.91331E-5 1.6708E-5 8.09554E-6 2.485E-6 7.0342E-7 1.19305E-6 5.03643E-6 1.27832E-5 1.48455E-5 4.39744E-6 2.60613E-7 1.75837E-7 -9999 -9999 -9999 -9999
2.37065E-1 2.01173E-1 2.0646E-1 1.88004E-1 1.40441E-1 1.11313E-1 1.13248E-1 9.39906E-2 7.9497E-2 6.06712E-2 4.57775E-2 3.50333E-2 6.08665E-3 4.06294E-4 2.05657E-5 1.5508E-6 4.53897E-5 1.89544E-3 1.27837E-2 2.88356E-2 3.60357E-2 2.60772E-2 1.44412E-2 1.14245E-2 9.06205E-3 4.65386E-3 3.45107E-3 5.85367E-3 6.06131E-3 3.26671E-3 1.70402E-3 9.2538E-4 2.8109E-4 6.18503E-5 1.59474E-5 4.03846E-6 1.07242E-6 1.05991E-6 2.1654E-6 3.40467E-6 6.37275E-6 8.24421E-6 8.15388E-6 3.94287E-5 2.82409E-4 6.45879E-4 8.43637E-4 6.4331E-4 1.80797E-4 6.07317E-5 1.94988E-5 8.5655E-6 1.96019E-6 8.52661E-7 9.58924E-7 2.95654E-6 7.62978E-6 1.01342E-5 6.66588E-6 1.1851E-6 -9999 -9999 -9999 -9999 -9999
3.12215E-1 3.20078E-1 2.38587E-1 1.83363E-1 1.48814E-1 1.26543E-1 1.35336E-1 1.31307E-1 6.83884E-2 2.662E-2 2.4943E-2 2.04809E-2 3.20631E-3 5.95338E-4 1.68373E-5 1.29677E-6 3.67308E-5 2.52294E-3 1.97884E-2 3.81122E-2 2.38513E-2 1.45382E-2 7.27032E-3 5.0408E-3 3.87583E-3 1.98896E-3 1.1984E-3 1.767E-3 1.97677E-3 1.20651E-3 6.98466E-4 5.0824E-4 4.503E-4 2.89733E-4 5.03281E-5 5.74952E-6 7.26127E-7 5.85628E-7 1.81493E-6 8.37703E-6 9.04359E-6 1.2946E-5 2.51181E-5 6.9056E-5 2.3619E-4 5.49064E-4 6.632E-4 4.1748E-4 1.22247E-4 4.71003E-5 2.05631E-5 6.84226E-6 2.8424E-6 1.35036E-6 1.19883E-6 2.19551E-6 -9999 -9999 -9999 -9999 -9999 -9999 -9999 -9999 -9999
4.02807E-1 3.17151E-1 2.15958E-1 1.60418E-1 1.29218E-1 1.10102E-1 9.8473E-2 6.54052E-2 3.37155E-2 1.23924E-2 7.45317E-3 3.61572E-3 7.32637E-4 1.12463E-4 1.08953E-5 6.66588E-6 2.28666E-4 3.32245E-3 6.01045E-3 8.33542E-3 1.01574E-2 9.34357E-3 3.92114E-3 2.67834E-3 2.42343E-3 1.06334E-3 4.72336E-4 3.14233E-4 2.80646E-4 2.79288E-4 2.43379E-4 2.91698E-4 5.11101E-4 6.08584E-4 1.24624E-4 1.76525E-5 3.97537E-6 2.47008E-6 5.45576E-6 9.23681E-6 1.97238E-5 4.17283E-5 9.79394E-5 1.93E-4 3.35338E-4 4.19691E-4 3.89991E-4 2.26431E-4 8.07336E-5 3.4372E-5 1.7098E-5 7.4342E-6 3.66341E-6 2.38192E-6 1.91564E-6 -9999 -9999 -9999 -9999 -9999 -9999 -9999 -9999 -9999 -9999
3.74678E-1 2.7475E-1 1.70007E-1 1.2502E-1 9.08108E-2 7.95369E-2 5.90523E-2 3.41939E-2 1.63298E-2 5.95667E-3 2.33748E-3 7.85174E-4 1.28222E-4 2.27095E-5 7.59319E-6 8.96798E-6 1.78171E-4 9.55475E-4 4.82432E-4 8.12433E-4 4.83592E-3 1.09014E-2 7.84359E-3 3.75447E-3 1.04912E-3 2.93133E-4 1.65517E-4 1.288E-4 1.0024E-4 8.09589E-5 1.04396E-4 1.90958E-4 3.44313E-4 3.44963E-4 1.54978E-4 4.5459E-5 1.86525E-5 1.18444E-5 1.34165E-5 2.52924E-5 7.1144E-5 1.40814E-4 3.07094E-4 5.30012E-4 5.81817E-4 3.9738E-4 1.64762E-4 1.01598E-4 3.85619E-5 2.00983E-5 1.21572E-5 7.85326E-6 4.913E-6 4.18496E-6 5.30881E-6 -9999 -9999 -9999 -9999 -9999 -9999 -9999 -9999 -9999 -9999
3.35112E-1 2.4695E-1 1.52253E-1 1.20546E-1 9.95154E-2 6.87042E-2 3.99093E-2 1.90604E-2 8.47263E-3 2.74205E-3 8.44919E-4 2.71452E-4 8.24302E-5 2.21971E-5 9.83267E-6 1.44424E-5 7.0876E-5 2.06168E-4 2.57278E-4 6.33002E-4 3.62939E-3 1.1644E-2 1.15916E-2 4.50109E-3 6.60656E-4 1.93623E-4 1.1711E-4 1.06809E-4 8.52081E-5 4.95577E-5 8.35456E-5 1.53645E-4 2.38103E-4 2.52123E-4 1.69481E-4 9.40155E-5 5.12021E-5 3.68599E-5 3.77597E-5 5.84732E-5 1.27662E-4 3.01036E-4 7.1803E-4 1.58921E-3 8.11279E-4 2.94029E-4 7.94777E-5 1.91211E-5 1.09719E-5 1.01612E-5 9.16884E-6 7.2686E-6 6.22171E-6 6.71966E-6 7.85326E-6 -9999 -9999 -9999 -9999 -9999 -9999 -9999 -9999 -9999 -9999
3.3618E-1 2.17854E-1 1.31251E-1 1.06803E-1 9.18764E-2 5.26052E-2 2.34536E-2 8.60995E-3 2.95376E-3 8.01364E-4 3.02557E-4 1.73302E-4 9.47002E-5 3.11097E-5 1.09437E-5 1.17805E-5 2.97873E-5 8.61816E-5 1.97626E-4 4.97767E-4 1.66923E-3 3.83817E-3 4.68622E-3 3.56331E-3 6.738E-4 1.6652E-4 1.13822E-4 1.57764E-4 2.6182E-4 2.57278E-4 1.97988E-4 2.15643E-4 2.27874E-4 2.38103E-4 1.96025E-4 1.54978E-4 1.24624E-4 1.04396E-4 1.20218E-4 1.24624E-4 2.20963E-4 3.9075E-4 7.59021E-4 1.4204E-3 6.94275E-4 1.83788E-4 3.885E-5 1.03974E-5 6.19383E-6 7.8303E-6 7.65504E-6 8.48788E-6 8.27877E-6 9.65293E-6 1.31116E-5 2.05657E-5 -9999 -9999 -9999 -9999 -9999 -9999 -9999 -9999 -9999
2.94175E-1 1.73568E-1 1.04939E-1 8.31113E-2 6.2123E-2 3.1909E-2 1.21357E-2 3.30267E-3 5.52655E-4 1.04396E-4 1.50841E-4 1.82654E-4 1.62076E-4 4.57515E-5 6.55498E-6 4.00903E-6 1.01011E-5 2.98261E-5 9.36837E-5 2.8812E-4 7.14772E-4 1.34328E-3 1.32724E-3 1.06633E-3 6.5062E-4 1.61378E-4 1.00927E-4 1.39567E-4 9.10414E-4 1.57401E-3 7.79281E-4 3.87961E-4 2.61602E-4 2.48765E-4 2.21076E-4 2.35541E-4 3.07698E-4 3.91122E-4 5.10096E-4 4.20328E-4 2.80894E-4 2.50531E-4 2.65957E-4 5.31537E-4 4.25544E-4 1.34991E-4 2.8333E-5 7.63512E-6 6.50713E-6 8.24968E-6 9.65158E-6 1.09347E-5 1.27737E-5 1.45143E-5 1.86497E-5 -9999 -9999 -9999 -9999 -9999 -9999 -9999 -9999 -9999 -9999
2.07721E-1 1.00777E-1 5.93121E-2 4.56518E-2 3.43544E-2 1.82638E-2 7.54061E-3 1.85156E-3 2.98096E-4 5.94039E-5 9.47002E-5 1.64355E-4 1.49334E-4 2.20722E-5 1.23625E-6 6.07008E-7 2.22539E-6 7.703E-6 3.19157E-5 1.18124E-4 2.5623E-4 7.22097E-4 1.66782E-3 3.95046E-3 1.43332E-3 1.71318E-4 7.16881E-5 1.23472E-4 1.35393E-3 3.07301E-3 1.62907E-3 5.91749E-4 2.91698E-4 2.69146E-4 3.18092E-4 4.10785E-4 4.90489E-4 5.9755E-4 8.30892E-4 8.40934E-4 5.70073E-4 3.46026E-4 1.41259E-4 1.6706E-4 1.87927E-4 9.25415E-5 2.85249E-5 8.51905E-6 7.71601E-6 1.16641E-5 1.4015E-5 1.72173E-5 2.10847E-5 2.57394E-5 -9999 -9999 -9999 -9999 -9999 -9999 -9999 -9999 -9999 -9999 -9999
1.47502E-1 8.029E-2 4.41549E-2 2.50152E-2 1.58925E-2 1.15283E-2 6.14082E-3 2.19637E-3 6.34307E-4 2.50404E-4 1.99617E-4 2.04084E-4 7.2865E-5 5.73627E-6 2.36221E-7 1.77663E-7 5.74403E-7 1.94367E-6 6.32481E-6 1.74249E-5 2.84329E-5 1.72814E-4 8.71338E-4 1.79596E-3 8.72271E-4 1.44094E-4 7.34255E-5 1.62169E-4 2.90736E-3 5.07586E-3 3.23949E-3 1.03353E-3 3.99868E-4 4.08461E-4 5.22167E-4 5.01948E-4 7.02066E-4 6.31609E-4 8.38635E-4 9.95086E-4 8.90376E-4 5.61632E-4 3.72553E-4 3.64607E-4 2.55946E-4 1.30411E-4 5.62872E-5 1.87816E-5 1.39956E-5 2.28857E-5 2.67162E-5 3.03617E-5 -9999 -9999 -9999 -9999 -9999 -9999 -9999 -9999 -9999 -9999 -9999 -9999 -9999
