KUENM/Final_Models/M_0.1_F_lq_Set_2_NE/sp1_7_se_asia.asc
ncols         320
nrows         243
xllcorner     44.0
yllcorner     -0.666666666666667
cellsize      0.166666666666667
NODATA_value  -9999
[rows 0 to 30 of 243, columns 0 to 69 of 320]
-9999 -9999 -9999 5.58468E-4 -9999 -9999 -9999 -9999 -9999 -9999 -9999 -9999 -9999 -9999 -9999 -9999 -9999 -9999 -9999 -9999 -9999 -9999 -9999 -9999 -9999 -9999 -9999 -9999 -9999 -9999 -9999 -9999 -9999 -9999 -9999 -9999 -9999 -9999 -9999 -9999 -9999 -9999 -9999 -9999 -9999 -9999 -9999 -9999 -9999 -9999 -9999 -9999 -9999 -9999 -9999 -9999 -9999 -9999 -9999 -9999 -9999 -9999 -9999 -9999 -9999 -9999 -9999 -9999 -9999 -9999
-9999 -9999 -9999 1.15917E-4 6.63724E-4 -9999 -9999 -9999 -9999 -9999 -9999 -9999 -9999 -9999 -9999 -9999 -9999 -9999 -9999 -9999 -9999 -9999 1.79044E-3 1.2916E-3 1.41087E-3 -9999 -9999 -9999 -9999 -9999 -9999 -9999 -9999 -9999 -9999 -9999 -9999 -9999 -9999 -9999 -9999 -9999 -9999 -9999 -9999 -9999 -9999 -9999 -9999 -9999 -9999 -9999 -9999 -9999 -9999 -9999 -9999 -9999 -9999 -9999 -9999 -9999 -9999 -9999 -9999 -9999 -9999 -9999 -9999 -9999
-9999 -9999 7.23182E-5 7.28068E-5 1.49922E-4 9.3084E-4 -9999 -9999 -9999 -9999 -9999 -9999 -9999 -9999 -9999 -9999 -9999 -9999 -9999 -9999 3.25488E-3 2.32434E-3 1.89962E-3 1.69057E-3 1.8352E-3 2.5364E-3 -9999 -9999 -9999 -9999 -9999 -9999 -9999 -9999 -9999 -9999 -9999 -9999 -9999 -9999 -9999 -9999 -9999 -9999 -9999 -9999 -9999 -9999 -9999 -9999 -9999 -9999 -9999 -9999 -9999 -9999 -9999 -9999 -9999 -9999 -9999 -9999 -9999 -9999 -9999 -9999 -9999 -9999 -9999 -9999
1.22046E-6 2.85432E-6 9.33812E-6 6.51541E-5 5.8495E-4 8.90055E-4 1.27645E-3 -9999 -9999 -9999 -9999 -9999 -9999 -9999 -9999 -9999 -9999 -9999 4.45708E-3 2.9034E-3 2.4602E-3 2.19197E-3 1.33191E-3 1.48572E-3 2.13629E-3 -9999 -9999 -9999 -9999 -9999 -9999 -9999 -9999 -9999 -9999 -9999 -9999 -9999 -9999 -9999 -9999 -9999 -9999 -9999 -9999 -9999 -9999 -9999 -9999 -9999 -9999 -9999 -9999 -9999 -9999 -9999 -9999 -9999 -9999 -9999 -9999 -9999 -9999 -9999 -9999 -9999 -9999 -9999 -9999 -9999
-9999 5.50924E-7 1.05093E-5 9.08858E-6 2.2219E-5 2.73093E-4 6.95009E-4 8.36759E-4 -9999 -9999 -9999 -9999 -9999 -9999 -9999 -9999 -9999 2.50972E-3 1.20213E-3 1.23064E-3 1.61019E-3 1.95188E-3 1.06211E-3 1.19945E-3 1.60445E-3 2.33733E-3 -9999 -9999 -9999 -9999 -9999 -9999 -9999 -9999 -9999 -9999 -9999 -9999 -9999 -9999 -9999 -9999 -9999 -9999 -9999 -9999 -9999 -9999 -9999 -9999 -9999 -9999 -9999 -9999 -9999 -9999 -9999 -9999 -9999 -9999 -9999 -9999 -9999 -9999 -9999 -9999 -9999 -9999 -9999 -9999
-9999 9.37337E-7 1.854E-6 2.99182E-6 2.71652E-5 1.45138E-4 4.65075E-4 2.63752E-4 2.37891E-4 1.3377E-3 1.49433E-3 -9999 -9999 -9999 -9999 -9999 6.56323E-4 2.02707E-4 2.03508E-4 1.07091E-4 5.39249E-4 6.43166E-4 1.76419E-4 1.05668E-4 -9999 -9999 -9999 -9999 -9999 -9999 -9999 -9999 -9999 -9999 -9999 -9999 -9999 -9999 -9999 -9999 -9999 -9999 -9999 -9999 -9999 -9999 -9999 -9999 -9999 -9999 -9999 -9999 -9999 -9999 -9999 -9999 -9999 -9999 -9999 -9999 -9999 -9999 -9999 -9999 -9999 -9999 -9999 -9999 -9999 -9999
-9999 -9999 3.84782E-7 4.14441E-6 7.84752E-6 4.18575E-5 3.16672E-4 9.10553E-4 3.41763E-4 1.24357E-4 1.84198E-5 2.80471E-5 2.80949E-4 6.09068E-4 7.37865E-5 5.65276E-5 1.34845E-5 6.53425E-6 5.18229E-5 3.42909E-5 3.84772E-4 3.57497E-4 1.19508E-4 1.44033E-4 2.47533E-5 -9999 -9999 -9999 -9999 -9999 -9999 -9999 -9999 -9999 -9999 -9999 -9999 -9999 -9999 -9999 -9999 -9999 -9999 -9999 -9999 -9999 -9999 -9999 -9999 -9999 -9999 -9999 -9999 -9999 -9999 -9999 -9999 -9999 -9999 -9999 -9999 -9999 -9999 -9999 -9999 -9999 -9999 -9999 -9999 -9999
-9999 -9999 4.89028E-7 5.34142E-7 3.57064E-5 4.1457E-4 6.13514E-4 7.65829E-4 3.95271E-4 3.1104E-4 1.90045E-4 5.80023E-6 3.23718E-6 9.81009E-5 4.23823E-5 3.24569E-5 2.6932E-5 3.52688E-5 3.79286E-5 7.2734E-5 3.30139E-4 9.20342E-4 5.40983E-4 3.69869E-4 1.04685E-4 3.56433E-5 1.30619E-5 -9999 -9999 -9999 -9999 -9999 -9999 -9999 -9999 -9999 -9999 -9999 -9999 -9999 -9999 -9999 -9999 -9999 -9999 -9999 -9999 -9999 -9999 -9999 -9999 -9999 -9999 -9999 -9999 -9999 -9999 -9999 -9999 -9999 -9999 -9999 -9999 -9999 -9999 -9999 -9999 -9999 -9999 -9999
-9999 -9999 1.81687E-6 1.96235E-6 3.25782E-5 3.87403E-4 1.55499E-4 3.71366E-5 1.41435E-4 1.31852E-4 2.00987E-4 1.29729E-4 3.10779E-5 1.23159E-5 4.58636E-6 1.25026E-5 2.69416E-5 7.43328E-5 7.51174E-5 1.17772E-4 3.97505E-4 4.03421E-4 5.17049E-5 8.92936E-6 4.96474E-5 7.47267E-5 6.50791E-5 -9999 1.40696E-3 -9999 -9999 -9999 -9999 -9999 -9999 -9999 -9999 -9999 -9999 -9999 -9999 -9999 -9999 -9999 -9999 -9999 -9999 -9999 -9999 -9999 -9999 -9999 -9999 -9999 -9999 -9999 -9999 -9999 -9999 -9999 -9999 -9999 -9999 -9999 -9999 -9999 -9999 -9999 -9999 -9999
-9999 -9999 6.4792E-7 7.43462E-6 1.284E-4 2.85761E-4 3.50939E-4 4.39979E-4 2.35958E-4 2.64034E-5 3.18837E-5 2.74736E-4 2.41976E-4 1.9596E-4 6.13553E-5 7.34999E-5 5.71336E-5 1.40716E-4 2.64034E-5 4.79796E-6 3.07152E-6 1.40647E-6 3.84061E-8 8.3112E-8 2.50053E-5 8.23926E-5 1.15535E-4 1.09214E-4 1.02039E-3 -9999 -9999 -9999 -9999 -9999 -9999 -9999 -9999 -9999 -9999 -9999 -9999 -9999 -9999 -9999 -9999 -9999 -9999 -9999 -9999 -9999 -9999 -9999 -9999 -9999 -9999 -9999 -9999 -9999 -9999 -9999 -9999 -9999 -9999 -9999 -9999 -9999 -9999 -9999 -9999 -9999
-9999 -9999 1.32341E-6 2.7337E-5 4.8898E-5 9.80261E-5 2.2277E-4 5.66793E-4 6.17912E-4 5.62485E-4 5.55175E-4 5.98067E-4 5.55175E-4 3.84933E-4 1.51375E-4 1.27416E-4 1.32836E-4 1.32057E-4 1.11594E-4 4.82631E-5 1.19568E-5 6.21594E-6 1.76529E-6 1.04927E-5 4.86662E-5 5.97839E-5 7.11819E-5 6.22793E-6 4.95244E-4 -9999 -9999 -9999 -9999 -9999 -9999 -9999 -9999 -9999 -9999 -9999 -9999 -9999 -9999 -9999 -9999 -9999 -9999 -9999 -9999 -9999 -9999 -9999 -9999 -9999 -9999 -9999 -9999 -9999 -9999 -9999 -9999 -9999 -9999 -9999 -9999 -9999 -9999 -9999 -9999 1.04062E-2
-9999 1.45982E-6 1.61603E-6 8.01126E-6 1.52578E-5 6.27102E-5 6.75952E-4 7.68075E-4 4.92969E-4 5.52799E-4 6.74084E-4 6.21918E-4 2.20583E-4 5.24112E-5 2.14613E-5 1.92258E-5 4.0389E-5 6.3199E-5 7.51745E-5 9.89499E-5 7.99786E-5 7.75642E-5 2.56616E-5 1.23288E-5 2.87508E-5 5.86316E-5 3.27025E-5 3.39903E-6 7.02451E-4 5.37886E-4 -9999 -9999 -9999 -9999 -9999 -9999 -9999 -9999 -9999 -9999 -9999 -9999 -9999 -9999 -9999 -9999 -9999 -9999 -9999 -9999 -9999 -9999 -9999 -9999 -9999 -9999 -9999 -9999 -9999 -9999 -9999 -9999 -9999 -9999 -9999 -9999 -9999 1.50291E-2 1.52713E-2 1.38522E-2
-9999 -9999 -9999 1.06547E-5 3.62231E-5 7.42341E-5 6.28191E-4 8.2862E-4 6.6135E-4 6.45713E-4 7.82939E-4 4.42764E-4 4.54596E-5 1.5106E-6 3.3024E-7 1.7703E-6 2.9929E-5 3.56433E-5 1.79267E-5 2.58996E-5 8.66558E-6 6.84844E-6 5.98863E-6 4.32638E-5 2.35587E-5 1.78585E-4 4.99434E-5 1.32625E-5 1.31348E-3 9.88378E-4 -9999 -9999 -9999 -9999 -9999 -9999 -9999 -9999 -9999 -9999 -9999 -9999 -9999 -9999 -9999 -9999 -9999 -9999 -9999 -9999 -9999 -9999 -9999 -9999 -9999 -9999 -9999 -9999 -9999 -9999 -9999 -9999 -9999 -9999 -9999 1.61164E-2 1.65346E-2 1.34432E-2 1.03075E-2 7.34935E-3
-9999 -9999 -9999 -9999 1.9224E-5 1.13763E-4 7.74735E-4 8.1723E-4 9.07949E-4 8.0048E-4 6.65281E-4 2.07999E-4 2.25607E-5 8.47261E-6 3.74801E-6 8.11254E-6 4.82631E-5 6.8534E-5 6.81258E-5 1.2E-4 1.45258E-4 2.34962E-4 3.9016E-4 4.00734E-4 1.41015E-4 5.3003E-4 8.79956E-5 3.97991E-5 2.54163E-4 3.95883E-3 2.81842E-4 -9999 -9999 -9999 -9999 -9999 -9999 -9999 -9999 -9999 -9999 -9999 -9999 -9999 -9999 -9999 -9999 -9999 -9999 -9999 -9999 -9999 -9999 -9999 -9999 -9999 -9999 -9999 -9999 -9999 -9999 -9999 -9999 -9999 -9999 2.12126E-2 2.06902E-2 1.54543E-2 1.45752E-2 1.31669E-2
-9999 -9999 -9999 -9999 2.74284E-6 8.44927E-5 2.74064E-4 8.23805E-4 9.14695E-4 8.08376E-4 9.44037E-4 8.38068E-4 3.95026E-4 1.79615E-4 6.06604E-5 4.99744E-5 1.12903E-4 1.92783E-4 1.93903E-4 1.11594E-4 1.79615E-4 6.99704E-4 1.56537E-3 5.56917E-4 2.15345E-4 9.90179E-4 2.78498E-4 8.76497E-6 6.1339E-5 1.69805E-3 1.87658E-3 6.13349E-5 1.14041E-5 1.35546E-5 4.25626E-5 1.17761E-4 -9999 -9999 -9999 -9999 -9999 -9999 -9999 -9999 -9999 -9999 -9999 -9999 -9999 -9999 -9999 -9999 -9999 -9999 -9999 -9999 -9999 -9999 -9999 -9999 -9999 -9999 -9999 2.73928E-2 2.9485E-2 3.17327E-2 3.14061E-2 2.87183E-2 2.73125E-2 1.13948E-2
-9999 -9999 -9999 -9999 -9999 1.17282E-4 3.88861E-5 1.49694E-4 8.57121E-4 9.77962E-4 1.03305E-3 1.00145E-3 7.70056E-4 2.30267E-4 1.32275E-4 9.85332E-5 5.61788E-5 9.74258E-5 9.68736E-5 1.26451E-4 2.66571E-4 4.79358E-4 1.29674E-3 8.90513E-4 2.66571E-4 6.50313E-4 2.25652E-3 6.06698E-4 2.56734E-4 1.68843E-4 6.15149E-3 3.91615E-4 9.57299E-5 6.8668E-5 1.21701E-4 2.25447E-4 3.9848E-4 4.87228E-4 -9999 -9999 -9999 -9999 -9999 -9999 -9999 -9999 -9999 -9999 -9999 -9999 -9999 -9999 -9999 -9999 -9999 -9999 -9999 -9999 -9999 -9999 2.46173E-2 2.97914E-2 3.54117E-2 4.00356E-2 4.26494E-2 4.20975E-2 4.39514E-2 3.83078E-2 1.89993E-2 2.59874E-3
-9999 -9999 -9999 -9999 -9999 6.63792E-6 7.94062E-5 1.25234E-4 5.47932E-4 1.01985E-3 1.171E-3 1.12851E-3 1.09132E-3 5.4038E-4 2.63634E-4 5.02263E-5 2.07762E-5 2.4618E-5 9.14305E-5 1.76803E-4 4.89439E-4 1.04167E-3 2.06074E-3 1.77166E-3 7.59917E-4 1.65345E-4 2.51805E-4 1.93625E-3 5.29583E-3 2.17872E-4 8.16032E-4 8.03906E-3 1.98717E-3 1.56893E-3 1.38899E-3 4.55415E-3 3.46243E-3 1.40461E-3 8.85494E-4 -9999 -9999 -9999 -9999 -9999 -9999 -9999 -9999 -9999 -9999 -9999 -9999 -9999 -9999 -9999 -9999 -9999 -9999 -9999 -9999 -9999 4.07337E-2 4.81969E-2 5.64038E-2 5.93329E-2 5.70031E-2 5.54454E-2 4.59523E-2 1.71527E-2 2.4234E-3 3.67912E-4
-9999 -9999 -9999 -9999 -9999 4.00887E-6 1.48764E-4 3.31603E-4 4.48706E-4 7.15091E-4 1.22117E-3 9.05179E-4 1.30246E-3 1.05639E-3 5.62441E-4 1.22758E-4 3.29133E-5 1.08442E-5 1.15117E-5 2.50246E-5 2.67791E-4 8.28585E-4 8.40125E-4 7.56371E-4 1.03336E-3 5.84568E-4 6.39487E-5 1.99094E-5 3.58643E-3 1.51159E-2 1.44369E-3 4.96687E-4 9.58932E-3 1.0914E-2 3.25129E-3 1.2508E-3 8.09342E-4 2.93011E-3 7.944E-4 5.03191E-3 -9999 -9999 -9999 -9999 -9999 -9999 -9999 -9999 -9999 -9999 -9999 -9999 -9999 -9999 -9999 -9999 -9999 -9999 -9999 -9999 5.72592E-2 6.71315E-2 7.47231E-2 7.3371E-2 4.55242E-2 2.64041E-2 2.68104E-3 4.82211E-4 6.0758E-4 1.34733E-4
-9999 -9999 -9999 -9999 -9999 -9999 1.01329E-4 6.81392E-4 1.47399E-4 1.85308E-4 4.24007E-4 1.78547E-4 9.54147E-4 8.20008E-4 7.88259E-4 4.1922E-4 2.86014E-5 5.09769E-6 8.13555E-6 4.70542E-6 1.02873E-5 1.47113E-4 3.08769E-4 5.25766E-5 1.5685E-4 8.05922E-4 5.03669E-4 7.78817E-5 5.35327E-5 1.33104E-3 1.44474E-2 1.76164E-2 1.84933E-2 2.02543E-3 7.91173E-4 2.09744E-4 1.15885E-4 9.20885E-5 8.67399E-6 1.46112E-4 6.87353E-3 3.86171E-3 -9999 -9999 -9999 -9999 -9999 -9999 -9999 -9999 -9999 -9999 -9999 4.03878E-2 4.58565E-2 4.92602E-2 5.27138E-2 5.43174E-2 4.70036E-2 4.9618E-2 2.72525E-2 1.47351E-2 7.90778E-3 3.0363E-3 6.03339E-4 1.06683E-4 1.87496E-4 8.7469E-5 2.67605E-4 8.40637E-4
-9999 -9999 -9999 -9999 -9999 -9999 2.66554E-5 6.24524E-4 7.56004E-5 2.65402E-4 3.02567E-4 1.98925E-4 8.80661E-4 8.86024E-4 3.23638E-4 5.34014E-4 7.88777E-5 2.68062E-5 8.14372E-5 1.68358E-5 1.64152E-5 2.8871E-4 7.22725E-4 2.38884E-4 8.85324E-5 1.73304E-4 2.10163E-4 3.57733E-4 2.40354E-4 7.42364E-5 1.24549E-4 9.55583E-4 1.90212E-2 1.50587E-2 5.33972E-3 1.90938E-3 1.66907E-3 2.78267E-4 6.78999E-6 1.40593E-6 6.01704E-5 3.8963E-4 2.97925E-3 6.16269E-3 8.61399E-3 9.09416E-3 8.90386E-3 8.14446E-3 1.13838E-2 1.51663E-2 1.98056E-2 2.82649E-2 3.6613E-2 4.08581E-2 4.18059E-2 3.49117E-2 2.38344E-2 9.62218E-3 1.86605E-3 7.39736E-4 1.41188E-4 6.76031E-5 6.76997E-6 5.90704E-6 3.17784E-6 6.25612E-5 5.35075E-4 5.72917E-4 1.4014E-3 2.38432E-3
-9999 -9999 -9999 -9999 -9999 -9999 3.99338E-4 3.14288E-4 6.89507E-4 2.58159E-4 5.10547E-4 8.89202E-4 8.9113E-4 5.23402E-4 5.37175E-4 5.75479E-4 2.55214E-4 1.43472E-4 1.66681E-4 1.44568E-5 1.24403E-5 1.16639E-4 2.45933E-4 5.58022E-4 2.17671E-4 5.01329E-4 2.45433E-4 1.05516E-4 2.30943E-4 2.78681E-4 7.37889E-5 2.7837E-4 1.18509E-3 1.44359E-3 5.5386E-4 3.47997E-4 2.11134E-4 5.98067E-4 6.14534E-4 8.9147E-5 4.80188E-6 2.57419E-7 2.61219E-6 1.33687E-3 1.33752E-3 3.50535E-4 3.80616E-4 2.48675E-3 1.34818E-2 1.83966E-2 2.15688E-2 3.17679E-2 3.50544E-2 3.2039E-2 2.4177E-2 1.97352E-2 8.6529E-3 1.93344E-3 3.81187E-4 6.69565E-5 6.88706E-5 6.13469E-5 7.68273E-6 2.23849E-5 1.40115E-4 5.90679E-4 1.06087E-3 7.50185E-4 1.20467E-3 1.67866E-3
-9999 -9999 -9999 -9999 -9999 -9999 -9999 -9999 1.52894E-3 2.48601E-3 3.13831E-4 4.773E-4 3.46563E-4 5.30058E-4 7.04577E-4 7.43492E-4 1.21615E-4 4.95E-5 5.75112E-5 1.06621E-4 1.23527E-4 2.54163E-4 6.17744E-4 1.05132E-3 1.11512E-3 3.05722E-4 2.93571E-4 3.60315E-4 1.70418E-4 6.60006E-5 4.57344E-4 3.48781E-4 3.41728E-4 8.96059E-4 2.59104E-3 3.20751E-3 2.90824E-3 1.17553E-3 1.58652E-4 3.73418E-5 4.23135E-6 2.83544E-6 3.42386E-6 2.44858E-5 1.6996E-6 4.89528E-6 1.76627E-5 8.31696E-6 4.28146E-5 4.13217E-4 9.01928E-3 1.60776E-2 2.72364E-2 2.22229E-2 1.09306E-2 1.14214E-2 5.55428E-3 1.09041E-3 3.95982E-4 6.93627E-5 2.84749E-4 8.7918E-4 1.89176E-3 2.48211E-3 2.63578E-3 1.60525E-3 7.60204E-4 4.55823E-4 3.21813E-4 2.6556E-4
-9999 -9999 -9999 -9999 -9999 -9999 -9999 -9999 1.66153E-3 5.69292E-3 1.58761E-3 2.87664E-4 1.63514E-4 2.97873E-4 4.39859E-4 2.90368E-4 8.26421E-5 7.7959E-5 1.42261E-4 2.35536E-4 3.25025E-4 3.7816E-4 7.455E-4 9.48843E-4 1.30819E-3 9.79188E-4 1.97387E-4 1.82716E-4 3.20231E-4 1.13898E-4 1.51131E-4 8.12423E-4 1.23526E-3 1.33256E-3 3.73966E-3 4.23634E-3 4.62873E-3 4.40993E-3 2.70851E-3 5.24002E-4 7.68162E-5 1.3171E-5 2.53307E-6 4.80819E-6 4.76851E-7 1.82203E-7 1.2661E-6 2.38145E-7 1.98017E-6 2.9692E-4 3.91427E-5 1.89554E-5 1.77755E-4 1.68172E-3 3.63956E-3 1.66069E-3 3.56141E-4 1.48759E-4 1.21496E-4 2.24661E-4 1.64752E-3 4.09488E-3 4.99886E-3 5.00391E-3 4.53174E-3 3.5749E-3 2.50509E-3 1.64797E-3 7.07579E-4 5.45089E-4
-9999 -9999 -9999 -9999 -9999 -9999 -9999 -9999 -9999 -9999 1.88845E-3 1.14574E-3 1.66774E-4 3.13172E-4 3.03437E-4 1.50089E-4 7.24054E-5 1.74607E-4 2.83206E-4 3.82865E-4 3.6802E-4 2.46692E-4 4.88596E-4 8.74663E-4 8.55494E-4 1.04167E-3 4.91965E-4 1.98407E-4 4.12665E-4 3.74721E-4 1.62776E-4 1.61303E-4 1.01679E-3 2.48688E-3 3.5414E-3 4.35426E-3 4.69264E-3 5.12428E-3 5.15918E-3 4.09439E-3 2.46918E-3 7.77195E-4 7.96743E-5 9.38333E-6 3.755E-6 1.49921E-5 3.08814E-6 2.42552E-6 6.96137E-7 2.60102E-5 5.41393E-7 1.21916E-6 9.61367E-6 4.39287E-5 1.42951E-4 1.72089E-5 1.35891E-5 7.54248E-5 2.25493E-4 1.14867E-3 2.61102E-3 4.40879E-3 5.55498E-3 5.30689E-3 4.97335E-3 4.6556E-3 4.35333E-3 3.3114E-3 1.67542E-3 1.67542E-3
-9999 -9999 -9999 -9999 -9999 -9999 -9999 -9999 -9999 -9999 -9999 -9999 -9999 -9999 1.36094E-4 3.31554E-5 1.01554E-4 1.38025E-4 1.71221E-4 1.77896E-4 2.86777E-4 2.50962E-4 2.87688E-4 4.35015E-4 4.52094E-4 6.63963E-4 4.84394E-4 3.37239E-4 1.63388E-4 7.05132E-5 3.00914E-4 5.51743E-4 5.46029E-4 3.53586E-4 9.75654E-4 2.63065E-3 3.52667E-3 3.98322E-3 3.92465E-3 3.24859E-3 3.69553E-3 3.4748E-3 1.71777E-3 1.60722E-3 2.13818E-3 8.93356E-4 3.9951E-4 9.16931E-5 2.00504E-5 1.18364E-6 6.92988E-6 7.00704E-5 1.21212E-4 3.93434E-5 1.66465E-5 4.77783E-5 2.14822E-4 3.11753E-4 2.67817E-4 4.62002E-4 9.54998E-4 3.70175E-3 4.71702E-3 5.52881E-3 3.7865E-3 4.27948E-3 2.81411E-3 2.05004E-3 1.14262E-3 2.07113E-3
-9999 -9999 -9999 -9999 -9999 -9999 -9999 -9999 -9999 -9999 -9999 -9999 2.02091E-3 1.93619E-3 8.04925E-4 4.42539E-4 1.27036E-4 1.07982E-4 3.64191E-4 2.38E-4 1.88213E-4 3.06755E-4 5.43302E-4 3.68207E-4 2.90109E-4 4.28467E-4 3.06872E-4 1.49546E-4 1.12285E-4 7.77821E-5 3.95314E-5 9.16586E-5 9.96486E-5 1.66245E-4 3.05519E-4 3.26663E-4 5.29694E-4 9.75721E-4 8.46181E-4 2.12131E-3 3.96549E-3 4.97924E-3 6.49331E-3 7.5499E-3 7.15469E-3 2.73355E-3 1.7974E-3 4.24186E-4 1.52744E-4 1.71627E-4 1.4331E-4 1.92436E-4 1.89372E-5 2.35034E-5 2.76793E-4 1.93094E-3 4.92462E-3 3.8965E-3 1.35135E-3 1.01132E-3 1.52259E-3 3.39445E-3 3.75805E-3 3.22492E-3 3.22492E-3 4.63891E-3 3.19211E-3 1.99239E-3 3.75543E-3 6.70426E-3
-9999 -9999 -9999 -9999 -9999 -9999 -9999 -9999 -9999 -9999 -9999 -9999 1.67026E-3 3.3789E-3 4.44518E-4 1.2383E-3 5.09832E-4 6.72668E-4 4.39879E-4 2.89193E-4 4.28515E-4 5.24652E-4 5.95991E-4 2.61208E-4 1.88583E-4 2.5436E-4 3.7004E-4 3.73386E-4 3.10912E-4 1.93457E-4 1.93701E-4 6.9413E-5 3.23023E-5 3.21121E-5 6.65719E-5 2.05987E-4 5.53666E-4 1.58626E-3 1.81669E-3 2.0323E-3 3.28217E-3 5.51677E-3 7.15469E-3 7.16242E-3 6.98632E-3 5.82088E-3 3.99261E-3 2.90851E-3 1.73602E-3 5.7611E-4 4.99313E-4 1.80595E-4 1.57896E-4 5.85361E-4 3.03002E-3 6.54998E-3 9.02033E-3 7.29008E-3 4.84541E-3 2.35684E-3 1.42905E-3 1.99423E-3 1.32262E-3 7.79714E-4 1.55787E-3 7.20649E-3 1.26146E-2 9.66067E-3 1.09569E-2 1.36008E-2
-9999 -9999 -9999 -9999 -9999 -9999 -9999 -9999 -9999 -9999 -9999 -9999 -9999 9.5615E-4 1.65906E-3 1.1403E-3 1.72529E-4 8.69404E-4 5.72396E-4 2.23726E-4 4.68645E-4 4.85766E-4 4.26443E-4 4.52725E-4 1.57641E-4 1.13205E-4 2.89033E-4 4.93983E-4 5.35873E-4 4.04889E-4 4.68433E-4 2.95384E-4 1.69619E-4 1.2832E-4 3.85758E-5 1.10816E-4 1.18865E-4 5.52923E-4 2.1573E-3 2.53552E-3 2.76392E-3 2.46457E-3 5.6478E-3 6.93148E-3 7.75406E-3 7.02279E-3 5.99755E-3 5.00141E-3 3.75457E-3 4.49649E-3 5.02172E-3 7.52069E-3 9.09346E-3 9.90685E-3 1.05539E-2 1.09971E-2 1.29398E-2 1.20556E-2 1.1457E-2 9.50942E-3 6.83062E-3 6.66936E-3 3.46857E-3 7.26931E-3 1.07617E-2 1.40224E-2 1.54875E-2 1.47327E-2 1.45851E-2 1.42935E-2
-9999 -9999 -9999 -9999 -9999 -9999 -9999 -9999 -9999 -9999 -9999 6.66186E-2 1.6166E-2 5.91724E-3 5.79171E-4 1.34124E-3 6.06433E-4 1.68777E-3 5.33029E-4 2.70964E-4 3.04857E-4 1.40587E-4 6.29806E-5 3.19468E-4 3.64883E-4 1.66691E-4 2.46706E-4 5.99157E-4 6.8904E-4 8.02469E-4 7.80685E-4 7.69919E-4 6.9345E-4 4.10125E-4 3.03111E-4 9.91324E-4 1.09424E-3 1.86547E-3 4.78398E-3 4.24869E-3 5.47634E-3 6.99873E-3 8.83862E-3 8.46263E-3 8.70594E-3 8.18888E-3 7.45872E-3 8.12915E-3 8.0431E-3 8.65797E-3 9.41319E-3 1.03344E-2 1.00151E-2 9.91039E-3 1.30365E-2 1.29023E-2 1.12929E-2 1.04052E-2 1.17774E-2 1.06502E-2 9.21666E-3 1.48607E-2 1.42935E-2 1.60802E-2 1.57592E-2 1.5878E-2 1.48256E-2 1.55569E-2 1.52407E-2 1.49296E-2
-9999 -9999 -9999 -9999 -9999 -9999 -9999 -9999 -9999 -9999 -9999 6.64379E-2 1.46993E-2 2.28144E-3 1.45561E-3 3.36913E-4 8.4619E-4 6.13733E-4 6.26724E-4 7.00026E-4 7.82795E-4 4.91514E-4 2.54152E-4 1.53667E-4 2.14009E-4 2.68455E-4 6.26257E-4 5.783E-4 2.43182E-4 5.77386E-4 7.25598E-4 1.74686E-4 2.75079E-4 5.42113E-4 9.18048E-4 5.65966E-4 2.13918E-3 4.63914E-3 8.53995E-3 8.70227E-3 7.25739E-3 8.76074E-3 9.78686E-3 1.03331E-2 9.61506E-3 9.21666E-3 7.07652E-3 4.77956E-3 8.44153E-3 9.34536E-3 1.08993E-2 1.20764E-2 1.18223E-2 8.78791E-3 8.50464E-3 7.73285E-3 5.86837E-3 8.41188E-3 9.82615E-3 1.33062E-2 1.41735E-2 1.70261E-2 1.68508E-2 1.72028E-2 1.59145E-2 1.55865E-2 1.52637E-2 1.51043E-2 1.49462E-2 1.47894E-2
-9999 -9999 -9999 -9999 -9999 -9999 -9999 -9999 -9999 -9999 1.66308E-1 8.3559E-2 2.35473E-2 2.73827E-3 4.02853E-3 3.14507E-3 1.1565E-3 2.80899E-3 6.17718E-4 2.47094E-4 6.09111E-4 4.51279E-4 3.31942E-4 5.45618E-4 1.54533E-3 1.15493E-4 2.78949E-5 1.57363E-4 1.5046E-4 3.31772E-4 8.56049E-4 3.34819E-4 1.77262E-4 2.53697E-4 1.18648E-4 2.11162E-4 8.86153E-5 5.50694E-4 4.8548E-3 7.34017E-3 7.46554E-3 8.47689E-3 9.41319E-3 1.05392E-2 1.06282E-2 1.07095E-2 1.01503E-2 9.40695E-3 6.8698E-3 3.7335E-3 8.61183E-3 1.0669E-2 9.93951E-3 1.21386E-2 1.31492E-2 1.4751E-2 1.578E-2 1.6692E-2 1.68708E-2 1.74163E-2 1.7233E-2 1.74163E-2 1.64669E-2 1.64669E-2 1.6293E-2 1.52331E-2 1.52331E-2 1.52331E-2 1.4751E-2 1.4751E-2
