KUENM/Final_Models/M_0.1_F_lq_Set_2_NE/sp1_8_se_asia.asc
ncols         320
nrows         243
xllcorner     44.0
yllcorner     -0.666666666666667
cellsize      0.166666666666667
NODATA_value  -9999
[rows 31 to 61 of 243, columns 0 to 69 of 320]
-9999 -9999 -9999 -9999 -9999 -9999 -9999 -9999 -9999 -9999 1.41919E-1 3.51683E-2 3.23873E-4 1.58612E-3 9.29785E-4 2.05499E-3 1.39498E-3 1.20735E-3 1.16805E-4 1.6647E-4 5.67635E-4 3.41623E-4 4.77378E-5 5.75787E-4 8.11768E-4 1.98717E-4 6.5936E-5 4.54778E-6 4.62061E-5 1.6026E-4 3.33853E-4 2.37468E-4 8.95285E-5 1.01427E-4 6.57303E-5 1.55974E-5 6.15604E-6 1.227E-4 7.61444E-4 1.76599E-3 3.32574E-3 4.7969E-3 7.01599E-3 8.3752E-3 9.29374E-3 9.40254E-3 8.9833E-3 8.57914E-3 7.46949E-3 4.02463E-3 5.25212E-3 5.57222E-3 3.26359E-3 6.95776E-3 1.17946E-2 1.25814E-2 1.35673E-2 1.34126E-2 1.37234E-2 1.37234E-2 1.38809E-2 1.37234E-2 1.31716E-2 1.28738E-2 1.28738E-2 1.28738E-2 1.28738E-2 1.19315E-2 1.22943E-2 1.21527E-2
-9999 -9999 -9999 -9999 -9999 -9999 -9999 -9999 -9999 1.87817E-1 1.15715E-1 5.92592E-2 1.59703E-3 7.03003E-4 1.44181E-3 1.40328E-3 2.06997E-3 1.64505E-3 1.09813E-3 9.95707E-5 8.87345E-4 1.36823E-3 5.86828E-4 9.02807E-4 8.70687E-4 2.837E-4 1.73358E-4 3.32999E-4 1.94399E-4 7.41009E-5 1.35274E-4 8.75305E-5 4.96061E-5 1.83338E-4 1.79703E-4 1.11153E-4 7.83731E-5 1.03611E-4 3.55159E-4 1.92077E-3 9.78409E-4 1.21865E-3 2.87456E-3 8.57963E-3 1.088E-2 1.09889E-2 1.03789E-2 9.68286E-3 9.34923E-3 7.88635E-3 6.55349E-3 7.34074E-3 7.16588E-3 9.71302E-3 1.25794E-2 1.25794E-2 1.28776E-2 1.33996E-2 1.33996E-2 1.35572E-2 1.35572E-2 1.30288E-2 1.31814E-2 1.31814E-2 1.25138E-2 1.23689E-2 1.2083E-2 1.2083E-2 1.16641E-2 1.13914E-2
-9999 -9999 -9999 -9999 -9999 -9999 -9999 -9999 -9999 1.63733E-1 8.01175E-2 3.67595E-2 5.47531E-3 1.30172E-3 1.27769E-3 6.56487E-4 1.28245E-3 1.11858E-3 7.54261E-4 1.78991E-3 1.62989E-3 4.0758E-4 1.8192E-4 1.04884E-4 3.72174E-4 1.07653E-3 1.89183E-4 1.49144E-4 1.70921E-4 6.74308E-5 2.59937E-5 8.13859E-5 2.65892E-5 1.16167E-4 3.22096E-4 2.8965E-4 1.82742E-4 1.13845E-4 3.90809E-4 7.23129E-4 2.87313E-5 1.58184E-5 2.89257E-4 7.19876E-3 1.21427E-2 1.08647E-2 9.48703E-3 9.45939E-3 7.36564E-3 7.95129E-3 9.71302E-3 9.48458E-3 1.1124E-2 1.24849E-2 1.2784E-2 1.32937E-2 1.31372E-2 1.29822E-2 1.31372E-2 1.31372E-2 1.31372E-2 1.23374E-2 1.08616E-2 1.17182E-2 1.1442E-2 1.08616E-2 1.01823E-2 1.15795E-2 1.20468E-2 1.21914E-2
-9999 -9999 -9999 -9999 -9999 -9999 -9999 -9999 -9999 1.64416E-1 7.25392E-2 2.9862E-2 6.09019E-3 2.09574E-3 1.58309E-3 2.55103E-3 1.75491E-3 7.63988E-4 8.90361E-4 4.62592E-4 6.60388E-4 5.93373E-4 2.96751E-4 2.3386E-4 1.84155E-4 3.61793E-5 1.42314E-4 1.52683E-4 5.06225E-5 5.76113E-5 2.35309E-5 2.86984E-5 6.653E-5 6.21091E-5 1.37338E-4 2.68249E-4 8.94165E-5 3.452E-5 2.0789E-4 5.73057E-4 9.59871E-5 7.2224E-6 1.79745E-4 3.62717E-3 1.2024E-2 8.9833E-3 8.18973E-3 4.77168E-3 1.22963E-3 3.10226E-3 4.12489E-3 3.38924E-3 5.54575E-3 9.08981E-3 1.17618E-2 1.27079E-2 1.28616E-2 1.28616E-2 1.27079E-2 1.27079E-2 1.12082E-2 8.40715E-3 6.87441E-3 6.21919E-3 7.86617E-3 6.02007E-3 4.65088E-3 9.98281E-3 1.24049E-2 1.30396E-2
-9999 -9999 -9999 -9999 -9999 -9999 -9999 -9999 -9999 1.62369E-1 1.02024E-1 3.82064E-2 1.24859E-2 5.16026E-3 2.10411E-3 1.02851E-3 3.2567E-3 1.06632E-3 2.65237E-3 1.13399E-3 7.8777E-4 2.08082E-3 3.63726E-4 8.31172E-4 4.12604E-4 2.39366E-4 2.89076E-6 2.06598E-5 5.99551E-4 6.1416E-5 2.44922E-5 2.10042E-5 4.79912E-5 2.17707E-5 1.32367E-5 6.54304E-5 1.28663E-5 1.61093E-5 8.13548E-5 4.15692E-4 2.96474E-4 5.40538E-5 1.81201E-5 5.79502E-4 4.68944E-3 8.68293E-3 9.26943E-3 5.57585E-3 1.62465E-3 1.0637E-3 1.34E-3 1.6244E-3 1.48028E-3 1.93523E-3 4.21198E-3 1.01394E-2 1.19616E-2 1.15313E-2 1.18167E-2 1.05464E-2 7.71452E-3 3.73544E-3 2.54019E-3 1.95969E-3 3.10722E-3 5.2139E-3 8.69281E-3 1.16733E-2 1.30504E-2 1.28922E-2
-9999 -9999 -9999 -9999 -9999 -9999 -9999 -9999 -9999 -9999 1.46543E-1 5.16304E-2 1.38678E-2 8.02514E-3 1.54003E-3 6.30158E-3 5.36832E-3 3.0861E-3 1.38678E-2 9.90272E-3 8.65608E-3 1.59526E-3 3.81152E-3 1.22147E-3 6.84475E-4 8.74287E-4 1.68629E-4 1.04883E-4 6.53707E-4 8.82335E-4 1.03063E-4 4.47765E-5 2.37513E-5 2.62918E-5 1.30262E-5 3.46225E-5 1.13629E-4 1.36925E-4 2.38502E-4 9.83513E-5 3.81292E-5 1.11927E-4 3.20395E-5 5.02774E-6 4.11153E-5 6.03269E-4 3.89754E-3 7.81471E-3 7.27841E-3 5.30946E-3 4.70832E-3 5.3446E-3 4.31833E-3 1.91103E-3 2.57386E-3 4.77718E-3 4.2503E-3 8.27249E-3 8.61241E-3 9.18736E-3 9.07373E-3 6.8657E-3 5.42555E-3 5.49402E-3 6.95205E-3 7.43249E-3 8.37596E-3 1.03082E-2 1.19757E-2 1.25756E-2
-9999 -9999 -9999 -9999 -9999 -9999 -9999 -9999 -9999 -9999 -9999 1.16198E-1 6.44843E-2 1.73481E-2 3.49763E-3 9.41055E-4 9.82843E-3 1.21775E-2 8.16184E-3 2.79739E-3 3.0861E-3 6.46811E-3 3.78515E-3 1.4616E-2 3.56017E-3 2.7103E-3 1.66861E-3 5.90017E-4 2.07424E-4 7.00721E-4 1.13567E-3 8.75241E-5 1.0528E-4 8.32627E-5 2.4414E-5 4.02545E-5 6.47869E-5 6.2478E-5 1.36448E-4 9.93827E-5 8.32786E-5 4.77226E-5 2.33665E-5 1.11471E-5 3.52041E-6 3.71326E-6 1.79615E-4 1.87843E-3 5.70755E-3 7.76279E-3 7.91317E-3 7.86617E-3 7.67582E-3 6.5434E-3 5.88675E-3 4.2503E-3 2.29583E-3 4.4508E-3 6.18026E-3 7.77093E-3 7.77093E-3 6.61201E-3 6.61201E-3 5.32219E-3 4.5996E-3 6.18026E-3 7.67372E-3 8.73982E-3 9.20311E-3 1.27165E-2
-9999 -9999 -9999 -9999 -9999 -9999 -9999 -9999 -9999 -9999 -9999 -9999 7.28583E-2 5.85709E-2 1.16459E-2 2.21644E-3 1.74641E-3 1.6118E-2 1.36192E-2 1.98693E-2 9.6736E-3 1.01281E-2 1.30767E-2 2.9168E-2 1.2801E-2 1.12782E-2 1.11154E-2 1.71706E-3 1.91182E-4 1.80218E-4 3.69909E-4 6.1416E-5 1.62069E-4 1.23293E-4 2.98131E-5 1.19734E-5 2.00046E-5 5.89237E-5 1.0247E-4 2.14545E-5 1.03165E-5 1.2723E-5 4.77226E-5 8.14929E-5 2.78016E-5 4.32281E-6 5.45085E-6 1.82245E-4 1.04187E-3 3.21807E-3 4.99545E-3 6.58063E-3 5.84728E-3 6.38292E-3 6.95205E-3 4.71736E-3 1.44971E-3 1.01435E-3 1.72639E-3 3.88916E-3 6.20659E-3 2.66921E-3 1.61579E-3 1.26519E-3 1.35467E-3 2.26673E-3 8.98013E-3 1.23746E-2 1.25312E-2 1.25312E-2
-9999 -9999 -9999 -9999 -9999 -9999 -9999 -9999 -9999 -9999 -9999 -9999 -9999 8.99934E-2 3.5518E-2 1.02998E-2 9.93129E-3 3.68984E-3 4.77309E-3 4.41921E-2 3.09283E-2 1.38678E-2 4.70846E-2 3.22938E-2 6.67657E-3 1.68823E-3 3.28264E-4 1.0113E-3 2.14961E-3 3.09383E-3 1.01487E-4 9.74059E-6 2.76822E-6 3.0298E-5 3.10342E-5 9.35227E-6 1.22071E-5 7.25369E-6 1.18789E-5 2.57208E-5 1.67776E-5 4.66783E-5 1.26132E-4 2.0329E-4 2.02697E-4 1.45949E-4 7.97718E-5 5.71884E-5 1.07134E-4 1.8244E-4 6.6998E-4 2.65612E-4 5.76921E-4 1.18893E-3 3.46392E-3 5.66945E-3 4.04064E-3 2.53986E-3 1.70441E-3 2.35441E-3 4.26102E-3 5.65408E-3 7.40189E-3 8.97715E-3 7.11155E-3 3.01963E-3 5.12252E-3 1.06841E-2 1.13574E-2 1.0435E-2
-9999 -9999 -9999 -9999 -9999 -9999 -9999 -9999 -9999 -9999 -9999 -9999 1.22013E-1 1.16149E-1 1.06529E-1 7.16846E-2 4.1288E-2 2.29822E-2 1.22574E-2 7.41098E-3 2.91627E-2 6.53765E-2 9.02299E-2 5.37647E-2 8.84799E-3 5.09238E-3 9.40741E-4 3.42077E-2 2.17936E-2 2.03383E-3 9.01705E-4 9.55861E-5 2.12281E-6 2.39203E-5 1.82938E-5 2.58349E-6 5.97936E-6 5.97282E-6 4.02382E-6 6.04197E-6 2.72889E-5 9.93958E-5 1.38769E-4 3.09012E-4 5.28976E-4 5.54232E-4 3.93092E-4 1.53E-4 8.50146E-5 3.41591E-5 7.72864E-5 9.38586E-5 1.06502E-4 1.67268E-4 7.55984E-4 3.63299E-3 5.02952E-3 5.87479E-3 4.02015E-3 2.76779E-3 3.27988E-3 4.59843E-3 8.75004E-3 9.79137E-3 8.53403E-3 4.09976E-3 3.20916E-3 5.65408E-3 5.65408E-3 4.69031E-3
-9999 -9999 -9999 -9999 -9999 -9999 -9999 -9999 -9999 -9999 -9999 -9999 -9999 -9999 -9999 1.19542E-1 5.90911E-2 5.34709E-2 5.82269E-2 1.58777E-2 3.32216E-2 3.72487E-2 5.87559E-2 9.78437E-2 9.43686E-2 2.20364E-2 1.32661E-2 2.68246E-2 4.96153E-2 2.17129E-2 3.55275E-2 6.64734E-3 2.26428E-4 1.0747E-4 2.5105E-5 3.20426E-6 2.56322E-6 1.40244E-5 1.91173E-5 4.24328E-6 8.68053E-6 3.13729E-5 8.3302E-5 1.50248E-4 5.65312E-4 7.92675E-4 8.68522E-4 7.41915E-4 3.45354E-4 9.1878E-5 1.39669E-5 3.88889E-5 1.31366E-4 3.39951E-4 7.29815E-4 2.23702E-3 3.98961E-3 6.12806E-3 6.65666E-3 3.04824E-3 4.59843E-3 7.90308E-3 1.06562E-2 1.06562E-2 8.6383E-3 4.09976E-3 4.59843E-3 3.20916E-3 1.70035E-3 9.6241E-4
-9999 -9999 -9999 -9999 -9999 -9999 -9999 -9999 -9999 -9999 -9999 -9999 -9999 -9999 -9999 -9999 1.37205E-1 1.31253E-1 1.28496E-1 1.03433E-1 6.04714E-2 1.11805E-1 1.62799E-1 1.34656E-1 2.48169E-1 2.20561E-1 2.59521E-1 2.64208E-1 1.00305E-1 4.75135E-3 7.27251E-3 4.89175E-3 8.85255E-4 7.83394E-4 1.52362E-4 3.98369E-6 3.20426E-6 3.22598E-6 3.99894E-5 6.619E-5 4.5025E-5 5.32962E-5 1.0625E-4 1.39175E-4 2.36717E-4 8.19908E-4 9.80621E-4 1.09047E-3 1.01578E-3 6.17654E-4 2.79819E-4 1.31158E-4 4.63216E-5 1.23472E-4 6.45559E-4 2.01516E-3 3.80819E-3 6.12806E-3 7.11155E-3 4.45635E-3 5.91472E-3 5.09937E-3 6.67686E-3 5.76348E-3 9.18129E-3 9.51862E-3 8.41842E-3 4.92919E-3 4.02015E-3 2.18094E-3
-9999 -9999 -9999 -9999 -9999 -9999 -9999 -9999 -9999 -9999 -9999 -9999 -9999 -9999 -9999 -9999 -9999 -9999 1.47804E-1 1.75373E-1 1.86768E-1 1.93733E-1 2.18653E-1 2.70069E-1 2.92337E-1 3.27394E-1 3.00744E-1 2.81151E-1 1.9159E-1 1.80581E-1 7.80818E-2 9.37237E-3 1.36769E-4 1.27816E-5 6.74308E-5 3.46752E-6 1.80314E-6 1.09956E-5 4.18867E-5 1.56236E-5 4.46158E-5 1.01888E-4 1.61998E-4 3.60802E-4 8.64966E-4 7.26033E-4 9.91949E-4 1.22934E-3 1.33976E-3 1.3244E-3 1.08044E-3 7.86416E-4 4.16075E-4 2.3396E-4 3.0836E-4 1.54469E-3 3.58718E-3 5.18836E-3 6.57197E-3 7.12261E-3 6.85225E-3 5.38762E-3 3.07426E-3 5.34611E-4 3.15516E-3 8.51364E-3 4.53946E-3 3.08781E-3 3.01963E-3 2.80904E-3
-9999 -9999 -9999 -9999 -9999 -9999 -9999 -9999 -9999 -9999 -9999 -9999 -9999 -9999 -9999 -9999 -9999 -9999 -9999 -9999 1.89493E-1 2.17413E-1 2.39718E-1 2.64192E-1 3.13462E-1 3.61191E-1 3.969E-1 4.01742E-1 3.55134E-1 3.8155E-1 3.97385E-1 1.98395E-1 4.54315E-2 2.37104E-2 2.74878E-3 2.73371E-4 2.80612E-6 1.33969E-5 9.09732E-6 2.17617E-5 8.43417E-5 1.09089E-4 2.23279E-4 4.38337E-4 5.85059E-4 7.41387E-4 5.93202E-4 6.48629E-4 1.12946E-3 1.40549E-3 1.52554E-3 1.52214E-3 1.33562E-3 1.02773E-3 8.46378E-4 1.499E-3 1.74401E-3 2.57253E-3 4.39942E-3 5.99159E-3 5.16609E-3 2.37595E-3 5.27822E-4 1.28127E-4 1.04676E-3 5.38762E-3 1.91786E-3 3.69465E-3 4.92919E-3 3.71248E-3
-9999 -9999 -9999 -9999 -9999 -9999 -9999 -9999 -9999 -9999 -9999 -9999 -9999 -9999 -9999 -9999 -9999 -9999 -9999 -9999 -9999 2.04001E-1 2.34018E-1 2.58849E-1 2.98259E-1 3.56626E-1 3.96242E-1 4.30648E-1 4.61104E-1 4.64633E-1 4.80404E-1 4.26799E-1 1.83067E-1 1.15376E-1 9.79474E-2 3.83106E-4 5.83647E-5 1.64805E-5 7.21706E-6 7.48246E-5 7.84242E-5 1.26363E-4 2.94394E-5 1.87753E-4 5.55164E-4 5.43876E-4 5.84206E-4 6.94232E-4 1.06885E-3 1.07404E-3 1.32407E-3 1.73265E-3 1.84877E-3 1.71831E-3 8.36917E-4 5.6206E-4 5.34833E-4 1.9343E-4 1.21145E-3 4.59843E-3 5.16609E-3 3.33019E-3 1.22224E-3 3.84134E-4 7.53074E-4 5.92656E-3 7.79806E-3 5.67418E-3 1.17402E-3 1.21923E-3
-9999 -9999 -9999 -9999 -9999 -9999 -9999 -9999 -9999 -9999 -9999 -9999 -9999 -9999 -9999 -9999 -9999 -9999 -9999 -9999 -9999 -9999 2.15075E-1 2.34436E-1 2.81909E-1 3.26851E-1 3.65802E-1 4.09184E-1 4.49389E-1 4.8913E-1 5.0157E-1 4.75349E-1 3.72794E-1 2.88677E-1 1.1019E-1 2.72129E-3 5.55418E-4 1.97701E-5 9.60224E-5 1.93273E-4 8.26492E-5 1.10056E-4 5.22962E-5 7.11027E-5 7.93252E-5 3.27821E-4 3.29775E-4 5.44942E-4 3.90752E-4 9.52206E-4 1.43715E-3 1.63815E-3 2.12663E-3 1.95455E-3 8.89759E-4 2.03292E-4 1.96088E-4 3.0836E-4 6.53696E-4 3.04824E-3 4.36639E-3 4.19894E-3 2.23201E-3 2.06796E-4 1.52107E-4 2.86819E-3 8.52777E-3 7.31387E-3 1.52529E-3 8.46378E-4
-9999 -9999 -9999 -9999 -9999 -9999 -9999 -9999 -9999 -9999 -9999 -9999 -9999 -9999 -9999 -9999 -9999 -9999 -9999 -9999 -9999 -9999 2.01337E-1 2.18867E-1 2.50659E-1 2.89373E-1 3.31151E-1 3.79737E-1 4.23074E-1 4.71787E-1 5.1469E-1 5.45814E-1 4.63936E-1 3.15992E-1 1.76044E-1 9.957E-2 9.74882E-3 4.1739E-4 1.44702E-5 7.18676E-4 8.63661E-5 2.11308E-5 5.08853E-5 5.40634E-5 4.62488E-5 8.33031E-5 2.52654E-4 2.63107E-4 1.57506E-4 9.77119E-4 1.6926E-3 2.04361E-3 2.10916E-3 1.834E-3 9.56789E-4 3.147E-4 9.40743E-5 8.50146E-5 1.4127E-4 1.08097E-3 2.83135E-3 3.37401E-3 3.28685E-3 2.01851E-3 5.76912E-4 1.29782E-3 7.70216E-3 8.31804E-3 3.93912E-3 1.83417E-3
-9999 -9999 -9999 -9999 -9999 -9999 -9999 -9999 -9999 -9999 -9999 -9999 -9999 -9999 -9999 -9999 -9999 -9999 -9999 -9999 -9999 -9999 -9999 2.02565E-1 2.24494E-1 2.56475E-1 2.95515E-1 3.28251E-1 3.8021E-1 4.35866E-1 4.8731E-1 5.14006E-1 5.10278E-1 3.18438E-1 1.98831E-1 7.6837E-2 1.23362E-2 2.92471E-3 1.62979E-3 6.95727E-4 5.73309E-4 5.03722E-5 7.61059E-6 5.82732E-5 5.52895E-5 2.08456E-5 3.55068E-5 1.9775E-4 2.41228E-4 3.51023E-4 6.48535E-4 1.4832E-3 1.56166E-3 1.73612E-3 1.30865E-3 7.84575E-4 3.22286E-4 1.04042E-4 1.51605E-5 8.60236E-5 2.51636E-4 1.06736E-3 2.12583E-3 3.15516E-3 2.18127E-3 2.60153E-3 6.22727E-3 8.86298E-3 6.55358E-3 1.92819E-3
-9999 -9999 -9999 -9999 -9999 -9999 -9999 -9999 -9999 -9999 -9999 -9999 -9999 -9999 -9999 -9999 -9999 -9999 -9999 -9999 -9999 -9999 -9999 1.8005E-1 2.04777E-1 2.24569E-1 2.49856E-1 2.76493E-1 3.26142E-1 3.77658E-1 4.40523E-1 4.78627E-1 4.77548E-1 3.99372E-1 2.39656E-1 1.37558E-1 4.74451E-4 4.85386E-3 2.68877E-2 8.30138E-3 4.82837E-3 4.87478E-4 5.66622E-4 1.88722E-4 4.17011E-5 3.60694E-5 1.35763E-5 5.03712E-5 1.6862E-4 1.73128E-4 3.5482E-4 1.08976E-3 1.08641E-3 1.50522E-3 1.92772E-3 1.73265E-3 1.1068E-3 6.25107E-4 7.45295E-5 2.41018E-5 5.30704E-6 1.53596E-4 1.25839E-3 2.41544E-3 2.18094E-3 9.78069E-4 1.66552E-3 7.29498E-3 8.20605E-3 4.68022E-3
-9999 -9999 -9999 -9999 -9999 -9999 -9999 -9999 -9999 -9999 -9999 -9999 -9999 -9999 -9999 -9999 -9999 -9999 -9999 -9999 -9999 -9999 1.4227E-1 1.5867E-1 1.77502E-1 1.97612E-1 2.14109E-1 2.28072E-1 2.66912E-1 3.26491E-1 3.88252E-1 4.33274E-1 4.61705E-1 4.20706E-1 3.55758E-1 2.0017E-1 2.29822E-2 1.20269E-4 6.6453E-4 3.79051E-3 1.69163E-3 1.1062E-4 2.72362E-4 6.08842E-5 2.18096E-5 3.96526E-5 1.11297E-5 3.1832E-5 7.79321E-5 9.91531E-5 1.6163E-4 4.60225E-4 8.7661E-4 1.15749E-3 1.0936E-3 2.114E-3 1.92373E-3 1.57821E-3 8.03561E-4 2.34315E-4 1.23336E-4 5.51664E-5 2.76905E-4 1.4718E-3 1.5956E-3 1.8263E-3 1.1998E-3 3.38924E-3 6.8657E-3 6.74675E-3
-9999 -9999 -9999 -9999 -9999 -9999 -9999 -9999 -9999 -9999 -9999 -9999 -9999 -9999 -9999 -9999 -9999 -9999 -9999 -9999 -9999 -9999 1.24716E-1 1.47218E-1 1.61328E-1 1.73439E-1 1.94687E-1 2.05018E-1 2.35969E-1 2.9564E-1 3.45569E-1 3.93226E-1 4.22819E-1 4.32046E-1 3.89015E-1 1.9258E-1 1.73714E-2 3.0328E-3 6.10453E-3 1.16303E-3 5.36516E-4 3.17601E-4 1.38854E-4 1.07909E-3 2.10543E-4 1.87466E-4 6.73516E-5 2.65535E-5 2.69241E-5 3.24128E-5 1.55577E-4 2.89827E-4 2.14209E-4 1.05592E-3 1.94491E-3 2.34603E-3 2.62079E-3 2.72439E-3 2.27451E-3 8.42664E-4 3.38015E-4 3.4191E-4 3.66428E-4 7.19055E-4 6.25107E-4 1.79415E-3 1.76092E-3 8.4541E-4 3.47383E-3 3.78727E-3
-9999 -9999 -9999 -9999 -9999 -9999 -9999 -9999 -9999 -9999 -9999 -9999 -9999 -9999 -9999 -9999 -9999 -9999 -9999 -9999 -9999 -9999 1.18011E-1 1.33837E-1 1.5096E-1 1.66632E-1 1.84529E-1 2.00511E-1 2.31168E-1 2.73659E-1 3.19772E-1 3.59185E-1 3.8511E-1 4.03145E-1 4.04319E-1 2.70285E-1 4.37846E-2 4.88282E-3 4.96083E-3 2.88942E-2 1.66837E-3 4.29844E-4 3.60391E-4 8.39079E-4 5.29161E-5 2.27243E-4 8.99304E-5 5.13687E-5 7.49758E-5 7.54497E-5 8.90612E-5 1.34867E-4 3.82133E-4 5.01026E-4 1.7935E-3 2.81301E-3 3.14369E-3 3.30918E-3 3.04977E-3 1.58157E-3 3.79132E-4 3.62227E-4 3.54005E-4 6.87437E-4 1.06704E-3 1.40489E-3 2.83277E-3 3.02009E-3 4.60099E-3 2.82158E-3
-9999 -9999 -9999 -9999 -9999 -9999 -9999 -9999 -9999 -9999 -9999 -9999 -9999 -9999 -9999 -9999 -9999 -9999 -9999 -9999 -9999 -9999 -9999 -9999 1.44661E-1 1.6113E-1 1.76009E-1 1.96043E-1 2.23232E-1 2.58572E-1 2.97398E-1 3.30121E-1 3.64661E-1 3.74392E-1 3.81576E-1 3.29163E-1 1.83701E-1 8.65182E-2 1.40706E-1 8.18091E-2 6.29901E-3 1.0663E-3 2.60061E-4 2.1604E-3 3.86839E-5 3.19177E-5 8.36695E-5 7.58586E-5 5.31552E-5 1.00986E-4 6.4444E-5 5.53119E-5 1.99722E-4 3.53577E-4 4.15692E-4 1.53779E-3 3.55805E-3 3.71038E-3 3.7407E-3 2.90081E-3 1.61674E-3 1.05664E-3 8.88863E-4 1.00894E-3 1.29134E-3 1.49109E-3 2.77385E-3 3.96989E-3 3.32647E-3 4.4903E-3
-9999 -9999 -9999 -9999 -9999 -9999 -9999 -9999 -9999 -9999 -9999 -9999 -9999 -9999 -9999 -9999 -9999 -9999 -9999 -9999 -9999 -9999 -9999 -9999 1.44495E-1 1.58468E-1 1.77168E-1 1.97307E-1 2.20082E-1 2.45547E-1 2.80312E-1 3.07674E-1 3.37001E-1 3.61247E-1 3.70104E-1 3.55151E-1 3.14793E-1 2.4032E-1 1.67698E-1 1.36218E-1 7.1438E-2 1.2897E-3 1.10422E-4 6.26276E-4 1.64672E-3 8.38785E-5 2.36652E-5 1.02525E-4 1.7517E-4 5.54444E-5 7.49236E-5 6.86296E-5 9.57169E-6 2.87576E-5 5.13331E-5 1.75475E-4 3.17988E-4 1.67315E-3 2.97407E-3 3.39698E-3 3.20823E-3 2.19006E-3 1.4832E-3 5.93202E-4 2.68805E-4 5.11518E-4 1.40064E-3 2.73679E-3 3.85189E-3 3.65791E-3
-9999 -9999 -9999 -9999 -9999 -9999 -9999 -9999 -9999 -9999 -9999 -9999 -9999 -9999 -9999 -9999 -9999 -9999 -9999 -9999 -9999 -9999 -9999 -9999 1.46771E-1 1.64611E-1 1.78241E-1 1.95461E-1 2.16621E-1 2.35788E-1 2.60241E-1 2.88845E-1 3.18045E-1 3.33563E-1 3.54095E-1 3.50297E-1 3.11144E-1 3.19566E-1 2.17647E-1 1.54409E-1 5.35991E-2 6.64173E-3 1.47392E-3 1.09062E-3 6.1729E-4 9.63554E-4 1.11032E-4 5.10876E-4 4.67715E-4 1.98793E-4 3.42647E-4 7.21323E-5 1.23204E-4 1.2714E-4 2.30728E-4 9.2495E-5 6.1814E-5 2.65676E-4 8.89333E-4 2.01328E-3 3.2919E-3 3.36463E-3 1.3633E-3 3.33242E-4 6.61999E-5 7.27774E-5 3.69473E-4 5.71556E-4 9.88081E-4 3.72355E-3
-9999 -9999 -9999 -9999 -9999 -9999 -9999 -9999 -9999 -9999 -9999 -9999 -9999 -9999 -9999 -9999 -9999 -9999 -9999 -9999 -9999 -9999 -9999 -9999 -9999 1.66947E-1 1.76343E-1 1.88005E-1 2.08797E-1 2.22952E-1 -9999 -9999 2.90554E-1 3.09386E-1 3.28197E-1 3.35506E-1 3.28397E-1 3.03984E-1 2.64735E-1 1.86439E-1 7.77084E-2 1.25155E-2 3.81781E-2 3.3599E-2 2.03161E-2 6.98625E-4 2.3013E-4 2.73473E-5 3.80592E-4 4.60324E-4 1.16593E-4 2.55575E-4 1.00746E-4 1.33312E-4 2.6744E-4 3.72682E-4 1.29765E-4 5.73806E-5 3.32304E-4 1.17106E-3 2.72898E-3 3.97306E-3 2.83998E-3 1.21605E-3 4.56476E-4 2.43758E-4 1.93194E-4 5.66386E-5 1.22016E-4 1.06758E-3
-9999 -9999 -9999 -9999 -9999 -9999 -9999 -9999 -9999 -9999 -9999 -9999 -9999 -9999 -9999 -9999 -9999 -9999 -9999 -9999 -9999 -9999 -9999 -9999 -9999 -9999 1.72059E-1 1.85058E-1 2.01082E-1 2.10354E-1 -9999 2.53579E-1 2.68615E-1 2.83785E-1 3.05961E-1 3.17684E-1 3.15007E-1 3.08184E-1 2.62996E-1 2.20615E-1 1.54922E-1 1.41239E-1 9.53464E-2 8.69477E-2 6.45661E-2 2.12796E-2 1.08292E-3 2.04491E-4 2.50908E-4 1.49479E-3 1.76207E-3 5.44684E-4 2.15708E-4 1.41108E-4 5.40713E-4 1.16836E-3 6.89424E-4 2.00194E-4 8.61667E-5 2.04968E-4 1.42219E-3 4.42976E-3 4.78144E-3 3.2117E-3 1.9145E-3 1.03198E-3 7.27796E-4 2.26755E-4 2.09689E-4 9.55223E-4
-9999 -9999 -9999 -9999 -9999 -9999 -9999 -9999 -9999 -9999 -9999 -9999 -9999 -9999 -9999 -9999 -9999 -9999 -9999 -9999 -9999 -9999 -9999 -9999 -9999 -9999 -9999 1.77782E-1 1.89487E-1 2.01082E-1 -9999 -9999 -9999 2.6036E-1 -9999 -9999 -9999 3.03834E-1 2.71377E-1 1.98644E-1 1.69437E-1 1.37647E-1 1.00191E-1 5.02774E-2 5.37963E-2 2.99586E-2 4.04531E-3 2.7057E-3 1.09062E-3 9.66473E-4 4.55478E-3 5.17154E-3 2.18254E-3 1.08151E-3 1.8026E-3 1.24438E-3 5.31285E-4 5.38972E-4 3.64333E-4 1.58872E-4 5.25579E-4 2.41329E-3 4.37437E-3 4.47759E-3 3.79679E-3 2.50285E-3 1.78416E-3 1.4438E-3 1.26819E-3 7.4599E-4
-9999 -9999 -9999 -9999 -9999 -9999 -9999 -9999 -9999 -9999 -9999 -9999 -9999 -9999 -9999 -9999 -9999 -9999 -9999 -9999 -9999 -9999 -9999 -9999 -9999 -9999 -9999 -9999 -9999 -9999 -9999 -9999 -9999 -9999 -9999 -9999 -9999 2.78478E-1 2.73217E-1 2.4179E-1 1.98106E-1 1.59282E-1 1.13398E-1 5.44629E-2 5.18403E-2 3.10635E-2 7.78413E-4 1.45066E-3 1.29844E-3 7.05248E-4 4.18399E-3 7.41517E-3 7.26746E-3 4.58369E-3 1.6387E-3 1.30513E-3 1.85042E-3 5.18094E-4 3.78361E-4 4.19832E-4 8.35026E-4 2.0321E-3 3.61095E-3 3.89113E-3 3.35808E-3 2.86148E-3 2.36247E-3 1.80329E-3 1.67452E-3 8.68167E-4
-9999 -9999 -9999 -9999 -9999 -9999 -9999 -9999 -9999 -9999 -9999 -9999 -9999 -9999 -9999 -9999 -9999 -9999 -9999 -9999 -9999 -9999 -9999 -9999 -9999 -9999 -9999 -9999 -9999 -9999 -9999 -9999 -9999 -9999 -9999 -9999 -9999 -9999 2.4466E-1 2.47786E-1 2.23158E-1 2.00057E-1 1.74484E-1 1.43903E-1 8.51137E-2 7.25349E-2 1.6289E-2 4.80913E-4 1.0179E-3 5.3452E-4 2.34431E-3 3.25501E-3 4.65743E-3 8.16324E-3 5.91852E-3 6.84762E-3 6.1693E-3 6.72912E-3 6.55627E-3 3.33724E-3 1.24249E-3 2.54815E-3 3.37427E-3 2.45887E-3 1.44824E-3 2.17343E-3 2.83958E-3 3.13339E-3 2.56402E-3 1.78183E-3
-9999 -9999 -9999 -9999 -9999 -9999 -9999 -9999 -9999 -9999 -9999 -9999 -9999 -9999 -9999 -9999 -9999 -9999 -9999 -9999 -9999 -9999 -9999 -9999 -9999 -9999 -9999 -9999 -9999 -9999 -9999 -9999 -9999 -9999 -9999 -9999 -9999 -9999 -9999 2.39083E-1 2.34135E-1 2.20672E-1 2.1205E-1 1.74356E-1 1.35154E-1 6.69463E-2 6.11912E-2 4.65726E-3 3.48937E-4 2.60044E-3 4.02012E-3 9.69115E-3 6.52588E-3 6.24E-3 8.27729E-3 9.36235E-3 8.67223E-3 6.0608E-3 5.63973E-3 4.93504E-3 6.25256E-3 1.10801E-3 2.08398E-3 8.21214E-4 1.3933E-3 1.85628E-3 2.18831E-3 3.3694E-3 3.50087E-3 2.86913E-3
