KUENM/Final_Models/M_0.1_F_lq_Set_2_NE/sp1_7_se_asia.asc
ncols         320
nrows         243
xllcorner     44.0
yllcorner     -0.666666666666667
cellsize      0.166666666666667
NODATA_value  -9999
[rows 31 to 61 of 243, columns 70 to 139 of 320]
1.45011E-2 1.50049E-2 1.48406E-2 1.50049E-2 1.50049E-2 1.43426E-2 1.41855E-2 1.30864E-2 7.67479E-3 5.27867E-3 1.02154E-2 1.15145E-2 1.08993E-2 7.62637E-3 6.08997E-3 5.15355E-3 6.24747E-3 8.13058E-3 1.00537E-2 1.0562E-2 1.0511E-2 1.05505E-2 1.03789E-2 1.01066E-2 8.95747E-3 3.88362E-3 6.06598E-3 4.09488E-3 1.53965E-3 5.22044E-3 9.08235E-3 1.04641E-2 9.3363E-3 9.73857E-3 8.85331E-3 5.75457E-3 3.92386E-3 2.68939E-3 1.74541E-3 4.06221E-4 4.14534E-4 1.12437E-4 7.1899E-5 9.02005E-6 1.57369E-6 2.60078E-6 2.29316E-6 7.77316E-7 3.09821E-7 2.09289E-7 4.10379E-8 5.51249E-8 1.17001E-8 8.0118E-8 1.46445E-7 3.34209E-7 3.97152E-7 6.36098E-7 2.80632E-7 1.87104E-7 2.82805E-7 1.37061E-7 4.26175E-8 2.27152E-8 1.04328E-8 3.44897E-9 1.70854E-9 7.88001E-9 9.89278E-10 1.17031E-9
1.48423E-2 1.48423E-2 1.48423E-2 1.48423E-2 1.41994E-2 1.35782E-2 1.45204E-2 1.34207E-2 9.5088E-3 6.14793E-3 1.10754E-2 1.1321E-2 1.04394E-2 5.18406E-3 1.42116E-3 1.41124E-3 2.90045E-3 5.53251E-3 7.85101E-3 9.43432E-3 9.91276E-3 1.04095E-2 1.11976E-2 7.48331E-3 9.47227E-3 1.1678E-2 9.0412E-3 9.46846E-3 4.6999E-3 3.87289E-3 7.3473E-3 8.0055E-3 7.16915E-3 8.72749E-3 1.17623E-2 1.01524E-2 8.68069E-3 7.07087E-3 5.58908E-3 3.77655E-3 3.20832E-3 1.33256E-3 6.14094E-5 2.29316E-6 3.24874E-5 2.79232E-4 7.50062E-5 5.25868E-6 4.67946E-7 9.2051E-7 9.72284E-7 2.59097E-7 1.94394E-7 1.84866E-7 1.28373E-7 2.62154E-7 2.60168E-7 6.34393E-8 7.88296E-8 3.31423E-8 2.95168E-8 1.52982E-8 8.89482E-9 8.07748E-9 4.13974E-9 7.69426E-9 6.96709E-9 5.63083E-9 1.53599E-8 4.04468E-9
1.54829E-2 1.53091E-2 1.53091E-2 1.44941E-2 1.10639E-2 7.87222E-3 1.13178E-2 1.09253E-2 7.5285E-3 7.87232E-3 1.20839E-2 1.14917E-2 9.61471E-3 6.63732E-3 2.54182E-3 1.0608E-3 5.87828E-4 2.90045E-3 4.92171E-3 4.73354E-3 5.4366E-3 8.89224E-3 1.11386E-2 7.76936E-3 5.74248E-3 1.39431E-2 1.52924E-2 1.48176E-2 1.34365E-2 1.17047E-2 9.19518E-3 7.39253E-3 9.50235E-3 9.37574E-3 9.24166E-3 6.15323E-3 3.86483E-3 6.9559E-3 9.25193E-3 7.76356E-3 5.78492E-3 4.29293E-3 1.96244E-3 1.29924E-3 6.13514E-4 1.52059E-5 1.47526E-6 2.40739E-6 1.36826E-6 1.19329E-6 3.42927E-7 3.98712E-8 3.09849E-8 4.14313E-8 2.2733E-8 2.57279E-8 2.53662E-8 2.84919E-8 6.11546E-8 3.64131E-8 3.26779E-8 2.37067E-8 5.20631E-8 8.29444E-8 3.16256E-8 2.65818E-8 1.7641E-8 4.26436E-8 1.00065E-8 5.91611E-8
1.57545E-2 1.49274E-2 1.47575E-2 1.33812E-2 9.17714E-3 3.5313E-3 7.43698E-3 8.08877E-3 5.37853E-3 9.79992E-3 1.19735E-2 1.07525E-2 8.31993E-3 6.42635E-3 4.43134E-3 2.73386E-3 5.35075E-4 2.44769E-4 1.2813E-3 1.80164E-3 2.26398E-3 4.32178E-3 7.52884E-3 9.39083E-3 7.98438E-3 1.4148E-2 1.48787E-2 1.81127E-2 1.9003E-2 1.82915E-2 1.82747E-2 1.65046E-2 1.21466E-2 1.05788E-2 5.86816E-3 1.77617E-3 3.47413E-3 5.26458E-3 3.58643E-3 2.38558E-3 9.18048E-4 1.98339E-4 3.63314E-5 9.8037E-6 1.45853E-5 5.33166E-6 1.71043E-6 3.32669E-6 6.83261E-7 2.50212E-7 1.10536E-7 9.40909E-8 5.16918E-8 5.7075E-8 3.99748E-8 3.8831E-8 9.63183E-8 6.16076E-8 4.48167E-8 1.07578E-7 1.6664E-7 4.20221E-8 5.83216E-8 3.24211E-7 1.9572E-7 8.71786E-8 1.39638E-8 7.83342E-9 7.1073E-8 2.08403E-7
1.53384E-2 1.51622E-2 1.45372E-2 1.30764E-2 6.86111E-3 5.27752E-3 9.29752E-3 4.96742E-3 2.51097E-3 6.76105E-3 1.14465E-2 1.06331E-2 8.13848E-3 5.16481E-3 3.82038E-3 3.8405E-3 2.62263E-3 7.90481E-4 5.9943E-4 2.05168E-3 2.54375E-3 1.75151E-3 4.02636E-3 6.90774E-3 7.45488E-3 1.15447E-2 9.91276E-3 1.38723E-2 1.86009E-2 1.91611E-2 1.43959E-2 1.5774E-2 1.1678E-2 5.99139E-3 3.47316E-3 3.5663E-3 4.20351E-3 3.03781E-3 1.28009E-3 3.77882E-4 2.0796E-4 4.33905E-5 3.17076E-6 1.2358E-6 1.50366E-6 2.69635E-6 4.35031E-6 1.53734E-6 1.41881E-7 1.11315E-7 6.76739E-8 4.67863E-8 3.6934E-8 8.74845E-8 1.08385E-7 1.32007E-7 5.02217E-8 7.82517E-8 3.29096E-8 4.54679E-8 6.01788E-7 1.4223E-7 1.4223E-7 9.12294E-7 2.94959E-8 3.77295E-8 2.19636E-8 5.29741E-8 4.47787E-7 1.4751E-7
1.47415E-2 1.49148E-2 1.29911E-2 9.52485E-3 8.26855E-3 1.30388E-2 1.63784E-2 1.15622E-2 2.5769E-3 2.03574E-3 8.72326E-3 1.00523E-2 7.78519E-3 6.28445E-3 4.44833E-3 4.38427E-3 4.27212E-3 3.28756E-3 1.31824E-3 6.39167E-4 1.77957E-3 2.2345E-3 3.42111E-3 5.12293E-3 3.06636E-3 3.15725E-3 9.7578E-3 1.04981E-2 1.63694E-2 1.81798E-2 1.57861E-2 1.65904E-2 1.09826E-2 5.28568E-3 5.96223E-3 6.56765E-3 3.95928E-3 2.27456E-3 9.90725E-4 9.43445E-4 2.96217E-4 6.6942E-5 3.03933E-5 3.83694E-6 3.80864E-6 8.28744E-7 2.0419E-7 1.03086E-7 3.30835E-7 1.35032E-7 4.38159E-7 3.77092E-7 2.70189E-7 5.7075E-8 8.74845E-8 1.07578E-7 6.29785E-8 2.82805E-7 4.9695E-7 1.37302E-6 1.55247E-6 7.52104E-8 6.40044E-7 4.11235E-6 1.87561E-7 1.54026E-6 6.66383E-6 1.46833E-6 3.53805E-8 3.7213E-9
1.56305E-2 1.38119E-2 1.03053E-2 4.75317E-3 4.92291E-3 1.45699E-2 1.92567E-2 1.73358E-2 8.14333E-3 7.11641E-4 4.32377E-3 7.11607E-3 5.39055E-3 5.33783E-3 5.39858E-3 5.10258E-3 4.7602E-3 3.55708E-3 4.13423E-3 2.0924E-3 9.48873E-4 1.48359E-3 1.87013E-3 1.57414E-3 3.79375E-3 4.32684E-3 9.00149E-3 1.30604E-2 1.59853E-2 1.75604E-2 1.69951E-2 1.65357E-2 1.3201E-2 9.91276E-3 8.44355E-3 6.16634E-3 4.17026E-3 2.53552E-3 1.92622E-3 1.53791E-3 5.12622E-4 9.11537E-5 5.51505E-5 3.88884E-5 1.80946E-6 8.79444E-7 3.13542E-6 1.17522E-5 1.04008E-5 5.29098E-6 1.18779E-6 7.79959E-7 3.34209E-7 3.31692E-7 1.52883E-7 5.74888E-8 2.98311E-7 3.71442E-7 9.05093E-6 2.92814E-5 7.16044E-6 1.37944E-7 1.06658E-5 5.02314E-5 1.6751E-5 9.51009E-6 2.39775E-7 8.16162E-9 8.49429E-9 9.02743E-8
1.49109E-2 1.12316E-2 7.43086E-3 3.47464E-3 4.75317E-3 1.26895E-2 1.81015E-2 1.90331E-2 1.14284E-2 2.11696E-3 2.14084E-3 5.67377E-3 5.56306E-3 4.32363E-3 5.05293E-3 5.39858E-3 5.45326E-3 4.64347E-3 5.12949E-3 4.29362E-3 2.38496E-3 1.12649E-3 7.40059E-4 4.48748E-4 9.86861E-4 4.70566E-4 1.31944E-3 8.27335E-3 1.55865E-2 1.81652E-2 1.6677E-2 1.42274E-2 1.22968E-2 1.03171E-2 8.29533E-3 5.99168E-3 3.49573E-3 2.66126E-3 3.26075E-3 3.26075E-3 2.5399E-3 1.30966E-3 3.52145E-4 8.92802E-5 5.98191E-5 1.79843E-4 1.31717E-4 2.92814E-5 2.39025E-6 6.8795E-6 4.21286E-6 1.04943E-6 1.12472E-7 1.54029E-7 4.51234E-7 6.93287E-7 2.8321E-6 1.43933E-6 7.72605E-6 1.23507E-5 1.26206E-4 6.1744E-7 2.12975E-5 1.97149E-4 1.45186E-5 3.56894E-6 6.08353E-7 6.22224E-8 1.26141E-7 4.05206E-8
1.39792E-2 1.14562E-2 6.265E-3 6.17546E-3 6.82041E-3 9.96496E-3 1.70055E-2 1.98183E-2 1.76155E-2 9.5233E-3 3.07452E-3 5.19904E-3 7.48631E-3 6.52128E-3 6.39847E-3 5.82561E-3 5.22149E-3 4.60862E-3 4.64347E-3 3.88141E-3 2.939E-3 1.27894E-3 5.11319E-4 1.97749E-4 3.52751E-4 2.59035E-4 4.53049E-4 1.24402E-3 1.08549E-2 1.50144E-2 1.32261E-2 1.21198E-2 1.13199E-2 9.31544E-3 6.78058E-3 6.02278E-3 3.90872E-3 3.71244E-3 4.15447E-3 4.4576E-3 2.48854E-3 1.09168E-3 5.62602E-4 7.95534E-4 3.48632E-4 5.78277E-4 2.0931E-4 1.13808E-4 2.46455E-4 7.57079E-5 2.34832E-5 4.96144E-6 3.71442E-7 2.93829E-7 5.08518E-7 1.93564E-6 1.01526E-5 5.94859E-6 3.48846E-5 3.17937E-4 1.05049E-4 1.86258E-5 2.16511E-4 4.87519E-5 1.75612E-6 4.91365E-8 9.5347E-8 1.60632E-7 5.07567E-8 2.94317E-8
1.20434E-2 1.23342E-2 9.3933E-3 6.91319E-3 5.30251E-3 5.9419E-3 1.27813E-2 1.7681E-2 2.02885E-2 1.82433E-2 3.29496E-3 3.91007E-3 1.02046E-2 1.01894E-2 9.23206E-3 5.57364E-3 5.28144E-3 2.97926E-3 1.77213E-3 1.73184E-3 2.14673E-3 8.41649E-4 4.03448E-4 4.35376E-4 8.94015E-4 1.02964E-3 1.34496E-3 7.11565E-4 6.91815E-3 1.30929E-2 1.15725E-2 1.20212E-2 1.14968E-2 8.30339E-3 7.30366E-3 4.84515E-3 2.90673E-3 3.22492E-3 4.89551E-3 2.44445E-3 1.63543E-3 2.36111E-3 2.17713E-3 5.12614E-4 3.41056E-4 2.41986E-4 1.11838E-3 3.0775E-4 2.45126E-5 1.89536E-5 1.72707E-6 2.18029E-7 3.00568E-7 1.417E-6 1.29636E-5 1.21974E-4 1.58751E-4 3.37298E-6 2.00898E-4 1.28329E-3 1.53201E-4 2.29488E-4 6.23391E-5 9.67489E-6 7.42013E-7 6.02597E-7 1.76937E-6 7.86529E-8 9.79368E-8 1.89436E-7
6.59167E-3 1.28657E-2 1.00393E-2 6.265E-3 3.90787E-3 4.04836E-3 1.06522E-2 1.36503E-2 1.43999E-2 1.73358E-2 1.31912E-2 1.06945E-2 1.39754E-2 1.28254E-2 1.22667E-2 1.03976E-2 8.85167E-3 6.48513E-3 2.53456E-3 3.26756E-3 3.40986E-3 2.48906E-3 1.84342E-3 4.60491E-4 2.00614E-4 1.18207E-3 2.48865E-3 3.09293E-3 6.78103E-3 1.0615E-2 1.51706E-2 1.38548E-2 1.11458E-2 8.28239E-3 8.28239E-3 7.30916E-3 5.75455E-3 5.31375E-3 4.62369E-3 3.85594E-3 4.82263E-3 3.60355E-3 4.74564E-3 4.61826E-3 2.66843E-3 1.34618E-3 1.15893E-3 7.36803E-5 1.387E-5 2.26106E-6 1.02515E-6 8.3351E-6 5.87767E-6 1.82782E-5 4.30532E-4 3.91364E-4 4.37787E-5 2.45794E-5 1.89827E-3 3.26727E-3 4.43164E-4 3.28706E-5 1.79392E-4 4.65281E-5 1.58093E-5 1.66287E-5 1.39016E-6 2.40954E-8 4.8502E-7 1.14738E-5
6.83741E-3 9.68584E-3 8.26585E-3 6.91319E-3 6.10293E-3 6.4914E-3 9.73292E-3 1.28396E-2 1.29911E-2 1.3975E-2 1.63784E-2 1.79515E-2 1.59903E-2 1.31038E-2 1.32547E-2 1.17188E-2 1.11746E-2 8.95102E-3 6.41411E-3 5.04752E-3 1.18567E-3 5.45089E-4 7.67985E-4 9.21229E-4 3.84054E-4 2.79261E-4 2.48906E-3 3.37383E-3 6.08686E-3 1.16188E-2 1.46831E-2 1.58571E-2 1.34207E-2 9.72222E-3 6.91323E-3 7.50796E-3 8.28158E-3 5.76508E-3 4.93883E-3 9.72222E-3 9.67214E-3 8.44153E-3 7.70619E-3 4.45679E-3 4.13423E-3 2.79033E-3 1.72688E-3 3.32599E-4 1.87496E-4 1.75443E-5 2.15633E-5 3.4021E-5 5.75485E-5 5.67792E-4 1.81468E-3 5.96937E-4 1.18795E-4 1.15521E-4 2.81088E-3 1.84377E-3 3.457E-4 1.34434E-3 7.05362E-4 2.36456E-4 1.38191E-5 6.37482E-7 2.29041E-7 1.50144E-7 6.38143E-6 3.80047E-5
5.61493E-3 1.04562E-2 9.37176E-3 7.17146E-3 8.27329E-3 6.32267E-3 7.98279E-3 1.14013E-2 1.00827E-2 5.85995E-3 8.54788E-3 1.67632E-2 1.69584E-2 1.33812E-2 1.31038E-2 1.15866E-2 9.33668E-3 9.54881E-3 7.47986E-3 5.10862E-3 3.45007E-3 2.53456E-3 7.83622E-4 6.51619E-4 8.93276E-4 6.58304E-4 2.14839E-3 2.78323E-3 2.89589E-3 9.5088E-3 1.54829E-2 1.71938E-2 1.24064E-2 7.10372E-3 8.32811E-3 1.11902E-2 1.04403E-2 9.96015E-3 1.10696E-2 1.08146E-2 9.91069E-3 8.37404E-3 6.35362E-3 4.49649E-3 2.10233E-3 1.45913E-3 7.20915E-4 7.28148E-4 2.35592E-4 1.72752E-4 1.65146E-4 7.43437E-5 4.9317E-4 1.65142E-3 3.34516E-3 1.20852E-3 8.69667E-4 1.40665E-3 8.09369E-3 2.67734E-3 4.26785E-3 3.77221E-3 7.92745E-4 2.77587E-5 3.9631E-7 1.29046E-5 4.11545E-5 6.11631E-5 1.21342E-4 4.12776E-5
6.67534E-3 1.06626E-2 1.14032E-2 9.07968E-3 9.6186E-3 1.04034E-2 8.27419E-3 1.11646E-2 9.97556E-3 4.79935E-3 3.185E-3 1.54449E-2 1.7655E-2 1.55162E-2 1.58769E-2 1.41367E-2 9.23206E-3 6.59466E-3 4.42022E-3 3.14722E-3 1.66263E-3 2.12453E-3 2.53456E-3 1.03405E-3 9.54998E-4 1.45589E-3 2.56188E-3 3.03002E-3 2.26233E-3 2.58162E-3 1.09253E-2 1.65514E-2 1.45892E-2 1.11971E-2 1.32281E-2 1.21103E-2 1.16972E-2 9.8633E-3 1.08002E-2 9.63416E-3 8.40201E-3 2.42761E-3 2.60968E-3 4.12275E-3 4.50974E-3 4.87674E-3 2.46301E-3 2.75981E-3 2.26096E-3 1.0194E-3 2.47105E-4 5.57827E-4 1.97883E-3 3.94764E-3 5.70875E-3 6.11309E-3 7.62802E-3 7.25204E-3 1.30551E-3 1.87493E-3 2.14907E-3 6.90059E-4 1.33336E-4 2.17784E-5 2.16202E-5 2.22909E-4 3.91869E-4 3.20225E-4 7.38082E-5 2.31383E-4
3.19911E-3 7.88832E-3 8.07889E-3 9.3933E-3 8.87678E-3 7.98279E-3 8.471E-3 1.12681E-2 1.25903E-2 9.74939E-3 9.1907E-3 2.13027E-2 2.18045E-2 1.83718E-2 1.93303E-2 1.63626E-2 1.36918E-2 1.10639E-2 8.23525E-3 6.8698E-3 4.42022E-3 2.25718E-3 8.22001E-4 7.8231E-4 1.87108E-3 1.64492E-3 1.10154E-3 2.76134E-3 6.52128E-3 4.94233E-3 5.9825E-3 1.27774E-2 1.48149E-2 1.48149E-2 1.2484E-2 1.32986E-2 1.25409E-2 1.20122E-2 1.18711E-2 1.04272E-2 1.03299E-2 8.02671E-3 9.38983E-3 1.04403E-2 1.01663E-2 8.61183E-3 7.34408E-3 6.77562E-3 4.7602E-3 2.41212E-3 1.64178E-3 2.70212E-3 3.8726E-3 6.12151E-3 8.24702E-3 9.52856E-3 7.84467E-3 3.45033E-3 8.11984E-4 5.70614E-4 4.88281E-4 6.79273E-4 4.50082E-4 1.04405E-3 9.10999E-4 1.46211E-3 7.2176E-4 6.07603E-4 6.63724E-4 3.457E-4
1.85768E-3 3.86196E-3 2.7111E-3 6.56837E-3 1.01845E-2 1.00827E-2 1.10346E-2 1.15358E-2 1.43061E-2 1.263E-2 1.16972E-2 2.40295E-2 2.34692E-2 2.15041E-2 2.04074E-2 1.88893E-2 1.70499E-2 1.35358E-2 1.04403E-2 6.71738E-3 4.88758E-3 2.32434E-3 1.29187E-3 1.02893E-3 2.37552E-3 4.22878E-3 1.33692E-3 1.4281E-3 6.16437E-3 7.31836E-3 8.02671E-3 1.2087E-2 1.47415E-2 1.67375E-2 1.58954E-2 1.43148E-2 1.3414E-2 1.30196E-2 1.28657E-2 1.19608E-2 1.16369E-2 1.08002E-2 1.16972E-2 1.1195E-2 1.06917E-2 1.03057E-2 9.33668E-3 7.18312E-3 6.02058E-3 4.70924E-3 5.20167E-3 6.56143E-3 8.04401E-3 9.03029E-3 1.05539E-2 1.13342E-2 7.48305E-3 4.14078E-3 1.5505E-3 2.43783E-3 3.01346E-3 4.23246E-3 3.96549E-3 3.67401E-3 1.66692E-3 1.14413E-3 1.69668E-3 1.60006E-3 6.89733E-4 1.66245E-4
1.65849E-3 2.58836E-3 2.24618E-3 2.55741E-3 8.07712E-3 1.05503E-2 1.56305E-2 1.98183E-2 1.92567E-2 1.92567E-2 1.92567E-2 2.57501E-2 2.23562E-2 2.26175E-2 2.31475E-2 2.17543E-2 1.88893E-2 1.56957E-2 1.13257E-2 7.78354E-3 4.57358E-3 3.47688E-3 2.80665E-3 1.57559E-3 1.11765E-3 2.22466E-3 2.36582E-3 1.18273E-3 4.56938E-3 4.71882E-3 7.18548E-3 1.19138E-2 1.55247E-2 1.70655E-2 1.55921E-2 1.49821E-2 1.40503E-2 1.34881E-2 1.40503E-2 1.34881E-2 1.31749E-2 1.23937E-2 1.19138E-2 1.19472E-2 1.19713E-2 1.18492E-2 1.10639E-2 8.89125E-3 8.42183E-3 8.37404E-3 8.65643E-3 9.51038E-3 1.06674E-2 1.13752E-2 1.33656E-2 8.50088E-3 5.37252E-3 1.81399E-3 2.80029E-3 5.56444E-3 7.72879E-3 1.07425E-2 1.06459E-2 5.22956E-3 4.2979E-3 4.54095E-3 2.69864E-3 1.45342E-3 3.50947E-4 2.5963E-4
8.58448E-4 2.59423E-4 1.481E-3 1.57782E-3 4.68994E-3 1.08002E-2 1.40398E-2 1.85301E-2 2.48807E-2 2.72242E-2 2.75432E-2 2.43114E-2 2.12564E-2 2.40218E-2 2.40218E-2 2.43021E-2 2.25752E-2 1.72508E-2 1.23923E-2 7.78354E-3 5.37853E-3 4.08968E-3 4.5227E-3 3.52426E-3 1.15757E-3 8.59189E-4 2.68514E-3 2.35324E-3 4.41678E-3 6.24203E-3 7.12868E-3 9.96496E-3 1.43148E-2 1.73601E-2 1.56979E-2 1.50969E-2 1.46878E-2 1.46878E-2 1.43386E-2 1.37178E-2 1.33276E-2 1.39792E-2 1.38997E-2 1.38119E-2 1.35564E-2 1.263E-2 1.1195E-2 9.96015E-3 1.01894E-2 1.05415E-2 1.09034E-2 1.15572E-2 1.28006E-2 1.39746E-2 1.46981E-2 1.30365E-2 1.15447E-2 9.18794E-3 8.79174E-3 1.17047E-2 1.39991E-2 1.31851E-2 1.2445E-2 1.06682E-2 6.42997E-3 4.77452E-3 5.17682E-3 1.23352E-3 2.38502E-4 4.64119E-4
1.35833E-3 7.75326E-4 4.99313E-4 3.54577E-4 2.48287E-3 7.10322E-3 7.63996E-3 4.51804E-3 6.79963E-3 2.72242E-2 3.09779E-2 2.31794E-2 2.40218E-2 2.54668E-2 2.60517E-2 2.60517E-2 2.43114E-2 2.12564E-2 1.5625E-2 1.13246E-2 8.84782E-3 3.65038E-3 2.585E-3 6.53443E-3 6.20554E-3 3.44642E-3 4.71882E-3 4.96742E-3 7.38066E-3 9.52485E-3 8.26855E-3 1.03053E-2 1.48048E-2 1.73896E-2 1.71816E-2 1.63479E-2 1.63479E-2 1.51403E-2 1.47374E-2 1.56979E-2 1.54637E-2 1.54637E-2 1.5225E-2 1.43148E-2 1.25409E-2 1.11646E-2 1.05652E-2 1.1195E-2 1.09434E-2 1.19913E-2 1.3121E-2 1.34221E-2 1.46769E-2 1.41619E-2 1.63388E-2 1.81652E-2 1.77414E-2 1.77368E-2 2.05174E-2 2.01414E-2 1.95576E-2 1.94728E-2 1.76464E-2 1.46335E-2 1.43939E-2 1.13052E-2 6.79909E-3 2.40341E-3 1.38935E-3 1.25106E-3
3.15023E-3 1.09781E-3 1.48659E-3 6.01754E-4 8.35492E-4 3.36999E-3 7.52241E-3 1.11971E-2 1.38156E-2 3.2197E-2 3.41897E-2 2.94071E-2 2.78652E-2 2.75432E-2 2.81371E-2 2.81371E-2 2.66377E-2 2.31968E-2 1.87475E-2 1.29262E-2 1.29262E-2 1.19713E-2 8.02671E-3 7.35236E-3 9.1907E-3 5.30042E-3 4.81543E-3 8.56275E-3 8.7735E-3 7.68471E-3 1.15005E-2 1.13207E-2 1.46292E-2 1.76196E-2 1.71988E-2 1.63703E-2 1.65701E-2 1.61725E-2 1.63703E-2 1.61515E-2 1.63479E-2 1.61203E-2 1.58378E-2 1.26308E-2 1.16369E-2 1.19138E-2 1.20543E-2 1.19472E-2 1.22282E-2 1.32281E-2 1.47575E-2 1.57545E-2 1.46769E-2 1.20069E-2 1.27517E-2 1.59955E-2 1.71053E-2 1.98282E-2 2.26923E-2 2.42813E-2 2.3218E-2 2.45577E-2 2.05627E-2 1.90994E-2 1.26825E-2 1.27903E-2 4.0381E-3 1.86208E-3 1.74494E-3 1.35797E-3
5.06296E-3 4.13208E-3 2.12849E-3 9.58026E-4 9.26199E-5 4.38333E-4 5.91537E-3 8.82314E-3 1.42996E-2 2.97502E-2 3.56183E-2 3.29539E-2 3.06198E-2 3.09779E-2 3.06198E-2 3.0265E-2 2.78108E-2 2.31968E-2 2.0527E-2 1.7539E-2 1.46437E-2 1.57245E-2 1.34546E-2 8.44979E-3 9.5233E-3 5.52549E-3 1.80452E-3 9.30474E-3 1.17747E-2 9.84838E-3 1.06522E-2 1.48048E-2 1.54637E-2 1.76196E-2 1.69916E-2 1.69916E-2 1.65834E-2 1.65834E-2 1.67865E-2 1.72052E-2 1.69916E-2 1.71988E-2 1.71816E-2 1.62724E-2 1.47354E-2 1.37362E-2 1.32418E-2 1.28396E-2 1.34546E-2 1.48149E-2 1.64711E-2 1.8169E-2 1.48423E-2 1.3052E-2 1.30266E-2 1.41735E-2 1.66532E-2 1.72435E-2 1.9566E-2 2.01403E-2 2.0887E-2 2.54768E-2 2.13021E-2 1.97612E-2 1.93445E-2 1.31032E-2 2.00127E-3 1.3293E-3 1.2243E-3 1.06075E-3
2.00058E-3 5.54699E-3 3.6914E-3 1.7161E-3 7.42315E-4 3.49073E-4 2.05711E-3 4.88882E-3 1.99423E-3 1.97797E-2 3.33377E-2 3.45889E-2 3.79008E-2 3.64289E-2 3.49964E-2 3.6007E-2 3.34025E-2 2.57202E-2 2.13027E-2 1.66588E-2 1.28879E-2 1.49148E-2 1.71344E-2 1.06888E-2 1.00925E-2 6.60047E-3 5.27752E-3 9.30474E-3 1.16369E-2 1.3414E-2 1.28657E-2 1.58875E-2 1.82795E-2 1.80603E-2 1.74081E-2 1.65834E-2 1.65834E-2 1.69968E-2 1.74124E-2 1.78422E-2 1.78422E-2 1.76284E-2 1.80603E-2 1.55101E-2 1.32552E-2 1.31749E-2 1.38119E-2 1.42315E-2 1.53618E-2 1.72508E-2 1.88893E-2 1.97797E-2 1.65294E-2 1.38233E-2 1.22811E-2 1.54244E-2 1.71053E-2 1.91142E-2 1.91893E-2 2.13297E-2 2.21247E-2 2.82163E-2 2.97348E-2 3.49456E-2 3.42817E-2 1.25719E-2 8.49399E-4 7.43601E-4 5.11572E-4 5.15337E-4
4.5227E-3 1.96992E-3 4.13124E-3 3.26722E-3 2.5538E-3 7.5974E-4 6.44987E-4 1.19809E-3 1.32902E-3 9.91069E-3 1.97797E-2 3.53984E-2 4.23978E-2 4.29631E-2 4.30115E-2 4.30115E-2 3.99139E-2 3.05021E-2 2.42845E-2 2.00523E-2 1.64652E-2 1.58147E-2 1.7681E-2 1.41398E-2 1.11646E-2 8.46373E-3 7.86552E-3 6.34676E-3 6.96469E-3 1.2248E-2 1.6912E-2 1.80489E-2 1.94122E-2 1.87283E-2 1.80603E-2 1.67865E-2 1.74157E-2 1.78422E-2 1.8049E-2 1.74124E-2 1.45604E-2 1.36116E-2 1.47374E-2 1.34881E-2 1.34881E-2 1.39792E-2 1.49109E-2 1.62734E-2 1.67375E-2 1.87475E-2 2.12564E-2 1.94578E-2 1.72459E-2 1.38233E-2 1.40249E-2 1.71772E-2 1.86696E-2 2.16315E-2 2.22529E-2 2.3864E-2 2.59743E-2 2.79606E-2 3.59706E-2 4.03036E-2 3.59073E-2 3.07881E-3 1.11859E-3 4.32063E-4 4.71976E-4 6.44936E-4
5.81713E-3 4.99774E-3 2.03734E-3 1.93202E-3 2.75368E-3 2.99011E-3 7.75829E-4 3.07825E-4 6.78682E-4 1.76842E-3 5.45793E-3 2.98617E-2 4.13375E-2 4.23978E-2 4.30115E-2 4.35453E-2 4.25358E-2 3.95211E-2 3.07253E-2 2.65365E-2 2.23934E-2 2.03274E-2 1.62734E-2 1.29911E-2 1.04428E-2 9.19702E-3 4.76081E-3 4.03889E-3 4.17178E-3 5.43543E-3 1.64677E-2 1.98851E-2 2.10793E-2 1.98707E-2 1.85034E-2 1.78422E-2 1.74124E-2 1.8049E-2 1.9604E-2 1.76262E-2 1.32859E-2 1.36116E-2 1.30724E-2 1.3944E-2 1.42832E-2 1.5225E-2 1.64131E-2 1.79467E-2 1.90874E-2 2.13027E-2 2.31794E-2 2.13677E-2 1.75859E-2 1.65804E-2 1.71187E-2 1.96961E-2 2.26029E-2 2.47834E-2 2.53559E-2 2.79545E-2 3.07446E-2 3.45867E-2 4.12271E-2 3.99557E-2 1.14993E-2 4.6633E-3 9.82602E-3 8.98448E-3 7.76356E-3 4.0143E-3
6.70203E-3 6.02058E-3 3.82038E-3 6.85583E-4 7.06616E-4 1.57609E-3 2.56853E-3 1.86256E-3 6.72806E-5 3.04985E-4 9.49866E-4 1.82572E-2 4.08585E-2 4.35165E-2 4.1972E-2 4.0462E-2 4.05196E-2 4.3026E-2 3.80772E-2 3.02118E-2 2.85407E-2 2.3188E-2 1.77357E-2 1.3975E-2 1.03216E-2 8.46373E-3 5.02451E-3 4.31739E-3 5.33863E-3 3.94745E-3 1.18711E-2 2.10793E-2 2.20376E-2 2.10444E-2 2.05776E-2 1.82705E-2 1.8049E-2 1.93666E-2 1.98043E-2 1.98043E-2 1.82705E-2 1.87005E-2 1.61515E-2 1.51403E-2 1.65122E-2 1.71536E-2 2.03676E-2 2.08597E-2 2.23934E-2 2.37502E-2 2.40218E-2 1.97797E-2 1.70535E-2 1.90581E-2 2.05702E-2 2.28765E-2 2.51566E-2 2.73075E-2 2.9597E-2 3.26581E-2 3.64053E-2 4.3867E-2 4.82104E-2 3.59673E-2 3.74167E-3 1.61164E-2 1.787E-2 1.37436E-2 7.34935E-3 3.05528E-3
5.82523E-3 5.57222E-3 5.20167E-3 4.00623E-3 2.12044E-3 6.54932E-4 8.22427E-4 2.48516E-3 1.59906E-3 7.42783E-4 1.40674E-3 1.88001E-2 4.0167E-2 4.45737E-2 4.20382E-2 4.00446E-2 4.25388E-2 4.39581E-2 4.00446E-2 3.42423E-2 3.20584E-2 2.59174E-2 2.11046E-2 1.5006E-2 1.16716E-2 7.38066E-3 2.75673E-3 3.412E-3 5.33863E-3 5.21699E-3 1.33318E-2 2.25741E-2 2.35582E-2 2.25174E-2 2.2247E-2 2.07913E-2 2.05408E-2 1.89298E-2 1.93666E-2 2.1642E-2 2.20909E-2 2.07426E-2 1.82808E-2 1.74081E-2 1.85034E-2 2.13E-2 2.085E-2 1.70655E-2 2.26596E-2 2.48624E-2 2.31794E-2 1.94578E-2 2.01156E-2 2.16516E-2 2.40685E-2 2.68227E-2 2.88933E-2 3.14694E-2 3.54923E-2 3.9546E-2 4.5655E-2 5.15317E-2 5.40611E-2 2.38568E-2 1.17623E-2 1.69572E-2 1.35397E-2 8.32065E-3 2.10139E-3 1.47331E-3
1.85512E-3 2.43465E-3 3.19099E-3 3.42708E-3 2.90942E-3 3.15957E-3 1.64797E-3 2.50376E-3 2.78578E-3 1.12649E-3 1.34733E-4 6.28872E-3 2.48706E-2 3.93553E-2 4.50093E-2 4.3026E-2 4.20393E-2 4.15445E-2 4.00941E-2 3.52927E-2 3.31626E-2 2.96578E-2 2.13553E-2 1.70055E-2 1.38771E-2 4.6656E-3 2.41796E-3 3.95287E-3 5.58896E-3 5.27752E-3 1.49109E-2 2.41307E-2 2.54412E-2 2.43407E-2 2.32762E-2 2.29969E-2 2.21758E-2 2.07426E-2 2.04913E-2 2.04913E-2 2.1642E-2 2.11924E-2 2.07426E-2 2.09964E-2 2.12528E-2 2.13E-2 1.84868E-2 1.79467E-2 1.8864E-2 2.18411E-2 2.01729E-2 1.8169E-2 2.16628E-2 2.5413E-2 2.8609E-2 3.08831E-2 3.53991E-2 3.83525E-2 4.01734E-2 4.58367E-2 5.26418E-2 5.90868E-2 5.96543E-2 3.67696E-2 2.11155E-2 1.63021E-2 5.0204E-3 5.80388E-3 2.34815E-3 1.12963E-4
6.97296E-4 4.98285E-4 7.43321E-4 8.97928E-4 1.25635E-3 1.08015E-3 1.90171E-3 2.24607E-3 2.10463E-3 1.9319E-3 1.41019E-4 4.44477E-4 7.67479E-3 2.74877E-2 4.29872E-2 4.44019E-2 4.248E-2 4.00883E-2 4.148E-2 4.00883E-2 3.80772E-2 3.22292E-2 2.59174E-2 2.13553E-2 1.8375E-2 6.4603E-3 2.06808E-3 4.6656E-3 6.06534E-3 3.61234E-3 1.11646E-2 2.3626E-2 2.67744E-2 2.64549E-2 2.64549E-2 2.53323E-2 2.47277E-2 2.33791E-2 2.26365E-2 2.35542E-2 2.43053E-2 2.26365E-2 2.21758E-2 2.21758E-2 2.34758E-2 2.01118E-2 1.6079E-2 1.53421E-2 1.56305E-2 1.7539E-2 1.85849E-2 1.86995E-2 2.34924E-2 2.64695E-2 3.00818E-2 3.40934E-2 3.765E-2 4.28418E-2 4.60699E-2 5.28328E-2 5.91842E-2 6.34962E-2 5.96572E-2 2.1876E-2 1.76053E-2 1.30598E-2 4.80065E-3 2.15715E-3 1.05966E-3 1.13017E-3
3.63759E-4 1.44306E-4 2.23153E-4 4.13765E-4 8.22922E-4 1.25502E-3 9.64697E-4 1.04601E-3 3.75756E-4 7.83702E-5 4.0737E-4 9.99429E-5 1.79912E-3 1.7655E-2 3.64578E-2 4.44019E-2 4.32557E-2 4.19148E-2 4.1831E-2 4.41766E-2 4.0499E-2 3.68036E-2 3.29137E-2 2.8963E-2 2.05955E-2 1.033E-2 5.95803E-3 5.0391E-3 6.79963E-3 3.25239E-3 5.65302E-3 1.85922E-2 2.66853E-2 2.84657E-2 2.86363E-2 2.8294E-2 2.7955E-2 2.7432E-2 2.82426E-2 2.8713E-2 2.88244E-2 2.79012E-2 2.61611E-2 2.38432E-2 2.07913E-2 1.63152E-2 1.35743E-2 1.32418E-2 1.20543E-2 1.263E-2 1.42573E-2 1.82758E-2 2.29657E-2 2.64695E-2 2.94233E-2 3.57213E-2 3.98428E-2 4.34274E-2 5.03458E-2 5.5251E-2 6.17216E-2 6.35997E-2 4.48314E-2 1.64428E-2 1.83576E-2 1.35238E-2 7.80566E-3 3.53506E-3 3.29571E-3 1.00673E-2
1.8206E-3 7.95534E-4 4.11669E-4 1.66846E-4 8.53092E-5 6.42342E-4 9.69364E-4 7.38215E-4 6.4248E-4 3.75756E-4 1.63279E-4 3.62057E-4 1.12649E-3 8.13848E-3 3.22492E-2 4.15228E-2 4.28446E-2 4.41766E-2 4.45615E-2 4.36513E-2 4.27409E-2 3.8189E-2 3.42423E-2 3.13078E-2 2.13357E-2 4.99246E-3 4.88149E-3 3.40069E-3 4.5227E-3 5.84887E-3 3.73281E-3 8.2126E-3 1.81015E-2 2.72197E-2 3.02089E-2 3.08723E-2 3.09998E-2 2.95351E-2 3.0367E-2 3.07376E-2 2.9064E-2 2.7432E-2 2.30961E-2 1.98437E-2 1.71816E-2 1.34881E-2 8.77643E-3 9.745E-3 8.9801E-3 9.97315E-3 1.21241E-2 1.5623E-2 1.98914E-2 2.22778E-2 2.78802E-2 3.61411E-2 4.25037E-2 4.62679E-2 5.23835E-2 5.85096E-2 6.51613E-2 6.46547E-2 4.69202E-2 2.42813E-2 1.97596E-2 5.90672E-3 5.66773E-3 2.14932E-3 2.72619E-3 2.14898E-2
3.26648E-3 1.73161E-3 6.46832E-4 1.75652E-4 3.58085E-5 1.06799E-4 1.03318E-4 9.46911E-5 1.44637E-4 7.3921E-5 6.01793E-4 1.41359E-3 1.29392E-3 5.76267E-3 1.87475E-2 2.73257E-2 3.71848E-2 4.05443E-2 4.09871E-2 4.19148E-2 4.1831E-2 4.09871E-2 3.72457E-2 3.62346E-2 3.00102E-2 6.64221E-3 1.99143E-3 2.47181E-3 3.01236E-3 2.80665E-3 3.60353E-3 5.86837E-3 4.32585E-3 1.18336E-2 2.61493E-2 3.07295E-2 3.12448E-2 2.91418E-2 2.84476E-2 2.69583E-2 2.69583E-2 2.21758E-2 2.02929E-2 1.74081E-2 1.46878E-2 1.02808E-2 6.52444E-3 6.60047E-3 6.56997E-3 7.69569E-3 8.36829E-3 8.5164E-3 9.20282E-3 1.41855E-2 2.65656E-2 3.89477E-2 4.33E-2 4.90586E-2 5.48248E-2 5.98364E-2 6.40886E-2 6.49747E-2 5.9071E-2 3.17161E-2 1.42874E-2 4.25479E-3 2.71223E-3 9.82209E-4 3.06144E-3 2.92556E-2
