KUENM/Final_Models/M_0.1_F_lq_Set_2_NE/sp1_median.asc
ncols         197
nrows         210
xllcorner     56.1666666666667
yllcorner     4.5
cellsize      0.166666666666667
NODATA_value  -9999
[rows 56 to 83 of 210, columns 0 to 64 of 197]
-9999 -9999 -9999 -9999 -9999 -9999 -9999 -9999 -9999 -9999 -9999 4.24246E-2 4.27164E-2 4.18358E-2 4.00883E-2 4.06781E-2 4.00883E-2 3.80079E-2 3.22292E-2 2.59174E-2 2.13553E-2 1.60332E-2 5.45753E-3 2.12107E-3 4.26437E-3 5.17211E-3 3.51152E-3 8.82933E-3 2.3626E-2 2.67744E-2 2.64549E-2 2.64549E-2 2.53323E-2 2.47277E-2 2.33791E-2 2.26365E-2 2.35542E-2 2.43053E-2 2.26365E-2 2.21758E-2 2.21758E-2 2.34758E-2 2.01118E-2 1.38145E-2 1.2974E-2 1.31742E-2 1.50208E-2 1.59728E-2 1.60058E-2 2.17711E-2 2.6305E-2 3.00818E-2 3.40934E-2 3.765E-2 4.28418E-2 4.60699E-2 5.28328E-2 5.91842E-2 6.34962E-2 5.96572E-2 2.13352E-2 1.82533E-2 1.46674E-2 6.74585E-3 3.44771E-3
-9999 -9999 -9999 -9999 -9999 -9999 -9999 -9999 -9999 -9999 1.50594E-2 3.60209E-2 4.27164E-2 4.07711E-2 4.05411E-2 3.98141E-2 4.11419E-2 3.95468E-2 3.67476E-2 3.28578E-2 2.8963E-2 2.03688E-2 7.9628E-3 5.14613E-3 4.56088E-3 5.68715E-3 3.25239E-3 4.93466E-3 1.62468E-2 2.66853E-2 2.84657E-2 2.86363E-2 2.8294E-2 2.7955E-2 2.7432E-2 2.82426E-2 2.86786E-2 2.84626E-2 2.79012E-2 2.61611E-2 2.38432E-2 2.07913E-2 1.40889E-2 1.1239E-2 1.08452E-2 9.67414E-3 1.01649E-2 1.16733E-2 1.56216E-2 2.12241E-2 2.6305E-2 2.94233E-2 3.57213E-2 3.98428E-2 4.34274E-2 5.03458E-2 5.5251E-2 6.17216E-2 6.35997E-2 4.21297E-2 1.64428E-2 1.83576E-2 1.41421E-2 9.09457E-3 4.91497E-3
-9999 -9999 -9999 -9999 -9999 -9999 -9999 -9999 -9999 1.44677E-3 6.89541E-3 3.22492E-2 4.13678E-2 4.0955E-2 4.11419E-2 4.0911E-2 4.05646E-2 4.01988E-2 3.8189E-2 3.38954E-2 3.13078E-2 2.11931E-2 4.58509E-3 4.47601E-3 3.40069E-3 4.25536E-3 5.11799E-3 3.6981E-3 6.60828E-3 1.56674E-2 2.72197E-2 3.02089E-2 3.08723E-2 3.07949E-2 2.92231E-2 2.97623E-2 3.01557E-2 2.90581E-2 2.7432E-2 2.30961E-2 1.98437E-2 1.57557E-2 1.12142E-2 6.68256E-3 7.52554E-3 6.92826E-3 7.66375E-3 9.58644E-3 1.28616E-2 1.70111E-2 1.93546E-2 2.71348E-2 3.61411E-2 4.25037E-2 4.62679E-2 5.23835E-2 5.85096E-2 6.5779E-2 6.50427E-2 4.69202E-2 2.08404E-2 1.77917E-2 6.77133E-3 6.59532E-3 2.99262E-3
-9999 -9999 -9999 -9999 -9999 -9999 -9999 -9999 1.89628E-3 1.71324E-3 5.43079E-3 1.62616E-2 2.73257E-2 3.7063E-2 4.02225E-2 4.01092E-2 4.05411E-2 3.98141E-2 4.01092E-2 3.72165E-2 3.59698E-2 3.00102E-2 5.7008E-3 2.17721E-3 2.52973E-3 3.01236E-3 2.80665E-3 3.60353E-3 5.21161E-3 4.12255E-3 9.39148E-3 2.61493E-2 3.07295E-2 3.12448E-2 2.91418E-2 2.84476E-2 2.69583E-2 2.69583E-2 2.21758E-2 2.02929E-2 1.64288E-2 1.24411E-2 8.0894E-3 5.36867E-3 5.4357E-3 5.48166E-3 6.3236E-3 6.82886E-3 7.04922E-3 7.66039E-3 1.12598E-2 2.49875E-2 3.89477E-2 4.33E-2 4.90586E-2 5.48248E-2 6.03176E-2 6.50236E-2 6.57772E-2 5.9071E-2 2.72858E-2 1.32731E-2 5.09753E-3 3.69465E-3 1.48823E-3
-9999 -9999 -9999 -9999 -9999 -9999 -9999 4.4453E-4 1.28937E-3 2.79786E-3 4.03522E-3 5.03602E-3 8.82539E-3 2.66853E-2 3.28578E-2 3.62834E-2 3.82159E-2 4.01092E-2 4.0955E-2 4.12536E-2 4.05732E-2 3.83004E-2 1.19616E-2 3.33939E-3 3.80809E-3 3.26722E-3 1.78102E-3 3.23161E-3 5.23987E-3 5.30699E-3 4.12255E-3 7.5698E-3 2.61493E-2 2.84657E-2 2.51378E-2 2.37613E-2 2.31932E-2 2.31932E-2 1.62064E-2 1.42832E-2 1.44792E-2 1.18722E-2 8.19183E-3 4.68532E-3 4.56023E-3 4.15428E-3 4.53028E-3 4.75286E-3 5.39078E-3 8.95003E-3 1.80438E-2 3.49453E-2 3.93088E-2 4.36703E-2 4.98129E-2 5.40639E-2 5.95771E-2 6.29401E-2 6.43799E-2 4.38033E-2 1.36097E-2 5.99585E-3 5.28147E-3 1.83685E-3 1.80347E-3
-9999 -9999 -9999 -9999 -9999 -9999 1.29657E-4 5.2066E-4 3.8713E-4 1.17967E-3 4.94116E-3 7.39329E-3 7.37089E-3 2.16084E-2 2.64612E-2 3.28578E-2 3.72165E-2 4.05691E-2 4.11159E-2 4.24246E-2 4.05567E-2 3.76198E-2 2.69494E-2 7.28269E-3 5.70252E-3 5.14178E-3 2.6925E-3 2.82762E-3 2.5696E-3 5.11623E-3 8.82539E-3 5.02669E-3 1.42933E-2 2.31618E-2 2.16104E-2 1.98851E-2 2.01118E-2 1.48781E-2 8.86682E-3 6.03302E-3 1.14685E-2 1.62064E-2 1.17642E-2 7.74625E-3 9.07373E-3 6.54781E-3 6.85477E-3 7.2214E-3 1.01823E-2 1.62177E-2 2.75636E-2 3.41723E-2 3.88757E-2 4.36703E-2 4.73579E-2 5.29246E-2 5.76243E-2 5.90064E-2 5.08178E-2 1.63161E-2 1.04091E-2 3.9635E-3 2.58193E-3 1.39255E-3 1.32679E-3
-9999 -9999 -9999 -9999 -9999 -9999 6.08781E-4 3.15817E-4 1.39141E-4 1.60077E-3 2.25639E-3 6.77573E-3 1.16733E-2 2.11046E-2 2.67761E-2 3.11284E-2 3.43336E-2 3.96069E-2 4.24246E-2 4.25388E-2 3.99139E-2 4.35165E-2 3.03649E-2 4.54736E-3 6.84963E-3 6.27394E-3 4.69622E-3 2.82508E-3 1.97791E-3 4.20046E-3 1.4721E-2 1.50594E-2 1.69018E-2 2.13553E-2 2.18688E-2 2.11009E-2 2.06015E-2 1.44526E-2 1.30301E-2 6.10215E-3 1.09322E-2 2.37613E-2 2.15581E-2 1.87996E-2 1.61305E-2 1.3011E-2 1.33623E-2 1.45421E-2 1.56216E-2 1.9493E-2 2.72533E-2 3.30703E-2 3.80961E-2 4.30639E-2 4.71841E-2 5.03518E-2 4.63055E-2 4.27384E-2 3.00789E-2 1.42178E-2 3.81982E-3 3.45171E-3 1.41101E-3 4.68823E-4 1.24331E-3
-9999 -9999 -9999 -9999 -9999 5.68612E-3 5.50645E-3 5.78068E-3 4.9307E-3 7.79339E-3 1.17969E-3 1.5233E-3 7.57049E-3 2.11931E-2 2.95654E-2 3.11284E-2 3.60209E-2 4.09992E-2 4.35367E-2 4.1972E-2 3.92882E-2 4.28931E-2 3.94123E-2 9.9459E-3 6.69613E-3 7.39329E-3 4.96355E-3 2.46347E-3 2.22642E-3 4.88813E-3 9.65506E-3 1.965E-2 2.8982E-2 2.68505E-2 2.8963E-2 2.9331E-2 2.98497E-2 2.7955E-2 2.69583E-2 2.58448E-2 2.90581E-2 2.96096E-2 2.91418E-2 2.59491E-2 2.4197E-2 2.23934E-2 2.29113E-2 2.14429E-2 2.22937E-2 2.54175E-2 2.88937E-2 3.34128E-2 3.42042E-2 2.84969E-2 3.02752E-2 3.36531E-2 4.53466E-2 4.5813E-2 1.81081E-2 7.04655E-3 3.21765E-3 2.71876E-3 7.72803E-4 2.69683E-4 2.73359E-3
-9999 -9999 -9999 -9999 1.55345E-3 4.26048E-3 5.68612E-3 6.85017E-3 2.58251E-2 3.16312E-2 4.82431E-3 4.41068E-4 1.71881E-3 9.05742E-3 2.34501E-2 3.12232E-2 3.73933E-2 4.29631E-2 4.40658E-2 4.45405E-2 4.28014E-2 4.31822E-2 3.8832E-2 1.54568E-2 6.34156E-3 7.75118E-3 5.30609E-3 2.57894E-3 1.14618E-3 2.62942E-3 5.10378E-3 8.87712E-3 2.48834E-2 3.20441E-2 3.20584E-2 3.48899E-2 3.55177E-2 3.46274E-2 3.50346E-2 3.55432E-2 3.59876E-2 3.55527E-2 3.52302E-2 3.24363E-2 3.0938E-2 3.00102E-2 2.86443E-2 2.66635E-2 2.42776E-2 2.24836E-2 2.23295E-2 1.78355E-2 1.10887E-2 1.33225E-2 2.38301E-2 4.69933E-2 5.16055E-2 4.77968E-2 1.28589E-2 4.61354E-3 3.75919E-3 2.89699E-3 6.70639E-4 1.77257E-3 2.22529E-3
-9999 -9999 -9999 -9999 1.20185E-3 3.38082E-3 5.93287E-3 7.71131E-3 2.65704E-2 4.56973E-2 2.88333E-2 6.24762E-3 6.01576E-4 4.40055E-3 1.18024E-2 2.72927E-2 3.72846E-2 4.38975E-2 4.50597E-2 4.49205E-2 4.43062E-2 4.27879E-2 3.92309E-2 2.75161E-2 7.35508E-3 9.46191E-3 7.48732E-3 5.36814E-3 2.55234E-3 5.14381E-4 3.35516E-3 7.85748E-3 2.04246E-2 3.62396E-2 3.65951E-2 3.71533E-2 4.05567E-2 3.96196E-2 3.9973E-2 3.88562E-2 3.90738E-2 3.98141E-2 4.00883E-2 3.91387E-2 3.64265E-2 3.56762E-2 3.12232E-2 1.93972E-2 1.15795E-2 1.15271E-2 1.72142E-2 2.0504E-2 2.35404E-2 4.01864E-2 5.24992E-2 5.37152E-2 5.68487E-2 4.08734E-2 1.02101E-2 5.35783E-3 5.58887E-3 1.43267E-3 7.2008E-4 5.73784E-3 5.93389E-3
-9999 -9999 -9999 1.0511E-2 7.55802E-3 5.73784E-3 1.0608E-2 2.29568E-2 3.73439E-2 5.05826E-2 4.44647E-2 3.30819E-2 1.02188E-2 4.20008E-3 7.36794E-3 1.9328E-2 3.47483E-2 4.08697E-2 4.10789E-2 4.08697E-2 4.25041E-2 4.0579E-2 3.41723E-2 3.52946E-2 1.59509E-2 1.17946E-2 1.08369E-2 8.95072E-3 6.49133E-3 6.41609E-3 7.78994E-3 1.11981E-2 6.19467E-3 2.06883E-2 3.77185E-2 4.1907E-2 4.45844E-2 4.34821E-2 4.22855E-2 4.23169E-2 4.26777E-2 4.29146E-2 4.27164E-2 4.24246E-2 4.20382E-2 3.99139E-2 3.35738E-2 2.60601E-2 2.98617E-2 3.32904E-2 3.72308E-2 4.08508E-2 4.72858E-2 4.99348E-2 5.231E-2 5.60335E-2 5.52646E-2 2.81783E-2 7.35527E-3 7.50073E-3 6.45161E-3 2.75684E-3 1.10016E-2 1.29963E-2 1.29458E-2
-9999 -9999 -9999 1.49076E-2 6.24636E-3 1.40939E-2 3.37108E-2 4.86488E-2 5.15812E-2 5.54311E-2 5.05207E-2 4.44579E-2 3.61308E-2 2.765E-2 2.17365E-2 1.91318E-2 2.90983E-2 3.16309E-2 3.01492E-2 3.15714E-2 3.99797E-2 3.53576E-2 2.14854E-2 2.9996E-2 3.15124E-2 1.28738E-2 1.04314E-2 1.19315E-2 1.08369E-2 9.95552E-3 1.15247E-2 1.50451E-2 4.98948E-3 7.88261E-3 1.88261E-2 3.24445E-2 4.12333E-2 4.72378E-2 4.576E-2 4.54882E-2 4.486E-2 4.51295E-2 4.49672E-2 4.48479E-2 4.45844E-2 4.45737E-2 4.44848E-2 4.32984E-2 4.30444E-2 4.33074E-2 4.43612E-2 4.82087E-2 4.87788E-2 5.17083E-2 5.24992E-2 5.3367E-2 4.28418E-2 2.04375E-2 9.79037E-3 1.03564E-2 6.49112E-3 8.40102E-3 1.28937E-2 9.80859E-3 1.91858E-2
-9999 -9999 -9999 1.54727E-2 1.40996E-2 4.16422E-2 5.90502E-2 4.6296E-2 4.1076E-2 5.3863E-2 6.11688E-2 5.71062E-2 5.24668E-2 5.05826E-2 4.87412E-2 4.16581E-2 2.02685E-2 2.22457E-2 2.47266E-2 1.46901E-2 3.29939E-2 3.25663E-2 9.76131E-3 7.9952E-3 2.95537E-2 9.32857E-3 1.0507E-2 1.35673E-2 1.60802E-2 1.47023E-2 1.43675E-2 1.55331E-2 8.17121E-3 3.49E-3 1.0548E-2 1.50756E-2 3.19343E-2 4.6646E-2 4.83736E-2 4.80724E-2 4.74155E-2 4.63976E-2 4.75182E-2 4.85463E-2 4.7251E-2 4.66887E-2 4.55228E-2 4.5439E-2 4.57202E-2 4.5565E-2 4.71322E-2 4.87788E-2 5.11118E-2 4.97132E-2 4.96161E-2 4.58166E-2 1.92205E-2 1.43065E-2 8.20009E-3 1.09826E-2 1.03866E-2 1.46128E-2 2.0041E-2 2.88828E-2 2.92329E-2
-9999 -9999 2.195E-2 4.54657E-2 5.13242E-2 6.7879E-2 7.1012E-2 6.22566E-2 5.95771E-2 6.32905E-2 6.68286E-2 6.60916E-2 6.53766E-2 6.26063E-2 6.05801E-2 5.85462E-2 5.22897E-2 4.58362E-2 4.66714E-2 4.63392E-2 3.85989E-2 3.46506E-2 2.17022E-2 2.04075E-2 4.34308E-2 1.83027E-2 1.26986E-2 1.80969E-2 1.7026E-2 1.7026E-2 1.2391E-2 1.27793E-2 1.37234E-2 9.06749E-3 8.86045E-3 6.7996E-3 1.50009E-2 3.34128E-2 4.88294E-2 5.22615E-2 5.2731E-2 5.06363E-2 5.2731E-2 5.17443E-2 5.00501E-2 4.77279E-2 4.65799E-2 4.75606E-2 4.90728E-2 4.78339E-2 4.92869E-2 5.05207E-2 5.07147E-2 4.90804E-2 4.20857E-2 2.04641E-2 1.09527E-2 1.42178E-2 1.06362E-2 1.09826E-2 1.15565E-2 1.56818E-2 2.30735E-2 1.31911E-2 4.06527E-2
-9999 -9999 6.52495E-2 6.06675E-2 6.82789E-2 8.12335E-2 8.02174E-2 7.14297E-2 5.29952E-2 5.90502E-2 7.12255E-2 7.26978E-2 7.17338E-2 6.87224E-2 6.74746E-2 6.70611E-2 6.5765E-2 6.61373E-2 6.604E-2 6.10827E-2 4.94468E-2 5.18036E-2 5.19954E-2 5.92867E-2 6.32905E-2 4.58166E-2 3.66689E-2 3.32967E-2 2.92675E-2 1.91447E-2 1.04594E-2 1.74164E-2 1.57439E-2 1.7026E-2 1.58271E-2 5.84184E-3 1.24915E-2 2.19637E-2 4.14979E-2 5.04326E-2 5.1156E-2 5.35776E-2 5.41573E-2 5.23749E-2 5.00421E-2 5.05799E-2 4.93073E-2 4.97593E-2 4.96263E-2 4.94688E-2 5.09526E-2 4.77941E-2 4.33E-2 3.67704E-2 1.81178E-2 9.29052E-3 1.03159E-2 1.30488E-2 1.31242E-2 1.84449E-2 2.31478E-2 2.03168E-2 3.01498E-2 4.41692E-2 4.41577E-2
-9999 -9999 9.64629E-2 8.68045E-2 1.00761E-1 8.67298E-2 7.93069E-2 8.20566E-2 7.37109E-2 6.2999E-2 7.83317E-2 7.81995E-2 7.59911E-2 7.55898E-2 7.23751E-2 7.10016E-2 7.04985E-2 6.96076E-2 6.96076E-2 7.28174E-2 7.41222E-2 7.41667E-2 7.51127E-2 7.75177E-2 7.82847E-2 6.71657E-2 6.09059E-2 5.08312E-2 4.29191E-2 2.92575E-2 1.4166E-2 1.2108E-2 2.55017E-2 2.56132E-2 1.85105E-2 1.80969E-2 1.21427E-2 2.27643E-2 3.69504E-2 4.59595E-2 4.78445E-2 4.87788E-2 4.83741E-2 5.01846E-2 5.03211E-2 5.01846E-2 4.94688E-2 4.82001E-2 4.64956E-2 3.85201E-2 3.41514E-2 3.40934E-2 1.83027E-2 1.0941E-2 1.02515E-2 8.94668E-3 1.15308E-2 1.64805E-2 1.7943E-2 1.63963E-2 2.6279E-2 1.62801E-2 2.31822E-2 3.99497E-2 3.02219E-2
-9999 1.23164E-1 1.0667E-1 1.04084E-1 1.05041E-1 1.08804E-1 1.07381E-1 8.40298E-2 9.49E-2 7.55028E-2 8.50675E-2 8.15391E-2 8.05778E-2 7.84512E-2 7.80008E-2 7.51485E-2 7.41489E-2 7.41489E-2 7.54606E-2 7.48569E-2 7.67509E-2 7.86806E-2 8.06459E-2 8.53383E-2 8.49161E-2 8.66395E-2 6.90868E-2 7.7199E-2 6.79856E-2 2.78706E-2 1.84008E-2 1.21116E-2 2.60476E-2 3.56396E-2 3.25231E-2 2.11054E-2 2.96193E-2 1.92234E-2 1.87932E-2 3.52214E-2 3.81815E-2 3.77677E-2 3.89958E-2 4.22565E-2 4.5659E-2 4.33846E-2 4.00953E-2 3.77297E-2 3.41884E-2 2.98917E-2 1.57439E-2 1.07617E-2 1.11323E-2 1.28083E-2 9.87325E-3 1.20901E-2 1.08195E-2 1.73829E-2 1.56912E-2 1.91042E-2 2.47147E-2 1.92174E-2 1.41555E-2 4.02934E-2 5.67499E-2
-9999 1.16514E-1 1.13893E-1 1.12413E-1 1.07863E-1 1.1613E-1 1.13271E-1 1.06525E-1 8.88648E-2 7.69551E-2 7.15739E-2 7.75934E-2 8.16455E-2 8.40029E-2 8.23901E-2 7.99465E-2 7.84746E-2 7.79394E-2 7.73646E-2 7.93041E-2 8.06459E-2 8.19631E-2 8.39898E-2 8.70982E-2 9.16787E-2 9.16787E-2 9.65472E-2 9.65472E-2 8.76968E-2 5.74224E-2 2.64827E-2 2.59148E-2 1.61277E-2 2.72199E-2 3.67973E-2 3.94806E-2 3.40925E-2 3.91922E-2 2.66659E-2 2.03326E-2 1.55361E-2 1.47434E-2 2.41026E-2 4.19873E-2 3.48422E-2 3.05498E-2 3.13362E-2 2.41147E-2 1.72203E-2 1.28173E-2 1.44178E-2 1.58849E-2 1.4166E-2 1.22472E-2 1.59543E-2 1.45485E-2 1.10798E-2 1.77548E-2 2.78155E-2 3.65948E-2 2.27816E-2 2.077E-2 1.80259E-2 3.20523E-2 6.33013E-2
-9999 1.22717E-1 1.21898E-1 1.15909E-1 1.1357E-1 1.04084E-1 1.19689E-1 1.14046E-1 8.93721E-2 3.91124E-2 4.98099E-2 6.29767E-2 7.15122E-2 7.78124E-2 8.24394E-2 8.16497E-2 8.40029E-2 8.39449E-2 8.14226E-2 8.28778E-2 8.49161E-2 8.69907E-2 8.96804E-2 9.18359E-2 9.34339E-2 9.65472E-2 1.00362E-1 9.79136E-2 7.66395E-2 4.16422E-2 2.8656E-2 2.35633E-2 3.04049E-2 3.4022E-2 3.75644E-2 4.03846E-2 4.30515E-2 4.42036E-2 4.42917E-2 4.57691E-2 4.47566E-2 4.53338E-2 4.82179E-2 4.76199E-2 4.43258E-2 3.69059E-2 2.65949E-2 2.12157E-2 2.06974E-2 2.04075E-2 1.75222E-2 1.35697E-2 1.59286E-2 2.41864E-2 2.56344E-2 1.77484E-2 2.8656E-2 1.35042E-2 4.79387E-2 2.76629E-2 2.47147E-2 3.26913E-2 3.16248E-2 4.16743E-2 5.80931E-2
-9999 1.27618E-1 -9999 -9999 1.1674E-1 1.12413E-1 1.05951E-1 1.17033E-1 8.68045E-2 2.6308E-2 2.17002E-2 3.34953E-2 3.3708E-2 5.74466E-2 6.29238E-2 7.21648E-2 7.60295E-2 8.06902E-2 8.16015E-2 7.57843E-2 7.94099E-2 8.24394E-2 8.30592E-2 8.30592E-2 8.56007E-2 8.00334E-2 7.30386E-2 6.11046E-2 4.71909E-2 2.68036E-2 2.81108E-2 2.55425E-2 2.34019E-2 2.55425E-2 2.99039E-2 3.42313E-2 3.20752E-2 3.42313E-2 3.91351E-2 3.4022E-2 3.53021E-2 4.27384E-2 4.52933E-2 4.72954E-2 4.82179E-2 4.48505E-2 3.94176E-2 3.25926E-2 2.14097E-2 1.9049E-2 1.69152E-2 2.06907E-2 2.22103E-2 2.18529E-2 2.60926E-2 3.8656E-2 1.69752E-2 4.84183E-2 3.65948E-2 4.36514E-2 2.47376E-2 4.16835E-2 4.77358E-2 5.02746E-2 6.11678E-2
-9999 1.28515E-1 -9999 -9999 -9999 1.14183E-1 1.27568E-1 1.20371E-1 7.71877E-2 2.24937E-2 3.23689E-2 3.32539E-2 2.62592E-2 3.56636E-2 3.62103E-2 4.93881E-2 6.23545E-2 7.29349E-2 6.71338E-2 5.51063E-2 6.17367E-2 7.01005E-2 6.78413E-2 6.41966E-2 6.29691E-2 4.84183E-2 3.00903E-2 2.60869E-2 2.87084E-2 4.39896E-2 5.20227E-2 4.93881E-2 4.81739E-2 4.74326E-2 5.23512E-2 6.35688E-2 5.13242E-2 3.41693E-2 3.76528E-2 4.58367E-2 4.71909E-2 4.42272E-2 4.54706E-2 4.67322E-2 4.98401E-2 4.68049E-2 4.20222E-2 3.63991E-2 2.60476E-2 2.03498E-2 1.80649E-2 1.96407E-2 2.55367E-2 2.8656E-2 2.40702E-2 4.94771E-2 5.3233E-2 6.987E-2 2.8352E-2 5.4733E-2 3.60259E-2 7.39717E-2 3.90204E-2 5.96249E-2 7.73335E-2
-9999 -9999 -9999 -9999 -9999 1.18877E-1 1.28937E-1 1.1952E-1 9.30721E-2 2.9124E-2 5.48202E-2 5.19165E-2 6.04673E-2 6.08316E-2 5.6844E-2 5.83488E-2 5.84923E-2 5.91842E-2 4.81739E-2 4.76996E-2 6.23545E-2 5.48436E-2 3.93568E-2 3.74091E-2 2.57094E-2 2.44608E-2 4.60467E-2 6.10508E-2 4.86516E-2 3.97916E-2 5.84923E-2 4.74326E-2 4.62223E-2 5.81705E-2 6.53754E-2 7.18587E-2 9.2563E-2 8.93721E-2 8.59722E-2 7.30434E-2 6.17148E-2 5.56605E-2 5.40833E-2 5.2396E-2 5.08676E-2 4.8769E-2 4.31849E-2 3.37108E-2 2.65677E-2 2.81253E-2 2.81253E-2 2.77463E-2 3.52013E-2 4.73636E-2 6.43563E-2 7.08072E-2 7.53953E-2 8.94904E-2 8.24796E-2 7.94035E-2 9.87135E-2 1.25702E-1 7.86602E-2 6.9777E-2 9.69209E-2
-9999 1.66108E-1 1.60676E-1 -9999 -9999 1.20684E-1 1.13288E-1 1.25042E-1 8.22078E-2 5.7992E-2 7.52844E-2 7.48149E-2 5.3281E-2 6.73957E-2 8.16847E-2 7.76787E-2 8.13187E-2 8.0511E-2 7.68734E-2 7.79645E-2 7.8811E-2 6.99958E-2 6.5507E-2 6.84405E-2 6.04502E-2 5.84923E-2 5.91842E-2 7.21982E-2 6.29464E-2 6.41956E-2 8.71439E-2 7.93442E-2 8.60812E-2 9.46896E-2 9.22731E-2 9.86267E-2 1.12718E-1 8.24796E-2 7.65618E-2 9.04241E-2 8.76432E-2 8.58231E-2 8.21106E-2 7.44927E-2 6.93402E-2 6.30239E-2 5.91144E-2 5.30282E-2 5.19491E-2 4.39469E-2 2.96851E-2 2.65217E-2 5.3468E-2 7.22725E-2 7.96641E-2 8.47824E-2 9.48411E-2 1.10872E-1 1.0619E-1 9.29203E-2 1.44022E-1 1.51774E-1 9.2383E-2 7.0653E-2 1.3284E-1
1.75344E-1 1.61593E-1 1.62881E-1 -9999 -9999 1.20684E-1 1.13288E-1 1.27696E-1 8.72664E-2 9.80671E-2 9.13672E-2 9.03106E-2 7.65618E-2 8.65977E-2 8.66064E-2 8.29511E-2 8.75954E-2 9.22102E-2 9.30186E-2 9.03805E-2 9.12922E-2 9.03805E-2 8.13187E-2 8.13187E-2 8.2132E-2 7.91845E-2 8.17705E-2 8.68874E-2 8.58231E-2 9.0935E-2 9.5135E-2 1.06751E-1 1.1195E-1 1.16167E-1 1.26191E-1 1.29676E-1 1.31768E-1 1.17124E-1 1.04601E-1 1.03627E-1 1.06561E-1 1.04668E-1 9.66827E-2 9.30718E-2 8.16037E-2 7.21648E-2 6.71568E-2 6.0338E-2 5.07372E-2 4.42272E-2 5.46779E-2 6.64841E-2 6.79142E-2 6.70317E-2 8.65977E-2 9.33136E-2 1.05556E-1 1.22764E-1 1.15046E-1 1.22055E-1 1.43134E-1 1.75944E-1 1.41799E-1 8.5694E-2 1.243E-1
1.44676E-1 1.75559E-1 -9999 -9999 -9999 -9999 1.10129E-1 1.22185E-1 1.14081E-1 1.10709E-1 1.08604E-1 9.03106E-2 8.08521E-2 8.68477E-2 9.38914E-2 8.7993E-2 9.40655E-2 9.45739E-2 9.45739E-2 9.12497E-2 9.45739E-2 9.38338E-2 9.30186E-2 9.21711E-2 9.03827E-2 9.12453E-2 9.40526E-2 8.35346E-2 8.94856E-2 9.44644E-2 9.5384E-2 1.07795E-1 1.16248E-1 1.24517E-1 1.38405E-1 1.41292E-1 1.331E-1 1.21963E-1 1.07815E-1 1.04359E-1 1.08251E-1 1.15649E-1 1.08604E-1 9.97853E-2 8.13904E-2 6.35579E-2 6.64812E-2 6.64812E-2 6.64841E-2 7.07576E-2 6.93402E-2 6.57345E-2 6.86199E-2 8.21106E-2 9.57461E-2 1.03671E-1 9.03948E-2 1.11582E-1 1.28192E-1 1.31806E-1 1.71277E-1 1.59455E-1 1.84173E-1 1.3901E-1 1.52455E-1
8.08649E-2 1.36749E-1 -9999 -9999 -9999 -9999 1.07097E-1 1.13212E-1 1.13701E-1 1.10709E-1 1.09479E-1 1.01866E-1 1.03722E-1 1.00362E-1 9.83935E-2 9.73853E-2 9.54226E-2 9.43073E-2 9.34339E-2 8.92162E-2 9.13711E-2 9.20878E-2 9.38338E-2 9.11634E-2 9.21711E-2 9.31346E-2 9.96697E-2 9.85229E-2 9.80584E-2 9.95365E-2 1.02703E-1 1.04763E-1 1.11868E-1 1.18833E-1 1.26811E-1 1.331E-1 1.30315E-1 1.2189E-1 1.07078E-1 1.0463E-1 1.08194E-1 1.04359E-1 1.14046E-1 8.91861E-2 8.26492E-2 7.08403E-2 6.71338E-2 5.0312E-2 5.6309E-2 6.86199E-2 6.93662E-2 7.8811E-2 8.47824E-2 9.57461E-2 1.04739E-1 1.01991E-1 1.18288E-1 1.31931E-1 1.29912E-1 1.29732E-1 1.60194E-1 1.60884E-1 1.69016E-1 1.83007E-1 1.52961E-1
-9999 1.57012E-1 -9999 -9999 -9999 -9999 1.03684E-1 1.06186E-1 1.07269E-1 1.05966E-1 1.08536E-1 9.95365E-2 9.88905E-2 9.67797E-2 9.4361E-2 9.4361E-2 9.49904E-2 9.10619E-2 8.90692E-2 9.02891E-2 9.18359E-2 9.12894E-2 8.94263E-2 9.12497E-2 9.28937E-2 9.38338E-2 9.21711E-2 9.73853E-2 9.52594E-2 9.34193E-2 9.77441E-2 9.90667E-2 1.04524E-1 1.12016E-1 1.12318E-1 1.03684E-1 1.00082E-1 9.9032E-2 1.01617E-1 9.87485E-2 1.00082E-1 9.94429E-2 1.01391E-1 9.80584E-2 9.51379E-2 8.67883E-2 7.7478E-2 7.15739E-2 7.97091E-2 8.0511E-2 7.8811E-2 8.46064E-2 9.28305E-2 1.02732E-1 1.10538E-1 1.15315E-1 1.12718E-1 1.20184E-1 1.33232E-1 1.51774E-1 1.56135E-1 1.56618E-1 1.69691E-1 1.9131E-1 1.66534E-1
-9999 1.08968E-1 -9999 -9999 -9999 -9999 -9999 -9999 -9999 1.0357E-1 -9999 9.79185E-2 9.80424E-2 9.35381E-2 9.09022E-2 9.35381E-2 9.23178E-2 8.90692E-2 8.90692E-2 8.87026E-2 9.12495E-2 9.23751E-2 8.88696E-2 9.06168E-2 8.91018E-2 9.23371E-2 9.28937E-2 9.4028E-2 9.32013E-2 9.24625E-2 9.3252E-2 9.4361E-2 9.8386E-2 9.86635E-2 1.02669E-1 1.01519E-1 1.07853E-1 1.07088E-1 1.03806E-1 9.94429E-2 1.01519E-1 9.98169E-2 9.63847E-2 9.16787E-2 9.18359E-2 8.5918E-2 8.23516E-2 8.67883E-2 9.11634E-2 9.49E-2 8.2132E-2 8.57581E-2 9.57461E-2 1.00719E-1 9.54775E-2 1.03273E-1 1.22764E-1 1.30851E-1 1.36738E-1 1.50169E-1 1.36373E-1 1.43134E-1 1.41766E-1 1.6969E-1 1.75977E-1
