KUENM/Final_Models/M_0.1_F_lq_Set_2_NE/sp1_se_asia_avg.asc
ncols         320
nrows         243
xllcorner     44.0
yllcorner     -0.666666666666667
cellsize      0.166666666666667
NODATA_value  -9999
[rows 31 to 61 of 243, columns 0 to 69 of 320]
-9999 -9999 -9999 -9999 -9999 -9999 -9999 -9999 -9999 -9999 2.15502E-1 8.09434E-2 2.32173E-3 7.76702E-3 5.04757E-3 9.04505E-3 6.45869E-3 5.5365E-3 8.99923E-4 1.13846E-3 2.86995E-3 1.89929E-3 4.11313E-4 2.77664E-3 3.58369E-3 1.14964E-3 4.69827E-4 5.91756E-5 3.16323E-4 8.00307E-4 1.4049E-3 1.04849E-3 4.68951E-4 5.0102E-4 3.38005E-4 1.03082E-4 4.76199E-5 4.50018E-4 1.84529E-3 3.43157E-3 5.48298E-3 7.17084E-3 9.88268E-3 1.14673E-2 1.24874E-2 1.24921E-2 1.19076E-2 1.13461E-2 9.92688E-3 5.72173E-3 7.19679E-3 7.56553E-3 4.71226E-3 9.21645E-3 1.48271E-2 1.56994E-2 1.68149E-2 1.66148E-2 1.7017E-2 1.7017E-2 1.72212E-2 1.7017E-2 1.64697E-2 1.60807E-2 1.60807E-2 1.60807E-2 1.60807E-2 1.50069E-2 1.53256E-2 1.51414E-2
-9999 -9999 -9999 -9999 -9999 -9999 -9999 -9999 -9999 2.43758E-1 1.80167E-1 1.14096E-1 7.65585E-3 4.03355E-3 6.85874E-3 6.5229E-3 8.47781E-3 6.83914E-3 4.8469E-3 7.66842E-4 4.02981E-3 5.60611E-3 2.84714E-3 3.92604E-3 3.74592E-3 1.48903E-3 9.65704E-4 1.51939E-3 9.30197E-4 4.25353E-4 6.79644E-4 4.76461E-4 2.99352E-4 8.31824E-4 7.80929E-4 4.96058E-4 3.42179E-4 3.96177E-4 9.89865E-4 3.6879E-3 1.99156E-3 2.29402E-3 4.6169E-3 1.16187E-2 1.42302E-2 1.4219E-2 1.33927E-2 1.24544E-2 1.20063E-2 1.02727E-2 8.65779E-3 9.53219E-3 9.29566E-3 1.22339E-2 1.53879E-2 1.53879E-2 1.57678E-2 1.62762E-2 1.62762E-2 1.64754E-2 1.64754E-2 1.59606E-2 1.61554E-2 1.61554E-2 1.54551E-2 1.52686E-2 1.49011E-2 1.49011E-2 1.43637E-2 1.40146E-2
-9999 -9999 -9999 -9999 -9999 -9999 -9999 -9999 -9999 2.12728E-1 1.33348E-1 7.77603E-2 1.87886E-2 6.24194E-3 6.04271E-3 3.53686E-3 5.69122E-3 4.97044E-3 3.59209E-3 6.94188E-3 6.42776E-3 2.15921E-3 1.1398E-3 7.27832E-4 1.91556E-3 4.30222E-3 1.02792E-3 8.00282E-4 8.29571E-4 3.96769E-4 1.9005E-4 4.55863E-4 1.86091E-4 5.89744E-4 1.29505E-3 1.10096E-3 6.88865E-4 4.26868E-4 1.07293E-3 1.66196E-3 1.20631E-4 7.32276E-5 6.9621E-4 1.00244E-2 1.56155E-2 1.40504E-2 1.23255E-2 1.21541E-2 9.67207E-3 1.02488E-2 1.22339E-2 1.19345E-2 1.36726E-2 1.51227E-2 1.54993E-2 1.59914E-2 1.57959E-2 1.56024E-2 1.57959E-2 1.57959E-2 1.57959E-2 1.49373E-2 1.33376E-2 1.42941E-2 1.39443E-2 1.33376E-2 1.2594E-2 1.41183E-2 1.45721E-2 1.47537E-2
-9999 -9999 -9999 -9999 -9999 -9999 -9999 -9999 -9999 2.04626E-1 1.19143E-1 6.39047E-2 1.96225E-2 8.63478E-3 6.85317E-3 9.67216E-3 7.09599E-3 3.65532E-3 4.04819E-3 2.42533E-3 3.16518E-3 2.88936E-3 1.66122E-3 1.34932E-3 1.09701E-3 3.03092E-4 8.29317E-4 8.23874E-4 3.37114E-4 3.59109E-4 1.76843E-4 2.04191E-4 3.90326E-4 3.59086E-4 6.63835E-4 1.04226E-3 3.8451E-4 1.65589E-4 6.40446E-4 1.37808E-3 3.10699E-4 4.07096E-5 4.76412E-4 5.64927E-3 1.56283E-2 1.19076E-2 1.08069E-2 6.67009E-3 2.08958E-3 4.52692E-3 5.72669E-3 4.77989E-3 7.3565E-3 1.13043E-2 1.42145E-2 1.51224E-2 1.53119E-2 1.53119E-2 1.51224E-2 1.51224E-2 1.35215E-2 1.05283E-2 8.80839E-3 8.10802E-3 9.92526E-3 7.92427E-3 6.33799E-3 1.22194E-2 1.47492E-2 1.53937E-2
-9999 -9999 -9999 -9999 -9999 -9999 -9999 -9999 -9999 1.95853E-1 1.44773E-1 7.28365E-2 3.20655E-2 1.64066E-2 8.21598E-3 4.67282E-3 1.11285E-2 4.6588E-3 9.28882E-3 4.81377E-3 3.61638E-3 7.72349E-3 1.95663E-3 3.69576E-3 2.08438E-3 1.32102E-3 4.5855E-5 1.85902E-4 2.4466E-3 3.88462E-4 1.8573E-4 1.6182E-4 3.01071E-4 1.53301E-4 9.73879E-5 3.22854E-4 8.22676E-5 9.03415E-5 3.00613E-4 1.06374E-3 7.68386E-4 1.89672E-4 7.95558E-5 1.22224E-3 7.00046E-3 1.16254E-2 1.20297E-2 7.6622E-3 2.63788E-3 1.82069E-3 2.18501E-3 2.56094E-3 2.35624E-3 2.95114E-3 5.71586E-3 1.23018E-2 1.4204E-2 1.3676E-2 1.40261E-2 1.26957E-2 9.63017E-3 5.1636E-3 3.71988E-3 2.99028E-3 4.41981E-3 6.89887E-3 1.06887E-2 1.38501E-2 1.52734E-2 1.50822E-2
-9999 -9999 -9999 -9999 -9999 -9999 -9999 -9999 -9999 -9999 1.80932E-1 8.6268E-2 3.30779E-2 2.19943E-2 6.25216E-3 1.81069E-2 1.59406E-2 1.03826E-2 3.30779E-2 2.57425E-2 2.33344E-2 6.24931E-3 1.25423E-2 5.06199E-3 3.15694E-3 3.76593E-3 9.79221E-4 6.54166E-4 2.72287E-3 3.35743E-3 5.81595E-4 2.8996E-4 1.70299E-4 1.75136E-4 9.55487E-5 1.86955E-4 4.40542E-4 4.78265E-4 7.06263E-4 3.28864E-4 1.50139E-4 3.38728E-4 1.23498E-4 3.04369E-5 1.44104E-4 1.22667E-3 5.75586E-3 1.02894E-2 9.55244E-3 7.19295E-3 6.41972E-3 7.07889E-3 5.86622E-3 2.91245E-3 3.72329E-3 6.29951E-3 5.70454E-3 1.01544E-2 1.04875E-2 1.1109E-2 1.09671E-2 8.61975E-3 7.03607E-3 7.12819E-3 8.732E-3 9.26583E-3 1.02858E-2 1.22885E-2 1.39767E-2 1.45761E-2
-9999 -9999 -9999 -9999 -9999 -9999 -9999 -9999 -9999 -9999 -9999 1.48911E-1 9.75117E-2 3.74268E-2 1.12405E-2 4.14565E-3 2.46955E-2 2.91571E-2 2.17018E-2 9.54027E-3 1.03826E-2 1.87096E-2 1.24304E-2 3.64463E-2 1.19738E-2 9.55221E-3 6.33623E-3 2.60909E-3 1.10104E-3 2.84806E-3 4.07795E-3 4.98122E-4 5.46385E-4 4.29839E-4 1.53217E-4 2.05735E-4 2.74539E-4 2.54277E-4 4.4791E-4 3.32745E-4 2.81122E-4 1.75483E-4 9.88774E-5 5.50062E-5 2.29925E-5 2.34403E-5 4.53645E-4 3.07636E-3 7.75792E-3 9.9957E-3 1.00902E-2 9.92526E-3 9.67605E-3 8.36843E-3 7.5773E-3 5.70454E-3 3.34684E-3 5.91794E-3 7.80806E-3 9.51886E-3 9.51886E-3 8.29044E-3 8.29044E-3 6.82595E-3 6.05677E-3 7.80806E-3 9.39595E-3 1.05507E-2 1.10288E-2 1.46229E-2
-9999 -9999 -9999 -9999 -9999 -9999 -9999 -9999 -9999 -9999 -9999 -9999 1.01908E-1 8.7771E-2 2.6861E-2 7.69969E-3 6.43649E-3 3.52678E-2 3.14239E-2 4.27313E-2 2.50129E-2 2.64679E-2 3.28225E-2 6.20948E-2 3.30906E-2 3.0313E-2 2.97518E-2 6.29959E-3 1.04162E-3 9.67177E-4 1.65818E-3 3.88462E-4 7.77784E-4 5.83312E-4 1.77866E-4 8.26039E-5 1.11452E-4 2.37817E-4 3.55096E-4 1.03434E-4 5.86884E-5 6.63052E-5 1.75483E-4 2.5885E-4 1.08814E-4 2.67179E-5 3.0817E-5 4.50335E-4 1.83988E-3 4.70448E-3 6.74938E-3 8.50678E-3 7.60454E-3 8.15562E-3 8.732E-3 6.21768E-3 2.27255E-3 1.67912E-3 2.61852E-3 5.20229E-3 7.7657E-3 3.77241E-3 2.47655E-3 2.02687E-3 2.14665E-3 3.30259E-3 1.06596E-2 1.4104E-2 1.42875E-2 1.42875E-2
-9999 -9999 -9999 -9999 -9999 -9999 -9999 -9999 -9999 -9999 -9999 -9999 -9999 1.15805E-1 5.90819E-2 2.39029E-2 2.35535E-2 1.11581E-2 1.37805E-2 7.69224E-2 5.98588E-2 3.30779E-2 8.63746E-2 6.62908E-2 1.94763E-2 6.43239E-3 1.71062E-3 4.14955E-3 7.4093E-3 9.6497E-3 5.97815E-4 9.59434E-5 3.60629E-5 1.98309E-4 1.8654E-4 7.08804E-5 8.08174E-5 5.26206E-5 7.1874E-5 1.22611E-4 8.74811E-5 1.82534E-4 3.8695E-4 5.45674E-4 5.30542E-4 3.9821E-4 2.39233E-4 1.79839E-4 2.90822E-4 4.40783E-4 1.25174E-3 5.82262E-4 1.08615E-3 1.95522E-3 4.77336E-3 7.28757E-3 5.41263E-3 3.62638E-3 2.58367E-3 3.39285E-3 5.59554E-3 7.12218E-3 8.97045E-3 1.05654E-2 8.68682E-3 4.18743E-3 6.56133E-3 1.23251E-2 1.30182E-2 1.21289E-2
-9999 -9999 -9999 -9999 -9999 -9999 -9999 -9999 -9999 -9999 -9999 -9999 1.32752E-1 1.31907E-1 1.27429E-1 9.75133E-2 6.60832E-2 4.36123E-2 2.77478E-2 1.93E-2 5.59432E-2 1.0606E-1 1.38778E-1 9.61283E-2 2.39809E-2 1.54881E-2 3.95454E-3 6.90824E-2 4.7687E-2 6.91555E-3 3.44834E-3 5.55075E-4 3.11342E-5 1.71769E-4 1.30418E-4 2.96658E-5 5.06008E-5 4.81695E-5 3.50086E-5 4.45127E-5 1.31208E-4 3.43077E-4 4.30557E-4 7.84854E-4 1.17872E-3 1.18866E-3 8.71397E-4 3.9921E-4 2.43452E-4 1.17358E-4 2.19321E-4 2.51731E-4 2.75423E-4 3.92578E-4 1.33072E-3 4.95781E-3 6.50471E-3 7.40945E-3 5.32533E-3 3.87064E-3 4.45856E-3 5.9291E-3 1.02909E-2 1.13608E-2 1.01153E-2 5.37662E-3 4.40901E-3 7.12218E-3 7.12218E-3 6.11488E-3
-9999 -9999 -9999 -9999 -9999 -9999 -9999 -9999 -9999 -9999 -9999 -9999 -9999 -9999 -9999 1.37282E-1 8.35087E-2 7.94589E-2 8.72077E-2 3.37529E-2 6.06488E-2 6.75676E-2 9.77791E-2 1.46829E-1 1.45849E-1 4.83244E-2 3.23357E-2 5.61544E-2 8.96563E-2 4.61752E-2 6.69715E-2 1.69429E-2 1.07423E-3 5.60166E-4 1.73603E-4 3.63575E-5 2.93886E-5 9.51133E-5 1.14872E-4 3.72534E-5 5.93133E-5 1.48342E-4 2.99069E-4 4.57489E-4 1.2676E-3 1.61627E-3 1.68352E-3 1.44765E-3 7.57294E-4 2.58402E-4 5.94722E-5 1.2785E-4 3.3025E-4 7.01506E-4 1.30301E-3 3.29962E-3 5.34171E-3 7.66427E-3 8.1901E-3 4.17982E-3 5.9291E-3 9.42803E-3 1.21937E-2 1.21937E-2 1.01559E-2 5.37662E-3 5.9291E-3 4.40901E-3 2.61242E-3 1.63784E-3
-9999 -9999 -9999 -9999 -9999 -9999 -9999 -9999 -9999 -9999 -9999 -9999 -9999 -9999 -9999 -9999 1.4898E-1 1.5021E-1 1.5258E-1 1.34455E-1 9.23637E-2 1.51583E-1 2.06808E-1 1.82943E-1 2.96365E-1 2.77344E-1 3.17009E-1 3.23162E-1 1.53418E-1 1.37037E-2 1.88664E-2 1.32904E-2 3.24467E-3 2.79922E-3 7.2194E-4 4.47519E-5 3.63575E-5 3.47326E-5 2.1254E-4 3.02836E-4 2.168E-4 2.35589E-4 3.81829E-4 4.44637E-4 6.4594E-4 1.67665E-3 1.88333E-3 1.99908E-3 1.85279E-3 1.21118E-3 6.28788E-4 3.37416E-4 1.46582E-4 3.15961E-4 1.18275E-3 3.03746E-3 5.14725E-3 7.66427E-3 8.68682E-3 5.79956E-3 7.31936E-3 6.40295E-3 8.06799E-3 7.12678E-3 1.06352E-2 1.09477E-2 9.89064E-3 6.30566E-3 5.32533E-3 3.21323E-3
-9999 -9999 -9999 -9999 -9999 -9999 -9999 -9999 -9999 -9999 -9999 -9999 -9999 -9999 -9999 -9999 -9999 -9999 1.62719E-1 1.89929E-1 2.06876E-1 2.2116E-1 2.49352E-1 2.9878E-1 3.25326E-1 3.61187E-1 3.47537E-1 3.35514E-1 2.51919E-1 2.42042E-1 1.24598E-1 2.26363E-2 7.52513E-4 1.20321E-4 3.96769E-4 4.23009E-5 2.55123E-5 9.01985E-5 2.34023E-4 1.08062E-4 2.32084E-4 4.16366E-4 5.61368E-4 9.8097E-4 1.85257E-3 1.52998E-3 1.90681E-3 2.23361E-3 2.36591E-3 2.29813E-3 1.9125E-3 1.45944E-3 8.54734E-4 5.29189E-4 6.56812E-4 2.42905E-3 4.89285E-3 6.64853E-3 8.08275E-3 8.62227E-3 8.28587E-3 6.71159E-3 4.16934E-3 9.84767E-4 4.28299E-3 9.92326E-3 5.8506E-3 4.23611E-3 4.18743E-3 3.97836E-3
-9999 -9999 -9999 -9999 -9999 -9999 -9999 -9999 -9999 -9999 -9999 -9999 -9999 -9999 -9999 -9999 -9999 -9999 -9999 -9999 2.00723E-1 2.28355E-1 2.55909E-1 2.84122E-1 3.30086E-1 3.72621E-1 4.0691E-1 4.22455E-1 3.97766E-1 4.2275E-1 4.38267E-1 2.58577E-1 7.93598E-2 4.6245E-2 7.82356E-3 1.19421E-3 3.6667E-5 1.08883E-4 7.9402E-5 1.46237E-4 4.02409E-4 4.67405E-4 7.60818E-4 1.18846E-3 1.41011E-3 1.59854E-3 1.27991E-3 1.35346E-3 2.07586E-3 2.44852E-3 2.58578E-3 2.53893E-3 2.24526E-3 1.78384E-3 1.49987E-3 2.38759E-3 2.68278E-3 3.67497E-3 5.72298E-3 7.41734E-3 6.48924E-3 3.34281E-3 9.71526E-4 3.14274E-4 1.71008E-3 6.71159E-3 2.84641E-3 4.93294E-3 6.30566E-3 5.01303E-3
-9999 -9999 -9999 -9999 -9999 -9999 -9999 -9999 -9999 -9999 -9999 -9999 -9999 -9999 -9999 -9999 -9999 -9999 -9999 -9999 -9999 2.09424E-1 2.40535E-1 2.68208E-1 3.04647E-1 3.5533E-1 3.93253E-1 4.25343E-1 4.56468E-1 4.74516E-1 4.96558E-1 4.62596E-1 2.42687E-1 1.65491E-1 1.42539E-1 1.59558E-3 3.64873E-4 1.33143E-4 7.01523E-5 3.94459E-4 4.00172E-4 5.55466E-4 1.67908E-4 6.43831E-4 1.39676E-3 1.3006E-3 1.31411E-3 1.45717E-3 2.02857E-3 2.00222E-3 2.33629E-3 2.86785E-3 2.97898E-3 2.75721E-3 1.50692E-3 1.07513E-3 1.01969E-3 4.49539E-4 1.96487E-3 5.9291E-3 6.48924E-3 4.43056E-3 1.92729E-3 7.56087E-4 1.30443E-3 7.26702E-3 9.22033E-3 7.07951E-3 1.9294E-3 2.00778E-3
-9999 -9999 -9999 -9999 -9999 -9999 -9999 -9999 -9999 -9999 -9999 -9999 -9999 -9999 -9999 -9999 -9999 -9999 -9999 -9999 -9999 -9999 2.15645E-1 2.38822E-1 2.8143E-1 3.19745E-1 3.5645E-1 3.94856E-1 4.33026E-1 4.74567E-1 5.06741E-1 5.01802E-1 4.22918E-1 3.45167E-1 1.57408E-1 7.9822E-3 2.14376E-3 1.58074E-4 5.10303E-4 8.51781E-4 4.26052E-4 5.09606E-4 2.68672E-4 3.17063E-4 3.23011E-4 9.04785E-4 8.64702E-4 1.24488E-3 9.2474E-4 1.85928E-3 2.55045E-3 2.78957E-3 3.40339E-3 3.11264E-3 1.60843E-3 4.84835E-4 4.66226E-4 6.56812E-4 1.1986E-3 4.17982E-3 5.62053E-3 5.39841E-3 3.17054E-3 4.63303E-4 3.70061E-4 3.96959E-3 1.00225E-2 8.7824E-3 2.39701E-3 1.49987E-3
-9999 -9999 -9999 -9999 -9999 -9999 -9999 -9999 -9999 -9999 -9999 -9999 -9999 -9999 -9999 -9999 -9999 -9999 -9999 -9999 -9999 -9999 1.95316E-1 2.15724E-1 2.47589E-1 2.79413E-1 3.16034E-1 3.59538E-1 4.00515E-1 4.44609E-1 5.00432E-1 5.44218E-1 4.95798E-1 3.69862E-1 2.29962E-1 1.43008E-1 2.18173E-2 1.7023E-3 1.25925E-4 2.43896E-3 4.49114E-4 1.47899E-4 2.71011E-4 2.68414E-4 2.23666E-4 3.3009E-4 7.32854E-4 7.266E-4 4.69006E-4 1.94945E-3 2.98765E-3 3.41882E-3 3.42564E-3 2.9992E-3 1.73801E-3 6.99215E-4 2.65182E-4 2.43452E-4 3.57393E-4 1.79544E-3 3.9167E-3 4.4908E-3 4.37103E-3 2.92681E-3 1.0676E-3 2.08182E-3 9.18179E-3 9.85221E-3 5.2716E-3 2.82845E-3
-9999 -9999 -9999 -9999 -9999 -9999 -9999 -9999 -9999 -9999 -9999 -9999 -9999 -9999 -9999 -9999 -9999 -9999 -9999 -9999 -9999 -9999 -9999 1.92914E-1 2.15613E-1 2.44691E-1 2.78314E-1 3.07435E-1 3.53991E-1 4.04813E-1 4.58643E-1 5.1039E-1 5.20677E-1 3.69552E-1 2.53483E-1 1.1628E-1 2.65163E-2 8.16184E-3 4.93555E-3 2.42899E-3 1.9988E-3 2.91623E-4 6.74132E-5 2.93149E-4 2.64983E-4 1.21849E-4 1.71063E-4 6.05336E-4 6.77226E-4 8.81872E-4 1.41073E-3 2.68481E-3 2.74052E-3 2.91998E-3 2.26902E-3 1.48184E-3 7.1748E-4 2.88744E-4 6.74161E-5 2.46624E-4 5.72521E-4 1.77162E-3 3.08892E-3 4.28299E-3 3.17289E-3 3.67298E-3 7.71814E-3 1.04274E-2 8.13565E-3 2.98098E-3
-9999 -9999 -9999 -9999 -9999 -9999 -9999 -9999 -9999 -9999 -9999 -9999 -9999 -9999 -9999 -9999 -9999 -9999 -9999 -9999 -9999 -9999 -9999 1.69933E-1 1.91493E-1 2.09648E-1 2.33367E-1 2.56115E-1 2.9978E-1 3.48259E-1 4.09922E-1 4.55717E-1 4.78821E-1 4.29968E-1 2.91086E-1 1.84887E-1 1.98976E-3 1.23923E-2 4.68175E-2 1.7677E-2 1.10424E-2 1.70815E-3 1.84477E-3 7.40583E-4 2.2328E-4 1.88343E-4 8.75911E-5 2.20765E-4 5.36033E-4 5.21335E-4 8.92425E-4 2.15194E-3 2.10376E-3 2.68018E-3 3.2125E-3 2.86785E-3 1.96228E-3 1.22688E-3 2.28028E-4 9.58113E-5 3.23552E-5 3.91489E-4 2.04504E-3 3.48454E-3 3.21323E-3 1.69258E-3 2.6292E-3 8.91787E-3 9.88685E-3 6.23512E-3
-9999 -9999 -9999 -9999 -9999 -9999 -9999 -9999 -9999 -9999 -9999 -9999 -9999 -9999 -9999 -9999 -9999 -9999 -9999 -9999 -9999 -9999 1.33435E-1 1.48425E-1 1.65742E-1 1.82478E-1 1.97134E-1 2.09163E-1 2.43986E-1 2.97439E-1 3.56522E-1 4.05231E-1 4.36714E-1 4.30809E-1 3.85262E-1 2.4741E-1 4.36123E-2 6.72023E-4 2.47017E-3 9.5479E-3 4.8435E-3 5.55964E-4 1.06116E-3 3.21647E-4 1.40126E-4 2.10439E-4 7.93211E-5 1.62835E-4 3.0582E-4 3.52986E-4 4.96502E-4 1.10721E-3 1.80314E-3 2.21076E-3 2.07927E-3 3.48819E-3 3.15521E-3 2.63834E-3 1.52031E-3 5.65848E-4 3.39358E-4 1.82862E-4 6.35063E-4 2.37656E-3 2.54988E-3 2.85571E-3 2.03588E-3 4.77989E-3 8.61975E-3 8.55028E-3
-9999 -9999 -9999 -9999 -9999 -9999 -9999 -9999 -9999 -9999 -9999 -9999 -9999 -9999 -9999 -9999 -9999 -9999 -9999 -9999 -9999 -9999 1.17189E-1 1.37034E-1 1.49615E-1 1.60103E-1 1.7781E-1 1.86226E-1 2.12949E-1 2.6837E-1 3.1448E-1 3.61833E-1 3.9701E-1 4.13685E-1 3.97929E-1 2.37392E-1 3.47624E-2 8.52079E-3 1.44765E-2 3.77208E-3 1.98198E-3 1.2735E-3 6.45887E-4 3.04845E-3 8.12508E-4 7.09601E-4 3.09041E-4 1.4877E-4 1.45145E-4 1.59949E-4 5.04161E-4 7.88412E-4 6.09217E-4 2.1209E-3 3.40914E-3 3.89811E-3 4.1843E-3 4.23149E-3 3.60022E-3 1.59981E-3 7.71863E-4 7.64956E-4 8.07454E-4 1.37424E-3 1.22688E-3 2.84356E-3 2.82949E-3 1.57681E-3 4.96665E-3 5.36852E-3
-9999 -9999 -9999 -9999 -9999 -9999 -9999 -9999 -9999 -9999 -9999 -9999 -9999 -9999 -9999 -9999 -9999 -9999 -9999 -9999 -9999 -9999 1.09478E-1 1.23842E-1 1.39374E-1 1.53373E-1 1.67808E-1 1.81785E-1 2.08194E-1 2.46139E-1 2.87855E-1 3.28725E-1 3.59247E-1 3.81876E-1 3.92671E-1 3.04423E-1 7.18052E-2 1.24794E-2 1.23527E-2 4.87867E-2 4.91502E-3 1.63571E-3 1.37536E-3 2.56874E-3 2.96179E-4 8.57828E-4 4.01736E-4 2.52809E-4 3.25019E-4 3.15819E-4 3.44481E-4 4.55668E-4 9.9328E-4 1.21621E-3 3.29552E-3 4.6574E-3 5.00092E-3 5.1243E-3 4.69938E-3 2.73153E-3 8.74781E-4 8.32291E-4 8.11715E-4 1.35891E-3 1.91945E-3 2.40738E-3 4.22642E-3 4.45998E-3 6.34211E-3 4.26731E-3
-9999 -9999 -9999 -9999 -9999 -9999 -9999 -9999 -9999 -9999 -9999 -9999 -9999 -9999 -9999 -9999 -9999 -9999 -9999 -9999 -9999 -9999 -9999 -9999 1.33189E-1 1.465E-1 1.59475E-1 1.77396E-1 2.00368E-1 2.31079E-1 2.67654E-1 2.98479E-1 3.31572E-1 3.50763E-1 3.67643E-1 3.42237E-1 2.23457E-1 1.21081E-1 1.76907E-1 1.12457E-1 1.42377E-2 3.40279E-3 1.08172E-3 5.56544E-3 2.42815E-4 2.01669E-4 3.98624E-4 3.55187E-4 2.63134E-4 4.12101E-4 2.82881E-4 2.459E-4 6.30224E-4 9.5901E-4 1.06374E-3 2.95129E-3 5.7077E-3 5.78736E-3 5.75122E-3 4.59068E-3 2.84422E-3 2.00361E-3 1.72607E-3 1.90638E-3 2.31385E-3 2.56506E-3 4.25084E-3 5.71332E-3 4.93735E-3 6.33722E-3
-9999 -9999 -9999 -9999 -9999 -9999 -9999 -9999 -9999 -9999 -9999 -9999 -9999 -9999 -9999 -9999 -9999 -9999 -9999 -9999 -9999 -9999 -9999 -9999 1.31717E-1 1.43911E-1 1.59013E-1 1.76875E-1 1.97275E-1 2.20344E-1 2.50443E-1 2.78105E-1 3.05584E-1 3.27995E-1 3.49147E-1 3.53695E-1 3.31611E-1 2.70858E-1 2.02726E-1 1.69081E-1 9.84289E-2 3.99149E-3 5.78872E-4 2.14432E-3 4.42582E-3 4.33649E-4 1.61688E-4 4.6864E-4 6.78867E-4 2.7648E-4 3.36992E-4 3.04285E-4 6.95417E-5 1.50551E-4 2.25622E-4 5.60722E-4 8.74454E-4 3.1732E-3 4.94385E-3 5.34871E-3 5.03297E-3 3.68117E-3 2.68481E-3 1.27991E-3 6.89525E-4 1.13629E-3 2.52453E-3 4.31541E-3 5.68474E-3 5.45777E-3
-9999 -9999 -9999 -9999 -9999 -9999 -9999 -9999 -9999 -9999 -9999 -9999 -9999 -9999 -9999 -9999 -9999 -9999 -9999 -9999 -9999 -9999 -9999 -9999 1.32598E-1 1.46925E-1 1.58453E-1 1.7334E-1 1.91973E-1 2.10705E-1 2.32737E-1 2.59012E-1 2.8609E-1 3.0203E-1 3.23384E-1 3.36621E-1 3.2462E-1 3.31349E-1 2.45855E-1 1.85618E-1 7.84598E-2 1.47506E-2 4.38333E-3 3.38281E-3 2.10805E-3 2.92583E-3 5.35927E-4 1.68855E-3 1.52379E-3 7.59781E-4 1.13264E-3 3.34823E-4 4.83684E-4 4.8467E-4 7.42417E-4 3.59749E-4 2.60097E-4 7.75443E-4 1.95183E-3 3.66685E-3 5.33615E-3 5.37673E-3 2.58974E-3 8.53204E-4 2.45776E-4 2.64963E-4 9.11027E-4 1.28295E-3 1.97321E-3 5.64062E-3
-9999 -9999 -9999 -9999 -9999 -9999 -9999 -9999 -9999 -9999 -9999 -9999 -9999 -9999 -9999 -9999 -9999 -9999 -9999 -9999 -9999 -9999 -9999 -9999 -9999 1.47666E-1 1.55057E-1 1.66178E-1 1.84404E-1 1.98131E-1 -9999 -9999 2.60735E-1 2.79854E-1 2.99205E-1 3.17895E-1 3.21425E-1 3.11038E-1 2.79742E-1 2.14274E-1 1.05024E-1 2.44962E-2 5.76632E-2 5.0962E-2 3.36513E-2 2.3587E-3 9.7116E-4 1.92549E-4 1.36714E-3 1.5448E-3 5.2482E-4 9.18803E-4 4.41968E-4 5.29986E-4 8.78852E-4 1.10518E-3 4.79851E-4 2.56562E-4 9.43875E-4 2.47541E-3 4.74243E-3 6.32241E-3 4.78376E-3 2.42452E-3 1.12367E-3 6.85159E-4 5.73268E-4 2.2733E-4 4.06858E-4 2.1464E-3
-9999 -9999 -9999 -9999 -9999 -9999 -9999 -9999 -9999 -9999 -9999 -9999 -9999 -9999 -9999 -9999 -9999 -9999 -9999 -9999 -9999 -9999 -9999 -9999 -9999 -9999 1.50997E-1 1.63358E-1 1.76983E-1 1.85906E-1 -9999 2.26131E-1 2.41085E-1 2.56337E-1 2.76358E-1 2.91005E-1 2.98848E-1 2.99555E-1 2.72858E-1 2.38351E-1 1.80927E-1 1.65521E-1 1.19181E-1 1.09162E-1 8.49897E-2 3.47799E-2 3.35475E-3 9.11371E-4 1.03647E-3 4.07225E-3 4.52527E-3 1.76184E-3 8.35894E-4 5.86999E-4 1.59421E-3 2.83756E-3 1.82781E-3 6.92972E-4 3.55339E-4 6.68795E-4 2.93739E-3 7.10443E-3 7.4718E-3 5.36941E-3 3.53703E-3 2.15479E-3 1.63632E-3 6.67283E-4 6.28485E-4 2.02199E-3
-9999 -9999 -9999 -9999 -9999 -9999 -9999 -9999 -9999 -9999 -9999 -9999 -9999 -9999 -9999 -9999 -9999 -9999 -9999 -9999 -9999 -9999 -9999 -9999 -9999 -9999 -9999 1.56424E-1 1.67598E-1 1.76983E-1 -9999 -9999 -9999 2.35103E-1 -9999 -9999 -9999 2.79307E-1 2.6513E-1 2.1695E-1 1.91699E-1 1.61039E-1 1.24335E-1 7.10971E-2 7.44185E-2 4.64477E-2 9.74534E-3 7.02167E-3 3.38281E-3 3.03052E-3 1.0075E-2 1.08306E-2 5.33551E-3 2.96968E-3 4.29301E-3 3.1259E-3 1.56245E-3 1.54326E-3 1.10887E-3 5.85858E-4 1.41944E-3 4.55084E-3 7.12356E-3 7.18682E-3 6.21848E-3 4.47555E-3 3.40286E-3 2.86593E-3 2.59033E-3 1.72015E-3
-9999 -9999 -9999 -9999 -9999 -9999 -9999 -9999 -9999 -9999 -9999 -9999 -9999 -9999 -9999 -9999 -9999 -9999 -9999 -9999 -9999 -9999 -9999 -9999 -9999 -9999 -9999 -9999 -9999 -9999 -9999 -9999 -9999 -9999 -9999 -9999 -9999 2.55757E-1 2.52752E-1 2.38083E-1 2.10492E-1 1.77828E-1 1.36205E-1 7.64509E-2 7.24771E-2 4.83274E-2 2.77786E-3 4.44104E-3 4.02348E-3 2.46861E-3 9.86584E-3 1.5183E-2 1.4509E-2 9.67424E-3 4.1644E-3 3.38895E-3 4.31313E-3 1.56346E-3 1.19307E-3 1.26581E-3 2.09781E-3 4.08483E-3 6.3093E-3 6.60418E-3 5.83153E-3 5.0818E-3 4.36209E-3 3.51085E-3 3.30305E-3 1.98826E-3
-9999 -9999 -9999 -9999 -9999 -9999 -9999 -9999 -9999 -9999 -9999 -9999 -9999 -9999 -9999 -9999 -9999 -9999 -9999 -9999 -9999 -9999 -9999 -9999 -9999 -9999 -9999 -9999 -9999 -9999 -9999 -9999 -9999 -9999 -9999 -9999 -9999 -9999 2.30211E-1 2.33434E-1 2.20296E-1 2.05086E-1 1.85484E-1 1.59615E-1 1.06702E-1 9.40377E-2 2.95833E-2 1.94415E-3 3.44553E-3 2.04688E-3 6.48369E-3 8.22608E-3 1.05957E-2 1.58209E-2 1.17794E-2 1.27346E-2 1.13452E-2 1.17807E-2 1.12403E-2 6.49789E-3 2.96609E-3 5.0283E-3 6.19577E-3 4.73755E-3 3.12957E-3 4.2217E-3 5.13285E-3 5.50728E-3 4.67975E-3 3.53553E-3
-9999 -9999 -9999 -9999 -9999 -9999 -9999 -9999 -9999 -9999 -9999 -9999 -9999 -9999 -9999 -9999 -9999 -9999 -9999 -9999 -9999 -9999 -9999 -9999 -9999 -9999 -9999 -9999 -9999 -9999 -9999 -9999 -9999 -9999 -9999 -9999 -9999 -9999 -9999 2.20246E-1 2.17328E-1 2.09647E-1 2.04616E-1 1.80321E-1 1.50701E-1 8.83585E-2 8.2227E-2 1.14748E-2 1.54335E-3 7.32582E-3 1.02259E-2 2.01001E-2 1.41016E-2 1.30841E-2 1.57282E-2 1.66295E-2 1.5281E-2 1.11249E-2 1.02752E-2 9.04587E-3 1.06728E-2 2.74138E-3 4.38447E-3 2.11256E-3 3.1377E-3 3.85687E-3 4.34084E-3 5.95903E-3 6.10081E-3 5.19099E-3
