KUENM/Final_Models/M_0.1_F_lq_Set_2_NE/sp1_se_asia_max.asc
ncols         320
nrows         243
xllcorner     44.0
yllcorner     -0.666666666666667
cellsize      0.166666666666667
NODATA_value  -9999
[rows 93 to 123 of 243, columns 140 to 209 of 320]
3.11526E-1 3.19425E-1 3.28927E-1 3.36574E-1 3.47519E-1 3.60007E-1 3.77065E-1 3.89204E-1 3.9256E-1 3.96063E-1 3.99399E-1 4.02723E-1 4.06035E-1 4.10973E-1 4.1752E-1 4.28668E-1 4.398E-1 4.63353E-1 4.94182E-1 5.25883E-1 5.56698E-1 5.76972E-1 6.05478E-1 6.28458E-1 6.52088E-1 6.66652E-1 6.70608E-1 6.75287E-1 6.79936E-1 6.808E-1 6.59038E-1 6.02041E-1 4.46629E-1 4.37099E-1 5.05915E-1 3.97331E-1 3.75447E-1 5.04821E-1 6.57123E-1 6.72924E-1 6.55944E-1 5.91781E-1 5.62214E-1 4.97214E-1 4.359E-1 4.12377E-1 4.40467E-1 4.69879E-1 5.0678E-1 5.18841E-1 5.27026E-1 4.85626E-1 4.20105E-1 3.88321E-1 4.06045E-1 4.08462E-1 3.56829E-1 2.80046E-1 3.02766E-1 3.3165E-1 3.47352E-1 3.61297E-1 3.56074E-1 3.2861E-1 2.49229E-1 1.31667E-1 7.61724E-2 5.01027E-2 4.73719E-2 5.49457E-2
3.18936E-1 3.30425E-1 3.38354E-1 3.51293E-1 3.65756E-1 3.85042E-1 4.06717E-1 4.25142E-1 4.42961E-1 4.49199E-1 4.47646E-1 4.41553E-1 4.41553E-1 4.41548E-1 4.36813E-1 4.38222E-1 4.49182E-1 4.71992E-1 5.05573E-1 5.39275E-1 5.69182E-1 5.99775E-1 6.23534E-1 6.4726E-1 6.67789E-1 6.82759E-1 6.83481E-1 6.83645E-1 6.85596E-1 6.8447E-1 6.65413E-1 6.322E-1 5.37178E-1 5.1353E-1 5.04146E-1 3.96721E-1 5.08223E-1 6.19496E-1 6.7233E-1 6.67868E-1 6.61793E-1 6.37387E-1 6.27414E-1 5.43455E-1 4.12377E-1 4.01085E-1 4.37357E-1 4.63163E-1 5.0327E-1 5.37834E-1 5.15107E-1 4.54158E-1 4.23372E-1 4.20189E-1 4.31609E-1 4.23371E-1 3.27811E-1 2.89261E-1 3.18515E-1 3.92583E-1 4.20689E-1 3.8855E-1 3.4031E-1 2.62828E-1 1.81002E-1 8.88987E-2 5.46465E-2 3.94685E-2 4.29602E-2 3.7707E-2
-9999 3.44154E-1 3.56124E-1 3.72523E-1 3.86964E-1 4.10995E-1 4.37413E-1 4.66645E-1 4.90433E-1 4.97773E-1 4.8935E-1 4.77991E-1 4.67643E-1 4.61618E-1 4.59944E-1 4.45758E-1 4.47629E-1 4.85018E-1 5.20677E-1 5.56254E-1 5.87127E-1 6.15194E-1 6.39901E-1 6.57957E-1 6.75382E-1 6.88091E-1 6.91132E-1 6.93102E-1 6.94264E-1 6.87786E-1 6.808E-1 6.55976E-1 5.98157E-1 5.17841E-1 4.69394E-1 4.63761E-1 5.18841E-1 6.11926E-1 6.65563E-1 6.68009E-1 6.76944E-1 6.65857E-1 6.2734E-1 5.20335E-1 4.15929E-1 4.03705E-1 4.32394E-1 4.6072E-1 5.00616E-1 5.16173E-1 4.38914E-1 4.03651E-1 4.2149E-1 4.33249E-1 4.21836E-1 4.02141E-1 3.31239E-1 2.79571E-1 3.04651E-1 3.96355E-1 4.26136E-1 3.67787E-1 2.3251E-1 1.23524E-1 8.44393E-2 4.96039E-2 3.22094E-2 3.07507E-2 3.28913E-2 3.67908E-2
-9999 -9999 -9999 -9999 4.13445E-1 4.35919E-1 4.61468E-1 -9999 5.31707E-1 5.39379E-1 5.27891E-1 5.10041E-1 4.80903E-1 4.49361E-1 4.20778E-1 4.12615E-1 4.41374E-1 4.92137E-1 5.28226E-1 5.72209E-1 6.04337E-1 6.29077E-1 6.50533E-1 6.66021E-1 6.78912E-1 6.82759E-1 6.87715E-1 6.9375E-1 6.94521E-1 6.91027E-1 6.86631E-1 6.65069E-1 6.36297E-1 5.55811E-1 4.94387E-1 5.26859E-1 5.35655E-1 5.61631E-1 6.35646E-1 6.62466E-1 6.688E-1 6.4332E-1 5.44818E-1 5.02089E-1 3.9593E-1 3.92912E-1 4.47715E-1 4.84195E-1 4.79055E-1 4.78536E-1 4.38083E-1 4.23925E-1 4.30196E-1 4.13609E-1 3.8709E-1 3.39668E-1 2.97676E-1 2.48353E-1 2.3575E-1 3.39614E-1 3.8803E-1 2.95501E-1 1.50054E-1 6.82131E-2 4.56456E-2 2.90756E-2 2.05627E-2 2.14113E-2 2.33051E-2 3.24799E-2
-9999 -9999 -9999 -9999 -9999 -9999 4.88411E-1 5.22331E-1 5.44081E-1 5.60054E-1 5.58949E-1 5.46122E-1 5.01912E-1 4.2563E-1 3.48424E-1 3.82611E-1 4.47629E-1 5.06005E-1 5.54382E-1 5.93316E-1 6.19642E-1 6.42334E-1 6.60058E-1 6.73918E-1 6.82945E-1 6.8829E-1 6.89885E-1 6.97551E-1 6.97702E-1 6.9087E-1 6.7936E-1 6.67449E-1 6.49565E-1 6.14208E-1 5.59096E-1 5.59096E-1 5.64294E-1 5.87788E-1 6.34448E-1 6.59287E-1 6.59241E-1 5.8212E-1 3.97739E-1 3.86608E-1 3.41363E-1 3.50066E-1 4.44201E-1 4.60204E-1 4.44201E-1 4.45096E-1 4.27094E-1 4.38914E-1 4.0754E-1 3.53728E-1 3.19593E-1 2.96381E-1 2.53704E-1 1.80202E-1 1.7403E-1 2.54238E-1 3.2818E-1 2.0039E-1 8.27013E-2 4.29768E-2 2.73874E-2 1.81884E-2 1.39135E-2 1.30944E-2 1.81265E-2 2.92155E-2
-9999 -9999 -9999 -9999 -9999 -9999 -9999 5.28615E-1 5.51173E-1 5.67357E-1 5.86021E-1 5.78411E-1 5.45284E-1 4.78448E-1 4.31885E-1 4.49199E-1 4.89261E-1 5.43519E-1 5.84163E-1 6.07961E-1 6.35155E-1 6.54028E-1 6.67277E-1 6.79437E-1 6.87457E-1 6.93152E-1 6.95187E-1 6.99721E-1 6.96417E-1 6.80705E-1 6.67365E-1 6.61151E-1 6.56477E-1 6.46034E-1 6.15222E-1 6.00939E-1 5.97577E-1 5.98443E-1 6.1224E-1 6.43282E-1 6.43834E-1 5.67615E-1 3.93132E-1 3.68119E-1 3.11562E-1 3.15518E-1 3.69488E-1 3.94685E-1 4.15929E-1 4.27094E-1 4.18216E-1 4.18216E-1 3.57536E-1 2.66255E-1 2.37009E-1 2.38577E-1 2.04869E-1 1.18017E-1 8.70953E-2 1.17232E-1 1.57758E-1 1.04397E-1 5.65587E-2 3.32942E-2 2.35086E-2 1.6087E-2 1.41854E-2 1.17357E-2 1.65384E-2 2.41391E-2
-9999 -9999 -9999 -9999 -9999 -9999 -9999 -9999 5.53424E-1 5.6942E-1 5.88951E-1 6.03376E-1 5.79477E-1 5.45234E-1 5.40751E-1 5.36976E-1 5.41389E-1 5.75578E-1 6.07776E-1 6.27874E-1 6.4546E-1 6.6409E-1 6.75382E-1 6.84819E-1 6.92811E-1 6.9733E-1 6.99235E-1 7.00252E-1 6.9526E-1 6.80525E-1 6.5894E-1 6.42405E-1 6.59971E-1 6.46331E-1 6.10928E-1 5.90201E-1 5.9917E-1 6.02839E-1 5.65357E-1 5.35793E-1 5.59087E-1 5.17016E-1 3.29674E-1 3.08042E-1 3.57865E-1 3.46721E-1 3.4252E-1 3.64551E-1 4.21397E-1 4.29274E-1 4.20325E-1 3.86313E-1 2.95943E-1 1.91084E-1 1.82209E-1 1.97231E-1 1.64391E-1 7.37723E-2 2.30807E-2 4.11674E-2 6.22851E-2 5.81534E-2 3.94685E-2 2.79684E-2 1.8843E-2 2.19084E-2 4.23765E-2 3.78162E-2 3.20503E-2 3.38789E-2
-9999 -9999 -9999 -9999 -9999 -9999 -9999 -9999 -9999 5.70443E-1 5.8464E-1 5.96586E-1 5.92378E-1 5.82475E-1 5.7349E-1 5.61117E-1 5.59753E-1 5.8771E-1 -9999 6.34739E-1 6.58245E-1 6.73318E-1 6.8099E-1 6.85026E-1 6.93338E-1 6.94686E-1 6.89184E-1 7.02883E-1 6.89999E-1 6.80434E-1 6.6306E-1 6.38814E-1 6.40954E-1 6.23353E-1 5.81978E-1 5.51971E-1 5.6651E-1 5.44782E-1 4.81082E-1 4.53584E-1 4.63553E-1 4.48236E-1 3.71765E-1 3.72817E-1 3.83195E-1 3.83083E-1 3.82465E-1 3.92912E-1 4.46527E-1 4.3896E-1 3.76979E-1 2.95282E-1 1.91826E-1 1.23094E-1 1.39099E-1 1.79181E-1 1.71883E-1 9.1906E-2 3.17812E-2 2.58875E-2 3.37269E-2 3.3455E-2 1.9103E-2 1.92428E-2 1.71753E-2 2.22667E-2 3.86269E-2 5.01487E-2 5.85181E-2 6.34001E-2
-9999 -9999 -9999 -9999 -9999 -9999 -9999 -9999 -9999 -9999 -9999 5.8414E-1 5.84351E-1 5.81498E-1 5.77615E-1 5.71004E-1 -9999 -9999 6.19642E-1 6.4573E-1 6.69758E-1 6.80328E-1 6.84125E-1 6.84125E-1 6.84947E-1 6.8742E-1 6.88492E-1 7.00446E-1 6.92089E-1 6.58403E-1 6.61809E-1 6.53544E-1 6.05994E-1 5.82151E-1 5.93193E-1 5.7383E-1 5.52385E-1 5.06949E-1 4.42921E-1 4.48861E-1 4.65146E-1 5.10387E-1 5.22097E-1 5.09151E-1 4.43843E-1 3.91363E-1 3.93026E-1 4.01583E-1 4.51141E-1 4.33212E-1 3.37774E-1 2.43395E-1 1.50316E-1 1.11599E-1 1.20737E-1 1.45486E-1 1.54953E-1 1.14971E-1 7.01456E-2 4.6003E-2 3.3455E-2 1.76943E-2 1.16492E-2 1.38729E-2 1.19199E-2 1.38476E-2 2.47255E-2 4.44192E-2 7.01263E-2 7.98694E-2
-9999 -9999 -9999 -9999 -9999 -9999 -9999 -9999 -9999 -9999 -9999 -9999 -9999 -9999 -9999 -9999 -9999 -9999 6.28085E-1 6.47142E-1 6.72204E-1 6.84527E-1 6.81726E-1 6.80583E-1 6.78231E-1 6.76162E-1 6.88499E-1 7.00697E-1 6.91043E-1 6.48678E-1 6.57816E-1 6.37492E-1 5.50895E-1 5.01014E-1 5.87623E-1 5.95014E-1 5.40886E-1 4.57761E-1 3.52675E-1 3.56508E-1 4.39112E-1 5.30777E-1 5.53038E-1 5.54145E-1 4.69019E-1 4.05947E-1 3.85259E-1 3.80787E-1 4.08316E-1 3.95818E-1 3.0664E-1 2.28897E-1 1.7193E-1 1.249E-1 1.2905E-1 1.67577E-1 2.10272E-1 1.86442E-1 1.36733E-1 1.06802E-1 7.07737E-2 3.77736E-2 2.57514E-2 1.5115E-2 8.08258E-3 6.68956E-3 1.3938E-2 2.60623E-2 3.9322E-2 4.43078E-2
-9999 -9999 -9999 -9999 -9999 -9999 -9999 -9999 -9999 -9999 -9999 -9999 -9999 -9999 -9999 -9999 -9999 6.43005E-1 6.4712E-1 6.48753E-1 6.76693E-1 6.80815E-1 6.80779E-1 6.76429E-1 6.76254E-1 6.7889E-1 6.9081E-1 6.97519E-1 6.89858E-1 6.81963E-1 6.74665E-1 6.35947E-1 5.37988E-1 4.93442E-1 5.59765E-1 5.62335E-1 4.91411E-1 3.69006E-1 2.33572E-1 2.37231E-1 3.39668E-1 4.40244E-1 5.06199E-1 5.25407E-1 4.92911E-1 4.37432E-1 3.97101E-1 3.71258E-1 3.46625E-1 3.21787E-1 2.64138E-1 2.2484E-1 2.58439E-1 2.57707E-1 2.34088E-1 2.65866E-1 2.36482E-1 1.92918E-1 1.37206E-1 9.54687E-2 5.74825E-2 3.89933E-2 2.28868E-2 1.5193E-2 5.99691E-3 2.57719E-3 1.64457E-3 1.29825E-2 2.63228E-2 1.01959E-2
-9999 -9999 -9999 -9999 -9999 -9999 -9999 -9999 -9999 -9999 -9999 -9999 -9999 -9999 6.53081E-1 6.57537E-1 6.5875E-1 6.56032E-1 6.56913E-1 6.66737E-1 6.7576E-1 6.65705E-1 6.63406E-1 6.67516E-1 6.71661E-1 6.79936E-1 6.88124E-1 6.97566E-1 6.96407E-1 6.90122E-1 6.87899E-1 6.55409E-1 5.90315E-1 5.48521E-1 5.23377E-1 4.92925E-1 3.82778E-1 2.18369E-1 1.39863E-1 1.67295E-1 2.75069E-1 4.09213E-1 5.00932E-1 5.47775E-1 5.66699E-1 5.56757E-1 5.36859E-1 4.83568E-1 3.75315E-1 3.13292E-1 2.52191E-1 3.9803E-1 4.69319E-1 4.56731E-1 3.87301E-1 2.90098E-1 2.26436E-1 1.51645E-1 9.95016E-2 5.5482E-2 3.29966E-2 2.28039E-2 2.69359E-2 3.71284E-2 1.64074E-2 1.95969E-3 2.38437E-6 3.67637E-3 5.7969E-4 1.7297E-3
-9999 -9999 -9999 -9999 -9999 -9999 -9999 -9999 -9999 -9999 5.96075E-1 6.00675E-1 6.185E-1 6.54822E-1 6.74292E-1 6.75431E-1 6.76774E-1 6.72672E-1 6.62974E-1 6.68561E-1 6.56958E-1 6.52095E-1 6.59996E-1 6.68235E-1 6.69291E-1 6.79958E-1 6.87737E-1 6.97733E-1 7.00671E-1 -9999 6.92824E-1 -9999 6.22911E-1 -9999 3.43915E-1 3.36575E-1 2.80408E-1 1.61359E-1 1.31581E-1 1.39682E-1 2.40801E-1 3.89876E-1 5.19088E-1 5.78208E-1 6.22964E-1 6.30569E-1 6.15232E-1 6.26604E-1 5.87945E-1 5.62217E-1 5.60781E-1 5.67448E-1 5.49162E-1 5.14671E-1 4.33993E-1 3.31994E-1 1.99826E-1 7.77471E-2 3.95446E-2 2.39433E-2 2.14334E-2 2.56567E-2 3.64492E-2 1.06184E-1 5.78622E-2 3.16966E-3 2.30391E-4 3.1071E-5 7.88414E-4 1.46206E-2
-9999 -9999 -9999 -9999 -9999 -9999 -9999 -9999 -9999 -9999 -9999 6.19173E-1 6.34519E-1 6.69983E-1 6.78038E-1 6.72941E-1 6.73544E-1 6.77567E-1 6.75462E-1 6.69882E-1 6.57891E-1 6.55432E-1 6.65184E-1 6.71854E-1 6.67953E-1 6.76935E-1 6.87971E-1 6.94052E-1 6.9739E-1 7.00671E-1 -9999 6.7607E-1 6.29943E-1 5.49221E-1 3.51115E-1 2.68074E-1 2.293E-1 1.86585E-1 1.88258E-1 1.83463E-1 2.74122E-1 3.84789E-1 5.64395E-1 6.06407E-1 6.53894E-1 6.70598E-1 6.66942E-1 6.58586E-1 6.29462E-1 6.04212E-1 5.86226E-1 5.46266E-1 5.29266E-1 5.00773E-1 3.99228E-1 3.11994E-1 1.58686E-1 3.03126E-2 7.89246E-3 7.19199E-3 1.40312E-2 2.55705E-2 5.92718E-2 8.88954E-2 1.08458E-1 2.7267E-2 1.23754E-2 1.06808E-2 9.81375E-3 4.38159E-2
-9999 -9999 -9999 -9999 -9999 -9999 -9999 -9999 -9999 -9999 -9999 -9999 6.6234E-1 6.76569E-1 6.72118E-1 6.62412E-1 6.62207E-1 6.687E-1 6.71941E-1 6.68235E-1 6.62221E-1 6.63553E-1 6.67917E-1 6.71383E-1 6.68581E-1 6.7606E-1 6.862E-1 6.93125E-1 6.97596E-1 -9999 -9999 -9999 6.33643E-1 5.84028E-1 4.19165E-1 2.64678E-1 1.94354E-1 1.86585E-1 1.89869E-1 1.91406E-1 3.1117E-1 4.62326E-1 4.76588E-1 5.21272E-1 6.37453E-1 6.42375E-1 6.47975E-1 6.49682E-1 6.2734E-1 6.1159E-1 5.96469E-1 5.18589E-1 4.48236E-1 4.12012E-1 3.51529E-1 2.52654E-1 9.22928E-2 1.36573E-2 3.24514E-3 4.83224E-3 2.08423E-2 7.21633E-2 9.41108E-2 5.2912E-2 3.70623E-2 6.91419E-2 7.22246E-2 8.67059E-2 6.11088E-2 7.93681E-2
-9999 -9999 -9999 -9999 -9999 -9999 -9999 -9999 -9999 -9999 -9999 -9999 -9999 6.71797E-1 6.4357E-1 6.40793E-1 6.4148E-1 6.44101E-1 6.47284E-1 6.54136E-1 6.63734E-1 6.69134E-1 6.73368E-1 6.71174E-1 6.6845E-1 6.72494E-1 6.80053E-1 6.87989E-1 6.90653E-1 -9999 -9999 6.81672E-1 6.47112E-1 5.81402E-1 4.29235E-1 1.89726E-1 6.05954E-2 4.75403E-2 6.26347E-2 1.07206E-1 2.15054E-1 4.30151E-1 5.61223E-1 6.09972E-1 6.17034E-1 6.17034E-1 6.22262E-1 6.09394E-1 5.87234E-1 6.10499E-1 5.73607E-1 5.2582E-1 4.32627E-1 3.95241E-1 3.56718E-1 2.15635E-1 5.71933E-2 8.30978E-3 6.61803E-3 9.70553E-3 2.9129E-2 1.20594E-1 1.99933E-1 1.64624E-1 1.68624E-1 1.93639E-1 1.72796E-1 1.84911E-1 1.87313E-1 1.67194E-1
-9999 -9999 -9999 -9999 -9999 -9999 -9999 -9999 -9999 -9999 -9999 -9999 -9999 -9999 6.39575E-1 6.31984E-1 6.2766E-1 6.11134E-1 5.77297E-1 5.98828E-1 6.51617E-1 6.74335E-1 6.73625E-1 6.67594E-1 6.66129E-1 6.66963E-1 6.67355E-1 6.6708E-1 6.57636E-1 6.71406E-1 -9999 -9999 -9999 5.2517E-1 2.88699E-1 7.49353E-2 1.81015E-2 1.49027E-2 3.91177E-2 1.62863E-1 4.19382E-1 6.14933E-1 6.71438E-1 6.69695E-1 6.51335E-1 6.23243E-1 6.03695E-1 5.67073E-1 5.08919E-1 5.34366E-1 4.66571E-1 4.17537E-1 3.72247E-1 3.796E-1 3.44808E-1 2.26436E-1 9.53781E-2 3.03126E-2 9.13477E-3 1.18484E-3 1.00647E-3 1.72646E-2 1.66666E-1 3.17987E-1 2.83108E-1 2.91858E-1 2.81782E-1 2.35444E-1 2.22076E-1 2.36482E-1
-9999 -9999 -9999 -9999 -9999 -9999 -9999 -9999 -9999 -9999 -9999 -9999 -9999 -9999 -9999 6.2286E-1 6.0626E-1 5.72525E-1 5.12756E-1 5.65486E-1 6.42833E-1 6.76737E-1 6.77716E-1 6.73309E-1 6.65954E-1 6.65257E-1 6.59204E-1 6.59228E-1 6.59604E-1 -9999 -9999 -9999 5.38924E-1 3.30657E-1 7.12167E-2 7.21419E-3 1.78415E-3 2.69103E-3 2.83956E-2 1.93013E-1 5.04833E-1 6.57687E-1 6.81565E-1 6.95965E-1 6.83399E-1 6.61054E-1 6.28274E-1 5.98485E-1 5.6146E-1 4.5527E-1 3.50117E-1 4.33379E-1 4.14588E-1 4.80356E-1 4.74315E-1 3.926E-1 2.33572E-1 6.25657E-2 9.03751E-3 3.62741E-4 1.61259E-3 7.29809E-2 3.33833E-1 3.97599E-1 4.27054E-1 3.73689E-1 3.19232E-1 2.67526E-1 2.41259E-1 2.86399E-1
-9999 -9999 -9999 -9999 -9999 -9999 -9999 -9999 -9999 -9999 -9999 -9999 -9999 -9999 -9999 -9999 5.88791E-1 5.58567E-1 5.57195E-1 5.88453E-1 6.34511E-1 6.55108E-1 6.73768E-1 6.7862E-1 6.75787E-1 6.65241E-1 6.49188E-1 6.47595E-1 6.438E-1 -9999 -9999 -9999 2.35663E-1 3.54215E-2 3.98393E-3 3.3492E-4 9.49081E-5 4.79342E-4 1.07139E-2 1.23484E-1 4.95164E-1 6.50477E-1 6.68269E-1 6.87912E-1 6.92712E-1 6.79455E-1 6.59971E-1 6.37672E-1 6.0777E-1 5.68775E-1 5.7002E-1 5.88847E-1 6.17697E-1 6.12286E-1 5.47447E-1 3.1675E-1 2.02677E-1 8.72357E-2 4.29602E-2 1.24052E-1 4.59756E-1 5.60014E-1 5.58007E-1 5.40272E-1 4.86297E-1 3.60245E-1 2.87179E-1 2.38679E-1 2.20501E-1 2.35228E-1
-9999 -9999 -9999 -9999 -9999 -9999 -9999 -9999 -9999 -9999 -9999 -9999 -9999 -9999 -9999 -9999 -9999 5.93355E-1 6.10125E-1 6.26577E-1 6.35926E-1 6.64803E-1 6.7474E-1 6.78528E-1 6.71378E-1 6.63406E-1 6.55455E-1 -9999 -9999 -9999 -9999 -9999 -9999 1.89879E-3 2.62559E-4 2.73972E-5 2.46921E-6 1.53794E-5 1.56853E-3 1.1971E-1 5.5624E-1 6.72005E-1 6.74545E-1 6.72646E-1 6.81777E-1 6.79429E-1 6.78174E-1 6.62899E-1 6.38088E-1 6.37357E-1 6.58403E-1 6.56746E-1 6.69837E-1 6.2728E-1 5.51307E-1 5.89497E-1 6.24072E-1 6.26549E-1 6.24842E-1 6.43058E-1 6.41082E-1 6.25759E-1 6.0468E-1 5.3962E-1 4.70841E-1 3.36785E-1 2.45446E-1 1.89368E-1 1.87985E-1 1.74391E-1
-9999 -9999 -9999 -9999 -9999 -9999 -9999 -9999 -9999 -9999 -9999 -9999 -9999 -9999 -9999 -9999 -9999 -9999 6.5155E-1 6.47392E-1 6.28266E-1 6.56468E-1 6.72144E-1 6.71174E-1 6.66558E-1 -9999 -9999 -9999 -9999 -9999 -9999 -9999 -9999 2.91693E-5 5.46696E-7 1.24592E-7 1.23753E-8 1.54859E-7 1.88295E-4 1.51304E-1 6.0153E-1 6.76938E-1 6.7069E-1 6.6819E-1 6.78106E-1 6.70294E-1 6.64268E-1 6.46906E-1 6.23353E-1 5.97164E-1 6.17523E-1 6.34838E-1 6.6306E-1 6.81307E-1 6.79001E-1 6.83083E-1 6.88656E-1 6.81307E-1 6.76505E-1 6.76934E-1 6.54172E-1 6.32785E-1 5.84844E-1 5.10263E-1 4.66662E-1 3.62215E-1 2.90699E-1 2.5899E-1 1.98851E-1 1.43735E-1
-9999 -9999 -9999 -9999 -9999 -9999 -9999 -9999 -9999 -9999 -9999 -9999 -9999 -9999 -9999 -9999 -9999 -9999 -9999 -9999 5.98771E-1 6.2984E-1 -9999 -9999 -9999 -9999 -9999 -9999 -9999 -9999 -9999 -9999 -9999 -9999 5.85176E-10 1.24822E-11 4.26152E-12 4.1057E-9 1.14906E-4 1.25363E-1 5.6115E-1 6.65563E-1 6.68073E-1 6.751E-1 6.64581E-1 6.55491E-1 6.3671E-1 6.09174E-1 5.76085E-1 5.71057E-1 5.9011E-1 6.02839E-1 6.35666E-1 6.68579E-1 6.74729E-1 6.74385E-1 6.83362E-1 6.67529E-1 6.59261E-1 6.51464E-1 6.28223E-1 6.08638E-1 5.88128E-1 5.6347E-1 4.60108E-1 3.64916E-1 3.05994E-1 2.80408E-1 1.99361E-1 1.16619E-1
-9999 -9999 -9999 -9999 -9999 -9999 -9999 -9999 -9999 -9999 -9999 -9999 -9999 -9999 -9999 -9999 -9999 -9999 -9999 -9999 -9999 -9999 -9999 -9999 -9999 -9999 -9999 -9999 -9999 -9999 -9999 -9999 -9999 9.65601E-10 4.46333E-12 1.88367E-14 7.3416E-13 4.96284E-8 3.03751E-3 3.02642E-1 6.33E-1 6.68375E-1 6.66573E-1 6.72703E-1 6.63237E-1 6.4793E-1 6.24469E-1 5.84086E-1 5.57108E-1 5.32403E-1 5.51522E-1 5.67881E-1 5.74088E-1 6.00582E-1 6.39829E-1 6.60345E-1 6.60527E-1 6.3361E-1 6.05994E-1 5.92477E-1 5.4606E-1 5.43305E-1 5.50895E-1 5.41849E-1 4.33485E-1 3.33673E-1 2.82906E-1 2.37998E-1 1.49671E-1 7.32329E-2
-9999 -9999 -9999 -9999 -9999 -9999 -9999 -9999 -9999 -9999 -9999 -9999 -9999 -9999 -9999 -9999 -9999 -9999 -9999 -9999 -9999 -9999 -9999 -9999 -9999 -9999 -9999 -9999 -9999 -9999 -9999 -9999 -9999 2.98005E-10 1.95843E-13 1.36839E-15 1.33483E-12 4.41432E-6 3.52245E-2 3.92928E-1 6.05994E-1 6.65997E-1 6.72164E-1 6.72233E-1 6.61009E-1 6.31317E-1 5.84465E-1 5.22114E-1 4.98486E-1 5.04995E-1 5.4006E-1 5.58514E-1 5.21162E-1 5.30292E-1 5.49677E-1 5.80005E-1 6.02425E-1 5.49551E-1 5.10263E-1 4.68196E-1 4.49355E-1 4.6133E-1 4.68279E-1 4.38242E-1 2.77687E-1 2.07441E-1 1.82054E-1 1.63655E-1 1.06752E-1 5.17432E-2
-9999 -9999 -9999 -9999 -9999 -9999 -9999 -9999 -9999 -9999 -9999 -9999 -9999 -9999 -9999 -9999 -9999 -9999 -9999 -9999 -9999 -9999 -9999 -9999 -9999 -9999 -9999 -9999 -9999 -9999 -9999 -9999 2.1509E-7 2.38586E-10 7.12508E-15 2.39339E-17 1.0501E-12 2.24389E-5 1.53427E-1 5.81701E-1 6.49162E-1 6.66175E-1 6.70986E-1 6.77251E-1 6.67047E-1 5.96098E-1 5.31202E-1 4.91267E-1 5.06271E-1 5.46803E-1 5.8623E-1 5.96522E-1 5.74936E-1 5.39346E-1 5.24138E-1 4.82408E-1 4.3871E-1 4.08245E-1 3.2438E-1 3.01604E-1 3.49525E-1 4.06101E-1 4.08965E-1 3.77005E-1 2.58855E-1 1.71578E-1 1.12523E-1 8.51583E-2 7.37354E-2 4.64994E-2
-9999 -9999 -9999 -9999 -9999 -9999 -9999 -9999 -9999 -9999 -9999 -9999 -9999 -9999 -9999 -9999 -9999 -9999 -9999 -9999 -9999 -9999 -9999 -9999 -9999 -9999 -9999 -9999 -9999 -9999 -9999 -9999 5.30208E-9 1.1903E-12 4.81146E-19 3.17995E-20 6.27623E-15 4.78934E-6 2.11244E-1 6.42215E-1 6.74479E-1 6.67517E-1 6.7073E-1 6.7735E-1 6.68807E-1 6.08678E-1 5.19159E-1 4.98409E-1 5.33075E-1 5.71252E-1 6.05539E-1 6.22262E-1 6.19787E-1 5.92546E-1 5.34E-1 4.99549E-1 4.70799E-1 3.80038E-1 2.16525E-1 1.87521E-1 2.64816E-1 3.34425E-1 3.73135E-1 3.30657E-1 2.61071E-1 1.80197E-1 1.00902E-1 6.09709E-2 5.04206E-2 5.23893E-2
-9999 -9999 -9999 -9999 -9999 -9999 -9999 -9999 -9999 -9999 -9999 -9999 -9999 -9999 -9999 -9999 -9999 -9999 -9999 -9999 -9999 -9999 -9999 -9999 -9999 -9999 -9999 -9999 -9999 -9999 -9999 -9999 6.14218E-10 1.79569E-15 8.40361E-23 4.40131E-27 1.36091E-20 2.49603E-10 2.10905E-2 5.86124E-1 6.70267E-1 6.58089E-1 6.60933E-1 6.73263E-1 6.74335E-1 6.3542E-1 5.7233E-1 5.61649E-1 5.84665E-1 6.04812E-1 6.20224E-1 6.32313E-1 6.28284E-1 5.95129E-1 5.60449E-1 5.15274E-1 4.65137E-1 3.71765E-1 2.44679E-1 1.94435E-1 2.24812E-1 3.71319E-1 3.44765E-1 2.9953E-1 2.39748E-1 1.75601E-1 1.10499E-1 7.20488E-2 5.3631E-2 6.06573E-2
-9999 -9999 -9999 -9999 -9999 -9999 -9999 -9999 -9999 -9999 -9999 -9999 -9999 -9999 -9999 -9999 -9999 -9999 -9999 -9999 -9999 -9999 -9999 -9999 -9999 -9999 -9999 -9999 -9999 -9999 -9999 -9999 1.84879E-12 6.53797E-18 4.33076E-26 2.29103E-28 1.12749E-28 2.23757E-22 5.56282E-6 2.00215E-1 6.53104E-1 6.50279E-1 6.51731E-1 6.65155E-1 6.71327E-1 6.52905E-1 6.36527E-1 6.29944E-1 6.24546E-1 6.21665E-1 6.20084E-1 6.23273E-1 6.26157E-1 5.90272E-1 5.49207E-1 5.12794E-1 4.64256E-1 3.56825E-1 2.66521E-1 1.96368E-1 1.86055E-1 2.09959E-1 2.55308E-1 2.32639E-1 1.71681E-1 1.38493E-1 1.35183E-1 1.12439E-1 8.79455E-2 7.23928E-2
-9999 -9999 -9999 -9999 -9999 -9999 -9999 -9999 -9999 -9999 -9999 -9999 -9999 -9999 -9999 -9999 -9999 -9999 -9999 -9999 -9999 -9999 -9999 -9999 -9999 -9999 -9999 -9999 -9999 -9999 -9999 -9999 2.6191E-12 2.56196E-19 1.04172E-26 2.03716E-30 9.73073E-27 1.05038E-18 1.64741E-6 1.75694E-1 6.66045E-1 6.50279E-1 6.4995E-1 6.63173E-1 6.72233E-1 6.66417E-1 6.63237E-1 6.49892E-1 6.35939E-1 6.2385E-1 6.07553E-1 6.03436E-1 5.94766E-1 5.89497E-1 5.55532E-1 4.99864E-1 4.2916E-1 3.52675E-1 2.57185E-1 2.12433E-1 1.80296E-1 1.58739E-1 1.37281E-1 1.68743E-1 1.82146E-1 1.6299E-1 1.3352E-1 1.04097E-1 4.84665E-2 4.0873E-2
-9999 -9999 -9999 -9999 -9999 -9999 -9999 -9999 -9999 -9999 -9999 -9999 -9999 -9999 -9999 -9999 -9999 -9999 -9999 -9999 -9999 -9999 -9999 -9999 -9999 -9999 -9999 -9999 -9999 -9999 -9999 -9999 -9999 1.42061E-20 1.38338E-25 1.44876E-28 6.98525E-23 6.66548E-15 3.36801E-6 7.54661E-2 5.9285E-1 6.56983E-1 6.55611E-1 6.64873E-1 6.68926E-1 6.69414E-1 6.66115E-1 6.52134E-1 6.43835E-1 6.32381E-1 6.22964E-1 6.13424E-1 5.88568E-1 5.57786E-1 5.3184E-1 4.8777E-1 4.38048E-1 4.06272E-1 3.32641E-1 2.67087E-1 1.96726E-1 1.57208E-1 1.65853E-1 1.73054E-1 1.84789E-1 1.76602E-1 1.59826E-1 1.12107E-1 5.97871E-2 5.3661E-2
-9999 -9999 -9999 -9999 -9999 -9999 -9999 -9999 -9999 -9999 -9999 -9999 -9999 -9999 -9999 -9999 -9999 -9999 -9999 -9999 -9999 -9999 -9999 -9999 -9999 -9999 -9999 -9999 -9999 -9999 -9999 -9999 -9999 1.51394E-21 1.30098E-23 2.10039E-28 2.22266E-24 1.54288E-15 6.59739E-5 3.48734E-1 6.10147E-1 6.5346E-1 6.6033E-1 6.69067E-1 6.77119E-1 6.78563E-1 6.64042E-1 6.48301E-1 6.36056E-1 6.25657E-1 6.12742E-1 6.05156E-1 5.8212E-1 5.53171E-1 5.18724E-1 4.69012E-1 4.44536E-1 4.62517E-1 3.94149E-1 3.31133E-1 2.70044E-1 1.92119E-1 1.81569E-1 1.95726E-1 2.11231E-1 2.30788E-1 2.11976E-1 1.97727E-1 1.51491E-1 1.29817E-1
