KUENM/Final_Models/M_0.1_F_lq_Set_2_NE/sp1_6_se_asia.asc
ncols         320
nrows         243
xllcorner     44.0
yllcorner     -0.666666666666667
cellsize      0.166666666666667
NODATA_value  -9999
[rows 62 to 92 of 243, columns 140 to 209 of 320]
5.98631E-2 1.01801E-1 1.03278E-1 1.10746E-1 1.16983E-1 1.23111E-1 1.30501E-1 1.19085E-1 9.81769E-2 1.05838E-1 1.13065E-1 1.10519E-1 1.3103E-1 1.39343E-1 1.43944E-1 1.59441E-1 1.9751E-1 2.08861E-1 2.22008E-1 1.96323E-1 1.46281E-1 1.10159E-1 9.69102E-2 9.40144E-2 9.19938E-2 9.38805E-2 9.10604E-2 9.40144E-2 9.69102E-2 1.04061E-1 1.15784E-1 1.2741E-1 1.42016E-1 1.49267E-1 1.55773E-1 1.49607E-1 1.41594E-1 1.33149E-1 1.29192E-1 1.42946E-1 1.63207E-1 1.81096E-1 2.07863E-1 2.34396E-1 2.6763E-1 2.91468E-1 3.2472E-1 3.63057E-1 3.90623E-1 4.10467E-1 4.23158E-1 4.34937E-1 4.83176E-1 5.09761E-1 4.89839E-1 4.89752E-1 5.28883E-1 5.36607E-1 4.60692E-1 3.81648E-1 3.86494E-1 2.95634E-1 2.03558E-1 1.65469E-1 1.70295E-1 9.71702E-2 4.87698E-2 1.34177E-2 2.6592E-3 1.42988E-4
7.16624E-2 9.31592E-2 9.53257E-2 9.7705E-2 1.0114E-1 1.11603E-1 1.16635E-1 1.07285E-1 1.001E-1 1.10242E-1 1.06621E-1 1.12982E-1 1.21539E-1 1.3224E-1 1.43271E-1 1.6804E-1 1.8464E-1 1.9928E-1 2.25106E-1 1.98456E-1 1.38805E-1 1.04929E-1 9.21175E-2 9.11792E-2 9.02475E-2 9.30626E-2 9.30626E-2 9.50833E-2 9.90053E-2 1.07321E-1 1.21608E-1 1.36088E-1 1.50031E-1 1.62013E-1 1.65649E-1 1.5975E-1 1.48822E-1 1.28845E-1 1.25009E-1 1.42297E-1 1.58008E-1 1.82052E-1 2.03258E-1 2.29933E-1 2.58735E-1 2.75275E-1 3.02876E-1 3.40867E-1 3.82952E-1 4.33164E-1 4.67975E-1 4.51664E-1 4.8013E-1 5.27285E-1 5.32553E-1 5.31505E-1 5.44219E-1 5.43408E-1 5.16363E-1 4.71778E-1 4.28307E-1 3.29288E-1 1.97927E-1 1.51522E-1 1.69552E-1 1.38972E-1 9.34361E-2 5.58933E-2 2.38473E-2 6.20506E-3
8.209E-2 8.8664E-2 8.83429E-2 8.76982E-2 8.79939E-2 9.9511E-2 1.17253E-1 1.31036E-1 1.39073E-1 1.35296E-1 1.1644E-1 1.17231E-1 1.24805E-1 1.32938E-1 1.32547E-1 1.54174E-1 1.60226E-1 1.68884E-1 1.73958E-1 1.53152E-1 1.22257E-1 1.00866E-1 8.93226E-2 8.65879E-2 8.74928E-2 8.84043E-2 9.22133E-2 9.50833E-2 1.02135E-1 1.12819E-1 1.24111E-1 1.40068E-1 1.55646E-1 1.66541E-1 1.68884E-1 1.68884E-1 1.56221E-1 1.43764E-1 1.44561E-1 1.54174E-1 1.70626E-1 1.89984E-1 2.14663E-1 2.32863E-1 2.54258E-1 2.72592E-1 2.89621E-1 3.22732E-1 3.73298E-1 4.25474E-1 4.58026E-1 4.39286E-1 4.64707E-1 5.22635E-1 5.43501E-1 5.49603E-1 5.55316E-1 5.4976E-1 5.39753E-1 5.0327E-1 4.47807E-1 3.50318E-1 2.41459E-1 1.7736E-1 1.90316E-1 1.69552E-1 1.41176E-1 1.10539E-1 8.35501E-2 4.00195E-2
8.22312E-2 8.6418E-2 8.35884E-2 8.26605E-2 8.39115E-2 1.0139E-1 1.22118E-1 1.42074E-1 1.22542E-1 1.26698E-1 1.22219E-1 1.3303E-1 1.33296E-1 1.29947E-1 1.29878E-1 1.32424E-1 1.31216E-1 1.30015E-1 1.23909E-1 1.11426E-1 9.88744E-2 8.93226E-2 8.56896E-2 8.21632E-2 8.48582E-2 8.75657E-2 9.32355E-2 9.71219E-2 1.05327E-1 1.14029E-1 1.24277E-1 1.39022E-1 1.54613E-1 1.6414E-1 1.69326E-1 1.70276E-1 1.69778E-1 1.69234E-1 1.71385E-1 1.79013E-1 1.89482E-1 2.08363E-1 2.2063E-1 2.4499E-1 2.60442E-1 2.77562E-1 2.97909E-1 3.28257E-1 3.61553E-1 3.96385E-1 4.25474E-1 4.44336E-1 4.7965E-1 5.17333E-1 5.46402E-1 5.63152E-1 5.58778E-1 5.61306E-1 5.62081E-1 5.25995E-1 4.52271E-1 3.63851E-1 2.88338E-1 2.45715E-1 2.47137E-1 2.36571E-1 2.04562E-1 1.86173E-1 1.78639E-1 1.07341E-1
8.60867E-2 8.6418E-2 8.83429E-2 8.45239E-2 8.73766E-2 1.06273E-1 1.48567E-1 1.7665E-1 1.759E-1 1.62431E-1 1.50102E-1 1.34764E-1 1.26441E-1 1.1903E-1 1.12679E-1 1.06494E-1 1.04383E-1 1.00231E-1 9.52177E-2 8.30868E-2 7.79038E-2 7.4614E-2 7.79038E-2 7.96242E-2 8.13422E-2 8.66986E-2 9.03929E-2 9.71838E-2 1.06451E-1 1.14029E-1 1.27967E-1 1.39022E-1 1.5086E-1 1.64455E-1 1.72548E-1 1.76391E-1 1.7961E-1 1.87568E-1 2.02255E-1 2.02889E-1 2.13885E-1 2.29107E-1 2.41754E-1 2.60528E-1 2.77562E-1 2.9321E-1 3.10431E-1 3.41998E-1 3.73369E-1 3.84741E-1 4.0963E-1 4.43113E-1 4.87909E-1 5.26737E-1 5.30431E-1 5.15609E-1 5.39224E-1 5.43758E-1 5.64168E-1 5.2788E-1 4.48638E-1 3.78157E-1 3.44345E-1 3.28673E-1 3.18601E-1 3.32793E-1 3.21305E-1 3.21305E-1 2.72869E-1 1.8523E-1
9.06188E-2 9.22862E-2 9.12887E-2 9.43047E-2 1.0597E-1 1.44002E-1 2.15108E-1 2.48868E-1 2.1876E-1 1.8229E-1 1.51051E-1 1.29168E-1 1.18614E-1 1.06494E-1 1.01259E-1 9.22713E-2 8.30391E-2 7.87273E-2 7.459E-2 6.9844E-2 6.53616E-2 6.91056E-2 7.46292E-2 7.70987E-2 8.13612E-2 8.76313E-2 9.23208E-2 1.00231E-1 1.07512E-1 1.18614E-1 1.29285E-1 1.41736E-1 1.5219E-1 1.64455E-1 1.75399E-1 1.8652E-1 1.94788E-1 2.13687E-1 2.30801E-1 2.32912E-1 2.3649E-1 2.47788E-1 2.63684E-1 2.87279E-1 3.05738E-1 3.24469E-1 3.37433E-1 3.70433E-1 3.86156E-1 3.94569E-1 4.02845E-1 4.43113E-1 4.96766E-1 5.3954E-1 5.24371E-1 5.02097E-1 5.28971E-1 5.39348E-1 5.65927E-1 5.64945E-1 5.20784E-1 4.46346E-1 4.10895E-1 3.86264E-1 3.62476E-1 3.73381E-1 3.94509E-1 4.06995E-1 3.35607E-1 2.21105E-1
9.14171E-2 9.43047E-2 1.00549E-1 1.1159E-1 1.37358E-1 2.06932E-1 3.31216E-1 3.5064E-1 2.55847E-1 1.78572E-1 1.40732E-1 1.1859E-1 1.04203E-1 9.40575E-2 8.74408E-2 7.85738E-2 6.8083E-2 6.88566E-2 6.59024E-2 6.59822E-2 6.53001E-2 6.83037E-2 7.30026E-2 7.62662E-2 8.31141E-2 8.76313E-2 9.52416E-2 1.00231E-1 1.08634E-1 1.19829E-1 1.30499E-1 1.4302E-1 1.53527E-1 1.6725E-1 1.79719E-1 1.94481E-1 1.98418E-1 2.23131E-1 2.44581E-1 2.54787E-1 2.55468E-1 2.73208E-1 2.93906E-1 3.21356E-1 3.54079E-1 3.71902E-1 3.73298E-1 3.94569E-1 4.14982E-1 4.10148E-1 3.94018E-1 4.36852E-1 4.96058E-1 5.22724E-1 5.12349E-1 5.07776E-1 5.02097E-1 5.57982E-1 5.64871E-1 5.59883E-1 5.68095E-1 5.19131E-1 4.66163E-1 4.32168E-1 3.84922E-1 3.60168E-1 3.78157E-1 3.88937E-1 3.0811E-1 1.91998E-1
9.43954E-2 9.84359E-2 1.0597E-1 1.20995E-1 1.50838E-1 2.2695E-1 3.5613E-1 3.54301E-1 2.23278E-1 1.54054E-1 1.19511E-1 1.00912E-1 9.29481E-2 8.54685E-2 8.02002E-2 7.50659E-2 6.95244E-2 6.5802E-2 6.65558E-2 6.59024E-2 6.67321E-2 6.97966E-2 7.37745E-2 7.62409E-2 8.48824E-2 8.85516E-2 9.72192E-2 1.04383E-1 1.15273E-1 1.2215E-1 1.32947E-1 1.44309E-1 1.57577E-1 1.73235E-1 1.92416E-1 2.04165E-1 2.10379E-1 2.255E-1 2.44581E-1 2.61284E-1 2.73139E-1 3.02179E-1 3.29903E-1 3.70317E-1 4.10286E-1 4.31882E-1 4.21574E-1 4.41885E-1 4.48821E-1 4.44809E-1 4.46467E-1 4.73311E-1 5.00604E-1 4.75386E-1 4.84854E-1 5.38838E-1 5.40236E-1 5.55523E-1 5.71106E-1 5.85601E-1 5.81334E-1 5.64185E-1 5.15885E-1 4.62868E-1 4.09265E-1 3.54833E-1 3.59197E-1 3.62092E-1 2.85194E-1 1.93145E-1
8.94044E-2 9.7705E-2 1.06273E-1 1.15345E-1 1.38904E-1 1.74064E-1 2.11809E-1 1.86257E-1 1.34088E-1 1.1124E-1 9.43954E-2 8.77702E-2 7.99096E-2 7.99096E-2 7.74626E-2 7.50659E-2 6.87424E-2 6.71985E-2 6.65558E-2 6.73161E-2 6.81778E-2 7.13036E-2 7.45357E-2 7.87273E-2 8.57484E-2 9.13565E-2 1.00232E-1 1.08654E-1 1.19829E-1 1.29285E-1 1.36672E-1 1.4691E-1 1.57577E-1 1.74347E-1 1.96978E-1 2.26233E-1 2.40846E-1 2.47221E-1 2.56408E-1 2.72979E-1 2.92502E-1 3.25191E-1 3.62819E-1 4.07538E-1 4.41885E-1 4.69932E-1 4.70126E-1 4.72112E-1 4.84004E-1 4.78493E-1 4.90672E-1 5.1247E-1 5.2765E-1 5.07575E-1 5.16552E-1 5.39993E-1 5.55665E-1 5.56561E-1 5.82712E-1 5.77049E-1 5.85601E-1 5.82951E-1 5.30977E-1 4.90248E-1 4.41061E-1 3.88973E-1 3.8481E-1 3.92243E-1 3.63604E-1 2.95718E-1
6.8652E-2 9.97999E-2 1.03001E-1 1.06545E-1 1.13288E-1 1.21512E-1 1.23931E-1 1.05448E-1 8.63584E-2 7.92916E-2 7.84108E-2 7.60456E-2 7.62565E-2 7.55955E-2 7.49214E-2 7.341E-2 7.01808E-2 6.87424E-2 6.79671E-2 6.88566E-2 7.13036E-2 7.45357E-2 8.03925E-2 8.56813E-2 9.03528E-2 9.71928E-2 1.04385E-1 1.15273E-1 1.245E-1 1.32947E-1 1.4691E-1 1.54871E-1 1.61387E-1 1.69721E-1 1.78273E-1 2.08211E-1 2.48184E-1 2.65791E-1 2.79505E-1 2.92502E-1 3.17858E-1 3.51704E-1 3.86549E-1 4.29033E-1 4.60921E-1 4.86536E-1 4.90566E-1 4.86821E-1 4.89839E-1 4.91321E-1 4.91326E-1 5.20461E-1 5.43501E-1 5.51831E-1 5.62043E-1 5.65311E-1 5.74951E-1 5.69017E-1 5.80878E-1 5.84404E-1 5.92445E-1 5.77846E-1 5.48339E-1 5.27857E-1 4.80945E-1 4.39825E-1 4.4851E-1 4.64092E-1 4.41025E-1 3.86901E-1
7.45682E-2 9.51709E-2 9.79899E-2 9.61882E-2 9.61882E-2 9.41612E-2 9.0199E-2 8.08232E-2 7.38579E-2 6.84033E-2 6.76156E-2 7.02383E-2 7.04555E-2 7.14578E-2 7.30919E-2 7.08254E-2 6.93905E-2 6.71985E-2 7.11084E-2 7.28242E-2 7.52855E-2 8.12677E-2 8.66014E-2 9.12326E-2 9.71369E-2 1.02257E-1 1.09739E-1 1.20986E-1 1.32947E-1 1.44112E-1 1.57304E-1 1.65527E-1 1.67498E-1 1.71673E-1 1.68396E-1 1.87418E-1 2.44581E-1 2.82775E-1 3.0074E-1 3.16691E-1 3.38488E-1 3.70059E-1 4.09735E-1 4.35511E-1 4.63206E-1 4.86536E-1 4.82251E-1 4.69742E-1 4.75757E-1 4.82003E-1 4.99086E-1 5.03372E-1 5.36106E-1 5.56286E-1 5.56408E-1 5.60587E-1 5.68166E-1 5.81691E-1 5.90161E-1 5.93566E-1 5.76039E-1 5.80622E-1 5.63017E-1 5.33271E-1 5.18872E-1 4.93523E-1 4.88381E-1 5.2049E-1 5.03764E-1 4.60794E-1
8.85321E-2 9.3395E-2 9.21649E-2 8.94694E-2 8.56642E-2 8.19784E-2 7.60456E-2 7.66709E-2 7.32781E-2 6.78552E-2 6.63012E-2 6.78552E-2 7.04555E-2 6.98515E-2 6.98515E-2 7.00269E-2 7.01808E-2 6.87424E-2 7.0313E-2 7.77168E-2 8.29633E-2 8.8378E-2 9.40575E-2 9.91631E-2 1.03303E-1 1.10828E-1 1.1871E-1 1.31719E-1 1.45402E-1 1.60019E-1 1.73971E-1 1.80698E-1 1.83058E-1 1.82469E-1 1.91171E-1 2.1433E-1 2.66478E-1 2.99112E-1 3.20272E-1 3.39707E-1 3.54183E-1 3.77592E-1 3.99522E-1 4.32516E-1 4.50376E-1 4.59424E-1 4.50572E-1 4.50965E-1 4.59489E-1 4.86168E-1 4.89193E-1 5.10149E-1 5.35452E-1 5.49401E-1 5.19857E-1 5.40717E-1 5.83623E-1 5.93552E-1 5.99219E-1 5.97205E-1 5.9752E-1 5.88219E-1 5.61817E-1 5.40941E-1 5.38702E-1 5.38702E-1 5.28384E-1 5.34064E-1 5.32011E-1 5.02856E-1
9.13085E-2 9.36029E-2 9.04395E-2 8.40306E-2 8.13033E-2 7.71135E-2 7.54065E-2 7.77692E-2 7.79777E-2 7.64441E-2 7.35141E-2 7.20777E-2 7.20777E-2 7.14578E-2 7.39194E-2 7.55955E-2 7.2443E-2 7.341E-2 7.50659E-2 8.20714E-2 9.13085E-2 9.90845E-2 1.06431E-1 1.10828E-1 1.10828E-1 1.15273E-1 1.28078E-1 1.4283E-1 1.58333E-1 1.85558E-1 1.97497E-1 1.99928E-1 2.03795E-1 2.03051E-1 2.18308E-1 2.39215E-1 2.74609E-1 3.02463E-1 3.27094E-1 3.53146E-1 3.63691E-1 3.78815E-1 3.95343E-1 4.13017E-1 4.36923E-1 4.47496E-1 4.43411E-1 4.63447E-1 4.76602E-1 4.88982E-1 4.94042E-1 5.21827E-1 5.32742E-1 5.3505E-1 4.9896E-1 5.60578E-1 5.87711E-1 5.99545E-1 5.96867E-1 5.99184E-1 5.97952E-1 5.97813E-1 5.87686E-1 5.55466E-1 5.38611E-1 5.4331E-1 5.32857E-1 5.22315E-1 5.19547E-1 5.19953E-1
9.39343E-2 9.36029E-2 8.79621E-2 8.79621E-2 8.16852E-2 7.90325E-2 7.81626E-2 7.90325E-2 7.91919E-2 7.99096E-2 7.79777E-2 7.62565E-2 7.45637E-2 7.71135E-2 7.72998E-2 7.97277E-2 7.81626E-2 7.84608E-2 8.29633E-2 9.23324E-2 1.08634E-1 1.15288E-1 1.23367E-1 1.18705E-1 1.23388E-1 1.25686E-1 1.35275E-1 1.51337E-1 1.77321E-1 2.05313E-1 2.27097E-1 2.31073E-1 2.23866E-1 2.22965E-1 2.38722E-1 2.51959E-1 2.81139E-1 3.0412E-1 3.35273E-1 3.54151E-1 3.73144E-1 3.89089E-1 3.95343E-1 4.08914E-1 4.29433E-1 4.54084E-1 4.62535E-1 4.79441E-1 4.915E-1 5.12336E-1 5.12947E-1 5.35069E-1 5.41912E-1 5.35198E-1 5.19806E-1 5.48575E-1 5.88705E-1 5.99486E-1 5.95925E-1 5.92795E-1 6.01324E-1 6.04972E-1 5.98944E-1 5.73021E-1 5.44678E-1 5.13043E-1 4.95067E-1 5.02673E-1 5.05845E-1 5.17027E-1
9.98714E-2 9.66206E-2 9.37828E-2 8.63938E-2 8.45503E-2 8.19678E-2 8.36394E-2 8.5323E-2 8.54685E-2 8.25838E-2 7.99096E-2 7.90325E-2 8.07938E-2 8.07938E-2 8.42294E-2 8.33145E-2 8.34896E-2 8.63938E-2 8.85208E-2 1.03338E-1 1.26946E-1 1.4198E-1 1.43276E-1 1.34376E-1 1.29364E-1 1.32947E-1 1.39022E-1 1.55646E-1 1.83058E-1 2.21409E-1 2.51552E-1 2.48328E-1 2.41912E-1 2.43512E-1 2.54787E-1 2.74373E-1 2.94249E-1 3.12324E-1 3.38094E-1 3.62106E-1 3.7471E-1 3.86362E-1 3.88005E-1 4.13017E-1 4.35383E-1 4.70126E-1 4.86536E-1 4.92318E-1 5.14174E-1 5.32844E-1 5.39638E-1 5.58996E-1 5.59615E-1 5.68729E-1 5.73885E-1 5.88705E-1 5.93059E-1 5.99434E-1 5.97039E-1 5.91245E-1 5.90436E-1 5.83635E-1 5.67441E-1 5.56708E-1 5.49368E-1 5.26951E-1 4.95511E-1 4.9777E-1 4.94372E-1 5.0222E-1
1.01961E-1 1.01961E-1 9.79529E-2 9.01675E-2 8.66014E-2 8.94043E-2 9.12326E-2 9.11291E-2 9.01675E-2 8.9077E-2 8.81275E-2 8.62505E-2 8.5323E-2 8.5323E-2 8.79621E-2 9.08391E-2 8.79621E-2 8.73264E-2 9.51399E-2 1.11931E-1 1.41879E-1 1.77227E-1 1.59176E-1 1.41879E-1 1.36672E-1 1.36517E-1 1.4283E-1 1.57304E-1 1.80698E-1 2.16063E-1 2.43512E-1 2.48757E-1 2.48757E-1 2.50357E-1 2.69451E-1 2.97489E-1 3.19044E-1 3.43421E-1 3.56592E-1 3.76274E-1 3.85593E-1 3.77296E-1 3.8509E-1 4.1539E-1 4.43E-1 4.74306E-1 4.94199E-1 5.01485E-1 5.30722E-1 5.51128E-1 5.64168E-1 5.78502E-1 5.67092E-1 5.79952E-1 5.93115E-1 5.92971E-1 5.93566E-1 6.0453E-1 5.98084E-1 5.86561E-1 5.76222E-1 5.72537E-1 5.47434E-1 5.36246E-1 5.48253E-1 5.41536E-1 4.9777E-1 4.60952E-1 4.59631E-1 4.44763E-1
1.09511E-1 1.0623E-1 1.03143E-1 9.71369E-2 9.42184E-2 9.92117E-2 1.00187E-1 9.51399E-2 9.31718E-2 9.40575E-2 9.69372E-2 9.29481E-2 9.29481E-2 9.19693E-2 9.37828E-2 9.47789E-2 9.47789E-2 9.59288E-2 1.01218E-1 1.14152E-1 1.45402E-1 1.62409E-1 1.53278E-1 1.41554E-1 1.38813E-1 1.46445E-1 1.51949E-1 1.62761E-1 1.87031E-1 2.1143E-1 2.33356E-1 2.54318E-1 2.54787E-1 2.68101E-1 2.9735E-1 3.24013E-1 3.48732E-1 3.67601E-1 3.8605E-1 3.9632E-1 3.9632E-1 3.89357E-1 4.04774E-1 4.3777E-1 4.6797E-1 4.86897E-1 5.00157E-1 5.18574E-1 5.36727E-1 5.63999E-1 5.83975E-1 5.9294E-1 5.8736E-1 5.89093E-1 5.68386E-1 5.77553E-1 5.98211E-1 6.05362E-1 5.97813E-1 5.61067E-1 5.64772E-1 5.74351E-1 5.53815E-1 5.19959E-1 5.37857E-1 5.26066E-1 4.91045E-1 4.57475E-1 4.51597E-1 4.16097E-1
1.17315E-1 1.15129E-1 1.09617E-1 1.10791E-1 1.07559E-1 1.06484E-1 1.04356E-1 1.04356E-1 1.03238E-1 1.03143E-1 1.03143E-1 1.00007E-1 1.00007E-1 9.79529E-2 1.00912E-1 9.98714E-2 1.00912E-1 1.04203E-1 1.10791E-1 1.23373E-1 1.35275E-1 1.4133E-1 1.36517E-1 1.32811E-1 1.43595E-1 1.54313E-1 1.65849E-1 1.73235E-1 1.91976E-1 2.16005E-1 2.43965E-1 2.66976E-1 2.81992E-1 3.07236E-1 3.46061E-1 3.72875E-1 3.8656E-1 4.00477E-1 4.06573E-1 4.20063E-1 4.20163E-1 4.05579E-1 4.3061E-1 4.83248E-1 4.92117E-1 4.82568E-1 4.96343E-1 5.19632E-1 5.44663E-1 5.69825E-1 6.0244E-1 6.03172E-1 6.05152E-1 5.99175E-1 5.76878E-1 6.01937E-1 5.94949E-1 5.9011E-1 5.71753E-1 5.53689E-1 5.61817E-1 5.35358E-1 5.21088E-1 4.92175E-1 4.75135E-1 4.96972E-1 4.73386E-1 4.3656E-1 4.99335E-1 4.86051E-1
1.17253E-1 1.23309E-1 1.20934E-1 1.17552E-1 1.16407E-1 1.09731E-1 1.06484E-1 1.08596E-1 1.09617E-1 1.08519E-1 1.07429E-1 1.07429E-1 1.06346E-1 1.06346E-1 1.08409E-1 1.09511E-1 1.12859E-1 1.11834E-1 1.19829E-1 1.28188E-1 1.39408E-1 1.44465E-1 1.4046E-1 1.45606E-1 1.60019E-1 1.73235E-1 1.8229E-1 1.88573E-1 2.00483E-1 2.22072E-1 2.49829E-1 2.88968E-1 3.33888E-1 3.7815E-1 4.0985E-1 4.25927E-1 4.30586E-1 4.32619E-1 4.28753E-1 4.24485E-1 4.20163E-1 4.23719E-1 4.24179E-1 5.05742E-1 4.76652E-1 4.47975E-1 4.88969E-1 5.23458E-1 5.50408E-1 5.88781E-1 6.15767E-1 6.01109E-1 6.04112E-1 6.01705E-1 6.01046E-1 5.95388E-1 5.56783E-1 5.48693E-1 5.28478E-1 5.34003E-1 5.6337E-1 5.50035E-1 5.22744E-1 4.59631E-1 4.34994E-1 4.59631E-1 4.64197E-1 4.26435E-1 4.9925E-1 5.14133E-1
1.04504E-1 1.17183E-1 1.22196E-1 1.2091E-1 1.2218E-1 1.15269E-1 1.10791E-1 1.11834E-1 1.1399E-1 1.15129E-1 1.17429E-1 1.17429E-1 1.17429E-1 1.14081E-1 1.14081E-1 1.17429E-1 1.20934E-1 1.2218E-1 1.2941E-1 1.39457E-1 1.47207E-1 1.60553E-1 1.68657E-1 1.80811E-1 1.94676E-1 2.00867E-1 2.05926E-1 2.05926E-1 2.15522E-1 2.26446E-1 2.6065E-1 3.12423E-1 3.67882E-1 4.37654E-1 4.73644E-1 4.74093E-1 4.7439E-1 4.67514E-1 4.49038E-1 4.2579E-1 4.47058E-1 4.61602E-1 4.46467E-1 4.47115E-1 4.1631E-1 4.46759E-1 5.10595E-1 5.47982E-1 5.71084E-1 6.10816E-1 6.22238E-1 6.11808E-1 6.02315E-1 5.88844E-1 5.82307E-1 5.82931E-1 5.36996E-1 5.09904E-1 5.51632E-1 5.72243E-1 5.26951E-1 5.33874E-1 4.92078E-1 4.13033E-1 3.89852E-1 3.95623E-1 3.89184E-1 4.02513E-1 4.56116E-1 5.07543E-1
1.0349E-1 1.06699E-1 1.18281E-1 1.21384E-1 1.26927E-1 1.24508E-1 1.19758E-1 1.24418E-1 1.24418E-1 1.28071E-1 1.29304E-1 1.30544E-1 1.29376E-1 1.23367E-1 1.25762E-1 1.25762E-1 1.31854E-1 1.36899E-1 1.43343E-1 1.52657E-1 1.66357E-1 1.81966E-1 1.99555E-1 2.26937E-1 2.34033E-1 2.40762E-1 2.37825E-1 2.31087E-1 2.29738E-1 2.38201E-1 2.81882E-1 3.4212E-1 4.12563E-1 4.66141E-1 5.02015E-1 5.18159E-1 5.11093E-1 5.02955E-1 4.75385E-1 4.65086E-1 4.82278E-1 4.96058E-1 4.78159E-1 4.43113E-1 4.48101E-1 4.86801E-1 5.51205E-1 5.82335E-1 6.00097E-1 6.14967E-1 6.22251E-1 6.16893E-1 6.02257E-1 5.57567E-1 5.1706E-1 5.45475E-1 5.37806E-1 5.67853E-1 5.59085E-1 5.10839E-1 5.48253E-1 4.65842E-1 4.10585E-1 3.60672E-1 3.17196E-1 2.72127E-1 2.46737E-1 3.02908E-1 4.03553E-1 4.49453E-1
1.18867E-1 1.17044E-1 1.22601E-1 1.28324E-1 1.34362E-1 1.34218E-1 1.31552E-1 1.32816E-1 1.35493E-1 1.41977E-1 1.44622E-1 1.44674E-1 1.39465E-1 1.38176E-1 1.38176E-1 1.40745E-1 1.44653E-1 1.52725E-1 1.5813E-1 1.66542E-1 1.81076E-1 2.02034E-1 2.32431E-1 2.72754E-1 2.96887E-1 2.84263E-1 2.73524E-1 2.54441E-1 2.40698E-1 2.59733E-1 3.16867E-1 3.80902E-1 4.42692E-1 4.90215E-1 5.27394E-1 5.50969E-1 5.45718E-1 5.25536E-1 5.04656E-1 4.93018E-1 4.64806E-1 4.57837E-1 4.65802E-1 4.45623E-1 5.18301E-1 5.3781E-1 5.62438E-1 6.00948E-1 6.13429E-1 6.24442E-1 6.22216E-1 6.19226E-1 6.05427E-1 5.64011E-1 5.08721E-1 5.59727E-1 5.7007E-1 5.329E-1 5.08084E-1 5.27549E-1 5.03635E-1 4.3765E-1 4.15821E-1 3.43087E-1 3.38081E-1 2.33882E-1 1.78659E-1 3.0292E-1 3.7258E-1 3.63933E-1
1.28236E-1 1.28236E-1 1.33567E-1 1.37042E-1 1.43343E-1 1.41977E-1 1.44219E-1 1.45567E-1 1.49813E-1 1.62498E-1 1.65377E-1 1.66817E-1 1.5409E-1 1.51368E-1 1.4589E-1 1.512E-1 1.5813E-1 1.66542E-1 1.75187E-1 1.82564E-1 1.96215E-1 2.13502E-1 2.49741E-1 3.11408E-1 3.56935E-1 3.28622E-1 3.0297E-1 2.80169E-1 2.76188E-1 3.13945E-1 3.84451E-1 4.26137E-1 4.72927E-1 5.16932E-1 5.55156E-1 5.73922E-1 5.76082E-1 5.59457E-1 5.34458E-1 4.8013E-1 4.43522E-1 4.71974E-1 4.89453E-1 5.09288E-1 5.49006E-1 5.72334E-1 5.78222E-1 6.07387E-1 6.18248E-1 6.24687E-1 6.26223E-1 6.29496E-1 6.19974E-1 6.13839E-1 5.96653E-1 5.50738E-1 5.05497E-1 4.60152E-1 4.30071E-1 5.21537E-1 4.43617E-1 4.31798E-1 4.10895E-1 4.17244E-1 3.85509E-1 3.17936E-1 3.0292E-1 3.80669E-1 3.85489E-1 3.06266E-1
1.35102E-1 1.36916E-1 1.43315E-1 1.53527E-1 1.54122E-1 1.55349E-1 1.58818E-1 1.59075E-1 1.70962E-1 1.89353E-1 2.00276E-1 1.87659E-1 1.76985E-1 1.59516E-1 1.5799E-1 1.66357E-1 1.7665E-1 1.9009E-1 1.9776E-1 2.03995E-1 2.13502E-1 2.24812E-1 2.46992E-1 2.99964E-1 3.37802E-1 3.40458E-1 3.3004E-1 3.1517E-1 3.25671E-1 3.88562E-1 4.54259E-1 4.60412E-1 4.98879E-1 5.39342E-1 5.70009E-1 5.89176E-1 5.95549E-1 5.88972E-1 5.57911E-1 4.61329E-1 4.58063E-1 4.87304E-1 5.18108E-1 5.47508E-1 5.81629E-1 6.01465E-1 6.12624E-1 6.15589E-1 6.02282E-1 6.1265E-1 6.17228E-1 6.30637E-1 6.28539E-1 6.39787E-1 6.21148E-1 5.64991E-1 4.98891E-1 4.34581E-1 4.04547E-1 4.95539E-1 4.17784E-1 4.05773E-1 4.1602E-1 4.40345E-1 4.30801E-1 3.87933E-1 3.54178E-1 3.88687E-1 4.13163E-1 3.90282E-1
1.43372E-1 1.45988E-1 1.54898E-1 1.60753E-1 1.68268E-1 1.72286E-1 1.77617E-1 1.82555E-1 1.90782E-1 2.05277E-1 2.13163E-1 2.08085E-1 1.89039E-1 1.68112E-1 1.66542E-1 1.82564E-1 2.00867E-1 2.1671E-1 2.28085E-1 2.29727E-1 2.38E-1 2.48053E-1 2.50387E-1 2.92615E-1 3.27519E-1 3.41204E-1 3.49361E-1 3.51232E-1 3.71754E-1 4.20976E-1 4.60849E-1 4.9254E-1 5.15642E-1 5.64096E-1 5.88346E-1 5.99265E-1 6.03165E-1 6.00948E-1 5.15536E-1 4.6714E-1 4.85451E-1 5.11949E-1 5.43212E-1 5.71977E-1 5.93711E-1 6.02953E-1 6.07692E-1 6.00812E-1 5.75078E-1 6.0403E-1 6.26157E-1 6.2495E-1 6.30428E-1 6.29879E-1 6.15542E-1 5.822E-1 5.31958E-1 4.51538E-1 3.97101E-1 4.87336E-1 4.146E-1 3.76791E-1 3.95551E-1 4.17527E-1 4.40229E-1 3.96823E-1 3.61731E-1 3.796E-1 4.55207E-1 4.6948E-1
1.49446E-1 1.56122E-1 1.67019E-1 1.71801E-1 1.77125E-1 1.87633E-1 1.92034E-1 1.93823E-1 2.08553E-1 2.16766E-1 2.26632E-1 2.28059E-1 2.08085E-1 1.90573E-1 1.85798E-1 2.00867E-1 2.26446E-1 2.54823E-1 2.65068E-1 2.66785E-1 2.73678E-1 2.79723E-1 2.9441E-1 3.2128E-1 3.47846E-1 3.69881E-1 3.79154E-1 3.90216E-1 4.07331E-1 4.31025E-1 4.68747E-1 5.12964E-1 5.51169E-1 5.90226E-1 6.07997E-1 6.05714E-1 6.07266E-1 5.53608E-1 4.6295E-1 5.05055E-1 5.23021E-1 5.41948E-1 5.6667E-1 5.87747E-1 5.94371E-1 5.91845E-1 5.83653E-1 5.4705E-1 5.31674E-1 6.0011E-1 6.28501E-1 6.09934E-1 6.07135E-1 6.04737E-1 5.77919E-1 5.66552E-1 5.34823E-1 4.69847E-1 3.89505E-1 4.78326E-1 4.0077E-1 3.6184E-1 3.68538E-1 3.69279E-1 3.84112E-1 3.6401E-1 3.76071E-1 4.2031E-1 4.6018E-1 4.38856E-1
1.65989E-1 1.65276E-1 1.759E-1 1.85557E-1 1.92406E-1 1.95629E-1 2.02005E-1 2.06907E-1 2.16845E-1 2.18285E-1 2.24715E-1 2.31422E-1 2.21112E-1 2.09427E-1 2.1876E-1 2.29727E-1 2.59933E-1 2.91052E-1 2.99797E-1 3.01549E-1 3.09639E-1 3.2415E-1 3.42387E-1 3.6442E-1 3.85567E-1 4.01192E-1 4.17461E-1 4.33896E-1 4.49592E-1 4.60799E-1 5.00303E-1 5.46393E-1 5.96128E-1 6.13313E-1 6.16812E-1 6.05601E-1 5.09877E-1 3.86744E-1 4.68214E-1 5.24998E-1 5.44219E-1 5.63038E-1 5.71824E-1 5.81975E-1 5.86175E-1 5.64193E-1 5.52068E-1 4.89248E-1 4.53148E-1 4.74231E-1 5.43685E-1 6.01872E-1 5.93498E-1 5.67213E-1 5.28197E-1 5.26883E-1 5.10398E-1 4.41025E-1 3.67151E-1 4.0193E-1 3.82017E-1 3.44556E-1 3.25796E-1 3.0811E-1 3.21081E-1 3.36483E-1 3.32546E-1 3.50448E-1 3.57113E-1 3.42163E-1
1.76773E-1 1.81037E-1 1.87904E-1 1.96518E-1 2.03465E-1 2.06816E-1 2.13456E-1 2.18429E-1 2.24953E-1 2.26632E-1 2.29738E-1 2.3311E-1 2.32765E-1 2.34033E-1 2.453E-1 2.58227E-1 2.84081E-1 3.10323E-1 3.2614E-1 3.34429E-1 3.56451E-1 3.68412E-1 3.86992E-1 4.09126E-1 4.28155E-1 4.50837E-1 4.69433E-1 4.8236E-1 5.03584E-1 5.11616E-1 5.53575E-1 5.83986E-1 6.19531E-1 5.92971E-1 5.98559E-1 5.3875E-1 4.04405E-1 4.36908E-1 4.87226E-1 5.14372E-1 5.50431E-1 5.68908E-1 5.72414E-1 5.69722E-1 5.34209E-1 5.2237E-1 5.30854E-1 5.18008E-1 4.82675E-1 4.68167E-1 4.75388E-1 5.37857E-1 5.83456E-1 5.3386E-1 4.95924E-1 4.83739E-1 4.66849E-1 3.91386E-1 3.10674E-1 2.65907E-1 2.87368E-1 2.99235E-1 2.92317E-1 2.71041E-1 2.73104E-1 2.51461E-1 2.03941E-1 2.21957E-1 2.40717E-1 2.48594E-1
1.8117E-1 1.86009E-1 1.96215E-1 2.09104E-1 2.14558E-1 2.19734E-1 2.2305E-1 2.26385E-1 2.34803E-1 2.29738E-1 2.31087E-1 2.36134E-1 2.44151E-1 2.53795E-1 2.67551E-1 2.86725E-1 3.04335E-1 3.29118E-1 3.53414E-1 3.65803E-1 3.89757E-1 4.15413E-1 4.35637E-1 4.57666E-1 4.77686E-1 5.06269E-1 5.23756E-1 5.37824E-1 5.59647E-1 5.69713E-1 5.87193E-1 6.05283E-1 5.6926E-1 5.53118E-1 5.18656E-1 4.28394E-1 3.26077E-1 4.15286E-1 4.95728E-1 5.34428E-1 5.58996E-1 5.73598E-1 5.66065E-1 5.48693E-1 5.02674E-1 4.70041E-1 4.8E-1 4.7146E-1 4.60621E-1 4.63578E-1 4.61885E-1 5.32752E-1 5.12153E-1 4.97196E-1 4.70445E-1 4.66351E-1 4.36565E-1 3.68074E-1 2.77742E-1 1.76078E-1 1.86624E-1 2.61516E-1 2.82045E-1 2.67197E-1 2.30428E-1 1.65096E-1 1.0082E-1 1.22329E-1 1.57191E-1 1.97596E-1
1.8117E-1 1.90476E-1 2.02034E-1 2.11905E-1 2.1876E-1 2.25715E-1 2.34448E-1 2.37825E-1 2.41219E-1 2.29413E-1 2.37825E-1 2.49772E-1 2.63037E-1 2.76996E-1 2.86725E-1 3.02569E-1 3.30266E-1 3.48085E-1 3.74241E-1 3.96427E-1 4.24124E-1 4.44511E-1 4.744E-1 5.04729E-1 5.31516E-1 5.56662E-1 5.6915E-1 5.88906E-1 6.02409E-1 6.13809E-1 6.14045E-1 6.23645E-1 1.44257E-1 5.51632E-1 4.52037E-1 3.90085E-1 3.87479E-1 3.9438E-1 5.08239E-1 5.49012E-1 5.6006E-1 5.43938E-1 5.26986E-1 4.98984E-1 4.90455E-1 4.61759E-1 4.27339E-1 4.06612E-1 4.21548E-1 4.65645E-1 4.59569E-1 5.03994E-1 4.49242E-1 3.99452E-1 4.3365E-1 4.3369E-1 4.13106E-1 3.38081E-1 2.59484E-1 1.58958E-1 1.80007E-1 2.58592E-1 3.00716E-1 2.92649E-1 2.22989E-1 1.42703E-1 8.14181E-2 7.39795E-2 9.47837E-2 1.45168E-1
1.85057E-1 1.91485E-1 2.09371E-1 2.19432E-1 2.29727E-1 2.38567E-1 2.453E-1 2.54403E-1 2.54403E-1 2.52685E-1 2.57847E-1 2.69996E-1 2.80509E-1 2.92867E-1 3.05298E-1 3.1599E-1 3.38529E-1 3.66621E-1 3.92882E-1 4.25855E-1 4.59452E-1 4.85523E-1 5.13479E-1 5.42774E-1 5.74075E-1 5.96376E-1 6.09484E-1 6.23038E-1 6.31578E-1 6.41371E-1 6.328E-1 6.14776E-1 5.53815E-1 3.3736E-1 4.69357E-1 3.65886E-1 3.99751E-1 3.82417E-1 5.49697E-1 5.93711E-1 5.89608E-1 5.29946E-1 4.83899E-1 4.40526E-1 4.10585E-1 4.11419E-1 4.23602E-1 4.42973E-1 4.76616E-1 4.94372E-1 5.01116E-1 4.94585E-1 4.11831E-1 3.78407E-1 3.98903E-1 4.5941E-1 3.80002E-1 2.94648E-1 2.72127E-1 2.25955E-1 2.40117E-1 2.88853E-1 3.10674E-1 2.94184E-1 2.50144E-1 1.53314E-1 7.53847E-2 6.41006E-2 7.23225E-2 1.04585E-1
