KUENM/Final_Models/M_0.1_F_lq_Set_2_NE/sp1_se_asia_max.asc
ncols         320
nrows         243
xllcorner     44.0
yllcorner     -0.666666666666667
cellsize      0.166666666666667
NODATA_value  -9999
[rows 0 to 30 of 243, columns 0 to 69 of 320]
-9999 -9999 -9999 1.70786E-3 -9999 -9999 -9999 -9999 -9999 -9999 -9999 -9999 -9999 -9999 -9999 -9999 -9999 -9999 -9999 -9999 -9999 -9999 -9999 -9999 -9999 -9999 -9999 -9999 -9999 -9999 -9999 -9999 -9999 -9999 -9999 -9999 -9999 -9999 -9999 -9999 -9999 -9999 -9999 -9999 -9999 -9999 -9999 -9999 -9999 -9999 -9999 -9999 -9999 -9999 -9999 -9999 -9999 -9999 -9999 -9999 -9999 -9999 -9999 -9999 -9999 -9999 -9999 -9999 -9999 -9999
-9999 -9999 -9999 5.34572E-4 1.99374E-3 -9999 -9999 -9999 -9999 -9999 -9999 -9999 -9999 -9999 -9999 -9999 -9999 -9999 -9999 -9999 -9999 -9999 7.80653E-3 5.88385E-3 6.37676E-3 -9999 -9999 -9999 -9999 -9999 -9999 -9999 -9999 -9999 -9999 -9999 -9999 -9999 -9999 -9999 -9999 -9999 -9999 -9999 -9999 -9999 -9999 -9999 -9999 -9999 -9999 -9999 -9999 -9999 -9999 -9999 -9999 -9999 -9999 -9999 -9999 -9999 -9999 -9999 -9999 -9999 -9999 -9999 -9999 -9999
-9999 -9999 3.95552E-4 3.98474E-4 6.55259E-4 2.57028E-3 -9999 -9999 -9999 -9999 -9999 -9999 -9999 -9999 -9999 -9999 -9999 -9999 -9999 -9999 1.34165E-2 1.0434E-2 9.00022E-3 8.39286E-3 9.01283E-3 1.19224E-2 -9999 -9999 -9999 -9999 -9999 -9999 -9999 -9999 -9999 -9999 -9999 -9999 -9999 -9999 -9999 -9999 -9999 -9999 -9999 -9999 -9999 -9999 -9999 -9999 -9999 -9999 -9999 -9999 -9999 -9999 -9999 -9999 -9999 -9999 -9999 -9999 -9999 -9999 -9999 -9999 -9999 -9999 -9999 -9999
3.33507E-5 5.52253E-5 1.13471E-4 3.79845E-4 1.82721E-3 2.52464E-3 3.37474E-3 -9999 -9999 -9999 -9999 -9999 -9999 -9999 -9999 -9999 -9999 -9999 1.67693E-2 1.25057E-2 1.13776E-2 1.06177E-2 7.26814E-3 8.13854E-3 1.14259E-2 -9999 -9999 -9999 -9999 -9999 -9999 -9999 -9999 -9999 -9999 -9999 -9999 -9999 -9999 -9999 -9999 -9999 -9999 -9999 -9999 -9999 -9999 -9999 -9999 -9999 -9999 -9999 -9999 -9999 -9999 -9999 -9999 -9999 -9999 -9999 -9999 -9999 -9999 -9999 -9999 -9999 -9999 -9999 -9999 -9999
-9999 1.96329E-5 1.23796E-4 1.1012E-4 1.93479E-4 1.04008E-3 2.13224E-3 2.53852E-3 -9999 -9999 -9999 -9999 -9999 -9999 -9999 -9999 -9999 1.05644E-2 6.20252E-3 6.42986E-3 8.2294E-3 9.91322E-3 6.07747E-3 6.93668E-3 9.20049E-3 1.32385E-2 -9999 -9999 -9999 -9999 -9999 -9999 -9999 -9999 -9999 -9999 -9999 -9999 -9999 -9999 -9999 -9999 -9999 -9999 -9999 -9999 -9999 -9999 -9999 -9999 -9999 -9999 -9999 -9999 -9999 -9999 -9999 -9999 -9999 -9999 -9999 -9999 -9999 -9999 -9999 -9999 -9999 -9999 -9999 -9999
-9999 2.74616E-5 4.14263E-5 5.54751E-5 2.2258E-4 6.58953E-4 1.59173E-3 1.09587E-3 1.04555E-3 3.96852E-3 4.45051E-3 -9999 -9999 -9999 -9999 -9999 3.43766E-3 1.35968E-3 1.36797E-3 7.81638E-4 3.19412E-3 3.73155E-3 1.16678E-3 7.20494E-4 -9999 -9999 -9999 -9999 -9999 -9999 -9999 -9999 -9999 -9999 -9999 -9999 -9999 -9999 -9999 -9999 -9999 -9999 -9999 -9999 -9999 -9999 -9999 -9999 -9999 -9999 -9999 -9999 -9999 -9999 -9999 -9999 -9999 -9999 -9999 -9999 -9999 -9999 -9999 -9999 -9999 -9999 -9999 -9999 -9999 -9999
-9999 -9999 1.53863E-5 6.92315E-5 1.02236E-4 2.93717E-4 1.22754E-3 2.73728E-3 1.37294E-3 6.51932E-4 1.85861E-4 2.50376E-4 1.41099E-3 2.75997E-3 5.315E-4 4.26671E-4 1.63558E-4 1.00128E-4 4.03448E-4 3.00439E-4 2.26471E-3 2.14459E-3 7.71053E-4 9.09371E-4 2.17969E-4 -9999 -9999 -9999 -9999 -9999 -9999 -9999 -9999 -9999 -9999 -9999 -9999 -9999 -9999 -9999 -9999 -9999 -9999 -9999 -9999 -9999 -9999 -9999 -9999 -9999 -9999 -9999 -9999 -9999 -9999 -9999 -9999 -9999 -9999 -9999 -9999 -9999 -9999 -9999 -9999 -9999 -9999 -9999 -9999 -9999
-9999 -9999 1.81057E-5 1.89556E-5 2.77618E-4 1.56387E-3 2.05735E-3 2.45685E-3 1.53431E-3 1.32588E-3 9.29363E-4 8.75903E-5 6.05883E-5 6.07289E-4 3.35774E-4 2.82511E-4 2.49657E-4 2.97229E-4 3.09199E-4 4.89684E-4 1.89995E-3 4.86896E-3 3.03062E-3 2.13254E-3 6.31872E-4 2.66241E-4 1.32614E-4 -9999 -9999 -9999 -9999 -9999 -9999 -9999 -9999 -9999 -9999 -9999 -9999 -9999 -9999 -9999 -9999 -9999 -9999 -9999 -9999 -9999 -9999 -9999 -9999 -9999 -9999 -9999 -9999 -9999 -9999 -9999 -9999 -9999 -9999 -9999 -9999 -9999 -9999 -9999 -9999 -9999 -9999 -9999
-9999 -9999 4.25766E-5 4.4156E-5 2.72102E-4 1.65129E-3 7.69892E-4 2.78551E-4 7.06678E-4 6.72853E-4 9.5656E-4 6.94123E-4 2.58239E-4 1.41304E-4 7.39691E-5 1.43689E-4 2.39425E-4 4.77004E-4 4.84574E-4 7.11728E-4 2.12547E-3 2.17329E-3 3.56486E-4 1.03412E-4 3.27921E-4 4.41511E-4 4.09063E-4 -9999 5.69042E-3 -9999 -9999 -9999 -9999 -9999 -9999 -9999 -9999 -9999 -9999 -9999 -9999 -9999 -9999 -9999 -9999 -9999 -9999 -9999 -9999 -9999 -9999 -9999 -9999 -9999 -9999 -9999 -9999 -9999 -9999 -9999 -9999 -9999 -9999 -9999 -9999 -9999 -9999 -9999 -9999 -9999
-9999 -9999 2.23655E-5 1.10467E-4 8.1045E-4 1.44713E-3 1.58453E-3 1.79627E-3 1.0893E-3 2.24653E-4 2.55061E-4 1.2264E-3 1.13062E-3 9.7252E-4 3.98356E-4 4.5026E-4 3.8278E-4 7.83331E-4 2.24653E-4 7.0948E-5 5.20132E-5 3.04774E-5 2.98191E-6 4.76923E-6 1.95273E-4 4.56258E-4 6.53406E-4 6.73271E-4 7.44542E-3 -9999 -9999 -9999 -9999 -9999 -9999 -9999 -9999 -9999 -9999 -9999 -9999 -9999 -9999 -9999 -9999 -9999 -9999 -9999 -9999 -9999 -9999 -9999 -9999 -9999 -9999 -9999 -9999 -9999 -9999 -9999 -9999 -9999 -9999 -9999 -9999 -9999 -9999 -9999 -9999 -9999
-9999 -9999 3.65895E-5 2.77319E-4 3.94176E-4 6.43068E-4 1.17673E-3 2.35501E-3 2.41523E-3 2.21248E-3 2.17027E-3 2.30185E-3 2.17027E-3 1.63578E-3 7.81433E-4 6.75841E-4 7.18961E-4 7.12702E-4 6.20522E-4 3.30412E-4 1.25494E-4 7.9049E-5 3.39944E-5 1.08729E-4 3.08819E-4 3.58824E-4 4.18549E-4 7.58685E-5 3.60086E-3 -9999 -9999 -9999 -9999 -9999 -9999 -9999 -9999 -9999 -9999 -9999 -9999 -9999 -9999 -9999 -9999 -9999 -9999 -9999 -9999 -9999 -9999 -9999 -9999 -9999 -9999 -9999 -9999 -9999 -9999 -9999 -9999 -9999 -9999 -9999 -9999 -9999 -9999 -9999 -9999 2.34322E-2
-9999 4.10319E-5 4.36839E-5 1.2648E-4 1.88248E-4 4.69037E-4 3.05834E-3 3.16523E-3 2.12471E-3 2.26961E-3 2.61009E-3 2.43834E-3 1.04021E-3 3.48049E-4 1.94029E-4 1.7912E-4 2.93689E-4 3.96068E-4 4.44422E-4 5.48954E-4 4.58266E-4 4.43094E-4 2.00894E-4 1.19411E-4 2.10338E-4 3.51257E-4 2.32939E-4 5.07761E-5 4.88504E-3 1.04054E-3 -9999 -9999 -9999 -9999 -9999 -9999 -9999 -9999 -9999 -9999 -9999 -9999 -9999 -9999 -9999 -9999 -9999 -9999 -9999 -9999 -9999 -9999 -9999 -9999 -9999 -9999 -9999 -9999 -9999 -9999 -9999 -9999 -9999 -9999 -9999 -9999 -9999 3.34164E-2 3.43018E-2 3.13376E-2
-9999 -9999 -9999 1.5949E-4 3.49628E-4 5.70799E-4 3.04792E-3 3.54238E-3 2.8105E-3 2.7126E-3 3.09464E-3 1.90943E-3 3.21663E-4 3.46172E-5 1.29531E-5 3.74754E-5 2.37874E-4 2.66241E-4 1.65832E-4 2.11197E-4 1.00056E-4 8.41979E-5 7.58808E-5 2.92995E-4 1.82948E-4 9.45345E-4 3.17706E-4 1.24147E-4 8.67619E-3 2.08903E-3 -9999 -9999 -9999 -9999 -9999 -9999 -9999 -9999 -9999 -9999 -9999 -9999 -9999 -9999 -9999 -9999 -9999 -9999 -9999 -9999 -9999 -9999 -9999 -9999 -9999 -9999 -9999 -9999 -9999 -9999 -9999 -9999 -9999 -9999 -9999 3.54572E-2 3.7109E-2 3.08155E-2 2.39305E-2 1.71076E-2
-9999 -9999 -9999 -9999 2.34627E-4 8.58319E-4 3.75078E-3 3.65505E-3 3.85429E-3 3.3652E-3 2.8353E-3 1.06249E-3 2.05042E-4 1.06469E-4 6.19069E-5 1.01474E-4 3.30412E-4 4.16866E-4 4.14135E-4 6.53628E-4 7.76734E-4 1.20589E-3 1.95671E-3 2.03655E-3 7.43282E-4 2.77861E-3 4.7273E-4 2.67385E-4 1.51739E-3 2.24424E-2 4.98633E-4 -9999 -9999 -9999 -9999 -9999 -9999 -9999 -9999 -9999 -9999 -9999 -9999 -9999 -9999 -9999 -9999 -9999 -9999 -9999 -9999 -9999 -9999 -9999 -9999 -9999 -9999 -9999 -9999 -9999 -9999 -9999 -9999 -9999 -9999 4.74637E-2 4.73122E-2 3.61078E-2 3.41345E-2 3.07992E-2
-9999 -9999 -9999 -9999 6.52163E-5 6.98775E-4 1.70181E-3 3.89935E-3 4.10447E-3 3.59616E-3 4.08451E-3 3.6026E-3 1.88872E-3 9.53469E-4 3.93382E-4 3.43344E-4 6.31373E-4 1.0025E-3 1.01118E-3 6.20522E-4 9.53469E-4 3.39586E-3 7.46196E-3 2.83411E-3 1.11877E-3 5.15033E-3 1.47096E-3 9.3101E-5 3.83264E-4 1.01045E-2 4.8357E-3 9.82489E-5 1.8068E-5 2.22463E-5 7.35162E-5 2.06264E-4 -9999 -9999 -9999 -9999 -9999 -9999 -9999 -9999 -9999 -9999 -9999 -9999 -9999 -9999 -9999 -9999 -9999 -9999 -9999 -9999 -9999 -9999 -9999 -9999 -9999 -9999 -9999 6.19185E-2 6.64266E-2 7.17454E-2 7.19331E-2 6.63958E-2 6.30248E-2 2.68762E-2
-9999 -9999 -9999 -9999 -9999 9.62288E-4 3.62262E-4 1.0233E-3 4.13875E-3 4.5369E-3 4.67305E-3 4.46076E-3 3.52467E-3 1.23633E-3 7.55618E-4 5.77221E-4 3.75724E-4 5.67578E-4 5.62791E-4 7.06558E-4 1.37788E-3 2.38916E-3 6.24204E-3 4.38421E-3 1.37788E-3 3.39012E-3 1.17522E-2 3.22513E-3 1.37636E-3 9.72202E-4 3.13739E-2 6.56935E-4 1.54318E-4 1.17465E-4 2.0978E-4 3.91476E-4 7.07346E-4 8.66391E-4 -9999 -9999 -9999 -9999 -9999 -9999 -9999 -9999 -9999 -9999 -9999 -9999 -9999 -9999 -9999 -9999 -9999 -9999 -9999 -9999 -9999 -9999 5.72653E-2 6.89559E-2 8.13315E-2 9.10401E-2 9.64636E-2 9.57236E-2 9.98912E-2 8.80146E-2 4.49707E-2 6.02429E-3
-9999 -9999 -9999 -9999 -9999 1.19464E-4 6.77645E-4 9.35451E-4 3.09024E-3 5.0993E-3 5.64339E-3 5.33691E-3 5.07422E-3 2.7086E-3 1.43211E-3 3.59133E-4 1.95151E-4 2.16652E-4 5.46582E-4 9.84572E-4 2.46484E-3 4.98888E-3 9.65883E-3 8.53905E-3 3.84544E-3 8.90931E-4 1.41358E-3 1.03678E-2 2.75051E-2 1.20324E-3 4.53192E-3 3.67488E-2 4.27864E-3 3.35265E-3 2.85755E-3 1.72254E-2 1.14049E-2 2.89982E-3 1.6235E-3 -9999 -9999 -9999 -9999 -9999 -9999 -9999 -9999 -9999 -9999 -9999 -9999 -9999 -9999 -9999 -9999 -9999 -9999 -9999 -9999 -9999 9.38962E-2 1.09634E-1 1.26337E-1 1.32049E-1 1.2723E-1 1.23962E-1 1.04751E-1 4.10509E-2 5.69065E-3 9.77431E-4
-9999 -9999 -9999 -9999 -9999 8.7107E-5 1.23213E-3 2.28768E-3 2.87103E-3 4.14785E-3 6.35395E-3 4.74696E-3 6.28391E-3 5.09566E-3 2.87651E-3 7.57426E-4 2.75212E-4 1.28179E-4 1.31103E-4 2.20614E-4 1.4661E-3 4.1506E-3 4.23835E-3 3.81836E-3 5.20224E-3 3.04883E-3 4.01243E-4 1.71495E-4 1.83673E-2 6.68437E-2 7.35321E-3 2.38749E-3 4.57157E-2 4.49581E-2 1.77386E-2 5.91044E-3 4.00591E-3 1.71503E-2 5.21827E-3 2.27276E-2 -9999 -9999 -9999 -9999 -9999 -9999 -9999 -9999 -9999 -9999 -9999 -9999 -9999 -9999 -9999 -9999 -9999 -9999 -9999 -9999 1.30345E-1 1.5168E-1 1.70162E-1 1.65818E-1 1.05264E-1 6.27537E-2 6.3036E-3 1.19507E-3 1.45025E-3 4.38051E-4
-9999 -9999 -9999 -9999 -9999 -9999 9.48803E-4 4.63647E-3 1.21341E-3 1.42913E-3 2.79364E-3 1.26322E-3 5.14581E-3 4.31605E-3 4.06464E-3 2.30301E-3 2.55895E-4 7.94373E-5 1.06411E-4 7.26665E-5 1.20901E-4 8.86049E-4 1.71729E-3 3.63131E-4 9.21358E-4 4.20374E-3 2.71888E-3 4.62072E-4 3.42833E-4 6.49451E-3 6.31795E-2 7.40636E-2 7.78773E-2 8.92555E-3 3.30732E-3 9.15708E-4 5.5614E-4 4.79142E-4 8.47619E-5 7.83531E-4 3.47427E-2 1.1182E-2 -9999 -9999 -9999 -9999 -9999 -9999 -9999 -9999 -9999 -9999 -9999 1.36708E-1 1.50697E-1 1.54781E-1 1.54041E-1 1.47092E-1 1.24022E-1 1.23791E-1 7.18514E-2 4.10729E-2 2.24124E-2 8.26826E-3 1.57727E-3 3.62669E-4 5.36846E-4 3.02261E-4 6.80043E-4 1.77951E-3
-9999 -9999 -9999 -9999 -9999 -9999 3.17565E-4 4.66819E-3 7.28704E-4 2.09162E-3 2.25342E-3 1.49759E-3 5.10042E-3 4.85923E-3 1.95225E-3 2.97134E-3 5.53573E-4 2.48355E-4 5.47201E-4 1.75568E-4 1.70699E-4 1.64173E-3 3.76487E-3 1.38168E-3 5.51754E-4 1.01098E-3 1.20585E-3 1.91706E-3 1.24733E-3 4.22282E-4 6.18513E-4 3.95071E-3 7.30119E-2 5.89819E-2 2.09437E-2 7.76121E-3 6.67882E-3 1.24974E-3 6.76561E-5 2.31538E-5 3.61365E-4 2.06246E-3 1.53409E-2 3.13075E-2 4.08351E-2 4.03072E-2 3.6189E-2 2.56001E-2 3.67021E-2 5.07725E-2 6.8085E-2 9.54198E-2 1.21477E-1 1.36146E-1 1.4103E-1 1.23178E-1 8.44469E-2 3.13162E-2 5.10763E-3 1.92915E-3 4.46635E-4 2.52184E-4 5.11871E-5 4.59253E-5 3.10077E-5 2.32006E-4 1.07753E-3 1.16542E-3 2.99963E-3 5.23384E-3
-9999 -9999 -9999 -9999 -9999 -9999 3.34294E-3 2.6876E-3 5.21794E-3 2.16993E-3 3.80161E-3 5.8842E-3 5.5233E-3 3.2356E-3 3.17519E-3 3.33142E-3 1.61856E-3 9.58991E-4 1.07003E-3 1.61661E-4 1.42893E-4 7.43289E-4 1.44367E-3 3.00347E-3 1.27125E-3 2.69979E-3 1.36022E-3 6.03976E-4 1.17533E-3 1.32093E-3 4.04354E-4 1.18636E-3 4.22783E-3 4.88281E-3 1.9557E-3 1.27295E-3 7.90974E-4 2.30185E-3 2.27795E-3 4.15848E-4 5.04231E-5 7.31015E-6 3.34775E-5 5.8811E-3 5.59013E-3 1.28656E-3 1.3798E-3 1.09706E-2 6.07611E-2 7.42271E-2 8.09534E-2 1.08677E-1 1.20713E-1 1.15999E-1 9.45421E-2 7.32659E-2 2.67626E-2 5.13678E-3 9.80717E-4 2.49589E-4 2.49109E-4 2.27166E-4 5.43667E-5 1.11158E-4 3.92424E-4 1.18838E-3 2.18126E-3 1.5269E-3 2.52368E-3 3.59776E-3
-9999 -9999 -9999 -9999 -9999 -9999 -9999 -9999 1.04728E-2 1.57044E-2 2.63291E-3 3.66279E-3 2.63287E-3 3.51146E-3 4.30119E-3 4.40695E-3 8.93785E-4 3.99661E-4 4.37275E-4 7.30403E-4 8.1063E-4 1.51739E-3 3.31463E-3 5.34044E-3 5.5308E-3 1.69184E-3 1.5918E-3 1.83431E-3 8.81815E-4 3.85254E-4 1.90179E-3 1.41459E-3 1.30413E-3 2.94479E-3 7.52368E-3 8.95879E-3 8.12582E-3 3.6129E-3 5.9382E-4 2.07236E-4 4.58103E-5 3.36354E-5 3.79616E-5 1.5183E-4 2.28928E-5 4.56092E-5 1.1067E-4 6.38949E-5 2.08531E-4 1.40753E-3 3.43977E-2 6.2032E-2 1.00402E-1 7.96067E-2 3.45212E-2 3.36689E-2 1.39703E-2 2.44899E-3 9.00775E-4 2.43125E-4 6.86811E-4 1.84562E-3 4.12172E-3 5.43421E-3 5.72271E-3 3.36155E-3 1.52476E-3 8.95976E-4 7.01281E-4 6.19573E-4
-9999 -9999 -9999 -9999 -9999 -9999 -9999 -9999 1.11079E-2 3.01063E-2 1.07662E-2 2.4844E-3 1.45879E-3 2.36496E-3 3.16628E-3 2.10731E-3 6.74704E-4 6.15782E-4 1.00581E-3 1.51875E-3 1.96505E-3 2.20566E-3 3.94653E-3 4.82643E-3 6.32587E-3 4.79458E-3 1.09762E-3 9.78085E-4 1.53871E-3 5.72501E-4 6.99377E-4 2.95587E-3 4.07619E-3 4.1382E-3 1.02404E-2 1.12309E-2 1.22245E-2 1.19099E-2 7.6663E-3 1.63414E-3 3.30415E-4 9.36088E-5 2.97764E-5 4.47341E-5 9.38977E-6 5.02962E-6 1.73847E-5 5.83699E-6 2.28309E-5 8.30408E-4 1.82863E-4 1.07076E-4 5.38413E-4 3.82947E-3 8.46801E-3 3.68936E-3 8.26162E-4 4.18503E-4 3.4688E-4 5.47587E-4 3.52176E-3 9.11676E-3 1.11339E-2 1.10522E-2 9.88016E-3 7.68266E-3 5.25931E-3 3.40364E-3 1.4157E-3 1.08341E-3
-9999 -9999 -9999 -9999 -9999 -9999 -9999 -9999 -9999 -9999 1.1681E-2 8.0283E-3 1.54633E-3 2.61666E-3 2.44672E-3 1.25052E-3 6.2638E-4 1.29977E-3 1.90067E-3 2.38265E-3 2.24199E-3 1.53671E-3 2.74625E-3 4.5054E-3 4.35637E-3 4.98888E-3 2.48394E-3 1.04632E-3 1.91092E-3 1.65642E-3 7.39475E-4 6.9192E-4 3.37579E-3 7.08514E-3 9.45657E-3 1.11804E-2 1.193E-2 1.29788E-2 1.3108E-2 1.06854E-2 6.39854E-3 2.07266E-3 3.1101E-4 6.74285E-5 3.56594E-5 8.94096E-5 3.00663E-5 2.5127E-5 1.1316E-5 1.26172E-4 9.01764E-6 1.53424E-5 5.9637E-5 1.69308E-4 4.00968E-4 8.67717E-5 7.22425E-5 2.34735E-4 5.19782E-4 2.34931E-3 5.56444E-3 9.57675E-3 1.2112E-2 1.15013E-2 1.06845E-2 9.91135E-3 9.18086E-3 6.9095E-3 3.43749E-3 3.43749E-3
-9999 -9999 -9999 -9999 -9999 -9999 -9999 -9999 -9999 -9999 -9999 -9999 -9999 -9999 1.24627E-3 3.47955E-4 8.77125E-4 1.09054E-3 1.26028E-3 1.25607E-3 1.82428E-3 1.57749E-3 1.72888E-3 2.4357E-3 2.4413E-3 3.31226E-3 2.42685E-3 1.66182E-3 8.28403E-4 3.99136E-4 1.2628E-3 2.04456E-3 1.91532E-3 1.23888E-3 2.88628E-3 6.70696E-3 8.59522E-3 9.39515E-3 9.20276E-3 7.62677E-3 8.61211E-3 8.04443E-3 3.83231E-3 3.53092E-3 4.69902E-3 1.86539E-3 8.6112E-4 2.89504E-4 9.87486E-5 1.48621E-5 4.6872E-5 2.23697E-4 3.26108E-4 1.45605E-4 8.08686E-5 1.6819E-4 4.80003E-4 6.25562E-4 5.60517E-4 8.87425E-4 1.89861E-3 7.77515E-3 9.96519E-3 1.17142E-2 7.90295E-3 8.91621E-3 5.78781E-3 4.17722E-3 2.29364E-3 4.22677E-3
-9999 -9999 -9999 -9999 -9999 -9999 -9999 -9999 -9999 -9999 -9999 -9999 9.64285E-3 1.20289E-2 6.07465E-3 3.48282E-3 1.09831E-3 9.02649E-4 2.49081E-3 1.63995E-3 1.28874E-3 1.90684E-3 3.05046E-3 2.11801E-3 1.65376E-3 2.2516E-3 1.60962E-3 8.11069E-4 5.92287E-4 4.28356E-4 2.55517E-4 4.43878E-4 4.53389E-4 6.24723E-4 1.00104E-3 9.9931E-4 1.43608E-3 2.39232E-3 2.03804E-3 4.76041E-3 9.06947E-3 1.1354E-2 1.46858E-2 1.68103E-2 1.56856E-2 5.81161E-3 3.72683E-3 8.26136E-4 3.83098E-4 4.10142E-4 3.57781E-4 4.38505E-4 8.6693E-5 9.87609E-5 5.5069E-4 3.78436E-3 9.75002E-3 7.76587E-3 2.65644E-3 1.97294E-3 3.02048E-3 6.90264E-3 7.68188E-3 6.57296E-3 6.57296E-3 9.49078E-3 6.49607E-3 4.0031E-3 7.59839E-3 1.36028E-2
-9999 -9999 -9999 -9999 -9999 -9999 -9999 -9999 -9999 -9999 -9999 -9999 9.78877E-3 1.81931E-2 3.6462E-3 8.59998E-3 3.79182E-3 4.53739E-3 2.96138E-3 1.96379E-3 2.67234E-3 3.06201E-3 3.31979E-3 1.58168E-3 1.14817E-3 1.43521E-3 1.90887E-3 1.8325E-3 1.47271E-3 9.04104E-4 8.58776E-4 3.64803E-4 2.05057E-4 1.96316E-4 3.13597E-4 6.71555E-4 1.46007E-3 3.5273E-3 4.02606E-3 4.47052E-3 7.27764E-3 1.22317E-2 1.56856E-2 1.54168E-2 1.48452E-2 1.21812E-2 8.15276E-3 5.8356E-3 3.41349E-3 1.09629E-3 9.45554E-4 3.98531E-4 3.64716E-4 1.10644E-3 5.86845E-3 1.26834E-2 1.76236E-2 1.41874E-2 9.46679E-3 4.62316E-3 2.77898E-3 3.92843E-3 2.59108E-3 1.50103E-3 3.07146E-3 1.44659E-2 2.51266E-2 1.91615E-2 2.16416E-2 2.68852E-2
-9999 -9999 -9999 -9999 -9999 -9999 -9999 -9999 -9999 -9999 -9999 -9999 -9999 6.9998E-3 1.12151E-2 8.00482E-3 1.46966E-3 5.66454E-3 3.72594E-3 1.58491E-3 2.8926E-3 2.88267E-3 2.50154E-3 2.58804E-3 9.83324E-4 7.10569E-4 1.55505E-3 2.36811E-3 2.40453E-3 1.76256E-3 1.87141E-3 1.16684E-3 6.70661E-4 5.20871E-4 2.14665E-4 4.29834E-4 4.3442E-4 1.32591E-3 4.74661E-3 5.52183E-3 5.93776E-3 5.20913E-3 1.18857E-2 1.44242E-2 1.58948E-2 1.41945E-2 1.19722E-2 9.81921E-3 7.20445E-3 8.68384E-3 9.75834E-3 1.47042E-2 1.78811E-2 1.93934E-2 2.0974E-2 2.19896E-2 2.59596E-2 2.4125E-2 2.28163E-2 1.869E-2 1.33109E-2 1.30935E-2 6.78965E-3 1.42978E-2 2.11225E-2 2.79007E-2 3.10691E-2 2.97094E-2 2.94426E-2 2.89141E-2
-9999 -9999 -9999 -9999 -9999 -9999 -9999 -9999 -9999 -9999 -9999 1.86911E-1 6.57563E-2 3.14006E-2 4.5574E-3 9.11728E-3 4.40476E-3 1.00015E-2 3.54313E-3 1.8876E-3 2.00501E-3 9.87636E-4 4.72129E-4 1.91403E-3 2.08906E-3 1.00963E-3 1.37081E-3 2.83954E-3 2.98685E-3 3.20941E-3 2.93015E-3 2.73144E-3 2.34303E-3 1.39217E-3 9.89563E-4 2.56447E-3 2.57652E-3 4.11862E-3 1.0596E-2 9.18288E-3 1.15877E-2 1.45837E-2 1.80706E-2 1.70159E-2 1.71998E-2 1.60348E-2 1.45028E-2 1.60415E-2 1.60634E-2 1.73562E-2 1.89163E-2 2.07911E-2 2.02102E-2 2.00192E-2 2.66199E-2 2.63734E-2 2.31808E-2 2.13306E-2 2.40756E-2 2.15757E-2 1.85589E-2 3.02057E-2 2.89141E-2 3.2694E-2 3.21091E-2 3.2593E-2 3.03991E-2 3.20017E-2 3.14182E-2 3.08425E-2
-9999 -9999 -9999 -9999 -9999 -9999 -9999 -9999 -9999 -9999 -9999 1.92214E-1 6.44961E-2 1.46314E-2 9.93193E-3 2.72444E-3 5.81818E-3 4.1731E-3 4.04302E-3 4.25757E-3 4.50211E-3 2.93534E-3 1.60827E-3 1.00317E-3 1.3123E-3 1.55675E-3 3.20248E-3 2.84098E-3 1.20191E-3 2.42037E-3 2.76617E-3 7.37818E-4 1.05118E-3 1.80363E-3 2.64116E-3 1.58111E-3 4.80547E-3 1.04068E-2 1.86247E-2 1.84889E-2 1.48925E-2 1.7513E-2 1.92353E-2 2.03629E-2 1.90818E-2 1.85589E-2 1.41467E-2 9.44975E-3 1.73145E-2 1.93562E-2 2.26535E-2 2.50666E-2 2.45907E-2 1.8134E-2 1.76035E-2 1.59908E-2 1.19329E-2 1.74293E-2 2.04433E-2 2.78118E-2 2.94365E-2 3.54993E-2 3.51721E-2 3.58287E-2 3.31721E-2 3.25584E-2 3.1953E-2 3.16534E-2 3.13559E-2 3.10604E-2
-9999 -9999 -9999 -9999 -9999 -9999 -9999 -9999 -9999 -9999 3.2422E-1 2.23758E-1 9.3417E-2 1.68944E-2 2.292E-2 1.80424E-2 7.44656E-3 1.48169E-2 3.9506E-3 1.73915E-3 3.6369E-3 2.72858E-3 2.02934E-3 3.07033E-3 7.3173E-3 7.32308E-4 2.38727E-4 8.75048E-4 7.74441E-4 1.45828E-3 3.19245E-3 1.33215E-3 7.15342E-4 9.33823E-4 4.78413E-4 6.89835E-4 3.4885E-4 1.25797E-3 1.0492E-2 1.52416E-2 1.49022E-2 1.66611E-2 1.89163E-2 2.13727E-2 2.1743E-2 2.20973E-2 2.10522E-2 1.96523E-2 1.42171E-2 7.3575E-3 1.81408E-2 2.26033E-2 2.10237E-2 2.58048E-2 2.7944E-2 3.14347E-2 3.36225E-2 3.5589E-2 3.59305E-2 3.69693E-2 3.66207E-2 3.69693E-2 3.49323E-2 3.49323E-2 3.46014E-2 3.2356E-2 3.2356E-2 3.2356E-2 3.14347E-2 3.14347E-2
