KUENM/Final_Models/M_0.1_F_lq_Set_2_NE/sp1_se_asia_min.asc
ncols         320
nrows         243
xllcorner     44.0
yllcorner     -0.666666666666667
cellsize      0.166666666666667
NODATA_value  -9999
[rows 31 to 61 of 243, columns 0 to 69 of 320]
-9999 -9999 -9999 -9999 -9999 -9999 -9999 -9999 -9999 -9999 9.34965E-2 3.94728E-3 3.57282E-8 2.13072E-6 5.42428E-7 4.16124E-6 1.65246E-6 1.24682E-6 2.99057E-9 8.30653E-9 2.1502E-7 6.08325E-8 3.59802E-10 2.52062E-7 6.3082E-7 1.88167E-8 1.18615E-9 1.09763E-12 6.91562E-10 2.04435E-8 1.42832E-7 6.49471E-8 5.98501E-9 9.31265E-9 3.6952E-9 1.1157E-10 1.20941E-11 4.32008E-8 5.59801E-6 5.85274E-5 3.27131E-4 8.77504E-4 1.95087E-3 2.82005E-3 3.52942E-3 3.77494E-3 3.59596E-3 3.42397E-3 2.79686E-3 8.92005E-4 1.52424E-3 1.72359E-3 6.24332E-4 2.59339E-3 6.13686E-3 6.55108E-3 7.09836E-3 6.98893E-3 7.20924E-3 7.20924E-3 7.3216E-3 7.20924E-3 6.97075E-3 6.75813E-3 6.75813E-3 6.75813E-3 6.75813E-3 6.23345E-3 6.34948E-3 6.25068E-3
-9999 -9999 -9999 -9999 -9999 -9999 -9999 -9999 -9999 1.77094E-1 6.52706E-2 1.37176E-2 2.15528E-6 2.65362E-7 1.70432E-6 1.66194E-6 4.7947E-6 2.92474E-6 1.13252E-6 2.14826E-9 6.91392E-7 2.12301E-6 2.57045E-7 8.07753E-7 7.78071E-7 5.02013E-8 1.63265E-8 1.06986E-7 3.3832E-8 3.04762E-9 1.46936E-8 4.99314E-9 1.22789E-9 3.69154E-8 4.18806E-8 1.61881E-8 9.63392E-9 2.71179E-8 8.5883E-7 7.03159E-5 1.91548E-5 3.9503E-5 3.03308E-4 3.06442E-3 4.90215E-3 5.21359E-3 4.90589E-3 4.55634E-3 4.38938E-3 3.30271E-3 2.43335E-3 3.06006E-3 2.98255E-3 4.82523E-3 6.26911E-3 6.26911E-3 6.47122E-3 6.68281E-3 6.68281E-3 6.78952E-3 6.78952E-3 6.57435E-3 6.6789E-3 6.6789E-3 6.3622E-3 6.26258E-3 6.06736E-3 6.06736E-3 5.78435E-3 5.60207E-3
-9999 -9999 -9999 -9999 -9999 -9999 -9999 -9999 -9999 1.53105E-1 3.17799E-2 4.90806E-3 4.94171E-5 1.34213E-6 1.31854E-6 2.49068E-7 1.51982E-6 1.15407E-6 4.42291E-7 4.13594E-6 3.30184E-6 9.84663E-8 1.25428E-8 3.16309E-9 8.96499E-8 1.45171E-6 2.08691E-8 1.39535E-8 2.54438E-8 2.34904E-9 1.90916E-10 3.94663E-9 2.3239E-10 1.07392E-8 1.5839E-7 1.62878E-7 7.5783E-8 3.45997E-8 1.07542E-6 6.62701E-6 2.10875E-9 5.09111E-10 1.26659E-6 2.1317E-3 6.09406E-3 5.15083E-3 4.23661E-3 4.44446E-3 2.91089E-3 3.51054E-3 4.82523E-3 4.6724E-3 5.42478E-3 6.07235E-3 6.27025E-3 6.47062E-3 6.36761E-3 6.26601E-3 6.36761E-3 6.36761E-3 6.36761E-3 5.97544E-3 5.25236E-3 5.69508E-3 5.51412E-3 5.25236E-3 4.91979E-3 5.60397E-3 5.78562E-3 5.87986E-3
-9999 -9999 -9999 -9999 -9999 -9999 -9999 -9999 -9999 1.44805E-1 2.85493E-2 3.35969E-3 6.93018E-5 4.85417E-6 2.46268E-6 8.69415E-6 3.56143E-6 4.48127E-7 6.93802E-7 1.30059E-7 3.34852E-7 2.59997E-7 4.52103E-8 2.60097E-8 1.48737E-8 2.26519E-10 9.72245E-9 1.42998E-8 9.00107E-10 1.43657E-9 1.44499E-10 2.51777E-10 2.31614E-9 2.15489E-9 1.73876E-8 1.30683E-7 1.2871E-8 1.59956E-9 2.25911E-7 3.69943E-6 5.07617E-8 5.87672E-11 3.68724E-7 4.88578E-4 5.73826E-3 3.59596E-3 3.25875E-3 1.21611E-3 6.89251E-5 5.52192E-4 1.04162E-3 7.43093E-4 1.92607E-3 4.3142E-3 5.60104E-3 5.95862E-3 6.05648E-3 6.05648E-3 5.95862E-3 5.95862E-3 5.24716E-3 3.96959E-3 3.00685E-3 2.43129E-3 3.71071E-3 2.22317E-3 1.33936E-3 4.68575E-3 5.76701E-3 6.04077E-3
-9999 -9999 -9999 -9999 -9999 -9999 -9999 -9999 -9999 1.37198E-1 7.15576E-2 6.95163E-3 4.60775E-4 5.22869E-5 5.54731E-6 9.23407E-7 1.82141E-5 1.09894E-6 1.15848E-5 1.34038E-6 5.3229E-7 6.2253E-6 7.54327E-8 6.46394E-7 1.15598E-7 3.10736E-8 2.51305E-13 6.19731E-11 4.60307E-7 1.53611E-9 1.50696E-10 1.07629E-10 1.00541E-9 1.58485E-10 5.55303E-11 4.30348E-9 9.10741E-11 2.28153E-10 2.10046E-8 1.65138E-6 9.0752E-7 1.36308E-8 8.09233E-10 7.25667E-6 8.56623E-4 3.28296E-3 4.13322E-3 1.62436E-3 1.30045E-4 5.41217E-5 9.75666E-5 1.52885E-4 1.27832E-4 2.32526E-4 1.20537E-3 4.68215E-3 5.48964E-3 5.22395E-3 5.3998E-3 4.83228E-3 3.53421E-3 9.37387E-4 4.16269E-4 2.35648E-4 6.34054E-4 1.8037E-3 3.97256E-3 5.31124E-3 5.92145E-3 5.82439E-3
-9999 -9999 -9999 -9999 -9999 -9999 -9999 -9999 -9999 -9999 1.27089E-1 1.65105E-2 6.84142E-4 1.76198E-4 2.73436E-6 9.99135E-5 6.80888E-5 1.72313E-5 6.84142E-4 2.97367E-4 2.11269E-4 3.22965E-6 2.71198E-5 1.65431E-6 4.00263E-7 7.81399E-7 1.35742E-8 4.38307E-9 5.0378E-7 1.1801E-6 5.92571E-9 7.91495E-10 1.73667E-10 2.72601E-10 5.4601E-11 9.90527E-10 2.98929E-8 6.43091E-8 3.39292E-7 4.53292E-8 4.50022E-9 8.99075E-8 3.74338E-9 2.38265E-11 8.82421E-9 9.34513E-6 7.0374E-4 3.10015E-3 2.87421E-3 1.63727E-3 1.35696E-3 1.85184E-3 1.23776E-3 2.29439E-4 4.52819E-4 1.64345E-3 1.29226E-3 3.71518E-3 3.83768E-3 4.0976E-3 4.02923E-3 3.0879E-3 2.10262E-3 2.13086E-3 3.14045E-3 3.36081E-3 3.77812E-3 4.58543E-3 5.27065E-3 5.51482E-3
-9999 -9999 -9999 -9999 -9999 -9999 -9999 -9999 -9999 -9999 -9999 1.05413E-1 3.13297E-2 1.35495E-3 2.48154E-5 8.4305E-7 3.25681E-4 5.43724E-4 1.98734E-4 1.38129E-5 1.72313E-5 1.0265E-4 2.69266E-5 6.57765E-4 2.24794E-5 1.18457E-5 3.84736E-6 3.43167E-7 2.67721E-8 6.20855E-7 2.26894E-6 4.25929E-9 8.29487E-9 5.5457E-9 2.98878E-10 1.60382E-9 7.88059E-9 8.81633E-9 8.45051E-8 4.58321E-8 3.30422E-8 8.92415E-9 1.45064E-9 2.15568E-10 9.6094E-12 1.2151E-11 4.7235E-7 1.51704E-4 1.76816E-3 3.42202E-3 3.67543E-3 3.71071E-3 3.58992E-3 2.85304E-3 2.4195E-3 1.29226E-3 3.73858E-4 1.43924E-3 2.74035E-3 3.41412E-3 3.41412E-3 2.93485E-3 2.93485E-3 2.17344E-3 1.57855E-3 2.74035E-3 3.35655E-3 3.83009E-3 4.019E-3 5.48356E-3
-9999 -9999 -9999 -9999 -9999 -9999 -9999 -9999 -9999 -9999 -9999 -9999 4.76928E-2 2.82348E-2 5.69555E-4 8.5155E-6 4.57972E-6 1.14953E-3 7.36146E-4 1.70334E-3 2.90204E-4 3.04408E-4 5.32586E-4 3.27801E-3 4.72803E-4 3.40226E-4 3.35176E-4 4.49999E-6 2.1099E-8 1.98386E-8 1.37897E-7 1.53611E-9 2.40636E-8 1.55245E-8 5.16154E-10 5.95884E-11 3.3891E-10 8.28731E-9 4.11445E-8 7.02742E-10 1.01632E-10 2.10099E-10 8.92415E-9 4.26874E-8 2.76837E-9 1.70344E-11 3.67405E-11 5.42076E-7 4.42331E-5 5.74122E-4 1.53447E-3 2.72404E-3 2.27691E-3 2.77865E-3 3.14045E-3 1.62157E-3 1.35489E-4 6.12798E-5 2.05969E-4 1.17583E-3 2.69458E-3 5.39506E-4 1.77842E-4 9.97254E-5 1.16346E-4 3.68825E-4 3.80509E-3 5.17682E-3 5.2658E-3 5.2658E-3
-9999 -9999 -9999 -9999 -9999 -9999 -9999 -9999 -9999 -9999 -9999 -9999 -9999 8.08223E-2 9.72144E-3 4.56006E-4 3.99347E-4 3.2998E-5 6.02583E-5 1.15176E-2 4.78101E-3 6.84142E-4 1.07649E-2 4.28689E-3 1.06072E-4 3.89409E-6 6.78437E-8 1.19086E-6 8.24912E-6 2.18448E-5 4.97305E-9 1.12833E-11 4.39302E-13 3.75099E-10 5.38435E-10 2.69712E-11 7.24343E-11 2.06313E-11 9.94409E-11 9.99525E-10 3.32183E-10 6.47833E-9 1.02026E-7 4.20052E-7 4.7446E-7 2.29509E-7 5.48807E-8 2.5535E-8 1.45445E-7 6.12496E-7 1.72794E-5 1.83523E-6 1.33669E-5 7.8998E-5 8.65122E-4 2.3246E-3 1.22458E-3 4.78307E-4 2.03184E-4 4.1191E-4 1.45527E-3 2.43028E-3 3.12743E-3 3.7229E-3 3.02875E-3 7.01459E-4 2.08681E-3 4.42252E-3 4.70517E-3 4.37421E-3
-9999 -9999 -9999 -9999 -9999 -9999 -9999 -9999 -9999 -9999 -9999 -9999 8.69604E-2 8.86319E-2 8.75316E-2 5.10315E-2 1.37944E-2 3.22857E-3 6.58895E-4 1.79685E-4 4.49083E-3 2.55128E-2 4.74639E-2 1.4218E-2 2.16131E-4 5.77154E-5 9.65736E-7 4.92755E-3 1.87755E-3 7.78756E-6 1.20716E-6 4.67104E-9 1.81993E-13 1.74965E-10 1.10921E-10 6.06439E-13 8.13193E-12 9.76122E-12 3.69465E-12 1.42119E-11 1.06402E-9 3.98406E-8 1.1287E-7 1.07028E-6 4.75961E-6 6.21889E-6 3.11041E-6 3.10885E-7 7.68068E-8 7.25138E-9 6.94297E-8 1.2642E-7 1.86692E-7 6.29684E-7 2.87144E-5 9.688E-4 1.93975E-3 2.55915E-3 1.29161E-3 5.99162E-4 8.6901E-4 1.76341E-3 3.59614E-3 4.0132E-3 3.55182E-3 1.39677E-3 7.97643E-4 2.43028E-3 2.43028E-3 1.70476E-3
-9999 -9999 -9999 -9999 -9999 -9999 -9999 -9999 -9999 -9999 -9999 -9999 -9999 -9999 -9999 9.38834E-2 3.47579E-2 2.5589E-2 2.80556E-2 1.2339E-3 6.43709E-3 7.81101E-3 2.01864E-2 5.71759E-2 4.98264E-2 1.89954E-3 5.94683E-4 3.00158E-3 1.21954E-2 2.03537E-3 6.43301E-3 1.6034E-4 4.60617E-8 8.47605E-9 2.18783E-10 9.24818E-13 6.01433E-13 8.38475E-11 2.30976E-10 3.90749E-12 3.55931E-11 1.44595E-9 2.4874E-8 1.40353E-7 5.10654E-6 1.38389E-5 2.0626E-5 1.58012E-5 2.71164E-6 9.52002E-8 6.14283E-10 1.11067E-8 2.99672E-7 3.70439E-6 2.52038E-5 3.38618E-4 1.20814E-3 2.64866E-3 2.83213E-3 7.55195E-4 1.76341E-3 3.27134E-3 4.31624E-3 4.31624E-3 3.53421E-3 1.39677E-3 1.76341E-3 7.97643E-4 1.87742E-4 4.86691E-5
-9999 -9999 -9999 -9999 -9999 -9999 -9999 -9999 -9999 -9999 -9999 -9999 -9999 -9999 -9999 -9999 1.00068E-1 1.03399E-1 1.05667E-1 9.41805E-2 2.77185E-2 9.2293E-2 1.47392E-1 1.16553E-1 2.14155E-1 2.01618E-1 2.32294E-1 2.37576E-1 5.59557E-2 5.99723E-5 1.76174E-4 7.6722E-5 1.35023E-6 1.18798E-6 2.25532E-8 1.41195E-12 9.24818E-13 1.13104E-12 1.35601E-9 5.94152E-9 2.48022E-9 4.72731E-9 3.71072E-8 9.89066E-8 4.93488E-7 1.43431E-5 2.58787E-5 3.85876E-5 3.57907E-5 1.17641E-5 1.73157E-6 2.6407E-7 1.77563E-8 2.477E-7 1.83014E-5 2.61711E-4 1.08288E-3 2.64866E-3 3.02875E-3 1.61446E-3 2.46898E-3 2.11427E-3 2.72101E-3 2.38417E-3 3.67878E-3 3.7827E-3 3.41316E-3 2.00314E-3 1.29161E-3 3.29606E-4
-9999 -9999 -9999 -9999 -9999 -9999 -9999 -9999 -9999 -9999 -9999 -9999 -9999 -9999 -9999 -9999 -9999 -9999 1.12272E-1 1.32412E-1 1.4456E-1 1.55014E-1 1.7644E-1 2.16188E-1 2.37866E-1 2.68918E-1 2.56022E-1 2.46638E-1 1.84624E-1 1.74584E-1 3.46236E-2 3.41477E-4 1.09111E-8 2.17192E-11 2.34904E-9 8.2625E-13 1.53352E-13 2.67103E-11 1.21062E-9 9.39501E-11 1.78751E-9 1.98896E-8 8.82682E-8 9.88317E-7 1.23297E-5 1.02428E-5 2.61957E-5 4.80933E-5 6.32286E-5 6.82927E-5 4.5972E-5 2.25632E-5 5.10785E-6 1.2772E-6 2.68663E-6 1.44932E-4 9.55816E-4 2.11535E-3 2.7836E-3 2.96913E-3 2.81796E-3 2.22621E-3 8.11211E-4 1.36003E-5 8.33923E-4 3.39262E-3 1.73937E-3 7.65622E-4 7.01459E-4 5.6959E-4
-9999 -9999 -9999 -9999 -9999 -9999 -9999 -9999 -9999 -9999 -9999 -9999 -9999 -9999 -9999 -9999 -9999 -9999 -9999 -9999 1.39036E-1 1.61839E-1 1.83563E-1 2.05746E-1 2.45957E-1 2.86454E-1 3.19614E-1 3.29835E-1 3.00814E-1 3.24487E-1 3.39576E-1 1.89258E-1 1.18653E-2 3.08893E-3 2.42513E-5 8.70185E-8 4.45615E-13 3.93679E-11 1.52026E-11 1.88258E-10 7.67004E-9 1.84313E-8 1.62964E-7 1.37237E-6 3.78145E-6 9.42039E-6 6.68306E-6 9.0897E-6 4.00523E-5 7.27364E-5 9.44944E-5 1.02681E-4 8.20612E-5 4.77269E-5 3.237E-5 1.29548E-4 1.92865E-4 4.84847E-4 1.59254E-3 2.51238E-3 2.15166E-3 4.76738E-4 1.34171E-5 3.3021E-7 6.90094E-5 2.22621E-3 2.67374E-4 1.1134E-3 2.00314E-3 1.05397E-3
-9999 -9999 -9999 -9999 -9999 -9999 -9999 -9999 -9999 -9999 -9999 -9999 -9999 -9999 -9999 -9999 -9999 -9999 -9999 -9999 -9999 1.38488E-1 1.66672E-1 1.95326E-1 2.26198E-1 2.68481E-1 3.06934E-1 3.39884E-1 3.76042E-1 3.87827E-1 4.0793E-1 3.64906E-1 1.77886E-1 8.16958E-2 6.27886E-2 1.90001E-7 1.45626E-9 5.85336E-11 6.83404E-12 4.23479E-9 5.20738E-9 2.15177E-8 6.01339E-10 1.18393E-7 2.8396E-6 3.5004E-6 5.28743E-6 9.76814E-6 3.1239E-5 3.4552E-5 6.24432E-5 1.2816E-4 1.61852E-4 1.49756E-4 2.91443E-5 1.17719E-5 1.1168E-5 8.26911E-7 8.76613E-5 1.76341E-3 2.15166E-3 9.96995E-4 1.04307E-4 5.79081E-6 3.13451E-5 2.4211E-3 3.14429E-3 2.38742E-3 7.79468E-5 8.11364E-5
-9999 -9999 -9999 -9999 -9999 -9999 -9999 -9999 -9999 -9999 -9999 -9999 -9999 -9999 -9999 -9999 -9999 -9999 -9999 -9999 -9999 -9999 1.3812E-1 1.62564E-1 1.96034E-1 2.26345E-1 2.61417E-1 2.97443E-1 3.37737E-1 3.87239E-1 4.25424E-1 4.09044E-1 3.23967E-1 2.55017E-1 7.77475E-2 2.14277E-5 4.86917E-7 8.46454E-11 6.44161E-9 4.52106E-8 5.50276E-9 1.37766E-8 2.47896E-9 7.4684E-9 1.31705E-8 7.891E-7 1.01572E-6 4.39608E-6 2.19921E-6 2.27383E-5 6.8114E-5 1.01911E-4 2.03505E-4 1.86069E-4 3.10999E-5 7.74298E-7 7.45253E-7 2.68663E-6 1.85462E-5 7.55195E-4 1.66892E-3 1.60094E-3 4.16944E-4 1.12056E-6 4.47568E-7 6.64126E-4 3.47322E-3 3.01084E-3 1.43E-4 3.237E-5
-9999 -9999 -9999 -9999 -9999 -9999 -9999 -9999 -9999 -9999 -9999 -9999 -9999 -9999 -9999 -9999 -9999 -9999 -9999 -9999 -9999 -9999 1.14639E-1 1.34331E-1 1.62194E-1 1.8478E-1 2.15367E-1 2.54954E-1 2.96419E-1 3.41645E-1 4.18342E-1 4.72862E-1 4.0073E-1 2.75732E-1 1.66731E-1 6.67933E-2 4.72233E-4 2.39061E-7 3.56363E-11 1.2353E-6 5.76312E-9 1.53591E-10 2.05304E-9 3.00792E-9 2.55139E-9 1.60812E-8 4.10198E-7 5.51876E-7 1.68451E-7 2.11562E-5 8.85886E-5 1.52695E-4 1.8615E-4 1.47899E-4 3.35904E-5 2.19663E-6 9.76129E-8 7.68068E-8 3.23671E-7 6.55604E-5 6.55063E-4 1.01095E-3 9.83207E-4 3.26068E-4 1.47446E-5 1.02458E-4 3.15948E-3 3.43087E-3 1.19189E-3 2.03469E-4
-9999 -9999 -9999 -9999 -9999 -9999 -9999 -9999 -9999 -9999 -9999 -9999 -9999 -9999 -9999 -9999 -9999 -9999 -9999 -9999 -9999 -9999 -9999 1.09596E-1 1.28947E-1 1.51602E-1 1.77668E-1 2.02396E-1 2.44538E-1 2.94487E-1 3.56542E-1 4.3567E-1 4.37688E-1 2.75239E-1 1.83506E-1 3.98787E-2 7.93788E-4 2.89472E-5 7.85859E-6 1.0489E-6 7.51036E-7 1.46988E-9 1.04832E-11 3.25519E-9 3.60369E-9 2.99481E-10 1.64787E-9 2.1428E-7 4.4374E-7 1.38084E-6 7.34511E-6 6.43315E-5 8.1337E-5 1.18061E-4 6.74315E-5 2.0429E-5 2.25279E-6 1.23825E-7 5.71436E-10 7.7773E-8 1.3797E-6 6.46845E-5 3.44516E-4 8.33923E-4 3.5407E-4 5.24979E-4 2.64666E-3 3.65904E-3 2.83557E-3 2.14562E-4
-9999 -9999 -9999 -9999 -9999 -9999 -9999 -9999 -9999 -9999 -9999 -9999 -9999 -9999 -9999 -9999 -9999 -9999 -9999 -9999 -9999 -9999 -9999 9.11772E-2 1.05669E-1 1.19201E-1 1.38035E-1 1.55134E-1 1.91062E-1 2.3641E-1 3.00376E-1 3.57847E-1 3.97736E-1 3.33753E-1 2.10607E-1 1.23293E-1 2.73378E-7 9.38924E-5 5.50901E-3 4.36623E-4 1.39799E-4 5.55025E-7 9.62015E-7 6.80304E-8 1.41723E-9 1.21626E-9 9.63836E-11 4.45381E-9 1.38691E-7 1.86174E-7 1.39665E-6 2.62336E-5 2.8847E-5 7.15399E-5 1.43523E-4 1.2816E-4 4.71626E-5 1.19146E-5 4.45627E-8 2.04269E-9 2.52291E-11 3.53672E-7 9.12707E-5 4.23263E-4 3.29606E-4 4.52835E-5 1.56997E-4 3.13473E-3 3.51737E-3 1.51826E-3
-9999 -9999 -9999 -9999 -9999 -9999 -9999 -9999 -9999 -9999 -9999 -9999 -9999 -9999 -9999 -9999 -9999 -9999 -9999 -9999 -9999 -9999 6.53684E-2 7.50445E-2 8.67846E-2 9.72777E-2 1.07607E-1 1.16052E-1 1.42749E-1 1.87058E-1 2.43182E-1 2.9719E-1 3.34463E-1 3.43004E-1 2.91651E-1 1.7692E-1 3.22857E-3 8.15559E-9 7.68431E-7 6.52288E-5 1.03356E-5 1.02015E-8 1.32792E-7 2.90931E-9 2.23934E-10 1.34397E-9 4.62609E-11 1.06604E-9 1.49882E-8 3.44932E-8 1.51623E-7 2.61519E-6 1.53961E-5 3.3992E-5 3.20064E-5 1.7197E-4 1.55591E-4 1.067E-4 2.09536E-5 9.00048E-7 1.68846E-7 1.85505E-8 1.52696E-6 1.17097E-4 1.38428E-4 1.87382E-4 6.71523E-5 7.43093E-4 3.0879E-3 3.08476E-3
-9999 -9999 -9999 -9999 -9999 -9999 -9999 -9999 -9999 -9999 -9999 -9999 -9999 -9999 -9999 -9999 -9999 -9999 -9999 -9999 -9999 -9999 5.51797E-2 6.69482E-2 7.48905E-2 8.14874E-2 9.2545E-2 9.78486E-2 1.16576E-1 1.61483E-1 2.01938E-1 2.48852E-1 2.9002E-1 3.14389E-1 3.11528E-1 1.69081E-1 1.74576E-3 3.00708E-5 1.79021E-4 3.39447E-6 5.37259E-7 1.5607E-7 2.04577E-8 5.09284E-6 8.79795E-8 7.78496E-8 6.05152E-9 5.39368E-10 6.45256E-10 1.27606E-9 1.11269E-7 6.92712E-7 3.44491E-7 2.29681E-5 1.12104E-4 1.92067E-4 2.74959E-4 3.34359E-4 2.36553E-4 2.20362E-5 2.11541E-6 2.39841E-6 2.88731E-6 1.68835E-5 1.19146E-5 1.699E-4 1.53701E-4 2.43622E-5 7.13846E-4 8.36188E-4
-9999 -9999 -9999 -9999 -9999 -9999 -9999 -9999 -9999 -9999 -9999 -9999 -9999 -9999 -9999 -9999 -9999 -9999 -9999 -9999 -9999 -9999 4.9401E-2 5.79709E-2 6.76582E-2 7.65976E-2 8.50756E-2 9.44571E-2 1.12745E-1 1.41751E-1 1.76343E-1 2.16205E-1 2.50195E-1 2.77481E-1 2.97581E-1 2.20234E-1 1.38216E-2 9.44811E-5 1.06488E-4 6.8263E-3 9.06376E-6 3.24821E-7 2.35345E-7 2.40839E-6 1.82107E-9 1.09742E-7 1.11374E-8 2.8501E-9 9.19396E-9 1.07597E-8 1.99845E-8 7.27299E-8 1.33999E-6 2.86117E-6 7.86851E-5 2.52699E-4 3.60555E-4 4.4321E-4 4.06401E-4 9.00231E-5 2.38895E-6 2.27627E-6 2.22158E-6 1.31777E-5 4.13878E-5 7.93919E-5 4.35154E-4 5.0029E-4 1.24541E-3 4.02927E-4
-9999 -9999 -9999 -9999 -9999 -9999 -9999 -9999 -9999 -9999 -9999 -9999 -9999 -9999 -9999 -9999 -9999 -9999 -9999 -9999 -9999 -9999 -9999 -9999 6.34133E-2 7.08005E-2 7.90259E-2 9.11483E-2 1.06546E-1 1.2896E-1 1.59318E-1 1.86387E-1 2.17274E-1 2.43208E-1 2.68811E-1 2.58063E-1 1.57963E-1 5.99139E-2 1.24857E-1 5.88107E-2 2.24696E-4 3.09872E-6 9.53223E-8 2.35056E-5 6.78842E-10 4.69069E-10 7.60569E-9 6.85979E-9 2.95468E-9 1.9704E-8 6.73251E-9 4.91624E-9 1.89635E-7 9.67405E-7 1.65138E-6 5.05465E-5 4.11215E-4 5.00492E-4 5.43642E-4 3.31048E-4 8.43829E-5 3.08611E-5 2.11384E-5 2.93863E-5 5.55428E-5 8.45693E-5 3.67461E-4 8.2266E-4 5.54381E-4 1.06952E-3
-9999 -9999 -9999 -9999 -9999 -9999 -9999 -9999 -9999 -9999 -9999 -9999 -9999 -9999 -9999 -9999 -9999 -9999 -9999 -9999 -9999 -9999 -9999 -9999 6.15902E-2 6.90113E-2 7.77586E-2 8.97234E-2 1.04131E-1 1.21353E-1 1.44104E-1 1.68849E-1 1.9323E-1 2.13658E-1 2.43667E-1 2.6661E-1 2.4723E-1 1.93307E-1 1.42316E-1 1.18708E-1 4.87561E-2 4.83468E-6 8.72049E-9 9.39189E-7 1.26382E-5 5.58882E-9 2.05615E-10 1.27862E-8 6.28933E-8 3.08894E-9 7.89221E-9 7.19467E-9 3.30464E-11 8.14426E-10 4.54366E-9 1.44658E-7 7.64093E-7 6.07491E-5 2.6808E-4 4.22645E-4 3.9775E-4 1.64331E-4 6.43315E-5 6.68306E-6 8.18126E-7 4.59341E-6 6.05409E-5 3.11208E-4 6.94985E-4 6.1325E-4
-9999 -9999 -9999 -9999 -9999 -9999 -9999 -9999 -9999 -9999 -9999 -9999 -9999 -9999 -9999 -9999 -9999 -9999 -9999 -9999 -9999 -9999 -9999 -9999 6.13794E-2 6.93736E-2 7.6469E-2 8.61545E-2 9.89802E-2 1.1356E-1 1.30345E-1 1.51604E-1 1.74695E-1 1.89794E-1 2.10809E-1 2.37114E-1 2.42303E-1 2.48895E-1 1.73814E-1 1.29636E-1 2.70161E-2 2.61328E-4 7.07109E-6 3.58871E-6 9.25027E-7 3.1503E-6 1.19417E-8 7.58045E-7 6.90743E-7 8.28148E-8 3.82876E-7 6.50519E-9 3.25566E-8 3.88781E-8 2.20867E-7 2.0799E-8 7.49927E-9 4.32581E-7 1.14217E-5 9.73813E-5 3.50259E-4 3.87519E-4 4.44898E-5 1.1593E-6 1.46068E-8 1.86708E-8 1.64131E-6 5.16628E-6 2.14077E-5 5.81831E-4
-9999 -9999 -9999 -9999 -9999 -9999 -9999 -9999 -9999 -9999 -9999 -9999 -9999 -9999 -9999 -9999 -9999 -9999 -9999 -9999 -9999 -9999 -9999 -9999 -9999 6.90641E-2 7.32766E-2 8.10208E-2 9.33026E-2 1.0369E-1 -9999 -9999 1.53129E-1 1.70466E-1 1.88758E-1 2.15109E-1 2.28146E-1 2.33045E-1 2.03439E-1 1.49889E-1 5.79457E-2 1.13519E-3 1.51149E-2 1.24418E-2 4.37465E-3 1.19911E-6 7.263E-8 2.39352E-10 3.27368E-7 5.96166E-7 1.70233E-8 1.63909E-7 1.45957E-8 3.53798E-8 2.58124E-7 7.02746E-7 4.58313E-8 5.1105E-9 7.06421E-7 2.09221E-5 1.90763E-4 4.99147E-4 2.3524E-4 2.94652E-5 2.30854E-6 4.48663E-7 2.38412E-7 7.94808E-9 6.54249E-8 2.32368E-5
-9999 -9999 -9999 -9999 -9999 -9999 -9999 -9999 -9999 -9999 -9999 -9999 -9999 -9999 -9999 -9999 -9999 -9999 -9999 -9999 -9999 -9999 -9999 -9999 -9999 -9999 7.05192E-2 7.90309E-2 8.78574E-2 9.44195E-2 -9999 1.2486E-1 1.37407E-1 1.50678E-1 1.6724E-1 1.82601E-1 1.97843E-1 2.0514E-1 1.99391E-1 1.69194E-1 1.25608E-1 1.146E-1 8.25291E-2 7.41418E-2 4.94229E-2 4.91965E-3 3.56208E-6 4.79703E-8 9.18008E-8 1.01832E-5 1.69833E-5 9.22833E-7 9.02536E-8 3.24722E-8 1.33875E-6 1.10066E-5 3.17442E-6 1.26689E-7 1.43722E-8 1.70462E-7 3.14843E-5 5.60297E-4 7.05627E-4 2.90868E-4 8.43236E-5 1.83008E-5 7.44612E-6 3.2165E-7 2.59988E-7 1.52067E-5
-9999 -9999 -9999 -9999 -9999 -9999 -9999 -9999 -9999 -9999 -9999 -9999 -9999 -9999 -9999 -9999 -9999 -9999 -9999 -9999 -9999 -9999 -9999 -9999 -9999 -9999 -9999 7.42133E-2 8.20293E-2 8.78574E-2 -9999 -9999 -9999 1.33665E-1 -9999 -9999 -9999 1.73222E-1 1.74984E-1 1.52429E-1 1.33183E-1 1.11376E-1 8.66714E-2 2.78513E-2 3.2906E-2 9.77037E-3 8.59011E-5 3.32251E-5 3.58871E-6 2.79457E-6 1.44912E-4 2.20302E-4 2.9503E-5 5.74273E-6 2.41093E-5 1.05261E-5 1.31413E-6 1.51025E-6 6.03882E-7 6.53822E-8 1.87693E-6 1.07776E-4 5.12066E-4 5.66725E-4 4.07552E-4 1.46481E-4 6.50282E-5 3.89913E-5 2.78861E-5 6.84892E-6
-9999 -9999 -9999 -9999 -9999 -9999 -9999 -9999 -9999 -9999 -9999 -9999 -9999 -9999 -9999 -9999 -9999 -9999 -9999 -9999 -9999 -9999 -9999 -9999 -9999 -9999 -9999 -9999 -9999 -9999 -9999 -9999 -9999 -9999 -9999 -9999 -9999 1.53199E-1 1.5209E-1 1.53112E-1 1.48507E-1 1.23104E-1 9.44135E-2 3.1836E-2 3.01898E-2 1.01577E-2 1.18006E-6 6.17164E-6 4.8691E-6 1.06398E-6 9.85083E-5 4.2391E-4 4.53384E-4 1.76586E-4 1.57316E-5 9.8909E-6 2.75616E-5 1.12909E-6 5.5238E-7 7.96931E-7 5.50839E-6 6.17053E-5 2.79335E-4 3.56571E-4 2.58628E-4 1.8415E-4 1.15375E-4 5.9838E-5 5.02695E-5 8.974E-6
-9999 -9999 -9999 -9999 -9999 -9999 -9999 -9999 -9999 -9999 -9999 -9999 -9999 -9999 -9999 -9999 -9999 -9999 -9999 -9999 -9999 -9999 -9999 -9999 -9999 -9999 -9999 -9999 -9999 -9999 -9999 -9999 -9999 -9999 -9999 -9999 -9999 -9999 1.36856E-1 1.39704E-1 1.38507E-1 1.34377E-1 1.26448E-1 1.09996E-1 7.20053E-2 6.03046E-2 2.23732E-3 3.18541E-7 2.29788E-6 4.67731E-7 2.05183E-5 5.00113E-5 1.34581E-4 6.09764E-4 3.33886E-4 5.50743E-4 4.93049E-4 6.91278E-4 7.2795E-4 1.5194E-4 1.31104E-5 9.4859E-5 2.0107E-4 1.00273E-4 2.61971E-5 8.01515E-5 1.67459E-4 2.20878E-4 1.37603E-4 5.36878E-5
-9999 -9999 -9999 -9999 -9999 -9999 -9999 -9999 -9999 -9999 -9999 -9999 -9999 -9999 -9999 -9999 -9999 -9999 -9999 -9999 -9999 -9999 -9999 -9999 -9999 -9999 -9999 -9999 -9999 -9999 -9999 -9999 -9999 -9999 -9999 -9999 -9999 -9999 -9999 1.25255E-1 1.24219E-1 1.22175E-1 1.21018E-1 1.15434E-1 1.03621E-1 5.13737E-2 4.30624E-2 9.9642E-5 1.29734E-7 2.28797E-5 6.9393E-5 6.1494E-4 2.81732E-4 2.94712E-4 6.73454E-4 1.06288E-3 9.79822E-4 4.83854E-4 4.48272E-4 3.57587E-4 6.92187E-4 9.31167E-6 5.21197E-5 4.82437E-6 2.042E-5 4.6113E-5 7.34505E-5 2.38564E-4 2.70309E-4 1.69308E-4
