KUENM/Final_Models/M_0.1_F_lq_Set_2_NE/sp1_6_se_asia.asc
ncols         320
nrows         243
xllcorner     44.0
yllcorner     -0.666666666666667
cellsize      0.166666666666667
NODATA_value  -9999
[rows 31 to 61 of 243, columns 0 to 69 of 320]
-9999 -9999 -9999 -9999 -9999 -9999 -9999 -9999 -9999 -9999 1.6826E-1 7.43067E-2 4.30143E-3 1.11081E-2 7.80621E-3 1.21966E-2 9.18629E-3 7.99472E-3 1.91954E-3 2.28108E-3 4.65461E-3 3.35203E-3 1.00918E-3 4.46369E-3 5.41832E-3 2.20625E-3 1.08411E-3 2.08219E-4 7.67428E-4 1.55852E-3 2.39476E-3 1.89291E-3 1.00194E-3 1.04253E-3 7.53918E-4 2.92159E-4 1.56134E-4 8.6171E-4 2.45308E-3 3.7973E-3 5.29309E-3 6.39431E-3 8.30925E-3 9.38546E-3 1.00505E-2 9.9857E-3 9.53262E-3 9.09657E-3 8.04755E-3 5.02193E-3 6.07136E-3 6.3236E-3 4.2348E-3 7.48853E-3 1.13428E-2 1.19193E-2 1.26685E-2 1.25214E-2 1.2817E-2 1.2817E-2 1.2967E-2 1.2817E-2 1.24889E-2 1.22014E-2 1.22014E-2 1.22014E-2 1.22014E-2 1.14767E-2 1.16426E-2 1.15062E-2
-9999 -9999 -9999 -9999 -9999 -9999 -9999 -9999 -9999 1.77094E-1 1.39965E-1 9.62175E-2 1.08496E-2 6.51186E-3 9.78673E-3 9.27999E-3 1.12103E-2 9.32279E-3 7.03469E-3 1.67406E-3 6.04646E-3 7.80121E-3 4.56883E-3 5.83556E-3 5.58592E-3 2.68105E-3 1.88346E-3 2.62303E-3 1.75018E-3 9.45124E-4 1.35838E-3 1.02635E-3 7.09955E-4 1.56649E-3 1.4649E-3 1.00249E-3 7.24371E-4 7.84316E-4 1.52016E-3 4.02437E-3 2.39619E-3 2.59868E-3 4.45367E-3 9.43848E-3 1.11799E-2 1.10989E-2 1.04719E-2 9.75815E-3 9.41666E-3 8.20329E-3 7.04779E-3 7.62828E-3 7.44427E-3 9.46558E-3 1.155E-2 1.155E-2 1.18283E-2 1.21304E-2 1.21304E-2 1.22755E-2 1.22755E-2 1.19695E-2 1.21122E-2 1.21122E-2 1.16681E-2 1.15306E-2 1.12598E-2 1.12598E-2 1.08633E-2 1.06055E-2
-9999 -9999 -9999 -9999 -9999 -9999 -9999 -9999 -9999 1.53105E-1 1.05257E-1 6.78611E-2 2.15239E-2 9.02115E-3 8.72305E-3 5.68156E-3 8.10497E-3 7.20512E-3 5.55198E-3 9.23603E-3 8.68244E-3 3.69288E-3 2.23467E-3 1.5632E-3 3.30692E-3 6.15504E-3 1.97328E-3 1.58944E-3 1.59402E-3 8.96548E-4 5.05005E-4 9.96064E-4 4.91026E-4 1.20731E-3 2.20214E-3 1.8814E-3 1.25507E-3 8.30277E-4 1.61944E-3 2.17935E-3 2.90893E-4 1.95461E-4 1.03715E-3 8.36228E-3 1.20792E-2 1.09711E-2 9.72439E-3 9.52938E-3 7.79167E-3 8.12845E-3 9.46558E-3 9.23978E-3 1.03528E-2 1.12894E-2 1.15642E-2 1.18554E-2 1.17136E-2 1.15733E-2 1.17136E-2 1.17136E-2 1.17136E-2 1.11541E-2 1.01051E-2 1.07473E-2 1.04903E-2 1.01051E-2 9.61407E-3 1.06182E-2 1.08875E-2 1.10201E-2
-9999 -9999 -9999 -9999 -9999 -9999 -9999 -9999 -9999 1.44805E-1 9.32523E-2 5.61852E-2 2.18404E-2 1.14178E-2 9.46404E-3 1.22706E-2 9.54273E-3 5.64403E-3 6.07241E-3 4.06853E-3 4.98719E-3 4.63182E-3 2.99456E-3 2.52722E-3 2.13577E-3 7.7384E-4 1.67398E-3 1.63165E-3 8.04841E-4 8.35728E-4 4.77899E-4 5.33505E-4 8.83477E-4 8.19784E-4 1.31679E-3 1.80847E-3 7.96512E-4 4.00562E-4 1.08897E-3 1.89132E-3 5.9405E-4 1.25195E-4 7.82758E-4 5.2607E-3 1.21658E-2 9.53262E-3 8.67711E-3 5.73015E-3 2.23628E-3 4.1093E-3 4.94491E-3 4.22125E-3 6.06196E-3 8.70741E-3 1.06262E-2 1.1162E-2 1.1299E-2 1.1299E-2 1.1162E-2 1.1162E-2 1.01193E-2 8.17715E-3 7.01494E-3 6.56496E-3 7.772E-3 6.46746E-3 5.36867E-3 9.27688E-3 1.08922E-2 1.12962E-2
-9999 -9999 -9999 -9999 -9999 -9999 -9999 -9999 -9999 1.37198E-1 1.06686E-1 6.08936E-2 3.14362E-2 1.84794E-2 1.07301E-2 6.87523E-3 1.34089E-2 6.77601E-3 1.15292E-2 6.90989E-3 5.52438E-3 9.99607E-3 3.40816E-3 5.57592E-3 3.53651E-3 2.45339E-3 1.72443E-4 5.18073E-4 3.81295E-3 8.96712E-4 4.99297E-4 4.45512E-4 7.20463E-4 4.16763E-4 2.85614E-4 7.16231E-4 2.38634E-4 2.49421E-4 6.10237E-4 1.55461E-3 1.17673E-3 4.00777E-4 2.06051E-4 1.58283E-3 6.2485E-3 9.37813E-3 9.4977E-3 6.45069E-3 2.68358E-3 1.98148E-3 2.2635E-3 2.558E-3 2.38491E-3 2.84803E-3 4.8572E-3 9.28098E-3 1.04977E-2 1.01153E-2 1.03689E-2 9.51427E-3 7.49609E-3 4.47363E-3 3.43079E-3 2.88434E-3 3.94692E-3 5.69552E-3 8.19144E-3 1.02415E-2 1.115E-2 1.10131E-2
-9999 -9999 -9999 -9999 -9999 -9999 -9999 -9999 -9999 -9999 1.27089E-1 6.819E-2 3.14705E-2 2.28136E-2 8.5537E-3 1.94739E-2 1.75777E-2 1.2546E-2 3.14705E-2 2.58159E-2 2.39256E-2 8.45406E-3 1.47164E-2 7.16459E-3 4.9209E-3 5.61364E-3 1.9264E-3 1.39166E-3 4.20535E-3 4.8959E-3 1.2278E-3 7.0325E-4 4.57835E-4 4.6076E-4 2.80784E-4 4.60842E-4 8.63625E-4 8.91138E-4 1.16498E-3 6.3306E-4 3.43104E-4 6.20843E-4 2.87085E-4 9.92619E-5 3.15292E-4 1.5531E-3 5.17774E-3 8.27379E-3 7.69811E-3 6.0218E-3 5.4357E-3 5.83978E-3 4.98102E-3 2.8121E-3 3.40333E-3 5.21418E-3 4.80952E-3 7.79117E-3 7.9897E-3 8.39993E-3 8.29495E-3 6.77362E-3 5.71929E-3 5.79214E-3 6.85965E-3 7.21924E-3 7.88965E-3 9.16132E-3 1.02206E-2 1.05949E-2
-9999 -9999 -9999 -9999 -9999 -9999 -9999 -9999 -9999 -9999 -9999 1.05413E-1 7.39038E-2 3.39947E-2 1.32491E-2 6.14024E-3 2.45559E-2 2.80697E-2 2.22952E-2 1.16992E-2 1.2546E-2 2.01027E-2 1.45897E-2 3.50086E-2 1.42296E-2 1.18413E-2 8.472E-3 4.12699E-3 2.07924E-3 4.33831E-3 5.68233E-3 1.07862E-3 1.13829E-3 9.26496E-4 4.04904E-4 4.92216E-4 5.93561E-4 5.47773E-4 8.20921E-4 6.39891E-4 5.5477E-4 3.82113E-4 2.45501E-4 1.55824E-4 7.93855E-5 7.99586E-5 7.30196E-4 3.10826E-3 6.47919E-3 7.9332E-3 7.95148E-3 7.772E-3 7.58177E-3 6.67362E-3 6.10215E-3 4.80952E-3 3.09821E-3 4.94513E-3 6.19379E-3 7.31425E-3 7.31425E-3 6.52103E-3 6.52103E-3 5.51205E-3 5.01875E-3 6.19379E-3 7.2219E-3 7.98663E-3 8.28977E-3 1.05745E-2
-9999 -9999 -9999 -9999 -9999 -9999 -9999 -9999 -9999 -9999 -9999 -9999 7.47969E-2 6.64623E-2 2.56976E-2 9.75592E-3 8.50688E-3 3.23467E-2 2.96588E-2 3.84028E-2 2.51007E-2 2.65295E-2 3.18448E-2 5.45238E-2 3.24473E-2 3.03682E-2 2.98005E-2 8.33711E-3 1.99709E-3 1.86748E-3 2.8117E-3 8.96712E-4 1.50396E-3 1.17195E-3 4.5395E-4 2.44166E-4 2.98297E-4 5.15498E-4 6.86811E-4 2.67401E-4 1.72518E-4 1.86641E-4 3.82113E-4 5.02384E-4 2.58747E-4 8.91163E-5 9.82746E-5 7.16462E-4 2.04388E-3 4.26446E-3 5.66168E-3 6.82932E-3 6.1683E-3 6.50829E-3 6.85965E-3 5.14833E-3 2.28079E-3 1.7958E-3 2.53841E-3 4.39776E-3 6.11786E-3 3.38641E-3 2.42912E-3 2.08502E-3 2.18098E-3 3.05865E-3 7.96979E-3 1.01554E-2 1.02853E-2 1.02853E-2
-9999 -9999 -9999 -9999 -9999 -9999 -9999 -9999 -9999 -9999 -9999 -9999 -9999 8.20964E-2 4.73402E-2 2.31687E-2 2.30417E-2 1.28933E-2 1.52914E-2 6.19792E-2 5.07235E-2 3.14705E-2 7.08397E-2 5.72375E-2 2.09063E-2 8.59307E-3 3.01225E-3 6.01453E-3 9.40983E-3 1.14677E-2 1.27083E-3 2.9989E-4 1.35956E-4 5.10103E-4 4.73748E-4 2.18935E-4 2.37144E-4 1.67614E-4 2.09256E-4 3.08558E-4 2.37293E-4 4.05296E-4 7.01669E-4 8.87573E-4 8.5464E-4 6.79063E-4 4.56061E-4 3.63671E-4 5.13703E-4 6.93723E-4 1.49696E-3 8.36564E-4 1.32335E-3 2.05601E-3 4.14575E-3 5.87485E-3 4.57038E-3 3.28836E-3 2.50586E-3 3.11108E-3 4.64661E-3 5.66236E-3 6.85714E-3 7.85422E-3 6.68841E-3 3.68246E-3 5.30368E-3 8.98552E-3 9.43289E-3 8.89258E-3
-9999 -9999 -9999 -9999 -9999 -9999 -9999 -9999 -9999 -9999 -9999 -9999 9.09946E-2 9.04647E-2 8.81932E-2 7.08455E-2 5.18924E-2 3.7381E-2 2.62901E-2 1.99141E-2 4.74102E-2 8.25719E-2 1.05815E-1 7.79313E-2 2.45749E-2 1.72762E-2 5.81242E-3 5.9185E-2 4.28402E-2 8.82152E-3 5.01762E-3 1.18882E-3 1.2201E-4 4.61365E-4 3.64046E-4 1.12383E-4 1.67889E-4 1.59202E-4 1.22847E-4 1.45586E-4 3.28063E-4 6.65557E-4 7.73947E-4 1.18644E-3 1.58215E-3 1.55937E-3 1.2065E-3 6.64357E-4 4.52199E-4 2.61093E-4 4.10518E-4 4.49232E-4 4.7625E-4 6.14824E-4 1.51774E-3 4.26561E-3 5.2984E-3 5.88514E-3 4.46312E-3 3.44163E-3 3.84816E-3 4.84109E-3 7.6539E-3 8.33923E-3 7.57053E-3 4.46958E-3 3.83862E-3 5.66236E-3 5.66236E-3 5.02688E-3
-9999 -9999 -9999 -9999 -9999 -9999 -9999 -9999 -9999 -9999 -9999 -9999 -9999 -9999 -9999 9.43406E-2 6.18745E-2 6.01654E-2 6.60341E-2 3.07407E-2 5.02484E-2 5.55718E-2 7.69759E-2 1.10882E-1 1.11589E-1 4.34164E-2 3.10671E-2 4.91774E-2 7.30454E-2 4.11182E-2 5.59113E-2 1.7588E-2 1.97374E-3 1.16408E-3 4.6146E-4 1.33718E-4 1.11443E-4 2.74441E-4 3.12718E-4 1.2989E-4 1.83118E-4 3.62669E-4 6.00607E-4 8.08927E-4 1.69325E-3 1.99077E-3 2.00289E-3 1.75606E-3 1.05786E-3 4.71961E-4 1.57991E-4 2.7559E-4 5.50021E-4 9.49896E-4 1.50414E-3 3.084E-3 4.51221E-3 6.03983E-3 6.3564E-3 3.64488E-3 4.84109E-3 7.1091E-3 8.8452E-3 8.8452E-3 7.55539E-3 4.46958E-3 4.84109E-3 3.83862E-3 2.55722E-3 1.79113E-3
-9999 -9999 -9999 -9999 -9999 -9999 -9999 -9999 -9999 -9999 -9999 -9999 -9999 -9999 -9999 -9999 1.02547E-1 1.03399E-1 1.05667E-1 9.56173E-2 7.03687E-2 1.09675E-1 1.47392E-1 1.33135E-1 2.14155E-1 2.01618E-1 2.32294E-1 2.37576E-1 1.17018E-1 1.52104E-2 1.94857E-2 1.44974E-2 4.69769E-3 4.10322E-3 1.40622E-3 1.5968E-4 1.33718E-4 1.27316E-4 5.11989E-4 6.62393E-4 5.05497E-4 5.27981E-4 7.42035E-4 8.0627E-4 1.03729E-3 2.06053E-3 2.20277E-3 2.25817E-3 2.10133E-3 1.50059E-3 9.1006E-4 5.6819E-4 3.04916E-4 5.34468E-4 1.40274E-3 2.90074E-3 4.38777E-3 6.03983E-3 6.68841E-3 4.77434E-3 5.73396E-3 5.10328E-3 6.18082E-3 5.58639E-3 7.81556E-3 7.99751E-3 7.36162E-3 5.1021E-3 4.46312E-3 3.00609E-3
-9999 -9999 -9999 -9999 -9999 -9999 -9999 -9999 -9999 -9999 -9999 -9999 -9999 -9999 -9999 -9999 -9999 -9999 1.12272E-1 1.32412E-1 1.4456E-1 1.55014E-1 1.7644E-1 2.16188E-1 2.37866E-1 2.68918E-1 2.56022E-1 2.46638E-1 1.84624E-1 1.78291E-1 9.63686E-2 2.23756E-2 1.51845E-3 3.60725E-4 8.96548E-4 1.54317E-4 1.0211E-4 2.74067E-4 5.63817E-4 3.07677E-4 5.48578E-4 8.38184E-4 1.01999E-3 1.49112E-3 2.31117E-3 1.9323E-3 2.22866E-3 2.48243E-3 2.56864E-3 2.47344E-3 2.12048E-3 1.71241E-3 1.13088E-3 7.83683E-4 9.14493E-4 2.43143E-3 4.2114E-3 5.37238E-3 6.27492E-3 6.59645E-3 6.34429E-3 5.30525E-3 3.60549E-3 1.19203E-3 3.70093E-3 7.34258E-3 4.7786E-3 3.69251E-3 3.68246E-3 3.56514E-3
-9999 -9999 -9999 -9999 -9999 -9999 -9999 -9999 -9999 -9999 -9999 -9999 -9999 -9999 -9999 -9999 -9999 -9999 -9999 -9999 1.41222E-1 1.62869E-1 1.83563E-1 2.05746E-1 2.45957E-1 2.86454E-1 3.19614E-1 3.29835E-1 3.00814E-1 3.24487E-1 3.39576E-1 1.89258E-1 6.39668E-2 3.98818E-2 9.24631E-3 2.10841E-3 1.37989E-4 3.21353E-4 2.48951E-4 3.95822E-4 8.55849E-4 9.40352E-4 1.31686E-3 1.76019E-3 1.93208E-3 2.03512E-3 1.67119E-3 1.72249E-3 2.34019E-3 2.62706E-3 2.71214E-3 2.63893E-3 2.3706E-3 1.9638E-3 1.70095E-3 2.41533E-3 2.62341E-3 3.33097E-3 4.71293E-3 5.809E-3 5.17046E-3 3.01219E-3 1.17678E-3 5.18546E-4 1.80841E-3 5.30525E-3 2.69928E-3 4.17631E-3 5.1021E-3 4.27666E-3
-9999 -9999 -9999 -9999 -9999 -9999 -9999 -9999 -9999 -9999 -9999 -9999 -9999 -9999 -9999 -9999 -9999 -9999 -9999 -9999 -9999 1.49587E-1 1.7403E-1 1.95703E-1 2.27783E-1 2.77017E-1 3.13834E-1 3.46945E-1 3.78296E-1 3.87827E-1 4.0793E-1 3.64906E-1 1.77886E-1 1.22901E-1 1.06152E-1 2.66144E-3 8.47741E-4 3.81131E-4 2.28761E-4 8.66173E-4 8.68801E-4 1.09898E-3 4.26869E-4 1.14322E-3 1.95691E-3 1.79241E-3 1.75114E-3 1.84599E-3 2.338E-3 2.28529E-3 2.53811E-3 2.93514E-3 2.9854E-3 2.77243E-3 1.72718E-3 1.32564E-3 1.26079E-3 6.89365E-4 2.0446E-3 4.84109E-3 5.17046E-3 3.76201E-3 1.96641E-3 9.83665E-4 1.47279E-3 5.65466E-3 6.91291E-3 5.58931E-3 2.03001E-3 2.10886E-3
-9999 -9999 -9999 -9999 -9999 -9999 -9999 -9999 -9999 -9999 -9999 -9999 -9999 -9999 -9999 -9999 -9999 -9999 -9999 -9999 -9999 -9999 1.56292E-1 1.73428E-1 2.11003E-1 2.48088E-1 2.83026E-1 3.23219E-1 3.6304E-1 4.0519E-1 4.25424E-1 4.09044E-1 3.23967E-1 2.55017E-1 1.16515E-1 9.5101E-3 3.34611E-3 4.40262E-4 1.08102E-3 1.58448E-3 9.19154E-4 1.03762E-3 6.19493E-4 6.83272E-4 6.7314E-4 1.39944E-3 1.31254E-3 1.68344E-3 1.32E-3 2.19938E-3 2.75836E-3 2.91524E-3 3.35885E-3 3.08382E-3 1.83751E-3 7.4902E-4 7.22127E-4 9.14493E-4 1.42059E-3 3.64488E-3 4.5953E-3 4.41808E-3 2.88745E-3 6.91755E-4 5.96535E-4 3.49658E-3 7.45796E-3 6.67337E-3 2.40064E-3 1.70095E-3
-9999 -9999 -9999 -9999 -9999 -9999 -9999 -9999 -9999 -9999 -9999 -9999 -9999 -9999 -9999 -9999 -9999 -9999 -9999 -9999 -9999 -9999 1.43079E-1 1.57954E-1 1.83849E-1 2.14407E-1 2.49877E-1 2.93675E-1 3.35323E-1 3.84526E-1 4.33244E-1 4.72862E-1 4.0073E-1 2.75732E-1 1.66731E-1 1.05909E-1 2.10554E-2 2.79474E-3 3.69152E-4 3.58184E-3 9.63759E-4 4.03609E-4 6.30611E-4 6.12732E-4 5.19908E-4 6.79142E-4 1.19185E-3 1.15622E-3 8.18144E-4 2.32402E-3 3.17319E-3 3.47025E-3 3.41174E-3 3.03379E-3 1.97771E-3 9.9331E-4 4.83421E-4 4.52199E-4 5.92046E-4 1.9147E-3 3.45139E-3 3.81178E-3 3.71281E-3 2.72167E-3 1.28714E-3 2.13922E-3 6.92701E-3 7.3774E-3 4.45467E-3 2.7602E-3
-9999 -9999 -9999 -9999 -9999 -9999 -9999 -9999 -9999 -9999 -9999 -9999 -9999 -9999 -9999 -9999 -9999 -9999 -9999 -9999 -9999 -9999 -9999 1.42997E-1 1.60688E-1 1.86107E-1 2.18017E-1 2.46164E-1 2.9321E-1 3.47105E-1 4.00865E-1 4.3567E-1 4.37688E-1 2.75239E-1 1.83506E-1 8.79468E-2 2.47563E-2 9.52831E-3 6.32759E-3 3.60404E-3 3.04668E-3 6.86845E-4 2.16989E-4 6.63315E-4 5.99512E-4 3.26476E-4 4.12497E-4 1.03413E-3 1.09596E-3 1.30683E-3 1.83047E-3 2.92499E-3 2.92368E-3 3.01518E-3 2.44364E-3 1.75637E-3 1.0176E-3 5.16659E-4 1.79234E-4 4.57651E-4 8.43663E-4 1.89039E-3 2.86727E-3 3.70093E-3 2.94255E-3 3.29997E-3 6.03918E-3 7.7535E-3 6.35819E-3 2.90303E-3
-9999 -9999 -9999 -9999 -9999 -9999 -9999 -9999 -9999 -9999 -9999 -9999 -9999 -9999 -9999 -9999 -9999 -9999 -9999 -9999 -9999 -9999 -9999 1.25317E-1 1.43856E-1 1.5928E-1 1.79571E-1 2.01147E-1 2.43481E-1 2.90441E-1 3.51857E-1 3.9234E-1 3.97736E-1 3.33753E-1 2.10607E-1 1.33993E-1 3.22121E-3 1.33281E-2 3.86861E-2 1.71037E-2 1.15496E-2 2.66664E-3 2.77528E-3 1.35421E-3 5.35183E-4 4.59257E-4 2.52455E-4 4.97838E-4 9.46061E-4 9.01659E-4 1.32132E-3 2.52376E-3 2.44499E-3 2.8912E-3 3.27051E-3 2.93514E-3 2.17288E-3 1.51894E-3 4.41685E-4 2.33063E-4 1.04919E-4 6.44469E-4 2.12446E-3 3.1923E-3 3.00609E-3 1.86795E-3 2.62336E-3 6.86238E-3 7.49439E-3 5.20234E-3
-9999 -9999 -9999 -9999 -9999 -9999 -9999 -9999 -9999 -9999 -9999 -9999 -9999 -9999 -9999 -9999 -9999 -9999 -9999 -9999 -9999 -9999 9.70315E-2 1.08967E-1 1.22955E-1 1.37836E-1 1.50509E-1 1.61359E-1 1.92686E-1 2.43506E-1 3.00297E-1 3.44788E-1 3.7425E-1 3.43004E-1 2.91651E-1 1.7692E-1 3.7381E-2 1.38477E-3 3.7332E-3 1.05351E-2 6.10054E-3 1.14489E-3 1.83817E-3 7.28249E-4 3.77375E-4 5.07437E-4 2.37684E-4 4.02858E-4 6.3367E-4 6.90788E-4 8.7203E-4 1.56062E-3 2.20607E-3 2.53559E-3 2.39311E-3 3.504E-3 3.18426E-3 2.73739E-3 1.79945E-3 8.65178E-4 5.92732E-4 3.78423E-4 9.29627E-4 2.42863E-3 2.57247E-3 2.8125E-3 2.18144E-3 4.22125E-3 6.77362E-3 6.76712E-3
-9999 -9999 -9999 -9999 -9999 -9999 -9999 -9999 -9999 -9999 -9999 -9999 -9999 -9999 -9999 -9999 -9999 -9999 -9999 -9999 -9999 -9999 8.44276E-2 1.00381E-1 1.10631E-1 1.19493E-1 1.3523E-1 1.43011E-1 1.67155E-1 2.16605E-1 2.60528E-1 3.0509E-1 3.34602E-1 3.45031E-1 3.11528E-1 1.69081E-1 3.08964E-2 9.91813E-3 1.48934E-2 5.13522E-3 3.08428E-3 2.16887E-3 1.27192E-3 4.06012E-3 1.45778E-3 1.2893E-3 6.74624E-4 3.82901E-4 3.7074E-4 3.92323E-4 9.04519E-4 1.23266E-3 1.00554E-3 2.51556E-3 3.56141E-3 3.89521E-3 4.05434E-3 4.02481E-3 3.51152E-3 1.8883E-3 1.10249E-3 1.08053E-3 1.1234E-3 1.65356E-3 1.51894E-3 2.82805E-3 2.84194E-3 1.84258E-3 4.41748E-3 4.72241E-3
-9999 -9999 -9999 -9999 -9999 -9999 -9999 -9999 -9999 -9999 -9999 -9999 -9999 -9999 -9999 -9999 -9999 -9999 -9999 -9999 -9999 -9999 7.92707E-2 9.0498E-2 1.02856E-1 1.1432E-1 1.27377E-1 1.39482E-1 1.63276E-1 1.9783E-1 2.37302E-1 2.73079E-1 2.97909E-1 3.15945E-1 3.1912E-1 2.20234E-1 5.67043E-2 1.34161E-2 1.31703E-2 3.97458E-2 6.24308E-3 2.64187E-3 2.27949E-3 3.60958E-3 6.8971E-4 1.51563E-3 8.37302E-4 5.80566E-4 6.91464E-4 6.66644E-4 6.98341E-4 8.43284E-4 1.4754E-3 1.70275E-3 3.55032E-3 4.57223E-3 4.7642E-3 4.79202E-3 4.41081E-3 2.88585E-3 1.23916E-3 1.1829E-3 1.15557E-3 1.67267E-3 2.15021E-3 2.55916E-3 3.91423E-3 4.0861E-3 5.41457E-3 3.98574E-3
-9999 -9999 -9999 -9999 -9999 -9999 -9999 -9999 -9999 -9999 -9999 -9999 -9999 -9999 -9999 -9999 -9999 -9999 -9999 -9999 -9999 -9999 -9999 -9999 9.81798E-2 1.09891E-1 1.20864E-1 1.36001E-1 1.56912E-1 1.85221E-1 2.17895E-1 2.46534E-1 2.77958E-1 2.88071E-1 2.96705E-1 2.58063E-1 1.57963E-1 8.86777E-2 1.24857E-1 8.18312E-2 1.44141E-2 4.67155E-3 1.90856E-3 6.61645E-3 5.99952E-4 5.12936E-4 8.48596E-4 7.6482E-4 6.01872E-4 8.30408E-4 6.16366E-4 5.48829E-4 1.08501E-3 1.46032E-3 1.55461E-3 3.29522E-3 5.40473E-3 5.38359E-3 5.30609E-3 4.39015E-3 3.02854E-3 2.31084E-3 2.05059E-3 2.2048E-3 2.54071E-3 2.71839E-3 4.00645E-3 5.05625E-3 4.50594E-3 5.49747E-3
-9999 -9999 -9999 -9999 -9999 -9999 -9999 -9999 -9999 -9999 -9999 -9999 -9999 -9999 -9999 -9999 -9999 -9999 -9999 -9999 -9999 -9999 -9999 -9999 9.77867E-2 1.07899E-1 1.21501E-1 1.36737E-1 1.54402E-1 1.74711E-1 2.03258E-1 2.2684E-1 2.52735E-1 2.74777E-1 2.8447E-1 2.75601E-1 2.4723E-1 1.93307E-1 1.42316E-1 1.18708E-1 7.18625E-2 5.30489E-3 1.19899E-3 3.21621E-3 5.50692E-3 9.33874E-4 4.33032E-4 9.62113E-4 1.25153E-3 6.2928E-4 7.21926E-4 6.58355E-4 2.13237E-4 3.79257E-4 5.07737E-4 9.8586E-4 1.35617E-3 3.49341E-3 4.83937E-3 5.03602E-3 4.7515E-3 3.72322E-3 2.92499E-3 1.67119E-3 1.06443E-3 1.52888E-3 2.7594E-3 4.13815E-3 5.11623E-3 4.96138E-3
-9999 -9999 -9999 -9999 -9999 -9999 -9999 -9999 -9999 -9999 -9999 -9999 -9999 -9999 -9999 -9999 -9999 -9999 -9999 -9999 -9999 -9999 -9999 -9999 9.92201E-2 1.12031E-1 1.22105E-1 1.35102E-1 1.51457E-1 1.66777E-1 1.86604E-1 2.10531E-1 2.35772E-1 2.4963E-1 2.68363E-1 2.67586E-1 2.42303E-1 2.48895E-1 1.73814E-1 1.29636E-1 5.90834E-2 1.47779E-2 5.67177E-3 4.6011E-3 3.16651E-3 4.0272E-3 1.09673E-3 2.58592E-3 2.35457E-3 1.37174E-3 1.83369E-3 7.25179E-4 9.39972E-4 9.31753E-4 1.26036E-3 7.26382E-4 5.65219E-4 1.25534E-3 2.45233E-3 3.88938E-3 5.11306E-3 5.10536E-3 2.91355E-3 1.28185E-3 5.13693E-4 5.43936E-4 1.33169E-3 1.71237E-3 2.35063E-3 5.16431E-3
-9999 -9999 -9999 -9999 -9999 -9999 -9999 -9999 -9999 -9999 -9999 -9999 -9999 -9999 -9999 -9999 -9999 -9999 -9999 -9999 -9999 -9999 -9999 -9999 -9999 1.1359E-1 1.20492E-1 1.29365E-1 1.45301E-1 1.5648E-1 -9999 -9999 2.11997E-1 2.28342E-1 2.45035E-1 2.53275E-1 2.49511E-1 2.33045E-1 2.03439E-1 1.49889E-1 7.5989E-2 2.22481E-2 4.45707E-2 3.97225E-2 2.79121E-2 3.47394E-3 1.74855E-3 5.06231E-4 2.22172E-3 2.40865E-3 1.05478E-3 1.58008E-3 9.03282E-4 1.02115E-3 1.47026E-3 1.71886E-3 9.13484E-4 5.70289E-4 1.47109E-3 2.96808E-3 4.77947E-3 5.90795E-3 4.73254E-3 2.82306E-3 1.59978E-3 1.10778E-3 9.72717E-4 4.94816E-4 7.60372E-4 2.54394E-3
-9999 -9999 -9999 -9999 -9999 -9999 -9999 -9999 -9999 -9999 -9999 -9999 -9999 -9999 -9999 -9999 -9999 -9999 -9999 -9999 -9999 -9999 -9999 -9999 -9999 -9999 1.17263E-1 1.27112E-1 1.39285E-1 1.46521E-1 -9999 1.81096E-1 1.93589E-1 2.06418E-1 2.25341E-1 2.3593E-1 2.3527E-1 2.31114E-1 1.99391E-1 1.69194E-1 1.25608E-1 1.146E-1 8.35951E-2 7.67427E-2 6.11588E-2 2.86264E-2 4.56604E-3 1.68432E-3 1.83611E-3 5.1487E-3 5.5149E-3 2.6611E-3 1.49577E-3 1.13177E-3 2.35489E-3 3.58057E-3 2.53528E-3 1.22244E-3 7.3388E-4 1.1582E-3 3.41375E-3 6.60289E-3 6.81506E-3 5.2346E-3 3.79543E-3 2.60687E-3 2.12517E-3 1.1058E-3 1.05842E-3 2.48198E-3
-9999 -9999 -9999 -9999 -9999 -9999 -9999 -9999 -9999 -9999 -9999 -9999 -9999 -9999 -9999 -9999 -9999 -9999 -9999 -9999 -9999 -9999 -9999 -9999 -9999 -9999 -9999 1.2158E-1 1.30501E-1 1.39285E-1 -9999 -9999 -9999 1.86927E-1 -9999 -9999 -9999 2.24034E-1 2.00133E-1 1.52429E-1 1.33183E-1 1.11376E-1 8.69864E-2 5.30042E-2 5.48877E-2 3.67215E-2 1.05486E-2 8.13248E-3 4.6011E-3 4.20038E-3 1.05083E-2 1.09616E-2 6.24473E-3 3.92452E-3 5.10409E-3 3.95515E-3 2.31184E-3 2.2621E-3 1.74258E-3 1.08345E-3 2.05099E-3 4.81308E-3 6.67523E-3 6.67586E-3 5.91519E-3 4.60814E-3 3.73099E-3 3.26996E-3 3.03453E-3 2.25024E-3
-9999 -9999 -9999 -9999 -9999 -9999 -9999 -9999 -9999 -9999 -9999 -9999 -9999 -9999 -9999 -9999 -9999 -9999 -9999 -9999 -9999 -9999 -9999 -9999 -9999 -9999 -9999 -9999 -9999 -9999 -9999 -9999 -9999 -9999 -9999 -9999 -9999 2.02472E-1 1.98361E-1 1.76333E-1 1.48507E-1 1.23104E-1 9.44135E-2 5.66657E-2 5.37422E-2 3.81689E-2 4.07457E-3 5.79622E-3 5.344E-3 3.65773E-3 1.05767E-2 1.46958E-2 1.39669E-2 9.94405E-3 5.1068E-3 4.30384E-3 5.07763E-3 2.3373E-3 1.88302E-3 1.94645E-3 2.79116E-3 4.51522E-3 6.2078E-3 6.37149E-3 5.76174E-3 5.14909E-3 4.58193E-3 3.8797E-3 3.69942E-3 2.54777E-3
-9999 -9999 -9999 -9999 -9999 -9999 -9999 -9999 -9999 -9999 -9999 -9999 -9999 -9999 -9999 -9999 -9999 -9999 -9999 -9999 -9999 -9999 -9999 -9999 -9999 -9999 -9999 -9999 -9999 -9999 -9999 -9999 -9999 -9999 -9999 -9999 -9999 -9999 1.75717E-1 1.7831E-1 1.61495E-1 1.46313E-1 1.2965E-1 1.09996E-1 7.49948E-2 6.70859E-2 2.56916E-2 3.12257E-3 4.81896E-3 3.20798E-3 7.76617E-3 9.2517E-3 1.11114E-2 1.49185E-2 1.15697E-2 1.20568E-2 1.081E-2 1.0938E-2 1.03796E-2 6.72788E-3 3.69363E-3 5.38497E-3 6.26466E-3 5.04521E-3 3.69465E-3 4.56969E-3 5.24518E-3 5.50645E-3 4.85099E-3 3.94332E-3
-9999 -9999 -9999 -9999 -9999 -9999 -9999 -9999 -9999 -9999 -9999 -9999 -9999 -9999 -9999 -9999 -9999 -9999 -9999 -9999 -9999 -9999 -9999 -9999 -9999 -9999 -9999 -9999 -9999 -9999 -9999 -9999 -9999 -9999 -9999 -9999 -9999 -9999 -9999 1.703E-1 1.66638E-1 1.57045E-1 1.51135E-1 1.26903E-1 1.03621E-1 6.35816E-2 5.97265E-2 1.22905E-2 2.63416E-3 8.69811E-3 1.12324E-2 1.90106E-2 1.40474E-2 1.29837E-2 1.47204E-2 1.50516E-2 1.38905E-2 1.06116E-2 9.84433E-3 8.8005E-3 9.88185E-3 3.50294E-3 4.9168E-3 2.83833E-3 3.77759E-3 4.36147E-3 4.73506E-3 5.93287E-3 6.01341E-3 5.30127E-3
