KUENM_DEFAULT/Final_Models2/M_1_F_lqpth_Set_1_NE/sp1_se_asia.asc
ncols         320
nrows         243
xllcorner     44.0
yllcorner     -0.666666666666667
cellsize      0.166666666666667
NODATA_value  -9999
[rows 62 to 92 of 243, columns 70 to 139 of 320]
2.14327E-6 1.96817E-6 2.41741E-6 2.1523E-6 1.97168E-6 4.29403E-6 3.84546E-6 3.83549E-6 3.8002E-6 3.56063E-6 1.71497E-6 1.82184E-6 1.8875E-6 1.47864E-6 1.50566E-6 1.61953E-6 1.99048E-6 4.83761E-6 5.11752E-6 5.39729E-6 5.77084E-6 6.11103E-6 6.19331E-6 6.35134E-6 6.24793E-6 1.96762E-6 1.39767E-6 1.43589E-6 1.41423E-6 1.17184E-6 1.43201E-6 1.7224E-6 1.61901E-6 1.44939E-6 1.80117E-6 2.66324E-6 2.8655E-6 2.60945E-6 2.49587E-6 2.43819E-6 2.44014E-6 2.07588E-6 2.04749E-6 2.09562E-6 1.96207E-6 1.7778E-6 1.46299E-6 1.51709E-6 1.51033E-6 1.59822E-6 1.70891E-6 1.87486E-6 2.44587E-6 3.25166E-6 4.4049E-6 4.87357E-6 5.24008E-6 5.93376E-6 6.42744E-6 1.47786E-5 1.55969E-5 7.35938E-6 5.57431E-6 4.71045E-6 3.1859E-6 3.19658E-6 2.28459E-6 2.35124E-6 2.91751E-6 4.35453E-6
2.20994E-6 2.14053E-6 2.79577E-6 2.48081E-6 2.17737E-6 2.11319E-6 2.01092E-6 2.04242E-6 2.00061E-6 4.01043E-6 1.75936E-6 1.70487E-6 1.7673E-6 1.51258E-6 1.57093E-6 1.53676E-6 1.81439E-6 1.94008E-6 4.85087E-6 5.23809E-6 5.67165E-6 6.06142E-6 6.3634E-6 6.28324E-6 6.19483E-6 2.50586E-6 1.77875E-6 1.64734E-6 1.62494E-6 1.34718E-6 1.37433E-6 1.33393E-6 1.60182E-6 1.98127E-6 1.53499E-6 2.18619E-6 2.51322E-6 2.38248E-6 2.23196E-6 2.25533E-6 2.01019E-6 1.71006E-6 1.49185E-6 1.86447E-6 2.11441E-6 1.9875E-6 1.8119E-6 1.95066E-6 1.82445E-6 1.90787E-6 1.99341E-6 2.44042E-6 2.97525E-6 3.67542E-6 4.28538E-6 4.80228E-6 5.19697E-6 5.66719E-6 6.24335E-6 1.44611E-5 6.69614E-6 6.10306E-6 5.29695E-6 4.05664E-6 2.73018E-6 2.41106E-6 2.04809E-6 2.07192E-6 3.46722E-6 3.98676E-6
2.26206E-6 2.21975E-6 2.10636E-6 2.64843E-6 2.50275E-6 2.49149E-6 2.49967E-6 2.46485E-6 2.3207E-6 1.88255E-6 4.19203E-6 3.91806E-6 1.96994E-6 1.93913E-6 1.51409E-6 1.56698E-6 1.70652E-6 1.92962E-6 2.12598E-6 5.04943E-6 5.51668E-6 6.06844E-6 6.26906E-6 6.17294E-6 6.79541E-6 2.64512E-6 1.52311E-6 1.78956E-6 1.77844E-6 1.61089E-6 1.37595E-6 1.20817E-6 1.5653E-6 2.29954E-6 2.33675E-6 2.3488E-6 2.41665E-6 2.40092E-6 2.30301E-6 2.20857E-6 1.99398E-6 1.90134E-6 1.51374E-6 1.7995E-6 2.46457E-6 2.40385E-6 2.33619E-6 2.37206E-6 2.24278E-6 2.40759E-6 2.60146E-6 2.73593E-6 3.15962E-6 3.63328E-6 4.17803E-6 4.72661E-6 5.16128E-6 5.4797E-6 5.85717E-6 5.53169E-6 5.34425E-6 6.54705E-6 4.82886E-6 2.59141E-6 2.49072E-6 1.92095E-6 1.5924E-6 1.97366E-6 2.95568E-6 5.27461E-6
3.05757E-6 2.19517E-6 2.70901E-6 2.89152E-6 2.52646E-6 2.56655E-6 2.48822E-6 2.5325E-6 1.84283E-6 1.78299E-6 1.73462E-6 2.28111E-6 1.66503E-6 1.89524E-6 1.91659E-6 1.53067E-6 1.69464E-6 2.01376E-6 2.0652E-6 5.01424E-6 5.49676E-6 6.08423E-6 6.12084E-6 6.23667E-6 6.78789E-6 6.77208E-6 2.01468E-6 1.78368E-6 1.88436E-6 1.64608E-6 1.30708E-6 1.26868E-6 1.64642E-6 2.07299E-6 2.55821E-6 2.95045E-6 2.75189E-6 2.77719E-6 2.79405E-6 2.7588E-6 2.60115E-6 2.43739E-6 2.36417E-6 2.59674E-6 5.90763E-6 2.78952E-6 2.74486E-6 2.69069E-6 2.70836E-6 2.83706E-6 2.89246E-6 3.08383E-6 3.34644E-6 3.74509E-6 4.15572E-6 4.35415E-6 4.03393E-6 4.21122E-6 4.53701E-6 5.43045E-6 5.46163E-6 5.29103E-6 3.37093E-6 2.55079E-6 2.28503E-6 1.67693E-6 1.44384E-6 2.48726E-6 5.66937E-6 7.24413E-6
3.2525E-6 2.32003E-6 2.27686E-6 3.06704E-6 5.59991E-6 2.58616E-6 2.51792E-6 2.34966E-6 2.49998E-6 2.47782E-6 1.77256E-6 2.05249E-6 2.10369E-6 2.17466E-6 1.88196E-6 1.89385E-6 1.60301E-6 1.82104E-6 2.10571E-6 5.10948E-6 5.67643E-6 5.96182E-6 6.36422E-6 6.51776E-6 6.84523E-6 3.10103E-6 2.27647E-6 1.77525E-6 1.96379E-6 1.69419E-6 1.32048E-6 1.50352E-6 1.3467E-6 1.66394E-6 1.97337E-6 2.66518E-6 3.03365E-6 2.985E-6 6.87123E-6 6.76159E-6 6.49875E-6 6.54034E-6 6.47231E-6 6.70475E-6 6.90046E-6 6.92582E-6 6.79292E-6 3.1444E-6 3.19226E-6 3.19551E-6 3.19693E-6 3.11873E-6 3.19836E-6 3.34963E-6 3.16768E-6 2.79141E-6 3.04244E-6 3.82692E-6 5.3875E-6 8.1569E-6 7.7248E-6 4.48426E-6 2.97013E-6 2.73016E-6 2.39976E-6 1.68616E-6 2.18997E-6 2.38107E-6 4.55496E-6 8.99247E-6
2.66745E-6 2.68645E-6 2.64278E-6 2.42882E-6 2.28569E-6 2.26289E-6 2.79258E-6 2.40185E-6 2.47318E-6 2.52348E-6 1.81767E-6 2.13615E-6 5.23537E-6 2.00747E-6 2.22276E-6 1.931E-6 2.08683E-6 1.68925E-6 2.00471E-6 2.3618E-6 5.73916E-6 6.14873E-6 6.39401E-6 6.65821E-6 6.75012E-6 3.18587E-6 2.74911E-6 1.8983E-6 2.14616E-6 1.96971E-6 1.69444E-6 1.84657E-6 1.30363E-6 1.47705E-6 1.8955E-6 2.54817E-6 3.3434E-6 7.17231E-6 7.07536E-6 7.47908E-6 7.16709E-6 7.28626E-6 7.35654E-6 7.63239E-6 7.63679E-6 7.62753E-6 7.74784E-6 7.64382E-6 7.60817E-6 3.37973E-6 2.77997E-6 2.42826E-6 2.51691E-6 2.97816E-6 3.31594E-6 3.5743E-6 4.72516E-6 1.23517E-5 1.71366E-5 1.8042E-5 6.74989E-6 3.93434E-6 3.18356E-6 3.2149E-6 2.1338E-6 1.80746E-6 3.33039E-6 3.38663E-6 6.01484E-6 2.50153E-5
2.85187E-6 2.85024E-6 2.87558E-6 2.85088E-6 2.74717E-6 2.49425E-6 2.20737E-6 2.87465E-6 2.70758E-6 2.01794E-6 2.17676E-6 2.30019E-6 5.39473E-6 5.07564E-6 2.09448E-6 1.72162E-6 2.17323E-6 1.62712E-6 1.9416E-6 2.32176E-6 2.56582E-6 5.80242E-6 2.81879E-6 6.50636E-6 3.04869E-6 2.95176E-6 3.11001E-6 2.49913E-6 2.32079E-6 2.30514E-6 2.13461E-6 1.85927E-6 1.86095E-6 1.99198E-6 2.17461E-6 1.79189E-6 2.53804E-6 3.38767E-6 7.74472E-6 7.95829E-6 7.94935E-6 7.75207E-6 7.98672E-6 8.27761E-6 8.45793E-6 8.36047E-6 8.38977E-6 8.52868E-6 8.24744E-6 3.48382E-6 3.05046E-6 3.40571E-6 3.76376E-6 4.10773E-6 4.57121E-6 1.10214E-5 1.58746E-5 1.68727E-5 1.70656E-5 7.81075E-6 5.87267E-6 3.6041E-6 3.7131E-6 3.50311E-6 2.61618E-6 4.50601E-6 4.7738E-6 4.76014E-6 7.68533E-6 2.70632E-5
3.22128E-6 3.16415E-6 2.9979E-6 2.97924E-6 2.76453E-6 2.6835E-6 2.39828E-6 2.86015E-6 2.22935E-6 2.39992E-6 2.56658E-6 2.53891E-6 5.59818E-6 5.35537E-6 2.30974E-6 2.19049E-6 2.00071E-6 2.04184E-6 2.01584E-6 2.20459E-6 2.3215E-6 2.38328E-6 2.56583E-6 2.93285E-6 2.91628E-6 2.60182E-6 2.94058E-6 3.09346E-6 2.41508E-6 2.28405E-6 2.37615E-6 2.33481E-6 2.2717E-6 2.35882E-6 2.43424E-6 2.28864E-6 1.9565E-6 2.48993E-6 3.02606E-6 7.54111E-6 8.44387E-6 8.82092E-6 8.85932E-6 8.90356E-6 8.98084E-6 8.85157E-6 8.77716E-6 8.59056E-6 8.88816E-6 9.16838E-6 9.28731E-6 9.22997E-6 9.50345E-6 1.00102E-5 1.4372E-5 1.52376E-5 1.6052E-5 1.67056E-5 7.57224E-6 6.8419E-6 5.25146E-6 3.97264E-6 4.12571E-6 3.56148E-6 3.84727E-6 4.89094E-6 4.36854E-6 5.92759E-6 7.85561E-6 1.12201E-5
3.49858E-6 3.05363E-6 2.86018E-6 2.98391E-6 2.78673E-6 2.57221E-6 3.42847E-6 2.29259E-6 2.59181E-6 2.76829E-6 2.5508E-6 2.39606E-6 5.4834E-6 5.79255E-6 5.56504E-6 5.38659E-6 5.39275E-6 5.39928E-6 2.41607E-6 2.10142E-6 2.21727E-6 2.36991E-6 2.21362E-6 2.725E-6 2.84998E-6 2.10365E-6 2.82719E-6 3.09476E-6 3.00023E-6 2.25487E-6 2.53252E-6 2.69128E-6 2.60404E-6 2.58833E-6 2.63183E-6 2.03479E-6 2.05308E-6 2.22517E-6 2.30229E-6 3.01636E-6 8.30747E-6 8.69008E-6 9.44514E-6 9.33102E-6 9.15137E-6 9.12889E-6 9.12425E-6 9.03401E-6 9.25758E-6 9.22515E-6 1.31988E-5 1.32451E-5 1.34505E-5 1.41063E-5 1.42617E-5 1.53256E-5 1.54452E-5 6.91003E-6 6.69454E-6 5.01689E-6 4.75969E-6 3.79914E-6 4.15186E-6 4.20849E-6 5.00976E-6 6.22909E-6 7.51891E-6 7.69652E-6 1.0247E-5 1.099E-5
3.35131E-6 3.16611E-6 2.83108E-6 3.55783E-6 3.56532E-6 2.6816E-6 2.85095E-6 2.86981E-6 6.30639E-6 6.34298E-6 5.94931E-6 5.70267E-6 5.8765E-6 5.97025E-6 5.95768E-6 6.09064E-6 5.94134E-6 5.96471E-6 6.10505E-6 6.03959E-6 2.7487E-6 2.9017E-6 3.001E-6 2.91997E-6 2.98379E-6 2.67525E-6 2.72889E-6 3.77457E-6 2.76992E-6 3.48101E-6 2.85662E-6 2.76621E-6 2.79429E-6 2.49252E-6 2.51885E-6 2.5398E-6 2.94877E-6 2.88797E-6 2.53496E-6 3.44177E-6 3.07251E-6 8.51649E-6 9.4281E-6 9.77558E-6 9.41774E-6 1.36019E-5 1.33665E-5 1.31919E-5 1.28996E-5 1.2836E-5 1.31756E-5 1.38574E-5 1.37785E-5 1.37508E-5 1.42654E-5 1.51209E-5 6.73997E-6 6.16722E-6 4.89947E-6 4.08503E-6 4.74735E-6 4.05809E-6 4.10255E-6 4.37571E-6 5.2992E-6 6.7681E-6 5.20324E-6 9.30623E-6 8.54282E-6 1.10005E-5
3.52166E-6 3.20917E-6 3.28669E-6 3.31229E-6 3.27465E-6 3.18512E-6 3.0827E-6 3.08164E-6 6.85335E-6 6.70985E-6 6.18785E-6 2.6373E-6 2.64134E-6 6.10918E-6 6.29982E-6 6.3178E-6 6.27328E-6 6.43837E-6 6.82657E-6 6.9868E-6 7.29016E-6 7.48666E-6 7.55422E-6 3.2974E-6 3.56155E-6 3.77413E-6 9.37586E-6 1.03822E-5 3.99521E-6 3.59546E-6 3.51681E-6 3.34503E-6 2.95292E-6 3.1982E-6 2.80686E-6 3.74468E-6 3.80788E-6 3.63297E-6 2.45726E-6 3.32439E-6 3.9308E-6 5.12793E-6 1.22684E-5 1.22907E-5 1.29241E-5 1.32694E-5 1.33172E-5 1.29882E-5 1.26596E-5 1.27746E-5 1.3526E-5 1.37946E-5 1.39828E-5 1.39612E-5 6.50096E-6 5.92497E-6 5.69376E-6 4.73062E-6 3.67329E-6 3.90123E-6 4.49731E-6 4.54603E-6 5.33242E-6 6.31343E-6 5.90179E-6 7.65638E-6 1.01158E-5 9.93184E-6 1.0638E-5 1.04373E-5
7.94464E-6 8.34898E-6 7.93916E-6 8.01172E-6 7.72884E-6 7.82498E-6 3.48625E-6 7.52226E-6 6.98536E-6 6.64184E-6 6.61324E-6 6.26046E-6 2.73437E-6 6.31464E-6 6.36049E-6 6.39407E-6 6.65617E-6 6.70286E-6 6.92221E-6 7.19696E-6 7.4897E-6 7.87275E-6 8.63804E-6 9.02829E-6 9.5819E-6 1.02116E-5 1.12607E-5 1.21345E-5 1.12892E-5 1.07998E-5 4.52706E-6 4.08643E-6 3.43483E-6 3.68376E-6 3.43521E-6 4.55794E-6 4.45638E-6 3.87273E-6 3.85173E-6 3.31111E-6 4.02401E-6 4.79766E-6 5.53009E-6 1.23431E-5 1.14321E-5 1.19771E-5 1.25256E-5 1.26287E-5 1.28867E-5 1.29674E-5 1.28968E-5 1.22214E-5 5.2483E-6 5.00516E-6 5.40725E-6 4.4725E-6 3.75177E-6 3.73026E-6 3.56479E-6 4.094E-6 4.97571E-6 5.17211E-6 5.10974E-6 6.24681E-6 5.10473E-6 6.26953E-6 8.73432E-6 7.43846E-6 7.68707E-6 9.04624E-6
7.80963E-6 8.31359E-6 3.62854E-6 8.2058E-6 9.14253E-6 9.33618E-6 9.15011E-6 8.62506E-6 7.82692E-6 7.64051E-6 6.72329E-6 6.94422E-6 6.15523E-6 6.56219E-6 6.32811E-6 6.43818E-6 6.4536E-6 6.8051E-6 6.84145E-6 7.26497E-6 7.51328E-6 8.15165E-6 8.79705E-6 9.47527E-6 1.03415E-5 1.13132E-5 1.2529E-5 1.3368E-5 1.41717E-5 1.17579E-5 1.35891E-5 1.20553E-5 4.74066E-6 4.01518E-6 3.42295E-6 4.56927E-6 5.01801E-6 4.67771E-6 4.02104E-6 4.44987E-6 3.87363E-6 3.77948E-6 4.72503E-6 4.93329E-6 4.92848E-6 4.88702E-6 5.35602E-6 5.72537E-6 5.48521E-6 5.30845E-6 5.15388E-6 4.78738E-6 4.70885E-6 3.98882E-6 3.53401E-6 3.65119E-6 4.00911E-6 3.61215E-6 4.03563E-6 3.93159E-6 4.96772E-6 4.86467E-6 5.218E-6 5.85071E-6 5.43485E-6 4.69414E-6 8.02451E-6 9.32219E-6 9.17158E-6 1.0604E-5
7.88503E-6 8.35406E-6 9.10718E-6 9.6649E-6 9.65902E-6 9.49657E-6 9.34379E-6 9.10447E-6 8.48751E-6 7.8632E-6 7.33213E-6 6.66692E-6 6.22258E-6 5.95049E-6 6.21914E-6 6.32569E-6 6.60836E-6 6.73973E-6 6.87525E-6 7.18251E-6 7.61421E-6 8.07892E-6 8.67515E-6 9.23522E-6 1.0201E-5 1.13206E-5 1.252E-5 1.45084E-5 1.58056E-5 1.71757E-5 1.83637E-5 1.51091E-5 4.72421E-6 4.58976E-6 4.54522E-6 3.86047E-6 4.5487E-6 5.01546E-6 5.09344E-6 4.69263E-6 5.07795E-6 4.39884E-6 3.86865E-6 3.49464E-6 3.59799E-6 4.19386E-6 5.05708E-6 4.97688E-6 4.66271E-6 4.74079E-6 4.30436E-6 4.02941E-6 3.5918E-6 3.94696E-6 4.2451E-6 4.05877E-6 4.03453E-6 4.6072E-6 4.34075E-6 3.87743E-6 4.92522E-6 5.77193E-6 6.59088E-6 5.66287E-6 5.55339E-6 5.19719E-6 6.79604E-6 9.55636E-6 9.57848E-6 2.83924E-5
8.0512E-6 8.67974E-6 -9999 -9999 -9999 -9999 -9999 9.25886E-6 8.53051E-6 8.00861E-6 7.55648E-6 6.66755E-6 2.56907E-6 2.60452E-6 2.69297E-6 5.87844E-6 6.19179E-6 6.523E-6 6.68868E-6 7.07194E-6 7.40995E-6 7.70368E-6 8.33313E-6 9.11012E-6 9.78442E-6 1.07692E-5 1.1623E-5 1.30137E-5 1.47794E-5 1.69269E-5 1.66089E-5 1.22671E-5 5.2391E-6 4.69211E-6 4.3799E-6 4.76767E-6 4.82654E-6 4.97781E-6 5.15845E-6 5.30641E-6 5.3232E-6 5.39087E-6 5.54398E-6 5.51871E-6 5.526E-6 5.78069E-6 5.90548E-6 5.53216E-6 5.04074E-6 4.36417E-6 4.07609E-6 4.21771E-6 4.14085E-6 4.16549E-6 3.81951E-6 4.28279E-6 5.16355E-6 5.17625E-6 4.83E-6 5.94752E-6 4.30667E-6 7.47394E-6 5.92455E-6 5.81167E-6 6.60074E-6 6.39944E-6 7.58307E-6 8.97629E-6 1.10528E-5 2.66666E-5
-9999 -9999 9.12517E-6 -9999 -9999 -9999 -9999 -9999 8.84097E-6 8.13799E-6 7.4567E-6 3.07771E-6 3.4946E-6 3.29363E-6 3.44495E-6 3.40529E-6 2.56644E-6 2.69017E-6 6.05449E-6 6.39279E-6 6.85372E-6 7.24312E-6 7.41553E-6 8.04983E-6 8.64147E-6 9.3735E-6 9.9908E-6 1.10203E-5 1.08023E-5 1.04765E-5 4.46991E-6 5.38195E-6 4.40497E-6 4.54024E-6 4.34088E-6 4.26502E-6 4.42277E-6 4.67553E-6 4.89576E-6 5.04142E-6 5.03161E-6 5.06834E-6 4.85843E-6 4.93843E-6 5.35246E-6 5.59572E-6 5.69936E-6 5.69319E-6 5.40605E-6 5.01865E-6 4.69528E-6 4.05903E-6 4.16189E-6 4.1067E-6 4.57909E-6 4.76374E-6 4.87892E-6 5.40182E-6 6.37007E-6 4.92143E-6 7.59251E-6 6.49524E-6 7.00438E-6 5.82908E-6 7.10566E-6 7.58075E-6 7.95591E-6 9.1263E-6 1.12834E-5 3.47467E-5
7.80108E-6 8.5168E-6 -9999 -9999 -9999 -9999 -9999 -9999 8.85363E-6 8.054E-6 7.36484E-6 2.95517E-6 3.39303E-6 3.52975E-6 3.43488E-6 3.39344E-6 3.41136E-6 3.45195E-6 2.57983E-6 2.75281E-6 6.31331E-6 3.00744E-6 2.9016E-6 3.17187E-6 3.49723E-6 3.64985E-6 3.7238E-6 3.81323E-6 4.89524E-6 4.22591E-6 4.04961E-6 4.30818E-6 5.05659E-6 5.48505E-6 5.49354E-6 5.35916E-6 5.40577E-6 5.72109E-6 6.76891E-6 6.02017E-6 4.98216E-6 5.13044E-6 5.60258E-6 5.65713E-6 5.37803E-6 5.59854E-6 5.52582E-6 5.84457E-6 5.56842E-6 5.19717E-6 4.78208E-6 4.54754E-6 4.14358E-6 4.20392E-6 4.43323E-6 4.96025E-6 5.41026E-6 5.00923E-6 7.02614E-6 7.60893E-6 9.46614E-6 5.93301E-6 8.34346E-6 6.77565E-6 1.06694E-5 7.29415E-6 8.89332E-6 1.0821E-5 1.1894E-5 3.67859E-5
-9999 -9999 -9999 -9999 -9999 -9999 -9999 -9999 -9999 7.99846E-6 7.25043E-6 6.54215E-6 3.5188E-6 3.61759E-6 3.52964E-6 3.60273E-6 2.54375E-6 3.58952E-6 2.6113E-6 2.65577E-6 2.72479E-6 2.61847E-6 2.72904E-6 3.01728E-6 3.05602E-6 3.93134E-6 4.03814E-6 3.77852E-6 3.75944E-6 4.5582E-6 5.431E-6 4.84972E-6 4.54898E-6 5.51522E-6 5.02869E-6 5.02598E-6 5.81436E-6 6.52241E-6 7.09977E-6 1.85701E-5 1.7683E-5 1.7208E-5 7.22294E-6 6.5557E-6 6.12521E-6 6.03658E-6 5.92213E-6 5.69871E-6 5.62649E-6 5.20519E-6 4.68335E-6 4.62494E-6 4.57569E-6 4.64628E-6 4.90594E-6 5.43954E-6 6.16505E-6 7.98351E-6 8.8206E-6 9.42918E-6 2.41207E-5 1.07306E-5 1.09048E-5 2.86415E-5 3.905E-5 1.11238E-5 1.04434E-5 1.32098E-5 3.08572E-5 3.71008E-5
-9999 -9999 -9999 -9999 -9999 -9999 -9999 -9999 8.74152E-6 8.25123E-6 7.29898E-6 2.91403E-6 3.73786E-6 2.68434E-6 2.62002E-6 3.45213E-6 2.54328E-6 5.67811E-6 5.6543E-6 5.83482E-6 5.97749E-6 6.06007E-6 6.26886E-6 6.54498E-6 3.05872E-6 3.09175E-6 3.27236E-6 3.18201E-6 4.6243E-6 4.73616E-6 5.34383E-6 5.11286E-6 5.28112E-6 1.37036E-5 6.18832E-6 1.44955E-5 1.57973E-5 1.6432E-5 1.77577E-5 2.1208E-5 7.39753E-6 7.20112E-6 1.77708E-5 1.79733E-5 1.80627E-5 1.74142E-5 1.57065E-5 1.503E-5 6.37545E-6 6.11739E-6 5.91347E-6 5.62746E-6 5.41349E-6 4.85087E-6 4.76717E-6 6.4692E-6 1.71829E-5 1.92406E-5 2.13826E-5 2.43995E-5 3.06314E-5 2.94086E-5 1.2055E-5 4.71643E-5 4.87648E-5 1.25272E-5 1.03846E-5 3.60628E-5 3.49508E-5 3.40134E-5
-9999 -9999 -9999 -9999 -9999 -9999 -9999 -9999 -9999 8.10057E-6 7.21572E-6 2.8258E-6 6.02788E-6 5.75342E-6 5.55915E-6 2.55166E-6 5.56272E-6 5.60389E-6 5.5934E-6 5.74155E-6 5.97551E-6 6.18322E-6 6.26227E-6 6.53834E-6 6.68705E-6 6.64861E-6 6.85741E-6 7.14741E-6 7.19177E-6 7.55853E-6 8.18754E-6 1.15696E-5 1.2656E-5 1.33049E-5 1.52986E-5 1.62442E-5 1.76747E-5 2.07357E-5 2.18722E-5 2.33889E-5 2.15532E-5 1.92399E-5 2.06028E-5 2.17703E-5 2.19471E-5 1.96468E-5 1.89439E-5 1.66344E-5 1.44035E-5 1.37844E-5 6.10162E-6 5.66107E-6 5.16244E-6 5.98933E-6 6.82008E-6 7.1043E-6 7.30981E-6 2.0198E-5 2.24812E-5 2.59193E-5 3.24526E-5 3.08853E-5 3.34661E-5 6.82863E-5 6.29007E-5 4.06584E-5 1.17555E-5 1.5229E-5 3.7076E-5 3.71565E-5
-9999 -9999 -9999 -9999 -9999 -9999 -9999 -9999 -9999 7.71512E-6 6.98646E-6 6.21746E-6 5.83763E-6 5.81047E-6 5.39189E-6 3.48832E-6 5.43377E-6 5.52249E-6 5.43858E-6 5.61395E-6 5.66098E-6 5.76989E-6 5.81109E-6 6.06155E-6 6.22711E-6 6.30526E-6 6.47497E-6 6.59892E-6 6.91055E-6 7.23326E-6 9.97724E-6 1.07246E-5 1.15419E-5 1.20348E-5 1.3702E-5 1.57637E-5 1.76148E-5 2.1433E-5 2.28046E-5 2.30117E-5 2.37941E-5 2.56901E-5 2.67434E-5 2.80325E-5 2.74817E-5 2.17325E-5 1.94216E-5 1.58437E-5 6.13194E-6 6.27303E-6 6.1773E-6 6.11439E-6 1.39481E-5 1.41109E-5 6.45551E-6 6.77174E-6 1.7268E-5 2.07949E-5 2.35002E-5 2.07663E-5 2.65837E-5 3.2713E-5 3.4333E-5 5.29693E-5 6.62711E-5 5.37461E-5 3.50889E-5 3.77105E-5 3.87055E-5 3.52245E-5
-9999 -9999 -9999 -9999 -9999 -9999 -9999 -9999 -9999 -9999 6.59081E-6 6.06134E-6 5.72383E-6 5.54657E-6 5.52485E-6 5.45755E-6 5.48941E-6 5.45449E-6 5.38551E-6 5.47671E-6 5.50987E-6 5.44892E-6 5.49863E-6 5.71442E-6 5.64856E-6 5.82991E-6 5.68333E-6 5.94252E-6 6.22079E-6 6.60676E-6 6.75487E-6 7.30419E-6 7.72796E-6 8.2214E-6 1.29102E-5 1.3895E-5 1.52549E-5 1.6679E-5 2.00092E-5 2.06372E-5 2.20503E-5 2.37265E-5 2.55125E-5 2.77521E-5 2.81847E-5 2.18411E-5 1.66519E-5 1.49969E-5 6.12515E-6 5.96749E-6 5.10571E-6 5.33782E-6 6.05323E-6 6.15156E-6 1.47341E-5 1.61756E-5 1.93684E-5 2.18367E-5 2.07971E-5 2.50343E-5 2.90817E-5 2.9365E-5 3.05134E-5 4.99849E-5 5.66984E-5 5.65998E-5 4.53383E-5 3.4553E-5 3.93797E-5 3.82935E-5
-9999 -9999 -9999 -9999 -9999 -9999 -9999 -9999 -9999 -9999 -9999 5.98866E-6 5.55756E-6 5.42371E-6 5.23585E-6 5.42637E-6 5.40946E-6 5.31291E-6 5.32209E-6 5.30849E-6 5.32871E-6 5.40025E-6 5.19275E-6 5.14403E-6 5.065E-6 5.07028E-6 5.24786E-6 5.30416E-6 5.43299E-6 5.54303E-6 5.84294E-6 6.37768E-6 6.85744E-6 7.29123E-6 7.85034E-6 1.19708E-5 1.28078E-5 1.44419E-5 1.62809E-5 1.7266E-5 1.84389E-5 2.09738E-5 2.16715E-5 2.24172E-5 2.21753E-5 1.9165E-5 1.68971E-5 1.53011E-5 1.36877E-5 1.27599E-5 1.21766E-5 1.33258E-5 1.34785E-5 1.33595E-5 1.46436E-5 1.60007E-5 1.82472E-5 2.0068E-5 2.21876E-5 2.19101E-5 2.37297E-5 2.75957E-5 3.21994E-5 3.9684E-5 4.64714E-5 4.94267E-5 4.3504E-5 3.62018E-5 3.19362E-5 3.56608E-5
-9999 -9999 -9999 -9999 -9999 -9999 -9999 -9999 -9999 -9999 -9999 -9999 -9999 -9999 5.25893E-6 5.34534E-6 -9999 -9999 5.30214E-6 5.17022E-6 5.02773E-6 5.04023E-6 4.981E-6 4.88531E-6 4.78795E-6 4.81354E-6 4.83426E-6 4.70582E-6 4.86139E-6 4.85563E-6 5.03568E-6 5.34925E-6 5.80206E-6 6.37011E-6 6.68341E-6 7.18291E-6 7.6492E-6 1.23752E-5 1.28293E-5 1.35742E-5 1.37242E-5 1.57855E-5 1.71282E-5 1.67114E-5 1.57317E-5 1.53138E-5 1.41825E-5 1.28782E-5 1.18939E-5 1.17226E-5 1.22434E-5 1.29602E-5 1.36848E-5 1.24131E-5 1.31002E-5 1.45576E-5 1.63262E-5 1.61093E-5 1.87036E-5 2.15444E-5 2.33848E-5 2.47577E-5 2.87049E-5 -9999 -9999 3.28096E-5 3.17822E-5 3.2086E-5 3.02113E-5 3.41698E-5
-9999 -9999 -9999 -9999 -9999 -9999 -9999 -9999 -9999 -9999 -9999 -9999 -9999 -9999 -9999 -9999 -9999 -9999 -9999 -9999 4.91445E-6 -9999 -9999 4.71945E-6 4.59247E-6 4.51555E-6 4.40154E-6 4.33403E-6 4.45594E-6 -9999 4.4162E-6 4.62321E-6 4.92281E-6 5.52029E-6 5.81916E-6 6.16031E-6 6.50077E-6 6.99998E-6 1.06288E-5 1.12848E-5 1.19107E-5 1.2017E-5 1.35317E-5 1.33737E-5 1.29976E-5 1.23425E-5 1.13914E-5 7.84801E-6 7.8953E-6 8.23002E-6 8.5821E-6 8.81353E-6 9.24534E-6 9.25519E-6 1.02975E-5 1.48902E-5 1.45373E-5 1.55156E-5 1.83105E-5 2.05324E-5 2.28075E-5 -9999 -9999 -9999 -9999 -9999 2.39627E-5 2.62919E-5 2.97282E-5 3.20367E-5
-9999 -9999 -9999 -9999 -9999 -9999 -9999 -9999 -9999 -9999 -9999 -9999 -9999 -9999 -9999 -9999 -9999 -9999 -9999 -9999 -9999 -9999 -9999 -9999 -9999 -9999 -9999 -9999 -9999 -9999 -9999 4.36385E-6 4.54979E-6 4.80193E-6 5.01234E-6 5.26257E-6 5.51325E-6 5.77776E-6 6.45191E-6 1.01427E-5 1.05487E-5 -9999 -9999 1.1417E-5 1.12641E-5 7.3312E-6 6.48384E-6 -9999 -9999 -9999 -9999 -9999 8.46578E-6 -9999 -9999 -9999 -9999 -9999 -9999 -9999 -9999 -9999 -9999 -9999 -9999 -9999 2.17483E-5 2.44689E-5 2.90469E-5 3.03686E-5
-9999 -9999 -9999 -9999 -9999 -9999 -9999 -9999 -9999 -9999 -9999 -9999 -9999 -9999 -9999 -9999 -9999 -9999 -9999 -9999 -9999 -9999 -9999 -9999 -9999 -9999 -9999 -9999 -9999 -9999 -9999 -9999 -9999 -9999 4.61844E-6 -9999 4.67996E-6 -9999 -9999 -9999 -9999 -9999 -9999 -9999 -9999 -9999 -9999 -9999 -9999 -9999 -9999 -9999 -9999 -9999 -9999 -9999 -9999 -9999 -9999 -9999 -9999 -9999 -9999 -9999 -9999 -9999 2.09657E-5 2.34346E-5 2.74616E-5 3.00469E-5
-9999 -9999 -9999 -9999 -9999 -9999 -9999 -9999 -9999 -9999 -9999 -9999 -9999 -9999 -9999 -9999 -9999 -9999 -9999 -9999 -9999 -9999 -9999 -9999 -9999 -9999 -9999 -9999 -9999 -9999 -9999 -9999 -9999 -9999 -9999 -9999 -9999 -9999 -9999 -9999 -9999 -9999 -9999 -9999 -9999 -9999 -9999 -9999 -9999 -9999 -9999 -9999 -9999 -9999 -9999 -9999 -9999 -9999 -9999 -9999 -9999 -9999 -9999 -9999 -9999 -9999 1.40087E-5 1.55294E-5 1.7251E-5 2.03504E-5
-9999 -9999 -9999 -9999 -9999 -9999 -9999 -9999 -9999 -9999 -9999 -9999 -9999 -9999 -9999 -9999 -9999 -9999 -9999 -9999 -9999 -9999 -9999 -9999 -9999 -9999 -9999 -9999 -9999 -9999 -9999 -9999 -9999 -9999 -9999 -9999 -9999 -9999 -9999 -9999 -9999 -9999 -9999 -9999 -9999 -9999 -9999 -9999 -9999 -9999 -9999 -9999 -9999 -9999 -9999 -9999 -9999 -9999 -9999 -9999 -9999 -9999 -9999 -9999 -9999 -9999 -9999 -9999 -9999 -9999
-9999 -9999 -9999 -9999 -9999 -9999 -9999 -9999 -9999 -9999 -9999 -9999 -9999 -9999 -9999 -9999 -9999 -9999 -9999 -9999 -9999 -9999 -9999 -9999 -9999 -9999 -9999 -9999 -9999 -9999 -9999 -9999 -9999 -9999 -9999 -9999 -9999 -9999 -9999 -9999 -9999 -9999 -9999 -9999 -9999 -9999 -9999 -9999 -9999 -9999 -9999 -9999 -9999 -9999 -9999 -9999 -9999 -9999 -9999 -9999 -9999 -9999 -9999 -9999 -9999 -9999 -9999 -9999 -9999 1.51402E-5
-9999 -9999 -9999 -9999 -9999 -9999 -9999 -9999 -9999 -9999 -9999 -9999 -9999 -9999 -9999 -9999 -9999 -9999 -9999 -9999 -9999 -9999 -9999 -9999 -9999 -9999 -9999 -9999 -9999 -9999 -9999 -9999 -9999 -9999 -9999 -9999 -9999 -9999 -9999 -9999 -9999 -9999 -9999 -9999 -9999 -9999 -9999 -9999 -9999 -9999 -9999 -9999 -9999 -9999 -9999 -9999 -9999 -9999 -9999 -9999 -9999 -9999 -9999 -9999 -9999 -9999 -9999 -9999 -9999 -9999
