KUENM_DEFAULT/Final_Models2/M_1_F_lqpth_Set_1_NE/sp1_se_asia.asc
ncols         320
nrows         243
xllcorner     44.0
yllcorner     -0.666666666666667
cellsize      0.166666666666667
NODATA_value  -9999
[rows 62 to 92 of 243, columns 140 to 209 of 320]
9.97491E-6 3.29136E-5 3.26018E-5 3.57203E-5 3.56221E-5 3.6432E-5 4.00013E-5 1.93606E-5 4.26077E-5 4.60179E-5 5.05099E-5 5.70562E-5 6.38664E-5 6.6726E-5 7.05034E-5 6.70027E-5 1.59627E-4 7.36716E-5 1.81156E-4 6.87746E-5 4.80845E-5 3.3125E-5 2.88152E-5 2.79742E-5 2.70876E-5 2.73282E-5 2.76087E-5 2.81539E-5 2.75968E-5 3.02679E-5 3.61767E-5 4.07456E-5 4.66098E-5 4.99572E-5 5.08915E-5 4.88558E-5 4.67436E-5 4.3471E-5 4.33186E-5 4.99434E-5 6.21798E-5 7.32437E-5 1.95906E-4 2.3367E-4 2.84907E-4 3.35033E-4 3.85684E-4 4.32679E-4 4.65507E-4 4.91202E-4 4.9821E-4 5.11601E-4 6.04545E-4 6.18295E-4 5.33189E-4 5.48764E-4 7.30021E-4 6.08948E-4 3.46811E-4 2.25002E-4 2.09282E-4 1.72284E-4 1.19301E-4 3.60945E-5 3.64602E-5 2.77834E-5 2.1228E-5 1.51952E-5 9.708E-6 2.1999E-6
2.36539E-5 3.07012E-5 3.04965E-5 3.14392E-5 2.96258E-5 3.22421E-5 3.44706E-5 1.70212E-5 4.3748E-5 4.55229E-5 5.02499E-5 5.49942E-5 5.7821E-5 5.67463E-5 6.09053E-5 1.33791E-4 6.49298E-5 6.92485E-5 1.86606E-4 7.07567E-5 4.38451E-5 3.2674E-5 2.84651E-5 2.76702E-5 2.70575E-5 2.73968E-5 2.8667E-5 2.91716E-5 2.84165E-5 3.15203E-5 3.77271E-5 4.32989E-5 4.93107E-5 5.33503E-5 5.49779E-5 5.21151E-5 4.92243E-5 4.23581E-5 4.14295E-5 5.09801E-5 5.96615E-5 7.17567E-5 1.8669E-4 2.25444E-4 2.67739E-4 2.99356E-4 3.50418E-4 4.04165E-4 4.55679E-4 5.61805E-4 6.33351E-4 5.8176E-4 5.84711E-4 6.79349E-4 6.89153E-4 7.18744E-4 8.26339E-4 6.42342E-4 4.20675E-4 3.07082E-4 2.57587E-4 1.87596E-4 4.13248E-5 3.50781E-5 3.6404E-5 3.292E-5 2.71206E-5 2.2075E-5 1.67355E-5 1.1312E-5
2.7967E-5 2.95024E-5 2.98599E-5 2.81962E-5 2.56823E-5 2.80823E-5 3.13713E-5 3.59124E-5 3.92816E-5 4.02686E-5 4.39254E-5 4.65765E-5 4.6899E-5 4.89593E-5 5.14143E-5 5.01123E-5 5.15208E-5 5.66277E-5 6.01921E-5 5.25231E-5 3.87304E-5 3.16795E-5 2.7933E-5 2.66489E-5 2.65529E-5 2.64273E-5 2.85115E-5 2.79339E-5 2.95426E-5 3.47677E-5 3.88406E-5 4.42524E-5 4.99456E-5 5.45299E-5 5.56827E-5 5.5888E-5 5.15866E-5 4.71262E-5 5.04135E-5 5.56664E-5 6.46374E-5 7.31307E-5 1.96567E-4 2.23553E-4 2.59457E-4 2.88753E-4 3.19174E-4 3.78631E-4 4.45213E-4 5.16562E-4 6.14471E-4 5.50351E-4 5.43814E-4 6.86941E-4 7.92861E-4 8.36663E-4 7.30656E-4 6.15823E-4 5.00363E-4 3.80799E-4 2.8958E-4 2.1485E-4 1.43451E-4 4.04361E-5 3.93036E-5 3.65265E-5 3.0799E-5 2.75121E-5 2.57574E-5 1.82504E-5
2.79901E-5 2.89425E-5 2.74595E-5 2.58711E-5 2.4162E-5 2.67553E-5 3.06724E-5 3.71421E-5 3.92189E-5 4.07326E-5 1.85299E-5 3.96062E-5 3.86469E-5 3.96642E-5 3.88498E-5 4.16487E-5 4.09232E-5 4.17164E-5 4.15115E-5 3.61585E-5 3.17355E-5 2.91453E-5 2.70953E-5 2.6208E-5 2.66401E-5 2.65509E-5 2.77966E-5 2.85938E-5 3.05793E-5 3.53589E-5 3.84852E-5 4.38232E-5 4.92926E-5 5.2238E-5 5.39741E-5 5.49792E-5 5.81156E-5 5.92453E-5 6.01986E-5 6.56975E-5 7.20043E-5 1.85256E-4 2.02368E-4 2.32948E-4 2.63353E-4 2.91095E-4 3.29762E-4 3.84716E-4 4.0693E-4 4.47016E-4 5.02743E-4 5.53091E-4 6.20145E-4 7.18232E-4 8.30544E-4 8.61279E-4 8.00563E-4 6.87378E-4 6.14281E-4 4.18352E-4 2.92455E-4 2.36599E-4 1.92673E-4 1.42885E-4 1.42247E-4 1.28432E-4 3.74896E-5 3.55663E-5 3.43526E-5 2.7052E-5
2.98197E-5 2.96725E-5 2.85516E-5 2.47473E-5 2.46973E-5 2.71758E-5 3.82205E-5 4.69904E-5 4.69791E-5 4.18117E-5 3.89693E-5 3.49974E-5 3.46463E-5 3.33757E-5 3.3091E-5 3.24646E-5 3.26256E-5 3.22171E-5 3.00967E-5 2.74326E-5 2.59528E-5 2.52584E-5 2.54928E-5 2.52646E-5 2.55364E-5 2.68822E-5 2.84272E-5 3.02075E-5 3.46118E-5 3.55195E-5 3.97805E-5 4.24402E-5 4.68754E-5 5.13143E-5 5.70584E-5 5.95405E-5 6.13531E-5 6.47564E-5 7.36426E-5 7.49712E-5 1.82627E-4 2.03616E-4 2.25315E-4 2.55898E-4 2.87848E-4 3.19781E-4 3.56241E-4 4.05757E-4 4.42996E-4 4.23939E-4 4.81369E-4 5.21959E-4 6.35593E-4 6.95702E-4 7.30125E-4 5.96089E-4 6.85347E-4 6.79909E-4 7.69875E-4 3.82659E-4 2.90158E-4 2.45733E-4 2.23817E-4 2.13063E-4 1.90495E-4 1.95761E-4 1.86437E-4 1.745E-4 1.61084E-4 3.31118E-5
3.22388E-5 3.05294E-5 2.76274E-5 2.6449E-5 2.81043E-5 3.76372E-5 6.3579E-5 8.3086E-5 6.63077E-5 4.69594E-5 3.76593E-5 3.29243E-5 3.09786E-5 2.97115E-5 2.86264E-5 2.77371E-5 2.65449E-5 2.47433E-5 2.41781E-5 2.36387E-5 2.29813E-5 2.31783E-5 2.48305E-5 2.54535E-5 2.54852E-5 2.85206E-5 2.91445E-5 3.12041E-5 3.30465E-5 3.8483E-5 4.1668E-5 4.48804E-5 4.89424E-5 5.24714E-5 5.65758E-5 6.49652E-5 6.49307E-5 7.46046E-5 1.89361E-4 1.96494E-4 2.0684E-4 2.25312E-4 2.49587E-4 2.93366E-4 3.38117E-4 3.98551E-4 4.22006E-4 4.33216E-4 4.5675E-4 4.60015E-4 4.61958E-4 5.5263E-4 6.54252E-4 7.32937E-4 6.4333E-4 5.60157E-4 6.16972E-4 6.3472E-4 6.89794E-4 5.04127E-4 3.52446E-4 2.82655E-4 2.52709E-4 2.35373E-4 2.18801E-4 2.25311E-4 2.19994E-4 2.27671E-4 1.83778E-4 3.78778E-5
3.18682E-5 2.98766E-5 3.00191E-5 3.07187E-5 3.59703E-5 6.45132E-5 2.67775E-4 2.8501E-4 8.23623E-5 4.83014E-5 3.4342E-5 2.90774E-5 2.66107E-5 2.57714E-5 2.55779E-5 2.34444E-5 2.1188E-5 2.18291E-5 2.18955E-5 2.25327E-5 2.25877E-5 2.34847E-5 2.39283E-5 2.47381E-5 2.74628E-5 2.86055E-5 3.00356E-5 3.12358E-5 3.29358E-5 3.83696E-5 4.14186E-5 4.4723E-5 4.79346E-5 5.26089E-5 6.02265E-5 6.60315E-5 6.41262E-5 7.70577E-5 2.02784E-4 2.15179E-4 2.24476E-4 2.52159E-4 2.93655E-4 3.4947E-4 4.25459E-4 4.5526E-4 4.62806E-4 4.92524E-4 5.2039E-4 5.07188E-4 4.75182E-4 5.28116E-4 6.51849E-4 6.53588E-4 6.06481E-4 5.72508E-4 4.92639E-4 7.82368E-4 7.4025E-4 7.51249E-4 4.94218E-4 3.54014E-4 2.83311E-4 2.72111E-4 2.34738E-4 2.04328E-4 2.14365E-4 2.21367E-4 1.75592E-4 3.61568E-5
3.27494E-5 3.1157E-5 3.13459E-5 3.33626E-5 4.08257E-5 7.27574E-5 2.94355E-4 2.85465E-4 6.62379E-5 3.99829E-5 2.98639E-5 2.48616E-5 2.44809E-5 2.36833E-5 2.35969E-5 2.35505E-5 2.21025E-5 2.12553E-5 2.19694E-5 2.19385E-5 2.23836E-5 2.36565E-5 2.41979E-5 2.61908E-5 2.80355E-5 2.84994E-5 3.03568E-5 3.27507E-5 3.52009E-5 3.94617E-5 4.19957E-5 4.44545E-5 4.8002E-5 5.54219E-5 6.26977E-5 6.3941E-5 6.62497E-5 7.48086E-5 1.95497E-4 2.21427E-4 2.45871E-4 2.98128E-4 3.54714E-4 4.35348E-4 5.03077E-4 5.37134E-4 5.26446E-4 5.60757E-4 5.76635E-4 5.62869E-4 5.56928E-4 6.00462E-4 6.51475E-4 5.66074E-4 5.36126E-4 6.78487E-4 6.01626E-4 7.42553E-4 7.70762E-4 6.55979E-4 5.46857E-4 4.75298E-4 3.514E-4 3.03531E-4 2.57607E-4 2.0702E-4 2.09835E-4 1.96232E-4 1.35126E-4 3.49148E-5
2.91409E-5 3.11925E-5 3.1756E-5 3.23222E-5 3.76936E-5 4.97595E-5 6.29692E-5 5.06487E-5 3.36147E-5 2.71094E-5 2.39938E-5 2.37983E-5 2.17821E-5 2.28058E-5 2.40219E-5 2.398E-5 2.21823E-5 2.18329E-5 2.18949E-5 2.23079E-5 2.2794E-5 2.53006E-5 2.55427E-5 2.67058E-5 2.79739E-5 2.95395E-5 3.13729E-5 3.37833E-5 3.62676E-5 3.82155E-5 4.27767E-5 4.51793E-5 4.74873E-5 5.4214E-5 6.28974E-5 7.25863E-5 1.72961E-4 1.85867E-4 2.03172E-4 2.31557E-4 2.67358E-4 3.31869E-4 3.86834E-4 4.89545E-4 5.48144E-4 6.21521E-4 6.30917E-4 6.34825E-4 6.52177E-4 6.32445E-4 7.10532E-4 7.02628E-4 7.4934E-4 6.59952E-4 6.28909E-4 6.90712E-4 7.50054E-4 7.38354E-4 8.15647E-4 7.70207E-4 6.62161E-4 5.40324E-4 3.74023E-4 3.38674E-4 2.86313E-4 2.30937E-4 2.1285E-4 2.14892E-4 1.98064E-4 1.41707E-4
1.21332E-5 3.31334E-5 3.15694E-5 3.03899E-5 3.05282E-5 3.33426E-5 3.25298E-5 2.67338E-5 2.18165E-5 2.0272E-5 2.13805E-5 2.16055E-5 2.17496E-5 2.25476E-5 1.67132E-5 1.68762E-5 1.62724E-5 1.6083E-5 1.5884E-5 1.60535E-5 1.75749E-5 2.50734E-5 2.72209E-5 2.80792E-5 2.92095E-5 3.05271E-5 3.25411E-5 3.4868E-5 3.68828E-5 3.90322E-5 4.52454E-5 4.66762E-5 4.78324E-5 4.91856E-5 5.15848E-5 6.49307E-5 1.75067E-4 2.0354E-4 2.29573E-4 2.56417E-4 3.09503E-4 3.6565E-4 4.07817E-4 4.78566E-4 5.47203E-4 6.2256E-4 6.44481E-4 6.20332E-4 6.3498E-4 6.31946E-4 6.9718E-4 7.67743E-4 8.57358E-4 9.09484E-4 9.14547E-4 8.30301E-4 7.18263E-4 6.65173E-4 7.4938E-4 7.563E-4 5.77897E-4 4.80351E-4 4.17668E-4 3.9947E-4 3.09157E-4 2.71355E-4 2.5837E-4 2.68542E-4 2.5005E-4 2.31466E-4
2.61387E-5 3.22895E-5 3.1222E-5 2.92161E-5 2.83527E-5 2.76612E-5 2.52811E-5 2.36737E-5 2.10203E-5 1.98682E-5 2.01632E-5 2.16297E-5 2.28805E-5 1.56965E-5 1.64564E-5 1.63368E-5 1.62196E-5 1.56532E-5 1.63742E-5 1.76186E-5 1.79774E-5 1.90873E-5 2.0063E-5 2.08806E-5 2.18593E-5 2.23629E-5 3.31554E-5 3.62825E-5 3.91422E-5 4.18865E-5 4.81437E-5 4.96817E-5 4.93381E-5 5.01362E-5 4.86057E-5 5.42336E-5 1.74233E-4 2.24716E-4 2.54058E-4 2.73249E-4 3.14429E-4 3.48411E-4 4.02451E-4 4.4002E-4 5.36785E-4 6.02277E-4 6.03917E-4 5.84245E-4 5.63216E-4 6.33396E-4 6.93013E-4 7.47546E-4 7.63434E-4 8.30152E-4 6.50394E-4 6.31674E-4 6.11487E-4 6.25077E-4 7.37126E-4 5.86725E-4 4.776E-4 4.85259E-4 4.53438E-4 3.88897E-4 3.60643E-4 3.07264E-4 3.00172E-4 3.61888E-4 3.36496E-4 2.90802E-4
3.27104E-5 3.37676E-5 3.20463E-5 2.99899E-5 2.65569E-5 2.59654E-5 2.40647E-5 2.3845E-5 1.6457E-5 1.52325E-5 1.51654E-5 1.58079E-5 1.67287E-5 1.66979E-5 1.62068E-5 1.65247E-5 1.73246E-5 1.68818E-5 1.71089E-5 1.84225E-5 1.98565E-5 2.0564E-5 2.16249E-5 2.20745E-5 2.27003E-5 2.40365E-5 2.50132E-5 3.88766E-5 4.24298E-5 4.61313E-5 5.32522E-5 5.47738E-5 5.42917E-5 5.36541E-5 5.57137E-5 7.02482E-5 1.9839E-4 2.48452E-4 2.6688E-4 2.98927E-4 3.2312E-4 3.50134E-4 3.81157E-4 4.29156E-4 4.941E-4 5.23169E-4 5.10748E-4 5.25354E-4 5.33523E-4 5.66616E-4 6.39289E-4 7.04043E-4 7.67804E-4 7.02614E-4 5.17558E-4 5.08671E-4 6.1054E-4 6.83133E-4 6.51971E-4 5.98881E-4 6.03365E-4 5.44502E-4 4.20619E-4 3.79632E-4 3.70997E-4 3.43344E-4 3.54606E-4 3.64844E-4 3.8726E-4 3.4283E-4
3.3195E-5 3.41049E-5 3.20277E-5 2.89228E-5 2.7716E-5 2.56635E-5 2.47656E-5 2.65509E-5 1.84674E-5 1.79382E-5 1.74655E-5 1.71859E-5 1.73021E-5 1.75344E-5 1.81498E-5 1.87808E-5 1.79789E-5 1.79865E-5 1.79273E-5 1.92389E-5 2.09186E-5 2.28903E-5 2.38909E-5 2.46258E-5 2.41946E-5 2.4398E-5 2.6531E-5 4.156E-5 4.58019E-5 5.35608E-5 5.75228E-5 6.1467E-5 6.27783E-5 6.20052E-5 6.70944E-5 1.70541E-4 2.11379E-4 2.4837E-4 2.71904E-4 3.10631E-4 2.30948E-4 2.4043E-4 2.54361E-4 3.90908E-4 4.23703E-4 4.79798E-4 4.85889E-4 5.28638E-4 5.25737E-4 5.67969E-4 6.6456E-4 7.42228E-4 7.8117E-4 5.60194E-4 4.49541E-4 5.09314E-4 6.10951E-4 6.70089E-4 6.03866E-4 5.81117E-4 6.11598E-4 5.95904E-4 5.08481E-4 4.06181E-4 3.69487E-4 3.53529E-4 3.41039E-4 3.48517E-4 3.4926E-4 3.50858E-4
3.52078E-5 3.53781E-5 3.28795E-5 3.24853E-5 2.95276E-5 2.86866E-5 2.79503E-5 1.94114E-5 1.96033E-5 1.9486E-5 1.9398E-5 1.90454E-5 1.86836E-5 1.93225E-5 1.93577E-5 1.99595E-5 1.94382E-5 1.8958E-5 1.96112E-5 2.11794E-5 2.4145E-5 2.59094E-5 2.73811E-5 2.57986E-5 2.63369E-5 2.60572E-5 2.70065E-5 4.26999E-5 5.01877E-5 6.07884E-5 6.77526E-5 1.66018E-4 1.57872E-4 1.56669E-4 1.68722E-4 1.84814E-4 2.00271E-4 2.33474E-4 2.82506E-4 3.06462E-4 2.3301E-4 2.43367E-4 2.47013E-4 3.74756E-4 4.00739E-4 4.75699E-4 5.02944E-4 5.04981E-4 5.3606E-4 6.07251E-4 6.50061E-4 7.75082E-4 7.01473E-4 5.63254E-4 4.58607E-4 4.96689E-4 5.83768E-4 6.22389E-4 5.5889E-4 5.43193E-4 5.95044E-4 5.99445E-4 5.66625E-4 4.7361E-4 4.03992E-4 3.32631E-4 3.14899E-4 3.27748E-4 3.35725E-4 3.53829E-4
3.91377E-5 3.70038E-5 3.55057E-5 3.38267E-5 2.33767E-5 2.21469E-5 2.20546E-5 2.18562E-5 2.1292E-5 2.14069E-5 2.0379E-5 2.06375E-5 2.05519E-5 2.01939E-5 2.10532E-5 2.08867E-5 2.90576E-5 2.97295E-5 2.06812E-5 2.32282E-5 4.05949E-5 4.61192E-5 4.4772E-5 4.12872E-5 2.70706E-5 2.67918E-5 2.74039E-5 3.04872E-5 5.15069E-5 1.46786E-4 1.76371E-4 1.82647E-4 1.75686E-4 1.62613E-4 1.73397E-4 1.91708E-4 2.17984E-4 2.43127E-4 2.84668E-4 2.19122E-4 2.31448E-4 2.34472E-4 2.34657E-4 3.63048E-4 3.92092E-4 4.51356E-4 4.83852E-4 5.09862E-4 5.6102E-4 6.4205E-4 7.21171E-4 7.53386E-4 7.04056E-4 6.69513E-4 5.87617E-4 5.85842E-4 6.47131E-4 6.53341E-4 5.72932E-4 4.93252E-4 4.89878E-4 4.55958E-4 4.39843E-4 4.38171E-4 4.20146E-4 3.54925E-4 3.16598E-4 3.28432E-4 3.29167E-4 3.36267E-4
3.99068E-5 4.01805E-5 3.83607E-5 2.5394E-5 2.46696E-5 2.53479E-5 2.48044E-5 2.39639E-5 2.32851E-5 2.39949E-5 2.32881E-5 2.28178E-5 2.21108E-5 2.20844E-5 3.20263E-5 3.29222E-5 3.11125E-5 3.00633E-5 2.16993E-5 3.52782E-5 4.57246E-5 5.81006E-5 4.91954E-5 4.21273E-5 3.99652E-5 3.83098E-5 2.77822E-5 4.28903E-5 4.95134E-5 6.1931E-5 1.64417E-4 1.83249E-4 1.68178E-4 1.67844E-4 1.86062E-4 2.2009E-4 2.46114E-4 2.85083E-4 3.02571E-4 2.2451E-4 2.31926E-4 2.26638E-4 2.3112E-4 3.56926E-4 3.94729E-4 4.44605E-4 4.88463E-4 5.04166E-4 5.83023E-4 7.24377E-4 8.25097E-4 7.26994E-4 7.76052E-4 8.0211E-4 6.7176E-4 5.98775E-4 6.22593E-4 7.08669E-4 5.87E-4 4.97524E-4 4.49759E-4 4.29385E-4 4.03316E-4 4.03826E-4 4.23004E-4 3.80773E-4 3.25947E-4 2.9529E-4 2.98183E-4 2.85216E-4
4.24558E-5 4.09522E-5 2.85955E-5 2.80407E-5 2.74979E-5 2.85712E-5 2.79525E-5 2.61615E-5 2.47304E-5 2.57683E-5 3.73459E-5 3.50881E-5 3.44768E-5 3.4043E-5 3.39883E-5 3.35885E-5 3.28152E-5 3.23394E-5 3.28477E-5 3.60572E-5 4.58572E-5 5.10069E-5 4.62209E-5 4.0899E-5 3.91309E-5 4.02806E-5 4.08083E-5 4.35371E-5 5.00329E-5 5.98228E-5 1.50252E-4 1.83231E-4 1.70887E-4 1.83165E-4 2.17083E-4 2.53921E-4 2.90946E-4 3.07519E-4 3.2324E-4 2.34002E-4 2.31339E-4 2.26808E-4 2.33134E-4 3.70466E-4 4.19274E-4 4.55206E-4 3.33308E-4 5.25032E-4 5.68296E-4 6.70417E-4 7.81896E-4 7.0336E-4 7.88091E-4 7.86019E-4 5.42627E-4 5.23115E-4 5.9894E-4 4.58026E-4 4.13684E-4 4.40841E-4 4.24646E-4 4.41397E-4 4.16762E-4 3.57846E-4 3.79528E-4 3.63529E-4 3.03266E-4 2.9653E-4 2.89752E-4 2.67047E-4
4.79007E-5 4.41586E-5 3.01648E-5 3.13489E-5 3.06958E-5 3.05556E-5 4.22859E-5 4.10233E-5 3.91769E-5 4.04497E-5 3.97011E-5 3.89434E-5 3.80913E-5 3.71307E-5 3.73574E-5 3.61463E-5 3.56535E-5 3.46853E-5 3.64103E-5 3.91889E-5 4.17266E-5 4.25308E-5 3.98103E-5 3.78362E-5 3.96314E-5 4.15645E-5 4.40856E-5 4.55874E-5 5.10204E-5 5.99941E-5 1.68219E-4 1.93637E-4 1.96633E-4 2.28158E-4 2.77706E-4 3.17237E-4 3.28184E-4 3.31764E-4 2.36774E-4 2.46356E-4 2.47377E-4 2.29819E-4 2.46032E-4 4.47816E-4 4.55381E-4 3.05473E-4 3.15855E-4 3.54792E-4 5.7192E-4 6.58996E-4 7.20096E-4 5.74939E-4 6.30392E-4 6.10547E-4 5.1793E-4 5.8762E-4 5.36227E-4 3.72078E-4 3.31759E-4 4.20996E-4 4.23642E-4 3.67201E-4 3.69709E-4 3.3307E-4 3.14706E-4 3.10623E-4 2.89532E-4 2.61157E-4 3.33772E-4 3.17896E-4
4.37588E-5 4.7845E-5 4.73683E-5 4.73249E-5 4.49568E-5 4.41755E-5 4.31791E-5 4.25527E-5 4.47993E-5 4.28621E-5 4.18743E-5 4.11431E-5 4.06238E-5 3.96105E-5 4.01305E-5 3.97343E-5 4.00289E-5 3.83297E-5 3.90877E-5 4.0282E-5 4.25714E-5 4.24328E-5 3.99209E-5 4.02567E-5 4.32775E-5 4.59605E-5 4.804E-5 4.99175E-5 5.28354E-5 6.06514E-5 1.59046E-4 1.9829E-4 2.74981E-4 3.46663E-4 3.66758E-4 3.75717E-4 3.71233E-4 3.65212E-4 2.52342E-4 2.45524E-4 2.43354E-4 2.39056E-4 2.366E-4 4.97832E-4 4.23964E-4 2.5809E-4 3.02603E-4 3.50491E-4 4.02189E-4 7.31305E-4 7.00702E-4 5.43499E-4 5.41385E-4 5.33872E-4 5.38365E-4 5.58184E-4 4.23822E-4 4.0829E-4 3.77934E-4 3.83054E-4 4.2864E-4 3.90271E-4 3.7586E-4 3.01483E-4 2.80873E-4 2.7724E-4 2.81541E-4 2.55382E-4 3.11684E-4 3.48498E-4
3.65306E-5 4.15203E-5 4.5897E-5 4.49238E-5 4.79874E-5 4.60752E-5 4.6195E-5 4.54623E-5 4.6114E-5 4.59802E-5 4.63144E-5 4.62854E-5 4.61678E-5 4.37839E-5 4.35645E-5 4.37519E-5 4.24407E-5 4.14509E-5 4.2735E-5 4.42255E-5 4.44948E-5 4.67028E-5 4.76157E-5 4.99755E-5 5.33033E-5 5.40016E-5 5.46375E-5 5.45097E-5 5.80479E-5 6.08897E-5 1.66136E-4 2.2032E-4 3.00192E-4 3.84887E-4 4.30896E-4 4.28913E-4 4.2326E-4 4.067E-4 3.77081E-4 2.46524E-4 2.58671E-4 2.66584E-4 2.52705E-4 2.50241E-4 2.26828E-4 2.54465E-4 3.23567E-4 3.83675E-4 4.32281E-4 8.2149E-4 6.47445E-4 3.88883E-4 5.08259E-4 4.66898E-4 4.54487E-4 5.00487E-4 4.15287E-4 3.50137E-4 4.1518E-4 4.47737E-4 3.63089E-4 3.71462E-4 3.14423E-4 2.6244E-4 2.47174E-4 2.50347E-4 2.30371E-4 2.39687E-4 2.75006E-4 3.13336E-4
3.44493E-5 3.59355E-5 3.98071E-5 4.22346E-5 4.57921E-5 4.66142E-5 4.50801E-5 4.72192E-5 4.71362E-5 4.98921E-5 5.06323E-5 5.10226E-5 5.02395E-5 4.74555E-5 4.74684E-5 4.6377E-5 4.76597E-5 4.7013E-5 4.7288E-5 4.86511E-5 5.07691E-5 5.31613E-5 5.70325E-5 6.49945E-5 6.60092E-5 6.77861E-5 6.60635E-5 6.20879E-5 6.19628E-5 6.43563E-5 1.81984E-4 2.52184E-4 3.61938E-4 4.2415E-4 4.68565E-4 4.85645E-4 4.6768E-4 4.53618E-4 4.10267E-4 3.93077E-4 2.87164E-4 3.0241E-4 2.82291E-4 2.43022E-4 2.46802E-4 2.8539E-4 3.84045E-4 6.60689E-4 7.47061E-4 8.15933E-4 6.42805E-4 5.56885E-4 4.94341E-4 3.94991E-4 3.45423E-4 4.2754E-4 3.91693E-4 4.47671E-4 4.33977E-4 3.48757E-4 3.96348E-4 2.90408E-4 2.41088E-4 2.22854E-4 2.0137E-4 1.563E-4 4.81425E-5 1.70796E-4 2.54326E-4 2.84823E-4
3.66585E-5 3.65429E-5 3.84935E-5 4.07014E-5 4.48152E-5 4.63918E-5 4.5842E-5 4.76507E-5 5.0299E-5 5.33822E-5 5.48634E-5 5.5667E-5 5.39049E-5 5.3042E-5 5.25808E-5 5.24682E-5 5.31609E-5 5.27475E-5 5.342E-5 5.33234E-5 5.46427E-5 5.98513E-5 6.72387E-5 1.83985E-4 2.04926E-4 1.87001E-4 1.77169E-4 7.12262E-5 6.58034E-5 7.20224E-5 2.18225E-4 3.01039E-4 3.8889E-4 4.44089E-4 4.94113E-4 5.38429E-4 5.19147E-4 4.83452E-4 4.44068E-4 4.21973E-4 2.64542E-4 2.63256E-4 2.64643E-4 2.43772E-4 3.26548E-4 3.55515E-4 4.02484E-4 7.35883E-4 6.83558E-4 7.20899E-4 6.43174E-4 5.70658E-4 4.99968E-4 4.07699E-4 3.3486E-4 4.29956E-4 4.55689E-4 3.871E-4 3.50078E-4 3.75974E-4 3.39204E-4 2.61402E-4 2.44117E-4 2.12538E-4 2.16015E-4 4.71711E-5 4.18068E-5 1.74359E-4 2.3746E-4 2.31429E-4
3.62627E-5 3.71397E-5 3.83879E-5 4.03524E-5 4.29622E-5 4.39285E-5 4.64777E-5 4.83687E-5 5.17049E-5 5.87952E-5 6.27034E-5 6.4086E-5 5.88189E-5 5.87738E-5 5.60031E-5 5.72178E-5 5.82928E-5 5.90659E-5 5.98705E-5 5.91167E-5 6.16645E-5 6.3994E-5 1.66349E-4 2.22836E-4 2.75076E-4 2.3495E-4 2.04352E-4 1.81415E-4 1.77676E-4 2.12602E-4 3.01668E-4 3.69306E-4 4.17583E-4 4.75216E-4 5.4506E-4 4.08229E-4 5.93813E-4 5.45044E-4 4.97896E-4 2.79508E-4 2.47386E-4 2.7336E-4 4.17019E-4 3.10146E-4 3.76834E-4 4.19208E-4 4.18608E-4 7.47696E-4 5.19792E-4 5.5014E-4 5.79952E-4 5.74763E-4 5.50703E-4 5.40693E-4 4.90591E-4 4.1874E-4 3.59445E-4 3.25618E-4 2.90876E-4 3.66287E-4 2.71348E-4 2.56428E-4 2.39724E-4 2.46106E-4 2.26757E-4 1.76524E-4 1.71298E-4 2.34586E-4 2.40495E-4 1.72172E-4
3.48091E-5 3.59302E-5 3.80361E-5 4.10894E-5 4.21382E-5 4.38595E-5 4.67631E-5 4.91271E-5 5.64341E-5 6.77369E-5 8.15801E-5 7.87258E-5 7.40204E-5 6.19295E-5 6.26487E-5 6.43557E-5 6.7216E-5 6.92485E-5 6.96332E-5 6.77363E-5 6.84015E-5 6.87375E-5 7.26964E-5 2.09844E-4 2.49493E-4 2.5262E-4 2.39314E-4 2.19706E-4 2.29647E-4 3.13722E-4 3.68418E-4 4.00781E-4 4.41015E-4 4.96885E-4 5.71731E-4 4.34226E-4 6.49365E-4 6.41603E-4 5.47849E-4 2.7386E-4 2.64109E-4 2.93989E-4 4.79102E-4 5.54683E-4 6.92204E-4 4.78575E-4 4.99689E-4 3.78507E-4 4.24462E-4 4.40349E-4 4.57281E-4 5.20263E-4 5.45488E-4 6.49009E-4 5.83384E-4 4.70416E-4 3.74639E-4 3.00768E-4 2.64638E-4 3.31667E-4 2.69644E-4 2.36553E-4 2.42742E-4 2.57366E-4 2.52713E-4 2.20286E-4 2.15001E-4 2.33577E-4 2.36228E-4 2.27345E-4
3.41441E-5 3.57055E-5 3.78344E-5 3.98169E-5 4.28177E-5 4.44785E-5 4.7099E-5 5.31357E-5 6.0344E-5 7.63097E-5 8.43321E-5 8.56884E-5 7.82858E-5 6.39008E-5 6.36881E-5 7.0377E-5 7.64707E-5 8.1209E-5 8.46397E-5 8.10174E-5 7.95677E-5 1.79082E-4 5.39835E-5 2.09149E-4 2.47305E-4 2.59459E-4 2.6602E-4 1.83932E-4 2.03562E-4 2.47772E-4 2.76035E-4 3.04788E-4 4.5739E-4 5.44495E-4 6.19756E-4 6.63525E-4 7.12091E-4 7.42642E-4 5.33117E-4 3.08145E-4 3.00498E-4 4.72564E-4 5.66762E-4 6.76557E-4 5.40549E-4 4.69425E-4 4.65109E-4 2.94092E-4 3.55299E-4 4.00898E-4 4.52469E-4 4.57907E-4 5.00679E-4 5.51737E-4 5.43834E-4 4.60943E-4 3.87454E-4 3.15188E-4 2.61362E-4 3.25386E-4 2.70682E-4 2.3464E-4 2.26135E-4 2.4043E-4 2.53056E-4 2.22095E-4 1.97989E-4 2.09498E-4 2.62432E-4 2.76455E-4
3.24353E-5 3.48186E-5 3.79141E-5 4.01784E-5 4.22236E-5 4.55616E-5 4.88221E-5 5.36717E-5 6.95726E-5 8.04278E-5 8.94183E-5 9.4204E-5 7.83473E-5 7.25097E-5 7.00487E-5 7.7045E-5 9.04465E-5 2.30904E-4 2.3423E-4 2.28333E-4 2.24249E-4 2.22853E-4 1.57389E-4 1.7558E-4 2.83401E-4 3.09412E-4 2.23749E-4 2.32449E-4 2.47029E-4 2.72237E-4 2.94811E-4 3.17273E-4 5.08812E-4 6.19797E-4 7.0713E-4 5.10328E-4 7.68828E-4 5.31412E-4 1.9471E-4 5.2872E-4 5.36101E-4 4.18957E-4 3.94397E-4 5.4273E-4 4.71893E-4 4.19341E-4 3.89733E-4 3.22873E-4 3.00094E-4 3.89912E-4 4.42849E-4 4.03356E-4 4.24628E-4 4.55667E-4 4.31824E-4 4.27279E-4 3.86599E-4 3.09011E-4 2.56035E-4 3.38869E-4 2.58856E-4 2.27928E-4 2.09768E-4 2.0719E-4 2.12935E-4 1.99888E-4 2.08304E-4 2.28726E-4 2.58734E-4 2.51792E-4
3.23869E-5 3.37432E-5 3.72392E-5 4.05993E-5 4.34333E-5 4.71259E-5 5.18862E-5 5.70723E-5 7.1104E-5 7.80469E-5 8.65056E-5 9.3284E-5 8.51757E-5 8.00767E-5 8.67569E-5 9.2543E-5 2.4096E-4 2.83475E-4 2.88992E-4 2.81871E-4 2.77231E-4 2.86434E-4 2.10089E-4 2.30749E-4 2.47445E-4 2.64953E-4 2.83466E-4 2.95807E-4 3.00874E-4 2.95453E-4 3.16769E-4 3.55601E-4 6.3681E-4 7.55674E-4 7.48933E-4 5.04044E-4 3.90566E-4 1.02789E-4 4.55264E-4 5.7716E-4 6.03527E-4 3.50261E-4 3.18419E-4 3.19741E-4 4.34827E-4 3.70471E-4 2.36604E-4 2.57065E-4 2.28227E-4 2.42782E-4 3.05297E-4 3.94568E-4 4.05895E-4 3.84748E-4 3.48927E-4 3.61488E-4 3.53495E-4 2.82054E-4 2.41015E-4 2.69649E-4 2.50358E-4 2.1752E-4 1.86285E-4 1.75282E-4 1.81505E-4 1.89023E-4 1.61601E-4 1.96736E-4 1.97804E-4 1.92836E-4
3.04069E-5 3.31299E-5 3.6606E-5 4.03367E-5 4.474E-5 4.8118E-5 5.37576E-5 5.89386E-5 7.27595E-5 8.06142E-5 8.68431E-5 9.2032E-5 9.55446E-5 1.00248E-4 9.86962E-5 2.42751E-4 2.81198E-4 3.20422E-4 3.36183E-4 3.43828E-4 3.66139E-4 3.75277E-4 2.7696E-4 3.01364E-4 3.20663E-4 3.41214E-4 3.49574E-4 3.46509E-4 3.44536E-4 3.3944E-4 3.73714E-4 4.24745E-4 7.90732E-4 4.92863E-4 3.50522E-4 3.73891E-4 9.75146E-5 1.35048E-4 4.99973E-4 5.3652E-4 6.28441E-4 3.46312E-4 3.04472E-4 2.77178E-4 3.26634E-4 3.02984E-4 2.15736E-4 2.88673E-4 2.5636E-4 2.46497E-4 2.52451E-4 3.20253E-4 2.77859E-4 2.37108E-4 3.20227E-4 3.15095E-4 3.0849E-4 2.46315E-4 2.12272E-4 1.59246E-4 1.94502E-4 1.94125E-4 1.83861E-4 1.34114E-4 1.37973E-4 4.29468E-5 4.05929E-5 4.23761E-5 4.44024E-5 4.54997E-5
2.80685E-5 3.11895E-5 3.5396E-5 4.06467E-5 4.47883E-5 4.94627E-5 5.51284E-5 6.17235E-5 7.00688E-5 7.46094E-5 8.5592E-5 9.23435E-5 1.01529E-4 2.48346E-4 2.51334E-4 2.84107E-4 3.14057E-4 3.58101E-4 3.92261E-4 4.14419E-4 4.4691E-4 4.93731E-4 3.60033E-4 3.81988E-4 3.90244E-4 4.13357E-4 4.19503E-4 4.12347E-4 4.23476E-4 4.20153E-4 4.95177E-4 5.17565E-4 2.70978E-4 2.38325E-4 2.02598E-4 2.08111E-4 7.1083E-5 1.0667E-4 4.1518E-4 6.21775E-4 6.24391E-4 3.39298E-4 2.84408E-4 2.46971E-4 1.98403E-4 2.49071E-4 2.54645E-4 2.47384E-4 2.43305E-4 2.46368E-4 2.455E-4 2.24785E-4 2.1701E-4 2.18372E-4 2.05511E-4 2.07026E-4 1.97191E-4 2.35347E-4 1.57642E-4 4.06276E-5 4.08279E-5 1.4974E-4 1.7841E-4 1.44129E-4 4.27495E-5 3.63425E-5 3.14281E-5 3.1581E-5 3.46803E-5 3.89617E-5
2.54556E-5 2.9291E-5 3.37219E-5 3.91992E-5 4.38326E-5 4.89075E-5 5.59123E-5 6.3486E-5 7.06582E-5 5.04224E-5 8.01489E-5 9.72686E-5 2.52063E-4 2.60508E-4 2.84471E-4 3.1564E-4 3.64755E-4 3.99086E-4 4.55627E-4 4.89448E-4 5.43494E-4 5.62164E-4 4.22883E-4 4.50706E-4 4.69951E-4 4.89129E-4 4.94057E-4 5.13749E-4 5.37651E-4 5.57704E-4 5.70165E-4 5.50237E-4 2.15415E-5 2.31665E-4 1.57479E-4 1.8193E-4 1.84972E-4 9.17686E-5 3.6319E-4 4.5867E-4 4.60541E-4 2.57992E-4 2.26434E-4 1.97138E-4 1.88432E-4 2.41895E-4 2.186E-4 2.03249E-4 2.16382E-4 2.50447E-4 2.50179E-4 2.10618E-4 1.85775E-4 1.66894E-4 1.85643E-4 1.87732E-4 1.81259E-4 1.52277E-4 4.94273E-5 3.91445E-5 3.96673E-5 1.46048E-4 1.85157E-4 1.52837E-4 4.13368E-5 3.31523E-5 2.80962E-5 2.50756E-5 2.75226E-5 3.24837E-5
2.40107E-5 2.74346E-5 3.29441E-5 3.83457E-5 4.44062E-5 5.07632E-5 5.70227E-5 6.61953E-5 5.01145E-5 5.49E-5 1.95525E-4 2.24189E-4 2.52869E-4 2.85045E-4 3.18807E-4 3.42467E-4 3.89275E-4 4.41874E-4 5.05144E-4 5.68894E-4 6.06649E-4 6.43649E-4 4.77816E-4 5.11572E-4 5.47129E-4 5.75164E-4 6.0145E-4 6.26038E-4 6.61952E-4 7.01365E-4 5.14275E-4 3.68869E-4 2.43811E-4 1.11853E-4 1.75444E-4 1.74167E-4 1.96255E-4 1.86858E-4 4.1997E-4 4.06798E-4 3.5094E-4 2.33576E-4 1.90506E-4 1.61651E-4 2.07549E-4 2.1045E-4 2.19116E-4 2.32479E-4 2.62021E-4 2.77898E-4 2.01045E-4 2.03564E-4 1.67326E-4 1.6152E-4 1.69234E-4 2.02252E-4 1.64423E-4 1.12987E-4 1.55021E-4 4.25653E-5 1.40543E-4 1.82285E-4 1.87346E-4 1.50706E-4 4.40162E-5 3.34465E-5 2.40141E-5 2.28495E-5 2.37522E-5 2.75771E-5
