KUENM_DEFAULT/Final_Models2/M_1_F_lqpth_Set_1_NE/sp1_se_asia.asc
ncols         320
nrows         243
xllcorner     44.0
yllcorner     -0.666666666666667
cellsize      0.166666666666667
NODATA_value  -9999
[rows 31 to 61 of 243, columns 140 to 209 of 320]
1.39861E-6 1.51788E-6 1.65085E-6 2.06078E-6 2.27684E-6 2.76491E-6 2.30403E-6 1.90834E-6 2.40902E-6 6.00488E-6 1.11638E-5 1.27397E-5 1.78599E-5 2.90503E-5 3.8693E-5 4.4675E-5 4.13688E-5 4.23518E-5 6.04355E-5 6.45575E-5 9.55335E-5 1.10105E-4 4.56103E-5 1.1891E-4 1.1407E-4 5.58294E-5 6.66121E-5 8.01062E-5 7.64931E-5 2.27521E-5 2.38214E-5 4.82736E-6 5.13477E-6 1.59061E-6 2.27278E-6 1.80771E-6 1.593E-6 3.48499E-6 3.47363E-6 5.7418E-6 4.97426E-6 9.31046E-6 6.87747E-6 3.66448E-6 3.97352E-6 4.30486E-6 4.81529E-6 1.7376E-6 4.81195E-7 4.53563E-7 3.48244E-7 4.38501E-7 6.89265E-7 1.28618E-7 1.30933E-7 9.27809E-8 1.67276E-8 1.31423E-8 1.39908E-8 1.80084E-8 4.81572E-8 8.87847E-8 1.84753E-8 9.10715E-9 1.04013E-8 1.54212E-8 -9999 -9999 -9999 -9999
1.00752E-6 9.8516E-7 7.63204E-7 9.31608E-7 1.47567E-6 2.52906E-6 3.21096E-6 3.9792E-6 3.92225E-6 4.99096E-6 9.53098E-6 1.18725E-5 1.55897E-5 2.34814E-5 4.38291E-5 6.32291E-5 6.12042E-5 4.88255E-5 2.48964E-5 3.08806E-5 5.67198E-5 6.83836E-5 9.39399E-5 9.37219E-5 1.18132E-4 1.22694E-4 1.75375E-4 1.73804E-4 1.49108E-4 8.11321E-5 5.14546E-5 3.51097E-5 6.87356E-6 3.40133E-6 2.59375E-6 2.21071E-6 2.29071E-6 2.11151E-6 9.81112E-6 3.60387E-6 6.50475E-6 2.09074E-5 1.35302E-5 1.6402E-5 4.77633E-6 3.4441E-6 2.94032E-6 1.76135E-6 7.48112E-7 9.03705E-7 8.76306E-7 5.83856E-7 4.5543E-7 1.56739E-7 1.08943E-7 1.12865E-7 1.08358E-7 3.00117E-8 1.57829E-8 1.31624E-8 1.5211E-8 1.72145E-8 5.17659E-8 1.7217E-8 1.13794E-8 2.06485E-8 1.09293E-8 1.04315E-8 1.10241E-8 -9999
9.22222E-7 1.47291E-6 1.5877E-6 1.20693E-6 1.40613E-6 1.6389E-6 2.19279E-6 3.77282E-6 3.49913E-6 4.44247E-6 6.30629E-6 1.03526E-5 6.50602E-6 6.34979E-6 2.40344E-5 3.73747E-5 8.20103E-5 7.59543E-5 5.88976E-5 4.85089E-5 4.05614E-5 5.86032E-5 6.80177E-5 8.01456E-5 9.96685E-5 1.24711E-4 1.87688E-4 2.64412E-4 2.70659E-4 2.0878E-4 1.32851E-4 7.04872E-5 7.9116E-6 8.68318E-6 3.99641E-6 2.33983E-6 2.0011E-6 4.27008E-6 6.36263E-6 9.55272E-7 2.71438E-6 9.50365E-6 2.5073E-5 3.14926E-5 1.46241E-5 5.1518E-6 3.35346E-6 3.66033E-6 1.89954E-6 7.76357E-7 2.73892E-7 7.23943E-7 1.188E-7 6.34996E-8 4.64357E-8 4.93843E-8 6.18686E-8 8.57747E-8 7.93659E-8 9.73964E-8 4.04959E-8 2.80388E-8 2.32952E-8 3.00127E-8 2.83531E-8 2.21095E-8 1.48545E-8 1.33496E-8 1.56219E-8 1.34463E-8
1.0847E-6 1.09521E-6 1.60386E-6 1.25967E-6 1.42053E-6 1.75672E-6 2.23638E-6 2.85955E-6 3.6921E-6 4.49107E-6 5.69379E-6 8.93317E-6 3.77723E-6 6.31675E-6 5.6749E-6 2.6825E-6 5.97511E-6 1.64738E-5 3.11241E-5 6.30969E-5 8.86498E-5 1.00357E-4 1.05437E-4 9.39366E-5 9.18567E-5 1.11849E-4 1.56285E-4 2.39232E-4 2.72605E-4 2.59632E-4 2.19089E-4 1.7532E-4 9.25373E-5 8.55736E-5 6.2152E-6 3.17886E-6 1.55397E-6 2.4384E-5 1.55808E-5 8.08397E-6 8.72027E-6 3.84795E-6 7.02314E-6 2.23287E-5 2.86651E-5 1.37181E-5 3.49444E-6 3.10713E-6 3.24252E-6 1.60753E-6 4.16029E-7 8.08973E-7 6.03293E-8 5.25017E-8 3.51952E-8 2.47447E-8 1.93612E-8 4.01985E-8 2.90729E-8 7.59909E-8 6.49476E-8 1.65163E-7 5.30652E-8 1.82372E-8 3.2718E-8 2.87245E-8 1.96491E-8 1.37894E-8 -9999 -9999
1.50995E-6 1.49118E-6 1.5884E-6 1.83759E-6 2.0277E-6 2.33444E-6 2.12828E-6 2.7365E-6 3.39818E-6 4.05035E-6 7.16321E-6 7.70698E-6 5.53446E-6 1.07859E-5 1.85532E-5 2.37587E-5 2.1545E-5 1.00049E-5 6.17827E-6 7.67065E-6 1.54394E-5 3.55196E-5 8.97759E-5 9.39407E-5 1.0267E-4 1.14302E-4 1.46093E-4 1.74131E-4 2.00251E-4 2.28438E-4 2.67257E-4 1.84347E-4 1.09093E-4 8.35016E-5 7.34431E-6 5.49303E-6 3.67751E-6 3.56889E-5 3.90139E-5 1.17272E-5 9.26648E-6 9.85081E-7 1.87848E-6 3.76082E-6 1.38461E-5 2.70667E-5 1.3837E-5 4.11088E-6 3.45326E-6 4.25357E-6 1.07931E-6 4.12956E-7 2.61243E-7 5.8324E-8 4.376E-8 3.85196E-8 4.437E-8 5.7262E-8 8.16746E-8 9.52298E-8 3.88792E-8 3.51988E-8 1.38083E-7 2.66982E-8 2.00019E-8 2.62597E-8 2.57243E-8 3.11217E-8 1.34172E-8 -9999
1.12252E-6 1.51823E-6 1.66458E-6 1.84939E-6 2.05656E-6 1.80628E-6 2.13664E-6 2.68062E-6 2.89909E-6 3.73192E-6 5.57093E-6 6.77426E-6 9.18364E-6 1.37991E-5 3.46105E-5 3.16331E-5 3.94579E-5 5.65043E-5 3.53914E-5 1.76352E-5 2.04206E-5 2.38832E-5 5.25874E-5 1.00026E-4 1.02906E-4 1.22391E-4 1.21114E-4 1.55534E-4 1.80243E-4 1.95938E-4 2.24829E-4 1.82222E-4 1.41503E-4 7.41869E-5 1.36352E-5 1.40464E-5 3.63754E-5 4.46115E-5 3.80427E-5 5.36691E-5 5.18661E-5 1.7744E-5 1.83063E-6 1.86464E-6 1.22352E-6 1.31503E-5 2.52442E-5 1.50262E-5 3.22958E-6 3.65577E-6 4.83466E-6 1.89931E-6 3.09766E-7 6.3776E-8 8.64528E-8 6.32074E-8 6.52208E-8 1.16694E-7 2.99355E-8 5.09593E-8 3.46086E-8 2.62414E-8 6.57385E-8 6.65844E-8 2.30337E-8 1.72337E-8 2.17425E-8 2.71382E-8 3.4612E-8 -9999
1.54734E-6 1.48286E-6 1.7639E-6 1.93485E-6 2.24789E-6 1.89059E-6 2.39E-6 2.62933E-6 3.13976E-6 4.80701E-6 5.94802E-6 6.89311E-6 8.53383E-6 1.16361E-5 3.13334E-5 6.45364E-5 7.80942E-5 7.35886E-5 8.0119E-5 4.34711E-5 5.71972E-5 6.52537E-5 1.14732E-4 1.22368E-4 1.48971E-4 1.42159E-4 1.42927E-4 1.64929E-4 1.78054E-4 1.76707E-4 2.04101E-4 1.83984E-4 1.43285E-4 1.05239E-4 9.29406E-5 6.86217E-5 5.11871E-5 5.34732E-5 5.57154E-5 5.97483E-5 5.86377E-5 3.23456E-5 4.4367E-6 1.72586E-6 1.71621E-6 1.12227E-6 1.72137E-6 1.85053E-6 2.54839E-6 3.30551E-6 4.27596E-6 4.14962E-6 9.39188E-7 3.6993E-7 8.8151E-8 7.6211E-8 1.30946E-7 1.85318E-7 7.66348E-8 4.04573E-8 5.33136E-8 3.27964E-8 4.20636E-8 3.1103E-8 5.20365E-8 2.27082E-8 1.82571E-8 2.77526E-8 4.02107E-8 -9999
1.73243E-6 1.65069E-6 1.77347E-6 1.88485E-6 2.37307E-6 2.04957E-6 2.58885E-6 2.80944E-6 3.05749E-6 5.37314E-6 6.7174E-6 6.24189E-6 1.06702E-5 1.57196E-5 3.81529E-5 5.88432E-5 6.52164E-5 7.06305E-5 6.50134E-5 7.0523E-5 8.38479E-5 1.09484E-4 1.25864E-4 1.40115E-4 1.65942E-4 1.6852E-4 1.65143E-4 1.70649E-4 1.69138E-4 1.77491E-4 2.116E-4 1.98431E-4 1.72385E-4 1.54906E-4 1.23287E-4 1.06399E-4 9.3993E-5 6.91563E-5 1.79187E-5 5.97145E-5 5.72938E-5 4.82877E-5 2.41606E-5 3.60785E-6 4.6454E-6 8.18135E-7 6.49337E-7 9.95839E-7 2.47561E-6 1.09425E-6 5.63072E-6 5.13435E-6 2.95712E-6 2.46061E-6 1.29924E-6 8.5726E-8 7.91419E-8 4.94904E-7 5.51781E-8 7.57929E-8 5.59239E-8 5.34298E-8 4.56776E-8 4.75863E-8 4.47232E-8 4.51686E-8 2.82437E-8 2.37904E-8 2.72224E-8 -9999
1.29034E-6 1.8661E-6 1.96824E-6 1.49643E-6 8.0155E-7 9.76435E-7 1.13289E-6 2.80423E-6 4.5435E-6 5.38165E-6 5.73795E-6 6.11532E-6 1.05046E-5 2.10761E-5 4.03139E-5 5.44323E-5 6.30133E-5 6.74305E-5 6.79218E-5 7.22162E-5 8.48001E-5 9.91852E-5 1.13123E-4 1.29856E-4 1.40094E-4 1.47904E-4 1.64191E-4 1.64682E-4 1.68688E-4 1.80728E-4 2.05828E-4 2.44458E-4 2.38509E-4 1.9887E-4 1.63115E-4 1.46006E-4 1.36678E-4 1.02032E-4 2.25448E-5 1.69612E-5 6.55305E-5 6.39584E-5 5.20403E-5 2.73824E-5 1.47808E-5 2.17789E-6 2.20028E-6 1.85499E-6 8.30246E-7 7.71541E-7 1.32692E-6 3.51525E-6 4.31681E-6 4.75179E-6 1.07802E-6 5.98739E-7 2.19619E-7 2.7333E-7 3.2112E-7 1.2011E-7 1.20943E-7 9.22882E-8 7.89917E-8 5.95769E-8 5.39651E-8 4.37963E-8 5.08329E-8 5.55947E-8 3.51093E-8 5.77472E-8
1.40727E-6 1.36684E-6 1.40524E-6 7.28869E-7 8.64331E-7 9.71856E-7 2.34689E-6 3.59742E-6 4.57027E-6 5.49456E-6 5.45046E-6 7.04902E-6 1.01288E-5 1.61029E-5 2.75086E-5 4.89916E-5 6.26742E-5 7.15508E-5 7.00623E-5 7.55847E-5 8.40603E-5 9.64603E-5 1.10836E-4 1.06252E-4 1.13367E-4 1.36535E-4 1.5793E-4 1.62484E-4 1.75926E-4 1.75641E-4 1.90758E-4 2.07815E-4 2.58593E-4 2.33451E-4 1.96806E-4 1.80164E-4 1.63468E-4 1.43766E-4 1.12315E-4 2.49571E-5 7.34241E-5 5.78188E-5 1.45679E-5 1.05544E-5 5.88174E-6 4.10112E-6 2.44493E-6 1.41705E-6 1.348E-6 1.35406E-6 1.05718E-6 8.35554E-7 3.38583E-6 4.30235E-6 4.77228E-6 1.42522E-6 6.08835E-7 2.74415E-7 2.74618E-7 3.33284E-7 2.51189E-7 2.90397E-7 9.35504E-8 7.03757E-8 4.80561E-8 5.9986E-8 3.93221E-8 6.35405E-8 1.02958E-7 5.21876E-8
1.49982E-6 1.512E-6 7.17695E-7 7.86355E-7 8.8118E-7 9.50133E-7 3.32837E-6 4.17932E-6 4.5817E-6 5.28652E-6 6.80145E-6 9.52878E-6 1.57635E-5 2.32963E-5 3.63663E-5 4.603E-5 6.35489E-5 7.2747E-5 7.76685E-5 1.73082E-4 1.95186E-4 2.19449E-4 1.0445E-4 1.2872E-4 2.92596E-4 3.18012E-4 1.48359E-4 1.55933E-4 1.55743E-4 1.64893E-4 1.72138E-4 1.78786E-4 1.91722E-4 2.23171E-4 2.76439E-4 2.4911E-4 2.2129E-4 1.92574E-4 3.44892E-4 2.66557E-4 8.37478E-5 2.04967E-5 1.43841E-5 8.54777E-6 5.01225E-6 3.34017E-6 1.96928E-6 1.35697E-6 8.08543E-7 5.14401E-7 5.43124E-7 5.3678E-7 5.66405E-7 7.5227E-7 3.805E-6 2.9027E-6 1.0225E-6 8.80566E-7 4.11912E-7 3.47546E-7 3.83929E-7 5.10663E-7 3.04114E-7 2.18934E-7 9.10064E-8 1.04363E-7 6.79209E-8 6.35454E-8 6.73648E-8 9.75868E-8
1.91419E-6 8.76291E-7 0E0 8.71685E-7 9.66105E-7 1.05505E-6 1.73053E-6 4.1942E-6 4.59297E-6 6.08408E-6 7.16698E-6 1.14731E-5 1.18067E-5 1.57459E-5 1.68893E-5 3.15888E-5 5.27547E-5 6.60756E-5 7.86704E-5 1.81208E-4 2.02776E-4 2.22951E-4 1.05866E-4 2.65424E-4 2.86741E-4 3.02741E-4 1.34988E-4 1.41401E-4 1.46339E-4 1.40956E-4 1.37441E-4 1.39592E-4 1.43362E-4 1.59116E-4 1.98177E-4 3.15608E-4 2.95012E-4 5.49902E-4 4.47185E-4 3.72665E-4 3.04946E-4 2.27084E-4 4.33596E-5 2.65618E-5 1.66188E-5 4.64057E-6 2.32079E-6 1.08916E-6 9.9209E-7 5.3548E-7 3.78651E-7 2.74396E-7 3.04576E-7 3.7978E-7 3.28949E-6 3.90069E-6 4.37938E-6 9.94231E-7 8.93949E-7 1.10269E-6 5.19764E-7 4.05368E-7 4.44573E-7 3.57413E-7 3.13653E-7 3.19844E-7 3.51054E-7 3.42034E-7 6.38187E-8 1.37091E-7
1.18395E-6 1.07098E-6 9.69357E-7 1.05901E-6 1.10923E-6 1.17402E-6 4.01882E-6 4.33485E-6 5.42058E-6 7.66648E-6 8.57495E-6 1.12861E-5 9.72246E-6 1.23618E-5 1.91155E-5 3.34725E-5 4.90066E-5 5.88581E-5 7.7501E-5 1.8443E-4 1.98107E-4 2.18503E-4 2.39042E-4 2.44425E-4 2.83999E-4 2.99253E-4 2.93065E-4 1.17261E-4 1.09782E-4 1.07181E-4 1.35078E-4 1.61479E-4 1.8241E-4 1.94219E-4 5.21872E-4 6.32276E-4 7.6866E-4 7.13066E-4 6.16532E-4 5.21543E-4 4.63261E-4 3.47804E-4 2.48158E-4 2.07741E-4 3.55123E-5 2.24465E-5 5.84549E-6 2.52561E-6 1.25364E-6 8.09376E-7 5.147E-7 2.69296E-7 1.36437E-7 1.93795E-7 5.833E-7 3.26208E-6 3.60885E-6 4.01703E-6 3.94187E-6 1.76239E-6 6.33575E-7 6.58256E-7 5.31566E-7 4.38393E-7 4.25848E-7 3.55669E-7 3.18072E-7 4.76464E-7 2.32742E-7 1.10404E-7
1.41466E-6 2.38964E-6 1.15769E-6 1.22088E-6 1.23632E-6 1.68755E-6 4.1212E-6 4.83639E-6 5.66822E-6 8.8827E-6 1.07249E-5 1.08723E-5 1.32136E-5 1.92108E-5 2.56235E-5 4.18187E-5 6.01818E-5 6.95578E-5 1.52401E-4 1.71274E-4 1.89385E-4 8.84029E-5 9.04557E-5 1.02936E-4 2.59997E-4 2.77136E-4 2.97265E-4 2.76025E-4 1.27358E-4 1.5358E-4 4.06224E-4 4.10338E-4 4.0217E-4 3.8171E-4 4.34801E-4 4.82605E-4 5.62854E-4 6.56128E-4 7.75764E-4 7.32878E-4 6.05024E-4 5.1992E-4 4.08759E-4 3.97704E-4 2.71211E-4 1.68762E-4 3.00733E-5 9.28951E-6 4.8506E-6 2.08634E-6 1.32256E-6 3.14727E-7 6.73882E-8 1.78992E-7 1.93635E-7 4.30949E-7 3.10783E-6 3.42774E-6 3.73654E-6 3.89781E-6 1.02027E-6 1.40998E-6 1.00971E-6 1.4397E-6 6.63022E-7 4.42529E-7 4.69183E-7 -9999 -9999 2.49918E-7
3.23797E-6 1.43982E-6 1.3244E-6 1.2541E-6 3.70503E-6 3.96061E-6 4.2385E-6 4.56299E-6 5.89177E-6 8.77021E-6 1.39657E-5 1.58498E-5 2.15812E-5 3.17447E-5 3.461E-5 4.8269E-5 6.1981E-5 6.18944E-5 1.33816E-4 1.4853E-4 1.72309E-4 8.62535E-5 8.98583E-5 1.96106E-4 2.18998E-4 2.38614E-4 2.64608E-4 2.81558E-4 3.19958E-4 3.45876E-4 3.90967E-4 3.9919E-4 3.85857E-4 3.73147E-4 3.96741E-4 4.20542E-4 4.32235E-4 5.17588E-4 5.66902E-4 6.26214E-4 6.88446E-4 6.25035E-4 5.2842E-4 4.95474E-4 3.82614E-4 2.79309E-4 2.04927E-4 3.95541E-5 1.18105E-5 6.03972E-6 2.31384E-6 8.13593E-7 1.07003E-7 4.28424E-8 2.12238E-7 4.18032E-7 2.20387E-6 2.74029E-6 2.46693E-6 5.27517E-7 2.86122E-6 1.74797E-6 7.93645E-7 1.57389E-6 2.70527E-6 1.14592E-6 6.84305E-7 -9999 -9999 -9999
3.91158E-6 3.39831E-6 2.9657E-6 3.89058E-6 3.98904E-6 4.42261E-6 4.81962E-6 5.47996E-6 6.87138E-6 7.55987E-6 1.41016E-5 1.9838E-5 2.5591E-5 3.27895E-5 4.18518E-5 4.69315E-5 5.23765E-5 1.22179E-4 1.2902E-4 1.36465E-4 1.44276E-4 1.51187E-4 1.49707E-4 1.58049E-4 1.71783E-4 1.95421E-4 2.1435E-4 2.42829E-4 2.87794E-4 3.15717E-4 3.66791E-4 3.84015E-4 3.85425E-4 3.36344E-4 3.36281E-4 3.54612E-4 3.70742E-4 3.97852E-4 4.46429E-4 5.10962E-4 6.61433E-4 6.55714E-4 5.89013E-4 5.36961E-4 4.77687E-4 4.23051E-4 3.01721E-4 1.01486E-4 1.82219E-5 1.24486E-5 5.34685E-6 1.64116E-6 6.05237E-7 9.91292E-8 4.19143E-8 9.61835E-8 2.18626E-7 3.86802E-7 2.97945E-7 4.19554E-7 2.19365E-6 2.33569E-6 1.11228E-6 2.12563E-6 3.54046E-6 3.97004E-6 2.52353E-6 4.06857E-6 -9999 -9999
3.80075E-6 4.06945E-6 4.96568E-6 4.61621E-6 4.7056E-6 4.98577E-6 5.91145E-6 6.51972E-6 7.81875E-6 8.59967E-6 1.21793E-5 2.03044E-5 2.69811E-5 3.11851E-5 3.83266E-5 3.80182E-5 5.16826E-5 1.14841E-4 1.22795E-4 1.31219E-4 1.32991E-4 1.30423E-4 1.31691E-4 1.32416E-4 1.43651E-4 1.56116E-4 1.6974E-4 1.9318E-4 2.32563E-4 2.82786E-4 3.10217E-4 3.2044E-4 3.21292E-4 3.15553E-4 3.08105E-4 2.93541E-4 3.12536E-4 3.35646E-4 3.7752E-4 4.7881E-4 5.91186E-4 6.99045E-4 5.76572E-4 5.58148E-4 2.29319E-4 2.06755E-4 1.68625E-4 1.29044E-4 9.78679E-5 4.24703E-5 8.90848E-6 2.59776E-6 7.47555E-7 5.8183E-7 1.60428E-7 2.30986E-7 3.67273E-7 3.14634E-7 3.50468E-7 3.29981E-7 4.83466E-7 2.10224E-6 2.01543E-6 2.10283E-6 2.50857E-6 2.31667E-6 1.81007E-6 5.12847E-6 -9999 -9999
5.61857E-6 4.2387E-6 6.028E-6 5.66916E-6 5.82469E-6 6.12477E-6 6.40072E-6 7.30109E-6 8.60148E-6 9.62417E-6 1.31369E-5 1.51925E-5 2.52337E-5 2.94563E-5 3.26531E-5 2.95236E-5 4.95967E-5 1.13623E-4 5.17853E-5 1.22621E-4 1.21031E-4 1.19019E-4 4.58068E-5 4.71824E-5 4.97855E-5 1.2685E-4 1.35551E-4 1.49256E-4 1.78498E-4 2.20074E-4 2.71403E-4 2.90968E-4 2.74561E-4 2.74789E-4 2.65477E-4 2.7317E-4 2.84192E-4 3.08977E-4 3.47932E-4 4.19189E-4 5.66277E-4 6.82473E-4 5.6622E-4 5.22039E-4 2.2327E-4 2.02887E-4 1.89317E-4 1.50754E-4 1.22663E-4 2.21878E-4 1.62877E-5 4.17495E-6 7.99881E-7 8.64581E-7 1.23879E-6 6.16108E-7 5.09634E-7 8.94118E-7 5.03866E-7 5.32674E-7 2.97922E-7 1.73659E-6 1.79426E-6 1.9187E-6 1.98838E-6 2.31742E-6 3.64404E-6 4.83042E-6 -9999 -9999
5.63365E-6 7.0622E-6 6.78151E-6 6.76421E-6 6.49191E-6 6.94836E-6 6.91983E-6 7.82939E-6 9.49145E-6 1.06789E-5 1.21639E-5 1.5918E-5 2.28611E-5 2.77752E-5 2.24143E-5 2.26267E-5 4.42815E-5 4.9292E-5 5.15803E-5 5.18706E-5 4.91255E-5 4.52356E-5 4.16143E-5 4.26769E-5 4.36747E-5 4.92085E-5 5.41643E-5 1.28811E-4 1.4715E-4 1.78953E-4 2.17862E-4 2.50661E-4 2.75876E-4 2.66385E-4 2.61473E-4 2.6141E-4 2.66207E-4 2.85888E-4 3.24554E-4 3.9549E-4 5.03927E-4 7.02381E-4 5.46058E-4 5.37832E-4 2.29523E-4 2.23377E-4 2.10804E-4 1.82259E-4 3.53267E-4 2.85338E-4 2.02953E-4 1.48527E-5 7.15542E-6 4.98523E-6 2.70261E-6 2.87038E-6 1.62522E-6 1.30854E-6 5.1691E-7 2.50571E-7 2.91509E-7 3.55592E-7 4.62218E-7 6.13025E-7 2.83549E-6 3.42761E-6 4.38516E-6 2.29066E-6 2.10225E-6 -9999
5.84369E-6 7.119E-6 6.51127E-6 6.55957E-6 7.08145E-6 6.73696E-6 7.76845E-6 8.07614E-6 8.72823E-6 9.42808E-6 1.13646E-5 1.75229E-5 2.41005E-5 2.64484E-5 2.35423E-5 2.74037E-5 4.29489E-5 4.93073E-5 5.03835E-5 4.69215E-5 4.6486E-5 4.52667E-5 4.24316E-5 4.11884E-5 4.12159E-5 4.20779E-5 4.46269E-5 4.96751E-5 1.29E-4 1.47119E-4 1.83424E-4 2.49318E-4 2.76039E-4 2.82679E-4 2.7723E-4 2.60927E-4 2.55765E-4 2.71858E-4 3.06921E-4 3.59431E-4 4.42701E-4 5.44228E-4 6.62239E-4 6.8164E-4 2.94975E-4 2.96007E-4 2.73878E-4 4.94013E-4 4.03557E-4 3.65401E-4 3.0399E-4 2.3111E-4 1.70229E-5 1.2665E-5 8.33049E-6 5.5821E-6 3.71998E-6 1.23014E-6 4.93341E-7 5.67958E-7 7.94011E-7 9.24148E-7 5.01604E-7 4.10814E-7 1.7002E-6 2.38411E-6 1.75959E-6 1.90282E-6 1.76966E-6 -9999
7.9374E-6 7.41659E-6 7.09672E-6 7.23733E-6 7.25343E-6 7.61531E-6 7.04247E-6 7.84791E-6 8.41629E-6 9.99878E-6 1.32392E-5 1.80525E-5 2.09029E-5 2.25214E-5 2.52788E-5 3.00083E-5 3.7995E-5 4.77482E-5 4.68128E-5 4.69671E-5 4.72554E-5 4.54193E-5 4.24747E-5 4.09003E-5 3.8939E-5 3.78879E-5 3.80868E-5 4.01199E-5 4.49633E-5 1.21735E-4 1.55239E-4 2.37659E-4 2.90939E-4 3.10663E-4 2.94029E-4 2.67389E-4 2.50521E-4 2.49875E-4 2.72603E-4 3.04423E-4 3.71114E-4 4.15039E-4 4.67517E-4 5.6396E-4 7.00055E-4 7.44168E-4 8.22479E-4 6.34288E-4 5.16489E-4 4.47913E-4 4.65135E-4 3.59531E-4 2.46977E-4 1.81824E-5 3.45882E-5 8.4996E-6 3.94152E-6 1.50631E-6 1.82974E-6 1.43376E-6 6.00661E-7 4.28469E-7 5.45433E-7 5.81899E-7 6.39438E-7 1.3421E-6 1.36595E-6 1.37998E-6 1.40908E-6 1.59945E-6
7.34033E-6 6.42819E-6 7.16552E-6 7.31259E-6 7.78618E-6 7.31352E-6 7.73415E-6 8.38195E-6 9.1226E-6 9.85757E-6 1.4117E-5 1.87307E-5 1.95501E-5 2.30258E-5 2.53701E-5 3.71611E-5 4.24295E-5 4.80369E-5 4.51505E-5 4.70018E-5 4.70369E-5 4.69331E-5 4.43278E-5 3.92762E-5 3.69173E-5 3.56377E-5 3.35389E-5 3.45806E-5 3.75513E-5 4.56097E-5 1.46707E-4 2.16996E-4 3.16069E-4 3.3783E-4 3.02282E-4 2.69488E-4 2.52963E-4 2.4259E-4 2.5564E-4 2.81982E-4 3.00905E-4 3.50742E-4 3.73349E-4 4.93615E-4 6.51303E-4 7.06715E-4 7.44963E-4 7.87219E-4 6.93436E-4 6.12601E-4 5.32831E-4 4.23424E-4 3.07799E-4 2.35182E-4 1.50964E-4 3.45018E-5 6.20681E-6 2.67727E-6 1.37445E-6 7.63552E-7 8.80462E-7 4.75729E-7 5.86074E-7 5.70222E-7 7.62456E-7 6.61098E-7 3.87815E-7 1.17985E-6 1.49829E-6 1.64052E-6
7.43305E-6 6.02109E-6 7.67324E-6 9.64816E-6 1.09015E-5 9.51896E-6 3.90385E-6 4.0208E-6 4.82429E-6 5.51335E-6 1.58767E-5 1.77005E-5 1.99313E-5 2.27316E-5 3.01902E-5 3.75861E-5 3.89326E-5 4.57977E-5 4.40211E-5 4.67787E-5 4.63536E-5 4.65454E-5 4.27588E-5 3.78855E-5 3.5128E-5 3.31671E-5 3.05945E-5 2.99902E-5 3.14025E-5 3.90172E-5 5.51597E-5 1.90203E-4 3.24239E-4 3.44801E-4 2.99952E-4 2.54781E-4 2.36158E-4 2.2523E-4 2.41874E-4 2.64204E-4 2.77623E-4 2.91895E-4 3.65044E-4 5.13912E-4 6.65178E-4 6.6517E-4 6.82434E-4 7.55745E-4 8.08261E-4 6.72523E-4 5.58116E-4 4.64231E-4 3.62723E-4 2.97191E-4 2.60129E-4 5.10938E-5 1.22788E-5 2.90621E-6 1.08146E-6 9.72799E-7 5.1253E-7 5.22507E-7 5.44961E-7 5.26641E-7 5.33531E-7 5.56997E-7 5.00039E-7 4.03857E-7 4.0023E-7 1.09579E-6
7.8106E-6 8.29676E-6 1.08957E-5 1.06277E-5 1.05384E-5 4.91593E-6 4.53694E-6 4.47755E-6 5.19974E-6 5.90238E-6 1.60818E-5 1.94149E-5 2.22802E-5 2.69955E-5 3.71989E-5 4.28108E-5 3.55333E-5 4.77988E-5 4.63011E-5 4.38071E-5 4.32064E-5 4.20494E-5 3.89841E-5 3.64888E-5 3.33373E-5 3.157E-5 2.96572E-5 2.76845E-5 2.87573E-5 3.73871E-5 4.87889E-5 1.56964E-4 2.51697E-4 2.63917E-4 2.07314E-4 1.9359E-4 1.95621E-4 2.13125E-4 2.1657E-4 2.36966E-4 2.54088E-4 2.78057E-4 3.51191E-4 4.53134E-4 5.25381E-4 5.46203E-4 5.5706E-4 6.29946E-4 7.81261E-4 6.96007E-4 5.8441E-4 5.39229E-4 4.86197E-4 3.81368E-4 3.1004E-4 2.44431E-4 4.54169E-5 7.55209E-6 1.15458E-6 6.10028E-7 4.39656E-7 3.57753E-7 2.86764E-7 2.6064E-7 2.35279E-7 3.03523E-7 4.36667E-7 4.52233E-7 3.13455E-7 2.86519E-7
8.21027E-6 6.16308E-6 6.19114E-6 8.06636E-6 1.02837E-5 1.0164E-5 9.75597E-6 4.63011E-6 5.1405E-6 1.46736E-5 1.89395E-5 2.31644E-5 2.84264E-5 3.55705E-5 4.48353E-5 5.01585E-5 4.96748E-5 4.87997E-5 2.0597E-5 4.25135E-5 3.93526E-5 3.75338E-5 3.54333E-5 3.46149E-5 3.2733E-5 3.1737E-5 2.99702E-5 2.87594E-5 3.08576E-5 3.70725E-5 4.54045E-5 5.72813E-5 1.61928E-4 1.73358E-4 1.57853E-4 1.49569E-4 1.65502E-4 1.81116E-4 2.05391E-4 2.26282E-4 2.39161E-4 2.68737E-4 3.35497E-4 4.04079E-4 4.69197E-4 4.91622E-4 5.01376E-4 5.57897E-4 7.22422E-4 7.21473E-4 6.62433E-4 6.20962E-4 5.94815E-4 4.97704E-4 3.65027E-4 3.21364E-4 2.22994E-4 3.53662E-5 5.30608E-6 9.36126E-7 2.95629E-7 2.4247E-7 1.96571E-7 1.22152E-7 1.00292E-7 1.46478E-7 2.47464E-7 3.47003E-7 3.60906E-7 2.93716E-7
8.47384E-6 7.66763E-6 5.85318E-6 6.24221E-6 9.00035E-6 1.12987E-5 1.19439E-5 5.81931E-6 7.17574E-6 1.99775E-5 2.46004E-5 2.94573E-5 3.5099E-5 4.04259E-5 4.46962E-5 4.86728E-5 4.91571E-5 5.21866E-5 2.07819E-5 3.91896E-5 3.66953E-5 3.48507E-5 3.34171E-5 3.24921E-5 3.19063E-5 3.19039E-5 3.33683E-5 3.02922E-5 3.31222E-5 3.65607E-5 4.19952E-5 4.87342E-5 5.62099E-5 1.26991E-4 1.26178E-4 1.23506E-4 1.2936E-4 1.57572E-4 1.9298E-4 2.51238E-4 2.57921E-4 2.7698E-4 3.36815E-4 4.29322E-4 4.78557E-4 4.44179E-4 4.10042E-4 4.34704E-4 5.91299E-4 8.52206E-4 8.05887E-4 6.73283E-4 6.49519E-4 5.1648E-4 4.42632E-4 3.91601E-4 2.53692E-4 4.43042E-5 2.39503E-5 8.99989E-6 1.22221E-6 5.32622E-7 5.37512E-7 2.57372E-7 6.40213E-8 6.89073E-8 2.43108E-7 4.09283E-7 3.98572E-7 5.80298E-7
9.69894E-6 1.54309E-5 1.83464E-5 1.37416E-5 1.07982E-5 1.30528E-5 1.78378E-5 1.98773E-5 2.22484E-5 2.6286E-5 3.37035E-5 3.93274E-5 4.43345E-5 4.42314E-5 4.15927E-5 5.38345E-5 4.34808E-5 5.45282E-5 4.48515E-5 3.64151E-5 3.2728E-5 3.25062E-5 3.1315E-5 3.07395E-5 3.4075E-5 3.4668E-5 3.47206E-5 3.45113E-5 3.40517E-5 3.4109E-5 3.71838E-5 4.20336E-5 4.83329E-5 4.83644E-5 4.83199E-5 4.9235E-5 5.20574E-5 1.44483E-4 1.83247E-4 2.32484E-4 2.33679E-4 2.68109E-4 3.51258E-4 4.43722E-4 4.92951E-4 4.74226E-4 4.0402E-4 3.9593E-4 5.18345E-4 6.69735E-4 7.42161E-4 8.29567E-4 6.5678E-4 6.98774E-4 4.41538E-4 3.70302E-4 2.85346E-4 2.01486E-4 3.95912E-5 2.46499E-5 8.41118E-6 4.14915E-6 9.88987E-7 5.47041E-7 4.00569E-7 1.22702E-7 2.00065E-7 6.07423E-7 1.50213E-6 1.04674E-6
1.39572E-5 3.32141E-5 4.71966E-5 6.76544E-5 3.71697E-5 1.83943E-5 1.96971E-5 3.13114E-5 3.6669E-5 3.94903E-5 4.2357E-5 5.04143E-5 5.37753E-5 4.01736E-5 5.36346E-5 6.48554E-5 5.09684E-5 5.63693E-5 4.2946E-5 3.56476E-5 3.24261E-5 3.16711E-5 3.09955E-5 2.99321E-5 3.34144E-5 3.52882E-5 3.4717E-5 3.1283E-5 3.35735E-5 3.22498E-5 3.53624E-5 3.89754E-5 4.31608E-5 4.21333E-5 4.49954E-5 4.51835E-5 5.33014E-5 1.41472E-4 1.76445E-4 2.167E-4 2.22126E-4 2.54194E-4 3.40948E-4 4.45125E-4 4.59289E-4 4.73204E-4 4.2252E-4 4.91229E-4 5.3653E-4 6.13187E-4 6.44334E-4 7.32736E-4 6.26878E-4 5.91325E-4 6.1255E-4 4.88232E-4 3.68797E-4 2.70362E-4 1.95356E-4 3.72218E-5 1.7523E-5 9.97368E-6 1.03625E-5 3.36159E-6 1.03485E-6 1.45071E-6 5.70363E-7 6.40133E-7 3.94686E-7 4.36939E-7
1.95389E-5 1.70163E-5 4.94951E-5 1.30856E-4 6.28703E-5 4.3321E-5 3.68852E-5 3.94E-5 4.18619E-5 3.69577E-5 4.04214E-5 4.45902E-5 4.91571E-5 6.68257E-5 6.80818E-5 5.72203E-5 6.77597E-5 5.67362E-5 4.62837E-5 3.94609E-5 3.52488E-5 3.23721E-5 3.13052E-5 3.06814E-5 3.2357E-5 3.07441E-5 3.0096E-5 3.02367E-5 2.81976E-5 3.13089E-5 3.45559E-5 3.88645E-5 4.08819E-5 4.12768E-5 4.12464E-5 4.34515E-5 5.26987E-5 6.1875E-5 1.60948E-4 1.84966E-4 1.95611E-4 2.33901E-4 2.99843E-4 3.75213E-4 4.19802E-4 4.48969E-4 4.29985E-4 4.7348E-4 5.04775E-4 4.85495E-4 5.02068E-4 5.44185E-4 5.77533E-4 6.52557E-4 7.75936E-4 6.27505E-4 4.85758E-4 3.41779E-4 2.44189E-4 1.47006E-4 2.66255E-5 1.74894E-5 1.71931E-5 1.9462E-5 6.61963E-6 2.57778E-6 3.65022E-7 3.20477E-7 6.45539E-7 2.99205E-7
3.14586E-5 3.80709E-5 4.15561E-5 4.39142E-5 4.83534E-5 4.81042E-5 4.49277E-5 4.0703E-5 4.30294E-5 4.36027E-5 5.04812E-5 5.91151E-5 7.55545E-5 7.5469E-5 7.94186E-5 6.55252E-5 1.52114E-4 5.95557E-5 5.35283E-5 4.68336E-5 3.93944E-5 3.36993E-5 3.16879E-5 2.86159E-5 2.88983E-5 2.93214E-5 2.89846E-5 2.8616E-5 2.73116E-5 3.04981E-5 3.34812E-5 3.73123E-5 4.27183E-5 4.52119E-5 4.53202E-5 4.65223E-5 5.14796E-5 5.71785E-5 6.25719E-5 1.58887E-4 1.65682E-4 2.02452E-4 2.48756E-4 3.24922E-4 3.76121E-4 4.06096E-4 4.05623E-4 4.39778E-4 4.50829E-4 4.25508E-4 3.88856E-4 3.74806E-4 5.43067E-4 6.79645E-4 6.98167E-4 6.92331E-4 6.1734E-4 4.10298E-4 2.79415E-4 2.00339E-4 1.19881E-4 2.72874E-5 2.46945E-5 2.87463E-5 2.89124E-5 1.39478E-5 1.89384E-6 7.51762E-7 5.82934E-7 3.51752E-7
2.75167E-5 3.4398E-5 3.82383E-5 4.00707E-5 4.08041E-5 4.18099E-5 4.53034E-5 4.43038E-5 4.38923E-5 4.96075E-5 5.36121E-5 6.19108E-5 7.24661E-5 7.46931E-5 8.00889E-5 7.77435E-5 1.58031E-4 6.93569E-5 6.37744E-5 5.61969E-5 4.43197E-5 3.49634E-5 2.94124E-5 2.80391E-5 2.74158E-5 2.84049E-5 2.78597E-5 2.79228E-5 2.6857E-5 2.87091E-5 3.46989E-5 3.92582E-5 4.46903E-5 4.80106E-5 4.8327E-5 4.69089E-5 4.90698E-5 4.96995E-5 5.26155E-5 5.866E-5 6.456E-5 1.73097E-4 2.10877E-4 2.64039E-4 3.23985E-4 3.69317E-4 4.10107E-4 4.41014E-4 4.67429E-4 4.53067E-4 4.20054E-4 4.30861E-4 5.8604E-4 6.12305E-4 4.30634E-4 4.56925E-4 7.36149E-4 5.09525E-4 3.23199E-4 2.21573E-4 1.76879E-4 1.21632E-4 3.45403E-5 3.48849E-5 3.2772E-5 2.07306E-5 1.21946E-5 2.35846E-6 1.57864E-6 9.94163E-7
