KUENM_DEFAULT/Final_Models2/M_1_F_lqpth_Set_1_NE/sp1_se_asia.asc
ncols         320
nrows         243
xllcorner     44.0
yllcorner     -0.666666666666667
cellsize      0.166666666666667
NODATA_value  -9999
[rows 93 to 123 of 243, columns 140 to 209 of 320]
2.38881E-5 2.73723E-5 3.17822E-5 3.68997E-5 4.31128E-5 1.14776E-4 1.36483E-4 1.63579E-4 1.2911E-4 1.46376E-4 2.34629E-4 2.62595E-4 2.85816E-4 3.2408E-4 3.51142E-4 3.93586E-4 4.24339E-4 4.84504E-4 5.60722E-4 6.25717E-4 6.57144E-4 4.85933E-4 5.30726E-4 5.71264E-4 6.18669E-4 6.52367E-4 6.61339E-4 6.8997E-4 7.64597E-4 7.95004E-4 5.28742E-4 2.8925E-4 1.52863E-4 1.5549E-4 1.99066E-4 1.20232E-4 1.46796E-4 2.20882E-4 3.47549E-4 5.5843E-4 4.00928E-4 2.48083E-4 2.17604E-4 1.69845E-4 2.04204E-4 1.89162E-4 2.13386E-4 2.3722E-4 2.65731E-4 2.73961E-4 2.92134E-4 2.72443E-4 1.67194E-4 1.60584E-4 1.71976E-4 1.73967E-4 1.3615E-4 3.52086E-5 1.61899E-4 1.60153E-4 1.78145E-4 1.78299E-4 1.91279E-4 1.57503E-4 3.9138E-5 2.98444E-5 2.38292E-5 1.95781E-5 1.89927E-5 2.04754E-5
2.34197E-5 2.72871E-5 0E0 3.68805E-5 9.81504E-5 1.20287E-4 1.48087E-4 1.28935E-4 1.62968E-4 1.84043E-4 2.02425E-4 3.1416E-4 3.4499E-4 3.85509E-4 4.02065E-4 4.20815E-4 4.54466E-4 5.05458E-4 6.00134E-4 6.48634E-4 4.88982E-4 5.32291E-4 5.73988E-4 6.29421E-4 6.81518E-4 7.54778E-4 7.56163E-4 7.55777E-4 8.1466E-4 8.4623E-4 5.69851E-4 3.75836E-4 2.31384E-4 2.18617E-4 2.08509E-4 1.24913E-4 1.68584E-4 2.8532E-4 4.3587E-4 6.18415E-4 4.91301E-4 3.51081E-4 3.42842E-4 2.17973E-4 1.89062E-4 1.84293E-4 2.10849E-4 2.25921E-4 2.5914E-4 2.04653E-4 2.75039E-4 2.43418E-4 2.39783E-4 1.74187E-4 1.79859E-4 1.76924E-4 1.24983E-4 3.61189E-5 1.66731E-4 2.1626E-4 2.09831E-4 1.87849E-4 1.87101E-4 4.36342E-5 3.52176E-5 2.51297E-5 2.02703E-5 1.72456E-5 1.76624E-5 1.7001E-5
-9999 2.78709E-5 7.216E-5 8.55871E-5 1.01862E-4 1.28919E-4 1.15699E-4 1.51147E-4 1.95595E-4 2.26975E-4 2.44187E-4 2.61118E-4 2.75827E-4 2.98194E-4 3.05093E-4 2.80841E-4 3.12093E-4 3.7756E-4 4.30689E-4 4.73495E-4 5.04832E-4 5.5974E-4 6.15384E-4 6.66143E-4 7.24134E-4 7.98125E-4 8.36585E-4 8.48673E-4 9.03566E-4 8.43753E-4 7.65111E-4 4.82106E-4 3.08163E-4 2.24937E-4 1.88904E-4 1.671E-4 1.87259E-4 2.80921E-4 4.98416E-4 5.80876E-4 6.45782E-4 4.7575E-4 3.37261E-4 1.99959E-4 1.94984E-4 1.86985E-4 2.02645E-4 2.2067E-4 2.5591E-4 1.90815E-4 2.24105E-4 2.10195E-4 2.30417E-4 2.54921E-4 1.71045E-4 1.66972E-4 1.23242E-4 3.43893E-5 1.56034E-4 2.16849E-4 2.10069E-4 1.97704E-4 4.07277E-5 3.02163E-5 2.50284E-5 1.9882E-5 1.64619E-5 1.52674E-5 1.5027E-5 1.7233E-5
-9999 -9999 -9999 -9999 1.11049E-4 9.58931E-5 1.21264E-4 -9999 2.02492E-4 2.24597E-4 2.55532E-4 2.77053E-4 2.79885E-4 2.64819E-4 2.4829E-4 2.47707E-4 2.96397E-4 3.84462E-4 4.29765E-4 4.88975E-4 5.41385E-4 5.94445E-4 6.51982E-4 7.02654E-4 7.42961E-4 7.54837E-4 7.8149E-4 8.46537E-4 8.69792E-4 8.11637E-4 6.9592E-4 5.16238E-4 3.7614E-4 2.5754E-4 2.06556E-4 2.22689E-4 2.1839E-4 2.22943E-4 3.40149E-4 4.83579E-4 4.77555E-4 3.5719E-4 2.29093E-4 1.97199E-4 1.33723E-4 1.23807E-4 1.44428E-4 1.67239E-4 1.66386E-4 1.71097E-4 2.25093E-4 2.15387E-4 2.2748E-4 2.35618E-4 1.57018E-4 1.20524E-4 1.10632E-4 4.49365E-5 4.15304E-5 1.84388E-4 2.05135E-4 1.43469E-4 3.29421E-5 2.36765E-5 1.97535E-5 1.62925E-5 1.37032E-5 1.33238E-5 1.32595E-5 1.66206E-5
-9999 -9999 -9999 -9999 -9999 -9999 1.28911E-4 1.55058E-4 1.81209E-4 2.06538E-4 2.42206E-4 2.76949E-4 2.7677E-4 2.08096E-4 7.12E-5 1.97968E-4 2.89409E-4 3.81246E-4 4.33672E-4 4.91425E-4 5.50903E-4 6.18739E-4 6.76597E-4 7.26212E-4 7.67317E-4 7.79069E-4 7.9067E-4 8.63869E-4 8.93681E-4 6.96783E-4 5.90716E-4 4.98095E-4 4.06826E-4 3.22259E-4 2.51875E-4 2.47626E-4 2.527E-4 2.74385E-4 3.48309E-4 4.22489E-4 3.98612E-4 2.63552E-4 1.5669E-4 1.44015E-4 1.20298E-4 1.09148E-4 1.44456E-4 1.54905E-4 1.49783E-4 2.213E-4 2.12561E-4 2.24199E-4 2.14939E-4 2.02989E-4 1.14039E-4 1.06704E-4 3.14735E-5 3.63783E-5 3.4963E-5 4.35001E-5 1.50236E-4 3.63433E-5 2.51935E-5 1.9685E-5 1.61089E-5 1.36906E-5 1.2049E-5 1.11829E-5 1.24253E-5 1.6554E-5
-9999 -9999 -9999 -9999 -9999 -9999 -9999 1.45035E-4 1.69448E-4 1.97209E-4 2.23272E-4 2.55056E-4 2.5861E-4 2.32185E-4 2.00407E-4 2.39023E-4 3.27059E-4 3.98396E-4 4.5328E-4 4.92224E-4 5.72631E-4 6.37584E-4 6.95201E-4 7.47615E-4 7.85983E-4 8.09493E-4 8.36558E-4 8.98748E-4 7.77962E-4 6.01286E-4 4.85645E-4 4.3929E-4 4.23154E-4 3.76839E-4 3.17749E-4 2.94682E-4 2.86266E-4 2.82638E-4 3.01489E-4 3.51097E-4 3.51632E-4 2.42142E-4 1.45679E-4 1.34492E-4 9.5957E-5 8.84694E-5 1.19741E-4 1.28831E-4 1.39823E-4 2.11858E-4 2.08307E-4 2.07828E-4 1.86349E-4 4.45193E-5 4.28555E-5 2.97092E-5 2.69843E-5 2.91176E-5 2.5591E-5 2.92999E-5 3.18419E-5 2.68288E-5 2.15085E-5 1.77477E-5 1.49496E-5 1.25701E-5 1.19377E-5 1.08917E-5 1.2175E-5 1.44027E-5
-9999 -9999 -9999 -9999 -9999 -9999 -9999 -9999 1.53967E-4 1.76486E-4 2.06123E-4 2.15693E-4 2.22373E-4 3.27923E-4 3.55651E-4 4.06592E-4 3.31492E-4 3.98843E-4 4.69898E-4 5.32172E-4 5.9583E-4 6.66015E-4 7.24647E-4 7.69112E-4 8.19215E-4 8.57073E-4 8.54738E-4 9.00297E-4 7.00983E-4 5.42467E-4 4.25319E-4 3.72547E-4 4.10827E-4 3.72292E-4 3.05102E-4 2.8132E-4 2.87027E-4 2.8982E-4 2.4891E-4 2.23363E-4 2.31748E-4 2.01838E-4 1.05847E-4 9.49783E-5 1.29916E-4 1.22075E-4 1.6563E-4 1.19192E-4 1.42037E-4 2.09583E-4 2.05819E-4 1.93169E-4 1.35729E-4 3.5191E-5 3.66089E-5 3.74699E-5 3.391E-5 2.41378E-5 1.62976E-5 1.96166E-5 2.18798E-5 2.14126E-5 1.84135E-5 1.63276E-5 1.41614E-5 1.5994E-5 1.91285E-5 1.77349E-5 1.65142E-5 1.68042E-5
-9999 -9999 -9999 -9999 -9999 -9999 -9999 -9999 -9999 1.54493E-4 1.76075E-4 1.91081E-4 2.05009E-4 3.12556E-4 3.38213E-4 3.84811E-4 3.20279E-4 3.91143E-4 -9999 5.22232E-4 6.20008E-4 6.93258E-4 7.39905E-4 7.59405E-4 8.13963E-4 8.13484E-4 7.33158E-4 8.84785E-4 6.35169E-4 5.09566E-4 4.27703E-4 3.61001E-4 3.59187E-4 3.26196E-4 2.7262E-4 2.42245E-4 2.53745E-4 2.37522E-4 1.95457E-4 1.75051E-4 1.69991E-4 1.63706E-4 1.32949E-4 1.30622E-4 1.33829E-4 1.34061E-4 1.30163E-4 1.2883E-4 1.48763E-4 1.51107E-4 1.86778E-4 1.35559E-4 3.42895E-5 3.14004E-5 3.34963E-5 3.46725E-5 3.36182E-5 2.54999E-5 1.70601E-5 1.68083E-5 1.80435E-5 1.79198E-5 1.47043E-5 1.49942E-5 1.60364E-5 1.73458E-5 1.90184E-5 2.03209E-5 2.14361E-5 2.23937E-5
-9999 -9999 -9999 -9999 -9999 -9999 -9999 -9999 -9999 -9999 -9999 1.69762E-4 1.90456E-4 2.08462E-4 2.34966E-4 2.70003E-4 -9999 -9999 4.38255E-4 5.2632E-4 6.4531E-4 7.33144E-4 1.10995E-3 1.0916E-3 1.08256E-3 7.39335E-4 7.02234E-4 8.5096E-4 5.90703E-4 4.15118E-4 4.16486E-4 3.82174E-4 3.02456E-4 2.78177E-4 2.84072E-4 2.6516E-4 2.43273E-4 2.09349E-4 1.73886E-4 1.71771E-4 1.66295E-4 1.85157E-4 1.9793E-4 1.90013E-4 1.5082E-4 1.27254E-4 1.31918E-4 1.31834E-4 1.51423E-4 1.47806E-4 1.69453E-4 3.81102E-5 3.25056E-5 3.02003E-5 3.06877E-5 3.20729E-5 3.28117E-5 2.68158E-5 2.22967E-5 2.09022E-5 1.84176E-5 1.43632E-5 1.28696E-5 1.51553E-5 1.49575E-5 1.57484E-5 1.83113E-5 2.13972E-5 2.43822E-5 2.5607E-5
-9999 -9999 -9999 -9999 -9999 -9999 -9999 -9999 -9999 -9999 -9999 -9999 -9999 -9999 -9999 -9999 -9999 -9999 4.30775E-4 5.14934E-4 6.59958E-4 7.85203E-4 7.81999E-4 7.485E-4 1.00501E-3 9.19447E-4 7.08368E-4 8.23048E-4 5.56444E-4 3.82353E-4 3.99191E-4 3.51326E-4 2.57327E-4 2.21442E-4 2.78675E-4 2.85104E-4 2.34444E-4 1.83888E-4 1.20787E-4 1.18443E-4 1.54465E-4 1.93893E-4 2.08356E-4 2.16184E-4 1.56794E-4 1.30275E-4 1.24865E-4 1.26269E-4 1.36749E-4 1.34228E-4 1.33996E-4 3.65242E-5 3.22203E-5 2.97701E-5 3.09951E-5 3.60836E-5 4.26008E-5 4.04001E-5 3.44031E-5 3.08435E-5 2.59216E-5 2.17663E-5 1.91004E-5 1.63119E-5 1.40224E-5 1.30234E-5 1.53477E-5 1.76324E-5 2.01583E-5 2.13005E-5
-9999 -9999 -9999 -9999 -9999 -9999 -9999 -9999 -9999 -9999 -9999 -9999 -9999 -9999 -9999 -9999 -9999 4.0612E-4 4.70292E-4 4.99384E-4 7.0543E-4 8.02378E-4 8.09654E-4 7.57891E-4 6.83444E-4 6.44082E-4 7.16799E-4 7.68533E-4 5.84586E-4 4.89027E-4 4.45893E-4 3.48713E-4 2.43213E-4 2.16492E-4 2.57385E-4 2.54293E-4 2.08504E-4 1.3253E-4 3.00006E-5 2.9161E-5 1.05758E-4 1.44904E-4 1.76497E-4 1.89833E-4 1.696E-4 1.44622E-4 1.30788E-4 1.24056E-4 1.18168E-4 1.1242E-4 8.2385E-5 3.56905E-5 4.24481E-5 4.48894E-5 4.25562E-5 4.80032E-5 4.82913E-5 4.32382E-5 3.619E-5 3.11347E-5 2.49028E-5 2.28921E-5 1.85693E-5 1.58774E-5 1.21695E-5 1.00847E-5 8.50913E-6 1.44335E-5 1.82628E-5 5.34371E-6
-9999 -9999 -9999 -9999 -9999 -9999 -9999 -9999 -9999 -9999 -9999 -9999 -9999 -9999 2.57056E-4 3.12737E-4 3.62094E-4 4.12416E-4 4.63659E-4 5.83955E-4 6.45743E-4 5.87562E-4 5.70052E-4 6.65862E-4 6.72388E-4 6.47295E-4 6.79638E-4 7.33139E-4 6.24113E-4 5.63523E-4 4.93342E-4 3.80228E-4 2.85226E-4 2.49586E-4 2.3043E-4 2.09513E-4 1.39586E-4 3.09041E-5 2.46505E-5 2.73228E-5 3.36739E-5 1.53957E-4 1.9269E-4 2.24669E-4 2.51636E-4 2.39807E-4 2.3007E-4 1.87724E-4 1.32543E-4 9.92473E-5 8.11432E-5 1.61186E-4 2.10171E-4 2.87782E-4 2.39272E-4 5.59615E-5 4.88911E-5 3.93301E-5 3.24335E-5 2.73147E-5 2.24739E-5 1.84644E-5 1.84594E-5 2.04399E-5 1.53428E-5 9.35341E-6 1.09426E-6 1.10124E-5 3.01872E-6 3.77277E-6
-9999 -9999 -9999 -9999 -9999 -9999 -9999 -9999 -9999 -9999 9.14733E-5 1.07209E-4 1.33453E-4 1.95207E-4 2.76722E-4 3.58269E-4 3.93737E-4 4.00884E-4 4.39805E-4 6.00176E-4 4.81229E-4 4.59776E-4 4.74057E-4 5.09805E-4 6.42538E-4 6.50137E-4 6.9045E-4 7.26383E-4 7.16332E-4 -9999 5.22107E-4 -9999 3.15672E-4 -9999 4.27842E-5 4.21947E-5 3.79696E-5 2.86784E-5 2.64322E-5 2.60596E-5 3.17537E-5 1.51894E-4 2.15996E-4 2.65324E-4 3.38551E-4 3.56205E-4 3.37082E-4 3.56275E-4 3.0508E-4 2.81563E-4 2.81766E-4 2.87953E-4 2.722E-4 2.4236E-4 2.73971E-4 1.97566E-4 4.6258E-5 3.06136E-5 2.5986E-5 2.11068E-5 1.88578E-5 1.77355E-5 1.89131E-5 2.90153E-5 2.41737E-5 1.03815E-5 2.61931E-6 1.85544E-6 3.42152E-6 1.77025E-5
-9999 -9999 -9999 -9999 -9999 -9999 -9999 -9999 -9999 -9999 -9999 1.107E-4 0E0 2.02075E-4 2.67171E-4 2.48014E-4 2.72348E-4 3.63428E-4 4.41822E-4 4.76822E-4 4.23963E-4 4.16696E-4 4.52391E-4 4.71837E-4 5.7111E-4 6.13536E-4 6.51743E-4 6.59604E-4 6.78672E-4 6.79496E-4 -9999 4.17249E-4 3.24689E-4 2.50502E-4 4.42315E-5 3.80486E-5 3.50661E-5 3.12389E-5 3.1479E-5 2.8542E-5 3.36798E-5 1.42309E-4 2.58823E-4 3.09077E-4 4.10387E-4 4.73966E-4 4.56772E-4 4.41491E-4 3.69444E-4 3.33849E-4 3.11466E-4 2.67464E-4 2.55537E-4 3.31457E-4 2.68002E-4 6.15845E-5 4.21223E-5 2.29947E-5 1.51581E-5 1.36281E-5 1.37965E-5 1.50726E-5 1.96047E-5 2.70032E-5 3.17215E-5 1.84375E-5 1.59865E-5 1.60685E-5 1.62108E-5 2.56469E-5
-9999 -9999 -9999 -9999 -9999 -9999 -9999 -9999 -9999 -9999 -9999 -9999 1.60419E-4 2.26675E-4 2.0066E-4 2.04219E-4 2.33798E-4 2.83157E-4 3.34803E-4 3.80199E-4 3.93021E-4 4.21711E-4 4.90029E-4 5.00436E-4 5.20806E-4 5.48513E-4 5.67175E-4 5.94706E-4 6.3578E-4 -9999 -9999 -9999 3.22968E-4 2.79337E-4 1.62085E-4 3.81712E-5 3.27882E-5 3.17857E-5 3.09337E-5 2.79024E-5 1.09713E-4 1.85529E-4 1.60035E-4 1.79892E-4 3.79216E-4 3.93884E-4 4.40264E-4 4.35431E-4 5.30005E-4 4.85896E-4 4.59569E-4 3.46984E-4 2.81029E-4 2.54309E-4 2.01876E-4 5.33032E-5 3.0898E-5 1.75422E-5 1.09676E-5 1.19736E-5 1.56277E-5 2.19428E-5 2.3888E-5 2.35516E-5 2.12097E-5 2.54614E-5 2.76955E-5 3.23194E-5 2.95231E-5 3.29282E-5
-9999 -9999 -9999 -9999 -9999 -9999 -9999 -9999 -9999 -9999 -9999 -9999 -9999 1.82015E-4 1.45302E-4 1.68789E-4 1.84195E-4 2.22091E-4 2.50864E-4 2.87361E-4 3.37027E-4 3.80018E-4 4.36061E-4 4.45012E-4 4.82649E-4 4.99622E-4 5.16036E-4 5.51523E-4 5.36507E-4 -9999 -9999 3.98512E-4 3.29193E-4 2.71258E-4 1.63048E-4 3.13454E-5 1.8943E-5 1.66969E-5 1.69521E-5 1.81201E-5 2.19132E-5 1.40608E-4 2.26034E-4 2.98405E-4 3.07013E-4 3.12038E-4 4.85277E-4 4.50828E-4 3.9565E-4 4.87392E-4 4.13655E-4 3.45495E-4 2.57845E-4 2.38522E-4 1.86751E-4 4.43573E-5 2.52878E-5 1.34193E-5 1.40443E-5 1.59346E-5 1.88907E-5 2.73738E-5 3.45686E-5 3.71028E-5 3.81083E-5 3.84212E-5 3.94362E-5 4.45981E-5 4.88841E-5 4.59277E-5
-9999 -9999 -9999 -9999 -9999 -9999 -9999 -9999 -9999 -9999 -9999 -9999 -9999 -9999 1.48347E-4 1.50323E-4 1.58106E-4 1.54749E-4 1.4171E-4 1.61798E-4 2.40191E-4 3.17714E-4 3.9465E-4 3.92513E-4 3.88018E-4 4.20323E-4 3.95376E-4 3.71703E-4 3.34268E-4 3.71234E-4 -9999 -9999 -9999 2.1864E-4 3.80871E-5 2.10791E-5 1.33689E-5 1.22523E-5 1.48271E-5 2.55617E-5 1.77702E-4 3.2918E-4 4.70615E-4 5.1836E-4 4.64822E-4 3.34246E-4 4.29603E-4 3.49703E-4 2.64706E-4 3.10014E-4 2.42E-4 2.11449E-4 1.96526E-4 2.17983E-4 1.7402E-4 4.34054E-5 2.97566E-5 2.05285E-5 1.45847E-5 9.76292E-6 8.08772E-6 1.48024E-5 3.29995E-5 1.79625E-4 1.48047E-4 1.49941E-4 1.59294E-4 5.1343E-5 5.22576E-5 5.55375E-5
-9999 -9999 -9999 -9999 -9999 -9999 -9999 -9999 -9999 -9999 -9999 -9999 -9999 -9999 -9999 1.31314E-4 1.27598E-4 1.17613E-4 1.02163E-4 1.24947E-4 1.971E-4 2.70996E-4 3.25465E-4 3.52601E-4 3.67742E-4 3.45118E-4 3.09905E-4 3.14289E-4 3.03696E-4 -9999 -9999 -9999 1.93316E-4 3.58611E-5 1.91748E-5 1.05354E-5 7.49768E-6 7.76815E-6 1.56104E-5 3.19659E-5 2.27928E-4 4.27309E-4 5.73792E-4 6.81224E-4 6.05214E-4 4.85569E-4 3.92204E-4 4.58424E-4 3.63919E-4 2.14652E-4 1.51189E-4 2.11621E-4 2.10621E-4 2.78392E-4 2.7364E-4 2.28582E-4 4.30061E-5 2.42718E-5 1.45589E-5 6.9559E-6 8.96575E-6 2.58067E-5 1.71497E-4 2.20075E-4 2.43776E-4 2.07211E-4 1.66309E-4 5.02008E-5 5.02268E-5 5.68782E-5
-9999 -9999 -9999 -9999 -9999 -9999 -9999 -9999 -9999 -9999 -9999 -9999 -9999 -9999 -9999 -9999 1.07112E-4 9.93231E-5 1.03803E-4 1.2222E-4 1.53252E-4 1.83673E-4 2.59228E-4 2.96193E-4 3.07872E-4 2.59993E-4 2.50503E-4 2.46066E-4 2.39314E-4 -9999 -9999 -9999 2.47449E-5 1.33946E-5 8.39135E-6 5.39349E-6 4.39525E-6 6.12267E-6 1.24155E-5 2.5179E-5 2.09846E-4 3.9017E-4 6.43586E-4 7.64284E-4 6.77856E-4 5.34181E-4 4.6777E-4 3.99109E-4 3.44288E-4 3.93881E-4 3.86782E-4 4.04672E-4 4.4512E-4 4.25914E-4 3.20976E-4 1.47691E-4 3.55984E-5 2.57524E-5 2.08971E-5 3.40163E-5 2.8943E-4 3.80178E-4 3.66358E-4 3.30405E-4 2.68038E-4 1.66681E-4 4.82014E-5 4.86081E-5 5.0647E-5 5.69293E-5
-9999 -9999 -9999 -9999 -9999 -9999 -9999 -9999 -9999 -9999 -9999 -9999 -9999 -9999 -9999 -9999 -9999 1.04859E-4 1.19157E-4 1.30596E-4 1.39903E-4 1.80187E-4 2.30366E-4 2.64174E-4 3.14145E-4 2.70632E-4 2.46211E-4 -9999 -9999 -9999 -9999 -9999 -9999 6.03425E-6 4.48001E-6 3.24011E-6 2.26445E-6 3.02932E-6 6.88109E-6 2.15129E-5 2.07012E-4 4.15628E-4 5.79706E-4 7.13662E-4 6.5299E-4 5.84655E-4 5.43382E-4 4.64455E-4 4.04361E-4 5.59783E-4 5.92494E-4 5.49004E-4 5.7754E-4 4.25403E-4 3.21949E-4 3.76071E-4 4.41685E-4 4.52414E-4 4.43337E-4 4.94908E-4 4.73898E-4 4.4883E-4 4.27066E-4 3.16137E-4 2.55852E-4 1.59376E-4 4.56591E-5 4.4914E-5 5.06144E-5 5.26071E-5
-9999 -9999 -9999 -9999 -9999 -9999 -9999 -9999 -9999 -9999 -9999 -9999 -9999 -9999 -9999 -9999 -9999 -9999 1.40783E-4 1.3965E-4 1.35576E-4 1.66632E-4 2.17682E-4 3.8542E-4 4.04652E-4 -9999 -9999 -9999 -9999 -9999 -9999 -9999 -9999 2.60423E-6 1.51162E-6 1.30162E-6 9.96785E-7 1.36051E-6 3.94747E-6 1.93614E-5 2.46861E-4 5.01065E-4 5.03517E-4 6.68222E-4 6.48484E-4 5.58381E-4 4.83033E-4 4.14918E-4 3.57357E-4 4.37924E-4 4.4996E-4 4.54816E-4 5.40635E-4 6.08429E-4 5.83717E-4 6.19132E-4 6.79855E-4 6.62637E-4 5.9491E-4 5.76731E-4 4.71478E-4 4.53084E-4 3.76377E-4 2.96499E-4 2.5023E-4 1.85731E-4 5.70677E-5 6.21315E-5 5.47734E-5 4.99959E-5
-9999 -9999 -9999 -9999 -9999 -9999 -9999 -9999 -9999 -9999 -9999 -9999 -9999 -9999 -9999 -9999 -9999 -9999 -9999 -9999 1.08768E-4 1.3514E-4 -9999 -9999 -9999 -9999 -9999 -9999 -9999 -9999 -9999 -9999 -9999 -9999 5.79418E-7 3.89106E-7 3.54767E-7 7.78062E-7 3.1588E-6 6.70517E-6 1.87564E-4 4.29168E-4 4.23362E-4 5.78509E-4 5.86499E-4 4.84397E-4 3.95375E-4 3.28978E-4 2.86348E-4 3.7756E-4 3.76668E-4 3.91769E-4 4.34387E-4 5.16375E-4 5.4866E-4 5.65377E-4 6.74275E-4 6.35809E-4 5.68183E-4 5.15211E-4 4.38183E-4 4.07701E-4 3.82449E-4 3.57083E-4 2.77253E-4 2.12547E-4 6.46606E-5 7.13411E-5 5.8242E-5 4.22867E-5
-9999 -9999 -9999 -9999 -9999 -9999 -9999 -9999 -9999 -9999 -9999 -9999 -9999 -9999 -9999 -9999 -9999 -9999 -9999 -9999 -9999 -9999 -9999 -9999 -9999 -9999 -9999 -9999 -9999 -9999 -9999 -9999 -9999 5.26421E-7 3.01518E-7 1.76831E-7 2.473E-7 8.93679E-7 5.19458E-6 8.50625E-5 2.82549E-4 4.10644E-4 4.72904E-4 6.26058E-4 5.65621E-4 4.41145E-4 3.52787E-4 2.92411E-4 2.5424E-4 2.96662E-4 2.95917E-4 3.12412E-4 2.94289E-4 3.37873E-4 4.14879E-4 5.08281E-4 5.34687E-4 5.12387E-4 4.56361E-4 4.19656E-4 3.43321E-4 3.2891E-4 3.46445E-4 3.36114E-4 2.80598E-4 6.49484E-5 6.72841E-5 6.21559E-5 4.90456E-5 3.57177E-5
-9999 -9999 -9999 -9999 -9999 -9999 -9999 -9999 -9999 -9999 -9999 -9999 -9999 -9999 -9999 -9999 -9999 -9999 -9999 -9999 -9999 -9999 -9999 -9999 -9999 -9999 -9999 -9999 -9999 -9999 -9999 -9999 -9999 4.1356E-7 1.96779E-7 1.20805E-7 2.42852E-7 1.51783E-6 8.92038E-6 1.02715E-4 2.40914E-4 4.32086E-4 4.52771E-4 5.93823E-4 5.21115E-4 3.80553E-4 2.87843E-4 1.93233E-4 2.26926E-4 2.15167E-4 2.33087E-4 2.43537E-4 2.06894E-4 2.23252E-4 2.58497E-4 3.31583E-4 3.8999E-4 3.51074E-4 3.19291E-4 2.8001E-4 2.5949E-4 2.61521E-4 2.64205E-4 2.59256E-4 5.29895E-5 4.9204E-5 5.17093E-5 4.95948E-5 4.0412E-5 3.00152E-5
-9999 -9999 -9999 -9999 -9999 -9999 -9999 -9999 -9999 -9999 -9999 -9999 -9999 -9999 -9999 -9999 -9999 -9999 -9999 -9999 -9999 -9999 -9999 -9999 -9999 -9999 -9999 -9999 -9999 -9999 -9999 -9999 7.95651E-7 3.58924E-7 1.28529E-7 7.45701E-8 2.19074E-7 1.88556E-6 1.51235E-5 1.94098E-4 3.04141E-4 4.32164E-4 4.26209E-4 4.93779E-4 4.43489E-4 2.53188E-4 1.84806E-4 2.15437E-4 2.25355E-4 2.55857E-4 2.8937E-4 2.08564E-4 2.63232E-4 2.35225E-4 2.45749E-4 2.48013E-4 2.37925E-4 2.29362E-4 1.74525E-4 5.08816E-5 1.73675E-4 2.35955E-4 2.03521E-4 1.89569E-4 5.32642E-5 4.61814E-5 3.63279E-5 3.46757E-5 3.3032E-5 2.93325E-5
-9999 -9999 -9999 -9999 -9999 -9999 -9999 -9999 -9999 -9999 -9999 -9999 -9999 -9999 -9999 -9999 -9999 -9999 -9999 -9999 -9999 -9999 -9999 -9999 -9999 -9999 -9999 -9999 -9999 -9999 -9999 -9999 4.24549E-7 1.78769E-7 4.82675E-8 4.056E-8 1.19058E-7 1.33138E-6 1.74907E-5 2.59415E-4 4.06221E-4 3.71194E-4 4.08268E-4 4.71374E-4 3.91943E-4 2.77609E-4 1.92821E-4 2.2015E-4 2.42369E-4 2.74896E-4 3.24648E-4 2.47445E-4 3.4512E-4 3.04897E-4 2.48849E-4 2.55418E-4 2.61915E-4 2.14567E-4 4.14878E-5 4.12078E-5 4.75202E-5 1.60693E-4 1.8023E-4 5.7118E-5 5.01086E-5 4.10712E-5 3.20958E-5 2.73729E-5 2.61075E-5 2.95272E-5
-9999 -9999 -9999 -9999 -9999 -9999 -9999 -9999 -9999 -9999 -9999 -9999 -9999 -9999 -9999 -9999 -9999 -9999 -9999 -9999 -9999 -9999 -9999 -9999 -9999 -9999 -9999 -9999 -9999 -9999 -9999 -9999 3.11988E-7 8.87248E-8 2.28325E-8 1.08364E-8 3.36294E-8 3.27082E-7 7.92511E-6 1.93745E-4 3.82413E-4 3.43117E-4 3.78196E-4 4.60763E-4 4.70079E-4 3.39065E-4 3.2523E-4 3.0485E-4 3.15601E-4 3.52514E-4 3.69337E-4 3.99539E-4 3.85055E-4 3.43251E-4 3.03572E-4 2.82127E-4 2.48489E-4 2.12793E-4 4.58813E-5 4.32852E-5 4.43274E-5 1.85871E-4 5.67226E-5 5.49753E-5 4.79593E-5 3.87995E-5 3.20934E-5 2.6503E-5 2.49896E-5 2.8904E-5
-9999 -9999 -9999 -9999 -9999 -9999 -9999 -9999 -9999 -9999 -9999 -9999 -9999 -9999 -9999 -9999 -9999 -9999 -9999 -9999 -9999 -9999 -9999 -9999 -9999 -9999 -9999 -9999 -9999 -9999 -9999 -9999 1.59206E-7 5.18847E-8 1.33404E-8 9.71812E-9 8.92423E-9 2.52777E-8 1.48042E-6 7.3558E-6 3.41444E-4 3.02248E-4 3.3697E-4 4.40288E-4 5.76846E-4 4.11621E-4 3.37727E-4 4.37844E-4 3.91707E-4 4.16255E-4 4.25752E-4 4.26764E-4 4.31074E-4 3.57818E-4 3.10841E-4 2.81709E-4 2.48281E-4 1.74675E-4 5.01956E-5 4.44927E-5 4.15071E-5 4.39288E-5 5.11154E-5 4.71024E-5 3.87399E-5 3.23664E-5 3.20421E-5 3.12804E-5 3.06689E-5 2.8072E-5
-9999 -9999 -9999 -9999 -9999 -9999 -9999 -9999 -9999 -9999 -9999 -9999 -9999 -9999 -9999 -9999 -9999 -9999 -9999 -9999 -9999 -9999 -9999 -9999 -9999 -9999 -9999 -9999 -9999 -9999 -9999 -9999 2.38041E-7 3.78319E-8 1.17719E-8 7.0841E-9 1.38322E-8 5.50085E-8 4.77475E-7 1.55954E-5 3.81298E-4 3.02134E-4 3.32146E-4 4.08976E-4 5.18592E-4 5.59126E-4 4.7565E-4 3.9108E-4 4.76258E-4 4.24464E-4 4.10975E-4 3.94615E-4 3.79873E-4 3.7557E-4 3.3946E-4 2.86813E-4 2.4089E-4 1.85259E-4 4.92706E-5 4.78848E-5 4.43307E-5 4.12558E-5 3.82265E-5 3.88124E-5 3.80434E-5 3.5212E-5 3.1291E-5 2.91929E-5 2.09126E-5 1.99939E-5
-9999 -9999 -9999 -9999 -9999 -9999 -9999 -9999 -9999 -9999 -9999 -9999 -9999 -9999 -9999 -9999 -9999 -9999 -9999 -9999 -9999 -9999 -9999 -9999 -9999 -9999 -9999 -9999 -9999 -9999 -9999 -9999 -9999 2.95539E-8 1.37378E-8 9.6212E-9 2.9618E-8 1.58063E-7 1.31267E-6 4.80406E-6 2.08661E-4 3.34959E-4 3.25736E-4 5.50385E-4 6.81816E-4 7.38588E-4 5.55196E-4 4.09476E-4 3.64623E-4 4.65526E-4 4.5923E-4 4.27084E-4 3.86071E-4 3.46796E-4 3.27107E-4 2.95031E-4 2.81524E-4 2.74906E-4 2.01795E-4 5.56702E-5 4.55472E-5 3.99795E-5 3.9844E-5 3.8612E-5 3.6373E-5 3.39077E-5 3.29508E-5 2.935E-5 2.28594E-5 2.11268E-5
-9999 -9999 -9999 -9999 -9999 -9999 -9999 -9999 -9999 -9999 -9999 -9999 -9999 -9999 -9999 -9999 -9999 -9999 -9999 -9999 -9999 -9999 -9999 -9999 -9999 -9999 -9999 -9999 -9999 -9999 -9999 -9999 -9999 2.37022E-8 1.95178E-8 9.98081E-9 2.22771E-8 1.1973E-7 9.23769E-7 9.12191E-5 2.32873E-4 3.62379E-4 3.47179E-4 5.54802E-4 6.54947E-4 7.3578E-4 4.87647E-4 3.98499E-4 4.89342E-4 4.65248E-4 4.50139E-4 4.54558E-4 3.89553E-4 3.56114E-4 3.08228E-4 2.85406E-4 3.07599E-4 3.32986E-4 2.35405E-4 6.58635E-5 5.65025E-5 4.3544E-5 3.86836E-5 3.84409E-5 3.87554E-5 3.97622E-5 3.68062E-5 3.87342E-5 3.50484E-5 3.02332E-5
