KUENM/enmeval_cont.asc
NCOLS 320 
NROWS 203 
XLLCORNER 44 
YLLCORNER 6.00000000000001 
CELLSIZE 0.166666666666667 
NODATA_value -9999 
[rows 115 to 137 of 203, columns 159 to 211 of 320]
-9999 -9999 -9999 -9999 -9999 -9999 -9999 -9999 -9999 -9999 -9999 -9999 -9999 -9999 8.99996712134665e-11 3.85139155527421e-12 2.01320027078867e-13 2.97250392021833e-12 4.49012823995135e-09 5.03866213475489e-06 0.000121298831382432 0.000356945175108786 0.00042458697624973 0.000518971766754106 0.000617178697677541 0.000702958857289497 0.000734665023797298 0.000686440077008803 0.000612289858848293 0.000516217142876721 0.000418550338173852 0.000385722517195382 0.000408722553322073 0.000348285045308971 0.000409011380895306 0.000461731198360358 0.000598812431993247 0.000744898886843282 0.00085313666098288 0.000788085551274266 0.000711893799344343 0.000552868544253286 0.000509600926209442 0.000563646103452958 0.000539326316521947 0.000458515128523401 0.000357076988872701 0.000415492830090525 0.000362564308761427 0.000240381572318414 0.000126007514513644 5.86296495670946e-05 2.43763684720547e-05
-9999 -9999 -9999 -9999 -9999 -9999 -9999 -9999 -9999 -9999 -9999 -9999 -9999 -9999 2.41183474445822e-11 3.12435646541737e-13 2.20493786847298e-14 2.97469040159408e-12 5.54960396414517e-08 2.02181477771278e-05 0.000146460074924725 0.000306211765552774 0.000378665770044768 0.000461038309140775 0.000581866423968647 0.000645125110115694 0.000640847350369889 0.000556069999739 0.000330311096756114 0.0002839756373774 0.000248363664106742 0.000255429257550264 0.000257631937225122 0.0002123416207659 0.000239594612275435 0.000299132674393826 0.000433353985454648 0.000572041188616953 0.000571190245166158 0.00053019840288792 0.000443648489219186 0.000392629014716737 0.000385473019806103 0.000385084693938713 0.000389660509985432 0.000254132377683257 0.000227091153143026 0.00025954441306903 0.000237423141203742 0.000156914064281245 8.58401392531675e-05 4.15583814889036e-05 1.54518389809396e-05
-9999 -9999 -9999 -9999 -9999 -9999 -9999 -9999 -9999 -9999 -9999 -9999 -9999 8.10001659326634e-10 1.17457025633061e-11 2.3982451029944e-14 1.07445188447488e-15 1.94833281377006e-12 1.31780567178877e-07 5.44434719824048e-05 0.000264961626181884 0.000326384913364636 0.000368832629134681 0.000402183987340377 0.00045877179000939 0.000525510630093035 0.000382765814401917 0.000296262886283497 0.000265513556182297 0.000275419021485947 0.000304825296116845 0.000321629837730855 0.000275616572804989 0.000280134102949096 0.000260148687460066 0.000297150179866936 0.000337861367989776 0.000343288068313656 0.000336913811860717 0.000306436687221473 0.000248894986388741 0.000281288704636765 0.000345697060514441 0.000346587610696378 0.000304213552148027 0.000259539127057182 0.000205660470619872 0.000125465959485803 0.000115438931017318 0.000103059149458647 7.98592399242912e-05 4.50529247379902e-05 2.30971805991885e-05
-9999 -9999 -9999 -9999 -9999 -9999 -9999 -9999 -9999 -9999 -9999 -9999 -9999 3.58849728589193e-11 2.05943073224668e-13 3.05308764212745e-17 1.14868262462982e-17 5.05774656723126e-14 3.91758870991621e-08 6.81518100937917e-05 0.000303911708330763 0.000377579049840325 0.000387145389737283 0.000416508371570537 0.000424779679468857 0.000445942302140418 0.000432718701407246 0.000335362930868515 0.000268942892808798 0.000288355867918906 0.000314704470675535 0.000364633768479691 0.000324389966385946 0.000372296547444754 0.000342516236793574 0.000291567881763368 0.000338606568600673 0.000388325278763616 0.000310179032753199 0.000182770548362536 0.000187530937589359 0.000223771926371666 0.000238321329608427 0.000280309233278053 0.000278992151928284 0.000222996820712145 0.000151674653862327 9.41796107491888e-05 6.82091536099961e-05 6.25946424407211e-05 8.04512162397227e-05 5.20359381452536e-05 3.08456828834494e-05
-9999 -9999 -9999 -9999 -9999 -9999 -9999 -9999 -9999 -9999 -9999 -9999 -9999 5.36855862050108e-12 1.8509731636813e-15 7.07590155427785e-20 2.99201631637451e-22 8.45832045087307e-18 6.04651298551593e-11 1.3062930339298e-05 0.000261526797093168 0.000355665315919645 0.000398544615112176 0.000432504512944358 0.000467842051265605 0.000507855446006193 0.000496711114029496 0.000436092172874232 0.000413561226364637 0.000390012621212954 0.000433750473388945 0.000418725750811803 0.000442625349956186 0.000424644376770646 0.000430294499453183 0.000388607979129312 0.000397596151609303 0.000350504232648479 0.000309725267600831 0.000221323017486905 0.000203623376211837 0.0002049696028789 0.000304696684503914 0.000273871747843243 0.000263544438782828 0.000205242771906152 0.000134230919981996 9.3452288316374e-05 6.22192293587869e-05 5.69773104979268e-05 7.69848495980732e-05 6.50147796556053e-05 3.75500891764815e-05
-9999 -9999 -9999 -9999 -9999 -9999 -9999 -9999 -9999 -9999 -9999 -9999 -9999 8.44377834783017e-14 3.35512647518329e-17 4.02955532468129e-22 3.81785868437917e-23 5.52242377776304e-23 1.21739615990119e-18 5.57562105789637e-08 6.04931803411095e-05 0.000304318543294455 0.000351667474322361 0.000402970418074368 0.000489353692960682 0.000544183843973079 0.000535543814634339 0.000497289520472114 0.000525723358186708 0.000444372872534456 0.000526329353954426 0.000558694993426345 0.000557403047006473 0.000565134608717352 0.000473194363309732 0.000429989845566134 0.000400019408175731 0.000348647158324482 0.000290015063588507 0.000259057848199553 0.000214857605113236 0.000185454768796088 0.000196661028348739 0.000248060620513798 0.000205600589594095 0.000143759110083697 9.83624975287485e-05 9.17379424698551e-05 8.6893389817183e-05 8.39766516453969e-05 7.0265462448956e-05 7.11594364365007e-05 7.20926965067674e-05
-9999 -9999 -9999 -9999 -9999 -9999 -9999 -9999 -9999 -9999 -9999 -9999 -9999 1.13525948825207e-13 2.90698211442447e-18 1.16868414855455e-22 1.38413299176273e-24 9.43232297429593e-22 2.4633484305087e-16 1.99467606807434e-08 5.97487543559356e-05 0.000331299200570645 0.000353380033381375 0.000400955543813837 0.000462723961937296 0.00050636688081614 0.000555279009822171 0.000557478094337509 0.000547984499019862 0.000585514968706132 0.000526812164695665 0.000566532914157387 0.000545678002854984 0.000530371174119469 0.000549599728610613 0.000520118976125748 0.000435384472345402 0.000358007093365956 0.000329501261898859 0.000255172600911403 0.000250539415235889 0.000215492482682073 0.000181832282474897 0.000154108171732208 0.000149787450178261 0.000138784742907681 0.000117635687525734 9.30424871644473e-05 7.88813457690583e-05 4.07075723594264e-05 3.7847532386308e-05 4.88976951399403e-05 6.42695839648828e-05
-9999 -9999 -9999 -9999 -9999 -9999 -9999 -9999 -9999 -9999 -9999 -9999 -9999 -9999 3.65868371003804e-19 4.61742883054373e-22 1.68253521640941e-23 2.75672180256513e-19 8.07718870251472e-14 3.67074255989536e-08 2.91229397060233e-05 0.000248083708111267 0.000323755432680964 0.000364512007236155 0.000496696908925629 0.000572965526737596 0.000588707088906361 0.000552767717024568 0.000562684777451229 0.000575309178154102 0.000611809028083181 0.000678304108445339 0.000637567083031311 0.000585986702537025 0.000543162851437729 0.0005292873883973 0.000481647135523179 0.000497667163716007 0.000501782331599568 0.000410889678030082 0.000317070004298476 0.00022595761934477 0.000172691951998499 0.000163924033615807 0.000148204474441339 0.000127047520699264 0.000110642641775048 0.000104296105906052 8.19863691949037e-05 4.86369352201444e-05 4.28014521329411e-05 7.47007840574643e-05 0.000131333837160171
-9999 -9999 -9999 -9999 -9999 -9999 -9999 -9999 -9999 -9999 -9999 -9999 -9999 -9999 5.38630581133635e-20 7.11245124282286e-21 1.85393056398893e-23 2.56850133677289e-20 2.48919967001254e-14 2.41697213173627e-07 0.000126701871913927 0.000266872114207666 0.000318394188302776 0.000360213152334179 0.000472515287071577 0.000499500637918068 0.000534050746705013 0.00055849985215019 0.000562961969286851 0.000605480673143529 0.000612674363910209 0.000669660831100309 0.000761934584820716 0.00063157539054763 0.000597269118457704 0.000489703673969565 0.000478081228577284 0.000596226106859993 0.00066845153709117 0.000516513064989723 0.000415142667631624 0.000319509548726717 0.00020086798331855 0.000151237635835491 0.000143163340947098 0.000142140147045522 0.00014459044096415 0.000124902669566359 0.000135162157937951 0.000111750449673362 8.58317069608679e-05 8.08411420462156e-05 0.000120839894914706
-9999 -9999 -9999 -9999 -9999 -9999 -9999 -9999 -9999 -9999 -9999 -9999 -9999 -9999 1.82268973751612e-19 8.33159940062883e-26 5.97225829934885e-36 4.89696793742696e-28 1.85296359046619e-14 1.29819640285471e-06 0.000225185025825668 0.000344710808855797 0.000319314893495295 0.000304956557951189 0.000365655239297741 0.00048347737872482 0.000428902015127591 0.000475832708453633 0.000529786767826239 0.000579080112318166 0.000664431026157684 0.000791221798810496 0.000775987568740736 0.000720660441509037 0.000625949168666121 0.000536113423266241 0.000546677555460617 0.000587515738152971 0.000626160133569076 0.000589507559295679 0.000432662977946455 0.000357546039892716 0.000236362871247612 0.000193800224666366 0.000169529376998907 0.000158485104829597 0.000162788945891862 0.000177639310953645 0.000208003119960851 0.000226899573445784 0.000238289097593888 0.000200385056399884 0.00011701439620942
-9999 -9999 -9999 -9999 -9999 -9999 -9999 -9999 -9999 -9999 -9999 -9999 -9999 -9999 1.34096187576817e-20 6.69103140849715e-30 3.457412424642e-44 1.74327705347616e-34 1.36413525314024e-13 9.93689670815098e-06 0.000220476323515228 0.000347215148090965 0.000386053952570664 0.000380742504726769 0.000386769448206624 0.000435167061014321 0.000473370646857339 0.00050136450544228 0.000462727773170526 0.000507350067221426 0.000556232131620899 0.000577159191885866 0.000512636418839529 0.000552861936666179 0.000511536705941237 0.000578028609680611 0.000548334626882914 0.000473515359082879 0.000436544418467228 0.00039845577846039 0.000386198101562035 0.000373169567974047 0.000282679661755146 0.000232189781413796 0.00015715815035755 0.000131904829635598 0.000165971285483613 0.000209568253857361 0.000257906898836524 0.000390596274322745 0.000352945388480806 0.000322948380367638 0.000248953267432978
-9999 -9999 -9999 -9999 -9999 -9999 -9999 -9999 -9999 -9999 -9999 -9999 -9999 -9999 5.37460471766467e-20 5.30105285462643e-31 3.37461439447805e-47 2.31695508258101e-37 1.57581357099939e-13 2.25956630541668e-05 0.000339522844662327 0.000370163879024926 0.000384063181367322 0.000437589961748157 0.000450699900351591 0.000450692398243753 0.000495325788196514 0.000555176998589919 0.00057164722391359 0.000491466320447729 0.000499698534196208 0.000481212611206944 0.000391579722549372 0.000347003184380891 0.000353756610334875 0.000385797384284617 0.000344811099813556 0.000307759941606198 0.000272834288733866 0.000278173872029549 0.000319098391563434 0.00030433034458666 0.00024807566947349 0.000155958441505477 0.000106879068491445 8.71475633427045e-05 8.80041397835671e-05 0.000163730807533141 0.000246069774287223 0.000365813586667301 0.000423796702073215 0.000406635913347399 0.000262376009983099
-9999 -9999 -9999 -9999 -9999 -9999 -9999 -9999 -9999 -9999 -9999 -9999 -9999 -9999 7.01389342583002e-21 2.43755265597739e-34 9.41722610740975e-45 7.5008038376564e-33 1.5426845653591e-12 3.82729903413914e-05 0.00038933762069233 0.000411167032957978 0.00041914385103657 0.000440907663902789 0.00048235518703334 0.000515520205175664 0.000516207304269567 0.000626152662802033 0.000657917401783777 0.000631389272753496 0.000523569021235519 0.000441200467595565 0.000419152831042245 0.000392634470993167 0.000369700371873235 0.000332444087677985 0.000289559867729183 0.000236418307316873 0.000203998223697832 0.000220285277848416 0.000243835451181019 0.000221948125196375 0.000171309830534591 0.000103230875995876 4.71204359600991e-05 5.88027479071427e-05 7.81148773218574e-05 0.000145101783193594 0.000215383131340248 0.000339733980775038 0.000393500060241539 0.000368744587005599 0.000261015692235445
-9999 -9999 -9999 -9999 -9999 -9999 -9999 -9999 -9999 -9999 -9999 -9999 -9999 -9999 9.28013422939311e-27 1.47323239178532e-35 8.14385407575049e-42 1.22654823807515e-32 4.7205645018292e-15 1.390725359802e-06 0.000119084754957543 0.000310286529381086 0.00033523065433481 0.000392829134309513 0.000448627886760322 0.000553197397370279 0.000626037709471965 0.000663012657797478 0.000710598734149326 0.000684857771823348 0.000627744005930895 0.000505217748302147 0.000379496863858753 0.000356617539370509 0.000304361173791567 0.000285388941972622 0.000266690928188377 0.000218699886974857 0.000180401332216022 0.000172845121610729 0.000216400323121356 0.000188541778082153 0.000119386207200803 5.40035087534845e-05 2.79203988056302e-05 4.32825440055213e-05 8.39182698816699e-05 0.000137275367405346 0.000215784786371914 0.000408473154595297 0.000448478874080201 0.000379744975667496 0.000298535504658525
-9999 -9999 -9999 -9999 -9999 -9999 -9999 -9999 -9999 -9999 -9999 -9999 -9999 -9999 -9999 1.67863806897825e-36 2.29738022316043e-39 6.34072120918088e-35 6.0946152840711e-19 7.62888090408298e-08 8.8639357159383e-05 0.000244770362399603 0.000316707992013808 0.000368875403472268 0.000490259063321731 0.000572044046279025 0.00064321321505902 0.000689123565815259 0.000698841840388191 0.000648278889480994 0.00068159465424745 0.000612097294119371 0.000478277535793714 0.000372308509843771 0.000324522561576967 0.000252104167010241 0.000220925044325662 0.000230308730316406 0.000197486555740172 0.000195501303222333 0.000201230462430054 0.000183648120641069 0.000118568472617315 4.51885801507418e-05 1.91619730586067e-05 4.39776883732717e-05 8.90032974818094e-05 0.000131830167102057 0.000200449224175795 0.000394695209554393 0.000404574582477753 0.000348651546794446 0.000327978565525847
-9999 -9999 -9999 -9999 -9999 -9999 -9999 -9999 -9999 -9999 -9999 -9999 -9999 -9999 -9999 2.35697836289821e-40 1.38450567783124e-47 3.44959184886836e-40 1.19122009374204e-23 1.72077254382773e-10 2.52399929002608e-05 0.000277406776675418 0.000338200573776128 0.000385251385847075 0.000501791417571476 0.000548093491316234 0.00059319551046471 0.000681375118421175 0.000693751699802089 0.000641642172859758 0.000653953663241503 0.000642718444761758 0.000514948062413288 0.000360905585095071 0.000252782890755842 0.000227424445795379 0.000214033592277546 0.000219733679418719 0.000205381159371424 0.000179969293340287 0.000161421055329653 0.000184478814832911 0.000133965809411013 7.93819892070409e-05 3.9477749614283e-05 5.75205408114821e-05 5.87434217385269e-05 8.84714959664645e-05 0.000155562089312185 0.000210853388467332 0.0002665318235986 0.000298580680096111 0.000234574745833387
-9999 -9999 -9999 -9999 -9999 -9999 -9999 -9999 -9999 -9999 -9999 -9999 -9999 -9999 -9999 2.99464073582128e-40 6.3935586118665e-51 7.6241588772089e-43 1.82881054219172e-28 1.90098029302164e-20 1.21266166598287e-05 0.000104229209252105 0.000245597941503193 0.000316521137901049 0.000362245498253621 0.000462143072483855 0.000530254187231131 0.000571125848922006 0.00062203253533803 0.000611937028052639 0.000630247617893282 0.000664073087035641 0.000516652428360535 0.000342882061716963 0.000247676570357942 0.000212148254461731 0.000230490181452242 0.00018306517598319 0.000160775085236552 0.000139238693613437 0.000149043568204131 0.000117280618064592 0.000107187941191415 0.00010991054888209 8.03795876807733e-05 7.9512298500752e-05 6.9463722051101e-05 9.75862381627431e-05 0.000125123566812878 0.000124317744104552 0.000150744558705079 0.000198860835890618 0.000164139294308929
-9999 -9999 -9999 -9999 -9999 -9999 -9999 -9999 -9999 -9999 -9999 -9999 -9999 -9999 -9999 -9999 1.02650366639747e-44 3.38123604399882e-42 2.07921108970004e-27 5.92768371990497e-15 5.65397312543431e-07 9.28621267676429e-05 0.000183076968889997 0.000207627280385803 0.000288783751575745 0.000362077007677465 0.00045952557847058 0.000551164004981128 0.000623025455625459 0.000644352255000767 0.000702327226110903 0.000683043010622842 0.000577070149574299 0.00044432468018391 0.000331662101697214 0.000280523493422135 0.000273268487589663 0.000233397047514795 0.000185169508499732 0.000154258427533886 0.000136553719553981 0.000109751078125519 8.33357580107994e-05 8.77734626601767e-05 0.000107790769602151 0.000112111019997305 0.000115394841710343 0.000121147866462033 0.000142772033451025 0.000140137014759177 0.00019914995270204 0.000234704422227658 0.000220306264796278
-9999 -9999 -9999 -9999 -9999 -9999 -9999 -9999 -9999 -9999 -9999 -9999 -9999 -9999 -9999 -9999 2.94113927361289e-38 2.58378609702787e-41 1.74071010873323e-33 8.54733962710313e-18 1.50750295650716e-09 5.57213479514301e-05 0.000209298274648224 0.000237340406081574 0.000272514637532814 0.000354185327483834 0.000433018976592862 0.000498660619988029 0.000573084956115419 0.000619676980301081 0.00062220856059392 0.000673869004866042 0.000633346694867774 0.00047318654750844 0.000389451627475681 0.000342334830046304 0.000320653238614869 0.000316597756093091 0.000300788856303883 0.000230517833966253 0.000174286257176877 0.000137746973278606 9.03154400197541e-05 8.29730349406e-05 0.000106825017995131 0.000134038844053584 0.000162824490182641 0.000180024257967824 0.000211665998880261 0.000238341771220004 0.000292726050669692 0.000347624803227972 0.000351874068148243
-9999 -9999 -9999 -9999 -9999 -9999 -9999 -9999 -9999 -9999 -9999 -9999 -9999 -9999 -9999 -9999 6.60057823240225e-36 2.31040955513886e-39 1.88041861255511e-33 4.89316491362628e-18 3.73543663463101e-10 2.8110891201261e-05 0.000206937311965773 0.000264879709860141 0.000268823188136753 0.000296782604089438 0.000415905159781829 0.000473923912321293 0.000511966866601114 0.000538700368338148 0.000596091817222468 0.00059297501034352 0.000636316754159732 0.000549587072926763 0.000457305277941731 0.000440399998453269 0.000411984880562607 0.000336592159830747 0.000341755067356858 0.000321719483545355 0.000212887527598202 0.000186042458990539 0.000101194556412729 8.67582163549067e-05 0.000101387174403733 0.000139717985210201 0.000174058396962188 0.000288894801501896 0.000351193979041007 0.000349160104170615 0.000362918346624756 0.000405633980426127 0.000450557058086786
-9999 -9999 -9999 -9999 -9999 -9999 -9999 -9999 -9999 -9999 -9999 -9999 -9999 -9999 -9999 -9999 7.02592817730063e-33 3.23960658424271e-36 5.85650360135515e-34 8.07463072935501e-20 1.83948982633274e-10 1.00005664129728e-05 0.000169098264015502 0.000269790766227429 0.000260955235063425 0.000243655170610281 0.00033017093415117 0.000427007594241331 0.000420946710172752 0.000465729647195356 0.000520624133007231 0.000534247661855325 0.000534605947936134 0.00059154286931066 0.000527379824149776 0.000527259110653409 0.000482529775483449 0.000433364178556449 0.000373134208596535 0.000324935625538281 0.000240796415771132 0.000186709050247958 0.000148286388909289 0.000111159338619708 0.000111509777784699 0.000237874833284192 0.000283258784490611 0.00033907533127753 0.000392106333174274 0.000411540928002201 0.000368370005106778 0.000459067989258152 0.000546716763808821
-9999 -9999 -9999 -9999 -9999 -9999 -9999 -9999 -9999 -9999 -9999 -9999 -9999 -9999 -9999 -9999 -9999 1.01546321030259e-35 1.53821176116432e-37 1.57868617493814e-23 5.84203812859272e-11 3.57022221275556e-06 0.000143237842916345 0.000281903935478327 0.000312749580488746 0.000283755737385399 0.000284784149702426 0.000320957719373912 0.000283153453232369 0.000371366006372874 0.000436110404193478 0.000451470110528462 0.000471939063957915 0.000555126774033763 0.000551562766184624 0.000592746727750611 0.000521478784826254 0.000494656084442198 0.000431640187815815 0.000374220127229188 0.000264535504007637 0.000212047346303695 0.000176908080181489 0.000149858089294283 0.000142066798972748 0.000232450663876435 0.000298212205807119 0.000304726456520115 0.000375693777847404 0.000402021331349243 0.000455221372528894 0.000573233149574488 0.000597025399553188
-9999 -9999 -9999 -9999 -9999 -9999 -9999 -9999 -9999 -9999 -9999 -9999 -9999 -9999 -9999 -9999 -9999 4.10137722335646e-36 9.01154770662081e-42 6.44350868501644e-26 1.80226169495664e-11 1.65716980906419e-06 0.000105598487825231 0.000284535135341203 0.000329893077550158 0.00028808492101847 0.000317717915271808 0.000312980214929318 0.000229911110373241 0.000261991045379443 0.000353727150947389 0.000432530267368434 0.000483827166493372 0.000489747502820675 0.000476481562546167 0.000456456702104379 0.000428215962547801 0.000371347020751507 0.000461738958013523 0.000385145337187589 0.000269464567399206 0.000211879522450811 0.000216920832056573 0.000180185438624518 0.000170357492832719 0.000217358054912285 0.0002775992478463 0.000338307600512294 0.000382473640315055 0.000442448688915233 0.000527415911323747 0.000545180878864726 0.000595198346345438
