KUENM/enmeval_cont.asc
NCOLS 320 
NROWS 203 
XLLCORNER 44 
YLLCORNER 6.00000000000001 
CELLSIZE 0.166666666666667 
NODATA_value -9999 
[rows 0 to 22 of 203, columns 0 to 52 of 320]
-9999.000000000000000 -9999 -9999 2.67273413693329e-06 -9999 -9999 -9999 -9999 -9999 -9999 -9999 -9999 -9999 -9999 -9999 -9999 -9999 -9999 -9999 -9999 -9999 -9999 -9999 -9999 -9999 -9999 -9999 -9999 -9999 -9999 -9999 -9999 -9999 -9999 -9999 -9999 -9999 -9999 -9999 -9999 -9999 -9999 -9999 -9999 -9999 -9999 -9999 -9999 -9999 -9999 -9999 -9999 -9999
-9999 -9999 -9999 2.53053015607053e-06 2.84954068279001e-06 -9999 -9999 -9999 -9999 -9999 -9999 -9999 -9999 -9999 -9999 -9999 -9999 -9999 -9999 -9999 -9999 -9999 4.37968268583912e-06 3.7776389433802e-06 3.98578759752561e-06 -9999 -9999 -9999 -9999 -9999 -9999 -9999 -9999 -9999 -9999 -9999 -9999 -9999 -9999 -9999 -9999 -9999 -9999 -9999 -9999 -9999 -9999 -9999 -9999 -9999 -9999 -9999 -9999
-9999 -9999 2.28941133145547e-06 2.35739326904156e-06 2.57817398570705e-06 2.94537304305433e-06 -9999 -9999 -9999 -9999 -9999 -9999 -9999 -9999 -9999 -9999 -9999 -9999 -9999 -9999 5.27173100390353e-06 4.55001660076003e-06 4.07237052577324e-06 3.94974992963638e-06 3.76488641300614e-06 4.26589780278315e-06 -9999 -9999 -9999 -9999 -9999 -9999 -9999 -9999 -9999 -9999 -9999 -9999 -9999 -9999 -9999 -9999 -9999 -9999 -9999 -9999 -9999 -9999 -9999 -9999 -9999 -9999 -9999
1.1498009236424e-06 1.29175393540767e-06 1.62021781556784e-06 2.12157912457378e-06 2.6362685681423e-06 2.92898965630586e-06 3.05967812807955e-06 -9999 -9999 -9999 -9999 -9999 -9999 -9999 -9999 -9999 -9999 -9999 6.59099442683113e-06 5.56558884515465e-06 4.7768754230578e-06 4.30807385935822e-06 3.67738594318435e-06 3.62687864834253e-06 3.73801604878019e-06 -9999 -9999 -9999 -9999 -9999 -9999 -9999 -9999 -9999 -9999 -9999 -9999 -9999 -9999 -9999 -9999 -9999 -9999 -9999 -9999 -9999 -9999 -9999 -9999 -9999 -9999 -9999 -9999
-9999 9.10564163728206e-07 1.52630124869663e-06 1.52989401278175e-06 1.85977372656875e-06 2.55515695236227e-06 2.82538485079865e-06 3.18180929054061e-06 -9999 -9999 -9999 -9999 -9999 -9999 -9999 -9999 -9999 6.43194624066973e-06 5.74291913725016e-06 4.9221742208819e-06 4.45136593621629e-06 4.15781478896589e-06 3.68751751625439e-06 3.52451255500308e-06 3.69715151537238e-06 4.0184794369075e-06 -9999 -9999 -9999 -9999 -9999 -9999 -9999 -9999 -9999 -9999 -9999 -9999 -9999 -9999 -9999 -9999 -9999 -9999 -9999 -9999 -9999 -9999 -9999 -9999 -9999 -9999 -9999
-9999 9.56788126866858e-07 1.08191909459565e-06 1.22023093851737e-06 1.92994914837985e-06 2.38694416125553e-06 2.8983299849337e-06 2.93362264868265e-06 3.07893307929127e-06 4.11390621633736e-06 4.35514103123596e-06 -9999 -9999 -9999 -9999 -9999 5.46427950946339e-06 4.65824884652129e-06 4.59603914506494e-06 3.93588457184605e-06 3.95609567656139e-06 3.50951954937684e-06 3.04263977224064e-06 2.8580673920552e-06 -9999 -9999 -9999 -9999 -9999 -9999 -9999 -9999 -9999 -9999 -9999 -9999 -9999 -9999 -9999 -9999 -9999 -9999 -9999 -9999 -9999 -9999 -9999 -9999 -9999 -9999 -9999 -9999 -9999
-9999 -9999 7.50020742445185e-07 1.2053385060571e-06 1.3963304674706e-06 1.9768666660514e-06 2.93471198065413e-06 3.45849247446146e-06 3.17876435295536e-06 3.00490627336597e-06 2.52377569421144e-06 2.720470203157e-06 4.21845801964686e-06 5.11307706122351e-06 3.79730595158851e-06 3.80146399575959e-06 2.96491500939275e-06 2.5450369236005e-06 3.60028962033335e-06 3.15919953990304e-06 3.58350366885304e-06 3.26783592125934e-06 2.82461192574023e-06 2.72342992586597e-06 2.16256290251661e-06 -9999 -9999 -9999 -9999 -9999 -9999 -9999 -9999 -9999 -9999 -9999 -9999 -9999 -9999 -9999 -9999 -9999 -9999 -9999 -9999 -9999 -9999 -9999 -9999 -9999 -9999 -9999 -9999
-9999 -9999 7.58962315039372e-07 7.32307668299439e-07 1.77071041304579e-06 3.05340011725072e-06 3.33150967077322e-06 3.47086671685458e-06 3.20480213348553e-06 3.34250251175633e-06 3.26207841715407e-06 1.87679698760991e-06 1.72411802702368e-06 3.30939113883861e-06 3.18235226236128e-06 3.0449358352011e-06 2.90273818718754e-06 3.07176927497025e-06 2.91373683971695e-06 2.85109680938661e-06 3.3481061982419e-06 3.64405489609167e-06 3.18289244435318e-06 2.95807518962868e-06 2.27843538124678e-06 1.93421909959883e-06 1.70807998645821e-06 -9999 -9999 -9999 -9999 -9999 -9999 -9999 -9999 -9999 -9999 -9999 -9999 -9999 -9999 -9999 -9999 -9999 -9999 -9999 -9999 -9999 -9999 -9999 -9999 -9999 -9999
-9999 -9999 8.60161284318838e-07 9.01441504862018e-07 1.6583814482016e-06 3.16257690101348e-06 2.58696261660823e-06 1.98789392500019e-06 2.6099646212158e-06 2.83765291458018e-06 3.1425726351217e-06 2.99202595162706e-06 2.46210687966738e-06 2.19887317236871e-06 1.8934444832311e-06 2.25242500758272e-06 2.65872663479417e-06 2.90563843406878e-06 2.76188323066496e-06 2.83498409307868e-06 3.16506671389675e-06 2.9914118238797e-06 2.20247502658405e-06 1.71495773081428e-06 1.91789132404664e-06 1.97988912850853e-06 2.05266299317361e-06 -9999 2.07038217072146e-06 -9999 -9999 -9999 -9999 -9999 -9999 -9999 -9999 -9999 -9999 -9999 -9999 -9999 -9999 -9999 -9999 -9999 -9999 -9999 -9999 -9999 -9999 -9999 -9999
-9999 -9999 6.80461656419019e-07 1.12628070200922e-06 2.32280089047081e-06 3.08980118679775e-06 3.00113560303468e-06 3.33874533819276e-06 2.97595115761524e-06 1.95573052258438e-06 2.07584908269488e-06 3.36186192063669e-06 3.22825176055195e-06 3.22849791803594e-06 2.56555846834334e-06 2.60619553756555e-06 2.60208947459921e-06 2.93226192217207e-06 2.25143888390955e-06 1.67540313023041e-06 1.49861198160112e-06 1.29078716239241e-06 7.29063142973756e-07 8.62907976404638e-07 1.69897661408573e-06 1.89782406893374e-06 2.34045039084688e-06 2.59369644461308e-06 5.68574837782083e-06 -9999 -9999 -9999 -9999 -9999 -9999 -9999 -9999 -9999 -9999 -9999 -9999 -9999 -9999 -9999 -9999 -9999 -9999 -9999 -9999 -9999 -9999 -9999 -9999
-9999 -9999 7.00451208540738e-07 1.41298081385756e-06 1.7856242354707e-06 2.1571632880474e-06 2.67733435069032e-06 3.4894516891646e-06 3.55692914325425e-06 3.61498147338793e-06 3.58247158517552e-06 3.70189035355063e-06 3.55706539835673e-06 3.29778555044637e-06 2.8886738634257e-06 2.69513216313001e-06 2.83950527323091e-06 2.77334375218506e-06 2.72024957358531e-06 2.30865098263804e-06 1.71670258270757e-06 1.50808425291599e-06 1.17480098921815e-06 1.52239156582803e-06 1.93279450073403e-06 2.0060055187587e-06 2.193933393183e-06 1.43856724258314e-06 5.1747542163492e-06 -9999 -9999 -9999 -9999 -9999 -9999 -9999 -9999 -9999 -9999 -9999 -9999 -9999 -9999 -9999 -9999 -9999 -9999 -9999 -9999 -9999 -9999 -9999 -9999
-9999 6.66879733378261e-07 6.4955877427952e-07 1.02503619072127e-06 1.20431385410159e-06 1.85631723954818e-06 3.50667467310157e-06 3.59689941769034e-06 3.40514072388488e-06 3.44982574770291e-06 3.66676014897154e-06 3.85562066694718e-06 2.86013219468632e-06 2.15911442106142e-06 1.87322282662294e-06 1.9363759124425e-06 2.22166357564248e-06 2.40613652012473e-06 2.36991956969188e-06 2.48043215503051e-06 2.2728553592979e-06 2.22263770936519e-06 1.8421114003585e-06 1.54639973833603e-06 1.78821503657657e-06 2.15672344274705e-06 1.93463511112641e-06 1.30848713719412e-06 5.89855200511793e-06 9.09590718976153e-07 -9999 -9999 -9999 -9999 -9999 -9999 -9999 -9999 -9999 -9999 -9999 -9999 -9999 -9999 -9999 -9999 -9999 -9999 -9999 -9999 -9999 -9999 -9999
-9999 -9999 -9999 1.02697282392167e-06 1.4549841253571e-06 1.77975969112775e-06 3.39297934186952e-06 3.77252660945412e-06 3.50532595616201e-06 3.74161934361966e-06 3.96688206842013e-06 3.38613472709983e-06 1.97581327737944e-06 1.08640866961652e-06 8.02872034535287e-07 1.1325118522574e-06 2.05080615239651e-06 2.05857954491849e-06 1.72898552774811e-06 1.93656233425769e-06 1.5453219922438e-06 1.45705853649501e-06 1.39045826900568e-06 2.09096640755978e-06 1.8190612425487e-06 3.0961946559049e-06 2.34282472548118e-06 1.70557711905626e-06 7.79748859438591e-06 1.84012816460899e-06 -9999 -9999 -9999 -9999 -9999 -9999 -9999 -9999 -9999 -9999 -9999 -9999 -9999 -9999 -9999 -9999 -9999 -9999 -9999 -9999 -9999 -9999 -9999
-9999 -9999 -9999 -9999 1.15197486014721e-06 2.06687966040169e-06 3.60816714492999e-06 3.805177265248e-06 3.96080099013777e-06 3.76976446750777e-06 3.97898190245956e-06 2.80905910118205e-06 1.70544001329658e-06 1.40482229670678e-06 1.25421151725827e-06 1.46646382995426e-06 2.18809152156134e-06 2.33746067854424e-06 2.27181442544886e-06 2.56087433306851e-06 2.7972039410558e-06 3.11628434856891e-06 3.57340158273003e-06 3.72718541996566e-06 2.91346687575619e-06 4.70681422254157e-06 2.81059312756702e-06 2.19267469965256e-06 4.67034712881564e-06 1.11801160349263e-05 7.08839698915943e-07 -9999 -9999 -9999 -9999 -9999 -9999 -9999 -9999 -9999 -9999 -9999 -9999 -9999 -9999 -9999 -9999 -9999 -9999 -9999 -9999 -9999 -9999
-9999 -9999 -9999 -9999 7.06778411498118e-07 1.74618676516925e-06 2.71314860587623e-06 3.95393700834817e-06 4.11738430199058e-06 3.96294960551825e-06 4.15410080286535e-06 4.00138976518205e-06 3.50438166155745e-06 2.75498266535113e-06 2.10243847850714e-06 2.15626349170062e-06 2.57697458639013e-06 2.89346103611511e-06 2.83830424802295e-06 2.67294875547001e-06 2.92292845331442e-06 4.40575458106536e-06 5.9191349718977e-06 4.60299107746702e-06 3.51531162094254e-06 6.25192888730752e-06 4.24181673915054e-06 1.44002716397214e-06 2.68954923515052e-06 1.0022478296361e-05 4.03307458940322e-06 2.72624819249634e-07 8.87115853985396e-08 1.20632267054539e-07 3.0582778943504e-07 5.88569036047093e-07 -9999 -9999 -9999 -9999 -9999 -9999 -9999 -9999 -9999 -9999 -9999 -9999 -9999 -9999 -9999 -9999 -9999
-9999 -9999 -9999 -9999 -9999 1.98691263081916e-06 1.5194826973554e-06 2.35733202059839e-06 4.08325913463181e-06 4.3142874691852e-06 4.49166466407418e-06 4.37629295310114e-06 4.16233212761319e-06 2.91337802238652e-06 2.65996929820698e-06 2.52561954331947e-06 2.10260418207253e-06 2.42741242726903e-06 2.58111459309536e-06 2.70397276431068e-06 3.23722338179367e-06 4.15422106432348e-06 6.10892490383553e-06 5.51168694817656e-06 3.83238729946893e-06 5.90827346213695e-06 9.92017771760309e-06 6.41802414513078e-06 4.72386774494212e-06 4.36880024527182e-06 1.49383148335796e-05 1.19665160908565e-06 5.84307543931055e-07 5.90019465590863e-07 8.50861479285632e-07 1.11091713141851e-06 1.60937687259473e-06 1.71900894274442e-06 -9999 -9999 -9999 -9999 -9999 -9999 -9999 -9999 -9999 -9999 -9999 -9999 -9999 -9999 -9999
-9999 -9999 -9999 -9999 -9999 8.73746241392835e-07 1.7803980268095e-06 2.10403161538064e-06 3.406011013746e-06 4.25740060631643e-06 4.97561366349946e-06 4.93036353741718e-06 4.88191487099071e-06 3.95367229871025e-06 3.10665566995026e-06 2.21014500868112e-06 1.76706708137737e-06 1.82015794895241e-06 2.47426892714417e-06 2.91220518199584e-06 4.21749287447794e-06 5.33808584788989e-06 7.37740378741727e-06 7.5507934328404e-06 5.87511756751754e-06 3.26986608002706e-06 4.43709974913342e-06 1.06195058138425e-05 1.55311728879426e-05 4.60356718746007e-06 8.40473424776725e-06 1.70274569209019e-05 5.82505975457785e-06 5.89345870648327e-06 5.40296721183029e-06 1.45894644623301e-05 1.09403641511406e-05 4.52281678946622e-06 3.00569673551126e-06 -9999 -9999 -9999 -9999 -9999 -9999 -9999 -9999 -9999 -9999 -9999 -9999 -9999 -9999
-9999 -9999 -9999 -9999 -9999 8.11260011511087e-07 2.20352047099047e-06 2.96553531003619e-06 3.3254348636968e-06 3.97016461685382e-06 4.85117445498178e-06 4.81972442816701e-06 5.04125360493657e-06 4.65413732046365e-06 4.30652102265557e-06 2.76513407326203e-06 1.96728660022079e-06 1.5976134742036e-06 1.60589639111913e-06 1.92631217596058e-06 3.55657669844236e-06 5.35843948807254e-06 5.50666827820902e-06 5.85703360854104e-06 6.70724967953111e-06 5.38031811144931e-06 2.46759228681892e-06 1.74124955018419e-06 1.43831193287683e-05 2.34733657549564e-05 1.02500130087991e-05 6.53095826789654e-06 2.31781742263342e-05 2.31969103274254e-05 1.68648329408428e-05 1.02045311807065e-05 8.07448530277946e-06 1.61124836045538e-05 9.3408756519577e-06 1.53877111426186e-05 -9999 -9999 -9999 -9999 -9999 -9999 -9999 -9999 -9999 -9999 -9999 -9999 -9999
-9999 -9999 -9999 -9999 -9999 -9999 1.86171047338865e-06 3.48036386562759e-06 2.52525910011933e-06 2.80665830772539e-06 3.7494396661885e-06 2.91638384836651e-06 4.89522516988479e-06 4.78715597267277e-06 4.58239713230966e-06 3.75975145962327e-06 1.9837276131301e-06 1.32618556740781e-06 1.45889312247031e-06 1.26404309142694e-06 1.47828051795243e-06 3.21821671938808e-06 3.90488995059873e-06 2.2216058976063e-06 3.3598877435061e-06 5.98571394127922e-06 5.35902816964115e-06 2.54488954027266e-06 2.22837219163112e-06 9.71298188092522e-06 2.44835839605242e-05 2.73038953113893e-05 2.87036797886301e-05 1.26439316605616e-05 7.09483279850875e-06 3.55814180166164e-06 3.10060926414131e-06 2.70793308100789e-06 1.20876622327702e-06 3.44846393896164e-06 1.8163119481115e-05 8.70727319897359e-06 -9999 -9999 -9999 -9999 -9999 -9999 -9999 -9999 -9999 -9999 -9999
-9999 -9999 -9999 -9999 -9999 -9999 1.38334899240608e-06 3.57541925758422e-06 2.08069484118797e-06 3.07414691397132e-06 3.58477502701239e-06 3.2758795814337e-06 5.16075580303403e-06 5.11645582324027e-06 3.75897131187507e-06 4.3412379413433e-06 2.5011005591279e-06 1.84979337159397e-06 2.68332563800375e-06 1.75910286824028e-06 1.77524585127382e-06 3.8219679452999e-06 5.54356302026635e-06 3.66387345492478e-06 2.74048270536912e-06 3.4193092198878e-06 3.77331180542448e-06 4.455241664402e-06 3.80264604278173e-06 2.42613547071869e-06 2.90726542017457e-06 7.2107277913779e-06 3.04215786750525e-05 2.85165494108117e-05 1.82022618634615e-05 1.03332034111934e-05 8.65912709388964e-06 3.91206307445096e-06 9.00907842629241e-07 5.96298065082496e-07 2.31131155113232e-06 4.79225010719262e-06 1.09489857468275e-05 1.50464966725945e-05 1.76952281960126e-05 1.70031404181919e-05 1.54299440492528e-05 1.12195939528106e-05 1.2081549684771e-05 1.33062280090083e-05 1.51606592865841e-05 1.72208683961837e-05 2.06849333436926e-05
-9999 -9999 -9999 -9999 -9999 -9999 2.94712722137742e-06 2.93815621128523e-06 3.91122769125546e-06 3.18230009643905e-06 4.13976084981755e-06 5.11140991306022e-06 5.19736785328405e-06 4.32770103903977e-06 4.61077813958948e-06 4.72372125445231e-06 3.61691145205941e-06 3.07593379905564e-06 3.4907031862954e-06 1.65674226865441e-06 1.57574487577864e-06 3.00212200967538e-06 3.82156464634208e-06 4.99956797837387e-06 3.69930626769636e-06 4.93251340582407e-06 3.538480103899e-06 2.64952177778292e-06 3.3469673609445e-06 3.52272650546609e-06 2.20381088999417e-06 3.45973556516575e-06 6.64289136048355e-06 7.06781499873374e-06 4.08818001746673e-06 3.3585962800107e-06 2.68389951962741e-06 4.5669621440246e-06 4.10459139121091e-06 2.00124330492682e-06 6.56557769237283e-07 3.31214649025293e-07 5.99714684121118e-07 6.37870109552356e-06 6.39368105247717e-06 3.18044792882802e-06 3.37382299557619e-06 9.25026445675563e-06 2.17223465179566e-05 2.1932228241322e-05 2.08613454783853e-05 2.34022723719439e-05 2.63594230924987e-05
-9999 -9999 -9999 -9999 -9999 -9999 -9999 -9999 5.11091126022435e-06 6.47245265694405e-06 3.75972359994891e-06 4.51383338296213e-06 4.18356077912284e-06 4.61829527132745e-06 5.03823540935444e-06 4.94784049554072e-06 2.85630338553232e-06 2.21153591485472e-06 2.47336060617402e-06 2.86121959183146e-06 2.97681048964755e-06 3.62110895607635e-06 5.20650296018395e-06 6.39686172605345e-06 6.50938951568942e-06 3.85965750230214e-06 3.80029714825653e-06 3.93502699682161e-06 3.02229501345205e-06 2.18789578766608e-06 4.14948782189326e-06 3.62421802201182e-06 3.43914320941481e-06 4.90001060159001e-06 7.59340066844536e-06 8.06020030769845e-06 7.32318064992092e-06 4.66940177349006e-06 2.08256937505361e-06 1.14774353018923e-06 6.2317407899022e-07 5.34933496131499e-07 5.45758586652059e-07 1.11625231645715e-06 4.28654865426468e-07 5.37783937229535e-07 8.32345514804678e-07 6.51961450084879e-07 1.15972009811479e-06 3.4336502113378e-06 1.78550535124394e-05 2.47207973576432e-05 3.23607928031697e-05
-9999 -9999 -9999 -9999 -9999 -9999 -9999 -9999 4.85839730983358e-06 7.71356858856185e-06 6.34725180722878e-06 3.66150041189612e-06 3.10619780950884e-06 4.23371485224272e-06 4.65403690690929e-06 4.02258665519229e-06 2.73575864719727e-06 2.60883798989362e-06 2.98529510035209e-06 3.69194734966511e-06 4.05852956654077e-06 4.24320021683245e-06 5.24640721043852e-06 5.62389493839001e-06 6.92208828582653e-06 5.81931182228646e-06 3.34010149626809e-06 3.14614299476016e-06 3.68854079454846e-06 2.32605991502029e-06 2.46296952949035e-06 4.81178991188127e-06 5.58820045841483e-06 4.97448548811453e-06 8.44845294916773e-06 8.48470108528805e-06 8.47283980359532e-06 7.77382211940204e-06 5.82535507564039e-06 2.90022698944211e-06 1.2705381214359e-06 7.33673339092833e-07 4.36108343017597e-07 5.21331708129543e-07 2.72648933067203e-07 2.2236957429196e-07 3.24687421690086e-07 2.48519807683348e-07 3.84046580576591e-07 2.33781731398911e-06 1.02330009604898e-06 8.23500396859222e-07 1.85829196437986e-06
