KUENM/enmeval_cont.asc
NCOLS 320 
NROWS 203 
XLLCORNER 44 
YLLCORNER 6.00000000000001 
CELLSIZE 0.166666666666667 
NODATA_value -9999 
[rows 23 to 45 of 203, columns 0 to 52 of 320]
-9999 -9999 -9999 -9999 -9999 -9999 -9999 -9999 -9999 -9999 6.00323515792198e-06 5.77150098571891e-06 3.25535611467771e-06 4.03262588404452e-06 4.01198181721618e-06 3.44962794511334e-06 2.74752363779227e-06 3.36105525163995e-06 3.79899052239882e-06 4.07380889829245e-06 4.42006047698144e-06 3.87080181812495e-06 4.65408727979233e-06 5.59218996066582e-06 5.50135624303932e-06 5.82615010965008e-06 4.51073003462491e-06 2.94273362104429e-06 4.00182383148671e-06 3.38518587575501e-06 2.44170502412781e-06 2.34054859585619e-06 4.48469988924232e-06 6.238766910973e-06 7.02045068810553e-06 7.26452787536743e-06 7.71001162208821e-06 7.60596475410114e-06 7.19587722642269e-06 6.20388288873197e-06 4.6186619687627e-06 2.79591231491302e-06 1.12860787029271e-06 5.29061457193418e-07 4.14481243753133e-07 5.5445123232456e-07 3.62675142468987e-07 3.40051734308777e-07 2.66855269081725e-07 6.95125470122671e-07 2.2977584503718e-07 2.74237472400949e-07 4.81981555869638e-07
-9999 -9999 -9999 -9999 -9999 -9999 -9999 -9999 -9999 -9999 -9999 -9999 -9999 -9999 3.30502714957391e-06 2.14623483386138e-06 2.82720718533248e-06 3.32967071101378e-06 3.46602037237733e-06 3.40548085613191e-06 3.89711679875381e-06 3.72619246300669e-06 3.8095531755697e-06 4.71465669236196e-06 4.62455190615258e-06 5.09701384160835e-06 4.45076323113438e-06 3.50619800911978e-06 2.58841327556535e-06 1.94389562943102e-06 2.93316414291067e-06 3.48652322947379e-06 3.30250764861149e-06 2.70725262778824e-06 3.70467322063834e-06 5.30927458410044e-06 5.58710068291946e-06 5.68938396422647e-06 5.94206815218994e-06 5.13753793338608e-06 5.22450061648419e-06 5.01794379933717e-06 3.54495961577365e-06 3.33844806424416e-06 3.53008664157519e-06 2.17517434223439e-06 1.54650980741075e-06 9.15053507007545e-07 5.4224181554214e-07 2.68164768778649e-07 3.95773971698951e-07 8.05799632916471e-07 9.51158701133678e-07
-9999 -9999 -9999 -9999 -9999 -9999 -9999 -9999 -9999 -9999 -9999 -9999 6.62079298231376e-06 7.55750105419428e-06 5.78319263918939e-06 4.68496619019279e-06 3.19222412522209e-06 2.93467183431082e-06 3.98789319309312e-06 3.82139546204709e-06 3.47760281284981e-06 4.0014507134976e-06 4.68385897197794e-06 4.23483761534565e-06 3.81869824988474e-06 4.13295610563615e-06 3.58968194567814e-06 2.67982065747862e-06 2.33539165336697e-06 1.99480318301151e-06 1.38801881967486e-06 1.65796682610048e-06 1.5761642059784e-06 1.75924725523151e-06 2.00341259343304e-06 1.93537137058833e-06 2.17080092102017e-06 2.82763225135169e-06 2.57539445631008e-06 3.54567711599587e-06 4.63132591560708e-06 5.20305339132631e-06 6.08766899712896e-06 5.86292026606113e-06 5.46728364857015e-06 3.27664485469348e-06 2.63790517111774e-06 1.39138486150627e-06 8.71004302472347e-07 8.83390079222378e-07 8.5323019410323e-07 1.02553810417454e-06 4.54474422050638e-07
-9999 -9999 -9999 -9999 -9999 -9999 -9999 -9999 -9999 -9999 -9999 -9999 6.73157651589456e-06 8.86703933538917e-06 4.95381533617416e-06 6.58777183706289e-06 4.87983736871657e-06 4.96770849976487e-06 4.30295776089075e-06 3.75620595741881e-06 4.51413412684263e-06 4.8868776217725e-06 5.03090214391522e-06 3.88229227566563e-06 3.54518279582247e-06 3.6964152858808e-06 3.86695749060034e-06 3.65287413273262e-06 3.22163420037465e-06 2.64569868084423e-06 2.45645748583887e-06 1.48402535950463e-06 1.12397501347792e-06 1.04328833614443e-06 1.18325299011676e-06 1.56340827554372e-06 2.0238918116708e-06 3.20442415757795e-06 3.25109815137784e-06 3.3086226822168e-06 4.03211530191109e-06 5.12045157558894e-06 5.48709509127163e-06 5.33921647396977e-06 5.19424012597476e-06 4.68016505432019e-06 3.47250464659498e-06 2.8104951807239e-06 2.12234954825999e-06 1.31062712152898e-06 1.35027761836473e-06 8.38567153876529e-07 9.04463129934798e-07
-9999 -9999 -9999 -9999 -9999 -9999 -9999 -9999 -9999 -9999 -9999 -9999 -9999 6.32402936523805e-06 7.52108707329982e-06 6.50003214872082e-06 3.63772125574014e-06 5.54999314518712e-06 4.68045282981737e-06 3.6882011656273e-06 4.43886482704996e-06 4.91440814880151e-06 4.74103790949828e-06 4.92384492421061e-06 3.45971107915404e-06 3.03088492642602e-06 3.80739312843021e-06 4.07019494015067e-06 3.80517420682098e-06 3.33835253129501e-06 3.19497864565982e-06 2.3131481268792e-06 1.75485182638322e-06 1.52022473938784e-06 9.80578039975084e-07 1.20741784401887e-06 1.16047948842765e-06 1.82870206941256e-06 3.26677727250255e-06 3.33729281287186e-06 3.08784439071775e-06 2.76042048341797e-06 4.47789442564081e-06 4.89132391533691e-06 4.91196755188624e-06 4.49147947884813e-06 4.10524287620309e-06 3.5674181070112e-06 2.93440001594567e-06 3.27082210688449e-06 3.99617212356462e-06 5.36755144223044e-06 5.93712375141979e-06
-9999 -9999 -9999 -9999 -9999 -9999 -9999 -9999 -9999 -9999 -9999 2.70387991235284e-05 1.60565505596912e-05 1.14746940974897e-05 5.47826303301943e-06 7.09114163563116e-06 5.36186925383155e-06 7.0086353016658e-06 4.93002549436397e-06 3.98614384010745e-06 4.14586891479154e-06 3.29060075684357e-06 2.62317547981629e-06 4.64702321774098e-06 4.74651395128377e-06 3.54749207447161e-06 3.8229918142259e-06 4.71772034157535e-06 4.39204150340724e-06 4.30518420125672e-06 3.86283301958696e-06 3.48115880897121e-06 3.05044742113602e-06 2.35569778000392e-06 1.75443829461037e-06 2.68010649125707e-06 2.5826332314721e-06 3.01738827201141e-06 4.43700765636072e-06 4.02343340492706e-06 4.39450962451619e-06 4.87979040021129e-06 5.34042984024213e-06 4.79320650088331e-06 4.89480126010022e-06 4.62344790496523e-06 4.33494901056413e-06 4.60643089612705e-06 4.54504115525058e-06 4.84272848972498e-06 5.35889419302382e-06 5.90408274139652e-06 5.76136147516148e-06
-9999 -9999 -9999 -9999 -9999 -9999 -9999 -9999 -9999 -9999 -9999 2.8934868599252e-05 1.64237353043431e-05 8.83653355653448e-06 7.61901849082085e-06 4.77488118340648e-06 6.26009531049091e-06 5.49880747461234e-06 5.36063258602951e-06 5.46890329475893e-06 5.62949873749837e-06 4.90138564087589e-06 4.02374363652343e-06 3.44509113476091e-06 4.1745218569212e-06 4.34598994493982e-06 5.60038493833843e-06 5.0403591285719e-06 3.38685334733594e-06 4.05740339227998e-06 3.77297761724121e-06 1.94787441262785e-06 2.21821749182157e-06 2.46685515741749e-06 2.71461134028087e-06 1.90665035446047e-06 3.28786878235725e-06 4.43609106853066e-06 5.69713489060657e-06 5.63128537194588e-06 4.43067503463645e-06 4.78431818715576e-06 5.10193181640396e-06 5.1693233819093e-06 4.93284986402829e-06 4.85253929234281e-06 3.84545630175544e-06 3.01716980590878e-06 4.47882527426136e-06 4.81189004141285e-06 5.24837880732877e-06 6.24514772504156e-06 6.2116333557168e-06
-9999 -9999 -9999 -9999 -9999 -9999 -9999 -9999 -9999 -9999 4.83175808613271e-05 3.3265664995294e-05 2.00854455392776e-05 9.5038388823156e-06 1.08927016589637e-05 1.00980657223071e-05 7.04786066444977e-06 9.05437380368385e-06 5.54105066770459e-06 4.2527040849104e-06 5.4907104658633e-06 4.99045814606849e-06 4.52652112024645e-06 5.91399755135907e-06 8.0030850455304e-06 3.44664155661937e-06 1.9573541767584e-06 3.33645872196949e-06 2.94002384634624e-06 3.34567347301728e-06 4.1022116794762e-06 2.63996248420072e-06 1.89752022815366e-06 1.87807706468857e-06 1.22913361905453e-06 1.33820256429526e-06 9.60755528950848e-07 1.59806543300207e-06 3.70019610220515e-06 4.36490551389273e-06 4.33133456903386e-06 4.43810264543271e-06 4.65736778148635e-06 5.02504182383301e-06 5.11603708225758e-06 4.99111995632729e-06 4.73323759444787e-06 4.54397300303783e-06 3.64623670107288e-06 2.53398469921909e-06 4.38203837087304e-06 5.00270443552285e-06 4.74914862378646e-06
-9999 -9999 -9999 -9999 -9999 -9999 -9999 -9999 -9999 -9999 5.08139788321036e-05 2.89579794756826e-05 7.1979894265818e-06 1.15145333940082e-05 9.69943853577367e-06 1.20432043320984e-05 1.05060932138728e-05 9.75910121697307e-06 5.12732780222116e-06 5.46929869905157e-06 7.60838909711962e-06 6.61840230964238e-06 3.89837267798454e-06 8.39390552122183e-06 9.18966761955568e-06 5.81857297547828e-06 4.15038605565047e-06 1.72214165347201e-06 3.13532442905296e-06 3.9187237882184e-06 4.08640391216817e-06 3.27635904431401e-06 2.15082830406911e-06 1.9673080561832e-06 1.53181831853754e-06 9.40683443218963e-07 7.05975808747677e-07 1.33502204086116e-06 2.1264991566657e-06 2.72467519894286e-06 3.38969612754676e-06 3.81719567325047e-06 4.64308831139275e-06 5.15711470227525e-06 5.30020008764464e-06 5.16425125187304e-06 5.2566918659621e-06 5.03866693564398e-06 4.70701635104078e-06 3.22384326319238e-06 3.57476299091136e-06 3.77483767379172e-06 2.84039934602349e-06
-9999 -9999 -9999 -9999 -9999 -9999 -9999 -9999 -9999 5.53759084159075e-05 4.49716364080835e-05 3.58662403973781e-05 1.11668300099937e-05 9.06323624826661e-06 1.10884600007463e-05 1.07894758765055e-05 1.19246394969123e-05 1.09437000942469e-05 9.44476901412229e-06 4.96615786396103e-06 8.63490579546405e-06 9.85197538614901e-06 7.81398193753409e-06 8.75491307455194e-06 8.54070700834456e-06 5.88642544298016e-06 4.87709136905531e-06 5.45653578376884e-06 4.22019302938984e-06 2.81590478515234e-06 3.19873347398546e-06 2.43163103667121e-06 1.81245049367976e-06 2.23074408196988e-06 2.00376650028625e-06 1.60916056290599e-06 1.2650167907372e-06 1.25674349922195e-06 1.72384420272931e-06 2.8682379802875e-06 2.13128312267189e-06 2.15944871127607e-06 2.96205671295528e-06 4.97812681533237e-06 5.7034428795077e-06 5.58615672433789e-06 5.57835404510137e-06 5.17742817473303e-06 5.26785084371405e-06 4.59349436604303e-06 4.26043143436242e-06 4.61134313845956e-06 4.53288150965726e-06
-9999 -9999 -9999 -9999 -9999 -9999 -9999 -9999 -9999 5.02353664773122e-05 3.70705096856764e-05 2.93955567407869e-05 1.54025753903862e-05 1.03742755180742e-05 1.04368363345113e-05 8.7384900816086e-06 1.0218222436178e-05 9.76735018319573e-06 8.48358091159406e-06 1.06654987282424e-05 1.04233679080684e-05 7.21538629287687e-06 5.81654849740142e-06 4.9282855246661e-06 6.71057196385281e-06 8.85639153170172e-06 4.88531671387389e-06 4.28112327965316e-06 4.0003554861604e-06 2.75992921931115e-06 2.10126544258157e-06 2.38345722910741e-06 1.61761667276262e-06 1.95175804672839e-06 2.32146845657835e-06 2.154416653416e-06 1.77969490991201e-06 1.31785311974211e-06 1.83576831591279e-06 2.09995044912414e-06 8.15243934770948e-07 6.56176999999803e-07 1.32164771599989e-06 4.51637791696911e-06 5.92686662740018e-06 5.71818505301928e-06 5.0853298640053e-06 5.22535019990319e-06 4.32764353493247e-06 4.40978442906831e-06 5.15487685692016e-06 5.06618878246895e-06 5.68141328711719e-06
-9999 -9999 -9999 -9999 -9999 -9999 -9999 -9999 -9999 5.05714247321374e-05 3.53599914922685e-05 2.60742933771727e-05 1.56549343559096e-05 1.13439428746622e-05 1.0857080042527e-05 1.23148980933952e-05 1.09165153802994e-05 8.63090405764942e-06 8.96502906431019e-06 7.49456972087909e-06 8.12766222733764e-06 8.07028559632813e-06 6.56937601131885e-06 6.0556985539544e-06 5.57015052081923e-06 3.40324161430993e-06 4.59834386581406e-06 4.30113964755689e-06 2.8323701186299e-06 2.64603859368136e-06 2.06467018872606e-06 1.90464952348318e-06 2.03901766371736e-06 1.72578430221382e-06 1.95826007867034e-06 2.18705441896172e-06 1.56619734247888e-06 1.08049526090484e-06 1.59603540737183e-06 2.08078894012193e-06 1.15880341493863e-06 5.8495916322561e-07 1.20590767146505e-06 3.36050826494832e-06 6.01410456556003e-06 5.02663489449774e-06 4.59901655131932e-06 3.37991460890856e-06 1.88032247167581e-06 2.77516232771241e-06 3.14690745096399e-06 2.92876347725773e-06 3.70786603767865e-06
-9999 -9999 -9999 -9999 -9999 -9999 -9999 -9999 -9999 4.94411858440772e-05 3.93821642226139e-05 2.71580898065233e-05 1.89270619717891e-05 1.44574758239421e-05 1.14297472485112e-05 9.24478358889635e-06 1.29824567721711e-05 9.39131544792427e-06 1.20573343465549e-05 9.43153047555301e-06 8.73152368841732e-06 1.15013024050179e-05 6.83808203127844e-06 8.72706212481915e-06 6.93799637884365e-06 5.61557769318956e-06 1.74475344594054e-06 2.56504898158226e-06 5.85187093059354e-06 2.77523240476377e-06 2.13936583684214e-06 1.86230612959523e-06 1.98234319454594e-06 1.51598722566269e-06 1.23168546556711e-06 1.68008481906127e-06 9.74034280787099e-07 9.60065572310587e-07 1.36536528916118e-06 2.03076435417333e-06 1.68383828470321e-06 9.92585949982692e-07 7.16577900401698e-07 1.72317113618684e-06 3.755619274281e-06 5.11704722441269e-06 5.01083843733591e-06 3.83736208914063e-06 2.12989542394046e-06 1.79423286414607e-06 1.89449378948396e-06 2.04869504644046e-06 1.93733504723545e-06
-9999 -9999 -9999 -9999 -9999 -9999 -9999 -9999 -9999 -9999 4.70796784418676e-05 2.85320339266654e-05 1.84728328830704e-05 1.57930305025327e-05 9.95697907288764e-06 1.47525759409396e-05 1.43223586155693e-05 1.21253460860652e-05 1.95100973142689e-05 1.79866288366857e-05 1.75534324720925e-05 1.06160122985568e-05 1.39396156989275e-05 9.9081235075402e-06 8.05504931408975e-06 8.32826682679089e-06 4.84329599307295e-06 3.94287850342945e-06 6.14888439400343e-06 6.07559682939885e-06 3.20830382466228e-06 2.39016675798292e-06 1.83285485069973e-06 1.68710258295232e-06 1.34698641966406e-06 1.61339901170095e-06 2.06806917702704e-06 2.00604770424785e-06 2.03392627193146e-06 1.44511901147981e-06 1.0531282385343e-06 1.27891519560208e-06 8.4281685464435e-07 5.22490881469966e-07 8.11717288915866e-07 1.65864853591525e-06 3.51418890292894e-06 4.74973725314957e-06 4.3470836896271e-06 3.76065453730919e-06 3.41701191032631e-06 3.77826680433738e-06 3.33556105497814e-06
-9999 -9999 -9999 -9999 -9999 -9999 -9999 -9999 -9999 -9999 -9999 4.00129863756909e-05 3.03599809272478e-05 1.93945881553969e-05 1.20784416066495e-05 8.47882618912777e-06 1.6589512799684e-05 1.80536055888186e-05 1.61313148821967e-05 1.19207082706416e-05 1.26175724802332e-05 1.60847724228564e-05 1.3875239256592e-05 2.24269144122644e-05 1.35847365567894e-05 1.20558040513445e-05 9.85446447034815e-06 6.52627742544226e-06 4.40160876687816e-06 5.8540021760558e-06 6.16433309304175e-06 2.95983966641418e-06 2.82433033208895e-06 2.4904732239615e-06 1.69424381529791e-06 1.79718143573809e-06 1.97884447493745e-06 1.85957967227831e-06 1.93085765345618e-06 1.60675797858403e-06 1.41606724955662e-06 1.08692908801315e-06 8.57628684888409e-07 6.70958806556812e-07 4.89792275789847e-07 4.60674779942726e-07 1.12757137498113e-06 2.48881613486878e-06 3.99182439251258e-06 4.79864904403713e-06 4.74310388100762e-06 4.61638102583837e-06 4.48263892231248e-06
-9999 -9999 -9999 -9999 -9999 -9999 -9999 -9999 -9999 -9999 -9999 -9999 3.05212744133583e-05 2.80008011767978e-05 1.62500849149728e-05 1.02265834263576e-05 9.63326432526828e-06 1.90380679804698e-05 1.85068146274812e-05 2.15831987532485e-05 1.76783853402284e-05 1.8756996140972e-05 2.05936433176263e-05 2.83743450014436e-05 2.1182484198465e-05 2.00789725184519e-05 1.93378625347082e-05 9.34172921571693e-06 4.43568847145921e-06 4.10173264961302e-06 4.5887741044105e-06 2.94522950930964e-06 3.50239897475527e-06 3.02786322513616e-06 1.94384869713486e-06 1.47885566865516e-06 1.60043680542481e-06 2.0202093473272e-06 1.93324102499327e-06 1.16159404799076e-06 8.77854872342508e-07 8.58398753973789e-07 1.05523074933514e-06 1.12404886837728e-06 7.900714569569e-07 5.14382345181515e-07 4.8461419831446e-07 1.12698052786443e-06 1.96608167968151e-06 3.08385628180409e-06 3.64890640625186e-06 4.17015857337241e-06 4.04604408032628e-06
-9999 -9999 -9999 -9999 -9999 -9999 -9999 -9999 -9999 -9999 -9999 -9999 -9999 3.32869547321293e-05 2.21460116156003e-05 1.53908883219977e-05 1.5197066154327e-05 1.16599527914127e-05 1.29232896919589e-05 2.83084570603707e-05 2.52596730065281e-05 1.98743656282691e-05 3.22356950757898e-05 2.9010203330012e-05 1.64526576026793e-05 1.00357177009989e-05 5.98284280626602e-06 7.89484165104213e-06 9.54067468454335e-06 9.88872424954964e-06 3.73095729085757e-06 1.80317073492614e-06 1.25396011100191e-06 2.25405309029323e-06 2.14637970543437e-06 1.33712122500188e-06 1.37204175286513e-06 1.12838379095324e-06 1.1695958125275e-06 1.27726826197165e-06 1.08153927094278e-06 1.24413889057652e-06 1.50096347002394e-06 1.54874288096106e-06 1.4540380319495e-06 1.20226750335803e-06 9.82302457339349e-07 8.40028518577586e-07 9.49832345203848e-07 1.0633539286374e-06 1.58082008837987e-06 1.1422439723923e-06 1.50475536740027e-06
-9999 -9999 -9999 -9999 -9999 -9999 -9999 -9999 -9999 -9999 -9999 -9999 3.82860324532547e-05 3.62548298204813e-05 3.47840817298116e-05 2.91451901768474e-05 2.3246819767171e-05 1.96355640293639e-05 1.6798845931365e-05 1.4871263540344e-05 2.37794498430949e-05 3.3600696130719e-05 4.07062515124214e-05 3.38761042585892e-05 1.7774147658726e-05 1.43487486999558e-05 8.13892926884453e-06 2.74626150887784e-05 2.16457726811014e-05 8.94106031353028e-06 6.56375795302422e-06 3.63380665087819e-06 1.26287635362891e-06 2.26640367307518e-06 1.83232189120083e-06 1.08690515410052e-06 1.22105806873746e-06 1.12079048262611e-06 9.74036922469677e-07 9.73123783774678e-07 1.30416887251985e-06 1.6397329797959e-06 1.60737329217929e-06 1.82283143987015e-06 1.96618219393033e-06 1.8839999482173e-06 1.59318514566682e-06 1.13122964173489e-06 9.4608450069837e-07 6.91886850202075e-07 8.28861488721029e-07 8.64353487431055e-07 8.7150365580419e-07
-9999 -9999 -9999 -9999 -9999 -9999 -9999 -9999 -9999 -9999 -9999 -9999 -9999 -9999 -9999 3.70194787145798e-05 2.58552757393982e-05 2.55571666169584e-05 2.74558406471836e-05 1.81017741384302e-05 2.45810755135534e-05 2.65562172113067e-05 3.23017714211152e-05 4.14857226462869e-05 4.22502133808642e-05 2.33763537281087e-05 1.9227728086371e-05 2.4433006318552e-05 3.05341112601663e-05 2.10129353720351e-05 2.45401975219815e-05 1.23759155676759e-05 4.59974587573724e-06 3.20069942728208e-06 2.09020173708311e-06 1.19958822230748e-06 1.08766274589827e-06 1.5004422315647e-06 1.5249037628597e-06 9.90211832680435e-07 1.051563057092e-06 1.31624928314752e-06 1.48543129362683e-06 1.58633443111317e-06 2.1440926691268e-06 2.23240728844206e-06 2.15587317150478e-06 1.87844045692848e-06 1.44033611374776e-06 9.61355688710869e-07 5.84967357843027e-07 7.13614857604904e-07 9.6377460385054e-07
-9999 -9999 -9999 -9999 -9999 -9999 -9999 -9999 -9999 -9999 -9999 -9999 -9999 -9999 -9999 -9999 3.97908228844259e-05 3.85085582211576e-05 3.84933053244958e-05 3.53579947405357e-05 2.90291760080573e-05 4.00086643603906e-05 5.04622100474096e-05 4.67269945110365e-05 7.15360216097542e-05 6.62353286830457e-05 7.67518373728594e-05 7.7233625488367e-05 4.1767054133264e-05 1.2474007970457e-05 1.35878693285662e-05 1.16792223618166e-05 7.12035155762982e-06 6.5976012900302e-06 3.51288967791896e-06 1.33678622015548e-06 1.19839047888178e-06 1.14424822925636e-06 1.88032786219749e-06 2.03535117174282e-06 1.69402116106106e-06 1.58623868402985e-06 1.72457836552648e-06 1.63398178182321e-06 1.73973329594178e-06 2.36383204196431e-06 2.38693286370524e-06 2.2319349105708e-06 2.18911730970286e-06 1.71241143852512e-06 1.28552742399574e-06 9.96131182928851e-07 7.51902351533105e-07
-9999 -9999 -9999 -9999 -9999 -9999 -9999 -9999 -9999 -9999 -9999 -9999 -9999 -9999 -9999 -9999 -9999 -9999 4.17865203955427e-05 4.76236287163812e-05 5.07533236390619e-05 5.24178741760945e-05 5.98999440357339e-05 7.38341388403837e-05 7.98918836833552e-05 9.20068591408726e-05 8.57810357305889e-05 8.17094016709013e-05 6.163282455537e-05 5.84969743398483e-05 3.66301876949438e-05 1.48146730586377e-05 3.89905524468877e-06 2.03912565279945e-06 2.95532228420714e-06 1.35865142843748e-06 1.11860403276466e-06 1.57578344105269e-06 2.07226082168774e-06 1.49506576845058e-06 1.81114474211705e-06 2.06171282731952e-06 2.06722310626001e-06 2.29136908913642e-06 2.62920971660751e-06 2.23752490319254e-06 2.3483865830793e-06 2.45650377086494e-06 2.39926644775779e-06 2.36645012277916e-06 2.10980911654704e-06 1.91167665606449e-06 1.46690426634012e-06
-9999 -9999 -9999 -9999 -9999 -9999 -9999 -9999 -9999 -9999 -9999 -9999 -9999 -9999 -9999 -9999 -9999 -9999 -9999 -9999 5.0082224328367e-05 5.82062483687411e-05 6.29149523931564e-05 6.97050181399328e-05 8.57803935607429e-05 0.000101982296850917 0.000116595586767831 0.000117510813600314 0.000100614164889301 0.000109650712738196 0.000113632083918035 6.11662728360721e-05 2.73506384781638e-05 2.03613126452724e-05 9.16869800423273e-06 4.26884396838834e-06 1.31574824894541e-06 1.73733984488104e-06 1.51722955403215e-06 1.74735445207815e-06 2.32677979451069e-06 2.22433611093946e-06 2.40866917570204e-06 2.56895578899267e-06 2.51338920760232e-06 2.45221668306569e-06 2.12901580331867e-06 2.05029706626707e-06 2.40507946067166e-06 2.60971437334394e-06 2.53049487548908e-06 2.52950122405807e-06 2.31191853874135e-06
-9999 -9999 -9999 -9999 -9999 -9999 -9999 -9999 -9999 -9999 -9999 -9999 -9999 -9999 -9999 -9999 -9999 -9999 -9999 -9999 -9999 5.31068901866413e-05 6.25985332595157e-05 6.86889764834267e-05 8.00554483626527e-05 0.000102703678206611 0.000116665447768783 0.000129321839771447 0.000145520999008199 0.000140808739784603 0.000150479809809624 0.000125556059562183 5.82933768513146e-05 4.35411773174105e-05 3.84313403099296e-05 4.85076234963903e-06 2.84269154439026e-06 1.939670774339e-06 1.51141888722969e-06 2.50589517221514e-06 2.44543503428418e-06 2.52315810552813e-06 1.54852372364585e-06 2.1821815159394e-06 2.6536364760772e-06 2.34213366694891e-06 2.25723813857109e-06 2.24082842147625e-06 2.43821145193118e-06 2.42525942620726e-06 2.58106780435748e-06 2.69726979455525e-06 2.79604123435967e-06
