KUENM/enmeval_cont.asc
NCOLS 320 
NROWS 203 
XLLCORNER 44 
YLLCORNER 6.00000000000001 
CELLSIZE 0.166666666666667 
NODATA_value -9999 
[rows 69 to 91 of 203, columns 106 to 158 of 320]
7.96276146137391e-06 1.23096229397011e-05 1.59490228069531e-05 2.00794463109004e-05 2.25843606688867e-05 2.47558975195938e-05 2.45860619413073e-05 2.4042571446599e-05 2.37486942730012e-05 2.26185680096972e-05 2.13861009832908e-05 1.88042294142179e-05 1.89194572859803e-05 1.88079493293824e-05 1.84719540175286e-05 1.70704028722093e-05 1.73987109333759e-05 1.78785005512079e-05 2.02088092892898e-05 2.06945811389156e-05 2.19830207093323e-05 2.32260513768353e-05 2.22992465132798e-05 2.04623937222617e-05 1.53949366245306e-05 1.11872764598777e-05 1.17656747594445e-05 9.9268251950256e-06 1.08540536410778e-05 1.43095723138862e-05 1.26055329693892e-05 1.73616106753641e-05 2.513372643939e-05 4.38269060482286e-05 6.54827997654385e-05 6.52216169757716e-05 6.65078149816435e-05 7.1972690859041e-05 9.7679221381546e-05 0.000180195816840933 0.000249904818799361 0.00024460146890106 0.000166204977648443 9.68907607161715e-05 6.9422627619365e-05 5.91298339460918e-05 5.86106221543609e-05 5.44249102327818e-05 5.35461650765152e-05 5.4572660282892e-05 4.93124701239547e-05 4.71687368720802e-05 5.0145700319815e-05
6.00377956615449e-06 9.84241036165144e-06 1.0910883500197e-05 1.64077815705684e-05 2.26783584260245e-05 2.38465936265863e-05 2.68691876739954e-05 2.60567125721951e-05 2.44297022936424e-05 2.20184295689239e-05 2.12112131113868e-05 2.0324400861326e-05 2.02726197865136e-05 1.9933199851029e-05 2.17929639713652e-05 2.04714438458531e-05 2.05563655498856e-05 2.15107151070912e-05 2.060099361665e-05 2.20518600435636e-05 2.21152034192208e-05 2.14983438834361e-05 2.05360577752601e-05 1.51306644852037e-05 1.36875816142444e-05 1.09862323459282e-05 1.20701413027403e-05 1.22227501842282e-05 1.39093773313587e-05 1.78927548502927e-05 2.16080849933088e-05 2.38731217670999e-05 3.54941324157812e-05 3.86533661420903e-05 5.53190596321515e-05 6.41375506909413e-05 6.63810735461693e-05 6.98015606365567e-05 8.5834743570183e-05 0.000119733801994882 0.000163099942811465 0.000130236277534415 8.82099819880082e-05 6.7205399915611e-05 6.15466413655946e-05 6.0932190729455e-05 5.39570412229805e-05 5.67931510393953e-05 6.18690954404597e-05 6.10410618839069e-05 5.50976284621065e-05 5.33567143835048e-05 5.39821646331991e-05
1.00444426131428e-05 9.72780778378721e-06 8.32386655839194e-06 1.25772931984946e-05 1.62310511317074e-05 2.25165662201441e-05 2.57355642069159e-05 2.59353253917684e-05 2.41523310118658e-05 2.72860932418263e-05 2.56251461596653e-05 2.45927926375089e-05 2.36340611654511e-05 2.28938301929249e-05 2.13942343287485e-05 2.25309733410089e-05 2.20634766895855e-05 2.16238506296514e-05 2.20398630474054e-05 2.30485445487922e-05 2.18713913887673e-05 1.94789779308401e-05 1.55070126831986e-05 1.21131781665429e-05 1.40749176762935e-05 1.20651795323333e-05 1.23094811221966e-05 1.29499125835655e-05 1.57178905817887e-05 1.92365895589077e-05 1.50149607267155e-05 2.99897146722046e-05 2.80117106139133e-05 4.01406322848896e-05 4.79952818366985e-05 6.75732695058355e-05 6.64344568105608e-05 6.57937544409323e-05 6.85137731567175e-05 7.47861571864168e-05 7.88064919430026e-05 7.10497305620889e-05 6.24405594139167e-05 5.77173024277298e-05 5.88902230501572e-05 5.93892753498992e-05 6.13952084899231e-05 6.41637431528379e-05 5.65727025973896e-05 5.69181022013772e-05 5.36803868167193e-05 5.21630185647213e-05 5.30183392589094e-05
1.48287833824787e-05 1.39888427844582e-05 7.94898645538542e-06 1.20035208428416e-05 1.53870767508081e-05 2.12924109163175e-05 2.59186057415926e-05 2.51449669535878e-05 2.59270641555945e-05 2.59111602594429e-05 2.67461122586719e-05 2.55334264548639e-05 2.35532042139422e-05 2.27435276738266e-05 2.33512839644095e-05 2.37656074615365e-05 2.36965422090604e-05 2.29770857419679e-05 2.26375518660002e-05 2.03853531528153e-05 1.89048656663087e-05 1.48963404326556e-05 1.14370079835433e-05 1.20995048759074e-05 1.41437637454252e-05 1.3948599404275e-05 1.66552089295345e-05 2.01137252964719e-05 1.8204775437685e-05 2.2528378309516e-05 3.22931609319925e-05 3.26729848691515e-05 3.7058070853452e-05 3.65123758348967e-05 4.79456408480464e-05 6.63695204971917e-05 6.60872977354419e-05 6.24528645282797e-05 6.61212112531861e-05 6.60188398514405e-05 6.36302269346634e-05 6.83348328749437e-05 6.74781411535198e-05 6.72580915069171e-05 6.52181611933508e-05 6.93514407489564e-05 7.19116151047071e-05 5.86127907467638e-05 6.04645379659134e-05 5.86359824953542e-05 5.79568805165282e-05 5.53484309089702e-05 5.89980795515387e-05
1.88149202894594e-05 1.5264645449548e-05 1.56148703140665e-05 1.23576517528194e-05 1.58649672456054e-05 1.93959356318439e-05 2.34469629961221e-05 2.35767092866035e-05 2.3089325768914e-05 2.40990544034353e-05 2.47715094332823e-05 2.41407013481445e-05 2.43063490995537e-05 2.4178615990524e-05 2.36804431320159e-05 2.17024960914095e-05 1.98589934462184e-05 1.80576035764377e-05 1.86017956483814e-05 1.520721302187e-05 1.22265436017207e-05 1.23617006645934e-05 1.17370173951135e-05 1.33441683748607e-05 1.59818206647952e-05 1.69317477046861e-05 1.63479266150148e-05 2.00675963521461e-05 1.6233090863835e-05 2.04022012944201e-05 2.80475962222057e-05 2.42735902936601e-05 2.56648601968906e-05 3.13517953115617e-05 6.37341091391293e-05 6.87174421358821e-05 6.64656088014975e-05 6.50143140801334e-05 6.21578691584533e-05 6.66133921202023e-05 6.16718190558097e-05 6.82302446551154e-05 7.09504237962572e-05 6.8826107349625e-05 6.60171663422887e-05 6.65763825716622e-05 6.860559853896e-05 6.32297450401662e-05 6.33768470386755e-05 6.32154972835454e-05 6.31632044456282e-05 6.08002953125049e-05 6.25222896767029e-05
2.27856686773552e-05 2.10059963813818e-05 1.66189423220522e-05 1.91841442675078e-05 1.61016964580148e-05 1.5389684027239e-05 1.94969962493084e-05 2.04669736294007e-05 1.96032028251033e-05 1.96034941190985e-05 2.12171823179591e-05 2.29410204991009e-05 2.1486271535062e-05 2.06799892317219e-05 1.98144911366343e-05 1.81591128934566e-05 1.73233994474687e-05 1.43608170903176e-05 1.21995648687121e-05 1.23539843166113e-05 1.37129368471259e-05 1.22799389278407e-05 1.37919092912423e-05 1.36276866400402e-05 1.71573470299222e-05 1.69216830570352e-05 1.77941694428083e-05 2.01311392812106e-05 1.88239542552639e-05 1.56448548872422e-05 2.80705466207615e-05 3.24014250086316e-05 3.2724518651219e-05 3.92259400728521e-05 6.23636287263985e-05 6.67245079851419e-05 6.44062556242009e-05 6.08159158083448e-05 6.41602879956073e-05 6.35705529965813e-05 6.7854477165444e-05 7.83943574491683e-05 7.45691846970147e-05 7.70475951858376e-05 7.16946176820786e-05 7.00528360169786e-05 7.03054448535996e-05 6.96963079377028e-05 7.3025590703937e-05 7.4141039749886e-05 7.06393199716214e-05 7.05705431440283e-05 7.03770638463739e-05
2.09783335079043e-05 2.29980077629819e-05 2.30218752696615e-05 2.05509155386001e-05 2.29711229330612e-05 1.84988218520849e-05 1.58178756458075e-05 1.41015361859789e-05 1.49350449673811e-05 1.66426461211585e-05 2.15046682996587e-05 2.11025268303768e-05 1.97486453787803e-05 1.95281582325799e-05 1.75516584066001e-05 1.60289324676638e-05 1.41533121539805e-05 1.53316042908713e-05 1.66125742248826e-05 1.57826364039327e-05 1.53504102072022e-05 1.7958756690124e-05 1.55090521258043e-05 1.42885134154643e-05 1.78638917035294e-05 2.09424818149244e-05 2.3897172866486e-05 2.08880832144186e-05 2.00466226113613e-05 1.82626726537471e-05 2.37230061688724e-05 3.52577612196649e-05 3.58231055900388e-05 5.09552574394898e-05 6.82705498702341e-05 7.19111244557361e-05 6.78817029767221e-05 6.77356546090607e-05 6.46119955644224e-05 7.22414145111531e-05 7.77106560731772e-05 7.23839886755706e-05 7.28171837109096e-05 7.55397900777322e-05 7.94599488732977e-05 7.94153059099922e-05 7.81635732940047e-05 8.06558264800238e-05 8.16125765625224e-05 8.48229159319201e-05 8.24125971915966e-05 7.59651135591944e-05 8.13598651932604e-05
2.32494032608173e-05 2.45107195089675e-05 2.49606712145572e-05 2.52940593044541e-05 2.47043720344336e-05 2.51234198224616e-05 2.51530476070583e-05 2.50624661104601e-05 2.59155534668962e-05 2.66808974346378e-05 2.75676247274254e-05 2.59453163912632e-05 2.25725335012906e-05 1.91225594518887e-05 1.7752077301594e-05 1.81811986752257e-05 1.77207698876466e-05 1.73688207743826e-05 1.61107574966378e-05 1.75788828661313e-05 2.18783130918116e-05 2.20819207758417e-05 1.94319877637932e-05 2.44189604278716e-05 1.61704876218873e-05 3.08984017745005e-05 2.25669574090922e-05 2.18046328240706e-05 2.48182153595167e-05 2.38661272443937e-05 2.75526338565779e-05 3.50218199052406e-05 4.33524754506516e-05 4.7420029569632e-05 7.69301738741383e-05 7.49548287412551e-05 7.08596317472973e-05 7.15401707003734e-05 6.30924810256726e-05 6.31009123651606e-05 6.93479895563783e-05 7.486125986427e-05 8.01975970341845e-05 8.08818091933941e-05 7.91591591677219e-05 8.68768608620881e-05 8.133166031713e-05 8.24470200830477e-05 8.68584870859821e-05 8.88264552974823e-05 0.000101745104440097 0.000104631695445874 8.77863077482412e-05
2.13897130898263e-05 2.3374320500746e-05 2.4306034964367e-05 2.55592799284411e-05 2.53189211547848e-05 2.50228409720448e-05 2.32347122303988e-05 2.39608664009043e-05 2.58617774232414e-05 2.75534596980315e-05 2.75370793015976e-05 2.75682827786408e-05 2.6059175818437e-05 2.41842468923411e-05 2.20823308191658e-05 1.86923554268782e-05 1.8925960115498e-05 1.85336952836985e-05 2.1082039783434e-05 2.14350261182741e-05 2.17085353108424e-05 2.38937959269771e-05 2.81186530175847e-05 2.12349839356938e-05 3.32357175979938e-05 2.84458386224112e-05 2.79073456027625e-05 2.30944025876067e-05 2.8072936789452e-05 2.98838026526072e-05 3.0745664173833e-05 3.48327484910605e-05 4.526639262656e-05 6.61089072663233e-05 8.5224533244799e-05 8.52828240126805e-05 8.02520937194986e-05 6.52407633577334e-05 6.26766378194306e-05 6.8396457511366e-05 7.42167162081952e-05 7.77327374946319e-05 8.05024673018319e-05 8.93426859847412e-05 9.10384251471509e-05 9.13210037779503e-05 9.02488154570072e-05 9.19615871308112e-05 0.000112996964142202 0.000117849765076551 0.000113749029205437 0.000110882790352189 9.66972480094305e-05
3.01028742073057e-05 3.29984065262201e-05 4.09569361270499e-05 3.37586184634664e-05 2.61835746397173e-05 2.66672898987672e-05 2.85320300712711e-05 2.83714198468539e-05 2.68621697977981e-05 2.8376123601831e-05 2.83071785422331e-05 3.09254227442623e-05 2.94771664568001e-05 2.76432139524023e-05 2.42123021773593e-05 2.27615425364032e-05 2.03191635754849e-05 2.00625494389638e-05 2.13603919145821e-05 2.42038011665644e-05 2.63938975265711e-05 2.42184311913285e-05 3.43169169926656e-05 3.70883174280793e-05 4.57268084327946e-05 2.61729873905788e-05 3.7937116738666e-05 2.84953577154947e-05 4.63075848160476e-05 2.93049258772332e-05 3.58290215070755e-05 4.42174857368648e-05 4.95800769782204e-05 7.56618342722257e-05 9.17864840410995e-05 8.87458158199271e-05 7.65797058510854e-05 7.55400066888096e-05 7.33860252772622e-05 7.70190835518057e-05 8.01222084599694e-05 8.63601163172973e-05 8.76039976901122e-05 9.0114791568185e-05 0.000114470135100832 0.000111095297755496 0.000112518661141771 0.0001129755390356 0.000115712977319003 0.000116478673113679 0.000115541985089378 0.000115395503552115 0.000115333064416847
3.74267335183099e-05 4.33939530285352e-05 4.83858077302227e-05 5.90798239652392e-05 5.3070000741638e-05 4.78558968099646e-05 4.08269059196673e-05 3.56507024970372e-05 3.3133851647854e-05 3.34904996300817e-05 3.23724073107909e-05 3.2046013461964e-05 3.14631109013608e-05 2.94795249362121e-05 2.61869960378163e-05 2.51699497144661e-05 2.52141598629054e-05 2.55822550411798e-05 2.63069906277459e-05 2.97181303035166e-05 3.45136816811545e-05 4.63228899296663e-05 5.03828778191729e-05 5.06216522506928e-05 5.98807174712803e-05 5.48797824810039e-05 5.41170225132037e-05 6.55993231193553e-05 8.99860906268325e-05 5.13313516058135e-05 4.88044302377579e-05 6.2533596379695e-05 6.49202318719751e-05 7.98265752712362e-05 0.000110542441563946 0.000106162837863507 8.89242536256326e-05 9.01042844043252e-05 8.70947474445685e-05 8.70237957733631e-05 0.000104379689962765 0.000107512234903163 0.000110687799215721 0.000114513747605494 0.000118165106214277 0.000128549310401915 0.000129560795405219 0.000126136027632292 0.000129257380751682 0.000127189578440763 0.000127086656109981 0.000122262914843437 0.000133476753406045
6.32172907556177e-05 6.17049920566094e-05 6.33027888107101e-05 7.56815760646302e-05 5.04118080242283e-05 4.52826952422072e-05 5.15600467499318e-05 5.2119535533641e-05 5.07036187493834e-05 4.80851289442388e-05 4.51542616579198e-05 4.36971684071277e-05 4.116730667323e-05 3.91962157988804e-05 3.77786379792013e-05 3.72652403358893e-05 3.45533593445705e-05 2.91927135394591e-05 2.75511396498988e-05 4.27849997211933e-05 5.32347760995754e-05 5.89027411831263e-05 6.51368736006764e-05 7.03648807711767e-05 8.78560069852101e-05 7.84536004251647e-05 6.8179778437317e-05 0.000122462200741984 0.000122281924876279 6.47737460715458e-05 5.19236431349991e-05 8.75254263279131e-05 8.05121678845353e-05 7.92794995472488e-05 0.000105166896755938 0.000118627772090343 0.000116646670554426 0.000112983795557018 0.000110839999971141 0.000112289650591219 0.000111871062800689 0.000117590785105171 0.000126845059532035 0.000127704378700832 0.000129996527469702 0.000131550144294585 0.000132074849475599 0.00013004219836174 0.000133062058855785 0.000134718818917271 0.000137501271392411 0.000139057236455648 0.000141301328102958
8.90420282944324e-05 0.000107439944057684 9.87120349782723e-05 0.000100590320620497 8.08063409692285e-05 6.63367456177989e-05 6.98996597402648e-05 6.99208150372337e-05 7.20694158332022e-05 6.150562638071e-05 6.19114673624114e-05 5.52662002858127e-05 4.90095246436454e-05 4.78187923324421e-05 4.50823273744713e-05 4.09806084638079e-05 3.5866485256706e-05 4.4894531333672e-05 5.27573230607304e-05 5.46761750401743e-05 5.32439446426349e-05 7.07673575182998e-05 7.85350269744359e-05 8.63287157844355e-05 0.000108593670147467 9.48644628879307e-05 9.64833950790752e-05 0.000211771323281416 0.000176957079363731 0.000109857810455817 6.35574597499526e-05 8.62860257020634e-05 9.52784471944023e-05 9.68809737545071e-05 9.7120420111674e-05 0.000108575681181647 0.000128363251939286 0.000116642641658086 0.000125840739233712 0.000116449470702858 0.000120994038251873 0.00012833851256753 0.000138734862449571 0.000145753018325209 0.000152828415904637 0.000154241593714259 0.0001546069517342 0.000148260608239798 0.000148943189803922 0.000151408543028326 0.000143576181314281 0.000145873293320239 0.000158240621274894
0.000118710628486856 0.000137678583448877 0.000125953848922809 0.000120623539363598 0.000116474487429288 0.000116870045446872 0.000109317566767534 0.000101067970025829 9.48017347717042e-05 7.68390254170849e-05 7.28144191108136e-05 5.90475723187014e-05 4.95025847294976e-05 5.2332470582849e-05 5.32674101158244e-05 5.39425530676794e-05 5.70575822212096e-05 5.81646699853679e-05 5.72079619130836e-05 5.98934823069339e-05 7.19216459400137e-05 8.65828118562405e-05 9.78326279790377e-05 7.40390706948319e-05 9.40890906206881e-05 0.000117450603322789 0.000113397954261022 0.000178178471045306 0.000218486134115718 0.000166243021800386 0.000102786094579383 0.000112373567623549 0.000117813093669256 0.000100445647172779 0.000100554005251629 0.00010387872288812 0.000119813890164597 0.00013165081176464 0.000140700899616115 0.000136543394373843 0.000131778933914874 0.000142306614898473 0.000150558803974515 0.00016165142737227 0.000167770794551522 0.000167902110663208 0.000165755584651776 0.000155190299051516 0.000156721285917334 0.000155167145075305 0.000162124496204966 0.000160173945202697 0.000170103448431276
0.000127455700697565 0.00011911053731137 0.000137732300588122 0.000125114700712989 0.000128754897046536 0.00013115860207641 0.000123361469121216 0.000118862855563304 0.000112263706521054 9.05970662944012e-05 6.9725438602666e-05 6.60551099625026e-05 5.87226146387374e-05 5.75356932505687e-05 4.51762119361745e-05 4.99709959575294e-05 6.18301661879327e-05 6.3464643159572e-05 7.1904685715754e-05 7.81246109611449e-05 0.000101402590609015 0.000113553095693441 9.29658573842175e-05 0.000114695529447366 0.000126795772678013 0.000115901833576565 0.000117225919035629 0.000194362089468684 0.000218870573816809 0.000201737375381551 0.000155946240138709 0.000113922628714924 0.000130341798250558 0.000129408186412396 0.0001226561885959 0.000122778916434645 0.000128785985972226 0.000139980694036787 0.000153091871702037 0.000160565178771872 0.000160286422248833 0.00016642686616813 0.000180284248332301 0.000183078131813427 0.000189207949905585 0.00018584222671166 0.000174021841988516 0.000167544139104439 0.000166008080946091 0.00016783261279932 0.000174356334561615 0.000174437900618472 0.000185062790923347
0.000123914545360738 0.00013420489052064 0.000140576117502401 0.000136348729003654 0.000136548361813505 0.000147580361796501 0.000135766652251045 0.000124122568489436 0.000121648290374024 0.000104917999699246 9.7624144523868e-05 9.11972032926983e-05 8.09148218279766e-05 7.23596596852504e-05 6.74636400810074e-05 7.77604857329152e-05 7.94162459902802e-05 7.55805280053542e-05 8.30577934505539e-05 9.28518799368749e-05 0.000106165376972318 0.000118720933271423 0.000130178545855541 0.000116527283987134 0.000117407660359023 0.000135487817969798 0.000147917207482999 0.000184661618454403 0.000210939659888322 0.00020736580528304 0.000183410529069861 0.00014612435554372 0.000117092517837718 0.000139467194603681 0.000141375330788213 0.000143187423819157 0.000149654534703596 0.000159666153717889 0.00017593325195252 0.000175390532317634 0.000193247195279303 0.00018712573014059 0.000201731859140532 0.000216360697412616 0.000226036907819016 0.000221129194906301 0.000192186144444717 0.000180855275164376 0.000168930629683379 0.000174000328175924 0.000184809875316395 0.000189526980472435 0.000204151259951768
0.00011987446566166 0.000144994651918993 0.000137704020118229 0.00011781335415095 0.000107480327795322 0.0001239339522599 0.000126401167198127 0.000116936309217505 0.000109248248185524 0.000111805555462803 0.000116386981020307 0.00010151467732342 9.01268512271897e-05 8.50790619720639e-05 8.99959987841583e-05 9.76065071281439e-05 9.98744521052551e-05 7.89549275222471e-05 8.29751559667095e-05 9.20958432776116e-05 0.000109387779071457 9.70184778771557e-05 0.000120214123541127 0.000136806631112853 0.000139754555444655 0.000147304329898095 0.000171604534176676 -9999 -9999 0.000172067705049947 0.000161606526107032 0.000156587716481559 0.000129884934058389 0.000160276175030591 0.000151331401170715 0.000162763828332905 0.000169650079050082 0.000180149019957806 0.00019542628155063 0.000208797080593198 0.000219713413253955 0.000221891008607008 0.000237310901641158 0.000261216540126011 0.000322307866010924 0.000309779962232225 0.000263552801606308 0.000197864511569533 0.000188309615605271 0.000189153092051352 0.000207597184047378 0.000215672966421315 0.00022004220106831
0.000126521166376112 0.000124120583574806 0.000129416910129323 0.000125023250212402 0.000120701384032846 0.000107227906574617 0.000125591284995515 0.000122552910654056 0.000126110625667923 0.000126579575138094 0.000123066341199646 0.000103981438464962 9.96282482531833e-05 0.000104019677394701 0.000105319509039559 0.000103819099936568 0.000102230744576573 9.88039425427096e-05 0.000105435674737915 0.000119300819091874 0.000106788830826425 0.000110659468992467 0.000141335787144037 0.000166132285098707 0.000174476468279989 -9999 -9999 -9999 -9999 -9999 0.000162473313507194 0.000156713845101501 0.000169807883578648 0.000176387929149092 0.000167819252884661 0.000173284355560376 0.00019547259280418 0.000204932657071118 0.00022642997825425 0.000233066324726871 0.000246089584975285 0.00026076412859024 0.000264107979462743 0.000337544453637691 0.000339156627999483 0.000320016905020188 0.000281063939483586 0.000203542043694802 0.000195040145722079 0.000206544016901243 0.000225187129732648 0.000238000438701747 0.000260484832519692
0.000120072386162873 0.00011619520837219 0.00011728306274527 0.000136839183258467 0.000134262867326736 -9999 -9999 0.000131383080801336 0.000132243341588653 0.000113061565395605 0.000106660662456838 -9999 -9999 -9999 -9999 -9999 0.000100289300094377 -9999 -9999 -9999 -9999 -9999 -9999 -9999 -9999 -9999 -9999 -9999 -9999 -9999 0.000176357747519431 0.000171743301508269 0.000201544876941247 0.000183419832801332 0.000176765617377911 0.000196995804765476 0.000212769015301809 0.000233502749053569 0.000242050690285709 0.000253706664556038 0.000265153148390616 0.000268724684616702 0.00034011618398557 0.000366674608603464 0.0003665779425638 0.000368703093956596 0.000257610702568003 0.000232342540737525 0.000218639994918928 0.000231367481907679 0.000266498195710226 0.000301513132893453 0.000300058568001927
0.00010850531836413 -9999 -9999 -9999 -9999 -9999 -9999 -9999 -9999 -9999 -9999 -9999 -9999 -9999 -9999 -9999 -9999 -9999 -9999 -9999 -9999 -9999 -9999 -9999 -9999 -9999 -9999 -9999 -9999 -9999 0.000203980248468932 0.000208331982411673 0.000216080143852538 0.000217724524418405 0.000210101904136928 0.000207209681486402 0.000237202809199971 0.000254857919570098 0.000264348937296304 0.000287788183808445 0.000293140786917393 0.000287958906310466 0.000358448018193427 0.000344329082247686 0.000359170375172906 0.000342634361426434 0.000281336725847952 0.000255463211060481 0.00026635219331304 0.000273656646733484 0.000301596129684323 0.000346828746592404 0.000344040519693431
-9999 -9999 -9999 -9999 -9999 -9999 -9999 -9999 -9999 -9999 -9999 -9999 -9999 -9999 -9999 -9999 -9999 -9999 -9999 -9999 -9999 -9999 -9999 -9999 -9999 -9999 -9999 -9999 -9999 -9999 0.000189126520803 0.000194795138351648 0.000196636233585678 0.000198768187804775 0.000235006818169036 0.000238429719794202 0.00027178431616541 0.00028530680202093 0.000298370282866131 0.000298073343010234 0.000305436624993951 0.000294693321765445 0.000355708760861108 0.000359751662212509 0.000359383530498525 0.000344226775406103 0.000338810229808671 0.000344031135832564 0.00028672144736397 0.000300814754229663 0.000337167529186763 0.000371683820652717 0.000384777071138949
-9999 -9999 -9999 -9999 -9999 -9999 -9999 -9999 -9999 -9999 -9999 -9999 -9999 -9999 -9999 -9999 -9999 -9999 -9999 -9999 -9999 -9999 -9999 -9999 -9999 -9999 -9999 -9999 -9999 -9999 -9999 -9999 -9999 -9999 0.000261535940307651 0.000276673654827007 0.000300050866005051 0.000301047311938565 0.000309839841784149 0.000313164174753419 0.000310744102777565 0.000316315571235242 0.000305710942976588 0.0003019874101157 0.000332776055995239 0.000348808662265161 0.000350055285866809 0.000371236497481724 0.000319984922582337 0.000343613050915029 0.000366758135013232 0.000401837425252902 0.00043298278456551
-9999 -9999 -9999 -9999 -9999 -9999 -9999 -9999 -9999 -9999 -9999 -9999 -9999 -9999 -9999 -9999 -9999 -9999 -9999 -9999 -9999 -9999 -9999 -9999 -9999 -9999 -9999 -9999 -9999 -9999 -9999 -9999 -9999 0.000209275356998947 0.000268177204121546 0.000276156090052864 0.00029852416892808 0.00032092376565436 0.000329798312411097 0.000316138755534722 0.000322290182460701 0.000323902280479833 0.000317000521435888 0.000241926298966149 0.000296637517776509 0.000359489690915154 0.000397564758104208 0.000345301654531682 0.000348821714773251 0.000366909359750129 0.000406220646614952 0.000445382066706147 0.000488767378855205
