KUENM/ne_uncertain.asc
NCOLS 320 
NROWS 243 
XLLCORNER 44 
YLLCORNER -0.666666667 
CELLSIZE 0.166666666665625 
NODATA_value -9999 
[rows 0 to 26 of 243, columns 0 to 61 of 320]
-9999.000000000000000 -9999 -9999 0.00170778661042448 -9999 -9999 -9999 -9999 -9999 -9999 -9999 -9999 -9999 -9999 -9999 -9999 -9999 -9999 -9999 -9999 -9999 -9999 -9999 -9999 -9999 -9999 -9999 -9999 -9999 -9999 -9999 -9999 -9999 -9999 -9999 -9999 -9999 -9999 -9999 -9999 -9999 -9999 -9999 -9999 -9999 -9999 -9999 -9999 -9999 -9999 -9999 -9999 -9999 -9999 -9999 -9999 -9999 -9999 -9999 -9999 -9999 -9999
-9999 -9999 -9999 0.000534571683278001 0.00199361954348376 -9999 -9999 -9999 -9999 -9999 -9999 -9999 -9999 -9999 -9999 -9999 -9999 -9999 -9999 -9999 -9999 -9999 0.00780607049028958 0.00588367468326112 0.00637653489445711 -9999 -9999 -9999 -9999 -9999 -9999 -9999 -9999 -9999 -9999 -9999 -9999 -9999 -9999 -9999 -9999 -9999 -9999 -9999 -9999 -9999 -9999 -9999 -9999 -9999 -9999 -9999 -9999 -9999 -9999 -9999 -9999 -9999 -9999 -9999 -9999 -9999
-9999 -9999 0.000395551932615285 0.000398473927659113 0.000655258284976368 0.00256991350772751 -9999 -9999 -9999 -9999 -9999 -9999 -9999 -9999 -9999 -9999 -9999 -9999 -9999 -9999 0.0134140882707925 0.0104331888115325 0.0089998056160141 0.00839259246563984 0.00901248952769151 0.0119215204327361 -9999 -9999 -9999 -9999 -9999 -9999 -9999 -9999 -9999 -9999 -9999 -9999 -9999 -9999 -9999 -9999 -9999 -9999 -9999 -9999 -9999 -9999 -9999 -9999 -9999 -9999 -9999 -9999 -9999 -9999 -9999 -9999 -9999 -9999 -9999 -9999
3.33507014147294e-05 5.52253004566621e-05 0.000113470996404938 0.000379844968607053 0.00182713279178159 0.00252433841447441 0.00337382489971105 -9999 -9999 -9999 -9999 -9999 -9999 -9999 -9999 -9999 -9999 -9999 0.0167625251438039 0.0125041028504711 0.0113767444556743 0.0106171430834365 0.00726803118849517 0.00813839740689559 0.011425510767026 -9999 -9999 -9999 -9999 -9999 -9999 -9999 -9999 -9999 -9999 -9999 -9999 -9999 -9999 -9999 -9999 -9999 -9999 -9999 -9999 -9999 -9999 -9999 -9999 -9999 -9999 -9999 -9999 -9999 -9999 -9999 -9999 -9999 -9999 -9999 -9999 -9999
-9999 1.96329001482797e-05 0.000123795994974639 0.00011012000319494 0.000193479004453943 0.00104007434803721 0.00213211346034825 0.00253831063847088 -9999 -9999 -9999 -9999 -9999 -9999 -9999 -9999 -9999 0.0105632090231893 0.00620242066599275 0.00642975851270933 0.0082291835622641 0.00991285954029308 0.00607741746641821 0.00693661046108218 0.00920033797481778 0.0132380834953949 -9999 -9999 -9999 -9999 -9999 -9999 -9999 -9999 -9999 -9999 -9999 -9999 -9999 -9999 -9999 -9999 -9999 -9999 -9999 -9999 -9999 -9999 -9999 -9999 -9999 -9999 -9999 -9999 -9999 -9999 -9999 -9999 -9999 -9999 -9999 -9999
-9999 2.746159952948e-05 4.14263013225435e-05 5.54750986333198e-05 0.000222579996574019 0.000658952400939272 0.00159169810224924 0.00109586620849234 0.00104554757141395 0.00396779719295637 0.00444957060130946 -9999 -9999 -9999 -9999 -9999 0.00343764032972516 0.00135967959222463 0.00136796964232125 0.000781637974813381 0.00319411213870602 0.00373153653441616 0.00116677974319204 0.000720493959606071 -9999 -9999 -9999 -9999 -9999 -9999 -9999 -9999 -9999 -9999 -9999 -9999 -9999 -9999 -9999 -9999 -9999 -9999 -9999 -9999 -9999 -9999 -9999 -9999 -9999 -9999 -9999 -9999 -9999 -9999 -9999 -9999 -9999 -9999 -9999 -9999 -9999 -9999
-9999 -9999 1.53863002196882e-05 6.9231500672787e-05 0.000102236001094205 0.000293716985218594 0.00122753214295024 0.00273701375337509 0.00137293154737961 0.000651931740291892 0.000185861004596874 0.000250376003256493 0.00141098762696279 0.00275994428799109 0.000531499954295562 0.000426670994633985 0.000163557997377233 0.000100128003390462 0.000403448002505481 0.000300438985797714 0.00226470663918787 0.0021445874951298 0.000771052917636725 0.000909370828555481 0.000217969004576106 -9999 -9999 -9999 -9999 -9999 -9999 -9999 -9999 -9999 -9999 -9999 -9999 -9999 -9999 -9999 -9999 -9999 -9999 -9999 -9999 -9999 -9999 -9999 -9999 -9999 -9999 -9999 -9999 -9999 -9999 -9999 -9999 -9999 -9999 -9999 -9999 -9999
-9999 -9999 1.81057002919252e-05 1.89555994438694e-05 0.000277618001411729 0.00156385273879067 0.00205728063651378 0.0024567095825887 0.00153429617470291 0.00132587451210853 0.000929362090058838 8.75902987849968e-05 6.05882996745133e-05 0.000607288956560502 0.000335774002453656 0.000282510997211816 0.000249656993357719 0.000297229007488959 0.000309199004840387 0.000489683974183353 0.00189994763456913 0.00486891408162649 0.00303061055171483 0.00213253695359805 0.000631871893650104 0.000266240993222947 0.000132614004390781 -9999 -9999 -9999 -9999 -9999 -9999 -9999 -9999 -9999 -9999 -9999 -9999 -9999 -9999 -9999 -9999 -9999 -9999 -9999 -9999 -9999 -9999 -9999 -9999 -9999 -9999 -9999 -9999 -9999 -9999 -9999 -9999 -9999 -9999 -9999
-9999 -9999 4.25766011175404e-05 4.41560005127782e-05 0.000272102011885215 0.00165128032516026 0.000769891492185149 0.000278550982021061 0.000706677635588848 0.000672852729541068 0.000956558842443722 0.000694122738067765 0.000258238984407279 0.000141304000791169 7.39691022293517e-05 0.000143689001488359 0.000239425003146392 0.000477003982506134 0.000484573975823821 0.000711727881735361 0.0021254650797129 0.00217328492957991 0.000356485998566004 0.00010341199954823 0.000327920994550947 0.000441510944794003 0.000409062985577569 -9999 0.00568982262745976 -9999 -9999 -9999 -9999 -9999 -9999 -9999 -9999 -9999 -9999 -9999 -9999 -9999 -9999 -9999 -9999 -9999 -9999 -9999 -9999 -9999 -9999 -9999 -9999 -9999 -9999 -9999 -9999 -9999 -9999 -9999 -9999 -9999
-9999 -9999 2.2365500626618e-05 0.000110467000914497 0.00081044986812509 0.00144712755770082 0.00158452383439434 0.00179625449246856 0.00108929802781987 0.000224653004538831 0.000255060991165906 0.00122639667021884 0.0011306179634778 0.000972519024580509 0.00039835598308104 0.000450259971980123 0.000382779995936493 0.000783330730438847 0.000224653004538831 7.09480009349403e-05 5.20132016380633e-05 3.04774002869777e-05 2.98191002912063e-06 4.76923014502972e-06 0.000195272992746748 0.000456257944797055 0.00065340587717487 0.000673270924463593 0.00744539502033703 -9999 -9999 -9999 -9999 -9999 -9999 -9999 -9999 -9999 -9999 -9999 -9999 -9999 -9999 -9999 -9999 -9999 -9999 -9999 -9999 -9999 -9999 -9999 -9999 -9999 -9999 -9999 -9999 -9999 -9999 -9999 -9999 -9999
-9999 -9999 3.65894993592328e-05 0.000277318991227232 0.000394175989105553 0.000643067937717567 0.00117672894405763 0.00235498171748993 0.00241518692025622 0.00221244679141108 0.00217023737422295 0.00230180822450166 0.00217023737422295 0.00163577037597307 0.000781432600314436 0.000675840763955743 0.000718960755926784 0.000712701745850419 0.000620521871678423 0.000330411993981208 0.000125493999693228 7.90490012009654e-05 3.39944017466875e-05 0.000108729000107045 0.000308818983989673 0.000358823979575285 0.000418548955949616 7.58684982251333e-05 0.00360085669128773 -9999 -9999 -9999 -9999 -9999 -9999 -9999 -9999 -9999 -9999 -9999 -9999 -9999 -9999 -9999 -9999 -9999 -9999 -9999 -9999 -9999 -9999 -9999 -9999 -9999 -9999 -9999 -9999 -9999 -9999 -9999 -9999 -9999
-9999 4.10319007641894e-05 4.36839000030586e-05 0.000126479993916816 0.000188247999107158 0.000469037001313986 0.00305830603439716 0.00316516628986108 0.00212469253110115 0.00226958249010423 0.0026100343748503 0.00243829669985374 0.00104020845974184 0.000348048999263811 0.000194028994268873 0.000179120004319011 0.000293688988819575 0.000396067980482485 0.000444421967863845 0.00054895390308015 0.000458265948700184 0.000443093948983505 0.000200894004650825 0.000119411000745428 0.000210337992640722 0.000351256984207335 0.00023293899294372 5.07760996674562e-05 0.00488503046384814 0.00103957586145498 -9999 -9999 -9999 -9999 -9999 -9999 -9999 -9999 -9999 -9999 -9999 -9999 -9999 -9999 -9999 -9999 -9999 -9999 -9999 -9999 -9999 -9999 -9999 -9999 -9999 -9999 -9999 -9999 -9999 -9999 -9999 -9999
-9999 -9999 -9999 0.000159489994970744 0.0003496280104508 0.000570798976422211 0.00304789769920077 0.00354231116529036 0.00281046088602821 0.00271256167644651 0.00309456371828531 0.00190941683875145 0.000321663006491238 3.46171982527539e-05 1.29530999402047e-05 3.74754017683356e-05 0.000237874000713791 0.000266240993222947 0.000165831995718217 0.000211196993789362 0.000100056000479723 8.41978980846836e-05 7.5880801873723e-05 0.000292995004634554 0.000182948000865164 0.000945344378790514 0.00031770598373459 0.000124147001530124 0.00867612939784834 0.00208688581938077 -9999 -9999 -9999 -9999 -9999 -9999 -9999 -9999 -9999 -9999 -9999 -9999 -9999 -9999 -9999 -9999 -9999 -9999 -9999 -9999 -9999 -9999 -9999 -9999 -9999 -9999 -9999 -9999 -9999 -9999 -9999 -9999
-9999 -9999 -9999 -9999 0.00023462700472159 0.000858318940062795 0.0037507410300357 0.00365499248108492 0.00385420094984568 0.00336513362252333 0.00283526060253791 0.00106248903239436 0.000205042000097099 0.000106469000432452 6.19069032821159e-05 0.000101473997323701 0.000330411993981208 0.000416865977322694 0.000414134961377426 0.000653627842751595 0.000776733698762216 0.00120588859153947 0.00195670414583038 0.00203654417789645 0.000743281707713594 0.00277859882896081 0.000472729905960541 0.00026738500243379 0.00151738899149767 0.0224405327454633 0.00049795362781424 -9999 -9999 -9999 -9999 -9999 -9999 -9999 -9999 -9999 -9999 -9999 -9999 -9999 -9999 -9999 -9999 -9999 -9999 -9999 -9999 -9999 -9999 -9999 -9999 -9999 -9999 -9999 -9999 -9999 -9999 -9999
-9999 -9999 -9999 -9999 6.52162998447645e-05 0.00069877497817203 0.00170180894484173 0.00389930108917369 0.00410439388831207 0.00359610325558535 0.00408441727309139 0.00360253038225977 0.00188871301503912 0.000953468418515235 0.000393381993153133 0.000343343989654583 0.000631372883928255 0.00100249917213635 0.00101117921032312 0.000620521871678423 0.000953468418515235 0.00339583048970127 0.00746171092481518 0.00283409606851848 0.00111876893539364 0.0051502712189837 0.0014709580023482 9.31009998840047e-05 0.000383263983820789 0.0101043413122852 0.00483068399080366 9.80979890243816e-05 1.80520454176047e-05 2.22297827328077e-05 7.34570244738109e-05 0.000206044492827573 -9999 -9999 -9999 -9999 -9999 -9999 -9999 -9999 -9999 -9999 -9999 -9999 -9999 -9999 -9999 -9999 -9999 -9999 -9999 -9999 -9999 -9999 -9999 -9999 -9999 -9999
-9999 -9999 -9999 -9999 -9999 0.000962287959668646 0.000362262012005329 0.0010232998377795 0.00413869908873821 0.00453681893867497 0.00467294848919408 0.00446066172948889 0.00352462413371413 0.00123632889516012 0.000755617773552986 0.000577220900722833 0.000375723976209771 0.000567577929532707 0.000562790931975983 0.000706557804906027 0.00137787810089618 0.00238914989108707 0.00624189067508496 0.00438415698486594 0.00137787810089618 0.00339010067774304 0.0117517162649392 0.00322511481792276 0.00137635844419903 0.000972201605403983 0.0313662958601526 0.000655281238891803 0.000154050402926487 0.000117344516397111 0.000209528028477735 0.00039091669083291 0.00070628029470754 0.000865006097569676 -9999 -9999 -9999 -9999 -9999 -9999 -9999 -9999 -9999 -9999 -9999 -9999 -9999 -9999 -9999 -9999 -9999 -9999 -9999 -9999 -9999 -9999 0.0553036304190755 0.0660849383566529
-9999 -9999 -9999 -9999 -9999 0.000119463998996412 0.000677644961022373 0.000935450941131226 0.00309023044718337 0.00509922829195375 0.0056432755260758 0.00533679947856314 0.00507411281618175 0.00270858632848903 0.0014321084204334 0.000359132994160355 0.000195151005279034 0.000216651998045176 0.000546581921562268 0.000984571502845033 0.00246482964959149 0.0049887934164019 0.00965830390839528 0.00853871996815769 0.00384540788948229 0.000890930542494089 0.00141357880061288 0.0103674976373043 0.027500908093316 0.00120323913105069 0.00453189114910657 0.0367282397273812 0.00426899514695833 0.00334680709556778 0.00285257622726931 0.0172142599130893 0.0113955401702697 0.00289477213482314 0.0016204750520501 -9999 -9999 -9999 -9999 -9999 -9999 -9999 -9999 -9999 -9999 -9999 -9999 -9999 -9999 -9999 -9999 -9999 -9999 -9999 -9999 -9999 0.0895400526933372 0.103465957101434
-9999 -9999 -9999 -9999 -9999 8.71070005810244e-05 0.00123212990653174 0.00228767873860813 0.00287102624019298 0.00414783221601667 0.00635384946095741 0.00474691480008005 0.0062837599747354 0.00509557254743243 0.00287649578851212 0.000757425896248276 0.000275211988981611 0.000128179002736047 0.000131103006357357 0.000220614004333956 0.00146609841026779 0.00415055865047975 0.00423830776652068 0.00381832796928094 0.00520216739725043 0.00304881529705625 0.000401242990495057 0.00017149500419787 0.0183656627900746 0.0667613133919076 0.00735304453442609 0.00238747741757983 0.0456931455355516 0.0449012250246597 0.0177375255501602 0.00591029560342804 0.00400586931828784 0.01714961410363 0.00521825373880169 0.0227199385271888 -9999 -9999 -9999 -9999 -9999 -9999 -9999 -9999 -9999 -9999 -9999 -9999 -9999 -9999 -9999 -9999 -9999 -9999 -9999 -9999 0.123005941975862 0.141468592919409
-9999 -9999 -9999 -9999 -9999 -9999 0.000948802956611762 0.00463646065199352 0.00121340997407521 0.00142912978744926 0.00279363694773016 0.00126321975651766 0.00514576257493005 0.00431601554421945 0.00406460676666498 0.0023030049349777 0.000255894991710274 7.94372972415631e-05 0.000106410996504274 7.26665020888388e-05 0.00012090100058035 0.000886048778683951 0.00171728783588576 0.000363130984957886 0.000921357711373694 0.00420370606060416 0.00271887120893854 0.000462071955171103 0.000342832978353524 0.00649435679453347 0.063105418397754 0.0739338541025063 0.0777301289926982 0.00892494264093102 0.00330725434542245 0.00091570625085946 0.000556139713091569 0.000479141891551314 8.47619011362371e-05 0.000783530663547749 0.0347327131485144 0.0111643055297463 -9999 -9999 -9999 -9999 -9999 -9999 -9999 -9999 -9999 -9999 -9999 0.135276076267473 0.14875442290213 0.152313268743455 0.150670207105577 0.142767339479178 0.120575139531866 0.119374751579016 0.0707432324998081 0.040822257346008
-9999 -9999 -9999 -9999 -9999 -9999 0.000317564990618476 0.00466818432000249 0.000728703969596514 0.00209161941318925 0.00225341914902211 0.00149758973792705 0.00510038934240953 0.00485919285542735 0.00195224812362116 0.00297133058988752 0.00055357299200038 0.000248355004401919 0.000547200992823682 0.000175567998471568 0.000170699000400591 0.00164172826332198 0.00376484443629899 0.00138167905473219 0.000551753976520034 0.00101097959715621 0.00120584934093609 0.00191705633132933 0.0012473285720942 0.000422281947724246 0.000618512693808998 0.00395059972473177 0.0728205394989345 0.0588751981704263 0.0209344065642654 0.00776054113816826 0.00667831907304617 0.00124973661678673 6.76561029952073e-05 2.31537997020711e-05 0.000361364976620201 0.00206245514999326 0.0153398890886365 0.0313010264358127 0.0408143100576126 0.0402772732450103 0.0361504917527782 0.0255293302325299 0.0365679521928541 0.0505535882984987 0.0677356599189807 0.09467223478714 0.120187670458108 0.134597884025425 0.139499768614769 0.122267466795165 0.0840588845894672 0.0312533810065361 0.00510554206425695 0.00192890294195536 0.000446631736422676 0.000252183556016666
-9999 -9999 -9999 -9999 -9999 -9999 0.0033429386769751 0.00268759935748875 0.00521793260296111 0.00216992954690418 0.00380160671262586 0.00588417866458713 0.00552327392026974 0.00323559360809655 0.0031751821040551 0.00333140994341807 0.00161855920583448 0.000958990855955091 0.00107002977751441 0.000161660995111919 0.000142892997173811 0.000743288913514203 0.00144366902141579 0.00300345817365955 0.00127124923195632 0.0026997812317946 0.00136021882114556 0.000603975909965485 0.00117532866236736 0.00132092711780429 0.000404353948284669 0.00118635596386429 0.00422752785206626 0.00488222603166832 0.00195565489631733 0.00127293784368998 0.000790970979310801 0.00230180822450166 0.00227789960685953 0.00041584778838924 5.04230992833896e-05 7.31015006749533e-06 3.34774995245708e-05 0.00588088644869345 0.00558987947732703 0.00128654774864945 0.00137978426269925 0.0109695883893437 0.0607019746421429 0.0740489581075963 0.0806399968569167 0.107780513819307 0.119660823023878 0.11525338125648 0.0942233740352094 0.0730395686987322 0.026706074426329 0.00513429295506285 0.000980668439090948 0.000249588575770648 0.000249108466959913 0.000227165612920022
-9999 -9999 -9999 -9999 -9999 -9999 -9999 -9999 0.0104727116586218 0.0157040147154248 0.00263290928314358 0.00366278735556147 0.00263286900748649 0.0035114547452042 0.00430117535312036 0.00440693157717043 0.000893784909761129 0.00039966098425664 0.000437275004241356 0.00073040294024148 0.000810629874565642 0.00151738899149767 0.00331461441671266 0.00534036654757841 0.00553070781812437 0.00169183783810989 0.00159179793044717 0.0018343055780341 0.000881814411888115 0.000385253973209099 0.00190177386472534 0.00141458139045536 0.00130411990309653 0.00294459674670122 0.00751979202595976 0.00895151307122433 0.0081200719773733 0.00361242948596896 0.000593818433384019 0.000207235972739141 4.58102985972043e-05 3.3635398716151e-05 3.79615994343212e-05 0.000151829991975286 2.28928001874718e-05 4.56091983702033e-05 0.00011066999681446 6.38948982861077e-05 0.000208530946186745 0.00140750611014262 0.034362767739367 0.0619031202368205 0.0999287245795131 0.0792835049505811 0.0344297998599359 0.0335471987709752 0.0139345690222399 0.00244797034974908 0.000900682102347616 0.000243124365776448 0.000686769847693114 0.00184469642749718
-9999 -9999 -9999 -9999 -9999 -9999 -9999 -9999 0.0111077756299238 0.0301007679181566 0.0107660961839429 0.00248439959017521 0.00145878995205558 0.00236495939803655 0.00316627751054344 0.00210730933069947 0.000674703957014758 0.00061578197251076 0.00100580986720787 0.0015187493349923 0.00196504798049602 0.00220565688363639 0.00394650371371341 0.00482637399593244 0.00632571914800906 0.0047945111565042 0.0010976193395531 0.000978084369554877 0.001538706039661 0.000572500771507126 0.000699376373939797 0.00295576070237047 0.00407576254715991 0.00413757768518508 0.0102292912097255 0.0112145372531813 0.0122041256672674 0.0118928302326822 0.00766163575099199 0.00163408141157362 0.000330414757288872 9.36088025158764e-05 2.97763999643068e-05 4.47341007590825e-05 9.3897697297264e-06 5.02961984238851e-06 1.73847001852912e-05 5.83699011258182e-06 2.28308999753294e-05 0.000830388307097252 0.000182862949037663 0.000107075990685008 0.000538407133565233 0.00382666968425838 0.00845015966297069 0.00368620902645489 0.000826090773166754 0.000418496316792361 0.000346875447437611 0.000547559817436039 0.00351586374426915 0.00906531145665213
-9999 -9999 -9999 -9999 -9999 -9999 -9999 -9999 -9999 -9999 0.0116807582617469 0.00802825704433019 0.00154632996914372 0.00261665933204808 0.00244671927055545 0.00125051991799793 0.000626379963970948 0.00129976978938609 0.00190066906804764 0.00238264734747018 0.00224198746812942 0.00153670913342613 0.00274624283869196 0.0045053563259323 0.00435632701154276 0.0049887934164019 0.00248392962551325 0.00104631915666253 0.00191091135093568 0.00165641209595169 0.000739474227745229 0.000691919060351154 0.00337553269491764 0.00708141653308303 0.00944608216013876 0.0111612997170596 0.0119065904364106 0.0129497451416682 0.0130787364596472 0.0106696162056323 0.00639370872022482 0.00207239944862181 0.00031100955591401 6.74284959519923e-05 3.5659399113602e-05 8.94095976627322e-05 3.00662995662549e-05 2.51269993794645e-05 1.13160003819415e-05 0.000126171978274459 9.01763996800401e-06 1.53424007282092e-05 5.96369995656109e-05 0.000169307807513647 0.00040096160515013 8.67716920929197e-05 7.22424974312049e-05 0.000234733609662197 0.000519745021424711 0.00234580968890441 0.00553931794092932 0.00949099448916968
-9999 -9999 -9999 -9999 -9999 -9999 -9999 -9999 -9999 -9999 -9999 -9999 -9999 -9999 0.00124626997838329 0.000347955006297325 0.000877124989849423 0.00109053989235815 0.00126027985257825 0.0012560697610207 0.00182427886294156 0.00157748917427447 0.00172887858527082 0.0024356946971853 0.00244129342391641 0.00331223628159094 0.00242683971098945 0.00166181584412017 0.000828402446065635 0.000399135965071511 0.00126279470576041 0.00204452163746893 0.00191527552185988 0.00123886540311968 0.00288594726478664 0.00670106357347322 0.00858175171288167 0.00937548643560149 0.00918340571297449 0.00761443516421423 0.00859396457963157 0.00802744675456779 0.00382904114258054 0.00352745680743283 0.00469014822101599 0.00186431456972969 0.00086099405281459 0.000289502289413268 9.87485831385661e-05 1.48621002142207e-05 4.68719985484238e-05 0.000223695924823519 0.000326101744914098 0.000145604793076598 8.08685895048109e-05 0.000168189648594497 0.000479962267469602 0.000625434350993714 0.000560436142301057 0.000887028924097422 0.00189575761305605 0.00769670697627589
-9999 -9999 -9999 -9999 -9999 -9999 -9999 -9999 -9999 -9999 -9999 -9999 0.00964207185631949 0.0120286490141268 0.00607463832192234 0.00348281803891948 0.00109830994740627 0.000902648983206616 0.00249080814717495 0.00163994943860329 0.00128873967704896 0.00190683852483142 0.00305045047771202 0.00211800693812014 0.00165375826532366 0.00225159360312555 0.00160961743702503 0.00081106864174324 0.000592286817441487 0.000428355931959001 0.000255516982504513 0.000443877833009448 0.00045338871947756 0.000624721323631894 0.00100102751946718 0.000999291459084617 0.00143598552779878 0.00239172552539912 0.00203759824654526 0.00475435852104056 0.00903790095617296 0.0112903295084834 0.0145403513015481 0.0165532638202421 0.0154184543062001 0.00578206189311459 0.00371502290727221 0.000825897715245105 0.000383084989564964 0.00041012183932132 0.000357768893707977 0.000438473978274345 8.6692977880708e-05 9.87608559124935e-05 0.000550578189631779 0.00375653149785649 0.00946909975027665 0.00761587708257139 0.00264678770781757 0.00196856092179587 0.00300813064222893 0.00681537961645517
-9999 -9999 -9999 -9999 -9999 -9999 -9999 -9999 -9999 -9999 -9999 -9999 0.00978854341262547 0.0181914733977919 0.00364619821449919 0.00859993381366664 0.00379181665166151 0.00453738058779951 0.00296137689755294 0.00196378908867922 0.00267233640508002 0.0030620023671819 0.00331977739563705 0.00158167897617068 0.00114816954801211 0.00143520875501835 0.00190886539687796 0.00183249448613054 0.00147270623652096 0.000904102842740451 0.000858774621374958 0.000364802939996522 0.000205056995955661 0.000196315993486181 0.000313596883970479 0.00067155006172781 0.00145995468731286 0.00352467163656911 0.0040215588924184 0.00446309904737063 0.00724880474808742 0.0121099821190001 0.0154184543062001 0.0150931890530046 0.0144996528688353 0.0119238780753221 0.00802550363005139 0.00576913409895496 0.00339355612049985 0.00109530909719524 0.000944909356462631 0.000398497440656342 0.000364694589345405 0.0011053051032377 0.00576540480687981 0.0120406359783374 0.0163669995963573 0.0134024842409417 0.0091654586722143 0.00457565653050551 0.00276610644959874 0.00389958291270887
