KUENM/ne_uncertain.asc
NCOLS 320 
NROWS 243 
XLLCORNER 44 
YLLCORNER -0.666666667 
CELLSIZE 0.166666666665625 
NODATA_value -9999 
[rows 135 to 161 of 243, columns 186 to 247 of 320]
0.0621380209922791 0.0481679439544678 0.0211589932441711 0.030597984790802 0.0505380034446716 0.0731589794158936 0.111101031303406 0.132239997386932 0.152815997600555 0.168843001127243 0.179408013820648 0.174115985631943 0.200309038162231 0.211196035146713 0.217421978712082 0.203831002116203 0.20203498005867 0.178047999739647 0.0822760462760925 0.0743939876556396 0.0615319609642029 0.0378040075302124 0.06973797082901 0.190659016370773 0.176885008811951 0.201573967933655 0.267157018184662 0.331901043653488 0.341066017746925 0.352285981178284 0.318786010146141 0.220166809856892 0.194121696054935 0.149793095886707 0.135313302278519 0.0768866334110498 0.0381244209129363 0.0135774755326565 0.00993417418794706 0.0173955537611619 0.0446035801433027 0.0495261498726904 0.0593031975440681 0.0807944070547819 0.130189901217818 -9999 -9999 -9999 -9999 -9999 -9999 -9999 -9999 -9999 -9999 -9999 -9999 -9999 -9999 -9999 -9999 -9999
0.0812789797782898 0.0699660181999207 0.0360689759254456 0.0162280201911926 0.0166000127792358 0.0509980320930481 0.0723320245742798 0.0968980193138123 0.139717042446136 0.160604983568192 0.190659016370773 0.199503004550934 0.196435004472733 0.189339011907578 0.17638099193573 0.177947998046875 0.193646982312202 0.167957007884979 0.0866059958934784 0.0607459545135498 0.0497710108757019 0.0295370221138 0.0245169997215271 0.1683149933815 0.240586012601852 0.268302023410797 0.323241978883743 0.364523977041245 0.353564992547035 0.36761599779129 0.343453012406826 0.250785116106272 0.227575689554214 0.19151459634304 0.181445900350809 0.161919601261616 0.0766477324068546 0.035866440506652 0.0212499746703543 0.0242049507796764 0.0795488534495234 0.0831650923937559 0.0971362981945276 0.161568697541952 -9999 -9999 -9999 -9999 -9999 -9999 -9999 -9999 -9999 -9999 -9999 -9999 -9999 -9999 -9999 -9999 -9999 -9999
0.0840799808502197 0.0786600112915039 0.0616499781608582 0.0407180190086365 0.0127260088920593 0.0314800143241882 0.0508120059967041 0.0582410097122192 0.0940849781036377 0.128562986850739 0.147762984037399 0.203262984752655 0.170028984546661 0.13111799955368 0.133099019527435 0.146002024412155 0.168146997690201 0.155607998371124 0.110747009515762 0.065267026424408 0.041130006313324 0.0293669700622559 0.0840780138969421 0.177200973033905 0.246598988771439 0.316085994243622 0.348315984010696 0.376594036817551 0.371293991804123 0.37874299287796 0.383565008640289 0.312338508665562 0.290356390178204 0.23158660531044 0.226331889629364 0.244198106229305 0.173184294253588 0.110355293378234 0.0854379115626216 0.0837292587384582 0.106492298655212 0.106487296521664 0.0854379115626216 0.102683101780713 -9999 -9999 -9999 -9999 -9999 -9999 -9999 -9999 -9999 -9999 -9999 -9999 -9999 -9999 -9999 -9999 -9999 -9999
0.0946369767189026 0.0794259905815125 0.0940220057964325 0.0769870281219482 0.0416359901428223 0.0254600048065186 0.0162689685821533 0.0325459837913513 0.0669599771499634 0.105911016464233 0.134854972362518 0.171689003705978 0.199625015258789 0.15907096862793 0.161778032779694 0.144259005784988 0.174115985631943 0.170754015445709 0.135572999715805 0.106471002101898 0.0558509826660156 0.0748670101165771 0.142780005931854 0.176015019416809 0.229499012231827 0.30994701385498 0.358509004116058 0.370899975299835 0.399759978055954 0.393397986888885 0.388415992259979 0.391472011804581 0.320754192769527 0.238794811069965 0.218027010560036 0.236572310328484 0.257214888930321 0.222750585526228 0.174289595335722 0.145939102396369 0.0779137373901904 0.0700618582777679 0.0627571884542704 0.14090209826827 -9999 -9999 -9999 -9999 -9999 -9999 -9999 -9999 -9999 -9999 -9999 -9999 -9999 -9999 -9999 -9999 -9999 -9999
0.100880980491638 0.0881519913673401 0.0572140216827393 0.0718439817428589 0.0870459973812103 0.0564440488815308 0.0356259942054749 0.0213670134544373 0.0379799604415894 0.0992569923400879 0.122090995311737 0.169470012187958 0.175226986408234 0.174737989902496 0.181755006313324 0.185174971818924 0.21323698759079 0.221728980541229 0.161404967308044 0.0945900082588196 0.0945810079574585 0.100693047046661 0.132129013538361 0.177323997020721 0.223552018404007 0.265546977519989 0.342757970094681 0.37235102057457 0.355024993419647 0.367769002914429 0.358761996030807 0.38782399892807 0.359377980232239 0.236583687365055 0.189718503504992 0.229166489094496 0.294190995395184 0.290053993463516 0.189641900360584 0.145547196269035 0.0547173582017422 0.0319222791586071 0.0396900491323322 0.0855802167207003 -9999 -9999 -9999 -9999 -9999 -9999 -9999 -9999 -9999 -9999 -9999 -9999 -9999 -9999 -9999 -9999 -9999 -9999
0.105668008327484 0.0883039832115173 0.0654119849205017 0.0495930314064026 0.0363160371780396 0.0318610072135925 0.0262100100517273 0.0171090364456177 0.0414409637451172 0.0920490026473999 0.132179975509644 0.130933046340942 0.157620966434479 0.173454999923706 0.190589964389801 0.209531038999557 0.221898972988129 0.219404995441437 0.154222011566162 0.0946759581565857 0.0960790514945984 0.0897020101547241 0.049344003200531 0.0462600588798523 0.129332005977631 0.230921000242233 0.269977003335953 0.269790977239609 0.290611028671265 0.325844973325729 0.376506000757217 0.366270005702972 0.366663992404938 0.278133198618889 0.147002398967743 0.173396592959762 0.230884298682213 0.256670787930489 0.199968688189983 0.130736794322729 0.0432917808648199 0.0331961407791823 -9999 -9999 -9999 -9999 -9999 -9999 -9999 -9999 -9999 -9999 -9999 -9999 -9999 -9999 -9999 -9999 -9999 -9999 -9999 -9999
0.104874014854431 0.0989740490913391 0.0764990448951721 0.0605289936065674 0.039421021938324 0.032321035861969 0.0146849751472473 0.0155640244483948 0.0480800271034241 0.0479550361633301 0.0491260290145874 0.078931987285614 0.112995028495789 0.165818989276886 0.174250960350037 0.178701996803284 0.206070005893707 0.228459984064102 0.173913985490799 0.165309995412827 0.164165019989014 0.0534849762916565 0.0667069554328918 0.0361930131912231 0.14608097076416 0.186511993408203 0.166395962238312 0.258648037910461 0.284374982118607 0.350252985954285 0.379279986023903 0.353419989347458 0.360330998897552 0.318797692656517 0.159449700266123 0.1690011061728 0.173087105154991 -9999 -9999 -9999 -9999 -9999 -9999 -9999 -9999 -9999 -9999 -9999 -9999 -9999 -9999 -9999 -9999 -9999 -9999 -9999 -9999 -9999 -9999 -9999 -9999 -9999
0.091841995716095 0.0865960121154785 0.0902590155601501 0.0792990326881409 0.0529980063438416 0.0270830392837524 0.0191279649734497 0.0146520137786865 0.0202720165252686 0.0304650068283081 0.0571470260620117 0.0889599919319153 0.125654995441437 0.156167030334473 0.167923986911774 0.147040963172913 0.173281967639923 0.211594998836517 0.229593008756638 0.250487983226776 0.214421987533569 0.0849409699440002 0.0895609855651855 0.0539270043373108 0.0342749953269958 0.17280101776123 0.274548023939133 0.330123007297516 0.362881004810333 0.366270005702972 0.365555018186569 0.379817977547646 0.361430004239082 0.300011612474918 0.227887585759163 0.132167799398303 0.137046596035361 -9999 -9999 -9999 -9999 -9999 -9999 -9999 -9999 -9999 -9999 -9999 -9999 -9999 -9999 -9999 -9999 -9999 -9999 -9999 -9999 -9999 -9999 -9999 -9999 -9999
0.0881789922714233 0.0839720368385315 0.0661810040473938 0.0598150491714478 0.0445579886436462 0.047111988067627 0.0325779914855957 0.0379149913787842 0.0223450064659119 0.0565360188484192 0.0771549940109253 0.112347006797791 0.132179975509644 0.140479981899261 0.152947008609772 0.158867955207825 0.170154988765717 0.178205966949463 0.212116032838821 0.248504966497421 0.277880012989044 0.258394002914429 0.116254985332489 0.0529670119285583 0.150958001613617 0.265546977519989 0.309436023235321 0.310573995113373 0.34177702665329 0.367632985115051 0.364430010318756 0.378929004073143 0.365335986018181 0.341332003474236 0.2710872143507 0.215646613389254 -9999 -9999 -9999 -9999 -9999 -9999 -9999 -9999 -9999 -9999 -9999 -9999 -9999 -9999 -9999 -9999 -9999 -9999 -9999 -9999 -9999 -9999 -9999 -9999 -9999 -9999
0.0872540473937988 0.078108012676239 0.063726007938385 0.0465819835662842 0.0387240052223206 0.0427970290184021 0.0490949749946594 0.0463979840278625 0.0235059857368469 0.0662330389022827 0.0988979935646057 0.112899005413055 0.0975160002708435 0.0685760378837585 0.084089994430542 0.10182398557663 0.123898029327393 0.149391949176788 0.153598010540009 0.175154030323029 0.259482979774475 0.308065980672836 0.107663005590439 0.116865992546082 0.103202998638153 0.269661039113998 0.291860014200211 0.304563999176025 0.32380399107933 0.354406982660294 0.343745023012161 0.345192015171051 -9999 -9999 -9999 -9999 -9999 -9999 -9999 -9999 -9999 -9999 -9999 -9999 -9999 -9999 -9999 -9999 -9999 -9999 -9999 -9999 -9999 -9999 -9999 -9999 -9999 -9999 -9999 -9999 -9999 -9999
0.078108012676239 0.0669000148773193 0.0511250495910645 0.0408920049667358 0.0389419794082642 0.0317890048027039 0.0240410566329956 0.0265119671821594 0.0383729934692383 0.0764989852905273 0.0985230207443237 0.100647985935211 0.0700199604034424 0.0416210293769836 0.0417129993438721 0.0600280165672302 0.078931987285614 0.123104989528656 0.0781150460243225 0.125021994113922 0.247667014598846 0.292782992124557 0.0787460207939148 0.124705016613007 0.213510036468506 0.204275012016296 0.258566975593567 0.311673998832703 0.344121962785721 0.342765986919403 0.350252985954285 -9999 -9999 -9999 -9999 -9999 -9999 -9999 -9999 -9999 -9999 -9999 -9999 -9999 -9999 -9999 -9999 -9999 -9999 -9999 -9999 -9999 -9999 -9999 -9999 -9999 -9999 -9999 -9999 -9999 -9999 -9999
0.112957030534744 0.0614820122718811 0.0498899817466736 0.0555920004844666 0.0384599566459656 0.0230369567871094 0.0144670009613037 0.0172759890556335 0.0401139855384827 0.0978459715843201 0.0977820158004761 0.0868380069732666 0.066120982170105 0.0381979942321777 0.0391130447387695 0.0314030051231384 0.0496780276298523 0.0681110024452209 0.0678319931030273 0.194658994674683 0.287799030542374 0.28492197394371 0.134277999401093 0.204978972673416 0.190410017967224 0.221453964710236 0.316708981990814 0.337702989578247 0.3716059923172 0.370938003063202 0.377006024122238 -9999 -9999 -9999 -9999 -9999 -9999 -9999 -9999 -9999 -9999 -9999 -9999 -9999 -9999 -9999 -9999 -9999 -9999 -9999 -9999 -9999 -9999 -9999 -9999 -9999 -9999 -9999 -9999 -9999 -9999 -9999
0.155939996242523 0.0698820352554321 0.0592960119247437 0.0636889934539795 0.0389400124549866 0.0135939717292786 0.0229769945144653 0.0418040156364441 0.0390309691429138 0.0479550361633301 0.0866630077362061 0.0867290496826172 0.0867290496826172 0.0757420063018799 0.0506189465522766 0.0578209757804871 0.0307379961013794 0.0474309921264648 0.146022021770477 0.254705995321274 0.308416992425919 0.316085994243622 0.0979310274124146 0.248731017112732 0.137802004814148 0.243391007184982 0.33500000834465 0.352407991886139 0.384540975093842 0.39343199133873 0.394673988223076 -9999 -9999 -9999 -9999 -9999 -9999 -9999 -9999 -9999 -9999 -9999 -9999 -9999 -9999 -9999 -9999 -9999 -9999 -9999 -9999 -9999 -9999 -9999 -9999 -9999 -9999 -9999 -9999 -9999 -9999 -9999
0.0999287962913513 0.128780007362366 0.0687940120697021 0.0376309752464294 0.0226960182189941 0.0164560079574585 0.0229009985923767 0.0318769812583923 0.0237259864807129 0.0425959825515747 0.0436879992485046 0.08576500415802 0.097944974899292 0.0978090167045593 0.07778400182724 0.109600007534027 0.121201992034912 0.109353959560394 0.15945303440094 0.246295988559723 0.312729984521866 0.339679002761841 0.118556976318359 0.327887028455734 0.228321969509125 0.27462700009346 0.365298986434937 0.396496027708054 0.421398982405663 0.406115978956223 -9999 -9999 -9999 -9999 -9999 -9999 -9999 -9999 -9999 -9999 -9999 -9999 -9999 -9999 -9999 -9999 -9999 -9999 -9999 -9999 -9999 -9999 -9999 -9999 -9999 -9999 -9999 -9999 -9999 -9999 -9999 -9999
0.0225962704280391 0.159936010837555 0.0658490061759949 0.0309500098228455 0.018992006778717 0.0231890082359314 0.0316159725189209 0.0225780010223389 0.0316159725189209 0.0637489557266235 0.0722259879112244 0.129823982715607 0.122083961963654 0.0919489860534668 0.0982980132102966 0.133635997772217 0.146533966064453 0.188730001449585 0.187694013118744 0.18635505437851 0.299462020397186 0.336933016777039 0.201743990182877 0.337049007415771 0.223641991615295 0.284943014383316 0.393397986888885 0.402673035860062 0.421834021806717 0.406240984797478 -9999 -9999 -9999 -9999 -9999 -9999 -9999 -9999 -9999 -9999 -9999 -9999 -9999 -9999 -9999 -9999 -9999 -9999 -9999 -9999 -9999 -9999 -9999 -9999 -9999 -9999 -9999 -9999 -9999 -9999 -9999 -9999
0.0046972381969681 0.175207018852234 0.0991550087928772 0.0481809973716736 0.0301430225372314 0.0465819835662842 0.0570889711380005 0.0564950108528137 0.0669200420379639 0.0599899888038635 0.0899289846420288 0.123937964439392 0.122011959552765 0.0889109969139099 0.0828750133514404 0.121475040912628 0.146782040596008 0.147413969039917 0.218359023332596 0.186197996139526 0.27511602640152 0.345650970935822 0.331324011087418 0.299721002578735 0.340927004814148 0.340777963399887 0.414759010076523 0.420938029885292 0.435092002153397 0.427459001541138 0.422401010990143 -9999 -9999 -9999 -9999 -9999 -9999 -9999 -9999 -9999 -9999 -9999 -9999 -9999 -9999 -9999 -9999 -9999 -9999 -9999 -9999 -9999 -9999 -9999 -9999 -9999 -9999 -9999 -9999 -9999 -9999 -9999
3.89785635377393e-05 0.106935303658247 0.129364013671875 0.0657559633255005 0.0527690052986145 0.0460420250892639 0.0749080181121826 0.0837050080299377 0.0810710191726685 0.091651976108551 0.123192995786667 0.12737300992012 0.0819429755210876 0.0733159780502319 0.0726999640464783 0.0978540182113647 0.109318017959595 0.146610975265503 0.187566995620728 0.21483302116394 0.275475978851318 0.347858995199203 0.402296006679535 0.169356018304825 0.390056014060974 0.315247982740402 0.447727024555206 0.449272021651268 0.444835990667343 0.429482027888298 0.425766006112099 -9999 -9999 -9999 -9999 -9999 -9999 -9999 -9999 -9999 -9999 -9999 -9999 -9999 -9999 -9999 -9999 -9999 -9999 -9999 -9999 -9999 -9999 -9999 -9999 -9999 -9999 -9999 -9999 -9999 -9999 -9999
2.30190817535753e-07 0.0822806991636753 0.138730019330978 0.0776020288467407 0.0786930322647095 0.0732510089874268 0.0907929539680481 0.0953750014305115 0.0901300311088562 0.102183997631073 0.130665987730026 0.116364985704422 0.0880650281906128 0.0730730295181274 0.0664899945259094 0.0758730173110962 0.109324991703033 0.121190011501312 0.0980269908905029 0.18684196472168 0.265104979276657 0.21415501832962 0.324714988470078 0.315162032842636 0.376594036817551 0.345192015171051 0.374558985233307 0.429692015051842 0.409294575452805 0.354229297488928 0.383283406496048 -9999 -9999 -9999 -9999 -9999 -9999 -9999 -9999 -9999 -9999 -9999 -9999 -9999 -9999 -9999 -9999 -9999 -9999 -9999 -9999 -9999 -9999 -9999 -9999 -9999 -9999 -9999 -9999 -9999 -9999 -9999
9.42766178714744e-09 0.0139998610247858 0.170134991407394 0.095458984375 0.103996992111206 0.0970010161399841 0.110024988651276 0.112208962440491 0.109044969081879 0.0977889895439148 0.123038023710251 0.118334978818893 0.100822985172272 0.0889449715614319 0.0784779787063599 0.0601119995117188 0.0563609600067139 0.0235059857368469 0.0323190093040466 0.0384889841079712 0.13712203502655 0.0816829800605774 0.107318997383118 0.0771459937095642 0.331406980752945 0.364297032356262 0.240929991006851 0.409189015626907 0.355582691729069 0.301287792623043 0.31820909678936 -9999 -9999 -9999 -9999 -9999 -9999 -9999 -9999 -9999 -9999 -9999 -9999 -9999 -9999 -9999 -9999 -9999 -9999 -9999 -9999 -9999 -9999 -9999 -9999 -9999 -9999 -9999 -9999 -9999 -9999 -9999
1.31575991898314e-13 8.51339946166263e-05 0.17220600694418 0.094290018081665 0.0842310190200806 0.0929980278015137 0.103662014007568 0.123522996902466 0.131879985332489 0.10546201467514 0.132676005363464 0.131130009889603 0.112782001495361 0.101365983486176 0.0630999803543091 0.0546150207519531 0.0297849774360657 0.0621380209922791 0.0388949513435364 0.0549840331077576 0.0569300055503845 0.0582349896430969 0.133870005607605 0.0992569923400879 0.203613966703415 0.31843501329422 0.245894968509674 0.386363089084625 0.296645607799292 0.254676405340433 0.264120504260063 -9999 -9999 -9999 -9999 -9999 -9999 -9999 -9999 -9999 -9999 -9999 -9999 -9999 -9999 -9999 -9999 -9999 -9999 -9999 -9999 -9999 -9999 -9999 -9999 -9999 -9999 -9999 -9999 -9999 -9999 -9999
1.10235001417853e-29 5.36867368966686e-11 0.00337054309784435 0.17909500002861 0.115129023790359 0.107271015644073 0.135809004306793 0.139075040817261 0.129794001579285 0.112492024898529 0.127225995063782 0.143125027418137 0.128696978092194 0.108242034912109 0.0779759883880615 0.0758969783782959 0.0769969820976257 0.0920619964599609 0.0924440026283264 0.0704840421676636 0.0420029759407043 0.0417960286140442 0.047773003578186 0.113144993782043 0.041130006313324 0.119334042072296 0.258807986974716 0.342733591794968 0.230935087427497 0.178412802517414 0.212325001135468 -9999 -9999 -9999 -9999 -9999 -9999 -9999 -9999 -9999 -9999 -9999 -9999 -9999 -9999 -9999 -9999 -9999 -9999 -9999 -9999 -9999 -9999 -9999 -9999 -9999 -9999 -9999 -9999 -9999 -9999 -9999
0 8.87068013691975e-24 3.58052217773941e-08 0.0132744970032945 0.179218992590904 0.119879990816116 0.160719007253647 0.150758981704712 0.141831040382385 0.146466016769409 0.121492981910706 0.122348010540009 0.131693959236145 0.12176501750946 0.101061999797821 0.0851539969444275 0.0868179798126221 0.108587980270386 0.112955987453461 0.0963950157165527 0.0970010161399841 0.0824159979820251 0.0399879813194275 0.0231309533119202 0.0384269952774048 0.11480501294136 0.165230989456177 0.305034086108208 0.20366869494319 0.123846917413175 0.133821405470371 -9999 -9999 -9999 -9999 -9999 -9999 -9999 -9999 -9999 -9999 -9999 -9999 -9999 -9999 -9999 -9999 -9999 -9999 -9999 -9999 -9999 -9999 -9999 -9999 -9999 -9999 -9999 -9999 -9999 -9999 -9999
0 1.48677767064863e-42 3.35197009438706e-16 2.59052150930472e-05 0.028569950722158 0.132735013961792 0.166078984737396 0.167777001857758 0.167226999998093 0.144674003124237 0.14560204744339 0.144973993301392 0.1424959897995 0.122322022914886 0.0972309708595276 0.0797690153121948 0.124874025583267 0.103129982948303 0.119638979434967 0.12702602148056 0.125787973403931 0.0844340324401855 0.0694890022277832 0.0257790088653564 0.0542439818382263 0.149757027626038 0.29000698029995 0.279723986983299 0.250097900629044 0.130838098935783 -9999 0.143578106537461 -9999 -9999 -9999 -9999 -9999 -9999 -9999 -9999 -9999 -9999 -9999 -9999 -9999 -9999 -9999 -9999 -9999 -9999 -9999 -9999 -9999 -9999 -9999 -9999 -9999 -9999 -9999 -9999 -9999 -9999
0 0 2.0312199982679e-24 1.59836892199868e-11 3.07006246842434e-05 0.149944007396698 0.164356976747513 0.17127999663353 0.167238026857376 0.148728966712952 0.156490981578827 0.154503971338272 0.128323018550873 0.125069975852966 0.10386198759079 0.126940995454788 0.145789980888367 0.11932098865509 0.115575015544891 0.135614991188049 0.131421029567719 0.0916320085525513 0.0782430171966553 0.0763359665870667 0.14307302236557 0.175250023603439 0.253565013408661 0.261261001229286 0.188960798084736 0.159497406333685 0.133082700893283 0.148231601342559 -9999 -9999 -9999 -9999 -9999 -9999 -9999 -9999 -9999 -9999 -9999 -9999 -9999 -9999 -9999 -9999 -9999 -9999 -9999 -9999 -9999 -9999 -9999 -9999 -9999 -9999 -9999 -9999 -9999 -9999
0 0 2.97547988460817e-38 8.63364006452453e-17 0.00504058084334247 0.182004004716873 0.14459902048111 0.156352996826172 0.158903002738953 0.153382986783981 0.142320990562439 0.122712969779968 0.119051992893219 0.113522976636887 0.126392960548401 0.135262995958328 0.122273027896881 0.117945998907089 0.12398898601532 0.127622008323669 0.124091029167175 0.0894129872322083 0.0880409777164459 0.0860449969768524 0.1978739798069 0.238397032022476 0.287420988082886 0.253461502492428 0.169896898791194 0.148821700364351 0.13020399492234 0.127024200744927 -9999 -9999 -9999 -9999 -9999 -9999 -9999 -9999 -9999 -9999 -9999 -9999 -9999 -9999 -9999 -9999 -9999 -9999 -9999 -9999 -9999 -9999 -9999 -9999 -9999 -9999 -9999 -9999 -9999 -9999
0 0 0 1.2342499665802e-32 1.00388269719194e-09 0.0702090999111533 0.179819017648697 0.13578599691391 0.141187012195587 0.146731972694397 0.129334986209869 0.108402013778687 0.101050019264221 0.125610023736954 0.134216964244843 0.144533008337021 0.120144993066788 0.125991016626358 0.121031016111374 0.123378038406372 0.121661007404327 0.0812010169029236 0.0805250406265259 0.124202996492386 0.205191999673843 0.26298400759697 0.29075300693512 0.228631813079119 0.162104304879904 0.164725800976157 0.132613494060934 0.0656306589953601 -9999 -9999 -9999 -9999 -9999 -9999 -9999 -9999 -9999 -9999 -9999 -9999 -9999 -9999 -9999 -9999 -9999 -9999 -9999 -9999 -9999 -9999 -9999 -9999 -9999 -9999 -9999 -9999 -9999 -9999
0 0 0 1.12103877145985e-44 4.33329000573682e-20 0.000349770343746059 0.177000999450684 0.140835016965866 0.122956991195679 0.139094024896622 0.128282010555267 0.092411994934082 0.106571018695831 0.133033990859985 0.158330976963043 0.15871998667717 0.114397019147873 0.125556021928787 0.126860022544861 0.125862956047058 0.115009009838104 0.0595530271530151 0.109365999698639 0.23176696896553 0.258515000343323 0.243356011807919 0.281883798539639 0.226605992764235 0.179084595292807 0.167296092957258 0.119253496639431 0.0609127413481474 -9999 -9999 -9999 -9999 -9999 -9999 -9999 -9999 -9999 -9999 -9999 -9999 -9999 -9999 -9999 -9999 -9999 -9999 -9999 -9999 -9999 -9999 -9999 -9999 -9999 -9999 -9999 -9999 -9999 -9999
