PCA_vs/Initial/pc_1.asc
NCOLS 197 
NROWS 210 
XLLCORNER 56.1666666666667 
YLLCORNER 4.5 
CELLSIZE 0.166666666666667 
NODATA_value -9999 
[rows 50 to 74 of 210, columns 0 to 54 of 197]
-9999 -9999 -9999 -9999 -9999 -9999 -9999 -9999 -9999 -9999 -9999 -9999 -9999 -9999 -9999 -9999 -9999 -9999 -9999 -9999 -1.33776374885177 -1.36203546152244 -1.58792203938665 -1.67538243585843 -1.41703230384726 -1.37148845532585 -1.24516521380229 -1.30594637038336 -1.25584245393818 -1.14025765887705 -1.18352516492073 -1.26526868945929 -1.28932016326576 -1.315952854299 -1.30269514850978 -1.23654741354201 -1.18985228445717 -1.18658493680552 -1.1309828137209 -1.11879206350005 -1.27761757861974 -1.33437748839088 -1.30424698438769 -1.36374461738035 -1.33483228218631 -1.24894701594184 -1.176293310978 -1.11301335003426 -1.15679802021549 -1.28558390341578 -1.36134046052416 -1.43290222084109 -1.3535908310862 -1.27360084767363 -1.4161230104695
-9999 -9999 -9999 -9999 -9999 -9999 -9999 -9999 -9999 -9999 -9999 -9999 -9999 -9999 -9999 -9999 -9999 -9999 -1.15653256429634 -1.10462537295673 -1.20585652660068 -1.32847910320243 -1.42873215499007 -1.55610397730924 -1.61027085003617 -1.51839589439041 -1.38113521350214 -1.16337391916495 -1.20427684820994 -1.10741451267014 -1.14333194475505 -1.2622336710376 -1.28517775314893 -1.29225454517223 -1.27063207135278 -1.20184396078693 -1.20710897237895 -1.24553838903109 -1.40964470665753 -1.33564008376141 -1.33937746796964 -1.33312556719691 -1.2903629903301 -1.24746493218048 -1.26185327581407 -1.21936318717093 -1.14939891251827 -1.08279244114773 -1.15986634060911 -1.24804210220444 -1.36546462166516 -1.37572928877451 -1.27693721865196 -1.27571757878605 -1.37895771831652
-9999 -9999 -9999 -9999 -9999 -9999 -9999 -9999 -9999 -9999 -9999 -9999 -9999 -9999 -9999 -9999 -0.781539772091536 -0.879901987644819 -0.921697360256741 -1.15472441684918 -1.24977430681163 -1.34293516611897 -1.37213562259329 -1.69641900257275 -1.74762604238244 -1.75041115516024 -1.69214155476276 -1.17435857282224 -1.14638884056056 -1.07940822200785 -1.13006086575472 -1.18667077986174 -1.25130856754138 -1.29315527942791 -1.24943962950646 -1.17519528428445 -1.20047134910478 -1.28908848979471 -1.40331745986328 -1.38020221949006 -1.33844321912995 -1.30160550997566 -1.27573911997569 -1.21433636534811 -1.1278548602107 -1.18148804134598 -1.11856305074826 -1.04328244276758 -1.1363986978199 -1.25640958444155 -1.32187270575429 -1.26257728875268 -1.24648650774395 -1.20910366000069 -1.31668141318507
-9999 -9999 -9999 -9999 -9999 -9999 -9999 -9999 -9999 -9999 -9999 -9999 -9999 -9999 -0.344733342268588 -0.439790495648538 -0.701494130250925 -0.784459838736063 -0.86479596320377 -0.98947343600293 -1.20862538305669 -1.33391612251873 -1.4058784490395 -1.64193859924683 -1.78707919521808 -1.66622472804843 -1.76424981624072 -1.38203658395213 -0.994704587596517 -1.00729113585431 -1.09838076730074 -1.13630480938208 -1.22108889153526 -1.21025686326169 -1.16513300063463 -1.15785146307273 -1.13402626760929 -1.1721410054534 -1.14882450368291 -1.15659834583915 -1.18872662903581 -1.25373865625187 -1.20693758956168 -1.11909022164867 -1.07285415337818 -1.00452881100802 -1.06607726531237 -1.04265941620828 -1.16998925250633 -1.26459324557195 -1.20935319959219 -1.17311098992379 -1.15904806950663 -1.08240441098377 -1.22092840705046
-9999 -9999 -9999 -9999 -9999 -9999 -9999 -9999 -9999 -9999 -9999 -9999 -9999 -0.332752470896125 -0.325709622438415 -0.389457066537468 -0.523847072422072 -0.702238942833139 -0.837648376654306 -0.908511026115096 -1.17338119663146 -1.28172597584863 -1.51803845442157 -1.86786718300186 -1.80618526812314 -1.6084068937262 -1.65430961006359 -1.2881342170397 -0.929615289296305 -0.94788895697428 -1.01122984778149 -1.05212802717154 -1.09393154897919 -1.09234898296863 -1.14895930028652 -1.134484539515 -1.08894004024649 -1.07578962828464 -1.08809070239099 -1.09016919339306 -1.1017897306263 -1.07901992953761 -0.994093394924488 -1.1093074310288 -1.15379601519474 -0.996501373786938 -0.931971085460162 -1.05370302377086 -1.18004264703654 -1.22046135607119 -1.15661937761314 -1.04213544574538 -1.02813579214681 -1.18001304142277 -1.18282257418241
-9999 -9999 -9999 -9999 -9999 -9999 -9999 -9999 -9999 -9999 -9999 -9999 -0.297823267513824 -0.333333233299534 -0.351283506030587 -0.395655565633792 -0.492818417725678 -0.688880168235089 -0.749439455872845 -0.904612089959911 -1.10619090550425 -1.20811693092269 -1.68738835651666 -1.87118087591052 -1.74171657265436 -1.58046407303845 -1.60592482312588 -1.14049179923525 -0.886956863602436 -0.869936904574161 -0.931149430278174 -0.975852661923849 -1.01911507224691 -1.03283613543953 -1.08155526044443 -1.09108957757321 -1.07402941271005 -1.07329762289962 -1.05950743130078 -1.03654998044516 -1.03280243485501 -1.02038562868441 -0.988163553651221 -1.16262411583636 -1.17196199675242 -1.1049290158936 -1.11948974196199 -1.13774240759693 -1.23745366663747 -1.08865148169369 -1.06100626898299 -0.983397201391461 -0.984959616396211 -1.03410490476836 -1.04097264193459
-9999 -9999 -9999 -9999 -9999 -9999 -9999 -9999 -9999 -9999 -9999 -0.277048050447969 -0.243526757442808 -0.301084619141878 -0.358971873542397 -0.342902297112108 -0.386321906788347 -0.457078570534269 -0.691062507439933 -0.826659989437454 -0.888207778934042 -1.06333422927566 -1.50965113421984 -1.97446501870747 -1.67083725254571 -1.53040786824387 -1.75344253449488 -1.26722093607267 -0.930056775444782 -0.791278801348731 -0.848368812789171 -0.866503063030504 -0.912039406485908 -0.944523263192654 -1.0002316853483 -1.01713093899049 -1.00954105760744 -1.00836807671022 -0.994597004595549 -0.99577144767627 -0.985134416225483 -0.956324663565799 -1.01345670781472 -1.2390303421272 -1.2503272482795 -1.29155980529418 -1.2216794424111 -1.17682575632157 -1.21924101967427 -1.06679035996059 -0.975115984331642 -0.973811676362158 -0.885729236385201 -1.0274570090613 -0.928133071744264
-9999 -9999 -9999 -9999 -9999 -9999 -9999 -9999 -9999 -9999 -1.00113764711852 -0.520340249460299 -0.242820611982891 -0.317812520906007 -0.309741577374829 -0.312720755281397 -0.292611225732351 -0.362772391769989 -0.453474261928063 -0.553417753050152 -0.707536446820415 -0.891824951480756 -1.33816789601219 -1.57842122031992 -1.60192958464652 -1.47132890172722 -1.72046915987758 -1.57926193614717 -1.07279058589194 -0.867163377149957 -0.754542181123391 -0.772384245670572 -0.802318383122588 -0.828469084556406 -0.876699602524333 -0.840973351964271 -0.879263524349678 -0.721233183074128 -0.891626824137142 -0.943469819403704 -0.994019209504279 -1.02959663155313 -1.23508803904415 -1.30201637155251 -1.39839739468943 -1.37503370925436 -1.32236089182772 -1.35167174905779 -1.25058950937154 -1.09361747407172 -0.997480471693935 -1.00798134909268 -1.0220730145307 -0.975480075181807 -0.907821591320813
-9999 -9999 -9999 -9999 -9999 -9999 -9999 -9999 -9999 -2.34837335101677 -1.6288062176595 -0.614571414165486 -0.345397851525946 -0.324352797299388 -0.287522547466837 -0.286220984005607 -0.280686261726117 -0.30795426009521 -0.423345562906829 -0.511973127057261 -0.687020686644279 -0.969178329761214 -1.63194575980841 -1.62525811221688 -1.74775874383392 -1.60364693162432 -1.51381171363683 -1.79581761836126 -1.37090846641107 -1.05711571546127 -0.859172552722939 -0.692714936377013 -0.730747874720791 -0.732184150263555 -0.784906936092795 -0.810361203804472 -0.81117589312839 -0.876859424293074 -0.92603133349862 -0.985162674241967 -1.06772755352141 -1.25666818119287 -1.33732103997765 -1.6594714817515 -1.59580607577038 -1.68281113398815 -1.63454935759947 -1.55017070317386 -1.31128245153027 -1.2500853081326 -1.18296626279939 -1.07013075531852 -1.04224297500593 -0.885187659244818 -0.877960827568181
-9999 -9999 -9999 -9999 -9999 -9999 -9999 -9999 -2.29017043886328 -2.33358483685781 -1.6951858061095 -0.883086811865228 -0.755034876817838 -0.406830878895825 -0.357165579438127 -0.362274076683354 -0.325514321078593 -0.304152750848114 -0.341040159916784 -0.432907265104584 -0.45565790463467 -0.678112780108891 -1.62476319623983 -2.10712319194519 -1.93941875796325 -1.86205233376962 -1.8652542505476 -1.78465829186137 -1.57799296718422 -1.69912440252236 -1.28183672280758 -0.885504476413562 -0.703382493214196 -0.717280911440797 -0.763812696175527 -0.798531756622141 -0.87202585206086 -0.925374405258159 -1.03038589404255 -1.05100109141332 -1.13498400000328 -1.43743141651384 -1.63208214250774 -1.82888927110559 -1.81984481066526 -1.77568189735111 -1.79016415644453 -1.74217615315112 -1.7194956086909 -1.70092690785157 -1.40191928232934 -1.1015979596131 -0.789993053302936 -0.899379232500871 -0.818932490880637
-9999 -9999 -9999 -9999 -9999 -9999 -9999 -2.82201282848584 -2.4671031799194 -2.13150492635246 -1.78535922685465 -1.74042672429741 -1.22389126910868 -0.66098401337527 -0.526079273498775 -0.449808607996985 -0.401375851212661 -0.355717281509131 -0.280768235802559 -0.332950039218547 -0.357381633478298 -0.519274445969969 -1.13197718295168 -1.84537611835246 -1.81438603770892 -1.84693237173076 -2.13252058699638 -1.79656669734339 -1.61064551325179 -1.57208238269629 -1.71278772140808 -1.45768962206167 -0.852903915314201 -0.729177797104832 -0.808304242235291 -0.880139769339178 -0.900648987876349 -0.95916169476235 -1.26121624904567 -1.298596136459 -1.26992107753367 -1.4375899521351 -1.61272359342496 -1.86743734765757 -1.87310054398638 -1.96720680489375 -1.90644679642158 -1.87644934070703 -1.85249005270508 -1.57700883654976 -1.22511770294867 -0.88972034000267 -0.796979026186881 -0.915061038756626 -0.826252574171546
-9999 -9999 -9999 -9999 -9999 -9999 -3.17618454286117 -2.79524842978511 -2.91905403626287 -2.3676440495066 -1.71919208014797 -1.41810581971986 -1.36138064407508 -0.815867427658421 -0.69944764578149 -0.510834112381803 -0.432142123574429 -0.357792625064916 -0.278570886386619 -0.276665132968939 -0.34335722496857 -0.485667311746087 -0.779311745479097 -1.4754429312179 -1.61914246387306 -1.65488627420745 -1.9139273532923 -1.88840337786786 -1.92760713111217 -1.60164015643148 -1.36387337061981 -1.68570394725013 -1.23836150656466 -1.03122202415177 -1.11244117763037 -1.1856258382897 -1.07683841159467 -1.29503728582939 -1.48247259479614 -1.69029998016966 -1.45178857928017 -1.25408940339424 -1.41518925269107 -1.60872208695631 -1.55428687022022 -1.69524503689669 -1.76798731397203 -1.73193575976154 -1.49839131063312 -1.36662525780665 -1.21091683125303 -1.05023331443071 -0.953212702930621 -0.944841733610439 -0.853438456896955
-9999 -9999 -9999 -9999 -9999 -9999 -2.64133166727144 -2.96165996109423 -3.15857141599538 -2.27492868105637 -2.14803321905381 -1.53970141713655 -1.15176171933054 -0.849721133303836 -0.708108714507227 -0.677592593607528 -0.476339224245998 -0.346306546926419 -0.258755923459961 -0.256517589458654 -0.436098434538886 -0.365665810263354 -0.693924781206429 -1.64612149871238 -1.34556208344806 -1.55427772512837 -1.69098399351196 -1.88691601817418 -2.08510604978517 -1.74901297748228 -1.18398653517444 -1.12381142486919 -1.12912036748309 -1.04881006668831 -1.10240485830786 -1.12806271210343 -1.17162721057912 -1.31910842210322 -1.38619602895925 -1.65666939194974 -1.45629564667025 -1.12810995707133 -1.10839023885215 -1.27076259333964 -1.25356864464397 -1.40924548955857 -1.39582181752121 -1.37599497931522 -1.39621691337294 -1.31888901681826 -1.17378727658307 -1.0822057396481 -0.973987718370964 -0.888383649084883 -0.877589603458821
-9999 -9999 -9999 -9999 -9999 -1.71590758354899 -1.7371963505731 -1.6693389134674 -1.86512640247483 -1.47698205477632 -2.5295748833608 -2.33099575175402 -1.42665039066881 -0.931032979535241 -0.763411965692273 -0.661451659854823 -0.543250434117355 -0.442745074771298 -0.251979444962408 -0.370358736184514 -0.426921534662841 -0.363481059698174 -0.411674595924336 -1.33014423315434 -1.54284112077749 -1.47199313432373 -1.66350308318071 -2.00372168236505 -2.03577557852762 -1.70833953110313 -1.2979700678974 -1.00783150009572 -0.834835132653085 -0.910412268056492 -0.915942633142079 -0.828227081082533 -0.901400246244555 -0.970158953978025 -1.02388503817244 -1.05329612579728 -0.982883942122895 -0.973114294553961 -0.983630046790041 -1.02837073215088 -1.17189535897444 -1.15654310370677 -1.26490898054331 -1.25531886483508 -1.22218067400243 -1.25199498361321 -1.1395175524047 -1.07458903926928 -1.03312171810083 -1.13123558498031 -1.1140905386954
-9999 -9999 -9999 -9999 -2.3918414220686 -1.86869807204623 -1.796221473872 -1.58183935651926 -0.847575831970108 -0.708915144560695 -1.80658494614033 -2.90475853290644 -2.23345174923324 -1.36400725458181 -0.946622060877013 -0.634978668803747 -0.510207931404007 -0.378754054847243 -0.325055796482489 -0.312230937397639 -0.35310342881748 -0.347290228509202 -0.497622700262795 -1.14560640365989 -1.53606982079633 -1.45002883596904 -1.6839584238154 -2.02734077419854 -2.31142886259953 -1.98898514131581 -1.69118084907069 -1.40407484231123 -0.991692042320516 -0.781904667255383 -0.854773977683067 -0.700968690186063 -0.746125190696486 -0.817094221721853 -0.696885926294332 -0.693970643899305 -0.666895288423771 -0.660613262538921 -0.833907468107478 -0.867299691774444 -0.889207678265972 -1.0071245302583 -1.02027373764421 -1.15137526453713 -1.19473479680305 -1.27228930130388 -1.21562710265464 -1.31925016831258 -1.47494458666417 -1.39820452058228 -1.17912014671192
-9999 -9999 -9999 -9999 -2.52071141816124 -2.00492869003906 -1.65301049192908 -1.53621925629346 -0.795981675734472 -0.364100892998828 -0.782870503931509 -1.64577557009244 -2.78893720616821 -1.88171615600738 -1.24900706756276 -0.811535421678437 -0.463898166890124 -0.346431295472532 -0.292970115374185 -0.284829196937234 -0.285949986119937 -0.40051864474505 -0.540577170621399 -0.758025038688127 -1.40187336587748 -1.35965415550727 -1.48015264026854 -1.67133846172662 -2.04324171497814 -2.55901062457599 -1.88404274587675 -1.44593270743002 -1.1321793208708 -0.68140250464776 -0.699144637376325 -0.764144467099272 -0.652459700776899 -0.674803243209767 -0.694431215559302 -0.579099652551169 -0.582212123583735 -0.712839017165993 -0.73783708608623 -0.728865241456413 -0.772532232813716 -0.922911503618618 -0.994486330409197 -1.22938300709151 -1.51221325987274 -1.45506440606856 -1.3434819367264 -1.26535218281401 -1.17924917044434 -0.90727951245832 -0.873197751748154
-9999 -9999 -9999 -1.38955253272818 -1.54660782711741 -1.73819935538179 -1.32212750126934 -0.918681861647219 -0.592526485481959 -0.315362939797288 -0.343324376217166 -0.707889872428059 -1.3408313451569 -1.91060485439124 -1.51402601807672 -0.955011215453016 -0.601502264364349 -0.463356702661732 -0.446636138028412 -0.428042122328372 -0.458407289197905 -0.563084039743586 -0.642713788927632 -0.672896636752111 -0.993198875392203 -1.28835939224636 -1.29212666313149 -1.39792034170659 -1.52939576225971 -1.5502098580289 -1.49458647692484 -1.31459040461376 -1.63289130502522 -1.12340933283656 -0.657203547377413 -0.644312892505525 -0.664696859286082 -0.567004125128068 -0.593737909695744 -0.598693380884344 -0.579057508862721 -0.618831079432597 -0.635748124510197 -0.642273334441849 -0.665369702113526 -0.837310237060045 -0.916387050694878 -1.13682345290726 -1.07420574550373 -0.98968282559847 -0.91584262821884 -0.806272683506185 -0.930941368546494 -0.912556595226187 -0.863465506417285
-9999 -9999 -9999 -1.14620043980158 -1.70521338988947 -1.1465462948145 -0.722297234454803 -0.354121875713001 -0.301529164327975 -0.210538911223907 -0.317351106228455 -0.434935095836586 -0.620543118095726 -0.822446622395535 -0.924751782971441 -0.966040369370488 -0.814577024654088 -0.680084883417836 -0.803716089532401 -0.742633191822722 -0.515645899299955 -0.588413018071895 -0.993804614006318 -0.928775165552257 -0.899289203390241 -1.23699150782816 -1.30510527268591 -1.26385519118084 -1.30278433997863 -1.34732324195679 -1.31311542412235 -1.19508446388968 -1.77035205553557 -1.55990107619153 -1.13147871823283 -0.866669075942623 -0.667530454809273 -0.587735946786972 -0.485753033822065 -0.495283798084368 -0.507403779586561 -0.490430282030679 -0.521036410831275 -0.575797030881425 -0.727061759826698 -0.705192156623473 -0.729694027957233 -0.750482317122341 -0.825533735779206 -0.812118528245255 -0.807085510591701 -0.938525288628523 -0.91033856872223 -0.885697376085861 -0.863829505018767
-9999 -9999 -9999 -1.17013894497639 -1.22977125887906 -0.599120174191263 -0.215805534794931 -0.421997254693798 -0.511945152771186 -0.291010748654492 -0.0900227741708043 -0.152590170199034 -0.248808113815351 -0.272563289995302 -0.325435192327083 -0.461151885640848 -0.935432586044392 -0.846751022263455 -0.797974907482276 -1.1289200795239 -0.744628285574649 -0.73139131443638 -1.46737551449609 -1.55221454808765 -0.876374618889255 -1.43854431320715 -1.36645541330786 -1.18403826425606 -1.20978492367731 -1.2039342370868 -1.21501288276939 -1.21463958443772 -1.55468266825042 -1.9562666320761 -1.39229741058441 -1.28023822561378 -0.891498214530395 -0.59609310584316 -0.514842888603236 -0.385921039940473 -0.438442402581739 -0.469366661875231 -0.602022901367735 -0.6655519359862 -0.69444463187847 -0.678626751943532 -0.685352327889586 -0.718027767156034 -0.768094365242 -0.779518546229501 -0.881174766361672 -0.916950334597877 -0.891482840825943 -0.885833058608674 -0.954644171364342
-9999 -9999 -0.902268415843336 -0.559567154003537 -0.434838401891805 -0.18185351181494 -0.0472342848326949 -0.166585965739608 -0.203475308297878 -0.0844492827954808 0.0147030026660336 -0.019741433929941 0.00602293756370097 -0.0547208688571722 -0.104874462466914 -0.163542627130191 -0.260036356092059 -0.477006046517031 -0.390349761127199 -0.468200263502468 -0.620817604814873 -0.756271606928986 -0.941544980829403 -0.996047118850969 -0.563783039111189 -1.1238967915477 -1.29365787838772 -1.1158945852146 -1.15110277448666 -1.11962116991231 -1.31668372281076 -1.25969234778446 -1.25294216421732 -1.49376637022695 -1.51722784698787 -1.68280467465636 -1.30143190402923 -0.952982276729195 -0.628402314105071 -0.487093823165366 -0.48621082197416 -0.529003879524273 -0.559075777364272 -0.568579335884714 -0.616477376190512 -0.643752580675342 -0.672843011448039 -0.735391969513892 -0.83892941275651 -0.85390000073635 -0.908227310408009 -0.883600204987571 -0.86163988414593 -0.931341986830093 -1.05542572217758
-9999 -9999 -0.262445305707508 -0.327455202407893 -0.207834104691275 0.0271876671255718 0.0889901486537522 -0.0379464223017484 -0.346317683293599 -0.182202170040072 0.0268659765177874 0.147443452652831 0.142146595604614 0.105908316080354 0.0850848006353909 0.2033987249829 0.195274198928907 0.153098429118225 0.0174285335155237 -0.0866442151571881 -0.423343312057899 -0.390267953612302 -0.412523533096893 -0.30658659180946 -0.279725158405808 -0.587404678882718 -0.859519385714103 -0.903895757737423 -0.942025505599815 -1.12190090262535 -1.43755822283958 -1.11672973788308 -1.19036090398869 -1.18258947593203 -1.23046633257046 -1.85576504445025 -1.35676881491883 -1.1234392148217 -0.832282577149091 -0.635750312335005 -0.643630131260753 -0.629070363258469 -0.617864027456176 -0.555337221348677 -0.578895139598342 -0.683216340287014 -0.837824286121843 -0.80100126086057 -0.798778385776902 -0.809281431746998 -0.845122444021208 -0.86921571746588 -0.97831950103143 -1.11027490934377 -1.32310447163068
-9999 -9999 0.134733371078939 -0.102334513770982 0.316654518650551 0.0116310158871064 -0.0187384859031176 0.158160194632983 -0.0930815913681473 -0.22758917218369 0.188336739872504 0.184925322314507 0.221994416431332 0.226975910529228 0.196074783709502 0.26308451604108 0.245045214637247 0.227266489633334 0.22843660236152 0.202284885899272 0.122519835668325 0.110545789796936 -0.0134541073012985 -0.0446156828949667 -0.0702541196679941 -0.304600956144846 -0.41340016161987 -0.630317222699976 -0.754410669253939 -0.983300695917402 -1.26364065352512 -1.29133697047435 -0.986173308383178 -0.997937104025935 -1.18693451594555 -1.15863705111701 -1.37159561072401 -1.13075258700886 -0.933731936363751 -0.847212618353624 -0.842336201660785 -0.854049401133088 -0.786047500898065 -0.77589508287612 -0.804829979395159 -0.800480291598149 -0.812596336280242 -0.800934042865592 -0.912951210131031 -1.00613999975972 -1.08808505695762 -1.07572959681548 -1.29306694608058 -1.51188390447246 -1.51436377958153
-9999 0.685995107916126 0.775617098488909 0.77494713496838 0.682480166137958 0.390123020743475 0.413850102029716 0.0611093226667659 0.320469180848921 0.0997282843469108 0.206314620469397 0.262896780329699 0.23736482535339 0.230613412065569 0.297064172578022 0.321522888612765 0.320417026969302 0.304712880729939 0.362810732235248 0.317588485102666 0.295322340672533 0.302868646068246 0.182201511409027 0.148817298859828 0.103850520804165 0.0152576080712255 -0.303023020025567 -0.19252377186265 -0.428656463224527 -0.962993868415837 -1.13192090345679 -1.30353298390778 -0.993211591690286 -0.852322461885619 -0.918014559966264 -1.13389882890738 -0.991925280380244 -1.25207519760669 -1.29019447070002 -1.0614960055444 -1.01650455160752 -1.04704438707901 -1.0460506479325 -0.957767221919836 -0.900723329182821 -0.946759077685775 -0.949524790656014 -0.997575113668944 -1.09275549348911 -1.15383636482414 -1.32358808909514 -1.50197746704066 -1.522157455213 -1.41537407836043 -1.52730548982915
-9999 0.844159916031556 0.903558508987872 0.878041801584035 0.842934161390173 0.648760314600531 0.538346201007023 0.419000716317019 0.214121663087165 -0.0113359872933456 -0.0759552808704353 0.143002499058661 0.196523804150315 0.300544129567139 0.330338204514632 0.351234530521576 0.41791304610833 0.440250798936473 0.409369732892209 0.399451598240142 0.285536992198702 0.321245251157367 0.287385572012794 0.296219275550192 0.281001449868458 0.229795616041095 0.0722041993976899 0.0779481547704146 -0.0679099045683287 -0.574031580926474 -1.01490166305486 -0.984662724308763 -1.17502158930109 -0.952032656141536 -0.903924788047048 -0.88079811869765 -1.05768719301403 -0.976232989615742 -1.17508089825199 -1.30592527959309 -1.40717127881123 -1.43706662315072 -1.22825477730109 -0.976214535001827 -1.08793764754094 -1.16036608309146 -1.13542801903174 -1.22527776301509 -1.34521375351077 -1.4569678117035 -1.3667361842898 -1.33201039254466 -1.36500801808528 -1.40299282016396 -1.28609504653579
-9999 0.889434514389047 0.905389043757081 0.927596993084415 0.898967248377865 0.84782380058515 0.61647749331832 0.553574510682978 0.157614457333076 -0.528400745676267 -0.39479798968741 -0.180407791815262 -0.0147479163470261 0.159587446922301 0.199513535670486 0.299900139249525 0.37020374108894 0.365338856549463 0.388241806738128 0.376300154122833 0.385416583760686 0.354931469426758 0.306128969550644 0.244740859376786 0.20955330594949 0.206801431158621 0.183675093227965 0.122807037136115 -0.315656663797448 -0.793619281636269 -0.937571023274263 -0.971206713621721 -0.886927164367808 -0.892449549536476 -0.838866595488381 -0.822848716205184 -0.909392447659726 -0.938114283067597 -0.895884275201665 -0.919340974273252 -1.00628056731814 -0.960648570704476 -0.894290394345058 -0.836707961647785 -0.896775027096959 -0.995192014432673 -1.16415127274746 -1.24200308780242 -1.23693854913234 -1.23536595845612 -1.26828018406048 -1.3748802688673 -1.27511837407196 -1.08951239366547 -1.10605833665519
