PCA_vs/Initial/pc_1.asc
NCOLS 197 
NROWS 210 
XLLCORNER 56.1666666666667 
YLLCORNER 4.5 
CELLSIZE 0.166666666666667 
NODATA_value -9999 
[rows 150 to 174 of 210, columns 110 to 164 of 197]
7.56496135508914 7.03221452204723 5.22543335910501 3.88248174194179 2.75345663472456 2.23342993480754 2.03309208128251 1.95245618632065 1.94994362536827 1.91324607608814 1.88707910879149 1.97518788330705 2.00963296695092 2.04512545256397 2.02197213609146 1.9612677222026 2.01211184613539 2.03066416404663 2.09898577500489 2.15552098657517 2.14575023105733 2.10898887210248 2.19990165188827 2.27311986422368 2.23863052834768 2.35728995017387 2.33570490845018 2.42797934919513 2.41349177476478 2.50886920606668 2.71978612569425 2.7787035736946 2.92474224647283 2.84029368941508 2.79003367121001 -9999 -9999 -9999 -9999 -9999 -9999 -9999 -9999 -9999 -9999 -9999 -9999 -9999 -9999 -9999 -9999 -9999 -9999 -9999 -9999
8.01357392781178 7.79029017935472 5.48252677391124 4.00965641269431 2.88091879104846 2.25983190199185 1.9555950485612 1.91070304316096 1.88406999893207 1.86032069940493 1.88543198494643 1.93519803767457 1.99865444610411 2.04436533217957 2.04186222078427 1.95391901806753 1.94821951793201 1.94059781282378 2.03093839437183 2.09060045065456 2.01611380117998 2.02985781079057 1.99180593531855 2.17394035144528 2.0977019334505 2.12037208928404 2.04403836934874 2.38019312293678 2.3834940865702 2.3414765898712 2.68703452642101 2.83307532091401 2.89421628840759 2.90688388583192 -9999 -9999 -9999 -9999 -9999 -9999 -9999 -9999 -9999 -9999 -9999 -9999 -9999 -9999 -9999 -9999 -9999 -9999 -9999 -9999 -9999
8.26327013475494 8.00129536274632 6.39776753791215 4.40906189947038 3.28672413855272 2.36232536351402 2.00807981184608 1.92396888900893 1.88486880660911 1.90650832432607 1.86468963226562 1.88641566147799 1.98047353822802 2.03025911572701 1.99592627175708 1.89897056005184 1.90214410869483 1.9686243796675 1.97227448320188 2.00898855651693 1.90283587741308 1.95196854664258 1.9093551123566 2.03145673633087 2.0395177994455 2.14343675864726 2.06749775624234 2.22131591494937 2.35049178739288 2.31842773135519 2.69547417790655 2.81956376797679 2.85898894448041 2.89112109038659 -9999 -9999 -9999 -9999 -9999 -9999 -9999 -9999 -9999 -9999 -9999 -9999 -9999 -9999 -9999 -9999 -9999 -9999 -9999 -9999 -9999
8.40525837364921 8.66269598874784 7.51132371396945 5.45454258568767 3.97449600332344 2.85469928468499 2.29542307327948 2.03586676111417 1.76799416295275 1.78936843175898 1.84735169494675 1.92583931091838 1.981164055399 2.02286953034693 1.93999140463609 1.86294846148874 1.88269188439659 1.9453549414313 1.94473950948606 1.92326672250269 1.88601339489145 1.88327972578619 1.90145732447933 1.95627455717322 1.86981961736734 1.96299693131728 2.10961902797075 1.96780102184104 2.0667364176611 2.31395602112801 2.64538397683769 2.77965685396126 2.8785635127408 2.88288855403812 2.94606306032153 -9999 -9999 -9999 -9999 -9999 -9999 -9999 -9999 -9999 -9999 -9999 -9999 -9999 -9999 -9999 -9999 -9999 -9999 -9999 -9999
8.34794086740893 8.82996546652272 9.85565060703158 7.07852803987011 4.9381876091858 3.67407011065746 2.75185922103052 2.2169011233539 1.73145401996848 1.79037040864282 1.87430318076758 1.92295252847843 1.91240602138223 1.99202000173967 1.94252183311667 1.88403176450026 1.86595113305036 1.94945912649974 1.92928433612194 1.88675980476451 1.82013458222377 1.93364507114626 1.9199481000371 1.81945930701362 1.77438648639966 1.89130996842674 1.97988271706622 1.93036211748925 1.79796320519839 2.11162800826096 2.5402567759265 2.78174605822265 2.86516219349032 2.95043942227412 2.99110304870486 -9999 -9999 -9999 -9999 -9999 -9999 -9999 -9999 -9999 -9999 -9999 -9999 -9999 -9999 -9999 -9999 -9999 -9999 -9999 -9999
8.100118130168 8.448741666776 9.65719336501943 9.05361805261638 5.87785908005048 4.34451713259388 3.21081578572872 2.29442606043459 1.68734722468039 1.78593069263424 1.86734337943422 1.91085963844255 1.95815684880771 1.93097523724919 1.90936914179421 1.80680708670903 1.88503254661023 1.95893917968503 1.94869093339235 1.84374579572795 1.86790194743276 1.8742420122446 1.84417038665255 1.70216826518104 1.77932392947794 1.78576258900708 1.89476237804735 1.93827017285335 2.13566648403598 2.31547860627062 2.3916420670508 2.51631713943278 2.79439639352735 2.98002317314742 3.00648328739668 -9999 -9999 -9999 -9999 -9999 -9999 -9999 -9999 -9999 -9999 -9999 -9999 -9999 -9999 -9999 -9999 -9999 -9999 -9999 -9999
-9999 8.34435862294326 9.04795742909411 9.1594224226618 6.89145972204424 4.74368860297436 3.54620945905863 2.45637839219517 1.69021545388339 1.75386432881972 1.76053500996326 1.8424381747001 1.89420615724249 1.84085376780212 1.85901743499037 1.86263675705489 1.8706842546687 1.90104201221525 1.86176912868494 1.82456469019747 1.80090711521791 1.81382088120849 1.74191594946285 1.66966538766743 1.77750333069714 1.79608607299942 1.88025232301685 2.12198321813762 2.14781925414013 2.26655970319789 2.41188406740866 2.6011021816399 2.78619331812031 2.9709767302543 2.95003766363542 3.0587540818028 -9999 -9999 -9999 -9999 -9999 -9999 -9999 -9999 -9999 -9999 -9999 -9999 -9999 -9999 -9999 -9999 -9999 -9999 -9999
-9999 8.04307320603751 8.47996075063572 8.74649665264539 7.14068383844063 5.90042275960008 4.01312824800081 2.22997650717509 1.73242517701997 1.69282372556801 1.77818153680904 1.80508988166933 1.89013164017036 1.9298974946664 1.96353170037418 1.90147150469987 1.83411716691508 1.84555496653889 1.85012091406189 1.83018468941354 1.79172674230339 1.77335159528825 1.77511208268658 1.72264187125199 1.81593554274925 1.88388872559929 2.05800971077536 2.21247273017172 2.2626191783394 2.34670891534019 2.55072443122514 2.66510173592174 2.92360715494358 3.02567050648876 2.98392246768459 2.99254741945613 -9999 -9999 -9999 -9999 -9999 -9999 -9999 -9999 -9999 -9999 -9999 -9999 -9999 -9999 -9999 -9999 -9999 -9999 -9999
-9999 7.57393636554459 7.96475755759924 8.38129028701123 8.07844987169711 7.257522171471 5.59061515859766 3.41656712063532 2.21849983406512 1.72300028273736 1.69961640277475 1.87955442306668 1.94347094404277 2.01863741506736 2.05794574769082 1.98414329550135 1.92926427402395 1.94530323698488 1.8834418438527 1.83154837530864 1.78364735483006 1.78441596654306 1.80655287497852 1.80149723439993 1.8628895594737 1.97955570091472 2.07971820785088 2.19339373580452 2.34192196597851 2.44685657264018 2.57256226070802 2.66778779702879 2.81464565683241 2.93732908063831 3.075445766871 -9999 -9999 -9999 -9999 -9999 -9999 -9999 -9999 -9999 -9999 -9999 -9999 -9999 -9999 -9999 -9999 -9999 -9999 -9999 -9999
-9999 7.31063226038587 7.46463021255436 7.87095107845645 8.20634742996171 7.69113272510249 6.63242153034488 4.47494210120177 2.84946567694959 1.95503636400084 1.84526714533946 1.95835654066621 1.9325699660113 2.02798734102025 2.13699102592752 2.04987298102068 2.03160321895683 2.06899023501179 1.97904862029759 1.92536408978154 1.87377768738757 1.88985511076473 1.83665833438048 1.85072661056386 1.96951374081393 2.19934632520613 2.29478752724748 2.35435488845002 2.4136687569347 2.51967793369606 2.59983804711663 2.7060151057763 2.7355327659271 2.93078368607534 3.06006633026832 -9999 -9999 -9999 -9999 -9999 -9999 -9999 -9999 -9999 -9999 -9999 -9999 -9999 -9999 -9999 -9999 -9999 -9999 -9999 -9999
-9999 7.25605858543842 7.45355884631665 7.85152849451798 8.01805733456451 7.67510365912421 6.96973044847094 5.7657693831023 3.05283780548728 1.97713835616058 1.880423859196 2.03364374816876 1.91963054984318 2.05241666018239 2.19292305250347 2.16747244182312 2.17535551526828 2.19370486121442 2.06487617971203 1.97487669731528 1.98178739899935 2.06513265779978 2.00599513039148 2.03839098066528 2.19750191150617 2.24486173123511 2.22696922078113 2.33459855660591 2.52398046810798 2.63526974036113 2.68436850376575 2.71160229917731 2.79292063278894 2.96457199475726 3.02522103930281 -9999 -9999 -9999 -9999 -9999 -9999 -9999 -9999 -9999 -9999 -9999 -9999 -9999 -9999 -9999 -9999 -9999 -9999 -9999 -9999
-9999 -9999 7.44086173175025 7.77055219508536 8.03202041979783 7.87458938914839 7.12227806898797 4.75634541060012 2.71460037429126 2.02813235997287 1.96614204630268 2.06421403303189 2.02435233136433 2.15692098003877 2.26329531137641 2.27847701082187 2.21668865090093 2.22044672576825 2.07411989294941 2.05292933308197 2.14668168006198 2.25932018395889 2.29891628410991 2.29510934319971 2.35488315889292 2.24829854232923 2.14475640725866 2.54115257837236 2.70966720025495 2.75098894371985 2.66342934019748 2.7541920560864 2.84234196246625 3.04169087064176 3.0420098188868 -9999 -9999 -9999 -9999 -9999 -9999 -9999 -9999 -9999 -9999 -9999 -9999 -9999 -9999 -9999 -9999 -9999 -9999 -9999 -9999
-9999 -9999 7.34832099359467 7.60835463480167 8.12037203592046 8.66364351929656 7.26677160904867 4.52158107225506 2.65509525185484 2.10075113653734 2.05275227125576 2.09034927478979 2.11005792029023 2.21082644521273 2.26685557856419 2.34345981424806 2.24145586838022 2.2382775311069 2.17402419158857 2.18869450370821 2.12401174572272 2.38987011057098 2.47067959103034 2.51844950163603 2.51827489090566 2.26807642183267 2.57728574962242 2.74791583472237 2.77101883677147 2.76043756799473 2.76266605453616 2.79821532760601 2.9555212042956 3.02631417982337 -9999 -9999 -9999 -9999 -9999 -9999 -9999 -9999 -9999 -9999 -9999 -9999 -9999 -9999 -9999 -9999 -9999 -9999 -9999 -9999 -9999
-9999 -9999 -9999 7.38681498817015 7.59800656887856 7.96492964965301 7.15381842039462 5.03556793620326 3.52900558990358 2.50232697822949 2.19104957147207 2.0611745700453 2.07051947215856 2.21391877075538 2.30488119846747 2.33600927482544 2.32916763854507 2.39997888285248 2.37903622697395 2.45504196200974 2.42229659476633 2.57870376203258 2.6111711011611 2.60117342557951 2.63450267364283 2.67300487692246 2.7558390891376 2.81139117035945 2.79989915194237 2.80421079455155 2.81831715167984 2.92846000347334 2.96114581182318 2.99540614103889 -9999 -9999 -9999 -9999 -9999 -9999 -9999 -9999 -9999 -9999 -9999 -9999 -9999 -9999 -9999 -9999 -9999 -9999 -9999 -9999 -9999
-9999 -9999 -9999 7.12972949339667 7.11175150362573 7.39898497333168 7.73272170754965 6.76795602047891 5.00500167436141 3.4538750058618 2.64742369125266 2.25785200401992 2.22281176060251 2.21597149391949 2.27048514596895 2.28623387631696 2.1731614019268 2.33689061333065 2.19197730855462 2.58875808972528 2.54973328905225 2.5715666580589 2.49919582569203 2.59258307047674 2.63020911468068 2.7113221169437 2.83015105554984 2.86331940938877 2.83826058390122 2.86037522870199 2.91101941093731 2.99804669440494 2.98743425268713 -9999 -9999 -9999 -9999 -9999 -9999 -9999 -9999 -9999 -9999 -9999 -9999 -9999 -9999 -9999 -9999 -9999 -9999 -9999 -9999 -9999 -9999
-9999 -9999 -9999 -9999 6.80961397573623 6.9468211716218 7.2783108717283 7.23449499995287 5.69724580374011 4.18749700000389 3.09482412199679 2.52007788259397 2.08766855782515 2.14519751654549 2.24624358779223 2.08295236823755 1.89164339216825 2.38552442247197 2.38613776563262 2.74295156336335 2.72377821932352 2.67452386896421 2.42537747040178 2.48771839074539 2.45565408342601 2.46903588565323 2.86906659586794 2.9112726379743 2.95884439835172 2.98218964278909 3.02863430776288 2.99975503750321 3.00231264568814 -9999 -9999 -9999 -9999 -9999 -9999 -9999 -9999 -9999 -9999 -9999 -9999 -9999 -9999 -9999 -9999 -9999 -9999 -9999 -9999 -9999 -9999
-9999 -9999 -9999 -9999 -9999 6.92331002263055 7.07889137046002 7.06723207001655 6.34657648978519 4.88832453740763 3.99003706281103 2.98720502195482 2.05306690328271 2.01873307821467 2.13005222274409 2.00245410554848 1.92858466681707 2.21943719208725 2.22590282353295 2.61949676697702 2.75384175221822 2.86284456666935 2.52264672919977 2.61439599405676 2.4436761757769 2.52806351451579 2.91305829788624 2.9556871456309 3.02049791857752 3.01342023448522 3.03358610616418 3.13564342158107 -9999 -9999 -9999 -9999 -9999 -9999 -9999 -9999 -9999 -9999 -9999 -9999 -9999 -9999 -9999 -9999 -9999 -9999 -9999 -9999 -9999 -9999 -9999
-9999 -9999 -9999 -9999 -9999 -9999 6.95077100635391 6.90849816196808 6.70561666421664 5.57356853893208 4.96731684845958 3.75597881299437 2.45485229776389 2.0604493491552 2.22079380616767 2.32833138434024 2.43653250868456 2.41306863261542 2.76956342440197 2.80109615114254 2.83580313622076 2.90259897983434 2.68869995111902 2.7935848983393 2.82245712648062 2.89773603374951 2.93681324425664 3.00854077840364 3.02849107329117 3.08169682758008 3.1208022047499 3.23920754689049 -9999 -9999 -9999 -9999 -9999 -9999 -9999 -9999 -9999 -9999 -9999 -9999 -9999 -9999 -9999 -9999 -9999 -9999 -9999 -9999 -9999 -9999 -9999
-9999 -9999 -9999 -9999 -9999 -9999 6.93289544297406 6.73975547482846 6.43528833666885 5.41357445902088 5.57110528085774 4.15828481381215 1.74236794535096 1.09324794570758 1.68393253195086 2.83084620819361 2.87607250283141 2.83951042595963 2.84503012036819 2.8459688546396 2.82096754187945 2.9140541576283 2.82415181989912 2.55803528805572 2.64355888048344 2.87735489036734 2.94000676170396 2.97212871394382 3.05521121471959 3.09988999290213 3.24518855361541 3.36577050469185 3.45808411073536 -9999 -9999 -9999 -9999 -9999 -9999 -9999 -9999 -9999 -9999 -9999 -9999 -9999 -9999 -9999 -9999 -9999 -9999 -9999 -9999 -9999 -9999
-9999 -9999 -9999 -9999 -9999 -9999 -9999 6.32708850263877 6.38810896292152 6.24934708565196 5.81290433696647 3.83810658563859 1.81223360227632 2.07173125550148 2.71327140924544 2.76403519781439 2.75547496363314 2.74845844936952 2.76832952209509 2.82188561547753 2.84921813061521 2.91276222922208 2.82098193585682 2.51605609217643 2.71287414761326 2.72668962637004 2.94356828025059 3.00410966203881 3.03720207610782 3.13018701781698 3.27424078396729 3.44850466915922 3.51285629574374 -9999 -9999 -9999 -9999 -9999 -9999 -9999 -9999 -9999 -9999 -9999 -9999 -9999 -9999 -9999 -9999 -9999 -9999 -9999 -9999 -9999 -9999
-9999 -9999 -9999 -9999 -9999 -9999 -9999 6.27426922081445 6.29187578312075 6.10403591225639 5.74708732990586 4.32767719435629 3.2412852118398 2.49343137021315 2.51663221163423 2.69920214562865 2.72704430620218 2.74038140700994 2.80537751112282 2.80027184246897 2.8617641024443 2.91714350090342 2.90969185952702 2.95813720199539 2.95258861136285 2.89829410439469 2.94796297250384 3.02765969742615 3.05725066949874 3.22530130707959 3.29112614123508 3.44212577556579 3.53526865643704 -9999 -9999 -9999 -9999 -9999 -9999 -9999 -9999 -9999 -9999 -9999 -9999 -9999 -9999 -9999 -9999 -9999 -9999 -9999 -9999 -9999 -9999
-9999 -9999 -9999 -9999 -9999 -9999 -9999 -9999 6.06997866903924 5.91862747759232 5.60997633544315 5.41019921978839 4.24699113359606 2.83503341727902 2.68937330781141 2.62846052130877 2.63317182282452 2.72127062929479 2.81187825919126 2.8152817700672 2.88091941428929 2.91107664248503 2.98494237259957 3.00312762191562 2.99746636738655 2.95016454401027 2.95321620078323 2.98216601744178 3.05988549649761 3.219220878693 3.31376651243803 3.52074746613824 3.61051144576995 -9999 -9999 -9999 -9999 -9999 -9999 -9999 -9999 -9999 -9999 -9999 -9999 -9999 -9999 -9999 -9999 -9999 -9999 -9999 -9999 -9999 -9999
-9999 -9999 -9999 -9999 -9999 -9999 -9999 -9999 5.93754450207425 5.88550208825095 5.67621187522481 5.45679824141204 5.06175612126869 4.26622454567139 3.12068180615041 2.64572829564648 2.69769583026936 2.76424427781952 2.84306847564461 2.85509129356629 2.90443655629983 2.87234261079777 2.88433245942419 2.94768014084317 2.96715878423562 2.929639012243 2.90363166032265 2.8967313692999 3.04191150006161 3.20596882032855 3.38469301080194 3.60227274131583 3.7502133150386 -9999 -9999 -9999 -9999 -9999 -9999 -9999 -9999 -9999 -9999 -9999 -9999 -9999 -9999 -9999 -9999 -9999 -9999 -9999 -9999 -9999 -9999
-9999 -9999 -9999 -9999 -9999 -9999 -9999 -9999 6.02185060458524 6.06477721613293 5.90052253409444 5.55845423662089 5.0408893642964 3.86844182678511 3.4933204806136 2.77420775865467 2.73141370799095 2.7879515269748 2.794521323274 2.87669940539189 2.85752042012607 2.78759792309689 2.80420979967823 2.94259739380461 2.92411501273825 2.88260549688626 2.79121275191187 2.88712042488439 3.07763749078965 3.30817345401447 3.4763455424912 3.66177878192691 3.77033245214167 -9999 -9999 -9999 -9999 -9999 -9999 -9999 -9999 -9999 -9999 -9999 -9999 -9999 -9999 -9999 -9999 -9999 -9999 -9999 -9999 -9999 -9999
-9999 -9999 -9999 -9999 -9999 -9999 -9999 -9999 -9999 6.17724323750611 6.1168836205911 5.75658768122904 4.39476970909153 3.74475617073583 3.17862688405299 2.54727330977048 2.55191657125655 2.62488023496846 2.55936124069831 2.51755763417512 2.90272595499144 2.82547227849115 2.72302469044196 2.92342798786262 2.95816358608057 2.90653904499842 2.89356372275336 2.97671048864424 3.15289165845393 3.38398720901632 3.62984193843356 3.73009261018622 3.8605884987029 -9999 -9999 -9999 -9999 -9999 -9999 -9999 -9999 -9999 -9999 -9999 -9999 -9999 -9999 -9999 -9999 -9999 -9999 -9999 -9999 -9999 -9999
