PCA_vs/Initial/pc_1.asc
NCOLS 197 
NROWS 210 
XLLCORNER 56.1666666666667 
YLLCORNER 4.5 
CELLSIZE 0.166666666666667 
NODATA_value -9999 
[rows 100 to 124 of 210, columns 110 to 164 of 197]
1.96955767890853 1.92484050301758 1.88301170988723 1.8620466899027 1.81286335980563 1.76669613078587 1.71210944053789 1.72425566175168 1.78382854162335 1.86316858349846 1.92044093324437 1.9265455637824 1.94784505079174 2.01754164547935 2.06775040850656 2.13230319258521 2.2026358250649 2.24618487686479 2.28885944119204 2.3330707227628 2.37235892406691 2.42817184730192 2.42998928853836 2.30874622588805 2.18186368548567 2.02825565690727 1.90666175190431 1.95852318167579 1.60012003907637 1.54338296673011 1.44866054648772 1.45723511268059 1.56964706189309 1.66749764367795 1.79058267300104 1.76050969921786 1.78263723211922 1.74082271372097 1.54958398273222 1.45313429584882 1.37876200887803 1.38135705226152 1.40665830289249 1.42073023333786 1.70935627655162 1.65725404010369 1.68605639657467 1.86979172397679 1.96678505708658 1.95494194301641 1.85649453383577 1.67386898684407 1.60753475412213 1.72198522374996 1.85240795638561
1.93763259789242 1.89264761325163 1.87448021901163 1.85787581619782 1.8399076629476 1.8212958593886 1.7780652867603 1.74186529881057 1.78137864649087 1.87801831369465 1.93695719983196 1.98003009033543 2.02475088487321 2.09694446024891 2.15510184002734 2.19653374696957 2.26771946115226 2.32190306887621 2.34424046652531 2.34354032939558 2.32105983395153 2.34284578898096 2.33993919828681 2.22605704130858 2.08926304674287 1.97174321031641 1.74948506586248 1.57913965016946 1.49074256825115 1.4075967005307 1.39881174013327 1.45369053332931 1.59119898758391 1.74144124933494 1.76311619116419 1.83523929229037 1.8079483878791 1.75076198897501 1.61974833394521 1.53844551240182 1.39859242228246 1.32893500815436 1.41276518086579 1.62385522828344 1.78831323939091 1.77602866408208 1.70489498247621 1.90618338494513 2.19225979729394 2.00544678191306 1.91654861052481 2.08966073670716 2.03385541287057 1.91693156165587 1.88827487077386
2.00533965123462 1.99144740012587 1.93946504642139 1.9411252196756 1.8922129094674 1.86098128663899 1.87556889030641 1.79408746501094 1.898877811689 1.93902416737515 1.98940336718086 2.02658673752092 2.06578038994058 2.13647405211484 2.21099532701704 2.26067126181519 2.30614633066473 2.37199359887295 2.29110455802566 2.24702954433204 2.23241833779347 2.21732903652874 2.19385338179474 2.30400677181583 2.02886527483539 1.7734641329181 1.56671630239774 1.43705325065156 1.38567530835724 1.47305033917803 1.5545493122827 1.64674995371567 1.75759360118244 1.90172868137508 1.88867795184 1.92999094635803 1.87454556198714 1.74955534399728 1.67126524449514 1.53280562325407 1.54639446311592 1.5873587281421 1.82058915564628 1.78383888811047 1.82860279357365 2.00402149300651 2.04099692961666 2.18660166024451 2.3797622686696 2.32651859735796 2.15523220129325 2.26896742213088 2.1762676989423 2.0292805870228 1.92081708299339
2.02605997573448 2.01560289634412 1.99017368844046 2.00590601490082 1.9631922866112 1.98399387633674 1.98511985398374 1.99321921691297 1.97469824268773 1.96289170586887 2.00435922305577 2.0316458030147 2.10006290506891 2.17536071437301 2.29177584445222 2.36849128669106 2.38514829262901 2.30767102433795 2.2056990488031 2.10985468667003 2.21452357766782 2.12330559026742 2.06959361410628 2.14300115547288 1.85374732515246 1.71986582000391 1.58442085066686 1.43644468646999 1.43023589175569 1.58062302301101 1.71024969744248 1.81447347986284 1.93987485747282 2.09882625715667 2.00799788948192 2.01714460929913 1.93552789101209 1.74719788801387 1.62103326599619 1.54984134238108 1.73397133465429 1.7537966744961 1.86052079660731 1.9363325610957 2.01003363266296 2.09006650121781 2.21877304547813 2.26128829489183 2.37093114143404 2.38275716444675 2.31865290074861 2.33470058181708 2.19788072513071 2.22809346017649 2.05407846762198
2.02869914221593 1.97543051944953 1.99792011725852 1.95732971950866 1.94409885452574 1.95492254470973 1.9678465727594 1.95340982471332 1.96968563612474 2.00339442082053 2.00451255691041 2.01677710841639 2.11149649537626 2.21812517668258 2.38993080247216 2.45927832923125 2.35082770148948 2.1948715946498 2.04654786607121 2.00531595197266 2.00008893775002 1.97869027505395 1.92323509192639 1.86970807655418 1.93614435937986 1.64325953072983 1.55076694810292 1.52965906183499 1.59302584265248 1.70702286536583 1.82987508793857 1.92696606997324 2.06480981784133 2.26164766448672 2.14235678389499 2.02135557200073 2.04171387656441 1.899825469266 1.66415931444553 1.60760895361194 1.77098019149104 1.77038639246356 1.86801852884484 1.96108523686805 2.0719326983261 2.15580025315276 2.2255139491514 2.30393185222688 2.40652169305432 2.46324775394195 2.42076252018631 2.44208669965331 2.40536219942632 2.40804892669201 2.29798882564275
1.78370024730108 1.84808006911016 1.79767839604182 1.81380976186739 1.83284613434499 1.83919409518309 1.82972219712588 1.91702057626146 1.938291381949 1.96546059590243 1.96530415793354 2.03743342506057 2.16339893894215 2.26998276301207 2.40134712170364 2.40715475024693 2.35803654094726 2.19799717127144 1.8550138862241 1.74386814718115 1.7683056605921 1.79893769772406 1.70726957298729 1.73221270775285 1.77562220888556 1.61568374717545 1.61785686593452 1.61086303065668 1.67950869404254 1.75948974927492 1.8416837245294 1.94468753831687 2.09921790908011 2.36956448735822 2.30673753953911 2.07347284508593 2.02710425399982 1.96646566595627 1.72231042322122 1.7284537203211 1.75178185236716 1.8089926494043 1.91554813429379 1.99402309223325 2.09517268548332 2.16510786648656 2.23043857721677 2.28823435124143 2.37129952746381 2.45653772470603 2.48345401457051 2.45852258682005 2.5238650318193 2.61257956864753 2.47243439440152
1.84275344517971 1.7575318619008 1.7396639056799 1.78690701684067 1.79340843813683 1.76874689227502 1.80901032647733 1.87233847016136 1.90822111538929 1.93820034718275 1.97308918947236 2.04645756883411 2.1705432475726 2.33104898277966 2.41283436622609 2.48647593641798 2.42739684859313 2.24906817006131 1.95396885843083 1.65539785218035 1.63788324850794 1.71671165127551 1.62100840320286 1.66547434877933 1.81930718097346 1.76647333478129 1.7604873206955 1.66164964202569 1.73581684378391 1.82240008941515 1.92802180542788 2.02365845153939 2.20069037496804 2.42858678342149 2.55785316684662 2.38105378861307 2.08380956910499 1.97185158108299 1.78700260429233 1.85648035801491 1.79613514079468 1.88615474975402 1.99895430509789 2.0714597226478 2.11653044712927 2.1924817531553 2.25969692955361 2.28280433074659 2.32681638729204 2.36560564716034 2.39780384525572 2.39685745422339 2.50071450931648 2.57686075968393 2.53737517116493
1.9724068058913 1.86494616528333 1.7698425327112 1.80214726289037 1.7784677024084 1.71072909771532 1.77896668616773 1.77183910186235 1.82193436301409 1.88799422580232 1.96565477358418 2.04106575660068 2.16531205826546 2.32384402910573 2.42385776073662 2.43916758798894 2.46744068244774 2.12139877233175 1.82374880429333 1.67430209945459 1.63824716224012 1.73347345800558 1.81495387481855 1.86937425464182 1.92602147921295 1.83001322796667 1.85099114261673 1.78194322927917 1.80844928543688 1.88570736343529 1.97395134490647 2.04697080394569 2.21613907302786 2.38222053331656 2.55511750860703 2.67185403858867 2.32701105019395 1.93208015879699 1.8725685963182 1.87213394714311 1.87521384030219 1.98087597997579 2.07597259396905 2.12049441822199 2.17412670774404 2.2533274275978 2.31455159279687 2.27632392002228 2.24888222233351 2.2868848203797 2.3399015002602 2.34597951271574 2.39472163718432 2.44978191415044 2.37800044660697
1.98007973752927 1.9626329050644 2.01883452841401 1.92471714864544 1.89227694502232 1.82189977715466 1.74708730513195 1.71841265740817 1.81534178434201 1.8712563369174 1.9806662190198 2.01989042792744 2.11744179501382 2.2221290489072 2.27254248496955 2.35306793661192 2.42434495147848 2.27387793644816 1.92773823918717 1.90090891251866 1.89419050076036 2.0006768609624 2.06661492349169 2.05002429131946 1.85447265122166 1.8124989293729 1.88541015635438 1.86988375325223 1.97047038791025 2.03806689978769 2.06411150360266 2.13601174412997 2.25545485328344 2.34202675079142 2.54651722223147 2.67071074644878 2.40213931884145 1.96567103773133 1.93898393950981 1.89832479268181 1.93724399507645 2.02046106194721 2.12608314680412 2.18269609307916 2.2231343241164 2.32381327000256 2.36859903191039 2.28578424292871 2.27102412126546 2.32068006630272 2.33821762377248 2.3198615644527 2.27937678489845 2.32713277030647 2.40999311603616
1.90792739665041 1.98090969326086 2.0648787402229 2.02259135382912 2.04394401761636 2.0127790925737 1.89752328991321 1.9096027238649 1.9463995427351 1.9922256127854 1.98316224150338 1.96329760776833 2.00993739413312 2.07169695117657 2.16223782808256 2.21031072434751 2.1524559444892 2.03065021853844 1.99951955887814 2.02872294039779 2.07731191740234 2.14947738200558 2.03712222773368 1.99022899716527 1.87370650320775 1.87672042675835 1.90504822896776 1.96303548678269 2.01292791472946 2.12035692276845 2.17075694917283 2.25569802638538 2.31030433076751 2.42833908397419 2.55258828095956 2.55767370855323 2.27136186992966 2.04206174202346 2.0586590844023 2.05044566239888 2.04044592695494 2.05691355967649 2.17197773890663 2.21673650688867 2.26743443019358 2.33873829505767 2.35113113806684 2.35570180095209 2.37623278303977 2.39079238621653 2.40469045322976 2.34503188808692 2.27744316090471 2.28516005438982 2.37321844709482
1.78991283040563 1.86114269991544 1.99195962631779 1.97808287097983 2.03767914014471 2.05582609366221 2.08223340252429 1.99799520804762 1.99664773070148 1.94502993515608 1.91152749495223 1.90821068883683 1.94912562271215 1.96982916323726 1.99358467189899 1.99280884954281 1.94757887898909 1.99395993811014 1.90816741450704 1.97154531746245 2.03225771119576 2.10161680862079 2.13845841265736 2.03219381858038 1.97162703545531 1.99918516266786 1.98556114764946 1.99628795406736 2.10400000316003 2.17539126992616 2.27400256691431 2.34476786713342 2.4743149597024 2.57639815586135 2.54704636987 2.5082498799717 2.31223591248234 2.20865291466007 2.24580859529821 2.22512582471028 2.10296572097443 2.0600039634162 2.13857972798312 2.20740189850964 2.29827068281413 2.36162608696277 2.36060823303643 2.36821805580709 2.40208026485707 2.46097805854903 2.42966000676303 2.38635287787909 2.34156986157321 2.37603512272122 2.40110480661962
1.691155426885 1.82668033015394 1.92140123640439 2.0025164476672 1.98967932795192 2.05231909248466 2.03783306025531 2.04514625273328 2.00731711365274 1.98816392409316 1.9967685731358 1.95907104890397 1.9397004385843 1.92833140706429 1.94842540277269 1.97376885431551 1.96989905760939 1.91825913065594 1.98725524923705 2.01071224199687 2.02145344219861 2.19028156615135 2.2389916462869 2.16474135966405 2.11811392639584 2.04291298752351 2.08612375368049 2.0903554342897 2.16449843782449 2.27813601658581 2.35311658283313 2.42659137619689 2.48327764816423 2.53555092804405 2.53247065476187 2.4442111582036 2.35152597217405 2.30497709649683 2.274046807199 2.18127892867959 2.10212240431666 2.05749699312424 2.08400241211478 2.19113625145709 2.29120919232791 2.36047604021546 2.33920394614281 2.38157450921636 2.42914208036289 2.46253419183904 2.3337858794092 2.39513297237221 2.3839766397324 2.40970148702448 2.43996574042362
1.44799889046593 1.71548750169115 1.83933096058095 1.96733573302503 2.04201302138111 2.12786974569403 2.09542339746763 2.12470273559593 2.07555108885653 2.07206040687257 1.99939085838338 1.97176882506534 1.93751694962392 1.85587223155073 1.95660207537421 1.86007151422041 1.92796751334812 1.98813103518182 2.03167962558241 2.07269202986755 2.12869844232487 2.16640504729428 2.20225189041783 2.16239927417905 2.11200453043185 2.16368708165221 2.18137790244472 2.22214646559992 2.27078877037465 2.37118211894144 2.41092548151627 2.49289216603668 2.52470475889942 2.55467663943266 2.55526462553704 2.45553488218155 2.39592140163305 2.34377447342327 2.23348232900038 2.17324070616271 2.11775575000152 2.10679407889549 2.08249932010135 2.13886096841932 2.25844463561767 2.28971901441318 2.33431461442498 2.30797790433185 2.34197751104195 2.34943187274962 2.37179949613738 2.38084968576127 2.39526942276497 2.41755094884709 2.46819980682482
1.48126236348825 1.64312492647477 1.9003211072681 2.01533983256805 2.11285360850464 2.13783048577089 2.04365409711066 2.02467943420138 2.01541546842671 2.10127915842407 2.0576206769314 2.00495355586535 1.91649998268147 1.85563039712675 1.87692925911854 1.92036092484391 1.98264560899762 2.04217201197912 2.05327181334673 2.10402078528688 2.16215693223181 2.20857845266309 2.24265878490918 2.22149839817681 2.19331752802945 2.22816812901588 2.25658704495796 2.31005722419567 2.38356794051124 2.48120175717415 2.44991467466333 2.49040896495726 2.53527585881638 2.55849457156775 2.61998896438434 2.56741396048995 2.43342803129929 2.3547723014202 2.24493886546392 2.16916784225696 2.09186205492113 2.06402266026045 2.10650057453786 2.13511543097313 2.17158978434812 2.27508348952266 2.27891834867067 2.05693477897373 2.24885479580295 2.24800973483269 2.30717381704555 2.3459657886577 2.36510517086812 2.41113735494699 2.46905745379869
1.46819666205976 1.63417588344245 1.81949932963982 1.92029925846207 1.87088274837482 1.89132925950462 1.88584033215636 1.92749688803199 1.96731030028351 1.99256157139129 2.08522235986844 1.99707707081007 1.98691474970745 1.959625691614 1.94658761064124 1.97219844475407 2.00948079789503 2.06297130132538 2.09254777908173 2.15109894092186 2.19308568112826 2.24899686622781 2.26146715517094 2.25897852886991 2.27361159380923 2.26236187850045 2.29070607987086 2.34343913157124 2.40464249186549 2.48269489905632 2.48667413091214 2.47068045931697 2.52810668282645 2.60874638789477 2.7505938364348 2.71473870285318 2.52340241297914 2.45474915424539 2.30895120370336 2.21582607378528 2.11640501933055 2.06427476825537 2.03413417904886 2.04048158354865 2.09196127542835 2.19958129412041 2.2095650654689 1.9772058546473 2.16487661123394 2.21170448542784 2.25505438870441 2.29877788354154 2.36064034384365 2.40119634528232 2.3969958161994
1.41503007291151 1.55723711079315 1.68005857656827 1.76660532552442 1.78352301388435 1.87591427309758 1.94285211078511 1.94075833596534 1.99895381406635 2.02863919843636 2.0490879866992 2.01878459305556 2.0337758531838 2.05690611837307 1.96816931751135 2.03687656782332 2.0692353824274 2.15347681796167 2.17510831106981 2.24583434829629 2.30701265985063 2.29393365929298 2.28889922412794 2.28011690153655 2.28216414139215 2.28835367865398 2.30551096119619 2.34153877061251 2.34031271246284 2.38660832709254 2.43404883235096 2.46175413910987 2.58420969517044 2.68915263454328 2.81215838998025 2.77857602303421 2.61027147679788 2.55785691470408 2.43780808376114 2.34127950995932 2.11594038161136 2.03965841418221 1.98872487192775 1.9760901122686 2.03959393009931 2.11548063472085 2.17251349980079 1.94901584286613 2.17381816324814 2.21783313005971 2.27844976211038 2.34599578125745 2.40456328181871 2.36632149815488 2.27140781269594
1.42361095626342 1.53013851475154 1.76211344746194 1.92797532109066 1.82611168320528 1.87557822633775 1.92295844924123 1.96228851377812 1.95268494589211 1.96606190687664 2.01562062880837 2.0082974705202 2.00574628303229 1.98365864430049 1.98857450712331 2.09539040368605 2.12230178552362 2.17872737259588 2.18851803250555 2.26608035873319 2.32497633033841 2.36777958178859 2.32167659872074 2.32933594601301 2.31334022696614 2.26061957650102 2.28356589934422 2.31068452661284 2.28007012153549 2.31428534608257 2.33396404551835 2.44477636995719 2.6072170967444 2.72829086367016 2.77259638129559 2.7606852746925 2.70918679911102 2.66248664834982 2.55486757523907 2.53218640236766 2.22097565193705 1.98155731117628 1.97625435167356 1.93676048011679 1.94900389061208 2.03435956971246 2.12448662248849 2.1607982812453 2.16769219216513 2.14562015800922 2.16910669075401 2.30880952257051 2.34665537886603 2.31185054650221 2.12029479966895
1.50446606346539 1.6032631906533 1.7705397399816 1.87748540662997 1.86041236209984 1.81002816728905 1.90402830860398 1.94791902742825 1.94403397099196 1.95365973569164 1.97969854477067 1.95785966918065 1.96669514103565 1.97184937136399 1.95824857055408 2.09872578890458 2.16836558224523 2.2101141022163 2.26171749560432 2.28541181130457 2.32870274920268 2.32894175596363 2.31272080593836 2.3316819042613 2.34708314457413 2.26119379745446 2.25924932010058 2.27731600228981 2.24974348690898 2.26674553370453 2.36425644922492 2.48786986782793 2.62063814807282 2.72282427077224 2.74925438317394 2.76627375634502 2.73443753286659 2.6095148946234 2.46126523956187 2.41195487530052 2.24303036935941 2.04393839498068 1.97939902648848 1.95795707473279 1.96257041898295 1.95436181165717 2.03687239165683 2.15421191929001 2.12517997115656 2.09666828782894 2.16879744868773 2.20506939242827 2.1430544382855 2.1113403740569 1.86964208603963
1.53452555890376 1.66296244896826 1.73215537811468 1.84501590706208 1.85745488511351 1.83304308433143 1.81191507569367 1.86014851567353 1.93994449669301 1.88290100002127 1.88136973939499 1.90855229655754 1.93621029661075 2.00353079142766 2.04584062929307 2.07761861177943 2.16552937120652 2.2294542152455 2.26481472683862 2.3421042280699 2.3280478620593 2.21674916586812 2.2156284822956 2.27730632540229 2.30060912694755 2.29739545387055 2.26357585206363 2.18363977252135 2.18902047853018 2.24305205840682 2.34726312295504 2.55052736151284 2.68039506715232 2.7149704333663 2.75250963293951 2.76788508905409 2.74955366047086 2.55393972145083 2.32400294652305 2.1667891668585 2.15955047336996 2.06911450803998 2.03581969536626 2.00173215266623 1.9838600209555 1.96363796197258 2.01157396125043 2.05332134058862 2.09517209747765 2.15785351689817 2.18366209559419 2.06757049386734 1.94911020384336 2.05343690173448 2.0764803103485
1.52661548219423 1.59512630832265 1.68072184521286 1.75476651356608 1.87493333451803 1.89680072056283 1.87053267997272 1.85761387617839 1.87725401573748 1.86713354748912 1.90494818268554 1.93727684278232 1.94985811024366 2.00980091096267 2.0499302442622 2.0378003675604 2.13373534767846 2.21784392534483 2.28999701951456 2.27575141167433 2.24271937898243 2.23680878219762 2.18021126183963 2.16609841866485 2.18761314314003 2.14920101061286 2.12582784697379 2.09147704125751 2.06538875566938 2.15098033687845 2.30108869435967 2.57882996178146 2.73377058296061 2.77319963076359 2.78131069473737 2.78301107598992 2.7484223200171 2.49263690687044 2.24642859322094 2.12836815136089 2.05853349109388 2.07762896301934 2.08054487450521 2.03855192567179 2.00420352109684 1.99843256223327 2.03655699420195 2.01283282192437 2.08577219570712 2.22110412997703 2.07741613851914 1.84698927997618 1.94692953730691 1.8786576459542 2.17490160289376
1.4988498843549 1.58500813974128 1.57845019494316 1.692085847227 1.8612547268222 1.96315977521412 1.90694596698755 1.92383341884952 1.91460461979287 1.92099539697792 1.95896550127099 1.9589094161229 1.97408083790628 1.96907057199484 2.05024219070395 2.0215328346039 2.077536473197 2.14334824209604 2.19733350649492 2.25872791135225 2.20239623189878 2.1633643397748 2.05913949808112 2.09528980611507 2.18061509652235 2.18895075275129 2.09740140155081 2.09119746781446 2.059164476803 2.1250251860405 2.2354614151757 2.48977514212792 2.66715703450499 2.75462270981102 2.78816913244221 2.84454643236457 2.84704562472285 2.60881237799399 2.27904739997826 2.07233220152399 2.16742691062657 2.21663451180539 2.10733880138245 2.07511395853964 2.06474157313786 2.05891632053151 2.07429938746697 2.08038558921782 2.07496685919656 2.22085227506287 1.99758925404815 1.83256805908028 2.00544127816407 2.1357742080903 2.03628454409781
1.4569488529317 1.50126500108371 1.58153496089712 1.71198276054834 1.81945826655349 1.86148177318172 1.91626376731871 1.93744770128034 1.98914496839633 1.9525598444528 2.06856007213924 2.07543042538988 1.9645428783874 1.93838997805673 1.93840456269006 2.00757299950489 2.11181135081465 2.15047933479332 2.15263522726864 2.158994070892 2.18557960246079 2.15609660604321 2.08140844601603 2.04898289527125 2.21295806783378 2.24549794409091 2.11713656467738 2.02985635574592 2.08022175528216 2.16586152960767 2.3290861054945 2.47259341303211 2.61512479578102 2.66763372449575 2.82263238685672 2.92195186938882 2.87179885262613 2.73453620982787 2.40433423233087 2.17149301408497 2.15267003404416 2.27670478405893 2.14293636653875 2.11762655668013 2.12104537303619 2.11962678268048 2.15389458276588 2.18040131617572 2.19634293940211 2.13551451249909 2.00354675703298 1.89340851055911 1.97921318209111 2.22590145890943 2.06423665882882
1.40908580645418 1.4975405905263 1.48018841045542 1.5704708404962 1.66748195406862 1.78575430568697 1.85535810670694 1.90088987390683 1.95502904329335 1.98520231577554 2.04946174390945 2.03353348209637 1.987020798464 1.9733651984912 1.99860836538765 2.03874350316335 2.10905865316907 2.14755443421722 2.17788317819367 2.20659042794752 2.22085018790369 2.22218382692383 2.14781636986865 2.14632558456422 2.19223983344752 2.30471129730129 2.22681536048126 2.1584972802488 2.05384208656535 2.21306177099266 2.34997298051556 2.47409329640567 2.59141012326604 2.6692076051797 2.78023437578349 2.84236566252793 2.87640054922961 2.76828802519292 2.67564265927485 2.57750379051846 2.43412763126394 2.33276527872412 2.10829917886346 2.09485614301227 2.16683818565525 2.18031998693112 2.21105805969837 2.23792546377932 2.2546820378604 2.1903691926656 2.02058449999294 1.90930477055127 1.97852096896506 2.24697505299576 2.08142943045295
1.42014854561118 1.47468758412656 1.54632728109438 1.63997077093792 1.62386564978368 1.63655457722433 1.7207868599505 1.79985922930039 1.8085673541844 1.90458528110655 1.92670491186929 1.97071930338982 2.00962005174633 2.00232616636362 2.04604956656088 2.07304524189815 2.09278589432792 2.16015640033035 2.1822834896998 2.25136538060901 2.27563811604939 2.28995815712723 2.19221009901072 2.15798101626435 2.17248032075447 2.16798815124939 2.09742558622006 2.1679200908224 2.22586084287689 2.32610810130919 2.38232426520141 2.48903392129344 2.5890492334469 2.59676288488805 2.8195749865578 2.80795226226721 2.75721816700674 2.7405105764504 2.68444093607702 2.49152304940305 2.42695164110889 2.36915678692326 2.19662503151563 2.10477728729461 2.22315825502959 2.22992809419064 2.29665656793695 2.2881549432916 2.28167272691217 2.2322045465624 2.0153633646141 1.9848075939304 2.19081722994776 2.30758103700806 2.2979300055224
1.48675827261666 1.49544721002322 1.57559503603876 1.66777789842471 1.71594708592916 1.67167282413353 1.68877086015732 1.72569956419326 1.79000323898529 1.79007604040293 1.78670824744348 1.86975831706322 1.91635747273472 1.9870304983092 2.06560914733545 2.08067373352829 2.08205330023799 2.12816907795264 2.19409241080036 2.2524495437111 2.34185414549223 2.32475509697075 2.3117539768216 2.15125574359675 2.06600535803675 2.04957019235886 2.03587016500569 2.12950967734029 2.22271234508754 2.33856480752468 2.36378814768181 2.48176628545645 2.49443770607641 2.53594094429135 2.63620975566921 2.67801664035792 2.78642000470838 2.74806030233517 2.63598140873754 2.49784518729828 2.28555728505846 2.37349894838353 2.29579383420815 2.40377982807298 2.40978408608294 2.3522146366103 2.33372492305712 2.32497447172603 2.21169290103567 2.17161203768079 1.93438895424965 1.8599361551059 2.29991668271045 2.41979440251339 2.44049445815429
