PCA_vs/Initial/pc_1.asc
NCOLS 197 
NROWS 210 
XLLCORNER 56.1666666666667 
YLLCORNER 4.5 
CELLSIZE 0.166666666666667 
NODATA_value -9999 
[rows 25 to 49 of 210, columns 55 to 109 of 197]
-9999 -9999 -9999 -9999 -4.9628266177563 -4.63373512756642 -4.8772801734832 -5.41615425569036 -5.50585248319249 -5.23203385997228 -4.98032055229968 -5.0589599407247 -4.9737662098949 -3.97680533141741 -3.88539551950605 -3.35109012283719 -3.44129779457767 -3.71299384580602 -4.61582352572288 -4.72394811779187 -5.12364646563658 -4.54247871051507 -3.82303952646326 -3.04286745788104 -2.952751818128 -3.51014083308679 -4.02724142165716 -4.84075760126013 -3.87474846956939 -2.99146096563071 -3.56752795770423 -4.60074104889244 -3.79700448012265 -3.45830821790893 -3.94888414244317 -3.4028186871535 -2.44026022254115 -2.2527737358854 -3.36912925238727 -2.46881390387152 -3.02160985561901 -4.22776502923123 -4.04197859725289 -3.27273191738931 -4.89469594812186 -4.25273501163703 -3.21836879014186 -2.70323469821749 -4.47387240099664 -5.21738957546157 -5.23077547934593 -5.11624811425412 -4.53220392909646 -4.69295776383983 -6.0221414513871
-9999 -9999 -9999 -9999 -5.55051064036085 -4.82588866942885 -4.84215605024396 -5.37252056926191 -5.44993680879559 -5.4951290316412 -5.26337449170185 -5.41111709635751 -5.04187730238759 -4.51291048261121 -4.49762845690574 -4.44796861635482 -4.32527930543058 -4.98627079119282 -4.87992374961765 -4.72768537496002 -3.83742112903785 -3.27007860051273 -2.86784339312312 -2.1095196697894 -2.34117267467577 -3.05459593048037 -3.94008828460759 -3.84275593930173 -3.76165916238344 -2.78166174662573 -2.5463771416739 -3.13780923691887 -2.74516356954826 -2.50958359488647 -3.64544501108927 -2.22885342981208 -2.01440979913756 -2.67519328950599 -2.11934843172279 -1.96957405777565 -1.98376479923737 -2.8235698151117 -2.16389501523989 -2.72467780789517 -3.71495380273954 -1.70670361590578 -2.05682188726089 -4.01752745792851 -4.96924328562538 -5.43003101479405 -5.33618635629791 -5.51439659276791 -5.7034920802511 -5.89382801819814 -6.36447788949569
-9999 -9999 -9999 -9999 -5.37814434674776 -5.52753731635767 -5.43329450782163 -4.93231520760203 -5.47998700777332 -5.62320905824394 -5.43330734845097 -5.27578502136185 -5.21176145985258 -4.92435741372203 -4.96361863299813 -4.65591327097413 -4.35619384007936 -4.44399823517916 -4.13838469039396 -3.69252021487545 -3.48290564298821 -3.62065238975859 -2.858024637363 -2.07755913446665 -2.15757777056917 -2.0840335357374 -2.60256829934924 -3.4164963937347 -2.250061831355 -2.56057711765936 -1.79245422557552 -2.99262305924755 -2.56054676234074 -2.03402467370531 -1.90487386963869 -1.73023273945534 -1.90850571905977 -1.60380607015435 -1.51657532065533 -1.54593343323835 -1.81228146735558 -1.70879189648525 -0.980869096163809 -1.55114266797436 -1.42355134465415 -1.20181344801744 -2.51404864167355 -4.08581531294544 -4.86046511186145 -4.64699775378912 -4.69054623702168 -5.24370944832682 -5.31332003578346 -4.94029104395924 -5.00976111587592
-9999 -9999 -9999 -9999 -5.37724064760504 -5.22085529987146 -5.38219209706504 -5.6774530689804 -5.0924740011965 -5.11203229437927 -5.08658022325054 -5.21944285636676 -5.30585972403247 -5.13288587001933 -4.81042120417436 -4.57633769985229 -4.84570400718845 -4.8539470417309 -4.44097097567542 -4.21324176200239 -4.22526194046358 -4.35513730832824 -2.63989208115505 -2.44613733771277 -2.81952158367697 -2.15373783754527 -2.16760744527314 -2.50874170873709 -1.70104358724237 -1.57377174901947 -2.03339785865699 -2.7958659288117 -2.53579229636922 -1.81401855345092 -1.59612364324993 -1.78321493944117 -1.41272111230341 -1.31935730382884 -1.2490290276073 -1.4533634313077 -1.31378128784453 -1.23552805283654 -1.0224656332746 -1.47826761750898 -0.842139844263422 -0.812096205487136 -1.52538814333347 -2.85871021642775 -3.51428788999194 -3.10305029151317 -5.04352166371518 -4.42071112428685 -3.79147263225929 -3.77130520544451 -3.89121608024247
-9999 -9999 -9999 -9999 -5.02157227012715 -5.15753023786214 -5.2758055562013 -5.44769771114341 -5.54432097086535 -5.35232987841098 -5.53961055698653 -5.4902684501625 -5.34841357692964 -5.44030879048433 -5.30615532729064 -5.38557665775877 -5.03217804486583 -4.74652142939645 -4.85518870827188 -4.76992864205998 -4.45774012894534 -3.86640699089678 -2.84051442603696 -2.62847391193961 -2.82778073986332 -2.30119067528694 -1.82270509154945 -1.67047752413615 -1.27852170842697 -1.19845830705796 -1.43818265273079 -1.35430835236307 -1.52556689810189 -1.54677194227465 -1.71849257630677 -1.39879809166994 -1.30228258828204 -1.36176571359806 -1.2021415675969 -1.02012764465281 -0.784919645604347 -0.900422963910186 -0.782217053472019 -0.712201764277738 -0.587627222483107 -1.16015913666526 -0.736003290274943 -1.15313584227752 -1.62593223878427 -2.96209495650696 -3.56206246756941 -2.95448926571892 -3.25726561589885 -2.70865283067818 -3.16989849741717
-9999 -9999 -9999 -9999 -5.31634866065738 -5.34607922585401 -5.45666466031206 -5.3940629382623 -5.41736855483954 -5.43962692942132 -5.2681558471168 -5.39522423917722 -5.16600286932819 -5.00089972317669 -4.72764295689327 -4.64195386329566 -4.78369834557066 -4.67605524012323 -4.66625438243764 -4.23842525475932 -3.76116164062292 -3.66155139190643 -3.17207760463583 -3.17049138602294 -3.20982200730011 -3.03476338736913 -2.55208761580765 -2.18557201091703 -1.74246500580675 -1.49883224490252 -1.10409327358665 -1.03396037394219 -1.29678670381873 -1.39428368851908 -1.44185270505261 -1.32462177527225 -1.28005543586506 -1.21831202816716 -0.981012402157125 -0.602066993276485 -0.555318180505706 -0.659815178466318 -0.603263128763271 -0.462852445379908 -0.407050947419934 -0.435295000211357 -0.174423505689055 0.0530956500245358 -0.257519618615979 -1.36923785447186 -2.12107301415294 -3.1835935299642 -2.85208590584669 -2.01241253975968 -2.43293873940495
-9999 -9999 -9999 -5.20282773642843 -5.09964797806299 -5.02059390035139 -5.20731028493848 -5.25324139852152 -5.34168692706429 -5.19261584159428 -5.33725976081913 -5.08833744234261 -4.95681152738891 -5.20725150421908 -5.14530621367579 -4.79323106913435 -4.59903230352345 -4.3374032468992 -4.33984603471821 -4.21805401912882 -3.98688573486566 -3.7439427516805 -3.37501071520201 -3.48286637190275 -3.80596771095271 -3.69986163100406 -2.97971423751141 -2.48118536255237 -1.8755041311111 -1.64032572050859 -1.48788745397414 -1.36706490768457 -1.23055331149919 -1.21354262682838 -1.25112748211853 -1.24818229246885 -1.16962926645915 -1.01343406024928 -0.736991440255981 -0.673910693384656 -0.605504363534701 -0.531224063090641 -0.512688361772456 -0.443271848261193 -0.415221974735693 -0.165160248324972 -0.0132897402270139 -0.406779433103965 -0.679558337218872 -0.85067154201096 -1.89465775735154 -2.70774401836822 -3.66741775425949 -2.53878856191421 -1.98657254391251
-9999 -9999 -9999 -5.15013752730907 -5.09717409117026 -4.81460604503843 -4.90986299566297 -5.08745402524039 -5.37866548146519 -5.42851379678207 -5.09003967450234 -4.90915228003121 -5.21712427414862 -5.19030334835862 -5.13281805942331 -4.8256386728453 -4.57927177153162 -4.55729210712802 -4.19547301048758 -3.92943789829262 -3.72344864334494 -3.60313836066055 -3.48107903330328 -3.62985668809285 -4.18674778041003 -3.8282846647693 -3.76546554389486 -4.14407548680496 -3.60105819385864 -2.62586208850354 -2.12400103168841 -1.80825825719663 -1.60773474746452 -1.61595774710577 -1.56244576411606 -1.46885143159951 -1.01822978167333 -0.95880616005616 -0.735124011141719 -0.692540402952554 -0.638488183084883 -0.584155553718857 -0.468656045585934 -0.364077412226788 -0.271545746518855 -0.162161635528838 -0.0480843091167138 -0.416235191041661 -0.968407504129124 -1.04837935806089 -1.73310821319913 -2.42251073591739 -2.53775580908938 -3.18336261155277 -2.68650601957879
-9999 -9999 -9999 -4.93999596176589 -4.94055262864533 -4.61268509088838 -5.24010005016742 -5.21821329145616 -5.30783690232933 -5.14892420254322 -4.76989667201187 -4.98326225983942 -5.28858063459242 -5.29353627327477 -5.30275639229942 -4.95293419483215 -4.87686693696723 -4.71416760160675 -4.33833586798208 -4.08954841495627 -3.83797370581739 -3.51044638579997 -3.6048298058936 -3.85573836816 -4.14549676599085 -3.63721908932234 -3.35798105569304 -2.75877569241917 -2.50088228937752 -3.04178414519909 -3.40350495993826 -3.01584600449967 -2.4269656740539 -1.95594152929832 -1.7387551473704 -1.5420908632498 -1.16505997120163 -1.08359488317637 -0.778859442664563 -0.870773332858676 -0.803627982006562 -0.604165542736167 -0.459479077560233 -0.376873673988783 -0.305579826751036 -0.164620976946108 -0.194170820929665 -0.428707456087292 -0.918244645912475 -0.605522271052418 -1.45086615394585 -2.33512133296141 -2.49029945589573 -2.99154418754134 -4.49794568514674
-9999 -9999 -9999 -5.04071836700645 -4.64480438963704 -4.25516209324958 -4.89259900115122 -4.49561130525653 -4.20199841362322 -4.53693465386283 -5.19088784883374 -5.47278589291806 -5.20572713790973 -5.47976900499091 -5.13466172179026 -4.97542891197723 -4.88845299185668 -4.26118459307553 -3.96127605265469 -3.9965795616516 -4.0836061583592 -3.80229073901506 -4.01245480338215 -3.97946045935986 -3.74413059560154 -3.59188641782864 -2.98496053393071 -2.54880142893533 -2.03113251613602 -1.8349125242765 -1.99490679226629 -2.37377277492413 -2.18641283954525 -2.06497178028878 -1.76989264784546 -1.60014882649842 -1.09988747831393 -0.845851629593736 -1.05987422164464 -0.890881930217269 -0.644873512031433 -0.589863844870511 -0.502994220791475 -0.359527543464963 -0.233406675791936 -0.15757684668832 -0.0953269506800624 0.0381941667958681 -0.435912923594783 -0.553117950936784 -1.43188323385868 -1.52767955985929 -1.5420509051557 -2.0131024415125 -3.94432348195706
-9999 -9999 -9999 -4.90216392700948 -4.13759405640132 -3.71280499036183 -3.93514686663059 -4.10982760360614 -4.89216250233263 -5.41480499061328 -5.37423219276257 -5.01410729985153 -5.2409805074391 -5.51560064085674 -5.01001421993031 -4.91162303949514 -4.63881274494166 -4.18452990960462 -3.63139168006533 -3.77678402152094 -3.88781999014011 -3.93253916728236 -3.71767106805668 -3.64473633977846 -3.83042147757403 -3.81141839425032 -2.98822220950114 -2.22272160318855 -1.89412187305355 -1.32486218314228 -1.39056844825855 -1.57918392631547 -1.36403471019678 -1.27924816585312 -0.952084950584378 -0.786347276875475 -0.617654753644153 -0.709358891050415 -0.726713487402506 -0.55066768453444 -0.533008920179768 -0.573238133895861 -0.514594322250604 -0.375762446037519 -0.200822969805284 -0.0362685371372947 0.135622620802309 0.147267825542201 0.0552070537416822 0.0782869385104037 -0.278713056262047 -0.509213911170546 -1.00170843288906 -1.66742133786729 -2.67849938508914
-9999 -9999 -9999 -9999 -3.94264187794114 -3.30145851645725 -3.9718046123967 -4.32564613189706 -4.72417479084317 -5.11608534451289 -4.98385004210776 -5.16284797868169 -5.06909024739829 -5.26084400067736 -5.07167137416209 -5.08830158559262 -4.49446107769938 -3.82579410710354 -3.47227501586583 -3.4219449798983 -3.58660916212243 -3.50862473787603 -3.51689457034357 -3.96764388285826 -3.57734731413831 -3.37524612768624 -2.48342491230651 -1.97416083531894 -1.68529431850517 -1.28706054092236 -1.10354593332296 -0.997279577643293 -0.9054277939657 -0.844381264204255 -0.733509025731265 -0.519099790373538 -0.400690121268831 -0.441680075637424 -0.463843746405338 -0.445710303168104 -0.463804610118505 -0.473196693699466 -0.420621592564985 -0.347293475923659 -0.231385721760967 -0.023927723854876 0.0777651517551999 0.0936061322349422 0.15153005103324 0.298174868400273 0.289353889362768 -0.0126538166943735 -0.713981892805581 -1.0952605051816 -1.59439436784922
-9999 -9999 -9999 -9999 -3.2538133187626 -3.70611641027343 -4.42201642886764 -5.08104060397834 -4.97581315236237 -4.89733906376004 -5.10876252992475 -5.16637047248621 -4.86915729507002 -4.87242688564343 -4.78387874296492 -4.32282717447026 -3.85988825833883 -3.60815140074211 -3.46453372928984 -3.51138185567092 -3.47096204199013 -3.46584161865141 -3.82632453958921 -4.04777442375051 -3.53223372900988 -2.92019335345482 -2.21244378897775 -2.00722270285811 -1.56204421560649 -1.19688823782921 -0.941250074578456 -0.773142882680588 -0.798278138270164 -0.641928718671407 -0.540970659477664 -0.48702798437323 -0.479959402847149 -0.467133266388678 -0.386041433855471 -0.454791540722251 -0.426383103854119 -0.394748491212725 -0.378295950863379 -0.303872306652325 -0.16244123646555 -0.0926879611495987 -0.0162625286995987 0.0590548485564633 0.202559088288849 0.34422646027584 0.485537365652318 0.15971993089467 -0.223925007258034 -0.253399740621001 -0.379922846087308
-9999 -9999 -9999 -9999 -3.56453205653232 -4.13414402560659 -4.57276963122611 -4.65671645143039 -4.44772064770878 -4.99209315239605 -4.97825414958515 -4.8776242552315 -4.52354941371428 -4.56297269617447 -4.35248781752168 -4.19137782681796 -3.86585585013735 -3.76208959847284 -3.71776381706037 -3.82894886068344 -3.53112553817744 -3.61813166154829 -3.89726997838712 -3.86641045068808 -3.5867481206677 -3.20622937151674 -2.74961485125066 -1.99665096813021 -1.54524254727551 -0.828379584505136 -0.673261169347497 -0.538046888716169 -0.500261023817524 -0.438237421381291 -0.454858879639881 -0.664593825438283 -0.67064350304029 -0.462472636192337 -0.299255655750062 -0.319826943834236 -0.350268055508966 -0.372923538703963 -0.341136336295518 -0.315765325335532 -0.245561270250305 -0.19025408035591 -0.0909316370883845 0.0461131777425806 0.154386033396178 0.378371644661567 0.526747196774597 0.564063417159545 0.252726539993196 0.258818072894056 0.388477704677533
-9999 -9999 -9999 -9999 -3.23632929739931 -3.67326351845005 -4.00245275850617 -4.02021915316717 -4.42610040524269 -5.1326816200946 -4.67317872531104 -4.26393057857774 -4.44344839640982 -4.51723147679601 -4.27872295296336 -4.02664417033659 -3.88588216797606 -3.88441387532299 -3.68904435071115 -3.52749874705984 -3.67130644556055 -3.84535674059553 -3.74240257495084 -3.48055271895752 -2.9949262068215 -2.6304287106133 -2.21692442487006 -1.98767543627734 -1.43865158765394 -0.696604658189904 -0.58981348358546 -0.407080642967456 -0.360915172241124 -0.397166384588449 -0.487236243912217 -0.354507756300493 -0.259201134980931 -0.281924704834178 -0.326104017340568 -0.33932805982237 -0.373802150287953 -0.415086918447546 -0.396868554835272 -0.376184130436738 -0.379651867323618 -0.272041992482862 -0.120156025544521 -0.0243754940563401 0.177788684925619 0.354306650578877 0.487863970910482 0.585730865033669 0.632111826439411 0.614822938328628 0.770730649625994
-9999 -9999 -9999 -9999 -2.78410473337233 -3.18580597512495 -3.99980063441307 -4.64451218631099 -4.74631771725641 -4.80901344631892 -4.3382428513486 -3.9929370207957 -4.16858631466102 -4.01776310764934 -3.92136013943751 -3.90689093189573 -3.78990999121142 -3.70403101602193 -3.66214620357117 -3.69651756386391 -3.90051834146978 -3.60913465532486 -3.66411200680631 -3.23757616940833 -3.37239103454913 -3.1881477564148 -3.24594771995978 -2.47403623625713 -1.3866739997125 -0.901426353852213 -0.602482864508228 -0.355059174382753 -0.342732966450951 -0.332115657045012 -0.375282405827677 -0.273892551244763 -0.247378561929869 -0.279887465304385 -0.421635231068049 -0.367247291024175 -0.42436886102118 -0.493308402509539 -0.515002065559247 -0.532408379826802 -0.508618690841669 -0.432947435220986 -0.294617359920096 -0.0826827499040145 0.138905289848193 0.29672344285117 0.389824678524682 0.490913617989885 0.557361019541119 0.664390241703845 0.796202176891357
-9999 -9999 -9999 -9999 -9999 -3.77294742355973 -4.69791999946901 -4.01694486346619 -3.78978928704891 -3.70327730892894 -3.56872996674837 -3.93583217852115 -3.73220350865406 -3.80789958317441 -3.84092283812345 -3.73470746124243 -3.64815274499658 -3.58177156409929 -3.6323815954018 -3.7155872655825 -3.46241694195344 -3.26681186732998 -3.44370885598459 -3.26771106227434 -3.61393222887455 -3.47645684117844 -2.98467353389934 -2.3059328334952 -1.42317866680486 -1.16144869621288 -0.63192673969676 -0.383313164053856 -0.377298527964466 -0.348701852475714 -0.33801186895745 -0.287368080430017 -0.24896823083215 -0.227886491929065 -0.297783805996942 -0.555094761951185 -0.659675364987301 -0.681251354069832 -0.495943345884193 -0.331447724745628 -0.213503994740938 -0.166735830728763 -0.0226242687328596 -0.00460730765922782 0.100782166532028 0.195207098769679 0.289917601517456 0.340528305015857 0.41365783267654 0.50263444979804 0.617463651280694
-9999 -9999 -9999 -9999 -9999 -3.8203728472668 -3.80044257957984 -3.26558963604347 -3.14630568717219 -3.20708081627054 -3.64208315554855 -3.39959949822597 -3.58447082781253 -3.89334616937514 -3.70480138892876 -3.56952247021874 -3.57072528680577 -3.67399319987353 -3.66819327533716 -3.61146520338545 -3.54184868359045 -2.9887023661114 -3.08267172600621 -3.29395744429021 -3.10926202194085 -2.73186342702909 -2.45568117356114 -1.83371529045817 -0.947787924228463 -0.647385303870768 -0.437251019545603 -0.349879563981413 -0.431707917319239 -0.486133429567239 -0.522965957433315 -0.391600231341073 -0.254390334694461 -0.260597351617516 -0.265711908112647 -0.334368989788497 -0.476660327052087 -0.293561389990071 -0.183040438507741 -0.1389287639208 -0.140657178498168 -0.127041799787015 -0.061057029856655 0.00349651784396554 0.0391250093302454 0.122398986245063 0.188017794018255 0.215658303165117 0.246071479657181 0.30653646005592 0.327185409245137
-9999 -9999 -9999 -9999 -9999 -2.6768472682242 -2.73286360098891 -2.68040244270524 -2.89862864223841 -3.00873236603213 -3.02269003611653 -3.24784989173957 -3.54560398485285 -3.47192864572202 -3.5152078019667 -3.65368678501762 -3.75870391900782 -3.72831170871295 -3.70646435972334 -3.88866744870088 -3.68912875844741 -3.22771960214167 -2.58241819744453 -2.67064159646478 -2.38850291322109 -2.00036337473872 -1.94596916079851 -1.20145753387129 -0.793324816165333 -0.523626938592461 -0.367301927410678 -0.344342600134692 -0.411419746371297 -0.448334901419158 -0.438952785531966 -0.293408202329401 -0.299358903615758 -0.299263611601375 -0.260111188010842 -0.262377017176141 -0.240280883739855 -0.203184994391157 -0.142269478799074 -0.122930644618734 -0.146589452830756 -0.12944967559241 -0.0848582576002491 -0.0365156650351937 -0.033196843790545 0.0362478018810699 0.0685449378655268 0.129836032269949 0.173891038204035 0.216577479435068 0.265075467408965
-9999 -9999 -9999 -9999 -9999 -2.24095794966368 -2.57088262119931 -2.71167094081987 -2.6681218199675 -2.73906271405833 -2.9866373161602 -3.39694992378025 -3.31895820012197 -3.42531781011641 -3.59498913034268 -3.77135281296877 -3.73716117163521 -3.58532924982567 -3.71777244883194 -3.52414418600553 -3.38132595084712 -3.33796776595061 -2.44984451042445 -2.14692361572733 -1.93609898013939 -1.68661580756216 -1.05494002226877 -0.954258771249101 -0.664069162965603 -0.422436003421342 -0.366170763741125 -0.350275150278201 -0.367119856152741 -0.36063310125312 -0.342745623181615 -0.354171037136018 -0.335878478742675 -0.301732517452733 -0.275628833087586 -0.251916760097462 -0.225800002606237 -0.188472811048345 -0.158588529779104 -0.154454869186547 -0.130156042821292 -0.134581566620057 -0.119807654438618 -0.0600701230264887 -0.0731532035565752 -0.0495324825551717 -0.00629261416253914 0.0838071213390482 0.160371300536868 0.210412357878276 0.240385118045691
-9999 -9999 -9999 -9999 -9999 -2.11050354995174 -2.22817876318192 -2.24931253725211 -2.45572979149882 -2.67876178474728 -3.1202109285175 -3.23706415105449 -3.31347766073794 -3.29849605145681 -3.50632162559996 -3.55420261794594 -3.45949354011304 -3.50548383922053 -3.38978811992135 -3.34228576145 -3.10877120974453 -3.14866425635486 -2.65355133163333 -1.97361288052416 -1.71967479630313 -1.72648941260428 -1.1596246295649 -1.39341920639762 -0.746860680574124 -0.456969361101855 -0.389862951791141 -0.385439389621248 -0.365499780473454 -0.364373841501707 -0.383443411008075 -0.34393422390212 -0.327058497738352 -0.304674532905447 -0.306950978111796 -0.300144214593476 -0.263145695155893 -0.210421485876482 -0.182131171404903 -0.157715649309636 -0.161078665647826 -0.154852548414619 -0.137289488172269 -0.0879425088996478 -0.0457139617965258 -0.0868516317297338 -0.0134495300682765 0.0649442621342675 0.137478197874013 0.213710809071884 0.247721246030043
-9999 -9999 -9999 -9999 -9999 -1.76127366399444 -2.03783124919427 -2.19540824075948 -2.21986584598258 -2.71304020992187 -3.21490965117635 -3.16970512255551 -3.00216137442649 -3.25107629159638 -3.23467212235026 -3.22895654994593 -3.31377828308312 -3.26496580285338 -3.20373432970351 -3.09718111523228 -2.93564601749416 -2.82905755528254 -2.53105615259461 -2.45773623464032 -1.81384512204086 -1.33789496069989 -1.51728804438283 -1.68082665743409 -0.801926030866875 -0.440497963334816 -0.398463692904258 -0.378402255399031 -0.368780650681283 -0.364617674209771 -0.329859776922232 -0.347067589657143 -0.33572123755755 -0.330329586052735 -0.307026886109739 -0.296679163401045 -0.281336840546474 -0.200106535883573 -0.17535472325889 -0.165094686200561 -0.146280329949714 -0.152000314339455 -0.146120870633444 -0.146749890636547 -0.105178685693065 -0.0927748985327623 -0.0325182948845693 0.0442223583882142 0.163635913652329 0.244999214136206 0.272786286975641
-9999 -9999 -9999 -9999 -9999 -9999 -1.804568865498 -1.9747306618206 -2.21623484229014 -2.59744048919664 -2.77254589889031 -2.8730545083303 -2.95185860794859 -3.03856093305445 -3.05202308442277 -2.99867420123956 -3.13521621826623 -3.1056348066239 -3.05929272973727 -2.94001350160273 -2.78299989256872 -2.61835704200084 -2.56287598522617 -2.29707075683943 -1.96577680827361 -1.38808777513217 -1.97658307180924 -2.01779851173185 -1.01597379712165 -0.625800605163263 -0.406774769918325 -0.371723552306738 -0.364205869508159 -0.36889452040717 -0.356158093283503 -0.328343125502453 -0.356257387163737 -0.332817434900006 -0.32342948778242 -0.31163752010733 -0.256843273685385 -0.224216647193868 -0.172137141836914 -0.143262162901555 -0.11601099748814 -0.1177253217542 -0.102765467536479 -0.0918309168213973 -0.100700512211075 -0.0521075689426358 -0.0491602090132159 0.0527721482690377 0.160795583457555 0.285615811167665 0.32581575616837
-9999 -9999 -9999 -9999 -9999 -9999 -1.83279031800844 -1.91552628176315 -2.33968660247726 -2.6315851425524 -2.68399910446253 -2.76137619603928 -2.92154990658698 -3.0393512129028 -3.10893058357039 -3.17966839418736 -3.11661404286666 -3.11840106241248 -2.94343324066832 -2.86456028667325 -2.80162160796871 -2.76001646432798 -2.61712671550823 -2.13622016805388 -1.33526540955341 -1.58170221957496 -1.85695743007131 -1.84950389482623 -1.24839384646363 -0.617430774628522 -0.42308305888351 -0.367238543969281 -0.358012036035016 -0.356174815889311 -0.345037044821732 -0.320971611396248 -0.321702203283215 -0.335102964584811 -0.30065599937949 -0.30032129675785 -0.256106330073484 -0.22232982594484 -0.169193359022958 -0.10922779169252 -0.0741330399182625 -0.0422417209225452 -0.0259658178593409 -0.0996294384015965 -0.0891987231826068 -0.0436812832801593 -0.0500501389005232 0.0312811648599233 0.120147984213773 0.212337620964004 0.258921773513257
-9999 -9999 -9999 -9999 -9999 -9999 -1.67277017735313 -1.85234151900325 -2.52723906923038 -2.64261210235863 -2.68811360193779 -2.78393100668839 -2.88866827259405 -2.94834097191947 -3.10200820794909 -3.13636252836063 -3.02985771840677 -3.00165827629426 -3.04738604919602 -2.97448625361168 -2.89165716340739 -2.62884181910976 -2.29493883615634 -1.51712711034189 -1.55434684282358 -1.74092493669767 -1.71815167168933 -1.63160656255372 -1.37206398378227 -0.679432860093529 -0.452309613085324 -0.381319849331897 -0.375373554036762 -0.339998849700798 -0.353092055004492 -0.351794926190743 -0.305549224082089 -0.335573662333796 -0.318054984298914 -0.283842522756434 -0.286219152968347 -0.210159123513807 -0.167748047509849 -0.0939958393255825 -0.0275684916890189 0.0324704526318629 0.019633472134897 -0.038413439502185 -0.0319256583063107 -0.00888028498456521 0.0108178276349448 0.00443714031714384 0.0552019855253311 0.0949135884456558 0.167306709482635
