PCA_vs/Initial/pc_2.asc
NCOLS 197 
NROWS 210 
XLLCORNER 56.1666666666667 
YLLCORNER 4.5 
CELLSIZE 0.166666666666667 
NODATA_value -9999 
[rows 48 to 71 of 210, columns 108 to 161 of 197]
-1.26316859426475 -1.09121106030028 -1.07642769520831 -1.00618742935647 -0.997718997778202 -0.885056773103884 -0.959050694559223 -0.804460386380753 -0.449144253474061 -0.328348575249978 -0.010714241103419 0.510743980863057 0.838958881849119 1.37170286297737 1.83923366798708 2.36556339243469 3.56037187119611 4.50156235447965 4.34066226409284 4.15719139027074 3.97713987243689 4.61417081273044 4.68361243241418 4.44644692030387 4.19292994104656 4.01454886760716 3.89813838664406 3.62089678416226 3.53239306787062 3.29415568952749 3.13281555857196 2.99789178498476 2.96294971254705 2.86664601688859 2.68602623913906 2.43686323059803 2.57536122316131 2.35457771016996 2.26167147861969 2.43360754670059 2.48892888375031 2.40190055361895 2.37978278251867 2.34028100110407 2.29820640602397 2.37023824065034 2.38098462846045 2.28659613769355 2.08382937534705 2.09540348484581 2.057924655564 1.93415821679423 1.88283007295149 -9999
-1.44323982196432 -1.37234749110709 -1.24617285595546 -1.16504411979024 -1.16674020454628 -1.09817176940357 -1.15152297630078 -0.976465077788356 -0.711249354574027 -0.598312930064015 -0.387438471570567 -0.116269155395064 0.517834123800072 0.706065650934796 1.40412657299268 2.26186818107736 3.31976275091715 3.23284215044785 3.54619385371786 4.35067323594325 4.72860278136098 4.55370717587114 4.73312301409043 4.5760349238142 4.55734281929922 4.27023360331115 4.09899283572121 3.95095290737499 3.80047068530132 3.6674802727551 3.5074160363126 3.40376719215743 3.16396994214434 3.0542084118715 3.00907719496522 2.84545629176357 2.73871744372617 2.71179842426446 2.54148536211422 2.51145438443619 2.60730557661536 2.75947326537664 2.66992586456866 2.72495270330508 2.59174516720389 2.6055975723089 2.48308337052816 2.45478073237304 2.47084773912871 2.44497924343722 2.26814286943798 2.11465734902908 2.07854985438267 2.07007541358987
-1.59245021764079 -1.53664982331081 -1.3735435922865 -1.31200988082374 -1.30646985263926 -1.26444731611971 -1.13224014887258 -1.01559759314937 -0.947296971900773 -0.820741596503754 -0.545617883308854 -0.292783528840792 -0.0482723077881536 0.29957682408157 0.726211849237297 1.78792226497936 2.75979931629843 3.29401472516837 3.9075324448562 3.90823618392321 4.70767447701353 4.50470287133977 4.60412850550523 4.25500803406037 4.61142370196577 4.72977330145003 4.40613489811381 4.50821144363046 4.3929122300464 4.06507328769026 3.89986601582053 3.78687523672459 3.70747268450439 3.46956163317261 3.23229711171713 3.16589296433972 3.03736911637634 2.92894139241767 2.81382087718218 2.69926365400293 2.60831349172517 2.77841565779489 2.8825550329772 2.91695168620801 2.85268483740569 2.79400770140417 2.74023904205723 2.7421222059992 2.57869585768497 2.81198117665395 2.58466428951606 2.48467300902925 2.41566177804067 2.38690067365769
-1.77312909315567 -1.64530304768202 -1.44252172326585 -1.33192975297519 -1.38332959322642 -1.35566702403371 -1.29225135158021 -1.20864725884181 -1.02796876598741 -0.889412368902399 -0.642746863177027 -0.495968508802061 -0.437482848924631 -0.250772708768318 0.177683157297928 1.02782836512082 2.49271277873998 3.361051533094 3.58864672841878 4.45671381146512 4.4649756278675 4.32686893981961 4.32900158291739 4.34650415469772 4.48926068852535 4.88300437681544 4.89422197782672 4.74500458788432 4.53325457497769 4.31948558422961 4.20733044703832 4.04548146587886 4.05445709279086 3.78912312365365 3.57113254754203 3.45524789475723 3.34171149039218 3.21030540421646 3.09989658931385 3.01168769842145 2.96065340271556 2.8844399124655 2.81328377062279 2.83047773124432 2.93776065105225 2.86483207302006 2.92386460113616 2.9109049021812 2.79103780606799 2.80402211411669 2.87881363221561 2.79463740975685 2.76724693283435 2.69316435147112
-2.01415768911145 -1.74939497043225 -1.62946316520429 -1.56411239040478 -1.53217075754238 -1.52333682127644 -1.47751576523231 -1.35260339557518 -1.16244644224575 -0.990069872485132 -0.7372845638142 -0.91883744973804 -0.726387744571803 -0.473353649872329 -0.226224787053929 0.221212569219103 1.29824669641467 3.19223638493179 3.76248610156845 4.13834734142973 4.43244452565556 4.48419522864713 4.77500662798157 4.58584390790509 4.56899941060254 4.34302301732804 4.66914774419236 5.26525134207577 5.07310365065766 4.87833387596401 4.54677058510696 4.79582979414523 4.65044806815204 4.24087760298475 4.31178416168533 3.89546303564389 3.63942830486815 3.53240710572972 3.43419547941105 3.29041078427057 3.20432884279529 3.20135157363836 3.05417293836573 3.01536162580701 2.94250416239561 3.02328756752549 2.98956313699003 3.01705035213469 3.12463577793797 3.00032005925047 2.95815906447151 2.96429001630563 2.79805755977738 2.70571440820551
-2.18743887688716 -1.92472217661003 -1.81132043621386 -1.66645797981984 -1.63829235523001 -1.63573254027982 -1.59550379690223 -1.4630533662359 -1.26239696988967 -1.07222183768472 -0.894977786757949 -1.14610393702134 -1.00598632447856 -0.769411724163905 -0.553138642243063 -0.228682553162744 0.180978912847251 1.22733001666717 2.89678510769369 3.89428686351615 4.09893832372064 4.32213793518658 4.82435291081495 5.07215448573525 4.83271452802941 4.59860829770536 4.54906802373446 4.83632063697434 5.50709348431469 4.43457710568692 5.53142192258391 5.00492210229119 5.00680078841651 5.07548253188347 4.39274386531186 4.14428722916375 3.96875351632489 3.88204913728658 3.73790296077422 3.59995286335347 3.51663727408638 3.40045477476797 3.36866423954628 3.28828034703257 3.23199421554769 3.21488949596347 3.30336808573627 3.21153114643057 3.0779839541217 3.08576422947628 3.04278584019692 2.98073417874375 2.98961214942329 2.8692665431223
-2.12863990697536 -2.01757634605514 -1.79802764949193 -1.7176550186932 -1.73347268206475 -1.94890921251886 -1.78271658469189 -1.64080268298321 -1.39471824586103 -1.23911252101053 -1.04452123812646 -1.27085129139711 -1.13715072874007 -0.904497845238377 -0.661040417211452 -0.344745548613782 -0.0563152793541571 0.301689969849231 1.1196226596569 2.06740214458373 2.52641300897421 2.60996242515243 3.8693360596399 5.0910576462518 5.25990444551738 4.19045992277302 4.04882566046998 4.37024939533814 4.13109936386284 3.75579402290194 4.23943035785619 4.31424520008772 5.61476158842588 5.09222114424718 4.48737817322177 4.50329203656212 4.28953015870025 4.0936182719375 4.02244914370091 3.93314881469582 3.79436219983042 3.59541201476221 3.78569453199326 3.76592969234769 3.53265953000172 3.48763693010011 3.50083271447933 3.42147432256643 3.3250423242939 3.15487608563616 3.08681529621211 2.9826417703288 2.91577953908296 2.8656961898449
-2.22058790749409 -2.12156776526439 -1.86885349019753 -1.79811573161318 -1.81146583608603 -2.04031248594389 -2.05583432417709 -1.77845766300875 -1.57496324792351 -1.39758351873629 -1.24307324763207 -1.49878828066268 -1.33256047013271 -0.866417557165995 -0.650582930548478 -0.511191606272155 -0.289343120057286 0.00979174282712012 0.416515713444309 1.12498027158906 1.44946908909036 2.10056117391617 2.78967098685462 3.05568050258488 4.23506531944706 4.2837982832323 3.57190635387296 3.02964629889366 3.33843351249072 3.96077170181538 3.46261353088075 4.24792167613016 5.75547756784835 5.28293059749877 4.90525213732627 4.70032841755176 4.70139267257032 4.3509351355241 4.2354089313775 4.05642968316861 3.92612279363881 3.83420876930325 3.70216133886585 3.78287302985054 3.66345925285678 3.65754130793158 3.62603543866346 3.58569666643308 3.54844001943905 3.33675223564286 3.21840359730256 3.13327567685422 2.99683617491053 2.93330638761591
-2.27520816284287 -2.18512607406295 -1.95911765402059 -1.92093171617191 -1.87241249225205 -1.90499201324293 -1.83024281132349 -1.83132400469764 -1.65737700798685 -1.53448022385291 -1.41946295661579 -1.63127287939657 -1.57367961370845 -1.18226387867916 -0.842801623855028 -0.65872717154284 -0.462499215920352 -0.252336808925192 0.00541470137414613 0.525456469879566 0.774350351965435 0.76763364118458 1.10526304974537 2.07397610953829 1.96552535575806 2.97313154403499 3.16991505953508 3.93929457061294 4.01349883500933 4.79197879676963 4.53799865999358 4.32072161260608 4.32691897905347 4.74880411216101 4.56583933372405 4.88542314931932 4.59033467365167 4.54810890949047 4.27325390965913 4.09477246849766 3.9212540008048 4.06871182242843 3.94742297497229 3.77499850577137 3.47455752340629 3.42039091869901 3.6392724589003 3.6136859391674 3.68026064102795 3.57561658889215 3.43684546747606 3.286476491453 3.14944409675765 3.01254673968883
-2.36119556617754 -2.29701655678266 -2.19679991827148 -2.03080538382666 -1.99200455104283 -1.97433273407989 -1.8882315233096 -1.86553472749898 -1.86607772744608 -1.78913297807653 -1.6552709483778 -1.72528892017967 -1.58379952357935 -1.30661562476611 -1.11649554246339 -0.831523859692897 -0.598893855239051 -0.394301955512281 -0.172914080970164 0.116708773489765 0.357046172144017 0.477655720899628 0.395782877807314 0.587698507650476 1.40379230358233 3.18110846105795 3.51776979607382 3.16632036127215 4.11341165150638 4.28718313285413 3.66282757800794 3.86292916416326 3.85040132264231 3.61506675007922 3.84418352433294 3.93865198951532 4.04703246354976 4.5253338054763 3.88635466844491 4.10067991330033 3.95984919262536 4.27952515772866 3.96844786805033 4.09212476760265 3.83749456590405 3.40779214401563 2.89502150626477 3.62217369973605 3.70355688378503 3.66904838968577 3.61739346296274 3.49953596517516 3.32271321679644 3.14191334505528
-2.44844800110147 -2.40731865675116 -2.30227121352349 -2.12893773173087 -2.03806780888416 -1.99393085694912 -2.12142935845917 -2.07440749948054 -1.92993708551927 -1.91325904577269 -1.83719574244024 -1.79855323714755 -1.57376056732186 -1.46196117441472 -1.378947309885 -1.08080100338359 -0.71929992002358 -0.485096470373502 -0.364721089344705 -0.218599459171671 -0.00522692205901101 0.157278417022932 0.173430982681843 0.192164752561494 0.74704097270469 1.71139262297755 2.48017827869993 2.94931829773661 3.72849276676445 4.11911108494401 3.38993596019517 3.58515479521175 3.82634694091913 3.63746471036552 3.54727456134037 3.72077440099075 3.84312709327708 3.62529661626996 3.7654662411841 3.76933096365321 3.99247952955109 4.06252039924989 3.60063827328683 3.66694869003237 3.72953579728923 2.6950656467475 2.4232661733935 2.58876952376703 3.76668915790296 3.79223045599011 3.68725952492737 3.65889388602184 3.53940435503738 3.3351810797964
-2.54376762661608 -2.46148854604845 -2.37990336347294 -2.27461061424624 -2.17703137638069 -2.0288892123067 -2.11778046971356 -2.05755702006064 -1.85936376203736 -1.8557509223547 -1.89921823171281 -1.73050750009715 -1.63847557846107 -1.77541886590477 -1.61247503436626 -1.26494200463234 -0.874412264447533 -0.620750116190539 -0.553125389126478 -0.501527820330268 -0.261712945591259 -0.167401944388358 -0.0646972460493264 0.114959404797939 0.444348784701295 0.876276502889175 1.52655282701283 1.87488727396197 2.38119944521199 3.03877478756339 3.74276434260857 4.10962648593897 3.7035860789886 3.77164901068111 3.57291143787069 3.37721440420045 3.57900538421545 3.33961176826378 3.71372931851414 3.90098939869537 3.72461164258255 3.72289442988253 3.10767890240269 3.15529228660169 3.23091168261508 2.22901749599859 2.33929458807254 2.39129472454216 2.87211121306675 3.35396517501313 3.72037174301941 3.67508480786725 3.51506363857638 3.40095608113031
-2.57334104273084 -2.50328996793819 -2.41230528966259 -2.30281782313109 -2.23748326808715 -2.12413531211361 -1.97053055174775 -1.9062224372944 -1.84918546590763 -1.81358053100553 -1.84323254256025 -1.76558924477005 -1.7779522916577 -1.73962574615357 -1.57265605026846 -1.29891135172584 -0.977194874066715 -0.699385342705602 -0.635391297975975 -0.640221694733211 -0.430596787606975 -0.162997511024619 -0.0103595263840154 0.0256526202789542 0.238826979122698 0.433881129010001 0.735179875595567 1.0183645949281 1.54729902254698 2.06875018638457 3.38392753174832 4.47608392199545 4.63563866844612 4.26182951282877 3.5910058430237 3.57087671666068 3.12246395484599 3.30690712861622 3.74910742547004 3.66035292633965 3.55691846465871 3.48997408904995 3.16777829225005 2.91371400723626 3.09423407759519 2.310455407904 2.60775271239732 2.8098420799757 3.35059430923784 3.90076066731073 3.91822173941066 3.79123728535925 3.58798303032208 3.38965292878986
-2.53957221495275 -2.48127606920158 -2.41485061252917 -2.3287739876604 -2.27141588880113 -2.11140337859529 -2.02855697206504 -1.94769227712096 -1.85222611065553 -1.77571038571663 -1.78400831326972 -1.77316586577075 -1.77443613851915 -1.64893363736403 -1.48818866172102 -1.25146850049348 -1.05385535256748 -0.901035704120704 -0.828266649571762 -0.714203961856152 -0.479050743916463 -0.153060757024075 -0.0284506211031268 -0.0102490154434942 0.0955890521737162 0.262034996992621 0.387035515062563 0.537853694392045 0.75304983913493 1.17501644199303 1.88100029606206 3.05947037870205 3.50000922797914 3.83282588012038 3.59301887262154 3.40225229592997 3.03284820442547 3.51121308788823 3.7014987508494 3.44796631827123 2.99908992128024 3.17448955008352 2.70512217062129 3.04110318063598 2.9807348639856 2.86176000270066 2.60558206684977 2.67462640332655 2.78496696041721 3.34934460279561 3.88983426973653 3.80888870390861 3.61943837528871 3.4719761567915
-2.46732504523459 -2.44403457212194 -2.39745582682684 -2.35112464145218 -2.19954842496294 -2.15365116818297 -2.04342603404557 -1.98778619353602 -1.93156822274131 -1.81028412636914 -1.82250305373676 -1.81590396129961 -1.74512693231724 -1.58259267427685 -1.39250300826691 -1.23249674286233 -1.13694319748146 -1.02518466129602 -0.847531351743809 -0.665648869447606 -0.477978824280046 -0.222568642781169 -0.0632293736758947 -0.112194853726563 -0.0344139660463989 0.0315852788112245 0.125763101418088 0.215645692332786 0.344715507687566 0.618595164211729 0.986696343804931 1.41738493314492 1.87278653810871 2.29311258212411 2.57088345539443 2.52181466514245 2.62136499673363 2.81521295268248 3.24033572503968 3.48231752915521 3.6156308842103 2.76409271692922 2.81635960829999 2.75509353848956 2.70528493786311 2.85967374592011 3.21324374773531 3.42738540765553 3.63133768129759 3.47725521908541 3.2070253234257 3.50622867808432 3.38052581786415 3.55471424657597
-2.46010277440463 -2.42696644473197 -2.33595633321772 -2.24164030044543 -2.20586160028696 -2.16843210413621 -2.07148398432317 -2.17170840662113 -2.10687773161997 -1.94203703553768 -1.82854550069393 -1.87108048114294 -1.71651483629635 -1.5634599971909 -1.38070818622195 -1.36752935582995 -1.29934686818615 -1.13699053423674 -0.885783909684291 -0.645243756792304 -0.437078306545606 -0.309940008031164 -0.244444675853426 -0.228289961481004 -0.234009873279092 -0.156331194293772 -0.0999244569446769 -0.0614244547931789 0.0848725137548342 0.300748696339597 0.448359227022195 0.553350607678141 0.879818121427632 1.2461786006429 1.4260896986468 1.51926160887616 1.05856202050528 1.39779390247271 2.6579955650881 3.00106090457577 2.81151631653106 2.46528390559705 2.59403012969769 2.58731162349727 2.58109720230137 2.64163775025015 2.80836017766327 3.17317376235375 2.66657863324266 3.41249063307717 3.42009903406895 3.47955929986372 3.26794043805413 3.33139710451659
-2.3982911017735 -2.30146896677753 -2.26849114712532 -2.19823519642414 -2.2001242893907 -2.17169636513853 -2.08480359388146 -1.99456914693761 -2.19372976839365 -2.08576518412511 -2.006254427358 -1.85674981673183 -1.75649201324498 -1.67202333308869 -1.69372560682842 -1.61011266439169 -1.54982064243131 -1.33774973550975 -0.893552615983571 -0.647810939642246 -0.487302679150693 -0.432925611138105 -0.400750792032613 -0.420634961478369 -0.413949034161668 -0.374669235660916 -0.409582351800308 -0.238100341172676 -0.144020484606359 0.0316243055591136 0.180030769034255 0.293063237644548 0.419805709453133 0.704114693272314 1.0527901634783 1.30568707360536 1.04684656945868 1.33364972461717 1.43798033203968 1.51819159267127 1.77780327978283 2.55284982959532 2.3530639865265 2.20359545523213 2.61939849139169 2.756169305946 2.81710699938364 2.85058413551573 2.93322604471685 3.0766373200792 3.53185239683702 3.56935862113491 3.46737650201007 3.74360129598504
-2.28715281471205 -2.31260137926971 -2.18590236405689 -2.15414778078612 -2.08649309584963 -2.06087231186692 -2.01315198552685 -1.98233140856011 -1.92242273200082 -2.09343801211061 -1.95281251398522 -1.81555239788386 -1.75297435088484 -1.77030100078504 -1.79961216209061 -1.66566806913399 -1.60134461919179 -1.11656678609516 -0.875772812468042 -0.858646186031563 -0.682269974532423 -0.616119117772118 -0.583351156687812 -0.531766240298078 -0.538310645712296 -0.606877941501583 -0.616289432280244 -0.481948492216511 -0.290984703928891 -0.120208118588041 0.0212632295558637 0.123582194481649 0.261972002418318 0.567448145408664 0.865000896337488 1.00679929525069 0.777869415458458 1.04352022990245 1.17641923424817 1.19932913594091 1.37660011480033 1.63838188945591 2.60742413913676 2.57498474314605 2.66110871659909 2.77777017188876 2.84729615421938 2.64732551883467 2.92224125331946 3.30555504008323 3.49044537371011 3.71609866366338 3.37403617675188 3.29357180345881
-2.24237922823651 -2.15647951376011 -2.05961883912903 -1.94934087956624 -1.93079335374942 -1.94987303476218 -1.90199827023796 -1.86193275556423 -1.83105756689178 -1.8575295806544 -1.74240057476106 -1.5970536084128 -1.57592491305499 -1.61436839420304 -1.80369064995679 -1.83225594966919 -1.48840834548472 -1.3014377936811 -1.19536765512935 -1.11278364214151 -0.941040446424296 -0.823363887173078 -0.700637783626249 -0.610143156817293 -0.609128025867022 -0.628660866354449 -0.645522615213207 -0.491703026215156 -0.310925031882875 -0.241071819327895 -0.104229638438132 0.0520177538545136 0.223388927603956 0.550551267316768 0.771556506039213 0.737038747225241 0.912221235171126 0.637706411376855 0.749651351632848 0.814114186044908 0.960015975732549 1.76003651018623 2.03405295891551 2.30998353110458 2.60298195966072 2.47446990103021 2.56349413733835 2.7222295288176 2.83569417835794 3.27489530962882 3.40328180634436 3.73492284462629 3.63810402987221 3.73945358819124
-2.11551150691284 -2.05177427136084 -1.92193869961444 -1.85549494471454 -1.77165773065121 -1.83625206555802 -1.79647524733752 -1.75157155033282 -1.71411096429548 -1.72820355081634 -1.65048136655224 -1.54392545166969 -1.62623813820727 -1.65161716828141 -1.72161908103528 -1.75323524472074 -1.52833148212945 -1.39129185828201 -1.40720250830022 -1.29760071747971 -1.13643111725655 -0.949387406298742 -0.780125164204809 -0.682660930140596 -0.630490742244279 -0.637251259750713 -0.659145953424401 -0.522052437534999 -0.386286001961865 -0.331598700487505 -0.23445240108932 -0.105291510957283 0.0901997578765965 0.493771262315043 0.610772654994543 0.583613075664354 0.572687182971072 0.275851055531394 0.319677618863511 0.457920582896346 0.938299871583159 1.23346054725082 1.47481155154848 1.48852298973062 1.39438148603826 1.63513808130773 2.04511614446734 2.20495183758474 2.37563358522924 2.76239414574524 2.87839678060075 3.00644880107745 3.49131279216456 4.05279390228887
-1.9856028434834 -1.95141679252993 -1.85650124929763 -1.77129958387265 -1.82997140577748 -1.72808757392004 -1.6845103863377 -1.60665499678426 -1.67936109989957 -1.55097037832573 -1.57374799349631 -1.57235296593766 -1.63912616774057 -1.65803528335232 -1.69678294154768 -1.61431091906021 -1.46769180115174 -1.57982959910455 -1.51783149693946 -1.4529010228064 -1.22240137035176 -0.99687849001817 -0.850305814296684 -0.749749379025381 -0.713787346247452 -0.734154993433283 -0.700302965051216 -0.616384680736052 -0.520836137719643 -0.415575612330672 -0.36406966635469 -0.253352613326791 -0.0628747961189207 0.177625900898336 0.310325097864683 0.359231946008523 0.328778980504548 0.378041155115735 0.473738239576948 0.080715324184865 0.563512924978286 0.818148790798983 0.935679100578219 0.831071641045034 0.641094725002895 0.807473408734618 1.18788979097754 1.68842918964399 1.57002070135631 1.76599026288343 2.41772870056476 2.28008109624957 2.55842534360249 3.21542161050303
-1.96032289415218 -1.89118636768349 -1.83454823247155 -1.88493308026039 -1.82345253762963 -1.79531947629912 -1.72028201120826 -1.66649482134346 -1.62458781198909 -1.43027879611722 -1.49829930832734 -1.48041499470632 -1.46176241707312 -1.44130904628435 -1.35216584540913 -1.40308516821955 -1.34251962667285 -1.64629291629331 -1.60100391404368 -1.38384937238632 -1.26301075799619 -1.07667581192262 -0.957525394838495 -0.885573370457386 -0.814103684835931 -0.84418126573773 -0.834202565657632 -0.773408755045037 -0.671441286954406 -0.589613745312226 -0.466796139040083 -0.454207129645206 -0.318441068713646 -0.13291907872889 0.00211396944249153 0.0330197771158751 0.0447378033353441 0.236410331405093 0.316274693662718 -0.0444607592751323 0.4010915751221 0.487895556801424 0.614160034281195 0.488309586595822 0.465683030040907 0.623155131947621 0.994617156671404 1.45380829889514 1.57289690363975 1.61173001087807 1.67401618668084 1.84743468973937 1.86360490896356 2.51575748660591
-2.04528440540575 -2.00025580174453 -1.92941359392761 -1.83166813462102 -1.75323714601051 -1.71367828346933 -1.6473101764061 -1.58351570411952 -1.36290715151837 -1.46503394469768 -1.3558286504995 -1.49366540463811 -1.46228803301454 -1.26302333065468 -1.03133957168678 -1.19524373942989 -1.41679113537768 -1.58891471159164 -1.49411632751704 -1.26893257412739 -1.27514071326523 -1.13843802858652 -1.03936166844522 -0.974325301256006 -0.988626469999534 -0.959083397212386 -0.960446948145849 -0.9176105949615 -0.838553351871662 -0.73629448196927 -0.521691630734082 -0.561766565040903 -0.469523453219483 -0.345364681807053 -0.192316433403048 -0.0984105885783481 -0.0377342921658393 0.162320247997299 0.267807941339411 0.245954000340504 -0.162157393512683 0.266852900581948 0.300916131104729 0.299222552225008 0.386581433711535 0.598983795325783 0.819484913958273 1.09908771778667 1.40027700855348 1.66454375968731 1.62056216552569 1.45037585811631 1.44178402179173 1.54881000099346
-2.01155172556553 -1.98505684435329 -1.93231283383906 -1.80498348221574 -1.7263707715684 -1.6390393814192 -1.58248826288546 -1.51142287506733 -1.57237023263369 -1.37974252446386 -1.38430111666876 -1.42153741423974 -1.27760438631406 -0.909332106616874 -0.922122146875955 -1.21832086267759 -1.38762354539365 -1.46112641824281 -1.33076880914454 -1.33348323632134 -1.35890628829575 -1.1814922149827 -1.12529142391751 -1.00241801012916 -1.02260522183935 -1.06165179122666 -1.0908231666352 -1.04095844910536 -0.944065388224584 -0.842978647541169 -0.629579885961132 -0.546989806599665 -0.631873131891958 -0.511867589496575 -0.288879593266018 -0.125675243671247 -0.0188109475563482 0.128186776308896 -0.133979317578004 -0.170254602973447 0.202233309958098 0.164731946820548 0.180902637541936 0.214345680192149 0.356543557490562 0.468770025992812 0.618667697542599 0.876612498707229 1.05433911748086 1.17553646674304 1.19816001220438 1.14463827110625 0.983684389874154 1.05850036308875
