PCA_vs/Initial/pc_2.asc
NCOLS 197 
NROWS 210 
XLLCORNER 56.1666666666667 
YLLCORNER 4.5 
CELLSIZE 0.166666666666667 
NODATA_value -9999 
[rows 24 to 47 of 210, columns 54 to 107 of 197]
-9999 -9999 -9999 -9999 -9999 -9999 0.239487557040486 -0.417623346828128 -0.31852465890703 0.0280735860699851 0.585953862510997 0.209069473862666 0.59474030760134 0.376074579967357 0.402094465988178 -0.188860630611333 0.229349650613361 0.0508884942711395 -0.948859663923036 -0.118574581515515 1.03776075630734 1.91460368255259 2.14141792352719 2.57923739457259 3.23623374663017 3.51886010576681 2.96991696997013 2.61875179569261 3.82469194424696 3.65597870622631 3.48682945519235 3.95208215192075 4.37939591895335 4.24684211156792 4.07041406003379 4.50587615382349 3.74924023270871 2.76991176013276 2.55375621141373 2.78175167994001 3.67075623340495 2.88268548044619 3.00235614346023 3.52190760970408 3.07492670216484 3.77259283897943 2.50000016556462 2.01908824066505 1.28564651828296 2.36092058054804 2.32198004283518 1.66326629508265 1.00494932246587 0.603819899700063
-9999 -9999 -9999 -9999 -9999 -0.188454529437003 -0.471106481931967 -0.199159781447841 0.518257904126557 0.69753307136439 0.348990046698133 0.171870433739461 0.399274652505365 0.491286476923502 -0.575870295135479 -0.483106876018638 -0.913673630239049 -0.573666730795861 0.114876316983881 1.92010265718055 2.45942474557943 3.17033018375851 2.89078776494568 2.40488676007058 1.3648555702101 1.39363244745451 2.44413368937326 3.14415941852969 4.07893151976235 3.24496149421109 2.37008298103337 3.24036978611455 4.32249754743176 3.70707435614818 3.56243744685932 4.05201505615009 3.6474587463428 2.73254380929171 2.70382531441302 3.66076619414392 3.11640792320642 3.28152212675286 3.86246548382927 3.63851663674452 2.96772734592407 3.83706518400722 3.2832974199306 2.43172899212043 1.93250003970187 2.91796900411108 3.14037191482874 2.97454985938905 2.77635011890022 2.33985851397326
-9999 -9999 -9999 -9999 -9999 0.355258133580995 -0.435442127726184 -0.412237579982153 0.22829656674042 0.429037583432543 0.612903268093505 0.317646839455365 0.852836408150025 0.384124389067265 -0.122428095651041 0.0932489687598279 0.330745099926126 0.522348709130258 1.88386585681946 2.10542686028615 2.16662804543534 1.29301659696339 0.716605148621738 0.433265227139879 -0.362738387175015 0.291231895126009 1.65071685497652 2.98586198518993 3.1196203573476 3.19585640884662 2.17944710457699 2.03564573269649 3.13680992327103 2.86352074288447 2.56078440913149 4.02165982846717 2.5710131897639 2.30106533662701 3.48091600515298 3.29708095443359 3.09248086063918 3.00963317704966 3.40272545816906 2.88498149132524 3.09681999106702 3.51185546891801 2.24733722534753 2.37649310388969 3.19724107157842 3.52346035491807 3.54463552802644 3.3162095521641 3.22901656990916 3.11217932418608
-9999 -9999 -9999 -9999 -9999 -0.0325007970266202 0.196925560128236 0.137314383071318 -0.450387356551118 0.330608726943803 0.678394277088881 0.485045624298396 0.330672056820871 0.463681308262176 0.243051399888883 0.656065631743411 0.448848520305649 0.288982972711214 0.791834897028979 0.691358912453598 0.208766199224386 0.28861868498998 0.994301492790707 0.141558107443862 -0.730100293856559 -0.322772545283191 -0.0934992744962405 1.08879183322642 2.6576696537429 1.16504465379288 2.00039489106133 0.585928117563189 3.17816250316129 2.56074483097556 1.87719143791529 1.64965427870998 1.61520467142063 2.63653369840846 2.1065103253651 2.276523093847 2.4705156658026 3.06519975431304 2.95803901826277 2.26191007349713 3.00365518092175 2.80218349704351 2.4062925837739 3.21212799678963 3.63783797971545 3.73916893245058 3.57369732799282 3.40144174244692 3.43584492167844 3.283539557317
-9999 -9999 -9999 -9999 -9999 -0.176721583025491 -0.362070342736226 -0.175983031822094 0.375983240132724 -0.433598896501666 -0.340232276107874 -0.316311803375133 0.00453250863269259 0.495278401058662 0.371412764804109 0.210066024696392 0.074940077566642 0.872390149822483 1.2190766894634 0.910213611186251 0.910129368845953 1.36656138825736 1.88223692555898 -0.663924635868139 -0.655176001148945 0.378507255146289 -0.307118970532804 0.174799397016141 1.24472453072688 -0.15623881234998 -0.426429045463474 1.19252209809009 2.7836634901767 2.66225818517984 1.19094750214591 0.714636341817921 1.86532734036159 0.803773269859015 1.06462102224259 1.30287515778028 2.33055741587381 2.06033433128233 2.05996880869565 2.55534972536283 3.2678356023156 2.68691059339389 2.72622553318133 3.29139480009041 3.72704925668305 3.72782886468653 3.41451289801803 3.81532515293804 3.53760627773581 3.31216310253527
-9999 -9999 -9999 -9999 -9999 -0.68804896373443 -0.580552489482481 -0.426196594495405 -0.161241881165785 0.00871651262589741 -0.234334513455792 0.346339404396453 0.455800828235985 0.384320020557233 0.799132994336349 0.83892468302449 1.31493658197758 1.00058024482104 0.851605118214 1.48286075770354 1.61225977988766 1.47751254361951 0.604566613359397 -0.921267491708873 -0.964639854124205 -0.160461392034106 -0.271739583743871 -0.526921589450262 -0.534231164098299 -1.355244628483 -1.50588483539825 -0.596639971439649 -0.735156359581131 0.0304414921554113 0.332519478366031 1.39653000228611 0.108974532954162 0.118071492221726 1.08421297940662 0.959534366421926 0.826876527350789 0.950931303280523 2.12228057015331 1.98745135890369 2.57957462812572 2.45972544926305 3.6422580911662 3.43109487126673 3.51561288131277 3.5526683601532 3.75374314968021 3.80664061750237 3.41741917980908 3.53097485346445
-9999 -9999 -9999 -9999 -9999 -0.472211608972122 -0.445436180143474 -0.29240990726901 -0.391609280929281 -0.347198846072322 -0.233347483687223 -0.423860338326845 0.0352356207016621 -0.168733741902287 -0.188500411275901 -0.437727559646067 -0.27912975742894 0.304074584090238 0.545556734067502 0.836671212162563 0.351586878988518 -0.411603893380186 -0.392444955974128 -0.957572182247743 -0.626078845275438 0.104543830641218 0.604171836979093 0.706783182932792 0.70926105893196 -0.0518186122790341 -0.892415779067412 -1.79619525322044 -1.70718219472321 -1.09021785597467 -0.646321509215 -0.108925279220491 -0.32329691157368 -0.110259562850484 0.189252129463936 -0.0801340568722407 -0.126613977967891 0.0673756655237973 0.839024265370632 1.40527794634101 1.66928071813264 2.20107227537884 3.01399941358769 3.40452101526891 3.72043847898282 3.52865461250458 3.35139569774443 3.17757433884029 3.90771307390097 3.56565277146794
-9999 -9999 -9999 -9999 -0.675308933205738 -0.791450560984112 -0.899980396470173 -0.742778682352088 -0.671667097411489 -0.56804276363244 -0.754768566933013 -0.339440927059701 -0.664327231886108 -0.58997787780852 0.0903807317069604 0.268935312494763 -0.175728396715067 -0.180317183531212 -0.384406200586499 -0.049270401516083 0.0586415584806954 -0.210724517447486 -0.588983396260614 -1.26545045787869 -0.403102828253355 1.2144367571344 1.59169166879227 1.26097327773205 1.30700365747019 0.798324757119545 0.145484573663705 -0.560936552500462 -0.973558241139861 -1.30039581050216 -1.08600497824346 -0.836430031821629 -0.546446010137679 -0.524369092858591 -0.710313991010313 -0.564823171435461 -0.463847550626907 -0.446376251754938 -0.269024140641838 0.148257737981559 0.982757593634143 1.98340955549321 1.96779656923118 3.03286213648538 3.5856018992975 3.58921450096216 2.77515159594058 3.28977458384874 3.95550427510068 4.1624146513736
-9999 -9999 -9999 -9999 -0.772768567619065 -0.830688643099589 -1.11124447366421 -1.02681388403751 -0.914726152291415 -0.540076498667145 -0.383780469310909 -0.793100564701875 -0.929525507133024 -0.281285214081758 -0.088807311013461 0.124067299158304 -0.246106993249988 -0.330827443177286 -0.111572887304822 -0.462995821209916 -0.75656669216581 -1.03620810450576 -1.30462203199441 -1.42201154993813 -0.2903278941901 1.80556340669854 1.63335314093422 2.09819861095017 3.10939487774408 3.03160627762049 2.45996195070276 1.91367175157713 1.18389282660644 0.523243471583633 0.712115353368271 0.564853881972465 0.232766571083347 -0.771551553653392 -0.801559290431202 -0.729086125198394 -0.597869484977248 -0.598614788944637 -0.47568796026619 -0.374759227103663 -0.175711012259372 0.654815620485726 0.788081361887764 2.46307860290562 3.20028740026942 3.76765819396457 2.25985962894875 2.63013122114494 3.358038410675 3.34768913385774
-9999 -9999 -9999 -9999 -0.959607033555113 -0.983366222705968 -1.25528775544964 -0.697148600453355 -0.693855868098732 -0.581486734945528 -0.732458691022518 -1.09763258663868 -0.815747240953666 -0.0871278978746374 0.108004625051577 0.33243999250405 -0.0111488634449376 0.128542272760394 0.120590550228238 -0.323414832544393 -0.555772486012813 -0.910497880175956 -1.43028163545899 -1.07544623326573 0.233813882556723 1.52067133380525 1.28178387829014 1.41538315328191 1.87494968491761 2.30201743378392 2.98612629200715 3.48461035730112 3.31576509076403 2.69135450326333 1.78428539362644 0.950818206007361 0.411211174611745 -0.33238939421236 -0.555459383075486 -0.496327687096257 -0.143378927217947 -0.226617136375494 -0.663847227119739 -0.608320542013849 -0.272331735101575 0.351221400355477 0.796077105198353 2.19358437963787 2.58382462321723 2.88064344137537 1.88956380168619 1.67885330677728 3.00034216488047 3.24240734862701
-9999 -9999 -9999 -9999 -0.837987385114531 -1.16229576031263 -1.45226559862411 -1.00784250316709 -1.34357422046625 -1.59551045066444 -1.36986882289576 -0.559725931963028 0.0579077861613319 -0.337057950554317 0.460991539654744 0.0230122442476225 -0.022719856505626 0.10452614399411 -0.684838795876112 -0.905970847201432 -0.689928501946998 -0.344656209273994 -0.746215152030966 0.0359842487520047 0.485432416310432 0.538471263182378 1.01616612558382 1.21457202566622 1.55236668826782 1.45370126313905 1.11011700328754 1.68533049968049 2.4297343008945 2.25480246456095 2.15243774337663 1.29275444498999 0.750964496580729 0.281973321726789 -0.117662687111689 0.298888347746255 -0.0382825032429564 -0.611911216001285 -0.676062091103127 -0.65856661835248 -0.390003200850837 0.0328744370537646 0.860388812900286 1.52617780155788 1.48421919458661 1.83349384342438 1.61939494549209 1.73489462974231 1.53759759492883 1.61032787073682
-9999 -9999 -9999 -9999 -0.892102010577146 -1.49426448658283 -1.78030263174755 -1.66189072373002 -1.59093614503482 -0.98134272720281 -0.231589613071907 -0.182080538904145 -0.737993563152747 -0.17221614070745 0.538449896258733 -0.22345129719361 -0.152548381897072 -0.380670517588388 -0.79486738536149 -1.17595230862191 -0.964791252651169 -0.629976603682372 -0.406322831801873 -0.569840101309728 -0.375657416153006 0.699578572692331 1.32982398168732 1.00721388700319 0.728892290613819 0.720769826861375 0.0886891375120718 0.625743783385821 1.22813052787632 0.926159673547486 0.745172737793058 0.181188420703369 -0.0650553291042957 -0.180539288802839 -0.141529778240124 -0.250579327101857 -0.774111799936012 -0.774253878571274 -0.668541034834483 -0.503093357802494 -0.382991126135778 -0.105880446337127 0.452491453951557 0.798409386536113 0.920677410644299 1.24459278117423 1.27811509540183 1.36223083514837 1.30758525798499 1.33800388458992
-9999 -9999 -9999 -9999 -9999 -1.57554730409881 -1.96018828115978 -1.62786893390281 -1.42586643747339 -1.12233468748898 -0.658335342373518 -0.811914290359086 -0.419307627389911 -0.433039013576709 0.112005211304488 -0.0762289106191507 0.213086666422848 -0.609056221642048 -1.2060480339884 -1.36829799235859 -1.35331380786476 -1.08454112759144 -1.03991685201644 -0.791677848702576 0.415946353283849 0.261833448601981 0.69369222780474 0.413670346820285 0.0927465455731179 -0.102370757024751 0.000891003542702153 -0.334261243665787 -0.351245179187674 -0.210570560695651 0.0544193552278316 -0.0479551158049505 -0.334418693103866 -0.508744715139174 -0.581158914990848 -0.753219768012401 -0.931790700167249 -0.884754184326892 -0.757050264023378 -0.677561746027352 -0.498295880263117 -0.236907878592718 -0.0684589785826273 0.27896889017676 0.504266937334623 0.684883252614572 0.854944286406183 1.18935315385981 1.30594540927919 1.32028135683853
-9999 -9999 -9999 -9999 -9999 -1.90800047952994 -1.72076456437164 -1.27896644627829 -0.660188750900898 -0.772296754236996 -0.871430953936019 -0.561929637207245 -0.346035061153132 -0.766895383518923 -0.571583573714146 -0.550224785802128 -1.10943002674166 -1.48035451655223 -1.53984955204629 -1.45891424974329 -1.25804433252894 -1.14075181167996 -0.980900165159216 -0.161237127829048 0.645369396517994 0.268598364835137 0.201788053415386 -0.0606663531100085 0.0990457938768061 0.153536353666899 -0.265495352155809 -0.584444826029389 -0.732315090948316 -0.398068174707187 -0.522535303215369 -0.551070900980206 -0.496686344060005 -0.536998822955905 -0.700830805093976 -0.899024279659765 -0.843772090371636 -0.902109865326598 -0.9451301401952 -0.773150013091951 -0.695145192086508 -0.661149478957689 -0.302118528813238 -0.0575711400025805 0.0487193560605362 0.17961112057452 0.302378358518474 0.594983794835484 1.04014988942567 1.00363114017162
-9999 -9999 -9999 -9999 -9999 -1.72655193051943 -1.39005770559201 -1.08978645038564 -1.04739256093938 -1.27986542189043 -0.60443865999719 -0.643255220536165 -0.686343040195481 -1.18538380580425 -1.03542324462521 -1.27254983641746 -1.51147897736258 -1.62832032766472 -1.52633541297011 -1.21449732601553 -0.904862061643185 -1.02847950544333 -0.653825258065289 0.0369348400441511 0.300185251792343 0.402636771591922 0.492257900501247 0.415537704679116 0.0817895494454533 -0.194295075331058 -0.719751541389172 -1.03451566010005 -1.1639458277952 -1.13087045380865 -1.13036017898122 -0.821905679541507 -0.322862643481905 -0.306057522417234 -0.748666478788285 -1.19814373850669 -1.20429716908388 -1.10275980679246 -0.992647378980754 -0.966211281242285 -0.870832060411642 -0.710737349124753 -0.493855331120083 -0.349141951319801 -0.191903257018339 -0.259472931655297 -0.0199122417075922 0.224604613629095 0.45678441285077 0.710041194494263
-9999 -9999 -9999 -9999 -9999 -1.84346007855141 -1.65816791102819 -1.47472780208114 -1.54995162229689 -1.16245729272482 -0.305417251912573 -0.932142844250826 -1.55090701337493 -1.20948244301597 -1.2434992289674 -1.54893143252868 -1.7537179027705 -1.66374777800558 -1.38296024457522 -1.23082289575579 -1.20312833248008 -0.800685327468045 -0.266592958790414 -0.133942833137251 -0.0976979427360665 -0.149516131407345 -0.166215868055814 -0.235814998049404 -0.110106109162481 -0.482944310524672 -0.975746317983727 -1.19801826992639 -1.49634611135697 -1.47873897739542 -1.30806938893983 -0.935900813717568 -1.29648774489315 -1.49269549344146 -1.38461014058022 -1.29628447490755 -1.23464008038265 -1.11920283463808 -0.955917291682786 -0.920328057362549 -0.876410034680724 -0.714189076378768 -0.687439833474185 -0.638552420819316 -0.700286366792731 -0.548357098556327 -0.365672390864767 -0.144901677596653 0.0233665459809311 0.18059842924763
-9999 -9999 -9999 -9999 -9999 -2.00774006655471 -1.86188623625027 -1.42769762928441 -0.939780243283222 -0.685834901044117 -0.592863245046299 -1.33006822595679 -1.7153867592517 -1.56353696149971 -1.77118225738097 -1.90379831523373 -1.81895311821299 -1.69989710749935 -1.56546880628138 -1.31632230893395 -1.07293209673934 -0.441484201347801 -0.470289496156845 -0.214996119683958 -0.305810101602363 0.279338784786286 0.430958216931085 0.893744770715029 0.371284416357133 -0.269836460690861 -0.724108858578227 -1.21686289238947 -1.5964843330831 -1.58233727983035 -1.54828064633817 -1.35328236987162 -1.641765347705 -1.74363957015789 -1.57810447337576 -1.19831342400312 -1.29139797245531 -1.0812742182261 -0.825088662109209 -0.777776120843646 -0.57537181498729 -0.580517206792354 -0.601738443226234 -0.589653777258191 -0.907127895330875 -0.80098607999536 -0.72164287984474 -0.482260357500484 -0.357461818856785 -0.233319915210175
-9999 -9999 -9999 -9999 -9999 -9999 -1.43647414284361 -0.72485507407655 -1.40352246329727 -1.61859763304965 -1.72849573011618 -1.87354722452445 -1.66986046647011 -1.88828778940223 -1.82054761049643 -1.77195664721584 -1.8012489521101 -1.73326758581859 -1.58379126790761 -1.28068383843329 -0.96592535425416 -0.884023382179769 -0.844181455437495 -0.317911205581476 -0.18441263812266 0.526225865903616 0.808799543195267 0.511322095264714 0.0790621097303701 -0.379647348083507 -0.396243685830152 -1.17990671763495 -1.61746464087119 -1.65188549370843 -1.61860442754091 -1.62129512831059 -1.71820638692807 -1.84734861469111 -1.85337475753339 -1.59485237159994 -0.93825574331818 -0.680836435855571 -0.598575903339879 -0.886088028415365 -1.06957492290765 -1.26279104665405 -1.2642180630948 -1.23013144482516 -1.26848967731855 -1.14721727119006 -0.967872667905164 -0.854740911911303 -0.747663755903301 -0.570546529053002
-9999 -9999 -9999 -9999 -9999 -9999 -1.36827737109456 -1.44013747463333 -1.8365720251204 -1.9687231434271 -1.96062291022187 -1.71670119930375 -1.94443321793609 -1.87526466601875 -1.58496736809697 -1.74383894175684 -1.78412154790519 -1.6346143738588 -1.31669329524793 -1.15056091199189 -0.937392462297138 -0.841659925647222 -1.02016041936766 -0.625293437892574 -0.110742004239864 0.0552292316054582 -0.164221594045807 -0.153670007213784 -0.585826172658716 -1.096079062312 -1.31794788329228 -1.73972673417108 -1.71630244494546 -1.5877119259903 -1.43929501023064 -1.35217380617658 -1.57931642845181 -1.93510361846146 -1.93869243540624 -1.82757916643427 -1.59387705611979 -1.17756483575119 -1.36331731139244 -1.5040840791149 -1.47151212941198 -1.46186416507705 -1.46115287248153 -1.39336136422818 -1.25909916209848 -1.33747550826907 -1.23773246060654 -1.09881701037768 -0.996682108520085 -0.903591125547316
-9999 -9999 -9999 -9999 -9999 -9999 -2.0426885331676 -2.03555956209977 -2.1230740522707 -2.03947629327102 -2.01800427850374 -2.05974293836417 -1.94366009472441 -1.71274082281144 -1.78692947289889 -1.73251128216532 -1.53043051274036 -1.22108144217952 -1.10757707266861 -0.956860278887915 -0.563340473147034 -0.575785889597787 -0.749708726639023 -1.08117451245806 -0.737915513531776 -0.830160546432689 -1.01477928759559 -0.803187046675551 -1.11304179184537 -1.40100965404979 -1.72456781203795 -1.8903329327991 -1.87629266429736 -1.68748953292023 -1.58026237800641 -1.6050352996466 -1.97433404796151 -1.99205104643871 -1.97964765135756 -1.88220629800861 -1.84262444148518 -1.73439067938749 -1.67086293917865 -1.550221746917 -1.50714161948035 -1.45947436652696 -1.4636368179936 -1.439270662799 -1.36067032539486 -1.45688801859843 -1.34314807425261 -1.27637753613171 -1.17976830945078 -1.05979820314118
-9999 -9999 -9999 -9999 -9999 -9999 -2.22050432348349 -2.06720128109588 -2.0433891137207 -2.10514913472791 -2.11754946834103 -1.98546654623748 -1.6874256166562 -1.75698963280879 -1.6134688138485 -1.40882149696169 -1.14920332216745 -1.06963854007317 -1.11202774092978 -0.83093892133354 -0.847560853122389 -0.801652664415514 -0.529272772526697 -1.19910390082752 -1.32515007135166 -1.30316321426319 -1.36563973269578 -1.58134108240687 -1.47520200057547 -1.75870805689449 -1.98498397220125 -1.97823644465262 -1.96090658162119 -1.90702014803685 -1.90601583971064 -2.01310359185326 -2.01109880315889 -2.03748080651367 -1.98277915908931 -1.97454901104139 -1.92857994646699 -1.81757532513035 -1.74708334493088 -1.6257305353024 -1.52694316901524 -1.48379762075565 -1.54027721352495 -1.51323662181427 -1.48534189227641 -1.56075379083618 -1.47337771736759 -1.39172443508683 -1.27422218538572 -1.09969764359915
-9999 -9999 -9999 -9999 -9999 -9999 -2.27064570098805 -2.2239556967129 -2.24441000188096 -2.14025850896962 -2.03832873539524 -1.71948474132711 -1.65180625224817 -1.56554825112773 -1.57176699881986 -1.30593667451479 -1.18954446990982 -1.17149493409101 -1.04912920289792 -1.01657907607088 -0.889558756549355 -0.949408317929774 -0.695434708801024 -0.89849414410513 -1.42474082281611 -1.49007190497019 -1.32896367621313 -1.46039371904599 -0.940985746993963 -1.67132091121787 -2.0468853603131 -2.0421396739738 -2.01903867411687 -1.94390995368555 -1.94083637179245 -1.96801716188302 -2.05719093607245 -2.04680180921777 -2.05337564566192 -2.03250783410679 -1.93117501552166 -1.87416955066431 -1.80958724798699 -1.73548074470295 -1.64095227616388 -1.59875928534534 -1.58915167371728 -1.54755852998382 -1.58515607680773 -1.52595811342991 -1.5831447441719 -1.49186249166951 -1.32933092926998 -1.19251728463856
-9999 -9999 -9999 -9999 -9999 -9999 -2.44536795261811 -2.29264563673099 -2.20354892197649 -2.21565777425002 -1.88642934721878 -1.51027127009884 -1.54063208228241 -1.67508819329079 -1.43432789095694 -1.35382077274972 -1.31626953933575 -1.18710593157418 -1.08296180252825 -1.05921688552595 -1.00999652970869 -1.02084379738431 -0.873754903643573 -0.94744144585233 -0.872587072769308 -1.39440671969036 -1.47223162052845 -0.983861952093038 -0.57350223892971 -1.64665483077448 -2.06867042097681 -2.11009922811732 -2.07719938504575 -2.05095325116783 -2.03031529715863 -2.15235013665342 -2.15028358400134 -2.15867978031675 -2.08954000055035 -2.08395824512632 -2.06279398791876 -1.97883490853229 -1.94606973712786 -1.79840148866505 -1.7292700112578 -1.73166579268286 -1.70087353621076 -1.66991911659529 -1.60063269413487 -1.55598449554431 -1.62040559476875 -1.51393414179043 -1.41749789625413 -1.23404832825745
-9999 -9999 -9999 -9999 -9999 -9999 -9999 -2.34538345731936 -2.25530109071605 -2.11664424207063 -1.84773873004544 -1.70047974014474 -1.63676351562765 -1.54265902664664 -1.37667470691942 -1.33104225685762 -1.31636477659234 -1.18943581326874 -1.10294848761026 -1.09056391454078 -1.02094319373873 -1.05801382254223 -0.97430399307001 -0.86286853413834 -0.96881980724165 -1.13154050029588 -1.31229457040703 -0.450813785562257 -0.131052619152835 -1.39455237832931 -1.93627144901195 -2.17939141608937 -2.18716993424134 -2.15933226503501 -2.19360624008593 -2.22466954925811 -2.26845271465491 -2.21114328512621 -2.15631814484419 -2.13437889520187 -2.08899963581568 -2.04713345771998 -1.95642013116393 -1.9122612339025 -1.82015150068074 -1.74696146846259 -1.70583223357819 -1.69049348314017 -1.64034355573871 -1.60876012587571 -1.53902111891564 -1.55514237808421 -1.47740049727006 -1.32403425454059
