PCA_vs/Initial/pc_2.asc
NCOLS 197 
NROWS 210 
XLLCORNER 56.1666666666667 
YLLCORNER 4.5 
CELLSIZE 0.166666666666667 
NODATA_value -9999 
[rows 72 to 95 of 210, columns 108 to 161 of 197]
-2.06829314957231 -1.98875144989577 -1.89272213121078 -1.82324705702446 -1.67757806889222 -1.58213581273797 -1.5806569616081 -1.60832417850908 -1.52651939628262 -1.28202018024208 -1.36377500454831 -1.17217125279647 -1.02184254915818 -0.804489989980983 -1.02269013719655 -1.1271120252058 -1.38118000842678 -1.35758535777953 -1.35963331918993 -1.38908440038738 -1.34763699078351 -1.216535148874 -1.07853019163927 -1.01168096054373 -1.15448624176352 -1.15506321148254 -1.08533955155928 -1.08343463782196 -1.06452085563254 -0.925222837867524 -0.815192498450822 -0.718814101390377 -0.66169753729957 -0.540916098286747 -0.40862055004495 -0.196798109535403 -0.0745427352819985 0.0130817858093885 0.150113443224222 -0.283447115762013 0.0677970449378313 0.059296213265161 0.062507048321342 0.130062135336268 0.268781260716234 0.378621937588576 0.467149461895276 0.577981919576547 0.717675365311971 0.926549677070566 0.989985731617372 0.954102923614328 0.94077813902646 0.995743396278967
-2.02780759888633 -1.97595013412214 -1.88130210703255 -1.6927803081737 -1.54149219902797 -1.48669000495325 -1.57915877785418 -1.51309767101089 -1.51300101767169 -1.35996148237283 -1.21632056007473 -1.11721446632607 -1.00800034979448 -0.910871845258377 -0.998545284018003 -1.31273678941313 -1.43532518580031 -1.39686052945958 -1.32081793566114 -1.39850672307444 -1.44654956119528 -1.37861527976965 -1.07266320857874 -0.988270943811115 -0.95618058779098 -1.05305903771965 -1.09163820604747 -1.09586565688619 -1.0226508114224 -1.0195683263284 -1.03656414546552 -0.857967001134539 -0.732426849902756 -0.693274832923813 -0.618558317699839 -0.410455911032444 -0.214884711797188 -0.0887083631793013 -0.0290425957445111 -0.0983961239876934 -0.121502912477166 -0.118901052474805 -0.0580246233602907 0.00348816154640826 0.102143319457543 0.20569590734422 0.319555449197961 0.37177039779073 0.416893501617523 0.577969894291456 0.689398009078882 0.840520393202572 0.832660681561528 0.97340488797402
-1.96117909827232 -1.91772137128145 -1.7416441012969 -1.62123073890873 -1.58348793573694 -1.64285130550688 -1.58790837967914 -1.5161717741199 -1.46664651507187 -1.32668418398256 -1.17673706163552 -1.21387977558442 -1.21764959294329 -1.15881368922107 -1.28859512272518 -1.38309503562779 -1.46310394374764 -1.40342130228671 -1.32486917901531 -1.34466625052527 -1.30339294460722 -1.1626458217208 -1.0344597370632 -1.02061343179989 -1.01463819681461 -1.07438087992396 -1.12940209214406 -1.03399025865818 -1.04316904460106 -1.05282171076224 -1.20533214581343 -1.05509296015456 -0.785562834827479 -0.750986747108332 -0.736849067017164 -0.578747165693361 -0.351098442399994 -0.202799556524404 -0.164777834064736 -0.228779154625231 -0.582469464686954 -0.266570022999408 -0.239401611669068 -0.139026493660974 -0.0161101896073287 0.0597246955018397 0.134009490791758 0.11443097573042 0.121308289755376 0.298050947007101 0.487044861233847 0.571925586010752 0.703661548200008 0.911241203894522
-1.98727625919704 -1.94956274918187 -1.69526591959132 -1.57263765421181 -1.60691016994715 -1.67321969612582 -1.62891136039476 -1.5509864514666 -1.40368079673459 -1.11068126546848 -1.19464907171779 -1.34243976391052 -1.38940216972717 -1.44462826781693 -1.38875885259797 -1.44897979672929 -1.53455086475692 -1.41105072055922 -1.40525453432638 -1.27451451389896 -1.24611553560367 -1.21188151464532 -1.01138718809176 -1.04610334802847 -1.08763098940842 -1.12163451806459 -1.07566700751186 -1.01012228850666 -0.96183950183513 -0.970305647869101 -1.05641084969904 -0.987195832141517 -0.92747998231328 -0.801867056488065 -0.758731671083884 -0.635273764224448 -0.472235665344233 -0.39630629095648 -0.388154627940917 -0.337328782915377 -0.32220805935695 -0.501636619056695 -0.754049500337267 -0.265904404950949 -0.126584875450171 -0.0566895102272185 -0.45087248871042 0.0545989102285027 0.0128085716376205 0.187567407168292 0.306200858679128 -0.0434917465633127 0.0821042786614437 0.142818299658498
-1.92055946390262 -1.86977986531775 -1.68839619808405 -1.50275658527355 -1.59370976880721 -1.65166194279063 -1.63024952893075 -1.59520751150579 -1.53608129354133 -1.20551456747353 -1.21071804909918 -1.44909646905221 -1.49830602457039 -1.30307274306413 -1.29793301992659 -1.42815028668774 -1.55564151389808 -1.48568360441285 -1.33192326545468 -1.32174685653791 -1.37261227425379 -1.05925882286837 -0.952682543621771 -1.11100904236901 -1.10784067556001 -1.21502493015163 -1.13629722138891 -1.11671363440743 -0.943249737865681 -0.916819166843407 -0.990998760618285 -0.949444092755998 -1.00531411558751 -0.935013589243741 -0.876658169677504 -0.796843460423047 -0.577995805174587 -0.528051168882827 -0.550324348803143 -0.45273863700164 -0.395007988033847 -0.948952278569983 -0.462981574878897 -0.304876636124398 -0.652862562841607 -0.597367699331128 -0.513413903519026 -0.41223523791899 0.0355908446293105 -0.300597048763558 -0.200825755129982 -0.175987738741593 -0.051776082443738 -0.0308686235049934
-1.90096003327963 -1.77856312075836 -1.46773614257365 -1.51431063172793 -1.66165259309309 -1.71112322467456 -1.74282362082816 -1.68680239598277 -1.5990470281351 -1.43337539345349 -1.30829671481342 -1.40064933733224 -1.38451316707194 -1.29493086929546 -1.40919665376114 -1.3840784046065 -1.44151171141622 -1.35025809643587 -1.32969058184096 -1.3557031275822 -1.26772774634884 -1.00707436463352 -1.06154396111107 -1.05632506430182 -1.14950013436304 -1.24774197498706 -1.18472603904587 -1.19892936585203 -1.04845252848196 -1.0149895231323 -1.03221102041647 -1.00562647245956 -1.06371060480441 -1.02715699223178 -0.942115217329679 -0.877111981572829 -0.810518585122121 -0.817212145747716 -0.778464058086578 -0.622218879528972 -0.645970107404284 -0.989566759588615 -0.56596985807652 -0.367633299858152 -0.741787901775075 -0.70197520604734 -0.57364593136448 -0.484817548389454 -0.465777929501945 -0.397013592388027 -0.339301041808531 -0.247429257756247 -0.206121182554233 -0.155677517713147
-1.82649925871857 -1.75861191778721 -1.3479394634368 -1.52497231419806 -1.77006042071528 -1.74503038739483 -1.73368995787372 -1.70209728580846 -1.56019884269222 -1.43672952206611 -1.27835690343694 -1.3074588104197 -1.32284840765394 -1.35795546821368 -1.30076397057438 -1.2447124491547 -1.23516373253342 -1.18641431848008 -1.30058867027681 -1.3963895786662 -1.34950023008422 -1.24588084870729 -1.1258852705869 -1.01853896600086 -1.22324328928081 -1.26891666136475 -1.21350819775583 -1.28231347805505 -1.22827954301756 -1.06638854908458 -1.0463602544368 -1.0212130929065 -0.990590553394855 -1.04185707935326 -1.02459688895888 -0.925617587073758 -0.874101032694492 -0.880869703867754 -1.12648521753744 -1.09299923649007 -1.06487873666093 -1.02184434507344 -0.978812893932006 -0.847783932650594 -0.833964811405955 -0.761133321206258 -0.693724979078673 -0.567296508811648 -0.495301003037087 -0.485938104510598 -0.486035736158652 -0.353961870009147 -0.275240267135386 -0.174458945775359
-1.70528673760017 -1.66798756556013 -1.62331561858212 -1.79576984716541 -1.81588547421661 -1.71044158088955 -1.67596126257619 -1.65009009327776 -1.52143811661248 -1.39082976341693 -1.37249122325291 -1.28231502696123 -1.25993688990384 -1.27017102271644 -1.23571517120872 -1.14948471197045 -1.14589019992115 -1.26504540325 -1.44052623128095 -1.30795632542499 -1.34590204757433 -1.24636576360889 -1.37210930113849 -0.940472664389836 -1.34481235606013 -1.48737298100836 -1.51759565839429 -1.56709357985158 -1.56871477146941 -1.4481276514255 -1.24743198616479 -1.26645335025809 -1.24170895776492 -1.15590500789569 -0.969363515170938 -0.920280517649634 -0.85404047101186 -1.11178234543366 -1.09312911740455 -1.09174205989118 -1.09265203215281 -1.05728243770849 -1.01702296093426 -1.00932719297849 -0.861931483838654 -0.825825526657027 -0.796538128996492 -0.680485653261286 -0.555829885394909 -0.511427644564811 -0.510201596499206 -0.443594392733158 -0.312022164793876 -0.314375967446304
-1.41574181826202 -1.530697484263 -1.87636221814523 -1.9047521992449 -1.90649099382935 -1.86012653297273 -1.75652610187751 -1.74990474251458 -1.74257897666321 -1.65654334169397 -1.63551616015281 -1.61812417565014 -1.52971200526902 -1.10995604941434 -1.15522087323343 -1.22111496390599 -1.32747012989323 -1.32852772959523 -1.16988780945601 -1.5681347673261 -1.39484737668112 -1.31694168727962 -1.18799956068066 -1.17877529933277 -1.17825774400672 -1.2666880727921 -1.32964921170659 -1.42800374820943 -1.45167174990392 -1.27287017275387 -1.19220143827783 -1.17055075035617 -1.18093277923336 -1.18822234200767 -1.2570708032652 -1.22288833799503 -1.11999863414825 -1.00719582935706 -0.984346983672698 -1.10354483406555 -1.13417204313296 -1.09464555254166 -1.00986766052714 -1.02815695658618 -0.961341451594372 -0.872602377902596 -0.831143487478725 -0.702431599543552 -0.659037515749508 -0.605066642911801 -0.655182413133798 -0.574284192622875 -0.407232040631487 -0.403759889270143
-1.51670150919805 -1.76667495457668 -1.87151880881548 -1.82525404002572 -1.8230251318643 -1.8084538010086 -1.69238167554063 -1.6460567747599 -1.70280734475994 -1.67272486467413 -1.64314939355335 -1.620861901265 -1.57452013655665 -1.47030445127859 -1.62309381249671 -1.67891549916796 -1.58937175182671 -1.5099329616064 -1.53836410067457 -1.47063926654286 -1.31690524352725 -1.31848881981757 -1.26381023712962 -1.23940378723923 -1.26776834024327 -1.22711663371566 -1.35569812300917 -1.29101251509276 -1.34947064642815 -1.20622749516703 -1.16627159605241 -1.18791999554817 -1.31506104730968 -1.46872191861642 -1.42189448560383 -1.31306234179475 -1.28173646626598 -1.14885802415082 -1.06653908978762 -1.12919937889576 -1.12804135930851 -1.04364719122214 -1.02823911075814 -1.01506099333039 -0.996703781336899 -0.917803167239876 -0.907984278343936 -0.766048975802022 -0.735269527996855 -0.727569419175269 -0.733243537394096 -0.72793683340307 -0.581954264355692 -0.492823594134555
-1.62261205691941 -1.66117580142552 -1.77598630627124 -1.75278592826964 -1.72573199052581 -1.76533631332497 -1.66446889919331 -1.50570983543608 -1.56974423633434 -1.62221011990605 -1.65232086177195 -1.67735636225157 -1.69664649219474 -1.69004091444087 -1.65216013351522 -1.57144940262204 -1.39491882806267 -1.30787025345114 -1.53828070957356 -1.34431136395528 -1.31375667023066 -1.29564554333199 -1.45210661283727 -1.43614875910624 -1.34009446302827 -1.3256855625925 -1.38414988475794 -1.27714582856054 -1.16470522022505 -1.20163133895516 -1.26347430295673 -1.27331711945747 -1.45005143291587 -1.64969284684834 -1.64105249521407 -1.53477359132917 -1.50504671913361 -1.51299866599087 -1.31143179856119 -1.19239217905367 -1.23522516280115 -1.13544908400724 -1.11796801356216 -1.11187841891734 -0.987308366085279 -0.936228970975151 -0.88176852145902 -0.868885423433472 -0.896999804364659 -0.796263714781477 -0.790714528361749 -0.762033491919832 -0.683914308129824 -0.581050705842973
-1.56573597251693 -1.58484955241217 -1.60515966305993 -1.58591179564083 -1.6058538859074 -1.6374240882655 -1.54664751507626 -1.4074271274521 -1.4741059032235 -1.51780830090602 -1.63762517667358 -1.67957854610469 -1.80471192610393 -1.79029491952832 -1.59837721941804 -1.50705909206326 -1.36680041878291 -1.25277891343654 -1.49498835296308 -1.25906242951247 -1.26807220082852 -1.2864384766822 -1.44321944409926 -1.45562288600192 -1.38647152038942 -1.28136478948678 -1.32422737520386 -1.4128759837548 -1.41686578852804 -1.46099715589982 -1.42539637125593 -1.4139053136517 -1.47731129875169 -1.63691534705323 -1.70164677110262 -1.68694290061828 -1.51609551565156 -1.47695298596255 -1.33778481756224 -1.32782241095111 -1.44633276128912 -1.27553279114942 -1.20528914765026 -1.16161041275451 -1.02012933593196 -0.925398594431724 -0.860235193024412 -0.917067455403655 -0.992470387226879 -0.856439458018482 -0.834519333188328 -0.785166798440741 -0.724098168397344 -0.636559236673071
-1.38387696819149 -1.42519393121808 -1.52931539563242 -1.46762268568811 -1.39961315058795 -1.41037647846929 -1.4423983814437 -1.32816099306227 -1.43562016695232 -1.5237737866691 -1.57091380622896 -1.63714530126588 -1.71507196129759 -1.74235847242109 -1.67271486283263 -1.60097327393564 -1.39830573414712 -1.25396999513141 -1.49024775955634 -1.27950883578589 -1.19246354276911 -1.25882106016403 -1.29195580689472 -1.41534563133569 -1.34875140361832 -1.26952493397128 -1.29933013601002 -1.45894314568597 -1.50591826967298 -1.60139759299262 -1.5478245195909 -1.54450871360532 -1.59792341840638 -1.61438081455914 -1.68468251635442 -1.58406062546928 -1.38310748930341 -1.26461373352361 -1.30384664932204 -1.38385151637157 -1.45588810069078 -1.31014002158116 -1.24904076318308 -1.12393641759873 -1.06368778020882 -0.923287171552627 -0.940276204013861 -1.03506838837679 -1.04097488177906 -1.02336688056441 -0.891844607500341 -0.813863245526541 -0.68157278778885 -0.651735259773825
-1.36615482181013 -1.35740232845641 -1.4274126077558 -1.27971872249626 -1.34187089989499 -1.32591423320751 -1.24438479317666 -1.22654398272875 -1.40869910228541 -1.48728214868956 -1.49042499822206 -1.54384306078319 -1.64075972080016 -1.62731819928418 -1.64192449701099 -1.61315769049605 -1.485607098015 -1.25814999044126 -1.42118038330239 -1.25622961436533 -1.19432018520968 -1.24277316722626 -1.20338261724411 -1.21230858503983 -1.25971862101032 -1.28737989890402 -1.3333006092841 -1.3960973725501 -1.43234089050589 -1.48644558286299 -1.4727352974998 -1.50644466956509 -1.48842892972115 -1.47532346157733 -1.58058461288932 -1.45067143554306 -1.29843898618304 -1.25607915465723 -1.33016268045065 -1.35062325744025 -1.19075589452744 -1.2286145912666 -1.21227273664171 -1.09161010359847 -1.05295941119247 -1.04048266598083 -1.11086050602378 -1.09671120172094 -1.06173316866495 -1.03032440316996 -0.865556671295576 -0.848921569058018 -0.788782652635138 -0.72426092393132
-1.28666961238242 -1.26638177930375 -1.29194100418968 -1.34980388474946 -1.26917339276418 -1.27996694734617 -1.11116607669055 -1.09064513826451 -1.11756544766317 -1.27336952497878 -1.45312883147943 -1.52719138712201 -1.53872673331943 -1.5117500139993 -1.55809589403499 -1.56436918041447 -1.43982024607542 -1.23695520533368 -1.30813249356491 -1.26330641509769 -1.15433842033984 -1.16299710822873 -1.10159658287942 -1.12012210196051 -1.15390457705259 -1.24251773901417 -1.25126672221255 -1.26556054689168 -1.26266978994095 -1.32368797199906 -1.32209211095628 -1.23452157885664 -1.2459184667602 -1.39541717358739 -1.41643246875469 -1.32618870543342 -1.24372806999463 -1.18042167341636 -1.23160283481168 -1.15058796199276 -1.08015922300678 -1.14983284927504 -1.10600182581141 -1.11635592648555 -1.07494243443006 -1.12673360830677 -1.21156398029241 -1.16227241373334 -1.06158366510429 -1.01246530566217 -0.828113012132278 -0.721745815391737 -0.666178602867273 -0.745148644913806
-1.2981567641652 -1.27153709047013 -1.35629602102377 -1.19141492809552 -1.16307674339825 -1.24513011994759 -1.21284496833181 -1.1816835118579 -1.18783712836038 -1.19762638142708 -1.35337725994318 -1.57090499599226 -1.51509030617182 -1.48236911935774 -1.49064590152089 -1.50627784917133 -1.38075121898666 -1.18626715574836 -1.10161201541128 -1.13106417296955 -1.09428366991447 -1.03046815271585 -1.02395820484062 -1.05756710039113 -1.05084085499673 -0.935654513466204 -1.0395211081028 -1.04371777498447 -1.07374314559878 -1.16538672598581 -1.13899932176397 -1.12111154146287 -1.0987965896612 -1.26840498084029 -1.37129611097271 -1.23417760842237 -1.02257633381684 -1.00935728425694 -0.999685939538268 -0.909749518640955 -0.930559188126239 -0.976538463930719 -0.981184985177176 -1.02112689919208 -0.969484399727281 -0.968817148987473 -1.15091728527529 -1.12289677626488 -1.0541691425449 -0.85169088960612 -0.749385458482198 -0.648027735506161 -0.615546570346998 -0.712078363829224
-1.31840420741893 -1.24761717997549 -1.32753173431835 -1.1998368861462 -1.06680834019284 -1.10316374136858 -1.13212270447129 -1.15161642315488 -1.1866168362223 -1.19763858001992 -1.42618019869868 -1.43909816187383 -1.48630201941548 -1.45709021972519 -1.49323131104317 -1.49392867039127 -1.34004811753583 -1.20343415093089 -0.9783175642357 -0.952629807226376 -1.01879704200355 -0.996215505793229 -0.969637694389113 -0.930327300338751 -0.873331631839312 -0.717389156080245 -0.864365467093501 -0.879421500349742 -0.971694771195287 -1.02870533440014 -1.06526152360521 -1.01855225696416 -1.00237580769193 -1.11588776164333 -1.16215929365155 -0.970867217422434 -0.795744156087331 -0.827763556597774 -0.884635047566405 -0.875542156875774 -0.853365985317056 -0.852714740584222 -0.865536797849968 -0.766514082548388 -0.804602564617754 -0.858097270901753 -0.876532849279209 -0.841561034496247 -0.913440942230097 -0.771450526084463 -0.677243914630557 -0.630937213248769 -0.60935153979721 -0.659308403082445
-1.18470302713774 -1.15143553275338 -1.21227703087063 -1.15072668092739 -1.0267124153614 -1.01006506857007 -0.987956226976999 -1.05491279002999 -1.17692341335256 -1.1872277678012 -1.39542031295032 -1.34288972941303 -1.32011696087474 -1.40280708315402 -1.40811367643416 -1.41883401238941 -1.33879738134357 -1.15713374979936 -0.918012466559862 -0.902814623474891 -0.953934778409845 -0.977946127600664 -1.05308034296993 -0.981788271645683 -0.876239160584002 -0.612340672668939 -0.612667856992202 -0.737315227693011 -0.825261493737689 -0.979769428040365 -1.00429621932324 -0.870462828075071 -0.858288688798984 -0.923016018349431 -0.916277024517869 -0.828362627192012 -0.847445341122469 -0.921237462975681 -0.876743803359525 -0.8071817075448 -0.714483876883877 -0.726090326379898 -0.723005629714218 -0.660882952347404 -0.664062421133872 -0.733824229046918 -0.712740558850932 -0.765604317684905 -0.83358306335655 -0.731206716147152 -0.670573630566665 -0.646923155596008 -0.616866344608632 -0.583912698669736
-1.16086637769043 -1.07656968720178 -1.08584158628331 -0.983613662623906 -0.978967564598516 -1.02370141045279 -1.0757038496749 -1.16459658839867 -1.22771080339289 -1.28973043162514 -1.32623603782986 -1.27394988473084 -1.28661041885893 -1.2965242701353 -1.40558153901681 -1.31158600486875 -1.17540516087269 -1.10707386872998 -1.00783594425565 -0.931289911968217 -0.949982350478319 -1.04477003969098 -1.03382090650143 -0.974860962646927 -0.833666183033877 -0.641468137177411 -0.601866522704261 -0.618955398824267 -0.731736955358 -0.814299931840514 -0.780779548222814 -0.627570904322306 -0.68362984610715 -0.754145408360343 -0.91938207229366 -0.936764089826927 -0.911981328285701 -0.87321411525155 -0.742626589262262 -0.773268539626199 -0.743974033709736 -0.667941463950693 -0.603969141934746 -0.560346810264019 -0.610141139719114 -0.724296800978708 -0.696248942099872 -0.756338260768057 -0.72362909188692 -0.576898007079474 -0.549158079059647 -0.521761424425157 -0.534614406616231 -0.547636346898764
-1.20544126240005 -1.14713283224197 -1.12692387993755 -0.972682582666715 -0.920657041439579 -1.00078492688541 -1.08870043651037 -1.15241530115017 -1.17904957852091 -1.22572055194562 -1.24659241793689 -1.25731686698483 -1.24726916164298 -1.28241289649706 -1.29202191617734 -1.25368343548027 -1.11084044842759 -1.09511383551726 -1.07696517397261 -1.03725697196915 -1.00150909890529 -1.04276303207021 -1.0412705275044 -0.991721906160695 -0.735102730217675 -0.602971664009142 -0.460507244491204 -0.464182119760062 -0.534322212190745 -0.526444818748411 -0.415158159982145 -0.42370389194615 -0.626839356562906 -0.878564239688653 -0.928359104701899 -0.890544834372978 -0.868468846964844 -0.799102535692766 -0.678354131270427 -0.754606802871491 -0.696780393685162 -0.587572676006998 -0.604673703675177 -0.620224064329408 -0.617671022821503 -0.565321927611701 -0.608408423944096 -0.658904067782571 -0.561137914454665 -0.492051259513908 -0.408089919497291 -0.525678875601118 -0.533623812151816 -0.514800589857979
-1.44389413740338 -1.48264608542647 -1.25745008532483 -0.897089136606605 -0.903981789221374 -0.971662209769272 -1.03107387054994 -1.11404316839888 -1.22148988810177 -1.14740870028115 -1.14298116260591 -1.15339022628121 -1.24339807815361 -1.2502109873588 -1.22984139710579 -1.15963886348903 -1.08858251939195 -1.0787037022681 -1.13841970458936 -1.10534218202926 -1.0104755568841 -1.01722217628411 -0.937884998142117 -0.830255147087793 -0.616504043200399 -0.451417654908138 -0.331006224495588 -0.354239191226959 -0.356375737240078 -0.430277775960003 -0.385331888598157 -0.529420702009981 -0.659484825256238 -0.778279020538672 -0.771159438443153 -0.87173659844872 -0.904013768827593 -0.83906657746362 -0.708108835654033 -0.751253895057796 -0.753387784996372 -0.708866898922581 -0.666609275895069 -0.64755992628439 -0.607323607154323 -0.548742966991036 -0.603322176632965 -0.511265060648 -0.494104582368021 -0.501938654378743 -0.537598822127037 -0.523924763532553 -0.299626978845689 -0.18459219796722
-1.59768944771578 -1.46768023189316 -1.20909658025589 -0.911218434715471 -0.884677819067279 -0.928267603628693 -0.978365866681424 -1.07270932119326 -1.16416026464472 -1.05426468397829 -1.04003322483511 -1.09209388283841 -1.17470187656523 -1.19117153070956 -1.18396322641783 -1.10956465599993 -1.05709162645136 -1.00891467776569 -1.13448714908261 -1.08625175794056 -0.936952789492493 -0.808755202545449 -0.642020999407732 -0.643438608162253 -0.453891225508396 -0.303919105245275 -0.227791313630323 -0.181866752703151 -0.217251994882069 -0.421785444269034 -0.43745307347648 -0.345877861545354 -0.546547621472126 -0.739835624636996 -0.737498293939712 -0.745817870540655 -0.845053918312116 -0.823519845442599 -0.781715021960531 -0.746140137088324 -0.70583656198234 -0.663855236343361 -0.645366533540596 -0.638583436456746 -0.58395211471551 -0.483053032484674 -0.384169110987376 -0.278794377836722 -0.385114776843009 -0.290428446213071 -0.437702433005286 -0.217690921680396 -0.126556969928567 -0.0791807158251118
-1.4300344147297 -1.2638035030013 -1.19291413886121 -0.938243445054916 -0.86937735743594 -0.943527761333178 -1.04001918073721 -1.06906670747743 -1.0943143870237 -1.03802706908586 -1.0087220098413 -1.0513381770698 -1.11001748598172 -1.12680079673992 -1.07458757779532 -1.04350579558252 -0.939015038738331 -0.910301703135913 -0.987932189829359 -0.951411115811894 -0.857844065918873 -0.686475271867925 -0.534668271731243 -0.437183959836142 -0.288221662722907 -0.205170472746273 -0.131505800735591 -0.111424133857549 -0.187907620513768 -0.386499362085762 -0.383194619792074 -0.256192503108447 -0.555390786457427 -0.570141708525836 -0.550897855091627 -0.530319066739331 -0.651183490717232 -0.673893040040471 -0.593075164313637 -0.575093416926059 -0.502871266466908 -0.507925887285989 -0.559012413545844 -0.486112380773562 -0.462018683831113 -0.433352192053962 -0.261189171835738 -0.152709035322011 -0.133054523927653 0.121179677952958 0.0749097476800604 -0.0783787423038898 -0.0416255315351791 0.00801896348731126
-1.27311504130357 -1.07524560406249 -1.02666660362465 -0.896797666344256 -0.769372869865057 -0.905787003318688 -0.97974266332053 -0.994550149460186 -0.995474300597456 -0.982565288288752 -1.00853943648593 -1.00788883674215 -1.02939896020408 -1.04409892652945 -1.01469534439997 -0.998376531123567 -0.837322369822758 -0.815845987436553 -0.797571689234986 -0.838645107371775 -0.703036226838635 -0.550371248090484 -0.419865138962715 -0.320967476879478 -0.183410329508896 -0.0668149978410855 -0.0627695089745253 -0.105074706226882 -0.217208872939371 -0.249782505028715 -0.281210871239998 -0.386724229956617 -0.468156566057052 -0.406067743481213 -0.394508240138215 -0.419865968812775 -0.486946938667376 -0.424270882402356 -0.378227029813798 -0.332985922708782 -0.251406744708577 -0.334664891325168 -0.494519737454687 -0.457353276847134 -0.351411057595879 -0.238683359291708 -0.0408836401566687 0.308647743867668 0.308690153545466 0.326945843246072 0.316957756757096 0.128805078748542 0.159626838183204 0.189512128918896
