PCA_vs/Initial/pc_2.asc
NCOLS 197 
NROWS 210 
XLLCORNER 56.1666666666667 
YLLCORNER 4.5 
CELLSIZE 0.166666666666667 
NODATA_value -9999 
[rows 144 to 167 of 210, columns 108 to 161 of 197]
3.17271998307222 2.97745671575237 1.87923562539894 0.888038447751101 0.465245486621808 0.163288565165725 -0.0127269322669396 -0.0838820097899358 -0.0531524060355657 -0.142130967968958 -0.257135107419724 -0.338692944744583 -0.33500797150061 -0.358813314559523 -0.490622747154687 -0.429073103378026 -0.332462090790615 -0.251017094386296 -0.154870914163649 -0.148839291992931 -0.209947883840429 -0.344036932052114 -0.413802623449215 -0.486358195927931 -0.65282191821678 -0.630757150067618 -0.512621058691403 -0.309781425905886 -0.417615417124665 -0.339170220439478 -0.252266641139962 -0.0758805164779138 0.155040558887106 0.30582729665316 0.470865745899556 0.477153793978966 0.314383088662318 -9999 -9999 -9999 -9999 -9999 -9999 -9999 -9999 -9999 -9999 -9999 -9999 -9999 -9999 -9999 -9999 -9999
3.43127479290376 3.4561510280432 2.3076420373849 1.28749544140438 0.695510553532105 0.243849822646334 0.0667787126385772 -0.0205327641949638 -0.0418073147768883 -0.112579165580562 -0.316503937789017 -0.345284497944769 -0.369591530144262 -0.285065996609038 -0.359023635300161 -0.426486713929579 -0.418170407955917 -0.406895320887435 -0.378552021431889 -0.324975693503304 -0.331354375822209 -0.25580631854238 -0.384953724810927 -0.646189690484905 -0.664098457518272 -0.610015327687537 -0.52247206436275 -0.21752440567871 -0.328672351648435 -0.132956704050178 -0.11954163128456 0.0206079490948026 0.203638576215627 0.349969373471386 0.408728703713049 0.495442953111209 -9999 -9999 -9999 -9999 -9999 -9999 -9999 -9999 -9999 -9999 -9999 -9999 -9999 -9999 -9999 -9999 -9999 -9999
4.09877212231033 4.00586369746928 3.03137286525252 2.09731002390357 1.21657602229232 0.584608750156594 0.186589054956246 -0.00128542881002352 -0.115964647930324 -0.172531358389083 -0.316744060598973 -0.341980777326122 -0.343949506691665 -0.219620609043895 -0.115282734419073 -0.384720676448813 -0.510587714834902 -0.521509756297692 -0.529610377427184 -0.490941490730902 -0.432479709163064 -0.496708919576164 -0.553107267668638 -0.651548531969234 -0.701685884248324 -0.620024498476112 -0.536643625246888 -0.253689971364309 -0.318202537429892 -0.178819368213296 -0.0564965063305882 0.0516405812239198 0.210780186892792 0.313372334303339 0.394250522220118 0.505306511441622 -9999 -9999 -9999 -9999 -9999 -9999 -9999 -9999 -9999 -9999 -9999 -9999 -9999 -9999 -9999 -9999 -9999 -9999
4.02575067157112 4.06893624914896 3.61681085054632 2.97944025051765 1.75216502836503 0.79340962808805 0.235788619472246 -0.0165469112166182 -0.1309208012076 -0.204118363174727 -0.245026457717467 -0.29005750857564 -0.359247507959355 -0.251959317107117 -0.205739806206269 -0.451877152036128 -0.640578858096809 -0.616775914390324 -0.545524100431341 -0.586987016989738 -0.559831752804291 -0.596797390575081 -0.70610317989182 -0.695246266214588 -0.629965222580202 -0.631271184088598 -0.587446858398732 -0.37793570076541 -0.422875581200207 -0.167975610224268 -0.00245344107599989 0.089962398457386 0.178426484517337 0.285647457428116 0.419905707353614 0.496939979058709 -9999 -9999 -9999 -9999 -9999 -9999 -9999 -9999 -9999 -9999 -9999 -9999 -9999 -9999 -9999 -9999 -9999 -9999
4.50656189016071 4.53343527748338 3.96304074026831 3.35505193167878 2.10027682545327 1.01041503854783 0.386767560603951 0.089830061177229 -0.0757560428824015 -0.197428214386085 -0.205775757321564 -0.298415875125098 -0.374453374339906 -0.301605384437286 -0.412454488269582 -0.501547689235343 -0.609526486294052 -0.607350682847853 -0.542309660174703 -0.542076577486381 -0.573553635921497 -0.626390857421115 -0.651377201103151 -0.74266604445061 -0.614832433348102 -0.588145250556044 -0.595295418313922 -0.552391717096631 -0.364427857481392 -0.246922640452636 -0.0203711772921666 0.105680253053262 0.185671254761405 0.190365141644084 0.288149590055657 0.327081098500053 -9999 -9999 -9999 -9999 -9999 -9999 -9999 -9999 -9999 -9999 -9999 -9999 -9999 -9999 -9999 -9999 -9999 -9999
4.48675640351921 4.62089261906851 7.29420990263188 3.80092516176555 2.58199866999657 1.43175214492143 0.614540030941149 0.198128427204668 -0.0986544561555285 -0.207663773657148 -0.241475005191888 -0.268214846486893 -0.28131928815229 -0.336463774415378 -0.492673500537541 -0.618343122868549 -0.635819157337139 -0.459301860907396 -0.499584798727123 -0.515072255360155 -0.516437462993892 -0.531338256992558 -0.586241786902009 -0.646010703638833 -0.625223203020838 -0.559809563986687 -0.553460750279521 -0.509329202064859 -0.158588555566979 -0.152711544097486 0.0173193981379921 0.106316376816841 0.187610201021491 0.172539437579522 0.269770687896908 0.342512672142697 0.399885230190453 -9999 -9999 -9999 -9999 -9999 -9999 -9999 -9999 -9999 -9999 -9999 -9999 -9999 -9999 -9999 -9999 -9999
-9999 7.11218648803685 7.71111587804972 7.31731220894219 3.32894257410859 1.81422377132871 0.720986352626951 0.239221236138924 -0.137154773532232 -0.240589291829554 -0.263656304929845 -0.236613652431988 -0.240830298549057 -0.297696831612842 -0.491978693895451 -0.616698572471621 -0.616392804071617 -0.506150763325484 -0.485337761567833 -0.48046730296644 -0.417705504746423 -0.442758440738752 -0.424400577624901 -0.442555762525552 -0.510724118380376 -0.510216393261394 -0.38807469605626 -0.376326391893352 -0.193854975057503 -0.138428450803348 0.0131328782684982 0.187641998004227 0.291301969480342 0.388739489740183 0.498212850003499 0.496419904921763 0.402171982606053 -9999 -9999 -9999 -9999 -9999 -9999 -9999 -9999 -9999 -9999 -9999 -9999 -9999 -9999 -9999 -9999 -9999
-9999 7.50124165045984 8.34049197629898 8.48769182161158 3.7373195434697 2.04324351752885 0.999719960755326 0.371376433694322 -0.0778856945780065 -0.244309475509392 -0.329959966862309 -0.274577012335635 -0.150498291299775 -0.179055245385809 -0.422070985485893 -0.591131417485233 -0.603469321094872 -0.469331830884537 -0.482514317552495 -0.456020289894407 -0.429205655558551 -0.336750260303533 -0.223848789004935 -0.246417951261581 -0.226702987998881 -0.340108922618669 -0.204113152501345 -0.176604322310115 -0.0215085454154537 -0.128872454942349 0.000906913274532753 0.296872576005621 0.48294461098559 0.559377680868258 0.624515823991182 0.582873214137457 -9999 -9999 -9999 -9999 -9999 -9999 -9999 -9999 -9999 -9999 -9999 -9999 -9999 -9999 -9999 -9999 -9999 -9999
-9999 8.06300495902759 8.91460219218753 9.0966964399382 6.48489109388093 2.60527445006575 1.44754252598562 0.494931198534576 0.0225454782307077 -0.144248305499648 -0.179226979629003 -0.19610510664962 -0.095797504766502 -0.106586774493581 -0.380038960129813 -0.595234756117535 -0.599215123589584 -0.427104580133279 -0.323111877871389 -0.326982122317367 -0.233970637443828 -0.209139698232476 -0.152174926379117 -0.174954871651876 -0.108219460348126 -0.259176892797011 -0.213853401409225 -0.238501967484932 -0.0463749469625044 -0.0563683666121651 0.0114586301468687 0.318591868793974 0.523362385214247 0.661755961290579 0.691686844720936 0.660392307323183 -9999 -9999 -9999 -9999 -9999 -9999 -9999 -9999 -9999 -9999 -9999 -9999 -9999 -9999 -9999 -9999 -9999 -9999
-9999 -9999 9.00264365505197 10.0639128460421 8.41229542804814 3.86966120935181 2.30184894141708 1.12389536827209 0.338523952736894 0.0885769599865263 0.00601699527622641 -0.117004638805653 -0.121592346662944 -0.243404352314689 -0.378106979931756 -0.502649029377578 -0.551322255223844 -0.40380406066788 -0.250327013323549 -0.246004073273708 -0.159782539903327 -0.0776384317423187 -0.10005395084664 -0.14662439350118 -0.1819658722397 -0.189826941808872 -0.0608868992103323 -0.120264404619907 -0.0831357230272634 0.179615383919472 0.260956583252505 0.356689203283954 0.57975979110353 0.737971105578444 0.767743847162543 0.666417229316708 0.707367081126613 -9999 -9999 -9999 -9999 -9999 -9999 -9999 -9999 -9999 -9999 -9999 -9999 -9999 -9999 -9999 -9999 -9999
-9999 -9999 8.87815829084498 9.66952013985422 11.6063503142783 5.94915905493624 3.48245369952301 1.9985296882779 0.973068075227831 0.409257506747013 0.0602983362760633 -0.1437548879214 -0.228314451577974 -0.295275492507285 -0.314367734632257 -0.347999011816824 -0.373030777319038 -0.235934577301464 -0.202065242782432 -0.285296473295195 -0.188865927425716 0.0357072733817155 0.0151209433972165 -0.161350588019006 -0.19903471653058 0.00684736973212648 0.0305158612060005 -0.0798252232532463 0.0768291928175355 0.254267428578896 0.623661616896887 0.540160043621852 0.602888333442667 0.788020116461828 0.850789255026412 0.818867742411071 0.84864476065435 -9999 -9999 -9999 -9999 -9999 -9999 -9999 -9999 -9999 -9999 -9999 -9999 -9999 -9999 -9999 -9999 -9999
-9999 -9999 8.43625038166313 8.95705977676009 11.0184821697523 11.1033369336902 4.71031907142868 2.98447944537851 1.69140665842578 1.12988643853883 0.282114673160165 -0.12798230044996 -0.254880137886186 -0.294556228025979 -0.289660356529891 -0.298376131281189 -0.345124919866808 -0.0994252333553749 -0.173329352007262 -0.16250555699593 0.0304269975517775 0.22492809861341 0.0928303440359629 -0.00726217069200631 -0.0652049632794725 0.2666869360354 0.232649712214634 0.232544923413471 0.296011622021326 0.354676607514732 0.441898408246202 0.471075346788322 0.636410309771066 0.729672350851238 0.952779417402069 1.09363836610834 1.01890205216128 -9999 -9999 -9999 -9999 -9999 -9999 -9999 -9999 -9999 -9999 -9999 -9999 -9999 -9999 -9999 -9999 -9999
-9999 -9999 -9999 8.84746069801305 10.0199517999148 11.0864935509609 8.05291484376416 3.75700158669976 2.72033518648852 1.96878269874698 0.434617815710359 0.0221106828300409 -0.059949528860706 -0.151745059190329 -0.119251891928289 -0.162764541798629 -0.213565357724581 -0.0388113748842984 -0.00238037602417172 0.0633046008600981 0.249536191726866 0.373655615406454 0.286665489174288 0.265534586229185 0.171677288612717 0.24035855030684 0.352330315220881 0.478630733164113 0.491899506920701 0.395566083095725 0.525886533881266 0.601129350126307 0.723044421309821 0.849276566638518 0.969127520695215 1.13400236321508 0.759518680153719 1.01788449080138 -9999 -9999 -9999 -9999 -9999 -9999 -9999 -9999 -9999 -9999 -9999 -9999 -9999 -9999 -9999 -9999
-9999 -9999 -9999 8.36148270115104 9.18467650454457 10.0541373464912 9.14092650817778 7.04900423153611 3.23832020550759 1.68698287163145 0.652325090877656 0.231613716428573 0.0830082995386131 0.00489095548408838 -0.0448482176027631 -0.0989019161698804 -0.0900755095072805 0.00730476573223624 0.0440296280014194 0.193688236377404 0.272381982900216 0.233284298774084 0.15844654754849 0.131499127694936 0.224234829859535 0.264074303206797 0.36898239030544 0.528970379040068 0.425420091777536 0.466480716371618 0.60807144175324 0.611146326586991 0.715709066287822 0.857850269071547 1.00971508861129 1.05239998153323 0.768505224420228 0.691266492375573 -9999 -9999 -9999 -9999 -9999 -9999 -9999 -9999 -9999 -9999 -9999 -9999 -9999 -9999 -9999 -9999
-9999 -9999 -9999 7.65438103093023 8.35253843435761 9.10626982318478 9.51684166191166 8.1245129143523 6.58789395355602 2.61292305115798 1.16906334583183 0.56807467397383 0.327999350322141 0.140995519851055 0.0528127589100535 -0.0195382793241084 0.00257772277009888 0.0944170928322643 0.137791714891228 0.309680335044718 0.370405826835631 0.260892922178723 0.161946945625627 0.209034432290105 0.241892100457011 0.231609962729653 0.290433198318749 0.484439879162314 0.531318810486072 0.64140169947625 0.672625767110284 0.645790037300646 0.772274065367464 0.868920912456285 0.971957358211206 0.661702610569212 0.740794998752779 -9999 -9999 -9999 -9999 -9999 -9999 -9999 -9999 -9999 -9999 -9999 -9999 -9999 -9999 -9999 -9999 -9999
-9999 -9999 -9999 7.24040152945118 7.50239381380217 8.222605871555 8.75781962249927 8.07925756380782 7.43812479389514 3.53325256341007 1.7370344836758 0.759936032244643 0.462031590966666 0.299648632259309 0.216701431574102 0.0862351230879948 0.0738286100542059 0.176284705179743 0.326923002031956 0.449743073934371 0.536780110858337 0.338609323639394 0.201836214892648 0.225774075824193 0.241417507901566 0.23458364239531 0.362686485257707 0.291780680294971 0.437124768798861 0.636088804225428 0.726322291561545 0.680979719547764 0.875759814656018 0.971737205074969 0.732669122388528 0.701178456509951 0.753912540452049 -9999 -9999 -9999 -9999 -9999 -9999 -9999 -9999 -9999 -9999 -9999 -9999 -9999 -9999 -9999 -9999 -9999
-9999 -9999 -9999 7.09658439331473 7.49484111338794 8.22182631887233 8.4808364926451 8.0570897795292 7.28679855366605 6.69323287909822 2.02816583837334 0.792053812404716 0.573036715685522 0.431348069969906 0.341396971291304 0.214688654746376 0.150021513005226 0.224997610754121 0.341057357629583 0.441096909942015 0.549341927075582 0.573926895401778 0.376252719223763 0.304628688399481 0.338457205709309 0.429508843205158 0.339669124055802 0.504258353843249 0.823276872758109 0.984897610934742 0.97518206100185 0.919485920145867 0.900972852847445 0.804679621216965 0.832528586810989 0.903543521123093 0.919984795106862 -9999 -9999 -9999 -9999 -9999 -9999 -9999 -9999 -9999 -9999 -9999 -9999 -9999 -9999 -9999 -9999 -9999
-9999 -9999 -9999 -9999 7.50417452342111 8.20199813508641 8.7349592451149 8.62428338612646 7.73770473805092 6.04124018123101 1.99784332150088 0.87695258662359 0.634355963423521 0.47110580997568 0.361685536321123 0.308140016275451 0.359209914189534 0.34332815066847 0.267671167655623 0.33773869253618 0.599919100080362 0.75909713223954 0.661611977784228 0.51419870766383 0.535531052043003 0.534979194215164 0.634297838356512 0.898241681499638 1.25609708519859 1.24428259154846 1.19181947800517 1.13807944852777 0.868958012181158 0.834153300816591 0.95658975745194 1.03757504336028 1.09508081530412 -9999 -9999 -9999 -9999 -9999 -9999 -9999 -9999 -9999 -9999 -9999 -9999 -9999 -9999 -9999 -9999 -9999
-9999 -9999 -9999 -9999 7.29616518344469 7.88182165377599 9.09393384801658 10.8256990031281 9.42931139292935 5.83739266715307 2.15866951350953 1.27579731589359 0.836671807588682 0.63264349270773 0.405664307128426 0.430455352652781 0.474178321601146 0.411422307609194 0.234811559305867 0.253511530577393 0.537304221787176 0.784625249856516 0.950890016888056 0.879924583228927 0.710389528220976 0.607343593897316 0.802154628160631 1.25931674998224 1.2677741683217 1.29965372276107 1.30779960152994 1.1729589499698 0.985637880191016 0.974511982870837 1.02996571488506 1.14549899804534 -9999 -9999 -9999 -9999 -9999 -9999 -9999 -9999 -9999 -9999 -9999 -9999 -9999 -9999 -9999 -9999 -9999 -9999
-9999 -9999 -9999 -9999 -9999 7.42035786755492 7.99629382563763 8.90963670593508 9.78642275139965 6.38115928691654 3.94803303932325 1.90313994112492 1.17241373429869 0.76279844853237 0.5205981909222 0.501750128345446 0.49999711356417 0.469444429480947 0.3566928167143 0.294749337178782 0.426971604031019 0.649202921112681 0.923650133386504 0.949563797532498 0.727237363747061 0.69315266644446 0.791255633730806 1.10259599249371 1.2639242202631 1.24575721648215 1.23693833441731 1.00516634654666 0.945255912444669 1.04402698064037 1.17941889619012 1.19761054696586 -9999 -9999 -9999 -9999 -9999 -9999 -9999 -9999 -9999 -9999 -9999 -9999 -9999 -9999 -9999 -9999 -9999 -9999
-9999 -9999 -9999 -9999 -9999 7.14798409935838 7.09196652765273 7.64670156506518 8.56150391261542 7.82981375803707 5.7849256616455 2.81591962527341 1.76898087821079 1.02647780479458 0.74531938733096 0.566513560886845 0.594214147688036 0.640426896772942 0.544299656876531 0.362486544720696 0.733587790761897 0.674958886772313 0.837113142517767 0.966915549745319 1.07645608978691 0.856987499326584 0.902246756207377 1.05263552519947 1.09700885391317 1.14020268503559 1.19968003857034 1.02350433584883 0.980972688646661 1.18730164436128 1.32990304255661 -9999 -9999 -9999 -9999 -9999 -9999 -9999 -9999 -9999 -9999 -9999 -9999 -9999 -9999 -9999 -9999 -9999 -9999 -9999
-9999 -9999 -9999 -9999 -9999 -9999 6.53500222489621 6.71510039155681 7.42253603239451 7.70800901941706 6.91630717766698 3.63318683181258 2.25378813765868 1.47278409599293 0.993986001080166 0.729730972289293 0.720136176745416 1.01459329858141 1.23320307963143 0.666390224100076 0.852904264257915 0.767981154600937 0.833033312953499 0.996307385337976 1.49862234886509 1.30935476193392 1.42532449049781 1.49525567451689 0.973330239503096 1.1125538528674 1.21184466929149 1.02834549469147 1.17281450749054 1.45807275567307 1.52445431271958 -9999 -9999 -9999 -9999 -9999 -9999 -9999 -9999 -9999 -9999 -9999 -9999 -9999 -9999 -9999 -9999 -9999 -9999 -9999
-9999 -9999 -9999 -9999 -9999 -9999 -9999 6.73516710410762 7.09648158608599 7.92954268412249 8.00502805988122 4.39852706909915 3.4383629468503 2.24195578835942 1.44058974053269 1.13251999135956 1.09738867961771 1.40890234978723 1.62367555275113 1.19913977086222 1.31652645427302 1.0110096716886 0.842306599047828 0.895681349870526 1.68607812560719 1.24250292876468 1.68186734028912 1.52216064602528 0.952230423239715 1.09960763131523 1.14658448213944 1.14622981854324 1.36571627723035 1.72235060799702 -9999 -9999 -9999 -9999 -9999 -9999 -9999 -9999 -9999 -9999 -9999 -9999 -9999 -9999 -9999 -9999 -9999 -9999 -9999 -9999
-9999 -9999 -9999 -9999 -9999 -9999 -9999 -9999 6.89959856979268 6.91796921565053 8.15937761714631 5.6008848236338 4.59306357200853 3.34424991274025 2.27226088691447 1.81294305468133 1.79534260572839 1.65200405946683 1.34667729314992 1.3798897905239 0.961884946651953 0.888958724636464 0.886445636896584 0.913363151676272 1.19486156721136 1.0120259789568 1.03694524950827 0.948424017960712 0.985370041503033 1.03546343780271 1.26092856930884 1.26567270019865 1.58896489992796 1.7559170658172 -9999 -9999 -9999 -9999 -9999 -9999 -9999 -9999 -9999 -9999 -9999 -9999 -9999 -9999 -9999 -9999 -9999 -9999 -9999 -9999
