PCA_vs/Initial/pc_3.asc
NCOLS 197 
NROWS 210 
XLLCORNER 56.1666666666667 
YLLCORNER 4.5 
CELLSIZE 0.166666666666667 
NODATA_value -9999 
[rows 24 to 47 of 210, columns 53 to 105 of 197]
-9999 -9999 -9999 -9999 -9999 -9999 -9999 -1.01176889107925 -0.803850644080112 -0.76981066926913 -0.920158391150598 -1.0690277591096 -0.958101670764429 -1.07177388588077 -0.9147195384884 -0.874767175552623 -0.559270632817185 -0.696421940643132 -0.674317710264383 -0.336996164710878 -0.663841968529853 -1.20195953700854 -1.39439206728278 -1.50286730639661 -1.7647111273187 -1.73815092259573 -1.55396145222381 -1.16541290082587 -0.994416064282871 -0.864619600804815 -0.580900823257519 -0.295890251210885 -0.130867186142615 0.184298079254288 0.45631569212797 0.746170842697347 0.921481077178793 1.50780947856466 1.88320509328079 2.1848800528435 2.20869140588904 1.7911262375848 2.05154681109983 1.81151245804924 1.45121710222701 1.46107576330386 1.2212316934691 1.3415121240897 1.28871459282176 1.41218465529301 0.906370819423752 0.791848669058757 0.951060857359292
-9999 -9999 -9999 -9999 -9999 -9999 -0.983252222673442 -0.872303648795164 -0.932531017301161 -1.12125680187175 -1.20074845890972 -1.11786825318084 -0.973015976137549 -1.05273623786861 -1.03083364610154 -0.359071964703053 -0.371197486504835 -0.230616628528778 -0.376234945800963 -0.687326043624269 -1.50374293944291 -1.65562693047452 -1.71586642623142 -1.76028905353396 -1.64300100883005 -1.12378576537635 -1.00410828046446 -1.0843516733614 -1.00352133523464 -0.751496266924551 -0.381999779994687 0.18045757250614 0.333149550265638 0.375761935842368 0.850561398917364 1.31993661497224 1.38076270874256 1.81123277546212 2.21901325924637 2.51709937322669 2.185072402265 2.52169712750059 2.20797993675269 1.76945070842889 1.72148096292549 1.82938375190444 1.30026296704005 1.35666734325137 1.43927088842186 1.52577459432581 1.03500754124018 0.752329580955509 0.678914293654288
-9999 -9999 -9999 -9999 -9999 -9999 -1.14004389401198 -0.890161239026009 -0.929727824685163 -1.17159517105688 -1.15004278531568 -1.18863418953327 -1.09275270306298 -1.18281591363685 -1.02378021507637 -0.609836192654819 -0.679114355323762 -0.793831925055261 -0.85749182309305 -1.38997791681561 -1.4838833736976 -1.52904827218518 -1.25390918411705 -1.11526101383775 -0.853108153940238 -0.450220856186207 -0.464095236323618 -0.681064878418579 -0.749982198617812 -0.478437794310057 -0.144989302440568 0.428206895636284 0.807705543708376 1.03468663674607 1.48500629846779 1.6377931898807 1.71633156679085 2.14433214935042 2.29974976226748 2.51750388484499 2.82874994350048 2.73880035282209 2.61880521580605 2.25921044918758 2.3482058578744 2.07541137693574 1.72215443435354 1.99518682556743 1.84557147774078 1.30882575873012 1.04047726046642 0.824087377818117 0.772821529200682
-9999 -9999 -9999 -9999 -9999 -9999 -1.12323855007521 -1.14710469047736 -1.1371495949465 -0.98439148880012 -1.16635667587432 -1.21883675108212 -1.12516255246318 -1.09193597523204 -1.09285989090513 -0.894859129642517 -0.930820807866246 -0.872353628629608 -0.747536533896614 -1.06028062343131 -1.00348263152792 -0.844125645684977 -0.902774165263931 -1.13895397110296 -0.71780630597151 -0.251927600718051 -0.233615340868289 -0.0219783661572262 -0.0562688621438234 -0.230759456884238 0.584931444033101 0.777620100593259 0.901722697939318 1.35991989810795 1.56451275473064 1.77169370843441 1.83281176440125 2.07605045733251 2.59460377361999 2.56119068139536 2.7137784883319 2.66087839443259 2.66608117513467 2.6073163286071 2.55980045034847 2.36133332643524 2.20914213315639 2.12576731522596 1.8429208783117 1.38456995417761 1.11995115887094 1.15211823247926 1.06257254600401
-9999 -9999 -9999 -9999 -9999 -9999 -1.09241661496422 -1.08202079675543 -1.1836886863673 -1.23313872580077 -1.03432319645273 -1.04189457955286 -1.00989823571484 -1.00399876193653 -1.06934300847977 -1.01906354399242 -0.730889278664978 -0.675560264692834 -1.06073847571727 -1.20889354169103 -1.04433301428603 -1.04715190303477 -1.25006332255357 -1.24766855733284 -0.459227520682699 -0.271260176919279 -0.34087794474051 0.114915753992575 0.268344499121293 0.512461617872438 0.48744038050701 0.44007502066989 1.23808332266852 1.52493216847734 1.77071307349878 1.67822821624971 1.61450936105109 2.14886046850023 1.85180759845268 2.11566009730581 2.3092260691422 2.67958959829151 2.59103899918294 2.51299021022097 2.51502247731343 2.32205960525462 2.3034332170446 2.24249098515126 2.06959543966061 1.73403110159221 1.548884601278 1.64503722892108 1.04402434710282
-9999 -9999 -9999 -9999 -9999 -9999 -0.99003605172684 -1.1021911565508 -1.12062408163597 -1.21333808071147 -1.25947723808583 -1.17259434546903 -1.16729115230719 -1.12662276749076 -1.04187049733315 -1.15408432794679 -1.10653853690172 -1.17737002867749 -1.12010403121211 -1.06981940232053 -1.22269568833072 -1.25858485094927 -1.1936424355959 -0.98234424788374 -0.466518826782875 -0.171415693753316 -0.21605271008328 0.252565172634776 0.477612269811695 0.552074272404938 0.24577129236806 0.314349946819437 0.90818381655062 1.10274197666559 1.38972135901342 1.45440965295869 1.92711022064028 1.42834867015111 1.56315457887492 2.0408705192073 2.11109852665233 2.11207563064475 2.2004491768071 2.50614384077647 2.27746110700863 2.36594002978597 2.21621527462683 2.20769216967203 2.28830722703695 2.16460694505118 2.12723096130245 1.73544863335663 1.71919055422456
-9999 -9999 -9999 -9999 -9999 -9999 -1.12462569816141 -1.12329975335061 -1.19766928326749 -1.18041203905858 -1.22145685098343 -1.18762164429317 -1.11780906947674 -1.14813246900322 -0.997983687926508 -0.863544432278829 -0.69013170704128 -0.683880795535196 -0.931488732191662 -0.933744290713844 -1.05828337553756 -0.880170395478835 -0.766359058358064 -0.839806659177841 -0.51447636684776 -0.428663675553499 -0.308849113630152 0.144501820610171 0.876609553116593 1.19379741120119 1.04253242219363 0.762146265974394 0.774994131190664 0.998902662279945 1.03283527439136 1.12842608283595 1.25265447948426 1.30143257824407 1.45347228130527 1.75478891513265 1.75890676113752 1.48550899860076 1.55601278273288 1.91846026618839 2.08461362766743 2.06493281711795 2.05503423930339 2.15252273500646 2.20011629227983 2.29759617287964 2.2475157905923 2.24730285725041 2.33834820261931
-9999 -9999 -9999 -9999 -9999 -1.03235345512555 -0.982445732068146 -1.03824189635083 -1.11325015601767 -1.13085467509194 -1.17861639358909 -1.11416440525572 -1.13697120442372 -0.97399123209442 -0.841717285028938 -0.935308963179441 -0.983749666014455 -0.841272287940832 -0.752597761134308 -0.691606734767124 -0.826920657095363 -0.795483958646713 -0.843305148412271 -0.745709955710257 -0.632480829201385 -0.530295147774213 -0.474398976476782 -0.145068277236487 0.842053083222702 1.40266969488251 1.64820687077183 1.47941790920024 1.33234844733288 1.22452561292229 1.1360474274859 1.19157758585161 1.19811847169864 1.33961150071081 1.4888105893666 1.64516980782091 1.68243018506305 1.55030454787721 1.43688842214685 1.4599974308957 1.49909709583951 1.72035504261281 1.87722156628464 1.87744586436878 2.1166792399659 2.20344904884659 2.10408886988459 2.27497846737927 2.21504670074887
-9999 -9999 -9999 -9999 -9999 -0.988038448874703 -0.973447995238998 -0.901191474717532 -0.940357635722184 -1.07167314144903 -1.18662277639777 -1.20604096094914 -1.0540521464626 -0.925922708614416 -1.03237696188484 -1.0338609444884 -0.943934579275857 -0.847426636956928 -0.766482511873017 -0.841024487177888 -0.728217222646473 -0.671577258199785 -0.642032340875412 -0.675894446716329 -0.612944601740641 -0.502669760922136 -0.44103392994302 -0.104063323867426 0.292809135115259 0.549955661356665 1.22616724964319 1.9230435649828 2.0780851527427 1.99289273422553 1.83991472998123 1.91630220351207 1.80941909331484 1.59692971673058 1.62583218310191 1.71691566120895 1.69334617863545 1.59287133315565 1.39593535684608 1.34626054371927 1.34298188397391 1.31433766490148 1.50360990529957 1.56158268516954 1.8644047007671 1.99192933422703 1.89511297834483 2.14382496284659 2.22504131648056
-9999 -9999 -9999 -9999 -9999 -0.91860749586769 -0.937104721346135 -0.832572001563094 -1.08038024967736 -1.05255201582287 -1.12199836048321 -1.05410437785143 -0.872471227762414 -0.990069181209754 -0.984423064694674 -1.01652814920974 -1.06855589228514 -0.877025951487782 -0.867289941294319 -0.820079402997107 -0.808726951809724 -0.716503277185936 -0.669571821938134 -0.572552052500739 -0.537973088131504 -0.402336722920355 -0.304157851956663 0.229441229422831 0.796210716870234 1.72720909753637 2.05367333410144 1.95125530406659 1.89840675438854 2.06291444300343 2.1578580921137 2.03117748595986 1.90831493811468 1.87996016889882 1.76981727418912 1.70304381856491 1.7923869725156 1.69621676711633 1.49711631035178 1.22105987920567 1.16768339271865 1.17326770668232 1.20145059899114 1.37045848918545 1.64040725156539 1.81333090090799 1.83344624214045 2.00565556479208 2.08035215987118
-9999 -9999 -9999 -9999 -9999 -0.964606581591612 -0.85587962918203 -0.749490694149627 -0.982829405086361 -0.822949386753112 -0.724904804644736 -0.881788837464226 -1.08473308678633 -1.05776050989275 -1.05070984553063 -1.00476957862166 -0.929968799361617 -0.90116499327779 -0.871002989995189 -0.669165002308015 -0.594262605820611 -0.639802330949167 -0.720913392913684 -0.58749363386306 -0.492912059527985 -0.375880193435835 -0.0636938720504132 0.386908918066469 1.34164780851058 1.7750459690288 1.8242501411019 1.75840878974099 1.93134311309685 2.02372263604935 2.00638736261885 2.05520775113201 1.88023136223067 1.81439345587565 1.88110187304764 1.82567030290526 1.74631435660119 1.58089994500349 1.29795147938011 1.12024731299909 0.984925593727341 0.944568327229194 0.96330509045 1.09866139378959 1.29617324646982 1.30910105363157 1.63475544651827 1.80907303428086 2.03193361798822
-9999 -9999 -9999 -9999 -9999 -0.95371514777165 -0.654556438168292 -0.572429661571037 -0.69485242932128 -0.76759776129626 -0.983935845473911 -1.06407264563323 -1.08212907755654 -1.02765027797755 -1.01646812203932 -1.03835666062271 -0.919638476804169 -0.864571576701114 -0.735660678573414 -0.665393354161779 -0.460997803332355 -0.569805309878561 -0.5600408327775 -0.490513713784957 -0.400778271606644 -0.235553527580531 0.045995204399284 0.36102806567713 1.23809487906174 1.52107733253931 1.5270739954977 1.44582472496305 1.55352942529696 1.70626246542666 1.57095627862793 1.47548926312694 1.34952951452209 1.49092413799564 1.57152441993034 1.60098260609635 1.48686240867163 1.2544253258172 1.17642184572307 1.02371287376402 0.903181661882858 0.748892101659089 0.688468795436582 0.794656469498598 0.8461665072327 0.919214181446327 1.21333086398298 1.38362845279716 1.68854855714206
-9999 -9999 -9999 -9999 -9999 -9999 -0.659769573418988 -0.474146753065635 -0.722608919599807 -0.835760930750148 -0.933330127019585 -1.05832122147671 -1.04249498750149 -0.955247315872358 -0.959017838494349 -0.902620620752149 -0.913099681983294 -0.807451781617132 -0.655073475077941 -0.536693391441301 -0.374774577001634 -0.367619564735191 -0.404177938533663 -0.302968220464859 -0.169809027570343 -0.139962044983954 0.318871490371979 0.747360052267839 1.3344035491758 1.26181068168129 1.32643429525315 1.32082794801823 1.18834256724214 1.13710331711504 1.04120204764179 1.03600350751031 1.05454245565888 1.2673353989028 1.34274289748006 1.31192640912583 1.18768004528466 1.09311634086398 0.976641104893164 0.875299204599969 0.770075411427331 0.62585686879888 0.635993201482099 0.583991149771583 0.625052787212847 0.758695767045886 0.875272126344502 0.922928340740796 1.17352134764219
-9999 -9999 -9999 -9999 -9999 -9999 -0.493295815237816 -0.625820503469424 -0.919139503401186 -1.06756873735801 -1.0667336459777 -1.03984886746952 -1.08374209155374 -0.995269639002218 -0.96157243477195 -0.863784899856684 -0.813796195866447 -0.698366462375546 -0.546693943165438 -0.456163668002966 -0.328844082606629 -0.343584801237327 -0.278987850818945 -0.212392156808723 -0.124192778259883 0.0024606747920175 0.396313965092994 0.945539363368244 1.2125958876288 1.28129136865234 1.35080139219112 1.2441694849632 1.13783665388974 1.05345925245535 0.93348918055899 0.863177941447592 0.896137071063397 0.979911993148094 1.00013074721991 1.00022622875858 1.00283380044335 0.920119130231069 0.908627261037037 0.74611864433732 0.72998477579644 0.642786572016697 0.548964621857172 0.605349150855953 0.575756827954176 0.579982534637173 0.598669066401653 0.783313027876274 0.867020597191758
-9999 -9999 -9999 -9999 -9999 -9999 -0.682690005138622 -0.804227765003879 -0.947022591232723 -0.973943589216422 -0.986815581859959 -0.974564089400665 -1.00185919223522 -0.929110068201177 -0.918707799096266 -0.870785296172207 -0.776005095365863 -0.716653241385784 -0.55240625655004 -0.41781372502777 -0.428848741688304 -0.386170118471937 -0.237687871559708 -0.101101470172474 -0.0651695098534837 0.13093747852715 0.49840390908021 0.929063242938242 1.14492233955297 1.3110911685314 1.32023139514149 1.26296700511934 1.02231163999978 0.947230776643406 0.881786885252912 0.863047499315869 0.812758723226118 0.76632541407444 0.82926695326291 0.831932138666876 0.768588896972313 0.738817969586071 0.777579709105691 0.714301039856597 0.631808688187359 0.589581573925983 0.617534843064551 0.595803422020735 0.528736095075324 0.502889237471782 0.5831920920179 0.628551079768412 0.615322984726838
-9999 -9999 -9999 -9999 -9999 -9999 -0.62639320627775 -0.737580073137498 -0.829773742984654 -0.874886459447937 -0.96860384859639 -1.00872026974176 -0.969266173295353 -0.899143598616254 -0.944984518903199 -0.872511505333286 -0.790471602631301 -0.738147470662578 -0.55968818241483 -0.486745429441959 -0.308608100308362 -0.248392505540883 -0.232721985527739 -0.0682363380602379 0.0884778353117437 0.382334136841073 0.778730360966656 0.954633030324835 1.10444438825308 1.22238890605086 1.18342724886268 1.1800507197531 1.0333926175045 0.845195326329862 0.847490379130695 0.830779670391418 0.689611640739378 0.689460936412383 0.614019538881812 0.647574984457356 0.612922238024973 0.664210596100388 0.637065960826759 0.681557744462741 0.630941491604438 0.588316390527965 0.649736479892544 0.608308449494668 0.482775508573708 0.534150606519579 0.520710405750924 0.467643293826909 0.45760386228202
-9999 -9999 -9999 -9999 -9999 -9999 -0.530291913325744 -0.628336853040329 -0.901359606293824 -1.00355525504422 -0.935389445010001 -0.957481205033564 -0.928065963711862 -0.860572328696304 -0.876995548125555 -0.852972565915369 -0.793944343482243 -0.734612734444562 -0.552272753299385 -0.431592161483269 -0.261038568596544 -0.198698020202732 -0.156437480423255 0.0894538871495432 0.131452734514676 0.50742240878579 0.706953565028192 0.911568287916771 1.05141840112418 1.16710741691874 1.22555414395486 1.12885783886466 0.958104391347104 0.828929983929239 0.7979878620218 0.730063191834407 0.62312601706238 0.60554638300004 0.463982086059367 0.490942144188041 0.55666874707047 0.554607309965161 0.626954834761948 0.697095304744161 0.662136883952633 0.719715290786243 0.698643656913765 0.645935276184315 0.582715671155091 0.530305498580277 0.485237777562152 0.361533848078848 0.37281340014599
-9999 -9999 -9999 -9999 -9999 -9999 -9999 -0.809273382430872 -0.960586778814349 -0.905935428948916 -0.884096529868531 -0.900911299691247 -0.851087675194413 -0.875977115566233 -0.839804150839287 -0.771744749053787 -0.762059677069266 -0.612709161962399 -0.516198983964957 -0.374053250301313 -0.246592835571093 -0.20579589929601 0.0322080994085062 0.201690435262252 0.331597907229441 0.580736805586867 0.627477959979282 0.867953166498742 0.988999474489359 1.11461402574549 1.14258639184119 1.1331953396083 0.920137369548106 0.773402524880054 0.756244468169712 0.69252091388928 0.601314491975729 0.494138810343267 0.435167535487615 0.336192704007294 0.463046134646079 0.605246505884418 0.628779229038569 0.65444645392575 0.661383870490811 0.644881684885098 0.596036189170431 0.532124363705169 0.462071031678286 0.484986803740345 0.398677299825863 0.392204921330476 0.319935005649115
-9999 -9999 -9999 -9999 -9999 -9999 -9999 -0.864993567807981 -0.893953643586478 -0.823399168531815 -0.817509295059587 -0.8673118663323 -0.910133137500102 -0.804290249829959 -0.809489829850597 -0.798176868894001 -0.677613446501559 -0.600599929775724 -0.433304171187641 -0.321817757585492 -0.233417982844387 -0.0425046112516545 0.0242281954411412 0.306892548852458 0.508533442331824 0.585508887521278 0.751894343304921 0.870159285397711 0.96459385273264 0.970213209997477 1.05788358137481 1.01519564675958 0.760469073881017 0.779494768541491 0.695667165354813 0.605110659399895 0.563259329972683 0.58115441698233 0.402799753027492 0.368986776234999 0.475510764112254 0.502062178803607 0.632960415740956 0.631673300646868 0.613642357683917 0.581034017393735 0.533910822063739 0.503967575493667 0.437418627172729 0.392357575224705 0.374480347674361 0.320796890297045 0.343538476351106
-9999 -9999 -9999 -9999 -9999 -9999 -9999 -0.636047714175597 -0.690048454001862 -0.706626674522886 -0.849843771419062 -0.891752362353866 -0.860480209098003 -0.844922330453767 -0.776465462019971 -0.677361803363056 -0.670584568076665 -0.542285665128738 -0.372537329940476 -0.32337725474964 -0.198332609825085 -0.104567212782198 0.0558551608441982 0.376158324461616 0.565069167812859 0.682278979798293 0.71781961918381 0.825472020983358 0.920446648707794 0.964708261840439 1.04097314453725 0.895465475124424 0.790306259791667 0.747072846382216 0.691945725909177 0.67302979407231 0.603000852774918 0.509626263126967 0.457440958510491 0.442137036990559 0.545379217549541 0.523698051036864 0.578068945233306 0.555121929533972 0.615969535253989 0.526536857569784 0.518812003766963 0.500407793023063 0.463703047844522 0.438380210988248 0.411868796972399 0.433486569236441 0.34626842747725
-9999 -9999 -9999 -9999 -9999 -9999 -9999 -0.462990372822624 -0.589269401194212 -0.752790013250183 -0.759478023973805 -0.846034230873285 -0.812748439664155 -0.80751871826737 -0.726748840195233 -0.628052095703448 -0.545720429727249 -0.417699600950124 -0.32768556679875 -0.225736656568753 -0.117945307276822 -0.00532051024083661 0.201004745423583 0.308268251950718 0.575995310709845 0.646397500908373 0.753728159181761 0.827195255313768 0.963467961636507 0.942783810511983 0.957973617942515 0.827877102306056 0.804856307343395 0.752271960314483 0.76072649030544 0.739300955919757 0.609153424696529 0.584524290226098 0.509835816166752 0.580856032730127 0.544340462157215 0.546571791985052 0.593666875948374 0.564828676295623 0.587637796868503 0.524314500246642 0.469941734145032 0.42306682267415 0.432325562818274 0.387918161725512 0.423602387963449 0.393301007359398 0.357407945211583
-9999 -9999 -9999 -9999 -9999 -9999 -9999 -0.399013683398144 -0.443643655651194 -0.554612485331939 -0.664279423823934 -0.779625299634242 -0.750288203341671 -0.677848524014763 -0.621026687961998 -0.589855462194178 -0.404608255757497 -0.323766873530531 -0.236049510360603 -0.188306089023432 0.0161450324069557 0.197529664150773 0.316590431272465 0.440306338148234 0.589506284923018 0.717258730536872 0.827673479023265 0.789146416922055 0.88307040139956 0.905909980553674 0.865610887162777 0.829978871477346 0.817562575083367 0.769210211492464 0.825196745479773 0.81485319838911 0.740919553255436 0.640329726424142 0.631694482338253 0.595881944211322 0.588632111433675 0.663089443998832 0.6229722059568 0.564645081815899 0.517548437685812 0.448068174605892 0.446283955340112 0.448971658062462 0.482408326165808 0.359303809744652 0.342585661572286 0.352483538666766 0.281918326554859
-9999 -9999 -9999 -9999 -9999 -9999 -9999 -0.298618935719641 -0.397891236693072 -0.457703096887929 -0.515097466851687 -0.64287575654144 -0.63344665772539 -0.627694767610124 -0.534680446222449 -0.482148724571143 -0.293524200131155 -0.229214249552338 -0.172118281948714 0.00902631353978591 0.124325978270887 0.275519706787992 0.378276890314114 0.520534004758013 0.648345403399426 0.694613160384398 0.749978949106407 0.812526575705026 0.892728646653083 0.88860835961747 0.797836918751137 0.790928142269636 0.804509396932381 0.815381394809436 0.794138730346442 0.778093705291447 0.599526961638838 0.610457249790711 0.5741866807589 0.640330330246564 0.589698328391454 0.568762989273892 0.56455894818735 0.468199724020448 0.504349007916534 0.480642615620922 0.375875236116795 0.388998957244396 0.395450218143082 0.395374896725587 0.369800999153406 0.345246202901597 0.325570708891445
-9999 -9999 -9999 -9999 -9999 -9999 -9999 -9999 -0.25795200369875 -0.324804080843823 -0.438953431974152 -0.528873217475703 -0.525407056186214 -0.484739680408963 -0.462680972962082 -0.28020901286219 -0.162479338424928 -0.0723656035434065 -0.0547177721763884 0.107411838290863 0.206134930436564 0.368985928001854 0.47103321231874 0.610189017045968 0.640070932121058 0.703296660804454 0.776834679767205 0.814523049316699 0.837534042433282 0.896601448264643 0.724301609926366 0.704719601930767 0.793791866408665 0.76400194628846 0.770427490896743 0.700222636102688 0.627885419997764 0.557130705897103 0.608509621186247 0.647283316138917 0.627009147528449 0.611261222361464 0.560147008582676 0.545810604906711 0.441350252940991 0.416871791629661 0.384075053360621 0.386080059329576 0.345254030194447 0.376421788184095 0.346840787717168 0.315524644297582 0.337295698473058
