PCA_vs/Initial/pc_3.asc
NCOLS 197 
NROWS 210 
XLLCORNER 56.1666666666667 
YLLCORNER 4.5 
CELLSIZE 0.166666666666667 
NODATA_value -9999 
[rows 48 to 71 of 210, columns 106 to 158 of 197]
0.237923418291163 0.140084827207158 0.0401821101105314 0.0351599549408925 0.00401184434769549 0.0464779706334699 0.0424894931955053 0.0627095731435684 0.0823427935841645 0.0622073902228163 0.00755271092398175 -0.0322402161934249 -0.0704957409296588 -0.229139049004145 -0.267945408715264 -0.172463384100678 0.0129064725471767 0.168221498565857 0.189939273632161 0.456443023197093 0.700680748153685 1.15558911462315 1.4927660966763 1.61197268454692 1.53601711369024 1.46992222255223 1.75497769631495 0.797124079888337 0.72230340229892 0.118906229952622 0.331683444274212 0.0297462595535096 0.0885818530854419 0.32865637689206 0.672873734117612 0.720417847856196 0.5590571243614 -0.141357041770522 -0.542914016911166 -0.458878657319956 -0.419457481687933 -0.677896736926903 -0.792580877451243 -0.689891756789988 -0.661442324485861 -0.638634096798543 -0.635420743233805 -0.714273016325935 -0.634709604838077 -0.546701159543393 -0.371541545951789 -0.365913550678765 -0.43027556518555
0.170476804595724 0.2073683525912 0.163978609200874 0.111605210810062 0.117291944302431 0.116704003607069 0.0717699437699026 0.0739616113677258 0.13349153806281 0.140372767065008 -0.00145918163472816 0.217783638081177 0.146313872351208 -0.0680959679609811 -0.146774264551614 -0.0556848727444993 0.0559709119021148 0.120867007467277 0.117403531613654 0.521370511637539 0.811895710289601 0.750104925675464 1.05042678185018 1.43725099841968 1.88027643277326 2.09338581961106 1.36846618556191 0.58974589053016 0.309179390551609 0.117993259316261 0.168125857119954 0.266496704882933 -0.150571253210913 -0.16069309910515 0.0330025200971373 0.195791283965685 0.391532468205723 0.274515340396446 -0.22420507737186 -0.426218247937751 -0.272335759820783 -0.356556444066911 -0.562774215453611 -0.673625515730189 -0.678918843474843 -0.728922592486513 -0.593769368535423 -0.571999702398345 -0.564697808482471 -0.520336912715733 -0.514591002829929 -0.458734559413952 -0.389013599707506
0.208233483380778 0.219393489870813 0.29142062924831 0.250457611852969 0.189534306306159 0.0568342878163239 0.0439189407266525 0.0460248047214161 0.0861463888768993 0.120248008851219 0.123879817813343 0.194741778570631 0.211333319578716 0.0315148878253777 -0.0841501804382089 0.10851937315011 0.0399702411378946 0.12676856911137 0.168169344772382 0.271817065295082 0.251731292789959 0.608627603125794 1.00271149965288 1.32845784839807 1.63831616974975 1.68346778924497 2.00825964821035 1.32339876573663 0.462084555152026 1.4166946411674 1.10579871347982 0.245860547813543 -0.13777213322594 -0.445224055802615 -0.435558479617593 -0.346252982839055 -0.00783925163378831 0.17775362495492 0.114551794445376 -0.01123952778736 -0.0847554505431611 -0.162631311499581 -0.248301882318702 -0.337208949291313 -0.562080922700311 -0.572973947501558 -0.61069311450621 -0.575335002143503 -0.500315911186796 -0.486808740278643 -0.422354995038674 -0.66209123867121 -0.464126939974695
0.22913814774582 0.233564617977088 0.247963826128219 0.280006274964198 0.211343687861876 0.0672017910160011 0.0890733805512885 0.137292294756712 0.136613496116675 0.107325821493774 0.194364349578796 0.175485677825088 0.223171887429555 0.0279092647913617 -0.0342839973771868 -0.0510173652618097 0.0544657690041595 0.142928946077986 0.0719329032793582 0.0804820892047969 0.257873638794737 0.546063797770275 0.656960976892035 0.694910134894072 0.741395329032152 0.832876408407911 1.34508429424047 1.76118199824514 1.50492135430629 1.25979896187829 0.420292824134477 0.169690947369108 -0.320629944640319 0.0198988694089882 -0.450739210329801 -0.251498809527569 -0.0920437101467355 -0.067205526285038 0.00577643928664499 -0.0295795052974829 -0.095968754873363 -0.181912574825415 -0.16887918058062 -0.20975077457246 -0.130741274951049 -0.259635389509733 -0.366349876483482 -0.361566428039289 -0.450618297934653 -0.437297534964558 -0.328133514465045 -0.464328421347103 -0.544874578700652
0.27005092917699 0.275976505902734 0.296359173867021 0.265312509174422 0.151235298370178 0.0984466418887426 0.154685912368846 0.0948930892546169 0.0553081626065785 0.0413894611695464 0.0986176466827226 0.123146556782199 0.160253256687951 0.12568709455005 -0.0749978739999198 -0.0475778453499702 -0.023423712242825 0.137566739510598 0.164188238043654 -0.230752010219779 -0.237644213085836 -0.184792351024513 -0.0598201919732738 -0.178502379888072 0.103313842734794 -0.182343273796093 0.246155738183518 0.560165338702649 1.3670067361192 1.46008719870408 0.997652168230432 0.630898327873596 0.169445900338017 0.731823944402008 0.59836465224438 0.29974468472713 0.433575821397127 0.133041337872541 -0.19958362527585 -0.111969102747862 -0.0322973289237942 -0.0754955079788868 -0.127940405749684 -0.163387353992094 -0.108034982967899 -0.0536625807272232 -0.109427331043752 -0.161842636403852 -0.159729507248665 -0.302154977963371 -0.43041169449301 -0.389681125132715 -0.448335236296677
0.225482621001969 0.283412308508674 0.211845013840959 0.152337409072055 0.147126858814069 0.241019195943586 0.234829373265935 0.154382232270254 0.084367533248569 0.00441394787074182 0.00149344076667555 0.0732515159354592 0.0565008861319708 0.074655837375385 -0.0643926303514042 -0.124664611409234 -0.0510748249060877 0.0449523118709024 -0.0412255152480683 -0.24619993156461 -0.624433854999944 -0.95146026350931 -0.895508023757698 -0.960210716237908 -1.11035250135859 -0.992565616167712 -0.655489212909495 -0.0875707651780089 0.473715653126035 1.07880571825054 1.38043480550392 1.30504106473065 1.29315416098405 1.01001972803383 1.30868247093819 0.880630649988648 0.0826160609061581 -0.107089138410233 -0.27664832450717 -0.297069954089759 -0.315625611698022 -0.175140097176317 -0.0564576771598104 -0.0904863668201879 -0.0872873186265621 -0.110348884179967 -0.0193248789485755 -0.137226634165158 -0.303261112217696 -0.317202557988694 -0.139821608585444 -0.230793734693019 -0.111729920516862
0.265278144194744 0.215439098085132 0.147953600232553 0.178840944583508 0.12777786680717 0.14917163565664 0.0966736883984779 0.188273896689475 0.0226442737273438 -0.0493324558548486 -0.0375285575603056 -0.0459781321768933 -0.0932153294146203 0.0626289538221997 -0.0463968237183534 -0.019973595309802 0.0849173016168049 0.0581405685869805 -0.0551392256665272 -0.382718249148231 -0.661002664104828 -1.15408608486612 -1.66906593646644 -1.63492857283803 -1.3240973057002 -1.88286074728537 -1.22216944846538 -0.740514459063298 -0.135249805790957 0.334029155399424 0.647113349760286 0.73041846502034 1.0148341338364 1.07806074820819 1.16513056867559 0.57836276687046 -0.0736319199150134 0.148682225410443 -0.027915953415333 -0.0440069050758293 -0.219587341519023 -0.305329190825697 -0.186835994473997 0.0489042141484138 -0.402159030032221 -0.472512444235351 -0.127018887697905 -0.284106233483499 -0.299602935903288 -0.217556015221346 -0.0846999781906737 -0.0240753876832907 0.0469051132609377
0.350161532483528 0.248679381370215 0.200701852204315 0.145770849794473 0.0959906363604781 0.105506404345674 0.0756724866220355 0.168649270504319 0.0445457596531977 -0.0734306749632961 -0.014439880627255 -0.0901324390039157 -0.134866754841906 0.0611779589135666 0.0697843908088393 0.0119175534838311 0.0733582749652283 0.0209119002338816 -0.0597623968277294 -0.14196734234752 -0.215027858301048 -0.846513150891379 -1.32632000199809 -1.43275291119759 -1.37037559568564 -1.586356180159 -1.68401587267005 -1.13242398664197 -0.429311571764649 0.152720944751738 0.266893340115439 0.440734673805968 0.484115092505443 0.754879706613037 0.998172525079564 0.423353112483537 0.143993875847931 0.140063047226014 0.469370256505596 -0.0996569669284569 0.138929830360217 -0.0214324912967174 -0.111920362764423 -0.0143417644993852 -0.0226790634736311 -0.281928314942246 -0.120421956801031 -0.100864139425064 -0.217863719322499 -0.195653249504017 -0.227649310296783 -0.0627438187521463 0.035113944820307
0.396712260721613 0.232816599979098 0.247944400321924 0.16057348844267 0.100870495218486 0.0345989139236908 0.0771951871141341 -0.0167777855980861 -0.110578368049217 -0.0850815142307182 -0.0928329464419753 -0.00830510228365563 -0.238021599460005 0.00233190265475918 0.1837010063828 0.0671125306983037 0.131021610680159 0.0824561276777395 0.00298645222990028 -0.110263120447384 -0.212591534573738 -0.587330119304755 -0.959870234558712 -0.957447362821295 -1.11629790909824 -1.52201601452519 -1.26577877454993 -1.14031869186964 -0.607318552872823 -0.517663227701765 -0.151622703619647 0.214528283120784 0.353691505621659 0.466542666296148 0.430143581481564 0.716910971438331 0.611683369220018 0.370466596247227 0.123105216480795 0.274192036444285 0.304168388066361 0.178605251015212 0.190334527235674 -0.207174860190809 -0.127994813082399 -0.0626392614306843 0.0145385607143619 0.0361831651856926 0.0160646259630977 0.0477475660767469 -0.156978150428211 -0.0277247002469004 -0.0622173478735239
0.356048642308675 0.325591073162442 0.234906877720013 0.14466903728433 0.12145443988063 0.0416428299448209 0.0229091526228922 -0.031510898443936 -0.0888101111583007 -0.0460685390615021 -0.159742805026174 -0.157592105469221 -0.200895618086883 -0.0223236150852717 0.0920200968095234 0.111119234463745 0.116289850406728 0.15492165425169 0.018116669675571 -0.123751617764819 -0.260773130472051 -0.507062203906253 -0.705354720316879 -0.68324517497786 -0.680902043966016 -0.888615201338782 -1.12202732277895 -1.48140576490462 -1.11766438384017 -0.566841527384322 -0.558345299278709 -0.384183103386355 -0.203823224813313 -0.0938272794310551 -0.0941498361809118 -0.310234690056049 -0.490618988925367 -0.67297585161322 -0.50351632876196 0.0320882179704952 0.0547982602958721 0.168904824725268 0.159534929562725 -0.168697599344262 -0.0140176878122672 -0.118816512780129 0.00849810109324027 0.0919166444075128 0.186936849095682 0.181614117497909 0.187442759430822 0.0906957457222717 0.0450621724766264
0.332367764737441 0.282485132574486 0.190829867421685 0.124962154435444 0.117372275560666 0.0765832314544146 0.121929901065667 0.062982332720964 0.114205488841439 0.101557126999487 -0.071325408061291 -0.0124957265999086 0.0243336473417747 0.0995310488482845 0.166271176867202 0.182916044581552 0.207431586624472 0.138970171245329 -0.00573506015030235 -0.165694642718085 -0.283632092023629 -0.446641512021187 -0.58639533157289 -0.606853734158909 -0.473172582926621 -0.553344135683007 -0.853033528651904 -1.15199430327676 -1.22865877876294 -0.904687820221608 -0.84995666399913 -0.733771777320646 -0.506711052292633 -0.430770857579946 -0.389073273077167 -0.456723589311038 -0.756610127507893 -0.94772494964904 -0.875671158952176 -0.918658478831149 -0.112094835674524 0.111859170149172 0.130768631891146 -0.0413450801710564 0.041634407955524 0.0344405058386996 -0.0591661242405492 0.0690104682372171 0.315657716582763 0.230353736055714 0.273339895529929 0.198104622856837 0.268499646456564
0.312853958168905 0.23538036500089 0.132713652898891 0.118290228694725 0.132830672859814 0.165779238724731 0.216020250170769 0.163439745568061 0.270135001761991 0.231866839810511 0.0931562031785758 0.128012559504517 0.186031159075588 -0.031342717639901 -0.019919330461076 0.16272992718046 0.220450903165267 0.142319037472048 0.022851673464141 -0.20640082699087 -0.384919268406652 -0.484558485554682 -0.461897800671549 -0.552418580163086 -0.515485893798266 -0.507647497503189 -0.722786654333308 -0.827456078739486 -1.00842005043931 -0.947390945846036 -0.788243330685074 -0.836781640057598 -0.867571108499106 -0.869699709601607 -0.604188788796004 -0.44690046064325 -0.642290305286584 -0.829531606407699 -0.214694549969524 -0.52216464002745 -0.0327684013972263 0.247491070196629 0.282062122124618 0.184281973410558 0.45011260495415 0.100666954516917 0.0497050431864683 0.6805818446478 0.293381726931816 0.0746104110236527 0.250398553117223 0.372915702459575 0.416574602858678
0.34939941812444 0.241876579953101 0.132940399419638 0.1241022274663 0.140873349902437 0.204477567981318 0.20336338266409 0.271529099647861 0.193351019539397 0.110651779671077 0.0779844486269266 0.0505131548469852 0.137346414968946 -0.0563997526631126 -0.092984994881862 -0.0160683036826674 0.111115632520736 0.140677400238296 0.119297494046178 -0.244779287335422 -0.508033262997147 -0.497076192661571 -0.49479293187827 -0.505522072899723 -0.459545747795091 -0.439748620185955 -0.591035723003237 -0.671110737181186 -0.699113439316777 -0.748095184619029 -0.848090124205982 -0.940604692325798 -1.2103711131671 -1.20885579925197 -1.19744874160642 -0.754427215145342 -0.622655834635047 -0.405567429941776 -0.682573361477913 -0.0385522128208066 0.270227634499128 0.288760960893236 0.328471695119224 0.395391079653286 0.422982325134422 0.512413386756652 0.127410217417732 0.605005643357669 -0.0195436424169326 0.0159020412280253 0.280506051426722 0.315805705238234 0.0888919678959083
0.391229523866652 0.260345263229934 0.182755414359585 0.212528064716244 0.157510597262764 0.18146610151966 0.202162008211876 0.245635019729257 0.249123275612431 0.133848645355382 0.195466838936691 0.123947757462544 0.185924737661768 0.017248402809672 -0.177592893816448 -0.166064287676847 -0.0391023019506658 0.0864194118374334 0.00454706231858798 -0.250495455232836 -0.415287439781526 -0.461367475284512 -0.512655401085394 -0.476480938617894 -0.484258338537663 -0.44312751983431 -0.534716212599429 -0.593815885642377 -0.650411604908054 -0.663893306808912 -0.760971571258234 -0.963135194211749 -1.32283854375923 -1.73049456094589 -1.59620975422855 -1.04178589632944 -0.798973332551787 -0.670849691838582 -0.742480089437772 -0.0227827544661363 0.197062877051753 0.164031347264459 0.154389269653655 0.383127720983196 0.303132520258648 0.334836923134804 0.331673096153234 0.431809346640401 0.0061437463549769 0.0341776086053416 0.171898444190339 0.339373777267885 0.21928258757312
0.301131712930392 0.238135736303121 0.262540558282056 0.215773551673314 0.182750726146917 0.16809110521694 0.207919324791985 0.255057828529094 0.302608881317262 0.13577654558358 0.12159959919957 0.101468870849741 0.228602830628709 0.0685464941852504 -0.0159811349374349 -0.0657682954325683 -0.064590147761651 -0.0765973478986316 -0.176589838270577 -0.28427311074398 -0.330651107515783 -0.382209168354875 -0.471284980618786 -0.436109571809025 -0.352677708201343 -0.41987851883962 -0.472017449793383 -0.608608673117766 -0.597405971923506 -0.533568383536049 -0.68426369406196 -0.864768717402568 -1.11062800951034 -1.3779385951545 -1.67701342599245 -1.65045918826139 -1.4876167138972 -1.29636193438658 -1.11795322610534 -0.867051704808273 -0.21620897927419 0.0222498632193165 0.152666109527274 -0.206394796516326 -0.0914878365014878 0.0528817517998081 0.331998378785665 0.265413577095925 0.0182081132088159 0.114803179858414 0.253774829157197 0.34478106493175 0.394469453487126
0.257980727013875 0.234176559881284 0.223761721091321 0.182567677711196 0.221951405395614 0.155875367974079 0.187242090970419 0.180026603809043 0.220381502092213 0.113596637797063 0.0223195926230667 0.119031490964753 0.217949403209267 0.138621423110836 0.0433841749984191 -0.0233415924822811 -0.0579667472746752 -0.23390563883293 -0.316868238512196 -0.337913659392938 -0.379683347600602 -0.409072464516623 -0.438179124603012 -0.436162302524656 -0.417952301255168 -0.344102431025232 -0.410337998708414 -0.522030707290752 -0.526373711404812 -0.514127140582108 -0.612351857571892 -0.765960213818822 -0.938189400182726 -0.930801121040956 -1.08824755359088 -1.26851318571853 -1.42526269129457 -1.07768709359376 -0.585160545045379 -0.862132920127961 -1.07471179577193 -0.767851253672405 -0.916424185474704 -0.901125734420719 -0.727380590860353 -0.573575048436312 -0.664858410925624 -0.273899577291564 0.235710817113876 0.113997529466545 0.140787754783207 0.0725487450320873 0.140233976015777
0.267966595149295 0.214882315607319 0.204749625535425 0.136191352845408 0.0774292180220441 0.147615212691311 0.0916252753239873 0.0704052395499713 0.0768434043737026 0.0702838392257038 0.0751980641922139 0.140808199720405 0.123630776010077 0.0789744368698063 -0.046576592497826 -0.0298852490122892 -0.0493753480534887 -0.313139890368881 -0.352872655244411 -0.405111636983721 -0.516680187612341 -0.426080628844588 -0.398937353715558 -0.397968133984427 -0.380975112296225 -0.441728062038438 -0.383840935883771 -0.408354661323038 -0.487433718639629 -0.435898378206557 -0.615986388892834 -0.709177929331645 -0.769909875519053 -0.756413281701166 -0.741725571359462 -0.943139289709544 -1.10205272761062 -0.973140122555787 -0.893012892397906 -1.14230808922161 -1.21217574610614 -1.26525523969706 -1.25586692921721 -1.43856084831414 -1.27711850986214 -1.09964653199335 -1.11240333017317 -0.828553250113888 -0.438390888001827 -0.668867753341801 -0.719289395140386 -0.435890815537288 0.155333850607841
0.138707559476967 0.167705785043609 0.124950551841174 0.168866627356895 0.105634051247968 0.0853282103310042 0.126053104769825 0.0845388093312599 0.0306212949396896 -0.0289931329277706 -0.0136452400785001 0.0817742816228871 0.145504818666363 0.0272172025050919 -0.14026373048611 -0.158870987705369 -0.14303784146074 -0.274522058320337 -0.253295366512785 -0.437132125343257 -0.464878225815096 -0.409038829575509 -0.430138911591942 -0.456829711159659 -0.47126387786156 -0.451186069263051 -0.427135496422081 -0.503443473972306 -0.488971720945138 -0.578031908010069 -0.683520466481924 -0.73559318568281 -0.715378925625647 -0.739589653569828 -0.754779719754115 -0.863512990785814 -1.04989403151676 -0.931540259402701 -0.902479111153795 -1.16306687763904 -1.217934906465 -1.23642551780461 -1.26771880492839 -1.26795998486329 -1.70122060656513 -1.84163551048797 -2.0070486894135 -1.4573822670383 -1.02756046687053 -1.46705766056349 -1.32900754759188 -0.908693339479569 -0.682341641596143
0.14729071729072 0.104060662405384 0.211604803789778 0.0972335054819131 0.092291850895063 0.113573001392564 0.0868828880776037 0.0284298340347743 0.0219665339879178 -0.0279150730859254 -0.0399074360855814 -0.0337736898889175 -0.0756567188547909 -0.161862407626741 -0.230343190977052 -0.299411522566794 -0.226916560366374 -0.313842096515254 -0.20889885799753 -0.209186911225295 -0.213290892185078 -0.29900724441644 -0.461902481187163 -0.58018361334845 -0.491558694097254 -0.485048228332245 -0.564988468247791 -0.553378144220698 -0.584326735349184 -0.669908422743531 -0.799766056064296 -0.84893793519099 -0.765192534735149 -0.756728737175702 -0.871464305133437 -1.01645924279625 -1.15735035017385 -1.05932018569823 -1.1078338959057 -0.929462384138614 -1.0077840989991 -1.09529184698884 -1.04544203581937 -1.47749698510894 -1.525751106713 -1.83523480650337 -2.20427152874902 -2.07188246327826 -1.52449868142178 -0.876507932061749 -0.922160353319453 -0.615573063084499 -0.817367771649418
0.112909699346468 0.089631883628103 0.0806524072028843 -0.000521764282808877 0.0531878097337622 -0.0280955015731212 -0.0575334478257119 -0.079804199525776 -0.0769222183224509 -0.087054052861308 -0.0857504630252499 -0.0755296692733014 -0.140064003353737 -0.144225015465844 -0.168319830411171 -0.323709013396644 -0.316722217009144 -0.409390377225485 -0.350792324715845 -0.292253930361118 -0.30383482812662 -0.35127433478169 -0.384769497727822 -0.488417494732232 -0.468903036494467 -0.508631858072326 -0.6182888724409 -0.639104763789393 -0.668170943290557 -0.736847112234098 -0.875437461965725 -0.852377626592861 -0.7786408930942 -0.813358090854677 -0.86811494016336 -1.14144657436781 -1.23032038038194 -1.16997880837203 -1.10556317734321 -0.851781752353552 -0.823966415703455 -0.795464128752906 -1.05623743369132 -1.17251716054735 -1.34194711396146 -1.39884485918776 -1.43376520097767 -1.42590128469476 -1.65815515684051 -1.53104411323809 -1.31672112058087 -1.04852905857098 -1.14641784941277
0.0918222707700223 0.113630786943501 0.0295999897548888 -0.0837044731517659 -0.108481730321468 -0.14983550852103 -0.108990938027818 -0.251858667504345 -0.224040824591102 -0.168450701090984 -0.0905698774869139 -0.0139872725099576 -0.122237961359746 -0.188340451680213 -0.24782017674405 -0.392380742821337 -0.401603561888476 -0.418559920160446 -0.402934718645623 -0.325519355385758 -0.262546217814283 -0.395627994034477 -0.400221677629541 -0.494709198397642 -0.426943352449897 -0.47605286175962 -0.624378431323753 -0.683668644435638 -0.579541505729808 -0.522633038069037 -0.663838323476327 -0.704716100164225 -0.773716627842081 -0.837521335303093 -0.797192122028771 -0.974824115444409 -1.08994030087426 -1.13888903553074 -1.11710577286015 -1.10941723646296 -1.05907374005697 -0.712529881039438 -0.838050644617192 -0.990929408518895 -1.10112033584903 -1.02050307409011 -0.826349657067711 -0.775150012396438 -0.997793616920863 -1.6560079148993 -2.16399799922217 -2.03598690265804 -1.32835384475629
0.0570367099394815 -0.0409791232014751 -0.0865131041638031 -0.129921071873646 -0.251972406817152 -0.261774892348403 -0.32005893583776 -0.374774666327949 -0.274946401914183 -0.25884044886024 -0.301170262634309 -0.225880404911793 -0.243365382476116 -0.313391571411572 -0.470042453059017 -0.488680939011816 -0.389633968513475 -0.439469320922197 -0.381684445904348 -0.423269573166947 -0.419905458189632 -0.555929029173346 -0.55539197952924 -0.453870813719342 -0.37761889122254 -0.508321625414848 -0.579218054916046 -0.603426127404004 -0.489213369642216 -0.49507687357289 -0.532551467349805 -0.635545607764093 -0.697872498853169 -0.841582235000119 -0.834862785130678 -0.766428731856557 -0.954628187117637 -1.00549343366033 -1.01225168170046 -0.987505025030027 -0.998036179520215 -0.717179059820191 -0.855862447632628 -0.821053420720585 -0.853179088831119 -0.8376869316298 -0.731071408909424 -0.771898740883431 -1.03094007389437 -1.60486566596989 -1.92824042121792 -2.04096154877936 -1.82656298484254
-0.0826910330484809 -0.127570414188787 -0.157935815703027 -0.161576866354541 -0.253586348199157 -0.288601089245266 -0.33983421301079 -0.371191662192667 -0.310285805814167 -0.420196293212005 -0.433878911374506 -0.264562498247968 -0.30607129687993 -0.384802663449794 -0.512174207751651 -0.561707373197124 -0.49312466581889 -0.470960356838113 -0.487347892059817 -0.535122061347888 -0.660503659489317 -0.724393100715287 -0.629102754790338 -0.551659509793667 -0.54725587560552 -0.491179277488124 -0.606749055293796 -0.573587340137163 -0.394981465020351 -0.460731454693901 -0.508708192942095 -0.55651072474184 -0.693130615454494 -0.757552535572123 -0.798069561832519 -0.786734503913108 -0.890738362854321 -0.913477396772509 -0.966279275426622 -0.93892716488181 -0.946864501027399 -0.96345907052165 -0.715536038696299 -0.870655139342939 -0.802024564357682 -0.772000905084083 -0.700194853752646 -0.925828054296649 -1.13678999431132 -1.43861749024441 -1.7429721501357 -1.99499323127184 -1.9195976379825
-0.0247516599277356 -0.107843513579347 -0.175597860343031 -0.235652409434327 -0.264210217411783 -0.254638548067473 -0.28724927048511 -0.249973724704272 -0.318040383075701 -0.50864450507855 -0.555186849658657 -0.41245520155645 -0.414309624331969 -0.432213746758973 -0.52601112343711 -0.649540365026318 -0.623269233537877 -0.478841696278339 -0.544444061714219 -0.688540127207061 -0.762785899898123 -0.75777218529192 -0.666332885587575 -0.667742772980212 -0.678140691075636 -0.65083091862334 -0.648360531367955 -0.509988669235173 -0.518986037485698 -0.448533978598885 -0.419788109460169 -0.440538261107984 -0.576211324775987 -0.668238252066125 -0.724791818475019 -0.730400347423713 -0.827652458614065 -0.872706644036125 -0.897775472576506 -0.923523471324813 -0.759347673924719 -0.696447016093444 -0.932784362295116 -0.916072885404108 -0.876835963708244 -0.879056265846773 -0.852548248072147 -0.974713865022992 -1.13462353569294 -1.43445205817097 -1.6098659201102 -1.77935279628 -1.81254308753474
