PCA_vs/Initial/pc_3.asc
NCOLS 197 
NROWS 210 
XLLCORNER 56.1666666666667 
YLLCORNER 4.5 
CELLSIZE 0.166666666666667 
NODATA_value -9999 
[rows 72 to 95 of 210, columns 53 to 105 of 197]
0.730361046848884 0.637981565466932 0.675385383823993 0.559827945417963 0.696982333105421 0.636464944352145 0.762427247650552 0.792811529885162 0.644157467572719 0.607091460895312 0.98064815841688 1.01704798511829 0.927274976878673 0.947411992924832 0.955657651544363 0.922825655387945 0.934685945938189 0.908063916105282 0.787946872980606 0.750394544036268 0.620289163594428 0.547178732449682 0.252828731235255 0.174754578856228 0.288750003858246 0.261406522949297 0.17372426822517 0.101437181528555 0.0614826749263029 0.0909045274798125 0.114671956066986 0.179883700367305 0.233687441255294 0.267348814194262 0.218308832359112 0.135584492066498 0.187436812048 0.0929598668225201 0.10846982363306 0.215077805188439 0.252946370298249 0.258365803471528 0.24167894193884 0.267974048075506 0.173265274084128 0.238227549181914 0.213596470652011 0.205815213818035 0.207637527250887 0.0550766376471991 0.0106759074827987 0.0490520973148827 -0.0659139006292414
0.79334401048838 0.828443189111177 0.767181906917199 0.583674078904792 0.762697336436298 0.861346846550301 0.897705055293912 0.696730114270125 0.698424191637518 0.678675440504766 0.844300638340694 1.02568440576159 0.881772810647547 0.916614555484713 0.883203659609297 0.76733703896661 0.739255838087739 0.708179834806496 0.641485288001522 0.423587501517093 0.324744784499891 0.137428225376328 0.167418395797684 0.163326268031603 0.0656517392871816 0.0347739822238085 0.0418694060901991 0.0124635346331304 -0.0143245689806839 -0.0247804450904517 0.0243188010011733 0.236340343412966 0.195420740834186 0.186503015639889 0.226852760414658 0.11210354931749 0.0795245352581645 0.127469662217981 0.14599019812973 0.252942025173653 0.281304572016625 0.291984607370396 0.280282851968635 0.17591409215996 0.126502418887325 0.160722679392825 0.119997081889182 0.0976044989364609 0.137305821715172 0.089456578439295 0.0131859439494208 -0.084427609458688 -0.117452357554714
0.897181738687357 0.957081782280592 0.878062229145465 0.937319350218633 0.71528313255363 1.02565420710025 0.806000694376611 0.785612797278468 0.822198290096477 0.8524288835821 0.871882999038795 0.979151634688187 0.901317508287431 0.787827888015294 0.791853388615715 0.760978631160031 0.698038685246828 0.491042893097136 0.316456299742271 0.211203153016621 0.128613130684978 0.097497238219574 0.00359292943966272 0.0114502772914338 0.0508561432744099 -0.141928890841709 0.0888191898298628 0.0762871623906964 0.0515260588913041 0.0435761281528994 0.216828340818299 0.237293222303873 0.197631239095554 0.14489398744708 0.193093483942157 0.0184575868412928 0.165512644242218 0.0750518101110558 0.142649317885915 0.190035842583665 0.258571561813097 0.231962838538144 0.263621384452725 0.139338760960386 0.0737696346868795 0.144698691282914 0.071633924371779 -0.000935478440092734 -0.00166332282983131 -0.0199133154221999 -0.0640384326824879 -0.104173029649954 -0.133420554913624
0.929293394177149 0.97501338655163 1.01689822843523 0.848638001698284 1.0162475175773 1.00285755608685 0.906959638314209 0.797673546543746 0.928062032633381 0.946588133119042 0.922750565167329 0.811503081875792 0.695995114842548 0.734330142494175 0.668889719414822 0.624451381194861 0.544878469938682 0.360242139568648 0.246884980281789 0.111249481490006 0.0262472436919384 0.0752612558606847 0.0768173503005501 -0.0827093806046356 -0.0646191269248883 -0.0522387818017917 -0.00489495552695439 0.00388120906333164 0.110346731007421 0.113500848342659 0.186804833944955 0.24975463071485 0.257965788756877 0.319999480520637 0.180760206179141 -0.0436576737454583 -0.0506251644457062 0.0794734975298742 0.153830745266901 0.29718645562824 0.245617525370104 0.333225884729396 0.300128750512021 0.17054504733961 0.0275115240216347 0.0935276551065487 -8.40740192552519e-06 -0.0328078362174891 -0.0199625024406464 -0.0790288906994674 -0.116159956882521 -0.124537949482673 -0.228984387710168
0.994943610762945 0.995381888709734 1.09761696467968 1.05255968547424 1.13276308275442 0.801829351851068 1.05864345335746 0.879121583989444 1.09175662435293 0.885823042900789 0.849744113541082 0.788502836748348 0.717664723240125 0.66403609171043 0.710244141595789 0.618796955415372 0.44629347566291 0.214672481534966 0.0909941627199447 0.0112226743521967 0.0223987923614795 -0.108484648067979 -0.075667364235823 -0.0293860137504053 0.0684150991934643 0.108843544093068 0.120914291516395 0.17000621860146 0.211995678806165 0.242222838417417 0.288210015657863 0.343081947476996 0.428325799932322 0.300172282221801 0.110870441512048 -0.0226952558377979 0.0931061619212265 0.122001620468011 0.185239857632256 0.114342946793034 0.290213534842233 0.2505594404565 0.263801306673533 0.118093496476429 0.0932126890721198 0.123974162067563 -0.0190591697296542 -0.0380935147718572 -0.0540372786414195 -0.148003711185639 -0.14541597753783 -0.213815340247613 -0.268960925009818
1.13795372178051 1.16470029046915 1.12718056747051 1.18772097864354 1.17142795970069 1.12945892872046 1.07476629489998 0.977199911444598 0.951915422361656 0.951132682939555 0.844993779725306 0.836447877913348 0.705357954299124 0.677293967780535 0.584122635057234 0.538376252468503 0.31541230026716 0.184483305474801 0.0879711057337637 0.0405502749756781 0.0945646623403325 0.0602420954509047 0.0818859029559464 0.138970732304574 0.152793455425367 -0.0141571705278818 0.0266617006148566 0.0755190594809484 0.126768996895515 0.178032259878211 0.224951158940429 0.372178870210693 0.317532338245974 0.257922903343399 0.204979251945798 0.0118572777270138 0.0823026352958059 0.0891491157960353 0.113718697911153 0.170842921204164 0.188261916055322 0.285311095171855 0.207718805429508 0.14577705094948 0.172803588765533 0.106516726321685 0.0166801535703084 -0.0522020371311054 -0.00250104670871607 -0.133949776367397 -0.145271186922981 -0.23084461431146 -0.351530767480963
1.20035712930966 1.21159414497692 1.17826493098665 1.21994521376003 1.20991120617886 1.169139179608 1.03624642614522 0.960329999527069 0.956654117708177 0.890639701646226 0.815229722132937 0.81495038040866 0.687923989582331 0.605967209465331 0.617384035212789 0.558412649335785 0.490566904024057 0.391364044998818 0.28764160916565 0.120833582674673 0.0817042669399916 0.0992346327755725 0.155873336625217 0.0649622870293995 0.0511910146355194 0.149007719978725 0.0710535957753486 0.133278948264251 0.184125196413051 0.207932221846368 0.255744930872835 0.254470313055379 0.340607270694349 0.357738658266309 0.14646590471372 0.190825739049011 0.175177241770435 0.151553048334168 0.194488805833919 0.218824865288467 0.198628961924143 0.200973239166632 0.204327995045077 0.161916873493279 0.100480146139083 0.107667334424103 0.117868950506588 0.00919621801454716 -0.105778427787258 -0.18058415311929 -0.135725678501933 -0.132211739253882 -0.269307417529397
1.22134111163656 1.20323373196598 1.19396562687505 1.26033623688677 1.20337954826356 1.10824410731684 1.03730377028202 1.07842514532047 0.902129699846605 0.859039212449002 0.851373845837022 0.781076480667469 0.679239411519231 0.599381162983195 0.533889148571594 0.530082471594967 0.390237623901907 0.438897245924928 0.341670252812719 0.303983610557128 0.257603259540667 0.0929559721015081 0.11763244032761 -0.0139204425994553 -0.0451721070615733 0.0708172903222611 -0.0122666975918659 0.0353895235136374 0.0716680755620312 0.0834039055764208 0.264352079930504 0.238672162833083 0.197204918648562 0.248254984034662 0.227964744537341 0.165001290000936 0.090722319249882 0.169013421615383 0.144609691510276 0.177315416323492 0.183671491641143 0.201273466950299 0.0951918857157622 0.0811751984686204 0.193569449707819 0.0672828130187632 -0.0178952860516228 -0.0928160034653114 -0.102656776950434 -0.0978559094753353 -0.144402929892032 -0.277990561193107 -0.270973880312265
1.25037907345163 1.26129109013023 1.21223800048101 1.17789940327681 1.20690469055874 1.10192057870398 1.03425242915417 0.976244360914208 0.945955162250274 0.915326453324969 0.808663418450798 0.761736014227154 0.737937583132972 0.601368913415105 0.485026932391263 0.446908821308338 0.440681646906198 0.31590433103635 0.369635826223687 0.346214795266746 0.255418761265163 0.228869219982453 0.11611673940162 0.0580176511277329 0.00665960394721341 0.0217780228824425 -0.00204511785552263 0.0445614051786468 0.067593474307877 0.267175125845489 0.166638540747291 0.285797197679416 0.206493414085445 0.229167027298269 0.218684879065432 0.148099782774988 0.0799970744750619 0.127194134542659 0.0838584984396702 0.0452886630092399 0.0981303400055685 0.162688617277671 0.0340660376732872 0.104697140425291 0.180186024826865 0.060243725671691 -0.0656647667082377 -0.0728615189263093 -0.111970124442112 -0.144779512692359 -0.171531175492095 -0.243444715773828 -0.321363958332217
1.47044934244928 1.49589071920565 1.3178620683573 1.31477822941248 1.29655183540985 1.19712065549993 1.02694335672798 1.09096907907159 1.01398819226832 1.02382255554409 0.94395247712818 0.792377663371048 0.734544296016507 0.676652003392547 0.52522251626768 0.40953725444411 0.414601957410143 0.403182604534488 0.442484791771367 0.354107725252265 0.256496533144584 0.28831934647948 0.158291387298185 0.0729664256397649 0.00562348053629443 -0.04195704708182 0.0241856639130848 0.0633427985227321 0.12275216596156 0.160109679464816 0.156354428196468 0.265387046941418 0.209297709843861 0.242095537768755 0.26517992498435 0.188083217269006 0.128196057047954 0.00709145176967111 -0.0444705983369359 0.0302956167548517 0.0229162067737894 -0.0239244183881123 0.0498491581000316 0.104654268522659 0.110213082930806 0.0833754795526317 -0.0470399872977946 -0.150004838393404 -0.266460382456073 -0.30945222834233 -0.294611788672872 -0.287354067988328 -0.330576716368864
1.46607969194235 1.45660537171275 1.40971834873707 1.23843805177685 1.23459645130534 1.15858966485817 1.1945267232594 1.16589280375844 1.12032595626326 1.1091674494432 0.976572004090897 0.827383886841492 0.653941066095033 0.645309196222256 0.483566309370076 0.425388296476986 0.452672135919767 0.376223270561602 0.387019474751464 0.424830349501592 0.289794746479239 0.321173689342798 0.122305292055992 0.0484268909013221 -0.073095353985835 -0.0910645895355889 0.161506765814136 0.14020539198975 0.191554405482243 0.196223234526091 0.16186544536723 0.227735145976 0.192184975538148 0.262903816913654 0.19662695703017 0.193512246609697 0.0868566212148782 0.0360845758235384 0.0174431951417277 0.0745756878433145 0.0779983039285691 0.0697469022706483 0.109353185146538 0.0765233473555731 0.10966993478334 0.100551741009403 -0.0408292878056338 -0.109097453725397 -0.217247107731687 -0.46246345645851 -0.292484843473439 -0.237956874618393 -0.229104871557242
1.47247840420608 1.40349392936982 1.36602905056616 1.38447728186929 1.32843787641256 1.24154030519954 1.21443405528185 1.19518371569549 1.25347764895566 1.0617018394819 0.996927953574399 0.800398182658214 0.635779129640991 0.610794277779152 0.511793545914716 0.379734931966197 0.374718503043152 0.503468301700747 0.464838208437193 0.377486078031036 0.387877746863713 0.266699947765683 0.17042501861577 0.00604422750707508 0.0194446772913312 -0.00924872131094865 0.118757903107975 0.053659605289882 0.120929161149502 0.202041142254199 0.148801289895387 0.161277886095557 0.216748887453669 0.224636935342878 0.193003299954284 0.2630884607636 0.241760421098284 0.114743515220881 0.066285955489942 0.0526038623170643 0.0127262120531077 0.097810050324827 0.0658603188352712 -0.00821788263410748 -0.0689452262126421 0.0265474201839275 -0.0634092347420431 -0.0913161589189077 -0.114227459808895 -0.267575182642584 -0.301739819198983 -0.304720550290721 -0.281974966706693
1.43737360787384 1.4906453343347 1.42167160519975 1.38132669416168 1.38836396083819 1.36895900850043 1.28165464827552 1.29330552379553 1.17264426129603 1.08954538673678 1.03037598853475 0.79821050782112 0.649220038806061 0.522174384054622 0.429983697689489 0.393178091839868 0.390410390357247 0.472813516018702 0.419029650125579 0.495215536430989 0.495539349349756 0.303859477931208 0.205339094822471 0.109120791587329 0.0587917275562491 0.0325649341127153 0.12888950369479 0.127705312711706 0.186330740101989 0.201607259993463 0.169832589032603 0.149254294118703 0.0923207908949754 0.12732999844064 0.242435088000086 0.226411922506657 0.176306785711785 0.203262055113668 0.0990817121624139 0.0903747143669325 0.0659735992599669 -0.0155848841589519 -0.0815854621743369 -0.102196561702671 -0.14801788981529 -0.1896506801056 -0.0312859849970543 -0.0694510481106317 -0.1912244583801 -0.329071308124357 -0.370220339609969 -0.404495275932752 -0.351086010215197
1.4054004124862 1.37076566655129 -9999 -9999 -9999 -9999 -9999 -9999 -9999 1.02003570664985 0.910819811116862 0.730788267397905 0.60845687738555 0.464792620591887 0.460911214380283 0.362422106526817 0.39088709366534 0.347957990112994 0.431189001108969 0.50293665799606 0.456749825024699 0.312092289747607 0.287709209643624 0.0940973547614894 0.019510437343904 -0.0386960303558174 0.0424136068983648 0.132286408023591 0.156216106884164 0.127303675519963 0.126964753629877 0.000909724175903739 0.0271065535870773 0.0505209324093725 0.0990556002502967 0.128653879935842 0.124027126481742 0.0946234813860446 0.113875068457894 0.108888759411508 -0.0273491726027675 -0.0408742099521298 -0.056538873599318 -0.137347243691897 -0.112725721742079 -0.214525717478676 -0.0694004373136494 -0.19171909222203 -0.280650224643078 -0.50238163141508 -0.436884558975954 -0.44781074772537 -0.436131845624177
-9999 -9999 -9999 -9999 -9999 -9999 -9999 -9999 -9999 -9999 0.687931922176208 0.576131192021722 0.571939605706525 0.442459267845233 0.439238603902981 0.370384925187361 0.322438122423465 0.394813789527054 0.405128895035452 0.326816832597888 0.270397182630118 0.264638859422144 0.233757995277625 0.208214080987878 0.0595051102866765 0.114390885409024 0.00805051283556765 0.0953260603921488 0.0382502735844539 0.100765427514598 0.0836594685057118 -0.0767211893118986 0.00351012444892328 -0.0121687395133645 0.0317921460134321 0.0595230380815663 0.0397964047305982 0.056436850087957 0.0355964381527023 -0.0916532601552894 -0.103162121919366 -0.134947023587009 -0.155218536862147 -0.210574732480338 -0.25500673752375 -0.269860799933486 -0.180405925603963 -0.351675239334969 -0.396123920806966 -0.48134945147185 -0.568022576750186 -0.655572679910354 -0.417076046893825
-9999 -9999 -9999 -9999 -9999 -9999 -9999 -9999 -9999 0.744417513404238 0.637109699940211 0.561472339668922 0.52752802215499 0.474765047093593 0.455437470910868 0.370576393441662 0.282364893382927 0.278258924869811 0.284813756919419 0.257538301167317 0.218321872270833 0.241257892357941 0.255025660137657 0.19747229498462 0.10923970132161 0.155658573549488 0.150104388074941 0.105451956227963 0.0443725303794071 0.00146405801006561 -0.051765044915112 -0.102533345931107 -0.0776189714867982 -0.0856096115394007 -0.0431545225561979 -0.0342338209758208 -0.0485637196315681 -0.0141177031644554 -0.0527362575957833 -0.0787561296312291 -0.120346797421779 -0.197835550729235 -0.265302050654214 -0.321383301743471 -0.447419476480221 -0.372067731072615 -0.394603026583667 -0.600510397483235 -0.646087713401095 -0.66833193365487 -0.780510843089619 -0.607667343392272 -0.380549821158814
-9999 -9999 -9999 -9999 -9999 -9999 -9999 -9999 -9999 0.786684956179731 0.751169205114696 0.696400540944653 0.657484580521839 0.5531189913011 0.436488968430827 0.315027348208955 0.242840308835262 0.268540425081816 0.235442834213694 0.21304996186915 0.183285335154644 0.111340629349107 0.165821349066178 0.146861082295572 0.235935017712102 0.144756247738389 0.153290284740798 0.0469834832742348 0.00539774326600785 -0.0210495577803859 -0.025725720618522 -0.106397104287991 -0.125189068025379 -0.158384948438095 -0.128347003716054 -0.0697169884513133 -0.102927786021742 -0.0864125742227232 -0.145970049576153 -0.15072315888776 -0.218835528917031 -0.292669812904047 -0.388440952337729 -0.448248386243384 -0.64050601390189 -0.54681278596621 -0.850051307334803 -0.871854393497404 -0.849125414854352 -0.904165673544649 -0.874134605244306 -0.720077116930886 -0.440518555727677
-9999 -9999 -9999 -9999 -9999 -9999 -9999 -9999 -9999 -9999 -9999 -9999 -9999 0.510712042125709 0.393789890687387 0.360061821933836 0.260024868163294 0.163103923269779 0.0959327845133798 0.188912295186686 0.174583074267768 0.151703933514992 0.13274480295989 0.278063572543528 0.143704246203012 0.191995817098693 0.0459918359664819 -0.0350042706502033 -0.0424049637988173 -0.0213695062330125 -0.0392539253465876 -0.174769621226819 -0.193143822589528 -0.194378807861835 -0.188106155507101 -0.153867113645715 -0.132590510246077 -0.143503963982696 -0.189361950528997 -0.212113791472282 -0.325009892134844 -0.331352188771852 -0.347777267751711 -0.421841730560555 -0.476207035060872 -0.597495444920711 -1.39869805624759 -0.869303650633606 -0.995425828550895 -0.981922294645783 -0.887071336341516 -0.813994590184888 -0.487416044662112
-9999 -9999 -9999 -9999 -9999 -9999 -9999 -9999 -9999 -9999 -9999 -9999 -9999 0.426925453427924 0.485743204281383 0.276421686427659 0.290463639465207 0.174720314284728 0.104350269795082 0.0871741750513842 0.137502455244482 0.201407141791704 0.189376245018878 0.0840854361143243 0.187117208414565 0.028229742871302 -0.0140852722217983 -0.0581360303813628 -0.144915811099825 -0.190638095611955 -0.1769154988645 -0.177454907562425 -0.172276867110941 -0.208699002954738 -0.255104363810756 -0.241837560616525 -0.216902404411504 -0.195084187412019 -0.203584657110218 -0.28675023698152 -0.349142067726543 -0.306254074018829 -0.394765076056879 -0.496834574816129 -0.599084121333169 -0.767505106705799 -0.94663724128511 -1.1819728645685 -0.991765233585423 -1.01447367227003 -0.896606959233582 -0.86823141833346 -0.489767200428061
-9999 -9999 -9999 -9999 -9999 -9999 -9999 -9999 -9999 -9999 -9999 -9999 -9999 0.438554066310367 0.407338954531375 0.212071676250882 0.175131382284506 0.0861923114054891 0.103766975727247 0.113009950956428 0.151234331358155 0.191497940327696 0.122081110047506 0.099525663704049 -0.00918069566047216 -0.0730400300162576 -0.085160354759836 -0.170411382707847 -0.227092595341689 -0.180371138361078 -0.235908832792993 -0.23510452623114 -0.187809878104163 -0.262199089901427 -0.2996978098109 -0.213762507317382 -0.192553558645318 -0.292433100586718 -0.302096031446485 -0.257847889170942 -0.248291927865602 -0.301206175463441 -0.417130763633393 -0.485288610829451 -0.65245167967341 -0.870315541163711 -1.14184109569615 -1.11757726175051 -0.998644798282749 -1.06934194241407 -0.980053771190428 -0.830989526954063 -0.547494310845291
-9999 -9999 -9999 -9999 -9999 -9999 -9999 -9999 -9999 -9999 -9999 -9999 -9999 -9999 0.391478451136212 0.254582859572221 0.142054461385626 0.0711928990928453 0.15256414066055 0.162972760437114 0.1560443478452 0.0706028243114978 -0.00720957433438609 0.017731202112932 -0.019330202974892 -0.147358660426979 -0.203174544488778 -0.264693278049263 -0.279390792667231 -0.266981914708208 -0.226073933895543 -0.223787158243005 -0.268376319821402 -0.311614227833628 -0.299631616549721 -0.278535555370847 -0.305153136181477 -0.295501084759951 -0.290593416282829 -0.287431444789077 -0.308468671587115 -0.303849027688061 -0.38944546832948 -0.524050548535337 -0.5968923103089 -0.751090177268806 -0.948491981009876 -0.989954733412093 -0.983713245733999 -1.11437072256125 -0.992659673650239 -0.73449821956854 -0.515389205330423
-9999 -9999 -9999 -9999 -9999 -9999 -9999 -9999 -9999 -9999 -9999 -9999 -9999 -9999 0.286738453362902 0.285449482501065 0.149293280639133 0.127372787207801 0.123540550283122 0.124483195565464 -0.00288430611177011 -0.0251478779993499 -0.113929694994783 -0.180664534087058 -0.247728840601609 -0.253843027181978 -0.241625677294194 -0.343630948866716 -0.390246363379137 -0.264854821223588 -0.226088016779621 -0.23860077163393 -0.30605764070069 -0.297237714809853 -0.378366079329717 -0.280192376152276 -0.339945282993504 -0.329192585683241 -0.325698283986606 -0.30915994734929 -0.359203685458122 -0.350969664341275 -0.416280391455208 -0.42857345620849 -0.462461586942158 -0.583384720278242 -0.776051239822095 -0.894404828730635 -0.98929636583667 -1.00708301001927 -0.934052021154256 -0.695726102200628 -0.484613896912523
-9999 -9999 -9999 -9999 -9999 -9999 -9999 -9999 -9999 -9999 -9999 -9999 -9999 -9999 -9999 0.175178822549888 0.201765769286506 0.0980805003442801 0.0920357229345035 -0.05603429476063 -0.0169703728238998 -0.0510405420562219 -0.243582781982951 -0.326291943521883 -0.328657002291038 -0.349308372944135 -0.266025921175417 -0.297781704604385 -0.302297911682257 -0.191457322837378 -0.247480943054079 -0.211322866696476 -0.299518841215963 -0.381207896022909 -0.344018350095439 -0.304293443548041 -0.365430252556193 -0.36965158584391 -0.351946565061131 -0.292579034180111 -0.320271918720818 -0.364238512139056 -0.393988959832736 -0.447616366394309 -0.464682493172143 -0.521711973234215 -0.649653519413711 -0.795884847898872 -0.915569912408467 -0.88487175056982 -0.884011469252891 -0.875223998843456 -0.693485273974685
-9999 -9999 -9999 -9999 -9999 -9999 -9999 -9999 -9999 -9999 -9999 -9999 -9999 -9999 -9999 -9999 -9999 -9999 -9999 -0.0618932587403813 -0.0671790809639915 -0.11874997049731 -0.281293134748635 -0.366764847084189 -0.357617488901154 -0.363564520798561 -0.283803872636193 -0.117603848664092 -0.0085453729820006 -0.137527285982882 -0.16159655773374 -0.277022850187626 -0.336903903566061 -0.345553890929801 -0.393462194805982 -0.333751733294042 -0.369797320943325 -0.346929815589252 -0.355556799715663 -0.331048613834825 -0.355346311849349 -0.377046402935063 -0.400070029185796 -0.49267806364733 -0.52068514688472 -0.549843078961977 -0.584961565465424 -0.674813102729389 -0.797912658582301 -0.825583306671535 -0.839986662828513 -0.818235740790566 -0.707472634396605
