PCA_vs/Initial/pc_3.asc
NCOLS 197 
NROWS 210 
XLLCORNER 56.1666666666667 
YLLCORNER 4.5 
CELLSIZE 0.166666666666667 
NODATA_value -9999 
[rows 96 to 119 of 210, columns 106 to 158 of 197]
-0.621181386093288 -0.586505961199663 -0.778259660534122 -0.938445922608247 -0.938783916042778 -0.953397265132809 -0.853838623337696 -0.774247049798334 -0.754322037945995 -0.749409722580333 -0.680633249132952 -0.685966825671004 -0.650790319878503 -0.700097914028711 -0.812347757410341 -0.824082951114273 -0.881558038781622 -0.931984996522338 -1.03359955944008 -1.0934933570442 -0.921539223742404 -0.844715751196256 -0.990724275683366 -1.18984514343118 -1.26747644756916 -1.25179019128567 -1.28692196588778 -1.28337267720072 -1.2124697363107 -1.14413373979662 -1.07501061015254 -0.955002834010336 -0.853716473493266 -0.848624468948776 -0.820350531857503 -0.887574805308876 -1.05892891542821 -1.20474911019099 -1.26695135778562 -1.2150352311406 -1.11143207951213 -1.0209052375778 -0.877398448259578 -0.816150061141464 -0.765213202763715 -0.75271615773788 -1.01572199598658 -1.09904917544484 -1.15479865964749 -1.10659310389883 -1.15952737146061 -1.19254229979721 -1.24833977902106
-0.884025319766534 -0.845911113164602 -0.836149937469977 -0.946550799809743 -0.904740785134734 -0.834763070571759 -0.791320441145299 -0.726175032830598 -0.782570251039304 -0.746959228538655 -0.648109500066748 -0.613448768720823 -0.636894288552319 -0.726895026466317 -0.841784743097238 -0.874093070028152 -0.849710423980188 -0.901809761223667 -1.1033272319413 -1.33751879920063 -1.10158789370466 -1.00155522884757 -1.08003482365121 -1.21541326835406 -1.2479679497853 -1.2409222349867 -1.13093656749438 -1.08990735774028 -1.10027750751703 -1.0894948019762 -1.05718563164345 -0.949751487875818 -0.848588842232223 -0.727169744398793 -0.747850501290777 -0.825554948594157 -0.914417372824995 -1.21585420566976 -1.29556369468865 -1.26138621685304 -1.25708756442695 -1.13702419513708 -1.19416960703927 -1.01317602034971 -0.989923631296966 -0.899563323555549 -0.973626217988951 -1.0304386047287 -1.07421367484329 -1.11895801853649 -1.16426925704066 -1.20457129537789 -1.29845500904831
-0.909962023809867 -0.882810044837972 -0.806716901900911 -0.799209561634221 -0.751856774363686 -0.736608321274461 -0.729048884503025 -0.697746187170961 -0.720486146632839 -0.67517367460977 -0.683268554064891 -0.618719543994106 -0.68379832754437 -0.820190141481656 -0.833779344315051 -0.844180765259272 -0.865994077078141 -0.889119837783067 -1.01859908226855 -1.21029135137523 -1.17503464419467 -1.12083485524222 -1.17857691107166 -1.29360560301218 -1.24847599472196 -1.1394557644247 -1.0992936606933 -1.11771592499057 -1.06536795184442 -1.03622065039749 -0.981472329454783 -0.849834476931865 -0.728462342811708 -0.615753813686814 -0.574085584131657 -0.693873016490061 -0.814515172213816 -1.09519363944558 -1.26131683398145 -1.41168778621038 -1.5209058694566 -1.3792537664496 -1.24161303218966 -1.17696106964951 -1.11502596777946 -1.02387121823761 -1.01825649455396 -1.01830104925805 -1.0092158024111 -1.04592241275654 -1.0885876162136 -1.22112682632664 -1.34944004576278
-0.794021634743098 -0.744928564744197 -0.627497470352007 -0.521416186106041 -0.534110329664612 -0.625500811642916 -0.706768454119354 -0.695749838592932 -0.719423798059234 -0.705892490325728 -0.699391732371016 -0.667088498751268 -0.74149739226838 -0.78285253049566 -0.841818099639163 -0.865293329248825 -0.838542299821116 -0.793514651532352 -0.949462821822333 -1.01876609451332 -1.05533440706852 -1.14044878267283 -1.24427341597751 -1.32900919859408 -1.19126741957593 -1.17807887712309 -1.14537964613495 -1.06717213788965 -0.991404070522097 -0.911054652130385 -0.804546474146491 -0.655658011030086 -0.546782719111579 -0.429524925085136 -0.378597824880686 -0.497443007400011 -0.69207695492834 -0.902326647812095 -1.38228501504965 -1.5507487384073 -1.47957870471047 -1.38579614095483 -1.32197022933811 -1.19129018605326 -1.12613623314627 -1.01409322654385 -1.08207297566477 -0.935886897501716 -0.905359415171295 -0.939196319521403 -1.0738231487589 -1.21106944517921 -1.35870479383403
-0.840457759262667 -0.73402331383483 -0.506688680507426 -0.450332254463615 -0.450828201601635 -0.560769596434402 -0.685271377520072 -0.720314784019425 -0.756657066860453 -0.725218583525303 -0.747564478169048 -0.729624343955053 -0.812732161859457 -0.862586380159579 -0.832174013006036 -0.838362539219433 -0.794205383737807 -0.727789412218143 -0.791018454162189 -0.843584179262348 -0.920663641100463 -1.04417762733963 -1.0833010106312 -1.13528229313775 -1.15661814203146 -1.26022082201664 -1.28473836774104 -1.15293715747265 -1.00720732190828 -0.876853354334162 -0.739778339844304 -0.483808841651825 -0.459572184100507 -0.415000079480091 -0.348573954700314 -0.489329186908128 -0.709859283813033 -1.07174096514109 -1.28975287664375 -1.44288518828458 -1.4207822694638 -1.3732503365459 -1.29509988867584 -1.1822968363512 -1.11299462510308 -0.965903049171205 -1.00570613009015 -0.966662660975281 -0.816543739632419 -0.915302399312573 -1.03878057377345 -1.27403033634923 -1.43842985563062
-0.945091916023807 -0.821909567851649 -0.627234907763549 -0.524163450031039 -0.489890386315688 -0.522105793999406 -0.615104284752017 -0.70026708009998 -0.740051244914009 -0.801888029019538 -0.859665908708492 -0.876364637438674 -0.828404480867616 -0.761952025211762 -0.764950616332141 -0.773245552491335 -0.750032608754362 -0.702699921071246 -0.756754479341919 -0.84756057591471 -0.950339586459227 -1.04326428742646 -1.09468872397528 -1.12172953584642 -1.16222599682865 -1.26101778063899 -1.26346013996137 -1.27130745679538 -0.9923126889027 -0.81349507855934 -0.844677819253784 -0.504308328505625 -0.324210351295571 -0.18581076094038 -0.229289536331195 -0.448365790730143 -0.728093529139668 -1.0754681852578 -1.28172367186488 -1.36729136554322 -1.36447274876351 -1.33121188084854 -1.25069846539012 -1.11045843059693 -1.08657384383964 -1.00022663317206 -0.980238821310284 -0.901821054109976 -0.841166330588114 -0.954331997366544 -1.05038002368875 -1.2746363511738 -1.51456012122552
-1.07840862291205 -0.910114585522319 -0.727925420415407 -0.50895143357415 -0.41664185720172 -0.403829075077624 -0.43862604203233 -0.510671810306437 -0.612737937941115 -0.760680336074987 -0.829363306958119 -0.900230173634135 -0.696495132859388 -0.646354434411917 -0.556926461325328 -0.624261684152463 -0.614500396260484 -0.709817601455567 -0.805399604709493 -0.859816789307812 -0.955227885434364 -1.0748425634867 -1.13361545508935 -1.10108571238206 -1.05901394161933 -1.1006553764037 -1.1268966027541 -1.44442302717928 -0.925988670664115 -1.07267177965234 -0.8058509796287 -0.271254589792006 -0.0633983409139958 -0.0328410390912609 -0.18581206653126 -0.486669196893319 -0.802657815342499 -1.11705100010275 -1.29459691751133 -1.31509058401379 -1.33458615840284 -1.30186839230895 -1.1772116840871 -1.0982947235039 -0.972135010184332 -0.892113448542277 -0.859268941284656 -0.880392008191983 -0.831953784307246 -0.961844293714825 -1.16466289608425 -1.31635037032243 -1.60775822032801
-1.11407089637097 -0.934374114730443 -0.718761842153658 -0.459579321641336 -0.369059202665807 -0.282564263238263 -0.268333375581622 -0.345735438844141 -0.370933714221332 -0.403232855466253 -0.464521333654761 -0.49236450477407 -0.454153504741328 -0.530377906748838 -0.584789419481231 -0.572281016408901 -0.582068556229714 -0.712592026804662 -0.893502023324029 -0.934740084764411 -1.02125173106056 -1.06805879529547 -1.0293093708687 -1.00735400548208 -0.809879064205108 -0.812608671691685 -0.922267546858562 -0.9908337706018 -1.16188543718604 -0.918064541650191 -0.352508044777657 -0.0511198172400761 0.107060073246385 0.00226839947814717 -0.20712975127325 -0.595265535301614 -0.970918798516452 -1.30382445206364 -1.3622403009286 -1.36856920285661 -1.37419788929713 -1.26515006385267 -1.17371705183695 -1.01913287869135 -0.748534826257294 -0.694599799730275 -0.686119671339238 -0.73414194290469 -0.796242283965767 -0.908442979704798 -1.11896866836368 -1.24961728335029 -1.45197077513014
-1.02078159650209 -0.854944282104116 -0.680692219523598 -0.395806017164917 -0.254769411381916 -0.166334016111894 -0.115193956104139 -0.158519108191509 -0.18201446158449 -0.254309104383072 -0.317567786723138 -0.355546436543782 -0.435479334879369 -0.495090792592138 -0.487657689558302 -0.48136006936883 -0.555508741329898 -0.751553478040113 -1.01738769446358 -1.15761694973288 -1.08696453597495 -1.0913638632997 -0.96575350154995 -0.850263646124129 -0.660439514545926 -0.523977955367237 -0.574784310957191 -0.507138395405677 -0.344328044993111 -0.378223834826513 -0.0965591230439625 0.0533611494419882 -0.0411236476496757 -0.0445009298341459 -0.298276709145241 -0.851731848043357 -1.16313350455191 -1.32693715559445 -1.4157958276368 -1.41779990890993 -1.39144668538949 -1.24337020897318 -1.08822776001889 -0.919199106030266 -0.593787601770422 -0.526639304802014 -0.515629660961781 -0.581435309797721 -0.768227203904618 -0.843075387226283 -1.00698266464278 -1.20340830048988 -1.31691010535728
-1.03817063030068 -0.803169509272931 -0.578780386043218 -0.468883727139821 -0.387425929628378 -0.0931681209257598 -0.0606869159046557 -0.019591034573129 -0.0776168787859701 -0.0704988116301303 -0.131977170817517 -0.221694533480828 -0.319705382179332 -0.395368360465383 -0.472911667491611 -0.464850903683121 -0.596363658684329 -0.892856501950312 -1.07683359252765 -1.20827594656428 -1.06323411392856 -0.916339618051238 -0.797628767255783 -0.637346549641761 -0.510736446145645 -0.2517215544308 -0.203440758798494 -0.0942582444169782 -0.0727536312777023 -0.0600671553585477 0.0280639214624825 -0.0339607069587471 -0.178039366327782 -0.309674764911352 -0.615393578287157 -1.0036486140594 -1.14586395816553 -1.31460346969919 -1.42340037698368 -1.40821036034985 -1.34230350833716 -1.18802619412357 -0.992665378776322 -0.785324282009541 -0.512725357175581 -0.49637527297996 -0.594632069224649 -0.67377049995928 -0.782679588740728 -0.940078564921888 -1.06381268827223 -1.10109740495946 -1.1857435914069
-1.184482330227 -0.946811208780041 -0.545559950544462 -0.324777023364514 -0.191628384932585 -0.141136883313884 -0.137141083092411 -0.0438095310896224 -0.0718639689335175 -0.143087784066732 -0.0481135898549963 -0.149218258009537 -0.235931476893652 -0.348365911590893 -0.439739627708701 -0.469493592476668 -0.645266815728044 -0.909976254136266 -1.18812998317845 -1.14951718513559 -0.972903916202728 -0.737737829061839 -0.405183837618717 -0.287104481310812 -0.10410078397737 0.0405583530662865 0.0485567474907333 0.112606012401344 0.0695009521689403 0.0279176513354137 -0.00596274703807962 -0.103824922483541 -0.300581699502048 -0.434590265448823 -0.622099535014922 -0.79067939889299 -1.00739681829442 -1.23830432659229 -1.42684952471158 -1.46060425053485 -1.35050986405136 -1.21556050147347 -0.959335459185583 -0.67729158657949 -0.541638481821165 -0.609866973609415 -0.745470005009818 -0.87477110960578 -0.960938599429667 -0.991100807330036 -1.07038947045582 -1.0917298001374 -1.09886666669236
-1.100644851039 -0.710377469100337 -0.416884500547497 -0.151072838242706 0.0283372055770801 0.0137171764207336 -0.135956748390096 -0.114426719370962 -0.174634174331455 -0.248582466102667 -0.202127986879828 -0.28290585970891 -0.317256369011751 -0.35953232464992 -0.328872530211037 -0.431925239369899 -0.594240482740769 -0.799624828824759 -1.02899369203107 -1.02713374943847 -0.966465191928922 -0.894805252040998 -0.505211260721053 -0.0956217135820663 0.0630710272595005 0.13139573651297 0.0380790059003542 0.0202455752366942 0.138556022417196 0.0153881005630471 -0.0332678459942545 -0.190133133608555 -0.422846275532834 -0.548133692665749 -0.554949551536451 -0.683244502496251 -0.925389454376028 -1.1775038923216 -1.40357803974958 -1.78663967780314 -1.53105847059063 -1.16533188992624 -0.897157186439319 -0.656384115483232 -0.677451485759986 -0.801830027874157 -0.852419641419996 -0.945921307692024 -1.03204284731005 -1.10309673512137 -1.22507888280781 -1.15634921688147 -1.02741109874426
-1.03632022147972 -0.571064801199186 -0.128280971255871 0.0315962455751787 0.105155324389078 0.0522024737646434 -0.112881605580781 -0.154780490891981 -0.120170980967815 -0.17335995929984 -0.267703772319263 -0.368036897944909 -0.255314994783401 -0.249951057603975 -0.178676029070223 -0.221089425834154 -0.368278843605723 -0.568320454338178 -0.749460613682759 -0.820551467366164 -0.982686005611224 -0.768259978791388 -0.268143802833373 0.111554838604189 0.0731908936831397 -0.0378413663624579 -0.158027999321861 -0.0475815092428194 -0.0421133693484508 -0.0236963962108464 -0.1402697952651 -0.201048527952303 -0.438483059089917 -0.582335247629547 -0.574127806673145 -0.727758969001363 -1.0067282761164 -1.16266398794714 -1.26636389103904 -1.65373614781022 -1.57174069255723 -1.17905072062147 -0.79366607159954 -0.645982440649725 -0.749514799918181 -0.788643355171498 -0.90992762570515 -0.938524320202915 -1.02208785134964 -1.11589536687399 -1.257218867783 -1.13523529158678 -1.07144427206673
-1.06282669504369 -0.503044224075385 0.0503674712815647 0.242144106955924 0.251437405484466 0.119472229861924 -0.0824532180768632 -0.146587936291444 -0.171380847011447 -0.189319955401223 -0.14612790036739 -0.0980417159536629 -0.0188335416805801 0.0388976515253925 0.0318223007185259 -0.0705591166542124 -0.270440576458297 -0.419178854932382 -0.517612871882281 -0.543980847840142 -0.23883222885215 0.186657357806837 0.32156030990919 0.316494508431203 0.0826564404065133 -0.083128927427842 -0.161052989124981 -0.0912150017679012 0.0350127134043838 0.102010623923313 0.0512009689007694 -0.115201876764006 -0.291958077788181 -0.34793472664704 -0.4126911463293 -0.699690879444751 -1.03365826407386 -1.20332111951149 -1.40409730736599 -1.52909554374851 -1.41445916437197 -1.12149446469431 -0.989578584228633 -0.898619129010648 -0.9148543825491 -0.937882294932394 -0.983751223654949 -1.00956774667969 -1.07262583201748 -1.12640139334817 -1.20930533515822 -1.16049188362345 -1.10947859153993
-1.01728293191428 -0.31720642964795 0.143389935086406 0.359016455869903 0.335526658143826 0.229444797453375 0.108479292485278 0.00277452268522189 -0.102664189020226 -0.135510098446005 -0.0325927323239951 0.0226924804009041 0.108903505147351 0.16587171794824 0.0916889006677074 0.082457122441671 0.0987717920390989 0.0953712357281307 0.0836064228864687 0.108959378506938 0.267467587791923 0.276417711037524 0.294112429926701 0.302280758294385 0.118231300990354 -0.140796526944828 -0.203949951079584 -0.0128739370082249 0.135950488039456 0.210216439288135 0.162257381154013 0.0537773798739161 -0.205518466961159 -0.318417025003368 -0.436900355796973 -0.747397826395614 -1.11426216430994 -1.37117730009422 -1.5193488548123 -1.62541473148589 -1.41793405122967 -1.20580391842953 -1.22867613373796 -1.18124342799749 -1.04790415922137 -1.00538264765106 -0.997704042676193 -1.04346912815486 -1.13703706032254 -1.13864020061153 -1.1934948804709 -1.1878024860834 -1.169581652305
-0.897219212427731 -0.143319095066029 0.321698662712155 0.493864148961885 0.441297770212888 0.338979283912101 0.173178528435677 0.101542683382309 -0.0124036008073688 -0.0766500345178452 -0.0514849022289478 0.0205808375678641 0.084527626128322 0.254801343606884 0.323535827012009 0.325292011747957 0.353175459167125 0.307212081609946 0.329598549185022 0.239715580745727 0.25089041537166 0.146281716962549 0.258980896538013 0.345349136936671 0.221091026575938 -0.0481166548740857 -0.0828375379531068 0.0979309676702868 0.269552221325265 0.173569081058486 0.0813258379757912 -0.139786504739101 -0.35338996614007 -0.521333755426174 -0.585454057278985 -0.797522199695653 -1.13535789787054 -1.38987220616989 -1.55354263860657 -1.58040608259824 -1.50830721112719 -1.36105053885982 -1.31774524830904 -1.22827178204105 -1.10168561232144 -1.05004427205417 -0.985032040383311 -1.06121352758465 -1.16473280270521 -1.14188443564575 -1.20280739856679 -1.16817846766067 -1.15655103744097
-0.856895236585761 -0.173049784426958 0.359637987742293 0.484895453134478 0.4488038345677 0.387766265118744 0.216154625107116 0.0851891687082766 -0.0372056735323238 -0.104755405492713 -0.0376254535534239 0.0207262199499365 0.163468399063503 0.231987230438484 0.319987310386687 0.379094141483728 0.393016930364701 0.374677117010452 0.388028596471702 0.212533757597235 0.214032974724625 0.150461119813646 0.233653306872503 0.311708831536107 0.262468313349993 0.080450283955095 0.0684046361212638 0.189317477446021 0.34583916142911 0.118983129454319 -0.21737613005917 -0.385176795462455 -0.58454476600404 -0.683306715512761 -0.735757783507256 -0.977600964414005 -1.19425314819099 -1.48784801980354 -1.64959423199594 -1.63443297355074 -1.53281382998654 -1.48514306155172 -1.35540251876615 -1.21037572948427 -1.09645528944169 -1.01104060456592 -1.02357099335839 -1.02517303199083 -1.1355913891389 -1.13114449981962 -1.14732088011122 -1.13946778221427 -1.0510003121928
-0.578421036813522 0.0978694903358626 0.53631197360693 0.574164247711654 0.473414893762259 0.370195500199048 0.243783504592458 0.0757145157401612 -0.00464727262723461 -0.0753561299498258 0.0111597637832583 0.0265889821434029 0.136380841730631 0.261405944899555 0.39243130931366 0.350763638769406 0.294377349710723 0.291902520973622 0.268204867212282 0.204227170033016 0.183494154022877 0.132978051074106 0.132963413472272 0.257503439677269 0.242269061366465 0.153839002800068 0.0804348522807832 0.199556090593129 0.181544576652128 -0.0653607714635029 -0.369404623075538 -0.613911884781562 -0.74101063237278 -0.920071356460944 -0.966898558317155 -1.1573902646975 -1.37359433147 -1.67234174683942 -1.80386351062674 -1.83297233797581 -1.6724789180061 -1.54228640322161 -1.40144633179508 -1.23602425597119 -1.10426925191821 -1.04757599450259 -1.09848183355845 -1.12503953885826 -1.15876796022652 -1.18910675901216 -1.11906340876579 -0.937839173268728 -0.922568077914325
-0.34792842548097 0.129483534417008 0.445555179679901 0.607623215327651 0.536606633084552 0.416212750433435 0.235352022373223 0.0572941995560638 -0.0350317745758219 -0.0209565634198947 -0.0552808908989239 0.000737376225018641 0.0624243532658924 0.141486596274837 0.279007422278014 0.240298599668834 0.215640179599089 0.159719049597892 0.140503951205904 0.0818083551602283 0.0860185687327069 0.0400470696956056 0.015724964490899 0.0300583103022697 0.130802257598285 0.117363904390473 0.0870251288155951 0.102620803641045 -0.0718833915367313 -0.290652780966634 -0.527812626232508 -0.686568317451172 -0.897036629914475 -1.07923423406082 -1.1376723581837 -1.31839174195851 -1.48154128680869 -1.7717998220644 -1.99239209288867 -2.04188331538295 -1.81508135605941 -1.67421573949206 -1.44242203559954 -1.25729904712946 -1.12207439185109 -0.991824660574366 -0.983526856027751 -1.14735018623203 -1.10633377356617 -1.10940988225747 -1.05148566160518 -0.879673388305698 -0.798878010895156
0.038141690572274 0.353682257912077 0.515280398103465 0.621446830011554 0.63608432549339 0.465965201453102 0.202323556767193 0.0204854564973267 0.0446495060908325 0.00857469643123509 0.0418975149785739 0.0701261638127323 0.0184705095051963 0.0575870032317385 0.0789581189954792 0.116687269076969 0.133083053358574 0.0695738220723492 0.028208985624338 -0.0128236930859939 -0.111197700929048 -0.0695901966235758 -0.0837292329651924 -0.128856839562547 -0.103035134420459 0.0041563100203138 -0.00702176170865836 -0.151679473633858 -0.25422104121968 -0.453661821059049 -0.565877372591268 -0.706764812859665 -0.890541225056253 -1.1060915713228 -1.29261559205245 -1.41933901277112 -1.61992844652699 -1.90219103728707 -2.14079948822235 -2.13145709080669 -1.93837856787181 -1.79698134572376 -1.57340818637927 -1.36978318067908 -1.12785572473141 -0.976282777260851 -0.863918690128837 -0.821205983819902 -0.899658526403414 -0.969656381785791 -0.974175539067147 -0.800889690335542 -0.757346235418902
0.287902351688982 0.619991912439766 0.723056323541911 0.740721313907401 0.66763581393343 0.470986372456176 0.233334470451324 0.0463847397811038 0.0880228512090695 0.0896341150740585 0.110435753976201 0.141916150323561 0.0475457006900485 0.0863206813108332 0.0557749507269614 0.0877731446263522 0.0917697813130816 0.11476924473795 -0.0110349691472498 -0.219486120957036 -0.179310374231586 -0.184299184609026 -0.256254896077332 -0.254414727410019 -0.184441254649137 -0.19962856188272 -0.273310332955019 -0.363774850734723 -0.480038728727507 -0.579262351580165 -0.5717176949205 -0.748354505084686 -0.890785783003831 -1.08819503782513 -1.24483377904272 -1.37832819323326 -1.64252265097498 -1.87285372394745 -2.04859690020795 -2.10037542815785 -1.94558585261533 -1.78391923057948 -1.59358163634684 -1.47894275294757 -1.16755011797085 -0.910401190889715 -0.812741660729164 -0.771240401667914 -0.784486932158591 -0.780819469649421 -0.821340406697843 -0.770995507950901 -0.678567501403114
0.096615169087874 0.626710578481783 0.816774973369748 0.7760637412662 0.69612366300758 0.496606320471304 0.305773831027463 0.206866733006475 0.293748096741958 0.316915024541804 0.300011091196608 0.224243989954725 0.151666930156352 0.167749211282978 0.212354716529973 0.141536791719498 0.153716721213509 0.111736635490752 0.00948804656335818 -0.137027668938793 -0.168419429222487 -0.244242305408202 -0.21730045230447 -0.29009566951544 -0.205200674274269 -0.261910042261785 -0.354915780431358 -0.451808826602191 -0.618675319050518 -0.635711863669119 -0.605152997434325 -0.67923731622725 -0.866737266821989 -1.07932866054853 -1.26815599826186 -1.42552268959154 -1.63321131751354 -1.84747357992111 -1.96568575040367 -1.95257763194139 -1.93044895006885 -1.75459363541524 -1.53937239036939 -1.36413708725103 -1.13547093256582 -0.895267447551987 -0.820191267351404 -0.729952398897753 -0.612618246727122 -0.637788074867813 -0.634510474781922 -0.705837048471074 -0.64377593971805
-0.542908504274556 0.480365271363518 0.814498322815581 0.825598808032561 0.712715290306492 0.564920254292286 0.436030956031038 0.346210154488854 0.370372089018326 0.379088590612292 0.352403022108632 0.320719345433708 0.286655523511268 0.237468499014587 0.181714669044987 0.132127684759219 0.0726822530672595 0.0569659637644752 0.0539220414282568 -0.0263690928687594 -0.139717149647042 -0.273184951193712 -0.249377779545064 -0.2215656859427 -0.256518937698091 -0.28310325237662 -0.361538062751367 -0.455747935055794 -0.551413169529722 -0.567790150072783 -0.586820810265818 -0.594426683061582 -0.659251435471669 -0.89725877497352 -1.1134351366656 -1.48053351220566 -1.69884890723279 -1.82187656214409 -1.84328240020496 -1.89758387476041 -1.80166472462223 -1.6108211913603 -1.33135013558769 -1.08724477083431 -0.924590816962303 -0.807370206859189 -0.68163231202589 -0.62073030325575 -0.589891467724257 -0.594751076093608 -0.535404512632567 -0.562625601522023 -0.494464736056983
-0.610958318247771 0.504005691240914 0.841044552052346 0.856884726085428 0.725135521037813 0.609182545575763 0.541323608120943 0.467880638140876 0.363276214264778 0.357876035016424 0.289272979228323 0.294181850421693 0.29249216056165 0.219011254416793 0.184297506402572 0.104787970195662 0.0635816365092139 0.0506626105202921 0.125820050833636 0.0298738755215016 -0.0422224188069548 -0.156382802201978 -0.200012995991954 -0.24805587665589 -0.278115829622781 -0.317065685310866 -0.347199554173369 -0.375940287267518 -0.471906889347555 -0.585385289067564 -0.620169152148221 -0.543952297534632 -0.52581950527233 -0.637032931627966 -0.812037665152632 -1.41226897700342 -1.66355934952394 -1.76023794159423 -1.7767587323991 -1.83326656103851 -1.73614465461023 -1.44158292367464 -1.20059964340814 -1.04407723060598 -0.837434811770996 -0.752879229049419 -0.677225580931234 -0.549338840643186 -0.527419299812517 -0.560292759154132 -0.51142000107635 -0.491351343986127 -0.414446895156829
