PCA_vs/Initial/pc_4.asc
NCOLS 197 
NROWS 210 
XLLCORNER 56.1666666666667 
YLLCORNER 4.5 
CELLSIZE 0.166666666666667 
NODATA_value -9999 
[rows 24 to 47 of 210, columns 108 to 161 of 197]
-0.251201350443332 -0.195571893034344 0.0857736903650584 0.197967963285701 0.234142687579638 0.593469524814171 0.669691476814621 0.0715275392272017 0.00344495453504109 -0.0867717165268765 0.668571126021074 0.667054274637297 0.674439944957096 0.602924290445227 0.602744892158021 0.62313348978164 0.94358280708727 0.764991650581998 0.966179087765924 0.968067875519084 0.794030270186625 0.776239285668745 0.720405091918514 0.696066930199915 0.683933773164158 0.700572829076736 0.700018884604444 0.536243708162031 0.476714406631562 0.478982847903978 0.456514016940528 0.390939301029782 0.419776765747085 0.445290130666668 0.544032138618654 0.609205322323655 -9999 -9999 -9999 -9999 -9999 -9999 -9999 -9999 -9999 -9999 -9999 -9999 -9999 -9999 -9999 -9999 -9999 -9999
-0.16851957913563 0.302087305529767 0.577095230390265 0.0175278687998931 0.0550702736851605 0.454306412959207 0.618893111380659 0.587002633548787 -0.0586677277441876 0.246241389575885 -0.0566329941815781 0.247198587664254 0.163656555048193 0.2126425420136 0.257918694042608 0.497064798389957 0.674631934974011 0.778065045752073 0.559774621387866 0.890003175915688 0.893673959168991 0.681387341484271 0.746022470448822 0.698129434640743 0.732414636338007 0.768688113322471 0.76472220432507 0.696465354311751 0.677246373381337 0.579288750158437 0.52836365859316 0.37344805770012 0.344664727961297 0.380163265262234 0.404092676805542 0.451152075269253 0.543542943715533 -9999 -9999 -9999 -9999 -9999 -9999 -9999 -9999 -9999 -9999 -9999 -9999 -9999 -9999 -9999 -9999 -9999
0.112658003433761 0.290209384360189 0.401252983759077 -0.0539575586767923 0.208077815521426 0.254781643979468 0.556243642858854 0.446753391106565 0.517617044131466 0.621470269075111 0.0582166845105144 0.212454042907299 0.721893170497843 0.305776795755386 0.6696501781586 0.567124797300917 0.712437578434682 0.853903922800508 0.527086640279486 0.706091132995301 0.841810287778345 0.727816989332904 0.778282699261222 0.697001842549375 0.718824866542823 0.727498637102616 0.725577656351781 0.677566381491738 0.753203112072456 0.631950334931312 0.51929394844639 0.506572382688791 0.406187094108248 0.480471039649486 0.353153651618251 0.381064626522185 0.386014793268723 -9999 -9999 -9999 -9999 -9999 -9999 -9999 -9999 -9999 -9999 -9999 -9999 -9999 -9999 -9999 -9999 -9999
-0.328107535154217 -0.348791413581883 0.0258356737412398 0.14728061933179 -0.0618575254590834 0.221757078821469 0.274179406171004 0.246215670575722 0.643820948761121 0.825205022719449 0.797309440782904 0.442170793105796 0.324551496176857 0.67642865650555 0.587291153284423 0.532644182082079 0.608934596841024 0.615013766872561 0.77452421185933 0.379882967949281 0.695088022191031 0.957331759230631 0.824421223565919 0.6080129553949 0.851927537395378 0.841768215439753 0.773209277365474 0.696938076461156 0.71003020537558 0.580801522111738 0.552117940995178 0.529312488921261 0.522765867321497 0.454073820530444 0.463826066148698 0.455514094387039 0.419266132979546 0.462378543043743 -9999 -9999 -9999 -9999 -9999 -9999 -9999 -9999 -9999 -9999 -9999 -9999 -9999 -9999 -9999 -9999
-0.965693454855938 -1.05741900946064 -0.846463391566747 -0.76321749072594 -0.441885379172196 -0.222903422265182 0.0564595283197676 0.302105523562072 0.477126275466694 0.383436954005255 0.692496379974379 0.406443061173204 0.090195926590491 0.608576836195696 0.83964820130303 0.827833212387602 0.49443198819762 0.400399178655359 0.367334696143427 0.540831792366321 0.346932481335927 0.90024807065041 0.866494398806806 0.643253628993069 0.623702200295563 0.708510823991349 0.7029672009439 0.700752721431722 0.667873491149077 0.574336790310233 0.558017894593119 0.546483249409538 0.534678082978317 0.551693684636728 0.569106704286814 0.508125930638619 0.552741261970445 0.544092664630922 -9999 -9999 -9999 -9999 -9999 -9999 -9999 -9999 -9999 -9999 -9999 -9999 -9999 -9999 -9999 -9999
-1.50639585378524 -1.4703328647046 -1.06826407780098 -0.923145204379385 -0.996138403779623 -0.707265923958247 -0.184631095263733 0.446329391226704 0.39151597687722 0.321139588475998 0.213803776527848 -0.015287945910928 0.338848044613517 0.247655649732681 0.377435378091956 0.864869523076963 0.938271833748472 0.888564496449453 0.744163546553192 0.378696066510554 0.156520918286622 0.61389095882335 0.974915183119798 0.856540673087909 0.628990636484616 0.824299862747577 0.715669374929641 0.747219811720216 0.750651506418678 0.736032604700727 0.680169320363091 0.650170875096798 0.585756627105004 0.532655750213008 0.50902794022714 0.499736179394294 0.511490655156228 0.450696971278942 0.484095696881385 -9999 -9999 -9999 -9999 -9999 -9999 -9999 -9999 -9999 -9999 -9999 -9999 -9999 -9999 -9999
-1.73806217829036 -1.80366229987938 -1.8097308966593 -1.59444183202364 -0.661082872520981 -0.357815253372905 -0.142710963370571 0.336464816654123 0.17177565938409 0.105240497521522 0.205637730442265 0.283741532453734 0.341116549822909 0.466169943552731 0.389483477364553 0.405440694315357 0.628619958297622 0.889372357119506 0.921738757223129 0.854147306812408 0.786355607777128 0.378833612949864 0.704224476106095 0.87492441972413 0.544757977005575 0.801224749110865 0.756318196185507 0.722750220365545 0.622930595383475 0.681419919607809 0.692643630366395 0.661418672857044 0.71362680384362 0.650854438181589 0.616660407698584 0.63761948189638 0.684796508616847 0.475783534234822 0.586437474916385 0.63937035315086 -9999 -9999 -9999 -9999 -9999 -9999 -9999 -9999 -9999 -9999 -9999 -9999 -9999 -9999
-1.38412841206365 -1.75651052553323 -1.80870099904631 -1.83470075122704 -1.99603004157799 -1.20432816022249 -0.793478010391877 -0.168964554555933 0.328872739014192 0.706235633424468 0.258993568486697 0.559070193914782 0.597295166893232 0.668787468307139 0.567020578784932 0.738224743320519 0.58400972580138 0.649019028187644 0.564631539511276 0.538116938453979 0.610441582130033 0.685412073878004 0.568179432156233 0.555424620885111 0.612590567204876 0.707881988794799 0.708609761405769 0.609426967970975 0.63729161709461 0.587354361303784 0.626697672596953 0.621873285540923 0.808364582574703 0.499963243769057 0.66063658892127 0.672334212827177 0.601039702536071 0.517450216725783 0.479910348636346 0.593644160095537 -9999 -9999 -9999 -9999 -9999 -9999 -9999 -9999 -9999 -9999 -9999 -9999 -9999 -9999
-1.32719161097502 -1.64562779082836 -1.65059257917446 -1.70053999714443 -1.81065864259886 -1.54857945729831 -1.10751621224294 -0.395291118208016 -0.0425608332967686 0.663025958809489 0.332027658437371 0.806059518033721 0.78324797805889 0.885858993260638 0.988658564575264 1.01192441429086 0.687151876050203 0.775606692076952 0.696304728778934 0.53135532440935 0.460166989753392 0.492231320820547 0.762463492344936 0.554828910665648 0.553090805519079 0.635259424454514 0.740904785604866 0.787943275562626 0.750207923016657 0.632502556070147 0.633988520233296 0.694961622246464 0.579984629137902 0.512174668597265 0.751388635899152 0.583027387128573 0.497981793336789 0.429996790056761 0.391491333748198 0.313451139739849 0.516414385002498 -9999 -9999 -9999 -9999 -9999 -9999 -9999 -9999 -9999 -9999 -9999 -9999 -9999
-1.40308308461697 -1.00906150882458 -1.75313717100715 -1.71693237756547 -1.47481916306066 -1.77423765199224 -2.10805850044783 -0.54906294184007 -0.549557473627217 0.294912552730773 0.516567229227996 0.654375707245019 0.834097992957831 0.876358235842731 0.912312987676104 0.8339288542602 0.982531144212281 0.809285502532738 0.744038388453277 0.712041184648174 0.734091972341504 0.33497073344021 0.758782250537461 0.770646884086448 0.623749234104606 0.621194689391336 0.544561682755449 0.765682380713318 0.603401615663316 0.611004282260191 0.47600736989803 0.652970411667636 0.532973075659449 0.632296586593545 0.64982855908704 0.544893980240833 0.409349300575952 0.356844677320486 0.359163885945019 0.408559304679872 0.319505382320239 0.46323279683107 -9999 -9999 -9999 -9999 -9999 -9999 -9999 -9999 -9999 -9999 -9999 -9999
-1.02774119122656 -1.22882321309078 -1.2182289917142 -1.96245570256334 -1.76400100868252 -1.47565977527962 -1.97413415715666 -1.36308371802772 -0.794629999785008 -0.407269922354023 0.109206028775783 0.660767757715645 0.889300253184832 0.752760587574938 0.808143735010439 1.05351036223738 0.803677257746384 0.982059816030466 0.770615992229634 0.840776783159691 0.867607552132119 0.607789446734616 0.559213511438183 0.805423843052298 0.874240048052671 0.710698862334506 0.609504335462399 0.459080763909925 0.491545781767925 0.466264938017636 0.436374077846853 0.36878023797021 0.317466051284082 0.48553686726977 0.422272069410139 0.319278547303092 0.305797818705573 0.294954461917915 0.317176414533035 0.312146078542375 0.449354265310444 0.584061008483025 0.573705987634923 -9999 -9999 -9999 -9999 -9999 -9999 -9999 -9999 -9999 -9999 -9999
-0.992847316528311 -1.33119598925465 -1.02691603370292 -1.37082221837252 -1.87509684074003 -2.01093944313105 -2.17764328004316 -1.64312345835183 -0.777866197355945 -1.07450349989104 -0.19941469905545 0.55743843589242 0.688437865159678 0.860066735132582 0.81834014293801 0.89790434740961 0.765534175245526 0.755738396456078 0.913511357016795 0.786407230108494 0.886053953179408 0.814360270237865 0.818922765657434 0.646147132415337 0.789193430372088 0.83201771030706 0.641142836640244 0.481673369459123 0.518904978743603 0.538744227993126 0.542707940737225 0.403651202263338 0.335739101748397 0.242247022938981 0.289160967880613 0.299938635498031 0.26588995407257 0.264811468934879 0.325175569412901 0.391843453363674 0.441804746157634 0.506430490435052 0.491209080086382 0.52539207881586 -9999 -9999 -9999 -9999 -9999 -9999 -9999 -9999 -9999 -9999
-1.26147700435734 -1.26495132724337 -1.281134505186 -1.45515108747341 -1.43229363142643 -1.512532612972 -1.95223165756617 -1.18428149969639 -1.6629311772876 -1.62939760344558 -1.03170062240747 0.143835081692926 0.295200728818151 0.558655017475845 0.93218787298317 0.893898152466266 0.791658302354338 0.95866457481998 0.802358107537624 0.89983971400152 0.837495451851986 0.834918772642069 0.752219818024329 0.774580347829868 0.719649724975746 0.783914513679121 0.72839837591466 0.688119239470266 0.650154767471927 0.519270820681526 0.434731127036076 0.46522776346649 0.380575291099333 0.237417420359273 0.257599650595027 0.268742067815405 0.194481742140993 0.207354186782702 0.333056945866756 0.381299756676277 0.438242213928096 0.489643280808729 0.576477961834225 0.629714546465157 0.645162189121121 -9999 -9999 -9999 -9999 -9999 -9999 -9999 -9999 -9999
-1.72373764033771 -1.84512918694405 -1.51357636822478 -1.84205498629341 -1.98279694066822 -2.23038462090324 -2.13502536039393 -1.82983659027487 -1.53301319272456 -1.72410014738993 -0.946649273384021 -0.437599373427915 -0.245906858677432 0.735970197313314 0.675647162788042 0.893006683511968 0.807443739231316 0.780874784751855 0.773810399061306 0.721145669928588 0.786939399990122 0.759824082092775 0.800468697405793 0.76437393029244 0.776293507844914 0.711502210802587 0.618523448889713 0.645369094432111 0.455020099558165 0.694919214167562 0.699684160796263 0.627102803650376 0.653176383062389 0.36118878497744 0.33334210805149 0.318666960303732 0.298692589796511 0.37338916445294 0.258572797314896 0.246287640385183 0.345350331105402 0.491058355462069 0.448591825711097 0.506006301023313 0.566085247610788 0.58885280688683 -9999 -9999 -9999 -9999 -9999 -9999 -9999 -9999
-1.9849352986488 -2.04872975240675 -1.9539158893822 -2.18785027112987 -2.12243557491312 -2.23981022669512 -2.26361634016205 -2.33374500720154 -2.02590509318268 -2.04653710321352 -1.87876534167177 -0.519294787551175 -0.00206961109224369 -0.271258515740712 0.697716512634527 0.744072310095314 0.894815428448022 0.875933522309997 0.790963996433113 0.83636735031232 0.76568773292541 0.798981361937917 0.79663937439161 0.880247833146269 0.760018560422156 0.838280265823911 0.611986281018652 0.432305025561856 0.562671221057913 0.448183960304692 0.454529176802264 0.570901562250301 0.623169484345238 0.360792904740701 0.531936373909564 0.290019244370133 0.265065593780944 0.190834424354939 0.254681772928704 0.261798716360336 0.38234539369963 0.447270610288219 0.538155231584466 0.536014845008833 0.532062155122609 0.625387335827942 0.597907302122574 -9999 -9999 -9999 -9999 -9999 -9999 -9999
-2.07425935725307 -2.16293667054113 -2.32486352799061 -2.47494728161522 -2.48213025901175 -2.65439317768792 -2.40180524453701 -2.23018288821669 -1.52745266809494 -1.70458294839631 -1.67441325483296 -1.70747570347153 -1.0837008939002 -0.252577956820692 0.422859661200898 0.59261354083361 0.658221313671221 0.842305390726533 0.831799604854682 0.791055089764165 0.696650776514512 0.76411432467717 0.759979545663887 0.787824032395422 0.68065147088397 0.732950415801749 0.695220056612183 0.609079872005528 0.413955623584404 0.601671463938164 0.345930152216702 0.341821677705255 0.296513713024091 0.273904692578643 0.441404624333772 0.649561103232045 0.678894378823317 0.412066067161695 0.364210408383016 0.413961061201093 0.585589154306421 0.576861413661639 0.49509267191715 0.47587599164155 0.600750954117181 0.53100635838567 0.653747306048406 0.64468622866051 -9999 -9999 -9999 -9999 -9999 -9999
-1.9389992430195 -2.08133866691405 -2.16819158562383 -2.30975529486084 -2.41473675124238 -2.6447772669348 -2.8535245969435 -2.37876722416272 -2.59607344307838 -2.46295676424104 -2.78221418011311 -2.88623372319961 -2.16499061996408 -0.344214695222387 0.25167684579017 0.312149611020537 0.629985236989943 0.696988731082828 0.556701811486353 0.758172633257259 0.787114830763956 0.731801687364277 0.745901968598889 0.716024099521249 0.638568467958635 0.556210210197522 0.567255423472017 0.734235853203934 0.408552553931796 0.505149035008001 0.6000035046102 0.34125617088012 0.330854833143466 0.278442747239817 0.396929989303804 0.387804840184018 0.559321548427491 0.572817192716243 0.388225245857437 0.527796295989638 0.804525939309087 0.811921249429979 0.615675400909331 0.530631478604542 0.668552767747628 0.617819859074855 0.671417359121203 0.737335059728809 0.72330761227532 -9999 -9999 -9999 -9999 -9999
-1.7159836242093 -1.80721339728232 -1.82034906896206 -1.91726364547119 -2.05620192640368 -2.27079667795032 -2.61143920566801 -2.91811254452652 -3.09419287677374 -3.12984210471645 -3.40462431412596 -3.44238867864792 -2.8974861772349 -0.840941966796845 0.0522030623812662 0.212189095250768 0.219580909556067 0.400302387667701 0.475574620672398 0.75155879719615 0.738253487213037 0.709694673798256 0.747684212865004 0.715122626173171 0.722307775493527 0.683446433498682 0.52766449956181 0.614114774375098 0.522014729057901 0.578345243144868 0.69395913077873 0.592621618640854 0.288451423084618 0.227806334388394 0.198379935019947 0.183641186854628 0.198058117495244 0.266118193310247 0.334413820604561 0.489493398776226 0.607389066447595 0.671745898837596 0.600711876080522 0.637333661322009 0.675498621097434 0.744444807064364 0.703868829027114 0.72934343159807 0.745134091571558 -9999 -9999 -9999 -9999 -9999
-1.45412704418172 -1.60486938806166 -1.47127421495213 -1.56036431585319 -1.71912169468605 -1.92066128733613 -2.12999647557203 -2.42611571259984 -2.80151532805667 -3.12261785350863 -3.63926319714216 -3.33658437956502 -2.73537028188151 -2.64823398147578 -1.34092318434538 -0.0330799467105875 0.102029150454209 0.117540952026107 0.357674368808933 0.583978092995244 0.487800700854167 0.575238923174437 0.383900854277395 0.604738494458507 0.71067870065449 0.64792944286931 0.470449719552858 0.528627476473994 0.649476352538123 0.634098033082473 0.515495085071222 0.516736418015137 0.616498655154807 0.269951443239143 0.152194012511777 0.100242168174108 0.286554056219207 0.319073739734273 0.435259785583632 0.456932569886642 0.507947576378555 0.573432890597346 0.624659410179582 0.729179839174621 0.790052985941252 0.810294957600321 0.756401159392642 0.807003766384917 0.974146482948947 0.949293941515662 -9999 -9999 -9999 -9999
-1.29653936551198 -1.32541086794328 -1.41833621729157 -1.4022107035475 -1.52192721923823 -1.64614357986363 -1.88381475735711 -2.14000735846246 -2.52054985842052 -2.88691344186898 -3.35487505434858 -4.05320401381401 -3.89474789870966 -2.24327819007226 -1.28556612862845 -0.546852674749121 0.0701987359024526 -0.25890787428594 -1.02574997196672 0.330905340880838 0.419635436348496 0.638723011612011 0.422106487022364 0.220102864626246 0.437777992991938 0.549159756630544 0.47678201836873 0.319203808003707 0.559863952687976 0.475805966019403 0.289033431129795 0.3405423681415 0.464091748996535 0.567498207773736 0.229306093511317 0.409972800960914 0.577782569954811 0.398655436831947 0.516142751607759 0.383064541703119 0.484069223249388 0.62281752641561 0.603620160747883 0.729748047293609 0.776701110821464 0.822813880791516 0.828271378245067 0.876865647064394 0.873796862396829 0.939802848467227 -9999 -9999 -9999 -9999
-1.23033946206561 -1.30765335900932 -1.32220650191464 -1.37038872928942 -1.49863277122227 -1.56212324385222 -1.75022594509275 -1.93351877966402 -2.27774165072045 -2.67567546602179 -3.05460214630032 -3.52503534907152 -4.12372923519029 -4.35230080969882 -3.67666731911882 -2.42784502080373 -1.4768109663608 -2.46191521416947 -1.5334351266335 -0.48722036194599 0.344802349095435 0.53534169924364 0.310560923399818 0.0985151399945444 0.0972573114799305 0.198944471268836 0.0388162437369603 0.431965376797168 0.591249028103169 0.339404956861299 0.262081101595473 0.253304961002482 0.283638465437416 0.537344779260032 0.560740842960193 0.24787254658777 0.545649395735523 0.621368989654651 0.574463688448215 0.589722200830045 0.507521807811964 0.602431188543545 0.693647696458268 0.791149805467303 0.819893657085291 0.803244319794261 0.810592049173429 0.870277192741293 0.961155351105428 1.07968002426504 1.09161490757954 -9999 -9999 -9999
-1.23746637773118 -1.26480974774422 -1.36713024521252 -1.41713243177988 -1.43688259034184 -1.50956661522997 -1.63458913190952 -1.80820184725884 -2.02951298094019 -2.40995676644668 -2.77111241353826 -3.31356864109478 -3.44558506828845 -3.86455573212307 -3.82114153895308 -3.42213623337794 -2.85585287650161 -2.69081646344381 -2.33322106169716 -0.796031420956202 0.0398513535313206 0.253875191079429 0.33592792111216 0.117884758395269 0.229276324784338 0.297312383260405 -0.0362280602216434 0.494843082685295 0.380150531472788 0.314368184054209 0.198836529679802 0.087158182317471 0.150467055417902 0.233081505489026 0.60575102410909 0.417301343988324 0.405447812034692 0.663140394247317 0.684825811859025 0.621332513576514 0.554676088647565 0.64620797722744 0.729897730984453 0.778836659523207 0.849816875227294 0.875219395673797 0.891393597050101 0.894139404528121 0.974123001925954 1.08502496668154 1.21091162920478 -9999 -9999 -9999
-1.19683666841692 -1.30300305597817 -1.35982602225627 -1.44658381286961 -1.51169356514001 -1.54739525649186 -1.55723015306445 -1.72897386024709 -1.88004756962831 -2.08665424157754 -2.53176004417407 -3.16976989265761 -3.12352993479519 -3.0105762818082 -3.01770624158965 -3.04482417707194 -2.76970259557216 -2.55548996409978 -2.31635539043856 -1.99998116340025 -0.449437941808784 0.00298264140865775 0.0204516560679575 0.112713163758934 0.0101006354336377 -0.155914594401937 0.0751222370401731 0.117892714796295 -0.0862892998127041 0.118488277840013 -0.0546761054612213 -0.033576853670251 0.00818206883792481 0.16480312515166 0.406381142019316 0.55169183692664 0.308562942745051 0.505838747184817 0.774742081581673 0.716360106363519 0.675217101077805 0.700141066779941 0.764825759477602 0.890338895162011 0.86714163426543 0.877040311654324 0.973439016836009 1.00547818578131 1.09410220755715 1.09423348891711 1.18021348099086 1.204257039593 -9999 -9999
-1.20870988711168 -1.28610853154055 -1.35885040805667 -1.38702470746256 -1.52720405658996 -1.51814537914968 -1.61652532916033 -1.79113532241062 -1.77967932471108 -1.91494824950741 -2.0917259662476 -2.35341222147018 -2.43733818850103 -2.42936919165307 -2.26082009323182 -2.4059579596663 -2.65071643248053 -2.24281104433023 -1.89479443501992 -2.02659666010504 -1.32685270111011 -1.54969155264285 -1.28370608058602 -0.575148220711414 -0.315204342303353 -0.0714600715284084 0.00679859645279732 0.261562004321185 0.110577034327943 -0.12222086294718 0.0105242478792059 -0.247432828737301 -0.211002766850581 -0.151168186133781 0.122131915048979 0.528446569708124 0.538601752995754 0.345824363532971 0.554370266191631 0.827647811101449 0.768049878016325 0.810886571366851 0.729602815314871 0.930454585034001 0.984821097009363 0.977545700008016 0.998914743469876 1.08775276124523 1.13118667260877 1.11811139146915 1.21432684442243 1.16885811507317 -9999 -9999
