PCA_vs/Initial/pc_4.asc
NCOLS 197 
NROWS 210 
XLLCORNER 56.1666666666667 
YLLCORNER 4.5 
CELLSIZE 0.166666666666667 
NODATA_value -9999 
[rows 144 to 167 of 210, columns 108 to 161 of 197]
1.13337201974596 0.970418007900476 1.38291306247787 1.86387292647885 2.10977269795822 2.26476554624525 2.26023794199139 2.16093143665191 2.0633317397376 2.07704854523038 2.17834303478912 2.22127273047513 2.23942540570023 2.25598050802105 2.27437721851982 2.34777219890593 2.48567437548832 2.70283900552674 2.85030432593531 2.73130554255677 2.53466300915438 2.30466731900933 2.00456215220473 1.8740381114459 1.62196257993948 1.4688083240222 1.4294419292339 1.5845241349914 1.60853280612318 1.68366909266197 1.6840546158203 1.62299342900341 1.50921510625856 1.52818529543719 1.52029475352618 1.61882818712224 1.61991322997325 -9999 -9999 -9999 -9999 -9999 -9999 -9999 -9999 -9999 -9999 -9999 -9999 -9999 -9999 -9999 -9999 -9999
1.24133131644725 0.9255893548599 1.31509954004582 1.77366602777801 2.04736704425117 2.21807643698388 2.27719530875544 2.18317521878676 2.13583667981764 2.09146829889909 2.16986141989263 2.1875267186189 2.14264258814182 2.16865365695061 2.22804502146126 2.16996633495086 2.23177039410278 2.46071880863971 2.58784960611448 2.54764332481538 2.40759397181391 2.19142968735245 2.06552030817434 1.89310521347943 1.70247535187936 1.51100928286703 1.5054388953591 1.69411158182102 1.60706593274704 1.75490337594711 1.64346722248832 1.58636840278123 1.53650574970184 1.53781391490007 1.6438679886871 1.58787101179834 -9999 -9999 -9999 -9999 -9999 -9999 -9999 -9999 -9999 -9999 -9999 -9999 -9999 -9999 -9999 -9999 -9999 -9999
1.07046186941177 0.846113759624915 1.15515386076639 1.42443231240381 1.78214478767705 2.12897234032796 2.26946505875935 2.23966021899644 2.19320835148947 2.09795390832665 2.14179998931241 2.14202523103869 2.15094328086667 2.15912281430343 2.24378947304946 2.22678503363161 2.20932343986271 2.33179740123383 2.41789897867325 2.4003350198805 2.17601369905514 2.06235069128993 2.00999411839149 1.91724964132834 1.74166097118792 1.6319078262187 1.56477019268409 1.71873973671351 1.60136536611692 1.72765561611275 1.6845964349935 1.60698896947373 1.56321918994541 1.56094373087299 1.66054267434664 1.5829418751432 -9999 -9999 -9999 -9999 -9999 -9999 -9999 -9999 -9999 -9999 -9999 -9999 -9999 -9999 -9999 -9999 -9999 -9999
1.25386134875177 0.943651934657231 0.975110507046932 1.10394522137092 1.62252573299254 2.05381296166974 2.28253020408196 2.26199782144647 2.22012460202834 2.1848842405086 2.14001937634126 2.17151680212976 2.15724713194993 2.17857028452914 2.23064584489469 2.24852492963383 2.21442023677423 2.25456384236758 2.2998502562351 2.22890080451773 2.05341736138725 1.99738454603188 1.97248209216298 1.93161468082994 1.81515015751602 1.68605943529063 1.65143674634222 1.74445168800618 1.71648184317381 1.7912796637801 1.73852761121147 1.62004088682901 1.62945894354729 1.64013800933212 1.61824772729649 1.64203704084968 -9999 -9999 -9999 -9999 -9999 -9999 -9999 -9999 -9999 -9999 -9999 -9999 -9999 -9999 -9999 -9999 -9999 -9999
1.07980739145937 0.910058602470264 0.966752425615897 1.08378840589708 1.55940156800763 1.98388535292083 2.19779859100539 2.26131305587454 2.28344471207937 2.18912163291335 2.18998668502869 2.20576224066589 2.17982747221019 2.21809771737204 2.21787646714402 2.22808947253185 2.22978035258262 2.23141257948658 2.20099080977428 2.13098654184733 1.98107205531772 1.92351978260581 1.93222408785751 1.92992437420063 1.85669241999572 1.73020658078861 1.6533843238382 1.71982837543704 1.76514725848749 1.72044327084423 1.7025921792909 1.61998645502465 1.60473110731945 1.69186834852946 1.69872341103953 1.73733643560133 -9999 -9999 -9999 -9999 -9999 -9999 -9999 -9999 -9999 -9999 -9999 -9999 -9999 -9999 -9999 -9999 -9999 -9999
1.19026077724331 1.02780828332689 1.51998783600317 0.99433413875068 1.375727196772 1.77990858768168 2.13091595565056 2.26566660926536 2.31550931631746 2.23390290972306 2.20203899450619 2.20340751648091 2.23596135734832 2.22671177496861 2.22366180923572 2.23072198946615 2.19045102480055 2.11341762713825 2.16478894818265 2.09729214241362 1.95653573153189 1.88893471479169 1.91436553468377 1.88665681964804 1.83317415313817 1.76282441745742 1.6774751291522 1.6710271995724 1.80510251584151 1.67583111264499 1.71524299225148 1.60217430594578 1.58070839548476 1.6584866447069 1.68475964568314 1.69238443714103 1.6225825497896 -9999 -9999 -9999 -9999 -9999 -9999 -9999 -9999 -9999 -9999 -9999 -9999 -9999 -9999 -9999 -9999 -9999
-9999 1.89325421323395 1.5860882994206 1.42593172083322 1.08497757124765 1.62885531653597 2.11454388446483 2.23634957710323 2.2998008082648 2.26453070192415 2.24532075011969 2.27319175211337 2.25266642021995 2.28961149468453 2.24277631324097 2.21733790331797 2.19671577029486 2.19411961920394 2.17440007464726 2.12244686130918 1.88098300127484 1.82636624177178 1.84974531936619 1.91514821208813 1.84911544619701 1.76466121090945 1.80051034917549 1.70161093420173 1.67958777357231 1.67358687821571 1.7366160054079 1.61513872889333 1.56173718583492 1.55979530789896 1.48992004102492 1.60252206506637 1.7199998550024 -9999 -9999 -9999 -9999 -9999 -9999 -9999 -9999 -9999 -9999 -9999 -9999 -9999 -9999 -9999 -9999 -9999
-9999 1.88892230217217 1.5782946062162 1.2896894432257 0.968972790179709 1.63233061698627 2.04369526352413 2.21631587224175 2.25134656325165 2.26404665535071 2.2255797124816 2.24595860525205 2.29842062475238 2.29326411752449 2.23897658369287 2.22332693820147 2.2547835579518 2.25377445391486 2.21856890274467 2.09495608267142 2.01147002694047 1.86071967925294 1.90076471339321 1.91588340144947 1.89152691783575 1.84345617389711 1.87919771288186 1.82998831190033 1.84979376702187 1.69821980560478 1.62900559009569 1.71366394545815 1.46336419301399 1.46620028899628 1.46945945906023 1.54665198244588 -9999 -9999 -9999 -9999 -9999 -9999 -9999 -9999 -9999 -9999 -9999 -9999 -9999 -9999 -9999 -9999 -9999 -9999
-9999 1.75497609769239 1.46391221303467 1.23935683315216 1.59699433726629 1.45297196208626 1.87000397131972 2.1660966181334 2.20241258258467 2.15073669363341 2.25006667760422 2.26465764856706 2.28278573582699 2.33651508773877 2.29390527656641 2.29581979381749 2.30447890272742 2.28762484711293 2.178025209518 2.06606694005028 2.02576497468272 1.98448355925731 2.03520997592557 1.94978593125803 2.01101121187812 1.93613967555625 1.93431385477814 1.85595402116313 1.80991731344585 1.81187383558066 1.76528831521814 1.73667808853295 1.42379198426693 1.42655969409788 1.44983920201483 1.52242523771763 -9999 -9999 -9999 -9999 -9999 -9999 -9999 -9999 -9999 -9999 -9999 -9999 -9999 -9999 -9999 -9999 -9999 -9999
-9999 -9999 1.43094212858441 1.06980444600955 1.23036073619886 0.878283460376938 1.48356619407455 1.91436706967133 1.99862365758128 2.12312055493125 2.32166248771736 2.32285790749708 2.31331590322818 2.30183087301894 2.29558111978835 2.35131346142634 2.33466984819255 2.30729846850705 2.18134637665712 2.09277130060994 2.06541333043235 2.04701704308381 2.12352994808702 2.06923118736098 2.06831040979478 2.07226597222589 2.00613612403146 1.92550940540161 1.87098867858523 1.93089701197055 1.85197246871547 1.74082581337854 1.5010298075844 1.42662222838955 1.47031875255151 1.59571989659066 1.5592986282315 -9999 -9999 -9999 -9999 -9999 -9999 -9999 -9999 -9999 -9999 -9999 -9999 -9999 -9999 -9999 -9999 -9999
-9999 -9999 1.39016548901091 1.14049526917557 0.641639922628207 -0.0077421871850041 0.925761939564088 1.51120867839466 1.79796527446043 2.06947127545898 2.42144855990044 2.45213458147215 2.34138041726345 2.32610076777656 2.33304329064556 2.29902242961611 2.30113580992844 2.26070044085215 2.18548054825923 2.20593414184453 2.15402658334756 2.05677574649371 2.1761104033543 2.15945607252408 2.1792134524399 2.11359782581772 2.07006780494204 2.05778309702889 1.92953137377602 1.88309651986113 1.8865447663389 1.73562714696456 1.52057120271624 1.39078104346075 1.44022413158477 1.55926149003667 1.55089982240977 -9999 -9999 -9999 -9999 -9999 -9999 -9999 -9999 -9999 -9999 -9999 -9999 -9999 -9999 -9999 -9999 -9999
-9999 -9999 1.48467991713846 1.34237989961874 0.755765493546908 0.592923602263984 0.480718762621061 1.20169700255906 1.74583309393772 2.16972510145125 2.52008442152381 2.5246861295205 2.47678697152734 2.43382110534994 2.36717568232561 2.36553637977386 2.37934039830565 2.31871441422889 2.29485806920909 2.27847315254886 2.18793352369267 2.17324616677417 2.22351957911201 2.17976708312546 2.2405750197598 2.19636631739139 2.09265000674062 1.98920733998448 1.89785920614423 1.81246382940703 1.70338045518973 1.61514911089977 1.53519911842979 1.49838232380451 1.37208184331308 1.2886129394821 1.41142073159565 -9999 -9999 -9999 -9999 -9999 -9999 -9999 -9999 -9999 -9999 -9999 -9999 -9999 -9999 -9999 -9999 -9999
-9999 -9999 -9999 1.43671140644933 1.04464076031664 0.724428369277153 1.1962591633596 1.04822707535266 1.52230811861128 2.08633202633473 2.63880775265458 2.60228987834946 2.56613869669807 2.46348241172771 2.41540927720355 2.42478463237504 2.46424313020749 2.3335528827462 2.30911468210573 2.27528177228257 2.20246606090263 2.20032978791717 2.19597152420041 2.16395107954965 2.21160730002173 2.30365898318424 2.15332805520697 2.00573345626636 1.86418195782981 1.62705427344864 1.61978140797913 1.51096685557741 1.45905232347861 1.40296735749988 1.35487712125143 1.21793143733471 1.29232342864372 1.50146245853034 -9999 -9999 -9999 -9999 -9999 -9999 -9999 -9999 -9999 -9999 -9999 -9999 -9999 -9999 -9999 -9999
-9999 -9999 -9999 1.63932323673039 1.29424912176107 1.00910643005132 1.05521630091663 1.43026288837896 1.4405969280309 2.20734340165091 2.62443226373066 2.65581466168129 2.61278433351556 2.50627202903104 2.50172853285919 2.45894047142843 2.4051802447152 2.32761752920997 2.4060163459145 2.31537284553281 2.26594533283293 2.32726292159329 2.36595603011958 2.31743857774676 2.23227576419245 2.23210470524146 2.1083656563142 1.91874790696204 1.74618044954615 1.56610011966537 1.48479197968802 1.44918095835144 1.40958325629735 1.39227643503183 1.27638900132765 1.36057497730047 1.33697605702559 1.44239418693797 -9999 -9999 -9999 -9999 -9999 -9999 -9999 -9999 -9999 -9999 -9999 -9999 -9999 -9999 -9999 -9999
-9999 -9999 -9999 1.89683295635306 1.67619133711704 1.3010415068808 1.1028310322716 1.21716054172008 1.45407873048459 1.71968393145431 2.40210171838387 2.6480072934251 2.58076939544881 2.55987646059393 2.49722682089967 2.44522970961596 2.42110481015058 2.36743886095141 2.41330216955127 2.27779216402628 2.28055428929758 2.32071115102244 2.39597645948969 2.37497384658552 2.31567398267315 2.35938283481724 2.14754752740421 1.84906531201661 1.71442386993594 1.48435903985409 1.43546258202926 1.43829310722247 1.36116433179244 1.40905834803942 1.38132338411921 1.39486667699016 1.37502772081415 -9999 -9999 -9999 -9999 -9999 -9999 -9999 -9999 -9999 -9999 -9999 -9999 -9999 -9999 -9999 -9999 -9999
-9999 -9999 -9999 2.04733763874153 1.96032549606743 1.59375822403352 1.30329807552199 1.2913888524036 1.34231386334831 1.2662985026909 2.12878564142038 2.58607898257441 2.6035535125654 2.54135604819345 2.45974889402872 2.44932554188105 2.40456626003318 2.38991060302013 2.2973606447642 2.14365124400976 2.23081401794964 2.37330887943057 2.40603387781955 2.35789427583798 2.33373282915736 2.34884442406842 2.10317432897762 1.87262224506676 1.668066058493 1.47147736274506 1.42137494708112 1.48600088717573 1.3620162808792 1.36083861264937 1.39707699482503 1.43256360747932 1.45071966358741 -9999 -9999 -9999 -9999 -9999 -9999 -9999 -9999 -9999 -9999 -9999 -9999 -9999 -9999 -9999 -9999 -9999
-9999 -9999 -9999 2.14138473073845 1.97911114678025 1.65402655788185 1.4349566143503 1.3488212059918 1.43340022258775 1.61167154386701 2.10631328251704 2.70747097985385 2.60749070494276 2.51692223838505 2.54835622945309 2.44964878128162 2.34539437212625 2.29855200549087 2.29344359046539 2.18926687835805 2.23692952599717 2.26377241631596 2.27290281621563 2.20342650498131 2.24079784900282 2.09810627488653 2.02009574468397 1.84257700827099 1.57682256035784 1.38394731002807 1.21534171964913 1.29630797377494 1.44949519261089 1.37422060948402 1.42161261478433 1.38446863204581 1.45633932859396 -9999 -9999 -9999 -9999 -9999 -9999 -9999 -9999 -9999 -9999 -9999 -9999 -9999 -9999 -9999 -9999 -9999
-9999 -9999 -9999 -9999 1.84389100944679 1.5924140881446 1.32927432132099 1.19223751249631 1.30215938349343 1.76141814621207 2.29743938146821 2.79460591722551 2.71621608574679 2.56143920704499 2.54987350922196 2.45816824320412 2.26879094112753 2.23411025332735 2.3176144475034 2.25752133981495 2.25028031328295 2.16464221553147 2.08230915442952 2.00120369386032 1.979884870884 1.98759779110366 1.85231055268301 1.6946823316626 1.50129752335406 1.14897598194741 1.07575623312933 1.242087851109 1.36277536645281 1.43805015433684 1.3775206393746 1.41081356669774 1.41040971517378 -9999 -9999 -9999 -9999 -9999 -9999 -9999 -9999 -9999 -9999 -9999 -9999 -9999 -9999 -9999 -9999 -9999
-9999 -9999 -9999 -9999 1.84152778423914 1.6087646639376 1.17959501723529 0.705725069178261 0.867094572115293 1.74033428215113 2.25530356583995 2.67915668135886 2.7376628467893 2.62609958183361 2.58239785982108 2.38312833963462 2.29505172388093 2.27542362701027 2.38307469726439 2.32091880481886 2.21472307785658 2.11456307991738 2.01253390784591 1.7756464864155 1.81692760057206 1.82175332176814 1.65259040075508 1.55830066228352 1.2542041966646 1.00167650378561 1.10039999091067 1.38437986833548 1.37164244653712 1.4059011053627 1.43527386572908 1.45465093919248 -9999 -9999 -9999 -9999 -9999 -9999 -9999 -9999 -9999 -9999 -9999 -9999 -9999 -9999 -9999 -9999 -9999 -9999
-9999 -9999 -9999 -9999 -9999 1.66960529572114 1.41639110746855 1.15447568110134 0.771949395022208 1.55613457457794 2.11176528527586 2.35465909224817 2.67401586710379 2.72403033315774 2.63457432476202 2.48635959332596 2.36961756641085 2.34746745588942 2.37310768083588 2.33461003478482 2.2095417085477 1.99256914148099 1.82979073270178 1.68795770414579 1.85285248552121 1.82254089821573 1.67229544787511 1.34351011602292 1.15464778316621 1.15684041435101 1.33217583178222 1.39800766699907 1.52904387302682 1.54136786438212 1.45291782290109 1.42719004107061 -9999 -9999 -9999 -9999 -9999 -9999 -9999 -9999 -9999 -9999 -9999 -9999 -9999 -9999 -9999 -9999 -9999 -9999
-9999 -9999 -9999 -9999 -9999 1.59863184769602 1.65894754033901 1.44751614221135 1.0700703059666 1.13252573086008 1.74309142800176 1.92871787925209 2.34448125204839 2.60241395807627 2.58927560645383 2.54668707682756 2.41061422919775 2.35937078993416 2.44056139939957 2.3948279618026 2.25657834223095 1.86778890229442 1.79107068341834 1.68149006992209 1.70847079040856 1.73561660264197 1.65378842280625 1.52169388476578 1.44749286445416 1.43070117822386 1.48464298016659 1.48454074186331 1.65105269147934 1.53433111502508 1.43106346867574 -9999 -9999 -9999 -9999 -9999 -9999 -9999 -9999 -9999 -9999 -9999 -9999 -9999 -9999 -9999 -9999 -9999 -9999 -9999
-9999 -9999 -9999 -9999 -9999 -9999 1.80741695823471 1.73139140241551 1.3844805608462 1.13226221853834 1.46859516367541 1.51716361762349 2.12102427678625 2.50297486710892 2.71210366134403 2.62317820743103 2.48999011250639 2.32909276972871 2.29642260819705 2.27869292077928 2.08999989383952 1.76901935514622 1.74058608335242 1.70251107119573 1.58801989538524 1.64388414412306 1.55879027075353 1.5476777744107 1.62224225914681 1.53173275534236 1.61929457898856 1.59860304292178 1.57550324917973 1.37684974254226 1.30253477296626 -9999 -9999 -9999 -9999 -9999 -9999 -9999 -9999 -9999 -9999 -9999 -9999 -9999 -9999 -9999 -9999 -9999 -9999 -9999
-9999 -9999 -9999 -9999 -9999 -9999 -9999 1.68653099489201 1.46038376613345 1.15966699907359 1.18954125762929 1.13026047914743 1.6717736811169 2.26029239822151 2.68158753816463 2.61326281536634 2.46787984093037 2.18910393274765 2.02688355924071 2.08630362100597 1.93989014598533 1.7634424263622 1.80004387768696 1.7970917767541 1.49983048409923 1.69436775852365 1.55638898003943 1.55558002726136 1.67687188312033 1.64518309306108 1.72192970215325 1.61930327020367 1.53786064881633 1.24353667768367 -9999 -9999 -9999 -9999 -9999 -9999 -9999 -9999 -9999 -9999 -9999 -9999 -9999 -9999 -9999 -9999 -9999 -9999 -9999 -9999
-9999 -9999 -9999 -9999 -9999 -9999 -9999 -9999 1.5485638730153 1.43216668134435 1.10422129206023 0.60353926679102 1.15565808996569 1.81847624801974 2.35873664535329 2.3005094356632 2.00510807174759 1.87898645408747 1.9394964734882 1.81446293041252 1.8350948490212 1.73330081928283 1.7995162045873 1.77311042181614 1.69187515094236 1.74790412558259 1.66654248484812 1.68512608652667 1.68642531728053 1.78668108822943 1.73321990469293 1.61838591714304 1.38428467905079 1.27283436745194 -9999 -9999 -9999 -9999 -9999 -9999 -9999 -9999 -9999 -9999 -9999 -9999 -9999 -9999 -9999 -9999 -9999 -9999 -9999 -9999
