PCA_vs/Initial/pc_4.asc
NCOLS 197 
NROWS 210 
XLLCORNER 56.1666666666667 
YLLCORNER 4.5 
CELLSIZE 0.166666666666667 
NODATA_value -9999 
[rows 48 to 71 of 210, columns 108 to 161 of 197]
-1.08759746259514 -1.21314479714539 -1.22139168179271 -1.35470791124604 -1.36839542548678 -1.49002764573199 -1.58948569983154 -1.65170648710217 -1.70683317832519 -1.71198368600981 -1.8839546539061 -2.00840728088765 -2.08073152271257 -2.24856725203165 -2.21431621616457 -2.35454419675631 -2.31425584743176 -1.66782411003751 -1.5473037438828 -1.74755193904317 -1.71038165902018 -1.4968959047521 -0.643668983776354 -0.456269400437968 -0.369193969197443 -0.0771482080732852 -0.0959059313557896 0.167166295201222 0.0576287522823319 0.178813154028182 0.159249827293005 -0.0370162586080791 -0.283031436247151 -0.308796354307437 -0.252775016672121 0.200509757760271 0.564718653111681 0.461038426974825 0.483228961818819 0.697527302521282 0.846305365374415 0.852831077665443 0.888268418959931 0.890819845375431 1.01999480915231 1.0676036339048 1.13618997330678 1.11245310268897 1.08037932090436 1.11656945169842 1.20707646007027 1.23574251199798 1.24531347676219 -9999
-1.00484316570455 -1.019053512275 -1.14839463979647 -1.2479550079229 -1.28823808014723 -1.39855316398713 -1.52075703508089 -1.61942717505115 -1.58237313394529 -1.58548162487954 -1.66750161419249 -1.76860623465941 -1.96003415123271 -2.14445207318934 -2.25063975637107 -2.25846870889315 -1.97410653808621 -1.77830823933733 -1.51516731737436 -1.32463472862504 -1.38826852555818 -1.25880249818466 -1.05161431537652 -0.761502957656727 -0.467031848749617 -0.166266092513305 0.0162101090409721 0.115180810983101 0.0769620628680005 -0.0181698597645959 0.260272344076822 0.238215509048979 0.0835562007972094 -0.0366806753658667 -0.185514229867066 -0.121737716103019 0.293572123638679 0.463631858892435 0.42002272913629 0.510671207485265 0.730759307569946 0.887849596778222 0.953266147737197 1.03115436681999 1.01700769319191 1.06083298308092 1.13968314482971 1.18058724485996 1.22343013824748 1.23814459430922 1.21768307017313 1.29721466720027 1.30299792149001 1.34274203439457
-0.931105782686106 -0.965783870812628 -1.12803930762817 -1.20311690643975 -1.24843537290106 -1.2900837447861 -1.38216071992163 -1.45053999169278 -1.46087969970485 -1.5050789108335 -1.66061412709772 -1.77347485546181 -1.81812536532175 -1.99514582300945 -2.19032071447096 -2.25321724132677 -2.15444720902773 -1.4689923337383 -1.09071927831616 -1.08814728033858 -1.18198855435647 -1.21095528038366 -1.03342656469585 -1.0931255002273 -0.859544444412521 -0.589819807427449 -0.169075389447232 -0.606431774413033 -0.536573534997181 -0.0251856317174858 0.232011948183938 0.483826075326064 0.46745621261834 0.386796724054651 0.0699283618647768 -0.0570119521176804 0.0196394539982062 0.157694210847056 0.308033119005404 0.410919508104133 0.523059193685206 0.722266024886928 0.889546797938952 0.960627435280775 1.09500891197472 1.09272507022823 1.12095449061944 1.15913428857184 1.22586029528514 1.36395496009884 1.32193961344252 1.34316817801986 1.34887242041262 1.47651487337162
-0.868860909476402 -0.970292185276358 -1.14133807719405 -1.23270352141336 -1.22567991997804 -1.20353177120545 -1.2461780930192 -1.28126382540846 -1.39356833037543 -1.51550352896332 -1.68187574372971 -1.70990839881149 -1.76286464919586 -1.76367862867227 -1.94502538027484 -2.18027499889747 -2.21348815045014 -1.70124667703444 -1.59667280611558 -1.12712682194793 -1.22853621690245 -1.66351867532136 -1.67751368808577 -1.48207291239727 -1.12096868527874 -1.03956075969958 -0.860109937700242 -0.683152525941458 -0.199373493071526 -0.0497174480358452 0.352876676552718 0.0731516112449948 0.468897263287388 0.258540923622609 0.162135874206607 0.185729884184382 0.122193392533443 0.235679930250514 0.321961066083533 0.450470308018035 0.503648060816395 0.6113351464513 0.639718187621094 0.830210761952383 0.975553871333736 1.05739875461204 1.17323879914644 1.2137525198579 1.19015809980054 1.35101964162316 1.42721352352233 1.43026118189063 1.46627461367048 1.49781492489322
-0.895237222596818 -0.998525715996087 -1.09929534267026 -1.15464561091619 -1.12400204989906 -1.10959820075714 -1.13142862425296 -1.2036474173049 -1.34719303027011 -1.45109003813317 -1.55577624269033 -1.44081515845822 -1.50654095032856 -1.58274984020728 -1.67786821192674 -1.88001038940498 -2.33742558367682 -2.49496511351876 -2.13268376697191 -1.87607220102642 -1.5972072915011 -2.36895858058443 -1.67153778248368 -2.02465596317934 -1.66672454758841 -1.6747945797071 -1.16778503538305 -1.18271228375387 -0.845848714281468 -0.555271589459063 -0.119637852422637 -0.771896950602509 -0.684891677688046 -0.310452994710879 -0.471672579899912 -0.0454313691154596 0.333762894998412 0.283793816306726 0.301489214938345 0.35906234407423 0.525466698650505 0.647758667346499 0.664534120686595 0.744374909614323 0.860487226420716 0.97821918806357 1.04767908036915 1.17200041998596 1.30724835768553 1.31384783571982 1.45103130481259 1.46855320453421 1.48136806953768 1.48526203053776
-0.902555409220253 -0.985867222753926 -1.00855147531765 -1.10371904278485 -1.11090337241836 -1.11173776547014 -1.12471579102937 -1.17830565468294 -1.28964888631516 -1.43744033946342 -1.4113335265627 -1.26993427747106 -1.27143641384665 -1.37890227700683 -1.474485291198 -1.64506073700786 -1.86589865332092 -2.40637743394418 -3.12627811744143 -3.43067653539409 -3.1406186799092 -3.38824873433333 -3.02075887779409 -2.53215241853217 -2.24845663259166 -1.93851809620508 -1.526088648856 -1.34293621342279 -1.80491948761887 -1.3026658904466 -1.63857136016404 -1.40435816998629 -1.82806456946864 -1.2169513587592 -0.0894131262034079 0.237858350208096 0.457562528862863 0.493279216768199 0.542062069676707 0.484590913060684 0.507242325584427 0.587283229578354 0.674249769387152 0.764412131103511 0.810826072224405 0.985981998954004 1.13243739733038 1.26208257182054 1.19376309528269 1.30481919237146 1.35977907159625 1.46506390038836 1.52455932856884 1.54011683225684
-0.901007866816674 -0.962963643450117 -1.02040363535059 -1.06994269613222 -1.03293259705903 -1.01464608995433 -1.01982754373223 -1.04976814432009 -1.20750425402714 -1.29539294844965 -1.27279429700487 -1.14721420145271 -1.15794591811028 -1.2553304418796 -1.42510533048682 -1.70388755949296 -1.76047763348376 -1.8775582557024 -2.37008448990234 -2.95267077423342 -3.13499210689059 -3.09508793203578 -3.52528895021145 -3.31802394507987 -2.32559552228082 -2.36675291911781 -1.89402338936642 -1.58517751919435 -1.45775696694241 -1.41194008291582 -1.41914435747417 -1.39591793810698 -1.95585276346692 -0.829258730380739 0.0711189483334317 -0.120145229318386 0.144410555890533 0.236458017315661 0.514919006872858 0.655694371760781 0.604368344741813 0.405775510869255 0.995233256990724 1.05693058064478 0.959358409355064 1.12929894365236 1.17527236455427 1.20848772375171 1.18061452852858 1.24412484396962 1.28247415987323 1.29124074811664 1.33087714222975 1.52094997929965
-0.917959910401259 -0.968802602035182 -1.04503798738661 -1.06955073792968 -0.994107992284915 -0.983382123227572 -0.96484157506399 -0.975963230442732 -1.07639426896552 -1.08972310800382 -1.13601665037194 -0.927226070019563 -0.98615792801609 -1.30160313425152 -1.44411662540138 -1.55459570070749 -1.59387121661791 -1.73272125905935 -1.91830273658226 -2.46075842287322 -2.56146083210936 -2.69976016172953 -2.99666886995182 -3.18824397895909 -2.96238730209697 -2.47836805156392 -1.99862160700009 -1.76142208395367 -1.60040865472757 -1.51400137291612 -1.5030672253705 -1.31404128273095 -1.95220181601042 -0.726438266621912 -0.210589669099309 -0.142994427712639 -0.714494703762295 0.297318876288928 -0.0119290531518751 0.342453041420922 0.512033827218785 0.510158742967292 0.61435033449042 0.950087134418749 0.90379888482892 0.981391284958743 1.17678445191617 1.22156126489531 1.29363409372031 1.29858047621561 1.27529526649686 1.28755705823982 1.32648429302294 1.39648815759201
-0.888115378615516 -0.929233760021681 -1.02078256153092 -0.977275341624116 -0.988249332658064 -0.912526812057422 -0.941764833805491 -0.958153630604184 -0.991205147839848 -1.00678245202851 -1.01164362607296 -0.896246578121384 -0.776375310493438 -1.07776736703211 -1.29538587738175 -1.38043822400959 -1.41974211991267 -1.50907812128718 -1.59992083853803 -1.99465798373988 -2.10623500247604 -2.0280156471077 -2.14168668497333 -2.5594521536896 -2.5369169756343 -2.49058748081158 -2.06634985317639 -1.72323771506899 -1.50070870630294 -1.43814518492458 -1.31408344147668 -1.30038229896018 -1.22932954053416 -1.20314903640137 -1.14197083221763 -1.46003512195325 -1.48585422350383 -0.639680981214074 -0.657543130874057 -0.122011274093717 0.0125737976738046 0.712553053387975 0.710247787148137 0.752626001466301 0.737427488779844 0.826540228395509 1.01668283826793 1.05659170397743 1.27886218028085 1.29310895291505 1.38161666710716 1.34915650091234 1.38567677382961 1.3921085083317
-0.901609069633727 -0.929491265942204 -0.969756660138441 -0.96664326668494 -0.980524867940374 -0.934175015085813 -0.955104675553565 -0.971334741142472 -0.855256289836731 -0.85295027874957 -0.885427788403687 -0.89922650610601 -0.854837001007819 -0.974305251633456 -1.08425957015741 -1.19442048910672 -1.3121276454366 -1.36954143033322 -1.49646798331549 -1.62986437268329 -1.81695752349542 -1.89370018415936 -1.82411033770125 -1.82695851011825 -2.18198690594138 -2.34766568430758 -2.00724382030123 -1.86127829912725 -1.56133550378522 -1.44412427439505 -1.40144399366289 -1.30760689234963 -1.22764500541517 -1.30280005267008 -1.50441062272164 -1.65066861407934 -1.70361270681306 -1.24895945534405 -1.07108411649609 -0.449525097210594 -0.101435178516576 0.686257601661213 0.590248058747597 0.846655605117029 0.761115662609565 0.728926986936689 0.64961209098595 0.903363697760351 1.02092964080832 1.20032682508338 1.32058423634511 1.50081883301533 1.46449522097643 1.44256131382454
-0.906089740702544 -0.922695280047204 -0.955869647229822 -0.948815298802547 -0.921531806881512 -0.881345847635853 -0.926810513298506 -0.921752700343919 -0.807672688662763 -0.746817830676182 -0.705912536803945 -0.906040534379637 -0.928934433685835 -0.913408078515036 -0.868609860736903 -0.989557778720231 -1.19739450278445 -1.29231111662395 -1.32798122921074 -1.37585732057135 -1.5027938847459 -1.64080341639688 -1.66542957447254 -1.62446824659907 -1.93892796773557 -2.33007357353392 -2.2630149312945 -2.07689320722883 -1.71376276402292 -1.59282759387212 -1.56787493622796 -1.34852413764828 -1.07228992533901 -1.16602441275225 -1.51376738549361 -1.7513832740108 -1.81044597145034 -2.10926925731637 -1.51413414263867 -1.02566525579677 -0.344103362735643 0.382506119330975 0.262606909488688 0.503604021105559 0.763659108791766 0.610132903694802 0.416603022164075 0.652997703563479 0.917964215479026 1.1723571259452 1.1986707961373 1.55004355910021 1.60384391129927 1.57186941673784
-0.887285963948816 -0.891614930299409 -0.918739471701016 -0.895026440488325 -0.922258266661788 -0.91196211128511 -0.975086365675762 -0.980005420288586 -0.890376719757653 -0.815914433597718 -0.819050882277627 -0.872548464358012 -0.834737900615307 -0.635200927102778 -0.679041405908205 -0.838461467235473 -1.1285595216904 -1.22364111926732 -1.12586220935698 -1.13028992301147 -1.31133400555225 -1.36742451391208 -1.4366671812138 -1.56177070800574 -1.69074808134739 -1.9691865217972 -2.19745253170957 -2.23939478088027 -2.21711779173162 -2.07353748585041 -1.77325032361805 -1.54526805636329 -1.16301643631992 -0.996417829667592 -1.32438536221007 -1.61177092833156 -1.28717255550728 -1.73596438018479 -1.55963857896533 -1.14229079001935 -0.80028501246827 -0.674476871402438 -0.461958024185964 0.226232443746822 0.56420568409225 0.24288489859888 0.449891664987953 0.729929724296541 0.792350177879955 0.881245168254365 1.06415628146956 1.23791153692278 1.33784569817917 1.57091697837574
-0.86817467650905 -0.873553548096211 -0.848507175699486 -0.87052260861528 -0.88904460611195 -0.917270235152487 -0.938028600838071 -0.929579186302995 -0.931288927225315 -0.892329397644807 -0.888868406365744 -0.900774783341641 -0.823525275990317 -0.738543151075808 -0.750920127682751 -0.848413815394592 -1.07612053204522 -1.19668648528838 -1.08877703428413 -1.01020604812344 -1.19245580925181 -1.36057589986569 -1.44218046552895 -1.45118363410908 -1.546242329459 -1.63170654313258 -1.82421985405716 -1.91771295511111 -2.06936643824085 -2.30056956806471 -2.40058422447668 -1.66682149800449 -1.3689770435359 -1.06175196861275 -1.29335731371729 -1.23154573382175 -1.66402609350941 -1.37080755993674 -1.13968037285845 -1.38387464721995 -1.44388156094136 -0.563678274780251 -0.213198698264554 -0.285159975915914 0.482237213412388 0.413224372838794 0.777094872377831 0.888781807886688 0.847622888905127 1.06722439164903 1.3696637504596 1.38405587009237 1.33458446088212 1.41478525947168
-0.850799824810783 -0.809126289053355 -0.849939575432192 -0.856815253178889 -0.867242667347108 -0.851904750725571 -0.869698318080963 -0.919907597810541 -1.01588619904199 -1.02652164045735 -0.982153867548996 -0.885268532915278 -0.844716834782913 -0.834952609864786 -0.86304167435439 -0.993025767015972 -1.08689361637527 -1.07525077845625 -0.983752555456642 -1.00838447731396 -1.14508493040095 -1.38558862276759 -1.42932810834288 -1.42474552992422 -1.45053856260316 -1.52368078995203 -1.55218428635296 -1.60961581694397 -1.6696264709612 -1.91982164776593 -2.29933188946599 -2.59696120134408 -2.28682363498475 -1.4554916164378 -1.43290655980507 -1.50620184889203 -1.69490687241705 -1.18112283532042 -1.02159818076006 -1.21680849357215 -1.56580604017936 -1.31148939365285 -1.22882660111976 0.000223749922833343 -0.0230207173146576 0.26720005519793 0.758557176988919 0.829427445264815 0.784601166487191 0.924463271141698 1.2580395128105 1.35516108210277 1.3894994109941 1.54030354784553
-0.807876031472995 -0.853733967278003 -0.825498163972562 -0.839319888666284 -0.817531039829017 -0.814873671243086 -0.853050158688552 -0.91215904308769 -0.970546126832002 -1.03163889972912 -0.953781983093325 -0.855245231566759 -0.901290008940803 -0.924519474100208 -1.0072701036256 -1.09122394966847 -1.068495404721 -1.05436337649648 -1.07186989804059 -1.11308769742684 -1.22097877140805 -1.3516964817253 -1.42978462018421 -1.37296329966277 -1.38312173632597 -1.40913877991412 -1.38684048435597 -1.41789702917325 -1.41086774816043 -1.58252945970054 -1.81546262730244 -2.05751598049898 -2.23596184039729 -2.31433261183521 -2.30705289309836 -2.19697040801599 -1.98684800325517 -1.83334689127482 -1.4567995368429 -1.23358133275342 -0.940041681436771 -1.48937972323411 -1.29304894314013 -0.900000138933124 -0.317017823593074 0.288076773021654 0.789456505234194 0.814117168699701 0.813336141795419 0.788952409806089 0.652455832449544 0.841414503765105 1.18302510528459 1.61662040807642
-0.826458751101166 -0.833372577907337 -0.8264298243376 -0.781172529822103 -0.778097761541606 -0.786225677436305 -0.83428292066198 -0.86780953169749 -0.892999511975245 -0.915976510314205 -0.934812887287981 -0.966014600949873 -0.974956445430573 -1.01795787392145 -1.04914852594382 -1.04173560165504 -0.973401997652317 -1.05027086447929 -1.15540266729522 -1.22548956445483 -1.3253649678503 -1.3306464521326 -1.35879050240053 -1.29803187440522 -1.23490342514069 -1.27988344840323 -1.26051177184356 -1.29504412345295 -1.32732234313243 -1.42804969151646 -1.49368324679181 -1.50010210563461 -1.59998233116641 -1.81986371474619 -1.92515705071848 -1.9729990161174 -1.23692843109405 -1.24057984139597 -1.8568006291142 -1.63709585856299 -1.61906586814854 -1.60289025119021 -1.34198220491546 -1.2428643919281 -1.15535475197034 -0.583354423704547 0.511194803352705 0.277323828535314 0.190760753558467 0.0363919531509125 0.145376734172195 0.835081559700332 0.676033582705042 1.32399510064926
-0.786712166585796 -0.723143270564781 -0.793797271225654 -0.760369986310487 -0.761258949485547 -0.779314773995731 -0.830064944841602 -0.854257297939362 -0.856328610472767 -0.887503455870826 -0.884338610154439 -0.954227982921425 -0.920787314003224 -0.967057632404289 -0.810870001608017 -0.865845123805949 -0.832122818689927 -0.96195169237191 -1.21851713931152 -1.29908131428654 -1.34532364558939 -1.32941088514346 -1.30205868090154 -1.22211392093262 -1.19900286506978 -1.15358598466117 -1.08546468345404 -1.20434092865597 -1.24960247955374 -1.29624749168551 -1.36807917954647 -1.38732689827213 -1.40696178826343 -1.49577411170233 -1.67161298945227 -1.86535808047772 -1.2544963181852 -1.37965580026386 -1.41450429759851 -1.36905160127473 -1.34822087429291 -1.85529737304905 -1.7991696573501 -1.65695744548146 -1.24235350631504 -0.843670675960899 -0.506986966787938 -0.823864433518744 -0.968627978948034 -0.486987041882394 0.0596643076561864 0.311009612115816 0.820200847084585 1.57530657988949
-0.751786374382985 -0.766642544897156 -0.762441208419057 -0.741419954556552 -0.802477858090954 -0.794277583859214 -0.801620542822345 -0.836280212222534 -0.811684946990429 -0.844801837751504 -0.885374226880098 -0.947135532099093 -0.926520353953062 -0.865320258196194 -0.78068186268527 -0.821353019310246 -0.79710873212333 -0.918169669689834 -1.02118742219849 -1.16883857190302 -1.22581749812162 -1.22260885444697 -1.196299476415 -1.20584200594037 -1.19196418256054 -1.061755076947 -1.00079860134061 -1.08440576441944 -1.21227187060923 -1.31610583322848 -1.33631407202677 -1.4041161782814 -1.39022865177257 -1.53527352429282 -1.61762082243459 -1.64216186883527 -1.04968832414583 -1.20694756944524 -1.24581378137318 -1.17871897577935 -1.22217299154707 -1.3041971810895 -2.21418394544843 -1.99914316219703 -2.08061108042349 -1.38942290313559 -1.01416213606073 -1.4838012730671 -1.32173404141947 -1.07794326499267 -0.832347898247663 -0.727630096500007 0.470277168970578 1.14566797851544
-0.725318998883334 -0.717586374336702 -0.754460011260037 -0.815853482399042 -0.83197080786439 -0.823928007962384 -0.843201414982167 -0.843649448595891 -0.824147967774822 -0.775793989466253 -0.808506374797103 -0.863877730237702 -0.801323010611713 -0.786722407151984 -0.784123870501371 -0.670784006461965 -0.867068829450124 -0.950127738792754 -0.85967399249951 -1.02968522117577 -1.06255791935861 -1.10011689834691 -1.1826985078918 -1.21749198858656 -1.17350673854301 -1.14015419745587 -1.0988369258782 -1.15250375143993 -1.28951526325675 -1.30023902575507 -1.38658669930915 -1.43653406376289 -1.46177797994682 -1.60564202099279 -1.58040840503256 -1.50078887236786 -1.47997405640809 -0.954891267640067 -0.996886755820308 -0.977321475761422 -0.970647040591658 -1.81798803713136 -1.9493283922195 -2.18346935480327 -2.23131954000761 -2.03073808623423 -1.38017855665013 -0.769022888316619 -0.748252143422392 -0.550332936020982 -0.830469501694849 -0.774335828494602 -0.272701264662558 -0.612962520907594
-0.709143291988185 -0.713138278149759 -0.801877859697561 -0.856461647571571 -0.87080319505067 -0.837631985509645 -0.833821682979549 -0.837427675727471 -0.81477229340055 -0.793280941987094 -0.827161339019873 -0.832544075826224 -0.784361326606131 -0.715302590605888 -0.843776360298979 -0.708672298690677 -0.784102341422818 -0.931856768570833 -0.8811258130086 -0.897519498908108 -0.986200879945323 -1.10565160227139 -1.18826322357422 -1.25857558234811 -1.2544573094748 -1.23831894178754 -1.17317480152072 -1.20971405456694 -1.30833609059106 -1.29907100980088 -1.38891316698411 -1.43971835120968 -1.45223214105751 -1.53280012192245 -1.52508595848517 -1.41588149664831 -1.35784510237107 -0.845819106749469 -0.871460272672126 -0.827809239720707 -1.3298314597321 -1.55554709801017 -1.67568226466244 -1.72517902631735 -1.70265625411819 -1.75422211185569 -1.7592409077723 -1.22550811878425 -0.849714574436441 -0.714794627149587 -0.899104358478364 -1.06014320605925 -0.960641603480037 -1.54414471818516
-0.65537755503536 -0.712015015296888 -0.827007524284207 -0.874332881068905 -0.922381906508714 -0.880555501056423 -0.853286573252837 -0.840271668747004 -0.833810033144309 -0.870233343034675 -0.853426161198745 -0.868369730582486 -0.845604328315202 -0.784723926542983 -0.852745784035723 -0.82997783609539 -0.821311860144625 -0.875785497815207 -0.823386091965474 -0.854208366352819 -1.00041174938504 -1.10341379688484 -1.21335262857265 -1.2742924529486 -1.26791220968668 -1.21876724353249 -1.19855608300011 -1.25741550796522 -1.28589417166756 -1.35538439757523 -1.3588524847358 -1.39518903125602 -1.41205393143306 -1.38320386874703 -1.3767459278985 -1.31256131374834 -1.19863972435456 -1.21167832391742 -1.26245762485685 -0.735376283903933 -1.29534205102057 -1.34665051765428 -1.41438482735316 -1.39521068139304 -1.39321374013268 -1.39847590627561 -1.42649193625816 -1.49771440566816 -1.25201319056031 -1.09654956473956 -0.851144086359219 -0.986436474777692 -1.05358832662731 -1.20771932140698
-0.651579095143713 -0.688815294435303 -0.759694936804661 -0.851198789569623 -0.860486996000983 -0.852893578100618 -0.808136409773239 -0.793929505137152 -0.800684292970987 -0.806054983352848 -0.835566961927898 -0.856746952853626 -0.901334892082619 -0.923442189151349 -0.920781513464479 -0.989755830582275 -0.946015767861287 -0.790391683332934 -0.802807521940666 -1.00137887537366 -1.01811523239618 -1.11637568494651 -1.2054876869038 -1.24157426000073 -1.25902582964089 -1.20365935658745 -1.18015482728237 -1.21487110121614 -1.30157755172075 -1.3056041453036 -1.32956774917213 -1.30385919973344 -1.3141015726963 -1.30519003184004 -1.20159750479027 -1.123600101161 -1.05351854518394 -1.14162565716908 -1.20843707486461 -0.717723072189987 -1.27352025391979 -1.31799503687241 -1.30679379951888 -1.24103143396424 -1.2407755539275 -1.32511408850377 -1.39992606372089 -1.51247319382306 -1.53811133810447 -1.43782682845166 -1.28643445052682 -1.06486002321324 -0.990697151109574 -1.0380348932952
-0.621735737058356 -0.646298123121087 -0.700715706635139 -0.804480842365056 -0.789649447201447 -0.778301190966781 -0.729234882024838 -0.658271099512726 -0.669812585834149 -0.776994207179883 -0.771736922348675 -0.742337662088291 -0.791436265614605 -0.949385029505386 -0.974905839636338 -1.00515036918585 -0.930646142050732 -0.855917565915763 -0.974926159937572 -1.14595520057541 -1.08618979675022 -1.16923833162217 -1.21146444226177 -1.22620130195099 -1.1925840128039 -1.20150771395686 -1.1841235842531 -1.19788266405169 -1.2460201595659 -1.29883237332911 -1.31381182778561 -1.28790310857468 -1.27186897579444 -1.26447077253343 -1.17945635108371 -1.11014431680504 -1.0718910469738 -1.15287973644851 -1.17822645358671 -1.1213468018318 -0.655507220810905 -1.1997560881871 -1.21212586237197 -1.267031431611 -1.32979528421344 -1.33186520825792 -1.42537361954228 -1.51228089505278 -1.53705785283489 -1.47817546087437 -1.3794079878135 -1.17089576940518 -1.09415364410442 -1.127256241828
-0.578315337020153 -0.587653710544335 -0.642606718031184 -0.71648951232939 -0.742532225174122 -0.650607932179728 -0.645145563558698 -0.58310824992985 -0.624295156579482 -0.672433146946243 -0.705340505056372 -0.729592139968134 -0.88843178720483 -0.964658628392273 -1.05791494373038 -1.05271718624034 -0.937853662705416 -0.904133481545114 -1.05175348033509 -1.06263303081802 -1.08259233769789 -1.16010416925521 -1.18240058795718 -1.15592108049153 -1.09221419799897 -1.17996085612082 -1.15633804619112 -1.19919011044581 -1.20105198387615 -1.25400006161212 -1.27163489500746 -1.27163548701209 -1.21294261390091 -1.21780398523538 -1.22055884472599 -1.22514617051996 -1.18793032906759 -1.17429964547136 -0.58741553557429 -0.568627837508786 -1.10660155457233 -1.15011197239717 -1.19361222449266 -1.22905517005834 -1.35366545928815 -1.40227516662861 -1.47788477344766 -1.42058546956331 -1.46184809422303 -1.45823503713422 -1.35837300173084 -1.27113965505569 -1.09611742469814 -1.128819268697
