PCA_vs/Initial/pc_4.asc
NCOLS 197 
NROWS 210 
XLLCORNER 56.1666666666667 
YLLCORNER 4.5 
CELLSIZE 0.166666666666667 
NODATA_value -9999 
[rows 0 to 23 of 210, columns 54 to 107 of 197]
-9999 -9999 -9999 -9999 -9999 -9999 -9999 -9999 -9999 -9999 -9999 -9999 -9999 -9999 -9999 -9999 -9999 -9999 -9999 -9999 -9999 -9999 -9999 -9999 -9999 -9999 -9999 -9999 -9999 -9999 -9999 -9999 -9999 -9999 -9999 -9999 -9999 -9999 -9999 -9999 -0.615416500863021 -0.771483472690674 -0.573788924406115 -0.820741511691856 -0.837830169348236 -0.910580488547258 -1.06190640609518 -1.02943872246132 -0.841542764433035 -0.825410425058894 -0.795321003724258 -9999 -9999 -9999
-9999 -9999 -9999 -9999 -9999 -9999 -9999 -9999 -9999 -9999 -9999 -9999 -9999 -9999 -9999 -9999 -9999 -9999 -9999 -9999 -9999 -9999 -9999 -9999 -9999 -9999 -9999 -9999 -9999 -9999 -9999 -9999 -9999 -9999 -0.49068079053465 -0.455098245468095 -0.427140802928812 -0.3775883390133 -0.39695343746727 -0.834281389163199 -1.03906884832359 -0.92820687034615 -0.800198595011484 -0.910417406955023 -1.02038598231826 -1.09526613660679 -1.10255998752199 -0.982197530795676 -0.740427699748107 -0.608152058244147 -0.647694179352829 -0.588807520343195 -0.473662659114972 -0.356123065158009
-9999 -9999 -9999 -9999 -9999 -9999 -9999 -9999 -9999 -9999 -9999 -9999 -9999 -9999 -9999 -9999 -9999 -9999 -9999 -9999 -9999 -9999 -9999 -9999 -9999 -9999 -9999 -9999 -9999 -9999 -0.520310153010279 -0.515461849482272 -0.497685995071497 -0.47262943914854 -0.416703744594966 -0.364286655540461 -0.350389349886603 -0.612696236467099 -0.603030556827199 -0.586386305939098 -0.834977195459471 -1.10431826314107 -0.757818429422145 -0.882079950738661 -0.913225520860261 -1.02824897072333 -0.931374298313017 -0.778635561766578 -0.667728934713278 -0.423017154532584 -0.378947262673733 -0.506705909743261 -0.347734255551802 -0.304709239964189
-9999 -9999 -9999 -9999 -9999 -9999 -9999 -9999 -9999 -9999 -9999 -9999 -9999 -9999 -9999 -9999 -9999 -9999 -9999 -9999 -9999 -9999 -9999 -9999 -9999 -9999 -9999 -0.240094926377167 -0.362996364062074 -0.502985013499778 -0.411260175530199 -0.378158242702447 -0.332299397320933 -0.384866600876688 -0.35869988715087 -0.366934044466968 -0.507189553093796 -0.485931204695844 -0.447354637228891 -0.885497414064612 -1.02578455155919 -1.12832793795611 -0.854416100567339 -1.02740560968103 -0.982438767905964 -0.806046533689714 -0.828569712835967 -0.689397068285117 -0.472995036649835 -0.351314802053847 -0.413084760513329 -0.351856927844155 -0.229479151361213 -0.100020927965964
-9999 -9999 -9999 -9999 -9999 -9999 -9999 -9999 -9999 -9999 -9999 -9999 -9999 -9999 -9999 -9999 -9999 -9999 -9999 -9999 -9999 -9999 -9999 -9999 -9999 -0.174976275355721 -0.136954892886298 -0.291325625919667 -0.314236926359873 -0.347406463720189 -0.455901386771516 -0.417146940031219 -0.440428027718312 -0.3118619004063 -0.250699233192334 -0.335438783330533 -0.280502360931537 -0.504302374269321 -0.51933278813383 -0.588994723398832 -0.692057085712059 -0.629851360363717 -0.954949902229465 -0.896304218022164 -0.716718415666614 -0.705869423087596 -0.628517574095129 -0.520009594221376 -0.342391677295182 -0.33608192944709 -0.2657771558611 -0.262062993789035 -0.0978391138294466 -0.0079349535754201
-9999 -9999 -9999 -9999 -9999 -9999 -9999 -9999 -9999 -9999 -9999 -9999 -9999 -9999 -9999 -9999 -9999 -9999 -9999 -9999 -9999 -9999 -9999 -0.0551794493822541 -0.0716060240565517 -0.162426666181953 -0.213527328298485 -0.261280677781508 -0.394068474853687 -0.37666515903015 -0.320020130576051 -0.305407437258637 -0.180497240609858 -0.184132811667862 -0.226391451041404 -0.240393068816818 -0.403066020882511 -0.498859335733629 -0.508489947103337 -0.274929112632774 -0.272496285515545 -0.540468556095319 -0.813164980092558 -0.94464175019832 -0.653075688525428 -0.348652955846648 -0.40385633488361 -0.168274942164817 -0.326606602380217 -0.368776025670138 -0.186934315828886 -0.0805625773759376 0.0259173795128066 0.141723856999136
-9999 -9999 -9999 -9999 -9999 -9999 -9999 -9999 -9999 -9999 -9999 -9999 -9999 -9999 -9999 -9999 -9999 -9999 -9999 -9999 -9999 0.0400244844440154 -0.00480574303160382 -0.0377166142133832 -0.137118697311398 -0.138200275646197 -0.217284075130843 -0.307897373440895 -0.392496219233318 -0.435951708787097 -0.319857768532634 -0.146275418163334 -0.219688083244062 -0.266086294966273 -0.314393800366068 -0.246873680214777 -0.232428142741709 -0.280243938254496 -0.186637594927868 -0.248469510875963 -0.272125481777286 -0.334626695282986 -0.591063088384156 -0.377107018032149 -0.258355212280699 -0.251127602347566 -0.29228356473034 -0.210124996546987 -0.298992874759387 -0.277779873054558 -0.191332168340191 -0.0262530191907908 0.206998436683198 0.308982166104267
-9999 -9999 -9999 -9999 -9999 -9999 -9999 -9999 -9999 -9999 -9999 -9999 -9999 -9999 -9999 -9999 -9999 -9999 -9999 0.0948484713582893 0.151014057954987 0.0580686333079974 -0.0447138044453443 -0.0280739664451869 -0.115188348455404 -0.179296108509557 -0.2747731336624 -0.277459339628762 -0.374690839152957 -0.403816812535197 -0.222220550713163 -0.0966994450793706 -0.253951993471272 -0.11525312569553 -0.139392704672144 -0.163067915558425 -0.176981324040951 -0.099117696690425 -0.0314364770255204 -0.178547111182296 -0.244662236153899 -0.302015317840005 0.0200570400990721 -0.0873374429654819 -0.0589257081496237 -0.163334404044956 -0.133285036713911 -0.149709718708919 -0.0703402991235068 -0.038051094321502 -0.0158458726486558 0.138571411745467 0.291757162584405 0.354297021931505
-9999 -9999 -9999 -9999 -9999 -9999 -9999 -9999 -9999 -9999 -9999 -9999 -9999 -9999 -9999 -9999 -9999 -9999 0.122677744991396 0.101199091671275 0.068406808517386 -0.0884047979518647 -0.0834164546567202 -0.0372477857915302 -0.116762826555327 -0.182927074473919 -0.201840953831887 -0.34248766113482 -0.370501483959243 -0.322021551804753 -0.281634717677769 -0.227936941628242 -0.0996807478311721 -0.031565115673474 -0.065413335746271 -0.129295549967408 0.00164244347085686 -0.115350021641102 -0.096537796870391 -0.121776745394787 -0.0668462979495896 0.0182682981648529 -0.0893751809333767 -0.246750563759704 -0.264412529511891 -0.278072849587256 -0.150665538260938 -0.187185186765097 -0.0800299803053249 -0.019684091444984 0.18148540916585 0.379180140039865 0.415559365504766 0.522329088367887
-9999 -9999 -9999 -9999 -9999 -9999 -9999 -9999 -9999 -9999 -9999 -9999 -9999 -9999 -9999 -9999 -9999 0.176262096019822 -0.0115124765714573 0.193679929642517 -0.00181002714230005 -0.165603124061354 -0.0972925897001195 -0.07575176890741 -0.157509443863427 -0.166530704353524 -0.261752722549657 -0.323431442414928 -0.327326988426272 -0.22916262576523 -0.328347692947819 0.0435935380683492 -0.0110906786636876 0.0397080168224677 0.00733968644753218 0.0146706984130802 -0.0184068973035962 0.00472523180309078 -0.0169585963689381 0.0188224179999796 0.0173096262823159 -0.16548555841463 -0.290770316002409 -0.342145559672291 -0.194691982852844 -0.114154227875527 -0.00635980317139384 -0.128960168482838 0.0046461170128516 0.0860253676828706 0.237370887369236 0.331184310597714 0.468462153815054 0.559157845921673
-9999 -9999 -9999 -9999 -9999 -9999 -9999 -9999 -9999 -9999 -9999 -9999 -9999 -9999 -9999 -0.152804189921372 -0.0208117382569388 0.0508253338281623 -0.0186896570848987 0.00115166859145572 -0.109431130064889 -0.206200545511851 -0.169651844837814 -0.148989349818251 -0.197870873928757 -0.247525961699267 -0.334943747549562 -0.272381203686046 -0.285000571713091 -0.0916144779515016 -0.357311986631161 -0.00471800114574088 0.13573433335851 0.0933787136551885 0.0451401605444796 -0.00100404901447047 0.0232158083240223 -0.0358225080615577 0.032081191915843 -0.094971375951056 0.0150437820695831 -0.00747911288070867 0.0431089665782041 0.0547006976309031 0.0204799680366105 0.00766583828251392 0.181502139881265 0.192946144319311 0.227224337576429 0.2680244030914 0.294174607670563 0.489796883544031 0.501240823163403 0.586250281566178
-9999 -9999 -9999 -9999 -9999 -9999 -9999 -9999 -9999 -9999 -9999 -9999 -9999 -9999 -0.223012468559911 -0.225784783942626 -0.115388579027585 -0.168025008204098 -0.106291994464365 -0.186849749943149 -0.251539751040978 -0.22809460643801 -0.229889938526004 -0.140149572343646 -0.206037918077126 -0.347043081099847 -0.406627511628985 -0.344190110440743 -0.379527915904573 -0.317877636869636 -0.301709982343924 -0.167311916639951 0.0293025316092266 0.164777123540061 0.134418021551857 0.151594653025536 0.0638522788720259 0.0668770501637815 0.0203118557281521 0.0854397967571844 -0.0167582303840826 -0.155174191635333 -0.170390846622289 -0.0379025315733035 0.0173517098691048 -0.0207956838199007 0.0910841529801892 0.168678745294334 0.165117219519369 0.114018194536135 0.319971213995307 0.419025805056911 0.504072821915689 0.61318565661951
-9999 -9999 -9999 -9999 -9999 -9999 -9999 -9999 -9999 -9999 -9999 -9999 -9999 -0.359303534898234 -0.283450470561526 -0.29394897603522 -0.159845206189224 -0.26195497269848 -0.189593552031685 -0.257765565586325 -0.324469841851193 -0.278891042693327 -0.266266243721961 -0.219039635295298 -0.168121162025463 -0.406648297293727 -0.419409043517574 -0.350380785619777 -0.12742621621575 -0.220936224307361 -0.0399953521167986 0.0718978658560005 0.0662985311258097 0.152760681988679 0.155773157576292 0.206244683085279 0.15803160707768 0.0716159519805499 0.0972219840823777 0.017539360003715 -0.0801197338339181 -0.029228349881248 0.0781254183920105 0.163580568974877 0.0516789993341195 0.000512470756651994 0.058184652834919 0.152993243686269 0.193945733557967 0.274205582195614 0.420648334976925 0.502049619772038 0.590497102111987 0.615265623421268
-9999 -9999 -9999 -9999 -9999 -9999 -9999 -9999 -9999 -9999 -9999 -9999 -0.377448424186372 -0.372494035143794 -0.403189186685435 -0.392484675900448 -0.259055697559862 -0.361519854152967 -0.272895977279443 -0.39265247570633 -0.401838028774712 -0.411731793908272 -0.45719227507121 -0.453917089414092 -0.333411032805203 -0.401467358038313 -0.343215974508259 -0.255462527791593 -0.114683112380943 -0.163484620000927 -0.27082819901635 -0.349340795815075 -0.165102558973521 0.0827023672672824 0.12586812593251 0.145116630714479 0.0736585401927729 0.122408758991758 0.088692444628421 0.0836313053870794 0.0538803947519142 0.119185596084491 0.0623653240349165 0.0126631162287653 0.00754288550709117 0.0385111169400089 0.12059893716209 0.105261715614471 0.164329860055733 0.156603589733295 0.314510698096413 0.442085151913339 0.532032563967613 0.655578695369116
-9999 -9999 -9999 -9999 -9999 -9999 -9999 -9999 -9999 -9999 -9999 -0.417921961834072 -0.417372702529622 -0.446690912898346 -0.429917438550671 -0.470127091014502 -0.367969942773762 -0.417086910959534 -0.44677225895618 -0.440280388513878 -0.442588547843691 -0.45361824523712 -0.37308163084558 -0.449896151590675 -0.460748330041643 -0.448421534221677 -0.336420463928941 -0.172773512487134 -0.0286091011644 -0.306103017730321 -0.32221274832958 -0.161632566910024 -0.299136877863835 -0.0462327956066396 0.0475671302941748 0.0883672141702708 0.164485247038351 0.0904324095614697 0.0135842455176853 -0.142265697253587 0.013016115985131 -0.12450444420439 -0.0967433756593095 -0.0964108655059988 0.0215874895272168 0.086795588518947 -0.0175505084732566 0.00625065948168354 0.0863294713464857 0.222027448741472 0.433369345267867 0.524907915323787 0.593702371494732 0.639024523545471
-9999 -9999 -9999 -9999 -9999 -9999 -9999 -9999 -9999 -9999 -9999 -0.468663777563895 -0.493662702578145 -0.500515891949788 -0.48485616234255 -0.526659103168787 -0.483557313979743 -0.479575613291174 -0.481582376720273 -0.463350871773093 -0.485043804806715 -0.538875986511122 -0.476512247640212 -0.470327974003101 -0.376565935073109 -0.314975190195363 -0.218388294269207 -0.28262695758682 -0.216269922514216 -0.320709887691875 -0.24254821550887 -0.00312303383858498 0.28058215813947 0.129354159168941 -0.0209488113285817 0.121418589418675 0.0457666786022475 0.0193174924786383 -0.00644638389189811 -0.198210114946304 -0.163785034710184 -0.0417895504376163 -0.00968413792995328 -0.0210983874376916 -0.0667630479519954 -0.0194650030542593 0.0611420980814498 0.114936741464944 0.151680967202362 0.390952283411982 0.402691571339722 0.534957557303942 0.626018647906196 0.656003170796292
-9999 -9999 -9999 -9999 -9999 -9999 -9999 -9999 -9999 -9999 -0.476597948572678 -0.521454901428643 -0.504320099610165 -0.457147868049652 -0.502276718418711 -0.491761131967533 -0.515686883046899 -0.49006040123428 -0.502924214886018 -0.407480114244058 -0.413570161342658 -0.576533545797324 -0.581363087799087 -0.460078168179654 -0.285742059199363 -0.31887215137952 -0.25257887897535 -0.0667174921091323 0.0864339743800259 -0.101933480471109 0.148100748168562 0.236869939126903 0.338261012281896 0.212468127334111 0.122737811111694 0.0944658842531222 -0.0653029045077713 -0.0647082999742183 0.0491047863859251 -0.130631557160402 -0.0666595906265862 -0.0980211366031243 -0.238857315979869 -0.240832130432285 -0.089860674045352 -0.0371258554029265 0.0339974768707499 0.0682418104355376 0.189231511294554 0.32380651878771 0.410640145237249 0.448943335373369 0.554070829008663 0.657568076187267
-9999 -9999 -9999 -9999 -9999 -9999 -9999 -9999 -9999 -0.2800733640155 -0.35063216049936 -0.352724329111374 -0.0477881436046691 0.166161430271209 0.015971402661401 -0.183751519547925 -0.170647938821768 -0.256605034565213 -0.342413992920288 -0.404363232241155 -0.34111638882624 -0.375473917218208 -0.560422810117882 -0.373984387885752 -0.0425681236421569 -0.135839206048315 -0.0162147510076389 0.0494243413800337 0.0428860364849751 0.418816138099729 0.116073394866852 0.31610480322548 0.205870529959503 0.180934244756255 0.121907745554301 0.0558578965690143 -0.048448305861523 -0.0341523035802021 -0.133137259276542 -0.181578847424478 -0.260941091641083 -0.343888887458184 -0.241003799066044 -0.134457566842744 -0.169706080132824 -0.0520369402649052 0.0172651869028606 0.101593250616497 0.261606182619432 0.332230199835139 0.394724294186476 0.445285817451834 0.523321838592561 0.580062133307846
-9999 -9999 -9999 -9999 -9999 -9999 -9999 -9999 -9999 -0.315247221986988 -0.38373335678218 -0.0149552592119796 0.503000521684258 0.479210772699924 0.126320310171309 -0.0905207237215503 -0.188758610500382 0.02385635388081 0.028246743113937 -0.215426695236686 -0.319633011426019 -0.31862898536249 -0.278393189925601 -0.0250785667404548 0.0151953710482528 0.112290028712555 0.320244269971298 0.602824836932046 0.2914212150896 0.512712781362459 0.328859553082097 0.292093927228786 0.154318962348525 0.138766891077473 0.0170833910845986 -0.0865601162713838 -0.111220757323897 -0.180832070325862 -0.298809672690338 -0.359178731499388 -0.376172752445603 -0.331065467587508 -0.300757413056312 -0.202633081085106 -0.184104587497059 -0.0917019761503723 -0.0519534486374199 0.0743090228966443 0.228236768363476 0.325448297319709 0.439698800953835 0.390423876755053 0.437539223925157 0.651267813745362
-9999 -9999 -9999 -9999 -9999 -9999 -9999 -9999 -0.172957731799588 -0.245559146555221 -0.31966843460102 -0.155394705679182 0.0852017913078786 0.245493678264195 0.212517826295148 0.0300201925006209 -0.0516903804766515 0.098592350355755 0.0815821688070516 0.0384934782248366 -0.189812191766682 -0.358771977336757 -0.152846906744199 0.0288599744969645 0.2033506178686 0.713767342224839 0.525869996783214 0.676917264391331 0.445698516076008 0.369687138193678 0.345070449291239 0.0958622436855705 0.143213943462582 0.052380820302814 -0.136280743390283 -0.172858610971286 -0.206526803074504 -0.340264242796354 -0.332975948412118 -0.442940798799347 -0.473787358663382 -0.411080967442452 -0.466948938302813 -0.368672236176745 -0.23077870762659 -0.192040336428909 -0.0517967738445762 0.116824743918939 0.186651752364105 0.23710992549064 0.346066201984876 0.290919660113909 0.512505100967626 0.5752239060909
-9999 -9999 -9999 -9999 -9999 -9999 -9999 -0.150561693793848 -0.176299273266014 -0.216102761697049 -0.187224880535853 -0.169867257976794 -0.0131939667202334 0.236066487236789 0.326297540037864 0.409258046865238 0.521278741360826 0.294208680499163 0.329127287795532 0.318457534493277 -0.273313354099487 -0.185350156355501 -0.00987017252541914 -0.00547214209233599 0.356772278437197 0.719410223036703 0.365538919071489 0.575197247711349 0.608288012946383 0.431512321573698 0.323345673078699 0.14519574729103 0.0713931902510125 -0.0388060311164385 -0.172838702883175 -0.258853673730152 -0.28269160292837 -0.428181395081871 -0.53579882876527 -0.582455940133711 -0.590416101012964 -0.596242542016202 -0.450480369568872 -0.451562428323977 -0.370587522794438 -0.211112100016827 -0.0489194197127141 0.0303418107250498 0.102830724297999 0.25344480725208 0.33650333123253 0.356999761500053 0.351651457497397 0.321731751569607
-9999 -9999 -9999 -9999 -9999 -9999 -9999 -0.0904094935191782 -0.0745487358109783 -0.00852015337022276 0.0931307277628404 0.140368139436236 0.0692290402204438 0.21120017896535 0.576791012747579 0.798178085674551 0.612576547127356 0.397633051504331 0.738835123541228 0.360193208493244 -0.284868858848623 -0.123988302277564 0.137575205775087 0.442887144339716 0.571537140118409 0.808602397107875 0.51650210242749 0.690500404025599 0.575769242344409 0.437995178416385 0.272404799947969 0.187979095936139 -0.000708266345858119 -0.0543861832481726 -0.173197875632149 -0.348749251467071 -0.437851768173795 -0.587249164908003 -0.679344927571602 -0.755668450556561 -0.773966959205505 -0.674424816019083 -0.52210845770703 -0.510849144940651 -0.413481330208886 -0.253480165129795 -0.146704653090859 -0.0776087694315594 0.0906351517130043 0.174485172481755 0.256102473021065 0.343659980762622 0.429963528090458 0.42200921834211
-9999 -9999 -9999 -9999 -9999 -9999 -9999 0.298963578707263 0.283581402012717 0.294031476661517 0.10076054827879 0.293026001975644 0.36641012539561 0.472807766506433 0.63789372477111 0.584671253127224 0.506184696551888 0.863230385853484 1.04453938200991 0.516757320929611 0.121063397793849 0.0170362100197885 0.376188208100094 0.600241809738471 0.624051355809508 0.716305165993282 0.790658753005795 0.669051567815249 0.556996993334868 0.426401261210836 0.267633304126974 0.0884124309746597 -0.0207129818532601 -0.170703427477089 -0.356242429734856 -0.479782117849353 -0.569100514001583 -0.740682453356909 -0.87560119509171 -1.01570870103683 -1.00084591835687 -0.835431638204887 -0.645347910991238 -0.546727701464989 -0.418889750675609 -0.344208615068875 -0.206800541601121 -0.0987670161894401 0.00392547679300187 0.114245450889133 0.130260123514119 0.246692077740718 0.238187701165079 0.388302956669456
-9999 -9999 -9999 -9999 -9999 -9999 0.347428211381946 0.408536963883808 0.378593398880325 0.14651049049213 0.30018505241459 0.607066070938469 0.504743347719743 0.706493853095876 0.699832677228018 0.701090529219515 0.79042445085748 1.06100749512645 0.868432060110946 0.332315659338974 0.147227149622535 0.126560372012025 0.323507178967419 0.571850362015613 0.605150304788923 0.763554376228103 0.802503416506299 0.667379957328874 0.439255253435887 0.368741757254389 0.208619024207672 0.00464595395031438 -0.0995418601333371 -0.226151700839741 -0.405472166794679 -0.528241257097707 -0.986981101693868 -0.93251749138491 -1.10763986244719 -1.47954538520836 -1.08465906715018 -0.86646904339981 -0.796341004854459 -0.643624876187781 -0.573673593510954 -0.434244614087187 -0.307402891290649 -0.214749587665029 -0.0967978180696378 -0.161348194686378 -0.125955423354938 -0.0964436082329704 0.00622592081177307 0.0136920442941331
