PCA_vs/Initial/pc_5.asc
NCOLS 197 
NROWS 210 
XLLCORNER 56.1666666666667 
YLLCORNER 4.5 
CELLSIZE 0.166666666666667 
NODATA_value -9999 
[rows 48 to 71 of 210, columns 108 to 161 of 197]
0.12909760704915 0.145067240108349 0.131524946240797 0.116898089044466 0.0992983104868671 0.100730236588543 -0.111659208534359 -0.115834625069088 0.122833188031568 0.139818023903525 0.190989041859679 0.246370057647591 0.269640361022626 0.315489115795671 0.386205801454716 0.466090965068597 0.71918365277917 0.952657263030505 0.873668890567388 0.647883951057646 0.44570679861764 0.497466873218698 0.547164582957467 0.502287717298082 0.392603767952042 0.604280594808515 0.605339269876382 0.735992707522748 0.658750973902387 0.699610142210442 0.650356898267167 0.557821543764728 0.45887850030199 0.432864677588266 0.466153071793459 0.621713628810896 0.738429186407637 0.689083356520197 0.681677574503195 0.760617583999217 0.794933051842554 0.758275284719511 0.76230086635139 0.754349963077243 0.74144413992045 0.775364490217964 0.755004714961096 0.729625108791524 0.682534413716533 0.689791688072762 0.69524346755315 0.665021346450527 0.646283671128073 -9999
0.0929717452439148 0.0995405493711359 0.103324252638738 0.0986799153275345 0.0956108998530188 0.0919886926341539 -0.136207363793598 -0.128590381446491 0.107829384180562 0.103369988114733 0.133279671671211 0.179912388430161 0.247225634718717 0.215868347364074 0.292961789887755 0.457555615484533 0.723787802134334 0.646859655338734 0.682724522197558 0.855463845567614 0.765960536850071 0.590275542596634 0.623727783038757 0.437874838706322 0.558457087848856 0.727858328852509 0.781022003971491 0.809966011817933 0.761678156829205 0.698467476382071 0.806867314121306 0.789482486866468 0.687431704242366 0.637236422328969 0.579949544440301 0.597323807642964 0.710711393005633 0.759868327154297 0.71275306240715 0.729208342036106 0.782502409995498 0.829320951253915 0.818229602728513 0.840080765457997 0.796024001792073 0.795722407687042 0.781103323204091 0.7654020177937 0.76961307867927 0.760267668927049 0.730090903885129 0.69162795032606 0.690526654911954 0.692721058752112
0.0561275407707548 0.0630763663959022 0.0869466828667926 0.0889543052582494 0.0805292624514066 0.077199285820457 0.0749063131615936 0.0812505040763653 0.072263560305706 0.067651662100373 0.089917922019787 0.139786900767855 0.170445919442217 0.0575342507728397 0.183993801057689 0.366487869491866 0.583029724178662 0.717709692854377 0.937479752667435 0.829224816178307 0.785420960297734 0.615075686529194 0.519741832642347 0.450008855731681 0.507839450982561 0.612368193462315 0.797239714716113 0.538382810038676 0.591829935328788 0.796148420422478 0.881631848446111 0.941112470554246 0.930534413462308 0.865929189424726 0.73450780300202 0.684775030317596 0.691188788974151 0.72189163133187 0.728525795919549 0.73883595957561 0.748231228619396 0.790513603204169 0.845627456577778 0.853714746727653 0.848724877275015 0.837169489320182 0.817151954462861 0.817396074015643 0.779385161389726 0.857359420945152 0.795090970080808 0.748417715256908 0.739459455934687 0.762724880796044
0.0284618613807534 0.0421195559771303 0.0635800921243157 0.0880892089512254 0.0763736218928546 0.0647249999613899 0.0613390449960483 0.0464549769950376 0.0444707217335249 0.0556877089026784 0.073416406978002 0.121875890147841 0.0143996683720189 0.0210449727959473 0.0216564928021063 0.226673813849236 0.500719357467262 0.68873430008435 0.72150132258218 0.856538256810016 0.8159211486974 0.694374090878382 0.668089712168469 0.694218731678376 0.574171642516003 0.637537054478955 0.644479048170523 0.678038492773137 0.852657446406276 0.880691130886127 1.0047578138353 0.877758299399878 1.01141284604622 0.906670214149165 0.830274499230214 0.819009223900271 0.788103344832122 0.78190160683441 0.784646078713399 0.801071770696321 0.796994537457317 0.798208536242616 0.783431277364247 0.80779251317792 0.839501369792932 0.817797598672788 0.84917668501707 0.842334161662965 0.807607694362616 0.829169908257737 0.845548747142003 0.836693613460158 0.84659659713162 0.801898753131734
-0.0991447369923647 0.0320543750866672 0.0622738595069902 0.0662778869761102 0.0498368148009448 0.061895476629212 0.0621068363375226 0.0461766744288805 0.0379527147085335 0.0576447993773396 0.155664099724804 -0.0565472237491265 0.012408641449134 0.0231929966770782 0.0327946479084063 0.0287894824315826 0.13006309051919 0.605228867506747 0.740973481446845 0.848038651078014 0.913536375891497 0.815040196608183 0.894489708167613 0.885509876314982 0.831537247534117 0.733109748388833 0.540667576344474 0.726518190935001 0.802954892737049 0.866709888578224 0.939724464619655 0.803133030672281 0.817612810143099 0.842785085878952 0.82179531099913 0.856877666157083 0.895902600500021 0.874456515001259 0.84753093833764 0.841907340157817 0.844884644040727 0.857010209610854 0.838373536762524 0.818684723351475 0.821998496635259 0.827042397378354 0.83343443529124 0.849072437977589 0.883562519021339 0.865739623980171 0.851226993331606 0.864229914075727 0.823165021876584 0.805245612316539
-0.109891731426264 0.0354978766213215 0.0401272204377149 0.0344800726720006 0.0332143931033646 0.0490148338171126 0.054151340298688 0.0592690604367944 0.0578450306467428 0.0863608310085971 0.191743693012863 -0.0352329044423962 0.0147850405407462 0.0354281645224371 0.0104243081312597 -0.00671251111410555 -0.00277084083127055 0.112706796883605 0.384035458189324 0.569451076678195 0.657596391543873 0.665405108966769 0.970232589276241 1.04837444543064 1.00345781117445 0.89749751427473 0.809578593601913 0.636760347092384 0.900619954624476 0.503492182770264 0.82253807125336 0.876023167890692 0.820453201182317 0.835125548172451 0.961403978874033 0.984365874655439 0.988747793275885 0.994315113094847 0.968301584963986 0.925571719111551 0.898890722721164 0.897271352550297 0.903380575547625 0.886069243786281 0.864283915657247 0.871852422764857 0.91229343424846 0.889246266938612 0.843109832546274 0.863132484209148 0.821761299281304 0.846654803582113 0.86540610327863 0.842642407258576
0.0263606991179632 0.0177472088300815 0.127811302393777 0.110709339534372 0.108384393918863 -0.103086974016194 0.0564891253954541 0.0544763829217149 0.0711890031175411 0.117635721496239 0.231087021333356 -0.0151711912995669 0.00570284388045586 0.0339670514804806 0.0143499424961727 -0.0213954256079442 -0.0240359033666015 -0.00167631658043366 0.086453097629996 0.225638991765307 0.325290658927205 0.344170301823208 0.632490613914848 1.1428185911282 1.15863285231831 0.930755228440355 0.874955708437452 0.83213052415725 0.714163464906019 0.673613273745209 0.599131003523337 0.556595476126306 0.926772708681613 0.971658679288462 1.04857270535655 1.00346518970452 1.0133328888519 0.99607616623604 1.02605187280446 1.02486041955306 0.985205334059571 0.930580625692059 1.01830879381336 1.0226078432158 0.93004031293657 0.947324469521925 0.946820770071783 0.921886421094436 0.884866075319074 0.836605972082093 0.811654604051657 0.792409537877361 0.779692302263359 0.811687838795342
-0.0126289203933038 0.00721605016902899 0.111746717593194 0.10543776261097 0.0858736264103056 -0.112584296182599 -0.0945080145458349 0.042593319366281 0.0611040002732612 0.187051124181875 0.230796270042989 -0.03433394600286 -0.0412622658754755 0.0111288190747609 0.00971094047030598 -0.0112792840667446 -0.0254726828842006 -0.0182216704032222 0.0140478325452117 0.107823884097127 0.22706820283739 0.388403702544083 0.501588610685088 0.498196498893809 0.857858643294291 1.05392857411873 0.884320972352369 0.736640013234389 0.744141058801416 0.763908608509224 0.718500728084257 0.705500637547026 1.06292822451925 1.08080545975913 1.09788434746396 1.06312486037227 1.02198957625197 1.0708461685609 1.01848969285126 1.02899000851047 1.02853779277738 0.995098402253122 0.985430056276983 1.03280515446514 0.974592089516148 0.957596936491398 0.972354653675634 0.958903511612947 0.956058383952671 0.881407151303553 0.841767410110785 0.812997878991265 0.766572757643116 0.786626943793899
-0.0309947753878424 -0.0085349545877835 0.094312763040785 0.0856611404044888 0.0714570327913216 0.0944497022081427 0.111494464896979 0.0363837132289243 0.125817931462546 0.160906687102138 0.225490251256146 -0.0371214268845073 -0.0637845087508279 -0.0267862001900508 -0.00407377006018432 -0.000795156978904997 -0.00714799128046584 -0.00475821607683722 0.0198878400609252 0.10070826006325 0.192754129270025 0.251754831136617 0.313262746416225 0.435810903036655 0.429544790527923 0.637435456410985 0.699358211598302 1.02866265064801 0.986945097784362 0.938155092276553 0.890508189218286 0.846570679017144 0.838391293108551 0.755716345319284 0.772883390972438 1.2833010798127 1.3975709495992 1.15814846860587 1.15720720901706 1.094702030116 1.06737993158634 1.07449123446738 1.04553487437874 1.02539513569288 0.998989102608469 0.992158941835856 0.963809395960409 0.935158097029552 0.981912025319449 0.931751574797483 0.9043365901106 0.852470141912012 0.806249606040518 0.773700532050583
-0.0430831742965373 -0.0157565579611004 -0.00850753402545085 0.0853943671015978 0.0860969591420166 0.084212867709793 0.116958170417455 0.0437946013004955 0.142216057452962 0.17760919047729 0.213284199273902 -0.0125426056354928 -0.0252709494007424 -0.0282172174166212 -0.00840260068335417 0.00604641657884368 0.0167384659375184 0.0237872249709339 0.0528376623750264 0.11430117084703 0.168341473134389 0.216544477165088 0.221326240677372 0.28772375667072 0.408621383289752 0.758005804330338 0.856050840774593 0.745856899047487 1.07814015538115 1.09729932806911 0.967890870100252 0.995929882176076 1.01006940413666 1.00195842966923 1.10468527812832 1.14378167116306 1.13934198301082 1.43020439676369 0.933880096742361 1.21554125251228 1.1523599180046 1.12846847462993 1.08678340929057 1.08541243217218 1.04639387654118 1.04674618084364 1.03953994303032 0.963556910044304 0.930798737567544 0.929876569875088 0.929299962432911 0.933072842151621 0.879821665690434 0.815070949839558
-0.0304877455743983 -0.0141715724777472 -0.00557854001816097 0.0886329277894038 0.0749127908216902 0.0786628792044709 -0.126544613316953 -0.106034091439035 0.140781228121331 0.158849299386426 0.188962088244431 -0.00721430628054023 -0.017983108647364 -0.0180302655184723 -0.000834967329047809 0.0220624940768759 0.0374523673800704 0.0441633803888972 0.0549061300567972 0.116316451679994 0.158913260668502 0.197605256824997 0.216366296356964 0.254283210932523 0.355026851071014 0.487464365648969 0.630409961579054 0.730154310824922 1.0635760455345 1.12280432891346 0.968069773347593 1.02613378825405 1.08878161497822 1.08244670748474 1.10805902975882 1.19067052824156 1.2090588526983 1.19510014875145 1.03383478827029 0.970514335430633 1.28263976593837 1.17212845694924 1.17136022870367 1.13663121053499 1.11723777187654 1.11314772309338 1.05549379262352 1.04515129631117 0.96715893690415 0.93755599609446 0.918402871216136 0.993104581515046 0.97063899531261 0.890856171462278
-0.0122065799611952 -0.00287961263779227 0.00132044799733833 0.00214274231704045 -0.0163580679092305 0.0718486547069918 -0.142070543316135 -0.119576377134002 0.128117412506909 0.150065194365896 0.0603418056158448 0.107987418313873 0.100623417254872 -0.00225320966935624 0.0231779237474792 0.0394754666055536 0.0536846382488592 0.0516701143945519 0.0647530350262384 0.100893755936414 0.161941699037699 0.193061151276818 0.209523351189521 0.262088078925282 0.359213097019999 0.403981761059917 0.48232392040233 0.518706312922779 0.611027777364225 0.902734638685854 1.07837229435525 1.17540289926344 1.10310351536312 1.1310542662032 1.11935085178949 1.14550023282567 1.12486596554222 1.14811720606233 1.13729289632509 1.04662030147792 0.974165174519099 1.3467894987978 0.842699692360348 1.19066000518578 1.15747274146942 0.746654570673877 1.10941114210248 1.15152466730479 1.04902882521398 0.983186736184276 0.916666270620866 0.891862577326095 0.881766188373689 0.909719881021692
0.00506511016965167 0.0149366125388997 0.016684392234489 0.00537399620700177 0.0026666244618031 -0.00999421777658846 0.0868186294339946 0.109895821009022 0.138716089050234 0.170931605872189 0.0630351519618804 0.102313351763368 -0.011273804175229 0.0117087524960146 0.0354600020891694 0.0597916853127938 0.087341113739255 0.0829591427629331 0.0753200179504561 0.102060499920428 0.165632441626622 0.20093132423915 0.21659909174429 0.249297497983637 0.315212462252504 0.351272951228271 0.380303751419636 0.401789895683013 0.494093926288837 0.601953962919785 1.02928457382406 1.2921604543894 1.34749102225659 1.27905878979841 1.1332358935286 1.12633468635387 1.13382331459005 1.0965017128703 1.12931140869408 1.08520363836665 1.02708927931274 0.949693122148454 0.893372173187478 0.869565959695476 1.18283518000858 0.786893728442009 1.21776788659886 1.16765422165227 1.07755208912264 0.989506775093509 1.01109142788637 0.973935243935817 0.900168063038373 0.850516967416451
0.0113761043772661 0.0031501228329775 0.0291547252367459 0.0256323774160762 0.0222125906519023 0.0801093997218126 0.0814563453630935 0.118153804306169 0.0646491314681259 0.0998877955955779 0.0800225954857578 0.08062097539447 -0.00929321724092302 0.018399809128604 0.0532900769702205 0.0852140650771955 0.118981009008707 0.107986584934444 0.0826359570299699 0.117427501630365 0.188606889358751 0.199733776841868 0.217356883679564 0.237270057918264 0.285595008021015 0.320529509738352 0.34698173620704 0.357631911054076 0.389050479534034 0.491093541032839 0.667603840168549 1.08697205715777 1.18193987571585 1.21661923421486 1.16843955252356 1.15164176681515 1.13730354174378 1.14734756221241 1.15862731630564 1.12076895904768 1.02227630728539 0.995801642850774 0.918466974927438 0.963679167137329 1.20862603502226 1.09720959697766 1.22016520936133 1.21669702148883 1.13982764579303 1.05588536377163 1.01268015102942 0.992887836802293 0.952619093061517 0.94355598974988
0.0123395631588167 0.0264574576668412 0.034725693801247 0.0465118643809449 0.102392988070893 0.0858088343201827 0.0728262296819449 0.128786641474925 0.0799935210070946 0.109603707575173 0.0600208890718 0.0832624544838945 -0.0131519034787183 0.0175136951259433 0.0770499735189309 0.119199618381482 0.138934072169676 0.133302582810696 0.128652281890334 0.153159561912297 0.195577052413537 0.19261740364889 0.204816206883322 0.219684924121914 0.253097115441036 0.296563620827704 0.314428843168774 0.322122932949739 0.362792569632334 0.414120193954369 0.512214979300899 0.645568945403302 0.861842843769142 0.950057461028438 1.02112151580848 1.11133785196463 1.17772397927946 1.18876736319 1.16370470107723 1.17814680297339 1.14599311184541 1.06838917621715 1.04333721113094 1.02091479474234 0.948652670725241 1.21422926480927 1.23662340684384 1.19210832679566 1.12724668186128 1.09801138781838 1.0869179818139 1.05236172063584 0.938183377142324 0.985305847804961
0.0384107925907909 0.0532601587588613 0.045635432320393 0.133861207312664 0.122466255273948 0.115941756588305 0.111244049776898 0.0305285215058767 0.0543785319907838 0.0608444231114378 0.0633016743074738 -0.0280740908975396 0.0018808915592663 0.035577993442306 0.0852745712165538 0.133838246981624 0.155739892764826 0.155386773825045 0.165071620668531 0.173127394942803 0.185213744098464 0.164547109883056 0.182874917726267 0.19097007323597 0.218278621282536 0.264020467826241 0.287667037263382 0.329262374574246 0.346137157571859 0.383375991319813 0.43010915955705 0.466099792009019 0.65717804823964 0.762820143102186 0.833688640022962 0.86709714758567 0.200135491353245 0.259832542059722 1.24110966419924 1.23438523796272 1.22303513431672 1.16611572333028 1.16206719453354 1.1529555635126 1.18390538361239 1.12194955460191 0.991046131892153 1.32255141971827 1.00744014284168 1.3699471168152 1.3241122302553 1.06970478558327 1.02393467009247 0.965188232916865
0.067403713775881 0.159368845395644 0.172801959047095 0.147819506084755 0.161116363276531 0.161332943921566 0.161498591804545 0.169830608514751 -0.0446871570825739 -0.0362771674344979 -0.0317021559789305 -0.0224865273285313 -0.00324635392097203 0.0346897948275034 0.0650739520017158 0.124070847022126 0.148335623255921 0.177898661762035 0.189605076546529 0.184139836800959 0.180777922822714 0.152742363134449 0.143104935340245 0.165030882452798 0.166782766708436 0.210713919006534 0.247298185366984 0.305063705198298 0.335276313728627 0.362115000575667 0.401341916755692 0.426102362436378 0.46786292323028 0.637521471263573 0.732142636334778 0.79730894507054 0.130356750339038 0.17131338211345 0.235949978641693 0.292008350392899 0.362848497358821 1.29544232738394 1.23044467890507 1.2045847557809 1.29116371048311 1.26069128816192 1.18834018465827 1.22337995184557 1.24164507488073 1.20651760308153 1.35353085045571 1.2471472594641 1.1026402932223 1.08542813460542
0.171940287672569 0.0978194374290043 0.181575775425407 0.177662998414055 0.180817860768816 0.194483502893013 0.194517659543605 0.203150618307155 0.204616736463432 -0.00558877417423531 -0.0184662914750112 -0.000289929263012717 0.0137932158650738 0.0482938632836808 0.0654736685707757 0.113237563329626 0.128883402746788 0.418175447638856 0.423150258624138 0.164645472378744 0.158759348235384 0.131221928131293 0.122317464891773 0.135044731732088 0.155195029055777 0.176881847268133 0.197667172054583 0.267443870339483 0.314235518265438 0.355131673519552 0.372382612440918 0.407421419036271 0.395308028761143 0.458934071811744 0.626014421385251 0.684327790280271 0.08180616761272 0.111731010345999 0.154474907958563 0.215362554241416 0.279730082069433 0.285710625384348 1.33791067689002 1.37543711080489 1.39952277049493 1.35973926155778 1.30895516035408 1.32979952793688 1.35500630192849 1.36224259245325 1.34923365289019 1.66190528164577 1.17385255148929 1.02270523013496
0.105937635003527 0.204481737385486 0.216072402193978 0.227072637862625 0.225047430782989 0.234337593658074 0.228247751029107 0.241550730411361 0.247842018009658 0.24134636499862 0.255382249100296 0.257353279814675 0.261455569149936 0.29709020046121 0.106697077854281 0.110966559333658 0.123199051442568 0.193226265967602 0.318335067530311 0.150863922573703 0.127826939570831 0.117688956384456 0.118773079959096 0.137332699685648 0.176989317985722 0.185562994058365 0.187482124418719 0.244430344782714 0.308058841140473 0.344159096738192 0.370022580408468 0.414667275651482 0.402611667604681 0.392919633315857 0.527802550291144 0.558813492889967 0.755223131853445 0.0936105902456987 0.138111399186079 0.190623102107214 0.217347317349796 1.14788142097576 1.1936081623565 1.29164594487676 1.40371329082234 1.37734717242776 1.33916737726042 1.29390074654484 1.31370227282223 1.31240962255324 1.36995902334331 1.7493307621021 1.55934032283181 1.73610500535681
0.234710709765762 0.266684711390458 0.263515190656072 0.281552766755393 0.299045441087806 0.290355672715561 0.279158062158697 0.275674091295068 0.279123020543893 0.273414010278224 0.285752979643644 0.272035021099684 0.300114864389976 0.325327145307402 0.127531874898487 0.116263448566453 0.13954743872769 0.160207187599124 0.161878773610361 0.146679221479481 0.118596495585075 0.121890640393751 0.136701896809653 0.161511209879542 0.201903059291966 0.213820680911662 0.203177470131335 0.242581086750213 0.298753771140301 0.312017982802992 0.333402546702489 0.373906531386366 0.377777538376837 0.449949181188143 0.466539988736205 0.496278318508911 0.519358960899596 -0.0739149996274642 -0.010649328076492 0.163889792726011 0.925751685941389 1.00801811264858 1.07635628961118 1.07551136243586 1.06155032793647 1.12447044956497 1.26555846160269 1.31481006142656 1.32654048702793 1.3276319768085 1.36224942928915 1.40299429433625 1.443771125782 2.12914265436567
0.284811067007848 0.310876184367697 0.318730879975097 0.336246975110125 0.215936631905621 0.355324003939844 0.33975138570532 0.330878664546485 0.210509072117983 0.200562232972953 0.197963398816403 0.183946922386148 0.20736697847876 0.221854163086358 0.114318484869338 0.1356193061876 0.159024741972975 0.134262295087477 0.145833911190518 0.165739002832515 0.140505095320924 0.128010370922316 0.143808021387752 0.172726929365778 0.183152010833086 0.199137194387029 0.193424989658835 0.207618624006544 0.249425408731477 0.259793702692089 0.291407402070599 0.308405694583585 0.341431792321298 0.443604224039565 0.448849499872183 0.464127245176933 0.477835597024645 0.540856464315814 0.619320549248988 0.00134489255462084 0.714060033630419 0.88352996149734 0.937608374142478 0.89269282449892 0.79795881341318 0.849940151002012 0.977852306697691 1.1386946243743 1.21772513709142 1.25119281909951 1.33321578250279 1.32969744913081 1.37166933554114 1.51722532634099
0.329174881226741 0.333483349498135 0.367203149976725 0.255763756275116 0.260132873737817 0.284041724755926 0.261959912139057 0.241001417998605 0.263314907233744 0.277056749469129 0.245132087736962 0.222016206703081 0.232628160879421 0.226064667250452 0.222723274288222 0.15295719144313 0.144152055784058 0.120976488302474 0.140357341230263 0.184443455089148 0.148388607121812 0.120125848233247 0.139761693627078 0.176303801071623 0.171703080156469 0.167063501989575 0.179338662039846 0.186166584844878 0.193315702294433 0.210065161564744 0.239623461331788 0.258832175523164 0.287466713059479 0.314049969658385 0.435909887766855 0.446333293341414 0.462405174875607 0.519507066419539 0.57612199593582 -0.0424391926444928 0.645579733680154 0.693944230827981 0.828232531291461 0.81532559814041 0.782357428793406 0.810386687104399 0.932846556006719 1.14794169610366 1.16744374288185 1.2250261892944 1.2438609865052 1.33442836657077 1.31700367111517 1.38945645861289
0.246236659356966 0.22703141381186 0.263389740720559 0.282952736380556 0.291278165703637 0.316541370429017 0.305031144801909 0.301056578799817 0.419251791169399 0.299984983395286 0.300695743519021 0.262080393602798 0.236707352363595 0.249491171982877 0.380118071546031 0.265863032330632 0.122690071391687 0.116785049785268 0.14448853400185 0.181097393484208 0.148982076726067 0.115925368651746 0.115052678022346 0.138213489742113 0.148012319070806 0.147334411301468 0.15417388017811 0.140077017667718 0.1485592387189 0.163760602843122 0.302465555988049 0.21700968931947 0.234944638470342 0.267066385794198 0.396963736246243 0.431173146398901 0.470876676411433 0.523226089689014 0.57785122703911 0.583118962674151 -0.0172522755559189 0.645341138630039 0.652435406377705 0.673527041780297 0.66749639688323 0.837049594668565 0.909598051267865 1.03034859671053 1.15892989999293 1.29627723090637 1.32629346895975 1.32780335775744 1.31232846727273 1.33340286384729
0.258893730312819 0.272391070586053 0.269653598668224 0.291995443307577 0.313953996849426 0.319636032821027 0.338762686680634 0.359232874562088 0.351878101829714 0.344090701550259 0.328312920336109 0.296346860770055 0.291382770527214 0.425533012557495 0.408960546667622 0.252447481954093 0.254707203400258 0.252997545466812 0.254204495890218 0.260055792765008 0.147554761824835 0.115097735493686 0.104661266987879 0.225210365975579 0.248993041500617 0.127346251058377 0.130828920369281 0.105102873066808 0.107653019739438 0.116562659395182 0.255602820702516 0.274831517819831 0.181320412675825 0.215212425783978 0.377903561031707 0.433949542149162 0.477004555114309 0.528731347313669 -0.0166659845784156 -0.0225105500874146 0.60423356937122 0.61216571769 0.631277215631137 0.645599051254254 0.666837135381233 0.717370864315348 0.780726115173634 0.981834324273789 1.05750504881174 1.14837642082336 1.19861993478355 1.24811762281717 1.25638219018728 1.26919848648204
