PCA_vs/Initial/pc_5.asc
NCOLS 197 
NROWS 210 
XLLCORNER 56.1666666666667 
YLLCORNER 4.5 
CELLSIZE 0.166666666666667 
NODATA_value -9999 
[rows 0 to 23 of 210, columns 54 to 107 of 197]
-9999 -9999 -9999 -9999 -9999 -9999 -9999 -9999 -9999 -9999 -9999 -9999 -9999 -9999 -9999 -9999 -9999 -9999 -9999 -9999 -9999 -9999 -9999 -9999 -9999 -9999 -9999 -9999 -9999 -9999 -9999 -9999 -9999 -9999 -9999 -9999 -9999 -9999 -9999 -9999 -0.773536109917155 -0.801044112934057 -0.69600531060926 -0.683311936895547 -0.635639163484956 -0.590648632363338 -0.512375925381689 -0.4813281329811 -0.460500642943976 -0.324223463514164 -0.254519120067971 -9999 -9999 -9999
-9999 -9999 -9999 -9999 -9999 -9999 -9999 -9999 -9999 -9999 -9999 -9999 -9999 -9999 -9999 -9999 -9999 -9999 -9999 -9999 -9999 -9999 -9999 -9999 -9999 -9999 -9999 -9999 -9999 -9999 -9999 -9999 -9999 -9999 -1.06722986636387 -1.02479786804953 -0.939434997088337 -0.881307854113844 -0.819878337015686 -0.942350696222781 -0.931199559876093 -0.847558694922189 -0.776077217095808 -0.763910464677762 -0.703973090823386 -0.606079244653131 -0.511037158487398 -0.470441056194061 -0.455116582024879 -0.33848884494511 -0.262085765289393 -0.244303756847947 -0.0240187066944292 0.00386221815566634
-9999 -9999 -9999 -9999 -9999 -9999 -9999 -9999 -9999 -9999 -9999 -9999 -9999 -9999 -9999 -9999 -9999 -9999 -9999 -9999 -9999 -9999 -9999 -9999 -9999 -9999 -9999 -9999 -9999 -9999 -1.29304439106245 -1.25878225620102 -1.23161255862738 -1.16795941341882 -1.10601282198912 -1.02821182591085 -0.972924886488145 -0.993806050364651 -0.941904560026709 -0.885240362035202 -0.911493030830109 -0.875249272733369 -0.792764783795455 -0.795462092098813 -0.72137906929803 -0.628341733021234 -0.551173354681771 -0.502219112866457 -0.44208029859519 -0.330962557763287 -0.289218915803016 -0.205085329285894 -0.0829673811494331 -0.0678140565546678
-9999 -9999 -9999 -9999 -9999 -9999 -9999 -9999 -9999 -9999 -9999 -9999 -9999 -9999 -9999 -9999 -9999 -9999 -9999 -9999 -9999 -9999 -9999 -9999 -9999 -9999 -9999 -1.32822637101687 -1.34408981414752 -1.35614285508084 -1.31228668695098 -1.27284362052301 -1.18109690687497 -1.14293561503999 -1.10317146095001 -1.04718323285063 -1.05790044274726 -0.998478663753509 -0.954420690366141 -0.999102359243035 -0.960368380546937 -0.871084455301612 -0.883282714602052 -0.793223219791671 -0.708099311110703 -0.648882994545513 -0.555059753874201 -0.484683275802009 -0.427286327453939 -0.325323914621426 -0.268916496493604 -0.206336560507261 -0.0628251636254146 0.0362563141534502
-9999 -9999 -9999 -9999 -9999 -9999 -9999 -9999 -9999 -9999 -9999 -9999 -9999 -9999 -9999 -9999 -9999 -9999 -9999 -9999 -9999 -9999 -9999 -9999 -9999 -1.35808208749848 -1.37514813112387 -1.38901355507101 -1.37082923022492 -1.35646648409982 -1.36950081059932 -1.31962237256493 -1.26169867535081 -1.18059125206495 -1.0990512726862 -1.07884927244627 -0.990763083401133 -1.02239959459762 -0.996733754879747 -0.996835701086484 -0.988902793783609 -0.853482759540155 -0.907606981339205 -0.774158888461777 -0.688794275154796 -0.598626961790578 -0.539064181286235 -0.48860588670748 -0.424870944931886 -0.293132351794703 -0.243783762892503 -0.211402009456492 -0.0728858491667497 -0.0461643986925898
-9999 -9999 -9999 -9999 -9999 -9999 -9999 -9999 -9999 -9999 -9999 -9999 -9999 -9999 -9999 -9999 -9999 -9999 -9999 -9999 -9999 -9999 -9999 -1.31789002527628 -1.35294559868076 -1.37834985554947 -1.38077095128146 -1.39026459717441 -1.42674615669127 -1.409864953087 -1.35463176166913 -1.28534545941419 -1.19800252598314 -1.14984021365446 -1.11161955926118 -1.08068413009259 -1.05818602822445 -1.05320399900646 -0.989011623071787 -0.876640459768661 -0.852523195664361 -0.891878288969819 -0.783662440406474 -0.615735098764126 -0.687194906090291 -0.585879145377588 -0.541709323314804 -0.449733861567482 -0.380658283664582 -0.332021293924983 -0.227121852226465 -0.0848118421129365 -0.0618944522073433 0.0548098518740565
-9999 -9999 -9999 -9999 -9999 -9999 -9999 -9999 -9999 -9999 -9999 -9999 -9999 -9999 -9999 -9999 -9999 -9999 -9999 -9999 -9999 -1.36309340985872 -1.31042420117122 -1.31459324971718 -1.31723221705078 -1.34224474422159 -1.38437168385443 -1.38451329950139 -1.41996298306792 -1.42675637819849 -1.36698583705441 -1.24887639666135 -1.21530651343189 -1.2035626513857 -1.13586499993545 -1.05342991108777 -1.01341346276287 -0.976422821616044 -0.905110505892177 -0.891221289358749 -0.8543632825128 -0.815825607652786 -0.781486229160322 -0.683586646797454 -0.6056061124779 -0.543293754429775 -0.495717464208026 -0.426831181807073 -0.367173509191581 -0.305708238613079 -0.201011212901392 -0.179218857425456 -0.0597161534057004 0.0431022885694475
-9999 -9999 -9999 -9999 -9999 -9999 -9999 -9999 -9999 -9999 -9999 -9999 -9999 -9999 -9999 -9999 -9999 -9999 -9999 -1.23150122388342 -1.31085507283861 -1.3270700407173 -1.29789979597921 -1.35806773931094 -1.31769194740454 -1.33284704255775 -1.32346627897896 -1.36318195078709 -1.37653374133697 -1.40577763341865 -1.33412132266444 -1.2455113356438 -1.25165915609654 -1.14036290318802 -1.09011084528294 -1.05374921245926 -0.988145406461668 -0.916134372646979 -0.879082615659366 -0.874656179011383 -0.848514738858031 -0.804485257200675 -0.653982493452957 -0.604042675348636 -0.553464208184803 -0.498403176116086 -0.446431821372781 -0.394425498529517 -0.343753226083035 -0.322804702398698 -0.215612954689305 -0.0608070172184992 -0.0486685172753648 0.130681661586286
-9999 -9999 -9999 -9999 -9999 -9999 -9999 -9999 -9999 -9999 -9999 -9999 -9999 -9999 -9999 -9999 -9999 -9999 -1.16854746622219 -1.19936309714683 -1.24506905506769 -1.18605814200982 -1.23798305968008 -1.32757855724639 -1.32222108032431 -1.34322671251882 -1.35539882633767 -1.29092278404447 -1.3265672811119 -1.37011453341547 -1.3330043158362 -1.28287623795181 -1.1869881141099 -1.12234247109312 -1.07617909978007 -1.03677004297289 -0.949774265055991 -0.92637162971223 -0.873808964134364 -0.83877430370591 -0.745333705282731 -0.683166902318239 -0.639672207669605 -0.615244103341128 -0.545504848237094 -0.499330256662091 -0.430398404488812 -0.367115052834923 -0.322937947358684 -0.28178568782029 -0.0797221132680511 -0.0708214814280531 0.0271653371533702 -0.0401172231326088
-9999 -9999 -9999 -9999 -9999 -9999 -9999 -9999 -9999 -9999 -9999 -9999 -9999 -9999 -9999 -9999 -9999 -1.12386281564236 -1.12122225650328 -1.21193774671669 -1.17411883575855 -1.09800301037038 -1.18411885873435 -1.26609689718786 -1.27835896027664 -1.3367308070989 -1.30229572921584 -1.31310438004121 -1.32827044906867 -1.35399231092458 -1.28575317112907 -1.20651208871889 -1.16813226291559 -1.10219806045727 -1.06152955918931 -1.00760355672729 -0.962874223858103 -0.894241254397715 -0.837094627093336 -0.782838940647518 -0.721471656999428 -0.694309537164019 -0.630180924415296 -0.576438562051293 -0.522621472753074 -0.464609305492419 -0.402435971062081 -0.343506639664972 -0.297766339123798 -0.200292999496533 -0.0515069068159339 -0.036311641358729 -0.0313281109501692 -0.0221221173325597
-9999 -9999 -9999 -9999 -9999 -9999 -9999 -9999 -9999 -9999 -9999 -9999 -9999 -9999 -9999 -1.01669524959627 -1.0537319286773 -1.09086023128545 -1.10399251056682 -1.14299004399388 -1.12702124758505 -1.08017860635253 -1.13586737664898 -1.21710177624625 -1.23681672312621 -1.27292226612283 -1.26614648734787 -1.33724078108009 -1.32851391066184 -1.32536528427688 -1.30061551600373 -1.22176997388475 -1.14712205268438 -1.08689480867103 -1.04612730355365 -0.989511269313082 -0.937133041057353 -0.880972359125304 -0.812842022745992 -0.77273027152676 -0.700058746601306 -0.646644656055935 -0.574091460648691 -0.516491549776724 -0.458569378004574 -0.426300684334369 -0.364814940869196 -0.332348492490958 -0.310888864809224 -0.0702998809676373 -0.0553268979840937 -0.0483174786010474 -0.0174548291608881 0.00424767956080227
-9999 -9999 -9999 -9999 -9999 -9999 -9999 -9999 -9999 -9999 -9999 -9999 -9999 -9999 -0.983001710391224 -1.00911417524627 -1.04380674647031 -1.06700547608899 -1.09295430008308 -1.09466483261938 -1.10219921317963 -1.1062380470482 -1.14237003437201 -1.23104504331163 -1.25118699375604 -1.2332060142465 -1.2576318099742 -1.29951110505857 -1.34653328463267 -1.29307348489742 -1.26757169119178 -1.23572150858258 -1.15773092739018 -1.06582962464361 -1.02885857127388 -0.953398898773685 -0.900464012280048 -0.85435507715052 -0.798431542330499 -0.724535890266669 -0.673102422793301 -0.614937193519293 -0.559992097794086 -0.509368268575226 -0.434292364461033 -0.396174141709732 -0.34915676825747 -0.298405522084282 -0.263312409209628 -0.152413967815879 -0.0100848378110874 -0.00707532487541318 0.0135877451519826 0.0187521894433868
-9999 -9999 -9999 -9999 -9999 -9999 -9999 -9999 -9999 -9999 -9999 -9999 -9999 -0.979512296007384 -0.9953710784119 -1.02152153578113 -1.04901227357693 -1.06657710701463 -1.09612238227036 -1.10267601228089 -1.11440852660005 -1.13006971700513 -1.17694858263523 -1.22221719133936 -1.26086529415169 -1.23558033457436 -1.25356228667232 -1.3202840448569 -1.28161719514758 -1.28318969093931 -1.24246421385195 -1.18447567656133 -1.12710602417479 -1.06434230795841 -1.00522648267465 -0.932928191801923 -0.870138900724913 -0.821185691953973 -0.764903418811556 -0.694675964843104 -0.638592290189006 -0.582908423519373 -0.516111681419014 -0.458337063385164 -0.412046584751051 -0.362175342078116 -0.318520639253766 -0.28554677487228 -0.182631883589382 -0.0464471122992089 -0.01667165778371 0.00159484426868028 0.00982436289201041 0.0418987078158585
-9999 -9999 -9999 -9999 -9999 -9999 -9999 -9999 -9999 -9999 -9999 -9999 -1.05430723143922 -1.07903121322713 -1.02774352181456 -1.02960085487749 -1.05425767757546 -1.07733612082091 -1.0918595101526 -1.140303785233 -1.12908240641818 -1.148279433152 -1.16697580956493 -1.19923348161011 -1.23060356460437 -1.24397747785629 -1.26745915281084 -1.32585070927861 -1.26521744221249 -1.25859358315729 -1.24653065637205 -1.22354206704904 -1.16041037262338 -1.05885299812778 -0.989554047088886 -0.914653498693326 -0.849752850486214 -0.792444704536108 -0.73989970983285 -0.660672689896338 -0.600005764881767 -0.539765702867324 -0.482900944981623 -0.43376144135611 -0.374542124671321 -0.34393902283543 -0.299593292432996 -0.260016866900061 -0.147216737873435 -0.102595880768601 0.0339530338281278 0.0381776159588357 0.0629971203254479 0.0472909241134114
-9999 -9999 -9999 -9999 -9999 -9999 -9999 -9999 -9999 -9999 -9999 -1.11175895419409 -1.0992257318494 -1.1051927366524 -1.15058105809288 -1.07667729230415 -1.09589167560815 -1.11608310729345 -1.12407094992601 -1.15860283009159 -1.17419322109732 -1.21140881961557 -1.20611795709469 -1.20983280329939 -1.22871085796443 -1.23537294165685 -1.26814795859377 -1.3097868582101 -1.32582213753354 -1.2246710845535 -1.22373537816915 -1.18894251647448 -1.15683664960851 -1.08180661386604 -0.992500451411742 -0.917454561858954 -0.837953175964628 -0.772712385380976 -0.699983982432156 -0.620506169943542 -0.575413370089582 -0.504081046154432 -0.449050443138729 -0.39885771667896 -0.371370743791074 -0.329651055452016 -0.263408481756723 -0.153521486024817 -0.111560537963827 -0.0100702395862414 0.010037593898998 0.0258832958560225 0.0272412159054899 0.0437972099009448
-9999 -9999 -9999 -9999 -9999 -9999 -9999 -9999 -9999 -9999 -9999 -1.15472866315582 -1.16094282184371 -1.18716165676489 -1.16696874976811 -1.08966115184628 -1.10701785734605 -1.12192210128113 -1.14212598344719 -1.16161776260416 -1.19456690439869 -1.2226017006825 -1.24429744393999 -1.22142603055395 -1.22318142132102 -1.24551622568057 -1.25962706330914 -1.26585331753844 -1.27769079197809 -1.29323316045185 -1.18364789147508 -1.2407909978269 -1.16036664695018 -1.11932733412975 -1.00326183204165 -0.903946262521349 -0.787761194647504 -0.740468027779432 -0.68868134992986 -0.584397869289981 -0.522946288906339 -0.497682951207735 -0.463154491199214 -0.391124483380089 -0.327727398983634 -0.293906202596231 -0.18702227597451 -0.0532109752102148 -0.0143440015910251 -0.0391516603359562 0.0226691878715461 0.0576637076829819 0.0544112202818909 0.104015751865815
-9999 -9999 -9999 -9999 -9999 -9999 -9999 -9999 -9999 -9999 -1.14861873590543 -1.17377767496295 -1.18723029423153 -1.18118533356604 -1.09124188311703 -1.10158801651552 -1.12737870978323 -1.12836521508072 -1.15002938604596 -1.16001198663348 -1.1856999847223 -1.23602609705544 -1.27334142619205 -1.26090554693075 -1.21820139655086 -1.22048133645184 -1.23638754421889 -1.25727824577252 -1.27065564847697 -1.26233516597103 -1.23181652789876 -1.19381873752934 -1.1228990009412 -1.0767953543801 -1.05715171873175 -0.87375439123136 -0.761239984405422 -0.709847742078506 -0.679424681793878 -0.579434879213049 -0.545132633225564 -0.462311598785731 -0.380502036189548 -0.330154774653377 -0.32922497304208 -0.204706483299236 -0.0778332151953578 -0.0322190862186488 0.00120716612046036 0.0190149763882244 0.0465754041073901 0.0852379286384242 0.0777294502264898 0.0742257500571772
-9999 -9999 -9999 -9999 -9999 -9999 -9999 -9999 -9999 -1.0219140099202 -1.14933631342525 -1.06238929294576 -0.989485395666895 -0.970887626593451 -1.00646609777086 -1.07672700261147 -1.07946891174592 -1.10093277212552 -1.13341079302985 -1.14991112827088 -1.16326786461816 -1.20131362961986 -1.24319758242551 -1.19355587173334 -1.18002327974291 -1.19046644505902 -1.21629549599141 -1.22988796852869 -1.23557006639905 -1.23718624346392 -1.21253463369748 -1.15772352707357 -0.981207842310744 -1.06835549457594 -1.02864530063139 -0.842097531852027 -0.766934756056186 -0.715516570651122 -0.614153053147823 -0.560695130019033 -0.462964678967655 -0.375066881312843 -0.378467404845211 -0.384072016220816 -0.327829494010119 -0.0996097358572729 -0.080552190130835 -0.0249082560552237 -0.0139945760871985 -0.026088798350752 0.0367508074658615 0.00692656784309986 0.13691597641085 0.140588334676077
-9999 -9999 -9999 -9999 -9999 -9999 -9999 -9999 -9999 -1.13550394219676 -1.16685693870742 -0.978652818897487 -0.923395295793095 -0.916351563578153 -0.972770304157526 -1.03417684702531 -1.06804213087881 -1.02578226619126 -1.03213790045675 -1.11005898406191 -1.14121440402426 -1.1541985729053 -1.17056206606107 -1.12755008055353 -1.14633546497471 -1.16843400237972 -1.21069580085002 -1.25676076315288 -1.22501983379532 -1.21828085527114 -1.15914311491939 -1.09093739148147 -0.922317270898594 -1.05946242524174 -0.86050354310936 -0.760445402468325 -0.737395278239215 -0.660128339295002 -0.566770038306539 -0.464563832534801 -0.416744835292936 -0.438509965703318 -0.40534849961364 -0.223968226143505 -0.163127454534729 -0.0947815569824646 -0.0242706215990065 -0.0155712205131681 -0.036720678729108 -0.0328343846297861 0.0428420102958524 0.0146930469001597 0.104302006019829 0.214772248600808
-9999 -9999 -9999 -9999 -9999 -9999 -9999 -9999 -1.01888497429402 -1.03057833662697 -1.07055208655178 -1.03116850122324 -0.948675366467135 -0.928860897833991 -0.935388654581867 -0.971591253920849 -1.01864694957064 -0.988817564262245 -0.989347231553595 -1.04899948513878 -1.09689471123925 -1.13408992382073 -1.11658505741981 -1.10120491172465 -1.1144623389067 -1.24369301775554 -1.22434421643552 -1.2270248009173 -1.22994552040664 -1.20725039073087 -1.12541033752069 -0.897024384282541 -1.01192557688808 -1.01144282202739 -0.74706494701557 -0.741485924648902 -0.673567994569663 -0.602856466607082 -0.581582937582793 -0.509542625337884 -0.432144033420636 -0.471078452063281 -0.455569940769911 -0.1958245033863 -0.143169076414723 -0.075590901220218 -0.0496154873135241 -0.0151087670461112 -0.0199640959517258 -0.0337658281289836 0.0993029003625135 0.0515286088664931 0.165096650090816 0.194048369141346
-9999 -9999 -9999 -9999 -9999 -9999 -9999 -1.02299465065836 -1.01626464903345 -1.04057938594142 -1.02772616544857 -1.01814003744144 -0.954390125980498 -0.910752823195941 -0.900065056283952 -0.895441286969455 -0.897431859070681 -0.938983789297825 -0.942424231994827 -0.985157750956428 -1.08824813584278 -1.08667128701048 -1.03990719228813 -1.04978155306505 -1.09852884738396 -1.20554082346659 -1.14736572856379 -1.22525226239716 -1.22110817180765 -1.16425451668214 -1.14374533785858 -0.912297616233018 -0.993682245758631 -0.998503162521315 -0.89022786084877 -0.707114538457949 -0.65770269322785 -0.621881571532232 -0.609619773353551 -0.573952043744815 -0.442980381097152 -0.318435756517807 -0.159128362712002 -0.153732873734633 -0.0947543543238841 -0.0610911911125319 -0.0359335688824537 -0.0136802289790108 0.0264832709464777 0.0421477894401682 0.0663726560242938 0.14228663375768 0.0983804205932942 0.0812648335139102
-9999 -9999 -9999 -9999 -9999 -9999 -9999 -1.01589948027378 -1.01137645721108 -0.963375960813226 -0.93899329472365 -0.934059819660053 -0.94303820724863 -0.91872425027174 -0.867656795585078 -0.871611284364012 -0.876112520576263 -0.895715507011723 -0.913952393315039 -0.960491228764769 -1.06808559469526 -1.03257746921202 -1.02131633526788 -1.0438830416283 -1.1077436646635 -1.23192676635916 -1.16825397834589 -1.24398087722397 -1.16647839250315 -1.11868824966614 -1.02190164466223 -1.04986525116622 -1.02372248201398 -0.895595397003165 -0.894073741875535 -0.636283357776012 -0.774633847695406 -0.625594641330245 -0.520698015741279 -0.713420158208353 -0.373499850318103 -0.25565134144714 -0.143728281750559 -0.113548776317356 -0.0565035029713635 -0.0317854658222444 -0.00611884770381022 0.0431244771169255 0.0416305701307266 0.0288516126134727 0.173509622777279 0.185803371926031 0.198436315370764 0.165649566586223
-9999 -9999 -9999 -9999 -9999 -9999 -9999 -0.950887368707757 -0.949383837093088 -0.927693956706006 -0.955291086536642 -0.905019494709628 -0.889839889828192 -0.863946828086026 -0.834773585686621 -0.824857889188851 -0.845706433814732 -0.889029677885875 -0.974166972096149 -0.921065811262791 -0.932144257094045 -0.972728640853993 -0.976133824359149 -1.03180750374923 -1.10933753392711 -1.18813534978305 -1.25815500950108 -1.19655665540272 -1.14090802669761 -1.11900514502251 -1.04399702372891 -0.951397261516854 -0.897856544749828 -0.900438461362922 -0.695223728426608 -0.673414465808816 -0.707750356400128 -0.662824917369678 -0.612864420080131 -0.632806253281394 -0.335277659049039 -0.24947451578864 -0.136107850245966 -0.114849127023611 -0.0819279203394569 -0.0313107748034086 -0.0149028409481356 0.0315629227238084 0.144144313980799 0.099291821645005 0.12689891077443 0.155754700307883 0.126092020130213 0.190195101328619
-9999 -9999 -9999 -9999 -9999 -9999 -0.972443779720378 -0.977883009913091 -0.968108019937001 -0.94481291038277 -0.950437321156472 -0.926506816830431 -0.875627133096572 -0.880248047610359 -0.839615057553309 -0.814389938709786 -0.817494643505544 -0.928158241125219 -0.933027500483186 -0.911686751713494 -0.925916869642023 -0.933232986287103 -0.975999340126392 -1.04159506351118 -1.11091265004743 -1.2081043731169 -1.26853660686824 -1.2343906032614 -1.22647594687697 -1.11286619359654 -1.02895097335175 -1.01275948682678 -0.894968636451759 -0.818215572069403 -0.787072394415864 -0.697194565282813 -0.752966694294367 -0.579806712109349 -0.552770816458182 -0.737402431240313 -0.48598160734653 -0.232897621377722 -0.203548310429801 -0.145685702144278 -0.122998605203378 -0.0569692462384134 0.0546246445468897 0.12690157579508 0.127866388260358 0.0150902201842643 -0.027511609130017 -0.00825596745044542 0.00379164505859712 0.0604458244249027
