PCA_vs/Initial/pc_5.asc
NCOLS 197 
NROWS 210 
XLLCORNER 56.1666666666667 
YLLCORNER 4.5 
CELLSIZE 0.166666666666667 
NODATA_value -9999 
[rows 72 to 95 of 210, columns 0 to 53 of 197]
-9999 -0.253129763610629 -0.231614741027592 -0.243500756247994 -0.260279538123052 -0.294084669461544 -0.301395793289593 -0.343034345775609 -0.283957589496732 -0.327753052568127 -0.339617007327739 -0.286688988317843 -0.317504939396332 -0.335348361389859 -0.32291020403343 -0.372676776398939 -0.415386997177077 -0.450996741255474 -0.486761255933549 -0.517616518499916 -0.56604879837701 -0.624495382552207 -0.729364357459674 -0.792634696579698 -0.869743972353448 -0.926439609379104 -0.990834747328982 -1.05097956907795 -0.923352870639 -0.832938405481792 -0.778265352000725 -0.736347194129109 -0.793636491527338 -0.793020011197502 -0.777242506256992 -0.770917903707544 -0.775888315753553 -0.656478815795752 -0.656394602975315 -0.705650859444419 -0.712829213527861 -0.729559936447596 -0.744912788691163 -0.740305998689529 -0.743588580939461 -0.738062849067997 -0.73836124380312 -0.727693539594353 -0.737095841048573 -0.704749007945968 -0.670486557175023 -0.640049326869687 -0.658597863251634 -0.66839778150495
-9999 -0.209301888434388 -0.182785578685947 -0.194654812850217 -0.204619206238119 -0.234759229128923 -0.249678319212908 -0.267908700757197 -0.296821503699683 -0.297627619201651 -0.318735711040692 -0.312842037456969 -0.302620632209762 -0.280748019945321 -0.313043304274033 -0.361439194291001 -0.351192502912895 -0.389367997055327 -0.412348088873215 -0.451880344344271 -0.551700654925134 -0.610309813095302 -0.67436741487424 -0.741790991852798 -0.812533982056175 -0.894954033541534 -1.01129911285912 -1.06900318268776 -1.03588691373341 -0.872976123054642 -0.795037730864011 -0.761940774359091 -0.718595978641601 -0.745471666871363 -0.763159056566479 -0.785392529539019 -0.685771436212864 -0.676856523563625 -0.670430982479211 -0.660803093862833 -0.630927176639501 -0.636151314260956 -0.67231848498117 -0.71216999687019 -0.68752630097116 -0.668359318030834 -0.685096177293821 -0.690440759463829 -0.645659493167369 -0.628818649277679 -0.63755793147242 -0.629516806751808 -0.639883626925323 -0.612836598108091
-9999 -0.180376799024306 -0.198045541073974 -0.17332671286015 -0.150769051815411 -0.174859205211594 -0.202608061279097 -0.206447494862878 -0.284275921332583 -0.392624285412323 -0.370580473642476 -0.355244918771676 -0.325941733564668 -0.273117545605044 -0.296996470712759 -0.290899819148628 -0.338867322537216 -0.368641670242922 -0.389257677361453 -0.433371990590491 -0.494660997875393 -0.542631005488157 -0.606309625659654 -0.715201526419765 -0.79219619175096 -0.855726920662148 -0.934701631586483 -0.971713830312089 -0.858207099740403 -0.788938147952198 -0.758319373200198 -0.69061433497556 -0.730931627192897 -0.737354330416263 -0.723063837219037 -0.730556843319578 -0.659241811516653 -0.675141179144244 -0.662510857272729 -0.668036909393655 -0.701612847446026 -0.683172531199336 -0.711733730454865 -0.686872024001121 -0.678597927546882 -0.661049986435375 -0.648050452580391 -0.623883649126996 -0.604957853374923 -0.620230005160852 -0.598267686534925 -0.580196563366089 -0.588013322922404 -0.59370366467182
-9999 -0.184778666896525 -9999 -9999 -0.136612982217744 -0.135973034905038 -0.139447264195071 -0.16357862484333 -0.283218519543441 -0.398795894258837 -0.453172942349983 -0.360233289535977 -0.422108524983947 -0.325014346468117 -0.336357861267425 -0.32521256530627 -0.309145125707611 -0.340131096087478 -0.39875970299966 -0.43250652358937 -0.477293265580617 -0.525475161996386 -0.575474482694439 -0.633234323215062 -0.690966894551109 -0.697698647519189 -0.723893830881929 -0.721063045306868 -0.73076115809755 -0.702090788594952 -0.70470984213459 -0.671902102002458 -0.668300559324058 -0.591981271323505 -0.583564817532059 -0.597514592127806 -0.600650938140375 -0.617381093974829 -0.633922663947017 -0.637781927148636 -0.625900303596137 -0.651310382108086 -0.647417292029771 -0.6597313416518 -0.662055739397088 -0.649874444429811 -0.62951564297631 -0.596530155290231 -0.574061701753243 -0.552644320190611 -0.53298547978863 -0.539466336030205 -0.553871002893549 -0.548989750398706
-9999 -0.179413049790877 -9999 -9999 -9999 -0.101081419586983 -0.122547745333113 -0.13446920606546 -0.278244352851662 -0.426744656860436 -0.333820066494802 -0.314851442806355 -0.377326992124302 -0.363521108319085 -0.393968673172851 -0.341886260160321 -0.365270803167148 -0.333180841397756 -0.376616098304373 -0.455051375396537 -0.483517905486833 -0.491897890495985 -0.52700769396119 -0.568684885543541 -0.578628767021069 -0.588558506204011 -0.600746142352802 -0.593011836631409 -0.620998565519359 -0.63935935686209 -0.661531522817892 -0.660733407891173 -0.685228753135504 -0.573763267457425 -0.562097596355443 -0.605455301124181 -0.59999227055759 -0.576599418668923 -0.587787471620783 -0.607205958380126 -0.624517086382728 -0.610308501460964 -0.605279034538518 -0.609753268424214 -0.598036621253564 -0.58267469189273 -0.565225633066985 -0.562063076138288 -0.519502821012723 -0.503354779820891 -0.487395727241086 -0.476250692148892 -0.493167603581907 -0.498532404476315
-9999 -9999 -9999 -9999 -9999 -0.097754874393659 -0.10341087612543 -0.0947919411612911 -0.167603703118427 -0.341812507966378 -0.255123119315175 -0.267756002443365 -0.237227989691476 -0.254269009880554 -0.281916140559551 -0.265126791064241 -0.294377041423892 -0.319868441700096 -0.393604034282982 -0.398123560532001 -0.403054034925692 -0.451525814211185 -0.455698632494479 -0.470786159587622 -0.473586497932248 -0.487277595454585 -0.506828447636339 -0.557273304939099 -0.565093629807651 -0.557960744805237 -0.586244337488147 -0.597720805453028 -0.526640121279434 -0.523111425233263 -0.548459553415574 -0.554819138644085 -0.603938240559487 -0.622844315921177 -0.632467205584065 -0.631607789362735 -0.603115779097401 -0.586097375264631 -0.56627812770427 -0.564339579566821 -0.549280357955098 -0.549489487741784 -0.517766521466753 -0.484787198489736 -0.454584076168059 -0.455055945743054 -0.455464116518139 -0.436294170349229 -0.436674154547784 -0.469906786945959
-9999 -0.176066340094704 -0.162375834244039 -9999 -9999 -0.0634460893955144 -0.0563966428965151 -0.0485510719410151 -0.195261862724613 -0.18717252630716 -0.147906022022006 -0.152250128195024 -0.227702131575758 -0.185659458860559 -0.114785671121404 -0.140665505391055 -0.144365176235854 -0.171263588813544 -0.211310084362571 -0.240332391900303 -0.264991373524364 -0.346661398697052 -0.381095536696791 -0.347738179430426 -0.433414310698981 -0.408013428215915 -0.425739577713724 -0.449369966790974 -0.4666288257905 -0.473595156343368 -0.50936012658389 -0.516035844996834 -0.540819672148103 -0.486044563002633 -0.495539759139037 -0.525573436534423 -0.556011497078329 -0.548675321078727 -0.565587749778925 -0.588619942877014 -0.595434802610136 -0.609035607632508 -0.586035507359256 -0.548845860888627 -0.527752165948296 -0.503843060904421 -0.489037604011473 -0.444581429300673 -0.442465302736139 -0.403349553689574 -0.372558143989526 -0.370802288936557 -0.371337527081821 -0.157626027189784
-0.215204098439861 -0.205693935095238 -0.166258330443385 -9999 -9999 -0.0396792860691918 -0.0257038704445683 -0.0255355775205371 -0.0954097428845934 -0.023417668286535 -0.0892158511422212 -0.032180257236411 -0.111601368605028 -0.0320671117789923 -0.0458942385531081 -0.0658008827684863 -0.03732905953781 -0.0446467836394412 -0.0628543366705502 -0.0855058844084941 -0.0665141620951159 -0.0880536999587249 -0.164314439535698 -0.192568219338704 -0.219273660352566 -0.251232329574999 -0.268897578594472 -0.289516644916624 -0.349642877376925 -0.377300903096783 -0.392486132106094 -0.386309907856243 -0.446587260878851 -0.41318909570136 -0.445382697782425 -0.516262207539603 -0.500162236291632 -0.516311006211496 -0.526462905356015 -0.555502763644592 -0.58762942824071 -0.56342598914461 -0.538808049041067 -0.523592077913262 -0.491239327933836 -0.438031273215754 -0.420543850320374 -0.385895274853851 -0.348635358220325 -0.332649024232227 -0.329752938390788 -0.374049432517887 -0.108102981546836 -0.111946841019137
-0.278276863521016 -0.214370021896538 -9999 -9999 -9999 -9999 0.0400929301086948 0.0549298512197973 0.0249111201874244 0.103349930130295 0.0875002167149937 0.0187914219984639 -0.0578350814914703 -0.0320033953713509 0.0243169157819908 -0.00360036121580653 0.0415185340304825 0.0316944482608619 0.0205263495661916 0.00109595724108434 -0.00906122244041586 0.0159613522841423 0.00522977522186223 -0.0151367500308288 -0.0362999427495601 -0.0589034662851681 -0.117777909690657 -0.170771269470138 -0.18745494755054 -0.212558678018335 -0.235335150457586 -0.27553879173961 -0.306800526098406 -0.375349961270236 -0.356607345868854 -0.432370784030483 -0.451590008951668 -0.520779619414764 -0.554082848674559 -0.589829848501148 -0.618433163523106 -0.61036402119777 -0.560602317605819 -0.452742628406532 -0.38325204146651 -0.331376212249221 -0.329569637020818 -0.301406909393338 -0.327468625155339 -0.317251714985642 -0.30401275047311 -0.274536641330941 -0.0145167054823447 -0.0547740897586337
-0.291654121522388 -0.228949865461336 -9999 -9999 -9999 -9999 0.0672712655181433 0.106165305089289 0.123033559838853 0.13491519451078 0.139113704059803 0.174384600571802 0.154682706845683 0.1573140367681 0.123615722045128 0.115376909939825 0.111397396651228 0.0981790819371023 0.0831157254929698 0.140238306491652 0.134877980544115 0.103006232959931 0.100174339014946 0.0949216167953201 0.083147844628041 0.0600092651359612 0.0600058371789487 0.0428903066522833 0.0124393737029317 -0.0217397156721448 -0.0600700288767452 -0.113028151400904 -0.194571264950976 -0.235659739604246 -0.319226346493557 -0.301427203332721 -0.350164262362288 -0.438801494254542 -0.498773821286591 -0.512573467172213 -0.539920313396016 -0.554642393620145 -0.481009445451067 -0.338024843929216 -0.324193211182383 -0.285654404183391 -0.271683756512972 -0.196961913441647 -0.225705551238961 -0.221624316099996 -0.222502060644141 -0.221194642265854 0.00974138975639216 -0.0943034945823613
-9999 -0.152475734539256 -9999 -9999 -9999 -9999 0.0780372219975714 0.109334899069952 0.198814857368179 0.230458669744595 0.167601961331626 0.21176840392423 0.193649228475494 0.18943220606135 0.175514232014941 0.170080232480877 0.162131270706613 0.211742390081078 0.205678373059061 0.21451645612137 0.197700693217805 0.202385763373229 0.204179594287801 0.193621898407594 0.199301473286999 0.196065386881782 0.18022922784569 0.175143422333054 0.14423954267504 0.147891176683212 0.0581010360215403 0.0114130624531477 -0.0448194126210412 -0.125249892740017 -0.178396201276328 -0.233434246811803 -0.280576403285885 -0.298000803078712 -0.350190521863516 -0.388453350054136 -0.443849803848985 -0.410495689194065 -0.361276191703085 -0.263108070409128 -0.234485480353176 -0.197177128926566 -0.184829969410862 -0.157390322445371 -0.175818371244454 -0.15900255696618 -0.143053206378268 -0.140528517149396 -0.0115760811577752 -0.02600611756219
-9999 -0.0967161105874933 -9999 -9999 -9999 -9999 -9999 -9999 -9999 0.231658450256632 -9999 0.22737614890002 0.219377317461339 0.249286675583867 0.248719107822829 0.247716183511998 0.253168844562771 0.262179734909843 0.267048636367536 0.270633153805429 0.310567005585182 0.279867956333885 0.349353077785427 0.356394051098278 0.362878554055057 0.304902855263863 0.309477992504058 0.302063485161517 0.274568687293344 0.251394554914317 0.199258917087046 0.108999811208881 0.0638218063386372 0.0173914250969045 -0.0455845519517611 -0.0890148284134061 -0.166574239600504 -0.203065801146727 -0.219959964963845 -0.255959561180131 -0.261015186875881 -0.240316994100866 -0.169409065460591 -0.0995720107298353 -0.0983907333117071 -0.0751092281021105 -0.0646569277522413 -0.0609276244845197 -0.0649801079020373 -0.147788253313046 -0.0587415686081144 -0.131344687652912 0.0602961715023265 0.0679770068110535
-9999 -0.114247697151616 -9999 -9999 -9999 -9999 -9999 -9999 -9999 -9999 -9999 -9999 -9999 -9999 -9999 -9999 0.278332234416749 0.28360293012543 0.294130954619757 0.3028743719256 0.319996166108913 0.390439723464982 0.418289360505785 0.43057764604997 0.437503839284752 0.425631559558772 0.43650020841613 0.460166927479064 0.405096692684076 0.339715248263941 0.288466108553792 0.244064145688282 0.195590989736151 0.158901604882402 0.106163904102946 0.0206036662508643 -0.0284010513947043 -0.0582097251078283 -0.0943126396607017 -0.11185976263679 -0.112894386860432 -0.0674123213669533 0.016427113785775 0.0634639043766968 0.0697538545089533 0.0561721100610811 -0.0174490226397243 -0.0246409613316798 -0.0264957594012756 -0.0560821266008569 -0.0468550423478766 -0.0638744469961512 0.139901820856709 0.152834057979997
-9999 -0.103551458348015 -9999 -9999 -9999 -9999 -9999 -9999 -9999 -9999 -9999 -9999 -9999 -9999 -9999 -9999 -9999 -9999 -9999 -9999 -9999 -9999 -9999 -9999 -9999 0.454383050416435 0.452923447365456 0.465536746840869 0.439014141750269 0.399639223155925 0.364451377050717 0.319004724932084 0.282134190701354 0.251959374417146 0.205793808145174 0.151601502072092 0.0973907699452411 0.0632506854564559 0.029802185051553 0.0133070814902297 0.0209996442077123 0.042782124347002 0.129168015291865 0.183832187043099 0.165731607118797 -9999 -9999 0.0300522533029441 0.00257968876807074 0.0207407217196591 0.0226832581826155 0.0127973967883531 -0.0346430551366868 0.206616312907888
-9999 -0.0851711975810794 -9999 -9999 -9999 -9999 -9999 -9999 -9999 -9999 -9999 -9999 -9999 -9999 -9999 -9999 -9999 -9999 -9999 -9999 -9999 -9999 -9999 -9999 -9999 -9999 -9999 -9999 -9999 -9999 0.397274674295005 0.371920489464123 -9999 0.325870231724227 0.276059610812875 0.240710017209144 0.172190922373145 0.161931389371258 -9999 -9999 -9999 -9999 -9999 -9999 -9999 -9999 0.173420057519686 -9999 -9999 -9999 0.0643166601801463 -9999 -9999 -9999
-9999 -0.0578078876150283 -9999 -9999 -9999 -9999 -9999 -9999 -9999 -9999 -9999 -9999 -9999 -9999 -9999 -9999 -9999 -9999 -9999 -9999 -9999 -9999 -9999 -9999 -9999 -9999 -9999 -9999 -9999 -9999 -9999 -9999 -9999 -9999 -9999 -9999 -9999 -9999 -9999 -9999 -9999 -9999 -9999 -9999 -9999 -9999 -9999 -9999 -9999 -9999 -9999 -9999 -9999 -9999
-9999 -9999 -9999 -9999 -9999 -9999 -9999 -9999 -9999 -9999 -9999 -9999 -9999 -9999 -9999 -9999 -9999 -9999 -9999 -9999 -9999 -9999 -9999 -9999 -9999 -9999 -9999 -9999 -9999 -9999 -9999 -9999 -9999 -9999 -9999 -9999 -9999 -9999 -9999 -9999 -9999 -9999 -9999 -9999 -9999 -9999 -9999 -9999 -9999 -9999 -9999 -9999 -9999 -9999
-9999 -9999 -0.00597614728572177 -9999 -9999 -9999 -9999 -9999 -9999 -9999 -9999 -9999 -9999 -9999 -9999 -9999 -9999 -9999 -9999 -9999 -9999 -9999 -9999 -9999 -9999 -9999 -9999 -9999 -9999 -9999 -9999 -9999 -9999 -9999 -9999 -9999 -9999 -9999 -9999 -9999 -9999 -9999 -9999 -9999 -9999 -9999 -9999 -9999 -9999 -9999 -9999 -9999 -9999 -9999
-9999 -9999 -0.00639075838452302 0.00102245798957504 -9999 -9999 -9999 -9999 -9999 -9999 -9999 -9999 -9999 -9999 -9999 -9999 -9999 -9999 -9999 -9999 -9999 -9999 -9999 -9999 -9999 -9999 -9999 -9999 -9999 -9999 -9999 -9999 -9999 -9999 -9999 -9999 -9999 -9999 -9999 -9999 -9999 -9999 -9999 -9999 -9999 -9999 -9999 -9999 -9999 -9999 -9999 -9999 -9999 -9999
-9999 -9999 -9999 0.0229980276781815 0.0320126670352575 -9999 -9999 -9999 -9999 -9999 -9999 -9999 -9999 -9999 -9999 -9999 -9999 -9999 -9999 -9999 -9999 -9999 -9999 -9999 -9999 -9999 -9999 -9999 -9999 -9999 -9999 -9999 -9999 -9999 -9999 -9999 -9999 -9999 -9999 -9999 -9999 -9999 -9999 -9999 -9999 -9999 -9999 -9999 -9999 -9999 -9999 -9999 -9999 -9999
-9999 -9999 -9999 0.0425088296627061 0.0510615946006293 0.135897910886046 -9999 -9999 -9999 -9999 -9999 -9999 -9999 -9999 -9999 -9999 -9999 -9999 -9999 -9999 -9999 -9999 -9999 -9999 -9999 -9999 -9999 -9999 -9999 -9999 -9999 -9999 -9999 -9999 -9999 -9999 -9999 -9999 -9999 -9999 -9999 -9999 -9999 -9999 -9999 -9999 -9999 -9999 -9999 -9999 -9999 -9999 -9999 -9999
-9999 -9999 -9999 -9999 0.0679127829536567 0.0727984898976214 0.0425825582098099 0.0578938103093932 -9999 -9999 -9999 -9999 -9999 -9999 -9999 -9999 -9999 -9999 -9999 -9999 -9999 -9999 -9999 -9999 -9999 -9999 -9999 -9999 -9999 -9999 -9999 -9999 -9999 -9999 -9999 -9999 -9999 -9999 -9999 -9999 -9999 -9999 -9999 -9999 -9999 -9999 -9999 -9999 -9999 -9999 -9999 -9999 -9999 -9999
-9999 -9999 -9999 -9999 0.149496543691798 0.171619154220624 0.15975162442849 0.0723117973409551 0.0727812743143729 0.152453949533382 0.167775575668701 0.186918057914271 0.212799031330944 -9999 -9999 -9999 -9999 -9999 -9999 -9999 -9999 -9999 -9999 -9999 -9999 -9999 -9999 -9999 -9999 -9999 -9999 -9999 -9999 -9999 -9999 -9999 -9999 -9999 -9999 -9999 -9999 -9999 -9999 -9999 -9999 -9999 -9999 -9999 -9999 -9999 -9999 -9999 -9999 -9999
-9999 -9999 -9999 -9999 -9999 0.181923062286278 0.176255576392229 0.200103882838395 0.152730516617501 0.15882779084501 0.173063977717847 0.158138977351272 0.231131787071123 0.316232247227081 0.35754671063687 0.433447336440083 -9999 -9999 -9999 -9999 -9999 -9999 -9999 -9999 -9999 -9999 -9999 -9999 -9999 -9999 -9999 -9999 -9999 -9999 -9999 -9999 -9999 -9999 -9999 -9999 -9999 -9999 -9999 -9999 -9999 -9999 -9999 -9999 -9999 -9999 -9999 -9999 -9999 -9999
