PCA_vs/Initial/pc_5.asc
NCOLS 197 
NROWS 210 
XLLCORNER 56.1666666666667 
YLLCORNER 4.5 
CELLSIZE 0.166666666666667 
NODATA_value -9999 
[rows 24 to 47 of 210, columns 108 to 161 of 197]
-0.0449173050444168 -0.0332845293127292 0.0678428782167408 0.100085715496478 0.0867019560338641 0.191356514956562 0.187998521081278 -0.0791192263267063 -0.136500925224923 -0.328777699237056 0.106567684698519 0.0828594228315878 0.388987409831861 -0.00523447493199081 0.3253606644485 0.371966042319813 0.614324799019254 0.559245039825063 0.736218019091168 0.715941244908345 0.650100299392884 0.645086438711211 0.621589890595129 0.615774254998309 0.588361788565273 0.61389259182827 0.610173954753433 0.550891296500376 0.505203500005488 0.498647111008177 0.489718126514771 0.511747748234116 0.46931303494826 0.555078965049625 0.524177219039695 0.600077266657913 -9999 -9999 -9999 -9999 -9999 -9999 -9999 -9999 -9999 -9999 -9999 -9999 -9999 -9999 -9999 -9999 -9999 -9999
0.0993319202634562 0.210777763829016 0.312311009501827 0.0966220673580319 0.0426400377069817 0.168348443580797 0.198271278229279 0.146419566512889 -0.147163945598576 -0.0435337368088212 -0.31473060670306 -0.0808925455869681 -0.266769888725285 -0.56310575750847 -0.525829234823421 0.238948100094836 0.406661215778568 0.623196301730146 0.341053690003295 0.654033578737242 0.696768993540776 0.610366542771692 0.651048562701612 0.605404751398996 0.648569031590414 0.681469810625306 0.67344123865431 0.617928510150553 0.574396162431718 0.613130742709138 0.527170074264297 0.529166149636665 0.4772827207757 0.437323094801636 0.484551061564097 0.542283831957114 0.49391554866767 -9999 -9999 -9999 -9999 -9999 -9999 -9999 -9999 -9999 -9999 -9999 -9999 -9999 -9999 -9999 -9999 -9999
0.238569847571659 0.273026361515531 0.260411437365682 0.0924253070225968 0.1493625205209 0.12378731327958 0.196493307423147 0.117049213116667 0.107029655273645 0.116655867928469 -0.119928940557085 -0.246040517980371 0.0767716091152362 -0.221213259667011 0.02584923705893 0.289450836967081 0.39835388338535 0.633397196955681 0.32631534764267 0.399941114836593 0.67659685743559 0.597456534656211 0.600978947145095 0.604310654825589 0.642234704745211 0.643200376988282 0.659059409485977 0.592225438210043 0.684331022104893 0.611285232031587 0.546130638585475 0.516936526036433 0.520781719577588 0.463085732005614 0.468694549932348 0.466925059448029 0.467966437424705 -9999 -9999 -9999 -9999 -9999 -9999 -9999 -9999 -9999 -9999 -9999 -9999 -9999 -9999 -9999 -9999 -9999
0.158323564848939 0.122465757440147 0.194387532957292 0.192929438243537 0.107953584650454 0.157583170193907 0.130057601228556 0.0886000028061039 0.160812968464216 0.208797426112284 0.154153383505446 -0.00252424206651436 -0.339183225505057 0.377316976413112 -0.284044918211441 -0.306895601348819 0.306585570571538 0.368302038367948 0.528173750526514 0.235403744441796 0.576673913989618 0.688581100145123 0.635985833488685 0.543364181314834 0.662644140119643 0.675227938229787 0.673085643511339 0.631198911753073 0.591907902187149 0.588760734340422 0.540961267179947 0.539664328945768 0.521086091527037 0.468806002716346 0.474089669731056 0.469949225847648 0.52306628185316 0.547412572351072 -9999 -9999 -9999 -9999 -9999 -9999 -9999 -9999 -9999 -9999 -9999 -9999 -9999 -9999 -9999 -9999
0.0269664260141191 -0.0317800902085485 0.0079739777783652 -0.0240294589993166 0.0371026403846682 0.0692903945222964 0.102905341463539 0.12686898349473 0.141167402532208 0.0709882200471119 0.150979212449099 -0.151065988469088 -0.396433991162676 0.357492632489408 0.402232371821611 0.362277449585866 0.237284629170991 0.202707138781751 0.0515805709407784 0.330173769754253 0.199292163061174 0.701007126776022 0.670583333945615 0.545047355316321 0.576974710087746 0.589116319702228 0.639495286232526 0.621016035541446 0.596938811455667 0.605824167919244 0.558467681167624 0.536617881985683 0.53493961465307 0.558396776090907 0.600743300497818 0.54536653016912 0.557196369269056 0.57297046173295 -9999 -9999 -9999 -9999 -9999 -9999 -9999 -9999 -9999 -9999 -9999 -9999 -9999 -9999 -9999 -9999
-0.189322571493802 -0.182320290403516 0.0250929135314755 -0.00223344268761166 -0.045546391494837 -0.0337235766000641 0.0629964146354904 0.192370519369816 0.131124673249861 0.0883125621117289 -0.158705390946075 -0.415138495591945 -0.296195838610248 -0.35302529610632 -0.323472823970256 0.379929526920848 0.551664326908309 0.553672724294086 0.364838545791707 0.14367792982645 0.0354061750129551 0.408254392054967 0.6850118411866 0.679417628215711 0.546773440355739 0.678155539215764 0.589261792492315 0.585708509089095 0.603724672605845 0.655593301619169 0.574897486393084 0.563220938173776 0.601776777215341 0.587287725794933 0.565873928913712 0.519964392743649 0.503430222631936 0.479783376868395 0.528304935534169 -9999 -9999 -9999 -9999 -9999 -9999 -9999 -9999 -9999 -9999 -9999 -9999 -9999 -9999 -9999
-0.476701422229645 -0.462167763315655 -0.487772406955172 -0.190058062667384 0.0831662829345958 0.11576791114871 0.11109543838609 0.192575870762914 0.0864036980096652 0.0122462886646581 -0.134476014337693 -0.263122952495338 -0.283640755072705 -0.258821048387928 -0.310365923933567 -0.318321378743666 0.281936664583032 0.386106938104381 0.552224585335117 0.538359995145948 0.50913113724594 0.181001230693796 0.409751249474847 0.634205596741914 0.344717607962677 0.616355701911509 0.673074048848236 0.596281850067455 0.562762956271698 0.57606146903485 0.62290277898215 0.61187705504684 0.662441660019878 0.585003931047478 0.578014885495741 0.57683808212395 0.647846379976636 0.54069872575895 0.559406522196653 0.612923321939809 -9999 -9999 -9999 -9999 -9999 -9999 -9999 -9999 -9999 -9999 -9999 -9999 -9999 -9999
-0.283624392786437 -0.551993130806595 -0.551770729674824 -0.378952510709854 -0.373657650100198 -0.117504101329409 -0.0231919692094114 0.0777110087409053 0.166806022650839 0.237666114040882 -0.113438486866442 0.107385926363336 0.40327770185873 0.389473450804175 0.326451261112997 -0.190331331638336 -0.279450105233979 -0.287305673669106 -0.324630738393729 0.221253254830144 0.31529913393297 0.347354798292831 0.303706023831395 0.297611114955014 0.346894659069844 0.578355355025902 0.599628766472317 0.477679609680009 0.542336145378191 0.5522670559473 0.572913898368019 0.591800976185843 0.65830610128246 0.549878760731402 0.664760244590435 0.659304383742957 0.568410648858671 0.57344593451125 0.557646315336853 0.54082662222464 -9999 -9999 -9999 -9999 -9999 -9999 -9999 -9999 -9999 -9999 -9999 -9999 -9999 -9999
0.0595255905971758 -0.170128384503698 -0.359529710599979 -0.38373592690828 -0.418716292674272 -0.205187219650945 -0.091093269026952 0.0434668449988145 0.091575881018814 0.240797851110021 -0.0323731153224133 0.507777860009241 0.463055767699509 0.44661955745555 0.442104727645571 0.447200484459558 0.289100892181668 0.321493700728838 -0.254590937768351 0.169098036812127 -0.352249912083309 0.219523463521894 0.45863465650166 0.284574329377289 0.312163836617625 0.36572167002895 0.55435078266531 0.642957717437809 0.569798463290897 0.551368917738999 0.542084264899345 0.63513369101106 0.53757363351793 0.472153646982932 0.657344775487386 0.574714968676027 0.551806153985806 0.498422528723067 0.462523817095464 0.401556059952478 0.519601140112492 -9999 -9999 -9999 -9999 -9999 -9999 -9999 -9999 -9999 -9999 -9999 -9999 -9999
0.109580538914276 0.27219224189528 -0.157244951691217 -0.337855069707536 -0.335606148787298 -0.47781066542714 -0.517556252973836 0.0242052358903401 -0.0450534091467324 0.161103568376536 0.473069485193296 0.469350042218259 0.485289773674861 0.473224985020639 0.438907381545008 0.364157839085114 -0.107788046494212 -0.179296408254543 -0.218719101123361 0.299809687615468 0.307403403207134 0.0769972374142093 0.358164777782747 0.429676238491249 0.337845001399753 0.324651879460194 0.241010650776357 0.492747467498931 0.40795163472976 0.562457101533939 0.458914302987091 0.567881461569002 0.551583684510715 0.60056507418329 0.632262317418687 0.53953811732606 0.528160509130121 0.451158525598721 0.486523294498845 0.503475109567853 0.431191764804707 0.433568432977297 -9999 -9999 -9999 -9999 -9999 -9999 -9999 -9999 -9999 -9999 -9999 -9999
-0.0718247375405472 0.226832843467935 0.214185343676389 -0.240305315518743 -0.370564317016066 -0.387440185665549 -0.564262922410401 -0.373016492386347 -0.225802590812735 -0.163637105520212 -0.0563472191785176 0.505756948521892 0.545989656518879 0.445190990646399 0.435103237724626 -0.0244093220201538 -0.133374521758441 0.438042360814442 0.319894436301733 0.371344490374115 0.450769739898174 0.217733298722 0.203414643732706 0.439828471785571 0.529578151870872 0.412481765382064 0.349417813027176 0.229912240077807 0.237809579324036 0.277975245297634 0.226522574324488 0.249775217012874 0.22471369128691 0.504404621518687 0.338449000615704 0.44998564714134 0.388173807678767 0.356888989175338 0.400733964522533 0.490256844841717 0.495664137083237 0.474674063432584 0.488707442081747 -9999 -9999 -9999 -9999 -9999 -9999 -9999 -9999 -9999 -9999 -9999
-0.079810579834957 0.0706269162841721 0.511038686337947 0.120731886699514 -0.211450125335771 -0.370156659714491 -0.648288291646082 -0.409301652782324 -0.170238536819134 -0.476864926663298 -0.111530028068606 0.0902774439903933 0.478253759248621 0.502080179879606 0.470151952820766 -0.039387938925229 -0.113676740563584 0.345946528331864 0.432836367434944 0.344682061813412 0.453249261896405 0.365941216235462 0.411735248802397 0.278285674476473 0.490658633009096 0.548591854609699 0.364415309349175 0.22655637549936 0.264242445777352 0.344571056466354 0.32550666719354 0.262934764972085 0.221137797634012 0.115100408150685 0.257455689556151 0.325928339947977 0.324575587818478 0.337034383033267 0.302741927334127 0.414532833941128 0.464146243454188 0.434916098033588 0.388609972789817 0.429279431568364 -9999 -9999 -9999 -9999 -9999 -9999 -9999 -9999 -9999 -9999
0.0834345952601102 -0.0376051423642738 0.108488220884801 -0.0156199663779412 0.0131454428730137 -0.166504603210364 -0.453257301557456 -0.161438991679734 -0.579599475970612 -0.680952561368895 -0.459697807915902 -0.0869222749829844 -0.116489303428186 -0.0683540685193475 0.524073849971971 0.504579465798997 -0.0647089242997566 0.46907842567755 0.391214522446545 0.413733500667212 0.41093725939558 0.405215128534443 0.37423014587057 0.37754017711412 0.345409071425325 0.462280342222589 0.480599877835221 0.385760422503905 0.40726439477635 0.349975555876904 0.284067214710616 0.298240896518542 0.235744180946027 0.161432101551628 0.257053484462294 0.248604284669117 0.310639900136168 0.290185462763078 0.317681311547152 0.400062313256933 0.387969880206951 0.441555850279612 0.435700862678579 0.485433014262784 0.513666545668653 -9999 -9999 -9999 -9999 -9999 -9999 -9999 -9999 -9999
-0.0593751256167099 0.173040075693963 0.083491099444173 0.0751182878663503 -0.0252285079851746 -0.137345024589973 -0.548578394151669 -0.460548596853189 -0.39083653333476 -0.605910352990402 -0.325036252516048 -0.231363500815753 -0.21469495920631 0.0448538338753349 0.453022317418284 0.560441363148133 0.479472228772714 0.404223787620634 0.390526069519499 0.359209125924629 0.380156492797627 0.372174539256726 0.414893179186173 0.428853382925608 0.440666895047768 0.330946253641324 0.296647162257025 0.395730485034588 0.191801799137771 0.480852079710079 0.529121602345004 0.521074846855509 0.488451023510284 0.323910601890935 0.339466972369566 0.409736805466622 0.393600628073453 0.445117378145262 0.325548072518316 0.313021877238631 0.350085219433681 0.41949275649519 0.378418042555387 0.412485980995909 0.374281279022423 0.406656904999429 -9999 -9999 -9999 -9999 -9999 -9999 -9999 -9999
-0.0552766369730888 -0.0603314621316734 -0.0736572968626943 -0.139113553776659 -0.189624669630021 -0.0712431150057062 -0.141231172071028 -0.20620051681797 -0.520073828942373 -0.49980368035386 -0.454484965295417 -0.153363823073213 -0.0877006032372619 -0.204493871486742 0.0281228383663192 0.486895639144288 0.574141467049581 0.532270655467003 0.450406303798928 0.465188511583634 0.399471135267546 0.436871355570808 0.474815292981243 0.548907098576204 0.43654515003942 0.557229921015558 0.346284032606403 0.167254224508377 0.300218817430173 0.219214055767046 0.305001019932595 0.441720514393075 0.504147570013856 0.325522457165834 0.481986438585228 0.380285841166951 0.333047907086398 0.307488297938782 0.286703277261229 0.322758799742275 0.327989544400747 0.434210716239017 0.405702426627529 0.411184381219745 0.433198168008057 0.424480794835192 0.425259148476033 -9999 -9999 -9999 -9999 -9999 -9999 -9999
-0.0388880822418124 -0.0476281272938419 -0.0577270918642716 -0.113400698991563 -0.159437537640166 -0.225596552827173 -0.248624162827558 0.00549991417360762 0.238829310796788 0.157563797286993 0.157685262479987 0.159443491584456 0.20005858260528 -0.133518253882612 0.00729947972797337 0.483835571072806 0.465953461131568 0.574017306058641 0.555886138868322 0.498864963757373 0.400096584733235 0.467036420301555 0.49894616554505 0.481917749527064 0.400552729950656 0.49537283536229 0.447883874936751 0.36365720478784 0.195910211919723 0.397882884581064 0.156083652097936 0.246068954521428 0.290756858174779 0.264479349658722 0.446329664692566 0.522160500360644 0.585613450545903 0.434537565920672 0.38091915656468 0.43549716709678 0.52064956182182 0.523268469171693 0.416673565088787 0.411967014765389 0.444935543663298 0.41817303127969 0.420506237778894 0.420048329022524 -9999 -9999 -9999 -9999 -9999 -9999
-0.0410229838005962 -0.0411489981816336 -0.0457817671746868 -0.0418286586606908 -0.0753159138930165 -0.136912162887348 -0.128795593707831 -0.218063222594955 0.228985517638097 0.316643157842749 0.347132421636191 -0.138752794395747 0.272157149538005 0.315176750313918 0.0138180048245262 -0.0114913949359537 0.516880200302136 0.496865786001049 0.42891351431181 0.561622120564219 0.563484906806255 0.498801387445118 0.507558970364707 0.491620399408672 0.440953529107248 0.3695131848685 0.329469256577562 0.515413690196943 0.235215255969225 0.359503235853491 0.463058882481392 0.286303225185248 0.309242495720377 0.299851372897422 0.387775705024963 0.444247841222803 0.541804111225694 0.554829304512887 0.414250019637382 0.485583360251834 0.64690220737142 0.606853359262405 0.473070765712774 0.405292837973885 0.476775864837271 0.410027047946707 0.447584803317435 0.484842733300945 0.450345508573632 -9999 -9999 -9999 -9999 -9999
-0.0293180984399784 -0.037981537296931 -0.111339607552597 -0.0278913566497014 -0.0132761048520746 -0.0477603280395386 -0.0554474970097558 -0.0660524061393071 -0.06874079405855 -0.0694724447136065 -0.0190202346652162 0.0577953290322469 0.610760864217932 0.413948624127127 0.416085409354475 0.434090712396812 0.0368457511229463 0.00501524043024723 0.416728844487458 0.599460698833615 0.555164200885423 0.579370544574231 0.595365948577222 0.565052089835166 0.562784481655738 0.523588749571276 0.37227662121851 0.494881617667033 0.399597936373115 0.478520012353097 0.590778868489324 0.540185861625179 0.294338693657804 0.267532173052324 0.325618405288485 0.3608647885211 0.352283662162237 0.343880240466541 0.420783052885377 0.478339091886189 0.489839895162585 0.527022585663751 0.496677499350069 0.503069987538252 0.458971183874657 0.497150350424534 0.454601039605153 0.475712818256865 0.451445791562424 -9999 -9999 -9999 -9999 -9999
-0.0323072073847787 -0.0614518537675664 -0.171066294813849 -0.0887162156899486 0.00585789755408 0.0245791114910907 -0.0163774864340348 -0.0378868661493544 -0.0290924683140176 -0.0274798561070184 0.109750570781845 0.237769616905515 0.830969714400456 0.717971362980459 0.467611280686797 0.391180810990025 0.394980639406855 0.0409602866432339 0.0242952486373835 0.589329660440366 0.494783061173235 0.509751881357285 0.408807485198464 0.557174358772703 0.624527654369514 0.559271194681574 0.400977931827462 0.42722200170271 0.584110543173137 0.564790665461103 0.456667204430253 0.53170852912031 0.53708891019113 0.320209474859156 0.320160012994733 0.317274526556357 0.391729437536221 0.430026207539315 0.48745773049989 0.455849164868371 0.455595127947179 0.471629253765377 0.49532641930465 0.546169580960836 0.552141874821038 0.541580178989369 0.484340619111549 0.516475147784534 0.582007212537556 0.565418487743604 -9999 -9999 -9999 -9999
-0.0179859325681186 -0.050406696577928 -0.0727423744531084 -0.00996916359479964 0.0599806627794301 0.067702688341601 0.0391148979342143 -0.00195772472824068 -0.0209203069463112 -0.0214940483437625 0.0713157820111168 0.329306231318065 0.479913484082593 1.02176631799566 0.529268487201202 0.433480084239223 0.471661401225714 0.413451464626528 0.391879428228837 0.497647892804412 0.556258430948734 0.680026522858962 0.502303900551383 0.353938757736959 0.483618017052617 0.577269776504995 0.491231016521868 0.298466624415693 0.532295284900521 0.50678788271429 0.338849120936066 0.403766727075736 0.480996989061187 0.578758513836311 0.344346745784944 0.474075297157792 0.564464756870235 0.486690547044042 0.537080038788697 0.468948669345547 0.488432056265463 0.507374313361219 0.500883913018182 0.566593517688452 0.563430402531422 0.555930835386943 0.530433006288194 0.520614723635649 0.513279473262314 0.536391825944885 -9999 -9999 -9999 -9999
0.0228591738915953 0.00702507588735501 -0.000944132991095366 0.0285124328075961 0.0628549180363756 0.0797145867519028 0.0640769488207981 0.0465371792235192 0.012454653135656 0.0300415785070063 0.117568118755146 0.210427781422659 0.39357315688874 0.577652420192056 0.555500314926812 0.488449754456106 0.619711126736855 0.678580642820586 0.517217340171086 0.489051097247063 0.594523864461076 0.708310433526779 0.551367691948698 0.376720225723686 0.325792994021476 0.362024340335427 0.211272848940162 0.47485588789562 0.656472830319118 0.441986226632684 0.3440852236977 0.362367867133405 0.386599534544876 0.571397607975376 0.577175759013182 0.399737446269494 0.573162346362198 0.613594293388026 0.591130302448407 0.556787988715586 0.488240392309715 0.529620651270764 0.549200016954969 0.583386479909958 0.593177153343228 0.534232209115508 0.531952787656714 0.554469529278088 0.575923112383172 0.624606922027691 0.614175583792739 -9999 -9999 -9999
0.0632854716640533 0.0588223504135748 0.0583129625959144 0.0791163753934531 0.0823632018760556 0.0934869308872105 0.101049390274336 0.0771051178746496 0.0677627287101242 0.116466805762112 0.206668644592502 0.319212413798714 0.35864177097618 0.506845964332188 0.500755735434417 0.502559393867807 0.589447135541103 0.583686077531795 0.508931825773022 0.505195247701519 0.550500737920044 0.625614716756658 0.655121822746338 0.511901919698049 0.557684383983885 0.563901594630903 0.211702673539482 0.627564327936177 0.524261286672038 0.509376421334362 0.383563580152321 0.337815901532214 0.35816350342676 0.46026869241314 0.687570814995482 0.537250989196838 0.516523753526013 0.677530808915949 0.661539678877695 0.59397621049043 0.557051438112822 0.566756571894923 0.598659358932828 0.589112972043893 0.61799122551567 0.595880666146162 0.590778914052724 0.566721937184572 0.604150399586498 0.631563944770404 0.69351076623399 -9999 -9999 -9999
0.105897956770392 0.106316136640254 0.110711198521245 0.101373879571209 0.101829706221092 0.104478585005762 0.1034488514603 0.10143528143554 0.106137966963105 0.140008974871962 0.261382333509825 0.40664555962827 0.411549079590218 0.401791868948566 0.577683386704651 0.648344140437353 0.545329874945401 0.742659665068473 0.653671299376924 0.884208751182522 0.524922235009076 0.61259935307387 0.587581847441585 0.606452980677088 0.507355835530966 0.260356644691626 -0.0967811886609035 0.431258995325765 0.26463463157764 0.415732437292092 0.36126826874652 0.35616078085384 0.35064320118197 0.43923232836286 0.606875710561475 0.674441038570363 0.524879076643622 0.598835755196449 0.745119030942491 0.695857959832385 0.639518791782522 0.622116566501185 0.640461957390799 0.683567752686266 0.650501322233735 0.629228090813473 0.641135553520548 0.642887166611488 0.663911215622231 0.65190032139829 0.680451022252042 0.675978905116762 -9999 -9999
0.132229814340669 0.146468833704261 0.130302766292289 0.106775952906741 0.0918416401142323 0.100173797057485 0.116662154802224 0.121140285747578 0.1229096507832 0.152790977224232 0.216121394794932 0.287336484948407 0.33048807049001 0.430702632529199 0.513447920757099 0.628616745840768 0.616525700477671 0.876536338456728 0.887758476084831 1.05300601519804 0.767378937536192 0.667851746773785 0.500484951148289 0.378069634328074 0.271375514881332 -0.0745332623840305 0.537416988915955 0.687234640629919 0.551914395718568 0.414148575667817 0.473455227335416 0.352305563842493 0.37936046630013 0.385576225130078 0.5198729103487 0.709907698885677 0.674004412663297 0.569078070337587 0.66702424994757 0.768211082164229 0.729505815425686 0.720912180433127 0.669775085230258 0.717603443535769 0.737167487332101 0.681540188840273 0.68594109563218 0.748075905948314 0.670924771305298 0.648582187155895 0.670008059152545 0.643308562035882 -9999 -9999
