KUENM_DEFAULT/G_variables/Set_1/se_asia/bio7_unc.asc
NCOLS 320 
NROWS 243 
XLLCORNER 44 
YLLCORNER -0.666666666666667 
CELLSIZE 0.166666666666667 
NODATA_value -9999 
[rows 36 to 71 of 243, columns 80 to 159 of 320]
419 415 410 406 402 397 393 390 390 390 385 384 382 381 381 382 381 383 387 388 389 392 391 391 393 395 395 395 395 396 398 400 403 409 412 419 425 431 437 441 446 451 454 457 458 458 459 458 457 457 459 464 464 463 470 470 470 472 460 445 448 428 430 425 417 423 423 418 409 421 401 387 383 372 363 347 336 336 329 323
419 415 410 405 401 396 391 389 387 386 387 384 383 383 381 381 382 384 387 390 392 393 394 395 395 397 397 398 399 399 401 403 405 407 416 420 422 423 428 435 444 448 452 454 456 456 456 456 449 446 450 461 458 456 462 466 468 456 452 460 445 426 436 428 427 426 423 420 414 411 412 405 380 365 363 353 345 346 337 330
417 413 409 405 399 395 390 388 385 384 384 386 385 387 383 385 384 384 389 392 394 395 396 397 398 399 399 401 402 403 403 403 405 409 412 411 414 422 433 434 439 445 451 452 454 453 451 453 449 449 442 459 455 450 463 468 469 462 463 454 450 435 433 424 433 432 427 426 421 422 415 387 388 374 365 359 355 347 346 345
416 413 407 403 398 393 390 387 385 383 382 385 387 388 386 386 385 385 388 393 394 396 398 399 400 401 402 404 405 406 406 406 408 409 411 412 416 419 420 426 434 442 447 450 451 449 445 448 442 435 442 452 445 455 463 461 463 465 457 451 456 449 443 448 447 441 433 426 422 417 400 382 384 375 368 360 351 349 349 348
414 410 405 400 396 392 389 388 388 386 382 385 387 386 383 383 384 385 388 393 395 397 400 401 403 403 404 406 409 408 408 410 409 412 414 416 414 418 427 429 437 442 445 445 440 434 433 448 434 426 439 439 449 456 461 463 467 458 458 457 463 457 459 461 455 445 431 423 420 410 395 387 381 372 365 359 354 352 353 353
409 407 402 399 394 390 387 385 386 382 380 380 381 386 388 384 384 385 388 393 398 401 401 403 406 409 410 411 412 411 412 412 412 412 413 414 416 423 429 434 437 437 439 437 427 428 438 440 421 419 432 446 444 453 457 462 462 449 460 471 462 464 468 469 457 444 433 427 415 403 397 391 382 375 369 361 356 355 356 358
406 403 400 396 392 388 386 383 382 380 385 388 386 385 387 388 384 385 388 394 399 402 405 406 407 412 416 416 416 421 419 417 415 414 414 415 417 421 424 430 432 432 432 424 421 426 432 433 418 421 432 426 434 445 456 457 453 451 464 470 469 473 476 469 457 446 437 426 409 404 396 389 377 368 357 358 355 354 358 362
404 399 396 394 390 387 385 384 382 380 381 381 386 386 384 385 384 385 387 394 399 403 405 405 409 416 420 424 427 425 423 420 418 416 416 417 419 420 423 425 426 429 424 420 418 422 424 421 413 418 415 417 433 448 449 456 460 463 466 467 470 469 467 463 454 444 434 422 413 406 395 386 373 363 360 360 358 353 359 364
403 397 393 392 388 385 385 384 383 383 384 383 382 384 385 384 384 385 388 389 397 402 406 407 412 417 422 426 432 427 423 416 416 417 417 417 418 418 418 420 424 423 419 417 416 416 414 414 421 419 420 429 440 446 450 452 456 460 462 464 465 460 460 456 448 438 429 419 412 403 394 383 374 372 366 366 365 364 369 368
397 392 389 388 385 384 383 382 381 380 381 383 386 387 383 384 385 386 388 390 393 400 405 409 412 417 422 426 429 426 425 423 422 421 420 419 418 417 417 419 419 418 416 416 415 414 414 418 424 425 428 430 434 436 441 446 454 458 460 459 457 456 452 446 438 430 422 412 406 400 394 386 382 380 373 370 371 373 373 372
394 387 386 384 382 382 382 381 381 380 380 383 385 385 384 383 386 386 388 390 393 399 403 408 411 416 419 424 426 426 425 424 424 422 420 420 418 417 417 417 416 415 415 414 413 413 415 416 420 420 419 421 425 429 437 443 449 454 454 451 450 447 441 436 430 425 417 410 404 395 392 390 385 382 380 374 377 378 377 374
388 384 383 382 380 380 379 379 380 380 381 382 382 384 385 384 384 386 386 388 392 397 400 405 409 413 417 420 423 425 425 424 424 422 421 420 419 417 417 416 415 414 414 413 412 414 416 419 418 417 416 417 419 426 431 435 442 446 444 443 441 439 434 429 425 419 413 407 401 392 387 389 387 380 378 368 377 380 378 377
381 381 382 379 378 377 377 377 378 380 380 381 381 381 385 385 383 384 385 387 390 393 398 401 405 410 414 418 422 423 424 424 424 423 422 421 419 417 417 416 415 414 413 412 413 413 414 415 415 416 415 415 416 420 426 431 433 437 435 434 434 430 427 423 418 413 408 402 397 390 384 380 383 379 370 362 377 382 382 380
377 380 379 377 376 375 375 375 376 378 378 381 382 378 380 381 381 382 384 387 388 391 394 397 400 405 411 416 419 422 423 423 423 423 421 420 419 417 417 416 416 414 414 413 413 413 413 414 413 415 414 410 412 415 417 422 426 427 427 427 424 422 418 415 411 406 402 397 393 387 381 378 378 375 362 355 373 381 385 383
374 375 375 374 373 373 373 372 374 376 375 376 377 378 379 380 381 382 383 384 387 388 390 393 396 402 409 414 418 420 422 422 422 421 420 419 419 418 417 417 416 415 414 413 413 413 413 413 413 412 410 407 409 411 414 415 418 419 419 417 415 412 409 406 402 398 396 391 387 382 377 378 379 370 362 360 368 382 387 387
371 372 372 371 371 370 370 372 372 373 373 373 374 377 378 380 383 381 382 383 384 386 387 389 392 399 408 414 418 420 421 421 421 421 420 420 418 418 417 416 416 415 414 412 412 412 412 412 410 410 408 407 407 407 408 409 411 411 410 409 406 403 400 398 394 392 387 384 381 378 376 379 374 366 361 362 365 382 389 390
370 368 367 367 367 366 367 369 370 372 373 373 372 376 377 378 379 380 381 381 383 384 386 388 391 399 411 418 419 419 420 419 420 419 418 418 418 418 417 417 416 415 414 413 413 412 411 410 410 408 407 405 404 403 402 403 404 404 402 399 397 394 391 390 387 384 382 380 377 374 375 376 368 364 362 367 368 382 390 394
375 366 362 362 362 361 363 366 368 369 372 371 371 373 376 377 378 378 380 381 382 384 386 388 393 400 410 419 419 418 418 418 418 418 417 417 417 416 416 416 416 414 414 413 412 412 412 411 410 408 406 404 403 401 399 399 398 396 394 392 389 387 384 383 381 380 377 375 375 375 376 371 366 361 365 366 364 378 388 395
385 368 361 360 360 359 360 360 365 366 368 369 371 373 375 375 377 378 379 381 381 384 387 389 393 400 407 413 416 416 415 416 417 417 416 416 416 416 416 416 415 414 414 414 412 412 412 411 409 408 406 404 401 399 396 394 392 390 387 383 381 379 377 376 374 374 375 375 375 373 370 369 367 365 368 368 358 380 387 394
392 372 360 358 359 359 359 358 360 363 366 367 369 372 373 375 376 377 378 379 381 384 387 389 394 399 404 409 412 414 414 415 415 416 416 415 415 416 415 415 415 414 414 414 413 412 411 410 410 408 405 403 401 397 393 390 388 385 379 377 374 373 370 369 367 366 365 367 367 369 371 371 368 369 369 370 367 380 385 391
388 370 358 356 356 357 356 356 358 360 365 366 369 371 373 374 377 376 376 377 380 382 386 390 393 398 402 405 409 411 412 413 413 414 414 414 414 414 415 414 414 414 414 414 413 413 412 411 409 407 406 404 401 396 391 389 386 380 373 370 368 366 365 362 362 361 365 369 371 373 373 371 369 367 365 366 364 376 383 389
396 378 364 356 353 355 355 356 356 358 364 366 368 370 372 374 375 374 375 376 378 381 386 388 392 396 399 403 405 407 410 411 411 412 412 413 413 413 414 413 414 414 413 413 412 412 411 411 410 407 406 404 401 396 390 386 378 371 365 365 363 365 364 361 358 358 366 371 371 373 375 371 368 364 360 364 358 378 383 389
393 389 373 360 352 351 353 354 354 355 363 365 368 369 371 373 374 373 374 375 377 380 385 388 391 394 398 400 402 405 407 407 409 409 410 411 411 412 412 413 413 413 413 412 412 412 411 411 410 407 406 405 401 392 388 382 373 365 362 359 361 376 379 379 373 360 363 375 378 378 376 371 368 360 363 366 361 380 387 387
387 391 380 364 354 350 351 352 352 353 353 357 360 363 367 371 372 372 373 373 375 380 383 386 389 393 395 398 400 403 404 405 407 408 408 410 410 410 410 410 411 412 412 412 412 411 410 410 409 408 407 404 398 389 386 379 372 364 359 361 366 384 393 391 389 374 371 375 377 369 367 364 363 367 365 360 370 385 387 386
388 385 380 369 354 350 349 349 350 351 353 356 359 361 366 370 371 371 371 372 372 375 380 385 387 390 393 396 398 400 401 403 404 405 407 406 406 407 408 408 408 410 410 410 411 411 410 409 408 407 406 405 397 390 385 374 369 361 358 364 391 391 397 398 394 390 378 373 371 370 369 369 371 369 369 363 383 387 387 386
381 377 378 370 360 355 350 349 350 350 351 354 357 360 363 369 371 369 369 370 370 372 373 380 386 389 392 394 395 397 399 400 401 402 403 403 402 404 404 405 406 405 406 407 410 410 409 408 408 407 407 405 400 390 381 371 366 359 357 369 389 399 402 402 399 392 381 374 372 371 373 370 370 372 370 371 386 388 386 385
382 377 372 369 368 363 353 352 351 350 351 352 355 357 361 366 369 368 369 369 369 370 373 375 381 386 389 391 393 394 396 397 398 399 401 401 401 401 401 401 402 402 405 408 409 408 407 407 406 406 405 404 395 384 375 371 362 357 356 357 382 399 400 399 397 392 386 378 372 372 372 369 372 372 372 376 386 387 386 385
378 379 374 367 363 364 355 354 352 351 350 351 354 357 360 363 367 367 368 368 368 369 372 377 378 384 387 388 390 391 392 393 393 396 398 400 400 401 401 402 403 405 407 407 408 407 406 405 405 404 403 399 386 380 371 366 359 355 357 355 386 397 397 396 394 391 382 374 370 371 369 368 370 372 373 380 386 386 385 384
377 379 370 369 362 360 358 355 353 351 350 350 353 356 358 363 367 367 368 367 367 369 371 378 379 382 385 387 389 389 390 391 390 393 396 397 399 400 401 402 404 405 406 406 405 404 404 403 402 400 397 391 383 372 368 361 353 352 352 362 390 395 394 392 389 387 383 379 377 374 370 370 373 373 374 384 387 387 386 383
358 360 357 369 369 362 359 354 352 350 349 349 352 356 358 361 366 366 367 367 366 367 371 376 379 383 383 385 387 388 389 389 390 391 393 394 396 398 399 401 402 404 404 404 402 401 398 397 395 398 396 385 375 368 364 355 347 352 367 373 390 393 391 388 385 383 380 376 369 369 369 374 376 378 382 386 387 387 386 384
354 342 342 359 371 366 359 355 351 348 347 348 351 354 357 361 364 365 367 366 365 364 367 371 376 380 382 384 385 386 387 387 387 388 390 391 394 395 397 399 401 401 401 400 398 393 392 393 397 397 393 379 370 366 361 352 351 348 359 377 391 390 387 384 382 379 377 374 373 374 374 377 377 380 384 386 387 387 386 384
349 338 331 340 355 367 360 355 351 346 345 347 350 352 356 360 364 365 367 367 366 363 360 368 373 378 381 382 383 384 384 384 385 386 387 389 390 393 394 396 396 394 393 395 395 393 395 396 396 394 389 374 366 363 354 348 354 352 363 381 390 387 384 381 378 375 372 371 371 372 374 376 378 382 385 387 386 387 385 384
333 329 324 328 338 349 357 355 350 346 345 347 349 352 356 360 362 364 366 366 368 366 368 371 374 371 377 380 380 381 382 382 382 383 385 386 387 389 391 392 392 393 394 393 393 394 394 393 393 392 383 367 365 360 353 360 359 356 365 381 386 386 382 379 375 371 367 366 368 370 372 375 378 382 384 386 385 385 384 382
318 318 318 322 327 334 339 343 346 345 346 349 351 351 355 360 361 364 364 365 367 368 369 371 373 367 371 375 378 378 380 381 381 382 383 384 385 386 387 388 389 389 390 391 390 391 391 390 390 384 377 366 364 357 356 358 352 358 362 374 385 384 381 377 373 369 364 363 364 366 368 372 376 380 384 386 386 384 382 379
314 318 314 312 315 320 323 327 333 343 344 347 352 351 354 357 358 362 360 363 365 367 367 369 370 367 362 370 372 375 377 378 380 381 382 382 382 384 385 385 387 387 387 387 388 387 387 386 384 374 370 361 361 358 359 359 361 359 366 369 381 383 380 376 373 368 364 362 361 363 366 370 374 379 384 386 384 382 379 377
303 305 305 304 307 309 312 316 321 327 333 336 340 346 351 355 357 361 361 360 364 364 365 365 365 366 364 365 364 369 372 376 377 379 380 380 381 382 382 383 384 384 384 383 384 383 383 380 373 366 367 360 358 357 356 358 350 361 358 367 371 383 380 376 373 369 365 361 359 359 363 367 372 376 381 383 381 379 376 373
