KUENM_DEFAULT/G_variables/Set_1/se_asia/bio7_unc.asc
NCOLS 320 
NROWS 243 
XLLCORNER 44 
YLLCORNER -0.666666666666667 
CELLSIZE 0.166666666666667 
NODATA_value -9999 
[rows 0 to 35 of 243, columns 0 to 79 of 320]
-9999.000000000000000 -9999 -9999 414 -9999 -9999 -9999 -9999 -9999 -9999 -9999 -9999 -9999 -9999 -9999 -9999 -9999 -9999 -9999 -9999 -9999 -9999 -9999 -9999 -9999 -9999 -9999 -9999 -9999 -9999 -9999 -9999 -9999 -9999 -9999 -9999 -9999 -9999 -9999 -9999 -9999 -9999 -9999 -9999 -9999 -9999 -9999 -9999 -9999 -9999 -9999 -9999 -9999 -9999 -9999 -9999 -9999 -9999 -9999 -9999 -9999 -9999 -9999 -9999 -9999 -9999 -9999 -9999 -9999 -9999 -9999 -9999 -9999 -9999 -9999 -9999 -9999 -9999 -9999 -9999
-9999 -9999 -9999 389 411 -9999 -9999 -9999 -9999 -9999 -9999 -9999 -9999 -9999 -9999 -9999 -9999 -9999 -9999 -9999 -9999 -9999 332 332 333 -9999 -9999 -9999 -9999 -9999 -9999 -9999 -9999 -9999 -9999 -9999 -9999 -9999 -9999 -9999 -9999 -9999 -9999 -9999 -9999 -9999 -9999 -9999 -9999 -9999 -9999 -9999 -9999 -9999 -9999 -9999 -9999 -9999 -9999 -9999 -9999 -9999 -9999 -9999 -9999 -9999 -9999 -9999 -9999 -9999 -9999 -9999 -9999 -9999 -9999 -9999 -9999 -9999 -9999 -9999
-9999 -9999 379 380 390 410 -9999 -9999 -9999 -9999 -9999 -9999 -9999 -9999 -9999 -9999 -9999 -9999 -9999 -9999 337 340 344 346 346 339 -9999 -9999 -9999 -9999 -9999 -9999 -9999 -9999 -9999 -9999 -9999 -9999 -9999 -9999 -9999 -9999 -9999 -9999 -9999 -9999 -9999 -9999 -9999 -9999 -9999 -9999 -9999 -9999 -9999 -9999 -9999 -9999 -9999 -9999 -9999 -9999 -9999 -9999 -9999 -9999 -9999 -9999 -9999 -9999 -9999 -9999 -9999 -9999 -9999 -9999 -9999 -9999 -9999 -9999
376 375 375 385 405 408 411 -9999 -9999 -9999 -9999 -9999 -9999 -9999 -9999 -9999 -9999 -9999 337 341 347 352 362 370 367 -9999 -9999 -9999 -9999 -9999 -9999 -9999 -9999 -9999 -9999 -9999 -9999 -9999 -9999 -9999 -9999 -9999 -9999 -9999 -9999 -9999 -9999 -9999 -9999 -9999 -9999 -9999 -9999 -9999 -9999 -9999 -9999 -9999 -9999 -9999 -9999 -9999 -9999 -9999 -9999 -9999 -9999 -9999 -9999 -9999 -9999 -9999 -9999 -9999 -9999 -9999 -9999 -9999 -9999 -9999
-9999 374 381 378 380 395 404 404 -9999 -9999 -9999 -9999 -9999 -9999 -9999 -9999 -9999 342 346 351 357 362 374 383 387 386 -9999 -9999 -9999 -9999 -9999 -9999 -9999 -9999 -9999 -9999 -9999 -9999 -9999 -9999 -9999 -9999 -9999 -9999 -9999 -9999 -9999 -9999 -9999 -9999 -9999 -9999 -9999 -9999 -9999 -9999 -9999 -9999 -9999 -9999 -9999 -9999 -9999 -9999 -9999 -9999 -9999 -9999 -9999 -9999 -9999 -9999 -9999 -9999 -9999 -9999 -9999 -9999 -9999 -9999
-9999 382 381 378 381 387 395 387 384 390 381 -9999 -9999 -9999 -9999 -9999 348 349 351 354 361 368 367 365 -9999 -9999 -9999 -9999 -9999 -9999 -9999 -9999 -9999 -9999 -9999 -9999 -9999 -9999 -9999 -9999 -9999 -9999 -9999 -9999 -9999 -9999 -9999 -9999 -9999 -9999 -9999 -9999 -9999 -9999 -9999 -9999 -9999 -9999 -9999 -9999 -9999 -9999 -9999 -9999 -9999 -9999 -9999 -9999 -9999 -9999 -9999 -9999 -9999 -9999 -9999 -9999 -9999 -9999 -9999 -9999
-9999 -9999 374 379 379 379 386 392 383 372 363 360 361 357 354 353 353 353 355 357 366 369 367 369 357 -9999 -9999 -9999 -9999 -9999 -9999 -9999 -9999 -9999 -9999 -9999 -9999 -9999 -9999 -9999 -9999 -9999 -9999 -9999 -9999 -9999 -9999 -9999 -9999 -9999 -9999 -9999 -9999 -9999 -9999 -9999 -9999 -9999 -9999 -9999 -9999 -9999 -9999 -9999 -9999 -9999 -9999 -9999 -9999 -9999 -9999 -9999 -9999 -9999 -9999 -9999 -9999 -9999 -9999 -9999
-9999 -9999 374 373 381 383 384 384 379 373 368 361 359 359 357 357 357 358 358 361 367 374 376 376 367 357 351 -9999 -9999 -9999 -9999 -9999 -9999 -9999 -9999 -9999 -9999 -9999 -9999 -9999 -9999 -9999 -9999 -9999 -9999 -9999 -9999 -9999 -9999 -9999 -9999 -9999 -9999 -9999 -9999 -9999 -9999 -9999 -9999 -9999 -9999 -9999 -9999 -9999 -9999 -9999 -9999 -9999 -9999 -9999 -9999 -9999 -9999 -9999 -9999 -9999 -9999 -9999 -9999 -9999
-9999 -9999 378 376 380 380 377 372 374 371 369 365 363 361 360 360 360 361 363 365 370 373 368 363 365 362 355 -9999 302 -9999 -9999 -9999 -9999 -9999 -9999 -9999 -9999 -9999 -9999 -9999 -9999 -9999 -9999 -9999 -9999 -9999 -9999 -9999 -9999 -9999 -9999 -9999 -9999 -9999 -9999 -9999 -9999 -9999 -9999 -9999 -9999 -9999 -9999 -9999 -9999 -9999 -9999 -9999 -9999 -9999 -9999 -9999 -9999 -9999 -9999 -9999 -9999 -9999 -9999 -9999
-9999 -9999 370 377 377 375 376 375 372 368 367 366 364 363 363 363 364 365 365 365 365 365 365 364 364 366 358 349 325 -9999 -9999 -9999 -9999 -9999 -9999 -9999 -9999 -9999 -9999 -9999 -9999 -9999 -9999 -9999 -9999 -9999 -9999 -9999 -9999 -9999 -9999 -9999 -9999 -9999 -9999 -9999 -9999 -9999 -9999 -9999 -9999 -9999 -9999 -9999 -9999 -9999 -9999 -9999 -9999 -9999 -9999 -9999 -9999 -9999 -9999 -9999 399 -9999 -9999 -9999
-9999 -9999 370 378 376 374 373 373 372 371 370 367 366 363 365 366 367 368 369 369 369 368 367 367 367 364 359 357 334 -9999 -9999 -9999 -9999 -9999 -9999 -9999 -9999 -9999 -9999 -9999 -9999 -9999 -9999 -9999 -9999 -9999 -9999 -9999 -9999 -9999 -9999 -9999 -9999 -9999 -9999 -9999 -9999 -9999 -9999 -9999 -9999 -9999 -9999 -9999 -9999 -9999 -9999 -9999 -9999 357 361 -9999 -9999 -9999 388 393 398 402 404 408
-9999 366 370 375 376 374 373 373 372 371 370 369 369 369 370 370 370 372 372 372 373 372 370 369 367 364 360 361 334 282 -9999 -9999 -9999 -9999 -9999 -9999 -9999 -9999 -9999 -9999 -9999 -9999 -9999 -9999 -9999 -9999 -9999 -9999 -9999 -9999 -9999 -9999 -9999 -9999 -9999 -9999 -9999 -9999 -9999 -9999 -9999 -9999 -9999 -9999 -9999 -9999 -9999 346 348 351 355 360 366 372 380 385 390 396 402 404
-9999 -9999 -9999 376 376 375 373 372 372 372 371 371 372 374 375 374 374 375 375 375 375 374 373 371 368 362 360 361 332 286 -9999 -9999 -9999 -9999 -9999 -9999 -9999 -9999 -9999 -9999 -9999 -9999 -9999 -9999 -9999 -9999 -9999 -9999 -9999 -9999 -9999 -9999 -9999 -9999 -9999 -9999 -9999 -9999 -9999 -9999 -9999 -9999 -9999 -9999 -9999 341 339 341 344 348 352 360 371 368 372 378 384 388 394 399
-9999 -9999 -9999 -9999 376 375 373 372 373 374 373 375 377 377 378 378 379 379 379 378 377 375 372 370 368 360 362 361 348 312 277 -9999 -9999 -9999 -9999 -9999 -9999 -9999 -9999 -9999 -9999 -9999 -9999 -9999 -9999 -9999 -9999 -9999 -9999 -9999 -9999 -9999 -9999 -9999 -9999 -9999 -9999 -9999 -9999 -9999 -9999 -9999 -9999 -9999 -9999 333 333 336 338 341 349 362 367 370 377 381 384 387 391 399
-9999 -9999 -9999 -9999 376 376 374 374 374 375 376 377 379 380 381 382 381 381 381 381 380 374 369 371 370 359 361 371 360 331 288 270 265 265 266 267 -9999 -9999 -9999 -9999 -9999 -9999 -9999 -9999 -9999 -9999 -9999 -9999 -9999 -9999 -9999 -9999 -9999 -9999 -9999 -9999 -9999 -9999 -9999 -9999 -9999 -9999 -9999 320 322 323 325 328 331 337 352 372 380 381 389 389 390 398 403 399
-9999 -9999 -9999 -9999 -9999 379 379 377 377 378 379 381 382 383 384 385 386 386 385 384 382 379 372 371 374 365 351 356 358 355 307 277 272 271 269 269 270 270 -9999 -9999 -9999 -9999 -9999 -9999 -9999 -9999 -9999 -9999 -9999 -9999 -9999 -9999 -9999 -9999 -9999 -9999 -9999 -9999 -9999 -9999 304 306 308 310 314 317 319 322 329 346 366 369 371 381 385 388 391 395 405 402
-9999 -9999 -9999 -9999 -9999 381 380 381 380 382 383 384 385 387 389 390 390 390 389 387 384 379 373 371 373 378 369 350 334 360 343 302 282 281 279 289 285 277 274 -9999 -9999 -9999 -9999 -9999 -9999 -9999 -9999 -9999 -9999 -9999 -9999 -9999 -9999 -9999 -9999 -9999 -9999 -9999 -9999 -9999 298 299 301 303 307 311 314 323 341 363 371 370 372 373 376 383 381 385 389 394
-9999 -9999 -9999 -9999 -9999 383 383 383 384 385 387 389 390 391 392 394 393 393 392 391 388 383 381 380 376 377 383 383 344 316 342 351 311 296 326 343 348 327 341 298 -9999 -9999 -9999 -9999 -9999 -9999 -9999 -9999 -9999 -9999 -9999 -9999 -9999 -9999 -9999 -9999 -9999 -9999 -9999 -9999 293 294 295 298 304 312 335 356 355 374 370 363 368 367 368 374 379 386 390 393
-9999 -9999 -9999 -9999 -9999 -9999 386 386 389 391 393 395 395 397 396 397 397 396 396 395 394 390 388 390 387 381 383 386 384 356 318 313 308 339 355 370 373 374 386 368 309 285 -9999 -9999 -9999 -9999 -9999 -9999 -9999 -9999 -9999 -9999 -9999 262 263 267 273 279 286 291 302 313 321 333 351 369 366 376 366 358 356 358 360 362 367 374 381 386 390 394
-9999 -9999 -9999 -9999 -9999 -9999 389 390 392 395 398 400 402 403 404 401 401 399 398 398 396 392 388 390 393 391 389 386 383 385 379 358 318 321 339 355 361 375 394 398 378 364 341 327 304 297 289 273 268 264 261 259 259 260 261 267 282 307 337 351 371 379 395 397 400 377 357 358 351 350 351 356 363 365 370 379 389 398 398 398
-9999 -9999 -9999 -9999 -9999 -9999 391 392 395 398 401 404 407 410 409 406 405 403 401 400 399 397 394 390 393 391 393 392 387 384 389 379 366 366 381 386 389 380 380 390 401 409 401 359 358 373 373 342 301 278 269 265 263 265 272 287 315 344 366 384 384 384 398 390 375 359 353 360 357 356 360 363 370 369 369 374 382 391 398 403
-9999 -9999 -9999 -9999 -9999 -9999 -9999 -9999 397 399 404 407 411 415 414 411 408 406 405 403 401 398 394 389 388 394 394 392 392 395 384 385 387 383 377 382 385 389 397 402 407 409 409 399 411 409 403 407 396 373 322 306 288 296 317 318 334 363 376 390 376 363 351 347 345 351 362 370 376 379 372 363 366 367 368 373 378 384 390 395
-9999 -9999 -9999 -9999 -9999 -9999 -9999 -9999 398 399 405 409 411 414 415 412 410 408 407 404 402 399 395 393 390 390 396 396 393 396 394 384 383 386 380 383 384 382 386 396 405 410 414 414 419 422 418 423 418 389 403 407 391 367 354 366 385 392 394 388 364 350 346 346 346 349 353 361 372 377 367 365 368 368 371 375 380 385 389 393
-9999 -9999 -9999 -9999 -9999 -9999 -9999 -9999 -9999 -9999 406 410 412 414 414 413 410 410 407 405 402 401 398 394 393 391 393 397 394 394 398 399 389 385 385 387 386 385 384 385 391 399 409 417 420 418 422 423 425 414 427 425 419 411 402 415 416 407 397 380 368 357 352 350 351 352 354 359 367 370 371 376 373 371 375 379 384 388 392 394
-9999 -9999 -9999 -9999 -9999 -9999 -9999 -9999 -9999 -9999 -9999 -9999 -9999 -9999 412 411 411 411 408 406 403 401 399 396 395 393 394 396 400 401 398 396 398 402 400 395 394 392 392 393 391 391 396 396 399 407 412 418 423 429 426 419 416 420 422 417 409 405 403 397 387 367 362 359 362 360 365 369 376 373 373 373 371 374 381 383 387 391 395 400
-9999 -9999 -9999 -9999 -9999 -9999 -9999 -9999 -9999 -9999 -9999 -9999 408 411 412 413 411 410 408 406 404 401 398 396 396 394 396 399 401 403 406 406 409 410 410 412 411 409 410 403 395 391 388 388 392 407 412 420 425 424 424 422 428 427 417 404 394 393 399 397 390 377 372 371 371 366 371 375 370 368 368 369 372 376 382 390 393 394 398 399
-9999 -9999 -9999 -9999 -9999 -9999 -9999 -9999 -9999 -9999 -9999 -9999 409 409 412 411 412 409 408 406 403 399 396 395 395 393 394 396 398 401 403 409 413 416 417 417 415 409 407 406 400 394 393 395 399 403 410 417 421 426 426 429 427 420 407 395 388 390 392 395 397 390 390 393 385 366 362 366 367 367 370 374 376 380 384 388 396 398 398 400
-9999 -9999 -9999 -9999 -9999 -9999 -9999 -9999 -9999 -9999 -9999 -9999 -9999 409 409 410 410 409 407 404 401 398 395 392 393 394 392 394 397 398 401 406 411 415 420 422 423 418 410 409 407 411 403 402 402 406 410 416 423 419 413 402 396 393 391 391 386 384 381 382 383 379 385 374 368 366 366 368 369 372 375 378 380 384 386 389 395 397 399 400
-9999 -9999 -9999 -9999 -9999 -9999 -9999 -9999 -9999 -9999 -9999 396 402 405 409 408 408 406 406 403 400 399 397 390 388 390 389 388 391 393 398 402 407 414 418 417 417 414 406 407 405 402 401 404 406 409 413 412 414 412 409 404 401 400 393 391 392 391 385 385 384 373 372 368 368 369 371 372 375 377 379 383 385 388 391 393 396 398 398 399
-9999 -9999 -9999 -9999 -9999 -9999 -9999 -9999 -9999 -9999 -9999 398 402 407 407 409 407 406 404 401 397 394 392 390 387 386 383 382 388 390 396 406 412 416 418 422 416 409 402 402 404 402 403 404 408 411 418 426 417 414 410 406 402 407 406 405 407 399 392 384 381 375 374 372 373 374 375 377 379 381 384 387 389 393 395 397 399 401 404 406
-9999 -9999 -9999 -9999 -9999 -9999 -9999 -9999 -9999 -9999 394 398 401 406 405 404 405 402 402 401 397 394 390 385 382 386 391 384 386 388 393 404 414 421 425 427 430 428 412 408 407 406 407 407 410 412 414 417 423 429 416 410 410 404 400 395 391 389 386 384 381 380 379 377 378 378 379 382 383 386 389 391 394 396 399 401 403 404 407 409
-9999 -9999 -9999 -9999 -9999 -9999 -9999 -9999 -9999 -9999 394 399 408 405 405 402 401 399 402 400 395 392 391 383 380 382 382 391 381 382 391 403 415 424 430 431 431 431 425 419 414 412 409 409 411 413 414 415 417 425 421 418 422 412 400 397 394 392 389 387 385 383 382 382 382 383 384 386 387 390 393 396 398 401 403 405 407 408 411 411
-9999 -9999 -9999 -9999 -9999 -9999 -9999 -9999 -9999 393 395 397 405 406 403 402 399 397 397 401 395 392 388 384 380 379 377 372 372 383 392 406 418 429 435 437 434 432 426 419 422 422 418 412 411 412 413 415 415 417 418 415 413 407 402 399 397 394 392 389 387 386 385 385 385 386 388 389 391 394 396 399 402 406 408 410 412 413 413 413
-9999 -9999 -9999 -9999 -9999 -9999 -9999 -9999 -9999 394 398 399 402 405 404 404 401 400 401 400 396 394 390 387 383 378 378 375 373 384 398 408 418 433 441 438 434 430 424 421 428 430 427 414 412 414 416 416 419 418 413 412 408 405 403 400 398 396 394 392 390 390 390 388 388 391 392 393 394 397 400 403 406 409 414 417 417 418 418 416
-9999 -9999 -9999 -9999 -9999 -9999 -9999 -9999 -9999 393 397 400 403 405 404 402 402 402 402 401 398 395 392 389 386 388 382 379 386 389 400 409 419 432 440 436 428 424 421 418 422 428 426 418 412 417 418 423 430 424 422 422 416 411 405 402 400 398 397 394 394 397 398 398 395 397 400 397 397 400 402 406 409 413 418 422 422 423 422 419
-9999 -9999 -9999 -9999 -9999 -9999 -9999 -9999 -9999 393 396 399 401 403 403 404 401 403 400 400 399 396 395 391 389 388 398 393 385 393 401 408 416 420 421 424 418 416 415 413 415 421 426 422 417 415 415 419 427 430 429 428 428 424 416 405 402 400 399 398 401 407 408 409 404 401 399 397 398 402 405 408 413 417 421 425 426 425 423 422
