KUENM_DEFAULT/G_variables/Set_1/se_asia/bio7_unc.asc
NCOLS 320 
NROWS 243 
XLLCORNER 44 
YLLCORNER -0.666666666666667 
CELLSIZE 0.166666666666667 
NODATA_value -9999 
[rows 36 to 71 of 243, columns 0 to 79 of 320]
-9999 -9999 -9999 -9999 -9999 -9999 -9999 -9999 -9999 -9999 393 399 402 403 405 402 401 403 399 399 398 398 396 394 392 390 391 392 391 394 401 405 410 413 412 410 406 404 404 408 413 415 422 429 427 424 418 415 416 418 419 417 418 423 419 413 412 405 403 400 400 402 403 402 400 399 399 400 401 404 406 410 415 420 423 427 429 431 424 421
-9999 -9999 -9999 -9999 -9999 -9999 -9999 -9999 -9999 -9999 -9999 394 397 400 404 406 401 401 401 402 401 399 398 396 396 395 395 394 396 397 400 404 406 406 405 400 393 394 395 400 406 412 419 425 431 434 427 420 414 412 412 411 411 411 411 414 417 411 407 403 402 402 402 403 404 402 401 402 404 404 407 411 417 422 424 427 429 433 427 420
-9999 -9999 -9999 -9999 -9999 -9999 -9999 -9999 -9999 -9999 -9999 -9999 396 397 402 406 405 401 401 400 401 400 400 398 399 399 400 398 399 400 401 404 402 400 399 398 391 383 388 401 411 414 416 418 424 431 434 427 422 416 414 412 412 410 409 412 420 421 417 410 404 411 414 415 414 409 399 399 402 404 407 413 418 422 424 427 428 429 427 420
-9999 -9999 -9999 -9999 -9999 -9999 -9999 -9999 -9999 -9999 -9999 -9999 -9999 394 399 402 403 405 404 400 400 402 400 401 401 401 401 401 400 401 403 406 407 400 396 399 395 399 399 400 408 409 411 414 417 421 425 428 429 428 424 428 425 421 414 409 411 414 417 413 407 405 401 399 402 408 404 400 402 406 408 413 417 420 422 424 424 423 423 420
-9999 -9999 -9999 -9999 -9999 -9999 -9999 -9999 -9999 -9999 -9999 -9999 389 391 393 396 400 401 403 404 402 401 401 403 404 404 403 403 403 402 402 403 409 401 400 405 401 403 407 408 406 407 411 412 413 415 418 424 427 431 430 431 431 429 422 412 408 407 409 411 409 405 399 397 400 406 408 404 406 409 408 411 415 418 420 422 422 420 417 415
-9999 -9999 -9999 -9999 -9999 -9999 -9999 -9999 -9999 -9999 -9999 -9999 -9999 -9999 -9999 392 398 399 400 403 403 403 403 402 403 405 405 404 404 403 403 402 402 400 402 407 408 402 403 412 413 413 413 414 412 412 413 416 420 427 434 432 429 425 422 414 409 405 405 410 406 400 397 396 399 406 405 408 412 415 410 408 413 416 418 418 418 418 416 412
-9999 -9999 -9999 -9999 -9999 -9999 -9999 -9999 -9999 -9999 -9999 -9999 -9999 -9999 -9999 -9999 390 393 395 398 402 402 401 403 401 404 403 404 405 405 404 402 402 400 400 409 409 411 405 406 411 414 414 415 415 410 411 413 413 418 422 427 431 428 421 414 408 405 403 406 403 404 401 402 398 398 399 404 405 409 407 408 410 413 414 415 414 413 412 410
-9999 -9999 -9999 -9999 -9999 -9999 -9999 -9999 -9999 -9999 -9999 -9999 -9999 -9999 -9999 -9999 -9999 -9999 393 394 395 398 399 399 400 402 403 405 406 406 405 403 406 410 404 412 415 411 409 414 415 415 416 413 410 411 410 410 412 413 414 417 421 424 423 414 408 405 402 401 401 402 406 417 406 398 404 406 406 408 405 404 406 409 409 412 411 410 408 407
-9999 -9999 -9999 -9999 -9999 -9999 -9999 -9999 -9999 -9999 -9999 -9999 -9999 -9999 -9999 -9999 -9999 -9999 -9999 -9999 394 394 397 398 399 400 400 402 405 404 404 405 404 403 402 405 414 413 416 416 417 418 416 414 412 411 412 413 411 411 412 412 414 415 417 413 412 409 404 401 402 407 417 423 413 401 408 404 403 405 403 401 403 405 407 407 407 405 405 404
-9999 -9999 -9999 -9999 -9999 -9999 -9999 -9999 -9999 -9999 -9999 -9999 -9999 -9999 -9999 -9999 -9999 -9999 -9999 -9999 -9999 394 395 396 398 398 399 400 399 402 402 403 405 404 402 407 411 414 418 416 419 420 423 418 413 413 413 413 411 411 412 411 411 411 416 418 418 423 412 403 401 403 411 417 413 398 397 400 411 410 407 401 401 402 403 403 403 401 401 400
-9999 -9999 -9999 -9999 -9999 -9999 -9999 -9999 -9999 -9999 -9999 -9999 -9999 -9999 -9999 -9999 -9999 -9999 -9999 -9999 -9999 -9999 393 394 396 396 397 398 398 398 402 405 404 403 402 407 409 416 414 415 419 420 422 421 422 416 416 414 416 412 411 410 409 409 414 422 422 420 415 403 400 401 405 419 421 403 395 396 408 411 409 404 406 401 399 399 398 398 396 396
-9999 -9999 -9999 -9999 -9999 -9999 -9999 -9999 -9999 -9999 -9999 -9999 -9999 -9999 -9999 -9999 -9999 -9999 -9999 -9999 -9999 -9999 389 391 393 394 394 396 396 396 399 402 404 403 402 401 405 412 419 413 419 422 421 422 423 421 417 417 419 411 409 409 408 409 413 419 424 424 421 410 403 400 400 404 412 408 395 394 400 404 409 406 407 405 397 396 393 391 390 389
-9999 -9999 -9999 -9999 -9999 -9999 -9999 -9999 -9999 -9999 -9999 -9999 -9999 -9999 -9999 -9999 -9999 -9999 -9999 -9999 -9999 -9999 -9999 386 388 390 392 393 394 394 395 399 400 402 401 401 404 407 410 413 413 419 424 421 422 424 423 418 418 416 414 409 409 409 410 412 418 421 428 422 417 408 402 400 402 401 395 393 395 403 412 416 408 406 399 393 390 388 385 382
-9999 -9999 -9999 -9999 -9999 -9999 -9999 -9999 -9999 -9999 -9999 -9999 -9999 -9999 -9999 -9999 -9999 -9999 -9999 -9999 -9999 -9999 -9999 382 384 386 388 390 392 391 392 392 394 396 397 398 411 406 400 404 405 414 414 417 421 422 425 422 418 418 415 410 410 409 407 407 409 412 422 425 428 417 405 400 401 407 403 393 392 396 406 410 411 411 402 395 394 396 392 379
-9999 -9999 -9999 -9999 -9999 -9999 -9999 -9999 -9999 -9999 -9999 -9999 -9999 -9999 -9999 -9999 -9999 -9999 -9999 -9999 -9999 -9999 376 377 379 381 385 387 388 388 387 388 386 390 391 394 401 413 411 405 408 416 415 419 422 421 424 423 420 419 418 414 411 409 409 404 404 405 410 415 418 420 413 403 403 402 404 397 392 392 399 406 404 408 405 398 391 389 386 375
-9999 -9999 -9999 -9999 -9999 -9999 -9999 -9999 -9999 -9999 -9999 -9999 -9999 -9999 -9999 -9999 -9999 -9999 -9999 -9999 -9999 -9999 369 371 374 377 380 383 385 384 383 382 381 382 385 392 401 405 403 409 410 412 414 408 415 415 418 422 422 422 417 414 416 409 404 403 402 401 401 408 412 411 410 407 407 400 400 404 395 394 395 396 401 404 413 406 391 388 383 373
-9999 -9999 -9999 -9999 -9999 -9999 -9999 -9999 -9999 -9999 -9999 -9999 -9999 -9999 -9999 -9999 -9999 -9999 -9999 -9999 -9999 -9999 365 366 369 372 376 378 379 379 378 377 377 378 378 386 397 402 402 396 405 410 411 407 416 413 417 419 418 418 418 416 413 412 404 401 399 399 398 402 411 410 410 405 402 401 395 394 391 394 400 392 395 400 403 406 396 390 395 377
-9999 -9999 -9999 -9999 -9999 -9999 -9999 -9999 -9999 -9999 -9999 -9999 -9999 -9999 -9999 -9999 -9999 -9999 -9999 -9999 -9999 -9999 -9999 -9999 365 370 373 375 375 375 374 373 372 373 374 379 387 390 386 389 398 405 410 402 414 417 415 416 417 415 417 418 414 411 411 404 398 397 396 397 401 403 403 402 400 399 393 392 392 389 392 398 392 394 395 401 400 397 396 382
-9999 -9999 -9999 -9999 -9999 -9999 -9999 -9999 -9999 -9999 -9999 -9999 -9999 -9999 -9999 -9999 -9999 -9999 -9999 -9999 -9999 -9999 -9999 -9999 362 369 372 373 372 372 370 369 368 367 368 372 376 378 382 382 386 402 410 405 402 412 416 413 411 415 415 415 421 418 416 413 410 401 397 395 394 397 400 404 406 403 397 392 389 389 388 389 395 395 393 391 398 401 397 392
-9999 -9999 -9999 -9999 -9999 -9999 -9999 -9999 -9999 -9999 -9999 -9999 -9999 -9999 -9999 -9999 -9999 -9999 -9999 -9999 -9999 -9999 -9999 -9999 364 372 372 371 369 367 367 364 362 361 361 364 370 369 374 377 385 394 399 400 404 402 410 406 406 409 408 413 412 411 410 413 413 409 403 398 394 393 398 404 409 408 402 399 396 387 386 386 389 398 398 393 390 392 404 398
-9999 -9999 -9999 -9999 -9999 -9999 -9999 -9999 -9999 -9999 -9999 -9999 -9999 -9999 -9999 -9999 -9999 -9999 -9999 -9999 -9999 -9999 -9999 -9999 -9999 375 371 368 366 364 -9999 -9999 357 356 355 356 358 362 364 370 378 388 385 385 387 400 404 411 404 404 409 407 410 409 407 405 409 411 406 399 394 391 391 396 400 402 402 405 402 393 384 383 385 386 390 396 394 388 390 392
-9999 -9999 -9999 -9999 -9999 -9999 -9999 -9999 -9999 -9999 -9999 -9999 -9999 -9999 -9999 -9999 -9999 -9999 -9999 -9999 -9999 -9999 -9999 -9999 -9999 -9999 366 364 362 359 -9999 354 352 349 348 348 349 350 356 358 366 368 374 377 380 384 396 403 402 396 396 400 404 406 402 399 401 405 407 404 396 388 387 388 390 393 394 398 397 391 389 387 386 385 385 385 389 386 385 389
-9999 -9999 -9999 -9999 -9999 -9999 -9999 -9999 -9999 -9999 -9999 -9999 -9999 -9999 -9999 -9999 -9999 -9999 -9999 -9999 -9999 -9999 -9999 -9999 -9999 -9999 -9999 360 356 354 -9999 -9999 -9999 343 -9999 -9999 -9999 337 341 353 357 363 370 378 380 382 387 389 394 395 388 389 392 397 394 397 399 399 401 403 398 390 385 384 384 386 387 387 387 389 393 393 391 390 388 388 385 384 384 384
-9999 -9999 -9999 -9999 -9999 -9999 -9999 -9999 -9999 -9999 -9999 -9999 -9999 -9999 -9999 -9999 -9999 -9999 -9999 -9999 -9999 -9999 -9999 -9999 -9999 -9999 -9999 -9999 -9999 -9999 -9999 -9999 -9999 -9999 -9999 -9999 -9999 329 328 334 343 351 362 374 377 380 391 389 390 393 386 384 384 387 392 393 393 397 397 397 394 389 385 383 383 382 382 383 383 386 392 395 393 391 386 385 386 385 389 393
-9999 -9999 -9999 -9999 -9999 -9999 -9999 -9999 -9999 -9999 -9999 -9999 -9999 -9999 -9999 -9999 -9999 -9999 -9999 -9999 -9999 -9999 -9999 -9999 -9999 -9999 -9999 -9999 -9999 -9999 -9999 -9999 -9999 -9999 -9999 -9999 -9999 -9999 321 319 326 333 342 355 371 375 377 389 387 391 385 385 384 381 383 383 384 384 384 386 390 386 384 383 385 381 379 378 378 379 382 385 388 390 392 384 383 384 384 385
-9999 -9999 -9999 -9999 -9999 -9999 -9999 -9999 -9999 -9999 -9999 -9999 -9999 -9999 -9999 -9999 -9999 -9999 -9999 -9999 -9999 -9999 -9999 -9999 -9999 -9999 -9999 -9999 -9999 -9999 -9999 -9999 -9999 -9999 -9999 -9999 -9999 -9999 -9999 306 307 313 320 337 356 371 371 376 387 381 379 375 379 380 379 379 380 382 382 382 380 386 383 385 382 380 377 373 373 373 374 378 383 387 391 388 388 387 386 387
-9999 -9999 -9999 -9999 -9999 -9999 -9999 -9999 -9999 -9999 -9999 -9999 -9999 -9999 -9999 -9999 -9999 -9999 -9999 -9999 -9999 -9999 -9999 -9999 -9999 -9999 -9999 -9999 -9999 -9999 -9999 -9999 -9999 -9999 -9999 -9999 -9999 -9999 -9999 -9999 294 296 302 314 344 354 360 362 371 378 376 374 374 375 382 382 381 382 380 379 376 382 382 381 378 377 378 371 368 368 368 371 375 379 381 385 390 386 386 391
-9999 -9999 -9999 -9999 -9999 -9999 -9999 -9999 -9999 -9999 -9999 -9999 -9999 -9999 -9999 -9999 -9999 -9999 -9999 -9999 -9999 -9999 -9999 -9999 -9999 -9999 -9999 -9999 -9999 -9999 -9999 -9999 -9999 -9999 -9999 -9999 -9999 -9999 -9999 -9999 281 283 289 305 347 353 353 349 356 372 372 372 370 372 371 375 380 381 378 375 374 372 377 375 369 370 372 370 364 367 364 364 367 371 374 374 377 374 375 382
-9999 -9999 -9999 -9999 -9999 -9999 -9999 -9999 -9999 -9999 -9999 -9999 -9999 -9999 -9999 -9999 -9999 -9999 -9999 -9999 -9999 -9999 -9999 -9999 -9999 -9999 -9999 -9999 -9999 -9999 -9999 -9999 -9999 -9999 -9999 -9999 -9999 -9999 -9999 -9999 -9999 272 279 292 329 341 346 341 346 361 366 366 371 366 370 370 377 374 377 377 376 375 373 372 364 362 361 362 362 365 361 359 362 365 368 366 366 365 366 374
-9999 -9999 -9999 -9999 -9999 -9999 -9999 -9999 -9999 -9999 -9999 -9999 -9999 -9999 -9999 -9999 -9999 -9999 -9999 -9999 -9999 -9999 -9999 -9999 -9999 -9999 -9999 -9999 -9999 -9999 -9999 -9999 -9999 -9999 -9999 -9999 -9999 -9999 -9999 -9999 -9999 262 271 283 309 324 327 333 337 350 357 358 366 369 363 363 366 367 364 364 364 368 365 371 367 359 356 355 356 362 360 357 364 360 366 362 362 360 358 358
-9999 -9999 -9999 -9999 -9999 -9999 -9999 -9999 -9999 -9999 -9999 -9999 -9999 -9999 -9999 -9999 -9999 -9999 -9999 -9999 -9999 -9999 -9999 -9999 -9999 -9999 -9999 -9999 -9999 -9999 -9999 -9999 -9999 -9999 -9999 -9999 -9999 -9999 -9999 -9999 -9999 -9999 271 276 305 318 318 323 329 333 337 348 360 359 345 357 356 354 356 355 356 349 346 352 365 363 358 356 351 351 353 352 350 352 364 359 358 363 357 354
-9999 -9999 -9999 -9999 -9999 -9999 -9999 -9999 -9999 -9999 -9999 -9999 -9999 -9999 -9999 -9999 -9999 -9999 -9999 -9999 -9999 -9999 -9999 -9999 -9999 -9999 -9999 -9999 -9999 -9999 -9999 -9999 -9999 -9999 -9999 -9999 -9999 -9999 -9999 -9999 -9999 -9999 273 273 278 294 314 311 320 320 321 335 344 347 337 342 346 341 346 346 348 344 338 342 341 349 356 349 350 346 340 339 337 341 343 343 349 361 354 350
-9999 -9999 -9999 -9999 -9999 -9999 -9999 -9999 -9999 -9999 -9999 -9999 -9999 -9999 -9999 -9999 -9999 -9999 -9999 -9999 -9999 -9999 -9999 -9999 -9999 -9999 -9999 -9999 -9999 -9999 -9999 -9999 -9999 -9999 -9999 -9999 -9999 -9999 -9999 -9999 -9999 -9999 -9999 275 270 277 285 300 301 304 315 318 328 323 320 329 333 345 354 347 341 336 331 330 334 342 337 342 342 336 331 330 327 323 325 330 339 342 347 341
-9999 -9999 -9999 -9999 -9999 -9999 -9999 -9999 -9999 -9999 -9999 -9999 -9999 -9999 -9999 -9999 -9999 -9999 -9999 -9999 -9999 -9999 -9999 -9999 -9999 -9999 -9999 -9999 -9999 -9999 -9999 -9999 -9999 -9999 -9999 -9999 -9999 -9999 -9999 -9999 -9999 -9999 -9999 -9999 269 275 289 285 293 297 299 307 312 317 316 321 328 324 330 326 325 329 328 329 329 324 320 318 327 328 316 316 316 316 321 321 330 341 332 323
-9999 -9999 -9999 -9999 -9999 -9999 -9999 -9999 -9999 -9999 -9999 -9999 -9999 -9999 -9999 -9999 -9999 -9999 -9999 -9999 -9999 -9999 -9999 -9999 -9999 -9999 -9999 -9999 -9999 -9999 -9999 -9999 -9999 -9999 -9999 -9999 -9999 -9999 -9999 -9999 -9999 -9999 -9999 -9999 264 275 275 287 291 289 290 295 299 303 306 310 320 321 323 318 317 321 325 319 315 313 312 310 306 306 301 312 319 314 317 321 327 327 314 308
-9999 -9999 -9999 -9999 -9999 -9999 -9999 -9999 -9999 -9999 -9999 -9999 -9999 -9999 -9999 -9999 -9999 -9999 -9999 -9999 -9999 -9999 -9999 -9999 -9999 -9999 -9999 -9999 -9999 -9999 -9999 -9999 -9999 -9999 -9999 -9999 -9999 -9999 -9999 -9999 -9999 -9999 -9999 -9999 -9999 268 269 271 290 295 290 292 299 298 300 308 306 311 311 310 314 318 317 314 308 302 300 300 301 301 301 309 314 327 323 315 307 306 299 298
