KUENM_DEFAULT/G_variables/Set_1/se_asia/bio7_unc.asc
NCOLS 320 
NROWS 243 
XLLCORNER 44 
YLLCORNER -0.666666666666667 
CELLSIZE 0.166666666666667 
NODATA_value -9999 
[rows 108 to 143 of 243, columns 160 to 239 of 320]
239 246 251 255 260 264 269 273 278 -9999 -9999 269 270 271 271 269 267 268 268 267 267 272 278 282 285 286 291 293 295 301 302 303 301 303 304 303 300 296 295 294 290 288 288 287 287 287 288 293 297 297 296 298 299 300 300 302 302 302 300 298 299 298 301 301 300 297 297 296 295 293 293 293 293 293 293 294 295 297 298 300
223 229 235 242 246 251 255 259 262 266 -9999 -9999 -9999 263 263 263 262 263 266 270 276 281 285 288 289 288 290 290 289 293 292 292 293 297 298 298 297 297 292 287 281 279 281 284 285 287 291 293 297 299 297 299 299 300 300 300 298 297 298 297 295 297 299 299 297 296 295 293 293 292 291 291 291 292 292 293 294 294 296 298
206 213 220 227 232 238 242 246 249 -9999 -9999 -9999 247 250 253 255 257 258 266 271 277 280 285 289 292 295 295 296 294 285 281 288 289 295 296 296 294 289 285 278 277 279 282 282 286 288 290 292 295 300 302 302 301 300 299 298 295 294 295 295 292 297 297 297 295 294 293 292 292 291 290 289 289 290 290 291 292 294 296 297
189 196 203 211 217 222 227 231 235 -9999 -9999 -9999 233 238 243 248 252 256 263 268 272 275 283 287 293 296 298 300 300 296 294 294 296 294 291 284 283 282 280 283 284 284 281 283 284 285 286 289 293 298 302 303 302 301 299 296 293 292 293 293 293 295 295 295 294 292 292 291 291 289 288 289 289 289 289 289 290 291 292 292
176 184 190 197 204 210 216 -9999 -9999 -9999 -9999 -9999 -9999 228 234 240 246 251 257 263 265 273 280 287 291 295 298 300 302 302 299 294 291 286 281 285 290 291 290 288 285 281 279 277 281 282 283 286 291 296 301 302 301 300 299 297 295 293 293 293 294 294 294 294 293 292 290 290 290 289 288 288 288 288 288 288 288 289 288 287
169 173 179 186 193 -9999 -9999 -9999 -9999 -9999 -9999 -9999 -9999 219 226 233 239 246 252 257 263 273 280 287 291 293 295 296 297 295 292 286 284 284 284 286 289 292 291 289 284 279 274 273 278 281 283 288 292 296 299 301 300 300 299 298 296 295 293 293 294 294 294 294 292 292 291 290 289 288 286 287 286 284 286 286 285 284 283 282
164 167 -9999 -9999 -9999 -9999 -9999 -9999 -9999 -9999 -9999 -9999 -9999 -9999 217 225 233 241 248 250 259 269 278 286 288 291 291 291 291 288 283 278 274 274 276 281 286 291 292 287 283 278 274 274 276 281 283 288 292 296 298 300 300 301 300 299 298 296 294 294 294 293 292 293 292 292 291 290 288 287 286 285 284 284 283 283 281 279 277 275
-9999 -9999 -9999 -9999 -9999 -9999 -9999 -9999 -9999 -9999 -9999 -9999 -9999 204 210 218 227 236 242 249 260 271 281 287 287 288 288 287 284 276 271 265 257 256 264 273 281 286 287 285 280 277 274 275 276 279 283 288 292 296 299 299 300 300 300 299 298 296 294 293 293 292 292 292 291 291 289 288 287 285 281 282 282 281 280 279 277 275 271 266
-9999 -9999 -9999 -9999 -9999 -9999 -9999 -9999 -9999 -9999 -9999 -9999 -9999 195 204 213 223 231 237 246 255 265 276 283 284 283 281 273 266 261 258 254 246 245 252 265 275 280 281 280 277 275 274 273 271 275 281 287 292 296 299 300 301 301 300 300 299 297 294 292 293 292 291 292 292 290 289 287 285 282 278 281 280 279 277 276 273 269 263 256
-9999 -9999 -9999 -9999 -9999 -9999 -9999 -9999 -9999 -9999 -9999 -9999 182 188 197 208 218 227 236 246 254 262 269 274 276 272 268 264 262 260 259 255 253 251 255 262 268 273 275 275 275 276 276 276 274 277 280 286 292 297 300 302 302 302 301 299 298 296 294 293 292 292 291 288 290 289 287 285 283 281 276 279 277 275 273 271 267 261 252 248
-9999 -9999 -9999 -9999 -9999 -9999 -9999 -9999 -9999 -9999 -9999 -9999 173 181 192 203 213 223 233 243 253 260 265 268 270 270 268 262 260 259 258 257 258 259 259 265 270 273 274 274 276 276 278 277 279 280 282 286 291 297 300 303 302 301 301 299 297 294 292 292 291 290 290 287 284 284 282 282 280 279 278 276 273 270 268 264 260 253 248 240
-9999 -9999 -9999 -9999 -9999 -9999 -9999 -9999 -9999 -9999 -9999 -9999 165 175 186 198 209 220 230 241 249 257 263 267 269 269 267 262 260 260 261 261 262 263 266 268 271 274 276 277 277 280 280 280 281 283 284 288 290 295 300 303 303 301 300 298 296 293 292 291 289 287 287 285 284 283 281 279 277 276 275 272 269 266 261 256 250 242 238 231
-9999 -9999 -9999 -9999 -9999 -9999 -9999 -9999 -9999 -9999 -9999 -9999 161 170 181 194 207 218 228 234 245 254 260 265 268 269 268 266 262 264 265 266 269 269 270 274 277 278 279 279 279 279 280 281 280 280 285 289 291 294 296 299 300 298 298 295 294 291 290 289 286 283 282 283 281 281 280 278 275 273 270 267 264 260 254 247 242 237 232 224
-9999 -9999 -9999 -9999 -9999 -9999 -9999 -9999 -9999 -9999 -9999 -9999 157 165 177 190 203 215 224 234 245 253 259 264 267 269 269 268 268 267 268 269 271 274 277 279 281 283 280 280 280 279 279 279 280 281 282 285 284 286 289 291 295 295 294 294 291 289 288 286 283 279 279 278 280 279 278 276 273 270 265 262 259 251 244 240 234 230 225 217
-9999 -9999 -9999 -9999 -9999 -9999 -9999 -9999 -9999 -9999 -9999 -9999 -9999 161 173 187 200 214 224 232 242 251 258 263 267 269 270 270 270 271 272 273 275 276 280 284 286 287 285 283 280 279 280 279 279 279 281 283 283 284 288 291 290 292 291 290 288 287 286 284 281 277 275 276 278 276 276 274 271 267 262 257 252 245 236 233 229 222 217 210
-9999 -9999 -9999 -9999 -9999 -9999 -9999 -9999 -9999 -9999 -9999 -9999 -9999 156 168 183 197 211 223 235 244 251 258 263 266 268 270 271 270 272 272 275 276 279 282 284 288 288 285 283 282 278 278 279 279 279 279 283 284 283 282 285 287 288 287 286 284 283 282 281 279 275 272 273 274 274 273 272 269 264 258 251 246 237 231 226 222 214 209 202
-9999 -9999 -9999 -9999 -9999 -9999 -9999 -9999 -9999 -9999 -9999 -9999 -9999 149 164 180 195 210 224 238 247 252 254 261 266 264 267 269 270 272 273 275 276 279 281 284 285 286 284 281 280 278 277 279 280 280 280 282 283 285 283 280 283 283 284 281 280 279 278 277 276 274 273 272 271 268 268 269 266 259 252 245 239 230 223 219 214 207 201 194
-9999 -9999 -9999 -9999 -9999 -9999 -9999 -9999 -9999 -9999 -9999 -9999 -9999 149 160 177 194 212 229 240 249 256 259 262 266 268 270 267 267 268 271 271 273 274 279 280 281 281 278 277 276 277 277 278 279 279 280 280 281 280 281 281 281 279 278 278 275 276 273 271 271 270 268 267 266 263 261 262 259 253 246 238 231 224 218 212 206 199 193 187
-9999 -9999 -9999 -9999 -9999 -9999 -9999 -9999 -9999 -9999 -9999 -9999 -9999 144 156 172 194 215 234 248 254 257 260 263 265 268 271 270 268 266 267 267 267 269 271 272 273 273 272 271 273 273 274 275 277 275 277 275 276 275 276 277 276 276 274 273 272 272 269 269 267 265 263 259 259 258 256 253 249 244 237 230 223 216 209 203 198 192 187 182
-9999 -9999 -9999 -9999 -9999 -9999 -9999 -9999 -9999 -9999 -9999 -9999 -9999 141 151 166 190 212 236 253 257 258 260 263 265 267 269 270 271 267 266 267 267 268 268 267 266 266 266 265 266 267 269 270 271 271 271 269 270 270 271 271 271 269 269 268 268 266 265 262 263 261 258 253 254 252 251 246 241 236 228 222 215 208 202 195 189 184 180 175
-9999 -9999 -9999 -9999 -9999 -9999 -9999 -9999 -9999 -9999 -9999 -9999 -9999 133 141 156 179 203 225 237 247 251 255 259 264 266 267 269 270 269 266 265 264 264 264 263 262 259 258 259 259 260 263 263 261 263 264 265 268 267 267 266 265 264 263 262 263 262 262 259 256 257 255 251 248 246 242 239 233 227 220 213 207 200 193 186 181 177 173 169
-9999 -9999 -9999 -9999 -9999 -9999 -9999 -9999 -9999 -9999 -9999 -9999 -9999 -9999 130 144 166 190 210 225 235 245 249 254 258 263 267 268 268 268 266 265 262 262 260 260 258 256 252 250 248 250 253 258 257 258 260 262 262 263 263 261 259 258 258 257 258 258 258 256 252 252 249 246 243 240 236 231 226 219 212 206 199 193 185 177 172 169 165 163
-9999 -9999 -9999 -9999 -9999 -9999 -9999 -9999 -9999 -9999 -9999 -9999 -9999 -9999 118 134 152 174 196 212 227 237 243 249 254 258 262 264 265 265 265 263 260 258 258 257 255 252 249 245 241 241 245 251 254 256 256 258 257 258 258 255 254 252 253 253 253 253 252 251 250 247 244 241 238 234 229 223 217 211 204 197 192 183 176 168 165 162 -9999 -9999
-9999 -9999 -9999 -9999 -9999 -9999 -9999 -9999 -9999 -9999 -9999 -9999 -9999 -9999 107 122 144 167 181 202 214 226 236 241 248 254 258 260 261 261 261 260 259 256 255 254 251 247 244 239 233 234 239 244 250 252 254 254 255 254 253 252 251 249 250 251 249 248 248 247 245 243 239 236 233 228 221 214 209 203 198 191 183 174 166 160 158 -9999 -9999 -9999
-9999 -9999 -9999 -9999 -9999 -9999 -9999 -9999 -9999 -9999 -9999 -9999 -9999 -9999 -9999 116 135 158 178 195 209 218 226 235 241 248 253 255 257 257 258 257 256 255 253 252 250 245 242 237 233 232 236 242 247 249 251 252 252 253 253 252 250 249 249 249 247 246 245 243 241 239 234 230 227 220 213 208 203 197 191 185 176 167 158 152 -9999 -9999 -9999 -9999
-9999 -9999 -9999 -9999 -9999 -9999 -9999 -9999 -9999 -9999 -9999 -9999 -9999 -9999 -9999 115 132 151 173 188 205 215 224 231 237 243 247 250 252 253 253 253 252 253 252 250 250 249 244 238 236 233 235 240 245 249 249 251 251 253 253 252 251 250 249 248 247 245 242 240 237 234 230 225 220 214 209 205 199 194 187 180 172 163 155 -9999 -9999 -9999 -9999 -9999
-9999 -9999 -9999 -9999 -9999 -9999 -9999 -9999 -9999 -9999 -9999 -9999 -9999 -9999 -9999 117 133 150 172 187 202 213 223 229 233 239 242 244 247 249 250 249 250 249 249 249 249 249 245 240 240 236 238 237 242 246 250 251 251 253 253 252 251 250 249 247 247 244 240 237 232 227 223 220 213 210 205 200 195 189 183 177 170 -9999 -9999 -9999 -9999 -9999 -9999 -9999
-9999 -9999 -9999 -9999 -9999 -9999 -9999 -9999 -9999 -9999 -9999 -9999 -9999 -9999 -9999 122 134 149 170 186 201 213 223 228 230 234 237 238 240 243 244 244 246 245 245 247 247 246 244 241 240 239 238 237 240 244 245 248 248 251 252 251 251 249 248 247 245 242 238 231 227 223 218 214 209 205 201 197 192 187 182 -9999 -9999 -9999 -9999 -9999 -9999 -9999 -9999 -9999
-9999 -9999 -9999 -9999 -9999 -9999 -9999 -9999 -9999 -9999 -9999 -9999 -9999 -9999 -9999 -9999 134 148 167 186 202 215 225 230 231 230 231 228 232 237 237 239 239 240 240 241 241 241 239 238 236 235 236 236 238 240 241 244 245 250 251 250 250 248 246 245 242 238 234 228 222 217 213 208 204 200 196 192 189 184 -9999 -9999 -9999 -9999 -9999 -9999 -9999 -9999 -9999 -9999
-9999 -9999 -9999 -9999 -9999 -9999 -9999 -9999 -9999 -9999 -9999 -9999 -9999 -9999 -9999 -9999 133 148 167 187 203 216 226 233 231 228 225 221 222 226 232 233 232 232 233 233 234 236 234 232 230 232 235 235 237 240 240 243 245 248 250 249 249 247 245 241 238 233 228 223 217 213 207 202 198 194 191 188 184 181 -9999 -9999 -9999 -9999 -9999 -9999 -9999 -9999 -9999 -9999
-9999 -9999 -9999 -9999 -9999 -9999 -9999 -9999 -9999 -9999 -9999 -9999 -9999 -9999 -9999 -9999 131 145 163 186 202 218 226 231 230 225 220 216 214 216 221 222 222 224 225 226 226 229 230 230 231 231 234 235 237 239 240 242 245 246 248 248 247 246 243 238 233 228 223 217 212 206 201 196 191 188 186 182 179 176 -9999 -9999 -9999 -9999 -9999 -9999 -9999 -9999 -9999 -9999
-9999 -9999 -9999 -9999 -9999 -9999 -9999 -9999 -9999 -9999 -9999 -9999 -9999 -9999 -9999 -9999 128 142 158 184 201 214 222 226 225 220 215 210 208 206 209 210 212 216 217 220 220 222 224 226 228 230 233 235 236 237 239 241 242 244 244 245 246 243 238 233 227 222 217 212 206 201 194 190 185 182 180 177 174 171 -9999 -9999 -9999 -9999 -9999 -9999 -9999 -9999 -9999 -9999
-9999 -9999 -9999 -9999 -9999 -9999 -9999 -9999 -9999 -9999 -9999 -9999 -9999 -9999 -9999 -9999 126 140 155 181 196 208 216 219 218 214 208 201 199 200 203 204 205 208 210 212 214 214 217 220 223 226 229 233 234 236 237 238 237 236 239 240 239 237 231 226 221 216 210 205 200 193 186 182 180 177 175 174 -9999 -9999 -9999 -9999 -9999 -9999 -9999 -9999 -9999 -9999 -9999 -9999
-9999 -9999 -9999 -9999 -9999 -9999 -9999 -9999 -9999 -9999 -9999 -9999 -9999 -9999 -9999 -9999 127 137 152 175 192 204 213 216 215 212 204 199 195 195 198 200 202 203 205 205 203 204 207 211 215 219 225 230 233 236 237 233 229 232 235 235 232 229 224 219 213 208 203 198 193 186 179 -9999 -9999 -9999 -9999 -9999 -9999 -9999 -9999 -9999 -9999 -9999 -9999 -9999 -9999 -9999 -9999 -9999
-9999 -9999 -9999 -9999 -9999 -9999 -9999 -9999 -9999 -9999 -9999 -9999 -9999 -9999 -9999 -9999 -9999 137 149 169 188 201 210 214 214 209 202 197 193 193 195 198 199 199 198 197 196 196 197 201 205 211 219 227 233 236 235 231 231 229 227 228 227 223 218 212 206 202 197 192 186 180 173 -9999 -9999 -9999 -9999 -9999 -9999 -9999 -9999 -9999 -9999 -9999 -9999 -9999 -9999 -9999 -9999 -9999
-9999 -9999 -9999 -9999 -9999 -9999 -9999 -9999 -9999 -9999 -9999 -9999 -9999 -9999 -9999 -9999 -9999 137 146 159 183 196 208 214 211 207 203 198 196 195 196 197 197 196 196 194 191 188 185 185 191 201 213 224 232 234 234 232 228 225 226 225 221 216 210 205 199 195 191 187 182 177 -9999 -9999 -9999 -9999 -9999 -9999 -9999 -9999 -9999 -9999 -9999 -9999 -9999 -9999 -9999 -9999 -9999 -9999
