KUENM/G_variables/Set_1/se_asia/bio15_unc.asc
NCOLS 320 
NROWS 243 
XLLCORNER 44 
YLLCORNER -0.666666666666667 
CELLSIZE 0.166666666666667 
NODATA_value -9999 
[rows 36 to 71 of 243, columns 162 to 242 of 320]
50 51 50 53 54 59 65 69 71 75 78 79 79 79 67 61 45 43 43 42 40 41 40 43 46 46 40 40 40 39 38 36 36 35 36 37 36 34 41 46 37 38 59 69 61 61 56 -9999 -9999 -9999 -9999 -9999 -9999 -9999 -9999 -9999 -9999 -9999 -9999 -9999 -9999 -9999 -9999 -9999 -9999 -9999 -9999 -9999 -9999 -9999 -9999 -9999 -9999 -9999 -9999 -9999 -9999 -9999 -9999 -9999 -9999
59 58 58 58 59 66 69 70 73 79 84 88 92 88 79 76 65 57 45 42 40 41 39 39 40 42 39 39 41 39 38 37 36 33 35 39 33 37 35 45 42 49 43 63 71 61 52 -9999 -9999 -9999 -9999 -9999 -9999 -9999 -9999 -9999 -9999 -9999 -9999 -9999 -9999 -9999 -9999 -9999 -9999 -9999 -9999 -9999 -9999 -9999 -9999 -9999 -9999 -9999 -9999 -9999 -9999 -9999 -9999 -9999 -9999
67 65 64 65 67 71 72 75 78 83 86 91 93 89 86 85 80 72 54 45 42 40 40 39 38 39 39 40 42 41 38 39 39 36 36 37 36 35 38 41 42 42 49 48 62 67 63 -9999 -9999 -9999 -9999 -9999 -9999 -9999 -9999 -9999 -9999 -9999 -9999 -9999 -9999 -9999 -9999 -9999 -9999 -9999 -9999 -9999 -9999 -9999 -9999 -9999 -9999 -9999 -9999 -9999 -9999 -9999 -9999 -9999 -9999
71 71 70 70 73 74 75 78 81 84 88 89 92 91 92 93 92 82 71 69 63 47 49 41 42 41 39 39 40 40 39 40 38 36 38 37 36 36 35 39 38 45 49 52 48 50 63 48 -9999 -9999 -9999 -9999 -9999 -9999 -9999 -9999 -9999 -9999 -9999 -9999 -9999 -9999 -9999 -9999 -9999 -9999 -9999 -9999 -9999 -9999 -9999 -9999 -9999 -9999 -9999 -9999 -9999 -9999 -9999 -9999 -9999
75 73 73 75 79 79 79 81 83 84 85 88 90 93 96 98 99 99 90 89 92 86 88 66 48 44 43 43 43 44 40 39 41 38 37 40 40 37 39 38 43 48 57 51 64 51 42 55 51 69 -9999 -9999 -9999 -9999 -9999 -9999 -9999 -9999 -9999 -9999 -9999 -9999 -9999 -9999 -9999 -9999 -9999 -9999 -9999 -9999 -9999 -9999 -9999 -9999 -9999 -9999 -9999 -9999 -9999 -9999 -9999
77 79 81 82 81 82 82 81 84 85 84 86 92 96 99 103 104 105 106 104 106 107 106 99 92 68 48 45 46 46 48 44 40 38 37 37 41 42 41 37 44 48 51 46 56 59 56 44 66 50 -9999 -9999 -9999 -9999 -9999 -9999 -9999 -9999 -9999 -9999 -9999 -9999 -9999 -9999 -9999 -9999 -9999 -9999 -9999 -9999 -9999 -9999 -9999 -9999 -9999 -9999 -9999 -9999 -9999 -9999 -9999
81 83 86 86 82 84 82 81 81 81 82 84 88 95 101 105 105 107 109 109 110 111 111 106 104 93 68 61 61 65 71 55 41 39 39 39 39 37 45 46 44 48 50 49 48 49 64 49 61 75 70 -9999 -9999 -9999 -9999 -9999 -9999 -9999 -9999 -9999 -9999 -9999 -9999 -9999 -9999 -9999 -9999 -9999 -9999 -9999 -9999 -9999 -9999 -9999 -9999 -9999 -9999 -9999 -9999 -9999 -9999
84 86 88 93 88 82 82 80 83 87 90 93 97 98 101 103 106 107 108 108 109 106 108 108 107 106 104 98 92 93 91 72 48 40 39 39 39 38 47 45 49 53 54 56 56 51 62 59 71 80 -9999 -9999 -9999 -9999 -9999 -9999 -9999 -9999 -9999 -9999 -9999 -9999 -9999 -9999 -9999 -9999 -9999 -9999 -9999 -9999 -9999 -9999 -9999 -9999 -9999 -9999 -9999 -9999 -9999 -9999 -9999
82 84 92 92 90 87 83 88 90 92 93 94 97 98 102 104 105 106 106 105 104 105 105 108 110 110 112 111 111 108 95 77 71 53 40 39 40 39 45 43 44 41 52 58 57 -9999 -9999 69 71 -9999 -9999 -9999 -9999 -9999 -9999 -9999 -9999 -9999 -9999 -9999 -9999 -9999 -9999 -9999 -9999 -9999 -9999 -9999 -9999 -9999 -9999 -9999 -9999 -9999 -9999 -9999 -9999 -9999 -9999 -9999 -9999
85 89 90 90 89 89 90 90 92 96 95 96 98 98 99 101 103 105 104 105 105 105 108 112 112 113 115 119 118 118 120 113 81 54 44 41 41 46 42 46 54 46 41 49 57 -9999 -9999 -9999 -9999 -9999 -9999 -9999 -9999 -9999 -9999 -9999 -9999 -9999 -9999 -9999 -9999 -9999 -9999 -9999 -9999 -9999 -9999 -9999 -9999 -9999 -9999 -9999 -9999 -9999 -9999 -9999 -9999 -9999 -9999 -9999 -9999
85 85 89 89 91 91 91 92 94 96 99 98 97 100 101 101 101 104 105 106 106 107 110 113 114 114 116 115 118 122 124 128 125 109 80 56 62 52 46 48 55 49 43 42 43 40 -9999 -9999 -9999 -9999 -9999 -9999 -9999 -9999 -9999 -9999 -9999 -9999 -9999 -9999 -9999 -9999 -9999 -9999 -9999 -9999 -9999 -9999 -9999 -9999 -9999 -9999 -9999 -9999 -9999 -9999 -9999 -9999 -9999 -9999 -9999
82 85 89 91 90 89 90 93 95 99 98 98 97 100 101 101 104 105 105 108 107 109 111 113 115 116 115 114 118 123 127 126 127 120 107 89 80 69 47 46 51 54 49 53 55 40 -9999 -9999 -9999 -9999 -9999 -9999 -9999 -9999 -9999 -9999 -9999 -9999 -9999 -9999 -9999 -9999 -9999 -9999 -9999 -9999 -9999 -9999 -9999 -9999 -9999 -9999 -9999 -9999 -9999 -9999 -9999 -9999 -9999 -9999 -9999
90 88 90 89 92 92 91 97 98 98 100 99 99 98 99 103 103 105 109 110 109 112 111 113 115 116 114 114 117 124 131 128 123 120 111 96 88 77 65 47 51 52 54 50 40 39 -9999 -9999 -9999 -9999 -9999 -9999 -9999 -9999 -9999 -9999 -9999 -9999 -9999 -9999 -9999 -9999 -9999 -9999 -9999 -9999 -9999 -9999 -9999 -9999 -9999 -9999 -9999 -9999 -9999 -9999 -9999 -9999 -9999 -9999 -9999
89 93 89 91 91 91 94 94 99 100 101 101 103 101 102 102 103 107 109 112 113 112 112 113 116 117 117 117 118 122 125 126 122 116 110 102 91 79 70 59 58 51 43 39 38 52 65 -9999 -9999 -9999 -9999 -9999 -9999 -9999 -9999 -9999 -9999 -9999 -9999 -9999 -9999 -9999 -9999 -9999 -9999 -9999 -9999 -9999 -9999 -9999 -9999 -9999 -9999 -9999 -9999 -9999 -9999 -9999 -9999 -9999 -9999
93 95 94 91 94 93 95 96 98 102 103 105 107 102 103 105 105 108 110 112 114 115 115 117 119 121 119 119 118 119 122 123 119 113 108 103 89 82 76 70 65 50 48 43 54 57 66 -9999 69 -9999 -9999 -9999 -9999 -9999 -9999 -9999 -9999 -9999 -9999 -9999 -9999 -9999 -9999 -9999 -9999 -9999 -9999 -9999 -9999 -9999 -9999 -9999 -9999 -9999 -9999 -9999 -9999 -9999 -9999 -9999 -9999
92 91 97 91 92 96 92 98 98 101 104 108 107 107 106 106 107 110 110 110 112 113 116 120 122 121 120 119 113 114 118 120 117 112 108 104 94 84 81 75 68 53 45 52 61 65 68 68 66 -9999 -9999 -9999 -9999 -9999 -9999 -9999 -9999 -9999 -9999 -9999 -9999 -9999 -9999 -9999 -9999 -9999 -9999 -9999 -9999 -9999 -9999 -9999 -9999 -9999 -9999 -9999 -9999 -9999 -9999 -9999 -9999
92 95 91 91 91 92 93 95 101 105 111 111 110 109 108 109 110 111 110 108 109 112 117 120 121 119 119 116 112 112 117 119 118 115 110 106 96 91 84 76 71 63 63 49 55 64 54 58 68 74 -9999 -9999 -9999 -9999 -9999 -9999 -9999 -9999 -9999 -9999 -9999 -9999 -9999 -9999 -9999 -9999 -9999 -9999 -9999 -9999 -9999 -9999 -9999 -9999 -9999 -9999 -9999 -9999 -9999 -9999 -9999
94 92 94 93 89 95 93 98 97 104 109 113 115 110 110 110 109 111 111 109 112 114 117 119 119 118 117 114 114 114 118 121 121 118 112 108 101 97 87 86 89 89 86 72 56 57 59 68 71 77 73 79 78 -9999 -9999 -9999 -9999 -9999 -9999 -9999 -9999 -9999 -9999 -9999 -9999 -9999 -9999 -9999 -9999 -9999 -9999 -9999 -9999 -9999 -9999 -9999 -9999 -9999 -9999 -9999 -9999
89 91 91 95 92 90 94 94 98 104 108 112 117 111 113 109 113 112 113 117 115 119 119 117 120 120 118 115 113 114 117 123 121 120 115 112 113 109 107 102 108 100 105 96 91 71 62 66 69 73 70 71 73 73 75 -9999 -9999 -9999 -9999 -9999 -9999 -9999 -9999 -9999 -9999 -9999 -9999 -9999 -9999 -9999 -9999 -9999 -9999 -9999 -9999 -9999 -9999 -9999 -9999 -9999 -9999
88 88 94 96 95 94 94 97 100 105 109 112 112 109 109 112 114 116 119 122 121 119 117 116 120 121 121 117 117 116 119 124 123 122 117 115 117 122 125 124 125 124 119 113 103 91 78 70 74 69 73 72 72 76 78 -9999 -9999 -9999 -9999 -9999 -9999 -9999 -9999 -9999 -9999 -9999 -9999 -9999 -9999 -9999 -9999 -9999 -9999 -9999 -9999 -9999 -9999 -9999 -9999 -9999 -9999
89 91 93 92 101 102 98 103 101 107 105 112 114 113 109 109 115 117 119 125 120 120 118 118 123 123 123 122 120 121 121 123 123 121 118 117 119 121 126 131 132 131 131 119 117 106 95 88 88 81 80 74 75 78 76 78 78 79 -9999 -9999 -9999 -9999 -9999 -9999 -9999 -9999 -9999 -9999 -9999 -9999 -9999 -9999 -9999 -9999 -9999 -9999 -9999 -9999 -9999 -9999 -9999
85 87 94 96 98 107 99 101 101 104 105 112 110 110 111 108 114 114 117 120 121 120 119 119 124 127 124 122 122 123 120 119 122 120 119 117 117 116 125 130 132 130 133 131 123 114 105 100 93 92 85 77 77 78 78 77 78 77 78 78 -9999 -9999 77 75 73 73 -9999 -9999 -9999 -9999 -9999 -9999 -9999 -9999 -9999 -9999 -9999 -9999 -9999 -9999 -9999
85 88 94 101 102 102 101 103 101 103 104 110 116 112 110 110 109 112 120 119 121 121 120 118 122 124 124 125 120 126 122 118 120 119 119 118 118 118 124 127 128 132 135 133 127 118 111 103 94 91 90 89 84 85 84 89 80 81 80 78 -9999 -9999 76 76 75 71 70 -9999 -9999 -9999 -9999 -9999 -9999 -9999 -9999 -9999 -9999 -9999 -9999 -9999 -9999
89 98 94 98 105 104 101 96 102 104 105 112 111 118 116 110 111 112 114 119 123 122 123 124 123 125 124 128 127 129 127 123 121 120 118 119 121 123 123 124 126 128 131 131 130 123 115 108 103 101 98 97 100 102 104 103 89 94 83 81 78 77 76 74 77 80 70 67 68 -9999 -9999 -9999 -9999 -9999 -9999 -9999 -9999 -9999 -9999 -9999 -9999
99 100 102 103 102 97 96 98 98 100 109 109 108 114 114 113 116 116 118 124 126 126 124 122 120 123 124 127 125 125 127 123 120 118 120 123 125 123 124 124 126 125 127 130 130 127 119 113 108 105 102 100 101 105 108 107 108 99 94 84 80 81 79 78 85 85 82 68 67 66 -9999 -9999 -9999 -9999 -9999 -9999 -9999 -9999 -9999 -9999 -9999
102 101 103 103 108 104 102 98 98 102 110 108 105 108 111 114 113 120 124 130 129 127 125 121 119 119 121 122 121 123 127 126 120 119 120 124 126 125 125 124 126 126 126 128 128 127 123 117 112 109 106 103 100 103 107 99 103 97 93 92 88 88 85 82 81 85 87 79 70 65 64 64 67 -9999 -9999 -9999 -9999 -9999 -9999 -9999 -9999
103 111 113 116 110 105 98 102 103 105 106 111 106 106 112 110 114 119 125 131 130 128 123 123 119 119 121 123 124 123 129 128 124 122 120 122 127 128 126 126 125 125 124 126 126 126 123 120 118 113 110 107 103 103 100 104 96 92 93 93 89 86 85 83 80 88 85 75 67 69 68 64 63 65 -9999 -9999 -9999 -9999 -9999 -9999 -9999
113 112 114 114 111 110 103 108 107 109 112 109 110 111 113 115 118 117 124 129 126 129 125 124 118 117 122 121 123 125 125 131 128 126 125 128 129 129 129 128 127 126 125 126 126 126 124 122 122 123 122 117 108 105 105 106 95 91 92 94 91 91 86 83 80 87 87 85 74 69 68 67 68 68 73 -9999 -9999 68 72 -9999 -9999
110 109 111 112 113 114 108 112 111 113 115 113 114 116 119 118 121 124 128 124 126 128 128 121 119 116 124 124 126 123 125 128 128 129 131 133 134 132 131 131 128 126 126 126 126 125 124 124 124 126 127 127 124 122 121 113 107 97 93 91 97 95 92 86 83 84 81 76 76 78 73 68 69 69 70 77 77 63 73 -9999 -9999
106 117 119 111 113 116 111 115 114 113 114 117 115 119 121 123 122 128 128 128 129 124 125 123 123 121 128 131 126 125 129 131 130 130 138 140 142 137 132 132 131 128 126 125 126 126 125 126 127 128 126 125 125 126 122 117 116 109 103 103 104 102 101 103 99 86 86 90 87 86 75 74 70 70 72 75 67 68 80 -9999 -9999
111 113 117 122 113 118 113 117 116 114 119 117 116 122 123 122 129 126 130 129 129 130 125 129 130 129 128 131 130 130 131 131 133 132 142 144 146 140 134 131 131 129 129 126 126 126 125 126 127 128 126 123 123 124 122 121 121 121 118 115 111 110 110 111 108 102 105 105 100 86 83 76 74 77 79 73 69 76 81 79 88
117 123 116 121 116 120 115 120 117 115 119 119 119 119 121 127 129 130 133 130 129 126 127 128 130 129 132 131 135 132 133 135 137 138 142 140 138 136 134 133 132 132 130 130 130 129 130 129 129 127 127 125 124 124 124 123 123 122 122 119 120 119 117 119 116 111 115 113 108 103 95 80 72 78 85 83 78 81 80 77 83
116 122 118 123 117 121 117 122 118 117 114 120 121 120 122 128 133 130 133 127 128 126 127 127 132 131 133 135 136 134 135 134 138 143 142 137 136 134 133 134 136 135 132 131 131 132 131 132 131 128 127 126 127 127 126 125 124 124 122 120 120 119 121 123 122 117 110 109 103 105 99 92 96 96 103 106 100 103 98 88 100
117 125 119 125 121 126 122 126 123 118 117 115 115 123 122 126 132 133 134 132 133 129 132 130 135 133 133 134 135 136 133 137 141 145 142 139 138 135 134 135 135 134 134 133 134 132 131 132 131 130 129 126 127 128 127 126 124 124 122 120 119 119 120 123 121 121 120 117 111 110 108 104 104 104 106 111 114 111 109 107 105
122 129 122 129 124 131 127 123 126 124 120 116 118 116 125 128 130 134 131 133 137 137 136 138 141 138 135 135 132 133 136 142 146 147 144 140 138 134 139 138 136 134 133 134 134 129 126 129 130 131 131 127 126 126 126 127 126 125 123 120 119 118 117 117 117 118 126 131 130 116 112 106 106 106 109 112 113 110 109 107 104
129 124 128 125 132 127 125 128 125 121 125 120 123 120 124 132 135 134 138 139 137 142 143 144 147 140 138 139 135 136 138 145 146 140 144 140 139 139 144 140 136 134 134 134 132 128 128 130 130 130 131 129 125 124 125 126 125 125 123 122 119 117 115 116 118 120 126 130 130 128 120 113 107 107 109 110 110 110 110 108 105
