KUENM/G_variables/Set_1/se_asia/bio15_unc.asc
NCOLS 320 
NROWS 243 
XLLCORNER 44 
YLLCORNER -0.666666666666667 
CELLSIZE 0.166666666666667 
NODATA_value -9999 
[rows 72 to 107 of 243, columns 81 to 161 of 320]
99 102 104 108 106 104 100 115 116 117 106 111 104 107 109 110 108 103 102 102 101 92 83 97 94 92 88 79 83 84 83 85 80 77 77 86 86 75 75 78 81 81 73 78 74 76 80 81 81 81 78 74 69 67 65 70 71 73 75 74 73 68 63 59 57 62 77 94 100 103 115 126 123 130 133 131 127 126 129 124 131
101 99 107 103 112 112 108 109 107 107 107 112 115 117 108 111 111 105 108 106 104 94 87 91 94 92 83 90 80 79 79 82 79 75 81 81 77 80 81 81 72 80 77 79 83 79 83 84 80 78 79 78 72 78 69 67 72 74 78 83 81 77 76 74 83 92 100 127 132 130 133 140 133 136 138 136 132 129 121 134 130
110 111 103 109 106 104 115 116 112 112 116 117 120 121 111 115 115 119 110 109 109 96 88 88 90 95 91 81 85 85 82 80 79 76 73 77 78 76 78 79 75 80 82 81 77 78 80 79 85 80 83 75 75 81 80 70 70 75 79 87 91 90 90 100 103 112 124 138 144 133 135 139 143 147 146 143 138 134 131 135 145
107 107 102 109 103 111 110 109 120 121 122 123 110 114 115 118 122 122 114 114 112 100 91 89 87 89 87 82 80 83 77 74 74 73 76 73 77 79 76 73 77 75 77 78 75 79 79 76 85 79 75 74 83 81 78 72 72 80 82 92 101 102 104 107 124 133 142 138 139 149 150 150 153 155 156 152 136 139 139 135 145
104 95 98 99 103 108 106 113 114 113 114 115 118 119 121 113 114 116 118 117 106 94 92 93 88 84 88 86 83 77 81 78 69 73 71 76 75 76 74 75 78 73 76 75 76 80 75 76 78 79 75 79 78 79 75 76 75 80 86 99 101 103 118 125 131 138 142 149 149 147 163 147 147 149 151 144 142 138 143 143 159
100 95 88 95 93 101 107 105 110 109 109 114 114 114 118 118 122 111 110 110 98 89 88 84 83 80 84 81 78 75 72 69 74 71 75 72 71 70 72 76 73 77 79 81 76 77 77 76 80 78 75 77 79 75 75 75 79 91 96 108 111 115 120 127 137 143 143 143 158 157 157 154 154 152 152 147 144 137 135 146 160
96 88 93 97 92 95 93 105 102 108 110 105 105 110 113 114 104 103 94 94 93 100 96 94 85 82 85 81 78 72 73 70 68 67 72 70 75 75 75 71 76 74 76 78 77 78 75 76 79 80 84 79 79 78 77 79 85 91 103 106 110 117 132 138 142 143 155 154 152 151 148 148 147 145 143 140 137 130 137 151 160
105 92 98 96 100 98 99 106 106 105 100 108 106 107 100 99 99 99 105 104 95 92 98 89 86 84 80 84 79 73 69 67 67 67 71 71 71 72 74 75 79 74 75 77 78 75 82 85 80 83 82 84 89 95 82 86 91 96 103 116 119 127 135 140 143 145 147 146 145 145 159 157 154 151 148 145 134 139 141 142 154
99 101 103 101 96 99 112 112 110 112 113 112 114 107 107 107 107 106 104 104 102 101 100 99 95 93 83 79 79 73 69 69 65 63 67 71 73 72 71 76 75 80 79 76 85 82 84 87 84 90 88 93 103 100 91 88 98 102 106 110 118 122 128 132 144 147 147 151 151 153 153 152 148 145 144 142 143 136 135 146 142
105 110 100 105 99 113 111 113 120 121 120 122 123 123 116 116 116 115 115 114 103 102 101 108 97 94 92 81 81 77 71 69 65 69 70 71 72 73 75 76 81 76 83 81 84 82 88 91 88 96 96 95 108 110 101 91 99 106 110 114 115 130 124 133 133 145 149 155 158 161 161 160 157 155 151 138 139 143 139 139 141
106 113 111 107 100 105 111 111 122 119 121 124 121 122 124 125 125 126 114 112 111 110 110 106 104 95 95 84 83 73 73 69 68 70 71 74 77 79 79 79 79 79 82 86 88 88 90 96 90 92 102 100 109 112 105 102 105 107 110 117 120 123 134 134 135 137 141 149 155 158 157 155 151 150 147 145 136 141 139 138 143
111 111 109 117 119 117 117 118 117 116 119 131 134 124 124 123 123 124 123 122 121 117 116 114 102 104 92 89 81 82 73 76 69 70 73 78 79 81 82 80 80 85 86 87 88 88 89 89 93 94 96 102 105 108 102 101 104 107 111 119 126 125 129 130 138 141 147 157 154 158 157 152 149 145 143 144 136 141 137 135 140
117 116 108 116 114 114 113 114 116 129 130 133 122 122 125 124 123 122 122 121 119 129 115 111 110 99 95 90 84 88 82 78 70 80 83 84 85 88 82 85 83 84 85 86 86 89 91 96 99 97 103 100 101 102 98 104 109 111 116 125 129 127 134 137 135 145 142 153 157 163 160 152 144 140 140 142 137 141 136 140 140
-9999 -9999 -9999 111 112 -9999 -9999 126 126 127 130 132 134 124 136 137 135 120 120 120 120 129 123 108 107 102 101 97 86 83 87 84 82 84 86 95 89 89 91 90 89 89 88 89 88 91 92 96 98 97 101 105 -9999 -9999 103 104 113 116 122 125 134 135 128 133 140 140 147 152 160 160 163 151 151 145 138 143 140 136 137 139 133
-9999 -9999 -9999 -9999 -9999 -9999 -9999 -9999 -9999 126 -9999 -9999 134 134 135 135 135 133 -9999 133 132 127 123 118 114 110 107 93 93 89 89 86 86 97 99 103 105 102 102 100 99 92 93 93 94 92 90 99 103 100 -9999 -9999 -9999 -9999 -9999 108 117 123 130 132 134 138 133 138 134 135 146 150 157 157 154 150 146 141 138 139 138 143 142 134 134
-9999 -9999 -9999 -9999 -9999 -9999 -9999 -9999 -9999 -9999 -9999 -9999 -9999 -9999 -9999 -9999 -9999 -9999 -9999 -9999 128 123 117 113 111 108 104 102 100 99 -9999 -9999 98 101 104 109 -9999 -9999 -9999 -9999 -9999 94 -9999 -9999 -9999 -9999 -9999 -9999 -9999 -9999 -9999 -9999 -9999 -9999 -9999 117 123 131 135 132 140 139 144 138 134 137 144 148 159 157 160 149 146 143 143 147 149 144 144 141 141
-9999 -9999 -9999 -9999 -9999 -9999 -9999 -9999 -9999 -9999 -9999 -9999 -9999 -9999 -9999 -9999 -9999 -9999 -9999 -9999 -9999 -9999 -9999 113 -9999 102 -9999 -9999 -9999 -9999 -9999 -9999 -9999 -9999 -9999 -9999 -9999 -9999 -9999 -9999 -9999 -9999 -9999 -9999 -9999 -9999 -9999 -9999 -9999 -9999 -9999 -9999 -9999 -9999 -9999 134 138 136 142 138 141 146 142 140 147 149 146 152 150 155 148 153 147 150 149 147 151 145 145 143 143
-9999 -9999 -9999 -9999 -9999 -9999 -9999 -9999 -9999 -9999 -9999 -9999 -9999 -9999 -9999 -9999 -9999 -9999 -9999 -9999 -9999 -9999 -9999 -9999 -9999 -9999 -9999 -9999 -9999 -9999 -9999 -9999 -9999 -9999 -9999 -9999 -9999 -9999 -9999 -9999 -9999 -9999 -9999 -9999 -9999 -9999 -9999 -9999 -9999 -9999 -9999 -9999 -9999 -9999 -9999 139 143 141 138 141 144 151 151 150 150 151 146 149 151 152 146 147 149 146 147 149 151 149 150 145 146
-9999 -9999 -9999 -9999 -9999 -9999 -9999 -9999 -9999 -9999 -9999 -9999 -9999 -9999 -9999 -9999 -9999 -9999 -9999 -9999 -9999 -9999 -9999 -9999 -9999 -9999 -9999 -9999 -9999 -9999 -9999 -9999 -9999 -9999 -9999 -9999 -9999 -9999 -9999 -9999 -9999 -9999 -9999 -9999 -9999 -9999 -9999 -9999 -9999 -9999 -9999 -9999 -9999 -9999 -9999 -9999 -9999 -9999 -9999 148 154 157 152 152 152 152 155 149 151 142 147 145 151 149 149 151 150 150 153 150 147
-9999 -9999 -9999 -9999 -9999 -9999 -9999 -9999 -9999 -9999 -9999 -9999 -9999 -9999 -9999 -9999 -9999 -9999 -9999 -9999 -9999 -9999 -9999 -9999 -9999 -9999 -9999 -9999 -9999 -9999 -9999 -9999 -9999 -9999 -9999 -9999 -9999 -9999 -9999 -9999 -9999 -9999 -9999 -9999 -9999 -9999 -9999 -9999 -9999 -9999 -9999 -9999 -9999 -9999 -9999 -9999 -9999 -9999 145 152 151 156 161 163 153 152 153 152 142 145 144 152 152 150 150 150 156 155 155 154 152
-9999 -9999 -9999 -9999 -9999 -9999 -9999 -9999 -9999 -9999 -9999 -9999 -9999 -9999 -9999 -9999 -9999 -9999 -9999 -9999 -9999 -9999 -9999 -9999 -9999 -9999 -9999 -9999 -9999 -9999 -9999 -9999 -9999 -9999 -9999 -9999 -9999 -9999 -9999 -9999 -9999 -9999 -9999 -9999 -9999 -9999 -9999 -9999 -9999 -9999 -9999 -9999 -9999 -9999 -9999 -9999 -9999 -9999 -9999 149 157 154 160 162 161 154 152 148 145 149 149 154 154 159 157 155 154 154 156 157 154
-9999 -9999 -9999 -9999 -9999 -9999 -9999 -9999 -9999 -9999 -9999 -9999 -9999 -9999 -9999 -9999 -9999 -9999 -9999 -9999 -9999 -9999 -9999 -9999 -9999 -9999 -9999 -9999 -9999 -9999 -9999 -9999 -9999 -9999 -9999 -9999 -9999 -9999 -9999 -9999 -9999 -9999 -9999 -9999 -9999 -9999 -9999 -9999 -9999 -9999 -9999 -9999 -9999 -9999 -9999 -9999 -9999 -9999 -9999 156 164 162 167 162 163 156 150 150 150 152 155 152 156 159 155 159 158 153 158 158 157
-9999 -9999 -9999 -9999 -9999 -9999 -9999 -9999 -9999 -9999 -9999 -9999 -9999 -9999 -9999 -9999 -9999 -9999 -9999 -9999 -9999 -9999 -9999 -9999 -9999 -9999 -9999 -9999 -9999 -9999 -9999 -9999 -9999 -9999 -9999 -9999 -9999 -9999 -9999 -9999 -9999 -9999 -9999 -9999 -9999 -9999 -9999 -9999 -9999 -9999 -9999 -9999 -9999 -9999 -9999 -9999 -9999 -9999 -9999 155 163 169 167 162 157 154 151 156 151 151 156 159 161 161 160 156 155 157 156 155 159
-9999 -9999 -9999 -9999 -9999 -9999 -9999 -9999 -9999 -9999 -9999 -9999 -9999 -9999 -9999 -9999 -9999 -9999 -9999 -9999 -9999 -9999 -9999 -9999 -9999 -9999 -9999 -9999 -9999 -9999 -9999 -9999 -9999 -9999 -9999 -9999 -9999 -9999 -9999 -9999 -9999 -9999 -9999 -9999 -9999 -9999 -9999 -9999 -9999 -9999 -9999 -9999 -9999 -9999 -9999 -9999 -9999 -9999 -9999 -9999 160 167 165 161 159 159 155 157 153 156 158 157 163 164 156 155 153 157 155 157 157
-9999 -9999 -9999 -9999 -9999 -9999 -9999 -9999 -9999 -9999 -9999 -9999 -9999 -9999 -9999 -9999 -9999 -9999 -9999 -9999 -9999 -9999 -9999 -9999 -9999 -9999 -9999 -9999 -9999 -9999 -9999 -9999 -9999 -9999 -9999 -9999 -9999 -9999 -9999 -9999 -9999 -9999 -9999 -9999 -9999 -9999 -9999 -9999 -9999 -9999 -9999 -9999 -9999 -9999 -9999 -9999 -9999 -9999 -9999 -9999 -9999 -9999 -9999 163 163 156 -9999 156 158 159 159 156 160 162 155 158 152 153 154 156 157
-9999 -9999 -9999 -9999 -9999 -9999 -9999 -9999 -9999 -9999 -9999 -9999 -9999 -9999 -9999 -9999 -9999 -9999 -9999 -9999 -9999 -9999 -9999 -9999 -9999 -9999 -9999 -9999 -9999 -9999 -9999 -9999 -9999 -9999 -9999 -9999 -9999 -9999 -9999 -9999 -9999 -9999 -9999 -9999 -9999 -9999 -9999 -9999 -9999 -9999 -9999 -9999 -9999 -9999 -9999 -9999 -9999 -9999 -9999 -9999 -9999 -9999 -9999 -9999 -9999 159 157 157 158 157 157 157 153 150 156 152 151 151 154 156 156
-9999 -9999 -9999 -9999 -9999 -9999 -9999 -9999 -9999 -9999 -9999 -9999 -9999 -9999 -9999 -9999 -9999 -9999 -9999 -9999 -9999 -9999 -9999 -9999 -9999 -9999 -9999 -9999 -9999 -9999 -9999 -9999 -9999 -9999 -9999 -9999 -9999 -9999 -9999 -9999 -9999 -9999 -9999 -9999 -9999 -9999 -9999 -9999 -9999 -9999 -9999 -9999 -9999 -9999 -9999 -9999 -9999 -9999 -9999 -9999 -9999 -9999 -9999 -9999 -9999 -9999 156 159 155 157 157 157 158 150 151 154 154 153 153 153 154
-9999 -9999 -9999 -9999 -9999 -9999 -9999 -9999 -9999 -9999 -9999 -9999 -9999 -9999 -9999 -9999 -9999 -9999 -9999 -9999 -9999 -9999 -9999 -9999 -9999 -9999 -9999 -9999 -9999 -9999 -9999 -9999 -9999 -9999 -9999 -9999 -9999 -9999 -9999 -9999 -9999 -9999 -9999 -9999 -9999 -9999 -9999 -9999 -9999 -9999 -9999 -9999 -9999 -9999 -9999 -9999 -9999 -9999 -9999 -9999 -9999 -9999 -9999 -9999 -9999 -9999 -9999 159 156 159 157 160 157 148 156 162 158 154 153 155 154
-9999 -9999 -9999 -9999 -9999 -9999 -9999 -9999 -9999 -9999 -9999 -9999 -9999 -9999 -9999 -9999 -9999 -9999 -9999 -9999 -9999 -9999 -9999 -9999 -9999 -9999 -9999 -9999 -9999 -9999 -9999 -9999 -9999 -9999 -9999 -9999 -9999 -9999 -9999 -9999 -9999 -9999 -9999 -9999 -9999 -9999 -9999 -9999 -9999 -9999 -9999 -9999 -9999 -9999 -9999 -9999 -9999 -9999 -9999 -9999 -9999 -9999 -9999 -9999 -9999 -9999 -9999 -9999 156 157 156 158 154 155 160 165 161 -9999 153 153 157
-9999 -9999 -9999 -9999 -9999 -9999 -9999 -9999 -9999 -9999 -9999 -9999 -9999 -9999 -9999 -9999 -9999 -9999 -9999 -9999 -9999 -9999 -9999 -9999 -9999 -9999 -9999 -9999 -9999 -9999 -9999 -9999 -9999 -9999 -9999 -9999 -9999 -9999 -9999 -9999 -9999 -9999 -9999 -9999 -9999 -9999 -9999 -9999 -9999 -9999 -9999 -9999 -9999 -9999 -9999 -9999 -9999 -9999 -9999 -9999 -9999 -9999 -9999 -9999 -9999 -9999 -9999 -9999 -9999 -9999 156 156 155 159 159 -9999 -9999 159 154 153 154
-9999 -9999 -9999 -9999 -9999 -9999 -9999 -9999 -9999 -9999 -9999 -9999 -9999 -9999 -9999 -9999 -9999 -9999 -9999 -9999 -9999 -9999 -9999 -9999 -9999 -9999 -9999 -9999 -9999 -9999 -9999 -9999 -9999 -9999 -9999 -9999 -9999 -9999 -9999 -9999 -9999 -9999 -9999 -9999 -9999 -9999 -9999 -9999 -9999 -9999 -9999 -9999 -9999 -9999 -9999 -9999 -9999 -9999 -9999 -9999 -9999 -9999 -9999 -9999 -9999 -9999 -9999 -9999 -9999 -9999 -9999 -9999 -9999 -9999 -9999 -9999 -9999 155 157 154 156
-9999 -9999 -9999 -9999 -9999 -9999 -9999 -9999 -9999 -9999 -9999 -9999 -9999 -9999 -9999 -9999 -9999 -9999 -9999 -9999 -9999 -9999 -9999 -9999 -9999 -9999 -9999 -9999 -9999 -9999 -9999 -9999 -9999 -9999 -9999 -9999 -9999 -9999 -9999 -9999 -9999 -9999 -9999 -9999 -9999 -9999 -9999 -9999 -9999 -9999 -9999 -9999 -9999 -9999 -9999 -9999 -9999 -9999 -9999 -9999 -9999 -9999 -9999 -9999 -9999 -9999 -9999 -9999 -9999 -9999 -9999 -9999 -9999 -9999 -9999 -9999 155 158 157 154 157
-9999 -9999 -9999 -9999 -9999 -9999 -9999 -9999 -9999 -9999 -9999 -9999 -9999 -9999 -9999 -9999 -9999 -9999 -9999 -9999 -9999 -9999 -9999 -9999 -9999 -9999 -9999 -9999 -9999 -9999 -9999 -9999 -9999 -9999 -9999 -9999 -9999 -9999 -9999 -9999 -9999 -9999 -9999 -9999 -9999 -9999 -9999 -9999 -9999 -9999 -9999 -9999 -9999 -9999 -9999 -9999 -9999 -9999 -9999 -9999 -9999 -9999 -9999 -9999 -9999 -9999 -9999 -9999 -9999 -9999 -9999 -9999 -9999 161 159 156 152 150 150 150 151
-9999 -9999 -9999 -9999 -9999 -9999 -9999 -9999 -9999 -9999 -9999 -9999 -9999 -9999 -9999 -9999 -9999 -9999 -9999 -9999 -9999 -9999 -9999 -9999 -9999 -9999 -9999 -9999 -9999 -9999 -9999 -9999 -9999 -9999 -9999 -9999 -9999 -9999 -9999 -9999 -9999 -9999 -9999 -9999 -9999 -9999 -9999 -9999 -9999 -9999 -9999 -9999 -9999 -9999 -9999 -9999 -9999 -9999 -9999 -9999 -9999 -9999 -9999 -9999 -9999 -9999 -9999 -9999 -9999 161 163 164 162 161 157 156 146 139 144 147 150
-9999 -9999 -9999 -9999 -9999 -9999 -9999 -9999 -9999 -9999 -9999 -9999 -9999 -9999 -9999 -9999 -9999 -9999 -9999 -9999 -9999 -9999 -9999 -9999 -9999 -9999 -9999 -9999 -9999 -9999 -9999 -9999 -9999 -9999 -9999 -9999 -9999 -9999 -9999 -9999 -9999 -9999 -9999 -9999 -9999 -9999 -9999 -9999 -9999 -9999 -9999 -9999 -9999 -9999 -9999 -9999 -9999 -9999 -9999 -9999 -9999 -9999 -9999 -9999 -9999 -9999 -9999 -9999 -9999 -9999 167 169 162 159 156 154 148 142 144 149 147
-9999 -9999 -9999 -9999 -9999 -9999 -9999 -9999 -9999 -9999 -9999 -9999 -9999 -9999 -9999 -9999 -9999 -9999 -9999 -9999 -9999 -9999 -9999 -9999 -9999 -9999 -9999 -9999 -9999 -9999 -9999 -9999 -9999 -9999 -9999 -9999 -9999 -9999 -9999 -9999 -9999 -9999 -9999 -9999 -9999 -9999 -9999 -9999 -9999 -9999 -9999 -9999 -9999 -9999 -9999 -9999 -9999 -9999 -9999 -9999 -9999 -9999 -9999 -9999 -9999 -9999 -9999 -9999 -9999 -9999 -9999 165 162 158 156 154 152 150 149 148 148
