KUENM/G_variables/Set_1/se_asia/bio2_unc.asc
NCOLS 320 
NROWS 243 
XLLCORNER 44 
YLLCORNER -0.666666666666667 
CELLSIZE 0.166666666666667 
NODATA_value -9999 
[rows 36 to 71 of 243, columns 81 to 161 of 320]
162 162 162 162 162 161 161 162 162 161 160 159 158 158 158 158 158 158 159 159 160 160 159 160 160 159 158 157 157 156 154 153 153 152 152 153 153 155 156 157 159 160 161 162 163 164 166 167 169 169 165 167 169 165 166 167 164 155 147 149 140 143 141 138 146 147 143 138 142 134 128 128 125 128 126 126 125 119 112 111 110
163 163 163 163 162 162 162 161 162 162 161 160 160 159 159 158 159 159 160 160 161 161 161 161 161 161 160 160 159 158 156 155 155 154 154 155 156 157 158 159 160 161 162 163 163 165 166 169 170 169 165 170 170 169 167 162 153 151 155 148 139 145 143 144 147 150 146 142 140 141 138 127 121 130 133 131 129 123 118 117 117
164 164 164 163 162 162 162 161 161 162 162 162 162 161 160 160 160 160 160 161 161 161 162 162 162 162 162 162 162 161 160 159 157 157 158 158 158 158 159 160 161 161 162 164 165 167 167 169 169 170 167 170 171 169 166 163 157 157 152 151 144 144 140 147 151 152 151 147 147 144 130 135 132 136 138 135 129 127 124 122 120
165 164 164 163 163 163 162 162 162 162 163 163 163 162 161 160 159 160 161 161 161 162 163 163 163 163 164 164 164 163 162 161 161 160 161 160 160 161 161 162 163 162 163 164 166 167 168 169 171 170 170 171 170 166 159 159 159 154 151 154 150 149 152 155 154 153 150 149 147 138 129 135 138 139 137 132 129 127 126 123 123
166 163 163 163 163 163 163 164 164 163 164 164 163 162 161 161 160 160 161 161 162 162 163 164 164 164 165 166 165 164 165 165 163 162 162 164 163 162 162 161 161 162 164 166 168 169 167 170 171 171 171 170 167 164 162 163 156 155 154 157 154 155 156 156 155 150 147 148 144 136 134 134 135 135 135 131 129 128 128 128 129
163 162 162 162 162 162 162 164 163 162 163 162 163 163 161 161 160 160 161 162 162 163 164 164 166 166 167 168 168 168 168 168 168 166 165 166 163 162 162 162 164 165 166 169 169 169 169 171 172 171 169 170 169 167 166 162 153 157 162 157 156 158 158 157 153 151 151 146 140 140 140 142 141 140 136 131 129 131 132 133 132
161 162 162 162 162 161 162 162 162 164 165 164 163 163 162 161 161 160 161 162 162 163 164 165 166 168 168 169 171 171 171 170 169 169 168 167 166 166 164 165 166 167 169 170 170 169 169 172 172 171 172 171 170 166 161 157 155 161 163 160 160 160 158 157 155 153 150 143 143 141 143 137 135 130 133 133 130 132 135 135 136
162 161 162 162 161 162 161 162 162 163 163 164 164 162 162 161 160 160 161 161 162 163 164 165 167 169 170 173 173 173 172 171 171 169 168 168 168 167 167 168 167 169 170 171 171 171 171 172 172 172 172 171 166 160 164 165 165 165 162 163 161 159 159 157 155 153 149 148 149 143 142 134 131 133 136 135 132 134 137 138 138
162 161 161 161 161 162 162 163 163 164 163 162 163 163 162 161 160 160 160 161 161 162 164 165 167 169 171 174 174 174 170 171 171 171 171 170 170 170 169 168 169 171 172 172 173 172 173 171 172 172 171 169 165 165 167 168 166 163 164 162 159 159 158 157 154 152 149 149 151 147 141 139 141 140 141 138 137 140 140 138 137
159 159 160 160 160 160 161 161 161 162 163 164 163 162 161 161 160 160 160 160 161 162 163 164 166 168 171 173 175 174 174 174 173 173 173 173 172 172 171 171 172 172 173 173 173 173 172 171 170 170 170 169 170 169 169 168 166 166 163 161 160 158 156 154 152 150 146 146 149 152 148 149 150 145 143 142 143 143 143 141 140
158 158 159 159 159 159 159 160 161 162 163 163 163 161 160 161 161 159 159 159 160 160 162 163 165 167 170 172 173 174 174 174 174 174 174 173 173 173 173 173 173 174 174 174 174 173 172 171 172 171 171 171 170 169 168 168 167 165 161 161 158 156 154 152 152 150 149 149 145 152 152 151 150 148 145 146 146 145 145 144 145
158 158 158 158 158 158 159 160 160 162 162 162 162 162 161 160 160 159 159 159 158 159 160 161 164 166 168 170 172 173 174 174 174 174 174 174 174 174 174 174 174 174 174 174 174 173 171 172 172 172 172 172 170 170 169 168 166 162 161 159 159 156 154 153 152 152 150 150 147 148 152 151 148 147 141 146 148 147 147 146 146
157 158 157 157 157 157 158 159 160 161 161 161 161 162 161 160 159 158 157 157 157 157 158 159 161 164 167 169 171 173 173 174 174 174 175 174 174 175 175 175 175 175 175 175 175 174 173 173 173 172 172 171 171 170 169 168 164 160 160 160 157 156 155 154 153 152 151 150 148 148 146 149 147 142 138 146 149 149 149 148 148
157 157 156 156 155 155 156 157 158 159 161 161 159 159 159 158 158 157 157 156 156 155 156 157 159 163 166 168 171 172 173 174 175 175 174 175 175 175 175 176 176 176 176 176 176 175 174 174 173 172 172 172 171 171 170 168 165 163 161 159 157 156 155 154 153 152 151 151 149 146 145 145 144 137 133 144 148 151 151 150 150
155 155 155 155 154 154 155 156 157 157 157 158 158 157 158 158 157 156 156 155 154 153 153 155 157 162 165 168 170 172 173 174 174 174 174 175 175 176 176 176 176 176 176 176 176 175 175 174 174 173 172 172 171 170 169 166 163 162 160 157 155 154 153 152 151 152 151 149 146 145 146 145 141 137 136 141 150 153 153 153 153
154 154 154 153 153 153 154 155 155 156 155 156 157 157 158 160 156 155 155 154 153 152 152 152 156 161 166 169 170 172 173 173 174 174 175 175 175 176 176 177 177 176 176 176 176 175 175 175 174 173 173 172 171 171 169 164 161 160 158 156 154 152 151 151 151 149 149 148 147 147 147 144 140 138 138 140 150 154 155 156 156
152 151 151 151 151 151 153 154 155 156 155 154 156 156 157 157 156 155 154 153 152 152 151 152 156 162 167 169 170 171 172 173 174 174 174 175 175 176 176 177 177 177 176 176 176 176 176 175 174 174 174 173 173 172 168 161 159 156 155 153 151 150 151 150 149 150 151 150 147 149 148 143 141 139 142 142 150 154 157 158 158
151 149 148 148 148 149 151 152 153 154 154 154 155 156 156 156 157 156 155 153 153 152 152 153 156 163 167 169 170 170 171 172 172 173 174 174 175 176 176 177 177 177 176 177 177 177 176 176 175 175 174 174 173 172 164 161 157 155 154 152 149 150 152 154 154 153 153 154 152 151 147 144 141 142 142 141 149 154 158 159 160
152 148 148 147 147 147 147 150 151 152 152 154 155 156 156 158 158 158 157 154 153 153 153 154 158 162 165 168 169 169 170 171 172 173 173 174 175 176 176 177 177 177 177 177 177 177 177 177 176 176 175 175 174 169 165 166 164 161 156 151 150 152 151 153 157 158 157 156 153 151 148 146 144 145 144 139 150 154 158 158 158
156 147 147 147 147 146 146 147 149 150 151 153 154 156 156 158 158 158 158 156 155 155 155 157 159 162 165 166 168 169 170 171 172 173 173 174 175 176 176 177 177 177 178 178 178 178 178 178 177 177 177 176 174 166 170 169 166 159 153 150 147 146 148 151 152 153 155 155 154 153 151 149 147 147 146 145 151 153 157 157 156
154 146 145 145 145 145 145 145 147 149 150 152 154 155 157 159 159 158 158 157 155 156 157 158 160 162 164 166 167 168 169 170 171 172 172 173 174 175 176 176 177 177 178 179 179 179 179 178 178 178 178 177 173 169 170 169 164 154 150 149 147 144 144 148 152 156 159 159 157 155 152 150 148 146 145 144 150 153 156 156 155
160 150 144 143 143 144 144 144 146 148 150 152 153 155 158 159 159 159 159 157 156 157 158 159 161 162 163 165 166 167 168 169 170 171 172 173 173 175 175 176 177 178 178 179 179 180 180 180 179 179 179 178 174 172 170 163 159 150 146 149 153 153 151 150 153 158 159 158 157 156 153 151 148 145 146 142 151 154 156 155 154
165 157 147 142 141 142 142 143 143 147 148 150 152 154 157 159 159 159 161 159 157 159 159 160 161 162 163 164 165 166 167 168 169 170 171 172 173 174 175 176 177 178 179 179 180 180 180 180 180 180 180 178 172 170 167 160 152 149 148 152 159 160 159 156 154 155 158 158 157 155 153 150 146 147 147 144 153 155 156 155 153
166 160 148 142 140 140 141 141 142 143 145 147 149 152 156 158 160 160 162 162 160 160 160 161 162 162 163 164 165 165 166 167 168 169 170 171 172 173 174 175 177 178 179 180 180 181 181 181 181 181 181 176 170 169 166 161 154 150 153 156 161 162 160 159 157 157 157 157 154 153 151 149 150 148 146 149 155 156 156 155 153
164 160 151 142 139 139 139 139 141 142 144 146 148 152 157 159 160 161 163 164 164 162 161 161 162 162 163 163 164 164 165 166 166 167 168 169 171 172 173 174 176 177 179 180 180 181 181 181 181 182 181 176 171 169 162 160 154 152 157 164 162 161 160 159 158 156 155 155 153 152 152 151 150 149 147 154 156 156 156 155 154
158 158 151 144 141 138 138 139 140 141 143 145 147 150 156 159 160 161 163 165 166 165 164 162 162 162 162 162 163 163 163 164 165 166 167 168 169 171 172 173 174 175 177 180 181 182 182 182 182 182 182 179 173 168 162 159 154 154 159 162 162 160 159 158 156 155 154 153 153 152 151 151 151 150 150 156 157 157 157 155 154
157 154 151 150 145 139 138 138 139 140 141 143 146 148 154 159 160 162 162 164 166 166 165 164 162 163 162 162 162 162 162 163 164 165 166 167 168 169 170 172 173 176 179 180 181 181 182 182 182 182 181 176 170 166 164 159 156 155 156 160 161 159 158 156 155 154 153 152 152 151 150 151 151 151 152 156 157 157 157 156 155
159 155 148 144 144 138 137 138 138 139 141 143 145 148 152 157 159 161 162 163 164 165 165 164 164 163 162 162 161 161 162 162 162 163 165 167 168 170 171 172 175 177 179 180 181 181 182 182 182 181 179 173 170 166 163 159 156 158 156 161 161 159 157 155 154 152 151 151 150 150 150 150 150 151 154 157 157 158 157 157 156
158 152 151 143 138 135 136 137 138 138 140 142 145 147 151 157 158 161 161 162 161 164 164 164 163 162 162 161 160 160 160 161 161 162 163 166 168 169 171 173 175 178 179 180 181 181 181 181 180 179 177 173 167 166 163 157 157 157 158 162 160 158 156 154 153 151 150 150 149 149 149 150 150 151 155 157 158 159 158 158 157
145 141 151 150 140 134 134 135 136 137 139 142 145 147 150 155 158 159 160 160 161 163 164 163 163 162 161 160 159 159 157 157 158 160 162 165 167 169 171 173 175 177 179 180 180 179 179 179 180 179 175 170 167 165 161 154 159 162 161 162 160 157 155 153 151 149 148 148 148 148 149 150 151 154 156 157 158 159 160 159 159
132 130 143 152 147 138 134 134 135 136 138 141 144 146 150 154 157 159 160 159 158 160 162 163 162 161 161 160 159 158 157 156 157 160 162 164 166 169 170 173 174 176 177 177 176 176 177 180 180 179 173 168 167 165 159 160 158 161 162 162 159 157 154 152 149 148 147 147 147 148 149 150 152 154 156 157 158 159 160 160 159
130 125 129 139 150 143 136 134 134 135 138 140 143 146 150 153 156 158 159 159 158 155 160 162 162 161 161 160 159 158 157 157 158 160 162 164 166 168 170 171 172 173 175 176 177 179 179 179 179 177 171 168 167 162 158 163 160 162 164 162 159 157 153 151 148 146 145 145 146 147 149 150 152 154 155 157 158 159 161 161 159
126 123 124 127 134 142 139 135 134 135 138 141 143 146 150 152 155 157 158 159 159 160 161 161 160 161 160 160 159 158 158 158 159 161 162 164 166 168 169 170 172 174 175 177 178 178 179 179 178 175 169 168 167 162 166 164 162 163 164 162 159 156 153 150 147 144 143 144 145 147 148 150 152 153 155 156 157 159 160 160 159
121 120 122 123 126 129 132 134 135 136 139 142 143 146 150 152 154 156 157 158 159 160 160 161 158 159 160 160 159 159 159 159 160 161 162 164 165 167 169 171 172 173 175 176 177 177 178 178 176 174 169 169 166 165 165 162 163 162 163 163 160 157 154 150 147 143 142 144 145 146 148 150 151 153 155 156 157 158 158 158 158
122 119 118 119 121 123 125 128 134 136 139 143 143 146 149 151 154 154 155 158 159 159 160 160 158 156 159 159 159 159 159 160 160 161 163 164 165 167 168 170 171 172 173 175 175 176 176 176 173 171 167 168 167 166 166 165 163 164 163 163 161 158 155 152 148 145 144 144 145 146 148 150 151 153 154 155 156 157 157 157 157
116 116 115 116 118 119 121 124 128 132 134 137 141 145 147 150 153 154 154 157 157 158 158 158 158 157 157 156 158 159 159 160 161 161 162 164 165 166 167 169 170 171 172 173 174 175 175 172 169 170 167 167 166 165 165 162 164 162 163 162 163 159 156 153 151 148 146 145 146 147 148 150 151 153 154 155 156 156 156 156 155
