KUENM/G_variables/Set_1/se_asia/bio2_unc.asc
NCOLS 320 
NROWS 243 
XLLCORNER 44 
YLLCORNER -0.666666666666667 
CELLSIZE 0.166666666666667 
NODATA_value -9999 
[rows 36 to 71 of 243, columns 162 to 242 of 320]
114 117 119 125 122 130 140 142 143 143 142 136 130 134 119 119 104 113 114 102 79 77 95 108 113 108 86 81 83 86 89 92 95 98 102 107 107 113 115 115 124 127 123 122 127 131 137 -9999 -9999 -9999 -9999 -9999 -9999 -9999 -9999 -9999 -9999 -9999 -9999 -9999 -9999 -9999 -9999 -9999 -9999 -9999 -9999 -9999 -9999 -9999 -9999 -9999 -9999 -9999 -9999 -9999 -9999 -9999 -9999 -9999 -9999
119 120 121 123 127 137 140 140 139 140 141 140 142 140 133 133 126 123 117 108 90 75 80 93 99 101 87 82 88 86 88 91 94 97 101 106 108 109 114 114 119 120 126 123 123 131 136 -9999 -9999 -9999 -9999 -9999 -9999 -9999 -9999 -9999 -9999 -9999 -9999 -9999 -9999 -9999 -9999 -9999 -9999 -9999 -9999 -9999 -9999 -9999 -9999 -9999 -9999 -9999 -9999 -9999 -9999 -9999 -9999 -9999 -9999
120 122 125 128 133 138 139 139 140 140 140 142 141 139 137 138 134 127 118 113 107 88 94 86 84 93 82 92 97 91 88 91 94 96 99 104 105 109 111 114 117 120 123 125 125 127 132 -9999 -9999 -9999 -9999 -9999 -9999 -9999 -9999 -9999 -9999 -9999 -9999 -9999 -9999 -9999 -9999 -9999 -9999 -9999 -9999 -9999 -9999 -9999 -9999 -9999 -9999 -9999 -9999 -9999 -9999 -9999 -9999 -9999 -9999
123 123 125 129 134 135 139 140 140 141 143 141 140 139 140 140 139 128 122 121 118 110 108 101 104 103 91 88 96 88 89 91 92 95 97 101 105 108 111 114 116 118 120 122 127 130 131 137 -9999 -9999 -9999 -9999 -9999 -9999 -9999 -9999 -9999 -9999 -9999 -9999 -9999 -9999 -9999 -9999 -9999 -9999 -9999 -9999 -9999 -9999 -9999 -9999 -9999 -9999 -9999 -9999 -9999 -9999 -9999 -9999 -9999
127 122 123 130 138 140 141 140 141 141 141 140 139 139 140 142 141 137 127 125 123 119 118 111 105 100 100 99 97 94 87 89 92 94 97 99 102 106 108 112 114 116 117 122 121 128 134 134 138 140 -9999 -9999 -9999 -9999 -9999 -9999 -9999 -9999 -9999 -9999 -9999 -9999 -9999 -9999 -9999 -9999 -9999 -9999 -9999 -9999 -9999 -9999 -9999 -9999 -9999 -9999 -9999 -9999 -9999 -9999 -9999
129 135 139 140 140 141 140 139 139 139 138 139 140 141 142 143 142 139 135 130 127 123 120 115 113 105 94 85 87 87 89 89 91 93 95 98 100 103 106 110 112 114 117 121 121 126 130 135 134 142 -9999 -9999 -9999 -9999 -9999 -9999 -9999 -9999 -9999 -9999 -9999 -9999 -9999 -9999 -9999 -9999 -9999 -9999 -9999 -9999 -9999 -9999 -9999 -9999 -9999 -9999 -9999 -9999 -9999 -9999 -9999
135 141 144 143 139 141 139 136 136 133 134 134 135 141 142 143 141 139 137 134 131 127 122 117 116 111 102 94 90 91 94 90 89 91 94 97 100 102 104 107 110 113 116 119 123 126 125 134 134 134 142 -9999 -9999 -9999 -9999 -9999 -9999 -9999 -9999 -9999 -9999 -9999 -9999 -9999 -9999 -9999 -9999 -9999 -9999 -9999 -9999 -9999 -9999 -9999 -9999 -9999 -9999 -9999 -9999 -9999 -9999
140 143 147 148 145 136 132 131 137 141 145 145 145 145 144 143 141 139 137 135 133 129 124 120 120 118 116 111 105 102 95 89 88 90 92 94 97 101 103 105 108 110 113 116 119 124 125 130 131 129 -9999 -9999 -9999 -9999 -9999 -9999 -9999 -9999 -9999 -9999 -9999 -9999 -9999 -9999 -9999 -9999 -9999 -9999 -9999 -9999 -9999 -9999 -9999 -9999 -9999 -9999 -9999 -9999 -9999 -9999 -9999
137 142 148 149 149 145 140 144 148 148 148 147 146 144 143 142 141 139 137 136 134 132 128 126 125 126 125 121 119 108 90 86 86 87 91 93 95 98 101 104 107 110 112 113 117 -9999 -9999 124 127 -9999 -9999 -9999 -9999 -9999 -9999 -9999 -9999 -9999 -9999 -9999 -9999 -9999 -9999 -9999 -9999 -9999 -9999 -9999 -9999 -9999 -9999 -9999 -9999 -9999 -9999 -9999 -9999 -9999 -9999 -9999 -9999
141 146 148 149 149 148 148 148 148 148 148 147 146 144 143 142 140 139 137 136 135 133 131 130 130 130 131 130 125 117 106 93 85 86 88 91 93 93 99 102 104 107 110 113 115 -9999 -9999 -9999 -9999 -9999 -9999 -9999 -9999 -9999 -9999 -9999 -9999 -9999 -9999 -9999 -9999 -9999 -9999 -9999 -9999 -9999 -9999 -9999 -9999 -9999 -9999 -9999 -9999 -9999 -9999 -9999 -9999 -9999 -9999 -9999 -9999
146 147 148 149 149 149 149 149 149 149 148 147 145 144 143 141 140 138 137 136 136 135 135 134 134 134 133 133 129 122 118 109 97 91 86 86 87 89 94 101 103 105 108 110 113 116 -9999 -9999 -9999 -9999 -9999 -9999 -9999 -9999 -9999 -9999 -9999 -9999 -9999 -9999 -9999 -9999 -9999 -9999 -9999 -9999 -9999 -9999 -9999 -9999 -9999 -9999 -9999 -9999 -9999 -9999 -9999 -9999 -9999 -9999 -9999
146 148 149 149 149 149 149 149 149 148 148 146 144 143 142 141 139 138 137 136 136 137 137 138 137 136 136 135 131 124 118 115 107 106 99 88 86 86 91 97 101 103 106 109 111 112 -9999 -9999 -9999 -9999 -9999 -9999 -9999 -9999 -9999 -9999 -9999 -9999 -9999 -9999 -9999 -9999 -9999 -9999 -9999 -9999 -9999 -9999 -9999 -9999 -9999 -9999 -9999 -9999 -9999 -9999 -9999 -9999 -9999 -9999 -9999
148 149 149 149 149 149 149 149 148 148 147 145 144 142 141 140 139 138 137 136 136 138 140 141 140 139 138 137 134 125 118 116 115 105 99 96 87 87 85 93 99 101 104 106 106 108 -9999 -9999 -9999 -9999 -9999 -9999 -9999 -9999 -9999 -9999 -9999 -9999 -9999 -9999 -9999 -9999 -9999 -9999 -9999 -9999 -9999 -9999 -9999 -9999 -9999 -9999 -9999 -9999 -9999 -9999 -9999 -9999 -9999 -9999 -9999
150 151 150 150 150 149 149 148 148 147 145 144 143 142 141 140 139 138 137 136 136 138 142 144 143 141 140 139 136 132 126 122 114 108 102 101 86 80 82 86 88 90 95 98 100 108 112 -9999 -9999 -9999 -9999 -9999 -9999 -9999 -9999 -9999 -9999 -9999 -9999 -9999 -9999 -9999 -9999 -9999 -9999 -9999 -9999 -9999 -9999 -9999 -9999 -9999 -9999 -9999 -9999 -9999 -9999 -9999 -9999 -9999 -9999
153 152 151 151 150 149 149 148 147 146 145 143 142 141 141 140 140 139 138 137 137 139 142 144 144 143 142 141 139 136 131 128 123 117 113 98 81 82 87 90 85 92 95 97 103 106 109 -9999 114 -9999 -9999 -9999 -9999 -9999 -9999 -9999 -9999 -9999 -9999 -9999 -9999 -9999 -9999 -9999 -9999 -9999 -9999 -9999 -9999 -9999 -9999 -9999 -9999 -9999 -9999 -9999 -9999 -9999 -9999 -9999 -9999
155 154 153 151 150 149 149 148 147 145 144 143 142 141 141 141 140 140 139 139 140 141 143 144 145 145 144 143 141 139 137 131 131 124 114 97 96 90 80 79 82 84 88 96 101 104 106 109 111 -9999 -9999 -9999 -9999 -9999 -9999 -9999 -9999 -9999 -9999 -9999 -9999 -9999 -9999 -9999 -9999 -9999 -9999 -9999 -9999 -9999 -9999 -9999 -9999 -9999 -9999 -9999 -9999 -9999 -9999 -9999 -9999
157 155 153 152 150 150 149 147 147 145 144 143 142 142 142 142 141 141 141 142 142 143 145 146 146 146 145 145 144 142 140 137 133 132 121 107 92 80 82 77 81 82 86 87 96 101 100 103 107 109 -9999 -9999 -9999 -9999 -9999 -9999 -9999 -9999 -9999 -9999 -9999 -9999 -9999 -9999 -9999 -9999 -9999 -9999 -9999 -9999 -9999 -9999 -9999 -9999 -9999 -9999 -9999 -9999 -9999 -9999 -9999
158 155 153 152 150 149 148 147 147 146 144 143 143 142 143 143 143 143 144 144 145 145 146 147 147 147 147 146 146 145 142 140 137 134 130 113 96 92 79 79 87 88 86 85 87 93 97 102 104 107 109 109 112 -9999 -9999 -9999 -9999 -9999 -9999 -9999 -9999 -9999 -9999 -9999 -9999 -9999 -9999 -9999 -9999 -9999 -9999 -9999 -9999 -9999 -9999 -9999 -9999 -9999 -9999 -9999 -9999
156 154 152 151 150 149 149 148 147 146 145 144 143 143 144 144 145 146 146 146 147 147 148 149 148 148 148 148 147 146 143 141 139 136 134 128 109 98 90 84 93 83 89 87 91 88 92 97 100 104 104 106 109 109 112 -9999 -9999 -9999 -9999 -9999 -9999 -9999 -9999 -9999 -9999 -9999 -9999 -9999 -9999 -9999 -9999 -9999 -9999 -9999 -9999 -9999 -9999 -9999 -9999 -9999 -9999
155 153 151 150 149 149 148 148 147 147 146 145 144 144 145 146 147 148 148 149 149 150 150 150 150 150 149 149 148 146 144 141 140 139 137 135 130 120 112 106 107 98 90 90 91 89 88 89 95 96 100 100 103 107 109 -9999 -9999 -9999 -9999 -9999 -9999 -9999 -9999 -9999 -9999 -9999 -9999 -9999 -9999 -9999 -9999 -9999 -9999 -9999 -9999 -9999 -9999 -9999 -9999 -9999 -9999
153 151 149 148 148 148 148 148 148 148 147 146 146 146 147 148 149 150 151 151 152 151 152 152 152 151 151 150 148 147 145 142 140 139 140 137 134 131 128 126 124 115 101 87 100 97 92 95 99 97 98 96 101 105 105 107 108 109 -9999 -9999 -9999 -9999 -9999 -9999 -9999 -9999 -9999 -9999 -9999 -9999 -9999 -9999 -9999 -9999 -9999 -9999 -9999 -9999 -9999 -9999 -9999
152 150 148 147 148 148 149 149 149 149 149 148 147 147 148 150 152 153 153 154 154 153 153 154 153 153 152 151 150 148 145 143 141 140 140 138 135 133 132 130 125 122 121 105 101 104 107 103 98 104 97 93 98 101 103 101 105 105 107 108 -9999 -9999 110 111 112 112 -9999 -9999 -9999 -9999 -9999 -9999 -9999 -9999 -9999 -9999 -9999 -9999 -9999 -9999 -9999
152 150 148 148 148 149 149 150 150 151 150 150 149 148 149 152 154 155 156 155 155 155 155 155 154 154 153 152 151 149 147 144 142 140 139 137 135 133 132 131 130 128 124 124 114 107 98 97 89 92 95 96 93 96 97 100 100 100 102 103 -9999 -9999 107 108 109 109 110 -9999 -9999 -9999 -9999 -9999 -9999 -9999 -9999 -9999 -9999 -9999 -9999 -9999 -9999
152 150 149 149 148 149 150 151 152 153 153 152 151 149 151 153 156 158 157 157 157 157 156 156 156 155 154 153 152 150 148 145 143 141 138 136 134 133 132 132 131 131 129 125 110 104 106 97 95 102 100 101 106 106 107 107 99 103 99 100 105 104 106 106 106 108 107 108 110 -9999 -9999 -9999 -9999 -9999 -9999 -9999 -9999 -9999 -9999 -9999 -9999
153 151 150 149 149 150 151 152 153 154 155 155 153 152 153 155 156 158 158 158 158 158 157 157 157 156 155 154 153 151 149 146 143 141 138 135 133 133 132 131 131 131 130 128 124 117 111 102 99 107 104 101 104 110 111 111 115 107 103 98 100 102 103 104 107 110 110 105 108 108 -9999 -9999 -9999 -9999 -9999 -9999 -9999 -9999 -9999 -9999 -9999
153 152 151 150 150 150 151 152 154 155 157 157 155 154 154 155 157 158 158 158 158 158 158 158 158 157 156 155 154 152 149 147 144 141 138 136 134 132 132 131 131 130 130 128 127 124 122 118 114 106 102 104 102 107 112 107 114 107 99 101 100 105 103 103 111 110 110 108 106 106 108 109 112 -9999 -9999 -9999 -9999 -9999 -9999 -9999 -9999
154 153 152 151 151 151 152 153 154 155 156 156 155 155 155 155 156 157 157 158 158 158 158 158 158 158 157 156 154 153 150 147 144 141 138 136 134 132 131 131 130 129 129 128 127 126 125 123 121 114 99 95 95 107 106 115 111 100 105 107 100 102 106 103 109 106 105 104 104 107 108 108 109 112 -9999 -9999 -9999 -9999 -9999 -9999 -9999
155 154 153 152 152 152 152 153 153 154 155 155 155 154 155 155 155 156 157 157 158 158 158 158 158 158 157 156 155 153 150 147 144 141 139 136 134 132 131 130 130 129 128 128 127 126 126 125 124 122 119 114 106 108 110 115 104 98 104 113 109 113 103 105 105 105 106 106 104 105 106 107 109 111 114 -9999 -9999 117 119 -9999 -9999
156 155 154 153 152 152 152 152 153 153 153 154 154 154 154 154 154 155 156 156 157 157 158 158 158 158 157 156 155 153 150 147 145 141 138 136 134 132 130 130 129 128 128 128 127 127 126 125 125 124 123 122 121 119 119 118 118 111 104 99 115 112 109 106 104 101 101 102 103 105 106 106 108 110 112 114 116 115 118 -9999 -9999
157 156 155 154 153 152 152 152 152 153 153 152 152 152 152 153 153 154 155 156 156 156 157 157 157 157 157 156 154 152 150 147 144 141 138 135 133 131 130 129 129 128 128 128 127 127 126 126 125 125 124 123 123 123 122 122 121 117 114 116 117 114 112 109 104 103 103 107 105 106 105 107 107 109 111 113 113 114 118 -9999 -9999
158 156 155 154 153 152 152 152 152 151 151 151 151 151 151 151 152 153 153 154 155 155 156 156 156 156 156 155 154 152 149 147 144 141 138 135 132 131 130 129 129 129 128 128 127 127 126 126 126 125 124 124 124 123 123 123 122 121 120 118 116 117 117 109 104 103 107 110 108 105 105 106 107 110 111 111 112 114 117 118 121
158 157 155 154 153 152 152 151 151 150 150 149 149 149 149 149 150 151 152 153 153 154 155 155 155 155 155 154 152 151 148 146 143 141 137 135 132 130 130 129 129 129 129 129 128 128 127 127 126 126 125 125 124 124 123 123 123 122 120 118 115 113 118 120 110 106 115 112 108 107 107 105 105 107 109 109 111 114 115 116 116
157 156 155 154 153 152 151 150 150 149 149 148 147 147 147 148 149 149 150 151 152 152 153 154 154 154 153 152 151 149 147 145 143 140 137 135 132 130 131 130 129 129 129 129 129 129 128 128 127 126 125 125 125 124 124 123 123 122 120 119 117 117 120 122 122 114 106 106 104 107 107 106 108 108 109 110 109 109 110 112 111
157 156 155 153 152 152 151 150 149 148 147 146 146 145 145 146 147 148 149 150 150 151 152 152 152 152 152 151 150 148 146 144 142 140 137 135 133 132 131 131 131 130 130 130 130 130 129 129 128 128 127 126 126 125 124 124 123 122 121 121 120 121 124 127 125 123 116 111 108 110 112 110 110 111 109 110 109 108 108 107 107
156 155 154 153 152 151 150 149 148 147 146 144 144 142 143 144 145 146 147 147 148 150 150 151 151 151 150 149 148 146 145 143 141 139 137 135 135 133 132 131 131 131 131 131 131 131 131 130 130 129 128 127 127 126 125 124 124 123 122 122 123 124 128 131 128 125 121 121 119 113 115 114 113 113 111 112 110 109 110 111 109
155 154 153 152 151 150 149 148 147 146 144 143 142 141 141 142 143 144 145 146 147 148 149 150 150 149 149 147 145 145 144 142 141 139 137 135 135 134 133 132 132 132 132 132 132 132 132 132 131 130 130 129 128 127 126 125 124 124 123 123 124 126 128 129 128 125 122 122 121 120 118 118 115 114 113 113 112 112 112 112 111
