KUENM/G_variables/Set_1/se_asia/bio2_unc.asc
NCOLS 320 
NROWS 243 
XLLCORNER 44 
YLLCORNER -0.666666666666667 
CELLSIZE 0.166666666666667 
NODATA_value -9999 
[rows 72 to 107 of 243, columns 81 to 161 of 320]
116 115 113 114 115 116 118 120 123 126 130 134 139 142 145 149 152 154 155 157 157 157 155 157 157 157 157 155 157 158 159 160 160 161 162 163 164 165 167 168 169 170 171 172 172 172 170 167 167 168 168 169 168 166 166 166 165 164 163 164 164 161 159 156 153 151 149 147 147 148 149 151 152 153 154 155 155 155 155 155 154
111 113 110 111 112 114 116 118 120 123 126 130 134 138 142 146 150 154 156 157 157 157 154 154 157 157 156 156 155 157 158 159 160 160 161 162 163 164 165 166 167 167 168 169 168 166 166 165 167 169 168 167 169 165 164 166 163 162 162 167 165 163 161 158 156 154 152 150 149 150 151 152 153 154 155 155 155 155 155 155 154
105 108 108 108 110 111 113 115 118 120 123 127 130 134 139 143 148 153 155 158 158 154 153 152 155 156 155 154 155 155 155 157 158 159 160 161 162 162 163 163 164 164 164 163 164 165 164 165 164 167 166 167 168 165 162 166 166 164 164 168 167 165 163 161 159 157 155 153 152 153 153 153 154 154 155 155 155 154 154 153 153
105 107 108 108 108 109 111 113 115 118 121 124 127 131 136 140 145 150 155 159 157 154 151 152 151 152 153 154 154 155 154 155 154 155 157 159 159 159 160 160 160 160 161 162 163 163 164 164 162 165 168 169 166 165 163 165 167 164 167 169 168 167 166 164 162 160 158 156 155 155 155 155 155 155 155 155 155 154 153 152 152
104 111 110 109 108 108 109 111 113 115 118 121 125 128 133 137 142 146 151 154 152 149 149 148 150 150 151 151 152 153 154 155 156 156 158 158 159 158 158 158 158 159 160 159 161 163 164 163 166 162 169 166 165 166 165 165 165 166 166 171 169 168 168 167 165 163 161 159 158 157 157 157 156 156 156 155 155 154 152 152 151
103 112 114 111 112 109 110 110 111 113 116 120 123 126 130 134 138 141 144 145 145 144 145 145 146 147 147 148 149 150 151 152 153 155 156 157 157 157 157 156 156 156 157 159 160 161 162 164 161 167 165 166 163 166 165 165 165 166 169 170 170 169 169 169 168 165 163 162 160 159 159 158 158 157 157 156 155 153 152 152 150
102 112 109 109 112 110 112 112 111 112 115 119 121 124 127 130 133 135 136 137 139 141 142 143 143 144 145 147 148 147 149 151 152 152 154 154 155 155 155 154 154 154 155 155 157 159 159 163 164 167 162 166 163 168 163 164 165 165 168 170 169 169 170 170 169 167 165 163 162 161 160 159 159 158 157 156 155 154 152 150 148
98 108 103 104 103 104 106 107 109 111 114 117 117 121 124 126 128 129 131 134 134 135 137 138 139 141 142 144 146 148 150 151 151 151 152 152 152 153 152 152 152 152 153 154 155 158 161 162 164 166 166 167 169 172 165 163 165 165 167 169 168 168 169 169 169 168 166 164 163 162 161 160 160 159 158 157 155 154 152 150 147
98 101 98 98 102 100 99 101 101 103 106 108 110 114 117 119 121 124 126 127 129 130 131 133 135 136 138 140 143 144 146 149 150 152 153 152 152 151 151 150 150 150 150 150 153 156 158 160 162 166 166 165 173 172 163 159 164 164 163 165 166 166 167 167 168 168 166 165 163 162 161 161 160 160 159 158 156 154 152 149 147
95 92 93 92 96 94 95 97 97 97 99 101 103 105 109 111 113 116 117 119 121 123 124 126 128 131 133 136 139 142 144 147 150 151 151 151 150 148 148 147 147 146 148 150 151 152 155 157 159 162 163 164 174 172 165 157 159 161 160 159 161 163 163 165 166 167 165 164 163 162 162 162 161 161 160 158 156 154 152 149 146
88 86 87 90 93 93 91 93 92 93 94 96 97 99 100 102 104 106 108 112 113 115 117 119 121 124 127 131 134 138 142 146 150 152 150 148 145 143 144 143 143 144 145 145 146 148 151 153 153 156 159 160 165 167 163 157 156 156 155 154 155 157 158 160 162 162 162 161 162 162 162 162 162 161 160 159 157 154 152 149 145
85 85 84 84 85 85 87 88 88 89 90 90 91 94 95 95 97 99 99 101 103 105 108 111 114 118 121 125 129 133 137 141 146 149 146 142 140 139 139 138 138 139 140 141 142 144 146 147 149 151 152 153 158 158 157 154 150 152 151 151 150 152 153 156 157 157 158 159 160 160 161 162 162 162 161 160 157 155 152 148 145
83 81 83 82 83 83 84 84 85 85 86 86 88 88 89 90 90 91 93 93 95 98 101 104 108 112 115 119 122 126 130 134 138 140 138 136 135 134 133 133 134 134 135 136 137 139 140 142 143 144 146 147 149 149 148 147 145 144 145 145 146 147 148 149 151 152 154 155 157 159 160 161 163 163 162 160 158 155 152 149 145
-9999 -9999 -9999 81 81 -9999 -9999 82 82 82 82 83 84 84 83 83 83 84 85 86 88 92 95 98 102 105 109 112 117 120 124 127 129 129 129 127 126 126 127 127 128 129 130 131 132 133 134 135 137 138 138 139 -9999 -9999 139 138 138 137 139 139 140 141 143 144 145 147 149 152 155 157 159 161 162 164 163 161 158 156 152 149 146
-9999 -9999 -9999 -9999 -9999 -9999 -9999 -9999 -9999 81 -9999 -9999 81 80 79 79 79 79 -9999 79 83 87 90 93 96 99 103 106 110 113 117 119 120 120 119 117 118 119 120 121 122 123 124 126 127 127 128 130 131 132 -9999 -9999 -9999 -9999 -9999 129 129 130 132 133 135 136 138 139 140 141 145 149 152 155 158 160 161 162 162 160 158 156 153 150 147
-9999 -9999 -9999 -9999 -9999 -9999 -9999 -9999 -9999 -9999 -9999 -9999 -9999 -9999 -9999 -9999 -9999 -9999 -9999 -9999 80 83 85 88 91 94 97 101 105 108 -9999 -9999 114 114 112 109 -9999 -9999 -9999 -9999 -9999 119 -9999 -9999 -9999 -9999 -9999 -9999 -9999 -9999 -9999 -9999 -9999 -9999 -9999 120 120 123 124 127 129 131 133 135 136 138 142 147 151 154 156 158 160 160 160 160 158 156 154 151 149
-9999 -9999 -9999 -9999 -9999 -9999 -9999 -9999 -9999 -9999 -9999 -9999 -9999 -9999 -9999 -9999 -9999 -9999 -9999 -9999 -9999 -9999 -9999 85 -9999 89 -9999 -9999 -9999 -9999 -9999 -9999 -9999 -9999 -9999 -9999 -9999 -9999 -9999 -9999 -9999 -9999 -9999 -9999 -9999 -9999 -9999 -9999 -9999 -9999 -9999 -9999 -9999 -9999 -9999 108 110 114 118 121 123 126 129 131 134 137 141 145 150 153 156 158 159 160 160 159 158 157 155 152 150
-9999 -9999 -9999 -9999 -9999 -9999 -9999 -9999 -9999 -9999 -9999 -9999 -9999 -9999 -9999 -9999 -9999 -9999 -9999 -9999 -9999 -9999 -9999 -9999 -9999 -9999 -9999 -9999 -9999 -9999 -9999 -9999 -9999 -9999 -9999 -9999 -9999 -9999 -9999 -9999 -9999 -9999 -9999 -9999 -9999 -9999 -9999 -9999 -9999 -9999 -9999 -9999 -9999 -9999 -9999 98 98 105 111 114 117 121 124 128 131 135 139 144 149 152 155 157 159 159 160 160 159 157 156 154 152
-9999 -9999 -9999 -9999 -9999 -9999 -9999 -9999 -9999 -9999 -9999 -9999 -9999 -9999 -9999 -9999 -9999 -9999 -9999 -9999 -9999 -9999 -9999 -9999 -9999 -9999 -9999 -9999 -9999 -9999 -9999 -9999 -9999 -9999 -9999 -9999 -9999 -9999 -9999 -9999 -9999 -9999 -9999 -9999 -9999 -9999 -9999 -9999 -9999 -9999 -9999 -9999 -9999 -9999 -9999 -9999 -9999 -9999 -9999 108 112 116 120 124 128 133 138 143 148 152 154 157 158 159 160 160 160 158 157 155 154
-9999 -9999 -9999 -9999 -9999 -9999 -9999 -9999 -9999 -9999 -9999 -9999 -9999 -9999 -9999 -9999 -9999 -9999 -9999 -9999 -9999 -9999 -9999 -9999 -9999 -9999 -9999 -9999 -9999 -9999 -9999 -9999 -9999 -9999 -9999 -9999 -9999 -9999 -9999 -9999 -9999 -9999 -9999 -9999 -9999 -9999 -9999 -9999 -9999 -9999 -9999 -9999 -9999 -9999 -9999 -9999 -9999 -9999 97 102 107 111 116 120 125 130 136 141 147 150 153 156 158 160 161 161 160 160 158 157 155
-9999 -9999 -9999 -9999 -9999 -9999 -9999 -9999 -9999 -9999 -9999 -9999 -9999 -9999 -9999 -9999 -9999 -9999 -9999 -9999 -9999 -9999 -9999 -9999 -9999 -9999 -9999 -9999 -9999 -9999 -9999 -9999 -9999 -9999 -9999 -9999 -9999 -9999 -9999 -9999 -9999 -9999 -9999 -9999 -9999 -9999 -9999 -9999 -9999 -9999 -9999 -9999 -9999 -9999 -9999 -9999 -9999 -9999 -9999 97 102 107 112 117 122 127 133 138 144 148 152 155 158 160 161 162 161 161 159 157 156
-9999 -9999 -9999 -9999 -9999 -9999 -9999 -9999 -9999 -9999 -9999 -9999 -9999 -9999 -9999 -9999 -9999 -9999 -9999 -9999 -9999 -9999 -9999 -9999 -9999 -9999 -9999 -9999 -9999 -9999 -9999 -9999 -9999 -9999 -9999 -9999 -9999 -9999 -9999 -9999 -9999 -9999 -9999 -9999 -9999 -9999 -9999 -9999 -9999 -9999 -9999 -9999 -9999 -9999 -9999 -9999 -9999 -9999 -9999 94 98 103 108 113 118 123 129 135 140 145 150 154 158 160 162 162 162 161 160 158 157
-9999 -9999 -9999 -9999 -9999 -9999 -9999 -9999 -9999 -9999 -9999 -9999 -9999 -9999 -9999 -9999 -9999 -9999 -9999 -9999 -9999 -9999 -9999 -9999 -9999 -9999 -9999 -9999 -9999 -9999 -9999 -9999 -9999 -9999 -9999 -9999 -9999 -9999 -9999 -9999 -9999 -9999 -9999 -9999 -9999 -9999 -9999 -9999 -9999 -9999 -9999 -9999 -9999 -9999 -9999 -9999 -9999 -9999 -9999 91 95 99 104 109 114 119 125 131 136 142 147 152 157 161 162 163 162 162 160 159 157
-9999 -9999 -9999 -9999 -9999 -9999 -9999 -9999 -9999 -9999 -9999 -9999 -9999 -9999 -9999 -9999 -9999 -9999 -9999 -9999 -9999 -9999 -9999 -9999 -9999 -9999 -9999 -9999 -9999 -9999 -9999 -9999 -9999 -9999 -9999 -9999 -9999 -9999 -9999 -9999 -9999 -9999 -9999 -9999 -9999 -9999 -9999 -9999 -9999 -9999 -9999 -9999 -9999 -9999 -9999 -9999 -9999 -9999 -9999 -9999 92 96 100 105 110 115 120 126 132 138 144 151 156 160 162 163 162 161 160 158 157
-9999 -9999 -9999 -9999 -9999 -9999 -9999 -9999 -9999 -9999 -9999 -9999 -9999 -9999 -9999 -9999 -9999 -9999 -9999 -9999 -9999 -9999 -9999 -9999 -9999 -9999 -9999 -9999 -9999 -9999 -9999 -9999 -9999 -9999 -9999 -9999 -9999 -9999 -9999 -9999 -9999 -9999 -9999 -9999 -9999 -9999 -9999 -9999 -9999 -9999 -9999 -9999 -9999 -9999 -9999 -9999 -9999 -9999 -9999 -9999 -9999 -9999 -9999 101 106 110 -9999 121 126 133 140 147 155 161 163 162 161 160 159 158 157
-9999 -9999 -9999 -9999 -9999 -9999 -9999 -9999 -9999 -9999 -9999 -9999 -9999 -9999 -9999 -9999 -9999 -9999 -9999 -9999 -9999 -9999 -9999 -9999 -9999 -9999 -9999 -9999 -9999 -9999 -9999 -9999 -9999 -9999 -9999 -9999 -9999 -9999 -9999 -9999 -9999 -9999 -9999 -9999 -9999 -9999 -9999 -9999 -9999 -9999 -9999 -9999 -9999 -9999 -9999 -9999 -9999 -9999 -9999 -9999 -9999 -9999 -9999 -9999 -9999 105 109 115 120 127 134 142 150 159 160 159 158 157 156 156 156
-9999 -9999 -9999 -9999 -9999 -9999 -9999 -9999 -9999 -9999 -9999 -9999 -9999 -9999 -9999 -9999 -9999 -9999 -9999 -9999 -9999 -9999 -9999 -9999 -9999 -9999 -9999 -9999 -9999 -9999 -9999 -9999 -9999 -9999 -9999 -9999 -9999 -9999 -9999 -9999 -9999 -9999 -9999 -9999 -9999 -9999 -9999 -9999 -9999 -9999 -9999 -9999 -9999 -9999 -9999 -9999 -9999 -9999 -9999 -9999 -9999 -9999 -9999 -9999 -9999 -9999 104 108 114 119 126 133 140 147 151 153 154 154 153 154 154
-9999 -9999 -9999 -9999 -9999 -9999 -9999 -9999 -9999 -9999 -9999 -9999 -9999 -9999 -9999 -9999 -9999 -9999 -9999 -9999 -9999 -9999 -9999 -9999 -9999 -9999 -9999 -9999 -9999 -9999 -9999 -9999 -9999 -9999 -9999 -9999 -9999 -9999 -9999 -9999 -9999 -9999 -9999 -9999 -9999 -9999 -9999 -9999 -9999 -9999 -9999 -9999 -9999 -9999 -9999 -9999 -9999 -9999 -9999 -9999 -9999 -9999 -9999 -9999 -9999 -9999 -9999 102 107 112 117 123 128 133 140 145 148 150 152 153 153
-9999 -9999 -9999 -9999 -9999 -9999 -9999 -9999 -9999 -9999 -9999 -9999 -9999 -9999 -9999 -9999 -9999 -9999 -9999 -9999 -9999 -9999 -9999 -9999 -9999 -9999 -9999 -9999 -9999 -9999 -9999 -9999 -9999 -9999 -9999 -9999 -9999 -9999 -9999 -9999 -9999 -9999 -9999 -9999 -9999 -9999 -9999 -9999 -9999 -9999 -9999 -9999 -9999 -9999 -9999 -9999 -9999 -9999 -9999 -9999 -9999 -9999 -9999 -9999 -9999 -9999 -9999 -9999 99 104 109 114 120 125 132 139 144 -9999 149 151 151
-9999 -9999 -9999 -9999 -9999 -9999 -9999 -9999 -9999 -9999 -9999 -9999 -9999 -9999 -9999 -9999 -9999 -9999 -9999 -9999 -9999 -9999 -9999 -9999 -9999 -9999 -9999 -9999 -9999 -9999 -9999 -9999 -9999 -9999 -9999 -9999 -9999 -9999 -9999 -9999 -9999 -9999 -9999 -9999 -9999 -9999 -9999 -9999 -9999 -9999 -9999 -9999 -9999 -9999 -9999 -9999 -9999 -9999 -9999 -9999 -9999 -9999 -9999 -9999 -9999 -9999 -9999 -9999 -9999 -9999 101 107 113 120 128 -9999 -9999 143 146 148 149
-9999 -9999 -9999 -9999 -9999 -9999 -9999 -9999 -9999 -9999 -9999 -9999 -9999 -9999 -9999 -9999 -9999 -9999 -9999 -9999 -9999 -9999 -9999 -9999 -9999 -9999 -9999 -9999 -9999 -9999 -9999 -9999 -9999 -9999 -9999 -9999 -9999 -9999 -9999 -9999 -9999 -9999 -9999 -9999 -9999 -9999 -9999 -9999 -9999 -9999 -9999 -9999 -9999 -9999 -9999 -9999 -9999 -9999 -9999 -9999 -9999 -9999 -9999 -9999 -9999 -9999 -9999 -9999 -9999 -9999 -9999 -9999 -9999 -9999 -9999 -9999 -9999 140 144 146 147
-9999 -9999 -9999 -9999 -9999 -9999 -9999 -9999 -9999 -9999 -9999 -9999 -9999 -9999 -9999 -9999 -9999 -9999 -9999 -9999 -9999 -9999 -9999 -9999 -9999 -9999 -9999 -9999 -9999 -9999 -9999 -9999 -9999 -9999 -9999 -9999 -9999 -9999 -9999 -9999 -9999 -9999 -9999 -9999 -9999 -9999 -9999 -9999 -9999 -9999 -9999 -9999 -9999 -9999 -9999 -9999 -9999 -9999 -9999 -9999 -9999 -9999 -9999 -9999 -9999 -9999 -9999 -9999 -9999 -9999 -9999 -9999 -9999 -9999 -9999 -9999 131 137 141 144 145
-9999 -9999 -9999 -9999 -9999 -9999 -9999 -9999 -9999 -9999 -9999 -9999 -9999 -9999 -9999 -9999 -9999 -9999 -9999 -9999 -9999 -9999 -9999 -9999 -9999 -9999 -9999 -9999 -9999 -9999 -9999 -9999 -9999 -9999 -9999 -9999 -9999 -9999 -9999 -9999 -9999 -9999 -9999 -9999 -9999 -9999 -9999 -9999 -9999 -9999 -9999 -9999 -9999 -9999 -9999 -9999 -9999 -9999 -9999 -9999 -9999 -9999 -9999 -9999 -9999 -9999 -9999 -9999 -9999 -9999 -9999 -9999 -9999 104 113 121 127 132 138 142 144
-9999 -9999 -9999 -9999 -9999 -9999 -9999 -9999 -9999 -9999 -9999 -9999 -9999 -9999 -9999 -9999 -9999 -9999 -9999 -9999 -9999 -9999 -9999 -9999 -9999 -9999 -9999 -9999 -9999 -9999 -9999 -9999 -9999 -9999 -9999 -9999 -9999 -9999 -9999 -9999 -9999 -9999 -9999 -9999 -9999 -9999 -9999 -9999 -9999 -9999 -9999 -9999 -9999 -9999 -9999 -9999 -9999 -9999 -9999 -9999 -9999 -9999 -9999 -9999 -9999 -9999 -9999 -9999 -9999 67 74 82 91 99 108 115 121 127 133 138 139
-9999 -9999 -9999 -9999 -9999 -9999 -9999 -9999 -9999 -9999 -9999 -9999 -9999 -9999 -9999 -9999 -9999 -9999 -9999 -9999 -9999 -9999 -9999 -9999 -9999 -9999 -9999 -9999 -9999 -9999 -9999 -9999 -9999 -9999 -9999 -9999 -9999 -9999 -9999 -9999 -9999 -9999 -9999 -9999 -9999 -9999 -9999 -9999 -9999 -9999 -9999 -9999 -9999 -9999 -9999 -9999 -9999 -9999 -9999 -9999 -9999 -9999 -9999 -9999 -9999 -9999 -9999 -9999 -9999 -9999 72 79 87 95 102 108 115 121 127 131 132
-9999 -9999 -9999 -9999 -9999 -9999 -9999 -9999 -9999 -9999 -9999 -9999 -9999 -9999 -9999 -9999 -9999 -9999 -9999 -9999 -9999 -9999 -9999 -9999 -9999 -9999 -9999 -9999 -9999 -9999 -9999 -9999 -9999 -9999 -9999 -9999 -9999 -9999 -9999 -9999 -9999 -9999 -9999 -9999 -9999 -9999 -9999 -9999 -9999 -9999 -9999 -9999 -9999 -9999 -9999 -9999 -9999 -9999 -9999 -9999 -9999 -9999 -9999 -9999 -9999 -9999 -9999 -9999 -9999 -9999 -9999 77 83 90 96 103 109 114 119 123 126
