KUENM/G_variables/Set_1/se_asia/bio2_unc.asc
NCOLS 320 
NROWS 243 
XLLCORNER 44 
YLLCORNER -0.666666666666667 
CELLSIZE 0.166666666666667 
NODATA_value -9999 
[rows 72 to 107 of 243, columns 162 to 242 of 320]
154 153 152 151 150 149 148 147 146 144 143 142 141 140 140 141 141 143 144 144 146 146 147 148 148 148 146 145 144 143 143 142 140 138 137 136 136 135 134 133 133 133 133 133 133 133 133 133 133 132 131 130 129 129 127 126 125 124 124 124 125 126 126 127 126 125 124 123 122 122 121 120 120 119 117 114 112 112 112 113 114
153 152 151 150 149 148 147 146 145 144 142 141 140 140 139 140 141 141 142 143 144 145 145 146 146 145 144 143 142 142 141 140 138 138 138 137 136 135 135 134 133 133 133 133 134 134 135 135 135 134 133 132 131 130 128 127 126 125 125 124 125 125 125 125 125 125 124 124 123 123 122 122 123 123 125 123 118 116 116 117 117
152 151 150 149 148 147 146 145 144 143 142 141 140 139 139 139 140 140 141 141 142 143 143 143 143 143 143 142 141 141 140 138 137 138 138 137 136 136 135 134 134 133 133 134 135 135 136 137 137 136 134 133 132 131 130 128 127 126 126 125 125 126 125 125 125 125 125 124 124 123 123 122 122 123 123 122 119 116 115 116 115
151 150 149 148 146 145 144 144 143 142 141 140 139 139 138 139 139 139 140 140 140 141 141 141 141 142 141 141 139 139 139 138 137 138 138 137 137 136 135 135 134 133 133 134 135 136 137 138 139 137 136 134 133 132 130 129 128 127 127 126 126 126 126 126 126 126 125 125 124 124 123 122 121 121 121 120 118 117 116 117 119
150 149 148 146 145 144 143 142 142 141 140 139 139 138 138 138 138 138 139 138 138 138 138 139 139 140 139 139 139 138 138 138 138 138 138 137 137 136 136 135 135 134 134 135 135 137 138 138 139 138 136 135 133 132 131 129 128 128 128 127 127 127 127 126 126 126 126 125 125 124 123 122 120 119 119 118 117 117 117 118 119
148 147 146 145 144 143 142 141 140 140 139 138 138 138 137 137 137 137 137 137 137 136 136 137 138 137 138 137 137 137 138 138 138 138 138 138 137 137 136 136 136 135 135 135 136 137 138 138 138 137 136 135 133 132 131 130 129 129 128 128 128 127 127 127 127 127 126 125 125 124 123 121 120 118 117 117 117 117 117 118 119
147 145 144 142 142 141 140 140 139 139 138 137 138 137 137 136 136 136 135 135 134 133 134 135 135 136 136 136 136 136 137 138 137 137 138 138 138 137 136 137 136 136 136 136 137 137 137 138 137 137 136 135 133 132 131 130 129 129 129 129 128 128 127 127 127 127 126 126 125 124 123 122 120 118 116 116 117 117 117 118 118
146 144 142 141 140 140 139 139 138 138 138 138 138 137 136 135 135 135 135 133 132 131 131 133 133 135 135 135 136 136 137 137 137 139 139 139 138 137 137 137 137 137 137 137 137 137 137 137 137 137 136 135 134 132 131 130 129 129 129 128 128 128 128 127 127 127 127 126 125 125 124 122 121 119 118 117 117 117 117 117 117
145 143 141 140 139 139 138 138 137 138 138 137 138 137 136 135 135 134 134 132 131 129 130 131 132 133 134 134 135 135 136 137 138 139 139 138 138 138 139 138 138 137 137 137 137 137 137 137 137 136 136 135 134 133 131 130 129 129 129 129 128 128 128 128 127 127 127 126 126 125 125 124 122 121 120 118 118 117 117 116 116
143 142 140 139 138 138 138 137 138 138 138 137 137 137 136 135 134 134 133 131 130 129 130 131 131 132 132 133 134 135 136 137 138 139 139 139 140 140 139 139 138 137 137 137 137 137 137 136 137 136 136 135 134 133 132 130 130 129 129 129 128 128 128 128 128 128 127 127 126 126 125 125 124 123 122 120 119 118 117 116 115
142 141 139 138 138 137 137 137 137 137 137 137 137 136 135 135 134 133 132 129 129 129 129 130 131 131 131 132 133 134 136 137 138 139 140 141 141 139 139 138 137 136 136 136 136 136 136 136 136 136 136 135 134 133 132 131 130 130 129 129 129 128 128 128 128 128 127 127 126 126 126 126 126 125 123 121 119 118 116 115 114
141 139 138 137 137 137 137 137 137 136 136 136 135 135 134 134 133 132 129 128 129 129 130 130 130 130 130 131 132 133 135 137 138 141 142 141 140 140 139 137 137 136 136 136 136 136 136 136 136 136 136 136 135 134 133 132 130 130 129 129 129 129 128 128 128 128 127 127 127 126 126 126 126 125 124 121 119 118 116 115 113
141 138 137 137 137 137 137 136 135 136 135 135 135 134 134 133 133 129 127 128 129 129 129 129 129 130 129 130 131 132 134 137 139 142 143 141 140 140 138 137 137 137 136 135 135 134 135 135 136 137 137 136 136 134 133 132 131 130 130 130 129 129 129 128 128 128 128 127 127 126 126 125 125 124 123 121 119 118 116 115 113
142 139 138 138 138 138 137 134 132 135 134 133 134 133 133 133 131 126 127 128 129 129 129 129 129 129 129 129 129 131 133 137 139 141 142 141 139 140 138 137 137 136 136 134 133 133 134 135 137 138 138 137 137 135 134 132 131 130 130 130 129 129 129 128 129 129 128 128 127 126 125 125 124 124 122 121 119 117 116 114 113
144 142 141 140 139 138 137 134 134 134 133 133 133 132 132 132 127 125 127 128 129 129 129 129 128 128 127 128 129 130 132 135 138 140 142 141 140 141 139 137 136 136 135 134 132 132 134 135 137 138 139 139 138 136 134 133 132 131 131 130 130 130 129 129 129 129 129 128 127 126 125 124 124 123 122 120 119 117 116 114 113
146 144 143 142 141 140 138 137 136 133 132 132 132 132 131 128 123 127 128 129 129 130 129 129 128 127 127 127 127 128 131 135 138 140 141 141 140 141 139 138 136 135 134 133 133 132 133 135 137 139 141 140 138 137 135 134 133 132 132 131 131 130 130 129 129 129 129 128 127 126 125 124 124 123 122 120 119 117 115 114 113
148 147 145 144 143 141 139 137 135 133 133 130 130 130 124 117 125 129 130 130 130 130 130 129 128 126 126 126 126 128 132 135 137 139 141 141 140 141 140 138 136 135 134 133 133 133 133 134 137 140 142 140 139 137 136 135 134 132 132 131 131 130 130 130 129 129 128 127 127 126 125 124 124 123 122 120 119 117 116 114 113
150 149 147 146 144 142 139 137 133 132 131 127 128 125 117 121 128 130 131 131 131 131 129 128 128 128 128 128 128 130 133 135 138 139 141 141 141 141 140 138 136 134 134 133 132 132 133 134 136 138 140 139 138 138 137 135 134 132 131 131 130 130 130 129 128 129 128 127 126 125 124 123 123 122 121 120 119 118 116 115 115
152 151 149 148 146 143 140 136 130 131 126 126 125 122 117 123 129 132 132 132 131 131 129 128 128 128 129 129 129 132 134 137 138 139 141 141 141 141 140 138 136 134 133 132 131 131 131 132 134 136 137 137 137 137 135 133 133 132 132 132 131 131 129 129 128 127 126 126 126 125 124 123 123 122 121 120 119 118 118 117 116
154 153 151 149 147 145 143 139 136 133 115 128 126 124 124 125 132 133 133 132 131 130 130 129 129 128 129 130 131 134 136 137 138 139 140 141 141 141 139 137 135 133 132 131 129 129 130 130 132 134 134 134 135 135 134 134 134 133 133 133 132 131 130 129 128 127 126 126 125 125 125 124 123 122 121 121 120 121 120 119 118
155 154 152 150 149 147 145 142 138 134 131 125 130 126 127 126 133 135 134 132 131 130 129 130 130 130 131 131 132 134 136 138 138 139 139 139 140 139 137 136 134 132 131 129 127 127 127 128 129 130 131 132 133 134 135 134 134 133 133 133 132 131 130 129 128 127 127 126 124 124 124 124 124 124 123 123 123 123 122 121 120
156 155 153 151 150 149 148 145 141 135 130 131 133 127 125 128 133 135 134 132 131 130 130 129 130 131 131 132 133 135 136 137 138 138 139 138 138 137 135 134 132 131 129 127 126 124 124 125 126 127 129 131 133 134 134 134 133 132 133 132 131 131 130 129 127 126 126 125 124 123 124 124 124 124 124 124 124 125 124 122 121
156 155 153 152 151 150 148 147 142 138 135 135 134 128 129 132 133 135 135 133 134 132 129 129 130 130 131 132 133 134 136 137 137 137 138 137 137 136 134 132 131 129 127 125 123 121 121 122 124 126 129 131 132 132 133 134 134 133 133 133 132 131 129 128 127 126 125 124 124 124 124 124 123 124 124 124 125 126 126 124 123
156 155 153 152 151 150 148 146 143 140 137 136 134 131 131 132 133 134 135 134 134 131 129 129 130 130 131 132 133 134 135 137 136 137 137 136 135 135 132 131 130 128 126 123 121 118 117 119 123 126 128 130 131 132 132 134 134 134 134 133 132 130 129 127 126 124 123 123 122 123 123 123 123 123 123 123 124 125 126 125 123
156 155 153 152 151 149 147 145 143 140 138 137 135 134 133 131 132 133 134 133 132 131 129 128 129 130 131 132 133 134 135 136 136 136 136 135 134 133 131 130 129 127 124 122 119 117 116 119 122 125 127 129 131 131 132 133 134 134 134 133 131 130 128 126 125 123 122 121 120 121 122 122 122 122 122 123 124 124 124 124 122
155 154 153 151 150 148 147 144 142 140 138 137 135 134 134 133 132 133 133 133 132 130 129 127 129 130 131 132 133 134 135 136 136 135 135 134 133 132 130 129 127 125 123 121 119 117 117 120 122 124 127 129 130 132 133 134 134 134 134 133 131 130 127 125 123 121 119 119 118 119 120 120 120 121 121 122 123 121 122 121 120
154 153 152 150 149 147 146 143 141 139 138 136 136 135 134 133 133 133 132 131 130 129 128 127 128 129 131 133 134 134 135 136 136 135 134 133 132 131 129 128 126 124 122 120 119 118 118 120 122 124 127 128 130 132 134 135 135 134 133 133 131 129 127 124 122 120 119 118 117 118 119 120 121 121 120 119 119 117 120 119 119
153 152 151 150 148 146 144 142 140 138 137 136 135 135 134 134 133 132 130 130 129 128 129 129 129 130 132 133 134 135 135 135 136 135 134 133 132 130 128 127 125 123 122 121 122 121 121 122 122 124 126 129 131 133 134 135 134 134 132 130 129 126 125 123 121 119 118 118 117 118 119 119 120 120 120 119 118 118 119 118 119
151 150 149 148 147 145 143 141 139 138 137 136 135 134 134 134 133 131 129 129 128 128 129 130 130 131 132 134 135 136 136 136 135 135 134 133 131 129 128 126 124 123 123 122 122 122 123 124 124 125 128 130 131 134 135 136 134 133 132 129 125 124 122 120 119 117 116 117 117 118 118 118 119 119 119 117 117 118 118 119 118
149 148 147 146 144 143 142 140 139 137 136 136 135 135 134 133 132 131 128 127 129 129 129 129 131 132 133 135 136 136 136 136 135 134 133 132 131 130 128 125 124 123 123 123 123 123 123 124 125 126 128 129 131 134 136 137 136 135 132 129 127 123 120 117 116 114 114 116 117 118 117 117 118 117 118 119 120 119 119 119 119
147 146 145 144 143 142 140 139 138 137 137 136 135 135 134 133 132 131 128 128 128 130 130 130 131 133 134 136 137 137 137 136 135 135 135 134 132 131 129 127 125 124 124 123 123 123 122 122 124 125 127 129 131 134 137 140 139 138 134 129 125 122 119 116 113 113 113 114 116 117 117 117 116 116 118 119 120 121 120 120 120
145 144 143 142 141 140 139 138 137 137 136 136 136 135 135 134 132 131 129 128 129 130 131 132 133 134 135 136 136 137 138 138 137 137 136 135 133 132 130 128 126 124 124 122 121 122 122 120 122 123 125 127 130 133 137 139 141 137 133 129 126 121 118 116 115 114 114 113 115 117 116 116 118 119 119 119 120 121 121 121 121
142 141 140 139 138 137 137 136 136 136 136 136 136 135 135 134 133 134 133 132 132 133 135 135 137 137 136 137 136 140 141 140 139 138 137 135 134 132 130 128 126 125 124 122 116 121 118 118 121 122 125 127 130 132 135 137 138 135 131 128 124 122 120 119 116 115 115 115 116 117 117 117 119 119 119 119 121 121 121 121 121
138 136 136 135 135 134 134 -9999 134 -9999 135 -9999 136 136 136 136 136 135 134 134 135 135 138 139 140 140 141 142 142 142 142 141 140 139 137 135 134 132 130 127 126 126 125 121 119 117 119 121 122 123 124 126 128 131 133 133 133 131 127 125 123 123 121 120 118 117 116 116 116 116 117 117 119 119 120 119 120 121 121 121 121
132 131 131 131 131 131 131 131 -9999 134 135 136 136 137 137 136 137 135 135 134 137 137 139 141 141 142 142 143 143 142 142 141 140 139 137 135 133 130 128 127 126 127 126 123 122 121 121 123 124 124 124 124 126 128 130 129 128 128 126 123 122 123 121 119 118 117 116 116 116 116 117 117 119 119 120 120 121 121 122 121 121
126 126 127 127 127 127 127 -9999 -9999 -9999 134 136 137 137 137 137 137 135 135 136 134 134 139 139 141 142 142 142 143 142 141 140 139 138 136 134 132 129 129 128 127 127 124 123 122 123 123 124 124 124 124 124 125 126 127 127 125 124 124 122 122 121 120 118 117 117 116 116 116 116 117 118 118 119 119 120 121 121 121 121 120
