eval_diff_models/sp1_se_asia_median_original.asc
ncols         320
nrows         243
xllcorner     44.0
yllcorner     -0.666666666666667
cellsize      0.166666666666667
NODATA_value  -9999
[rows 31 to 61 of 243, columns 70 to 139 of 320]
1.15247E-2 1.20125E-2 1.18735E-2 1.20125E-2 1.20125E-2 1.13916E-2 1.12598E-2 1.02275E-2 6.65589E-3 5.02185E-3 8.45799E-3 9.37813E-3 9.06749E-3 7.00572E-3 6.04641E-3 5.40755E-3 6.31818E-3 8.13058E-3 9.93145E-3 1.0562E-2 1.0511E-2 1.06009E-2 1.06648E-2 1.05798E-2 9.76847E-3 5.21384E-3 7.47464E-3 5.59471E-3 2.57784E-3 7.10546E-3 1.12132E-2 1.28478E-2 1.2E-2 1.27167E-2 1.22046E-2 8.04648E-3 6.14766E-3 4.82351E-3 3.5158E-3 8.36346E-4 8.54993E-4 2.16973E-4 1.33191E-4 1.34361E-5 1.8948E-6 3.34145E-6 2.90346E-6 8.56679E-7 3.09821E-7 2.09289E-7 4.10379E-8 5.51249E-8 1.17001E-8 8.0118E-8 1.46445E-7 3.34609E-7 4.07365E-7 6.9487E-7 2.80632E-7 1.87104E-7 2.82805E-7 1.37061E-7 4.26175E-8 2.27152E-8 1.04328E-8 3.44897E-9 1.70854E-9 7.88001E-9 9.4535E-10 1.13542E-9
1.19998E-2 1.19998E-2 1.19998E-2 1.19998E-2 1.13914E-2 1.08079E-2 1.16641E-2 1.06189E-2 7.73267E-3 5.55986E-3 8.8848E-3 9.09657E-3 8.6573E-3 5.17143E-3 1.9861E-3 1.93337E-3 3.58205E-3 5.83574E-3 7.85101E-3 9.40158E-3 9.91276E-3 1.04095E-2 1.11976E-2 8.07648E-3 9.9542E-3 1.18649E-2 9.89544E-3 1.055E-2 6.14651E-3 5.35104E-3 9.16076E-3 1.00043E-2 9.41417E-3 1.12687E-2 1.46585E-2 1.34646E-2 1.2243E-2 1.0232E-2 8.06494E-3 6.179E-3 5.56223E-3 2.74198E-3 1.12169E-4 2.90346E-6 5.57276E-5 5.69817E-4 1.39627E-4 7.39369E-6 4.83749E-7 1.04526E-6 1.11407E-6 2.59097E-7 1.94394E-7 1.84866E-7 1.28373E-7 2.62154E-7 2.60168E-7 6.34393E-8 7.88296E-8 3.31423E-8 2.95168E-8 1.52982E-8 8.89482E-9 8.07748E-9 4.13974E-9 7.69426E-9 6.96709E-9 5.63083E-9 1.53599E-8 4.04468E-9
1.26766E-2 1.2526E-2 1.2526E-2 1.17618E-2 8.56327E-3 6.47919E-3 8.77148E-3 8.45116E-3 6.34284E-3 6.65389E-3 9.41666E-3 9.1332E-3 8.02889E-3 6.12743E-3 2.96841E-3 1.3699E-3 8.14137E-4 3.58205E-3 5.33133E-3 5.30127E-3 5.93287E-3 8.89224E-3 1.10981E-2 8.015E-3 6.52554E-3 1.37623E-2 1.46403E-2 1.44961E-2 1.34365E-2 1.22471E-2 1.04337E-2 8.96175E-3 1.1247E-2 1.13726E-2 1.14854E-2 8.63385E-3 5.77935E-3 1.02147E-2 1.33576E-2 1.13245E-2 8.19218E-3 6.62364E-3 3.7196E-3 2.61359E-3 1.25315E-3 2.41223E-5 1.77678E-6 3.08668E-6 1.63672E-6 1.40414E-6 3.43054E-7 3.98712E-8 3.09849E-8 4.14313E-8 2.2733E-8 2.57279E-8 2.53662E-8 2.84919E-8 6.11546E-8 3.64131E-8 3.26779E-8 2.37067E-8 5.20631E-8 8.29444E-8 3.16256E-8 2.65818E-8 1.7641E-8 4.26436E-8 1.00065E-8 5.91611E-8
1.30396E-2 1.22557E-2 1.21079E-2 1.08072E-2 7.17525E-3 3.42726E-3 6.09609E-3 6.58466E-3 4.81777E-3 7.79167E-3 9.31012E-3 8.50409E-3 7.06043E-3 5.91876E-3 4.43134E-3 3.16597E-3 7.41345E-4 3.95909E-4 1.66197E-3 2.5142E-3 3.10795E-3 4.98957E-3 7.59375E-3 9.39083E-3 8.08897E-3 1.30867E-2 1.3583E-2 1.57406E-2 1.63963E-2 1.64748E-2 1.70357E-2 1.63438E-2 1.28937E-2 1.19469E-2 7.59834E-3 2.9263E-3 5.15037E-3 7.57696E-3 5.45155E-3 4.09523E-3 1.81175E-3 3.97398E-4 6.31148E-5 1.48316E-5 2.3048E-5 7.52554E-6 2.10367E-6 4.4467E-6 7.48494E-7 2.50212E-7 1.10536E-7 9.40909E-8 5.16918E-8 5.7075E-8 3.99748E-8 3.8831E-8 9.63183E-8 6.16076E-8 4.48167E-8 1.07578E-7 1.6664E-7 4.20221E-8 5.83216E-8 3.24211E-7 1.9572E-7 8.71786E-8 1.39638E-8 7.83342E-9 7.1073E-8 2.08403E-7
1.27356E-2 1.25805E-2 1.19741E-2 1.05464E-2 5.59188E-3 4.58453E-3 7.19105E-3 4.42452E-3 2.51097E-3 5.73015E-3 8.87712E-3 8.40282E-3 6.89541E-3 4.90582E-3 3.82038E-3 3.91402E-3 3.10492E-3 1.02337E-3 8.36606E-4 2.79589E-3 3.30679E-3 2.40117E-3 4.71248E-3 7.03836E-3 7.51359E-3 1.08682E-2 9.91276E-3 1.27206E-2 1.55022E-2 1.61598E-2 1.39048E-2 1.47776E-2 1.18649E-2 7.12339E-3 4.82223E-3 4.96183E-3 5.80054E-3 4.51194E-3 2.22326E-3 7.54262E-4 4.13584E-4 7.66453E-5 4.2086E-6 1.459E-6 1.82097E-6 3.51424E-6 6.00686E-6 1.87116E-6 1.41881E-7 1.11315E-7 6.76739E-8 4.67863E-8 3.6934E-8 8.74845E-8 1.08385E-7 1.32007E-7 5.02217E-8 7.82517E-8 3.29096E-8 4.54679E-8 6.52197E-7 1.4223E-7 1.4223E-7 1.04327E-6 2.94959E-8 3.77295E-8 2.19636E-8 5.29741E-8 4.66569E-7 1.4751E-7
1.22678E-2 1.24209E-2 1.05766E-2 7.30651E-3 6.41679E-3 1.05663E-2 1.38443E-2 9.16318E-3 2.5769E-3 2.03574E-3 6.9623E-3 7.91142E-3 6.57496E-3 5.69231E-3 4.44833E-3 4.38427E-3 4.27212E-3 3.66171E-3 1.77973E-3 8.81504E-4 2.50562E-3 2.99989E-3 4.11148E-3 5.56584E-3 3.87992E-3 4.00368E-3 9.51327E-3 1.01905E-2 1.35233E-2 1.47822E-2 1.33355E-2 1.43093E-2 1.09826E-2 6.19595E-3 6.85984E-3 7.60725E-3 5.21383E-3 3.34845E-3 1.67863E-3 1.62712E-3 5.8613E-4 1.22848E-4 5.18115E-5 5.22196E-6 5.17942E-6 9.3173E-7 2.0419E-7 1.03086E-7 3.30835E-7 1.35032E-7 4.54254E-7 3.83603E-7 2.70189E-7 5.7075E-8 8.74845E-8 1.07578E-7 6.29785E-8 2.82805E-7 5.25013E-7 1.65317E-6 1.89761E-6 7.52104E-8 6.98461E-7 5.64764E-6 1.87561E-7 1.88097E-6 9.65268E-6 1.78305E-6 3.53805E-8 3.7213E-9
1.31742E-2 1.1395E-2 8.06873E-3 4.09879E-3 4.25561E-3 1.21162E-2 1.69018E-2 1.48362E-2 6.46746E-3 9.29946E-4 4.05523E-3 5.97118E-3 4.90243E-3 4.92572E-3 5.06379E-3 4.92057E-3 4.71935E-3 3.79014E-3 4.35108E-3 2.73737E-3 1.22793E-3 2.0232E-3 2.64287E-3 2.13497E-3 4.42061E-3 4.90322E-3 8.47015E-3 1.11578E-2 1.30232E-2 1.40754E-2 1.39113E-2 1.36714E-2 1.18427E-2 9.91276E-3 8.48241E-3 6.79338E-3 5.1883E-3 3.49496E-3 2.75354E-3 2.31702E-3 9.09104E-4 1.71103E-4 9.91752E-5 6.77307E-5 2.24967E-6 9.97706E-7 4.17062E-6 1.81483E-5 1.58479E-5 7.48083E-6 1.40351E-6 8.73506E-7 3.34609E-7 3.31816E-7 1.52883E-7 5.74888E-8 2.98311E-7 3.77237E-7 1.35787E-5 4.9502E-5 1.0475E-5 1.37944E-7 1.62801E-5 8.89974E-5 2.67905E-5 1.43344E-5 2.39775E-7 8.16162E-9 8.49429E-9 9.02743E-8
1.25312E-2 8.97484E-3 5.79214E-3 3.20922E-3 4.09879E-3 1.03162E-2 1.56674E-2 1.66811E-2 9.05075E-3 2.11696E-3 2.14084E-3 5.02669E-3 4.99505E-3 4.18756E-3 4.79202E-3 5.06379E-3 5.20013E-3 4.64347E-3 5.11306E-3 4.41965E-3 2.93725E-3 1.44677E-3 1.00433E-3 6.74794E-4 1.29695E-3 7.20829E-4 1.70678E-3 7.78248E-3 1.25244E-2 1.4618E-2 1.33143E-2 1.17728E-2 1.05974E-2 9.58369E-3 8.29533E-3 6.35772E-3 4.37783E-3 3.62001E-3 4.23049E-3 4.23049E-3 3.57137E-3 1.92157E-3 6.30467E-4 1.66549E-4 1.08E-4 3.49149E-4 2.52989E-4 4.9502E-5 3.07915E-6 1.00164E-5 5.80238E-6 1.2211E-6 1.12472E-7 1.54029E-7 4.70563E-7 7.64857E-7 3.72346E-6 1.74246E-6 1.13962E-5 1.91628E-5 2.4212E-4 6.6951E-7 3.49402E-5 3.83521E-4 2.29014E-5 4.82181E-6 6.58627E-7 6.22224E-8 1.26141E-7 4.05206E-8
1.16485E-2 9.21039E-3 5.00839E-3 4.99581E-3 5.41605E-3 7.74625E-3 1.45995E-2 1.85031E-2 1.51561E-2 7.29377E-3 3.07452E-3 4.64579E-3 6.22079E-3 5.66904E-3 5.63494E-3 5.32761E-3 4.96355E-3 4.55842E-3 4.64347E-3 3.97404E-3 3.37499E-3 1.73143E-3 7.22501E-4 3.3152E-4 5.41554E-4 4.28333E-4 6.83805E-4 1.61802E-3 9.26788E-3 1.18915E-2 1.08841E-2 1.01628E-2 9.69516E-3 8.43189E-3 6.78058E-3 6.17734E-3 4.5647E-3 4.40251E-3 4.78231E-3 5.06261E-3 3.36796E-3 1.54689E-3 8.8951E-4 1.19496E-3 5.98218E-4 9.2405E-4 3.88464E-4 2.15418E-4 4.49892E-4 1.38802E-4 3.88162E-5 6.96137E-6 3.77237E-7 2.93829E-7 5.38611E-7 2.43066E-6 1.54253E-5 8.5236E-6 6.01074E-5 6.14957E-4 1.99264E-4 3.01757E-5 4.24578E-4 8.66029E-5 2.17638E-6 4.91365E-8 9.5347E-8 1.60632E-7 5.07567E-8 2.94317E-8
9.80582E-3 1.00575E-2 7.27545E-3 5.42707E-3 4.4175E-3 4.8572E-3 1.04452E-2 1.52813E-2 1.89975E-2 1.57301E-2 3.2907E-3 3.76007E-3 7.85458E-3 7.9332E-3 7.39858E-3 5.08105E-3 4.94611E-3 3.05606E-3 2.16757E-3 2.18551E-3 2.63012E-3 1.03879E-3 5.81895E-4 6.22859E-4 1.13008E-3 1.30429E-3 1.81247E-3 9.50863E-4 6.50499E-3 1.0507E-2 9.54773E-3 9.82214E-3 9.60246E-3 7.4522E-3 6.78985E-3 5.05901E-3 3.51985E-3 3.78476E-3 5.11744E-3 3.16833E-3 2.25639E-3 3.1166E-3 2.97998E-3 7.81739E-4 5.58263E-4 4.21664E-4 1.54352E-3 5.23168E-4 4.06279E-5 3.06456E-5 2.13887E-6 2.18029E-7 3.00568E-7 1.71237E-6 2.02015E-5 2.32978E-4 3.08463E-4 4.52636E-6 3.93742E-4 2.07797E-3 2.99906E-4 4.52281E-4 1.13455E-4 1.46375E-5 8.22375E-7 6.4968E-7 2.19457E-6 7.86529E-8 9.79368E-8 1.89436E-7
5.15738E-3 1.05679E-2 7.88774E-3 5.00839E-3 3.47442E-3 3.60819E-3 8.39993E-3 1.12536E-2 1.19662E-2 1.48362E-2 1.06974E-2 8.30517E-3 1.13729E-2 1.02277E-2 9.65506E-3 8.20329E-3 7.25268E-3 5.80077E-3 2.72864E-3 3.35516E-3 3.56692E-3 2.88031E-3 2.39063E-3 6.48433E-4 3.2499E-4 1.57811E-3 2.99829E-3 3.49E-3 6.26986E-3 8.70205E-3 1.21527E-2 1.09231E-2 9.05604E-3 7.22275E-3 7.22275E-3 6.59474E-3 5.50883E-3 5.22344E-3 4.62369E-3 4.09273E-3 4.83617E-3 4.01615E-3 4.91036E-3 4.89174E-3 3.34172E-3 1.77595E-3 1.51045E-3 1.34006E-4 2.17081E-5 2.89383E-6 1.18966E-6 1.23785E-5 8.40402E-6 2.94889E-5 7.41919E-4 7.01977E-4 7.69618E-5 4.09479E-5 2.89089E-3 4.66869E-3 8.65574E-4 5.64551E-5 3.54274E-4 8.25823E-5 2.52148E-5 2.66531E-5 1.67057E-6 2.40954E-8 5.08047E-7 1.76429E-5
5.2984E-3 7.59313E-3 6.28596E-3 5.42707E-3 4.93304E-3 5.20234E-3 7.55498E-3 1.04457E-2 1.05766E-2 1.1538E-2 1.38443E-2 1.53959E-2 1.33731E-2 1.05168E-2 1.06451E-2 9.15014E-3 8.65825E-3 7.34002E-3 5.73269E-3 4.86367E-3 1.63091E-3 7.05978E-4 9.47826E-4 1.17878E-3 5.43283E-4 4.228E-4 2.88031E-3 3.51292E-3 5.67024E-3 9.2417E-3 1.18024E-2 1.29357E-2 1.06189E-2 7.91903E-3 6.12228E-3 6.50086E-3 6.93183E-3 5.34947E-3 4.7515E-3 7.91903E-3 7.9762E-3 7.2699E-3 6.87852E-3 4.48672E-3 4.35108E-3 3.36877E-3 2.42603E-3 5.18666E-4 3.20443E-4 2.80844E-5 3.52542E-5 5.81011E-5 1.0301E-4 9.00908E-4 2.4493E-3 1.00239E-3 2.27087E-4 2.20908E-4 4.05386E-3 2.97573E-3 6.88984E-4 2.37789E-3 1.35876E-3 4.69983E-4 2.17317E-5 6.91002E-7 2.29041E-7 1.50144E-7 9.21743E-6 6.58332E-5
4.51221E-3 8.31814E-3 7.29498E-3 5.57594E-3 6.27307E-3 5.12338E-3 6.17955E-3 9.07373E-3 7.84339E-3 4.98479E-3 6.72954E-3 1.41897E-2 1.4365E-2 1.08072E-2 1.05168E-2 9.04082E-3 7.48853E-3 7.67116E-3 6.38547E-3 4.84864E-3 3.45007E-3 2.72864E-3 9.72958E-4 8.10625E-4 1.14618E-3 8.22266E-4 2.52796E-3 2.99933E-3 3.05191E-3 7.73267E-3 1.26766E-2 1.4374E-2 9.77149E-3 6.12634E-3 6.88225E-3 8.66686E-3 8.04939E-3 7.7419E-3 8.61419E-3 8.35912E-3 7.88617E-3 7.01485E-3 5.75951E-3 4.49649E-3 2.55234E-3 2.01924E-3 9.33457E-4 9.46547E-4 3.75418E-4 2.97698E-4 2.91152E-4 1.35378E-4 7.69363E-4 2.18338E-3 4.26048E-3 1.7812E-3 1.40223E-3 2.19744E-3 9.56247E-3 4.05338E-3 6.02326E-3 5.62968E-3 1.53711E-3 4.69359E-5 4.01756E-7 2.01438E-5 7.22786E-5 1.11332E-4 2.33437E-4 7.22361E-5
5.16412E-3 8.53403E-3 9.20917E-3 6.98151E-3 7.46083E-3 8.19183E-3 6.34646E-3 8.82933E-3 7.71452E-3 4.26446E-3 3.17327E-3 1.28898E-2 1.50594E-2 1.28922E-2 1.32102E-2 1.15121E-2 7.39858E-3 5.73742E-3 4.28786E-3 3.14722E-3 1.97791E-3 2.389E-3 2.72864E-3 1.39715E-3 1.27214E-3 1.85088E-3 2.77096E-3 3.03002E-3 2.51124E-3 2.6925E-3 8.45116E-3 1.38711E-2 1.19616E-2 8.71926E-3 1.06761E-2 9.62446E-3 9.27675E-3 7.58208E-3 8.48049E-3 7.38482E-3 6.77176E-3 2.56496E-3 2.73459E-3 4.11345E-3 4.45367E-3 4.7642E-3 2.83712E-3 3.0834E-3 2.83353E-3 1.29249E-3 4.0117E-4 8.15571E-4 2.74784E-3 4.61354E-3 6.14246E-3 6.61141E-3 8.04951E-3 8.21278E-3 2.12776E-3 3.04515E-3 3.54921E-3 1.36805E-3 2.60086E-4 3.59262E-5 3.56386E-5 4.45995E-4 7.8951E-4 6.4179E-4 1.36659E-4 4.5634E-4
2.93786E-3 5.96104E-3 6.11536E-3 7.27545E-3 6.78025E-3 6.17955E-3 6.50829E-3 8.96127E-3 1.01811E-2 7.48928E-3 7.10254E-3 2.06189E-2 2.11652E-2 1.57786E-2 1.67263E-2 1.37034E-2 1.10732E-2 8.56327E-3 6.80001E-3 5.91037E-3 4.28786E-3 2.40466E-3 1.06255E-3 9.93493E-4 2.15911E-3 1.94775E-3 1.46731E-3 2.76134E-3 5.66904E-3 4.60662E-3 5.24335E-3 1.02908E-2 1.2275E-2 1.2275E-2 1.00404E-2 1.08425E-2 1.0188E-2 9.68567E-3 9.56498E-3 8.17008E-3 8.00535E-3 6.44812E-3 7.35367E-3 8.04939E-3 8.00773E-3 7.13397E-3 6.34884E-3 6.0798E-3 4.71935E-3 2.86673E-3 2.29377E-3 3.31974E-3 4.35264E-3 6.18148E-3 8.03802E-3 9.52856E-3 8.12337E-3 4.68728E-3 1.42335E-3 1.09404E-3 9.7782E-4 1.33886E-3 9.06376E-4 2.00984E-3 1.79276E-3 2.76307E-3 1.46634E-3 1.23207E-3 1.3387E-3 6.88984E-4
1.85768E-3 3.43079E-3 2.67086E-3 5.26839E-3 7.96843E-3 7.84339E-3 8.72031E-3 9.18736E-3 1.18283E-2 1.01649E-2 9.27675E-3 2.40295E-2 2.34692E-2 2.02815E-2 1.8042E-2 1.63218E-2 1.43812E-2 1.09395E-2 8.04939E-3 5.76995E-3 4.55197E-3 2.40988E-3 1.62553E-3 1.38822E-3 2.48637E-3 4.08923E-3 1.63769E-3 1.72704E-3 5.33727E-3 6.07136E-3 6.44812E-3 9.65371E-3 1.22678E-2 1.42933E-2 1.34715E-2 1.19458E-2 1.10981E-2 1.07022E-2 1.05679E-2 9.68827E-3 9.31904E-3 8.48049E-3 9.27675E-3 8.76388E-3 8.25856E-3 8.03033E-3 7.48853E-3 6.19978E-3 5.51897E-3 4.66519E-3 5.10536E-3 6.14576E-3 7.30882E-3 8.15494E-3 9.37002E-3 1.02101E-2 7.83743E-3 5.25292E-3 2.42675E-3 3.68448E-3 4.61307E-3 5.96932E-3 5.81166E-3 5.59573E-3 3.08202E-3 2.27734E-3 3.26859E-3 3.1243E-3 1.39579E-3 3.29683E-4
1.65849E-3 2.58544E-3 2.24618E-3 2.55741E-3 6.25779E-3 8.27249E-3 1.31742E-2 1.85031E-2 1.69018E-2 1.69018E-2 1.69018E-2 2.57501E-2 2.23349E-2 2.26175E-2 2.31475E-2 2.05467E-2 1.63218E-2 1.30504E-2 8.82539E-3 6.401E-3 4.30666E-3 3.47688E-3 2.80665E-3 1.83104E-3 1.43614E-3 2.26306E-3 2.37562E-3 1.49343E-3 4.23532E-3 4.31648E-3 5.8755E-3 9.55455E-3 1.31381E-2 1.47168E-2 1.32566E-2 1.26508E-2 1.17642E-2 1.12142E-2 1.17642E-2 1.12142E-2 1.08379E-2 1.00611E-2 9.55455E-3 9.53533E-3 9.50738E-3 9.35625E-3 8.56327E-3 7.19536E-3 6.96532E-3 7.01485E-3 7.26888E-3 7.93543E-3 8.86045E-3 9.49346E-3 1.10076E-2 8.3965E-3 6.07436E-3 2.62292E-3 3.90033E-3 7.06041E-3 9.53003E-3 1.25644E-2 1.31566E-2 7.38912E-3 6.34044E-3 6.72956E-3 4.72362E-3 2.83831E-3 7.0898E-4 5.20242E-4
9.4337E-4 3.01966E-4 1.48279E-3 1.57782E-3 4.16048E-3 8.48049E-3 1.15399E-2 1.60615E-2 2.48807E-2 2.72242E-2 2.75432E-2 2.43114E-2 2.00192E-2 2.40218E-2 2.40218E-2 2.43021E-2 2.20071E-2 1.46939E-2 9.86216E-3 6.401E-3 4.81777E-3 3.94533E-3 4.25536E-3 3.52426E-3 1.44807E-3 1.15521E-3 2.68514E-3 2.35324E-3 4.08404E-3 5.26029E-3 5.751E-3 7.74625E-3 1.19458E-2 1.54937E-2 1.34666E-2 1.28648E-2 1.24411E-2 1.24411E-2 1.21268E-2 1.14685E-2 1.10725E-2 1.16485E-2 1.15254E-2 1.1395E-2 1.11188E-2 1.01649E-2 8.76388E-3 7.7419E-3 7.9332E-3 8.22757E-3 8.53101E-3 8.97681E-3 9.99161E-3 1.09622E-2 1.16224E-2 1.09915E-2 1.08682E-2 9.26613E-3 9.51842E-3 1.22471E-2 1.44267E-2 1.44464E-2 1.45291E-2 1.35876E-2 9.4026E-3 6.94996E-3 7.42234E-3 2.43529E-3 4.80013E-4 9.37134E-4
1.3642E-3 9.25073E-4 6.16255E-4 4.17095E-4 2.48287E-3 5.80349E-3 6.19394E-3 4.18438E-3 5.68715E-3 2.72242E-2 3.09779E-2 2.31794E-2 2.40218E-2 2.54668E-2 2.60517E-2 2.60517E-2 2.43114E-2 2.00192E-2 1.30492E-2 8.87144E-3 6.98293E-3 3.61071E-3 2.585E-3 5.52464E-3 5.30026E-3 3.44642E-3 4.31648E-3 4.42452E-3 5.96901E-3 7.30651E-3 6.41679E-3 8.06873E-3 1.24918E-2 1.59708E-2 1.57557E-2 1.44792E-2 1.44792E-2 1.29586E-2 1.25393E-2 1.34666E-2 1.31973E-2 1.31973E-2 1.29252E-2 1.19458E-2 1.0188E-2 8.82933E-3 8.24209E-3 8.76388E-3 8.51015E-3 9.42561E-3 1.04776E-2 1.07323E-2 1.18583E-2 1.11791E-2 1.30724E-2 1.4618E-2 1.42317E-2 1.4888E-2 1.77825E-2 1.77854E-2 1.81467E-2 1.93368E-2 1.88182E-2 1.71622E-2 1.77525E-2 1.51513E-2 9.88166E-3 4.26946E-3 2.66916E-3 2.39633E-3
3.08382E-3 1.23455E-3 1.55244E-3 7.64689E-4 1.07444E-3 3.36999E-3 6.17115E-3 8.71926E-3 1.1235E-2 3.2197E-2 3.41897E-2 2.94071E-2 2.78652E-2 2.75432E-2 2.81371E-2 2.81371E-2 2.66377E-2 2.31968E-2 1.62616E-2 1.0418E-2 1.0418E-2 9.50738E-3 6.44812E-3 6.0218E-3 7.10254E-3 4.67329E-3 4.34444E-3 6.6617E-3 6.7576E-3 6.07805E-3 9.20311E-3 9.09465E-3 1.23344E-2 1.66538E-2 1.62064E-2 1.49195E-2 1.5125E-2 1.47164E-2 1.49195E-2 1.42832E-2 1.44792E-2 1.391E-2 1.35369E-2 1.03146E-2 9.31904E-3 9.55455E-3 9.67414E-3 9.53533E-3 9.77331E-3 1.06761E-2 1.21079E-2 1.30396E-2 1.18583E-2 9.57362E-3 1.0337E-2 1.27296E-2 1.38431E-2 1.60977E-2 1.8957E-2 2.08404E-2 2.05985E-2 2.2852E-2 2.1447E-2 2.15709E-2 1.6257E-2 1.6928E-2 6.19853E-3 3.46289E-3 3.28051E-3 2.58724E-3
4.44949E-3 3.86305E-3 2.12849E-3 1.20094E-3 1.47178E-4 5.40452E-4 5.18035E-3 7.04779E-3 1.16526E-2 2.97502E-2 3.56183E-2 3.29539E-2 3.06198E-2 3.09779E-2 3.06198E-2 3.0265E-2 2.78108E-2 2.31968E-2 1.92488E-2 1.50208E-2 1.21246E-2 1.31983E-2 1.09774E-2 6.64682E-3 7.29377E-3 4.81553E-3 1.89023E-3 7.1145E-3 9.43619E-3 7.65012E-3 8.39993E-3 1.24918E-2 1.31973E-2 1.66538E-2 1.59865E-2 1.59865E-2 1.55542E-2 1.55542E-2 1.57691E-2 1.66358E-2 1.59865E-2 1.62064E-2 1.57557E-2 1.39912E-2 1.23746E-2 1.13815E-2 1.08452E-2 1.04457E-2 1.09774E-2 1.2275E-2 1.38641E-2 1.54546E-2 1.19998E-2 1.02293E-2 1.05767E-2 1.15812E-2 1.36101E-2 1.46941E-2 1.70795E-2 1.8289E-2 1.99555E-2 2.40511E-2 2.25213E-2 2.26072E-2 2.31814E-2 1.74971E-2 3.6917E-3 2.60305E-3 2.41051E-3 2.12871E-3
2.02253E-3 4.90648E-3 3.65419E-3 1.90722E-3 9.4708E-4 4.57607E-4 2.28097E-3 4.62543E-3 2.27167E-3 1.71389E-2 3.33377E-2 3.45889E-2 3.79008E-2 3.64289E-2 3.49964E-2 3.6007E-2 3.34025E-2 2.57202E-2 2.06189E-2 1.41593E-2 1.04366E-2 1.24209E-2 1.46533E-2 8.34434E-3 7.81047E-3 5.4357E-3 4.58453E-3 7.1145E-3 9.31904E-3 1.10981E-2 1.05679E-2 1.36396E-2 1.78106E-2 1.75702E-2 1.64288E-2 1.55542E-2 1.55542E-2 1.64089E-2 1.72782E-2 1.77594E-2 1.77594E-2 1.70977E-2 1.75702E-2 1.32955E-2 1.09586E-2 1.08379E-2 1.1395E-2 1.18177E-2 1.28755E-2 1.46939E-2 1.63218E-2 1.71389E-2 1.36531E-2 1.08369E-2 1.00505E-2 1.23843E-2 1.38431E-2 1.56912E-2 1.66216E-2 1.92673E-2 2.09493E-2 2.63545E-2 2.90659E-2 3.45968E-2 3.62791E-2 1.70185E-2 1.72717E-3 1.51463E-3 1.04173E-3 1.05006E-3
4.25536E-3 2.14355E-3 4.05434E-3 3.26722E-3 2.65097E-3 9.45917E-4 7.99121E-4 1.65552E-3 1.76564E-3 7.88617E-3 1.71389E-2 3.53984E-2 4.23978E-2 4.29631E-2 4.30115E-2 4.30115E-2 3.99139E-2 3.05021E-2 2.42845E-2 1.8749E-2 1.39847E-2 1.33392E-2 1.52813E-2 1.16824E-2 8.82933E-3 6.5792E-3 6.23137E-3 5.28246E-3 5.60944E-3 9.93551E-3 1.46373E-2 1.71116E-2 1.94122E-2 1.87283E-2 1.75702E-2 1.57691E-2 1.68654E-2 1.77594E-2 1.8049E-2 1.72782E-2 1.23792E-2 1.14244E-2 1.25393E-2 1.12142E-2 1.12142E-2 1.16485E-2 1.25312E-2 1.38119E-2 1.42933E-2 1.62616E-2 2.00192E-2 1.67695E-2 1.43507E-2 1.08369E-2 1.11799E-2 1.37047E-2 1.49617E-2 1.75681E-2 1.84449E-2 2.0864E-2 2.34838E-2 2.60228E-2 3.34787E-2 3.82825E-2 3.77264E-2 5.06942E-3 2.2083E-3 8.77913E-4 9.60406E-4 1.31456E-3
5.23987E-3 4.73594E-3 2.34249E-3 2.26076E-3 2.95372E-3 3.19546E-3 9.61372E-4 4.47977E-4 8.58032E-4 2.25213E-3 5.12349E-3 2.98617E-2 4.13375E-2 4.23978E-2 4.30115E-2 4.35453E-2 4.25358E-2 3.95211E-2 3.07253E-2 2.65365E-2 2.23934E-2 1.9561E-2 1.38119E-2 1.05766E-2 8.14087E-3 7.02627E-3 4.2917E-3 3.76987E-3 3.84201E-3 4.66435E-3 1.41697E-2 1.98851E-2 2.10793E-2 1.98707E-2 1.85024E-2 1.77594E-2 1.72782E-2 1.8049E-2 1.9604E-2 1.75174E-2 1.11339E-2 1.14244E-2 1.08958E-2 1.17213E-2 1.20246E-2 1.29252E-2 1.40599E-2 1.5613E-2 1.72402E-2 2.06189E-2 2.31794E-2 1.8999E-2 1.47214E-2 1.34909E-2 1.38809E-2 1.61809E-2 1.88072E-2 2.0722E-2 2.09945E-2 2.32582E-2 2.62498E-2 3.02068E-2 3.68101E-2 3.78245E-2 1.50622E-2 6.77486E-3 1.40753E-2 1.32245E-2 1.13245E-2 6.30144E-3
6.00902E-3 5.51897E-3 3.82038E-3 8.70238E-4 9.07727E-4 2.16298E-3 3.01333E-3 2.42638E-3 1.20843E-4 4.59736E-4 1.21208E-3 1.54628E-2 4.08585E-2 4.35165E-2 4.1972E-2 4.0462E-2 4.05196E-2 4.3026E-2 3.80079E-2 3.02118E-2 2.85407E-2 2.3188E-2 1.54064E-2 1.1538E-2 8.04069E-3 6.5792E-3 4.47899E-3 3.98574E-3 4.64139E-3 3.67859E-3 9.56498E-3 2.10793E-2 2.20376E-2 2.10444E-2 2.05776E-2 1.82705E-2 1.8049E-2 1.93666E-2 1.98043E-2 1.98043E-2 1.82705E-2 1.87005E-2 1.42832E-2 1.29586E-2 1.42698E-2 1.52862E-2 2.03676E-2 2.08597E-2 2.23934E-2 2.37502E-2 2.40218E-2 1.71389E-2 1.41812E-2 1.59509E-2 1.72916E-2 1.94413E-2 2.14911E-2 2.33129E-2 2.53734E-2 2.81372E-2 3.16992E-2 3.91375E-2 4.342E-2 3.42941E-2 5.5804E-3 2.01557E-2 2.25811E-2 1.86759E-2 1.05889E-2 5.1487E-3
5.49403E-3 5.32186E-3 5.10536E-3 4.15888E-3 2.69198E-3 8.78837E-4 1.08149E-3 3.09595E-3 2.25615E-3 9.73182E-4 1.96776E-3 1.60241E-2 4.00238E-2 4.45737E-2 4.20382E-2 4.00446E-2 4.25388E-2 4.28804E-2 4.00446E-2 3.38954E-2 3.20584E-2 2.59174E-2 2.11046E-2 1.25592E-2 9.30216E-3 5.96901E-3 2.75673E-3 3.35885E-3 4.64139E-3 4.52827E-3 1.0975E-2 2.25741E-2 2.35582E-2 2.25174E-2 2.2247E-2 2.07913E-2 2.05408E-2 1.89298E-2 1.93666E-2 2.1642E-2 2.20909E-2 2.07426E-2 1.82519E-2 1.64288E-2 1.85024E-2 2.13E-2 2.085E-2 1.47168E-2 2.26596E-2 2.48624E-2 2.31794E-2 1.67695E-2 1.72142E-2 1.86944E-2 2.10045E-2 2.35528E-2 2.54763E-2 2.77463E-2 3.16422E-2 3.56206E-2 4.43371E-2 5.15317E-2 5.40611E-2 2.43421E-2 1.46585E-2 2.04407E-2 1.77815E-2 1.22744E-2 3.81329E-3 2.79202E-3
2.50929E-3 3.02561E-3 3.65007E-3 3.88704E-3 3.45503E-3 3.7025E-3 2.31875E-3 3.18482E-3 3.43021E-3 1.44677E-3 2.47926E-4 5.78293E-3 2.48706E-2 3.92661E-2 4.40907E-2 4.3026E-2 4.20393E-2 4.15445E-2 4.00941E-2 3.48899E-2 3.31626E-2 2.96578E-2 2.13553E-2 1.45995E-2 1.13981E-2 4.26437E-3 2.41796E-3 3.74313E-3 4.87479E-3 4.58453E-3 1.25312E-2 2.41307E-2 2.54412E-2 2.43407E-2 2.32762E-2 2.29969E-2 2.21758E-2 2.07426E-2 2.04913E-2 2.04913E-2 2.1642E-2 2.11924E-2 2.07426E-2 2.09964E-2 2.12528E-2 2.13E-2 1.75798E-2 1.5613E-2 1.70133E-2 2.17578E-2 1.7809E-2 1.54546E-2 1.8873E-2 2.37764E-2 2.8609E-2 3.08831E-2 3.53991E-2 3.83525E-2 4.01734E-2 4.58367E-2 5.26418E-2 5.90868E-2 5.96543E-2 3.21258E-2 2.2249E-2 1.88318E-2 7.12468E-3 8.26584E-3 4.00754E-3 2.17792E-4
9.95036E-4 7.51542E-4 1.04826E-3 1.2222E-3 1.63257E-3 1.41907E-3 2.63297E-3 2.95379E-3 2.81301E-3 2.62096E-3 2.64102E-4 6.65879E-4 6.65589E-3 2.74877E-2 4.24246E-2 4.27164E-2 4.18358E-2 4.00883E-2 4.06781E-2 4.00883E-2 3.80079E-2 3.22292E-2 2.59174E-2 2.13553E-2 1.60332E-2 5.45753E-3 2.12107E-3 4.26437E-3 5.17211E-3 3.51152E-3 8.82933E-3 2.3626E-2 2.67744E-2 2.64549E-2 2.64549E-2 2.53323E-2 2.47277E-2 2.33791E-2 2.26365E-2 2.35542E-2 2.43053E-2 2.26365E-2 2.21758E-2 2.21758E-2 2.34758E-2 2.01118E-2 1.38145E-2 1.2974E-2 1.31742E-2 1.50208E-2 1.59728E-2 1.60058E-2 2.17711E-2 2.6305E-2 3.00818E-2 3.40934E-2 3.765E-2 4.28418E-2 4.60699E-2 5.28328E-2 5.91842E-2 6.34962E-2 5.96572E-2 2.13352E-2 1.82533E-2 1.46674E-2 6.74585E-3 3.44771E-3 1.90898E-3 2.08532E-3
6.1046E-4 2.77904E-4 4.07935E-4 6.75885E-4 1.16417E-3 1.62888E-3 1.30259E-3 1.40642E-3 6.14439E-4 1.44332E-4 6.36614E-4 1.86792E-4 2.40637E-3 1.50594E-2 3.60209E-2 4.27164E-2 4.07711E-2 4.05411E-2 3.98141E-2 4.11419E-2 3.95468E-2 3.67476E-2 3.28578E-2 2.8963E-2 2.03688E-2 7.9628E-3 5.14613E-3 4.56088E-3 5.68715E-3 3.25239E-3 4.93466E-3 1.62468E-2 2.66853E-2 2.84657E-2 2.86363E-2 2.8294E-2 2.7955E-2 2.7432E-2 2.82426E-2 2.86786E-2 2.84626E-2 2.79012E-2 2.61611E-2 2.38432E-2 2.07913E-2 1.40889E-2 1.1239E-2 1.08452E-2 9.67414E-3 1.01649E-2 1.16733E-2 1.56216E-2 2.12241E-2 2.6305E-2 2.94233E-2 3.57213E-2 3.98428E-2 4.34274E-2 5.03458E-2 5.5251E-2 6.17216E-2 6.35997E-2 4.21297E-2 1.64428E-2 1.83576E-2 1.41421E-2 9.09457E-3 4.91497E-3 4.72485E-3 1.29218E-2
2.48684E-3 1.19496E-3 6.97309E-4 3.23711E-4 1.58823E-4 9.92116E-4 1.35949E-3 1.07712E-3 9.56222E-4 6.14439E-4 3.10679E-4 5.83574E-4 1.44677E-3 6.89541E-3 3.22492E-2 4.13678E-2 4.0955E-2 4.11419E-2 4.0911E-2 4.05646E-2 4.01988E-2 3.8189E-2 3.38954E-2 3.13078E-2 2.11931E-2 4.58509E-3 4.47601E-3 3.40069E-3 4.25536E-3 5.11799E-3 3.6981E-3 6.60828E-3 1.56674E-2 2.72197E-2 3.02089E-2 3.08723E-2 3.07949E-2 2.92231E-2 2.97623E-2 3.01557E-2 2.90581E-2 2.7432E-2 2.30961E-2 1.98437E-2 1.57557E-2 1.12142E-2 6.68256E-3 7.52554E-3 6.92826E-3 7.66375E-3 9.58644E-3 1.28616E-2 1.70111E-2 1.93546E-2 2.71348E-2 3.61411E-2 4.25037E-2 4.62679E-2 5.23835E-2 5.85096E-2 6.5779E-2 6.50427E-2 4.69202E-2 2.08404E-2 1.77917E-2 6.77133E-3 6.59532E-3 2.99262E-3 3.75832E-3 2.27962E-2
4.06994E-3 2.29503E-3 1.03968E-3 3.423E-4 6.20076E-5 2.02997E-4 1.95577E-4 1.77959E-4 2.79936E-4 1.36126E-4 9.06263E-4 1.89628E-3 1.71324E-3 5.43079E-3 1.62616E-2 2.73257E-2 3.7063E-2 4.02225E-2 4.01092E-2 4.05411E-2 3.98141E-2 4.01092E-2 3.72165E-2 3.59698E-2 3.00102E-2 5.7008E-3 2.17721E-3 2.52973E-3 3.01236E-3 2.80665E-3 3.60353E-3 5.21161E-3 4.12255E-3 9.39148E-3 2.61493E-2 3.07295E-2 3.12448E-2 2.91418E-2 2.84476E-2 2.69583E-2 2.69583E-2 2.21758E-2 2.02929E-2 1.64288E-2 1.24411E-2 8.0894E-3 5.36867E-3 5.4357E-3 5.48166E-3 6.3236E-3 6.82886E-3 7.04922E-3 7.66039E-3 1.12598E-2 2.49875E-2 3.89477E-2 4.33E-2 4.90586E-2 5.48248E-2 6.03176E-2 6.50236E-2 6.57772E-2 5.9071E-2 2.72858E-2 1.32731E-2 5.09753E-3 3.69465E-3 1.48823E-3 4.20916E-3 2.77142E-2
