eval_diff_models/sp1_se_asia_median_original.asc
ncols         320
nrows         243
xllcorner     44.0
yllcorner     -0.666666666666667
cellsize      0.166666666666667
NODATA_value  -9999
[rows 62 to 92 of 243, columns 140 to 209 of 320]
8.44572E-2 1.12036E-1 1.03278E-1 1.10746E-1 1.18483E-1 1.6167E-1 1.73725E-1 1.64675E-1 1.25946E-1 1.35377E-1 1.45568E-1 1.48912E-1 1.71917E-1 1.83066E-1 1.90192E-1 2.09497E-1 2.48745E-1 2.59522E-1 2.73071E-1 2.45498E-1 1.90181E-1 1.4793E-1 1.31931E-1 1.28393E-1 1.26191E-1 1.28508E-1 1.25042E-1 1.28393E-1 1.31931E-1 1.40278E-1 1.54286E-1 1.6757E-1 1.84461E-1 1.93185E-1 2.00571E-1 1.94357E-1 1.85497E-1 1.75705E-1 1.71366E-1 1.87622E-1 2.10735E-1 2.30983E-1 2.60237E-1 2.92503E-1 3.30396E-1 3.60221E-1 3.96719E-1 4.37668E-1 4.69688E-1 4.8996E-1 5.00971E-1 5.0955E-1 5.60978E-1 5.86762E-1 5.6998E-1 5.71967E-1 6.03207E-1 6.15748E-1 4.77635E-1 3.92707E-1 3.99908E-1 2.95634E-1 2.03558E-1 1.59025E-1 1.65151E-1 8.01371E-2 3.19375E-2 5.75327E-3 7.12754E-4 2.07698E-5
1.04175E-1 9.35689E-2 9.53257E-2 9.7705E-2 1.0114E-1 1.23091E-1 1.58021E-1 1.47105E-1 1.3009E-1 1.43033E-1 1.37011E-1 1.46951E-1 1.55539E-1 1.69811E-1 1.88087E-1 2.32253E-1 2.33616E-1 2.48705E-1 2.76354E-1 2.48287E-1 1.81587E-1 1.41649E-1 1.26068E-1 1.24916E-1 1.2377E-1 1.27228E-1 1.27228E-1 1.29396E-1 1.34167E-1 1.43837E-1 1.60778E-1 1.77191E-1 1.93134E-1 2.06643E-1 2.11214E-1 2.05059E-1 1.93086E-1 1.70363E-1 1.66172E-1 1.86606E-1 2.04855E-1 2.31781E-1 2.54988E-1 2.84425E-1 3.17246E-1 3.38986E-1 3.69609E-1 4.10774E-1 4.58447E-1 5.09455E-1 5.39351E-1 5.24743E-1 5.55224E-1 6.00411E-1 6.05539E-1 6.05113E-1 6.15663E-1 6.19462E-1 5.51376E-1 4.88617E-1 4.43235E-1 3.29288E-1 1.89793E-1 1.35914E-1 1.57791E-1 1.23687E-1 7.44149E-2 3.74457E-2 1.20421E-2 2.0773E-3
1.13917E-1 8.8664E-2 8.83429E-2 8.76982E-2 8.79939E-2 1.04813E-1 1.55239E-1 1.73778E-1 1.83865E-1 1.91572E-1 1.56274E-1 1.54906E-1 1.68635E-1 1.8175E-1 1.80213E-1 1.99905E-1 2.05134E-1 2.14313E-1 2.20463E-1 1.97602E-1 1.62291E-1 1.36738E-1 1.2263E-1 1.19252E-1 1.20371E-1 1.21497E-1 1.25887E-1 1.29396E-1 1.37609E-1 1.49996E-1 1.6329E-1 1.81279E-1 1.98965E-1 2.11162E-1 2.14313E-1 2.14313E-1 2.00623E-1 1.87296E-1 1.88579E-1 1.99905E-1 2.18779E-1 2.40213E-1 2.66957E-1 2.86619E-1 3.0907E-1 3.3281E-1 3.51735E-1 3.91265E-1 4.45022E-1 4.98407E-1 5.31307E-1 5.15531E-1 5.36661E-1 5.94686E-1 6.12534E-1 6.1637E-1 6.24658E-1 6.2226E-1 5.91002E-1 5.25955E-1 4.62255E-1 3.50318E-1 2.37294E-1 1.60882E-1 1.76693E-1 1.57791E-1 1.23695E-1 8.91888E-2 6.12841E-2 2.3426E-2
1.09533E-1 8.6418E-2 8.35884E-2 8.26605E-2 8.39115E-2 1.02173E-1 1.40478E-1 1.85719E-1 1.71675E-1 1.77733E-1 1.69512E-1 1.88509E-1 1.81459E-1 1.77123E-1 1.72422E-1 1.7296E-1 1.7156E-1 1.70167E-1 1.63477E-1 1.49104E-1 1.34321E-1 1.2263E-1 1.18139E-1 1.13755E-1 1.16827E-1 1.20174E-1 1.26814E-1 1.31545E-1 1.41069E-1 1.51003E-1 1.63032E-1 1.79562E-1 1.97249E-1 2.07913E-1 2.14258E-1 2.15861E-1 2.1582E-1 2.15689E-1 2.18526E-1 2.27407E-1 2.39317E-1 2.5983E-1 2.73331E-1 2.99008E-1 3.1602E-1 3.35115E-1 3.57534E-1 3.93862E-1 4.29272E-1 4.6544E-1 4.98407E-1 5.17181E-1 5.49832E-1 5.89817E-1 6.14068E-1 6.22073E-1 6.22435E-1 6.2616E-1 6.25578E-1 5.50412E-1 4.65203E-1 3.63851E-1 2.88338E-1 2.42786E-1 2.44624E-1 2.35335E-1 1.98214E-1 1.75054E-1 1.62429E-1 8.38854E-2
8.60867E-2 8.6418E-2 8.83429E-2 8.45239E-2 8.73766E-2 1.06273E-1 1.51499E-1 2.1047E-1 2.22092E-1 2.08075E-1 1.94546E-1 1.77263E-1 1.68384E-1 1.59376E-1 1.50227E-1 1.38405E-1 1.35554E-1 1.32314E-1 1.27696E-1 1.14629E-1 1.08427E-1 1.04286E-1 1.08427E-1 1.09763E-1 1.12244E-1 1.17881E-1 1.23126E-1 1.30439E-1 1.40844E-1 1.51003E-1 1.66835E-1 1.79562E-1 1.92441E-1 2.07655E-1 2.1724E-1 2.22073E-1 2.26711E-1 2.3595E-1 2.51923E-1 2.53087E-1 2.65357E-1 2.81545E-1 2.95253E-1 3.15112E-1 3.35115E-1 3.52382E-1 3.71185E-1 4.08575E-1 4.41642E-1 4.5691E-1 4.8242E-1 5.15972E-1 5.57867E-1 5.95552E-1 5.98895E-1 5.85371E-1 6.08761E-1 6.12188E-1 6.23125E-1 5.43618E-1 4.5671E-1 3.78157E-1 3.44345E-1 3.28673E-1 3.18601E-1 3.32793E-1 3.21305E-1 3.21305E-1 2.72869E-1 1.67051E-1
9.06188E-2 9.22862E-2 9.12887E-2 9.43047E-2 1.0597E-1 1.44002E-1 2.15108E-1 2.48868E-1 2.50284E-1 2.24459E-1 1.9131E-1 1.68225E-1 1.54726E-1 1.38405E-1 1.28937E-1 1.16951E-1 1.06636E-1 1.02703E-1 9.88243E-2 9.38941E-2 9.07536E-2 9.6257E-2 1.02542E-1 1.04227E-1 1.10293E-1 1.17094E-1 1.23651E-1 1.32314E-1 1.42297E-1 1.54726E-1 1.66093E-1 1.82108E-1 1.93939E-1 2.07655E-1 2.20384E-1 2.33186E-1 2.42768E-1 2.63674E-1 2.81817E-1 2.84589E-1 2.88855E-1 3.01123E-1 3.17976E-1 3.42518E-1 3.66082E-1 3.86356E-1 4.03703E-1 4.38578E-1 4.58374E-1 4.67041E-1 4.75513E-1 5.15972E-1 5.67115E-1 6.04067E-1 5.90292E-1 5.69572E-1 5.97576E-1 6.06875E-1 6.25656E-1 6.15159E-1 5.34667E-1 4.53229E-1 4.10895E-1 3.86264E-1 3.62476E-1 3.73381E-1 3.94509E-1 4.14234E-1 3.35607E-1 2.03316E-1
9.60112E-2 9.43047E-2 1.00549E-1 1.1159E-1 1.37358E-1 2.06932E-1 3.31216E-1 3.5064E-1 2.55847E-1 1.90284E-1 1.55791E-1 1.36375E-1 1.24446E-1 1.1485E-1 1.084E-1 9.86635E-2 8.63442E-2 8.73927E-2 8.50168E-2 8.6759E-2 8.74223E-2 9.17E-2 9.83935E-2 1.03042E-1 1.1077E-1 1.17094E-1 1.25458E-1 1.32314E-1 1.41292E-1 1.53604E-1 1.67692E-1 1.83567E-1 1.95442E-1 2.10757E-1 2.25133E-1 2.41216E-1 2.46105E-1 2.72504E-1 2.9563E-1 3.06814E-1 3.08609E-1 3.27287E-1 3.48649E-1 3.83004E-1 4.21395E-1 4.40112E-1 4.45022E-1 4.67041E-1 4.87842E-1 4.8633E-1 4.69865E-1 5.13119E-1 5.69033E-1 5.88778E-1 5.79173E-1 5.74904E-1 5.69572E-1 6.21216E-1 6.24129E-1 6.21408E-1 6.08751E-1 5.34128E-1 4.75777E-1 4.32168E-1 3.84922E-1 3.60168E-1 3.78157E-1 3.88937E-1 3.0811E-1 1.64869E-1
9.92501E-2 9.84359E-2 1.0597E-1 1.20995E-1 1.50838E-1 2.2695E-1 3.5613E-1 3.54301E-1 2.23278E-1 1.57224E-1 1.26548E-1 1.15746E-1 1.10809E-1 1.03754E-1 9.88905E-2 9.21523E-2 8.6591E-2 8.32537E-2 8.42748E-2 8.50168E-2 8.78097E-2 9.21045E-2 9.76811E-2 1.01139E-1 1.11192E-1 1.16248E-1 1.25864E-1 1.35554E-1 1.47567E-1 1.56675E-1 1.70915E-1 1.85032E-1 1.99984E-1 2.16708E-1 2.37613E-1 2.50965E-1 2.57603E-1 2.7433E-1 2.9563E-1 3.13502E-1 3.26734E-1 3.56487E-1 3.8869E-1 4.34937E-1 4.79623E-1 5.04817E-1 4.9449E-1 5.14757E-1 5.23805E-1 5.19148E-1 5.21864E-1 5.45152E-1 5.73618E-1 5.46505E-1 5.54627E-1 6.03437E-1 6.04692E-1 6.19601E-1 6.26032E-1 6.32849E-1 6.34926E-1 5.98914E-1 5.29413E-1 4.7072E-1 4.09265E-1 3.54833E-1 3.59197E-1 3.62092E-1 2.74616E-1 1.59425E-1
1.22439E-1 9.7705E-2 1.06273E-1 1.15345E-1 1.38904E-1 1.74064E-1 2.11809E-1 1.86257E-1 1.36373E-1 1.12475E-1 9.92501E-2 9.61842E-2 9.46501E-2 9.46501E-2 9.34193E-2 9.21523E-2 8.5549E-2 8.34925E-2 8.42748E-2 8.53049E-2 8.81526E-2 9.24625E-2 9.69206E-2 1.02703E-1 1.10313E-1 1.1792E-1 1.27568E-1 1.38778E-1 1.53604E-1 1.66093E-1 1.7581E-1 1.87979E-1 1.99984E-1 2.18595E-1 2.42531E-1 2.74382E-1 2.89659E-1 2.97715E-1 3.08486E-1 3.2604E-1 3.46803E-1 3.83646E-1 4.27092E-1 4.76831E-1 5.14757E-1 5.42193E-1 5.41698E-1 5.4673E-1 5.59264E-1 5.56157E-1 5.70792E-1 5.87335E-1 5.99146E-1 5.80507E-1 5.89087E-1 6.07446E-1 6.19779E-1 6.19285E-1 6.34905E-1 6.31684E-1 6.32849E-1 6.20458E-1 5.44357E-1 5.02172E-1 4.41061E-1 3.88973E-1 3.8481E-1 3.92243E-1 3.63604E-1 2.77955E-1
1.00244E-1 9.97999E-2 1.03001E-1 1.06545E-1 1.13288E-1 1.21512E-1 1.23931E-1 1.05448E-1 8.6467E-2 8.28302E-2 8.18732E-2 8.29279E-2 8.68237E-2 8.9183E-2 9.01428E-2 8.99808E-2 8.57488E-2 8.5549E-2 8.45162E-2 8.73927E-2 9.24625E-2 9.69206E-2 1.03044E-1 1.08154E-1 1.14391E-1 1.23517E-1 1.331E-1 1.47567E-1 1.59781E-1 1.70915E-1 1.87979E-1 1.96951E-1 2.04841E-1 2.14113E-1 2.23546E-1 2.55983E-1 2.98011E-1 3.17499E-1 3.32669E-1 3.46803E-1 3.72469E-1 4.11837E-1 4.51783E-1 4.98524E-1 5.33449E-1 5.59215E-1 5.65999E-1 5.64679E-1 5.6998E-1 5.7345E-1 5.77845E-1 5.97297E-1 6.12534E-1 6.16978E-1 6.21941E-1 6.24761E-1 6.31847E-1 6.3047E-1 6.33993E-1 6.35511E-1 6.34932E-1 6.06689E-1 5.63257E-1 5.40998E-1 4.81773E-1 4.39825E-1 4.4851E-1 4.64092E-1 4.41025E-1 3.86901E-1
1.10526E-1 9.5671E-2 9.79899E-2 9.67342E-2 9.67342E-2 9.46159E-2 9.04767E-2 8.08232E-2 7.38579E-2 7.10125E-2 7.01586E-2 7.63639E-2 8.00063E-2 8.39473E-2 8.6014E-2 8.48671E-2 8.47137E-2 8.34925E-2 8.87026E-2 9.27733E-2 9.61129E-2 1.04232E-1 1.09382E-1 1.13381E-1 1.21134E-1 1.27852E-1 1.4022E-1 1.55135E-1 1.70915E-1 1.8537E-1 2.00271E-1 2.09456E-1 2.1277E-1 2.17412E-1 2.1428E-1 2.34744E-1 2.9563E-1 3.35979E-1 3.54562E-1 3.70881E-1 3.94256E-1 4.3108E-1 4.71912E-1 5.04994E-1 5.35673E-1 5.59215E-1 5.60031E-1 5.54465E-1 5.64235E-1 5.71103E-1 5.82087E-1 5.86773E-1 6.07965E-1 6.18898E-1 6.257E-1 6.19198E-1 6.26962E-1 6.34995E-1 6.35892E-1 6.3827E-1 5.91072E-1 6.00894E-1 5.76415E-1 5.45501E-1 5.30121E-1 5.01275E-1 4.93265E-1 5.33103E-1 5.08205E-1 4.60794E-1
1.20485E-1 9.81622E-2 9.25301E-2 9.38932E-2 8.97559E-2 8.57496E-2 8.29279E-2 7.99835E-2 7.63001E-2 7.36716E-2 7.19164E-2 7.36716E-2 8.00063E-2 8.19172E-2 8.19172E-2 8.38395E-2 8.57488E-2 8.5549E-2 8.76422E-2 9.75194E-2 1.04524E-1 1.09631E-1 1.1485E-1 1.23793E-1 1.29224E-1 1.39083E-1 1.49387E-1 1.69299E-1 1.86836E-1 2.03313E-1 2.1881E-1 2.26813E-1 2.29972E-1 2.29857E-1 2.39383E-1 2.64894E-1 3.19402E-1 3.52936E-1 3.73921E-1 3.92925E-1 4.10823E-1 4.38912E-1 4.65115E-1 4.98485E-1 5.23131E-1 5.32947E-1 5.31821E-1 5.3979E-1 5.53727E-1 5.72165E-1 5.76877E-1 5.91311E-1 6.07378E-1 6.23314E-1 5.81626E-1 5.69897E-1 6.22522E-1 6.37684E-1 6.38713E-1 6.3206E-1 6.33267E-1 6.20283E-1 5.75089E-1 5.53766E-1 5.51347E-1 5.51347E-1 5.40264E-1 5.46354E-1 5.4282E-1 5.02856E-1
1.15666E-1 1.02777E-1 9.49481E-2 9.19562E-2 8.88725E-2 8.78308E-2 8.5825E-2 8.48765E-2 8.88463E-2 9.02578E-2 8.00661E-2 8.19129E-2 8.19129E-2 8.39473E-2 8.70611E-2 8.9183E-2 8.69497E-2 8.99808E-2 9.21523E-2 1.03333E-1 1.15666E-1 1.21344E-1 1.30829E-1 1.39083E-1 1.39083E-1 1.47567E-1 1.64502E-1 1.8391E-1 2.01986E-1 2.31521E-1 2.44476E-1 2.47734E-1 2.52502E-1 2.52262E-1 2.686E-1 2.91199E-1 3.27698E-1 3.55739E-1 3.80076E-1 4.0538E-1 4.1604E-1 4.36513E-1 4.57221E-1 4.82393E-1 5.09836E-1 5.22695E-1 5.29366E-1 5.48039E-1 5.61295E-1 5.74675E-1 5.80429E-1 5.98696E-1 6.13259E-1 6.0964E-1 5.4695E-1 5.79335E-1 6.18829E-1 6.39733E-1 6.30825E-1 6.21593E-1 6.35025E-1 6.34446E-1 6.05397E-1 5.68115E-1 5.49883E-1 5.54935E-1 5.43723E-1 5.28044E-1 5.23617E-1 5.19953E-1
1.12006E-1 1.02777E-1 1.00571E-1 1.00571E-1 9.69023E-2 9.35381E-2 9.24353E-2 9.35381E-2 9.56502E-2 9.46501E-2 8.88463E-2 8.68237E-2 8.48345E-2 8.78308E-2 9.13419E-2 9.09022E-2 9.24353E-2 9.66071E-2 1.04524E-1 1.21455E-1 1.41292E-1 1.44917E-1 1.47521E-1 1.46645E-1 1.52666E-1 1.61346E-1 1.75267E-1 1.94616E-1 2.2366E-1 2.54134E-1 2.76012E-1 2.8087E-1 2.73911E-1 2.73543E-1 2.90126E-1 3.04459E-1 3.34324E-1 3.56796E-1 3.88067E-1 4.06889E-1 4.25053E-1 4.43368E-1 4.57221E-1 4.7823E-1 5.05735E-1 5.30009E-1 5.44621E-1 5.57139E-1 5.71595E-1 5.90661E-1 5.93055E-1 6.0967E-1 6.19474E-1 6.1024E-1 5.69315E-1 5.75624E-1 6.21707E-1 6.39734E-1 6.27612E-1 6.0668E-1 6.27948E-1 6.40911E-1 6.39385E-1 5.85909E-1 5.54287E-1 5.13043E-1 4.95067E-1 5.02673E-1 5.05845E-1 5.17027E-1
1.14528E-1 1.06186E-1 1.07397E-1 1.04949E-1 1.02568E-1 1.01211E-1 1.01391E-1 1.01519E-1 1.03754E-1 9.80424E-2 9.46501E-2 9.35381E-2 9.57715E-2 9.57715E-2 9.61892E-2 9.51149E-2 9.91919E-2 1.04949E-1 1.14075E-1 1.34142E-1 1.60123E-1 1.75944E-1 1.77526E-1 1.60681E-1 1.63268E-1 1.70915E-1 1.79562E-1 1.98965E-1 2.29972E-1 2.71894E-1 3.03471E-1 3.00131E-1 2.93457E-1 2.95124E-1 3.06814E-1 3.26877E-1 3.4753E-1 3.65532E-1 3.91357E-1 4.14524E-1 4.26541E-1 4.44308E-1 4.53285E-1 4.82393E-1 5.11325E-1 5.41698E-1 5.59215E-1 5.6521E-1 5.86849E-1 6.04902E-1 6.09278E-1 6.22748E-1 6.23645E-1 6.29955E-1 6.27035E-1 6.21707E-1 6.37931E-1 6.39138E-1 6.31446E-1 6.04854E-1 6.03908E-1 5.96105E-1 5.7814E-1 5.67979E-1 5.60043E-1 5.26951E-1 4.95511E-1 4.9777E-1 4.94372E-1 5.0222E-1
1.16973E-1 1.16973E-1 1.1688E-1 1.09824E-1 1.09382E-1 1.13124E-1 1.13381E-1 1.11066E-1 1.09824E-1 1.06106E-1 1.04952E-1 1.02669E-1 1.01519E-1 1.01519E-1 1.00571E-1 1.03946E-1 1.00571E-1 1.06153E-1 1.18512E-1 1.43132E-1 1.79488E-1 2.21762E-1 2.01142E-1 1.79488E-1 1.7581E-1 1.76693E-1 1.8391E-1 2.00271E-1 2.26813E-1 2.65631E-1 2.95124E-1 3.0114E-1 3.0114E-1 3.02799E-1 3.21863E-1 3.50182E-1 3.71571E-1 3.95985E-1 4.0972E-1 4.28025E-1 4.3684E-1 4.3494E-1 4.50276E-1 4.91635E-1 5.17648E-1 5.45657E-1 5.62108E-1 5.71949E-1 5.96097E-1 6.16693E-1 6.23125E-1 6.29629E-1 6.25379E-1 6.3257E-1 6.36864E-1 6.37622E-1 6.3827E-1 6.39823E-1 6.35597E-1 6.02743E-1 5.89498E-1 5.8373E-1 5.48211E-1 5.36246E-1 5.49562E-1 5.41536E-1 4.9777E-1 4.54325E-1 4.5262E-1 4.33451E-1
1.25794E-1 1.21963E-1 1.23164E-1 1.21134E-1 1.19549E-1 1.26208E-1 1.25137E-1 1.18512E-1 1.15927E-1 1.1485E-1 1.15649E-1 1.10809E-1 1.10809E-1 1.0962E-1 1.07397E-1 1.08564E-1 1.08564E-1 1.14426E-1 1.2649E-1 1.4608E-1 1.86836E-1 2.06553E-1 1.95745E-1 1.82455E-1 1.7984E-1 1.88555E-1 1.94247E-1 2.06375E-1 2.33128E-1 2.60689E-1 2.83906E-1 3.05714E-1 3.06814E-1 3.21062E-1 3.49401E-1 3.76457E-1 4.00525E-1 4.19237E-1 4.40242E-1 4.4696E-1 4.4696E-1 4.47393E-1 4.74017E-1 5.13319E-1 5.42274E-1 5.56796E-1 5.67744E-1 5.81786E-1 5.95945E-1 6.19673E-1 6.32601E-1 6.36566E-1 6.36145E-1 6.36132E-1 6.28055E-1 6.20437E-1 6.36161E-1 6.41069E-1 6.34446E-1 5.80369E-1 5.78361E-1 5.85731E-1 5.58812E-1 5.19959E-1 5.37857E-1 5.26066E-1 4.91045E-1 4.43474E-1 4.42256E-1 3.90495E-1
1.29522E-1 1.32346E-1 1.30984E-1 1.36453E-1 1.34803E-1 1.33394E-1 1.30605E-1 1.30605E-1 1.26708E-1 1.23164E-1 1.23164E-1 1.19368E-1 1.19368E-1 1.1688E-1 1.15746E-1 1.14528E-1 1.15746E-1 1.24446E-1 1.36453E-1 1.5547E-1 1.75267E-1 1.82723E-1 1.76693E-1 1.72432E-1 1.85806E-1 1.97463E-1 2.09204E-1 2.16708E-1 2.37839E-1 2.64287E-1 2.94337E-1 3.18036E-1 3.33282E-1 3.58549E-1 3.95005E-1 4.21549E-1 4.35987E-1 4.5029E-1 4.55981E-1 4.68498E-1 4.71185E-1 4.63997E-1 5.03547E-1 5.65695E-1 5.69973E-1 5.55044E-1 5.60981E-1 5.79486E-1 6.0178E-1 6.21911E-1 6.4203E-1 6.34326E-1 6.41027E-1 6.39565E-1 6.18367E-1 6.29936E-1 6.10531E-1 6.11327E-1 5.92427E-1 5.69183E-1 5.75089E-1 5.46398E-1 5.21088E-1 4.88219E-1 4.72636E-1 4.94407E-1 4.63977E-1 4.16612E-1 4.97365E-1 4.80318E-1
1.55239E-1 1.41862E-1 1.39102E-1 1.45162E-1 1.43688E-1 1.37647E-1 1.33394E-1 1.33623E-1 1.30984E-1 1.2966E-1 1.28344E-1 1.28344E-1 1.27036E-1 1.27036E-1 1.24509E-1 1.25794E-1 1.297E-1 1.33658E-1 1.43276E-1 1.58827E-1 1.72802E-1 1.82828E-1 1.80654E-1 1.86503E-1 2.03313E-1 2.16708E-1 2.24459E-1 2.24281E-1 2.45539E-1 2.69245E-1 2.99712E-1 3.37946E-1 3.82323E-1 4.25745E-1 4.54696E-1 4.6963E-1 4.75593E-1 4.78203E-1 4.75948E-1 4.7258E-1 4.71185E-1 4.86054E-1 4.97107E-1 5.86432E-1 5.56779E-1 5.2077E-1 5.53742E-1 5.83405E-1 6.07268E-1 6.35555E-1 6.45972E-1 6.2727E-1 6.20892E-1 6.1517E-1 6.14371E-1 6.07677E-1 5.69556E-1 5.62188E-1 5.42964E-1 5.47623E-1 5.73705E-1 5.50035E-1 5.22744E-1 4.5262E-1 4.20881E-1 4.5262E-1 4.5213E-1 4.03666E-1 4.90897E-1 5.14133E-1
1.42951E-1 1.56913E-1 1.53936E-1 1.57808E-1 1.46098E-1 1.42223E-1 1.36453E-1 1.33658E-1 1.31019E-1 1.32346E-1 1.35024E-1 1.35024E-1 1.35024E-1 1.36365E-1 1.36365E-1 1.35024E-1 1.39102E-1 1.46098E-1 1.54754E-1 1.6673E-1 1.82313E-1 2.02676E-1 2.12316E-1 2.22704E-1 2.31308E-1 2.38408E-1 2.36024E-1 2.36024E-1 2.46696E-1 2.67426E-1 2.96067E-1 3.40628E-1 4.07645E-1 4.79532E-1 5.11407E-1 5.12757E-1 5.13908E-1 5.0929E-1 4.93904E-1 4.73219E-1 4.98129E-1 5.27254E-1 5.21864E-1 5.21039E-1 4.89184E-1 5.1265E-1 5.73025E-1 6.04967E-1 6.22918E-1 6.48663E-1 6.4445E-1 6.28135E-1 6.13721E-1 5.96837E-1 5.84999E-1 5.86113E-1 5.48152E-1 5.23022E-1 5.62485E-1 5.72243E-1 5.26951E-1 5.33874E-1 4.92078E-1 4.11161E-1 3.75251E-1 3.76622E-1 3.62459E-1 3.73279E-1 4.41724E-1 5.01593E-1
1.48549E-1 1.49857E-1 1.58219E-1 1.60902E-1 1.46061E-1 1.43254E-1 1.37735E-1 1.37509E-1 1.37509E-1 1.4161E-1 1.42993E-1 1.44384E-1 1.489E-1 1.47521E-1 1.5039E-1 1.5039E-1 1.51771E-1 1.57605E-1 1.71344E-1 1.82363E-1 2.05451E-1 2.26269E-1 2.46018E-1 2.59314E-1 2.58167E-1 2.65383E-1 2.53098E-1 2.46024E-1 2.3559E-1 2.44262E-1 2.88671E-1 3.59978E-1 4.2905E-1 4.91127E-1 5.34665E-1 5.51264E-1 5.46727E-1 5.40289E-1 5.17721E-1 5.12077E-1 5.36546E-1 5.69033E-1 5.53153E-1 5.15972E-1 5.17477E-1 5.44597E-1 6.08018E-1 6.31039E-1 6.42691E-1 6.49714E-1 6.44354E-1 6.29148E-1 6.09548E-1 5.57567E-1 5.1706E-1 5.55608E-1 5.4902E-1 5.71449E-1 5.67695E-1 5.22819E-1 5.49562E-1 4.67161E-1 4.10585E-1 3.60672E-1 2.94555E-1 2.30186E-1 1.96948E-1 2.56779E-1 3.68521E-1 4.26802E-1
1.6009E-1 1.60298E-1 1.64066E-1 1.69038E-1 1.54673E-1 1.42497E-1 1.33722E-1 1.35043E-1 1.43877E-1 1.50894E-1 1.53753E-1 1.60194E-1 1.60568E-1 1.65206E-1 1.65206E-1 1.68261E-1 1.72897E-1 1.75824E-1 1.88811E-1 1.98679E-1 2.15609E-1 2.47199E-1 2.79298E-1 3.09073E-1 2.96887E-1 2.84263E-1 2.73524E-1 2.54441E-1 2.40698E-1 2.59733E-1 3.16867E-1 3.86776E-1 4.57719E-1 5.13142E-1 5.56815E-1 5.82504E-1 5.82653E-1 5.66333E-1 5.48777E-1 5.44526E-1 5.38841E-1 5.42197E-1 5.37531E-1 5.15029E-1 5.80952E-1 5.97696E-1 6.15914E-1 6.4314E-1 6.48126E-1 6.52588E-1 6.45E-1 6.35403E-1 6.15302E-1 5.64011E-1 5.08721E-1 5.59727E-1 5.7007E-1 5.35012E-1 5.19893E-1 5.39371E-1 5.1635E-1 4.4728E-1 4.15821E-1 3.43087E-1 3.04392E-1 1.78977E-1 1.17285E-1 2.4213E-1 3.24242E-1 3.19404E-1
1.71062E-1 1.71062E-1 1.75872E-1 1.78741E-1 1.71344E-1 1.50894E-1 1.44219E-1 1.45567E-1 1.49813E-1 1.66026E-1 1.76126E-1 1.77673E-1 1.77389E-1 1.74266E-1 1.8071E-1 1.87163E-1 1.88811E-1 1.98679E-1 2.08768E-1 2.17333E-1 2.33076E-1 2.52806E-1 2.934E-1 3.49917E-1 3.56935E-1 3.28622E-1 3.0297E-1 2.80169E-1 2.76188E-1 3.13945E-1 3.90218E-1 4.30201E-1 4.85898E-1 5.37662E-1 5.82854E-1 6.09596E-1 6.14278E-1 6.02262E-1 5.83496E-1 5.55224E-1 5.31977E-1 5.51949E-1 5.62251E-1 5.74515E-1 6.06338E-1 6.23909E-1 6.2792E-1 6.47172E-1 6.3214E-1 6.36593E-1 6.42511E-1 6.39973E-1 6.30412E-1 6.19418E-1 5.96653E-1 5.50738E-1 5.05497E-1 4.60152E-1 4.4263E-1 5.32957E-1 4.56989E-1 4.38436E-1 4.10895E-1 4.16614E-1 3.51899E-1 2.64376E-1 2.4213E-1 3.34137E-1 3.40064E-1 2.45929E-1
1.7911E-1 1.80638E-1 1.87146E-1 1.95442E-1 1.70724E-1 1.55349E-1 1.58818E-1 1.59075E-1 1.70962E-1 1.89353E-1 2.05242E-1 2.00001E-1 1.96054E-1 1.9044E-1 1.9538E-1 2.05451E-1 2.1047E-1 2.2603E-1 2.34849E-1 2.41984E-1 2.52806E-1 2.65588E-1 2.8127E-1 3.2776E-1 3.37802E-1 3.40458E-1 3.3004E-1 3.1517E-1 3.25671E-1 4.17163E-1 4.96489E-1 4.7431E-1 5.20941E-1 5.6993E-1 6.05572E-1 6.27093E-1 6.34976E-1 6.32413E-1 6.11892E-1 5.53982E-1 5.47056E-1 5.67494E-1 5.90537E-1 6.11163E-1 6.34449E-1 6.42383E-1 6.48361E-1 6.41813E-1 6.02282E-1 6.1265E-1 6.17228E-1 6.30637E-1 6.28539E-1 6.41924E-1 6.21148E-1 5.64991E-1 4.98891E-1 4.35497E-1 4.10582E-1 5.04431E-1 4.3045E-1 4.1241E-1 4.1602E-1 4.40345E-1 4.09243E-1 3.48998E-1 3.07535E-1 3.44008E-1 3.68345E-1 3.45978E-1
1.88713E-1 1.91361E-1 1.99129E-1 1.98712E-1 1.72034E-1 1.72286E-1 1.76693E-1 1.82555E-1 1.90782E-1 2.05277E-1 2.18544E-1 2.21738E-1 2.09313E-1 1.93407E-1 1.98679E-1 2.17333E-1 2.38408E-1 2.56442E-1 2.69267E-1 2.71111E-1 2.80364E-1 2.91533E-1 2.8496E-1 2.99485E-1 3.27519E-1 3.41204E-1 3.49361E-1 3.51232E-1 3.71754E-1 4.48593E-1 4.9733E-1 5.05453E-1 5.46648E-1 5.96618E-1 6.26299E-1 6.39808E-1 6.44736E-1 6.4314E-1 5.96035E-1 5.68425E-1 5.71516E-1 5.88735E-1 6.11788E-1 6.2858E-1 6.38227E-1 6.17795E-1 6.20139E-1 6.06734E-1 5.75078E-1 5.90208E-1 6.06862E-1 6.05231E-1 6.19324E-1 6.29879E-1 6.15542E-1 5.822E-1 5.31958E-1 4.53477E-1 3.9953E-1 4.91643E-1 4.19347E-1 3.76791E-1 3.95551E-1 4.17527E-1 4.339E-1 3.72125E-1 3.22382E-1 3.27007E-1 4.21381E-1 4.5894E-1
1.95707E-1 2.02433E-1 2.12745E-1 2.15129E-1 1.81245E-1 1.87633E-1 1.92034E-1 1.93823E-1 2.08553E-1 2.16766E-1 2.26632E-1 2.33866E-1 2.21738E-1 2.10995E-1 2.13449E-1 2.38408E-1 2.67426E-1 2.99009E-1 3.10251E-1 3.12127E-1 3.19632E-1 3.16515E-1 3.0129E-1 3.2128E-1 3.47846E-1 3.69881E-1 3.79154E-1 3.90216E-1 4.07331E-1 4.31025E-1 4.73168E-1 5.44309E-1 5.8567E-1 6.30115E-1 6.46858E-1 6.46455E-1 6.45706E-1 6.22085E-1 5.74558E-1 5.94789E-1 5.99715E-1 6.11432E-1 6.26747E-1 6.36594E-1 6.22813E-1 6.03599E-1 5.94369E-1 5.57549E-1 5.31674E-1 5.9121E-1 6.10055E-1 5.79286E-1 5.88089E-1 5.9112E-1 5.74838E-1 5.66405E-1 5.34823E-1 4.69847E-1 3.89505E-1 4.78326E-1 4.0077E-1 3.6184E-1 3.68538E-1 3.69279E-1 3.79787E-1 3.4237E-1 3.40126E-1 3.89661E-1 4.46955E-1 4.32128E-1
2.13257E-1 2.1278E-1 2.22092E-1 2.20797E-1 1.97098E-1 1.95629E-1 2.02005E-1 2.06907E-1 2.16845E-1 2.18285E-1 2.30432E-1 2.37317E-1 2.35518E-1 2.31579E-1 2.50284E-1 2.71111E-1 3.04626E-1 3.38209E-1 3.46921E-1 3.48661E-1 3.48071E-1 3.41935E-1 3.42387E-1 3.6442E-1 3.85567E-1 4.01192E-1 4.17461E-1 4.33896E-1 4.49592E-1 4.63565E-1 5.22217E-1 5.77504E-1 6.29893E-1 6.50838E-1 6.49741E-1 6.45576E-1 6.02353E-1 4.58606E-1 5.7786E-1 6.02429E-1 6.15663E-1 6.29297E-1 6.19558E-1 6.17603E-1 6.01844E-1 5.77718E-1 5.64412E-1 5.01117E-1 4.53148E-1 4.74231E-1 5.43685E-1 5.87435E-1 5.76815E-1 5.5032E-1 5.15195E-1 5.18988E-1 5.10398E-1 4.41025E-1 3.67151E-1 4.0193E-1 3.82017E-1 3.44556E-1 3.25796E-1 3.0811E-1 3.04732E-1 3.02427E-1 2.86892E-1 3.08556E-1 3.27997E-1 3.14933E-1
2.23579E-1 2.28282E-1 2.32728E-1 2.25504E-1 2.08537E-1 2.06816E-1 2.13456E-1 2.18429E-1 2.24953E-1 2.26632E-1 2.3559E-1 2.39047E-1 2.47787E-1 2.58167E-1 2.79428E-1 3.02753E-1 3.30886E-1 3.57344E-1 3.72879E-1 3.73733E-1 3.74248E-1 3.74621E-1 3.86992E-1 4.09126E-1 4.28155E-1 4.50837E-1 4.69433E-1 4.8236E-1 5.14773E-1 5.43129E-1 5.96231E-1 6.26222E-1 6.5453E-1 6.37622E-1 6.37814E-1 6.02854E-1 4.79415E-1 5.44668E-1 5.83271E-1 5.9406E-1 6.17533E-1 6.31019E-1 6.06222E-1 5.83892E-1 5.49186E-1 5.36373E-1 5.42909E-1 5.18008E-1 4.82675E-1 4.57247E-1 4.75388E-1 5.37857E-1 5.75995E-1 5.1603E-1 4.73606E-1 4.64419E-1 4.55548E-1 3.89196E-1 3.07314E-1 2.59619E-1 2.8236E-1 2.97702E-1 2.92317E-1 2.61447E-1 2.45165E-1 2.02212E-1 1.51052E-1 1.6996E-1 1.9429E-1 2.0732E-1
2.26724E-1 2.31361E-1 2.33076E-1 2.39565E-1 2.28593E-1 2.25311E-1 2.28721E-1 2.32147E-1 2.40782E-1 2.3559E-1 2.46024E-1 2.51325E-1 2.69006E-1 2.88657E-1 3.03495E-1 3.23957E-1 3.42523E-1 3.68272E-1 3.82289E-1 3.94673E-1 3.95352E-1 4.15413E-1 4.35637E-1 4.57666E-1 4.77686E-1 5.06269E-1 5.23756E-1 5.5098E-1 5.86761E-1 6.1027E-1 6.36454E-1 6.46073E-1 5.98558E-1 5.68547E-1 5.34851E-1 4.50928E-1 3.43034E-1 4.9345E-1 5.94582E-1 6.08779E-1 6.22748E-1 6.2586E-1 5.91234E-1 5.62188E-1 5.16477E-1 4.8394E-1 4.88913E-1 4.7146E-1 4.60621E-1 4.57715E-1 4.61885E-1 5.31152E-1 5.0708E-1 4.75244E-1 4.47318E-1 4.42063E-1 4.10326E-1 3.41731E-1 2.50814E-1 1.49782E-1 1.65341E-1 2.53996E-1 2.80441E-1 2.51877E-1 1.94571E-1 1.15165E-1 5.83348E-2 7.43006E-2 1.07597E-1 1.51017E-1
2.26724E-1 2.36214E-1 2.47199E-1 2.50993E-1 2.50284E-1 2.49215E-1 2.49554E-1 2.53098E-1 2.56654E-1 2.44264E-1 2.53098E-1 2.65593E-1 2.89087E-1 3.03799E-1 3.23957E-1 3.4067E-1 3.5889E-1 3.76932E-1 3.91812E-1 3.96427E-1 4.24124E-1 4.44511E-1 4.744E-1 5.04729E-1 5.31516E-1 5.61366E-1 5.82903E-1 6.09224E-1 6.27226E-1 6.48706E-1 6.51596E-1 6.52924E-1 1.38181E-1 5.62485E-1 4.61889E-1 4.03674E-1 4.0392E-1 4.30202E-1 5.79658E-1 6.19097E-1 6.17309E-1 5.66017E-1 5.41351E-1 5.11414E-1 4.96489E-1 4.69023E-1 4.27339E-1 4.06612E-1 4.21548E-1 4.65645E-1 4.59569E-1 5.02734E-1 4.32883E-1 3.69416E-1 4.0661E-1 4.12937E-1 3.86694E-1 3.04392E-1 2.1991E-1 1.24956E-1 1.54303E-1 2.50264E-1 2.99624E-1 2.7411E-1 1.86038E-1 9.63355E-2 4.35477E-2 3.82182E-2 5.49216E-2 9.86379E-2
2.31587E-1 2.3797E-1 2.55795E-1 2.65667E-1 2.71111E-1 2.72079E-1 2.79428E-1 2.79932E-1 2.79932E-1 2.78106E-1 2.83589E-1 2.96436E-1 3.07485E-1 3.20391E-1 3.33281E-1 3.44294E-1 3.56385E-1 3.72872E-1 3.92882E-1 4.25855E-1 4.59452E-1 4.85523E-1 5.13479E-1 5.42774E-1 5.77436E-1 6.09351E-1 6.24844E-1 6.38369E-1 6.54093E-1 6.63085E-1 6.52034E-1 6.26452E-1 5.58812E-1 3.3736E-1 4.69357E-1 3.65886E-1 4.14428E-1 3.98529E-1 6.02706E-1 6.38227E-1 6.24469E-1 5.44554E-1 4.96555E-1 4.44429E-1 4.10585E-1 4.11419E-1 4.23602E-1 4.42973E-1 4.76616E-1 4.94372E-1 5.01116E-1 4.91328E-1 3.91213E-1 3.3719E-1 3.6269E-1 4.20306E-1 3.39161E-1 2.51933E-1 2.30186E-1 1.97261E-1 2.22615E-1 2.84273E-1 3.07314E-1 2.76031E-1 2.091E-1 1.03941E-1 4.11891E-2 3.22487E-2 3.79873E-2 6.28403E-2
