eval_diff_models/sp1_se_asia_median_original.asc
ncols         320
nrows         243
xllcorner     44.0
yllcorner     -0.666666666666667
cellsize      0.166666666666667
NODATA_value  -9999
[rows 62 to 92 of 243, columns 210 to 279 of 320]
4.36318E-7 1.67679E-10 9.81504E-12 1.41802E-11 7.50824E-9 9.86049E-8 3.51641E-7 4.85304E-8 2.44705E-6 4.84656E-6 1.71973E-6 2.12423E-6 3.69913E-5 1.33547E-4 5.22597E-4 8.72156E-5 3.85272E-3 3.03414E-4 5.43841E-5 4.89576E-6 2.73326E-8 3.1131E-10 6.05531E-10 9.64988E-9 2.21216E-8 1.77377E-9 -9999 -9999 -9999 -9999 -9999 -9999 -9999 -9999 -9999 -9999 -9999 -9999 -9999 -9999 -9999 -9999 -9999 -9999 -9999 -9999 -9999 -9999 -9999 -9999 -9999 -9999 -9999 -9999 -9999 -9999 -9999 -9999 -9999 -9999 -9999 -9999 -9999 -9999 -9999 -9999 -9999 -9999 -9999 -9999
7.61703E-5 1.55352E-7 1.65891E-11 1.2145E-11 1.7755E-9 2.4082E-8 8.8421E-8 8.23118E-8 4.15256E-6 8.77395E-6 6.77953E-6 7.767E-6 2.88694E-5 1.33427E-4 2.12589E-4 5.90995E-4 5.92587E-4 4.44152E-4 2.51914E-4 1.23432E-4 5.27298E-6 5.25829E-9 2.40143E-9 5.77701E-9 2.37732E-9 8.57305E-10 2.09102E-11 -9999 -9999 2.28051E-9 2.30377E-9 -9999 -9999 -9999 -9999 -9999 -9999 -9999 -9999 -9999 -9999 -9999 -9999 -9999 -9999 -9999 -9999 -9999 -9999 -9999 -9999 -9999 -9999 -9999 -9999 -9999 -9999 -9999 -9999 -9999 -9999 -9999 -9999 -9999 -9999 -9999 -9999 -9999 -9999 -9999
2.8696E-3 1.2651E-4 3.14251E-6 7.61189E-8 5.84753E-9 3.29099E-9 3.20377E-8 6.08592E-8 7.67553E-8 1.27054E-6 3.44313E-6 1.07386E-5 4.59183E-6 1.58958E-5 1.79198E-4 1.11916E-3 7.4318E-4 2.58478E-5 6.35667E-6 1.5898E-6 5.1715E-6 3.16452E-5 9.67084E-7 6.51721E-7 1.57839E-9 6.39149E-10 6.05529E-10 4.45251E-12 1.21038E-12 7.43091E-7 1.84204E-9 -9999 -9999 -9999 -9999 -9999 -9999 -9999 -9999 -9999 -9999 -9999 -9999 -9999 -9999 -9999 -9999 -9999 -9999 -9999 -9999 -9999 -9999 -9999 -9999 -9999 -9999 -9999 -9999 -9999 -9999 -9999 -9999 -9999 -9999 -9999 -9999 -9999 -9999 -9999
2.42472E-2 6.82175E-3 3.85422E-3 7.53607E-4 4.79663E-5 6.52243E-6 1.81817E-5 7.23506E-5 1.69581E-6 8.5903E-8 7.58599E-8 5.99302E-8 3.73478E-7 1.77593E-6 1.36588E-5 2.24241E-5 4.85554E-4 4.42585E-4 1.83246E-4 5.7816E-4 6.53899E-5 5.15665E-5 3.00149E-6 1.7264E-5 1.99714E-7 6.92028E-9 7.15685E-10 2.05451E-11 7.21441E-8 1.06385E-7 1.07861E-11 -9999 -9999 -9999 -9999 -9999 -9999 -9999 -9999 -9999 -9999 -9999 -9999 -9999 -9999 -9999 -9999 -9999 -9999 -9999 -9999 -9999 -9999 -9999 -9999 -9999 -9999 -9999 -9999 -9999 -9999 -9999 -9999 -9999 -9999 -9999 -9999 -9999 -9999 -9999
7.66394E-2 3.77686E-2 2.3251E-2 1.32029E-2 2.83289E-3 2.13308E-4 8.83073E-5 1.36433E-5 3.75257E-7 9.15762E-8 3.19034E-8 5.43289E-9 1.00002E-8 1.33227E-7 2.4864E-6 2.72249E-6 2.04246E-5 1.52274E-4 1.90563E-5 5.21918E-6 3.26732E-5 4.27482E-5 1.43602E-5 2.72041E-6 7.45138E-10 3.18715E-12 3.23796E-13 4.80126E-9 3.47639E-7 8.74561E-10 5.75934E-11 5.97258E-10 1.28333E-12 -9999 -9999 -9999 -9999 -9999 -9999 -9999 -9999 -9999 -9999 -9999 -9999 -9999 -9999 -9999 -9999 -9999 -9999 -9999 -9999 -9999 -9999 -9999 -9999 -9999 -9999 -9999 -9999 -9999 -9999 -9999 -9999 -9999 -9999 -9999 -9999 -9999
1.15138E-1 7.12154E-2 4.40244E-2 2.10101E-2 2.97713E-3 5.56222E-4 4.55756E-4 7.85339E-5 2.83634E-6 8.48522E-7 8.05855E-7 1.12027E-7 1.10666E-8 1.01379E-9 3.88391E-9 1.1384E-9 1.59984E-7 3.60019E-6 9.93632E-8 5.78338E-8 3.3537E-7 8.84477E-7 8.05375E-6 3.0042E-5 2.35209E-6 1.34106E-5 4.59756E-6 5.67548E-5 5.35787E-7 5.89369E-11 9.64605E-10 6.05058E-9 4.61523E-7 1.93121E-10 3.12021E-8 -9999 6.22544E-10 -9999 -9999 -9999 -9999 -9999 -9999 -9999 -9999 -9999 -9999 -9999 -9999 -9999 -9999 -9999 -9999 -9999 -9999 -9999 -9999 -9999 -9999 -9999 -9999 -9999 -9999 -9999 -9999 -9999 -9999 -9999 -9999 -9999
1.20956E-1 9.60238E-2 5.56264E-2 1.67669E-2 1.60517E-3 6.49462E-4 1.27043E-3 1.04009E-3 1.51965E-4 6.22457E-5 4.0215E-5 1.91562E-5 2.70315E-6 4.18933E-7 1.4995E-8 2.37065E-10 2.93513E-9 3.46856E-7 3.42922E-5 1.44593E-5 1.26954E-5 9.61399E-7 4.42252E-6 9.353E-6 2.78107E-6 1.90776E-6 4.68094E-10 4.89159E-14 4.94192E-7 2.37769E-8 1.11166E-5 2.60115E-6 1.09806E-5 5.00102E-9 1.12911E-8 2.29508E-4 -9999 -9999 -9999 -9999 -9999 -9999 -9999 -9999 -9999 -9999 -9999 -9999 -9999 -9999 -9999 -9999 -9999 -9999 -9999 -9999 -9999 -9999 -9999 -9999 -9999 -9999 -9999 -9999 -9999 -9999 -9999 -9999 -9999 -9999
1.37032E-1 1.13615E-1 6.66393E-2 2.56654E-2 2.3202E-3 1.04215E-3 1.75029E-3 2.7792E-3 1.46981E-3 1.03353E-3 1.32111E-3 1.67999E-3 3.18899E-4 5.49366E-5 4.06262E-5 5.29414E-5 1.70529E-5 6.44253E-7 4.16982E-6 2.17821E-5 1.23184E-5 1.65813E-6 2.66301E-7 5.81319E-8 1.79668E-9 5.76979E-10 1.37146E-13 7.34703E-18 1.50523E-29 5.9625E-34 1.57045E-31 6.88981E-27 4.09587E-21 4.3229E-7 1.73984E-5 1.34312E-5 1.32879E-5 2.30458E-6 9.25352E-6 7.08156E-10 -9999 -9999 -9999 -9999 -9999 -9999 -9999 -9999 -9999 -9999 -9999 -9999 -9999 -9999 -9999 -9999 -9999 -9999 -9999 -9999 -9999 -9999 -9999 -9999 -9999 1.40795E-11 2.72076E-12 2.23897E-13 8.09944E-12 -9999
2.00289E-1 1.5687E-1 9.97171E-2 5.45498E-2 1.86578E-2 7.29824E-3 5.69844E-3 9.79757E-3 8.0596E-3 6.2499E-3 7.77513E-3 9.45865E-3 4.02091E-3 1.93809E-3 3.47303E-3 1.07488E-2 8.70855E-3 1.11466E-3 4.73501E-6 1.90548E-6 2.42457E-6 1.16551E-5 2.51232E-5 4.3494E-6 4.82103E-9 1.21117E-9 4.79432E-14 1.39126E-16 1.06157E-22 6.65433E-25 4.50442E-27 6.49999E-25 1.00784E-23 5.08449E-19 8.32698E-15 3.45929E-11 9.07093E-7 1.227E-6 2.16312E-6 5.0785E-7 3.14411E-7 -9999 3.20213E-9 -9999 -9999 5.3964E-13 -9999 -9999 -9999 -9999 -9999 -9999 -9999 -9999 -9999 -9999 -9999 3.31141E-11 -9999 -9999 -9999 -9999 -9999 7.74128E-10 1.33016E-8 4.18066E-10 1.86804E-9 8.06224E-11 1.22658E-12 -9999
3.0668E-1 2.22962E-1 1.6791E-1 1.1439E-1 6.75127E-2 4.08767E-2 3.88168E-2 4.48106E-2 2.28005E-2 1.49241E-2 1.40714E-2 1.59541E-2 1.33688E-2 1.34706E-2 2.08065E-2 2.63415E-2 1.5005E-2 1.82023E-3 2.74399E-5 2.49583E-6 1.9105E-6 6.10511E-6 4.47171E-5 8.13427E-5 2.91108E-6 1.90511E-7 1.72791E-9 1.01988E-10 1.35444E-13 3.26092E-16 1.19326E-17 3.77254E-18 1.77982E-17 2.77915E-16 3.05122E-15 1.45266E-12 1.28108E-11 3.73653E-10 1.96623E-12 1.42382E-15 1.86926E-14 7.01869E-13 -9999 1.40288E-7 -9999 5.30275E-11 5.47819E-10 3.10686E-13 -9999 -9999 -9999 -9999 -9999 -9999 -9999 2.94025E-12 1.93715E-10 5.26099E-10 4.02315E-11 -9999 -9999 -9999 4.13974E-9 4.37644E-8 3.33245E-6 6.37541E-9 2.16758E-7 1.887E-10 8.32779E-10 2.80519E-9
4.00125E-1 3.06262E-1 2.40869E-1 1.88832E-1 1.36039E-1 8.8975E-2 7.20105E-2 5.87111E-2 3.20248E-2 2.17388E-2 2.50577E-2 2.64761E-2 2.58512E-2 2.75025E-2 3.10736E-2 2.52287E-2 1.20679E-2 2.46736E-3 2.44907E-4 2.14085E-5 3.33081E-6 5.46316E-6 2.72387E-5 8.55396E-5 2.89472E-5 9.77244E-7 4.24211E-9 3.71339E-10 1.20245E-12 1.73014E-13 4.32854E-15 1.42656E-14 2.03766E-13 6.84365E-13 1.28629E-12 3.23812E-13 2.70032E-10 3.1509E-10 6.23157E-12 1.53994E-10 1.01732E-14 1.95212E-18 9.85536E-15 3.5882E-14 8.08578E-8 7.87017E-10 5.96623E-8 3.00981E-11 2.03235E-9 2.01221E-8 3.4154E-15 5.01486E-9 3.1892E-9 8.77899E-10 6.9313E-13 3.26286E-12 5.17137E-9 2.95819E-7 5.42917E-8 -9999 -9999 2.21099E-9 2.31726E-9 3.84075E-8 9.06109E-7 4.35405E-6 6.73684E-6 6.95213E-8 3.98132E-7 2.19313E-7
4.54555E-1 3.83272E-1 3.17493E-1 2.80375E-1 2.11551E-1 1.32628E-1 7.6306E-2 5.38094E-2 3.37759E-2 1.60776E-2 2.83611E-2 3.58427E-2 3.8013E-2 3.85722E-2 3.66612E-2 2.39195E-2 1.09779E-2 3.28226E-3 8.05058E-4 2.04529E-4 7.13449E-5 5.66339E-5 9.4248E-5 2.61292E-4 1.75738E-4 6.95522E-6 5.03268E-7 1.14489E-8 8.32855E-10 2.54936E-12 3.05975E-14 5.78717E-12 7.56346E-10 6.01804E-10 3.3931E-11 6.32717E-10 5.79115E-13 2.39344E-11 2.58833E-12 1.12544E-7 1.09202E-7 1.1879E-13 1.45262E-12 1.42566E-14 1.46105E-10 1.22918E-9 3.50788E-13 1.18128E-9 9.61927E-13 4.19416E-20 3.08998E-12 4.37968E-8 1.35057E-8 2.64511E-7 2.94312E-11 9.55067E-10 1.00657E-8 7.63156E-9 4.15978E-7 -9999 4.02423E-9 2.96558E-7 1.80328E-7 1.3968E-6 9.19438E-9 1.64054E-16 1.41385E-6 1.14271E-5 3.284E-6 1.63974E-5
4.99448E-1 4.55513E-1 3.94544E-1 3.56485E-1 2.94008E-1 2.05545E-1 8.38232E-2 5.80093E-2 5.38094E-2 3.47966E-2 4.67479E-2 6.44269E-2 5.75917E-2 5.34636E-2 4.33276E-2 2.60632E-2 1.19601E-2 4.76839E-3 2.20883E-3 1.07362E-3 5.72262E-4 3.95833E-4 4.64979E-4 6.32541E-4 3.40431E-4 5.57963E-5 3.38139E-5 1.23286E-5 3.18279E-7 1.33163E-8 4.2533E-9 1.9549E-8 1.06106E-7 4.21679E-8 7.37992E-10 1.69204E-11 1.32273E-10 3.30725E-8 2.65463E-8 3.87463E-7 5.96999E-6 8.83122E-6 9.03476E-6 7.74235E-9 2.10508E-11 7.99364E-14 3.06195E-14 4.48036E-14 2.49488E-12 4.85582E-10 1.90973E-13 5.60836E-13 8.0016E-14 2.18298E-11 3.8821E-7 1.27878E-9 1.02608E-13 9.56847E-18 4.92124E-7 -9999 1.12754E-7 2.13118E-6 8.22968E-7 1.36265E-6 2.29807E-6 2.96081E-15 6.43782E-7 6.17418E-6 1.16963E-7 9.07346E-9
5.1604E-1 4.96643E-1 4.45051E-1 3.84762E-1 3.7716E-1 3.65657E-1 2.20568E-1 1.03928E-1 7.25245E-2 7.43974E-2 1.23571E-1 1.27645E-1 1.02069E-1 7.97642E-2 5.91957E-2 3.4295E-2 1.58062E-2 6.84397E-3 6.54212E-3 6.48367E-3 3.38038E-3 1.6634E-3 1.46981E-3 1.53189E-3 4.50447E-4 7.78227E-5 8.31746E-5 2.24114E-4 4.45399E-5 3.78959E-6 1.52871E-6 1.88089E-6 1.23879E-5 1.90492E-4 9.05575E-6 1.15109E-9 5.36105E-12 1.05887E-11 3.11305E-12 3.36766E-10 5.57624E-6 3.04988E-4 2.36585E-4 1.03373E-4 1.22847E-5 6.19698E-6 3.97561E-8 9.04085E-13 8.97676E-10 1.54264E-3 1.60276E-11 1.03816E-10 2.85341E-9 3.43082E-14 2.77707E-12 1.29419E-21 1.34193E-23 5.72919E-25 1.42741E-13 3.86583E-8 6.94886E-9 2.17077E-6 1.25227E-6 2.27298E-7 1.59779E-6 2.34678E-16 3.43487E-33 9.04145E-12 6.31877E-8 1.86537E-21
5.08721E-1 5.25021E-1 4.67904E-1 3.92304E-1 4.12688E-1 4.32465E-1 3.33148E-1 1.81405E-1 1.03928E-1 1.0635E-1 1.54731E-1 1.66645E-1 1.71495E-1 1.46495E-1 9.5749E-2 5.23692E-2 2.50445E-2 1.26883E-2 2.29923E-2 3.88168E-2 1.5176E-2 5.80508E-3 4.46485E-3 3.98209E-3 1.23606E-3 1.92901E-4 2.59068E-4 8.76836E-4 4.24566E-4 9.60215E-5 8.59791E-5 1.5737E-4 2.25674E-4 7.6787E-4 1.89916E-3 2.27146E-4 7.60089E-7 6.18156E-9 9.17479E-10 5.62529E-9 1.87552E-7 9.66538E-6 1.51939E-4 1.52773E-4 6.16024E-4 8.73752E-5 3.80596E-4 5.55666E-7 1.06789E-3 8.34251E-3 7.88419E-6 7.51169E-5 2.25879E-9 4.51443E-14 1.91027E-16 9.08301E-25 2.39622E-27 8.09816E-27 2.55268E-23 4.60892E-30 1.10872E-20 1.56176E-22 6.09074E-15 2.46285E-9 2.65863E-10 1.29646E-21 2.81661E-43 3.41603E-20 4.71179E-26 7.4076E-28
4.44405E-1 4.86243E-1 4.58062E-1 4.10858E-1 4.27137E-1 4.21758E-1 3.4237E-1 2.4023E-1 2.0732E-1 2.27229E-1 2.04801E-1 1.9084E-1 2.54641E-1 2.53447E-1 1.40588E-1 7.25354E-2 4.11891E-2 2.50445E-2 3.08668E-2 6.24006E-2 2.60681E-2 1.22796E-2 1.12651E-2 1.38355E-2 1.0779E-2 2.80461E-3 1.65406E-3 2.16415E-3 1.48637E-3 4.63179E-4 8.01805E-4 2.44163E-3 3.12689E-3 2.89094E-3 7.90572E-3 2.91925E-3 1.80189E-4 2.40089E-5 1.32537E-5 3.08301E-5 3.76622E-5 2.33565E-5 1.1462E-5 2.63936E-5 8.21666E-4 3.74776E-4 6.87927E-4 5.54389E-4 3.08732E-4 3.19598E-3 3.95354E-3 3.83307E-5 2.05643E-8 4.32793E-13 8.03301E-23 5.10159E-29 1.53482E-32 3.24127E-39 0E0 0E0 0E0 0E0 0E0 3.35705E-30 2.65499E-26 0E0 0E0 0E0 0E0 1.4013E-45
3.85525E-1 4.43999E-1 4.39179E-1 4.30351E-1 4.43721E-1 4.30694E-1 3.71423E-1 3.11006E-1 3.20823E-1 3.54053E-1 2.6536E-1 2.12916E-1 3.08325E-1 2.64222E-1 1.56446E-1 1.00978E-1 7.11623E-2 4.42551E-2 3.37867E-2 4.71781E-2 3.32846E-2 2.52618E-2 2.94882E-2 4.21022E-2 4.88551E-2 1.82913E-2 6.67254E-3 7.26203E-3 6.7024E-3 3.783E-3 5.6924E-3 1.06024E-2 7.167E-3 6.1359E-3 1.05928E-2 5.694E-3 1.88036E-3 1.7151E-3 1.15602E-3 4.12764E-3 4.92969E-3 1.74755E-3 5.45808E-4 1.52821E-4 4.18882E-5 2.37105E-5 4.94364E-6 1.64871E-8 1.51761E-12 7.20347E-11 2.01167E-9 2.28029E-13 3.06862E-18 1.40587E-19 1.19277E-20 1.42236E-24 6.60003E-38 3.64338E-44 0E0 0E0 0E0 0E0 0E0 0E0 0E0 0E0 0E0 0E0 0E0 0E0
4.5213E-1 4.56023E-1 4.72636E-1 4.72915E-1 4.72915E-1 4.74154E-1 4.56797E-1 4.49012E-1 4.47857E-1 4.17752E-1 3.55391E-1 3.24065E-1 3.18163E-1 2.53841E-1 1.74031E-1 1.54898E-1 1.31998E-1 8.17754E-2 3.94342E-2 4.75033E-2 6.24437E-2 7.68158E-2 8.07652E-2 6.97862E-2 6.03772E-2 3.24459E-2 1.66702E-2 1.54983E-2 1.41529E-2 1.81704E-2 3.32846E-2 4.81684E-2 4.02903E-2 2.28005E-2 2.22444E-2 1.97028E-2 1.22511E-2 1.2441E-3 6.83141E-4 5.53189E-3 1.79093E-2 1.24861E-2 1.65899E-2 1.16618E-2 4.99113E-4 8.96456E-5 1.19702E-5 2.84458E-7 1.68491E-9 1.51978E-11 7.04047E-15 8.11394E-20 2.35362E-21 1.19586E-19 1.03504E-18 7.88227E-19 1.76343E-28 6.16601E-38 1.12931E-41 2.38026E-40 4.88573E-38 6.9112E-42 0E0 0E0 0E0 0E0 0E0 0E0 3.78351E-44 6.64776E-42
4.88219E-1 4.67301E-1 4.69369E-1 4.67724E-1 4.66638E-1 4.95511E-1 4.86243E-1 4.87422E-1 4.7042E-1 4.11742E-1 3.67014E-1 3.44904E-1 3.11447E-1 2.61507E-1 2.29369E-1 2.28337E-1 2.24654E-1 1.61869E-1 9.07443E-2 6.45249E-2 8.64398E-2 1.25092E-1 1.06994E-1 7.48479E-2 5.94527E-2 4.3168E-2 2.59128E-2 2.04108E-2 2.49702E-2 5.56764E-2 1.29833E-1 1.18269E-1 7.8679E-2 3.18093E-2 3.37759E-2 5.22439E-2 3.79244E-2 2.34593E-3 2.89784E-4 6.7849E-3 5.20441E-2 5.90195E-2 4.83073E-2 6.83846E-2 4.89816E-2 1.08599E-2 5.45314E-4 3.99718E-5 9.44409E-7 8.95153E-9 1.40635E-11 4.76111E-15 1.99808E-17 1.31786E-17 3.10729E-17 2.39538E-18 4.30793E-23 1.11355E-29 1.36316E-33 5.29432E-33 2.07546E-31 1.36126E-33 5.19041E-42 0E0 0E0 4.76441E-44 2.62814E-40 8.27741E-38 5.46454E-36 5.19898E-34
4.73866E-1 4.17241E-1 4.00612E-1 4.06198E-1 4.04341E-1 4.43999E-1 4.40927E-1 4.08051E-1 3.37055E-1 2.98693E-1 3.11447E-1 3.33122E-1 3.1539E-1 2.83927E-1 2.78933E-1 2.73101E-1 2.48935E-1 2.08357E-1 1.51826E-1 7.29604E-2 5.44986E-2 1.0515E-1 9.80377E-2 5.1147E-2 5.66055E-2 5.50804E-2 2.48512E-2 2.08531E-2 5.33152E-2 1.39137E-1 1.87419E-1 1.18417E-1 7.39488E-2 3.32846E-2 4.15002E-2 6.66393E-2 1.09051E-1 1.30005E-1 2.6666E-2 2.03895E-2 4.23288E-2 6.22493E-2 5.54557E-2 9.1196E-2 8.37932E-2 3.75797E-2 6.01852E-3 8.13816E-4 8.08422E-5 6.68623E-6 8.39795E-8 8.03777E-11 6.94745E-14 2.20654E-15 1.14775E-15 1.11877E-16 3.31506E-19 2.03563E-22 6.15209E-25 2.69148E-26 4.14755E-28 2.20274E-31 2.21979E-35 3.59634E-38 2.77539E-36 1.10404E-32 1.0045E-30 1.36677E-29 5.63553E-29 1.74397E-27
3.91561E-1 3.34219E-1 3.18432E-1 3.55808E-1 4.01797E-1 4.12937E-1 3.77129E-1 3.04609E-1 1.73062E-1 1.5238E-1 2.61575E-1 3.30276E-1 3.2633E-1 3.03565E-1 3.17362E-1 2.96535E-1 2.4813E-1 2.05755E-1 1.64316E-1 1.0515E-1 8.52862E-2 1.37688E-1 1.1762E-1 3.92035E-2 5.97548E-2 5.45841E-2 1.03589E-2 1.6112E-2 9.26153E-2 3.29186E-1 3.39772E-1 1.31984E-1 8.17398E-2 7.9264E-2 9.63355E-2 1.10053E-1 1.77084E-1 2.69866E-1 1.03259E-1 4.85211E-2 3.63923E-2 5.3077E-2 1.48264E-1 1.53266E-1 9.08545E-2 3.99599E-2 1.47919E-2 5.04721E-3 1.1263E-3 2.01747E-4 1.43789E-5 8.64026E-8 2.07941E-10 1.534E-12 4.4606E-13 9.50997E-14 3.28805E-15 1.16823E-16 3.5441E-18 5.45138E-20 2.1582E-22 4.03604E-25 9.15649E-28 5.80424E-29 1.43146E-27 9.62838E-25 1.54115E-23 7.51606E-24 2.06082E-25 9.72607E-29
2.93714E-1 2.69318E-1 2.9082E-1 4.01797E-1 4.98715E-1 4.79833E-1 3.93457E-1 3.5879E-1 2.48991E-1 1.97542E-1 2.97658E-1 3.34219E-1 3.06582E-1 3.12506E-1 3.2633E-1 3.05534E-1 2.34948E-1 1.86605E-1 1.84906E-1 1.83215E-1 1.76526E-1 2.10216E-1 1.92581E-1 1.07442E-1 8.6095E-2 4.2974E-2 1.23971E-2 2.46881E-2 1.0106E-1 3.636E-1 3.6748E-1 1.5238E-1 1.13732E-1 1.22937E-1 1.37688E-1 1.35562E-1 1.58004E-1 1.6987E-1 1.42052E-1 1.10716E-1 5.95731E-2 7.11623E-2 1.50153E-1 2.24786E-1 1.41815E-1 5.83725E-2 2.4489E-2 1.46759E-2 5.09508E-3 7.5949E-4 8.74421E-5 6.27255E-6 2.09313E-7 6.92643E-9 8.14802E-10 1.53204E-10 2.90177E-11 7.25285E-12 7.58861E-13 9.03714E-15 4.82006E-17 2.91405E-19 2.0892E-21 1.09402E-22 1.85523E-22 3.73373E-21 2.92271E-21 3.26469E-23 1.50701E-27 9.37863E-28
2.60509E-1 2.5858E-1 3.01607E-1 4.36437E-1 5.47178E-1 5.67409E-1 5.53547E-1 5.3402E-1 5.2414E-1 4.00942E-1 3.67515E-1 3.8489E-1 3.33243E-1 3.3719E-1 3.44057E-1 2.95694E-1 2.30323E-1 1.91744E-1 1.98696E-1 2.27519E-1 2.37793E-1 2.35918E-1 1.96833E-1 1.79703E-1 1.36554E-1 6.61707E-2 3.78546E-2 4.92397E-2 1.32733E-1 2.78812E-1 2.86666E-1 1.78688E-1 1.65558E-1 1.80364E-1 1.88177E-1 1.95088E-1 1.57935E-1 1.8572E-1 2.05755E-1 2.09323E-1 1.39137E-1 4.23139E-2 6.83979E-2 2.3204E-1 1.54075E-1 6.93489E-2 3.32846E-2 1.70444E-2 5.96685E-3 1.3078E-3 3.44016E-4 1.5831E-4 3.7224E-5 3.25725E-6 3.86641E-7 7.89883E-8 2.72866E-8 1.90069E-8 4.45252E-9 2.87896E-11 2.10485E-13 4.04578E-15 4.46672E-17 8.30918E-19 1.01827E-19 1.09843E-20 3.80682E-25 4.87441E-32 9.2846E-37 2.87333E-31
3.55808E-1 3.06582E-1 3.12506E-1 3.98047E-1 5.28951E-1 5.8985E-1 5.91086E-1 5.32764E-1 4.88096E-1 4.25031E-1 4.23209E-1 4.85624E-1 4.33184E-1 4.00999E-1 3.95349E-1 3.22382E-1 2.35918E-1 2.06637E-1 2.18349E-1 2.58699E-1 2.76118E-1 2.67377E-1 1.98585E-1 1.52959E-1 1.38E-1 9.44598E-2 8.36107E-2 9.36345E-2 1.8659E-1 2.95292E-1 3.09154E-1 2.33351E-1 2.16692E-1 2.40237E-1 2.9455E-1 2.92577E-1 2.06394E-1 2.72147E-1 3.76256E-1 3.16456E-1 2.07447E-1 8.36179E-2 8.50412E-2 1.57935E-1 1.33396E-1 7.52536E-2 3.29387E-2 1.51396E-2 6.77446E-3 3.40606E-3 2.49082E-3 1.76695E-3 8.76836E-4 1.16958E-4 1.71838E-5 4.20959E-6 1.79591E-6 2.76192E-7 9.96705E-9 5.24527E-10 2.00271E-11 7.35501E-13 1.66045E-14 2.95414E-16 5.43036E-18 2.0709E-20 3.30677E-28 0E0 0E0 4.2039E-45
4.98715E-1 4.14777E-1 3.96865E-1 4.29888E-1 4.95748E-1 5.63349E-1 5.31456E-1 3.80702E-1 2.82123E-1 3.85735E-1 4.55122E-1 4.68647E-1 4.1771E-1 4.00086E-1 3.86803E-1 3.39161E-1 2.75155E-1 2.43445E-1 2.74172E-1 2.9766E-1 2.82972E-1 2.6544E-1 2.24568E-1 1.78688E-1 1.51941E-1 1.5041E-1 1.78127E-1 2.09954E-1 2.33908E-1 3.03866E-1 3.63213E-1 2.72316E-1 2.35788E-1 2.22734E-1 2.66463E-1 3.07171E-1 3.30971E-1 3.54657E-1 4.19548E-1 3.51878E-1 2.28981E-1 2.10649E-1 2.62441E-1 1.90584E-1 1.25318E-1 5.53378E-2 2.25959E-2 1.91262E-2 1.16421E-2 4.80927E-3 2.415E-3 3.44335E-3 2.83101E-3 6.76756E-4 1.03523E-4 2.7685E-5 2.77495E-5 3.181E-6 4.35116E-8 2.55472E-9 3.02925E-10 2.26541E-11 1.00935E-12 2.3182E-14 2.73725E-16 5.80638E-20 5.57641E-25 7.08195E-36 0E0 0E0
4.02478E-1 3.42944E-1 3.34549E-1 3.6373E-1 4.07184E-1 4.8506E-1 4.10326E-1 2.60038E-1 2.17221E-1 3.96014E-1 4.30465E-1 2.6322E-1 3.14335E-1 3.34137E-1 3.07535E-1 3.07535E-1 3.22382E-1 3.47982E-1 3.08556E-1 2.96723E-1 2.79961E-1 2.43286E-1 2.48991E-1 2.61284E-1 1.98181E-1 2.38997E-1 2.69748E-1 2.54842E-1 2.32506E-1 2.68933E-1 3.36218E-1 3.10388E-1 2.45753E-1 2.21348E-1 2.70886E-1 3.32249E-1 3.5204E-1 3.69688E-1 3.82629E-1 3.0585E-1 2.01013E-1 2.52918E-1 3.90301E-1 2.54252E-1 1.11676E-1 3.19756E-2 1.28577E-2 3.73E-2 3.12874E-2 7.42023E-3 1.34336E-3 3.94463E-3 4.42043E-3 1.5539E-3 2.84564E-4 6.80636E-5 4.6359E-5 5.56885E-6 9.56508E-8 1.33564E-8 3.27552E-9 4.34314E-10 3.31025E-11 1.34677E-12 2.28401E-14 7.48529E-17 2.35155E-20 8.20378E-24 9.78535E-27 3.36475E-30
2.71161E-1 1.96948E-1 1.34825E-1 1.81003E-1 2.84262E-1 3.41731E-1 2.40573E-1 1.53481E-1 1.91758E-1 3.18432E-1 3.24748E-1 2.63432E-1 3.16195E-1 2.99628E-1 2.5858E-1 2.56655E-1 3.3719E-1 4.43474E-1 4.20881E-1 3.31155E-1 2.80018E-1 2.27483E-1 1.77018E-1 1.35587E-1 2.08848E-1 3.11137E-1 3.39586E-1 2.60637E-1 2.84632E-1 2.74801E-1 2.49991E-1 2.38555E-1 2.18048E-1 2.35093E-1 2.96953E-1 3.10859E-1 3.00922E-1 3.64337E-1 4.15418E-1 2.80693E-1 2.08591E-1 2.30633E-1 2.57278E-1 1.72357E-1 1.01551E-1 6.32042E-2 3.91354E-2 6.61707E-2 5.75511E-2 1.77484E-2 4.33714E-3 3.72366E-3 3.82555E-3 2.14014E-3 8.01276E-4 2.18239E-4 7.82832E-5 1.29312E-5 1.14011E-6 2.12526E-7 4.85373E-8 6.93112E-9 8.08468E-10 5.54615E-11 2.0061E-12 4.26398E-14 2.22445E-16 8.25409E-19 4.20622E-21 1.61123E-23
2.07536E-1 1.45788E-1 9.68892E-2 9.67311E-2 1.83083E-1 2.51933E-1 1.1598E-1 5.53378E-2 1.08225E-1 1.81532E-1 2.06332E-1 2.15187E-1 2.42255E-1 2.15141E-1 1.8572E-1 1.89869E-1 2.60301E-1 3.84789E-1 3.96865E-1 3.4882E-1 2.8945E-1 2.37135E-1 1.99773E-1 1.99773E-1 2.85299E-1 4.24205E-1 5.37567E-1 4.36991E-1 2.40889E-1 1.89188E-1 1.56258E-1 1.52115E-1 1.93268E-1 2.44576E-1 2.46486E-1 1.82937E-1 1.71234E-1 2.48074E-1 2.74801E-1 2.45753E-1 2.55347E-1 2.62576E-1 2.08848E-1 1.32083E-1 1.08737E-1 1.33689E-1 1.39784E-1 1.41847E-1 9.7398E-2 3.63443E-2 3.94463E-3 1.43184E-3 1.37177E-3 1.46794E-3 1.16909E-3 4.81764E-4 1.6218E-4 4.8687E-5 1.23133E-5 3.60704E-6 6.09991E-7 7.0807E-8 1.06333E-8 1.18789E-9 9.56632E-11 5.05022E-12 5.41088E-14 3.41496E-16 1.57119E-18 2.57445E-21
1.6731E-1 1.45005E-1 9.28873E-2 8.16718E-2 1.22394E-1 1.37688E-1 6.53852E-2 4.36078E-2 6.79211E-2 1.28026E-1 1.51747E-1 1.5379E-1 1.50745E-1 1.16966E-1 9.00552E-2 1.15751E-1 1.81033E-1 2.52128E-1 2.71435E-1 3.06995E-1 2.88716E-1 2.45621E-1 2.18436E-1 2.22373E-1 2.76528E-1 3.81517E-1 4.4398E-1 3.23786E-1 2.33652E-1 1.5402E-1 1.03483E-1 9.43132E-2 1.69349E-1 2.2543E-1 2.31024E-1 1.35501E-1 1.17585E-1 1.64183E-1 1.65793E-1 1.95239E-1 3.06582E-1 2.75042E-1 1.86605E-1 1.18074E-1 9.33168E-2 1.29919E-1 1.77332E-1 1.34818E-1 7.9725E-2 1.97142E-2 7.36216E-4 3.85785E-4 1.47507E-3 1.34764E-3 1.09184E-3 7.3874E-4 3.27192E-4 1.36592E-4 5.2196E-5 1.81395E-5 3.00528E-6 3.4958E-7 5.24504E-8 9.39542E-9 1.22729E-9 7.00334E-11 1.54474E-12 2.86098E-14 3.78674E-16 5.97147E-19
1.64316E-1 1.26454E-1 6.44269E-2 5.90245E-2 7.23891E-2 7.18152E-2 5.34868E-2 5.08241E-2 6.57744E-2 1.33727E-1 1.16966E-1 9.23846E-2 7.87723E-2 5.49466E-2 4.91513E-2 6.99984E-2 1.11358E-1 1.66918E-1 2.28047E-1 2.89537E-1 2.87603E-1 2.49734E-1 2.15722E-1 2.0152E-1 2.18769E-1 2.58546E-1 2.52018E-1 1.86529E-1 1.58899E-1 1.59504E-1 1.09083E-1 4.28511E-2 7.36966E-2 1.45368E-1 2.38155E-1 1.87467E-1 1.53148E-1 1.63393E-1 1.55469E-1 1.81405E-1 2.39E-1 2.4813E-1 1.30406E-1 6.93489E-2 3.9162E-2 4.9204E-2 6.58272E-2 5.64393E-2 2.35147E-2 2.0491E-3 5.24846E-5 3.05997E-5 5.69932E-4 9.58945E-4 8.19713E-4 9.19842E-4 5.15217E-4 2.34324E-4 9.39902E-5 2.35842E-5 4.40787E-6 8.39501E-7 1.66876E-7 3.67132E-8 5.70355E-9 3.37439E-10 1.16445E-11 4.78343E-13 1.04341E-14 5.54769E-17
7.34696E-2 4.6179E-2 2.00228E-2 2.67513E-2 4.06027E-2 7.53472E-2 8.43025E-2 8.47467E-2 8.65744E-2 9.77277E-2 1.26665E-1 9.55952E-2 5.38094E-2 2.66863E-2 2.92422E-2 4.84706E-2 7.43974E-2 1.13116E-1 1.9166E-1 2.69866E-1 2.50178E-1 2.22773E-1 1.97628E-1 1.80404E-1 1.78071E-1 1.86462E-1 1.88162E-1 1.86462E-1 1.78977E-1 1.59504E-1 9.46091E-2 4.25514E-2 5.01608E-2 9.7545E-2 1.33689E-1 1.2347E-1 1.39784E-1 1.5687E-1 1.38464E-1 1.42813E-1 1.48735E-1 1.27257E-1 8.30917E-2 4.32924E-2 2.37219E-2 2.01694E-2 1.88997E-2 1.89491E-2 1.07007E-2 8.58092E-4 1.99487E-5 9.14293E-6 1.73949E-4 5.39524E-4 7.58742E-4 1.0188E-3 6.08131E-4 2.66434E-4 9.83092E-5 1.85388E-5 3.4887E-6 9.83139E-7 2.94112E-7 6.07903E-8 8.56024E-9 7.50329E-10 3.86407E-11 1.77047E-12 9.63039E-14 2.64357E-15
