KUENM_DEFAULT/Final_Models/M_1_F_lqpth_Set_1_NE/sp1_6_se_asia.asc
ncols         320
nrows         243
xllcorner     44.0
yllcorner     -0.666666666666667
cellsize      0.166666666666667
NODATA_value  -9999
[rows 93 to 123 of 243, columns 140 to 209 of 320]
1.87276E-2 1.82142E-2 3.31233E-2 3.64411E-2 4.31046E-2 4.93317E-2 5.87766E-2 9.5599E-2 8.50787E-2 9.63278E-2 1.32264E-1 1.42993E-1 1.57099E-1 1.3042E-1 1.34415E-1 1.93134E-1 1.48663E-1 1.58478E-1 2.20464E-1 6.54031E-1 6.50715E-1 6.04306E-1 6.92217E-1 7.01364E-1 7.06674E-1 7.03329E-1 6.98646E-1 6.93294E-1 6.89597E-1 7.32505E-1 4.64656E-1 3.46086E-1 2.39588E-1 2.47633E-1 3.58312E-1 2.67306E-1 2.91285E-1 3.67237E-1 4.69686E-1 6.74443E-1 4.96449E-1 3.89366E-1 3.71637E-1 3.31702E-1 3.67116E-1 3.58352E-1 3.80934E-1 3.97557E-1 4.15747E-1 4.18828E-1 4.34017E-1 4.25234E-1 3.43974E-1 3.40557E-1 3.51467E-1 3.54232E-1 8.33857E-2 7.14101E-2 9.25296E-2 8.97319E-2 3.4818E-1 3.47346E-1 3.50245E-1 8.3853E-2 7.18877E-2 5.77499E-2 4.93632E-2 4.268E-2 4.20152E-2 4.46597E-2
2.49285E-2 1.844E-2 0E0 3.41057E-2 4.05955E-2 4.87596E-2 7.64354E-2 7.26765E-2 6.26363E-2 9.5916E-2 1.06865E-1 1.10006E-1 1.18472E-1 1.31421E-1 1.40053E-1 1.47375E-1 1.56645E-1 2.10695E-1 6.55869E-1 6.61799E-1 6.85017E-1 6.16418E-1 6.24999E-1 6.35578E-1 7.14882E-1 7.22121E-1 7.14928E-1 7.10492E-1 7.73351E-1 6.80256E-1 4.83305E-1 4.78663E-1 3.1404E-1 3.78965E-1 3.69922E-1 2.72895E-1 3.24369E-1 4.22109E-1 5.05002E-1 6.85936E-1 5.32474E-1 4.62867E-1 4.69254E-1 3.84783E-1 3.56779E-1 3.52622E-1 3.82937E-1 3.88561E-1 4.12638E-1 3.71429E-1 4.21741E-1 4.0518E-1 4.10918E-1 3.55407E-1 3.63388E-1 3.63504E-1 7.95418E-2 7.21186E-2 9.40553E-2 3.84244E-1 3.70117E-1 3.53903E-1 3.43204E-1 7.37934E-2 6.38573E-2 5.01153E-2 4.32783E-2 3.86103E-2 3.95503E-2 3.93557E-2
-9999 1.89759E-2 1.87749E-2 3.28344E-2 3.87561E-2 4.60782E-2 4.26126E-2 6.87097E-2 3.70279E-1 4.93471E-1 4.36652E-1 8.73016E-2 9.80587E-2 1.05057E-1 1.06617E-1 1.1022E-1 1.63488E-1 1.72836E-1 5.91601E-1 6.80013E-1 6.03806E-1 6.22381E-1 6.315E-1 6.39697E-1 7.14378E-1 7.27643E-1 7.23452E-1 7.24036E-1 7.73031E-1 7.55855E-1 7.27078E-1 5.36999E-1 4.46743E-1 3.90509E-1 3.55696E-1 3.30306E-1 3.45142E-1 4.19511E-1 5.26304E-1 6.94054E-1 6.96278E-1 5.29979E-1 4.68016E-1 3.65221E-1 3.63887E-1 3.58015E-1 3.7662E-1 3.87802E-1 4.14694E-1 3.62118E-1 3.895E-1 3.79002E-1 4.05228E-1 4.28707E-1 3.56116E-1 3.53485E-1 7.94439E-2 6.96079E-2 8.95334E-2 3.85838E-1 3.70552E-1 3.5421E-1 7.15091E-2 5.82763E-2 5.04483E-2 4.25582E-2 3.69616E-2 3.44561E-2 3.48234E-2 3.79428E-2
-9999 -9999 -9999 -9999 3.72439E-2 3.36543E-2 4.08204E-2 -9999 3.59054E-1 3.79158E-1 4.19779E-1 4.53608E-1 9.41019E-2 1E-1 1.04569E-1 1.4995E-1 1.19324E-1 6.58681E-1 6.68222E-1 6.82968E-1 6.18622E-1 6.29951E-1 6.34896E-1 6.43998E-1 6.50382E-1 7.20745E-1 7.2027E-1 7.89715E-1 7.64454E-1 7.45641E-1 6.1418E-1 5.58018E-1 4.95977E-1 4.22687E-1 3.74487E-1 3.87488E-1 3.79161E-1 3.7464E-1 4.48494E-1 5.22916E-1 5.41699E-1 4.84182E-1 3.91381E-1 3.62481E-1 3.02283E-1 2.92198E-1 3.22478E-1 3.48179E-1 3.42962E-1 3.50088E-1 3.97229E-1 3.91691E-1 4.0693E-1 4.17297E-1 3.46085E-1 7.79251E-2 7.39618E-2 8.39819E-2 7.83103E-2 3.61166E-1 3.66136E-1 7.91697E-2 6.20391E-2 4.82974E-2 4.20745E-2 3.64438E-2 3.19765E-2 3.16352E-2 3.14291E-2 3.67637E-2
-9999 -9999 -9999 -9999 -9999 -9999 2.63155E-1 2.93429E-1 3.2186E-1 3.48924E-1 3.91253E-1 4.36725E-1 4.62863E-1 1.20072E-1 1.28787E-1 1.01905E-1 1.55078E-1 6.48066E-1 6.57286E-1 6.64687E-1 6.03351E-1 6.25916E-1 6.38011E-1 7.19319E-1 7.22338E-1 7.20342E-1 7.14424E-1 7.90901E-1 7.68878E-1 6.20314E-1 5.89025E-1 5.5412E-1 5.16927E-1 4.71657E-1 4.14623E-1 4.09649E-1 4.09321E-1 4.18331E-1 4.55731E-1 5.07659E-1 5.06938E-1 4.30959E-1 3.31594E-1 3.12246E-1 2.86429E-1 2.7369E-1 3.25376E-1 3.3711E-1 3.30969E-1 3.95432E-1 3.91501E-1 4.07365E-1 4.01437E-1 3.94985E-1 7.69077E-2 7.25171E-2 6.72022E-2 7.3302E-2 7.00675E-2 7.90172E-2 8.38746E-2 6.73007E-2 5.11618E-2 4.23564E-2 3.60939E-2 3.22628E-2 2.91803E-2 2.76026E-2 3.02604E-2 3.70811E-2
-9999 -9999 -9999 -9999 -9999 -9999 -9999 2.76612E-1 2.9809E-1 4.07129E-1 3.57761E-1 3.93302E-1 4.17642E-1 7.5675E-2 1.14354E-1 1.26272E-1 6.06193E-1 6.34092E-1 6.43925E-1 6.44626E-1 6.79274E-1 7.00322E-1 6.4171E-1 6.47747E-1 7.23733E-1 7.21649E-1 7.22075E-1 7.82202E-1 6.45366E-1 5.91465E-1 5.51006E-1 5.31146E-1 5.21387E-1 4.96426E-1 4.64263E-1 4.44072E-1 4.35908E-1 4.31496E-1 4.40877E-1 4.80971E-1 4.77971E-1 4.04207E-1 3.15988E-1 3.02844E-1 6.25075E-2 6.02204E-2 2.94173E-1 3.06474E-1 3.22178E-1 3.93133E-1 3.91269E-1 3.94536E-1 3.81432E-1 8.74557E-2 8.60015E-2 6.61605E-2 6.11447E-2 6.29368E-2 5.68853E-2 6.02096E-2 6.35326E-2 5.45762E-2 4.55668E-2 3.87877E-2 3.42608E-2 3.02096E-2 2.91757E-2 2.74978E-2 3.0023E-2 3.47174E-2
-9999 -9999 -9999 -9999 -9999 -9999 -9999 -9999 2.74271E-1 3.03533E-1 3.268E-1 3.43246E-1 3.58329E-1 4.44332E-1 5.68096E-1 5.15102E-1 4.8196E-1 5.31061E-1 6.47935E-1 6.69785E-1 6.85441E-1 7.06051E-1 6.43719E-1 6.49819E-1 7.26815E-1 7.30295E-1 7.28007E-1 7.78194E-1 6.3067E-1 5.80154E-1 5.29615E-1 5.0472E-1 5.20094E-1 4.97346E-1 4.57982E-1 4.39032E-1 4.39352E-1 4.4859E-1 4.21652E-1 3.94632E-1 3.84938E-1 3.69049E-1 6.72071E-2 6.26024E-2 3.03464E-1 3.0233E-1 3.48696E-1 2.96776E-1 3.25588E-1 3.94193E-1 3.93943E-1 3.87255E-1 8.66795E-2 7.4909E-2 7.77117E-2 7.76673E-2 7.16815E-2 5.58633E-2 4.11519E-2 4.52004E-2 4.8706E-2 4.66507E-2 4.08447E-2 3.68695E-2 3.36716E-2 3.55969E-2 4.22502E-2 3.99127E-2 3.78104E-2 3.90694E-2
-9999 -9999 -9999 -9999 -9999 -9999 -9999 -9999 -9999 2.72316E-1 2.93392E-1 3.15165E-1 3.31894E-1 4.98652E-1 5.22995E-1 4.75582E-1 4.5547E-1 5.16009E-1 -9999 6.5989E-1 6.87661E-1 6.2713E-1 7.08085E-1 7.08155E-1 7.17688E-1 7.19734E-1 7.16023E-1 7.87406E-1 6.21267E-1 5.75856E-1 5.39913E-1 5.0983E-1 5.04869E-1 4.76991E-1 4.38275E-1 4.12929E-1 4.27392E-1 4.1407E-1 3.7988E-1 3.50787E-1 3.39558E-1 3.39644E-1 3.08779E-1 3.09446E-1 3.1558E-1 3.18323E-1 3.15182E-1 3.11661E-1 3.35197E-1 3.39429E-1 3.80752E-1 8.76299E-2 7.39687E-2 6.8131E-2 7.04021E-2 7.44484E-2 7.1314E-2 5.79724E-2 4.31189E-2 4.04693E-2 4.25422E-2 4.12383E-2 3.48397E-2 3.55881E-2 3.65758E-2 3.84386E-2 4.18018E-2 4.44696E-2 4.66917E-2 4.84385E-2
-9999 -9999 -9999 -9999 -9999 -9999 -9999 -9999 -9999 -9999 -9999 2.85738E-1 3.14099E-1 4.13779E-1 3.68238E-1 4.11068E-1 -9999 -9999 5.32206E-1 6.5099E-1 6.80345E-1 6.94838E-1 7.52188E-1 7.48253E-1 7.48085E-1 7.0415E-1 7.03491E-1 7.76536E-1 6.1361E-1 5.4524E-1 5.43982E-1 5.20794E-1 4.68278E-1 4.47977E-1 4.46584E-1 4.36467E-1 4.22966E-1 3.96076E-1 3.59653E-1 3.58371E-1 3.40358E-1 3.60787E-1 3.82037E-1 3.77565E-1 3.38293E-1 3.06824E-1 3.17237E-1 3.16098E-1 3.37068E-1 3.37582E-1 3.66763E-1 7.9987E-2 6.99518E-2 6.69284E-2 6.65675E-2 6.77081E-2 6.89353E-2 6.05897E-2 5.34385E-2 4.83986E-2 4.34025E-2 3.5336E-2 3.21205E-2 3.52189E-2 3.50831E-2 3.597E-2 4.01556E-2 4.5372E-2 5.01767E-2 5.25309E-2
-9999 -9999 -9999 -9999 -9999 -9999 -9999 -9999 -9999 -9999 -9999 -9999 -9999 -9999 -9999 -9999 -9999 -9999 6.01402E-1 5.59271E-1 6.68425E-1 7.06074E-1 7.6347E-1 7.60801E-1 7.343E-1 7.3716E-1 7.01409E-1 7.69425E-1 6.04618E-1 5.33358E-1 5.32406E-1 5.03763E-1 4.42886E-1 3.30482E-1 4.44388E-1 4.54082E-1 4.20468E-1 3.75354E-1 7.74123E-2 7.66559E-2 3.33003E-1 3.7564E-1 3.87403E-1 3.9924E-1 3.45239E-1 3.11957E-1 3.06406E-1 3.10466E-1 3.25662E-1 3.24258E-1 8.69427E-2 7.73026E-2 7.10878E-2 6.53711E-2 6.72542E-2 7.50065E-2 8.49886E-2 7.98179E-2 7.09874E-2 6.45195E-2 5.56617E-2 4.7182E-2 4.2087E-2 3.74966E-2 3.32725E-2 3.16532E-2 3.58793E-2 3.98449E-2 4.26563E-2 4.36276E-2
-9999 -9999 -9999 -9999 -9999 -9999 -9999 -9999 -9999 -9999 -9999 -9999 -9999 -9999 -9999 -9999 -9999 5.54831E-1 5.09971E-1 5.38323E-1 7.46596E-1 6.65401E-1 7.36935E-1 7.37507E-1 6.70355E-1 6.76786E-1 7.68513E-1 7.50887E-1 6.08153E-1 5.7538E-1 5.49683E-1 5.0243E-1 4.26078E-1 4.04375E-1 4.35445E-1 4.43447E-1 4.06287E-1 8.55712E-2 6.47958E-2 6.29036E-2 6.88481E-2 3.28079E-1 3.63893E-1 3.7928E-1 3.61397E-1 3.33256E-1 3.16034E-1 3.08721E-1 3.00591E-1 2.9399E-1 6.13427E-2 7.59177E-2 8.68016E-2 9.12966E-2 8.78724E-2 9.48156E-2 9.27042E-2 8.59576E-2 7.41514E-2 6.55855E-2 5.48177E-2 4.853E-2 4.20685E-2 3.73952E-2 3.07222E-2 2.55547E-2 2.27553E-2 3.39276E-2 3.90529E-2 2.10185E-2
-9999 -9999 -9999 -9999 -9999 -9999 -9999 -9999 -9999 -9999 -9999 -9999 -9999 -9999 3.38386E-1 3.78901E-1 4.23944E-1 5.46415E-1 5.83042E-1 6.29508E-1 5.96255E-1 5.79931E-1 5.67925E-1 7.01692E-1 7.23828E-1 6.6233E-1 7.48478E-1 7.38114E-1 6.15244E-1 5.93913E-1 5.68418E-1 5.15821E-1 4.62858E-1 4.34658E-1 4.25581E-1 4.05278E-1 9.08033E-2 6.82942E-2 5.80891E-2 6.29291E-2 7.17449E-2 3.42822E-1 3.85363E-1 4.1683E-1 4.39591E-1 4.31805E-1 4.23724E-1 3.87824E-1 3.22378E-1 7.02366E-2 6.05976E-2 3.68006E-1 4.16828E-1 4.76035E-1 4.40406E-1 1.05097E-1 9.48651E-2 8.0465E-2 7.01707E-2 5.80982E-2 4.9179E-2 4.22637E-2 4.17592E-2 4.45684E-2 3.67469E-2 2.40768E-2 6.15292E-3 2.64612E-2 1.30996E-2 1.52189E-2
-9999 -9999 -9999 -9999 -9999 -9999 -9999 -9999 -9999 -9999 1.7035E-1 1.8151E-1 1.94716E-1 2.16955E-1 4.43067E-1 4.53735E-1 4.86342E-1 6.25362E-1 5.75687E-1 6.8258E-1 5.39611E-1 5.26497E-1 5.27871E-1 5.41925E-1 7.00816E-1 7.14195E-1 7.21576E-1 7.28853E-1 7.32327E-1 -9999 5.77749E-1 -9999 4.87484E-1 -9999 9.03823E-2 8.84006E-2 8.3386E-2 6.90892E-2 6.5415E-2 6.2111E-2 6.96216E-2 3.46374E-1 4.15891E-1 4.53191E-1 5.10518E-1 5.26282E-1 5.11831E-1 5.22352E-1 4.92841E-1 4.85476E-1 4.84352E-1 4.90035E-1 4.76029E-1 4.51394E-1 4.69442E-1 1.16023E-1 9.29151E-2 6.83103E-2 5.8039E-2 4.88023E-2 4.4513E-2 4.13588E-2 4.25452E-2 5.75421E-2 4.92152E-2 2.53335E-2 1.19691E-2 8.76702E-3 1.45851E-2 3.49874E-2
-9999 -9999 -9999 -9999 -9999 -9999 -9999 -9999 -9999 -9999 -9999 1.80782E-1 0E0 2.22935E-1 2.99735E-1 2.91081E-1 3.66128E-1 5.1132E-1 6.16766E-1 5.92292E-1 4.95895E-1 4.98444E-1 5.15134E-1 5.26016E-1 6.70932E-1 6.87893E-1 7.00708E-1 7.17622E-1 7.19696E-1 7.19756E-1 -9999 5.3893E-1 4.92821E-1 4.47206E-1 9.30366E-2 8.4483E-2 7.95472E-2 7.40983E-2 7.54092E-2 6.56468E-2 7.30253E-2 3.39432E-1 4.59413E-1 4.91277E-1 5.58291E-1 5.91501E-1 5.86721E-1 5.79801E-1 5.4548E-1 5.29536E-1 5.16962E-1 4.77934E-1 4.68874E-1 5.13161E-1 4.63169E-1 1.16127E-1 8.83473E-2 5.60896E-2 4.13301E-2 3.61009E-2 3.66889E-2 3.86334E-2 4.58809E-2 5.44557E-2 6.00278E-2 3.94126E-2 3.36465E-2 3.32626E-2 3.31331E-2 4.74587E-2
-9999 -9999 -9999 -9999 -9999 -9999 -9999 -9999 -9999 -9999 -9999 -9999 2.17984E-1 3.13771E-1 1.87883E-1 1.86929E-1 3.61189E-1 3.84255E-1 4.19127E-1 4.51743E-1 4.68521E-1 4.86876E-1 6.33555E-1 6.4768E-1 6.72076E-1 6.84982E-1 6.98958E-1 7.05364E-1 7.05935E-1 -9999 -9999 -9999 4.93014E-1 4.72668E-1 1.06329E-1 8.44565E-2 7.58783E-2 7.46112E-2 7.21175E-2 6.32012E-2 7.59207E-2 3.89278E-1 3.58603E-1 3.76775E-1 5.37327E-1 5.42615E-1 5.70864E-1 5.77092E-1 6.10844E-1 5.94836E-1 5.8728E-1 5.30028E-1 4.87427E-1 4.6547E-1 1.21292E-1 1.05217E-1 7.33178E-2 4.67521E-2 3.32554E-2 3.32829E-2 4.16743E-2 5.22494E-2 5.35676E-2 4.89281E-2 4.23342E-2 4.83705E-2 5.01083E-2 5.70155E-2 5.25819E-2 5.73946E-2
-9999 -9999 -9999 -9999 -9999 -9999 -9999 -9999 -9999 -9999 -9999 -9999 -9999 1.94054E-1 1.6907E-1 1.74932E-1 1.79338E-1 2.88518E-1 3.70955E-1 3.85549E-1 4.25296E-1 4.53414E-1 6.09255E-1 6.15779E-1 6.35958E-1 6.58451E-1 6.66685E-1 6.61996E-1 6.25122E-1 -9999 -9999 5.30441E-1 4.99293E-1 4.77993E-1 1.10028E-1 7.39949E-2 4.79643E-2 4.24989E-2 4.35507E-2 4.4521E-2 5.07504E-2 3.34049E-1 4.28989E-1 4.86676E-1 4.93723E-1 4.98644E-1 5.88273E-1 5.75522E-1 5.49376E-1 5.93679E-1 5.63926E-1 5.3125E-1 4.69902E-1 4.5317E-1 1.18999E-1 9.56011E-2 6.31681E-2 3.96185E-2 3.91842E-2 4.20751E-2 4.70338E-2 6.08916E-2 6.9201E-2 6.6792E-2 6.57962E-2 6.47057E-2 6.50495E-2 7.50208E-2 8.21591E-2 7.86584E-2
-9999 -9999 -9999 -9999 -9999 -9999 -9999 -9999 -9999 -9999 -9999 -9999 -9999 -9999 1.77723E-1 1.76567E-1 1.78994E-1 1.65946E-1 2.31352E-1 3.0961E-1 3.65281E-1 4.10642E-1 5.80591E-1 5.39296E-1 4.74867E-1 5.62608E-1 4.75042E-1 4.63042E-1 4.48205E-1 4.87095E-1 -9999 -9999 -9999 4.30908E-1 8.57767E-2 5.45869E-2 3.79699E-2 3.47194E-2 3.89013E-2 5.87541E-2 3.83442E-1 5.1691E-1 5.97922E-1 6.13641E-1 5.82917E-1 5.15244E-1 5.63868E-1 5.22226E-1 4.64518E-1 5.01105E-1 4.51325E-1 4.25986E-1 4.14503E-1 4.3852E-1 1.12652E-1 9.29496E-2 7.05653E-2 5.38699E-2 4.10778E-2 2.8505E-2 2.33428E-2 3.56528E-2 6.26547E-2 3.45149E-1 7.89245E-2 8.20031E-2 8.74219E-2 8.70436E-2 8.89008E-2 9.24302E-2
-9999 -9999 -9999 -9999 -9999 -9999 -9999 -9999 -9999 -9999 -9999 -9999 -9999 -9999 -9999 1.67215E-1 1.61106E-1 1.51524E-1 1.31657E-1 1.94053E-1 3.54956E-1 4.02044E-1 5.61493E-1 5.64713E-1 5.30497E-1 4.47817E-1 4.24335E-1 4.29908E-1 4.36472E-1 -9999 -9999 -9999 3.85628E-1 7.60836E-2 4.97264E-2 3.21884E-2 2.45069E-2 2.45661E-2 4.28676E-2 7.51807E-2 4.45972E-1 5.71741E-1 6.33859E-1 6.73605E-1 6.489E-1 6.01904E-1 5.5547E-1 5.81967E-1 5.35972E-1 4.21659E-1 3.53062E-1 4.22718E-1 4.25071E-1 4.83939E-1 4.86233E-1 4.49003E-1 9.16262E-2 5.86913E-2 3.87861E-2 2.09181E-2 2.51901E-2 5.37369E-2 9.09967E-2 3.86968E-1 4.12342E-1 3.94971E-1 9.63545E-2 8.98075E-2 8.80679E-2 1.00269E-1
-9999 -9999 -9999 -9999 -9999 -9999 -9999 -9999 -9999 -9999 -9999 -9999 -9999 -9999 -9999 -9999 1.49221E-1 1.39518E-1 1.45072E-1 1.62036E-1 2.36154E-1 2.44079E-1 5.28586E-1 5.4889E-1 5.10583E-1 3.99947E-1 3.83729E-1 3.82813E-1 3.84321E-1 -9999 -9999 -9999 5.54057E-2 3.5879E-2 2.62686E-2 1.96272E-2 1.69989E-2 2.20964E-2 3.74694E-2 6.22498E-2 4.14153E-1 5.41562E-1 7.0598E-1 7.7432E-1 6.71937E-1 6.33421E-1 6.03314E-1 5.75458E-1 5.38396E-1 5.51296E-1 5.46458E-1 5.57402E-1 5.83159E-1 5.76301E-1 5.08139E-1 9.5071E-2 7.71242E-2 5.91332E-2 4.95508E-2 6.9621E-2 4.49207E-1 4.99633E-1 4.84982E-1 4.71787E-1 4.4201E-1 9.71685E-2 8.79861E-2 8.53342E-2 8.69827E-2 9.69342E-2
-9999 -9999 -9999 -9999 -9999 -9999 -9999 -9999 -9999 -9999 -9999 -9999 -9999 -9999 -9999 -9999 -9999 1.52078E-1 1.68285E-1 2.25981E-1 2.33725E-1 2.6566E-1 3.66604E-1 4.31766E-1 5.74916E-1 4.21985E-1 4.01275E-1 -9999 -9999 -9999 -9999 -9999 -9999 2.00916E-2 1.62671E-2 1.329E-2 1.03996E-2 1.28332E-2 2.34553E-2 5.3873E-2 4.0784E-1 5.43088E-1 7.40569E-1 7.64921E-1 6.55845E-1 6.47521E-1 6.36784E-1 6.09593E-1 5.84565E-1 6.43207E-1 6.49713E-1 6.27408E-1 6.29378E-1 5.57216E-1 4.8819E-1 5.24313E-1 5.62761E-1 5.72008E-1 5.63415E-1 5.76532E-1 5.64086E-1 5.44755E-1 5.20534E-1 4.67805E-1 4.37212E-1 9.51191E-2 8.27893E-2 7.89457E-2 8.57365E-2 9.14514E-2
-9999 -9999 -9999 -9999 -9999 -9999 -9999 -9999 -9999 -9999 -9999 -9999 -9999 -9999 -9999 -9999 -9999 -9999 2.2963E-1 1.71505E-1 1.79257E-1 2.62852E-1 3.07338E-1 5.12631E-1 5.00798E-1 -9999 -9999 -9999 -9999 -9999 -9999 -9999 -9999 1.15595E-2 7.61009E-3 6.64712E-3 5.60115E-3 7.08344E-3 1.58103E-2 4.90781E-2 4.38743E-1 6.97006E-1 6.53044E-1 7.66962E-1 6.54623E-1 6.34981E-1 6.11228E-1 5.82574E-1 5.56978E-1 5.88716E-1 5.90425E-1 5.84171E-1 6.05005E-1 6.30467E-1 6.21691E-1 6.33572E-1 6.50165E-1 6.40432E-1 6.28003E-1 6.18547E-1 5.74773E-1 5.49253E-1 4.98986E-1 4.4755E-1 4.4006E-1 1.08053E-1 9.7529E-2 1.00791E-1 9.28174E-2 8.95943E-2
-9999 -9999 -9999 -9999 -9999 -9999 -9999 -9999 -9999 -9999 -9999 -9999 -9999 -9999 -9999 -9999 -9999 -9999 -9999 -9999 1.43955E-1 1.83887E-1 -9999 -9999 -9999 -9999 -9999 -9999 -9999 -9999 -9999 -9999 -9999 -9999 3.97895E-3 2.83493E-3 2.56846E-3 4.7369E-3 1.33414E-2 2.90246E-2 3.79381E-1 6.72681E-1 6.15315E-1 7.51741E-1 6.29474E-1 6.01183E-1 5.69461E-1 5.38308E-1 5.14183E-1 5.57061E-1 5.50892E-1 5.41107E-1 5.52362E-1 5.87036E-1 5.97325E-1 6.06902E-1 6.37084E-1 6.26074E-1 6.17451E-1 5.94308E-1 5.58927E-1 5.33968E-1 5.0673E-1 4.95913E-1 4.4937E-1 1.15124E-1 1.07609E-1 1.12295E-1 1.00575E-1 8.57054E-2
-9999 -9999 -9999 -9999 -9999 -9999 -9999 -9999 -9999 -9999 -9999 -9999 -9999 -9999 -9999 -9999 -9999 -9999 -9999 -9999 -9999 -9999 -9999 -9999 -9999 -9999 -9999 -9999 -9999 -9999 -9999 -9999 -9999 3.95155E-3 2.55574E-3 1.65585E-3 2.0516E-3 5.1918E-3 1.84133E-2 2.5245E-1 4.60225E-1 6.06665E-1 6.49785E-1 7.59095E-1 6.23929E-1 5.83461E-1 5.48513E-1 5.15901E-1 4.84344E-1 4.88075E-1 4.78752E-1 4.7383E-1 4.51914E-1 4.67445E-1 5.18984E-1 5.73249E-1 5.91454E-1 5.85152E-1 5.64328E-1 5.47758E-1 4.99067E-1 4.90192E-1 4.91539E-1 4.88397E-1 4.51812E-1 1.12323E-1 1.09615E-1 1.05366E-1 9.26439E-2 7.53439E-2
-9999 -9999 -9999 -9999 -9999 -9999 -9999 -9999 -9999 -9999 -9999 -9999 -9999 -9999 -9999 -9999 -9999 -9999 -9999 -9999 -9999 -9999 -9999 -9999 -9999 -9999 -9999 -9999 -9999 -9999 -9999 -9999 -9999 3.40308E-3 1.89897E-3 1.29236E-3 2.07678E-3 7.43148E-3 2.69127E-2 2.79329E-1 4.25828E-1 6.55215E-1 6.30662E-1 7.53659E-1 6.05528E-1 5.51207E-1 4.9821E-1 4.08989E-1 4.27257E-1 4.08484E-1 4.17946E-1 4.22366E-1 3.77102E-1 3.81809E-1 4.12296E-1 4.71815E-1 5.22491E-1 4.99835E-1 4.85294E-1 4.57531E-1 4.39114E-1 4.4076E-1 4.4563E-1 4.37076E-1 9.3088E-2 8.71731E-2 9.03248E-2 9.26111E-2 8.33406E-2 6.88016E-2
-9999 -9999 -9999 -9999 -9999 -9999 -9999 -9999 -9999 -9999 -9999 -9999 -9999 -9999 -9999 -9999 -9999 -9999 -9999 -9999 -9999 -9999 -9999 -9999 -9999 -9999 -9999 -9999 -9999 -9999 -9999 -9999 3.61537E-3 2.01037E-3 1.45646E-3 9.62429E-4 1.98775E-3 8.86333E-3 3.97037E-2 3.83693E-1 4.68556E-1 6.53835E-1 6.94674E-1 7.16293E-1 5.69689E-1 4.5633E-1 3.94735E-1 4.1739E-1 4.23411E-1 4.44005E-1 4.60768E-1 3.96401E-1 4.33313E-1 4.04239E-1 4.08751E-1 4.08893E-1 4.09579E-1 4.08994E-1 9.69963E-2 9.30055E-2 9.9329E-2 4.24519E-1 1.14909E-1 1.11226E-1 9.54446E-2 8.41104E-2 7.27956E-2 7.2249E-2 7.40287E-2 6.87615E-2
-9999 -9999 -9999 -9999 -9999 -9999 -9999 -9999 -9999 -9999 -9999 -9999 -9999 -9999 -9999 -9999 -9999 -9999 -9999 -9999 -9999 -9999 -9999 -9999 -9999 -9999 -9999 -9999 -9999 -9999 -9999 -9999 2.39291E-3 1.2572E-3 7.53547E-4 6.45886E-4 1.32835E-3 7.05847E-3 4.38588E-2 4.33414E-1 6.66812E-1 5.84121E-1 6.06304E-1 6.97098E-1 5.37003E-1 4.77257E-1 4.10651E-1 4.21536E-1 4.3546E-1 4.54578E-1 4.84276E-1 4.29588E-1 4.87672E-1 4.66888E-1 4.24018E-1 4.25112E-1 4.28748E-1 3.9621E-1 8.08608E-2 7.86897E-2 8.90957E-2 9.83645E-2 1.0974E-1 1.0686E-1 9.91186E-2 8.64931E-2 7.21161E-2 6.47657E-2 6.2494E-2 6.77965E-2
-9999 -9999 -9999 -9999 -9999 -9999 -9999 -9999 -9999 -9999 -9999 -9999 -9999 -9999 -9999 -9999 -9999 -9999 -9999 -9999 -9999 -9999 -9999 -9999 -9999 -9999 -9999 -9999 -9999 -9999 -9999 -9999 1.78714E-3 7.82767E-4 2.87405E-4 2.62863E-4 5.62965E-4 2.68807E-3 2.55015E-2 3.82181E-1 6.55622E-1 5.79159E-1 6.00768E-1 6.28977E-1 5.73039E-1 5.1612E-1 5.06965E-1 4.81037E-1 4.79349E-1 4.98797E-1 5.10768E-1 5.22414E-1 5.15005E-1 4.89163E-1 4.68372E-1 4.50896E-1 4.29883E-1 3.9806E-1 8.83999E-2 8.26189E-2 8.57252E-2 1.13739E-1 1.09429E-1 1.06305E-1 9.62912E-2 8.60031E-2 7.50426E-2 6.8217E-2 6.20887E-2 6.8533E-2
-9999 -9999 -9999 -9999 -9999 -9999 -9999 -9999 -9999 -9999 -9999 -9999 -9999 -9999 -9999 -9999 -9999 -9999 -9999 -9999 -9999 -9999 -9999 -9999 -9999 -9999 -9999 -9999 -9999 -9999 -9999 -9999 1.15917E-3 5.57823E-4 2.0053E-4 2.39751E-4 2.20985E-4 4.53466E-4 7.70681E-3 3.10145E-2 5.58089E-1 5.51223E-1 5.82015E-1 6.27957E-1 7.14183E-1 5.49972E-1 5.11656E-1 5.575E-1 5.31319E-1 5.35463E-1 5.42433E-1 5.40897E-1 5.44072E-1 5.05814E-1 4.81722E-1 4.67429E-1 4.46066E-1 1.06212E-1 9.64193E-2 8.52803E-2 8.33585E-2 8.75905E-2 1.01095E-1 9.42151E-2 8.02708E-2 7.16795E-2 7.61577E-2 7.67328E-2 7.38619E-2 6.84076E-2
-9999 -9999 -9999 -9999 -9999 -9999 -9999 -9999 -9999 -9999 -9999 -9999 -9999 -9999 -9999 -9999 -9999 -9999 -9999 -9999 -9999 -9999 -9999 -9999 -9999 -9999 -9999 -9999 -9999 -9999 -9999 -9999 1.59523E-3 4.13835E-4 1.88251E-4 2.05579E-4 3.00884E-4 7.94577E-4 4.48558E-3 4.11392E-2 6.20737E-1 5.51223E-1 5.80415E-1 6.14297E-1 7.22778E-1 6.74308E-1 5.75238E-1 5.39557E-1 5.75685E-1 5.51316E-1 5.40929E-1 5.32192E-1 5.24956E-1 5.29532E-1 5.12962E-1 4.80463E-1 4.49565E-1 1.1552E-1 9.61384E-2 9.20209E-2 8.72148E-2 8.21904E-2 7.7497E-2 8.01684E-2 8.17485E-2 7.64094E-2 6.87225E-2 6.67252E-2 5.08579E-2 4.96172E-2
-9999 -9999 -9999 -9999 -9999 -9999 -9999 -9999 -9999 -9999 -9999 -9999 -9999 -9999 -9999 -9999 -9999 -9999 -9999 -9999 -9999 -9999 -9999 -9999 -9999 -9999 -9999 -9999 -9999 -9999 -9999 -9999 -9999 3.58682E-4 2.15359E-4 1.55476E-4 5.27781E-4 1.64333E-3 7.16174E-3 2.26295E-2 3.91318E-1 5.50284E-1 5.66175E-1 6.65532E-1 6.99142E-1 7.78052E-1 6.73151E-1 5.49841E-1 5.32062E-1 5.76665E-1 5.72542E-1 5.60434E-1 5.39291E-1 5.19511E-1 5.13643E-1 4.977E-1 4.87305E-1 4.78999E-1 1.18606E-1 1.04635E-1 8.81056E-2 7.93614E-2 8.29793E-2 7.94612E-2 7.67423E-2 7.15232E-2 7.01197E-2 6.57354E-2 5.42049E-2 5.09168E-2
-9999 -9999 -9999 -9999 -9999 -9999 -9999 -9999 -9999 -9999 -9999 -9999 -9999 -9999 -9999 -9999 -9999 -9999 -9999 -9999 -9999 -9999 -9999 -9999 -9999 -9999 -9999 -9999 -9999 -9999 -9999 -9999 -9999 3.13764E-4 2.91254E-4 1.67501E-4 4.45453E-4 1.40971E-3 7.22723E-3 2.63155E-1 4.1283E-1 6.42004E-1 5.72681E-1 6.62652E-1 7.5584E-1 7.51072E-1 5.81374E-1 5.47072E-1 5.85194E-1 5.78496E-1 5.66399E-1 5.67504E-1 5.47902E-1 5.33587E-1 5.11976E-1 4.90891E-1 5.00835E-1 5.12439E-1 1.32919E-1 1.1966E-1 1.06283E-1 8.41222E-2 7.80567E-2 8.09002E-2 7.99916E-2 8.07799E-2 7.49249E-2 8.18514E-2 7.68468E-2 6.58167E-2
