KUENM_DEFAULT/Final_Models/M_1_F_lqpth_Set_1_NE/sp1_median.asc
ncols         197
nrows         210
xllcorner     56.1666666666667
yllcorner     4.5
cellsize      0.166666666666667
NODATA_value  -9999
[rows 112 to 139 of 210, columns 130 to 194 of 197]
5.8545E-1 5.18566E-1 3.81841E-1 1.4792E-1 2.17438E-1 1.70857E-1 1.07905E-1 8.35457E-2 6.47611E-2 6.26532E-2 6.00158E-2 4.56461E-2 3.553E-2 2.63767E-2 2.02809E-2 1.90017E-2 2.11856E-2 2.39819E-2 2.57345E-2 3.0431E-2 3.69939E-2 4.07083E-2 4.2412E-2 4.51198E-2 3.22136E-2 2.86816E-2 2.83988E-2 2.7646E-2 3.55181E-2 3.61981E-2 3.24368E-2 3.42749E-2 3.643E-2 3.65553E-2 3.49788E-2 3.26119E-2 3.0277E-2 2.87529E-2 3.1199E-2 3.01171E-2 2.77211E-2 2.61075E-2 2.70245E-2 3.17677E-2 3.29333E-2 2.79206E-2 2.24694E-2 1.74235E-2 1.60026E-2 1.63516E-2 1.34596E-2 1.39269E-2 1.43079E-2 1.79421E-2 2.09275E-2 2.1619E-2 -9999 -9999 -9999 -9999 -9999 -9999 -9999 -9999 -9999
5.728E-1 4.51812E-1 1.47648E-1 2.15845E-1 1.96485E-1 1.24603E-1 9.88358E-2 7.0705E-2 5.07688E-2 3.75416E-2 4.47163E-2 4.00701E-2 3.31122E-2 2.5669E-2 1.84254E-2 1.75088E-2 1.82814E-2 2.08353E-2 2.52338E-2 2.8524E-2 3.16096E-2 3.25841E-2 3.27161E-2 3.36655E-2 3.09845E-2 2.52071E-2 2.51467E-2 2.70749E-2 3.88938E-2 4.44139E-2 3.7455E-2 3.65009E-2 3.54548E-2 3.34574E-2 3.38759E-2 3.03566E-2 2.93476E-2 2.91668E-2 3.11449E-2 2.92733E-2 2.85556E-2 2.58385E-2 2.43936E-2 2.66524E-2 2.36801E-2 2.28112E-2 2.17115E-2 1.89061E-2 1.87421E-2 1.82975E-2 1.44661E-2 1.64591E-2 1.78867E-2 1.94815E-2 2.21674E-2 -9999 -9999 -9999 -9999 -9999 -9999 -9999 -9999 -9999 -9999
4.45239E-1 1.22258E-1 1.24231E-1 1.72254E-1 1.2797E-1 1.07773E-1 8.23313E-2 6.35363E-2 4.17706E-2 3.65567E-2 3.54487E-2 3.28873E-2 3.05515E-2 2.33359E-2 1.59984E-2 1.39247E-2 1.56759E-2 1.83053E-2 2.13092E-2 2.45309E-2 2.79095E-2 3.30217E-2 3.70272E-2 3.65843E-2 3.32137E-2 2.76339E-2 2.47295E-2 2.3298E-2 3.91797E-2 4.6386E-2 4.16814E-2 3.75943E-2 3.17606E-2 3.55545E-2 3.16277E-2 2.90249E-2 2.93401E-2 2.81277E-2 2.67407E-2 2.70156E-2 2.64499E-2 2.4609E-2 2.36774E-2 2.5797E-2 2.46921E-2 2.30337E-2 2.09856E-2 1.91193E-2 2.04737E-2 1.45539E-2 1.73536E-2 1.71842E-2 1.6832E-2 2.0908E-2 -9999 -9999 -9999 -9999 -9999 -9999 -9999 -9999 -9999 -9999 -9999
3.46887E-1 1.26361E-1 1.19262E-1 9.67579E-2 9.44987E-2 9.32131E-2 8.27513E-2 6.55872E-2 4.82971E-2 3.73231E-2 3.38758E-2 3.32256E-2 2.87173E-2 2.01159E-2 1.41614E-2 1.21991E-2 1.42228E-2 1.60469E-2 1.77434E-2 2.18855E-2 2.27016E-2 2.67385E-2 3.46363E-2 3.73165E-2 3.2944E-2 2.78E-2 2.55624E-2 2.33787E-2 4.43182E-2 4.88871E-2 4.67235E-2 3.77263E-2 3.36755E-2 3.41697E-2 3.24169E-2 2.63306E-2 2.43643E-2 2.13989E-2 2.26368E-2 2.52455E-2 2.69679E-2 2.40169E-2 2.46033E-2 2.37106E-2 2.39586E-2 2.26661E-2 1.86096E-2 1.51297E-2 1.56504E-2 1.74958E-2 1.70154E-2 1.69365E-2 -9999 -9999 -9999 -9999 -9999 -9999 -9999 -9999 -9999 -9999 -9999 -9999 -9999
1.2406E-1 1.21786E-1 1.09635E-1 8.68724E-2 7.71747E-2 7.12941E-2 8.32907E-2 6.89571E-2 5.30156E-2 4.32194E-2 3.84688E-2 3.92435E-2 2.79539E-2 1.93207E-2 1.41549E-2 1.2922E-2 1.37278E-2 1.50739E-2 1.59676E-2 1.81098E-2 1.82024E-2 1.82016E-2 2.23853E-2 2.35629E-2 2.44235E-2 2.85383E-2 2.94762E-2 3.68452E-2 5.16961E-2 5.16029E-2 4.73877E-2 4.1227E-2 3.48224E-2 3.65174E-2 2.97646E-2 2.69205E-2 2.2716E-2 1.33318E-2 1.17177E-2 2.25558E-2 2.76094E-2 2.6116E-2 2.80161E-2 2.67675E-2 2.55524E-2 2.2219E-2 1.98284E-2 1.71011E-2 1.64327E-2 1.62476E-2 1.64361E-2 -9999 -9999 -9999 -9999 -9999 -9999 -9999 -9999 -9999 -9999 -9999 -9999 -9999 -9999
1.32206E-1 1.19006E-1 1.11733E-1 9.31347E-2 7.28838E-2 6.9321E-2 8.18107E-2 7.48403E-2 5.83643E-2 4.78321E-2 4.5357E-2 3.69983E-2 2.78281E-2 1.97596E-2 1.43337E-2 1.38747E-2 1.38405E-2 1.42354E-2 1.47331E-2 1.68901E-2 1.88665E-2 2.08128E-2 2.10961E-2 2.35147E-2 2.71844E-2 2.49396E-2 2.99983E-2 4.23048E-2 5.48853E-2 6.20549E-2 4.99419E-2 4.23834E-2 3.56338E-2 2.94477E-2 2.24898E-2 2.44682E-2 1.28027E-2 1.05042E-2 2.09415E-2 2.83272E-2 2.97627E-2 2.92994E-2 2.67624E-2 2.64643E-2 2.48357E-2 2.19835E-2 1.88292E-2 1.57836E-2 1.58516E-2 -9999 -9999 -9999 -9999 -9999 -9999 -9999 -9999 -9999 -9999 -9999 -9999 -9999 -9999 -9999 -9999
1.08634E-1 9.49896E-2 8.48416E-2 8.60839E-2 8.27562E-2 8.87032E-2 7.9403E-2 7.59935E-2 7.81367E-2 6.37521E-2 4.89983E-2 3.51851E-2 2.51836E-2 2.03489E-2 1.68308E-2 1.46578E-2 1.36475E-2 1.54364E-2 1.56575E-2 1.74067E-2 2.16627E-2 2.28666E-2 2.71144E-2 2.88418E-2 2.85875E-2 2.48575E-2 2.96954E-2 3.146E-2 4.2538E-2 4.9469E-2 4.6423E-2 3.48602E-2 2.66908E-2 2.8598E-2 2.78702E-2 2.67272E-2 1.25293E-2 1.21441E-2 2.47796E-2 3.07352E-2 3.04868E-2 3.0137E-2 3.02854E-2 3.14374E-2 2.75434E-2 2.63821E-2 2.04622E-2 1.88397E-2 -9999 -9999 -9999 -9999 -9999 -9999 -9999 -9999 -9999 -9999 -9999 -9999 -9999 -9999 -9999 -9999 -9999
9.44997E-2 9.61076E-2 9.15084E-2 8.35499E-2 7.78118E-2 5.62222E-2 5.27482E-2 6.21607E-2 7.12531E-2 7.71846E-2 7.42599E-2 3.58399E-2 2.67689E-2 2.19658E-2 1.82195E-2 1.57788E-2 1.47093E-2 1.60782E-2 1.71024E-2 1.84729E-2 2.16459E-2 2.58222E-2 2.63415E-2 3.13036E-2 2.96141E-2 2.4203E-2 2.68697E-2 2.56602E-2 3.23718E-2 4.48551E-2 3.02574E-2 1.25749E-2 2.47535E-2 1.98374E-2 3.11737E-2 3.05777E-2 2.38943E-2 2.22985E-2 2.2357E-2 2.57279E-2 3.06051E-2 3.06659E-2 2.99747E-2 3.61294E-2 2.9145E-2 -9999 -9999 -9999 -9999 -9999 -9999 -9999 -9999 -9999 -9999 -9999 -9999 -9999 -9999 -9999 -9999 -9999 -9999 -9999 -9999
9.68331E-2 9.53734E-2 9.30704E-2 8.98506E-2 7.84102E-2 6.24559E-2 5.69344E-2 7.71391E-2 1.03134E-1 9.46569E-2 8.65314E-2 4.91642E-2 3.20635E-2 2.54853E-2 1.93176E-2 1.73276E-2 1.60796E-2 1.57918E-2 1.69316E-2 1.7255E-2 2.21162E-2 2.54776E-2 2.71211E-2 2.74462E-2 2.71223E-2 2.59485E-2 2.58232E-2 2.52666E-2 2.2592E-2 3.18942E-2 2.00212E-2 1.12098E-2 2.20372E-2 2.8821E-2 2.37285E-2 2.98715E-2 2.71676E-2 2.00412E-2 2.01077E-2 2.72151E-2 3.01439E-2 2.87237E-2 2.96491E-2 -9999 -9999 -9999 -9999 -9999 -9999 -9999 -9999 -9999 -9999 -9999 -9999 -9999 -9999 -9999 -9999 -9999 -9999 -9999 -9999 -9999 -9999
9.86099E-2 1.00376E-1 1.0319E-1 9.85297E-2 9.58703E-2 8.69982E-2 8.03467E-2 7.72442E-2 9.77053E-2 1.04571E-1 9.71562E-2 6.77649E-2 4.00416E-2 2.7061E-2 2.12286E-2 1.77246E-2 1.66267E-2 1.63417E-2 1.72968E-2 1.72926E-2 2.11241E-2 2.50523E-2 2.52594E-2 2.76404E-2 2.66206E-2 2.52175E-2 2.34889E-2 2.14627E-2 1.96636E-2 1.8277E-2 1.03649E-2 9.99784E-3 1.82492E-2 2.94451E-2 2.25059E-2 3.08462E-2 2.91172E-2 2.06616E-2 1.14998E-2 2.78735E-2 2.88356E-2 2.58921E-2 2.73446E-2 -9999 -9999 -9999 -9999 -9999 -9999 -9999 -9999 -9999 -9999 -9999 -9999 -9999 -9999 -9999 -9999 -9999 -9999 -9999 -9999 -9999 -9999
1.04974E-1 1.01114E-1 1.0654E-1 1.1378E-1 1.15342E-1 1.31405E-1 1.5043E-1 1.33844E-1 9.2717E-2 9.89363E-2 1.02662E-1 8.28231E-2 6.14676E-2 3.84681E-2 2.51916E-2 1.81216E-2 1.65321E-2 1.71552E-2 1.8937E-2 2.28898E-2 2.53781E-2 2.58972E-2 2.0998E-2 2.19332E-2 2.253E-2 2.41498E-2 2.11445E-2 1.79547E-2 1.62497E-2 1.29899E-2 8.64168E-3 9.29142E-3 1.52189E-2 2.64297E-2 2.0767E-2 2.9035E-2 2.66669E-2 1.90358E-2 1.13936E-2 2.4564E-2 2.94693E-2 2.42978E-2 -9999 -9999 -9999 -9999 -9999 -9999 -9999 -9999 -9999 -9999 -9999 -9999 -9999 -9999 -9999 -9999 -9999 -9999 -9999 -9999 -9999 -9999 -9999
1.00782E-1 9.71175E-2 1.09262E-1 2.99973E-1 3.42713E-1 4.0878E-1 4.02049E-1 4.00093E-1 1.6294E-1 1.03023E-1 1.15756E-1 1.06525E-1 7.89501E-2 5.81401E-2 4.13265E-2 2.13123E-2 1.79414E-2 1.74539E-2 1.86478E-2 2.20764E-2 2.49175E-2 2.51486E-2 2.06804E-2 1.85295E-2 2.07999E-2 2.04316E-2 1.89983E-2 1.58157E-2 1.20917E-2 6.26582E-3 5.61214E-3 7.64583E-3 2.19909E-2 2.6752E-2 2.65425E-2 2.78004E-2 2.77312E-2 2.61682E-2 2.44045E-2 3.02402E-2 3.01475E-2 2.82396E-2 -9999 -9999 -9999 -9999 -9999 -9999 -9999 -9999 -9999 -9999 -9999 -9999 -9999 -9999 -9999 -9999 -9999 -9999 -9999 -9999 -9999 -9999 -9999
8.45133E-2 7.85938E-2 7.73012E-2 2.74961E-1 3.99597E-1 4.9512E-1 5.23487E-1 4.57727E-1 1.69567E-1 1.42702E-1 1.42119E-1 1.3374E-1 1.16026E-1 9.60934E-2 6.36159E-2 3.34567E-2 2.87608E-2 2.21554E-2 2.07538E-2 2.1889E-2 2.03639E-2 2.26229E-2 2.18553E-2 2.08105E-2 1.92656E-2 1.79382E-2 1.63251E-2 1.39491E-2 5.80845E-3 4.64746E-3 4.86132E-3 6.2576E-3 3.04529E-2 3.91586E-2 3.10907E-2 2.40136E-2 2.9177E-2 3.12328E-2 3.32698E-2 3.44449E-2 3.16679E-2 -9999 -9999 -9999 -9999 -9999 -9999 -9999 -9999 -9999 -9999 -9999 -9999 -9999 -9999 -9999 -9999 -9999 -9999 -9999 -9999 -9999 -9999 -9999 -9999
6.2276E-2 6.80872E-2 7.55852E-2 1.0315E-1 3.6788E-1 4.75752E-1 5.15278E-1 5.07317E-1 3.82427E-1 1.56396E-1 1.55031E-1 1.57021E-1 1.39482E-1 1.38387E-1 1.03975E-1 6.70242E-2 3.8012E-2 2.90514E-2 2.50545E-2 2.22281E-2 1.72213E-2 2.05009E-2 2.12427E-2 2.23731E-2 1.94581E-2 2.03506E-2 1.73396E-2 1.14283E-2 6.38236E-3 5.30412E-3 5.8405E-3 1.8395E-2 4.08942E-2 4.40694E-2 4.03451E-2 3.13726E-2 3.00323E-2 3.40292E-2 3.499E-2 3.55302E-2 -9999 -9999 -9999 -9999 -9999 -9999 -9999 -9999 -9999 -9999 -9999 -9999 -9999 -9999 -9999 -9999 -9999 -9999 -9999 -9999 -9999 -9999 -9999 -9999 -9999
4.85363E-2 5.19373E-2 7.55184E-2 1.01122E-1 3.64217E-1 5.1886E-1 5.43626E-1 5.13912E-1 4.41274E-1 4.12485E-1 1.59658E-1 1.45626E-1 1.24146E-1 3.91711E-1 4.54351E-1 4.57322E-1 6.20516E-2 2.82892E-2 2.76785E-2 2.51689E-2 2.16636E-2 2.01936E-2 2.24908E-2 1.94518E-2 1.62262E-2 1.48923E-2 1.52442E-2 1.21956E-2 6.49334E-3 6.31139E-3 7.18055E-3 1.87928E-2 4.01424E-2 5.0634E-2 4.87582E-2 4.88265E-2 4.36809E-2 3.52474E-2 3.56439E-2 -9999 -9999 -9999 -9999 -9999 -9999 -9999 -9999 -9999 -9999 -9999 -9999 -9999 -9999 -9999 -9999 -9999 -9999 -9999 -9999 -9999 -9999 -9999 -9999 -9999 -9999
4.47513E-2 5.42313E-2 7.93607E-2 9.95373E-2 3.68568E-1 4.88374E-1 5.01553E-1 4.80459E-1 4.71549E-1 4.43483E-1 1.47478E-1 1.22635E-1 1.23176E-1 4.24451E-1 4.976E-1 4.8813E-1 6.40262E-2 3.29683E-2 2.96118E-2 2.61688E-2 2.26604E-2 2.19653E-2 2.39429E-2 1.74899E-2 1.86135E-2 1.60372E-2 1.60056E-2 7.16442E-3 7.23138E-3 7.62901E-3 8.0026E-3 2.04605E-2 4.14952E-2 5.29885E-2 5.41331E-2 4.44849E-2 5.0384E-2 4.56161E-2 -9999 -9999 -9999 -9999 -9999 -9999 -9999 -9999 -9999 -9999 -9999 -9999 -9999 -9999 -9999 -9999 -9999 -9999 -9999 -9999 -9999 -9999 -9999 -9999 -9999 -9999 -9999
5.45365E-2 6.31227E-2 6.24885E-2 7.90227E-2 3.40281E-1 3.88095E-1 4.35021E-1 4.50056E-1 4.23866E-1 4.22585E-1 3.59855E-1 1.07035E-1 9.35257E-2 1.14478E-1 3.05516E-1 1.06489E-1 6.59554E-2 4.34732E-2 2.68403E-2 2.85195E-2 2.53284E-2 2.41576E-2 2.20126E-2 2.19646E-2 1.61286E-2 1.74045E-2 1.27028E-2 8.12613E-3 7.79605E-3 8.71315E-3 1.67187E-2 3.24235E-2 5.23824E-2 3.86099E-2 4.39563E-2 4.97264E-2 5.719E-2 -9999 -9999 -9999 -9999 -9999 -9999 -9999 -9999 -9999 -9999 -9999 -9999 -9999 -9999 -9999 -9999 -9999 -9999 -9999 -9999 -9999 -9999 -9999 -9999 -9999 -9999 -9999 -9999
7.56734E-2 5.53659E-2 5.2096E-2 7.8967E-2 3.04574E-1 3.04749E-1 3.55692E-1 3.7817E-1 3.61786E-1 3.49934E-1 1.062E-1 9.48199E-2 8.22301E-2 7.89988E-2 7.98705E-2 8.61498E-2 5.74055E-2 4.7311E-2 3.19292E-2 3.23396E-2 2.65481E-2 2.62767E-2 2.36574E-2 1.7832E-2 1.22813E-2 8.26891E-3 8.72062E-3 1.00164E-2 9.24505E-3 2.12857E-2 2.65349E-2 3.36499E-2 4.10894E-2 5.30613E-2 5.20341E-2 -9999 -9999 -9999 -9999 -9999 -9999 -9999 -9999 -9999 -9999 -9999 -9999 -9999 -9999 -9999 -9999 -9999 -9999 -9999 -9999 -9999 -9999 -9999 -9999 -9999 -9999 -9999 -9999 -9999 -9999
2.55215E-1 2.3302E-1 2.38891E-1 2.65678E-1 2.81044E-1 2.81774E-1 3.77647E-1 4.1558E-1 4.2248E-1 3.88855E-1 3.2842E-1 1.10878E-1 9.26109E-2 7.76145E-2 6.65286E-2 7.8155E-2 7.89297E-2 6.00544E-2 5.04153E-2 4.07246E-2 3.03103E-2 2.64129E-2 2.17535E-2 1.37684E-2 1.21703E-2 1.49681E-2 1.381E-2 1.54685E-2 2.27033E-2 2.88301E-2 3.78069E-2 3.99667E-2 4.79177E-2 5.96984E-2 -9999 -9999 -9999 -9999 -9999 -9999 -9999 -9999 -9999 -9999 -9999 -9999 -9999 -9999 -9999 -9999 -9999 -9999 -9999 -9999 -9999 -9999 -9999 -9999 -9999 -9999 -9999 -9999 -9999 -9999 -9999
2.53317E-1 3.13955E-1 3.60456E-1 3.72958E-1 3.65387E-1 3.90445E-1 4.46907E-1 5.09508E-1 5.11175E-1 4.66082E-1 4.19961E-1 3.41862E-1 9.9905E-2 1.02529E-1 8.01606E-2 8.17113E-2 9.47146E-2 7.93837E-2 7.07821E-2 4.70968E-2 3.58463E-2 2.35275E-2 1.84602E-2 1.5763E-2 1.94626E-2 1.92642E-2 2.16181E-2 2.55445E-2 3.24263E-2 4.39736E-2 5.45161E-2 6.56428E-2 7.06707E-2 -9999 -9999 -9999 -9999 -9999 -9999 -9999 -9999 -9999 -9999 -9999 -9999 -9999 -9999 -9999 -9999 -9999 -9999 -9999 -9999 -9999 -9999 -9999 -9999 -9999 -9999 -9999 -9999 -9999 -9999 -9999 -9999
2.44187E-1 3.41748E-1 3.37406E-1 4.29001E-1 4.64299E-1 4.80291E-1 4.98159E-1 5.51057E-1 6.00658E-1 5.47362E-1 4.73943E-1 4.33969E-1 3.52354E-1 1.09859E-1 9.10157E-2 8.35547E-2 7.60472E-2 6.3627E-2 5.07893E-2 3.10144E-2 2.43347E-2 2.14375E-2 2.24822E-2 2.39351E-2 2.71377E-2 2.74931E-2 2.65676E-2 3.44487E-2 3.75686E-2 5.0935E-2 6.43942E-2 6.60434E-2 -9999 -9999 -9999 -9999 -9999 -9999 -9999 -9999 -9999 -9999 -9999 -9999 -9999 -9999 -9999 -9999 -9999 -9999 -9999 -9999 -9999 -9999 -9999 -9999 -9999 -9999 -9999 -9999 -9999 -9999 -9999 -9999 -9999
2.52873E-1 4.00375E-1 4.36209E-1 4.67053E-1 5.18351E-1 5.25166E-1 4.95899E-1 5.73788E-1 6.25783E-1 5.79761E-1 5.05592E-1 4.61535E-1 4.57779E-1 3.54415E-1 1.00416E-1 8.17237E-2 6.60735E-2 6.03673E-2 4.65456E-2 3.59489E-2 1.56989E-2 2.35912E-2 2.73842E-2 3.54709E-2 3.39461E-2 3.7024E-2 3.96495E-2 4.29993E-2 4.30138E-2 4.89712E-2 -9999 -9999 -9999 -9999 -9999 -9999 -9999 -9999 -9999 -9999 -9999 -9999 -9999 -9999 -9999 -9999 -9999 -9999 -9999 -9999 -9999 -9999 -9999 -9999 -9999 -9999 -9999 -9999 -9999 -9999 -9999 -9999 -9999 -9999 -9999
3.18212E-1 4.03533E-1 4.49702E-1 4.64852E-1 5.25455E-1 5.32782E-1 5.57482E-1 6.10678E-1 6.11205E-1 5.74132E-1 5.04696E-1 4.86163E-1 4.78882E-1 3.54244E-1 9.29926E-2 9.14653E-2 8.38708E-2 7.56752E-2 6.28615E-2 4.08004E-2 3.36505E-2 2.85044E-2 2.89991E-2 4.04618E-2 3.71078E-2 3.87497E-2 4.84372E-2 5.72161E-2 -9999 -9999 -9999 -9999 -9999 -9999 -9999 -9999 -9999 -9999 -9999 -9999 -9999 -9999 -9999 -9999 -9999 -9999 -9999 -9999 -9999 -9999 -9999 -9999 -9999 -9999 -9999 -9999 -9999 -9999 -9999 -9999 -9999 -9999 -9999 -9999 -9999
3.43923E-1 3.67008E-1 4.37421E-1 4.85651E-1 5.23357E-1 5.63163E-1 6.04867E-1 6.02857E-1 6.16686E-1 5.93291E-1 5.52502E-1 5.29317E-1 4.9993E-1 4.10967E-1 1.04322E-1 1.08001E-1 9.1689E-2 7.6786E-2 7.67856E-2 5.74623E-2 4.4769E-2 3.90393E-2 3.73836E-2 4.12161E-2 3.70658E-2 3.32198E-2 3.84911E-2 6.29022E-2 -9999 -9999 -9999 -9999 -9999 -9999 -9999 -9999 -9999 -9999 -9999 -9999 -9999 -9999 -9999 -9999 -9999 -9999 -9999 -9999 -9999 -9999 -9999 -9999 -9999 -9999 -9999 -9999 -9999 -9999 -9999 -9999 -9999 -9999 -9999 -9999 -9999
3.68143E-1 3.68002E-1 4.40063E-1 4.89552E-1 5.2497E-1 5.98999E-1 5.0928E-1 6.33068E-1 6.16772E-1 6.13733E-1 5.96232E-1 5.62504E-1 5.15622E-1 4.80823E-1 4.36601E-1 2.09389E-1 9.00347E-2 7.24255E-2 6.55986E-2 6.77018E-2 6.04209E-2 5.0085E-2 4.11307E-2 3.32993E-2 3.08455E-2 2.9079E-2 4.59323E-2 5.84116E-2 -9999 -9999 -9999 -9999 -9999 -9999 -9999 -9999 -9999 -9999 -9999 -9999 -9999 -9999 -9999 -9999 -9999 -9999 -9999 -9999 -9999 -9999 -9999 -9999 -9999 -9999 -9999 -9999 -9999 -9999 -9999 -9999 -9999 -9999 -9999 -9999 -9999
3.70489E-1 4.43318E-1 4.78726E-1 5.02901E-1 5.33348E-1 4.86622E-1 5.05367E-1 5.20467E-1 6.3483E-1 6.25917E-1 4.79711E-1 5.49875E-1 5.23395E-1 4.97211E-1 4.6191E-1 3.23308E-1 7.62307E-2 6.4386E-2 5.62666E-2 2.03066E-1 2.06441E-1 4.73486E-2 3.88773E-2 2.8263E-2 2.43161E-2 2.58323E-2 3.59997E-2 -9999 -9999 -9999 -9999 -9999 -9999 -9999 -9999 -9999 -9999 -9999 -9999 -9999 -9999 -9999 -9999 -9999 -9999 -9999 -9999 -9999 -9999 -9999 -9999 -9999 -9999 -9999 -9999 -9999 -9999 -9999 -9999 -9999 -9999 -9999 -9999 -9999 -9999
4.30747E-1 4.28618E-1 3.98247E-1 4.18017E-1 4.27291E-1 3.99042E-1 4.02119E-1 4.69727E-1 6.17531E-1 5.92238E-1 5.54926E-1 5.159E-1 4.93358E-1 4.54673E-1 3.90434E-1 3.09277E-1 6.58701E-2 3.31988E-2 3.3028E-2 3.71008E-2 5.92808E-2 4.75373E-2 3.99648E-2 2.62861E-2 2.62614E-2 2.70141E-2 -9999 -9999 -9999 -9999 -9999 -9999 -9999 -9999 -9999 -9999 -9999 -9999 -9999 -9999 -9999 -9999 -9999 -9999 -9999 -9999 -9999 -9999 -9999 -9999 -9999 -9999 -9999 -9999 -9999 -9999 -9999 -9999 -9999 -9999 -9999 -9999 -9999 -9999 -9999
4.82529E-1 4.49033E-1 4.33765E-1 4.16039E-1 3.63174E-1 3.15619E-1 3.72885E-1 4.59703E-1 5.73832E-1 5.35941E-1 5.33034E-1 4.91055E-1 4.63346E-1 4.29159E-1 3.15656E-1 3.04766E-1 2.08779E-1 3.2094E-2 3.27911E-2 4.34432E-2 4.03011E-2 4.35644E-2 -9999 2.62249E-2 -9999 -9999 -9999 -9999 -9999 -9999 -9999 -9999 -9999 -9999 -9999 -9999 -9999 -9999 -9999 -9999 -9999 -9999 -9999 -9999 -9999 -9999 -9999 -9999 -9999 -9999 -9999 -9999 -9999 -9999 -9999 -9999 -9999 -9999 -9999 -9999 -9999 -9999 -9999 -9999 -9999
