KUENM_DEFAULT/Final_Models/M_1_F_lqpth_Set_1_NE/sp1_2.asc
ncols         197
nrows         210
xllcorner     56.1666666666667
yllcorner     4.5
cellsize      0.166666666666667
NODATA_value  -9999
[rows 56 to 83 of 210, columns 0 to 64 of 197]
-9999 -9999 -9999 -9999 -9999 -9999 -9999 -9999 -9999 -9999 -9999 6.07726E-3 5.97522E-3 5.66127E-3 5.1155E-3 5.20031E-3 4.98517E-3 4.90364E-3 2.30689E-3 2.30601E-3 2.29808E-3 1.83699E-3 1.47115E-3 1.06588E-3 1.2235E-3 1.42209E-3 1.14994E-3 1.70771E-3 2.05927E-3 2.75232E-3 2.68645E-3 2.79006E-3 2.70689E-3 2.61048E-3 2.37646E-3 2.40907E-3 2.42472E-3 2.49314E-3 2.55953E-3 2.71923E-3 2.72254E-3 2.92582E-3 2.99301E-3 2.23553E-3 2.56237E-3 2.27739E-3 2.70602E-3 3.21166E-3 3.04039E-3 3.79793E-3 4.49064E-3 4.68711E-3 5.90869E-3 6.01361E-3 8.2375E-3 8.71941E-3 9.61188E-3 1.13297E-2 1.26621E-2 1.26153E-2 9.34936E-3 8.58905E-3 7.45624E-3 7.80949E-3 5.80955E-3
-9999 -9999 -9999 -9999 -9999 -9999 -9999 -9999 -9999 -9999 2.35676E-3 4.69482E-3 5.87085E-3 5.11829E-3 5.1305E-3 4.87423E-3 5.19113E-3 4.7531E-3 4.19911E-3 2.76108E-3 2.23269E-3 2.23821E-3 1.58958E-3 1.30525E-3 1.30845E-3 1.55486E-3 1.28435E-3 1.28778E-3 1.99564E-3 2.4714E-3 3.02286E-3 2.84368E-3 2.82722E-3 2.79591E-3 2.66936E-3 2.7447E-3 2.70023E-3 3.8346E-3 2.73758E-3 2.61048E-3 2.44753E-3 2.61615E-3 2.1404E-3 2.30535E-3 2.06771E-3 2.18935E-3 2.55841E-3 2.4035E-3 2.76436E-3 3.45307E-3 4.49064E-3 4.34354E-3 5.53396E-3 5.90779E-3 7.26876E-3 8.17301E-3 9.49723E-3 1.11954E-2 1.06071E-2 1.01306E-2 7.45313E-3 9.48263E-3 8.71648E-3 6.59263E-3 5.66279E-3
-9999 -9999 -9999 -9999 -9999 -9999 -9999 -9999 -9999 2.10339E-3 1.83875E-3 3.06142E-3 5.40463E-3 5.05709E-3 5.20868E-3 5.18038E-3 5.08842E-3 4.99986E-3 4.40971E-3 4.44237E-3 2.27367E-3 1.93023E-3 1.35096E-3 1.35494E-3 1.24161E-3 1.44151E-3 1.44607E-3 1.24811E-3 1.74037E-3 2.10871E-3 2.50198E-3 3.27043E-3 3.00646E-3 3.04735E-3 2.71694E-3 4.21232E-3 4.23343E-3 2.68552E-3 2.58043E-3 2.36805E-3 2.49393E-3 1.95949E-3 2.06002E-3 1.7891E-3 1.96883E-3 1.78536E-3 2.0997E-3 2.37284E-3 2.88708E-3 2.94263E-3 3.33222E-3 4.16978E-3 5.00002E-3 6.38193E-3 6.49997E-3 8.15582E-3 1.00735E-2 1.03461E-2 1.10508E-2 9.65245E-3 7.2896E-3 8.25662E-3 5.39738E-3 5.43068E-3 4.45093E-3
-9999 -9999 -9999 -9999 -9999 -9999 -9999 -9999 2.37456E-3 2.1894E-3 1.72741E-3 2.11322E-3 2.58223E-3 5.30818E-3 5.00604E-3 4.91458E-3 4.96059E-3 4.86581E-3 5.04848E-3 4.38909E-3 4.62422E-3 2.51811E-3 1.47343E-3 1.1114E-3 1.2858E-3 1.32522E-3 1.26184E-3 1.31193E-3 1.64828E-3 1.5077E-3 1.7545E-3 2.54935E-3 3.31287E-3 3.25791E-3 3.08045E-3 2.90414E-3 2.52534E-3 2.53523E-3 2.3424E-3 2.40911E-3 2.34965E-3 1.84458E-3 1.60158E-3 1.52297E-3 1.57816E-3 1.72143E-3 1.7483E-3 1.9978E-3 2.27502E-3 2.42258E-3 2.82508E-3 3.88388E-3 5.31134E-3 5.54272E-3 6.95691E-3 7.60989E-3 8.70776E-3 1.03804E-2 9.78402E-3 1.07416E-2 7.01925E-3 6.57339E-3 4.5802E-3 3.87479E-3 3.16111E-3
-9999 -9999 -9999 -9999 -9999 -9999 -9999 2.49095E-3 2.27379E-3 2.30661E-3 1.8324E-3 1.66931E-3 1.83922E-3 2.45399E-3 3.11402E-3 4.62774E-3 4.90694E-3 5.00138E-3 5.4784E-3 5.44473E-3 4.98477E-3 4.45304E-3 1.9381E-3 1.43797E-3 1.38354E-3 1.39863E-3 1.16201E-3 1.40059E-3 1.58413E-3 1.61427E-3 1.51356E-3 1.74586E-3 2.79189E-3 3.34512E-3 3.06685E-3 2.74849E-3 2.55196E-3 2.56269E-3 2.17846E-3 2.18759E-3 2.22847E-3 1.79448E-3 1.59348E-3 1.37614E-3 1.59542E-3 1.51372E-3 1.66051E-3 1.88483E-3 2.01778E-3 2.61088E-3 2.95768E-3 4.26977E-3 4.93142E-3 5.06198E-3 6.22772E-3 7.64202E-3 7.50652E-3 8.595E-3 9.90792E-3 7.9532E-3 6.09695E-3 4.19173E-3 3.6929E-3 2.66102E-3 2.08606E-3
-9999 -9999 -9999 -9999 -9999 -9999 2.91448E-3 2.47132E-3 2.45912E-3 2.22613E-3 1.87576E-3 1.72878E-3 1.75251E-3 2.55029E-3 1.74852E-3 3.20531E-3 4.981E-3 5.36172E-3 5.50782E-3 6.10939E-3 5.24139E-3 4.47781E-3 2.58594E-3 1.81144E-3 1.54308E-3 1.55996E-3 1.2879E-3 1.2694E-3 1.21655E-3 1.68457E-3 2.04769E-3 1.51984E-3 2.12996E-3 2.55965E-3 2.44884E-3 2.0961E-3 2.6162E-3 1.87752E-3 1.69932E-3 1.32418E-3 1.75841E-3 2.28892E-3 1.91982E-3 1.77457E-3 1.90475E-3 1.79996E-3 1.70799E-3 1.80661E-3 2.54748E-3 2.8404E-3 3.17818E-3 3.82418E-3 4.62647E-3 4.67498E-3 5.61598E-3 6.7425E-3 7.71762E-3 7.39459E-3 7.67589E-3 6.66682E-3 5.20061E-3 3.17038E-3 2.6442E-3 1.5945E-3 1.70998E-3
-9999 -9999 -9999 -9999 -9999 -9999 2.87157E-3 3.0367E-3 2.91612E-3 2.36153E-3 2.36413E-3 2.01326E-3 1.99707E-3 1.6788E-3 1.75073E-3 1.93679E-3 5.23905E-3 5.5907E-3 6.03723E-3 6.74122E-3 4.83685E-3 5.2094E-3 2.7831E-3 1.58873E-3 1.94013E-3 1.71976E-3 1.6546E-3 1.33457E-3 1.21464E-3 1.50458E-3 2.27403E-3 2.6265E-3 2.48295E-3 2.70794E-3 2.44401E-3 2.34153E-3 2.07071E-3 1.85455E-3 1.77617E-3 1.49802E-3 1.6815E-3 2.40935E-3 2.61434E-3 2.14378E-3 2.38224E-3 2.02009E-3 2.34755E-3 2.56848E-3 2.32847E-3 2.6828E-3 3.0763E-3 3.60416E-3 4.426E-3 4.99687E-3 4.90042E-3 5.8772E-3 5.76406E-3 5.99786E-3 6.95802E-3 5.57244E-3 3.15551E-3 2.59444E-3 1.88328E-3 1.26788E-3 1.53613E-3
-9999 -9999 -9999 -9999 -9999 2.719E-3 2.48657E-3 2.42251E-3 2.93545E-3 2.49744E-3 2.37764E-3 2.3367E-3 2.08374E-3 1.50857E-3 2.02244E-3 1.92847E-3 3.27381E-3 3.40289E-3 6.71144E-3 5.79176E-3 5.48289E-3 5.68826E-3 6.0441E-3 2.17659E-3 1.77508E-3 1.90279E-3 1.76815E-3 1.34134E-3 1.28557E-3 1.59581E-3 2.39072E-3 3.02587E-3 3.51205E-3 3.10941E-3 2.82291E-3 3.3422E-3 3.07658E-3 2.58919E-3 2.28677E-3 2.17283E-3 2.38498E-3 2.4545E-3 2.60307E-3 2.77305E-3 2.35938E-3 2.64257E-3 2.4222E-3 2.54899E-3 2.90063E-3 2.7264E-3 3.11E-3 3.34334E-3 4.07571E-3 4.05438E-3 4.1693E-3 4.87295E-3 5.36017E-3 5.71329E-3 5.7304E-3 3.7861E-3 2.8628E-3 2.38889E-3 1.70438E-3 1.23821E-3 1.89019E-3
-9999 -9999 -9999 -9999 3.64213E-3 3.64617E-3 3.93748E-3 2.90601E-3 2.32821E-3 2.4549E-3 3.10089E-3 2.67712E-3 2.40444E-3 2.3593E-3 1.77814E-3 2.31224E-3 3.61151E-3 3.97902E-3 5.84739E-3 6.63898E-3 6.00318E-3 6.7612E-3 3.7576E-3 2.40423E-3 1.98024E-3 2.08285E-3 1.67824E-3 1.2818E-3 1.36936E-3 1.39548E-3 1.65506E-3 1.99652E-3 2.89211E-3 3.54675E-3 3.15428E-3 5.70252E-3 5.09497E-3 4.65576E-3 5.52807E-3 5.19345E-3 5.32972E-3 5.45934E-3 4.40305E-3 3.15528E-3 3.24653E-3 2.82975E-3 3.09792E-3 2.69829E-3 2.79009E-3 2.73261E-3 3.06412E-3 2.83051E-3 2.83195E-3 3.26444E-3 3.7714E-3 4.69479E-3 7.20837E-3 6.83074E-3 4.68723E-3 3.29503E-3 3.05427E-3 2.45537E-3 1.88138E-3 1.69237E-3 1.82408E-3
-9999 -9999 -9999 -9999 3.83961E-3 3.56279E-3 4.20618E-3 3.18636E-3 2.81194E-3 5.18461E-3 2.4078E-3 3.25056E-3 2.75656E-3 2.88393E-3 1.70461E-3 2.09552E-3 2.81317E-3 4.41878E-3 6.8538E-3 7.54728E-3 7.88771E-3 5.93023E-3 4.28708E-3 3.42634E-3 2.18193E-3 2.36339E-3 2.2119E-3 1.72767E-3 1.73672E-3 1.2537E-3 1.55184E-3 2.09206E-3 2.59803E-3 4.33671E-3 5.67969E-3 5.11315E-3 5.89709E-3 5.1787E-3 4.86431E-3 6.29657E-3 5.94588E-3 4.44944E-3 4.76208E-3 5.00926E-3 5.21411E-3 4.26473E-3 3.22067E-3 2.55501E-3 2.09603E-3 2.31374E-3 2.5241E-3 2.91862E-3 3.18881E-3 4.17361E-3 7.60918E-3 8.67875E-3 9.61852E-3 3.95063E-3 4.20444E-3 3.55462E-3 3.28918E-3 2.3716E-3 2.03781E-3 2.53498E-3 2.62704E-3
-9999 -9999 -9999 3.03933E-3 5.22449E-3 4.70596E-3 2.72235E-3 2.73282E-3 3.16667E-3 5.02775E-3 3.42842E-3 2.57986E-3 1.90744E-3 3.23888E-3 2.50718E-3 2.1629E-3 2.76529E-3 2.91331E-3 4.17565E-3 4.49272E-3 4.98458E-3 3.82843E-3 3.73322E-3 4.01526E-3 3.15067E-3 2.63599E-3 2.63916E-3 2.40598E-3 2.14203E-3 2.08891E-3 2.02429E-3 2.43323E-3 1.80909E-3 2.62986E-3 4.42054E-3 5.86383E-3 5.60576E-3 6.17701E-3 5.64318E-3 5.27139E-3 5.40819E-3 5.40302E-3 5.42252E-3 5.4497E-3 5.87682E-3 4.64296E-3 3.23837E-3 2.68739E-3 2.95374E-3 3.22279E-3 3.47235E-3 4.11417E-3 5.84859E-3 7.95172E-3 8.97401E-3 6.18797E-3 4.15286E-3 5.29205E-3 3.68018E-3 4.04107E-3 3.64138E-3 2.8866E-3 3.44776E-3 3.79256E-3 3.83552E-3
-9999 -9999 -9999 3.72751E-3 5.24806E-3 3.28476E-3 3.52758E-3 4.15988E-3 3.7874E-3 6.10389E-3 5.37229E-3 3.06703E-3 2.91652E-3 2.29336E-3 2.37247E-3 2.4041E-3 2.30167E-3 2.66215E-3 3.56622E-3 3.89451E-3 4.70999E-3 4.23567E-3 3.42441E-3 3.76202E-3 3.96373E-3 2.93473E-3 2.79399E-3 2.72423E-3 2.65208E-3 2.5428E-3 2.51386E-3 2.82082E-3 2.13927E-3 1.96176E-3 2.77958E-3 3.2895E-3 5.83638E-3 5.98504E-3 6.85523E-3 6.50356E-3 6.33129E-3 6.49848E-3 6.32907E-3 6.22031E-3 4.83026E-3 5.11632E-3 5.38024E-3 5.57277E-3 3.4077E-3 5.15196E-3 5.49776E-3 4.9623E-3 5.28812E-3 8.14545E-3 8.98518E-3 4.04736E-3 5.76348E-3 4.75006E-3 3.90636E-3 4.13738E-3 3.81867E-3 2.93084E-3 3.99312E-3 3.66651E-3 5.23909E-3
-9999 -9999 -9999 4.9888E-3 3.47602E-3 4.1081E-3 4.92762E-3 4.34918E-3 3.71995E-3 3.94473E-3 6.43151E-3 5.85068E-3 5.31063E-3 5.01816E-3 4.74933E-3 3.18401E-3 2.43593E-3 2.75969E-3 4.05582E-3 3.36744E-3 4.51755E-3 4.08543E-3 2.62651E-3 3.31208E-3 3.84501E-3 3.35021E-3 2.6815E-3 3.10385E-3 3.16647E-3 2.9841E-3 2.90899E-3 2.8289E-3 2.07209E-3 1.98361E-3 2.41185E-3 2.40041E-3 3.55111E-3 6.47061E-3 6.19117E-3 7.66792E-3 7.34525E-3 6.6852E-3 5.3545E-3 5.12816E-3 5.35272E-3 5.58378E-3 5.67846E-3 7.4303E-3 6.69587E-3 6.85913E-3 7.40745E-3 4.94116E-3 5.4859E-3 5.28092E-3 3.63586E-3 3.71103E-3 4.47964E-3 4.24813E-3 4.01484E-3 2.97628E-3 3.17077E-3 3.81886E-3 5.22838E-3 6.72338E-3 7.51453E-3
-9999 -9999 4.47877E-3 5.27502E-3 5.38541E-3 5.38089E-3 8.5008E-3 4.94183E-3 4.42509E-3 7.03423E-3 7.62764E-3 6.92776E-3 6.8701E-3 6.22025E-3 5.97331E-3 5.96244E-3 5.87094E-3 3.43667E-3 4.13436E-3 3.71391E-3 5.2502E-3 4.23034E-3 3.90463E-3 3.55553E-3 5.62678E-3 3.80907E-3 4.01092E-3 3.84336E-3 3.59414E-3 3.50091E-3 2.74339E-3 3.01713E-3 2.93341E-3 2.81036E-3 2.69089E-3 2.36159E-3 3.26302E-3 3.09234E-3 6.00087E-3 6.72535E-3 6.91269E-3 6.04933E-3 7.94586E-3 7.68708E-3 7.59599E-3 7.55003E-3 7.40437E-3 4.72453E-3 7.34182E-3 7.18719E-3 4.84888E-3 5.20534E-3 7.8331E-3 3.5604E-3 3.26496E-3 4.3627E-3 3.81475E-3 4.38557E-3 4.01401E-3 2.95981E-3 3.36016E-3 4.17774E-3 5.9371E-3 4.69659E-3 9.38579E-3
-9999 -9999 6.68319E-3 6.08388E-3 6.39742E-3 1.02451E-2 1.02452E-2 8.77351E-3 4.69992E-3 4.78318E-3 7.96551E-3 8.39332E-3 8.04824E-3 7.58357E-3 7.19323E-3 8.94959E-3 8.85799E-3 9.05897E-3 7.78649E-3 8.02449E-3 6.36277E-3 6.93823E-3 6.40313E-3 1.07665E-2 1.12618E-2 5.74476E-3 5.04384E-3 4.80864E-3 4.47138E-3 3.567E-3 3.2617E-3 3.53836E-3 4.16164E-3 4.1093E-3 3.66847E-3 2.32587E-3 3.14413E-3 3.58147E-3 4.45788E-3 7.78039E-3 7.24587E-3 5.20713E-3 5.26934E-3 8.05079E-3 7.70632E-3 4.84283E-3 4.7912E-3 7.1137E-3 7.50743E-3 7.57525E-3 5.12218E-3 4.92043E-3 3.23997E-3 3.25161E-3 4.0097E-3 3.44319E-3 3.72001E-3 4.36441E-3 4.36617E-3 3.68521E-3 4.71645E-3 4.6173E-3 6.51909E-3 1.02211E-2 1.01136E-2
-9999 -9999 1.37019E-2 7.76232E-3 1.33868E-2 1.082E-2 1.0482E-2 1.04671E-2 8.67041E-3 5.07659E-3 9.05377E-3 8.50043E-3 9.26137E-3 9.41584E-3 8.6752E-3 8.8027E-3 8.73054E-3 8.71052E-3 8.84203E-3 1.00232E-2 1.04488E-2 1.55779E-2 1.44354E-2 1.39071E-2 1.43046E-2 1.19788E-2 7.71179E-3 6.72306E-3 5.8703E-3 4.28799E-3 4.08555E-3 3.9326E-3 5.19532E-3 4.857E-3 3.81804E-3 4.10925E-3 3.16068E-3 3.59066E-3 4.17571E-3 4.8666E-3 7.10384E-3 4.87574E-3 7.18145E-3 7.47904E-3 5.0622E-3 7.41206E-3 7.47726E-3 7.31995E-3 3.038E-3 4.29148E-3 2.87269E-3 4.19698E-3 3.85584E-3 3.31196E-3 3.52768E-3 3.5609E-3 3.83943E-3 4.54131E-3 4.92004E-3 5.12679E-3 4.31668E-3 5.53055E-3 5.21264E-3 7.40195E-3 6.98174E-3
-9999 1.97352E-2 2.09966E-2 1.91768E-2 1.6985E-2 1.4993E-2 1.33588E-2 1.10911E-2 1.18381E-2 9.82036E-3 9.52978E-3 9.56023E-3 9.06713E-3 8.67937E-3 1.02133E-2 9.98735E-3 9.73547E-3 9.85129E-3 1.09329E-2 1.13816E-2 1.24767E-2 1.33008E-2 1.7443E-2 1.99061E-2 1.73158E-2 1.85094E-2 1.33944E-2 1.48593E-2 1.30752E-2 5.94859E-3 4.61036E-3 3.94434E-3 5.18833E-3 5.90332E-3 5.22849E-3 4.02485E-3 4.55308E-3 3.93532E-3 3.66093E-3 4.33825E-3 4.34931E-3 2.96894E-3 2.84717E-3 3.12488E-3 4.64069E-3 3.08653E-3 4.18086E-3 4.14964E-3 2.69572E-3 3.90186E-3 3.50515E-3 3.21244E-3 2.28565E-3 3.55267E-3 3.39504E-3 3.75703E-3 4.13896E-3 4.73419E-3 5.00114E-3 3.64087E-3 4.08791E-3 5.81101E-3 5.37411E-3 6.43679E-3 7.79829E-3
-9999 2.2099E-2 2.26669E-2 2.11457E-2 1.88049E-2 1.74725E-2 1.49813E-2 1.29522E-2 1.10332E-2 9.90864E-3 5.71621E-3 9.61816E-3 9.00648E-3 1.01511E-2 9.88348E-3 9.62194E-3 1.11534E-2 1.15394E-2 1.19703E-2 1.27414E-2 1.13073E-2 1.26302E-2 1.35043E-2 2.15181E-2 2.19804E-2 2.26792E-2 2.15034E-2 2.19197E-2 1.77685E-2 6.91334E-3 5.74434E-3 5.43117E-3 4.55131E-3 5.35667E-3 5.76454E-3 5.30219E-3 4.70687E-3 5.19301E-3 3.06147E-3 2.60173E-3 2.36809E-3 2.49699E-3 2.66103E-3 3.00296E-3 3.23359E-3 4.27382E-3 2.98003E-3 2.7009E-3 2.61952E-3 2.36995E-3 2.59531E-3 3.96791E-3 2.71797E-3 3.89269E-3 4.46588E-3 2.84486E-3 4.12574E-3 4.76121E-3 3.80934E-3 4.34558E-3 5.88209E-3 5.83326E-3 5.58836E-3 5.17274E-3 7.67916E-3
-9999 2.49813E-2 2.30057E-2 2.24682E-2 2.12346E-2 1.82712E-2 1.69081E-2 1.48586E-2 1.10056E-2 5.00906E-3 5.24515E-3 5.38018E-3 8.47653E-3 9.37706E-3 9.59475E-3 1.02514E-2 1.07077E-2 1.08219E-2 1.0857E-2 1.16253E-2 1.27152E-2 1.35604E-2 1.45998E-2 1.38175E-2 2.13159E-2 2.09162E-2 2.37055E-2 2.18967E-2 1.42451E-2 7.05241E-3 6.15377E-3 5.9088E-3 5.8385E-3 5.60621E-3 5.95015E-3 6.06993E-3 5.88148E-3 3.84265E-3 5.53904E-3 5.44035E-3 3.75726E-3 3.86776E-3 3.77562E-3 3.90947E-3 3.63083E-3 3.26014E-3 2.86208E-3 2.70488E-3 3.94186E-3 2.70407E-3 2.7349E-3 2.65762E-3 2.89694E-3 5.02202E-3 3.49944E-3 3.37455E-3 5.69719E-3 4.40292E-3 5.13464E-3 5.74432E-3 5.81542E-3 6.69295E-3 4.76826E-3 5.77261E-3 7.64849E-3
-9999 2.4111E-2 -9999 -9999 2.22923E-2 2.04186E-2 1.74487E-2 1.55304E-2 7.29827E-3 6.4387E-3 5.42749E-3 6.15605E-3 5.78882E-3 5.16604E-3 5.70371E-3 8.66838E-3 9.51148E-3 9.89426E-3 1.00924E-2 1.05756E-2 1.12003E-2 1.15257E-2 1.28209E-2 1.3074E-2 2.10684E-2 1.77136E-2 1.40028E-2 8.48597E-3 8.06294E-3 5.98622E-3 6.05466E-3 5.48206E-3 5.25258E-3 5.21084E-3 5.78339E-3 5.76926E-3 5.92352E-3 4.20725E-3 3.96101E-3 3.576E-3 3.76969E-3 3.77303E-3 4.04308E-3 3.85728E-3 3.74923E-3 3.47306E-3 3.26E-3 3.16574E-3 2.73655E-3 2.93022E-3 4.08599E-3 4.61368E-3 3.26587E-3 3.39317E-3 3.81214E-3 4.42962E-3 5.30582E-3 7.45323E-3 4.71694E-3 4.88415E-3 6.14881E-3 5.19997E-3 5.81877E-3 6.28644E-3 1.03655E-2
-9999 2.36089E-2 -9999 -9999 -9999 2.1865E-2 1.72625E-2 1.46722E-2 6.82336E-3 5.94254E-3 6.53764E-3 6.47468E-3 5.88808E-3 6.08469E-3 5.8389E-3 5.30072E-3 5.52312E-3 9.15178E-3 6.32203E-3 5.46649E-3 5.92475E-3 6.66117E-3 7.06202E-3 7.05761E-3 6.19461E-3 7.13024E-3 5.41043E-3 5.06377E-3 7.54142E-3 9.51653E-3 9.74347E-3 9.568E-3 8.41219E-3 7.04278E-3 7.58369E-3 8.83989E-3 7.36895E-3 4.25851E-3 4.2814E-3 4.41986E-3 4.247E-3 3.91079E-3 4.15739E-3 3.89397E-3 4.28961E-3 4.00668E-3 3.67545E-3 3.30982E-3 3.25207E-3 3.03628E-3 3.04796E-3 4.65415E-3 3.63733E-3 5.52847E-3 3.72694E-3 4.88025E-3 7.6895E-3 9.5136E-3 6.53359E-3 8.79458E-3 7.23069E-3 1.15792E-2 5.74551E-3 1.01792E-2 1.36796E-2
-9999 -9999 -9999 -9999 -9999 2.10438E-2 1.77266E-2 1.49891E-2 7.88105E-3 6.66078E-3 7.48689E-3 6.96168E-3 7.42786E-3 5.37406E-3 6.94883E-3 5.82484E-3 5.74137E-3 5.67197E-3 4.96361E-3 5.49435E-3 5.9366E-3 5.86916E-3 6.14355E-3 6.14913E-3 5.64797E-3 5.54006E-3 7.05269E-3 8.16565E-3 6.56714E-3 5.8271E-3 7.50436E-3 8.72121E-3 8.33411E-3 9.41188E-3 1.05629E-2 1.01436E-2 1.71734E-2 1.0942E-2 9.87068E-3 5.62416E-3 5.06143E-3 4.65155E-3 4.60897E-3 4.51226E-3 4.20769E-3 4.11423E-3 3.90833E-3 3.52389E-3 4.96259E-3 3.46063E-3 3.51346E-3 3.69543E-3 5.78087E-3 4.5423E-3 8.26333E-3 9.69736E-3 9.73037E-3 1.79727E-2 1.1795E-2 1.24476E-2 2.42162E-2 3.46944E-2 1.37677E-2 1.42471E-2 1.89875E-2
-9999 3.82181E-2 3.42247E-2 -9999 -9999 2.05735E-2 1.87232E-2 1.56097E-2 7.08252E-3 8.37437E-3 6.50595E-3 6.10743E-3 6.91361E-3 5.75957E-3 1.02611E-2 9.85276E-3 9.95084E-3 1.01659E-2 1.01178E-2 1.00506E-2 1.05889E-2 6.32562E-3 6.1399E-3 6.43134E-3 6.10339E-3 7.84389E-3 7.62953E-3 8.7015E-3 7.87905E-3 8.05614E-3 1.44313E-2 9.14038E-3 1.41374E-2 1.51468E-2 2.06953E-2 2.11489E-2 2.46153E-2 7.11842E-3 6.39304E-3 1.04908E-2 1.04425E-2 9.88975E-3 9.01015E-3 8.40329E-3 5.38846E-3 4.8248E-3 4.54053E-3 4.59323E-3 4.38758E-3 6.07376E-3 5.45025E-3 3.82033E-3 7.63994E-3 1.3129E-2 1.49654E-2 1.71373E-2 1.90987E-2 2.49253E-2 2.44773E-2 1.59541E-2 4.51642E-2 4.76661E-2 1.83246E-2 1.57382E-2 4.06287E-2
3.61911E-2 3.41684E-2 3.54546E-2 -9999 -9999 2.03636E-2 1.85336E-2 1.55689E-2 7.51173E-3 1.20165E-2 9.9831E-3 1.00522E-2 5.91324E-3 1.05415E-2 1.01812E-2 9.99505E-3 1.10102E-2 1.17558E-2 1.20721E-2 1.22E-2 1.26664E-2 1.2573E-2 1.10887E-2 1.11698E-2 1.14761E-2 1.10223E-2 1.1562E-2 1.21864E-2 1.39135E-2 1.48834E-2 1.54715E-2 1.91511E-2 1.77995E-2 1.87083E-2 2.23765E-2 2.04851E-2 2.99297E-2 1.81112E-2 1.28219E-2 1.35972E-2 1.30026E-2 1.32734E-2 1.10475E-2 1.0436E-2 9.17868E-3 8.06052E-3 5.15744E-3 4.89495E-3 6.719E-3 4.21455E-3 7.16481E-3 7.76245E-3 8.35898E-3 8.5903E-3 1.74465E-2 1.97327E-2 2.21631E-2 3.03012E-2 2.97486E-2 3.30151E-2 7.20449E-2 7.11123E-2 4.65407E-2 1.96635E-2 2.76886E-2
2.22718E-2 2.81911E-2 -9999 -9999 -9999 -9999 1.84652E-2 1.60533E-2 1.26168E-2 1.27559E-2 1.21356E-2 1.01378E-2 7.81817E-3 9.56572E-3 1.05882E-2 1.00058E-2 1.18856E-2 1.12526E-2 1.16263E-2 1.17501E-2 1.17888E-2 1.2365E-2 1.26939E-2 1.28605E-2 1.28141E-2 1.34482E-2 1.20874E-2 1.42819E-2 1.52314E-2 1.60713E-2 1.65024E-2 1.8072E-2 2.02336E-2 2.04546E-2 2.64445E-2 2.40162E-2 2.24785E-2 2.06408E-2 2.0835E-2 1.6704E-2 1.64874E-2 1.59381E-2 1.25778E-2 1.16833E-2 9.72765E-3 8.8695E-3 7.59695E-3 8.74221E-3 8.53112E-3 1.16238E-2 7.97237E-3 8.35134E-3 8.93387E-3 1.57042E-2 1.90359E-2 2.30361E-2 1.34364E-2 2.62706E-2 3.59914E-2 3.82757E-2 6.33368E-2 8.1517E-2 6.72418E-2 4.69773E-2 5.3563E-2
1.2937E-2 2.07574E-2 -9999 -9999 -9999 -9999 1.62665E-2 1.46934E-2 1.33224E-2 1.23061E-2 1.17057E-2 1.24795E-2 1.24053E-2 1.21865E-2 1.16307E-2 1.13592E-2 1.14597E-2 1.11977E-2 1.1199E-2 1.27556E-2 1.36281E-2 1.15945E-2 1.18682E-2 1.13568E-2 1.16844E-2 1.26296E-2 1.34803E-2 1.32212E-2 1.39459E-2 1.39575E-2 1.43368E-2 1.98718E-2 1.86481E-2 2.03757E-2 1.94665E-2 2.31822E-2 2.06639E-2 2.07733E-2 1.41119E-2 1.92266E-2 1.73706E-2 1.7007E-2 1.37373E-2 1.74823E-2 1.59115E-2 9.43715E-3 9.25114E-3 7.83392E-3 8.1148E-3 9.62963E-3 9.6938E-3 1.63256E-2 1.84186E-2 1.96304E-2 2.22127E-2 2.06918E-2 2.57707E-2 3.11575E-2 3.36369E-2 3.79658E-2 6.26393E-2 7.56387E-2 7.44107E-2 6.24899E-2 5.27269E-2
-9999 2.62005E-2 -9999 -9999 -9999 -9999 1.47799E-2 1.42941E-2 1.42758E-2 1.31781E-2 1.1361E-2 1.18533E-2 1.19663E-2 1.19229E-2 1.12553E-2 1.1439E-2 1.14188E-2 1.31006E-2 1.31643E-2 1.29054E-2 1.09616E-2 1.07236E-2 1.09234E-2 1.11695E-2 1.11639E-2 1.11889E-2 1.11205E-2 1.18203E-2 1.24655E-2 1.44254E-2 1.33888E-2 1.34805E-2 1.80656E-2 1.67531E-2 1.77855E-2 1.8287E-2 1.74865E-2 1.84194E-2 1.9635E-2 1.82418E-2 1.76235E-2 2.45239E-2 2.09147E-2 1.30186E-2 1.17669E-2 1.08768E-2 1.01504E-2 6.63718E-3 1.05708E-2 1.08517E-2 1.07851E-2 1.20781E-2 1.31477E-2 2.2094E-2 2.47445E-2 2.86395E-2 3.01259E-2 2.84747E-2 3.55621E-2 4.20685E-2 5.2053E-2 6.45933E-2 7.05651E-2 6.64194E-2 6.10449E-2
-9999 2.02901E-2 -9999 -9999 -9999 -9999 -9999 -9999 -9999 1.27873E-2 -9999 1.15033E-2 1.19199E-2 1.26934E-2 1.30773E-2 1.33577E-2 1.28409E-2 1.24159E-2 1.2852E-2 1.26395E-2 1.23203E-2 1.08369E-2 1.22592E-2 1.2379E-2 1.17969E-2 1.05215E-2 1.03216E-2 1.0612E-2 1.11084E-2 1.27007E-2 1.28641E-2 1.11458E-2 1.17849E-2 1.15384E-2 1.67445E-2 1.59667E-2 1.42456E-2 1.33176E-2 1.52786E-2 1.55479E-2 1.41575E-2 1.33845E-2 1.30341E-2 1.32644E-2 1.12659E-2 1.02323E-2 1.02087E-2 1.06816E-2 1.10362E-2 1.17592E-2 1.04613E-2 1.11788E-2 1.24218E-2 1.51155E-2 1.53831E-2 1.97777E-2 2.21746E-2 3.47653E-2 3.92801E-2 4.85489E-2 5.70663E-2 5.65797E-2 5.56379E-2 5.65295E-2 6.55877E-2
