KUENM_DEFAULT/Final_Models/M_1_F_lqpth_Set_1_NE/sp1_median.asc
ncols         197
nrows         210
xllcorner     56.1666666666667
yllcorner     4.5
cellsize      0.166666666666667
NODATA_value  -9999
[rows 84 to 111 of 210, columns 65 to 129 of 197]
7.84847E-2 8.67856E-2 9.57607E-2 9.86646E-2 1.05283E-1 9.99021E-2 1.10893E-1 1.1352E-1 1.20061E-1 1.28937E-1 1.36784E-1 1.51986E-1 1.35657E-1 1.55695E-1 1.47927E-1 1.2251E-1 1.2022E-1 1.3422E-1 1.56092E-1 1.75706E-1 1.94927E-1 2.13365E-1 2.19806E-1 2.18848E-1 1.67332E-1 3.06264E-1 3.90207E-1 4.12515E-1 4.03607E-1 3.32955E-1 3.22285E-1 4.71491E-1 4.88056E-1 4.99296E-1 6.13037E-1 6.90463E-1 7.21976E-1 7.29042E-1 7.30724E-1 7.49059E-1 6.74602E-1 5.20446E-1 4.91203E-1 6.47621E-1 6.90758E-1 7.77501E-1 6.24099E-1 5.98213E-1 6.0075E-1 5.05201E-1 5.42984E-1 5.77528E-1 5.93884E-1 5.9057E-1 5.71239E-1 6.12929E-1 6.00183E-1 4.87684E-1 4.85907E-1 4.71596E-1 4.8768E-1 4.95589E-1 5.03897E-1 4.23969E-1 4.13417E-1
8.35439E-2 9.52988E-2 9.86009E-2 1.06154E-1 1.11317E-1 1.15589E-1 1.02281E-1 1.1391E-1 1.27256E-1 1.41187E-1 1.88542E-1 1.61032E-1 1.77716E-1 1.39899E-1 1.65815E-1 1.46998E-1 1.41774E-1 1.59143E-1 2.00218E-1 2.55637E-1 2.54289E-1 3.16468E-1 3.17058E-1 3.00599E-1 2.22699E-1 2.67356E-1 4.46833E-1 4.74514E-1 3.65031E-1 3.91419E-1 4.14365E-1 4.39683E-1 5.13172E-1 5.14351E-1 6.77185E-1 7.16687E-1 7.40945E-1 6.39239E-1 7.97024E-1 6.56036E-1 5.87609E-1 7.32749E-1 6.9149E-1 6.05399E-1 5.50551E-1 6.24935E-1 5.89869E-1 5.91054E-1 5.70168E-1 5.1625E-1 4.91021E-1 5.71539E-1 5.97815E-1 5.79783E-1 5.70783E-1 5.68043E-1 5.47979E-1 5.26287E-1 4.34985E-1 5.02968E-1 4.7998E-1 4.91921E-1 4.86351E-1 4.5271E-1 3.98881E-1
8.37781E-2 9.13557E-2 9.45222E-2 1.12593E-1 1.20986E-1 1.19338E-1 1.20511E-1 1.26518E-1 1.45848E-1 1.60632E-1 1.80656E-1 1.87632E-1 2.04403E-1 1.90747E-1 1.78841E-1 1.69497E-1 1.90342E-1 2.0746E-1 2.64992E-1 3.35083E-1 3.29039E-1 4.16104E-1 4.44841E-1 4.51628E-1 3.67416E-1 4.03858E-1 4.01579E-1 4.15454E-1 4.39414E-1 5.01622E-1 5.33242E-1 4.68351E-1 5.04399E-1 5.55329E-1 6.86068E-1 7.44098E-1 7.88283E-1 7.08687E-1 5.37652E-1 3.45679E-1 6.57962E-1 7.56802E-1 7.44604E-1 5.05143E-1 4.93693E-1 5.0048E-1 5.81767E-1 5.54675E-1 4.30651E-1 4.57153E-1 4.37705E-1 4.31573E-1 4.95102E-1 5.71375E-1 5.69712E-1 5.53898E-1 4.79485E-1 5.03301E-1 4.67494E-1 4.70181E-1 4.6279E-1 4.94924E-1 4.75192E-1 3.87717E-1 3.55765E-1
6.05559E-2 7.05633E-2 9.73237E-2 1.04654E-1 1.23912E-1 1.18588E-1 1.39685E-1 1.42985E-1 1.59837E-1 1.75533E-1 1.9547E-1 1.99385E-1 2.09938E-1 2.11454E-1 1.97895E-1 1.94935E-1 2.25046E-1 2.66246E-1 3.24218E-1 3.83152E-1 4.00669E-1 5.08642E-1 5.54609E-1 5.69637E-1 4.39898E-1 4.60083E-1 4.67808E-1 5.21187E-1 5.42128E-1 5.71285E-1 5.62037E-1 4.65763E-1 5.0474E-1 5.87874E-1 7.52654E-1 5.86842E-1 5.17323E-1 5.30684E-1 3.27577E-1 4.20765E-1 6.58706E-1 6.92628E-1 7.53064E-1 5.05762E-1 4.79618E-1 4.59151E-1 5.18096E-1 4.98753E-1 4.13736E-1 4.87499E-1 4.49893E-1 4.43717E-1 4.4954E-1 5.07288E-1 4.87978E-1 4.30488E-1 4.64158E-1 4.64181E-1 4.6266E-1 4.30009E-1 3.75995E-1 2.49799E-1 3.66513E-1 3.62282E-1 3.48844E-1
4.11446E-2 5.90762E-2 9.90055E-2 9.90938E-2 8.51862E-2 1.22689E-1 1.36118E-1 1.53735E-1 1.67145E-1 2.00555E-1 2.1308E-1 1.8924E-1 2.02136E-1 2.178E-1 2.14563E-1 2.58036E-1 2.79495E-1 3.23557E-1 3.69049E-1 4.20325E-1 4.57848E-1 4.90559E-1 5.92102E-1 6.72651E-1 5.22324E-1 5.38685E-1 5.54313E-1 5.71428E-1 5.84572E-1 6.07082E-1 5.26957E-1 5.17087E-1 5.55641E-1 5.79728E-1 3.75453E-1 3.45497E-1 3.82096E-1 3.91123E-1 2.64547E-1 3.48505E-1 5.86072E-1 7.41604E-1 7.4522E-1 4.96082E-1 4.61175E-1 4.37105E-1 3.97572E-1 4.65463E-1 4.72582E-1 4.53243E-1 4.49719E-1 4.44745E-1 4.29165E-1 4.32204E-1 4.09429E-1 3.97372E-1 3.74104E-1 3.32109E-1 3.163E-1 4.05989E-1 2.58305E-1 1.10277E-1 1.10456E-1 2.67691E-1 3.46299E-1
-9999 4.64819E-2 7.09377E-2 1.03002E-1 1.06604E-1 9.48012E-2 9.58293E-2 1.58787E-1 1.77697E-1 1.85805E-1 2.25574E-1 1.44386E-1 1.97527E-1 2.34261E-1 2.72197E-1 2.9524E-1 3.25906E-1 3.66436E-1 4.22133E-1 4.28499E-1 5.08289E-1 5.51172E-1 6.33632E-1 6.62342E-1 5.59149E-1 5.78488E-1 5.95353E-1 6.11127E-1 5.90945E-1 6.46828E-1 5.89019E-1 6.17983E-1 6.1597E-1 6.21656E-1 4.29531E-2 4.24283E-1 3.21763E-1 3.84706E-1 3.95986E-1 3.19348E-1 5.79075E-1 6.39757E-1 6.31201E-1 4.49683E-1 4.25784E-1 3.97297E-1 3.92658E-1 4.50103E-1 4.22564E-1 4.10596E-1 4.2438E-1 4.64024E-1 4.53992E-1 4.07904E-1 3.74375E-1 3.36062E-1 3.54192E-1 3.727E-1 3.65935E-1 3.24432E-1 1.33406E-1 1.04753E-1 1.09146E-1 2.68462E-1 3.49484E-1
-9999 4.71717E-2 6.79807E-2 5.52027E-2 1.14915E-1 9.9335E-2 9.88418E-2 1.28675E-1 1.85108E-1 2.05606E-1 1.77864E-1 1.73602E-1 2.43762E-1 2.7559E-1 2.9418E-1 3.34051E-1 2.77713E-1 3.16986E-1 4.43522E-1 5.0649E-1 5.58274E-1 5.99427E-1 6.31394E-1 6.84874E-1 5.90349E-1 6.09218E-1 6.26812E-1 6.47285E-1 6.50993E-1 6.75286E-1 6.60763E-1 6.09944E-1 5.28015E-1 4.73206E-1 3.67097E-1 1.98837E-1 3.41056E-1 3.68186E-1 3.99006E-1 3.88844E-1 6.21351E-1 5.55405E-1 5.212E-1 4.24404E-1 3.81603E-1 3.55076E-1 4.04306E-1 3.96455E-1 4.12735E-1 4.34653E-1 4.67341E-1 4.88309E-1 4.08848E-1 4.05341E-1 3.6439E-1 3.29635E-1 3.44546E-1 3.86599E-1 3.31044E-1 2.70363E-1 2.66077E-1 1.1359E-1 2.59567E-1 3.4921E-1 3.50681E-1
-9999 4.90148E-2 5.9301E-2 4.58156E-2 7.01782E-2 8.25514E-2 9.8433E-2 1.41375E-1 1.93055E-1 2.71328E-1 2.15051E-1 2.45372E-1 3.02261E-1 3.20626E-1 4.72094E-1 3.5684E-1 3.13122E-1 4.55162E-1 3.72652E-1 4.22658E-1 5.95357E-1 5.65176E-1 5.84208E-1 5.3939E-1 6.14917E-1 6.32797E-1 6.56903E-1 6.74531E-1 6.70873E-1 6.58642E-1 6.89597E-1 7.58978E-1 5.41279E-1 3.96467E-1 2.81698E-1 2.88693E-1 3.65548E-1 2.6927E-1 3.31599E-1 4.28792E-1 5.05367E-1 7.27757E-1 5.30427E-1 4.39157E-1 4.16215E-1 3.69252E-1 3.9264E-1 3.77766E-1 4.05918E-1 4.30355E-1 4.68992E-1 4.69932E-1 4.82484E-1 4.5745E-1 3.67127E-1 3.50284E-1 3.51467E-1 3.54232E-1 3.20824E-1 9.38906E-2 2.94404E-1 2.99928E-1 3.24673E-1 3.52495E-1 3.60228E-1
-9999 -9999 6.7644E-2 4.61894E-2 0E0 7.40553E-2 1.44576E-1 1.72352E-1 2.61597E-1 2.44684E-1 2.68762E-1 3.2178E-1 3.52945E-1 4.01661E-1 4.43938E-1 3.79233E-1 3.60681E-1 3.71088E-1 4.48324E-1 5.33059E-1 5.49265E-1 6.25736E-1 5.45173E-1 5.65006E-1 5.87137E-1 6.08771E-1 6.68331E-1 6.77925E-1 6.6367E-1 6.84938E-1 7.28627E-1 7.30328E-1 5.41468E-1 5.00963E-1 3.57737E-1 3.78965E-1 3.69922E-1 2.71641E-1 3.47226E-1 4.63151E-1 5.90036E-1 7.41558E-1 5.77218E-1 5.0015E-1 4.91976E-1 4.23051E-1 3.76471E-1 3.6479E-1 4.00167E-1 4.21893E-1 4.58445E-1 4.07115E-1 4.61244E-1 4.32847E-1 4.28322E-1 3.57048E-1 3.77428E-1 3.73923E-1 3.02473E-1 8.70795E-2 3.1086E-1 3.84244E-1 4.02374E-1 3.72709E-1 3.59697E-1
-9999 -9999 5.28523E-2 6.60656E-2 6.27901E-2 7.97123E-2 1.63145E-1 2.02529E-1 2.04681E-1 2.96469E-1 3.42698E-1 4.22791E-1 4.29171E-1 3.61468E-1 3.58625E-1 3.57089E-1 2.85515E-1 3.15871E-1 3.78635E-1 4.58003E-1 4.83693E-1 5.23763E-1 5.4438E-1 5.75393E-1 6.0315E-1 6.2903E-1 6.80331E-1 6.89028E-1 7.23452E-1 7.24036E-1 7.86883E-1 7.75274E-1 7.47485E-1 5.57369E-1 4.68973E-1 3.90888E-1 3.58811E-1 3.4541E-1 3.70579E-1 4.62832E-1 5.89393E-1 6.83455E-1 7.34428E-1 5.79976E-1 4.89285E-1 4.03581E-1 3.85039E-1 3.6781E-1 3.85226E-1 4.10685E-1 4.51226E-1 3.93401E-1 4.11444E-1 3.79002E-1 4.16511E-1 4.36443E-1 3.70008E-1 3.5579E-1 3.00386E-1 8.264E-2 3.0805E-1 3.85838E-1 4.02701E-1 3.74436E-1 1.09006E-1
-9999 -9999 -9999 5.54487E-2 6.95698E-2 9.16221E-2 1.15573E-1 1.80387E-1 2.64207E-1 3.84245E-1 4.04633E-1 3.79158E-1 3.8493E-1 4.53608E-1 4.00601E-1 3.15082E-1 2.22722E-1 3.07716E-1 2.88953E-1 4.71129E-1 5.17138E-1 5.50064E-1 5.76172E-1 5.90662E-1 6.17328E-1 6.3542E-1 6.32404E-1 6.7216E-1 6.74082E-1 7.36966E-1 8.08322E-1 7.63702E-1 6.30375E-1 5.74309E-1 5.013E-1 4.22687E-1 3.74487E-1 4.13157E-1 4.11058E-1 4.121E-1 4.97173E-1 5.82537E-1 5.80698E-1 5.07836E-1 3.98348E-1 3.84449E-1 3.07281E-1 2.92198E-1 3.27123E-1 3.58745E-1 3.58107E-1 3.64285E-1 4.09579E-1 3.94152E-1 4.0693E-1 4.17297E-1 3.45118E-1 2.96515E-1 2.75232E-1 1.09251E-1 1.05253E-1 3.37131E-1 3.81398E-1 3.22158E-1 8.89627E-2
-9999 -9999 -9999 -9999 -9999 -9999 -9999 1.34963E-1 2.68721E-1 3.1904E-1 3.38951E-1 3.64465E-1 3.99418E-1 4.11878E-1 4.50726E-1 3.56243E-1 1.57897E-1 2.31412E-1 3.76441E-1 5.04391E-1 5.36221E-1 5.92827E-1 6.03351E-1 6.25916E-1 6.22217E-1 6.75312E-1 6.78977E-1 6.7644E-1 6.58834E-1 7.39238E-1 8.1205E-1 6.20314E-1 6.0218E-1 5.68115E-1 5.19819E-1 4.74073E-1 4.14623E-1 4.10861E-1 4.14485E-1 4.52332E-1 5.06924E-1 5.50904E-1 5.48784E-1 4.39597E-1 3.20828E-1 3.12246E-1 2.82234E-1 2.59689E-1 3.26367E-1 3.40581E-1 3.32734E-1 4.02193E-1 3.91501E-1 4.07365E-1 3.91241E-1 3.48584E-1 2.81439E-1 2.6899E-1 7.58634E-2 9.13677E-2 8.90223E-2 9.15768E-2 3.30611E-1 9.71615E-2 6.81252E-2
-9999 -9999 -9999 -9999 -9999 -9999 -9999 -9999 2.30829E-1 3.01158E-1 3.44625E-1 4.13496E-1 3.9532E-1 4.20417E-1 4.17642E-1 3.39541E-1 3.58533E-1 4.11341E-1 4.8578E-1 5.42E-1 5.74568E-1 5.9836E-1 6.27556E-1 6.46321E-1 6.3011E-1 6.24086E-1 6.71661E-1 6.82337E-1 7.22075E-1 7.82202E-1 6.45366E-1 5.80202E-1 5.55829E-1 5.40743E-1 5.33026E-1 5.11202E-1 4.70539E-1 4.52498E-1 4.4723E-1 4.48191E-1 4.65862E-1 5.03788E-1 5.0672E-1 4.15168E-1 3.15988E-1 3.02844E-1 2.56796E-1 2.39143E-1 2.76626E-1 3.06474E-1 3.22178E-1 3.93133E-1 3.91269E-1 3.94536E-1 3.25792E-1 1.0882E-1 1.04255E-1 6.92146E-2 6.4042E-2 7.22601E-2 6.39319E-2 6.64193E-2 7.11333E-2 7.23252E-2 5.76731E-2
-9999 -9999 -9999 -9999 -9999 -9999 -9999 -9999 -9999 2.58789E-1 2.74271E-1 4.04642E-1 3.65757E-1 4.41604E-1 3.81978E-1 4.69646E-1 6.08154E-1 5.44242E-1 4.57882E-1 5.10091E-1 5.9766E-1 6.21847E-1 6.34581E-1 6.58667E-1 6.28855E-1 6.33305E-1 6.80802E-1 7.30295E-1 7.28007E-1 7.39832E-1 6.40721E-1 5.97534E-1 5.29615E-1 5.18792E-1 5.37255E-1 5.08453E-1 4.64076E-1 4.40653E-1 4.48355E-1 4.55907E-1 4.23418E-1 3.94632E-1 4.08251E-1 3.70859E-1 2.7266E-1 2.53496E-1 2.98085E-1 2.78152E-1 3.26728E-1 2.69651E-1 3.25588E-1 3.94193E-1 3.93943E-1 3.5833E-1 2.5691E-1 8.49469E-2 8.76949E-2 9.14191E-2 8.33197E-2 5.86662E-2 4.19352E-2 5.01613E-2 5.43506E-2 5.76583E-2 5.03449E-2
-9999 -9999 -9999 -9999 -9999 -9999 -9999 -9999 -9999 2.38237E-1 2.45561E-1 2.72316E-1 3.54692E-1 4.16551E-1 3.71314E-1 5.56708E-1 5.57904E-1 4.75582E-1 4.35664E-1 4.79005E-1 5.94235E-1 6.25273E-1 6.52425E-1 6.03623E-1 6.66597E-1 6.58842E-1 7.17688E-1 7.19734E-1 6.98811E-1 7.51403E-1 6.5664E-1 6.14053E-1 5.6692E-1 5.19474E-1 5.17191E-1 4.93039E-1 4.47176E-1 4.14428E-1 4.27474E-1 4.1407E-1 3.7988E-1 3.50787E-1 3.40566E-1 3.54452E-1 3.05993E-1 2.99789E-1 3.1558E-1 3.17585E-1 3.07862E-1 2.97646E-1 3.35197E-1 3.39429E-1 3.49921E-1 2.4742E-1 8.15059E-2 7.6154E-2 7.63178E-2 8.34386E-2 8.23603E-2 6.1929E-2 4.34594E-2 4.41696E-2 4.64977E-2 4.86719E-2 3.94222E-2
-9999 -9999 -9999 -9999 -9999 -9999 -9999 -9999 -9999 -9999 -9999 2.5602E-1 2.59086E-1 2.85738E-1 4.24527E-1 4.31237E-1 3.92859E-1 4.11068E-1 4.29198E-1 5.03078E-1 5.32206E-1 6.5099E-1 6.62902E-1 6.51138E-1 7.67837E-1 7.67576E-1 7.83146E-1 6.99813E-1 6.93157E-1 7.88147E-1 6.46282E-1 5.58821E-1 5.55925E-1 5.30923E-1 4.68278E-1 4.4885E-1 4.52973E-1 4.37279E-1 4.22966E-1 3.96076E-1 3.59653E-1 3.58371E-1 3.5084E-1 3.72877E-1 3.96617E-1 3.89358E-1 3.38293E-1 3.018E-1 3.04104E-1 3.15001E-1 3.37068E-1 3.22897E-1 2.98112E-1 9.07152E-2 7.79349E-2 7.31974E-2 7.32836E-2 7.17859E-2 7.29279E-2 6.54705E-2 5.66539E-2 5.22915E-2 4.75359E-2 3.90723E-2 3.45121E-2
-9999 -9999 -9999 -9999 -9999 -9999 -9999 -9999 -9999 -9999 -9999 -9999 -9999 2.86206E-1 3.65989E-1 3.79864E-1 3.90391E-1 -9999 -9999 5.5921E-1 5.98064E-1 5.7482E-1 6.5465E-1 7.06074E-1 7.53727E-1 7.13858E-1 7.52803E-1 7.39034E-1 7.01409E-1 7.81334E-1 6.28032E-1 5.34602E-1 5.44388E-1 5.1065E-1 4.34773E-1 3.69723E-1 4.48043E-1 4.54082E-1 4.20468E-1 3.75354E-1 2.3832E-1 2.38183E-1 3.45171E-1 3.85794E-1 4.00105E-1 4.15336E-1 3.45239E-1 3.11957E-1 2.88915E-1 2.86562E-1 3.07521E-1 2.97728E-1 2.35439E-1 8.62674E-2 7.54E-2 7.24487E-2 7.43165E-2 8.08801E-2 9.24305E-2 8.51958E-2 7.78989E-2 7.32644E-2 6.64425E-2 6.04976E-2 5.35039E-2
-9999 -9999 -9999 -9999 -9999 -9999 -9999 -9999 -9999 -9999 -9999 -9999 -9999 2.4492E-1 2.4593E-1 -9999 -9999 4.58534E-1 5.49196E-1 5.62358E-1 5.25124E-1 5.66655E-1 6.98333E-1 7.07382E-1 7.64002E-1 7.09413E-1 6.70355E-1 6.73867E-1 7.2347E-1 7.65662E-1 6.38702E-1 5.94453E-1 5.68586E-1 5.08732E-1 4.26078E-1 4.04375E-1 4.35445E-1 4.38012E-1 4.06287E-1 2.46549E-1 7.0278E-2 6.78464E-2 2.70588E-1 3.28079E-1 3.73981E-1 3.89761E-1 3.61397E-1 3.33256E-1 3.03186E-1 2.79955E-1 2.61312E-1 2.4238E-1 1.98558E-1 9.12663E-2 1.04313E-1 1.12178E-1 1.00948E-1 1.14555E-1 9.66702E-2 9.09368E-2 8.24108E-2 7.53077E-2 6.45861E-2 6.35062E-2 5.12438E-2
-9999 -9999 -9999 -9999 -9999 -9999 -9999 -9999 -9999 -9999 -9999 2.1471E-1 2.26128E-1 2.31463E-1 2.80962E-1 3.21817E-1 4.13166E-1 4.80315E-1 5.2323E-1 5.63453E-1 6.12991E-1 6.51171E-1 6.22066E-1 5.92014E-1 5.9075E-1 7.62812E-1 7.09916E-1 6.6233E-1 7.22157E-1 7.4964E-1 6.50117E-1 6.11646E-1 5.91075E-1 5.28689E-1 4.53644E-1 4.33284E-1 4.24299E-1 4.05278E-1 2.50189E-1 7.26522E-2 6.16717E-2 6.65371E-2 7.57706E-2 3.42822E-1 3.88202E-1 4.2653E-1 4.48294E-1 4.38343E-1 4.24844E-1 3.77313E-1 2.9201E-1 2.35774E-1 1.95982E-1 3.52171E-1 4.14197E-1 5.33824E-1 3.78054E-1 1.35978E-1 9.71771E-2 8.14098E-2 7.50124E-2 6.97641E-2 6.03345E-2 4.97385E-2 4.97564E-2
-9999 -9999 -9999 -9999 -9999 -9999 -9999 -9999 -9999 -9999 -9999 2.0807E-1 2.14781E-1 2.27194E-1 2.53652E-1 3.32163E-1 4.84592E-1 4.98744E-1 5.37881E-1 6.00648E-1 5.75687E-1 7.21048E-1 5.73339E-1 5.44789E-1 5.53183E-1 5.79367E-1 7.42405E-1 7.05421E-1 7.47612E-1 7.56125E-1 7.51084E-1 6.55189E-1 6.03193E-1 5.49622E-1 4.74915E-1 4.24788E-1 9.10089E-2 9.0522E-2 8.45321E-2 6.90892E-2 6.5415E-2 6.41497E-2 7.17566E-2 3.20546E-1 4.15891E-1 4.55778E-1 5.27294E-1 5.42777E-1 5.17475E-1 5.324E-1 4.8942E-1 4.71659E-1 4.73961E-1 4.79529E-1 4.68054E-1 4.39427E-1 4.69442E-1 2.25099E-1 9.29151E-2 6.9997E-2 6.6255E-2 5.42519E-2 4.9178E-2 4.67265E-2 4.96803E-2
-9999 -9999 -9999 -9999 -9999 -9999 -9999 -9999 -9999 -9999 -9999 -9999 2.32756E-1 2.31092E-1 0E0 3.57486E-1 4.60707E-1 4.11152E-1 4.68228E-1 5.77345E-1 6.30137E-1 6.63101E-1 5.40186E-1 5.37892E-1 5.58888E-1 5.92373E-1 7.12118E-1 7.20407E-1 7.33076E-1 7.17622E-1 7.3708E-1 7.36884E-1 6.20346E-1 5.42908E-1 4.79821E-1 4.3653E-1 9.47676E-2 8.45986E-2 8.00412E-2 7.40983E-2 7.54092E-2 6.64701E-2 7.30253E-2 3.10901E-1 4.49799E-1 4.91277E-1 5.59017E-1 5.91501E-1 5.86721E-1 5.84725E-1 5.41665E-1 5.09893E-1 4.95653E-1 4.61944E-1 4.51066E-1 5.62007E-1 4.12443E-1 1.17436E-1 8.83473E-2 5.60896E-2 4.28909E-2 3.74001E-2 3.72481E-2 4.04505E-2 4.74446E-2
-9999 -9999 -9999 -9999 -9999 -9999 -9999 -9999 -9999 -9999 -9999 -9999 -9999 2.64985E-1 3.17261E-1 4.51132E-1 3.9786E-1 3.89376E-1 4.4839E-1 4.71164E-1 5.16318E-1 5.29305E-1 5.30531E-1 5.50585E-1 6.70794E-1 6.699E-1 6.40972E-1 6.61475E-1 6.8706E-1 7.05364E-1 7.15946E-1 7.112E-1 -9999 5.5018E-1 4.76264E-1 4.53973E-1 2.72323E-1 8.53908E-2 7.70537E-2 7.46112E-2 7.21175E-2 6.32012E-2 2.76117E-1 3.79222E-1 3.44887E-1 3.76775E-1 5.51618E-1 5.62608E-1 5.83268E-1 5.77092E-1 6.20862E-1 6.08993E-1 6.09853E-1 5.56758E-1 5.14621E-1 4.6547E-1 2.26317E-1 1.05217E-1 7.27729E-2 4.68419E-2 3.29728E-2 3.32829E-2 4.51033E-2 5.49156E-2 5.91261E-2
-9999 -9999 -9999 -9999 -9999 -9999 -9999 -9999 -9999 -9999 -9999 -9999 -9999 -9999 4.25968E-1 3.92252E-1 3.22055E-1 3.44377E-1 3.57866E-1 4.14825E-1 4.53102E-1 4.91738E-1 5.13587E-1 5.30194E-1 6.29491E-1 6.3237E-1 6.49714E-1 6.58451E-1 6.66685E-1 6.8255E-1 6.78072E-1 5.60364E-1 -9999 5.30441E-1 4.99293E-1 4.52492E-1 2.77885E-1 7.39949E-2 4.79643E-2 4.24989E-2 4.35507E-2 4.4521E-2 4.57405E-2 3.08594E-1 4.28989E-1 4.88599E-1 4.93751E-1 4.98644E-1 6.45971E-1 6.22946E-1 5.89997E-1 6.3805E-1 5.74645E-1 5.45931E-1 4.91115E-1 3.69768E-1 2.14898E-1 9.56011E-2 6.34915E-2 3.96185E-2 3.99954E-2 4.20751E-2 4.88616E-2 6.88308E-2 8.68389E-2
-9999 -9999 -9999 -9999 -9999 -9999 -9999 -9999 -9999 -9999 -9999 -9999 -9999 -9999 -9999 3.70909E-1 3.36077E-1 3.21455E-1 3.19387E-1 3.06926E-1 2.7339E-1 3.78234E-1 4.49467E-1 4.88215E-1 5.80591E-1 5.89695E-1 4.95892E-1 6.08018E-1 5.09382E-1 4.96462E-1 4.72358E-1 5.0797E-1 5.08866E-1 4.9617E-1 4.58813E-1 4.15225E-1 8.99881E-2 5.53158E-2 3.14733E-2 2.77902E-2 3.88009E-2 5.87541E-2 3.51938E-1 5.03161E-1 5.97922E-1 6.03828E-1 5.86401E-1 5.15244E-1 6.07967E-1 5.48957E-1 4.64518E-1 5.01342E-1 4.51325E-1 4.25986E-1 3.26458E-1 3.47746E-1 3.0916E-1 9.40805E-2 7.05653E-2 5.38699E-2 4.10778E-2 2.92928E-2 2.41511E-2 3.81427E-2 7.61405E-2
-9999 -9999 -9999 -9999 -9999 -9999 -9999 -9999 -9999 -9999 -9999 -9999 -9999 -9999 -9999 -9999 3.11472E-1 2.96478E-1 2.72911E-1 1.64909E-1 1.74655E-1 2.59955E-1 3.82618E-1 4.73639E-1 5.61493E-1 5.64713E-1 5.30497E-1 4.80666E-1 4.51938E-1 4.56766E-1 4.52128E-1 4.65926E-1 -9999 4.41025E-1 3.94774E-1 8.40865E-2 5.36375E-2 2.51935E-2 1.65249E-2 1.88114E-2 3.65803E-2 7.92553E-2 4.30124E-1 5.71741E-1 6.33859E-1 6.71038E-1 6.35371E-1 5.91793E-1 5.36514E-1 6.11333E-1 5.36475E-1 4.21659E-1 2.91274E-1 4.22718E-1 4.25071E-1 4.83939E-1 4.86233E-1 3.7348E-1 9.53715E-2 5.86913E-2 4.07349E-2 2.23853E-2 2.6881E-2 6.21582E-2 3.95476E-1
-9999 -9999 -9999 -9999 -9999 -9999 -9999 -9999 -9999 -9999 -9999 -9999 -9999 -9999 -9999 -9999 -9999 2.68867E-1 2.48349E-1 1.64952E-1 1.80975E-1 2.63304E-1 3.22638E-1 3.39021E-1 5.34538E-1 5.4889E-1 5.20643E-1 4.58948E-1 4.13309E-1 4.21254E-1 3.97318E-1 -9999 -9999 1.6868E-1 6.02869E-2 3.5879E-2 2.10134E-2 1.53577E-2 1.10137E-2 1.59037E-2 2.94539E-2 6.22498E-2 4.14153E-1 5.41562E-1 7.32603E-1 7.57842E-1 6.61029E-1 6.09458E-1 5.84067E-1 5.47371E-1 5.12932E-1 5.60826E-1 5.57861E-1 5.66463E-1 5.83159E-1 5.76301E-1 5.08139E-1 3.18346E-1 8.71832E-2 6.53045E-2 5.41405E-2 8.66009E-2 4.95276E-1 5.5678E-1 5.51163E-1
-9999 -9999 -9999 -9999 -9999 -9999 -9999 -9999 -9999 -9999 -9999 -9999 -9999 -9999 -9999 -9999 -9999 -9999 2.44709E-1 2.55949E-1 2.87908E-1 2.93409E-1 3.18197E-1 3.67519E-1 4.53174E-1 4.77621E-1 5.91173E-1 4.57764E-1 4.25153E-1 3.93773E-1 3.71909E-1 -9999 -9999 5.41328E-2 3.19664E-2 1.66724E-2 1.41422E-2 9.76958E-3 6.5426E-3 8.33624E-3 1.85888E-2 4.95116E-2 4.0784E-1 5.66726E-1 6.78647E-1 7.34245E-1 6.5892E-1 6.34531E-1 6.16732E-1 5.80775E-1 5.52076E-1 6.43207E-1 6.49713E-1 6.29018E-1 6.41252E-1 5.68112E-1 4.90512E-1 5.24313E-1 5.83989E-1 5.82837E-1 5.85176E-1 6.02468E-1 5.97276E-1 6.04861E-1 5.97118E-1
-9999 -9999 -9999 -9999 -9999 -9999 -9999 -9999 -9999 -9999 -9999 -9999 -9999 -9999 -9999 -9999 -9999 -9999 -9999 2.11375E-1 2.37713E-1 2.54397E-1 3.10271E-1 3.65445E-1 3.76442E-1 6.35065E-1 6.37518E-1 5.26304E-1 -9999 -9999 -9999 -9999 -9999 -9999 1.74696E-2 8.99096E-3 4.94772E-3 4.00766E-3 3.69928E-3 4.77954E-3 1.37066E-2 4.38177E-2 4.33249E-1 6.82527E-1 6.15985E-1 6.76573E-1 6.63126E-1 6.28482E-1 5.95918E-1 5.59568E-1 5.2497E-1 5.88716E-1 5.95512E-1 5.84171E-1 6.31548E-1 6.46552E-1 6.40317E-1 6.47951E-1 6.59883E-1 6.44831E-1 6.39589E-1 6.35669E-1 6.09093E-1 6.05316E-1 5.77839E-1
