KUENM_DEFAULT/Final_Models/M_1_F_lqpth_Set_1_NE/sp1_3.asc
ncols         197
nrows         210
xllcorner     56.1666666666667
yllcorner     4.5
cellsize      0.166666666666667
NODATA_value  -9999
[rows 0 to 28 of 210, columns 65 to 129 of 197]
-9999 -9999 -9999 -9999 -9999 -9999 -9999 -9999 -9999 -9999 -9999 -9999 -9999 -9999 -9999 -9999 -9999 -9999 -9999 -9999 -9999 -9999 -9999 -9999 -9999 -9999 -9999 -9999 -9999 5.26506E-3 1.81599E-3 2.96976E-3 2.04444E-3 1.40543E-3 1.58166E-3 1.44675E-4 1.46144E-4 8.931E-4 2.01792E-4 1.55933E-4 -9999 -9999 -9999 -9999 -9999 -9999 -9999 -9999 -9999 -9999 -9999 -9999 -9999 -9999 -9999 -9999 -9999 -9999 -9999 -9999 -9999 -9999 -9999 -9999 -9999
-9999 -9999 -9999 -9999 -9999 -9999 -9999 -9999 -9999 -9999 -9999 -9999 -9999 -9999 -9999 -9999 -9999 -9999 -9999 -9999 -9999 -9999 -9999 5.80192E-3 3.86735E-3 7.54379E-3 7.51375E-3 6.54675E-3 6.83093E-4 9.67466E-5 6.34117E-4 1.26733E-3 8.18312E-4 2.15225E-4 9.83317E-5 6.78277E-5 1.07919E-4 1.65552E-3 1.01014E-3 2.01148E-4 1.59693E-4 6.56206E-5 5.77591E-5 4.09292E-5 3.38177E-5 3.80563E-5 -9999 -9999 -9999 -9999 -9999 -9999 -9999 -9999 -9999 -9999 -9999 -9999 -9999 -9999 -9999 -9999 -9999 -9999 -9999
-9999 -9999 -9999 -9999 -9999 -9999 -9999 -9999 -9999 -9999 -9999 -9999 -9999 -9999 -9999 -9999 -9999 -9999 -9999 7.49493E-3 5.61894E-3 7.63944E-3 7.83226E-3 6.8359E-3 4.84141E-3 3.45293E-3 8.02306E-4 1.57713E-3 1.62787E-3 1.03932E-3 5.77142E-5 9.73185E-4 1.30502E-3 1.90305E-4 8.71051E-5 1.05112E-4 2.43433E-4 2.68327E-4 1.1619E-4 8.9668E-5 2.36349E-5 1.06499E-4 3.96728E-5 3.83888E-5 3.03335E-5 2.27617E-5 1.94049E-5 1.51194E-5 2.46182E-5 5.40482E-5 -9999 -9999 -9999 -9999 -9999 -9999 -9999 -9999 -9999 -9999 -9999 -9999 -9999 -9999 -9999
-9999 -9999 -9999 -9999 -9999 -9999 -9999 -9999 -9999 -9999 -9999 -9999 -9999 -9999 -9999 -9999 1.60968E-3 4.14592E-3 1.04938E-2 4.22442E-3 3.1269E-3 1.36783E-3 2.16382E-3 3.76155E-3 3.23006E-3 6.75483E-4 1.15008E-3 1.60331E-3 2.02675E-5 1.30575E-5 8.2815E-6 1.47902E-4 6.05541E-5 7.7612E-5 1.96275E-4 1.38507E-4 2.4163E-4 3.46196E-4 1.00576E-4 1.52489E-4 1.99532E-5 1.47093E-5 3.59665E-5 2.59875E-5 2.07869E-5 1.62898E-5 1.42244E-5 1.43349E-5 1.15882E-5 2.21312E-5 5.24764E-5 6.56162E-5 1.11515E-4 -9999 -9999 -9999 -9999 -9999 -9999 -9999 -9999 -9999 -9999 -9999 -9999
-9999 -9999 -9999 -9999 -9999 -9999 -9999 -9999 -9999 -9999 -9999 -9999 -9999 -9999 2.80812E-3 2.32995E-3 5.83065E-3 4.36269E-3 2.81486E-3 4.5554E-3 4.06161E-3 4.373E-3 3.91081E-3 1.98412E-3 1.1745E-3 3.15997E-3 1.26636E-3 8.08275E-4 2.11587E-4 1.71642E-4 2.57397E-4 6.40794E-5 6.06579E-5 1.68668E-4 2.06279E-4 2.53144E-4 3.12328E-4 2.90329E-4 3.42513E-5 2.41625E-5 1.66959E-5 7.37181E-5 5.78267E-5 2.27221E-5 1.86705E-5 1.18669E-5 1.10181E-5 1.43538E-5 8.60457E-6 1.36066E-5 1.68251E-5 2.75004E-5 3.50713E-5 5.65826E-5 1.39179E-4 -9999 -9999 -9999 -9999 -9999 -9999 -9999 -9999 -9999 -9999
-9999 -9999 -9999 -9999 -9999 -9999 -9999 -9999 -9999 -9999 -9999 -9999 1.082E-2 6.17038E-3 4.95941E-3 3.71315E-3 4.08639E-3 6.77744E-3 4.14874E-3 3.19277E-3 2.76334E-3 1.54309E-3 1.99153E-3 2.02994E-3 1.65002E-3 1.31776E-3 1.32092E-4 1.69071E-4 3.85365E-3 3.07697E-3 2.67919E-4 5.82785E-5 0E0 1.43057E-4 2.84443E-3 3.76788E-4 1.46774E-4 2.61554E-4 1.81589E-4 2.10116E-5 1.46942E-5 1.09607E-5 1.88653E-5 1.41792E-5 1.09542E-5 8.19734E-6 8.17263E-6 8.74107E-6 7.4484E-6 1.33916E-5 5.53721E-6 1.0255E-5 9.85204E-6 1.39502E-5 5.98646E-5 8.74074E-5 9.6462E-5 -9999 -9999 -9999 -9999 -9999 -9999 -9999 -9999
-9999 -9999 -9999 -9999 -9999 -9999 -9999 -9999 -9999 -9999 1.58091E-2 1.02969E-2 1.0071E-2 1.60359E-2 9.66242E-3 8.48204E-3 1.05294E-2 8.18994E-3 7.30982E-3 3.4394E-3 1.51496E-3 1.89453E-3 4.76806E-3 6.73289E-3 5.86447E-3 1.97217E-3 2.56535E-3 3.84393E-3 2.09992E-3 1.92309E-3 4.76914E-4 1.23292E-4 3.95223E-4 3.23037E-3 5.12101E-4 3.56233E-4 5.83868E-5 2.04088E-4 1.60602E-4 1.89511E-5 1.2938E-5 4.93903E-5 1.00258E-5 9.39364E-6 7.57225E-6 6.44441E-6 5.99577E-6 5.28294E-6 8.1006E-6 4.21075E-6 4.53121E-6 6.83708E-6 1.00142E-5 1.74097E-5 1.60123E-5 4.23142E-5 5.71752E-5 1.08578E-4 1.40969E-4 -9999 -9999 -9999 -9999 -9999 -9999
-9999 -9999 -9999 -9999 -9999 -9999 -9999 -9999 1.21175E-2 1.082E-2 1.55433E-2 2.50461E-2 2.26671E-2 1.33125E-2 1.50472E-2 2.12115E-2 1.49942E-2 1.36182E-2 8.46016E-3 3.19954E-3 1.45217E-3 4.41404E-3 1.30514E-3 2.33491E-3 1.83355E-3 3.83179E-3 3.92881E-3 2.05665E-3 5.0599E-4 4.62618E-4 3.31665E-4 2.34081E-3 2.43322E-3 4.59251E-3 4.79931E-4 7.72334E-5 5.04139E-5 3.32594E-5 2.17144E-5 1.54616E-5 1.1675E-5 3.79599E-5 6.78E-6 7.08833E-6 5.89514E-6 5.7204E-6 5.2458E-6 5.72588E-6 1.67385E-6 3.71672E-6 3.13517E-6 4.79206E-6 6.70183E-6 1.12876E-5 1.06782E-5 2.19472E-5 2.18323E-5 7.99899E-5 1.05863E-4 1.4993E-4 1.83394E-4 -9999 -9999 -9999 -9999
-9999 -9999 -9999 -9999 -9999 -9999 -9999 1.36321E-2 1.59788E-2 1.20459E-2 6.07035E-3 3.03341E-2 2.26952E-2 2.30882E-2 2.07121E-2 2.78806E-2 2.85237E-2 2.27596E-2 7.36001E-3 5.32801E-3 4.9584E-3 1.87261E-3 1.18597E-3 1.75711E-3 2.0007E-4 2.82741E-3 2.39053E-3 3.98232E-3 4.1862E-3 2.77365E-3 2.36305E-3 7.30162E-4 3.26014E-4 3.34885E-4 3.07251E-4 3.19722E-4 2.14085E-4 3.13458E-5 2.06591E-5 1.40193E-5 3.47418E-5 7.51843E-6 6.91943E-6 5.24604E-6 5.22804E-6 5.57781E-6 4.53115E-6 3.85443E-6 6.45175E-6 4.60223E-6 3.42335E-6 4.8151E-6 1.0334E-5 1.37544E-5 2.83594E-5 3.82912E-5 3.00068E-5 4.69726E-5 7.35424E-5 1.41497E-4 1.66352E-4 1.76276E-4 -9999 -9999 -9999
-9999 -9999 -9999 -9999 -9999 -9999 1.16832E-2 3.6696E-3 1.27678E-2 2.8106E-2 3.56289E-3 5.67081E-3 2.4691E-2 3.09438E-2 1.91956E-2 3.43847E-2 3.60237E-2 1.76172E-2 6.30589E-3 1.35035E-2 1.29463E-3 1.95797E-3 1.39239E-3 2.54107E-4 1.83287E-3 3.21269E-3 3.58991E-3 3.41657E-3 2.78205E-3 5.43368E-3 3.027E-4 2.05665E-4 1.75395E-4 3.01299E-4 2.97171E-4 6.49592E-5 2.37408E-4 2.81935E-5 1.88717E-5 1.34095E-5 8.86808E-6 3.90015E-6 1.26359E-5 4.72382E-6 5.65658E-6 4.94919E-6 4.50138E-6 3.70408E-6 7.28336E-6 9.4271E-6 6.26902E-6 3.35256E-6 1.02073E-5 1.07848E-5 2.12573E-5 4.08882E-5 3.62899E-5 7.97604E-5 9.42414E-5 1.20391E-4 1.4388E-4 1.61314E-4 1.64953E-4 -9999 -9999
-9999 -9999 -9999 -9999 3.98048E-3 4.4992E-3 3.01621E-3 3.26022E-3 2.52012E-2 3.65644E-3 5.64035E-3 3.89663E-3 3.68577E-2 4.07332E-2 3.8296E-2 4.91385E-2 2.48526E-2 1.50546E-2 4.48705E-3 1.7935E-2 2.7846E-3 1.00598E-3 9.65103E-4 1.67904E-3 3.27674E-3 3.87492E-4 3.69919E-4 3.17636E-3 3.27184E-4 9.79515E-4 1.05424E-3 7.75288E-4 8.56713E-4 7.44368E-4 5.48079E-4 4.13556E-5 2.97667E-5 1.61881E-5 1.49745E-5 1.16212E-5 4.99982E-6 3.98838E-6 2.63988E-6 1.93449E-6 4.20012E-6 4.46297E-6 4.33199E-6 6.36075E-6 3.35394E-6 1.02173E-5 9.1604E-6 9.14903E-6 8.37436E-6 8.51028E-6 6.95902E-6 1.39656E-5 2.12081E-5 4.14669E-5 5.10273E-5 6.14544E-5 7.32398E-5 9.29812E-5 1.07346E-4 1.15081E-4 1.38563E-4
-9999 -9999 -9999 3.41643E-3 3.57907E-3 4.16818E-3 4.42954E-3 5.3387E-3 5.68309E-3 5.75605E-3 5.97501E-3 3.77682E-3 2.81546E-2 3.15409E-2 6.44895E-3 7.51356E-3 3.90004E-2 3.23856E-2 2.01743E-2 1.76719E-2 7.79291E-3 3.17997E-3 1.0861E-3 2.52018E-3 1.97688E-3 3.57414E-4 2.19058E-3 3.75157E-3 2.6673E-3 4.49864E-4 2.06225E-4 2.11283E-4 3.44684E-4 6.24437E-4 2.80555E-4 5.03079E-5 3.42556E-5 2.36455E-5 1.68982E-5 1.23737E-5 8.67343E-6 5.55128E-6 2.69812E-6 2.01581E-6 8.60271E-6 1.29753E-6 4.77247E-6 3.17603E-6 5.12603E-6 4.55139E-6 6.15868E-6 6.77862E-6 4.0286E-6 3.76719E-6 5.76626E-6 5.98893E-6 1.17828E-5 2.27779E-5 3.29217E-5 3.17959E-5 6.75529E-5 7.70032E-5 7.87043E-5 8.01202E-5 8.002E-5
-9999 -9999 3.06685E-3 3.31166E-3 3.63752E-3 3.92094E-3 4.3098E-3 4.8376E-3 5.36393E-3 5.8283E-3 6.86831E-3 4.17104E-3 3.81217E-2 2.59147E-2 6.40074E-3 7.40462E-3 3.53586E-2 1.0746E-2 1.14198E-2 5.43277E-3 3.06822E-3 3.35044E-3 2.31391E-3 2.81067E-3 1.73263E-3 5.04561E-4 3.73821E-3 3.47437E-3 9.39056E-4 2.5951E-4 4.01657E-4 6.52021E-4 1.32532E-4 5.64652E-4 3.14414E-4 5.32307E-5 3.48182E-5 2.45709E-5 1.78475E-5 1.0122E-5 6.40595E-6 3.98875E-6 3.25845E-6 2.43517E-6 1.7294E-6 1.41676E-6 3.98309E-6 3.67358E-6 8.5704E-7 2.78938E-6 6.50066E-6 2.22305E-6 5.02294E-6 5.52776E-6 5.66297E-6 1.16211E-5 6.88395E-6 1.5862E-5 2.52575E-5 3.64362E-5 3.27098E-5 4.1839E-5 5.89711E-5 6.16771E-5 6.24741E-5
-9999 2.92246E-3 3.04344E-3 3.31537E-3 3.64634E-3 3.65601E-3 4.34647E-3 4.81929E-3 5.75059E-3 6.10642E-3 6.7596E-3 8.09385E-3 4.94126E-3 1.2739E-2 1.25702E-2 8.09883E-2 3.67124E-2 9.74846E-3 1.27615E-2 1.73048E-2 2.46252E-2 1.13518E-2 3.94164E-3 3.77195E-3 2.42902E-3 4.57846E-4 5.45803E-3 1.08172E-3 1.22565E-3 8.28457E-4 1.03249E-3 8.41501E-4 4.19728E-4 2.77597E-4 6.57776E-5 4.8604E-5 3.4586E-5 2.36859E-5 1.61338E-5 1.25615E-5 9.08926E-6 6.47844E-6 3.19893E-6 2.11305E-6 1.92666E-6 1.33291E-6 1.00064E-6 8.64923E-7 7.92018E-7 3.10053E-6 7.05728E-6 2.38465E-6 3.03516E-6 7.68768E-6 1.22448E-5 7.08211E-6 4.919E-6 7.66592E-6 2.11784E-5 2.23649E-5 2.53836E-5 2.62715E-5 2.81481E-5 3.25756E-5 3.1508E-5
2.97114E-3 2.86832E-3 3.30232E-3 3.54006E-3 3.96102E-3 3.98531E-3 4.50556E-3 5.16189E-3 5.65266E-3 6.48855E-3 7.80646E-3 9.16757E-3 1.01769E-2 1.21023E-2 1.40643E-2 7.545E-2 4.62381E-2 1.1034E-2 5.17623E-2 2.67073E-2 1.55754E-2 2.47413E-2 1.11883E-2 7.45527E-3 3.81957E-3 3.04103E-3 7.66894E-3 5.17514E-4 2.2421E-4 5.79512E-4 2.6577E-4 2.67535E-4 2.98994E-4 6.25713E-4 6.67562E-5 4.4162E-5 1.95044E-4 2.03966E-5 1.91878E-5 1.402E-5 8.25826E-6 4.78216E-6 3.54341E-6 3.01502E-6 1.82826E-6 1.32069E-6 1.21894E-6 1.11264E-6 9.60007E-7 7.30191E-7 3.49164E-6 2.70033E-6 2.0061E-6 6.55615E-6 4.11373E-6 4.78244E-6 5.92373E-6 8.23439E-6 1.60254E-5 1.70783E-5 1.14397E-5 9.15519E-6 2.03114E-5 1.81582E-5 2.25976E-5
3.23003E-3 3.33211E-3 3.38493E-3 3.66541E-3 3.93846E-3 4.34593E-3 4.77673E-3 5.15374E-3 5.83512E-3 6.83888E-3 8.34137E-3 1.04383E-2 1.12901E-2 1.41031E-2 7.28028E-2 4.65489E-2 6.32729E-2 5.69149E-2 5.72149E-2 4.01412E-2 1.0424E-2 2.48195E-3 5.83483E-3 1.35923E-2 5.37468E-3 3.88616E-4 5.99071E-4 8.9912E-4 1.17414E-4 1.98146E-4 6.59887E-4 2.40508E-4 7.18653E-4 3.24919E-4 7.02607E-5 4.86898E-5 3.57287E-5 2.3728E-5 1.65872E-5 1.66102E-5 1.06564E-5 5.4781E-6 4.43382E-6 2.9734E-6 2.22903E-6 1.66343E-6 1.47524E-6 1.08884E-6 1.08108E-6 7.24494E-7 5.78728E-7 2.04052E-6 1.80482E-6 7.59684E-6 4.01356E-6 2.40291E-6 3.78168E-6 3.48174E-6 6.40905E-6 7.49711E-6 7.39204E-6 5.3465E-6 7.02824E-6 5.93911E-6 6.13713E-6
3.48877E-3 3.53752E-3 3.30275E-3 3.71598E-3 3.74849E-3 4.1185E-3 4.42372E-3 5.16984E-3 5.94237E-3 6.7668E-3 8.42856E-3 1.05443E-2 1.19838E-2 6.71804E-2 8.15268E-2 5.69533E-2 4.6008E-2 1.65778E-2 3.9142E-2 1.11244E-2 3.34844E-3 5.10721E-4 2.49179E-3 7.64695E-3 5.25107E-3 2.32211E-4 4.56897E-4 5.36552E-3 4.93163E-4 1.33455E-3 5.95439E-4 1.41931E-4 1.69663E-4 5.7975E-4 4.27318E-4 5.82208E-5 3.66111E-5 2.43033E-5 2.15177E-5 1.40061E-5 9.57763E-6 7.71195E-6 4.75235E-6 3.39911E-6 2.77728E-6 2.18802E-6 1.00322E-5 1.27647E-5 9.93256E-7 7.35096E-7 5.93406E-7 5.24145E-7 1.75037E-6 1.99601E-6 6.53049E-6 1.59985E-6 1.54582E-6 2.57214E-6 2.87215E-6 3.76692E-6 4.64527E-6 4.04178E-6 4.32277E-6 4.78282E-6 2.2226E-6
2.69484E-3 1.89821E-3 9.6857E-4 2.23801E-3 2.82024E-3 3.2386E-3 3.74059E-3 4.3811E-3 5.62858E-3 6.3831E-3 8.00425E-3 1.0705E-2 1.18965E-2 3.65425E-2 4.59418E-2 3.78382E-2 2.25841E-2 2.00099E-2 1.41103E-3 1.20561E-2 1.67831E-3 7.57559E-5 3.4114E-3 6.74448E-3 8.30571E-4 6.72457E-4 1.92735E-3 3.30324E-4 4.3421E-4 1.30999E-4 7.72111E-5 3.05787E-4 2.26874E-4 9.03341E-4 9.28343E-5 6.8162E-5 4.42525E-5 3.66963E-5 2.50893E-5 1.82545E-5 1.17079E-5 1.03366E-5 7.65739E-6 4.0833E-6 2.72254E-6 2.64228E-6 3.65612E-6 1.10978E-5 1.61576E-6 9.59324E-7 6.93275E-7 5.55557E-7 5.31388E-7 3.44347E-6 4.95883E-6 5.09995E-6 4.01636E-6 1.23005E-6 1.51647E-6 1.65636E-6 2.40352E-6 1.81514E-6 1.61322E-6 1.73059E-6 1.93079E-6
1.65909E-3 6.27825E-4 7.15536E-4 1.8186E-3 2.50309E-3 3.02802E-3 3.27506E-3 3.97045E-3 4.67969E-3 5.79554E-3 7.36817E-3 8.67384E-3 4.5023E-2 3.52396E-2 2.76636E-2 9.63425E-3 3.17644E-3 6.65611E-3 8.58396E-5 1.2248E-4 4.78081E-5 2.67124E-5 4.14046E-3 3.79926E-4 1.56462E-4 3.77934E-4 3.38571E-4 1.4635E-4 6.64257E-5 8.65809E-5 5.97583E-4 1.02735E-3 3.33775E-4 1.99154E-4 1.11766E-4 2.79495E-4 4.90897E-5 5.10077E-5 2.71851E-5 2.03014E-5 1.79282E-5 1.46845E-5 6.81296E-6 9.10065E-6 3.73056E-6 3.44444E-6 2.4413E-6 1.63581E-5 1.90079E-6 1.6765E-6 5.12053E-6 7.17465E-7 6.77543E-7 2.29788E-6 2.74844E-6 1.68824E-6 1.89944E-6 2.93436E-6 3.53398E-6 2.43502E-6 3.07734E-6 2.70221E-6 2.96465E-6 1.708E-6 3.03504E-6
1.74202E-3 1.42136E-3 1.33739E-3 1.54674E-3 2.11345E-3 2.61765E-3 2.8237E-3 3.64463E-3 4.4568E-3 5.32412E-3 6.08284E-3 8.28321E-3 3.38124E-2 2.77144E-2 3.26129E-3 4.09638E-3 2.92202E-5 3.24962E-3 1.01096E-3 4.22419E-5 1.0245E-5 4.36467E-5 4.95539E-4 1.798E-5 1.0409E-4 1.31624E-4 1.10696E-4 3.51271E-4 2.57128E-4 1.86637E-4 1.79152E-3 2.00122E-3 1.81706E-3 9.50533E-4 4.70513E-4 9.26933E-5 6.64056E-5 6.80207E-5 4.42112E-5 3.04896E-5 9.94169E-5 1.48737E-5 1.00119E-5 8.89585E-5 3.88462E-5 4.35984E-5 3.81159E-5 4.13158E-6 1.33187E-6 8.21735E-7 9.46488E-7 7.14696E-7 7.06853E-7 2.93885E-6 2.3101E-6 2.15263E-6 1.32681E-6 1.77606E-6 2.4428E-6 2.30204E-6 1.43046E-6 1.43509E-6 2.23939E-6 3.13177E-6 2.67835E-6
1.66743E-3 1.3976E-3 5.72679E-4 6.16956E-4 1.37516E-3 1.36035E-3 2.15609E-3 2.63596E-3 1.91853E-2 4.89117E-3 6.05062E-3 8.19883E-3 4.21906E-2 1.51635E-2 2.70055E-3 1.05126E-2 2.16549E-4 4.23562E-5 6.53536E-5 8.35263E-5 1.71883E-5 3.60691E-5 4.55501E-4 2.01511E-4 9.0984E-5 1.25444E-4 2.75397E-4 8.11312E-4 2.16477E-3 1.78158E-3 3.32543E-3 2.78084E-4 8.23125E-4 3.91481E-4 4.87562E-4 5.46137E-4 9.54924E-5 6.64533E-5 5.0157E-5 3.24257E-5 3.57599E-5 2.01283E-4 9.85892E-5 1.34966E-4 9.06816E-6 6.90377E-6 3.07431E-6 2.41996E-6 2.51259E-6 1.66623E-6 9.49375E-7 6.39487E-7 4.57809E-7 5.46137E-7 2.58663E-6 1.42443E-6 2.4636E-6 1.82365E-6 1.35282E-6 1.50293E-6 9.66338E-7 1.43316E-6 1.67918E-6 3.01012E-6 3.18443E-6
4.81255E-4 1.11727E-3 5.24236E-4 4.28742E-4 1.78644E-3 1.099E-3 1.531E-3 6.01508E-3 1.84634E-2 4.66899E-3 5.84157E-3 3.18236E-2 1.6228E-2 7.45139E-3 1.29674E-4 1.01461E-2 1.13357E-4 1.93215E-5 2.37218E-5 1.28447E-5 3.39135E-5 6.88642E-5 2.70295E-5 2.2046E-4 1.3607E-5 2.71223E-4 3.01223E-4 6.20291E-4 1.60445E-2 3.81173E-3 7.90377E-4 1.9853E-4 2.91718E-4 2.42289E-4 3.15081E-4 2.47588E-4 2.55566E-4 4.53091E-4 7.14241E-5 5.61561E-5 4.222E-5 3.03319E-5 3.05872E-5 1.96627E-4 2.50257E-4 2.4237E-5 6.26842E-5 3.21165E-6 2.96213E-6 4.13817E-6 3.50761E-6 1.34536E-6 8.4156E-7 4.82936E-6 5.04015E-7 1.08665E-6 1.01769E-6 9.09492E-7 1.76001E-6 1.3782E-6 1.0752E-6 9.77634E-7 1.77523E-6 2.8734E-6 2.54818E-6
3.42348E-4 3.20141E-4 3.09876E-4 3.30295E-4 3.98376E-4 8.21965E-4 3.30851E-3 1.54598E-3 1.34815E-2 3.66769E-3 5.7263E-3 1.65157E-2 8.57193E-3 1.14737E-2 9.38073E-4 5.72421E-5 2.08213E-5 1.8074E-5 2.73648E-5 1.88557E-5 1.28711E-5 1.45863E-5 3.53709E-5 1.64341E-5 2.98252E-5 3.01885E-4 4.88637E-4 5.64905E-4 2.72308E-2 9.60551E-4 6.17757E-4 2.01566E-4 3.42361E-4 5.06522E-4 4.87023E-4 4.84498E-4 4.50831E-4 6.90872E-4 2.23769E-4 1.68792E-4 9.57366E-5 9.97144E-5 3.92804E-5 2.52308E-5 3.61041E-5 4.70804E-4 2.30858E-4 1.05652E-5 7.55153E-6 3.653E-6 2.06611E-5 1.4276E-5 1.07613E-5 6.31955E-6 4.11083E-6 2.87565E-6 1.76586E-6 1.10854E-6 1.40701E-6 1.68493E-6 1.30311E-6 1.12608E-6 0E0 1.60335E-6 1.96666E-6
1.73173E-3 2.35619E-4 1.63825E-3 2.80491E-4 3.01845E-4 3.27212E-4 1.63943E-3 4.11388E-3 2.36427E-3 3.45669E-3 4.49875E-3 1.98311E-2 9.08512E-3 1.19577E-2 6.94215E-4 7.69792E-5 6.37625E-5 2.09182E-4 3.20383E-5 1.98898E-5 3.63985E-5 1.77252E-5 1.50799E-5 2.32663E-5 3.54009E-5 6.64788E-4 4.78264E-4 7.87962E-4 2.40887E-2 1.76143E-3 5.21817E-4 7.6833E-4 8.24234E-4 1.16799E-3 7.76531E-4 1.17086E-3 6.44953E-4 1.15778E-3 1.51171E-2 2.68071E-3 2.02947E-3 1.44734E-3 3.54646E-4 9.57841E-5 3.5972E-5 9.01708E-4 5.71195E-5 2.07777E-5 3.83468E-5 9.10831E-5 5.87254E-5 4.52216E-5 2.38075E-6 1.16067E-6 3.35655E-6 1.56776E-6 2.27086E-6 1.0534E-6 9.90821E-7 1.12704E-6 1.15106E-6 1.21245E-6 9.69921E-7 1.68654E-6 1.87702E-6
2.23496E-4 1.27257E-3 2.44794E-4 2.75131E-4 2.57256E-4 3.03432E-4 7.72928E-4 1.82379E-3 1.21804E-2 2.72075E-3 1.10525E-3 2.8195E-4 3.71837E-5 2.28212E-5 2.60635E-5 1.03042E-4 2.06412E-4 2.7198E-5 4.36826E-5 6.99492E-5 3.94221E-5 2.63196E-5 4.05952E-5 7.23879E-5 4.34016E-5 7.54448E-4 9.64979E-3 1.40903E-2 1.03297E-2 8.26151E-4 2.54528E-3 1.75847E-3 6.40493E-4 1.30305E-3 3.90584E-4 2.36871E-3 4.47319E-3 3.10124E-2 1.38289E-3 1.36193E-3 3.60981E-3 2.64315E-2 4.24142E-3 3.64208E-3 2.22255E-3 1.43094E-4 7.23091E-5 4.21774E-5 6.82969E-6 4.60111E-6 9.98415E-5 8.7322E-5 8.44354E-5 1.90697E-6 8.47041E-6 2.41991E-6 3.99916E-6 2.32536E-6 2.12522E-6 1.16469E-6 1.66839E-6 0E0 1.16426E-6 1.66028E-6 1.90891E-6
2.02027E-4 2.20498E-4 2.3009E-4 1.46249E-4 1.63157E-4 3.02795E-4 3.51949E-4 8.65116E-4 7.48502E-4 3.79957E-4 2.26299E-5 2.90693E-5 5.24814E-5 3.29185E-3 1.68042E-3 2.03514E-4 1.12293E-4 2.09291E-5 9.63126E-5 1.78608E-3 1.66803E-4 3.53084E-5 1.37706E-4 7.64858E-4 4.59602E-4 9.97434E-4 1.0903E-2 1.31902E-2 1.05927E-3 7.49971E-3 1.77993E-3 5.35278E-4 6.26218E-4 1.8367E-3 4.30271E-4 8.52079E-4 2.62092E-3 1.43919E-2 1.18164E-3 7.13225E-4 5.55389E-4 7.22151E-4 1.39349E-3 1.41449E-3 5.95174E-5 1.41263E-5 1.13376E-4 1.13095E-4 1.35648E-5 6.64996E-6 5.54814E-6 1.25483E-4 3.099E-5 5.64723E-5 1.86888E-5 1.97497E-5 2.57824E-5 1.51544E-5 3.13868E-6 2.20361E-6 1.9535E-6 2.80604E-6 1.38312E-6 1.42669E-6 2.57259E-6
1.9563E-4 1.14241E-3 2.02298E-4 1.24253E-4 1.57471E-4 2.2919E-4 1.69954E-3 9.59202E-4 6.81703E-4 6.27491E-4 2.40663E-3 4.75583E-3 1.2141E-2 4.12755E-2 3.70689E-2 7.99657E-3 1.92193E-4 1.06956E-4 1.25511E-4 8.32792E-3 1.29219E-2 1.19514E-3 1.27244E-2 1.12788E-2 1.75993E-4 1.34061E-2 1.98102E-2 1.33794E-3 2.19042E-3 2.4682E-3 2.50757E-3 1.37087E-3 7.38665E-3 1.72085E-3 8.18308E-4 1.13978E-2 8.73627E-3 8.91845E-4 5.18956E-4 4.44093E-4 5.78445E-4 3.87161E-4 4.12786E-4 4.12566E-4 4.53069E-5 3.43417E-5 9.08146E-4 5.53843E-5 3.84693E-5 7.92828E-6 1.15429E-5 6.33383E-6 3.39789E-6 9.25401E-5 3.17673E-5 3.9614E-6 1.18789E-5 3.75664E-6 2.9813E-6 2.04111E-6 1.56077E-6 3.18664E-6 2.1386E-6 1.75169E-6 2.38009E-6
1.86725E-3 1.9563E-4 2.05428E-4 1.62248E-4 1.84358E-3 2.21278E-4 2.46615E-4 2.13723E-3 2.81364E-3 6.20859E-3 5.93694E-3 4.02537E-3 1.95649E-2 1.14432E-2 6.19007E-2 8.32696E-2 4.32143E-2 4.87905E-4 4.1009E-2 1.38243E-2 1.02074E-1 1.38026E-3 1.10379E-2 2.99811E-2 4.01607E-2 4.35972E-2 1.463E-2 2.67024E-2 8.19548E-3 5.55048E-3 2.25468E-3 2.50879E-3 5.28986E-3 1.66194E-3 2.08284E-3 3.62617E-3 1.21439E-3 5.4659E-4 3.92038E-4 5.15426E-4 6.16439E-4 5.2521E-4 6.15524E-4 8.87338E-4 1.01022E-3 4.81725E-4 5.16177E-4 8.0323E-4 4.42342E-5 2.7253E-5 2.62516E-5 5.34578E-6 2.10162E-6 2.06439E-6 4.67326E-6 2.53881E-5 2.69577E-6 7.6726E-6 9.50693E-6 2.7824E-6 3.10554E-6 2.03763E-6 5.55397E-6 2.77849E-6 1.32483E-6
7.3034E-5 1.84498E-4 2.85415E-4 1.90609E-4 1.97339E-4 1.46151E-4 1.50735E-3 2.27079E-3 3.96177E-3 4.29546E-3 2.02368E-3 1.51937E-3 4.27672E-2 1.04699E-2 3.48933E-2 1.19866E-1 1.56173E-1 3.25453E-2 1.78829E-1 1.96032E-1 6.36073E-2 7.97115E-3 1.04178E-2 6.90318E-2 1.15584E-1 3.21044E-2 9.87892E-2 7.87554E-2 6.42098E-2 7.08881E-3 3.1944E-2 8.92028E-3 3.85906E-3 1.29497E-3 3.26931E-3 3.13011E-3 1.31099E-3 6.70112E-4 5.19379E-4 8.01656E-4 3.41948E-4 5.81972E-4 9.2379E-4 1.00992E-3 1.11935E-3 1.06498E-3 1.14551E-3 7.51603E-4 7.80043E-4 6.17194E-5 2.30921E-5 1.02893E-5 1.22028E-5 3.08938E-6 8.53748E-6 6.1796E-5 3.95575E-6 1.83438E-6 1.60775E-6 4.958E-6 5.79689E-6 5.88442E-6 4.07491E-6 8.7075E-6 1.88929E-6
