KUENM_DEFAULT/Final_Models/M_1_F_lqpth_Set_1_NE/sp1_8_se_asia.asc
ncols         320
nrows         243
xllcorner     44.0
yllcorner     -0.666666666666667
cellsize      0.166666666666667
NODATA_value  -9999
[rows 31 to 61 of 243, columns 140 to 209 of 320]
3.44965E-3 3.77839E-3 4.25976E-3 2.6577E-3 5.60055E-3 8.54576E-3 3.71913E-3 3.28679E-3 4.58635E-3 1.59805E-2 5.97409E-2 5.60759E-2 7.56603E-2 1.30123E-1 1.80557E-1 2.10137E-1 2.15279E-1 2.18489E-1 2.59084E-1 2.55666E-1 3.05235E-1 2.15794E-1 9.77671E-2 1.85501E-1 1.65211E-1 9.58853E-2 1.11061E-1 1.47496E-1 1.45359E-1 7.15267E-2 7.93401E-2 1.49449E-2 1.71962E-2 4.50024E-3 8.32315E-3 4.88768E-3 3.01008E-3 3.85737E-3 3.01046E-3 5.75534E-3 4.57351E-3 1.10788E-2 6.70871E-3 2.05118E-3 1.80706E-3 1.77448E-3 1.46509E-3 7.14603E-4 1.59141E-4 1.79597E-4 8.02479E-5 1.27559E-4 3.25301E-4 5.54374E-5 5.05488E-5 2.77147E-5 1.25072E-6 1.21602E-6 1.75726E-6 2.39719E-6 7.15716E-6 1.6428E-5 5.27211E-6 2.38069E-6 3.91654E-6 5.71359E-6 -9999 -9999 -9999 -9999
1.99926E-3 1.93331E-3 1.03913E-3 2.33769E-3 3.24991E-3 8.97694E-3 8.91563E-3 1.64481E-2 1.26505E-2 1.71243E-2 4.68001E-2 4.88984E-2 4.51385E-2 4.57506E-2 9.30009E-2 1.28841E-1 2.25904E-1 1.99071E-1 8.67848E-2 1.04893E-1 2.00931E-1 2.33218E-1 2.47605E-1 2.21927E-1 1.86847E-1 1.61855E-1 2.66575E-1 3.29018E-1 3.00458E-1 1.72619E-1 1.33099E-1 1.30419E-1 2.56355E-2 1.62355E-2 1.72415E-2 1.9695E-2 1.44642E-2 4.24788E-3 1.49327E-2 3.77122E-3 7.14643E-3 4.3265E-2 2.30308E-2 2.26429E-2 3.82458E-3 1.0871E-3 9.90523E-4 6.93479E-4 2.35549E-4 3.04576E-4 3.52977E-4 3.03007E-4 1.40286E-4 7.46809E-5 3.52158E-5 3.47437E-5 3.45002E-5 2.81778E-6 1.30454E-6 1.47796E-6 2.57659E-6 3.27026E-6 1.13619E-5 4.42651E-6 3.52179E-6 6.14527E-6 3.68541E-6 5.14676E-6 4.6728E-6 -9999
2.20408E-3 3.71291E-3 4.40611E-3 2.70559E-3 3.08129E-3 4.33951E-3 6.05041E-3 1.51997E-2 1.08752E-2 1.42847E-2 2.1579E-2 4.04392E-2 1.29258E-2 1.24323E-2 4.29892E-2 6.37121E-2 1.24779E-1 2.09525E-1 1.85808E-1 1.66302E-1 1.44868E-1 1.71131E-1 1.91885E-1 1.973E-1 2.16175E-1 2.59246E-1 3.57674E-1 3.78695E-1 4.0005E-1 3.56062E-1 2.76322E-1 1.89245E-1 2.68232E-2 3.62205E-2 2.8032E-2 1.24652E-2 8.60955E-3 1.01531E-2 1.19963E-2 8.95469E-4 2.32711E-3 1.25576E-2 5.88074E-2 6.15662E-2 1.68862E-2 5.3035E-3 1.39991E-3 1.12042E-3 7.66108E-4 2.40255E-4 5.08417E-5 3.08228E-4 4.18248E-5 1.72249E-5 9.29696E-6 8.73941E-6 1.11042E-5 1.81808E-5 1.41364E-5 1.75373E-5 5.15085E-6 4.54626E-6 4.646E-6 7.5513E-6 7.03369E-6 6.1471E-6 6.19965E-6 6.54255E-6 5.00579E-6 5.84506E-6
2.11274E-3 2.14978E-3 4.28478E-3 2.64898E-3 3.48985E-3 4.31254E-3 6.21206E-3 8.64596E-3 1.17553E-2 1.53103E-2 1.9295E-2 3.3405E-2 6.30553E-3 1.09759E-2 8.98354E-3 4.11514E-3 9.83821E-3 2.9022E-2 5.37131E-2 9.92938E-2 1.57492E-1 1.38469E-1 1.64728E-1 1.77412E-1 1.86631E-1 2.22434E-1 3.2588E-1 4.0695E-1 4.03715E-1 3.85692E-1 3.70901E-1 3.45885E-1 2.57493E-1 2.60401E-1 3.74369E-2 1.57933E-2 6.01126E-3 4.81759E-2 1.97398E-2 1.0394E-2 1.01938E-2 3.74528E-3 8.56004E-3 3.74319E-2 3.81163E-2 1.48022E-2 2.24735E-3 1.16527E-3 9.49668E-4 6.27225E-4 1.37042E-4 2.70309E-4 1.37387E-5 9.41566E-6 4.31408E-6 2.15008E-6 1.40039E-6 4.34156E-6 2.91672E-6 1.17357E-5 9.80856E-6 4.34127E-5 1.05503E-5 4.65855E-6 7.22497E-6 7.33708E-6 5.45707E-6 5.29298E-6 -9999 -9999
3.87197E-3 3.83783E-3 4.31398E-3 5.29635E-3 6.005E-3 7.19933E-3 5.81607E-3 7.82902E-3 1.05567E-2 1.57429E-2 3.26003E-2 2.24583E-2 7.94426E-3 1.57191E-2 2.53049E-2 2.94203E-2 3.23823E-2 1.40267E-2 8.52207E-3 1.0965E-2 2.27543E-2 5.73824E-2 1.13924E-1 1.81912E-1 2.04655E-1 2.30039E-1 3.16754E-1 2.72869E-1 2.97895E-1 3.8523E-1 4.11293E-1 3.71703E-1 2.96158E-1 2.86244E-1 4.14206E-2 2.63619E-2 1.03359E-2 1.07245E-1 4.31064E-2 1.3209E-2 1.03392E-2 8.66746E-4 1.17368E-3 5.0871E-3 1.83484E-2 3.28761E-2 1.72042E-2 5.49746E-3 9.61231E-4 1.13967E-3 3.70593E-4 1.38474E-4 4.42587E-5 1.1602E-5 6.81592E-6 4.78942E-6 5.26083E-6 8.35727E-6 1.85453E-5 2.17892E-5 5.51206E-6 5.04994E-6 3.39661E-5 4.90786E-6 5.01421E-6 5.65893E-6 5.64326E-6 7.17926E-6 5.46761E-6 -9999
2.26015E-3 2.85036E-3 4.43725E-3 5.49651E-3 6.07444E-3 5.27626E-3 7.48394E-3 7.90555E-3 8.49146E-3 1.13497E-2 1.69074E-2 1.6626E-2 2.0814E-2 1.92861E-2 3.49428E-2 3.46872E-2 5.48723E-2 7.77868E-2 5.35404E-2 2.72529E-2 2.96867E-2 3.5604E-2 7.89802E-2 1.16954E-1 1.58308E-1 2.45118E-1 1.74896E-1 2.51197E-1 3.69298E-1 3.91848E-1 3.85915E-1 3.88685E-1 3.74498E-1 3.01525E-1 7.28852E-2 7.78414E-2 1.57197E-1 1.39848E-1 4.42409E-2 6.61117E-2 6.48707E-2 2.10874E-2 1.66636E-3 1.28093E-3 1.29778E-3 1.86539E-2 3.78648E-2 2.42468E-2 2.09176E-3 1.50555E-3 1.34653E-3 7.74619E-4 6.58031E-5 1.53137E-5 2.26933E-5 1.19666E-5 1.19665E-5 3.05912E-5 3.27402E-6 7.29443E-6 5.14304E-6 4.441E-6 1.20256E-5 1.27632E-5 6.22561E-6 6.18389E-6 5.85471E-6 7.69108E-6 8.02203E-6 -9999
4.44058E-3 2.86167E-3 5.32711E-3 5.80997E-3 7.2582E-3 6.1206E-3 5.72453E-3 9.44786E-3 9.13393E-3 1.83193E-2 2.37415E-2 1.99306E-2 1.8156E-2 1.2308E-2 3.54829E-2 6.85737E-2 8.84506E-2 1.39261E-1 1.02064E-1 6.53612E-2 9.01793E-2 1.04627E-1 1.81131E-1 2.40493E-1 2.85219E-1 2.8425E-1 2.84567E-1 4.19012E-1 4.40576E-1 3.82803E-1 3.72874E-1 4.03214E-1 4.1601E-1 4.20399E-1 4.44019E-1 4.11531E-1 3.00332E-1 2.97445E-1 2.04494E-1 1.5596E-1 8.56378E-2 3.74504E-2 6.19191E-3 1.00084E-3 1.52799E-3 1.07993E-3 1.93568E-3 2.54081E-3 2.55611E-3 1.48976E-3 2.75586E-3 1.41271E-3 3.05695E-4 1.29404E-4 2.613E-5 1.74072E-5 4.28602E-5 8.27407E-5 1.44819E-5 6.02998E-6 8.89763E-6 6.50946E-6 7.89592E-6 7.19835E-6 1.14762E-5 7.76002E-6 7.81868E-6 8.3946E-6 9.08757E-6 -9999
5.40391E-3 3.31219E-3 4.9684E-3 3.81904E-3 8.22051E-3 4.47353E-3 5.53368E-3 6.42038E-3 1.11177E-2 2.63697E-2 2.05528E-2 1.39307E-2 2.2281E-2 2.91272E-2 5.92881E-2 1.17435E-1 1.45507E-1 1.54352E-1 1.66167E-1 2.01688E-1 2.53873E-1 2.27619E-1 2.60929E-1 3.37519E-1 3.83874E-1 4.04227E-1 4.1946E-1 4.69289E-1 4.54618E-1 4.39041E-1 4.46538E-1 4.48221E-1 4.69249E-1 4.82255E-1 4.65421E-1 4.40333E-1 4.26948E-1 4.1736E-1 1.04119E-1 2.78103E-1 1.24617E-1 7.27537E-2 3.2542E-2 4.61085E-3 6.74234E-3 6.28414E-4 4.73638E-4 1.1211E-3 1.69909E-3 1.04087E-3 9.09039E-3 3.85088E-3 1.16734E-3 1.24545E-3 5.34452E-4 2.6308E-5 2.23588E-5 1.1646E-4 1.09133E-5 1.6683E-5 1.14349E-5 1.26597E-5 1.021E-5 1.04945E-5 1.20472E-5 1.24076E-5 1.07807E-5 9.94242E-6 9.42937E-6 -9999
3.43303E-3 6.19776E-3 6.67695E-3 2.94657E-3 3.03453E-3 3.86399E-3 4.80681E-3 6.3521E-3 1.56556E-2 2.37508E-2 1.2427E-2 1.18558E-2 1.91508E-2 3.50438E-2 6.73227E-2 1.04975E-1 1.15355E-1 1.66211E-1 1.84181E-1 2.1423E-1 2.83148E-1 3.29324E-1 3.58322E-1 3.78417E-1 3.80255E-1 4.11596E-1 4.66139E-1 4.72248E-1 4.899E-1 4.99388E-1 5.11597E-1 5.23194E-1 5.39757E-1 5.16836E-1 4.9768E-1 4.8038E-1 4.93483E-1 4.7883E-1 1.58324E-1 1.08658E-1 2.71933E-1 2.51766E-1 1.78976E-1 5.10408E-2 4.20593E-2 3.28368E-3 3.95101E-3 3.32979E-3 9.94854E-4 7.21828E-4 1.64371E-3 2.67514E-3 2.08768E-3 2.10753E-3 4.16279E-4 2.01549E-4 4.11543E-5 5.02031E-5 5.99556E-5 4.18441E-5 3.89107E-5 3.10013E-5 2.27219E-5 1.89546E-5 1.84852E-5 1.50716E-5 1.54468E-5 1.8103E-5 1.48986E-5 1.47121E-5
3.00586E-3 4.51321E-3 2.57048E-3 2.60482E-3 3.01779E-3 3.62054E-3 5.2641E-3 1.73507E-2 2.20401E-2 1.48179E-2 1.05365E-2 1.2381E-2 1.66501E-2 2.46562E-2 4.0724E-2 9.10323E-2 1.41487E-1 1.99438E-1 2.09816E-1 2.30477E-1 2.75839E-1 3.08478E-1 3.76547E-1 3.06729E-1 3.1946E-1 4.32239E-1 4.99447E-1 5.03115E-1 5.28531E-1 5.45895E-1 5.52027E-1 5.42081E-1 5.43836E-1 5.30708E-1 5.07274E-1 5.17009E-1 5.33565E-1 5.51122E-1 5.28045E-1 1.7838E-1 4.18163E-1 4.29845E-1 1.25252E-1 9.19564E-2 6.62894E-2 2.09598E-2 6.20681E-3 3.04979E-3 2.89844E-3 2.69905E-3 2.10836E-3 1.52661E-3 2.00572E-3 1.5973E-3 2.44313E-3 5.97352E-4 1.99181E-4 1.0413E-4 6.76732E-5 7.30955E-5 4.69276E-5 6.03942E-5 4.15815E-5 3.19921E-5 2.52328E-5 2.59824E-5 2.29801E-5 2.40108E-5 3.28826E-5 1.9486E-5
3.36874E-3 2.97176E-3 2.63758E-3 2.63965E-3 3.02436E-3 3.94262E-3 9.34143E-3 1.23279E-2 1.84719E-2 1.08592E-2 1.29937E-2 1.62151E-2 2.48881E-2 3.6419E-2 5.91458E-2 8.39417E-2 1.57303E-1 2.13822E-1 2.28555E-1 2.66908E-1 2.96402E-1 3.40863E-1 3.6073E-1 4.26825E-1 4.55947E-1 4.96904E-1 4.90034E-1 5.15909E-1 5.17038E-1 5.15756E-1 5.52528E-1 5.49751E-1 5.32018E-1 5.50655E-1 5.58642E-1 5.82524E-1 5.89047E-1 5.96533E-1 5.83575E-1 5.44845E-1 5.09615E-1 1.51063E-1 1.26328E-1 1.03843E-1 7.6389E-2 5.57277E-2 3.79768E-2 1.0697E-2 2.17452E-3 6.45392E-4 8.18214E-4 7.88209E-4 9.37689E-4 6.55515E-4 2.07423E-3 1.20791E-3 3.6965E-4 3.07397E-4 1.44704E-4 1.35122E-4 1.52257E-4 1.73116E-4 9.21222E-5 6.0802E-5 5.83467E-5 5.6864E-5 4.24622E-5 3.81145E-5 3.34074E-5 3.42232E-5
3.80974E-3 3.39753E-3 3.02334E-3 2.98529E-3 3.45327E-3 4.05096E-3 9.99403E-3 1.11055E-2 1.05196E-2 1.21379E-2 1.29346E-2 1.83434E-2 1.77412E-2 2.03331E-2 2.19887E-2 5.06267E-2 1.14853E-1 1.7975E-1 2.49295E-1 2.94112E-1 3.16645E-1 3.57336E-1 3.83867E-1 4.37871E-1 4.97352E-1 5.03689E-1 4.56502E-1 5.00038E-1 4.84724E-1 4.74475E-1 4.66702E-1 4.65296E-1 4.77349E-1 5.10133E-1 5.44073E-1 6.10451E-1 6.38185E-1 6.29353E-1 6.08526E-1 5.85286E-1 5.58079E-1 5.09973E-1 1.52184E-1 1.1221E-1 9.17658E-2 7.22141E-2 4.67994E-2 2.36081E-2 8.59768E-3 3.29534E-3 2.06087E-3 2.28782E-3 4.57288E-3 1.26382E-3 1.78862E-3 1.36824E-3 1.36192E-3 3.79768E-4 3.35176E-4 4.10989E-4 2.10223E-4 1.65894E-4 1.6765E-4 1.84549E-4 1.82649E-4 1.17683E-4 1.20425E-4 1.10541E-4 5.37449E-5 7.32843E-5
5.37483E-3 4.43449E-3 3.84649E-3 3.94248E-3 4.18545E-3 4.65591E-3 1.08122E-2 1.30108E-2 1.56766E-2 1.83362E-2 1.4852E-2 1.75827E-2 1.34999E-2 1.57366E-2 2.62583E-2 5.5443E-2 1.03395E-1 1.52218E-1 2.55768E-1 3.11589E-1 3.20972E-1 3.6584E-1 4.13413E-1 4.64448E-1 4.91289E-1 5.1747E-1 4.93225E-1 4.24517E-1 4.15941E-1 3.9299E-1 4.78454E-1 5.51226E-1 6.00533E-1 6.24262E-1 6.7642E-1 6.8106E-1 6.61496E-1 6.57151E-1 6.42935E-1 6.19967E-1 6.1621E-1 5.68316E-1 5.12831E-1 4.79501E-1 1.24843E-1 1.1197E-1 7.8899E-2 4.79058E-2 3.08956E-2 2.12036E-2 1.5073E-2 1.06302E-2 6.58092E-3 2.40592E-3 5.43298E-4 1.24309E-3 1.03435E-3 1.49405E-3 1.36086E-3 7.77378E-4 2.82153E-4 2.78068E-4 2.43826E-4 2.17911E-4 2.32865E-4 2.21294E-4 2.1538E-4 3.2211E-4 1.1442E-4 9.69855E-5
7.1899E-3 5.23258E-3 5.0368E-3 5.09526E-3 5.07496E-3 1.0288E-2 1.12851E-2 1.04007E-2 1.76625E-2 2.28109E-2 1.87721E-2 1.63044E-2 1.97028E-2 2.77523E-2 3.73728E-2 8.44131E-2 1.53576E-1 2.0833E-1 2.95532E-1 3.21609E-1 3.26565E-1 3.38623E-1 3.43908E-1 4.024E-1 4.71232E-1 4.87121E-1 4.84107E-1 4.74101E-1 4.51517E-1 5.43846E-1 5.88876E-1 5.99727E-1 5.99923E-1 5.90723E-1 6.21664E-1 6.56116E-1 6.83346E-1 6.66137E-1 6.68859E-1 6.5158E-1 6.2986E-1 6.15284E-1 5.7976E-1 5.67769E-1 5.12225E-1 4.42678E-1 1.22143E-1 9.16279E-2 6.76321E-2 4.34808E-2 3.60555E-2 1.45246E-2 3.70429E-3 2.3716E-3 1.97999E-3 7.8326E-4 1.40269E-3 1.2661E-3 1.66832E-3 1.3396E-3 4.78861E-4 6.89347E-4 4.62491E-4 6.63912E-4 3.99913E-4 2.84803E-4 2.82465E-4 -9999 -9999 2.73806E-4
8.27221E-3 7.2137E-3 6.35658E-3 5.8952E-3 1.09155E-2 1.2682E-2 1.23395E-2 1.2828E-2 1.38632E-2 1.9035E-2 3.28864E-2 2.70128E-2 3.635E-2 5.66505E-2 6.28245E-2 1.07862E-1 1.68513E-1 2.68078E-1 2.98083E-1 3.34817E-1 3.41133E-1 3.34037E-1 3.65216E-1 4.15656E-1 4.3334E-1 4.46815E-1 4.46848E-1 4.61385E-1 5.06405E-1 5.29748E-1 5.78302E-1 5.9946E-1 5.93075E-1 5.88229E-1 5.97547E-1 6.16959E-1 6.25085E-1 6.80979E-1 6.7851E-1 6.64339E-1 6.38989E-1 6.33239E-1 6.04481E-1 6.05762E-1 5.60643E-1 5.18037E-1 4.66302E-1 1.33014E-1 1.06376E-1 7.2813E-2 4.79107E-2 2.85867E-2 8.38944E-3 4.34421E-3 2.21197E-3 8.07979E-4 2.02271E-3 1.19731E-3 1.38523E-3 5.39103E-4 8.82911E-4 8.17503E-4 4.72299E-4 8.79032E-4 1.19309E-3 7.24041E-4 4.97677E-4 -9999 -9999 -9999
1.08521E-2 8.72311E-3 7.20858E-3 1.26887E-2 1.29981E-2 1.37689E-2 1.04211E-2 1.16296E-2 1.67171E-2 1.40394E-2 3.2598E-2 4.84355E-2 5.82704E-2 7.58563E-2 1.11041E-1 1.31406E-1 2.05887E-1 1.68221E-1 1.83273E-1 2.18601E-1 3.14006E-1 3.29247E-1 3.68994E-1 3.76536E-1 3.99223E-1 4.00149E-1 4.16608E-1 4.32903E-1 4.76301E-1 5.05126E-1 5.61701E-1 5.89603E-1 5.99921E-1 5.56816E-1 5.44918E-1 5.67179E-1 5.84529E-1 6.06245E-1 6.40664E-1 6.57573E-1 6.48465E-1 6.22773E-1 6.24482E-1 6.12307E-1 5.98164E-1 5.94546E-1 5.26356E-1 4.83603E-1 1.30853E-1 1.14173E-1 7.452E-2 4.17975E-2 2.54587E-2 8.25465E-3 5.93E-3 8.4117E-3 3.84959E-3 9.51806E-4 1.9317E-3 8.92393E-4 1.82977E-3 8.04707E-4 6.67618E-4 9.0129E-4 1.18533E-3 1.31403E-3 1.28529E-3 2.05532E-3 -9999 -9999
1.09644E-2 1.0823E-2 1.74271E-2 1.56151E-2 1.5646E-2 1.48091E-2 1.19301E-2 1.03996E-2 1.17408E-2 1.73479E-2 2.52767E-2 3.457E-2 7.21068E-2 7.55951E-2 1.07243E-1 8.33753E-2 2.14787E-1 1.37668E-1 1.54236E-1 1.8795E-1 1.85046E-1 1.79344E-1 1.9752E-1 2.31675E-1 2.45294E-1 2.73288E-1 3.83802E-1 4.1111E-1 4.37999E-1 4.77479E-1 5.09611E-1 5.40043E-1 5.41212E-1 5.25387E-1 5.19779E-1 5.08541E-1 5.28195E-1 5.5197E-1 5.96164E-1 6.70886E-1 6.41415E-1 6.37861E-1 6.14027E-1 6.22787E-1 6.03218E-1 5.88212E-1 5.5564E-1 5.11023E-1 4.77084E-1 1.44324E-1 1.04564E-1 5.32914E-2 2.75696E-2 2.54263E-2 1.20898E-2 1.65884E-2 2.11925E-2 1.07074E-2 7.46075E-3 3.43006E-3 4.78099E-4 1.01477E-3 8.64719E-4 8.47154E-4 1.07387E-3 1.07011E-3 1.09059E-3 2.18555E-3 -9999 -9999
1.70583E-2 1.17929E-2 2.21568E-2 1.97312E-2 1.84914E-2 1.3404E-2 1.19111E-2 1.11817E-2 1.26705E-2 2.11037E-2 2.85481E-2 2.93258E-2 7.03462E-2 7.51477E-2 6.81542E-2 6.16453E-2 2.12543E-1 1.52932E-1 1.42065E-1 1.57129E-1 1.61384E-1 1.66045E-1 1.57317E-1 1.61094E-1 1.77513E-1 1.96286E-1 2.21162E-1 2.56436E-1 3.93538E-1 4.34871E-1 4.82802E-1 5.03271E-1 4.90994E-1 4.78432E-1 4.74233E-1 4.8215E-1 4.98389E-1 5.32948E-1 5.71087E-1 6.30229E-1 6.59919E-1 6.26515E-1 6.15594E-1 6.03004E-1 5.95795E-1 5.7874E-1 5.7072E-1 5.20988E-1 5.02128E-1 4.90288E-1 1.30562E-1 6.79992E-2 2.71001E-2 3.06173E-2 4.11462E-2 2.52838E-2 2.33969E-2 2.90356E-2 1.34555E-2 8.49527E-3 1.71968E-3 1.58991E-3 1.01077E-3 1.08981E-3 1.05694E-3 1.15638E-3 1.70238E-3 2.2118E-3 -9999 -9999
1.79592E-2 2.88238E-2 2.54268E-2 2.42672E-2 1.90775E-2 1.4137E-2 1.15717E-2 1.1226E-2 1.3095E-2 1.50374E-2 2.63562E-2 3.68804E-2 6.09286E-2 7.89203E-2 4.15824E-2 4.32834E-2 1.72124E-1 1.59925E-1 1.36077E-1 1.4212E-1 1.35428E-1 1.31647E-1 1.24044E-1 1.29803E-1 1.3496E-1 1.49294E-1 1.75802E-1 1.98001E-1 2.53646E-1 4.0011E-1 4.38367E-1 4.62601E-1 4.76041E-1 4.72342E-1 4.76212E-1 4.7538E-1 4.84854E-1 5.08761E-1 5.50604E-1 6.13844E-1 6.52095E-1 6.35923E-1 6.05058E-1 6.0789E-1 5.89281E-1 5.93742E-1 5.75556E-1 5.5554E-1 5.5273E-1 5.21241E-1 4.78487E-1 1.33031E-1 9.74649E-2 8.29494E-2 5.76139E-2 5.74017E-2 4.05574E-2 3.66829E-2 1.27986E-2 3.58036E-3 2.46454E-3 9.89917E-4 1.63257E-3 1.31509E-3 2.78719E-3 2.30624E-3 2.62879E-3 1.1719E-3 1.43942E-3 -9999
2.79478E-2 4.46655E-2 3.80315E-2 2.24472E-2 1.56113E-2 1.26263E-2 1.14856E-2 1.07578E-2 1.11791E-2 1.87066E-2 2.15765E-2 4.81475E-2 8.78593E-2 6.59969E-2 4.9206E-2 6.34608E-2 1.32902E-1 1.54742E-1 1.2953E-1 1.35325E-1 1.29499E-1 1.2424E-1 1.16579E-1 1.13688E-1 1.15639E-1 1.21863E-1 1.39835E-1 1.51899E-1 1.97244E-1 2.53845E-1 4.12507E-1 4.55329E-1 4.78481E-1 4.95992E-1 4.99882E-1 4.74759E-1 4.71288E-1 4.95162E-1 5.31755E-1 5.86848E-1 6.50834E-1 6.45632E-1 6.3805E-1 6.27475E-1 6.32602E-1 6.33457E-1 6.21171E-1 5.95166E-1 5.64989E-1 5.656E-1 5.36644E-1 5.05885E-1 1.50334E-1 1.33184E-1 1.13592E-1 8.93063E-2 7.20446E-2 2.95524E-2 8.87538E-3 7.97976E-3 9.33534E-3 8.57357E-3 3.23894E-3 4.11513E-4 1.60707E-3 1.89742E-3 1.18322E-3 1.35718E-3 1.30741E-3 -9999
4.99629E-2 4.54016E-2 3.95607E-2 2.72567E-2 1.6526E-2 1.22823E-2 9.87838E-3 1.01836E-2 1.04873E-2 1.35643E-2 2.17945E-2 3.69345E-2 6.74191E-2 5.71074E-2 5.94495E-2 7.94266E-2 1.18679E-1 1.49836E-1 1.36338E-1 1.22785E-1 1.21782E-1 1.17106E-1 1.08488E-1 1.02928E-1 9.89034E-2 9.51079E-2 1.01473E-1 1.15823E-1 1.39565E-1 2.06834E-1 4.05058E-1 4.45919E-1 4.92586E-1 5.22148E-1 5.10298E-1 4.87954E-1 4.71218E-1 4.90858E-1 5.20958E-1 5.62984E-1 5.99682E-1 6.34847E-1 6.71399E-1 6.68196E-1 6.71983E-1 6.72527E-1 6.68412E-1 6.40302E-1 6.07615E-1 5.8609E-1 6.044E-1 5.63784E-1 5.0475E-1 1.5702E-1 1.5696E-1 1.14449E-1 6.93762E-2 3.04769E-2 2.96121E-2 1.96779E-2 7.5917E-3 4.45007E-3 3.68668E-3 1.41377E-3 7.66962E-4 1.73884E-3 1.28403E-3 1.19451E-3 1.20884E-3 1.4002E-3
4.36445E-2 3.24048E-2 2.5189E-2 2.53906E-2 2.12149E-2 1.70218E-2 1.05231E-2 8.90112E-3 9.92994E-3 1.26296E-2 2.10697E-2 3.92767E-2 5.07472E-2 6.16922E-2 6.37113E-2 1.24617E-1 1.58672E-1 1.62412E-1 1.39104E-1 1.16021E-1 1.1464E-1 1.15881E-1 1.0623E-1 9.26472E-2 8.46514E-2 8.09575E-2 7.75296E-2 8.26882E-2 9.88232E-2 1.50697E-1 2.57296E-1 4.57429E-1 5.26832E-1 5.492E-1 5.20358E-1 4.90114E-1 4.74662E-1 4.87217E-1 5.05094E-1 5.36191E-1 5.58159E-1 5.73895E-1 5.97493E-1 6.85534E-1 6.77566E-1 6.74188E-1 6.67948E-1 6.53111E-1 6.54947E-1 6.34697E-1 6.11615E-1 5.87613E-1 5.38506E-1 4.96974E-1 5.09976E-1 1.57533E-1 9.40875E-2 4.71729E-2 2.17398E-2 1.15268E-2 1.1364E-2 4.60901E-3 4.58791E-3 2.54575E-3 3.61261E-3 1.08006E-3 4.02974E-4 1.25814E-3 2.29486E-3 2.05488E-3
4.13678E-2 1.82275E-2 2.54708E-2 3.18422E-2 1.94887E-2 1.32015E-2 9.20697E-3 9.06767E-3 1.18302E-2 1.51761E-2 2.5355E-2 5.05159E-2 5.14323E-2 5.70355E-2 9.26218E-2 1.32978E-1 1.36166E-1 2.50507E-1 1.4778E-1 1.12619E-1 1.03035E-1 1.06097E-1 9.56333E-2 8.29943E-2 7.59997E-2 6.94264E-2 6.09689E-2 6.17E-2 7.01737E-2 1.12933E-1 1.87677E-1 4.37839E-1 5.27349E-1 5.51814E-1 5.13792E-1 4.77842E-1 4.67777E-1 4.7687E-1 4.85955E-1 5.0955E-1 5.25643E-1 5.40635E-1 5.85458E-1 6.86969E-1 6.84775E-1 6.90856E-1 6.87896E-1 6.78479E-1 6.56677E-1 6.47524E-1 6.17078E-1 6.00822E-1 5.50249E-1 5.20363E-1 5.33194E-1 1.8651E-1 1.40436E-1 5.48479E-2 2.05218E-2 1.82791E-2 7.49132E-3 8.18685E-3 1.0354E-2 1.04242E-2 9.48867E-3 4.23624E-3 1.25446E-3 7.09669E-4 5.83343E-4 1.36895E-3
3.89002E-2 2.91563E-2 3.90815E-2 2.92535E-2 1.44146E-2 1.30103E-2 8.39854E-3 7.89341E-3 1.13905E-2 1.59305E-2 2.54488E-2 5.57278E-2 7.26201E-2 8.58254E-2 1.43234E-1 1.61449E-1 1.29065E-1 1.90791E-1 1.49838E-1 9.74343E-2 9.01605E-2 8.88156E-2 7.96667E-2 7.42473E-2 6.73228E-2 6.33263E-2 5.66543E-2 5.0157E-2 5.68557E-2 9.51325E-2 1.49345E-1 2.86449E-1 4.68678E-1 4.99227E-1 5.09924E-1 4.57014E-1 4.6012E-1 4.51974E-1 4.7513E-1 4.8831E-1 4.99243E-1 5.20704E-1 5.68567E-1 6.40054E-1 6.8139E-1 6.90945E-1 6.94426E-1 6.83157E-1 6.52502E-1 6.39763E-1 6.10767E-1 6.12641E-1 5.85106E-1 5.49304E-1 5.4944E-1 5.34764E-1 1.774E-1 1.07072E-1 2.96801E-2 1.71451E-2 1.1916E-2 8.78756E-3 1.01262E-2 6.65995E-3 7.65622E-3 7.29758E-3 9.04172E-3 3.38547E-3 8.2716E-4 5.55244E-4
4.49442E-2 1.88253E-2 1.20112E-2 1.67551E-2 1.49469E-2 1.1345E-2 9.3895E-3 8.78488E-3 1.08932E-2 1.72734E-2 3.02047E-2 7.74727E-2 9.19577E-2 1.27101E-1 1.8631E-1 2.05981E-1 2.13635E-1 1.86624E-1 1.42742E-1 9.36547E-2 7.7508E-2 7.2033E-2 6.5774E-2 6.57876E-2 6.36213E-2 6.1987E-2 5.82094E-2 5.35704E-2 6.26022E-2 8.39985E-2 1.29319E-1 2.02166E-1 3.05531E-1 4.42346E-1 4.73212E-1 4.61614E-1 4.31867E-1 4.49761E-1 4.67912E-1 4.82243E-1 4.89674E-1 5.0693E-1 5.64557E-1 6.21171E-1 6.44868E-1 6.54448E-1 6.59127E-1 6.87282E-1 6.74636E-1 6.32469E-1 6.31765E-1 6.22861E-1 6.06252E-1 5.79626E-1 5.48334E-1 5.6556E-1 5.1771E-1 1.45906E-1 8.61313E-2 3.33169E-2 1.6072E-2 1.14791E-2 1.07505E-2 6.87973E-3 5.17928E-3 6.17192E-3 7.45963E-3 7.07219E-3 4.18255E-3 2.26532E-3
3.05217E-2 1.87303E-2 1.00564E-2 9.80989E-3 1.69541E-2 1.2421E-2 1.15816E-2 1.2376E-2 1.8922E-2 3.19041E-2 5.37298E-2 1.00933E-1 1.26933E-1 1.43483E-1 1.78291E-1 2.08775E-1 2.13614E-1 2.78086E-1 1.45322E-1 7.79024E-2 6.29225E-2 6.22248E-2 5.99338E-2 6.00037E-2 6.11563E-2 6.22722E-2 6.43461E-2 6.10388E-2 6.63049E-2 8.18599E-2 1.07859E-1 1.48683E-1 1.90892E-1 2.54713E-1 2.5756E-1 2.56174E-1 2.68356E-1 2.98811E-1 4.59497E-1 4.81848E-1 5.00103E-1 5.10933E-1 5.60266E-1 6.09242E-1 6.39068E-1 6.40825E-1 6.1748E-1 6.35962E-1 7.09873E-1 6.61628E-1 6.40487E-1 6.23009E-1 6.34695E-1 6.0035E-1 5.80144E-1 5.95753E-1 5.26987E-1 1.56308E-1 1.12262E-1 6.99059E-2 3.51766E-2 1.95589E-2 1.94844E-2 1.5283E-2 4.82724E-3 3.61454E-3 8.80665E-3 1.06643E-2 8.32445E-3 9.52994E-3
2.11506E-2 3.6783E-2 3.72891E-2 2.47319E-2 1.96177E-2 1.54708E-2 2.15847E-2 2.71754E-2 3.35664E-2 5.2376E-2 1.24893E-1 1.36737E-1 1.6401E-1 1.73444E-1 1.75733E-1 2.34263E-1 1.92505E-1 3.02468E-1 1.30387E-1 5.62823E-2 4.85051E-2 4.89425E-2 5.08117E-2 5.25353E-2 6.28107E-2 6.70162E-2 6.65572E-2 7.0743E-2 6.68817E-2 7.46218E-2 9.02609E-2 1.14557E-1 1.38706E-1 1.86024E-1 1.93157E-1 1.99433E-1 2.21063E-1 2.48078E-1 3.41206E-1 4.71799E-1 4.87082E-1 5.06852E-1 5.60143E-1 6.10601E-1 6.40752E-1 6.50973E-1 6.07046E-1 6.50468E-1 7.22988E-1 6.98477E-1 6.86343E-1 6.60101E-1 6.999E-1 6.39087E-1 5.92915E-1 5.8667E-1 5.33651E-1 4.86976E-1 1.48006E-1 1.20138E-1 6.71579E-2 4.086E-2 2.67194E-2 1.95557E-2 1.70837E-2 6.55406E-3 8.08788E-3 1.52097E-2 2.55006E-2 1.71995E-2
2.09534E-2 5.82174E-2 1.39435E-1 1.9532E-1 9.80317E-2 3.52856E-2 4.31126E-2 9.83447E-2 8.86927E-2 1.46144E-1 1.62398E-1 1.71188E-1 1.996E-1 1.63664E-1 2.31913E-1 2.78858E-1 2.26472E-1 2.12161E-1 1.00122E-1 5.79009E-2 5.06325E-2 4.62095E-2 4.99255E-2 5.02092E-2 5.88072E-2 6.78127E-2 6.59857E-2 6.94485E-2 6.19764E-2 6.45328E-2 7.58012E-2 9.26642E-2 1.14271E-1 1.4562E-1 1.55731E-1 1.6637E-1 1.77393E-1 2.28469E-1 3.06499E-1 4.62264E-1 4.80561E-1 4.98653E-1 5.46547E-1 5.99816E-1 6.36178E-1 6.45129E-1 6.63835E-1 7.02811E-1 7.26624E-1 7.17819E-1 7.06608E-1 7.07212E-1 7.17723E-1 6.90592E-1 6.12036E-1 6.19547E-1 5.85755E-1 5.36867E-1 4.85209E-1 1.38333E-1 9.45377E-2 6.40402E-2 6.47364E-2 5.37625E-2 2.71184E-2 3.65678E-2 1.91975E-2 1.57056E-2 9.50569E-3 8.53629E-3
2.36591E-2 6.22791E-2 1.01094E-1 1.58128E-1 1.69912E-1 1.39745E-1 1.01417E-1 1.41311E-1 1.53733E-1 1.17591E-1 1.37371E-1 1.48886E-1 1.828E-1 2.75911E-1 2.8772E-1 2.52256E-1 2.8939E-1 1.66643E-1 1.00421E-1 6.96732E-2 5.92124E-2 5.30209E-2 5.113E-2 5.37788E-2 5.41921E-2 6.38557E-2 6.49247E-2 6.38023E-2 6.11067E-2 5.59215E-2 6.80209E-2 8.3813E-2 9.50928E-2 1.31967E-1 1.38681E-1 1.45964E-1 1.62375E-1 2.11288E-1 2.76348E-1 3.33839E-1 4.70213E-1 4.87466E-1 5.22059E-1 5.65559E-1 6.00262E-1 6.19321E-1 6.60916E-1 6.87865E-1 7.07135E-1 6.98397E-1 7.09907E-1 7.32938E-1 7.36209E-1 6.89001E-1 6.39809E-1 6.4655E-1 6.29484E-1 5.76216E-1 5.24191E-1 4.68264E-1 1.10313E-1 8.51741E-2 8.83881E-2 9.43657E-2 7.91486E-2 4.7701E-2 1.19497E-2 9.18144E-3 1.43079E-2 6.80366E-3
3.71481E-2 5.46406E-2 6.01079E-2 6.30338E-2 8.4465E-2 8.94118E-2 1.18517E-1 1.41953E-1 1.32916E-1 1.52379E-1 1.83009E-1 2.04529E-1 2.95373E-1 3.0707E-1 3.28216E-1 2.85285E-1 2.47231E-1 1.66875E-1 1.27196E-1 9.90816E-2 7.31551E-2 5.78962E-2 5.39134E-2 5.93471E-2 5.66759E-2 5.98407E-2 5.82165E-2 5.41374E-2 5.31693E-2 5.09567E-2 5.96253E-2 7.22689E-2 9.49854E-2 1.08566E-1 1.16476E-1 1.29485E-1 1.56191E-1 1.85608E-1 2.14689E-1 2.53514E-1 2.75543E-1 3.35206E-1 4.95878E-1 5.33051E-1 5.62028E-1 5.85968E-1 6.41399E-1 6.64631E-1 6.73303E-1 6.58903E-1 6.37999E-1 6.32909E-1 6.92137E-1 6.91573E-1 6.74071E-1 6.783E-1 6.54405E-1 6.06758E-1 5.46958E-1 4.799E-1 4.10909E-1 1.06588E-1 1.05497E-1 1.19856E-1 1.2269E-1 8.34185E-2 4.13534E-2 2.05512E-2 1.39321E-2 8.40268E-3
3.14408E-2 3.28241E-2 3.54573E-2 4.10854E-2 4.19457E-2 5.27951E-2 9.72165E-2 1.16586E-1 1.6054E-1 1.6944E-1 2.12049E-1 2.24258E-1 2.75837E-1 3.21166E-1 3.2686E-1 3.27241E-1 2.03731E-1 1.90137E-1 1.69254E-1 1.40605E-1 9.34325E-2 6.42807E-2 5.87512E-2 5.45813E-2 5.56822E-2 5.51257E-2 5.46248E-2 5.20374E-2 5.15876E-2 5.60741E-2 6.06638E-2 7.6259E-2 9.67032E-2 1.09181E-1 1.16975E-1 1.21788E-1 1.34089E-1 1.3781E-1 1.51455E-1 1.80142E-1 2.08531E-1 2.51431E-1 3.43156E-1 5.03786E-1 5.32609E-1 5.55736E-1 5.84807E-1 6.12E-1 6.30178E-1 6.23661E-1 6.05619E-1 6.16547E-1 7.07706E-1 7.09754E-1 6.91226E-1 6.86859E-1 6.66577E-1 6.39187E-1 5.69214E-1 4.8239E-1 4.62632E-1 4.13891E-1 1.23138E-1 1.29906E-1 1.32697E-1 1.01621E-1 7.88E-2 4.62512E-2 3.4853E-2 2.39595E-2
