KUENM_DEFAULT/Final_Models/M_1_F_lqpth_Set_1_NE/sp1_6.asc
ncols         197
nrows         210
xllcorner     56.1666666666667
yllcorner     4.5
cellsize      0.166666666666667
NODATA_value  -9999
[rows 56 to 83 of 210, columns 130 to 194 of 197]
1.60111E-2 6.34278E-3 7.95554E-3 3.82665E-3 4.07119E-3 1.6444E-3 1.76227E-3 1.08843E-3 1.3531E-3 1.69107E-3 1.61751E-3 1.29072E-3 1.38346E-3 1.30672E-3 2.53327E-3 2.03551E-3 2.64558E-3 2.28095E-3 2.51879E-3 4.95989E-3 5.75566E-3 6.93535E-3 9.70899E-3 9.78969E-3 6.98889E-3 6.82896E-3 4.87577E-3 5.62263E-3 5.77834E-3 7.19186E-3 1.4566E-2 1.67978E-2 1.20217E-2 9.4718E-3 6.68607E-3 6.36512E-3 6.11841E-3 3.95883E-3 2.78112E-4 3.21321E-4 3.7773E-4 2.49064E-4 2.10275E-4 2.10309E-4 -9999 -9999 -9999 -9999 -9999 -9999 -9999 -9999 -9999 -9999 -9999 -9999 -9999 -9999 -9999 -9999 -9999 -9999 -9999 -9999 -9999
4.50389E-2 2.65102E-2 1.27639E-2 2.7144E-3 2.52436E-3 4.15423E-3 1.39209E-3 1.31235E-3 3.58955E-3 3.23015E-3 3.15016E-3 3.27897E-3 2.53111E-3 2.13767E-3 2.18303E-3 2.42435E-3 2.86082E-3 2.81993E-3 2.72133E-3 6.46083E-3 7.18409E-3 5.18299E-3 7.34446E-3 1.18541E-2 2.87118E-2 8.89997E-3 7.42831E-3 6.28627E-3 5.87356E-3 8.71373E-3 1.12467E-2 1.50018E-2 1.12619E-2 1.09223E-2 9.25315E-3 6.76661E-3 5.54253E-3 5.49161E-3 3.89465E-3 3.63421E-4 2.69069E-4 3.17683E-4 2.2194E-4 2.1094E-4 2.74842E-4 1.77648E-4 -9999 -9999 -9999 -9999 -9999 -9999 -9999 -9999 -9999 -9999 -9999 -9999 -9999 -9999 -9999 -9999 -9999 -9999 -9999
5.96087E-2 5.87354E-2 3.38625E-2 1.00979E-2 5.13023E-3 4.16725E-3 2.74618E-3 2.14197E-3 3.90331E-3 3.41038E-3 2.8189E-3 3.07558E-3 2.84729E-3 2.30972E-3 2.20931E-3 2.55823E-3 3.13943E-3 3.2581E-3 1.8622E-3 1.93724E-3 3.17675E-3 1.50176E-2 1.18314E-2 3.51158E-2 5.24129E-2 3.96859E-2 8.53744E-3 6.72284E-3 7.56352E-3 4.56212E-3 8.05256E-3 1.12192E-2 1.56932E-2 1.05125E-2 8.95016E-3 8.00939E-3 6.05657E-3 6.28985E-3 4.65091E-3 4.63045E-4 3.07236E-4 3.5313E-4 3.85458E-4 3.14605E-4 2.61188E-4 2.14364E-4 1.95831E-4 2.59653E-4 -9999 -9999 -9999 -9999 -9999 -9999 -9999 -9999 -9999 -9999 -9999 -9999 -9999 -9999 -9999 -9999 -9999
6.85771E-2 6.44996E-2 4.60107E-2 3.14379E-2 1.24525E-2 9.47039E-3 6.70491E-3 4.54992E-3 2.58947E-3 1.97811E-3 2.86564E-3 2.86054E-3 3.01399E-3 3.20094E-3 3.64275E-3 3.96517E-3 3.71085E-3 3.34266E-3 3.64502E-3 4.41164E-3 6.14416E-3 5.06941E-3 2.31046E-2 6.89455E-2 5.92745E-2 4.70157E-2 3.01046E-2 1.40264E-2 9.14426E-3 7.98005E-3 8.62773E-3 1.15491E-2 5.99897E-3 7.96934E-3 7.66352E-3 6.33057E-3 5.67488E-3 7.40604E-3 6.4989E-3 5.38494E-3 6.35943E-4 5.40831E-4 5.39783E-4 4.33677E-4 3.79303E-4 2.91788E-4 3.0859E-4 3.34912E-4 2.59472E-4 2.43718E-4 -9999 -9999 -9999 -9999 -9999 -9999 -9999 -9999 -9999 -9999 -9999 -9999 -9999 -9999 -9999
6.8659E-2 6.93163E-2 5.70567E-2 4.75163E-2 3.69722E-2 2.74103E-2 1.24929E-2 7.78422E-3 2.93343E-3 1.33285E-3 6.97442E-4 1.08032E-3 3.08134E-3 3.42183E-3 4.39471E-3 5.20831E-3 4.20983E-3 4.54587E-3 4.90845E-3 4.65582E-3 5.67286E-3 7.50149E-3 2.89172E-2 6.11587E-2 3.89711E-2 3.00813E-2 1.48546E-2 7.96284E-3 5.70064E-3 6.33081E-3 8.71752E-3 1.04176E-2 1.4349E-2 5.21028E-3 5.85831E-3 3.95203E-3 5.08392E-3 6.53964E-3 4.52769E-3 5.37082E-3 7.45591E-4 5.83426E-4 7.06179E-4 6.22399E-4 5.27641E-4 3.41615E-4 3.80266E-4 3.82727E-4 4.01356E-4 3.86967E-4 3.91977E-4 3.10451E-4 -9999 -9999 -9999 -9999 -9999 -9999 -9999 -9999 -9999 -9999 -9999 -9999 -9999
6.75869E-2 6.90123E-2 6.41292E-2 5.59277E-2 4.85227E-2 4.08247E-2 3.13173E-2 2.06513E-2 7.5979E-3 3.09083E-3 2.30312E-3 2.20714E-3 2.93783E-3 3.6638E-3 4.80604E-3 4.51927E-3 2.53199E-3 4.93496E-3 7.12937E-3 6.63924E-3 8.90584E-3 6.21919E-3 7.4396E-3 4.13909E-2 4.04928E-2 3.79221E-2 3.45836E-2 1.52875E-2 7.16897E-3 7.05268E-3 8.29608E-3 8.05276E-3 1.31182E-2 5.79039E-3 4.12477E-3 4.54943E-3 7.34965E-3 6.75966E-3 5.46206E-3 5.95362E-3 8.12954E-3 8.00491E-4 7.44158E-4 6.19622E-4 5.8991E-4 7.20354E-4 5.33573E-4 6.4002E-4 6.14574E-4 4.07444E-4 4.0724E-4 3.00585E-4 6.01723E-4 -9999 -9999 -9999 -9999 -9999 -9999 -9999 -9999 -9999 -9999 -9999 -9999
7.22951E-2 7.26195E-2 6.87927E-2 6.25511E-2 5.85166E-2 5.44812E-2 4.39972E-2 3.28148E-2 2.20858E-2 1.41787E-2 9.73858E-3 5.5202E-3 4.83112E-3 6.24663E-3 5.88243E-3 5.52743E-3 5.11707E-3 4.55951E-3 4.1612E-3 7.01061E-3 6.88275E-3 7.41455E-3 8.43664E-3 4.22039E-2 2.48949E-2 2.05489E-2 1.24889E-2 1.51851E-2 2.72022E-2 1.31784E-2 1.38142E-2 7.62249E-3 1.24893E-2 1.3292E-2 4.66311E-3 3.69742E-3 1.54746E-2 6.71587E-3 5.31943E-3 6.18558E-3 5.30996E-3 4.92338E-3 4.87522E-4 5.87915E-4 5.68154E-4 5.84249E-4 4.97671E-4 5.2597E-4 5.48722E-4 3.51547E-4 3.32069E-4 3.12968E-4 3.15369E-4 2.6697E-4 3.29211E-4 -9999 -9999 -9999 -9999 -9999 -9999 -9999 -9999 -9999 -9999
7.94934E-2 8.06921E-2 7.7475E-2 7.12411E-2 6.88983E-2 6.74379E-2 5.73038E-2 4.55532E-2 3.68846E-2 3.35595E-2 2.70774E-2 2.01103E-2 1.6212E-2 1.86641E-2 2.21417E-2 1.34995E-2 5.68457E-3 4.6936E-3 4.81603E-3 6.30437E-3 6.14795E-3 6.83361E-3 6.55638E-3 6.96093E-3 6.63834E-3 5.70364E-3 7.68279E-3 4.90255E-3 4.70412E-3 1.49571E-2 2.02571E-2 1.29912E-2 9.6098E-3 1.34021E-2 5.67684E-3 1.26206E-2 1.23602E-2 5.61555E-3 4.15075E-3 3.52764E-3 4.46611E-3 4.7248E-3 3.65177E-3 4.18024E-4 6.95213E-4 5.38365E-4 7.12171E-4 3.69446E-4 3.31405E-4 3.03536E-4 5.91928E-4 7.20574E-4 2.76947E-4 3.23436E-4 2.3849E-4 2.00927E-4 -9999 -9999 -9999 -9999 -9999 -9999 -9999 -9999 -9999
3.72234E-1 3.57153E-1 3.67858E-1 3.57118E-1 3.52374E-1 3.3368E-1 6.72671E-2 5.62997E-2 4.89762E-2 4.50237E-2 4.09306E-2 3.32339E-2 2.41431E-2 2.26487E-2 1.84636E-2 1.25895E-2 1.08721E-2 9.25903E-3 7.01763E-3 4.77829E-3 6.2554E-3 8.07366E-3 5.30719E-3 5.17451E-3 5.67343E-3 5.22095E-3 4.96E-3 4.7278E-3 4.56963E-3 4.0005E-3 1.48742E-2 6.92424E-3 6.1232E-3 8.5641E-3 1.07487E-2 1.58088E-2 7.36898E-3 6.97524E-3 8.36115E-3 4.16842E-3 5.55228E-3 8.49789E-3 7.17541E-3 4.4047E-3 8.71208E-3 4.96621E-4 7.35881E-3 7.65693E-4 7.01297E-4 5.15475E-4 6.28043E-4 9.59012E-4 4.64516E-4 6.50969E-4 3.62711E-4 4.0254E-4 4.80495E-4 -9999 -9999 -9999 -9999 -9999 -9999 -9999 -9999
3.88899E-1 3.80226E-1 3.85105E-1 3.85268E-1 3.92106E-1 3.53424E-1 7.26585E-2 6.20452E-2 5.77515E-2 5.12758E-2 4.59079E-2 3.45591E-2 2.76868E-2 2.70152E-2 2.16777E-2 1.52618E-2 1.33213E-2 1.26421E-2 9.95949E-3 7.84877E-3 5.97305E-3 4.32714E-3 3.69866E-3 4.13211E-3 4.61898E-3 4.69874E-3 3.96948E-3 3.63234E-3 3.35112E-3 3.87885E-3 2.7151E-2 1.71359E-2 2.6864E-2 2.09562E-2 3.302E-2 2.28579E-2 8.14152E-3 9.97676E-3 8.576E-3 2.29498E-2 7.11136E-3 1.43734E-2 1.07865E-2 7.10363E-3 8.75396E-3 4.55949E-3 3.78442E-4 4.80623E-4 5.40384E-4 5.94869E-4 3.98236E-4 6.80841E-4 1.03008E-2 7.57758E-4 7.39873E-4 7.36127E-4 6.55453E-4 1.00531E-2 -9999 -9999 -9999 -9999 -9999 -9999 -9999
4.07219E-1 3.88285E-1 3.73961E-1 3.81861E-1 3.85131E-1 3.47976E-1 6.95758E-2 6.35195E-2 6.25244E-2 5.56191E-2 4.54193E-2 3.31522E-2 2.85687E-2 3.10196E-2 2.94293E-2 2.31912E-2 2.07565E-2 1.84638E-2 1.68938E-2 1.31597E-2 1.11047E-2 8.24365E-3 3.76753E-3 4.32042E-3 4.88664E-3 5.56081E-3 4.92961E-3 3.94663E-3 3.37269E-3 3.51115E-3 3.90559E-3 3.32915E-3 3.16776E-3 1.79144E-3 1.05743E-3 2.57544E-3 1.75994E-3 3.56772E-3 2.65618E-2 3.65773E-3 1.19077E-2 1.24961E-2 3.68447E-2 9.67388E-3 1.96925E-2 2.87345E-2 4.47344E-3 2.0468E-3 4.49568E-3 6.73357E-3 3.53789E-4 3.13971E-4 6.70823E-3 5.06281E-4 7.09893E-3 8.30597E-3 5.14006E-4 6.47052E-4 1.10031E-2 -9999 -9999 -9999 -9999 -9999 -9999
4.31098E-1 4.03383E-1 3.75939E-1 3.76157E-1 3.75608E-1 8.21428E-2 7.07704E-2 6.74482E-2 6.72745E-2 5.97201E-2 5.00824E-2 3.51626E-2 3.0483E-2 3.18287E-2 3.39339E-2 3.04758E-2 2.8928E-2 2.93239E-2 2.96453E-2 2.37335E-2 1.92745E-2 1.95161E-2 2.10341E-2 1.25821E-2 7.43137E-3 6.52229E-3 6.07998E-3 4.90436E-3 4.28299E-3 3.81603E-3 2.79222E-3 2.16867E-3 2.08963E-3 1.05189E-3 6.8404E-4 1.93269E-4 1.49066E-4 1.84005E-4 2.87737E-4 5.32999E-4 2.56289E-3 4.15397E-3 4.09818E-3 2.6385E-2 2.49684E-2 2.47733E-2 8.1805E-3 4.11051E-3 6.93002E-3 6.14553E-3 3.23484E-3 2.91986E-3 3.54483E-4 2.9624E-4 4.52259E-3 4.27312E-4 5.92489E-3 1.20858E-2 2.85359E-4 9.46908E-3 -9999 -9999 -9999 -9999 -9999
4.53033E-1 4.266E-1 3.93724E-1 3.86787E-1 3.99606E-1 3.92109E-1 8.72963E-2 8.00473E-2 7.43194E-2 6.59145E-2 5.83193E-2 4.7631E-2 4.02945E-2 3.77287E-2 3.9633E-2 3.88196E-2 3.69167E-2 3.73294E-2 3.83647E-2 3.43573E-2 3.10821E-2 3.55455E-2 4.52544E-2 4.23963E-2 2.77516E-2 8.77791E-3 7.30979E-3 6.56338E-3 5.66167E-3 7.07871E-3 5.78728E-3 2.86093E-3 2.79198E-3 1.20336E-3 9.01078E-4 4.2273E-4 3.72401E-4 3.35953E-4 4.67068E-4 5.21928E-4 8.31395E-4 1.33933E-3 2.03522E-3 2.81136E-3 2.96461E-3 2.02845E-2 1.61135E-2 1.65293E-2 2.68237E-2 1.14478E-2 1.4159E-2 9.09967E-3 2.82895E-3 1.87857E-3 1.67075E-3 2.84237E-3 9.392E-3 1.58932E-2 4.72146E-3 5.40955E-3 4.4166E-4 -9999 -9999 -9999 -9999
4.84949E-1 4.47283E-1 4.23923E-1 4.27455E-1 4.42485E-1 4.30345E-1 4.0697E-1 3.75626E-1 8.36275E-2 7.54913E-2 6.86604E-2 6.11702E-2 5.31201E-2 5.10005E-2 5.11493E-2 4.59707E-2 4.31081E-2 4.25088E-2 4.27303E-2 4.18523E-2 4.29085E-2 4.59583E-2 4.95436E-2 4.55312E-2 3.12125E-2 1.21315E-2 8.56804E-3 7.95672E-3 8.40467E-3 9.2038E-3 9.5575E-3 5.56663E-3 4.32991E-3 2.90229E-3 2.49398E-3 1.61058E-3 1.19827E-3 1.0783E-3 1.05881E-3 1.14023E-3 1.35737E-3 1.58168E-3 2.15754E-3 2.46631E-3 3.26009E-3 1.40708E-3 9.47117E-4 9.04286E-4 9.79003E-4 1.45488E-2 1.9438E-3 7.45615E-3 6.05076E-3 8.83381E-3 2.89738E-3 3.62378E-3 1.65772E-2 2.18259E-3 1.00967E-2 4.42135E-3 3.06186E-3 -9999 -9999 -9999 -9999
4.81416E-1 4.77215E-1 4.52868E-1 4.53042E-1 4.85551E-1 4.7196E-1 4.46773E-1 4.22608E-1 3.83671E-1 8.66311E-2 7.93823E-2 7.22794E-2 6.44501E-2 5.96122E-2 5.55822E-2 4.94441E-2 4.56313E-2 4.57646E-2 4.67905E-2 4.68493E-2 4.81953E-2 4.9154E-2 4.87241E-2 4.28023E-2 3.35133E-2 2.37924E-2 1.63255E-2 9.02912E-3 9.55654E-3 1.09838E-2 1.23305E-2 1.08974E-2 7.27984E-3 3.93861E-3 2.86246E-3 1.78359E-3 1.73776E-3 1.43918E-3 1.75182E-3 2.31548E-3 2.17762E-3 2.08511E-3 1.77176E-3 2.80789E-3 2.41709E-3 1.65595E-3 2.5016E-3 1.26038E-3 6.20946E-4 9.35704E-4 9.11964E-4 1.23187E-2 1.11007E-2 1.12147E-2 5.92618E-3 1.89086E-2 1.67001E-3 7.76786E-4 2.21436E-2 1.32324E-2 9.71103E-3 3.09332E-3 -9999 -9999 -9999
4.75655E-1 4.82252E-1 4.81961E-1 4.87317E-1 4.90155E-1 5.01937E-1 4.85182E-1 4.59632E-1 4.25136E-1 3.97183E-1 9.39073E-2 8.4447E-2 7.42019E-2 6.32681E-2 5.76066E-2 5.15048E-2 4.29692E-2 4.75476E-2 4.9157E-2 5.05702E-2 5.06947E-2 5.09485E-2 4.84807E-2 4.20066E-2 3.52158E-2 2.78703E-2 2.29991E-2 1.94119E-2 1.87106E-2 1.94622E-2 1.69441E-2 2.13236E-2 1.49485E-2 1.18011E-2 8.29535E-3 4.39181E-3 3.88746E-3 3.03819E-3 4.36332E-3 6.06816E-3 6.0151E-3 3.11574E-3 3.09438E-3 1.31381E-3 1.69624E-3 1.34877E-3 3.73317E-3 3.94764E-3 1.15071E-3 1.57473E-3 8.31912E-4 1.14733E-3 1.32353E-3 8.82801E-4 1.32509E-3 9.15245E-4 5.82467E-4 1.03613E-3 1.81003E-3 1.76645E-3 1.36775E-2 5.86552E-3 1.04538E-2 -9999 -9999
4.84398E-1 4.76282E-1 4.88248E-1 4.88151E-1 4.87558E-1 4.92298E-1 5.02922E-1 4.89885E-1 4.5914E-1 4.18604E-1 4.02831E-1 3.81482E-1 8.59945E-2 6.80118E-2 6.03046E-2 5.7421E-2 5.07585E-2 5.24832E-2 5.53335E-2 5.5116E-2 5.61543E-2 5.31288E-2 4.98136E-2 4.36941E-2 3.67397E-2 3.28467E-2 2.8747E-2 2.62141E-2 2.43028E-2 2.4631E-2 2.50393E-2 2.30106E-2 1.8755E-2 1.77428E-2 1.60701E-2 1.07357E-2 7.74748E-3 6.70278E-3 7.51883E-3 6.20219E-3 5.7139E-3 4.14667E-3 2.96378E-3 3.08985E-3 4.47065E-3 3.94137E-3 3.98272E-3 5.18574E-3 5.89636E-3 6.13506E-3 2.64312E-3 7.00854E-4 5.68198E-4 1.16484E-3 4.95634E-4 2.04024E-3 3.34495E-3 6.39975E-4 8.50314E-4 6.86165E-4 8.07332E-4 2.38401E-3 1.35286E-3 -9999 -9999
5.13426E-1 4.87763E-1 4.69693E-1 4.68753E-1 4.80001E-1 4.88662E-1 5.04257E-1 5.10319E-1 4.83928E-1 4.47185E-1 4.17295E-1 4.13229E-1 4.09568E-1 8.49775E-2 6.90774E-2 6.22541E-2 6.06235E-2 6.81708E-2 6.65559E-2 6.33999E-2 6.1339E-2 5.79835E-2 5.18668E-2 4.59523E-2 3.98284E-2 3.83289E-2 3.73977E-2 3.30165E-2 2.98139E-2 2.90208E-2 2.84391E-2 2.40494E-2 1.93762E-2 2.01743E-2 2.23077E-2 1.8016E-2 1.36399E-2 1.23384E-2 1.26996E-2 1.59618E-2 2.18332E-2 1.53869E-2 4.95679E-3 3.26736E-3 3.17543E-3 2.86048E-3 3.97741E-3 8.16009E-3 1.04578E-2 9.00699E-3 7.79634E-3 6.07338E-3 6.26572E-3 3.53945E-3 7.32025E-4 1.47537E-3 1.48962E-2 9.82056E-4 1.16644E-3 1.96162E-3 7.01461E-4 6.45829E-4 3.15921E-4 2.40058E-4 -9999
4.99812E-1 4.96716E-1 4.84254E-1 4.66429E-1 4.79452E-1 4.84221E-1 4.92209E-1 4.99435E-1 4.95802E-1 4.50997E-1 4.23044E-1 4.23618E-1 4.29088E-1 3.89097E-1 7.91773E-2 6.65243E-2 6.68481E-2 7.32191E-2 7.56347E-2 7.49739E-2 7.21347E-2 6.48077E-2 5.6171E-2 4.9661E-2 4.42041E-2 4.73368E-2 4.99077E-2 4.27575E-2 3.61643E-2 3.40529E-2 3.27087E-2 2.78106E-2 2.18314E-2 2.34407E-2 2.65135E-2 2.39657E-2 1.98512E-2 1.96013E-2 2.12086E-2 2.21421E-2 2.6509E-2 3.04514E-2 2.43258E-2 1.27925E-2 8.13881E-3 6.78154E-3 7.1795E-3 6.71384E-3 9.2054E-3 1.18943E-2 8.9421E-3 1.15317E-2 7.39656E-3 9.97258E-3 2.1087E-3 1.04204E-2 1.56705E-2 3.03957E-3 5.2423E-3 1.72237E-3 6.17268E-4 4.44705E-4 2.26178E-4 1.822E-4 -9999
4.84307E-1 4.96863E-1 4.87847E-1 4.69321E-1 4.57635E-1 4.63697E-1 4.58253E-1 4.5675E-1 4.6226E-1 4.46476E-1 4.29421E-1 4.27044E-1 4.21917E-1 3.92314E-1 8.61644E-2 8.15584E-2 8.37302E-2 8.09004E-2 7.93628E-2 8.6535E-2 8.3717E-2 7.07622E-2 6.1207E-2 5.38291E-2 4.96211E-2 4.99951E-2 5.53925E-2 4.70858E-2 4.09707E-2 4.04884E-2 4.01726E-2 3.85284E-2 3.22666E-2 3.00703E-2 3.08704E-2 2.90202E-2 2.49457E-2 2.59812E-2 2.97278E-2 3.08547E-2 3.11271E-2 3.5768E-2 3.2556E-2 2.23396E-2 1.72706E-2 1.56024E-2 1.59708E-2 1.55701E-2 1.44789E-2 1.3931E-2 1.5781E-2 1.64305E-2 1.10836E-2 1.19209E-2 1.08081E-2 1.14009E-2 1.46367E-2 7.76815E-3 4.03551E-3 2.20276E-3 1.01316E-3 2.48323E-4 1.36648E-4 1.14204E-4 6.58782E-5
4.69799E-1 4.85425E-1 4.78832E-1 4.60861E-1 4.48934E-1 4.48012E-1 4.43639E-1 4.34784E-1 4.53745E-1 4.41077E-1 4.36329E-1 4.33436E-1 4.251E-1 3.98391E-1 3.76091E-1 3.77669E-1 3.88143E-1 8.97199E-2 8.39258E-2 3.69291E-1 8.6754E-2 7.26596E-2 6.37207E-2 5.89996E-2 5.41436E-2 5.07418E-2 5.40472E-2 5.06533E-2 4.78586E-2 4.7829E-2 5.10869E-2 5.14879E-2 4.40159E-2 3.7297E-2 3.65671E-2 3.6395E-2 3.26771E-2 3.34228E-2 3.66486E-2 3.46906E-2 3.41597E-2 3.63776E-2 3.3569E-2 2.85735E-2 2.73727E-2 2.51392E-2 2.85604E-2 2.83521E-2 2.3933E-2 2.11823E-2 1.95179E-2 1.6803E-2 1.51764E-2 1.24128E-2 7.23034E-3 3.47664E-3 4.57852E-3 3.96845E-3 2.05046E-3 1.46644E-3 1.21309E-3 7.54511E-4 6.76252E-4 1.79795E-4 1.02953E-4
4.56264E-1 4.49489E-1 4.60112E-1 4.47785E-1 4.32061E-1 4.73796E-1 4.7174E-1 4.62369E-1 4.57832E-1 4.61058E-1 4.55435E-1 4.48803E-1 4.46615E-1 4.30014E-1 4.24639E-1 4.16824E-1 4.04426E-1 3.82238E-1 3.69372E-1 3.69142E-1 8.52E-2 7.45683E-2 7.06642E-2 6.71229E-2 6.101E-2 5.2754E-2 5.38032E-2 5.76487E-2 6.03386E-2 6.17321E-2 5.85649E-2 5.62884E-2 5.07086E-2 4.48031E-2 4.21081E-2 4.09996E-2 4.179E-2 4.45721E-2 4.68607E-2 4.48412E-2 4.10916E-2 4.04046E-2 3.91422E-2 3.46834E-2 2.52159E-2 2.28916E-2 2.95278E-2 3.44872E-2 2.5625E-2 2.67381E-2 3.25439E-2 2.15507E-2 1.81833E-2 1.41626E-2 9.38474E-3 6.17698E-3 4.45269E-3 2.70781E-3 1.35618E-3 1.1124E-3 1.35938E-3 1.57653E-3 1.48468E-3 4.43751E-4 1.73903E-4
4.40052E-1 4.31849E-1 4.4298E-1 4.4495E-1 4.24223E-1 4.65919E-1 4.85706E-1 4.7671E-1 4.59379E-1 4.58059E-1 4.50754E-1 4.42195E-1 4.58145E-1 4.46411E-1 4.43785E-1 4.247E-1 4.04296E-1 3.84322E-1 3.80851E-1 3.6419E-1 8.33638E-2 8.10484E-2 7.98376E-2 7.95196E-2 7.18286E-2 6.3979E-2 5.83956E-2 6.25761E-2 6.68158E-2 6.70957E-2 6.29046E-2 5.98967E-2 5.58746E-2 5.05427E-2 4.59725E-2 4.68104E-2 5.09398E-2 5.85826E-2 5.55749E-2 5.03886E-2 4.22963E-2 4.27182E-2 4.46291E-2 4.09226E-2 2.69314E-2 2.03823E-2 3.05646E-2 4.1926E-2 4.31507E-2 3.21012E-2 3.42478E-2 4.11938E-2 3.28451E-2 2.16089E-2 1.54127E-2 1.06983E-2 7.13857E-3 4.4714E-3 2.59836E-3 1.81583E-3 1.78871E-3 1.86317E-3 1.5494E-3 7.90084E-4 3.81041E-4
4.172E-1 4.12083E-1 4.21283E-1 4.13305E-1 4.17354E-1 4.41075E-1 4.68877E-1 4.69132E-1 4.40759E-1 4.27844E-1 4.23198E-1 4.21345E-1 4.30476E-1 4.22412E-1 4.0637E-1 3.79874E-1 3.66837E-1 3.67241E-1 3.73949E-1 3.62232E-1 8.58016E-2 8.4116E-2 8.62001E-2 8.25135E-2 7.87687E-2 7.21592E-2 6.1753E-2 5.63072E-2 6.64666E-2 6.55248E-2 5.98359E-2 6.06E-2 5.95345E-2 5.11022E-2 4.81373E-2 5.44023E-2 6.36359E-2 6.58404E-2 5.7055E-2 5.0139E-2 4.29174E-2 4.37124E-2 4.53225E-2 4.94456E-2 5.04898E-2 3.69802E-2 3.54449E-2 3.99459E-2 4.36212E-2 4.29504E-2 4.72904E-2 4.64818E-2 3.96049E-2 2.96903E-2 2.29824E-2 1.71724E-2 1.32254E-2 8.82591E-3 4.99223E-3 3.00114E-3 2.38647E-3 2.22788E-3 1.91596E-3 1.28516E-3 8.32258E-4
3.86624E-1 3.7589E-1 9.0389E-2 8.71962E-2 9.49508E-2 4.23487E-1 4.45125E-1 4.34545E-1 4.1181E-1 4.06748E-1 4.10564E-1 4.19237E-1 4.198E-1 4.02859E-1 3.76647E-1 7.81051E-2 7.61704E-2 8.67458E-2 3.76617E-1 3.75389E-1 3.60273E-1 3.66089E-1 3.62641E-1 8.25211E-2 7.85815E-2 7.35684E-2 6.51697E-2 6.21278E-2 7.01607E-2 7.04376E-2 5.79492E-2 6.40044E-2 6.30387E-2 4.57378E-2 4.69269E-2 5.98073E-2 3.37454E-1 3.27282E-1 5.89041E-2 5.15032E-2 4.95787E-2 5.0613E-2 5.04449E-2 5.64943E-2 6.32485E-2 4.91293E-2 4.1714E-2 3.96859E-2 4.18561E-2 5.37305E-2 5.34919E-2 4.78531E-2 4.10503E-2 3.46001E-2 2.93642E-2 2.444E-2 1.96753E-2 1.48996E-2 8.77585E-3 5.31689E-3 2.83524E-3 3.26797E-3 2.83816E-3 2.22151E-3 1.745E-3
3.76056E-1 3.86609E-1 8.57211E-2 7.99281E-2 9.62264E-2 4.09912E-1 4.07577E-1 1.02795E-1 9.84072E-2 1.00371E-1 4.18689E-1 4.52098E-1 4.4637E-1 4.11669E-1 3.93829E-1 8.71659E-2 8.20155E-2 3.73399E-1 3.81193E-1 3.7431E-1 3.7615E-1 3.78879E-1 3.65708E-1 8.22012E-2 7.60445E-2 7.49382E-2 7.52324E-2 7.49825E-2 7.97082E-2 7.78115E-2 6.95221E-2 6.95538E-2 6.00733E-2 4.91603E-2 4.98514E-2 6.13367E-2 3.45132E-1 3.40277E-1 6.15794E-2 5.55728E-2 5.54749E-2 5.51461E-2 5.32244E-2 5.41952E-2 5.45067E-2 5.21407E-2 5.02005E-2 4.51955E-2 4.53529E-2 5.4264E-2 5.97378E-2 5.38364E-2 4.4213E-2 3.83554E-2 3.50035E-2 3.03405E-2 2.389E-2 1.83682E-2 1.35603E-2 7.44515E-3 5.33703E-3 4.32574E-3 4.81256E-3 4.0942E-3 3.60175E-3
4.12008E-1 4.02223E-1 9.62265E-2 9.44671E-2 4.01589E-1 4.10056E-1 9.55069E-2 9.75458E-2 9.65374E-2 3.94842E-1 4.27485E-1 4.15466E-1 4.24202E-1 4.76624E-1 4.65813E-1 4.52151E-1 4.05822E-1 4.01092E-1 4.00024E-1 3.78039E-1 3.80886E-1 3.82666E-1 3.64266E-1 8.23288E-2 7.71073E-2 7.88426E-2 7.93993E-2 8.20865E-2 8.0894E-2 7.88609E-2 7.74797E-2 7.58349E-2 6.41137E-2 5.62776E-2 5.63847E-2 6.60675E-2 8.00231E-2 7.77975E-2 6.69659E-2 6.23153E-2 6.13263E-2 6.00651E-2 5.83927E-2 5.44041E-2 5.67361E-2 5.77769E-2 5.91703E-2 5.42425E-2 4.23239E-2 4.70639E-2 6.2646E-2 5.63523E-2 4.68563E-2 4.0597E-2 3.67304E-2 3.13929E-2 2.59299E-2 2.22581E-2 1.95163E-2 1.26145E-2 9.40573E-3 7.37643E-3 6.15019E-3 7.08722E-3 6.74171E-3
4.19623E-1 4.22909E-1 4.00343E-1 3.89201E-1 4.03132E-1 4.11187E-1 4.01688E-1 4.06671E-1 3.94139E-1 3.92745E-1 4.12317E-1 4.04941E-1 4.51441E-1 4.43167E-1 4.65383E-1 4.32574E-1 4.10764E-1 4.10129E-1 4.22808E-1 4.08243E-1 3.99834E-1 4.0288E-1 3.77648E-1 8.55876E-2 8.39365E-2 8.04458E-2 8.42503E-2 8.55756E-2 8.42578E-2 7.66156E-2 7.31218E-2 7.27333E-2 6.88551E-2 6.38548E-2 6.53923E-2 7.3766E-2 8.12134E-2 3.37027E-1 7.06425E-2 6.69399E-2 6.60078E-2 7.0022E-2 6.72471E-2 5.87872E-2 6.53118E-2 3.16989E-1 3.01325E-1 6.17113E-2 4.92989E-2 5.10833E-2 5.78511E-2 5.48331E-2 4.94972E-2 4.21366E-2 3.6334E-2 3.27771E-2 3.00889E-2 2.87072E-2 2.10176E-2 1.84316E-2 1.38341E-2 1.06582E-2 9.03612E-3 1.03896E-2 8.70339E-3
