KUENM_DEFAULT/Final_Models/M_1_F_lqpth_Set_1_NE/sp1_se_asia_min.asc
ncols         320
nrows         243
xllcorner     44.0
yllcorner     -0.666666666666667
cellsize      0.166666666666667
NODATA_value  -9999
[rows 0 to 30 of 243, columns 0 to 69 of 320]
-9999 -9999 -9999 1.74227E-3 -9999 -9999 -9999 -9999 -9999 -9999 -9999 -9999 -9999 -9999 -9999 -9999 -9999 -9999 -9999 -9999 -9999 -9999 -9999 -9999 -9999 -9999 -9999 -9999 -9999 -9999 -9999 -9999 -9999 -9999 -9999 -9999 -9999 -9999 -9999 -9999 -9999 -9999 -9999 -9999 -9999 -9999 -9999 -9999 -9999 -9999 -9999 -9999 -9999 -9999 -9999 -9999 -9999 -9999 -9999 -9999 -9999 -9999 -9999 -9999 -9999 -9999 -9999 -9999 -9999 -9999
-9999 -9999 -9999 1.32669E-3 1.78283E-3 -9999 -9999 -9999 -9999 -9999 -9999 -9999 -9999 -9999 -9999 -9999 -9999 -9999 -9999 -9999 -9999 -9999 8.96621E-4 6.20487E-4 7.659E-4 -9999 -9999 -9999 -9999 -9999 -9999 -9999 -9999 -9999 -9999 -9999 -9999 -9999 -9999 -9999 -9999 -9999 -9999 -9999 -9999 -9999 -9999 -9999 -9999 -9999 -9999 -9999 -9999 -9999 -9999 -9999 -9999 -9999 -9999 -9999 -9999 -9999 -9999 -9999 -9999 -9999 -9999 -9999 -9999 -9999
-9999 -9999 1.19299E-3 1.20882E-3 1.36774E-3 1.85191E-3 -9999 -9999 -9999 -9999 -9999 -9999 -9999 -9999 -9999 -9999 -9999 -9999 -9999 -9999 1.08099E-2 9.70062E-3 9.35963E-3 9.30124E-3 7.59433E-3 7.72935E-3 -9999 -9999 -9999 -9999 -9999 -9999 -9999 -9999 -9999 -9999 -9999 -9999 -9999 -9999 -9999 -9999 -9999 -9999 -9999 -9999 -9999 -9999 -9999 -9999 -9999 -9999 -9999 -9999 -9999 -9999 -9999 -9999 -9999 -9999 -9999 -9999 -9999 -9999 -9999 -9999 -9999 -9999 -9999 -9999
1.91518E-3 1.64431E-3 1.65739E-3 2.13843E-3 1.67367E-3 1.80841E-3 1.94633E-3 -9999 -9999 -9999 -9999 -9999 -9999 -9999 -9999 -9999 -9999 -9999 1.69943E-3 1.05945E-2 9.76088E-3 9.62103E-3 8.8517E-3 9.42024E-3 1.13587E-2 -9999 -9999 -9999 -9999 -9999 -9999 -9999 -9999 -9999 -9999 -9999 -9999 -9999 -9999 -9999 -9999 -9999 -9999 -9999 -9999 -9999 -9999 -9999 -9999 -9999 -9999 -9999 -9999 -9999 -9999 -9999 -9999 -9999 -9999 -9999 -9999 -9999 -9999 -9999 -9999 -9999 -9999 -9999 -9999 -9999
-9999 1.54595E-3 1.82364E-3 1.67603E-3 1.9377E-3 1.44993E-3 1.71317E-3 1.80168E-3 -9999 -9999 -9999 -9999 -9999 -9999 -9999 -9999 -9999 4.53702E-3 1.19897E-2 1.05728E-2 1.00143E-2 9.69325E-3 9.00693E-3 9.7161E-3 9.89629E-3 1.11795E-2 -9999 -9999 -9999 -9999 -9999 -9999 -9999 -9999 -9999 -9999 -9999 -9999 -9999 -9999 -9999 -9999 -9999 -9999 -9999 -9999 -9999 -9999 -9999 -9999 -9999 -9999 -9999 -9999 -9999 -9999 -9999 -9999 -9999 -9999 -9999 -9999 -9999 -9999 -9999 -9999 -9999 -9999 -9999 -9999
-9999 1.68185E-3 1.73012E-3 1.69012E-3 2.16086E-3 1.31768E-3 1.59429E-3 1.50547E-3 1.50968E-3 1.97362E-3 1.97833E-3 -9999 -9999 -9999 -9999 -9999 3.8246E-3 8.63603E-3 8.66593E-3 7.6243E-3 8.52855E-3 7.51916E-3 5.88161E-3 2.40181E-3 -9999 -9999 -9999 -9999 -9999 -9999 -9999 -9999 -9999 -9999 -9999 -9999 -9999 -9999 -9999 -9999 -9999 -9999 -9999 -9999 -9999 -9999 -9999 -9999 -9999 -9999 -9999 -9999 -9999 -9999 -9999 -9999 -9999 -9999 -9999 -9999 -9999 -9999 -9999 -9999 -9999 -9999 -9999 -9999 -9999 -9999
-9999 -9999 1.38672E-3 1.9276E-3 1.94894E-3 2.30031E-3 1.49847E-3 1.78873E-3 1.54853E-3 2.47755E-3 1.95327E-3 2.11312E-3 2.8366E-3 3.33115E-3 6.73156E-3 6.40601E-3 4.71272E-3 3.83123E-3 6.29089E-3 5.45629E-3 7.36943E-3 6.34771E-3 2.39171E-3 2.42026E-3 1.16497E-3 -9999 -9999 -9999 -9999 -9999 -9999 -9999 -9999 -9999 -9999 -9999 -9999 -9999 -9999 -9999 -9999 -9999 -9999 -9999 -9999 -9999 -9999 -9999 -9999 -9999 -9999 -9999 -9999 -9999 -9999 -9999 -9999 -9999 -9999 -9999 -9999 -9999 -9999 -9999 -9999 -9999 -9999 -9999 -9999 -9999
-9999 -9999 1.47801E-3 1.44079E-3 2.39167E-3 1.56801E-3 1.66564E-3 1.72881E-3 1.55575E-3 2.45966E-3 2.635E-3 1.70227E-3 2.74356E-3 2.50432E-3 2.38704E-3 2.23386E-3 2.12736E-3 2.20163E-3 2.01787E-3 2.18196E-3 3.36225E-3 7.62461E-3 6.29176E-3 4.12563E-3 1.73977E-3 1.03521E-3 7.61482E-4 -9999 -9999 -9999 -9999 -9999 -9999 -9999 -9999 -9999 -9999 -9999 -9999 -9999 -9999 -9999 -9999 -9999 -9999 -9999 -9999 -9999 -9999 -9999 -9999 -9999 -9999 -9999 -9999 -9999 -9999 -9999 -9999 -9999 -9999 -9999 -9999 -9999 -9999 -9999 -9999 -9999 -9999 -9999
-9999 -9999 1.91321E-3 1.94967E-3 2.235E-3 1.99493E-3 1.92199E-3 1.92773E-3 2.20142E-3 2.28686E-3 2.38324E-3 2.48576E-3 2.12554E-3 1.86248E-3 1.60738E-3 1.77202E-3 1.96789E-3 2.19612E-3 2.19023E-3 2.3086E-3 3.25951E-3 3.31889E-3 1.60059E-3 9.83502E-4 1.20747E-3 1.23459E-3 1.14436E-3 -9999 7.93154E-4 -9999 -9999 -9999 -9999 -9999 -9999 -9999 -9999 -9999 -9999 -9999 -9999 -9999 -9999 -9999 -9999 -9999 -9999 -9999 -9999 -9999 -9999 -9999 -9999 -9999 -9999 -9999 -9999 -9999 -9999 -9999 -9999 -9999 -9999 -9999 -9999 -9999 -9999 -9999 -9999 -9999
-9999 -9999 1.64818E-3 3.275E-3 2.38111E-3 2.32304E-3 1.71307E-3 1.90784E-3 1.7306E-3 1.92855E-3 1.93448E-3 2.01221E-3 1.95732E-3 2.32521E-3 2.22694E-3 2.21075E-3 2.13836E-3 2.47168E-3 1.75179E-3 1.22649E-3 1.08149E-3 9.10805E-4 6.21983E-4 5.98067E-4 9.6888E-4 1.27421E-3 1.46718E-3 1.51874E-3 1.36635E-2 -9999 -9999 -9999 -9999 -9999 -9999 -9999 -9999 -9999 -9999 -9999 -9999 -9999 -9999 -9999 -9999 -9999 -9999 -9999 -9999 -9999 -9999 -9999 -9999 -9999 -9999 -9999 -9999 -9999 -9999 -9999 -9999 -9999 -9999 -9999 -9999 -9999 -9999 -9999 -9999 -9999
-9999 -9999 2.28761E-3 4.51065E-3 5.12682E-3 2.21643E-3 1.54419E-3 1.57965E-3 1.46795E-3 1.66872E-3 1.58543E-3 1.55192E-3 1.4806E-3 1.35952E-3 1.83377E-3 1.75071E-3 2.257E-3 2.16679E-3 2.28377E-3 1.80797E-3 1.31677E-3 1.09176E-3 8.38192E-4 9.57645E-4 1.17423E-3 1.19275E-3 1.21157E-3 6.87837E-4 1.07337E-2 -9999 -9999 -9999 -9999 -9999 -9999 -9999 -9999 -9999 -9999 -9999 -9999 -9999 -9999 -9999 -9999 -9999 -9999 -9999 -9999 -9999 -9999 -9999 -9999 -9999 -9999 -9999 -9999 -9999 -9999 -9999 -9999 -9999 -9999 -9999 -9999 -9999 -9999 -9999 -9999 1.47265E-3
-9999 1.97986E-3 2.02922E-3 3.75031E-3 3.91594E-3 5.17542E-3 1.68597E-3 1.54307E-3 1.61515E-3 1.48923E-3 1.47992E-3 1.75017E-3 1.40154E-3 1.37727E-3 1.51388E-3 1.74115E-3 1.85248E-3 2.00368E-3 1.88793E-3 1.93439E-3 1.71287E-3 1.58476E-3 1.27947E-3 1.01473E-3 1.00515E-3 1.18681E-3 9.64155E-4 7.19924E-4 1.19626E-2 5.36139E-4 -9999 -9999 -9999 -9999 -9999 -9999 -9999 -9999 -9999 -9999 -9999 -9999 -9999 -9999 -9999 -9999 -9999 -9999 -9999 -9999 -9999 -9999 -9999 -9999 -9999 -9999 -9999 -9999 -9999 -9999 -9999 -9999 -9999 -9999 -9999 -9999 -9999 1.42009E-3 1.68115E-3 1.62443E-3
-9999 -9999 -9999 4.24232E-3 5.06912E-3 5.24924E-3 1.91596E-3 1.7123E-3 1.51656E-3 1.75256E-3 1.7262E-3 1.47381E-3 1.22172E-3 1.41376E-3 1.18001E-3 1.30065E-3 1.81296E-3 1.78862E-3 1.48076E-3 1.8329E-3 1.46072E-3 1.32029E-3 1.00076E-3 1.44478E-3 9.75247E-4 1.92421E-3 1.17279E-3 8.91359E-4 1.41676E-2 6.28574E-4 -9999 -9999 -9999 -9999 -9999 -9999 -9999 -9999 -9999 -9999 -9999 -9999 -9999 -9999 -9999 -9999 -9999 -9999 -9999 -9999 -9999 -9999 -9999 -9999 -9999 -9999 -9999 -9999 -9999 -9999 -9999 -9999 -9999 -9999 -9999 1.28032E-3 1.77723E-3 1.62101E-3 1.52364E-3 1.44028E-3
-9999 -9999 -9999 -9999 4.24605E-3 6.3426E-3 2.21931E-3 1.94549E-3 1.84344E-3 1.9403E-3 1.93613E-3 1.77011E-3 1.47823E-3 1.2873E-3 1.31914E-3 1.36034E-3 1.79499E-3 1.77672E-3 1.68611E-3 1.79774E-3 2.26646E-3 2.4726E-3 2.43E-3 2.97196E-3 1.83711E-3 3.60407E-3 1.49252E-3 1.04854E-3 2.57884E-3 1.38283E-2 4.48048E-4 -9999 -9999 -9999 -9999 -9999 -9999 -9999 -9999 -9999 -9999 -9999 -9999 -9999 -9999 -9999 -9999 -9999 -9999 -9999 -9999 -9999 -9999 -9999 -9999 -9999 -9999 -9999 -9999 -9999 -9999 -9999 -9999 -9999 -9999 1.86647E-3 2.35495E-3 1.89824E-3 1.90149E-3 1.90857E-3
-9999 -9999 -9999 -9999 2.72193E-3 5.67275E-3 7.51385E-3 2.76188E-3 2.50885E-3 2.31112E-3 2.37263E-3 2.20513E-3 2.2621E-3 1.83381E-3 1.42623E-3 1.67241E-3 1.80953E-3 1.94214E-3 1.87621E-3 2.03812E-3 2.11619E-3 3.34367E-3 1.20167E-2 3.92277E-3 2.39105E-3 1.27358E-2 2.75783E-3 6.11769E-4 1.40352E-3 1.68574E-2 7.45126E-4 3.19148E-4 2.22738E-4 2.12561E-4 2.63699E-4 3.29998E-4 -9999 -9999 -9999 -9999 -9999 -9999 -9999 -9999 -9999 -9999 -9999 -9999 -9999 -9999 -9999 -9999 -9999 -9999 -9999 -9999 -9999 -9999 -9999 -9999 -9999 -9999 -9999 2.87237E-3 3.29776E-3 3.21082E-3 3.34707E-3 2.78657E-3 2.74986E-3 1.74038E-3
-9999 -9999 -9999 -9999 -9999 6.59996E-3 4.49569E-3 6.23651E-3 3.07103E-3 3.01567E-3 2.98512E-3 2.83472E-3 2.64282E-3 1.86244E-3 1.90037E-3 1.7712E-3 1.48392E-3 1.6136E-3 1.89325E-3 1.8603E-3 2.12621E-3 3.18965E-3 1.16749E-2 4.1698E-3 2.83956E-3 4.99132E-3 2.09832E-2 4.41859E-3 2.80459E-3 2.40252E-3 1.42979E-2 4.70228E-4 3.25684E-4 2.79848E-4 3.21159E-4 3.76649E-4 4.4909E-4 4.86518E-4 -9999 -9999 -9999 -9999 -9999 -9999 -9999 -9999 -9999 -9999 -9999 -9999 -9999 -9999 -9999 -9999 -9999 -9999 -9999 -9999 -9999 -9999 3.6139E-3 4.96144E-3 6.01653E-3 6.45214E-3 6.14867E-3 5.66625E-3 4.54342E-3 3.72774E-3 2.50801E-3 9.73379E-4
-9999 -9999 -9999 -9999 -9999 3.77134E-3 5.34779E-3 5.71977E-3 8.84971E-3 1.03178E-2 4.20555E-3 3.79493E-3 3.60794E-3 2.81881E-3 2.16488E-3 1.87454E-3 1.46873E-3 1.40756E-3 1.7071E-3 1.91552E-3 3.12242E-3 3.95125E-3 1.39185E-2 1.42145E-2 4.58721E-3 1.81802E-3 2.84784E-3 2.04648E-2 3.13244E-2 2.72452E-3 1.35974E-2 1.3858E-2 1.8803E-3 1.69198E-3 1.61763E-3 3.74844E-3 2.41046E-3 6.56718E-4 5.86651E-4 -9999 -9999 -9999 -9999 -9999 -9999 -9999 -9999 -9999 -9999 -9999 -9999 -9999 -9999 -9999 -9999 -9999 -9999 -9999 -9999 -9999 7.29414E-3 8.93816E-3 1.08666E-2 1.18776E-2 1.07586E-2 7.44529E-3 6.18853E-3 2.84584E-3 8.58851E-4 5.16923E-4
-9999 -9999 -9999 -9999 -9999 4.49064E-3 7.01505E-3 8.30276E-3 8.93018E-3 1.02061E-2 1.20952E-2 1.13304E-2 1.12702E-2 3.37956E-3 3.27797E-3 2.17009E-3 1.5605E-3 1.44795E-3 1.36384E-3 1.46225E-3 2.4128E-3 4.33248E-3 4.34714E-3 5.02259E-3 1.17768E-2 3.72054E-3 1.31406E-3 8.45909E-4 2.82971E-2 2.94462E-2 1.69211E-2 3.10861E-3 2.913E-2 1.44249E-2 1.98607E-2 5.31035E-3 4.43337E-3 2.4726E-2 1.63437E-2 1.11622E-2 -9999 -9999 -9999 -9999 -9999 -9999 -9999 -9999 -9999 -9999 -9999 -9999 -9999 -9999 -9999 -9999 -9999 -9999 -9999 -9999 3.61221E-2 4.20831E-2 4.86308E-2 5.04215E-2 4.14742E-2 4.88666E-3 9.93341E-4 4.87646E-4 5.26932E-4 4.84812E-4
-9999 -9999 -9999 -9999 -9999 -9999 7.94156E-3 1.0967E-2 6.94161E-3 7.13987E-3 9.02024E-3 6.39713E-3 1.1125E-2 1.0314E-2 3.5576E-3 2.80866E-3 1.7977E-3 1.24457E-3 1.23728E-3 1.02174E-3 1.07105E-3 2.38083E-3 2.78157E-3 1.26948E-3 2.20201E-3 1.15845E-2 3.75851E-3 1.23638E-3 1.00034E-3 1.83559E-2 3.67615E-2 3.47795E-2 2.86768E-2 6.21198E-3 2.5022E-3 1.11967E-3 1.19114E-3 1.27162E-3 5.75287E-4 1.9254E-3 1.59772E-2 2.71072E-3 -9999 -9999 -9999 -9999 -9999 -9999 -9999 -9999 -9999 -9999 -9999 1.13634E-2 1.34933E-2 1.71001E-2 2.12116E-2 1.63709E-2 3.76182E-2 3.73323E-2 2.97347E-2 5.83837E-3 4.23094E-3 1.96954E-3 5.62902E-4 3.29456E-4 3.58165E-4 4.08806E-4 3.27194E-4 4.50535E-4
-9999 -9999 -9999 -9999 -9999 -9999 2.42843E-3 1.65158E-2 7.14264E-3 8.09438E-3 8.69377E-3 7.14609E-3 1.13289E-2 1.08713E-2 7.43743E-3 8.70016E-3 2.14868E-3 1.52983E-3 2.21661E-3 1.45975E-3 1.39478E-3 2.63061E-3 4.404E-3 2.3917E-3 1.75528E-3 2.14036E-3 2.34763E-3 2.64473E-3 1.85293E-3 1.06392E-3 1.1218E-3 2.26618E-3 5.17664E-2 3.66058E-2 3.26989E-2 4.7664E-3 3.70733E-3 1.85169E-3 3.78537E-4 2.76421E-4 1.39493E-3 3.72487E-3 2.42294E-2 3.01117E-2 1.66946E-2 1.58461E-2 1.40083E-2 1.31725E-3 3.36955E-3 5.29629E-3 6.1138E-3 7.73263E-3 9.38461E-3 1.04576E-2 1.19961E-2 1.34683E-2 2.88097E-2 4.97305E-3 1.69025E-3 8.34728E-4 3.81266E-4 3.47097E-4 2.24902E-4 2.12362E-4 1.96837E-4 3.22736E-4 2.87028E-4 3.37238E-4 4.46578E-4 5.67003E-4
-9999 -9999 -9999 -9999 -9999 -9999 5.00634E-3 4.99255E-3 6.73708E-3 1.45675E-2 1.30319E-2 1.22126E-2 1.11965E-2 8.58717E-3 9.13466E-3 9.21333E-3 6.81196E-3 5.53137E-3 3.23966E-3 1.39008E-3 1.17668E-3 2.30714E-3 2.75933E-3 3.45617E-3 2.56039E-3 3.41444E-3 2.02911E-3 1.35055E-3 1.49001E-3 1.38433E-3 8.88616E-4 1.14705E-3 1.70938E-3 1.78776E-3 1.34422E-3 1.23737E-3 1.03703E-3 1.96347E-3 1.5619E-3 8.67439E-4 2.60875E-4 1.6604E-4 2.6901E-4 4.34655E-3 4.01585E-3 1.09066E-3 1.30733E-3 1.89625E-2 2.64884E-2 1.9242E-2 6.88439E-3 8.22639E-3 9.48674E-3 1.00567E-2 3.06027E-2 2.7748E-2 4.57183E-3 1.87539E-3 6.17822E-4 3.56713E-4 3.38456E-4 3.15196E-4 2.14404E-4 2.49038E-4 2.90523E-4 3.0709E-4 3.45525E-4 3.53496E-4 4.43814E-4 5.26853E-4
-9999 -9999 -9999 -9999 -9999 -9999 -9999 -9999 7.91241E-3 9.65328E-3 5.18596E-3 1.76016E-2 8.73828E-3 6.01509E-3 7.00289E-3 6.65236E-3 5.10075E-3 3.70485E-3 4.16806E-3 4.97043E-3 5.17322E-3 2.62502E-3 4.00748E-3 1.22242E-2 1.2429E-2 5.38583E-3 5.23879E-3 2.11964E-3 3.42636E-3 3.37449E-4 1.5825E-3 1.32684E-3 1.26952E-3 1.66123E-3 2.38364E-3 2.82635E-3 2.70348E-3 1.82668E-3 8.72116E-4 4.6309E-4 2.89911E-4 2.56545E-4 2.58136E-4 5.20282E-4 1.94713E-4 2.27994E-4 3.34549E-4 2.87683E-4 4.29574E-4 1.21347E-3 3.39999E-2 2.6994E-2 3.88474E-2 3.02022E-2 6.15593E-3 5.672E-3 2.80807E-3 7.97337E-4 5.67563E-4 2.88578E-4 4.22981E-4 5.46445E-4 6.57568E-4 6.85909E-4 5.21406E-4 3.60438E-4 3.37215E-4 3.37814E-4 4.23708E-4 4.15809E-4
-9999 -9999 -9999 -9999 -9999 -9999 -9999 -9999 3.72437E-3 5.85648E-3 6.61024E-3 2.6158E-3 6.8481E-3 1.04345E-2 5.28813E-3 4.91171E-3 3.8815E-3 3.81213E-3 4.48789E-3 6.70923E-3 7.44619E-3 7.7212E-3 9.87105E-3 1.08037E-2 1.32865E-2 3.44066E-3 6.28988E-4 5.55201E-4 4.39606E-3 3.2674E-4 1.42292E-3 1.72021E-3 1.95336E-3 1.60321E-3 2.81499E-3 2.93373E-3 2.98637E-3 2.68477E-3 2.01678E-3 1.18703E-3 5.22317E-4 3.29375E-4 1.89145E-4 2.47617E-4 1.24104E-4 9.73371E-5 1.39547E-4 1.83508E-4 1.94583E-4 8.07825E-4 4.07412E-4 3.66024E-4 6.39919E-4 1.11177E-3 1.62818E-3 9.42373E-4 4.90504E-4 4.28662E-4 3.43452E-4 4.2176E-4 6.71369E-4 8.66636E-4 8.53637E-4 8.75478E-4 6.6271E-4 6.29972E-4 4.33717E-4 4.387E-4 4.04853E-4 4.91567E-4
-9999 -9999 -9999 -9999 -9999 -9999 -9999 -9999 -9999 -9999 3.5285E-3 3.04099E-3 2.18024E-3 8.08526E-3 4.82776E-3 4.01606E-3 3.51397E-3 4.6318E-3 5.25266E-3 5.70757E-3 6.93444E-3 6.47644E-3 8.53742E-3 1.05507E-2 3.59147E-3 3.43649E-3 6.11612E-3 4.7548E-4 4.97098E-3 3.45006E-3 3.41084E-4 3.25451E-4 1.58562E-3 2.02969E-3 2.22447E-3 2.38581E-3 2.67116E-3 2.54257E-3 2.37519E-3 2.07497E-3 1.70773E-3 1.11618E-3 4.64714E-4 2.14458E-4 1.91718E-4 2.16081E-4 1.57253E-4 1.59908E-4 4.43969E-5 2.71245E-4 3.88188E-5 4.12427E-5 2.07093E-4 3.47133E-4 3.88118E-4 2.27896E-4 2.06067E-4 2.68807E-4 3.99439E-4 6.05425E-4 6.01115E-4 8.44133E-4 9.49152E-4 6.93252E-4 7.19088E-4 5.46578E-4 5.61455E-4 5.61022E-4 5.02848E-4 4.64439E-4
-9999 -9999 -9999 -9999 -9999 -9999 -9999 -9999 -9999 -9999 -9999 -9999 -9999 -9999 6.47129E-3 2.26844E-3 2.74727E-3 4.40407E-3 4.70505E-3 4.70019E-3 5.54912E-3 5.46858E-3 5.49351E-3 1.09495E-3 9.69767E-4 7.30815E-3 6.15667E-3 5.60611E-4 4.18858E-4 3.11261E-4 2.31658E-3 2.63487E-3 2.55694E-3 2.22749E-3 1.51732E-3 1.84337E-3 1.86199E-3 1.78983E-3 2.15162E-3 1.83161E-3 1.81535E-3 1.80438E-3 1.28389E-3 1.13899E-3 1.24269E-3 7.36877E-4 5.61555E-4 3.78022E-4 2.40444E-4 4.78706E-5 6.05448E-5 3.39822E-4 3.59167E-4 2.77842E-4 2.97504E-4 2.79844E-4 3.85021E-4 3.82384E-4 3.56807E-4 4.26551E-4 5.10382E-4 6.64629E-4 7.37936E-4 7.38796E-4 5.62683E-4 6.00201E-4 5.50985E-4 5.00579E-4 4.23475E-4 4.72131E-4
-9999 -9999 -9999 -9999 -9999 -9999 -9999 -9999 -9999 -9999 -9999 -9999 3.37393E-3 3.51942E-3 3.50361E-3 4.97375E-3 2.80038E-3 3.01096E-3 4.08058E-3 5.27948E-3 4.92593E-3 5.62631E-3 6.49737E-3 8.81356E-4 7.43339E-4 7.25618E-4 6.33801E-4 4.62114E-4 4.01946E-4 3.28788E-4 1.93457E-4 2.20434E-4 2.12748E-4 2.40148E-4 1.59445E-3 1.58492E-3 8.60026E-4 1.20779E-3 1.11232E-3 1.24719E-3 1.39371E-3 1.49897E-3 1.76093E-3 1.46003E-3 1.36577E-3 1.06223E-3 9.11847E-4 5.58047E-4 4.06779E-4 3.83006E-4 1.06679E-4 1.40369E-4 6.40839E-5 7.08201E-5 4.54948E-4 5.87766E-4 7.12427E-4 8.03906E-4 4.95911E-4 4.43765E-4 5.46389E-4 6.76737E-4 6.04124E-4 5.43525E-4 5.55474E-4 6.04507E-4 5.87659E-4 5.28428E-4 5.09622E-4 6.29451E-4
-9999 -9999 -9999 -9999 -9999 -9999 -9999 -9999 -9999 -9999 -9999 -9999 3.18377E-3 4.28287E-3 2.88391E-3 4.50775E-3 5.74533E-3 4.35526E-3 4.39724E-3 3.99569E-3 5.84099E-3 6.48575E-3 6.45765E-3 8.02469E-4 6.97159E-4 6.47697E-4 6.51356E-4 4.61773E-3 3.88733E-3 4.33047E-4 2.08042E-3 2.11174E-4 1.70588E-4 1.64427E-4 1.79769E-4 7.35597E-4 8.33746E-4 1.29292E-3 1.22126E-3 1.19757E-3 1.26373E-3 1.39336E-3 1.35257E-3 1.31983E-3 1.36576E-3 1.24765E-3 1.39255E-3 2.69319E-4 2.24064E-4 1.6743E-4 2.00002E-4 1.15963E-4 1.43866E-4 1.71202E-4 6.7585E-4 8.07989E-4 8.50947E-4 8.31369E-4 6.83119E-4 5.82659E-4 4.65906E-4 5.10562E-4 4.5702E-4 3.94782E-4 4.9398E-4 7.75949E-4 9.72728E-4 6.76784E-4 7.45598E-4 8.78837E-4
-9999 -9999 -9999 -9999 -9999 -9999 -9999 -9999 -9999 -9999 -9999 -9999 -9999 2.98309E-3 4.45577E-3 4.43989E-3 4.47751E-3 4.73856E-3 4.52862E-3 3.69726E-3 4.56025E-3 6.0989E-3 5.94112E-3 6.10116E-3 6.65231E-4 5.64769E-4 6.31993E-4 4.94063E-3 1.93799E-3 1.65212E-3 1.5211E-3 9.93621E-4 7.82892E-4 1.31806E-3 1.58664E-4 6.18886E-4 5.7638E-4 7.70168E-4 1.27348E-3 1.21252E-3 8.53609E-4 8.22238E-4 1.30817E-3 1.29166E-3 1.09508E-3 1.0066E-3 3.17612E-4 3.06475E-4 3.14673E-4 2.90672E-4 3.77851E-4 3.95154E-4 3.62487E-4 1.06856E-3 1.00845E-3 1.06792E-3 1.01699E-3 9.53132E-4 1.07595E-3 1.01243E-3 9.05833E-4 8.66561E-4 6.02903E-4 8.38552E-4 8.68634E-4 9.17017E-4 9.80422E-4 9.14024E-4 9.17022E-4 9.34366E-4
-9999 -9999 -9999 -9999 -9999 -9999 -9999 -9999 -9999 -9999 -9999 1.96583E-2 8.95357E-3 6.01608E-3 3.27504E-3 4.85194E-3 5.85061E-3 5.29715E-3 4.4087E-3 3.86492E-3 4.01222E-3 3.07014E-3 2.31747E-3 5.58088E-3 8.60744E-4 6.17618E-4 6.2569E-4 5.37887E-3 1.99481E-3 1.95477E-3 1.78325E-3 1.65147E-3 1.49917E-3 1.30273E-3 8.14176E-4 1.39985E-3 1.25616E-3 1.27059E-3 1.50981E-3 1.33697E-3 1.34523E-3 1.30322E-3 1.32154E-3 1.04812E-3 1.14173E-3 1.60892E-3 3.57794E-4 3.48037E-4 3.6917E-4 3.67218E-4 4.08448E-4 4.25637E-4 3.74317E-4 1.69082E-3 1.21866E-3 1.15344E-3 1.11004E-3 9.99283E-4 9.47537E-4 8.86016E-4 8.99865E-4 9.65094E-4 9.611E-4 1.01819E-3 8.17164E-4 8.34408E-4 9.15449E-4 9.687E-4 1.1781E-3 1.18589E-3
-9999 -9999 -9999 -9999 -9999 -9999 -9999 -9999 -9999 -9999 -9999 2.05533E-2 9.18398E-3 5.12399E-3 4.7357E-3 4.88718E-3 6.40607E-3 4.23775E-3 4.54691E-3 4.84993E-3 4.96113E-3 4.42567E-3 3.72732E-3 5.33062E-4 7.29306E-4 7.34439E-4 8.82097E-4 5.31274E-3 3.51398E-3 1.70823E-3 1.68114E-3 8.14829E-4 1.2456E-3 1.39917E-3 1.53242E-3 9.22258E-4 1.56696E-3 1.68512E-3 1.68539E-3 1.62009E-3 1.0182E-3 9.84445E-4 1.08932E-3 1.10384E-3 1.1876E-3 1.72742E-3 3.48182E-4 3.69042E-4 4.18256E-4 4.04211E-4 3.61885E-4 4.81648E-4 4.22144E-4 3.86216E-4 3.55662E-4 9.64275E-4 9.32408E-4 9.4196E-4 1.01037E-3 1.02791E-3 9.58313E-4 1.05432E-3 1.03227E-3 8.9734E-4 8.46052E-4 9.82574E-4 1.0205E-3 1.18084E-3 1.19932E-3 1.21809E-3
-9999 -9999 -9999 -9999 -9999 -9999 -9999 -9999 -9999 -9999 1.11062E-1 3.07636E-2 1.43592E-2 5.96823E-3 7.37733E-3 8.49378E-3 4.69011E-3 6.49397E-3 4.60484E-3 3.78354E-3 4.73608E-3 4.32642E-3 4.08024E-3 6.07817E-3 7.62275E-3 5.3375E-4 2.7155E-4 4.49422E-4 3.6696E-4 1.25933E-3 1.7139E-3 1.28203E-3 1.11693E-3 1.25398E-3 6.79991E-4 7.28995E-4 5.39056E-4 8.3603E-4 1.09909E-3 1.11162E-3 1.06533E-3 9.75773E-4 1.05663E-3 1.14045E-3 1.35969E-3 1.28873E-3 3.89397E-4 4.23053E-4 3.96644E-4 3.2839E-4 3.89162E-4 3.51E-4 3.29744E-4 3.28563E-4 1.78127E-3 1.14809E-3 1.16352E-3 1.12202E-3 1.1152E-3 1.16734E-3 1.09127E-3 1.11153E-3 1.06389E-3 1.03816E-3 1.08791E-3 1.02231E-3 1.05763E-3 1.09717E-3 1.05813E-3 1.14645E-3
