KUENM_DEFAULT/Final_Models/M_1_F_lqpth_Set_1_NE/sp1_0_se_asia.asc
ncols         320
nrows         243
xllcorner     44.0
yllcorner     -0.666666666666667
cellsize      0.166666666666667
NODATA_value  -9999
[rows 93 to 123 of 243, columns 140 to 209 of 320]
3.48786E-2 4.58156E-2 5.6075E-2 8.2467E-2 9.8433E-2 1.24617E-1 1.50651E-1 2.71328E-1 2.01639E-1 2.31961E-1 3.95987E-1 4.46664E-1 4.72094E-1 2.70989E-1 3.05564E-1 4.56295E-1 3.72652E-1 4.19764E-1 5.95357E-1 5.49749E-1 5.53793E-1 5.15466E-1 6.53546E-1 6.58034E-1 6.95327E-1 6.99598E-1 6.98421E-1 7.02735E-1 7.21436E-1 8.00122E-1 5.23911E-1 3.65437E-1 2.18221E-1 2.23954E-1 3.93696E-1 2.62329E-1 3.41582E-1 4.49427E-1 5.25796E-1 7.27938E-1 5.7525E-1 4.49838E-1 4.16215E-1 3.52753E-1 4.4791E-1 4.28546E-1 4.63548E-1 4.9413E-1 5.24749E-1 5.32267E-1 5.52675E-1 5.39688E-1 3.67127E-1 3.57786E-1 3.74039E-1 3.75988E-1 3.54004E-1 8.7336E-2 4.5324E-1 4.46098E-1 4.26913E-1 4.24233E-1 4.30537E-1 4.22735E-1 1.12222E-1 8.23704E-2 6.63077E-2 5.42644E-2 5.296E-2 5.75869E-2
5.68964E-2 4.61894E-2 0E0 7.40553E-2 1.03652E-1 1.32533E-1 2.61953E-1 2.12416E-1 1.95218E-1 3.2178E-1 3.52945E-1 4.01378E-1 4.43938E-1 4.44306E-1 3.60681E-1 3.71088E-1 3.91306E-1 5.60173E-1 5.13588E-1 5.52061E-1 5.45173E-1 5.44949E-1 5.52844E-1 5.63409E-1 7.13697E-1 7.23815E-1 7.22369E-1 7.17372E-1 7.28627E-1 7.19779E-1 5.41468E-1 5.57373E-1 3.08004E-1 4.11886E-1 4.00039E-1 2.71641E-1 3.40816E-1 4.78751E-1 5.90036E-1 7.45599E-1 6.22931E-1 5.41428E-1 5.30168E-1 4.19395E-1 4.25376E-1 4.19836E-1 4.59305E-1 4.77071E-1 5.15038E-1 4.04663E-1 5.33239E-1 5.06142E-1 5.06516E-1 3.73674E-1 3.79868E-1 3.74482E-1 3.29946E-1 8.70795E-2 4.57199E-1 4.79828E-1 4.64685E-1 4.3549E-1 4.2245E-1 1.165E-1 9.55295E-2 6.85507E-2 5.55725E-2 4.71255E-2 4.85065E-2 4.77073E-2
-9999 4.71741E-2 6.27901E-2 7.97123E-2 1.12137E-1 1.5329E-1 1.32429E-1 2.81483E-1 2.66114E-1 4.30639E-1 3.30268E-1 3.45648E-1 3.58625E-1 3.57089E-1 2.85515E-1 2.41967E-1 3.69109E-1 4.45054E-1 4.03894E-1 5.42589E-1 5.25725E-1 5.48441E-1 5.63667E-1 5.7189E-1 7.26913E-1 7.32308E-1 7.40128E-1 7.37245E-1 8.15211E-1 8.03165E-1 7.88237E-1 6.16812E-1 5.00648E-1 4.17846E-1 3.74518E-1 3.4541E-1 3.70579E-1 4.7728E-1 6.23234E-1 6.43871E-1 7.4719E-1 6.04055E-1 5.17705E-1 3.95586E-1 4.33527E-1 4.22445E-1 4.44646E-1 4.67283E-1 5.09442E-1 3.85224E-1 4.78686E-1 4.6373E-1 4.91912E-1 5.19735E-1 3.65965E-1 3.59534E-1 3.2343E-1 8.264E-2 4.35619E-1 4.7863E-1 4.62429E-1 4.33718E-1 1.09006E-1 8.25738E-2 6.8088E-2 5.39771E-2 4.44097E-2 4.06905E-2 4.07529E-2 4.53065E-2
-9999 -9999 -9999 -9999 1.15573E-1 1.08371E-1 1.43761E-1 -9999 2.86676E-1 3.24403E-1 3.65028E-1 4.01631E-1 3.65869E-1 3.15082E-1 2.09709E-1 2.85031E-1 2.48109E-1 4.46769E-1 5.17138E-1 6.40126E-1 5.43161E-1 5.59431E-1 5.77855E-1 5.8446E-1 6.19744E-1 7.2416E-1 7.28165E-1 7.3708E-1 8.08322E-1 7.98387E-1 6.99706E-1 6.25163E-1 5.43716E-1 4.44638E-1 3.93326E-1 4.13157E-1 4.11058E-1 4.16907E-1 5.28939E-1 6.12198E-1 5.9647E-1 5.24727E-1 4.20028E-1 3.84449E-1 2.95279E-1 2.75512E-1 3.09981E-1 3.474E-1 3.47629E-1 3.57702E-1 4.7957E-1 4.68112E-1 4.85468E-1 4.98664E-1 3.45118E-1 3.21131E-1 3.02025E-1 1.27093E-1 1.18154E-1 4.33908E-1 4.42459E-1 3.93798E-1 8.89627E-2 6.3702E-2 5.29964E-2 4.33801E-2 3.62369E-2 3.55229E-2 3.53596E-2 4.31334E-2
-9999 -9999 -9999 -9999 -9999 -9999 1.7028E-1 2.20765E-1 2.57776E-1 2.94239E-1 3.37662E-1 3.78477E-1 3.92311E-1 3.56243E-1 1.49623E-1 1.40687E-1 3.34644E-1 5.67803E-1 6.12919E-1 6.41097E-1 5.40575E-1 5.6089E-1 5.7935E-1 7.29972E-1 7.3536E-1 7.31592E-1 7.31968E-1 7.39238E-1 8.1205E-1 7.00627E-1 6.58394E-1 6.1441E-1 5.59198E-1 4.97794E-1 4.36833E-1 4.31055E-1 4.41605E-1 4.64465E-1 5.27299E-1 5.66942E-1 5.48784E-1 4.44932E-1 3.20828E-1 3.08457E-1 2.72177E-1 2.47862E-1 3.09192E-1 3.27599E-1 3.21397E-1 4.70733E-1 4.62081E-1 4.78024E-1 4.70295E-1 4.6165E-1 3.09777E-1 2.9541E-1 7.58634E-2 1.04945E-1 1.00287E-1 1.16192E-1 4.03769E-1 9.71615E-2 6.81252E-2 5.28075E-2 4.24502E-2 3.60413E-2 3.15207E-2 2.91094E-2 3.31892E-2 4.3408E-2
-9999 -9999 -9999 -9999 -9999 -9999 -9999 1.76987E-1 2.33668E-1 3.77464E-1 3.03277E-1 3.44431E-1 3.66703E-1 3.19409E-1 3.4103E-1 4.11341E-1 5.47813E-1 6.2752E-1 6.50272E-1 6.66564E-1 6.90441E-1 7.09227E-1 6.10861E-1 6.24086E-1 7.34947E-1 7.35045E-1 7.33981E-1 7.43963E-1 7.25964E-1 6.65951E-1 6.09574E-1 5.79122E-1 5.68307E-1 5.3632E-1 4.92331E-1 4.73261E-1 4.65617E-1 4.61641E-1 4.78951E-1 5.14683E-1 5.15365E-1 4.19989E-1 3.08631E-1 2.92424E-1 2.56796E-1 2.39143E-1 2.68978E-1 2.85749E-1 3.0628E-1 4.59241E-1 4.55561E-1 4.56683E-1 4.33465E-1 1.2604E-1 1.22947E-1 7.16798E-2 6.54124E-2 8.46246E-2 7.47644E-2 8.02877E-2 8.6521E-2 7.23252E-2 5.76731E-2 4.6706E-2 3.90093E-2 3.27348E-2 3.11797E-2 2.85723E-2 3.25146E-2 3.96318E-2
-9999 -9999 -9999 -9999 -9999 -9999 -9999 -9999 1.84074E-1 2.32608E-1 2.73541E-1 2.87604E-1 3.15233E-1 4.69646E-1 6.08154E-1 5.44242E-1 4.57882E-1 4.91563E-1 6.45607E-1 6.70591E-1 6.9601E-1 7.11938E-1 6.13932E-1 6.24187E-1 7.37372E-1 7.39873E-1 7.32884E-1 7.39832E-1 6.97564E-1 6.35574E-1 5.70968E-1 5.32084E-1 5.5519E-1 5.3071E-1 4.77774E-1 4.57812E-1 4.63822E-1 4.63384E-1 4.23418E-1 3.9578E-1 4.12489E-1 3.78313E-1 2.7266E-1 2.53496E-1 2.86446E-1 2.76479E-1 3.90623E-1 2.68994E-1 3.08716E-1 4.55018E-1 4.51894E-1 4.39192E-1 3.93697E-1 1.01153E-1 1.06617E-1 1.08178E-1 9.84494E-2 7.11881E-2 4.7162E-2 5.38558E-2 6.02446E-2 5.7971E-2 4.90036E-2 4.30918E-2 3.76747E-2 4.07858E-2 5.22057E-2 4.82148E-2 4.48041E-2 4.63718E-2
-9999 -9999 -9999 -9999 -9999 -9999 -9999 -9999 -9999 1.76026E-1 2.02854E-1 2.49148E-1 2.75934E-1 5.56708E-1 5.90864E-1 5.17035E-1 4.35664E-1 4.79005E-1 -9999 6.58411E-1 6.93438E-1 6.03106E-1 7.24225E-1 7.26425E-1 7.32957E-1 7.25336E-1 6.95187E-1 7.26104E-1 6.68354E-1 6.14053E-1 5.6692E-1 5.19474E-1 5.17191E-1 4.93039E-1 4.47676E-1 4.16812E-1 4.27474E-1 4.10837E-1 3.62442E-1 3.36675E-1 3.36604E-1 3.27083E-1 2.85326E-1 2.86565E-1 2.93777E-1 2.95325E-1 2.89036E-1 2.85005E-1 3.1685E-1 3.24185E-1 4.29344E-1 3.92878E-1 9.82022E-2 8.75003E-2 9.30499E-2 1.00526E-1 9.69494E-2 7.44255E-2 4.98512E-2 4.60763E-2 4.96718E-2 4.86719E-2 3.91341E-2 4.05248E-2 4.18573E-2 4.51477E-2 5.17074E-2 5.57454E-2 5.95346E-2 6.27303E-2
-9999 -9999 -9999 -9999 -9999 -9999 -9999 -9999 -9999 -9999 -9999 1.90285E-1 2.41883E-1 3.83388E-1 3.12502E-1 3.58065E-1 -9999 -9999 4.92202E-1 6.52167E-1 6.92486E-1 7.18318E-1 8.25886E-1 8.22973E-1 8.17984E-1 6.99813E-1 6.79148E-1 7.88147E-1 6.46282E-1 5.58821E-1 5.55925E-1 5.30923E-1 4.72152E-1 4.49575E-1 4.56131E-1 4.37279E-1 4.14436E-1 3.76805E-1 3.34272E-1 3.32213E-1 3.30169E-1 3.53761E-1 3.70381E-1 3.64288E-1 3.16824E-1 2.79433E-1 2.90494E-1 2.88765E-1 3.20983E-1 3.18224E-1 4.05365E-1 1.07902E-1 8.99297E-2 8.50818E-2 8.54544E-2 8.79847E-2 9.01932E-2 7.80843E-2 6.59214E-2 5.83959E-2 5.10582E-2 3.90723E-2 3.45121E-2 3.95169E-2 3.92437E-2 4.11243E-2 4.80502E-2 5.65741E-2 6.49205E-2 6.85943E-2
-9999 -9999 -9999 -9999 -9999 -9999 -9999 -9999 -9999 -9999 -9999 -9999 -9999 -9999 -9999 -9999 -9999 -9999 5.98064E-1 5.2063E-1 6.92716E-1 6.11905E-1 7.23756E-1 7.13858E-1 8.023E-1 7.79386E-1 6.75934E-1 7.81334E-1 6.28032E-1 5.34602E-1 5.44388E-1 5.1065E-1 4.2974E-1 2.75547E-1 4.48043E-1 4.5338E-1 4.03644E-1 3.46555E-1 2.89417E-1 2.86582E-1 3.15132E-1 3.66067E-1 3.83813E-1 3.96533E-1 3.22095E-1 2.83029E-1 2.75663E-1 2.80596E-1 2.99632E-1 2.97728E-1 3.86174E-1 1.02987E-1 9.2486E-2 8.21192E-2 8.63983E-2 1.00298E-1 1.18562E-1 1.11912E-1 9.56062E-2 8.54694E-2 7.1533E-2 5.7495E-2 5.00486E-2 4.29008E-2 3.64251E-2 3.40874E-2 4.08386E-2 4.69665E-2 5.10633E-2 5.16389E-2
-9999 -9999 -9999 -9999 -9999 -9999 -9999 -9999 -9999 -9999 -9999 -9999 -9999 -9999 -9999 -9999 -9999 5.62358E-1 4.83863E-1 5.04594E-1 6.98333E-1 7.07382E-1 8.00984E-1 7.09413E-1 6.83392E-1 6.61366E-1 6.78205E-1 7.71305E-1 6.38702E-1 5.94453E-1 5.72141E-1 5.08732E-1 4.1638E-1 3.84728E-1 4.29409E-1 4.22879E-1 3.74536E-1 3.06717E-1 6.30921E-2 6.26015E-2 2.70588E-1 3.02391E-1 3.46824E-1 3.66296E-1 3.40225E-1 3.05598E-1 2.85221E-1 2.7692E-1 2.68829E-1 2.60807E-1 2.33001E-1 1.00004E-1 1.20158E-1 1.28773E-1 1.23211E-1 1.36596E-1 1.30051E-1 1.17112E-1 9.8641E-2 8.49208E-2 6.89334E-2 5.93929E-2 4.90143E-2 4.23075E-2 3.20583E-2 2.49081E-2 2.10811E-2 3.68197E-2 4.42579E-2 1.84394E-2
-9999 -9999 -9999 -9999 -9999 -9999 -9999 -9999 -9999 -9999 -9999 -9999 -9999 -9999 2.52314E-1 3.3559E-1 3.80734E-1 5.464E-1 5.81819E-1 6.42687E-1 6.80772E-1 6.68731E-1 6.62181E-1 7.64779E-1 6.79021E-1 6.58798E-1 6.68177E-1 7.60483E-1 6.50117E-1 6.26155E-1 5.9343E-1 5.28689E-1 4.53644E-1 4.20633E-1 4.00844E-1 3.75553E-1 3.17131E-1 6.37219E-2 5.16206E-2 5.66036E-2 7.03562E-2 3.17529E-1 3.6931E-1 4.07044E-1 4.37156E-1 4.2816E-1 4.24844E-1 3.77313E-1 2.94992E-1 2.70464E-1 2.29923E-1 3.52171E-1 4.14197E-1 5.45493E-1 5.00644E-1 1.48711E-1 1.30903E-1 1.07244E-1 8.99363E-2 7.24784E-2 5.9282E-2 4.88359E-2 4.85502E-2 5.38929E-2 4.09201E-2 2.23072E-2 3.18348E-3 2.54437E-2 9.46559E-3 1.13901E-2
-9999 -9999 -9999 -9999 -9999 -9999 -9999 -9999 -9999 -9999 8.64701E-2 1.05662E-1 1.34848E-1 1.87502E-1 2.48579E-1 4.0397E-1 4.7485E-1 5.14295E-1 5.40865E-1 7.21048E-1 6.05478E-1 6.01568E-1 6.10835E-1 6.23778E-1 7.42405E-1 6.53941E-1 7.47612E-1 7.56125E-1 7.51084E-1 -9999 6.03193E-1 -9999 4.74915E-1 -9999 8.69179E-2 8.49835E-2 7.63403E-2 5.90614E-2 5.47877E-2 5.38999E-2 6.65939E-2 3.164E-1 3.95414E-1 4.45359E-1 5.01937E-1 5.15906E-1 5.0687E-1 5.22212E-1 4.8942E-1 4.71659E-1 4.73961E-1 4.79529E-1 4.68054E-1 4.39427E-1 5.28169E-1 4.74496E-1 1.22888E-1 8.57084E-2 6.93508E-2 5.70347E-2 5.0949E-2 4.67265E-2 4.89375E-2 7.52556E-2 6.03888E-2 2.35833E-2 8.19489E-3 5.23025E-3 1.07045E-2 2.35969E-2
-9999 -9999 -9999 -9999 -9999 -9999 -9999 -9999 -9999 -9999 -9999 1.06526E-1 0E0 1.80315E-1 3.09854E-1 2.32996E-1 3.70763E-1 5.77345E-1 6.30137E-1 6.63101E-1 5.63936E-1 5.61337E-1 5.83572E-1 5.92373E-1 7.12118E-1 7.20407E-1 7.33076E-1 6.45306E-1 7.3708E-1 7.36884E-1 -9999 5.42908E-1 4.79821E-1 4.13912E-1 8.75449E-2 7.5832E-2 6.97518E-2 6.29142E-2 6.44111E-2 5.96607E-2 7.30818E-2 3.05043E-1 4.33423E-1 4.81531E-1 5.44534E-1 5.80299E-1 5.72979E-1 5.69355E-1 5.30542E-1 5.09893E-1 4.95653E-1 4.61944E-1 4.51066E-1 5.72722E-1 5.16204E-1 1.57291E-1 1.12904E-1 6.53779E-2 4.4426E-2 3.74001E-2 3.88168E-2 4.14641E-2 5.32995E-2 6.64581E-2 7.52693E-2 4.2225E-2 3.34859E-2 3.28662E-2 3.22644E-2 5.35936E-2
-9999 -9999 -9999 -9999 -9999 -9999 -9999 -9999 -9999 -9999 -9999 -9999 1.4096E-1 1.86867E-1 1.80233E-1 1.89766E-1 3.24196E-1 3.81777E-1 4.3388E-1 5.11093E-1 5.2591E-1 5.50585E-1 6.70794E-1 6.699E-1 5.81469E-1 5.88997E-1 5.99979E-1 6.13906E-1 7.15946E-1 -9999 -9999 -9999 4.72396E-1 4.35083E-1 3.41465E-1 7.43202E-2 6.39674E-2 6.31182E-2 6.30764E-2 6.0419E-2 2.81944E-1 3.6362E-1 3.20528E-1 3.44332E-1 5.36579E-1 5.47015E-1 5.7472E-1 5.6994E-1 6.75492E-1 6.57643E-1 6.44463E-1 5.84304E-1 5.39948E-1 5.16152E-1 4.85496E-1 1.38674E-1 9.00172E-2 5.19009E-2 3.29728E-2 3.32587E-2 4.51229E-2 6.1107E-2 6.22619E-2 5.40443E-2 4.38902E-2 5.31438E-2 5.63672E-2 6.71706E-2 6.11249E-2 6.90251E-2
-9999 -9999 -9999 -9999 -9999 -9999 -9999 -9999 -9999 -9999 -9999 -9999 -9999 1.56876E-1 1.29178E-1 1.55143E-1 1.73671E-1 2.12394E-1 3.47322E-1 3.88874E-1 4.35501E-1 5.06799E-1 6.29491E-1 6.3237E-1 6.49714E-1 5.56305E-1 5.638E-1 6.8255E-1 6.78072E-1 -9999 -9999 5.13031E-1 4.68287E-1 4.21757E-1 3.39676E-1 6.12959E-2 3.76902E-2 3.43164E-2 3.68545E-2 3.86366E-2 4.57405E-2 2.91567E-1 4.04651E-1 4.76523E-1 4.85439E-1 4.90886E-1 6.60756E-1 6.46716E-1 6.19048E-1 6.64902E-1 6.28348E-1 5.87484E-1 5.18838E-1 4.9952E-1 4.76448E-1 1.24056E-1 7.6066E-2 4.228E-2 4.12232E-2 4.54128E-2 5.26196E-2 7.24468E-2 8.68389E-2 8.021E-2 8.00044E-2 8.0066E-2 8.11018E-2 9.68928E-2 1.10534E-1 1.04577E-1
-9999 -9999 -9999 -9999 -9999 -9999 -9999 -9999 -9999 -9999 -9999 -9999 -9999 -9999 1.29992E-1 1.35103E-1 1.45723E-1 1.47692E-1 1.40236E-1 2.44317E-1 3.3811E-1 4.10129E-1 5.5168E-1 5.89695E-1 4.95892E-1 6.08018E-1 5.09382E-1 4.96462E-1 4.72358E-1 4.91002E-1 -9999 -9999 -9999 3.6392E-1 7.1794E-2 4.05158E-2 2.58726E-2 2.42169E-2 3.14651E-2 5.5523E-2 3.43975E-1 4.87662E-1 5.72377E-1 6.00095E-1 5.86401E-1 5.11896E-1 6.31811E-1 5.81622E-1 5.104E-1 5.58614E-1 4.96573E-1 4.64717E-1 4.49288E-1 4.81206E-1 4.55567E-1 1.21867E-1 8.68489E-2 6.14577E-2 4.38879E-2 2.59737E-2 1.95344E-2 3.47423E-2 7.61405E-2 3.69904E-1 3.49424E-1 3.61685E-1 3.84778E-1 1.1914E-1 1.22252E-1 1.2495E-1
-9999 -9999 -9999 -9999 -9999 -9999 -9999 -9999 -9999 -9999 -9999 -9999 -9999 -9999 -9999 1.15185E-1 1.14305E-1 1.07176E-1 9.6534E-2 1.87291E-1 2.78105E-1 3.52225E-1 3.85225E-1 5.12549E-1 5.21929E-1 4.20221E-1 4.37273E-1 4.40777E-1 4.28811E-1 -9999 -9999 -9999 3.23625E-1 6.4635E-2 3.51007E-2 1.91521E-2 1.3822E-2 1.51216E-2 3.08016E-2 6.41624E-2 3.96256E-1 5.48763E-1 6.16284E-1 6.56929E-1 6.3602E-1 5.91793E-1 5.49572E-1 6.49536E-1 5.99618E-1 4.57467E-1 3.67844E-1 4.6457E-1 4.68597E-1 5.32325E-1 5.21264E-1 4.71678E-1 1.16973E-1 6.99927E-2 3.94809E-2 1.67622E-2 2.16399E-2 6.16993E-2 3.95476E-1 4.23404E-1 4.5404E-1 4.27301E-1 4.13258E-1 1.24535E-1 1.22766E-1 1.33828E-1
-9999 -9999 -9999 -9999 -9999 -9999 -9999 -9999 -9999 -9999 -9999 -9999 -9999 -9999 -9999 -9999 9.29472E-2 8.67898E-2 9.2472E-2 1.10177E-1 2.12766E-1 2.47773E-1 4.06205E-1 4.46932E-1 4.67835E-1 3.46676E-1 3.4156E-1 3.3487E-1 3.27715E-1 -9999 -9999 -9999 3.78276E-2 2.00676E-2 1.41361E-2 9.01558E-3 7.34969E-3 1.09654E-2 2.36667E-2 5.15928E-2 3.88003E-1 5.39898E-1 7.32603E-1 7.57842E-1 6.61029E-1 6.09458E-1 5.84067E-1 5.47371E-1 5.15594E-1 6.15127E-1 6.10107E-1 6.17375E-1 6.3361E-1 6.21152E-1 5.56777E-1 4.04284E-1 9.76051E-2 6.88618E-2 5.41405E-2 8.66009E-2 4.95276E-1 5.48978E-1 5.3527E-1 5.10232E-1 4.694E-1 4.11349E-1 1.18998E-1 1.1801E-1 1.20534E-1 1.29122E-1
-9999 -9999 -9999 -9999 -9999 -9999 -9999 -9999 -9999 -9999 -9999 -9999 -9999 -9999 -9999 -9999 -9999 8.96934E-2 1.0261E-1 1.76614E-1 1.88652E-1 2.38052E-1 3.68173E-1 3.11277E-1 4.5604E-1 3.38916E-1 3.22001E-1 -9999 -9999 -9999 -9999 -9999 -9999 8.54219E-3 6.17792E-3 5.14447E-3 3.67047E-3 5.24084E-3 1.40234E-2 4.73458E-2 3.67978E-1 5.45633E-1 6.21279E-1 7.48587E-1 6.59685E-1 6.34531E-1 6.16732E-1 5.80775E-1 5.52076E-1 6.84217E-1 6.92348E-1 6.76704E-1 6.80366E-1 6.14854E-1 5.48723E-1 5.77072E-1 6.11234E-1 6.17083E-1 6.1203E-1 6.27016E-1 6.12181E-1 5.89007E-1 5.60422E-1 4.98852E-1 4.53333E-1 3.89231E-1 1.11444E-1 1.07486E-1 1.15384E-1 1.18144E-1
-9999 -9999 -9999 -9999 -9999 -9999 -9999 -9999 -9999 -9999 -9999 -9999 -9999 -9999 -9999 -9999 -9999 -9999 1.82719E-1 1.17239E-1 1.16278E-1 2.19794E-1 2.75768E-1 5.48836E-1 5.64637E-1 -9999 -9999 -9999 -9999 -9999 -9999 -9999 -9999 3.43042E-3 1.95661E-3 1.67323E-3 1.31678E-3 2.36804E-3 8.16947E-3 4.08642E-2 4.04822E-1 5.75838E-1 5.88755E-1 6.55781E-1 6.63126E-1 6.28482E-1 5.95918E-1 5.59568E-1 5.22992E-1 6.3078E-1 6.33673E-1 6.29428E-1 6.52343E-1 6.73899E-1 6.66037E-1 6.79627E-1 6.97633E-1 6.86612E-1 6.73182E-1 6.63777E-1 6.17252E-1 5.84711E-1 5.35062E-1 4.77698E-1 4.48058E-1 4.09957E-1 1.22391E-1 1.27919E-1 1.17902E-1 1.09823E-1
-9999 -9999 -9999 -9999 -9999 -9999 -9999 -9999 -9999 -9999 -9999 -9999 -9999 -9999 -9999 -9999 -9999 -9999 -9999 -9999 9.20435E-2 1.15369E-1 -9999 -9999 -9999 -9999 -9999 -9999 -9999 -9999 -9999 -9999 -9999 -9999 6.64729E-4 4.46582E-4 4.33892E-4 1.34691E-3 6.39853E-3 1.9547E-2 3.37794E-1 5.30729E-1 5.39206E-1 6.28105E-1 6.49181E-1 6.03294E-1 5.53275E-1 5.05229E-1 4.70251E-1 5.9324E-1 5.84043E-1 5.80537E-1 5.95028E-1 6.33043E-1 6.4646E-1 6.58876E-1 6.8667E-1 6.72456E-1 6.59167E-1 6.33133E-1 5.91412E-1 5.62334E-1 5.34261E-1 5.13205E-1 4.52531E-1 4.2232E-1 1.30198E-1 1.37595E-1 1.18498E-1 9.68014E-2
-9999 -9999 -9999 -9999 -9999 -9999 -9999 -9999 -9999 -9999 -9999 -9999 -9999 -9999 -9999 -9999 -9999 -9999 -9999 -9999 -9999 -9999 -9999 -9999 -9999 -9999 -9999 -9999 -9999 -9999 -9999 -9999 -9999 6.16054E-4 3.35745E-4 1.95424E-4 3.07807E-4 1.34729E-3 1.02869E-2 1.83577E-1 4.41718E-1 5.26975E-1 5.77035E-1 6.49848E-1 6.43184E-1 5.8188E-1 5.24572E-1 4.78806E-1 4.4067E-1 5.41231E-1 5.30724E-1 5.25066E-1 5.03887E-1 5.2535E-1 5.81414E-1 6.29356E-1 6.38317E-1 6.27826E-1 6.02386E-1 5.79944E-1 5.29023E-1 5.16605E-1 5.13733E-1 5.01881E-1 4.49501E-1 1.30301E-1 1.27539E-1 1.23225E-1 1.05062E-1 8.14657E-2
-9999 -9999 -9999 -9999 -9999 -9999 -9999 -9999 -9999 -9999 -9999 -9999 -9999 -9999 -9999 -9999 -9999 -9999 -9999 -9999 -9999 -9999 -9999 -9999 -9999 -9999 -9999 -9999 -9999 -9999 -9999 -9999 -9999 4.51612E-4 2.10911E-4 1.34598E-4 3.09922E-4 2.34582E-3 1.51918E-2 2.15593E-1 4.00622E-1 6.3914E-1 5.60503E-1 6.36E-1 6.26342E-1 5.55496E-1 4.85405E-1 3.88386E-1 4.73394E-1 4.48133E-1 4.63356E-1 4.71554E-1 4.13376E-1 4.23321E-1 4.63736E-1 5.27639E-1 5.6498E-1 5.37178E-1 5.18016E-1 4.90616E-1 4.66876E-1 4.60257E-1 4.58634E-1 4.45239E-1 1.12732E-1 1.02123E-1 1.04719E-1 1.03519E-1 9.08969E-2 7.29714E-2
-9999 -9999 -9999 -9999 -9999 -9999 -9999 -9999 -9999 -9999 -9999 -9999 -9999 -9999 -9999 -9999 -9999 -9999 -9999 -9999 -9999 -9999 -9999 -9999 -9999 -9999 -9999 -9999 -9999 -9999 -9999 -9999 9.18842E-4 4.05828E-4 1.35276E-4 8.16221E-5 2.69586E-4 2.95068E-3 2.57004E-2 3.46352E-1 4.60452E-1 6.36919E-1 5.37607E-1 5.83387E-1 5.90646E-1 4.52869E-1 3.72801E-1 4.64138E-1 4.68729E-1 4.95434E-1 5.19364E-1 3.73914E-1 4.85642E-1 4.44498E-1 4.5104E-1 4.5317E-1 4.46643E-1 4.4567E-1 4.06944E-1 1.22011E-1 4.0746E-1 4.36571E-1 4.29882E-1 4.1378E-1 1.10921E-1 9.66197E-2 8.30842E-2 8.0327E-2 7.99933E-2 7.2512E-2
-9999 -9999 -9999 -9999 -9999 -9999 -9999 -9999 -9999 -9999 -9999 -9999 -9999 -9999 -9999 -9999 -9999 -9999 -9999 -9999 -9999 -9999 -9999 -9999 -9999 -9999 -9999 -9999 -9999 -9999 -9999 -9999 4.62164E-4 1.88999E-4 4.67461E-5 4.20816E-5 1.37449E-4 2.00078E-3 2.92433E-2 4.1242E-1 5.12632E-1 4.97435E-1 5.2827E-1 5.68057E-1 5.51238E-1 4.76483E-1 3.92269E-1 4.71769E-1 4.87742E-1 5.11175E-1 5.46663E-1 4.13609E-1 5.49599E-1 5.21638E-1 4.73446E-1 4.71963E-1 4.72898E-1 4.29366E-1 1.0304E-1 9.89932E-2 1.14142E-1 3.95563E-1 4.14884E-1 1.2406E-1 1.11795E-1 9.61065E-2 7.94258E-2 7.07908E-2 6.84201E-2 7.2908E-2
-9999 -9999 -9999 -9999 -9999 -9999 -9999 -9999 -9999 -9999 -9999 -9999 -9999 -9999 -9999 -9999 -9999 -9999 -9999 -9999 -9999 -9999 -9999 -9999 -9999 -9999 -9999 -9999 -9999 -9999 -9999 -9999 3.19677E-4 8.58867E-5 2.04733E-5 9.30376E-6 3.41042E-5 2.94237E-4 1.38816E-2 3.45458E-1 4.92325E-1 4.77558E-1 5.08122E-1 5.62057E-1 5.90488E-1 5.21699E-1 5.76474E-1 5.44603E-1 5.45038E-1 5.66577E-1 5.81288E-1 5.89652E-1 5.81709E-1 5.50435E-1 5.24489E-1 5.03044E-1 4.79252E-1 4.34819E-1 1.15298E-1 1.0463E-1 1.07388E-1 4.25214E-1 1.28751E-1 1.22539E-1 1.08406E-1 9.60635E-2 8.16154E-2 7.30835E-2 6.72421E-2 7.39268E-2
-9999 -9999 -9999 -9999 -9999 -9999 -9999 -9999 -9999 -9999 -9999 -9999 -9999 -9999 -9999 -9999 -9999 -9999 -9999 -9999 -9999 -9999 -9999 -9999 -9999 -9999 -9999 -9999 -9999 -9999 -9999 -9999 1.65626E-4 5.09426E-5 1.14394E-5 8.54591E-6 8.20082E-6 2.80864E-5 2.46353E-3 1.82549E-2 5.66861E-1 4.40226E-1 4.76027E-1 5.50524E-1 7.12867E-1 5.63664E-1 5.15286E-1 6.33618E-1 6.07877E-1 6.09095E-1 6.10168E-1 6.0585E-1 6.03838E-1 5.68564E-1 5.39105E-1 5.20456E-1 4.93801E-1 4.47245E-1 1.28808E-1 1.08806E-1 1.01023E-1 1.05789E-1 1.16161E-1 1.08113E-1 9.49896E-2 8.48416E-2 8.60839E-2 8.27562E-2 7.886E-2 7.53582E-2
-9999 -9999 -9999 -9999 -9999 -9999 -9999 -9999 -9999 -9999 -9999 -9999 -9999 -9999 -9999 -9999 -9999 -9999 -9999 -9999 -9999 -9999 -9999 -9999 -9999 -9999 -9999 -9999 -9999 -9999 -9999 -9999 3.18311E-4 3.72317E-5 1.00642E-5 5.89015E-6 1.40389E-5 6.83206E-5 1.06326E-3 1.78548E-2 5.93203E-1 4.3964E-1 4.72165E-1 5.29637E-1 5.9129E-1 7.05875E-1 5.88849E-1 5.41735E-1 6.46636E-1 6.20842E-1 6.0891E-1 5.97399E-1 5.88902E-1 5.8261E-1 5.60218E-1 5.28128E-1 4.91513E-1 4.6607E-1 1.31023E-1 1.17461E-1 1.0707E-1 9.71219E-2 9.08643E-2 9.44997E-2 9.61076E-2 9.15084E-2 8.35499E-2 7.78118E-2 6.05912E-2 5.91004E-2
-9999 -9999 -9999 -9999 -9999 -9999 -9999 -9999 -9999 -9999 -9999 -9999 -9999 -9999 -9999 -9999 -9999 -9999 -9999 -9999 -9999 -9999 -9999 -9999 -9999 -9999 -9999 -9999 -9999 -9999 -9999 -9999 -9999 2.92879E-5 1.21109E-5 8.10229E-6 3.01587E-5 2.03733E-4 2.0664E-3 1.15926E-2 3.6367E-1 4.60503E-1 4.63068E-1 6.56109E-1 7.07766E-1 7.2408E-1 7.05149E-1 5.55027E-1 5.20346E-1 6.38859E-1 6.29893E-1 6.13862E-1 5.93354E-1 5.67487E-1 5.55636E-1 5.39297E-1 5.28175E-1 5.15983E-1 4.68281E-1 1.35438E-1 1.1113E-1 9.78588E-2 9.7587E-2 9.68331E-2 9.53734E-2 9.41073E-2 8.98506E-2 7.84102E-2 6.37357E-2 6.16203E-2
-9999 -9999 -9999 -9999 -9999 -9999 -9999 -9999 -9999 -9999 -9999 -9999 -9999 -9999 -9999 -9999 -9999 -9999 -9999 -9999 -9999 -9999 -9999 -9999 -9999 -9999 -9999 -9999 -9999 -9999 -9999 -9999 -9999 2.35191E-5 1.81534E-5 8.92209E-6 2.3942E-5 1.65409E-4 2.10452E-3 1.71882E-1 3.91592E-1 4.81685E-1 4.79935E-1 6.57668E-1 6.96336E-1 7.99518E-1 5.99335E-1 5.55402E-1 6.61973E-1 6.50697E-1 6.3194E-1 6.21406E-1 5.95585E-1 5.71523E-1 5.48772E-1 5.31967E-1 5.43924E-1 5.58176E-1 5.01747E-1 1.53261E-1 1.32259E-1 1.05847E-1 9.74805E-2 9.86099E-2 1.00376E-1 1.0319E-1 9.85297E-2 9.58703E-2 8.59596E-2 8.03467E-2
