KUENM_DEFAULT/Final_Models/M_1_F_lqpth_Set_1_NE/sp1_stddev.asc
ncols         197
nrows         210
xllcorner     56.1666666666667
yllcorner     4.5
cellsize      0.166666666666667
NODATA_value  -9999
[rows 56 to 83 of 210, columns 130 to 194 of 197]
1.18519E-2 6.61138E-3 1.06789E-2 4.88281E-3 3.7939E-3 2.5063E-3 2.25949E-3 1.3485E-3 1.47288E-3 1.79017E-3 1.61309E-3 1.20802E-3 1.27942E-3 9.78194E-4 1.38938E-3 6.1815E-4 8.80602E-4 6.60774E-4 6.91243E-4 1.30786E-3 1.50901E-3 1.84222E-3 2.5756E-3 2.62053E-3 1.90241E-3 1.87335E-3 1.37744E-3 1.58841E-3 1.62791E-3 2.02651E-3 4.10553E-3 4.53845E-3 3.29037E-3 2.50686E-3 1.76616E-3 1.74936E-3 1.71155E-3 1.115E-3 3.96369E-4 3.41883E-4 3.99673E-4 2.41456E-4 1.61419E-4 1.50918E-4 -9999 -9999 -9999 -9999 -9999 -9999 -9999 -9999 -9999 -9999 -9999 -9999 -9999 -9999 -9999 -9999 -9999 -9999 -9999 -9999 -9999
1.96746E-2 1.67131E-2 1.08549E-2 3.02374E-3 2.48722E-3 3.63698E-3 1.86386E-3 1.56378E-3 2.21307E-3 2.02889E-3 1.89178E-3 1.85447E-3 1.66431E-3 1.51131E-3 1.73594E-3 1.14204E-3 1.78259E-3 9.14274E-4 8.35177E-4 1.66968E-3 1.83887E-3 1.36561E-3 1.94417E-3 3.12098E-3 7.4486E-3 2.39854E-3 2.02139E-3 1.74304E-3 1.65781E-3 2.48238E-3 3.19437E-3 4.22146E-3 3.12508E-3 2.89153E-3 2.44224E-3 1.79022E-3 1.53511E-3 1.54644E-3 1.11504E-3 4.07507E-4 2.75179E-4 3.3067E-4 1.76781E-4 1.56031E-4 2.12676E-4 8.06933E-5 -9999 -9999 -9999 -9999 -9999 -9999 -9999 -9999 -9999 -9999 -9999 -9999 -9999 -9999 -9999 -9999 -9999 -9999 -9999
2.59829E-2 2.68328E-2 1.76377E-2 9.67213E-3 4.99345E-3 3.29441E-3 2.10706E-3 1.4621E-3 2.39973E-3 1.92913E-3 1.54322E-3 1.68678E-3 1.78683E-3 1.7223E-3 1.75166E-3 2.83372E-3 2.48754E-3 2.07808E-3 9.5537E-4 5.27228E-4 9.09435E-4 4.36997E-3 3.1002E-3 9.55179E-3 1.43279E-2 1.04679E-2 2.31071E-3 1.83791E-3 2.07606E-3 1.2922E-3 2.23358E-3 3.11193E-3 4.32367E-3 2.79378E-3 2.35913E-3 2.11476E-3 1.66448E-3 1.76587E-3 1.31587E-3 7.45067E-4 3.35842E-4 3.85044E-4 4.17783E-4 2.61682E-4 2.09623E-4 1.04159E-4 8.58626E-5 1.38962E-4 -9999 -9999 -9999 -9999 -9999 -9999 -9999 -9999 -9999 -9999 -9999 -9999 -9999 -9999 -9999 -9999 -9999
3.00378E-2 3.02606E-2 2.01817E-2 1.5019E-2 1.06117E-2 8.16743E-3 5.72094E-3 3.74314E-3 1.71111E-3 1.23093E-3 1.49385E-3 1.53501E-3 1.79342E-3 2.501E-3 2.36446E-3 3.69358E-3 3.1544E-3 2.52612E-3 2.22811E-3 1.97313E-3 2.79638E-3 1.61193E-3 6.60909E-3 2.12929E-2 1.64147E-2 1.22949E-2 8.04176E-3 3.78428E-3 2.49408E-3 2.20121E-3 2.40593E-3 3.26617E-3 1.61692E-3 2.12049E-3 2.02926E-3 1.66845E-3 1.55091E-3 2.07345E-3 1.84805E-3 1.56401E-3 8.01159E-4 6.41363E-4 6.51823E-4 4.15316E-4 3.4643E-4 2.28319E-4 1.50209E-4 1.99283E-4 1.32796E-4 1.11911E-4 -9999 -9999 -9999 -9999 -9999 -9999 -9999 -9999 -9999 -9999 -9999 -9999 -9999 -9999 -9999
3.4431E-2 3.43833E-2 2.66959E-2 2.08605E-2 1.77869E-2 1.29793E-2 9.97665E-3 6.65056E-3 2.65541E-3 8.87987E-4 6.79669E-4 1.05378E-3 1.77557E-3 1.99501E-3 3.52608E-3 3.65041E-3 3.27739E-3 3.77512E-3 4.02102E-3 2.41501E-3 2.33652E-3 3.17793E-3 9.17019E-3 1.55455E-2 1.04747E-2 8.20575E-3 3.98199E-3 2.15649E-3 1.56513E-3 1.7455E-3 2.41791E-3 2.92263E-3 4.0258E-3 1.40018E-3 1.56156E-3 1.05208E-3 1.38288E-3 1.80165E-3 1.25374E-3 1.53373E-3 1.13892E-3 7.33254E-4 9.27644E-4 7.86363E-4 5.84148E-4 3.10951E-4 3.18933E-4 2.56664E-4 2.47366E-4 2.02593E-4 1.96466E-4 1.40314E-4 -9999 -9999 -9999 -9999 -9999 -9999 -9999 -9999 -9999 -9999 -9999 -9999 -9999
3.2072E-2 3.44381E-2 3.09464E-2 2.64736E-2 2.20149E-2 1.69203E-2 1.31539E-2 9.71058E-3 6.57194E-3 3.05147E-3 2.02607E-3 1.32786E-3 1.81421E-3 2.45664E-3 4.08041E-3 3.17381E-3 3.11656E-3 3.56819E-3 6.19961E-3 4.83296E-3 6.23858E-3 2.27254E-3 2.46727E-3 1.32655E-2 1.09479E-2 1.0194E-2 9.53454E-3 4.08622E-3 1.92247E-3 1.91327E-3 2.27881E-3 2.27712E-3 3.69108E-3 1.55656E-3 1.11331E-3 1.22623E-3 1.99266E-3 1.84872E-3 1.51131E-3 1.68913E-3 2.40937E-3 1.09449E-3 1.00624E-3 8.27657E-4 7.87935E-4 1.16207E-3 5.51051E-4 1.14523E-3 9.7249E-4 4.21332E-4 3.93919E-4 1.60308E-4 4.89275E-4 -9999 -9999 -9999 -9999 -9999 -9999 -9999 -9999 -9999 -9999 -9999 -9999
4.22193E-2 3.71828E-2 3.4568E-2 2.72545E-2 2.37852E-2 2.47065E-2 1.69629E-2 1.23132E-2 9.41505E-3 7.22046E-3 5.65454E-3 5.20869E-3 4.81809E-3 6.85134E-3 5.88605E-3 5.0078E-3 3.72759E-3 3.26715E-3 2.79169E-3 5.56936E-3 5.00325E-3 3.983E-3 3.81936E-3 1.43124E-2 6.91676E-3 5.55243E-3 3.39557E-3 4.02848E-3 7.11488E-3 3.45027E-3 3.63404E-3 2.13915E-3 3.50721E-3 3.66909E-3 1.26261E-3 9.98048E-4 4.25847E-3 1.8303E-3 1.46603E-3 1.72361E-3 1.49543E-3 1.41738E-3 6.17649E-4 8.04039E-4 7.77577E-4 9.11565E-4 7.44656E-4 9.14493E-4 8.87724E-4 4.1075E-4 1.88825E-4 1.69671E-4 1.66186E-4 9.88042E-5 1.30376E-4 -9999 -9999 -9999 -9999 -9999 -9999 -9999 -9999 -9999 -9999
1.50604E-1 1.49403E-1 1.39848E-1 3.39419E-2 3.18384E-2 3.13299E-2 2.40972E-2 1.76556E-2 1.22084E-2 1.14457E-2 9.9166E-3 8.85562E-3 7.8458E-3 1.0312E-2 1.29662E-2 8.79054E-3 5.24323E-3 3.81928E-3 3.63527E-3 4.65885E-3 4.30409E-3 4.74557E-3 4.1652E-3 4.10619E-3 1.09595E-2 8.77958E-3 2.84121E-3 1.58523E-3 1.46239E-3 3.91323E-3 5.0468E-3 3.45159E-3 2.68005E-3 3.6961E-3 1.52767E-3 3.22878E-3 3.19664E-3 1.50875E-3 1.14009E-3 9.7175E-4 1.23761E-3 1.32659E-3 1.04331E-3 5.53648E-4 1.06047E-3 8.52535E-4 1.22854E-3 7.44811E-4 4.92894E-4 3.79159E-4 1.01343E-3 1.23615E-3 1.44155E-4 1.59072E-4 8.82916E-5 7.0439E-5 -9999 -9999 -9999 -9999 -9999 -9999 -9999 -9999 -9999
1.1614E-1 1.0706E-1 1.08454E-1 1.06906E-1 1.00135E-1 1.40648E-1 2.77331E-2 2.03197E-2 1.70595E-2 1.5314E-2 1.36114E-2 1.12204E-2 9.92863E-3 1.15736E-2 1.00776E-2 7.83382E-3 7.1995E-3 5.77851E-3 5.05988E-3 4.37304E-3 5.20315E-3 6.39715E-3 3.5661E-3 3.42268E-3 3.36897E-3 3.25944E-3 3.19378E-3 2.35966E-3 1.42113E-3 5.08538E-3 3.91238E-3 1.90112E-3 1.76581E-3 2.38505E-3 2.81229E-3 4.02308E-3 1.96285E-3 1.86973E-3 2.28193E-3 1.14439E-3 1.53381E-3 2.38998E-3 2.03025E-3 1.25531E-3 2.52346E-3 8.04443E-4 2.28876E-3 2.44443E-3 1.76157E-3 1.0273E-3 1.19098E-3 2.1421E-3 7.31987E-4 9.4055E-4 2.07703E-4 2.14558E-4 3.42767E-4 -9999 -9999 -9999 -9999 -9999 -9999 -9999 -9999
3.66252E-2 3.46901E-2 3.52369E-2 2.85327E-2 3.04114E-2 1.01718E-1 3.12201E-2 2.45368E-2 2.01393E-2 1.76897E-2 1.4648E-2 1.25145E-2 1.06668E-2 1.18585E-2 1.03247E-2 8.1728E-3 7.51826E-3 6.8592E-3 5.63064E-3 5.16811E-3 4.84013E-3 3.58423E-3 2.74005E-3 2.77199E-3 3.16811E-3 3.67208E-3 3.25367E-3 2.65836E-3 2.0483E-3 1.75038E-3 6.89416E-3 4.40246E-3 6.90615E-3 5.67314E-3 8.75976E-3 5.98948E-3 2.19666E-3 2.65309E-3 2.25796E-3 6.21119E-3 1.95656E-3 3.79594E-3 3.03141E-3 1.9924E-3 2.47073E-3 1.29935E-3 6.46722E-4 1.20531E-3 1.53439E-3 1.35876E-3 7.47731E-4 1.37096E-3 3.08255E-3 1.2434E-3 1.07424E-3 1.07958E-3 9.36357E-4 2.82376E-3 -9999 -9999 -9999 -9999 -9999 -9999 -9999
4.37594E-2 3.65112E-2 2.72718E-2 2.71358E-2 2.72655E-2 1.41849E-1 2.87798E-2 2.30888E-2 2.33327E-2 1.94114E-2 1.38755E-2 1.14924E-2 1.0745E-2 1.18012E-2 1.15425E-2 9.80428E-3 9.21572E-3 8.03506E-3 7.80872E-3 6.68089E-3 6.50088E-3 5.36782E-3 3.0985E-3 3.2268E-3 3.40058E-3 3.54661E-3 3.04665E-3 2.1394E-3 1.99789E-3 1.51187E-3 1.34304E-3 1.35737E-3 1.31193E-3 1.02042E-3 6.87112E-4 9.36856E-4 6.61497E-4 1.14166E-3 7.1212E-3 1.22789E-3 3.16254E-3 3.2945E-3 1.11902E-2 2.71615E-3 5.64114E-3 7.84986E-3 1.25982E-3 6.63796E-4 1.61021E-3 2.34296E-3 7.41256E-4 5.91915E-4 2.07729E-3 8.89912E-4 2.05231E-3 2.40464E-3 8.4586E-4 1.05096E-3 3.18424E-3 -9999 -9999 -9999 -9999 -9999 -9999
4.38808E-2 3.8287E-2 1.05128E-1 1.06077E-1 9.79678E-2 1.41897E-1 2.51948E-2 2.38781E-2 2.44289E-2 2.01316E-2 1.48569E-2 1.02218E-2 9.70898E-3 1.0497E-2 1.12428E-2 1.0714E-2 1.03148E-2 1.07696E-2 1.22066E-2 9.62656E-3 8.59331E-3 8.81809E-3 9.35456E-3 9.6477E-3 5.48656E-3 4.30051E-3 3.50429E-3 2.96088E-3 2.66971E-3 2.69134E-3 1.59986E-3 1.28923E-3 1.21312E-3 6.07132E-4 5.16446E-4 1.71085E-4 1.89032E-4 2.0344E-4 3.20144E-4 5.4304E-4 1.0998E-3 1.54226E-3 1.71045E-3 7.37528E-3 6.88021E-3 6.93762E-3 2.29947E-3 1.15421E-3 1.95797E-3 2.09922E-3 1.09928E-3 9.75206E-4 8.08757E-4 5.6334E-4 1.40251E-3 7.6019E-4 1.77079E-3 3.4418E-3 4.50329E-4 2.7403E-3 -9999 -9999 -9999 -9999 -9999
4.85844E-2 4.02051E-2 2.69198E-2 4.3478E-2 4.86178E-2 9.83124E-2 1.42921E-1 3.09707E-2 2.98224E-2 2.50496E-2 1.82909E-2 1.41821E-2 1.28522E-2 1.27172E-2 1.38173E-2 1.36235E-2 1.33222E-2 1.37474E-2 1.42507E-2 1.32615E-2 1.27698E-2 1.46838E-2 1.45004E-2 1.5023E-2 1.20517E-2 6.23355E-3 5.76767E-3 4.90499E-3 3.60878E-3 4.95565E-3 4.0138E-3 1.99479E-3 2.0093E-3 8.14277E-4 7.77797E-4 4.00199E-4 4.25698E-4 4.98536E-4 7.94612E-4 9.66452E-4 1.37049E-3 1.76288E-3 2.02563E-3 1.29006E-3 1.3886E-3 5.65887E-3 4.41562E-3 4.45878E-3 6.777E-3 3.45543E-3 3.99747E-3 2.80959E-3 9.10224E-4 6.0257E-4 5.46983E-4 9.18822E-4 2.76475E-3 4.35422E-3 1.46732E-3 1.68313E-3 9.98884E-4 -9999 -9999 -9999 -9999
8.22847E-2 5.81788E-2 2.87768E-2 4.85133E-2 4.99249E-2 5.16558E-2 3.209E-2 1.48986E-1 1.41978E-1 2.69057E-2 2.29136E-2 1.80808E-2 2.16663E-2 2.14235E-2 2.18588E-2 1.56897E-2 1.47059E-2 1.46294E-2 1.49339E-2 1.49157E-2 1.55617E-2 2.2883E-2 1.7656E-2 1.44392E-2 1.15094E-2 9.92386E-3 7.225E-3 6.67662E-3 6.64098E-3 6.19889E-3 6.35881E-3 3.66249E-3 2.8741E-3 2.03664E-3 2.24014E-3 1.70787E-3 1.52392E-3 1.41823E-3 1.62322E-3 1.81009E-3 2.31093E-3 2.91061E-3 3.20606E-3 3.3468E-3 4.72276E-3 1.01361E-3 7.61226E-4 4.78141E-4 4.55667E-4 4.3382E-3 6.25828E-4 2.17945E-3 1.74944E-3 2.54628E-3 8.86955E-4 1.10852E-3 4.50265E-3 6.4316E-4 2.90094E-3 1.38361E-3 1.01617E-3 -9999 -9999 -9999 -9999
6.9891E-2 6.94076E-2 7.68543E-2 7.7912E-2 7.06026E-2 5.8434E-2 3.295E-2 3.22865E-2 1.51667E-1 1.41694E-1 2.83887E-2 2.41771E-2 2.44892E-2 2.35867E-2 2.27487E-2 1.64094E-2 1.56275E-2 2.05481E-2 2.06238E-2 2.11154E-2 2.18101E-2 2.23032E-2 1.66824E-2 1.49356E-2 1.28438E-2 1.07983E-2 8.94006E-3 7.60949E-3 8.03549E-3 1.11349E-2 9.87903E-3 8.99295E-3 6.39424E-3 3.55002E-3 2.61475E-3 1.77362E-3 1.76804E-3 1.66104E-3 2.4058E-3 3.57438E-3 3.02521E-3 2.76108E-3 2.19932E-3 3.12333E-3 2.07253E-3 1.44179E-3 2.48261E-3 1.38433E-3 4.86791E-4 6.09603E-4 5.02967E-4 3.38597E-3 3.06741E-3 3.22947E-3 1.71453E-3 5.07701E-3 5.0806E-4 3.64298E-4 6.09034E-3 3.50857E-3 2.62461E-3 9.81389E-4 -9999 -9999 -9999
6.52451E-2 6.52468E-2 8.39461E-2 6.61144E-2 6.59369E-2 6.55377E-2 7.13724E-2 5.74495E-2 3.90213E-2 1.54352E-1 1.48548E-1 2.90064E-2 2.36747E-2 2.01009E-2 1.75233E-2 1.6479E-2 1.99733E-2 2.1229E-2 2.15399E-2 2.17745E-2 2.1839E-2 2.18091E-2 1.58062E-2 1.42539E-2 1.27171E-2 1.53713E-2 1.40546E-2 1.28102E-2 1.27808E-2 1.3146E-2 6.9447E-3 1.42658E-2 1.1214E-2 9.74624E-3 7.7855E-3 5.06414E-3 3.43391E-3 3.02014E-3 3.67279E-3 4.69236E-3 5.00783E-3 4.54746E-3 3.32369E-3 1.03334E-3 1.19663E-3 9.18996E-4 3.05023E-3 3.32647E-3 8.21874E-4 1.41573E-3 4.17667E-4 4.62936E-4 4.70327E-4 3.96514E-4 4.36877E-4 3.87858E-4 5.27795E-4 4.31168E-4 5.69814E-4 5.55472E-4 4.16129E-3 1.5802E-3 2.83492E-3 -9999 -9999
7.30302E-2 6.46213E-2 8.44951E-2 8.80375E-2 7.31828E-2 7.62464E-2 8.08079E-2 8.22828E-2 8.84659E-2 7.14819E-2 9.74343E-2 1.40141E-1 2.851E-2 2.02288E-2 1.868E-2 1.76885E-2 2.17263E-2 2.25871E-2 2.35281E-2 2.28405E-2 2.38301E-2 2.26916E-2 1.66045E-2 1.39127E-2 1.77379E-2 1.68212E-2 1.55506E-2 1.51155E-2 1.44657E-2 1.47436E-2 1.50319E-2 1.43868E-2 1.28428E-2 1.24391E-2 1.18102E-2 9.30493E-3 6.16759E-3 5.26643E-3 5.87611E-3 6.51456E-3 6.71657E-3 5.29439E-3 4.10507E-3 3.86116E-3 4.54227E-3 3.4856E-3 3.17058E-3 3.86007E-3 4.50866E-3 5.24256E-3 2.0483E-3 5.02417E-4 4.8328E-4 9.60546E-4 3.67397E-4 2.18403E-3 3.60562E-3 5.41983E-4 9.53446E-4 6.83006E-4 6.23866E-4 6.98955E-4 5.20508E-4 -9999 -9999
7.08592E-2 6.49713E-2 6.96106E-2 7.44675E-2 7.74244E-2 7.99395E-2 8.89865E-2 9.1428E-2 7.93865E-2 8.58599E-2 7.02291E-2 9.97857E-2 1.02273E-1 2.98547E-2 2.20014E-2 1.99594E-2 2.08844E-2 2.4456E-2 2.79988E-2 2.6405E-2 2.51381E-2 2.37066E-2 2.16219E-2 1.98371E-2 1.81877E-2 1.79517E-2 1.7986E-2 1.69176E-2 1.62195E-2 1.60268E-2 1.59417E-2 1.4363E-2 1.26897E-2 1.00947E-2 1.10879E-2 1.00483E-2 8.64694E-3 7.55006E-3 7.61615E-3 8.65765E-3 1.07417E-2 9.31878E-3 6.28639E-3 5.14133E-3 4.96089E-3 4.68521E-3 6.11571E-3 8.76376E-3 9.4188E-3 7.22845E-3 6.24577E-3 5.29029E-3 5.71286E-3 2.72946E-3 7.37733E-4 1.92194E-3 1.09179E-2 1.13725E-3 1.33696E-3 2.57133E-3 7.23393E-4 4.30173E-4 5.10777E-4 3.61321E-4 -9999
6.71847E-2 6.6279E-2 7.16088E-2 7.3593E-2 7.87924E-2 8.92419E-2 8.94443E-2 9.03249E-2 1.04517E-1 1.05835E-1 8.47142E-2 5.18982E-2 5.00919E-2 1.45081E-1 2.81594E-2 2.29025E-2 2.31122E-2 2.6598E-2 2.7803E-2 3.03971E-2 2.8945E-2 2.58434E-2 2.28725E-2 2.05419E-2 1.9146E-2 2.00119E-2 2.15014E-2 1.94319E-2 1.76888E-2 1.72183E-2 1.69842E-2 1.18217E-2 9.96797E-3 9.80386E-3 1.14218E-2 1.0857E-2 9.81579E-3 9.72205E-3 1.02919E-2 1.12955E-2 1.1862E-2 1.28311E-2 1.18994E-2 8.57052E-3 7.52628E-3 6.76358E-3 6.91692E-3 8.47633E-3 1.07702E-2 1.18836E-2 7.94011E-3 1.12914E-2 5.40194E-3 7.67678E-3 2.11421E-3 6.83041E-3 1.01838E-2 3.66855E-3 6.69417E-3 2.01231E-3 5.26874E-4 3.86118E-4 4.29034E-4 3.87195E-4 -9999
7.91216E-2 6.59933E-2 6.78785E-2 7.56022E-2 7.96963E-2 9.08034E-2 9.14495E-2 9.07431E-2 9.8845E-2 1.00167E-1 8.41327E-2 6.67766E-2 4.86456E-2 9.97288E-2 1.42396E-1 3.04054E-2 1.39574E-1 3.11634E-2 3.00495E-2 1.43461E-1 1.41967E-1 2.84634E-2 2.42752E-2 2.18856E-2 2.04854E-2 2.1096E-2 2.29099E-2 2.04248E-2 1.86155E-2 1.45087E-2 1.55797E-2 1.54522E-2 1.3282E-2 1.39749E-2 1.43293E-2 1.38234E-2 1.21346E-2 1.17402E-2 1.38221E-2 1.41631E-2 1.40131E-2 1.57147E-2 1.35566E-2 1.06838E-2 1.00146E-2 9.74447E-3 9.5437E-3 1.03214E-2 9.5563E-3 1.00248E-2 1.23353E-2 1.72137E-2 1.02797E-2 1.0571E-2 8.40435E-3 9.442E-3 1.10924E-2 9.52604E-3 4.76486E-3 2.97936E-3 1.74144E-3 4.34819E-4 2.57286E-4 3.40501E-4 2.39966E-4
7.8319E-2 7.94417E-2 7.20713E-2 9.69574E-2 7.55771E-2 7.81474E-2 9.13609E-2 8.22287E-2 7.84295E-2 1.02203E-1 1.07708E-1 6.64339E-2 4.81143E-2 9.94371E-2 1.44472E-1 1.44458E-1 1.0167E-1 1.48032E-1 3.18316E-2 1.39718E-1 1.45413E-1 2.97315E-2 2.62259E-2 2.40367E-2 2.20963E-2 1.73393E-2 1.88293E-2 1.76006E-2 1.69886E-2 1.80982E-2 2.13865E-2 2.38258E-2 2.18851E-2 2.06512E-2 1.82634E-2 1.77815E-2 1.40689E-2 1.50942E-2 1.6397E-2 1.54039E-2 1.50287E-2 1.61372E-2 1.51022E-2 1.35651E-2 1.35913E-2 1.33324E-2 1.57081E-2 1.92898E-2 1.74198E-2 1.59687E-2 1.12922E-2 1.11698E-2 1.139E-2 9.30136E-3 5.3295E-3 3.18537E-3 4.13207E-3 5.21288E-3 3.24864E-3 2.09573E-3 1.69069E-3 1.28571E-3 9.34231E-4 4.07247E-4 2.54276E-4
7.99293E-2 8.24201E-2 9.59686E-2 9.79E-2 9.78137E-2 7.47763E-2 7.67346E-2 7.82845E-2 1.03997E-1 1.0098E-1 1.00094E-1 9.17071E-2 4.56034E-2 4.32787E-2 4.44532E-2 7.23393E-2 7.31805E-2 9.86762E-2 1.43469E-1 1.42205E-1 1.46698E-1 3.0882E-2 3.01392E-2 2.83956E-2 2.21499E-2 1.81176E-2 1.9367E-2 2.27829E-2 2.41755E-2 2.87141E-2 2.92423E-2 2.85068E-2 2.81044E-2 2.4267E-2 2.13529E-2 2.08287E-2 1.97079E-2 2.1879E-2 2.25918E-2 2.10398E-2 1.83604E-2 1.8313E-2 1.7993E-2 2.02231E-2 1.61008E-2 1.53552E-2 1.88577E-2 2.22272E-2 1.30621E-2 1.38192E-2 2.15689E-2 1.57596E-2 1.07725E-2 9.19635E-3 7.46736E-3 5.25637E-3 4.45473E-3 3.4581E-3 1.73553E-3 1.40803E-3 1.56269E-3 2.04705E-3 1.72358E-3 7.74143E-4 3.75317E-4
8.12176E-2 8.48993E-2 9.95812E-2 9.63545E-2 9.86177E-2 9.31935E-2 7.45555E-2 7.66105E-2 9.82817E-2 1.00339E-1 9.66407E-2 1.01332E-1 6.40561E-2 4.15234E-2 4.00805E-2 6.90571E-2 7.09332E-2 9.8307E-2 9.86087E-2 1.44558E-1 1.50803E-1 1.45119E-1 1.44024E-1 1.42936E-1 2.94456E-2 2.62139E-2 2.39525E-2 2.58968E-2 3.03824E-2 3.18093E-2 2.84096E-2 3.20951E-2 2.97002E-2 2.63484E-2 2.32228E-2 2.4235E-2 2.71917E-2 3.24169E-2 3.1353E-2 2.5989E-2 2.04206E-2 2.09294E-2 2.35941E-2 2.41166E-2 1.66971E-2 1.38552E-2 1.93189E-2 2.64961E-2 2.71745E-2 1.8667E-2 2.05723E-2 2.63372E-2 2.15578E-2 1.60107E-2 1.27538E-2 8.11746E-3 5.77302E-3 4.35507E-3 2.70859E-3 2.23441E-3 2.21985E-3 2.35516E-3 1.81943E-3 1.16378E-3 6.7411E-4
8.43431E-2 1.01689E-1 1.02027E-1 9.39428E-2 9.51844E-2 9.62069E-2 9.07614E-2 7.65429E-2 7.78635E-2 1.01709E-1 9.74706E-2 6.9483E-2 6.09557E-2 4.34298E-2 3.93556E-2 1.50426E-1 1.46149E-1 1.45347E-1 1.48079E-1 1.46273E-1 1.56224E-1 1.54359E-1 1.52833E-1 1.48007E-1 3.33751E-2 3.37828E-2 2.47774E-2 2.06771E-2 2.80698E-2 2.69919E-2 2.53195E-2 2.72263E-2 2.74426E-2 2.24848E-2 2.26336E-2 2.99063E-2 3.79386E-2 3.8814E-2 3.28515E-2 2.77292E-2 2.23015E-2 2.43913E-2 2.73436E-2 3.06232E-2 3.27653E-2 2.29506E-2 2.20932E-2 2.54824E-2 2.7509E-2 2.74241E-2 3.05009E-2 2.99844E-2 2.55224E-2 2.00398E-2 1.65313E-2 1.34819E-2 9.25305E-3 6.97633E-3 4.6366E-3 3.89223E-3 3.33113E-3 3.00366E-3 2.08794E-3 1.64239E-3 1.20049E-3
1.033E-1 1.45318E-1 1.35821E-1 3.07826E-2 1.42727E-1 1.02795E-1 7.30125E-2 7.41306E-2 1.53897E-1 1.51731E-1 1.00527E-1 6.63443E-2 7.19135E-2 1.08596E-1 1.53666E-1 3.42272E-2 3.18231E-2 1.54592E-1 1.50601E-1 1.49887E-1 1.49665E-1 1.50936E-1 1.54806E-1 1.50225E-1 3.45931E-2 3.53755E-2 2.54517E-2 2.43619E-2 2.84585E-2 2.9939E-2 1.94381E-2 2.62068E-2 2.61929E-2 1.81194E-2 2.15396E-2 3.37358E-2 1.5388E-1 1.05122E-1 3.64063E-2 3.08252E-2 2.94385E-2 3.20171E-2 3.24258E-2 3.86269E-2 1.34668E-1 3.13103E-2 2.54838E-2 2.37767E-2 2.52729E-2 3.46701E-2 3.47395E-2 3.05134E-2 2.58999E-2 2.2164E-2 1.9369E-2 1.68785E-2 1.43547E-2 9.24136E-3 8.32851E-3 5.83703E-3 2.28381E-3 3.75856E-3 3.41524E-3 2.40041E-3 2.04337E-3
1.00749E-1 1.58064E-1 3.01384E-2 2.62883E-2 1.45374E-1 1.57999E-1 1.54429E-1 1.49443E-1 1.44937E-1 1.48478E-1 9.3149E-2 8.7262E-2 8.36362E-2 9.26965E-2 1.03783E-1 1.56914E-1 3.71586E-2 1.5257E-1 1.56877E-1 1.62858E-1 1.63433E-1 1.62981E-1 1.59053E-1 1.53972E-1 3.33954E-2 3.3711E-2 3.295E-2 3.18767E-2 3.50693E-2 3.34311E-2 2.84755E-2 3.06039E-2 2.45992E-2 1.81638E-2 2.11356E-2 3.58532E-2 1.09656E-1 1.10098E-1 4.08493E-2 3.49086E-2 3.66292E-2 3.74775E-2 3.71395E-2 4.0464E-2 4.09668E-2 3.79342E-2 3.35135E-2 2.64106E-2 2.79027E-2 3.60517E-2 1.34093E-1 3.42186E-2 2.73486E-2 2.37951E-2 2.1949E-2 1.92251E-2 1.59855E-2 1.31175E-2 1.08519E-2 4.35313E-3 3.28892E-3 2.59453E-3 4.87209E-3 4.37576E-3 4.12283E-3
9.81097E-2 9.8592E-2 1.44895E-1 1.44816E-1 1.58255E-1 1.59061E-1 1.44781E-1 1.44727E-1 1.43606E-1 1.52615E-1 8.94259E-2 8.14961E-2 8.78915E-2 8.69205E-2 7.74373E-2 7.65411E-2 4.18355E-2 1.18283E-1 6.34083E-2 1.59901E-1 1.59952E-1 1.01251E-1 1.57263E-1 1.55312E-1 4.01861E-2 3.99218E-2 1.46349E-1 1.48569E-1 1.47628E-1 3.48192E-2 3.84386E-2 3.88737E-2 3.01922E-2 2.17457E-2 2.69538E-2 4.06721E-2 1.6066E-1 1.62395E-1 4.76424E-2 4.19916E-2 4.48495E-2 4.46287E-2 4.72504E-2 4.73543E-2 4.96703E-2 4.56156E-2 4.46292E-2 3.67969E-2 2.5152E-2 2.93687E-2 1.37742E-1 3.52285E-2 2.84133E-2 2.46781E-2 2.19982E-2 1.91522E-2 1.6582E-2 1.46874E-2 1.35788E-2 6.04443E-3 4.77047E-3 3.60827E-3 3.23893E-3 6.29E-3 6.27576E-3
9.47169E-2 9.3614E-2 9.4609E-2 1.60255E-1 1.09792E-1 9.54338E-2 9.89752E-2 9.86667E-2 1.63169E-1 1.65144E-1 8.99412E-2 8.01808E-2 9.2673E-2 9.60333E-2 8.33576E-2 7.45845E-2 4.87978E-2 4.87249E-2 6.00561E-2 4.39122E-2 3.51181E-2 3.48845E-2 1.63933E-1 1.6599E-1 4.91122E-2 4.27061E-2 1.53751E-1 1.5513E-1 1.55073E-1 3.69948E-2 3.26261E-2 3.52178E-2 3.62158E-2 3.11235E-2 3.35536E-2 4.68649E-2 1.6501E-1 1.56586E-1 1.49368E-1 5.10514E-2 1.46025E-1 1.51691E-1 1.50511E-1 5.56208E-2 1.47832E-1 1.13212E-1 1.36706E-1 4.45761E-2 3.04432E-2 3.19844E-2 3.78994E-2 3.5012E-2 3.02729E-2 2.47387E-2 2.16756E-2 1.90968E-2 1.8013E-2 1.76483E-2 9.25411E-3 8.59381E-3 6.63106E-3 4.86109E-3 4.27051E-3 7.93005E-3 7.05399E-3
