KUENM_DEFAULT/Final_Models/M_1_F_lqpth_Set_1_NE/sp1_6.asc
ncols         197
nrows         210
xllcorner     56.1666666666667
yllcorner     4.5
cellsize      0.166666666666667
NODATA_value  -9999
[rows 84 to 111 of 210, columns 130 to 194 of 197]
4.06168E-1 4.19172E-1 4.01972E-1 3.83503E-1 3.94733E-1 4.2743E-1 4.34263E-1 4.58661E-1 4.2795E-1 4.17819E-1 3.6547E-1 3.88196E-1 4.29102E-1 4.02214E-1 4.05924E-1 9.35786E-2 4.02393E-1 4.26616E-1 4.18231E-1 4.09878E-1 4.01776E-1 4.04105E-1 3.92998E-1 9.63622E-2 8.85549E-2 8.74742E-2 3.56895E-1 8.58641E-2 8.30078E-2 7.99282E-2 7.64916E-2 7.45598E-2 7.48182E-2 7.61988E-2 7.82349E-2 7.87147E-2 3.40319E-1 3.46084E-1 7.42851E-2 6.8394E-2 6.47178E-2 6.94203E-2 3.00525E-1 3.02854E-1 3.13944E-1 3.3806E-1 3.18948E-1 6.45684E-2 6.30016E-2 6.86067E-2 6.23569E-2 5.62231E-2 4.70552E-2 3.99332E-2 3.84045E-2 3.58384E-2 3.14804E-2 2.89687E-2 2.97437E-2 2.13543E-2 1.71875E-2 1.31506E-2 1.09117E-2 1.08156E-2 1.11025E-2
3.75619E-1 3.85122E-1 3.80424E-1 3.92238E-1 4.08838E-1 4.24966E-1 4.20204E-1 4.1999E-1 4.08374E-1 4.02714E-1 4.05705E-1 4.12261E-1 3.84975E-1 4.18872E-1 9.20018E-2 8.67924E-2 4.17935E-1 4.27652E-1 8.89368E-2 3.7594E-1 3.78921E-1 3.79797E-1 3.81425E-1 3.87318E-1 3.87147E-1 3.65227E-1 3.56934E-1 8.62016E-2 8.13469E-2 8.19531E-2 8.44493E-2 7.82951E-2 8.42729E-2 8.49056E-2 8.04148E-2 7.86675E-2 7.92829E-2 3.38209E-1 3.29056E-1 6.93361E-2 6.54682E-2 7.1883E-2 3.2256E-1 3.28342E-1 3.29611E-1 3.3032E-1 3.12396E-1 6.50782E-2 6.97056E-2 3.46364E-1 7.02108E-2 5.40815E-2 4.27909E-2 3.68391E-2 4.36443E-2 4.28303E-2 3.44681E-2 2.67952E-2 2.84226E-2 2.22129E-2 1.90246E-2 1.44276E-2 1.19536E-2 1.4583E-2 1.16375E-2
3.4897E-1 3.56516E-1 3.66753E-1 9.27279E-2 3.79072E-1 3.77885E-1 3.76506E-1 9.5678E-2 9.13134E-2 8.50786E-2 8.55816E-2 9.61611E-2 3.99534E-1 9.13678E-2 7.99143E-2 8.8074E-2 3.84122E-1 3.8037E-1 8.83918E-2 3.71687E-1 3.6856E-1 8.87664E-2 9.13571E-2 3.87365E-1 4.17588E-1 3.96142E-1 3.60904E-1 8.33329E-2 7.86118E-2 7.48673E-2 6.94312E-2 7.94388E-2 3.62685E-1 3.73365E-1 7.99867E-2 8.19795E-2 7.98616E-2 7.74908E-2 7.30104E-2 6.85196E-2 7.15008E-2 7.58973E-2 3.28609E-1 3.25707E-1 3.35792E-1 3.53016E-1 7.31569E-2 6.79386E-2 6.99674E-2 7.37915E-2 6.02697E-2 5.19192E-2 3.95894E-2 4.49106E-2 4.92915E-2 4.82275E-2 3.88778E-2 2.34413E-2 2.157E-2 2.2072E-2 1.97081E-2 2.09287E-2 1.76227E-2 1.56265E-2 1.25796E-2
7.87722E-2 8.14581E-2 7.9949E-2 7.43055E-2 7.69746E-2 8.15792E-2 8.44543E-2 8.95615E-2 8.37537E-2 7.67653E-2 7.32185E-2 8.50019E-2 9.63298E-2 7.90859E-2 6.5924E-2 7.08877E-2 7.53807E-2 7.65663E-2 7.69982E-2 7.83872E-2 7.82869E-2 7.94251E-2 7.52278E-2 8.03864E-2 3.9901E-1 3.91299E-1 3.7113E-1 8.25925E-2 7.3935E-2 6.98777E-2 6.94726E-2 7.85926E-2 3.69919E-1 4.24823E-1 3.78073E-1 7.50269E-2 7.10485E-2 6.62552E-2 6.84025E-2 7.14746E-2 7.60563E-2 7.44409E-2 7.08535E-2 6.98686E-2 7.37949E-2 7.52872E-2 7.13509E-2 7.22284E-2 7.32846E-2 6.65181E-2 6.19881E-2 5.66791E-2 4.65029E-2 5.72346E-2 5.81948E-2 5.3135E-2 4.39108E-2 2.17341E-2 1.97129E-2 1.96312E-2 2.45132E-2 2.24383E-2 1.96225E-2 1.74717E-2 1.52144E-2
7.99706E-2 7.58445E-2 6.84387E-2 5.9919E-2 6.31226E-2 6.79134E-2 7.40952E-2 7.82204E-2 7.94933E-2 7.10097E-2 6.82427E-2 7.74268E-2 8.12955E-2 6.27305E-2 5.20486E-2 5.8267E-2 6.69148E-2 7.39193E-2 7.77466E-2 7.49961E-2 6.85114E-2 6.16311E-2 6.27897E-2 6.77042E-2 7.3192E-2 3.11419E-1 3.37057E-1 8.29128E-2 7.56086E-2 7.07115E-2 6.93338E-2 7.48086E-2 3.49525E-1 3.68276E-1 3.11743E-1 6.38397E-2 5.8023E-2 6.51077E-2 6.2686E-2 7.06552E-2 7.50755E-2 7.65896E-2 6.88899E-2 6.54255E-2 6.85739E-2 6.62628E-2 6.73197E-2 3.11835E-1 6.83031E-2 6.07467E-2 5.96217E-2 5.33647E-2 5.48167E-2 5.91588E-2 5.70758E-2 5.03519E-2 3.85429E-2 2.27193E-2 1.63107E-2 2.04567E-2 2.52216E-2 2.35895E-2 2.19274E-2 1.95896E-2 1.72949E-2
8.24451E-2 7.31139E-2 6.37826E-2 5.47806E-2 5.32061E-2 5.73051E-2 6.53746E-2 7.76771E-2 7.4263E-2 6.08669E-2 5.90643E-2 6.33687E-2 6.2393E-2 5.57087E-2 5.71319E-2 6.14913E-2 7.36344E-2 7.48857E-2 7.42277E-2 6.83135E-2 5.94458E-2 5.59963E-2 5.81997E-2 5.99014E-2 6.5495E-2 7.23892E-2 3.39499E-1 3.3448E-1 7.50234E-2 7.41444E-2 7.1852E-2 6.98854E-2 6.9711E-2 6.60645E-2 6.0139E-2 5.91945E-2 7.00918E-2 6.62233E-2 5.36724E-2 5.72981E-2 6.5252E-2 7.72312E-2 7.50727E-2 6.9946E-2 6.66526E-2 6.27874E-2 5.97816E-2 6.27876E-2 6.60134E-2 5.18152E-2 4.68563E-2 4.09473E-2 4.34187E-2 4.63938E-2 4.65426E-2 3.96173E-2 2.7377E-2 1.65504E-2 1.66062E-2 2.34413E-2 2.51089E-2 2.40703E-2 2.37081E-2 2.13577E-2 1.90015E-2
8.116E-2 7.61894E-2 6.28983E-2 4.98033E-2 4.91087E-2 5.0793E-2 5.69293E-2 5.93571E-2 5.29483E-2 4.51303E-2 4.74403E-2 5.17512E-2 6.36565E-2 6.71305E-2 6.54681E-2 6.43495E-2 6.25424E-2 7.12313E-2 7.07916E-2 6.151E-2 5.2259E-2 5.0948E-2 5.51808E-2 5.86609E-2 6.47691E-2 7.29883E-2 8.14673E-2 7.41324E-2 7.01763E-2 7.04658E-2 7.2474E-2 7.32012E-2 7.31762E-2 7.02204E-2 7.09479E-2 7.35546E-2 7.37182E-2 6.26577E-2 5.26603E-2 5.24497E-2 6.20708E-2 6.52225E-2 6.27998E-2 6.38729E-2 6.03727E-2 5.40501E-2 5.35072E-2 5.21295E-2 5.02419E-2 4.58592E-2 4.06129E-2 3.77101E-2 3.84496E-2 3.87474E-2 3.71069E-2 3.68265E-2 2.56302E-2 1.61181E-2 1.49202E-2 2.112E-2 2.35713E-2 2.41393E-2 2.45946E-2 2.27114E-2 1.98876E-2
8.3853E-2 7.18877E-2 5.77499E-2 4.93632E-2 4.268E-2 4.20152E-2 4.46597E-2 4.13764E-2 3.31483E-2 3.48705E-2 4.95368E-2 6.10271E-2 6.53233E-2 6.53069E-2 6.5125E-2 6.0266E-2 5.58273E-2 6.74101E-2 6.31425E-2 5.65558E-2 5.40137E-2 5.50448E-2 5.46908E-2 5.29697E-2 5.69354E-2 6.38665E-2 6.98782E-2 6.72761E-2 6.24635E-2 6.55216E-2 6.57287E-2 6.55902E-2 6.65042E-2 6.14011E-2 6.17583E-2 6.61485E-2 6.74199E-2 5.5405E-2 4.75336E-2 4.9359E-2 5.17097E-2 5.13929E-2 4.38287E-2 4.61917E-2 4.80885E-2 4.58038E-2 4.86416E-2 5.06511E-2 4.97772E-2 4.53047E-2 4.12545E-2 3.72834E-2 3.74009E-2 3.83266E-2 3.51294E-2 3.47514E-2 2.86229E-2 2.12564E-2 1.97604E-2 2.26731E-2 2.39588E-2 2.49621E-2 2.5173E-2 2.403E-2 2.00839E-2
7.37934E-2 6.38573E-2 5.01153E-2 4.32783E-2 3.86103E-2 3.95503E-2 3.93557E-2 3.9508E-2 3.80682E-2 4.55421E-2 5.36664E-2 6.03817E-2 5.32257E-2 5.81661E-2 6.38603E-2 6.31998E-2 5.83172E-2 6.01006E-2 6.12224E-2 5.90208E-2 5.74211E-2 5.7103E-2 5.3835E-2 5.03019E-2 5.43807E-2 5.59744E-2 5.73366E-2 5.97239E-2 6.39556E-2 6.39914E-2 6.15464E-2 5.58174E-2 5.87355E-2 5.40591E-2 5.32243E-2 5.67278E-2 6.29767E-2 6.46886E-2 6.25635E-2 5.734E-2 5.0672E-2 4.05064E-2 3.74295E-2 3.65708E-2 3.32725E-2 3.06887E-2 3.40674E-2 4.00093E-2 4.46345E-2 3.98014E-2 3.89254E-2 3.90232E-2 3.63212E-2 3.7266E-2 3.52755E-2 3.36412E-2 3.01001E-2 2.71455E-2 2.51835E-2 2.47206E-2 2.26566E-2 2.30827E-2 2.57757E-2 2.51005E-2 2.11379E-2
5.82763E-2 5.04483E-2 4.25582E-2 3.69616E-2 3.44561E-2 3.48234E-2 3.79428E-2 4.60059E-2 4.97552E-2 4.53876E-2 5.33129E-2 5.71066E-2 5.14774E-2 5.20734E-2 5.6602E-2 5.80658E-2 5.86063E-2 5.70994E-2 5.58085E-2 5.59459E-2 5.61926E-2 5.54946E-2 5.12534E-2 4.57742E-2 4.42388E-2 4.22451E-2 4.91825E-2 4.52402E-2 5.51222E-2 5.37408E-2 4.86642E-2 4.59494E-2 4.50796E-2 4.32307E-2 4.30892E-2 4.39618E-2 5.10946E-2 6.17004E-2 6.31484E-2 5.03545E-2 4.40795E-2 3.71197E-2 3.67293E-2 3.77375E-2 3.11206E-2 2.87088E-2 2.97512E-2 3.67451E-2 3.97049E-2 3.41951E-2 3.2503E-2 3.58493E-2 3.74296E-2 3.60928E-2 3.37736E-2 3.24114E-2 3.17135E-2 3.04861E-2 3.01766E-2 2.76832E-2 2.41189E-2 2.37432E-2 2.5822E-2 2.52979E-2 2.20789E-2
4.82974E-2 4.20745E-2 3.64438E-2 3.19765E-2 3.16352E-2 3.14291E-2 3.67637E-2 4.65612E-2 4.99376E-2 4.26369E-2 5.48273E-2 5.22544E-2 4.44373E-2 4.29365E-2 4.73977E-2 4.91947E-2 4.9089E-2 4.8988E-2 4.61735E-2 4.87867E-2 5.53142E-2 5.08789E-2 4.78672E-2 4.24743E-2 3.86779E-2 3.68054E-2 3.76186E-2 2.59069E-2 3.66497E-2 4.29329E-2 4.04736E-2 3.91358E-2 3.69725E-2 3.51504E-2 3.85039E-2 3.92248E-2 4.31068E-2 4.66212E-2 4.3516E-2 4.28513E-2 4.36385E-2 3.72531E-2 3.82839E-2 3.81943E-2 3.69974E-2 3.80053E-2 3.88023E-2 3.75675E-2 3.89142E-2 3.83268E-2 4.26702E-2 3.90824E-2 3.81648E-2 3.83825E-2 3.21813E-2 3.25779E-2 3.39598E-2 3.26029E-2 3.31087E-2 3.27884E-2 2.82027E-2 2.69939E-2 2.69906E-2 2.61423E-2 2.3662E-2
4.23564E-2 3.60939E-2 3.22628E-2 2.91803E-2 2.76026E-2 3.02604E-2 3.70811E-2 4.01889E-2 4.27219E-2 4.70898E-2 4.90029E-2 4.40075E-2 4.47147E-2 4.41652E-2 4.31326E-2 3.9464E-2 4.07103E-2 4.04252E-2 4.25302E-2 4.66115E-2 5.33409E-2 4.78784E-2 4.2354E-2 3.69231E-2 3.25127E-2 2.10046E-2 2.08344E-2 2.01106E-2 1.99761E-2 3.21305E-2 3.08934E-2 3.04648E-2 2.91147E-2 2.09366E-2 2.17157E-2 3.27324E-2 2.13113E-2 2.16231E-2 1.88201E-2 1.93594E-2 2.18119E-2 2.46489E-2 3.08686E-2 2.8333E-2 2.92253E-2 2.88613E-2 2.9436E-2 2.85482E-2 2.85357E-2 3.52955E-2 3.90138E-2 4.22882E-2 4.19985E-2 4.09053E-2 3.64037E-2 3.59692E-2 3.69493E-2 3.21787E-2 3.05575E-2 2.98805E-2 2.88675E-2 2.86391E-2 2.93649E-2 2.86813E-2 2.57359E-2
3.87877E-2 3.42608E-2 3.02096E-2 2.91757E-2 2.74978E-2 3.0023E-2 3.47174E-2 3.87864E-2 4.30808E-2 4.60451E-2 4.29089E-2 4.20915E-2 4.26768E-2 4.04333E-2 3.8363E-2 3.49145E-2 3.3703E-2 3.11604E-2 3.88563E-2 4.55785E-2 5.06014E-2 5.1104E-2 4.25896E-2 3.592E-2 3.15877E-2 2.99274E-2 1.92261E-2 1.82223E-2 1.80599E-2 2.85834E-2 2.76378E-2 2.69891E-2 2.54933E-2 1.7678E-2 1.5912E-2 1.69022E-2 1.44083E-2 1.82848E-2 1.6105E-2 1.66141E-2 2.07152E-2 2.36309E-2 1.91233E-2 1.6735E-2 1.65134E-2 2.05211E-2 2.28385E-2 2.83709E-2 3.15409E-2 3.16203E-2 3.41509E-2 3.52989E-2 3.9483E-2 4.27682E-2 3.86118E-2 3.65535E-2 4.84672E-2 3.51105E-2 2.94998E-2 2.80582E-2 2.71695E-2 2.84579E-2 3.10803E-2 3.08035E-2 2.90425E-2
3.68695E-2 3.36716E-2 3.55969E-2 4.22502E-2 3.99127E-2 3.78104E-2 3.90694E-2 3.87189E-2 4.10865E-2 4.61004E-2 5.03268E-2 4.83652E-2 4.02772E-2 3.4931E-2 3.04493E-2 2.71263E-2 2.51979E-2 1.83964E-2 1.91753E-2 3.35198E-2 3.88417E-2 4.56861E-2 4.13546E-2 3.55648E-2 3.19643E-2 3.10143E-2 3.04862E-2 2.63073E-2 2.46865E-2 2.58083E-2 2.50932E-2 2.34057E-2 2.13552E-2 1.52914E-2 1.42032E-2 1.44652E-2 1.5053E-2 1.61486E-2 1.54217E-2 1.62499E-2 2.47596E-2 2.6033E-2 1.67211E-2 1.46827E-2 2.09197E-2 2.07017E-2 3.24263E-2 3.95351E-2 3.31221E-2 2.56617E-2 3.05086E-2 3.28632E-2 3.63158E-2 4.29638E-2 4.44698E-2 3.70745E-2 4.36975E-2 4.12692E-2 3.39581E-2 2.82166E-2 2.5796E-2 2.68532E-2 3.19305E-2 3.49284E-2 3.28543E-2
3.55881E-2 3.65758E-2 3.84386E-2 4.18018E-2 4.44696E-2 4.66917E-2 4.84385E-2 4.86578E-2 4.93279E-2 5.66154E-2 5.61347E-2 4.7805E-2 4.37089E-2 3.57234E-2 2.94761E-2 1.61215E-2 1.52738E-2 1.68251E-2 1.78194E-2 1.68089E-2 2.0139E-2 2.27391E-2 3.03423E-2 3.23386E-2 3.09908E-2 3.14429E-2 3.4405E-2 2.96076E-2 2.7089E-2 2.45976E-2 2.23976E-2 2.05318E-2 1.79901E-2 1.27218E-2 1.139E-2 1.21975E-2 1.34672E-2 1.41054E-2 1.54781E-2 1.44833E-2 2.07235E-2 2.22931E-2 2.30315E-2 2.338E-2 2.31056E-2 2.58237E-2 3.65942E-2 3.82732E-2 3.3649E-2 2.93676E-2 2.9499E-2 3.49284E-2 3.66148E-2 4.00283E-2 4.29253E-2 3.73583E-2 3.87958E-2 4.32865E-2 3.91307E-2 3.23048E-2 2.69996E-2 2.35371E-2 2.48768E-2 2.89038E-2 2.36386E-2
3.52189E-2 3.50831E-2 3.597E-2 4.01556E-2 4.5372E-2 5.01767E-2 5.25309E-2 5.58041E-2 5.75129E-2 5.99228E-2 5.65161E-2 4.82243E-2 4.5366E-2 3.58953E-2 2.74214E-2 1.66403E-2 2.26734E-2 1.66875E-2 1.78075E-2 1.96468E-2 1.96356E-2 1.83357E-2 1.38682E-2 1.64884E-2 2.57856E-2 2.99078E-2 3.56037E-2 3.32766E-2 2.91162E-2 2.38536E-2 2.08992E-2 1.83798E-2 1.17278E-2 1.15897E-2 1.20047E-2 1.74575E-2 1.30656E-2 1.34274E-2 1.37537E-2 1.27507E-2 1.66241E-2 1.90827E-2 2.27524E-2 2.6564E-2 2.48981E-2 2.57709E-2 2.81019E-2 2.77515E-2 2.80095E-2 2.97577E-2 2.90326E-2 3.20565E-2 3.37117E-2 3.63488E-2 3.80608E-2 3.5542E-2 3.58349E-2 3.87873E-2 3.73948E-2 3.56996E-2 2.79224E-2 2.06521E-2 1.9831E-2 2.30778E-2 1.72866E-2
3.74966E-2 3.32725E-2 3.16532E-2 3.58793E-2 3.98449E-2 4.26563E-2 4.36276E-2 5.08294E-2 5.26303E-2 5.91348E-2 5.73874E-2 5.07859E-2 4.47004E-2 3.60889E-2 3.09382E-2 2.61802E-2 2.627E-2 2.52483E-2 1.79144E-2 1.82956E-2 1.8249E-2 1.9555E-2 1.59752E-2 1.27212E-2 2.23807E-2 2.71935E-2 3.21819E-2 3.09897E-2 2.72348E-2 2.35593E-2 2.01047E-2 1.21845E-2 1.1185E-2 1.58436E-2 1.69443E-2 1.79534E-2 2.0117E-2 1.99049E-2 2.06506E-2 1.96673E-2 1.77623E-2 1.87964E-2 2.49929E-2 2.94545E-2 2.94513E-2 2.43647E-2 2.92419E-2 3.26655E-2 3.39128E-2 3.41913E-2 3.52707E-2 3.41233E-2 3.01503E-2 3.07922E-2 3.31656E-2 3.16012E-2 3.16681E-2 3.26975E-2 3.21353E-2 2.84631E-2 2.04255E-2 1.3854E-2 1.12286E-2 1.45393E-2 1.4625E-2
3.73952E-2 3.07222E-2 2.55547E-2 2.27553E-2 3.39276E-2 3.90529E-2 2.10185E-2 4.30068E-2 4.72645E-2 5.30426E-2 5.68607E-2 5.01829E-2 4.28554E-2 3.55428E-2 2.87073E-2 2.85467E-2 2.45607E-2 2.48084E-2 2.56126E-2 2.11214E-2 1.82742E-2 1.67557E-2 1.58805E-2 2.41143E-2 2.79734E-2 2.73578E-2 2.4633E-2 2.53685E-2 2.41883E-2 2.0414E-2 1.88938E-2 2.18082E-2 2.16106E-2 1.97301E-2 1.99462E-2 2.23839E-2 2.64984E-2 2.80791E-2 2.7975E-2 2.4095E-2 2.13818E-2 2.24263E-2 2.79494E-2 3.08638E-2 3.01943E-2 2.84149E-2 2.85593E-2 3.24236E-2 3.56582E-2 3.69224E-2 3.88638E-2 3.44048E-2 3.23308E-2 3.01775E-2 3.08762E-2 2.86513E-2 2.73479E-2 2.78491E-2 2.75431E-2 2.17517E-2 1.44069E-2 1.05569E-2 9.10848E-3 9.7694E-3 -9999
4.45684E-2 3.67469E-2 2.40768E-2 6.15292E-3 2.64612E-2 1.30996E-2 1.52189E-2 2.95723E-2 3.53486E-2 5.39622E-2 5.62753E-2 5.18767E-2 4.21957E-2 3.41106E-2 2.81138E-2 2.63114E-2 2.34166E-2 2.33636E-2 2.62758E-2 2.04188E-2 3.08273E-2 3.33547E-2 3.78659E-2 3.21904E-2 3.08115E-2 3.32198E-2 2.87946E-2 2.55713E-2 2.14895E-2 2.233E-2 2.17964E-2 2.5364E-2 2.454E-2 2.31093E-2 2.16274E-2 2.6201E-2 2.97981E-2 3.02725E-2 2.84163E-2 2.78967E-2 2.65777E-2 2.74734E-2 2.96576E-2 2.92497E-2 2.97448E-2 2.79499E-2 2.63632E-2 2.9975E-2 3.1278E-2 3.11744E-2 2.76012E-2 3.04865E-2 3.14767E-2 3.06447E-2 2.9096E-2 2.65565E-2 2.22779E-2 2.37616E-2 2.47493E-2 1.0759E-2 8.24582E-3 7.48583E-3 6.76773E-3 6.36242E-3 -9999
5.75421E-2 4.92152E-2 2.53335E-2 1.19691E-2 8.76702E-3 1.45851E-2 3.49874E-2 4.74611E-2 5.36852E-2 5.25601E-2 4.74417E-2 4.41137E-2 3.78069E-2 3.03746E-2 2.44113E-2 2.28491E-2 2.14076E-2 1.65507E-2 1.87577E-2 2.17995E-2 4.60126E-2 4.94813E-2 4.80032E-2 4.31754E-2 3.98448E-2 3.61668E-2 3.23727E-2 2.79925E-2 2.59631E-2 2.54224E-2 2.43054E-2 2.72768E-2 2.60169E-2 2.64505E-2 2.31141E-2 2.54031E-2 2.883E-2 3.11039E-2 2.84709E-2 2.67208E-2 2.59713E-2 2.58384E-2 2.62463E-2 2.47942E-2 2.30463E-2 2.42961E-2 2.39032E-2 2.29213E-2 2.34824E-2 2.60652E-2 2.37024E-2 2.24729E-2 2.74615E-2 2.68871E-2 2.49262E-2 2.3398E-2 2.0626E-2 2.14184E-2 1.23141E-2 1.00316E-2 8.1982E-3 9.34944E-3 8.83061E-3 -9999 -9999
5.44557E-2 6.00278E-2 3.94126E-2 3.36465E-2 3.32626E-2 3.31331E-2 4.74587E-2 5.95204E-2 5.72751E-2 4.96869E-2 3.86241E-2 3.7115E-2 3.28616E-2 2.74436E-2 2.20441E-2 2.00591E-2 2.06835E-2 2.42958E-2 2.7485E-2 3.41188E-2 5.859E-2 5.9536E-2 5.53015E-2 5.03902E-2 4.52146E-2 3.95833E-2 3.66055E-2 3.38892E-2 3.05774E-2 2.75753E-2 2.639E-2 2.84915E-2 2.72767E-2 2.47056E-2 2.2537E-2 2.51886E-2 2.89198E-2 2.96621E-2 2.66156E-2 2.34841E-2 2.01717E-2 2.07376E-2 2.13938E-2 2.09898E-2 2.0041E-2 2.12431E-2 2.30961E-2 2.23362E-2 2.0104E-2 2.04091E-2 1.80731E-2 1.90145E-2 2.00219E-2 1.80762E-2 1.80429E-2 1.97899E-2 2.04461E-2 1.21808E-2 1.08286E-2 9.42918E-3 9.20475E-3 9.43884E-3 -9999 -9999 -9999
4.89281E-2 4.23342E-2 4.83705E-2 5.01083E-2 5.70155E-2 5.25819E-2 5.73946E-2 6.26868E-2 6.22789E-2 5.25806E-2 4.03049E-2 3.69059E-2 3.40212E-2 2.72691E-2 2.1194E-2 1.98385E-2 2.15287E-2 2.80149E-2 3.29384E-2 4.59438E-2 6.4263E-2 6.45607E-2 5.72898E-2 5.2772E-2 5.07185E-2 4.43337E-2 4.12216E-2 4.00418E-2 3.71398E-2 3.39008E-2 3.40035E-2 3.29329E-2 2.75679E-2 2.09847E-2 2.06663E-2 2.18451E-2 2.52827E-2 2.64636E-2 2.34957E-2 2.0825E-2 1.76507E-2 1.79463E-2 1.83673E-2 1.93265E-2 1.83709E-2 2.06337E-2 2.34154E-2 2.2457E-2 2.01387E-2 1.68528E-2 9.29325E-3 8.34565E-3 1.3424E-2 1.25622E-2 1.34599E-2 1.56231E-2 1.05512E-2 1.01419E-2 8.78401E-3 7.28827E-3 6.80566E-3 6.49685E-3 -9999 -9999 -9999
6.6792E-2 6.57962E-2 6.47057E-2 6.50495E-2 7.50208E-2 8.21591E-2 7.86584E-2 6.49017E-2 6.77292E-2 6.84054E-2 6.17032E-2 5.42505E-2 4.38241E-2 2.91049E-2 2.10213E-2 2.08729E-2 2.2791E-2 3.00601E-2 3.81031E-2 5.2774E-2 6.37014E-2 6.18088E-2 5.53912E-2 5.336E-2 5.04784E-2 4.68806E-2 4.36147E-2 4.46773E-2 4.44076E-2 4.33854E-2 4.2094E-2 4.07325E-2 3.24327E-2 2.46909E-2 2.20404E-2 2.10205E-2 2.13823E-2 2.11213E-2 2.03919E-2 1.90958E-2 1.72325E-2 1.71572E-2 1.72255E-2 1.86133E-2 1.79328E-2 2.12144E-2 2.38397E-2 2.2824E-2 2.01195E-2 1.60652E-2 8.04823E-3 7.46435E-3 1.29646E-2 1.19786E-2 1.20063E-2 8.49253E-3 9.3506E-3 9.00028E-3 7.88644E-3 5.69544E-3 5.43178E-3 -9999 -9999 -9999 -9999
3.45149E-1 7.89245E-2 8.20031E-2 8.74219E-2 8.70436E-2 8.89008E-2 9.24302E-2 7.81635E-2 7.3686E-2 7.10764E-2 6.94147E-2 6.40129E-2 4.74319E-2 3.27861E-2 2.22136E-2 1.59774E-2 2.06434E-2 2.82259E-2 4.27424E-2 5.55285E-2 5.86188E-2 5.53517E-2 5.0779E-2 4.88732E-2 4.62624E-2 4.27297E-2 4.07028E-2 4.28061E-2 4.4098E-2 4.21619E-2 4.11984E-2 3.96278E-2 3.42441E-2 3.01802E-2 2.29521E-2 2.04332E-2 1.85592E-2 1.79015E-2 1.75718E-2 1.76862E-2 1.70819E-2 1.80036E-2 1.95526E-2 2.11714E-2 2.11305E-2 2.07273E-2 2.06305E-2 2.19861E-2 1.95669E-2 1.67968E-2 1.19757E-2 1.19943E-2 1.31214E-2 1.1823E-2 7.33941E-3 8.12665E-3 8.62071E-3 8.70037E-3 8.04876E-3 6.63178E-3 -9999 -9999 -9999 -9999 -9999
3.86968E-1 4.12342E-1 3.94971E-1 9.63545E-2 8.98075E-2 8.80679E-2 1.00269E-1 9.95557E-2 8.25771E-2 6.60082E-2 6.5405E-2 6.24192E-2 4.46247E-2 3.2621E-2 2.22797E-2 1.63451E-2 2.06501E-2 3.01262E-2 5.03176E-2 5.92043E-2 5.4705E-2 5.04152E-2 4.6253E-2 4.31957E-2 4.00945E-2 3.79221E-2 3.43896E-2 3.45079E-2 3.63433E-2 3.67563E-2 3.45329E-2 3.54187E-2 3.41896E-2 3.47408E-2 2.90984E-2 2.31051E-2 1.80591E-2 1.64953E-2 1.71858E-2 1.66325E-2 1.86864E-2 2.04836E-2 2.27558E-2 2.48472E-2 2.47018E-2 2.46976E-2 2.02966E-2 2.01872E-2 1.88015E-2 1.70632E-2 1.48308E-2 1.35859E-2 1.21654E-2 7.17551E-3 7.92367E-3 8.31297E-3 -9999 -9999 -9999 -9999 -9999 -9999 -9999 -9999 -9999
4.71787E-1 4.4201E-1 9.71685E-2 8.79861E-2 8.53342E-2 8.69827E-2 9.69342E-2 9.21125E-2 8.00055E-2 6.7324E-2 6.22969E-2 5.16579E-2 3.50405E-2 2.73595E-2 2.05114E-2 1.8896E-2 2.48854E-2 3.50123E-2 4.14715E-2 4.543E-2 4.68428E-2 4.53517E-2 4.14858E-2 3.86112E-2 3.82578E-2 3.51748E-2 2.96102E-2 2.89112E-2 3.00952E-2 3.18653E-2 3.23271E-2 3.25644E-2 3.47185E-2 3.72193E-2 3.15101E-2 2.54147E-2 2.07801E-2 1.80703E-2 1.80366E-2 1.89283E-2 2.10617E-2 2.30238E-2 2.52396E-2 2.79718E-2 2.73462E-2 2.52542E-2 2.23446E-2 1.79686E-2 1.79707E-2 1.79233E-2 1.57514E-2 1.48764E-2 8.36948E-3 8.44231E-3 8.24485E-3 -9999 -9999 -9999 -9999 -9999 -9999 -9999 -9999 -9999 -9999
4.67805E-1 4.37212E-1 9.51191E-2 8.27893E-2 7.89457E-2 8.57365E-2 9.14514E-2 8.67336E-2 7.42449E-2 6.35749E-2 5.50555E-2 4.2242E-2 3.14879E-2 2.47299E-2 1.95395E-2 1.88984E-2 2.51059E-2 3.23178E-2 3.06024E-2 3.28391E-2 4.18836E-2 4.503E-2 4.44486E-2 3.92289E-2 3.45062E-2 3.02503E-2 2.70143E-2 2.5922E-2 2.64742E-2 2.76583E-2 2.88352E-2 3.17395E-2 3.40194E-2 3.5724E-2 3.24081E-2 2.82675E-2 2.34475E-2 2.14947E-2 2.12795E-2 2.11764E-2 2.14419E-2 2.37612E-2 2.8853E-2 3.09985E-2 2.93078E-2 2.48377E-2 2.18745E-2 1.79965E-2 1.64426E-2 1.6913E-2 1.63312E-2 8.95852E-3 8.98212E-3 8.52005E-3 8.84517E-3 -9999 -9999 -9999 -9999 -9999 -9999 -9999 -9999 -9999 -9999
4.4755E-1 4.4006E-1 1.08053E-1 9.7529E-2 1.00791E-1 9.28174E-2 8.95943E-2 7.76435E-2 6.53255E-2 5.4938E-2 4.76697E-2 3.93867E-2 3.10907E-2 2.44009E-2 2.03306E-2 1.96602E-2 2.25043E-2 2.65236E-2 2.75779E-2 3.07086E-2 3.91632E-2 4.519E-2 4.69441E-2 4.07884E-2 3.14701E-2 2.82648E-2 2.52455E-2 2.51546E-2 2.54077E-2 2.46671E-2 2.41381E-2 2.96042E-2 3.18958E-2 3.28938E-2 3.14044E-2 2.93677E-2 2.74593E-2 2.48887E-2 2.49532E-2 2.44591E-2 2.37359E-2 2.44822E-2 2.88227E-2 3.40901E-2 3.14666E-2 2.52848E-2 2.04476E-2 1.67437E-2 1.54816E-2 1.54589E-2 1.624E-2 9.54868E-3 9.03557E-3 8.96501E-3 9.18748E-3 -9999 -9999 -9999 -9999 -9999 -9999 -9999 -9999 -9999 -9999
