KUENM_DEFAULT/Final_Models/M_1_F_lqpth_Set_1_NE/sp1_min.asc
ncols         197
nrows         210
xllcorner     56.1666666666667
yllcorner     4.5
cellsize      0.166666666666667
NODATA_value  -9999
[rows 58 to 86 of 210, columns 0 to 64 of 197]
-9999 -9999 -9999 -9999 -9999 -9999 -9999 -9999 -9999 4.49141E-4 4.07066E-4 1.44079E-3 1.49877E-3 1.40395E-3 1.41855E-3 1.40621E-3 1.43127E-3 1.47528E-3 1.69093E-3 1.84719E-3 3.33174E-4 2.75073E-4 3.0539E-4 3.1715E-4 2.72139E-4 3.39647E-4 3.4966E-4 1.50723E-4 5.32525E-4 7.76255E-4 1.05741E-3 1.24667E-3 1.30042E-3 1.36002E-3 1.34999E-3 2.49828E-3 2.5197E-3 1.41408E-3 1.38525E-3 1.23989E-3 1.15583E-3 1.04699E-3 9.37056E-4 7.71219E-4 8.28405E-4 8.05403E-4 8.69669E-4 9.63723E-4 1.14262E-3 1.2759E-3 1.39162E-3 1.63756E-3 1.94055E-3 2.19239E-3 2.28919E-3 2.53144E-3 2.75182E-3 2.95654E-3 2.92226E-3 2.20267E-3 1.46621E-3 1.67612E-3 9.43031E-4 8.74195E-4 3.71236E-4
-9999 -9999 -9999 -9999 -9999 -9999 -9999 -9999 4.93243E-4 4.58936E-4 3.50535E-4 1.21079E-3 1.21106E-3 1.44968E-3 1.34401E-3 1.37358E-3 1.37462E-3 1.3833E-3 1.56283E-3 1.7434E-3 1.97405E-3 7.0792E-4 3.364E-4 1.20388E-4 2.68077E-4 2.83156E-4 2.71717E-4 2.87253E-4 3.94636E-4 3.55858E-4 5.92124E-4 1.07732E-3 1.29601E-3 1.35794E-3 1.31863E-3 1.30553E-3 1.26745E-3 1.29952E-3 1.14998E-3 1.11001E-3 1.02956E-3 9.24098E-4 7.53058E-4 6.47897E-4 6.71377E-4 6.84822E-4 7.11014E-4 8.01367E-4 8.23951E-4 8.81521E-4 1.07963E-3 1.55956E-3 2.02275E-3 2.14673E-3 2.37392E-3 2.58572E-3 2.76442E-3 2.96155E-3 2.89499E-3 2.59975E-3 1.59102E-3 1.33047E-3 8.19571E-4 3.75986E-4 2.51539E-4
-9999 -9999 -9999 -9999 -9999 -9999 -9999 3.87748E-4 2.24643E-4 4.19253E-4 3.64704E-4 3.29966E-4 1.11686E-3 1.11523E-3 1.31987E-3 1.2863E-3 1.38337E-3 1.3769E-3 1.51763E-3 1.67869E-3 1.99384E-3 2.18288E-3 4.79968E-4 3.00142E-4 2.86879E-4 2.94838E-4 2.23846E-4 2.98647E-4 3.53438E-4 3.96568E-4 4.25809E-4 5.91994E-4 1.09254E-3 1.23293E-3 1.15424E-3 1.12575E-3 1.1119E-3 1.13995E-3 9.5245E-4 9.33958E-4 9.54046E-4 8.81233E-4 7.25441E-4 5.85315E-4 6.01085E-4 5.72515E-4 6.09351E-4 6.45168E-4 6.96011E-4 9.44967E-4 1.23035E-3 1.81187E-3 1.96452E-3 2.08E-3 2.33523E-3 2.50744E-3 2.65176E-3 2.76357E-3 2.82837E-3 1.96466E-3 1.38716E-3 8.35613E-4 3.62523E-4 2.12332E-4 2.20776E-4
-9999 -9999 -9999 -9999 -9999 -9999 2.13336E-4 1.94871E-4 1.87372E-4 2.08248E-4 3.66493E-4 5.94922E-4 1.09791E-3 1.10264E-3 1.09644E-3 1.3388E-3 1.37529E-3 1.48422E-3 1.53038E-3 1.82421E-3 2.01723E-3 2.19691E-3 6.90302E-4 4.19146E-4 1.77848E-4 3.35944E-4 2.5162E-4 1.36457E-4 1.32004E-4 3.93672E-4 6.35223E-4 4.56575E-4 8.08072E-4 1.01684E-3 9.83832E-4 9.40322E-4 9.90905E-4 8.57632E-4 7.1218E-4 5.4927E-4 8.17111E-4 9.71107E-4 8.80005E-4 7.55277E-4 8.18748E-4 7.23597E-4 6.57748E-4 7.024E-4 9.71249E-4 1.20372E-3 1.37923E-3 1.68769E-3 1.90958E-3 1.89722E-3 2.17172E-3 2.39879E-3 2.54771E-3 2.53545E-3 2.21043E-3 1.5727E-3 1.12814E-3 5.41282E-4 2.36222E-4 1.68608E-4 1.78132E-4
-9999 -9999 -9999 -9999 -9999 -9999 3.88637E-4 2.39109E-4 2.14358E-4 1.80682E-4 3.79729E-4 1.08254E-3 6.78654E-4 9.51872E-4 1.08121E-3 1.21828E-3 1.4541E-3 1.48898E-3 1.59994E-3 1.89966E-3 2.04929E-3 2.38642E-3 7.4874E-4 3.25379E-4 4.33953E-4 3.72772E-4 3.44522E-4 2.59887E-4 2.34195E-4 3.25049E-4 7.72801E-4 8.12626E-4 8.67112E-4 9.58206E-4 9.78101E-4 9.76243E-4 9.1852E-4 8.04281E-4 7.88127E-4 5.93592E-4 7.6051E-4 1.14428E-3 1.10688E-3 1.03175E-3 1.02763E-3 9.18504E-4 9.9875E-4 1.07819E-3 9.98199E-4 1.15195E-3 1.32113E-3 1.5216E-3 1.80565E-3 1.98741E-3 1.93959E-3 2.19289E-3 2.01645E-3 1.87325E-3 2.02327E-3 1.36194E-3 5.40355E-4 4.22707E-4 1.4036E-4 1.14582E-4 1.34364E-4
-9999 -9999 -9999 -9999 -9999 1.22421E-3 1.11669E-3 1.16192E-3 1.47796E-3 1.21002E-3 1.68136E-4 1.76126E-4 6.11441E-4 7.83433E-4 1.16768E-3 1.1387E-3 1.34341E-3 1.4411E-3 1.76496E-3 1.86717E-3 2.32264E-3 2.56886E-3 2.99057E-3 5.00035E-4 3.70668E-4 4.1194E-4 3.71354E-4 2.49515E-4 2.41371E-4 3.49528E-4 6.68568E-4 9.14356E-4 1.15716E-3 1.08585E-3 1.15257E-3 1.22726E-3 1.24242E-3 1.17793E-3 1.07989E-3 1.03664E-3 1.1496E-3 1.20586E-3 1.27276E-3 1.23057E-3 1.1207E-3 1.15831E-3 1.0672E-3 1.13172E-3 1.26542E-3 1.14906E-3 1.30825E-3 1.35059E-3 1.61262E-3 1.43141E-3 1.42578E-3 1.54603E-3 1.83084E-3 1.88924E-3 1.49055E-3 7.91143E-4 4.58664E-4 3.60061E-4 1.09638E-4 9.42331E-5 1.66266E-4
-9999 -9999 -9999 -9999 4.07843E-4 1.53301E-3 1.5237E-3 1.16437E-3 1.47116E-3 1.36406E-3 1.31511E-3 1.75383E-4 1.36751E-3 1.18369E-3 1.08236E-3 1.2915E-3 1.41455E-3 1.58372E-3 1.65283E-3 2.02007E-3 2.38926E-3 2.85361E-3 9.19061E-4 5.54884E-4 4.11346E-4 4.45873E-4 3.28063E-4 1.20925E-4 1.20608E-4 2.60603E-4 3.65382E-4 6.03922E-4 9.91345E-4 1.22062E-3 1.23508E-3 3.25898E-3 2.9698E-3 2.70646E-3 2.94918E-3 2.73943E-3 2.88498E-3 3.08703E-3 2.7591E-3 1.42045E-3 1.38951E-3 1.32011E-3 1.36759E-3 1.1796E-3 1.21716E-3 1.10907E-3 1.22119E-3 1.02297E-3 9.00137E-4 1.00474E-3 1.20756E-3 1.64808E-3 2.58857E-3 2.1533E-3 1.06883E-3 5.41003E-4 4.73096E-4 1.82807E-4 1.12885E-4 1.55848E-4 1.48263E-4
-9999 -9999 -9999 -9999 1.99227E-4 1.26786E-3 1.53783E-3 1.21886E-3 1.66183E-3 1.53722E-3 1.30242E-3 1.41507E-3 1.81542E-4 6.63196E-4 1.20191E-3 1.29082E-3 1.53415E-3 1.68863E-3 1.92979E-3 2.20308E-3 2.54641E-3 2.78882E-3 9.28242E-4 7.63924E-4 4.48073E-4 5.10132E-4 4.66881E-4 3.38279E-4 1.62456E-4 9.30337E-5 3.00523E-4 5.02025E-4 8.74001E-4 1.34392E-3 3.42927E-3 3.12584E-3 3.44006E-3 3.02712E-3 2.8581E-3 3.36243E-3 3.33794E-3 2.30544E-3 3.04742E-3 3.15112E-3 3.20347E-3 2.16916E-3 1.39702E-3 1.05375E-3 3.94253E-4 7.90723E-4 4.78903E-4 1.01061E-3 1.07348E-3 1.51912E-3 5.30951E-3 3.55632E-3 3.78675E-3 8.29548E-4 8.89491E-4 5.56701E-4 2.48983E-4 1.47382E-4 1.06482E-4 2.32126E-4 2.18133E-4
-9999 -9999 -9999 1.33765E-3 1.66869E-3 1.43982E-3 1.39883E-3 1.51702E-3 1.70389E-3 1.46165E-3 1.44699E-3 1.32899E-3 1.21905E-3 6.70897E-4 1.13953E-3 1.40354E-3 1.64369E-3 1.77243E-3 1.84913E-3 2.05357E-3 2.31125E-3 2.29802E-3 8.32145E-4 8.78711E-4 6.40985E-4 5.71422E-4 5.62764E-4 5.19745E-4 4.31008E-4 4.36661E-4 4.56179E-4 7.03342E-4 3.89829E-4 8.70981E-4 1.36657E-3 3.59086E-3 3.46788E-3 3.58101E-3 3.31427E-3 3.19168E-3 3.3356E-3 3.45222E-3 3.49089E-3 3.4703E-3 3.68145E-3 2.28787E-3 1.38005E-3 1.04445E-3 1.15824E-3 1.26682E-3 1.35814E-3 1.62734E-3 2.46219E-3 3.42055E-3 3.81735E-3 3.31265E-3 9.45821E-4 7.44943E-4 3.11092E-4 6.01108E-4 2.5703E-4 1.72378E-4 3.30103E-4 3.55209E-4 3.26521E-4
-9999 -9999 -9999 1.51591E-3 1.43879E-3 1.48896E-3 1.75742E-3 1.91883E-3 1.67419E-3 1.55369E-3 1.51927E-3 1.3894E-3 1.48737E-3 1.33495E-3 1.53914E-3 1.57423E-3 1.5538E-3 1.70676E-3 1.7514E-3 1.97186E-3 2.29696E-3 2.47224E-3 6.93937E-4 7.88194E-4 8.44613E-4 5.95639E-4 5.54556E-4 5.90717E-4 5.7671E-4 5.58023E-4 5.71395E-4 6.78453E-4 2.27701E-4 4.31192E-4 8.66803E-4 1.15098E-3 3.53202E-3 3.71717E-3 4.07362E-3 3.93157E-3 3.90122E-3 4.04134E-3 4.00154E-3 3.95933E-3 2.23496E-3 2.40379E-3 3.59411E-3 3.66941E-3 2.01989E-3 2.23987E-3 2.41127E-3 2.78131E-3 3.03259E-3 3.31099E-3 3.61229E-3 9.54809E-4 8.55415E-4 5.77828E-4 3.23877E-4 3.27591E-4 2.53441E-4 2.46022E-4 3.68086E-4 2.96658E-4 4.507E-4
-9999 -9999 -9999 1.99396E-3 1.36326E-3 1.7886E-3 2.06168E-3 1.89151E-3 1.80589E-3 1.61567E-3 1.42287E-3 1.3751E-3 1.40302E-3 1.45524E-3 1.51361E-3 1.69615E-3 1.62491E-3 1.81569E-3 1.94848E-3 1.56647E-3 2.26678E-3 2.38329E-3 4.41966E-4 5.59942E-4 8.06281E-4 6.3037E-4 5.26376E-4 6.19636E-4 6.7354E-4 6.4654E-4 6.50912E-4 6.40655E-4 2.18767E-4 1.81434E-4 5.61146E-4 5.83491E-4 1.1104E-3 3.97639E-3 3.85848E-3 4.61119E-3 4.44854E-3 4.17794E-3 2.41071E-3 2.21711E-3 2.37968E-3 3.77781E-3 3.8144E-3 4.24399E-3 2.88391E-3 2.93281E-3 3.14565E-3 2.67802E-3 2.92479E-3 9.47116E-4 8.38271E-4 7.76194E-4 5.28013E-4 3.89223E-4 3.05471E-4 2.92471E-4 2.85622E-4 3.09002E-4 4.46742E-4 5.65396E-4 7.11717E-4
-9999 -9999 1.57639E-3 1.84052E-3 1.9459E-3 2.14973E-3 1.90461E-3 1.91145E-3 1.71538E-3 1.61303E-3 1.39479E-3 1.3348E-3 1.42051E-3 1.37376E-3 1.44564E-3 1.65872E-3 1.9936E-3 2.25424E-3 2.46133E-3 2.41949E-3 2.41966E-3 2.40438E-3 2.48689E-3 6.72953E-4 1.03563E-3 6.89098E-4 7.64575E-4 7.10321E-4 6.85108E-4 6.90347E-4 5.36358E-4 6.09505E-4 6.19502E-4 2.93445E-4 2.85517E-4 2.45185E-4 7.5399E-4 7.96066E-4 3.8946E-3 4.34604E-3 4.55248E-3 2.65915E-3 3.48862E-3 3.40368E-3 3.39662E-3 4.40908E-3 4.29925E-3 2.69893E-3 3.00855E-3 2.94119E-3 2.49557E-3 2.67347E-3 2.89126E-3 8.00219E-4 6.49468E-4 4.64808E-4 3.40834E-4 3.85054E-4 3.02889E-4 2.8202E-4 2.97822E-4 3.63584E-4 4.74327E-4 3.44753E-4 9.24646E-4
-9999 -9999 2.29411E-3 2.16759E-3 2.3277E-3 2.21968E-3 1.97012E-3 1.88482E-3 1.91304E-3 1.79481E-3 1.464E-3 1.42704E-3 1.40265E-3 1.34164E-3 1.38483E-3 1.65968E-3 1.8447E-3 2.1533E-3 2.47138E-3 3.12021E-3 2.69789E-3 2.99723E-3 3.21898E-3 3.88672E-3 4.42559E-3 1.08618E-3 9.49457E-4 9.0648E-4 8.67485E-4 6.87581E-4 3.05971E-4 6.8409E-4 8.66844E-4 8.71864E-4 7.58251E-4 2.04828E-4 3.4078E-4 4.38064E-4 6.26923E-4 2.57139E-3 2.8136E-3 2.80646E-3 2.91775E-3 4.81548E-3 4.57466E-3 2.63098E-3 2.59211E-3 2.77773E-3 2.95025E-3 2.93603E-3 2.52267E-3 8.12314E-4 6.8326E-4 6.24025E-4 4.15461E-4 2.89513E-4 3.1208E-4 3.58774E-4 3.34846E-4 3.83457E-4 4.92523E-4 4.21105E-4 5.38027E-4 9.80021E-4 9.85177E-4
-9999 -9999 2.90736E-3 2.74181E-3 2.02476E-3 2.40533E-3 2.30968E-3 1.81928E-3 1.98065E-3 1.92142E-3 1.41714E-3 1.35199E-3 1.38808E-3 1.50412E-3 1.4839E-3 1.57092E-3 1.66311E-3 1.86324E-3 2.14565E-3 2.9283E-3 3.71664E-3 4.38504E-3 5.12382E-3 6.72031E-3 5.25598E-3 4.73056E-3 1.37508E-3 1.2157E-3 1.06266E-3 8.37717E-4 6.98342E-4 7.0811E-4 1.05949E-3 1.01096E-3 3.8543E-4 8.20087E-4 3.01815E-4 3.89173E-4 5.07845E-4 6.48654E-4 2.08292E-3 1.96033E-3 2.26276E-3 2.76087E-3 2.5756E-3 2.77022E-3 2.79248E-3 2.7301E-3 6.63421E-4 5.72434E-4 4.92213E-4 5.09849E-4 4.16376E-4 2.94225E-4 3.06121E-4 2.85562E-4 3.08421E-4 3.76391E-4 3.99176E-4 3.69344E-4 4.32278E-4 3.52964E-4 4.61781E-4 6.585E-4 5.86836E-4
-9999 1.50006E-3 1.33002E-3 1.13894E-3 1.19302E-3 2.06357E-3 1.73233E-3 2.21672E-3 1.56669E-3 1.72025E-3 1.48808E-3 1.32202E-3 1.34087E-3 1.31136E-3 1.53342E-3 1.58038E-3 1.68414E-3 1.85616E-3 2.2264E-3 2.63053E-3 3.26638E-3 4.14358E-3 5.11517E-3 6.54807E-3 5.70041E-3 5.95177E-3 4.8489E-3 5.78901E-3 4.97282E-3 1.06146E-3 7.69757E-4 6.19728E-4 9.51006E-4 1.16087E-3 1.02536E-3 3.77423E-4 4.76336E-4 3.93282E-4 3.66413E-4 4.84564E-4 5.0249E-4 4.78337E-4 4.6217E-4 5.45965E-4 5.91794E-4 5.51011E-4 5.35866E-4 5.25631E-4 4.4655E-4 4.57048E-4 3.58059E-4 2.93357E-4 2.7285E-4 3.03698E-4 2.67342E-4 2.96304E-4 3.10955E-4 3.78185E-4 3.83208E-4 3.67553E-4 4.16407E-4 4.10773E-4 3.21756E-4 6.47105E-4 7.76146E-4
-9999 1.16054E-3 1.0889E-3 9.89242E-4 9.17553E-4 1.31715E-3 1.38653E-3 1.59693E-3 1.75638E-3 1.94742E-3 1.77193E-3 1.62918E-3 1.39352E-3 1.42595E-3 1.46586E-3 1.50787E-3 1.71013E-3 1.9192E-3 2.16635E-3 2.63106E-3 2.86679E-3 3.61826E-3 4.80111E-3 6.08226E-3 8.33976E-3 6.68228E-3 7.57839E-3 8.17409E-3 6.46613E-3 1.1971E-3 9.20351E-4 8.76368E-4 6.72541E-4 8.95487E-4 9.74541E-4 5.01338E-4 4.38713E-4 5.11975E-4 3.82405E-4 3.15835E-4 2.76577E-4 3.35131E-4 3.67337E-4 4.64097E-4 5.62865E-4 5.3532E-4 5.14734E-4 4.4096E-4 4.01491E-4 3.38006E-4 3.72592E-4 3.98666E-4 3.57381E-4 3.5868E-4 4.10454E-4 2.96768E-4 2.96598E-4 3.54313E-4 4.136E-4 4.66772E-4 4.43626E-4 4.13763E-4 3.47928E-4 4.4802E-4 8.33814E-4
-9999 1.32884E-3 1.102E-3 1.01298E-3 9.51412E-4 8.5648E-4 1.32677E-3 1.19705E-3 1.91745E-3 1.76854E-3 1.88652E-3 1.88951E-3 1.67867E-3 1.54948E-3 1.56284E-3 1.62273E-3 1.72804E-3 1.84049E-3 1.98896E-3 2.35883E-3 3.02747E-3 3.70545E-3 5.05544E-3 6.09858E-3 7.2888E-3 9.38122E-3 7.10372E-3 7.01333E-3 4.7126E-3 1.11293E-3 9.17491E-4 8.58146E-4 8.77815E-4 4.55552E-4 9.41295E-4 9.66228E-4 5.2134E-4 4.67597E-4 5.20714E-4 5.05164E-4 5.25535E-4 5.80729E-4 5.91283E-4 6.50593E-4 6.03167E-4 5.43344E-4 4.41079E-4 4.03635E-4 4.23591E-4 3.76892E-4 3.71803E-4 3.23608E-4 3.58117E-4 4.83032E-4 4.41592E-4 3.86737E-4 5.14868E-4 2.76366E-4 6.38003E-4 4.24594E-4 3.97934E-4 4.78559E-4 4.42457E-4 5.37416E-4 7.95969E-4
-9999 1.31307E-3 -9999 -9999 8.80628E-4 8.33566E-4 8.65535E-4 1.26943E-3 1.94368E-3 2.10026E-3 1.68108E-3 2.2166E-3 2.15864E-3 1.79286E-3 1.86991E-3 1.79089E-3 1.75841E-3 1.86531E-3 2.104E-3 2.78038E-3 3.24663E-3 3.50228E-3 4.69003E-3 5.59597E-3 7.35581E-3 7.85261E-3 7.80894E-3 3.176E-3 3.43398E-3 2.34694E-3 2.37737E-3 1.14926E-3 1.08506E-3 2.55793E-3 3.04393E-3 4.1243E-4 4.78549E-4 4.69949E-4 4.6324E-4 4.11267E-4 4.67976E-4 4.95806E-4 5.72365E-4 5.62457E-4 5.62485E-4 5.15045E-4 4.85594E-4 4.61651E-4 3.62418E-4 3.7075E-4 3.67318E-4 4.19636E-4 3.87057E-4 3.97286E-4 4.41841E-4 5.18452E-4 3.90976E-4 6.37801E-4 5.20899E-4 4.7888E-4 3.86239E-4 4.74991E-4 5.12459E-4 5.42483E-4 6.87166E-4
-9999 1.34053E-3 -9999 -9999 -9999 9.16364E-4 1.08974E-3 1.17116E-3 1.93349E-3 1.72616E-3 2.23629E-3 2.23761E-3 2.00105E-3 2.23831E-3 2.20586E-3 1.85725E-3 2.01607E-3 1.99785E-3 2.27062E-3 1.99375E-3 2.1652E-3 2.37832E-3 2.36909E-3 2.36917E-3 2.41493E-3 2.86796E-3 2.34971E-3 2.19835E-3 2.35605E-3 2.96792E-3 3.32383E-3 3.23552E-3 1.48077E-3 1.39834E-3 1.59432E-3 5.10846E-3 5.69575E-4 3.06315E-3 4.45803E-4 4.71991E-4 4.67514E-4 4.35516E-4 5.02343E-4 4.8936E-4 5.7527E-4 5.47667E-4 4.95007E-4 4.13286E-4 3.9196E-4 3.36188E-4 3.2906E-4 3.60989E-4 3.9815E-4 4.33173E-4 3.73508E-4 5.57534E-4 6.38575E-4 8.31821E-4 4.19789E-4 6.87285E-4 4.46778E-4 8.99168E-4 4.7086E-4 6.29325E-4 9.05564E-4
-9999 -9999 -9999 -9999 -9999 8.63701E-4 1.0584E-3 1.22904E-3 1.03253E-3 2.13136E-3 2.66725E-3 2.55966E-3 2.75109E-3 1.47954E-3 2.65342E-3 1.9131E-3 1.97781E-3 2.05465E-3 1.81757E-3 1.84696E-3 2.15402E-3 2.01544E-3 2.26354E-3 2.2555E-3 1.97941E-3 1.93894E-3 2.51021E-3 3.14068E-3 2.68169E-3 2.38642E-3 3.16973E-3 2.5444E-3 2.38181E-3 1.49283E-3 1.92484E-3 2.29083E-3 8.6222E-3 2.47477E-3 2.19539E-3 5.90142E-4 5.25282E-4 4.80793E-4 5.14798E-4 5.09716E-4 4.87989E-4 4.83354E-4 4.54317E-4 3.9292E-4 3.91027E-4 3.57423E-4 3.65282E-4 3.78513E-4 4.2674E-4 4.72783E-4 7.01975E-4 8.2879E-4 8.00629E-4 3.25566E-3 9.33054E-4 9.73351E-4 7.93275E-3 1.25547E-2 9.85153E-4 1.78515E-3 2.70357E-3
-9999 1.92637E-3 1.52211E-3 -9999 -9999 7.48181E-4 7.44884E-4 1.14363E-3 9.4638E-4 2.80254E-3 8.83116E-4 8.66861E-4 2.56889E-3 1.24696E-3 1.12164E-3 1.15491E-3 1.07336E-3 1.2625E-3 1.54167E-3 1.81016E-3 2.05234E-3 2.30162E-3 2.22128E-3 2.3023E-3 2.136E-3 2.80816E-3 2.816E-3 3.23804E-3 2.95308E-3 3.00887E-3 9.75561E-3 3.48739E-3 1.20503E-2 1.34597E-2 7.46542E-3 7.69041E-3 9.63827E-3 1.92503E-3 1.75882E-3 2.19288E-3 2.54173E-3 2.421E-3 2.10092E-3 1.98279E-3 5.98771E-4 5.254E-4 4.85543E-4 4.83325E-4 4.58813E-4 4.50354E-4 3.68247E-4 3.27752E-4 5.69298E-4 2.19975E-3 2.56346E-3 5.45421E-3 3.23488E-3 8.36443E-3 7.65474E-3 2.26465E-3 1.42197E-2 1.50052E-2 2.3233E-3 1.74932E-3 1.16203E-2
2.78962E-3 2.33962E-3 1.70474E-3 -9999 -9999 7.03392E-4 7.00764E-4 9.00603E-4 9.75403E-4 1.10289E-3 1.07637E-3 8.95511E-4 8.6527E-4 9.40148E-4 9.01849E-4 9.44218E-4 8.64808E-4 8.76551E-4 8.98231E-4 1.01014E-3 1.13395E-3 1.20789E-3 1.69697E-3 2.09078E-3 2.34394E-3 2.71416E-3 2.89788E-3 3.13857E-3 6.24443E-3 6.93274E-3 7.43968E-3 8.90225E-3 9.62721E-3 1.26469E-2 1.10278E-2 9.6481E-3 1.05469E-2 8.91018E-3 7.30531E-3 1.09129E-2 2.98282E-3 3.25092E-3 2.45245E-3 2.36902E-3 2.01428E-3 1.71315E-3 5.10899E-4 3.44321E-3 3.33668E-3 1.13353E-3 4.91549E-4 5.37582E-4 5.91506E-4 5.68996E-4 4.94356E-3 5.93125E-3 6.53377E-3 9.20642E-3 8.49494E-3 9.31924E-3 2.29982E-2 1.85289E-2 1.18326E-2 2.01658E-3 3.04421E-3
4.035E-3 2.92686E-3 -9999 -9999 -9999 -9999 6.56104E-4 7.17808E-4 7.77158E-4 6.39118E-4 6.30064E-4 8.19993E-4 1.18629E-3 9.28221E-4 7.23358E-4 7.73042E-4 7.27684E-4 6.49667E-4 6.93742E-4 7.82359E-4 7.94428E-4 8.84571E-4 9.46618E-4 1.04475E-3 1.17423E-3 1.36598E-3 1.45814E-3 3.57779E-3 3.7873E-3 4.85594E-3 5.4506E-3 6.2533E-3 6.44514E-3 8.03361E-3 8.64315E-3 1.02163E-2 1.0235E-2 9.31312E-3 1.04615E-2 1.03619E-2 3.49746E-3 3.5047E-3 2.63376E-3 2.3931E-3 5.74969E-3 1.47528E-3 1.4892E-3 1.47372E-3 1.46448E-3 4.94506E-3 1.60961E-3 3.12516E-3 3.37193E-3 4.13538E-3 5.14885E-3 6.203E-3 1.48549E-3 6.73671E-3 8.63281E-3 9.12209E-3 1.47797E-2 1.94457E-2 1.60152E-2 9.68453E-3 1.10573E-2
3.73527E-3 3.35499E-3 -9999 -9999 -9999 -9999 5.75758E-4 5.24379E-4 5.41306E-4 5.93129E-4 5.22423E-4 4.21312E-4 5.08321E-4 4.43766E-4 4.88784E-4 5.29682E-4 4.76819E-4 4.84134E-4 5.31073E-4 4.6389E-4 5.05597E-4 6.90937E-4 7.2386E-4 7.09497E-4 8.17407E-4 9.44244E-4 9.31063E-4 9.90985E-4 9.96334E-4 1.08874E-3 1.34585E-3 2.65757E-3 3.57904E-3 5.74086E-3 7.09014E-3 6.74545E-3 7.44516E-3 7.82174E-3 7.44491E-3 8.66405E-3 1.02936E-2 3.43112E-3 7.97713E-3 6.07123E-3 5.65653E-3 1.59453E-3 1.56794E-3 1.24258E-3 1.32466E-3 1.6843E-3 3.17253E-3 7.12123E-3 8.44329E-3 7.09004E-3 8.48734E-3 1.36586E-2 6.70989E-3 7.61205E-3 7.39047E-3 7.65317E-3 1.39772E-2 1.67357E-2 1.74438E-2 1.32984E-2 9.5016E-3
-9999 2.33083E-3 -9999 -9999 -9999 -9999 5.19405E-4 4.74333E-4 4.13764E-4 3.73937E-4 4.62873E-4 3.64132E-4 3.59363E-4 3.4285E-4 3.45994E-4 3.51588E-4 3.89355E-4 3.61666E-4 3.55634E-4 3.88721E-4 4.78162E-4 4.79025E-4 5.24798E-4 5.74022E-4 5.54408E-4 5.85303E-4 6.5818E-4 6.53167E-4 6.0568E-4 6.63472E-4 8.17697E-4 9.40023E-4 2.21566E-3 2.99962E-3 3.47767E-3 3.90847E-3 4.73024E-3 5.75166E-3 4.85243E-3 5.63339E-3 6.98526E-3 7.0776E-3 7.3182E-3 6.65533E-3 6.11931E-3 6.75277E-3 4.86195E-3 1.69427E-3 5.06016E-3 5.18695E-3 5.5755E-3 6.39611E-3 6.86237E-3 8.46099E-3 8.81565E-3 1.04045E-2 1.37271E-2 1.68011E-2 2.19031E-2 2.90194E-2 1.09251E-2 1.3647E-2 1.51337E-2 4.46865E-2 3.02311E-2
-9999 1.43635E-3 -9999 -9999 -9999 -9999 -9999 -9999 -9999 3.57308E-4 -9999 3.08382E-4 3.08258E-4 3.16886E-4 3.06713E-4 3.19681E-4 3.14559E-4 2.93574E-4 2.92569E-4 3.12294E-4 3.76815E-4 4.02553E-4 3.24134E-4 3.40877E-4 3.36255E-4 3.73832E-4 4.19346E-4 4.25724E-4 4.32346E-4 5.11055E-4 5.77643E-4 6.26103E-4 8.33059E-4 9.29318E-4 2.02166E-3 2.23955E-3 3.10206E-3 3.86315E-3 4.79534E-3 5.3778E-3 5.58912E-3 5.58222E-3 5.17607E-3 3.96988E-3 3.86247E-3 3.73298E-3 4.08303E-3 4.2437E-3 4.31314E-3 4.93608E-3 5.43978E-3 6.0277E-3 7.66027E-3 6.3892E-3 7.86403E-3 7.02806E-3 1.10874E-2 1.36131E-2 1.52246E-2 1.753E-2 1.82713E-2 2.00261E-2 2.66384E-2 2.64032E-2 2.5819E-2
-9999 1.42513E-3 -9999 -9999 -9999 -9999 -9999 -9999 -9999 -9999 -9999 -9999 -9999 -9999 -9999 -9999 2.69472E-4 2.62845E-4 2.70058E-4 2.73909E-4 2.93908E-4 2.72236E-4 2.57617E-4 2.52496E-4 2.54341E-4 2.74066E-4 2.84004E-4 2.7447E-4 3.44828E-4 4.18874E-4 4.51627E-4 4.90482E-4 5.646E-4 6.15718E-4 7.42844E-4 1.52736E-3 1.89972E-3 2.18761E-3 2.8901E-3 2.63865E-3 2.58855E-3 2.7126E-3 2.47429E-3 2.32646E-3 1.37088E-3 1.43943E-3 1.4674E-3 1.54876E-3 1.73058E-3 1.89606E-3 2.08754E-3 2.50986E-3 4.78668E-3 5.50712E-3 5.20242E-3 6.06E-3 6.11661E-3 8.19315E-3 9.71446E-3 1.11147E-2 1.21293E-2 1.49378E-2 1.20498E-2 1.47644E-2 2.36169E-2
-9999 1.35769E-3 -9999 -9999 -9999 -9999 -9999 -9999 -9999 -9999 -9999 -9999 -9999 -9999 -9999 -9999 -9999 -9999 -9999 -9999 -9999 -9999 -9999 -9999 -9999 2.59511E-4 2.66673E-4 2.62216E-4 2.8545E-4 3.10816E-4 3.34807E-4 3.53893E-4 4.02864E-4 4.49201E-4 5.04828E-4 6.41179E-4 1.35977E-3 1.51765E-3 1.77891E-3 1.92445E-3 1.88418E-3 1.91371E-3 9.67994E-4 8.59862E-4 9.23087E-4 -9999 -9999 1.43506E-3 1.55289E-3 1.67693E-3 1.86745E-3 2.04613E-3 2.36517E-3 5.08263E-3 5.72286E-3 -9999 -9999 -9999 -9999 -9999 -9999 -9999 8.34242E-3 1.12335E-2 2.00392E-2
-9999 1.23199E-3 -9999 -9999 -9999 -9999 -9999 -9999 -9999 -9999 -9999 -9999 -9999 -9999 -9999 -9999 -9999 -9999 -9999 -9999 -9999 -9999 -9999 -9999 -9999 -9999 -9999 -9999 -9999 -9999 2.98298E-4 3.10841E-4 -9999 3.28874E-4 4.20177E-4 4.68836E-4 1.10486E-3 1.11958E-3 -9999 -9999 -9999 -9999 -9999 -9999 -9999 -9999 9.24825E-4 -9999 -9999 -9999 1.63364E-3 -9999 -9999 -9999 -9999 -9999 -9999 -9999 -9999 -9999 -9999 -9999 -9999 9.47439E-3 1.33374E-2
