KUENM_DEFAULT/Final_Models/M_1_F_lqpth_Set_1_NE/sp1_max.asc
ncols         197
nrows         210
xllcorner     56.1666666666667
yllcorner     4.5
cellsize      0.166666666666667
NODATA_value  -9999
[rows 28 to 55 of 210, columns 65 to 129 of 197]
2.25009E-3 2.48327E-3 3.65352E-3 2.55196E-3 4.07222E-3 2.43814E-3 7.6873E-3 8.81834E-3 1.36279E-2 1.76769E-2 1.90366E-2 9.68475E-3 7.4964E-2 7.5841E-2 4.81896E-2 1.4067E-1 2.01856E-1 6.76679E-2 2.15373E-1 2.5637E-1 1.73628E-1 4.01273E-2 5.12725E-2 2.04067E-1 2.42085E-1 9.72829E-2 2.49879E-1 1.85519E-1 1.74741E-1 8.9513E-2 1.32759E-1 1.06018E-1 3.28327E-2 1.29269E-2 2.78124E-2 2.67152E-2 1.20808E-2 1.54928E-2 1.18516E-2 1.68574E-2 7.11977E-3 1.11012E-2 1.71627E-2 1.78512E-2 1.77943E-2 1.35571E-2 9.35522E-3 8.31965E-3 2.56464E-3 1.26045E-3 4.00363E-4 1.50483E-4 1.49509E-4 4.46857E-5 9.37738E-5 1.83901E-4 4.01227E-5 2.78797E-5 2.62877E-5 5.12151E-5 5.71977E-5 5.9184E-5 3.44291E-5 6.40941E-5 1.32725E-5
3.09616E-3 3.1874E-3 3.44965E-3 3.77839E-3 4.25976E-3 6.54725E-3 5.60055E-3 8.54576E-3 4.74156E-3 3.97824E-3 5.08756E-3 1.59805E-2 5.97409E-2 5.60759E-2 7.56603E-2 1.32939E-1 2.02271E-1 2.13002E-1 2.15279E-1 2.18489E-1 2.59084E-1 3.30699E-1 3.22224E-1 3.63712E-1 1.76037E-1 4.37508E-1 2.81647E-1 1.79007E-1 2.70683E-1 2.45629E-1 3.02807E-1 1.31712E-1 1.40404E-1 3.72896E-2 3.72218E-2 1.14364E-2 1.75921E-2 1.29971E-2 1.00722E-2 1.47706E-2 1.3589E-2 2.40882E-2 1.99583E-2 3.72529E-2 2.57646E-2 1.13426E-2 1.08278E-2 8.46945E-3 1.34006E-2 2.15596E-3 3.46911E-4 2.91623E-4 2.0083E-4 2.66696E-4 4.73759E-4 1.41036E-4 1.37591E-4 1.26487E-4 2.84289E-5 2.22334E-5 2.27419E-5 2.87234E-5 7.83116E-5 1.48067E-4 2.73782E-5
2.62255E-3 2.30489E-3 2.57564E-3 1.93331E-3 1.03913E-3 2.33769E-3 3.47449E-3 8.97694E-3 8.91563E-3 1.64481E-2 1.26505E-2 1.71646E-2 4.68001E-2 5.93772E-2 4.51385E-2 8.97261E-2 1.83627E-1 2.52261E-1 2.25904E-1 1.99071E-1 1.16185E-1 1.46108E-1 2.09105E-1 2.33218E-1 3.34129E-1 2.33979E-1 4.83705E-1 2.94402E-1 4.43549E-1 4.21737E-1 3.98228E-1 2.52417E-1 1.86135E-1 1.34491E-1 3.23545E-2 2.79866E-2 2.1355E-2 1.9695E-2 1.80345E-2 1.42736E-2 4.65087E-2 1.60496E-2 2.83136E-2 8.45018E-2 5.11166E-2 5.82207E-2 1.67339E-2 6.59697E-3 6.79924E-3 4.71023E-3 3.45245E-3 1.03029E-3 9.53139E-4 4.14074E-4 2.79758E-4 1.86083E-4 1.10407E-4 1.6369E-4 1.51364E-4 4.72801E-5 2.64814E-5 2.06908E-5 2.34905E-5 2.5915E-5 8.20016E-5
2.5231E-3 2.33351E-3 2.20408E-3 3.71291E-3 4.40611E-3 2.70559E-3 3.72849E-3 4.33951E-3 6.05041E-3 1.51997E-2 1.22391E-2 1.42847E-2 2.1579E-2 4.2417E-2 1.62883E-2 3.96631E-2 7.21488E-2 1.13545E-1 2.77789E-1 2.26698E-1 1.85808E-1 2.02852E-1 1.70756E-1 2.49933E-1 2.33762E-1 2.32618E-1 2.72869E-1 5.27546E-1 4.16213E-1 5.48163E-1 6.96296E-1 4.84532E-1 3.83612E-1 2.8609E-1 3.59755E-2 3.91229E-2 3.28269E-2 2.13905E-2 1.61607E-2 3.2173E-2 3.59132E-2 4.36385E-3 1.14566E-2 3.97419E-2 1.03866E-1 1.81388E-1 5.51245E-2 2.09026E-2 7.7111E-3 7.0051E-3 7.26959E-3 3.60655E-3 2.09943E-4 6.33545E-4 1.26946E-4 5.83686E-5 3.73352E-5 6.43668E-5 8.12212E-5 1.11279E-4 1.10816E-4 1.39586E-4 6.293E-5 4.2738E-5 3.5132E-5
2.76941E-3 3.02507E-3 2.72776E-3 2.69308E-3 4.28478E-3 2.64898E-3 3.48985E-3 4.34525E-3 6.21206E-3 8.64596E-3 1.17553E-2 1.53103E-2 1.96206E-2 3.52903E-2 2.55969E-2 3.86909E-2 1.85223E-2 1.03404E-2 2.01996E-2 7.11203E-2 1.60695E-1 2.00682E-1 2.70465E-1 3.25935E-1 3.5E-1 2.74573E-1 3.30883E-1 5.17601E-1 4.04378E-1 5.02818E-1 5.58908E-1 6.87809E-1 5.00243E-1 4.75163E-1 3.27998E-1 3.3339E-1 4.71181E-2 2.88425E-2 1.3297E-2 1.05364E-1 6.29349E-2 3.65495E-2 3.72156E-2 1.71667E-2 3.01194E-2 1.15488E-1 1.41606E-1 5.49319E-2 1.27155E-2 7.08617E-3 1.10177E-2 4.46066E-3 2.81781E-4 8.55232E-4 1.35623E-4 4.27291E-5 2.46019E-5 3.38496E-5 2.86443E-5 5.87277E-5 4.56742E-5 1.06344E-4 9.58703E-5 2.34825E-4 7.6754E-5
3.50712E-3 3.0413E-3 3.87197E-3 3.83783E-3 4.31398E-3 5.29635E-3 6.005E-3 7.19933E-3 5.81607E-3 7.82902E-3 1.05567E-2 1.57429E-2 3.26003E-2 2.24583E-2 1.33737E-2 2.81906E-2 5.24488E-2 7.16669E-2 9.56713E-2 3.56608E-2 2.30165E-2 2.96925E-2 5.79157E-2 1.87419E-1 2.86038E-1 2.83818E-1 4.27596E-1 3.49811E-1 3.71943E-1 4.60745E-1 5.65601E-1 5.16747E-1 7.06214E-1 4.64722E-1 3.50858E-1 3.09287E-1 6.17633E-2 4.88377E-2 3.22268E-2 1.57789E-1 1.79088E-1 4.77185E-2 4.00479E-2 4.61206E-3 6.76032E-3 2.15162E-2 5.65084E-2 1.30619E-1 5.59063E-2 2.1962E-2 6.73347E-3 1.23871E-2 3.2845E-3 2.65629E-4 1.45164E-4 9.86199E-5 1.2503E-4 4.47193E-5 5.34516E-5 6.83788E-5 1.05504E-4 1.23936E-4 5.4375E-5 5.0166E-5 1.94223E-4
2.95966E-3 3.25865E-3 2.8048E-3 3.14073E-3 4.43725E-3 5.49651E-3 6.07444E-3 5.27626E-3 7.48394E-3 7.90555E-3 8.49146E-3 1.13497E-2 1.69074E-2 1.6626E-2 2.0814E-2 5.47488E-2 1.24851E-1 9.44926E-2 1.55637E-1 2.09514E-1 1.68261E-1 6.65868E-2 7.8446E-2 1.25331E-1 2.63544E-1 3.12993E-1 3.01544E-1 3.41938E-1 3.89944E-1 4.28245E-1 4.044E-1 6.20296E-1 5.44943E-1 4.9026E-1 3.95804E-1 3.44538E-1 7.28852E-2 7.78414E-2 1.65802E-1 1.90741E-1 1.82402E-1 2.40073E-1 2.43066E-1 9.36732E-2 9.07617E-3 7.27819E-3 6.82102E-3 5.65544E-2 1.30112E-1 6.0461E-2 1.25511E-2 1.05198E-2 1.37897E-2 5.29577E-3 1.70531E-4 9.38853E-5 1.32459E-4 1.12814E-4 3.03724E-4 1.67896E-4 3.70875E-5 6.17945E-5 4.34253E-5 3.08812E-5 8.54003E-5
3.96401E-3 2.91546E-3 4.44058E-3 3.01571E-3 5.32711E-3 5.80997E-3 7.2582E-3 6.1206E-3 5.72453E-3 9.44786E-3 9.13393E-3 1.83193E-2 2.37415E-2 1.99306E-2 1.8156E-2 4.01395E-2 1.16577E-1 2.58234E-1 2.76833E-1 2.36327E-1 2.94415E-1 2.02872E-1 2.52239E-1 2.75157E-1 3.58847E-1 3.59053E-1 4.22623E-1 4.02703E-1 4.53438E-1 6.22847E-1 6.27764E-1 4.07914E-1 6.10193E-1 4.43639E-1 4.1601E-1 4.20399E-1 4.44019E-1 4.11531E-1 3.00332E-1 2.97445E-1 2.28329E-1 2.36762E-1 3.01919E-1 1.71662E-1 2.48847E-2 6.15586E-3 8.93076E-3 5.97956E-3 1.07774E-2 1.29213E-2 1.42161E-2 1.04654E-2 1.55346E-2 1.37874E-2 2.98446E-3 2.12019E-4 1.21949E-4 1.16635E-4 3.11737E-4 4.2173E-4 3.40659E-4 4.62096E-5 6.23414E-5 3.81184E-5 4.83276E-5
3.08624E-3 4.51325E-3 5.40391E-3 3.60818E-3 4.9684E-3 4.09157E-3 8.22051E-3 4.47353E-3 5.53368E-3 6.42038E-3 1.11177E-2 2.63697E-2 2.05528E-2 1.39307E-2 3.91299E-2 3.7418E-2 7.59794E-2 2.78416E-1 2.35863E-1 2.3292E-1 2.35196E-1 2.43835E-1 2.56644E-1 5.05595E-1 5.64147E-1 5.89517E-1 6.47074E-1 6.45033E-1 4.1946E-1 4.69289E-1 4.54618E-1 4.39041E-1 5.25746E-1 4.97954E-1 5.36084E-1 5.10305E-1 4.65421E-1 4.40333E-1 4.26948E-1 4.1736E-1 1.04119E-1 2.78103E-1 3.12618E-1 2.55011E-1 1.04648E-1 1.97858E-2 2.77352E-2 3.40453E-3 2.65613E-3 5.76238E-3 1.05493E-2 5.52027E-3 3.42884E-2 1.9734E-2 7.44145E-3 6.6806E-3 4.06747E-3 1.14837E-4 1.85694E-4 6.16461E-4 1.57904E-4 2.14883E-4 2.41816E-4 6.86251E-5 5.71714E-5
3.12817E-3 4.73351E-3 3.43303E-3 6.19776E-3 6.67695E-3 2.94657E-3 3.03453E-3 3.86399E-3 4.80681E-3 6.3521E-3 1.56556E-2 2.37508E-2 1.2427E-2 1.18558E-2 3.6657E-2 7.0267E-2 1.40363E-1 1.35389E-1 2.1202E-1 3.22922E-1 2.5407E-1 2.69442E-1 2.83148E-1 3.29324E-1 3.58322E-1 3.93673E-1 4.01407E-1 4.72748E-1 4.66139E-1 4.72248E-1 4.899E-1 4.99388E-1 5.11597E-1 5.78029E-1 5.85741E-1 5.78705E-1 5.16535E-1 4.8038E-1 4.93483E-1 4.7883E-1 1.58324E-1 1.08658E-1 2.92399E-1 2.86035E-1 2.36363E-1 1.28041E-1 9.4936E-2 1.61948E-2 1.70369E-2 1.44023E-2 4.7875E-3 3.6447E-3 7.94181E-3 1.50011E-2 1.36652E-2 1.37293E-2 3.38831E-3 7.47028E-4 1.50643E-4 2.46787E-4 3.78588E-4 2.74447E-4 2.89724E-4 2.37037E-4 3.11215E-4
6.0051E-3 6.62439E-3 3.00586E-3 4.51321E-3 2.57048E-3 2.60482E-3 3.01779E-3 3.62054E-3 5.2641E-3 1.73507E-2 2.20401E-2 1.48179E-2 1.05365E-2 1.2881E-2 3.84779E-2 4.01541E-2 6.00548E-2 2.48287E-1 2.86441E-1 2.63194E-1 2.9697E-1 3.31128E-1 3.36705E-1 3.50835E-1 3.76547E-1 3.29322E-1 3.47331E-1 4.55153E-1 4.99447E-1 5.03115E-1 5.28531E-1 5.45895E-1 5.52027E-1 5.42081E-1 5.75231E-1 6.47702E-1 5.55781E-1 5.55582E-1 5.33565E-1 5.51122E-1 5.28045E-1 1.7838E-1 4.18163E-1 4.29845E-1 1.31302E-1 1.00134E-1 6.62894E-2 3.72327E-2 2.02682E-2 1.08768E-2 1.04329E-2 1.00278E-2 7.48703E-3 5.26105E-3 1.22139E-2 1.12376E-2 1.44049E-2 4.27589E-3 2.08491E-3 2.46292E-4 2.23618E-4 3.99254E-4 2.69522E-4 3.00681E-4 2.11785E-4
4.13039E-3 3.49935E-3 3.36874E-3 2.97176E-3 2.63758E-3 2.63965E-3 3.02436E-3 3.94262E-3 9.34143E-3 1.23279E-2 1.84719E-2 1.08592E-2 1.35678E-2 2.05619E-2 3.80543E-2 6.26464E-2 1.0197E-1 1.80781E-1 3.14994E-1 2.77782E-1 3.95861E-1 4.90208E-1 5.13738E-1 5.20355E-1 3.6073E-1 4.34172E-1 4.55947E-1 6.54316E-1 4.90034E-1 5.15909E-1 5.17038E-1 5.15756E-1 5.52528E-1 5.49751E-1 5.32018E-1 5.50655E-1 6.61485E-1 6.22025E-1 6.02656E-1 5.96533E-1 5.83575E-1 5.44845E-1 5.09615E-1 1.51063E-1 1.26328E-1 1.03843E-1 7.6389E-2 5.57277E-2 3.79768E-2 1.22715E-2 6.00252E-3 2.41518E-3 2.77225E-3 2.70366E-3 2.89656E-3 2.84536E-3 1.26599E-2 7.44827E-3 3.16332E-3 2.82193E-3 4.9599E-4 3.9173E-4 4.87716E-4 6.59244E-4 2.9985E-4
7.22723E-3 4.57329E-3 3.80974E-3 3.39753E-3 3.02334E-3 2.98529E-3 3.45327E-3 4.05096E-3 9.99403E-3 1.11055E-2 1.05196E-2 1.25076E-2 1.52193E-2 2.76075E-2 2.82224E-2 3.91313E-2 9.93429E-2 1.7472E-1 2.24872E-1 2.49846E-1 3.96371E-1 3.94009E-1 4.09199E-1 4.61644E-1 4.20393E-1 4.37871E-1 5.47007E-1 5.03689E-1 4.56502E-1 5.00038E-1 4.84724E-1 4.74475E-1 4.66702E-1 5.21222E-1 5.26789E-1 5.45698E-1 5.82933E-1 6.98975E-1 6.59423E-1 8.38273E-1 8.1438E-1 7.81541E-1 7.43399E-1 6.82554E-1 3.08929E-1 2.03044E-1 1.36093E-1 7.22141E-2 4.67994E-2 2.36081E-2 9.13489E-3 4.46089E-3 2.80344E-3 2.28782E-3 4.57288E-3 2.30271E-3 1.05934E-2 9.74895E-3 1.49552E-2 3.0015E-3 4.64114E-3 5.72559E-3 2.79602E-3 4.98748E-4 4.96838E-4
8.04385E-3 5.57789E-3 5.37483E-3 4.43449E-3 3.84649E-3 3.94248E-3 4.18545E-3 4.65591E-3 1.08122E-2 1.30108E-2 1.56766E-2 1.83362E-2 1.93418E-2 2.73917E-2 2.08758E-2 2.34601E-2 4.56305E-2 1.15183E-1 2.60867E-1 2.18104E-1 3.90039E-1 4.52187E-1 4.64275E-1 4.55704E-1 4.34971E-1 4.96034E-1 5.63804E-1 5.85254E-1 4.93225E-1 4.24517E-1 4.79672E-1 3.9299E-1 4.78454E-1 5.51226E-1 6.00533E-1 6.24262E-1 8.3453E-1 8.16742E-1 8.51432E-1 8.54539E-1 8.34735E-1 8.07904E-1 8.13E-1 7.65972E-1 6.94388E-1 6.62412E-1 2.30507E-1 1.77393E-1 7.8899E-2 4.79058E-2 3.08956E-2 2.12036E-2 1.5073E-2 1.06302E-2 6.58092E-3 2.40592E-3 1.98407E-3 8.56791E-3 1.18135E-2 1.03951E-2 1.34335E-2 8.27376E-3 3.18853E-3 3.37828E-3 2.72704E-3
9.08342E-3 9.08467E-3 7.1899E-3 5.23258E-3 5.0368E-3 5.09526E-3 5.07496E-3 1.0288E-2 1.12851E-2 1.04007E-2 1.76625E-2 2.37782E-2 2.27367E-2 2.77945E-2 3.61821E-2 5.75227E-2 7.74856E-2 1.35413E-1 2.36432E-1 2.9582E-1 3.32972E-1 3.66187E-1 4.43997E-1 4.02575E-1 3.86357E-1 4.024E-1 5.44864E-1 5.70093E-1 4.99883E-1 4.74101E-1 4.51517E-1 5.43846E-1 6.66853E-1 6.62724E-1 6.57522E-1 9.32683E-1 8.19385E-1 8.02829E-1 7.87539E-1 7.65747E-1 8.45637E-1 8.2747E-1 8.08964E-1 8.09301E-1 5.92261E-1 5.85652E-1 6.83034E-1 5.61254E-1 1.93979E-1 9.16279E-2 6.76321E-2 4.34808E-2 3.60555E-2 1.45246E-2 3.70429E-3 2.3716E-3 1.97999E-3 1.85597E-3 9.15044E-3 9.01379E-3 1.06154E-2 9.7383E-3 4.76497E-3 6.54475E-3 4.88342E-3
1.79357E-2 1.19074E-2 8.27221E-3 7.2137E-3 6.35658E-3 5.8952E-3 1.09155E-2 1.2682E-2 1.23395E-2 1.2828E-2 1.38632E-2 1.9035E-2 3.67943E-2 3.97754E-2 6.40978E-2 9.65191E-2 1.17653E-1 1.69095E-1 2.50655E-1 2.68078E-1 2.98083E-1 3.34817E-1 3.52519E-1 4.08989E-1 3.92628E-1 4.62736E-1 5.05359E-1 5.33091E-1 4.66877E-1 4.76593E-1 5.06405E-1 5.29748E-1 5.78302E-1 5.9946E-1 5.93075E-1 6.26715E-1 5.97547E-1 8.21872E-1 7.68058E-1 7.93595E-1 7.79865E-1 7.55254E-1 8.05986E-1 8.15001E-1 7.85035E-1 8.04308E-1 7.21473E-1 6.43778E-1 5.63775E-1 1.33014E-1 1.06376E-1 7.2813E-2 4.79107E-2 2.85867E-2 8.38944E-3 4.34421E-3 2.21197E-3 1.75971E-3 9.15323E-3 7.83367E-3 8.45824E-3 2.12404E-3 1.51513E-2 7.35475E-3 3.54223E-3
3.12901E-2 1.19238E-2 1.08521E-2 8.72311E-3 7.20858E-3 1.26887E-2 1.29981E-2 1.37689E-2 1.04211E-2 1.16296E-2 1.67171E-2 1.56206E-2 4.70483E-2 7.45509E-2 9.83062E-2 1.32556E-1 1.50721E-1 1.68822E-1 2.12164E-1 2.44674E-1 2.59774E-1 2.70539E-1 3.14006E-1 3.29247E-1 3.91248E-1 4.12084E-1 4.42064E-1 4.00149E-1 4.18039E-1 4.49194E-1 4.76301E-1 5.05126E-1 5.61701E-1 5.89603E-1 5.99921E-1 5.56816E-1 5.44918E-1 5.67179E-1 5.84529E-1 7.7742E-1 7.60018E-1 7.28253E-1 8.1354E-1 7.8649E-1 8.00739E-1 7.8502E-1 6.33588E-1 6.15352E-1 5.26356E-1 4.83603E-1 1.30853E-1 1.14173E-1 7.452E-2 4.17975E-2 2.54587E-2 8.25465E-3 5.93E-3 8.4117E-3 3.84959E-3 1.77977E-3 2.27488E-3 2.05137E-3 8.34585E-3 1.17863E-2 4.5472E-3
2.4369E-2 2.10095E-2 1.09644E-2 1.0823E-2 1.74271E-2 1.56151E-2 1.5646E-2 1.48091E-2 1.19301E-2 1.03996E-2 1.29673E-2 1.84031E-2 2.93584E-2 4.74643E-2 1.15091E-1 1.21343E-1 1.28226E-1 1.42196E-1 2.14787E-1 2.34992E-1 2.56285E-1 2.67413E-1 2.62606E-1 2.6081E-1 2.64795E-1 2.53156E-1 2.76981E-1 2.9282E-1 3.83802E-1 4.1111E-1 4.37999E-1 4.77479E-1 5.09611E-1 5.40043E-1 5.41212E-1 5.25387E-1 5.19779E-1 5.08541E-1 5.28195E-1 5.5197E-1 7.29935E-1 7.44128E-1 7.17236E-1 7.99396E-1 7.71343E-1 7.87913E-1 6.03218E-1 5.88212E-1 5.5564E-1 5.11023E-1 4.77084E-1 1.44324E-1 1.04564E-1 5.32914E-2 2.75696E-2 2.54263E-2 1.20898E-2 1.65884E-2 2.11925E-2 1.07074E-2 7.46075E-3 3.43006E-3 1.81519E-3 5.79564E-3 6.7201E-3
2.08068E-2 2.45096E-2 1.70583E-2 1.17929E-2 2.21568E-2 1.97312E-2 1.84914E-2 1.3404E-2 1.19111E-2 1.11866E-2 1.53477E-2 2.11037E-2 3.34044E-2 4.49545E-2 9.96628E-2 1.12273E-1 1.25615E-1 1.09356E-1 2.12543E-1 2.33918E-1 1.42065E-1 2.57386E-1 2.58364E-1 2.54552E-1 1.57317E-1 1.61094E-1 1.77513E-1 2.66818E-1 2.78267E-1 2.88916E-1 3.93538E-1 4.34871E-1 4.82802E-1 5.03271E-1 4.90994E-1 4.78432E-1 4.74233E-1 4.8215E-1 4.98389E-1 5.32948E-1 7.3703E-1 7.09856E-1 7.19264E-1 7.65103E-1 7.67343E-1 6.46236E-1 5.95795E-1 5.7874E-1 5.7072E-1 5.20988E-1 5.02128E-1 6.06716E-1 1.30562E-1 6.79992E-2 2.71001E-2 3.06173E-2 4.11462E-2 2.52838E-2 2.33969E-2 2.90356E-2 1.34555E-2 8.49527E-3 1.98748E-3 6.88096E-3 7.18346E-3
3.66954E-2 3.26757E-2 1.79592E-2 2.88238E-2 2.54268E-2 2.42672E-2 1.90775E-2 1.4137E-2 1.15717E-2 1.31578E-2 1.79068E-2 2.31823E-2 3.34643E-2 4.91092E-2 7.37359E-2 9.66505E-2 8.44956E-2 1.05911E-1 1.72124E-1 2.01051E-1 1.36077E-1 1.4212E-1 1.35428E-1 1.31647E-1 1.24044E-1 1.29803E-1 1.3496E-1 1.49294E-1 1.75802E-1 2.75308E-1 2.90885E-1 4.0011E-1 4.38367E-1 4.62601E-1 4.76041E-1 4.72342E-1 4.76212E-1 4.7538E-1 4.84854E-1 5.08761E-1 6.56455E-1 7.26302E-1 7.02178E-1 7.7013E-1 7.25802E-1 6.54358E-1 5.89281E-1 5.93742E-1 5.75556E-1 5.5554E-1 5.5273E-1 6.19977E-1 5.74118E-1 1.33031E-1 9.74649E-2 8.29494E-2 5.76139E-2 5.74017E-2 4.05574E-2 3.66829E-2 1.27986E-2 3.58036E-3 2.53092E-3 1.59549E-3 2.75057E-3
3.85867E-2 3.28129E-2 2.79478E-2 4.46655E-2 3.80315E-2 2.24472E-2 1.56113E-2 1.26263E-2 1.26791E-2 1.49099E-2 1.8705E-2 2.46177E-2 3.40539E-2 5.23324E-2 8.95568E-2 9.461E-2 9.21412E-2 1.0406E-1 1.72346E-1 2.00397E-1 1.2953E-1 1.35325E-1 1.29499E-1 1.2424E-1 1.16579E-1 1.13688E-1 1.15639E-1 1.21863E-1 1.39835E-1 1.51899E-1 2.85619E-1 2.98624E-1 4.12507E-1 4.55329E-1 4.78481E-1 4.95992E-1 4.99882E-1 4.74759E-1 4.71288E-1 4.95162E-1 5.31755E-1 7.38787E-1 7.11383E-1 6.6915E-1 7.75225E-1 7.72883E-1 6.59247E-1 6.33457E-1 6.21171E-1 6.29179E-1 6.64853E-1 6.73218E-1 6.33004E-1 5.97777E-1 1.50334E-1 1.33184E-1 1.13592E-1 8.93063E-2 7.20446E-2 2.95524E-2 8.87538E-3 7.97976E-3 1.04264E-2 1.13486E-2 4.52326E-3
3.30053E-2 2.99955E-2 4.99629E-2 4.54016E-2 3.95607E-2 2.72567E-2 1.6526E-2 1.32948E-2 1.40258E-2 1.63741E-2 1.94002E-2 2.56117E-2 3.58505E-2 5.04286E-2 6.86401E-2 9.31132E-2 1.02116E-1 1.21038E-1 1.50071E-1 1.84121E-1 1.39469E-1 1.24991E-1 1.27124E-1 1.17106E-1 1.09589E-1 1.07379E-1 1.08705E-1 1.04342E-1 1.03821E-1 1.15823E-1 1.39565E-1 2.67702E-1 4.07207E-1 4.45919E-1 4.92586E-1 5.22148E-1 5.10298E-1 4.87954E-1 4.71218E-1 4.90858E-1 6.41248E-1 6.5228E-1 7.36389E-1 7.14924E-1 6.96407E-1 7.13128E-1 8.02553E-1 8.02343E-1 8.02637E-1 7.58006E-1 7.18047E-1 6.86627E-1 7.32783E-1 6.74803E-1 5.71984E-1 1.5702E-1 2.13716E-1 1.14449E-1 6.93762E-2 3.04769E-2 2.96121E-2 1.99353E-2 7.5917E-3 4.45007E-3 3.68668E-3
2.38463E-2 4.38675E-2 4.36445E-2 3.24048E-2 2.5189E-2 2.53906E-2 2.12149E-2 1.70416E-2 1.62538E-2 1.86052E-2 2.14017E-2 2.6605E-2 3.72885E-2 5.05374E-2 6.421E-2 9.46914E-2 1.05759E-1 1.44275E-1 2.03618E-1 1.83465E-1 1.39104E-1 1.27137E-1 1.24777E-1 1.23517E-1 1.15188E-1 1.09046E-1 1.04422E-1 1.02964E-1 9.86365E-2 1.01E-1 1.06217E-1 1.70127E-1 2.9184E-1 4.6658E-1 5.80889E-1 5.89551E-1 5.20358E-1 4.90114E-1 4.74662E-1 4.87217E-1 5.05094E-1 5.92223E-1 6.53289E-1 6.7347E-1 7.36212E-1 7.42235E-1 7.3741E-1 8.12704E-1 8.11323E-1 8.01955E-1 7.76596E-1 7.53947E-1 7.2808E-1 7.1155E-1 6.26514E-1 5.53128E-1 5.09976E-1 2.16637E-1 9.40875E-2 4.71729E-2 2.17398E-2 1.15268E-2 1.1364E-2 4.60901E-3 4.58791E-3
2.2726E-2 4.52808E-2 4.13678E-2 1.82275E-2 2.54708E-2 3.70784E-2 2.25043E-2 1.99012E-2 9.21415E-3 9.06767E-3 1.18302E-2 1.53482E-2 4.08984E-2 5.13848E-2 6.51014E-2 9.57441E-2 1.23548E-1 1.81367E-1 1.84593E-1 2.50507E-1 1.4778E-1 1.2312E-1 1.15515E-1 1.19993E-1 1.16193E-1 1.07349E-1 1.05374E-1 1.02357E-1 9.69087E-2 9.92266E-2 9.90438E-2 1.49676E-1 1.87677E-1 4.37839E-1 5.27349E-1 5.9256E-1 5.88888E-1 4.77842E-1 4.67777E-1 4.7687E-1 4.85955E-1 5.91096E-1 5.77371E-1 5.40635E-1 5.85458E-1 7.59613E-1 7.4347E-1 8.61591E-1 8.5802E-1 8.9732E-1 8.85074E-1 7.72914E-1 7.35145E-1 7.25118E-1 6.30014E-1 5.70211E-1 5.71583E-1 2.79788E-1 1.40436E-1 5.48479E-2 2.05218E-2 1.82791E-2 7.49132E-3 8.18685E-3 1.0354E-2
3.51128E-2 7.80962E-2 3.89002E-2 2.91563E-2 4.23211E-2 2.92535E-2 2.41608E-2 1.72769E-2 1.05815E-2 1.0666E-2 1.27336E-2 1.59305E-2 3.97696E-2 5.57278E-2 7.26201E-2 9.16964E-2 1.44881E-1 1.91783E-1 2.77127E-1 1.90791E-1 1.49838E-1 1.10167E-1 9.91931E-2 9.67389E-2 9.26591E-2 9.13629E-2 1.03247E-1 1.03117E-1 9.88404E-2 9.46401E-2 9.70564E-2 1.11E-1 1.68388E-1 3.09089E-1 4.68678E-1 5.98844E-1 5.33543E-1 4.98564E-1 4.89064E-1 4.51974E-1 5.08427E-1 5.58472E-1 5.70973E-1 5.58417E-1 5.68567E-1 8.71114E-1 6.8139E-1 6.90945E-1 7.32637E-1 7.46716E-1 8.18671E-1 7.2011E-1 8.54901E-1 7.23266E-1 6.61273E-1 5.89515E-1 5.7004E-1 5.48647E-1 2.48517E-1 1.07072E-1 2.96801E-2 1.71451E-2 1.1916E-2 8.78756E-3 1.01262E-2
3.38153E-2 6.41562E-2 4.49442E-2 1.88253E-2 1.50396E-2 2.04364E-2 2.50832E-2 2.51465E-2 2.37115E-2 1.0239E-2 1.14638E-2 3.421E-2 4.52692E-2 7.74727E-2 9.19577E-2 1.27101E-1 1.8631E-1 2.05981E-1 2.13635E-1 1.86624E-1 1.42742E-1 1.12254E-1 9.51362E-2 9.25902E-2 8.99067E-2 8.96168E-2 9.05792E-2 9.05766E-2 8.62027E-2 8.40702E-2 8.73462E-2 1.11549E-1 1.59898E-1 2.02166E-1 3.19628E-1 4.42346E-1 4.73212E-1 4.61614E-1 4.31867E-1 4.49761E-1 4.68919E-1 4.93966E-1 5.08973E-1 5.44326E-1 5.92067E-1 6.40898E-1 6.44868E-1 6.54448E-1 6.59127E-1 7.40724E-1 7.63343E-1 7.20879E-1 6.31765E-1 7.16937E-1 6.64872E-1 6.15496E-1 5.84226E-1 5.70079E-1 5.25202E-1 1.80407E-1 8.61313E-2 3.33169E-2 1.6072E-2 1.14791E-2 1.07505E-2
5.49819E-2 4.32798E-2 3.05217E-2 1.96235E-2 1.54726E-2 1.78568E-2 2.55098E-2 2.98673E-2 2.78121E-2 1.56419E-2 2.23956E-2 5.24502E-2 6.64262E-2 1.00933E-1 1.26933E-1 1.62528E-1 1.78291E-1 2.08775E-1 2.13614E-1 2.78086E-1 1.45322E-1 1.0653E-1 9.10651E-2 9.1435E-2 9.00037E-2 9.04492E-2 9.12168E-2 9.11903E-2 9.54795E-2 9.19849E-2 9.025E-2 9.74837E-2 1.21349E-1 1.48683E-1 1.90892E-1 3.49543E-1 3.49927E-1 3.47901E-1 2.7184E-1 3.07433E-1 4.61488E-1 4.81848E-1 5.47081E-1 5.60339E-1 6.09323E-1 6.09242E-1 6.39068E-1 6.72068E-1 6.51875E-1 6.59392E-1 7.51455E-1 8.29101E-1 8.25391E-1 8.42405E-1 7.13573E-1 6.68542E-1 6.33053E-1 6.24259E-1 5.55581E-1 1.91937E-1 1.12262E-1 6.99059E-2 3.51766E-2 1.95589E-2 1.94844E-2
3.01198E-2 1.43212E-2 2.54048E-2 4.63291E-2 5.07712E-2 4.01199E-2 3.1985E-2 3.56566E-2 4.02685E-2 4.54693E-2 5.47806E-2 7.30465E-2 1.29019E-1 1.36737E-1 1.6488E-1 1.73444E-1 1.75733E-1 2.34263E-1 3.15685E-1 3.02468E-1 1.30387E-1 8.92827E-2 8.73793E-2 8.73843E-2 8.72646E-2 8.81164E-2 9.46811E-2 1.30341E-1 9.79252E-2 1.00444E-1 9.36669E-2 9.71308E-2 9.96437E-2 1.14557E-1 1.38706E-1 1.86024E-1 1.93157E-1 1.99433E-1 2.21063E-1 2.9927E-1 3.74496E-1 4.71799E-1 5.34079E-1 5.74435E-1 6.31439E-1 6.10601E-1 6.40752E-1 6.96628E-1 6.52631E-1 7.2254E-1 7.71673E-1 7.65259E-1 7.6024E-1 8.67941E-1 7.78994E-1 8.34025E-1 6.25917E-1 6.07704E-1 5.45363E-1 4.86976E-1 1.74929E-1 1.29639E-1 6.71579E-2 4.086E-2 2.67194E-2
