KUENM_DEFAULT/Final_Models/M_1_F_lqpth_Set_1_NE/sp1_7_se_asia.asc
ncols         320
nrows         243
xllcorner     44.0
yllcorner     -0.666666666666667
cellsize      0.166666666666667
NODATA_value  -9999
[rows 93 to 123 of 243, columns 140 to 209 of 320]
5.10835E-2 2.17203E-2 7.01782E-2 4.52481E-2 8.84409E-2 2.00242E-1 4.46318E-1 5.83033E-1 5.2268E-1 5.33754E-1 5.9752E-1 5.30228E-1 5.03488E-1 4.15224E-1 3.13122E-1 4.55162E-1 3.44299E-1 4.22658E-1 6.39225E-1 5.30177E-1 5.23868E-1 4.935E-1 6.15996E-1 6.60938E-1 6.77139E-1 6.74531E-1 6.70873E-1 6.4957E-1 6.11332E-1 5.99959E-1 4.4129E-1 3.33401E-1 1.95265E-1 2.53257E-1 3.65548E-1 2.67675E-1 3.2201E-1 4.2999E-1 5.58894E-1 6.87816E-1 5.90151E-1 4.11514E-1 4.01966E-1 3.63682E-1 4.51397E-1 4.45246E-1 4.74834E-1 4.92593E-1 5.09327E-1 5.0718E-1 5.2862E-1 5.07218E-1 3.74724E-1 3.69804E-1 3.31011E-1 3.32578E-1 5.0465E-2 5.33642E-2 7.84562E-2 7.50773E-2 7.37222E-2 4.18618E-1 7.58545E-2 7.58813E-2 6.62381E-2 5.28849E-2 4.53918E-2 3.85964E-2 3.81676E-2 4.0598E-2
5.5017E-2 2.41414E-2 0E0 4.42394E-2 1.76149E-1 3.54254E-1 5.16307E-1 5.04391E-1 5.21676E-1 6.18335E-1 6.06027E-1 5.95124E-1 4.51063E-1 3.17586E-1 2.80196E-1 3.15662E-1 4.48324E-1 5.33059E-1 5.49265E-1 5.89963E-1 5.46825E-1 4.43307E-1 4.98177E-1 5.69052E-1 6.68331E-1 6.69046E-1 6.61507E-1 6.62973E-1 6.42297E-1 5.32245E-1 4.84359E-1 4.32498E-1 3.16891E-1 3.43379E-1 3.52991E-1 2.70391E-1 3.41908E-1 4.63151E-1 5.92339E-1 6.56956E-1 5.72691E-1 4.96222E-1 4.84844E-1 4.39569E-1 4.41642E-1 4.37355E-1 4.80789E-1 4.80617E-1 5.0772E-1 4.23838E-1 5.13004E-1 4.9999E-1 5.08351E-1 3.57048E-1 3.71058E-1 3.76112E-1 5.47109E-2 4.80217E-2 8.55718E-2 4.51073E-1 4.39674E-1 4.34052E-1 7.42557E-2 6.61489E-2 5.79969E-2 4.43774E-2 3.88372E-2 3.42678E-2 3.55019E-2 3.63451E-2
-9999 3.54059E-2 3.83785E-2 6.05126E-2 2.27653E-1 3.08892E-1 2.92232E-1 4.97141E-1 5.41033E-1 6.73921E-1 6.43815E-1 5.50351E-1 4.67252E-1 2.16119E-1 1.61195E-1 3.15871E-1 3.78635E-1 4.97542E-1 4.3446E-1 5.21586E-1 4.5156E-1 5.08496E-1 5.1176E-1 5.83264E-1 6.42711E-1 6.68949E-1 6.52043E-1 6.69066E-1 6.64495E-1 6.45553E-1 6.31691E-1 5.4119E-1 4.27627E-1 3.74875E-1 3.43174E-1 3.54894E-1 3.65951E-1 4.56797E-1 5.60136E-1 6.51963E-1 6.70251E-1 5.70366E-1 4.8174E-1 4.0766E-1 4.52635E-1 4.46775E-1 4.72656E-1 4.81806E-1 5.13322E-1 4.17459E-1 4.85124E-1 4.697E-1 5.095E-1 4.83645E-1 3.71688E-1 3.6603E-1 5.81497E-2 4.88646E-2 8.82068E-2 4.71073E-1 4.49381E-1 8.03407E-2 6.60215E-2 5.35774E-2 4.51567E-2 3.78363E-2 3.23057E-2 2.9288E-2 3.05041E-2 3.37065E-2
-9999 -9999 -9999 -9999 1.0489E-1 1.78283E-1 3.75407E-1 -9999 5.15025E-1 4.80309E-1 5.22683E-1 5.39782E-1 5.91652E-1 2.86842E-1 1.63789E-1 3.12737E-1 2.88953E-1 5.31527E-1 5.34542E-1 5.50064E-1 5.01499E-1 5.07755E-1 4.76496E-1 5.47391E-1 6.11783E-1 6.6969E-1 6.74082E-1 6.8024E-1 6.75094E-1 6.50111E-1 5.88143E-1 5.70001E-1 4.87948E-1 4.14653E-1 3.62068E-1 3.85063E-1 3.72104E-1 3.9666E-1 4.62574E-1 5.57534E-1 5.95405E-1 5.01356E-1 3.93684E-1 3.59379E-1 3.47413E-1 3.3494E-1 3.75707E-1 4.08023E-1 3.98568E-1 4.10517E-1 5.02072E-1 4.95346E-1 5.13577E-1 5.2606E-1 3.65859E-1 5.75147E-2 5.50645E-2 7.22136E-2 7.86814E-2 9.05072E-2 4.538E-1 7.5476E-2 5.71832E-2 4.17768E-2 3.60866E-2 3.08765E-2 2.6969E-2 2.71308E-2 2.67614E-2 3.23086E-2
-9999 -9999 -9999 -9999 -9999 -9999 3.50466E-1 3.80567E-1 4.09194E-1 4.5789E-1 5.10606E-1 5.89143E-1 5.97484E-1 4.96858E-1 1.46803E-1 2.62122E-1 4.43188E-1 5.43119E-1 5.30546E-1 5.34183E-1 4.81314E-1 5.45655E-1 5.16415E-1 6.38668E-1 6.46553E-1 6.7644E-1 6.55371E-1 6.94459E-1 6.86368E-1 6.01892E-1 5.85807E-1 5.63117E-1 5.16791E-1 4.71483E-1 4.13044E-1 4.10861E-1 4.05405E-1 4.08439E-1 4.39178E-1 5.4856E-1 5.61241E-1 4.4966E-1 5.49918E-2 4.93706E-2 5.36206E-2 5.00657E-2 3.82342E-1 3.97036E-1 3.90221E-1 4.99333E-1 4.98665E-1 5.20587E-1 5.12358E-1 1.06032E-1 6.92681E-2 6.56582E-2 5.99514E-2 7.61539E-2 7.1613E-2 7.90416E-2 8.1913E-2 6.39069E-2 4.62862E-2 3.6723E-2 2.99434E-2 2.73072E-2 2.42515E-2 2.26735E-2 2.58949E-2 3.32463E-2
-9999 -9999 -9999 -9999 -9999 -9999 -9999 4.23617E-1 3.46521E-1 4.67471E-1 4.77533E-1 4.9177E-1 5.66293E-1 5.61048E-1 5.43272E-1 5.32997E-1 6.10088E-1 5.94816E-1 5.72794E-1 5.63096E-1 5.82301E-1 6.24196E-1 5.89489E-1 5.49072E-1 6.70633E-1 6.82337E-1 6.86471E-1 6.99371E-1 6.19543E-1 5.63868E-1 5.5317E-1 5.23666E-1 5.13822E-1 4.95705E-1 4.59417E-1 4.33002E-1 4.32357E-1 4.27844E-1 4.32854E-1 4.95021E-1 4.8821E-1 4.04375E-1 5.11568E-2 4.84007E-2 5.20385E-2 5.0367E-2 5.76127E-2 3.61581E-1 3.8335E-1 5.02291E-1 4.99134E-1 5.06418E-1 1.01855E-1 9.10056E-2 9.09032E-2 6.04289E-2 5.60845E-2 6.54658E-2 5.81424E-2 5.94877E-2 6.24405E-2 5.12296E-2 4.05408E-2 3.22473E-2 2.85868E-2 2.51673E-2 2.43719E-2 2.29766E-2 2.57837E-2 3.1531E-2
-9999 -9999 -9999 -9999 -9999 -9999 -9999 -9999 1.78195E-1 4.31715E-1 3.16778E-1 4.41604E-1 4.00902E-1 6.12229E-1 7.52665E-1 7.01732E-1 4.036E-1 5.16384E-1 6.37174E-1 6.23513E-1 6.06445E-1 6.52203E-1 6.01197E-1 5.88941E-1 6.80802E-1 6.93143E-1 7.1206E-1 7.10483E-1 6.39256E-1 5.97534E-1 5.25491E-1 5.18792E-1 5.37255E-1 5.07377E-1 4.67183E-1 4.33112E-1 4.35575E-1 4.65205E-1 4.42853E-1 3.93518E-1 3.69056E-1 3.70859E-1 4.76976E-2 5.25684E-2 5.06708E-2 6.21982E-2 8.6206E-2 5.92621E-2 3.87947E-1 5.05436E-1 5.05935E-1 4.99352E-1 9.09337E-2 7.94634E-2 8.2379E-2 8.24031E-2 7.64397E-2 5.86662E-2 4.03409E-2 4.35321E-2 4.71443E-2 4.35237E-2 3.62955E-2 3.15808E-2 2.95946E-2 3.12329E-2 3.92271E-2 3.65741E-2 3.41505E-2 3.62544E-2
-9999 -9999 -9999 -9999 -9999 -9999 -9999 -9999 -9999 2.20103E-1 3.68321E-1 4.25721E-1 3.99911E-1 6.64707E-1 6.88621E-1 5.54549E-1 3.35003E-1 4.59514E-1 -9999 6.49451E-1 6.43467E-1 5.65324E-1 6.4655E-1 6.50793E-1 6.75991E-1 6.99239E-1 7.30689E-1 7.51403E-1 6.5664E-1 6.24218E-1 5.70324E-1 5.52108E-1 5.46135E-1 4.98018E-1 4.47496E-1 4.14428E-1 4.4872E-1 4.30774E-1 3.95394E-1 3.51664E-1 3.40566E-1 3.54452E-1 5.24324E-2 6.3185E-2 3.78129E-1 3.84034E-1 3.81157E-1 3.73023E-1 3.9945E-1 4.05541E-1 4.9109E-1 9.10418E-2 7.6754E-2 7.02156E-2 7.34887E-2 7.9615E-2 7.57002E-2 6.05132E-2 4.34594E-2 3.86949E-2 4.09584E-2 3.85016E-2 3.07083E-2 3.23771E-2 3.36226E-2 3.54648E-2 3.2519E-2 4.20506E-2 4.47176E-2 4.6831E-2
-9999 -9999 -9999 -9999 -9999 -9999 -9999 -9999 -9999 -9999 -9999 2.2849E-1 4.33934E-1 4.62313E-1 3.92859E-1 4.67624E-1 -9999 -9999 5.21783E-1 6.65191E-1 6.49531E-1 6.30093E-1 7.21643E-1 7.25047E-1 7.4035E-1 6.99369E-1 7.29496E-1 7.49259E-1 6.73492E-1 5.88169E-1 5.95926E-1 5.76386E-1 5.04779E-1 4.70691E-1 4.61948E-1 4.56387E-1 4.55113E-1 4.26899E-1 3.76993E-1 3.82981E-1 3.5084E-1 3.72877E-1 4.05977E-1 4.03478E-1 4.0478E-1 3.63906E-1 3.8241E-1 3.78636E-1 4.00646E-1 3.99677E-1 9.38851E-2 8.33284E-2 7.17546E-2 6.9818E-2 6.94605E-2 7.06341E-2 7.29279E-2 6.38776E-2 5.66539E-2 4.87361E-2 4.24242E-2 3.26911E-2 2.89175E-2 3.24224E-2 3.28527E-2 2.79275E-2 3.14673E-2 4.30938E-2 4.8126E-2 5.0976E-2
-9999 -9999 -9999 -9999 -9999 -9999 -9999 -9999 -9999 -9999 -9999 -9999 -9999 -9999 -9999 -9999 -9999 -9999 6.48194E-1 5.7482E-1 6.25393E-1 5.87441E-1 6.26317E-1 6.36485E-1 7.3773E-1 7.70954E-1 7.21048E-1 7.53168E-1 6.84679E-1 5.98185E-1 5.88419E-1 5.55867E-1 4.8245E-1 3.69723E-1 4.65838E-1 4.89423E-1 4.62165E-1 4.05336E-1 5.81199E-2 5.87186E-2 3.47461E-1 3.92913E-1 4.03808E-1 4.22669E-1 4.10677E-1 3.7024E-1 3.65885E-1 3.74223E-1 3.92052E-1 3.82227E-1 8.76466E-2 7.80765E-2 7.2171E-2 6.62459E-2 7.03097E-2 7.94664E-2 9.24305E-2 7.28784E-2 6.50226E-2 5.75444E-2 4.78286E-2 4.61907E-2 3.36636E-2 2.98029E-2 2.58212E-2 2.93349E-2 3.37466E-2 3.76415E-2 3.94445E-2 3.96607E-2
-9999 -9999 -9999 -9999 -9999 -9999 -9999 -9999 -9999 -9999 -9999 -9999 -9999 -9999 -9999 -9999 -9999 5.94699E-1 5.26656E-1 5.66655E-1 6.34234E-1 5.34747E-1 6.22245E-1 6.379E-1 6.54393E-1 6.92695E-1 7.3204E-1 7.38976E-1 6.86007E-1 6.63636E-1 6.0745E-1 5.54592E-1 4.53348E-1 4.26602E-1 4.56725E-1 5.02539E-1 4.55195E-1 6.77697E-2 4.9549E-2 4.75261E-2 5.01031E-2 3.87719E-1 4.29601E-1 4.49339E-1 4.31351E-1 3.99477E-1 3.7979E-1 3.71296E-1 6.02641E-2 5.76069E-2 5.29382E-2 7.62259E-2 8.83532E-2 9.52563E-2 9.36378E-2 8.59067E-2 8.47389E-2 8.05362E-2 6.93651E-2 5.98363E-2 4.80571E-2 3.97224E-2 4.0956E-2 3.5991E-2 2.86847E-2 2.24707E-2 1.97946E-2 3.1334E-2 3.53797E-2 2.29486E-2
-9999 -9999 -9999 -9999 -9999 -9999 -9999 -9999 -9999 -9999 -9999 -9999 -9999 -9999 2.37728E-1 3.02206E-1 4.53329E-1 5.74478E-1 6.32955E-1 6.52225E-1 5.85938E-1 5.46967E-1 5.50734E-1 6.28019E-1 6.59307E-1 6.87157E-1 7.15076E-1 7.40368E-1 6.99691E-1 6.83701E-1 6.67469E-1 5.70539E-1 5.1498E-1 4.71497E-1 4.70962E-1 4.49258E-1 7.55522E-2 5.20729E-2 4.44055E-2 4.80544E-2 5.58784E-2 3.72001E-1 4.18111E-1 4.53901E-1 4.73288E-1 4.65952E-1 4.47648E-1 4.5635E-1 3.81928E-1 6.06016E-2 5.22628E-2 4.20375E-1 4.19247E-1 5.33824E-1 1.06654E-1 9.48039E-2 8.69423E-2 7.56149E-2 6.67795E-2 5.15642E-2 4.16563E-2 4.10492E-2 3.98661E-2 4.26254E-2 3.51557E-2 2.10293E-2 5.69452E-3 2.29201E-2 1.34202E-2 1.53628E-2
-9999 -9999 -9999 -9999 -9999 -9999 -9999 -9999 -9999 -9999 6.81518E-2 6.4151E-2 6.71039E-2 1.00665E-1 1.3262E-1 4.02902E-1 4.41807E-1 5.93696E-1 6.09526E-1 6.57704E-1 5.73339E-1 5.41192E-1 5.48313E-1 5.79367E-1 6.70309E-1 6.8288E-1 6.99542E-1 7.37418E-1 7.50092E-1 -9999 6.83778E-1 -9999 5.66533E-1 -9999 7.92595E-2 7.58086E-2 7.46608E-2 6.06949E-2 5.75974E-2 4.89876E-2 5.4359E-2 6.63067E-2 4.55702E-1 4.91292E-1 5.39235E-1 5.49276E-1 5.24266E-1 5.324E-1 4.98201E-1 4.85065E-1 4.80774E-1 4.87672E-1 4.7146E-1 4.56204E-1 5.2908E-1 1.02629E-1 8.65683E-2 6.50662E-2 5.36801E-2 4.34066E-2 4.56468E-2 4.00029E-2 3.9933E-2 5.56955E-2 4.6491E-2 2.16091E-2 1.2535E-2 8.40861E-3 1.57471E-2 2.90499E-2
-9999 -9999 -9999 -9999 -9999 -9999 -9999 -9999 -9999 -9999 -9999 3.54276E-2 0E0 8.61298E-2 1.41628E-1 1.78548E-1 3.8501E-1 5.03074E-1 5.98209E-1 5.85977E-1 5.24754E-1 5.37892E-1 5.58544E-1 6.14451E-1 6.38628E-1 6.60397E-1 6.78196E-1 7.09233E-1 7.19428E-1 7.33981E-1 -9999 6.20509E-1 5.71532E-1 5.20233E-1 8.64388E-2 7.62899E-2 7.04767E-2 6.94677E-2 6.87358E-2 5.03769E-2 5.72658E-2 4.19192E-1 4.95103E-1 5.26566E-1 5.85559E-1 6.48025E-1 6.14869E-1 5.89621E-1 5.48933E-1 5.26544E-1 5.15721E-1 4.8033E-1 4.68927E-1 5.62007E-1 1.1268E-1 1.04734E-1 8.28631E-2 5.36141E-2 3.97498E-2 3.76335E-2 3.72437E-2 3.79571E-2 4.46649E-2 5.19106E-2 5.77425E-2 3.54181E-2 2.86243E-2 2.82872E-2 2.79706E-2 4.3502E-2
-9999 -9999 -9999 -9999 -9999 -9999 -9999 -9999 -9999 -9999 -9999 -9999 4.87986E-2 8.15239E-2 1.09309E-1 1.51626E-1 3.63166E-1 3.76731E-1 4.41809E-1 4.45746E-1 4.78986E-1 5.0556E-1 5.85464E-1 5.9994E-1 6.28197E-1 6.4475E-1 6.58804E-1 6.84264E-1 7.01732E-1 -9999 -9999 -9999 5.85152E-1 5.66497E-1 1.03295E-1 7.6268E-2 6.72215E-2 6.62053E-2 5.89833E-2 4.84222E-2 5.9171E-2 4.22539E-1 4.31656E-1 4.46344E-1 5.90904E-1 5.93158E-1 6.07937E-1 6.08911E-1 6.52233E-1 6.37295E-1 6.19352E-1 5.78825E-1 5.47941E-1 5.3555E-1 1.11017E-1 9.79157E-2 7.27729E-2 4.58918E-2 3.78606E-2 3.52234E-2 4.51033E-2 5.49156E-2 5.38163E-2 4.63249E-2 3.67815E-2 4.21987E-2 4.36878E-2 5.23239E-2 4.88341E-2 5.46942E-2
-9999 -9999 -9999 -9999 -9999 -9999 -9999 -9999 -9999 -9999 -9999 -9999 -9999 5.68074E-2 7.30115E-2 1.03452E-1 1.46547E-1 3.15322E-1 3.49695E-1 3.50993E-1 4.11472E-1 4.51994E-1 5.91643E-1 5.52765E-1 5.81753E-1 6.06241E-1 6.13388E-1 6.1701E-1 6.32497E-1 -9999 -9999 6.38308E-1 6.03043E-1 5.98569E-1 1.17793E-1 6.79064E-2 3.24278E-2 2.88996E-2 3.69553E-2 3.74429E-2 4.21346E-2 4.02271E-1 5.05466E-1 5.58314E-1 5.65176E-1 5.6389E-1 6.74641E-1 6.64931E-1 6.50615E-1 6.3805E-1 6.08918E-1 5.92734E-1 5.50285E-1 1.16698E-1 1.15341E-1 9.41134E-2 6.34915E-2 4.68488E-2 3.76262E-2 4.03178E-2 5.18428E-2 6.4444E-2 7.12627E-2 6.31039E-2 6.13247E-2 5.87246E-2 6.01127E-2 7.44146E-2 8.72162E-2 8.33897E-2
-9999 -9999 -9999 -9999 -9999 -9999 -9999 -9999 -9999 -9999 -9999 -9999 -9999 -9999 6.67274E-2 6.33194E-2 6.183E-2 9.45891E-2 9.2993E-2 2.86888E-1 3.94371E-1 4.27104E-1 5.42468E-1 5.00583E-1 4.84459E-1 5.34982E-1 4.8713E-1 4.76979E-1 4.67204E-1 5.20281E-1 -9999 -9999 -9999 5.43729E-1 8.99881E-2 4.73626E-2 2.64998E-2 2.36697E-2 2.61175E-2 4.24881E-2 4.10122E-1 5.5426E-1 6.26851E-1 6.44788E-1 6.12197E-1 5.73481E-1 6.49953E-1 6.18953E-1 5.77339E-1 6.14614E-1 5.77455E-1 5.58554E-1 1.2375E-1 1.1716E-1 1.12169E-1 9.40805E-2 7.21373E-2 5.51664E-2 4.07794E-2 3.15708E-2 2.27173E-2 3.35026E-2 6.15006E-2 8.46992E-2 7.65631E-2 8.08843E-2 9.03977E-2 9.42309E-2 8.37706E-2 8.54636E-2
-9999 -9999 -9999 -9999 -9999 -9999 -9999 -9999 -9999 -9999 -9999 -9999 -9999 -9999 -9999 4.27155E-2 3.3811E-2 2.57321E-2 4.71128E-2 1.18539E-1 2.0862E-1 4.26833E-1 5.28247E-1 5.51394E-1 4.86074E-1 4.4579E-1 4.22741E-1 4.35964E-1 4.52128E-1 -9999 -9999 -9999 4.42891E-1 6.83089E-2 4.32371E-2 2.4416E-2 1.56418E-2 1.55172E-2 2.92198E-2 6.3285E-2 4.95519E-1 5.89799E-1 6.78816E-1 7.17261E-1 6.78414E-1 6.05142E-1 5.36514E-1 6.11354E-1 6.2999E-1 5.495E-1 4.74324E-1 5.67223E-1 5.7611E-1 5.87463E-1 5.94948E-1 1.25039E-1 9.39209E-2 5.74811E-2 4.32066E-2 2.07142E-2 2.48661E-2 5.46729E-2 9.27341E-2 4.91022E-1 4.74384E-1 9.34434E-2 9.14976E-2 8.59837E-2 8.4616E-2 9.78529E-2
-9999 -9999 -9999 -9999 -9999 -9999 -9999 -9999 -9999 -9999 -9999 -9999 -9999 -9999 -9999 -9999 3.1676E-2 2.0591E-2 3.32229E-2 7.28865E-2 1.53037E-1 1.83732E-1 2.79312E-1 3.18807E-1 5.20643E-1 4.58948E-1 4.10237E-1 4.21254E-1 3.57251E-1 -9999 -9999 -9999 4.20253E-2 2.60531E-2 1.90448E-2 1.42316E-2 1.10137E-2 1.59037E-2 2.94539E-2 4.77583E-2 4.40005E-1 6.39116E-1 7.04005E-1 7.26795E-1 7.01383E-1 6.67199E-1 5.88592E-1 5.74783E-1 5.22891E-1 6.02682E-1 6.22656E-1 6.5078E-1 6.89442E-1 6.9682E-1 6.18843E-1 1.08216E-1 8.71832E-2 6.50103E-2 5.32548E-2 7.80022E-2 5.39038E-1 5.78343E-1 5.55491E-1 5.33662E-1 5.11555E-1 8.94619E-2 8.19733E-2 8.06482E-2 8.37899E-2 9.65784E-2
-9999 -9999 -9999 -9999 -9999 -9999 -9999 -9999 -9999 -9999 -9999 -9999 -9999 -9999 -9999 -9999 -9999 4.51403E-2 8.51178E-2 1.15629E-1 1.31113E-1 1.74084E-1 2.44626E-1 2.94558E-1 2.95112E-1 2.50111E-1 4.12052E-1 -9999 -9999 -9999 -9999 -9999 -9999 1.30131E-2 1.07934E-2 8.89977E-3 6.5426E-3 7.96666E-3 1.70023E-2 4.95116E-2 4.78122E-1 6.40108E-1 7.3337E-1 7.14907E-1 6.63669E-1 6.66955E-1 6.62053E-1 6.17487E-1 5.86953E-1 6.92424E-1 7.32927E-1 7.41984E-1 7.46351E-1 6.55749E-1 5.84495E-1 6.20029E-1 6.66898E-1 6.87126E-1 6.67376E-1 6.85419E-1 6.67585E-1 6.46249E-1 5.97118E-1 5.4055E-1 5.22355E-1 8.73927E-2 7.8132E-2 7.47947E-2 8.31844E-2 9.26439E-2
-9999 -9999 -9999 -9999 -9999 -9999 -9999 -9999 -9999 -9999 -9999 -9999 -9999 -9999 -9999 -9999 -9999 -9999 1.34819E-1 1.03749E-1 6.4396E-2 1.52749E-1 2.12944E-1 3.34422E-1 3.57377E-1 -9999 -9999 -9999 -9999 -9999 -9999 -9999 -9999 6.43364E-3 4.59437E-3 3.87016E-3 3.16196E-3 4.31416E-3 1.37066E-2 4.38177E-2 5.04265E-1 7.13244E-1 7.28124E-1 7.09754E-1 6.63353E-1 6.43044E-1 6.40477E-1 5.89102E-1 5.85045E-1 6.66114E-1 7.02619E-1 7.08468E-1 7.24324E-1 7.82203E-1 7.53045E-1 7.85914E-1 7.94046E-1 7.85596E-1 7.58057E-1 7.46712E-1 6.995E-1 6.65265E-1 5.98144E-1 5.23704E-1 5.50387E-1 1.13289E-1 9.27543E-2 9.77023E-2 9.03839E-2 9.08275E-2
-9999 -9999 -9999 -9999 -9999 -9999 -9999 -9999 -9999 -9999 -9999 -9999 -9999 -9999 -9999 -9999 -9999 -9999 -9999 -9999 3.21847E-2 7.51095E-2 -9999 -9999 -9999 -9999 -9999 -9999 -9999 -9999 -9999 -9999 -9999 -9999 1.9716E-3 1.28232E-3 1.2464E-3 2.83957E-3 1.11311E-2 3.06578E-2 4.46012E-1 5.54747E-1 5.64832E-1 5.96669E-1 6.51791E-1 6.2711E-1 5.72608E-1 5.76239E-1 5.73828E-1 6.6571E-1 6.79879E-1 6.53632E-1 6.49161E-1 6.99646E-1 7.33036E-1 7.4693E-1 7.72337E-1 7.4366E-1 7.53207E-1 7.30271E-1 6.95384E-1 6.68096E-1 6.23921E-1 6.20822E-1 5.77687E-1 1.33693E-1 1.19482E-1 1.26642E-1 1.13985E-1 1.01285E-1
-9999 -9999 -9999 -9999 -9999 -9999 -9999 -9999 -9999 -9999 -9999 -9999 -9999 -9999 -9999 -9999 -9999 -9999 -9999 -9999 -9999 -9999 -9999 -9999 -9999 -9999 -9999 -9999 -9999 -9999 -9999 -9999 -9999 2.1859E-3 1.12987E-3 6.76092E-4 1.15189E-3 3.61891E-3 1.44279E-2 4.64315E-2 5.78927E-1 5.75475E-1 5.9182E-1 6.05847E-1 5.05083E-1 6.24183E-1 5.81852E-1 5.73348E-1 5.67138E-1 6.04819E-1 5.80045E-1 5.57704E-1 5.22651E-1 5.32694E-1 5.91588E-1 6.81514E-1 7.05379E-1 7.06772E-1 6.89937E-1 6.82768E-1 6.12573E-1 6.13945E-1 6.15971E-1 6.29893E-1 1.51069E-1 1.38661E-1 1.28312E-1 1.2773E-1 1.11372E-1 8.7326E-2
-9999 -9999 -9999 -9999 -9999 -9999 -9999 -9999 -9999 -9999 -9999 -9999 -9999 -9999 -9999 -9999 -9999 -9999 -9999 -9999 -9999 -9999 -9999 -9999 -9999 -9999 -9999 -9999 -9999 -9999 -9999 -9999 -9999 7.8173E-4 9.51766E-4 5.18521E-4 1.17302E-3 5.25306E-3 2.10427E-2 3.29713E-1 5.44815E-1 5.61071E-1 5.92622E-1 6.22756E-1 5.1193E-1 5.91662E-1 5.58671E-1 5.35142E-1 5.75771E-1 5.36316E-1 5.3787E-1 5.37848E-1 4.72389E-1 4.73861E-1 4.67473E-1 5.44509E-1 6.11261E-1 5.93408E-1 5.85622E-1 5.57452E-1 5.31968E-1 5.41198E-1 5.6561E-1 1.31349E-1 9.6831E-2 9.32745E-2 1.01316E-1 1.13521E-1 1.05472E-1 8.23313E-2
-9999 -9999 -9999 -9999 -9999 -9999 -9999 -9999 -9999 -9999 -9999 -9999 -9999 -9999 -9999 -9999 -9999 -9999 -9999 -9999 -9999 -9999 -9999 -9999 -9999 -9999 -9999 -9999 -9999 -9999 -9999 -9999 1.2158E-3 7.06764E-4 6.59904E-4 5.25421E-4 1.03569E-3 6.13839E-3 3.21095E-2 4.5659E-1 4.47994E-1 5.6632E-1 5.96409E-1 6.15753E-1 5.59372E-1 4.31698E-1 5.19555E-1 5.75176E-1 5.69806E-1 5.82655E-1 5.86415E-1 4.68589E-1 4.96853E-1 5.00493E-1 5.09934E-1 4.72291E-1 4.85122E-1 4.9805E-1 9.07616E-2 8.98542E-2 9.51101E-2 1.14211E-1 1.20801E-1 1.28268E-1 1.05957E-1 9.03258E-2 7.80365E-2 8.17759E-2 9.32131E-2 8.73563E-2
-9999 -9999 -9999 -9999 -9999 -9999 -9999 -9999 -9999 -9999 -9999 -9999 -9999 -9999 -9999 -9999 -9999 -9999 -9999 -9999 -9999 -9999 -9999 -9999 -9999 -9999 -9999 -9999 -9999 -9999 -9999 -9999 6.74289E-4 3.80014E-4 1.69375E-4 3.45926E-4 6.2673E-4 4.47548E-3 3.5255E-2 5.44713E-1 5.68377E-1 5.90103E-1 6.05191E-1 6.15904E-1 5.39612E-1 4.54543E-1 5.49072E-1 5.82932E-1 5.84424E-1 5.9022E-1 6.10491E-1 5.03645E-1 5.51408E-1 5.37115E-1 5.44109E-1 4.99469E-1 5.08202E-1 9.66381E-2 7.74368E-2 7.45503E-2 8.62613E-2 9.51564E-2 1.19505E-1 1.23971E-1 1.21786E-1 1.09635E-1 8.68724E-2 7.71747E-2 7.12941E-2 8.16012E-2
-9999 -9999 -9999 -9999 -9999 -9999 -9999 -9999 -9999 -9999 -9999 -9999 -9999 -9999 -9999 -9999 -9999 -9999 -9999 -9999 -9999 -9999 -9999 -9999 -9999 -9999 -9999 -9999 -9999 -9999 -9999 -9999 5.30025E-4 2.12837E-4 7.81152E-5 1.06363E-4 2.27212E-4 1.47395E-3 2.1029E-2 4.55467E-1 5.49152E-1 6.03903E-1 6.16972E-1 6.21604E-1 5.66055E-1 5.23825E-1 6.80757E-1 6.41856E-1 6.27119E-1 6.36021E-1 5.99753E-1 5.96146E-1 5.92014E-1 5.71062E-1 5.57364E-1 5.4074E-1 5.25059E-1 1.01199E-1 8.89687E-2 8.13735E-2 8.33442E-2 1.26044E-1 1.24138E-1 1.32206E-1 1.19006E-1 1.12102E-1 9.47361E-2 9.02238E-2 7.07298E-2 8.36041E-2
-9999 -9999 -9999 -9999 -9999 -9999 -9999 -9999 -9999 -9999 -9999 -9999 -9999 -9999 -9999 -9999 -9999 -9999 -9999 -9999 -9999 -9999 -9999 -9999 -9999 -9999 -9999 -9999 -9999 -9999 -9999 -9999 3.63294E-4 1.60649E-4 5.83485E-5 4.57545E-5 1.05097E-4 2.17406E-4 5.82188E-3 3.24874E-2 4.89804E-1 5.76166E-1 6.13645E-1 6.31215E-1 5.94033E-1 5.11202E-1 4.80995E-1 5.31022E-1 5.42209E-1 6.3851E-1 6.4788E-1 6.40135E-1 6.41365E-1 6.05678E-1 5.8558E-1 5.80803E-1 5.66838E-1 1.16266E-1 1.04279E-1 8.67311E-2 8.30155E-2 8.74181E-2 1.17806E-1 1.08634E-1 8.52955E-2 7.45815E-2 9.46595E-2 1.01839E-1 9.72949E-2 8.52018E-2
-9999 -9999 -9999 -9999 -9999 -9999 -9999 -9999 -9999 -9999 -9999 -9999 -9999 -9999 -9999 -9999 -9999 -9999 -9999 -9999 -9999 -9999 -9999 -9999 -9999 -9999 -9999 -9999 -9999 -9999 -9999 -9999 6.3882E-4 1.33379E-4 5.59905E-5 3.67571E-5 1.48443E-4 4.41646E-4 3.76902E-3 3.34186E-2 5.12124E-1 5.76166E-1 6.15498E-1 6.24206E-1 6.42857E-1 5.9751E-1 5.34284E-1 6.48957E-1 6.87984E-1 6.64679E-1 6.56677E-1 6.46691E-1 6.38721E-1 6.45416E-1 6.30891E-1 6.09197E-1 5.8602E-1 1.35283E-1 1.07558E-1 9.82232E-2 9.04443E-2 8.17159E-2 7.68965E-2 8.1219E-2 8.7582E-2 7.95662E-2 7.00002E-2 6.91898E-2 5.14302E-2 5.05647E-2
-9999 -9999 -9999 -9999 -9999 -9999 -9999 -9999 -9999 -9999 -9999 -9999 -9999 -9999 -9999 -9999 -9999 -9999 -9999 -9999 -9999 -9999 -9999 -9999 -9999 -9999 -9999 -9999 -9999 -9999 -9999 -9999 -9999 1.19629E-4 6.47696E-5 4.88947E-5 2.87754E-4 9.40539E-4 4.92232E-3 2.27702E-2 3.60324E-1 5.3677E-1 5.90531E-1 7.08516E-1 7.27044E-1 6.99352E-1 5.96611E-1 5.10267E-1 6.07849E-1 6.9108E-1 6.88417E-1 6.80329E-1 6.62078E-1 6.42217E-1 6.37013E-1 6.27088E-1 6.20424E-1 1.59951E-1 1.34729E-1 1.1436E-1 9.22358E-2 8.13582E-2 8.56862E-2 8.12712E-2 7.88242E-2 7.42966E-2 7.15002E-2 6.63802E-2 5.43013E-2 5.04514E-2
-9999 -9999 -9999 -9999 -9999 -9999 -9999 -9999 -9999 -9999 -9999 -9999 -9999 -9999 -9999 -9999 -9999 -9999 -9999 -9999 -9999 -9999 -9999 -9999 -9999 -9999 -9999 -9999 -9999 -9999 -9999 -9999 -9999 1.05588E-4 9.64704E-5 5.9079E-5 2.6291E-4 9.20159E-4 6.31412E-3 3.11128E-1 3.87451E-1 5.48283E-1 5.84998E-1 7.01885E-1 7.1071E-1 7.16238E-1 5.32251E-1 5.01772E-1 5.8586E-1 6.92872E-1 6.80121E-1 6.77217E-1 6.65726E-1 6.5256E-1 6.26173E-1 6.15458E-1 6.27534E-1 5.02854E-1 1.52093E-1 1.37219E-1 1.18675E-1 8.66236E-2 7.94122E-2 8.23769E-2 8.14987E-2 8.23398E-2 7.56146E-2 8.79273E-2 8.47085E-2 6.52954E-2
