KUENM_DEFAULT/Final_Models/M_1_F_lqpth_Set_1_NE/sp1_1.asc
ncols         197
nrows         210
xllcorner     56.1666666666667
yllcorner     4.5
cellsize      0.166666666666667
NODATA_value  -9999
[rows 56 to 83 of 210, columns 0 to 64 of 197]
-9999 -9999 -9999 -9999 -9999 -9999 -9999 -9999 -9999 -9999 -9999 3.58535E-3 3.57421E-3 3.36589E-3 3.03952E-3 3.09472E-3 2.97175E-3 3.27593E-3 2.41444E-3 2.32774E-3 2.25672E-3 1.85955E-3 1.46894E-3 1.10118E-3 1.2377E-3 1.40094E-3 1.14519E-3 1.64E-3 1.99724E-3 2.51925E-3 2.45174E-3 2.51548E-3 2.41271E-3 2.3035E-3 2.08996E-3 2.08956E-3 2.09477E-3 2.1505E-3 2.17075E-3 2.26578E-3 2.2631E-3 2.439E-3 2.41072E-3 1.9082E-3 2.15466E-3 2.02214E-3 2.38625E-3 2.81083E-3 2.74597E-3 3.44486E-3 4.07911E-3 4.43597E-3 5.54032E-3 5.91833E-3 7.94917E-3 8.81988E-3 1.02019E-2 1.21026E-2 1.3561E-2 1.42074E-2 1.1785E-2 1.13916E-2 1.04588E-2 1.01701E-2 8.15774E-3
-9999 -9999 -9999 -9999 -9999 -9999 -9999 -9999 -9999 -9999 2.40191E-3 2.87015E-3 3.53482E-3 3.10226E-3 3.07737E-3 2.93384E-3 3.14476E-3 2.84268E-3 2.83562E-3 2.7628E-3 2.29696E-3 2.19595E-3 1.62702E-3 1.33591E-3 1.32952E-3 1.53117E-3 1.27098E-3 1.29547E-3 1.96107E-3 2.3678E-3 2.74186E-3 2.58895E-3 2.549E-3 2.50677E-3 2.35906E-3 2.42181E-3 2.38522E-3 3.00072E-3 2.38504E-3 2.27437E-3 2.1102E-3 2.19349E-3 1.84258E-3 1.95316E-3 1.83173E-3 1.90539E-3 2.20272E-3 2.17384E-3 2.51861E-3 3.15981E-3 4.07911E-3 4.11429E-3 5.28912E-3 5.87027E-3 7.17588E-3 8.43436E-3 9.81091E-3 1.15976E-2 1.14823E-2 1.18833E-2 9.37272E-3 1.04652E-2 9.87425E-3 7.91739E-3 7.39938E-3
-9999 -9999 -9999 -9999 -9999 -9999 -9999 -9999 -9999 2.09705E-3 2.02444E-3 2.79448E-3 3.24733E-3 3.0828E-3 3.17765E-3 3.16247E-3 3.08091E-3 3.00781E-3 2.99845E-3 2.95469E-3 2.37224E-3 2.00519E-3 1.40717E-3 1.38035E-3 1.28469E-3 1.44901E-3 1.44517E-3 1.27367E-3 1.68806E-3 2.03488E-3 2.38359E-3 2.94985E-3 2.73743E-3 2.74305E-3 2.43095E-3 2.49828E-3 2.5197E-3 2.39968E-3 2.28545E-3 2.05309E-3 2.09888E-3 1.73778E-3 1.76961E-3 1.56546E-3 1.71342E-3 1.60686E-3 1.89509E-3 2.1553E-3 2.64146E-3 2.83881E-3 3.21835E-3 4.03956E-3 4.86475E-3 6.15353E-3 6.5175E-3 8.21028E-3 1.00219E-2 1.08559E-2 1.14742E-2 1.13885E-2 8.94747E-3 8.83604E-3 6.08444E-3 6.33395E-3 5.48705E-3
-9999 -9999 -9999 -9999 -9999 -9999 -9999 -9999 2.41254E-3 2.21497E-3 1.97325E-3 2.20016E-3 2.34445E-3 3.13936E-3 3.01978E-3 2.96864E-3 3.00648E-3 2.93084E-3 3.00101E-3 2.95723E-3 3.06255E-3 2.57281E-3 1.54518E-3 1.19015E-3 1.33867E-3 1.36664E-3 1.28743E-3 1.32949E-3 1.63049E-3 1.47987E-3 1.71311E-3 2.41042E-3 2.97092E-3 2.93065E-3 2.74197E-3 2.58128E-3 2.26136E-3 2.2666E-3 2.05041E-3 2.05668E-3 1.99385E-3 1.63792E-3 1.43976E-3 1.38573E-3 1.42952E-3 1.55204E-3 1.64922E-3 1.87434E-3 2.13895E-3 2.35217E-3 2.75725E-3 3.77187E-3 5.05619E-3 5.44157E-3 6.85614E-3 7.72213E-3 8.87759E-3 1.0462E-2 1.02696E-2 1.19175E-2 8.40388E-3 6.77504E-3 4.96104E-3 4.4204E-3 3.8452E-3
-9999 -9999 -9999 -9999 -9999 -9999 -9999 2.84449E-3 2.46636E-3 2.3313E-3 2.08112E-3 1.91516E-3 1.95738E-3 2.23078E-3 2.76982E-3 2.75469E-3 2.92164E-3 3.00173E-3 3.26284E-3 3.23086E-3 3.35725E-3 3.08296E-3 2.01449E-3 1.52109E-3 1.46189E-3 1.4521E-3 1.22715E-3 1.43332E-3 1.61716E-3 1.59278E-3 1.48326E-3 1.69109E-3 2.58421E-3 2.9397E-3 2.67077E-3 2.39902E-3 2.23221E-3 2.23776E-3 1.88381E-3 1.86985E-3 1.90576E-3 1.59615E-3 1.44939E-3 1.24757E-3 1.44343E-3 1.43167E-3 1.55564E-3 1.75274E-3 1.95161E-3 2.47302E-3 2.87696E-3 4.11243E-3 4.75122E-3 5.06548E-3 6.22422E-3 7.59544E-3 7.77145E-3 8.92682E-3 1.02652E-2 8.8495E-3 6.20836E-3 4.31476E-3 3.96558E-3 2.99509E-3 3.34488E-3
-9999 -9999 -9999 -9999 -9999 -9999 3.7954E-3 2.92558E-3 2.95443E-3 2.46764E-3 2.177E-3 1.99413E-3 1.93708E-3 2.28914E-3 2.29754E-3 2.83251E-3 2.96284E-3 3.20283E-3 3.2782E-3 3.58931E-3 3.52583E-3 3.09738E-3 2.67324E-3 1.89209E-3 1.64735E-3 1.63682E-3 1.37178E-3 1.34256E-3 1.27487E-3 1.67502E-3 1.99606E-3 1.50473E-3 2.00625E-3 2.35548E-3 2.24661E-3 1.91946E-3 2.26205E-3 1.71285E-3 1.50853E-3 1.216E-3 1.58466E-3 1.95131E-3 1.70573E-3 1.59226E-3 1.71527E-3 1.65141E-3 1.65199E-3 1.74466E-3 2.35462E-3 2.68763E-3 3.08024E-3 3.72936E-3 4.49545E-3 4.76945E-3 5.6327E-3 6.8105E-3 7.77698E-3 7.76717E-3 8.29964E-3 6.58756E-3 5.14261E-3 3.18399E-3 2.82918E-3 2.46804E-3 2.60055E-3
-9999 -9999 -9999 -9999 -9999 -9999 3.54546E-3 3.86915E-3 3.80567E-3 2.70162E-3 2.53664E-3 2.00976E-3 1.89865E-3 2.16927E-3 2.32295E-3 2.56331E-3 3.08522E-3 3.31765E-3 3.58579E-3 3.91613E-3 3.36721E-3 3.65665E-3 2.90232E-3 1.71956E-3 2.01778E-3 1.81957E-3 1.75052E-3 1.42115E-3 1.29389E-3 1.56089E-3 2.24153E-3 2.48513E-3 2.35152E-3 2.4829E-3 2.26083E-3 2.14287E-3 1.92582E-3 1.72722E-3 1.63249E-3 1.37114E-3 1.52459E-3 2.16702E-3 2.28079E-3 1.94232E-3 2.10761E-3 1.86252E-3 2.15372E-3 2.36151E-3 2.22773E-3 2.57412E-3 2.98431E-3 3.54071E-3 4.34787E-3 4.9184E-3 5.02845E-3 6.02757E-3 6.06794E-3 6.48646E-3 6.70528E-3 5.53678E-3 3.1577E-3 2.61234E-3 1.97154E-3 1.99373E-3 2.33289E-3
-9999 -9999 -9999 -9999 -9999 3.63898E-3 3.31865E-3 3.14143E-3 3.19736E-3 2.62971E-3 2.81218E-3 2.70382E-3 2.11638E-3 2.05092E-3 2.71514E-3 2.56785E-3 2.91444E-3 3.08881E-3 3.96615E-3 3.53869E-3 3.79893E-3 3.94502E-3 4.06821E-3 2.3321E-3 1.92707E-3 2.04188E-3 1.87671E-3 1.45737E-3 1.38363E-3 1.66475E-3 2.32391E-3 2.88668E-3 3.24252E-3 2.89401E-3 2.65521E-3 2.98296E-3 2.80551E-3 2.38413E-3 2.12833E-3 2.01486E-3 2.22661E-3 2.28279E-3 2.41087E-3 2.47086E-3 2.1858E-3 2.38502E-3 2.31689E-3 2.41064E-3 2.70223E-3 2.66038E-3 3.03627E-3 3.32517E-3 4.03177E-3 4.09945E-3 4.34072E-3 5.1086E-3 5.74111E-3 6.17886E-3 5.59095E-3 3.8229E-3 2.88711E-3 2.44149E-3 1.85203E-3 2.02296E-3 2.83818E-3
-9999 -9999 -9999 -9999 4.65192E-3 4.30049E-3 3.90721E-3 3.32074E-3 3.51783E-3 3.61767E-3 2.95431E-3 3.47566E-3 2.75969E-3 2.36242E-3 2.44545E-3 3.08663E-3 3.23058E-3 3.6102E-3 3.63051E-3 4.06957E-3 4.18327E-3 4.62959E-3 3.96227E-3 2.60707E-3 2.15129E-3 2.25554E-3 1.8444E-3 1.44481E-3 1.34343E-3 1.52482E-3 1.73097E-3 2.02847E-3 2.79899E-3 3.33727E-3 2.98188E-3 3.43597E-3 3.15793E-3 2.90823E-3 3.25195E-3 3.08363E-3 3.16241E-3 3.19795E-3 2.7591E-3 2.88862E-3 2.93491E-3 2.65809E-3 2.85677E-3 2.60022E-3 2.65499E-3 2.67056E-3 2.98972E-3 2.84708E-3 2.90375E-3 3.36141E-3 3.98708E-3 4.98999E-3 6.60928E-3 6.52854E-3 4.71299E-3 3.35471E-3 3.12974E-3 2.60796E-3 2.10852E-3 2.58433E-3 2.75866E-3
-9999 -9999 -9999 -9999 5.3007E-3 4.52018E-3 4.28226E-3 3.73015E-3 4.34305E-3 8.22855E-3 3.583E-3 3.08494E-3 3.56751E-3 2.74987E-3 2.50241E-3 2.93719E-3 3.76799E-3 4.02439E-3 4.24236E-3 4.61777E-3 4.73863E-3 4.2498E-3 4.52448E-3 3.6259E-3 2.41622E-3 2.59154E-3 2.39718E-3 1.90685E-3 1.69242E-3 1.30657E-3 1.69354E-3 2.14024E-3 2.63396E-3 4.07658E-3 3.57672E-3 3.28292E-3 3.70175E-3 3.28349E-3 3.13829E-3 3.76732E-3 3.62475E-3 2.90994E-3 3.04742E-3 3.15112E-3 3.20347E-3 2.77054E-3 3.03588E-3 2.44823E-3 2.11729E-3 2.32604E-3 2.57125E-3 2.99484E-3 3.29258E-3 4.28799E-3 5.30951E-3 5.40682E-3 6.06446E-3 5.42301E-3 4.26808E-3 3.67004E-3 3.5766E-3 2.66423E-3 2.42933E-3 3.85797E-3 4.01988E-3
-9999 -9999 -9999 5.67143E-3 5.66639E-3 5.24261E-3 4.73066E-3 7.46972E-3 8.14754E-3 8.42122E-3 8.18803E-3 3.92322E-3 3.03688E-3 3.24389E-3 2.72383E-3 3.10934E-3 3.87798E-3 4.11557E-3 4.04483E-3 4.2772E-3 4.67619E-3 4.29752E-3 4.06661E-3 4.30581E-3 3.42582E-3 2.91749E-3 2.90951E-3 2.61682E-3 2.30326E-3 2.23306E-3 2.15708E-3 2.54392E-3 1.95289E-3 2.68708E-3 4.21257E-3 3.8213E-3 3.72987E-3 3.93907E-3 3.61981E-3 3.46292E-3 3.5501E-3 3.5288E-3 3.50158E-3 3.4703E-3 3.68145E-3 3.05228E-3 3.13098E-3 2.65653E-3 2.92802E-3 3.20743E-3 3.46808E-3 4.07336E-3 4.08683E-3 4.79539E-3 5.40017E-3 5.26962E-3 5.34885E-3 5.25904E-3 3.87501E-3 4.33661E-3 4.07642E-3 3.37118E-3 5.29616E-3 5.96829E-3 6.06499E-3
-9999 -9999 -9999 1.14638E-2 6.14087E-3 9.70658E-3 1.00163E-2 1.11527E-2 1.01221E-2 1.04767E-2 9.05616E-3 7.72733E-3 6.78708E-3 3.54011E-3 3.66038E-3 3.61604E-3 3.47463E-3 3.84091E-3 3.66681E-3 3.94688E-3 4.62254E-3 4.72432E-3 3.83434E-3 4.22152E-3 4.36261E-3 3.27958E-3 3.09697E-3 3.00374E-3 2.90854E-3 2.76279E-3 2.7388E-3 2.96292E-3 2.05157E-3 2.13546E-3 2.83371E-3 3.30544E-3 3.8469E-3 4.01527E-3 4.42555E-3 4.25075E-3 4.12198E-3 4.19339E-3 4.06588E-3 3.95933E-3 3.27418E-3 3.42839E-3 3.59411E-3 3.66941E-3 3.24835E-3 3.53212E-3 3.74457E-3 4.04164E-3 4.42675E-3 5.00745E-3 5.4989E-3 5.26354E-3 5.70818E-3 4.87836E-3 4.18704E-3 4.50743E-3 4.37453E-3 4.65631E-3 6.43467E-3 5.99057E-3 8.89419E-3
-9999 -9999 -9999 1.34348E-2 1.1073E-2 1.23765E-2 1.41169E-2 1.21184E-2 1.02738E-2 1.06967E-2 1.12387E-2 1.00764E-2 8.99201E-3 8.41174E-3 7.87689E-3 7.76943E-3 3.80497E-3 4.12521E-3 4.18933E-3 3.63742E-3 4.55282E-3 4.70563E-3 3.26271E-3 3.48759E-3 4.42741E-3 3.3522E-3 3.09242E-3 3.42559E-3 3.4925E-3 3.31064E-3 3.18527E-3 3.11769E-3 2.37505E-3 1.99238E-3 2.58373E-3 2.57661E-3 3.6237E-3 4.3609E-3 4.187E-3 4.96154E-3 4.76267E-3 4.35163E-3 3.67737E-3 3.57314E-3 3.67809E-3 3.77781E-3 3.8144E-3 4.24399E-3 3.99163E-3 4.08417E-3 4.41682E-3 4.01856E-3 4.65507E-3 4.93444E-3 4.64963E-3 4.8782E-3 4.61546E-3 4.48434E-3 4.40446E-3 4.57418E-3 5.03631E-3 6.08322E-3 8.60496E-3 1.15452E-2 1.32053E-2
-9999 -9999 1.49537E-2 1.70202E-2 1.68949E-2 1.6471E-2 1.66626E-2 1.43729E-2 1.27557E-2 1.30166E-2 1.35123E-2 1.22679E-2 1.20071E-2 1.0806E-2 1.02323E-2 1.004E-2 9.57867E-3 8.60449E-3 9.28218E-3 5.61744E-3 5.40021E-3 5.16478E-3 4.63688E-3 4.29747E-3 6.33599E-3 4.36099E-3 4.06391E-3 4.30744E-3 4.02921E-3 3.93316E-3 3.18396E-3 3.40108E-3 3.30316E-3 2.78845E-3 2.65565E-3 2.31844E-3 3.07578E-3 3.36046E-3 4.24163E-3 4.65781E-3 4.77854E-3 4.21598E-3 4.78018E-3 4.566E-3 4.47696E-3 4.40908E-3 4.29925E-3 3.90212E-3 4.45887E-3 4.34237E-3 3.94799E-3 4.35473E-3 4.90661E-3 4.55934E-3 4.15024E-3 4.38587E-3 3.97602E-3 4.68185E-3 4.44601E-3 4.57759E-3 5.41109E-3 6.5804E-3 1.00531E-2 8.10265E-3 1.69853E-2
-9999 -9999 2.25754E-2 2.04143E-2 2.07997E-2 2.06217E-2 1.97451E-2 1.66361E-2 1.43825E-2 1.39747E-2 1.41676E-2 1.5217E-2 1.44131E-2 1.33649E-2 1.26198E-2 1.46716E-2 1.41315E-2 1.41812E-2 1.2681E-2 1.27238E-2 6.7189E-3 7.15337E-3 7.55832E-3 8.29058E-3 8.61198E-3 6.66034E-3 5.82022E-3 5.48406E-3 5.06704E-3 4.2246E-3 3.39993E-3 4.04241E-3 4.04739E-3 4.00794E-3 3.59109E-3 2.40725E-3 3.11405E-3 3.43934E-3 4.22441E-3 4.79482E-3 4.50449E-3 4.48595E-3 4.51545E-3 4.81548E-3 4.57466E-3 4.03171E-3 3.97625E-3 4.37974E-3 4.5855E-3 4.63758E-3 4.27578E-3 4.66532E-3 4.18133E-3 4.37966E-3 4.02175E-3 3.59696E-3 3.93198E-3 4.70313E-3 4.84038E-3 5.60846E-3 7.28184E-3 7.2874E-3 1.08772E-2 1.86389E-2 1.85464E-2
-9999 -9999 2.97749E-2 2.621E-2 2.79812E-2 2.3034E-2 2.13305E-2 2.04184E-2 1.72795E-2 1.49698E-2 1.66349E-2 1.54833E-2 1.60554E-2 1.70051E-2 1.54643E-2 1.53909E-2 1.51634E-2 1.48562E-2 1.48655E-2 1.6516E-2 1.66412E-2 1.58537E-2 1.01526E-2 1.11231E-2 1.11866E-2 9.45014E-3 8.94898E-3 7.77789E-3 6.79767E-3 5.09954E-3 4.31881E-3 4.03609E-3 5.18745E-3 4.8163E-3 3.92117E-3 4.08718E-3 3.27189E-3 3.61845E-3 4.14834E-3 4.73121E-3 4.56733E-3 4.2567E-3 4.4935E-3 4.69395E-3 4.39556E-3 4.63585E-3 4.6542E-3 4.53232E-3 3.80665E-3 4.06909E-3 3.8283E-3 4.05707E-3 3.76736E-3 3.41073E-3 3.63226E-3 3.74983E-3 4.09682E-3 4.91378E-3 5.40393E-3 5.88385E-3 6.60873E-3 6.66418E-3 8.59647E-3 1.24342E-2 1.25322E-2
-9999 2.77669E-2 2.84061E-2 2.61739E-2 2.28478E-2 3.22023E-2 2.85414E-2 2.3043E-2 2.38646E-2 1.91012E-2 1.86663E-2 1.77806E-2 1.66312E-2 1.57313E-2 1.75002E-2 1.74995E-2 1.71761E-2 1.7198E-2 1.84718E-2 1.86969E-2 1.99332E-2 2.0877E-2 2.0132E-2 1.39557E-2 1.36281E-2 1.39776E-2 1.05E-2 1.1583E-2 1.01039E-2 6.1884E-3 4.94743E-3 4.23933E-3 5.42314E-3 5.9734E-3 5.33529E-3 4.27403E-3 4.68575E-3 4.03092E-3 3.75395E-3 4.41685E-3 4.38143E-3 4.07623E-3 3.7615E-3 4.24072E-3 4.55744E-3 4.10709E-3 4.03812E-3 4.01155E-3 3.54725E-3 3.80641E-3 3.46999E-3 3.27181E-3 3.27928E-3 3.72777E-3 3.60734E-3 4.03552E-3 4.49161E-3 5.15885E-3 5.51785E-3 5.60441E-3 6.33662E-3 6.74345E-3 6.56174E-3 1.05008E-2 1.30952E-2
-9999 3.31232E-2 3.23662E-2 3.05003E-2 2.7194E-2 2.39054E-2 3.31725E-2 2.81473E-2 2.31639E-2 2.05733E-2 1.76253E-2 1.87895E-2 1.7455E-2 1.88813E-2 1.80295E-2 1.72189E-2 1.94524E-2 1.96656E-2 1.99143E-2 2.09062E-2 1.98857E-2 2.1473E-2 2.24477E-2 2.43504E-2 1.73702E-2 1.7415E-2 1.71941E-2 1.71622E-2 1.40556E-2 8.55584E-3 6.33383E-3 5.95093E-3 5.05674E-3 5.79808E-3 6.30032E-3 5.75292E-3 5.08985E-3 5.51622E-3 4.59837E-3 3.74574E-3 3.41674E-3 3.53282E-3 3.76754E-3 4.02458E-3 4.52644E-3 4.29058E-3 4.09123E-3 3.62074E-3 3.68893E-3 3.30098E-3 3.70427E-3 4.16025E-3 3.88821E-3 4.14142E-3 4.80487E-3 4.25858E-3 4.52372E-3 5.30496E-3 5.7176E-3 6.55685E-3 6.60014E-3 6.72434E-3 6.74781E-3 8.44915E-3 1.26854E-2
-9999 3.80632E-2 3.52558E-2 3.27516E-2 3.10354E-2 2.63123E-2 3.80531E-2 3.33264E-2 2.43217E-2 1.70986E-2 1.74391E-2 1.71407E-2 1.71219E-2 1.82674E-2 1.85994E-2 1.8842E-2 1.92223E-2 2.03079E-2 1.97195E-2 2.07843E-2 2.2052E-2 2.31583E-2 2.42503E-2 2.38468E-2 2.36591E-2 1.73937E-2 1.91866E-2 1.73433E-2 1.1953E-2 7.89476E-3 6.94978E-3 6.71151E-3 6.5932E-3 6.38661E-3 6.61288E-3 6.81354E-3 6.57302E-3 5.93791E-3 6.04441E-3 5.98507E-3 5.26816E-3 5.54166E-3 5.19787E-3 5.56372E-3 5.05996E-3 4.54984E-3 3.94785E-3 3.76946E-3 4.07346E-3 3.7472E-3 3.91435E-3 3.87511E-3 4.26423E-3 5.37266E-3 5.12948E-3 5.13114E-3 6.2679E-3 5.09139E-3 7.80559E-3 6.49374E-3 6.77057E-3 7.80131E-3 7.73009E-3 9.68983E-3 1.31455E-2
-9999 3.93938E-2 -9999 -9999 3.28499E-2 3.02372E-2 2.53954E-2 3.63491E-2 2.60497E-2 1.93097E-2 1.72903E-2 1.75681E-2 1.62535E-2 1.62479E-2 1.72728E-2 1.71335E-2 1.81207E-2 1.86201E-2 1.96787E-2 1.99651E-2 2.09189E-2 2.0902E-2 2.2549E-2 2.25038E-2 2.4518E-2 2.19452E-2 1.84954E-2 1.11017E-2 1.40063E-2 1.15284E-2 1.16697E-2 1.00266E-2 9.5924E-3 9.56194E-3 6.8857E-3 6.89584E-3 7.05632E-3 6.77914E-3 6.06567E-3 5.25761E-3 5.72702E-3 5.44332E-3 5.97722E-3 5.45172E-3 5.18894E-3 4.72255E-3 4.47525E-3 4.54364E-3 3.84829E-3 4.3662E-3 4.39926E-3 4.95237E-3 4.88332E-3 5.1523E-3 5.87475E-3 6.82024E-3 6.11879E-3 8.48168E-3 7.35463E-3 7.83976E-3 7.3473E-3 8.43297E-3 9.71618E-3 1.06887E-2 1.30913E-2
-9999 3.88737E-2 -9999 -9999 -9999 3.25536E-2 4.37265E-2 3.64363E-2 2.54066E-2 1.90222E-2 1.99122E-2 1.89439E-2 1.74171E-2 1.73424E-2 1.63551E-2 1.66013E-2 1.72183E-2 1.79004E-2 1.95909E-2 1.6851E-2 1.8166E-2 1.95801E-2 2.02766E-2 1.97831E-2 1.78047E-2 1.72791E-2 1.3413E-2 1.24137E-2 1.28747E-2 1.5729E-2 1.61733E-2 1.61397E-2 1.4599E-2 1.4303E-2 1.5076E-2 1.65588E-2 1.37067E-2 1.04944E-2 6.88386E-3 6.84595E-3 6.35206E-3 5.70958E-3 6.24153E-3 5.61472E-3 6.42825E-3 5.91785E-3 5.37396E-3 4.72175E-3 4.89087E-3 4.55477E-3 7.08892E-3 8.02028E-3 5.68373E-3 6.28883E-3 8.82692E-3 7.5641E-3 8.80182E-3 1.09047E-2 7.64012E-3 1.0409E-2 8.78551E-3 1.42423E-2 9.95808E-3 1.29845E-2 1.74635E-2
-9999 -9999 -9999 -9999 -9999 1.54903E-2 4.52194E-2 3.80425E-2 3.03992E-2 2.12611E-2 2.27549E-2 2.0889E-2 2.15782E-2 1.83883E-2 1.9569E-2 1.90086E-2 1.82989E-2 1.77939E-2 1.64881E-2 1.74633E-2 1.87109E-2 1.82803E-2 1.60684E-2 1.60799E-2 1.47447E-2 1.4356E-2 1.74659E-2 2.00041E-2 1.6689E-2 1.48255E-2 1.85146E-2 1.54827E-2 1.48875E-2 1.69516E-2 1.90716E-2 2.06867E-2 2.35009E-2 1.84247E-2 1.04673E-2 8.63759E-3 7.72321E-3 7.02091E-3 7.0389E-3 6.87028E-3 6.27064E-3 6.12968E-3 5.92642E-3 8.15618E-3 9.0477E-3 8.56216E-3 8.74628E-3 9.43958E-3 1.07939E-2 1.14014E-2 1.4081E-2 1.1044E-2 1.13198E-2 1.39865E-2 1.41099E-2 1.49563E-2 1.93701E-2 2.74623E-2 1.75797E-2 1.84455E-2 2.41999E-2
-9999 6.80902E-2 6.17166E-2 -9999 -9999 1.52939E-2 1.37629E-2 1.86945E-2 2.84127E-2 2.63897E-2 2.46862E-2 2.28882E-2 2.09739E-2 2.04245E-2 2.23786E-2 2.09652E-2 2.10494E-2 2.10003E-2 2.06609E-2 2.0244E-2 2.09183E-2 2.03951E-2 1.93675E-2 2.0201E-2 1.89617E-2 2.02905E-2 1.95305E-2 2.23109E-2 2.00565E-2 2.06317E-2 2.44984E-2 2.34607E-2 2.44877E-2 2.64673E-2 2.5843E-2 2.66478E-2 3.07165E-2 2.01688E-2 1.71326E-2 1.82187E-2 1.60938E-2 9.74012E-3 9.00382E-3 1.30345E-2 1.27375E-2 1.18519E-2 1.10039E-2 1.17802E-2 1.10643E-2 1.13313E-2 1.03502E-2 1.01624E-2 1.42404E-2 1.62162E-2 1.85001E-2 2.11764E-2 2.4223E-2 2.93425E-2 1.97168E-2 2.89914E-2 3.54729E-2 3.89294E-2 2.38032E-2 3.40349E-2 3.53042E-2
6.59222E-2 6.28754E-2 6.32871E-2 -9999 -9999 1.52596E-2 1.37324E-2 1.87736E-2 2.99144E-2 1.40779E-2 1.18178E-2 1.13974E-2 2.25302E-2 2.47254E-2 2.36077E-2 2.24033E-2 2.30617E-2 2.4508E-2 2.39887E-2 2.36505E-2 2.42632E-2 2.37304E-2 2.18001E-2 2.17401E-2 2.21753E-2 2.23083E-2 2.33927E-2 2.45644E-2 2.46983E-2 2.63738E-2 2.74454E-2 3.33277E-2 3.18938E-2 3.42893E-2 4.07913E-2 3.85048E-2 3.88231E-2 3.17217E-2 2.39588E-2 2.43344E-2 2.18175E-2 2.27191E-2 1.8801E-2 1.75656E-2 1.54654E-2 1.36381E-2 1.331E-2 1.28032E-2 1.28725E-2 1.1205E-2 1.35937E-2 1.46985E-2 1.57496E-2 1.66369E-2 2.22095E-2 2.4804E-2 2.85447E-2 3.86371E-2 3.86746E-2 4.40874E-2 3.60401E-2 3.64226E-2 4.06609E-2 4.40893E-2 5.65482E-2
6.30851E-2 8.15362E-2 -9999 -9999 -9999 -9999 1.33371E-2 1.89064E-2 1.5102E-2 1.46361E-2 1.38332E-2 1.1603E-2 1.14017E-2 1.07677E-2 1.14508E-2 1.06136E-2 1.17068E-2 1.09466E-2 1.1103E-2 2.39719E-2 2.42959E-2 2.42903E-2 2.45327E-2 2.45264E-2 2.42932E-2 2.53464E-2 2.44574E-2 2.42524E-2 2.5984E-2 2.89698E-2 2.95491E-2 3.28267E-2 3.67769E-2 3.86122E-2 5.0419E-2 4.67615E-2 4.22722E-2 2.155E-2 2.10452E-2 1.81756E-2 1.75153E-2 1.699E-2 2.19453E-2 2.0896E-2 1.7953E-2 1.53399E-2 1.49642E-2 1.49524E-2 1.44531E-2 1.51613E-2 1.55118E-2 1.62127E-2 1.72829E-2 2.02425E-2 2.45001E-2 2.94864E-2 2.73727E-2 3.56583E-2 4.79156E-2 5.24656E-2 8.49805E-2 4.34053E-2 8.98313E-2 6.96726E-2 7.93979E-2
4.39832E-2 5.65051E-2 -9999 -9999 -9999 -9999 1.15514E-2 1.04412E-2 1.56138E-2 1.43828E-2 1.36187E-2 1.3514E-2 1.32383E-2 1.29714E-2 1.20988E-2 1.16035E-2 1.16776E-2 1.1358E-2 1.10277E-2 1.15133E-2 1.22081E-2 1.09231E-2 1.11687E-2 1.06403E-2 1.09968E-2 2.50874E-2 1.23455E-2 2.6265E-2 2.75895E-2 2.81508E-2 2.89558E-2 3.36797E-2 3.49683E-2 3.8094E-2 3.79831E-2 4.49239E-2 3.98386E-2 2.34581E-2 2.05638E-2 1.97392E-2 1.90376E-2 1.84896E-2 2.51883E-2 2.0927E-2 1.88822E-2 1.65981E-2 1.62383E-2 1.404E-2 1.44165E-2 1.67753E-2 1.66814E-2 1.8698E-2 2.14166E-2 2.60806E-2 2.96051E-2 2.83779E-2 3.48575E-2 4.33876E-2 4.81816E-2 5.41729E-2 5.51498E-2 6.75403E-2 6.91792E-2 9.52758E-2 8.25172E-2
-9999 6.67962E-2 -9999 -9999 -9999 -9999 1.04441E-2 1.0192E-2 9.74452E-3 1.49703E-2 1.32366E-2 1.29027E-2 1.31084E-2 7.79933E-3 1.20312E-2 1.21357E-2 1.19198E-2 1.24799E-2 7.43112E-3 1.18584E-2 1.06766E-2 1.04153E-2 1.04636E-2 1.08266E-2 1.0836E-2 1.0951E-2 1.08348E-2 1.16495E-2 1.2258E-2 7.91666E-3 1.27594E-2 1.7266E-2 3.17303E-2 3.04145E-2 2.07401E-2 2.12913E-2 2.02539E-2 2.06157E-2 2.16298E-2 1.98293E-2 1.71486E-2 1.79004E-2 1.51583E-2 2.19934E-2 1.96913E-2 1.80882E-2 1.72506E-2 1.69641E-2 1.78909E-2 1.84098E-2 1.82812E-2 2.06577E-2 2.24674E-2 2.65087E-2 2.94708E-2 3.37891E-2 3.64065E-2 4.07939E-2 5.05077E-2 6.22707E-2 4.75343E-2 6.07886E-2 7.01067E-2 1.02899E-1 9.63904E-2
-9999 2.80268E-2 -9999 -9999 -9999 -9999 -9999 -9999 -9999 1.4363E-2 -9999 7.78595E-3 8.05378E-3 7.87303E-3 7.99872E-3 8.08569E-3 7.71308E-3 7.28881E-3 7.41952E-3 1.18364E-2 1.14883E-2 1.0724E-2 1.14321E-2 1.1674E-2 1.1007E-2 1.07025E-2 1.05466E-2 1.08129E-2 1.11688E-2 1.18373E-2 1.23029E-2 1.13371E-2 1.15509E-2 2.47151E-2 1.81929E-2 1.7156E-2 2.71936E-2 2.51153E-2 1.69248E-2 1.72085E-2 1.53945E-2 2.36011E-2 2.26237E-2 2.22867E-2 1.92776E-2 1.73758E-2 1.73317E-2 1.83665E-2 1.88869E-2 2.03998E-2 1.83506E-2 1.97058E-2 2.2083E-2 2.64072E-2 2.75805E-2 3.52203E-2 3.94539E-2 4.46352E-2 5.04959E-2 6.27066E-2 4.60216E-2 4.73206E-2 4.61994E-2 4.81368E-2 9.06676E-2
