KUENM_DEFAULT/Final_Models/M_1_F_lqpth_Set_1_NE/sp1_se_asia_stddev.asc
ncols         320
nrows         243
xllcorner     44.0
yllcorner     -0.666666666666667
cellsize      0.166666666666667
NODATA_value  -9999
[rows 62 to 92 of 243, columns 210 to 279 of 320]
6.65056E-3 2.65541E-3 8.87987E-4 6.79669E-4 1.05378E-3 1.77557E-3 1.99501E-3 3.52608E-3 3.65041E-3 3.27739E-3 3.77512E-3 4.02102E-3 2.41501E-3 2.33652E-3 3.17793E-3 9.17019E-3 1.55455E-2 1.04747E-2 8.20575E-3 3.98199E-3 2.15649E-3 1.56513E-3 1.7455E-3 2.41791E-3 2.92263E-3 4.0258E-3 -9999 -9999 -9999 -9999 -9999 -9999 -9999 -9999 -9999 -9999 -9999 -9999 -9999 -9999 -9999 -9999 -9999 -9999 -9999 -9999 -9999 -9999 -9999 -9999 -9999 -9999 -9999 -9999 -9999 -9999 -9999 -9999 -9999 -9999 -9999 -9999 -9999 -9999 -9999 -9999 -9999 -9999 -9999 -9999
9.71058E-3 6.57194E-3 3.05147E-3 2.02607E-3 1.32786E-3 1.81421E-3 2.45664E-3 4.08041E-3 3.17381E-3 3.11656E-3 3.56819E-3 6.19961E-3 4.83296E-3 6.23858E-3 2.27254E-3 2.46727E-3 1.32655E-2 1.09479E-2 1.0194E-2 9.53454E-3 4.08622E-3 1.92247E-3 1.91327E-3 2.27881E-3 2.27712E-3 3.69108E-3 1.55656E-3 -9999 -9999 1.99266E-3 1.84872E-3 -9999 -9999 -9999 -9999 -9999 -9999 -9999 -9999 -9999 -9999 -9999 -9999 -9999 -9999 -9999 -9999 -9999 -9999 -9999 -9999 -9999 -9999 -9999 -9999 -9999 -9999 -9999 -9999 -9999 -9999 -9999 -9999 -9999 -9999 -9999 -9999 -9999 -9999 -9999
1.23132E-2 9.41505E-3 7.22046E-3 5.65454E-3 5.20869E-3 4.81809E-3 6.85134E-3 5.88605E-3 5.0078E-3 3.72759E-3 3.26715E-3 2.79169E-3 5.56936E-3 5.00325E-3 3.983E-3 3.81936E-3 1.43124E-2 6.91676E-3 5.55243E-3 3.39557E-3 4.02848E-3 7.11488E-3 3.45027E-3 3.63404E-3 2.13915E-3 3.50721E-3 3.66909E-3 1.26261E-3 9.98048E-4 4.25847E-3 1.8303E-3 -9999 -9999 -9999 -9999 -9999 -9999 -9999 -9999 -9999 -9999 -9999 -9999 -9999 -9999 -9999 -9999 -9999 -9999 -9999 -9999 -9999 -9999 -9999 -9999 -9999 -9999 -9999 -9999 -9999 -9999 -9999 -9999 -9999 -9999 -9999 -9999 -9999 -9999 -9999
1.76556E-2 1.22084E-2 1.14457E-2 9.9166E-3 8.85562E-3 7.8458E-3 1.0312E-2 1.29662E-2 8.79054E-3 5.24323E-3 3.81928E-3 3.63527E-3 4.65885E-3 4.30409E-3 4.74557E-3 4.1652E-3 4.10619E-3 1.09595E-2 8.77958E-3 2.84121E-3 1.58523E-3 1.46239E-3 3.91323E-3 5.0468E-3 3.45159E-3 2.68005E-3 3.6961E-3 1.52767E-3 3.22878E-3 3.19664E-3 1.50875E-3 -9999 -9999 -9999 -9999 -9999 -9999 -9999 -9999 -9999 -9999 -9999 -9999 -9999 -9999 -9999 -9999 -9999 -9999 -9999 -9999 -9999 -9999 -9999 -9999 -9999 -9999 -9999 -9999 -9999 -9999 -9999 -9999 -9999 -9999 -9999 -9999 -9999 -9999 -9999
2.03197E-2 1.70595E-2 1.5314E-2 1.36114E-2 1.12204E-2 9.92863E-3 1.15736E-2 1.00776E-2 7.83382E-3 7.1995E-3 5.77851E-3 5.05988E-3 4.37304E-3 5.20315E-3 6.39715E-3 3.5661E-3 3.42268E-3 3.36897E-3 3.25944E-3 3.19378E-3 2.35966E-3 1.42113E-3 5.08538E-3 3.91238E-3 1.90112E-3 1.76581E-3 2.38505E-3 2.81229E-3 4.02308E-3 1.96285E-3 1.86973E-3 2.28193E-3 1.14439E-3 -9999 -9999 -9999 -9999 -9999 -9999 -9999 -9999 -9999 -9999 -9999 -9999 -9999 -9999 -9999 -9999 -9999 -9999 -9999 -9999 -9999 -9999 -9999 -9999 -9999 -9999 -9999 -9999 -9999 -9999 -9999 -9999 -9999 -9999 -9999 -9999 -9999
2.45368E-2 2.01393E-2 1.76897E-2 1.4648E-2 1.25145E-2 1.06668E-2 1.18585E-2 1.03247E-2 8.1728E-3 7.51826E-3 6.8592E-3 5.63064E-3 5.16811E-3 4.84013E-3 3.58423E-3 2.74005E-3 2.77199E-3 3.16811E-3 3.67208E-3 3.25367E-3 2.65836E-3 2.0483E-3 1.75038E-3 6.89416E-3 4.40246E-3 6.90615E-3 5.67314E-3 8.75976E-3 5.98948E-3 2.19666E-3 2.65309E-3 2.25796E-3 6.21119E-3 1.95656E-3 3.79594E-3 -9999 1.9924E-3 -9999 -9999 -9999 -9999 -9999 -9999 -9999 -9999 -9999 -9999 -9999 -9999 -9999 -9999 -9999 -9999 -9999 -9999 -9999 -9999 -9999 -9999 -9999 -9999 -9999 -9999 -9999 -9999 -9999 -9999 -9999 -9999 -9999
2.30888E-2 2.33327E-2 1.94114E-2 1.38755E-2 1.14924E-2 1.0745E-2 1.18012E-2 1.15425E-2 9.80428E-3 9.21572E-3 8.03506E-3 7.80872E-3 6.68089E-3 6.50088E-3 5.36782E-3 3.0985E-3 3.2268E-3 3.40058E-3 3.54661E-3 3.04665E-3 2.1394E-3 1.99789E-3 1.51187E-3 1.34304E-3 1.35737E-3 1.31193E-3 1.02042E-3 6.87112E-4 9.36856E-4 6.61497E-4 1.14166E-3 7.1212E-3 1.22789E-3 3.16254E-3 3.2945E-3 1.11902E-2 -9999 -9999 -9999 -9999 -9999 -9999 -9999 -9999 -9999 -9999 -9999 -9999 -9999 -9999 -9999 -9999 -9999 -9999 -9999 -9999 -9999 -9999 -9999 -9999 -9999 -9999 -9999 -9999 -9999 -9999 -9999 -9999 -9999 -9999
2.38781E-2 2.44289E-2 2.01316E-2 1.48569E-2 1.02218E-2 9.70898E-3 1.0497E-2 1.12428E-2 1.0714E-2 1.03148E-2 1.07696E-2 1.22066E-2 9.62656E-3 8.59331E-3 8.81809E-3 9.35456E-3 9.6477E-3 5.48656E-3 4.30051E-3 3.50429E-3 2.96088E-3 2.66971E-3 2.69134E-3 1.59986E-3 1.28923E-3 1.21312E-3 6.07132E-4 5.16446E-4 1.71085E-4 1.89032E-4 2.0344E-4 3.20144E-4 5.4304E-4 1.0998E-3 1.54226E-3 1.71045E-3 7.37528E-3 6.88021E-3 6.93762E-3 2.29947E-3 -9999 -9999 -9999 -9999 -9999 -9999 -9999 -9999 -9999 -9999 -9999 -9999 -9999 -9999 -9999 -9999 -9999 -9999 -9999 -9999 -9999 -9999 -9999 -9999 -9999 4.92267E-4 2.47939E-4 3.73377E-4 3.64721E-4 -9999
3.09707E-2 2.98224E-2 2.50496E-2 1.82909E-2 1.41821E-2 1.28522E-2 1.27172E-2 1.38173E-2 1.36235E-2 1.33222E-2 1.37474E-2 1.42507E-2 1.32615E-2 1.27698E-2 1.46838E-2 1.45004E-2 1.5023E-2 1.20517E-2 6.23355E-3 5.76767E-3 4.90499E-3 3.60878E-3 4.95565E-3 4.0138E-3 1.99479E-3 2.0093E-3 8.14277E-4 7.77797E-4 4.00199E-4 4.25698E-4 4.98536E-4 7.94612E-4 9.66452E-4 1.37049E-3 1.76288E-3 2.02563E-3 1.29006E-3 1.3886E-3 5.65887E-3 4.41562E-3 4.45878E-3 -9999 3.45543E-3 -9999 -9999 9.10224E-4 -9999 -9999 -9999 -9999 -9999 -9999 -9999 -9999 -9999 -9999 -9999 8.28621E-4 -9999 -9999 -9999 -9999 -9999 1.65747E-3 3.07509E-3 1.43887E-3 2.74892E-3 1.18954E-3 5.57671E-4 -9999
1.48986E-1 1.41978E-1 2.69057E-2 2.29136E-2 1.80808E-2 2.16663E-2 2.14235E-2 2.18588E-2 1.56897E-2 1.47059E-2 1.46294E-2 1.49339E-2 1.49157E-2 1.55617E-2 2.2883E-2 1.7656E-2 1.44392E-2 1.15094E-2 9.92386E-3 7.225E-3 6.67662E-3 6.64098E-3 6.19889E-3 6.35881E-3 3.66249E-3 2.8741E-3 2.03664E-3 2.24014E-3 1.70787E-3 1.52392E-3 1.41823E-3 1.62322E-3 1.81009E-3 2.31093E-3 2.91061E-3 3.20606E-3 3.3468E-3 4.72276E-3 1.01361E-3 7.61226E-4 4.78141E-4 4.55667E-4 -9999 6.25828E-4 -9999 1.74944E-3 2.54628E-3 8.86955E-4 -9999 -9999 -9999 -9999 -9999 -9999 -9999 8.26939E-4 1.98952E-3 2.36242E-3 1.61515E-3 -9999 -9999 -9999 2.57565E-3 4.28721E-3 7.69462E-3 2.7848E-3 6.5766E-3 1.74313E-3 2.49758E-3 2.98009E-3
3.22865E-2 1.51667E-1 1.41694E-1 2.83887E-2 2.41771E-2 2.44892E-2 2.35867E-2 2.27487E-2 1.64094E-2 1.56275E-2 2.05481E-2 2.06238E-2 2.11154E-2 2.18101E-2 2.23032E-2 1.66824E-2 1.49356E-2 1.28438E-2 1.07983E-2 8.94006E-3 7.60949E-3 8.03549E-3 1.11349E-2 9.87903E-3 8.99295E-3 6.39424E-3 3.55002E-3 2.61475E-3 1.77362E-3 1.76804E-3 1.66104E-3 2.4058E-3 3.57438E-3 3.02521E-3 2.76108E-3 2.19932E-3 3.12333E-3 2.07253E-3 1.44179E-3 2.48261E-3 1.38433E-3 4.86791E-4 6.09603E-4 5.02967E-4 3.38597E-3 3.06741E-3 3.22947E-3 1.71453E-3 5.07701E-3 5.0806E-4 3.64298E-4 6.09034E-3 3.50857E-3 2.62461E-3 9.81389E-4 1.20924E-3 3.20556E-3 5.53923E-3 5.17883E-3 -9999 -9999 2.52359E-3 2.45773E-3 4.31289E-3 9.04211E-4 9.46039E-4 6.86299E-3 5.19647E-3 7.51625E-3 6.62926E-3
5.74495E-2 3.90213E-2 1.54352E-1 1.48548E-1 2.90064E-2 2.36747E-2 2.01009E-2 1.75233E-2 1.6479E-2 1.99733E-2 2.1229E-2 2.15399E-2 2.17745E-2 2.1839E-2 2.18091E-2 1.58062E-2 1.42539E-2 1.27171E-2 1.53713E-2 1.40546E-2 1.28102E-2 1.27808E-2 1.3146E-2 6.9447E-3 1.42658E-2 1.1214E-2 9.74624E-3 7.7855E-3 5.06414E-3 3.43391E-3 3.02014E-3 3.67279E-3 4.69236E-3 5.00783E-3 4.54746E-3 3.32369E-3 1.03334E-3 1.19663E-3 9.18996E-4 3.05023E-3 3.32647E-3 8.21874E-4 1.41573E-3 4.17667E-4 4.62936E-4 4.70327E-4 3.96514E-4 4.36877E-4 3.87858E-4 5.27795E-4 4.31168E-4 5.69814E-4 5.55472E-4 4.16129E-3 1.5802E-3 2.83492E-3 5.89476E-4 5.63884E-4 4.80218E-3 -9999 2.91846E-3 5.77603E-3 9.04478E-3 6.04905E-3 6.21773E-4 3.67167E-4 9.03897E-4 6.97315E-3 9.93729E-4 7.17255E-3
8.22828E-2 8.84659E-2 7.14819E-2 9.74343E-2 1.40141E-1 2.851E-2 2.02288E-2 1.868E-2 1.76885E-2 2.17263E-2 2.25871E-2 2.35281E-2 2.28405E-2 2.38301E-2 2.26916E-2 1.66045E-2 1.39127E-2 1.77379E-2 1.68212E-2 1.55506E-2 1.51155E-2 1.44657E-2 1.47436E-2 1.50319E-2 1.43868E-2 1.28428E-2 1.24391E-2 1.18102E-2 9.30493E-3 6.16759E-3 5.26643E-3 5.87611E-3 6.51456E-3 6.71657E-3 5.29439E-3 4.10507E-3 3.86116E-3 4.54227E-3 3.4856E-3 3.17058E-3 3.86007E-3 4.50866E-3 5.24256E-3 2.0483E-3 5.02417E-4 4.8328E-4 9.60546E-4 3.67397E-4 2.18403E-3 3.60562E-3 5.41983E-4 9.53446E-4 6.83006E-4 6.23866E-4 6.98955E-4 5.20508E-4 4.43743E-4 3.95802E-4 4.6113E-3 -9999 8.45955E-3 5.72598E-3 8.3801E-4 8.50739E-4 8.74694E-4 3.57425E-4 8.12422E-4 6.19083E-3 6.97557E-4 6.19689E-4
9.1428E-2 7.93865E-2 8.58599E-2 7.02291E-2 9.97857E-2 1.02273E-1 2.98547E-2 2.20014E-2 1.99594E-2 2.08844E-2 2.4456E-2 2.79988E-2 2.6405E-2 2.51381E-2 2.37066E-2 2.16219E-2 1.98371E-2 1.81877E-2 1.79517E-2 1.7986E-2 1.69176E-2 1.62195E-2 1.60268E-2 1.59417E-2 1.4363E-2 1.26897E-2 1.00947E-2 1.10879E-2 1.00483E-2 8.64694E-3 7.55006E-3 7.61615E-3 8.65765E-3 1.07417E-2 9.31878E-3 6.28639E-3 5.14133E-3 4.96089E-3 4.68521E-3 6.11571E-3 8.76376E-3 9.4188E-3 7.22845E-3 6.24577E-3 5.29029E-3 5.71286E-3 2.72946E-3 7.37733E-4 1.92194E-3 1.09179E-2 1.13725E-3 1.33696E-3 2.57133E-3 7.23393E-4 4.30173E-4 5.10777E-4 3.61321E-4 3.71512E-4 3.65728E-4 5.36826E-4 4.81713E-4 8.25319E-4 7.81863E-4 6.64587E-4 3.11772E-3 2.95859E-4 1.411E-4 3.98525E-4 6.23245E-4 2.62184E-4
9.03249E-2 1.04517E-1 1.05835E-1 8.47142E-2 5.18982E-2 5.00919E-2 1.45081E-1 2.81594E-2 2.29025E-2 2.31122E-2 2.6598E-2 2.7803E-2 3.03971E-2 2.8945E-2 2.58434E-2 2.28725E-2 2.05419E-2 1.9146E-2 2.00119E-2 2.15014E-2 1.94319E-2 1.76888E-2 1.72183E-2 1.69842E-2 1.18217E-2 9.96797E-3 9.80386E-3 1.14218E-2 1.0857E-2 9.81579E-3 9.72205E-3 1.02919E-2 1.12955E-2 1.1862E-2 1.28311E-2 1.18994E-2 8.57052E-3 7.52628E-3 6.76358E-3 6.91692E-3 8.47633E-3 1.07702E-2 1.18836E-2 7.94011E-3 1.12914E-2 5.40194E-3 7.67678E-3 2.11421E-3 6.83041E-3 1.01838E-2 3.66855E-3 6.69417E-3 2.01231E-3 5.26874E-4 3.86118E-4 4.29034E-4 3.87195E-4 3.05039E-4 2.41334E-4 1.97554E-4 2.12726E-4 2.03312E-4 2.88054E-4 4.25332E-4 3.99109E-4 1.96307E-4 9.06123E-5 2.1914E-4 1.75984E-4 1.70018E-4
9.07431E-2 9.8845E-2 1.00167E-1 8.41327E-2 6.67766E-2 4.86456E-2 9.97288E-2 1.42396E-1 3.04054E-2 1.39574E-1 3.11634E-2 3.00495E-2 1.43461E-1 1.41967E-1 2.84634E-2 2.42752E-2 2.18856E-2 2.04854E-2 2.1096E-2 2.29099E-2 2.04248E-2 1.86155E-2 1.45087E-2 1.55797E-2 1.54522E-2 1.3282E-2 1.39749E-2 1.43293E-2 1.38234E-2 1.21346E-2 1.17402E-2 1.38221E-2 1.41631E-2 1.40131E-2 1.57147E-2 1.35566E-2 1.06838E-2 1.00146E-2 9.74447E-3 9.5437E-3 1.03214E-2 9.5563E-3 1.00248E-2 1.23353E-2 1.72137E-2 1.02797E-2 1.0571E-2 8.40435E-3 9.442E-3 1.10924E-2 9.52604E-3 4.76486E-3 2.97936E-3 1.74144E-3 4.34819E-4 2.57286E-4 3.40501E-4 2.39966E-4 1.66306E-4 1.31157E-4 1.10154E-4 8.42624E-5 6.6001E-5 1.18179E-4 1.34266E-4 6.90557E-5 6.27623E-5 9.00302E-5 1.03912E-4 1.25132E-4
8.22287E-2 7.84295E-2 1.02203E-1 1.07708E-1 6.64339E-2 4.81143E-2 9.94371E-2 1.44472E-1 1.44458E-1 1.0167E-1 1.48032E-1 3.18316E-2 1.39718E-1 1.45413E-1 2.97315E-2 2.62259E-2 2.40367E-2 2.20963E-2 1.73393E-2 1.88293E-2 1.76006E-2 1.69886E-2 1.80982E-2 2.13865E-2 2.38258E-2 2.18851E-2 2.06512E-2 1.82634E-2 1.77815E-2 1.40689E-2 1.50942E-2 1.6397E-2 1.54039E-2 1.50287E-2 1.61372E-2 1.51022E-2 1.35651E-2 1.35913E-2 1.33324E-2 1.57081E-2 1.92898E-2 1.74198E-2 1.59687E-2 1.12922E-2 1.11698E-2 1.139E-2 9.30136E-3 5.3295E-3 3.18537E-3 4.13207E-3 5.21288E-3 3.24864E-3 2.09573E-3 1.69069E-3 1.28571E-3 9.34231E-4 4.07247E-4 2.54276E-4 1.96171E-4 1.82805E-4 1.546E-4 9.67562E-5 5.09377E-5 4.10702E-5 4.38866E-5 5.62312E-5 7.51773E-5 1.33183E-4 1.96905E-4 2.42737E-4
7.82845E-2 1.03997E-1 1.0098E-1 1.00094E-1 9.17071E-2 4.56034E-2 4.32787E-2 4.44532E-2 7.23393E-2 7.31805E-2 9.86762E-2 1.43469E-1 1.42205E-1 1.46698E-1 3.0882E-2 3.01392E-2 2.83956E-2 2.21499E-2 1.81176E-2 1.9367E-2 2.27829E-2 2.41755E-2 2.87141E-2 2.92423E-2 2.85068E-2 2.81044E-2 2.4267E-2 2.13529E-2 2.08287E-2 1.97079E-2 2.1879E-2 2.25918E-2 2.10398E-2 1.83604E-2 1.8313E-2 1.7993E-2 2.02231E-2 1.61008E-2 1.53552E-2 1.88577E-2 2.22272E-2 1.30621E-2 1.38192E-2 2.15689E-2 1.57596E-2 1.07725E-2 9.19635E-3 7.46736E-3 5.25637E-3 4.45473E-3 3.4581E-3 1.73553E-3 1.40803E-3 1.56269E-3 2.04705E-3 1.72358E-3 7.74143E-4 3.75317E-4 2.68061E-4 2.88813E-4 3.39062E-4 2.72414E-4 1.30307E-4 8.6266E-5 9.08704E-5 1.21267E-4 1.64791E-4 2.12565E-4 2.99205E-4 4.03725E-4
7.66105E-2 9.82817E-2 1.00339E-1 9.66407E-2 1.01332E-1 6.40561E-2 4.15234E-2 4.00805E-2 6.90571E-2 7.09332E-2 9.8307E-2 9.86087E-2 1.44558E-1 1.50803E-1 1.45119E-1 1.44024E-1 1.42936E-1 2.94456E-2 2.62139E-2 2.39525E-2 2.58968E-2 3.03824E-2 3.18093E-2 2.84096E-2 3.20951E-2 2.97002E-2 2.63484E-2 2.32228E-2 2.4235E-2 2.71917E-2 3.24169E-2 3.1353E-2 2.5989E-2 2.04206E-2 2.09294E-2 2.35941E-2 2.41166E-2 1.66971E-2 1.38552E-2 1.93189E-2 2.64961E-2 2.71745E-2 1.8667E-2 2.05723E-2 2.63372E-2 2.15578E-2 1.60107E-2 1.27538E-2 8.11746E-3 5.77302E-3 4.35507E-3 2.70859E-3 2.23441E-3 2.21985E-3 2.35516E-3 1.81943E-3 1.16378E-3 6.7411E-4 4.89706E-4 4.74346E-4 5.7075E-4 4.46384E-4 2.60121E-4 1.79642E-4 1.79781E-4 2.18686E-4 2.88944E-4 3.45637E-4 4.17616E-4 5.65515E-4
7.65429E-2 7.78635E-2 1.01709E-1 9.74706E-2 6.9483E-2 6.09557E-2 4.34298E-2 3.93556E-2 1.50426E-1 1.46149E-1 1.45347E-1 1.48079E-1 1.46273E-1 1.56224E-1 1.54359E-1 1.52833E-1 1.48007E-1 3.33751E-2 3.37828E-2 2.47774E-2 2.06771E-2 2.80698E-2 2.69919E-2 2.53195E-2 2.72263E-2 2.74426E-2 2.24848E-2 2.26336E-2 2.99063E-2 3.79386E-2 3.8814E-2 3.28515E-2 2.77292E-2 2.23015E-2 2.43913E-2 2.73436E-2 3.06232E-2 3.27653E-2 2.29506E-2 2.20932E-2 2.54824E-2 2.7509E-2 2.74241E-2 3.05009E-2 2.99844E-2 2.55224E-2 2.00398E-2 1.65313E-2 1.34819E-2 9.25305E-3 6.97633E-3 4.6366E-3 3.89223E-3 3.33113E-3 3.00366E-3 2.08794E-3 1.64239E-3 1.20049E-3 9.50454E-4 8.33465E-4 7.20822E-4 5.75212E-4 3.89062E-4 3.19858E-4 3.9415E-4 4.92719E-4 5.66615E-4 6.19504E-4 6.0955E-4 7.4316E-4
7.41306E-2 1.53897E-1 1.51731E-1 1.00527E-1 6.63443E-2 7.19135E-2 1.08596E-1 1.53666E-1 3.42272E-2 3.18231E-2 1.54592E-1 1.50601E-1 1.49887E-1 1.49665E-1 1.50936E-1 1.54806E-1 1.50225E-1 3.45931E-2 3.53755E-2 2.54517E-2 2.43619E-2 2.84585E-2 2.9939E-2 1.94381E-2 2.62068E-2 2.61929E-2 1.81194E-2 2.15396E-2 3.37358E-2 1.5388E-1 1.05122E-1 3.64063E-2 3.08252E-2 2.94385E-2 3.20171E-2 3.24258E-2 3.86269E-2 1.34668E-1 3.13103E-2 2.54838E-2 2.37767E-2 2.52729E-2 3.46701E-2 3.47395E-2 3.05134E-2 2.58999E-2 2.2164E-2 1.9369E-2 1.68785E-2 1.43547E-2 9.24136E-3 8.32851E-3 5.83703E-3 2.28381E-3 3.75856E-3 3.41524E-3 2.40041E-3 2.04337E-3 1.74024E-3 1.46868E-3 1.19896E-3 9.19283E-4 7.33358E-4 6.64683E-4 7.1833E-4 1.07012E-3 1.17709E-3 1.15942E-3 1.02563E-3 6.64682E-4
1.49443E-1 1.44937E-1 1.48478E-1 9.3149E-2 8.7262E-2 8.36362E-2 9.26965E-2 1.03783E-1 1.56914E-1 3.71586E-2 1.5257E-1 1.56877E-1 1.62858E-1 1.63433E-1 1.62981E-1 1.59053E-1 1.53972E-1 3.33954E-2 3.3711E-2 3.295E-2 3.18767E-2 3.50693E-2 3.34311E-2 2.84755E-2 3.06039E-2 2.45992E-2 1.81638E-2 2.11356E-2 3.58532E-2 1.09656E-1 1.10098E-1 4.08493E-2 3.49086E-2 3.66292E-2 3.74775E-2 3.71395E-2 4.0464E-2 4.09668E-2 3.79342E-2 3.35135E-2 2.64106E-2 2.79027E-2 3.60517E-2 1.34093E-1 3.42186E-2 2.73486E-2 2.37951E-2 2.1949E-2 1.92251E-2 1.59855E-2 1.31175E-2 1.08519E-2 4.35313E-3 3.28892E-3 2.59453E-3 4.87209E-3 4.37576E-3 4.12283E-3 3.02547E-3 2.42952E-3 1.93072E-3 1.55968E-3 1.20086E-3 1.08333E-3 1.07631E-3 1.44876E-3 1.42407E-3 1.20343E-3 8.4063E-4 8.41133E-4
1.44727E-1 1.43606E-1 1.52615E-1 8.94259E-2 8.14961E-2 8.78915E-2 8.69205E-2 7.74373E-2 7.65411E-2 4.18355E-2 1.18283E-1 6.34083E-2 1.59901E-1 1.59952E-1 1.01251E-1 1.57263E-1 1.55312E-1 4.01861E-2 3.99218E-2 1.46349E-1 1.48569E-1 1.47628E-1 3.48192E-2 3.84386E-2 3.88737E-2 3.01922E-2 2.17457E-2 2.69538E-2 4.06721E-2 1.6066E-1 1.62395E-1 4.76424E-2 4.19916E-2 4.48495E-2 4.46287E-2 4.72504E-2 4.73543E-2 4.96703E-2 4.56156E-2 4.46292E-2 3.67969E-2 2.5152E-2 2.93687E-2 1.37742E-1 3.52285E-2 2.84133E-2 2.46781E-2 2.19982E-2 1.91522E-2 1.6582E-2 1.46874E-2 1.35788E-2 6.04443E-3 4.77047E-3 3.60827E-3 3.23893E-3 6.29E-3 6.27576E-3 5.69791E-3 3.5744E-3 2.66413E-3 2.19509E-3 1.80196E-3 1.48772E-3 1.66117E-3 1.48964E-3 1.01636E-3 5.92671E-4 4.16585E-4 6.45953E-4
9.86667E-2 1.63169E-1 1.65144E-1 8.99412E-2 8.01808E-2 9.2673E-2 9.60333E-2 8.33576E-2 7.45845E-2 4.87978E-2 4.87249E-2 6.00561E-2 4.39122E-2 3.51181E-2 3.48845E-2 1.63933E-1 1.6599E-1 4.91122E-2 4.27061E-2 1.53751E-1 1.5513E-1 1.55073E-1 3.69948E-2 3.26261E-2 3.52178E-2 3.62158E-2 3.11235E-2 3.35536E-2 4.68649E-2 1.6501E-1 1.56586E-1 1.49368E-1 5.10514E-2 1.46025E-1 1.51691E-1 1.50511E-1 5.56208E-2 1.47832E-1 1.13212E-1 1.36706E-1 4.45761E-2 3.04432E-2 3.19844E-2 3.78994E-2 3.5012E-2 3.02729E-2 2.47387E-2 2.16756E-2 1.90968E-2 1.8013E-2 1.76483E-2 9.25411E-3 8.59381E-3 6.63106E-3 4.86109E-3 4.27051E-3 7.93005E-3 7.05399E-3 4.97275E-3 3.85792E-3 3.27114E-3 2.75669E-3 2.08069E-3 1.91982E-3 1.58698E-3 1.54104E-3 7.94775E-4 1.70288E-4 8.47913E-5 2.36688E-4
8.99591E-2 1.01951E-1 1.04502E-1 9.44471E-2 9.16756E-2 8.75378E-2 8.09222E-2 1.12286E-1 1.6785E-1 7.62429E-2 6.47213E-2 7.35098E-2 4.7778E-2 4.24933E-2 4.34463E-2 1.67678E-1 1.66902E-1 1.54384E-1 1.5626E-1 1.49045E-1 1.59477E-1 1.56101E-1 4.06082E-2 4.06965E-2 3.86617E-2 4.45887E-2 4.3758E-2 4.99057E-2 1.56515E-1 1.58258E-1 1.13132E-1 1.58351E-1 1.50832E-1 5.13912E-2 1.51474E-1 1.43813E-1 1.46581E-1 1.09418E-1 5.50697E-2 1.048E-1 1.39263E-1 4.44355E-2 1.47105E-1 4.1549E-2 3.54956E-2 2.88764E-2 2.33444E-2 2.27154E-2 2.08073E-2 1.84756E-2 1.75515E-2 1.83058E-2 1.03524E-2 7.84705E-3 6.01325E-3 5.19532E-3 5.18849E-3 8.27845E-3 5.0361E-3 4.20145E-3 3.69848E-3 3.23935E-3 2.53466E-3 2.22813E-3 1.88691E-3 1.58147E-3 1.03555E-3 4.62693E-4 9.4537E-5 1.00732E-4
9.70997E-2 1.0776E-1 1.67616E-1 1.11566E-1 1.03047E-1 8.35726E-2 8.66716E-2 1.61189E-1 3.94356E-2 5.61765E-2 5.86042E-2 1.64878E-1 1.72079E-1 1.69678E-1 1.65469E-1 1.6318E-1 1.62407E-1 1.00851E-1 1.53599E-1 1.51305E-1 1.60925E-1 1.54404E-1 1.53464E-1 1.62321E-1 4.52351E-2 1.65979E-1 1.62388E-1 1.55507E-1 1.59285E-1 1.66103E-1 1.58524E-1 1.53427E-1 1.54948E-1 5.31195E-2 1.54458E-1 1.50955E-1 1.09027E-1 1.08293E-1 1.08664E-1 1.40795E-1 4.54053E-2 1.49195E-1 5.84337E-2 1.47742E-1 3.36809E-2 2.50062E-2 2.01525E-2 2.56041E-2 2.43067E-2 1.93365E-2 1.66623E-2 1.82165E-2 1.15998E-2 9.4356E-3 7.25939E-3 5.95169E-3 1.00099E-2 8.50932E-3 5.18814E-3 4.85699E-3 4.17032E-3 3.73913E-3 2.98286E-3 2.61684E-3 2.25755E-3 1.7523E-3 1.53236E-3 1.14089E-3 9.04441E-4 5.77811E-4
1.42773E-1 3.51173E-2 3.69212E-2 3.77865E-2 1.55565E-1 9.32255E-2 1.39705E-1 3.32434E-2 3.15504E-2 1.59789E-1 1.68106E-1 1.64478E-1 1.71081E-1 1.6209E-1 1.57801E-1 1.54439E-1 1.58033E-1 3.58563E-2 3.43144E-2 1.54803E-1 1.58976E-1 1.50621E-1 4.276E-2 4.04638E-2 4.65934E-2 1.61349E-1 1.65757E-1 1.58063E-1 1.63455E-1 1.67106E-1 1.63627E-1 1.6315E-1 5.56206E-2 1.45542E-1 1.6268E-1 1.51072E-1 1.48458E-1 1.08487E-1 5.65468E-2 1.54966E-1 4.56518E-2 1.46364E-1 1.5087E-1 3.75335E-2 3.10153E-2 2.64795E-2 2.65633E-2 2.95124E-2 2.79843E-2 2.19381E-2 1.08079E-2 1.0626E-2 1.12578E-2 1.05811E-2 1.34613E-2 1.14661E-2 1.04421E-2 8.83093E-3 6.07596E-3 5.58126E-3 4.56884E-3 4.37119E-3 3.81676E-3 3.38503E-3 2.61381E-3 2.33073E-3 1.81948E-3 1.4363E-3 1.19081E-3 9.77144E-4
3.21322E-2 2.82482E-2 2.66956E-2 2.47939E-2 3.31067E-2 1.52417E-1 3.11307E-2 2.54157E-2 2.50652E-2 3.10624E-2 3.47693E-2 3.60389E-2 1.49209E-1 4.16973E-2 3.2609E-2 3.3795E-2 1.46593E-1 6.25292E-2 3.52807E-2 1.02159E-1 1.55503E-1 1.44901E-1 4.03077E-2 4.01961E-2 1.52872E-1 4.01574E-2 6.88484E-2 4.10565E-2 1.54591E-1 4.78632E-2 5.13173E-2 4.09028E-2 3.87963E-2 1.53484E-1 1.47313E-1 3.70555E-2 3.52449E-2 1.52466E-1 1.54396E-1 1.49521E-1 1.50273E-1 1.50878E-1 4.31551E-2 3.83102E-2 3.42803E-2 3.34334E-2 3.47875E-2 3.54482E-2 3.27953E-2 2.4974E-2 1.04602E-2 9.11966E-3 9.76124E-3 1.48052E-2 1.40696E-2 1.24012E-2 9.42067E-3 8.34978E-3 7.31076E-3 6.31007E-3 5.39364E-3 5.45046E-3 4.81272E-3 3.97522E-3 3.1715E-3 2.67804E-3 2.30326E-3 1.8545E-3 1.47585E-3 1.17196E-3
2.84424E-2 2.96308E-2 2.49583E-2 2.30937E-2 2.44506E-2 2.57212E-2 2.57955E-2 1.94818E-2 1.87334E-2 2.28322E-2 3.12118E-2 3.98017E-2 4.09608E-2 2.85413E-2 2.62086E-2 2.33907E-2 2.89754E-2 1.38994E-1 1.30178E-1 1.39783E-1 1.56946E-1 1.45718E-1 1.40189E-1 1.39029E-1 1.46841E-1 3.83848E-2 3.9919E-2 9.59337E-2 1.32966E-1 3.50157E-2 4.55267E-2 4.68478E-2 5.84476E-2 5.97135E-2 1.58473E-1 5.13382E-2 4.9208E-2 4.88857E-2 4.56831E-2 4.61425E-2 1.37271E-1 1.43544E-1 3.76588E-2 3.64999E-2 3.13018E-2 3.40047E-2 3.78554E-2 3.60825E-2 3.04911E-2 2.29432E-2 1.48556E-2 7.38628E-3 9.94841E-3 1.42511E-2 1.34964E-2 1.13131E-2 1.02059E-2 9.33371E-3 8.50057E-3 7.54508E-3 6.19734E-3 5.5846E-3 5.17628E-3 4.3186E-3 3.65925E-3 3.08763E-3 2.69575E-3 2.26171E-3 1.86802E-3 1.44614E-3
2.81976E-2 2.53335E-2 1.88642E-2 1.85483E-2 2.17537E-2 2.20934E-2 2.0497E-2 1.98066E-2 2.54141E-2 2.95385E-2 3.29107E-2 3.83018E-2 3.15887E-2 2.13299E-2 1.96985E-2 2.15499E-2 2.28958E-2 3.07258E-2 1.39822E-1 1.43815E-1 1.43252E-1 1.45271E-1 3.97587E-2 3.86959E-2 1.36967E-1 1.39078E-1 1.33654E-1 3.07894E-2 2.9921E-2 3.81214E-2 3.67611E-2 2.81867E-2 3.3909E-2 4.2393E-2 1.58987E-1 5.58576E-2 5.14555E-2 4.63052E-2 4.2655E-2 3.77195E-2 1.36385E-1 1.39905E-1 3.30059E-2 2.75588E-2 2.43985E-2 2.59271E-2 2.76648E-2 2.74547E-2 2.31114E-2 1.62521E-2 1.18457E-2 1.13968E-2 1.42629E-2 1.33419E-2 1.11865E-2 1.14587E-2 1.0773E-2 9.94936E-3 9.08175E-3 7.95358E-3 6.48868E-3 5.3371E-3 4.99808E-3 4.08027E-3 3.86195E-3 3.30061E-3 2.76311E-3 2.37838E-3 2.13668E-3 1.58582E-3
2.25932E-2 1.89816E-2 1.45558E-2 1.52217E-2 1.64621E-2 2.11306E-2 2.41827E-2 2.18257E-2 2.2426E-2 2.20069E-2 3.39583E-2 3.09609E-2 2.67727E-2 1.62613E-2 1.6463E-2 1.9131E-2 2.19398E-2 2.91269E-2 3.47652E-2 1.50535E-1 1.49369E-1 1.44685E-1 4.08439E-2 4.2578E-2 4.29428E-2 3.74775E-2 3.4765E-2 3.37722E-2 3.42629E-2 3.56892E-2 2.8385E-2 2.325E-2 2.49318E-2 3.43141E-2 3.98505E-2 3.82539E-2 4.30076E-2 4.09898E-2 3.33812E-2 3.1349E-2 3.33123E-2 3.15124E-2 2.79371E-2 2.42377E-2 2.2368E-2 2.21521E-2 1.9585E-2 2.1488E-2 2.04121E-2 1.5082E-2 8.53174E-3 1.03979E-2 1.27224E-2 1.26149E-2 1.28251E-2 1.32908E-2 1.10791E-2 1.01846E-2 9.25946E-3 7.78214E-3 6.75751E-3 5.87645E-3 4.90382E-3 4.21983E-3 3.61355E-3 3.40372E-3 2.89341E-3 2.48998E-3 2.15874E-3 1.85731E-3
