KUENM_DEFAULT/Final_Models/M_1_F_lqpth_Set_1_NE/sp1_4.asc
ncols         197
nrows         210
xllcorner     56.1666666666667
yllcorner     4.5
cellsize      0.166666666666667
NODATA_value  -9999
[rows 28 to 55 of 210, columns 65 to 129 of 197]
2.05319E-4 1.6848E-4 2.55736E-4 1.74121E-4 4.30447E-4 3.17962E-4 4.97733E-4 8.97757E-4 1.16016E-3 2.16744E-3 3.93045E-4 2.72623E-4 1.08107E-2 1.60832E-2 7.45003E-3 4.28993E-2 6.45877E-2 1.22461E-2 9.86383E-2 1.0682E-1 4.7061E-2 1.388E-2 2.04172E-2 5.59378E-2 9.15836E-2 3.82566E-2 7.9186E-2 7.52118E-2 7.15416E-2 5.58748E-3 7.21123E-3 6.71099E-3 6.25276E-3 2.31458E-3 5.83716E-3 5.68432E-3 2.04628E-3 4.84604E-4 2.17033E-3 3.56961E-3 7.20669E-4 1.5469E-3 3.20259E-3 3.36061E-3 3.32114E-3 1.48636E-3 1.14451E-3 9.59589E-4 4.82344E-4 2.25179E-4 1.28323E-4 6.97693E-5 3.22207E-5 1.25421E-5 3.17827E-5 7.67935E-5 7.90418E-6 4.30852E-6 3.87468E-6 1.19362E-5 1.41022E-5 1.46104E-5 6.92583E-6 1.81021E-5 1.74847E-6
2.02534E-4 2.16423E-4 2.56191E-4 2.34986E-4 2.73541E-4 3.63757E-4 4.07555E-4 6.01863E-4 2.73554E-4 2.15571E-4 3.32927E-4 1.24451E-3 8.44099E-3 1.2325E-2 1.56093E-2 3.90749E-2 6.93147E-2 8.56747E-2 8.5482E-2 9.40249E-2 1.4227E-1 3.30699E-1 1.85373E-1 2.75609E-1 5.30466E-2 2.94361E-1 1.32218E-1 7.05079E-2 8.58184E-2 1.07503E-1 1.05986E-1 6.23774E-3 6.71425E-3 8.05586E-3 8.80568E-3 2.33138E-3 4.11703E-3 2.52423E-3 1.65001E-3 4.32835E-4 2.6905E-3 6.01623E-3 4.60546E-3 1.10522E-2 6.56999E-3 1.71388E-3 8.89668E-4 1.02348E-3 2.24523E-3 3.72287E-4 1.00326E-4 1.04711E-4 9.53533E-5 1.48332E-4 3.18425E-4 5.00912E-5 6.17183E-5 4.40075E-5 4.45377E-6 3.20736E-6 3.49913E-6 4.95389E-6 2.30165E-5 6.14565E-5 5.3255E-6
1.80982E-4 1.4279E-4 1.87781E-4 2.16614E-4 2.5637E-4 2.93862E-4 2.93555E-4 6.32938E-4 7.19395E-4 1.25008E-3 1.40031E-3 1.81269E-3 6.31903E-3 8.50684E-3 1.04075E-2 3.08508E-2 5.64311E-2 1.28143E-1 1.08644E-1 1.1744E-1 9.76243E-2 1.19366E-1 1.57254E-1 1.78288E-1 1.76476E-1 2.04638E-1 4.83705E-1 1.46573E-1 2.20247E-1 2.34037E-1 1.91438E-1 1.16929E-1 8.7146E-2 1.09081E-2 7.78307E-3 7.14336E-3 6.92988E-3 7.25454E-3 5.6827E-3 2.44193E-3 1.69432E-2 4.74742E-4 7.83004E-3 3.68043E-2 2.04135E-2 2.14022E-2 3.49206E-3 5.86966E-4 6.51564E-4 3.55485E-4 3.64306E-4 5.0709E-4 2.38731E-4 1.81233E-4 1.69218E-4 5.82596E-5 4.3694E-5 5.38242E-5 5.66203E-5 1.0579E-5 4.11903E-6 3.08161E-6 3.79768E-6 4.49992E-6 2.64152E-5
1.65583E-4 2.27944E-4 2.36113E-4 3.21192E-4 3.408E-4 2.97261E-4 3.64313E-4 5.37212E-4 5.84345E-4 1.32414E-3 1.09074E-3 1.66928E-3 3.30036E-3 6.11647E-3 1.87927E-3 2.13017E-3 1.28107E-2 2.71305E-2 1.80943E-1 1.37467E-1 1.39609E-1 1.61023E-1 1.44032E-1 1.73823E-1 1.79943E-1 1.96186E-1 2.3953E-1 5.27546E-1 3.54164E-1 5.35707E-1 5.44878E-1 2.64443E-1 1.78951E-1 1.16862E-1 8.43465E-3 1.05232E-2 1.09549E-2 5.6263E-3 3.90738E-3 6.05705E-3 1.6579E-3 5.27076E-4 2.8012E-4 1.3008E-2 4.29855E-2 4.84005E-2 1.72914E-2 5.22375E-3 8.05789E-4 6.40825E-4 3.96158E-4 3.91358E-4 5.65172E-5 2.05876E-4 2.94343E-5 1.81245E-5 1.43345E-5 1.80028E-5 2.58958E-5 4.34375E-5 4.09973E-5 5.76426E-5 1.69699E-5 1.00301E-5 7.25218E-6
2.4838E-4 2.96916E-4 1.94475E-4 1.90799E-4 3.59521E-4 2.9583E-4 3.9854E-4 4.35002E-4 7.15859E-4 1.1299E-3 1.66644E-3 2.31916E-3 3.13421E-3 4.92411E-3 8.39477E-4 2.20699E-3 1.7406E-3 1.2221E-3 4.17621E-3 1.91182E-2 4.43692E-2 6.72031E-2 1.59254E-1 2.51209E-1 2.72042E-1 1.78254E-1 2.63054E-1 5.17601E-1 3.30477E-1 4.04776E-1 4.69384E-1 5.33946E-1 2.75627E-1 2.48447E-1 1.49052E-1 1.50525E-1 9.85027E-3 7.02765E-3 2.67091E-3 5.56579E-2 2.45021E-2 1.19503E-2 1.18052E-2 4.99435E-4 9.07996E-3 3.25687E-2 3.68586E-2 1.63423E-2 2.15723E-3 6.74809E-4 8.90369E-4 3.30516E-4 8.28125E-5 4.86299E-4 1.08494E-5 1.17767E-5 8.15666E-6 5.95862E-6 4.64439E-6 1.48389E-5 1.00989E-5 3.82775E-5 3.2366E-5 1.31596E-4 2.43367E-5
3.57658E-4 2.87805E-4 3.21673E-4 3.00649E-4 3.04119E-4 4.74221E-4 5.20301E-4 6.4782E-4 6.16607E-4 9.39236E-4 1.44611E-3 2.49256E-3 4.82959E-3 3.68731E-3 1.37874E-3 9.91869E-3 7.96044E-3 1.53225E-2 2.6295E-2 9.61267E-3 5.14644E-3 8.02508E-3 2.2571E-2 6.05812E-2 2.35831E-1 1.94214E-1 2.55627E-1 2.79885E-1 3.20355E-1 3.58509E-1 4.57313E-1 4.30194E-1 5.47127E-1 2.53994E-1 1.64281E-1 1.47825E-1 1.5473E-2 1.07501E-2 5.22692E-3 1.01098E-1 6.80975E-2 1.64055E-2 1.25954E-2 5.46008E-4 9.28323E-4 7.13461E-4 1.98003E-2 3.46709E-2 1.91466E-2 7.52989E-4 5.70433E-4 1.86051E-3 2.07755E-4 8.84934E-5 5.78861E-5 1.23184E-5 9.99822E-6 9.48003E-6 1.27211E-5 1.95516E-5 3.62622E-5 4.65928E-5 1.38835E-5 1.20092E-5 9.15084E-5
2.18895E-4 2.49608E-4 2.01835E-4 2.7068E-4 3.75422E-4 4.68189E-4 5.22868E-4 6.59376E-4 9.87889E-4 1.01943E-3 9.37628E-4 1.52652E-3 2.49676E-3 2.91148E-3 5.17222E-3 2.70549E-2 4.55172E-2 2.11711E-2 3.59056E-2 6.16908E-2 5.36538E-2 2.48465E-2 3.1696E-2 3.99243E-2 1.02863E-1 2.67268E-1 2.11654E-1 2.70711E-1 2.67689E-1 3.28706E-1 3.45939E-1 6.20296E-1 5.41147E-1 4.9026E-1 1.91872E-1 1.33423E-1 1.56009E-2 1.66902E-2 1.65381E-2 1.23544E-1 6.83815E-2 1.03454E-1 9.90243E-2 2.65142E-2 1.96836E-4 1.39352E-4 8.68915E-4 2.1139E-2 3.83576E-2 2.58742E-2 2.10494E-3 8.29752E-4 2.26342E-3 4.41151E-4 6.51732E-5 1.12344E-5 2.00891E-5 1.57842E-5 1.87871E-5 4.35648E-5 7.23404E-6 1.63304E-5 9.85213E-6 5.8241E-6 2.76101E-5
2.95095E-4 2.67692E-4 3.42154E-4 2.51376E-4 4.57323E-4 5.21591E-4 7.62864E-4 7.50449E-4 1.45145E-3 1.32601E-3 1.20701E-3 2.37399E-3 3.43966E-3 4.22929E-3 4.78048E-3 2.48947E-2 3.1457E-2 9.26299E-2 1.6657E-1 1.26921E-1 1.93019E-1 7.40397E-2 1.0519E-1 8.52122E-2 2.64069E-1 2.73359E-1 3.37792E-1 3.15826E-1 3.03379E-1 6.22847E-1 6.27764E-1 3.7335E-1 5.19938E-1 2.66775E-1 4.12053E-1 1.79841E-1 2.83663E-2 2.52598E-2 1.92119E-2 2.08635E-2 1.72199E-1 1.60958E-1 1.16211E-1 5.27228E-2 9.02694E-4 7.78516E-4 1.88312E-4 7.33655E-4 1.36371E-3 1.71262E-3 3.63099E-4 1.35104E-3 2.72631E-3 1.49457E-3 1.81948E-4 8.59748E-5 1.75967E-5 1.62364E-5 3.65522E-5 6.22984E-5 2.25446E-5 9.54905E-6 1.5596E-5 7.20338E-6 1.13024E-5
2.87421E-4 4.07149E-4 4.56783E-4 3.59573E-4 4.27087E-4 4.41888E-4 9.7246E-4 1.19066E-3 1.86654E-3 2.05089E-3 1.79354E-3 4.47631E-3 5.21401E-3 3.18392E-3 8.72504E-3 1.18263E-2 4.18077E-2 8.49469E-2 1.18369E-1 1.26713E-1 1.63351E-1 1.89892E-1 2.15325E-1 5.05595E-1 5.64147E-1 5.89517E-1 6.47074E-1 6.45033E-1 4.01068E-1 4.21408E-1 3.88219E-1 3.81936E-1 4.54564E-1 2.73921E-1 4.90465E-1 2.30378E-1 2.12276E-1 1.95749E-1 1.88893E-1 2.81331E-2 2.45646E-2 2.06783E-2 1.36501E-1 9.73515E-2 4.6508E-2 6.40315E-4 1.01259E-3 3.99141E-4 3.07503E-4 7.92057E-4 1.70574E-3 7.2132E-4 1.39658E-3 3.98424E-3 1.1858E-3 1.05716E-3 3.1022E-4 1.57395E-5 1.51658E-5 1.66983E-4 1.18294E-5 1.94995E-5 1.28622E-5 1.28998E-5 1.06397E-5
2.42525E-4 3.87759E-4 3.363E-4 6.02209E-4 6.67242E-4 6.64865E-4 4.73697E-4 6.67997E-4 7.82051E-4 1.90235E-3 4.16718E-3 4.44479E-3 3.39317E-3 3.03101E-3 8.74381E-3 2.14286E-2 1.40363E-1 8.03125E-2 9.6475E-2 3.22922E-1 1.87566E-1 2.10982E-1 2.27511E-1 2.62849E-1 2.97978E-1 3.40322E-1 3.55487E-1 3.68444E-1 4.01867E-1 3.86058E-1 3.93625E-1 3.88516E-1 4.20294E-1 5.76873E-1 3.41809E-1 5.42727E-1 2.43023E-1 2.32425E-1 2.42354E-1 3.62952E-2 3.42744E-2 2.49123E-2 2.1429E-1 2.06377E-1 1.6111E-1 6.79282E-2 6.81983E-3 2.60962E-3 3.19278E-3 2.73091E-3 7.23334E-4 4.9765E-4 1.27466E-3 2.7176E-3 1.90203E-3 2.0219E-3 3.66005E-4 5.48717E-4 4.28842E-5 6.27282E-5 8.27918E-5 2.92172E-5 3.18379E-5 2.32694E-5 1.96864E-5
5.1799E-4 6.02187E-4 5.37086E-4 4.87049E-4 6.53604E-4 4.34641E-4 6.05666E-4 6.81183E-4 1.46863E-3 2.58978E-3 3.89198E-3 4.0529E-3 2.99687E-3 4.55857E-3 8.4848E-3 1.39088E-2 2.75834E-2 7.04679E-2 2.86441E-1 2.0174E-1 2.14843E-1 2.35644E-1 2.56947E-1 2.81985E-1 2.98633E-1 2.56026E-1 2.75519E-1 3.35536E-1 3.8738E-1 3.84943E-1 4.04422E-1 3.92538E-1 4.05027E-1 4.178E-1 5.11548E-1 3.37187E-1 3.15612E-1 5.11791E-1 2.77483E-1 2.87148E-1 4.41587E-2 4.0218E-2 2.9601E-2 4.51305E-2 4.01044E-2 2.8165E-2 1.96726E-2 1.02256E-2 4.4537E-3 2.24985E-3 2.22933E-3 2.05777E-3 1.56881E-3 1.04283E-3 1.79873E-3 1.42653E-3 2.04334E-3 5.07195E-4 5.02515E-4 5.1958E-5 5.32607E-5 7.56916E-5 5.63459E-5 7.31546E-5 1.94636E-5
4.16549E-4 9.63723E-4 5.89671E-4 7.06213E-4 3.93826E-4 5.50315E-4 6.38E-4 5.89432E-4 2.86108E-3 3.98985E-3 3.3233E-3 3.25546E-3 4.86275E-3 8.48705E-3 1.91586E-2 3.27473E-2 5.75723E-2 1.80781E-1 1.58368E-1 2.20537E-1 2.45982E-1 2.62107E-1 2.83573E-1 3.06029E-1 2.68796E-1 3.35313E-1 3.51741E-1 3.68864E-1 3.5758E-1 3.73223E-1 3.62985E-1 3.64235E-1 3.72164E-1 3.7653E-1 3.97626E-1 4.35124E-1 6.13407E-1 3.8945E-1 5.88603E-1 3.31809E-1 3.18068E-1 2.87022E-1 4.3094E-2 3.5059E-2 2.89701E-2 2.29702E-2 2.52954E-2 1.72974E-2 1.05993E-2 4.60641E-3 1.35685E-3 3.44524E-4 4.47256E-4 4.27338E-4 4.91188E-4 3.38664E-4 1.75525E-3 1.14439E-3 2.97023E-4 2.5495E-4 2.7937E-4 6.50856E-5 7.73877E-5 1.19728E-4 6.35242E-5
8.46204E-4 5.76698E-4 1.12269E-3 5.71187E-4 6.71349E-4 6.65219E-4 7.35841E-4 7.79903E-4 1.62685E-3 3.84579E-3 2.77394E-3 4.57221E-3 5.42681E-3 1.19776E-2 2.82224E-2 1.31741E-2 1.27409E-2 3.56894E-2 2.24872E-1 1.72175E-1 2.46549E-1 2.74943E-1 2.95052E-1 3.00183E-1 2.83617E-1 3.39853E-1 3.39731E-1 3.49743E-1 3.11046E-1 3.40632E-1 3.34577E-1 3.24745E-1 3.10402E-1 3.2133E-1 3.26334E-1 3.57732E-1 4.17634E-1 6.62401E-1 4.51901E-1 4.08799E-1 6.12032E-1 5.89187E-1 5.62667E-1 5.17947E-1 1.00212E-1 3.15482E-2 2.69471E-2 2.47862E-2 1.4583E-2 7.02881E-3 3.53659E-3 1.42911E-3 8.20523E-4 8.33488E-4 1.5919E-3 5.56642E-4 1.38029E-3 1.11913E-3 3.07492E-3 2.65764E-4 2.43731E-4 3.35933E-4 3.56966E-4 7.27282E-5 8.20026E-5
2.35143E-3 1.54304E-3 8.28168E-4 7.50462E-4 6.89738E-4 8.30312E-4 9.06316E-4 9.18767E-4 4.19291E-3 3.73922E-3 5.06423E-3 8.7565E-3 7.80692E-3 1.19454E-2 2.00041E-2 8.44615E-3 1.71267E-2 1.15183E-1 9.58093E-2 1.3025E-1 2.32517E-1 2.73969E-1 2.88272E-1 2.97565E-1 3.08063E-1 3.05975E-1 3.36157E-1 3.45382E-1 3.36881E-1 2.77304E-1 2.63374E-1 2.52607E-1 3.19817E-1 3.76263E-1 4.33353E-1 4.54161E-1 4.99278E-1 5.4064E-1 6.29775E-1 4.68344E-1 4.55897E-1 4.3251E-1 4.0582E-1 3.5743E-1 3.06862E-1 2.87421E-1 3.64721E-2 4.81358E-2 7.51053E-2 1.50334E-2 8.86452E-3 6.21107E-3 4.0196E-3 2.73582E-3 1.55296E-3 6.75769E-4 2.16652E-4 9.58639E-4 2.14606E-3 1.23533E-3 1.96045E-3 5.64128E-4 4.0628E-4 4.46353E-4 3.36233E-4
2.05878E-3 2.98088E-3 1.02062E-3 1.5968E-3 8.37886E-4 1.00245E-3 9.76175E-4 1.56186E-3 3.99767E-3 4.76006E-3 5.97421E-3 1.22641E-2 1.31714E-2 1.12641E-2 1.47865E-2 2.48876E-2 3.45948E-2 7.63669E-2 1.54144E-1 2.01269E-1 2.48358E-1 2.70274E-1 2.6908E-1 2.4747E-1 2.41065E-1 2.88001E-1 3.26636E-1 3.34564E-1 3.55554E-1 3.26533E-1 3.13382E-1 3.88597E-1 4.4452E-1 4.46068E-1 4.40733E-1 4.30978E-1 4.52406E-1 4.75787E-1 5.16683E-1 5.49469E-1 7.11702E-1 7.09089E-1 4.37663E-1 4.3027E-1 3.70372E-1 3.54545E-1 3.11462E-1 4.15081E-2 3.12259E-2 2.4567E-2 4.19402E-2 1.28649E-2 1.0349E-2 4.12455E-3 7.75755E-4 5.41806E-4 5.37709E-4 3.00384E-4 1.00041E-3 1.00166E-3 1.37423E-3 1.04689E-3 2.37925E-4 3.95452E-4 2.50998E-4
5.03474E-3 3.67475E-3 2.36745E-3 1.09632E-3 1.03528E-3 8.89131E-4 3.4593E-3 3.6085E-3 3.68646E-3 3.73028E-3 5.58853E-3 1.11921E-2 2.37182E-2 2.28352E-2 3.12521E-2 5.44443E-2 6.31522E-2 1.02512E-1 1.73488E-1 2.40395E-1 2.57868E-1 2.77316E-1 2.62476E-1 2.56833E-1 2.59989E-1 2.98449E-1 3.06538E-1 3.13235E-1 3.41262E-1 3.55149E-1 3.94486E-1 4.08111E-1 4.45804E-1 4.48198E-1 4.32505E-1 4.30684E-1 4.3798E-1 4.55671E-1 4.46954E-1 5.06938E-1 5.2963E-1 5.49081E-1 6.82813E-1 4.43591E-1 4.12453E-1 4.23239E-1 3.42234E-1 3.02855E-1 2.59459E-1 3.57605E-2 2.83883E-2 4.59365E-2 1.46189E-2 8.27397E-3 2.45976E-3 9.95586E-4 3.93511E-4 2.95365E-4 1.8538E-4 7.74681E-4 9.65469E-4 2.30971E-4 1.41898E-3 4.56493E-4 1.54404E-4
5.09474E-3 2.8035E-3 3.15854E-3 2.63424E-3 2.11159E-3 3.37515E-3 3.4605E-3 4.31765E-3 4.66443E-3 5.95123E-3 8.2181E-3 7.86815E-3 2.54687E-2 4.06432E-2 5.34844E-2 7.5459E-2 1.1684E-1 1.29762E-1 2.07535E-1 2.44674E-1 2.59774E-1 2.70539E-1 2.74604E-1 2.77153E-1 2.67635E-1 2.68739E-1 2.8176E-1 3.1216E-1 3.26167E-1 3.40435E-1 3.78078E-1 3.95012E-1 4.36858E-1 4.35627E-1 4.38818E-1 3.98359E-1 3.91836E-1 4.11464E-1 4.22648E-1 4.42893E-1 4.65092E-1 4.93686E-1 6.09313E-1 6.77039E-1 4.31445E-1 4.19009E-1 4.00189E-1 3.75153E-1 3.0596E-1 2.73052E-1 3.47784E-2 7.1814E-2 1.60882E-2 1.28997E-2 7.63662E-3 2.63792E-3 1.73903E-3 1.98336E-3 8.30655E-4 3.31638E-4 6.79823E-4 3.6075E-4 1.13793E-3 9.7118E-4 2.16399E-4
3.88863E-3 3.28201E-3 2.83937E-3 3.51251E-3 4.90579E-3 4.47618E-3 4.81872E-3 5.3078E-3 7.04582E-3 8.35345E-3 1.1192E-2 1.14978E-2 1.95378E-2 4.74643E-2 6.92052E-2 7.30287E-2 9.89818E-2 7.45547E-2 1.88175E-1 2.34992E-1 2.56285E-1 2.67413E-1 2.62606E-1 2.6081E-1 2.64795E-1 2.53156E-1 2.76981E-1 2.9282E-1 3.00967E-1 3.27757E-1 3.53011E-1 3.79986E-1 3.92772E-1 3.93565E-1 3.89178E-1 3.80752E-1 3.82607E-1 3.63545E-1 3.81264E-1 3.95315E-1 4.23185E-1 4.87774E-1 5.27732E-1 6.93116E-1 4.14739E-1 4.25638E-1 4.00341E-1 3.55209E-1 3.27914E-1 2.90647E-1 2.65866E-1 3.89363E-2 2.14649E-2 1.6545E-2 8.3348E-3 7.64426E-3 3.73937E-3 4.88061E-3 5.54772E-3 2.34946E-3 1.82183E-3 1.05445E-3 1.85757E-4 4.94669E-4 3.46314E-4
3.25544E-3 4.09515E-3 5.41156E-3 3.56084E-3 6.75659E-3 6.51203E-3 6.99965E-3 7.7541E-3 8.70117E-3 1.09394E-2 1.39325E-2 1.49555E-2 2.30441E-2 2.58956E-2 6.2085E-2 7.01899E-2 6.28255E-2 5.04836E-2 1.72495E-1 2.33918E-1 1.17289E-1 2.57386E-1 2.58364E-1 2.54552E-1 1.07291E-1 1.07502E-1 1.11252E-1 2.66818E-1 2.78267E-1 2.88916E-1 3.04701E-1 3.39322E-1 3.79247E-1 3.84943E-1 3.58766E-1 3.51834E-1 3.44054E-1 3.54368E-1 3.64029E-1 3.85052E-1 4.07864E-1 4.45288E-1 5.26573E-1 6.7982E-1 4.14828E-1 3.94258E-1 3.86499E-1 3.38888E-1 3.36643E-1 2.88377E-1 2.77263E-1 2.76136E-1 3.50651E-2 2.17393E-2 8.1692E-3 9.01551E-3 1.19991E-2 7.39896E-3 6.08082E-3 7.51657E-3 2.96427E-3 2.34817E-3 5.01657E-4 1.1564E-4 3.92668E-4
6.60222E-3 6.07782E-3 5.24087E-3 8.17859E-3 8.12006E-3 8.5741E-3 8.34524E-3 9.51364E-3 1.01735E-2 1.25178E-2 1.64629E-2 1.89983E-2 2.09999E-2 3.11921E-2 5.25978E-2 6.78156E-2 3.39517E-2 3.36613E-2 1.33095E-1 2.01051E-1 1.19049E-1 1.23216E-1 1.18309E-1 1.06455E-1 1.02907E-1 1.06336E-1 1.05279E-1 1.21079E-1 1.26921E-1 2.75308E-1 2.90885E-1 3.14723E-1 3.42361E-1 3.5527E-1 3.63267E-1 3.55654E-1 3.52561E-1 3.51945E-1 3.57636E-1 3.71312E-1 3.95799E-1 4.42027E-1 4.90752E-1 6.90866E-1 4.00763E-1 3.99365E-1 3.71137E-1 3.49188E-1 3.32614E-1 3.18881E-1 3.2444E-1 2.97946E-1 4.53962E-2 3.44498E-2 3.22399E-2 2.68583E-2 1.7067E-2 1.71814E-2 1.10416E-2 9.86056E-3 2.78445E-3 7.75147E-4 6.5792E-4 3.00277E-4 5.97411E-4
7.21188E-3 6.25661E-3 5.24918E-3 7.82633E-3 6.97174E-3 7.55455E-3 9.12783E-3 9.01482E-3 1.22952E-2 1.34947E-2 1.48299E-2 1.47578E-2 1.85025E-2 3.90414E-2 6.38505E-2 5.42816E-2 3.88867E-2 4.78153E-2 1.04342E-1 2.00397E-1 1.17764E-1 1.10661E-1 1.12146E-1 1.11419E-1 1.08942E-1 1.08719E-1 1.08585E-1 1.06229E-1 1.11546E-1 1.25663E-1 2.85619E-1 2.98624E-1 3.24629E-1 3.63885E-1 3.71606E-1 3.76582E-1 3.7344E-1 3.57897E-1 3.56469E-1 3.70585E-1 3.91574E-1 4.25688E-1 4.67046E-1 5.05259E-1 6.71063E-1 6.71221E-1 4.23043E-1 4.23832E-1 4.1331E-1 3.9114E-1 3.31336E-1 3.39642E-1 3.16826E-1 2.96897E-1 6.15281E-2 1.23301E-1 3.63954E-2 2.58642E-2 1.95098E-2 7.44532E-3 1.79857E-3 1.82385E-3 2.71555E-3 3.07046E-3 1.08025E-3
6.20166E-3 5.66085E-3 8.86604E-3 8.16823E-3 7.71015E-3 8.47635E-3 9.4272E-3 1.08776E-2 9.68995E-3 1.1962E-2 1.33843E-2 1.70298E-2 2.7473E-2 4.63541E-2 4.92293E-2 4.10009E-2 4.51346E-2 5.63389E-2 8.40926E-2 1.84121E-1 1.02681E-1 1.1348E-1 1.13568E-1 1.15518E-1 1.09589E-1 1.07379E-1 1.08705E-1 1.04342E-1 1.03821E-1 1.09071E-1 1.13399E-1 2.67702E-1 2.96296E-1 3.61962E-1 3.86401E-1 4.05085E-1 3.91927E-1 3.73175E-1 3.63631E-1 3.44093E-1 3.61015E-1 3.79429E-1 4.3424E-1 4.49918E-1 4.69015E-1 5.13219E-1 6.15397E-1 6.31317E-1 7.18039E-1 4.39882E-1 4.03798E-1 3.54443E-1 3.77935E-1 3.41395E-1 2.94452E-1 6.36075E-2 1.43317E-1 3.49914E-2 1.85778E-2 7.6703E-3 7.59314E-3 4.93312E-3 1.72579E-3 1.11651E-3 1.1287E-3
4.25015E-3 7.55026E-3 7.73595E-3 6.13117E-3 7.57646E-3 8.80027E-3 1.03322E-2 9.74979E-3 1.20579E-2 1.49629E-2 1.7368E-2 1.72454E-2 3.23777E-2 4.96465E-2 3.88121E-2 4.37088E-2 4.54485E-2 8.11535E-2 1.00546E-1 1.83465E-1 9.75959E-2 1.12097E-1 1.16763E-1 1.18655E-1 1.15188E-1 1.09046E-1 1.04422E-1 1.02964E-1 9.86365E-2 1.01E-1 1.06217E-1 1.16717E-1 2.9184E-1 3.41636E-1 4.1512E-1 4.28584E-1 4.05076E-1 3.81297E-1 3.72408E-1 3.48705E-1 3.52862E-1 3.70412E-1 3.7677E-1 4.17489E-1 4.25643E-1 4.89006E-1 5.43556E-1 6.08065E-1 6.18947E-1 6.96634E-1 4.56877E-1 4.34207E-1 4.09583E-1 3.62781E-1 3.24106E-1 2.92949E-1 7.58037E-2 1.46265E-1 2.63923E-2 1.27018E-2 5.26246E-3 2.42456E-3 2.49719E-3 1.10277E-3 1.3204E-3
4.08531E-3 8.09928E-3 7.78093E-3 5.10546E-3 8.78721E-3 1.42272E-2 2.02809E-2 1.80908E-2 6.70429E-3 7.56106E-3 1.03277E-2 1.18332E-2 4.08984E-2 3.8299E-2 3.92843E-2 4.05033E-2 6.15057E-2 8.09487E-2 8.11137E-2 1.59691E-1 9.2457E-2 1.15407E-1 1.00127E-1 1.19011E-1 1.16193E-1 1.07349E-1 1.05374E-1 1.02357E-1 9.69087E-2 9.92266E-2 9.90438E-2 1.11806E-1 1.28887E-1 3.28232E-1 4.21251E-1 4.39343E-1 4.1409E-1 3.80882E-1 3.73562E-1 3.43164E-1 3.48093E-1 3.61719E-1 3.64417E-1 3.66105E-1 4.26048E-1 5.04614E-1 5.49797E-1 5.51608E-1 5.56489E-1 6.23557E-1 7.00634E-1 4.49892E-1 3.90297E-1 3.79631E-1 3.33558E-1 3.11722E-1 3.15521E-1 8.10728E-2 4.42675E-2 1.35108E-2 4.82914E-3 4.20389E-3 1.37224E-3 1.57383E-3 2.09001E-3
1.36334E-2 1.73147E-2 8.6119E-3 1.00814E-2 1.62602E-2 1.63957E-2 1.88386E-2 1.0168E-2 1.05815E-2 1.0666E-2 1.19656E-2 1.35751E-2 3.6699E-2 4.38195E-2 4.71476E-2 5.60321E-2 8.32286E-2 9.7252E-2 7.03217E-2 1.73342E-1 9.91923E-2 1.10167E-1 9.91931E-2 9.67389E-2 9.26591E-2 9.13629E-2 1.03247E-1 1.03117E-1 9.88404E-2 9.46401E-2 9.70564E-2 1.11E-1 1.24301E-1 3.09089E-1 3.95354E-1 3.8084E-1 3.3535E-1 3.33933E-1 3.37557E-1 3.57854E-1 3.45598E-1 3.50456E-1 3.58359E-1 3.70214E-1 4.20745E-1 4.71646E-1 4.92185E-1 4.95154E-1 5.04844E-1 5.31265E-1 6.14404E-1 4.391E-1 4.10857E-1 3.85098E-1 3.64591E-1 3.34519E-1 3.21774E-1 4.22072E-1 7.14935E-2 3.10515E-2 7.428E-3 3.8516E-3 2.4929E-3 1.70645E-3 2.0955E-3
1.31104E-2 1.50085E-2 1.01708E-2 6.23206E-3 5.56938E-3 9.49452E-3 1.57395E-2 1.75596E-2 1.84884E-2 8.46331E-3 9.8382E-3 3.37878E-2 4.45274E-2 5.56714E-2 6.32695E-2 7.94731E-2 1.05255E-1 1.20975E-1 1.15658E-1 1.82781E-1 9.20845E-2 1.12254E-1 9.51362E-2 9.25902E-2 8.99067E-2 8.96168E-2 9.05792E-2 9.05766E-2 8.62027E-2 8.40702E-2 8.73462E-2 1.11549E-1 1.23368E-1 1.39749E-1 3.19628E-1 3.28591E-1 2.99597E-1 2.86027E-1 3.15274E-1 3.29635E-1 3.43302E-1 3.53475E-1 3.64809E-1 3.76495E-1 4.07547E-1 4.31709E-1 4.70779E-1 4.81806E-1 4.92118E-1 5.12803E-1 5.59691E-1 4.3203E-1 4.38188E-1 4.29535E-1 4.12451E-1 3.95363E-1 3.16611E-1 4.51598E-1 4.03299E-1 5.74993E-2 2.57014E-2 8.37584E-3 3.77809E-3 2.84493E-3 2.63909E-3
1.27085E-2 1.06709E-2 1.09569E-2 8.84126E-3 5.18249E-3 5.74011E-3 1.23836E-2 1.99985E-2 2.39564E-2 1.13616E-2 1.52601E-2 5.24502E-2 6.64262E-2 7.14886E-2 7.85418E-2 8.35411E-2 9.3773E-2 1.05184E-1 1.08784E-1 1.70699E-1 9.27833E-2 1.0653E-1 9.10651E-2 9.1435E-2 9.00037E-2 9.04492E-2 9.12168E-2 9.11903E-2 9.54795E-2 9.19849E-2 9.025E-2 9.74837E-2 1.21349E-1 1.32512E-1 1.40698E-1 2.8073E-1 2.78833E-1 2.71621E-1 2.7184E-1 3.07433E-1 3.39919E-1 3.92198E-1 3.77153E-1 3.89823E-1 4.03427E-1 4.66535E-1 4.81728E-1 4.48701E-1 4.42759E-1 4.54384E-1 5.08979E-1 7.04712E-1 7.01042E-1 4.35162E-1 4.14444E-1 3.83893E-1 3.71107E-1 3.87584E-1 3.27491E-1 6.35666E-2 4.26232E-2 2.54452E-2 1.01977E-2 1.61597E-2 1.60078E-2
1.29908E-2 4.39896E-3 1.51676E-2 2.75114E-2 3.33533E-2 2.15605E-2 1.62321E-2 2.35058E-2 3.75441E-2 4.54693E-2 5.47806E-2 7.30465E-2 9.35684E-2 9.79558E-2 9.66754E-2 8.80069E-2 8.02528E-2 1.16296E-1 8.79074E-2 1.94714E-1 1.01401E-1 8.92827E-2 8.73793E-2 8.73843E-2 8.72646E-2 8.81164E-2 9.46811E-2 9.68757E-2 9.79252E-2 1.00444E-1 9.36669E-2 9.71308E-2 9.96437E-2 1.0769E-1 1.32629E-1 1.25674E-1 1.22677E-1 1.2399E-1 1.25707E-1 2.9927E-1 3.34967E-1 3.80258E-1 3.65061E-1 3.82174E-1 4.17644E-1 4.73635E-1 4.9084E-1 4.63125E-1 4.44478E-1 4.2501E-1 4.69425E-1 5.34498E-1 5.5922E-1 6.97341E-1 5.68514E-1 6.71729E-1 3.86605E-1 3.7475E-1 3.30104E-1 6.81553E-2 5.9203E-2 4.56163E-2 2.51953E-2 1.44016E-2 9.03038E-3
