KUENM_DEFAULT/Final_Models/M_1_F_lqpth_Set_1_NE/sp1_se_asia_min.asc
ncols         320
nrows         243
xllcorner     44.0
yllcorner     -0.666666666666667
cellsize      0.166666666666667
NODATA_value  -9999
[rows 93 to 123 of 243, columns 140 to 209 of 320]
7.43837E-3 8.57809E-3 1.26353E-2 1.59349E-2 2.52962E-2 3.96313E-2 4.86444E-2 8.70756E-2 6.91352E-2 7.32793E-2 1.08582E-1 2.56312E-2 4.80372E-2 3.27005E-2 3.65361E-2 3.98391E-2 4.36635E-2 4.85669E-2 8.99484E-2 6.32386E-2 7.29485E-2 6.13348E-2 1.16557E-1 4.98539E-1 4.65303E-1 4.2956E-1 4.03419E-1 3.65335E-1 3.2413E-1 5.22566E-1 4.4129E-1 3.18498E-1 1.95265E-1 2.04474E-1 2.4487E-1 2.50165E-1 2.77698E-1 3.59891E-1 3.51004E-1 5.15602E-1 4.16229E-1 3.20686E-1 3.01154E-1 2.52624E-1 3.44034E-1 2.6484E-1 3.52116E-1 3.80954E-1 4.10091E-1 4.10086E-1 4.27981E-1 4.21833E-1 2.66511E-1 7.92463E-2 8.36551E-2 8.36333E-2 4.54099E-2 3.53634E-2 6.54815E-2 6.14181E-2 6.66561E-2 1.1177E-1 7.58545E-2 6.77062E-2 5.39576E-2 4.81922E-2 4.18982E-2 3.54495E-2 3.81676E-2 3.54692E-2
7.44817E-3 8.83448E-3 0E0 1.60602E-2 2.64655E-2 4.65104E-2 7.64354E-2 7.26765E-2 5.43235E-2 9.28799E-2 9.70219E-2 1.10006E-1 3.38159E-2 3.85062E-2 4.0895E-2 4.29759E-2 4.52857E-2 4.99368E-2 5.85153E-2 6.83272E-2 5.91764E-2 7.13831E-2 8.21883E-2 3.54431E-1 4.51035E-1 4.0755E-1 3.85077E-1 3.60737E-1 4.16201E-1 5.32245E-1 4.61872E-1 3.69503E-1 2.69905E-1 2.59314E-1 3.37458E-1 3.98033E-2 2.92523E-1 3.2715E-1 4.28061E-1 5.69191E-1 4.77679E-1 3.92925E-1 3.94383E-1 3.05241E-1 3.27145E-1 9.6739E-2 2.85584E-1 3.66064E-1 3.962E-1 2.77712E-1 4.08768E-1 3.85289E-1 3.77362E-1 8.43172E-2 2.72815E-1 8.55215E-2 4.14045E-2 3.8116E-2 6.83014E-2 1.24472E-1 3.54627E-1 1.08136E-1 6.99125E-2 6.56542E-2 5.78401E-2 4.43774E-2 3.86623E-2 3.27889E-2 3.2622E-2 3.63451E-2
-9999 9.64976E-3 1.20642E-2 1.85086E-2 2.9752E-2 4.60782E-2 4.26126E-2 5.73467E-2 6.87742E-2 1.20078E-1 7.20537E-2 7.65528E-2 2.82382E-2 3.2503E-2 3.381E-2 3.01584E-2 3.34291E-2 6.55504E-2 4.70543E-2 5.59641E-2 6.61122E-2 7.78286E-2 3.61399E-1 3.33798E-1 4.32275E-1 3.95586E-1 3.70896E-1 3.52645E-1 4.15779E-1 6.13834E-1 5.97879E-1 4.99169E-1 3.99829E-1 3.4923E-1 3.17405E-1 2.8135E-1 2.86815E-1 3.45574E-1 4.88484E-1 5.57073E-1 5.72041E-1 5.05629E-1 4.04679E-1 3.02591E-1 3.34981E-1 9.7606E-2 2.74179E-1 2.94572E-1 3.83742E-1 2.63634E-1 3.58914E-1 1.17155E-1 3.59276E-1 3.81878E-1 2.55706E-1 8.28166E-2 3.96649E-2 3.57752E-2 6.50258E-2 1.23335E-1 3.52039E-1 7.09148E-2 5.99336E-2 5.18049E-2 4.51567E-2 3.78363E-2 3.23057E-2 2.9288E-2 3.00324E-2 2.51785E-2
-9999 -9999 -9999 -9999 3.72439E-2 3.36543E-2 4.08204E-2 -9999 8.39234E-2 8.97425E-2 8.94054E-2 8.32651E-2 9.41019E-2 2.81751E-2 2.75623E-2 2.70414E-2 3.23753E-2 6.61394E-2 7.75791E-2 9.83971E-2 7.33374E-2 3.72302E-1 3.49403E-1 3.27374E-1 3.09492E-1 4.0261E-1 3.86501E-1 4.46323E-1 6.10224E-1 6.01302E-1 5.67466E-1 5.09684E-1 4.30157E-1 3.19001E-1 3.37123E-1 3.37607E-1 3.24443E-1 3.28526E-1 4.0824E-1 4.95364E-1 4.8945E-1 4.19267E-1 3.49515E-1 3.19911E-1 5.78947E-2 5.52003E-2 2.06545E-1 2.32888E-1 2.31909E-1 2.37395E-1 3.5785E-1 2.77374E-1 2.86459E-1 1.35631E-1 8.07623E-2 3.59686E-2 3.45072E-2 5.96379E-2 5.45206E-2 6.18194E-2 8.12155E-2 6.27288E-2 5.33953E-2 4.17768E-2 3.60866E-2 3.08765E-2 2.6969E-2 2.71308E-2 2.67371E-2 2.41218E-2
-9999 -9999 -9999 -9999 -9999 -9999 6.08311E-2 7.43383E-2 8.5619E-2 9.60769E-2 1.01256E-1 1.00331E-1 8.09389E-2 3.63186E-2 2.95959E-2 2.18327E-2 5.04431E-2 6.65518E-2 8.46673E-2 1.08574E-1 3.41499E-1 3.34312E-1 3.34173E-1 3.16654E-1 2.98178E-1 4.04464E-1 2.61891E-1 4.47095E-1 6.13537E-1 5.68536E-1 5.41325E-1 5.0896E-1 4.37758E-1 4.03895E-1 3.3008E-1 3.3381E-1 3.23743E-1 3.86936E-1 4.02069E-1 4.72893E-1 4.42199E-1 3.67885E-1 5.0508E-2 4.44406E-2 3.37377E-2 3.18083E-2 2.08465E-1 2.19333E-1 2.1198E-1 2.88444E-1 2.75794E-1 2.83255E-1 1.31143E-1 6.14519E-2 3.29348E-2 3.21495E-2 3.1389E-2 4.86699E-2 4.79802E-2 5.54963E-2 5.90168E-2 5.1775E-2 4.54951E-2 3.6723E-2 2.99434E-2 2.73072E-2 2.42515E-2 2.26735E-2 2.58949E-2 2.50343E-2
-9999 -9999 -9999 -9999 -9999 -9999 -9999 7.49503E-2 9.10084E-2 1.01367E-1 1.13814E-1 1.16016E-1 9.47873E-2 6.63338E-2 1.14354E-1 4.0034E-2 5.41752E-2 7.40554E-2 9.72711E-2 4.27401E-1 4.43372E-1 4.53444E-1 3.19408E-1 3.08332E-1 4.08929E-1 3.89479E-1 3.58579E-1 6.27692E-1 5.98932E-1 4.74759E-1 4.98899E-1 4.78829E-1 4.64226E-1 4.46894E-1 4.20263E-1 3.44713E-1 3.60946E-1 3.66222E-1 3.87822E-1 4.29994E-1 4.22622E-1 3.67423E-1 4.38271E-2 4.03709E-2 3.23374E-2 2.60719E-2 2.89034E-2 5.9948E-2 2.03161E-1 2.7369E-1 2.66623E-1 2.65334E-1 5.27461E-2 4.97265E-2 5.00985E-2 2.74915E-2 2.60989E-2 4.00205E-2 3.77972E-2 4.15573E-2 4.39036E-2 4.19396E-2 4.05408E-2 3.22473E-2 2.85868E-2 2.51673E-2 2.43719E-2 2.29766E-2 2.57837E-2 3.1531E-2
-9999 -9999 -9999 -9999 -9999 -9999 -9999 -9999 7.03224E-2 9.89661E-2 1.19014E-1 1.76955E-1 1.0416E-1 1.16741E-1 1.80128E-1 1.17523E-1 1.07979E-1 4.90142E-2 1.03396E-1 4.42229E-1 3.13894E-1 4.39269E-1 2.99949E-1 2.95263E-1 3.91989E-1 3.71642E-1 3.58063E-1 6.22327E-1 5.7678E-1 5.26913E-1 4.62422E-1 4.50251E-1 4.58918E-1 4.41527E-1 3.71927E-1 3.3056E-1 3.61727E-1 3.82137E-1 3.80662E-1 3.06165E-1 3.16802E-1 3.27324E-1 3.80564E-2 3.14371E-2 3.57722E-2 3.11044E-2 5.22812E-2 3.30595E-2 2.00701E-1 2.69248E-1 2.61615E-1 1.26653E-1 5.53082E-2 4.02366E-2 4.33279E-2 4.46426E-2 4.23185E-2 3.39445E-2 2.7485E-2 3.81921E-2 4.12067E-2 3.63956E-2 3.49552E-2 3.15808E-2 2.95946E-2 2.37834E-2 3.70132E-2 3.55914E-2 3.29183E-2 3.13404E-2
-9999 -9999 -9999 -9999 -9999 -9999 -9999 -9999 -9999 6.98236E-2 9.0415E-2 1.14365E-1 1.13665E-1 2.14139E-1 1.35303E-1 1.35897E-1 1.15076E-1 1.35434E-1 -9999 4.17857E-1 4.13918E-1 2.89877E-1 3.95834E-1 3.86014E-1 3.73297E-1 3.57537E-1 6.51431E-1 6.23764E-1 5.57616E-1 4.99773E-1 4.62074E-1 4.28414E-1 4.34376E-1 4.2057E-1 3.37342E-1 3.11243E-1 3.81776E-1 3.21517E-1 3.27399E-1 5.39382E-2 2.90999E-1 2.7663E-1 3.70806E-2 3.42278E-2 5.87034E-2 6.23293E-2 6.31551E-2 6.38863E-2 2.19019E-1 2.17803E-1 1.23815E-1 5.36119E-2 4.482E-2 4.76578E-2 4.32549E-2 4.0523E-2 4.04544E-2 3.36124E-2 3.08999E-2 3.47406E-2 3.66739E-2 3.31738E-2 3.0386E-2 3.20969E-2 2.56562E-2 2.51629E-2 3.2519E-2 3.82583E-2 4.02996E-2 4.11306E-2
-9999 -9999 -9999 -9999 -9999 -9999 -9999 -9999 -9999 -9999 -9999 7.98672E-2 1.02542E-1 1.14049E-1 1.15922E-1 1.15625E-1 -9999 -9999 3.90947E-1 5.22111E-1 3.72688E-1 3.63282E-1 4.20925E-1 4.20925E-1 6.57916E-1 6.12083E-1 5.35646E-1 6.08334E-1 5.40081E-1 4.44096E-1 4.46103E-1 4.44434E-1 4.1641E-1 3.18491E-1 3.33528E-1 3.28817E-1 3.77075E-1 3.4244E-1 5.87979E-2 5.92318E-2 2.68907E-1 2.74495E-1 2.81439E-1 2.70496E-1 2.24122E-1 5.85103E-2 6.47061E-2 1.96925E-1 2.19754E-1 2.09523E-1 5.39226E-2 4.68977E-2 4.59304E-2 4.61829E-2 4.73608E-2 4.84077E-2 5.01642E-2 4.11176E-2 3.0768E-2 3.34943E-2 3.178E-2 3.26911E-2 2.72135E-2 2.48939E-2 2.42569E-2 2.46444E-2 2.69075E-2 2.9763E-2 3.29504E-2 3.59078E-2
-9999 -9999 -9999 -9999 -9999 -9999 -9999 -9999 -9999 -9999 -9999 -9999 -9999 -9999 -9999 -9999 -9999 -9999 4.27366E-1 4.5769E-1 5.75241E-1 5.59624E-1 6.08847E-1 6.17388E-1 6.58596E-1 5.94699E-1 5.18806E-1 5.92099E-1 5.17329E-1 4.30492E-1 4.45464E-1 4.34885E-1 3.18386E-1 2.05439E-1 3.1197E-1 3.66924E-1 3.62801E-1 6.25852E-2 4.40407E-2 4.0592E-2 2.43263E-1 2.68194E-1 2.78284E-1 2.79766E-1 2.17345E-1 1.99613E-1 6.16941E-2 6.63991E-2 1.97738E-1 1.89527E-1 4.91075E-2 4.38926E-2 4.11756E-2 4.27473E-2 4.66568E-2 4.50184E-2 5.47371E-2 5.57158E-2 5.17895E-2 4.91166E-2 4.54027E-2 3.31855E-2 2.89364E-2 2.6111E-2 2.3638E-2 2.25138E-2 2.5439E-2 2.8325E-2 2.50508E-2 2.55805E-2
-9999 -9999 -9999 -9999 -9999 -9999 -9999 -9999 -9999 -9999 -9999 -9999 -9999 -9999 -9999 -9999 -9999 3.69806E-1 4.2731E-1 4.61254E-1 5.83602E-1 5.26577E-1 6.04749E-1 6.07421E-1 5.76317E-1 5.92141E-1 6.13076E-1 5.84799E-1 5.23355E-1 4.61265E-1 4.66961E-1 4.33578E-1 2.95895E-1 2.50173E-1 3.265E-1 3.68694E-1 3.23821E-1 4.94496E-2 3.54595E-2 3.32213E-2 3.37908E-2 2.18007E-1 2.43294E-1 2.50704E-1 2.24672E-1 2.11475E-1 1.92025E-1 6.74528E-2 2.94973E-2 2.7819E-2 2.39655E-2 4.24597E-2 5.26393E-2 4.8423E-2 4.78963E-2 5.67585E-2 6.44442E-2 6.13876E-2 5.61196E-2 5.1789E-2 4.45434E-2 3.37512E-2 2.96881E-2 2.66946E-2 2.35697E-2 1.67174E-2 1.51864E-2 2.12446E-2 2.33942E-2 1.31712E-2
-9999 -9999 -9999 -9999 -9999 -9999 -9999 -9999 -9999 -9999 -9999 -9999 -9999 -9999 1.09389E-1 1.70387E-1 2.44323E-1 3.35061E-1 4.48425E-1 5.4554E-1 5.47342E-1 5.28408E-1 5.17507E-1 5.82711E-1 6.00065E-1 5.75159E-1 5.8563E-1 5.87299E-1 5.37976E-1 5.26574E-1 5.11577E-1 4.50399E-1 4.05305E-1 3.65744E-1 3.44571E-1 3.26406E-1 5.05961E-2 3.89027E-2 3.24486E-2 3.57764E-2 3.78928E-2 6.31143E-2 2.64064E-1 2.82258E-1 3.00578E-1 2.88998E-1 2.78607E-1 2.3765E-1 7.4493E-2 2.96884E-2 2.42189E-2 9.47587E-2 2.69916E-1 2.81756E-1 7.23685E-2 6.91223E-2 6.65639E-2 5.8928E-2 5.13705E-2 4.31972E-2 3.6279E-2 3.24722E-2 3.0701E-2 3.13441E-2 2.72433E-2 1.61285E-2 3.18348E-3 1.70429E-2 9.46559E-3 1.13901E-2
-9999 -9999 -9999 -9999 -9999 -9999 -9999 -9999 -9999 -9999 1.59508E-2 2.11254E-2 3.21138E-2 6.06078E-2 1.0667E-1 2.92382E-1 3.69009E-1 3.28E-1 4.10104E-1 5.76523E-1 4.76056E-1 4.77778E-1 4.66562E-1 4.67153E-1 5.83366E-1 5.73328E-1 5.89151E-1 5.86804E-1 5.83843E-1 -9999 5.04241E-1 -9999 4.13567E-1 -9999 4.72652E-2 4.8667E-2 4.60548E-2 3.66735E-2 3.46949E-2 3.48954E-2 3.60705E-2 3.77281E-2 2.84993E-1 3.1481E-1 3.59478E-1 3.69413E-1 3.56861E-1 3.71576E-1 3.35493E-1 3.23905E-1 3.30184E-1 3.32787E-1 3.26166E-1 3.07913E-1 1.54987E-1 7.91034E-2 6.48386E-2 4.97991E-2 4.46573E-2 3.86215E-2 3.5608E-2 3.12523E-2 3.07594E-2 3.87486E-2 2.90964E-2 1.61895E-2 8.19489E-3 5.23025E-3 1.07045E-2 1.99191E-2
-9999 -9999 -9999 -9999 -9999 -9999 -9999 -9999 -9999 -9999 -9999 1.92672E-2 0E0 5.71134E-2 1.41628E-1 1.20077E-1 1.58713E-1 4.24694E-1 4.99896E-1 5.50858E-1 4.50761E-1 4.46163E-1 4.46177E-1 4.40418E-1 5.68738E-1 5.74519E-1 5.76373E-1 5.31369E-1 5.85099E-1 5.76954E-1 -9999 4.53547E-1 4.18097E-1 3.70955E-1 5.1914E-2 4.7378E-2 4.5698E-2 4.09995E-2 3.85816E-2 3.44642E-2 3.35563E-2 7.04533E-2 3.18857E-1 3.35999E-1 3.94877E-1 4.26224E-1 4.1882E-1 4.07206E-1 3.72694E-1 3.54192E-1 3.43031E-1 3.15101E-1 3.08696E-1 3.12135E-1 8.37479E-2 7.75015E-2 6.19123E-2 4.1225E-2 3.00979E-2 2.74172E-2 2.91412E-2 2.83206E-2 3.53285E-2 3.25193E-2 3.43541E-2 2.35049E-2 2.00992E-2 1.97076E-2 1.93596E-2 2.7633E-2
-9999 -9999 -9999 -9999 -9999 -9999 -9999 -9999 -9999 -9999 -9999 -9999 3.17724E-2 5.56612E-2 6.83081E-2 8.85517E-2 1.24251E-1 1.70859E-1 2.31792E-1 2.81934E-1 3.2167E-1 3.75624E-1 5.51247E-1 5.15436E-1 4.82686E-1 4.83717E-1 4.71264E-1 4.73456E-1 5.73027E-1 -9999 -9999 -9999 4.22789E-1 4.03194E-1 6.0777E-2 5.0133E-2 4.61242E-2 4.2706E-2 3.8314E-2 3.10543E-2 3.27601E-2 2.4982E-1 2.18226E-1 2.37525E-1 3.48727E-1 3.51067E-1 4.07861E-1 3.86599E-1 4.63301E-1 4.41132E-1 3.88197E-1 3.10133E-1 3.10429E-1 1.60599E-1 7.68823E-2 7.09921E-2 4.57169E-2 3.25335E-2 2.13404E-2 2.46393E-2 3.12095E-2 3.78309E-2 3.83288E-2 3.00497E-2 2.41266E-2 2.64871E-2 2.68484E-2 3.07437E-2 2.94416E-2 3.24574E-2
-9999 -9999 -9999 -9999 -9999 -9999 -9999 -9999 -9999 -9999 -9999 -9999 -9999 4.10151E-2 4.76461E-2 6.61476E-2 8.64545E-2 1.11519E-1 1.46391E-1 1.81523E-1 2.4435E-1 2.82793E-1 4.96338E-1 5.00783E-1 5.2111E-1 3.96908E-1 4.26109E-1 5.55574E-1 5.48058E-1 -9999 -9999 4.15239E-1 4.03482E-1 3.49443E-1 5.77761E-2 4.17612E-2 2.92164E-2 2.57225E-2 2.20695E-2 2.34449E-2 2.15321E-2 1.96275E-1 2.49685E-1 2.95622E-1 2.89901E-1 2.90898E-1 4.3675E-1 4.18626E-1 3.89866E-1 4.4079E-1 3.98661E-1 3.14254E-1 2.97007E-1 6.85398E-2 6.73733E-2 5.69273E-2 3.89058E-2 2.4119E-2 2.81852E-2 3.26482E-2 3.40338E-2 4.26463E-2 3.92039E-2 3.61053E-2 3.50421E-2 3.30733E-2 3.32829E-2 4.0184E-2 4.52771E-2 4.43011E-2
-9999 -9999 -9999 -9999 -9999 -9999 -9999 -9999 -9999 -9999 -9999 -9999 -9999 -9999 4.02889E-2 4.71651E-2 5.76571E-2 7.32183E-2 8.14045E-2 1.13502E-1 1.56261E-1 2.1527E-1 4.19475E-1 4.30943E-1 2.79173E-1 4.6318E-1 2.8891E-1 2.82661E-1 3.00526E-1 3.2276E-1 -9999 -9999 -9999 3.08529E-1 4.32327E-2 3.12308E-2 2.32013E-2 2.10886E-2 2.12938E-2 2.85921E-2 7.66446E-2 3.69425E-1 4.25471E-1 4.55648E-1 4.1414E-1 3.07132E-1 4.03781E-1 3.55296E-1 2.95827E-1 3.32559E-1 2.83083E-1 2.58523E-1 5.31505E-2 6.21513E-2 6.38601E-2 5.58082E-2 4.43468E-2 3.51881E-2 2.80854E-2 2.22078E-2 1.67371E-2 2.15507E-2 3.3464E-2 4.21935E-2 3.91914E-2 4.10688E-2 4.53351E-2 4.67182E-2 4.74099E-2 4.72895E-2
-9999 -9999 -9999 -9999 -9999 -9999 -9999 -9999 -9999 -9999 -9999 -9999 -9999 -9999 -9999 3.70051E-2 3.3811E-2 2.57321E-2 4.71128E-2 7.45254E-2 1.21497E-1 1.63496E-1 2.08617E-1 3.68549E-1 3.86396E-1 2.33748E-1 2.32914E-1 2.3426E-1 2.43756E-1 -9999 -9999 -9999 2.36523E-1 2.95368E-2 2.21301E-2 1.5708E-2 1.15172E-2 1.51216E-2 2.57205E-2 3.94065E-2 2.89508E-1 4.0272E-1 4.84593E-1 5.18793E-1 4.89055E-1 4.12911E-1 3.59434E-1 4.17178E-1 3.6477E-1 2.60346E-1 1.0442E-1 2.64631E-1 2.6574E-1 2.92667E-1 2.97213E-1 7.41079E-2 5.73197E-2 3.93597E-2 2.73893E-2 1.52717E-2 1.71268E-2 2.94978E-2 4.36349E-2 4.62337E-2 4.12342E-1 5.45813E-2 4.68861E-2 4.64367E-2 4.61746E-2 5.04634E-2
-9999 -9999 -9999 -9999 -9999 -9999 -9999 -9999 -9999 -9999 -9999 -9999 -9999 -9999 -9999 -9999 3.1676E-2 2.0591E-2 3.32229E-2 5.48331E-2 7.57373E-2 1.05462E-1 2.57793E-1 2.98043E-1 3.22515E-1 1.79273E-1 1.80667E-1 1.80457E-1 1.85608E-1 -9999 -9999 -9999 1.90658E-2 1.37919E-2 1.04579E-2 8.71319E-3 5.58138E-3 8.39835E-3 2.21272E-2 3.1428E-2 2.67759E-1 3.5832E-1 5.11364E-1 5.51294E-1 5.11115E-1 4.4371E-1 4.13021E-1 3.86099E-1 3.51013E-1 3.8727E-1 3.91622E-1 3.83525E-1 4.42356E-1 4.19776E-1 3.58679E-1 5.82781E-2 4.69787E-2 4.0487E-2 3.02382E-2 3.85816E-2 3.34804E-1 3.4675E-1 3.26919E-1 3.13966E-1 3.303E-1 4.93989E-2 4.18283E-2 4.34794E-2 4.50818E-2 4.8573E-2
-9999 -9999 -9999 -9999 -9999 -9999 -9999 -9999 -9999 -9999 -9999 -9999 -9999 -9999 -9999 -9999 -9999 3.17094E-2 4.10961E-2 4.74211E-2 5.56758E-2 8.31803E-2 2.00886E-1 1.38166E-1 2.67416E-1 1.41122E-1 1.47437E-1 -9999 -9999 -9999 -9999 -9999 -9999 7.71037E-3 4.84785E-3 5.14447E-3 2.83304E-3 3.93971E-3 1.27331E-2 2.27797E-2 2.55127E-1 3.8905E-1 5.10009E-1 5.43844E-1 4.81167E-1 4.77155E-1 4.40397E-1 4.19016E-1 3.89566E-1 4.68746E-1 4.9707E-1 4.93965E-1 5.1874E-1 4.51676E-1 4.21927E-1 4.34364E-1 5.02984E-1 5.06063E-1 5.03956E-1 4.39116E-1 4.14033E-1 3.47016E-1 3.20385E-1 2.9169E-1 4.79331E-2 4.43749E-2 3.86927E-2 3.96051E-2 4.27511E-2 4.54422E-2
-9999 -9999 -9999 -9999 -9999 -9999 -9999 -9999 -9999 -9999 -9999 -9999 -9999 -9999 -9999 -9999 -9999 -9999 4.51908E-2 3.96477E-2 3.95614E-2 5.54927E-2 8.42857E-2 2.91293E-1 3.1073E-1 -9999 -9999 -9999 -9999 -9999 -9999 -9999 -9999 3.43042E-3 1.70085E-3 9.60237E-4 5.31946E-4 2.36804E-3 7.74512E-3 2.07026E-2 2.66206E-1 4.6138E-1 4.2086E-1 5.40682E-1 4.69301E-1 4.56607E-1 4.06803E-1 3.8452E-1 3.66151E-1 3.82771E-1 4.17863E-1 4.58406E-1 5.39732E-1 5.4633E-1 5.33839E-1 5.5069E-1 5.71571E-1 4.90754E-1 5.60846E-1 5.38098E-1 4.88485E-1 3.32436E-1 2.89989E-1 2.66543E-1 4.53092E-2 3.78117E-2 3.79266E-2 4.12226E-2 4.17721E-2 4.31396E-2
-9999 -9999 -9999 -9999 -9999 -9999 -9999 -9999 -9999 -9999 -9999 -9999 -9999 -9999 -9999 -9999 -9999 -9999 -9999 -9999 2.86695E-2 3.78416E-2 -9999 -9999 -9999 -9999 -9999 -9999 -9999 -9999 -9999 -9999 -9999 -9999 5.48588E-4 2.39929E-4 1.61586E-4 1.34691E-3 6.39853E-3 8.32129E-3 2.09139E-1 4.36586E-1 3.84206E-1 5.108E-1 4.32264E-1 4.15511E-1 3.63442E-1 3.46513E-1 3.30811E-1 3.61773E-1 3.98499E-1 4.46467E-1 4.76029E-1 4.8016E-1 4.88521E-1 5.15106E-1 4.7064E-1 4.44249E-1 4.84565E-1 4.42831E-1 3.9642E-1 3.20224E-1 2.85911E-1 2.76718E-1 3.71072E-2 3.62875E-2 3.73642E-2 4.09136E-2 4.01089E-2 3.82696E-2
-9999 -9999 -9999 -9999 -9999 -9999 -9999 -9999 -9999 -9999 -9999 -9999 -9999 -9999 -9999 -9999 -9999 -9999 -9999 -9999 -9999 -9999 -9999 -9999 -9999 -9999 -9999 -9999 -9999 -9999 -9999 -9999 -9999 6.16054E-4 3.29582E-4 1.83864E-4 2.19351E-4 1.31494E-3 8.21205E-3 2.01351E-2 3.00439E-1 3.80015E-1 4.23629E-1 5.16702E-1 4.23439E-1 3.69375E-1 3.50606E-1 3.26879E-1 3.11169E-1 3.51608E-1 3.64624E-1 3.94244E-1 3.26112E-1 2.53364E-1 3.83152E-1 4.76747E-1 4.27704E-1 4.119E-1 4.01443E-1 3.72349E-1 3.29221E-1 3.05693E-1 2.85019E-1 2.71202E-1 3.59767E-2 3.50339E-2 3.60184E-2 3.71884E-2 3.76726E-2 3.36512E-2
-9999 -9999 -9999 -9999 -9999 -9999 -9999 -9999 -9999 -9999 -9999 -9999 -9999 -9999 -9999 -9999 -9999 -9999 -9999 -9999 -9999 -9999 -9999 -9999 -9999 -9999 -9999 -9999 -9999 -9999 -9999 -9999 -9999 4.51612E-4 2.10911E-4 1.34598E-4 3.01292E-4 2.34582E-3 1.09475E-2 1.51002E-1 2.67349E-1 4.15109E-1 3.93508E-1 5.15348E-1 4.04492E-1 3.35823E-1 3.03042E-1 2.27119E-1 2.91727E-1 2.90964E-1 3.19667E-1 3.41981E-1 2.67894E-1 2.02196E-1 2.27414E-1 3.02795E-1 3.8096E-1 3.43754E-1 3.44018E-1 3.26868E-1 4.60885E-2 4.18337E-2 3.95573E-2 3.66274E-2 3.1179E-2 2.96065E-2 3.20249E-2 3.41942E-2 3.37781E-2 3.22123E-2
-9999 -9999 -9999 -9999 -9999 -9999 -9999 -9999 -9999 -9999 -9999 -9999 -9999 -9999 -9999 -9999 -9999 -9999 -9999 -9999 -9999 -9999 -9999 -9999 -9999 -9999 -9999 -9999 -9999 -9999 -9999 -9999 9.18842E-4 4.05828E-4 1.35276E-4 8.16221E-5 2.69586E-4 2.95068E-3 1.62579E-2 2.33499E-1 3.06275E-1 4.17028E-1 4.5899E-1 4.75379E-1 3.55581E-1 2.39496E-1 2.39832E-1 2.75601E-1 2.92141E-1 3.28655E-1 3.69938E-1 2.68375E-1 3.66275E-1 2.91866E-1 2.39056E-1 2.44428E-1 2.85255E-1 4.55654E-2 4.25781E-2 4.14373E-2 4.08186E-2 4.15796E-2 3.87584E-2 3.60492E-2 3.1677E-2 2.99648E-2 2.86761E-2 3.0293E-2 3.23345E-2 3.21804E-2
-9999 -9999 -9999 -9999 -9999 -9999 -9999 -9999 -9999 -9999 -9999 -9999 -9999 -9999 -9999 -9999 -9999 -9999 -9999 -9999 -9999 -9999 -9999 -9999 -9999 -9999 -9999 -9999 -9999 -9999 -9999 -9999 4.62164E-4 1.88999E-4 4.67461E-5 4.20816E-5 1.37449E-4 2.00078E-3 1.82968E-2 3.00996E-1 4.40308E-1 3.79527E-1 3.82819E-1 4.62383E-1 3.24188E-1 2.65748E-1 2.27176E-1 2.84469E-1 3.12377E-1 3.49149E-1 3.9485E-1 2.89183E-1 4.23822E-1 3.93844E-1 3.31551E-1 2.94975E-1 3.02786E-1 4.47326E-2 3.86211E-2 3.7564E-2 3.97646E-2 4.57971E-2 4.57392E-2 3.59652E-2 3.40768E-2 3.0976E-2 2.90093E-2 2.90211E-2 3.00515E-2 3.15417E-2
-9999 -9999 -9999 -9999 -9999 -9999 -9999 -9999 -9999 -9999 -9999 -9999 -9999 -9999 -9999 -9999 -9999 -9999 -9999 -9999 -9999 -9999 -9999 -9999 -9999 -9999 -9999 -9999 -9999 -9999 -9999 -9999 3.19677E-4 8.58867E-5 2.04733E-5 9.30376E-6 3.41042E-5 2.71292E-4 1.14015E-2 2.4105E-1 4.1775E-1 3.57117E-1 3.80535E-1 3.99412E-1 3.73414E-1 3.05303E-1 3.66089E-1 3.88743E-1 3.95314E-1 4.32453E-1 4.22713E-1 4.46226E-1 4.42479E-1 4.07341E-1 3.96379E-1 3.54884E-1 3.56857E-1 4.65968E-2 4.33026E-2 3.9564E-2 3.96605E-2 4.98881E-2 4.61209E-2 3.71788E-2 3.38027E-2 3.77445E-2 3.51214E-2 4.71184E-2 3.44717E-2 3.18039E-2
-9999 -9999 -9999 -9999 -9999 -9999 -9999 -9999 -9999 -9999 -9999 -9999 -9999 -9999 -9999 -9999 -9999 -9999 -9999 -9999 -9999 -9999 -9999 -9999 -9999 -9999 -9999 -9999 -9999 -9999 -9999 -9999 1.65626E-4 5.09426E-5 1.14394E-5 8.54591E-6 8.20082E-6 2.26956E-5 2.46353E-3 9.73211E-3 3.78058E-1 3.27642E-1 3.48127E-1 4.22753E-1 4.95944E-1 3.69085E-1 3.1886E-1 4.4635E-1 4.25429E-1 4.66686E-1 4.68015E-1 4.57655E-1 4.90594E-1 4.56201E-1 4.14981E-1 3.88427E-1 3.11927E-1 6.02138E-2 4.80996E-2 4.1449E-2 3.98435E-2 3.90822E-2 3.90004E-2 3.54888E-2 3.34211E-2 3.61939E-2 4.95873E-2 4.9332E-2 3.59633E-2 3.64745E-2
-9999 -9999 -9999 -9999 -9999 -9999 -9999 -9999 -9999 -9999 -9999 -9999 -9999 -9999 -9999 -9999 -9999 -9999 -9999 -9999 -9999 -9999 -9999 -9999 -9999 -9999 -9999 -9999 -9999 -9999 -9999 -9999 3.18311E-4 3.72317E-5 1.00642E-5 5.89015E-6 1.40389E-5 6.83206E-5 6.23358E-4 9.46204E-3 4.08062E-1 3.27205E-1 3.41637E-1 4.07933E-1 5.0733E-1 4.93875E-1 4.04302E-1 3.81306E-1 4.6576E-1 4.4408E-1 4.67394E-1 4.67874E-1 4.61615E-1 4.1638E-1 3.77698E-1 3.26301E-1 9.44131E-2 6.77516E-2 5.05078E-2 4.56896E-2 4.20593E-2 3.71845E-2 3.49222E-2 3.44815E-2 4.03598E-2 3.88306E-2 3.68661E-2 3.52344E-2 3.18663E-2 3.29966E-2
-9999 -9999 -9999 -9999 -9999 -9999 -9999 -9999 -9999 -9999 -9999 -9999 -9999 -9999 -9999 -9999 -9999 -9999 -9999 -9999 -9999 -9999 -9999 -9999 -9999 -9999 -9999 -9999 -9999 -9999 -9999 -9999 -9999 2.92879E-5 1.21109E-5 8.10229E-6 3.01587E-5 1.80568E-4 2.0664E-3 6.17329E-3 2.19255E-1 3.38503E-1 3.37679E-1 4.56558E-1 4.87287E-1 5.86792E-1 4.92401E-1 3.86473E-1 3.50236E-1 4.57764E-1 4.91631E-1 4.82823E-1 4.05529E-1 3.73871E-1 3.48681E-1 3.09186E-1 8.47018E-2 6.9193E-2 5.80259E-2 5.01143E-2 4.31724E-2 3.80975E-2 3.738E-2 3.53012E-2 4.0044E-2 3.94026E-2 3.84947E-2 3.57856E-2 3.16788E-2 3.27344E-2
-9999 -9999 -9999 -9999 -9999 -9999 -9999 -9999 -9999 -9999 -9999 -9999 -9999 -9999 -9999 -9999 -9999 -9999 -9999 -9999 -9999 -9999 -9999 -9999 -9999 -9999 -9999 -9999 -9999 -9999 -9999 -9999 -9999 2.35191E-5 1.81534E-5 8.92209E-6 2.3942E-5 1.65409E-4 1.22978E-3 3.24767E-2 2.56599E-1 4.08951E-1 3.43434E-1 4.51948E-1 5.45172E-1 5.41151E-1 3.96119E-1 3.69556E-1 4.59777E-1 4.49016E-1 4.80671E-1 4.79119E-1 3.90917E-1 3.66311E-1 3.15694E-1 2.91789E-1 7.77325E-2 7.59983E-2 6.276E-2 5.40395E-2 4.71342E-2 3.94086E-2 3.59474E-2 4.15955E-2 4.10352E-2 4.03036E-2 3.87303E-2 3.76829E-2 3.5073E-2 3.54421E-2
