KUENM_DEFAULT/Final_Models/M_1_F_lqpth_Set_1_NE/sp1_0_se_asia.asc
ncols         320
nrows         243
xllcorner     44.0
yllcorner     -0.666666666666667
cellsize      0.166666666666667
NODATA_value  -9999
[rows 62 to 92 of 243, columns 70 to 139 of 320]
2.3537E-3 2.24302E-3 3.99921E-3 3.99678E-3 3.8885E-3 4.02007E-3 4.7871E-3 3.91572E-3 3.73185E-3 4.39609E-3 3.06721E-3 2.51559E-3 2.5626E-3 1.31967E-3 1.21475E-3 1.11686E-3 1.11523E-3 1.31987E-3 1.96533E-3 2.10732E-3 2.2061E-3 2.42373E-3 2.50416E-3 2.7422E-3 2.65655E-3 1.33788E-3 9.71742E-4 9.53807E-4 9.72902E-4 8.34206E-4 9.88471E-4 1.14933E-3 1.13125E-3 1.03921E-3 1.1776E-3 1.72382E-3 1.99044E-3 1.78762E-3 1.62253E-3 1.51998E-3 1.52767E-3 1.29417E-3 1.30703E-3 1.35493E-3 1.16832E-3 1.08014E-3 9.45086E-4 1.0947E-3 1.1059E-3 1.2122E-3 1.39545E-3 1.57637E-3 2.09737E-3 2.61641E-3 3.80706E-3 4.45447E-3 4.7588E-3 5.90656E-3 7.09883E-3 7.32277E-3 8.3118E-3 9.21801E-3 7.04134E-3 7.172E-3 4.69578E-3 4.01549E-3 2.89652E-3 2.7931E-3 3.40964E-3 5.5342E-3
2.89204E-3 2.73416E-3 4.73674E-3 4.06807E-3 3.80722E-3 3.70241E-3 3.73214E-3 3.41026E-3 3.40292E-3 3.94921E-3 3.08945E-3 3.13332E-3 2.45006E-3 1.31363E-3 1.13693E-3 1.09791E-3 1.12087E-3 1.10694E-3 1.34495E-3 2.09578E-3 2.28738E-3 2.42984E-3 2.74303E-3 2.8087E-3 2.66273E-3 1.67165E-3 1.14991E-3 1.05211E-3 1.07495E-3 9.27855E-4 9.24118E-4 8.94068E-4 1.16239E-3 1.38722E-3 1.04825E-3 1.39438E-3 1.60749E-3 1.51144E-3 1.30952E-3 1.49781E-3 1.15772E-3 1.03931E-3 8.50183E-4 1.09681E-3 1.36185E-3 1.24026E-3 1.19332E-3 1.30485E-3 1.29248E-3 1.32383E-3 1.418E-3 1.97752E-3 2.35647E-3 2.82126E-3 3.47367E-3 4.22811E-3 4.50416E-3 5.36054E-3 6.42341E-3 7.27589E-3 7.14723E-3 7.15868E-3 8.00459E-3 5.93414E-3 3.52422E-3 2.89576E-3 2.19106E-3 2.30701E-3 3.99696E-3 4.87156E-3
3.09437E-3 2.85883E-3 2.80287E-3 4.6209E-3 4.08872E-3 4.37722E-3 4.26978E-3 3.83393E-3 3.58017E-3 3.51245E-3 3.72071E-3 3.76971E-3 2.9354E-3 2.66806E-3 1.12426E-3 9.69752E-4 1.01928E-3 1.10095E-3 1.21828E-3 2.16678E-3 2.31204E-3 2.57548E-3 2.89544E-3 2.7005E-3 3.03495E-3 1.77296E-3 1.05608E-3 1.23331E-3 1.18776E-3 1.13783E-3 9.56367E-4 8.6422E-4 1.07787E-3 1.53673E-3 1.68139E-3 1.58498E-3 1.64646E-3 1.51894E-3 1.42374E-3 1.269E-3 1.14495E-3 1.08621E-3 9.29742E-4 1.03661E-3 1.48307E-3 1.57936E-3 1.43239E-3 1.59612E-3 1.44455E-3 1.71057E-3 1.93597E-3 1.90972E-3 2.31842E-3 2.73548E-3 3.29379E-3 4.08019E-3 4.60905E-3 4.74024E-3 5.6037E-3 5.48186E-3 5.66326E-3 8.97168E-3 6.81632E-3 3.55358E-3 2.95465E-3 2.19893E-3 1.79219E-3 2.24091E-3 3.39751E-3 6.23028E-3
5.77648E-3 3.0777E-3 5.49468E-3 5.3018E-3 5.073E-3 4.49352E-3 4.34082E-3 3.96905E-3 2.02926E-3 1.87858E-3 1.74546E-3 2.94087E-3 1.37905E-3 3.02162E-3 2.85592E-3 1.12366E-3 9.63367E-4 1.21739E-3 1.17575E-3 1.99894E-3 2.14794E-3 2.75326E-3 2.65871E-3 2.99762E-3 3.23747E-3 3.51165E-3 1.34935E-3 1.1947E-3 1.27891E-3 1.19191E-3 9.48746E-4 9.18086E-4 1.12846E-3 1.5619E-3 1.90361E-3 2.15254E-3 1.90283E-3 1.74085E-3 1.90708E-3 1.77521E-3 1.5291E-3 1.32837E-3 1.26336E-3 1.41578E-3 1.50655E-3 1.64251E-3 1.76966E-3 1.63596E-3 1.83191E-3 1.85487E-3 1.99049E-3 2.29708E-3 2.36175E-3 2.78248E-3 3.10232E-3 3.69736E-3 3.63772E-3 3.85038E-3 4.47134E-3 5.20382E-3 5.44708E-3 7.17966E-3 4.52643E-3 3.2647E-3 2.72796E-3 2.02409E-3 2.09129E-3 2.82533E-3 6.55564E-3 8.96941E-3
5.89267E-3 3.2883E-3 2.95833E-3 5.24289E-3 5.81256E-3 4.82734E-3 4.50641E-3 4.62271E-3 3.91485E-3 3.40313E-3 1.74296E-3 1.4781E-3 1.44951E-3 2.67459E-3 3.65158E-3 2.75003E-3 1.18369E-3 1.11911E-3 1.35345E-3 2.14218E-3 2.40912E-3 2.5126E-3 2.94715E-3 3.19917E-3 3.63868E-3 2.30249E-3 1.69513E-3 1.28896E-3 1.39943E-3 1.18583E-3 9.37956E-4 1.43257E-3 9.90943E-4 1.151E-3 1.36856E-3 1.83569E-3 2.1391E-3 1.93962E-3 3.25898E-3 2.9698E-3 2.70646E-3 2.94918E-3 2.76058E-3 2.88498E-3 3.08703E-3 2.79151E-3 2.01985E-3 2.12242E-3 2.04565E-3 2.22491E-3 2.15092E-3 2.22053E-3 2.31218E-3 2.60787E-3 2.47804E-3 2.4302E-3 2.7865E-3 3.40359E-3 4.59346E-3 9.64196E-3 9.29921E-3 5.88297E-3 3.83915E-3 3.52388E-3 2.92502E-3 2.2069E-3 2.43891E-3 2.75501E-3 5.54409E-3 1.13112E-2
3.51235E-3 3.39714E-3 4.79918E-3 2.97464E-3 2.86775E-3 2.63386E-3 4.59724E-3 5.24263E-3 4.12225E-3 3.56257E-3 1.82479E-3 2.54723E-3 4.01238E-3 1.41003E-3 2.58053E-3 3.59565E-3 2.5227E-3 1.20191E-3 1.3085E-3 1.59773E-3 2.5904E-3 2.87058E-3 3.21752E-3 3.48638E-3 3.3901E-3 2.57982E-3 2.23437E-3 1.41348E-3 1.56591E-3 1.47378E-3 1.20252E-3 1.7532E-3 1.35955E-3 1.09187E-3 1.40142E-3 1.73421E-3 2.56967E-3 3.42927E-3 3.12584E-3 3.44006E-3 3.02712E-3 2.8581E-3 3.38289E-3 3.33794E-3 2.8326E-3 3.06811E-3 3.28339E-3 3.45908E-3 3.13774E-3 2.35331E-3 1.93309E-3 1.70441E-3 1.88472E-3 2.17279E-3 2.55964E-3 2.84831E-3 3.86321E-3 7.1695E-3 1.18035E-2 1.3132E-2 6.76743E-3 5.13715E-3 4.16154E-3 4.07852E-3 2.85354E-3 2.515E-3 3.91991E-3 4.14103E-3 7.69161E-3 2.06301E-2
5.4894E-3 5.45805E-3 5.2079E-3 4.77606E-3 4.39366E-3 4.10329E-3 2.55524E-3 4.39338E-3 4.27914E-3 2.07138E-3 2.78487E-3 2.75462E-3 3.94899E-3 2.60577E-3 2.2068E-3 1.38822E-3 2.89007E-3 1.38206E-3 1.40354E-3 1.64934E-3 1.77243E-3 1.84913E-3 2.05357E-3 2.31125E-3 2.29802E-3 2.34979E-3 2.56734E-3 1.90272E-3 1.71627E-3 1.73748E-3 1.6027E-3 1.41247E-3 1.40018E-3 1.39508E-3 1.62874E-3 1.25388E-3 1.73447E-3 2.59942E-3 3.59086E-3 3.46788E-3 3.58101E-3 3.31427E-3 3.19168E-3 3.3356E-3 3.45222E-3 3.49089E-3 3.59273E-3 3.93845E-3 3.43859E-3 2.37498E-3 2.05779E-3 2.34876E-3 2.66588E-3 2.93301E-3 3.5442E-3 5.49644E-3 1.02924E-2 1.17021E-2 1.06207E-2 7.35993E-3 6.92214E-3 4.5252E-3 4.92175E-3 4.61768E-3 3.57957E-3 5.64146E-3 6.11556E-3 6.28965E-3 1.01996E-2 2.32357E-2
5.78132E-3 5.69804E-3 5.16018E-3 4.95537E-3 4.77219E-3 4.37176E-3 4.31644E-3 4.76326E-3 3.65889E-3 3.27264E-3 3.27821E-3 2.97385E-3 4.43763E-3 4.10307E-3 2.46843E-3 2.47869E-3 1.40857E-3 1.53914E-3 1.57423E-3 1.5538E-3 1.70676E-3 1.7514E-3 1.97186E-3 2.29696E-3 2.47224E-3 2.22112E-3 2.52406E-3 2.70191E-3 1.86804E-3 1.79897E-3 1.79278E-3 1.77063E-3 1.71731E-3 1.71699E-3 1.87506E-3 2.0915E-3 1.34434E-3 1.7784E-3 2.07731E-3 3.53202E-3 3.71717E-3 4.07362E-3 3.93157E-3 3.90122E-3 4.04134E-3 4.00154E-3 4.04933E-3 3.47266E-3 3.76317E-3 4.08116E-3 4.31222E-3 3.53524E-3 4.33233E-3 4.7542E-3 7.85386E-3 8.40702E-3 1.05114E-2 1.16516E-2 6.94933E-3 7.70477E-3 6.29798E-3 4.90464E-3 5.25182E-3 4.84853E-3 4.87149E-3 6.47906E-3 5.94343E-3 8.66582E-3 1.13349E-2 1.56134E-2
5.97714E-3 5.56812E-3 5.48866E-3 5.30663E-3 4.86255E-3 4.61771E-3 8.1448E-3 4.09004E-3 3.69364E-3 3.6818E-3 3.45082E-3 3.09467E-3 2.98265E-3 4.49571E-3 4.1994E-3 3.99332E-3 3.93993E-3 3.89315E-3 2.73211E-3 1.65484E-3 1.81614E-3 1.95174E-3 1.89289E-3 2.26678E-3 2.46908E-3 1.91843E-3 3.46759E-3 2.74892E-3 3.49231E-3 1.74844E-3 2.00891E-3 2.09538E-3 1.99855E-3 1.96583E-3 1.93901E-3 1.46325E-3 1.98216E-3 1.59191E-3 1.60517E-3 2.20461E-3 3.97639E-3 3.85848E-3 4.61119E-3 4.44854E-3 4.17794E-3 3.7253E-3 3.6976E-3 3.86615E-3 4.11303E-3 4.21862E-3 7.83295E-3 7.55322E-3 7.85343E-3 8.60875E-3 7.7558E-3 8.58575E-3 6.7853E-3 5.9922E-3 6.24292E-3 5.86147E-3 5.48027E-3 4.93313E-3 4.88843E-3 5.26293E-3 6.80307E-3 9.10602E-3 1.18724E-2 1.19425E-2 1.50577E-2 1.5171E-2
6.10092E-3 6.17323E-3 5.61761E-3 1.06477E-2 9.5731E-3 4.84037E-3 4.63649E-3 4.45944E-3 3.95773E-3 5.75149E-3 3.57576E-3 3.25546E-3 4.88738E-3 4.8533E-3 4.61462E-3 4.72294E-3 4.43986E-3 4.43231E-3 4.64915E-3 4.83842E-3 3.24276E-3 3.74357E-3 2.41949E-3 2.52247E-3 2.65194E-3 2.48689E-3 2.48272E-3 3.70054E-3 2.67384E-3 4.1629E-3 2.4266E-3 2.28789E-3 2.28698E-3 1.90807E-3 2.00454E-3 1.96053E-3 2.7317E-3 2.61648E-3 2.26999E-3 3.03478E-3 2.07392E-3 3.8946E-3 4.34604E-3 4.55248E-3 4.066E-3 7.55353E-3 7.50544E-3 7.50298E-3 7.51392E-3 7.47782E-3 6.48329E-3 8.21748E-3 8.1564E-3 7.28211E-3 7.94474E-3 9.6793E-3 5.75629E-3 5.43574E-3 5.46527E-3 4.67043E-3 5.58688E-3 5.02325E-3 4.79917E-3 5.53921E-3 7.01209E-3 1.05549E-2 7.91497E-3 1.49716E-2 1.34967E-2 1.55369E-2
6.31737E-3 6.07656E-3 6.227E-3 5.57484E-3 5.51507E-3 5.21831E-3 4.93401E-3 4.71654E-3 6.75114E-3 6.4155E-3 5.7351E-3 3.64517E-3 3.42313E-3 5.08942E-3 5.21197E-3 5.10836E-3 4.90459E-3 4.90521E-3 5.76538E-3 5.9749E-3 6.42899E-3 6.37386E-3 6.93016E-3 2.92594E-3 3.28673E-3 3.67372E-3 6.48788E-3 7.21026E-3 3.97619E-3 3.10671E-3 3.04999E-3 2.8404E-3 2.41928E-3 3.16899E-3 2.30349E-3 3.79001E-3 3.77262E-3 3.42231E-3 2.32303E-3 3.02387E-3 3.37184E-3 4.19633E-3 7.20915E-3 6.84186E-3 6.26533E-3 6.43781E-3 7.70735E-3 7.47486E-3 6.26983E-3 6.42275E-3 7.77002E-3 8.24519E-3 8.48502E-3 7.59906E-3 5.92809E-3 4.97825E-3 5.0355E-3 4.83853E-3 4.08272E-3 4.44933E-3 5.36714E-3 5.55149E-3 6.13674E-3 7.75312E-3 7.72723E-3 1.17326E-2 1.69525E-2 1.6305E-2 1.68148E-2 1.56968E-2
9.04355E-3 9.23733E-3 9.14343E-3 9.14441E-3 6.00401E-3 8.71033E-3 5.68212E-3 7.63218E-3 7.17248E-3 6.77939E-3 6.2757E-3 5.88295E-3 3.67318E-3 5.39441E-3 5.22088E-3 5.40922E-3 5.67744E-3 5.4953E-3 5.70938E-3 5.92197E-3 6.21682E-3 6.65931E-3 7.95408E-3 8.81883E-3 9.79024E-3 6.71546E-3 7.95289E-3 8.76431E-3 8.21685E-3 4.71038E-3 4.2176E-3 3.71669E-3 2.87531E-3 4.42659E-3 4.13049E-3 4.76829E-3 4.46451E-3 3.66825E-3 3.77182E-3 3.06456E-3 3.48858E-3 4.05295E-3 4.66603E-3 6.90186E-3 5.97568E-3 6.92618E-3 7.36177E-3 6.36444E-3 7.57176E-3 7.73218E-3 7.67687E-3 4.26246E-3 4.69563E-3 4.05615E-3 4.83694E-3 4.35977E-3 3.83488E-3 4.02844E-3 4.06315E-3 4.61887E-3 5.73545E-3 6.15638E-3 6.56092E-3 7.39749E-3 7.11843E-3 8.46471E-3 1.28917E-2 1.14023E-2 1.19613E-2 1.50142E-2
9.02115E-3 9.24645E-3 6.40061E-3 9.82856E-3 8.99371E-3 8.75719E-3 7.99244E-3 7.65522E-3 8.17678E-3 7.42878E-3 6.87419E-3 6.49517E-3 5.80183E-3 5.73434E-3 5.40519E-3 5.36583E-3 5.24855E-3 5.95109E-3 5.95249E-3 6.23126E-3 6.53896E-3 7.4498E-3 8.1814E-3 9.35861E-3 1.07139E-2 1.1462E-2 9.12175E-3 1.00869E-2 1.16108E-2 7.96146E-3 9.37663E-3 8.20666E-3 6.06231E-3 4.90781E-3 4.17693E-3 4.80314E-3 5.31818E-3 4.7279E-3 4.4186E-3 4.2355E-3 3.67508E-3 3.45983E-3 4.20307E-3 4.25493E-3 3.70168E-3 3.63714E-3 3.94158E-3 4.77842E-3 3.94919E-3 4.33405E-3 4.29997E-3 3.59687E-3 4.14376E-3 3.7542E-3 3.48873E-3 3.21654E-3 4.10208E-3 3.88127E-3 4.40246E-3 4.7113E-3 5.75253E-3 5.97189E-3 5.80572E-3 6.65287E-3 7.13503E-3 6.59425E-3 1.0445E-2 1.29324E-2 1.33568E-2 1.62468E-2
8.90348E-3 9.0687E-3 9.38643E-3 9.67906E-3 9.04514E-3 8.76183E-3 8.25262E-3 7.66969E-3 8.11146E-3 7.6711E-3 7.02736E-3 6.41619E-3 6.14048E-3 3.73562E-3 5.70266E-3 5.39584E-3 5.76188E-3 5.79934E-3 5.83682E-3 6.50912E-3 7.04128E-3 7.60575E-3 8.54224E-3 8.59025E-3 9.98841E-3 1.16734E-2 1.38836E-2 1.14008E-2 1.29085E-2 1.25794E-2 1.37812E-2 1.09649E-2 5.00339E-3 5.8841E-3 5.68195E-3 4.81882E-3 5.55066E-3 6.13813E-3 5.80416E-3 5.19787E-3 4.93355E-3 4.27519E-3 3.25511E-3 3.37948E-3 2.92479E-3 3.30262E-3 3.79519E-3 3.74645E-3 3.9513E-3 3.5112E-3 3.25637E-3 3.13552E-3 2.90172E-3 3.19833E-3 4.02768E-3 3.55368E-3 4.06331E-3 4.75182E-3 4.16114E-3 4.5652E-3 5.69474E-3 6.02293E-3 7.10673E-3 7.07207E-3 7.10151E-3 6.91659E-3 8.665E-3 1.23907E-2 1.47611E-2 2.83441E-2
8.48348E-3 8.94285E-3 -9999 -9999 -9999 -9999 -9999 8.14097E-3 7.24959E-3 8.14716E-3 7.38824E-3 6.61419E-3 4.11449E-3 4.0187E-3 3.77684E-3 5.39252E-3 5.55578E-3 5.78213E-3 6.01322E-3 6.39303E-3 6.69056E-3 6.97904E-3 7.85492E-3 9.10526E-3 1.02459E-2 1.20025E-2 1.28778E-2 1.5184E-2 1.17853E-2 1.4444E-2 1.44428E-2 9.65684E-3 6.87406E-3 6.13051E-3 5.8196E-3 6.00758E-3 5.88723E-3 6.14094E-3 6.3527E-3 6.30307E-3 5.30904E-3 6.08028E-3 5.36764E-3 4.54721E-3 4.5155E-3 4.5257E-3 4.51109E-3 4.25439E-3 3.73362E-3 3.35558E-3 3.16768E-3 3.6834E-3 3.28876E-3 3.34154E-3 3.29877E-3 3.67958E-3 5.17459E-3 4.67776E-3 4.53287E-3 6.33366E-3 5.15961E-3 7.66236E-3 7.02223E-3 7.1833E-3 8.37639E-3 7.59185E-3 9.30459E-3 1.17742E-2 1.64722E-2 1.91433E-2
-9999 -9999 9.37492E-3 -9999 -9999 -9999 -9999 -9999 7.56761E-3 7.07611E-3 7.59516E-3 4.70888E-3 7.94681E-3 7.41644E-3 7.05694E-3 6.74703E-3 3.59403E-3 3.77106E-3 5.57984E-3 5.85775E-3 6.2672E-3 6.70738E-3 7.44549E-3 8.28474E-3 8.85405E-3 1.04256E-2 1.1394E-2 1.35514E-2 1.30093E-2 1.25582E-2 7.63055E-3 1.11841E-2 8.88222E-3 9.17136E-3 8.52561E-3 8.35689E-3 8.55225E-3 8.91373E-3 6.10899E-3 6.00614E-3 5.46142E-3 5.22541E-3 4.85204E-3 4.99396E-3 4.4629E-3 4.69953E-3 4.57142E-3 4.42219E-3 4.0975E-3 3.79028E-3 3.58124E-3 3.19249E-3 3.39993E-3 3.85974E-3 4.43867E-3 4.08799E-3 4.31452E-3 4.97395E-3 6.02814E-3 5.60389E-3 8.58576E-3 6.69107E-3 7.58663E-3 7.43281E-3 8.37758E-3 9.42296E-3 1.03348E-2 1.35079E-2 1.83637E-2 3.8958E-2
7.84545E-3 8.78087E-3 -9999 -9999 -9999 -9999 -9999 -9999 8.00459E-3 7.87856E-3 7.33024E-3 4.61847E-3 8.19485E-3 7.65007E-3 7.18364E-3 7.285E-3 6.78401E-3 6.73596E-3 3.87434E-3 3.90352E-3 5.97082E-3 4.42516E-3 4.32507E-3 4.804E-3 5.36645E-3 5.91283E-3 6.18836E-3 6.11097E-3 1.03029E-2 8.5996E-3 8.17236E-3 8.79763E-3 1.07655E-2 1.13673E-2 1.16243E-2 1.08735E-2 1.09687E-2 1.16287E-2 1.31773E-2 1.13767E-2 8.47169E-3 8.35492E-3 5.99427E-3 5.85004E-3 5.36592E-3 5.63842E-3 5.24072E-3 4.91685E-3 4.5477E-3 4.14732E-3 4.39315E-3 4.23501E-3 6.11767E-3 5.54628E-3 6.8175E-3 6.58844E-3 8.32061E-3 7.38718E-3 6.50162E-3 8.36095E-3 1.08723E-2 1.1128E-2 1.01924E-2 8.79119E-3 1.43954E-2 8.9761E-3 1.30734E-2 1.74558E-2 2.00344E-2 4.3701E-2
-9999 -9999 -9999 -9999 -9999 -9999 -9999 -9999 -9999 7.83396E-3 7.37856E-3 4.69634E-3 8.03441E-3 7.24849E-3 6.92853E-3 6.79048E-3 3.61139E-3 6.66923E-3 3.86789E-3 3.8987E-3 3.978E-3 3.89404E-3 4.24958E-3 4.48582E-3 4.79703E-3 7.79957E-3 8.14555E-3 7.91642E-3 7.88289E-3 9.5044E-3 1.13973E-2 9.95068E-3 9.21628E-3 1.14855E-2 1.0232E-2 1.01533E-2 1.19286E-2 1.28853E-2 1.42731E-2 2.50336E-2 2.10216E-2 1.951E-2 7.70346E-3 6.95467E-3 9.52397E-3 6.13306E-3 6.0028E-3 5.49668E-3 5.40302E-3 7.49281E-3 6.95426E-3 7.81257E-3 6.97687E-3 7.13863E-3 7.58179E-3 8.43538E-3 8.6766E-3 1.269E-2 1.46926E-2 1.05824E-2 1.99219E-2 1.35196E-2 1.44968E-2 2.84097E-2 4.19391E-2 1.63805E-2 1.62653E-2 2.17833E-2 3.72614E-2 4.54861E-2
-9999 -9999 -9999 -9999 -9999 -9999 -9999 -9999 6.44581E-3 6.11781E-3 6.40564E-3 4.56134E-3 7.79244E-3 3.96996E-3 3.73672E-3 6.63504E-3 3.58593E-3 5.30768E-3 5.259E-3 5.26746E-3 5.47904E-3 5.82387E-3 5.95858E-3 6.42188E-3 4.47654E-3 4.57607E-3 4.95799E-3 4.92649E-3 9.268E-3 9.37212E-3 1.07447E-2 1.02716E-2 1.07977E-2 1.90629E-2 1.29383E-2 2.10434E-2 2.31965E-2 2.29409E-2 2.48258E-2 2.9994E-2 1.34435E-2 1.27412E-2 2.1202E-2 2.00886E-2 1.91608E-2 1.84085E-2 1.68587E-2 1.07777E-2 9.45719E-3 8.94118E-3 8.7291E-3 8.33612E-3 9.17364E-3 8.46582E-3 7.63261E-3 1.18208E-2 1.84138E-2 2.15832E-2 2.53118E-2 3.01375E-2 4.09273E-2 4.02599E-2 2.6459E-2 5.34619E-2 5.74672E-2 3.03077E-2 2.61837E-2 4.42607E-2 4.48963E-2 4.45287E-2
-9999 -9999 -9999 -9999 -9999 -9999 -9999 -9999 -9999 5.93644E-3 5.98394E-3 4.31283E-3 5.14492E-3 4.75632E-3 4.38302E-3 3.53456E-3 5.11797E-3 5.02991E-3 5.02369E-3 5.0964E-3 5.35789E-3 5.4785E-3 5.7004E-3 6.10451E-3 6.2622E-3 6.44554E-3 6.71564E-3 7.16012E-3 7.37668E-3 7.84946E-3 8.53877E-3 1.52611E-2 1.68714E-2 1.79311E-2 2.17438E-2 2.25205E-2 2.5958E-2 3.0139E-2 3.14258E-2 3.37463E-2 2.72648E-2 2.39045E-2 2.47695E-2 2.50451E-2 2.50834E-2 2.22376E-2 2.0521E-2 1.75953E-2 1.48437E-2 9.46426E-3 8.82806E-3 9.66501E-3 7.68745E-3 1.02792E-2 1.14878E-2 1.24134E-2 1.33855E-2 2.37249E-2 2.72478E-2 3.26433E-2 4.54183E-2 4.61646E-2 5.34376E-2 7.12717E-2 7.79849E-2 7.42675E-2 3.17027E-2 4.34442E-2 4.90956E-2 5.06167E-2
-9999 -9999 -9999 -9999 -9999 -9999 -9999 -9999 -9999 5.62847E-3 5.43581E-3 4.90761E-3 4.43904E-3 4.34153E-3 4.20375E-3 5.21581E-3 4.28275E-3 4.14347E-3 4.08498E-3 4.27991E-3 4.10151E-3 4.25792E-3 5.09568E-3 5.25531E-3 5.50175E-3 5.70011E-3 5.96637E-3 6.21095E-3 6.76703E-3 6.84395E-3 1.2521E-2 1.35557E-2 1.48865E-2 1.58614E-2 1.83393E-2 2.06835E-2 2.35033E-2 3.04056E-2 3.19866E-2 3.09143E-2 2.61668E-2 2.71035E-2 2.70215E-2 2.94995E-2 2.99991E-2 2.46509E-2 2.16503E-2 1.6997E-2 1.05285E-2 1.04464E-2 1.0216E-2 9.8801E-3 1.5648E-2 1.08542E-2 1.12156E-2 1.20743E-2 2.158E-2 2.72139E-2 3.31949E-2 2.11785E-2 3.71556E-2 5.08647E-2 5.68004E-2 9.28025E-2 1.0947E-1 1.02706E-1 6.91844E-2 7.63225E-2 7.77149E-2 7.40189E-2
-9999 -9999 -9999 -9999 -9999 -9999 -9999 -9999 -9999 -9999 4.56866E-3 4.41275E-3 4.26303E-3 4.00253E-3 3.73887E-3 3.94574E-3 3.76534E-3 3.81853E-3 3.81326E-3 3.75823E-3 3.75672E-3 3.8264E-3 3.94385E-3 4.34257E-3 4.17798E-3 4.34094E-3 4.18775E-3 4.50164E-3 5.62397E-3 5.16286E-3 6.08055E-3 6.44866E-3 6.81895E-3 7.59295E-3 1.49556E-2 1.64822E-2 1.98105E-2 2.19819E-2 2.61758E-2 2.6224E-2 2.63982E-2 2.28985E-2 2.39652E-2 2.75317E-2 2.87854E-2 2.48097E-2 2.03209E-2 1.76851E-2 1.03073E-2 1.00667E-2 8.74725E-3 8.91364E-3 1.0239E-2 1.03427E-2 1.73522E-2 1.99903E-2 2.33681E-2 2.72574E-2 2.86011E-2 3.57825E-2 4.55495E-2 5.09427E-2 5.69858E-2 7.97272E-2 9.21357E-2 9.5642E-2 9.97439E-2 7.91764E-2 9.02563E-2 8.90413E-2
-9999 -9999 -9999 -9999 -9999 -9999 -9999 -9999 -9999 -9999 -9999 3.96002E-3 3.68538E-3 3.8093E-3 3.4319E-3 3.47809E-3 3.40677E-3 3.32792E-3 3.36126E-3 3.46595E-3 3.54477E-3 3.56879E-3 3.71749E-3 3.52967E-3 3.46238E-3 3.56654E-3 3.7553E-3 3.742E-3 3.84971E-3 4.00197E-3 4.23352E-3 4.37844E-3 4.91416E-3 5.17984E-3 6.47563E-3 1.33505E-2 1.51012E-2 1.63642E-2 1.75785E-2 1.7967E-2 1.97636E-2 2.11829E-2 2.18297E-2 2.0978E-2 2.34895E-2 2.13656E-2 1.88428E-2 1.70093E-2 1.53158E-2 1.38513E-2 9.11225E-3 1.44977E-2 1.48262E-2 1.50238E-2 1.70621E-2 1.87459E-2 2.25077E-2 2.52082E-2 2.93051E-2 3.19797E-2 3.65847E-2 4.58229E-2 5.7426E-2 6.63141E-2 7.9239E-2 9.03522E-2 8.70326E-2 8.07899E-2 7.57254E-2 8.3943E-2
-9999 -9999 -9999 -9999 -9999 -9999 -9999 -9999 -9999 -9999 -9999 -9999 -9999 -9999 3.24092E-3 3.2462E-3 -9999 -9999 3.3234E-3 3.27323E-3 3.12153E-3 3.22964E-3 3.33039E-3 3.56398E-3 3.21019E-3 3.43922E-3 3.56103E-3 3.3555E-3 3.17384E-3 3.21802E-3 3.33771E-3 3.52252E-3 4.05907E-3 4.31287E-3 4.39803E-3 5.03227E-3 6.1403E-3 1.26622E-2 1.30637E-2 1.47764E-2 1.5193E-2 1.66276E-2 1.78035E-2 1.72737E-2 1.68275E-2 1.60267E-2 1.48651E-2 1.34565E-2 1.22988E-2 1.2484E-2 1.31585E-2 1.3762E-2 1.50753E-2 1.4156E-2 1.53423E-2 1.74138E-2 1.95899E-2 2.08552E-2 2.48302E-2 3.01842E-2 3.47075E-2 3.85475E-2 4.603E-2 -9999 -9999 5.33711E-2 5.73222E-2 6.85109E-2 7.18316E-2 8.0213E-2
-9999 -9999 -9999 -9999 -9999 -9999 -9999 -9999 -9999 -9999 -9999 -9999 -9999 -9999 -9999 -9999 -9999 -9999 -9999 -9999 2.90243E-3 -9999 -9999 3.23368E-3 3.08782E-3 3.03708E-3 2.94102E-3 2.90678E-3 2.99503E-3 -9999 2.93824E-3 3.1375E-3 3.26247E-3 3.62407E-3 3.77644E-3 4.05017E-3 4.22997E-3 4.63618E-3 8.94237E-3 1.13383E-2 1.20663E-2 1.29245E-2 1.33832E-2 1.2978E-2 1.32579E-2 1.24241E-2 1.17131E-2 6.35295E-3 6.37156E-3 6.67024E-3 6.98312E-3 7.35561E-3 7.74543E-3 7.893E-3 9.24163E-3 1.73414E-2 1.76576E-2 1.91278E-2 2.35019E-2 2.58958E-2 2.96307E-2 -9999 -9999 -9999 -9999 -9999 3.75911E-2 5.31353E-2 6.62678E-2 7.78381E-2
-9999 -9999 -9999 -9999 -9999 -9999 -9999 -9999 -9999 -9999 -9999 -9999 -9999 -9999 -9999 -9999 -9999 -9999 -9999 -9999 -9999 -9999 -9999 -9999 -9999 -9999 -9999 -9999 -9999 -9999 -9999 2.72633E-3 2.80666E-3 2.96836E-3 3.04256E-3 3.23506E-3 3.39447E-3 3.57029E-3 4.13033E-3 8.36367E-3 8.73109E-3 -9999 -9999 1.09648E-2 1.09791E-2 4.84904E-3 4.25765E-3 -9999 -9999 -9999 -9999 -9999 7.07419E-3 -9999 -9999 -9999 -9999 -9999 -9999 -9999 -9999 -9999 -9999 -9999 -9999 -9999 3.66129E-2 5.05745E-2 6.67023E-2 8.0012E-2
-9999 -9999 -9999 -9999 -9999 -9999 -9999 -9999 -9999 -9999 -9999 -9999 -9999 -9999 -9999 -9999 -9999 -9999 -9999 -9999 -9999 -9999 -9999 -9999 -9999 -9999 -9999 -9999 -9999 -9999 -9999 -9999 -9999 -9999 2.75673E-3 -9999 2.67863E-3 -9999 -9999 -9999 -9999 -9999 -9999 -9999 -9999 -9999 -9999 -9999 -9999 -9999 -9999 -9999 -9999 -9999 -9999 -9999 -9999 -9999 -9999 -9999 -9999 -9999 -9999 -9999 -9999 -9999 4.26276E-2 5.41128E-2 6.75471E-2 8.27209E-2
-9999 -9999 -9999 -9999 -9999 -9999 -9999 -9999 -9999 -9999 -9999 -9999 -9999 -9999 -9999 -9999 -9999 -9999 -9999 -9999 -9999 -9999 -9999 -9999 -9999 -9999 -9999 -9999 -9999 -9999 -9999 -9999 -9999 -9999 -9999 -9999 -9999 -9999 -9999 -9999 -9999 -9999 -9999 -9999 -9999 -9999 -9999 -9999 -9999 -9999 -9999 -9999 -9999 -9999 -9999 -9999 -9999 -9999 -9999 -9999 -9999 -9999 -9999 -9999 -9999 -9999 2.13817E-2 2.70058E-2 3.05019E-2 4.36251E-2
-9999 -9999 -9999 -9999 -9999 -9999 -9999 -9999 -9999 -9999 -9999 -9999 -9999 -9999 -9999 -9999 -9999 -9999 -9999 -9999 -9999 -9999 -9999 -9999 -9999 -9999 -9999 -9999 -9999 -9999 -9999 -9999 -9999 -9999 -9999 -9999 -9999 -9999 -9999 -9999 -9999 -9999 -9999 -9999 -9999 -9999 -9999 -9999 -9999 -9999 -9999 -9999 -9999 -9999 -9999 -9999 -9999 -9999 -9999 -9999 -9999 -9999 -9999 -9999 -9999 -9999 -9999 -9999 -9999 -9999
-9999 -9999 -9999 -9999 -9999 -9999 -9999 -9999 -9999 -9999 -9999 -9999 -9999 -9999 -9999 -9999 -9999 -9999 -9999 -9999 -9999 -9999 -9999 -9999 -9999 -9999 -9999 -9999 -9999 -9999 -9999 -9999 -9999 -9999 -9999 -9999 -9999 -9999 -9999 -9999 -9999 -9999 -9999 -9999 -9999 -9999 -9999 -9999 -9999 -9999 -9999 -9999 -9999 -9999 -9999 -9999 -9999 -9999 -9999 -9999 -9999 -9999 -9999 -9999 -9999 -9999 -9999 -9999 -9999 2.51057E-2
-9999 -9999 -9999 -9999 -9999 -9999 -9999 -9999 -9999 -9999 -9999 -9999 -9999 -9999 -9999 -9999 -9999 -9999 -9999 -9999 -9999 -9999 -9999 -9999 -9999 -9999 -9999 -9999 -9999 -9999 -9999 -9999 -9999 -9999 -9999 -9999 -9999 -9999 -9999 -9999 -9999 -9999 -9999 -9999 -9999 -9999 -9999 -9999 -9999 -9999 -9999 -9999 -9999 -9999 -9999 -9999 -9999 -9999 -9999 -9999 -9999 -9999 -9999 -9999 -9999 -9999 -9999 -9999 -9999 -9999
