KUENM_DEFAULT/Final_Models/M_1_F_lqpth_Set_1_NE/sp1_se_asia_stddev.asc
ncols         320
nrows         243
xllcorner     44.0
yllcorner     -0.666666666666667
cellsize      0.166666666666667
NODATA_value  -9999
[rows 93 to 123 of 243, columns 210 to 279 of 320]
1.52859E-2 1.21197E-2 1.22321E-2 1.5671E-2 2.0518E-2 2.16479E-2 2.06641E-2 2.40442E-2 2.01324E-2 2.13152E-2 3.19303E-2 2.93112E-2 2.31256E-2 1.69985E-2 1.90541E-2 1.93397E-2 2.08262E-2 2.50719E-2 2.95184E-2 4.16631E-2 3.96482E-2 3.74088E-2 3.62502E-2 3.58795E-2 3.52208E-2 3.09287E-2 2.68471E-2 2.55145E-2 2.93455E-2 2.80824E-2 2.10827E-2 1.7798E-2 2.00996E-2 2.34469E-2 2.41866E-2 2.08322E-2 2.73372E-2 3.04867E-2 2.60414E-2 2.73839E-2 3.05109E-2 3.14375E-2 2.76579E-2 2.49048E-2 2.11523E-2 2.22957E-2 2.17412E-2 2.02288E-2 1.93616E-2 1.25434E-2 9.95027E-3 9.5626E-3 1.10987E-2 1.46592E-2 1.3503E-2 1.36255E-2 1.10069E-2 9.94312E-3 8.85788E-3 7.34835E-3 6.47333E-3 5.95486E-3 5.0178E-3 4.40086E-3 3.98862E-3 3.70761E-3 3.19398E-3 2.77402E-3 2.43932E-3 2.10317E-3
1.55778E-2 1.34518E-2 1.5132E-2 1.79556E-2 2.19016E-2 1.93482E-2 2.44637E-2 2.57805E-2 2.3358E-2 2.00444E-2 2.32391E-2 2.21352E-2 2.16013E-2 1.90015E-2 2.04309E-2 2.07367E-2 2.07357E-2 2.44474E-2 3.00152E-2 3.27474E-2 3.35238E-2 3.57948E-2 3.60731E-2 3.36639E-2 2.8141E-2 2.82973E-2 2.1564E-2 2.04851E-2 2.00623E-2 2.57745E-2 2.70346E-2 2.56238E-2 2.57512E-2 2.30399E-2 1.78968E-2 1.71923E-2 1.99841E-2 1.84338E-2 1.75879E-2 1.83022E-2 2.44508E-2 2.72779E-2 2.37958E-2 2.18856E-2 2.19883E-2 1.82613E-2 1.94935E-2 1.70429E-2 1.57586E-2 1.32843E-2 1.15034E-2 1.19563E-2 1.26852E-2 1.4301E-2 1.31943E-2 1.36103E-2 1.11581E-2 9.6396E-3 8.30024E-3 7.40281E-3 6.51036E-3 6.34531E-3 5.25257E-3 4.91789E-3 4.29181E-3 3.84862E-3 3.49469E-3 2.99923E-3 2.71788E-3 2.36833E-3
2.11015E-2 2.20503E-2 2.07832E-2 2.24723E-2 2.46707E-2 1.84263E-2 2.0101E-2 2.36544E-2 2.05601E-2 2.1168E-2 2.04171E-2 1.96071E-2 1.81252E-2 1.96332E-2 2.09134E-2 2.14509E-2 1.97201E-2 2.47694E-2 2.38004E-2 2.76238E-2 2.57172E-2 3.03573E-2 2.8343E-2 2.41797E-2 2.20771E-2 1.84053E-2 1.6492E-2 1.60499E-2 1.5363E-2 1.99212E-2 2.48708E-2 2.33108E-2 2.08925E-2 1.90385E-2 1.61921E-2 1.68681E-2 1.77967E-2 1.67688E-2 1.54237E-2 1.54012E-2 1.93499E-2 2.14752E-2 1.72147E-2 1.6872E-2 1.92637E-2 1.8938E-2 1.81298E-2 1.74386E-2 1.57172E-2 1.51793E-2 1.42681E-2 1.44444E-2 1.33299E-2 1.16171E-2 1.4828E-2 1.26412E-2 1.18664E-2 9.64865E-3 8.319E-3 6.84316E-3 7.13027E-3 7.09623E-3 6.64825E-3 5.00907E-3 3.96181E-3 4.07758E-3 3.67339E-3 3.15931E-3 2.91208E-3 2.67542E-3
2.21861E-2 2.23425E-2 1.95456E-2 2.45741E-2 2.09521E-2 1.8037E-2 1.71349E-2 1.99974E-2 2.15618E-2 2.57103E-2 1.98379E-2 1.73059E-2 1.99617E-2 2.26557E-2 2.35137E-2 2.40161E-2 2.1136E-2 2.13707E-2 2.06079E-2 2.1215E-2 2.13518E-2 1.96237E-2 2.1728E-2 2.02799E-2 1.85981E-2 1.47642E-2 1.38031E-2 1.37489E-2 1.3001E-2 1.39039E-2 1.75644E-2 1.58829E-2 1.71447E-2 1.82746E-2 1.53459E-2 1.60583E-2 1.6728E-2 1.66613E-2 1.77277E-2 1.96229E-2 1.84877E-2 1.92256E-2 2.05099E-2 2.59497E-2 2.32407E-2 2.11517E-2 1.97207E-2 1.58681E-2 1.63611E-2 1.69098E-2 1.67465E-2 1.80893E-2 1.67789E-2 1.43451E-2 1.28363E-2 1.29346E-2 1.17812E-2 1.03527E-2 9.15052E-3 7.27557E-3 7.56715E-3 7.42311E-3 6.53261E-3 4.86027E-3 4.832E-3 4.12518E-3 3.83925E-3 3.35091E-3 2.98477E-3 2.75956E-3
2.1406E-2 1.98379E-2 1.93962E-2 1.96291E-2 1.76778E-2 2.15774E-2 2.18382E-2 2.07692E-2 1.86742E-2 2.45743E-2 1.8609E-2 2.12432E-2 2.0722E-2 2.20195E-2 1.94059E-2 1.8486E-2 1.73449E-2 2.03627E-2 1.71129E-2 1.66854E-2 1.64996E-2 1.58515E-2 1.69892E-2 1.62782E-2 1.53007E-2 1.20268E-2 1.37369E-2 1.36703E-2 1.13985E-2 1.30823E-2 1.41375E-2 1.17763E-2 1.25459E-2 1.45618E-2 1.71476E-2 1.35239E-2 1.28718E-2 1.43879E-2 1.42631E-2 1.33277E-2 1.33119E-2 1.42554E-2 1.77557E-2 2.17735E-2 2.44649E-2 2.43258E-2 2.31928E-2 2.04235E-2 1.77699E-2 1.99501E-2 1.86984E-2 2.006E-2 1.83262E-2 1.48775E-2 1.36228E-2 1.35713E-2 1.23581E-2 1.08858E-2 9.51518E-3 8.01293E-3 7.45325E-3 7.21709E-3 6.55314E-3 5.19033E-3 4.75108E-3 3.90728E-3 4.00972E-3 3.79827E-3 3.19575E-3 -9999
1.74038E-2 2.0525E-2 1.88516E-2 2.03701E-2 1.88641E-2 1.58921E-2 1.85032E-2 1.87773E-2 1.94324E-2 1.81004E-2 1.63582E-2 1.59078E-2 1.64716E-2 1.77237E-2 1.98447E-2 1.86944E-2 1.65353E-2 1.54701E-2 1.67423E-2 1.58542E-2 1.51105E-2 1.47691E-2 1.67542E-2 1.42227E-2 1.14098E-2 1.06923E-2 1.2717E-2 1.07098E-2 1.11835E-2 9.17143E-3 1.13216E-2 9.95035E-3 1.14695E-2 1.37507E-2 1.64442E-2 1.35677E-2 1.30313E-2 1.37479E-2 1.07757E-2 1.08826E-2 1.34095E-2 1.46835E-2 1.54864E-2 1.72036E-2 1.94917E-2 2.22889E-2 2.60394E-2 2.28161E-2 2.04899E-2 3.18168E-2 2.38214E-2 1.93365E-2 1.75473E-2 1.54985E-2 1.43995E-2 1.38486E-2 1.35436E-2 1.19864E-2 1.014E-2 8.08537E-3 7.60529E-3 7.63183E-3 6.55213E-3 5.61194E-3 5.22473E-3 4.52744E-3 4.27046E-3 4.03782E-3 3.38072E-3 -9999
1.7257E-2 1.91206E-2 2.22437E-2 2.2758E-2 2.07509E-2 2.02178E-2 1.91544E-2 1.70403E-2 1.7978E-2 1.26768E-2 1.23685E-2 1.16312E-2 1.55162E-2 1.51151E-2 1.84644E-2 1.68518E-2 1.53134E-2 1.47582E-2 1.51967E-2 1.49138E-2 1.49443E-2 1.33173E-2 1.50455E-2 1.31618E-2 1.03288E-2 9.94498E-3 1.12579E-2 9.83121E-3 9.64251E-3 9.95815E-3 1.08182E-2 1.04557E-2 1.06814E-2 1.2247E-2 1.3969E-2 1.27854E-2 1.24808E-2 1.37503E-2 1.09296E-2 1.41946E-2 1.76184E-2 1.47043E-2 1.28078E-2 1.45041E-2 1.58278E-2 1.90535E-2 2.49402E-2 2.00427E-2 1.69989E-2 1.80821E-2 2.79856E-2 2.32918E-2 1.78507E-2 1.55498E-2 1.44552E-2 1.71176E-2 1.64633E-2 1.49789E-2 1.06165E-2 7.75679E-3 7.6718E-3 7.4233E-3 6.7969E-3 5.80191E-3 5.76717E-3 5.20532E-3 4.752E-3 4.20146E-3 3.72971E-3 3.19445E-3
2.13682E-2 2.24582E-2 2.6458E-2 2.84778E-2 2.3948E-2 2.64703E-2 2.35037E-2 1.8994E-2 1.11089E-2 9.80058E-3 1.0532E-2 1.09905E-2 1.05628E-2 1.21158E-2 1.48445E-2 1.28723E-2 1.38667E-2 1.46015E-2 1.60685E-2 1.75707E-2 1.45925E-2 1.23671E-2 1.28339E-2 1.05127E-2 9.83718E-3 1.0229E-2 9.52359E-3 7.72785E-3 8.24999E-3 9.12762E-3 9.65817E-3 1.03745E-2 1.02868E-2 1.02493E-2 1.09237E-2 1.1574E-2 1.19577E-2 1.25358E-2 1.22932E-2 1.51898E-2 1.57906E-2 1.39563E-2 1.55152E-2 1.63288E-2 1.76846E-2 1.80948E-2 2.17835E-2 1.88398E-2 1.67172E-2 1.55346E-2 1.95272E-2 1.78429E-2 2.35543E-2 1.82627E-2 1.38801E-2 1.38724E-2 1.53184E-2 1.08363E-2 8.28544E-3 7.15798E-3 7.28507E-3 7.3799E-3 6.85513E-3 6.17796E-3 5.83929E-3 5.44919E-3 5.10521E-3 4.53567E-3 3.92836E-3 -9999
2.63532E-2 2.93425E-2 3.23092E-2 3.38574E-2 2.79791E-2 2.5982E-2 2.18258E-2 1.38469E-2 1.07064E-2 1.06757E-2 1.0523E-2 1.05584E-2 1.15419E-2 1.22969E-2 1.28594E-2 1.00071E-2 1.40153E-2 1.35025E-2 1.56758E-2 1.86958E-2 1.63968E-2 1.32128E-2 1.11329E-2 9.79522E-3 9.30416E-3 9.01778E-3 8.97041E-3 9.33077E-3 8.49455E-3 1.00216E-2 8.98089E-3 1.00152E-2 9.70807E-3 8.76277E-3 8.82246E-3 1.1296E-2 1.29071E-2 1.18313E-2 1.11004E-2 1.25609E-2 1.2682E-2 1.57503E-2 1.53639E-2 1.65952E-2 1.8207E-2 1.93518E-2 1.96593E-2 1.42871E-2 1.38067E-2 1.44017E-2 1.64701E-2 1.72758E-2 1.84191E-2 1.85307E-2 1.2639E-2 1.02531E-2 1.17798E-2 8.74775E-3 7.48733E-3 7.0652E-3 7.02008E-3 7.14786E-3 6.65932E-3 7.57381E-3 5.54727E-3 5.17484E-3 6.67119E-3 5.77862E-3 3.11183E-3 -9999
3.02936E-2 3.31551E-2 3.63361E-2 3.26217E-2 2.78117E-2 2.36898E-2 1.40522E-2 1.22017E-2 1.02571E-2 1.00464E-2 9.26135E-3 1.06298E-2 1.10298E-2 1.13753E-2 1.39534E-2 1.19326E-2 1.04754E-2 1.28586E-2 1.34075E-2 1.74828E-2 1.75982E-2 1.50858E-2 1.09229E-2 9.70597E-3 9.92978E-3 8.74021E-3 9.13934E-3 8.15255E-3 8.6149E-3 8.7017E-3 9.37932E-3 8.5049E-3 7.99708E-3 8.29185E-3 8.77152E-3 1.0808E-2 1.10241E-2 1.13571E-2 1.16141E-2 1.22765E-2 1.60028E-2 1.6811E-2 1.7033E-2 1.82083E-2 1.8948E-2 1.67594E-2 1.71323E-2 1.26003E-2 1.21081E-2 1.26691E-2 1.32626E-2 1.40497E-2 1.2744E-2 1.33128E-2 8.34992E-3 5.99417E-3 8.29423E-3 8.25081E-3 6.98935E-3 7.12943E-3 9.65679E-3 6.74234E-3 6.33282E-3 6.00071E-3 5.04576E-3 4.5278E-3 5.43033E-3 3.80033E-3 -9999 1.63318E-3
3.00083E-2 3.62533E-2 4.5074E-2 3.87517E-2 2.67975E-2 1.82065E-2 1.18774E-2 1.06448E-2 1.36191E-2 9.47925E-3 9.20599E-3 1.14465E-2 1.29864E-2 1.16316E-2 1.17585E-2 1.18374E-2 1.23802E-2 1.42662E-2 1.34601E-2 1.27793E-2 1.25966E-2 1.29366E-2 1.23717E-2 9.49687E-3 1.20293E-2 9.14575E-3 8.87782E-3 8.8443E-3 9.12777E-3 1.0106E-2 1.08944E-2 1.08091E-2 8.76194E-3 8.82194E-3 9.49672E-3 1.05898E-2 1.2023E-2 1.21979E-2 1.53467E-2 1.54E-2 1.66202E-2 1.77613E-2 1.95235E-2 2.15151E-2 1.93904E-2 1.71698E-2 1.50002E-2 1.17825E-2 1.10476E-2 1.05913E-2 1.14329E-2 1.20792E-2 1.06784E-2 7.8001E-3 5.99573E-3 6.16476E-3 8.04537E-3 1.00505E-2 8.20895E-3 7.68292E-3 7.31757E-3 6.40774E-3 6.13261E-3 5.30121E-3 4.67625E-3 5.43974E-3 4.25337E-3 2.65393E-3 2.70067E-3 -9999
3.53802E-2 3.77829E-2 4.39784E-2 4.44278E-2 2.58106E-2 1.7644E-2 1.09884E-2 9.90178E-3 1.00088E-2 9.14619E-3 8.98163E-3 9.6817E-3 1.3043E-2 1.22745E-2 1.35085E-2 1.53357E-2 1.38763E-2 1.55281E-2 1.67091E-2 1.39154E-2 1.16231E-2 1.1485E-2 1.18562E-2 1.21716E-2 1.23983E-2 1.25033E-2 9.48521E-3 9.24485E-3 1.0097E-2 1.05129E-2 1.11157E-2 1.06956E-2 8.9585E-3 8.75597E-3 9.09599E-3 1.01279E-2 1.1034E-2 1.15477E-2 1.54151E-2 1.53053E-2 1.28258E-2 1.34402E-2 1.70906E-2 1.63446E-2 1.62119E-2 1.45541E-2 1.18441E-2 1.12717E-2 1.1451E-2 9.82129E-3 1.10973E-2 1.17258E-2 1.02679E-2 -9999 7.70864E-3 7.67609E-3 8.24111E-3 7.895E-3 7.72248E-3 7.11535E-3 6.86746E-3 6.0432E-3 5.5404E-3 4.53829E-3 3.97522E-3 4.4071E-3 3.23455E-3 1.82387E-3 1.4621E-3 1.1582E-3
4.27007E-2 4.96827E-2 4.48958E-2 3.55714E-2 2.24752E-2 1.35587E-2 9.33544E-3 9.08663E-3 8.76019E-3 8.65974E-3 1.08565E-2 1.21209E-2 1.42804E-2 1.67659E-2 1.95742E-2 1.99291E-2 1.93198E-2 1.8482E-2 1.84605E-2 1.16504E-2 1.3116E-2 1.22875E-2 1.21134E-2 1.26374E-2 1.21996E-2 1.02002E-2 9.67999E-3 9.46921E-3 9.92771E-3 1.05883E-2 9.55607E-3 9.19839E-3 8.51377E-3 8.23255E-3 8.2602E-3 8.76867E-3 1.00518E-2 1.0578E-2 1.12726E-2 1.14765E-2 1.1435E-2 1.14874E-2 1.1895E-2 1.11191E-2 1.08683E-2 1.30858E-2 1.0682E-2 1.00146E-2 1.07443E-2 1.10841E-2 1.1838E-2 1.0866E-2 9.7274E-3 8.90939E-3 1.00897E-2 9.83872E-3 8.63454E-3 8.20692E-3 7.45189E-3 6.81265E-3 6.43048E-3 5.51884E-3 5.01025E-3 4.42976E-3 3.4762E-3 3.78482E-3 2.15559E-3 1.49131E-3 1.20518E-3 1.3342E-3
5.00195E-2 4.91772E-2 4.16083E-2 3.05473E-2 1.58078E-2 1.05442E-2 8.51653E-3 8.51264E-3 8.53285E-3 8.44624E-3 9.62128E-3 1.13891E-2 1.40736E-2 2.27507E-2 2.6608E-2 2.95491E-2 2.71139E-2 1.524E-2 1.37913E-2 1.2481E-2 1.42322E-2 1.32916E-2 1.23372E-2 1.21427E-2 9.64382E-3 9.28585E-3 8.69747E-3 8.59278E-3 9.07489E-3 9.62695E-3 8.88913E-3 8.40328E-3 8.18442E-3 7.99212E-3 7.73053E-3 7.64495E-3 8.79366E-3 9.66932E-3 1.10511E-2 1.15174E-2 1.11241E-2 9.41835E-3 9.79612E-3 9.08082E-3 9.47326E-3 8.56115E-3 8.07734E-3 8.05913E-3 1.08052E-2 2.09851E-2 1.24941E-2 1.08111E-2 9.26071E-3 1.08055E-2 1.27315E-2 1.01977E-2 8.43801E-3 7.81944E-3 7.45216E-3 6.47598E-3 6.10733E-3 5.64982E-3 4.5811E-3 -9999 4.52075E-3 3.33179E-3 2.00267E-3 1.45495E-3 1.30081E-3 -9999
5.47059E-2 4.58193E-2 3.74336E-2 2.07619E-2 1.27317E-2 1.15638E-2 8.90415E-3 8.24537E-3 8.82459E-3 9.41639E-3 1.1198E-2 1.38378E-2 1.70649E-2 3.09035E-2 3.26234E-2 1.94311E-2 1.80523E-2 1.75984E-2 1.46327E-2 1.61856E-2 1.57915E-2 1.46769E-2 1.33953E-2 1.08099E-2 1.03177E-2 8.99818E-3 7.48213E-3 7.33485E-3 7.2739E-3 7.97325E-3 9.27527E-3 7.57303E-3 7.34801E-3 8.5033E-3 7.3745E-3 6.78314E-3 8.45395E-3 9.62521E-3 1.04774E-2 1.14806E-2 1.02534E-2 9.55299E-3 8.82783E-3 7.82279E-3 7.4475E-3 7.48774E-3 6.41656E-3 7.17744E-3 1.2549E-2 1.09814E-2 1.09961E-2 9.45704E-3 7.90125E-3 1.01093E-2 1.00936E-2 8.86624E-3 8.0938E-3 7.17243E-3 7.26704E-3 6.41403E-3 5.90042E-3 5.37187E-3 4.79939E-3 3.65432E-3 4.24781E-3 -9999 1.9017E-3 1.63258E-3 1.19533E-3 -9999
4.7829E-2 3.70044E-2 3.28244E-2 2.80151E-2 2.06169E-2 1.60129E-2 1.01276E-2 8.11643E-3 8.64305E-3 9.99026E-3 1.25788E-2 1.59784E-2 2.06699E-2 2.95165E-2 1.87344E-2 1.70221E-2 1.75259E-2 1.80306E-2 1.62891E-2 1.6847E-2 1.7617E-2 1.73818E-2 1.41313E-2 1.25664E-2 1.1752E-2 9.98632E-3 8.15667E-3 7.4191E-3 7.3302E-3 7.23937E-3 7.35616E-3 6.90429E-3 6.96019E-3 7.46138E-3 7.19209E-3 6.8839E-3 8.48836E-3 1.04637E-2 9.50387E-3 1.0663E-2 1.06462E-2 9.65324E-3 8.62687E-3 7.2731E-3 6.59374E-3 6.91471E-3 6.32817E-3 9.09774E-3 9.17516E-3 1.0867E-2 1.03836E-2 9.87747E-3 6.71713E-3 -9999 6.82507E-3 7.66127E-3 7.74966E-3 7.72675E-3 7.3631E-3 6.94229E-3 -9999 5.20385E-3 4.67757E-3 5.31498E-3 -9999 -9999 -9999 -9999 -9999 -9999
4.2817E-2 3.31639E-2 2.89716E-2 3.34206E-2 1.99742E-2 1.4843E-2 1.11893E-2 8.94527E-3 7.20114E-3 9.19227E-3 1.2893E-2 2.04959E-2 2.5269E-2 2.02931E-2 1.96686E-2 1.62832E-2 1.6425E-2 1.64816E-2 1.4871E-2 1.63331E-2 1.76404E-2 1.60012E-2 1.61909E-2 1.35633E-2 1.16979E-2 1.01632E-2 1.05424E-2 9.02077E-3 8.17999E-3 6.83257E-3 6.79504E-3 6.66287E-3 7.13009E-3 7.46296E-3 7.7979E-3 7.67431E-3 9.35714E-3 1.00404E-2 9.76299E-3 1.00898E-2 1.05484E-2 9.78084E-3 8.81766E-3 8.00683E-3 7.45145E-3 7.35531E-3 1.03358E-2 9.23804E-3 1.024E-2 1.12911E-2 -9999 -9999 -9999 -9999 -9999 7.93064E-3 -9999 -9999 7.55979E-3 -9999 -9999 -9999 -9999 -9999 -9999 -9999 -9999 -9999 -9999 -9999
3.98514E-2 2.75206E-2 2.15654E-2 2.19757E-2 1.87179E-2 1.40445E-2 1.1595E-2 1.18695E-2 7.34617E-3 1.15002E-2 1.63949E-2 2.38378E-2 2.0688E-2 1.91557E-2 1.54104E-2 1.46006E-2 1.6075E-2 1.54898E-2 1.46699E-2 1.27394E-2 1.40405E-2 1.41483E-2 1.54671E-2 1.40722E-2 1.29977E-2 1.23329E-2 1.18227E-2 1.00748E-2 8.53924E-3 6.61961E-3 6.55737E-3 6.65987E-3 8.19267E-3 7.79892E-3 7.98296E-3 8.40763E-3 9.33688E-3 1.10494E-2 1.10062E-2 9.98825E-3 1.00444E-2 9.66938E-3 8.97846E-3 8.65775E-3 7.61757E-3 1.03146E-2 8.51104E-3 1.04771E-2 -9999 -9999 -9999 -9999 -9999 -9999 -9999 -9999 -9999 -9999 -9999 -9999 -9999 -9999 -9999 -9999 -9999 -9999 -9999 -9999 -9999 -9999
4.00382E-2 3.4282E-2 3.54666E-2 3.33509E-2 2.03136E-2 1.419E-2 1.20667E-2 9.85965E-3 7.92449E-3 1.34328E-2 1.75656E-2 1.98707E-2 1.69796E-2 1.7283E-2 1.72034E-2 1.35006E-2 1.40429E-2 1.47738E-2 1.30936E-2 1.1441E-2 1.3009E-2 1.29082E-2 1.25932E-2 1.23347E-2 1.21815E-2 1.25412E-2 1.28554E-2 1.08888E-2 9.43131E-3 7.43343E-3 6.92796E-3 7.41937E-3 7.63033E-3 8.37494E-3 8.69367E-3 9.52422E-3 1.01023E-2 9.08535E-3 1.19695E-2 1.10034E-2 1.02379E-2 9.88438E-3 8.72361E-3 8.43503E-3 8.98421E-3 9.42292E-3 9.83561E-3 -9999 -9999 -9999 -9999 -9999 -9999 -9999 -9999 -9999 -9999 -9999 -9999 -9999 -9999 -9999 -9999 -9999 -9999 -9999 -9999 -9999 -9999 -9999
5.12139E-2 3.65575E-2 4.05705E-2 3.68955E-2 2.00443E-2 1.19218E-2 8.92593E-3 8.05505E-3 8.28377E-3 1.31468E-2 1.5624E-2 1.35144E-2 1.40188E-2 1.60146E-2 1.7794E-2 1.53277E-2 1.50158E-2 1.27725E-2 1.29094E-2 1.19063E-2 1.14081E-2 1.12228E-2 1.11543E-2 1.11541E-2 1.16752E-2 1.22225E-2 1.26548E-2 1.13713E-2 1.03576E-2 8.27348E-3 7.99853E-3 8.0364E-3 8.76406E-3 1.06802E-2 1.04678E-2 1.06275E-2 1.00143E-2 1.04868E-2 1.28324E-2 1.2751E-2 1.06173E-2 9.14842E-3 9.18276E-3 9.80782E-3 9.38368E-3 9.83557E-3 1.03853E-2 -9999 -9999 -9999 -9999 -9999 -9999 -9999 -9999 -9999 -9999 -9999 -9999 -9999 -9999 -9999 -9999 -9999 -9999 -9999 -9999 -9999 -9999 -9999
3.73201E-2 3.23667E-2 2.81147E-2 3.26357E-2 2.19314E-2 1.37588E-2 1.0612E-2 8.20393E-3 8.54387E-3 1.21432E-2 1.33004E-2 1.35366E-2 1.47852E-2 1.56299E-2 1.81545E-2 1.59868E-2 1.53735E-2 1.13715E-2 1.19075E-2 1.28632E-2 1.26553E-2 1.10257E-2 1.05153E-2 1.14903E-2 1.15081E-2 1.20305E-2 1.23137E-2 1.19829E-2 1.14838E-2 1.08338E-2 9.07179E-3 9.06286E-3 9.34586E-3 1.09855E-2 1.10482E-2 1.06002E-2 1.22652E-2 1.14263E-2 1.13133E-2 9.994E-3 1.05937E-2 1.45404E-2 1.42027E-2 1.42167E-2 1.03362E-2 9.97061E-3 1.09799E-2 1.26548E-2 -9999 -9999 -9999 -9999 -9999 -9999 -9999 -9999 -9999 -9999 -9999 -9999 -9999 -9999 -9999 -9999 -9999 -9999 -9999 -9999 -9999 -9999
2.70808E-2 2.25885E-2 2.3992E-2 2.89541E-2 1.76151E-2 1.40387E-2 9.17185E-3 8.48495E-3 8.43096E-3 9.02772E-3 1.23752E-2 1.32114E-2 1.44364E-2 1.65302E-2 1.75466E-2 1.89085E-2 1.40799E-2 1.41974E-2 1.26806E-2 1.25135E-2 1.27565E-2 1.63273E-2 1.6433E-2 1.19189E-2 1.21018E-2 1.22526E-2 1.24563E-2 1.06759E-2 1.0473E-2 1.03317E-2 1.02391E-2 1.0672E-2 9.27772E-3 1.32359E-2 1.38088E-2 1.4821E-2 1.23215E-2 1.32799E-2 1.1302E-2 1.18464E-2 1.02015E-2 1.33316E-2 1.3736E-2 1.0605E-2 1.06348E-2 1.05057E-2 1.31079E-2 2.17569E-2 -9999 -9999 -9999 -9999 -9999 -9999 -9999 -9999 -9999 -9999 -9999 -9999 -9999 -9999 -9999 -9999 -9999 -9999 -9999 -9999 -9999 -9999
1.90676E-2 1.82066E-2 1.55434E-2 2.01992E-2 1.46833E-2 1.03858E-2 1.18365E-2 1.05305E-2 9.96921E-3 8.31652E-3 8.96502E-3 9.73573E-3 1.07911E-2 1.19793E-2 1.33566E-2 1.38025E-2 1.35928E-2 1.28949E-2 1.08621E-2 1.16683E-2 1.39838E-2 1.92552E-2 2.2598E-2 1.41131E-2 1.31507E-2 1.24987E-2 1.07279E-2 1.10353E-2 9.85662E-3 1.35636E-2 1.52434E-2 1.68413E-2 1.62994E-2 1.55982E-2 1.46828E-2 1.4343E-2 1.43839E-2 1.49028E-2 1.17808E-2 1.18421E-2 1.05514E-2 1.03456E-2 1.49259E-2 1.10904E-2 1.10877E-2 1.20022E-2 1.38633E-2 -9999 -9999 -9999 -9999 -9999 -9999 -9999 -9999 -9999 -9999 -9999 -9999 -9999 -9999 -9999 -9999 -9999 -9999 -9999 -9999 -9999 -9999 -9999
1.75773E-2 1.40072E-2 1.24552E-2 1.32051E-2 9.95938E-3 9.92185E-3 1.12479E-2 9.64326E-3 9.07938E-3 7.53955E-3 8.09723E-3 8.45049E-3 9.54677E-3 1.00459E-2 1.1598E-2 1.37265E-2 1.62058E-2 1.40117E-2 1.18293E-2 1.20037E-2 1.35206E-2 1.96387E-2 1.70747E-2 1.56168E-2 1.38811E-2 1.08938E-2 9.88551E-3 1.03174E-2 1.54686E-2 1.67015E-2 1.85287E-2 2.01938E-2 2.05165E-2 1.74126E-2 1.74759E-2 1.21935E-2 1.25972E-2 1.24711E-2 1.18574E-2 1.08673E-2 1.0103E-2 1.12362E-2 1.10629E-2 1.19474E-2 1.18553E-2 1.28458E-2 -9999 -9999 -9999 -9999 -9999 -9999 -9999 -9999 -9999 -9999 -9999 -9999 -9999 -9999 -9999 -9999 -9999 -9999 -9999 -9999 -9999 -9999 -9999 -9999
1.79173E-2 1.50583E-2 1.18538E-2 1.01008E-2 1.32629E-2 1.22507E-2 1.01154E-2 8.4272E-3 8.61328E-3 6.96801E-3 7.45645E-3 7.60093E-3 9.17602E-3 1.01366E-2 1.07416E-2 1.31521E-2 1.47557E-2 1.37173E-2 1.25434E-2 1.17834E-2 1.38713E-2 2.19682E-2 1.58656E-2 1.51353E-2 1.18854E-2 1.05556E-2 1.11972E-2 1.63561E-2 1.62756E-2 1.76374E-2 1.88412E-2 1.82414E-2 1.9013E-2 2.73493E-2 1.43388E-2 1.41879E-2 1.39939E-2 1.37093E-2 1.32573E-2 1.19683E-2 1.14252E-2 1.11693E-2 1.19861E-2 1.27201E-2 1.24492E-2 1.37339E-2 -9999 -9999 -9999 -9999 -9999 -9999 -9999 -9999 -9999 -9999 -9999 -9999 -9999 -9999 -9999 -9999 -9999 -9999 -9999 -9999 -9999 -9999 -9999 -9999
1.64168E-2 1.37802E-2 1.09361E-2 1.11621E-2 1.38196E-2 1.20504E-2 1.02579E-2 9.06707E-3 8.38009E-3 6.72287E-3 6.74934E-3 7.77349E-3 8.28595E-3 9.54294E-3 1.12974E-2 1.23935E-2 1.34336E-2 1.30297E-2 1.3789E-2 1.35005E-2 1.71674E-2 1.69072E-2 1.72093E-2 1.63769E-2 1.38182E-2 1.28762E-2 1.41726E-2 1.77737E-2 1.72903E-2 1.98613E-2 1.60052E-2 1.691E-2 1.76426E-2 1.7073E-2 1.60007E-2 1.69453E-2 1.5407E-2 1.47654E-2 1.44488E-2 1.41145E-2 1.28131E-2 1.33714E-2 1.30038E-2 1.39916E-2 1.48206E-2 -9999 -9999 -9999 -9999 -9999 -9999 -9999 -9999 -9999 -9999 -9999 -9999 -9999 -9999 -9999 -9999 -9999 -9999 -9999 -9999 -9999 -9999 -9999 -9999 -9999
1.76224E-2 1.22215E-2 1.13659E-2 1.46363E-2 1.35606E-2 1.18846E-2 1.03185E-2 9.30231E-3 7.01405E-3 6.74539E-3 6.62224E-3 7.48917E-3 8.4E-3 9.89364E-3 1.15477E-2 1.21256E-2 1.32794E-2 1.59767E-2 1.45926E-2 1.49642E-2 1.84762E-2 1.81476E-2 2.10688E-2 1.71236E-2 1.54051E-2 1.91818E-2 1.89554E-2 1.77431E-2 1.70441E-2 1.51654E-2 1.45968E-2 1.66974E-2 1.84461E-2 1.65373E-2 1.70103E-2 1.81811E-2 1.87123E-2 1.90788E-2 1.59549E-2 1.65537E-2 1.51679E-2 1.58616E-2 1.48903E-2 1.50229E-2 -9999 -9999 -9999 -9999 -9999 -9999 -9999 -9999 -9999 -9999 -9999 -9999 -9999 -9999 -9999 -9999 -9999 -9999 -9999 -9999 -9999 -9999 -9999 -9999 -9999 -9999
1.93337E-2 1.88742E-2 1.31087E-2 1.17518E-2 1.29949E-2 1.13791E-2 1.04438E-2 7.71721E-3 7.24813E-3 6.86106E-3 7.56115E-3 8.85029E-3 1.02592E-2 1.09361E-2 1.27181E-2 1.51913E-2 1.61136E-2 1.64822E-2 1.48691E-2 1.65657E-2 1.59031E-2 2.00764E-2 1.90972E-2 1.71121E-2 2.03294E-2 1.79158E-2 2.04902E-2 1.82961E-2 2.86079E-2 1.70827E-2 1.63244E-2 1.72712E-2 1.96725E-2 1.71509E-2 1.83388E-2 2.19696E-2 1.90835E-2 -9999 -9999 1.83617E-2 -9999 -9999 -9999 -9999 -9999 -9999 -9999 -9999 -9999 -9999 -9999 -9999 -9999 -9999 -9999 -9999 -9999 -9999 -9999 -9999 -9999 -9999 -9999 -9999 -9999 -9999 -9999 -9999 -9999 -9999
2.26224E-2 2.00443E-2 1.80256E-2 1.6154E-2 1.32496E-2 1.14637E-2 1.06101E-2 7.96544E-3 7.4534E-3 7.14433E-3 8.77832E-3 1.03512E-2 1.09336E-2 1.28374E-2 1.36106E-2 1.44319E-2 1.67821E-2 1.64082E-2 1.48254E-2 1.58214E-2 1.64764E-2 1.78507E-2 1.75549E-2 1.74898E-2 1.48189E-2 1.86145E-2 1.64243E-2 3.21803E-2 1.801E-2 1.73785E-2 1.71266E-2 1.7488E-2 1.85721E-2 1.78803E-2 1.95514E-2 1.99401E-2 2.19308E-2 2.24151E-2 -9999 -9999 -9999 -9999 -9999 -9999 -9999 -9999 -9999 -9999 -9999 -9999 -9999 -9999 -9999 -9999 -9999 -9999 -9999 -9999 -9999 -9999 -9999 -9999 -9999 -9999 -9999 -9999 -9999 -9999 -9999 -9999
1.86437E-2 2.56931E-2 2.83966E-2 1.96048E-2 1.27256E-2 1.29897E-2 1.14286E-2 8.17159E-3 7.53045E-3 7.31903E-3 8.23303E-3 9.68301E-3 1.13119E-2 1.22292E-2 1.31209E-2 1.48229E-2 1.50381E-2 1.52198E-2 1.51498E-2 1.55025E-2 1.5963E-2 1.47873E-2 1.70057E-2 1.55049E-2 1.26233E-2 1.69573E-2 3.40236E-2 1.63837E-2 1.82797E-2 1.82001E-2 1.65184E-2 1.70064E-2 2.01917E-2 1.88838E-2 1.9628E-2 2.3556E-2 2.60139E-2 -9999 -9999 -9999 -9999 -9999 -9999 -9999 -9999 -9999 -9999 -9999 -9999 -9999 -9999 -9999 -9999 -9999 -9999 -9999 -9999 -9999 -9999 -9999 -9999 -9999 -9999 -9999 -9999 -9999 -9999 -9999 -9999 -9999
3.27028E-2 2.56509E-2 3.26761E-2 2.27437E-2 1.69569E-2 1.20276E-2 9.79773E-3 8.51787E-3 7.64586E-3 8.47521E-3 8.76101E-3 9.20663E-3 1.07595E-2 1.24227E-2 1.23294E-2 1.35267E-2 1.51584E-2 1.51881E-2 1.50528E-2 1.5357E-2 1.37443E-2 1.28852E-2 1.27793E-2 1.23541E-2 1.23741E-2 2.28199E-2 1.74763E-2 1.61846E-2 1.92538E-2 1.91608E-2 1.73261E-2 1.68217E-2 2.1869E-2 2.48936E-2 2.85522E-2 -9999 -9999 -9999 -9999 -9999 -9999 -9999 -9999 -9999 -9999 -9999 -9999 -9999 -9999 -9999 -9999 -9999 -9999 -9999 -9999 -9999 -9999 -9999 -9999 -9999 -9999 -9999 -9999 -9999 -9999 -9999 -9999 -9999 -9999 -9999
