KUENM_DEFAULT/Final_Models/M_1_F_lqpth_Set_1_NE/sp1_9.asc
ncols         197
nrows         210
xllcorner     56.1666666666667
yllcorner     4.5
cellsize      0.166666666666667
NODATA_value  -9999
[rows 56 to 83 of 210, columns 130 to 194 of 197]
1.24603E-2 4.5604E-3 6.61649E-3 2.85585E-3 2.81153E-3 9.37251E-4 9.18228E-4 5.27125E-4 6.32819E-4 8.04692E-4 7.22717E-4 5.89313E-4 6.10944E-4 5.4483E-4 6.51273E-4 5.59025E-4 7.68855E-4 7.17675E-4 1.19806E-3 1.89462E-3 2.29125E-3 2.73524E-3 3.92131E-3 4.21301E-3 2.86294E-3 2.88976E-3 2.458E-3 2.8788E-3 3.06143E-3 3.86959E-3 6.94718E-3 8.52314E-3 6.64792E-3 3.03487E-3 2.21777E-3 1.87383E-3 1.71576E-3 1.04183E-3 6.12474E-4 4.87065E-4 4.94898E-4 2.95569E-4 2.35239E-4 2.16846E-4 -9999 -9999 -9999 -9999 -9999 -9999 -9999 -9999 -9999 -9999 -9999 -9999 -9999 -9999 -9999 -9999 -9999 -9999 -9999 -9999 -9999
6.02564E-2 2.61032E-2 1.01485E-2 1.81818E-3 1.21093E-3 2.48718E-3 6.4368E-4 5.55782E-4 9.71416E-4 8.6822E-4 8.07056E-4 1.1438E-3 8.42678E-4 6.5897E-4 7.64559E-4 5.98001E-4 1.12893E-3 8.28E-4 8.61097E-4 1.85377E-3 2.58916E-3 2.01329E-3 2.71323E-3 4.96871E-3 1.09203E-2 3.35874E-3 2.77766E-3 2.76355E-3 2.90111E-3 4.06596E-3 5.44798E-3 7.49087E-3 6.41352E-3 3.6655E-3 2.79055E-3 2.04189E-3 1.56727E-3 1.48321E-3 1.00005E-3 5.82093E-4 3.87305E-4 3.96188E-4 2.68433E-4 2.31055E-4 2.63153E-4 1.61897E-4 -9999 -9999 -9999 -9999 -9999 -9999 -9999 -9999 -9999 -9999 -9999 -9999 -9999 -9999 -9999 -9999 -9999 -9999 -9999
9.12648E-2 9.38943E-2 4.48792E-2 7.93334E-3 3.19885E-3 2.3298E-3 7.7475E-4 5.09471E-4 1.48312E-3 1.21679E-3 6.26489E-4 1.02201E-3 8.6556E-4 6.94622E-4 6.8267E-4 8.82331E-4 1.32798E-3 1.3854E-3 9.62658E-4 5.71459E-4 1.03348E-3 4.34918E-3 3.39586E-3 1.38408E-2 2.46134E-2 1.62548E-2 2.94578E-3 2.5804E-3 3.10693E-3 2.38858E-3 3.92471E-3 5.51079E-3 7.5262E-3 3.62939E-3 2.7938E-3 2.26499E-3 1.68607E-3 1.72211E-3 1.2468E-3 1.02196E-3 4.7226E-4 4.64398E-4 4.56916E-4 3.6443E-4 2.61595E-4 2.05093E-4 1.78704E-4 2.2933E-4 -9999 -9999 -9999 -9999 -9999 -9999 -9999 -9999 -9999 -9999 -9999 -9999 -9999 -9999 -9999 -9999 -9999
1.10482E-1 1.06861E-1 6.71139E-2 3.85024E-2 9.1711E-3 6.07414E-3 3.71722E-3 2.13292E-3 8.53991E-4 3.8531E-4 8.82229E-4 6.31411E-4 9.66886E-4 1.0322E-3 1.47611E-3 1.57599E-3 1.75717E-3 1.08714E-3 1.15678E-3 1.52059E-3 3.40372E-3 2.91384E-3 7.46407E-3 3.18943E-2 2.89996E-2 2.11682E-2 1.11229E-2 5.53009E-3 3.33436E-3 3.26889E-3 4.12813E-3 5.56334E-3 2.09896E-3 2.76035E-3 2.4195E-3 1.8202E-3 1.47124E-3 1.80993E-3 1.76231E-3 1.43601E-3 1.00481E-3 7.69215E-4 7.00446E-4 5.35708E-4 4.07828E-4 2.9754E-4 2.96797E-4 3.28445E-4 2.3664E-4 2.20825E-4 -9999 -9999 -9999 -9999 -9999 -9999 -9999 -9999 -9999 -9999 -9999 -9999 -9999 -9999 -9999
1.18885E-1 1.19652E-1 9.15123E-2 6.88444E-2 4.94676E-2 2.94265E-2 7.86527E-3 4.07693E-3 1.13161E-3 2.29815E-4 1.72422E-4 3.53207E-4 1.00088E-3 1.22184E-3 1.608E-3 2.36895E-3 1.49666E-3 2.43798E-3 2.63301E-3 1.66441E-3 2.10127E-3 4.49921E-3 9.91328E-3 2.68472E-2 1.68134E-2 1.17185E-2 6.06794E-3 2.69255E-3 2.36208E-3 2.81506E-3 3.9982E-3 5.43231E-3 7.25016E-3 1.73752E-3 1.84152E-3 1.15909E-3 1.33822E-3 1.64816E-3 1.20158E-3 1.44516E-3 1.27915E-3 9.04467E-4 1.00194E-3 8.19408E-4 6.4456E-4 3.95512E-4 4.05272E-4 4.04177E-4 4.20905E-4 3.90208E-4 3.36165E-4 2.68326E-4 -9999 -9999 -9999 -9999 -9999 -9999 -9999 -9999 -9999 -9999 -9999 -9999 -9999
1.06055E-1 1.10952E-1 1.00338E-1 9.0138E-2 7.27395E-2 5.27553E-2 3.3746E-2 1.69633E-2 3.77452E-3 1.16781E-3 7.61683E-4 6.083E-4 9.40964E-4 1.36385E-3 1.89994E-3 2.14974E-3 1.45232E-3 2.46145E-3 3.69062E-3 3.69966E-3 4.62434E-3 3.62725E-3 4.68395E-3 1.60752E-2 1.72393E-2 1.60896E-2 1.4691E-2 6.38077E-3 2.78403E-3 3.02149E-3 3.98044E-3 4.23343E-3 6.66307E-3 2.04924E-3 1.30273E-3 1.04901E-3 2.05197E-3 1.76129E-3 1.16545E-3 1.56779E-3 1.64523E-3 1.34099E-3 1.13946E-3 9.28061E-4 8.61956E-4 1.00837E-3 6.70456E-4 8.87007E-4 8.21631E-4 4.59414E-4 4.84343E-4 2.86335E-4 6.87034E-4 -9999 -9999 -9999 -9999 -9999 -9999 -9999 -9999 -9999 -9999 -9999 -9999
1.28371E-1 1.20766E-1 1.11999E-1 9.13066E-2 8.04002E-2 7.77229E-2 5.18127E-2 3.11231E-2 1.63945E-2 9.99867E-3 6.00787E-3 2.46824E-3 2.23981E-3 3.49488E-3 2.93994E-3 2.61735E-3 2.34419E-3 2.22434E-3 1.427E-3 3.05314E-3 3.06167E-3 3.60899E-3 4.98589E-3 1.69945E-2 5.60603E-3 4.46859E-3 3.30593E-3 6.43011E-3 9.89722E-3 6.0177E-3 6.79464E-3 3.97162E-3 6.20455E-3 6.53068E-3 1.58923E-3 1.14143E-3 4.33792E-3 1.79974E-3 1.06237E-3 1.31756E-3 1.1174E-3 1.02421E-3 8.57841E-4 1.00463E-3 9.14094E-4 8.4744E-4 6.84304E-4 7.28791E-4 7.81226E-4 4.15307E-4 3.81446E-4 2.93952E-4 3.15832E-4 2.64206E-4 3.42063E-4 -9999 -9999 -9999 -9999 -9999 -9999 -9999 -9999 -9999 -9999
3.58576E-1 3.5473E-1 3.18521E-1 1.12726E-1 1.06624E-1 1.033E-1 8.02077E-2 5.64032E-2 3.70215E-2 3.11872E-2 2.17155E-2 1.43502E-2 1.07614E-2 1.51141E-2 1.95855E-2 1.00711E-2 2.68746E-3 1.78182E-3 1.73971E-3 2.3696E-3 2.15318E-3 2.75794E-3 2.83078E-3 4.06541E-3 1.41392E-2 1.16268E-2 5.11022E-3 2.72232E-3 2.64795E-3 7.05909E-3 1.09565E-2 7.252E-3 5.70944E-3 7.01255E-3 2.00999E-3 4.16575E-3 3.7368E-3 1.21913E-3 8.59958E-4 7.18578E-4 9.83751E-4 1.02128E-3 8.12699E-4 8.0999E-4 1.40831E-3 8.73095E-4 1.26098E-3 5.3869E-4 4.49214E-4 3.83773E-4 7.54562E-4 1.06181E-3 2.62944E-4 3.06945E-4 2.38236E-4 1.87081E-4 -9999 -9999 -9999 -9999 -9999 -9999 -9999 -9999 -9999
4.04595E-1 3.67466E-1 3.71075E-1 3.81145E-1 3.54551E-1 3.42535E-1 9.65124E-2 7.27785E-2 5.49366E-2 4.69133E-2 4.2173E-2 2.9372E-2 1.88206E-2 1.93843E-2 1.44059E-2 8.60943E-3 7.16543E-3 4.81402E-3 3.33703E-3 1.66245E-3 2.37532E-3 3.66965E-3 2.14997E-3 2.37253E-3 3.06816E-3 2.35905E-3 2.17245E-3 2.19105E-3 2.66742E-3 7.6463E-3 7.09268E-3 3.73133E-3 3.4521E-3 3.26552E-3 4.40653E-3 5.58792E-3 2.46206E-3 1.61034E-3 1.83089E-3 8.9947E-4 1.15771E-3 1.75427E-3 1.55603E-3 1.01628E-3 2.2149E-3 1.04427E-3 1.77113E-3 1.63708E-3 1.41362E-3 8.73754E-4 1.18387E-3 1.91241E-3 6.26545E-4 9.51086E-4 4.81993E-4 5.36196E-4 6.10457E-4 -9999 -9999 -9999 -9999 -9999 -9999 -9999 -9999
4.28324E-1 4.04535E-1 4.13167E-1 4.00504E-1 4.09611E-1 3.53498E-1 1.03276E-1 8.11996E-2 6.87173E-2 5.79228E-2 4.62925E-2 3.12401E-2 2.32451E-2 2.46978E-2 1.69836E-2 1.0388E-2 8.68041E-3 7.75969E-3 5.19753E-3 4.34788E-3 3.61986E-3 1.44776E-3 1.1137E-3 1.5257E-3 1.98492E-3 1.85929E-3 1.44756E-3 1.57499E-3 1.40946E-3 1.85089E-3 1.0702E-2 1.01543E-2 1.14529E-2 7.638E-3 1.52642E-2 1.23409E-2 2.23614E-3 2.57868E-3 2.74156E-3 6.77818E-3 1.58901E-3 3.75622E-3 2.60534E-3 1.81568E-3 2.37626E-3 1.13534E-3 7.78486E-4 1.00072E-3 1.15809E-3 1.25745E-3 6.7317E-4 1.28319E-3 2.51264E-3 1.49642E-3 1.24037E-3 1.23216E-3 1.04248E-3 2.39694E-3 -9999 -9999 -9999 -9999 -9999 -9999 -9999
4.74867E-1 4.27231E-1 3.77024E-1 3.9075E-1 4.01406E-1 3.38761E-1 9.83442E-2 7.81699E-2 7.91133E-2 6.53E-2 4.55193E-2 2.92651E-2 2.33585E-2 2.65352E-2 2.68204E-2 1.75459E-2 1.3934E-2 1.21406E-2 9.87727E-3 7.90775E-3 6.69255E-3 4.61021E-3 1.15387E-3 1.38475E-3 1.98575E-3 2.48369E-3 1.9919E-3 1.77434E-3 1.37496E-3 1.51898E-3 2.0743E-3 1.33793E-3 1.20752E-3 4.41625E-4 1.83877E-4 8.56006E-4 3.76223E-4 1.89806E-3 1.46118E-2 1.5795E-3 3.17703E-3 3.24085E-3 1.68693E-2 2.3405E-3 6.51036E-3 1.88146E-2 1.20011E-3 5.14843E-4 1.12717E-3 1.82024E-3 7.08225E-4 5.92039E-4 1.51912E-3 9.04791E-4 1.71743E-3 2.08574E-3 9.86069E-4 1.2774E-3 2.82472E-3 -9999 -9999 -9999 -9999 -9999 -9999
5.02443E-1 4.53468E-1 3.79587E-1 3.84841E-1 3.54873E-1 2.99857E-1 9.01996E-2 8.37798E-2 8.77057E-2 7.22082E-2 5.2116E-2 2.90171E-2 2.38737E-2 2.60643E-2 2.8556E-2 2.39158E-2 2.23236E-2 2.30895E-2 2.14985E-2 1.60736E-2 1.22993E-2 1.18582E-2 1.27072E-2 6.5558E-3 3.21168E-3 2.78157E-3 2.30827E-3 1.95671E-3 1.62638E-3 1.37081E-3 9.52031E-4 6.37412E-4 5.17205E-4 1.83713E-4 8.37889E-5 1.11888E-5 8.60175E-6 1.17397E-5 2.64529E-5 6.93259E-5 6.54274E-4 2.02755E-3 1.74257E-3 1.24253E-2 1.46761E-2 1.16196E-2 2.6085E-3 1.13596E-3 2.13086E-3 1.72168E-3 8.04807E-4 7.29791E-4 7.77807E-4 6.13204E-4 1.03094E-3 7.95763E-4 1.40828E-3 3.76037E-3 5.02936E-4 2.59291E-3 -9999 -9999 -9999 -9999 -9999
5.31332E-1 4.79831E-1 4.08698E-1 3.76505E-1 3.73023E-1 3.46957E-1 3.06374E-1 1.11495E-1 1.0222E-1 8.57789E-2 6.67349E-2 4.3169E-2 3.33815E-2 3.07685E-2 3.50923E-2 3.32114E-2 3.08461E-2 3.18117E-2 3.26013E-2 2.6141E-2 2.33428E-2 2.64757E-2 3.96031E-2 4.09627E-2 2.47559E-2 4.11117E-3 3.15768E-3 2.75462E-3 2.15209E-3 2.99209E-3 2.23527E-3 8.38507E-4 7.08096E-4 2.07763E-4 1.20766E-4 4.02297E-5 3.43481E-5 3.50307E-5 6.83598E-5 9.53143E-5 1.9669E-4 3.67409E-4 6.33064E-4 7.49866E-4 8.14229E-4 9.35748E-3 6.69048E-3 7.83394E-3 1.59846E-2 4.46554E-3 6.3451E-3 3.04915E-3 7.20425E-4 4.56355E-4 3.97027E-4 7.24809E-4 3.29843E-3 7.44985E-3 1.24563E-3 1.45646E-3 1.01549E-3 -9999 -9999 -9999 -9999
5.76454E-1 4.90837E-1 4.5237E-1 4.25735E-1 4.32138E-1 4.11454E-1 4.00698E-1 3.54224E-1 3.09032E-1 9.49627E-2 8.00534E-2 6.34595E-2 4.74575E-2 4.60072E-2 4.80575E-2 4.36689E-2 3.90701E-2 3.83447E-2 3.86266E-2 3.5671E-2 3.4998E-2 3.47244E-2 4.14936E-2 3.99635E-2 2.52695E-2 5.88059E-3 3.83495E-3 3.51465E-3 3.7415E-3 4.43079E-3 4.52353E-3 1.95923E-3 1.27588E-3 6.80893E-4 5.17725E-4 2.79227E-4 1.86618E-4 1.78071E-4 2.09119E-4 2.72703E-4 4.16111E-4 5.65253E-4 8.07732E-4 9.3718E-4 1.31969E-3 3.02041E-4 1.66538E-4 1.2032E-4 1.37169E-4 5.22842E-3 6.73468E-4 2.70908E-3 2.03981E-3 3.33051E-3 8.34871E-4 1.07505E-3 1.25857E-2 8.34492E-4 3.66914E-3 1.28835E-3 7.71706E-4 -9999 -9999 -9999 -9999
5.60751E-1 5.33135E-1 4.77321E-1 4.67782E-1 5.2918E-1 5.08654E-1 4.65183E-1 4.1636E-1 3.59271E-1 2.98161E-1 1.0079E-1 8.42358E-2 6.29087E-2 5.75414E-2 5.30441E-2 4.82307E-2 4.3113E-2 3.99175E-2 4.1225E-2 3.96792E-2 4.00513E-2 4.08923E-2 4.2244E-2 3.54289E-2 2.42715E-2 1.55236E-2 1.04412E-2 3.99357E-3 4.25641E-3 4.77848E-3 6.14262E-3 5.03158E-3 2.83022E-3 1.11679E-3 6.38408E-4 3.26954E-4 3.40546E-4 2.81013E-4 4.35481E-4 7.13689E-4 7.56413E-4 7.14947E-4 5.54792E-4 1.00441E-3 6.75036E-4 4.07857E-4 8.058E-4 2.96314E-4 8.64702E-5 1.56655E-4 1.37846E-4 4.72262E-3 4.91072E-3 3.73937E-3 2.06011E-3 1.21379E-2 4.98947E-4 1.04783E-4 1.33367E-2 6.04127E-3 3.89287E-3 8.67466E-4 -9999 -9999 -9999
5.3389E-1 5.20598E-1 4.84209E-1 4.97622E-1 5.07431E-1 5.43477E-1 5.04534E-1 4.55548E-1 4.03793E-1 3.68511E-1 3.22938E-1 1.05232E-1 8.52424E-2 6.76519E-2 5.87643E-2 5.00802E-2 3.50587E-2 4.15442E-2 4.49024E-2 4.59344E-2 4.55147E-2 4.50061E-2 4.43213E-2 3.5544E-2 2.67181E-2 1.73445E-2 1.36443E-2 1.08984E-2 1.0347E-2 1.11626E-2 1.10333E-2 1.26975E-2 7.54198E-3 5.27236E-3 3.19853E-3 1.2411E-3 1.35938E-3 9.45621E-4 1.42245E-3 2.41342E-3 2.57221E-3 1.18043E-3 1.12782E-3 3.04541E-4 4.08572E-4 2.83352E-4 1.44917E-3 1.52862E-3 2.247E-4 4.09619E-4 6.77838E-5 1.17977E-4 2.53587E-4 1.25954E-4 2.88727E-4 1.44263E-4 5.36666E-5 1.64897E-4 6.09092E-4 5.16201E-4 4.41249E-3 1.9192E-3 4.18661E-3 -9999 -9999
5.56254E-1 5.22807E-1 4.9039E-1 4.73868E-1 4.88642E-1 4.84807E-1 4.78769E-1 4.56543E-1 4.31001E-1 3.88145E-1 3.63907E-1 3.26655E-1 1.03973E-1 7.12455E-2 6.15107E-2 5.92063E-2 4.53335E-2 4.8949E-2 5.46925E-2 5.33138E-2 5.25772E-2 4.90592E-2 4.72213E-2 3.7885E-2 2.65228E-2 2.20923E-2 1.86513E-2 1.5959E-2 1.57246E-2 1.63992E-2 1.71058E-2 1.50307E-2 1.05538E-2 9.76129E-3 8.29528E-3 4.7163E-3 3.03205E-3 2.97089E-3 3.34328E-3 2.36128E-3 2.38061E-3 1.54324E-3 1.02521E-3 1.0591E-3 1.69044E-3 1.47104E-3 1.63009E-3 2.28602E-3 2.62751E-3 2.92226E-3 8.83058E-4 1.19526E-4 8.71869E-5 1.50484E-4 7.55142E-5 5.34034E-4 1.04587E-3 1.11703E-4 1.669E-4 1.19528E-4 1.57469E-4 1.07386E-3 1.54414E-4 -9999 -9999
6.05043E-1 5.57271E-1 4.82423E-1 4.59042E-1 4.66328E-1 4.69178E-1 4.78939E-1 4.7734E-1 4.58755E-1 4.30101E-1 3.88559E-1 3.79112E-1 3.65817E-1 1.05263E-1 7.7458E-2 6.70311E-2 6.82217E-2 8.02977E-2 7.22061E-2 6.64481E-2 6.12138E-2 5.59448E-2 4.70361E-2 3.81468E-2 2.97469E-2 2.87501E-2 2.85775E-2 2.41962E-2 2.03609E-2 1.95852E-2 1.97795E-2 1.48796E-2 1.05693E-2 1.17974E-2 1.38338E-2 1.02618E-2 6.13588E-3 5.86291E-3 6.50804E-3 9.55786E-3 1.51492E-2 9.61872E-3 1.89504E-3 1.24292E-3 1.21684E-3 1.08567E-3 1.70939E-3 4.10324E-3 6.44417E-3 5.42974E-3 4.35689E-3 3.18452E-3 3.14844E-3 1.15485E-3 1.46309E-4 4.51609E-4 8.5333E-3 2.37894E-4 2.71641E-4 5.07223E-4 1.05887E-4 9.82996E-5 3.1405E-5 1.9404E-5 -9999
5.80647E-1 5.6536E-1 4.98013E-1 4.62594E-1 4.65848E-1 4.62036E-1 4.65817E-1 4.76007E-1 4.65973E-1 4.23278E-1 3.96173E-1 4.01197E-1 4.07705E-1 3.45223E-1 9.86401E-2 7.87499E-2 7.94001E-2 9.09363E-2 9.27349E-2 8.40316E-2 7.81818E-2 6.59797E-2 5.45862E-2 4.41476E-2 3.632E-2 4.06673E-2 4.60558E-2 3.58608E-2 2.76839E-2 2.60786E-2 2.54345E-2 2.1534E-2 1.44603E-2 1.66518E-2 2.07523E-2 1.76618E-2 1.30384E-2 1.28098E-2 1.42608E-2 1.40768E-2 2.0006E-2 2.57299E-2 1.76703E-2 7.69596E-3 4.33834E-3 3.46799E-3 3.98352E-3 3.15149E-3 5.13174E-3 6.94711E-3 5.5048E-3 7.90176E-3 3.6624E-3 5.7518E-3 7.02063E-4 5.8419E-3 1.04627E-2 1.23115E-3 2.33814E-3 4.21231E-4 8.71945E-5 4.96575E-5 1.97246E-5 1.44896E-5 -9999
5.55446E-1 5.66439E-1 5.23876E-1 4.70325E-1 4.36255E-1 4.34685E-1 4.20698E-1 4.25243E-1 4.30017E-1 4.01235E-1 4.06901E-1 4.11745E-1 4.05108E-1 3.57597E-1 3.00243E-1 1.05509E-1 2.90815E-1 1.06018E-1 1.0268E-1 2.76847E-1 2.70203E-1 7.84283E-2 6.23111E-2 5.21297E-2 4.53121E-2 4.65876E-2 5.5416E-2 4.21279E-2 3.46139E-2 3.7676E-2 3.92166E-2 3.72763E-2 3.00272E-2 2.83219E-2 2.92122E-2 2.63822E-2 2.05037E-2 2.08541E-2 2.36733E-2 2.49005E-2 2.4422E-2 2.99885E-2 2.59641E-2 1.50068E-2 1.10363E-2 8.98133E-3 9.02228E-3 8.267E-3 9.01987E-3 8.71946E-3 1.11998E-2 1.16037E-2 6.7727E-3 7.19554E-3 6.08185E-3 5.95143E-3 9.47498E-3 5.46348E-3 1.68423E-3 6.40509E-4 2.12692E-4 2.41527E-5 8.95221E-6 9.18233E-6 4.51249E-6
5.08263E-1 5.22803E-1 5.08933E-1 4.39252E-1 4.43558E-1 4.34499E-1 4.03644E-1 3.93157E-1 4.29679E-1 3.87805E-1 3.91872E-1 4.226E-1 4.10499E-1 3.76878E-1 3.41797E-1 3.4185E-1 3.59124E-1 3.19118E-1 1.1108E-1 3.10825E-1 2.8422E-1 8.43439E-2 7.15996E-2 6.21042E-2 5.36017E-2 5.4636E-2 5.97392E-2 5.2887E-2 4.83565E-2 5.05478E-2 6.15968E-2 6.41845E-2 5.33565E-2 4.49673E-2 3.94054E-2 3.85803E-2 3.04484E-2 2.97302E-2 3.38563E-2 3.03164E-2 2.8664E-2 3.21504E-2 2.71591E-2 2.10653E-2 2.21457E-2 1.92248E-2 2.23341E-2 2.0726E-2 1.62448E-2 1.25955E-2 1.14691E-2 9.77842E-3 1.02226E-2 7.30799E-3 3.11589E-3 1.20145E-3 1.81363E-3 1.4752E-3 5.87066E-4 4.38374E-4 3.09453E-4 8.47742E-5 1.1815E-4 1.7926E-5 5.59639E-6
4.85528E-1 4.66315E-1 4.49653E-1 4.28763E-1 3.97814E-1 4.76143E-1 4.57911E-1 4.37159E-1 4.02087E-1 4.0966E-1 4.04737E-1 4.19458E-1 4.45001E-1 4.30553E-1 4.18612E-1 3.90414E-1 3.74173E-1 3.41961E-1 3.23178E-1 3.18709E-1 2.87259E-1 9.04418E-2 8.6212E-2 7.9575E-2 7.37268E-2 5.97537E-2 6.22761E-2 7.35343E-2 7.791E-2 8.62094E-2 8.26987E-2 7.79021E-2 7.06663E-2 5.83702E-2 4.99144E-2 4.79447E-2 4.63763E-2 4.90269E-2 5.21074E-2 4.71419E-2 4.00184E-2 3.93885E-2 3.74946E-2 2.91918E-2 1.7313E-2 1.41329E-2 2.39561E-2 2.8845E-2 2.09498E-2 2.22992E-2 2.50095E-2 1.23248E-2 1.02653E-2 7.37272E-3 4.04868E-3 2.45338E-3 1.62016E-3 9.61018E-4 3.59318E-4 2.55727E-4 2.87722E-4 3.91442E-4 3.0569E-4 5.87352E-5 1.19564E-5
4.55002E-1 4.3121E-1 4.13702E-1 4.19387E-1 3.93756E-1 4.47931E-1 4.86613E-1 4.61456E-1 4.13778E-1 4.09224E-1 4.08391E-1 4.17489E-1 4.72436E-1 4.56533E-1 4.5414E-1 4.08181E-1 3.76441E-1 3.49631E-1 3.42131E-1 3.25482E-1 2.98322E-1 2.79806E-1 2.75712E-1 2.97325E-1 9.63818E-2 8.74606E-2 7.85134E-2 8.48774E-2 9.5355E-2 9.77892E-2 8.61635E-2 8.96105E-2 8.03264E-2 6.87181E-2 5.73681E-2 5.94562E-2 6.56645E-2 7.64015E-2 7.10973E-2 5.92113E-2 4.4456E-2 4.55653E-2 5.03356E-2 4.08333E-2 2.00197E-2 1.23768E-2 2.37615E-2 4.05952E-2 3.74747E-2 3.09285E-2 3.44012E-2 3.72969E-2 2.27599E-2 1.24041E-2 7.31202E-3 4.76457E-3 2.87861E-3 1.65073E-3 7.31775E-4 3.89132E-4 3.79929E-4 3.90787E-4 3.18996E-4 1.32288E-4 4.75096E-5
4.12761E-1 3.92427E-1 3.9163E-1 3.60183E-1 3.73493E-1 4.12879E-1 4.506E-1 4.53482E-1 4.09924E-1 3.72875E-1 3.7625E-1 4.05247E-1 4.42307E-1 4.3267E-1 4.12048E-1 3.42697E-1 3.26018E-1 3.28396E-1 3.39317E-1 3.30593E-1 3.16153E-1 3.09836E-1 3.30497E-1 3.14332E-1 1.10751E-1 1.08093E-1 8.34712E-2 6.7676E-2 9.15395E-2 8.67015E-2 7.98144E-2 8.32147E-2 8.13351E-2 6.46739E-2 6.04988E-2 7.67254E-2 9.47989E-2 9.24985E-2 7.51269E-2 6.05078E-2 4.70208E-2 5.02086E-2 5.08092E-2 5.81119E-2 6.13946E-2 3.64175E-2 3.38459E-2 3.89316E-2 3.95732E-2 3.82423E-2 4.45853E-2 4.29833E-2 3.25072E-2 1.97597E-2 1.27105E-2 8.47591E-3 6.22357E-3 3.57E-3 1.52334E-3 7.03576E-4 5.20616E-4 4.70078E-4 4.40193E-4 2.61136E-4 1.45962E-4
3.69142E-1 3.38237E-1 3.10937E-1 1.14175E-1 3.362E-1 4.00524E-1 4.32185E-1 4.09549E-1 3.73799E-1 3.65477E-1 3.87725E-1 4.1391E-1 4.31561E-1 4.094E-1 3.66835E-1 1.13096E-1 1.06635E-1 3.08822E-1 3.41905E-1 3.39898E-1 3.56006E-1 3.61346E-1 3.73047E-1 3.21272E-1 1.13492E-1 1.11585E-1 8.43445E-2 7.93818E-2 9.2177E-2 9.7699E-2 6.78355E-2 8.47713E-2 8.27031E-2 5.40598E-2 5.96203E-2 8.71936E-2 3.69784E-1 3.37676E-1 8.10365E-2 6.57751E-2 6.36616E-2 6.71694E-2 6.79058E-2 8.15153E-2 2.63348E-1 6.52851E-2 4.5612E-2 3.91909E-2 4.25868E-2 6.28144E-2 5.5954E-2 4.46413E-2 3.44498E-2 2.57237E-2 1.94174E-2 1.35659E-2 9.18445E-3 6.47344E-3 2.99094E-3 1.54477E-3 7.56185E-4 7.93281E-4 6.65239E-4 5.63142E-4 4.09926E-4
3.57925E-1 3.59014E-1 1.1213E-1 9.83878E-2 3.41112E-1 3.81005E-1 3.74047E-1 3.62029E-1 3.45058E-1 3.58087E-1 3.91228E-1 4.4993E-1 4.35667E-1 3.93864E-1 3.75084E-1 3.43784E-1 1.21697E-1 3.59018E-1 3.73959E-1 3.92604E-1 3.95803E-1 3.97526E-1 3.86279E-1 3.43923E-1 1.09423E-1 1.07626E-1 1.06433E-1 1.03996E-1 1.11195E-1 1.06859E-1 9.38322E-2 9.67458E-2 7.78298E-2 5.6744E-2 6.06515E-2 9.212E-2 3.66329E-1 3.61828E-1 9.06134E-2 7.64835E-2 7.77003E-2 7.87889E-2 7.5485E-2 7.98465E-2 8.10241E-2 7.46838E-2 6.77667E-2 5.44393E-2 5.13048E-2 6.43976E-2 2.10935E-1 6.10284E-2 3.95252E-2 3.04515E-2 2.59334E-2 1.96072E-2 1.24981E-2 7.91685E-3 5.33752E-3 2.74679E-3 1.78204E-3 1.37246E-3 1.37895E-3 1.12375E-3 9.26477E-4
3.86316E-1 3.63957E-1 3.48969E-1 3.39723E-1 3.85265E-1 3.87994E-1 3.39915E-1 3.4834E-1 3.21403E-1 3.43572E-1 4.15069E-1 4.47497E-1 4.65322E-1 5.17029E-1 4.98758E-1 4.91866E-1 4.37373E-1 4.38734E-1 4.1964E-1 3.8532E-1 3.85526E-1 3.81096E-1 3.78894E-1 3.47545E-1 1.25538E-1 1.25538E-1 3.07645E-1 3.15086E-1 3.11083E-1 1.10472E-1 1.16519E-1 1.15953E-1 9.03129E-2 6.7821E-2 7.42301E-2 1.01683E-1 3.4935E-1 3.50599E-1 1.07511E-1 9.2212E-2 9.38827E-2 9.08732E-2 9.13356E-2 9.00861E-2 9.49555E-2 8.86852E-2 8.86021E-2 7.46952E-2 4.57547E-2 5.26746E-2 2.32184E-1 6.76392E-2 4.74575E-2 3.78577E-2 3.1169E-2 2.29857E-2 1.59481E-2 1.23382E-2 8.88516E-3 5.68696E-3 3.85911E-3 2.83837E-3 2.27414E-3 2.39557E-3 2.2105E-3
4.01298E-1 3.93784E-1 3.58885E-1 3.77441E-1 3.99505E-1 3.77837E-1 3.66333E-1 3.69113E-1 3.46523E-1 3.52816E-1 3.94212E-1 4.28937E-1 5.00961E-1 5.11711E-1 5.05269E-1 4.67596E-1 4.55711E-1 4.54604E-1 4.5982E-1 4.50608E-1 4.22927E-1 4.13784E-1 3.9539E-1 3.83603E-1 1.4527E-1 1.32049E-1 3.32451E-1 3.36457E-1 3.34664E-1 1.11897E-1 1.01176E-1 1.05158E-1 1.02979E-1 8.72508E-2 9.09166E-2 1.16632E-1 3.6071E-1 3.66899E-1 2.96055E-1 1.0975E-1 2.93434E-1 3.08236E-1 3.02951E-1 1.03103E-1 3.07285E-1 3.37264E-1 2.98334E-1 9.0941E-2 5.83103E-2 6.00025E-2 7.34023E-2 6.61034E-2 5.31333E-2 4.16103E-2 3.32601E-2 2.64611E-2 2.18591E-2 1.96349E-2 1.37565E-2 1.02934E-2 6.61257E-3 4.80047E-3 3.85644E-3 4.14293E-3 3.17043E-3
