KUENM_DEFAULT/Final_Models/M_1_F_lqpth_Set_1_NE/sp1_1.asc
ncols         197
nrows         210
xllcorner     56.1666666666667
yllcorner     4.5
cellsize      0.166666666666667
NODATA_value  -9999
[rows 56 to 83 of 210, columns 65 to 129 of 197]
7.03053E-3 7.73051E-3 1.53764E-2 4.56558E-2 7.29348E-2 1.14756E-1 5.50166E-2 1.99534E-2 2.29519E-2 4.78835E-2 6.21685E-2 7.07818E-2 8.10005E-2 9.28786E-2 1.09076E-1 8.56829E-2 1.22696E-1 1.55191E-1 1.24544E-1 1.2586E-1 6.01799E-2 3.78468E-2 3.27021E-2 3.25365E-2 3.3076E-2 3.36109E-2 4.11847E-2 4.77301E-2 4.65474E-2 3.79643E-2 4.25332E-2 4.31647E-2 5.10036E-2 6.09505E-2 7.67977E-2 7.89737E-2 8.69879E-2 9.02985E-2 1.15279E-1 1.43847E-1 1.95487E-1 2.51703E-1 2.54077E-1 2.81232E-1 3.52591E-1 4.39684E-1 4.35431E-1 4.39502E-1 4.16771E-1 4.5362E-1 4.79518E-1 5.24722E-1 5.34989E-1 5.78715E-1 5.47789E-1 5.52623E-1 5.77151E-1 5.43865E-1 5.61276E-1 3.86355E-1 3.04732E-1 1.19284E-1 4.98355E-2 2.57258E-2 2.81811E-2
7.52887E-3 1.13352E-2 1.91804E-2 4.52635E-2 6.88679E-2 1.04678E-1 1.17797E-1 7.47169E-2 5.47536E-2 6.91289E-2 7.53901E-2 6.21838E-2 7.25683E-2 8.20273E-2 1.02535E-1 1.46867E-1 1.55866E-1 1.34954E-1 1.45243E-1 1.07155E-1 6.3592E-2 4.53459E-2 3.82055E-2 3.50233E-2 3.41019E-2 3.70225E-2 3.74037E-2 3.51844E-2 3.67167E-2 3.55748E-2 3.29426E-2 3.72815E-2 4.5349E-2 5.56865E-2 6.25257E-2 7.12215E-2 7.39152E-2 8.20724E-2 1.06918E-1 1.32785E-1 1.72459E-1 2.07427E-1 2.32802E-1 2.59766E-1 3.09521E-1 3.75783E-1 4.17622E-1 4.3382E-1 4.13121E-1 4.42882E-1 4.61127E-1 4.63351E-1 4.74844E-1 5.08163E-1 5.30884E-1 5.78338E-1 6.29222E-1 5.92609E-1 6.57785E-1 4.72727E-1 3.81252E-1 2.8043E-1 8.39547E-2 5.01301E-2 5.09691E-2
5.55721E-3 9.86085E-3 2.34316E-2 3.90952E-2 4.35433E-2 4.67832E-2 6.43534E-2 6.91974E-2 8.56617E-2 7.49082E-2 7.21997E-2 8.09755E-2 9.79559E-2 1.14064E-1 1.61187E-1 1.71175E-1 1.86855E-1 1.58307E-1 1.58666E-1 1.05692E-1 8.32153E-2 6.55706E-2 4.8456E-2 3.80059E-2 3.59426E-2 3.21299E-2 3.10298E-2 3.32556E-2 3.22764E-2 2.93538E-2 2.84685E-2 3.42504E-2 3.97512E-2 4.80353E-2 6.35877E-2 7.16481E-2 7.72302E-2 8.70228E-2 1.02675E-1 1.17562E-1 1.36297E-1 1.59408E-1 1.7373E-1 2.23735E-1 2.75895E-1 3.26181E-1 3.74546E-1 4.05222E-1 3.92034E-1 4.19122E-1 4.31223E-1 4.2779E-1 4.09185E-1 4.10684E-1 5.16181E-1 5.87758E-1 6.0834E-1 6.14188E-1 7.04717E-1 6.44931E-1 4.35483E-1 3.31248E-1 2.3814E-1 9.05364E-2 8.01469E-2
4.65578E-3 8.78492E-3 1.98751E-2 2.64925E-2 1.86637E-2 2.11627E-2 2.30705E-2 4.95717E-2 7.37567E-2 8.89768E-2 8.67722E-2 9.32444E-2 1.16714E-1 1.25968E-1 1.50449E-1 1.64726E-1 1.77925E-1 1.69203E-1 1.44118E-1 1.27643E-1 1.13172E-1 9.38335E-2 6.24987E-2 4.26289E-2 3.1747E-2 2.96537E-2 3.01661E-2 3.02158E-2 3.01468E-2 2.90334E-2 2.8384E-2 3.04134E-2 4.06625E-2 5.1201E-2 6.44082E-2 7.27655E-2 7.81294E-2 7.96729E-2 8.80623E-2 8.92336E-2 9.38639E-2 1.14051E-1 1.3627E-1 1.72243E-1 2.3808E-1 2.89225E-1 3.25427E-1 3.56487E-1 3.9978E-1 4.18719E-1 4.39362E-1 4.38578E-1 4.24684E-1 4.43564E-1 5.36332E-1 5.56964E-1 4.73238E-1 5.08121E-1 7.39735E-1 7.01972E-1 4.75494E-1 3.73055E-1 3.07302E-1 2.48879E-1 1.19998E-1
3.81496E-3 5.69402E-3 1.38696E-2 1.35615E-2 1.3782E-2 1.68655E-2 1.7469E-2 3.43848E-2 4.6091E-2 6.48966E-2 8.1757E-2 9.26324E-2 1.11535E-1 1.2032E-1 1.45655E-1 1.51092E-1 1.60069E-1 1.56654E-1 1.44871E-1 1.45736E-1 1.75487E-1 1.3283E-1 7.35172E-2 3.74239E-2 2.96976E-2 3.0702E-2 3.04819E-2 3.24297E-2 2.90487E-2 2.87301E-2 2.81104E-2 3.31051E-2 4.48485E-2 5.45046E-2 6.84518E-2 8.12985E-2 8.42993E-2 8.01004E-2 7.72595E-2 6.67339E-2 6.60564E-2 8.55262E-2 1.17459E-1 1.55476E-1 2.07929E-1 2.68658E-1 3.00328E-1 3.31161E-1 3.68026E-1 4.12806E-1 4.3479E-1 4.54629E-1 4.69943E-1 4.77924E-1 5.42265E-1 5.58326E-1 5.33259E-1 5.59551E-1 7.38571E-1 7.26757E-1 4.99832E-1 3.80732E-1 3.66705E-1 3.07998E-1 2.5128E-1
4.21763E-3 4.9761E-3 1.49355E-2 1.1734E-2 1.17191E-2 1.3733E-2 1.25811E-2 1.43693E-2 3.64773E-2 5.35468E-2 7.40842E-2 7.88574E-2 1.02319E-1 1.16369E-1 1.26672E-1 1.33269E-1 1.47662E-1 1.24576E-1 1.13606E-1 1.30727E-1 1.76846E-1 1.4441E-1 6.1629E-2 3.76254E-2 2.99977E-2 2.92158E-2 2.91163E-2 3.08472E-2 3.00562E-2 3.04584E-2 3.04553E-2 3.68942E-2 5.08138E-2 6.38869E-2 8.02022E-2 9.12307E-2 9.81084E-2 9.35448E-2 8.3095E-2 6.38581E-2 6.25367E-2 8.1771E-2 1.08787E-1 1.52071E-1 1.88378E-1 2.57386E-1 2.918E-1 3.10819E-1 3.35406E-1 3.843E-1 4.3314E-1 4.92614E-1 5.27879E-1 5.19531E-1 5.31067E-1 5.865E-1 6.02256E-1 6.31254E-1 6.79719E-1 7.43613E-1 6.65827E-1 5.86187E-1 4.3351E-1 3.43052E-1 1.51564E-1
3.41871E-3 6.22815E-3 1.84588E-2 1.14931E-2 1.23407E-2 1.15905E-2 9.78679E-3 1.01737E-2 2.16029E-2 3.2054E-2 4.08261E-2 5.12449E-2 6.82858E-2 8.4085E-2 9.46224E-2 9.88552E-2 1.10971E-1 7.45512E-2 7.07982E-2 8.45023E-2 9.42726E-2 8.15249E-2 4.60974E-2 3.32643E-2 2.74898E-2 2.57268E-2 2.67744E-2 2.75773E-2 2.96083E-2 3.16083E-2 3.36133E-2 4.55355E-2 5.43021E-2 6.91394E-2 8.71558E-2 9.85418E-2 1.03882E-1 1.0498E-1 9.25549E-2 8.01089E-2 8.41414E-2 9.96746E-2 1.28923E-1 1.57802E-1 2.08209E-1 2.57732E-1 2.9016E-1 3.01435E-1 3.18797E-1 3.57512E-1 4.32417E-1 4.71101E-1 5.24616E-1 5.06171E-1 5.15343E-1 5.92264E-1 6.35107E-1 6.74081E-1 6.71481E-1 7.25438E-1 7.18448E-1 6.53642E-1 4.81108E-1 3.84822E-1 3.0936E-1
6.07106E-3 8.87687E-3 1.73362E-2 1.08967E-2 1.03296E-2 9.4554E-3 8.50636E-3 8.00587E-3 1.06482E-2 3.24565E-2 4.63899E-2 5.07066E-2 5.34352E-2 5.12907E-2 4.7553E-2 5.7853E-2 4.7103E-2 4.50709E-2 4.40358E-2 4.55719E-2 4.73838E-2 3.64609E-2 2.99011E-2 2.64373E-2 2.43166E-2 2.50311E-2 2.65375E-2 2.63896E-2 2.97356E-2 3.28855E-2 3.62286E-2 4.67783E-2 5.49375E-2 6.69707E-2 8.36457E-2 9.68915E-2 1.03545E-1 1.09416E-1 1.12014E-1 1.14116E-1 1.18523E-1 1.37582E-1 1.57994E-1 1.93374E-1 2.25584E-1 2.74833E-1 2.93551E-1 3.1071E-1 3.36152E-1 3.73565E-1 4.11263E-1 4.42455E-1 4.78321E-1 5.17012E-1 5.59758E-1 6.11169E-1 6.60107E-1 6.83445E-1 6.8893E-1 7.66668E-1 7.60527E-1 6.92805E-1 4.86354E-1 4.23665E-1 3.58684E-1
5.15796E-3 1.23296E-2 1.14241E-2 1.16748E-2 1.09332E-2 8.33265E-3 7.42598E-3 7.93933E-3 1.74372E-2 3.07346E-2 5.25923E-2 4.00662E-2 3.53023E-2 2.87349E-2 3.28827E-2 3.21565E-2 3.18588E-2 2.79186E-2 2.77796E-2 2.72542E-2 2.42178E-2 2.14614E-2 1.97954E-2 2.10969E-2 2.16342E-2 2.26057E-2 2.42358E-2 2.78585E-2 2.8067E-2 3.28634E-2 4.03609E-2 4.74241E-2 5.80121E-2 6.74283E-2 8.12986E-2 9.55303E-2 1.06485E-1 1.18048E-1 1.2777E-1 1.41662E-1 1.7383E-1 1.74561E-1 2.04695E-1 2.35458E-1 2.69546E-1 3.03326E-1 3.1497E-1 3.41218E-1 3.65523E-1 4.08734E-1 4.43009E-1 4.33904E-1 4.73118E-1 5.0288E-1 5.73477E-1 6.00419E-1 6.36016E-1 6.00515E-1 6.61065E-1 7.62803E-1 8.09067E-1 6.73905E-1 4.8626E-1 4.36439E-1 4.05826E-1
7.39999E-3 1.59535E-2 1.2408E-2 1.1492E-2 8.82063E-3 7.5165E-3 7.81151E-3 1.69895E-2 6.40603E-2 1.05297E-1 6.57865E-2 3.08366E-2 3.02622E-2 2.31454E-2 2.31724E-2 2.38116E-2 2.19911E-2 2.03945E-2 1.87597E-2 1.63213E-2 1.58601E-2 1.45983E-2 1.59987E-2 1.69766E-2 2.07553E-2 2.27271E-2 2.37027E-2 2.77629E-2 2.93889E-2 3.47854E-2 3.81742E-2 5.14689E-2 5.86952E-2 6.94759E-2 8.25748E-2 9.70128E-2 1.1246E-1 1.40782E-1 1.4743E-1 1.91049E-1 2.28221E-1 2.37841E-1 2.54249E-1 2.82065E-1 3.06792E-1 3.30302E-1 3.55056E-1 4.03561E-1 4.26578E-1 4.44349E-1 4.58736E-1 4.63957E-1 4.81176E-1 5.30218E-1 5.88174E-1 6.25128E-1 6.14885E-1 5.9488E-1 6.44611E-1 6.6047E-1 7.83616E-1 7.50531E-1 6.53307E-1 4.86317E-1 4.49149E-1
1.10529E-2 1.80751E-2 1.24081E-2 1.07748E-2 9.70963E-3 9.00596E-3 1.34287E-2 5.63281E-2 2.07514E-1 2.17177E-1 1.04308E-1 3.11292E-2 1.43579E-2 1.03611E-2 9.71541E-3 1.08285E-2 1.83293E-2 1.54436E-2 1.27529E-2 1.32744E-2 1.31369E-2 1.43582E-2 1.54008E-2 1.78783E-2 1.95895E-2 2.21165E-2 2.46344E-2 2.811E-2 3.08362E-2 3.49513E-2 3.89739E-2 5.24466E-2 6.0063E-2 7.16152E-2 8.0923E-2 1.0072E-1 1.29925E-1 1.52229E-1 1.5194E-1 2.03086E-1 2.59799E-1 2.84583E-1 3.02005E-1 3.16099E-1 3.43013E-1 3.77926E-1 4.4812E-1 4.65296E-1 4.73176E-1 4.86393E-1 5.06906E-1 5.0652E-1 4.97619E-1 5.30973E-1 5.93277E-1 6.02964E-1 6.01968E-1 6.12052E-1 5.90141E-1 7.06335E-1 7.85256E-1 8.07563E-1 7.38539E-1 6.54167E-1 4.93148E-1
1.25558E-2 1.88976E-2 1.20841E-2 1.02716E-2 9.00653E-3 9.7449E-3 1.86304E-2 7.16459E-2 2.25841E-1 2.20681E-1 6.6774E-2 2.03392E-2 1.02829E-2 8.62387E-3 9.74284E-3 1.06134E-2 1.77845E-2 1.79598E-2 1.48474E-2 1.31627E-2 1.39847E-2 1.46647E-2 1.61407E-2 1.86239E-2 1.98013E-2 2.22729E-2 2.53696E-2 2.86475E-2 3.26088E-2 3.8487E-2 4.45273E-2 5.58827E-2 6.45272E-2 7.32767E-2 8.71959E-2 1.11799E-1 1.39099E-1 1.57505E-1 1.66885E-1 2.01998E-1 2.58967E-1 3.05985E-1 3.2912E-1 3.6156E-1 4.02628E-1 4.74323E-1 5.05089E-1 5.15975E-1 5.17356E-1 5.29454E-1 5.33928E-1 5.32846E-1 5.39047E-1 5.6903E-1 5.96218E-1 5.80435E-1 5.80373E-1 6.54012E-1 6.38381E-1 7.76041E-1 7.90499E-1 7.73203E-1 7.33883E-1 7.29986E-1 6.45348E-1
1.76385E-2 1.7049E-2 1.70102E-2 9.70427E-3 8.88758E-3 8.95352E-3 1.41482E-2 2.94669E-2 5.78969E-2 3.64925E-2 1.4182E-2 8.04468E-3 7.83775E-3 8.81016E-3 8.87895E-3 1.04498E-2 1.27442E-2 2.0983E-2 1.70704E-2 1.54672E-2 1.51175E-2 1.61788E-2 1.7571E-2 2.00748E-2 2.06542E-2 2.39309E-2 2.60177E-2 3.07406E-2 3.46238E-2 4.24716E-2 4.96202E-2 5.59252E-2 6.95393E-2 7.92049E-2 8.88677E-2 1.1588E-1 1.49352E-1 2.03586E-1 2.29412E-1 2.55815E-1 2.90825E-1 3.30447E-1 3.5019E-1 3.99541E-1 4.61982E-1 5.14698E-1 5.38817E-1 5.64954E-1 5.6997E-1 5.65798E-1 5.73788E-1 5.70474E-1 6.03092E-1 6.11607E-1 6.37175E-1 6.26146E-1 6.28685E-1 6.64549E-1 6.90746E-1 7.72986E-1 7.20398E-1 7.141E-1 7.78381E-1 7.52781E-1 6.65267E-1
1.583E-2 1.8599E-2 1.93647E-2 1.07938E-2 8.7931E-3 8.38476E-3 8.53421E-3 1.0009E-2 1.09398E-2 8.28845E-3 6.59876E-3 6.48961E-3 7.90334E-3 8.63227E-3 1.00432E-2 1.16423E-2 1.16646E-2 2.00507E-2 1.72235E-2 1.60745E-2 1.55825E-2 1.62776E-2 1.85236E-2 2.05096E-2 2.44884E-2 2.60323E-2 2.95497E-2 3.29302E-2 3.95976E-2 4.5945E-2 5.25723E-2 6.12932E-2 7.95484E-2 8.62457E-2 9.84812E-2 1.05669E-1 1.1978E-1 1.76905E-1 2.49325E-1 3.13317E-1 3.4295E-1 3.58299E-1 3.98922E-1 4.49604E-1 4.84013E-1 5.21438E-1 5.47465E-1 5.71458E-1 5.81078E-1 5.67422E-1 5.68319E-1 5.7843E-1 6.07079E-1 6.37084E-1 6.72703E-1 7.05713E-1 7.12346E-1 6.94206E-1 6.86197E-1 7.59265E-1 7.01411E-1 7.08842E-1 6.56628E-1 6.30633E-1 6.76612E-1
2.01482E-2 1.82594E-2 1.86119E-2 1.07991E-2 1.00459E-2 8.70712E-3 8.70304E-3 7.99093E-3 7.61989E-3 8.99125E-3 8.57577E-3 8.10178E-3 8.25514E-3 1.00598E-2 1.11295E-2 1.03102E-2 1.13429E-2 1.11246E-2 1.75782E-2 1.62864E-2 1.76905E-2 1.89719E-2 1.92384E-2 2.31589E-2 2.4566E-2 2.79063E-2 3.21806E-2 3.38429E-2 4.14985E-2 5.21983E-2 6.20046E-2 7.35744E-2 9.35847E-2 1.06556E-1 1.1013E-1 1.17512E-1 1.16537E-1 1.44817E-1 2.63936E-1 3.43426E-1 3.7277E-1 3.7743E-1 4.14625E-1 4.63023E-1 4.86026E-1 5.08686E-1 5.5642E-1 5.74468E-1 5.72719E-1 5.54052E-1 5.51346E-1 5.8452E-1 6.18856E-1 7.2715E-1 6.47347E-1 6.77544E-1 6.32726E-1 7.22869E-1 6.3403E-1 6.53649E-1 6.9247E-1 6.53204E-1 6.20782E-1 6.30076E-1 6.02176E-1
1.38631E-2 1.65463E-2 2.0777E-2 1.2204E-2 1.12535E-2 1.05226E-2 9.3257E-3 9.99931E-3 8.95025E-3 9.84449E-3 1.0652E-2 9.81141E-3 9.30733E-3 9.92522E-3 1.12816E-2 1.06546E-2 1.09179E-2 1.12339E-2 1.84772E-2 1.74518E-2 1.76307E-2 1.9609E-2 2.41784E-2 2.59074E-2 1.83221E-2 3.18477E-2 3.56234E-2 4.2185E-2 4.54568E-2 6.15825E-2 7.58759E-2 9.07657E-2 1.16454E-1 1.27504E-1 1.3586E-1 1.39424E-1 1.53121E-1 2.19355E-1 3.27316E-1 3.74323E-1 3.83468E-1 4.13849E-1 4.39909E-1 4.72473E-1 4.90175E-1 5.12204E-1 5.46152E-1 5.49061E-1 5.32439E-1 5.45101E-1 6.65107E-1 6.79193E-1 7.13399E-1 7.3443E-1 7.50254E-1 7.43986E-1 7.04009E-1 6.86273E-1 6.49298E-1 6.74047E-1 6.77226E-1 6.49641E-1 6.51904E-1 6.5964E-1 5.84447E-1
1.52106E-2 1.72764E-2 1.98645E-2 1.25454E-2 1.16235E-2 1.03369E-2 1.09684E-2 1.04609E-2 1.11349E-2 1.27505E-2 1.31243E-2 1.33719E-2 1.1286E-2 1.11987E-2 1.15875E-2 1.18985E-2 1.29967E-2 1.33674E-2 1.22438E-2 2.00124E-2 2.01755E-2 2.31446E-2 2.8744E-2 2.12593E-2 2.33722E-2 4.40455E-2 4.3862E-2 4.46503E-2 5.33507E-2 7.28642E-2 9.11793E-2 1.21739E-1 1.45423E-1 1.6202E-1 1.7644E-1 1.80627E-1 2.11754E-1 2.70573E-1 3.4877E-1 3.84345E-1 3.99582E-1 4.39153E-1 4.39085E-1 4.67755E-1 4.68392E-1 5.00044E-1 5.17995E-1 6.45084E-1 6.40067E-1 6.62821E-1 6.76119E-1 6.90406E-1 7.32768E-1 7.55466E-1 7.67818E-1 7.0822E-1 6.72307E-1 6.9326E-1 6.53076E-1 6.71283E-1 6.44118E-1 6.07601E-1 6.06187E-1 6.63017E-1 6.37109E-1
1.5752E-2 1.92669E-2 1.29279E-2 1.4034E-2 1.28742E-2 1.32178E-2 1.21808E-2 1.33746E-2 1.40775E-2 1.4004E-2 1.37104E-2 1.38831E-2 1.42423E-2 1.3277E-2 1.27801E-2 9.59927E-3 8.46629E-3 7.69634E-3 1.05631E-2 2.19369E-2 2.49329E-2 3.07901E-2 3.97848E-2 4.64436E-2 3.23617E-2 2.98012E-2 3.20051E-2 5.1927E-2 5.87307E-2 8.3003E-2 1.14437E-1 1.62969E-1 1.97287E-1 2.3042E-1 2.22002E-1 2.29647E-1 2.6363E-1 3.0521E-1 4.35973E-1 3.77379E-1 4.18866E-1 5.45614E-1 4.50214E-1 4.7524E-1 4.75803E-1 6.06549E-1 6.16408E-1 6.65779E-1 6.7599E-1 6.78236E-1 6.40121E-1 6.35571E-1 6.75139E-1 7.76968E-1 7.61176E-1 7.10061E-1 6.83869E-1 6.87887E-1 6.4838E-1 6.50024E-1 5.73845E-1 5.33706E-1 5.89346E-1 6.61822E-1 6.45754E-1
1.69673E-2 1.84892E-2 1.53951E-2 1.47934E-2 1.45779E-2 1.49572E-2 1.38756E-2 2.30824E-2 1.51294E-2 1.59772E-2 1.70365E-2 1.5841E-2 1.47197E-2 4.71327E-3 1.49496E-2 1.4934E-2 1.6145E-2 1.24399E-2 1.68436E-2 1.77067E-2 2.78511E-2 3.82456E-2 5.965E-2 2.03708E-2 4.75219E-2 4.16829E-2 5.73071E-2 5.96286E-2 6.32487E-2 8.04397E-2 1.24889E-1 2.00208E-1 2.67714E-1 2.78557E-1 2.73681E-1 2.64081E-1 3.82571E-1 4.31091E-1 4.62891E-1 4.92336E-1 5.41394E-1 5.40549E-1 5.57224E-1 5.38189E-1 5.8753E-1 6.31944E-1 6.41148E-1 6.67887E-1 6.83261E-1 6.39278E-1 6.33903E-1 6.78677E-1 7.63747E-1 7.74494E-1 7.72463E-1 7.62227E-1 7.27527E-1 7.31851E-1 6.56503E-1 6.71071E-1 5.37944E-1 5.25717E-1 5.23683E-1 5.08923E-1 5.87732E-1
1.81553E-2 2.45545E-2 1.76798E-2 1.83392E-2 1.79591E-2 1.48445E-2 2.47512E-2 2.83409E-2 3.04845E-2 1.82313E-2 1.7789E-2 8.21958E-3 8.59513E-3 8.24245E-3 1.06494E-2 1.06103E-2 1.39453E-2 1.471E-2 1.85273E-2 1.8196E-2 3.05948E-2 4.48544E-2 7.5325E-2 5.17833E-2 6.02405E-2 7.6572E-2 7.28901E-2 6.70929E-2 6.77071E-2 8.73827E-2 1.18201E-1 1.85087E-1 2.59048E-1 2.92416E-1 3.69898E-1 3.94484E-1 4.38105E-1 4.82785E-1 5.18106E-1 5.48445E-1 5.77595E-1 5.84323E-1 4.86432E-1 3.92829E-1 3.96405E-1 5.58908E-1 6.55563E-1 6.81404E-1 6.43535E-1 6.05065E-1 6.83045E-1 7.7854E-1 7.95778E-1 7.84676E-1 7.81065E-1 7.51455E-1 6.93269E-1 6.59442E-1 5.38249E-1 5.99424E-1 5.63844E-1 5.19327E-1 4.94903E-1 4.97771E-1 5.49243E-1
2.04154E-2 2.89069E-2 1.96171E-2 1.95343E-2 1.8097E-2 3.08218E-2 3.1097E-2 3.53284E-2 3.58439E-2 2.06044E-2 2.11636E-2 1.47305E-2 1.79942E-2 2.09248E-2 2.09006E-2 2.02846E-2 2.0455E-2 2.05103E-2 2.00322E-2 2.01746E-2 3.53666E-2 4.70728E-2 6.65067E-2 6.58038E-2 1.02187E-1 1.12961E-1 1.1095E-1 1.25496E-1 1.21384E-1 1.41609E-1 1.83149E-1 2.54839E-1 3.09673E-1 4.02582E-1 4.00092E-1 4.38054E-1 4.7888E-1 5.18319E-1 5.57004E-1 5.87111E-1 6.17356E-1 5.51233E-1 5.01614E-1 4.22995E-1 4.48617E-1 5.48957E-1 6.8143E-1 6.4272E-1 6.20434E-1 6.4044E-1 6.60332E-1 7.26321E-1 7.94117E-1 7.79402E-1 7.52809E-1 7.03467E-1 6.49999E-1 6.50292E-1 5.4343E-1 4.83713E-1 4.84885E-1 4.96035E-1 4.93487E-1 4.97905E-1 5.61432E-1
2.63497E-2 3.11981E-2 2.41704E-2 2.43013E-2 2.17873E-2 2.39938E-2 3.9379E-2 3.96352E-2 4.25776E-2 4.32404E-2 2.53151E-2 2.46969E-2 2.45916E-2 1.02043E-2 1.16666E-2 1.47682E-2 1.89059E-2 2.33042E-2 2.3196E-2 2.28763E-2 2.68768E-2 5.52218E-2 6.84408E-2 8.1975E-2 1.12817E-1 7.17758E-2 1.26563E-1 1.4209E-1 1.58535E-1 1.6212E-1 2.05286E-1 2.70769E-1 3.66592E-1 4.37704E-1 4.5486E-1 4.9499E-1 5.43655E-1 5.88332E-1 6.13157E-1 6.30071E-1 6.20319E-1 6.3018E-1 5.35952E-1 4.54986E-1 4.54556E-1 6.21457E-1 6.11904E-1 5.55977E-1 5.6936E-1 5.89042E-1 5.87421E-1 6.86541E-1 7.22855E-1 6.42377E-1 6.13397E-1 6.53777E-1 6.44264E-1 5.89621E-1 5.25821E-1 4.33131E-1 3.87249E-1 4.27283E-1 4.83616E-1 5.15445E-1 4.09497E-1
3.35511E-2 3.43504E-2 4.15695E-2 2.73115E-2 2.72436E-2 2.775E-2 2.82626E-2 4.59685E-2 4.45329E-2 2.7847E-2 2.23854E-2 2.19713E-2 1.88097E-2 1.87916E-2 1.9667E-2 2.64245E-2 2.63859E-2 2.66634E-2 2.77674E-2 2.77793E-2 3.01084E-2 3.45172E-2 4.43225E-2 1.11296E-1 1.13763E-1 1.23877E-1 1.51567E-1 1.67066E-1 1.19791E-1 1.26954E-1 1.45731E-1 2.7791E-1 3.63387E-1 4.54435E-1 5.41432E-1 6.09484E-1 6.27458E-1 6.56632E-1 6.57768E-1 6.55586E-1 6.35127E-1 6.26718E-1 5.1928E-1 4.51306E-1 4.68019E-1 5.74753E-1 5.09701E-1 4.38154E-1 4.93826E-1 5.46478E-1 5.93999E-1 7.01455E-1 6.93147E-1 6.58197E-1 6.34389E-1 6.39015E-1 6.36637E-1 5.68993E-1 4.45834E-1 3.56888E-1 3.33402E-1 3.54044E-1 4.51445E-1 4.65457E-1 4.06171E-1
4.01611E-2 4.28882E-2 4.37705E-2 4.71104E-2 4.97811E-2 4.81642E-2 3.05978E-2 2.77767E-2 2.82838E-2 2.93421E-2 1.81109E-2 1.39849E-2 1.18181E-2 1.17954E-2 1.26071E-2 1.48015E-2 1.81294E-2 2.4822E-2 3.06239E-2 3.18712E-2 3.67418E-2 4.14117E-2 6.98625E-2 1.43022E-1 1.67598E-1 1.16471E-1 1.40937E-1 1.46646E-1 1.52908E-1 1.51739E-1 1.70678E-1 1.91773E-1 2.49779E-1 3.66317E-1 4.38573E-1 5.36923E-1 5.72618E-1 5.6723E-1 6.89568E-1 6.83398E-1 6.68051E-1 6.2857E-1 6.4339E-1 5.5487E-1 4.71542E-1 5.27242E-1 4.6295E-1 4.54405E-1 5.19241E-1 6.28623E-1 6.25954E-1 7.36719E-1 7.09031E-1 5.98357E-1 6.1493E-1 5.29079E-1 4.60456E-1 5.1445E-1 4.33356E-1 3.66259E-1 4.1323E-1 3.86688E-1 3.17229E-1 3.24214E-1 3.53839E-1
8.11025E-2 7.41975E-2 7.76633E-2 7.5938E-2 5.09431E-2 5.51808E-2 3.27007E-2 3.17578E-2 3.00254E-2 3.28493E-2 3.49145E-2 2.22335E-2 1.7198E-2 1.87594E-2 2.28217E-2 2.75449E-2 3.51092E-2 3.56223E-2 3.80019E-2 3.83039E-2 4.43444E-2 4.97523E-2 8.9034E-2 1.84865E-1 2.30586E-1 1.86735E-1 1.9905E-1 1.59589E-1 2.03262E-1 1.92959E-1 1.56116E-1 2.02046E-1 2.88627E-1 4.03968E-1 5.01816E-1 5.71487E-1 5.92012E-1 6.06418E-1 7.15779E-1 7.05783E-1 6.8871E-1 6.27526E-1 6.23068E-1 6.44957E-1 6.09859E-1 5.74959E-1 5.63305E-1 5.8187E-1 6.35005E-1 6.96222E-1 6.8033E-1 7.10881E-1 7.28553E-1 6.2528E-1 5.718E-1 4.73081E-1 3.06276E-1 4.42867E-1 3.93134E-1 4.28863E-1 4.01374E-1 2.89759E-1 4.60758E-1 3.28494E-1 2.81691E-1
8.50271E-2 8.67618E-2 8.78419E-2 9.58617E-2 9.16882E-2 8.76193E-2 3.53287E-2 3.66145E-2 3.5717E-2 3.80438E-2 1.99252E-2 2.87091E-2 2.12505E-2 2.30067E-2 3.2376E-2 4.34239E-2 4.20239E-2 4.29559E-2 4.57147E-2 4.77966E-2 5.41022E-2 5.88347E-2 1.02976E-1 1.44582E-1 1.99972E-1 2.83165E-1 1.90451E-1 2.25941E-1 1.84018E-1 1.51776E-1 1.39059E-1 2.37059E-1 3.68345E-1 4.48801E-1 5.3916E-1 5.84175E-1 6.20238E-1 6.39414E-1 7.39457E-1 7.22489E-1 7.08613E-1 6.97632E-1 6.63214E-1 6.62367E-1 6.68049E-1 5.94185E-1 6.47152E-1 6.53053E-1 6.68136E-1 7.41417E-1 7.35067E-1 7.42961E-1 6.91426E-1 6.1571E-1 5.66691E-1 4.65756E-1 2.30447E-1 3.97471E-1 4.07751E-1 2.88381E-1 2.82686E-1 4.32743E-1 3.5968E-1 3.03446E-1 2.83878E-1
8.72475E-2 9.47511E-2 1.04411E-1 1.07195E-1 1.02062E-1 1.07006E-1 6.76109E-2 5.95465E-2 4.29192E-2 4.28157E-2 3.3456E-2 2.85611E-2 1.99401E-2 2.49135E-2 3.95967E-2 4.93002E-2 4.55679E-2 4.9104E-2 5.40807E-2 5.8221E-2 6.70575E-2 7.1213E-2 1.32571E-1 1.60457E-1 2.34649E-1 3.75482E-1 3.12861E-1 3.11898E-1 3.31568E-1 1.96705E-1 2.03558E-1 3.58743E-1 4.55199E-1 5.10435E-1 5.78164E-1 6.08799E-1 6.42939E-1 6.37681E-1 7.67851E-1 7.50289E-1 7.27709E-1 6.66311E-1 6.44298E-1 6.71341E-1 7.03092E-1 7.08274E-1 7.01779E-1 7.72318E-1 7.754E-1 8.23128E-1 7.2167E-1 6.77402E-1 7.00467E-1 6.83629E-1 5.89416E-1 5.60418E-1 4.24109E-1 2.32127E-1 2.39388E-1 2.50922E-1 2.99298E-1 4.24013E-1 3.05573E-1 2.97791E-1 2.77233E-1
9.83089E-2 1.05244E-1 1.16557E-1 1.19131E-1 1.24205E-1 1.20893E-1 7.39717E-2 7.61748E-2 7.63945E-2 8.12975E-2 6.81217E-2 3.21295E-2 4.05547E-2 2.88516E-2 6.09746E-2 4.58806E-2 5.54558E-2 5.87763E-2 6.84955E-2 7.92359E-2 8.434E-2 9.20161E-2 1.58188E-1 1.71858E-1 2.1066E-1 3.41555E-1 4.01964E-1 3.40153E-1 2.78588E-1 3.50114E-1 3.17908E-1 4.70086E-1 6.72506E-1 5.63263E-1 5.95573E-1 6.30384E-1 6.55352E-1 7.65967E-1 7.8445E-1 7.79272E-1 7.52005E-1 6.64582E-1 6.56012E-1 6.87738E-1 7.30354E-1 7.65402E-1 8.05449E-1 7.94571E-1 8.00141E-1 7.50542E-1 7.27651E-1 6.7936E-1 6.58532E-1 6.15398E-1 6.29901E-1 6.18843E-1 4.28828E-1 3.86154E-1 2.52256E-1 2.30725E-1 2.80397E-1 3.43593E-1 2.98943E-1 2.73993E-1 2.79414E-1
