KUENM_DEFAULT/Final_Models/M_1_F_lqpth_Set_1_NE/sp1_8.asc
ncols         197
nrows         210
xllcorner     56.1666666666667
yllcorner     4.5
cellsize      0.166666666666667
NODATA_value  -9999
[rows 84 to 111 of 210, columns 65 to 129 of 197]
1.1214E-1 1.24284E-1 1.54613E-1 1.51276E-1 1.34315E-1 1.21039E-1 1.15668E-1 1.09409E-1 1.08722E-1 1.23313E-1 1.47689E-1 1.64321E-1 1.81394E-1 1.81561E-1 1.55292E-1 1.40495E-1 1.42918E-1 1.71147E-1 2.03694E-1 2.33334E-1 2.55531E-1 2.6744E-1 2.87202E-1 3.05187E-1 1.72301E-1 3.71227E-1 4.31875E-1 5.54092E-1 5.56419E-1 3.79165E-1 3.9393E-1 4.32485E-1 4.6817E-1 4.89971E-1 6.84989E-1 7.32705E-1 7.67594E-1 7.50579E-1 7.36357E-1 7.24317E-1 6.93338E-1 5.20446E-1 5.58411E-1 7.25801E-1 7.16105E-1 6.99959E-1 6.70942E-1 6.45579E-1 6.42858E-1 4.51029E-1 5.9874E-1 6.09957E-1 6.2461E-1 6.25234E-1 6.38531E-1 6.53748E-1 6.43682E-1 5.99827E-1 5.74682E-1 5.08921E-1 5.02953E-1 5.54021E-1 5.06736E-1 4.86668E-1 5.19596E-1
1.13557E-1 1.42984E-1 1.60231E-1 1.53663E-1 1.50055E-1 1.37474E-1 1.23745E-1 1.25365E-1 1.27256E-1 1.38749E-1 1.57456E-1 1.88718E-1 2.11382E-1 2.1159E-1 1.98816E-1 1.7392E-1 1.69638E-1 2.04109E-1 2.60422E-1 3.25227E-1 3.45967E-1 3.6292E-1 3.82007E-1 3.83712E-1 2.36548E-1 2.72437E-1 5.68565E-1 5.78292E-1 4.06325E-1 4.11607E-1 4.20366E-1 4.39683E-1 4.72107E-1 5.14351E-1 7.2299E-1 7.62348E-1 7.45776E-1 5.77326E-1 7.1518E-1 6.82115E-1 6.44296E-1 6.86434E-1 7.03627E-1 5.37252E-1 5.14895E-1 6.73821E-1 6.50245E-1 6.29938E-1 6.17806E-1 5.91168E-1 5.7753E-1 6.07955E-1 6.22963E-1 6.05929E-1 6.14455E-1 6.23691E-1 6.17791E-1 6.06779E-1 5.75314E-1 5.64505E-1 5.0018E-1 5.17445E-1 4.99501E-1 4.90758E-1 5.17088E-1
1.26702E-1 1.4196E-1 1.57208E-1 1.64422E-1 1.55274E-1 1.46059E-1 1.41777E-1 1.39056E-1 1.48725E-1 1.6191E-1 1.73123E-1 1.93355E-1 2.17587E-1 2.15723E-1 2.25565E-1 2.08763E-1 2.36638E-1 2.68299E-1 3.40236E-1 4.21538E-1 5.52154E-1 5.66733E-1 5.72342E-1 5.74859E-1 4.04409E-1 4.145E-1 4.2278E-1 4.29882E-1 4.39414E-1 4.48053E-1 4.57312E-1 4.68351E-1 5.04399E-1 5.54694E-1 7.70051E-1 7.25464E-1 7.10086E-1 5.4202E-1 6.49742E-1 5.33741E-1 6.57962E-1 6.95335E-1 6.90105E-1 4.97659E-1 4.78674E-1 4.76004E-1 6.38776E-1 6.15605E-1 4.26001E-1 5.61787E-1 5.41664E-1 5.45821E-1 5.75567E-1 6.07189E-1 6.09528E-1 6.0046E-1 5.85062E-1 5.90482E-1 5.80781E-1 5.60798E-1 4.97508E-1 5.01803E-1 4.91395E-1 4.81256E-1 5.01077E-1
6.05559E-2 7.05633E-2 1.46455E-1 1.58079E-1 1.49824E-1 1.53515E-1 1.56234E-1 1.61153E-1 1.73554E-1 1.88079E-1 1.9547E-1 2.07647E-1 2.25304E-1 2.29895E-1 2.26173E-1 2.39635E-1 2.95096E-1 3.38253E-1 4.07383E-1 5.65927E-1 5.72179E-1 5.92726E-1 5.99403E-1 6.10398E-1 4.39898E-1 4.50494E-1 4.57415E-1 4.72357E-1 4.82038E-1 4.91977E-1 5.11622E-1 5.24553E-1 5.85349E-1 6.12615E-1 7.29142E-1 6.68806E-1 4.97516E-1 6.38365E-1 5.37879E-1 5.90284E-1 6.92593E-1 7.09877E-1 6.94599E-1 4.94753E-1 4.70349E-1 4.5202E-1 6.01799E-1 5.89857E-1 4.13736E-1 5.75199E-1 5.54598E-1 5.43422E-1 5.49542E-1 5.83079E-1 4.33771E-1 4.06207E-1 5.72715E-1 5.69737E-1 5.68508E-1 5.38581E-1 4.75883E-1 4.57058E-1 4.61961E-1 4.63021E-1 4.57475E-1
4.51273E-2 5.69442E-2 1.21324E-1 1.40436E-1 1.47837E-1 1.69509E-1 1.74265E-1 1.84142E-1 1.98288E-1 2.13647E-1 2.39297E-1 2.38439E-1 2.32216E-1 2.47887E-1 2.56846E-1 2.89831E-1 3.51363E-1 4.04573E-1 5.62575E-1 5.80798E-1 5.91531E-1 5.98497E-1 6.24557E-1 6.45266E-1 4.77869E-1 4.90736E-1 5.0145E-1 5.23423E-1 5.36685E-1 5.5149E-1 5.84082E-1 6.08067E-1 5.55641E-1 5.70619E-1 4.64128E-1 4.43775E-1 4.2254E-1 5.60841E-1 4.44533E-1 5.54319E-1 6.58107E-1 6.9851E-1 6.92771E-1 4.91163E-1 4.61175E-1 4.37105E-1 4.06348E-1 5.6408E-1 5.63135E-1 5.54269E-1 5.47729E-1 5.45649E-1 5.46705E-1 4.06324E-1 3.99276E-1 3.95168E-1 3.86785E-1 3.86427E-1 3.78832E-1 5.27877E-1 4.92169E-1 1.34261E-1 1.35224E-1 4.49857E-1 4.55009E-1
-9999 5.17555E-2 1.15212E-1 1.29732E-1 1.43128E-1 1.75039E-1 1.8791E-1 2.02167E-1 2.21641E-1 2.39831E-1 2.56519E-1 1.35559E-1 2.66421E-1 2.75523E-1 3.158E-1 3.65016E-1 4.04917E-1 5.63973E-1 5.82589E-1 5.93612E-1 6.10655E-1 6.18241E-1 6.33632E-1 6.66824E-1 5.11836E-1 5.34714E-1 5.53575E-1 5.75776E-1 5.90945E-1 6.17865E-1 6.47614E-1 6.17983E-1 5.89686E-1 5.54426E-1 1.33345E-1 4.35424E-1 3.84394E-1 5.35445E-1 5.36607E-1 5.38327E-1 6.34013E-1 6.61864E-1 6.58979E-1 4.49683E-1 4.27284E-1 4.05314E-1 3.98206E-1 5.5825E-1 5.41577E-1 5.28783E-1 5.35633E-1 5.52709E-1 5.52491E-1 3.98309E-1 3.76687E-1 3.5854E-1 3.73618E-1 3.76923E-1 3.70163E-1 3.44872E-1 1.69164E-1 1.31064E-1 1.33949E-1 4.48906E-1 4.62068E-1
-9999 5.4193E-2 1.19534E-1 1.30533E-1 1.54853E-1 1.88723E-1 2.10668E-1 2.30454E-1 2.53329E-1 2.77957E-1 1.65372E-1 1.71447E-1 3.18064E-1 3.58246E-1 3.84708E-1 4.07163E-1 4.46419E-1 5.73254E-1 5.90669E-1 6.05792E-1 6.23016E-1 6.39675E-1 6.77801E-1 6.90068E-1 5.49402E-1 5.71915E-1 5.97882E-1 6.25534E-1 6.44556E-1 6.61585E-1 6.3426E-1 6.09944E-1 5.51623E-1 5.02282E-1 4.42311E-1 3.38644E-1 3.9207E-1 5.23514E-1 5.45992E-1 5.37378E-1 6.49335E-1 5.20487E-1 4.95446E-1 4.34025E-1 4.0289E-1 3.79907E-1 5.35615E-1 5.36435E-1 5.38738E-1 5.46038E-1 5.61249E-1 5.69077E-1 3.98088E-1 3.95466E-1 3.6439E-1 3.55681E-1 3.63675E-1 3.86599E-1 3.58166E-1 3.28953E-1 4.92364E-1 1.61162E-1 4.4374E-1 4.61281E-1 4.65808E-1
-9999 5.65491E-2 1.2553E-1 1.40391E-1 1.59944E-1 1.79577E-1 2.22927E-1 2.58724E-1 3.08205E-1 3.52688E-1 2.2783E-1 2.45372E-1 4.21096E-1 4.43681E-1 5.76123E-1 5.65345E-1 5.75647E-1 5.91141E-1 6.0037E-1 6.17305E-1 6.35738E-1 6.5842E-1 6.80088E-1 5.41975E-1 5.7826E-1 6.04658E-1 6.33992E-1 6.5845E-1 6.6968E-1 6.58642E-1 6.34098E-1 6.0129E-1 5.51411E-1 4.64823E-1 3.74617E-1 3.74067E-1 4.05158E-1 3.47312E-1 5.05605E-1 5.64118E-1 5.00695E-1 5.56195E-1 5.13357E-1 4.43304E-1 4.20377E-1 3.8462E-1 5.33545E-1 5.21402E-1 5.35665E-1 5.49131E-1 5.6518E-1 5.71817E-1 5.78364E-1 5.64118E-1 3.66912E-1 3.59822E-1 3.68452E-1 3.68279E-1 3.51378E-1 9.38906E-2 5.0085E-1 5.03966E-1 5.02067E-1 5.05029E-1 4.68733E-1
-9999 -9999 1.32639E-1 1.53535E-1 0E0 2.00148E-1 2.36186E-1 3.09104E-1 4.85729E-1 3.43668E-1 3.7259E-1 3.88984E-1 4.02133E-1 5.88022E-1 6.00549E-1 6.06006E-1 5.94054E-1 5.99478E-1 6.10205E-1 6.23021E-1 6.4747E-1 6.6845E-1 5.20897E-1 5.65006E-1 6.00266E-1 6.31184E-1 6.60606E-1 6.71489E-1 6.6367E-1 6.5583E-1 6.29619E-1 6.0929E-1 5.62479E-1 5.00963E-1 4.27833E-1 4.15451E-1 4.09958E-1 3.50574E-1 3.9355E-1 4.69551E-1 5.32213E-1 5.69191E-1 5.40884E-1 4.89779E-1 4.79731E-1 4.15443E-1 5.24306E-1 5.19452E-1 5.35503E-1 5.45432E-1 5.64682E-1 4.07115E-1 5.73357E-1 5.50179E-1 5.4507E-1 3.73535E-1 3.77428E-1 3.73923E-1 3.4341E-1 9.51139E-2 5.08398E-1 5.28551E-1 5.31057E-1 5.13054E-1 4.65629E-1
-9999 -9999 1.47517E-1 1.70893E-1 1.9856E-1 2.36202E-1 2.76644E-1 4.42628E-1 3.30273E-1 3.6443E-1 4.00526E-1 4.22791E-1 4.29171E-1 4.34585E-1 4.42617E-1 4.42134E-1 4.28522E-1 4.20253E-1 4.31972E-1 4.58003E-1 4.83693E-1 5.12136E-1 5.5928E-1 5.94607E-1 6.25049E-1 6.51641E-1 6.80331E-1 6.64752E-1 6.51004E-1 6.45359E-1 6.22872E-1 6.13834E-1 5.97879E-1 5.38192E-1 4.68973E-1 4.19309E-1 3.95777E-1 3.84513E-1 4.05111E-1 4.64428E-1 5.47995E-1 5.83201E-1 5.72041E-1 5.30149E-1 4.76406E-1 4.03581E-1 5.28389E-1 5.23021E-1 5.34729E-1 5.46103E-1 5.65093E-1 3.98515E-1 5.43067E-1 5.32116E-1 5.43013E-1 5.54571E-1 3.74061E-1 3.69279E-1 3.45288E-1 9.39754E-2 5.01499E-1 5.30058E-1 5.31589E-1 4.77831E-1 1.38894E-1
-9999 -9999 -9999 1.93186E-1 2.12947E-1 2.72165E-1 4.23085E-1 2.88146E-1 3.15745E-1 3.84245E-1 4.28679E-1 4.47323E-1 4.54053E-1 4.53717E-1 4.44598E-1 4.36836E-1 4.01428E-1 4.02031E-1 4.242E-1 4.60156E-1 4.88099E-1 5.44305E-1 5.76997E-1 6.12584E-1 6.41623E-1 6.65921E-1 6.82607E-1 6.7216E-1 6.64055E-1 6.41744E-1 6.10224E-1 6.01302E-1 5.89789E-1 5.47002E-1 4.97205E-1 4.40108E-1 4.08108E-1 4.20908E-1 4.22518E-1 4.2829E-1 4.894E-1 5.39436E-1 5.3264E-1 4.857E-1 4.18347E-1 3.98038E-1 3.52394E-1 3.46753E-1 3.6743E-1 3.83902E-1 3.82574E-1 3.83756E-1 5.44434E-1 5.39367E-1 5.45263E-1 5.45396E-1 3.63021E-1 3.47033E-1 3.32768E-1 1.67406E-1 1.62413E-1 5.06959E-1 4.85517E-1 4.51041E-1 1.23796E-1
-9999 -9999 -9999 -9999 -9999 -9999 -9999 2.92694E-1 3.27158E-1 3.67002E-1 4.27869E-1 4.5635E-1 4.72849E-1 4.76508E-1 4.50726E-1 4.0529E-1 1.70489E-1 2.35162E-1 4.22289E-1 4.83633E-1 5.36221E-1 5.75579E-1 6.0933E-1 6.35935E-1 6.55238E-1 6.75312E-1 6.78977E-1 6.68295E-1 6.58834E-1 6.38878E-1 6.13537E-1 5.8603E-1 5.63473E-1 5.39176E-1 5.10139E-1 4.74073E-1 4.36808E-1 4.34597E-1 4.38742E-1 4.52332E-1 4.89478E-1 5.16402E-1 5.03892E-1 4.39597E-1 3.62622E-1 3.55841E-1 3.38181E-1 3.32704E-1 3.6863E-1 3.75825E-1 3.70592E-1 5.45952E-1 5.39557E-1 5.46545E-1 5.37966E-1 5.23706E-1 3.41926E-1 3.31245E-1 9.0854E-2 1.51957E-1 1.49131E-1 1.46518E-1 4.62248E-1 1.32817E-1 1.07115E-1
-9999 -9999 -9999 -9999 -9999 -9999 -9999 -9999 3.34908E-1 3.63036E-1 3.96222E-1 4.54287E-1 4.83874E-1 4.96177E-1 4.70793E-1 4.21257E-1 4.01506E-1 4.25602E-1 4.68643E-1 5.18908E-1 5.66329E-1 6.01616E-1 6.27556E-1 6.46321E-1 6.66285E-1 6.82394E-1 6.71661E-1 6.59252E-1 6.46961E-1 6.27692E-1 6.00804E-1 5.63598E-1 5.33237E-1 5.19485E-1 5.15923E-1 4.97663E-1 4.70539E-1 4.60088E-1 4.57299E-1 4.55016E-1 4.64962E-1 4.85981E-1 4.87303E-1 4.30721E-1 3.60632E-1 3.50068E-1 3.30348E-1 3.24911E-1 3.43177E-1 3.51761E-1 3.61303E-1 5.41434E-1 5.39406E-1 5.37725E-1 5.18633E-1 1.72418E-1 1.67604E-1 8.97059E-2 8.43787E-2 1.36317E-1 1.26261E-1 1.18713E-1 1.24667E-1 1.13354E-1 9.91471E-2
-9999 -9999 -9999 -9999 -9999 -9999 -9999 -9999 -9999 3.61243E-1 3.85937E-1 4.1708E-1 4.76962E-1 4.91775E-1 4.78104E-1 6.34254E-1 6.39233E-1 6.52722E-1 4.98057E-1 5.39825E-1 5.77187E-1 6.09138E-1 6.34581E-1 6.58667E-1 6.81293E-1 6.74564E-1 6.62104E-1 6.52267E-1 6.43161E-1 6.22327E-1 5.84395E-1 5.47001E-1 5.10575E-1 4.93387E-1 5.09889E-1 4.95221E-1 4.64076E-1 4.53059E-1 4.57244E-1 4.55907E-1 4.32094E-1 4.17381E-1 4.2827E-1 4.07121E-1 3.39738E-1 3.31277E-1 3.4829E-1 3.42661E-1 5.09043E-1 3.43863E-1 3.65672E-1 5.4188E-1 5.39009E-1 5.27689E-1 4.95436E-1 1.54678E-1 1.55256E-1 1.57046E-1 1.4856E-1 1.23294E-1 9.98332E-2 9.5982E-2 1.01662E-1 1.00209E-1 9.23119E-2
-9999 -9999 -9999 -9999 -9999 -9999 -9999 -9999 -9999 3.6296E-1 3.78957E-1 4.00637E-1 4.29628E-1 4.47484E-1 4.77317E-1 6.52446E-1 6.56512E-1 6.61829E-1 5.06196E-1 5.42331E-1 5.76792E-1 6.12812E-1 6.52425E-1 6.7492E-1 6.66597E-1 6.58842E-1 6.49736E-1 6.4537E-1 6.53708E-1 6.23764E-1 5.70742E-1 5.37389E-1 5.12942E-1 4.88618E-1 4.88032E-1 4.7457E-1 4.47176E-1 4.3116E-1 4.36803E-1 4.2643E-1 3.99388E-1 3.8585E-1 3.8708E-1 3.80911E-1 3.53045E-1 3.53257E-1 3.56768E-1 3.57056E-1 3.53815E-1 3.55451E-1 3.74689E-1 3.7448E-1 5.24288E-1 4.976E-1 1.54555E-1 1.25742E-1 1.28781E-1 1.5236E-1 1.49584E-1 1.28705E-1 1.03838E-1 8.83011E-2 9.15662E-2 9.05822E-2 8.11905E-2
-9999 -9999 -9999 -9999 -9999 -9999 -9999 -9999 -9999 -9999 -9999 3.95756E-1 4.09791E-1 4.24498E-1 4.38086E-1 4.71673E-1 4.82793E-1 4.93962E-1 5.12463E-1 5.47343E-1 5.813E-1 6.24428E-1 6.62902E-1 6.51138E-1 7.87981E-1 7.86022E-1 7.83146E-1 6.39941E-1 6.41198E-1 6.13891E-1 5.59386E-1 5.05843E-1 5.08727E-1 4.96829E-1 4.6102E-1 4.4885E-1 4.52973E-1 4.43148E-1 4.29876E-1 4.09559E-1 3.85301E-1 3.85511E-1 3.88163E-1 4.04304E-1 4.12923E-1 4.06082E-1 3.77159E-1 3.5516E-1 3.58157E-1 3.60845E-1 3.77815E-1 3.73836E-1 5.1144E-1 1.63937E-1 1.29415E-1 1.22637E-1 1.24031E-1 1.27964E-1 1.28984E-1 1.33402E-1 1.20099E-1 9.86937E-2 9.18805E-2 8.05237E-2 7.53734E-2
-9999 -9999 -9999 -9999 -9999 -9999 -9999 -9999 -9999 -9999 -9999 -9999 -9999 4.1905E-1 4.31831E-1 4.46977E-1 4.87195E-1 -9999 -9999 5.70701E-1 5.9195E-1 6.28011E-1 6.43985E-1 6.3029E-1 6.26318E-1 6.27001E-1 7.76997E-1 7.83478E-1 6.31434E-1 6.03336E-1 5.49981E-1 4.92114E-1 5.02196E-1 4.8268E-1 4.34773E-1 4.13147E-1 4.50095E-1 4.54158E-1 4.25999E-1 3.92985E-1 3.57888E-1 3.5706E-1 3.79597E-1 4.15782E-1 4.25279E-1 4.28933E-1 3.87314E-1 3.61101E-1 3.54872E-1 3.55189E-1 3.64377E-1 3.61449E-1 5.01681E-1 1.62044E-1 1.50742E-1 1.24468E-1 1.2486E-1 1.33861E-1 1.43365E-1 1.37518E-1 1.25775E-1 1.18518E-1 1.07507E-1 9.39045E-2 8.68375E-2
-9999 -9999 -9999 -9999 -9999 -9999 -9999 -9999 -9999 -9999 -9999 -9999 -9999 3.94461E-1 3.99578E-1 -9999 -9999 5.76704E-1 5.9806E-1 6.18835E-1 6.38796E-1 6.36438E-1 6.23159E-1 6.0287E-1 6.04749E-1 6.07421E-1 6.21182E-1 6.31733E-1 6.2148E-1 5.93955E-1 5.59897E-1 5.32591E-1 5.18814E-1 4.81501E-1 4.2673E-1 4.10968E-1 4.39738E-1 4.38012E-1 4.10266E-1 3.67777E-1 9.30662E-2 9.2879E-2 3.4974E-1 3.7694E-1 4.04735E-1 4.13367E-1 3.98769E-1 3.77058E-1 3.63166E-1 3.53949E-1 3.45922E-1 3.37909E-1 3.17345E-1 1.61607E-1 1.71726E-1 1.73151E-1 1.67485E-1 1.74021E-1 1.49716E-1 1.40607E-1 1.27483E-1 1.17361E-1 1.04343E-1 9.59851E-2 8.61845E-2
-9999 -9999 -9999 -9999 -9999 -9999 -9999 -9999 -9999 -9999 -9999 3.40221E-1 3.45454E-1 3.6815E-1 4.55101E-1 4.92473E-1 5.3198E-1 5.70025E-1 5.8544E-1 6.01275E-1 6.14458E-1 6.14762E-1 5.84159E-1 5.68704E-1 5.66974E-1 5.82711E-1 6.01768E-1 6.14249E-1 6.11397E-1 5.87299E-1 5.71321E-1 5.55452E-1 5.34578E-1 4.96218E-1 4.52291E-1 4.33284E-1 4.24299E-1 4.1083E-1 3.75507E-1 9.35855E-2 8.25998E-2 8.72783E-2 9.90895E-2 3.77949E-1 4.1233E-1 4.34252E-1 4.48294E-1 4.40758E-1 4.32881E-1 4.05384E-1 3.59544E-1 3.39604E-1 3.15493E-1 3.7565E-1 4.04524E-1 5.69332E-1 5.41599E-1 1.62526E-1 1.49184E-1 1.324E-1 1.20358E-1 1.05015E-1 9.47705E-2 8.68121E-2 8.73198E-2
-9999 -9999 -9999 -9999 -9999 -9999 -9999 -9999 -9999 -9999 -9999 3.48061E-1 3.55376E-1 3.7985E-1 4.23425E-1 5.04312E-1 4.92246E-1 4.98744E-1 5.37881E-1 5.64526E-1 5.87603E-1 5.76523E-1 5.45185E-1 5.37183E-1 5.4657E-1 5.57893E-1 5.83366E-1 5.90855E-1 5.89151E-1 5.86804E-1 5.83843E-1 5.75626E-1 5.43875E-1 5.11417E-1 4.68604E-1 4.24788E-1 1.10359E-1 1.10039E-1 1.03664E-1 8.89335E-2 8.46109E-2 8.47096E-2 9.62896E-2 3.76734E-1 4.25987E-1 4.55778E-1 4.88188E-1 4.92872E-1 4.84553E-1 4.89318E-1 4.66068E-1 4.5042E-1 4.46097E-1 4.49049E-1 4.38241E-1 4.19396E-1 5.61074E-1 4.90535E-1 1.44573E-1 1.15301E-1 1.01359E-1 9.15122E-2 8.79825E-2 8.70824E-2 9.13924E-2
-9999 -9999 -9999 -9999 -9999 -9999 -9999 -9999 -9999 -9999 -9999 -9999 3.7843E-1 3.99493E-1 0E0 4.78185E-1 4.60707E-1 4.56789E-1 4.68228E-1 5.2206E-1 5.49333E-1 5.50858E-1 5.35723E-1 5.31406E-1 5.4387E-1 5.51529E-1 5.68738E-1 5.74519E-1 5.76373E-1 5.85625E-1 5.85099E-1 5.76954E-1 5.57196E-1 5.13006E-1 4.75088E-1 4.3653E-1 1.12383E-1 1.03753E-1 9.93881E-2 9.28358E-2 9.38453E-2 9.06511E-2 1.01355E-1 3.74482E-1 4.49799E-1 4.78906E-1 5.16387E-1 5.35287E-1 5.27769E-1 5.21941E-1 4.93358E-1 4.75325E-1 4.62102E-1 4.39584E-1 4.3002E-1 5.88391E-1 5.16719E-1 1.68103E-1 1.36696E-1 9.84965E-2 7.89608E-2 7.4211E-2 8.04773E-2 8.71121E-2 1.0003E-1
-9999 -9999 -9999 -9999 -9999 -9999 -9999 -9999 -9999 -9999 -9999 -9999 -9999 4.45941E-1 4.67793E-1 4.51132E-1 4.33425E-1 4.32857E-1 4.4839E-1 4.71164E-1 5.16318E-1 5.29305E-1 5.30531E-1 5.38956E-1 5.51247E-1 5.58385E-1 5.70423E-1 5.74052E-1 5.81496E-1 5.81855E-1 5.73027E-1 5.6383E-1 -9999 5.16839E-1 4.76264E-1 4.53973E-1 3.96565E-1 1.04716E-1 9.61673E-2 9.46881E-2 9.45006E-2 9.16199E-2 3.56159E-1 4.08732E-1 4.01825E-1 4.19692E-1 5.14092E-1 5.20633E-1 5.32992E-1 5.24896E-1 6.67631E-1 6.53853E-1 6.42141E-1 6.00936E-1 5.70817E-1 5.53853E-1 4.97079E-1 1.56252E-1 1.3491E-1 8.61369E-2 6.82559E-2 6.95194E-2 8.66109E-2 1.06371E-1 1.07969E-1
-9999 -9999 -9999 -9999 -9999 -9999 -9999 -9999 -9999 -9999 -9999 -9999 -9999 -9999 4.41361E-1 4.20637E-1 3.94045E-1 4.10049E-1 4.18915E-1 4.39257E-1 4.53102E-1 4.94137E-1 5.15165E-1 5.30194E-1 5.41989E-1 5.42305E-1 5.49187E-1 5.61209E-1 5.63286E-1 5.55574E-1 5.48058E-1 5.38235E-1 -9999 5.14466E-1 4.82537E-1 4.52492E-1 3.99802E-1 9.57743E-2 7.41586E-2 6.95013E-2 7.19511E-2 7.73839E-2 8.9177E-2 3.85586E-1 4.4755E-1 4.854E-1 4.90775E-1 4.92983E-1 6.67926E-1 6.56341E-1 6.37015E-1 6.57859E-1 6.32959E-1 6.03642E-1 5.62372E-1 5.47067E-1 5.29706E-1 1.65252E-1 1.23173E-1 8.85724E-2 7.73082E-2 7.96782E-2 9.08377E-2 1.15389E-1 1.38819E-1
-9999 -9999 -9999 -9999 -9999 -9999 -9999 -9999 -9999 -9999 -9999 -9999 -9999 -9999 -9999 4.08235E-1 3.94609E-1 3.95752E-1 4.01111E-1 3.9586E-1 3.81201E-1 4.00796E-1 4.49467E-1 4.88215E-1 5.33929E-1 5.26685E-1 5.30723E-1 5.31229E-1 5.27592E-1 5.1483E-1 4.97521E-1 5.0797E-1 5.08866E-1 4.94707E-1 4.58813E-1 4.25847E-1 1.07661E-1 7.83465E-2 6.16584E-2 5.91233E-2 6.68036E-2 8.97408E-2 3.98187E-1 4.84653E-1 5.38405E-1 5.55982E-1 5.44346E-1 5.00505E-1 6.53202E-1 6.26167E-1 5.89991E-1 6.04892E-1 5.69268E-1 5.47912E-1 5.33189E-1 5.39798E-1 5.24124E-1 1.66209E-1 1.35595E-1 1.09969E-1 8.02888E-2 7.05843E-2 7.14522E-2 1.0136E-1 1.54072E-1
-9999 -9999 -9999 -9999 -9999 -9999 -9999 -9999 -9999 -9999 -9999 -9999 -9999 -9999 -9999 -9999 3.83729E-1 3.80665E-1 3.76238E-1 3.65578E-1 3.4621E-1 3.71801E-1 4.29234E-1 4.73639E-1 4.97419E-1 4.93891E-1 4.95568E-1 4.91072E-1 4.98758E-1 4.95706E-1 4.87857E-1 4.88578E-1 -9999 4.41025E-1 4.19402E-1 1.08108E-1 7.62016E-2 5.44661E-2 4.5171E-2 4.68907E-2 6.64987E-2 9.72591E-2 4.30124E-1 5.28287E-1 5.70784E-1 5.93522E-1 5.76009E-1 5.41696E-1 5.1269E-1 6.54166E-1 6.25413E-1 5.60979E-1 5.14214E-1 5.50719E-1 5.45796E-1 5.74956E-1 5.67811E-1 5.39077E-1 1.6639E-1 1.08645E-1 8.45164E-2 6.54773E-2 7.63966E-2 1.33209E-1 5.27213E-1
-9999 -9999 -9999 -9999 -9999 -9999 -9999 -9999 -9999 -9999 -9999 -9999 -9999 -9999 -9999 -9999 -9999 3.64157E-1 3.57208E-1 3.4844E-1 3.55503E-1 3.7817E-1 4.07423E-1 4.32022E-1 4.67339E-1 4.80382E-1 4.79624E-1 4.60641E-1 4.50241E-1 4.4208E-1 4.34453E-1 -9999 -9999 3.61157E-1 9.34837E-2 6.58073E-2 4.96882E-2 3.79395E-2 3.32773E-2 3.99464E-2 5.82462E-2 8.6952E-2 4.3108E-1 5.3255E-1 5.89791E-1 6.08375E-1 5.92216E-1 5.51859E-1 5.318E-1 5.051E-1 4.84827E-1 6.31499E-1 6.28697E-1 6.32157E-1 6.40322E-1 6.33753E-1 5.96853E-1 4.71018E-1 1.38759E-1 1.11559E-1 1.06119E-1 1.40971E-1 5.57105E-1 5.96443E-1 5.93542E-1
-9999 -9999 -9999 -9999 -9999 -9999 -9999 -9999 -9999 -9999 -9999 -9999 -9999 -9999 -9999 -9999 -9999 -9999 3.50901E-1 3.56875E-1 3.75225E-1 3.87947E-1 3.9941E-1 4.29495E-1 4.53174E-1 4.77621E-1 4.84969E-1 4.65419E-1 4.48398E-1 4.29644E-1 4.18695E-1 -9999 -9999 8.29933E-2 6.26673E-2 4.38998E-2 3.62228E-2 2.94352E-2 2.34807E-2 2.73949E-2 4.40406E-2 8.41681E-2 4.49274E-1 5.50236E-1 6.03247E-1 6.11586E-1 5.92987E-1 5.69845E-1 5.54891E-1 5.27179E-1 5.05091E-1 6.69116E-1 6.77328E-1 6.69948E-1 6.77833E-1 6.40509E-1 5.64684E-1 5.8168E-1 5.99861E-1 6.02033E-1 6.00427E-1 6.02468E-1 5.97276E-1 6.04861E-1 6.13603E-1
-9999 -9999 -9999 -9999 -9999 -9999 -9999 -9999 -9999 -9999 -9999 -9999 -9999 -9999 -9999 -9999 -9999 -9999 -9999 3.6239E-1 3.95895E-1 3.95385E-1 3.90095E-1 4.16682E-1 4.49464E-1 6.39957E-1 6.42801E-1 6.32751E-1 -9999 -9999 -9999 -9999 -9999 -9999 4.52794E-2 2.86499E-2 2.03561E-2 1.81357E-2 1.52198E-2 1.79461E-2 3.33397E-2 8.47846E-2 4.81023E-1 5.8066E-1 6.15985E-1 6.16996E-1 5.94029E-1 5.66686E-1 5.41136E-1 5.15775E-1 4.89684E-1 6.3936E-1 6.43567E-1 6.47814E-1 6.31548E-1 6.46552E-1 6.40317E-1 6.47951E-1 6.59883E-1 6.41115E-1 6.39589E-1 6.35669E-1 6.09093E-1 6.05316E-1 5.95664E-1
