KUENM_DEFAULT/Final_Models/M_1_F_lqpth_Set_1_NE/sp1_se_asia_min.asc
ncols         320
nrows         243
xllcorner     44.0
yllcorner     -0.666666666666667
cellsize      0.166666666666667
NODATA_value  -9999
[rows 62 to 92 of 243, columns 210 to 279 of 320]
3.0538E-3 9.05776E-4 2.29815E-4 7.54867E-5 1.9513E-4 1.00088E-3 1.22184E-3 1.608E-3 2.36895E-3 1.33608E-3 1.93058E-3 2.19289E-3 1.14292E-3 1.38855E-3 1.95812E-3 6.77565E-4 9.79772E-3 6.73292E-3 2.37318E-3 1.54975E-3 6.05831E-4 2.82572E-4 3.32861E-4 5.82877E-4 8.71672E-4 8.22046E-4 -9999 -9999 -9999 -9999 -9999 -9999 -9999 -9999 -9999 -9999 -9999 -9999 -9999 -9999 -9999 -9999 -9999 -9999 -9999 -9999 -9999 -9999 -9999 -9999 -9999 -9999 -9999 -9999 -9999 -9999 -9999 -9999 -9999 -9999 -9999 -9999 -9999 -9999 -9999 -9999 -9999 -9999 -9999 -9999
1.67926E-2 2.38273E-3 7.44917E-4 4.97068E-4 5.09923E-4 9.40964E-4 1.36385E-3 1.89994E-3 1.85435E-3 9.07005E-4 2.05547E-3 3.69062E-3 2.9512E-3 4.6176E-3 1.40989E-3 1.58059E-3 1.37004E-3 6.97233E-3 6.33143E-3 3.51494E-3 1.60042E-3 4.64072E-4 4.21949E-4 6.19568E-4 5.28885E-4 7.76108E-4 3.2523E-4 -9999 -9999 1.20396E-4 8.50892E-5 -9999 -9999 -9999 -9999 -9999 -9999 -9999 -9999 -9999 -9999 -9999 -9999 -9999 -9999 -9999 -9999 -9999 -9999 -9999 -9999 -9999 -9999 -9999 -9999 -9999 -9999 -9999 -9999 -9999 -9999 -9999 -9999 -9999 -9999 -9999 -9999 -9999 -9999 -9999
2.52149E-2 1.63945E-2 9.99867E-3 5.45466E-3 1.47374E-3 1.50279E-3 2.73241E-3 2.49951E-3 2.61735E-3 2.34419E-3 1.92227E-3 1.22501E-3 3.05314E-3 3.06167E-3 3.26464E-3 2.46026E-3 1.42155E-3 1.99627E-3 1.73065E-3 1.46188E-3 1.95177E-3 3.01136E-3 1.72372E-3 1.53749E-3 4.85394E-4 7.33406E-4 8.4765E-4 2.47563E-4 1.78031E-4 2.5539E-4 9.02096E-5 -9999 -9999 -9999 -9999 -9999 -9999 -9999 -9999 -9999 -9999 -9999 -9999 -9999 -9999 -9999 -9999 -9999 -9999 -9999 -9999 -9999 -9999 -9999 -9999 -9999 -9999 -9999 -9999 -9999 -9999 -9999 -9999 -9999 -9999 -9999 -9999 -9999 -9999 -9999
3.14771E-2 2.7977E-2 2.47952E-2 2.01007E-2 1.43502E-2 1.07614E-2 1.51141E-2 1.86855E-2 1.00711E-2 2.39596E-3 1.78182E-3 1.50681E-3 1.55882E-3 1.9189E-3 2.75794E-3 2.83078E-3 2.39117E-3 1.24867E-3 9.88145E-4 1.70076E-3 8.52449E-4 7.17284E-4 2.33373E-3 4.19451E-3 1.47066E-3 7.28088E-4 8.82143E-4 3.34435E-4 1.33599E-3 1.23853E-3 2.18822E-4 -9999 -9999 -9999 -9999 -9999 -9999 -9999 -9999 -9999 -9999 -9999 -9999 -9999 -9999 -9999 -9999 -9999 -9999 -9999 -9999 -9999 -9999 -9999 -9999 -9999 -9999 -9999 -9999 -9999 -9999 -9999 -9999 -9999 -9999 -9999 -9999 -9999 -9999 -9999
4.22744E-2 3.83802E-2 3.48549E-2 3.03323E-2 2.45532E-2 1.88206E-2 1.93354E-2 1.44059E-2 8.60943E-3 7.16543E-3 4.81402E-3 1.00066E-3 8.82421E-4 1.31222E-3 2.36238E-3 1.74973E-3 2.12263E-3 1.87307E-3 2.13711E-3 2.17245E-3 1.53064E-3 7.52397E-4 5.11929E-4 2.29179E-3 4.58133E-4 4.12145E-4 2.59667E-4 8.87969E-4 1.86906E-3 5.9351E-4 3.10553E-4 9.44062E-5 8.56632E-5 -9999 -9999 -9999 -9999 -9999 -9999 -9999 -9999 -9999 -9999 -9999 -9999 -9999 -9999 -9999 -9999 -9999 -9999 -9999 -9999 -9999 -9999 -9999 -9999 -9999 -9999 -9999 -9999 -9999 -9999 -9999 -9999 -9999 -9999 -9999 -9999 -9999
4.69299E-2 4.51422E-2 4.02111E-2 3.50093E-2 2.66101E-2 2.28299E-2 2.14038E-2 1.69836E-2 1.0388E-2 8.68041E-3 7.75969E-3 5.19753E-3 4.34788E-3 3.61986E-3 7.16259E-4 5.26523E-4 1.13769E-3 1.78844E-3 1.24566E-3 1.21795E-3 1.56583E-3 1.18403E-3 9.48071E-4 4.55805E-3 2.52042E-3 3.75801E-3 2.69373E-3 5.47994E-3 2.1097E-3 3.9343E-4 6.01425E-4 8.28063E-4 1.89621E-3 1.5581E-4 1.16773E-3 -9999 1.32104E-4 -9999 -9999 -9999 -9999 -9999 -9999 -9999 -9999 -9999 -9999 -9999 -9999 -9999 -9999 -9999 -9999 -9999 -9999 -9999 -9999 -9999 -9999 -9999 -9999 -9999 -9999 -9999 -9999 -9999 -9999 -9999 -9999 -9999
4.7309E-2 4.84441E-2 4.37447E-2 3.60933E-2 2.62288E-2 2.28725E-2 2.38786E-2 2.25563E-2 1.75459E-2 1.3934E-2 1.21406E-2 9.87727E-3 7.90775E-3 6.69255E-3 4.29846E-3 5.25497E-4 6.45682E-4 1.12421E-3 1.98496E-3 1.61623E-3 1.23776E-3 1.21177E-3 9.64773E-4 8.1267E-4 8.95754E-4 8.68821E-4 2.90814E-4 9.86821E-5 3.68725E-4 2.22699E-4 3.94703E-4 2.89424E-3 4.51728E-4 8.07901E-4 9.28177E-4 6.67444E-3 -9999 -9999 -9999 -9999 -9999 -9999 -9999 -9999 -9999 -9999 -9999 -9999 -9999 -9999 -9999 -9999 -9999 -9999 -9999 -9999 -9999 -9999 -9999 -9999 -9999 -9999 -9999 -9999 -9999 -9999 -9999 -9999 -9999 -9999
5.02013E-2 5.31675E-2 4.83214E-2 3.97521E-2 2.77913E-2 2.38737E-2 2.52911E-2 2.65235E-2 2.34428E-2 2.23236E-2 2.30895E-2 2.09676E-2 1.60736E-2 1.22993E-2 1.18582E-2 1.27072E-2 3.88399E-3 1.7898E-3 1.40576E-3 1.39816E-3 1.54446E-3 1.42714E-3 1.35925E-3 9.52031E-4 6.37412E-4 4.92412E-4 1.02283E-4 4.38095E-5 4.20111E-6 3.17839E-6 4.38468E-6 1.13825E-5 3.50348E-5 4.65547E-4 6.46657E-4 7.76246E-4 3.12047E-3 2.71348E-3 2.84811E-3 2.0757E-4 -9999 -9999 -9999 -9999 -9999 -9999 -9999 -9999 -9999 -9999 -9999 -9999 -9999 -9999 -9999 -9999 -9999 -9999 -9999 -9999 -9999 -9999 -9999 -9999 -9999 3.33279E-5 1.94258E-5 1.8832E-5 2.46621E-5 -9999
6.35867E-2 5.16309E-2 4.64422E-2 4.68617E-2 3.34042E-2 2.82785E-2 2.65296E-2 2.87106E-2 2.77018E-2 2.65306E-2 2.69376E-2 2.70954E-2 2.32929E-2 1.99128E-2 2.06972E-2 2.81383E-2 3.06361E-2 1.88834E-2 2.02442E-3 1.31881E-3 1.1429E-3 1.44581E-3 2.40563E-3 2.1201E-3 8.1751E-4 5.37186E-4 1.36125E-4 5.75773E-5 1.73073E-5 1.50493E-5 1.63732E-5 3.06405E-5 4.60628E-5 1.17882E-4 2.54917E-4 4.58395E-4 4.60538E-4 4.93237E-4 1.94435E-3 1.28254E-3 1.24678E-3 -9999 7.96812E-4 -9999 -9999 3.51306E-5 -9999 -9999 -9999 -9999 -9999 -9999 -9999 -9999 -9999 -9999 -9999 4.63442E-5 -9999 -9999 -9999 -9999 -9999 7.85856E-5 1.74511E-4 7.00077E-5 1.04556E-4 5.56224E-5 2.66334E-5 -9999
6.31268E-2 5.66248E-2 4.64298E-2 4.15716E-2 4.25311E-2 3.30604E-2 3.19585E-2 3.28745E-2 3.30021E-2 3.09198E-2 3.10727E-2 3.05748E-2 2.83464E-2 2.72348E-2 2.48518E-2 2.92828E-2 3.05779E-2 2.13691E-2 2.72042E-3 1.64045E-3 1.49318E-3 1.62035E-3 2.31104E-3 2.44916E-3 1.60525E-3 8.95061E-4 3.93888E-4 2.57354E-4 1.31213E-4 8.47039E-5 9.05753E-5 1.5676E-4 1.56598E-4 3.71489E-4 3.69043E-4 5.87758E-4 6.37786E-4 1.31969E-3 1.89082E-4 8.49773E-5 6.80547E-5 7.83343E-5 -9999 1.37392E-4 -9999 3.16898E-4 5.40467E-4 4.89962E-5 -9999 -9999 -9999 -9999 -9999 -9999 -9999 4.58406E-5 8.18692E-5 1.04818E-4 5.42335E-5 -9999 -9999 -9999 1.3646E-4 3.25015E-4 2.58706E-3 1.53555E-4 1.88736E-3 6.63828E-5 9.60066E-5 1.29882E-4
3.89235E-1 6.4853E-2 5.26578E-2 4.88532E-2 4.26612E-2 3.97813E-2 3.7672E-2 3.53648E-2 3.49209E-2 3.2735E-2 2.93438E-2 3.04574E-2 2.89813E-2 2.89479E-2 2.91887E-2 3.09358E-2 2.81501E-2 2.23538E-2 1.50535E-2 8.86329E-3 1.74041E-3 1.87166E-3 1.94222E-3 2.87057E-3 2.36013E-3 1.28619E-3 5.05528E-4 3.18624E-4 1.53572E-4 1.83247E-4 1.67161E-4 3.39868E-4 6.45521E-4 7.54979E-4 7.14947E-4 3.54104E-4 7.4023E-4 4.40387E-4 2.30982E-4 5.72457E-4 1.69275E-4 4.34873E-5 8.82326E-5 7.83898E-5 8.51549E-4 6.80873E-4 2.28376E-4 2.96256E-4 1.68077E-3 1.15928E-4 4.97053E-5 1.41126E-3 9.69444E-4 6.57414E-4 4.9974E-5 6.3171E-5 7.99167E-4 1.5862E-3 1.48859E-3 -9999 -9999 1.51095E-4 1.35831E-4 1.09113E-3 2.67742E-4 2.51161E-4 2.13858E-3 1.371E-3 2.15405E-3 1.92552E-3
3.14088E-1 3.76127E-1 6.71068E-2 5.69908E-2 4.98868E-2 4.36847E-2 3.7271E-2 4.05921E-2 3.62422E-2 2.66193E-2 2.99107E-2 3.19853E-2 3.23744E-2 3.20975E-2 3.23349E-2 3.40188E-2 2.89838E-2 2.42268E-2 1.60471E-2 1.18902E-2 9.48635E-3 8.90335E-3 9.67814E-3 7.24812E-3 1.07468E-2 6.27165E-3 4.18897E-3 2.48658E-3 6.08034E-4 1.34239E-3 9.28734E-4 1.42245E-3 2.41342E-3 2.57221E-3 1.18043E-3 1.12782E-3 1.87881E-4 2.61389E-4 1.83839E-4 1.23431E-3 1.35753E-3 1.39553E-4 2.59307E-4 5.2164E-5 9.52971E-5 1.21069E-4 7.64897E-5 1.06297E-4 7.28482E-5 5.06488E-5 8.74847E-5 1.4941E-4 2.6813E-4 1.61588E-4 2.79442E-4 6.80555E-4 2.17638E-4 2.04077E-4 1.14223E-3 -9999 6.28852E-4 1.41832E-3 2.74225E-3 1.51857E-3 1.89285E-4 4.23363E-5 2.55519E-4 1.45996E-3 2.9056E-4 2.46449E-3
2.94149E-1 2.75735E-1 2.69483E-1 1.1198E-1 5.72555E-2 5.01335E-2 3.90078E-2 3.50957E-2 4.08176E-2 3.20963E-2 3.30338E-2 3.60214E-2 3.61122E-2 2.98933E-2 2.88051E-2 2.9924E-2 3.13318E-2 2.31388E-2 2.00653E-2 1.70242E-2 1.4666E-2 1.33747E-2 1.37199E-2 1.42797E-2 1.26348E-2 8.98334E-3 8.23858E-3 7.03179E-3 4.06371E-3 3.03205E-3 2.97089E-3 1.13684E-3 1.63488E-3 2.10366E-3 1.2808E-3 9.29048E-4 9.83834E-4 1.69044E-3 1.46005E-3 1.47596E-3 2.27704E-3 2.62751E-3 2.92226E-3 7.56695E-4 3.60815E-5 3.00786E-5 1.50484E-4 3.95012E-5 4.76393E-4 1.04587E-3 5.89243E-5 1.0144E-4 7.00103E-5 9.3124E-5 1.72536E-4 1.54414E-4 3.57763E-5 1.49311E-5 1.17762E-3 -9999 1.46237E-3 1.16343E-3 2.34277E-4 2.18544E-4 2.17691E-4 5.16548E-5 2.21794E-4 1.23994E-3 1.96529E-4 1.87699E-4
3.03749E-1 3.00712E-1 2.77168E-1 2.73824E-1 1.14619E-1 1.11378E-1 4.96821E-2 4.12335E-2 3.70816E-2 3.76115E-2 4.12428E-2 3.64035E-2 3.46624E-2 3.34686E-2 3.18023E-2 2.82863E-2 2.49973E-2 2.52186E-2 2.43162E-2 2.38456E-2 2.1203E-2 1.80623E-2 1.75615E-2 1.76043E-2 1.38369E-2 1.00058E-2 1.17974E-2 1.38338E-2 1.02618E-2 6.13588E-3 5.86291E-3 6.50804E-3 9.55786E-3 1.51492E-2 9.61872E-3 1.54754E-3 1.24292E-3 1.21684E-3 1.08567E-3 1.70939E-3 4.10324E-3 5.09824E-3 3.9172E-3 3.34692E-3 2.56367E-3 3.00112E-3 1.15485E-3 8.52785E-5 2.90771E-4 7.02116E-3 1.39226E-4 1.94092E-4 2.84624E-4 6.50709E-5 5.87714E-5 1.05247E-5 5.50684E-6 4.95221E-6 2.67776E-5 1.44321E-4 1.45883E-4 1.91838E-4 1.74808E-4 1.57832E-4 1.6368E-4 3.98818E-5 2.13198E-6 8.53209E-5 1.62893E-4 1.9038E-5
3.08904E-1 2.92346E-1 2.66035E-1 2.61207E-1 3.7064E-1 3.73839E-1 6.00233E-2 4.88138E-2 4.19863E-2 4.21051E-2 4.56023E-2 4.66881E-2 4.12718E-2 3.94468E-2 3.51054E-2 3.15561E-2 2.78475E-2 2.43821E-2 3.03401E-2 3.20449E-2 2.76887E-2 2.34415E-2 2.27163E-2 2.21041E-2 2.1534E-2 1.44603E-2 1.66518E-2 2.07523E-2 1.76618E-2 1.30384E-2 1.28098E-2 1.42608E-2 1.40768E-2 2.0006E-2 2.2274E-2 1.76703E-2 7.69596E-3 4.33834E-3 3.46799E-3 3.98352E-3 2.77577E-3 5.13174E-3 6.94711E-3 4.039E-3 5.34645E-3 3.19876E-3 4.59045E-3 4.25565E-4 3.36509E-3 5.29168E-3 1.01178E-3 1.47257E-3 2.65062E-4 5.13747E-5 2.35519E-5 5.54862E-6 3.49631E-6 3.42106E-6 4.23588E-6 1.91557E-6 5.64638E-6 5.3364E-6 4.07951E-5 1.28017E-4 1.02322E-4 1.74611E-5 6.34935E-7 1.9936E-5 9.7265E-6 8.53183E-6
2.8503E-1 2.7626E-1 2.61729E-1 2.66342E-1 2.85446E-1 3.73313E-1 1.02967E-1 5.38789E-2 5.10086E-2 5.23373E-2 5.20199E-2 5.10068E-2 4.78532E-2 4.60804E-2 3.98794E-2 3.48004E-2 3.0898E-2 2.84233E-2 2.83274E-2 3.71643E-2 3.1019E-2 2.77838E-2 3.10638E-2 3.19105E-2 3.15601E-2 2.39425E-2 1.96072E-2 1.97551E-2 1.86645E-2 1.68265E-2 1.96211E-2 2.26085E-2 2.28359E-2 2.24648E-2 2.45984E-2 2.38063E-2 1.50068E-2 1.10363E-2 8.98133E-3 9.02228E-3 8.267E-3 9.01987E-3 8.48189E-3 9.38214E-3 1.00969E-2 5.54487E-3 5.9017E-3 5.07838E-3 4.46884E-3 5.73598E-3 2.97717E-3 1.16367E-3 3.4925E-4 9.90548E-5 9.01752E-6 2.34184E-6 2.10951E-6 9.6829E-7 4.1612E-7 2.96881E-7 3.53282E-7 3.03689E-7 2.02021E-7 1.5848E-6 2.62495E-6 3.29044E-7 2.50893E-7 5.49883E-7 4.49608E-7 9.14828E-7
2.72895E-1 2.91894E-1 2.55081E-1 2.49942E-1 2.9084E-1 3.76098E-1 1.042E-1 6.10695E-2 6.07887E-2 9.56925E-2 5.85388E-2 5.4654E-2 5.36882E-2 4.91208E-2 4.26387E-2 3.82289E-2 3.4415E-2 3.14867E-2 3.34165E-2 3.50859E-2 3.24713E-2 3.07464E-2 3.16711E-2 3.60077E-2 3.43047E-2 2.5692E-2 2.19607E-2 2.18688E-2 2.18911E-2 2.34327E-2 2.69025E-2 2.8259E-2 2.64166E-2 2.4991E-2 2.61989E-2 2.32121E-2 2.01407E-2 1.94474E-2 1.85482E-2 2.10426E-2 1.86152E-2 1.60167E-2 1.25955E-2 1.14691E-2 9.77842E-3 9.00674E-3 7.30799E-3 3.11589E-3 1.20145E-3 1.08913E-3 1.14091E-3 4.12759E-4 1.63009E-4 1.00071E-4 6.92703E-5 3.24972E-5 5.16023E-6 3.0545E-6 2.88315E-6 1.50258E-6 3.84761E-7 1.69087E-7 5.648E-8 5.91383E-8 6.813E-8 9.67393E-8 1.7743E-7 4.31614E-7 2.75028E-6 1.15071E-6
2.98394E-1 2.64134E-1 2.67864E-1 2.62034E-1 2.79781E-1 3.99805E-1 3.88831E-1 3.81197E-1 3.55239E-1 3.44791E-1 1.25273E-1 5.59001E-2 5.51462E-2 5.08553E-2 4.48276E-2 4.36815E-2 4.0893E-2 4.07761E-2 3.6108E-2 3.69418E-2 4.30488E-2 4.42634E-2 3.76095E-2 3.42528E-2 3.22483E-2 2.89947E-2 2.62115E-2 2.45818E-2 2.37999E-2 2.75879E-2 3.07937E-2 3.75102E-2 3.44682E-2 3.08165E-2 3.00489E-2 2.86599E-2 2.29765E-2 1.63657E-2 1.41329E-2 1.96947E-2 2.28287E-2 1.14892E-2 1.18316E-2 2.04121E-2 1.23248E-2 1.02653E-2 7.37272E-3 4.04868E-3 2.45338E-3 1.62016E-3 9.61018E-4 3.31034E-4 2.28446E-4 2.87722E-4 3.72959E-4 2.97702E-4 2.34516E-5 7.53662E-6 3.26836E-6 3.93714E-6 5.4658E-6 4.10643E-6 1.0255E-6 4.86366E-7 5.19652E-7 9.64007E-7 1.8337E-6 3.09914E-6 7.24752E-6 1.10679E-5
3.10786E-1 2.73716E-1 2.67901E-1 2.68548E-1 2.62985E-1 3.21066E-1 4.07398E-1 4.06045E-1 3.65413E-1 3.50359E-1 1.2627E-1 1.23747E-1 5.76893E-2 5.30339E-2 5.02268E-2 4.87373E-2 5.49489E-2 4.88226E-2 4.90522E-2 4.43365E-2 4.68126E-2 4.73004E-2 4.10135E-2 3.87826E-2 3.49879E-2 3.24963E-2 2.97003E-2 2.63168E-2 2.61639E-2 3.07903E-2 4.03918E-2 3.79057E-2 4.01984E-2 3.36042E-2 3.4115E-2 3.54086E-2 2.90616E-2 1.92269E-2 1.23768E-2 2.14047E-2 2.8759E-2 2.84465E-2 1.48049E-2 1.56878E-2 2.63817E-2 2.12912E-2 1.24041E-2 7.31202E-3 4.76457E-3 2.87861E-3 1.65073E-3 7.31775E-4 3.89132E-4 3.79929E-4 3.90787E-4 3.11187E-4 6.79867E-5 2.57412E-5 1.77209E-5 1.11499E-5 2.45256E-5 1.80724E-5 6.06278E-6 1.9531E-6 1.91989E-6 2.4191E-6 4.85384E-6 6.74221E-6 1.10462E-5 2.29178E-5
3.07273E-1 2.816E-1 2.51669E-1 2.54346E-1 2.82164E-1 3.11623E-1 3.96635E-1 3.89092E-1 6.00063E-2 5.87077E-2 5.81144E-2 5.97669E-2 5.86255E-2 5.67984E-2 5.49047E-2 6.11408E-2 5.77179E-2 5.42353E-2 5.34262E-2 4.79091E-2 4.03658E-2 4.93733E-2 4.81088E-2 3.86459E-2 3.74532E-2 3.60573E-2 3.14098E-2 2.85992E-2 2.96349E-2 3.65797E-2 4.70568E-2 4.09101E-2 3.51622E-2 2.99188E-2 3.11647E-2 3.50065E-2 3.67821E-2 3.78808E-2 2.77415E-2 2.65954E-2 2.92597E-2 3.11182E-2 3.00246E-2 3.25735E-2 3.18014E-2 2.66234E-2 1.97597E-2 1.27105E-2 8.47591E-3 6.22357E-3 3.57E-3 1.52334E-3 6.80167E-4 4.94987E-4 4.54778E-4 4.40193E-4 1.5618E-4 9.29384E-5 6.39622E-5 5.1849E-5 3.91769E-5 2.28542E-5 1.29403E-5 5.69498E-6 5.66425E-6 8.95031E-6 1.18634E-5 1.43227E-5 2.00853E-5 3.2475E-5
2.90251E-1 4.47071E-2 4.38097E-2 1.12448E-1 2.91656E-1 2.93244E-1 1.00776E-1 6.91679E-2 5.71665E-2 5.62576E-2 5.63279E-2 6.09799E-2 6.07514E-2 6.66755E-2 6.7359E-2 6.43562E-2 6.01074E-2 5.63902E-2 5.45775E-2 4.61271E-2 4.52462E-2 4.90859E-2 5.15223E-2 4.37771E-2 4.20393E-2 4.0039E-2 2.97431E-2 2.81692E-2 3.58032E-2 4.18668E-2 5.25697E-2 4.38438E-2 3.86111E-2 3.72474E-2 3.66717E-2 3.53835E-2 3.77427E-2 3.98984E-2 3.38538E-2 2.75083E-2 2.57187E-2 3.18974E-2 3.97229E-2 3.84991E-2 3.30488E-2 2.86118E-2 2.38496E-2 1.94174E-2 1.35659E-2 9.18445E-3 6.47344E-3 2.99094E-3 1.54477E-3 7.11822E-4 7.93281E-4 6.65239E-4 3.98129E-4 3.05157E-4 2.40566E-4 1.62559E-4 1.0047E-4 6.28121E-5 4.12303E-5 1.71851E-5 2.06174E-5 2.51586E-5 3.06122E-5 3.00671E-5 2.32163E-5 1.7054E-5
4.45417E-2 4.20126E-2 4.38435E-2 2.75979E-1 3.01937E-1 2.9313E-1 2.65649E-1 1.28084E-1 6.27235E-2 6.03527E-2 6.87524E-2 6.99922E-2 6.72449E-2 6.72647E-2 6.65353E-2 6.41341E-2 6.00052E-2 5.53176E-2 5.46535E-2 5.4062E-2 5.31256E-2 5.58851E-2 5.45022E-2 5.14653E-2 4.41032E-2 3.87429E-2 3.23742E-2 3.41538E-2 3.61143E-2 5.73573E-2 5.34776E-2 4.3553E-2 4.02285E-2 3.92251E-2 3.80656E-2 3.60207E-2 3.49727E-2 3.48664E-2 3.36484E-2 3.36352E-2 3.2831E-2 2.97318E-2 3.45265E-2 3.67007E-2 3.26058E-2 3.21013E-2 2.72242E-2 2.4391E-2 1.96072E-2 1.24981E-2 7.91685E-3 5.33752E-3 2.74679E-3 1.78204E-3 1.37246E-3 1.37895E-3 1.12375E-3 9.02112E-4 7.68886E-4 4.96619E-4 2.90006E-4 1.88559E-4 1.02831E-4 5.0413E-5 5.05684E-5 4.92498E-5 4.76567E-5 3.30604E-5 1.54287E-5 1.5282E-5
4.42701E-2 3.94344E-2 4.17574E-2 2.95466E-1 2.20793E-1 2.25168E-1 3.33415E-1 3.44565E-1 3.47669E-1 3.68986E-1 7.27412E-2 3.68419E-1 6.96815E-2 7.09877E-2 9.21311E-2 6.45392E-2 5.99631E-2 5.71711E-2 5.87409E-2 5.79481E-2 5.98819E-2 5.91127E-2 5.67764E-2 5.3144E-2 4.44723E-2 3.86836E-2 4.03176E-2 3.72835E-2 3.84976E-2 4.17687E-2 3.84177E-2 3.43066E-2 4.19982E-2 3.91637E-2 3.86282E-2 3.5532E-2 2.45991E-2 2.50372E-2 3.54367E-2 3.71351E-2 3.6179E-2 2.90834E-2 3.12637E-2 4.04688E-2 3.49669E-2 2.87572E-2 2.4925E-2 2.65538E-2 2.14598E-2 1.59481E-2 1.23382E-2 8.88516E-3 5.68696E-3 3.85911E-3 2.83837E-3 2.27414E-3 2.39557E-3 2.2105E-3 1.83795E-3 1.15877E-3 6.95143E-4 4.71665E-4 2.24214E-4 1.05598E-4 6.9856E-5 5.62388E-5 2.39779E-5 7.34583E-6 1.08513E-6 8.36635E-6
1.51361E-1 4.27317E-2 4.49615E-2 2.929E-1 2.20065E-1 2.37014E-1 2.38845E-1 3.39681E-1 3.43072E-1 3.69794E-1 3.6921E-1 3.82228E-1 3.69307E-1 3.99834E-1 3.99902E-1 6.66231E-2 5.38436E-2 5.41282E-2 5.94192E-2 6.30718E-2 6.32945E-2 6.40821E-2 5.76314E-2 5.49354E-2 4.92833E-2 4.0409E-2 4.25931E-2 4.13028E-2 4.14216E-2 4.08848E-2 3.92296E-2 4.59964E-2 4.22113E-2 3.99847E-2 4.1788E-2 3.80802E-2 2.4517E-2 2.67431E-2 4.01941E-2 4.03345E-2 3.85833E-2 3.45786E-2 3.56923E-2 3.91167E-2 3.59332E-2 3.1593E-2 2.70964E-2 2.31729E-2 2.36946E-2 2.06887E-2 1.86932E-2 9.70149E-3 8.79219E-3 6.61257E-3 4.80047E-3 3.85644E-3 4.14293E-3 3.17043E-3 2.28296E-3 1.74582E-3 1.22728E-3 8.62298E-4 4.04802E-4 1.83701E-4 1.27285E-4 6.20216E-5 1.47297E-5 1.89836E-7 9.18919E-8 3.43362E-7
3.12726E-1 2.94082E-1 2.80372E-1 1.93493E-1 2.07814E-1 2.27826E-1 2.09335E-1 1.29287E-1 4.78324E-2 3.36001E-1 3.58514E-1 3.40335E-1 3.70817E-1 3.66187E-1 3.7125E-1 7.07755E-2 6.0931E-2 6.67783E-2 6.43706E-2 6.66654E-2 6.69983E-2 6.49119E-2 6.17469E-2 5.0417E-2 4.97898E-2 4.1468E-2 4.6782E-2 4.42369E-2 4.23885E-2 4.03167E-2 5.25579E-2 4.66148E-2 5.47978E-2 5.20098E-2 3.99931E-2 3.82974E-2 3.73264E-2 3.93697E-2 2.86773E-1 4.30122E-2 4.69092E-2 4.60919E-2 4.87675E-2 4.34136E-2 3.85602E-2 3.16209E-2 2.67152E-2 2.57979E-2 2.13894E-2 2.16482E-2 1.91641E-2 1.98683E-2 1.05676E-2 8.97028E-3 6.4412E-3 5.12716E-3 5.03091E-3 4.45798E-3 2.75933E-3 2.12083E-3 1.65018E-3 1.2387E-3 6.03188E-4 3.86266E-4 1.88109E-4 6.91294E-5 2.70942E-5 4.27984E-6 1.12579E-7 1.16651E-7
2.71035E-1 1.6168E-1 4.28057E-2 1.50477E-1 2.79127E-1 1.83804E-1 2.8872E-1 4.36766E-2 4.23795E-2 3.35723E-1 3.36652E-1 4.90864E-2 5.22208E-2 5.63329E-2 6.82626E-2 6.83951E-2 7.14297E-2 9.453E-2 7.04449E-2 6.93536E-2 6.9101E-2 6.53106E-2 6.41974E-2 5.3241E-2 5.03424E-2 4.32826E-2 4.94395E-2 6.02441E-2 4.14688E-2 3.90006E-2 4.99961E-2 4.74637E-2 5.66558E-2 5.26811E-2 4.11676E-2 4.21412E-2 4.29273E-2 5.7539E-2 5.80552E-2 5.57908E-2 4.85608E-2 5.18601E-2 2.91979E-1 5.00046E-2 3.66657E-2 2.9232E-2 2.67233E-2 3.03403E-2 2.56747E-2 2.34664E-2 1.7326E-2 1.92284E-2 1.12416E-2 1.02387E-2 7.87896E-3 5.95087E-3 6.66396E-3 4.8187E-3 2.99932E-3 2.34184E-3 2.13717E-3 1.23961E-3 8.59053E-4 5.50749E-4 2.87117E-4 1.64415E-4 6.56949E-5 3.42727E-5 2.05214E-5 1.40802E-5
3.49919E-2 3.20717E-2 3.20762E-2 3.273E-2 3.56392E-2 1.52521E-1 3.75063E-2 3.64339E-2 4.17277E-2 4.42974E-2 5.0955E-2 4.86951E-2 6.38238E-2 6.38738E-2 6.43924E-2 6.49606E-2 7.16615E-2 4.07745E-1 3.96142E-1 6.97705E-2 6.59405E-2 6.22837E-2 4.97108E-2 4.59904E-2 5.10421E-2 5.26895E-2 5.2433E-2 5.93163E-2 5.74203E-2 3.93638E-2 3.68113E-2 3.29374E-2 4.13809E-2 4.19736E-2 5.97827E-2 4.49057E-2 4.48943E-2 5.94764E-2 3.09616E-1 5.59054E-2 5.06255E-2 5.17668E-2 5.2997E-2 3.98143E-2 3.3192E-2 1.98618E-2 3.17656E-2 3.37855E-2 2.94533E-2 2.2489E-2 1.13244E-2 1.04141E-2 1.12913E-2 9.01558E-3 1.19873E-2 8.83303E-3 7.27045E-3 5.37866E-3 4.13954E-3 3.27147E-3 1.97637E-3 1.70292E-3 1.31415E-3 9.65572E-4 5.64598E-4 3.03744E-4 1.84046E-4 1.10193E-4 7.11794E-5 4.42847E-5
3.62021E-2 3.19761E-2 2.76411E-2 3.16481E-2 2.89916E-2 3.36213E-2 3.10473E-2 3.03772E-2 2.93306E-2 3.93116E-2 5.34622E-2 5.32552E-2 5.29874E-2 5.3637E-2 5.71076E-2 5.29574E-2 5.40485E-2 3.86064E-1 3.86617E-1 8.52815E-2 6.13207E-2 5.41669E-2 4.74098E-2 4.62639E-2 5.04719E-2 3.51865E-1 4.07946E-1 3.65942E-1 5.56782E-2 5.09014E-2 3.35099E-2 2.77497E-2 3.32771E-2 3.40669E-2 4.44806E-2 3.23348E-2 3.23915E-2 4.47796E-2 4.59535E-2 5.37998E-2 5.37569E-2 5.22682E-2 4.50982E-2 3.9354E-2 3.85801E-2 2.1792E-2 3.72849E-2 3.84298E-2 3.3377E-2 2.65564E-2 1.056E-2 1.00679E-2 8.60801E-3 1.48717E-2 1.32878E-2 1.04944E-2 8.91738E-3 7.24717E-3 5.72651E-3 5.20795E-3 2.76007E-3 2.44815E-3 1.94246E-3 1.34054E-3 8.58659E-4 5.94646E-4 2.97136E-4 1.86885E-4 1.13647E-4 6.68703E-5
5.06323E-2 3.37477E-2 2.66952E-2 3.06181E-2 2.99564E-2 3.28459E-2 2.59083E-2 2.61227E-2 4.1106E-2 4.76565E-2 4.07041E-2 4.06431E-2 4.10668E-2 4.77726E-2 4.32549E-2 4.92107E-2 5.34061E-2 5.64552E-2 5.47531E-2 6.69652E-2 5.71588E-2 5.20574E-2 4.80794E-2 4.60729E-2 4.84564E-2 3.23018E-1 3.49991E-1 5.78993E-2 5.17727E-2 3.534E-2 3.10346E-2 2.82827E-2 2.96388E-2 3.5914E-2 3.64988E-2 2.95795E-2 2.84018E-2 3.44467E-2 4.42246E-2 4.58986E-2 4.95715E-2 4.43943E-2 3.9117E-2 3.77777E-2 3.43885E-2 3.4348E-2 3.6946E-2 3.58053E-2 3.10051E-2 2.33112E-2 1.42508E-2 8.41459E-3 9.3549E-3 1.47666E-2 1.31893E-2 1.26118E-2 1.02972E-2 8.57164E-3 7.2723E-3 6.08809E-3 5.03349E-3 2.79014E-3 2.35124E-3 1.67939E-3 1.13288E-3 7.92427E-4 4.09968E-4 2.78205E-4 1.80417E-4 1.02297E-4
5.28575E-2 4.86377E-2 4.49339E-2 4.23851E-2 3.14694E-2 3.05904E-2 2.7911E-2 2.87655E-2 2.51906E-2 4.08911E-2 3.48215E-2 4.15949E-2 3.59693E-2 4.22111E-2 4.05492E-2 4.70648E-2 4.59085E-2 4.92869E-2 5.20159E-2 5.72194E-2 5.487E-2 5.16299E-2 5.18932E-2 4.95051E-2 4.68877E-2 4.50873E-2 4.93149E-2 4.48105E-2 4.61139E-2 4.51485E-2 4.07284E-2 3.40278E-2 3.44935E-2 3.65712E-2 3.83081E-2 3.27684E-2 3.10197E-2 3.50546E-2 3.38638E-2 4.26644E-2 3.96062E-2 4.29182E-2 3.24487E-2 2.91814E-2 2.54763E-2 2.61558E-2 2.81162E-2 2.81438E-2 2.36586E-2 1.85362E-2 8.01497E-3 8.01717E-3 1.23123E-2 1.37018E-2 1.36785E-2 1.32912E-2 1.14548E-2 9.62646E-3 8.10311E-3 6.47043E-3 5.39385E-3 2.86404E-3 2.46622E-3 1.79985E-3 1.31895E-3 9.32202E-4 6.22573E-4 4.5219E-4 2.46111E-4 1.85365E-4
4.42458E-2 4.45511E-2 3.47903E-2 3.55767E-2 3.81608E-2 4.22541E-2 2.83303E-2 3.05516E-2 3.12589E-2 4.34823E-2 4.24526E-2 4.25437E-2 3.8592E-2 3.79501E-2 3.7256E-2 4.5173E-2 4.02988E-2 4.92837E-2 5.43629E-2 5.73205E-2 4.29695E-2 4.09091E-2 4.16301E-2 4.31483E-2 4.35714E-2 5.10702E-2 4.96699E-2 4.8798E-2 5.2054E-2 5.08198E-2 4.43292E-2 3.77609E-2 3.61046E-2 3.78774E-2 3.77E-2 3.62278E-2 3.17328E-2 2.98179E-2 3.03801E-2 4.05611E-2 3.88539E-2 3.70007E-2 3.36538E-2 2.98927E-2 2.34985E-2 2.39686E-2 2.6384E-2 2.21381E-2 2.21723E-2 1.52707E-2 8.36447E-3 7.26692E-3 1.10328E-2 1.23697E-2 1.25702E-2 1.30691E-2 1.21571E-2 1.00935E-2 8.3403E-3 6.27026E-3 4.85193E-3 4.30728E-3 2.39404E-3 1.90056E-3 1.45571E-3 1.00495E-3 7.11505E-4 5.06708E-4 3.75051E-4 2.63911E-4
