KUENM_DEFAULT/Final_Models/M_1_F_lqpth_Set_1_NE/sp1_se_asia_max.asc
ncols         320
nrows         243
xllcorner     44.0
yllcorner     -0.666666666666667
cellsize      0.166666666666667
NODATA_value  -9999
[rows 0 to 30 of 243, columns 0 to 69 of 320]
-9999 -9999 -9999 2.16415E-2 -9999 -9999 -9999 -9999 -9999 -9999 -9999 -9999 -9999 -9999 -9999 -9999 -9999 -9999 -9999 -9999 -9999 -9999 -9999 -9999 -9999 -9999 -9999 -9999 -9999 -9999 -9999 -9999 -9999 -9999 -9999 -9999 -9999 -9999 -9999 -9999 -9999 -9999 -9999 -9999 -9999 -9999 -9999 -9999 -9999 -9999 -9999 -9999 -9999 -9999 -9999 -9999 -9999 -9999 -9999 -9999 -9999 -9999 -9999 -9999 -9999 -9999 -9999 -9999 -9999 -9999
-9999 -9999 -9999 1.05036E-2 2.32023E-2 -9999 -9999 -9999 -9999 -9999 -9999 -9999 -9999 -9999 -9999 -9999 -9999 -9999 -9999 -9999 -9999 -9999 3.23314E-2 3.22485E-2 3.2805E-2 -9999 -9999 -9999 -9999 -9999 -9999 -9999 -9999 -9999 -9999 -9999 -9999 -9999 -9999 -9999 -9999 -9999 -9999 -9999 -9999 -9999 -9999 -9999 -9999 -9999 -9999 -9999 -9999 -9999 -9999 -9999 -9999 -9999 -9999 -9999 -9999 -9999 -9999 -9999 -9999 -9999 -9999 -9999 -9999 -9999
-9999 -9999 1.04185E-2 1.2243E-2 1.09545E-2 1.0705E-2 -9999 -9999 -9999 -9999 -9999 -9999 -9999 -9999 -9999 -9999 -9999 -9999 -9999 -9999 3.97871E-2 3.76575E-2 3.59585E-2 3.57893E-2 3.55061E-2 3.72909E-2 -9999 -9999 -9999 -9999 -9999 -9999 -9999 -9999 -9999 -9999 -9999 -9999 -9999 -9999 -9999 -9999 -9999 -9999 -9999 -9999 -9999 -9999 -9999 -9999 -9999 -9999 -9999 -9999 -9999 -9999 -9999 -9999 -9999 -9999 -9999 -9999 -9999 -9999 -9999 -9999 -9999 -9999 -9999 -9999
8.26055E-3 7.98443E-3 8.79493E-3 1.23693E-2 1.15537E-2 1.10754E-2 1.15359E-2 -9999 -9999 -9999 -9999 -9999 -9999 -9999 -9999 -9999 -9999 -9999 4.345E-2 4.15985E-2 4.13423E-2 4.09673E-2 2.56817E-2 2.79209E-2 5.45304E-2 -9999 -9999 -9999 -9999 -9999 -9999 -9999 -9999 -9999 -9999 -9999 -9999 -9999 -9999 -9999 -9999 -9999 -9999 -9999 -9999 -9999 -9999 -9999 -9999 -9999 -9999 -9999 -9999 -9999 -9999 -9999 -9999 -9999 -9999 -9999 -9999 -9999 -9999 -9999 -9999 -9999 -9999 -9999 -9999 -9999
-9999 7.05417E-3 8.99227E-3 8.5658E-3 9.58684E-3 1.12598E-2 1.17762E-2 1.22E-2 -9999 -9999 -9999 -9999 -9999 -9999 -9999 -9999 -9999 6.70828E-2 6.47805E-2 6.47385E-2 9.43091E-2 2.75565E-2 2.83559E-2 3.09693E-2 3.40467E-2 5.99942E-2 -9999 -9999 -9999 -9999 -9999 -9999 -9999 -9999 -9999 -9999 -9999 -9999 -9999 -9999 -9999 -9999 -9999 -9999 -9999 -9999 -9999 -9999 -9999 -9999 -9999 -9999 -9999 -9999 -9999 -9999 -9999 -9999 -9999 -9999 -9999 -9999 -9999 -9999 -9999 -9999 -9999 -9999 -9999 -9999
-9999 9.06465E-3 7.23668E-3 7.52108E-3 1.00872E-2 1.22569E-2 1.258E-2 2.0153E-2 1.66734E-2 1.65855E-2 1.85321E-2 -9999 -9999 -9999 -9999 -9999 5.62947E-2 5.09534E-2 5.19373E-2 4.73194E-2 2.38662E-2 2.36277E-2 1.78106E-2 1.47153E-2 -9999 -9999 -9999 -9999 -9999 -9999 -9999 -9999 -9999 -9999 -9999 -9999 -9999 -9999 -9999 -9999 -9999 -9999 -9999 -9999 -9999 -9999 -9999 -9999 -9999 -9999 -9999 -9999 -9999 -9999 -9999 -9999 -9999 -9999 -9999 -9999 -9999 -9999 -9999 -9999 -9999 -9999 -9999 -9999 -9999 -9999
-9999 -9999 7.09558E-3 7.64874E-3 8.16443E-3 1.17454E-2 1.39249E-2 1.46112E-2 1.51975E-2 1.47804E-2 1.16715E-2 1.26419E-2 1.8784E-2 7.28165E-2 4.14468E-2 4.06224E-2 3.36661E-2 3.02315E-2 4.09028E-2 5.42252E-2 2.26153E-2 2.12934E-2 1.43697E-2 1.50089E-2 4.64961E-2 -9999 -9999 -9999 -9999 -9999 -9999 -9999 -9999 -9999 -9999 -9999 -9999 -9999 -9999 -9999 -9999 -9999 -9999 -9999 -9999 -9999 -9999 -9999 -9999 -9999 -9999 -9999 -9999 -9999 -9999 -9999 -9999 -9999 -9999 -9999 -9999 -9999 -9999 -9999 -9999 -9999 -9999 -9999 -9999 -9999
-9999 -9999 7.7057E-3 6.81372E-3 1.02972E-2 1.66393E-2 1.62692E-2 1.66696E-2 1.60802E-2 1.95089E-2 2.01704E-2 9.84279E-3 3.51851E-2 5.48966E-2 5.1051E-2 5.01741E-2 4.92333E-2 5.0996E-2 5.11215E-2 1.37235E-2 1.85224E-2 3.29363E-2 2.95625E-2 1.79242E-2 1.46986E-2 4.51463E-2 2.70578E-2 -9999 -9999 -9999 -9999 -9999 -9999 -9999 -9999 -9999 -9999 -9999 -9999 -9999 -9999 -9999 -9999 -9999 -9999 -9999 -9999 -9999 -9999 -9999 -9999 -9999 -9999 -9999 -9999 -9999 -9999 -9999 -9999 -9999 -9999 -9999 -9999 -9999 -9999 -9999 -9999 -9999 -9999 -9999
-9999 -9999 1.11128E-2 1.16154E-2 9.76278E-3 2.11361E-2 1.62057E-2 1.0683E-2 1.52035E-2 1.53995E-2 1.72757E-2 1.80756E-2 1.11301E-2 1.0426E-2 9.58386E-3 1.05208E-2 1.16111E-2 1.41679E-2 1.40446E-2 1.52568E-2 1.93916E-2 1.90438E-2 1.30373E-2 9.43242E-3 1.33542E-2 1.47936E-2 3.45536E-2 -9999 5.02401E-2 -9999 -9999 -9999 -9999 -9999 -9999 -9999 -9999 -9999 -9999 -9999 -9999 -9999 -9999 -9999 -9999 -9999 -9999 -9999 -9999 -9999 -9999 -9999 -9999 -9999 -9999 -9999 -9999 -9999 -9999 -9999 -9999 -9999 -9999 -9999 -9999 -9999 -9999 -9999 -9999 -9999
-9999 -9999 7.22947E-3 1.45302E-2 1.36528E-2 1.81678E-2 1.98391E-2 2.20039E-2 1.81277E-2 9.81088E-3 1.07231E-2 1.9325E-2 1.85671E-2 1.78134E-2 1.45535E-2 1.50244E-2 1.32219E-2 1.76685E-2 1.12011E-2 8.16152E-3 7.40808E-3 6.39103E-3 4.01284E-3 4.25684E-3 1.22135E-2 1.47276E-2 5.41026E-2 3.98122E-2 6.62005E-2 -9999 -9999 -9999 -9999 -9999 -9999 -9999 -9999 -9999 -9999 -9999 -9999 -9999 -9999 -9999 -9999 -9999 -9999 -9999 -9999 -9999 -9999 -9999 -9999 -9999 -9999 -9999 -9999 -9999 -9999 -9999 -9999 -9999 -9999 -9999 -9999 -9999 -9999 -9999 -9999 -9999
-9999 -9999 8.14617E-3 1.29625E-2 1.63297E-2 1.27544E-2 1.62747E-2 2.29064E-2 2.40815E-2 2.33827E-2 2.37357E-2 2.44413E-2 2.36561E-2 2.19139E-2 1.70505E-2 1.61975E-2 1.62786E-2 1.66973E-2 1.61086E-2 1.33645E-2 1.00015E-2 8.91856E-3 7.17341E-3 1.05895E-2 1.46332E-2 1.51727E-2 4.91767E-2 3.22488E-2 7.18619E-2 -9999 -9999 -9999 -9999 -9999 -9999 -9999 -9999 -9999 -9999 -9999 -9999 -9999 -9999 -9999 -9999 -9999 -9999 -9999 -9999 -9999 -9999 -9999 -9999 -9999 -9999 -9999 -9999 -9999 -9999 -9999 -9999 -9999 -9999 -9999 -9999 -9999 -9999 -9999 -9999 3.20212E-2
-9999 1.37381E-2 8.66182E-3 1.24606E-2 1.18702E-2 1.49724E-2 2.25798E-2 2.37802E-2 2.13623E-2 2.2756E-2 2.45518E-2 2.4389E-2 1.81651E-2 1.27007E-2 1.03484E-2 1.0481E-2 1.2795E-2 1.4091E-2 1.50702E-2 1.63383E-2 1.59363E-2 1.6133E-2 1.28421E-2 1.12454E-2 1.35507E-2 1.67069E-2 1.55558E-2 9.41742E-3 7.74051E-2 2.60351E-2 -9999 -9999 -9999 -9999 -9999 -9999 -9999 -9999 -9999 -9999 -9999 -9999 -9999 -9999 -9999 -9999 -9999 -9999 -9999 -9999 -9999 -9999 -9999 -9999 -9999 -9999 -9999 -9999 -9999 -9999 -9999 -9999 -9999 -9999 -9999 -9999 -9999 4.33649E-2 4.51788E-2 4.4268E-2
-9999 -9999 -9999 1.53608E-2 1.5364E-2 1.40587E-2 2.05276E-2 2.42257E-2 2.28675E-2 2.36887E-2 2.55459E-2 2.23302E-2 1.19522E-2 6.39183E-3 5.28215E-3 6.18059E-3 1.20344E-2 1.25831E-2 1.10136E-2 1.22617E-2 9.91703E-3 9.5323E-3 9.72762E-3 1.53676E-2 1.36904E-2 2.23995E-2 1.79239E-2 1.2919E-2 1.21372E-1 2.80586E-2 -9999 -9999 -9999 -9999 -9999 -9999 -9999 -9999 -9999 -9999 -9999 -9999 -9999 -9999 -9999 -9999 -9999 -9999 -9999 -9999 -9999 -9999 -9999 -9999 -9999 -9999 -9999 -9999 -9999 -9999 -9999 -9999 -9999 -9999 -9999 4.44031E-2 5.23052E-2 5.13012E-2 4.98613E-2 3.98653E-2
-9999 -9999 -9999 -9999 1.51246E-2 1.65039E-2 2.09046E-2 2.294E-2 2.50596E-2 2.49008E-2 2.45049E-2 1.72662E-2 9.8305E-3 7.90782E-3 6.96001E-3 8.6592E-3 1.33177E-2 1.52253E-2 1.53837E-2 1.83424E-2 1.91744E-2 2.19476E-2 2.55624E-2 2.58807E-2 2.18363E-2 2.97004E-2 2.1494E-2 1.82844E-2 5.36216E-2 9.34643E-2 2.52439E-2 -9999 -9999 -9999 -9999 -9999 -9999 -9999 -9999 -9999 -9999 -9999 -9999 -9999 -9999 -9999 -9999 -9999 -9999 -9999 -9999 -9999 -9999 -9999 -9999 -9999 -9999 -9999 -9999 -9999 -9999 -9999 -9999 -9999 -9999 7.47088E-2 8.388E-2 7.41087E-2 7.28846E-2 6.58568E-2
-9999 -9999 -9999 -9999 1.86304E-2 1.69566E-2 1.98098E-2 2.34057E-2 2.49425E-2 2.46486E-2 2.63496E-2 2.60499E-2 2.17901E-2 1.74581E-2 1.37499E-2 1.33834E-2 1.70661E-2 1.99683E-2 2.02085E-2 1.7893E-2 2.0997E-2 2.99512E-2 3.687E-2 2.95379E-2 2.46772E-2 9.88202E-2 2.85358E-2 1.14707E-2 2.06824E-2 9.50942E-2 2.82441E-2 2.32499E-2 2.11361E-2 2.11405E-2 2.20466E-2 2.4354E-2 -9999 -9999 -9999 -9999 -9999 -9999 -9999 -9999 -9999 -9999 -9999 -9999 -9999 -9999 -9999 -9999 -9999 -9999 -9999 -9999 -9999 -9999 -9999 -9999 -9999 -9999 -9999 1.09196E-1 1.20189E-1 1.37768E-1 1.55506E-1 1.51919E-1 1.35764E-1 6.82255E-2
-9999 -9999 -9999 -9999 -9999 2.0379E-2 1.57889E-2 1.8201E-2 2.45227E-2 2.51752E-2 2.67984E-2 2.69907E-2 2.60517E-2 1.90537E-2 1.69716E-2 1.63512E-2 1.41949E-2 1.67926E-2 1.71677E-2 1.89377E-2 2.36292E-2 2.79833E-2 3.69148E-2 3.46259E-2 2.62914E-2 3.40575E-2 9.1901E-2 9.03145E-2 7.23192E-2 4.77287E-2 9.40663E-2 2.58152E-2 2.50806E-2 2.26216E-2 2.30456E-2 2.46515E-2 2.62662E-2 2.56068E-2 -9999 -9999 -9999 -9999 -9999 -9999 -9999 -9999 -9999 -9999 -9999 -9999 -9999 -9999 -9999 -9999 -9999 -9999 -9999 -9999 -9999 -9999 1.45477E-1 1.99952E-1 2.21815E-1 1.6382E-1 1.72234E-1 1.70461E-1 1.71093E-1 1.60163E-1 1.31831E-1 2.91882E-2
-9999 -9999 -9999 -9999 -9999 2.60815E-2 2.20264E-2 2.22425E-2 2.79921E-2 3.22955E-2 3.12441E-2 2.82702E-2 2.86089E-2 2.43787E-2 2.02732E-2 1.29202E-2 1.05172E-2 1.11528E-2 1.60536E-2 1.97155E-2 2.70074E-2 3.47656E-2 4.25676E-2 4.18876E-2 3.39335E-2 2.21305E-2 2.70695E-2 9.2005E-2 1.63883E-1 2.92143E-2 7.32457E-2 8.48387E-2 2.94983E-2 3.09902E-2 2.95985E-2 7.25612E-2 3.19262E-2 2.84922E-2 2.62327E-2 -9999 -9999 -9999 -9999 -9999 -9999 -9999 -9999 -9999 -9999 -9999 -9999 -9999 -9999 -9999 -9999 -9999 -9999 -9999 -9999 -9999 1.19653E-1 1.67611E-1 1.82188E-1 1.90565E-1 1.72847E-1 1.76919E-1 1.69195E-1 1.27661E-1 2.95901E-2 4.5653E-3
-9999 -9999 -9999 -9999 -9999 2.34868E-2 2.54402E-2 3.2415E-2 3.32501E-2 3.48319E-2 3.91389E-2 3.11737E-2 3.88472E-2 3.55289E-2 2.39703E-2 1.62709E-2 1.19105E-2 9.35899E-3 9.16456E-3 1.07222E-2 2.13765E-2 3.10631E-2 3.18253E-2 3.14332E-2 3.57114E-2 2.99793E-2 1.50881E-2 1.12878E-2 1.11621E-1 1.23598E-1 8.18172E-2 5.80008E-2 1.2679E-1 9.32235E-2 1.19904E-1 7.50253E-2 6.7635E-2 1.55478E-1 8.71222E-2 7.19418E-2 -9999 -9999 -9999 -9999 -9999 -9999 -9999 -9999 -9999 -9999 -9999 -9999 -9999 -9999 -9999 -9999 -9999 -9999 -9999 -9999 1.79449E-1 2.03651E-1 2.20546E-1 2.11057E-1 2.69672E-1 1.44543E-1 3.16172E-2 6.20385E-3 5.277E-3 2.64098E-3
-9999 -9999 -9999 -9999 -9999 -9999 4.23756E-2 5.28454E-2 2.82695E-2 3.19269E-2 3.90061E-2 2.80063E-2 4.05499E-2 3.68221E-2 3.48721E-2 2.79172E-2 1.29169E-2 9.11727E-3 9.33756E-3 8.00924E-3 8.96669E-3 1.66127E-2 2.14468E-2 1.23997E-2 1.72792E-2 2.91916E-2 2.43956E-2 1.41151E-2 1.35368E-2 1.11179E-1 1.33702E-1 1.41236E-1 1.38993E-1 8.46656E-2 6.10762E-2 2.09348E-2 2.0616E-2 1.99056E-2 5.80902E-3 2.30548E-2 1.01173E-1 3.00245E-2 -9999 -9999 -9999 -9999 -9999 -9999 -9999 -9999 -9999 -9999 -9999 2.77814E-1 2.74243E-1 2.98522E-1 2.81069E-1 2.30754E-1 1.94446E-1 1.79649E-1 1.46562E-1 1.09414E-1 1.21705E-1 4.83957E-2 5.97323E-3 2.31172E-3 2.77066E-3 1.91557E-3 2.99892E-3 6.97095E-3
-9999 -9999 -9999 -9999 -9999 -9999 2.41975E-2 1.21336E-1 4.40263E-2 4.80838E-2 3.60641E-2 3.53487E-2 4.51821E-2 4.29754E-2 3.11693E-2 3.3963E-2 1.92595E-2 1.39991E-2 1.58057E-2 1.0889E-2 1.06357E-2 2.06735E-2 2.71221E-2 1.94496E-2 1.47567E-2 1.77118E-2 1.92748E-2 2.23431E-2 1.90771E-2 1.42784E-2 1.78731E-2 9.11303E-2 2.27512E-1 1.54192E-1 1.08596E-1 7.94299E-2 4.8698E-2 2.62207E-2 3.7848E-3 2.56515E-3 1.73E-2 2.86676E-2 9.89672E-2 1.60711E-1 1.12235E-1 8.18698E-2 8.15705E-2 8.99618E-2 1.10465E-1 1.25371E-1 1.45428E-1 1.67498E-1 2.62715E-1 2.68636E-1 2.8047E-1 2.6019E-1 1.94379E-1 1.00265E-1 3.3673E-2 1.52443E-2 2.45019E-3 1.67851E-3 1.0203E-3 9.40179E-4 9.04994E-4 1.62911E-3 5.76067E-3 5.97796E-3 6.05273E-3 8.43718E-3
-9999 -9999 -9999 -9999 -9999 -9999 4.78505E-2 4.74906E-2 6.32205E-2 1.06271E-1 7.06685E-2 7.66885E-2 7.1711E-2 5.575E-2 5.62928E-2 5.39921E-2 2.87073E-2 2.3365E-2 2.14198E-2 1.3492E-2 1.16458E-2 1.70592E-2 2.06742E-2 2.58635E-2 1.95978E-2 2.51536E-2 2.35693E-2 1.6629E-2 2.05843E-2 2.09882E-2 1.32679E-2 2.10936E-2 3.88005E-2 4.1302E-2 2.60386E-2 2.39936E-2 2.00999E-2 2.96406E-2 2.51117E-2 1.04064E-2 2.92316E-3 1.88641E-3 2.40867E-3 9.51105E-2 9.21579E-2 1.73038E-2 1.79585E-2 8.10729E-2 1.46305E-1 1.75615E-1 1.93349E-1 2.34325E-1 2.51769E-1 2.45724E-1 2.19924E-1 1.73995E-1 1.04432E-1 3.1457E-2 4.11074E-3 1.64115E-3 1.57142E-3 1.48532E-3 9.40268E-4 1.10571E-3 1.85469E-3 5.87025E-3 4.68051E-3 3.59077E-3 7.44308E-3 8.36876E-3
-9999 -9999 -9999 -9999 -9999 -9999 -9999 -9999 7.81551E-2 9.63171E-2 5.9025E-2 1.35791E-1 6.28317E-2 6.52617E-2 6.81976E-2 6.53611E-2 3.44317E-2 2.58756E-2 3.34652E-2 2.13537E-2 2.15479E-2 2.61539E-2 2.7589E-2 3.27904E-2 3.27691E-2 2.6453E-2 2.55965E-2 2.60204E-2 1.91392E-2 1.45007E-2 2.54E-2 2.23714E-2 2.29039E-2 3.26879E-2 4.8567E-2 5.60453E-2 5.13477E-2 3.27341E-2 8.69894E-3 5.57398E-3 3.1521E-3 2.4655E-3 2.38333E-3 4.18942E-3 1.49245E-3 1.64381E-3 1.69208E-3 1.33039E-3 2.15881E-3 1.7533E-2 1.14937E-1 1.46594E-1 2.29745E-1 1.62253E-1 1.12793E-1 1.14105E-1 6.78451E-2 6.3566E-3 3.04971E-3 1.37127E-3 2.56302E-3 4.38395E-3 6.7498E-3 7.54925E-3 7.57784E-3 5.27934E-3 3.16447E-3 2.63497E-3 2.29584E-3 2.18201E-3
-9999 -9999 -9999 -9999 -9999 -9999 -9999 -9999 4.80258E-2 7.47209E-2 9.06169E-2 3.41093E-2 6.38931E-2 6.60583E-2 6.88174E-2 5.40845E-2 3.57212E-2 3.05803E-2 3.45974E-2 4.42116E-2 4.80892E-2 4.72518E-2 3.86791E-2 4.09755E-2 3.5746E-2 4.03869E-2 2.23319E-2 2.0844E-2 2.40695E-2 2.20379E-2 2.30702E-2 2.90148E-2 3.59277E-2 4.52435E-2 5.46891E-2 5.44038E-2 5.25649E-2 5.12257E-2 3.71761E-2 1.23604E-2 5.28451E-3 2.77137E-3 1.10369E-3 1.71458E-3 6.8094E-4 6.56071E-4 7.10727E-4 1.02404E-3 1.09279E-3 3.68462E-3 1.70744E-3 1.37733E-3 2.59157E-3 1.99208E-2 3.71826E-2 7.99854E-3 2.79247E-3 1.70245E-3 1.39351E-3 1.89385E-3 5.45252E-3 1.00169E-2 1.14601E-2 1.06949E-2 9.6057E-3 7.84192E-3 6.12455E-3 4.72624E-3 3.04599E-3 2.71174E-3
-9999 -9999 -9999 -9999 -9999 -9999 -9999 -9999 -9999 -9999 5.74597E-2 5.02264E-2 2.9938E-2 8.10393E-2 4.34128E-2 4.83834E-2 3.59227E-2 4.32417E-2 4.58184E-2 4.79179E-2 3.41703E-2 2.94308E-2 5.09179E-2 4.07374E-2 3.9568E-2 4.08165E-2 3.05463E-2 2.89854E-2 2.76116E-2 3.29068E-2 2.34324E-2 2.40696E-2 4.22632E-2 5.72226E-2 6.16059E-2 6.53496E-2 4.74627E-2 4.71829E-2 4.63096E-2 4.0961E-2 2.70593E-2 1.15168E-2 3.41654E-3 1.03166E-3 9.06785E-4 9.84623E-4 7.04459E-4 7.01552E-4 5.37957E-4 1.24552E-3 4.29462E-4 4.40114E-4 7.79084E-4 1.12425E-3 1.5088E-3 8.54692E-4 7.36285E-4 9.98338E-4 1.50532E-3 3.45387E-3 5.93006E-3 1.10332E-2 1.01725E-2 9.84519E-3 9.11033E-3 8.53761E-3 7.8431E-3 9.96402E-3 4.44535E-3 4.27636E-3
-9999 -9999 -9999 -9999 -9999 -9999 -9999 -9999 -9999 -9999 -9999 -9999 -9999 -9999 6.4511E-2 2.47421E-2 2.44186E-2 4.5941E-2 4.38931E-2 3.93081E-2 4.32943E-2 4.00795E-2 3.99663E-2 3.45592E-2 3.20891E-2 3.5017E-2 3.02617E-2 3.47885E-2 2.60381E-2 2.01107E-2 2.97863E-2 3.34005E-2 3.29876E-2 3.12133E-2 3.98547E-2 4.78934E-2 5.0187E-2 4.91415E-2 3.59246E-2 3.01409E-2 2.92166E-2 2.19175E-2 8.60553E-3 6.46358E-3 6.31611E-3 4.11781E-3 2.58784E-3 1.48933E-3 8.68547E-4 4.70004E-4 5.61334E-4 1.16413E-3 1.19337E-3 8.65489E-4 8.17516E-4 9.03988E-4 1.37934E-3 1.5716E-3 1.48299E-3 1.93405E-3 2.68513E-3 6.43904E-3 7.59183E-3 1.17477E-2 6.55239E-3 7.19237E-3 5.51588E-3 4.51282E-3 3.22873E-3 4.34481E-3
-9999 -9999 -9999 -9999 -9999 -9999 -9999 -9999 -9999 -9999 -9999 -9999 2.55828E-2 6.34441E-2 5.02741E-2 9.36458E-2 2.8518E-2 2.39745E-2 3.27078E-2 4.7867E-2 3.96029E-2 4.33361E-2 4.99943E-2 4.29091E-2 3.80246E-2 4.09831E-2 3.53995E-2 2.64925E-2 2.48001E-2 2.07267E-2 8.95175E-3 1.06543E-2 1.04331E-2 8.08666E-3 7.7057E-3 6.64414E-3 6.76312E-3 1.27816E-2 1.06443E-2 1.22661E-2 2.04696E-2 2.12281E-2 1.24419E-2 1.40997E-2 1.0932E-2 5.78486E-3 4.11998E-3 1.90152E-3 1.03576E-3 9.96764E-4 1.10039E-3 1.3273E-3 5.08631E-4 7.10511E-4 1.54149E-3 3.36293E-3 5.19911E-3 5.00187E-3 2.84221E-3 2.51274E-3 3.20261E-3 5.0095E-3 5.56168E-3 5.28641E-3 5.30586E-3 6.76323E-3 5.22904E-3 3.87628E-3 5.55062E-3 7.84991E-3
-9999 -9999 -9999 -9999 -9999 -9999 -9999 -9999 -9999 -9999 -9999 -9999 5.91767E-2 7.63483E-2 4.23487E-2 6.06506E-2 5.01112E-2 4.5761E-2 3.56384E-2 2.87732E-2 5.18064E-2 5.46484E-2 5.25366E-2 3.91461E-2 3.71299E-2 3.56882E-2 3.77354E-2 3.71122E-2 3.23574E-2 2.85116E-2 2.71914E-2 9.85975E-3 8.34437E-3 4.91044E-3 4.60764E-3 5.6341E-3 5.67058E-3 1.25655E-2 1.07849E-2 9.66589E-3 1.05486E-2 1.2299E-2 1.06627E-2 9.08005E-3 8.59975E-3 6.76443E-3 3.13666E-3 2.56094E-3 2.34929E-3 1.64723E-3 2.05234E-3 1.18576E-3 1.47455E-3 2.05824E-3 4.19226E-3 6.19864E-3 7.2579E-3 6.55118E-3 5.20805E-3 3.74543E-3 2.91245E-3 3.46149E-3 2.88855E-3 2.29494E-3 3.20579E-3 7.96726E-3 1.16747E-2 9.23252E-3 9.82072E-3 1.0898E-2
-9999 -9999 -9999 -9999 -9999 -9999 -9999 -9999 -9999 -9999 -9999 -9999 -9999 5.07202E-2 6.30671E-2 5.9088E-2 3.81384E-2 5.11849E-2 3.9049E-2 2.71192E-2 3.22438E-2 5.23028E-2 4.86782E-2 5.03682E-2 3.69145E-2 3.24551E-2 3.71443E-2 3.99445E-2 3.87787E-2 3.42352E-2 3.3993E-2 1.5272E-2 1.1926E-2 7.19718E-3 3.84505E-3 4.17005E-3 3.33392E-3 4.16531E-3 9.73819E-3 8.10863E-3 3.71278E-3 3.18182E-3 7.24803E-3 6.77905E-3 4.35662E-3 3.89071E-3 3.69041E-3 3.43431E-3 3.34911E-3 3.31218E-3 6.18673E-3 7.56029E-3 7.97359E-3 8.18312E-3 8.33841E-3 8.55961E-3 9.07821E-3 8.69102E-3 9.00789E-3 8.18368E-3 6.89322E-3 6.84171E-3 4.59362E-3 7.13742E-3 9.17057E-3 1.11463E-2 1.16591E-2 1.05983E-2 1.05308E-2 1.04291E-2
-9999 -9999 -9999 -9999 -9999 -9999 -9999 -9999 -9999 -9999 -9999 2.14041E-1 1.29766E-1 9.26726E-2 4.62316E-2 6.37671E-2 5.29508E-2 6.50399E-2 4.01116E-2 2.93228E-2 2.88501E-2 2.2595E-2 1.82178E-2 4.78532E-2 4.96297E-2 3.66183E-2 3.89478E-2 4.74056E-2 4.20035E-2 4.2109E-2 4.02087E-2 3.64556E-2 3.17547E-2 2.72772E-2 6.63644E-3 1.47507E-2 1.09221E-2 9.66036E-3 1.15301E-2 8.34E-3 7.55122E-3 6.86078E-3 7.36275E-3 4.18714E-3 4.41872E-3 4.30275E-3 4.2395E-3 4.51788E-3 4.63235E-3 4.84395E-3 8.49683E-3 8.92962E-3 8.56238E-3 8.27722E-3 9.77055E-3 9.57415E-3 8.94147E-3 8.39113E-3 8.79617E-3 8.22815E-3 7.83192E-3 1.07414E-2 1.05686E-2 1.151E-2 1.08402E-2 1.07552E-2 1.06776E-2 1.1122E-2 1.10859E-2 1.10648E-2
-9999 -9999 -9999 -9999 -9999 -9999 -9999 -9999 -9999 -9999 -9999 2.19724E-1 1.29064E-1 7.53038E-2 6.40034E-2 8.69547E-2 5.99213E-2 4.65341E-2 4.23999E-2 4.08167E-2 3.96679E-2 3.22243E-2 2.46968E-2 2.0668E-2 4.31484E-2 4.59536E-2 5.71849E-2 4.87528E-2 3.42179E-2 3.85299E-2 3.82908E-2 1.23693E-2 2.53884E-2 2.71143E-2 2.96801E-2 6.16493E-3 1.41582E-2 1.42E-2 1.26137E-2 1.05228E-2 4.03849E-3 4.16677E-3 4.56125E-3 4.73665E-3 4.71783E-3 4.86023E-3 4.13003E-3 3.57317E-3 4.91456E-3 5.19126E-3 5.44558E-3 1.0089E-2 9.73488E-3 8.14703E-3 7.88007E-3 7.2621E-3 6.3633E-3 7.54528E-3 8.38832E-3 9.8135E-3 9.87524E-3 1.12946E-2 1.12515E-2 1.14809E-2 1.08757E-2 1.08072E-2 1.08735E-2 1.12615E-2 1.12352E-2 1.1209E-2
-9999 -9999 -9999 -9999 -9999 -9999 -9999 -9999 -9999 -9999 3.825E-1 2.59076E-1 1.59583E-1 7.89643E-2 9.37441E-2 1.77682E-1 6.35193E-2 7.66498E-2 4.20042E-2 2.97247E-2 3.76665E-2 3.23102E-2 2.73699E-2 5.88269E-2 7.23939E-2 3.36741E-2 1.24773E-2 3.15047E-2 2.64944E-2 3.02113E-2 4.04064E-2 2.7189E-2 2.23806E-2 2.37627E-2 5.01274E-3 4.49623E-3 2.65324E-3 3.6988E-3 4.6572E-3 4.37121E-3 3.91749E-3 4.15956E-3 4.50457E-3 4.89801E-3 5.18429E-3 5.21705E-3 5.09549E-3 5.12359E-3 4.38329E-3 3.30004E-3 5.00812E-3 5.39527E-3 5.11416E-3 5.67759E-3 1.03827E-2 1.06884E-2 1.1068E-2 1.13636E-2 1.14064E-2 1.17754E-2 1.16213E-2 1.17758E-2 1.1382E-2 1.14181E-2 1.14806E-2 1.10197E-2 1.11407E-2 1.11579E-2 1.09623E-2 1.11181E-2
