KUENM_DEFAULT/Final_Models/M_1_F_lqpth_Set_1_NE/sp1_se_asia_min.asc
ncols         320
nrows         243
xllcorner     44.0
yllcorner     -0.666666666666667
cellsize      0.166666666666667
NODATA_value  -9999
[rows 93 to 123 of 243, columns 210 to 279 of 320]
3.6781E-2 2.83228E-2 2.7305E-2 4.11925E-2 4.18703E-2 4.24874E-2 4.65156E-2 3.17222E-2 4.21273E-2 3.77012E-2 4.1848E-2 3.9208E-2 3.95714E-2 3.97147E-2 4.002E-2 4.4292E-2 4.28082E-2 4.3947E-2 4.77781E-2 4.20326E-2 3.97597E-2 3.67261E-2 3.96127E-2 4.01391E-2 4.0046E-2 4.82759E-2 4.5297E-2 4.17755E-2 4.90251E-2 5.06063E-2 3.94129E-2 3.67157E-2 3.5951E-2 3.5978E-2 3.49275E-2 3.00208E-2 2.51492E-2 2.48458E-2 2.72229E-2 3.80551E-2 3.79731E-2 3.2255E-2 2.90584E-2 2.57834E-2 2.36095E-2 2.42399E-2 2.49625E-2 2.17698E-2 2.1538E-2 1.94664E-2 1.23374E-2 1.10015E-2 1.3936E-2 1.30869E-2 1.37495E-2 1.3751E-2 1.2993E-2 9.83518E-3 7.89611E-3 5.69744E-3 4.34186E-3 4.1623E-3 2.47326E-3 1.96554E-3 1.61291E-3 1.24029E-3 9.35715E-4 6.92574E-4 2.87297E-4 1.86921E-4
3.62197E-2 3.11947E-2 3.6568E-2 4.17636E-2 4.73712E-2 4.16256E-2 3.88656E-2 4.19849E-2 3.03337E-2 4.01559E-2 3.32384E-2 3.4709E-2 3.35784E-2 4.20379E-2 4.66265E-2 4.32262E-2 3.99582E-2 4.16971E-2 3.54929E-2 3.50303E-2 3.61773E-2 3.89089E-2 3.91827E-2 3.82163E-2 3.50219E-2 3.77914E-2 4.13681E-2 4.14663E-2 4.56293E-2 4.40731E-2 4.55093E-2 4.45146E-2 3.66122E-2 3.14964E-2 2.91233E-2 2.67859E-2 2.15303E-2 1.96243E-2 1.76314E-2 2.18691E-2 2.87275E-2 2.90089E-2 2.57658E-2 2.6843E-2 2.67122E-2 2.65935E-2 2.78408E-2 2.5189E-2 2.38114E-2 2.17687E-2 1.95634E-2 1.6499E-2 1.5199E-2 1.27377E-2 1.31232E-2 1.42666E-2 1.38785E-2 1.03016E-2 7.69945E-3 5.58903E-3 4.17288E-3 4.48991E-3 2.64257E-3 2.15752E-3 9.4931E-4 8.63688E-4 6.76632E-4 5.17615E-4 4.20569E-4 2.9007E-4
3.25807E-2 3.25551E-2 3.21161E-2 3.79404E-2 4.55104E-2 4.07305E-2 3.53694E-2 3.78053E-2 2.8875E-2 3.05437E-2 3.26682E-2 3.15591E-2 4.01357E-2 4.08099E-2 4.465E-2 4.04294E-2 3.58977E-2 2.80638E-2 2.65197E-2 3.02259E-2 2.75804E-2 3.37053E-2 3.34037E-2 3.09028E-2 2.98293E-2 3.46811E-2 3.42815E-2 3.36837E-2 3.33205E-2 3.59691E-2 4.24424E-2 4.91996E-2 3.34821E-2 2.90396E-2 2.77189E-2 2.66201E-2 2.652E-2 1.89891E-2 1.75291E-2 2.01626E-2 2.94988E-2 2.86752E-2 2.52297E-2 2.48126E-2 2.78573E-2 2.92981E-2 2.86277E-2 2.33619E-2 2.39757E-2 1.83163E-2 1.98392E-2 1.73934E-2 1.855E-2 1.56252E-2 1.35606E-2 1.52903E-2 1.378E-2 1.08798E-2 8.21294E-3 6.66607E-3 5.36696E-3 5.3358E-3 4.29375E-3 2.28657E-3 1.66462E-3 1.05765E-3 8.49759E-4 6.54949E-4 5.69594E-4 4.27252E-4
3.22383E-2 3.20655E-2 2.99663E-2 3.78681E-2 4.2359E-2 3.37744E-2 3.18223E-2 3.03431E-2 2.92061E-2 2.95556E-2 3.0328E-2 3.10193E-2 3.3051E-2 4.10793E-2 3.54768E-2 3.19577E-2 3.25095E-2 2.45758E-2 2.28526E-2 2.32238E-2 1.6976E-2 2.3001E-2 2.72663E-2 2.60838E-2 2.58745E-2 2.93216E-2 2.71392E-2 3.05217E-2 2.88244E-2 3.27402E-2 3.36592E-2 3.21589E-2 2.96492E-2 2.93993E-2 2.69895E-2 2.90065E-2 2.79127E-2 2.66255E-2 2.65702E-2 2.59291E-2 2.65096E-2 2.93962E-2 3.03315E-2 2.23398E-2 2.08402E-2 2.75885E-2 2.8259E-2 2.27295E-2 2.30397E-2 1.81225E-2 1.4939E-2 1.46142E-2 1.66643E-2 1.48578E-2 1.49528E-2 1.62459E-2 1.41735E-2 1.25347E-2 9.63538E-3 7.41007E-3 6.3232E-3 5.05576E-3 4.39498E-3 2.26409E-3 1.58725E-3 1.21445E-3 1.07315E-3 8.81897E-4 6.38712E-4 4.84046E-4
2.40091E-2 2.7238E-2 3.23668E-2 3.50074E-2 3.29417E-2 3.33372E-2 2.842E-2 2.72807E-2 2.4738E-2 2.39927E-2 2.50228E-2 2.90945E-2 3.61112E-2 3.94792E-2 3.78224E-2 3.28758E-2 2.78671E-2 1.58254E-2 1.22528E-2 1.19133E-2 1.15971E-2 1.11597E-2 2.06129E-2 1.99332E-2 2.01998E-2 2.31481E-2 9.08248E-3 9.12959E-3 2.33848E-2 8.49243E-3 1.02066E-2 6.84814E-3 7.32767E-3 9.27482E-3 1.11562E-2 2.14628E-2 2.01805E-2 1.95193E-2 1.88198E-2 2.3203E-2 2.03305E-2 2.06735E-2 2.84572E-2 2.14945E-2 2.17866E-2 2.84077E-2 2.82838E-2 2.6045E-2 2.40645E-2 1.78732E-2 1.42495E-2 1.34088E-2 1.28354E-2 1.38257E-2 1.55446E-2 1.69701E-2 1.70264E-2 1.36769E-2 1.04079E-2 8.44543E-3 7.13715E-3 5.87272E-3 4.47195E-3 2.38006E-3 1.49781E-3 9.76936E-4 1.15323E-3 1.06148E-3 7.46737E-4 -9999
2.76995E-2 2.72792E-2 3.14289E-2 3.04758E-2 3.21224E-2 2.94827E-2 2.6131E-2 2.24243E-2 2.0947E-2 2.07415E-2 2.26067E-2 2.73301E-2 3.6482E-2 4.16503E-2 4.09737E-2 3.23952E-2 2.6893E-2 2.32562E-2 1.82569E-2 1.06985E-2 9.97042E-3 9.72165E-3 1.8316E-2 1.83503E-2 2.20501E-2 2.11729E-2 5.94445E-3 4.72632E-3 5.08689E-3 4.13561E-3 6.72679E-3 5.64157E-3 4.87255E-3 8.52239E-3 1.04152E-2 7.6695E-3 7.72286E-3 9.33054E-3 1.5452E-2 1.74907E-2 1.97462E-2 2.39047E-2 2.54066E-2 2.10844E-2 2.00622E-2 2.68712E-2 2.92171E-2 2.78087E-2 2.70463E-2 1.9584E-2 1.25003E-2 1.11915E-2 1.05888E-2 1.22169E-2 1.83392E-2 1.98711E-2 1.77783E-2 1.62925E-2 1.18346E-2 8.74307E-3 7.25575E-3 6.01262E-3 4.63502E-3 2.62389E-3 2.0441E-3 1.43299E-3 1.30105E-3 1.16541E-3 7.5721E-4 -9999
2.75197E-2 2.62299E-2 3.04713E-2 3.56102E-2 3.7234E-2 2.73399E-2 2.18941E-2 1.76958E-2 1.60413E-2 1.1483E-2 1.0902E-2 9.17387E-3 1.42873E-2 3.04892E-2 3.57221E-2 3.18632E-2 2.69095E-2 2.36048E-2 2.23041E-2 2.20127E-2 1.6349E-2 1.60862E-2 1.6796E-2 1.66033E-2 1.92701E-2 1.65836E-2 4.63285E-3 3.99029E-3 4.05255E-3 4.30999E-3 4.67603E-3 4.44634E-3 5.70268E-3 7.02859E-3 9.4339E-3 7.56049E-3 7.66181E-3 1.02326E-2 1.54748E-2 2.29074E-2 2.70091E-2 2.57526E-2 1.82727E-2 2.03763E-2 2.02466E-2 2.62716E-2 2.57589E-2 3.21422E-2 2.83052E-2 2.20501E-2 1.52944E-2 1.29005E-2 1.57374E-2 1.50985E-2 1.67985E-2 2.03692E-2 2.28106E-2 1.85891E-2 1.22923E-2 8.15106E-3 7.15409E-3 6.17704E-3 5.16573E-3 2.78179E-3 2.31728E-3 1.998E-3 1.80209E-3 1.25955E-3 9.32835E-4 7.30899E-4
3.45373E-2 3.14639E-2 3.80043E-2 3.97628E-2 3.66269E-2 2.90994E-2 2.17651E-2 1.71031E-2 1.2345E-2 6.71588E-3 7.55724E-3 8.18687E-3 7.48065E-3 8.02138E-3 9.90413E-3 2.39118E-2 2.44202E-2 2.23378E-2 2.17971E-2 2.35824E-2 2.11086E-2 2.03707E-2 1.60757E-2 1.76425E-2 1.61515E-2 4.03249E-3 3.44729E-3 2.8932E-3 3.16643E-3 3.61045E-3 3.87528E-3 5.29451E-3 5.92952E-3 1.72865E-2 1.82903E-2 1.79897E-2 1.79046E-2 1.66015E-2 1.83153E-2 2.71141E-2 2.82463E-2 2.6539E-2 2.12324E-2 2.1031E-2 2.4835E-2 2.71863E-2 2.5023E-2 3.19658E-2 2.81433E-2 2.07051E-2 2.0292E-2 1.85687E-2 2.16515E-2 1.86463E-2 1.35057E-2 1.40394E-2 1.69898E-2 1.27513E-2 8.33451E-3 6.97727E-3 6.21466E-3 6.01256E-3 5.21029E-3 2.88704E-3 2.36184E-3 2.04182E-3 1.8399E-3 1.4737E-3 1.03665E-3 -9999
3.40635E-2 3.58566E-2 3.92142E-2 3.84483E-2 3.60492E-2 3.5532E-2 2.19884E-2 1.87108E-2 7.27178E-3 7.62894E-3 7.16663E-3 6.57988E-3 7.37311E-3 7.63093E-3 8.50357E-3 5.87084E-3 9.49075E-3 1.6253E-2 2.02626E-2 3.17013E-2 2.75389E-2 2.40797E-2 1.81175E-2 1.66412E-2 1.34785E-2 3.18382E-3 2.98377E-3 3.03997E-3 1.0651E-2 3.36969E-3 4.23158E-3 5.33073E-3 4.74738E-3 1.29037E-2 1.33053E-2 1.75976E-2 1.92452E-2 1.8022E-2 2.01709E-2 2.06724E-2 1.83757E-2 1.78658E-2 2.07831E-2 1.94348E-2 2.33329E-2 2.47539E-2 2.63291E-2 2.31367E-2 1.99818E-2 1.88564E-2 1.89433E-2 1.76488E-2 2.25521E-2 1.90689E-2 1.11041E-2 1.05362E-2 1.32764E-2 8.62144E-3 6.74532E-3 6.61411E-3 6.12064E-3 3.75544E-3 3.29966E-3 2.74063E-3 2.15503E-3 1.79094E-3 1.60183E-3 1.26791E-3 7.36255E-4 -9999
3.01478E-2 3.20438E-2 3.7297E-2 3.88988E-2 3.75402E-2 3.6853E-2 2.81816E-2 1.89034E-2 1.42599E-2 1.4919E-2 1.73039E-2 6.28024E-3 6.55176E-3 6.66798E-3 9.43043E-3 7.31683E-3 6.71611E-3 1.4585E-2 1.88052E-2 2.82963E-2 2.29764E-2 2.07443E-2 2.05754E-2 1.61802E-2 3.52399E-3 2.98036E-3 3.03271E-3 1.06337E-2 1.09888E-2 1.1617E-2 1.25818E-2 1.41165E-2 1.29228E-2 1.20079E-2 1.34046E-2 1.90974E-2 2.39988E-2 2.41223E-2 1.70361E-2 2.06555E-2 2.2245E-2 2.35617E-2 2.43037E-2 2.54332E-2 2.47888E-2 2.00549E-2 2.06796E-2 1.97637E-2 1.88881E-2 1.31333E-2 1.74917E-2 1.60206E-2 1.48897E-2 8.26545E-3 4.65683E-3 5.437E-3 6.89959E-3 5.75731E-3 4.64307E-3 4.40241E-3 3.90266E-3 3.22674E-3 2.80345E-3 2.43037E-3 1.80312E-3 1.42361E-3 1.12502E-3 9.75904E-4 -9999 2.50727E-4
2.51576E-2 2.78384E-2 3.18389E-2 3.64247E-2 3.63717E-2 3.58716E-2 2.62674E-2 1.60478E-2 1.3102E-2 1.3736E-2 1.67989E-2 6.90727E-3 7.79219E-3 6.76505E-3 7.49337E-3 7.21525E-3 1.59442E-2 1.73346E-2 1.91693E-2 1.69243E-2 2.3401E-2 1.83658E-2 1.40043E-2 1.45844E-2 1.43485E-2 1.4808E-2 1.23427E-2 1.21083E-2 1.40085E-2 1.77666E-2 1.98132E-2 1.83361E-2 1.60205E-2 1.48867E-2 1.6351E-2 2.09128E-2 2.16864E-2 2.13001E-2 1.80347E-2 1.83459E-2 2.04873E-2 2.43348E-2 2.53148E-2 2.70148E-2 2.51022E-2 2.17742E-2 2.09306E-2 1.81495E-2 1.28338E-2 1.20273E-2 1.13292E-2 1.4021E-2 9.51503E-3 5.14391E-3 3.61512E-3 3.24035E-3 4.13116E-3 4.63337E-3 4.6377E-3 4.08604E-3 3.52375E-3 2.81009E-3 2.47125E-3 1.88757E-3 1.45132E-3 1.05441E-3 6.99138E-4 5.18075E-4 3.21609E-4 -9999
2.15447E-2 2.56498E-2 3.25445E-2 3.6199E-2 3.79334E-2 3.45201E-2 2.76211E-2 1.70896E-2 1.40226E-2 1.38444E-2 1.56805E-2 1.8218E-2 7.57268E-3 2.2576E-2 2.5783E-2 2.80765E-2 2.33648E-2 1.86439E-2 2.14837E-2 2.52521E-2 2.26698E-2 1.57583E-2 1.61368E-2 1.46708E-2 1.82242E-2 1.65201E-2 1.562E-2 1.36828E-2 1.7344E-2 2.13566E-2 2.05791E-2 1.93243E-2 2.03472E-2 1.87234E-2 1.99951E-2 2.36501E-2 2.21404E-2 2.24927E-2 1.7449E-2 1.61104E-2 2.10981E-2 2.3108E-2 2.09504E-2 1.73321E-2 2.17925E-2 2.1303E-2 1.84818E-2 1.28673E-2 1.00725E-2 8.97759E-3 8.53732E-3 1.17303E-2 7.0985E-3 -9999 4.62527E-3 4.2907E-3 4.29534E-3 4.06597E-3 3.84214E-3 3.45201E-3 3.05781E-3 2.39516E-3 1.96436E-3 1.39411E-3 1.03413E-3 7.02397E-4 4.1672E-4 2.48593E-4 1.60691E-4 1.12673E-4
2.63815E-2 2.98284E-2 3.10029E-2 3.05525E-2 3.15389E-2 3.12209E-2 2.13824E-2 1.74819E-2 1.50794E-2 1.48182E-2 5.30525E-3 6.65721E-3 8.46044E-3 3.35019E-2 3.59407E-2 3.31963E-2 2.85731E-2 2.56721E-2 2.19577E-2 2.6592E-2 2.47033E-2 2.06864E-2 1.94628E-2 1.79866E-2 1.99771E-2 2.0143E-2 1.93046E-2 1.52613E-2 1.66979E-2 1.9861E-2 2.44952E-2 2.08873E-2 1.91394E-2 1.84717E-2 1.83421E-2 1.91501E-2 1.66579E-2 1.55475E-2 1.70332E-2 1.63722E-2 1.5256E-2 1.57878E-2 1.81976E-2 1.41905E-2 1.30561E-2 1.68987E-2 1.58163E-2 1.09227E-2 8.67058E-3 7.51653E-3 6.88819E-3 7.17073E-3 6.42152E-3 4.7252E-3 5.64571E-3 5.18731E-3 3.44682E-3 3.11381E-3 2.9695E-3 2.79803E-3 2.59175E-3 1.99097E-3 1.57527E-3 1.1767E-3 7.73908E-4 5.00036E-4 3.06124E-4 1.58307E-4 1.03435E-4 8.19294E-5
3.36083E-2 3.30746E-2 2.95508E-2 2.48453E-2 2.62711E-2 2.47251E-2 1.9908E-2 1.55638E-2 1.49122E-2 1.52836E-2 1.96089E-2 2.0875E-2 2.6431E-2 4.11879E-2 3.93672E-2 2.90827E-2 2.58493E-2 2.58357E-2 2.27511E-2 2.802E-2 2.96062E-2 2.59178E-2 2.16002E-2 2.04651E-2 2.43238E-2 2.18958E-2 1.75844E-2 1.49377E-2 1.62557E-2 2.00226E-2 2.20542E-2 1.89317E-2 1.56199E-2 1.30481E-2 1.37342E-2 1.4497E-2 1.40142E-2 1.46347E-2 1.51372E-2 1.56072E-2 1.47625E-2 1.21629E-2 1.10768E-2 9.36507E-3 9.90612E-3 1.09868E-2 9.87247E-3 8.8949E-3 7.25318E-3 6.39461E-3 5.6941E-3 4.64348E-3 4.325E-3 5.04651E-3 4.86554E-3 4.51233E-3 3.06113E-3 2.43406E-3 2.39599E-3 2.25483E-3 2.09097E-3 1.84273E-3 1.27552E-3 -9999 6.52526E-4 3.89516E-4 2.46971E-4 1.39191E-4 1.03033E-4 -9999
3.51366E-2 3.52736E-2 3.08847E-2 2.61009E-2 2.9907E-2 2.7337E-2 2.22612E-2 1.56585E-2 1.59082E-2 1.86983E-2 2.32087E-2 2.52087E-2 3.59052E-2 4.05305E-2 3.88284E-2 3.268E-2 2.91784E-2 2.66156E-2 3.16941E-2 3.70643E-2 3.6783E-2 3.33159E-2 2.84372E-2 2.46661E-2 2.45485E-2 2.19574E-2 1.47472E-2 1.48143E-2 1.47675E-2 1.78361E-2 1.89848E-2 1.61004E-2 1.37793E-2 1.16415E-2 1.12689E-2 1.1956E-2 1.24452E-2 1.38548E-2 1.53746E-2 1.57291E-2 1.51576E-2 1.08638E-2 8.37896E-3 3.28052E-3 3.41144E-3 6.30637E-3 6.20032E-3 5.03147E-3 5.78097E-3 5.20935E-3 4.43557E-3 3.3877E-3 3.0288E-3 3.03563E-3 2.9311E-3 2.94219E-3 2.1857E-3 2.21759E-3 1.84562E-3 1.80352E-3 1.72577E-3 1.57651E-3 1.22803E-3 7.66093E-4 5.53092E-4 -9999 2.09302E-4 1.49877E-4 8.99172E-5 -9999
3.65454E-2 3.95078E-2 3.9161E-2 3.55526E-2 3.73396E-2 3.06889E-2 2.2542E-2 1.75215E-2 1.73214E-2 1.88371E-2 2.617E-2 3.10174E-2 3.83307E-2 4.87741E-2 4.75616E-2 4.12358E-2 3.69622E-2 3.403E-2 3.14996E-2 3.93872E-2 3.82394E-2 3.707E-2 2.73728E-2 2.81335E-2 2.81104E-2 1.85225E-2 1.66697E-2 1.61845E-2 1.42391E-2 1.4447E-2 1.39107E-2 1.32575E-2 1.22438E-2 1.05256E-2 1.06434E-2 1.10118E-2 1.18578E-2 4.90776E-3 1.62356E-2 1.5587E-2 1.29982E-2 1.06143E-2 7.84577E-3 2.46546E-3 2.20684E-3 6.68751E-3 4.19063E-3 4.61432E-3 4.72286E-3 4.20122E-3 3.43334E-3 2.59104E-3 2.22658E-3 -9999 1.76854E-3 2.02416E-3 1.66266E-3 1.52845E-3 1.54749E-3 1.50007E-3 -9999 1.33263E-3 1.11706E-3 7.68534E-4 -9999 -9999 -9999 -9999 -9999 -9999
4.46217E-2 4.13186E-2 4.54505E-2 3.63486E-2 3.83167E-2 2.93715E-2 2.13002E-2 1.59513E-2 1.20495E-2 1.55745E-2 2.41915E-2 2.74839E-2 3.84173E-2 4.24381E-2 4.2417E-2 3.66401E-2 3.37747E-2 3.15111E-2 2.91864E-2 3.68852E-2 3.83523E-2 2.92198E-2 2.04825E-2 2.10724E-2 2.1803E-2 2.0061E-2 1.655E-2 1.57536E-2 1.48098E-2 1.14182E-2 1.06852E-2 1.10051E-2 1.093E-2 1.05411E-2 1.1163E-2 1.30117E-2 1.39893E-2 1.42689E-2 1.38523E-2 1.3E-2 1.25388E-2 1.03773E-2 8.22195E-3 4.92449E-3 4.20264E-3 4.9827E-3 4.74435E-3 4.52813E-3 4.02596E-3 3.58028E-3 -9999 -9999 -9999 -9999 -9999 1.32589E-3 -9999 -9999 1.34794E-3 -9999 -9999 -9999 -9999 -9999 -9999 -9999 -9999 -9999 -9999 -9999
5.07129E-2 4.28992E-2 3.61641E-2 3.43355E-2 3.54262E-2 2.62902E-2 2.06326E-2 1.31583E-2 1.24212E-2 1.38349E-2 2.25806E-2 3.56007E-2 4.2793E-2 4.07982E-2 3.84611E-2 3.3093E-2 2.22035E-2 2.10961E-2 1.92663E-2 2.40874E-2 1.88266E-2 1.93756E-2 1.71009E-2 1.67096E-2 1.76867E-2 1.82036E-2 1.83415E-2 1.69022E-2 1.53621E-2 1.13266E-2 1.00876E-2 1.09227E-2 1.11056E-2 1.19884E-2 1.3991E-2 1.61088E-2 1.76174E-2 1.80693E-2 1.55891E-2 1.17829E-2 1.15621E-2 1.05413E-2 9.19773E-3 5.22439E-3 5.08644E-3 4.78897E-3 4.93378E-3 4.34803E-3 -9999 -9999 -9999 -9999 -9999 -9999 -9999 -9999 -9999 -9999 -9999 -9999 -9999 -9999 -9999 -9999 -9999 -9999 -9999 -9999 -9999 -9999
4.66887E-2 4.11468E-2 3.44077E-2 3.09853E-2 2.62531E-2 1.91625E-2 1.55282E-2 1.2714E-2 1.40593E-2 1.79076E-2 2.5097E-2 3.11339E-2 3.42842E-2 3.63804E-2 3.58859E-2 2.98809E-2 2.10091E-2 1.983E-2 1.84755E-2 1.73746E-2 1.46585E-2 1.47141E-2 1.5721E-2 1.57489E-2 1.64924E-2 1.84603E-2 1.88619E-2 1.75027E-2 1.4815E-2 1.47193E-2 1.21729E-2 1.17396E-2 1.29598E-2 1.46463E-2 1.6502E-2 1.79194E-2 1.78449E-2 1.73094E-2 1.459E-2 1.26151E-2 8.60897E-3 9.56623E-3 7.55286E-3 6.20461E-3 6.09143E-3 5.2731E-3 4.68223E-3 -9999 -9999 -9999 -9999 -9999 -9999 -9999 -9999 -9999 -9999 -9999 -9999 -9999 -9999 -9999 -9999 -9999 -9999 -9999 -9999 -9999 -9999 -9999
4.56284E-2 3.8557E-2 3.24386E-2 2.75163E-2 2.22598E-2 1.77005E-2 1.68153E-2 1.47496E-2 1.37705E-2 1.79097E-2 2.50866E-2 2.2701E-2 2.49609E-2 3.29612E-2 3.59669E-2 3.14182E-2 2.11953E-2 1.86941E-2 1.48323E-2 1.42834E-2 1.42457E-2 1.41052E-2 1.43628E-2 1.50694E-2 1.61243E-2 1.7236E-2 1.69361E-2 1.6834E-2 1.52297E-2 1.63067E-2 1.54061E-2 1.54426E-2 1.52141E-2 1.45606E-2 1.76568E-2 1.81694E-2 1.73675E-2 1.49679E-2 1.19956E-2 8.9473E-3 8.37507E-3 6.7194E-3 6.49954E-3 6.01577E-3 5.37685E-3 4.96354E-3 4.31838E-3 -9999 -9999 -9999 -9999 -9999 -9999 -9999 -9999 -9999 -9999 -9999 -9999 -9999 -9999 -9999 -9999 -9999 -9999 -9999 -9999 -9999 -9999 -9999
4.04632E-2 3.48448E-2 2.90543E-2 2.46759E-2 2.10329E-2 1.69319E-2 1.43313E-2 1.54921E-2 1.42709E-2 1.5447E-2 1.92213E-2 1.98188E-2 2.32532E-2 3.09206E-2 3.65137E-2 3.39689E-2 2.22064E-2 1.87059E-2 1.52592E-2 1.42151E-2 1.42109E-2 1.39429E-2 1.35458E-2 1.48779E-2 1.51686E-2 1.58045E-2 1.57324E-2 1.50088E-2 1.4139E-2 1.37381E-2 1.46904E-2 1.52256E-2 1.51914E-2 1.61257E-2 1.70141E-2 1.70746E-2 1.58133E-2 1.36087E-2 9.403E-3 7.51884E-3 6.06391E-3 5.66356E-3 5.6401E-3 5.5203E-3 4.96173E-3 4.5574E-3 4.13445E-3 3.56395E-3 -9999 -9999 -9999 -9999 -9999 -9999 -9999 -9999 -9999 -9999 -9999 -9999 -9999 -9999 -9999 -9999 -9999 -9999 -9999 -9999 -9999 -9999
3.47413E-2 2.96313E-2 2.56178E-2 2.26182E-2 1.98115E-2 1.7616E-2 1.75272E-2 1.56768E-2 1.40963E-2 1.58096E-2 1.62874E-2 1.75737E-2 2.11191E-2 2.67687E-2 3.27053E-2 3.19869E-2 2.24378E-2 1.96443E-2 1.55189E-2 1.4405E-2 1.47965E-2 1.48857E-2 1.49544E-2 1.50053E-2 1.47521E-2 1.49129E-2 1.48125E-2 1.66879E-2 1.54419E-2 1.45327E-2 1.4288E-2 1.22246E-2 1.38441E-2 1.10938E-2 1.14896E-2 1.08679E-2 1.31081E-2 9.67817E-3 8.05793E-3 6.68437E-3 5.73748E-3 5.42801E-3 5.43358E-3 4.87932E-3 4.65811E-3 4.2645E-3 3.72993E-3 3.25406E-3 -9999 -9999 -9999 -9999 -9999 -9999 -9999 -9999 -9999 -9999 -9999 -9999 -9999 -9999 -9999 -9999 -9999 -9999 -9999 -9999 -9999 -9999
3.12914E-2 2.5512E-2 2.20966E-2 2.00346E-2 1.96261E-2 2.05896E-2 1.833E-2 1.28707E-2 1.06897E-2 1.31086E-2 1.49003E-2 1.64847E-2 2.04416E-2 2.40151E-2 2.58983E-2 2.72163E-2 2.11984E-2 1.95541E-2 1.79838E-2 1.4813E-2 1.394E-2 1.66306E-2 1.65261E-2 1.59038E-2 1.45483E-2 1.43987E-2 1.57889E-2 1.50427E-2 1.4423E-2 1.147E-2 1.07646E-2 9.32822E-3 9.78E-3 8.89517E-3 8.99377E-3 8.81193E-3 9.19053E-3 8.49248E-3 7.14636E-3 6.3639E-3 5.89007E-3 5.56647E-3 5.14693E-3 4.57776E-3 3.97587E-3 3.68593E-3 3.35417E-3 -9999 -9999 -9999 -9999 -9999 -9999 -9999 -9999 -9999 -9999 -9999 -9999 -9999 -9999 -9999 -9999 -9999 -9999 -9999 -9999 -9999 -9999 -9999
2.86754E-2 2.45086E-2 2.13322E-2 2.05074E-2 2.26504E-2 2.74198E-2 1.64583E-2 1.0264E-2 8.75965E-3 1.07979E-2 1.27037E-2 1.59577E-2 1.90037E-2 2.08767E-2 2.42588E-2 2.37646E-2 2.84613E-2 2.16941E-2 1.59492E-2 1.45357E-2 1.32568E-2 1.78858E-2 1.76777E-2 1.63936E-2 1.45629E-2 1.59532E-2 1.51097E-2 1.44179E-2 1.09693E-2 8.7275E-3 8.18048E-3 8.12814E-3 7.96549E-3 8.52263E-3 7.95562E-3 6.76336E-3 6.65586E-3 6.45356E-3 6.0425E-3 5.51517E-3 5.57574E-3 5.51648E-3 4.77738E-3 4.01901E-3 3.40591E-3 3.03981E-3 -9999 -9999 -9999 -9999 -9999 -9999 -9999 -9999 -9999 -9999 -9999 -9999 -9999 -9999 -9999 -9999 -9999 -9999 -9999 -9999 -9999 -9999 -9999 -9999
2.92124E-2 2.61088E-2 2.24569E-2 2.77025E-2 2.31444E-2 2.04341E-2 1.50124E-2 8.71213E-3 7.26008E-3 9.42344E-3 1.09923E-2 1.35293E-2 1.49945E-2 1.56106E-2 1.87587E-2 2.10605E-2 2.15931E-2 1.9203E-2 1.6192E-2 1.51972E-2 1.35856E-2 1.78333E-2 2.14898E-2 1.9556E-2 1.64541E-2 1.47207E-2 1.24389E-2 1.07877E-2 8.25136E-3 8.10043E-3 6.76242E-3 6.95423E-3 7.0664E-3 7.17198E-3 6.74356E-3 6.11187E-3 5.81279E-3 5.31629E-3 4.76848E-3 4.56495E-3 4.58082E-3 4.25667E-3 3.56552E-3 3.05439E-3 2.85365E-3 2.61571E-3 -9999 -9999 -9999 -9999 -9999 -9999 -9999 -9999 -9999 -9999 -9999 -9999 -9999 -9999 -9999 -9999 -9999 -9999 -9999 -9999 -9999 -9999 -9999 -9999
3.04658E-2 2.83714E-2 2.89137E-2 3.45492E-2 2.9457E-2 1.93491E-2 1.26982E-2 8.65856E-3 7.2419E-3 8.98816E-3 1.10842E-2 1.21843E-2 1.22567E-2 1.23479E-2 1.35567E-2 1.53881E-2 1.55734E-2 1.60015E-2 1.65339E-2 1.68182E-2 1.82879E-2 2.24596E-2 2.9766E-2 2.02061E-2 1.75528E-2 1.34224E-2 1.05351E-2 9.76178E-3 8.69193E-3 7.23194E-3 6.19973E-3 5.58449E-3 6.35401E-3 6.07377E-3 5.59794E-3 5.21158E-3 4.59147E-3 4.3279E-3 3.6357E-3 3.2474E-3 2.88807E-3 2.69514E-3 2.51996E-3 2.31739E-3 2.24954E-3 -9999 -9999 -9999 -9999 -9999 -9999 -9999 -9999 -9999 -9999 -9999 -9999 -9999 -9999 -9999 -9999 -9999 -9999 -9999 -9999 -9999 -9999 -9999 -9999 -9999
3.21567E-2 3.50829E-2 4.04289E-2 3.46809E-2 2.69536E-2 1.84518E-2 1.25618E-2 8.97085E-3 8.85918E-3 9.0991E-3 9.96643E-3 1.0274E-2 1.17117E-2 1.29408E-2 1.43277E-2 1.48955E-2 1.58583E-2 1.58265E-2 1.54018E-2 1.65597E-2 2.20604E-2 3.17737E-2 3.08638E-2 2.38668E-2 1.51272E-2 1.07664E-2 9.63424E-3 7.54009E-3 7.45796E-3 5.89352E-3 4.89176E-3 5.91227E-3 6.01786E-3 5.2487E-3 4.64823E-3 4.42678E-3 4.0646E-3 3.50093E-3 2.70966E-3 2.19825E-3 1.78841E-3 1.60197E-3 1.66401E-3 1.79715E-3 -9999 -9999 -9999 -9999 -9999 -9999 -9999 -9999 -9999 -9999 -9999 -9999 -9999 -9999 -9999 -9999 -9999 -9999 -9999 -9999 -9999 -9999 -9999 -9999 -9999 -9999
3.11298E-2 3.14466E-2 4.46624E-2 3.79276E-2 2.52117E-2 1.65676E-2 1.22933E-2 1.1261E-2 9.50137E-3 9.41774E-3 1.08786E-2 1.10008E-2 1.34088E-2 1.47227E-2 1.54383E-2 1.61333E-2 1.67987E-2 1.6137E-2 1.60521E-2 1.64724E-2 1.71021E-2 1.60083E-2 2.52423E-2 1.66255E-2 1.09074E-2 8.82219E-3 8.67115E-3 8.06886E-3 7.37635E-3 5.62336E-3 5.04532E-3 5.69773E-3 5.02903E-3 4.46181E-3 4.0199E-3 3.71946E-3 3.17023E-3 -9999 -9999 1.70768E-3 -9999 -9999 -9999 -9999 -9999 -9999 -9999 -9999 -9999 -9999 -9999 -9999 -9999 -9999 -9999 -9999 -9999 -9999 -9999 -9999 -9999 -9999 -9999 -9999 -9999 -9999 -9999 -9999 -9999 -9999
2.94727E-2 3.04645E-2 3.59543E-2 3.09599E-2 2.62499E-2 1.78724E-2 1.39437E-2 1.24984E-2 1.03528E-2 1.00397E-2 1.16081E-2 1.17773E-2 1.36308E-2 1.47178E-2 1.63166E-2 1.74087E-2 1.77827E-2 1.66961E-2 1.6125E-2 1.58814E-2 1.25575E-2 1.34647E-2 1.29897E-2 1.04582E-2 6.94751E-3 7.80782E-3 6.9402E-3 7.66083E-3 6.8993E-3 5.76916E-3 5.2198E-3 4.79003E-3 4.70565E-3 3.79474E-3 3.34262E-3 2.88811E-3 2.46966E-3 2.16654E-3 -9999 -9999 -9999 -9999 -9999 -9999 -9999 -9999 -9999 -9999 -9999 -9999 -9999 -9999 -9999 -9999 -9999 -9999 -9999 -9999 -9999 -9999 -9999 -9999 -9999 -9999 -9999 -9999 -9999 -9999 -9999 -9999
3.67829E-2 4.01091E-2 3.2873E-2 3.35203E-2 3.1145E-2 2.41451E-2 1.69626E-2 1.41403E-2 1.18866E-2 1.07905E-2 1.16864E-2 1.1691E-2 1.28229E-2 1.51565E-2 1.77068E-2 1.7643E-2 1.80111E-2 1.8241E-2 1.7009E-2 1.38522E-2 1.24961E-2 1.01706E-2 1.09835E-2 7.87886E-3 5.60735E-3 7.16792E-3 7.43012E-3 6.56723E-3 5.98014E-3 5.58121E-3 4.7305E-3 4.19623E-3 4.19008E-3 3.28862E-3 2.79993E-3 2.42537E-3 2.28993E-3 -9999 -9999 -9999 -9999 -9999 -9999 -9999 -9999 -9999 -9999 -9999 -9999 -9999 -9999 -9999 -9999 -9999 -9999 -9999 -9999 -9999 -9999 -9999 -9999 -9999 -9999 -9999 -9999 -9999 -9999 -9999 -9999 -9999
2.98187E-2 3.77917E-2 3.17664E-2 3.14801E-2 2.41123E-2 2.57602E-2 2.07652E-2 1.28336E-2 1.13968E-2 9.91013E-3 1.09859E-2 1.23477E-2 1.30924E-2 1.44018E-2 1.72352E-2 1.76426E-2 1.80225E-2 1.90297E-2 1.73196E-2 1.35231E-2 1.05756E-2 9.31929E-3 8.12105E-3 6.09847E-3 4.63183E-3 6.11275E-3 6.66766E-3 5.6422E-3 5.18246E-3 4.99577E-3 4.18954E-3 3.62797E-3 3.69531E-3 3.04297E-3 2.48896E-3 -9999 -9999 -9999 -9999 -9999 -9999 -9999 -9999 -9999 -9999 -9999 -9999 -9999 -9999 -9999 -9999 -9999 -9999 -9999 -9999 -9999 -9999 -9999 -9999 -9999 -9999 -9999 -9999 -9999 -9999 -9999 -9999 -9999 -9999 -9999
