KUENM_DEFAULT/Final_Models/M_1_F_lqpth_Set_1_NE/sp1_1.asc
ncols         197
nrows         210
xllcorner     56.1666666666667
yllcorner     4.5
cellsize      0.166666666666667
NODATA_value  -9999
[rows 84 to 111 of 210, columns 65 to 129 of 197]
1.07429E-1 1.19536E-1 1.3818E-1 1.38702E-1 1.39965E-1 8.41367E-2 8.9473E-2 8.74553E-2 9.10928E-2 1.04335E-1 1.15462E-1 7.5628E-2 5.71776E-2 7.09888E-2 8.53509E-2 6.21639E-2 5.94342E-2 7.08534E-2 8.86021E-2 1.05215E-1 1.22873E-1 1.24946E-1 1.9438E-1 2.14716E-1 2.03449E-1 3.06264E-1 3.90207E-1 4.10776E-1 3.65843E-1 3.32955E-1 3.09297E-1 4.9313E-1 4.88056E-1 4.99296E-1 6.10984E-1 6.49604E-1 7.80076E-1 7.91947E-1 8.01051E-1 8.07003E-1 7.48238E-1 6.94013E-1 6.86318E-1 7.2977E-1 7.65721E-1 8.04301E-1 7.68143E-1 7.50892E-1 7.55695E-1 7.16297E-1 6.94891E-1 6.28236E-1 5.35051E-1 5.12069E-1 4.87048E-1 6.17104E-1 5.17907E-1 3.60446E-1 2.65533E-1 2.69801E-1 2.74919E-1 3.34876E-1 2.91954E-1 3.57953E-1 3.60769E-1
1.27571E-1 1.45663E-1 1.51108E-1 1.58486E-1 1.64042E-1 1.64557E-1 9.95799E-2 1.04665E-1 1.097E-1 1.18044E-1 1.53255E-1 7.94069E-2 6.51824E-2 5.52202E-2 9.8432E-2 8.01391E-2 7.54511E-2 9.10832E-2 1.22973E-1 1.6546E-1 1.77498E-1 1.80851E-1 2.63965E-1 2.85594E-1 2.81235E-1 3.4846E-1 4.12659E-1 4.42314E-1 3.61221E-1 3.91419E-1 4.14365E-1 3.78593E-1 5.5033E-1 5.11926E-1 6.36724E-1 7.81818E-1 8.04477E-1 7.89703E-1 8.17047E-1 7.58588E-1 7.08076E-1 7.45319E-1 7.46634E-1 7.58671E-1 7.62237E-1 7.62222E-1 7.07463E-1 7.27795E-1 7.17311E-1 6.65173E-1 4.91021E-1 6.27663E-1 5.63815E-1 5.0769E-1 5.13765E-1 5.55205E-1 4.57488E-1 3.3646E-1 2.31753E-1 2.41325E-1 3.59992E-1 3.4144E-1 3.69709E-1 3.38969E-1 3.37637E-1
1.5669E-1 1.68212E-1 1.74814E-1 1.80108E-1 1.86635E-1 1.19338E-1 1.20511E-1 1.25196E-1 1.34378E-1 1.38403E-1 1.30021E-1 1.70875E-1 1.14971E-1 1.33401E-1 7.99112E-2 9.96069E-2 1.10104E-1 1.28867E-1 1.71214E-1 1.89109E-1 2.4036E-1 2.43121E-1 3.36736E-1 3.69626E-1 3.67416E-1 4.03858E-1 4.31999E-1 3.67487E-1 3.87378E-1 3.93854E-1 4.166E-1 3.86286E-1 4.46875E-1 5.57042E-1 6.86068E-1 8.17027E-1 8.18543E-1 7.98477E-1 7.04577E-1 6.04984E-1 7.16033E-1 7.58824E-1 7.66435E-1 7.25864E-1 6.7165E-1 6.57888E-1 6.78379E-1 6.9415E-1 6.58596E-1 5.0851E-1 4.09896E-1 4.14323E-1 4.90126E-1 6.72905E-1 6.31186E-1 4.47509E-1 3.30322E-1 2.66305E-1 2.73446E-1 2.985E-1 3.40948E-1 2.74502E-1 3.50032E-1 3.23012E-1 3.13967E-1
7.66015E-2 1.69741E-1 1.88181E-1 2.00858E-1 1.66598E-1 1.12746E-1 1.39685E-1 1.42985E-1 1.2569E-1 1.59576E-1 1.87783E-1 1.55375E-1 1.52726E-1 1.33769E-1 1.36046E-1 1.41133E-1 1.45418E-1 1.68035E-1 2.14478E-1 2.11629E-1 2.71615E-1 2.74126E-1 3.93809E-1 4.2673E-1 4.35186E-1 4.60083E-1 4.89039E-1 5.21187E-1 4.70478E-1 4.36515E-1 4.47102E-1 3.98017E-1 5.47549E-1 6.54075E-1 7.6189E-1 6.58988E-1 6.73189E-1 7.1507E-1 5.991E-1 6.36831E-1 7.24612E-1 7.38517E-1 7.72012E-1 7.16228E-1 6.52346E-1 6.24856E-1 6.5414E-1 6.40338E-1 6.31625E-1 5.28184E-1 4.30293E-1 4.02297E-1 3.74347E-1 4.67533E-1 5.96279E-1 4.04622E-1 2.9627E-1 2.55391E-1 2.48357E-1 2.72374E-1 2.94215E-1 2.49799E-1 2.75086E-1 3.03514E-1 3.04665E-1
6.3797E-2 7.85566E-2 1.86879E-1 1.32925E-1 7.31418E-2 1.22366E-1 1.25546E-1 1.30478E-1 1.34629E-1 1.15407E-1 1.94599E-1 1.50612E-1 1.94329E-1 1.9964E-1 1.52021E-1 1.41709E-1 1.8241E-1 2.15482E-1 2.06624E-1 2.66247E-1 2.92745E-1 2.37399E-1 3.34646E-1 4.70258E-1 4.86895E-1 5.24103E-1 4.93331E-1 5.71428E-1 4.78629E-1 4.69512E-1 4.16623E-1 5.60087E-1 6.13147E-1 6.38532E-1 4.96983E-1 4.91978E-1 5.36759E-1 4.53919E-1 3.94858E-1 5.77696E-1 6.79798E-1 7.54253E-1 7.61531E-1 7.02372E-1 6.85318E-1 6.4573E-1 5.91048E-1 4.71827E-1 4.8205E-1 4.77991E-1 4.56107E-1 4.09187E-1 3.90093E-1 4.48941E-1 3.84209E-1 3.42785E-1 3.00331E-1 2.65458E-1 2.37665E-1 2.59779E-1 2.58305E-1 1.10277E-1 1.14843E-1 2.67691E-1 2.94673E-1
-9999 7.75005E-2 7.09377E-2 1.68085E-1 8.15319E-2 6.79084E-2 6.33831E-2 1.35058E-1 1.53642E-1 1.48753E-1 1.62694E-1 1.65701E-1 1.96029E-1 2.32366E-1 1.43381E-1 1.50718E-1 2.09993E-1 2.3974E-1 2.67242E-1 1.75749E-1 2.18427E-1 2.39611E-1 2.80712E-1 4.32915E-1 4.82253E-1 5.11451E-1 5.32184E-1 5.51131E-1 4.55472E-1 5.44015E-1 4.91122E-1 6.28112E-1 6.63354E-1 6.21656E-1 5.14632E-2 5.20146E-1 3.31419E-1 3.97701E-1 4.04006E-1 5.16989E-1 6.43261E-1 6.80663E-1 6.89823E-1 6.46423E-1 6.16802E-1 4.78676E-1 4.56139E-1 4.50103E-1 4.22564E-1 4.10596E-1 4.2438E-1 4.64024E-1 4.53992E-1 4.07904E-1 3.34099E-1 2.65776E-1 2.71791E-1 2.80746E-1 2.63388E-1 2.25258E-1 1.43289E-1 1.04753E-1 1.14826E-1 2.68462E-1 3.1433E-1
-9999 6.41974E-2 1.02123E-1 5.45652E-2 1.70761E-1 7.7041E-2 7.81154E-2 8.99212E-2 1.57813E-1 1.88675E-1 2.23582E-1 2.13815E-1 2.43762E-1 2.67838E-1 1.97237E-1 1.5515E-1 1.21057E-1 1.44714E-1 1.88369E-1 2.23906E-1 2.46876E-1 2.40736E-1 2.62468E-1 4.4583E-1 4.62184E-1 5.94647E-1 6.19205E-1 5.80864E-1 5.24849E-1 5.95706E-1 5.98644E-1 5.43614E-1 6.11603E-1 5.29856E-1 4.20081E-1 1.98837E-1 3.3139E-1 3.76959E-1 3.99006E-1 3.88844E-1 6.81897E-1 7.18882E-1 7.1368E-1 6.1031E-1 3.9804E-1 4.12954E-1 4.04306E-1 3.96368E-1 4.12735E-1 4.34653E-1 4.67341E-1 4.88309E-1 4.67954E-1 4.56328E-1 3.66046E-1 2.62078E-1 2.88714E-1 3.97601E-1 2.87051E-1 2.70363E-1 2.66077E-1 1.27733E-1 2.59567E-1 3.00708E-1 3.25996E-1
-9999 8.82758E-2 5.9301E-2 3.83204E-2 4.95392E-2 8.25514E-2 8.16314E-2 9.31856E-2 1.69668E-1 3.10347E-1 2.98221E-1 3.09094E-1 2.74643E-1 2.4E-1 2.74351E-1 1.5501E-1 1.33452E-1 1.91167E-1 1.5087E-1 1.78125E-1 2.80699E-1 2.34859E-1 2.62968E-1 2.76733E-1 4.62655E-1 5.3486E-1 5.81887E-1 6.03703E-1 6.1034E-1 6.21938E-1 5.96878E-1 6.05868E-1 5.95128E-1 4.57284E-1 2.1131E-1 2.33844E-1 3.27652E-1 2.79365E-1 3.31599E-1 4.25962E-1 6.91786E-1 7.87211E-1 7.2984E-1 5.60339E-1 4.9437E-1 4.29648E-1 3.89737E-1 3.72244E-1 4.02922E-1 4.30355E-1 4.68992E-1 4.69932E-1 4.82484E-1 4.41945E-1 3.72405E-1 3.50284E-1 3.62067E-1 3.65944E-1 3.22228E-1 1.5035E-1 2.94404E-1 2.99928E-1 3.08305E-1 3.15685E-1 3.51282E-1
-9999 -9999 7.32954E-2 4.59882E-2 0E0 4.54566E-2 1.53273E-1 1.72352E-1 2.61597E-1 3.1239E-1 2.49972E-1 3.42588E-1 3.35651E-1 2.61102E-1 2.20458E-1 1.33337E-1 1.29061E-1 1.40879E-1 1.86533E-1 2.30533E-1 2.25287E-1 2.76831E-1 3.12833E-1 3.55741E-1 4.07764E-1 4.50805E-1 5.86674E-1 6.77925E-1 6.33878E-1 6.84938E-1 6.46412E-1 5.57232E-1 5.02951E-1 5.88241E-1 3.22436E-1 3.38075E-1 3.48793E-1 2.53964E-1 4.26152E-1 6.75439E-1 7.5723E-1 8.11656E-1 7.7603E-1 7.29195E-1 7.14533E-1 4.92417E-1 3.72276E-1 3.6479E-1 3.96379E-1 4.21893E-1 4.58445E-1 4.70306E-1 4.61244E-1 4.127E-1 3.87725E-1 3.72378E-1 3.81296E-1 3.74867E-1 3.0303E-1 1.60212E-1 3.1086E-1 3.59223E-1 3.67359E-1 3.48921E-1 3.55737E-1
-9999 -9999 5.28523E-2 6.60656E-2 4.72031E-2 6.58192E-2 1.99286E-1 2.72261E-1 2.06916E-1 3.06996E-1 2.95408E-1 3.85149E-1 3.0378E-1 2.6135E-1 2.57398E-1 1.21001E-1 1.06691E-1 1.56648E-1 1.91791E-1 2.49321E-1 2.23404E-1 3.00737E-1 2.761E-1 3.97476E-1 4.3866E-1 4.79431E-1 5.63914E-1 6.89028E-1 6.39597E-1 6.64001E-1 6.58432E-1 6.67829E-1 6.42671E-1 5.70308E-1 5.67079E-1 3.70312E-1 3.35157E-1 3.40406E-1 3.73631E-1 6.65185E-1 7.91571E-1 8.08672E-1 7.33849E-1 6.76643E-1 5.96158E-1 4.76006E-1 3.82147E-1 3.6781E-1 3.81144E-1 4.10685E-1 4.51226E-1 4.45305E-1 3.93139E-1 3.64946E-1 3.8147E-1 3.93801E-1 3.71684E-1 3.5579E-1 3.04918E-1 1.55957E-1 3.0805E-1 3.67994E-1 3.85076E-1 3.7052E-1 1.6448E-1
-9999 -9999 -9999 4.72283E-2 6.95698E-2 7.97686E-2 1.13791E-1 2.32138E-1 3.72193E-1 4.83229E-1 4.93074E-1 4.55625E-1 3.16485E-1 2.87784E-1 2.90544E-1 1.89867E-1 1.00729E-1 1.60128E-1 1.48216E-1 2.71596E-1 2.99388E-1 3.26378E-1 4.00246E-1 4.25039E-1 4.16349E-1 4.74077E-1 5.18387E-1 6.2933E-1 6.25888E-1 6.37003E-1 7.27016E-1 6.45234E-1 6.30375E-1 6.507E-1 5.86003E-1 3.19001E-1 3.52789E-1 4.19882E-1 4.22139E-1 4.121E-1 6.42686E-1 7.79805E-1 6.72242E-1 6.21628E-1 3.79016E-1 4.64203E-1 3.60169E-1 3.39777E-1 3.73442E-1 4.12677E-1 4.0547E-1 4.05697E-1 3.90899E-1 3.66185E-1 3.732E-1 3.76621E-1 3.42382E-1 3.04737E-1 2.8128E-1 1.54883E-1 1.47269E-1 3.33697E-1 3.78435E-1 3.22158E-1 1.34788E-1
-9999 -9999 -9999 -9999 -9999 -9999 -9999 1.34963E-1 3.6538E-1 4.53015E-1 4.74537E-1 4.61907E-1 4.85732E-1 3.62638E-1 3.03319E-1 2.78456E-1 1.35723E-1 1.0923E-1 2.28253E-1 3.03329E-1 4.55039E-1 4.51005E-1 4.2385E-1 4.52955E-1 4.47779E-1 5.42185E-1 5.60537E-1 5.93647E-1 5.83634E-1 6.32886E-1 6.90368E-1 6.05416E-1 6.0218E-1 6.06677E-1 6.17589E-1 5.51681E-1 3.3008E-1 3.3381E-1 3.23743E-1 5.66617E-1 6.34029E-1 6.71868E-1 6.54643E-1 4.19082E-1 2.69643E-1 3.80718E-1 3.30102E-1 3.10553E-1 3.71984E-1 3.86297E-1 3.67873E-1 3.91631E-1 3.68622E-1 3.73926E-1 3.53033E-1 3.28492E-1 2.86491E-1 2.78565E-1 1.4377E-1 1.25235E-1 1.2473E-1 1.6114E-1 3.30611E-1 1.4797E-1 1.0716E-1
-9999 -9999 -9999 -9999 -9999 -9999 -9999 -9999 2.30829E-1 2.9753E-1 4.52375E-1 5.59495E-1 5.07753E-1 5.04076E-1 4.69658E-1 2.51301E-1 3.58533E-1 3.30094E-1 3.4492E-1 4.13474E-1 4.57011E-1 4.7823E-1 5.14431E-1 5.2688E-1 4.95189E-1 4.8407E-1 5.89372E-1 6.08368E-1 6.52502E-1 6.65936E-1 6.24628E-1 5.46777E-1 5.55829E-1 5.57792E-1 5.7193E-1 5.52329E-1 4.7748E-1 3.44713E-1 3.60946E-1 3.66222E-1 4.70864E-1 6.17394E-1 6.25364E-1 4.04356E-1 3.8199E-1 3.65839E-1 3.10866E-1 2.88605E-1 3.26611E-1 3.39191E-1 3.45707E-1 3.65819E-1 3.51311E-1 3.48875E-1 3.0719E-1 1.4315E-1 1.37159E-1 1.315E-1 1.22904E-1 9.94558E-2 8.92874E-2 1.06219E-1 1.25301E-1 1.08553E-1 9.25051E-2
-9999 -9999 -9999 -9999 -9999 -9999 -9999 -9999 -9999 2.66661E-1 2.78611E-1 5.22673E-1 4.8091E-1 5.05845E-1 4.25542E-1 4.80613E-1 6.57243E-1 4.9117E-1 2.71099E-1 3.58872E-1 4.74889E-1 5.10093E-1 4.96793E-1 5.43915E-1 5.10175E-1 5.14528E-1 6.216E-1 6.53464E-1 7.2498E-1 7.03499E-1 6.40721E-1 5.99847E-1 5.01865E-1 5.29397E-1 5.71251E-1 5.48172E-1 3.71927E-1 3.3056E-1 3.61727E-1 3.82137E-1 3.94531E-1 3.06165E-1 3.16802E-1 3.64006E-1 3.32412E-1 3.06236E-1 3.49639E-1 3.24497E-1 3.26728E-1 3.05943E-1 3.40637E-1 3.59808E-1 3.44209E-1 3.15895E-1 2.5691E-1 1.11614E-1 1.13395E-1 1.21694E-1 1.12999E-1 7.88919E-2 5.14455E-2 6.8366E-2 8.43216E-2 8.67834E-2 7.951E-2
-9999 -9999 -9999 -9999 -9999 -9999 -9999 -9999 -9999 3.51316E-1 3.6464E-1 3.41218E-1 3.29517E-1 5.28751E-1 4.95051E-1 5.81931E-1 5.57904E-1 4.48298E-1 2.48368E-1 3.2752E-1 4.61171E-1 5.22885E-1 5.53156E-1 4.93032E-1 5.78507E-1 5.90838E-1 6.31028E-1 7.14023E-1 6.98811E-1 7.50245E-1 6.86666E-1 6.63572E-1 6.2464E-1 5.76837E-1 5.85984E-1 5.03653E-1 3.37342E-1 3.11243E-1 3.90333E-1 3.21517E-1 3.27399E-1 3.06071E-1 4.39252E-1 4.23772E-1 3.64714E-1 3.55766E-1 3.5218E-1 3.42072E-1 3.30739E-1 3.17791E-1 3.51456E-1 3.39955E-1 3.0589E-1 2.4742E-1 1.03415E-1 9.23962E-2 1.04611E-1 1.09842E-1 1.11069E-1 8.36896E-2 5.57132E-2 5.90403E-2 6.71061E-2 7.34075E-2 6.36025E-2
-9999 -9999 -9999 -9999 -9999 -9999 -9999 -9999 -9999 -9999 -9999 3.49914E-1 3.08526E-1 3.54734E-1 5.45784E-1 5.69098E-1 4.84225E-1 3.52644E-1 3.02938E-1 3.66322E-1 3.90947E-1 5.24358E-1 5.78695E-1 5.85183E-1 6.18291E-1 6.21009E-1 6.57916E-1 7.06115E-1 7.03056E-1 7.49517E-1 6.70173E-1 6.02442E-1 6.12049E-1 6.04878E-1 4.28006E-1 3.18491E-1 3.33528E-1 3.28817E-1 3.77075E-1 3.46494E-1 3.00095E-1 3.01736E-1 4.35562E-1 4.75919E-1 4.74428E-1 4.58824E-1 3.83603E-1 3.32905E-1 3.24799E-1 3.15001E-1 3.48817E-1 3.22897E-1 2.69502E-1 1.16358E-1 9.55282E-2 8.78536E-2 9.35554E-2 1.0247E-1 1.09199E-1 9.12443E-2 7.61979E-2 7.36077E-2 6.90905E-2 5.83025E-2 5.39832E-2
-9999 -9999 -9999 -9999 -9999 -9999 -9999 -9999 -9999 -9999 -9999 -9999 -9999 3.60108E-1 3.42697E-1 5.29008E-1 5.2638E-1 -9999 -9999 4.75259E-1 4.89404E-1 4.5769E-1 5.75241E-1 5.59624E-1 6.08847E-1 6.22321E-1 7.1841E-1 6.99153E-1 7.06461E-1 7.41966E-1 6.88973E-1 5.83528E-1 6.08857E-1 5.79068E-1 3.18386E-1 2.05439E-1 3.1197E-1 3.66924E-1 3.71606E-1 3.05812E-1 2.3832E-1 2.38183E-1 4.07664E-1 4.73932E-1 4.97626E-1 4.8965E-1 3.83257E-1 3.28652E-1 3.07844E-1 2.94229E-1 3.07521E-1 2.85796E-1 2.35439E-1 1.06734E-1 9.20954E-2 8.59217E-2 9.43359E-2 1.13559E-1 1.38561E-1 1.36755E-1 1.2281E-1 1.13361E-1 1.01164E-1 8.82358E-2 8.26572E-2
-9999 -9999 -9999 -9999 -9999 -9999 -9999 -9999 -9999 -9999 -9999 -9999 -9999 3.0626E-1 2.92136E-1 -9999 -9999 5.7999E-1 6.58779E-1 6.46584E-1 4.52882E-1 4.64757E-1 6.01488E-1 5.5659E-1 6.28996E-1 6.68392E-1 7.03283E-1 6.93134E-1 7.2347E-1 7.40747E-1 6.87983E-1 6.6802E-1 6.52942E-1 5.76616E-1 2.95895E-1 2.50173E-1 3.265E-1 3.84923E-1 3.23821E-1 2.46549E-1 9.6324E-2 1.50458E-1 3.24366E-1 3.80162E-1 4.31451E-1 4.44665E-1 3.97137E-1 3.39906E-1 3.03186E-1 2.80803E-1 2.61312E-1 2.41343E-1 1.98558E-1 1.03587E-1 1.23814E-1 1.32605E-1 1.29406E-1 1.49964E-1 1.55374E-1 1.42292E-1 1.26196E-1 1.11031E-1 9.27896E-2 9.04216E-2 7.62719E-2
-9999 -9999 -9999 -9999 -9999 -9999 -9999 -9999 -9999 -9999 -9999 3.55806E-1 4.4014E-1 3.40794E-1 2.85314E-1 3.74737E-1 3.6341E-1 5.88867E-1 6.39419E-1 7.15662E-1 7.70924E-1 6.87349E-1 6.94611E-1 6.01021E-1 7.2142E-1 7.9148E-1 7.159E-1 7.11983E-1 7.32576E-1 7.4964E-1 7.2122E-1 7.01563E-1 6.90973E-1 6.13724E-1 4.16552E-1 3.65744E-1 3.44571E-1 3.26406E-1 2.50189E-1 9.31105E-2 7.33826E-2 8.01886E-2 1.05707E-1 3.66806E-1 4.32351E-1 4.7061E-1 4.90865E-1 4.73766E-1 4.43574E-1 3.77291E-1 2.83925E-1 2.35774E-1 1.95982E-1 3.0512E-1 3.78837E-1 2.81756E-1 3.46376E-1 1.69304E-1 9.71771E-2 8.11254E-2 1.06089E-1 9.35607E-2 8.09687E-2 6.89323E-2 7.46934E-2
-9999 -9999 -9999 -9999 -9999 -9999 -9999 -9999 -9999 -9999 -9999 3.70875E-1 3.02654E-1 2.75865E-1 2.73234E-1 3.52412E-1 4.14631E-1 5.01115E-1 6.95897E-1 7.91023E-1 7.77076E-1 8.11484E-1 7.48527E-1 7.25643E-1 7.46845E-1 7.74692E-1 8.1343E-1 7.36542E-1 7.50365E-1 7.68185E-1 7.63071E-1 7.51642E-1 6.96272E-1 6.51107E-1 4.55651E-1 3.50256E-1 1.25249E-1 1.24165E-1 1.0955E-1 7.74659E-2 7.00725E-2 7.25057E-2 9.45637E-2 3.42144E-1 4.39409E-1 5.07087E-1 5.36238E-1 5.4312E-1 5.17475E-1 5.38493E-1 3.73089E-1 3.37728E-1 3.41055E-1 3.46775E-1 3.32266E-1 3.07913E-1 2.68169E-1 2.25099E-1 9.04682E-2 5.93895E-2 8.0778E-2 6.82442E-2 6.43777E-2 6.71068E-2 7.51622E-2
-9999 -9999 -9999 -9999 -9999 -9999 -9999 -9999 -9999 -9999 -9999 -9999 3.35325E-1 2.3887E-1 0E0 3.87208E-1 4.70151E-1 4.66962E-1 5.01391E-1 8.00144E-1 8.06413E-1 7.93414E-1 7.62628E-1 7.50685E-1 7.6881E-1 7.82395E-1 8.12703E-1 7.42876E-1 7.59483E-1 7.65053E-1 7.73046E-1 7.68947E-1 7.24938E-1 6.54616E-1 4.64231E-1 3.70955E-1 1.31217E-1 1.05864E-1 9.62778E-2 8.64972E-2 8.27831E-2 8.00495E-2 1.49983E-1 3.18025E-1 3.55434E-1 5.11727E-1 5.87046E-1 6.17325E-1 6.04637E-1 5.84725E-1 5.2481E-1 3.78374E-1 3.56676E-1 3.21681E-1 3.10519E-1 3.12135E-1 2.57758E-1 1.17436E-1 8.06611E-2 4.14048E-2 4.34216E-2 4.24792E-2 4.72574E-2 5.39011E-2 7.75517E-2
-9999 -9999 -9999 -9999 -9999 -9999 -9999 -9999 -9999 -9999 -9999 -9999 -9999 2.73357E-1 3.38422E-1 4.57048E-1 4.59504E-1 4.58487E-1 4.98602E-1 5.45759E-1 6.39701E-1 8.04546E-1 7.90376E-1 7.89131E-1 8.06333E-1 8.06891E-1 8.11219E-1 7.35886E-1 7.5013E-1 7.64811E-1 7.77205E-1 7.60944E-1 -9999 6.73055E-1 4.71497E-1 4.04898E-1 2.72323E-1 1.06934E-1 8.62516E-2 8.52158E-2 8.15205E-2 1.22183E-1 2.77248E-1 3.79222E-1 3.44887E-1 3.7978E-1 6.75316E-1 6.86727E-1 7.02393E-1 5.73791E-1 5.44579E-1 5.16376E-1 3.88197E-1 3.10133E-1 3.68936E-1 3.48578E-1 2.26317E-1 1.02464E-1 5.7328E-2 4.94001E-2 2.95507E-2 3.74882E-2 5.19096E-2 8.07006E-2 9.05595E-2
-9999 -9999 -9999 -9999 -9999 -9999 -9999 -9999 -9999 -9999 -9999 -9999 -9999 -9999 4.25968E-1 4.39583E-1 4.19834E-1 4.30533E-1 4.5226E-1 4.6149E-1 5.30409E-1 5.30236E-1 6.36404E-1 8.07723E-1 8.08956E-1 8.11587E-1 8.23196E-1 7.40552E-1 7.52304E-1 7.72065E-1 7.60214E-1 7.33622E-1 -9999 6.74634E-1 5.97059E-1 3.98193E-1 2.77885E-1 8.6559E-2 3.82643E-2 3.40555E-2 7.04859E-2 8.13229E-2 9.87581E-2 3.08594E-1 4.34502E-1 6.10835E-1 6.16736E-1 6.13236E-1 6.45971E-1 6.22946E-1 5.89997E-1 6.38812E-1 4.84121E-1 3.14254E-1 3.58327E-1 3.36887E-1 2.14898E-1 8.50348E-2 7.48075E-2 3.88807E-2 4.09726E-2 4.91519E-2 6.77418E-2 1.05921E-1 1.40449E-1
-9999 -9999 -9999 -9999 -9999 -9999 -9999 -9999 -9999 -9999 -9999 -9999 -9999 -9999 -9999 4.41188E-1 4.40115E-1 3.88995E-1 3.65099E-1 3.73418E-1 3.21756E-1 4.20161E-1 5.22788E-1 6.38825E-1 6.64169E-1 8.18421E-1 8.15713E-1 8.21272E-1 8.18467E-1 7.17763E-1 6.82717E-1 6.95972E-1 7.07761E-1 6.44345E-1 4.48927E-1 3.58817E-1 1.17267E-1 5.80823E-2 2.55195E-2 2.27457E-2 5.80694E-2 1.06084E-1 2.46071E-1 4.0546E-1 6.0266E-1 6.01865E-1 7.06919E-1 6.26709E-1 6.07967E-1 5.48957E-1 3.7096E-1 4.13668E-1 3.53051E-1 3.21578E-1 3.01993E-1 3.23328E-1 3.0916E-1 8.91073E-2 5.90864E-2 3.9084E-2 4.41882E-2 2.92928E-2 2.65953E-2 5.69283E-2 1.39365E-1
-9999 -9999 -9999 -9999 -9999 -9999 -9999 -9999 -9999 -9999 -9999 -9999 -9999 -9999 -9999 -9999 3.95107E-1 3.67409E-1 3.00981E-1 1.64909E-1 1.74655E-1 2.80334E-1 5.98778E-1 6.38504E-1 6.56921E-1 6.63562E-1 6.62706E-1 6.55161E-1 7.84691E-1 6.87702E-1 6.98879E-1 6.94079E-1 -9999 4.56871E-1 3.94774E-1 1.42705E-1 6.44396E-2 2.02959E-2 1.15172E-2 1.88114E-2 2.83913E-2 8.10502E-2 3.02687E-1 5.80583E-1 6.36414E-1 6.71038E-1 6.34893E-1 5.86355E-1 5.21176E-1 6.11333E-1 4.49209E-1 3.31697E-1 2.58309E-1 3.3695E-1 3.36428E-1 2.92667E-1 2.97213E-1 2.53189E-1 9.53715E-2 8.50906E-2 4.84659E-2 2.23853E-2 3.1708E-2 1.12316E-1 4.01122E-1
-9999 -9999 -9999 -9999 -9999 -9999 -9999 -9999 -9999 -9999 -9999 -9999 -9999 -9999 -9999 -9999 -9999 3.51788E-1 3.09411E-1 1.64952E-1 1.80975E-1 3.36318E-1 4.98438E-1 5.76384E-1 6.303E-1 6.49766E-1 6.51775E-1 6.16162E-1 5.98005E-1 4.90694E-1 4.69975E-1 -9999 -9999 1.6868E-1 6.02869E-2 2.54682E-2 1.91101E-2 8.71319E-3 5.58138E-3 8.39835E-3 2.21272E-2 6.22683E-2 3.9897E-1 6.76605E-1 7.52085E-1 6.84403E-1 6.6098E-1 6.06607E-1 5.63919E-1 5.17918E-1 4.77554E-1 4.7625E-1 4.87107E-1 3.83525E-1 5.28678E-1 4.19776E-1 3.58679E-1 3.18346E-1 1.39092E-1 9.97146E-2 8.03634E-2 1.40974E-1 3.79069E-1 4.75181E-1 4.813E-1
-9999 -9999 -9999 -9999 -9999 -9999 -9999 -9999 -9999 -9999 -9999 -9999 -9999 -9999 -9999 -9999 -9999 -9999 3.31779E-1 3.64369E-1 4.36834E-1 4.75889E-1 4.8201E-1 6.15337E-1 6.45187E-1 6.60347E-1 6.9262E-1 6.69573E-1 5.29428E-1 4.87657E-1 4.53601E-1 -9999 -9999 5.41328E-2 2.83787E-2 1.22086E-2 4.84785E-3 5.33981E-3 2.83304E-3 3.93971E-3 2.34214E-2 8.74448E-2 5.13769E-1 6.75803E-1 7.25882E-1 6.63009E-1 6.43924E-1 6.03621E-1 6.10505E-1 5.59837E-1 5.11032E-1 5.32729E-1 5.78669E-1 5.86145E-1 6.30449E-1 5.68112E-1 5.16896E-1 4.34364E-1 5.83989E-1 5.82837E-1 5.85176E-1 6.3498E-1 6.39592E-1 6.39691E-1 5.42524E-1
-9999 -9999 -9999 -9999 -9999 -9999 -9999 -9999 -9999 -9999 -9999 -9999 -9999 -9999 -9999 -9999 -9999 -9999 -9999 5.04203E-1 6.73105E-1 4.99538E-1 4.02825E-1 5.29614E-1 6.86711E-1 7.22538E-1 7.18898E-1 6.93031E-1 -9999 -9999 -9999 -9999 -9999 -9999 1.48901E-2 4.16153E-3 1.70085E-3 9.60237E-4 5.31946E-4 2.77749E-3 1.31034E-2 8.3222E-2 5.67297E-1 7.02009E-1 6.88317E-1 7.40883E-1 6.28533E-1 5.84551E-1 5.73823E-1 5.34187E-1 4.93903E-1 3.82771E-1 4.17863E-1 5.62138E-1 6.43393E-1 6.78786E-1 6.74227E-1 6.83231E-1 7.03691E-1 6.97491E-1 6.66202E-1 6.73473E-1 6.38728E-1 6.52671E-1 5.19406E-1
