KUENM_DEFAULT/Final_Models/M_1_F_lqpth_Set_1_NE/sp1_3_se_asia.asc
ncols         320
nrows         243
xllcorner     44.0
yllcorner     -0.666666666666667
cellsize      0.166666666666667
NODATA_value  -9999
[rows 31 to 61 of 243, columns 140 to 209 of 320]
2.89072E-4 1.30363E-3 1.28532E-3 1.3524E-3 1.17941E-3 3.0475E-3 2.02591E-3 1.59176E-3 2.16484E-3 8.29122E-3 6.21613E-3 7.51142E-3 6.3968E-2 1.32939E-1 2.02271E-1 2.13002E-1 2.23026E-2 2.17355E-2 2.29238E-1 5.19691E-2 1.77436E-1 1.78736E-1 5.47513E-2 2.01601E-1 1.9568E-1 7.59906E-2 9.05716E-2 1.1324E-1 9.82398E-2 7.69818E-3 8.6163E-3 4.45308E-3 5.04992E-3 1.05162E-3 1.54776E-3 1.24107E-3 3.83882E-4 6.23529E-4 5.75052E-4 1.10897E-3 8.8677E-4 4.86576E-3 1.35881E-3 6.88203E-4 8.12761E-4 9.63506E-4 1.11372E-3 6.68713E-4 1.72717E-5 1.59404E-5 1.6484E-5 2.3784E-5 4.97126E-5 1.35441E-5 4.25579E-5 2.46695E-5 1.7411E-6 1.51258E-6 1.9266E-6 2.51581E-6 8.57962E-6 1.9324E-5 4.02064E-6 1.55853E-6 2.2929E-6 4.08584E-6 -9999 -9999 -9999 -9999
2.02797E-4 1.74125E-4 1.38058E-4 1.50299E-4 2.77779E-4 2.56383E-3 3.17004E-3 7.12178E-3 2.23713E-3 1.71646E-2 1.46254E-2 5.93772E-2 3.9621E-2 4.65874E-2 8.11943E-2 9.66383E-2 1.48512E-1 2.26333E-2 9.05085E-3 1.21274E-2 2.34004E-2 5.13606E-2 1.80742E-1 1.87388E-1 2.40543E-1 1.94829E-1 2.91524E-1 3.52233E-1 2.99675E-1 1.16617E-1 6.31441E-2 1.51448E-2 7.92936E-3 2.90723E-3 1.98844E-3 1.53429E-3 1.57727E-3 1.4389E-3 5.99799E-3 6.16004E-4 1.20848E-3 1.18084E-2 7.10578E-3 9.39774E-3 9.45287E-4 6.39318E-4 4.82537E-4 5.16647E-4 3.09348E-5 4.49551E-5 5.52819E-5 3.40164E-5 2.60477E-5 1.73426E-5 2.70363E-5 3.19856E-5 2.88472E-5 4.60621E-6 1.71801E-6 1.95212E-6 2.25942E-6 2.76221E-6 1.09011E-5 3.38068E-6 2.24248E-6 5.09455E-6 2.40343E-6 5.47752E-6 3.11572E-6 -9999
7.02464E-5 2.84642E-4 3.17499E-4 2.08678E-4 2.29177E-4 2.92995E-4 9.05561E-4 1.09154E-2 1.22391E-2 2.87279E-3 1.52396E-3 4.2417E-2 6.69971E-3 9.69671E-3 3.66933E-2 4.40312E-2 9.4857E-2 1.32089E-1 3.34852E-2 2.53889E-2 1.28968E-2 2.1531E-2 3.02892E-2 1.99976E-1 2.40337E-1 3.30678E-1 3.65792E-1 4.63024E-1 6.76388E-1 4.04188E-1 2.70404E-1 1.04923E-1 1.02401E-2 1.16102E-2 3.64285E-3 1.68052E-3 1.45093E-3 3.33352E-3 5.09868E-4 1.80463E-4 3.99558E-4 4.98938E-3 1.40803E-2 1.88119E-2 8.67859E-3 1.05465E-3 6.47286E-4 7.55336E-4 5.47683E-4 3.20421E-5 7.33397E-6 3.77055E-5 7.92243E-6 3.46198E-6 2.5889E-6 8.10718E-6 1.10798E-5 2.03383E-5 1.5271E-5 1.98882E-5 7.07439E-6 5.54079E-6 3.9437E-6 6.07802E-6 5.73749E-6 4.80784E-6 3.84333E-6 3.76295E-6 4.21102E-6 4.05139E-6
8.00373E-5 2.37252E-4 3.216E-4 2.26135E-4 2.67026E-4 3.53591E-4 8.71397E-4 1.26285E-3 4.79203E-3 1.05422E-3 1.4567E-3 3.52903E-2 3.56162E-3 9.17518E-3 6.86155E-3 1.90075E-3 3.87378E-3 1.15542E-2 2.66904E-2 6.89194E-2 1.0279E-1 1.25593E-1 1.4915E-1 1.36141E-1 5.02106E-2 7.19484E-2 4.04378E-1 4.1035E-1 2.48929E-1 4.64127E-1 4.26924E-1 3.66346E-1 1.55744E-1 1.40269E-1 7.26276E-3 2.62158E-3 4.47388E-4 1.95862E-2 4.05278E-3 1.74913E-3 1.79631E-3 6.20581E-4 1.23008E-3 1.28353E-2 1.82391E-2 8.42388E-3 6.5931E-4 5.91151E-4 7.37978E-4 5.45863E-4 1.31208E-5 3.59117E-5 2.77336E-6 2.3219E-6 1.30491E-6 2.05387E-6 1.62419E-6 5.47062E-6 3.90628E-6 1.5414E-5 1.12919E-5 4.64663E-5 1.09008E-5 3.93408E-6 7.62348E-6 7.2372E-6 4.2478E-6 3.28223E-6 -9999 -9999
8.33333E-4 3.35536E-4 3.6907E-4 3.67555E-4 4.16851E-4 4.86023E-4 8.80724E-4 1.18353E-3 1.72915E-3 9.59161E-4 4.54362E-3 1.15828E-2 5.57031E-3 1.87234E-2 2.56306E-2 2.12818E-2 1.61394E-2 5.65698E-3 2.86054E-3 3.8526E-3 1.06877E-2 3.4518E-2 1.06908E-1 1.40631E-1 2.79828E-1 3.37069E-1 3.16132E-1 3.14889E-1 3.72229E-1 4.95361E-1 4.97037E-1 3.97319E-1 2.08218E-1 1.46489E-1 9.71733E-3 5.61276E-3 3.49202E-3 3.48565E-2 3.2645E-2 2.78125E-3 1.97295E-3 1.76355E-4 2.25939E-4 2.13891E-4 7.33568E-3 1.75128E-2 8.47704E-3 2.98049E-4 6.32337E-4 8.28987E-4 5.09085E-5 1.28989E-5 6.7817E-6 2.78336E-6 1.85291E-6 7.79334E-6 4.74883E-6 7.3888E-6 1.34453E-5 1.94648E-5 6.74283E-6 5.25609E-6 3.33451E-5 4.53657E-6 4.09901E-6 5.5478E-6 5.68855E-6 6.42842E-6 2.96746E-6 -9999
8.90449E-5 2.68565E-3 3.60339E-4 3.96724E-4 4.4253E-4 3.98528E-4 2.27765E-3 1.11602E-3 1.36835E-3 1.82386E-3 1.03525E-2 7.72454E-3 1.38259E-2 2.78988E-2 4.02112E-2 3.06467E-2 3.78113E-2 6.0856E-2 3.23771E-2 1.30494E-2 1.62042E-2 2.00782E-2 6.08253E-2 1.2417E-1 1.31497E-1 2.14102E-1 1.95107E-1 2.83173E-1 3.77686E-1 3.91123E-1 4.59174E-1 4.24767E-1 2.88962E-1 1.38814E-1 2.43104E-2 2.50952E-2 4.22633E-2 4.95519E-2 3.28051E-2 4.4006E-2 4.07867E-2 1.14184E-2 8.59006E-5 2.24035E-4 2.14697E-4 6.84357E-3 1.56387E-2 8.42679E-3 5.8583E-4 7.18769E-4 9.44842E-4 6.02882E-4 9.00007E-6 3.15878E-6 4.3639E-6 3.24814E-6 8.50895E-6 2.23552E-5 2.99263E-6 6.07517E-6 4.49062E-6 3.36563E-6 1.22935E-5 1.28144E-5 4.25807E-6 3.50717E-6 4.5728E-6 6.37244E-6 8.7337E-6 -9999
1.23609E-4 2.37503E-3 3.93889E-4 4.13376E-4 4.57902E-4 1.99355E-3 3.75519E-4 1.22987E-3 7.11608E-4 1.08439E-3 1.3752E-3 1.85281E-3 1.43634E-2 1.73168E-2 4.53476E-2 8.19253E-2 8.8994E-2 1.10719E-1 9.53388E-2 4.6128E-2 7.08958E-2 8.8643E-2 1.92769E-1 1.95428E-1 2.38826E-1 2.33439E-1 2.47937E-1 3.91755E-1 4.38097E-1 3.5706E-1 3.83251E-1 3.62698E-1 3.29953E-1 3.58678E-1 3.02985E-1 9.37711E-2 3.24158E-2 3.07504E-2 7.12902E-2 6.81305E-2 5.18113E-2 2.33486E-2 2.89334E-4 1.97257E-4 7.78884E-5 1.91294E-4 1.80267E-3 9.24021E-4 1.47574E-4 5.61823E-4 8.60551E-4 8.59733E-4 3.57755E-5 1.08009E-5 4.60184E-6 4.03475E-6 2.3286E-5 4.00188E-5 1.16249E-5 4.94273E-6 7.26526E-6 4.68944E-6 5.50258E-6 4.6917E-6 9.96662E-6 5.02604E-6 4.4005E-6 6.2592E-6 9.25471E-6 -9999
1.41013E-4 4.53892E-4 3.97661E-4 4.87353E-4 1.23539E-3 3.56352E-4 4.33513E-4 4.79462E-4 1.80449E-3 3.13371E-3 1.68472E-3 1.12201E-2 3.91299E-2 3.7418E-2 6.04022E-2 1.07161E-1 1.5608E-1 1.25315E-1 1.74033E-1 1.97711E-1 1.81824E-1 2.25101E-1 2.62636E-1 2.72442E-1 3.26865E-1 3.5368E-1 3.60688E-1 4.61695E-1 3.80375E-1 3.1032E-1 3.93836E-1 3.52326E-1 5.36084E-1 5.10305E-1 4.26253E-1 3.53934E-1 3.00146E-1 5.33721E-2 3.58664E-2 8.7002E-2 5.99586E-2 4.08191E-2 1.72956E-2 2.19929E-4 3.073E-4 1.36926E-4 1.01179E-4 1.76349E-4 3.58112E-4 2.08256E-4 4.08375E-4 9.96781E-4 4.55853E-4 6.11563E-4 5.81593E-5 4.2054E-6 2.26428E-5 5.00873E-5 6.98963E-6 1.09319E-5 6.84601E-6 7.24786E-6 6.41678E-6 7.23027E-6 6.58432E-6 7.31501E-6 6.22625E-6 5.91405E-6 6.05275E-6 -9999
2.25314E-4 1.51314E-4 1.51722E-4 1.47726E-4 3.81713E-4 4.55298E-4 2.45987E-4 2.4282E-4 3.69565E-4 2.79599E-3 1.55678E-3 1.04981E-2 3.6657E-2 7.0267E-2 9.97198E-2 1.10078E-1 9.6065E-2 1.78979E-1 3.24602E-2 2.97613E-2 1.90491E-1 1.87865E-1 1.99028E-1 2.42093E-1 2.5122E-1 2.88966E-1 3.60294E-1 3.39127E-1 3.56271E-1 3.50532E-1 3.40544E-1 4.3061E-1 5.85741E-1 5.78705E-1 5.16535E-1 4.79232E-1 4.52905E-1 3.49775E-1 1.03029E-1 3.40428E-2 9.73197E-2 9.08749E-2 6.28687E-2 2.20702E-2 4.08483E-3 1.40107E-3 1.46894E-3 1.18806E-3 1.55583E-4 1.42496E-4 3.00468E-4 5.88924E-4 7.18306E-4 8.37885E-4 4.06458E-5 1.78231E-5 5.59895E-6 2.12484E-5 2.23124E-5 1.983E-5 2.08343E-5 1.42358E-5 1.24264E-5 8.61369E-6 8.59162E-6 7.39836E-6 8.20583E-6 1.18109E-5 8.90782E-6 1.43243E-5
3.26405E-4 2.77208E-4 3.11313E-4 4.4107E-4 4.97289E-4 4.57356E-4 3.99867E-4 2.00962E-3 3.39103E-4 1.20934E-3 1.39272E-3 2.49878E-3 3.84779E-2 4.01541E-2 5.08593E-2 9.87633E-2 1.65068E-1 4.15388E-2 2.23255E-2 2.06332E-2 2.59775E-2 3.30582E-2 2.18661E-1 1.53341E-1 1.89066E-1 2.56125E-1 3.37142E-1 3.70593E-1 4.0656E-1 3.80138E-1 3.34678E-1 3.17372E-1 4.38887E-1 5.93971E-1 5.55781E-1 5.55582E-1 5.14084E-1 4.44486E-1 3.63909E-1 1.16551E-1 2.48669E-1 8.07997E-2 6.58869E-2 4.16924E-2 2.34192E-2 4.68186E-3 1.87712E-3 9.34261E-4 8.90827E-4 1.8746E-3 2.54081E-4 1.93062E-4 5.29487E-4 6.4964E-4 7.95946E-4 6.17913E-5 1.70686E-5 3.85781E-5 2.00515E-5 2.62871E-5 1.73551E-5 2.17435E-5 1.42152E-5 1.14223E-5 7.14679E-6 9.52649E-6 7.04493E-6 1.2227E-5 2.56523E-5 1.25381E-5
3.56864E-4 3.85866E-4 4.56367E-4 5.37346E-4 5.30466E-4 4.41246E-4 2.95857E-4 3.52353E-4 9.30121E-4 1.27443E-3 1.87286E-3 3.58628E-3 8.02958E-3 1.26036E-2 1.0197E-1 1.17121E-1 3.65178E-2 3.45743E-2 2.36987E-2 5.70273E-2 6.73556E-2 3.45023E-2 1.96401E-1 5.56416E-2 1.58317E-1 6.54316E-1 3.01304E-1 3.7995E-1 3.13564E-1 3.21679E-1 3.24166E-1 3.13863E-1 3.2546E-1 4.74116E-1 5.9175E-1 6.22025E-1 6.02656E-1 5.42169E-1 4.73003E-1 4.07865E-1 1.40491E-1 1.08881E-1 7.7745E-2 4.62436E-2 2.68546E-2 1.52589E-2 6.93595E-3 1.44391E-3 1.97772E-4 9.65685E-5 1.09535E-4 1.06952E-4 1.20866E-4 1.44123E-4 5.94047E-4 3.91706E-4 3.55467E-5 2.90284E-5 2.99373E-5 2.49513E-5 2.99575E-5 4.24058E-5 2.28547E-5 1.78807E-5 1.53568E-5 1.79709E-5 1.30836E-5 1.21827E-5 1.39261E-5 2.47216E-5
5.39913E-4 6.10163E-4 6.602E-4 6.09915E-4 5.95812E-4 5.30126E-4 3.77801E-4 3.23331E-4 9.13117E-4 1.37881E-3 1.83342E-3 3.80909E-3 6.58555E-3 3.91313E-2 2.41564E-2 5.7694E-2 1.34799E-1 3.22536E-2 2.5538E-2 6.09897E-2 7.13921E-2 8.66932E-2 3.45084E-2 1.48188E-1 2.46882E-1 3.12301E-1 2.66523E-1 3.39731E-1 2.9988E-1 2.87617E-1 2.65143E-1 2.74794E-1 2.75529E-1 2.95483E-1 4.57726E-1 6.37717E-1 6.59423E-1 8.38273E-1 8.1438E-1 7.81541E-1 7.43399E-1 6.82554E-1 3.08929E-1 2.03044E-1 1.36093E-1 2.64107E-2 1.09318E-2 3.66009E-3 1.03932E-3 1.56194E-4 1.00038E-4 7.6763E-5 1.02485E-4 8.75115E-5 4.91142E-4 5.3416E-4 5.72183E-4 3.57124E-5 8.34713E-5 1.11521E-4 4.28758E-5 3.14435E-5 3.66675E-5 2.71569E-5 2.62655E-5 2.87809E-5 3.50972E-5 3.08624E-5 1.19443E-5 3.42518E-5
8.02223E-4 7.25841E-4 6.48952E-4 6.9759E-4 6.74812E-4 5.86646E-4 3.78079E-4 3.21897E-4 3.92799E-4 6.0092E-4 2.4728E-3 4.39467E-3 4.53517E-3 2.34601E-2 3.82557E-2 8.03978E-2 1.30994E-1 1.59945E-1 2.57995E-2 6.36823E-2 6.91422E-2 8.37022E-2 1.00516E-1 1.95928E-1 4.29858E-1 1.09832E-1 1.1741E-1 2.50544E-1 2.40106E-1 2.16175E-1 3.05595E-1 5.24949E-1 6.00096E-1 6.13328E-1 8.3453E-1 8.16742E-1 8.51432E-1 8.54539E-1 8.34735E-1 8.07904E-1 8.13E-1 7.65972E-1 6.94388E-1 6.62412E-1 2.30507E-1 1.77393E-1 3.56651E-2 1.27855E-2 5.16174E-3 2.59246E-3 1.38353E-3 6.85086E-4 1.09522E-4 5.49292E-5 1.06436E-4 4.40455E-4 4.34701E-4 5.64686E-4 5.79053E-4 8.61183E-4 6.12489E-5 6.34619E-5 5.0156E-5 3.85016E-5 3.97768E-5 2.95719E-5 2.8897E-5 4.8741E-5 2.25725E-5 2.66689E-5
9.21463E-4 6.3406E-4 7.23227E-4 7.56309E-4 6.92339E-4 7.15843E-4 3.48442E-4 4.03533E-4 4.16894E-4 6.86343E-4 6.95433E-3 4.07649E-3 6.11052E-3 6.40162E-3 8.55965E-3 1.33504E-2 2.04657E-2 2.08481E-2 5.56591E-2 6.265E-2 2.16971E-2 2.41644E-2 2.64533E-2 3.33448E-2 8.03405E-2 9.09673E-2 1.13193E-1 1.02714E-1 6.70572E-2 1.80684E-1 6.66853E-1 6.62724E-1 6.57522E-1 9.32683E-1 8.19385E-1 8.02829E-1 7.87539E-1 7.65747E-1 8.45637E-1 8.2747E-1 8.08964E-1 8.09301E-1 5.49894E-1 4.98836E-1 6.83034E-1 5.61254E-1 1.93979E-1 5.37842E-2 2.81931E-2 9.95646E-3 5.37852E-3 8.64737E-4 4.90084E-5 5.05438E-5 5.14554E-5 8.68238E-5 4.32786E-4 4.62754E-4 5.36909E-4 5.38871E-4 5.75939E-4 7.79152E-4 7.23656E-4 9.85919E-4 7.71947E-5 4.39418E-5 4.86114E-5 -9999 -9999 2.43767E-5
8.44955E-4 8.67907E-4 7.74138E-4 6.78185E-4 6.96344E-4 6.5847E-4 3.13402E-4 1.00163E-3 1.4262E-3 7.36469E-4 1.14467E-3 1.29452E-3 1.4603E-3 2.24062E-3 8.22217E-3 1.23545E-2 1.69411E-2 1.88788E-2 5.46163E-2 6.27027E-2 2.08682E-2 2.1905E-2 2.43592E-2 1.52163E-1 6.14736E-2 6.7845E-2 8.77541E-2 9.87086E-2 1.39686E-1 1.58429E-1 2.21097E-1 2.31102E-1 2.23658E-1 6.26715E-1 4.1507E-1 8.21872E-1 7.68058E-1 7.93595E-1 7.79865E-1 7.55254E-1 8.05986E-1 8.15001E-1 7.85035E-1 8.04308E-1 7.21473E-1 6.43778E-1 5.63775E-1 8.8337E-2 6.55321E-2 3.42995E-2 1.06937E-2 2.76102E-3 2.55645E-4 2.91419E-5 6.0111E-5 8.4586E-5 3.39327E-4 3.72742E-4 3.43576E-4 9.44788E-5 2.0416E-3 6.07535E-4 4.95355E-4 7.5759E-4 1.08132E-3 9.69605E-4 9.18897E-5 -9999 -9999 -9999
9.67612E-4 8.17754E-4 6.59025E-4 7.15699E-4 3.50122E-4 3.71691E-4 3.88768E-4 4.10476E-4 5.20716E-4 1.76835E-3 9.25838E-4 1.35151E-3 1.65282E-3 2.13776E-3 3.59096E-3 1.25936E-2 1.72623E-2 5.84354E-2 6.30695E-2 6.7465E-2 6.92371E-2 6.16481E-2 6.44871E-2 1.47455E-1 4.84226E-2 6.42194E-2 7.20716E-2 8.02202E-2 1.13202E-1 1.33437E-1 1.97208E-1 2.16948E-1 2.19123E-1 5.43369E-1 3.14707E-1 3.33269E-1 3.54279E-1 7.7742E-1 7.60018E-1 7.28253E-1 8.1354E-1 7.8649E-1 8.00739E-1 7.8502E-1 4.936E-1 5.00694E-1 3.70666E-1 3.26044E-1 8.58338E-2 7.1809E-2 2.59812E-2 6.52297E-3 1.90747E-3 2.32667E-4 2.95682E-5 6.66097E-5 6.55368E-5 7.95404E-5 7.12281E-5 8.56138E-5 3.37263E-4 7.79198E-4 4.2775E-4 9.45113E-4 1.30697E-3 1.54479E-3 1.02161E-3 1.64888E-3 -9999 -9999
8.43186E-4 9.1507E-4 9.70495E-4 7.9452E-4 7.74122E-4 3.86274E-4 4.68354E-4 5.34629E-4 5.86424E-4 4.69859E-3 8.84039E-4 1.43761E-3 1.91866E-3 2.06578E-3 2.39824E-2 9.26544E-3 1.77179E-2 1.77716E-2 1.28963E-1 1.41367E-1 6.06491E-2 5.08902E-2 6.41609E-2 1.93388E-2 4.78962E-2 5.43031E-2 5.80723E-2 7.43912E-2 8.76638E-2 1.11474E-1 1.31489E-1 1.43769E-1 1.44189E-1 2.84917E-1 2.77791E-1 2.35093E-1 2.56536E-1 2.86832E-1 7.29935E-1 7.44128E-1 7.12393E-1 7.99396E-1 7.71343E-1 7.87913E-1 5.00666E-1 4.6483E-1 4.0804E-1 3.42331E-1 3.1271E-1 1.03868E-1 4.44114E-2 1.08094E-2 2.39965E-3 1.71198E-3 3.66418E-4 5.12261E-4 1.68062E-3 2.31348E-4 1.18699E-4 9.47332E-5 8.54145E-5 2.81813E-4 7.22756E-4 7.34952E-4 9.53548E-4 1.04364E-3 7.40029E-4 2.12065E-3 -9999 -9999
1.22501E-3 8.66543E-4 1.12586E-3 9.83846E-4 4.73049E-4 5.16735E-4 4.7946E-4 5.84572E-4 6.3626E-4 7.24008E-4 9.43198E-4 3.16496E-3 1.78135E-3 1.44543E-2 7.30652E-3 8.4061E-3 1.69161E-2 1.90668E-2 1.97765E-2 2.03327E-2 2.00153E-2 1.95098E-2 3.01509E-2 2.97706E-2 3.32236E-2 4.35991E-2 4.82478E-2 5.31424E-2 6.00911E-2 7.34985E-2 1.0547E-1 1.15672E-1 3.97931E-1 2.07324E-1 1.99589E-1 2.11296E-1 2.25673E-1 2.5774E-1 7.3703E-1 7.09856E-1 7.19264E-1 7.65103E-1 7.67343E-1 4.722E-1 4.8457E-1 4.53123E-1 4.34469E-1 3.37138E-1 3.25896E-1 6.06716E-1 8.20319E-2 1.86428E-2 2.55252E-3 2.55605E-3 3.68243E-3 1.70598E-3 2.68112E-3 8.48099E-4 3.95427E-4 2.01054E-4 7.46645E-5 2.59766E-4 1.35114E-3 7.33289E-4 7.71011E-4 8.86188E-4 1.43784E-3 1.99292E-3 -9999 -9999
1.0921E-3 1.28442E-3 1.09909E-3 1.04075E-3 4.68307E-4 5.23244E-4 4.67286E-4 5.80809E-4 6.54162E-4 7.98202E-4 2.63758E-3 3.56608E-3 5.70792E-3 7.15949E-3 5.73253E-3 7.45232E-3 1.20676E-2 5.41773E-3 2.03422E-2 2.08089E-2 1.95103E-2 1.49283E-2 2.74919E-2 2.99171E-2 2.90632E-2 3.9491E-2 4.30163E-2 4.55004E-2 5.2055E-2 6.18968E-2 7.12768E-2 3.56222E-1 2.02379E-1 1.92814E-1 1.90854E-1 1.91195E-1 1.99397E-1 2.24987E-1 2.76541E-1 7.26302E-1 6.87932E-1 7.7013E-1 7.25802E-1 4.79959E-1 4.45797E-1 4.72881E-1 4.16244E-1 3.78202E-1 3.90324E-1 6.19977E-1 5.74118E-1 7.16615E-2 3.11187E-2 1.9377E-2 9.47013E-3 9.65637E-3 5.11323E-3 3.69061E-3 4.83407E-4 9.05324E-5 8.59027E-5 7.84392E-5 1.19711E-4 1.45066E-4 4.77342E-4 5.43022E-4 1.88031E-3 8.78411E-4 9.94694E-4 -9999
1.02871E-3 1.08211E-3 4.64194E-4 4.45685E-4 5.05022E-4 4.34296E-4 5.7337E-4 5.44693E-4 5.44684E-4 1.93194E-3 2.21084E-3 4.24631E-3 6.00592E-3 6.15383E-3 6.09757E-3 7.87125E-3 1.16924E-2 5.34156E-3 2.02125E-2 3.10644E-2 3.09435E-2 3.04194E-2 3.1013E-2 3.05339E-2 3.02469E-2 2.89184E-2 3.16406E-2 4.1075E-2 4.62E-2 5.17212E-2 2.9369E-1 1.79984E-1 1.99014E-1 2.08191E-1 2.06116E-1 1.9229E-1 1.83918E-1 2.05016E-1 2.46365E-1 7.38787E-1 7.11383E-1 6.6915E-1 7.63147E-1 7.51959E-1 5.11697E-1 5.0295E-1 4.806E-1 4.29862E-1 6.64853E-1 6.73218E-1 6.33004E-1 5.97777E-1 7.92842E-2 5.90844E-2 3.3716E-2 2.08479E-2 1.29161E-2 1.38726E-3 4.92068E-4 2.85714E-4 3.6082E-4 4.11651E-4 1.61124E-4 7.02197E-5 2.53016E-4 3.64611E-4 6.7485E-4 7.5344E-4 7.78681E-4 -9999
1.18878E-3 9.67231E-4 4.55399E-4 4.93306E-4 4.68387E-4 5.2619E-4 4.28546E-4 5.38259E-4 5.49501E-4 4.7712E-3 6.9974E-3 9.82745E-3 5.46707E-3 5.00063E-3 6.5814E-3 7.33892E-3 1.0202E-2 4.99241E-3 1.61029E-2 3.10396E-2 3.11515E-2 3.42755E-2 3.12202E-2 2.93174E-2 2.87569E-2 2.68649E-2 2.67835E-2 2.89321E-2 3.04357E-2 3.66241E-2 2.29413E-1 1.7279E-1 2.12077E-1 2.34048E-1 2.19024E-1 1.92887E-1 1.75899E-1 1.54366E-1 1.81549E-1 2.18969E-1 7.36389E-1 7.14924E-1 6.92331E-1 7.12161E-1 5.64379E-1 5.58776E-1 7.97281E-1 7.58006E-1 7.18047E-1 6.86627E-1 7.32783E-1 6.74803E-1 5.71984E-1 8.25626E-2 2.13716E-1 3.57649E-2 1.42181E-2 1.90201E-3 2.49594E-3 8.79832E-4 2.94663E-4 1.70017E-4 1.97832E-4 1.47799E-4 1.30305E-4 7.21183E-5 5.49115E-4 5.57252E-4 5.93163E-4 7.00784E-4
8.88188E-4 3.66627E-4 4.41165E-4 4.4206E-4 5.10586E-4 4.26594E-4 4.55122E-4 4.5341E-4 5.75534E-4 4.43464E-3 9.98176E-4 1.59911E-3 4.25773E-3 5.08138E-3 5.64519E-3 8.32512E-3 1.04216E-2 5.18816E-3 1.59272E-2 1.71637E-2 3.46671E-2 3.61602E-2 3.33856E-2 3.00559E-2 2.62603E-2 2.51804E-2 2.35297E-2 2.40702E-2 2.61673E-2 1.70127E-1 2.10909E-1 1.39373E-1 2.32026E-1 2.58713E-1 2.24126E-1 1.88829E-1 1.73396E-1 1.46086E-1 1.59139E-1 1.87535E-1 2.07877E-1 2.80895E-1 7.36212E-1 7.42235E-1 7.12353E-1 7.83411E-1 7.77563E-1 7.62702E-1 7.76596E-1 7.53947E-1 7.2808E-1 7.1155E-1 6.26514E-1 5.53128E-1 2.69362E-1 2.16637E-1 2.25137E-2 9.3154E-3 2.00564E-3 9.64792E-4 5.21293E-4 1.93095E-4 2.37412E-4 1.8063E-4 2.726E-4 1.49073E-4 6.36986E-5 4.76683E-4 2.23607E-4 6.82347E-4
4.23556E-4 3.28957E-4 4.30394E-4 5.25009E-4 5.82292E-4 4.67449E-4 4.64017E-4 4.76666E-4 6.07835E-4 7.11175E-4 1.03372E-3 7.7811E-3 4.194E-3 4.68834E-3 6.225E-3 8.62338E-3 9.07201E-3 4.7877E-3 2.82479E-2 3.28362E-2 3.33985E-2 3.5657E-2 3.33173E-2 2.84105E-2 2.64381E-2 2.43209E-2 2.05312E-2 2.20075E-2 2.23973E-2 1.49676E-1 1.86086E-1 1.22984E-1 2.37785E-1 2.61565E-1 2.08887E-1 1.75277E-1 1.61047E-1 1.33506E-1 1.4278E-1 1.577E-1 1.71025E-1 1.89388E-1 2.80425E-1 7.59613E-1 7.21207E-1 8.61591E-1 8.5802E-1 8.9732E-1 8.85074E-1 7.72914E-1 7.35145E-1 7.25118E-1 6.30014E-1 5.70211E-1 5.71583E-1 2.79788E-1 5.4166E-2 1.01214E-2 1.4769E-3 1.29244E-3 4.89849E-4 5.15893E-4 5.74363E-4 5.5496E-4 5.33022E-4 2.11165E-4 1.18902E-4 7.75203E-5 7.28105E-5 4.36278E-4
3.83673E-4 4.54155E-4 5.86425E-4 6.24467E-4 5.53884E-4 4.93411E-4 5.30999E-4 5.22079E-4 6.31897E-4 7.54486E-4 9.11019E-4 1.3628E-3 4.42848E-3 5.44679E-3 8.78848E-3 1.0364E-2 9.83284E-3 9.89573E-3 3.58171E-2 1.59383E-2 3.2148E-2 3.14521E-2 2.80727E-2 2.65993E-2 2.39184E-2 2.33502E-2 2.09738E-2 1.90017E-2 1.75433E-2 2.23266E-2 1.68388E-1 1.05451E-1 1.76899E-1 1.57581E-1 1.09117E-1 1.20401E-1 1.19583E-1 1.48398E-1 1.27768E-1 1.3686E-1 1.4395E-1 1.60595E-1 4.46741E-1 8.71114E-1 4.47904E-1 4.39885E-1 4.32597E-1 4.18341E-1 4.80725E-1 4.86167E-1 8.54901E-1 7.23266E-1 6.61273E-1 5.89515E-1 5.7004E-1 5.48647E-1 2.48517E-1 2.99699E-2 3.57697E-3 7.2188E-4 5.14586E-4 4.1554E-4 3.05954E-4 2.71003E-4 2.63123E-4 3.27037E-4 4.43716E-4 1.51403E-4 5.90146E-5 4.96094E-5
3.92148E-4 1.84279E-3 7.43149E-4 3.16818E-4 4.06822E-4 3.77579E-4 3.55834E-4 4.41065E-4 5.13282E-4 7.31992E-4 1.06124E-3 1.48582E-3 1.83637E-3 1.85567E-2 2.63886E-2 1.31263E-2 1.326E-2 9.91235E-3 5.44028E-3 2.87045E-2 2.89148E-2 2.72458E-2 2.48278E-2 2.35445E-2 2.43513E-2 2.31654E-2 2.16726E-2 1.77093E-2 1.89246E-2 2.09865E-2 1.59898E-1 1.86607E-1 1.07057E-1 1.11654E-1 8.77766E-2 8.24991E-2 1.04758E-1 1.1259E-1 2.48376E-1 4.57144E-2 4.76995E-2 5.16856E-2 7.52862E-2 1.0508E-1 4.82106E-1 4.82765E-1 4.75065E-1 4.54951E-1 4.07939E-1 4.5052E-1 4.66104E-1 7.16937E-1 6.64872E-1 6.15496E-1 5.32303E-1 5.70079E-1 5.25202E-1 1.80407E-1 2.21981E-2 2.51756E-3 7.17639E-4 6.42055E-4 4.7417E-4 1.17019E-4 9.65333E-5 1.48431E-4 2.51423E-4 3.32476E-4 1.26705E-4 7.36745E-5
3.42055E-4 2.33373E-3 7.54085E-4 7.46746E-4 3.71735E-4 4.5385E-4 4.24565E-4 4.89824E-4 6.79688E-4 1.00487E-3 1.63944E-3 1.95974E-3 2.44647E-3 2.88695E-3 1.10322E-2 2.41899E-2 2.46639E-2 1.0224E-2 5.35361E-3 1.37298E-2 1.30987E-2 2.47349E-2 2.36279E-2 2.31748E-2 2.32146E-2 1.91382E-2 1.93413E-2 1.87001E-2 1.90293E-2 2.08242E-2 2.32272E-2 2.6149E-2 1.86541E-1 7.49529E-2 7.22985E-2 6.99733E-2 1.56993E-1 3.45304E-2 4.05278E-2 5.93551E-2 5.09478E-2 5.20993E-2 7.07082E-2 1.23135E-1 5.05056E-1 4.51329E-1 9.67543E-2 4.44803E-1 3.89633E-1 4.87407E-1 4.60463E-1 8.42405E-1 6.42796E-1 5.81785E-1 5.76725E-1 6.24259E-1 5.55581E-1 1.91937E-1 1.08236E-1 5.54295E-2 4.60325E-3 1.95917E-3 1.91662E-3 5.75493E-4 1.48769E-4 6.72843E-5 7.47633E-4 4.73011E-4 4.186E-4 5.7228E-4
3.67186E-4 6.15022E-4 8.15139E-4 5.54069E-4 4.15754E-4 5.05466E-4 7.73218E-4 8.42854E-4 1.18426E-3 1.67293E-3 2.85474E-3 3.24476E-3 3.19701E-3 3.42217E-3 1.06332E-2 2.94196E-2 2.24028E-2 1.11255E-2 1.72589E-2 1.22811E-2 1.15045E-2 1.13192E-2 1.11403E-2 2.00707E-2 1.98032E-2 1.30341E-1 1.96664E-2 1.97091E-2 1.9331E-2 2.05407E-2 2.21155E-2 2.47209E-2 2.60193E-2 2.1982E-2 1.40259E-1 1.40888E-1 2.24768E-2 3.15914E-2 3.82874E-2 5.51968E-2 4.63872E-2 5.11264E-2 7.1231E-2 1.24446E-1 5.18409E-1 4.5793E-1 9.06524E-2 7.85589E-2 3.61348E-1 3.72233E-1 3.5357E-1 4.15316E-1 6.38909E-1 6.43726E-1 6.11054E-1 6.07704E-1 5.45363E-1 4.57873E-1 1.74929E-1 1.29639E-1 5.1342E-2 6.4297E-3 3.45178E-3 1.74068E-3 1.17043E-3 3.33398E-4 5.82761E-4 2.09542E-3 5.64078E-3 3.86795E-3
5.73373E-4 2.34065E-3 3.7182E-3 6.88406E-3 2.25728E-3 7.47313E-4 8.74494E-4 2.33406E-3 3.19209E-3 3.47462E-3 3.88182E-3 4.21936E-3 5.01249E-3 9.86509E-3 6.85006E-2 8.93277E-2 2.79954E-2 1.27988E-2 1.49985E-2 1.25024E-2 2.19668E-2 1.08577E-2 1.07691E-2 1.9726E-2 1.93097E-2 1.95768E-2 1.95228E-2 1.48466E-2 1.9263E-2 1.93321E-2 2.53667E-2 2.71882E-2 3.02351E-2 2.09246E-2 2.04908E-2 2.01734E-2 2.75076E-2 3.10205E-2 3.76763E-2 5.21906E-2 4.39936E-2 4.92067E-2 6.55229E-2 1.15485E-1 1.12349E-1 4.72341E-1 8.83402E-2 3.88528E-1 3.66563E-1 4.00787E-1 3.79609E-1 3.80063E-1 7.53837E-1 6.15765E-1 6.60396E-1 6.80798E-1 6.11405E-1 5.34288E-1 4.50686E-1 1.43251E-1 7.97278E-2 3.85952E-2 1.24736E-2 9.55122E-3 3.49509E-3 5.23385E-3 1.7688E-3 2.29265E-3 5.22111E-4 5.79718E-4
9.64156E-4 2.74845E-3 1.59849E-2 5.91665E-3 7.11217E-3 4.11421E-3 2.52171E-3 3.30096E-3 3.65509E-3 2.76566E-3 3.15883E-3 3.46952E-3 4.48349E-3 1.25725E-2 1.42255E-2 3.47396E-2 1.01248E-2 4.152E-2 1.61175E-2 2.58123E-2 2.29731E-2 2.19191E-2 2.11993E-2 2.22358E-2 1.84832E-2 1.46502E-2 1.46293E-2 1.46498E-2 1.44605E-2 2.22235E-2 2.45471E-2 2.75693E-2 2.90763E-2 2.44849E-2 2.00029E-2 1.95432E-2 2.66489E-2 3.08514E-2 3.59307E-2 4.6775E-2 4.178E-2 4.57267E-2 5.49232E-2 7.21095E-2 8.93712E-2 9.97341E-2 8.54699E-2 4.08545E-1 3.86542E-1 3.85284E-1 3.68385E-1 3.43416E-1 3.18399E-1 6.15974E-1 6.99491E-1 6.98588E-1 6.81446E-1 5.94218E-1 5.03535E-1 1.74893E-1 8.85702E-2 5.92551E-2 6.6206E-2 2.40122E-2 1.68359E-2 8.11988E-3 1.18203E-3 1.13521E-3 2.47242E-3 4.02952E-4
7.09963E-3 1.13846E-2 1.29033E-2 1.49796E-2 1.84161E-2 1.62007E-2 4.199E-3 3.42468E-3 3.25221E-3 3.593E-3 4.30611E-3 5.096E-3 8.01784E-3 1.41657E-2 1.67808E-2 8.98106E-2 4.94013E-2 4.00772E-2 3.62211E-2 3.43647E-2 2.82426E-2 2.45747E-2 2.30149E-2 1.73166E-2 1.40072E-2 1.42357E-2 1.40786E-2 1.38465E-2 1.40405E-2 2.20128E-2 2.4194E-2 2.7274E-2 3.1112E-2 3.22146E-2 3.15296E-2 3.09087E-2 2.82543E-2 3.014E-2 3.74821E-2 4.08356E-2 3.53578E-2 3.93916E-2 4.65586E-2 5.73415E-2 6.9827E-2 7.97936E-2 7.31919E-2 8.49732E-2 8.93506E-2 8.07419E-2 6.83156E-2 6.46309E-2 3.93986E-1 6.75852E-1 6.55405E-1 7.24557E-1 6.99215E-1 6.36309E-1 5.38457E-1 4.11545E-1 1.09723E-1 7.94175E-2 8.16221E-2 1.08518E-1 1.06669E-1 1.89689E-2 6.6103E-3 2.5848E-3 2.05792E-3 1.22867E-3
6.38777E-3 1.12808E-2 1.51519E-2 1.67521E-2 1.52461E-2 1.56907E-2 4.6442E-3 4.77939E-3 3.86943E-3 4.13661E-3 5.28879E-3 5.62457E-3 7.13418E-3 1.32231E-2 1.48032E-2 1.3985E-2 5.44957E-2 4.65784E-2 4.50529E-2 3.97761E-2 3.19214E-2 2.54084E-2 1.79865E-2 1.68378E-2 1.39684E-2 1.37948E-2 1.34225E-2 1.36498E-2 1.39313E-2 1.76011E-2 2.50429E-2 2.89586E-2 3.23877E-2 3.45433E-2 3.39467E-2 3.16878E-2 3.22247E-2 3.14475E-2 3.2123E-2 2.91145E-2 3.10879E-2 3.40599E-2 3.96289E-2 4.80458E-2 5.6243E-2 6.59434E-2 7.79245E-2 9.14756E-2 1.01715E-1 9.62822E-2 8.37044E-2 9.01931E-2 3.9353E-1 8.14015E-1 6.11122E-1 6.3659E-1 7.01103E-1 6.85888E-1 5.74884E-1 3.99249E-1 3.06762E-1 1.11548E-1 9.6711E-2 1.13747E-1 1.19322E-1 7.51841E-2 5.06971E-2 7.32203E-3 4.90998E-3 3.12644E-3
