KUENM_DEFAULT/Final_Models/M_1_F_lqpth_Set_1_NE/sp1_3_se_asia.asc
ncols         320
nrows         243
xllcorner     44.0
yllcorner     -0.666666666666667
cellsize      0.166666666666667
NODATA_value  -9999
[rows 31 to 61 of 243, columns 70 to 139 of 320]
2.36583E-3 3.45658E-4 3.58817E-4 3.83857E-4 3.93388E-4 4.02712E-4 4.27227E-4 4.16857E-4 3.83011E-4 6.68395E-4 8.23927E-4 8.8403E-4 4.08009E-4 3.43552E-4 6.69332E-4 3.1694E-4 3.36416E-4 7.29229E-4 3.87948E-4 7.93559E-4 3.94981E-4 8.06635E-4 7.56373E-4 7.83685E-4 7.90011E-4 6.07372E-4 7.69302E-4 7.14323E-4 5.37358E-4 8.26049E-4 1.03293E-3 1.13187E-3 1.16374E-3 1.22859E-3 1.26986E-3 1.2139E-3 1.12129E-3 1.09658E-3 1.01064E-3 7.16729E-4 5.2909E-3 1.63566E-3 1.4253E-3 9.12166E-4 7.21831E-4 3.9956E-4 3.93319E-4 3.48588E-4 7.47543E-4 1.82574E-4 7.75839E-5 8.31876E-5 6.38182E-5 8.54407E-5 8.77921E-5 9.20496E-5 8.49022E-5 8.73869E-5 8.47867E-5 8.05312E-5 8.28691E-5 8.8633E-5 8.20874E-5 8.69717E-5 8.07334E-5 8.24045E-5 7.71921E-5 8.47888E-5 3.08639E-4 1.98182E-3
3.56396E-4 3.69768E-4 3.83642E-4 4.20867E-4 4.21576E-4 4.41047E-4 5.13575E-4 5.0108E-4 8.58821E-4 3.54896E-4 4.42418E-4 4.38334E-4 8.44568E-4 2.93528E-4 2.21423E-4 2.13456E-4 2.52848E-4 3.07055E-4 3.3426E-4 6.97338E-4 7.34335E-4 3.86759E-4 7.47161E-4 6.7425E-4 7.52047E-4 8.33993E-4 8.5285E-4 8.53766E-4 7.10689E-4 6.84177E-4 9.5171E-4 1.02904E-3 1.04241E-3 1.16042E-3 1.35292E-3 1.35056E-3 1.38097E-3 1.38725E-3 1.36258E-3 1.25553E-3 1.21105E-3 9.40821E-4 1.36393E-3 5.13402E-4 1.08437E-3 1.65636E-3 1.25132E-3 8.52963E-4 2.02791E-4 2.30493E-4 2.45352E-4 2.08654E-4 1.92008E-4 1.8651E-4 8.80947E-5 9.22586E-5 8.57088E-5 7.0957E-5 7.23912E-5 7.11724E-5 7.33015E-5 7.23918E-5 7.7107E-5 7.79216E-5 7.95755E-5 9.02702E-5 9.52724E-5 8.85524E-5 9.22102E-5 2.30276E-4
3.46584E-4 4.43005E-4 4.69751E-4 4.82525E-4 8.96282E-4 3.74882E-4 4.32908E-4 4.51347E-4 7.7633E-4 8.3808E-4 9.72191E-4 4.33659E-4 7.88503E-4 3.53739E-4 4.76072E-4 1.8895E-4 1.64941E-4 2.41018E-4 2.82989E-4 5.68315E-4 6.09893E-4 7.01791E-4 7.99957E-4 6.86158E-4 6.45825E-4 8.91725E-4 9.68375E-4 1.01882E-3 1.04345E-3 1.03343E-3 9.83693E-4 9.43113E-4 1.09506E-3 1.14345E-3 1.19438E-3 1.1279E-3 1.04386E-3 1.31691E-3 1.54089E-3 1.52036E-3 1.36126E-3 1.22951E-3 9.50527E-4 6.12911E-3 2.08871E-3 9.62955E-4 1.71882E-3 2.48919E-4 2.61285E-4 2.63589E-4 2.30339E-4 1.70607E-4 1.56316E-4 1.51966E-4 7.25538E-5 7.0335E-5 6.61497E-5 6.6385E-5 7.17465E-5 7.03322E-5 7.38731E-5 7.74416E-5 8.4313E-5 1.05942E-4 9.97715E-5 1.0504E-4 1.09586E-4 2.20304E-4 9.23282E-5 8.60255E-5
4.01569E-4 4.17624E-4 4.48568E-4 4.559E-4 7.9436E-4 2.88495E-4 8.51515E-4 3.96676E-4 6.82585E-4 4.57538E-4 9.04738E-4 8.73473E-4 3.92851E-4 3.33764E-4 5.84654E-4 4.7871E-4 1.5163E-4 1.3183E-4 1.93327E-4 2.09016E-4 2.31611E-4 5.74335E-4 6.55657E-4 7.24828E-4 6.54285E-4 9.2157E-4 9.75212E-4 1.10464E-3 1.17466E-3 1.18159E-3 1.24599E-3 1.23127E-3 1.15381E-3 1.15542E-3 9.90009E-4 7.50495E-4 9.52111E-4 1.1423E-3 1.05551E-3 9.68488E-4 7.47215E-4 5.27821E-4 3.54018E-4 2.92943E-4 3.20938E-4 2.70358E-4 2.44242E-4 2.84288E-4 2.3813E-4 2.2292E-4 2.07711E-4 2.09722E-4 1.7861E-4 1.79959E-4 1.58649E-4 7.72E-5 8.73458E-5 7.64494E-5 7.52187E-5 8.48695E-5 9.0883E-5 8.33998E-5 8.74443E-5 1.14898E-4 1.14565E-4 2.26355E-4 1.07431E-4 9.7904E-5 2.13651E-4 1.04098E-4
3.78574E-4 9.69882E-4 1.00809E-3 4.40687E-4 3.69397E-4 7.17254E-4 4.64733E-4 7.74387E-4 5.61204E-4 3.96972E-4 4.56203E-4 8.57518E-4 3.69482E-4 6.18054E-4 2.77249E-4 2.55226E-4 4.59516E-4 1.73013E-4 1.58288E-4 2.24407E-4 4.52877E-4 2.15503E-4 5.2643E-4 6.03299E-4 6.64124E-4 7.62158E-4 8.20704E-4 9.47972E-4 1.07862E-3 1.18823E-3 1.07727E-3 1.16414E-3 1.09333E-3 8.94404E-4 8.14857E-4 8.54943E-4 9.45183E-4 9.04514E-4 7.26059E-4 5.51576E-4 4.95986E-4 3.73492E-4 3.08272E-4 2.69613E-4 2.17563E-4 2.50921E-4 2.82009E-4 2.56246E-4 1.93215E-4 2.00013E-4 1.87433E-4 1.77218E-4 1.74554E-4 1.87598E-4 1.91334E-4 1.8159E-4 8.32421E-5 8.18489E-5 7.61742E-5 8.17628E-5 1.14779E-4 9.9153E-5 1.0361E-4 1.34084E-4 9.9126E-5 1.05007E-4 1.0285E-4 1.13465E-4 1.27846E-4 2.03203E-4
4.19758E-4 4.64689E-4 4.57277E-4 8.97231E-4 8.68802E-4 1.14815E-3 1.27057E-3 1.18602E-3 5.53691E-4 5.36152E-4 9.06826E-4 4.28527E-4 7.55567E-4 6.36938E-4 2.85383E-4 5.22334E-4 5.33405E-4 4.55615E-4 1.81257E-4 1.5491E-4 2.05061E-4 4.18433E-4 4.7041E-4 5.35139E-4 2.48303E-4 4.95393E-4 7.14349E-4 7.96009E-4 1.0381E-3 1.12559E-3 1.10062E-3 1.18527E-3 1.0197E-3 8.45349E-4 9.1046E-4 9.81795E-4 8.72154E-4 7.71131E-4 6.37059E-4 6.42649E-4 5.00422E-4 3.83395E-4 3.16548E-4 2.27238E-4 2.38126E-4 1.92923E-4 2.33295E-4 2.08987E-4 2.16131E-4 1.87755E-4 2.38511E-4 2.37912E-4 2.3045E-4 1.79959E-4 1.79611E-4 1.85555E-4 8.75459E-5 1.02096E-4 1.08569E-4 1.2803E-4 1.36438E-4 9.32282E-5 1.30286E-4 3.33283E-4 2.37395E-4 3.003E-4 3.71039E-4 3.1078E-4 1.07464E-4 7.97441E-4
4.27584E-4 4.19393E-4 4.23283E-4 6.81323E-4 3.20832E-4 1.10368E-3 6.9261E-4 1.31462E-3 8.31852E-4 3.65372E-4 6.13682E-4 3.64999E-4 6.72362E-4 2.93124E-4 5.6482E-4 2.64944E-4 2.63608E-4 2.31758E-4 2.54002E-4 2.07877E-4 1.76511E-4 1.92694E-4 4.01848E-4 1.92326E-4 4.77776E-4 5.15511E-4 6.88106E-4 8.15732E-4 1.01455E-3 1.10652E-3 1.13499E-3 1.14864E-3 1.07709E-3 1.01008E-3 9.68264E-4 9.29291E-4 8.44652E-4 7.50921E-4 7.16645E-4 6.94967E-4 5.3625E-4 3.86978E-4 3.58674E-4 3.41786E-4 2.01366E-4 1.95892E-4 2.4996E-4 3.17909E-4 3.24008E-4 3.05273E-4 2.62504E-4 2.5301E-4 2.31353E-4 2.33382E-4 2.07698E-4 1.6823E-4 2.13075E-4 2.16462E-4 3.58872E-4 4.51652E-4 3.3334E-4 1.07715E-4 3.7657E-4 5.42063E-4 4.66091E-4 4.31939E-4 1.31839E-4 1.19457E-4 1.27132E-4 2.07149E-4
8.82741E-4 3.73645E-4 6.85287E-4 6.19513E-4 6.98066E-4 5.32075E-4 6.56725E-4 6.86465E-4 1.07163E-3 5.09819E-4 5.07097E-4 6.26201E-4 6.39215E-4 2.69912E-4 2.84397E-4 5.36802E-4 2.54327E-4 4.79373E-4 2.39222E-4 2.40888E-4 1.92944E-4 1.80193E-4 1.52815E-4 1.36553E-4 1.70697E-4 1.48863E-4 3.66327E-4 6.70993E-4 9.40863E-4 1.1157E-3 1.10359E-3 1.0574E-3 1.01219E-3 9.98028E-4 9.33715E-4 8.67623E-4 7.58099E-4 7.19265E-4 7.90148E-4 8.01525E-4 7.73312E-4 6.53054E-4 4.8531E-4 3.78857E-4 3.67475E-4 4.47828E-4 4.36644E-4 3.5185E-4 2.56566E-4 3.10795E-4 2.9908E-4 2.54221E-4 1.93342E-4 2.03351E-4 2.38551E-4 2.38197E-4 3.02398E-4 2.76322E-4 3.78704E-4 4.09032E-4 6.07599E-4 2.52576E-4 4.75396E-4 7.24891E-4 4.74749E-4 3.77631E-4 2.77516E-4 1.13446E-4 2.23568E-4 1.31098E-4
8.76922E-4 8.76493E-4 3.09694E-4 6.60571E-4 7.24254E-4 8.72716E-4 5.50064E-4 5.95608E-4 6.08747E-4 4.15604E-4 5.15755E-4 3.10473E-4 3.31505E-4 6.22811E-4 6.01363E-4 2.72187E-4 5.13854E-4 2.34134E-4 4.62326E-4 2.14952E-4 4.07825E-4 3.40704E-4 1.33717E-4 1.14976E-4 1.24944E-4 1.28995E-4 1.40556E-4 3.75089E-4 7.62026E-4 9.97254E-4 9.37803E-4 9.58218E-4 9.70307E-4 9.35381E-4 8.45484E-4 8.4342E-4 7.58179E-4 7.69449E-4 8.07903E-4 8.46024E-4 7.24071E-4 5.94305E-4 5.16292E-4 5.70254E-4 4.82729E-4 5.58449E-4 4.63152E-4 4.21933E-4 5.09272E-4 4.21952E-4 3.72161E-4 3.08498E-4 2.21412E-4 2.1614E-4 2.38204E-4 2.91436E-4 3.7939E-4 3.60835E-4 4.90746E-4 7.35218E-4 6.21473E-4 4.85054E-4 7.56067E-4 6.01971E-4 3.60036E-4 1.10436E-4 2.35036E-4 2.52368E-4 2.07528E-4 1.32713E-4
7.53542E-4 8.49573E-4 3.49388E-4 3.35432E-4 6.44024E-4 7.28062E-4 4.66978E-4 5.35699E-4 5.75282E-4 1.1107E-3 5.1975E-4 5.19054E-4 7.31479E-4 7.60308E-4 3.34706E-4 2.43093E-4 2.55492E-4 2.07391E-4 1.76739E-4 1.82587E-4 3.56258E-4 2.97304E-4 1.18524E-4 1.25158E-4 1.59569E-4 1.63387E-4 1.83396E-4 3.15578E-4 6.18659E-4 8.86913E-4 8.93788E-4 9.28644E-4 9.75837E-4 8.70921E-4 8.45887E-4 7.58624E-4 6.57459E-4 6.92441E-4 8.15149E-4 6.72809E-4 6.11896E-4 6.99885E-4 6.8113E-4 4.97347E-4 4.63808E-4 4.49792E-4 6.36365E-4 4.93239E-4 3.339E-4 3.24449E-4 2.46509E-4 1.95029E-4 2.10446E-4 2.64065E-4 3.64925E-4 5.45678E-4 5.83167E-4 3.36077E-4 6.5885E-4 9.7601E-4 6.82205E-4 7.52153E-4 6.40801E-4 4.84096E-4 3.08518E-4 3.06583E-4 3.93993E-4 2.88831E-4 3.0768E-4 3.21559E-4
6.56069E-4 8.37728E-4 8.18305E-4 3.26571E-4 5.77197E-4 6.28159E-4 8.33933E-4 4.94266E-4 9.55326E-4 9.92705E-4 9.28628E-4 3.8606E-4 4.16432E-4 7.78547E-4 7.73899E-4 3.24272E-4 5.87695E-4 2.64195E-4 1.96761E-4 3.97699E-4 1.92146E-4 1.87174E-4 1.69991E-4 1.20416E-4 1.15417E-4 3.26198E-4 4.24033E-4 4.47701E-4 6.2103E-4 8.14142E-4 9.92639E-4 1.00047E-3 9.29069E-4 8.38542E-4 8.71707E-4 8.73095E-4 8.17194E-4 8.17253E-4 7.82157E-4 7.44242E-4 8.18157E-4 7.61173E-4 8.3449E-4 8.26031E-4 7.23222E-4 6.20486E-4 6.18486E-4 3.68791E-4 2.96879E-4 2.43212E-4 2.2359E-4 3.0621E-4 2.99915E-4 3.73349E-4 6.52274E-4 6.66171E-4 4.78371E-4 4.53335E-4 1.01887E-3 1.19816E-3 8.44927E-4 5.7246E-4 8.13029E-4 6.62706E-4 5.5509E-4 5.7424E-4 3.83091E-4 1.3604E-4 2.91805E-4 4.99298E-4
6.14074E-4 7.02008E-4 7.29059E-4 3.29603E-4 6.35614E-4 6.64213E-4 7.58452E-4 8.67254E-4 9.02733E-4 8.74983E-4 9.36346E-4 9.73888E-4 4.1495E-4 7.22056E-4 7.08863E-4 7.18346E-4 3.17444E-4 5.64739E-4 2.41739E-4 2.11738E-4 3.01015E-4 1.40025E-4 1.47263E-4 1.51679E-4 1.29161E-4 1.13812E-4 3.85205E-4 4.72134E-4 5.32246E-4 7.96481E-4 9.84469E-4 1.05956E-3 1.02184E-3 8.88348E-4 7.99408E-4 8.73505E-4 9.57209E-4 8.4543E-4 8.00049E-4 1.08421E-3 1.07664E-3 1.02559E-3 9.72057E-4 8.00923E-4 8.00272E-4 7.25501E-4 6.57797E-4 4.70352E-4 4.34508E-4 3.04305E-4 3.32693E-4 3.7001E-4 4.17367E-4 6.36234E-4 8.60504E-4 7.2117E-4 5.53256E-4 5.86273E-4 1.11093E-3 1.09521E-3 8.44719E-4 1.15219E-3 1.07147E-3 9.0551E-4 5.67899E-4 3.40716E-4 3.6267E-4 3.44101E-4 4.77952E-4 6.49499E-4
5.83792E-4 7.08666E-4 7.53091E-4 3.11461E-4 3.40928E-4 6.80071E-4 7.14837E-4 8.22388E-4 7.55959E-4 5.90465E-4 3.42299E-4 9.33295E-4 9.07457E-4 3.68934E-4 6.70792E-4 6.73379E-4 2.88917E-4 2.96936E-4 5.41726E-4 4.37635E-4 1.94416E-4 3.5568E-4 1.34975E-4 1.35259E-4 1.42793E-4 1.40863E-4 1.88387E-4 4.18522E-4 4.30796E-4 7.55633E-4 9.30381E-4 1.10462E-3 9.3317E-4 7.70917E-4 8.53788E-4 1.0547E-3 1.06088E-3 1.09385E-3 1.18089E-3 1.15447E-3 1.10313E-3 9.97494E-4 9.05087E-4 7.89401E-4 6.37071E-4 5.89442E-4 5.15862E-4 5.29142E-4 4.32676E-4 4.29619E-4 4.3712E-4 4.01685E-4 5.8691E-4 7.67004E-4 9.625E-4 8.01533E-4 7.93876E-4 9.15211E-4 1.43641E-3 1.17639E-3 1.39531E-3 1.44202E-3 1.13035E-3 6.24617E-4 4.14979E-4 5.73665E-4 7.43279E-4 8.12325E-4 9.17419E-4 6.8755E-4
5.62112E-4 6.57237E-4 7.65283E-4 6.38164E-4 3.595E-4 3.64958E-4 6.90305E-4 7.86482E-4 7.97985E-4 5.5961E-4 2.30884E-4 8.70006E-4 8.94634E-4 3.78987E-4 3.83591E-4 3.48426E-4 2.80191E-4 4.9888E-4 2.19979E-4 3.8836E-4 3.1331E-4 3.36E-4 3.52229E-4 1.51339E-4 2.78693E-4 1.60856E-4 3.72019E-4 2.01813E-4 3.89546E-4 3.94987E-4 7.30829E-4 1.03419E-3 1.01444E-3 9.15447E-4 1.03397E-3 1.05509E-3 1.12592E-3 1.05819E-3 1.20818E-3 1.07821E-3 1.01169E-3 6.09433E-4 6.33577E-4 7.50998E-4 7.74608E-4 8.08715E-4 6.77358E-4 7.01221E-4 6.86422E-4 5.80289E-4 4.53461E-4 5.55551E-4 7.47524E-4 9.30951E-4 1.06987E-3 1.13605E-3 1.24634E-3 1.30645E-3 9.4755E-4 1.09902E-3 1.21912E-3 1.04603E-3 8.06452E-4 6.03626E-4 6.29216E-4 1.07876E-3 1.30589E-3 1.24931E-3 8.52741E-4 1.04436E-3
4.30222E-4 6.60224E-4 6.75249E-4 3.25008E-4 6.33235E-4 6.48278E-4 6.98929E-4 7.29854E-4 8.12226E-4 7.57681E-4 6.06755E-4 8.73267E-4 8.75367E-4 8.41944E-4 8.74604E-4 3.62259E-4 6.57678E-4 6.46703E-4 2.67427E-4 4.81801E-4 2.14726E-4 1.66241E-4 1.39149E-4 1.43205E-4 3.2815E-4 3.17358E-4 1.44158E-4 3.98294E-4 5.54065E-4 2.39858E-4 5.60324E-4 8.85191E-4 1.00598E-3 1.06417E-3 1.00759E-3 1.09926E-3 1.11279E-3 1.14765E-3 1.17742E-3 1.0853E-3 1.07715E-3 9.70585E-4 1.04246E-3 1.08655E-3 1.05898E-3 1.00683E-3 9.27293E-4 9.25267E-4 8.17513E-4 7.00812E-4 6.53408E-4 7.63791E-4 8.46087E-4 1.01205E-3 1.14809E-3 1.25595E-3 1.24158E-3 1.11663E-3 8.69912E-4 8.58994E-4 9.07813E-4 1.04212E-3 1.02982E-3 1.33449E-3 1.37578E-3 1.72148E-3 1.59698E-3 1.56954E-3 1.55347E-3 1.17279E-3
4.18197E-4 4.62253E-4 4.05577E-4 5.77445E-4 6.59867E-4 6.91913E-4 7.31092E-4 7.47947E-4 8.17848E-4 8.17893E-4 7.72965E-4 4.70261E-4 4.58091E-4 8.73983E-4 8.47687E-4 8.27905E-4 3.53773E-4 6.08958E-4 5.9263E-4 2.4128E-4 4.41013E-4 3.54324E-4 2.92136E-4 1.34921E-4 1.70583E-4 2.07704E-4 3.00925E-4 3.0784E-4 4.75315E-4 2.76519E-4 6.4224E-4 8.4512E-4 9.5776E-4 1.04812E-3 1.05363E-3 1.12385E-3 1.12484E-3 1.18369E-3 1.20242E-3 1.15868E-3 1.12567E-3 1.1005E-3 1.15792E-3 1.09888E-3 1.07383E-3 1.04761E-3 1.00061E-3 8.95716E-4 8.73915E-4 8.08368E-4 8.54795E-4 9.36057E-4 1.02936E-3 1.11054E-3 1.19247E-3 1.28561E-3 1.23919E-3 1.11143E-3 9.61684E-4 1.14767E-3 1.28644E-3 1.49076E-3 1.60368E-3 1.70965E-3 1.59259E-3 1.61246E-3 1.99511E-3 2.10497E-3 1.5139E-3 9.50257E-4
3.70458E-4 4.17743E-4 4.32818E-4 4.46243E-4 6.56683E-4 7.12635E-4 7.69748E-4 4.37162E-4 8.758E-4 8.46435E-4 8.36033E-4 4.74105E-4 8.42049E-4 8.7641E-4 8.70327E-4 8.39205E-4 7.9779E-4 3.32982E-4 6.07141E-4 2.36707E-4 4.23197E-4 1.92484E-4 3.43482E-4 1.4946E-4 1.47312E-4 3.31308E-4 3.38916E-4 2.83891E-4 4.30404E-4 4.24256E-4 5.75279E-4 7.82439E-4 9.54617E-4 1.06068E-3 1.05763E-3 1.08599E-3 1.09793E-3 1.11867E-3 1.19331E-3 1.19531E-3 1.20907E-3 1.13566E-3 1.13723E-3 1.13569E-3 1.11121E-3 1.10958E-3 1.09206E-3 9.63821E-4 9.62996E-4 9.45665E-4 9.68549E-4 1.02166E-3 1.09246E-3 1.15456E-3 1.25954E-3 1.165E-3 1.11278E-3 9.1738E-4 1.07346E-3 1.34236E-3 1.52758E-3 1.74255E-3 1.89735E-3 1.81104E-3 1.88287E-3 2.10167E-3 2.06512E-3 1.82247E-3 1.15363E-3 9.89113E-4
3.18959E-4 1.27192E-4 3.79926E-4 3.79515E-4 5.40383E-4 7.26672E-4 7.99059E-4 8.35214E-4 9.00494E-4 9.20387E-4 9.17141E-4 8.45136E-4 8.826E-4 8.20434E-4 8.10317E-4 7.90122E-4 8.27127E-4 7.05891E-4 5.60929E-4 2.41912E-4 2.13702E-4 4.0443E-4 4.19441E-4 1.75864E-4 1.43561E-4 2.54921E-4 1.74765E-4 1.67527E-4 2.11051E-4 4.88433E-4 4.92715E-4 6.51173E-4 8.85706E-4 9.98866E-4 9.70908E-4 1.02404E-3 1.06343E-3 1.11724E-3 1.16116E-3 1.16405E-3 1.17021E-3 1.22691E-3 1.20026E-3 1.20404E-3 1.18876E-3 1.15816E-3 1.05924E-3 1.00653E-3 1.02942E-3 1.02272E-3 1.04497E-3 1.07064E-3 1.14337E-3 1.20865E-3 1.29565E-3 1.30695E-3 1.35368E-3 1.33409E-3 1.3984E-3 1.60131E-3 1.72497E-3 1.77618E-3 1.86767E-3 1.99748E-3 1.97507E-3 2.01436E-3 2.14887E-3 1.53762E-3 9.4473E-4 1.05109E-3
3.48486E-4 3.08294E-4 3.23323E-4 2.82652E-4 4.61216E-4 6.25169E-4 6.44691E-4 5.13939E-4 6.0499E-4 8.86664E-4 9.46846E-4 8.48152E-4 8.56894E-4 8.2997E-4 8.3105E-4 8.20784E-4 7.84468E-4 7.2597E-4 6.92648E-4 2.85452E-4 5.13031E-4 3.7818E-4 1.71839E-4 4.73852E-4 4.74636E-4 3.86136E-4 1.98693E-4 4.40189E-4 4.80716E-4 6.34821E-4 6.00287E-4 6.16842E-4 8.37659E-4 8.55648E-4 8.61217E-4 1.03478E-3 1.11711E-3 1.1418E-3 1.12683E-3 1.22372E-3 1.24706E-3 1.24706E-3 1.25231E-3 1.23512E-3 1.10693E-3 1.0577E-3 1.03101E-3 1.02878E-3 1.02834E-3 1.0872E-3 1.13818E-3 1.13588E-3 1.18757E-3 1.2075E-3 1.34484E-3 1.48218E-3 1.52626E-3 1.634E-3 1.80533E-3 1.857E-3 1.8651E-3 1.85503E-3 1.97234E-3 2.03765E-3 2.19914E-3 2.26509E-3 2.10203E-3 1.59617E-3 1.36663E-3 1.27684E-3
4.75586E-4 3.39832E-4 4.07236E-4 3.1333E-4 3.33E-4 5.06605E-4 6.28423E-4 7.25842E-4 6.94557E-4 1.1074E-3 1.14425E-3 9.10136E-4 8.77655E-4 8.40637E-4 3.75527E-4 3.75527E-4 3.62128E-4 3.26716E-4 6.64044E-4 2.69744E-4 2.78298E-4 2.71674E-4 4.73939E-4 4.72778E-4 2.59259E-4 4.43428E-4 1.93628E-4 2.41951E-4 5.50071E-4 5.4817E-4 5.9135E-4 6.78603E-4 7.64003E-4 9.20556E-4 9.40726E-4 9.77071E-4 1.08767E-3 1.13402E-3 1.21069E-3 1.24482E-3 1.28741E-3 1.24684E-3 1.25683E-3 1.12358E-3 1.05126E-3 1.06205E-3 1.0791E-3 1.08004E-3 1.08732E-3 1.11496E-3 1.17922E-3 1.22463E-3 1.18757E-3 1.12955E-3 1.2125E-3 1.38808E-3 1.50507E-3 1.68331E-3 1.86593E-3 1.96176E-3 1.9121E-3 1.98705E-3 2.03676E-3 2.17653E-3 2.07037E-3 2.19149E-3 1.66904E-3 1.36311E-3 1.33473E-3 1.16344E-3
5.43897E-4 4.89106E-4 4.27678E-4 3.4445E-4 2.16165E-4 3.19743E-4 5.72983E-4 6.57491E-4 7.59117E-4 7.83777E-4 9.76216E-4 7.96946E-4 8.80805E-4 3.91992E-4 8.67856E-4 8.47512E-4 8.00936E-4 3.26716E-4 5.70577E-4 5.65616E-4 5.14218E-4 5.3324E-4 6.0695E-4 2.38704E-4 2.54066E-4 4.30435E-4 1.53132E-4 5.78638E-4 5.53951E-4 5.12139E-4 2.80163E-4 7.02502E-4 6.78885E-4 8.69937E-4 8.70871E-4 9.51968E-4 1.05278E-3 1.15269E-3 1.23065E-3 1.28232E-3 1.2962E-3 1.3078E-3 1.28092E-3 1.25309E-3 1.2001E-3 1.16331E-3 1.10395E-3 1.09113E-3 1.13003E-3 1.17903E-3 1.26091E-3 1.31534E-3 1.201E-3 1.15503E-3 1.21932E-3 1.30632E-3 1.47756E-3 1.58656E-3 1.7011E-3 1.78539E-3 1.84511E-3 2.05907E-3 2.05991E-3 2.14867E-3 2.27116E-3 2.0939E-3 1.26589E-3 1.14089E-3 1.08463E-3 1.02117E-3
4.31409E-4 5.61903E-4 5.15812E-4 4.08515E-4 3.46713E-4 2.90973E-4 4.50503E-4 5.43045E-4 4.47955E-4 7.72247E-4 8.19099E-4 9.17132E-4 9.69252E-4 9.37025E-4 9.03753E-4 8.82559E-4 8.71599E-4 7.45885E-4 5.69341E-4 5.29693E-4 5.0184E-4 4.94697E-4 5.14143E-4 5.82561E-4 5.5913E-4 4.14119E-4 3.92877E-4 5.71603E-4 5.42333E-4 6.78601E-4 6.79923E-4 3.45597E-4 8.55451E-4 8.6914E-4 8.73572E-4 9.35154E-4 1.09007E-3 1.22258E-3 1.26414E-3 1.29895E-3 1.31515E-3 1.29383E-3 1.3335E-3 1.17972E-3 1.09608E-3 1.10929E-3 1.12166E-3 1.14016E-3 1.19186E-3 1.29661E-3 1.35751E-3 1.36215E-3 1.25778E-3 1.21267E-3 1.19287E-3 1.35536E-3 1.46875E-3 1.60023E-3 1.67108E-3 1.79859E-3 1.88154E-3 2.12204E-3 2.25974E-3 2.5088E-3 2.6216E-3 1.92918E-3 9.22118E-4 8.90133E-4 7.91186E-4 9.52366E-4
5.37758E-4 4.30466E-4 5.25928E-4 5.07447E-4 4.58962E-4 3.35945E-4 3.46013E-4 4.12882E-4 4.15754E-4 6.53285E-4 7.53404E-4 8.15159E-4 3.1916E-3 3.09793E-3 2.91642E-3 2.88002E-3 2.76055E-3 8.04436E-4 7.04193E-4 2.81382E-4 5.24992E-4 2.58452E-4 2.55758E-4 4.89879E-4 5.39195E-4 5.26605E-4 2.17389E-4 4.08466E-4 4.98912E-4 2.75623E-4 6.8863E-4 3.48278E-4 8.85178E-4 8.87035E-4 9.16091E-4 9.55282E-4 1.11924E-3 1.28987E-3 1.29952E-3 1.25442E-3 1.14384E-3 1.0706E-3 1.12084E-3 1.094E-3 1.08061E-3 1.1203E-3 1.17372E-3 1.19944E-3 1.2192E-3 1.32324E-3 1.43675E-3 1.34804E-3 1.29597E-3 1.20702E-3 1.25095E-3 1.41834E-3 1.52307E-3 1.6827E-3 1.767E-3 1.87539E-3 1.98277E-3 2.07771E-3 2.41432E-3 2.58498E-3 2.58561E-3 1.19699E-3 8.99988E-4 6.98473E-4 6.66264E-4 8.64634E-4
5.48125E-4 5.56675E-4 4.59224E-4 4.53962E-4 4.99118E-4 5.08644E-4 3.87466E-4 3.20718E-4 3.69982E-4 4.36705E-4 5.57264E-4 8.23714E-4 3.08177E-3 3.11253E-3 2.0597E-2 1.97569E-2 2.33513E-2 2.1858E-2 7.38877E-4 6.89143E-4 6.31092E-4 6.44009E-4 2.50861E-4 4.58137E-4 5.41239E-4 5.32918E-4 3.99848E-4 3.78127E-4 3.7631E-4 2.10736E-4 7.00688E-4 3.69515E-4 9.46269E-4 9.27181E-4 9.354E-4 9.93307E-4 1.06672E-3 1.18675E-3 1.31325E-3 1.23177E-3 1.04354E-3 1.04451E-3 1.03351E-3 1.08406E-3 1.09513E-3 1.14333E-3 1.2128E-3 1.28702E-3 1.3004E-3 1.40806E-3 1.4862E-3 1.40848E-3 1.2965E-3 1.31288E-3 1.35303E-3 1.49811E-3 1.66066E-3 1.77312E-3 1.82931E-3 1.97525E-3 2.10686E-3 2.25848E-3 2.49044E-3 2.49428E-3 1.6116E-3 1.23411E-3 1.55438E-3 1.49217E-3 1.32692E-3 1.25605E-3
6.15079E-4 5.89143E-4 5.28376E-4 3.41316E-4 3.66155E-4 4.4971E-4 4.96039E-4 4.62142E-4 1.61739E-4 2.95283E-4 3.78379E-4 6.57573E-4 2.18217E-2 2.1609E-2 1.99002E-2 9.92864E-3 9.42401E-3 9.79562E-3 2.10986E-2 3.47207E-4 6.7864E-4 6.37534E-4 5.87047E-4 2.44494E-4 4.48173E-4 5.13892E-4 4.04078E-4 1.72498E-4 4.00222E-4 3.67877E-4 2.83942E-4 9.09528E-4 9.75027E-4 9.59439E-4 1.01399E-3 9.92461E-4 1.05151E-3 1.18214E-3 1.23847E-3 1.28456E-3 1.2237E-3 1.25937E-3 1.17018E-3 1.1418E-3 1.18682E-3 1.1994E-3 1.333E-3 1.38032E-3 1.4495E-3 1.47359E-3 1.51353E-3 1.34544E-3 1.27849E-3 1.42229E-3 1.4831E-3 1.57376E-3 1.70601E-3 1.83278E-3 1.96805E-3 2.09902E-3 2.20279E-3 2.4493E-3 2.57883E-3 2.29268E-3 1.05895E-3 1.69428E-3 1.75568E-3 1.57449E-3 1.11419E-3 5.44766E-4
5.79447E-4 5.65966E-4 5.78239E-4 5.42079E-4 4.72234E-4 3.86238E-4 4.07508E-4 4.99087E-4 4.39345E-4 3.76987E-4 4.06259E-4 6.50401E-4 9.05154E-3 9.19944E-3 9.43028E-3 9.13211E-3 9.49185E-3 9.28896E-3 9.18264E-3 1.93148E-2 6.99375E-4 6.34218E-4 6.51407E-4 4.70324E-4 4.55152E-4 4.16387E-4 3.39083E-4 1.68336E-4 3.90621E-4 3.80049E-4 2.97551E-4 9.32724E-4 1.01243E-3 1.02617E-3 1.05328E-3 1.08101E-3 1.12602E-3 1.10671E-3 1.18768E-3 1.30149E-3 1.33633E-3 1.31582E-3 1.22895E-3 1.20995E-3 1.25542E-3 1.37581E-3 1.32889E-3 1.21062E-3 1.46247E-3 1.54467E-3 1.46105E-3 1.34176E-3 1.39456E-3 1.47925E-3 1.59738E-3 1.74613E-3 1.82494E-3 1.96503E-3 2.11363E-3 2.24537E-3 2.46768E-3 2.63748E-3 2.68192E-3 1.85982E-3 1.42976E-3 1.63055E-3 1.50461E-3 1.12389E-3 3.78415E-4 3.08313E-4
4.63042E-4 4.83303E-4 5.21099E-4 5.17742E-4 4.99482E-4 5.21361E-4 4.62315E-4 4.97435E-4 5.16196E-4 4.13325E-4 3.3524E-4 4.94878E-4 6.93939E-4 8.22825E-3 9.71106E-3 9.52306E-3 9.24857E-3 9.15107E-3 8.3146E-3 8.21269E-3 3.54099E-4 6.82427E-4 6.49137E-4 2.57951E-4 4.92162E-4 1.84895E-4 3.20452E-4 1.76556E-4 4.36265E-4 3.87154E-4 6.99865E-4 9.6392E-4 1.06894E-3 1.05685E-3 1.07371E-3 1.12113E-3 1.13575E-3 1.14047E-3 1.16153E-3 1.20477E-3 1.28539E-3 1.29549E-3 1.28351E-3 1.31426E-3 1.32602E-3 1.35883E-3 1.22491E-3 1.23151E-3 1.29617E-3 1.36621E-3 1.35661E-3 1.28714E-3 1.44722E-3 1.58021E-3 1.71699E-3 1.81887E-3 2.00936E-3 2.16342E-3 2.23742E-3 2.3887E-3 2.62503E-3 2.80535E-3 2.76329E-3 2.10999E-3 1.62412E-3 1.45163E-3 9.43779E-4 7.47493E-4 3.28014E-4 5.33388E-4
3.72164E-4 3.59482E-4 4.07867E-4 4.14152E-4 4.38101E-4 4.21579E-4 4.66503E-4 4.78193E-4 4.61865E-4 4.24642E-4 3.45934E-4 1.97479E-4 4.51834E-4 5.16895E-3 9.1935E-3 9.34394E-3 9.05461E-3 8.14686E-3 8.26334E-3 7.90089E-3 2.1892E-2 3.50562E-4 6.79112E-4 6.6032E-4 2.79248E-4 3.78379E-4 1.48327E-4 1.59831E-4 4.33455E-4 3.26553E-4 5.95457E-4 8.06723E-4 1.09748E-3 1.12659E-3 1.17504E-3 1.18183E-3 1.21748E-3 1.19017E-3 1.19827E-3 1.27602E-3 1.33847E-3 1.28422E-3 1.31056E-3 1.31056E-3 1.3853E-3 1.27754E-3 1.09508E-3 1.10998E-3 1.10549E-3 1.21751E-3 1.29093E-3 1.28927E-3 1.49866E-3 1.6208E-3 1.7533E-3 1.94824E-3 2.05021E-3 2.30188E-3 2.41959E-3 2.58772E-3 2.8065E-3 2.93842E-3 2.72701E-3 1.57452E-3 1.40136E-3 1.17719E-3 9.19238E-4 5.80231E-4 2.23241E-4 2.48623E-4
4.87701E-4 4.29438E-4 4.14221E-4 4.70237E-4 3.81249E-4 4.35787E-4 4.09933E-4 4.19102E-4 4.2229E-4 3.32559E-4 4.10798E-4 1.70268E-4 4.86179E-4 5.72843E-4 6.91642E-3 9.11815E-3 7.83573E-3 7.9937E-3 4.1092E-3 4.39067E-3 4.01447E-3 7.9745E-3 5.82577E-3 3.36452E-4 6.29764E-4 4.02632E-4 1.69952E-4 3.08824E-4 4.04244E-4 3.06518E-4 2.01268E-4 7.21453E-4 1.01726E-3 1.17105E-3 1.21037E-3 1.26112E-3 1.28157E-3 1.31047E-3 1.37463E-3 1.44043E-3 1.51641E-3 1.45037E-3 1.41027E-3 1.33338E-3 1.23842E-3 1.08205E-3 1.00641E-3 9.8427E-4 9.54987E-4 1.00362E-3 1.06715E-3 1.23935E-3 1.44059E-3 1.6208E-3 1.71033E-3 1.95801E-3 2.08616E-3 2.26826E-3 2.50034E-3 2.67958E-3 2.89929E-3 2.84508E-3 2.20385E-3 1.29848E-3 1.74777E-3 1.44507E-3 9.17185E-4 7.29305E-4 3.26725E-4 5.25822E-4
4.84954E-4 5.12171E-4 4.6631E-4 4.13313E-4 3.67286E-4 4.87563E-4 5.23309E-4 5.03099E-4 4.74639E-4 4.02928E-4 3.47729E-4 3.97362E-4 4.49141E-4 4.07066E-4 2.11773E-3 8.34687E-3 7.5395E-3 7.81372E-3 4.28522E-3 4.24356E-3 4.25549E-3 8.30221E-3 8.13177E-3 3.33174E-4 2.75073E-4 3.0539E-4 3.1715E-4 2.72139E-4 3.39647E-4 3.4966E-4 1.50723E-4 5.32525E-4 7.76255E-4 1.05741E-3 1.24667E-3 1.30042E-3 1.36002E-3 1.34999E-3 4.57614E-3 4.7227E-3 1.41408E-3 1.38525E-3 1.23989E-3 1.15583E-3 1.04699E-3 9.37056E-4 7.71219E-4 8.28405E-4 8.05403E-4 8.69669E-4 9.63723E-4 1.14262E-3 1.2759E-3 1.39162E-3 1.63756E-3 1.94055E-3 2.19239E-3 2.28919E-3 2.53144E-3 2.75182E-3 2.95654E-3 2.92226E-3 2.20267E-3 1.46621E-3 1.67612E-3 9.43031E-4 8.74195E-4 3.71236E-4 3.19527E-4 5.67481E-4
5.19409E-4 6.37747E-4 4.99407E-4 4.11998E-4 4.30295E-4 2.41592E-4 4.573E-4 4.41876E-4 3.70722E-4 4.20184E-4 4.32647E-4 4.93243E-4 4.58936E-4 3.50535E-4 1.69149E-3 1.77978E-3 7.80849E-3 7.59066E-3 7.46108E-3 7.46633E-3 4.0578E-3 8.0157E-3 8.40019E-3 2.02806E-2 7.0792E-4 3.364E-4 1.20388E-4 2.68077E-4 2.83156E-4 2.71717E-4 2.87253E-4 3.94636E-4 3.55858E-4 5.92124E-4 1.07732E-3 1.29601E-3 1.35794E-3 1.31863E-3 1.30553E-3 1.26745E-3 1.29952E-3 1.14998E-3 1.11001E-3 1.02956E-3 9.24098E-4 7.53058E-4 6.47897E-4 6.71377E-4 6.84822E-4 7.11014E-4 8.01367E-4 8.23951E-4 8.81521E-4 1.07963E-3 1.55956E-3 2.02275E-3 2.14673E-3 2.37392E-3 2.58572E-3 2.76442E-3 2.96155E-3 2.89499E-3 2.59975E-3 1.59102E-3 1.33047E-3 8.19571E-4 3.75986E-4 2.51539E-4 2.92059E-4 6.11144E-4
