KUENM_DEFAULT/Final_Models/M_1_F_lqpth_Set_1_NE/sp1_9.asc
ncols         197
nrows         210
xllcorner     56.1666666666667
yllcorner     4.5
cellsize      0.166666666666667
NODATA_value  -9999
[rows 56 to 83 of 210, columns 65 to 129 of 197]
6.29876E-3 6.60252E-3 1.26373E-2 3.14008E-2 4.99395E-2 8.38631E-2 4.15571E-2 1.7487E-2 1.83122E-2 3.13723E-2 3.77646E-2 4.1999E-2 4.91525E-2 6.21877E-2 7.6657E-2 7.06072E-2 9.88484E-2 1.19954E-1 9.58376E-2 7.00285E-2 5.83472E-2 4.28439E-2 3.89006E-2 3.77506E-2 3.81251E-2 3.84531E-2 4.47934E-2 5.09564E-2 5.02043E-2 4.24827E-2 4.71123E-2 4.81199E-2 5.35704E-2 6.13962E-2 7.18777E-2 7.20836E-2 7.72973E-2 7.82477E-2 9.64553E-2 1.15476E-1 1.46363E-1 1.91574E-1 1.97141E-1 2.31428E-1 3.0769E-1 3.91848E-1 4.16352E-1 4.23588E-1 3.89371E-1 4.39623E-1 4.72012E-1 5.27622E-1 5.41819E-1 7.1853E-1 5.87171E-1 5.8145E-1 6.49523E-1 6.20775E-1 5.42861E-1 4.55412E-1 3.67921E-1 1.03398E-1 5.32766E-2 2.77597E-2 2.96196E-2
7.12473E-3 1.00693E-2 1.62259E-2 3.24407E-2 7.41949E-2 9.62005E-2 6.30386E-2 4.92538E-2 3.77507E-2 4.2839E-2 4.48169E-2 4.13542E-2 4.93852E-2 5.82544E-2 7.1301E-2 1.00337E-1 1.07451E-1 1.09676E-1 9.91064E-2 8.90251E-2 6.17693E-2 4.92355E-2 4.32674E-2 4.04324E-2 3.95969E-2 4.2683E-2 4.22155E-2 3.99952E-2 4.16101E-2 4.08912E-2 3.86012E-2 4.28183E-2 5.03842E-2 5.89062E-2 6.38692E-2 6.83788E-2 6.95927E-2 7.44689E-2 9.44375E-2 1.0997E-1 1.36578E-1 1.5891E-1 1.73485E-1 2.0454E-1 2.72911E-1 3.27567E-1 3.65332E-1 3.87199E-1 3.67541E-1 4.03113E-1 4.2621E-1 4.21892E-1 4.35454E-1 4.71228E-1 4.96044E-1 5.92905E-1 7.64516E-1 6.79837E-1 6.24373E-1 5.30122E-1 4.39585E-1 3.45709E-1 7.93238E-2 4.9786E-2 5.17431E-2
5.62806E-3 1.01674E-2 3.68699E-2 5.08363E-2 4.54985E-2 5.0424E-2 6.21637E-2 6.66287E-2 4.78367E-2 4.5121E-2 4.60284E-2 5.09442E-2 6.22843E-2 8.11687E-2 1.07909E-1 1.11218E-1 1.22174E-1 1.23268E-1 1.27042E-1 8.98128E-2 7.605E-2 6.52629E-2 5.22863E-2 4.40333E-2 4.27897E-2 3.81857E-2 3.72559E-2 3.89189E-2 3.80214E-2 3.53916E-2 3.47762E-2 4.09889E-2 4.57551E-2 5.28551E-2 6.66309E-2 7.23267E-2 7.48696E-2 8.22222E-2 9.29998E-2 1.03567E-1 1.16427E-1 1.32539E-1 1.41601E-1 1.73093E-1 2.20606E-1 2.94254E-1 3.29415E-1 3.50086E-1 3.42835E-1 3.73753E-1 3.86072E-1 3.749E-1 3.49302E-1 3.45349E-1 4.79441E-1 6.08819E-1 7.11075E-1 7.75799E-1 6.84189E-1 5.92899E-1 4.88607E-1 3.8013E-1 3.03068E-1 8.01972E-2 7.50729E-2
5.15618E-3 9.82521E-3 3.21173E-2 3.27975E-2 3.99055E-2 4.39436E-2 4.43337E-2 4.87816E-2 4.39837E-2 4.88011E-2 4.98646E-2 5.56573E-2 6.70907E-2 8.32978E-2 1.02728E-1 1.11662E-1 1.17319E-1 1.15187E-1 1.13995E-1 1.04707E-1 9.7596E-2 8.72741E-2 6.35829E-2 4.88174E-2 3.86759E-2 3.65898E-2 3.68818E-2 3.66661E-2 3.71079E-2 3.58546E-2 3.53321E-2 3.69026E-2 4.69342E-2 5.61252E-2 6.8581E-2 7.4265E-2 7.61873E-2 7.72066E-2 8.37954E-2 8.57043E-2 8.98075E-2 1.05363E-1 1.20824E-1 1.45103E-1 1.83997E-1 2.35284E-1 2.91327E-1 3.20119E-1 3.45623E-1 3.72141E-1 3.96009E-1 3.91065E-1 3.70383E-1 3.87389E-1 5.03114E-1 5.67822E-1 4.51499E-1 5.2505E-1 7.8468E-1 6.51834E-1 5.30134E-1 4.05884E-1 3.35247E-1 3.09443E-1 1.04759E-1
4.67796E-3 6.75613E-3 1.44287E-2 3.18075E-2 3.27746E-2 3.8035E-2 3.52277E-2 3.84637E-2 4.67816E-2 4.05307E-2 4.58373E-2 5.05034E-2 6.02316E-2 7.03686E-2 8.69015E-2 9.35781E-2 1.01858E-1 8.88661E-2 1.14696E-1 1.17114E-1 1.37448E-1 1.12241E-1 7.34731E-2 4.40087E-2 3.72995E-2 3.87025E-2 3.83022E-2 3.9898E-2 3.66307E-2 3.59642E-2 3.50155E-2 3.99688E-2 5.12319E-2 5.95301E-2 7.05155E-2 8.07125E-2 8.10089E-2 7.79781E-2 7.74313E-2 6.95007E-2 7.00833E-2 8.55104E-2 1.08707E-1 1.35476E-1 1.676E-1 2.05236E-1 2.50821E-1 2.98049E-1 3.27452E-1 3.60797E-1 3.90206E-1 4.13088E-1 4.25981E-1 4.38384E-1 5.10914E-1 5.65029E-1 5.24606E-1 5.50463E-1 7.73281E-1 6.95777E-1 5.52254E-1 4.13944E-1 3.85196E-1 3.39902E-1 2.94728E-1
5.28805E-3 6.10916E-3 2.36676E-2 2.96472E-2 2.99948E-2 3.30296E-2 2.8503E-2 3.1102E-2 3.93709E-2 3.49423E-2 4.30951E-2 4.49828E-2 5.54805E-2 6.40699E-2 6.63921E-2 7.31572E-2 8.00311E-2 1.05274E-1 9.68894E-2 1.09218E-1 1.3866E-1 1.20467E-1 6.39735E-2 4.54638E-2 3.87408E-2 3.77531E-2 3.75549E-2 3.88303E-2 3.79753E-2 3.83432E-2 3.76015E-2 4.39191E-2 5.64081E-2 6.71773E-2 8.00329E-2 8.68705E-2 9.16585E-2 8.81782E-2 8.20698E-2 6.85061E-2 6.78453E-2 8.22861E-2 1.02804E-1 1.32216E-1 1.55084E-1 1.96782E-1 2.35088E-1 2.65375E-1 3.05556E-1 3.37397E-1 3.83573E-1 4.5949E-1 5.04984E-1 4.88424E-1 4.93983E-1 5.97353E-1 6.99054E-1 7.57275E-1 7.90891E-1 6.98032E-1 5.80997E-1 5.06973E-1 4.58096E-1 3.68244E-1 1.25298E-1
4.51718E-3 7.57849E-3 2.66687E-2 3.01976E-2 3.203E-2 2.9431E-2 2.38408E-2 2.51706E-2 2.90643E-2 3.71323E-2 4.35464E-2 5.38325E-2 4.1011E-2 4.68156E-2 5.08991E-2 5.18896E-2 6.14019E-2 6.91726E-2 6.82396E-2 8.01718E-2 8.80225E-2 8.12157E-2 5.21721E-2 4.16741E-2 3.65174E-2 3.45436E-2 3.55181E-2 3.60841E-2 3.78264E-2 3.96118E-2 4.0906E-2 5.30295E-2 6.0089E-2 7.16534E-2 8.45516E-2 9.25306E-2 9.60961E-2 9.75076E-2 8.97132E-2 8.05474E-2 8.38721E-2 9.57368E-2 1.16682E-1 1.34044E-1 1.6628E-1 1.95749E-1 2.28553E-1 2.5177E-1 2.77797E-1 3.20581E-1 3.77524E-1 4.28006E-1 4.98835E-1 4.66526E-1 4.69379E-1 6.0334E-1 7.71336E-1 7.76021E-1 7.19547E-1 6.85144E-1 6.36729E-1 5.62314E-1 4.85857E-1 4.19475E-1 3.56838E-1
7.63531E-3 1.02237E-2 2.56919E-2 2.94684E-2 2.75056E-2 2.50212E-2 2.19886E-2 2.23184E-2 2.62577E-2 3.70489E-2 5.42685E-2 5.76142E-2 3.51563E-2 5.3538E-2 4.70712E-2 5.22994E-2 4.63925E-2 4.59045E-2 4.8325E-2 5.07073E-2 5.4306E-2 4.47029E-2 3.86309E-2 3.60399E-2 3.34473E-2 3.46747E-2 3.61301E-2 3.5297E-2 3.83126E-2 4.09667E-2 4.35914E-2 5.46265E-2 6.08456E-2 7.03289E-2 8.23974E-2 9.13827E-2 9.51648E-2 9.97713E-2 1.01814E-1 1.04463E-1 1.06876E-1 1.21235E-1 1.34754E-1 1.57553E-1 1.76561E-1 2.0391E-1 2.32896E-1 2.5764E-1 2.92904E-1 3.32629E-1 3.4714E-1 3.82257E-1 4.28981E-1 4.73241E-1 5.23146E-1 6.27707E-1 7.90369E-1 7.82351E-1 7.91792E-1 7.14864E-1 7.03062E-1 5.99001E-1 4.89574E-1 4.39589E-1 3.79274E-1
6.5173E-3 1.28677E-2 3.0592E-2 3.10375E-2 2.83953E-2 2.22036E-2 2.12026E-2 2.25162E-2 3.61619E-2 5.87481E-2 5.99685E-2 5.08221E-2 4.0006E-2 3.50889E-2 3.74119E-2 3.63404E-2 3.57059E-2 3.47988E-2 3.52692E-2 3.54397E-2 3.27829E-2 3.0887E-2 2.93142E-2 3.1352E-2 3.14676E-2 3.22266E-2 3.38115E-2 3.7411E-2 3.68361E-2 4.1277E-2 4.91484E-2 5.54676E-2 6.37989E-2 7.00439E-2 8.09529E-2 9.03334E-2 9.71302E-2 1.05864E-1 1.1185E-1 1.20049E-1 1.4266E-1 1.42895E-1 1.61901E-1 1.80944E-1 2.0179E-1 2.34341E-1 2.59548E-1 2.93125E-1 3.26835E-1 3.57244E-1 3.83214E-1 3.70579E-1 4.20094E-1 4.53508E-1 5.37405E-1 6.09931E-1 6.44333E-1 5.84085E-1 7.45219E-1 7.53397E-1 8.03687E-1 5.6676E-1 4.89515E-1 4.48612E-1 4.21658E-1
8.63378E-3 2.44658E-2 3.25253E-2 2.96315E-2 2.39955E-2 2.2014E-2 2.283E-2 3.6467E-2 9.96137E-2 1.35775E-1 9.60576E-2 5.94309E-2 4.30751E-2 3.06657E-2 3.00486E-2 2.97057E-2 2.78587E-2 2.60329E-2 2.69874E-2 2.44783E-2 2.44378E-2 2.34702E-2 2.59252E-2 2.65339E-2 3.09771E-2 3.31899E-2 3.33723E-2 3.74149E-2 3.83646E-2 4.32501E-2 4.57757E-2 5.90319E-2 6.43389E-2 7.15284E-2 8.15019E-2 9.06386E-2 1.00609E-1 1.22707E-1 1.22306E-1 1.49441E-1 1.72647E-1 1.79576E-1 1.91258E-1 2.0674E-1 2.32061E-1 2.70794E-1 3.1145E-1 3.66004E-1 3.81216E-1 3.80997E-1 4.01999E-1 4.06859E-1 4.19958E-1 4.85828E-1 5.5301E-1 6.32958E-1 6.05678E-1 5.70289E-1 6.20567E-1 6.47738E-1 7.20887E-1 6.43109E-1 5.37343E-1 4.83369E-1 4.48737E-1
1.15645E-2 2.46735E-2 3.12524E-2 2.70892E-2 2.61707E-2 2.5373E-2 3.23514E-2 9.28713E-2 2.21155E-1 2.40859E-1 1.35336E-1 6.11078E-2 3.80806E-2 2.56709E-2 2.37314E-2 2.41866E-2 2.39043E-2 2.29887E-2 2.04215E-2 2.12642E-2 2.16462E-2 2.35823E-2 2.51913E-2 2.82563E-2 2.96015E-2 3.23367E-2 3.45255E-2 3.79344E-2 3.99282E-2 4.3548E-2 4.64481E-2 5.99912E-2 6.52763E-2 7.311E-2 7.90516E-2 9.3064E-2 1.34913E-1 1.50448E-1 1.44735E-1 1.56851E-1 1.91805E-1 2.04094E-1 2.15727E-1 2.38095E-1 2.7845E-1 3.29374E-1 3.8687E-1 4.04616E-1 4.17162E-1 4.3585E-1 4.59844E-1 4.58964E-1 4.42794E-1 4.82053E-1 6.02451E-1 6.00099E-1 5.88449E-1 5.86865E-1 5.40417E-1 8.11154E-1 7.87099E-1 7.9548E-1 6.30686E-1 5.38915E-1 4.7833E-1
1.24778E-2 1.74993E-2 3.02153E-2 2.71442E-2 2.58112E-2 2.72853E-2 3.94241E-2 1.09242E-1 2.51118E-1 2.44674E-1 1.01447E-1 4.71595E-2 3.06104E-2 2.20427E-2 2.27205E-2 2.46181E-2 2.57289E-2 2.69904E-2 2.3388E-2 2.14716E-2 2.28305E-2 2.38905E-2 2.58919E-2 2.90667E-2 3.0019E-2 3.28158E-2 3.54723E-2 3.85016E-2 4.16225E-2 4.71838E-2 5.16295E-2 6.34453E-2 6.91315E-2 7.4165E-2 9.75449E-2 1.19229E-1 1.39098E-1 1.47659E-1 1.53586E-1 1.7866E-1 2.17393E-1 2.16118E-1 2.42488E-1 2.92326E-1 3.46412E-1 4.02751E-1 4.50082E-1 4.70125E-1 4.69843E-1 4.88115E-1 4.98505E-1 4.96835E-1 4.97117E-1 5.30433E-1 6.03592E-1 5.70254E-1 5.57143E-1 6.41761E-1 6.04333E-1 7.91576E-1 7.9442E-1 6.96363E-1 6.50544E-1 6.22301E-1 5.34372E-1
1.62337E-2 1.63712E-2 2.50741E-2 2.63015E-2 2.56186E-2 2.56653E-2 3.36226E-2 5.2294E-2 9.37354E-2 6.87101E-2 3.69734E-2 2.64307E-2 2.45296E-2 2.1298E-2 2.16043E-2 2.51894E-2 3.05602E-2 3.07959E-2 2.6519E-2 2.46976E-2 2.44183E-2 2.59382E-2 2.77729E-2 3.09583E-2 3.1114E-2 3.46766E-2 3.62536E-2 4.09133E-2 4.39163E-2 5.08103E-2 5.59113E-2 5.99389E-2 7.302E-2 9.30514E-2 9.91475E-2 1.20997E-1 1.45862E-1 1.77595E-1 1.92118E-1 2.10045E-1 2.32528E-1 2.69025E-1 3.0699E-1 3.79378E-1 3.79016E-1 4.55298E-1 4.91781E-1 5.31778E-1 5.41643E-1 5.41122E-1 5.49988E-1 5.44745E-1 5.90356E-1 6.28247E-1 6.53483E-1 6.28973E-1 6.18062E-1 6.53549E-1 8.01033E-1 7.77083E-1 8.02659E-1 7.91488E-1 7.03075E-1 6.60434E-1 5.53839E-1
1.44815E-2 1.70504E-2 1.78806E-2 2.8304E-2 2.53941E-2 2.43438E-2 2.43256E-2 2.671E-2 2.76355E-2 2.68297E-2 2.19441E-2 2.06925E-2 2.25996E-2 2.18535E-2 2.50669E-2 2.85269E-2 2.49307E-2 2.58163E-2 2.33048E-2 2.2277E-2 2.18475E-2 2.2553E-2 2.48004E-2 3.07131E-2 3.53863E-2 3.65364E-2 3.98635E-2 4.25256E-2 4.85795E-2 5.31059E-2 5.77219E-2 6.40419E-2 9.3738E-2 9.74533E-2 1.0609E-1 1.0945E-1 1.19556E-1 1.61654E-1 2.00649E-1 2.4326E-1 2.77782E-1 3.08226E-1 3.69937E-1 4.12514E-1 4.42522E-1 4.53925E-1 4.96093E-1 5.36885E-1 5.53075E-1 5.36854E-1 5.43244E-1 5.94679E-1 7.40032E-1 7.45376E-1 8.04494E-1 8.12872E-1 8.083E-1 7.88503E-1 7.23765E-1 7.06258E-1 7.84513E-1 7.7841E-1 6.70365E-1 6.18117E-1 5.82684E-1
1.76745E-2 1.64074E-2 3.03393E-2 2.74881E-2 2.65589E-2 2.40809E-2 2.37858E-2 2.21751E-2 2.09031E-2 2.14639E-2 2.68895E-2 2.60612E-2 2.24552E-2 2.63148E-2 2.87333E-2 2.3018E-2 2.48356E-2 2.45081E-2 2.38626E-2 2.25085E-2 2.39083E-2 2.51605E-2 2.53928E-2 2.89011E-2 3.01612E-2 3.30141E-2 3.63815E-2 3.72304E-2 4.94462E-2 5.82449E-2 6.49107E-2 8.51522E-2 1.04182E-1 1.13237E-1 1.1341E-1 1.18619E-1 1.17505E-1 1.3658E-1 2.11461E-1 2.75941E-1 3.16325E-1 3.31027E-1 3.73336E-1 4.00742E-1 4.35842E-1 4.70168E-1 5.44276E-1 5.33926E-1 5.38171E-1 5.47546E-1 5.96335E-1 6.42163E-1 6.75135E-1 8.04978E-1 7.88064E-1 7.87606E-1 6.92431E-1 6.92785E-1 6.79347E-1 6.79586E-1 7.58781E-1 6.49129E-1 6.19855E-1 6.22461E-1 6.09047E-1
1.28351E-2 1.55366E-2 3.09248E-2 3.12382E-2 2.74796E-2 2.5738E-2 2.34124E-2 2.57846E-2 2.3664E-2 2.58151E-2 2.44104E-2 2.2751E-2 2.20166E-2 2.31796E-2 2.52892E-2 2.39912E-2 2.45912E-2 2.50953E-2 2.4937E-2 2.38367E-2 2.40316E-2 2.57834E-2 3.02243E-2 3.1541E-2 3.51936E-2 3.60113E-2 3.88827E-2 4.3646E-2 4.52841E-2 6.49588E-2 8.73582E-2 9.7581E-2 1.20639E-1 1.27179E-1 1.31403E-1 1.33299E-1 1.41286E-1 1.93516E-1 2.50306E-1 3.15535E-1 3.29917E-1 3.67524E-1 3.83857E-1 4.0613E-1 4.33993E-1 4.67499E-1 5.23763E-1 5.39729E-1 5.45222E-1 5.86778E-1 6.18742E-1 6.13434E-1 7.39937E-1 7.9246E-1 7.89558E-1 7.12337E-1 6.65344E-1 6.36342E-1 6.72772E-1 6.87345E-1 6.74112E-1 6.60988E-1 6.62986E-1 6.42321E-1 5.6528E-1
1.43139E-2 1.6887E-2 3.05866E-2 3.26357E-2 3.07261E-2 2.76099E-2 2.91094E-2 2.77146E-2 2.92474E-2 3.27726E-2 2.83163E-2 2.83716E-2 2.57558E-2 2.53351E-2 2.59692E-2 2.63667E-2 2.81193E-2 2.88728E-2 2.69296E-2 2.66205E-2 2.65099E-2 2.9109E-2 3.38255E-2 3.94505E-2 4.16836E-2 4.57997E-2 4.52529E-2 4.48825E-2 5.02358E-2 8.5212E-2 9.82166E-2 1.18451E-1 1.34542E-1 1.50443E-1 1.60074E-1 1.62298E-1 1.8075E-1 2.16168E-1 2.86418E-1 3.20988E-1 3.42595E-1 3.98561E-1 3.4229E-1 3.5617E-1 3.80697E-1 4.46973E-1 4.89175E-1 5.39874E-1 5.68246E-1 5.96513E-1 5.90378E-1 6.14748E-1 7.88886E-1 8.01938E-1 8.05637E-1 6.80747E-1 6.35648E-1 6.31591E-1 6.64101E-1 6.85448E-1 6.60346E-1 6.46542E-1 6.63666E-1 6.66191E-1 6.17838E-1
1.56297E-2 3.34274E-2 3.32432E-2 3.64466E-2 3.37534E-2 3.42536E-2 3.17675E-2 3.45048E-2 3.58237E-2 3.02527E-2 2.92093E-2 2.95462E-2 3.04041E-2 2.92684E-2 2.85048E-2 2.86377E-2 2.7904E-2 2.87713E-2 2.92841E-2 2.84697E-2 3.09721E-2 3.55357E-2 4.22591E-2 4.7949E-2 5.27276E-2 4.89692E-2 5.09542E-2 4.95421E-2 6.23157E-2 9.11775E-2 1.12207E-1 1.45052E-1 1.65732E-1 1.95196E-1 1.89292E-1 1.94336E-1 2.12782E-1 2.49101E-1 2.69001E-1 3.15828E-1 3.77181E-1 3.9585E-1 3.59437E-1 3.74528E-1 3.80764E-1 4.58079E-1 4.79563E-1 5.43446E-1 5.646E-1 5.561E-1 5.73276E-1 6.06284E-1 7.71272E-1 7.86402E-1 7.17769E-1 6.83622E-1 6.32111E-1 6.29141E-1 6.63356E-1 6.56181E-1 6.20078E-1 6.18593E-1 6.49603E-1 6.5509E-1 6.36141E-1
1.71482E-2 3.21899E-2 3.92424E-2 3.81412E-2 3.71288E-2 3.81857E-2 3.12266E-2 3.09386E-2 3.25638E-2 3.37909E-2 3.45858E-2 3.29943E-2 3.14161E-2 2.64157E-2 3.1833E-2 3.16386E-2 3.35475E-2 3.23483E-2 4.0582E-2 4.16916E-2 3.35146E-2 4.15442E-2 6.76617E-2 7.24665E-2 8.04645E-2 7.36277E-2 5.402E-2 6.40473E-2 6.55128E-2 7.6343E-2 1.19346E-1 1.65791E-1 2.05873E-1 2.21914E-1 2.21192E-1 2.13281E-1 2.28442E-1 2.58689E-1 2.98364E-1 3.3379E-1 3.84261E-1 3.48357E-1 3.60159E-1 3.66012E-1 3.71046E-1 4.59078E-1 4.85869E-1 5.26301E-1 5.4891E-1 5.57911E-1 5.85707E-1 7.18202E-1 7.71696E-1 7.82014E-1 7.12998E-1 7.00197E-1 6.65569E-1 6.60775E-1 6.89471E-1 6.73081E-1 6.2373E-1 5.83496E-1 5.81325E-1 5.63445E-1 5.77266E-1
1.84685E-2 3.56225E-2 4.39403E-2 4.53203E-2 4.39328E-2 3.31797E-2 3.32318E-2 3.65115E-2 3.79595E-2 3.72923E-2 3.65839E-2 3.29844E-2 3.2733E-2 3.18819E-2 3.2384E-2 3.2384E-2 4.36907E-2 4.5429E-2 4.46042E-2 4.28274E-2 3.58718E-2 5.4598E-2 8.03063E-2 1.05151E-1 9.27073E-2 9.24123E-2 8.85206E-2 8.52732E-2 6.84602E-2 9.42233E-2 1.1448E-1 1.56713E-1 2.00962E-1 2.42211E-1 2.21205E-1 2.26223E-1 2.50935E-1 3.01372E-1 3.41712E-1 3.87734E-1 4.028E-1 3.6145E-1 3.55339E-1 3.3745E-1 3.44656E-1 4.52883E-1 4.9774E-1 5.30422E-1 5.49828E-1 5.5449E-1 6.06609E-1 7.67003E-1 8.0696E-1 7.21918E-1 7.78185E-1 7.81872E-1 6.81896E-1 6.51151E-1 6.55148E-1 6.7845E-1 6.33652E-1 5.83161E-1 5.56511E-1 5.45672E-1 5.47131E-1
2.00426E-2 4.06523E-2 4.71428E-2 4.69622E-2 3.85745E-2 3.95881E-2 3.96933E-2 4.31447E-2 4.32117E-2 3.83556E-2 3.73458E-2 3.82792E-2 5.07045E-2 4.89718E-2 4.8678E-2 4.77215E-2 4.81344E-2 4.78038E-2 4.65407E-2 4.57944E-2 4.66429E-2 5.67869E-2 8.25961E-2 9.29734E-2 1.07341E-1 9.70162E-2 9.39443E-2 1.01307E-1 9.66243E-2 1.07334E-1 1.27655E-1 1.65202E-1 1.91112E-1 2.43704E-1 2.29881E-1 2.52341E-1 2.95676E-1 3.47948E-1 3.96091E-1 4.10131E-1 4.26308E-1 3.71555E-1 3.6168E-1 3.477E-1 3.64755E-1 4.70156E-1 5.2412E-1 5.38801E-1 4.88712E-1 5.7304E-1 5.97414E-1 7.37534E-1 7.93178E-1 7.14648E-1 7.8059E-1 7.70316E-1 6.28487E-1 6.17309E-1 6.33484E-1 5.9039E-1 5.64291E-1 5.51955E-1 5.43092E-1 5.50498E-1 5.57944E-1
4.25527E-2 4.25403E-2 5.61018E-2 5.53465E-2 4.40586E-2 4.71975E-2 4.70412E-2 4.72796E-2 5.8386E-2 5.84889E-2 5.63677E-2 5.55711E-2 5.524E-2 4.84378E-2 4.91765E-2 4.94641E-2 5.28908E-2 5.31006E-2 5.23767E-2 4.97583E-2 5.54007E-2 6.42577E-2 7.75901E-2 9.47537E-2 9.39881E-2 8.49423E-2 9.88793E-2 1.05643E-1 1.13712E-1 1.14108E-1 1.34956E-1 1.68321E-1 2.24357E-1 2.63931E-1 2.65475E-1 3.1174E-1 3.6973E-1 4.19751E-1 4.28417E-1 4.36026E-1 3.84718E-1 3.969E-1 3.85806E-1 3.62023E-1 3.86199E-1 5.45294E-1 5.45708E-1 4.59152E-1 4.67594E-1 4.96612E-1 5.88288E-1 6.4197E-1 7.02908E-1 6.40518E-1 6.56118E-1 6.53454E-1 6.11461E-1 6.4528E-1 5.98701E-1 5.26269E-1 4.92295E-1 5.28019E-1 5.3905E-1 5.06283E-1 5.18135E-1
4.69358E-2 4.76248E-2 5.37124E-2 5.94196E-2 5.9519E-2 5.99711E-2 6.0839E-2 6.18224E-2 6.07184E-2 6.1229E-2 6.05936E-2 5.91157E-2 5.6813E-2 5.64749E-2 5.63422E-2 5.79026E-2 5.83507E-2 5.83513E-2 5.94591E-2 5.82616E-2 6.00401E-2 6.45552E-2 8.08631E-2 9.67704E-2 9.33398E-2 9.82181E-2 1.1169E-1 1.18557E-1 1.2755E-1 1.33483E-1 1.44277E-1 1.72399E-1 2.12519E-1 2.61405E-1 3.67858E-1 4.53922E-1 4.50647E-1 4.66457E-1 4.66913E-1 4.63704E-1 4.05325E-1 3.96611E-1 3.81491E-1 3.75437E-1 3.80953E-1 5.73238E-1 5.13615E-1 3.97926E-1 4.47152E-1 4.93184E-1 5.36993E-1 7.84787E-1 6.92491E-1 6.27712E-1 6.19874E-1 6.15536E-1 6.17525E-1 6.40552E-1 5.30367E-1 5.09044E-1 4.86304E-1 4.93241E-1 5.31887E-1 5.13339E-1 5.18914E-1
4.91468E-2 5.15324E-2 5.22131E-2 5.69147E-2 6.28359E-2 6.02549E-2 6.44211E-2 6.01181E-2 6.23346E-2 6.34711E-2 6.09668E-2 5.94918E-2 5.87991E-2 5.87991E-2 5.94168E-2 5.84898E-2 5.97265E-2 6.44854E-2 6.32757E-2 6.36117E-2 6.9703E-2 7.41946E-2 8.32041E-2 1.10683E-1 1.23016E-1 1.2814E-1 1.45761E-1 1.48409E-1 1.53101E-1 1.52163E-1 1.65991E-1 1.76245E-1 2.14578E-1 2.93398E-1 3.92164E-1 4.68303E-1 5.10183E-1 5.05986E-1 5.08517E-1 5.00841E-1 4.80037E-1 3.97497E-1 4.17568E-1 4.24114E-1 4.02835E-1 4.10536E-1 3.71547E-1 3.95828E-1 4.71995E-1 5.32742E-1 5.67229E-1 7.98777E-1 6.80294E-1 5.68231E-1 6.01486E-1 5.69932E-1 5.64891E-1 5.92025E-1 5.34941E-1 4.70634E-1 5.16471E-1 5.31002E-1 4.85636E-1 4.91973E-1 4.55825E-1
6.72738E-2 6.09317E-2 6.2898E-2 6.53666E-2 5.94445E-2 6.48705E-2 6.64137E-2 6.59642E-2 6.35453E-2 6.8867E-2 7.16461E-2 7.0369E-2 6.90929E-2 7.0699E-2 7.10765E-2 6.93513E-2 7.14464E-2 7.1413E-2 7.47942E-2 7.31835E-2 7.90003E-2 8.41035E-2 9.83007E-2 1.33373E-1 1.54598E-1 1.80276E-1 1.89306E-1 1.91586E-1 1.92871E-1 1.83342E-1 1.80229E-1 1.90839E-1 2.44875E-1 3.39522E-1 4.60438E-1 5.07817E-1 5.3658E-1 5.52087E-1 5.45201E-1 5.33645E-1 5.10613E-1 4.94019E-1 4.52692E-1 4.85241E-1 4.60044E-1 4.10157E-1 4.10828E-1 4.48195E-1 5.36885E-1 7.36107E-1 7.8851E-1 7.86562E-1 6.84291E-1 6.30416E-1 5.89834E-1 5.20157E-1 4.73855E-1 5.43464E-1 5.0008E-1 5.35117E-1 5.22642E-1 4.71986E-1 5.15225E-1 4.34506E-1 3.83727E-1
6.22768E-2 6.32073E-2 6.37459E-2 6.75754E-2 6.71883E-2 6.9573E-2 6.81245E-2 7.2664E-2 7.24727E-2 7.68771E-2 7.32452E-2 8.09007E-2 7.96378E-2 8.0717E-2 8.10584E-2 8.2329E-2 8.08473E-2 8.13257E-2 8.44997E-2 8.50645E-2 9.11269E-2 9.91706E-2 1.08115E-1 1.51552E-1 1.85149E-1 2.41643E-1 2.58219E-1 2.4736E-1 2.28548E-1 2.0359E-1 1.88527E-1 2.18068E-1 2.97733E-1 3.99927E-1 4.78897E-1 5.23502E-1 5.65535E-1 5.91644E-1 5.80657E-1 5.59369E-1 5.38104E-1 5.26438E-1 4.50059E-1 4.76589E-1 4.48886E-1 4.13985E-1 5.00087E-1 5.23521E-1 5.59505E-1 7.93282E-1 7.03444E-1 7.13277E-1 6.78564E-1 6.40365E-1 5.93189E-1 5.26268E-1 4.67757E-1 5.20079E-1 5.33516E-1 4.92324E-1 4.70143E-1 4.97722E-1 4.74114E-1 4.07944E-1 3.86288E-1
7.57359E-2 7.70318E-2 8.31634E-2 8.58019E-2 8.4279E-2 7.59071E-2 7.89388E-2 7.8329E-2 8.69515E-2 8.26735E-2 8.59519E-2 9.3157E-2 9.0717E-2 9.52068E-2 9.24002E-2 9.17085E-2 8.49065E-2 8.87227E-2 9.43979E-2 9.72417E-2 1.05589E-1 1.12647E-1 1.26584E-1 1.63935E-1 2.09801E-1 3.01645E-1 3.56546E-1 3.13495E-1 2.80647E-1 2.39047E-1 2.35711E-1 2.96076E-1 4.06687E-1 4.64148E-1 5.11564E-1 5.5237E-1 5.97347E-1 5.57663E-1 6.26604E-1 6.00396E-1 5.7261E-1 4.60581E-1 4.57472E-1 4.63567E-1 5.40137E-1 4.98288E-1 5.54E-1 5.94371E-1 5.91259E-1 8.05792E-1 6.39871E-1 6.46019E-1 6.60071E-1 6.47972E-1 6.20639E-1 6.08652E-1 5.61983E-1 4.98367E-1 4.59938E-1 4.56561E-1 4.37719E-1 4.8991E-1 4.16228E-1 4.02564E-1 3.80769E-1
7.98397E-2 8.14847E-2 8.67377E-2 9.07609E-2 9.48077E-2 9.46671E-2 9.74045E-2 1.04444E-1 1.1048E-1 9.96059E-2 1.08775E-1 1.11651E-1 1.39035E-1 1.24255E-1 1.28319E-1 9.83613E-2 9.86304E-2 1.00856E-1 1.11991E-1 1.20389E-1 1.23218E-1 1.33984E-1 1.43194E-1 1.71037E-1 1.9395E-1 2.78218E-1 3.37118E-1 3.35725E-1 3.11118E-1 2.99709E-1 3.10498E-1 4.28357E-1 4.79268E-1 4.94739E-1 5.32446E-1 5.7475E-1 6.13715E-1 5.867E-1 6.54674E-1 6.51411E-1 6.09799E-1 4.90747E-1 4.75595E-1 4.87668E-1 5.82837E-1 6.30231E-1 7.8713E-1 7.30199E-1 7.36187E-1 6.00797E-1 5.88777E-1 5.92276E-1 5.96578E-1 6.16751E-1 6.26872E-1 6.58401E-1 6.02333E-1 5.54049E-1 4.86818E-1 4.34081E-1 4.28281E-1 4.64128E-1 4.39849E-1 3.93474E-1 3.83326E-1
