KUENM_DEFAULT/Final_Models/M_1_F_lqpth_Set_1_NE/sp1_3_se_asia.asc
ncols         320
nrows         243
xllcorner     44.0
yllcorner     -0.666666666666667
cellsize      0.166666666666667
NODATA_value  -9999
[rows 93 to 123 of 243, columns 140 to 209 of 320]
1.08841E-2 1.22169E-2 3.47297E-2 3.82403E-2 4.0923E-2 4.53969E-2 4.86444E-2 8.70756E-2 6.91352E-2 7.32793E-2 1.08582E-1 2.56312E-2 4.80372E-2 3.27005E-2 3.65361E-2 3.98391E-2 4.36635E-2 4.85669E-2 8.99484E-2 6.32386E-2 7.29485E-2 6.13348E-2 1.16557E-1 4.98539E-1 4.65303E-1 4.2956E-1 4.03419E-1 3.65335E-1 3.2413E-1 5.22566E-1 4.47052E-1 3.18498E-1 2.04067E-1 2.04474E-1 2.4487E-1 2.56231E-1 2.77698E-1 3.59891E-1 4.08259E-1 5.15602E-1 5.25712E-1 4.11111E-1 3.82041E-1 3.23536E-1 3.44034E-1 2.6484E-1 3.55867E-1 3.80954E-1 4.12472E-1 4.183E-1 4.38223E-1 4.2279E-1 3.24864E-1 3.128E-1 3.28024E-1 3.34039E-1 1.23457E-1 9.88854E-2 1.34807E-1 1.33952E-1 3.24047E-1 3.21051E-1 3.83037E-1 1.55421E-1 1.10074E-1 9.74586E-2 7.8985E-2 6.51776E-2 6.35927E-2 6.91848E-2
1.09978E-2 1.2493E-2 0E0 3.98705E-2 4.33127E-2 4.83455E-2 9.00171E-2 7.74959E-2 5.43235E-2 9.28799E-2 9.70219E-2 1.84704E-1 3.38159E-2 3.85062E-2 4.0895E-2 4.29759E-2 4.52857E-2 4.99368E-2 5.85153E-2 6.83272E-2 5.91764E-2 7.13831E-2 8.21883E-2 3.54431E-1 4.51035E-1 4.0755E-1 3.85077E-1 3.60737E-1 4.16201E-1 7.30328E-1 4.61872E-1 3.69503E-1 2.69905E-1 2.59314E-1 3.67376E-1 2.63676E-1 3.22439E-1 4.4169E-1 5.48998E-1 6.19509E-1 5.78927E-1 5.0015E-1 4.91976E-1 3.79752E-1 3.27145E-1 3.21574E-1 2.85584E-1 3.70113E-1 4.02313E-1 3.61866E-1 4.12391E-1 3.85289E-1 3.77362E-1 3.22303E-1 3.29473E-1 3.25528E-1 1.07857E-1 9.92579E-2 1.33631E-1 3.63636E-1 3.54627E-1 3.33618E-1 3.73015E-1 1.34398E-1 1.12614E-1 8.23169E-2 6.71825E-2 5.81898E-2 4.46205E-2 4.20528E-2
-9999 1.30817E-2 1.46267E-2 4.27514E-2 4.65681E-2 5.39679E-2 4.87341E-2 5.73467E-2 6.87742E-2 1.20078E-1 7.20537E-2 7.65528E-2 2.82382E-2 3.2503E-2 3.381E-2 3.01584E-2 3.34291E-2 6.55504E-2 4.70543E-2 5.59641E-2 6.61122E-2 7.78286E-2 3.61399E-1 3.33798E-1 4.32275E-1 3.95586E-1 3.70896E-1 3.52645E-1 4.15779E-1 6.68414E-1 6.49603E-1 5.57369E-1 4.54202E-1 3.78764E-1 3.42632E-1 3.20149E-1 3.44295E-1 4.41414E-1 5.89393E-1 6.41714E-1 6.3361E-1 5.79976E-1 4.89285E-1 3.63584E-1 3.35267E-1 2.61746E-1 2.74179E-1 2.94572E-1 3.96678E-1 3.43469E-1 3.58914E-1 3.41033E-1 3.59276E-1 3.81878E-1 3.08851E-1 3.01442E-1 1.01659E-1 9.15105E-2 1.22503E-1 3.59699E-1 3.52039E-1 3.74528E-1 1.21173E-1 9.40918E-2 7.93912E-2 6.61182E-2 5.5969E-2 5.38703E-2 3.97394E-2 5.09941E-2
-9999 -9999 -9999 -9999 5.30836E-2 4.6151E-2 5.30991E-2 -9999 8.39234E-2 8.97425E-2 8.94054E-2 8.32651E-2 1.74396E-1 2.81751E-2 2.75623E-2 2.70414E-2 3.23753E-2 6.61394E-2 7.75791E-2 9.83971E-2 7.33374E-2 3.72302E-1 3.49403E-1 3.27374E-1 3.09492E-1 4.0261E-1 3.86501E-1 4.46323E-1 8.27868E-1 6.58887E-1 6.41931E-1 5.74309E-1 5.013E-1 4.07272E-1 3.61127E-1 3.80814E-1 3.77178E-1 3.89705E-1 4.97173E-1 5.8501E-1 5.76613E-1 5.07836E-1 3.98348E-1 3.63655E-1 2.72299E-1 2.01033E-1 2.24229E-1 2.52256E-1 2.50209E-1 2.53945E-1 3.5785E-1 2.77374E-1 2.86459E-1 2.94127E-1 2.29284E-1 9.88238E-2 9.15198E-2 1.06876E-1 1.00512E-1 3.1625E-1 3.77209E-1 1.3319E-1 9.85498E-2 7.43398E-2 6.4965E-2 5.47814E-2 4.75451E-2 3.52851E-2 3.5419E-2 4.9131E-2
-9999 -9999 -9999 -9999 -9999 -9999 6.08311E-2 7.43383E-2 8.5619E-2 9.60769E-2 1.01256E-1 1.00331E-1 8.09389E-2 3.63186E-2 2.95959E-2 2.18327E-2 5.04431E-2 6.65518E-2 8.46673E-2 1.08574E-1 3.41499E-1 3.34312E-1 3.34173E-1 3.16654E-1 2.98178E-1 4.04464E-1 2.61891E-1 4.47095E-1 8.31017E-1 6.41207E-1 6.0533E-1 5.68115E-1 5.19819E-1 4.63823E-1 4.0963E-1 4.09168E-1 4.14485E-1 4.39833E-1 5.06924E-1 5.50904E-1 5.36153E-1 4.2815E-1 3.07871E-1 2.92371E-1 2.51682E-1 1.81306E-1 2.23525E-1 2.35482E-1 2.26894E-1 2.88444E-1 2.75794E-1 2.83255E-1 2.727E-1 2.60791E-1 7.02154E-2 6.71788E-2 8.18144E-2 8.76867E-2 8.57221E-2 9.15768E-2 1.04267E-1 1.06314E-1 7.84267E-2 6.36846E-2 5.32244E-2 4.61305E-2 4.13939E-2 3.89429E-2 3.25267E-2 4.84361E-2
-9999 -9999 -9999 -9999 -9999 -9999 -9999 7.56417E-2 9.10084E-2 1.01367E-1 1.13814E-1 1.16016E-1 9.47873E-2 6.63338E-2 2.04391E-1 4.0034E-2 5.41752E-2 7.40554E-2 9.72711E-2 4.27401E-1 4.43372E-1 4.53444E-1 3.19408E-1 3.08332E-1 4.08929E-1 3.89479E-1 3.58579E-1 8.50392E-1 6.60816E-1 4.74759E-1 5.60282E-1 5.40743E-1 5.33026E-1 5.11202E-1 4.67807E-1 4.52498E-1 4.4723E-1 4.48191E-1 4.65862E-1 5.03788E-1 5.0672E-1 4.15168E-1 2.92975E-1 2.77925E-1 8.76729E-2 5.98656E-2 1.93964E-1 2.04131E-1 2.13685E-1 2.7369E-1 2.66623E-1 2.65334E-1 2.4097E-1 7.6413E-2 7.40813E-2 5.7016E-2 5.29346E-2 7.10769E-2 6.39319E-2 6.30687E-2 7.00461E-2 8.04304E-2 6.78717E-2 5.81743E-2 4.96486E-2 4.23083E-2 4.06431E-2 2.76962E-2 3.12453E-2 3.63902E-2
-9999 -9999 -9999 -9999 -9999 -9999 -9999 -9999 9.06175E-2 1.01238E-1 1.19014E-1 4.57454E-1 1.0416E-1 1.16741E-1 1.80128E-1 1.17523E-1 1.07979E-1 4.90142E-2 1.03396E-1 4.42229E-1 3.13894E-1 4.39269E-1 2.99949E-1 2.95263E-1 3.91989E-1 3.71642E-1 3.58063E-1 6.94425E-1 6.42335E-1 5.85543E-1 5.32023E-1 5.01325E-1 5.30452E-1 5.08453E-1 4.61686E-1 4.40653E-1 4.48355E-1 4.51735E-1 4.16109E-1 3.93599E-1 4.08251E-1 3.70579E-1 9.64865E-2 8.62104E-2 2.66463E-1 1.96518E-1 2.34824E-1 1.86942E-1 2.1294E-1 2.69248E-1 2.61615E-1 2.45871E-1 7.50059E-2 6.06792E-2 6.30069E-2 6.56549E-2 6.06675E-2 4.41746E-2 4.06378E-2 5.69721E-2 4.90623E-2 6.55041E-2 5.84357E-2 5.38094E-2 4.69763E-2 6.20488E-2 6.45962E-2 6.02397E-2 5.58017E-2 4.16538E-2
-9999 -9999 -9999 -9999 -9999 -9999 -9999 -9999 -9999 1.86699E-1 1.11297E-1 1.14365E-1 1.13665E-1 2.14139E-1 1.35303E-1 1.35897E-1 1.15076E-1 1.35434E-1 -9999 4.17857E-1 4.13918E-1 2.89877E-1 3.95834E-1 3.86014E-1 3.73297E-1 3.57537E-1 8.01219E-1 6.9013E-1 6.17338E-1 5.7107E-1 5.31647E-1 4.89575E-1 4.9328E-1 4.74127E-1 4.32379E-1 4.05262E-1 4.16112E-1 4.00439E-1 3.53644E-1 3.34353E-1 3.29853E-1 3.19374E-1 2.18011E-1 2.12037E-1 2.12678E-1 2.09427E-1 2.02428E-1 1.9639E-1 2.19019E-1 2.17803E-1 2.38626E-1 7.32802E-2 5.75699E-2 6.13324E-2 6.69684E-2 6.00516E-2 5.95332E-2 4.61596E-2 3.16427E-2 4.95477E-2 4.0502E-2 5.59314E-2 4.74626E-2 4.95671E-2 6.1146E-2 6.75475E-2 6.47947E-2 6.8669E-2 5.34323E-2 5.51145E-2
-9999 -9999 -9999 -9999 -9999 -9999 -9999 -9999 -9999 -9999 -9999 1.11823E-1 1.14992E-1 1.14049E-1 1.15922E-1 1.15625E-1 -9999 -9999 5.46294E-1 6.63339E-1 3.72688E-1 3.63282E-1 4.20925E-1 4.20925E-1 8.36795E-1 6.12083E-1 5.35646E-1 6.08334E-1 6.01653E-1 5.1831E-1 5.22177E-1 5.09176E-1 4.54641E-1 4.35377E-1 4.44324E-1 4.2539E-1 4.0591E-1 3.69662E-1 3.26795E-1 3.24158E-1 3.23147E-1 2.84062E-1 2.90168E-1 2.80005E-1 2.311E-1 2.00003E-1 2.00971E-1 1.96925E-1 2.19754E-1 2.09523E-1 2.16306E-1 6.33399E-2 6.26362E-2 5.89477E-2 6.08862E-2 6.42732E-2 6.67418E-2 4.85994E-2 4.11525E-2 4.57122E-2 4.16301E-2 4.51242E-2 4.13993E-2 5.77815E-2 5.7536E-2 6.08178E-2 7.03753E-2 6.14873E-2 6.93628E-2 7.1384E-2
-9999 -9999 -9999 -9999 -9999 -9999 -9999 -9999 -9999 -9999 -9999 -9999 -9999 -9999 -9999 -9999 -9999 -9999 5.21962E-1 5.19198E-1 6.10059E-1 7.59552E-1 8.39325E-1 6.9025E-1 6.58596E-1 5.94699E-1 5.18806E-1 5.92099E-1 5.17932E-1 5.00685E-1 5.16168E-1 4.88587E-1 4.10744E-1 2.62603E-1 4.4046E-1 4.43392E-1 3.94124E-1 3.357E-1 1.05236E-1 1.0339E-1 2.43263E-1 2.85247E-1 3.01332E-1 3.02648E-1 2.32665E-1 1.99613E-1 1.90018E-1 1.87149E-1 1.97738E-1 1.89527E-1 7.02959E-2 5.96342E-2 5.3027E-2 5.73149E-2 6.12116E-2 7.16935E-2 8.54356E-2 8.34797E-2 7.38336E-2 6.77361E-2 5.92281E-2 7.77948E-2 7.08961E-2 6.17586E-2 5.34603E-2 5.03601E-2 5.8805E-2 5.00854E-2 6.55979E-2 7.81194E-2
-9999 -9999 -9999 -9999 -9999 -9999 -9999 -9999 -9999 -9999 -9999 -9999 -9999 -9999 -9999 -9999 -9999 4.62516E-1 4.72517E-1 4.94831E-1 6.78423E-1 5.26577E-1 6.57622E-1 6.55364E-1 5.76317E-1 5.92141E-1 6.84395E-1 5.84799E-1 5.33739E-1 4.91009E-1 5.49554E-1 4.86644E-1 4.01038E-1 3.72283E-1 4.12315E-1 4.091E-1 3.58881E-1 1.12694E-1 8.12125E-2 7.93227E-2 7.0747E-2 2.2518E-1 2.6E-1 2.71828E-1 2.44068E-1 2.11475E-1 1.92025E-1 1.81498E-1 1.72446E-1 1.63051E-1 4.74527E-2 5.79999E-2 6.92821E-2 7.41201E-2 7.16744E-2 8.20751E-2 9.66029E-2 8.85108E-2 7.73311E-2 6.81967E-2 5.63018E-2 8.11169E-2 6.75983E-2 4.4694E-2 4.53492E-2 4.41162E-2 2.7659E-2 4.67405E-2 6.72347E-2 1.31712E-2
-9999 -9999 -9999 -9999 -9999 -9999 -9999 -9999 -9999 -9999 -9999 -9999 -9999 -9999 4.13166E-1 4.11033E-1 4.11129E-1 5.5827E-1 5.72325E-1 5.64929E-1 6.22066E-1 5.92014E-1 5.9075E-1 6.17893E-1 6.50602E-1 5.75159E-1 6.80502E-1 6.56465E-1 5.58302E-1 6.1062E-1 5.7981E-1 5.12878E-1 4.38634E-1 4.04654E-1 3.79709E-1 3.60954E-1 1.16176E-1 8.22543E-2 6.6764E-2 7.30721E-2 8.91881E-2 2.30814E-1 2.71387E-1 2.99786E-1 3.20498E-1 3.08751E-1 2.94731E-1 2.5068E-1 1.89149E-1 5.72904E-2 4.69441E-2 2.15771E-1 2.69916E-1 3.2823E-1 2.87683E-1 1.0704E-1 9.69028E-2 8.14098E-2 6.82108E-2 6.83832E-2 7.71969E-2 6.45824E-2 4.97564E-2 5.63587E-2 4.23712E-2 3.41815E-2 3.5388E-3 4.67294E-2 1.00126E-2 1.43574E-2
-9999 -9999 -9999 -9999 -9999 -9999 -9999 -9999 -9999 -9999 3.92484E-2 2.2328E-1 2.18998E-1 1.96481E-1 6.39782E-1 4.49719E-1 4.50699E-1 6.00648E-1 4.45545E-1 6.11921E-1 5.57548E-1 5.44789E-1 5.53183E-1 5.77124E-1 6.27898E-1 6.51314E-1 6.55428E-1 6.66234E-1 6.62287E-1 -9999 6.00373E-1 -9999 4.66282E-1 -9999 1.08435E-1 1.07545E-1 9.75818E-2 7.4216E-2 6.86728E-2 6.88801E-2 8.29231E-2 2.2175E-1 2.86719E-1 3.32495E-1 3.81641E-1 3.91165E-1 3.75037E-1 3.91551E-1 3.48357E-1 3.26498E-1 3.30184E-1 3.35863E-1 3.29987E-1 3.0829E-1 3.15014E-1 1.21499E-1 9.18822E-2 6.38174E-2 6.33754E-2 5.28231E-2 4.79578E-2 4.62741E-2 4.96803E-2 7.73538E-2 7.48779E-2 4.35229E-2 8.56162E-3 7.22564E-3 1.3062E-2 3.12131E-2
-9999 -9999 -9999 -9999 -9999 -9999 -9999 -9999 -9999 -9999 -9999 2.13152E-1 0E0 1.74221E-1 2.05783E-1 3.78754E-1 5.12959E-1 5.43831E-1 4.99896E-1 5.71811E-1 5.48829E-1 5.39472E-1 5.58888E-1 5.71048E-1 6.09846E-1 6.3254E-1 6.48279E-1 6.66755E-1 6.71308E-1 6.60531E-1 -9999 5.40865E-1 4.72561E-1 4.02166E-1 1.12802E-1 9.6714E-2 8.97504E-2 8.1208E-2 7.96909E-2 7.40619E-2 6.3966E-2 2.05353E-1 3.20927E-1 3.59053E-1 4.25165E-1 4.56298E-1 4.47479E-1 4.34841E-1 3.89937E-1 3.6211E-1 3.46534E-1 3.15192E-1 3.08696E-1 3.58723E-1 3.39048E-1 1.16279E-1 8.42948E-2 4.81584E-2 3.23538E-2 3.40753E-2 3.02586E-2 3.27616E-2 4.36649E-2 7.88156E-2 1.07697E-1 7.4425E-2 8.58137E-2 9.16585E-2 8.71198E-2 1.35241E-1
-9999 -9999 -9999 -9999 -9999 -9999 -9999 -9999 -9999 -9999 -9999 -9999 1.82228E-1 2.22338E-1 1.78089E-1 1.6784E-1 4.93047E-1 5.20833E-1 5.45688E-1 5.62123E-1 5.56497E-1 5.64057E-1 5.85895E-1 5.15436E-1 5.40198E-1 5.59061E-1 6.57291E-1 6.69844E-1 5.92073E-1 -9999 -9999 -9999 4.74611E-1 4.298E-1 1.3046E-1 9.74788E-2 8.47199E-2 8.1531E-2 7.8231E-2 7.12169E-2 6.62084E-2 2.4982E-1 2.18226E-1 2.39086E-1 4.01E-1 4.10204E-1 4.3386E-1 4.30504E-1 4.63301E-1 4.41132E-1 4.23358E-1 3.56958E-1 3.10429E-1 2.92007E-1 1.21231E-1 1.03012E-1 5.46553E-2 3.66725E-2 2.29054E-2 3.00679E-2 3.34901E-2 4.71392E-2 5.91261E-2 8.88444E-2 1.09219E-1 1.3277E-1 1.52518E-1 1.76178E-1 1.5455E-1 1.69634E-1
-9999 -9999 -9999 -9999 -9999 -9999 -9999 -9999 -9999 -9999 -9999 -9999 -9999 1.89558E-1 1.42208E-1 1.50145E-1 1.51689E-1 3.52385E-1 4.96122E-1 5.16537E-1 5.40657E-1 5.63473E-1 4.96338E-1 5.00783E-1 5.2111E-1 5.42642E-1 5.59758E-1 6.38306E-1 5.56378E-1 -9999 -9999 4.65375E-1 4.84751E-1 3.49443E-1 1.31051E-1 8.08496E-2 5.01052E-2 4.46053E-2 4.39955E-2 4.67883E-2 4.05894E-2 1.96275E-1 2.82895E-1 3.41056E-1 3.48176E-1 3.48592E-1 4.3675E-1 4.18626E-1 3.89866E-1 4.4079E-1 3.98661E-1 3.59493E-1 2.97007E-1 2.8076E-1 9.97885E-2 7.57031E-2 4.50444E-2 2.46273E-2 3.00725E-2 3.96305E-2 4.78718E-2 6.88308E-2 1.00872E-1 1.5963E-1 1.88832E-1 1.94663E-1 2.08798E-1 2.22259E-1 2.42314E-1 2.29916E-1
-9999 -9999 -9999 -9999 -9999 -9999 -9999 -9999 -9999 -9999 -9999 -9999 -9999 -9999 1.5415E-1 1.46781E-1 1.44043E-1 1.31285E-1 2.59795E-1 3.87262E-1 4.79819E-1 5.38937E-1 4.95764E-1 4.92002E-1 4.94765E-1 5.03264E-1 5.02461E-1 4.89702E-1 4.57868E-1 4.78688E-1 -9999 -9999 -9999 3.08529E-1 9.94729E-2 5.66773E-2 3.58588E-2 3.26016E-2 3.88009E-2 6.39459E-2 2.41046E-1 3.69425E-1 4.47628E-1 4.73239E-1 4.42524E-1 3.63092E-1 4.03781E-1 3.55296E-1 2.95827E-1 3.32559E-1 2.83083E-1 2.58523E-1 2.452E-1 2.67398E-1 9.54668E-2 7.55803E-2 5.35742E-2 3.78802E-2 3.11837E-2 3.27721E-2 3.18047E-2 5.92026E-2 1.29446E-1 4.31856E-1 2.08068E-1 1.86493E-1 1.97464E-1 2.23213E-1 2.27024E-1 2.38361E-1
-9999 -9999 -9999 -9999 -9999 -9999 -9999 -9999 -9999 -9999 -9999 -9999 -9999 -9999 -9999 1.37078E-1 1.27706E-1 1.13115E-1 9.19793E-2 1.03621E-1 4.49943E-1 5.17152E-1 5.56272E-1 4.7911E-1 4.84395E-1 4.80666E-1 4.51938E-1 4.56766E-1 4.40437E-1 -9999 -9999 -9999 3.04466E-1 1.03192E-1 5.55568E-2 2.97835E-2 2.06095E-2 2.07238E-2 4.0719E-2 7.92553E-2 2.89508E-1 4.24538E-1 4.99292E-1 5.38425E-1 5.07557E-1 4.44738E-1 3.93008E-1 4.17178E-1 3.6477E-1 2.60346E-1 2.00558E-1 2.64631E-1 2.6574E-1 3.26294E-1 3.28455E-1 2.87079E-1 7.71485E-2 5.21022E-2 4.22393E-2 2.75788E-2 3.60711E-2 1.05708E-1 2.10796E-1 4.52656E-1 4.40377E-1 3.60904E-1 1.59719E-1 1.71675E-1 1.96812E-1 1.89073E-1
-9999 -9999 -9999 -9999 -9999 -9999 -9999 -9999 -9999 -9999 -9999 -9999 -9999 -9999 -9999 -9999 1.15037E-1 1.03651E-1 1.00101E-1 1.08411E-1 2.00114E-1 2.21556E-1 6.01081E-1 4.48042E-1 4.55063E-1 4.24037E-1 4.13309E-1 4.08164E-1 3.97318E-1 -9999 -9999 -9999 7.90895E-2 4.28191E-2 2.59811E-2 1.58855E-2 7.28051E-3 1.66004E-2 3.30591E-2 6.29606E-2 2.67759E-1 4.0148E-1 5.11364E-1 5.51294E-1 5.33922E-1 4.6809E-1 4.33106E-1 3.98177E-1 3.64204E-1 3.8727E-1 3.91622E-1 4.10322E-1 4.42356E-1 4.35344E-1 3.72547E-1 1.01635E-1 7.71533E-2 6.53045E-2 6.19198E-2 1.17701E-1 5.23952E-1 5.9972E-1 5.95859E-1 5.28024E-1 4.35601E-1 1.43053E-1 1.47783E-1 1.92209E-1 2.25032E-1 2.44457E-1
-9999 -9999 -9999 -9999 -9999 -9999 -9999 -9999 -9999 -9999 -9999 -9999 -9999 -9999 -9999 -9999 -9999 1.13743E-1 1.19673E-1 1.25182E-1 1.99276E-1 2.34607E-1 2.63311E-1 2.37848E-1 6.58281E-1 4.57764E-1 4.25153E-1 -9999 -9999 -9999 -9999 -9999 -9999 2.04819E-2 1.44387E-2 9.76958E-3 6.41203E-3 8.33624E-3 1.79241E-2 3.99454E-2 2.61469E-1 4.17685E-1 5.10009E-1 5.43844E-1 5.22603E-1 4.91518E-1 4.7325E-1 4.33461E-1 3.9882E-1 4.68746E-1 4.9707E-1 4.93965E-1 5.1874E-1 4.51676E-1 4.21927E-1 4.61775E-1 5.02984E-1 5.06063E-1 5.03956E-1 5.82225E-1 5.77962E-1 6.10409E-1 6.39538E-1 5.27374E-1 4.28746E-1 1.3998E-1 1.63708E-1 2.07231E-1 2.5478E-1 2.60088E-1
-9999 -9999 -9999 -9999 -9999 -9999 -9999 -9999 -9999 -9999 -9999 -9999 -9999 -9999 -9999 -9999 -9999 -9999 2.28533E-1 1.44143E-1 1.37826E-1 2.41809E-1 2.83588E-1 3.07389E-1 3.1073E-1 -9999 -9999 -9999 -9999 -9999 -9999 -9999 -9999 8.99096E-3 4.94772E-3 4.00766E-3 2.83683E-3 3.66244E-3 1.02927E-2 3.53001E-2 2.96826E-1 4.6138E-1 4.2086E-1 5.40682E-1 5.17101E-1 4.78556E-1 4.46348E-1 4.11595E-1 3.79238E-1 4.19949E-1 4.40129E-1 4.58406E-1 5.56522E-1 5.88217E-1 5.82554E-1 5.93867E-1 6.12957E-1 6.44831E-1 5.80227E-1 5.80216E-1 5.38854E-1 6.17132E-1 6.19724E-1 5.5981E-1 4.29504E-1 1.85495E-1 2.28302E-1 3.03615E-1 2.7355E-1 2.49281E-1
-9999 -9999 -9999 -9999 -9999 -9999 -9999 -9999 -9999 -9999 -9999 -9999 -9999 -9999 -9999 -9999 -9999 -9999 -9999 -9999 1.19726E-1 1.40036E-1 -9999 -9999 -9999 -9999 -9999 -9999 -9999 -9999 -9999 -9999 -9999 -9999 1.9111E-3 6.87037E-4 5.81922E-4 2.07537E-3 8.14767E-3 8.32129E-3 2.45398E-1 4.36586E-1 3.84206E-1 5.108E-1 4.92675E-1 4.44744E-1 3.97703E-1 3.61404E-1 3.32922E-1 3.93228E-1 4.0832E-1 4.72892E-1 5.10784E-1 5.6321E-1 5.79403E-1 5.80834E-1 6.54834E-1 6.70599E-1 6.0382E-1 5.90228E-1 5.59808E-1 5.92172E-1 6.24547E-1 6.06733E-1 5.41239E-1 2.71141E-1 2.8704E-1 3.50156E-1 2.8796E-1 1.71502E-1
-9999 -9999 -9999 -9999 -9999 -9999 -9999 -9999 -9999 -9999 -9999 -9999 -9999 -9999 -9999 -9999 -9999 -9999 -9999 -9999 -9999 -9999 -9999 -9999 -9999 -9999 -9999 -9999 -9999 -9999 -9999 -9999 -9999 1.87845E-3 1.01546E-3 3.10178E-4 6.95686E-4 2.40376E-3 1.00369E-2 1.29379E-1 3.31168E-1 3.80015E-1 4.23629E-1 5.16702E-1 4.82582E-1 4.2423E-1 3.77564E-1 3.36678E-1 3.14908E-1 3.51608E-1 3.64624E-1 4.30345E-1 4.32725E-1 5.18574E-1 5.23929E-1 5.59945E-1 6.04875E-1 6.21595E-1 5.92386E-1 5.79797E-1 5.36849E-1 5.35053E-1 5.95884E-1 5.93807E-1 5.87007E-1 2.60241E-1 3.30069E-1 3.11049E-1 2.23841E-1 1.49029E-1
-9999 -9999 -9999 -9999 -9999 -9999 -9999 -9999 -9999 -9999 -9999 -9999 -9999 -9999 -9999 -9999 -9999 -9999 -9999 -9999 -9999 -9999 -9999 -9999 -9999 -9999 -9999 -9999 -9999 -9999 -9999 -9999 -9999 1.57351E-3 6.85898E-4 3.74905E-4 7.02164E-4 4.21588E-3 1.72807E-2 1.54974E-1 2.99242E-1 4.15109E-1 3.93508E-1 5.15348E-1 4.67148E-1 3.9317E-1 3.33003E-1 2.59784E-1 2.91727E-1 2.90964E-1 3.19667E-1 3.41981E-1 3.54024E-1 4.20632E-1 4.51329E-1 4.98543E-1 5.2678E-1 5.36561E-1 5.07944E-1 4.77681E-1 4.64617E-1 4.75553E-1 4.84071E-1 5.24637E-1 2.23748E-1 2.39141E-1 2.74952E-1 2.31452E-1 1.70029E-1 1.11148E-1
-9999 -9999 -9999 -9999 -9999 -9999 -9999 -9999 -9999 -9999 -9999 -9999 -9999 -9999 -9999 -9999 -9999 -9999 -9999 -9999 -9999 -9999 -9999 -9999 -9999 -9999 -9999 -9999 -9999 -9999 -9999 -9999 1.29501E-3 5.34538E-4 4.52672E-4 2.31709E-4 6.39742E-4 5.3592E-3 2.99393E-2 2.68248E-1 3.57129E-1 4.17028E-1 4.5899E-1 4.75379E-1 4.30527E-1 3.07819E-1 2.50549E-1 2.75601E-1 2.92141E-1 3.28655E-1 3.69938E-1 3.19891E-1 3.66275E-1 3.80346E-1 4.28184E-1 4.61381E-1 4.41291E-1 4.27014E-1 1.89553E-1 1.52224E-1 1.69686E-1 4.4417E-1 1.99694E-1 1.92511E-1 2.2225E-1 2.23927E-1 1.61067E-1 1.51163E-1 1.23904E-1 1.09691E-1
-9999 -9999 -9999 -9999 -9999 -9999 -9999 -9999 -9999 -9999 -9999 -9999 -9999 -9999 -9999 -9999 -9999 -9999 -9999 -9999 -9999 -9999 -9999 -9999 -9999 -9999 -9999 -9999 -9999 -9999 -9999 -9999 7.12239E-4 2.71255E-4 1.67942E-4 1.2616E-4 3.49012E-4 3.76029E-3 3.52274E-2 3.36792E-1 4.51276E-1 3.81338E-1 3.82819E-1 4.62383E-1 4.06525E-1 3.30795E-1 2.59234E-1 2.84469E-1 3.12377E-1 3.49149E-1 3.9485E-1 3.52818E-1 4.23822E-1 3.93844E-1 3.83486E-1 4.23454E-1 4.63412E-1 4.08444E-1 1.25441E-1 1.42864E-1 1.43471E-1 1.39366E-1 1.56284E-1 1.78137E-1 1.5994E-1 1.36655E-1 1.0861E-1 9.22555E-2 8.68177E-2 1.11727E-1
-9999 -9999 -9999 -9999 -9999 -9999 -9999 -9999 -9999 -9999 -9999 -9999 -9999 -9999 -9999 -9999 -9999 -9999 -9999 -9999 -9999 -9999 -9999 -9999 -9999 -9999 -9999 -9999 -9999 -9999 -9999 -9999 5.53294E-4 1.37057E-4 2.99655E-5 1.8745E-5 9.46654E-5 2.71292E-4 1.60288E-2 2.74322E-1 4.40165E-1 4.07562E-1 4.17221E-1 3.99412E-1 4.56516E-1 3.80103E-1 3.66089E-1 3.96703E-1 4.15875E-1 4.494E-1 4.22713E-1 4.46226E-1 4.42479E-1 4.53155E-1 4.23557E-1 4.39738E-1 4.0355E-1 4.04208E-1 1.34954E-1 1.49037E-1 1.32598E-1 1.56286E-1 1.50554E-1 1.71499E-1 1.54284E-1 1.11733E-1 9.31347E-2 6.63724E-2 7.17783E-2 9.49592E-2
-9999 -9999 -9999 -9999 -9999 -9999 -9999 -9999 -9999 -9999 -9999 -9999 -9999 -9999 -9999 -9999 -9999 -9999 -9999 -9999 -9999 -9999 -9999 -9999 -9999 -9999 -9999 -9999 -9999 -9999 -9999 -9999 2.75306E-4 8.02688E-5 1.79784E-5 3.09372E-5 2.49448E-5 6.45124E-5 2.96828E-3 9.73211E-3 3.78058E-1 3.96139E-1 4.21899E-1 4.22753E-1 4.95944E-1 4.29193E-1 3.88755E-1 4.4635E-1 4.26476E-1 4.84971E-1 4.9308E-1 4.98048E-1 5.0203E-1 4.56201E-1 4.14981E-1 3.88427E-1 3.59404E-1 1.40493E-1 1.44654E-1 1.51831E-1 1.23748E-1 1.33459E-1 1.54891E-1 1.48636E-1 1.25908E-1 9.37054E-2 8.058E-2 7.81218E-2 8.87032E-2 8.14936E-2
-9999 -9999 -9999 -9999 -9999 -9999 -9999 -9999 -9999 -9999 -9999 -9999 -9999 -9999 -9999 -9999 -9999 -9999 -9999 -9999 -9999 -9999 -9999 -9999 -9999 -9999 -9999 -9999 -9999 -9999 -9999 -9999 3.90044E-4 5.90984E-5 1.62615E-5 2.32485E-5 4.12056E-5 1.4953E-4 6.23358E-4 9.46204E-3 4.08062E-1 3.9571E-1 4.22966E-1 4.23217E-1 5.0733E-1 4.93875E-1 4.72352E-1 4.27677E-1 4.6576E-1 4.4408E-1 4.77018E-1 4.71314E-1 4.61615E-1 4.56539E-1 4.26326E-1 3.84491E-1 3.43108E-1 1.44484E-1 1.40772E-1 1.59047E-1 1.50229E-1 1.44443E-1 1.36923E-1 1.23302E-1 1.05791E-1 9.99948E-2 9.03551E-2 8.53077E-2 6.13484E-2 5.77161E-2
-9999 -9999 -9999 -9999 -9999 -9999 -9999 -9999 -9999 -9999 -9999 -9999 -9999 -9999 -9999 -9999 -9999 -9999 -9999 -9999 -9999 -9999 -9999 -9999 -9999 -9999 -9999 -9999 -9999 -9999 -9999 -9999 -9999 4.62892E-5 1.95772E-5 1.23721E-5 9.49745E-5 4.80342E-4 2.64991E-3 6.17329E-3 2.79222E-1 3.38503E-1 3.90506E-1 4.82916E-1 4.87287E-1 5.86792E-1 4.92401E-1 4.35664E-1 4.07382E-1 4.57764E-1 4.96301E-1 4.82823E-1 4.5605E-1 4.2776E-1 4.10362E-1 3.82439E-1 4.07156E-1 4.4688E-1 2.04399E-1 1.81421E-1 1.53915E-1 1.40503E-1 1.22671E-1 1.2303E-1 1.02369E-1 9.68114E-2 9.43327E-2 8.49135E-2 6.7148E-2 6.15026E-2
-9999 -9999 -9999 -9999 -9999 -9999 -9999 -9999 -9999 -9999 -9999 -9999 -9999 -9999 -9999 -9999 -9999 -9999 -9999 -9999 -9999 -9999 -9999 -9999 -9999 -9999 -9999 -9999 -9999 -9999 -9999 -9999 -9999 3.8508E-5 2.92487E-5 1.30308E-5 7.09196E-5 3.50652E-4 1.22978E-3 1.4261E-1 3.0023E-1 4.08951E-1 3.65775E-1 4.63061E-1 5.45172E-1 5.41151E-1 4.6908E-1 4.19127E-1 4.59777E-1 4.49016E-1 4.85351E-1 5.30385E-1 4.50398E-1 4.27543E-1 3.49425E-1 3.69072E-1 4.6698E-1 5.35294E-1 2.29244E-1 2.07144E-1 1.85975E-1 1.51909E-1 1.22283E-1 1.06236E-1 1.08605E-1 1.13206E-1 1.06258E-1 1.11495E-1 1.01566E-1 8.8405E-2
