KUENM_DEFAULT/Final_Models/M_1_F_lqpth_Set_1_NE/sp1_se_asia_max.asc
ncols         320
nrows         243
xllcorner     44.0
yllcorner     -0.666666666666667
cellsize      0.166666666666667
NODATA_value  -9999
[rows 93 to 123 of 243, columns 210 to 279 of 320]
8.61826E-2 7.16219E-2 7.29004E-2 9.16626E-2 1.08536E-1 1.13719E-1 1.14714E-1 1.1513E-1 1.10197E-1 1.0451E-1 1.30787E-1 1.20821E-1 1.06791E-1 9.36557E-2 9.45322E-2 9.93071E-2 1.03369E-1 1.23123E-1 1.44429E-1 1.81749E-1 1.73819E-1 1.61789E-1 1.6274E-1 1.62821E-1 1.61574E-1 1.53506E-1 1.37529E-1 1.33195E-1 1.48973E-1 1.4572E-1 1.09226E-1 9.35291E-2 1.0438E-1 1.1631E-1 1.19282E-1 9.99403E-2 1.21056E-1 1.33473E-1 1.18182E-1 1.25921E-1 1.29931E-1 1.32432E-1 1.13377E-1 1.06393E-1 9.03727E-2 9.55051E-2 9.54789E-2 8.99784E-2 8.6602E-2 6.16051E-2 4.87479E-2 4.68775E-2 5.36055E-2 6.58227E-2 6.0726E-2 6.02409E-2 4.88247E-2 4.30325E-2 3.85231E-2 3.09755E-2 2.58089E-2 2.25981E-2 2.09973E-2 1.83435E-2 1.69605E-2 1.46783E-2 1.25254E-2 1.07754E-2 9.24561E-3 7.79703E-3
8.43433E-2 7.71373E-2 8.59548E-2 9.66689E-2 1.08393E-1 1.02209E-1 1.22744E-1 1.29935E-1 1.12917E-1 1.0397E-1 1.04853E-1 9.96512E-2 9.99099E-2 9.90716E-2 1.05298E-1 1.03968E-1 9.98423E-2 1.19348E-1 1.30776E-1 1.40841E-1 1.47558E-1 1.60949E-1 1.60177E-1 1.50262E-1 1.28721E-1 1.32482E-1 1.11311E-1 1.06627E-1 1.08559E-1 1.23117E-1 1.28248E-1 1.3162E-1 1.22038E-1 1.10018E-1 8.39655E-2 8.06125E-2 8.65771E-2 8.17377E-2 7.82207E-2 7.97289E-2 1.06008E-1 1.11767E-1 1.02445E-1 9.32868E-2 9.28583E-2 8.40533E-2 8.21836E-2 7.6925E-2 7.28352E-2 6.29079E-2 5.67004E-2 5.77683E-2 5.872E-2 6.52327E-2 6.05837E-2 6.13397E-2 5.04367E-2 4.34447E-2 3.67181E-2 3.02033E-2 2.46504E-2 2.31818E-2 2.15699E-2 1.9568E-2 1.66899E-2 1.49464E-2 1.35771E-2 1.15075E-2 1.03817E-2 8.94226E-3
1.01577E-1 1.02221E-1 1.00471E-1 1.06659E-1 1.18626E-1 1.00466E-1 1.01389E-1 1.19004E-1 1.01346E-1 9.84651E-2 9.56517E-2 9.29055E-2 9.71986E-2 9.8912E-2 1.04331E-1 1.04445E-1 9.27689E-2 1.01155E-1 9.89642E-2 1.18132E-1 1.06885E-1 1.366E-1 1.28729E-1 1.07731E-1 9.80252E-2 8.96427E-2 8.46328E-2 8.3731E-2 8.34726E-2 9.80888E-2 1.20056E-1 1.25274E-1 9.99468E-2 9.26528E-2 7.89895E-2 8.02292E-2 8.14065E-2 7.68248E-2 7.29838E-2 7.15665E-2 8.50498E-2 9.57598E-2 7.90199E-2 7.67526E-2 8.91363E-2 8.91079E-2 8.50537E-2 7.50037E-2 7.14214E-2 6.6424E-2 6.27403E-2 6.20366E-2 5.85038E-2 5.42898E-2 6.76205E-2 5.88374E-2 5.47712E-2 4.40568E-2 3.75574E-2 3.00721E-2 2.66269E-2 2.624E-2 2.32102E-2 2.02873E-2 1.71586E-2 1.59812E-2 1.43125E-2 1.21698E-2 1.11615E-2 1.01505E-2
1.07222E-1 1.03301E-1 9.6245E-2 1.09346E-1 1.025E-1 8.86651E-2 8.60576E-2 9.61398E-2 9.80515E-2 1.15663E-1 9.13763E-2 9.13851E-2 9.74164E-2 1.06468E-1 1.05452E-1 1.02736E-1 8.9225E-2 9.24051E-2 8.98132E-2 9.08363E-2 8.22446E-2 8.71764E-2 9.48769E-2 9.05689E-2 8.70565E-2 7.67295E-2 7.36772E-2 7.61444E-2 7.56759E-2 8.00261E-2 9.08442E-2 8.66317E-2 8.81275E-2 9.04664E-2 7.81509E-2 7.93239E-2 7.95299E-2 7.80941E-2 8.0608E-2 8.84955E-2 8.21709E-2 8.79951E-2 9.35239E-2 1.21035E-1 1.08382E-1 9.98253E-2 9.40076E-2 6.92924E-2 7.07303E-2 6.99371E-2 7.01994E-2 7.627E-2 7.33019E-2 6.02157E-2 5.47302E-2 5.98776E-2 5.52892E-2 4.76644E-2 4.12088E-2 3.17286E-2 2.95057E-2 2.57204E-2 2.40278E-2 2.07748E-2 1.91809E-2 1.62562E-2 1.50454E-2 1.29787E-2 1.14167E-2 1.06419E-2
9.23182E-2 9.34469E-2 9.67242E-2 9.98783E-2 9.32341E-2 1.0133E-1 1.01702E-1 9.70044E-2 8.46407E-2 1.04573E-1 8.65492E-2 9.78612E-2 1.00693E-1 1.04978E-1 9.39004E-2 8.85698E-2 8.19335E-2 8.01973E-2 6.74126E-2 6.63492E-2 6.47044E-2 6.38516E-2 7.84804E-2 7.64713E-2 7.39943E-2 6.42525E-2 5.92627E-2 5.98878E-2 6.66301E-2 5.67789E-2 6.26459E-2 5.13351E-2 5.41323E-2 6.01134E-2 6.96805E-2 6.85767E-2 6.52852E-2 7.11643E-2 7.00607E-2 6.67938E-2 6.46257E-2 6.74162E-2 8.02369E-2 1.03741E-1 1.16077E-1 1.15445E-1 1.09608E-1 8.39123E-2 7.80148E-2 8.79609E-2 7.50176E-2 7.54648E-2 7.47305E-2 6.31438E-2 5.82373E-2 5.93562E-2 5.60846E-2 4.9906E-2 4.31334E-2 3.50761E-2 3.25081E-2 2.96434E-2 2.5361E-2 2.23596E-2 1.88241E-2 1.53315E-2 1.5755E-2 1.4853E-2 1.23564E-2 -9999
8.22398E-2 9.45863E-2 9.7183E-2 9.99557E-2 9.58958E-2 8.59229E-2 8.708E-2 8.07483E-2 8.34237E-2 8.35246E-2 7.96352E-2 8.42963E-2 9.09156E-2 9.48267E-2 9.83655E-2 8.82053E-2 7.94473E-2 7.34095E-2 7.55635E-2 6.32699E-2 6.01754E-2 6.00349E-2 7.70681E-2 6.95449E-2 6.1568E-2 5.82422E-2 5.37903E-2 4.50487E-2 4.69413E-2 3.81287E-2 4.90227E-2 4.2797E-2 4.73547E-2 5.72016E-2 6.74431E-2 5.65344E-2 5.46587E-2 5.77053E-2 5.29861E-2 5.39339E-2 6.48502E-2 6.98758E-2 7.10888E-2 7.82437E-2 8.85514E-2 1.01147E-1 1.09767E-1 9.12812E-2 8.19263E-2 1.38592E-1 9.72051E-2 7.80661E-2 7.32635E-2 6.68632E-2 6.09402E-2 5.84631E-2 6.10042E-2 5.43851E-2 4.57097E-2 3.59389E-2 3.37535E-2 3.06919E-2 2.58789E-2 2.43249E-2 2.07303E-2 1.792E-2 1.68667E-2 1.584E-2 1.3144E-2 -9999
8.32594E-2 9.28353E-2 1.06034E-1 1.09808E-1 1.02968E-1 9.35228E-2 8.34815E-2 7.35102E-2 7.25842E-2 6.01819E-2 5.77327E-2 5.45344E-2 7.32892E-2 8.13929E-2 9.09092E-2 8.38099E-2 7.62803E-2 7.17022E-2 7.10636E-2 6.97753E-2 6.86356E-2 6.39684E-2 7.12474E-2 6.43114E-2 5.52846E-2 5.22151E-2 4.74474E-2 4.13318E-2 4.03515E-2 4.15964E-2 4.49611E-2 4.31746E-2 4.5474E-2 5.40005E-2 6.14812E-2 5.41344E-2 5.28785E-2 6.01427E-2 5.37093E-2 6.74347E-2 8.32798E-2 7.11174E-2 6.17743E-2 6.57376E-2 7.32787E-2 8.69232E-2 1.11753E-1 9.72931E-2 8.38996E-2 8.06116E-2 1.22223E-1 1.00968E-1 7.61655E-2 6.56013E-2 6.11692E-2 7.02601E-2 6.85051E-2 6.11133E-2 4.69791E-2 3.46469E-2 3.44642E-2 3.24824E-2 2.90935E-2 2.51804E-2 2.29373E-2 2.06381E-2 1.87314E-2 1.65198E-2 1.45286E-2 1.2446E-2
1.04963E-1 1.02947E-1 1.18718E-1 1.25685E-1 1.10018E-1 1.12127E-1 9.8792E-2 7.64638E-2 5.17065E-2 4.45854E-2 4.85202E-2 5.10485E-2 4.79664E-2 5.42649E-2 6.41882E-2 6.74793E-2 6.98446E-2 6.89018E-2 7.11784E-2 8.10804E-2 6.70406E-2 6.12877E-2 6.25339E-2 5.39686E-2 5.10319E-2 4.44828E-2 3.96771E-2 3.2191E-2 3.43409E-2 3.79575E-2 3.99179E-2 4.41368E-2 4.41515E-2 5.36476E-2 5.75761E-2 6.00371E-2 6.15717E-2 6.32204E-2 6.27335E-2 7.27413E-2 7.74708E-2 6.9872E-2 7.38436E-2 7.66945E-2 7.52942E-2 8.33303E-2 9.71388E-2 9.23731E-2 8.24833E-2 7.33232E-2 8.3512E-2 7.64105E-2 9.514E-2 7.07739E-2 5.72247E-2 5.89789E-2 6.48655E-2 4.7063E-2 3.74968E-2 3.18837E-2 3.10034E-2 3.24514E-2 2.99895E-2 2.66597E-2 2.31923E-2 2.15912E-2 2.0123E-2 1.7832E-2 1.52658E-2 -9999
1.23481E-1 1.27022E-1 1.33395E-1 1.43682E-1 1.21029E-1 1.12611E-1 9.51279E-2 6.4955E-2 4.81372E-2 4.95467E-2 4.81195E-2 4.82173E-2 5.27404E-2 5.43986E-2 5.53727E-2 4.25773E-2 5.8532E-2 6.34634E-2 6.84856E-2 8.53708E-2 7.46928E-2 6.53844E-2 5.58438E-2 5.05054E-2 4.68965E-2 3.74645E-2 3.69037E-2 3.80721E-2 4.08904E-2 4.04402E-2 3.82715E-2 4.29559E-2 4.09707E-2 4.44567E-2 4.60416E-2 5.91716E-2 6.71088E-2 6.12527E-2 5.84586E-2 6.34239E-2 6.21786E-2 7.12536E-2 7.3388E-2 7.5906E-2 8.36488E-2 8.51177E-2 8.12386E-2 7.20255E-2 6.82885E-2 6.8966E-2 7.38259E-2 7.31361E-2 8.26164E-2 7.24872E-2 5.27506E-2 4.26379E-2 4.78441E-2 3.89725E-2 3.35839E-2 3.12993E-2 3.14358E-2 3.07161E-2 2.871E-2 2.59205E-2 2.26061E-2 2.03799E-2 2.11919E-2 1.79235E-2 1.21761E-2 -9999
1.25567E-1 1.35529E-1 1.47331E-1 1.38391E-1 1.25195E-1 1.11036E-1 7.83632E-2 6.19748E-2 4.97658E-2 4.99374E-2 5.13371E-2 4.80872E-2 4.9653E-2 4.99428E-2 5.90506E-2 4.99834E-2 4.39413E-2 6.19026E-2 6.32247E-2 7.60168E-2 8.02304E-2 7.13535E-2 5.61083E-2 4.99197E-2 4.11011E-2 3.61395E-2 3.85333E-2 3.99501E-2 4.16097E-2 4.31917E-2 4.59872E-2 4.55911E-2 4.26862E-2 4.28711E-2 4.59496E-2 5.8407E-2 6.1694E-2 6.21916E-2 5.83107E-2 6.22921E-2 7.66307E-2 7.86313E-2 8.12858E-2 8.54899E-2 8.50081E-2 7.26753E-2 7.28498E-2 6.47296E-2 6.15877E-2 5.89377E-2 6.33954E-2 6.41398E-2 5.84191E-2 4.92111E-2 3.34808E-2 2.6952E-2 3.51826E-2 3.64622E-2 3.16636E-2 3.1407E-2 3.31817E-2 2.77048E-2 2.5917E-2 2.43922E-2 2.02794E-2 1.8028E-2 1.70388E-2 1.49179E-2 -9999 6.19031E-3
1.22682E-1 1.37716E-1 1.57017E-1 1.54792E-1 1.2403E-1 9.86381E-2 7.05201E-2 5.36478E-2 5.28192E-2 4.83096E-2 5.06814E-2 5.32831E-2 5.85305E-2 5.05155E-2 4.98449E-2 4.94465E-2 6.12191E-2 6.60032E-2 6.24388E-2 6.03199E-2 6.10195E-2 6.27219E-2 5.79541E-2 4.7939E-2 5.66249E-2 4.82286E-2 4.54025E-2 4.49963E-2 4.80959E-2 5.38178E-2 5.89524E-2 5.71944E-2 4.87111E-2 4.87372E-2 5.19846E-2 5.82235E-2 6.44781E-2 6.42524E-2 7.15141E-2 7.1066E-2 7.68752E-2 8.14863E-2 8.7259E-2 9.28997E-2 8.54904E-2 7.38773E-2 6.33729E-2 6.0544E-2 5.41242E-2 5.11403E-2 5.26028E-2 5.65554E-2 4.86845E-2 3.55931E-2 2.69807E-2 2.68131E-2 3.28228E-2 3.42973E-2 3.37091E-2 3.13349E-2 2.97852E-2 2.59617E-2 2.46226E-2 2.11515E-2 1.83257E-2 1.68892E-2 1.31423E-2 1.01304E-2 8.05954E-3 -9999
1.25712E-1 1.5272E-1 1.6785E-1 1.60669E-1 1.22812E-1 9.704E-2 6.74552E-2 5.28856E-2 4.91333E-2 4.72065E-2 4.8987E-2 5.56012E-2 5.79638E-2 6.70287E-2 7.15705E-2 7.45934E-2 6.72306E-2 7.10944E-2 7.88807E-2 6.47188E-2 5.77759E-2 5.56338E-2 5.73848E-2 5.75603E-2 6.17077E-2 6.03154E-2 5.02104E-2 4.81775E-2 5.35771E-2 5.84437E-2 6.0629E-2 5.75307E-2 5.30574E-2 5.12391E-2 5.33059E-2 5.80747E-2 6.05177E-2 6.18877E-2 7.14972E-2 6.94856E-2 6.39368E-2 6.41906E-2 7.68419E-2 7.36805E-2 7.13522E-2 7.30599E-2 6.06254E-2 5.50309E-2 5.34249E-2 4.63784E-2 5.03122E-2 5.35152E-2 4.31103E-2 -9999 3.16292E-2 3.13133E-2 3.34812E-2 3.19797E-2 3.11332E-2 2.86165E-2 2.74183E-2 2.40611E-2 2.18186E-2 1.77965E-2 1.5261E-2 1.32764E-2 9.63938E-3 6.79501E-3 5.38644E-3 4.2298E-3
1.57833E-1 1.83708E-1 1.74228E-1 1.47144E-1 1.11061E-1 8.25225E-2 5.62388E-2 4.99974E-2 4.66576E-2 4.55623E-2 4.79619E-2 5.41183E-2 6.2633E-2 8.62588E-2 1.01266E-1 1.01758E-1 9.62815E-2 9.0565E-2 8.75963E-2 6.85915E-2 6.16899E-2 6.4966E-2 6.33736E-2 6.15079E-2 6.44488E-2 5.55423E-2 5.43862E-2 4.99583E-2 5.25092E-2 5.72978E-2 5.78604E-2 5.41523E-2 5.13996E-2 4.97963E-2 4.97821E-2 5.14802E-2 5.31086E-2 5.41229E-2 5.71703E-2 5.72578E-2 5.57944E-2 5.58753E-2 5.78403E-2 5.12649E-2 4.95978E-2 6.4917E-2 5.50703E-2 4.87346E-2 4.99343E-2 4.92645E-2 4.91099E-2 4.55519E-2 4.05762E-2 3.56902E-2 3.9683E-2 3.85186E-2 3.375E-2 3.20598E-2 2.92099E-2 2.67629E-2 2.52559E-2 2.15281E-2 1.93911E-2 1.68542E-2 1.31239E-2 1.12147E-2 7.9867E-3 5.4646E-3 4.37501E-3 3.77319E-3
1.802E-1 1.74008E-1 1.6697E-1 1.28901E-1 8.72717E-2 6.50994E-2 5.20869E-2 4.73462E-2 4.54125E-2 4.5705E-2 5.42474E-2 6.23448E-2 7.50365E-2 1.2026E-1 1.35789E-1 1.39146E-1 1.26851E-1 8.36628E-2 7.61706E-2 7.41738E-2 7.95004E-2 7.3119E-2 6.64904E-2 6.45449E-2 5.80754E-2 5.55838E-2 4.99621E-2 4.72817E-2 5.04258E-2 5.57243E-2 5.50544E-2 5.0899E-2 4.65787E-2 4.32246E-2 4.30458E-2 4.40505E-2 4.65373E-2 4.91331E-2 5.40103E-2 5.64706E-2 5.47019E-2 4.63653E-2 4.61028E-2 4.28386E-2 4.35458E-2 4.35479E-2 4.06305E-2 3.93319E-2 4.56378E-2 7.94294E-2 5.16477E-2 4.42828E-2 3.76536E-2 3.9704E-2 4.71092E-2 3.73279E-2 3.10018E-2 2.91624E-2 2.84118E-2 2.4896E-2 2.34241E-2 2.15263E-2 1.74584E-2 -9999 1.32929E-2 9.62901E-3 7.32532E-3 5.27781E-3 4.66339E-3 -9999
1.948E-1 1.80847E-1 1.44848E-1 1.02365E-1 7.54798E-2 6.91991E-2 5.4429E-2 4.59856E-2 4.71802E-2 5.11665E-2 6.30472E-2 7.36212E-2 9.10039E-2 1.54372E-1 1.61871E-1 1.00143E-1 9.3786E-2 9.04373E-2 8.49239E-2 9.22015E-2 9.00554E-2 8.40057E-2 7.67981E-2 6.66838E-2 6.41733E-2 5.38964E-2 4.15282E-2 4.13144E-2 4.31136E-2 4.75915E-2 5.38285E-2 4.55674E-2 4.24781E-2 4.39195E-2 3.91533E-2 3.83884E-2 4.36393E-2 4.76385E-2 5.13807E-2 5.64285E-2 4.9701E-2 4.58448E-2 4.12212E-2 3.09819E-2 2.95151E-2 3.34298E-2 3.09887E-2 3.17581E-2 4.5133E-2 4.52157E-2 4.48208E-2 3.80107E-2 3.14279E-2 3.70046E-2 3.5946E-2 3.02562E-2 2.76554E-2 2.54893E-2 2.65422E-2 2.38897E-2 2.21852E-2 2.01573E-2 1.77735E-2 1.35083E-2 1.23515E-2 -9999 6.89831E-3 5.86405E-3 4.28047E-3 -9999
1.90294E-1 1.51378E-1 1.49699E-1 1.3205E-1 1.05566E-1 8.31393E-2 5.90232E-2 4.55696E-2 4.78366E-2 5.40538E-2 6.87686E-2 8.32563E-2 1.07506E-1 1.51672E-1 1.09603E-1 1.00894E-1 9.79045E-2 9.55556E-2 8.95045E-2 9.61985E-2 9.87756E-2 9.76915E-2 8.20165E-2 7.83347E-2 7.51346E-2 5.94631E-2 4.66056E-2 4.21765E-2 4.11301E-2 4.1054E-2 4.11483E-2 4.03654E-2 3.94594E-2 3.85527E-2 3.77017E-2 3.67144E-2 4.29172E-2 4.49838E-2 4.71044E-2 5.17403E-2 4.92504E-2 4.47804E-2 3.94853E-2 2.77342E-2 2.65807E-2 3.05211E-2 2.79726E-2 3.11208E-2 3.75668E-2 4.39472E-2 4.15111E-2 3.85191E-2 2.61636E-2 -9999 2.21602E-2 2.47781E-2 2.4965E-2 2.61172E-2 2.60584E-2 2.51387E-2 -9999 1.92389E-2 1.72114E-2 1.56766E-2 -9999 -9999 -9999 -9999 -9999 -9999
1.79508E-1 1.61038E-1 1.49687E-1 1.58835E-1 1.11251E-1 8.82045E-2 6.55949E-2 4.85311E-2 3.83884E-2 4.88162E-2 6.68443E-2 9.88468E-2 1.16607E-1 1.20114E-1 1.15346E-1 9.4669E-2 9.20116E-2 9.01867E-2 8.38196E-2 9.21913E-2 9.76805E-2 8.72843E-2 8.09166E-2 7.58832E-2 7.12949E-2 6.26215E-2 5.96664E-2 4.99471E-2 4.43909E-2 3.68479E-2 3.61604E-2 3.69409E-2 3.78283E-2 3.85723E-2 4.01468E-2 4.20575E-2 4.68634E-2 4.98434E-2 4.64765E-2 4.68008E-2 4.83851E-2 4.36266E-2 3.94012E-2 3.33626E-2 3.27232E-2 3.19832E-2 3.63378E-2 3.72406E-2 4.1048E-2 4.47506E-2 -9999 -9999 -9999 -9999 -9999 2.37701E-2 -9999 -9999 2.57371E-2 -9999 -9999 -9999 -9999 -9999 -9999 -9999 -9999 -9999 -9999 -9999
1.87873E-1 1.38551E-1 1.18458E-1 1.17576E-1 1.06276E-1 8.27585E-2 6.68055E-2 5.75336E-2 3.76576E-2 5.49336E-2 7.93528E-2 1.08524E-1 1.21854E-1 1.13639E-1 9.38094E-2 8.68873E-2 8.15437E-2 7.88595E-2 7.44818E-2 7.15527E-2 7.22846E-2 7.38284E-2 7.81005E-2 7.31896E-2 7.16616E-2 6.95535E-2 6.81195E-2 5.77196E-2 4.72887E-2 3.56913E-2 3.44711E-2 3.67815E-2 4.21565E-2 4.11505E-2 4.38702E-2 4.72798E-2 5.16069E-2 5.30741E-2 4.89605E-2 4.47286E-2 4.33462E-2 4.04449E-2 3.73736E-2 3.38542E-2 3.36981E-2 3.64113E-2 3.4909E-2 4.05951E-2 -9999 -9999 -9999 -9999 -9999 -9999 -9999 -9999 -9999 -9999 -9999 -9999 -9999 -9999 -9999 -9999 -9999 -9999 -9999 -9999 -9999 -9999
1.94486E-1 1.66085E-1 1.6136E-1 1.49222E-1 1.03541E-1 7.58264E-2 6.29305E-2 5.00366E-2 4.25163E-2 6.47213E-2 8.48812E-2 9.35309E-2 9.88217E-2 1.01116E-1 9.93392E-2 8.02341E-2 7.52247E-2 7.56693E-2 6.95678E-2 6.26743E-2 6.63864E-2 6.63028E-2 6.72463E-2 6.67438E-2 6.70612E-2 7.08536E-2 7.29834E-2 6.27371E-2 5.24215E-2 4.16216E-2 3.85933E-2 3.97025E-2 4.17867E-2 4.56832E-2 4.90432E-2 5.3239E-2 5.6548E-2 5.12607E-2 5.05069E-2 4.59186E-2 4.3372E-2 3.89724E-2 4.02719E-2 3.70825E-2 3.75342E-2 3.85632E-2 3.99251E-2 -9999 -9999 -9999 -9999 -9999 -9999 -9999 -9999 -9999 -9999 -9999 -9999 -9999 -9999 -9999 -9999 -9999 -9999 -9999 -9999 -9999 -9999 -9999
2.37675E-1 1.74778E-1 1.72615E-1 1.49127E-1 9.5019E-2 6.54235E-2 5.02891E-2 4.34755E-2 4.38644E-2 6.3998E-2 7.67727E-2 7.18895E-2 7.59012E-2 9.25804E-2 1.00947E-1 8.67378E-2 7.83168E-2 6.90022E-2 6.63325E-2 6.18811E-2 6.0009E-2 5.93789E-2 5.98093E-2 6.09877E-2 6.49424E-2 6.85803E-2 7.00119E-2 6.44789E-2 5.77268E-2 4.75672E-2 4.5134E-2 4.53052E-2 4.66984E-2 5.34521E-2 5.32849E-2 5.99545E-2 5.59897E-2 5.40114E-2 5.49337E-2 5.15482E-2 4.25682E-2 3.98335E-2 3.9192E-2 4.04897E-2 3.86189E-2 4.02254E-2 4.18862E-2 -9999 -9999 -9999 -9999 -9999 -9999 -9999 -9999 -9999 -9999 -9999 -9999 -9999 -9999 -9999 -9999 -9999 -9999 -9999 -9999 -9999 -9999 -9999
1.79603E-1 1.49376E-1 1.23422E-1 1.25525E-1 9.59576E-2 6.97912E-2 5.50111E-2 4.4642E-2 4.5359E-2 5.85887E-2 6.55924E-2 6.69807E-2 7.25751E-2 8.8806E-2 1.02202E-1 9.13972E-2 8.07472E-2 6.43285E-2 6.3375E-2 5.9001E-2 5.88237E-2 5.82354E-2 5.58945E-2 5.65393E-2 6.28387E-2 6.60309E-2 6.72674E-2 6.50847E-2 6.18805E-2 5.85507E-2 5.12063E-2 5.14781E-2 5.26029E-2 5.40531E-2 5.15117E-2 5.63459E-2 6.14141E-2 5.69678E-2 5.27727E-2 4.61549E-2 4.31601E-2 5.34174E-2 5.20415E-2 5.2528E-2 4.23239E-2 4.0629E-2 4.41398E-2 4.81054E-2 -9999 -9999 -9999 -9999 -9999 -9999 -9999 -9999 -9999 -9999 -9999 -9999 -9999 -9999 -9999 -9999 -9999 -9999 -9999 -9999 -9999 -9999
1.32421E-1 1.11468E-1 1.07144E-1 1.06728E-1 8.44258E-2 7.14186E-2 5.23141E-2 4.574E-2 4.4456E-2 4.82175E-2 6.04807E-2 6.40438E-2 7.0977E-2 8.16714E-2 8.50566E-2 9.12956E-2 7.76044E-2 6.50577E-2 6.06443E-2 5.8496E-2 5.97406E-2 7.05628E-2 7.10494E-2 6.36513E-2 6.44971E-2 6.58092E-2 6.66242E-2 6.11079E-2 5.91181E-2 5.72232E-2 5.62539E-2 5.62545E-2 5.18008E-2 5.58671E-2 5.61321E-2 5.97946E-2 5.94247E-2 5.95062E-2 5.15816E-2 4.79535E-2 4.20287E-2 4.76373E-2 4.90719E-2 4.34159E-2 4.35333E-2 4.275E-2 4.98739E-2 7.44479E-2 -9999 -9999 -9999 -9999 -9999 -9999 -9999 -9999 -9999 -9999 -9999 -9999 -9999 -9999 -9999 -9999 -9999 -9999 -9999 -9999 -9999 -9999
1.07265E-1 9.35561E-2 7.95091E-2 8.90119E-2 7.64426E-2 6.23122E-2 6.14873E-2 5.06457E-2 4.69103E-2 4.33759E-2 4.76284E-2 5.17903E-2 5.80447E-2 6.40039E-2 6.80783E-2 6.87166E-2 6.60122E-2 6.21974E-2 5.47597E-2 5.67847E-2 6.54812E-2 7.99782E-2 9.17531E-2 7.30608E-2 6.84723E-2 6.63185E-2 6.05103E-2 6.10311E-2 5.48211E-2 5.78087E-2 6.25099E-2 6.7884E-2 6.37544E-2 6.28347E-2 5.73688E-2 5.62555E-2 5.68565E-2 5.92018E-2 4.9532E-2 4.82482E-2 4.37105E-2 4.28967E-2 5.42691E-2 4.52797E-2 4.50089E-2 4.79685E-2 5.23322E-2 -9999 -9999 -9999 -9999 -9999 -9999 -9999 -9999 -9999 -9999 -9999 -9999 -9999 -9999 -9999 -9999 -9999 -9999 -9999 -9999 -9999 -9999 -9999
9.93257E-2 7.96365E-2 6.87654E-2 7.15407E-2 6.13709E-2 6.14386E-2 5.72759E-2 4.43473E-2 4.08583E-2 3.83341E-2 4.25551E-2 4.67494E-2 5.22744E-2 5.54353E-2 6.23354E-2 6.80116E-2 7.66613E-2 6.77911E-2 5.93259E-2 5.90393E-2 6.36074E-2 8.23994E-2 8.45475E-2 7.91075E-2 7.12155E-2 6.12015E-2 5.61243E-2 5.64784E-2 6.24502E-2 6.68315E-2 7.25308E-2 7.3805E-2 7.27419E-2 6.51671E-2 6.06713E-2 5.07843E-2 5.25044E-2 5.17822E-2 4.97517E-2 4.62396E-2 4.34531E-2 4.68245E-2 4.58089E-2 4.8583E-2 4.75415E-2 5.03195E-2 -9999 -9999 -9999 -9999 -9999 -9999 -9999 -9999 -9999 -9999 -9999 -9999 -9999 -9999 -9999 -9999 -9999 -9999 -9999 -9999 -9999 -9999 -9999 -9999
1.00909E-1 8.62498E-2 7.03195E-2 6.36796E-2 7.15872E-2 6.5306E-2 5.11078E-2 3.86326E-2 3.72321E-2 3.48242E-2 3.84007E-2 4.11889E-2 4.92662E-2 5.2957E-2 5.73255E-2 6.83313E-2 7.42157E-2 6.8758E-2 6.26932E-2 5.89668E-2 6.5347E-2 9.54348E-2 8.37449E-2 8.05285E-2 6.42046E-2 5.78321E-2 5.80223E-2 6.76022E-2 6.57969E-2 6.70663E-2 6.62494E-2 6.93996E-2 7.03937E-2 1.00348E-1 5.82171E-2 5.59371E-2 5.5044E-2 5.67941E-2 5.45418E-2 4.9455E-2 4.72477E-2 4.62561E-2 4.86423E-2 5.04176E-2 4.90942E-2 5.27718E-2 -9999 -9999 -9999 -9999 -9999 -9999 -9999 -9999 -9999 -9999 -9999 -9999 -9999 -9999 -9999 -9999 -9999 -9999 -9999 -9999 -9999 -9999 -9999 -9999
9.88017E-2 8.64571E-2 7.38845E-2 7.39977E-2 8.11308E-2 6.33998E-2 4.95965E-2 4.06522E-2 3.74745E-2 3.35333E-2 3.53856E-2 4.01055E-2 4.236E-2 4.72571E-2 5.3619E-2 6.02022E-2 6.45688E-2 6.42812E-2 6.81959E-2 6.68815E-2 7.59084E-2 8.76147E-2 9.40484E-2 8.4758E-2 7.16696E-2 6.42224E-2 6.58138E-2 6.72988E-2 6.41092E-2 6.91213E-2 6.31996E-2 6.40925E-2 7.06176E-2 6.50761E-2 6.08198E-2 6.36391E-2 6.24992E-2 5.99328E-2 5.793E-2 5.61487E-2 5.06613E-2 5.25363E-2 5.06917E-2 5.33791E-2 5.58248E-2 -9999 -9999 -9999 -9999 -9999 -9999 -9999 -9999 -9999 -9999 -9999 -9999 -9999 -9999 -9999 -9999 -9999 -9999 -9999 -9999 -9999 -9999 -9999 -9999 -9999
1.04457E-1 8.55668E-2 8.23679E-2 8.96185E-2 7.74206E-2 6.18613E-2 4.96797E-2 4.1856E-2 3.39512E-2 3.37505E-2 3.43151E-2 3.78697E-2 4.26327E-2 4.91423E-2 5.58334E-2 5.85226E-2 6.41367E-2 7.32787E-2 6.90738E-2 7.25129E-2 8.46186E-2 9.82513E-2 1.06068E-1 8.68614E-2 7.38016E-2 7.80195E-2 7.044E-2 6.72773E-2 6.65461E-2 5.92245E-2 5.56077E-2 6.75364E-2 7.09403E-2 6.75996E-2 6.82864E-2 6.48437E-2 6.66406E-2 6.42193E-2 6.03971E-2 6.01028E-2 5.27204E-2 5.40247E-2 5.1876E-2 5.41476E-2 -9999 -9999 -9999 -9999 -9999 -9999 -9999 -9999 -9999 -9999 -9999 -9999 -9999 -9999 -9999 -9999 -9999 -9999 -9999 -9999 -9999 -9999 -9999 -9999 -9999 -9999
1.09145E-1 1.08056E-1 9.6042E-2 8.3325E-2 7.34194E-2 5.82435E-2 4.98474E-2 3.8838E-2 3.5408E-2 3.41742E-2 3.8265E-2 4.33795E-2 4.99634E-2 5.48689E-2 6.11485E-2 7.01291E-2 7.41392E-2 7.54823E-2 7.06416E-2 7.73849E-2 7.52914E-2 8.44147E-2 9.80288E-2 8.08953E-2 7.79016E-2 6.83188E-2 7.17663E-2 6.96024E-2 1.05446E-1 6.48039E-2 6.1781E-2 6.75E-2 6.89014E-2 6.86749E-2 7.22424E-2 7.23016E-2 7.26563E-2 -9999 -9999 6.04939E-2 -9999 -9999 -9999 -9999 -9999 -9999 -9999 -9999 -9999 -9999 -9999 -9999 -9999 -9999 -9999 -9999 -9999 -9999 -9999 -9999 -9999 -9999 -9999 -9999 -9999 -9999 -9999 -9999 -9999 -9999
1.05754E-1 1.09133E-1 1.07099E-1 9.71929E-2 7.53584E-2 5.98512E-2 5.27645E-2 4.09175E-2 3.69769E-2 3.57096E-2 4.31253E-2 4.91084E-2 5.28332E-2 6.11673E-2 6.58084E-2 6.97375E-2 7.75915E-2 7.58171E-2 7.03276E-2 7.39852E-2 7.39061E-2 7.98547E-2 8.19045E-2 6.96091E-2 5.70388E-2 6.87326E-2 6.32026E-2 1.21545E-1 7.12684E-2 6.89901E-2 6.79718E-2 6.85267E-2 6.86096E-2 6.97167E-2 7.41799E-2 7.31589E-2 7.69999E-2 7.64768E-2 -9999 -9999 -9999 -9999 -9999 -9999 -9999 -9999 -9999 -9999 -9999 -9999 -9999 -9999 -9999 -9999 -9999 -9999 -9999 -9999 -9999 -9999 -9999 -9999 -9999 -9999 -9999 -9999 -9999 -9999 -9999 -9999
1.0902E-1 1.28244E-1 1.31513E-1 1.08401E-1 8.17952E-2 7.18376E-2 5.89333E-2 4.27392E-2 3.81496E-2 3.67314E-2 4.13969E-2 4.67761E-2 5.34653E-2 5.98797E-2 6.57923E-2 7.15179E-2 7.26123E-2 7.32269E-2 7.20128E-2 7.14668E-2 7.15292E-2 6.66057E-2 6.94301E-2 6.30102E-2 5.18382E-2 6.43173E-2 1.26754E-1 6.6639E-2 6.9254E-2 7.06929E-2 6.5362E-2 6.61347E-2 7.0615E-2 7.13971E-2 7.12671E-2 8.13629E-2 8.59943E-2 -9999 -9999 -9999 -9999 -9999 -9999 -9999 -9999 -9999 -9999 -9999 -9999 -9999 -9999 -9999 -9999 -9999 -9999 -9999 -9999 -9999 -9999 -9999 -9999 -9999 -9999 -9999 -9999 -9999 -9999 -9999 -9999 -9999
1.4876E-1 1.26226E-1 1.43328E-1 1.12131E-1 8.98926E-2 7.19226E-2 5.56899E-2 4.4647E-2 3.84379E-2 4.09229E-2 4.27237E-2 4.57405E-2 5.18038E-2 6.0266E-2 6.2845E-2 6.73941E-2 7.30306E-2 7.19267E-2 7.01347E-2 6.86084E-2 6.23936E-2 5.68437E-2 5.55844E-2 4.99962E-2 4.89677E-2 7.93766E-2 7.01763E-2 6.4767E-2 6.98513E-2 6.94105E-2 6.68873E-2 6.00631E-2 7.21173E-2 8.70659E-2 1.00994E-1 -9999 -9999 -9999 -9999 -9999 -9999 -9999 -9999 -9999 -9999 -9999 -9999 -9999 -9999 -9999 -9999 -9999 -9999 -9999 -9999 -9999 -9999 -9999 -9999 -9999 -9999 -9999 -9999 -9999 -9999 -9999 -9999 -9999 -9999 -9999
