KUENM_DEFAULT/Final_Models/M_1_F_lqpth_Set_1_NE/sp1_se_asia_avg.asc
ncols         320
nrows         243
xllcorner     44.0
yllcorner     -0.666666666666667
cellsize      0.166666666666667
NODATA_value  -9999
[rows 62 to 92 of 243, columns 70 to 139 of 320]
3.82049E-3 3.44495E-3 4.93537E-3 4.48921E-3 4.17533E-3 4.33101E-3 4.08786E-3 3.89346E-3 3.73244E-3 3.6225E-3 3.33912E-3 3.17953E-3 3.33656E-3 2.30678E-3 2.31528E-3 2.95365E-3 5.95258E-3 8.27903E-3 9.69188E-3 1.01879E-2 1.09285E-2 1.1572E-2 1.14062E-2 1.3234E-2 7.22659E-3 3.23499E-3 1.94854E-3 1.97337E-3 1.9264E-3 1.52258E-3 1.92346E-3 2.37026E-3 2.36235E-3 2.08993E-3 2.74496E-3 4.94487E-3 5.65467E-3 5.04449E-3 4.70266E-3 4.53065E-3 4.52561E-3 3.62708E-3 3.54523E-3 3.60906E-3 3.12196E-3 2.64468E-3 2.03649E-3 2.15817E-3 2.07249E-3 2.23884E-3 2.44611E-3 2.68887E-3 3.71747E-3 5.04907E-3 7.61083E-3 8.71257E-3 9.35156E-3 1.11339E-2 1.27364E-2 1.47357E-2 1.60787E-2 1.55824E-2 1.12465E-2 9.65734E-3 6.17228E-3 5.12574E-3 3.51559E-3 3.98819E-3 4.99251E-3 7.78802E-3
4.18906E-3 3.97537E-3 5.64519E-3 4.97995E-3 4.50109E-3 4.35264E-3 4.18325E-3 4.09758E-3 3.9853E-3 4.04683E-3 3.38176E-3 3.34834E-3 3.10665E-3 2.43063E-3 2.68842E-3 2.73833E-3 5.22556E-3 5.74086E-3 8.33883E-3 9.90412E-3 1.07873E-2 1.14668E-2 1.18942E-2 1.31373E-2 7.17757E-3 4.69579E-3 2.70417E-3 2.33368E-3 2.29443E-3 1.78917E-3 1.79372E-3 1.712E-3 2.37071E-3 3.12432E-3 2.22026E-3 3.61622E-3 4.50959E-3 4.24382E-3 3.85803E-3 4.18734E-3 3.37237E-3 2.72444E-3 2.19875E-3 3.0094E-3 3.71853E-3 3.19214E-3 2.7397E-3 2.98373E-3 2.65644E-3 2.68428E-3 2.827E-3 3.74987E-3 4.66138E-3 5.94399E-3 7.2045E-3 8.44758E-3 9.09778E-3 1.03636E-2 1.19408E-2 1.46418E-2 1.30539E-2 1.20239E-2 1.09347E-2 8.01697E-3 4.67297E-3 3.57163E-3 3.41472E-3 3.06118E-3 5.96813E-3 6.42621E-3
4.47266E-3 5.56192E-3 3.98899E-3 5.41084E-3 5.11295E-3 5.00271E-3 4.9914E-3 4.77941E-3 4.37418E-3 3.97679E-3 4.36109E-3 4.08124E-3 3.38326E-3 3.39028E-3 2.7075E-3 3.04323E-3 5.56431E-3 5.69668E-3 6.51262E-3 9.51521E-3 1.06131E-2 1.16329E-2 1.18715E-2 1.25188E-2 1.49303E-2 5.11528E-3 2.20671E-3 2.73706E-3 2.57142E-3 2.2929E-3 1.84747E-3 1.5939E-3 2.13541E-3 3.79586E-3 4.03481E-3 4.05846E-3 4.37338E-3 4.26608E-3 4.1001E-3 3.85559E-3 3.32691E-3 3.14424E-3 2.29356E-3 2.89966E-3 4.46245E-3 4.36831E-3 3.8814E-3 3.95844E-3 3.48258E-3 3.79482E-3 4.12461E-3 4.16983E-3 4.91772E-3 5.83898E-3 6.95656E-3 8.20903E-3 9.26717E-3 9.74856E-3 1.08316E-2 1.00965E-2 9.82916E-3 1.32938E-2 9.47433E-3 4.64807E-3 4.03412E-3 2.85839E-3 2.35968E-3 3.00839E-3 4.46424E-3 7.49955E-3
6.91761E-3 5.59858E-3 6.07423E-3 6.38351E-3 5.49135E-3 5.3397E-3 5.12866E-3 5.13895E-3 4.62489E-3 4.44248E-3 4.37833E-3 4.58602E-3 4.48642E-3 3.36003E-3 3.33433E-3 2.78467E-3 5.32758E-3 6.05427E-3 6.3852E-3 9.18488E-3 9.71161E-3 1.18471E-2 1.116E-2 1.26593E-2 1.49678E-2 8.09941E-3 3.25304E-3 2.65038E-3 2.83442E-3 2.39882E-3 1.78126E-3 1.69991E-3 2.29305E-3 3.41677E-3 4.61161E-3 5.70933E-3 5.19759E-3 5.2502E-3 5.63198E-3 5.48225E-3 4.98737E-3 4.63766E-3 4.4732E-3 4.99844E-3 5.8502E-3 5.19611E-3 5.03496E-3 4.57664E-3 4.62306E-3 4.57387E-3 4.62234E-3 5.02149E-3 5.28097E-3 6.05428E-3 6.81168E-3 7.40374E-3 6.77742E-3 7.07196E-3 7.94048E-3 9.68776E-3 9.93163E-3 1.03137E-2 6.14767E-3 4.26783E-3 3.68819E-3 3.04735E-3 2.27897E-3 3.87523E-3 8.41923E-3 1.2505E-2
9.08877E-3 5.94879E-3 5.70682E-3 8.17612E-3 7.12547E-3 6.79633E-3 6.57982E-3 5.14025E-3 6.65016E-3 6.23189E-3 4.20462E-3 5.86975E-3 6.30028E-3 5.68614E-3 3.27966E-3 3.63211E-3 4.56514E-3 5.16012E-3 6.49254E-3 9.43495E-3 1.05289E-2 1.12797E-2 1.18531E-2 1.17162E-2 1.4074E-2 6.52791E-3 3.8905E-3 2.7205E-3 2.99683E-3 2.42911E-3 1.74439E-3 2.0863E-3 1.84788E-3 2.35368E-3 3.09097E-3 4.83458E-3 6.00275E-3 5.80219E-3 8.03332E-3 7.72274E-3 7.3481E-3 7.86899E-3 7.78789E-3 7.98497E-3 8.1028E-3 7.42038E-3 6.7576E-3 5.94829E-3 5.60958E-3 5.6401E-3 5.23946E-3 5.06261E-3 5.05239E-3 5.36544E-3 4.91903E-3 4.29095E-3 4.85917E-3 6.32278E-3 9.42592E-3 1.6832E-2 1.55814E-2 8.39823E-3 5.08979E-3 4.6603E-3 3.82362E-3 3.24569E-3 3.41355E-3 3.71048E-3 8.43425E-3 1.71838E-2
7.67777E-3 7.87782E-3 8.0367E-3 6.63654E-3 6.10638E-3 5.95548E-3 7.49002E-3 5.59975E-3 6.19817E-3 6.54389E-3 4.52216E-3 6.42955E-3 1.2103E-2 5.92748E-3 5.59822E-3 3.41584E-3 4.01859E-3 4.29943E-3 5.80233E-3 7.68724E-3 1.0791E-2 1.18046E-2 1.20876E-2 1.23384E-2 1.34151E-2 6.84352E-3 5.24567E-3 2.9921E-3 3.40187E-3 3.04873E-3 2.46286E-3 2.75629E-3 1.82618E-3 2.07492E-3 3.00592E-3 4.3887E-3 7.43927E-3 8.1126E-3 7.89059E-3 8.67824E-3 8.2111E-3 8.33214E-3 9.02761E-3 9.16452E-3 8.09843E-3 8.26295E-3 8.38775E-3 8.29169E-3 7.39927E-3 6.0071E-3 4.48023E-3 3.53498E-3 3.78577E-3 4.48266E-3 5.21033E-3 5.72028E-3 8.15435E-3 1.24109E-2 1.74784E-2 1.88612E-2 1.13514E-2 7.27748E-3 5.58877E-3 5.37074E-3 4.22067E-3 3.51979E-3 5.43259E-3 5.55424E-3 9.44413E-3 2.6127E-2
1.01964E-2 1.06215E-2 1.10469E-2 1.12722E-2 1.03907E-2 8.95008E-3 5.86281E-3 8.10159E-3 7.32832E-3 5.32618E-3 7.44389E-3 8.91543E-3 1.27062E-2 1.12263E-2 6.46351E-3 4.35323E-3 5.63765E-3 3.92852E-3 5.37257E-3 7.18854E-3 8.17704E-3 9.83428E-3 8.81649E-3 1.07527E-2 9.92583E-3 5.98669E-3 6.29742E-3 4.4309E-3 3.81896E-3 3.76328E-3 3.37014E-3 2.86356E-3 2.82009E-3 2.97986E-3 3.60465E-3 2.6075E-3 4.40873E-3 7.09879E-3 8.74566E-3 8.88524E-3 9.34751E-3 8.98017E-3 8.60886E-3 8.89266E-3 8.91877E-3 9.25125E-3 9.17574E-3 9.3512E-3 8.10264E-3 6.23799E-3 5.05394E-3 5.72254E-3 6.38951E-3 7.10927E-3 8.12283E-3 1.01933E-2 1.632E-2 1.7924E-2 1.60605E-2 1.36298E-2 1.09156E-2 6.17122E-3 6.7064E-3 6.02242E-3 5.29191E-3 6.57709E-3 9.11193E-3 9.06803E-3 1.23898E-2 2.8491E-2
1.35665E-2 1.31937E-2 1.23015E-2 1.20634E-2 1.07131E-2 1.02504E-2 8.42772E-3 8.20408E-3 7.47357E-3 9.07201E-3 1.08757E-2 1.08468E-2 1.35863E-2 1.26885E-2 9.51657E-3 8.26118E-3 5.78881E-3 5.72306E-3 5.59543E-3 6.30574E-3 6.85308E-3 6.84156E-3 7.20253E-3 8.72677E-3 8.25129E-3 4.99566E-3 5.69242E-3 5.96342E-3 4.12146E-3 3.81014E-3 3.9061E-3 3.77683E-3 3.60784E-3 3.7269E-3 4.19236E-3 3.59203E-3 2.92906E-3 4.40803E-3 5.76631E-3 8.61135E-3 9.55195E-3 9.86658E-3 9.79765E-3 9.738E-3 9.78664E-3 1.00909E-2 9.79261E-3 8.55807E-3 8.93545E-3 9.3693E-3 9.47352E-3 7.62823E-3 8.9884E-3 9.52581E-3 1.32367E-2 1.39291E-2 1.6522E-2 1.76704E-2 1.34249E-2 1.29401E-2 9.3974E-3 6.75313E-3 7.16071E-3 8.24147E-3 7.79786E-3 9.48897E-3 7.76731E-3 1.21916E-2 1.31604E-2 2.20627E-2
1.86864E-2 1.26661E-2 1.11169E-2 1.20346E-2 1.08495E-2 9.67176E-3 1.31118E-2 7.95703E-3 1.02854E-2 1.2313E-2 1.07147E-2 9.61096E-3 1.22661E-2 1.44204E-2 1.36536E-2 1.28181E-2 1.27152E-2 1.24779E-2 9.51906E-3 5.81918E-3 6.29812E-3 6.76439E-3 5.62081E-3 7.7332E-3 7.82844E-3 5.28091E-3 7.24884E-3 5.83518E-3 5.59656E-3 3.76114E-3 4.31963E-3 4.57161E-3 4.34699E-3 4.26064E-3 4.29281E-3 3.05281E-3 3.18906E-3 3.53122E-3 3.88653E-3 5.82096E-3 9.51292E-3 9.88526E-3 1.06697E-2 1.045E-2 9.97757E-3 9.48334E-3 9.18338E-3 9.11401E-3 9.64122E-3 9.58342E-3 1.48653E-2 1.385E-2 1.40681E-2 1.49344E-2 1.3108E-2 1.40895E-2 1.50267E-2 1.20403E-2 1.14644E-2 8.85705E-3 7.95564E-3 6.75416E-3 6.6044E-3 8.70795E-3 1.04797E-2 1.25572E-2 1.33583E-2 1.58521E-2 1.86439E-2 1.95886E-2
1.73655E-2 1.32175E-2 1.13173E-2 1.41553E-2 1.40421E-2 1.02286E-2 1.18271E-2 1.22022E-2 1.4561E-2 1.60756E-2 1.37026E-2 1.29181E-2 1.45646E-2 1.5524E-2 1.5231E-2 1.55093E-2 1.48571E-2 1.46661E-2 1.4724E-2 1.43371E-2 1.07545E-2 1.03627E-2 9.4601E-3 8.74635E-3 8.16875E-3 7.253E-3 7.36684E-3 8.04286E-3 5.18305E-3 6.80245E-3 5.1851E-3 4.93352E-3 4.89842E-3 4.07677E-3 4.23865E-3 4.24056E-3 4.99989E-3 4.81914E-3 4.12165E-3 6.2114E-3 5.67034E-3 9.43341E-3 1.06519E-2 1.03832E-2 9.53915E-3 1.47975E-2 1.52569E-2 1.49425E-2 1.48927E-2 1.46817E-2 1.2305E-2 1.4655E-2 1.45718E-2 1.27583E-2 1.33694E-2 1.55984E-2 1.17723E-2 1.017E-2 8.73986E-3 6.85123E-3 8.11192E-3 6.99258E-3 8.38761E-3 9.1981E-3 1.02231E-2 1.40418E-2 9.89507E-3 1.68777E-2 1.84162E-2 2.03435E-2
1.88456E-2 1.36889E-2 1.44794E-2 1.54251E-2 1.50008E-2 1.43618E-2 1.35093E-2 1.40821E-2 1.76048E-2 1.76067E-2 1.58866E-2 1.12234E-2 1.1767E-2 1.56692E-2 1.58624E-2 1.58269E-2 1.56457E-2 1.58667E-2 1.99214E-2 2.02341E-2 2.07602E-2 1.86565E-2 2.02064E-2 1.06615E-2 1.13085E-2 1.15438E-2 1.53419E-2 1.86927E-2 8.37889E-3 7.13157E-3 6.7696E-3 6.31256E-3 5.20702E-3 8.02188E-3 4.9722E-3 7.20097E-3 7.2916E-3 6.79444E-3 5.67686E-3 5.84022E-3 7.28503E-3 1.02726E-2 1.43286E-2 1.3998E-2 1.29801E-2 1.32754E-2 1.57456E-2 1.51551E-2 1.25016E-2 1.23885E-2 1.43405E-2 1.48071E-2 1.50329E-2 1.31626E-2 1.25712E-2 1.01795E-2 9.38882E-3 7.95805E-3 6.11633E-3 6.61457E-3 7.90689E-3 7.89028E-3 8.79572E-3 9.84717E-3 1.16508E-2 1.60512E-2 1.8654E-2 1.84184E-2 2.01953E-2 2.10234E-2
2.14977E-2 2.68295E-2 2.41111E-2 2.56367E-2 1.91245E-2 2.1221E-2 1.63442E-2 2.32928E-2 1.81934E-2 1.7314E-2 1.7468E-2 1.56684E-2 1.20731E-2 1.67021E-2 1.58216E-2 1.84835E-2 1.93648E-2 1.70999E-2 1.7708E-2 1.82937E-2 1.89366E-2 1.96974E-2 2.44962E-2 2.48619E-2 2.27842E-2 1.95479E-2 2.2669E-2 2.12017E-2 1.39046E-2 1.21775E-2 9.53449E-3 8.29305E-3 6.38097E-3 9.88367E-3 9.08315E-3 9.31895E-3 8.99017E-3 1.02838E-2 7.49403E-3 8.3768E-3 7.3346E-3 9.15388E-3 1.12253E-2 1.30617E-2 1.14957E-2 1.35298E-2 1.40371E-2 1.23627E-2 1.41557E-2 1.43352E-2 1.41336E-2 1.0958E-2 1.01025E-2 8.32682E-3 9.49556E-3 7.72012E-3 6.15312E-3 8.96552E-3 7.63513E-3 9.75143E-3 8.63599E-3 9.26988E-3 1.25015E-2 1.06492E-2 1.15554E-2 1.19474E-2 1.89753E-2 1.55237E-2 1.65707E-2 2.40155E-2
2.35567E-2 2.72249E-2 1.73179E-2 2.29124E-2 2.37114E-2 2.5218E-2 2.49467E-2 2.08858E-2 2.48197E-2 2.12232E-2 1.83655E-2 1.89941E-2 1.86724E-2 1.77317E-2 1.66967E-2 1.6314E-2 1.62547E-2 1.99499E-2 2.0105E-2 2.13158E-2 2.20027E-2 2.4067E-2 2.45912E-2 2.61342E-2 2.80056E-2 2.84641E-2 2.65368E-2 2.45951E-2 2.73793E-2 1.48605E-2 1.65235E-2 1.47532E-2 1.24419E-2 1.00245E-2 8.30065E-3 1.29372E-2 1.45702E-2 1.33966E-2 9.66864E-3 1.25443E-2 1.05318E-2 1.01012E-2 9.10718E-3 9.5073E-3 8.30939E-3 8.28521E-3 9.21391E-3 1.10555E-2 9.38388E-3 9.92967E-3 9.56533E-3 7.843E-3 8.39823E-3 6.89045E-3 8.55844E-3 7.34597E-3 9.64484E-3 7.61912E-3 8.61116E-3 8.78705E-3 1.23453E-2 1.10679E-2 1.12971E-2 1.29397E-2 1.26421E-2 1.09013E-2 1.73176E-2 1.69049E-2 2.14512E-2 2.26469E-2
2.50954E-2 2.66612E-2 2.53324E-2 2.74883E-2 2.4574E-2 2.47264E-2 2.42858E-2 2.30996E-2 2.17358E-2 1.95221E-2 1.79507E-2 1.83432E-2 1.67055E-2 1.43651E-2 1.67866E-2 1.69759E-2 1.9138E-2 1.73534E-2 1.76781E-2 2.13777E-2 2.2699E-2 2.41353E-2 2.5886E-2 2.26371E-2 2.80253E-2 3.00997E-2 3.16921E-2 2.90191E-2 2.79817E-2 2.27904E-2 2.3333E-2 2.06923E-2 1.41784E-2 1.21719E-2 1.19227E-2 9.76543E-3 1.1957E-2 1.32869E-2 1.31281E-2 1.17207E-2 1.30226E-2 9.18668E-3 7.80206E-3 6.95396E-3 6.73052E-3 9.37583E-3 8.80791E-3 8.06638E-3 8.31057E-3 7.43025E-3 6.61664E-3 8.33951E-3 7.32899E-3 7.96079E-3 8.94754E-3 7.33826E-3 8.29391E-3 9.69422E-3 8.13833E-3 8.81091E-3 1.10396E-2 1.28079E-2 1.48841E-2 1.338E-2 1.29906E-2 1.19949E-2 1.44025E-2 1.72866E-2 2.5605E-2 3.31333E-2
2.2263E-2 2.44484E-2 -9999 -9999 -9999 -9999 -9999 2.42026E-2 2.14135E-2 2.3085E-2 2.05809E-2 1.81332E-2 1.04114E-2 1.08815E-2 1.18006E-2 1.52457E-2 1.66956E-2 1.7124E-2 2.00303E-2 2.05544E-2 2.17219E-2 2.26027E-2 2.45273E-2 2.68564E-2 2.88891E-2 3.11703E-2 3.18663E-2 3.01676E-2 2.882E-2 2.94386E-2 3.18553E-2 1.96415E-2 1.49132E-2 1.29163E-2 1.19976E-2 1.29665E-2 1.29198E-2 1.3564E-2 1.40588E-2 1.416E-2 1.19022E-2 1.40882E-2 1.41297E-2 1.26735E-2 1.30665E-2 1.37026E-2 1.40416E-2 1.32869E-2 1.15318E-2 9.71458E-3 7.9341E-3 9.40911E-3 7.88003E-3 7.68634E-3 7.08231E-3 7.80427E-3 1.14467E-2 9.95525E-3 8.8463E-3 1.30504E-2 9.68399E-3 1.49827E-2 1.37999E-2 1.35002E-2 1.57447E-2 1.35828E-2 1.63933E-2 1.92045E-2 3.00432E-2 3.284E-2
-9999 -9999 2.19735E-2 -9999 -9999 -9999 -9999 -9999 2.32585E-2 1.97877E-2 1.89283E-2 1.50265E-2 1.49614E-2 1.34803E-2 1.46239E-2 1.44861E-2 1.11168E-2 1.21603E-2 1.53764E-2 1.66783E-2 1.79568E-2 1.89791E-2 2.16643E-2 2.36531E-2 2.55079E-2 2.76396E-2 2.88829E-2 3.1399E-2 2.77477E-2 2.11102E-2 1.4595E-2 1.83468E-2 1.56786E-2 1.60271E-2 1.46856E-2 1.40934E-2 1.30982E-2 1.38051E-2 1.32718E-2 1.27159E-2 1.10238E-2 1.08595E-2 1.00471E-2 1.04363E-2 1.12166E-2 1.20615E-2 1.21599E-2 1.2202E-2 1.14278E-2 1.05047E-2 9.48938E-3 7.95785E-3 8.03253E-3 9.14579E-3 1.03834E-2 9.09785E-3 9.31185E-3 1.04409E-2 1.25232E-2 1.08971E-2 1.74977E-2 1.29928E-2 1.48215E-2 1.3959E-2 1.54216E-2 1.68988E-2 1.80157E-2 2.37805E-2 3.49862E-2 4.58847E-2
2.31834E-2 2.16158E-2 -9999 -9999 -9999 -9999 -9999 -9999 2.32313E-2 1.96289E-2 1.73242E-2 1.22999E-2 1.41247E-2 1.50982E-2 1.47986E-2 1.42461E-2 1.45627E-2 1.47881E-2 1.10737E-2 1.21165E-2 1.62472E-2 1.39839E-2 1.26113E-2 1.40499E-2 1.61071E-2 1.94718E-2 1.97568E-2 1.66321E-2 2.15869E-2 1.71779E-2 1.61227E-2 1.71944E-2 2.08014E-2 2.25501E-2 2.20724E-2 2.06685E-2 1.96249E-2 2.12716E-2 2.1722E-2 1.75603E-2 1.26147E-2 1.17716E-2 1.22138E-2 1.21459E-2 1.14E-2 1.20874E-2 1.19315E-2 1.2991E-2 1.23031E-2 1.13381E-2 1.00328E-2 9.28887E-3 8.67293E-3 8.8857E-3 1.10198E-2 1.02874E-2 1.30119E-2 1.09725E-2 1.44905E-2 1.83159E-2 2.33845E-2 1.55944E-2 1.98402E-2 1.68595E-2 2.59953E-2 1.6174E-2 2.33573E-2 3.08987E-2 3.52037E-2 4.90151E-2
-9999 -9999 -9999 -9999 -9999 -9999 -9999 -9999 -9999 2.09122E-2 1.72632E-2 1.4024E-2 1.55068E-2 1.70938E-2 1.64974E-2 1.73857E-2 1.13893E-2 1.71611E-2 1.20515E-2 1.17693E-2 1.19904E-2 1.1015E-2 1.17515E-2 1.35285E-2 1.33244E-2 1.71154E-2 1.74887E-2 1.58039E-2 1.56444E-2 2.04915E-2 2.53592E-2 2.12854E-2 1.92084E-2 2.45174E-2 2.1289E-2 2.08108E-2 2.38043E-2 2.53939E-2 2.78798E-2 3.75467E-2 2.62897E-2 2.34083E-2 1.68723E-2 1.48516E-2 1.41223E-2 1.36606E-2 1.33025E-2 1.28592E-2 1.26028E-2 1.20397E-2 1.2691E-2 1.39069E-2 1.22037E-2 1.23808E-2 1.29882E-2 1.65521E-2 1.67372E-2 2.25659E-2 2.42248E-2 2.41809E-2 3.42009E-2 2.76717E-2 2.81855E-2 4.18493E-2 5.67806E-2 2.88413E-2 2.81221E-2 3.68906E-2 5.15595E-2 5.26956E-2
-9999 -9999 -9999 -9999 -9999 -9999 -9999 -9999 1.98844E-2 1.80612E-2 1.55609E-2 1.19501E-2 1.61788E-2 1.09074E-2 1.04823E-2 1.4216E-2 1.04366E-2 1.58317E-2 1.46719E-2 1.42928E-2 1.83393E-2 1.83454E-2 1.9071E-2 1.92892E-2 1.41759E-2 1.40532E-2 1.49299E-2 1.41193E-2 2.1749E-2 2.21489E-2 2.59031E-2 2.39976E-2 2.47832E-2 3.55261E-2 2.99096E-2 3.67813E-2 3.98832E-2 3.86579E-2 3.99076E-2 4.65869E-2 2.55497E-2 2.33709E-2 2.91452E-2 2.49039E-2 2.33045E-2 2.28335E-2 2.21009E-2 2.30359E-2 1.93701E-2 1.86439E-2 1.77727E-2 1.73097E-2 1.82519E-2 1.56211E-2 1.31044E-2 2.24556E-2 3.16046E-2 3.55031E-2 3.95099E-2 4.32405E-2 4.71994E-2 4.52691E-2 3.64254E-2 6.77719E-2 7.06776E-2 3.71305E-2 3.56175E-2 5.78237E-2 6.02271E-2 5.9773E-2
-9999 -9999 -9999 -9999 -9999 -9999 -9999 -9999 -9999 1.78828E-2 1.54451E-2 1.22691E-2 1.28414E-2 1.15017E-2 1.13958E-2 1.02545E-2 1.38392E-2 1.3819E-2 1.36189E-2 1.44851E-2 1.44985E-2 1.75294E-2 1.65355E-2 2.02318E-2 2.05774E-2 1.94103E-2 2.01589E-2 2.11935E-2 2.12176E-2 2.22329E-2 2.43234E-2 3.09196E-2 3.37006E-2 3.52598E-2 4.01115E-2 4.14002E-2 4.45749E-2 5.14867E-2 5.0842E-2 5.41378E-2 4.24388E-2 3.58598E-2 3.78171E-2 3.54897E-2 3.62368E-2 3.24952E-2 3.22694E-2 2.84183E-2 2.48879E-2 2.30551E-2 2.02015E-2 2.10135E-2 1.60843E-2 2.20931E-2 2.54402E-2 2.65748E-2 2.65059E-2 3.94056E-2 4.33054E-2 4.92569E-2 5.90517E-2 5.80549E-2 6.19848E-2 9.11901E-2 8.97132E-2 6.87077E-2 4.3744E-2 5.36329E-2 6.58672E-2 6.75222E-2
-9999 -9999 -9999 -9999 -9999 -9999 -9999 -9999 -9999 1.84036E-2 1.6564E-2 1.30737E-2 1.37027E-2 1.34322E-2 1.12694E-2 1.41881E-2 1.10333E-2 1.26997E-2 1.21869E-2 1.25968E-2 1.27545E-2 1.30283E-2 1.42896E-2 1.49207E-2 1.7803E-2 1.69599E-2 1.72274E-2 2.12872E-2 2.21675E-2 2.25434E-2 3.0453E-2 3.33609E-2 3.21149E-2 3.34484E-2 3.6368E-2 4.07956E-2 4.42014E-2 5.31182E-2 5.30194E-2 5.27673E-2 4.57846E-2 4.8336E-2 4.7289E-2 4.47213E-2 4.20815E-2 3.61953E-2 3.32426E-2 2.94256E-2 2.44817E-2 2.49883E-2 2.4988E-2 2.48439E-2 2.97301E-2 2.87394E-2 2.62506E-2 2.75452E-2 3.64036E-2 4.34726E-2 4.90405E-2 4.01944E-2 5.2597E-2 6.55015E-2 6.81763E-2 9.65754E-2 1.09168E-1 9.26906E-2 7.5841E-2 8.24401E-2 8.34387E-2 8.14343E-2
-9999 -9999 -9999 -9999 -9999 -9999 -9999 -9999 -9999 -9999 1.51963E-2 1.42836E-2 1.34891E-2 1.22694E-2 1.33132E-2 1.31483E-2 1.29923E-2 1.28915E-2 1.25037E-2 1.25371E-2 1.24871E-2 1.25704E-2 1.2983E-2 1.3546E-2 1.27062E-2 1.3138E-2 1.26893E-2 1.31188E-2 1.76367E-2 1.76174E-2 1.82715E-2 2.23792E-2 2.34723E-2 2.44674E-2 3.85934E-2 3.6269E-2 3.97688E-2 4.17323E-2 4.90498E-2 4.74615E-2 4.92904E-2 4.86406E-2 5.2536E-2 5.05336E-2 4.72687E-2 4.01909E-2 3.70219E-2 3.38493E-2 2.63187E-2 2.5496E-2 2.06027E-2 2.20289E-2 2.6332E-2 2.67746E-2 3.4598E-2 3.77083E-2 4.44625E-2 4.7441E-2 4.85006E-2 5.19154E-2 5.97218E-2 6.26914E-2 6.61057E-2 9.26826E-2 1.0774E-1 1.0599E-1 9.61806E-2 8.22771E-2 9.03798E-2 9.80313E-2
-9999 -9999 -9999 -9999 -9999 -9999 -9999 -9999 -9999 -9999 -9999 1.43829E-2 1.39116E-2 1.2108E-2 1.274E-2 1.31891E-2 1.26723E-2 1.27097E-2 1.27434E-2 1.25525E-2 1.32326E-2 1.29536E-2 1.27091E-2 1.20761E-2 1.18142E-2 1.16674E-2 1.19943E-2 1.22317E-2 1.24615E-2 1.24425E-2 1.33892E-2 1.44162E-2 1.53066E-2 1.78537E-2 2.2816E-2 3.31329E-2 3.28039E-2 3.56039E-2 4.00125E-2 4.20806E-2 4.5959E-2 5.09642E-2 5.08524E-2 4.45593E-2 4.83067E-2 4.31225E-2 3.86181E-2 3.67017E-2 3.46326E-2 3.00156E-2 2.74936E-2 3.16123E-2 3.21103E-2 3.17148E-2 3.53384E-2 3.87736E-2 4.31051E-2 4.75522E-2 5.23344E-2 5.29821E-2 5.63456E-2 6.33344E-2 7.71117E-2 8.01706E-2 9.70675E-2 1.02797E-1 1.04584E-1 9.33115E-2 9.764E-2 1.03483E-1
-9999 -9999 -9999 -9999 -9999 -9999 -9999 -9999 -9999 -9999 -9999 -9999 -9999 -9999 1.242E-2 1.27419E-2 -9999 -9999 1.30438E-2 1.2641E-2 1.23173E-2 1.24473E-2 1.25995E-2 1.22655E-2 1.15822E-2 1.20998E-2 1.24159E-2 1.19569E-2 1.18344E-2 1.15653E-2 1.20983E-2 1.25508E-2 1.36394E-2 1.4696E-2 1.3477E-2 1.58609E-2 1.99861E-2 3.1503E-2 3.21466E-2 3.30731E-2 3.19261E-2 3.77331E-2 3.9933E-2 3.81841E-2 3.68896E-2 3.67819E-2 3.45229E-2 3.18258E-2 2.88405E-2 2.94889E-2 3.10773E-2 3.1588E-2 3.33318E-2 3.06612E-2 3.25621E-2 3.67734E-2 4.12325E-2 4.00633E-2 4.69163E-2 5.26214E-2 5.78896E-2 6.22271E-2 7.02382E-2 -9999 -9999 8.08847E-2 7.84762E-2 9.98738E-2 9.92942E-2 1.08012E-1
-9999 -9999 -9999 -9999 -9999 -9999 -9999 -9999 -9999 -9999 -9999 -9999 -9999 -9999 -9999 -9999 -9999 -9999 -9999 -9999 1.22015E-2 -9999 -9999 1.20518E-2 1.1823E-2 1.17547E-2 1.13943E-2 1.14104E-2 1.16894E-2 -9999 1.16027E-2 1.16245E-2 1.18968E-2 1.29874E-2 1.32848E-2 1.36287E-2 1.59801E-2 1.7381E-2 2.66914E-2 2.83959E-2 2.95323E-2 3.01762E-2 3.21276E-2 3.17264E-2 3.24816E-2 3.09934E-2 2.98602E-2 1.94107E-2 1.92171E-2 2.016E-2 2.09446E-2 2.1323E-2 2.18763E-2 2.1771E-2 2.43758E-2 3.72219E-2 3.55456E-2 3.87743E-2 4.5594E-2 5.05576E-2 5.4347E-2 -9999 -9999 -9999 -9999 -9999 6.02878E-2 8.38898E-2 9.66805E-2 1.04966E-1
-9999 -9999 -9999 -9999 -9999 -9999 -9999 -9999 -9999 -9999 -9999 -9999 -9999 -9999 -9999 -9999 -9999 -9999 -9999 -9999 -9999 -9999 -9999 -9999 -9999 -9999 -9999 -9999 -9999 -9999 -9999 1.11671E-2 1.13364E-2 1.16725E-2 1.15473E-2 1.18021E-2 1.1283E-2 1.13685E-2 1.40926E-2 2.6104E-2 2.66855E-2 -9999 -9999 2.91674E-2 2.8916E-2 1.68328E-2 1.54307E-2 -9999 -9999 -9999 -9999 -9999 2.00949E-2 -9999 -9999 -9999 -9999 -9999 -9999 -9999 -9999 -9999 -9999 -9999 -9999 -9999 6.61669E-2 8.05502E-2 9.75684E-2 1.05153E-1
-9999 -9999 -9999 -9999 -9999 -9999 -9999 -9999 -9999 -9999 -9999 -9999 -9999 -9999 -9999 -9999 -9999 -9999 -9999 -9999 -9999 -9999 -9999 -9999 -9999 -9999 -9999 -9999 -9999 -9999 -9999 -9999 -9999 -9999 1.10702E-2 -9999 9.70149E-3 -9999 -9999 -9999 -9999 -9999 -9999 -9999 -9999 -9999 -9999 -9999 -9999 -9999 -9999 -9999 -9999 -9999 -9999 -9999 -9999 -9999 -9999 -9999 -9999 -9999 -9999 -9999 -9999 -9999 7.43986E-2 8.17683E-2 9.72302E-2 1.0638E-1
-9999 -9999 -9999 -9999 -9999 -9999 -9999 -9999 -9999 -9999 -9999 -9999 -9999 -9999 -9999 -9999 -9999 -9999 -9999 -9999 -9999 -9999 -9999 -9999 -9999 -9999 -9999 -9999 -9999 -9999 -9999 -9999 -9999 -9999 -9999 -9999 -9999 -9999 -9999 -9999 -9999 -9999 -9999 -9999 -9999 -9999 -9999 -9999 -9999 -9999 -9999 -9999 -9999 -9999 -9999 -9999 -9999 -9999 -9999 -9999 -9999 -9999 -9999 -9999 -9999 -9999 3.85872E-2 4.5151E-2 5.85662E-2 7.455E-2
-9999 -9999 -9999 -9999 -9999 -9999 -9999 -9999 -9999 -9999 -9999 -9999 -9999 -9999 -9999 -9999 -9999 -9999 -9999 -9999 -9999 -9999 -9999 -9999 -9999 -9999 -9999 -9999 -9999 -9999 -9999 -9999 -9999 -9999 -9999 -9999 -9999 -9999 -9999 -9999 -9999 -9999 -9999 -9999 -9999 -9999 -9999 -9999 -9999 -9999 -9999 -9999 -9999 -9999 -9999 -9999 -9999 -9999 -9999 -9999 -9999 -9999 -9999 -9999 -9999 -9999 -9999 -9999 -9999 -9999
-9999 -9999 -9999 -9999 -9999 -9999 -9999 -9999 -9999 -9999 -9999 -9999 -9999 -9999 -9999 -9999 -9999 -9999 -9999 -9999 -9999 -9999 -9999 -9999 -9999 -9999 -9999 -9999 -9999 -9999 -9999 -9999 -9999 -9999 -9999 -9999 -9999 -9999 -9999 -9999 -9999 -9999 -9999 -9999 -9999 -9999 -9999 -9999 -9999 -9999 -9999 -9999 -9999 -9999 -9999 -9999 -9999 -9999 -9999 -9999 -9999 -9999 -9999 -9999 -9999 -9999 -9999 -9999 -9999 4.34488E-2
-9999 -9999 -9999 -9999 -9999 -9999 -9999 -9999 -9999 -9999 -9999 -9999 -9999 -9999 -9999 -9999 -9999 -9999 -9999 -9999 -9999 -9999 -9999 -9999 -9999 -9999 -9999 -9999 -9999 -9999 -9999 -9999 -9999 -9999 -9999 -9999 -9999 -9999 -9999 -9999 -9999 -9999 -9999 -9999 -9999 -9999 -9999 -9999 -9999 -9999 -9999 -9999 -9999 -9999 -9999 -9999 -9999 -9999 -9999 -9999 -9999 -9999 -9999 -9999 -9999 -9999 -9999 -9999 -9999 -9999
