KUENM_DEFAULT/Final_Models/M_1_F_lqpth_Set_1_NE/sp1_4.asc
ncols         197
nrows         210
xllcorner     56.1666666666667
yllcorner     4.5
cellsize      0.166666666666667
NODATA_value  -9999
[rows 0 to 27 of 210, columns 65 to 129 of 197]
-9999 -9999 -9999 -9999 -9999 -9999 -9999 -9999 -9999 -9999 -9999 -9999 -9999 -9999 -9999 -9999 -9999 -9999 -9999 -9999 -9999 -9999 -9999 -9999 -9999 -9999 -9999 -9999 -9999 8.51202E-4 1.87437E-4 4.42627E-4 5.26075E-4 3.59209E-4 6.90493E-5 3.6052E-5 3.3611E-5 1.03347E-4 6.31106E-5 4.21673E-5 -9999 -9999 -9999 -9999 -9999 -9999 -9999 -9999 -9999 -9999 -9999 -9999 -9999 -9999 -9999 -9999 -9999 -9999 -9999 -9999 -9999 -9999 -9999 -9999 -9999
-9999 -9999 -9999 -9999 -9999 -9999 -9999 -9999 -9999 -9999 -9999 -9999 -9999 -9999 -9999 -9999 -9999 -9999 -9999 -9999 -9999 -9999 -9999 7.73649E-4 4.76122E-4 2.73116E-3 2.06982E-3 1.3753E-3 7.92135E-5 3.60967E-5 7.01212E-5 1.31598E-4 7.95714E-5 5.68195E-5 2.63562E-5 1.65143E-5 2.56045E-5 9.01244E-5 7.65399E-5 4.42314E-5 4.37922E-5 6.29423E-5 5.39874E-5 3.1771E-5 2.67288E-5 3.36187E-5 -9999 -9999 -9999 -9999 -9999 -9999 -9999 -9999 -9999 -9999 -9999 -9999 -9999 -9999 -9999 -9999 -9999 -9999 -9999
-9999 -9999 -9999 -9999 -9999 -9999 -9999 -9999 -9999 -9999 -9999 -9999 -9999 -9999 -9999 -9999 -9999 -9999 -9999 1.85589E-3 1.31258E-3 1.65728E-3 2.0362E-3 1.40243E-3 7.63963E-4 4.44528E-4 9.42989E-5 1.60168E-4 1.52222E-4 5.99752E-5 2.85991E-6 9.23412E-5 6.41002E-5 4.98949E-5 2.38017E-5 2.80491E-5 1.47587E-4 7.98809E-5 1.01368E-4 7.46794E-5 2.92764E-5 3.92811E-5 3.19228E-5 1.91942E-5 2.78917E-5 1.51896E-5 5.43793E-6 1.06841E-5 2.86528E-5 8.71565E-5 -9999 -9999 -9999 -9999 -9999 -9999 -9999 -9999 -9999 -9999 -9999 -9999 -9999 -9999 -9999
-9999 -9999 -9999 -9999 -9999 -9999 -9999 -9999 -9999 -9999 -9999 -9999 -9999 -9999 -9999 -9999 5.47075E-5 1.30356E-3 3.80004E-3 1.03141E-3 7.0463E-4 2.14316E-4 3.15218E-4 5.75979E-4 4.00442E-4 8.38159E-5 1.21372E-4 1.51253E-4 3.52146E-6 2.39524E-6 1.54307E-6 4.76019E-5 2.11565E-5 2.36285E-5 5.36693E-5 3.57701E-5 1.03022E-4 9.43658E-5 8.5665E-5 5.17636E-5 3.12211E-5 2.90264E-5 1.36524E-5 1.59168E-5 1.55873E-5 1.7024E-5 1.13201E-5 8.65535E-6 6.5167E-6 2.90736E-5 9.485E-5 1.48618E-4 2.85419E-4 -9999 -9999 -9999 -9999 -9999 -9999 -9999 -9999 -9999 -9999 -9999 -9999
-9999 -9999 -9999 -9999 -9999 -9999 -9999 -9999 -9999 -9999 -9999 -9999 -9999 -9999 1.2744E-3 8.96342E-4 2.51957E-3 1.567E-3 7.22979E-4 1.32848E-3 9.40542E-4 9.15595E-4 8.21412E-4 3.01463E-4 3.71492E-4 4.65219E-4 7.31149E-5 8.92067E-5 6.71091E-5 5.66945E-5 7.10419E-5 3.12409E-6 2.00779E-5 4.258E-5 5.36598E-5 1.65636E-4 1.01953E-4 8.68292E-5 6.53921E-5 4.59692E-5 3.29525E-5 3.20061E-5 1.02659E-5 1.10944E-5 8.37173E-6 7.8994E-6 9.15602E-6 2.13355E-5 7.65477E-6 1.88312E-5 2.59723E-5 4.90985E-5 6.7533E-5 1.36448E-4 4.58581E-4 -9999 -9999 -9999 -9999 -9999 -9999 -9999 -9999 -9999 -9999
-9999 -9999 -9999 -9999 -9999 -9999 -9999 -9999 -9999 -9999 -9999 -9999 6.93306E-3 4.4075E-3 2.22987E-3 1.43645E-3 1.74871E-3 2.58918E-3 1.27292E-3 8.90519E-4 6.04313E-4 3.10501E-4 3.70786E-4 3.55192E-4 2.14877E-4 7.66585E-5 6.0414E-6 5.58422E-5 1.38818E-3 3.38404E-4 7.50298E-5 2.04057E-5 0E0 3.74553E-5 1.81453E-4 1.3138E-4 1.21322E-4 5.82638E-5 3.91953E-5 4.0287E-5 3.58559E-5 1.19616E-5 1.23815E-5 1.12315E-5 1.03732E-5 7.14706E-6 6.91118E-6 1.07973E-5 6.6582E-6 2.69725E-6 5.47883E-6 1.26443E-5 1.08723E-5 1.97263E-5 1.32552E-4 2.99269E-4 4.39315E-4 -9999 -9999 -9999 -9999 -9999 -9999 -9999 -9999
-9999 -9999 -9999 -9999 -9999 -9999 -9999 -9999 -9999 -9999 9.9345E-3 6.41618E-3 6.11324E-3 1.09899E-2 5.51447E-3 4.2232E-3 5.05936E-3 3.42573E-3 2.56358E-3 1.08538E-3 3.76539E-4 3.88574E-4 1.16707E-3 1.68808E-3 1.32193E-3 2.67511E-4 2.92324E-4 1.62863E-3 5.94582E-4 5.22156E-4 1.27106E-4 3.70023E-5 9.63983E-5 2.11653E-4 1.56093E-4 1.1217E-4 8.90506E-5 4.95235E-5 3.28679E-5 3.3688E-5 2.85488E-5 1.37039E-5 1.35318E-5 1.17672E-5 1.11887E-5 8.8719E-6 6.24949E-6 6.38609E-6 1.16546E-5 4.37231E-6 4.52657E-6 8.68161E-6 1.591E-5 2.68005E-5 2.26947E-5 8.30536E-5 1.47642E-4 3.4071E-4 5.23421E-4 -9999 -9999 -9999 -9999 -9999 -9999
-9999 -9999 -9999 -9999 -9999 -9999 -9999 -9999 1.37736E-2 5.97427E-3 2.49917E-2 2.30694E-2 3.05957E-2 8.60101E-3 9.48135E-3 1.29002E-2 8.95017E-3 6.14196E-3 3.27903E-3 9.56386E-4 3.59071E-4 1.30704E-3 2.18188E-4 4.50849E-4 2.93457E-4 7.18652E-4 1.49423E-3 3.16083E-4 3.51788E-4 1.09104E-4 8.50563E-5 3.86551E-4 3.22418E-4 5.69884E-4 1.37012E-4 1.16253E-4 8.42839E-5 6.70531E-5 5.87162E-5 3.99377E-5 3.12084E-5 1.37382E-5 1.38179E-5 1.18353E-5 8.20106E-6 6.49271E-6 6.93533E-6 9.52436E-6 2.438E-6 3.19146E-6 3.04918E-6 6.26457E-6 1.00645E-5 1.79369E-5 1.59274E-5 3.27345E-5 2.91491E-5 1.99549E-4 3.52857E-4 5.43471E-4 6.53249E-4 -9999 -9999 -9999 -9999
-9999 -9999 -9999 -9999 -9999 -9999 -9999 1.06489E-2 1.31035E-2 1.29362E-2 2.09497E-2 1.99098E-2 2.0394E-2 2.01059E-2 1.93731E-2 2.21323E-2 4.41373E-2 1.23148E-2 2.66375E-3 1.7789E-3 1.53241E-3 4.30806E-4 1.08669E-4 1.26702E-4 7.78735E-5 5.86765E-4 3.46333E-4 2.38183E-4 2.39334E-4 6.28883E-4 4.66011E-4 8.70294E-4 8.03617E-5 2.21506E-4 1.3049E-4 9.22625E-5 5.8524E-5 5.27132E-5 4.58015E-5 5.07307E-5 1.66839E-5 1.51863E-5 1.16386E-5 1.3112E-5 1.2734E-5 1.17764E-5 6.51961E-6 6.21179E-6 1.38661E-5 6.76807E-6 4.20814E-6 7.4627E-6 1.87213E-5 1.79306E-5 3.55059E-5 5.67575E-5 3.6504E-5 8.77084E-5 2.22272E-4 5.12259E-4 6.04921E-4 6.44577E-4 -9999 -9999 -9999
-9999 -9999 -9999 -9999 -9999 -9999 7.94075E-3 1.36243E-2 1.06407E-2 1.49679E-2 1.98147E-2 1.80251E-2 1.74958E-2 1.98037E-2 1.74547E-2 2.14049E-2 2.16645E-2 9.19006E-3 2.52521E-3 5.58432E-3 3.59122E-4 5.00888E-4 2.98882E-4 1.221E-4 3.32704E-4 1.66891E-3 1.85928E-3 1.08001E-3 1.07306E-3 6.15472E-4 8.5544E-5 6.25324E-5 5.10105E-5 2.06386E-4 1.12877E-4 9.75759E-5 5.92776E-5 5.01991E-5 4.66585E-5 4.69522E-5 1.45125E-5 1.19947E-5 1.04142E-5 9.43603E-6 9.08275E-6 1.09567E-5 8.3058E-6 4.81794E-6 1.55367E-5 2.113E-5 1.05706E-5 5.34538E-6 1.49299E-5 1.73426E-5 2.78759E-5 8.77952E-5 7.18307E-5 2.89706E-4 3.75495E-4 4.64657E-4 5.41471E-4 6.31366E-4 6.30204E-4 -9999 -9999
-9999 -9999 -9999 -9999 1.27652E-2 1.0845E-2 9.71784E-3 1.24098E-2 1.15347E-2 1.55793E-2 1.80287E-2 1.85432E-2 1.77202E-2 1.92966E-2 2.01024E-2 2.31034E-2 1.82762E-2 6.70922E-3 1.73743E-3 7.31403E-3 8.5957E-4 3.15701E-4 2.23795E-4 3.34351E-4 7.31128E-4 1.61484E-4 3.43474E-4 1.01262E-3 1.03606E-4 8.17354E-4 1.22483E-3 8.39141E-4 6.8351E-4 1.77081E-4 1.27683E-4 1.50663E-4 1.1466E-4 3.5181E-5 2.51582E-5 2.05075E-5 1.65095E-5 1.22878E-5 9.33745E-6 8.80129E-6 8.40197E-6 9.06982E-6 9.16166E-6 4.01795E-6 5.28298E-6 1.64663E-5 1.8421E-5 1.78279E-5 1.48264E-5 1.1696E-5 9.5512E-6 1.52763E-5 3.76635E-5 1.03131E-4 1.31633E-4 1.67238E-4 1.8428E-4 2.53322E-4 2.91644E-4 3.10204E-4 3.43482E-4
-9999 -9999 -9999 4.58095E-3 1.17063E-2 1.14145E-2 1.32098E-2 1.29709E-2 1.59636E-2 1.72146E-2 1.78262E-2 1.87418E-2 1.54381E-2 1.71019E-2 2.25846E-2 2.42239E-2 2.04807E-2 3.00389E-2 9.36035E-3 7.88627E-3 2.88726E-3 1.0065E-3 3.30086E-4 7.12318E-4 4.71541E-4 1.57068E-4 3.73341E-4 1.13759E-3 7.50418E-4 1.48966E-4 7.72354E-5 7.60724E-5 1.82762E-4 1.75188E-4 1.00863E-4 1.1623E-4 2.76919E-4 6.44342E-5 4.32553E-5 3.48512E-5 1.43593E-5 1.108E-5 9.82537E-6 9.34054E-6 8.497E-6 6.54104E-6 8.88522E-6 5.3885E-6 3.62873E-6 8.83776E-6 1.36302E-5 1.23835E-5 7.18596E-6 6.5204E-6 7.31358E-6 7.74966E-6 1.56314E-5 4.10366E-5 7.19748E-5 6.78123E-5 1.68528E-4 2.07526E-4 2.13508E-4 2.04789E-4 2.04378E-4
-9999 -9999 4.55085E-3 4.50732E-3 4.80768E-3 1.07639E-2 1.34509E-2 1.30951E-2 1.54353E-2 1.74372E-2 1.81428E-2 1.77232E-2 1.62243E-2 1.51596E-2 2.37036E-2 2.39685E-2 3.14085E-2 5.23638E-3 4.79534E-3 1.9361E-3 9.70516E-4 9.76825E-4 6.53409E-4 8.12363E-4 5.11844E-4 2.44923E-4 1.9715E-3 1.12026E-3 8.55237E-4 1.02988E-4 1.36077E-4 3.02257E-4 3.18187E-4 1.69074E-4 1.15028E-4 9.5054E-5 9.30574E-5 2.48838E-4 7.46574E-5 2.1228E-5 1.64404E-5 1.21035E-5 9.61728E-6 7.04166E-6 7.63863E-6 7.51077E-6 9.14293E-6 6.4727E-6 3.64396E-6 4.27854E-6 1.27648E-5 4.0088E-6 8.52333E-6 1.03475E-5 1.00188E-5 1.6262E-5 7.14101E-6 2.79587E-5 5.16669E-5 9.70606E-5 7.7417E-5 1.13178E-4 1.47543E-4 1.56972E-4 1.57538E-4
-9999 4.52804E-3 4.56124E-3 4.92847E-3 5.01364E-3 1.12018E-2 1.40054E-2 1.3638E-2 1.71006E-2 1.79158E-2 1.92601E-2 2.157E-2 2.22366E-2 1.83567E-2 2.25033E-2 2.02576E-2 3.18824E-2 3.79936E-3 5.34531E-3 6.78784E-3 2.52017E-2 4.02177E-3 1.26325E-3 1.12201E-3 6.5886E-4 5.01115E-4 5.62708E-4 4.53354E-4 9.64552E-4 1.62727E-3 5.65035E-4 3.5354E-4 2.16209E-4 1.40679E-4 1.47157E-4 1.46849E-4 1.03445E-4 5.86429E-5 3.78986E-5 3.68441E-5 3.21426E-5 9.94925E-6 9.55459E-6 9.62545E-6 6.54611E-6 3.9525E-6 3.60969E-6 3.09479E-6 3.31712E-6 5.44153E-6 1.53686E-5 3.9396E-6 5.53634E-6 1.33497E-5 2.07249E-5 9.29299E-6 7.59845E-6 1.03426E-5 4.85903E-5 5.0282E-5 5.84774E-5 6.02966E-5 6.25527E-5 7.37597E-5 6.96095E-5
4.58869E-3 4.4546E-3 4.78051E-3 4.90022E-3 5.26742E-3 1.17675E-2 5.6886E-3 1.47509E-2 1.61256E-2 1.77463E-2 1.91491E-2 1.78176E-2 2.07597E-2 2.27127E-2 2.27002E-2 1.96904E-2 3.38749E-2 5.46026E-3 3.55881E-2 1.05268E-2 6.0602E-3 2.37508E-2 1.23469E-2 2.24338E-3 1.06299E-3 8.12052E-4 7.33679E-4 2.22885E-4 9.98099E-5 2.21121E-4 1.11746E-4 1.03756E-4 2.0483E-4 2.31938E-4 2.37777E-4 9.89152E-5 6.15935E-5 5.08138E-5 6.15105E-5 2.44183E-5 1.72049E-5 1.56574E-5 1.14672E-5 6.86989E-6 4.51355E-6 4.02089E-6 4.60939E-6 5.35557E-6 4.31998E-6 3.0587E-6 7.29831E-6 4.69061E-6 3.20967E-6 1.43424E-5 7.46916E-6 8.54731E-6 6.87084E-6 1.18621E-5 3.40175E-5 2.50784E-5 2.06297E-5 1.38705E-5 3.00797E-5 2.23493E-5 2.92943E-5
4.71332E-3 4.66046E-3 4.83029E-3 4.99515E-3 5.14017E-3 5.41582E-3 5.7878E-3 1.48286E-2 1.5779E-2 1.74349E-2 1.92809E-2 1.8444E-2 1.95959E-2 1.85973E-2 1.762E-2 1.5964E-2 3.01238E-2 3.92486E-2 2.95927E-2 9.12209E-3 4.35823E-3 1.01376E-3 2.38332E-3 9.25982E-3 1.78262E-3 1.82003E-4 2.50859E-4 3.95906E-4 6.06143E-5 8.95693E-5 5.33887E-4 6.57097E-4 3.37274E-4 1.76645E-4 1.706E-4 1.51741E-4 1.38634E-4 8.99369E-5 5.51063E-5 1.70195E-4 1.81786E-5 1.42539E-5 8.29613E-6 6.77753E-6 6.20048E-6 5.50004E-6 5.78397E-6 4.10563E-6 5.00112E-6 3.06095E-6 2.15125E-6 3.95285E-6 2.87632E-6 1.68623E-5 7.31675E-6 4.12173E-6 5.99118E-6 5.62643E-6 8.97192E-6 1.23502E-5 1.20563E-5 5.35773E-6 9.99239E-6 6.8061E-6 5.85711E-6
4.7815E-3 4.70876E-3 4.13234E-3 4.53142E-3 4.77021E-3 5.27785E-3 5.30072E-3 1.47919E-2 1.38727E-2 1.43661E-2 1.93503E-2 2.09191E-2 1.86538E-2 1.59495E-2 1.89958E-2 1.7325E-2 3.50828E-2 5.62131E-3 9.61358E-3 2.92541E-3 1.51181E-3 4.55574E-4 7.4373E-4 3.16359E-3 1.51697E-3 1.38785E-4 2.35988E-4 2.44517E-3 2.57172E-4 1.07353E-3 7.38109E-4 6.93962E-5 7.61111E-5 2.87599E-4 1.86327E-4 2.25725E-4 1.277E-4 8.79315E-5 8.91359E-5 5.46031E-5 3.50842E-5 1.59871E-5 1.48155E-5 1.0513E-5 9.9743E-6 9.74727E-6 2.35844E-5 1.19246E-5 4.76682E-6 3.27539E-6 2.28722E-6 1.93974E-6 3.23468E-6 3.1466E-6 1.44138E-5 2.12387E-6 2.04649E-6 3.62849E-6 3.86796E-6 5.78851E-6 4.46341E-6 3.64119E-6 3.84076E-6 3.69687E-6 1.36803E-6
2.94093E-3 4.18998E-3 3.34789E-3 4.68313E-3 6.90973E-3 7.40916E-3 9.30597E-3 1.09088E-2 1.30402E-2 1.27444E-2 1.37447E-2 1.93509E-2 1.65892E-2 1.2324E-2 1.48506E-2 3.36784E-2 7.8061E-3 6.29519E-3 7.04412E-4 3.1335E-3 6.94966E-4 2.18733E-5 1.10433E-3 2.5485E-3 4.42061E-4 3.79559E-4 1.00788E-3 1.90618E-4 2.55117E-4 7.18341E-5 4.12884E-5 4.35368E-4 7.72144E-4 4.48161E-4 2.98166E-4 2.97436E-4 1.68167E-4 1.72532E-4 8.59303E-5 2.36005E-4 5.74686E-5 4.10519E-5 3.70741E-5 1.00965E-5 6.11357E-6 9.63547E-6 2.18997E-5 2.46229E-5 6.47621E-6 3.54612E-6 2.81418E-6 1.90736E-6 1.62745E-6 6.81493E-6 1.10168E-5 1.05335E-5 7.39309E-6 1.49721E-6 2.08781E-6 2.20756E-6 2.73701E-6 1.99626E-6 1.52597E-6 1.59476E-6 1.92554E-6
3.86235E-3 1.17217E-3 1.47582E-3 3.67551E-3 5.82104E-3 7.28129E-3 6.14425E-3 6.73812E-3 1.00828E-2 1.21948E-2 1.35494E-2 1.38689E-2 1.16716E-2 1.23005E-2 1.84188E-2 3.26454E-3 6.72172E-5 1.99931E-3 4.82681E-5 4.53954E-5 1.72015E-5 1.55609E-5 1.28059E-3 2.67469E-4 1.20453E-4 2.59789E-4 2.2597E-4 1.05194E-4 4.55273E-5 5.43147E-5 1.04512E-3 9.96512E-4 1.76534E-3 8.82717E-4 4.02373E-4 1.61942E-4 1.82075E-4 3.82434E-4 1.54307E-4 1.2213E-4 7.41321E-5 1.0039E-4 1.80693E-5 4.43476E-5 1.45268E-5 1.09592E-5 1.10509E-5 3.75849E-5 6.65645E-6 7.51765E-6 1.04891E-5 3.25595E-6 2.79934E-6 3.67091E-6 5.44709E-6 2.52364E-6 3.17328E-6 4.75468E-6 6.33104E-6 3.37631E-6 4.42059E-6 3.47216E-6 3.38076E-6 1.72958E-6 2.95504E-6
1.73128E-3 2.87576E-3 2.40839E-3 2.79385E-3 4.49168E-3 5.62001E-3 5.29749E-3 5.69871E-3 7.41754E-3 1.08219E-2 1.41094E-2 1.26036E-2 1.15582E-2 1.29728E-2 1.00926E-3 1.48302E-3 2.45075E-5 1.03088E-3 9.36284E-5 2.64146E-5 6.90303E-6 2.75623E-5 4.38411E-4 1.17745E-5 1.55807E-4 1.22097E-4 1.0452E-4 2.6793E-4 1.905E-4 1.31775E-4 2.44909E-3 4.0012E-3 1.58698E-3 7.70108E-4 3.64503E-4 3.36582E-4 2.48108E-4 1.06878E-3 5.35669E-4 1.78213E-4 3.90589E-4 5.81343E-5 3.72538E-5 1.30504E-4 1.16082E-4 1.10826E-4 9.37717E-5 2.01273E-5 4.20346E-6 1.96339E-6 3.66491E-6 3.22078E-6 3.10178E-6 2.20764E-6 1.47394E-6 3.99867E-6 1.77068E-6 2.87659E-6 3.41736E-6 2.90628E-6 1.86459E-6 1.66498E-6 2.06972E-6 3.43627E-6 2.32365E-6
1.60273E-3 3.09803E-3 1.97704E-3 1.99407E-3 1.99488E-3 1.75817E-3 3.29027E-3 3.77744E-3 4.53322E-3 1.17029E-2 1.22123E-2 1.12635E-2 1.25739E-2 5.96575E-3 1.99453E-3 4.09658E-3 1.41164E-4 3.27942E-5 1.12639E-4 5.38612E-5 1.21637E-5 2.50133E-5 6.97893E-4 4.34519E-5 1.92698E-5 2.02156E-4 4.30517E-4 8.24796E-4 2.13074E-3 1.70453E-3 5.73743E-3 2.20327E-4 1.13905E-3 5.61798E-4 4.74709E-4 3.75418E-4 3.89874E-4 2.8051E-4 2.26829E-4 1.43597E-4 3.23805E-4 2.80514E-4 3.01155E-4 5.70174E-4 4.02386E-5 2.98929E-5 9.57743E-6 7.20373E-6 9.16675E-6 6.99877E-6 3.56214E-6 2.31106E-6 1.59083E-6 1.97471E-6 1.84313E-6 1.97298E-6 4.99354E-6 3.03836E-6 1.72011E-6 1.99999E-6 1.08234E-6 1.67713E-6 1.84116E-6 3.06677E-6 3.23294E-6
1.67359E-3 2.33676E-3 1.9577E-3 9.05456E-4 6.54123E-4 1.46701E-3 2.63277E-3 1.85149E-3 4.24473E-3 1.19691E-2 1.19559E-2 9.90848E-3 1.24751E-2 3.03176E-3 1.08934E-4 3.40783E-3 7.17252E-5 1.2776E-5 1.6412E-5 9.44282E-6 2.55523E-5 5.42948E-5 2.08909E-5 5.25317E-5 1.05331E-5 5.2945E-4 5.74082E-4 1.1554E-3 2.4005E-2 1.4308E-2 1.47869E-3 3.03957E-4 2.7719E-4 5.40017E-4 3.90948E-4 2.7914E-4 2.15514E-4 2.58792E-4 3.10998E-4 2.59761E-4 5.84434E-4 1.88197E-4 2.56302E-4 7.08884E-4 1.12597E-3 1.59543E-4 1.49064E-4 9.66781E-6 1.07954E-5 1.96073E-5 1.64742E-5 5.79126E-6 3.89911E-6 4.11231E-6 2.05733E-6 1.55341E-6 1.24804E-6 1.13953E-6 2.81443E-6 1.83397E-6 1.1107E-6 1.08648E-6 2.06591E-6 3.07019E-6 2.14096E-6
8.66763E-4 8.58421E-4 8.2902E-4 6.4139E-4 1.01716E-3 1.53993E-3 9.57067E-4 2.76373E-4 3.28322E-3 7.49628E-3 1.02173E-2 7.97575E-3 2.67696E-3 4.04342E-3 1.90017E-3 3.30155E-5 4.03197E-5 1.23606E-5 1.9934E-5 1.44769E-5 1.05881E-5 1.23858E-5 3.14263E-5 1.45724E-5 2.71811E-5 6.82876E-4 1.14284E-3 1.35505E-3 2.98179E-2 2.33378E-3 1.47217E-3 3.35164E-4 5.89159E-4 2.12189E-3 8.36689E-4 7.48792E-4 4.78075E-4 5.65863E-4 3.68454E-3 2.78286E-3 6.58559E-4 9.63676E-4 2.51022E-4 1.88859E-4 3.63667E-4 2.01638E-3 1.3257E-3 4.41365E-5 3.06454E-5 1.4204E-5 3.85591E-5 2.61869E-5 1.02518E-5 1.28866E-5 3.38028E-6 5.13192E-6 2.80576E-6 1.4348E-6 1.83731E-6 1.98996E-6 1.51295E-6 1.12032E-6 0E0 1.50295E-6 2.12891E-6
2.3467E-4 3.98887E-4 2.86488E-4 4.32634E-4 6.07927E-4 7.2428E-4 2.33758E-4 1.29127E-3 4.11562E-3 6.94975E-3 8.70533E-3 8.35112E-3 2.8497E-3 4.35524E-3 1.48711E-3 5.25459E-5 3.02977E-5 1.04941E-4 2.44282E-5 1.67507E-5 3.40806E-5 1.59712E-5 1.4121E-5 2.333E-5 3.74376E-5 2.15468E-3 1.44748E-3 2.63666E-3 1.95278E-2 5.33543E-3 1.26529E-3 1.88956E-3 1.78069E-3 2.36348E-3 3.62418E-3 4.20825E-3 1.74307E-3 2.51372E-3 2.22774E-2 1.59619E-2 1.21371E-2 9.90231E-3 3.21533E-3 6.37291E-4 2.25455E-4 4.51298E-3 4.80924E-4 1.87561E-4 1.47695E-4 1.32894E-4 4.56088E-5 9.26066E-5 1.09666E-5 5.87819E-6 6.29678E-6 2.58726E-6 4.23857E-6 1.4274E-6 1.21075E-6 1.40394E-6 1.18362E-6 1.22136E-6 1.00821E-6 1.66831E-6 1.8408E-6
2.30257E-4 1.91334E-4 2.79367E-4 3.39508E-4 7.04813E-4 6.46875E-4 1.00236E-3 3.78977E-3 2.44207E-3 5.77823E-4 3.34831E-4 5.58687E-5 3.39939E-5 1.59776E-5 1.41719E-5 5.06762E-5 1.09678E-4 2.02489E-5 3.68393E-5 6.49893E-5 3.77616E-5 2.79608E-5 4.64746E-5 9.46522E-5 5.64499E-5 3.14822E-3 1.65788E-2 1.57553E-2 1.85559E-2 2.99405E-3 1.00817E-2 5.57248E-3 1.47316E-3 3.52157E-3 7.23789E-4 5.7857E-3 3.04328E-2 5.97249E-2 4.21157E-3 3.23451E-3 9.05168E-3 6.44182E-2 3.80001E-2 3.96016E-2 1.85814E-2 1.02383E-3 4.40688E-4 3.0393E-4 2.15138E-5 1.47305E-5 1.38812E-4 1.54394E-4 1.80139E-4 8.59704E-6 8.03544E-6 4.6541E-6 8.572E-6 4.66721E-6 3.54925E-6 1.51352E-6 2.47515E-6 0E0 1.07291E-6 1.7572E-6 1.79435E-6
2.00263E-4 1.90165E-4 2.07767E-4 2.11089E-4 2.4127E-4 5.57584E-4 1.33341E-3 1.06014E-3 1.58092E-4 8.92035E-5 5.9385E-6 1.59773E-5 4.13091E-5 2.18582E-3 2.85584E-3 1.13983E-4 5.17579E-5 1.59179E-5 8.41804E-5 4.06434E-3 1.95321E-4 4.27118E-5 2.12389E-4 4.40072E-4 2.69301E-4 5.31966E-3 1.52041E-2 1.88821E-2 5.77991E-3 2.41835E-3 9.25746E-3 1.80218E-3 1.96699E-3 7.25473E-3 9.24116E-4 2.05496E-3 8.82355E-3 1.92194E-2 2.38287E-3 1.86541E-3 1.40898E-3 1.64046E-3 3.64429E-3 1.74765E-3 2.21489E-4 5.11802E-5 4.42637E-4 1.36097E-3 9.19596E-5 1.79949E-5 1.84774E-5 1.7272E-4 4.88127E-5 9.69088E-5 3.25244E-5 3.91974E-5 5.47867E-5 3.31984E-5 7.92996E-6 3.35677E-6 2.49462E-6 4.75788E-6 1.46911E-6 1.28263E-6 2.69635E-6
1.47518E-4 2.22306E-4 1.90138E-4 2.9888E-4 3.49435E-4 3.72997E-4 4.68099E-4 1.3579E-4 1.15592E-4 1.25109E-4 5.84264E-4 1.11189E-3 4.3114E-3 2.66491E-2 1.33274E-2 3.33113E-3 1.92558E-4 8.34158E-5 1.1355E-4 7.6166E-3 1.35656E-2 6.1998E-4 1.07543E-2 2.00009E-2 4.34249E-4 1.92383E-2 2.55751E-2 1.61398E-3 1.91429E-3 2.07759E-3 3.34855E-3 1.15811E-3 2.65529E-3 1.02991E-2 3.37552E-3 2.55535E-2 1.71009E-2 2.45867E-3 1.0597E-3 1.96164E-3 2.38575E-3 1.04938E-3 5.25469E-4 3.33923E-4 1.51819E-4 1.23492E-4 5.28549E-4 6.29845E-4 2.07813E-4 6.23037E-5 3.0965E-5 2.1151E-5 1.35956E-5 6.09014E-5 5.01229E-5 8.24142E-6 2.48831E-5 8.16007E-6 6.31212E-6 3.5231E-6 2.14805E-6 5.99997E-6 2.99802E-6 1.66803E-6 2.49798E-6
2.19435E-4 1.47934E-4 1.59464E-4 2.06702E-4 3.78601E-4 2.95454E-4 4.32341E-4 4.47248E-4 7.25842E-4 1.37761E-3 1.98369E-3 9.77996E-4 1.13186E-2 2.8275E-2 3.08966E-2 4.29342E-2 8.2093E-3 2.03782E-4 1.75563E-2 1.41614E-2 5.31768E-2 8.29678E-4 1.91863E-2 3.02424E-2 3.83001E-2 4.55472E-2 3.17808E-3 3.81269E-2 5.90529E-3 4.33184E-3 3.49151E-3 3.95884E-3 7.57772E-3 2.61223E-3 3.0232E-3 4.78829E-3 6.86204E-3 1.7831E-3 8.66023E-4 1.20453E-3 1.45142E-3 8.80963E-4 2.53823E-3 4.04478E-3 2.72659E-3 3.82207E-4 2.59706E-4 4.26538E-4 5.07862E-4 1.5065E-4 1.45139E-4 1.77066E-5 8.49419E-6 8.77523E-6 2.16052E-5 4.11246E-5 5.8718E-6 1.78448E-5 2.23112E-5 6.18762E-6 5.2281E-6 3.16765E-6 1.12183E-5 3.4201E-6 1.28657E-6
