KUENM_DEFAULT/Final_Models/M_1_F_lqpth_Set_1_NE/sp1_median.asc
ncols         197
nrows         210
xllcorner     56.1666666666667
yllcorner     4.5
cellsize      0.166666666666667
NODATA_value  -9999
[rows 28 to 55 of 210, columns 65 to 129 of 197]
1.01824E-3 1.10662E-3 1.86004E-3 1.31297E-3 2.46752E-3 1.37172E-3 3.60404E-3 5.60236E-3 6.73235E-3 1.07647E-2 5.35918E-3 2.07921E-3 3.07174E-2 3.60833E-2 3.50866E-2 6.15559E-2 1.13257E-1 3.87711E-2 1.48994E-1 1.44556E-1 7.41955E-2 2.81348E-2 3.75191E-2 9.80009E-2 1.48482E-1 6.81069E-2 1.5502E-1 1.42787E-1 1.25294E-1 4.76843E-2 7.21669E-2 5.70953E-2 1.02635E-2 5.16873E-3 1.05656E-2 1.07119E-2 3.66878E-3 4.31707E-3 4.05761E-3 5.96399E-3 1.92402E-3 3.16387E-3 5.31938E-3 5.59722E-3 5.51417E-3 3.50356E-3 3.09526E-3 2.10201E-3 1.09792E-3 4.99599E-4 1.81824E-4 6.10496E-5 5.56225E-5 1.12155E-5 3.05193E-5 8.24901E-5 5.66975E-6 3.3132E-6 3.61759E-6 8.83077E-6 9.9947E-6 1.0765E-5 6.70994E-6 1.28467E-5 2.97766E-6
1.48373E-3 1.98182E-3 1.77186E-3 1.90401E-3 2.16282E-3 1.91346E-3 3.25181E-3 4.35152E-3 2.57833E-3 2.45768E-3 3.39866E-3 9.78628E-3 2.08872E-2 2.87294E-2 3.69749E-2 5.92088E-2 8.9845E-2 1.04406E-1 1.05705E-1 1.10159E-1 1.56799E-1 1.65963E-1 1.85373E-1 2.61862E-1 9.77671E-2 3.04544E-1 2.28552E-1 1.36542E-1 1.53344E-1 1.74913E-1 1.7535E-1 5.16061E-2 5.55087E-2 1.49449E-2 1.62357E-2 3.35709E-3 7.53914E-3 3.85747E-3 3.01008E-3 3.85737E-3 4.78349E-3 8.84725E-3 7.10852E-3 1.34252E-2 9.35805E-3 3.30806E-3 2.86344E-3 2.79688E-3 4.5907E-3 8.68898E-4 1.47058E-4 1.34903E-4 8.68843E-5 1.27559E-4 3.18425E-4 5.53765E-5 5.11781E-5 4.40075E-5 4.00143E-6 3.11846E-6 3.49913E-6 4.95389E-6 1.55739E-5 3.21076E-5 5.3255E-6
1.24667E-3 1.04164E-3 1.19764E-3 1.03125E-3 5.74972E-4 1.04551E-3 2.0288E-3 4.17823E-3 5.26125E-3 7.38743E-3 7.15968E-3 1.06469E-2 1.69096E-2 2.41981E-2 2.85769E-2 4.65874E-2 8.10936E-2 1.28841E-1 1.42985E-1 1.08051E-1 4.00764E-2 4.975E-2 1.33138E-1 1.3857E-1 1.80742E-1 1.92295E-1 2.3497E-1 2.56333E-1 3.52313E-1 3.52233E-1 3.02048E-1 1.72619E-1 1.33099E-1 8.31146E-2 2.02875E-2 1.11153E-2 9.02482E-3 8.3554E-3 8.06455E-3 4.24788E-3 1.76301E-2 3.77122E-3 1.0801E-2 4.74737E-2 3.82854E-2 3.1861E-2 5.64103E-3 1.92271E-3 1.44621E-3 8.19387E-4 3.18356E-4 4.26828E-4 4.2212E-4 2.3579E-4 1.40286E-4 7.46809E-5 3.62918E-5 5.38242E-5 5.66203E-5 8.81469E-6 3.84279E-6 3.08161E-6 3.79768E-6 4.49992E-6 1.82926E-5
1.19243E-3 1.00545E-3 9.49046E-4 2.05928E-3 2.31475E-3 1.52183E-3 2.04619E-3 2.07329E-3 3.55922E-3 7.89583E-3 6.75205E-3 8.44297E-3 1.25513E-2 2.06402E-2 8.98986E-3 1.14341E-2 4.16095E-2 6.37121E-2 1.8138E-1 1.4234E-1 1.17358E-1 1.09645E-1 1.03168E-1 1.47981E-1 1.60594E-1 1.96186E-1 2.29222E-1 2.7984E-1 3.57674E-1 5.01192E-1 5.43078E-1 3.96603E-1 2.83341E-1 1.72527E-1 2.21366E-2 2.47332E-2 1.33606E-2 7.76538E-3 6.79557E-3 1.01531E-2 1.07612E-2 8.95469E-4 2.32711E-3 1.51384E-2 5.88074E-2 6.30063E-2 2.9488E-2 5.3035E-3 2.73609E-3 2.97565E-3 9.09516E-4 3.35947E-4 5.65172E-5 3.06475E-4 4.18248E-5 1.72249E-5 1.20906E-5 1.43725E-5 2.58958E-5 3.98695E-5 3.36707E-5 4.19633E-5 1.30498E-5 8.82175E-6 7.25218E-6
1.16349E-3 9.27485E-4 1.29882E-3 1.26823E-3 2.30245E-3 1.65625E-3 1.8056E-3 2.68671E-3 3.72646E-3 4.67782E-3 5.87506E-3 6.96017E-3 1.03487E-2 1.80155E-2 5.2673E-3 1.09759E-2 8.98354E-3 3.70634E-3 9.83821E-3 2.9022E-2 5.44385E-2 9.92938E-2 1.57492E-1 2.36407E-1 2.41888E-1 1.77412E-1 1.87387E-1 2.22713E-1 3.2588E-1 4.0695E-1 4.69384E-1 5.28868E-1 4.21755E-1 3.50082E-1 2.18218E-1 2.02878E-1 1.80825E-2 9.53355E-3 3.02421E-3 7.00023E-2 2.45021E-2 1.40635E-2 1.3815E-2 3.75911E-3 1.05647E-2 5.30505E-2 6.55468E-2 3.142E-2 4.16036E-3 2.44452E-3 1.65433E-3 7.66684E-4 1.37042E-4 3.55229E-4 1.37387E-5 1.17767E-5 8.15666E-6 5.90505E-6 4.64439E-6 1.37548E-5 8.47655E-6 3.13417E-5 2.46107E-5 8.22687E-5 2.03068E-5
1.03631E-3 1.13617E-3 2.14226E-3 2.02349E-3 2.21208E-3 2.69234E-3 3.0795E-3 3.62687E-3 3.64556E-3 4.88245E-3 5.5942E-3 5.64583E-3 1.16344E-2 1.15828E-2 7.54426E-3 1.78246E-2 2.56306E-2 2.96998E-2 3.82599E-2 1.43542E-2 9.09661E-3 1.54412E-2 4.08824E-2 7.55599E-2 2.29264E-1 1.92014E-1 2.55627E-1 2.63769E-1 3.16754E-1 3.14889E-1 4.49304E-1 4.30194E-1 5.3396E-1 3.71703E-1 2.61326E-1 2.09543E-1 1.90942E-2 1.43217E-2 8.99336E-3 1.07245E-1 1.06699E-1 1.67145E-2 1.47117E-2 8.66746E-4 2.29013E-3 4.82477E-3 3.83211E-2 6.64704E-2 3.55468E-2 5.12069E-3 2.73072E-3 3.81937E-3 4.8375E-4 1.4038E-4 5.78861E-5 1.27651E-5 9.99822E-6 9.48003E-6 1.27211E-5 1.95516E-5 3.62622E-5 4.65928E-5 1.38835E-5 1.20092E-5 7.00065E-5
1.51964E-3 1.75474E-3 1.35952E-3 2.35377E-3 2.42442E-3 2.73598E-3 3.13231E-3 2.1975E-3 2.64034E-3 4.54772E-3 5.11442E-3 6.80457E-3 9.94195E-3 9.37078E-3 1.38259E-2 2.30499E-2 5.97688E-2 4.59948E-2 8.6887E-2 1.13133E-1 8.25763E-2 4.19184E-2 5.06459E-2 5.74538E-2 1.06414E-1 2.58902E-1 2.099E-1 2.45118E-1 2.4917E-1 2.80484E-1 3.69298E-1 3.99766E-1 4.59174E-1 3.88685E-1 3.37927E-1 2.03906E-1 3.48715E-2 3.82983E-2 1.15389E-1 1.39848E-1 1.06474E-1 1.39364E-1 1.35227E-1 2.71517E-2 1.58024E-3 1.28093E-3 1.29778E-3 3.60603E-2 6.7759E-2 4.42239E-2 4.23027E-3 2.80932E-3 4.51403E-3 9.76187E-4 7.46582E-5 1.53578E-5 2.38831E-5 1.57842E-5 1.87871E-5 4.35648E-5 7.23404E-6 1.63304E-5 9.85213E-6 5.8241E-6 2.76101E-5
1.76952E-3 1.23091E-3 1.86275E-3 2.33256E-3 2.53954E-3 2.82919E-3 3.30322E-3 2.24095E-3 2.70871E-3 3.59599E-3 5.61077E-3 9.24736E-3 1.21656E-2 1.49992E-2 1.23919E-2 1.84127E-2 4.53476E-2 1.19177E-1 1.73198E-1 1.39356E-1 2.0279E-1 1.03683E-1 1.15384E-1 1.20404E-1 2.563E-1 2.48778E-1 2.89962E-1 2.80842E-1 2.84463E-1 3.91755E-1 4.1224E-1 3.7335E-1 4.78842E-1 3.88317E-1 3.65028E-1 2.79593E-1 2.31891E-1 1.62671E-1 1.44102E-1 1.38731E-1 1.75142E-1 1.6813E-1 1.50649E-1 8.78849E-2 6.19191E-3 2.07496E-3 1.48611E-3 1.07993E-3 1.93568E-3 2.54081E-3 2.55611E-3 2.97722E-3 5.0221E-3 3.07543E-3 4.20749E-4 1.48133E-4 2.69398E-5 1.98051E-5 5.00492E-5 9.51555E-5 2.25446E-5 9.54905E-6 1.5596E-5 7.20338E-6 1.13024E-5
1.27824E-3 1.93554E-3 2.08083E-3 1.65176E-3 2.58264E-3 2.18176E-3 2.72092E-3 1.95673E-3 2.74378E-3 3.13825E-3 4.32551E-3 7.455E-3 1.04698E-2 9.26597E-3 1.7244E-2 2.46411E-2 6.04022E-2 1.13463E-1 1.45507E-1 1.37639E-1 1.66167E-1 1.97711E-1 2.04643E-1 2.27619E-1 2.62636E-1 2.90857E-1 3.45023E-1 3.5368E-1 3.60688E-1 4.17214E-1 3.80375E-1 3.45833E-1 4.54564E-1 4.03875E-1 4.33222E-1 3.92135E-1 3.21231E-1 2.85567E-1 2.61243E-1 1.73087E-1 5.22292E-2 1.74837E-1 1.5699E-1 1.28108E-1 6.45244E-2 4.58357E-3 6.74234E-3 6.42116E-4 5.5162E-4 1.1489E-3 2.18446E-3 1.05544E-3 9.09039E-3 6.72201E-3 1.61007E-3 1.36786E-3 6.72083E-4 2.66411E-5 2.26747E-5 1.66983E-4 1.27396E-5 2.00549E-5 1.28622E-5 1.28998E-5 1.06397E-5
1.66053E-3 1.9345E-3 1.43618E-3 1.725E-3 1.82671E-3 1.40935E-3 1.43085E-3 1.78479E-3 2.15389E-3 3.26707E-3 5.66641E-3 7.36094E-3 9.07599E-3 8.88881E-3 1.86802E-2 3.83478E-2 7.78724E-2 1.04625E-1 1.18986E-1 1.72336E-1 1.84181E-1 2.10982E-1 2.26761E-1 2.54315E-1 2.77417E-1 2.83531E-1 3.0062E-1 3.23322E-1 3.60294E-1 3.39127E-1 3.56271E-1 3.77127E-1 4.20294E-1 5.0901E-1 5.06041E-1 4.50135E-1 4.0662E-1 3.94363E-1 3.40249E-1 2.78172E-1 8.44924E-2 4.59425E-2 1.97968E-1 1.94888E-1 1.6111E-1 7.48418E-2 3.65598E-2 3.28368E-3 5.98124E-3 4.91014E-3 1.12497E-3 8.322E-4 1.81283E-3 5.23075E-3 3.94169E-3 3.73111E-3 7.10813E-4 2.59961E-4 4.56604E-5 6.55682E-5 8.27918E-5 4.60389E-5 4.40865E-5 3.10013E-5 2.27219E-5
1.7928E-3 1.81185E-3 1.34457E-3 1.47597E-3 1.18987E-3 1.33467E-3 1.54511E-3 1.6876E-3 2.43446E-3 4.71936E-3 5.6738E-3 7.92719E-3 8.5994E-3 1.14686E-2 1.66501E-2 2.49561E-2 4.30185E-2 9.37811E-2 1.47781E-1 1.99438E-1 2.08381E-1 2.26706E-1 2.56947E-1 2.81985E-1 2.98633E-1 2.2675E-1 2.40698E-1 3.05532E-1 3.8738E-1 3.84943E-1 4.04422E-1 3.80138E-1 3.90458E-1 4.14149E-1 5.11548E-1 4.67228E-1 4.37172E-1 4.62337E-1 4.28052E-1 4.44486E-1 3.12008E-1 7.14232E-2 2.33268E-1 2.2872E-1 5.69194E-2 4.16924E-2 2.34192E-2 1.23263E-2 7.0874E-3 2.89979E-3 2.97629E-3 2.70228E-3 2.13064E-3 1.52661E-3 3.915E-3 3.9294E-3 4.12429E-3 9.57048E-4 4.59974E-4 1.0413E-4 6.90697E-5 9.02455E-5 5.63459E-5 7.31546E-5 4.15815E-5
1.63471E-3 1.8009E-3 1.52175E-3 1.41983E-3 1.37508E-3 1.41489E-3 1.57679E-3 1.81553E-3 3.31973E-3 4.52537E-3 6.28851E-3 7.96725E-3 1.04849E-2 1.51403E-2 2.53703E-2 4.02871E-2 6.86765E-2 8.91693E-2 1.57303E-1 2.13822E-1 2.15541E-1 2.62107E-1 2.83573E-1 3.04368E-1 2.68796E-1 3.35313E-1 3.78035E-1 4.13194E-1 3.5758E-1 3.7995E-1 3.62985E-1 3.64235E-1 3.61639E-1 3.67557E-1 3.93642E-1 4.47399E-1 5.90103E-1 5.00306E-1 5.14856E-1 4.63702E-1 4.77567E-1 4.07865E-1 2.2636E-1 7.01028E-2 5.64717E-2 3.83829E-2 2.52954E-2 1.64208E-2 9.54581E-3 5.45816E-3 1.79293E-3 6.45392E-4 8.18214E-4 7.88209E-4 9.27568E-4 6.55515E-4 3.87909E-3 1.58889E-3 6.1238E-4 4.98048E-4 2.34216E-4 1.35122E-4 1.52257E-4 2.0737E-4 9.21222E-5
2.05816E-3 2.38586E-3 1.97863E-3 1.90306E-3 1.72297E-3 1.65834E-3 1.81111E-3 1.91152E-3 3.57634E-3 4.56346E-3 6.67692E-3 9.00467E-3 1.07774E-2 1.80033E-2 1.97435E-2 2.43909E-2 2.41564E-2 5.70507E-2 1.14853E-1 1.72175E-1 2.24439E-1 2.22216E-1 2.62677E-1 3.00183E-1 2.83617E-1 3.5297E-1 3.39731E-1 3.87071E-1 3.11046E-1 3.40632E-1 3.34577E-1 3.24745E-1 3.10402E-1 3.2133E-1 3.26334E-1 3.51131E-1 4.57726E-1 6.37717E-1 5.57243E-1 5.62655E-1 6.08526E-1 5.64916E-1 5.16611E-1 4.3793E-1 1.00212E-1 6.44954E-2 5.49123E-2 2.47862E-2 1.27429E-2 6.43662E-3 3.60747E-3 1.5628E-3 1.06164E-3 9.58008E-4 1.5919E-3 8.97251E-4 3.22288E-3 3.24923E-3 5.10295E-3 5.81828E-4 5.06479E-4 6.81268E-4 3.56966E-4 1.65894E-4 1.6765E-4
4.0567E-3 2.80553E-3 2.96662E-3 2.42566E-3 2.17368E-3 2.13068E-3 2.16028E-3 2.16416E-3 4.19291E-3 5.20798E-3 6.27794E-3 9.06201E-3 1.2939E-2 1.74398E-2 1.58053E-2 1.80271E-2 2.82969E-2 5.80004E-2 9.989E-2 1.41645E-1 2.21372E-1 2.44729E-1 2.64125E-1 2.97565E-1 3.17855E-1 3.23661E-1 3.84416E-1 3.46276E-1 3.36881E-1 2.77304E-1 2.63374E-1 2.52607E-1 3.17754E-1 3.76263E-1 4.30927E-1 4.52817E-1 5.31195E-1 5.84404E-1 6.30847E-1 6.24377E-1 5.91679E-1 6.15331E-1 5.49329E-1 4.62347E-1 3.9948E-1 4.11479E-1 7.17772E-2 7.65717E-2 3.2551E-2 1.43129E-2 8.06965E-3 5.0086E-3 3.42796E-3 2.13629E-3 8.58814E-4 7.14645E-4 5.43298E-4 2.22481E-3 3.79807E-3 3.50729E-3 2.75861E-3 1.24247E-3 4.0628E-4 4.46353E-4 3.36233E-4
4.31407E-3 4.57289E-3 3.76266E-3 2.63121E-3 2.61429E-3 2.68589E-3 2.42034E-3 3.51484E-3 4.22978E-3 5.39076E-3 6.7921E-3 1.08691E-2 1.48816E-2 1.63044E-2 2.14125E-2 2.99984E-2 3.91742E-2 7.63669E-2 1.40996E-1 1.71183E-1 1.84222E-1 2.12908E-1 2.3946E-1 2.46005E-1 2.41065E-1 2.80514E-1 3.26636E-1 3.34564E-1 3.55554E-1 3.26533E-1 3.13382E-1 3.79414E-1 4.44577E-1 4.51228E-1 4.47135E-1 4.46417E-1 4.82357E-1 5.09735E-1 5.6083E-1 5.96628E-1 6.68859E-1 7.37297E-1 6.2986E-1 5.47003E-1 4.88726E-1 4.8249E-1 4.11428E-1 3.29373E-1 7.92535E-2 3.61788E-2 2.77305E-2 1.34252E-2 9.16206E-3 2.41485E-3 4.46676E-4 5.41806E-4 5.6539E-4 7.08595E-4 2.60779E-3 2.32887E-3 2.94954E-3 3.23764E-3 5.78609E-4 9.62287E-4 7.23656E-4
8.02339E-3 5.73686E-3 4.01637E-3 3.63794E-3 3.26444E-3 2.73611E-3 3.65987E-3 4.31833E-3 4.88706E-3 5.87829E-3 7.75149E-3 1.11018E-2 1.82727E-2 2.28352E-2 3.635E-2 5.66505E-2 6.31522E-2 1.02512E-1 1.27562E-1 1.63556E-1 1.7077E-1 1.91226E-1 2.07381E-1 2.16441E-1 2.26735E-1 2.73007E-1 3.06538E-1 3.13235E-1 3.41262E-1 3.55149E-1 3.88525E-1 3.93147E-1 4.39784E-1 4.48198E-1 4.32505E-1 4.43536E-1 4.47025E-1 4.73619E-1 4.89071E-1 5.38561E-1 5.59391E-1 6.43004E-1 6.82813E-1 6.20323E-1 5.53468E-1 5.30308E-1 4.76681E-1 4.18415E-1 3.64286E-1 7.13857E-2 4.66232E-2 2.90888E-2 1.35094E-2 6.09118E-3 1.19338E-3 3.46709E-4 4.10065E-4 5.95295E-4 2.02271E-3 2.21139E-3 2.72651E-3 5.39103E-4 2.234E-3 9.00688E-4 4.95355E-4
8.44244E-3 5.39343E-3 5.12056E-3 4.01949E-3 3.13875E-3 4.03143E-3 4.46912E-3 4.87374E-3 5.39367E-3 6.39074E-3 8.09078E-3 1.03011E-2 1.76678E-2 2.7553E-2 4.02856E-2 5.50269E-2 7.29945E-2 9.00518E-2 1.22307E-1 1.32985E-1 1.4577E-1 1.60879E-1 1.82703E-1 1.86666E-1 1.81067E-1 1.97457E-1 2.23283E-1 2.52238E-1 2.86603E-1 3.36696E-1 3.78078E-1 3.86864E-1 4.24347E-1 4.35627E-1 4.38818E-1 4.09201E-1 3.9519E-1 4.2017E-1 4.43308E-1 4.72334E-1 5.08443E-1 5.71833E-1 6.41075E-1 6.93075E-1 6.02013E-1 5.54148E-1 4.936E-1 4.90894E-1 3.97249E-1 3.13649E-1 5.48664E-2 5.18051E-2 2.15001E-2 9.97137E-3 4.53816E-3 9.98914E-4 4.01436E-4 6.26078E-4 8.30655E-4 5.6555E-4 6.79823E-4 5.85112E-4 2.76397E-3 1.91023E-3 7.04519E-4
7.38972E-3 5.89353E-3 4.76979E-3 4.76324E-3 5.27876E-3 5.14568E-3 5.31492E-3 5.52772E-3 6.56571E-3 7.38148E-3 8.78337E-3 1.07502E-2 1.56744E-2 2.7996E-2 4.05437E-2 5.17117E-2 6.88109E-2 7.45547E-2 1.24993E-1 1.10388E-1 1.28963E-1 1.43187E-1 1.5056E-1 1.45514E-1 1.501E-1 1.468E-1 1.66538E-1 1.90924E-1 2.04756E-1 2.34518E-1 3.0231E-1 3.79986E-1 3.79748E-1 3.93565E-1 3.89178E-1 3.80752E-1 3.82607E-1 4.00857E-1 4.23499E-1 4.37289E-1 4.73724E-1 5.52084E-1 5.83407E-1 7.1043E-1 5.95263E-1 5.63165E-1 4.94277E-1 4.77003E-1 4.0821E-1 3.51213E-1 2.85359E-1 7.6382E-2 3.62296E-2 1.40801E-2 4.78067E-3 4.06072E-3 1.52525E-3 2.10052E-3 2.21214E-3 1.20739E-3 1.31368E-3 9.81795E-4 4.78099E-4 1.6563E-3 1.44862E-3
6.33141E-3 6.64463E-3 7.08413E-3 4.79223E-3 6.75659E-3 6.53348E-3 6.99965E-3 7.24681E-3 6.87394E-3 7.91496E-3 9.53916E-3 1.1531E-2 1.65676E-2 2.14536E-2 3.95524E-2 4.75963E-2 6.28255E-2 5.33998E-2 1.19254E-1 1.09919E-1 1.07545E-1 1.19071E-1 1.20427E-1 1.18756E-1 9.43476E-2 9.54264E-2 1.06542E-1 1.32873E-1 1.51169E-1 1.78029E-1 2.21279E-1 2.96082E-1 3.79247E-1 3.84943E-1 3.8626E-1 3.51834E-1 3.44054E-1 3.80507E-1 3.96184E-1 4.24476E-1 4.64513E-1 5.07429E-1 5.80054E-1 7.0398E-1 5.92242E-1 5.17674E-1 4.8457E-1 4.63201E-1 4.48184E-1 3.91188E-1 3.54615E-1 3.80004E-1 6.57878E-2 1.86428E-2 4.74565E-3 5.19832E-3 7.14186E-3 4.05949E-3 2.82712E-3 3.63504E-3 1.74409E-3 1.30949E-3 5.10257E-4 1.58991E-3 1.36954E-3
9.55178E-3 8.23936E-3 7.03136E-3 8.20991E-3 8.25424E-3 8.16137E-3 8.03473E-3 7.72617E-3 7.10941E-3 8.19446E-3 1.0092E-2 1.25725E-2 1.54655E-2 2.2431E-2 3.74106E-2 4.9576E-2 3.8457E-2 3.92594E-2 1.02969E-1 1.10428E-1 9.96716E-2 1.00371E-1 9.48811E-2 8.15085E-2 7.27635E-2 7.56631E-2 7.96776E-2 9.96673E-2 1.1718E-1 1.36127E-1 1.75236E-1 2.21616E-1 2.93466E-1 3.56222E-1 3.63267E-1 3.55654E-1 3.79807E-1 3.7664E-1 3.87107E-1 4.03794E-1 4.46183E-1 4.91062E-1 5.46898E-1 7.10419E-1 5.84345E-1 5.20433E-1 4.75236E-1 4.82925E-1 4.64465E-1 4.28565E-1 4.42766E-1 4.58662E-1 3.70421E-1 6.61204E-2 3.22399E-2 2.44622E-2 1.34001E-2 1.52478E-2 6.67387E-3 5.6976E-3 1.87123E-3 7.75147E-4 6.5792E-4 5.14588E-4 6.94719E-4
9.71625E-3 7.98684E-3 7.27093E-3 9.53825E-3 8.5017E-3 8.2399E-3 8.5306E-3 7.4638E-3 8.14453E-3 8.06274E-3 8.9564E-3 1.13117E-2 1.41449E-2 2.72201E-2 4.6476E-2 4.48684E-2 4.10666E-2 5.23935E-2 9.03505E-2 1.04074E-1 9.01777E-2 7.98173E-2 7.7439E-2 7.41113E-2 6.85211E-2 6.77061E-2 6.95437E-2 7.19059E-2 8.42998E-2 9.91527E-2 1.34632E-1 1.78675E-1 2.9369E-1 3.2738E-1 3.71606E-1 4.06223E-1 4.02259E-1 3.8295E-1 3.79475E-1 3.93894E-1 4.23192E-1 4.70167E-1 5.19208E-1 5.90829E-1 6.71063E-1 7.03333E-1 5.65592E-1 5.66383E-1 5.43433E-1 5.2684E-1 5.121E-1 4.90593E-1 4.71612E-1 4.0163E-1 7.29863E-2 5.98076E-2 3.63954E-2 2.58642E-2 1.79647E-2 4.37923E-3 1.59366E-3 1.82385E-3 1.76828E-3 2.14742E-3 1.08025E-3
8.50509E-3 8.09688E-3 1.11502E-2 1.00415E-2 9.42597E-3 8.85939E-3 9.2776E-3 8.66412E-3 7.49483E-3 8.09226E-3 8.75511E-3 1.17903E-2 1.6872E-2 2.85306E-2 3.77491E-2 3.75714E-2 4.52266E-2 5.93397E-2 8.09733E-2 1.02595E-1 7.86412E-2 7.26744E-2 7.11908E-2 6.94459E-2 6.39154E-2 6.09422E-2 6.13854E-2 5.98543E-2 6.38694E-2 7.126E-2 8.60473E-2 1.31394E-1 2.29413E-1 3.06936E-1 3.86401E-1 4.34624E-1 4.17961E-1 3.92786E-1 3.63631E-1 3.7445E-1 4.04694E-1 4.40216E-1 4.78443E-1 5.08329E-1 5.66463E-1 6.12605E-1 6.03383E-1 6.31317E-1 7.6684E-1 5.9864E-1 5.57998E-1 5.38862E-1 5.33377E-1 4.92122E-1 4.13098E-1 7.46663E-2 1.16388E-1 3.68136E-2 1.85778E-2 4.8218E-3 6.86104E-3 4.76916E-3 1.72579E-3 1.08032E-3 1.1287E-3
7.4942E-3 9.84935E-3 9.82776E-3 8.07073E-3 9.16328E-3 9.23223E-3 9.57645E-3 8.16493E-3 7.92109E-3 7.84236E-3 8.54716E-3 1.11106E-2 1.74808E-2 2.72457E-2 3.08107E-2 3.9068E-2 4.54485E-2 7.49287E-2 9.19675E-2 1.06019E-1 7.59419E-2 6.78847E-2 6.77562E-2 6.96129E-2 6.45173E-2 5.82297E-2 5.32783E-2 5.41984E-2 5.29759E-2 5.59432E-2 6.53395E-2 9.57404E-2 2.10909E-1 2.87221E-1 4.1512E-1 4.5699E-1 4.27031E-1 3.90671E-1 3.62905E-1 3.52025E-1 3.91646E-1 4.1595E-1 4.33025E-1 4.57307E-1 4.85764E-1 5.61523E-1 6.20107E-1 6.44842E-1 6.67948E-1 7.62702E-1 6.20726E-1 5.9704E-1 5.70901E-1 5.25829E-1 4.71225E-1 4.05533E-1 2.84015E-1 1.12894E-1 2.63923E-2 1.21808E-2 4.99727E-3 2.28165E-3 2.49719E-3 1.10277E-3 1.3204E-3
7.14856E-3 1.00538E-2 9.72833E-3 6.92104E-3 9.68583E-3 1.22188E-2 1.19449E-2 9.26794E-3 7.41447E-3 7.56106E-3 9.43512E-3 1.18445E-2 1.93647E-2 2.65947E-2 3.09004E-2 3.69889E-2 5.64119E-2 8.09487E-2 8.70304E-2 1.09737E-1 7.95228E-2 6.5727E-2 6.31579E-2 6.48655E-2 6.06881E-2 5.3021E-2 5.01807E-2 5.01481E-2 4.34422E-2 4.31518E-2 4.74902E-2 7.67029E-2 1.2287E-1 2.41979E-1 4.21251E-1 4.63856E-1 4.29385E-1 3.6491E-1 3.30145E-1 3.14936E-1 3.45043E-1 3.9669E-1 3.70635E-1 3.77214E-1 4.47597E-1 5.50867E-1 6.23039E-1 6.24679E-1 6.30723E-1 6.53747E-1 7.64766E-1 6.10991E-1 5.8555E-1 5.5354E-1 5.11644E-1 4.63192E-1 4.34732E-1 1.32076E-1 5.25883E-2 1.34429E-2 3.88819E-3 3.55856E-3 1.37774E-3 1.57383E-3 1.87488E-3
1.36334E-2 1.6985E-2 1.01532E-2 1.09169E-2 1.4748E-2 1.35815E-2 1.12783E-2 8.69935E-3 7.4872E-3 7.32117E-3 9.19262E-3 1.30186E-2 1.95771E-2 3.0039E-2 3.81166E-2 4.87275E-2 7.51304E-2 8.9317E-2 7.8798E-2 1.14285E-1 8.85195E-2 5.76708E-2 5.82008E-2 5.68712E-2 5.1745E-2 4.99604E-2 4.97127E-2 4.60421E-2 4.04476E-2 3.62426E-2 3.99001E-2 6.38779E-2 9.77421E-2 1.98385E-1 3.21268E-1 3.67549E-1 2.99588E-1 2.65072E-1 2.65398E-1 2.80356E-1 2.90514E-1 3.26296E-1 3.58359E-1 3.81409E-1 4.46741E-1 5.27209E-1 5.24833E-1 5.27346E-1 5.72255E-1 6.03348E-1 6.53492E-1 6.35802E-1 6.07374E-1 5.77176E-1 5.58081E-1 5.07461E-1 4.94479E-1 4.27862E-1 1.16124E-1 3.34447E-2 5.9723E-3 2.07649E-3 1.54935E-3 1.30122E-3 1.1929E-3
1.31104E-2 1.50313E-2 1.12873E-2 8.12386E-3 7.60038E-3 9.32568E-3 1.11486E-2 9.6336E-3 8.32095E-3 8.03411E-3 9.1578E-3 1.40748E-2 2.3592E-2 3.76542E-2 4.85141E-2 6.81143E-2 9.20246E-2 1.06447E-1 1.12295E-1 1.10567E-1 6.33428E-2 5.69041E-2 5.1526E-2 4.84752E-2 4.57126E-2 5.08465E-2 4.77597E-2 4.54402E-2 4.21299E-2 3.93097E-2 4.44181E-2 5.72563E-2 8.76626E-2 1.35586E-1 2.13895E-1 2.41768E-1 2.23669E-1 2.08159E-1 2.27636E-1 2.44345E-1 2.65802E-1 3.0273E-1 3.2521E-1 3.75306E-1 4.32769E-1 4.72108E-1 5.12171E-1 5.22449E-1 5.31733E-1 5.69188E-1 6.3919E-1 6.32469E-1 6.15945E-1 6.08147E-1 6.05158E-1 5.77327E-1 5.32303E-1 5.06719E-1 4.05571E-1 9.82178E-2 2.67434E-2 6.24015E-3 2.26481E-3 1.87313E-3 1.5922E-3
1.27085E-2 1.11204E-2 1.09569E-2 9.0085E-3 6.98048E-3 7.44525E-3 9.65205E-3 1.10074E-2 9.40342E-3 9.87193E-3 1.38599E-2 2.31612E-2 3.87014E-2 5.00017E-2 6.43173E-2 8.35411E-2 1.01073E-1 1.07988E-1 1.11981E-1 1.23326E-1 6.41747E-2 5.07657E-2 4.69085E-2 4.41409E-2 4.74011E-2 4.60579E-2 4.49983E-2 4.5366E-2 4.77577E-2 4.55435E-2 4.6809E-2 5.63126E-2 7.18827E-2 9.49628E-2 1.29664E-1 1.46775E-1 1.47688E-1 1.43419E-1 1.56993E-1 1.97389E-1 2.47846E-1 3.18674E-1 3.48301E-1 3.81525E-1 4.20349E-1 4.94913E-1 5.14382E-1 4.87714E-1 4.80106E-1 4.99181E-1 5.80912E-1 7.04712E-1 7.19168E-1 6.23009E-1 6.34695E-1 5.81785E-1 5.80144E-1 5.76887E-1 4.34988E-1 1.21127E-1 6.5332E-2 2.70563E-2 9.95889E-3 5.15773E-3 4.82023E-3
1.09496E-2 5.80546E-3 1.21753E-2 1.83734E-2 2.31669E-2 1.65917E-2 1.40715E-2 1.54708E-2 1.755E-2 1.99573E-2 2.53948E-2 3.82236E-2 5.95928E-2 7.1499E-2 8.70314E-2 9.96622E-2 9.198E-2 1.26862E-1 1.02111E-1 1.31636E-1 8.10328E-2 4.5747E-2 3.894E-2 4.312E-2 4.12951E-2 3.95759E-2 4.65729E-2 5.78612E-2 4.89854E-2 5.23403E-2 4.79668E-2 5.31499E-2 6.25306E-2 7.69256E-2 9.1438E-2 1.02962E-1 1.05528E-1 1.09138E-1 1.19087E-1 1.58453E-1 2.26071E-1 2.80758E-1 3.01932E-1 3.58629E-1 4.28864E-1 4.97797E-1 5.20337E-1 5.01885E-1 4.76288E-1 4.74114E-1 5.40387E-1 6.10059E-1 6.52177E-1 7.28769E-1 6.38909E-1 6.94857E-1 5.86902E-1 5.425E-1 4.66392E-1 3.91013E-1 1.09006E-1 7.12658E-2 2.52369E-2 1.37317E-2 7.32604E-3
