KUENM_DEFAULT/Final_Models/M_1_F_lqpth_Set_1_NE/sp1_max.asc
ncols         197
nrows         210
xllcorner     56.1666666666667
yllcorner     4.5
cellsize      0.166666666666667
NODATA_value  -9999
[rows 0 to 27 of 210, columns 65 to 129 of 197]
-9999 -9999 -9999 -9999 -9999 -9999 -9999 -9999 -9999 -9999 -9999 -9999 -9999 -9999 -9999 -9999 -9999 -9999 -9999 -9999 -9999 -9999 -9999 -9999 -9999 -9999 -9999 -9999 -9999 1.02363E-2 3.38413E-3 3.58538E-3 5.94866E-3 4.07683E-3 1.82658E-3 1.1934E-3 1.17096E-3 1.52118E-3 9.44213E-4 6.94652E-4 -9999 -9999 -9999 -9999 -9999 -9999 -9999 -9999 -9999 -9999 -9999 -9999 -9999 -9999 -9999 -9999 -9999 -9999 -9999 -9999 -9999 -9999 -9999 -9999 -9999
-9999 -9999 -9999 -9999 -9999 -9999 -9999 -9999 -9999 -9999 -9999 -9999 -9999 -9999 -9999 -9999 -9999 -9999 -9999 -9999 -9999 -9999 -9999 7.78049E-3 5.73598E-3 1.79925E-2 8.80756E-3 6.54675E-3 1.84189E-3 1.0338E-3 1.73885E-3 2.62721E-3 2.01808E-3 1.61356E-3 9.78338E-4 7.60945E-4 9.74822E-4 1.65552E-3 1.19608E-3 6.49427E-4 8.3858E-4 3.24552E-4 2.30801E-4 1.58811E-4 1.14818E-4 1.34497E-4 -9999 -9999 -9999 -9999 -9999 -9999 -9999 -9999 -9999 -9999 -9999 -9999 -9999 -9999 -9999 -9999 -9999 -9999 -9999
-9999 -9999 -9999 -9999 -9999 -9999 -9999 -9999 -9999 -9999 -9999 -9999 -9999 -9999 -9999 -9999 -9999 -9999 -9999 1.39937E-2 1.11954E-2 1.37824E-2 1.58828E-2 1.19214E-2 7.64748E-3 5.14334E-3 1.98207E-3 2.97807E-3 3.01036E-3 1.52942E-3 7.68268E-4 2.21772E-3 1.71304E-3 1.47769E-3 9.14825E-4 9.85807E-4 2.32019E-3 1.04623E-3 5.5928E-4 4.56168E-4 4.54038E-4 2.97701E-4 1.78047E-4 1.28496E-4 1.0566E-4 8.77279E-5 6.02054E-5 6.462E-5 8.61949E-5 1.65167E-4 -9999 -9999 -9999 -9999 -9999 -9999 -9999 -9999 -9999 -9999 -9999 -9999 -9999 -9999 -9999
-9999 -9999 -9999 -9999 -9999 -9999 -9999 -9999 -9999 -9999 -9999 -9999 -9999 -9999 -9999 -9999 4.42293E-3 1.07032E-2 2.55557E-2 9.03284E-3 6.99009E-3 2.82548E-3 3.85583E-3 6.5254E-3 4.97682E-3 1.75956E-3 2.3931E-3 2.9679E-3 8.23817E-4 1.39352E-4 1.05062E-4 1.32268E-3 7.72611E-4 8.69787E-4 1.47372E-3 1.16543E-3 1.85692E-3 1.27272E-3 1.08646E-3 8.72344E-4 4.12051E-4 3.58138E-4 9.85905E-5 9.87998E-5 8.15486E-5 6.99045E-5 6.24462E-5 5.7141E-5 5.12587E-5 8.31644E-5 1.74457E-4 2.38544E-4 3.64438E-4 -9999 -9999 -9999 -9999 -9999 -9999 -9999 -9999 -9999 -9999 -9999 -9999
-9999 -9999 -9999 -9999 -9999 -9999 -9999 -9999 -9999 -9999 -9999 -9999 -9999 -9999 1.0526E-2 8.13012E-3 1.88168E-2 1.27463E-2 6.72513E-3 1.11092E-2 8.43984E-3 8.71566E-3 8.80309E-3 4.03295E-3 2.36182E-3 5.45452E-3 1.62126E-3 1.92537E-3 1.59206E-3 1.41875E-3 1.77709E-3 8.00291E-4 7.51463E-4 1.34165E-3 1.49202E-3 2.46384E-3 1.23505E-3 1.16737E-3 6.15055E-4 4.78057E-4 3.93126E-4 1.34417E-4 8.85162E-5 5.88381E-5 4.95123E-5 4.0575E-5 4.84906E-5 7.04609E-5 4.32464E-5 6.47749E-5 7.97174E-5 1.15961E-4 1.42535E-4 2.27583E-4 5.21289E-4 -9999 -9999 -9999 -9999 -9999 -9999 -9999 -9999 -9999 -9999
-9999 -9999 -9999 -9999 -9999 -9999 -9999 -9999 -9999 -9999 -9999 -9999 6.07043E-2 5.20905E-2 1.64719E-2 1.15752E-2 1.44689E-2 1.84474E-2 1.05413E-2 8.30684E-3 6.13696E-3 3.94332E-3 4.65736E-3 4.72721E-3 3.07458E-3 1.63271E-3 1.1656E-3 1.35351E-3 9.31074E-3 4.73705E-3 1.80231E-3 7.39674E-4 0E0 1.22771E-3 2.84443E-3 1.46596E-3 1.31115E-3 7.46579E-4 5.73491E-4 4.35306E-4 1.64854E-4 9.35844E-5 5.48896E-5 5.00342E-5 4.75566E-5 3.87697E-5 3.70901E-5 4.71836E-5 3.73256E-5 2.26202E-5 3.14993E-5 4.97015E-5 4.45928E-5 6.53628E-5 2.1824E-4 4.01114E-4 5.51358E-4 -9999 -9999 -9999 -9999 -9999 -9999 -9999 -9999
-9999 -9999 -9999 -9999 -9999 -9999 -9999 -9999 -9999 -9999 7.64152E-2 5.6453E-2 5.50548E-2 9.43611E-2 6.23559E-2 3.74918E-2 4.39809E-2 2.42993E-2 1.86178E-2 1.00079E-2 4.56067E-3 4.64235E-3 1.19762E-2 1.47217E-2 1.28395E-2 3.87242E-3 4.11508E-3 1.05733E-2 3.36429E-3 3.17874E-3 2.47591E-3 1.12397E-3 2.17312E-3 3.23037E-3 1.53814E-3 1.27928E-3 8.64209E-4 6.93262E-4 5.13561E-4 4.05996E-4 1.95695E-4 6.16282E-5 5.63596E-5 5.10683E-5 4.96678E-5 4.3575E-5 3.53455E-5 3.54713E-5 4.85457E-5 2.80264E-5 2.78698E-5 4.0084E-5 5.82101E-5 7.77115E-5 6.96229E-5 1.594E-4 2.42342E-4 4.28563E-4 5.91021E-4 -9999 -9999 -9999 -9999 -9999 -9999
-9999 -9999 -9999 -9999 -9999 -9999 -9999 -9999 6.32562E-2 4.97754E-2 1.41037E-1 9.95537E-2 1.69919E-1 7.8732E-2 8.73232E-2 1.13085E-1 8.91571E-2 5.25965E-2 2.42506E-2 8.98822E-3 4.33411E-3 1.31852E-2 2.93834E-3 5.74845E-3 1.91711E-3 8.01839E-3 8.0329E-3 4.4588E-3 2.50815E-3 2.3648E-3 2.00238E-3 2.56743E-3 2.43322E-3 4.59251E-3 1.33229E-3 1.03572E-3 7.90044E-4 6.0029E-4 1.99634E-4 1.63044E-4 1.02623E-4 5.58919E-5 5.70427E-5 5.17069E-5 4.17022E-5 3.63722E-5 3.69855E-5 4.40364E-5 1.77574E-5 2.31722E-5 2.24274E-5 3.34831E-5 4.39232E-5 6.15842E-5 5.67625E-5 8.56057E-5 9.14074E-5 2.89128E-4 4.49442E-4 6.01398E-4 6.79809E-4 -9999 -9999 -9999 -9999
-9999 -9999 -9999 -9999 -9999 -9999 -9999 5.60434E-2 6.51364E-2 6.93585E-2 8.58334E-2 8.69686E-2 1.00542E-1 9.61351E-2 9.82453E-2 1.08335E-1 2.51381E-1 1.16217E-1 2.08004E-2 1.56045E-2 1.4309E-2 5.07713E-3 1.67047E-3 1.94327E-3 1.53235E-3 7.16058E-3 4.32494E-3 3.98232E-3 4.1862E-3 3.9627E-3 3.01639E-3 2.65895E-3 1.89533E-3 2.87277E-3 2.15455E-3 1.04363E-3 7.89479E-4 5.80286E-4 4.37435E-4 1.04409E-4 6.24893E-5 6.08687E-5 5.13639E-5 5.53927E-5 5.44002E-5 5.03041E-5 3.59887E-5 3.51063E-5 5.55427E-5 3.58056E-5 2.65263E-5 3.73049E-5 6.41972E-5 6.64294E-5 1.37322E-4 1.36228E-4 1.40831E-4 1.90293E-4 3.23349E-4 5.77901E-4 6.48041E-4 6.81065E-4 -9999 -9999 -9999
-9999 -9999 -9999 -9999 -9999 -9999 4.55585E-2 5.6548E-2 6.63527E-2 6.31709E-2 7.2084E-2 7.73393E-2 8.36484E-2 8.92129E-2 9.04316E-2 1.00876E-1 1.06606E-1 9.21271E-2 2.47921E-2 4.11062E-2 4.34436E-3 5.79955E-3 3.893E-3 1.85493E-3 4.69048E-3 9.73772E-3 1.30051E-2 5.9499E-3 5.94266E-3 5.43368E-3 1.83307E-3 1.47422E-3 1.33403E-3 2.73155E-3 1.31958E-3 9.21472E-4 7.3564E-4 5.43104E-4 2.60407E-4 1.05003E-4 6.76179E-5 3.8615E-5 4.88194E-5 4.60537E-5 4.33488E-5 4.84388E-5 4.11467E-5 2.95347E-5 5.86053E-5 7.01929E-5 4.51361E-5 3.10468E-5 6.01926E-5 5.902E-5 8.57765E-5 1.9134E-4 1.67884E-4 3.93122E-4 4.75193E-4 5.44066E-4 6.02258E-4 6.746E-4 6.83689E-4 -9999 -9999
-9999 -9999 -9999 -9999 3.04887E-2 4.60162E-2 4.62503E-2 5.29074E-2 5.72409E-2 6.06383E-2 6.32862E-2 6.93385E-2 7.56622E-2 8.20772E-2 9.112E-2 1.03315E-1 9.88905E-2 4.9315E-2 1.72347E-2 5.33096E-2 8.78645E-3 4.04254E-3 2.93521E-3 4.40674E-3 7.97749E-3 2.4091E-3 2.20621E-3 5.70149E-3 2.11833E-3 5.88932E-3 4.29602E-3 2.31956E-3 1.76482E-3 1.36791E-3 1.10611E-3 4.1954E-4 2.69195E-4 1.36185E-4 1.22414E-4 8.20351E-5 4.8139E-5 3.94831E-5 2.97634E-5 2.6252E-5 4.22606E-5 4.3604E-5 4.33529E-5 2.66609E-5 3.10648E-5 6.37129E-5 6.28194E-5 6.17006E-5 5.48535E-5 5.1753E-5 4.61961E-5 8.05238E-5 1.09957E-4 2.20006E-4 2.60596E-4 3.09433E-4 3.25664E-4 4.10416E-4 4.52062E-4 4.74844E-4 4.96295E-4
-9999 -9999 -9999 1.7008E-2 2.26068E-2 4.54096E-2 5.02021E-2 5.26325E-2 5.85952E-2 6.13568E-2 6.28466E-2 6.92701E-2 7.41082E-2 8.31268E-2 9.48122E-2 1.0341E-1 9.80715E-2 1.53398E-1 9.50105E-2 7.95132E-2 2.44449E-2 1.07435E-2 4.22446E-3 7.63452E-3 5.46539E-3 2.29843E-3 4.61893E-3 1.13507E-2 4.3598E-3 2.5633E-3 1.62842E-3 1.66625E-3 2.3924E-3 1.39233E-3 1.13923E-3 8.29678E-4 3.55669E-4 3.00722E-4 2.84099E-4 1.30992E-4 6.79663E-5 4.92205E-5 3.10667E-5 2.67982E-5 4.25423E-5 2.18498E-5 4.15778E-5 3.18492E-5 2.50914E-5 4.15426E-5 5.41769E-5 4.91386E-5 3.65238E-5 3.43978E-5 3.86935E-5 4.06406E-5 6.12988E-5 1.16828E-4 1.72636E-4 1.66968E-4 3.06887E-4 3.56839E-4 3.65452E-4 3.55363E-4 3.56754E-4
-9999 -9999 9.72703E-3 1.36712E-2 1.73835E-2 4.3394E-2 5.01834E-2 5.0229E-2 5.65653E-2 6.12726E-2 6.4771E-2 6.8397E-2 7.52828E-2 7.97375E-2 9.50266E-2 1.02342E-1 1.5522E-1 5.45008E-2 3.56612E-2 1.85378E-2 9.17501E-3 9.54046E-3 7.26873E-3 8.14307E-3 5.60005E-3 3.2142E-3 1.10518E-2 5.94455E-3 4.02201E-3 1.88143E-3 2.42687E-3 2.24099E-3 1.64352E-3 1.38321E-3 1.09275E-3 8.45534E-4 6.04218E-4 2.48838E-4 1.37135E-4 9.17152E-5 6.06719E-5 4.34546E-5 3.38329E-5 2.58805E-5 2.35712E-5 2.34671E-5 4.32448E-5 3.45092E-5 1.51578E-5 2.69294E-5 5.00597E-5 2.66003E-5 3.9222E-5 4.48757E-5 4.36449E-5 6.28901E-5 3.67698E-5 9.19543E-5 1.38905E-4 2.17646E-4 1.86099E-4 2.43255E-4 2.83524E-4 2.9833E-4 2.9936E-4
-9999 7.10431E-3 8.11461E-3 1.065E-2 1.45411E-2 2.40157E-2 2.46709E-2 5.12205E-2 3.81583E-2 6.25129E-2 6.5915E-2 7.69668E-2 8.50336E-2 8.20248E-2 9.51856E-2 9.58219E-2 1.3871E-1 3.08413E-2 3.78098E-2 4.78376E-2 1.25976E-1 3.19023E-2 1.06397E-2 1.04074E-2 6.2711E-3 2.55231E-3 5.80654E-3 4.72892E-3 6.71603E-3 4.89784E-3 2.85835E-3 2.24666E-3 1.78539E-3 1.38949E-3 1.10946E-3 6.7029E-4 5.03558E-4 5.13084E-4 3.93467E-4 1.53064E-4 8.54337E-5 5.89567E-5 3.65085E-5 2.70809E-5 2.15727E-5 1.58335E-5 1.50614E-5 1.36386E-5 1.42323E-5 3.14264E-5 5.69192E-5 2.54541E-5 3.14589E-5 5.77328E-5 7.44743E-5 4.45937E-5 3.62744E-5 4.80944E-5 1.36254E-4 1.40113E-4 1.55113E-4 1.58959E-4 1.6227E-4 1.80671E-4 1.73947E-4
6.70638E-3 6.86572E-3 8.36234E-3 1.01347E-2 1.31745E-2 1.97715E-2 2.16804E-2 2.92029E-2 5.75205E-2 6.21151E-2 6.74203E-2 6.97487E-2 7.96655E-2 8.98256E-2 9.48172E-2 9.60917E-2 1.97103E-1 5.26782E-2 2.20179E-1 6.88166E-2 4.18167E-2 1.08724E-1 7.92592E-2 1.99924E-2 9.98149E-3 7.40562E-3 7.66894E-3 2.90182E-3 3.73259E-3 3.11812E-3 2.00225E-3 1.96032E-3 1.85288E-3 1.52568E-3 1.14523E-3 8.7513E-4 6.66958E-4 5.20528E-4 2.58512E-4 1.28188E-4 8.44318E-5 5.43004E-5 3.93522E-5 3.09371E-5 2.1902E-5 1.60096E-5 1.69578E-5 1.87075E-5 1.64846E-5 1.35167E-5 3.7254E-5 2.83656E-5 2.26488E-5 5.52093E-5 3.68961E-5 3.98757E-5 3.66463E-5 5.27714E-5 1.07789E-4 8.31669E-5 7.78893E-5 5.92819E-5 9.39986E-5 7.59756E-5 9.06947E-5
7.32611E-3 7.55718E-3 8.71124E-3 1.02133E-2 1.24584E-2 1.62417E-2 2.04363E-2 2.79317E-2 5.69482E-2 6.17406E-2 6.88943E-2 7.18995E-2 7.69204E-2 8.32232E-2 8.66306E-2 8.18451E-2 1.53753E-1 2.13012E-1 1.48894E-1 5.57053E-2 2.99654E-2 9.55855E-3 1.8278E-2 5.15554E-2 1.56374E-2 3.26137E-3 5.90276E-3 7.31179E-3 1.94483E-3 2.48276E-3 4.83804E-3 2.75418E-3 2.02423E-3 1.47616E-3 1.20125E-3 9.67471E-4 7.36423E-4 4.84846E-4 1.63099E-4 1.70195E-4 1.02537E-4 6.40566E-5 4.80492E-5 3.41896E-5 2.5103E-5 1.9364E-5 1.91395E-5 1.57759E-5 1.7942E-5 1.35979E-5 1.10315E-5 2.63472E-5 2.16985E-5 6.04044E-5 3.64743E-5 2.63162E-5 3.17505E-5 3.06963E-5 4.46531E-5 5.58232E-5 5.50649E-5 3.09773E-5 4.80808E-5 3.67888E-5 3.23155E-5
8.38896E-3 8.96026E-3 1.00634E-2 1.1435E-2 1.28799E-2 1.58389E-2 2.02847E-2 2.7583E-2 5.29844E-2 5.54618E-2 6.91106E-2 7.72666E-2 7.65163E-2 7.93622E-2 8.99244E-2 9.43661E-2 1.81131E-1 4.78009E-2 5.5376E-2 2.284E-2 3.63491E-2 6.67086E-3 1.11117E-2 2.44617E-2 9.68195E-3 2.71298E-3 3.75652E-3 1.15314E-2 3.93094E-3 4.93236E-3 1.03468E-2 2.13901E-3 2.32796E-3 1.7307E-3 1.29737E-3 1.1547E-3 8.30258E-4 6.09698E-4 2.95174E-4 2.02819E-4 1.3582E-4 8.9485E-5 5.69255E-5 4.06256E-5 3.27319E-5 2.70746E-5 7.45156E-5 4.89111E-5 1.78194E-5 1.43795E-5 1.14079E-5 1.0378E-5 2.35621E-5 2.27459E-5 5.56819E-5 1.76748E-5 1.68675E-5 2.33702E-5 2.40367E-5 3.08777E-5 2.74636E-5 2.4069E-5 2.48562E-5 3.28304E-5 1.76744E-5
9.96497E-3 2.09333E-2 1.81691E-2 2.32485E-2 3.05569E-2 3.28112E-2 3.85331E-2 4.36841E-2 5.08022E-2 5.20125E-2 5.82626E-2 7.39411E-2 7.34067E-2 6.68374E-2 8.01205E-2 1.62215E-1 5.8312E-2 3.85435E-2 1.42404E-2 5.49022E-2 1.39351E-2 1.70319E-3 1.86437E-2 4.37604E-2 5.01515E-3 4.68814E-3 7.95814E-3 3.33428E-3 3.82516E-3 2.14559E-3 1.66645E-3 4.57723E-3 9.0908E-3 6.92904E-3 5.58054E-3 1.33963E-3 9.74909E-4 5.16338E-4 2.94095E-4 2.36005E-4 1.5553E-4 1.17726E-4 9.05364E-5 4.91868E-5 3.51377E-5 3.41645E-5 4.24466E-5 7.5812E-5 2.03895E-5 1.4579E-5 1.29451E-5 1.03649E-5 9.18404E-6 3.57296E-5 4.78147E-5 4.62829E-5 3.69828E-5 1.41622E-5 1.7027E-5 1.74585E-5 1.89175E-5 1.56893E-5 1.30788E-5 1.32706E-5 1.50557E-5
1.10749E-2 9.05965E-3 1.12254E-2 1.93704E-2 2.70792E-2 3.19895E-2 3.04342E-2 3.41678E-2 4.27465E-2 4.98579E-2 5.70562E-2 6.15984E-2 6.7173E-2 6.55956E-2 8.98945E-2 3.98186E-2 1.18858E-2 2.6831E-2 4.14372E-3 3.93395E-3 5.21889E-4 3.053E-4 1.8844E-2 3.4894E-3 2.32859E-3 3.6587E-3 3.48632E-3 2.3895E-3 1.62848E-3 1.85234E-3 6.9378E-3 7.61256E-3 1.37171E-2 6.68032E-3 4.4597E-3 2.92857E-3 4.22595E-3 6.16391E-4 3.81952E-4 2.88094E-4 2.32548E-4 1.96698E-4 9.39959E-5 1.05637E-4 5.05251E-5 4.33735E-5 3.28229E-5 9.66725E-5 2.21681E-5 2.29589E-5 4.65773E-5 1.4296E-5 1.29566E-5 2.48063E-5 3.15969E-5 1.98718E-5 2.25344E-5 2.79504E-5 3.35907E-5 2.21715E-5 2.60543E-5 2.20093E-5 2.12198E-5 1.41525E-5 1.88153E-5
8.54963E-3 1.59523E-2 1.42565E-2 1.60874E-2 2.25318E-2 2.69347E-2 2.71811E-2 3.10121E-2 3.75258E-2 4.64985E-2 5.57105E-2 5.9345E-2 6.81438E-2 7.79709E-2 1.28345E-2 2.18906E-2 4.5748E-4 1.64525E-2 7.28396E-3 5.01944E-4 1.92729E-4 4.15399E-4 4.54734E-3 1.23988E-3 2.02082E-3 2.26639E-3 2.14946E-3 3.82597E-3 3.35124E-3 2.86746E-3 1.23229E-2 2.52117E-2 9.39895E-3 6.59468E-3 4.50932E-3 4.18921E-3 3.46903E-3 1.08657E-3 6.4192E-4 4.56541E-4 7.28004E-4 2.23692E-4 1.52121E-4 2.34711E-4 1.96731E-4 1.80875E-4 1.66061E-4 4.9742E-5 1.84761E-5 1.26276E-5 1.55406E-5 1.43313E-5 1.3816E-5 1.89245E-5 1.4677E-5 2.62778E-5 1.5936E-5 2.11805E-5 2.2445E-5 1.98843E-5 1.55849E-5 1.42176E-5 2.1081E-5 2.10415E-5 2.20914E-5
7.48407E-3 8.31053E-3 1.1528E-2 1.19459E-2 1.35755E-2 1.40053E-2 2.03373E-2 2.48925E-2 3.13901E-2 4.74616E-2 5.19172E-2 5.78014E-2 6.74759E-2 5.1101E-2 1.95896E-2 4.22497E-2 6.43555E-3 5.09338E-4 6.14847E-4 7.18385E-4 2.47713E-4 3.801E-4 4.43558E-3 2.82538E-3 1.94877E-3 2.3098E-3 3.76139E-3 8.06695E-3 1.43297E-2 1.30166E-2 1.9133E-2 3.67638E-3 1.13048E-2 5.92787E-3 5.30923E-3 4.57468E-3 4.48206E-3 3.68622E-3 3.21354E-3 2.44788E-3 5.43721E-4 5.69779E-4 5.33617E-4 1.01471E-3 1.46125E-4 1.04959E-4 4.39264E-5 3.18148E-5 3.06397E-5 2.2297E-5 1.50498E-5 1.18066E-5 9.5911E-6 1.06047E-5 1.68746E-5 1.70787E-5 3.02801E-5 2.18472E-5 1.52958E-5 1.6341E-5 1.12368E-5 1.4282E-5 1.47684E-5 1.92584E-5 1.9811E-5
5.54277E-3 6.63176E-3 1.12965E-2 6.98198E-3 7.83835E-3 1.19597E-2 1.73619E-2 4.31493E-2 2.89029E-2 4.78335E-2 5.19356E-2 5.72105E-2 7.94465E-2 3.44215E-2 5.6842E-3 2.47838E-2 8.3196E-4 3.38878E-4 3.82477E-4 2.14958E-4 3.5899E-4 6.08354E-4 3.49845E-4 3.06828E-3 1.17487E-3 3.83226E-3 4.30171E-3 7.1626E-3 5.76513E-2 4.0588E-2 9.03407E-3 3.47166E-3 4.47869E-3 5.7546E-3 6.82277E-3 4.23978E-3 3.59032E-3 3.75545E-3 3.97072E-3 3.47084E-3 2.91784E-3 5.71427E-4 4.8614E-4 2.45526E-3 3.26151E-3 3.80787E-4 3.27447E-4 4.66475E-5 3.82167E-5 5.06266E-5 3.8334E-5 2.00517E-5 1.606E-5 2.72982E-5 1.08513E-5 1.5204E-5 1.29996E-5 1.23049E-5 2.06194E-5 1.55835E-5 1.13253E-5 1.11534E-5 1.59418E-5 1.94305E-5 2.06939E-5
6.10486E-3 5.65699E-3 5.73072E-3 5.51886E-3 7.83078E-3 1.06986E-2 3.16135E-2 1.13552E-2 2.49787E-2 3.82013E-2 4.8588E-2 6.34468E-2 3.4019E-2 2.94515E-2 1.03691E-2 5.24816E-4 3.45224E-4 3.31817E-4 4.15869E-4 3.61208E-4 2.28309E-4 2.48393E-4 4.30129E-4 2.80823E-4 2.00865E-3 4.31723E-3 6.32146E-3 7.32367E-3 1.11939E-1 1.30168E-2 8.43424E-3 3.85243E-3 5.39747E-3 1.03634E-2 9.25916E-3 6.85921E-3 5.49111E-3 5.8351E-3 8.5981E-3 7.24697E-3 5.33727E-3 6.50909E-3 7.90423E-4 4.87701E-4 6.27369E-4 3.6452E-3 2.39225E-3 1.66275E-4 1.01359E-4 4.64599E-5 1.01068E-4 8.07345E-5 4.75533E-5 5.42867E-5 2.43408E-5 3.08005E-5 2.11232E-5 1.40837E-5 1.58514E-5 1.59322E-5 1.37353E-5 1.11071E-5 0E0 1.26723E-5 1.57399E-5
3.1594E-3 4.03485E-3 3.52424E-3 4.25395E-3 5.28656E-3 6.67101E-3 1.08619E-2 4.64147E-2 2.50756E-2 3.65119E-2 4.52106E-2 8.9742E-2 3.50532E-2 3.0374E-2 8.86541E-3 6.63429E-4 4.66061E-4 9.29497E-4 4.58924E-4 3.81378E-4 5.33205E-4 2.79569E-4 2.68791E-4 3.62796E-4 2.35847E-3 8.54424E-3 6.9427E-3 1.06574E-2 8.63511E-2 2.7219E-2 8.1023E-3 1.07494E-2 1.11375E-2 1.42736E-2 1.50677E-2 1.42672E-2 8.70929E-3 1.03183E-2 3.9958E-2 5.60349E-2 4.87174E-2 4.30466E-2 1.30835E-2 5.15807E-3 6.8058E-4 9.91909E-3 8.35696E-4 3.06537E-4 4.56092E-4 3.38834E-4 1.12675E-4 2.32969E-4 2.94832E-5 2.0595E-5 3.51501E-5 2.06819E-5 2.75537E-5 1.41168E-5 1.25424E-5 1.33169E-5 1.16405E-5 1.16711E-5 1.04442E-5 1.3488E-5 1.41503E-5
3.00617E-3 2.84987E-3 3.36866E-3 3.78709E-3 5.04953E-3 5.74648E-3 8.83471E-3 2.01022E-2 1.92616E-2 1.59158E-2 9.63355E-3 4.96983E-3 5.97459E-4 3.76437E-4 3.47347E-4 6.40658E-4 1.03849E-3 4.11917E-4 5.48807E-4 7.33077E-4 4.28845E-4 3.61959E-4 5.10598E-4 3.81049E-3 2.87565E-3 1.02286E-2 4.2187E-2 5.76887E-2 4.68259E-2 1.32874E-2 4.22979E-2 2.62175E-2 1.04529E-2 1.81176E-2 6.69225E-3 2.74203E-2 6.29541E-2 1.3802E-1 1.41839E-2 1.19239E-2 2.10161E-2 6.44182E-2 6.90794E-2 5.2427E-2 3.52799E-2 6.7568E-3 1.38E-3 7.18889E-4 1.09405E-4 6.74566E-5 3.4725E-4 4.22171E-4 3.79673E-4 2.54296E-5 4.13019E-5 2.96136E-5 4.3013E-5 2.93468E-5 2.40861E-5 1.39221E-5 1.84938E-5 0E0 1.04974E-5 1.39305E-5 1.91056E-5
2.74781E-3 2.72737E-3 2.88102E-3 1.06307E-3 1.56736E-3 2.5209E-3 8.68793E-3 9.58731E-3 7.90048E-3 5.22806E-3 3.34079E-4 4.23716E-4 6.93304E-4 1.97065E-2 1.36146E-2 1.19155E-3 6.26836E-4 3.69124E-4 8.39969E-4 1.54711E-2 1.87771E-3 4.5927E-4 5.97185E-3 9.81826E-3 7.29502E-3 1.44708E-2 4.86802E-2 5.97197E-2 1.87259E-2 4.75806E-2 3.05827E-2 1.07735E-2 1.21412E-2 3.02326E-2 8.15412E-3 1.40212E-2 3.44994E-2 6.02663E-2 1.51249E-2 1.20463E-2 7.76714E-3 8.31324E-3 1.27698E-2 1.10395E-2 3.38269E-3 1.47583E-3 6.95645E-3 1.95562E-3 2.13462E-4 8.89201E-5 7.55801E-5 5.89924E-4 1.17096E-4 2.56402E-4 9.26923E-5 1.04459E-4 1.29593E-4 9.64744E-5 4.12659E-5 2.24356E-5 1.80146E-5 2.7765E-5 1.28468E-5 1.13878E-5 1.77484E-5
2.36755E-3 3.74244E-3 2.68245E-3 2.19131E-3 3.23885E-3 3.8218E-3 5.41176E-3 1.08183E-2 6.51958E-3 6.55954E-3 1.55927E-2 2.27148E-2 4.41641E-2 1.2906E-1 7.12454E-2 2.10813E-2 7.90075E-4 8.58559E-4 1.12069E-3 3.13975E-2 4.43277E-2 1.39514E-2 2.61685E-2 4.76252E-2 9.70359E-3 5.77816E-2 7.28771E-2 2.96901E-2 1.33243E-2 1.29671E-2 2.08998E-2 3.05877E-2 5.60541E-2 3.52529E-2 1.72135E-2 7.03597E-2 5.32529E-2 1.53647E-2 8.78111E-3 1.07039E-2 1.20466E-2 6.7464E-3 5.66107E-3 4.53519E-3 2.83058E-3 2.43604E-3 5.5953E-3 1.18219E-3 7.45945E-4 1.429E-4 1.45914E-4 8.30775E-5 4.57236E-5 1.47637E-4 1.19015E-4 4.19097E-5 8.00372E-5 4.11682E-5 3.48866E-5 2.33568E-5 1.65435E-5 3.2219E-5 2.03987E-5 1.33272E-5 1.70892E-5
3.23983E-3 2.36718E-3 2.47374E-3 2.71121E-3 4.83635E-3 3.38226E-3 4.16485E-3 5.64101E-3 7.60116E-3 1.44879E-2 2.17227E-2 2.12113E-2 1.2826E-1 1.05361E-1 1.5104E-1 1.2645E-1 4.77644E-2 7.64604E-3 8.00711E-2 4.58608E-2 1.80055E-1 1.64513E-2 4.81653E-2 9.41891E-2 1.32412E-1 1.12235E-1 6.86501E-2 1.04278E-1 9.24641E-2 2.59466E-2 1.97633E-2 2.18046E-2 3.97403E-2 1.57381E-2 1.75327E-2 8.1208E-2 2.53946E-2 1.14489E-2 7.9827E-3 9.64372E-3 1.03418E-2 8.0329E-3 1.25153E-2 1.6655E-2 1.67139E-2 4.87286E-3 3.78278E-3 7.1344E-3 1.00884E-3 4.82689E-4 3.37217E-4 8.19623E-5 3.34917E-5 2.8758E-5 5.65144E-5 1.0701E-4 3.38497E-5 6.69087E-5 7.56061E-5 3.44811E-5 2.89488E-5 2.1356E-5 4.80623E-5 2.10657E-5 1.1535E-5
