KUENM_DEFAULT/Final_Models/M_1_F_lqpth_Set_1_NE/sp1_stddev.asc
ncols         197
nrows         210
xllcorner     56.1666666666667
yllcorner     4.5
cellsize      0.166666666666667
NODATA_value  -9999
[rows 56 to 83 of 210, columns 65 to 129 of 197]
6.06129E-3 4.72007E-3 1.05855E-2 2.84173E-2 5.8411E-2 6.66771E-2 4.02428E-2 1.64658E-2 1.84611E-2 3.83184E-2 3.4114E-2 5.30561E-2 5.50729E-2 5.37959E-2 5.16272E-2 4.07669E-2 4.33919E-2 5.0492E-2 5.10575E-2 6.99648E-2 2.78319E-2 1.90024E-2 1.72652E-2 1.82469E-2 1.81309E-2 1.71133E-2 1.93127E-2 2.09254E-2 2.07378E-2 1.91621E-2 1.94852E-2 1.9323E-2 1.93683E-2 2.15218E-2 2.54286E-2 3.5349E-2 4.13044E-2 4.4147E-2 4.2667E-2 7.83433E-2 9.4979E-2 1.3984E-1 1.57156E-1 1.63334E-1 1.47583E-1 1.33531E-1 1.49428E-1 9.3038E-2 1.69875E-1 1.21848E-1 1.31308E-1 1.08039E-1 1.00557E-1 1.17748E-1 8.43492E-2 5.14981E-2 6.04436E-2 7.64949E-2 6.62361E-2 4.90031E-2 1.56454E-1 3.13667E-2 1.84105E-2 1.13404E-2 1.33247E-2
4.72467E-3 4.40567E-3 1.56307E-2 2.4519E-2 3.41957E-2 6.56672E-2 6.78388E-2 5.128E-2 3.94971E-2 5.09008E-2 5.6311E-2 4.00126E-2 4.35947E-2 4.04762E-2 4.69113E-2 6.48456E-2 6.61749E-2 5.30747E-2 7.9897E-2 3.7562E-2 2.675E-2 1.92804E-2 1.78063E-2 1.73211E-2 1.74525E-2 1.84747E-2 1.89915E-2 1.87281E-2 1.90591E-2 1.88498E-2 1.79382E-2 1.7924E-2 1.92246E-2 2.11029E-2 2.24873E-2 3.31449E-2 3.58605E-2 3.91257E-2 4.15326E-2 5.34557E-2 9.91588E-2 1.09507E-1 1.55093E-1 1.60531E-1 1.72756E-1 1.50969E-1 1.51056E-1 1.51563E-1 1.71488E-1 1.19327E-1 1.30988E-1 1.25932E-1 1.18186E-1 1.19426E-1 1.22172E-1 4.69107E-2 6.03429E-2 7.00445E-2 7.4951E-2 4.85096E-2 4.51476E-2 1.46661E-1 2.08197E-2 1.43635E-2 1.60639E-2
3.15546E-3 4.52473E-3 1.98192E-2 2.1263E-2 2.49211E-2 2.30853E-2 2.61235E-2 2.94875E-2 4.58328E-2 5.15686E-2 4.91846E-2 5.00558E-2 5.66766E-2 6.72569E-2 7.40072E-2 7.36542E-2 7.68499E-2 5.17327E-2 7.34193E-2 4.31333E-2 3.1134E-2 2.38992E-2 1.97026E-2 1.8061E-2 1.84445E-2 1.76543E-2 1.80094E-2 1.83865E-2 1.81805E-2 1.75537E-2 1.73325E-2 1.82945E-2 1.8617E-2 1.97335E-2 2.38731E-2 2.59857E-2 2.68619E-2 3.14122E-2 3.81049E-2 4.69628E-2 5.43726E-2 9.39365E-2 9.88871E-2 1.12817E-1 1.6326E-1 1.79656E-1 1.51332E-1 1.52512E-1 1.72794E-1 1.72176E-1 1.85709E-1 1.84029E-1 1.75842E-1 1.73892E-1 9.0067E-2 3.81294E-2 3.71835E-2 5.40181E-2 7.21213E-2 6.04351E-2 4.41706E-2 4.22165E-2 1.31043E-1 1.9731E-2 2.0057E-2
3.25111E-3 4.94118E-3 1.63646E-2 2.08978E-2 2.71041E-2 2.79673E-2 2.57327E-2 2.11697E-2 5.13408E-2 4.60322E-2 5.72719E-2 5.95386E-2 7.01306E-2 7.12897E-2 7.37243E-2 8.37914E-2 8.0029E-2 8.39683E-2 6.64219E-2 5.21939E-2 4.38167E-2 3.46091E-2 2.28141E-2 1.92352E-2 1.81733E-2 1.78028E-2 1.7975E-2 1.79182E-2 1.82428E-2 1.81663E-2 1.79368E-2 1.76196E-2 1.92323E-2 2.09467E-2 2.51245E-2 2.72288E-2 2.77006E-2 2.82986E-2 3.22041E-2 3.29879E-2 3.61122E-2 4.71988E-2 5.54851E-2 9.75619E-2 1.15971E-1 1.66264E-1 1.77592E-1 1.53209E-1 1.54347E-1 1.53856E-1 1.53481E-1 1.70628E-1 1.61843E-1 1.58782E-1 9.18734E-2 8.03552E-2 8.97567E-2 6.29818E-2 4.45496E-2 6.48477E-2 4.562E-2 3.81644E-2 6.53489E-2 1.32841E-1 2.60588E-2
3.3455E-3 5.07033E-3 1.19486E-2 2.42852E-2 2.55542E-2 2.88345E-2 2.68919E-2 2.26172E-2 2.36173E-2 2.55528E-2 4.53882E-2 6.27303E-2 6.95245E-2 6.94851E-2 8.43079E-2 9.22428E-2 9.57322E-2 1.06765E-1 6.71284E-2 5.94092E-2 8.32529E-2 5.03168E-2 2.6704E-2 2.01104E-2 1.81134E-2 2.09439E-2 2.12298E-2 2.1837E-2 1.8338E-2 1.83118E-2 1.78595E-2 1.87935E-2 2.06679E-2 2.24591E-2 2.52945E-2 2.87806E-2 2.91111E-2 2.84986E-2 2.91951E-2 2.51897E-2 2.65063E-2 3.3139E-2 4.41143E-2 5.97835E-2 1.01704E-1 1.60948E-1 1.71618E-1 1.83168E-1 1.55158E-1 1.55581E-1 1.54903E-1 1.71273E-1 1.68435E-1 9.03535E-2 9.06521E-2 8.48758E-2 7.70496E-2 5.05114E-2 4.55755E-2 6.53517E-2 4.6966E-2 3.41137E-2 5.53539E-2 9.74599E-2 1.33149E-1
4.24489E-3 3.40937E-3 1.53571E-2 2.52711E-2 2.6672E-2 2.84228E-2 2.64292E-2 2.65297E-2 2.08188E-2 2.11783E-2 4.70415E-2 4.86842E-2 6.36458E-2 6.90803E-2 7.62524E-2 8.37551E-2 9.71975E-2 6.83991E-2 3.43394E-2 5.03176E-2 8.55034E-2 5.61122E-2 3.09797E-2 2.18671E-2 2.06885E-2 2.06451E-2 2.13526E-2 2.19061E-2 2.19861E-2 1.94343E-2 1.88359E-2 2.01952E-2 2.21552E-2 2.52769E-2 2.77201E-2 3.19298E-2 3.32681E-2 3.2645E-2 3.0506E-2 2.72935E-2 2.69443E-2 3.21518E-2 4.1189E-2 5.70391E-2 9.81414E-2 1.17872E-1 1.66003E-1 1.74177E-1 1.86614E-1 1.56398E-1 1.5521E-1 1.56057E-1 8.3652E-2 6.59728E-2 8.88825E-2 7.56062E-2 6.51586E-2 5.03012E-2 5.36741E-2 6.82301E-2 5.65528E-2 4.43175E-2 3.13845E-2 5.07678E-2 3.72445E-2
2.43335E-3 3.90638E-3 1.81455E-2 2.61016E-2 2.9271E-2 2.7501E-2 2.55179E-2 2.58354E-2 2.15378E-2 2.04722E-2 2.39318E-2 2.16373E-2 5.09599E-2 5.21924E-2 5.70711E-2 5.93706E-2 6.48669E-2 2.48286E-2 2.6391E-2 3.17541E-2 3.59925E-2 3.04927E-2 2.47388E-2 1.99828E-2 1.88517E-2 1.83743E-2 2.08816E-2 2.12425E-2 2.23436E-2 2.25064E-2 2.00103E-2 2.4163E-2 2.43008E-2 2.65576E-2 2.93681E-2 3.20814E-2 3.37773E-2 3.45049E-2 3.29288E-2 3.10748E-2 3.22697E-2 3.6801E-2 4.69769E-2 5.93028E-2 1.03912E-1 1.17783E-1 1.6406E-1 1.71203E-1 1.76981E-1 1.56257E-1 1.55216E-1 1.71035E-1 8.14399E-2 6.5109E-2 8.44747E-2 7.15036E-2 5.25392E-2 5.80049E-2 8.60934E-2 6.35066E-2 6.77512E-2 6.02759E-2 4.0606E-2 3.5605E-2 1.49856E-1
4.69103E-3 7.92929E-3 2.02783E-2 2.68259E-2 2.86396E-2 2.76259E-2 2.56266E-2 2.51523E-2 2.53809E-2 2.35631E-2 2.2466E-2 2.12461E-2 2.28081E-2 2.1587E-2 2.19517E-2 2.33635E-2 2.00471E-2 2.3661E-2 2.21147E-2 2.12957E-2 2.1781E-2 2.2108E-2 1.95273E-2 1.91715E-2 1.83405E-2 2.03592E-2 2.17274E-2 2.14597E-2 2.26029E-2 2.32289E-2 2.23974E-2 2.59052E-2 2.56233E-2 2.6967E-2 2.94268E-2 3.21079E-2 3.34843E-2 3.6367E-2 3.89921E-2 4.04179E-2 4.22116E-2 4.84931E-2 5.67014E-2 1.00547E-1 1.08043E-1 1.5926E-1 1.65298E-1 1.71342E-1 1.78243E-1 1.55249E-1 1.91011E-1 1.87309E-1 1.68813E-1 6.1357E-2 5.94E-2 7.10639E-2 5.28949E-2 5.82768E-2 6.53144E-2 7.07743E-2 8.28512E-2 7.24167E-2 4.06303E-2 4.56851E-2 1.56626E-1
5.97729E-3 1.20194E-2 2.65054E-2 2.96025E-2 2.88978E-2 2.64885E-2 2.72708E-2 2.76014E-2 3.22948E-2 3.9959E-2 3.03057E-2 2.72836E-2 2.42424E-2 2.13874E-2 1.96872E-2 1.87488E-2 2.14552E-2 2.1225E-2 2.15565E-2 2.03796E-2 1.90392E-2 1.84023E-2 1.80092E-2 1.9566E-2 1.95789E-2 2.05046E-2 2.13048E-2 2.25636E-2 2.25076E-2 2.25029E-2 2.54671E-2 2.63596E-2 2.77212E-2 2.87828E-2 3.14808E-2 3.37629E-2 3.58338E-2 3.89647E-2 4.3872E-2 4.87505E-2 5.85476E-2 6.07104E-2 1.03811E-1 1.11903E-1 1.21614E-1 1.61737E-1 1.69875E-1 1.52995E-1 1.6117E-1 1.742E-1 1.73665E-1 1.84579E-1 1.60066E-1 7.91385E-2 5.94584E-2 6.89529E-2 3.19882E-2 4.03423E-2 4.4153E-2 4.92024E-2 7.23439E-2 6.40382E-2 4.21814E-2 4.56854E-2 1.19191E-1
4.97904E-3 1.74289E-2 2.95618E-2 2.94534E-2 2.74614E-2 2.7543E-2 2.87289E-2 3.5471E-2 4.49638E-2 9.97372E-2 3.8383E-2 2.98183E-2 2.69767E-2 2.32471E-2 2.19811E-2 2.22615E-2 2.11407E-2 2.12174E-2 2.11436E-2 1.81791E-2 1.81068E-2 1.79201E-2 1.85871E-2 1.80252E-2 2.04154E-2 2.17069E-2 2.18771E-2 2.20795E-2 2.19774E-2 2.35752E-2 2.37809E-2 2.83243E-2 2.91825E-2 3.04504E-2 3.25253E-2 3.50956E-2 3.84215E-2 4.45122E-2 4.77437E-2 6.29054E-2 1.11969E-1 1.13446E-1 9.95477E-2 1.23658E-1 1.4153E-1 1.49483E-1 1.56114E-1 1.63319E-1 1.61812E-1 1.72191E-1 1.68877E-1 1.60132E-1 1.55977E-1 5.4884E-2 6.04133E-2 4.50624E-2 4.55851E-2 4.93214E-2 2.32292E-2 3.05146E-2 7.69583E-2 7.05957E-2 5.37938E-2 4.28461E-2 3.79037E-2
6.53232E-3 1.88325E-2 2.78545E-2 2.87313E-2 2.95804E-2 2.98467E-2 3.31283E-2 5.77176E-2 1.16182E-1 1.17648E-1 4.67335E-2 3.36421E-2 2.70914E-2 2.44204E-2 2.212E-2 2.19892E-2 2.12487E-2 1.909E-2 1.81494E-2 1.84367E-2 1.86249E-2 1.90398E-2 1.91601E-2 2.07567E-2 2.08434E-2 2.19978E-2 2.17462E-2 2.25151E-2 2.30615E-2 2.39499E-2 2.48577E-2 3.00042E-2 3.03105E-2 3.19309E-2 3.30543E-2 3.74499E-2 4.57982E-2 3.38224E-2 1.93008E-2 5.06874E-2 9.68482E-2 1.09352E-1 1.10532E-1 1.43207E-1 1.49544E-1 1.73784E-1 1.50335E-1 1.50512E-1 1.48825E-1 1.48232E-1 1.45915E-1 1.44547E-1 1.446E-1 5.26887E-2 7.88808E-2 4.82785E-2 4.77331E-2 5.4867E-2 5.9074E-2 5.73184E-2 6.44021E-2 6.2023E-2 6.29894E-2 5.46523E-2 3.24992E-2
6.51298E-3 1.475E-2 2.76189E-2 2.88238E-2 2.93768E-2 3.06174E-2 3.67677E-2 5.94969E-2 1.20087E-1 1.20609E-1 4.21213E-2 3.21061E-2 2.53875E-2 2.2465E-2 2.22291E-2 2.04608E-2 1.9391E-2 2.08005E-2 1.95758E-2 1.88724E-2 1.95602E-2 1.96179E-2 1.98649E-2 2.11122E-2 2.11999E-2 2.23136E-2 2.27367E-2 2.36885E-2 2.42744E-2 2.56912E-2 2.67937E-2 3.13246E-2 3.20912E-2 3.34032E-2 3.4841E-2 3.4349E-2 3.34312E-2 2.95821E-2 3.13039E-2 3.7122E-2 7.8547E-2 1.18917E-1 1.46359E-1 1.57238E-1 1.58556E-1 1.49271E-1 1.45998E-1 1.4478E-1 1.44357E-1 5.50443E-2 5.74145E-2 5.71237E-2 5.3626E-2 5.66832E-2 4.40417E-2 5.31483E-2 4.37131E-2 4.09776E-2 4.84029E-2 4.55381E-2 6.2043E-2 8.50283E-2 5.71595E-2 6.47409E-2 5.40878E-2
1.02928E-2 1.17788E-2 1.96929E-2 2.81328E-2 2.88209E-2 2.96938E-2 3.31492E-2 3.91935E-2 4.30478E-2 3.82703E-2 3.07335E-2 2.55064E-2 2.27537E-2 2.31591E-2 2.06397E-2 2.10441E-2 2.34186E-2 2.25743E-2 2.11393E-2 2.06145E-2 2.02268E-2 2.10294E-2 2.14748E-2 2.30666E-2 2.25435E-2 2.37781E-2 2.3918E-2 2.52653E-2 2.59952E-2 2.76641E-2 2.86316E-2 2.97069E-2 3.39063E-2 3.3777E-2 3.22829E-2 3.23575E-2 3.51212E-2 4.37677E-2 9.9408E-2 9.80998E-2 1.08385E-1 1.31027E-1 1.19326E-1 1.00273E-1 1.55013E-1 1.44645E-1 5.02445E-2 5.42277E-2 5.57798E-2 6.07332E-2 6.55221E-2 6.59563E-2 6.45502E-2 3.58834E-2 3.10594E-2 4.53935E-2 4.02985E-2 3.29572E-2 4.69854E-2 5.90636E-2 5.3274E-2 5.10528E-2 8.7235E-2 8.54919E-2 6.181E-2
9.88352E-3 1.20301E-2 1.62509E-2 2.91172E-2 2.90446E-2 2.76009E-2 2.84903E-2 2.9412E-2 2.99281E-2 2.65102E-2 3.55556E-2 3.31938E-2 2.09164E-2 2.18109E-2 2.23667E-2 2.40053E-2 1.36457E-2 1.32508E-2 1.28347E-2 1.22451E-2 1.23377E-2 1.23909E-2 1.26744E-2 2.24406E-2 2.46188E-2 2.49046E-2 2.5706E-2 2.60327E-2 2.77229E-2 3.83517E-2 3.81786E-2 3.72831E-2 3.3716E-2 2.77146E-2 2.83053E-2 3.06544E-2 3.3079E-2 4.3072E-2 1.05117E-1 1.08831E-1 1.34012E-1 1.37505E-1 1.50367E-1 1.22883E-1 7.68208E-2 1.51478E-1 5.49315E-2 6.32303E-2 6.69075E-2 8.63229E-2 9.19987E-2 7.05047E-2 4.61874E-2 4.02005E-2 5.73823E-2 6.76534E-2 6.90778E-2 6.30284E-2 8.395E-2 8.26867E-2 3.87032E-2 6.11336E-2 7.63087E-2 7.74759E-2 8.13171E-2
1.08421E-2 1.26298E-2 1.66839E-2 2.80307E-2 2.77335E-2 2.60589E-2 2.72628E-2 2.65308E-2 2.46485E-2 2.52161E-2 4.17252E-2 4.03424E-2 2.35914E-2 2.60345E-2 2.65603E-2 1.42914E-2 1.45882E-2 1.42421E-2 1.34826E-2 1.282E-2 1.31696E-2 1.3193E-2 1.31369E-2 1.37707E-2 1.4182E-2 1.53524E-2 2.86325E-2 2.93664E-2 3.87453E-2 3.73895E-2 3.72757E-2 2.1263E-2 2.7096E-2 2.89856E-2 2.93187E-2 3.21599E-2 4.00135E-2 3.89335E-2 1.07072E-1 1.38124E-1 1.42371E-1 1.60428E-1 1.41934E-1 1.36684E-1 1.3348E-1 1.25085E-1 9.2295E-2 6.06221E-2 6.51076E-2 8.93478E-2 7.36088E-2 5.13274E-2 4.28423E-2 6.12066E-2 4.79835E-2 7.29678E-2 7.87419E-2 7.83713E-2 6.37876E-2 7.42241E-2 5.83351E-2 7.17564E-2 8.19378E-2 8.09004E-2 7.63854E-2
8.40391E-3 1.52867E-2 2.17901E-2 2.85178E-2 2.80156E-2 2.67055E-2 2.563E-2 2.64515E-2 2.29909E-2 2.44061E-2 1.68576E-2 3.02961E-2 1.5957E-2 1.60949E-2 1.61975E-2 1.5129E-2 1.52889E-2 1.51403E-2 1.4255E-2 1.35875E-2 1.3631E-2 1.34977E-2 1.46908E-2 1.50471E-2 3.0213E-2 2.98611E-2 2.14797E-2 2.10807E-2 2.16516E-2 3.17907E-2 2.09055E-2 2.54877E-2 2.78627E-2 2.96505E-2 3.33999E-2 4.19601E-2 4.69829E-2 5.88975E-2 1.37841E-1 1.44093E-1 1.60994E-1 1.44393E-1 1.40516E-1 1.36641E-1 1.17905E-1 1.11726E-1 6.46293E-2 5.92094E-2 5.57845E-2 5.82616E-2 5.14746E-2 4.83537E-2 5.23559E-2 4.68786E-2 5.0139E-2 9.33364E-2 7.34763E-2 8.30553E-2 7.4614E-2 6.35298E-2 7.93882E-2 6.65433E-2 6.67317E-2 6.81701E-2 7.44935E-2
1.34069E-2 1.25119E-2 2.28032E-2 2.62849E-2 2.60789E-2 2.46276E-2 2.51275E-2 2.42909E-2 2.56276E-2 2.82247E-2 1.6672E-2 1.71423E-2 1.66287E-2 1.61782E-2 1.63401E-2 1.625E-2 1.78635E-2 1.77652E-2 1.60777E-2 1.49291E-2 1.46301E-2 1.4525E-2 2.86971E-2 2.27618E-2 2.28326E-2 2.16132E-2 2.13517E-2 2.10796E-2 2.16267E-2 2.1934E-2 2.60219E-2 3.08163E-2 3.45736E-2 3.58651E-2 4.04548E-2 4.94184E-2 5.74026E-2 1.19024E-1 1.39996E-1 1.45592E-1 1.62068E-1 1.35858E-1 1.133E-1 1.07902E-1 1.10843E-1 1.15345E-1 1.13223E-1 5.55284E-2 4.28649E-2 4.14925E-2 4.81504E-2 4.81316E-2 4.74018E-2 4.96232E-2 7.34778E-2 6.83389E-2 7.93287E-2 9.093E-2 6.84518E-2 6.74409E-2 6.55784E-2 6.39079E-2 6.57786E-2 6.91469E-2 7.4864E-2
1.80035E-2 1.65922E-2 2.60344E-2 2.7894E-2 2.66138E-2 2.65254E-2 2.532E-2 2.69566E-2 2.81747E-2 1.67144E-2 1.59092E-2 1.65565E-2 1.97623E-2 2.01801E-2 2.00635E-2 2.1977E-2 2.29913E-2 2.4865E-2 2.11303E-2 1.52801E-2 2.83862E-2 1.99917E-2 2.08231E-2 2.15876E-2 2.43412E-2 2.30756E-2 2.29079E-2 2.18608E-2 1.8972E-2 2.78061E-2 3.14015E-2 4.07446E-2 4.89074E-2 9.99511E-2 1.005E-1 1.14005E-1 1.20316E-1 1.24171E-1 1.56305E-1 1.53091E-1 1.69406E-1 1.36812E-1 1.17299E-1 1.13193E-1 1.09618E-1 1.21492E-1 1.15368E-1 5.21135E-2 4.68677E-2 4.98791E-2 4.97524E-2 4.93844E-2 4.27675E-2 6.29808E-2 7.79397E-2 6.52604E-2 7.3429E-2 8.50737E-2 7.77027E-2 6.84049E-2 6.50419E-2 6.94254E-2 6.80311E-2 7.12093E-2 7.1985E-2
2.26102E-2 1.97003E-2 2.89653E-2 2.85739E-2 2.75026E-2 2.70107E-2 1.51439E-2 1.41582E-2 1.58332E-2 1.68696E-2 1.92197E-2 1.96605E-2 1.86288E-2 2.9034E-2 1.87862E-2 1.88182E-2 2.04168E-2 2.1743E-2 4.31496E-2 4.23487E-2 2.09311E-2 2.02344E-2 3.38499E-2 5.32145E-2 4.00077E-2 4.07314E-2 2.23471E-2 1.95779E-2 2.0019E-2 2.05248E-2 3.53448E-2 1.05947E-1 1.16343E-1 1.17993E-1 1.19116E-1 1.17591E-1 1.31769E-1 1.50795E-1 1.65771E-1 1.70254E-1 1.42453E-1 1.20188E-1 1.19293E-1 1.13047E-1 1.14409E-1 1.23374E-1 5.97714E-2 5.13029E-2 4.80588E-2 5.171E-2 5.14527E-2 4.30825E-2 6.08511E-2 6.5089E-2 6.75095E-2 7.38749E-2 5.72632E-2 8.00797E-2 7.86859E-2 7.10664E-2 6.77707E-2 7.10507E-2 7.19454E-2 7.52755E-2 7.42014E-2
2.46372E-2 2.49207E-2 3.02709E-2 2.97008E-2 2.87396E-2 1.52335E-2 1.4011E-2 1.47443E-2 1.5363E-2 1.6614E-2 1.67062E-2 2.7019E-2 2.61656E-2 2.60559E-2 2.32045E-2 2.33018E-2 4.0705E-2 4.95722E-2 3.97227E-2 3.61487E-2 2.22466E-2 3.31778E-2 3.63352E-2 6.00671E-2 5.24866E-2 3.07397E-2 3.15035E-2 3.04986E-2 2.11823E-2 3.3088E-2 3.72647E-2 5.10184E-2 1.19374E-1 1.23012E-1 1.30594E-1 1.44246E-1 1.60985E-1 1.68195E-1 1.75649E-1 1.47991E-1 1.46206E-1 1.24373E-1 1.12989E-1 1.03269E-1 1.00315E-1 1.26509E-1 6.9557E-2 6.44548E-2 5.11915E-2 6.34301E-2 4.24897E-2 5.31352E-2 5.58481E-2 6.20467E-2 6.30354E-2 6.48444E-2 7.09141E-2 7.52916E-2 8.47094E-2 8.60747E-2 6.70938E-2 7.30084E-2 7.71589E-2 7.67415E-2 7.31257E-2
2.16632E-2 2.37386E-2 3.11146E-2 3.07291E-2 1.60606E-2 1.55546E-2 1.551E-2 1.61659E-2 1.58991E-2 2.38204E-2 2.19593E-2 2.21802E-2 4.02375E-2 3.66024E-2 3.65584E-2 3.58308E-2 4.66965E-2 4.57521E-2 3.79245E-2 3.6941E-2 3.42196E-2 3.3523E-2 3.99832E-2 5.70165E-2 5.33209E-2 5.30201E-2 4.69962E-2 4.92869E-2 3.54946E-2 3.78174E-2 4.60825E-2 6.11489E-2 1.29759E-1 1.42409E-1 1.46593E-1 1.70952E-1 1.66561E-1 1.81147E-1 1.53205E-1 1.48471E-1 1.43482E-1 1.22371E-1 1.16986E-1 1.10553E-1 1.1022E-1 8.12923E-2 6.5827E-2 6.32945E-2 5.28773E-2 5.5758E-2 5.10298E-2 4.13383E-2 5.71646E-2 6.50817E-2 5.52627E-2 7.14712E-2 5.55796E-2 5.8057E-2 7.3078E-2 9.21457E-2 8.2135E-2 7.88688E-2 7.76239E-2 7.88499E-2 7.45785E-2
2.70583E-2 2.74597E-2 3.3647E-2 3.27748E-2 1.73108E-2 1.79996E-2 1.68508E-2 1.67222E-2 3.33089E-2 3.43046E-2 3.5466E-2 3.5366E-2 3.54257E-2 5.15624E-2 4.89382E-2 5.17579E-2 5.06269E-2 4.14682E-2 3.96588E-2 3.75105E-2 3.65728E-2 3.49804E-2 3.59951E-2 5.52404E-2 5.10289E-2 5.89202E-2 5.39649E-2 5.21202E-2 5.41434E-2 5.42237E-2 5.87598E-2 7.29608E-2 1.47816E-1 1.55847E-1 1.6361E-1 1.69801E-1 1.7785E-1 1.46582E-1 1.43008E-1 1.45571E-1 1.30663E-1 1.27448E-1 1.15299E-1 1.15848E-1 1.09398E-1 6.36093E-2 6.60345E-2 5.08715E-2 4.78367E-2 4.44734E-2 6.94635E-2 4.35324E-2 5.4325E-2 4.73345E-2 6.0599E-2 5.52146E-2 5.75962E-2 7.87427E-2 7.91202E-2 9.48395E-2 9.08434E-2 7.83014E-2 7.97309E-2 8.33457E-2 7.72537E-2
3.02453E-2 2.94455E-2 4.77892E-2 3.35734E-2 3.36491E-2 3.35301E-2 3.34206E-2 3.33824E-2 3.54137E-2 3.76703E-2 4.27555E-2 4.21747E-2 4.41779E-2 4.4034E-2 4.29278E-2 4.77542E-2 4.81718E-2 3.98926E-2 3.9489E-2 3.8089E-2 3.80205E-2 3.7965E-2 4.16572E-2 4.41645E-2 4.83725E-2 5.34395E-2 5.61232E-2 6.0628E-2 6.36999E-2 6.50735E-2 6.70508E-2 7.78738E-2 1.49234E-1 1.70406E-1 1.76298E-1 1.44533E-1 1.44421E-1 1.42679E-1 1.3989E-1 1.38214E-1 1.30384E-1 1.27876E-1 1.16524E-1 1.09195E-1 1.14166E-1 8.40017E-2 8.76993E-2 6.53973E-2 5.22198E-2 5.10821E-2 5.23774E-2 5.34671E-2 6.46192E-2 4.85695E-2 5.86635E-2 5.58142E-2 7.80379E-2 8.49628E-2 8.63909E-2 9.58765E-2 9.59202E-2 1.00981E-1 9.10194E-2 8.80725E-2 8.77245E-2
3.13646E-2 3.1327E-2 3.24961E-2 3.34024E-2 4.69291E-2 2.99968E-2 3.49158E-2 3.35805E-2 3.68034E-2 4.04887E-2 4.99604E-2 5.44461E-2 5.87631E-2 5.88194E-2 5.93415E-2 5.35917E-2 5.00045E-2 4.59173E-2 3.96693E-2 3.84746E-2 3.84641E-2 3.97062E-2 4.13133E-2 5.11996E-2 5.88869E-2 6.18793E-2 6.89221E-2 6.74705E-2 6.94706E-2 6.94447E-2 7.28582E-2 7.46377E-2 1.5384E-1 1.73237E-1 1.78912E-1 1.43119E-1 1.34065E-1 1.33472E-1 1.34132E-1 1.32709E-1 1.33414E-1 1.31182E-1 1.22137E-1 7.4262E-2 6.53016E-2 5.89014E-2 1.15053E-1 1.03036E-1 5.50277E-2 5.27351E-2 5.999E-2 7.1453E-2 4.94083E-2 6.1204E-2 6.17107E-2 6.97608E-2 9.02076E-2 7.62077E-2 8.16279E-2 8.69173E-2 9.29586E-2 9.92526E-2 1.04853E-1 1.04595E-1 9.94527E-2
3.98148E-2 3.79454E-2 4.04227E-2 3.29959E-2 3.33291E-2 3.28005E-2 4.01081E-2 5.0136E-2 3.52748E-2 3.74239E-2 5.14077E-2 5.92502E-2 5.92234E-2 5.79804E-2 5.81449E-2 4.56793E-2 4.37126E-2 4.12488E-2 4.11633E-2 4.04482E-2 3.95075E-2 4.09685E-2 4.46436E-2 5.72858E-2 6.60567E-2 7.25933E-2 7.90954E-2 8.6078E-2 8.26072E-2 8.01854E-2 8.62976E-2 8.38091E-2 1.66584E-1 1.81717E-1 1.52932E-1 1.39238E-1 1.29058E-1 1.22802E-1 1.25349E-1 1.2663E-1 1.28922E-1 1.30055E-1 7.65386E-2 6.48789E-2 6.51729E-2 8.00254E-2 7.96963E-2 7.1829E-2 5.53179E-2 7.01739E-2 6.68122E-2 7.93401E-2 5.13298E-2 6.04687E-2 6.74125E-2 7.57121E-2 9.78554E-2 8.0027E-2 9.10248E-2 9.30111E-2 9.53395E-2 1.06895E-1 8.97282E-2 9.36987E-2 9.2529E-2
4.05227E-2 5.2153E-2 5.10157E-2 4.98324E-2 4.35235E-2 3.63212E-2 4.0754E-2 4.22282E-2 4.32262E-2 4.54169E-2 5.6348E-2 5.2857E-2 5.91089E-2 5.69404E-2 4.87757E-2 4.3659E-2 4.13301E-2 4.01391E-2 4.06421E-2 4.13301E-2 4.10843E-2 4.44216E-2 6.05655E-2 6.31504E-2 7.59517E-2 1.57994E-1 1.78321E-1 1.75777E-1 1.79209E-1 1.03325E-1 9.95942E-2 9.52689E-2 1.73219E-1 1.89847E-1 1.59473E-1 1.3581E-1 1.22245E-1 5.96731E-2 6.20399E-2 6.45778E-2 6.78333E-2 7.24199E-2 7.61959E-2 7.26038E-2 7.78571E-2 1.10259E-1 6.23095E-2 5.78313E-2 5.22875E-2 4.75755E-2 6.31431E-2 6.83409E-2 5.82892E-2 6.02689E-2 7.09476E-2 7.77733E-2 1.14868E-1 9.32769E-2 9.51076E-2 1.11378E-1 1.0742E-1 9.04464E-2 9.33838E-2 9.00956E-2 9.28923E-2
5.66884E-2 5.85232E-2 5.84068E-2 5.58671E-2 4.78947E-2 5.6407E-2 5.68309E-2 4.42895E-2 4.96593E-2 4.80456E-2 5.43781E-2 6.01859E-2 7.04402E-2 6.58294E-2 4.97037E-2 4.31432E-2 4.14067E-2 4.15392E-2 4.21632E-2 4.27693E-2 4.38669E-2 4.82479E-2 6.47461E-2 6.59462E-2 1.4806E-1 1.71624E-1 1.95871E-1 1.86269E-1 1.77889E-1 1.87336E-1 1.83588E-1 1.80394E-1 1.9224E-1 1.66025E-1 1.43808E-1 1.30286E-1 6.07016E-2 5.15758E-2 5.55907E-2 5.67068E-2 6.39785E-2 7.65771E-2 7.54739E-2 7.39528E-2 6.7495E-2 7.40797E-2 6.04529E-2 6.73271E-2 6.88055E-2 4.46841E-2 5.65683E-2 5.78194E-2 5.7603E-2 6.4895E-2 7.77468E-2 7.64758E-2 9.85647E-2 1.21806E-1 1.19623E-1 9.90526E-2 8.49794E-2 9.07304E-2 9.69004E-2 8.99595E-2 9.31417E-2
6.37465E-2 6.61272E-2 6.64484E-2 6.28424E-2 6.42774E-2 5.85609E-2 6.343E-2 6.87882E-2 7.34767E-2 7.73596E-2 6.23964E-2 6.95381E-2 7.90259E-2 8.30105E-2 5.69442E-2 4.8867E-2 4.44007E-2 4.53923E-2 4.52916E-2 4.80167E-2 4.98901E-2 5.54987E-2 6.92136E-2 6.68164E-2 7.86746E-2 1.61445E-1 1.81632E-1 1.85669E-1 1.94286E-1 1.8291E-1 1.85928E-1 1.93468E-1 1.46837E-1 1.4854E-1 1.37555E-1 6.68827E-2 5.41707E-2 6.6421E-2 5.03866E-2 4.92043E-2 6.67991E-2 8.18735E-2 7.99188E-2 7.25548E-2 6.15209E-2 5.4653E-2 5.43825E-2 7.87911E-2 8.07576E-2 8.53673E-2 7.01736E-2 6.24349E-2 6.33086E-2 7.06313E-2 6.57298E-2 7.63149E-2 1.0265E-1 8.98656E-2 1.0321E-1 9.81211E-2 9.00355E-2 1.00303E-1 8.78754E-2 9.90761E-2 9.35216E-2
