KUENM_DEFAULT/Final_Models/M_1_F_lqpth_Set_1_NE/sp1_9_se_asia.asc
ncols         320
nrows         243
xllcorner     44.0
yllcorner     -0.666666666666667
cellsize      0.166666666666667
NODATA_value  -9999
[rows 0 to 30 of 243, columns 0 to 69 of 320]
-9999 -9999 -9999 7.08346E-3 -9999 -9999 -9999 -9999 -9999 -9999 -9999 -9999 -9999 -9999 -9999 -9999 -9999 -9999 -9999 -9999 -9999 -9999 -9999 -9999 -9999 -9999 -9999 -9999 -9999 -9999 -9999 -9999 -9999 -9999 -9999 -9999 -9999 -9999 -9999 -9999 -9999 -9999 -9999 -9999 -9999 -9999 -9999 -9999 -9999 -9999 -9999 -9999 -9999 -9999 -9999 -9999 -9999 -9999 -9999 -9999 -9999 -9999 -9999 -9999 -9999 -9999 -9999 -9999 -9999 -9999
-9999 -9999 -9999 8.54211E-3 7.51852E-3 -9999 -9999 -9999 -9999 -9999 -9999 -9999 -9999 -9999 -9999 -9999 -9999 -9999 -9999 -9999 -9999 -9999 1.41965E-2 1.32206E-2 1.378E-2 -9999 -9999 -9999 -9999 -9999 -9999 -9999 -9999 -9999 -9999 -9999 -9999 -9999 -9999 -9999 -9999 -9999 -9999 -9999 -9999 -9999 -9999 -9999 -9999 -9999 -9999 -9999 -9999 -9999 -9999 -9999 -9999 -9999 -9999 -9999 -9999 -9999 -9999 -9999 -9999 -9999 -9999 -9999 -9999 -9999
-9999 -9999 8.48489E-3 8.78026E-3 8.70617E-3 7.29214E-3 -9999 -9999 -9999 -9999 -9999 -9999 -9999 -9999 -9999 -9999 -9999 -9999 -9999 -9999 1.70167E-2 1.52682E-2 1.50794E-2 1.58497E-2 1.56164E-2 1.73184E-2 -9999 -9999 -9999 -9999 -9999 -9999 -9999 -9999 -9999 -9999 -9999 -9999 -9999 -9999 -9999 -9999 -9999 -9999 -9999 -9999 -9999 -9999 -9999 -9999 -9999 -9999 -9999 -9999 -9999 -9999 -9999 -9999 -9999 -9999 -9999 -9999 -9999 -9999 -9999 -9999 -9999 -9999 -9999 -9999
8.05814E-3 7.75525E-3 8.07105E-3 8.88423E-3 7.11838E-3 7.55792E-3 7.84139E-3 -9999 -9999 -9999 -9999 -9999 -9999 -9999 -9999 -9999 -9999 -9999 1.86378E-2 1.72717E-2 1.71027E-2 1.70169E-2 1.65711E-2 1.77956E-2 2.07385E-2 -9999 -9999 -9999 -9999 -9999 -9999 -9999 -9999 -9999 -9999 -9999 -9999 -9999 -9999 -9999 -9999 -9999 -9999 -9999 -9999 -9999 -9999 -9999 -9999 -9999 -9999 -9999 -9999 -9999 -9999 -9999 -9999 -9999 -9999 -9999 -9999 -9999 -9999 -9999 -9999 -9999 -9999 -9999 -9999 -9999
-9999 6.93735E-3 7.92172E-3 7.70674E-3 8.51304E-3 7.96805E-3 7.77534E-3 9.00327E-3 -9999 -9999 -9999 -9999 -9999 -9999 -9999 -9999 -9999 1.75025E-2 1.85398E-2 1.73548E-2 1.73167E-2 1.77471E-2 2.52408E-2 2.76196E-2 3.21988E-2 5.99942E-2 -9999 -9999 -9999 -9999 -9999 -9999 -9999 -9999 -9999 -9999 -9999 -9999 -9999 -9999 -9999 -9999 -9999 -9999 -9999 -9999 -9999 -9999 -9999 -9999 -9999 -9999 -9999 -9999 -9999 -9999 -9999 -9999 -9999 -9999 -9999 -9999 -9999 -9999 -9999 -9999 -9999 -9999 -9999 -9999
-9999 7.0979E-3 7.11703E-3 7.35865E-3 8.84375E-3 8.89682E-3 8.28052E-3 1.0321E-2 1.18394E-2 1.14994E-2 1.20438E-2 -9999 -9999 -9999 -9999 -9999 2.25988E-2 2.25325E-2 2.24141E-2 1.96822E-2 2.15061E-2 2.05406E-2 1.59626E-2 1.39681E-2 -9999 -9999 -9999 -9999 -9999 -9999 -9999 -9999 -9999 -9999 -9999 -9999 -9999 -9999 -9999 -9999 -9999 -9999 -9999 -9999 -9999 -9999 -9999 -9999 -9999 -9999 -9999 -9999 -9999 -9999 -9999 -9999 -9999 -9999 -9999 -9999 -9999 -9999 -9999 -9999 -9999 -9999 -9999 -9999 -9999 -9999
-9999 -9999 6.31472E-3 7.47562E-3 7.80286E-3 8.78467E-3 9.27172E-3 8.98329E-3 1.10405E-2 1.18645E-2 1.16715E-2 1.26419E-2 1.55511E-2 1.82249E-2 1.73002E-2 1.74604E-2 1.50188E-2 1.31912E-2 1.68539E-2 1.48021E-2 1.81792E-2 1.70761E-2 1.3303E-2 1.29967E-2 8.80401E-3 -9999 -9999 -9999 -9999 -9999 -9999 -9999 -9999 -9999 -9999 -9999 -9999 -9999 -9999 -9999 -9999 -9999 -9999 -9999 -9999 -9999 -9999 -9999 -9999 -9999 -9999 -9999 -9999 -9999 -9999 -9999 -9999 -9999 -9999 -9999 -9999 -9999 -9999 -9999 -9999 -9999 -9999 -9999 -9999 -9999
-9999 -9999 6.59946E-3 6.20159E-3 8.95246E-3 9.66733E-3 9.10644E-3 9.24697E-3 1.04939E-2 1.2116E-2 1.23852E-2 9.84279E-3 9.65101E-3 1.38028E-2 1.43014E-2 1.3967E-2 1.33468E-2 1.3731E-2 1.2776E-2 1.26581E-2 1.58363E-2 1.97343E-2 1.70996E-2 1.52538E-2 9.97762E-3 7.50405E-3 6.41232E-3 -9999 -9999 -9999 -9999 -9999 -9999 -9999 -9999 -9999 -9999 -9999 -9999 -9999 -9999 -9999 -9999 -9999 -9999 -9999 -9999 -9999 -9999 -9999 -9999 -9999 -9999 -9999 -9999 -9999 -9999 -9999 -9999 -9999 -9999 -9999 -9999 -9999 -9999 -9999 -9999 -9999 -9999 -9999
-9999 -9999 7.26519E-3 7.19206E-3 9.38226E-3 1.22704E-2 1.05842E-2 9.24842E-3 1.065E-2 1.1185E-2 1.18872E-2 1.18886E-2 1.11301E-2 1.0426E-2 9.58386E-3 1.05208E-2 1.16111E-2 1.2173E-2 1.18661E-2 1.21695E-2 1.44707E-2 1.42053E-2 9.29178E-3 6.97363E-3 7.58906E-3 7.82502E-3 7.93698E-3 -9999 1.93655E-2 -9999 -9999 -9999 -9999 -9999 -9999 -9999 -9999 -9999 -9999 -9999 -9999 -9999 -9999 -9999 -9999 -9999 -9999 -9999 -9999 -9999 -9999 -9999 -9999 -9999 -9999 -9999 -9999 -9999 -9999 -9999 -9999 -9999 -9999 -9999 -9999 -9999 -9999 -9999 -9999 -9999
-9999 -9999 7.22947E-3 9.30987E-3 1.27329E-2 1.3466E-2 1.22664E-2 1.24141E-2 1.15458E-2 9.35186E-3 9.53781E-3 1.21987E-2 1.20135E-2 1.21248E-2 1.08077E-2 1.08173E-2 1.08646E-2 1.17533E-2 9.57638E-3 7.41317E-3 6.71403E-3 5.85286E-3 4.01284E-3 4.25684E-3 6.4018E-3 7.47969E-3 9.16927E-3 1.01503E-2 3.21121E-2 -9999 -9999 -9999 -9999 -9999 -9999 -9999 -9999 -9999 -9999 -9999 -9999 -9999 -9999 -9999 -9999 -9999 -9999 -9999 -9999 -9999 -9999 -9999 -9999 -9999 -9999 -9999 -9999 -9999 -9999 -9999 -9999 -9999 -9999 -9999 -9999 -9999 -9999 -9999 -9999 -9999
-9999 -9999 8.14617E-3 1.27276E-2 1.27132E-2 1.21888E-2 1.23945E-2 1.34926E-2 1.31056E-2 1.30746E-2 1.27691E-2 1.2906E-2 1.2542E-2 1.1862E-2 1.11717E-2 1.06646E-2 1.1312E-2 1.09436E-2 1.08075E-2 9.32988E-3 7.20572E-3 6.28722E-3 5.06391E-3 5.90407E-3 7.08519E-3 7.3289E-3 7.87229E-3 5.15531E-3 5.40752E-2 -9999 -9999 -9999 -9999 -9999 -9999 -9999 -9999 -9999 -9999 -9999 -9999 -9999 -9999 -9999 -9999 -9999 -9999 -9999 -9999 -9999 -9999 -9999 -9999 -9999 -9999 -9999 -9999 -9999 -9999 -9999 -9999 -9999 -9999 -9999 -9999 -9999 -9999 -9999 -9999 1.12904E-2
-9999 6.84966E-3 6.50744E-3 1.24606E-2 1.18702E-2 1.25902E-2 1.52204E-2 1.45625E-2 1.35533E-2 1.31571E-2 1.3396E-2 1.37217E-2 1.11978E-2 9.36899E-3 8.63793E-3 8.60341E-3 9.27712E-3 9.83468E-3 9.52102E-3 9.78613E-3 8.90975E-3 8.53425E-3 7.00036E-3 5.89518E-3 6.16099E-3 7.39074E-3 6.49685E-3 4.91223E-3 5.90652E-2 4.79086E-3 -9999 -9999 -9999 -9999 -9999 -9999 -9999 -9999 -9999 -9999 -9999 -9999 -9999 -9999 -9999 -9999 -9999 -9999 -9999 -9999 -9999 -9999 -9999 -9999 -9999 -9999 -9999 -9999 -9999 -9999 -9999 -9999 -9999 -9999 -9999 -9999 -9999 1.2748E-2 1.47645E-2 1.4329E-2
-9999 -9999 -9999 1.53608E-2 1.5364E-2 1.3562E-2 1.61976E-2 1.56621E-2 1.43262E-2 1.455E-2 1.47325E-2 1.29221E-2 9.16565E-3 6.39183E-3 5.28215E-3 6.14044E-3 8.76306E-3 8.70986E-3 7.47817E-3 7.94682E-3 6.54625E-3 6.12253E-3 5.67894E-3 7.67605E-3 6.10693E-3 1.06403E-2 7.57213E-3 5.64709E-3 8.81375E-2 5.70822E-3 -9999 -9999 -9999 -9999 -9999 -9999 -9999 -9999 -9999 -9999 -9999 -9999 -9999 -9999 -9999 -9999 -9999 -9999 -9999 -9999 -9999 -9999 -9999 -9999 -9999 -9999 -9999 -9999 -9999 -9999 -9999 -9999 -9999 -9999 -9999 1.20567E-2 1.5547E-2 1.64641E-2 1.56717E-2 1.38511E-2
-9999 -9999 -9999 -9999 1.51246E-2 1.63578E-2 1.7832E-2 1.6739E-2 1.63617E-2 1.52299E-2 1.53958E-2 1.21057E-2 8.69351E-3 7.56092E-3 6.79157E-3 7.23649E-3 9.43056E-3 9.60031E-3 9.30055E-3 1.00771E-2 1.07651E-2 1.17847E-2 1.34083E-2 1.38842E-2 1.00095E-2 1.69125E-2 8.73608E-3 7.00143E-3 1.56813E-2 5.35071E-2 4.47866E-3 -9999 -9999 -9999 -9999 -9999 -9999 -9999 -9999 -9999 -9999 -9999 -9999 -9999 -9999 -9999 -9999 -9999 -9999 -9999 -9999 -9999 -9999 -9999 -9999 -9999 -9999 -9999 -9999 -9999 -9999 -9999 -9999 -9999 -9999 1.97326E-2 2.5814E-2 2.45511E-2 2.41833E-2 2.12103E-2
-9999 -9999 -9999 -9999 1.86304E-2 1.65796E-2 1.68261E-2 1.84962E-2 1.77908E-2 1.67375E-2 1.71591E-2 1.62329E-2 1.43872E-2 1.19594E-2 9.57664E-3 9.61482E-3 1.07218E-2 1.16061E-2 1.13889E-2 1.06423E-2 1.12887E-2 1.67507E-2 2.34951E-2 1.68513E-2 1.19678E-2 2.27498E-2 1.36225E-2 5.04039E-3 8.63791E-3 7.08004E-2 6.59372E-3 3.7034E-3 2.70127E-3 2.68846E-3 3.10496E-3 3.97925E-3 -9999 -9999 -9999 -9999 -9999 -9999 -9999 -9999 -9999 -9999 -9999 -9999 -9999 -9999 -9999 -9999 -9999 -9999 -9999 -9999 -9999 -9999 -9999 -9999 -9999 -9999 -9999 2.8729E-2 3.21276E-2 3.75833E-2 4.31757E-2 4.0728E-2 3.95768E-2 2.24481E-2
-9999 -9999 -9999 -9999 -9999 1.96633E-2 1.44646E-2 1.53732E-2 1.94466E-2 1.94411E-2 1.93803E-2 1.85971E-2 1.74462E-2 1.29753E-2 1.17517E-2 1.10119E-2 9.52538E-3 1.0432E-2 1.0704E-2 1.08776E-2 1.25469E-2 1.55171E-2 2.2964E-2 1.99659E-2 1.32273E-2 2.01709E-2 3.92229E-2 2.0582E-2 1.41981E-2 1.32775E-2 5.50928E-2 4.7524E-3 4.19691E-3 3.86613E-3 3.95217E-3 4.30074E-3 5.12492E-3 5.17208E-3 -9999 -9999 -9999 -9999 -9999 -9999 -9999 -9999 -9999 -9999 -9999 -9999 -9999 -9999 -9999 -9999 -9999 -9999 -9999 -9999 -9999 -9999 3.29401E-2 3.96545E-2 4.56278E-2 4.96672E-2 5.24517E-2 5.35529E-2 5.47396E-2 5.07102E-2 3.64701E-2 9.77509E-3
-9999 -9999 -9999 -9999 -9999 2.60815E-2 1.70882E-2 1.60322E-2 1.92391E-2 2.14994E-2 2.32491E-2 2.18958E-2 2.11187E-2 1.72055E-2 1.39052E-2 1.05253E-2 8.64442E-3 8.56464E-3 1.05926E-2 1.20438E-2 1.62506E-2 2.03117E-2 2.81902E-2 2.81753E-2 2.09061E-2 1.14974E-2 1.50905E-2 3.9687E-2 1.26167E-1 1.41307E-2 2.59878E-2 5.37884E-2 6.7701E-3 6.85113E-3 6.52494E-3 4.69032E-2 1.27263E-2 6.58514E-3 5.86633E-3 -9999 -9999 -9999 -9999 -9999 -9999 -9999 -9999 -9999 -9999 -9999 -9999 -9999 -9999 -9999 -9999 -9999 -9999 -9999 -9999 -9999 3.69503E-2 6.44355E-2 7.14553E-2 7.43391E-2 7.0002E-2 6.57917E-2 6.23568E-2 3.74625E-2 9.34805E-3 3.85576E-3
-9999 -9999 -9999 -9999 -9999 2.30239E-2 2.26507E-2 2.22999E-2 2.2377E-2 2.34371E-2 2.55632E-2 2.36578E-2 2.34207E-2 2.10504E-2 1.84224E-2 1.27947E-2 9.71492E-3 8.10021E-3 7.89706E-3 8.75993E-3 1.41869E-2 2.06532E-2 2.10011E-2 2.11333E-2 2.4268E-2 1.92651E-2 9.3114E-3 6.67465E-3 5.42125E-2 8.65197E-2 3.02033E-2 1.73245E-2 9.59949E-2 6.14608E-2 9.67229E-2 2.72097E-2 2.26416E-2 1.15951E-1 3.96102E-2 4.8975E-2 -9999 -9999 -9999 -9999 -9999 -9999 -9999 -9999 -9999 -9999 -9999 -9999 -9999 -9999 -9999 -9999 -9999 -9999 -9999 -9999 5.83181E-2 6.7379E-2 1.08053E-1 1.05309E-1 7.1813E-2 4.82109E-2 1.08071E-2 3.83189E-3 4.10743E-3 2.48056E-3
-9999 -9999 -9999 -9999 -9999 -9999 4.23756E-2 3.15417E-2 2.2913E-2 2.21067E-2 2.42152E-2 1.81093E-2 2.46934E-2 2.24303E-2 2.0728E-2 1.71409E-2 1.01791E-2 7.38578E-3 7.59992E-3 6.6238E-3 7.23052E-3 1.33022E-2 1.55994E-2 9.26017E-3 1.30725E-2 2.25399E-2 1.98971E-2 9.61836E-3 8.35139E-3 2.80534E-2 1.00701E-1 1.03202E-1 9.53923E-2 3.07965E-2 1.83447E-2 1.034E-2 9.61517E-3 9.13737E-3 3.68264E-3 1.15579E-2 6.12529E-2 8.24178E-3 -9999 -9999 -9999 -9999 -9999 -9999 -9999 -9999 -9999 -9999 -9999 6.90923E-2 8.02085E-2 1.05766E-1 1.64533E-1 7.89997E-2 6.56403E-2 6.01409E-2 5.90182E-2 4.29192E-2 3.01905E-2 1.67632E-2 4.64314E-3 2.08389E-3 2.30181E-3 1.84501E-3 2.30845E-3 3.65473E-3
-9999 -9999 -9999 -9999 -9999 -9999 2.15061E-2 6.35956E-2 4.40263E-2 4.05508E-2 2.72232E-2 2.23278E-2 2.77967E-2 2.51264E-2 1.86189E-2 2.00215E-2 1.26323E-2 9.76654E-3 1.23989E-2 8.73241E-3 8.57636E-3 1.57234E-2 2.16838E-2 1.48662E-2 1.13169E-2 1.35168E-2 1.46004E-2 1.65776E-2 1.33678E-2 8.79887E-3 9.76611E-3 1.86967E-2 1.70843E-1 8.97801E-2 4.35305E-2 2.64228E-2 2.3434E-2 1.22905E-2 2.62205E-3 1.89502E-3 8.39951E-3 1.64102E-2 4.4376E-2 1.25528E-1 6.34468E-2 6.13611E-2 5.72793E-2 3.61043E-2 3.82728E-2 3.82177E-2 4.4015E-2 5.18012E-2 6.07638E-2 6.58132E-2 7.47232E-2 9.25819E-2 1.48723E-1 4.13521E-2 1.12975E-2 5.26102E-3 2.19226E-3 1.62351E-3 1.0203E-3 9.40179E-4 9.04994E-4 1.47917E-3 2.14459E-3 2.46262E-3 3.78454E-3 5.09229E-3
-9999 -9999 -9999 -9999 -9999 -9999 2.95651E-2 3.27844E-2 4.179E-2 5.54967E-2 6.64042E-2 5.73899E-2 3.13475E-2 2.34724E-2 2.30092E-2 2.25167E-2 1.78916E-2 1.5111E-2 1.59699E-2 8.74568E-3 7.96865E-3 1.31612E-2 1.57734E-2 1.96479E-2 1.50269E-2 1.91831E-2 1.4118E-2 1.05284E-2 1.22282E-2 1.21305E-2 7.9563E-3 1.09174E-2 1.75843E-2 1.83334E-2 1.05747E-2 9.30637E-3 7.24161E-3 1.40686E-2 1.23859E-2 5.47904E-3 1.83148E-3 1.22094E-3 1.70784E-3 2.05474E-2 1.97926E-2 7.93127E-3 8.17032E-3 2.87852E-2 9.58359E-2 5.55824E-2 5.24072E-2 5.54512E-2 6.29166E-2 6.60424E-2 1.22656E-1 1.41927E-1 3.65386E-2 1.0531E-2 3.49075E-3 1.59267E-3 1.48132E-3 1.37973E-3 9.40268E-4 1.10571E-3 1.46469E-3 2.12576E-3 2.5106E-3 2.37869E-3 3.16144E-3 4.01346E-3
-9999 -9999 -9999 -9999 -9999 -9999 -9999 -9999 4.01929E-2 4.71964E-2 3.76967E-2 6.64849E-2 4.777E-2 2.30939E-2 2.42667E-2 2.15618E-2 1.60892E-2 1.24031E-2 1.29409E-2 1.38762E-2 1.38045E-2 1.59218E-2 2.09767E-2 2.47308E-2 2.45283E-2 1.53379E-2 1.49492E-2 1.49621E-2 1.13463E-2 7.1745E-3 1.3479E-2 1.12533E-2 9.5632E-3 1.31525E-2 2.03932E-2 2.21436E-2 2.03135E-2 1.3027E-2 5.13157E-3 2.94054E-3 1.78822E-3 1.46225E-3 1.46649E-3 2.64328E-3 1.11502E-3 1.24162E-3 1.69208E-3 1.33039E-3 2.15881E-3 7.26224E-3 5.21574E-2 8.79594E-2 1.88584E-1 1.38986E-1 4.27437E-2 4.09098E-2 2.0835E-2 4.75111E-3 2.46968E-3 1.31047E-3 2.0244E-3 3.18037E-3 4.53108E-3 4.87738E-3 4.33942E-3 2.89222E-3 2.07339E-3 1.88037E-3 1.86375E-3 1.84675E-3
-9999 -9999 -9999 -9999 -9999 -9999 -9999 -9999 2.94681E-2 3.73631E-2 3.74524E-2 2.83525E-2 4.39075E-2 5.99422E-2 2.73554E-2 2.04469E-2 1.49211E-2 1.25619E-2 1.33108E-2 1.795E-2 1.86821E-2 1.85431E-2 2.15634E-2 2.26822E-2 2.58465E-2 2.18192E-2 1.11468E-2 1.03027E-2 1.35935E-2 7.69961E-3 9.15501E-3 1.46792E-2 1.64565E-2 1.40295E-2 2.31136E-2 2.3179E-2 2.26502E-2 2.19118E-2 1.6169E-2 7.05254E-3 2.9905E-3 1.78236E-3 1.10369E-3 1.23318E-3 6.8094E-4 6.56071E-4 7.10727E-4 7.51104E-4 8.44515E-4 3.68462E-3 1.70744E-3 1.37733E-3 2.59157E-3 6.69304E-3 1.08983E-2 5.64464E-3 2.26119E-3 1.63568E-3 1.35148E-3 1.62881E-3 3.74869E-3 6.30986E-3 6.6138E-3 6.36004E-3 5.35339E-3 4.54426E-3 3.28202E-3 2.80281E-3 2.15907E-3 2.13344E-3
-9999 -9999 -9999 -9999 -9999 -9999 -9999 -9999 -9999 -9999 2.49947E-2 2.57601E-2 2.56577E-2 4.62362E-2 4.34128E-2 2.17238E-2 1.59483E-2 1.76893E-2 1.70209E-2 1.69883E-2 1.70291E-2 1.4708E-2 1.98624E-2 2.25181E-2 2.1691E-2 2.17622E-2 1.70915E-2 9.95882E-3 1.47083E-2 1.25613E-2 7.63996E-3 6.9724E-3 1.38555E-2 1.76875E-2 1.93509E-2 2.02767E-2 1.98133E-2 2.00639E-2 1.95267E-2 1.69998E-2 1.16367E-2 5.94874E-3 2.23042E-3 1.03166E-3 9.06785E-4 9.84623E-4 7.04459E-4 7.01552E-4 5.37447E-4 1.14475E-3 4.29462E-4 4.40114E-4 7.79084E-4 1.12425E-3 1.5088E-3 8.25616E-4 7.36285E-4 9.98338E-4 1.41391E-3 2.43774E-3 3.66507E-3 5.1947E-3 6.08533E-3 5.34629E-3 5.10638E-3 4.42023E-3 4.16308E-3 3.64952E-3 2.81232E-3 2.78543E-3
-9999 -9999 -9999 -9999 -9999 -9999 -9999 -9999 -9999 -9999 -9999 -9999 -9999 -9999 4.25505E-2 2.47421E-2 1.60255E-2 1.82681E-2 1.72913E-2 1.50202E-2 1.66629E-2 1.53596E-2 1.40706E-2 1.62256E-2 1.53526E-2 1.93617E-2 1.69697E-2 1.14519E-2 8.89757E-3 7.35867E-3 1.16066E-2 1.21185E-2 1.04709E-2 8.10769E-3 1.01187E-2 1.26963E-2 1.34728E-2 1.33028E-2 1.35679E-2 1.14424E-2 1.15015E-2 1.05717E-2 6.42604E-3 5.27743E-3 5.29469E-3 3.03357E-3 2.11818E-3 1.32624E-3 8.68547E-4 4.70004E-4 5.61334E-4 1.05066E-3 1.13728E-3 8.50825E-4 7.45708E-4 8.99864E-4 1.23063E-3 1.30144E-3 1.2506E-3 1.45903E-3 1.94336E-3 3.7637E-3 4.40962E-3 4.73161E-3 3.67704E-3 3.91886E-3 3.1809E-3 2.73013E-3 2.11038E-3 2.74963E-3
-9999 -9999 -9999 -9999 -9999 -9999 -9999 -9999 -9999 -9999 -9999 -9999 1.80763E-2 2.6086E-2 3.24897E-2 4.45626E-2 2.72188E-2 1.5465E-2 1.81998E-2 1.7958E-2 1.55996E-2 1.65291E-2 1.82207E-2 1.58653E-2 1.40959E-2 1.37479E-2 1.28621E-2 9.38339E-3 8.80136E-3 7.56709E-3 4.57687E-3 4.8119E-3 4.20041E-3 4.15179E-3 5.12813E-3 4.57408E-3 4.67166E-3 5.90312E-3 5.17644E-3 6.65671E-3 8.55373E-3 8.94745E-3 9.2386E-3 8.22809E-3 7.02716E-3 4.02016E-3 3.06054E-3 1.69705E-3 1.03576E-3 9.96764E-4 8.58504E-4 9.95883E-4 5.08631E-4 5.53484E-4 1.20203E-3 1.96755E-3 2.8882E-3 2.81875E-3 1.80636E-3 1.63928E-3 1.993E-3 2.98079E-3 3.26405E-3 2.99373E-3 3.03652E-3 3.58219E-3 3.10205E-3 2.44866E-3 3.08701E-3 4.11734E-3
-9999 -9999 -9999 -9999 -9999 -9999 -9999 -9999 -9999 -9999 -9999 -9999 2.11458E-2 2.71139E-2 2.9424E-2 4.19534E-2 4.94043E-2 2.53118E-2 1.97765E-2 1.59425E-2 1.95073E-2 1.94841E-2 1.88431E-2 1.47326E-2 1.31563E-2 1.31373E-2 1.27098E-2 1.53924E-2 1.35992E-2 9.54696E-3 1.0314E-2 4.46907E-3 3.17929E-3 2.74041E-3 2.76507E-3 3.86379E-3 4.3935E-3 6.32024E-3 5.84584E-3 5.37716E-3 6.08008E-3 7.09408E-3 7.01551E-3 6.20252E-3 5.77645E-3 4.84444E-3 3.13666E-3 2.12303E-3 1.69494E-3 1.14622E-3 1.28864E-3 7.94194E-4 9.31183E-4 1.13826E-3 2.16817E-3 3.10477E-3 3.72603E-3 3.37893E-3 2.70437E-3 2.12065E-3 1.69903E-3 2.03413E-3 1.79112E-3 1.48033E-3 1.99641E-3 4.27091E-3 5.8718E-3 4.47382E-3 4.84808E-3 5.49772E-3
-9999 -9999 -9999 -9999 -9999 -9999 -9999 -9999 -9999 -9999 -9999 -9999 -9999 2.77217E-2 3.62748E-2 4.20004E-2 3.81384E-2 2.74344E-2 2.10608E-2 1.54242E-2 1.70277E-2 1.9197E-2 1.76985E-2 1.76116E-2 1.27492E-2 1.12225E-2 1.31125E-2 1.66549E-2 1.48396E-2 1.38524E-2 1.24396E-2 8.10715E-3 5.70502E-3 4.61721E-3 2.43082E-3 3.1715E-3 2.78353E-3 3.57207E-3 5.4299E-3 4.93327E-3 3.71278E-3 3.18182E-3 4.92332E-3 5.01155E-3 4.35662E-3 3.80065E-3 2.82937E-3 2.4254E-3 2.13126E-3 2.15212E-3 2.75241E-3 3.45764E-3 3.72231E-3 4.35809E-3 4.17641E-3 4.24793E-3 4.54967E-3 4.32282E-3 4.36179E-3 4.00818E-3 3.42079E-3 3.49349E-3 2.44421E-3 3.6566E-3 4.6489E-3 5.28249E-3 5.55224E-3 5.33354E-3 5.2853E-3 5.16706E-3
-9999 -9999 -9999 -9999 -9999 -9999 -9999 -9999 -9999 -9999 -9999 8.11419E-2 4.66585E-2 4.13764E-2 3.26944E-2 3.83617E-2 5.17627E-2 3.27459E-2 2.15026E-2 1.65432E-2 1.55726E-2 1.2384E-2 9.81871E-3 1.63517E-2 1.62831E-2 1.25059E-2 1.30368E-2 1.82938E-2 1.69607E-2 1.66518E-2 1.5308E-2 1.24767E-2 1.01055E-2 7.88439E-3 4.62465E-3 6.65429E-3 5.64498E-3 5.54045E-3 6.73888E-3 5.29338E-3 5.04695E-3 5.05945E-3 5.11909E-3 4.02534E-3 3.9414E-3 3.6312E-3 2.81052E-3 2.84663E-3 2.77308E-3 2.89494E-3 3.34739E-3 3.61332E-3 3.34005E-3 3.80782E-3 4.56225E-3 4.4175E-3 3.94486E-3 3.62544E-3 3.91372E-3 3.72608E-3 3.5621E-3 4.92848E-3 4.95136E-3 5.38075E-3 5.0005E-3 4.90036E-3 4.93352E-3 5.10448E-3 5.0398E-3 4.94972E-3
-9999 -9999 -9999 -9999 -9999 -9999 -9999 -9999 -9999 -9999 -9999 9.31522E-2 5.49551E-2 4.01122E-2 3.56796E-2 4.50869E-2 5.59556E-2 2.48467E-2 2.20602E-2 2.06529E-2 1.95063E-2 1.65098E-2 1.34468E-2 1.13059E-2 1.43157E-2 1.46265E-2 1.77153E-2 1.8858E-2 1.32972E-2 1.53384E-2 1.40505E-2 6.88871E-3 8.33607E-3 8.18677E-3 8.03042E-3 4.64163E-3 7.0071E-3 7.61507E-3 7.70395E-3 6.62031E-3 4.03849E-3 3.87775E-3 3.98129E-3 3.88766E-3 3.71013E-3 3.78455E-3 2.38718E-3 2.07092E-3 2.84511E-3 2.91143E-3 2.85776E-3 3.64196E-3 3.41109E-3 2.80094E-3 2.62563E-3 2.80214E-3 2.47921E-3 2.93837E-3 3.33968E-3 3.98419E-3 4.1366E-3 4.7495E-3 4.68559E-3 4.86191E-3 4.53245E-3 4.4315E-3 4.41888E-3 4.64564E-3 4.60414E-3 4.56301E-3
-9999 -9999 -9999 -9999 -9999 -9999 -9999 -9999 -9999 -9999 2.87352E-1 1.31271E-1 7.64263E-2 4.06166E-2 4.91247E-2 7.54351E-2 4.79325E-2 3.5055E-2 2.16778E-2 1.63641E-2 1.86137E-2 1.62647E-2 1.43961E-2 1.91681E-2 2.37909E-2 1.15289E-2 6.59819E-3 1.07827E-2 9.47703E-3 1.18748E-2 1.47005E-2 9.76307E-3 7.34273E-3 7.16629E-3 3.65993E-3 3.564E-3 2.4432E-3 3.25188E-3 4.6572E-3 4.37121E-3 3.65351E-3 3.25006E-3 3.29455E-3 3.53666E-3 3.89669E-3 3.716E-3 2.72539E-3 2.78937E-3 2.31548E-3 1.70302E-3 2.53588E-3 2.55127E-3 2.4009E-3 2.65704E-3 3.90499E-3 3.89969E-3 4.07069E-3 4.12636E-3 4.18496E-3 4.44567E-3 4.32244E-3 4.42495E-3 4.28004E-3 4.28004E-3 4.30665E-3 4.08794E-3 4.1476E-3 4.16683E-3 3.97986E-3 4.07799E-3
