KUENM_DEFAULT/Final_Models/M_1_F_lqpth_Set_1_NE/sp1_2_se_asia.asc
ncols         320
nrows         243
xllcorner     44.0
yllcorner     -0.666666666666667
cellsize      0.166666666666667
NODATA_value  -9999
[rows 31 to 61 of 243, columns 70 to 139 of 320]
1.41328E-3 1.45364E-3 1.45986E-3 1.51392E-3 1.52025E-3 1.51602E-3 2.14851E-3 2.09102E-3 1.87531E-3 1.80095E-3 2.28395E-3 2.52708E-3 2.33127E-3 2.14549E-3 2.38835E-3 2.26944E-3 2.52415E-3 3.09437E-3 3.33483E-3 3.80447E-3 3.76603E-3 4.2755E-3 4.2357E-3 4.4626E-3 4.62903E-3 4.16074E-3 4.89772E-3 4.91038E-3 4.34435E-3 5.77409E-3 7.0223E-3 7.39008E-3 8.29652E-3 8.83211E-3 9.61686E-3 1.03417E-2 1.04134E-2 1.1017E-2 1.09297E-2 8.1123E-3 8.57326E-3 6.57633E-3 5.86771E-3 4.46102E-3 2.83119E-3 3.40442E-3 2.76011E-3 2.30541E-3 1.89846E-3 1.6642E-3 1.28771E-3 1.21394E-3 9.93815E-4 1.06813E-3 9.76802E-4 9.44887E-4 8.35462E-4 7.92744E-4 7.98909E-4 7.8832E-4 7.76063E-4 8.42531E-4 8.79199E-4 1.01433E-3 1.06692E-3 1.03545E-3 9.58828E-4 1.14433E-3 1.17868E-3 1.40494E-3
1.38833E-3 1.3964E-3 1.40604E-3 2.02743E-3 1.99087E-3 2.01709E-3 2.27438E-3 2.21381E-3 2.06502E-3 1.69693E-3 2.14385E-3 2.22714E-3 2.41832E-3 1.81379E-3 1.52393E-3 1.57732E-3 1.97027E-3 2.46314E-3 2.83299E-3 3.25782E-3 3.59972E-3 3.7064E-3 3.9596E-3 3.77211E-3 4.24556E-3 4.64339E-3 4.86928E-3 5.09832E-3 4.67536E-3 4.69083E-3 6.11157E-3 6.77239E-3 7.05485E-3 8.27544E-3 9.86941E-3 1.04967E-2 1.12E-2 1.23721E-2 1.28563E-2 1.27421E-2 1.3178E-2 1.02632E-2 5.04475E-3 3.48531E-3 4.19043E-3 7.24352E-3 5.17276E-3 2.74788E-3 1.93076E-3 1.87128E-3 1.76965E-3 1.43716E-3 1.19319E-3 1.07876E-3 9.32987E-4 8.96912E-4 8.3013E-4 7.55084E-4 7.44819E-4 7.84755E-4 7.94625E-4 8.47312E-4 9.69981E-4 1.00814E-3 1.00758E-3 1.12581E-3 1.16302E-3 1.10705E-3 1.21554E-3 1.04164E-3
1.29399E-3 2.07872E-3 2.12439E-3 2.09096E-3 1.96662E-3 1.5762E-3 1.80035E-3 1.84967E-3 1.76441E-3 1.96103E-3 2.34589E-3 2.12246E-3 2.20218E-3 1.99183E-3 1.6272E-3 1.39883E-3 1.35622E-3 1.95714E-3 2.34279E-3 2.6782E-3 2.95787E-3 3.44481E-3 3.93588E-3 3.6036E-3 3.64242E-3 4.61271E-3 4.84606E-3 5.04277E-3 5.48354E-3 5.59117E-3 5.59697E-3 5.64836E-3 6.60743E-3 7.41757E-3 7.73722E-3 8.29794E-3 8.51207E-3 1.10792E-2 1.29187E-2 1.43308E-2 1.24032E-2 1.17174E-2 9.16646E-3 8.22096E-3 6.65527E-3 3.09273E-3 2.16423E-3 2.1553E-3 1.99114E-3 1.85339E-3 1.41808E-3 1.08941E-3 9.81652E-4 8.77171E-4 7.82998E-4 7.63394E-4 7.16408E-4 7.11121E-4 6.96175E-4 5.29755E-4 7.6746E-4 8.26331E-4 8.21476E-4 9.55223E-4 1.00957E-3 1.14076E-3 1.30933E-3 1.2375E-3 1.19243E-3 8.84924E-4
1.89082E-3 1.86341E-3 1.9049E-3 1.83819E-3 1.66494E-3 1.15486E-3 1.70294E-3 1.55935E-3 1.48623E-3 1.87481E-3 2.10158E-3 2.11035E-3 1.93207E-3 1.84965E-3 1.84703E-3 1.70556E-3 1.24804E-3 1.19632E-3 1.69057E-3 1.88128E-3 2.16075E-3 2.78888E-3 3.22317E-3 3.57335E-3 3.42046E-3 4.35686E-3 4.53172E-3 5.04732E-3 5.34019E-3 5.43626E-3 6.10951E-3 6.6451E-3 6.57469E-3 6.90272E-3 6.51475E-3 5.58786E-3 7.02677E-3 8.82044E-3 8.63422E-3 8.07614E-3 6.34395E-3 4.71861E-3 3.2702E-3 2.71584E-3 2.96985E-3 2.39434E-3 2.02214E-3 2.11071E-3 1.6379E-3 1.42908E-3 1.26032E-3 1.12382E-3 9.57408E-4 9.3738E-4 8.46464E-4 7.46561E-4 8.04148E-4 7.31869E-4 7.49385E-4 7.7361E-4 7.98224E-4 8.34521E-4 8.3025E-4 9.13769E-4 9.40414E-4 1.09163E-3 1.2761E-3 1.18241E-3 1.12986E-3 8.78739E-4
1.22127E-3 2.08864E-3 2.06554E-3 1.71397E-3 1.36583E-3 1.38545E-3 1.63048E-3 1.50322E-3 1.21323E-3 1.56588E-3 1.89461E-3 2.05189E-3 1.81829E-3 1.73628E-3 1.61167E-3 1.63708E-3 1.70996E-3 1.39878E-3 1.38752E-3 1.89541E-3 2.14195E-3 2.03188E-3 2.60357E-3 2.96362E-3 3.2256E-3 3.6057E-3 3.84788E-3 4.3109E-3 4.63679E-3 5.16512E-3 4.9476E-3 5.35985E-3 5.38303E-3 4.99634E-3 5.06126E-3 5.64044E-3 6.10541E-3 6.41665E-3 5.26957E-3 4.31981E-3 3.89838E-3 3.02091E-3 2.6314E-3 2.26383E-3 1.82494E-3 1.94191E-3 2.02626E-3 1.75244E-3 1.28786E-3 1.24921E-3 1.08556E-3 9.90498E-4 9.52901E-4 9.23989E-4 9.23799E-4 8.53825E-4 8.06833E-4 7.78563E-4 7.92252E-4 8.01435E-4 9.29808E-4 8.94218E-4 9.12402E-4 9.98643E-4 1.07591E-3 1.12732E-3 1.22298E-3 1.18921E-3 9.80707E-4 1.03985E-3
1.71514E-3 1.81088E-3 1.6851E-3 1.69089E-3 1.59081E-3 2.00787E-3 2.16976E-3 1.98656E-3 1.16995E-3 1.1944E-3 1.8749E-3 1.82213E-3 1.88438E-3 1.7884E-3 1.64858E-3 1.75148E-3 1.86182E-3 1.77199E-3 1.49571E-3 1.39074E-3 1.77668E-3 2.01496E-3 2.27852E-3 2.58079E-3 2.36318E-3 2.55362E-3 3.32882E-3 3.62999E-3 4.14634E-3 4.55221E-3 4.85222E-3 5.03653E-3 4.67288E-3 4.55082E-3 4.93187E-3 5.14043E-3 4.99769E-3 4.71299E-3 4.35096E-3 4.26131E-3 3.36786E-3 2.76535E-3 2.3385E-3 1.75591E-3 1.76568E-3 1.46177E-3 1.67622E-3 1.47593E-3 1.35035E-3 1.15044E-3 1.30219E-3 1.27319E-3 1.1762E-3 9.37673E-4 8.94058E-4 8.94983E-4 8.32537E-4 8.67092E-4 9.3767E-4 1.02689E-3 1.08657E-3 9.07525E-4 1.07292E-3 1.27864E-3 1.12419E-3 1.14606E-3 1.19912E-3 1.10364E-3 1.30813E-3 1.31024E-3
1.71624E-3 1.61841E-3 1.51489E-3 1.26015E-3 1.14815E-3 1.91223E-3 2.1761E-3 2.14991E-3 1.57975E-3 9.10277E-4 1.37503E-3 1.55757E-3 1.66196E-3 1.51082E-3 1.68384E-3 1.61753E-3 1.70594E-3 1.66493E-3 1.87129E-3 1.67411E-3 1.56021E-3 1.70885E-3 1.96751E-3 1.81198E-3 2.30803E-3 2.48855E-3 2.99775E-3 3.3929E-3 3.99432E-3 4.33688E-3 4.35593E-3 4.53991E-3 4.35334E-3 4.5424E-3 4.41051E-3 4.75546E-3 4.55342E-3 4.13999E-3 3.93715E-3 4.12485E-3 3.20984E-3 2.4433E-3 2.31176E-3 2.22082E-3 1.45097E-3 1.39047E-3 1.53796E-3 1.81697E-3 1.85739E-3 1.63149E-3 1.42574E-3 1.28932E-3 1.16965E-3 1.11909E-3 1.00292E-3 9.04413E-4 1.02709E-3 1.04114E-3 1.52252E-3 1.83079E-3 1.50736E-3 1.07768E-3 1.45046E-3 1.85113E-3 1.6447E-3 1.49047E-3 1.18729E-3 1.426E-3 1.51307E-3 1.16696E-3
1.80309E-3 1.39857E-3 1.31806E-3 1.15581E-3 1.26737E-3 1.70662E-3 2.06026E-3 2.14571E-3 1.88471E-3 1.14688E-3 1.17653E-3 1.49925E-3 1.59674E-3 1.40292E-3 1.59099E-3 1.69037E-3 1.66304E-3 1.76339E-3 1.76612E-3 1.81923E-3 1.55702E-3 1.56809E-3 1.44281E-3 1.36527E-3 1.62081E-3 1.5346E-3 1.85802E-3 2.81593E-3 3.42125E-3 4.12574E-3 3.87435E-3 3.94769E-3 3.66842E-3 4.13364E-3 3.75532E-3 3.86102E-3 3.67238E-3 3.3944E-3 3.81068E-3 3.87814E-3 4.09576E-3 3.55078E-3 2.78735E-3 2.10801E-3 2.10943E-3 2.44437E-3 2.42747E-3 1.94376E-3 1.41905E-3 1.66807E-3 1.57811E-3 1.33371E-3 1.01687E-3 1.04434E-3 1.10877E-3 1.11837E-3 1.31689E-3 1.25382E-3 1.64978E-3 1.73583E-3 2.43741E-3 1.25214E-3 1.86155E-3 2.6784E-3 1.72562E-3 1.43904E-3 1.23474E-3 1.2991E-3 1.19961E-3 1.63859E-3
1.74206E-3 1.64937E-3 1.12088E-3 1.25058E-3 1.33401E-3 1.57824E-3 1.82064E-3 1.98916E-3 2.02991E-3 1.55584E-3 1.19667E-3 1.35832E-3 1.54868E-3 1.66407E-3 1.71228E-3 1.60944E-3 1.71629E-3 1.57011E-3 1.75414E-3 1.6225E-3 1.72316E-3 1.52971E-3 1.25541E-3 1.16974E-3 1.25459E-3 1.34434E-3 1.42222E-3 1.77638E-3 2.78706E-3 3.32179E-3 3.18253E-3 3.19721E-3 3.36634E-3 3.56935E-3 3.19546E-3 3.43474E-3 3.22152E-3 3.31534E-3 3.42306E-3 3.61796E-3 3.28354E-3 2.91554E-3 2.51713E-3 2.69707E-3 2.33032E-3 2.74079E-3 2.3091E-3 2.05813E-3 2.47594E-3 2.04874E-3 1.7951E-3 1.49171E-3 1.14807E-3 1.0696E-3 1.14496E-3 1.33626E-3 1.728E-3 1.63272E-3 2.27125E-3 3.34086E-3 2.83355E-3 2.10254E-3 3.18654E-3 2.3612E-3 1.59436E-3 1.2803E-3 1.3485E-3 1.32287E-3 1.39406E-3 1.75045E-3
1.50884E-3 1.64078E-3 1.2863E-3 1.19452E-3 1.2076E-3 1.33036E-3 1.57625E-3 1.85202E-3 2.06274E-3 2.19685E-3 1.23839E-3 1.29539E-3 1.76673E-3 1.93551E-3 1.74017E-3 1.44399E-3 1.57517E-3 1.39675E-3 1.27939E-3 1.36571E-3 1.51762E-3 1.33702E-3 1.12169E-3 1.17994E-3 1.41416E-3 1.45612E-3 1.59616E-3 1.50716E-3 2.31058E-3 2.85426E-3 2.8464E-3 2.88126E-3 3.27884E-3 3.07959E-3 2.80254E-3 2.92403E-3 2.56002E-3 2.61094E-3 2.83028E-3 2.58433E-3 2.61184E-3 2.87138E-3 2.691E-3 2.25219E-3 2.03092E-3 2.09251E-3 2.7276E-3 2.24963E-3 1.67868E-3 1.54647E-3 1.25535E-3 1.09581E-3 1.12697E-3 1.3207E-3 1.69792E-3 2.60846E-3 2.82966E-3 1.61375E-3 3.19393E-3 4.98299E-3 3.27771E-3 3.55931E-3 3.04334E-3 2.18001E-3 1.57222E-3 1.55411E-3 1.71373E-3 1.73517E-3 1.7928E-3 1.81185E-3
1.27268E-3 1.66906E-3 1.54657E-3 1.17565E-3 1.10232E-3 1.23044E-3 1.58631E-3 1.73311E-3 1.84903E-3 2.03911E-3 1.97605E-3 1.66551E-3 1.88858E-3 1.98499E-3 2.09255E-3 1.82734E-3 1.84764E-3 1.68451E-3 1.36276E-3 1.54862E-3 1.49716E-3 1.47748E-3 1.41555E-3 1.13568E-3 1.10866E-3 1.46806E-3 1.74194E-3 1.79559E-3 2.19004E-3 2.54939E-3 2.79353E-3 2.81308E-3 2.86674E-3 2.45726E-3 2.51032E-3 2.59366E-3 2.58697E-3 2.72103E-3 2.43018E-3 2.54555E-3 2.74977E-3 2.84556E-3 2.99456E-3 2.78936E-3 2.6129E-3 2.55223E-3 2.42749E-3 1.63085E-3 1.44881E-3 1.25936E-3 1.15648E-3 1.45263E-3 1.41396E-3 1.82661E-3 3.05316E-3 3.10061E-3 2.27365E-3 2.30888E-3 5.3118E-3 6.43891E-3 4.40701E-3 3.0289E-3 4.2792E-3 3.21307E-3 2.6129E-3 2.5893E-3 1.8747E-3 1.76043E-3 1.52345E-3 1.8009E-3
1.23567E-3 1.39387E-3 1.40595E-3 1.22355E-3 1.25889E-3 1.31109E-3 1.5056E-3 1.74527E-3 1.82529E-3 1.81812E-3 2.05129E-3 2.19847E-3 1.90799E-3 1.89955E-3 1.9447E-3 2.05425E-3 1.83974E-3 1.86256E-3 1.60142E-3 1.52788E-3 1.24621E-3 1.13954E-3 1.21371E-3 1.23767E-3 1.13784E-3 1.06512E-3 1.55401E-3 1.75467E-3 1.86731E-3 2.38232E-3 2.73717E-3 2.83687E-3 2.8205E-3 2.3219E-3 2.30269E-3 2.36302E-3 2.68533E-3 2.43397E-3 2.3857E-3 2.69019E-3 2.87295E-3 3.1477E-3 2.91631E-3 2.54022E-3 2.74784E-3 2.51233E-3 2.32105E-3 1.8737E-3 1.8365E-3 1.39651E-3 1.53755E-3 1.6961E-3 1.88488E-3 2.87517E-3 4.01848E-3 3.49498E-3 2.78138E-3 3.18096E-3 5.95903E-3 6.28756E-3 5.00236E-3 7.08589E-3 6.45625E-3 4.80203E-3 3.00674E-3 1.91782E-3 2.25002E-3 2.27721E-3 2.05816E-3 2.38586E-3
1.18112E-3 1.44816E-3 1.49362E-3 1.2038E-3 1.30976E-3 1.37767E-3 1.46931E-3 1.70154E-3 1.60873E-3 1.38658E-3 1.52803E-3 2.18718E-3 2.20591E-3 1.82135E-3 1.87968E-3 1.95698E-3 1.7057E-3 1.78033E-3 1.80499E-3 1.60929E-3 1.38972E-3 1.39112E-3 1.09921E-3 1.10837E-3 1.16175E-3 1.15632E-3 1.39798E-3 1.56556E-3 1.55895E-3 2.22772E-3 2.39764E-3 2.93031E-3 2.23926E-3 2.22267E-3 2.2745E-3 2.69547E-3 2.54357E-3 2.59224E-3 2.63378E-3 2.77239E-3 2.71322E-3 2.47181E-3 2.64861E-3 2.36982E-3 2.15289E-3 1.98156E-3 1.87902E-3 1.97343E-3 1.77945E-3 1.80045E-3 1.7881E-3 1.76239E-3 2.60891E-3 3.13236E-3 4.3345E-3 3.88409E-3 4.02424E-3 4.78412E-3 8.03507E-3 7.28499E-3 9.19973E-3 9.74348E-3 6.99377E-3 3.56521E-3 2.55695E-3 3.07008E-3 3.7534E-3 4.00256E-3 4.0567E-3 2.80553E-3
1.17272E-3 1.3854E-3 1.56154E-3 1.38061E-3 1.41806E-3 1.43848E-3 1.46778E-3 1.72616E-3 1.74434E-3 1.34171E-3 1.12579E-3 2.08301E-3 2.24367E-3 1.89557E-3 2.00089E-3 1.88888E-3 1.65469E-3 1.62976E-3 1.43483E-3 1.40462E-3 1.21363E-3 1.30483E-3 1.37152E-3 1.17033E-3 1.1461E-3 1.20367E-3 1.41752E-3 1.35408E-3 1.40558E-3 1.37513E-3 1.9639E-3 2.44776E-3 2.30808E-3 2.23864E-3 2.20559E-3 2.20181E-3 2.61739E-3 2.02697E-3 2.47353E-3 2.22439E-3 2.69106E-3 1.69335E-3 1.84545E-3 2.23974E-3 2.11342E-3 2.26396E-3 2.14357E-3 2.17412E-3 2.22432E-3 2.07778E-3 1.80666E-3 2.14193E-3 3.01917E-3 3.79782E-3 4.54569E-3 4.98082E-3 6.08787E-3 6.93551E-3 5.50085E-3 6.87326E-3 7.82762E-3 6.72358E-3 4.98414E-3 3.75441E-3 3.85352E-3 6.45304E-3 7.64618E-3 7.18027E-3 4.38069E-3 4.6244E-3
9.18383E-4 1.39406E-3 1.48234E-3 1.33983E-3 1.40986E-3 1.44639E-3 1.54942E-3 1.64691E-3 1.83196E-3 1.7943E-3 1.55569E-3 2.17884E-3 2.26864E-3 2.23681E-3 2.38109E-3 1.96945E-3 1.95307E-3 1.95393E-3 1.65526E-3 1.6284E-3 1.42853E-3 1.17281E-3 1.04935E-3 1.07487E-3 1.26516E-3 1.21047E-3 1.06785E-3 1.36678E-3 1.68881E-3 1.4143E-3 1.59214E-3 2.31934E-3 2.37732E-3 2.51454E-3 2.31474E-3 2.3417E-3 2.12892E-3 2.17366E-3 2.1246E-3 2.22522E-3 2.17749E-3 2.33866E-3 2.65918E-3 2.77105E-3 2.51048E-3 2.73688E-3 2.41157E-3 2.79092E-3 2.43136E-3 2.37982E-3 2.38278E-3 2.80944E-3 3.10528E-3 3.78437E-3 4.63979E-3 5.2599E-3 5.7715E-3 6.02236E-3 4.94299E-3 5.18435E-3 5.67589E-3 6.63793E-3 7.03868E-3 9.2217E-3 9.48947E-3 1.14918E-2 1.11029E-2 1.03889E-2 9.37452E-3 6.22647E-3
9.36701E-4 1.02346E-3 9.40652E-4 1.31537E-3 1.51958E-3 1.60557E-3 1.70261E-3 1.74145E-3 1.93993E-3 1.97492E-3 1.971E-3 2.25543E-3 2.23514E-3 2.37158E-3 2.36397E-3 2.29416E-3 1.9752E-3 1.8578E-3 1.82036E-3 1.50986E-3 1.50147E-3 1.27384E-3 1.12691E-3 1.01447E-3 1.18136E-3 1.32607E-3 1.11811E-3 1.14363E-3 1.44902E-3 1.49726E-3 1.68672E-3 2.19226E-3 2.10403E-3 2.12437E-3 2.05952E-3 2.4863E-3 2.45541E-3 2.55312E-3 2.53169E-3 2.58031E-3 2.26611E-3 2.50862E-3 2.81713E-3 2.43003E-3 2.66051E-3 2.34187E-3 2.50413E-3 2.26191E-3 2.58876E-3 2.35935E-3 2.72581E-3 3.07059E-3 3.28204E-3 3.96934E-3 4.2649E-3 5.29256E-3 5.74222E-3 5.72019E-3 5.5301E-3 7.05651E-3 8.30001E-3 9.7728E-3 1.031E-2 1.17717E-2 1.08789E-2 1.19676E-2 1.42021E-2 1.52015E-2 9.47853E-3 5.46924E-3
8.46305E-4 9.63323E-4 9.90161E-4 1.04883E-3 1.54312E-3 1.68235E-3 1.88142E-3 2.00091E-3 2.18993E-3 2.15539E-3 2.15148E-3 2.34711E-3 2.2928E-3 2.39489E-3 2.45984E-3 2.38757E-3 2.27869E-3 1.90703E-3 1.8721E-3 1.46223E-3 1.4268E-3 1.26848E-3 1.23145E-3 1.05682E-3 1.04409E-3 1.16291E-3 1.1884E-3 1.06798E-3 1.34031E-3 1.29455E-3 1.53728E-3 1.79788E-3 2.30882E-3 2.31382E-3 2.23342E-3 2.20917E-3 2.15093E-3 2.18914E-3 2.33148E-3 2.29442E-3 2.77847E-3 2.18786E-3 2.40658E-3 2.73842E-3 2.38414E-3 2.55314E-3 2.82283E-3 2.40721E-3 2.60449E-3 2.38026E-3 2.64795E-3 3.01094E-3 3.16833E-3 3.80536E-3 4.35126E-3 5.08301E-3 5.34797E-3 4.80619E-3 5.93363E-3 7.83304E-3 9.44004E-3 1.06686E-2 1.19037E-2 1.22034E-2 1.25343E-2 1.52096E-2 1.53887E-2 1.39248E-2 7.74876E-3 5.89353E-3
7.57559E-4 6.29071E-4 9.4363E-4 9.61659E-4 1.32729E-3 1.8335E-3 2.02189E-3 2.13331E-3 2.36663E-3 2.48052E-3 2.51408E-3 2.33282E-3 2.39565E-3 2.34303E-3 2.33889E-3 2.33531E-3 2.42571E-3 2.07436E-3 1.76661E-3 1.48439E-3 1.33847E-3 1.36257E-3 1.4039E-3 1.16372E-3 1.00488E-3 9.82627E-4 1.12414E-3 1.05919E-3 1.22021E-3 1.3993E-3 1.34237E-3 1.57967E-3 2.12644E-3 2.05468E-3 1.86345E-3 1.90209E-3 1.93966E-3 1.96157E-3 2.01593E-3 2.15864E-3 2.25743E-3 2.59789E-3 2.23373E-3 2.46996E-3 2.56421E-3 2.93198E-3 2.41464E-3 2.60409E-3 2.77347E-3 2.5134E-3 2.7522E-3 2.94319E-3 3.56097E-3 3.8278E-3 4.30011E-3 5.25994E-3 5.67771E-3 6.49038E-3 7.50344E-3 9.09617E-3 1.06379E-2 1.10309E-2 1.21862E-2 1.3791E-2 1.38798E-2 1.42533E-2 1.55645E-2 1.12816E-2 6.33141E-3 6.64463E-3
8.76309E-4 7.97056E-4 8.66388E-4 8.15473E-4 1.20766E-3 1.60071E-3 1.71238E-3 1.41681E-3 1.6943E-3 2.46438E-3 2.68364E-3 2.36497E-3 2.41443E-3 2.40252E-3 2.41582E-3 2.40865E-3 2.30266E-3 2.18926E-3 2.05334E-3 1.66184E-3 1.61515E-3 1.28299E-3 1.13213E-3 1.51065E-3 1.48247E-3 1.29036E-3 1.22107E-3 1.33783E-3 1.4116E-3 1.68651E-3 1.5777E-3 1.53604E-3 1.86056E-3 1.81234E-3 1.76925E-3 2.35133E-3 2.43141E-3 2.47246E-3 1.92276E-3 2.1125E-3 2.31264E-3 2.31528E-3 2.48958E-3 2.85391E-3 2.24537E-3 2.42637E-3 2.58302E-3 2.3322E-3 2.42588E-3 2.80262E-3 2.93534E-3 3.10886E-3 3.07528E-3 3.52494E-3 4.26528E-3 5.80569E-3 6.5049E-3 7.06986E-3 9.50762E-3 9.61459E-3 1.11806E-2 1.13853E-2 1.30134E-2 1.28718E-2 1.43659E-2 1.49721E-2 1.44524E-2 1.1295E-2 9.55178E-3 8.23936E-3
1.25141E-3 9.1303E-4 1.13627E-3 9.00553E-4 9.71961E-4 1.44774E-3 1.82388E-3 1.99641E-3 1.95016E-3 3.24133E-3 3.38352E-3 2.63471E-3 2.5574E-3 2.47708E-3 2.41772E-3 2.41478E-3 2.34393E-3 2.14103E-3 2.01182E-3 1.60443E-3 1.65037E-3 1.60457E-3 1.51668E-3 1.49702E-3 1.47406E-3 1.38418E-3 1.17528E-3 1.34309E-3 1.52749E-3 1.49687E-3 1.5336E-3 1.66784E-3 1.75988E-3 2.17025E-3 2.15618E-3 2.04331E-3 2.28902E-3 2.21723E-3 2.38914E-3 2.58279E-3 2.81363E-3 2.20192E-3 2.4227E-3 2.48844E-3 2.13791E-3 2.27012E-3 2.41961E-3 2.63178E-3 2.79673E-3 2.47771E-3 2.75229E-3 3.08417E-3 3.07528E-3 3.47972E-3 4.08632E-3 4.78487E-3 6.66229E-3 7.80469E-3 9.13603E-3 9.8197E-3 1.08784E-2 1.17046E-2 1.33932E-2 1.40408E-2 1.43717E-2 1.49147E-2 1.28702E-2 1.02668E-2 9.71625E-3 7.98684E-3
1.42811E-3 1.31955E-3 1.20495E-3 1.01505E-3 7.67946E-4 1.04017E-3 1.64353E-3 2.02839E-3 2.18695E-3 2.70217E-3 3.53995E-3 2.7789E-3 3.12734E-3 2.57442E-3 3.0713E-3 2.97453E-3 2.86531E-3 2.1385E-3 2.04739E-3 2.00592E-3 1.84983E-3 1.90368E-3 1.82523E-3 1.40457E-3 1.46022E-3 1.353E-3 1.00483E-3 1.62871E-3 1.5436E-3 1.4131E-3 1.41344E-3 1.72055E-3 1.644E-3 2.05383E-3 1.85704E-3 1.92059E-3 1.99864E-3 2.27162E-3 2.44798E-3 2.51955E-3 2.71813E-3 2.763E-3 2.30054E-3 2.35945E-3 2.59322E-3 2.64204E-3 2.35421E-3 2.37409E-3 2.72731E-3 2.89067E-3 3.32415E-3 3.22735E-3 3.17183E-3 3.52208E-3 4.20283E-3 4.67187E-3 5.72922E-3 6.88103E-3 8.95436E-3 9.71809E-3 1.03307E-2 1.28341E-2 1.31057E-2 1.47746E-2 1.59581E-2 1.53964E-2 1.01674E-2 9.27768E-3 8.50509E-3 7.61315E-3
1.21172E-3 1.58097E-3 1.58592E-3 1.23419E-3 1.13003E-3 1.00955E-3 1.44961E-3 1.69535E-3 1.50224E-3 2.34145E-3 2.89248E-3 3.38556E-3 3.47705E-3 3.29953E-3 3.08519E-3 3.0578E-3 2.99483E-3 2.61407E-3 2.08423E-3 1.89968E-3 1.78128E-3 1.77938E-3 1.85539E-3 1.72612E-3 1.64057E-3 1.29535E-3 1.23191E-3 1.62562E-3 1.51761E-3 1.74675E-3 1.71252E-3 1.59814E-3 2.05647E-3 2.03113E-3 1.88179E-3 1.86301E-3 1.98183E-3 2.23903E-3 2.37584E-3 2.61232E-3 2.62132E-3 2.76733E-3 2.95489E-3 2.21093E-3 2.35616E-3 2.56838E-3 2.29654E-3 2.35044E-3 2.63591E-3 3.12341E-3 3.42024E-3 3.1477E-3 3.19432E-3 3.78253E-3 3.99315E-3 4.81388E-3 6.43275E-3 7.46328E-3 8.4218E-3 9.73477E-3 1.08778E-2 1.33653E-2 1.49031E-2 1.62391E-2 1.83917E-2 1.48367E-2 7.98908E-3 7.16524E-3 6.3628E-3 7.68692E-3
1.7222E-3 1.32422E-3 1.61183E-3 1.66131E-3 1.46467E-3 1.20511E-3 1.27152E-3 1.46858E-3 1.46507E-3 2.11179E-3 2.33022E-3 2.99611E-3 5.26311E-3 5.1418E-3 4.88218E-3 4.87345E-3 4.57885E-3 2.79427E-3 2.39954E-3 1.91347E-3 1.86887E-3 1.7445E-3 1.71781E-3 1.7392E-3 1.6003E-3 1.5452E-3 1.27432E-3 1.28592E-3 1.42011E-3 1.42796E-3 1.75895E-3 1.62288E-3 2.08674E-3 2.04841E-3 1.93426E-3 1.89529E-3 2.15523E-3 2.48243E-3 2.50821E-3 2.44968E-3 2.72478E-3 1.9299E-3 2.02143E-3 2.22455E-3 2.22229E-3 2.48043E-3 2.74227E-3 2.50357E-3 2.56513E-3 2.99177E-3 3.35858E-3 3.31846E-3 3.42497E-3 3.66574E-3 4.20352E-3 5.41155E-3 5.92142E-3 7.02329E-3 8.15874E-3 9.65797E-3 1.06767E-2 1.29338E-2 1.49667E-2 1.61437E-2 1.86789E-2 1.01152E-2 7.6393E-3 5.92782E-3 5.8496E-3 7.52112E-3
1.70481E-3 1.84695E-3 1.62028E-3 1.63328E-3 1.80686E-3 1.92845E-3 1.47531E-3 1.27893E-3 1.45114E-3 1.61308E-3 1.96549E-3 3.10271E-3 5.13011E-3 5.23642E-3 4.85835E-3 4.74459E-3 5.57321E-3 5.21115E-3 2.60542E-3 2.40666E-3 2.16134E-3 2.29868E-3 1.70582E-3 1.63803E-3 1.62199E-3 1.58596E-3 1.29625E-3 1.21371E-3 1.18836E-3 1.19012E-3 1.79842E-3 1.71001E-3 2.22325E-3 2.05353E-3 2.04232E-3 1.98772E-3 1.99509E-3 2.20692E-3 2.52134E-3 2.43461E-3 2.46488E-3 1.91996E-3 1.88298E-3 2.0842E-3 2.21534E-3 2.3731E-3 2.70907E-3 2.97326E-3 2.5574E-3 2.93613E-3 3.37117E-3 3.28635E-3 3.29327E-3 3.69638E-3 4.46556E-3 5.15464E-3 6.0431E-3 6.80343E-3 8.93301E-3 1.00375E-2 1.14385E-2 1.25285E-2 1.46682E-2 1.56101E-2 1.25852E-2 1.00706E-2 1.21707E-2 1.17477E-2 1.10623E-2 1.12573E-2
2.18172E-3 2.11741E-3 1.89676E-3 1.34488E-3 1.45181E-3 1.76031E-3 1.98765E-3 1.7704E-3 1.41036E-3 1.29952E-3 1.51038E-3 2.61127E-3 5.03678E-3 5.1342E-3 4.74223E-3 4.37195E-3 5.31149E-3 5.15109E-3 4.87473E-3 2.31844E-3 2.3864E-3 2.20377E-3 1.99603E-3 1.63341E-3 1.59157E-3 1.53935E-3 1.32337E-3 1.09937E-3 1.26872E-3 1.16187E-3 1.46254E-3 2.18216E-3 2.29587E-3 2.08866E-3 2.19713E-3 1.97009E-3 2.0284E-3 2.28965E-3 2.25198E-3 2.45199E-3 2.40252E-3 2.46692E-3 2.68006E-3 2.65152E-3 2.35097E-3 2.39966E-3 2.64924E-3 2.82775E-3 3.27198E-3 2.92305E-3 3.34145E-3 3.14111E-3 3.26899E-3 4.31932E-3 4.50152E-3 4.87718E-3 6.41973E-3 7.62778E-3 8.47614E-3 9.50322E-3 1.15871E-2 1.28891E-2 1.50155E-2 1.50951E-2 8.26927E-3 1.2986E-2 1.30164E-2 1.23565E-2 1.03318E-2 9.71826E-3
2.11086E-3 2.12317E-3 2.26821E-3 2.08242E-3 1.84051E-3 1.66083E-3 1.79753E-3 2.105E-3 1.84621E-3 1.6208E-3 1.66373E-3 2.61412E-3 5.16293E-3 5.21731E-3 5.5103E-3 5.27982E-3 5.31399E-3 4.97778E-3 5.06473E-3 4.45684E-3 2.4695E-3 2.2308E-3 2.19734E-3 1.70505E-3 1.6261E-3 1.36624E-3 1.18841E-3 1.09102E-3 1.26417E-3 1.21018E-3 1.54022E-3 2.34329E-3 2.4735E-3 2.3322E-3 2.27847E-3 2.34512E-3 2.3344E-3 2.21668E-3 2.36514E-3 2.40878E-3 2.43453E-3 2.62516E-3 2.74145E-3 2.7973E-3 2.88574E-3 3.15849E-3 2.5778E-3 2.7587E-3 3.31814E-3 3.80658E-3 3.25604E-3 3.21583E-3 3.46758E-3 3.95728E-3 5.09983E-3 5.75208E-3 5.99471E-3 7.12433E-3 9.25965E-3 9.84741E-3 1.09039E-2 1.26235E-2 1.33936E-2 1.21171E-2 1.05393E-2 1.14825E-2 1.10843E-2 9.85145E-3 8.1308E-3 7.00233E-3
1.96384E-3 1.99865E-3 2.23233E-3 2.08097E-3 2.06833E-3 2.21608E-3 2.01895E-3 2.14614E-3 2.34273E-3 1.81616E-3 1.71592E-3 1.87547E-3 2.70343E-3 4.65871E-3 6.52038E-3 6.26024E-3 5.06785E-3 4.8582E-3 4.4798E-3 4.36913E-3 2.35536E-3 2.38587E-3 2.22676E-3 1.7253E-3 1.77613E-3 1.20631E-3 1.13152E-3 1.14546E-3 1.42517E-3 1.24629E-3 1.93641E-3 2.44924E-3 2.63025E-3 2.47014E-3 2.36429E-3 2.38919E-3 2.33483E-3 2.25271E-3 2.26802E-3 2.46473E-3 2.40383E-3 2.54879E-3 2.61374E-3 2.70487E-3 2.74963E-3 3.1511E-3 2.50008E-3 2.81087E-3 3.07386E-3 2.80125E-3 3.18915E-3 3.02424E-3 3.89342E-3 3.96724E-3 4.84016E-3 5.21675E-3 6.5574E-3 7.45615E-3 8.08302E-3 9.92386E-3 1.08202E-2 1.27208E-2 1.28023E-2 1.16419E-2 1.01993E-2 9.59449E-3 7.69811E-3 8.00008E-3 7.02884E-3 2.9076E-3
1.78948E-3 1.75287E-3 1.96839E-3 1.9481E-3 2.12437E-3 1.98703E-3 2.157E-3 2.13528E-3 2.0563E-3 1.8905E-3 1.86917E-3 1.80595E-3 1.97955E-3 2.82766E-3 6.07726E-3 5.97522E-3 5.66127E-3 5.1155E-3 5.20031E-3 4.98517E-3 4.90364E-3 2.30689E-3 2.30601E-3 2.29808E-3 1.83699E-3 1.47115E-3 1.06588E-3 1.2235E-3 1.42209E-3 1.14994E-3 1.70771E-3 2.05927E-3 2.75232E-3 2.68645E-3 2.79006E-3 2.70689E-3 2.61048E-3 2.37646E-3 2.40907E-3 2.42472E-3 2.49314E-3 2.55953E-3 2.71923E-3 2.72254E-3 2.92582E-3 2.99301E-3 2.23553E-3 2.56237E-3 2.27739E-3 2.70602E-3 3.21166E-3 3.04039E-3 3.79793E-3 4.49064E-3 4.68711E-3 5.90869E-3 6.01361E-3 8.2375E-3 8.71941E-3 9.61188E-3 1.13297E-2 1.26621E-2 1.26153E-2 9.34936E-3 8.58905E-3 7.45624E-3 7.80949E-3 5.80955E-3 4.72851E-3 3.74753E-3
2.52266E-3 2.37656E-3 2.29402E-3 2.44321E-3 1.96429E-3 2.1582E-3 2.03838E-3 2.145E-3 2.2392E-3 2.06598E-3 2.0973E-3 1.84746E-3 2.08399E-3 2.35676E-3 4.69482E-3 5.87085E-3 5.11829E-3 5.1305E-3 4.87423E-3 5.19113E-3 4.7531E-3 4.19911E-3 2.76108E-3 2.23269E-3 2.23821E-3 1.58958E-3 1.30525E-3 1.30845E-3 1.55486E-3 1.28435E-3 1.28778E-3 1.99564E-3 2.4714E-3 3.02286E-3 2.84368E-3 2.82722E-3 2.79591E-3 2.66936E-3 2.7447E-3 2.70023E-3 3.8346E-3 2.73758E-3 2.61048E-3 2.44753E-3 2.61615E-3 2.1404E-3 2.30535E-3 2.06771E-3 2.18935E-3 2.55841E-3 2.4035E-3 2.76436E-3 3.45307E-3 4.49064E-3 4.34354E-3 5.53396E-3 5.90779E-3 7.26876E-3 8.17301E-3 9.49723E-3 1.11954E-2 1.06071E-2 1.01306E-2 7.45313E-3 9.48263E-3 8.71648E-3 6.59263E-3 5.66279E-3 5.37043E-3 5.98519E-3
2.54607E-3 2.7826E-3 2.63871E-3 2.55624E-3 2.43689E-3 2.67688E-3 2.68707E-3 2.5734E-3 2.45966E-3 2.21871E-3 2.07264E-3 2.11954E-3 2.10339E-3 1.83875E-3 3.06142E-3 5.40463E-3 5.05709E-3 5.20868E-3 5.18038E-3 5.08842E-3 4.99986E-3 4.40971E-3 4.44237E-3 2.27367E-3 1.93023E-3 1.35096E-3 1.35494E-3 1.24161E-3 1.44151E-3 1.44607E-3 1.24811E-3 1.74037E-3 2.10871E-3 2.50198E-3 3.27043E-3 3.00646E-3 3.04735E-3 2.71694E-3 4.21232E-3 4.23343E-3 2.68552E-3 2.58043E-3 2.36805E-3 2.49393E-3 1.95949E-3 2.06002E-3 1.7891E-3 1.96883E-3 1.78536E-3 2.0997E-3 2.37284E-3 2.88708E-3 2.94263E-3 3.33222E-3 4.16978E-3 5.00002E-3 6.38193E-3 6.49997E-3 8.15582E-3 1.00735E-2 1.03461E-2 1.10508E-2 9.65245E-3 7.2896E-3 8.25662E-3 5.39738E-3 5.43068E-3 4.45093E-3 3.13615E-3 5.922E-3
2.81327E-3 3.48152E-3 2.94623E-3 2.7417E-3 2.96761E-3 2.81725E-3 2.77457E-3 2.70738E-3 2.45986E-3 2.60535E-3 2.35087E-3 2.37456E-3 2.1894E-3 1.72741E-3 2.11322E-3 2.58223E-3 5.30818E-3 5.00604E-3 4.91458E-3 4.96059E-3 4.86581E-3 5.04848E-3 4.38909E-3 4.62422E-3 2.51811E-3 1.47343E-3 1.1114E-3 1.2858E-3 1.32522E-3 1.26184E-3 1.31193E-3 1.64828E-3 1.5077E-3 1.7545E-3 2.54935E-3 3.31287E-3 3.25791E-3 3.08045E-3 2.90414E-3 2.52534E-3 2.53523E-3 2.3424E-3 2.40911E-3 2.34965E-3 1.84458E-3 1.60158E-3 1.52297E-3 1.57816E-3 1.72143E-3 1.7483E-3 1.9978E-3 2.27502E-3 2.42258E-3 2.82508E-3 3.88388E-3 5.31134E-3 5.54272E-3 6.95691E-3 7.60989E-3 8.70776E-3 1.03804E-2 9.78402E-3 1.07416E-2 7.01925E-3 6.57339E-3 4.5802E-3 3.87479E-3 3.16111E-3 2.8039E-3 5.67029E-3
