KUENM_DEFAULT/Final_Models/M_1_F_lqpth_Set_1_NE/sp1_8_se_asia.asc
ncols         320
nrows         243
xllcorner     44.0
yllcorner     -0.666666666666667
cellsize      0.166666666666667
NODATA_value  -9999
[rows 31 to 61 of 243, columns 70 to 139 of 320]
2.44813E-3 2.5729E-3 2.64235E-3 2.82009E-3 2.84241E-3 2.90679E-3 3.12773E-3 3.06591E-3 3.11912E-3 3.09863E-3 3.97003E-3 4.41124E-3 4.00673E-3 3.63947E-3 4.64675E-3 4.39538E-3 5.10638E-3 6.34552E-3 7.09416E-3 8.16443E-3 8.36094E-3 9.65022E-3 9.84367E-3 1.04577E-2 1.09347E-2 1.07834E-2 1.2123E-2 1.26614E-2 1.22843E-2 1.52271E-2 1.78855E-2 1.92891E-2 2.14768E-2 2.34E-2 2.61934E-2 2.92975E-2 4.55825E-2 4.13639E-2 3.6871E-2 2.3814E-2 2.41986E-2 1.67721E-2 1.48454E-2 8.89532E-3 6.1832E-3 6.31839E-3 6.07793E-3 4.83813E-3 3.95353E-3 3.76904E-3 2.43128E-3 2.65979E-3 1.76097E-3 2.81182E-3 3.01732E-3 3.31824E-3 2.89494E-3 1.6833E-3 1.81148E-3 2.51609E-3 2.5939E-3 2.68133E-3 2.17004E-3 2.18435E-3 1.84699E-3 1.77359E-3 1.62881E-3 2.02379E-3 3.09616E-3 3.1874E-3
2.53889E-3 2.55857E-3 2.60079E-3 2.82786E-3 2.78396E-3 2.95774E-3 3.69618E-3 3.62318E-3 3.39424E-3 2.82245E-3 3.5922E-3 3.85244E-3 4.24074E-3 3.00786E-3 3.00473E-3 3.05635E-3 3.78648E-3 4.89518E-3 5.68406E-3 7.01422E-3 7.81904E-3 8.26803E-3 9.01277E-3 8.84065E-3 9.99882E-3 1.08728E-2 1.15048E-2 1.24444E-2 1.19524E-2 1.2331E-2 1.52829E-2 1.69688E-2 1.82599E-2 2.10732E-2 2.47514E-2 2.72676E-2 2.97826E-2 3.42109E-2 5.33015E-2 4.72336E-2 4.56473E-2 3.32118E-2 1.39189E-2 1.17239E-2 1.14425E-2 1.9733E-2 1.38533E-2 7.40582E-3 4.46261E-3 4.97921E-3 4.98287E-3 3.779E-3 3.39837E-3 3.28565E-3 2.91148E-3 3.24834E-3 2.77565E-3 2.01858E-3 2.0087E-3 1.8362E-3 1.86783E-3 1.72E-3 1.75799E-3 1.69095E-3 1.66199E-3 1.89389E-3 2.0448E-3 1.88676E-3 2.22807E-3 1.81722E-3
2.12955E-3 3.10998E-3 3.25631E-3 3.26594E-3 3.02721E-3 2.347E-3 2.60918E-3 2.82614E-3 2.87729E-3 3.22182E-3 3.89293E-3 3.47471E-3 3.8971E-3 3.62346E-3 3.11262E-3 2.63789E-3 2.67236E-3 3.79386E-3 4.67437E-3 5.8082E-3 6.41028E-3 7.51524E-3 8.57899E-3 8.14266E-3 8.59919E-3 1.04483E-2 1.0915E-2 1.12741E-2 1.22217E-2 1.29495E-2 1.34052E-2 1.38987E-2 1.62401E-2 1.8079E-2 1.92344E-2 2.13752E-2 2.28222E-2 2.94206E-2 3.50957E-2 3.9015E-2 5.34299E-2 4.81421E-2 3.57955E-2 3.10023E-2 2.43773E-2 9.21111E-3 5.63821E-3 6.062E-3 5.50266E-3 5.25312E-3 3.9727E-3 2.61567E-3 2.41125E-3 2.43557E-3 2.0513E-3 1.87383E-3 1.72079E-3 1.69025E-3 1.88942E-3 1.70477E-3 1.81201E-3 1.88019E-3 2.03902E-3 2.68683E-3 2.25922E-3 2.26644E-3 2.28591E-3 2.60271E-3 2.07764E-3 2.33351E-3
2.54105E-3 2.54829E-3 2.71911E-3 2.68595E-3 2.57883E-3 1.73936E-3 2.59716E-3 2.27686E-3 2.42903E-3 3.05793E-3 3.51749E-3 3.53565E-3 3.35122E-3 3.1912E-3 3.39858E-3 3.30849E-3 2.33857E-3 2.34386E-3 3.4046E-3 3.81913E-3 4.7006E-3 6.04018E-3 7.05278E-3 7.82789E-3 7.78456E-3 9.43699E-3 9.74502E-3 1.08903E-2 1.13413E-2 1.19216E-2 1.3387E-2 1.43563E-2 1.48243E-2 1.60221E-2 1.55233E-2 1.4371E-2 1.78957E-2 2.2384E-2 2.24144E-2 2.1869E-2 2.79318E-2 1.82048E-2 1.12681E-2 8.43207E-3 9.22675E-3 7.27367E-3 5.72862E-3 6.54595E-3 4.64937E-3 3.81199E-3 3.24071E-3 3.03228E-3 2.62402E-3 2.64934E-3 2.41692E-3 2.1888E-3 2.57201E-3 2.04491E-3 1.95815E-3 2.34508E-3 2.53656E-3 1.98064E-3 2.07524E-3 3.10384E-3 2.85391E-3 2.81882E-3 2.21095E-3 2.0685E-3 2.76941E-3 3.02507E-3
2.08213E-3 3.08097E-3 3.0585E-3 2.32214E-3 2.02236E-3 2.09889E-3 2.51129E-3 2.27578E-3 1.93204E-3 2.54518E-3 2.96947E-3 3.46426E-3 3.01122E-3 3.05493E-3 2.95322E-3 2.89331E-3 3.36214E-3 2.86205E-3 2.80158E-3 4.04206E-3 4.64024E-3 4.5274E-3 5.72448E-3 6.49143E-3 7.0322E-3 7.83265E-3 8.28536E-3 9.22509E-3 9.86491E-3 1.08292E-2 1.08785E-2 1.15735E-2 1.20548E-2 1.14546E-2 1.21136E-2 1.3292E-2 1.47614E-2 1.54695E-2 1.36331E-2 1.12605E-2 1.05351E-2 1.17475E-2 1.23074E-2 1.0078E-2 5.45055E-3 6.18995E-3 6.79953E-3 5.49814E-3 3.39888E-3 3.23913E-3 2.86862E-3 2.62752E-3 2.49113E-3 2.81915E-3 2.92343E-3 2.92041E-3 2.32286E-3 2.22985E-3 1.88978E-3 2.13044E-3 2.09691E-3 2.52393E-3 2.61755E-3 2.25098E-3 2.12204E-3 2.22228E-3 2.17116E-3 2.6225E-3 3.50712E-3 3.0413E-3
2.36075E-3 2.61853E-3 2.43133E-3 2.47532E-3 2.32123E-3 2.94732E-3 3.24308E-3 2.89374E-3 1.86368E-3 1.90722E-3 2.94534E-3 2.9527E-3 3.18844E-3 3.20185E-3 2.96071E-3 3.32872E-3 3.5188E-3 3.53574E-3 2.92305E-3 2.81908E-3 3.80922E-3 4.41531E-3 4.99213E-3 5.63757E-3 5.2681E-3 5.76541E-3 7.20633E-3 7.80272E-3 8.4001E-3 9.21522E-3 9.6474E-3 1.04109E-2 9.95563E-3 1.00097E-2 1.07503E-2 1.15612E-2 1.15091E-2 1.12633E-2 1.04484E-2 1.05166E-2 8.60722E-3 7.48668E-3 1.01347E-2 6.38591E-3 6.37677E-3 4.61808E-3 6.97144E-3 5.93138E-3 3.97202E-3 3.25435E-3 4.08503E-3 4.0343E-3 3.70349E-3 2.65596E-3 2.77652E-3 2.88738E-3 2.50808E-3 3.23623E-3 3.3946E-3 2.36666E-3 2.51613E-3 2.28625E-3 3.75296E-3 2.91602E-3 3.2281E-3 2.60621E-3 2.5241E-3 2.37078E-3 2.54877E-3 3.25865E-3
2.29146E-3 2.17043E-3 2.23631E-3 1.81357E-3 1.65928E-3 2.86623E-3 3.28049E-3 3.24139E-3 2.49931E-3 1.53351E-3 2.26217E-3 2.51501E-3 2.76461E-3 2.52656E-3 3.06588E-3 2.78823E-3 3.22599E-3 3.12992E-3 3.73304E-3 3.47424E-3 3.38382E-3 3.68688E-3 4.31296E-3 3.81628E-3 5.03947E-3 5.43832E-3 6.22452E-3 7.01847E-3 7.78283E-3 8.36918E-3 8.7137E-3 9.07373E-3 8.9153E-3 9.20201E-3 9.2231E-3 9.78632E-3 9.71701E-3 9.09385E-3 8.9876E-3 9.36582E-3 7.50424E-3 6.16239E-3 5.79344E-3 5.5184E-3 5.29343E-3 4.66631E-3 6.02811E-3 4.38623E-3 4.22697E-3 3.7143E-3 3.19003E-3 4.54732E-3 3.82662E-3 3.7408E-3 3.19454E-3 2.60634E-3 3.52188E-3 3.65246E-3 3.54074E-3 4.18649E-3 3.69957E-3 2.8197E-3 3.3393E-3 3.95066E-3 3.59827E-3 3.19955E-3 3.32956E-3 3.53271E-3 3.96401E-3 2.91546E-3
2.59861E-3 1.82294E-3 1.95251E-3 1.65472E-3 1.84129E-3 2.55427E-3 3.08212E-3 3.24754E-3 2.83879E-3 1.85969E-3 1.91514E-3 2.53436E-3 2.69733E-3 2.35673E-3 2.86902E-3 3.07685E-3 2.91868E-3 3.42187E-3 3.15701E-3 3.54501E-3 2.96676E-3 3.36679E-3 2.96586E-3 2.7502E-3 3.5065E-3 3.36449E-3 4.15758E-3 5.8181E-3 6.70469E-3 7.53869E-3 7.44564E-3 7.42999E-3 7.1711E-3 7.96722E-3 7.50599E-3 7.59657E-3 7.5025E-3 7.12713E-3 7.94449E-3 8.01174E-3 8.46509E-3 7.63663E-3 6.13927E-3 4.95375E-3 4.92176E-3 5.46981E-3 5.3539E-3 4.33009E-3 3.28988E-3 3.70432E-3 3.44411E-3 2.98194E-3 3.06412E-3 3.27446E-3 3.92341E-3 4.17715E-3 3.03E-3 2.95022E-3 3.81473E-3 4.03036E-3 5.60274E-3 4.10739E-3 4.27672E-3 5.81981E-3 3.84254E-3 3.25576E-3 3.99864E-3 2.67149E-3 3.08624E-3 4.51325E-3
2.485E-3 2.32861E-3 1.53529E-3 1.86919E-3 1.97831E-3 2.3758E-3 2.48754E-3 2.73904E-3 3.09931E-3 2.35516E-3 1.98756E-3 2.21152E-3 2.50602E-3 2.87943E-3 2.98755E-3 2.86176E-3 3.18064E-3 2.82419E-3 3.42592E-3 2.98971E-3 3.50364E-3 3.22232E-3 2.44776E-3 2.42731E-3 2.51078E-3 2.95784E-3 2.99641E-3 3.77633E-3 5.40969E-3 6.13904E-3 6.09572E-3 6.02703E-3 6.30034E-3 6.61339E-3 6.10714E-3 6.48559E-3 6.27845E-3 6.40045E-3 6.58421E-3 6.93462E-3 6.47945E-3 5.97535E-3 5.30393E-3 5.6388E-3 5.00673E-3 5.70854E-3 4.86977E-3 4.47135E-3 5.16749E-3 4.31746E-3 3.84734E-3 3.24536E-3 3.88915E-3 3.65312E-3 4.04885E-3 3.07907E-3 3.92956E-3 3.85971E-3 5.33616E-3 7.8141E-3 6.47621E-3 4.84134E-3 7.27684E-3 5.36701E-3 5.33397E-3 2.66756E-3 3.067E-3 3.31649E-3 2.794E-3 4.73351E-3
2.18561E-3 2.35365E-3 1.69909E-3 1.68694E-3 1.7848E-3 1.95927E-3 2.20453E-3 2.57377E-3 2.9617E-3 3.43046E-3 2.07747E-3 2.21691E-3 2.93697E-3 3.21677E-3 3.02255E-3 2.36232E-3 2.89271E-3 2.58281E-3 2.38843E-3 2.72206E-3 3.09959E-3 2.80546E-3 2.08048E-3 2.2888E-3 3.01752E-3 3.02909E-3 3.39565E-3 3.19868E-3 4.49351E-3 5.27142E-3 5.18839E-3 5.25122E-3 5.81311E-3 5.39038E-3 5.11555E-3 5.22072E-3 4.75046E-3 4.82488E-3 5.19572E-3 4.96924E-3 4.89866E-3 5.37191E-3 5.34371E-3 4.49092E-3 4.1829E-3 4.27444E-3 5.4991E-3 4.61233E-3 3.55978E-3 3.38013E-3 2.93739E-3 3.54312E-3 3.74944E-3 2.99337E-3 3.80035E-3 5.60582E-3 6.17939E-3 3.80136E-3 7.39339E-3 1.15102E-2 7.75982E-3 8.43349E-3 6.96471E-3 8.0242E-3 4.50162E-3 4.30574E-3 5.44615E-3 5.70686E-3 6.0051E-3 6.62439E-3
1.78035E-3 2.41201E-3 2.22446E-3 1.7503E-3 1.61633E-3 1.78986E-3 2.42254E-3 2.65781E-3 2.84379E-3 3.22829E-3 3.07164E-3 2.65585E-3 3.04651E-3 3.32006E-3 3.51834E-3 3.15356E-3 3.29141E-3 3.10428E-3 2.61515E-3 3.01746E-3 2.69309E-3 2.90058E-3 2.69815E-3 2.08948E-3 2.34233E-3 3.04802E-3 3.45533E-3 3.52955E-3 4.09109E-3 4.48708E-3 4.90127E-3 4.79471E-3 4.87354E-3 4.36762E-3 4.40229E-3 4.52355E-3 4.40188E-3 4.59871E-3 4.32254E-3 4.4811E-3 4.84148E-3 4.91652E-3 5.24493E-3 5.13886E-3 4.89216E-3 4.70298E-3 4.71907E-3 3.38587E-3 3.04949E-3 2.87786E-3 2.71393E-3 3.11494E-3 3.12338E-3 3.95101E-3 6.46493E-3 6.85397E-3 5.22315E-3 5.32569E-3 1.23714E-2 1.5265E-2 1.0684E-2 7.2061E-3 9.88514E-3 7.45493E-3 9.37692E-3 5.71556E-3 5.35444E-3 4.89876E-3 4.13039E-3 3.49935E-3
1.75749E-3 2.00993E-3 2.00143E-3 1.83794E-3 1.88466E-3 1.98405E-3 2.31061E-3 2.69932E-3 2.80294E-3 2.85961E-3 3.26114E-3 3.49118E-3 2.93386E-3 3.21559E-3 3.312E-3 3.47201E-3 3.16022E-3 3.36031E-3 2.82386E-3 2.64793E-3 2.50776E-3 2.35935E-3 2.4529E-3 2.47371E-3 2.36037E-3 2.04584E-3 3.06553E-3 3.29509E-3 3.49623E-3 4.21978E-3 4.54369E-3 4.67146E-3 4.51943E-3 3.92063E-3 3.82675E-3 3.88771E-3 4.14015E-3 3.92847E-3 3.82007E-3 4.39983E-3 4.72597E-3 5.08396E-3 4.99053E-3 4.49394E-3 4.79435E-3 4.53735E-3 4.31233E-3 3.62211E-3 3.50392E-3 2.91278E-3 3.21387E-3 3.57196E-3 3.99131E-3 5.85728E-3 8.08105E-3 7.51626E-3 6.24115E-3 7.15427E-3 1.40077E-2 1.53407E-2 1.20464E-2 1.75764E-2 1.5359E-2 1.12484E-2 9.60369E-3 4.74136E-3 7.36011E-3 6.91637E-3 7.22723E-3 4.57329E-3
1.6686E-3 2.08838E-3 2.13048E-3 1.76441E-3 1.98677E-3 2.07003E-3 2.25053E-3 2.63161E-3 2.49706E-3 2.26393E-3 2.51637E-3 3.48913E-3 3.52828E-3 2.98049E-3 3.22089E-3 3.31703E-3 2.95218E-3 3.16341E-3 3.23202E-3 3.01988E-3 2.52789E-3 2.6884E-3 2.03338E-3 2.16387E-3 2.23338E-3 2.35436E-3 2.72013E-3 2.93259E-3 2.88693E-3 3.72848E-3 4.00432E-3 4.56547E-3 3.67187E-3 3.54551E-3 3.60573E-3 4.01505E-3 3.79519E-3 3.79864E-3 3.91734E-3 4.08422E-3 4.25144E-3 4.0864E-3 4.25062E-3 4.01571E-3 3.66553E-3 3.52367E-3 3.41156E-3 3.53975E-3 3.25924E-3 3.43517E-3 3.54051E-3 3.59681E-3 5.08624E-3 6.31953E-3 8.52693E-3 8.07692E-3 8.70122E-3 1.09037E-2 1.77016E-2 1.70425E-2 2.2771E-2 2.48708E-2 1.71642E-2 1.15055E-2 8.61221E-3 9.40985E-3 1.26333E-2 8.40622E-3 8.04385E-3 5.57789E-3
1.69071E-3 2.02184E-3 2.25077E-3 2.11848E-3 2.17838E-3 2.158E-3 2.24467E-3 2.69791E-3 2.70339E-3 2.17143E-3 1.91769E-3 3.32696E-3 3.61673E-3 3.01327E-3 3.38441E-3 3.21361E-3 2.787E-3 2.90778E-3 2.64466E-3 2.61732E-3 2.35259E-3 2.52501E-3 2.64467E-3 2.32014E-3 2.27329E-3 2.28167E-3 2.70008E-3 2.49203E-3 2.59829E-3 2.50979E-3 3.31118E-3 3.8354E-3 3.59655E-3 3.46215E-3 3.44519E-3 3.39587E-3 3.6616E-3 3.08712E-3 3.47949E-3 3.3584E-3 3.82006E-3 2.87223E-3 3.10479E-3 3.56573E-3 3.60214E-3 3.87145E-3 3.6766E-3 3.75244E-3 4.03474E-3 3.80001E-3 3.47834E-3 4.19458E-3 5.57355E-3 7.20472E-3 8.65957E-3 9.88915E-3 1.1794E-2 1.41689E-2 1.255E-2 1.65396E-2 1.95419E-2 1.68926E-2 1.808E-2 1.12012E-2 1.13092E-2 2.15037E-2 2.51996E-2 1.41912E-2 9.08342E-3 9.08467E-3
1.36311E-3 1.99347E-3 2.11018E-3 1.98518E-3 2.18888E-3 2.23622E-3 2.37829E-3 2.56432E-3 2.84819E-3 2.77332E-3 2.60597E-3 3.50501E-3 3.67937E-3 3.64273E-3 3.87647E-3 3.24723E-3 3.30796E-3 3.30217E-3 2.94632E-3 2.90194E-3 2.62677E-3 2.05371E-3 2.00869E-3 2.10401E-3 2.41164E-3 2.2821E-3 1.94291E-3 2.43555E-3 2.88071E-3 2.42126E-3 2.64907E-3 3.38566E-3 3.51594E-3 3.64098E-3 3.33287E-3 3.38955E-3 3.0721E-3 3.13112E-3 3.09513E-3 3.22816E-3 3.33491E-3 3.45721E-3 3.88179E-3 4.10454E-3 4.047E-3 4.32793E-3 4.01688E-3 4.51741E-3 4.14406E-3 4.04465E-3 4.23786E-3 5.03797E-3 5.67571E-3 6.94203E-3 8.34052E-3 1.012E-2 1.14926E-2 1.28204E-2 1.1426E-2 1.2483E-2 1.40236E-2 1.6307E-2 1.68166E-2 2.11582E-2 2.07499E-2 3.81711E-2 3.08073E-2 2.87134E-2 1.79357E-2 1.19074E-2
1.34322E-3 1.5382E-3 1.47584E-3 2.01506E-3 2.35612E-3 2.50379E-3 2.65175E-3 2.71633E-3 3.03801E-3 3.09117E-3 3.08646E-3 3.59339E-3 3.57825E-3 3.84185E-3 3.844E-3 3.69775E-3 3.17475E-3 3.16035E-3 3.08011E-3 2.67727E-3 2.66793E-3 2.34112E-3 2.16285E-3 1.77969E-3 2.03397E-3 2.30278E-3 2.08081E-3 2.13143E-3 2.47887E-3 2.51196E-3 2.66917E-3 3.18591E-3 3.13113E-3 3.21886E-3 3.10796E-3 3.34816E-3 3.25694E-3 3.36991E-3 3.36309E-3 3.29358E-3 3.28592E-3 3.54991E-3 3.8725E-3 3.72405E-3 4.00937E-3 3.84128E-3 4.00261E-3 3.79676E-3 4.21388E-3 4.0583E-3 4.65991E-3 5.28905E-3 5.97698E-3 7.19577E-3 8.10233E-3 9.73964E-3 1.14275E-2 1.20801E-2 1.23823E-2 1.57592E-2 1.95209E-2 2.24003E-2 2.47712E-2 2.67012E-2 3.99098E-2 3.58089E-2 4.0642E-2 3.9691E-2 2.94745E-2 1.19238E-2
1.30536E-3 1.49563E-3 1.52543E-3 1.64534E-3 2.34787E-3 2.59118E-3 2.97319E-3 3.15406E-3 3.45024E-3 3.45162E-3 3.45243E-3 3.77164E-3 3.69992E-3 3.84215E-3 3.99632E-3 3.88485E-3 3.66696E-3 3.14655E-3 3.17002E-3 2.36563E-3 2.53048E-3 2.25131E-3 2.26121E-3 1.83449E-3 1.9615E-3 2.09681E-3 2.1328E-3 1.991E-3 2.27444E-3 2.19918E-3 2.45142E-3 2.68453E-3 3.19293E-3 3.2379E-3 3.07987E-3 3.08677E-3 2.9757E-3 3.00898E-3 3.19422E-3 3.1722E-3 3.52731E-3 3.2326E-3 3.47835E-3 3.82039E-3 3.69695E-3 3.92844E-3 4.2882E-3 3.90353E-3 4.1627E-3 4.08371E-3 4.48793E-3 5.10679E-3 5.66795E-3 6.71922E-3 7.92411E-3 8.90766E-3 1.02558E-2 1.03456E-2 1.29934E-2 1.64041E-2 1.96074E-2 2.17932E-2 2.60368E-2 2.80951E-2 2.95833E-2 3.34135E-2 4.69995E-2 3.82665E-2 2.4369E-2 2.10095E-2
1.20766E-3 1.07685E-3 1.54071E-3 1.5796E-3 2.09713E-3 2.79499E-3 3.14485E-3 3.37028E-3 3.76775E-3 3.97167E-3 4.05048E-3 3.75462E-3 3.803E-3 3.81331E-3 3.81421E-3 3.85504E-3 3.94466E-3 3.36896E-3 3.01514E-3 2.45764E-3 2.29579E-3 2.39356E-3 2.463E-3 1.88928E-3 1.82438E-3 1.84818E-3 1.93797E-3 1.7982E-3 2.04291E-3 2.25165E-3 2.14367E-3 2.37804E-3 2.93752E-3 2.89539E-3 2.62972E-3 2.65993E-3 2.74322E-3 2.81674E-3 2.83322E-3 3.01799E-3 3.14011E-3 3.54898E-3 3.35216E-3 3.62681E-3 3.74607E-3 4.02746E-3 3.72705E-3 3.97098E-3 4.23774E-3 4.14145E-3 4.51035E-3 4.8E-3 5.64403E-3 6.49973E-3 7.54087E-3 8.97883E-3 1.08676E-2 1.2121E-2 1.44542E-2 1.66203E-2 1.84334E-2 2.11394E-2 2.44991E-2 2.8784E-2 3.13252E-2 3.30578E-2 3.48581E-2 3.60404E-2 2.08068E-2 2.45096E-2
1.41508E-3 1.33398E-3 1.44275E-3 1.43933E-3 2.00268E-3 2.54949E-3 2.76288E-3 2.41003E-3 2.75024E-3 3.93608E-3 4.28827E-3 3.79051E-3 3.8828E-3 3.88696E-3 3.90473E-3 3.86839E-3 3.68903E-3 3.57427E-3 3.29137E-3 2.78343E-3 2.71202E-3 2.26072E-3 1.98183E-3 2.52458E-3 2.46341E-3 2.21448E-3 1.97905E-3 2.17707E-3 2.29676E-3 2.54446E-3 2.34855E-3 2.32688E-3 2.63045E-3 2.60329E-3 2.55248E-3 2.98076E-3 3.11771E-3 3.1207E-3 2.74773E-3 3.06098E-3 3.27732E-3 3.30732E-3 3.50938E-3 3.77302E-3 3.35712E-3 3.50815E-3 3.65195E-3 3.6936E-3 3.81411E-3 4.37958E-3 4.63992E-3 4.91324E-3 5.15344E-3 6.11352E-3 7.58785E-3 9.4918E-3 1.08047E-2 1.30217E-2 1.61616E-2 1.65517E-2 1.78872E-2 2.06658E-2 2.52745E-2 2.87984E-2 3.37238E-2 3.6242E-2 3.52417E-2 4.38061E-2 3.57069E-2 3.26757E-2
1.92257E-3 1.54214E-3 1.81846E-3 1.59025E-3 1.71963E-3 2.37606E-3 2.93981E-3 3.27017E-3 3.25096E-3 4.77428E-3 5.00679E-3 4.20949E-3 4.09321E-3 3.9792E-3 3.86899E-3 3.8316E-3 3.72606E-3 3.42203E-3 3.26471E-3 2.4124E-3 2.60437E-3 2.53121E-3 2.54184E-3 2.49259E-3 2.41226E-3 2.27489E-3 1.84032E-3 2.01877E-3 2.36825E-3 2.28871E-3 2.34257E-3 2.34021E-3 2.4903E-3 2.8067E-3 2.77418E-3 2.65555E-3 2.96372E-3 2.90286E-3 3.12466E-3 3.3315E-3 3.45859E-3 3.19098E-3 3.50121E-3 3.45972E-3 3.20176E-3 3.38939E-3 3.58138E-3 3.84E-3 4.0451E-3 3.99606E-3 4.44382E-3 4.9092E-3 5.15344E-3 5.91668E-3 7.12798E-3 8.79063E-3 1.07484E-2 1.33418E-2 1.6103E-2 1.84125E-2 1.91584E-2 2.29036E-2 2.72044E-2 3.25171E-2 3.43212E-2 3.81247E-2 3.29049E-2 3.94411E-2 3.75083E-2 3.28129E-2
2.22419E-3 2.16935E-3 2.07053E-3 1.80626E-3 1.53605E-3 1.94762E-3 2.77782E-3 3.25737E-3 3.57686E-3 4.29099E-3 5.22533E-3 4.45719E-3 4.64591E-3 4.11564E-3 4.56014E-3 4.43309E-3 4.24892E-3 3.38983E-3 3.3127E-3 3.20365E-3 2.98417E-3 3.04196E-3 2.89663E-3 2.25848E-3 2.33277E-3 2.24405E-3 1.7368E-3 2.51937E-3 2.41637E-3 2.19667E-3 2.10522E-3 2.49573E-3 2.38017E-3 2.70821E-3 2.46284E-3 2.57664E-3 2.66439E-3 2.97102E-3 3.19846E-3 3.27319E-3 3.42824E-3 3.52785E-3 3.31772E-3 3.45732E-3 3.67761E-3 3.68376E-3 3.54214E-3 3.55546E-3 4.05485E-3 4.34374E-3 4.85038E-3 5.21159E-3 5.30147E-3 6.04355E-3 7.41088E-3 8.56776E-3 1.08557E-2 1.33256E-2 1.59275E-2 1.79643E-2 2.06698E-2 2.491E-2 2.9374E-2 3.51439E-2 4.03873E-2 4.04938E-2 4.05064E-2 3.50143E-2 3.30053E-2 2.99955E-2
2.0443E-3 2.59708E-3 2.59134E-3 2.2146E-3 2.12018E-3 1.97967E-3 2.65446E-3 3.02965E-3 2.75312E-3 3.89458E-3 4.58386E-3 5.01052E-3 5.14982E-3 4.88884E-3 4.59935E-3 4.62568E-3 4.47399E-3 3.90429E-3 3.36237E-3 3.04125E-3 2.8292E-3 2.86108E-3 2.9725E-3 2.70936E-3 2.57061E-3 2.13164E-3 2.02337E-3 2.52002E-3 2.37035E-3 2.53085E-3 2.44866E-3 2.31477E-3 2.74953E-3 2.67047E-3 2.53781E-3 2.47857E-3 2.66385E-3 2.95777E-3 3.11165E-3 3.38501E-3 3.41645E-3 3.51439E-3 3.68656E-3 3.20142E-3 3.33974E-3 3.56413E-3 3.53332E-3 3.58425E-3 4.03643E-3 4.70047E-3 5.15033E-3 5.15452E-3 5.44068E-3 6.4271E-3 7.02687E-3 8.82687E-3 1.08472E-2 1.34013E-2 1.53301E-2 1.87783E-2 2.17668E-2 2.68821E-2 3.20564E-2 3.90779E-2 4.69029E-2 4.02434E-2 3.05026E-2 2.74866E-2 2.38463E-2 4.38675E-2
2.75623E-3 2.36137E-3 2.79889E-3 2.87329E-3 2.67447E-3 2.39984E-3 2.54129E-3 2.84079E-3 2.81543E-3 3.59307E-3 3.86129E-3 4.71476E-3 4.91558E-3 4.71997E-3 4.45097E-3 4.45182E-3 4.3987E-3 4.16965E-3 3.56816E-3 2.94233E-3 2.95578E-3 2.76936E-3 2.51207E-3 2.76488E-3 2.53523E-3 2.40467E-3 1.87549E-3 2.1223E-3 2.18448E-3 2.04233E-3 2.59384E-3 2.20301E-3 2.80167E-3 2.73526E-3 2.62205E-3 2.5267E-3 2.88595E-3 3.20276E-3 3.24649E-3 3.19887E-3 3.15796E-3 2.76359E-3 2.92865E-3 3.14815E-3 3.17707E-3 3.52199E-3 3.83744E-3 3.90045E-3 3.99265E-3 4.60781E-3 5.19761E-3 5.37169E-3 5.72922E-3 6.31237E-3 7.48441E-3 9.16613E-3 1.06895E-2 1.3165E-2 1.57825E-2 1.92272E-2 2.28411E-2 2.63935E-2 3.37902E-2 3.97364E-2 4.81078E-2 2.83588E-2 3.18576E-2 2.28759E-2 2.2726E-2 4.52808E-2
2.94648E-3 3.1693E-3 2.92084E-3 2.93305E-3 3.26626E-3 3.53815E-3 2.966E-3 2.64475E-3 2.90733E-3 3.1613E-3 3.49897E-3 4.81093E-3 4.83E-3 4.86653E-3 4.40607E-3 4.27563E-3 4.62315E-3 4.52309E-3 3.92206E-3 3.62198E-3 3.24865E-3 3.37256E-3 2.57681E-3 2.61283E-3 2.55983E-3 2.47458E-3 2.15106E-3 2.0016E-3 1.95339E-3 1.928E-3 2.65477E-3 2.31969E-3 3.02307E-3 2.78797E-3 2.73124E-3 2.6725E-3 2.69075E-3 2.93719E-3 3.35163E-3 3.20274E-3 2.92502E-3 2.73975E-3 2.69733E-3 2.97885E-3 3.18199E-3 3.42031E-3 3.88631E-3 4.27642E-3 4.08875E-3 4.67627E-3 5.28962E-3 5.41637E-3 5.54891E-3 6.48511E-3 7.6829E-3 9.32116E-3 1.13555E-2 1.33797E-2 1.59536E-2 1.9154E-2 2.31896E-2 2.74393E-2 3.48097E-2 3.90319E-2 3.34379E-2 2.88223E-2 3.64986E-2 3.61356E-2 3.51128E-2 7.80962E-2
3.75815E-3 3.61453E-3 3.4305E-3 2.78987E-3 3.01097E-3 3.51635E-3 3.81648E-3 3.56189E-3 4.9921E-3 2.84026E-3 3.05414E-3 4.25019E-3 4.68882E-3 4.61782E-3 4.37488E-3 4.08566E-3 4.50954E-3 4.18617E-3 4.32481E-3 3.46575E-3 3.60323E-3 3.29538E-3 2.96814E-3 2.57853E-3 2.5117E-3 2.4059E-3 2.20375E-3 1.69065E-3 2.09887E-3 1.90724E-3 2.21412E-3 3.05529E-3 3.13632E-3 2.89613E-3 3.01731E-3 2.68612E-3 2.75761E-3 3.08474E-3 3.07202E-3 3.27516E-3 3.22398E-3 3.30026E-3 3.36544E-3 3.29695E-3 3.41176E-3 3.49712E-3 3.91426E-3 4.18112E-3 4.79657E-3 4.74079E-3 5.32472E-3 5.15587E-3 5.51935E-3 7.224E-3 8.0131E-3 9.05697E-3 1.13158E-2 1.39038E-2 1.62025E-2 1.94562E-2 2.28061E-2 2.8025E-2 3.18986E-2 3.63718E-2 2.26722E-2 3.69735E-2 3.96155E-2 3.89287E-2 3.38153E-2 6.41562E-2
3.80966E-3 3.82815E-3 4.07904E-3 3.99833E-3 3.66875E-3 3.43979E-3 3.77722E-3 4.25515E-3 3.90644E-3 3.39882E-3 3.38377E-3 4.19499E-3 4.93359E-3 4.55617E-3 4.48262E-3 4.41767E-3 4.30961E-3 3.93461E-3 4.29891E-3 4.09115E-3 3.71763E-3 3.35765E-3 3.24584E-3 2.71558E-3 2.57585E-3 2.28227E-3 2.05446E-3 1.83262E-3 2.10005E-3 2.00106E-3 2.35356E-3 3.26354E-3 3.38214E-3 3.20978E-3 3.14847E-3 3.16965E-3 3.16684E-3 3.01548E-3 3.17111E-3 3.30211E-3 3.35041E-3 3.5179E-3 3.53797E-3 3.53461E-3 3.67494E-3 4.05276E-3 3.82855E-3 3.98459E-3 4.84392E-3 5.41279E-3 5.14771E-3 5.27571E-3 5.98209E-3 6.79545E-3 8.29183E-3 1.005E-2 1.12452E-2 1.394E-2 1.67346E-2 1.96139E-2 2.34276E-2 2.71775E-2 3.07989E-2 2.95599E-2 2.78421E-2 3.28364E-2 3.43579E-2 3.22205E-2 5.49819E-2 4.32798E-2
3.86268E-3 3.92283E-3 4.2474E-3 4.16659E-3 4.13111E-3 4.47051E-3 4.25629E-3 4.5927E-3 4.82135E-3 3.83973E-3 6.2547E-3 3.52039E-3 4.11875E-3 4.34964E-3 4.26757E-3 4.20575E-3 4.10768E-3 3.95558E-3 3.74853E-3 3.98153E-3 3.2323E-3 3.59983E-3 3.31039E-3 2.62424E-3 2.83339E-3 2.02069E-3 1.9393E-3 1.96879E-3 2.37304E-3 2.07572E-3 2.88812E-3 3.45631E-3 3.6521E-3 3.46736E-3 3.32042E-3 3.34834E-3 3.2173E-3 3.09388E-3 3.12062E-3 3.29537E-3 3.30262E-3 3.43993E-3 3.51903E-3 3.65474E-3 3.76214E-3 4.05348E-3 3.67429E-3 4.08902E-3 4.47027E-3 4.53611E-3 5.00669E-3 5.02833E-3 6.41042E-3 7.00045E-3 8.464E-3 9.51162E-3 1.18929E-2 1.42629E-2 1.60799E-2 1.90357E-2 2.27408E-2 2.63841E-2 2.8633E-2 2.79412E-2 2.67911E-2 2.68895E-2 2.22366E-2 2.51262E-2 3.01198E-2 1.43212E-2
4.04593E-3 3.96654E-3 4.29641E-3 4.28314E-3 4.42254E-3 4.40329E-3 4.54667E-3 4.53271E-3 4.38444E-3 4.01632E-3 6.93587E-3 5.92725E-3 3.5495E-3 4.01153E-3 3.99619E-3 3.82778E-3 3.77932E-3 3.55588E-3 3.54282E-3 3.52893E-3 4.3225E-3 3.1568E-3 3.41749E-3 3.37002E-3 2.88427E-3 2.44034E-3 1.92308E-3 2.1161E-3 2.37345E-3 2.02727E-3 2.69665E-3 3.14666E-3 3.86709E-3 3.75668E-3 3.86112E-3 3.73196E-3 3.59053E-3 3.31304E-3 3.32439E-3 3.35737E-3 3.47264E-3 3.51439E-3 3.66007E-3 3.69578E-3 4.01017E-3 3.89948E-3 3.30622E-3 3.70799E-3 3.64124E-3 4.27758E-3 5.01866E-3 5.05662E-3 6.34101E-3 7.53088E-3 8.32839E-3 1.03077E-2 1.12883E-2 1.44407E-2 1.65144E-2 1.95795E-2 2.29206E-2 2.53458E-2 2.66741E-2 2.20598E-2 2.14038E-2 1.96186E-2 3.26825E-2 2.51657E-2 1.85944E-2 1.38891E-2
9.09856E-3 8.94447E-3 8.70841E-3 8.89331E-3 4.51251E-3 4.71811E-3 4.47765E-3 4.72211E-3 8.20239E-3 8.28408E-3 7.41559E-3 7.01199E-3 6.43318E-3 3.48277E-3 3.85826E-3 3.7533E-3 3.28093E-3 3.39504E-3 3.15393E-3 3.29695E-3 3.23928E-3 3.668E-3 3.84928E-3 3.31993E-3 3.29276E-3 2.67656E-3 2.1915E-3 2.32592E-3 2.60668E-3 2.25629E-3 2.20587E-3 3.23357E-3 3.7837E-3 4.2088E-3 4.03777E-3 3.99735E-3 3.9193E-3 3.71718E-3 3.84526E-3 3.83139E-3 4.30343E-3 3.84556E-3 3.71969E-3 3.49228E-3 3.60872E-3 3.1434E-3 3.32515E-3 3.24436E-3 3.3716E-3 3.87925E-3 3.97882E-3 4.69387E-3 5.88671E-3 7.53088E-3 7.87396E-3 1.00113E-2 1.14366E-2 1.37353E-2 1.63743E-2 1.88774E-2 2.19073E-2 2.25107E-2 2.26036E-2 1.73984E-2 3.44943E-2 3.21205E-2 2.54082E-2 1.81097E-2 1.49363E-2 1.65789E-2
5.5942E-3 1.01938E-2 9.94472E-3 1.01271E-2 1.01065E-2 9.82341E-3 9.44322E-3 8.99539E-3 8.65612E-3 8.0912E-3 7.96729E-3 7.56124E-3 6.80168E-3 3.1992E-3 3.76342E-3 3.60366E-3 3.28767E-3 3.26923E-3 3.15265E-3 3.19916E-3 3.21035E-3 3.76249E-3 4.05026E-3 3.20585E-3 2.88698E-3 2.40067E-3 2.38654E-3 2.27838E-3 2.53893E-3 2.57846E-3 2.31202E-3 2.95853E-3 3.39911E-3 3.837E-3 4.54021E-3 4.2983E-3 4.27164E-3 3.84997E-3 3.94262E-3 4.02336E-3 3.8333E-3 3.68853E-3 3.34434E-3 3.35861E-3 2.92667E-3 2.96352E-3 2.69942E-3 2.9919E-3 2.89865E-3 3.42144E-3 3.91592E-3 4.85862E-3 5.41705E-3 6.25163E-3 7.8386E-3 9.3565E-3 1.17646E-2 1.2695E-2 1.57875E-2 1.86592E-2 2.12964E-2 2.18627E-2 2.18302E-2 1.66902E-2 2.91394E-2 1.96678E-2 1.6016E-2 1.1816E-2 9.11312E-3 1.28888E-2
6.0666E-3 1.20888E-2 1.11805E-2 1.12297E-2 1.05937E-2 8.92634E-3 9.15978E-3 8.94734E-3 9.96376E-3 8.61138E-3 8.3234E-3 7.65943E-3 7.05381E-3 3.18033E-3 3.09819E-3 3.16699E-3 3.79452E-3 3.33771E-3 3.27115E-3 3.29964E-3 3.1544E-3 3.44309E-3 3.80842E-3 4.12925E-3 3.77367E-3 2.59293E-3 1.98719E-3 2.38188E-3 2.44251E-3 2.34995E-3 2.46615E-3 2.97141E-3 2.67455E-3 2.9904E-3 3.90852E-3 4.60569E-3 4.542E-3 4.2444E-3 4.0093E-3 3.60142E-3 3.60031E-3 3.24819E-3 3.25371E-3 3.18707E-3 2.74929E-3 2.48368E-3 2.43977E-3 2.52906E-3 2.78469E-3 3.0479E-3 3.45906E-3 3.96359E-3 4.45158E-3 5.30823E-3 7.36986E-3 9.73336E-3 1.07624E-2 1.33913E-2 1.52067E-2 1.738E-2 2.00079E-2 2.0258E-2 2.30012E-2 1.60135E-2 2.22944E-2 1.27253E-2 9.5239E-3 7.3207E-3 7.39214E-3 1.09688E-2
