KUENM_DEFAULT/Final_Models/M_1_F_lqpth_Set_1_NE/sp1_stddev.asc
ncols         197
nrows         210
xllcorner     56.1666666666667
yllcorner     4.5
cellsize      0.166666666666667
NODATA_value  -9999
[rows 112 to 139 of 210, columns 130 to 194 of 197]
9.52238E-2 1.489E-1 1.78105E-1 6.66131E-2 8.97721E-2 6.4977E-2 3.48884E-2 2.70808E-2 2.25885E-2 2.3992E-2 2.89541E-2 1.76151E-2 1.40387E-2 9.17185E-3 8.48495E-3 8.43096E-3 9.02772E-3 1.23752E-2 1.32114E-2 1.44364E-2 1.65302E-2 1.75466E-2 1.89085E-2 1.40799E-2 1.41974E-2 1.26806E-2 1.25135E-2 1.27565E-2 1.63273E-2 1.6433E-2 1.19189E-2 1.21018E-2 1.22526E-2 1.24563E-2 1.06759E-2 1.0473E-2 1.03317E-2 1.02391E-2 1.0672E-2 9.27772E-3 1.32359E-2 1.38088E-2 1.4821E-2 1.23215E-2 1.32799E-2 1.1302E-2 1.18464E-2 1.02015E-2 1.33316E-2 1.3736E-2 1.0605E-2 1.06348E-2 1.05057E-2 1.31079E-2 2.17569E-2 2.21443E-2 -9999 -9999 -9999 -9999 -9999 -9999 -9999 -9999 -9999
9.56027E-2 1.88918E-1 6.15451E-2 7.80898E-2 7.13994E-2 4.77617E-2 3.09106E-2 1.90676E-2 1.82066E-2 1.55434E-2 2.01992E-2 1.46833E-2 1.03858E-2 1.18365E-2 1.05305E-2 9.96921E-3 8.31652E-3 8.96502E-3 9.73573E-3 1.07911E-2 1.19793E-2 1.33566E-2 1.38025E-2 1.35928E-2 1.28949E-2 1.08621E-2 1.16683E-2 1.39838E-2 1.92552E-2 2.2598E-2 1.41131E-2 1.31507E-2 1.24987E-2 1.07279E-2 1.10353E-2 9.85662E-3 1.35636E-2 1.52434E-2 1.68413E-2 1.62994E-2 1.55982E-2 1.46828E-2 1.4343E-2 1.43839E-2 1.49028E-2 1.17808E-2 1.18421E-2 1.05514E-2 1.03456E-2 1.49259E-2 1.10904E-2 1.10877E-2 1.20022E-2 1.38633E-2 2.27565E-2 -9999 -9999 -9999 -9999 -9999 -9999 -9999 -9999 -9999 -9999
1.7904E-1 5.43939E-2 5.68406E-2 6.46772E-2 5.0969E-2 3.55142E-2 2.26429E-2 1.75773E-2 1.40072E-2 1.24552E-2 1.32051E-2 9.95938E-3 9.92185E-3 1.12479E-2 9.64326E-3 9.07938E-3 7.53955E-3 8.09723E-3 8.45049E-3 9.54677E-3 1.00459E-2 1.1598E-2 1.37265E-2 1.62058E-2 1.40117E-2 1.18293E-2 1.20037E-2 1.35206E-2 1.96387E-2 1.70747E-2 1.56168E-2 1.38811E-2 1.08938E-2 9.88551E-3 1.03174E-2 1.54686E-2 1.67015E-2 1.85287E-2 2.01938E-2 2.05165E-2 1.74126E-2 1.74759E-2 1.21935E-2 1.25972E-2 1.24711E-2 1.18574E-2 1.08673E-2 1.0103E-2 1.12362E-2 1.10629E-2 1.19474E-2 1.18553E-2 1.28458E-2 1.4689E-2 -9999 -9999 -9999 -9999 -9999 -9999 -9999 -9999 -9999 -9999 -9999
1.65391E-1 5.29034E-2 5.23415E-2 3.6709E-2 3.28776E-2 2.54407E-2 2.20804E-2 1.79173E-2 1.50583E-2 1.18538E-2 1.01008E-2 1.32629E-2 1.22507E-2 1.01154E-2 8.4272E-3 8.61328E-3 6.96801E-3 7.45645E-3 7.60093E-3 9.17602E-3 1.01366E-2 1.07416E-2 1.31521E-2 1.47557E-2 1.37173E-2 1.25434E-2 1.17834E-2 1.38713E-2 2.19682E-2 1.58656E-2 1.51353E-2 1.18854E-2 1.05556E-2 1.11972E-2 1.63561E-2 1.62756E-2 1.76374E-2 1.88412E-2 1.82414E-2 1.9013E-2 2.73493E-2 1.43388E-2 1.41879E-2 1.39939E-2 1.37093E-2 1.32573E-2 1.19683E-2 1.14252E-2 1.11693E-2 1.19861E-2 1.27201E-2 1.24492E-2 -9999 -9999 -9999 -9999 -9999 -9999 -9999 -9999 -9999 -9999 -9999 -9999 -9999
4.38795E-2 3.80482E-2 3.16933E-2 2.44442E-2 2.0207E-2 1.86002E-2 2.26329E-2 1.64168E-2 1.37802E-2 1.09361E-2 1.11621E-2 1.38196E-2 1.20504E-2 1.02579E-2 9.06707E-3 8.38009E-3 6.72287E-3 6.74934E-3 7.77349E-3 8.28595E-3 9.54294E-3 1.12974E-2 1.23935E-2 1.34336E-2 1.30297E-2 1.3789E-2 1.35005E-2 1.71674E-2 1.69072E-2 1.72093E-2 1.63769E-2 1.38182E-2 1.28762E-2 1.41726E-2 1.77737E-2 1.72903E-2 1.98613E-2 1.60052E-2 1.691E-2 1.76426E-2 1.7073E-2 1.60007E-2 1.69453E-2 1.5407E-2 1.47654E-2 1.44488E-2 1.41145E-2 1.28131E-2 1.33714E-2 1.30038E-2 1.39916E-2 -9999 -9999 -9999 -9999 -9999 -9999 -9999 -9999 -9999 -9999 -9999 -9999 -9999 -9999
4.04114E-2 3.61846E-2 2.55388E-2 2.07595E-2 1.62379E-2 1.53763E-2 1.96177E-2 1.76224E-2 1.22215E-2 1.13659E-2 1.46363E-2 1.35606E-2 1.18846E-2 1.03185E-2 9.30231E-3 7.01405E-3 6.74539E-3 6.62224E-3 7.48917E-3 8.4E-3 9.89364E-3 1.15477E-2 1.21256E-2 1.32794E-2 1.59767E-2 1.45926E-2 1.49642E-2 1.84762E-2 1.81476E-2 2.10688E-2 1.71236E-2 1.54051E-2 1.91818E-2 1.89554E-2 1.77431E-2 1.70441E-2 1.51654E-2 1.45968E-2 1.66974E-2 1.84461E-2 1.65373E-2 1.70103E-2 1.81811E-2 1.87123E-2 1.90788E-2 1.59549E-2 1.65537E-2 1.51679E-2 1.58616E-2 -9999 -9999 -9999 -9999 -9999 -9999 -9999 -9999 -9999 -9999 -9999 -9999 -9999 -9999 -9999 -9999
3.42661E-2 2.89418E-2 2.18294E-2 1.90937E-2 1.83405E-2 1.90701E-2 1.67598E-2 1.93337E-2 1.88742E-2 1.31087E-2 1.17518E-2 1.29949E-2 1.13791E-2 1.04438E-2 7.71721E-3 7.24813E-3 6.86106E-3 7.56115E-3 8.85029E-3 1.02592E-2 1.09361E-2 1.27181E-2 1.51913E-2 1.61136E-2 1.64822E-2 1.48691E-2 1.65657E-2 1.59031E-2 2.00764E-2 1.90972E-2 1.71121E-2 2.03294E-2 1.79158E-2 2.04902E-2 1.82961E-2 2.86079E-2 1.70827E-2 1.63244E-2 1.72712E-2 1.96725E-2 1.71509E-2 1.83388E-2 2.19696E-2 1.90835E-2 1.89893E-2 1.92067E-2 1.83617E-2 1.91793E-2 -9999 -9999 -9999 -9999 -9999 -9999 -9999 -9999 -9999 -9999 -9999 -9999 -9999 -9999 -9999 -9999 -9999
2.84994E-2 2.40976E-2 2.29457E-2 2.11481E-2 1.92919E-2 2.05384E-2 1.86257E-2 2.26224E-2 2.00443E-2 1.80256E-2 1.6154E-2 1.32496E-2 1.14637E-2 1.06101E-2 7.96544E-3 7.4534E-3 7.14433E-3 8.77832E-3 1.03512E-2 1.09336E-2 1.28374E-2 1.36106E-2 1.44319E-2 1.67821E-2 1.64082E-2 1.48254E-2 1.58214E-2 1.64764E-2 1.78507E-2 1.75549E-2 1.74898E-2 1.48189E-2 1.86145E-2 1.64243E-2 3.21803E-2 1.801E-2 1.73785E-2 1.71266E-2 1.7488E-2 1.85721E-2 1.78803E-2 1.95514E-2 1.99401E-2 2.19308E-2 2.24151E-2 -9999 -9999 -9999 -9999 -9999 -9999 -9999 -9999 -9999 -9999 -9999 -9999 -9999 -9999 -9999 -9999 -9999 -9999 -9999 -9999
2.8298E-2 2.41331E-2 3.34505E-2 2.26209E-2 1.98271E-2 1.65521E-2 2.08868E-2 1.86437E-2 2.56931E-2 2.83966E-2 1.96048E-2 1.27256E-2 1.29897E-2 1.14286E-2 8.17159E-3 7.53045E-3 7.31903E-3 8.23303E-3 9.68301E-3 1.13119E-2 1.22292E-2 1.31209E-2 1.48229E-2 1.50381E-2 1.52198E-2 1.51498E-2 1.55025E-2 1.5963E-2 1.47873E-2 1.70057E-2 1.55049E-2 1.26233E-2 1.69573E-2 3.40236E-2 1.63837E-2 1.82797E-2 1.82001E-2 1.65184E-2 1.70064E-2 2.01917E-2 1.88838E-2 1.9628E-2 2.3556E-2 -9999 -9999 -9999 -9999 -9999 -9999 -9999 -9999 -9999 -9999 -9999 -9999 -9999 -9999 -9999 -9999 -9999 -9999 -9999 -9999 -9999 -9999
2.46865E-2 2.58216E-2 2.7456E-2 2.64211E-2 2.62568E-2 2.36411E-2 2.12503E-2 3.27028E-2 2.56509E-2 3.26761E-2 2.27437E-2 1.69569E-2 1.20276E-2 9.79773E-3 8.51787E-3 7.64586E-3 8.47521E-3 8.76101E-3 9.20663E-3 1.07595E-2 1.24227E-2 1.23294E-2 1.35267E-2 1.51584E-2 1.51881E-2 1.50528E-2 1.5357E-2 1.37443E-2 1.28852E-2 1.27793E-2 1.23541E-2 1.23741E-2 2.28199E-2 1.74763E-2 1.61846E-2 1.92538E-2 1.91608E-2 1.73261E-2 1.68217E-2 2.1869E-2 2.48936E-2 2.85522E-2 2.40029E-2 -9999 -9999 -9999 -9999 -9999 -9999 -9999 -9999 -9999 -9999 -9999 -9999 -9999 -9999 -9999 -9999 -9999 -9999 -9999 -9999 -9999 -9999
2.73223E-2 2.47561E-2 2.65498E-2 2.98915E-2 3.5348E-2 3.8714E-2 4.03553E-2 3.68799E-2 3.09538E-2 3.15938E-2 2.74875E-2 2.2517E-2 1.70166E-2 1.26147E-2 1.18012E-2 8.97823E-3 7.53335E-3 7.92964E-3 8.51264E-3 1.07538E-2 1.16834E-2 1.18573E-2 1.34432E-2 1.31799E-2 1.29809E-2 1.43712E-2 1.3094E-2 1.31017E-2 1.16611E-2 1.09853E-2 9.94235E-3 1.06581E-2 1.36023E-2 1.6952E-2 1.59335E-2 1.72886E-2 1.88577E-2 1.69854E-2 1.62445E-2 2.11966E-2 2.22605E-2 2.19502E-2 -9999 -9999 -9999 -9999 -9999 -9999 -9999 -9999 -9999 -9999 -9999 -9999 -9999 -9999 -9999 -9999 -9999 -9999 -9999 -9999 -9999 -9999 -9999
2.60422E-2 2.33373E-2 2.84182E-2 1.51084E-1 1.60127E-1 1.79929E-1 1.77061E-1 1.69731E-1 4.9501E-2 2.92991E-2 3.13533E-2 3.51584E-2 2.44624E-2 2.06497E-2 1.36474E-2 9.72423E-3 8.35733E-3 8.92014E-3 9.41461E-3 1.01382E-2 1.14068E-2 1.17433E-2 1.28053E-2 1.32411E-2 1.31643E-2 1.26986E-2 1.23916E-2 9.82424E-3 9.71259E-3 8.22758E-3 8.5922E-3 1.16921E-2 1.5435E-2 1.72254E-2 1.77497E-2 1.95761E-2 2.02128E-2 2.08033E-2 2.11629E-2 2.68012E-2 2.49202E-2 2.45537E-2 -9999 -9999 -9999 -9999 -9999 -9999 -9999 -9999 -9999 -9999 -9999 -9999 -9999 -9999 -9999 -9999 -9999 -9999 -9999 -9999 -9999 -9999 -9999
2.21006E-2 2.0692E-2 2.13354E-2 1.50284E-1 1.54352E-1 1.43961E-1 1.54692E-1 1.87312E-1 5.82492E-2 4.26566E-2 4.3056E-2 4.8601E-2 4.73192E-2 3.22927E-2 2.10565E-2 1.14479E-2 1.0732E-2 1.0154E-2 1.06821E-2 1.09956E-2 1.24358E-2 1.2882E-2 1.30039E-2 1.28468E-2 1.22783E-2 1.15407E-2 9.81379E-3 9.8767E-3 7.4307E-3 7.06388E-3 7.48889E-3 9.56595E-3 1.90964E-2 2.06192E-2 1.84008E-2 1.88064E-2 1.85613E-2 2.09328E-2 3.17375E-2 2.82858E-2 2.77114E-2 -9999 -9999 -9999 -9999 -9999 -9999 -9999 -9999 -9999 -9999 -9999 -9999 -9999 -9999 -9999 -9999 -9999 -9999 -9999 -9999 -9999 -9999 -9999 -9999
1.70456E-2 1.91607E-2 2.20859E-2 3.13045E-2 1.67769E-1 8.0198E-2 9.56369E-2 1.5428E-1 1.65541E-1 4.99388E-2 5.50499E-2 5.50241E-2 6.4334E-2 4.50731E-2 3.60754E-2 2.31453E-2 1.43103E-2 1.20145E-2 1.11708E-2 1.21055E-2 1.13563E-2 1.15277E-2 1.13906E-2 1.14401E-2 9.53336E-3 1.07733E-2 1.05994E-2 8.57665E-3 7.60678E-3 7.52711E-3 8.06483E-3 1.45864E-2 2.11459E-2 2.24069E-2 2.1858E-2 2.01495E-2 2.08356E-2 2.36665E-2 2.81576E-2 3.05522E-2 -9999 -9999 -9999 -9999 -9999 -9999 -9999 -9999 -9999 -9999 -9999 -9999 -9999 -9999 -9999 -9999 -9999 -9999 -9999 -9999 -9999 -9999 -9999 -9999 -9999
1.72172E-2 2.68716E-2 3.75764E-2 5.01711E-2 1.57355E-1 9.2225E-2 1.07035E-1 1.0937E-1 1.82241E-1 1.71181E-1 5.55385E-2 4.96693E-2 5.24421E-2 1.59397E-1 1.38374E-1 1.36127E-1 2.07799E-2 1.55319E-2 1.46664E-2 1.41309E-2 1.02421E-2 1.0591E-2 9.77616E-3 9.08318E-3 9.58939E-3 1.04271E-2 1.02255E-2 9.60172E-3 8.68417E-3 7.69796E-3 8.15951E-3 1.52194E-2 2.16209E-2 2.66776E-2 2.67585E-2 2.7997E-2 2.8397E-2 2.92362E-2 3.07181E-2 -9999 -9999 -9999 -9999 -9999 -9999 -9999 -9999 -9999 -9999 -9999 -9999 -9999 -9999 -9999 -9999 -9999 -9999 -9999 -9999 -9999 -9999 -9999 -9999 -9999 -9999
2.06764E-2 2.15283E-2 4.10034E-2 5.11827E-2 1.50431E-1 9.61281E-2 1.02106E-1 9.21593E-2 7.78807E-2 1.83886E-1 5.42347E-2 4.52667E-2 4.71166E-2 1.25935E-1 9.25138E-2 9.49643E-2 2.47607E-2 1.74282E-2 1.4123E-2 1.33515E-2 1.29993E-2 1.05982E-2 1.03681E-2 9.89603E-3 1.03582E-2 1.01902E-2 1.02475E-2 9.43215E-3 8.2879E-3 8.18447E-3 8.54011E-3 1.73376E-2 2.4551E-2 3.02063E-2 3.13376E-2 3.5755E-2 3.81965E-2 3.73189E-2 -9999 -9999 -9999 -9999 -9999 -9999 -9999 -9999 -9999 -9999 -9999 -9999 -9999 -9999 -9999 -9999 -9999 -9999 -9999 -9999 -9999 -9999 -9999 -9999 -9999 -9999 -9999
2.2336E-2 2.82864E-2 2.84944E-2 4.30119E-2 1.50412E-1 7.24405E-2 7.60242E-2 9.15795E-2 1.28354E-1 1.78063E-1 1.54134E-1 4.16437E-2 3.25309E-2 4.01696E-2 1.45624E-1 4.02005E-2 2.70684E-2 1.9057E-2 1.0272E-2 1.46409E-2 1.41727E-2 1.26712E-2 1.22689E-2 1.1268E-2 9.97729E-3 1.30341E-2 1.13053E-2 9.17535E-3 8.1959E-3 9.19786E-3 1.52847E-2 2.69747E-2 3.09825E-2 3.23119E-2 3.67123E-2 3.99059E-2 4.36667E-2 -9999 -9999 -9999 -9999 -9999 -9999 -9999 -9999 -9999 -9999 -9999 -9999 -9999 -9999 -9999 -9999 -9999 -9999 -9999 -9999 -9999 -9999 -9999 -9999 -9999 -9999 -9999 -9999
4.7745E-2 2.80411E-2 2.44781E-2 4.85427E-2 1.47148E-1 1.46797E-1 1.23104E-1 6.09686E-2 1.10245E-1 1.53233E-1 4.649E-2 3.36939E-2 2.85662E-2 2.77316E-2 2.94777E-2 3.00763E-2 2.48502E-2 2.15549E-2 1.37209E-2 1.74532E-2 1.55572E-2 1.59743E-2 1.24721E-2 1.13807E-2 1.108E-2 1.15959E-2 1.00252E-2 1.19747E-2 1.09286E-2 1.67298E-2 1.84748E-2 2.58977E-2 3.54927E-2 4.34945E-2 4.26719E-2 -9999 -9999 -9999 -9999 -9999 -9999 -9999 -9999 -9999 -9999 -9999 -9999 -9999 -9999 -9999 -9999 -9999 -9999 -9999 -9999 -9999 -9999 -9999 -9999 -9999 -9999 -9999 -9999 -9999 -9999
1.47358E-1 1.14283E-1 1.24315E-1 9.67784E-2 6.62044E-2 6.82078E-2 6.24637E-2 6.14784E-2 6.14216E-2 1.14351E-1 1.47704E-1 3.85478E-2 3.24199E-2 2.734E-2 2.52062E-2 2.83291E-2 2.85546E-2 2.83325E-2 2.48505E-2 2.1302E-2 1.74117E-2 1.62573E-2 1.48864E-2 1.21746E-2 1.13705E-2 1.2567E-2 1.27446E-2 1.32663E-2 1.74652E-2 1.85759E-2 2.64774E-2 3.55097E-2 4.3638E-2 5.03566E-2 -9999 -9999 -9999 -9999 -9999 -9999 -9999 -9999 -9999 -9999 -9999 -9999 -9999 -9999 -9999 -9999 -9999 -9999 -9999 -9999 -9999 -9999 -9999 -9999 -9999 -9999 -9999 -9999 -9999 -9999 -9999
1.55779E-1 1.51293E-1 7.45852E-2 7.27305E-2 7.39317E-2 7.35451E-2 7.01579E-2 7.64039E-2 7.78378E-2 6.61856E-2 1.25466E-1 1.51576E-1 4.00291E-2 3.66851E-2 2.86219E-2 2.99156E-2 3.56147E-2 3.08126E-2 3.09165E-2 2.33599E-2 1.8782E-2 1.7369E-2 1.42634E-2 1.34354E-2 1.3505E-2 1.37821E-2 1.54014E-2 1.48379E-2 2.1835E-2 2.91352E-2 4.19871E-2 5.25307E-2 6.05955E-2 -9999 -9999 -9999 -9999 -9999 -9999 -9999 -9999 -9999 -9999 -9999 -9999 -9999 -9999 -9999 -9999 -9999 -9999 -9999 -9999 -9999 -9999 -9999 -9999 -9999 -9999 -9999 -9999 -9999 -9999 -9999 -9999
1.33279E-1 7.67268E-2 7.23623E-2 8.18278E-2 8.84522E-2 7.59899E-2 8.14857E-2 7.98623E-2 9.06659E-2 8.65989E-2 8.22994E-2 1.3174E-1 1.52543E-1 4.302E-2 3.18609E-2 2.99491E-2 2.44131E-2 2.43395E-2 2.2704E-2 1.14197E-2 9.8813E-3 1.90359E-2 1.79727E-2 1.49793E-2 1.47099E-2 1.49248E-2 1.95873E-2 1.97932E-2 2.6833E-2 3.63926E-2 4.79643E-2 5.06006E-2 -9999 -9999 -9999 -9999 -9999 -9999 -9999 -9999 -9999 -9999 -9999 -9999 -9999 -9999 -9999 -9999 -9999 -9999 -9999 -9999 -9999 -9999 -9999 -9999 -9999 -9999 -9999 -9999 -9999 -9999 -9999 -9999 -9999
1.3667E-1 9.89516E-2 1.01407E-1 1.11496E-1 1.18975E-1 1.02154E-1 7.14509E-2 9.57304E-2 1.10062E-1 1.0624E-1 9.05249E-2 8.72528E-2 7.05685E-2 1.49533E-1 3.40571E-2 2.81461E-2 2.19517E-2 2.30952E-2 2.12069E-2 2.0785E-2 1.02351E-2 1.82198E-2 1.87002E-2 1.79369E-2 1.81479E-2 1.88903E-2 2.19294E-2 2.66272E-2 2.95715E-2 3.41725E-2 -9999 -9999 -9999 -9999 -9999 -9999 -9999 -9999 -9999 -9999 -9999 -9999 -9999 -9999 -9999 -9999 -9999 -9999 -9999 -9999 -9999 -9999 -9999 -9999 -9999 -9999 -9999 -9999 -9999 -9999 -9999 -9999 -9999 -9999 -9999
1.19119E-1 6.67765E-2 1.04579E-1 1.02624E-1 1.20693E-1 1.19698E-1 9.0678E-2 1.22047E-1 1.35558E-1 1.23292E-1 9.49069E-2 9.32141E-2 9.4126E-2 1.49831E-1 2.78207E-2 3.14224E-2 2.86265E-2 2.36771E-2 2.42855E-2 2.35432E-2 2.1449E-2 1.97112E-2 1.97307E-2 2.08245E-2 2.17247E-2 2.28719E-2 2.84724E-2 3.25407E-2 -9999 -9999 -9999 -9999 -9999 -9999 -9999 -9999 -9999 -9999 -9999 -9999 -9999 -9999 -9999 -9999 -9999 -9999 -9999 -9999 -9999 -9999 -9999 -9999 -9999 -9999 -9999 -9999 -9999 -9999 -9999 -9999 -9999 -9999 -9999 -9999 -9999
7.94973E-2 6.99627E-2 1.00973E-1 1.09219E-1 1.07574E-1 9.34116E-2 1.02807E-1 1.10657E-1 1.29275E-1 1.25923E-1 9.7482E-2 9.6216E-2 9.62252E-2 1.36804E-1 3.14687E-2 3.63494E-2 3.059E-2 2.75793E-2 2.95202E-2 2.53198E-2 2.30582E-2 2.45148E-2 2.42042E-2 2.28025E-2 2.59846E-2 2.38445E-2 2.68756E-2 3.66089E-2 -9999 -9999 -9999 -9999 -9999 -9999 -9999 -9999 -9999 -9999 -9999 -9999 -9999 -9999 -9999 -9999 -9999 -9999 -9999 -9999 -9999 -9999 -9999 -9999 -9999 -9999 -9999 -9999 -9999 -9999 -9999 -9999 -9999 -9999 -9999 -9999 -9999
8.23703E-2 8.16994E-2 6.70455E-2 8.13583E-2 8.22015E-2 8.63513E-2 1.06499E-1 9.70224E-2 9.94859E-2 9.30322E-2 9.31099E-2 8.79162E-2 9.67626E-2 9.6908E-2 1.09509E-1 1.26334E-1 2.76904E-2 2.74461E-2 2.79305E-2 3.047E-2 3.01562E-2 2.81856E-2 2.90399E-2 2.46006E-2 2.45281E-2 2.28274E-2 3.19736E-2 3.59809E-2 -9999 -9999 -9999 -9999 -9999 -9999 -9999 -9999 -9999 -9999 -9999 -9999 -9999 -9999 -9999 -9999 -9999 -9999 -9999 -9999 -9999 -9999 -9999 -9999 -9999 -9999 -9999 -9999 -9999 -9999 -9999 -9999 -9999 -9999 -9999 -9999 -9999
6.62216E-2 8.11829E-2 7.4101E-2 6.75981E-2 8.31469E-2 1.02256E-1 1.08264E-1 1.15771E-1 1.05117E-1 9.82996E-2 1.01843E-1 8.96321E-2 9.17483E-2 1.11514E-1 1.07934E-1 1.36782E-1 2.71271E-2 3.60237E-2 2.97638E-2 1.31592E-1 1.342E-1 3.2703E-2 3.02918E-2 2.21318E-2 2.00189E-2 2.15559E-2 2.8648E-2 -9999 -9999 -9999 -9999 -9999 -9999 -9999 -9999 -9999 -9999 -9999 -9999 -9999 -9999 -9999 -9999 -9999 -9999 -9999 -9999 -9999 -9999 -9999 -9999 -9999 -9999 -9999 -9999 -9999 -9999 -9999 -9999 -9999 -9999 -9999 -9999 -9999 -9999
7.34864E-2 8.1463E-2 6.63698E-2 7.04578E-2 7.31439E-2 6.54749E-2 6.34458E-2 7.74851E-2 1.03592E-1 1.02563E-1 9.48854E-2 9.74359E-2 1.29456E-1 1.20169E-1 9.28186E-2 1.433E-1 3.07827E-2 1.69811E-2 2.02135E-2 2.60033E-2 3.73828E-2 3.43451E-2 2.89247E-2 2.25086E-2 2.27603E-2 2.36433E-2 -9999 -9999 -9999 -9999 -9999 -9999 -9999 -9999 -9999 -9999 -9999 -9999 -9999 -9999 -9999 -9999 -9999 -9999 -9999 -9999 -9999 -9999 -9999 -9999 -9999 -9999 -9999 -9999 -9999 -9999 -9999 -9999 -9999 -9999 -9999 -9999 -9999 -9999 -9999
8.51993E-2 8.96005E-2 8.45592E-2 6.90321E-2 6.09905E-2 6.5651E-2 7.59542E-2 8.06558E-2 8.78661E-2 8.40667E-2 1.0072E-1 1.04589E-1 1.32409E-1 1.0671E-1 1.04189E-1 1.24838E-1 1.29717E-1 1.92324E-2 2.20018E-2 3.01852E-2 3.15378E-2 3.32052E-2 -9999 2.35236E-2 -9999 -9999 -9999 -9999 -9999 -9999 -9999 -9999 -9999 -9999 -9999 -9999 -9999 -9999 -9999 -9999 -9999 -9999 -9999 -9999 -9999 -9999 -9999 -9999 -9999 -9999 -9999 -9999 -9999 -9999 -9999 -9999 -9999 -9999 -9999 -9999 -9999 -9999 -9999 -9999 -9999
