KUENM_DEFAULT/Final_Models/M_1_F_lqpth_Set_1_NE/sp1_7.asc
ncols         197
nrows         210
xllcorner     56.1666666666667
yllcorner     4.5
cellsize      0.166666666666667
NODATA_value  -9999
[rows 56 to 83 of 210, columns 65 to 129 of 197]
2.00922E-2 1.80914E-2 3.74649E-2 7.38802E-2 1.02533E-1 1.59122E-1 9.59198E-2 5.2536E-2 5.26493E-2 7.25043E-2 7.77977E-2 9.06726E-2 1.03622E-1 1.20048E-1 1.78579E-1 1.50052E-1 1.71134E-1 2.00787E-1 1.89115E-1 1.61255E-1 5.90496E-2 4.69335E-2 4.40146E-2 4.85145E-2 5.00819E-2 5.30986E-2 6.2212E-2 6.57963E-2 6.36018E-2 5.74417E-2 5.75383E-2 5.50084E-2 5.9397E-2 6.29888E-2 7.22053E-2 7.37537E-2 1.33499E-1 1.44906E-1 9.11364E-2 1.98308E-1 2.25684E-1 3.83994E-1 3.84129E-1 4.36619E-1 5.20922E-1 5.18906E-1 5.17312E-1 5.1986E-1 5.24376E-1 5.22803E-1 5.30098E-1 5.36021E-1 5.5682E-1 5.72291E-1 5.90208E-1 6.23252E-1 5.66394E-1 5.06783E-1 4.76538E-1 4.58491E-1 7.63646E-2 7.08011E-2 3.91888E-2 2.72748E-2 2.66218E-2
1.08889E-2 1.28489E-2 4.68808E-2 3.43367E-2 4.08563E-2 1.09802E-1 1.14816E-1 1.0188E-1 8.58451E-2 9.31818E-2 9.78191E-2 9.21442E-2 1.03077E-1 1.2894E-1 1.65663E-1 1.90034E-1 1.93117E-1 1.79949E-1 2.51022E-1 7.661E-2 6.23669E-2 5.27511E-2 4.91452E-2 4.89704E-2 5.02299E-2 5.24956E-2 5.80761E-2 5.75311E-2 5.6317E-2 5.43665E-2 5.09631E-2 5.23269E-2 5.3392E-2 5.67306E-2 5.87987E-2 1.11914E-1 1.21927E-1 1.29133E-1 1.39291E-1 9.05886E-2 3.17938E-1 3.29882E-1 3.64046E-1 3.91956E-1 4.57519E-1 5.15887E-1 5.21313E-1 5.20893E-1 5.18067E-1 5.21926E-1 5.34363E-1 5.38277E-1 5.51379E-1 5.61582E-1 5.82388E-1 6.11024E-1 6.26904E-1 5.73257E-1 5.54565E-1 4.9058E-1 4.70355E-1 7.40655E-2 5.4707E-2 4.15569E-2 3.76525E-2
6.74445E-3 1.43418E-2 2.52679E-2 3.17059E-2 3.4651E-2 4.71172E-2 5.38919E-2 4.70853E-2 1.03468E-1 1.02617E-1 1.05899E-1 1.10242E-1 1.25742E-1 2.06111E-1 2.30527E-1 2.21775E-1 2.25336E-1 2.04458E-1 1.96357E-1 7.96004E-2 7.16558E-2 6.12874E-2 5.45185E-2 4.84912E-2 4.67144E-2 4.92737E-2 4.9922E-2 5.28193E-2 5.23932E-2 5.05016E-2 4.82019E-2 4.76429E-2 4.98889E-2 5.19439E-2 5.41525E-2 5.80817E-2 6.53006E-2 1.2151E-1 1.31296E-1 1.37384E-1 1.41329E-1 2.88375E-1 2.99823E-1 3.29328E-1 3.91301E-1 5.04187E-1 5.22697E-1 5.29048E-1 5.29493E-1 5.32636E-1 5.40058E-1 5.43797E-1 5.61779E-1 5.81766E-1 5.79501E-1 6.05062E-1 6.29747E-1 6.55934E-1 5.8964E-1 5.05356E-1 4.70822E-1 4.39826E-1 6.92273E-2 5.5246E-2 4.85402E-2
6.4206E-3 1.39412E-2 2.3517E-2 2.64107E-2 3.2049E-2 3.62143E-2 3.78616E-2 4.24129E-2 1.06418E-1 1.0942E-1 1.19026E-1 1.2841E-1 1.43976E-1 1.99407E-1 2.42851E-1 2.62173E-1 2.47891E-1 2.6391E-1 1.87798E-1 9.02192E-2 8.17967E-2 6.93187E-2 6.10197E-2 4.86673E-2 4.55406E-2 4.64653E-2 4.74529E-2 4.87747E-2 4.72522E-2 4.77676E-2 4.61724E-2 4.72464E-2 4.96852E-2 5.14418E-2 5.1799E-2 5.65754E-2 6.465E-2 6.62767E-2 1.21372E-1 1.18265E-1 1.18051E-1 1.23707E-1 1.34197E-1 2.84978E-1 3.37559E-1 4.11834E-1 4.76749E-1 5.3223E-1 5.38339E-1 5.39869E-1 5.452E-1 5.54094E-1 5.69817E-1 5.79699E-1 5.80957E-1 5.97471E-1 6.31143E-1 6.48685E-1 6.66397E-1 5.65519E-1 4.9152E-1 4.56405E-1 4.32912E-1 6.91131E-2 6.21493E-2
6.34797E-3 1.04636E-2 2.00418E-2 2.7534E-2 3.21351E-2 3.73527E-2 2.94066E-2 3.12777E-2 4.65809E-2 5.24204E-2 1.16979E-1 1.31894E-1 1.43816E-1 1.60412E-1 2.12561E-1 2.22296E-1 2.30497E-1 2.14752E-1 1.89842E-1 9.42765E-2 2.04409E-1 8.60332E-2 6.19759E-2 4.73827E-2 4.28446E-2 7.52499E-2 7.60301E-2 7.91438E-2 4.48461E-2 4.63913E-2 4.67996E-2 4.76293E-2 5.07589E-2 5.29182E-2 5.75347E-2 1.064E-1 6.74548E-2 6.72501E-2 1.11707E-1 6.05988E-2 1.00034E-1 1.09897E-1 1.28125E-1 1.41826E-1 3.22001E-1 3.81303E-1 4.46327E-1 5.28843E-1 5.49039E-1 5.4934E-1 5.47862E-1 5.53095E-1 5.64647E-1 5.71361E-1 5.76303E-1 5.95127E-1 6.226E-1 6.40184E-1 6.69879E-1 6.00135E-1 5.01389E-1 4.50257E-1 4.57437E-1 4.1645E-1 6.58277E-2
7.16811E-3 9.60792E-3 2.08989E-2 2.74414E-2 3.36326E-2 3.42932E-2 2.77628E-2 2.93047E-2 4.47774E-2 5.16722E-2 1.19754E-1 1.32305E-1 1.44369E-1 1.5593E-1 1.56514E-1 2.02689E-1 2.02682E-1 1.83346E-1 8.2681E-2 8.83397E-2 2.08356E-1 8.73099E-2 5.76015E-2 7.59657E-2 6.96093E-2 7.16921E-2 7.33697E-2 7.76498E-2 7.89756E-2 4.57178E-2 4.73687E-2 4.91136E-2 5.45308E-2 4.79028E-2 9.03131E-2 5.67069E-2 7.25188E-2 1.2592E-1 1.16293E-1 1.01942E-1 9.90008E-2 1.14937E-1 1.25058E-1 1.46747E-1 3.19481E-1 3.63825E-1 4.2927E-1 4.64067E-1 5.55082E-1 5.62817E-1 5.53482E-1 5.60968E-1 5.64239E-1 5.7287E-1 5.88064E-1 5.92761E-1 6.14066E-1 6.44492E-1 6.54806E-1 5.89573E-1 5.39409E-1 4.99516E-1 4.70306E-1 4.27466E-1 6.66596E-2
6.56052E-3 1.18292E-2 2.86894E-2 2.95057E-2 3.23008E-2 3.25553E-2 2.58106E-2 2.84303E-2 3.66738E-2 5.60008E-2 6.29424E-2 6.73154E-2 1.36408E-1 1.39296E-1 1.33516E-1 1.37511E-1 1.67802E-1 7.02971E-2 6.79149E-2 5.70078E-2 7.134E-2 6.20935E-2 4.88503E-2 4.12057E-2 3.75124E-2 3.74521E-2 7.04825E-2 7.29791E-2 7.8062E-2 7.94238E-2 4.84457E-2 7.64578E-2 8.07747E-2 9.07209E-2 9.94128E-2 1.06391E-1 1.08991E-1 1.1173E-1 1.24924E-1 1.16764E-1 1.18987E-1 1.26178E-1 1.39463E-1 1.63364E-1 3.43116E-1 3.74827E-1 4.21966E-1 4.6331E-1 4.98051E-1 5.65198E-1 5.57831E-1 5.63335E-1 5.60055E-1 5.81257E-1 5.99185E-1 6.03985E-1 6.24775E-1 6.35056E-1 5.85655E-1 5.7821E-1 5.52797E-1 5.11417E-1 4.71148E-1 4.28592E-1 7.02244E-2
1.08336E-2 1.48765E-2 2.3537E-2 3.08789E-2 3.25151E-2 3.46804E-2 2.75189E-2 3.35424E-2 4.19797E-2 6.69889E-2 6.77733E-2 6.96218E-2 6.66597E-2 6.45166E-2 5.93173E-2 5.33564E-2 4.66849E-2 3.54091E-2 4.39879E-2 4.22374E-2 4.7324E-2 4.20347E-2 3.8282E-2 3.51216E-2 3.56697E-2 6.21016E-2 6.63957E-2 7.14238E-2 7.69813E-2 8.08921E-2 7.29536E-2 7.77115E-2 8.34144E-2 9.10064E-2 1.02084E-1 1.11141E-1 1.17011E-1 1.18865E-1 1.44711E-1 1.45623E-1 1.49789E-1 1.54169E-1 1.64279E-1 3.39224E-1 3.59213E-1 4.17456E-1 4.42838E-1 4.77138E-1 5.11848E-1 5.71786E-1 5.62495E-1 5.61917E-1 5.7436E-1 5.91036E-1 5.94319E-1 6.01847E-1 6.28607E-1 6.42365E-1 6.32122E-1 5.9219E-1 5.59947E-1 5.06343E-1 4.72127E-1 4.29582E-1 7.30468E-2
9.37916E-3 1.72094E-2 2.74334E-2 3.25591E-2 3.60765E-2 2.8979E-2 3.22455E-2 4.23701E-2 5.9981E-2 7.35509E-2 7.54803E-2 8.27144E-2 7.257E-2 5.97628E-2 5.34939E-2 4.52424E-2 3.82238E-2 3.58675E-2 3.39011E-2 3.1568E-2 2.93402E-2 3.0794E-2 2.9664E-2 5.16673E-2 5.71698E-2 6.15374E-2 6.40254E-2 6.93708E-2 7.54974E-2 6.77271E-2 7.43411E-2 7.81768E-2 8.75527E-2 9.86414E-2 1.05436E-1 1.17831E-1 1.26014E-1 1.29654E-1 1.6174E-1 1.73957E-1 1.85019E-1 1.85201E-1 3.62549E-1 3.86876E-1 4.07459E-1 4.46887E-1 4.81992E-1 5.06572E-1 5.6817E-1 5.67184E-1 5.71356E-1 5.63608E-1 5.75279E-1 5.85758E-1 5.96658E-1 6.07063E-1 6.20372E-1 6.47795E-1 6.33855E-1 6.28933E-1 6.29182E-1 4.64056E-1 4.60373E-1 4.33824E-1 4.22491E-1
1.20324E-2 1.97927E-2 3.10604E-2 3.66079E-2 2.99868E-2 3.5027E-2 4.32741E-2 6.66315E-2 1.10123E-1 1.32708E-1 1.02579E-1 7.97545E-2 6.02506E-2 4.64088E-2 3.92373E-2 3.13359E-2 2.74459E-2 2.36674E-2 2.68131E-2 2.44898E-2 2.30495E-2 2.58369E-2 4.36722E-2 2.77927E-2 5.50175E-2 5.78183E-2 6.50232E-2 5.82978E-2 6.3633E-2 7.04394E-2 7.63605E-2 8.49227E-2 9.26905E-2 1.0535E-1 1.12604E-1 1.25755E-1 1.39246E-1 1.50968E-1 1.61163E-1 2.12254E-1 4.03291E-1 4.05222E-1 4.0767E-1 4.23392E-1 4.65798E-1 5.06501E-1 5.37433E-1 5.83576E-1 5.78964E-1 5.77287E-1 5.64796E-1 5.75325E-1 5.79719E-1 5.92286E-1 5.98717E-1 6.07836E-1 6.27709E-1 6.43383E-1 6.39619E-1 6.42955E-1 5.94013E-1 5.46309E-1 5.01989E-1 4.54931E-1 4.44592E-1
1.44227E-2 2.17321E-2 2.85401E-2 2.90415E-2 3.49241E-2 4.37049E-2 6.13132E-2 1.08514E-1 4.09996E-1 4.34891E-1 1.44452E-1 8.06502E-2 5.6035E-2 4.30641E-2 3.39232E-2 2.73247E-2 2.39771E-2 2.62946E-2 2.24643E-2 2.226E-2 2.06172E-2 2.04453E-2 2.53982E-2 4.93162E-2 5.56554E-2 5.95577E-2 5.48407E-2 5.93347E-2 6.70572E-2 7.18038E-2 7.98965E-2 8.97302E-2 9.88541E-2 1.11957E-1 1.21767E-1 1.37686E-1 1.5244E-1 1.70504E-1 1.75322E-1 1.96887E-1 3.84573E-1 4.59443E-1 4.55558E-1 4.99373E-1 5.3015E-1 6.04521E-1 5.9279E-1 5.87027E-1 5.76053E-1 5.75325E-1 5.77117E-1 5.77765E-1 5.85236E-1 5.97157E-1 5.98046E-1 6.22708E-1 6.3084E-1 6.40289E-1 6.51984E-1 6.5595E-1 6.48365E-1 6.52528E-1 5.60992E-1 4.99602E-1 4.54868E-1
1.58193E-2 2.11577E-2 2.97249E-2 3.08228E-2 3.72551E-2 4.84558E-2 6.974E-2 1.25123E-1 4.47973E-1 4.53287E-1 1.24235E-1 7.27178E-2 4.96595E-2 3.63996E-2 3.00825E-2 3.29294E-2 2.79703E-2 2.43275E-2 2.23532E-2 2.13428E-2 2.15592E-2 2.18253E-2 4.02056E-2 4.2203E-2 4.69975E-2 4.96387E-2 5.72485E-2 6.2855E-2 6.98914E-2 7.57175E-2 8.58451E-2 9.25585E-2 1.04298E-1 1.19215E-1 1.34634E-1 1.53907E-1 1.78091E-1 1.90755E-1 1.99835E-1 2.13462E-1 4.04762E-1 4.76785E-1 5.04055E-1 5.53839E-1 6.20536E-1 6.11624E-1 5.90037E-1 5.87015E-1 5.8027E-1 5.83777E-1 5.78967E-1 5.80908E-1 5.90025E-1 5.98466E-1 6.10642E-1 6.27926E-1 6.30464E-1 6.29505E-1 6.43872E-1 6.4759E-1 6.37535E-1 5.97079E-1 5.81356E-1 5.48519E-1 4.68259E-1
1.8876E-2 2.11319E-2 2.64944E-2 2.91135E-2 3.55557E-2 4.36292E-2 5.87265E-2 8.5515E-2 1.18402E-1 1.00777E-1 6.6453E-2 5.17856E-2 3.82757E-2 3.1448E-2 3.38037E-2 3.07064E-2 4.69373E-2 4.33137E-2 4.0512E-2 2.23141E-2 2.24249E-2 4.14746E-2 4.27012E-2 4.53636E-2 4.95907E-2 5.35174E-2 6.12003E-2 6.58483E-2 7.48889E-2 8.10745E-2 9.34553E-2 1.04519E-1 1.11557E-1 1.25209E-1 1.41058E-1 1.66919E-1 1.93579E-1 2.38611E-1 4.31441E-1 4.35855E-1 4.96511E-1 5.29574E-1 5.60776E-1 6.41172E-1 6.22124E-1 6.02308E-1 5.90159E-1 5.7851E-1 5.69028E-1 5.69808E-1 5.83166E-1 5.84172E-1 5.87772E-1 6.07081E-1 6.09307E-1 6.13319E-1 6.13301E-1 6.20402E-1 6.43057E-1 6.33329E-1 6.64852E-1 6.63663E-1 5.87591E-1 5.41636E-1 4.74632E-1
1.7928E-2 2.10877E-2 2.34565E-2 2.86495E-2 3.36712E-2 3.69911E-2 4.37124E-2 5.09885E-2 5.69127E-2 5.07207E-2 4.00952E-2 3.40146E-2 3.11956E-2 3.58514E-2 3.21264E-2 5.23223E-2 3.09869E-2 2.87191E-2 2.81267E-2 2.78365E-2 2.85294E-2 2.96203E-2 3.07265E-2 5.10505E-2 5.53746E-2 6.18186E-2 6.55326E-2 7.3332E-2 7.94841E-2 9.18146E-2 1.02208E-1 1.10143E-1 1.27423E-1 1.39495E-1 1.51385E-1 1.69057E-1 1.82779E-1 2.25655E-1 4.61883E-1 4.8237E-1 5.60293E-1 5.7851E-1 6.47237E-1 6.40463E-1 6.28998E-1 6.08499E-1 5.88264E-1 5.70482E-1 5.57912E-1 5.73323E-1 5.72076E-1 5.76701E-1 5.79301E-1 5.97166E-1 6.18724E-1 6.11097E-1 6.13152E-1 6.28704E-1 5.657E-1 5.69588E-1 6.63598E-1 6.62601E-1 5.53282E-1 5.27257E-1 4.73685E-1
2.04889E-2 2.07929E-2 2.3902E-2 2.45074E-2 2.87463E-2 2.86886E-2 3.14029E-2 3.42173E-2 3.50079E-2 3.29723E-2 4.17416E-2 3.75584E-2 3.44446E-2 5.74828E-2 5.22953E-2 3.33033E-2 3.19875E-2 2.95984E-2 2.91542E-2 2.86697E-2 3.126E-2 3.27164E-2 3.51812E-2 3.87887E-2 4.26797E-2 4.57593E-2 5.00798E-2 5.476E-2 8.85947E-2 9.97824E-2 1.11875E-1 1.24736E-1 1.41281E-1 1.55393E-1 1.64546E-1 1.75416E-1 2.09975E-1 2.04094E-1 4.61563E-1 5.85661E-1 6.11845E-1 6.26563E-1 6.62672E-1 6.53044E-1 6.39234E-1 6.18601E-1 6.01237E-1 5.90204E-1 5.77603E-1 5.71439E-1 5.67462E-1 5.69291E-1 5.94134E-1 6.01784E-1 6.25624E-1 6.15219E-1 5.31946E-1 5.47378E-1 5.5152E-1 5.6762E-1 6.38782E-1 5.51402E-1 4.6771E-1 5.21178E-1 4.74897E-1
1.6875E-2 2.45193E-2 3.17737E-2 2.89188E-2 2.39175E-2 2.36881E-2 2.44359E-2 3.27449E-2 3.15605E-2 3.48426E-2 4.19773E-2 3.89362E-2 3.68168E-2 3.5603E-2 3.44415E-2 3.26703E-2 3.12841E-2 3.0226E-2 3.08917E-2 3.06953E-2 3.25473E-2 3.69971E-2 3.92793E-2 4.38425E-2 4.78902E-2 5.28559E-2 5.65361E-2 6.15487E-2 6.81975E-2 1.12574E-1 1.26523E-1 1.43125E-1 1.60886E-1 1.75575E-1 1.85778E-1 2.25455E-1 2.46849E-1 2.80587E-1 5.74692E-1 6.1936E-1 6.43116E-1 6.92889E-1 6.73763E-1 6.6127E-1 6.44385E-1 6.34648E-1 6.21514E-1 6.06685E-1 5.99938E-1 5.78372E-1 5.71461E-1 5.86842E-1 6.04217E-1 6.25527E-1 6.25086E-1 5.47851E-1 5.14023E-1 4.7615E-1 5.62586E-1 5.81073E-1 5.68109E-1 5.23569E-1 5.24868E-1 5.20044E-1 4.61976E-1
1.8425E-2 2.62145E-2 2.59843E-2 2.68121E-2 2.75217E-2 2.632E-2 2.64743E-2 2.66184E-2 4.93323E-2 5.40055E-2 3.80304E-2 3.86468E-2 3.73934E-2 3.6007E-2 3.50034E-2 3.30117E-2 3.32196E-2 3.37727E-2 3.30365E-2 3.4651E-2 3.65906E-2 4.1085E-2 4.73653E-2 5.17235E-2 5.81307E-2 6.05666E-2 6.23822E-2 6.75432E-2 7.71149E-2 1.28001E-1 1.44913E-1 1.76963E-1 1.909E-1 1.99348E-1 2.10057E-1 2.55364E-1 2.83919E-1 5.14748E-1 5.85452E-1 6.2599E-1 6.55607E-1 7.03658E-1 5.86444E-1 5.66811E-1 5.69382E-1 6.45474E-1 6.38217E-1 6.23581E-1 6.18094E-1 6.17572E-1 6.0465E-1 5.93694E-1 6.30979E-1 6.30209E-1 6.17595E-1 5.35726E-1 4.78336E-1 4.83527E-1 5.49993E-1 5.72073E-1 5.24005E-1 5.10938E-1 5.21172E-1 5.32419E-1 5.25552E-1
2.43998E-2 2.85317E-2 2.63367E-2 2.58731E-2 2.45485E-2 2.45928E-2 2.36613E-2 4.28981E-2 4.46696E-2 3.20386E-2 3.5114E-2 3.69366E-2 3.43282E-2 3.3585E-2 3.2927E-2 3.22436E-2 2.99169E-2 2.73253E-2 3.3973E-2 3.86023E-2 4.22663E-2 4.92308E-2 6.06162E-2 6.46529E-2 6.8367E-2 6.97011E-2 7.37562E-2 7.7697E-2 8.85907E-2 1.47998E-1 1.75868E-1 2.04146E-1 2.29484E-1 4.20111E-1 4.17031E-1 4.77787E-1 5.15825E-1 5.39127E-1 6.03331E-1 6.20188E-1 7.00415E-1 7.07461E-1 6.01903E-1 5.90505E-1 5.76355E-1 6.54907E-1 6.48819E-1 6.53931E-1 6.40076E-1 6.27894E-1 6.45133E-1 6.32462E-1 6.38817E-1 6.56623E-1 6.04628E-1 5.66675E-1 4.61957E-1 4.61938E-1 5.31533E-1 5.44782E-1 5.11097E-1 4.80351E-1 4.97929E-1 5.45945E-1 5.59007E-1
2.68339E-2 2.95939E-2 2.6879E-2 2.65757E-2 2.51327E-2 3.97938E-2 2.60502E-2 2.6025E-2 2.846E-2 3.12821E-2 3.22806E-2 3.30704E-2 3.42658E-2 1.06776E-2 3.53823E-2 3.67753E-2 3.74063E-2 3.68763E-2 6.13487E-2 6.5219E-2 4.73166E-2 5.85759E-2 1.08241E-1 6.53436E-2 1.2667E-1 1.18392E-1 8.27675E-2 8.86617E-2 9.58257E-2 1.09228E-1 1.90142E-1 4.60985E-1 5.12762E-1 5.19386E-1 5.11797E-1 5.2239E-1 5.47173E-1 5.91172E-1 6.36871E-1 6.565E-1 7.27084E-1 6.11816E-1 6.08859E-1 5.93823E-1 5.84516E-1 6.76114E-1 6.71467E-1 6.73861E-1 6.70966E-1 6.408E-1 6.62132E-1 6.58819E-1 6.73164E-1 6.76165E-1 6.23774E-1 5.73267E-1 5.59854E-1 5.25827E-1 5.43197E-1 5.64698E-1 5.06506E-1 4.80662E-1 4.76476E-1 4.3241E-1 4.40997E-1
2.77174E-2 3.33553E-2 2.8344E-2 4.95033E-2 4.57035E-2 2.70717E-2 2.45998E-2 2.55817E-2 2.84755E-2 3.12494E-2 3.32507E-2 2.01119E-2 2.40095E-2 2.40727E-2 3.40588E-2 3.48215E-2 5.67497E-2 5.96846E-2 6.49447E-2 6.8485E-2 5.433E-2 9.82736E-2 1.22979E-1 7.94145E-2 1.30545E-1 1.36168E-1 1.31255E-1 1.42305E-1 1.0276E-1 1.67764E-1 1.97694E-1 2.40386E-1 5.18282E-1 5.34593E-1 5.42513E-1 5.63622E-1 6.03554E-1 6.42873E-1 6.66545E-1 7.34936E-1 7.35717E-1 6.20502E-1 5.98291E-1 4.69449E-1 4.54175E-1 6.83856E-1 6.81605E-1 6.93926E-1 6.89783E-1 6.69987E-1 6.86603E-1 6.85702E-1 6.97939E-1 6.51107E-1 6.79597E-1 6.50761E-1 5.72081E-1 5.34337E-1 5.20537E-1 5.4876E-1 5.16794E-1 4.78451E-1 4.26349E-1 4.24196E-1 4.28874E-1
3.19045E-2 3.69698E-2 3.16994E-2 2.994E-2 3.34554E-2 2.84675E-2 2.62684E-2 2.75539E-2 2.98147E-2 2.59075E-2 2.97597E-2 3.26036E-2 5.42757E-2 5.70346E-2 5.92277E-2 6.07275E-2 6.58616E-2 6.92858E-2 7.23145E-2 7.67451E-2 8.595E-2 1.01788E-1 1.26171E-1 7.65125E-2 1.51843E-1 1.48297E-1 1.56158E-1 1.6597E-1 1.70625E-1 1.82796E-1 2.1805E-1 2.4349E-1 4.83166E-1 5.18889E-1 5.72342E-1 6.3824E-1 6.29288E-1 6.96143E-1 7.62486E-1 7.54439E-1 7.42344E-1 6.43005E-1 6.26403E-1 5.31669E-1 5.41637E-1 6.65298E-1 6.85164E-1 6.85347E-1 5.88105E-1 6.84679E-1 6.86948E-1 6.9023E-1 7.00526E-1 6.30361E-1 6.85038E-1 6.31514E-1 5.30972E-1 5.24001E-1 5.19276E-1 3.7047E-1 3.83076E-1 4.25873E-1 4.19906E-1 4.25033E-1 4.25088E-1
4.00399E-2 4.12337E-2 6.49003E-2 6.19756E-2 3.74328E-2 3.48336E-2 3.21994E-2 3.13164E-2 4.75805E-2 4.9725E-2 5.466E-2 5.86883E-2 6.22668E-2 3.20314E-2 4.31029E-2 5.8366E-2 6.51436E-2 6.96623E-2 7.54794E-2 8.51506E-2 9.32168E-2 1.11304E-1 1.29709E-1 1.37741E-1 1.47566E-1 1.38628E-1 1.80992E-1 2.08877E-1 2.04092E-1 2.15534E-1 2.40827E-1 2.96703E-1 5.40352E-1 5.75988E-1 6.0951E-1 6.41044E-1 6.96491E-1 7.34035E-1 7.19297E-1 7.59413E-1 6.59494E-1 6.55104E-1 6.32315E-1 5.62886E-1 4.95113E-1 6.33283E-1 6.38155E-1 5.50578E-1 5.66591E-1 5.79985E-1 6.14511E-1 6.87845E-1 6.35993E-1 5.89526E-1 5.42155E-1 5.53339E-1 5.19176E-1 5.32415E-1 4.95211E-1 3.3006E-1 2.56324E-1 3.83243E-1 4.15596E-1 4.07058E-1 3.97684E-1
4.86705E-2 4.73054E-2 4.29224E-2 7.49199E-2 7.05037E-2 6.3235E-2 5.94327E-2 5.23127E-2 4.96158E-2 5.4814E-2 5.58993E-2 5.90643E-2 5.91466E-2 6.14156E-2 6.29855E-2 6.89405E-2 7.45444E-2 7.8254E-2 8.38837E-2 8.88949E-2 1.0255E-1 1.17446E-1 1.3459E-1 1.5736E-1 1.61554E-1 1.91961E-1 2.19254E-1 2.42852E-1 2.57188E-1 2.63619E-1 2.84054E-1 3.14746E-1 5.57319E-1 6.28983E-1 6.8756E-1 7.53886E-1 7.419E-1 7.43323E-1 7.36654E-1 7.35559E-1 6.71735E-1 6.56228E-1 6.34095E-1 5.20687E-1 5.24715E-1 5.27968E-1 5.19552E-1 4.18011E-1 4.63762E-1 5.0825E-1 5.43857E-1 6.81379E-1 6.10401E-1 5.77907E-1 5.52907E-1 5.31841E-1 5.14599E-1 4.76601E-1 4.18958E-1 3.21362E-1 3.02277E-1 3.34443E-1 4.05912E-1 4.06026E-1 3.99052E-1
6.05853E-2 6.09034E-2 1.04994E-1 1.05349E-1 7.98683E-2 7.71951E-2 7.10867E-2 6.365E-2 5.74038E-2 5.91736E-2 5.49903E-2 4.03782E-2 2.94842E-2 2.98141E-2 3.41455E-2 4.96768E-2 6.47033E-2 7.71474E-2 9.23207E-2 9.86072E-2 1.09893E-1 1.28061E-1 1.46533E-1 1.80868E-1 2.15902E-1 2.45557E-1 2.624E-1 2.85636E-1 2.93735E-1 2.96829E-1 3.0644E-1 3.22525E-1 5.80043E-1 6.61386E-1 7.29661E-1 7.68464E-1 7.60255E-1 7.60754E-1 7.46598E-1 7.35542E-1 7.26547E-1 6.67321E-1 6.44551E-1 5.88679E-1 4.80622E-1 5.32036E-1 5.21371E-1 4.71058E-1 4.60966E-1 5.70598E-1 5.37605E-1 6.81817E-1 6.21934E-1 4.26672E-1 5.12312E-1 4.20029E-1 4.45289E-1 4.50892E-1 3.98881E-1 3.69864E-1 3.906E-1 3.53057E-1 3.83981E-1 3.87529E-1 3.80017E-1
8.326E-2 8.03745E-2 1.34774E-1 1.23013E-1 1.20351E-1 1.13955E-1 8.9882E-2 8.17666E-2 7.66891E-2 8.01199E-2 7.77506E-2 6.89285E-2 4.88925E-2 5.57719E-2 7.15457E-2 7.64115E-2 8.1013E-2 8.74421E-2 9.73822E-2 1.10876E-1 1.23352E-1 1.41537E-1 1.67741E-1 2.32673E-1 2.68341E-1 3.16347E-1 3.17069E-1 3.19305E-1 3.33278E-1 3.3636E-1 3.29962E-1 3.58621E-1 6.26372E-1 7.06039E-1 7.90746E-1 7.72745E-1 7.6964E-1 7.61456E-1 7.45171E-1 7.46864E-1 7.22866E-1 7.40225E-1 6.28752E-1 5.69946E-1 5.62065E-1 5.77941E-1 5.76606E-1 5.90106E-1 5.64829E-1 6.61107E-1 6.08594E-1 6.40257E-1 6.26814E-1 5.33548E-1 4.39687E-1 3.7393E-1 3.12027E-1 4.09294E-1 3.8949E-1 4.01688E-1 3.71456E-1 3.69447E-1 4.04961E-1 3.65387E-1 3.44048E-1
1.24309E-1 2.03887E-1 1.85941E-1 1.83975E-1 1.58873E-1 1.46658E-1 1.14331E-1 1.0897E-1 1.0864E-1 1.02755E-1 6.64731E-2 9.19112E-2 6.06384E-2 6.49904E-2 8.55246E-2 8.78401E-2 9.40715E-2 9.98561E-2 1.06172E-1 1.23874E-1 1.3424E-1 1.5697E-1 1.98427E-1 2.62432E-1 3.26283E-1 5.78228E-1 5.4503E-1 6.13863E-1 5.77762E-1 3.59291E-1 3.6836E-1 4.1584E-1 6.8804E-1 7.65477E-1 7.95472E-1 7.81332E-1 7.61435E-1 7.53163E-1 7.51312E-1 7.43553E-1 7.26758E-1 7.51941E-1 5.99537E-1 5.6788E-1 5.88776E-1 5.917E-1 5.90908E-1 5.85674E-1 5.78163E-1 6.85692E-1 6.23712E-1 5.86058E-1 5.91874E-1 5.38616E-1 4.11693E-1 3.46921E-1 3.35309E-1 3.80719E-1 3.80654E-1 3.7201E-1 3.66194E-1 3.90023E-1 3.807E-1 3.59689E-1 3.54891E-1
2.31852E-1 2.46801E-1 2.38053E-1 2.26561E-1 2.21565E-1 2.10675E-1 1.58781E-1 1.44358E-1 1.55382E-1 1.47444E-1 1.2674E-1 9.11203E-2 4.06857E-2 5.71805E-2 9.92282E-2 1.02302E-1 9.98532E-2 1.06344E-1 1.16984E-1 1.34242E-1 1.52329E-1 1.7489E-1 2.11873E-1 2.77462E-1 5.495E-1 6.51992E-1 6.99806E-1 6.9455E-1 6.64683E-1 6.41779E-1 6.32361E-1 6.81602E-1 7.75098E-1 8.13054E-1 7.92644E-1 7.80093E-1 7.64E-1 6.53445E-1 7.40969E-1 7.40304E-1 7.67034E-1 6.17342E-1 5.62133E-1 5.87294E-1 6.96088E-1 5.98038E-1 5.82649E-1 6.02332E-1 6.07943E-1 7.14703E-1 5.86277E-1 5.36519E-1 5.50789E-1 5.21719E-1 4.09563E-1 3.97355E-1 3.4991E-1 2.77459E-1 3.27559E-1 3.32707E-1 3.35233E-1 3.8567E-1 3.64894E-1 3.59394E-1 3.62541E-1
2.55447E-1 2.76015E-1 2.73504E-1 2.66197E-1 2.72294E-1 2.35762E-1 2.26846E-1 2.35436E-1 2.61844E-1 2.0949E-1 1.78917E-1 8.66719E-2 8.22037E-2 4.80117E-2 1.19168E-1 1.03387E-1 1.05542E-1 1.17757E-1 1.30639E-1 1.53606E-1 1.73492E-1 1.96507E-1 2.3223E-1 2.91632E-1 3.49374E-1 6.39907E-1 7.14539E-1 7.19616E-1 6.90628E-1 7.02585E-1 6.99514E-1 7.78736E-1 7.59026E-1 8.01211E-1 7.85302E-1 7.60858E-1 7.58578E-1 6.52709E-1 7.42114E-1 7.3353E-1 7.52667E-1 5.4578E-1 5.64803E-1 5.85305E-1 6.99762E-1 6.91669E-1 6.89546E-1 5.99087E-1 5.95177E-1 5.07922E-1 4.83496E-1 4.76995E-1 4.68258E-1 4.35087E-1 4.79198E-1 4.19801E-1 3.16625E-1 3.57159E-1 3.32914E-1 3.20853E-1 3.29733E-1 3.75701E-1 3.54721E-1 3.53262E-1 3.70793E-1
