KUENM_DEFAULT/Final_Models/M_1_F_lqpth_Set_1_NE/sp1_1_se_asia.asc
ncols         320
nrows         243
xllcorner     44.0
yllcorner     -0.666666666666667
cellsize      0.166666666666667
NODATA_value  -9999
[rows 31 to 61 of 243, columns 70 to 139 of 320]
2.21832E-3 2.2861E-3 2.296E-3 2.39956E-3 2.39799E-3 2.39532E-3 2.41371E-3 2.33722E-3 2.0192E-3 1.90385E-3 2.50812E-3 2.7968E-3 2.67142E-3 2.52374E-3 2.81147E-3 2.75728E-3 3.112E-3 3.88809E-3 4.40204E-3 5.08433E-3 5.20413E-3 5.95973E-3 6.0846E-3 6.40066E-3 6.68448E-3 6.30827E-3 7.26254E-3 7.49545E-3 7.02343E-3 9.08043E-3 1.08169E-2 1.16701E-2 1.31285E-2 1.42933E-2 1.61618E-2 1.7982E-2 1.83236E-2 1.75977E-2 1.62784E-2 1.08637E-2 1.14228E-2 8.14111E-3 7.21739E-3 4.34826E-3 3.03704E-3 3.20425E-3 3.0265E-3 2.40298E-3 1.9206E-3 1.70988E-3 1.21669E-3 1.20457E-3 8.96361E-4 1.13269E-3 1.13851E-3 1.20127E-3 1.1131E-3 1.01165E-3 1.02904E-3 9.82512E-4 1.00744E-3 9.8696E-4 8.94813E-4 9.22201E-4 8.87916E-4 9.10351E-4 8.55817E-4 1.03825E-3 9.28229E-4 9.88605E-4
2.17086E-3 2.17195E-3 2.1681E-3 2.23741E-3 2.18138E-3 2.17795E-3 2.43336E-3 2.35669E-3 2.13406E-3 1.78667E-3 2.31953E-3 2.4355E-3 2.65333E-3 2.08532E-3 1.73548E-3 1.85099E-3 2.41355E-3 3.08848E-3 3.66489E-3 4.24091E-3 4.78077E-3 5.08005E-3 5.46943E-3 5.30392E-3 6.0359E-3 6.61608E-3 6.92764E-3 7.45238E-3 7.01612E-3 7.18978E-3 9.21707E-3 1.0213E-2 1.09328E-2 1.28227E-2 1.5341E-2 1.68081E-2 1.85597E-2 2.12404E-2 2.19873E-2 2.04583E-2 2.03563E-2 1.5223E-2 6.47953E-3 3.17354E-3 5.32388E-3 9.31356E-3 6.34762E-3 3.35141E-3 2.02631E-3 2.15618E-3 2.09097E-3 1.58083E-3 1.34825E-3 1.25398E-3 1.08826E-3 1.13426E-3 1.06566E-3 8.58277E-4 8.64123E-4 8.16629E-4 8.15114E-4 7.87053E-4 8.1793E-4 8.24153E-4 8.67072E-4 9.47072E-4 1.0128E-3 1.00118E-3 1.05534E-3 9.99687E-4
1.91741E-3 2.23694E-3 2.26549E-3 2.19511E-3 1.98358E-3 1.60751E-3 1.87095E-3 1.90303E-3 1.78501E-3 1.98891E-3 2.43851E-3 2.30307E-3 2.37814E-3 2.19985E-3 1.80184E-3 1.61799E-3 1.61316E-3 2.40403E-3 2.92925E-3 3.39697E-3 3.79972E-3 4.53134E-3 5.21666E-3 4.87123E-3 5.03406E-3 6.35696E-3 6.61847E-3 6.87176E-3 7.49174E-3 7.79136E-3 8.06999E-3 8.30698E-3 9.74116E-3 1.09595E-2 1.16533E-2 1.30127E-2 1.37583E-2 1.81406E-2 2.18002E-2 2.4632E-2 2.17781E-2 2.01503E-2 1.53046E-2 1.35106E-2 1.07188E-2 4.04187E-3 2.49944E-3 2.61516E-3 2.36727E-3 2.22634E-3 1.63702E-3 1.09757E-3 9.93253E-4 9.41252E-4 8.20043E-4 8.05399E-4 7.66692E-4 7.60158E-4 8.06348E-4 7.81267E-4 8.0089E-4 8.10753E-4 8.70719E-4 1.00455E-3 9.46902E-4 1.00641E-3 1.06614E-3 1.13739E-3 1.06875E-3 1.00545E-3
2.03404E-3 1.97247E-3 1.98296E-3 1.87234E-3 1.64371E-3 1.1161E-3 1.62857E-3 1.56603E-3 1.45681E-3 1.90898E-3 2.16749E-3 2.17458E-3 2.04707E-3 2.02463E-3 2.005E-3 1.89154E-3 1.47333E-3 1.45422E-3 2.07704E-3 2.35555E-3 2.74416E-3 3.53281E-3 4.1891E-3 4.67698E-3 4.58929E-3 5.74264E-3 5.9621E-3 6.64517E-3 6.98717E-3 7.29525E-3 8.17761E-3 8.84709E-3 9.02671E-3 9.7165E-3 9.39775E-3 8.50703E-3 1.07076E-2 1.36321E-2 1.36835E-2 1.32728E-2 1.07577E-2 7.27839E-3 4.58183E-3 3.52243E-3 3.91833E-3 3.06952E-3 2.43291E-3 2.7264E-3 1.93848E-3 1.59217E-3 1.35631E-3 1.23282E-3 1.03544E-3 1.02808E-3 9.14881E-4 8.35528E-4 9.47568E-4 8.40139E-4 8.21426E-4 9.122E-4 9.68655E-4 8.57663E-4 8.86726E-4 1.1323E-3 1.09741E-3 1.11012E-3 1.04153E-3 1.03014E-3 1.16349E-3 1.13674E-3
1.75969E-3 2.0791E-3 2.0311E-3 1.74146E-3 1.31002E-3 1.29329E-3 1.57221E-3 1.388E-3 1.13662E-3 1.53662E-3 1.93635E-3 2.10527E-3 1.91897E-3 1.80784E-3 1.73299E-3 1.82283E-3 1.91086E-3 1.62397E-3 1.66136E-3 2.29015E-3 2.62671E-3 2.55823E-3 3.28707E-3 3.79487E-3 4.14155E-3 4.65525E-3 4.96116E-3 5.58227E-3 5.96709E-3 6.62622E-3 6.54876E-3 6.9801E-3 7.20251E-3 6.82152E-3 7.1365E-3 7.92605E-3 8.80591E-3 9.27075E-3 8.05622E-3 6.67785E-3 6.20647E-3 4.51109E-3 2.77244E-3 2.28255E-3 2.21954E-3 2.48821E-3 2.71116E-3 2.21104E-3 1.40847E-3 1.34566E-3 1.1629E-3 1.05373E-3 9.89918E-4 1.06212E-3 1.07373E-3 1.02873E-3 8.83422E-4 8.94364E-4 8.23601E-4 8.58804E-4 1.16668E-3 1.0154E-3 1.03029E-3 1.24825E-3 9.78931E-4 1.03756E-3 1.05108E-3 1.14283E-3 1.29245E-3 1.20816E-3
1.72281E-3 1.80267E-3 1.64297E-3 1.57972E-3 1.46767E-3 1.89283E-3 2.06645E-3 1.8353E-3 1.08598E-3 1.11044E-3 1.79349E-3 1.8454E-3 1.90632E-3 1.87291E-3 1.77165E-3 1.89999E-3 2.03024E-3 1.99837E-3 1.75392E-3 1.66619E-3 2.12279E-3 2.45815E-3 2.8223E-3 3.24328E-3 3.02631E-3 3.28393E-3 4.22701E-3 4.61804E-3 5.11628E-3 5.59747E-3 5.91487E-3 6.28477E-3 5.92378E-3 5.94529E-3 6.38401E-3 6.83774E-3 6.81383E-3 6.63708E-3 6.17055E-3 6.16295E-3 4.97129E-3 4.2832E-3 3.6713E-3 2.40412E-3 2.43419E-3 1.81813E-3 1.57122E-3 1.34748E-3 1.57751E-3 1.28771E-3 1.57886E-3 1.53716E-3 1.39975E-3 1.01479E-3 1.02286E-3 1.04454E-3 9.2407E-4 1.0997E-3 1.20696E-3 1.28256E-3 1.36868E-3 9.65161E-4 1.34673E-3 1.56418E-3 1.21978E-3 1.43527E-3 1.40976E-3 1.34784E-3 1.17845E-3 1.04579E-3
1.72359E-3 1.59982E-3 1.43729E-3 1.12487E-3 1.06904E-3 1.80768E-3 2.10611E-3 2.04563E-3 1.49741E-3 8.52733E-4 1.3238E-3 1.54566E-3 1.63487E-3 1.55702E-3 1.75734E-3 1.75064E-3 1.85256E-3 1.87133E-3 2.1349E-3 1.9325E-3 1.85137E-3 2.04424E-3 2.39485E-3 2.24696E-3 2.85225E-3 3.09181E-3 3.67175E-3 4.14687E-3 4.73408E-3 5.09433E-3 5.2613E-3 5.44524E-3 5.30351E-3 5.50805E-3 5.46146E-3 5.85719E-3 5.74043E-3 5.3518E-3 5.22091E-3 5.51595E-3 4.36014E-3 3.51123E-3 3.32957E-3 3.17609E-3 1.96104E-3 1.77141E-3 2.19237E-3 2.52955E-3 2.47409E-3 2.15319E-3 1.84681E-3 1.66263E-3 1.41572E-3 1.36353E-3 1.1663E-3 9.72367E-4 1.24023E-3 1.26864E-3 1.88078E-3 2.22976E-3 1.9348E-3 1.13798E-3 1.77313E-3 2.1667E-3 1.97724E-3 1.79498E-3 1.31159E-3 1.10702E-3 1.18119E-3 1.23091E-3
1.73067E-3 1.34812E-3 1.22017E-3 1.00712E-3 1.1232E-3 1.60314E-3 1.97493E-3 2.06264E-3 1.74315E-3 1.06615E-3 1.09619E-3 1.47302E-3 1.57004E-3 1.43237E-3 1.65839E-3 1.77171E-3 1.8188E-3 1.92999E-3 2.01561E-3 2.07604E-3 1.79003E-3 1.84666E-3 1.74298E-3 1.69152E-3 1.97517E-3 1.93986E-3 2.28842E-3 3.36574E-3 4.00227E-3 4.65245E-3 4.47786E-3 4.50243E-3 4.28352E-3 4.77114E-3 4.42669E-3 4.51108E-3 4.39424E-3 4.12971E-3 4.64985E-3 4.71073E-3 5.04035E-3 4.49733E-3 3.57448E-3 2.84133E-3 2.83709E-3 3.19017E-3 3.14319E-3 2.51892E-3 1.87636E-3 2.14554E-3 1.99249E-3 1.69391E-3 1.14886E-3 1.20835E-3 1.38437E-3 1.43069E-3 1.63324E-3 1.5801E-3 2.04139E-3 2.15831E-3 3.00957E-3 1.46179E-3 2.29826E-3 3.19069E-3 2.10983E-3 1.81681E-3 1.48856E-3 1.22327E-3 1.27824E-3 1.2823E-3
1.64255E-3 1.51676E-3 1.03544E-3 1.13539E-3 1.21064E-3 1.46415E-3 1.75921E-3 1.94231E-3 1.95005E-3 1.49654E-3 1.13052E-3 1.32169E-3 1.55E-3 1.66172E-3 1.73152E-3 1.69011E-3 1.80206E-3 1.70206E-3 1.924E-3 1.82519E-3 1.93779E-3 1.74018E-3 1.49992E-3 1.42562E-3 1.53806E-3 1.67673E-3 1.77594E-3 2.12223E-3 3.19376E-3 3.69481E-3 3.62517E-3 3.60653E-3 3.76052E-3 3.93934E-3 3.58491E-3 3.8401E-3 3.67332E-3 3.73425E-3 3.85607E-3 4.0825E-3 3.79596E-3 3.46969E-3 3.0607E-3 3.27819E-3 2.8928E-3 3.33558E-3 2.84092E-3 2.57558E-3 3.02271E-3 2.50467E-3 2.20412E-3 1.83279E-3 1.40425E-3 1.30418E-3 1.42713E-3 1.67202E-3 2.14488E-3 2.06638E-3 2.86953E-3 4.18191E-3 3.5202E-3 2.61429E-3 3.95305E-3 2.93093E-3 1.94068E-3 1.17061E-3 1.3064E-3 1.37454E-3 1.28016E-3 1.31613E-3
1.41267E-3 1.52396E-3 1.21612E-3 1.10094E-3 1.07705E-3 1.18276E-3 1.48929E-3 1.79377E-3 2.03053E-3 2.12316E-3 1.17897E-3 1.25054E-3 1.73692E-3 1.90677E-3 1.77192E-3 1.51026E-3 1.65119E-3 1.49033E-3 1.38449E-3 1.48871E-3 1.68502E-3 1.49248E-3 1.32862E-3 1.39839E-3 1.64387E-3 1.71455E-3 1.88248E-3 1.76456E-3 2.61994E-3 3.14402E-3 3.10957E-3 3.12609E-3 3.52305E-3 3.23961E-3 2.99883E-3 3.08843E-3 2.76029E-3 2.79042E-3 3.00492E-3 2.84479E-3 2.85202E-3 3.12512E-3 3.04108E-3 2.57912E-3 2.3898E-3 2.45777E-3 3.162E-3 2.64346E-3 2.02234E-3 1.89756E-3 1.62514E-3 1.29578E-3 1.3564E-3 1.65249E-3 2.08752E-3 3.11703E-3 3.40192E-3 2.05532E-3 3.99528E-3 6.25787E-3 4.15725E-3 4.53478E-3 3.83364E-3 2.84771E-3 1.73507E-3 1.70569E-3 2.08054E-3 1.39896E-3 1.47812E-3 1.60263E-3
1.13142E-3 1.55752E-3 1.40041E-3 1.06866E-3 9.63995E-4 1.06908E-3 1.46963E-3 1.63547E-3 1.75005E-3 1.97737E-3 1.88469E-3 1.63588E-3 1.89477E-3 1.98307E-3 2.09797E-3 1.90554E-3 1.90716E-3 1.78759E-3 1.44614E-3 1.66521E-3 1.67876E-3 1.64082E-3 1.61489E-3 1.34834E-3 1.30879E-3 1.67507E-3 1.94435E-3 2.01403E-3 2.40431E-3 2.69356E-3 2.9463E-3 2.91336E-3 2.94057E-3 2.55958E-3 2.59898E-3 2.64017E-3 2.5903E-3 2.69897E-3 2.46375E-3 2.56784E-3 2.78779E-3 2.85425E-3 3.04011E-3 2.92229E-3 2.81134E-3 2.73981E-3 2.68054E-3 1.90605E-3 1.72389E-3 1.58559E-3 1.48142E-3 1.73924E-3 1.71659E-3 2.19495E-3 3.58008E-3 3.75459E-3 2.81566E-3 2.88001E-3 6.69626E-3 8.20617E-3 5.73095E-3 3.94892E-3 5.50066E-3 4.15758E-3 3.3949E-3 3.31384E-3 2.12786E-3 1.33996E-3 1.70789E-3 2.14332E-3
1.10758E-3 1.2727E-3 1.25377E-3 1.12003E-3 1.13169E-3 1.18195E-3 1.39209E-3 1.64976E-3 1.72041E-3 1.7259E-3 1.98876E-3 2.15346E-3 1.9273E-3 1.90551E-3 1.95699E-3 2.05655E-3 1.92459E-3 1.93576E-3 1.70837E-3 1.67112E-3 1.34531E-3 1.25447E-3 1.35453E-3 1.38211E-3 1.29982E-3 1.25778E-3 1.71646E-3 1.88587E-3 2.03384E-3 2.52053E-3 2.77294E-3 2.86982E-3 2.77858E-3 2.32857E-3 2.26517E-3 2.30018E-3 2.48054E-3 2.31066E-3 2.23179E-3 2.5329E-3 2.72253E-3 2.95773E-3 2.8617E-3 2.55455E-3 2.74968E-3 2.58841E-3 2.45501E-3 2.04138E-3 1.98728E-3 1.62227E-3 1.78869E-3 1.97855E-3 2.20175E-3 3.25832E-3 4.53892E-3 4.13307E-3 3.40332E-3 3.93545E-3 7.51098E-3 8.19195E-3 6.53033E-3 9.46179E-3 8.49148E-3 6.28031E-3 3.65706E-3 1.97321E-3 1.81491E-3 1.76801E-3 2.73696E-3 2.83472E-3
1.03287E-3 1.3225E-3 1.33566E-3 1.1106E-3 1.20946E-3 1.23728E-3 1.34169E-3 1.58988E-3 1.50021E-3 1.30709E-3 1.48151E-3 2.1247E-3 2.16265E-3 1.83309E-3 1.89369E-3 1.97329E-3 1.76929E-3 1.86216E-3 1.86048E-3 1.701E-3 1.4889E-3 1.47665E-3 1.21914E-3 1.22584E-3 1.29307E-3 1.28643E-3 1.53537E-3 1.68204E-3 1.66334E-3 2.25314E-3 2.44169E-3 2.85666E-3 2.21142E-3 2.13392E-3 2.16473E-3 2.44921E-3 2.27431E-3 2.27915E-3 2.28782E-3 2.39647E-3 2.44247E-3 2.31339E-3 2.45736E-3 2.26814E-3 2.09432E-3 1.99708E-3 1.92144E-3 2.00841E-3 1.84999E-3 1.93231E-3 1.95492E-3 1.99099E-3 2.8512E-3 3.49163E-3 4.77858E-3 4.45032E-3 4.76076E-3 5.90803E-3 9.79086E-3 9.26244E-3 1.22882E-2 1.3376E-2 9.43497E-3 4.37205E-3 2.06129E-3 3.69423E-3 4.87135E-3 5.13175E-3 5.00376E-3 3.48028E-3
1.04709E-3 1.27031E-3 1.41992E-3 1.28352E-3 1.32617E-3 1.35163E-3 1.34617E-3 1.6215E-3 1.61646E-3 1.24244E-3 1.07255E-3 2.01669E-3 2.21009E-3 1.927E-3 2.04117E-3 1.92441E-3 1.71575E-3 1.66791E-3 1.49366E-3 1.45585E-3 1.27323E-3 1.38318E-3 1.46544E-3 1.26769E-3 1.22838E-3 1.3022E-3 1.51873E-3 1.43966E-3 1.48923E-3 1.44311E-3 1.98627E-3 2.38892E-3 2.22216E-3 2.10535E-3 2.07584E-3 2.02618E-3 2.24279E-3 1.79158E-3 2.04996E-3 1.91892E-3 2.25954E-3 1.6066E-3 1.73527E-3 2.04788E-3 2.01919E-3 2.17603E-3 2.08086E-3 2.12087E-3 2.25066E-3 2.1311E-3 1.93295E-3 2.31778E-3 3.12503E-3 4.0096E-3 4.85354E-3 5.45059E-3 6.71583E-3 7.92422E-3 6.85616E-3 8.89861E-3 1.04864E-2 9.16286E-3 6.54332E-3 4.39851E-3 4.49153E-3 8.39162E-3 9.98046E-3 9.17069E-3 5.69577E-3 5.74789E-3
8.07906E-4 1.23956E-3 1.3188E-3 1.25907E-3 1.31122E-3 1.33246E-3 1.42588E-3 1.54747E-3 1.73062E-3 1.67073E-3 1.50602E-3 2.17684E-3 2.28139E-3 2.23173E-3 2.37943E-3 2.02516E-3 1.98075E-3 1.95895E-3 1.72232E-3 1.67459E-3 1.49445E-3 1.23788E-3 1.1176E-3 1.15053E-3 1.33492E-3 1.27484E-3 1.14721E-3 1.40629E-3 1.70974E-3 1.46754E-3 1.58295E-3 2.14095E-3 2.2073E-3 2.29421E-3 2.07989E-3 2.08498E-3 1.85573E-3 1.85378E-3 1.79774E-3 1.85031E-3 1.89157E-3 1.99057E-3 2.25977E-3 2.39793E-3 2.28958E-3 2.47515E-3 2.24474E-3 2.58826E-3 2.32181E-3 2.29245E-3 2.37171E-3 2.80914E-3 3.15583E-3 3.8595E-3 4.73013E-3 5.63135E-3 6.37437E-3 7.09411E-3 6.20314E-3 6.78959E-3 7.63731E-3 8.99524E-3 9.5449E-3 1.23464E-2 1.25712E-2 1.52943E-2 1.33667E-2 1.27325E-2 1.19947E-2 7.88058E-3
7.94578E-4 9.12745E-4 8.48947E-4 1.20513E-3 1.42657E-3 1.50607E-3 1.60029E-3 1.6408E-3 1.8585E-3 1.87706E-3 1.85539E-3 2.28031E-3 2.26485E-3 2.38137E-3 2.37611E-3 2.28657E-3 2.05242E-3 1.89855E-3 1.8334E-3 1.55681E-3 1.51992E-3 1.2997E-3 1.17893E-3 1.08653E-3 1.25333E-3 1.37804E-3 1.16267E-3 1.19212E-3 1.46891E-3 1.51792E-3 1.63724E-3 2.02583E-3 1.97843E-3 1.9967E-3 1.9137E-3 2.12693E-3 2.04694E-3 2.08455E-3 2.04452E-3 2.03003E-3 1.89844E-3 2.07808E-3 2.31694E-3 2.12003E-3 2.30347E-3 2.1351E-3 2.26776E-3 2.10783E-3 2.38099E-3 2.24488E-3 2.60054E-3 2.95983E-3 3.26946E-3 3.97842E-3 4.42721E-3 5.45918E-3 6.34417E-3 6.65582E-3 6.79562E-3 8.72392E-3 1.08045E-2 1.27035E-2 1.38835E-2 1.57498E-2 1.51271E-2 1.49964E-2 1.75514E-2 1.8121E-2 1.24819E-2 7.52301E-3
7.51557E-4 8.64199E-4 8.78933E-4 9.37814E-4 1.41684E-3 1.57854E-3 1.82329E-3 1.97902E-3 2.15253E-3 2.12163E-3 2.11935E-3 2.38979E-3 2.3108E-3 2.40815E-3 2.49703E-3 2.4214E-3 2.2832E-3 1.96906E-3 1.88874E-3 1.51356E-3 1.43914E-3 1.31265E-3 1.26291E-3 1.11112E-3 1.09067E-3 1.18388E-3 1.21706E-3 1.11757E-3 1.34183E-3 1.29625E-3 1.49079E-3 1.69974E-3 2.08479E-3 2.09673E-3 1.98652E-3 1.9379E-3 1.84465E-3 1.84414E-3 1.93841E-3 1.8897E-3 2.19027E-3 1.85122E-3 2.01698E-3 2.26217E-3 2.09258E-3 2.23619E-3 2.46363E-3 2.17775E-3 2.34344E-3 2.23667E-3 2.47972E-3 2.83786E-3 3.10581E-3 3.73033E-3 4.38397E-3 5.10699E-3 5.77688E-3 5.69054E-3 7.1167E-3 9.31849E-3 1.13298E-2 1.2784E-2 1.50142E-2 1.64242E-2 1.72519E-2 2.07366E-2 1.99492E-2 1.71393E-2 1.02096E-2 8.36776E-3
6.71369E-4 5.76323E-4 8.58487E-4 8.78329E-4 1.22275E-3 1.71304E-3 1.94117E-3 2.09486E-3 2.39192E-3 2.52103E-3 2.56728E-3 2.36825E-3 2.3898E-3 2.39536E-3 2.39285E-3 2.40891E-3 2.47911E-3 2.07752E-3 1.80036E-3 1.53113E-3 1.36603E-3 1.37225E-3 1.41525E-3 1.20597E-3 1.04371E-3 1.02066E-3 1.14999E-3 1.07685E-3 1.2248E-3 1.37561E-3 1.31214E-3 1.49831E-3 1.93854E-3 1.8845E-3 1.68998E-3 1.69265E-3 1.70347E-3 1.70401E-3 1.70393E-3 1.79742E-3 1.84921E-3 2.11825E-3 1.91141E-3 2.09274E-3 2.16841E-3 2.3961E-3 2.11207E-3 2.26641E-3 2.4053E-3 2.28212E-3 2.49977E-3 2.67142E-3 3.21084E-3 3.61543E-3 4.18171E-3 5.13978E-3 6.03074E-3 6.97879E-3 8.33641E-3 9.95639E-3 1.15426E-2 1.27351E-2 1.47651E-2 1.73668E-2 1.86649E-2 1.98517E-2 2.16599E-2 1.50954E-2 8.52581E-3 9.74932E-3
7.98368E-4 7.27077E-4 7.86709E-4 7.63557E-4 1.12137E-3 1.50749E-3 1.61958E-3 1.35619E-3 1.60611E-3 2.51724E-3 2.78046E-3 2.39328E-3 2.45119E-3 2.46917E-3 2.48076E-3 2.48234E-3 2.36136E-3 2.24711E-3 2.05113E-3 1.69635E-3 1.61628E-3 1.2903E-3 1.1613E-3 1.49922E-3 1.4654E-3 1.2941E-3 1.24583E-3 1.30634E-3 1.39763E-3 1.60198E-3 1.49067E-3 1.47151E-3 1.73533E-3 1.6968E-3 1.64797E-3 2.00314E-3 2.03207E-3 2.00517E-3 1.64991E-3 1.79864E-3 1.93456E-3 1.93174E-3 2.05011E-3 2.26932E-3 1.89905E-3 2.03033E-3 2.12602E-3 2.05282E-3 2.1294E-3 2.46633E-3 2.58718E-3 2.74404E-3 2.8234E-3 3.33634E-3 4.14791E-3 5.50695E-3 6.35301E-3 7.45015E-3 9.82999E-3 1.01268E-2 1.1576E-2 1.26691E-2 1.52987E-2 1.6622E-2 1.93129E-2 2.09108E-2 2.07954E-2 1.68554E-2 1.39881E-2 1.27154E-2
1.13496E-3 8.48326E-4 1.02731E-3 8.45636E-4 9.22209E-4 1.35469E-3 1.72635E-3 1.95215E-3 1.94213E-3 3.22555E-3 3.38662E-3 2.72185E-3 2.63961E-3 2.55701E-3 2.51081E-3 2.51493E-3 2.43899E-3 2.20109E-3 2.0429E-3 1.65781E-3 1.69466E-3 1.64497E-3 1.52138E-3 1.49394E-3 1.48143E-3 1.36244E-3 1.19192E-3 1.34699E-3 1.47914E-3 1.43332E-3 1.48721E-3 1.54159E-3 1.66041E-3 1.94838E-3 1.89867E-3 1.78275E-3 1.93258E-3 1.84279E-3 1.94947E-3 2.06843E-3 2.18067E-3 1.84857E-3 2.02479E-3 2.02938E-3 1.81965E-3 1.93312E-3 2.03853E-3 2.20427E-3 2.32431E-3 2.19549E-3 2.45148E-3 2.73416E-3 2.8234E-3 3.24901E-3 3.91566E-3 4.78775E-3 6.4202E-3 7.87194E-3 9.58416E-3 1.07294E-2 1.16957E-2 1.35563E-2 1.61344E-2 1.85426E-2 1.97122E-2 2.16281E-2 1.92157E-2 1.52828E-2 1.46035E-2 1.26094E-2
1.33575E-3 1.25756E-3 1.15548E-3 9.68477E-4 7.68084E-4 1.01699E-3 1.58651E-3 1.93861E-3 2.17689E-3 2.80552E-3 3.57341E-3 2.91236E-3 3.11704E-3 2.70508E-3 3.08297E-3 2.9862E-3 2.85711E-3 2.20476E-3 2.09384E-3 2.02847E-3 1.85717E-3 1.91858E-3 1.80953E-3 1.41721E-3 1.47141E-3 1.33906E-3 1.02245E-3 1.57877E-3 1.51995E-3 1.3767E-3 1.39093E-3 1.64664E-3 1.58154E-3 1.87477E-3 1.69429E-3 1.71934E-3 1.72167E-3 1.87374E-3 1.98239E-3 2.02131E-3 2.12678E-3 2.16453E-3 1.92775E-3 1.98634E-3 2.14572E-3 2.14897E-3 2.00061E-3 2.0123E-3 2.29652E-3 2.45674E-3 2.7827E-3 2.86962E-3 2.9115E-3 3.30776E-3 4.06E-3 4.66168E-3 5.96339E-3 7.37368E-3 9.3552E-3 1.05512E-2 1.18953E-2 1.47854E-2 1.66386E-2 1.98667E-2 2.24353E-2 2.26905E-2 1.52321E-2 1.36897E-2 1.28428E-2 1.17561E-2
1.15548E-3 1.53017E-3 1.50762E-3 1.20239E-3 1.11655E-3 1.01044E-3 1.42948E-3 1.69034E-3 1.49592E-3 2.40416E-3 3.03627E-3 3.43905E-3 3.57521E-3 3.38163E-3 3.16235E-3 3.16591E-3 3.06712E-3 2.60276E-3 2.14604E-3 1.91648E-3 1.76292E-3 1.7939E-3 1.88712E-3 1.69223E-3 1.60223E-3 1.28107E-3 1.21284E-3 1.577E-3 1.48936E-3 1.65139E-3 1.61681E-3 1.54916E-3 1.89325E-3 1.86381E-3 1.73874E-3 1.65434E-3 1.70528E-3 1.84745E-3 1.92455E-3 2.09472E-3 2.09494E-3 2.17461E-3 2.29695E-3 1.83754E-3 1.93705E-3 2.09368E-3 1.97874E-3 2.015E-3 2.25927E-3 2.66787E-3 2.91242E-3 2.8206E-3 2.94438E-3 3.5436E-3 3.84547E-3 4.80891E-3 6.27572E-3 7.63548E-3 8.86404E-3 1.08088E-2 1.24563E-2 1.55845E-2 1.8407E-2 2.15034E-2 2.57635E-2 2.24031E-2 1.16647E-2 1.06313E-2 9.46728E-3 9.84935E-3
1.64371E-3 1.30791E-3 1.59833E-3 1.62117E-3 1.46433E-3 1.24391E-3 1.3085E-3 1.49587E-3 1.48398E-3 2.11785E-3 2.40361E-3 3.18866E-3 3.663E-3 3.60636E-3 3.4381E-3 3.43446E-3 3.18893E-3 2.84255E-3 2.38828E-3 1.96963E-3 1.88314E-3 1.77285E-3 1.75251E-3 1.73596E-3 1.57304E-3 1.49504E-3 1.28862E-3 1.27371E-3 1.35729E-3 1.41094E-3 1.70336E-3 1.58859E-3 1.92961E-3 1.88638E-3 1.78444E-3 1.68848E-3 1.8425E-3 2.02809E-3 2.02122E-3 1.96641E-3 2.06894E-3 1.61842E-3 1.69908E-3 1.85055E-3 1.84543E-3 2.0456E-3 2.25362E-3 2.18145E-3 2.21762E-3 2.5874E-3 2.90523E-3 2.95671E-3 3.12886E-3 3.46014E-3 4.05039E-3 5.16205E-3 5.89682E-3 7.30271E-3 8.75633E-3 1.07863E-2 1.25149E-2 1.51516E-2 1.87508E-2 2.15779E-2 2.62955E-2 1.58704E-2 1.17818E-2 8.8133E-3 8.89516E-3 1.00538E-2
1.72843E-3 1.85684E-3 1.61424E-3 1.62353E-3 1.81155E-3 1.94158E-3 1.53373E-3 1.33988E-3 1.50265E-3 1.68684E-3 1.99618E-3 3.23921E-3 3.57402E-3 3.66022E-3 3.43567E-3 3.37413E-3 3.76186E-3 3.49054E-3 2.68032E-3 2.43842E-3 2.15348E-3 2.257E-3 1.74266E-3 1.63249E-3 1.58952E-3 1.53826E-3 1.27693E-3 1.1859E-3 1.1579E-3 1.1717E-3 1.72888E-3 1.67953E-3 2.06779E-3 1.90004E-3 1.85624E-3 1.75748E-3 1.71728E-3 1.85339E-3 2.08341E-3 1.97736E-3 1.89335E-3 1.61678E-3 1.57658E-3 1.73786E-3 1.84359E-3 1.98661E-3 2.25768E-3 2.47313E-3 2.24995E-3 2.5939E-3 2.94085E-3 2.96137E-3 3.01694E-3 3.50429E-3 4.21761E-3 5.06665E-3 6.14731E-3 7.17844E-3 9.13485E-3 1.08508E-2 1.29283E-2 1.50234E-2 1.86173E-2 2.07892E-2 1.82004E-2 1.57794E-2 1.97087E-2 1.97191E-2 1.9496E-2 1.6985E-2
2.23544E-3 2.15129E-3 1.9497E-3 1.43377E-3 1.55377E-3 1.86062E-3 2.05107E-3 1.86422E-3 1.36755E-3 1.42399E-3 1.60925E-3 2.69267E-3 3.50649E-3 3.61573E-3 3.34744E-3 3.0956E-3 3.57929E-3 3.5224E-3 3.26448E-3 2.40123E-3 2.44722E-3 2.20892E-3 1.94368E-3 1.64644E-3 1.55576E-3 1.49169E-3 1.30785E-3 1.11636E-3 1.24684E-3 1.12929E-3 1.43332E-3 2.03135E-3 2.11029E-3 1.93157E-3 1.99532E-3 1.74283E-3 1.75453E-3 1.93884E-3 1.90924E-3 2.02694E-3 1.97439E-3 2.01041E-3 2.1041E-3 2.05703E-3 1.97555E-3 2.02303E-3 2.24625E-3 2.3885E-3 2.74303E-3 2.61071E-3 2.94401E-3 2.81711E-3 2.99828E-3 3.9622E-3 4.30869E-3 4.81988E-3 6.25943E-3 7.69159E-3 8.85502E-3 1.05013E-2 1.27226E-2 1.5059E-2 1.76955E-2 1.9591E-2 1.2269E-2 1.94348E-2 2.06193E-2 2.06119E-2 1.87961E-2 1.50313E-2
2.22856E-3 2.23877E-3 2.37909E-3 2.24057E-3 1.97497E-3 1.78566E-3 1.95699E-3 2.25555E-3 2.03244E-3 1.7641E-3 1.79813E-3 2.71305E-3 3.61399E-3 3.7096E-3 3.72321E-3 3.54623E-3 3.61963E-3 3.43978E-3 3.43262E-3 2.95423E-3 2.5583E-3 2.2705E-3 2.16357E-3 1.71551E-3 1.61058E-3 1.36727E-3 1.18843E-3 1.09764E-3 1.2442E-3 1.18481E-3 1.51147E-3 2.18035E-3 2.26491E-3 2.12447E-3 2.06449E-3 2.06524E-3 2.03091E-3 1.89763E-3 1.98314E-3 2.03851E-3 2.05095E-3 2.16391E-3 2.19852E-3 2.20887E-3 2.27559E-3 2.51474E-3 2.20707E-3 2.30873E-3 2.7994E-3 3.16726E-3 2.87279E-3 2.88697E-3 3.23501E-3 3.67184E-3 4.61348E-3 5.46901E-3 5.96692E-3 7.35732E-3 9.4076E-3 1.05999E-2 1.23381E-2 1.44441E-2 1.61579E-2 1.5762E-2 1.49416E-2 1.70946E-2 1.75823E-2 1.69246E-2 1.26602E-2 1.11204E-2
2.14649E-3 2.18025E-3 2.3949E-3 2.30492E-3 2.26617E-3 2.43366E-3 2.22542E-3 2.39255E-3 2.57219E-3 2.01167E-3 1.73826E-3 2.0322E-3 2.80145E-3 3.27914E-3 3.86508E-3 3.68564E-3 3.47141E-3 3.33254E-3 3.08194E-3 2.91742E-3 2.47307E-3 2.44679E-3 2.20335E-3 1.74987E-3 1.77806E-3 1.22757E-3 1.11931E-3 1.1494E-3 1.4023E-3 1.218E-3 1.83128E-3 2.2863E-3 2.42405E-3 2.2684E-3 2.15253E-3 2.14116E-3 2.05039E-3 1.95743E-3 1.94338E-3 2.0647E-3 2.03603E-3 2.12275E-3 2.15834E-3 2.22621E-3 2.26598E-3 2.51126E-3 2.12145E-3 2.38423E-3 2.57695E-3 2.51331E-3 2.79953E-3 2.73233E-3 3.5042E-3 3.74465E-3 4.54007E-3 5.05286E-3 6.3428E-3 7.51735E-3 8.39832E-3 1.03273E-2 1.19211E-2 1.40696E-2 1.49457E-2 1.47689E-2 1.39102E-2 1.38936E-2 1.19986E-2 1.37686E-2 1.09496E-2 5.33979E-3
2.1193E-3 2.05741E-3 2.28166E-3 2.2667E-3 2.36486E-3 2.28432E-3 2.4187E-3 2.40332E-3 2.31703E-3 2.13332E-3 1.93585E-3 1.84232E-3 2.12943E-3 2.86005E-3 3.58535E-3 3.57421E-3 3.36589E-3 3.03952E-3 3.09472E-3 2.97175E-3 3.27593E-3 2.41444E-3 2.32774E-3 2.25672E-3 1.85955E-3 1.46894E-3 1.10118E-3 1.2377E-3 1.40094E-3 1.14519E-3 1.64E-3 1.99724E-3 2.51925E-3 2.45174E-3 2.51548E-3 2.41271E-3 2.3035E-3 2.08996E-3 2.08956E-3 2.09477E-3 2.1505E-3 2.17075E-3 2.26578E-3 2.2631E-3 2.439E-3 2.41072E-3 1.9082E-3 2.15466E-3 2.02214E-3 2.38625E-3 2.81083E-3 2.74597E-3 3.44486E-3 4.07911E-3 4.43597E-3 5.54032E-3 5.91833E-3 7.94917E-3 8.81988E-3 1.02019E-2 1.21026E-2 1.3561E-2 1.42074E-2 1.1785E-2 1.13916E-2 1.04588E-2 1.01701E-2 8.15774E-3 7.03053E-3 7.73051E-3
2.63923E-3 2.51914E-3 2.44166E-3 2.54742E-3 2.35096E-3 2.52625E-3 2.36798E-3 2.50051E-3 2.33155E-3 2.27414E-3 2.13412E-3 1.9924E-3 2.00998E-3 2.40191E-3 2.87015E-3 3.53482E-3 3.10226E-3 3.07737E-3 2.93384E-3 3.14476E-3 2.84268E-3 2.83562E-3 2.7628E-3 2.29696E-3 2.19595E-3 1.62702E-3 1.33591E-3 1.32952E-3 1.53117E-3 1.27098E-3 1.29547E-3 1.96107E-3 2.3678E-3 2.74186E-3 2.58895E-3 2.549E-3 2.50677E-3 2.35906E-3 2.42181E-3 2.38522E-3 3.00072E-3 2.38504E-3 2.27437E-3 2.1102E-3 2.19349E-3 1.84258E-3 1.95316E-3 1.83173E-3 1.90539E-3 2.20272E-3 2.17384E-3 2.51861E-3 3.15981E-3 4.07911E-3 4.11429E-3 5.28912E-3 5.87027E-3 7.17588E-3 8.43436E-3 9.81091E-3 1.15976E-2 1.14823E-2 1.18833E-2 9.37272E-3 1.04652E-2 9.87425E-3 7.91739E-3 7.39938E-3 7.52887E-3 1.13352E-2
3.09238E-3 2.99781E-3 2.87383E-3 2.85957E-3 2.79255E-3 2.85235E-3 2.79712E-3 2.66188E-3 2.55062E-3 2.35007E-3 2.25886E-3 2.20283E-3 2.09705E-3 2.02444E-3 2.79448E-3 3.24733E-3 3.0828E-3 3.17765E-3 3.16247E-3 3.08091E-3 3.00781E-3 2.99845E-3 2.95469E-3 2.37224E-3 2.00519E-3 1.40717E-3 1.38035E-3 1.28469E-3 1.44901E-3 1.44517E-3 1.27367E-3 1.68806E-3 2.03488E-3 2.38359E-3 2.94985E-3 2.73743E-3 2.74305E-3 2.43095E-3 2.49828E-3 2.5197E-3 2.39968E-3 2.28545E-3 2.05309E-3 2.09888E-3 1.73778E-3 1.76961E-3 1.56546E-3 1.71342E-3 1.60686E-3 1.89509E-3 2.1553E-3 2.64146E-3 2.83881E-3 3.21835E-3 4.03956E-3 4.86475E-3 6.15353E-3 6.5175E-3 8.21028E-3 1.00219E-2 1.08559E-2 1.14742E-2 1.13885E-2 8.94747E-3 8.83604E-3 6.08444E-3 6.33395E-3 5.48705E-3 5.55721E-3 9.86085E-3
3.49416E-3 3.75542E-3 3.28789E-3 3.17317E-3 3.69653E-3 3.41312E-3 3.27514E-3 3.19035E-3 2.82788E-3 3.08715E-3 2.4983E-3 2.41254E-3 2.21497E-3 1.97325E-3 2.20016E-3 2.34445E-3 3.13936E-3 3.01978E-3 2.96864E-3 3.00648E-3 2.93084E-3 3.00101E-3 2.95723E-3 3.06255E-3 2.57281E-3 1.54518E-3 1.19015E-3 1.33867E-3 1.36664E-3 1.28743E-3 1.32949E-3 1.63049E-3 1.47987E-3 1.71311E-3 2.41042E-3 2.97092E-3 2.93065E-3 2.74197E-3 2.58128E-3 2.26136E-3 2.2666E-3 2.05041E-3 2.05668E-3 1.99385E-3 1.63792E-3 1.43976E-3 1.38573E-3 1.42952E-3 1.55204E-3 1.64922E-3 1.87434E-3 2.13895E-3 2.35217E-3 2.75725E-3 3.77187E-3 5.05619E-3 5.44157E-3 6.85614E-3 7.72213E-3 8.87759E-3 1.0462E-2 1.02696E-2 1.19175E-2 8.40388E-3 6.77504E-3 4.96104E-3 4.4204E-3 3.8452E-3 4.65578E-3 8.78492E-3
