KUENM_DEFAULT/Final_Models/M_1_F_lqpth_Set_1_NE/sp1_9_se_asia.asc
ncols         320
nrows         243
xllcorner     44.0
yllcorner     -0.666666666666667
cellsize      0.166666666666667
NODATA_value  -9999
[rows 62 to 92 of 243, columns 70 to 139 of 320]
4.45447E-3 4.14586E-3 4.79214E-3 4.41479E-3 4.14538E-3 4.24358E-3 4.48932E-3 3.95179E-3 3.81797E-3 4.10734E-3 3.41866E-3 3.20974E-3 3.19858E-3 2.6406E-3 2.50845E-3 3.16853E-3 3.64907E-3 7.57186E-3 6.89439E-3 7.28593E-3 6.8878E-3 7.42202E-3 7.41194E-3 8.45375E-3 7.25624E-3 2.90365E-3 2.21117E-3 2.17911E-3 2.17771E-3 1.84924E-3 2.18425E-3 2.48903E-3 2.47705E-3 2.29181E-3 2.6345E-3 3.87884E-3 4.38099E-3 4.0086E-3 3.68072E-3 3.48319E-3 3.48319E-3 2.98763E-3 2.97421E-3 3.0302E-3 2.61963E-3 2.38444E-3 2.0587E-3 2.2828E-3 2.24464E-3 2.41257E-3 2.66029E-3 2.8968E-3 3.6557E-3 4.33303E-3 5.9422E-3 6.72433E-3 7.06539E-3 8.37109E-3 9.76736E-3 1.71046E-2 1.89821E-2 1.2156E-2 9.99094E-3 7.79476E-3 5.54499E-3 5.14741E-3 3.86581E-3 3.98271E-3 4.67796E-3 6.75613E-3
4.82097E-3 4.58031E-3 5.21695E-3 4.8283E-3 4.38818E-3 4.2694E-3 4.10638E-3 4.06956E-3 3.93431E-3 4.05762E-3 3.4646E-3 3.43914E-3 3.15945E-3 2.70694E-3 3.08444E-3 3.05293E-3 3.63835E-3 3.67002E-3 7.71599E-3 7.28822E-3 7.18704E-3 7.44471E-3 8.06509E-3 8.70757E-3 7.27652E-3 3.72549E-3 2.72196E-3 2.43024E-3 2.43128E-3 2.05913E-3 2.05036E-3 1.97519E-3 2.54253E-3 3.01913E-3 2.33167E-3 3.11817E-3 3.60441E-3 3.43995E-3 3.04698E-3 3.46105E-3 2.74583E-3 2.44476E-3 2.03044E-3 2.56265E-3 3.08727E-3 2.74673E-3 2.56122E-3 2.73936E-3 2.61747E-3 2.61361E-3 2.74159E-3 3.56158E-3 4.07186E-3 4.68835E-3 5.5204E-3 6.45069E-3 6.74228E-3 7.75662E-3 8.98677E-3 1.72171E-2 9.84429E-3 9.93379E-3 8.48106E-3 6.73626E-3 4.36667E-3 3.85711E-3 3.13455E-3 3.36631E-3 5.28805E-3 6.10916E-3
5.09873E-3 4.92022E-3 4.59779E-3 5.03058E-3 4.91679E-3 4.70423E-3 4.70056E-3 4.49162E-3 4.1047E-3 3.92502E-3 4.16856E-3 4.02492E-3 3.35423E-3 3.27848E-3 3.06492E-3 3.01246E-3 3.42258E-3 3.66583E-3 4.02693E-3 8.24176E-3 7.98737E-3 7.92472E-3 8.57409E-3 8.28246E-3 8.93567E-3 3.96625E-3 2.42634E-3 2.85062E-3 2.65845E-3 2.52765E-3 2.12009E-3 1.92004E-3 2.34848E-3 3.36431E-3 3.66255E-3 3.51923E-3 3.69903E-3 3.45474E-3 3.2997E-3 3.02171E-3 2.73663E-3 2.61467E-3 2.20571E-3 2.47521E-3 3.38381E-3 3.51329E-3 3.10845E-3 3.32239E-3 2.98348E-3 3.35048E-3 3.63169E-3 3.51253E-3 4.02025E-3 4.58267E-3 5.30593E-3 6.28376E-3 6.96526E-3 7.08399E-3 8.1274E-3 7.97155E-3 8.18605E-3 9.13403E-3 7.38353E-3 4.35176E-3 3.75057E-3 2.88416E-3 2.56775E-3 3.10636E-3 4.51718E-3 7.57849E-3
6.28415E-3 5.13661E-3 5.6438E-3 5.79113E-3 5.09306E-3 4.94858E-3 4.7719E-3 4.75362E-3 4.53239E-3 4.24077E-3 4.09661E-3 4.70832E-3 3.67141E-3 3.36797E-3 3.30967E-3 3.14124E-3 3.21276E-3 4.08079E-3 3.98288E-3 7.6991E-3 7.35916E-3 8.51576E-3 8.47594E-3 9.96788E-3 9.46028E-3 9.07037E-3 3.18421E-3 2.72786E-3 2.88649E-3 2.65059E-3 2.10547E-3 2.02814E-3 2.47217E-3 3.37272E-3 4.1186E-3 4.65414E-3 4.22032E-3 3.96572E-3 4.35896E-3 4.12635E-3 3.63322E-3 3.29145E-3 3.15138E-3 3.43974E-3 6.14217E-3 3.71573E-3 3.82366E-3 3.4667E-3 3.71608E-3 3.62566E-3 3.76235E-3 4.14563E-3 4.14786E-3 4.67117E-3 5.08082E-3 5.84863E-3 5.75975E-3 5.99536E-3 6.79624E-3 7.62292E-3 7.98447E-3 7.66338E-3 5.26333E-3 4.03887E-3 3.50017E-3 2.64882E-3 2.53326E-3 3.77745E-3 7.63531E-3 1.02237E-2
8.04415E-3 6.71925E-3 6.23885E-3 7.43911E-3 5.37548E-3 5.21079E-3 5.03184E-3 4.82212E-3 5.7107E-3 5.38423E-3 4.23226E-3 4.68052E-3 4.83109E-3 4.37684E-3 3.78695E-3 3.99249E-3 3.42992E-3 3.67319E-3 4.52487E-3 8.27958E-3 8.25497E-3 7.77947E-3 9.38939E-3 9.72481E-3 1.17206E-2 5.06038E-3 3.51989E-3 2.92118E-3 3.10207E-3 2.61525E-3 2.07586E-3 2.1323E-3 2.17861E-3 2.53523E-3 2.998E-3 4.04786E-3 4.73435E-3 4.35822E-3 8.5135E-3 7.90425E-3 7.36553E-3 7.36281E-3 7.05149E-3 6.64129E-3 7.4024E-3 6.55529E-3 7.5161E-3 4.42503E-3 4.11658E-3 4.34216E-3 4.03613E-3 4.08907E-3 4.11183E-3 4.49324E-3 4.2576E-3 4.15694E-3 4.67254E-3 5.50596E-3 6.96223E-3 9.69836E-3 9.34886E-3 6.50059E-3 4.61368E-3 4.31586E-3 3.6578E-3 2.85506E-3 3.38978E-3 3.67746E-3 6.5173E-3 1.28677E-2
8.01197E-3 8.05971E-3 8.24987E-3 6.81203E-3 6.45627E-3 6.06785E-3 6.72877E-3 5.13406E-3 5.72313E-3 5.69286E-3 4.54932E-3 5.72838E-3 1.15596E-2 4.72969E-3 4.51859E-3 3.87886E-3 4.1254E-3 3.58088E-3 4.23286E-3 5.34857E-3 8.90527E-3 9.53366E-3 1.02519E-2 1.0657E-2 1.08094E-2 5.57499E-3 4.62768E-3 3.17838E-3 3.45292E-3 3.2277E-3 2.66311E-3 2.61849E-3 1.97738E-3 2.38675E-3 3.06728E-3 3.78704E-3 5.55247E-3 8.72937E-3 8.13069E-3 8.14162E-3 7.39318E-3 6.54564E-3 7.64471E-3 7.46361E-3 6.2724E-3 6.53774E-3 7.38573E-3 8.29048E-3 7.38573E-3 4.56528E-3 3.75474E-3 3.25673E-3 3.50784E-3 3.9028E-3 4.42894E-3 4.8125E-3 6.16714E-3 1.27233E-2 1.425E-2 1.55543E-2 7.4066E-3 5.88204E-3 4.97659E-3 4.80469E-3 3.53814E-3 3.12323E-3 4.94152E-3 5.11839E-3 8.63378E-3 2.44658E-2
9.20646E-3 9.40853E-3 9.53921E-3 9.46738E-3 8.49742E-3 7.62571E-3 6.0732E-3 6.93213E-3 6.38716E-3 5.38912E-3 5.7873E-3 6.38252E-3 1.15511E-2 1.14848E-2 5.32726E-3 3.96746E-3 4.5663E-3 3.68498E-3 4.33033E-3 5.31661E-3 5.66364E-3 9.87729E-3 6.0809E-3 1.14001E-2 6.17044E-3 5.02217E-3 5.32789E-3 4.31594E-3 3.79111E-3 3.78984E-3 3.48194E-3 3.10846E-3 3.05279E-3 3.04032E-3 3.52161E-3 2.75588E-3 3.81931E-3 5.66089E-3 8.31483E-3 7.46686E-3 7.85911E-3 7.36184E-3 7.1237E-3 7.31428E-3 7.35069E-3 7.3333E-3 7.3575E-3 8.44362E-3 7.26555E-3 4.6649E-3 4.0237E-3 4.41874E-3 4.81892E-3 5.19566E-3 5.97875E-3 1.03972E-2 1.30864E-2 1.44691E-2 1.34653E-2 7.93136E-3 7.46964E-3 5.27457E-3 5.68895E-3 5.30667E-3 4.28156E-3 6.53677E-3 7.07918E-3 7.17994E-3 1.15645E-2 2.46735E-2
1.1513E-2 1.12631E-2 1.04277E-2 9.98286E-3 9.22696E-3 8.61386E-3 7.57173E-3 7.06237E-3 6.74354E-3 7.12139E-3 8.00803E-3 7.45624E-3 1.21564E-2 1.21035E-2 6.19352E-3 5.87904E-3 4.61596E-3 4.75257E-3 4.7535E-3 4.73286E-3 5.2343E-3 5.0679E-3 5.47335E-3 6.38887E-3 6.53253E-3 4.62432E-3 5.09238E-3 5.31427E-3 4.12122E-3 3.92625E-3 3.89572E-3 3.80742E-3 3.67064E-3 3.6751E-3 4.00395E-3 3.13704E-3 2.97413E-3 3.94007E-3 4.59475E-3 9.11952E-3 7.93992E-3 8.69975E-3 8.43004E-3 8.28672E-3 8.43892E-3 8.25758E-3 8.1467E-3 6.96043E-3 7.95053E-3 8.30297E-3 8.51797E-3 8.04786E-3 9.10543E-3 9.6401E-3 1.10037E-2 1.15679E-2 1.34098E-2 1.45229E-2 7.7015E-3 8.18446E-3 6.85361E-3 5.64526E-3 5.95927E-3 5.54088E-3 5.6451E-3 7.40834E-3 6.87927E-3 9.39688E-3 1.24778E-2 1.74993E-2
1.37237E-2 1.10155E-2 9.90034E-3 1.03219E-2 9.3703E-3 8.67327E-3 9.64355E-3 7.20579E-3 8.1778E-3 9.31578E-3 8.33759E-3 7.34153E-3 1.32704E-2 1.17273E-2 1.18062E-2 1.09024E-2 1.15511E-2 1.10909E-2 6.40029E-3 4.90453E-3 5.3599E-3 5.53726E-3 4.87539E-3 6.13942E-3 6.39539E-3 3.79002E-3 4.51882E-3 5.28176E-3 4.57539E-3 3.84822E-3 4.32379E-3 4.44844E-3 4.24972E-3 4.15582E-3 4.10178E-3 3.16968E-3 2.94957E-3 3.50301E-3 3.56541E-3 4.85764E-3 9.12794E-3 8.21428E-3 9.5753E-3 9.26684E-3 8.66979E-3 7.59089E-3 7.41636E-3 7.59061E-3 8.55316E-3 8.64417E-3 1.06405E-2 1.10425E-2 1.1292E-2 1.20699E-2 1.09767E-2 1.19477E-2 1.31452E-2 6.9956E-3 7.11908E-3 6.52666E-3 6.19154E-3 5.737E-3 5.71817E-3 6.04789E-3 7.25494E-3 9.51151E-3 1.18312E-2 1.27663E-2 1.62337E-2 1.63712E-2
1.34405E-2 1.17433E-2 1.03588E-2 1.08482E-2 1.05694E-2 9.00862E-3 1.01113E-2 1.0209E-2 1.75245E-2 1.63374E-2 1.61309E-2 1.47275E-2 1.38604E-2 1.34176E-2 1.2483E-2 1.24619E-2 1.1518E-2 1.11681E-2 1.11816E-2 1.32148E-2 7.03625E-3 8.01383E-3 7.10528E-3 6.95803E-3 6.72429E-3 6.15562E-3 4.91108E-3 7.11279E-3 5.09939E-3 5.36678E-3 5.15072E-3 4.88851E-3 4.82395E-3 4.0307E-3 4.26397E-3 4.18976E-3 4.03476E-3 3.8886E-3 3.44921E-3 4.5496E-3 4.54287E-3 8.84351E-3 8.93634E-3 9.1754E-3 8.3176E-3 1.02897E-2 1.00306E-2 9.91923E-3 1.07247E-2 1.05672E-2 9.28362E-3 1.08306E-2 1.17742E-2 1.07581E-2 1.14189E-2 1.29593E-2 6.86361E-3 6.41381E-3 6.3266E-3 5.54412E-3 6.34971E-3 5.83676E-3 5.69397E-3 6.35981E-3 7.809E-3 1.06509E-2 8.59653E-3 1.5528E-2 1.44815E-2 1.70504E-2
1.46907E-2 1.22586E-2 1.30835E-2 1.34938E-2 1.31006E-2 1.23898E-2 1.14958E-2 1.1826E-2 1.92922E-2 1.90763E-2 1.84222E-2 9.04558E-3 9.07723E-3 1.40733E-2 1.46664E-2 1.41765E-2 1.352E-2 1.30705E-2 1.51856E-2 1.50485E-2 1.53153E-2 1.4115E-2 1.5663E-2 8.24096E-3 8.85196E-3 9.35686E-3 1.50399E-2 1.43713E-2 7.37086E-3 6.5764E-3 6.33215E-3 5.94036E-3 5.03408E-3 4.61055E-3 4.88819E-3 5.55639E-3 5.5233E-3 5.06149E-3 3.45187E-3 4.46887E-3 5.02648E-3 6.14017E-3 1.09267E-2 1.03759E-2 9.04093E-3 9.15643E-3 1.03882E-2 1.00299E-2 9.41869E-3 9.39678E-3 1.05624E-2 1.1029E-2 1.23166E-2 1.12543E-2 7.12922E-3 6.25732E-3 6.24033E-3 5.85213E-3 5.06119E-3 5.41864E-3 6.28247E-3 6.35039E-3 6.99249E-3 8.69482E-3 8.54114E-3 1.16355E-2 1.68741E-2 1.66548E-2 1.76745E-2 1.64074E-2
2.7225E-2 2.53787E-2 2.60559E-2 2.6776E-2 2.64572E-2 2.48831E-2 1.41721E-2 2.2081E-2 2.23927E-2 2.15267E-2 1.78219E-2 1.84694E-2 9.66476E-3 1.57003E-2 1.49763E-2 1.58401E-2 1.61277E-2 1.52077E-2 1.54275E-2 1.54122E-2 1.54852E-2 1.57684E-2 1.74988E-2 1.78982E-2 1.84279E-2 1.70958E-2 1.8745E-2 1.62254E-2 1.54126E-2 1.64001E-2 8.47202E-3 7.551E-3 5.91939E-3 5.57894E-3 5.31324E-3 6.8196E-3 6.46302E-3 5.34188E-3 5.57467E-3 4.53756E-3 5.12361E-3 5.85854E-3 6.68201E-3 1.13235E-2 1.03024E-2 1.1396E-2 1.07433E-2 9.69712E-3 1.0754E-2 1.1974E-2 1.17984E-2 1.01084E-2 6.17065E-3 5.50461E-3 6.11956E-3 5.58459E-3 4.91691E-3 5.14367E-3 5.16313E-3 5.63097E-3 6.61459E-3 7.06813E-3 7.34289E-3 8.12943E-3 7.83082E-3 9.44157E-3 1.29824E-2 1.21212E-2 1.28351E-2 1.55366E-2
2.79506E-2 2.51782E-2 1.57793E-2 2.92356E-2 1.82338E-2 1.95262E-2 1.87049E-2 1.63405E-2 2.42453E-2 2.22102E-2 2.26293E-2 1.97749E-2 1.82767E-2 1.66257E-2 1.64385E-2 1.58309E-2 1.53009E-2 1.71007E-2 1.67274E-2 1.68269E-2 1.70312E-2 1.83699E-2 1.90577E-2 2.03026E-2 2.14934E-2 2.13636E-2 2.22012E-2 1.88381E-2 1.95991E-2 1.85188E-2 1.70997E-2 1.82797E-2 7.63701E-3 6.20799E-3 5.39635E-3 6.89246E-3 7.64493E-3 6.91877E-3 5.62458E-3 6.21127E-3 5.46015E-3 5.1576E-3 6.04827E-3 6.10124E-3 5.52518E-3 5.38716E-3 5.79893E-3 6.56266E-3 5.77203E-3 5.99942E-3 5.93681E-3 5.17653E-3 5.62491E-3 5.09959E-3 4.71889E-3 4.46879E-3 5.26153E-3 5.01724E-3 5.52934E-3 5.90789E-3 6.82264E-3 7.08234E-3 6.90556E-3 7.68624E-3 8.13338E-3 7.56275E-3 1.14166E-2 1.35131E-2 1.43139E-2 1.6887E-2
2.33367E-2 2.36048E-2 1.84166E-2 2.07059E-2 2.16566E-2 2.17771E-2 2.09729E-2 1.93567E-2 1.63369E-2 1.43392E-2 1.40403E-2 1.88404E-2 2.05767E-2 1.83659E-2 1.81497E-2 1.58779E-2 1.74156E-2 1.70976E-2 1.67864E-2 1.81952E-2 1.87567E-2 1.93384E-2 2.03486E-2 1.96761E-2 2.14667E-2 2.28649E-2 2.48303E-2 2.66216E-2 2.30733E-2 2.32394E-2 2.38076E-2 1.98634E-2 8.90306E-3 7.5019E-3 7.1927E-3 6.17227E-3 7.09635E-3 7.63244E-3 7.19584E-3 6.50338E-3 7.06415E-3 5.62911E-3 4.92866E-3 4.52515E-3 4.71251E-3 5.008E-3 5.65638E-3 5.90243E-3 5.98896E-3 5.52054E-3 5.09354E-3 4.93741E-3 4.54455E-3 4.92574E-3 5.72538E-3 5.20581E-3 5.65273E-3 6.4204E-3 5.4991E-3 5.89785E-3 6.87645E-3 7.24085E-3 8.19994E-3 8.23469E-3 8.19395E-3 7.92664E-3 9.50714E-3 1.33445E-2 1.56297E-2 3.34274E-2
1.60065E-2 1.8106E-2 -9999 -9999 -9999 -9999 -9999 2.11191E-2 1.83509E-2 1.57585E-2 1.42211E-2 1.97649E-2 9.77367E-3 1.00778E-2 1.02869E-2 1.81548E-2 1.78458E-2 1.678E-2 1.75494E-2 1.81935E-2 1.85247E-2 1.85898E-2 1.96816E-2 2.10883E-2 2.2186E-2 2.36087E-2 2.36529E-2 2.53468E-2 2.65016E-2 2.46865E-2 2.31978E-2 1.80641E-2 8.94039E-3 7.97312E-3 7.64477E-3 7.69776E-3 7.49436E-3 7.84076E-3 8.0014E-3 7.85408E-3 6.89941E-3 7.51787E-3 7.48012E-3 6.82894E-3 6.94681E-3 6.86514E-3 7.01763E-3 6.61011E-3 5.96651E-3 5.34554E-3 5.08543E-3 5.61946E-3 5.13761E-3 5.19077E-3 5.07547E-3 5.50441E-3 7.11256E-3 6.59279E-3 6.36132E-3 8.08722E-3 6.41574E-3 9.43163E-3 8.19584E-3 8.29007E-3 9.38389E-3 8.7953E-3 1.03813E-2 1.31928E-2 1.71482E-2 3.21899E-2
-9999 -9999 1.95596E-2 -9999 -9999 -9999 -9999 -9999 2.04461E-2 1.72473E-2 1.4989E-2 1.15294E-2 1.20017E-2 1.04869E-2 1.14605E-2 1.09066E-2 9.88901E-3 1.06855E-2 1.85642E-2 1.8146E-2 1.73319E-2 1.77439E-2 1.98024E-2 2.09488E-2 1.9811E-2 2.13359E-2 2.18322E-2 2.38097E-2 2.36875E-2 2.42766E-2 1.3023E-2 1.25896E-2 9.88651E-3 1.00356E-2 9.26547E-3 8.97656E-3 8.99096E-3 9.73529E-3 7.75556E-3 7.95267E-3 7.43018E-3 7.07677E-3 6.52297E-3 6.78521E-3 6.85384E-3 7.2487E-3 6.99968E-3 6.82808E-3 6.39808E-3 6.03398E-3 5.82653E-3 5.1664E-3 5.47107E-3 5.84739E-3 6.54414E-3 6.14845E-3 6.37337E-3 7.08987E-3 8.16924E-3 7.52505E-3 1.03844E-2 8.68554E-3 9.03008E-3 8.69295E-3 9.59303E-3 1.05619E-2 1.12973E-2 1.38225E-2 1.84685E-2 3.56225E-2
1.5924E-2 1.77511E-2 -9999 -9999 -9999 -9999 -9999 -9999 2.10819E-2 1.67949E-2 1.4591E-2 7.44252E-3 1.13747E-2 1.21771E-2 1.19838E-2 1.11722E-2 1.13843E-2 1.10351E-2 1.01346E-2 1.05502E-2 1.95647E-2 1.17429E-2 1.04717E-2 1.12968E-2 1.24936E-2 1.30033E-2 1.29487E-2 1.2017E-2 1.33599E-2 1.06844E-2 1.01138E-2 1.0523E-2 1.27589E-2 1.31649E-2 1.30617E-2 1.18526E-2 1.16401E-2 1.23768E-2 1.42642E-2 1.02567E-2 9.52934E-3 8.04434E-3 7.86553E-3 7.62651E-3 7.09964E-3 7.47621E-3 7.06626E-3 7.66046E-3 7.20921E-3 6.69439E-3 6.12284E-3 6.00969E-3 6.03703E-3 6.07592E-3 7.00792E-3 7.14551E-3 8.2895E-3 7.40218E-3 8.94159E-3 1.06277E-2 1.29446E-2 9.65191E-3 1.20334E-2 1.00951E-2 1.54438E-2 1.03793E-2 1.36575E-2 1.75014E-2 2.00426E-2 4.06523E-2
-9999 -9999 -9999 -9999 -9999 -9999 -9999 -9999 -9999 1.7217E-2 1.4933E-2 1.47964E-2 1.24705E-2 1.16445E-2 1.2175E-2 1.14965E-2 8.89665E-3 1.26927E-2 1.09814E-2 1.08674E-2 1.08007E-2 9.7209E-3 1.04825E-2 1.13105E-2 1.12366E-2 1.16428E-2 1.17271E-2 1.08943E-2 1.0732E-2 1.31832E-2 1.51219E-2 1.26859E-2 1.15098E-2 1.42716E-2 1.21122E-2 1.17371E-2 1.31763E-2 1.45946E-2 1.6034E-2 2.79044E-2 1.99686E-2 2.03374E-2 9.79061E-3 8.92351E-3 8.79802E-3 8.19902E-3 8.03628E-3 7.56088E-3 7.43226E-3 7.50167E-3 6.86141E-3 7.3654E-3 6.79111E-3 6.89986E-3 7.23307E-3 8.57669E-3 8.83728E-3 1.19611E-2 1.37565E-2 1.31771E-2 2.72269E-2 1.56802E-2 1.64327E-2 3.52939E-2 4.05372E-2 1.77947E-2 1.81294E-2 2.32422E-2 4.25527E-2 4.25403E-2
-9999 -9999 -9999 -9999 -9999 -9999 -9999 -9999 2.10921E-2 1.89929E-2 1.55339E-2 7.95066E-3 8.74481E-3 7.30898E-3 6.92742E-3 7.40086E-3 6.40162E-3 1.25031E-2 1.2074E-2 1.10741E-2 1.65369E-2 1.81157E-2 2.01941E-2 2.19463E-2 1.19833E-2 1.17139E-2 1.22401E-2 1.16764E-2 1.44496E-2 1.42086E-2 1.59649E-2 1.47168E-2 1.50443E-2 2.73926E-2 1.69762E-2 3.01455E-2 2.9158E-2 3.13888E-2 2.92297E-2 3.08824E-2 1.49675E-2 1.37276E-2 2.14681E-2 2.10196E-2 2.02052E-2 1.72614E-2 1.77998E-2 1.7259E-2 9.09533E-3 8.64128E-3 8.67679E-3 8.3524E-3 8.83334E-3 8.06929E-3 7.45867E-3 1.09201E-2 2.13954E-2 2.41211E-2 2.47895E-2 2.75182E-2 3.22642E-2 3.44683E-2 2.1502E-2 5.16078E-2 5.3955E-2 2.40392E-2 2.08454E-2 4.90454E-2 4.69358E-2 4.76248E-2
-9999 -9999 -9999 -9999 -9999 -9999 -9999 -9999 -9999 1.88732E-2 1.5541E-2 8.30146E-3 1.35053E-2 1.28105E-2 1.15684E-2 6.76252E-3 1.18972E-2 1.16203E-2 1.13799E-2 1.09774E-2 1.1546E-2 1.1593E-2 1.15793E-2 1.75678E-2 1.75398E-2 1.77581E-2 1.99466E-2 2.14272E-2 2.29916E-2 2.18094E-2 2.30828E-2 2.8861E-2 2.79623E-2 2.65885E-2 3.20397E-2 3.04913E-2 3.21642E-2 3.78256E-2 3.54244E-2 3.65024E-2 2.964E-2 2.51034E-2 2.61957E-2 2.13192E-2 2.17671E-2 1.8867E-2 1.79632E-2 1.74657E-2 1.71003E-2 1.65827E-2 1.09522E-2 1.15139E-2 9.61941E-3 1.02597E-2 1.11336E-2 1.18927E-2 1.22606E-2 2.50281E-2 2.57069E-2 2.87269E-2 3.79775E-2 3.73404E-2 4.09542E-2 8.30491E-2 7.70016E-2 5.48057E-2 2.53558E-2 3.396E-2 4.91468E-2 5.15324E-2
-9999 -9999 -9999 -9999 -9999 -9999 -9999 -9999 -9999 1.84941E-2 1.5809E-2 1.29665E-2 1.28861E-2 1.24445E-2 1.1656E-2 8.41575E-3 1.22896E-2 1.10086E-2 1.05182E-2 1.1585E-2 1.12447E-2 1.14523E-2 1.14458E-2 1.1661E-2 1.1805E-2 1.1951E-2 1.20958E-2 1.77794E-2 1.84757E-2 1.79676E-2 2.2664E-2 2.67362E-2 2.59023E-2 2.78176E-2 3.03205E-2 3.36954E-2 3.44756E-2 4.34653E-2 4.0419E-2 3.83508E-2 3.34658E-2 3.48887E-2 3.33382E-2 2.76211E-2 2.63061E-2 2.12106E-2 1.97717E-2 2.39004E-2 1.28435E-2 1.28156E-2 1.27453E-2 1.2487E-2 2.24449E-2 2.31818E-2 1.40278E-2 1.49116E-2 2.25157E-2 2.47301E-2 2.93562E-2 3.13888E-2 3.32225E-2 4.39166E-2 4.6365E-2 7.29878E-2 9.58437E-2 7.58441E-2 6.46673E-2 6.53803E-2 6.72738E-2 6.09317E-2
-9999 -9999 -9999 -9999 -9999 -9999 -9999 -9999 -9999 -9999 1.48036E-2 1.35122E-2 1.26308E-2 1.20537E-2 1.24398E-2 1.223E-2 1.21176E-2 1.16519E-2 1.13546E-2 1.14757E-2 1.13215E-2 1.1169E-2 1.19121E-2 1.25429E-2 1.13763E-2 1.16673E-2 1.12226E-2 1.15991E-2 1.206E-2 1.28543E-2 1.27581E-2 1.98376E-2 2.02424E-2 2.09181E-2 2.78811E-2 2.68338E-2 3.24376E-2 3.30601E-2 3.88551E-2 3.54454E-2 3.61002E-2 3.43954E-2 3.47299E-2 3.5234E-2 2.89191E-2 2.70852E-2 2.54116E-2 2.33324E-2 1.35385E-2 1.33375E-2 1.15525E-2 1.19224E-2 1.38784E-2 1.40124E-2 2.66229E-2 2.69451E-2 2.98471E-2 3.34927E-2 3.15869E-2 3.22848E-2 3.84195E-2 4.10629E-2 4.55422E-2 7.30117E-2 8.83336E-2 8.51386E-2 6.97982E-2 7.04756E-2 6.22768E-2 6.32073E-2
-9999 -9999 -9999 -9999 -9999 -9999 -9999 -9999 -9999 -9999 -9999 1.41295E-2 1.31213E-2 1.17705E-2 1.18876E-2 1.21041E-2 1.20074E-2 1.14697E-2 1.15414E-2 1.14749E-2 1.22467E-2 1.23041E-2 1.19277E-2 1.088E-2 1.0674E-2 1.07525E-2 1.10443E-2 1.11031E-2 1.12521E-2 1.12574E-2 1.19207E-2 1.26741E-2 1.39026E-2 1.34356E-2 2.02304E-2 2.59782E-2 2.45824E-2 2.60698E-2 2.78124E-2 3.18098E-2 3.35649E-2 3.6204E-2 3.40626E-2 3.04306E-2 3.19629E-2 2.73195E-2 2.45668E-2 2.25213E-2 2.09643E-2 2.14158E-2 2.33499E-2 2.23437E-2 2.28967E-2 2.51851E-2 2.53038E-2 2.51032E-2 2.91584E-2 3.22093E-2 3.6796E-2 3.85521E-2 4.15596E-2 5.04661E-2 5.84483E-2 6.05013E-2 7.55952E-2 8.04263E-2 8.53475E-2 7.89429E-2 7.57359E-2 7.70318E-2
-9999 -9999 -9999 -9999 -9999 -9999 -9999 -9999 -9999 -9999 -9999 -9999 -9999 -9999 1.17757E-2 1.21469E-2 -9999 -9999 1.26427E-2 1.21874E-2 1.17788E-2 1.20015E-2 1.177E-2 1.14989E-2 1.06917E-2 1.15472E-2 1.17092E-2 1.11946E-2 1.06913E-2 1.05787E-2 1.09076E-2 1.13802E-2 1.2401E-2 1.28943E-2 1.19794E-2 1.23492E-2 1.79598E-2 2.46306E-2 2.374E-2 2.17879E-2 2.06928E-2 2.74817E-2 2.86653E-2 2.61898E-2 2.48029E-2 2.43391E-2 2.11225E-2 1.83695E-2 1.689E-2 1.69265E-2 1.76529E-2 1.82521E-2 1.93682E-2 1.91031E-2 2.03288E-2 2.27497E-2 2.824E-2 3.13412E-2 3.92507E-2 3.97985E-2 4.3376E-2 4.80545E-2 5.77949E-2 -9999 -9999 6.58266E-2 6.41987E-2 7.2181E-2 7.98397E-2 8.14847E-2
-9999 -9999 -9999 -9999 -9999 -9999 -9999 -9999 -9999 -9999 -9999 -9999 -9999 -9999 -9999 -9999 -9999 -9999 -9999 -9999 1.15901E-2 -9999 -9999 1.14837E-2 1.12609E-2 1.12615E-2 1.09013E-2 1.06955E-2 1.09996E-2 -9999 1.09385E-2 1.0866E-2 1.07944E-2 1.16453E-2 1.15656E-2 1.1648E-2 1.15801E-2 1.71828E-2 1.98221E-2 2.01975E-2 1.99887E-2 1.93666E-2 2.0723E-2 2.00337E-2 2.13557E-2 2.07017E-2 2.01243E-2 1.57952E-2 1.53452E-2 1.58386E-2 1.6154E-2 1.64324E-2 1.63066E-2 1.63628E-2 1.81656E-2 2.29897E-2 2.25864E-2 2.4803E-2 3.09348E-2 3.94777E-2 4.51903E-2 -9999 -9999 -9999 -9999 -9999 5.29677E-2 6.61113E-2 7.84847E-2 8.67856E-2
-9999 -9999 -9999 -9999 -9999 -9999 -9999 -9999 -9999 -9999 -9999 -9999 -9999 -9999 -9999 -9999 -9999 -9999 -9999 -9999 -9999 -9999 -9999 -9999 -9999 -9999 -9999 -9999 -9999 -9999 -9999 1.03301E-2 1.01199E-2 1.01972E-2 1.00517E-2 1.00943E-2 9.98665E-3 9.78475E-3 1.04388E-2 2.01053E-2 1.99956E-2 -9999 -9999 1.99871E-2 2.02342E-2 1.5569E-2 1.46493E-2 -9999 -9999 -9999 -9999 -9999 1.5937E-2 -9999 -9999 -9999 -9999 -9999 -9999 -9999 -9999 -9999 -9999 -9999 -9999 -9999 5.01295E-2 6.22375E-2 8.35439E-2 9.52988E-2
-9999 -9999 -9999 -9999 -9999 -9999 -9999 -9999 -9999 -9999 -9999 -9999 -9999 -9999 -9999 -9999 -9999 -9999 -9999 -9999 -9999 -9999 -9999 -9999 -9999 -9999 -9999 -9999 -9999 -9999 -9999 -9999 -9999 -9999 9.5017E-3 -9999 8.2907E-3 -9999 -9999 -9999 -9999 -9999 -9999 -9999 -9999 -9999 -9999 -9999 -9999 -9999 -9999 -9999 -9999 -9999 -9999 -9999 -9999 -9999 -9999 -9999 -9999 -9999 -9999 -9999 -9999 -9999 6.40517E-2 7.36938E-2 8.37781E-2 9.13557E-2
-9999 -9999 -9999 -9999 -9999 -9999 -9999 -9999 -9999 -9999 -9999 -9999 -9999 -9999 -9999 -9999 -9999 -9999 -9999 -9999 -9999 -9999 -9999 -9999 -9999 -9999 -9999 -9999 -9999 -9999 -9999 -9999 -9999 -9999 -9999 -9999 -9999 -9999 -9999 -9999 -9999 -9999 -9999 -9999 -9999 -9999 -9999 -9999 -9999 -9999 -9999 -9999 -9999 -9999 -9999 -9999 -9999 -9999 -9999 -9999 -9999 -9999 -9999 -9999 -9999 -9999 4.01673E-2 4.71914E-2 6.93218E-2 7.6498E-2
-9999 -9999 -9999 -9999 -9999 -9999 -9999 -9999 -9999 -9999 -9999 -9999 -9999 -9999 -9999 -9999 -9999 -9999 -9999 -9999 -9999 -9999 -9999 -9999 -9999 -9999 -9999 -9999 -9999 -9999 -9999 -9999 -9999 -9999 -9999 -9999 -9999 -9999 -9999 -9999 -9999 -9999 -9999 -9999 -9999 -9999 -9999 -9999 -9999 -9999 -9999 -9999 -9999 -9999 -9999 -9999 -9999 -9999 -9999 -9999 -9999 -9999 -9999 -9999 -9999 -9999 -9999 -9999 -9999 -9999
-9999 -9999 -9999 -9999 -9999 -9999 -9999 -9999 -9999 -9999 -9999 -9999 -9999 -9999 -9999 -9999 -9999 -9999 -9999 -9999 -9999 -9999 -9999 -9999 -9999 -9999 -9999 -9999 -9999 -9999 -9999 -9999 -9999 -9999 -9999 -9999 -9999 -9999 -9999 -9999 -9999 -9999 -9999 -9999 -9999 -9999 -9999 -9999 -9999 -9999 -9999 -9999 -9999 -9999 -9999 -9999 -9999 -9999 -9999 -9999 -9999 -9999 -9999 -9999 -9999 -9999 -9999 -9999 -9999 4.64819E-2
-9999 -9999 -9999 -9999 -9999 -9999 -9999 -9999 -9999 -9999 -9999 -9999 -9999 -9999 -9999 -9999 -9999 -9999 -9999 -9999 -9999 -9999 -9999 -9999 -9999 -9999 -9999 -9999 -9999 -9999 -9999 -9999 -9999 -9999 -9999 -9999 -9999 -9999 -9999 -9999 -9999 -9999 -9999 -9999 -9999 -9999 -9999 -9999 -9999 -9999 -9999 -9999 -9999 -9999 -9999 -9999 -9999 -9999 -9999 -9999 -9999 -9999 -9999 -9999 -9999 -9999 -9999 -9999 -9999 -9999
