KUENM_DEFAULT/Final_Models/M_1_F_lqpth_Set_1_NE/sp1_4.asc
ncols         197
nrows         210
xllcorner     56.1666666666667
yllcorner     4.5
cellsize      0.166666666666667
NODATA_value  -9999
[rows 112 to 139 of 210, columns 130 to 194 of 197]
5.87151E-1 5.48382E-1 1.36346E-1 1.34177E-1 3.13527E-1 1.33508E-1 9.52644E-2 7.7594E-2 6.47611E-2 6.42038E-2 6.78917E-2 5.27024E-2 4.27748E-2 2.96821E-2 2.06009E-2 1.80671E-2 1.95233E-2 1.94171E-2 1.94752E-2 2.18637E-2 2.67687E-2 3.41956E-2 3.51005E-2 4.01579E-2 3.16903E-2 2.86816E-2 2.83988E-2 2.7646E-2 3.55181E-2 3.61981E-2 3.24368E-2 3.42749E-2 3.643E-2 3.65553E-2 3.36965E-2 3.20199E-2 3.0277E-2 2.87529E-2 3.1199E-2 2.86372E-2 2.50781E-2 2.43395E-2 2.46282E-2 3.07402E-2 3.29333E-2 2.79206E-2 2.60362E-2 2.0759E-2 1.94905E-2 1.98821E-2 2.39574E-2 2.39439E-2 2.31993E-2 2.83333E-2 7.44479E-2 7.52014E-2 -9999 -9999 -9999 -9999 -9999 -9999 -9999 -9999 -9999
5.80022E-1 1.47619E-1 1.32878E-1 1.53062E-1 1.44283E-1 1.14427E-1 8.75856E-2 6.34599E-2 5.31615E-2 4.50143E-2 5.31833E-2 4.55189E-2 3.64962E-2 2.37122E-2 1.83167E-2 1.52224E-2 1.66147E-2 1.80977E-2 1.87845E-2 2.14259E-2 2.40151E-2 2.58983E-2 2.72163E-2 2.89258E-2 2.72729E-2 2.43921E-2 2.51467E-2 2.7849E-2 3.88938E-2 4.4121E-2 3.7455E-2 3.65009E-2 3.54548E-2 3.21709E-2 3.32357E-2 3.03566E-2 2.59442E-2 2.62613E-2 3.11449E-2 2.75793E-2 2.76628E-2 2.56132E-2 2.43936E-2 2.25895E-2 2.36801E-2 2.51114E-2 2.54031E-2 2.29655E-2 2.31647E-2 2.27462E-2 2.46498E-2 2.55042E-2 2.75357E-2 3.02357E-2 7.7435E-2 -9999 -9999 -9999 -9999 -9999 -9999 -9999 -9999 -9999 -9999
1.24314E-1 1.0871E-1 1.14606E-1 1.27189E-1 1.18865E-1 9.726E-2 7.258E-2 5.88312E-2 4.37102E-2 3.85564E-2 4.12731E-2 3.35043E-2 3.06412E-2 2.21649E-2 1.59984E-2 1.39247E-2 1.45117E-2 1.64554E-2 1.92616E-2 2.15709E-2 2.211E-2 2.60313E-2 2.85652E-2 2.84613E-2 2.82087E-2 2.45033E-2 2.3484E-2 2.34828E-2 3.84981E-2 4.28932E-2 4.14504E-2 3.75943E-2 3.16941E-2 3.29264E-2 3.16277E-2 2.90249E-2 2.93401E-2 2.85794E-2 2.98219E-2 3.08335E-2 2.59279E-2 2.4609E-2 2.60867E-2 2.86233E-2 2.76028E-2 2.64311E-2 2.50424E-2 2.32348E-2 2.68267E-2 2.51552E-2 2.73081E-2 2.67702E-2 2.90735E-2 3.1814E-2 -9999 -9999 -9999 -9999 -9999 -9999 -9999 -9999 -9999 -9999 -9999
1.08018E-1 1.13242E-1 1.10195E-1 8.6881E-2 8.49869E-2 7.81066E-2 7.22926E-2 6.01697E-2 4.93324E-2 3.87899E-2 3.03637E-2 2.72086E-2 2.58901E-2 2.01159E-2 1.41614E-2 1.21117E-2 1.33339E-2 1.51298E-2 1.77434E-2 2.11002E-2 2.27016E-2 2.12197E-2 2.6249E-2 2.80421E-2 2.60806E-2 2.40952E-2 2.17742E-2 2.36839E-2 4.09357E-2 4.23827E-2 4.24848E-2 3.77263E-2 3.35292E-2 3.30321E-2 2.99674E-2 2.63306E-2 2.6791E-2 2.33984E-2 2.51418E-2 2.9324E-2 2.70811E-2 2.59301E-2 2.8031E-2 2.74402E-2 3.09907E-2 3.00494E-2 2.60174E-2 2.43184E-2 2.50116E-2 2.69419E-2 2.89472E-2 2.78969E-2 -9999 -9999 -9999 -9999 -9999 -9999 -9999 -9999 -9999 -9999 -9999 -9999 -9999
1.0313E-1 9.67634E-2 8.57868E-2 7.1107E-2 6.26694E-2 5.96522E-2 7.20969E-2 5.889E-2 4.95138E-2 4.0143E-2 3.45492E-2 3.29433E-2 2.49064E-2 1.89424E-2 1.41549E-2 1.19493E-2 1.33095E-2 1.61348E-2 1.71715E-2 1.82723E-2 1.94688E-2 1.82016E-2 2.23853E-2 2.35629E-2 2.44235E-2 2.85383E-2 2.50879E-2 3.27788E-2 4.24723E-2 3.98751E-2 4.00602E-2 4.02557E-2 3.46346E-2 3.43283E-2 2.76663E-2 2.86255E-2 2.53784E-2 2.19021E-2 2.26807E-2 3.0778E-2 3.18392E-2 2.92438E-2 3.28289E-2 3.37851E-2 3.14343E-2 3.21799E-2 3.13578E-2 2.77145E-2 2.94224E-2 2.82087E-2 3.10491E-2 -9999 -9999 -9999 -9999 -9999 -9999 -9999 -9999 -9999 -9999 -9999 -9999 -9999 -9999
1.01089E-1 9.42386E-2 7.60727E-2 6.67012E-2 5.40689E-2 5.38665E-2 6.57247E-2 6.23617E-2 4.87651E-2 4.04289E-2 3.64514E-2 3.10933E-2 2.43729E-2 1.86152E-2 1.43337E-2 1.42833E-2 1.36283E-2 1.42354E-2 1.41032E-2 1.61471E-2 2.0268E-2 2.08128E-2 2.10961E-2 2.35147E-2 2.71844E-2 2.49396E-2 2.99983E-2 3.47311E-2 4.10663E-2 4.57407E-2 4.09186E-2 3.6909E-2 2.97547E-2 2.74239E-2 2.46635E-2 2.79975E-2 2.04579E-2 1.89461E-2 2.56512E-2 3.21555E-2 3.54337E-2 3.66315E-2 3.09326E-2 3.20894E-2 3.30429E-2 3.45381E-2 3.48662E-2 2.93549E-2 3.11651E-2 -9999 -9999 -9999 -9999 -9999 -9999 -9999 -9999 -9999 -9999 -9999 -9999 -9999 -9999 -9999 -9999
8.94354E-2 7.50133E-2 6.14199E-2 6.02767E-2 6.15589E-2 6.58083E-2 5.98346E-2 6.27015E-2 6.41818E-2 5.03389E-2 4.25207E-2 3.0701E-2 2.28436E-2 1.82582E-2 1.73578E-2 1.50256E-2 1.6053E-2 1.54364E-2 1.7075E-2 1.80494E-2 2.16627E-2 2.28666E-2 2.71144E-2 2.85666E-2 2.85875E-2 2.48575E-2 2.96954E-2 2.58231E-2 3.34343E-2 4.0452E-2 4.00808E-2 2.9719E-2 2.78574E-2 2.73978E-2 2.78702E-2 2.67272E-2 2.3335E-2 2.19674E-2 3.15964E-2 3.49814E-2 3.64537E-2 3.93182E-2 3.66579E-2 4.00944E-2 4.0379E-2 3.93716E-2 2.22226E-2 2.11392E-2 -9999 -9999 -9999 -9999 -9999 -9999 -9999 -9999 -9999 -9999 -9999 -9999 -9999 -9999 -9999 -9999 -9999
7.3618E-2 6.84285E-2 6.42728E-2 5.81355E-2 5.7908E-2 4.24695E-2 4.01657E-2 4.70364E-2 5.44852E-2 6.09072E-2 5.95332E-2 3.20631E-2 2.51997E-2 2.08624E-2 1.88968E-2 1.61967E-2 1.68201E-2 1.59757E-2 1.80454E-2 1.84729E-2 2.16459E-2 2.58222E-2 2.63415E-2 2.92328E-2 2.71592E-2 2.4203E-2 2.68697E-2 2.56602E-2 3.23718E-2 4.05616E-2 3.02574E-2 1.90187E-2 2.74593E-2 2.26445E-2 3.17751E-2 3.29691E-2 3.04352E-2 2.79955E-2 2.76388E-2 2.79848E-2 3.6499E-2 4.17009E-2 4.13822E-2 4.49441E-2 2.9145E-2 -9999 -9999 -9999 -9999 -9999 -9999 -9999 -9999 -9999 -9999 -9999 -9999 -9999 -9999 -9999 -9999 -9999 -9999 -9999 -9999
7.13281E-2 6.30511E-2 5.71479E-2 5.77456E-2 5.61208E-2 4.6833E-2 4.12937E-2 5.35582E-2 7.25657E-2 7.76109E-2 6.57085E-2 4.55449E-2 3.09872E-2 2.43258E-2 2.02104E-2 2.04776E-2 1.83389E-2 1.69946E-2 1.72869E-2 1.7255E-2 2.21162E-2 2.24781E-2 2.71211E-2 2.74462E-2 2.71223E-2 2.59485E-2 2.58232E-2 2.52666E-2 2.2592E-2 2.81006E-2 2.26983E-2 1.69575E-2 2.62238E-2 2.97088E-2 3.03574E-2 3.30045E-2 2.96208E-2 2.51657E-2 2.51285E-2 3.02134E-2 3.7307E-2 3.8207E-2 2.96491E-2 -9999 -9999 -9999 -9999 -9999 -9999 -9999 -9999 -9999 -9999 -9999 -9999 -9999 -9999 -9999 -9999 -9999 -9999 -9999 -9999 -9999 -9999
6.62238E-2 6.56656E-2 6.69512E-2 6.21386E-2 7.20934E-2 6.96003E-2 5.67449E-2 5.57846E-2 6.82431E-2 8.55864E-2 7.23178E-2 5.93056E-2 4.00416E-2 2.77648E-2 2.50856E-2 2.11444E-2 2.13572E-2 1.95652E-2 1.54475E-2 1.68522E-2 2.11241E-2 2.17927E-2 2.52594E-2 2.76404E-2 2.66206E-2 2.52175E-2 2.4889E-2 2.14627E-2 2.15857E-2 2.04674E-2 1.57715E-2 1.5819E-2 2.18325E-2 3.29717E-2 2.94488E-2 3.62418E-2 3.29603E-2 2.63669E-2 2.14585E-2 3.10667E-2 3.41427E-2 2.37491E-2 2.73446E-2 -9999 -9999 -9999 -9999 -9999 -9999 -9999 -9999 -9999 -9999 -9999 -9999 -9999 -9999 -9999 -9999 -9999 -9999 -9999 -9999 -9999 -9999
7.34453E-2 6.85937E-2 7.00118E-2 7.44949E-2 8.78348E-2 9.86868E-2 1.01231E-1 9.16427E-2 6.95035E-2 8.2475E-2 7.9658E-2 7.10996E-2 5.59784E-2 3.91732E-2 3.27588E-2 2.27446E-2 1.87583E-2 1.85788E-2 1.8937E-2 2.28898E-2 2.37284E-2 2.18488E-2 2.0998E-2 2.07001E-2 2.253E-2 2.41498E-2 2.11445E-2 1.94411E-2 1.86408E-2 1.51296E-2 1.1694E-2 1.28714E-2 1.90077E-2 3.06552E-2 2.73248E-2 3.75346E-2 3.01231E-2 2.41573E-2 2.02809E-2 3.22838E-2 2.63019E-2 2.42978E-2 -9999 -9999 -9999 -9999 -9999 -9999 -9999 -9999 -9999 -9999 -9999 -9999 -9999 -9999 -9999 -9999 -9999 -9999 -9999 -9999 -9999 -9999 -9999
7.26533E-2 6.65453E-2 7.37035E-2 8.25024E-2 9.8356E-2 1.33345E-1 1.26427E-1 1.25246E-1 1.13624E-1 7.71769E-2 8.50615E-2 9.51819E-2 7.40908E-2 5.919E-2 4.22886E-2 2.51831E-2 1.96055E-2 1.72336E-2 1.79296E-2 1.93318E-2 2.13084E-2 2.05219E-2 2.03482E-2 1.81711E-2 2.07999E-2 2.04316E-2 1.95144E-2 1.60163E-2 1.36393E-2 8.78476E-3 9.40828E-3 1.40778E-2 2.45958E-2 3.14546E-2 3.13164E-2 3.36898E-2 3.19915E-2 2.89194E-2 3.17659E-2 3.44736E-2 2.82093E-2 2.71156E-2 -9999 -9999 -9999 -9999 -9999 -9999 -9999 -9999 -9999 -9999 -9999 -9999 -9999 -9999 -9999 -9999 -9999 -9999 -9999 -9999 -9999 -9999 -9999
6.44002E-2 6.02487E-2 5.65005E-2 6.87089E-2 8.97562E-2 5.24958E-1 5.57455E-1 1.44432E-1 1.24212E-1 1.0116E-1 1.02696E-1 1.16044E-1 1.13042E-1 8.67569E-2 6.36159E-2 3.34567E-2 3.10241E-2 2.21554E-2 1.88895E-2 1.96927E-2 2.01189E-2 1.9708E-2 2.18553E-2 1.94784E-2 1.69987E-2 1.79382E-2 1.63251E-2 1.50555E-2 7.7597E-3 6.99408E-3 7.55879E-3 1.06061E-2 3.57125E-2 4.59877E-2 4.068E-2 3.29223E-2 3.81873E-2 4.09195E-2 4.14555E-2 3.21599E-2 3.03633E-2 -9999 -9999 -9999 -9999 -9999 -9999 -9999 -9999 -9999 -9999 -9999 -9999 -9999 -9999 -9999 -9999 -9999 -9999 -9999 -9999 -9999 -9999 -9999 -9999
4.64175E-2 4.98497E-2 5.29152E-2 6.72185E-2 8.22567E-2 4.97268E-1 5.40489E-1 5.49061E-1 1.16578E-1 1.05798E-1 1.15043E-1 1.17644E-1 1.3146E-1 1.02107E-1 8.47971E-2 6.0257E-2 3.44684E-2 2.81803E-2 2.45052E-2 1.93606E-2 1.7125E-2 1.78815E-2 2.04384E-2 2.25008E-2 2.02957E-2 2.18152E-2 1.99591E-2 1.07727E-2 7.96125E-3 7.68087E-3 8.48349E-3 2.39919E-2 4.81831E-2 5.26263E-2 4.96707E-2 4.34436E-2 4.05256E-2 4.50552E-2 3.32307E-2 3.4891E-2 -9999 -9999 -9999 -9999 -9999 -9999 -9999 -9999 -9999 -9999 -9999 -9999 -9999 -9999 -9999 -9999 -9999 -9999 -9999 -9999 -9999 -9999 -9999 -9999 -9999
3.97076E-2 4.13073E-2 5.22752E-2 6.43484E-2 8.50652E-2 5.36065E-1 5.59502E-1 5.49752E-1 1.26695E-1 1.21911E-1 1.1063E-1 1.0404E-1 1.06054E-1 1.0813E-1 5.12222E-1 4.93335E-1 4.63943E-2 2.53711E-2 2.55135E-2 2.33199E-2 2.06979E-2 1.84203E-2 2.24908E-2 1.99925E-2 1.78592E-2 1.98994E-2 1.79903E-2 1.21956E-2 9.34008E-3 8.09761E-3 8.57964E-3 2.43515E-2 4.54466E-2 5.83694E-2 5.69699E-2 5.75928E-2 5.51234E-2 3.47899E-2 3.56439E-2 -9999 -9999 -9999 -9999 -9999 -9999 -9999 -9999 -9999 -9999 -9999 -9999 -9999 -9999 -9999 -9999 -9999 -9999 -9999 -9999 -9999 -9999 -9999 -9999 -9999 -9999
3.4651E-2 4.31079E-2 5.43883E-2 6.37398E-2 7.8766E-2 5.20352E-1 5.36129E-1 5.22592E-1 5.34802E-1 1.27226E-1 1.05644E-1 9.45321E-2 9.45555E-2 4.70744E-1 5.14897E-1 5.10494E-1 5.73955E-2 2.86372E-2 2.90683E-2 2.58698E-2 2.04805E-2 2.19653E-2 2.43199E-2 2.00171E-2 2.11378E-2 1.80186E-2 1.60056E-2 1.0551E-2 8.90764E-3 8.57929E-3 8.93331E-3 2.66301E-2 5.02457E-2 6.17598E-2 6.15935E-2 4.29447E-2 4.36522E-2 4.36285E-2 -9999 -9999 -9999 -9999 -9999 -9999 -9999 -9999 -9999 -9999 -9999 -9999 -9999 -9999 -9999 -9999 -9999 -9999 -9999 -9999 -9999 -9999 -9999 -9999 -9999 -9999 -9999
4.53421E-2 4.64897E-2 4.48931E-2 5.07411E-2 6.51207E-2 3.88095E-1 4.41561E-1 4.84044E-1 4.65749E-1 1.16025E-1 9.88804E-2 8.66809E-2 7.16441E-2 7.66277E-2 7.3146E-2 7.47798E-2 5.5666E-2 4.05549E-2 1.83079E-2 2.75712E-2 2.4901E-2 2.78361E-2 2.50874E-2 2.43522E-2 1.53002E-2 1.84019E-2 1.5807E-2 1.00308E-2 8.46922E-3 9.84717E-3 2.16177E-2 3.99369E-2 6.31785E-2 3.86099E-2 4.39563E-2 4.67729E-2 5.08052E-2 -9999 -9999 -9999 -9999 -9999 -9999 -9999 -9999 -9999 -9999 -9999 -9999 -9999 -9999 -9999 -9999 -9999 -9999 -9999 -9999 -9999 -9999 -9999 -9999 -9999 -9999 -9999 -9999
4.85727E-2 2.90443E-2 2.69331E-2 5.11852E-2 5.32169E-2 5.39421E-2 3.3917E-1 3.97928E-1 3.88079E-1 8.79351E-2 8.50719E-2 7.26712E-2 6.83567E-2 5.93047E-2 5.72997E-2 6.21155E-2 4.62663E-2 4.41696E-2 2.22781E-2 3.24756E-2 2.71121E-2 2.89738E-2 2.77261E-2 1.7832E-2 1.46151E-2 1.35347E-2 1.11818E-2 1.38769E-2 1.21199E-2 2.52834E-2 4.02079E-2 3.36499E-2 4.10894E-2 4.55482E-2 4.7953E-2 -9999 -9999 -9999 -9999 -9999 -9999 -9999 -9999 -9999 -9999 -9999 -9999 -9999 -9999 -9999 -9999 -9999 -9999 -9999 -9999 -9999 -9999 -9999 -9999 -9999 -9999 -9999 -9999 -9999 -9999
5.48723E-2 3.24715E-2 3.20048E-2 2.00346E-1 2.09718E-1 2.13676E-1 3.77647E-1 4.1558E-1 4.2248E-1 4.25137E-1 8.21124E-2 8.09754E-2 7.34404E-2 6.01945E-2 5.17575E-2 6.03192E-2 6.24318E-2 5.30044E-2 5.04153E-2 4.13881E-2 3.06245E-2 3.10997E-2 2.14276E-2 1.59973E-2 1.42403E-2 1.89514E-2 1.69557E-2 2.04007E-2 2.71061E-2 3.79179E-2 5.25348E-2 3.99667E-2 4.47176E-2 5.13136E-2 -9999 -9999 -9999 -9999 -9999 -9999 -9999 -9999 -9999 -9999 -9999 -9999 -9999 -9999 -9999 -9999 -9999 -9999 -9999 -9999 -9999 -9999 -9999 -9999 -9999 -9999 -9999 -9999 -9999 -9999 -9999
5.27298E-2 5.76225E-2 3.38532E-1 3.33426E-1 3.61761E-1 3.88825E-1 4.39114E-1 4.90956E-1 4.97539E-1 4.67486E-1 4.55286E-1 8.78986E-2 8.39141E-2 7.81635E-2 6.27105E-2 6.32364E-2 7.13649E-2 7.1108E-2 6.10117E-2 4.49898E-2 3.82291E-2 2.46961E-2 1.85029E-2 1.92673E-2 2.11977E-2 2.19114E-2 2.57351E-2 3.08778E-2 4.74298E-2 5.53762E-2 4.76687E-2 5.75461E-2 6.41732E-2 -9999 -9999 -9999 -9999 -9999 -9999 -9999 -9999 -9999 -9999 -9999 -9999 -9999 -9999 -9999 -9999 -9999 -9999 -9999 -9999 -9999 -9999 -9999 -9999 -9999 -9999 -9999 -9999 -9999 -9999 -9999 -9999
4.76652E-2 3.13836E-1 3.37406E-1 4.22974E-1 4.63683E-1 4.68627E-1 4.94352E-1 5.21585E-1 5.56018E-1 5.32567E-1 5.02224E-1 4.6737E-1 9.09882E-2 9.28666E-2 7.26632E-2 6.51035E-2 6.86679E-2 5.38694E-2 4.44217E-2 2.07892E-2 1.80112E-2 2.14375E-2 2.34543E-2 2.62097E-2 3.10362E-2 3.20712E-2 3.0448E-2 4.24603E-2 5.34258E-2 6.50639E-2 5.27127E-2 5.18911E-2 -9999 -9999 -9999 -9999 -9999 -9999 -9999 -9999 -9999 -9999 -9999 -9999 -9999 -9999 -9999 -9999 -9999 -9999 -9999 -9999 -9999 -9999 -9999 -9999 -9999 -9999 -9999 -9999 -9999 -9999 -9999 -9999 -9999
4.97751E-2 3.75022E-1 4.18834E-1 4.50821E-1 4.89039E-1 5.05051E-1 4.92177E-1 5.49153E-1 6.25783E-1 5.71619E-1 5.25529E-1 4.94389E-1 4.96682E-1 9.63904E-2 7.72364E-2 8.14336E-2 5.87923E-2 5.04743E-2 4.18977E-2 3.52505E-2 1.68096E-2 2.5079E-2 3.03574E-2 4.02259E-2 3.84041E-2 4.42714E-2 5.06433E-2 5.80542E-2 5.78082E-2 6.16935E-2 -9999 -9999 -9999 -9999 -9999 -9999 -9999 -9999 -9999 -9999 -9999 -9999 -9999 -9999 -9999 -9999 -9999 -9999 -9999 -9999 -9999 -9999 -9999 -9999 -9999 -9999 -9999 -9999 -9999 -9999 -9999 -9999 -9999 -9999 -9999
3.18212E-1 3.67452E-1 4.20163E-1 4.23205E-1 4.78187E-1 4.91884E-1 5.3652E-1 5.98233E-1 6.15418E-1 5.9237E-1 5.38477E-1 5.16962E-1 5.18463E-1 9.39619E-2 8.55732E-2 9.11908E-2 7.90041E-2 6.34336E-2 5.86235E-2 4.238E-2 3.76476E-2 3.4114E-2 3.51851E-2 5.16656E-2 4.52373E-2 5.10217E-2 6.42799E-2 7.18524E-2 -9999 -9999 -9999 -9999 -9999 -9999 -9999 -9999 -9999 -9999 -9999 -9999 -9999 -9999 -9999 -9999 -9999 -9999 -9999 -9999 -9999 -9999 -9999 -9999 -9999 -9999 -9999 -9999 -9999 -9999 -9999 -9999 -9999 -9999 -9999 -9999 -9999
3.43923E-1 3.67008E-1 4.13016E-1 4.50613E-1 4.79348E-1 5.57339E-1 6.04505E-1 5.88395E-1 6.24211E-1 6.19764E-1 5.91571E-1 5.64665E-1 5.43798E-1 4.88144E-1 9.69595E-2 9.81907E-2 7.94155E-2 6.87408E-2 7.08693E-2 5.998E-2 5.15113E-2 4.43821E-2 4.34097E-2 4.94854E-2 4.41137E-2 4.77205E-2 5.78877E-2 7.53954E-2 -9999 -9999 -9999 -9999 -9999 -9999 -9999 -9999 -9999 -9999 -9999 -9999 -9999 -9999 -9999 -9999 -9999 -9999 -9999 -9999 -9999 -9999 -9999 -9999 -9999 -9999 -9999 -9999 -9999 -9999 -9999 -9999 -9999 -9999 -9999 -9999 -9999
3.90345E-1 3.82323E-1 4.40063E-1 4.58016E-1 4.95836E-1 5.75442E-1 4.5944E-1 6.15957E-1 6.1385E-1 6.17965E-1 6.00995E-1 5.96769E-1 5.66107E-1 5.30889E-1 5.18254E-1 9.26696E-2 7.17415E-2 6.12755E-2 6.93776E-2 7.28179E-2 6.73927E-2 6.12229E-2 5.07523E-2 4.22955E-2 4.11746E-2 4.45966E-2 6.36288E-2 7.21005E-2 -9999 -9999 -9999 -9999 -9999 -9999 -9999 -9999 -9999 -9999 -9999 -9999 -9999 -9999 -9999 -9999 -9999 -9999 -9999 -9999 -9999 -9999 -9999 -9999 -9999 -9999 -9999 -9999 -9999 -9999 -9999 -9999 -9999 -9999 -9999 -9999 -9999
3.20595E-1 4.43318E-1 4.55623E-1 4.95138E-1 5.08871E-1 4.16816E-1 4.55936E-1 4.75532E-1 6.30318E-1 6.33229E-1 4.79711E-1 5.77157E-1 5.56226E-1 5.31392E-1 5.21978E-1 9.21659E-2 6.78177E-2 6.28889E-2 6.35317E-2 7.01541E-2 6.97962E-2 5.52569E-2 4.93981E-2 4.38111E-2 3.85858E-2 4.43599E-2 5.65798E-2 -9999 -9999 -9999 -9999 -9999 -9999 -9999 -9999 -9999 -9999 -9999 -9999 -9999 -9999 -9999 -9999 -9999 -9999 -9999 -9999 -9999 -9999 -9999 -9999 -9999 -9999 -9999 -9999 -9999 -9999 -9999 -9999 -9999 -9999 -9999 -9999 -9999 -9999
3.63369E-1 3.47835E-1 3.29289E-1 3.47234E-1 3.53653E-1 3.21348E-1 3.16744E-1 4.08841E-1 6.05091E-1 6.13656E-1 5.44598E-1 5.159E-1 5.01711E-1 5.21094E-1 4.52713E-1 9.19446E-2 7.3811E-2 3.24537E-2 3.21434E-2 3.33022E-2 6.18091E-2 5.45867E-2 5.32805E-2 4.56458E-2 4.82057E-2 4.89953E-2 -9999 -9999 -9999 -9999 -9999 -9999 -9999 -9999 -9999 -9999 -9999 -9999 -9999 -9999 -9999 -9999 -9999 -9999 -9999 -9999 -9999 -9999 -9999 -9999 -9999 -9999 -9999 -9999 -9999 -9999 -9999 -9999 -9999 -9999 -9999 -9999 -9999 -9999 -9999
3.98064E-1 3.68685E-1 3.57055E-1 3.54907E-1 2.96949E-1 2.26014E-1 2.92257E-1 4.06363E-1 5.73832E-1 5.094E-1 5.24292E-1 4.91055E-1 5.2256E-1 5.07526E-1 4.32072E-1 4.32535E-1 7.82199E-2 3.12157E-2 3.03286E-2 5.12019E-2 5.02665E-2 5.22274E-2 -9999 4.93298E-2 -9999 -9999 -9999 -9999 -9999 -9999 -9999 -9999 -9999 -9999 -9999 -9999 -9999 -9999 -9999 -9999 -9999 -9999 -9999 -9999 -9999 -9999 -9999 -9999 -9999 -9999 -9999 -9999 -9999 -9999 -9999 -9999 -9999 -9999 -9999 -9999 -9999 -9999 -9999 -9999 -9999
