KUENM_DEFAULT/Final_Models/M_1_F_lqpth_Set_1_NE/sp1_7_se_asia.asc
ncols         320
nrows         243
xllcorner     44.0
yllcorner     -0.666666666666667
cellsize      0.166666666666667
NODATA_value  -9999
[rows 31 to 61 of 243, columns 0 to 69 of 320]
-9999 -9999 -9999 -9999 -9999 -9999 -9999 -9999 -9999 -9999 1.08257E-1 6.15723E-2 1.11169E-2 1.71246E-2 1.87346E-2 2.3801E-2 2.01563E-2 1.98821E-2 1.05304E-2 1.17131E-2 1.70238E-2 1.56791E-2 1.01316E-2 3.1543E-2 3.62535E-2 2.5682E-2 2.02436E-2 6.83572E-3 2.12173E-2 2.27461E-2 2.6523E-2 1.75377E-2 1.04184E-2 1.15939E-2 6.25489E-3 2.67848E-3 7.57929E-4 1.43253E-3 1.72382E-3 2.03918E-3 2.33209E-3 2.4693E-3 2.98105E-3 4.06227E-3 3.97321E-3 2.77098E-3 3.28804E-3 2.95001E-3 2.48347E-3 1.56453E-3 1.4158E-3 1.53089E-3 1.08758E-3 1.96687E-3 3.2716E-3 5.56882E-3 6.26219E-3 6.34471E-3 6.83376E-3 7.13744E-3 7.3727E-3 7.45587E-3 7.58911E-3 7.26387E-3 7.26387E-3 7.04763E-3 6.95476E-3 6.23329E-3 6.15845E-3 5.77344E-3
-9999 -9999 -9999 -9999 -9999 -9999 -9999 -9999 -9999 1.36101E-1 9.74363E-2 6.95694E-2 2.1419E-2 1.67176E-2 2.07738E-2 1.95485E-2 2.21643E-2 2.12106E-2 1.9069E-2 9.82944E-3 1.89151E-2 2.21808E-2 1.87737E-2 2.2544E-2 2.41583E-2 1.90515E-2 1.79613E-2 2.39391E-2 2.26118E-2 1.19098E-2 1.98768E-2 1.2625E-2 8.9228E-3 1.51854E-2 1.18721E-2 7.62805E-3 1.53204E-3 1.38975E-3 1.73963E-3 2.06054E-3 1.74316E-3 1.68389E-3 1.72995E-3 3.89393E-3 4.28733E-3 4.08702E-3 3.57119E-3 3.15612E-3 2.96163E-3 2.53295E-3 2.16782E-3 2.40152E-3 2.41681E-3 2.44559E-3 3.1038E-3 3.34122E-3 3.51003E-3 3.76183E-3 3.92188E-3 6.36641E-3 6.51316E-3 6.48278E-3 6.72702E-3 6.72702E-3 6.42174E-3 6.18872E-3 5.81173E-3 5.61932E-3 3.42124E-3 3.17053E-3
-9999 -9999 -9999 -9999 -9999 -9999 -9999 -9999 -9999 1.27487E-1 7.91338E-2 5.49385E-2 2.93867E-2 1.85696E-2 1.81899E-2 1.49494E-2 1.85208E-2 1.77016E-2 1.58688E-2 2.03715E-2 2.13637E-2 1.49886E-2 1.31675E-2 1.22845E-2 1.83128E-2 2.65949E-2 1.8286E-2 1.88041E-2 1.63424E-2 1.14253E-2 9.96607E-3 1.67691E-2 9.74988E-3 1.32036E-2 1.50739E-2 1.15876E-2 7.40711E-3 1.45682E-3 1.80696E-3 1.91152E-3 5.9365E-4 4.47034E-4 9.07109E-4 3.60161E-3 4.60164E-3 3.88078E-3 3.32409E-3 3.07065E-3 2.4775E-3 1.89366E-3 3.01235E-3 2.21475E-3 2.54232E-3 2.85685E-3 3.05286E-3 3.27153E-3 3.37155E-3 3.48578E-3 3.60205E-3 3.76131E-3 3.86074E-3 3.72495E-3 3.39195E-3 3.63878E-3 3.54435E-3 3.28035E-3 4.013E-3 3.19506E-3 3.19438E-3 3.05932E-3
-9999 -9999 -9999 -9999 -9999 -9999 -9999 -9999 -9999 1.34053E-1 7.64897E-2 5.05491E-2 2.88939E-2 2.08427E-2 1.87998E-2 2.20011E-2 1.96786E-2 1.54837E-2 1.58795E-2 1.36456E-2 1.59641E-2 1.59885E-2 1.43226E-2 1.42712E-2 1.43227E-2 9.89418E-3 1.55175E-2 1.75312E-2 9.89271E-3 1.04236E-2 1.23916E-2 1.1979E-2 1.40517E-2 1.06714E-2 1.16873E-2 1.17862E-2 2.64061E-3 1.04338E-3 1.50632E-3 1.80877E-3 8.66053E-4 3.74326E-4 7.84029E-4 2.5274E-3 4.76069E-3 3.4755E-3 3.04909E-3 1.99137E-3 9.58081E-4 1.4645E-3 1.65768E-3 1.43816E-3 1.52389E-3 2.13114E-3 3.60981E-3 2.96025E-3 3.06827E-3 3.20361E-3 3.20828E-3 3.32021E-3 3.09098E-3 2.54383E-3 2.21879E-3 2.13488E-3 2.46375E-3 2.1067E-3 1.73622E-3 2.60413E-3 2.89138E-3 3.7836E-3
-9999 -9999 -9999 -9999 -9999 -9999 -9999 -9999 -9999 1.3977E-1 9.50507E-2 5.69293E-2 3.68206E-2 2.70256E-2 2.03913E-2 1.65271E-2 2.31815E-2 1.63622E-2 2.21462E-2 1.76689E-2 1.58831E-2 2.20082E-2 1.44449E-2 1.8886E-2 1.65932E-2 1.53393E-2 5.01289E-3 8.65195E-3 2.35609E-2 1.26054E-2 1.45663E-2 1.08695E-2 1.25364E-2 7.57933E-3 5.0506E-3 6.9863E-3 9.93966E-4 8.80958E-4 1.17222E-3 1.71797E-3 1.31194E-3 6.58459E-4 4.35599E-4 1.15341E-3 2.81616E-3 3.54316E-3 3.41441E-3 2.34222E-3 1.11718E-3 8.51417E-4 9.12839E-4 9.82705E-4 9.2248E-4 1.08931E-3 1.70198E-3 2.44649E-3 2.80349E-3 2.78649E-3 2.88441E-3 2.75486E-3 2.18471E-3 1.38999E-3 1.14746E-3 1.33429E-3 1.7299E-3 2.30006E-3 3.01412E-3 2.74976E-3 2.87529E-3 2.66131E-3
-9999 -9999 -9999 -9999 -9999 -9999 -9999 -9999 -9999 -9999 1.29081E-1 6.68482E-2 3.78815E-2 3.08797E-2 1.82401E-2 2.88803E-2 2.74784E-2 2.24438E-2 3.84453E-2 3.37838E-2 3.26105E-2 1.96098E-2 2.62506E-2 1.9604E-2 1.79068E-2 2.03192E-2 1.36594E-2 1.26193E-2 2.13186E-2 2.35397E-2 1.9959E-2 1.53095E-2 9.36764E-3 8.22173E-3 5.37563E-3 5.70402E-3 3.00778E-3 2.68691E-3 1.74516E-3 1.09919E-3 7.17006E-4 8.49856E-4 5.19896E-4 3.09886E-4 4.61178E-4 1.01389E-3 2.1206E-3 2.938E-3 2.64231E-3 2.06886E-3 1.86043E-3 1.94094E-3 1.69738E-3 8.23291E-4 9.73439E-4 1.4006E-3 1.34909E-3 2.08269E-3 2.20252E-3 2.35966E-3 2.3327E-3 1.95782E-3 1.70893E-3 1.71129E-3 1.98314E-3 2.03755E-3 2.862E-3 3.11979E-3 3.25295E-3 3.22105E-3
-9999 -9999 -9999 -9999 -9999 -9999 -9999 -9999 -9999 -9999 -9999 1.13986E-1 7.83689E-2 4.22492E-2 2.32249E-2 1.55023E-2 3.36644E-2 3.56735E-2 3.12093E-2 2.18415E-2 2.24975E-2 2.9152E-2 2.51502E-2 3.91548E-2 2.5992E-2 2.50884E-2 2.24611E-2 1.8298E-2 1.45716E-2 2.03869E-2 2.34871E-2 1.8295E-2 1.50297E-2 1.19764E-2 6.5151E-3 2.72019E-3 2.65415E-3 2.27595E-3 1.56735E-3 1.1901E-3 9.64154E-4 7.1877E-4 5.12564E-4 3.72121E-4 2.51039E-4 2.359E-4 6.21893E-4 1.4481E-3 2.42484E-3 2.74861E-3 2.68315E-3 2.64242E-3 1.91919E-3 2.29333E-3 2.10872E-3 1.29341E-3 1.19508E-3 1.38576E-3 1.69271E-3 2.01911E-3 2.04235E-3 1.86247E-3 1.86247E-3 2.05502E-3 1.92213E-3 1.71934E-3 1.91803E-3 1.99941E-3 2.64564E-3 3.13097E-3
-9999 -9999 -9999 -9999 -9999 -9999 -9999 -9999 -9999 -9999 -9999 -9999 8.81906E-2 7.76263E-2 3.61799E-2 1.96938E-2 1.87884E-2 4.00034E-2 3.71115E-2 4.28251E-2 3.21418E-2 3.26003E-2 3.57826E-2 4.84472E-2 3.59105E-2 3.5235E-2 3.49758E-2 2.20169E-2 1.30423E-2 1.31278E-2 1.64612E-2 1.55602E-2 1.75842E-2 1.34699E-2 6.9072E-3 1.98007E-3 1.91916E-3 2.3174E-3 1.50066E-3 8.08477E-4 5.87434E-4 5.33354E-4 6.58154E-4 6.74908E-4 4.45306E-4 2.55149E-4 2.4555E-4 5.79806E-4 1.02252E-3 1.69598E-3 1.55633E-3 1.78119E-3 2.15921E-3 2.27641E-3 2.36622E-3 1.37393E-3 9.54489E-4 8.06128E-4 1.06246E-3 1.64604E-3 2.2581E-3 1.33468E-3 1.04632E-3 9.37076E-4 9.71491E-4 1.23993E-3 2.71966E-3 3.20691E-3 3.07245E-3 2.94752E-3
-9999 -9999 -9999 -9999 -9999 -9999 -9999 -9999 -9999 -9999 -9999 -9999 -9999 7.24345E-2 6.13782E-2 3.45869E-2 3.3848E-2 2.31736E-2 2.52091E-2 5.84085E-2 5.04141E-2 3.55568E-2 5.70142E-2 4.74533E-2 2.83775E-2 1.97766E-2 1.3036E-2 1.81741E-2 2.32377E-2 2.67014E-2 1.65085E-2 6.02527E-3 3.70106E-3 8.96493E-3 7.18821E-3 2.88815E-3 1.1702E-3 8.84496E-4 8.56583E-4 9.0157E-4 7.04929E-4 7.94249E-4 9.25753E-4 9.37082E-4 8.29628E-4 5.12744E-4 4.96988E-4 4.13976E-4 4.63691E-4 3.94852E-4 7.98887E-4 5.40608E-4 6.86445E-4 6.95429E-4 1.17724E-3 1.58172E-3 1.67809E-3 1.29914E-3 1.02891E-3 1.2433E-3 1.75436E-3 2.06771E-3 2.49261E-3 2.77991E-3 2.33705E-3 1.41842E-3 1.85236E-3 2.85106E-3 2.88197E-3 2.53974E-3
-9999 -9999 -9999 -9999 -9999 -9999 -9999 -9999 -9999 -9999 -9999 -9999 2.74553E-2 6.33601E-2 6.6435E-2 6.72378E-2 6.44956E-2 4.7901E-2 3.52303E-2 2.86864E-2 4.82975E-2 6.7712E-2 7.56319E-2 5.7105E-2 2.91549E-2 2.53071E-2 1.63428E-2 4.9559E-2 4.40649E-2 2.25102E-2 1.84655E-2 1.6035E-2 4.06937E-3 8.94331E-3 4.37212E-3 2.3134E-3 2.36977E-3 8.98327E-4 7.14405E-4 6.67679E-4 8.53191E-4 1.04442E-3 1.00723E-3 1.15095E-3 9.47467E-4 8.49411E-4 6.72342E-4 4.39979E-4 4.44246E-4 3.2489E-4 3.87529E-4 3.82192E-4 3.76897E-4 3.2735E-4 7.38045E-4 1.59773E-3 1.93254E-3 2.08678E-3 1.67317E-3 1.03324E-3 1.12494E-3 1.37769E-3 2.05767E-3 2.23163E-3 2.63205E-3 1.61715E-3 1.3986E-3 1.92372E-3 1.84472E-3 1.5995E-3
-9999 -9999 -9999 -9999 -9999 -9999 -9999 -9999 -9999 -9999 -9999 -9999 -9999 -9999 -9999 6.73494E-2 6.09355E-2 7.37603E-2 7.36588E-2 3.89306E-2 4.98976E-2 5.11779E-2 6.18053E-2 7.82364E-2 7.37356E-2 3.99837E-2 3.38439E-2 4.47421E-2 5.71132E-2 4.40969E-2 5.40728E-2 3.24882E-2 1.97125E-2 9.05722E-3 5.12363E-3 2.70788E-3 2.09625E-3 2.73305E-3 1.10152E-3 6.98929E-4 6.88256E-4 8.04223E-4 9.19354E-4 9.68262E-4 1.32243E-3 1.36846E-3 9.58491E-4 8.24544E-4 5.55954E-4 4.41689E-4 2.45871E-4 3.09366E-4 4.2745E-4 5.71812E-4 7.44354E-4 9.54882E-4 1.70144E-3 2.16313E-3 1.71193E-3 1.42142E-3 1.362E-3 1.93726E-3 2.36511E-3 2.34805E-3 1.9591E-3 1.61715E-3 1.71816E-3 1.37183E-3 1.00604E-3 7.72387E-4
-9999 -9999 -9999 -9999 -9999 -9999 -9999 -9999 -9999 -9999 -9999 -9999 -9999 -9999 -9999 -9999 7.16333E-2 7.59915E-2 8.50598E-2 1.00904E-1 6.94379E-2 9.13416E-2 1.12101E-1 9.33109E-2 1.35713E-1 1.16056E-1 1.27897E-1 1.27225E-1 7.55669E-2 2.54457E-2 3.08358E-2 2.82434E-2 2.72092E-2 2.75751E-2 9.04774E-3 3.09856E-3 2.57713E-3 2.02707E-3 3.36826E-3 1.47971E-3 1.13426E-3 1.01364E-3 1.07238E-3 9.79888E-4 1.02157E-3 1.4172E-3 1.35993E-3 9.74243E-4 8.85041E-4 6.77275E-4 4.76536E-4 3.44054E-4 3.18873E-4 4.21432E-4 7.16028E-4 9.26992E-4 1.69862E-3 2.16551E-3 2.40219E-3 1.35852E-3 1.59318E-3 1.85873E-3 2.21564E-3 2.01416E-3 2.68028E-3 2.66553E-3 2.45311E-3 1.7639E-3 1.54928E-3 1.11209E-3
-9999 -9999 -9999 -9999 -9999 -9999 -9999 -9999 -9999 -9999 -9999 -9999 -9999 -9999 -9999 -9999 -9999 -9999 7.87201E-2 9.32859E-2 1.11013E-1 1.25351E-1 1.51384E-1 1.66487E-1 1.65864E-1 1.65471E-1 1.45614E-1 1.30536E-1 1.00218E-1 9.8165E-2 6.76081E-2 3.36234E-2 1.00322E-2 5.52302E-3 8.64866E-3 3.21744E-3 2.38733E-3 3.21631E-3 3.6282E-3 2.55256E-3 2.96065E-3 1.37087E-3 1.30151E-3 1.40216E-3 1.63965E-3 1.02906E-3 1.04251E-3 1.08019E-3 1.05042E-3 9.55844E-4 8.36573E-4 9.19255E-4 6.78823E-4 5.33657E-4 4.31567E-4 8.21892E-4 1.62586E-3 2.01237E-3 1.72047E-3 1.82575E-3 2.30952E-3 1.94891E-3 1.41672E-3 6.24778E-4 1.43405E-3 2.51442E-3 1.68734E-3 1.3553E-3 1.33594E-3 1.24621E-3
-9999 -9999 -9999 -9999 -9999 -9999 -9999 -9999 -9999 -9999 -9999 -9999 -9999 -9999 -9999 -9999 -9999 -9999 -9999 -9999 9.92972E-2 1.19832E-1 1.39482E-1 1.82019E-1 1.93019E-1 2.05132E-1 2.12274E-1 1.96545E-1 1.58325E-1 1.68131E-1 1.74149E-1 1.06201E-1 5.7102E-2 4.65087E-2 2.39353E-2 1.24921E-2 3.0146E-3 3.59676E-3 2.87045E-3 3.13321E-3 3.81865E-3 3.59688E-3 1.59797E-3 1.56736E-3 1.54329E-3 1.42417E-3 1.1657E-3 8.60786E-4 9.86075E-4 1.35961E-3 1.01386E-3 1.27847E-3 1.13067E-3 7.3615E-4 8.39177E-4 1.08777E-3 8.73246E-4 1.36166E-3 1.37272E-3 1.64408E-3 1.96037E-3 1.25414E-3 6.19206E-4 3.83657E-4 8.23047E-4 1.89247E-3 1.10879E-3 1.49316E-3 1.70849E-3 1.45826E-3
-9999 -9999 -9999 -9999 -9999 -9999 -9999 -9999 -9999 -9999 -9999 -9999 -9999 -9999 -9999 -9999 -9999 -9999 -9999 -9999 -9999 1.02438E-1 1.24884E-1 1.47195E-1 1.71907E-1 2.24651E-1 2.32217E-1 2.41149E-1 2.4761E-1 2.26925E-1 2.20921E-1 1.88354E-1 1.0103E-1 8.31169E-2 8.30818E-2 1.28873E-2 7.57551E-3 4.23037E-3 3.03927E-3 4.87128E-3 4.3264E-3 4.16451E-3 2.26961E-3 1.34739E-3 1.56672E-3 1.36659E-3 1.24153E-3 1.18379E-3 1.01078E-3 1.27515E-3 1.29586E-3 1.38247E-3 1.34321E-3 1.26382E-3 8.85191E-4 5.54587E-4 6.93356E-4 4.8126E-4 9.50021E-4 1.40818E-3 1.98294E-3 1.54991E-3 9.07116E-4 5.72669E-4 7.26175E-4 2.03408E-3 2.35451E-3 1.94122E-3 8.79572E-4 8.98969E-4
-9999 -9999 -9999 -9999 -9999 -9999 -9999 -9999 -9999 -9999 -9999 -9999 -9999 -9999 -9999 -9999 -9999 -9999 -9999 -9999 -9999 -9999 1.0557E-1 1.23447E-1 1.50184E-1 1.83188E-1 2.43262E-1 2.5361E-1 2.62879E-1 2.69716E-1 2.35108E-1 2.01552E-1 1.60088E-1 1.38363E-1 8.58895E-2 2.16807E-2 1.40335E-2 5.36194E-3 6.49953E-3 6.87704E-3 4.72314E-3 4.42113E-3 2.80971E-3 1.12146E-3 9.72264E-4 1.22852E-3 1.11002E-3 1.17854E-3 9.6987E-4 1.27236E-3 1.40439E-3 1.39935E-3 1.51528E-3 1.39051E-3 9.35766E-4 5.28448E-4 3.86745E-4 5.78118E-4 7.57443E-4 1.54005E-3 1.82856E-3 1.75219E-3 1.24856E-3 4.65273E-4 4.30868E-4 1.40794E-3 2.62777E-3 2.31984E-3 9.93845E-4 7.73318E-4
-9999 -9999 -9999 -9999 -9999 -9999 -9999 -9999 -9999 -9999 -9999 -9999 -9999 -9999 -9999 -9999 -9999 -9999 -9999 -9999 -9999 -9999 4.51705E-2 1.0748E-1 1.23209E-1 1.4942E-1 1.80543E-1 2.23319E-1 2.74734E-1 2.89449E-1 2.71781E-1 2.55457E-1 1.93258E-1 1.45585E-1 1.08257E-1 8.59188E-2 3.42213E-2 1.21569E-2 4.70633E-3 1.05474E-2 5.02931E-3 3.08861E-3 3.09469E-3 2.68386E-3 9.42528E-4 9.46052E-4 1.10472E-3 1.00662E-3 7.84218E-4 1.36445E-3 1.61385E-3 1.61288E-3 1.53906E-3 1.39836E-3 1.01835E-3 6.46504E-4 4.25227E-4 4.04331E-4 4.73111E-4 9.3569E-4 1.45718E-3 1.61788E-3 1.5832E-3 1.20019E-3 7.00378E-4 9.49637E-4 2.45061E-3 2.5401E-3 1.60997E-3 1.13811E-3
-9999 -9999 -9999 -9999 -9999 -9999 -9999 -9999 -9999 -9999 -9999 -9999 -9999 -9999 -9999 -9999 -9999 -9999 -9999 -9999 -9999 -9999 -9999 4.52331E-2 1.07121E-1 1.23404E-1 1.52369E-1 1.7614E-1 2.20643E-1 2.93595E-1 3.0038E-1 2.58024E-1 2.39087E-1 1.51925E-1 1.1603E-1 7.58896E-2 3.7665E-2 2.25987E-2 1.90816E-2 1.13625E-2 9.6648E-3 4.19152E-3 2.19871E-3 2.97028E-3 1.06369E-3 7.48839E-4 7.43442E-4 1.01605E-3 9.50968E-4 9.95991E-4 1.14858E-3 1.51728E-3 1.44665E-3 1.3965E-3 1.18045E-3 9.56127E-4 6.51125E-4 4.54758E-4 2.74595E-4 4.14188E-4 5.83411E-4 9.45398E-4 1.29739E-3 1.56135E-3 1.27228E-3 1.37155E-3 2.21226E-3 2.65493E-3 2.20854E-3 1.1745E-3
-9999 -9999 -9999 -9999 -9999 -9999 -9999 -9999 -9999 -9999 -9999 -9999 -9999 -9999 -9999 -9999 -9999 -9999 -9999 -9999 -9999 -9999 -9999 4.07904E-2 4.6248E-2 4.8939E-2 1.19739E-1 1.30183E-1 1.70805E-1 2.2345E-1 3.04216E-1 3.00939E-1 2.62129E-1 2.05657E-1 1.41736E-1 1.04082E-1 1.23942E-2 2.76094E-2 5.68096E-2 2.91071E-2 2.13665E-2 8.12877E-3 7.45891E-3 4.33178E-3 2.60109E-3 9.30944E-4 6.48523E-4 7.76713E-4 9.65997E-4 8.40774E-4 9.95886E-4 1.42548E-3 1.34044E-3 1.42885E-3 1.52854E-3 1.37306E-3 1.08914E-3 8.67271E-4 4.28433E-4 3.13179E-4 2.41912E-4 5.07007E-4 1.04526E-3 1.40252E-3 1.2938E-3 9.20116E-4 1.17404E-3 2.41899E-3 2.59892E-3 1.87901E-3
-9999 -9999 -9999 -9999 -9999 -9999 -9999 -9999 -9999 -9999 -9999 -9999 -9999 -9999 -9999 -9999 -9999 -9999 -9999 -9999 -9999 -9999 3.4064E-2 3.72146E-2 4.03906E-2 4.37332E-2 4.52626E-2 4.70187E-2 1.25697E-1 1.81265E-1 2.50722E-1 3.17737E-1 3.26161E-1 2.58215E-1 2.14203E-1 1.40271E-1 4.89885E-2 8.56359E-3 1.43271E-2 2.60554E-2 1.49216E-2 5.97077E-3 6.39568E-3 3.72883E-3 2.34389E-3 2.35995E-3 1.63265E-3 7.46613E-4 8.52672E-4 8.16948E-4 8.17301E-4 1.66572E-3 1.26292E-3 1.34121E-3 1.27752E-3 1.6145E-3 1.49415E-3 1.31163E-3 9.55066E-4 6.25853E-4 5.04302E-4 4.09754E-4 6.43559E-4 1.14948E-3 1.1666E-3 1.23981E-3 1.04917E-3 1.68246E-3 2.44765E-3 2.36537E-3
-9999 -9999 -9999 -9999 -9999 -9999 -9999 -9999 -9999 -9999 -9999 -9999 -9999 -9999 -9999 -9999 -9999 -9999 -9999 -9999 -9999 -9999 3.25865E-2 3.76838E-2 3.89611E-2 4.00162E-2 4.31933E-2 4.28927E-2 5.04912E-2 1.57901E-1 2.12895E-1 2.81982E-1 3.40901E-1 3.32084E-1 2.72127E-1 1.4329E-1 4.41371E-2 2.37128E-2 3.16571E-2 1.75202E-2 1.12789E-2 8.54846E-3 5.91507E-3 8.97489E-3 4.68433E-3 3.96875E-3 1.16133E-3 8.30924E-4 7.46585E-4 6.95871E-4 1.40294E-3 1.53262E-3 1.31179E-3 1.3952E-3 1.73081E-3 1.81153E-3 1.79231E-3 1.75675E-3 1.58104E-3 1.01191E-3 7.34678E-4 7.29118E-4 7.48848E-4 9.07596E-4 8.72061E-4 1.305E-3 1.29996E-3 9.75245E-4 1.78897E-3 1.85241E-3
-9999 -9999 -9999 -9999 -9999 -9999 -9999 -9999 -9999 -9999 -9999 -9999 -9999 -9999 -9999 -9999 -9999 -9999 -9999 -9999 -9999 -9999 3.26604E-2 3.6703E-2 3.95495E-2 4.12106E-2 4.31833E-2 4.64552E-2 5.52677E-2 1.4862E-1 1.97577E-1 2.56635E-1 3.00714E-1 3.52592E-1 3.37174E-1 2.05286E-1 6.90208E-2 2.92838E-2 3.04013E-2 6.52872E-2 1.71677E-2 9.9492E-3 8.22535E-3 9.79612E-3 4.08908E-3 4.74371E-3 3.18242E-3 1.07943E-3 1.0443E-3 1.45945E-3 1.35669E-3 1.39627E-3 1.66454E-3 1.78717E-3 1.76025E-3 2.05059E-3 2.12366E-3 2.04653E-3 1.93125E-3 1.41725E-3 8.32141E-4 8.09306E-4 7.7886E-4 9.83287E-4 1.12948E-3 1.25142E-3 1.68011E-3 1.74194E-3 2.11909E-3 1.6991E-3
-9999 -9999 -9999 -9999 -9999 -9999 -9999 -9999 -9999 -9999 -9999 -9999 -9999 -9999 -9999 -9999 -9999 -9999 -9999 -9999 -9999 -9999 -9999 -9999 4.08757E-2 4.17578E-2 4.29106E-2 4.74785E-2 5.69855E-2 7.18109E-2 1.87952E-1 2.36907E-1 2.86303E-1 4.46315E-1 3.55121E-1 4.19663E-1 1.64868E-1 1.09758E-1 1.53822E-1 1.1602E-1 3.03496E-2 1.47696E-2 7.97505E-3 1.46481E-2 4.37857E-3 3.5092E-3 3.60932E-3 3.10278E-3 2.57569E-3 1.79192E-3 1.42394E-3 1.27345E-3 1.5844E-3 1.75266E-3 1.11511E-3 1.71801E-3 2.3734E-3 2.34159E-3 2.31376E-3 1.98198E-3 1.48031E-3 1.23864E-3 1.15271E-3 1.20263E-3 1.30379E-3 1.33824E-3 1.77948E-3 2.0848E-3 1.91693E-3 2.21978E-3
-9999 -9999 -9999 -9999 -9999 -9999 -9999 -9999 -9999 -9999 -9999 -9999 -9999 -9999 -9999 -9999 -9999 -9999 -9999 -9999 -9999 -9999 -9999 -9999 4.29412E-2 4.23901E-2 4.46093E-2 5.05975E-2 5.99777E-2 7.18005E-2 1.88603E-1 2.2295E-1 2.70198E-1 4.36181E-1 4.59039E-1 4.67071E-1 4.07787E-1 3.47036E-1 2.8928E-1 1.69673E-1 9.5645E-2 1.67514E-2 8.35683E-3 1.07941E-2 1.28283E-2 5.17001E-3 5.01441E-3 5.93695E-3 6.02874E-3 4.19977E-3 1.78581E-3 1.54941E-3 9.57107E-4 1.09667E-3 1.15698E-3 9.616E-4 1.08852E-3 1.83434E-3 2.24065E-3 2.23249E-3 2.11112E-3 1.80551E-3 1.48914E-3 1.0523E-3 8.45927E-4 9.97258E-4 1.44023E-3 1.91907E-3 2.16843E-3 2.14275E-3
-9999 -9999 -9999 -9999 -9999 -9999 -9999 -9999 -9999 -9999 -9999 -9999 -9999 -9999 -9999 -9999 -9999 -9999 -9999 -9999 -9999 -9999 -9999 -9999 4.27675E-2 4.28754E-2 4.59911E-2 5.29316E-2 6.38116E-2 7.52634E-2 8.88522E-2 2.18236E-1 2.47304E-1 4.01684E-1 4.15956E-1 4.09317E-1 4.10216E-1 4.00079E-1 3.44089E-1 2.58438E-1 8.77039E-2 3.28526E-2 1.76434E-2 1.43508E-2 1.04299E-2 1.12549E-2 8.2381E-3 1.06431E-2 9.22479E-3 6.39895E-3 6.94384E-3 4.26334E-3 1.86927E-3 1.81041E-3 1.88756E-3 1.38803E-3 1.23634E-3 1.07963E-3 1.50749E-3 1.97696E-3 2.34534E-3 2.34149E-3 1.57956E-3 1.01303E-3 6.72107E-4 6.97025E-4 1.02568E-3 1.17514E-3 1.40581E-3 2.32818E-3
-9999 -9999 -9999 -9999 -9999 -9999 -9999 -9999 -9999 -9999 -9999 -9999 -9999 -9999 -9999 -9999 -9999 -9999 -9999 -9999 -9999 -9999 -9999 -9999 -9999 4.10733E-2 4.69012E-2 5.3301E-2 6.38392E-2 7.37023E-2 -9999 -9999 2.16548E-1 3.49747E-1 3.66324E-1 3.74227E-1 3.72012E-1 3.61445E-1 3.19108E-1 2.70622E-1 1.10042E-1 4.6314E-2 6.61997E-2 5.85618E-2 4.22706E-2 1.82257E-2 1.16955E-2 6.42226E-3 1.0851E-2 9.97129E-3 6.33339E-3 6.67663E-3 5.04822E-3 2.14939E-3 2.31416E-3 1.56663E-3 1.71099E-3 1.38911E-3 1.27191E-3 1.79514E-3 2.36053E-3 2.7194E-3 2.36253E-3 1.67814E-3 1.25398E-3 1.01451E-3 9.7117E-4 7.54402E-4 9.06315E-4 1.55224E-3
-9999 -9999 -9999 -9999 -9999 -9999 -9999 -9999 -9999 -9999 -9999 -9999 -9999 -9999 -9999 -9999 -9999 -9999 -9999 -9999 -9999 -9999 -9999 -9999 -9999 -9999 4.97319E-2 5.72824E-2 6.70663E-2 7.19913E-2 -9999 8.8042E-2 1.84655E-1 3.06277E-1 3.23017E-1 3.34649E-1 3.32004E-1 3.2637E-1 3.00535E-1 2.67627E-1 1.38959E-1 2.03493E-1 1.74613E-1 9.51422E-2 8.04433E-2 4.39622E-2 2.20888E-2 1.21583E-2 1.15757E-2 1.1797E-2 1.06299E-2 1.03587E-2 7.45163E-3 5.9912E-3 2.13458E-3 2.47903E-3 2.01699E-3 2.11839E-3 1.62607E-3 1.24923E-3 2.04889E-3 3.07657E-3 3.13191E-3 2.61278E-3 2.18401E-3 1.70325E-3 1.52415E-3 1.16087E-3 1.1346E-3 1.67437E-3
-9999 -9999 -9999 -9999 -9999 -9999 -9999 -9999 -9999 -9999 -9999 -9999 -9999 -9999 -9999 -9999 -9999 -9999 -9999 -9999 -9999 -9999 -9999 -9999 -9999 -9999 -9999 5.87481E-2 6.58404E-2 6.94583E-2 -9999 -9999 -9999 1.40784E-1 -9999 -9999 -9999 2.78879E-1 2.72004E-1 2.3611E-1 2.20308E-1 1.18082E-1 1.04503E-1 8.12766E-2 7.82476E-2 5.69969E-2 3.85314E-2 3.11853E-2 2.07743E-2 1.83961E-2 1.83672E-2 1.60408E-2 1.10795E-2 7.79688E-3 3.68634E-3 2.9351E-3 2.1604E-3 2.09004E-3 1.70111E-3 2.1962E-3 1.79244E-3 2.72124E-3 3.30701E-3 3.31271E-3 3.06503E-3 2.62922E-3 2.29708E-3 2.114E-3 2.09423E-3 1.76436E-3
-9999 -9999 -9999 -9999 -9999 -9999 -9999 -9999 -9999 -9999 -9999 -9999 -9999 -9999 -9999 -9999 -9999 -9999 -9999 -9999 -9999 -9999 -9999 -9999 -9999 -9999 -9999 -9999 -9999 -9999 -9999 -9999 -9999 -9999 -9999 -9999 -9999 2.84412E-1 2.74177E-1 2.29306E-1 2.0936E-1 1.89865E-1 1.00681E-1 8.88998E-2 8.17372E-2 6.19444E-2 2.78204E-2 3.32311E-2 2.60532E-2 1.99982E-2 2.11637E-2 2.35121E-2 2.11442E-2 1.48246E-2 9.55358E-3 8.32972E-3 3.52255E-3 2.398E-3 2.0661E-3 2.0073E-3 2.25543E-3 2.84105E-3 3.32648E-3 3.4499E-3 3.2651E-3 3.08303E-3 2.87019E-3 2.62882E-3 2.52063E-3 2.13722E-3
-9999 -9999 -9999 -9999 -9999 -9999 -9999 -9999 -9999 -9999 -9999 -9999 -9999 -9999 -9999 -9999 -9999 -9999 -9999 -9999 -9999 -9999 -9999 -9999 -9999 -9999 -9999 -9999 -9999 -9999 -9999 -9999 -9999 -9999 -9999 -9999 -9999 -9999 2.7934E-1 2.82911E-1 2.61451E-1 1.9064E-1 1.70678E-1 1.53514E-1 8.91672E-2 8.95198E-2 5.19968E-2 2.36669E-2 2.97171E-2 2.27065E-2 2.35297E-2 2.00793E-2 2.05819E-2 2.22176E-2 1.64235E-2 6.83634E-3 6.04146E-3 5.72984E-3 5.24466E-3 4.0163E-3 2.91754E-3 3.3807E-3 3.70902E-3 3.24136E-3 2.80387E-3 3.11471E-3 3.35776E-3 3.44933E-3 3.1679E-3 2.91178E-3
-9999 -9999 -9999 -9999 -9999 -9999 -9999 -9999 -9999 -9999 -9999 -9999 -9999 -9999 -9999 -9999 -9999 -9999 -9999 -9999 -9999 -9999 -9999 -9999 -9999 -9999 -9999 -9999 -9999 -9999 -9999 -9999 -9999 -9999 -9999 -9999 -9999 -9999 -9999 6.39494E-2 6.2585E-2 6.19816E-2 1.16731E-1 1.52948E-1 8.41941E-2 8.88583E-2 8.84586E-2 6.12553E-2 2.17797E-2 4.12733E-2 3.13463E-2 3.56593E-2 2.62162E-2 2.20398E-2 2.1238E-2 1.9328E-2 7.76702E-3 6.14434E-3 5.58885E-3 5.20321E-3 5.42122E-3 3.09236E-3 3.58482E-3 4.28959E-3 3.23038E-3 3.39189E-3 3.56739E-3 4.03935E-3 4.04835E-3 3.72858E-3
