KUENM_DEFAULT/Final_Models/M_1_F_lqpth_Set_1_NE/sp1_6.asc
ncols         197
nrows         210
xllcorner     56.1666666666667
yllcorner     4.5
cellsize      0.166666666666667
NODATA_value  -9999
[rows 84 to 111 of 210, columns 65 to 129 of 197]
7.5667E-2 7.61475E-2 7.3218E-2 7.69539E-2 8.39612E-2 9.62026E-2 1.05321E-1 1.19237E-1 1.28923E-1 1.28937E-1 1.32706E-1 1.03384E-1 1.06958E-1 1.46998E-1 1.47927E-1 1.42107E-1 1.45764E-1 1.53094E-1 1.52095E-1 1.51995E-1 1.45414E-1 1.39087E-1 1.40238E-1 1.3527E-1 1.03281E-1 1.3649E-1 1.41889E-1 1.45471E-1 1.44417E-1 1.12648E-1 1.08605E-1 5.19634E-1 5.28082E-1 5.47379E-1 6.13037E-1 6.34388E-1 6.38735E-1 6.44762E-1 6.5041E-1 7.26172E-1 6.61948E-1 5.74467E-1 4.91203E-1 5.69405E-1 5.95065E-1 6.76241E-1 5.25488E-1 5.02342E-1 4.99709E-1 4.19831E-1 4.51327E-1 4.68889E-1 4.95352E-1 4.97492E-1 4.35892E-1 4.56726E-1 4.52048E-1 4.28238E-1 4.84946E-1 4.38754E-1 4.06551E-1 4.60469E-1 4.13413E-1 3.83402E-1 3.85908E-1
6.82429E-2 6.29574E-2 6.67376E-2 6.94555E-2 7.8223E-2 8.28635E-2 9.94565E-2 1.1391E-1 1.21431E-1 1.23666E-1 1.36423E-1 1.02321E-1 1.09565E-1 1.09945E-1 1.48061E-1 1.48513E-1 1.47085E-1 1.48597E-1 1.51997E-1 1.52296E-1 1.53995E-1 1.49108E-1 1.45585E-1 1.4428E-1 1.20844E-1 1.19922E-1 1.53599E-1 1.61013E-1 1.24542E-1 1.25166E-1 1.22051E-1 5.47723E-1 5.56586E-1 5.42113E-1 6.20888E-1 6.35839E-1 6.46998E-1 6.73786E-1 7.13146E-1 5.29951E-1 4.70731E-1 6.49342E-1 6.7986E-1 6.16511E-1 4.64093E-1 5.27314E-1 4.99101E-1 4.86816E-1 4.69682E-1 4.3071E-1 4.17245E-1 4.60859E-1 4.89362E-1 4.75757E-1 4.88316E-1 4.24729E-1 4.14399E-1 4.1544E-1 4.01889E-1 4.41703E-1 4.01178E-1 4.63291E-1 4.09328E-1 3.83954E-1 3.73732E-1
5.67826E-2 5.78646E-2 6.27283E-2 6.31712E-2 6.94061E-2 8.21049E-2 9.38635E-2 1.01003E-1 1.08839E-1 1.20593E-1 1.27912E-1 1.37345E-1 1.39941E-1 1.55657E-1 1.48003E-1 1.50132E-1 1.49981E-1 1.51105E-1 1.58132E-1 1.59829E-1 1.64897E-1 1.59729E-1 1.57862E-1 1.61019E-1 1.34454E-1 1.37131E-1 1.38926E-1 1.35507E-1 1.36553E-1 5.79849E-1 5.72752E-1 4.71024E-1 5.46175E-1 5.55329E-1 6.44446E-1 7.14248E-1 6.99392E-1 6.34158E-1 4.54258E-1 2.73423E-1 6.02672E-1 6.65797E-1 6.60968E-1 4.44588E-1 4.26939E-1 4.28118E-1 4.87116E-1 4.59838E-1 3.81831E-1 3.88038E-1 3.64733E-1 3.76871E-1 4.19184E-1 4.72035E-1 4.83589E-1 4.75389E-1 3.78508E-1 3.81537E-1 3.85283E-1 4.26388E-1 3.93546E-1 4.21858E-1 4.08168E-1 3.82607E-1 3.55765E-1
3.67551E-2 4.34623E-2 5.73624E-2 6.01336E-2 6.5298E-2 7.33335E-2 8.50771E-2 9.22882E-2 1.01995E-1 1.14424E-1 1.25135E-1 1.36013E-1 1.41084E-1 1.55118E-1 1.56962E-1 1.58322E-1 1.57869E-1 1.60451E-1 1.65491E-1 1.67748E-1 1.68124E-1 1.69124E-1 1.79452E-1 1.78328E-1 1.44228E-1 1.5319E-1 1.53812E-1 6.2541E-1 6.17659E-1 5.97642E-1 5.7663E-1 4.75821E-1 4.61204E-1 5.57238E-1 7.16774E-1 4.973E-1 4.43717E-1 4.47331E-1 2.64155E-1 3.23048E-1 6.49836E-1 6.77964E-1 6.66771E-1 4.46036E-1 4.22648E-1 4.09031E-1 4.38873E-1 4.23898E-1 3.64066E-1 4.17885E-1 3.93108E-1 3.8641E-1 3.84504E-1 4.34722E-1 4.16651E-1 3.91808E-1 3.66675E-1 3.61089E-1 3.64332E-1 4.04809E-1 3.75995E-1 8.8499E-2 3.66513E-1 3.62282E-1 3.48844E-1
2.09372E-2 3.60989E-2 5.00951E-2 5.3104E-2 4.42055E-2 6.9169E-2 7.81023E-2 8.66418E-2 9.59021E-2 1.04106E-1 1.20309E-1 1.29174E-1 1.47345E-1 1.49626E-1 1.59067E-1 1.56234E-1 1.60993E-1 1.68964E-1 1.71796E-1 1.79626E-1 1.83131E-1 1.80483E-1 1.89733E-1 6.97524E-1 6.42332E-1 6.52961E-1 6.46594E-1 6.52759E-1 6.38546E-1 6.14808E-1 5.12189E-1 4.86914E-1 5.47823E-1 5.79728E-1 3.10271E-1 2.9453E-1 3.39173E-1 3.34663E-1 2.17023E-1 2.92478E-1 4.85903E-1 6.83793E-1 6.38127E-1 4.47913E-1 4.16895E-1 3.92518E-1 3.54906E-1 3.91763E-1 3.96685E-1 3.88067E-1 3.8739E-1 3.89427E-1 3.84762E-1 3.80789E-1 3.75263E-1 3.79425E-1 3.686E-1 3.00612E-1 2.98636E-1 4.00586E-1 8.9589E-2 7.60463E-2 7.59518E-2 8.38471E-2 3.46299E-1
-9999 2.05759E-2 4.34323E-2 4.96159E-2 4.02646E-2 4.44756E-2 4.89803E-2 7.94542E-2 9.09187E-2 1.01832E-1 1.13163E-1 1.04345E-1 1.38321E-1 1.53014E-1 1.5485E-1 1.60587E-1 1.68005E-1 1.75273E-1 1.85951E-1 1.3988E-1 1.93205E-1 1.9915E-1 7.04299E-1 7.10361E-1 6.6943E-1 6.74399E-1 6.74183E-1 6.70047E-1 5.76471E-1 6.46828E-1 5.54495E-1 5.35496E-1 6.1597E-1 5.21867E-1 2.74066E-2 3.69101E-1 3.01336E-1 3.21918E-1 3.25228E-1 2.76229E-1 4.76917E-1 5.25669E-1 5.1485E-1 4.02227E-1 3.77936E-1 3.53585E-1 3.57994E-1 3.9703E-1 3.72761E-1 3.57057E-1 3.67352E-1 3.96237E-1 3.96912E-1 3.73189E-1 3.54773E-1 3.36062E-1 3.54192E-1 3.58734E-1 3.54895E-1 3.28907E-1 8.91656E-2 7.54962E-2 7.43632E-2 8.19797E-2 3.49484E-1
-9999 1.93849E-2 2.6085E-2 3.18556E-2 5.10759E-2 4.1456E-2 4.66933E-2 5.36361E-2 8.36607E-2 9.80685E-2 8.72841E-2 9.92151E-2 1.32519E-1 1.45307E-1 1.51438E-1 1.62842E-1 1.28119E-1 1.34361E-1 1.89264E-1 1.98318E-1 2.09448E-1 6.42979E-1 6.40036E-1 7.24129E-1 6.79195E-1 6.94864E-1 6.99021E-1 6.87593E-1 6.79604E-1 6.7589E-1 6.63791E-1 6.62936E-1 4.49603E-1 3.81709E-1 3.07536E-1 1.94131E-1 3.30419E-1 3.2344E-1 3.44882E-1 3.32074E-1 5.07983E-1 5.09115E-1 4.71596E-1 3.81719E-1 3.44117E-1 3.21072E-1 3.66507E-1 3.77373E-1 3.82096E-1 3.8902E-1 4.09265E-1 4.171E-1 3.67156E-1 3.71495E-1 3.40904E-1 3.35969E-1 3.45157E-1 3.79694E-1 3.44116E-1 7.26009E-2 9.05882E-2 7.98464E-2 7.917E-2 3.4921E-1 3.50681E-1
-9999 1.94177E-2 1.87276E-2 1.82142E-2 3.31233E-2 3.64411E-2 4.31046E-2 4.93317E-2 5.87766E-2 9.5599E-2 8.50787E-2 9.63278E-2 1.32264E-1 1.42993E-1 1.57099E-1 1.3042E-1 1.34415E-1 1.93134E-1 1.48663E-1 1.58478E-1 2.20464E-1 6.54031E-1 6.50715E-1 6.04306E-1 6.92217E-1 7.01364E-1 7.06674E-1 7.03329E-1 6.98646E-1 6.93294E-1 6.89597E-1 7.32505E-1 4.64656E-1 3.46086E-1 2.39588E-1 2.47633E-1 3.58312E-1 2.67306E-1 2.91285E-1 3.67237E-1 4.69686E-1 6.74443E-1 4.96449E-1 3.89366E-1 3.71637E-1 3.31702E-1 3.67116E-1 3.58352E-1 3.80934E-1 3.97557E-1 4.15747E-1 4.18828E-1 4.34017E-1 4.25234E-1 3.43974E-1 3.40557E-1 3.51467E-1 3.54232E-1 8.33857E-2 7.14101E-2 9.25296E-2 8.97319E-2 3.4818E-1 3.47346E-1 3.50245E-1
-9999 -9999 2.49285E-2 1.844E-2 0E0 3.41057E-2 4.05955E-2 4.87596E-2 7.64354E-2 7.26765E-2 6.26363E-2 9.5916E-2 1.06865E-1 1.10006E-1 1.18472E-1 1.31421E-1 1.40053E-1 1.47375E-1 1.56645E-1 2.10695E-1 6.55869E-1 6.61799E-1 6.85017E-1 6.16418E-1 6.24999E-1 6.35578E-1 7.14882E-1 7.22121E-1 7.14928E-1 7.10492E-1 7.73351E-1 6.80256E-1 4.83305E-1 4.78663E-1 3.1404E-1 3.78965E-1 3.69922E-1 2.72895E-1 3.24369E-1 4.22109E-1 5.05002E-1 6.85936E-1 5.32474E-1 4.62867E-1 4.69254E-1 3.84783E-1 3.56779E-1 3.52622E-1 3.82937E-1 3.88561E-1 4.12638E-1 3.71429E-1 4.21741E-1 4.0518E-1 4.10918E-1 3.55407E-1 3.63388E-1 3.63504E-1 7.95418E-2 7.21186E-2 9.40553E-2 3.84244E-1 3.70117E-1 3.53903E-1 3.43204E-1
-9999 -9999 1.78048E-2 1.89759E-2 1.87749E-2 3.28344E-2 3.87561E-2 4.60782E-2 4.26126E-2 6.87097E-2 3.70279E-1 4.93471E-1 4.36652E-1 8.73016E-2 9.80587E-2 1.05057E-1 1.06617E-1 1.1022E-1 1.63488E-1 1.72836E-1 5.91601E-1 6.80013E-1 6.03806E-1 6.22381E-1 6.315E-1 6.39697E-1 7.14378E-1 7.27643E-1 7.23452E-1 7.24036E-1 7.73031E-1 7.55855E-1 7.27078E-1 5.36999E-1 4.46743E-1 3.90509E-1 3.55696E-1 3.30306E-1 3.45142E-1 4.19511E-1 5.26304E-1 6.94054E-1 6.96278E-1 5.29979E-1 4.68016E-1 3.65221E-1 3.63887E-1 3.58015E-1 3.7662E-1 3.87802E-1 4.14694E-1 3.62118E-1 3.895E-1 3.79002E-1 4.05228E-1 4.28707E-1 3.56116E-1 3.53485E-1 7.94439E-2 6.96079E-2 8.95334E-2 3.85838E-1 3.70552E-1 3.5421E-1 7.15091E-2
-9999 -9999 -9999 1.82446E-2 1.94831E-2 3.36825E-2 3.72439E-2 3.36543E-2 4.08204E-2 3.91792E-1 3.59054E-1 3.79158E-1 4.19779E-1 4.53608E-1 9.41019E-2 1E-1 1.04569E-1 1.4995E-1 1.19324E-1 6.58681E-1 6.68222E-1 6.82968E-1 6.18622E-1 6.29951E-1 6.34896E-1 6.43998E-1 6.50382E-1 7.20745E-1 7.2027E-1 7.89715E-1 7.64454E-1 7.45641E-1 6.1418E-1 5.58018E-1 4.95977E-1 4.22687E-1 3.74487E-1 3.87488E-1 3.79161E-1 3.7464E-1 4.48494E-1 5.22916E-1 5.41699E-1 4.84182E-1 3.91381E-1 3.62481E-1 3.02283E-1 2.92198E-1 3.22478E-1 3.48179E-1 3.42962E-1 3.50088E-1 3.97229E-1 3.91691E-1 4.0693E-1 4.17297E-1 3.46085E-1 7.79251E-2 7.39618E-2 8.39819E-2 7.83103E-2 3.61166E-1 3.66136E-1 7.91697E-2 6.20391E-2
-9999 -9999 -9999 -9999 -9999 -9999 -9999 3.14326E-2 2.63155E-1 2.93429E-1 3.2186E-1 3.48924E-1 3.91253E-1 4.36725E-1 4.62863E-1 1.20072E-1 1.28787E-1 1.01905E-1 1.55078E-1 6.48066E-1 6.57286E-1 6.64687E-1 6.03351E-1 6.25916E-1 6.38011E-1 7.19319E-1 7.22338E-1 7.20342E-1 7.14424E-1 7.90901E-1 7.68878E-1 6.20314E-1 5.89025E-1 5.5412E-1 5.16927E-1 4.71657E-1 4.14623E-1 4.09649E-1 4.09321E-1 4.18331E-1 4.55731E-1 5.07659E-1 5.06938E-1 4.30959E-1 3.31594E-1 3.12246E-1 2.86429E-1 2.7369E-1 3.25376E-1 3.3711E-1 3.30969E-1 3.95432E-1 3.91501E-1 4.07365E-1 4.01437E-1 3.94985E-1 7.69077E-2 7.25171E-2 6.72022E-2 7.3302E-2 7.00675E-2 7.90172E-2 8.38746E-2 6.73007E-2 5.11618E-2
-9999 -9999 -9999 -9999 -9999 -9999 -9999 -9999 2.5571E-1 2.76612E-1 2.9809E-1 4.07129E-1 3.57761E-1 3.93302E-1 4.17642E-1 7.5675E-2 1.14354E-1 1.26272E-1 6.06193E-1 6.34092E-1 6.43925E-1 6.44626E-1 6.79274E-1 7.00322E-1 6.4171E-1 6.47747E-1 7.23733E-1 7.21649E-1 7.22075E-1 7.82202E-1 6.45366E-1 5.91465E-1 5.51006E-1 5.31146E-1 5.21387E-1 4.96426E-1 4.64263E-1 4.44072E-1 4.35908E-1 4.31496E-1 4.40877E-1 4.80971E-1 4.77971E-1 4.04207E-1 3.15988E-1 3.02844E-1 6.25075E-2 6.02204E-2 2.94173E-1 3.06474E-1 3.22178E-1 3.93133E-1 3.91269E-1 3.94536E-1 3.81432E-1 8.74557E-2 8.60015E-2 6.61605E-2 6.11447E-2 6.29368E-2 5.68853E-2 6.02096E-2 6.35326E-2 5.45762E-2 4.55668E-2
-9999 -9999 -9999 -9999 -9999 -9999 -9999 -9999 -9999 2.58789E-1 2.74271E-1 3.03533E-1 3.268E-1 3.43246E-1 3.58329E-1 4.44332E-1 5.68096E-1 5.15102E-1 4.8196E-1 5.31061E-1 6.47935E-1 6.69785E-1 6.85441E-1 7.06051E-1 6.43719E-1 6.49819E-1 7.26815E-1 7.30295E-1 7.28007E-1 7.78194E-1 6.3067E-1 5.80154E-1 5.29615E-1 5.0472E-1 5.20094E-1 4.97346E-1 4.57982E-1 4.39032E-1 4.39352E-1 4.4859E-1 4.21652E-1 3.94632E-1 3.84938E-1 3.69049E-1 6.72071E-2 6.26024E-2 3.03464E-1 3.0233E-1 3.48696E-1 2.96776E-1 3.25588E-1 3.94193E-1 3.93943E-1 3.87255E-1 8.66795E-2 7.4909E-2 7.77117E-2 7.76673E-2 7.16815E-2 5.58633E-2 4.11519E-2 4.52004E-2 4.8706E-2 4.66507E-2 4.08447E-2
-9999 -9999 -9999 -9999 -9999 -9999 -9999 -9999 -9999 2.2923E-1 2.3137E-1 2.72316E-1 2.93392E-1 3.15165E-1 3.31894E-1 4.98652E-1 5.22995E-1 4.75582E-1 4.5547E-1 5.16009E-1 6.28951E-1 6.5989E-1 6.87661E-1 6.2713E-1 7.08085E-1 7.08155E-1 7.17688E-1 7.19734E-1 7.16023E-1 7.87406E-1 6.21267E-1 5.75856E-1 5.39913E-1 5.0983E-1 5.04869E-1 4.76991E-1 4.38275E-1 4.12929E-1 4.27392E-1 4.1407E-1 3.7988E-1 3.50787E-1 3.39558E-1 3.39644E-1 3.08779E-1 3.09446E-1 3.1558E-1 3.18323E-1 3.15182E-1 3.11661E-1 3.35197E-1 3.39429E-1 3.80752E-1 8.76299E-2 7.39687E-2 6.8131E-2 7.04021E-2 7.44484E-2 7.1314E-2 5.79724E-2 4.31189E-2 4.04693E-2 4.25422E-2 4.12383E-2 3.48397E-2
-9999 -9999 -9999 -9999 -9999 -9999 -9999 -9999 -9999 -9999 -9999 1.85297E-1 1.86942E-1 2.85738E-1 3.14099E-1 4.13779E-1 3.68238E-1 4.11068E-1 4.46575E-1 5.03078E-1 5.32206E-1 6.5099E-1 6.80345E-1 6.94838E-1 7.52188E-1 7.48253E-1 7.48085E-1 7.0415E-1 7.03491E-1 7.76536E-1 6.1361E-1 5.4524E-1 5.43982E-1 5.20794E-1 4.68278E-1 4.47977E-1 4.46584E-1 4.36467E-1 4.22966E-1 3.96076E-1 3.59653E-1 3.58371E-1 3.40358E-1 3.60787E-1 3.82037E-1 3.77565E-1 3.38293E-1 3.06824E-1 3.17237E-1 3.16098E-1 3.37068E-1 3.37582E-1 3.66763E-1 7.9987E-2 6.99518E-2 6.69284E-2 6.65675E-2 6.77081E-2 6.89353E-2 6.05897E-2 5.34385E-2 4.83986E-2 4.34025E-2 3.5336E-2 3.21205E-2
-9999 -9999 -9999 -9999 -9999 -9999 -9999 -9999 -9999 -9999 -9999 -9999 -9999 2.86206E-1 3.02695E-1 3.29521E-1 3.55767E-1 -9999 -9999 5.64906E-1 6.01402E-1 5.59271E-1 6.68425E-1 7.06074E-1 7.6347E-1 7.60801E-1 7.343E-1 7.3716E-1 7.01409E-1 7.69425E-1 6.04618E-1 5.33358E-1 5.32406E-1 5.03763E-1 4.42886E-1 3.30482E-1 4.44388E-1 4.54082E-1 4.20468E-1 3.75354E-1 7.74123E-2 7.66559E-2 3.33003E-1 3.7564E-1 3.87403E-1 3.9924E-1 3.45239E-1 3.11957E-1 3.06406E-1 3.10466E-1 3.25662E-1 3.24258E-1 8.69427E-2 7.73026E-2 7.10878E-2 6.53711E-2 6.72542E-2 7.50065E-2 8.49886E-2 7.98179E-2 7.09874E-2 6.45195E-2 5.56617E-2 4.7182E-2 4.2087E-2
-9999 -9999 -9999 -9999 -9999 -9999 -9999 -9999 -9999 -9999 -9999 -9999 -9999 1.80022E-1 1.8142E-1 -9999 -9999 3.9396E-1 5.10632E-1 5.54831E-1 5.09971E-1 5.38323E-1 7.46596E-1 6.65401E-1 7.36935E-1 7.37507E-1 6.70355E-1 6.76786E-1 7.68513E-1 7.50887E-1 6.08153E-1 5.7538E-1 5.49683E-1 5.0243E-1 4.26078E-1 4.04375E-1 4.35445E-1 4.43447E-1 4.06287E-1 8.55712E-2 6.47958E-2 6.29036E-2 6.88481E-2 3.28079E-1 3.63893E-1 3.7928E-1 3.61397E-1 3.33256E-1 3.16034E-1 3.08721E-1 3.00591E-1 2.9399E-1 6.13427E-2 7.59177E-2 8.68016E-2 9.12966E-2 8.78724E-2 9.48156E-2 9.27042E-2 8.59576E-2 7.41514E-2 6.55855E-2 5.48177E-2 4.853E-2 4.20685E-2
-9999 -9999 -9999 -9999 -9999 -9999 -9999 -9999 -9999 -9999 -9999 1.70933E-1 2.2585E-1 1.82861E-1 1.97066E-1 2.14495E-1 3.38386E-1 3.78901E-1 4.23944E-1 5.46415E-1 5.83042E-1 6.29508E-1 5.96255E-1 5.79931E-1 5.67925E-1 7.01692E-1 7.23828E-1 6.6233E-1 7.48478E-1 7.38114E-1 6.15244E-1 5.93913E-1 5.68418E-1 5.15821E-1 4.62858E-1 4.34658E-1 4.25581E-1 4.05278E-1 9.08033E-2 6.82942E-2 5.80891E-2 6.29291E-2 7.17449E-2 3.42822E-1 3.85363E-1 4.1683E-1 4.39591E-1 4.31805E-1 4.23724E-1 3.87824E-1 3.22378E-1 7.02366E-2 6.05976E-2 3.68006E-1 4.16828E-1 4.76035E-1 4.40406E-1 1.05097E-1 9.48651E-2 8.0465E-2 7.01707E-2 5.80982E-2 4.9179E-2 4.22637E-2 4.17592E-2
-9999 -9999 -9999 -9999 -9999 -9999 -9999 -9999 -9999 -9999 -9999 1.5795E-1 1.7035E-1 1.8151E-1 1.94716E-1 2.16955E-1 4.43067E-1 4.53735E-1 4.86342E-1 6.25362E-1 5.75687E-1 6.8258E-1 5.39611E-1 5.26497E-1 5.27871E-1 5.41925E-1 7.00816E-1 7.14195E-1 7.21576E-1 7.28853E-1 7.32327E-1 6.08017E-1 5.77749E-1 5.38128E-1 4.87484E-1 4.34311E-1 9.03823E-2 8.84006E-2 8.3386E-2 6.90892E-2 6.5415E-2 6.2111E-2 6.96216E-2 3.46374E-1 4.15891E-1 4.53191E-1 5.10518E-1 5.26282E-1 5.11831E-1 5.22352E-1 4.92841E-1 4.85476E-1 4.84352E-1 4.90035E-1 4.76029E-1 4.51394E-1 4.69442E-1 1.16023E-1 9.29151E-2 6.83103E-2 5.8039E-2 4.88023E-2 4.4513E-2 4.13588E-2 4.25452E-2
-9999 -9999 -9999 -9999 -9999 -9999 -9999 -9999 -9999 -9999 -9999 -9999 1.80563E-1 1.80782E-1 0E0 2.22935E-1 2.99735E-1 2.91081E-1 3.66128E-1 5.1132E-1 6.16766E-1 5.92292E-1 4.95895E-1 4.98444E-1 5.15134E-1 5.26016E-1 6.70932E-1 6.87893E-1 7.00708E-1 7.17622E-1 7.19696E-1 7.19756E-1 5.91777E-1 5.3893E-1 4.92821E-1 4.47206E-1 9.30366E-2 8.4483E-2 7.95472E-2 7.40983E-2 7.54092E-2 6.56468E-2 7.30253E-2 3.39432E-1 4.59413E-1 4.91277E-1 5.58291E-1 5.91501E-1 5.86721E-1 5.79801E-1 5.4548E-1 5.29536E-1 5.16962E-1 4.77934E-1 4.68874E-1 5.13161E-1 4.63169E-1 1.16127E-1 8.83473E-2 5.60896E-2 4.13301E-2 3.61009E-2 3.66889E-2 3.86334E-2 4.58809E-2
-9999 -9999 -9999 -9999 -9999 -9999 -9999 -9999 -9999 -9999 -9999 -9999 -9999 1.96663E-1 2.17984E-1 3.13771E-1 1.87883E-1 1.86929E-1 3.61189E-1 3.84255E-1 4.19127E-1 4.51743E-1 4.68521E-1 4.86876E-1 6.33555E-1 6.4768E-1 6.72076E-1 6.84982E-1 6.98958E-1 7.05364E-1 7.05935E-1 6.63716E-1 -9999 5.38746E-1 4.93014E-1 4.72668E-1 1.06329E-1 8.44565E-2 7.58783E-2 7.46112E-2 7.21175E-2 6.32012E-2 7.59207E-2 3.89278E-1 3.58603E-1 3.76775E-1 5.37327E-1 5.42615E-1 5.70864E-1 5.77092E-1 6.10844E-1 5.94836E-1 5.8728E-1 5.30028E-1 4.87427E-1 4.6547E-1 1.21292E-1 1.05217E-1 7.33178E-2 4.67521E-2 3.32554E-2 3.32829E-2 4.16743E-2 5.22494E-2 5.35676E-2
-9999 -9999 -9999 -9999 -9999 -9999 -9999 -9999 -9999 -9999 -9999 -9999 -9999 -9999 3.09202E-1 1.94054E-1 1.6907E-1 1.74932E-1 1.79338E-1 2.88518E-1 3.70955E-1 3.85549E-1 4.25296E-1 4.53414E-1 6.09255E-1 6.15779E-1 6.35958E-1 6.58451E-1 6.66685E-1 6.61996E-1 6.25122E-1 5.46822E-1 -9999 5.30441E-1 4.99293E-1 4.77993E-1 1.10028E-1 7.39949E-2 4.79643E-2 4.24989E-2 4.35507E-2 4.4521E-2 5.07504E-2 3.34049E-1 4.28989E-1 4.86676E-1 4.93723E-1 4.98644E-1 5.88273E-1 5.75522E-1 5.49376E-1 5.93679E-1 5.63926E-1 5.3125E-1 4.69902E-1 4.5317E-1 1.18999E-1 9.56011E-2 6.31681E-2 3.96185E-2 3.91842E-2 4.20751E-2 4.70338E-2 6.08916E-2 6.9201E-2
-9999 -9999 -9999 -9999 -9999 -9999 -9999 -9999 -9999 -9999 -9999 -9999 -9999 -9999 -9999 1.88899E-1 1.77723E-1 1.76567E-1 1.78994E-1 1.65946E-1 2.31352E-1 3.0961E-1 3.65281E-1 4.10642E-1 5.80591E-1 5.39296E-1 4.74867E-1 5.62608E-1 4.75042E-1 4.63042E-1 4.48205E-1 4.87095E-1 4.99548E-1 4.9617E-1 4.59098E-1 4.30908E-1 8.57767E-2 5.45869E-2 3.79699E-2 3.47194E-2 3.89013E-2 5.87541E-2 3.83442E-1 5.1691E-1 5.97922E-1 6.13641E-1 5.82917E-1 5.15244E-1 5.63868E-1 5.22226E-1 4.64518E-1 5.01105E-1 4.51325E-1 4.25986E-1 4.14503E-1 4.3852E-1 1.12652E-1 9.29496E-2 7.05653E-2 5.38699E-2 4.10778E-2 2.8505E-2 2.33428E-2 3.56528E-2 6.26547E-2
-9999 -9999 -9999 -9999 -9999 -9999 -9999 -9999 -9999 -9999 -9999 -9999 -9999 -9999 -9999 -9999 1.69746E-1 1.67215E-1 1.61106E-1 1.51524E-1 1.31657E-1 1.94053E-1 3.54956E-1 4.02044E-1 5.61493E-1 5.64713E-1 5.30497E-1 4.47817E-1 4.24335E-1 4.29908E-1 4.36472E-1 4.45548E-1 -9999 4.07807E-1 3.85628E-1 7.60836E-2 4.97264E-2 3.21884E-2 2.45069E-2 2.45661E-2 4.28676E-2 7.51807E-2 4.45972E-1 5.71741E-1 6.33859E-1 6.73605E-1 6.489E-1 6.01904E-1 5.5547E-1 5.81967E-1 5.35972E-1 4.21659E-1 3.53062E-1 4.22718E-1 4.25071E-1 4.83939E-1 4.86233E-1 4.49003E-1 9.16262E-2 5.86913E-2 3.87861E-2 2.09181E-2 2.51901E-2 5.37369E-2 9.09967E-2
-9999 -9999 -9999 -9999 -9999 -9999 -9999 -9999 -9999 -9999 -9999 -9999 -9999 -9999 -9999 -9999 -9999 1.55272E-1 1.49221E-1 1.39518E-1 1.45072E-1 1.62036E-1 2.36154E-1 2.44079E-1 5.28586E-1 5.4889E-1 5.10583E-1 3.99947E-1 3.83729E-1 3.82813E-1 3.84321E-1 -9999 -9999 6.70564E-2 5.54057E-2 3.5879E-2 2.62686E-2 1.96272E-2 1.69989E-2 2.20964E-2 3.74694E-2 6.22498E-2 4.14153E-1 5.41562E-1 7.0598E-1 7.7432E-1 6.71937E-1 6.33421E-1 6.03314E-1 5.75458E-1 5.38396E-1 5.51296E-1 5.46458E-1 5.57402E-1 5.83159E-1 5.76301E-1 5.08139E-1 9.5071E-2 7.71242E-2 5.91332E-2 4.95508E-2 6.9621E-2 4.49207E-1 4.99633E-1 4.84982E-1
-9999 -9999 -9999 -9999 -9999 -9999 -9999 -9999 -9999 -9999 -9999 -9999 -9999 -9999 -9999 -9999 -9999 -9999 1.46942E-1 1.52078E-1 1.68285E-1 2.25981E-1 2.33725E-1 2.6566E-1 3.66604E-1 4.31766E-1 5.74916E-1 4.21985E-1 4.01275E-1 3.74605E-1 3.64662E-1 -9999 -9999 4.60943E-2 3.19664E-2 2.00916E-2 1.62671E-2 1.329E-2 1.03996E-2 1.28332E-2 2.34553E-2 5.3873E-2 4.0784E-1 5.43088E-1 7.40569E-1 7.64921E-1 6.55845E-1 6.47521E-1 6.36784E-1 6.09593E-1 5.84565E-1 6.43207E-1 6.49713E-1 6.27408E-1 6.29378E-1 5.57216E-1 4.8819E-1 5.24313E-1 5.62761E-1 5.72008E-1 5.63415E-1 5.76532E-1 5.64086E-1 5.44755E-1 5.20534E-1
-9999 -9999 -9999 -9999 -9999 -9999 -9999 -9999 -9999 -9999 -9999 -9999 -9999 -9999 -9999 -9999 -9999 -9999 -9999 1.92895E-1 2.2963E-1 1.71505E-1 1.79257E-1 2.62852E-1 3.07338E-1 5.12631E-1 5.00798E-1 3.60708E-1 -9999 -9999 -9999 -9999 -9999 -9999 2.08851E-2 1.15595E-2 7.61009E-3 6.64712E-3 5.60115E-3 7.08344E-3 1.58103E-2 4.90781E-2 4.38743E-1 6.97006E-1 6.53044E-1 7.66962E-1 6.54623E-1 6.34981E-1 6.11228E-1 5.82574E-1 5.56978E-1 5.88716E-1 5.90425E-1 5.84171E-1 6.05005E-1 6.30467E-1 6.21691E-1 6.33572E-1 6.50165E-1 6.40432E-1 6.28003E-1 6.18547E-1 5.74773E-1 5.49253E-1 4.98986E-1
