KUENM_DEFAULT/Final_Models/M_1_F_lqpth_Set_1_NE/sp1_6.asc
ncols         197
nrows         210
xllcorner     56.1666666666667
yllcorner     4.5
cellsize      0.166666666666667
NODATA_value  -9999
[rows 28 to 55 of 210, columns 65 to 129 of 197]
2.98323E-4 2.48327E-3 3.02078E-3 2.55196E-3 3.7303E-3 3.66381E-4 4.59554E-3 6.65556E-3 1.01063E-2 1.07647E-2 1.90366E-2 9.68475E-3 2.60018E-2 3.05188E-2 1.97285E-2 4.6764E-2 2.01856E-1 6.76679E-2 2.05215E-1 2.16841E-1 9.86706E-2 3.23E-2 4.13383E-2 1.25821E-1 1.74434E-1 9.72829E-2 2.49879E-1 1.82859E-1 1.74741E-1 2.13204E-2 1.32759E-1 2.42095E-2 1.42289E-2 6.73918E-3 1.25007E-2 1.20921E-2 6.13183E-3 1.03604E-2 8.52147E-3 1.13684E-2 5.73192E-3 8.35672E-3 1.1906E-2 1.2267E-2 1.23108E-2 9.81427E-3 9.35522E-3 8.31965E-3 1.72338E-3 1.05286E-3 7.30748E-5 5.18283E-5 5.56225E-5 3.23221E-5 5.50062E-5 1.50385E-4 4.01227E-5 2.78797E-5 2.62877E-5 5.12151E-5 5.71977E-5 5.9184E-5 3.44291E-5 6.40941E-5 1.32725E-5
2.68902E-3 2.80729E-3 3.03006E-3 3.02754E-3 3.29071E-3 5.12828E-3 4.23974E-3 5.18142E-3 3.41634E-3 3.12285E-3 3.89782E-3 8.40194E-3 2.43382E-2 2.87294E-2 3.03335E-2 4.76633E-2 6.61576E-2 7.48985E-2 8.28144E-2 8.83286E-2 9.89684E-2 1.10575E-1 3.22224E-1 3.10369E-1 1.25107E-1 4.37508E-1 1.00172E-1 1.71184E-1 2.70683E-1 8.84319E-2 3.02807E-1 2.11536E-2 2.21643E-2 1.51584E-2 1.62357E-2 5.61597E-3 7.8152E-3 6.09248E-3 3.16133E-3 1.0028E-2 9.52558E-3 1.53508E-2 1.3238E-2 3.72529E-2 1.71323E-2 8.38897E-3 8.32609E-3 8.46945E-3 1.34006E-2 1.51248E-3 6.40907E-5 6.55153E-5 6.11905E-5 7.81765E-5 1.20056E-4 7.11873E-5 1.33906E-4 1.10556E-4 2.84289E-5 2.22334E-5 2.27419E-5 2.87234E-5 7.83116E-5 1.48067E-4 2.73782E-5
2.62255E-3 2.30489E-3 2.57564E-3 3.03765E-4 3.25855E-4 3.52502E-4 3.47449E-3 5.16067E-3 5.86079E-3 7.79279E-3 8.89852E-3 1.06469E-2 2.1025E-2 2.41981E-2 2.5871E-2 4.11153E-2 5.74875E-2 2.07908E-1 1.90005E-1 9.58171E-2 1.12545E-2 1.27976E-2 8.84012E-2 9.16773E-2 3.34129E-1 1.10098E-1 1.74808E-1 1.10386E-1 1.55404E-1 1.55762E-1 1.42114E-1 8.8535E-2 1.76604E-1 3.04094E-2 2.02875E-2 1.11153E-2 9.50642E-3 8.67908E-3 8.60683E-3 6.83125E-3 4.34031E-2 1.06735E-2 1.79261E-2 7.08395E-2 5.11166E-2 5.82207E-2 1.18952E-2 6.59697E-3 6.79924E-3 4.71023E-3 3.45245E-3 9.09618E-4 9.53139E-4 8.7675E-5 8.3007E-5 7.76732E-5 1.10407E-4 1.24197E-4 1.28954E-4 4.72801E-5 2.64814E-5 2.06908E-5 2.34905E-5 2.5915E-5 8.20016E-5
2.5231E-3 3.24287E-4 3.26616E-4 3.37073E-3 3.50647E-3 3.61438E-4 3.72849E-3 5.19082E-4 5.23449E-3 7.95328E-3 7.91005E-3 1.04424E-2 1.58358E-2 2.06402E-2 8.98986E-3 3.96631E-2 2.02994E-2 9.33939E-2 2.58501E-1 2.26698E-1 8.39963E-2 9.89122E-3 1.04881E-2 9.80901E-2 1.01355E-1 1.08615E-1 1.30368E-1 1.71426E-1 2.10926E-1 3.06498E-1 2.99476E-1 1.81116E-1 1.32578E-1 2.8609E-1 2.21366E-2 2.47332E-2 1.33606E-2 7.76538E-3 6.79557E-3 1.2537E-2 3.65187E-3 1.88282E-3 8.15693E-3 3.97419E-2 8.06936E-2 9.60575E-2 5.51245E-2 1.43145E-2 7.7111E-3 7.0051E-3 7.26959E-3 3.60655E-3 2.09943E-4 9.48949E-5 5.27915E-5 3.87719E-5 3.37178E-5 6.43668E-5 8.12212E-5 1.11279E-4 1.10816E-4 1.39586E-4 6.293E-5 4.2738E-5 3.5132E-5
3.46008E-4 3.84443E-4 2.72776E-3 2.69308E-3 3.61908E-3 3.69287E-4 4.35394E-4 4.34525E-3 5.81198E-3 7.68017E-3 1.11841E-3 1.35328E-3 1.50566E-2 1.80155E-2 2.55969E-2 3.86909E-2 1.85223E-2 1.03404E-2 2.01996E-2 5.38603E-2 9.30938E-2 1.56933E-1 2.44012E-1 3.10537E-1 3.24731E-1 2.57971E-1 1.37843E-1 1.61358E-1 1.99988E-1 2.43666E-1 3.20503E-1 2.91574E-1 1.8696E-1 1.6332E-1 9.87484E-2 9.64481E-2 1.80825E-2 9.53355E-3 3.02421E-3 8.78672E-2 3.51553E-2 2.14763E-2 2.25069E-2 1.15068E-2 1.95096E-2 7.64966E-2 9.57498E-2 5.49319E-2 9.23237E-3 7.08617E-3 1.10177E-2 4.46066E-3 1.79913E-4 8.55232E-4 1.35623E-4 3.06375E-5 2.45598E-5 3.38496E-5 2.86443E-5 5.87277E-5 4.56742E-5 1.06344E-4 9.58703E-5 2.31362E-4 7.6754E-5
4.42619E-4 3.76681E-4 3.44213E-3 3.31142E-3 3.38575E-3 4.22767E-3 4.52818E-3 5.17623E-3 5.33639E-3 7.01492E-3 9.11042E-3 1.4247E-3 1.78442E-2 1.45185E-2 7.54426E-3 9.86275E-3 1.6299E-2 7.16669E-2 7.39165E-2 3.56608E-2 2.30165E-2 2.96925E-2 5.71373E-2 1.09124E-1 2.55561E-1 2.73517E-1 4.27596E-1 1.58453E-1 1.82619E-1 2.46087E-1 2.46036E-1 3.01494E-1 2.96656E-1 1.63829E-1 1.08086E-1 8.93745E-2 1.90942E-2 1.43217E-2 9.50105E-3 1.25599E-1 1.12819E-1 2.75311E-2 2.37515E-2 1.9792E-3 5.39303E-3 2.46706E-3 5.65084E-2 9.15181E-2 5.59063E-2 2.53392E-3 6.73347E-3 1.23871E-2 3.2845E-3 1.85751E-4 1.45164E-4 9.86199E-5 1.2503E-4 4.47193E-5 5.34516E-5 6.83788E-5 9.9278E-5 1.17471E-4 5.4375E-5 5.0166E-5 1.84363E-4
2.95966E-3 3.01932E-3 2.8048E-3 3.14073E-3 3.76001E-3 4.2119E-3 4.57064E-3 6.08474E-4 7.83865E-4 7.20251E-3 7.06359E-3 9.63795E-3 1.16545E-2 1.26055E-2 1.22277E-2 2.23659E-2 4.80859E-2 9.44926E-2 1.23495E-1 1.56318E-1 1.11833E-1 6.46376E-2 7.27387E-2 8.15718E-2 1.44972E-1 3.12993E-1 2.8744E-1 3.41938E-1 3.89944E-1 2.12828E-1 1.97259E-1 2.0507E-1 2.76033E-1 1.58858E-1 1.67038E-1 3.44538E-1 4.1222E-2 4.47207E-2 1.20672E-1 1.41191E-1 1.08974E-1 1.53584E-1 1.51143E-1 6.45121E-2 1.17343E-3 5.69139E-3 2.62477E-3 5.65518E-2 8.73025E-2 6.03858E-2 8.94689E-3 8.01491E-3 1.37897E-2 5.29577E-3 1.53379E-4 9.38853E-5 1.32459E-4 1.12814E-4 3.03724E-4 1.08624E-4 3.70875E-5 6.17945E-5 4.34253E-5 3.08812E-5 8.54003E-5
3.30767E-3 3.58928E-4 3.52986E-3 3.01571E-3 4.12235E-3 4.48981E-3 5.50781E-3 6.59614E-4 1.0122E-3 9.36548E-4 8.21811E-3 1.14033E-2 1.43786E-2 1.59267E-2 1.12899E-2 1.65915E-2 5.22447E-2 2.58234E-1 2.76833E-1 2.36327E-1 2.7464E-1 1.25576E-1 1.51459E-1 1.66312E-1 3.58847E-1 3.19488E-1 3.63518E-1 3.56468E-1 4.53438E-1 1.93213E-1 2.00583E-1 1.90423E-1 2.43813E-1 1.92186E-1 1.64634E-1 1.30508E-1 1.16047E-1 2.09546E-2 5.05955E-2 3.91441E-2 1.75142E-1 1.82664E-1 1.72756E-1 1.04422E-1 2.69795E-3 5.02004E-3 1.15294E-3 2.4093E-3 5.89676E-3 6.39783E-3 1.68019E-3 7.81832E-3 1.07397E-2 1.37874E-2 2.98446E-3 1.80033E-4 1.21949E-4 1.16635E-4 3.11737E-4 4.2173E-4 3.40659E-4 4.35824E-5 5.91639E-5 3.49771E-5 4.76387E-5
3.79181E-4 3.93441E-3 4.13709E-3 3.60818E-3 4.04867E-3 4.09157E-3 7.12824E-4 8.95137E-4 1.21343E-3 1.27894E-3 1.16193E-3 1.88013E-3 1.99706E-3 9.26597E-3 1.62962E-2 2.16054E-2 5.11022E-2 2.78416E-1 2.35863E-1 2.3292E-1 2.35196E-1 2.43835E-1 2.56644E-1 3.60457E-1 3.92674E-1 3.51837E-1 3.98934E-1 5.00463E-1 1.83887E-1 2.00577E-1 1.94912E-1 1.90639E-1 3.35392E-1 1.9972E-1 1.8146E-1 1.68063E-1 1.41837E-1 1.32193E-1 3.89712E-1 6.63811E-2 5.60015E-2 1.82398E-1 1.68446E-1 1.4734E-1 8.91424E-2 2.23023E-3 2.94696E-3 1.70366E-3 1.4479E-3 2.33627E-3 7.54513E-3 2.32167E-3 3.48834E-3 1.31275E-2 7.44145E-3 6.6806E-3 4.06747E-3 1.14837E-4 1.85694E-4 4.39574E-4 1.57904E-4 2.14883E-4 2.41816E-4 5.18159E-5 4.55776E-5
3.12817E-3 3.81512E-3 4.1516E-4 5.33201E-4 5.64684E-4 6.29994E-4 9.17054E-4 1.14014E-3 1.27269E-3 1.22645E-3 1.79757E-3 1.88747E-3 9.84976E-3 8.88881E-3 1.65755E-2 3.32465E-2 5.95467E-2 7.42944E-2 2.1202E-1 2.38986E-1 2.5407E-1 2.69442E-1 2.66894E-1 2.96602E-1 3.20832E-1 3.40701E-1 3.59128E-1 4.72748E-1 1.84913E-1 1.81079E-1 1.93486E-1 2.54265E-1 2.60949E-1 3.45366E-1 2.36566E-1 2.004E-1 1.69823E-1 1.59757E-1 1.56169E-1 4.08031E-1 6.51739E-2 4.99021E-2 1.84207E-1 1.81547E-1 1.5799E-1 1.01804E-1 1.38196E-2 7.71994E-3 8.30421E-3 7.41392E-3 2.07205E-3 1.79103E-3 3.01505E-3 1.01407E-2 9.95986E-3 1.0095E-2 3.38831E-3 2.40047E-4 1.17986E-4 2.46787E-4 2.97629E-4 2.74447E-4 2.89724E-4 2.37037E-4 3.11215E-4
4.90528E-4 5.37598E-4 5.38033E-4 5.17025E-4 6.25294E-4 8.3419E-4 1.04805E-3 1.17504E-3 1.02969E-3 1.31135E-3 1.73098E-3 1.23854E-3 9.21604E-3 1.14686E-2 1.59814E-2 2.49561E-2 3.91281E-2 2.48287E-1 2.28825E-1 2.63194E-1 2.80467E-1 3.0067E-1 3.13988E-1 3.36838E-1 3.35132E-1 2.91502E-1 3.00703E-1 4.55153E-1 2.50008E-1 2.55282E-1 2.62072E-1 2.51806E-1 2.59539E-1 2.66045E-1 3.5247E-1 2.1778E-1 1.96296E-1 1.81466E-1 1.73945E-1 4.71199E-1 4.24269E-1 6.68206E-2 2.51056E-1 5.13076E-2 4.10305E-2 3.31989E-2 2.22878E-2 1.23263E-2 8.84668E-3 5.82979E-3 5.7504E-3 5.61038E-3 2.77286E-3 2.19323E-3 8.84413E-3 8.67246E-3 1.05559E-2 4.27589E-3 2.08491E-3 2.12505E-4 2.23618E-4 2.79483E-4 2.33154E-4 2.74382E-4 2.11785E-4
4.76812E-4 7.85672E-4 5.65563E-4 6.34133E-4 7.92813E-4 9.72119E-4 1.08892E-3 1.05236E-3 1.4285E-3 1.78062E-3 1.55731E-3 9.53503E-3 1.21572E-2 1.68541E-2 2.81225E-2 4.02871E-2 5.71378E-2 6.73238E-2 3.14994E-1 2.77782E-1 3.95861E-1 4.90208E-1 5.13738E-1 5.20355E-1 3.26754E-1 2.1923E-1 3.01483E-1 3.07427E-1 2.45488E-1 2.48661E-1 2.41362E-1 2.33807E-1 2.34941E-1 2.36506E-1 2.38423E-1 2.5778E-1 3.30656E-1 2.24171E-1 2.11087E-1 1.95266E-1 5.6091E-1 4.16388E-1 7.01122E-2 5.58161E-2 4.27894E-2 2.90766E-2 2.00056E-2 1.42043E-2 9.54581E-3 5.45816E-3 2.16608E-3 1.27391E-3 1.39029E-3 1.36987E-3 1.44615E-3 1.55589E-3 9.38357E-3 7.44827E-3 3.16332E-3 2.82193E-3 2.66134E-4 2.4301E-4 2.81467E-4 3.76016E-4 2.48089E-4
7.3082E-4 1.02834E-3 8.55948E-4 9.95344E-4 1.10867E-3 1.09519E-3 1.18931E-3 1.27741E-3 1.83416E-3 1.75714E-3 9.82241E-4 1.31863E-3 1.31443E-2 2.14912E-2 1.97435E-2 2.43909E-2 9.93429E-2 1.7472E-1 2.00346E-1 2.49846E-1 3.96371E-1 2.40696E-2 1.93476E-1 2.57965E-1 1.96687E-1 2.95783E-1 3.12692E-1 3.08877E-1 2.1812E-1 2.36738E-1 2.23867E-1 2.06414E-1 1.99978E-1 5.21222E-1 5.26789E-1 5.45698E-1 5.82933E-1 3.64843E-1 2.49567E-1 2.87947E-1 6.08571E-1 4.7936E-1 4.38552E-1 3.8293E-1 7.50788E-2 5.38625E-2 3.80253E-2 1.89169E-2 1.12665E-2 6.26735E-3 4.29303E-3 1.5628E-3 1.15932E-3 9.58008E-4 1.05657E-3 1.15954E-3 8.12491E-3 7.82802E-3 1.32591E-2 3.0015E-3 4.64114E-3 5.72559E-3 2.79602E-3 2.56801E-4 2.92031E-4
1.41115E-3 1.06193E-3 1.2843E-3 1.2083E-3 1.1176E-3 1.29371E-3 1.36007E-3 1.42349E-3 1.8628E-3 1.70477E-3 1.48168E-3 2.09808E-3 1.62686E-2 2.0837E-2 1.58053E-2 1.80271E-2 2.82969E-2 4.98741E-2 2.60867E-1 2.18104E-1 3.90039E-1 3.37177E-2 3.58797E-2 2.5936E-1 2.70345E-1 2.86303E-1 3.17717E-1 3.16623E-1 3.04967E-1 1.87873E-1 4.79672E-1 3.80193E-1 2.03714E-1 2.3659E-1 2.73415E-1 2.74788E-1 3.58065E-1 3.82975E-1 4.82842E-1 3.31597E-1 3.0499E-1 6.36678E-1 5.17417E-1 4.62347E-1 3.99151E-1 3.65333E-1 6.53034E-2 4.5872E-2 2.29972E-2 1.22696E-2 7.24315E-3 5.0086E-3 3.42796E-3 2.13629E-3 7.55875E-4 7.14645E-4 1.20634E-3 6.97257E-3 1.09517E-2 8.31105E-3 1.34335E-2 8.27376E-3 3.18853E-3 3.37828E-3 2.72704E-3
1.26753E-3 1.63659E-3 1.46807E-3 1.06289E-3 1.28685E-3 1.43422E-3 1.44377E-3 1.77508E-3 1.80474E-3 1.39927E-3 1.65687E-3 2.66525E-3 2.63538E-3 2.00246E-2 2.33161E-2 3.45191E-2 4.22483E-2 6.83358E-2 9.9197E-2 1.1642E-1 3.23546E-2 3.45116E-2 2.3946E-1 1.80105E-1 1.78192E-1 2.12453E-1 3.02323E-1 3.12013E-1 3.24849E-1 2.98312E-1 2.1234E-1 2.55837E-1 3.60776E-1 3.52527E-1 3.47489E-1 3.36008E-1 3.42028E-1 3.48587E-1 3.64521E-1 3.79383E-1 4.69844E-1 7.53884E-1 6.58698E-1 5.40041E-1 4.88726E-1 4.8249E-1 4.11428E-1 3.29373E-1 5.81969E-2 3.33212E-2 2.06556E-2 1.08057E-2 7.51301E-3 2.4079E-3 4.46676E-4 6.19085E-4 6.82592E-4 1.09004E-3 7.3414E-3 7.34823E-3 8.44946E-3 7.90325E-3 4.76497E-3 6.54475E-3 4.88342E-3
2.29003E-3 1.82979E-3 1.38201E-3 1.52621E-3 1.44031E-3 1.33258E-3 1.62961E-3 1.66057E-3 1.69872E-3 1.19153E-3 1.51346E-3 2.42659E-3 4.11216E-3 3.84498E-3 4.36989E-2 6.34895E-2 6.52856E-2 8.3906E-2 1.37195E-2 1.76418E-2 3.48109E-2 3.64406E-2 3.3659E-2 1.87743E-1 1.90796E-1 4.11764E-2 4.33046E-2 3.00909E-1 3.13434E-1 3.20434E-1 3.35306E-1 3.45033E-1 3.50527E-1 3.47029E-1 3.39216E-1 3.32233E-1 3.30129E-1 3.3452E-1 3.35771E-1 3.54674E-1 3.59144E-1 7.2486E-1 7.85844E-1 5.74846E-1 5.42992E-1 5.23574E-1 4.76681E-1 4.18415E-1 3.67991E-1 7.13857E-2 4.00659E-2 2.44599E-2 1.1716E-2 5.00509E-3 1.06963E-3 3.0551E-4 8.82695E-4 1.05373E-3 6.99068E-3 6.44063E-3 6.80668E-3 1.2513E-3 1.51513E-2 7.35475E-3 3.54223E-3
2.31203E-3 1.52859E-3 1.65706E-3 1.46691E-3 1.27765E-3 1.59871E-3 1.62518E-3 1.8783E-3 1.38853E-3 1.63149E-3 2.0115E-3 1.87169E-3 4.47617E-3 6.11095E-3 7.30655E-3 9.14857E-3 1.169E-2 1.18799E-2 1.69278E-2 3.51201E-2 3.61941E-2 3.68003E-2 3.7094E-2 3.76916E-2 3.81299E-2 3.88609E-2 4.03749E-2 4.30755E-2 4.31893E-2 4.50818E-2 3.18406E-1 3.29062E-1 3.44017E-1 3.42544E-1 3.37046E-1 3.19509E-1 3.09216E-1 3.13993E-1 3.16662E-1 3.22518E-1 3.3322E-1 7.02596E-1 7.9096E-1 6.94516E-1 5.62878E-1 5.44257E-1 5.20763E-1 4.90894E-1 4.37389E-1 3.13649E-1 5.48664E-2 4.14413E-2 2.15001E-2 8.67182E-3 4.02766E-3 9.98914E-4 2.84025E-4 4.93588E-4 9.58316E-4 1.01925E-3 9.48183E-4 1.14789E-3 6.67165E-3 1.17863E-2 4.5472E-3
1.89904E-3 1.71926E-3 1.54389E-3 1.78843E-3 1.9934E-3 1.9258E-3 2.00758E-3 2.16025E-3 1.8494E-3 2.02896E-3 2.48684E-3 2.44431E-3 3.50483E-3 6.7474E-3 8.69988E-3 8.66572E-3 1.00587E-2 6.65636E-2 1.53138E-2 2.57229E-2 3.70545E-2 3.77991E-2 3.71201E-2 3.68744E-2 3.68744E-2 3.75173E-2 3.87462E-2 3.92221E-2 4.15201E-2 4.32246E-2 4.60191E-2 3.15418E-1 3.23602E-1 3.17431E-1 3.16277E-1 3.03473E-1 2.98566E-1 2.9075E-1 2.97374E-1 3.03538E-1 3.11855E-1 6.97124E-1 7.17236E-1 7.75101E-1 5.63772E-1 5.53804E-1 4.56852E-1 4.40203E-1 4.02704E-1 3.56919E-1 3.11559E-1 7.6382E-2 3.13661E-2 1.22418E-2 4.62351E-3 3.74872E-3 1.3347E-3 1.69817E-3 2.21214E-3 1.19856E-3 1.31368E-3 9.81795E-4 1.11904E-3 5.05301E-3 6.7201E-3
1.7052E-3 1.98326E-3 2.39828E-3 1.80405E-3 2.45486E-3 2.45367E-3 2.60988E-3 2.71506E-3 2.14657E-3 2.43001E-3 2.86095E-3 2.92102E-3 3.89554E-3 4.1644E-3 7.76664E-3 8.27678E-3 5.9855E-2 4.94978E-2 1.41514E-2 3.50913E-2 3.72106E-2 3.79582E-2 3.72558E-2 3.65345E-2 3.41827E-2 3.50536E-2 3.56414E-2 3.75935E-2 3.73189E-2 3.85776E-2 4.05594E-2 4.33322E-2 3.04034E-1 3.10394E-1 2.99571E-1 2.89656E-1 2.81762E-1 2.82936E-1 2.84967E-1 2.90981E-1 6.65125E-1 6.83704E-1 7.113E-1 7.0398E-1 5.59373E-1 5.45332E-1 4.57721E-1 4.40951E-1 4.2704E-1 3.91188E-1 3.54615E-1 3.90016E-1 5.04537E-2 1.72611E-2 4.71694E-3 4.92739E-3 6.3483E-3 3.45933E-3 2.82712E-3 2.49173E-3 1.62496E-3 1.30949E-3 8.8712E-4 5.70086E-3 7.18346E-3
2.76854E-3 2.61539E-3 2.3292E-3 2.76748E-3 2.87198E-3 2.96883E-3 2.95473E-3 2.26044E-3 2.40064E-3 2.67137E-3 3.24737E-3 3.44052E-3 3.57784E-3 4.56925E-3 6.39055E-3 7.4155E-3 3.8457E-2 1.05911E-1 1.13603E-2 2.30008E-2 3.86227E-2 3.91344E-2 3.74069E-2 3.60539E-2 3.44198E-2 3.412E-2 3.49968E-2 3.56886E-2 3.68932E-2 3.71839E-2 3.83226E-2 4.0461E-2 4.25411E-2 2.92794E-1 2.93328E-1 2.85337E-1 2.78479E-1 2.77088E-1 2.76668E-1 2.82575E-1 6.56455E-1 6.78572E-1 7.02178E-1 7.10419E-1 5.56487E-1 5.50377E-1 4.70272E-1 5.56591E-1 4.554E-1 4.27414E-1 4.75429E-1 4.38433E-1 3.70421E-1 4.57158E-2 2.49651E-2 1.82574E-2 1.10523E-2 1.05441E-2 6.67387E-3 5.6976E-3 1.62341E-3 1.0322E-3 8.56217E-4 9.51549E-4 1.25366E-3
2.93143E-3 2.65407E-3 2.34539E-3 2.76141E-3 2.59434E-3 2.72655E-3 2.17632E-3 2.18164E-3 2.64703E-3 2.8191E-3 2.98284E-3 2.86473E-3 3.30053E-3 5.27325E-3 7.2601E-3 5.94873E-3 4.07557E-2 4.56926E-2 7.65983E-2 2.36043E-2 3.93086E-2 3.83806E-2 3.87685E-2 3.83863E-2 3.58942E-2 3.4996E-2 3.45756E-2 3.4461E-2 3.462E-2 3.57238E-2 3.75453E-2 3.82295E-2 4.01136E-2 4.30522E-2 2.94675E-1 2.90385E-1 2.83459E-1 2.76205E-1 2.73798E-1 2.77699E-1 2.91459E-1 6.69352E-1 6.90152E-1 6.25181E-1 7.08283E-1 7.03333E-1 6.0388E-1 6.07473E-1 5.93446E-1 5.41161E-1 5.07322E-1 4.84766E-1 4.50956E-1 3.91919E-1 4.95578E-2 3.85714E-2 2.70065E-2 1.93512E-2 1.38927E-2 3.22245E-3 1.59366E-3 1.82866E-3 1.76828E-3 2.14742E-3 1.3108E-3
2.60329E-3 2.45597E-3 2.89117E-3 2.83486E-3 2.72387E-3 2.04386E-3 2.21208E-3 2.41371E-3 2.23105E-3 2.52004E-3 2.71189E-3 3.14453E-3 4.21785E-3 6.01736E-3 5.85087E-3 4.82815E-3 4.4102E-2 5.16744E-2 6.6147E-2 2.21685E-2 3.74367E-2 4.05252E-2 4.11566E-2 3.92699E-2 3.7397E-2 3.64601E-2 3.51943E-2 3.41212E-2 3.32642E-2 3.33039E-2 3.47732E-2 3.59998E-2 3.8643E-2 4.23691E-2 3.00054E-1 3.0409E-1 2.93939E-1 2.79138E-1 2.7228E-1 2.73572E-1 6.41248E-1 6.5228E-1 6.7255E-1 6.83463E-1 6.96407E-1 7.13128E-1 8.02553E-1 8.02343E-1 7.99068E-1 5.90353E-1 5.54439E-1 5.30163E-1 5.33377E-1 4.84016E-1 4.13098E-1 5.21305E-2 6.3366E-2 2.863E-2 1.4761E-2 3.73773E-3 4.4185E-3 3.71511E-3 1.85088E-3 1.08032E-3 1.33177E-3
2.00958E-3 2.6724E-3 2.70125E-3 2.32517E-3 1.87593E-3 2.11004E-3 2.29527E-3 2.23685E-3 2.58405E-3 3.07622E-3 3.28086E-3 3.17243E-3 4.82587E-3 6.15113E-3 4.83694E-3 5.03103E-3 4.52561E-2 7.76256E-3 1.22644E-2 2.18796E-2 3.59645E-2 4.16602E-2 4.26122E-2 4.13363E-2 4.00351E-2 3.67977E-2 3.52029E-2 3.43167E-2 3.22837E-2 3.26072E-2 3.30797E-2 3.39425E-2 3.76163E-2 4.12517E-2 3.09309E-1 3.14937E-1 2.97999E-1 2.83515E-1 2.76557E-1 2.73313E-1 2.75012E-1 2.85712E-1 6.53289E-1 6.7347E-1 6.78768E-1 7.05903E-1 7.3741E-1 8.12704E-1 8.11323E-1 8.01955E-1 6.07755E-1 5.9078E-1 5.69402E-1 5.21727E-1 4.58879E-1 4.05533E-1 8.19143E-2 6.50465E-2 2.19543E-2 1.03178E-2 3.55285E-3 2.10656E-3 2.45536E-3 1.11674E-3 1.38358E-3
1.95043E-3 2.79448E-3 2.70665E-3 1.44353E-3 2.08409E-3 2.96126E-3 3.84505E-3 3.61552E-3 3.3459E-3 3.6142E-3 4.45337E-3 4.78357E-3 5.83914E-3 5.16472E-3 4.92087E-3 4.83455E-3 6.51537E-3 8.87619E-2 8.92075E-2 1.91056E-2 3.4202E-2 4.26122E-2 4.4199E-2 4.29532E-2 4.05548E-2 3.6935E-2 3.49805E-2 3.38723E-2 3.30744E-2 3.13664E-2 3.10858E-2 3.24982E-2 3.6018E-2 4.05002E-2 3.15071E-1 3.1864E-1 2.99607E-1 2.78409E-1 4.03234E-2 3.90773E-2 2.75052E-1 2.84684E-1 2.90487E-1 2.94915E-1 3.20961E-1 3.57427E-1 7.4347E-1 7.44975E-1 7.4752E-1 8.22592E-1 8.07956E-1 6.10991E-1 5.81584E-1 5.44126E-1 4.96764E-1 4.56342E-1 4.2218E-1 8.59329E-2 3.9972E-2 1.17601E-2 3.1058E-3 2.77599E-3 1.60078E-3 1.65592E-3 1.84896E-3
4.5771E-3 4.70095E-3 2.89711E-3 2.26013E-3 3.1791E-3 3.13232E-3 3.59173E-3 4.67846E-3 4.78483E-3 4.78459E-3 5.072E-3 5.16144E-3 5.25297E-3 5.53322E-3 5.68293E-3 6.21581E-3 1.10398E-2 1.22525E-2 2.77127E-1 2.03529E-2 3.41159E-2 4.17809E-2 4.31172E-2 4.0984E-2 4.00146E-2 3.69968E-2 3.44463E-2 3.32422E-2 3.21852E-2 3.19207E-2 3.09524E-2 3.34375E-2 3.49493E-2 3.83958E-2 4.45602E-2 2.93597E-1 3.91269E-2 3.79841E-2 3.85656E-2 3.94788E-2 3.9971E-2 4.12854E-2 2.85911E-1 2.93363E-1 3.19816E-1 3.49851E-1 3.67731E-1 3.75831E-1 7.32637E-1 7.46716E-1 8.18671E-1 7.07992E-1 5.97471E-1 5.75956E-1 5.55968E-1 5.05374E-1 4.61691E-1 4.10545E-1 8.00682E-2 2.75251E-2 5.83226E-3 2.07649E-3 1.54935E-3 1.30122E-3 1.1929E-3
4.51535E-3 4.1832E-3 3.16646E-3 1.61522E-3 1.48858E-3 2.15409E-3 3.0904E-3 3.41161E-3 3.57278E-3 3.93949E-3 4.31267E-3 5.26008E-3 6.17579E-3 6.82455E-3 7.20406E-3 8.04142E-3 1.31551E-2 1.44433E-2 1.12295E-1 2.1617E-2 2.44878E-2 4.12956E-2 4.12111E-2 4.00375E-2 3.87684E-2 3.74382E-2 3.4603E-2 3.37223E-2 3.22139E-2 3.17899E-2 3.21307E-2 3.31039E-2 3.44806E-2 3.67276E-2 3.86502E-2 3.84613E-2 3.66622E-2 3.56096E-2 3.74804E-2 3.90782E-2 4.0764E-2 4.20974E-2 4.27981E-2 2.96304E-1 3.23136E-1 3.47085E-1 3.62477E-1 3.70707E-1 3.71748E-1 7.40724E-1 7.63343E-1 7.18767E-1 6.18016E-1 6.03904E-1 5.95724E-1 5.57187E-1 5.0254E-1 4.68657E-1 4.00892E-1 7.06639E-2 2.23951E-2 5.53336E-3 2.26481E-3 1.92605E-3 1.64689E-3
3.77392E-3 3.27683E-3 2.33482E-3 1.98297E-3 1.3725E-3 1.48553E-3 2.53372E-3 3.6639E-3 4.41508E-3 5.07832E-3 6.09828E-3 7.44238E-3 8.14927E-3 8.14135E-3 8.26098E-3 9.63327E-2 1.01073E-1 1.06723E-1 1.07131E-1 1.99283E-2 2.4571E-2 3.9731E-2 4.04578E-2 3.90452E-2 3.74531E-2 3.50715E-2 3.38586E-2 3.34325E-2 3.3103E-2 3.21313E-2 3.22373E-2 3.3212E-2 3.4445E-2 3.56079E-2 3.69594E-2 3.58111E-2 3.52383E-2 3.45597E-2 3.56774E-2 3.83391E-2 4.14502E-2 4.54283E-2 4.62539E-2 4.65752E-2 3.3097E-1 3.56658E-1 3.73959E-1 3.66491E-1 3.54833E-1 3.59849E-1 7.51455E-1 8.29101E-1 7.19168E-1 6.22549E-1 6.1756E-1 5.7276E-1 5.37194E-1 5.04555E-1 4.29501E-1 8.45563E-2 5.48796E-2 2.64816E-2 7.8376E-3 4.24188E-3 4.133E-3
3.65636E-3 1.26515E-3 2.91368E-3 4.58517E-3 5.18624E-3 3.81409E-3 1.40715E-2 1.85743E-2 5.99833E-3 6.97874E-3 7.59517E-3 9.02878E-3 1.0399E-2 9.86269E-3 1.32242E-2 9.96622E-2 9.04533E-2 1.13454E-1 3.15685E-1 2.2448E-2 3.52784E-2 4.04578E-2 3.894E-2 3.83235E-2 3.67544E-2 3.548E-2 3.39902E-2 3.36706E-2 3.41024E-2 3.33223E-2 3.34108E-2 3.39672E-2 3.4531E-2 3.59265E-2 3.65255E-2 3.52511E-2 3.43762E-2 3.46048E-2 3.52668E-2 3.8743E-2 4.29534E-2 4.67711E-2 4.65788E-2 4.87084E-2 3.44878E-1 3.67993E-1 3.82081E-1 3.81846E-1 3.57221E-1 3.54104E-1 7.44045E-1 7.65259E-1 7.0287E-1 7.59407E-1 7.55613E-1 6.94857E-1 5.34293E-1 4.97896E-1 4.53667E-1 3.91013E-1 7.71372E-2 5.46811E-2 2.52369E-2 1.49579E-2 6.43744E-3
