KUENM_DEFAULT/Final_Models/M_1_F_lqpth_Set_1_NE/sp1_6_se_asia.asc
ncols         320
nrows         243
xllcorner     44.0
yllcorner     -0.666666666666667
cellsize      0.166666666666667
NODATA_value  -9999
[rows 93 to 123 of 243, columns 210 to 279 of 320]
4.13764E-2 3.31483E-2 3.48705E-2 4.95368E-2 6.10271E-2 6.53233E-2 6.53069E-2 6.5125E-2 6.0266E-2 5.58273E-2 6.74101E-2 6.31425E-2 5.65558E-2 5.40137E-2 5.50448E-2 5.46908E-2 5.29697E-2 5.69354E-2 6.38665E-2 6.98782E-2 6.72761E-2 6.24635E-2 6.55216E-2 6.57287E-2 6.55902E-2 6.65042E-2 6.14011E-2 6.17583E-2 6.61485E-2 6.74199E-2 5.5405E-2 4.75336E-2 4.9359E-2 5.17097E-2 5.13929E-2 4.38287E-2 4.61917E-2 4.80885E-2 4.58038E-2 4.86416E-2 5.06511E-2 4.97772E-2 4.53047E-2 4.12545E-2 3.72834E-2 3.74009E-2 3.83266E-2 3.51294E-2 3.47514E-2 2.86229E-2 2.12564E-2 1.97604E-2 2.26731E-2 2.39588E-2 2.49621E-2 2.5173E-2 2.403E-2 2.00839E-2 1.73041E-2 1.33564E-2 1.09811E-2 1.04476E-2 9.45774E-3 7.8468E-3 6.44438E-3 3.09951E-3 2.52187E-3 2.08827E-3 1.78737E-3 1.56363E-3
3.9508E-2 3.80682E-2 4.55421E-2 5.36664E-2 6.03817E-2 5.32257E-2 5.81661E-2 6.38603E-2 6.31998E-2 5.83172E-2 6.01006E-2 6.12224E-2 5.90208E-2 5.74211E-2 5.7103E-2 5.3835E-2 5.03019E-2 5.43807E-2 5.59744E-2 5.73366E-2 5.97239E-2 6.39556E-2 6.39914E-2 6.15464E-2 5.58174E-2 5.87355E-2 5.40591E-2 5.32243E-2 5.67278E-2 6.29767E-2 6.46886E-2 6.25635E-2 5.734E-2 5.0672E-2 4.05064E-2 3.74295E-2 3.65708E-2 3.32725E-2 3.06887E-2 3.40674E-2 4.00093E-2 4.46345E-2 3.98014E-2 3.89254E-2 3.90232E-2 3.63212E-2 3.7266E-2 3.52755E-2 3.36412E-2 3.01001E-2 2.71455E-2 2.51835E-2 2.47206E-2 2.26566E-2 2.30827E-2 2.57757E-2 2.51005E-2 2.11379E-2 1.73841E-2 1.36841E-2 1.12202E-2 1.13147E-2 1.0012E-2 8.14184E-3 3.8636E-3 3.17797E-3 2.6722E-3 2.29909E-3 2.01762E-3 1.79815E-3
4.60059E-2 4.97552E-2 4.53876E-2 5.33129E-2 5.71066E-2 5.14774E-2 5.20734E-2 5.6602E-2 5.80658E-2 5.86063E-2 5.70994E-2 5.58085E-2 5.59459E-2 5.61926E-2 5.54946E-2 5.12534E-2 4.57742E-2 4.42388E-2 4.22451E-2 4.91825E-2 4.52402E-2 5.51222E-2 5.37408E-2 4.86642E-2 4.59494E-2 4.50796E-2 4.32307E-2 4.30892E-2 4.39618E-2 5.10946E-2 6.17004E-2 6.31484E-2 5.03545E-2 4.40795E-2 3.71197E-2 3.67293E-2 3.77375E-2 3.11206E-2 2.87088E-2 2.97512E-2 3.67451E-2 3.97049E-2 3.41951E-2 3.2503E-2 3.58493E-2 3.74296E-2 3.60928E-2 3.37736E-2 3.24114E-2 3.17135E-2 3.04861E-2 3.01766E-2 2.76832E-2 2.41189E-2 2.37432E-2 2.5822E-2 2.52979E-2 2.20789E-2 1.82551E-2 1.56292E-2 1.33594E-2 1.26174E-2 1.05767E-2 8.37995E-3 6.46438E-3 3.20284E-3 2.80506E-3 2.41064E-3 2.16227E-3 2.06906E-3
4.65612E-2 4.99376E-2 4.26369E-2 5.48273E-2 5.22544E-2 4.44373E-2 4.29365E-2 4.73977E-2 4.91947E-2 4.9089E-2 4.8988E-2 4.61735E-2 4.87867E-2 5.53142E-2 5.08789E-2 4.78672E-2 4.24743E-2 3.86779E-2 3.68054E-2 3.76186E-2 2.59069E-2 3.66497E-2 4.29329E-2 4.04736E-2 3.91358E-2 3.69725E-2 3.51504E-2 3.85039E-2 3.92248E-2 4.31068E-2 4.66212E-2 4.3516E-2 4.28513E-2 4.36385E-2 3.72531E-2 3.82839E-2 3.81943E-2 3.69974E-2 3.80053E-2 3.88023E-2 3.75675E-2 3.89142E-2 3.83268E-2 4.26702E-2 3.90824E-2 3.81648E-2 3.83825E-2 3.21813E-2 3.25779E-2 3.39598E-2 3.26029E-2 3.31087E-2 3.27884E-2 2.82027E-2 2.69939E-2 2.69906E-2 2.61423E-2 2.3662E-2 2.04267E-2 1.71436E-2 1.46823E-2 1.22702E-2 1.03448E-2 7.89294E-3 3.74122E-3 3.18338E-3 2.90538E-3 2.54587E-3 2.3336E-3 2.15451E-3
4.01889E-2 4.27219E-2 4.70898E-2 4.90029E-2 4.40075E-2 4.47147E-2 4.41652E-2 4.31326E-2 3.9464E-2 4.07103E-2 4.04252E-2 4.25302E-2 4.66115E-2 5.33409E-2 4.78784E-2 4.2354E-2 3.69231E-2 3.25127E-2 2.10046E-2 2.08344E-2 2.01106E-2 1.99761E-2 3.21305E-2 3.08934E-2 3.04648E-2 2.91147E-2 2.09366E-2 2.17157E-2 3.27324E-2 2.13113E-2 2.16231E-2 1.88201E-2 1.93594E-2 2.18119E-2 2.46489E-2 3.08686E-2 2.8333E-2 2.92253E-2 2.88613E-2 2.9436E-2 2.85482E-2 2.85357E-2 3.52955E-2 3.90138E-2 4.22882E-2 4.19985E-2 4.09053E-2 3.64037E-2 3.59692E-2 3.69493E-2 3.21787E-2 3.05575E-2 2.98805E-2 2.88675E-2 2.86391E-2 2.93649E-2 2.86813E-2 2.57359E-2 2.19435E-2 1.8557E-2 1.56474E-2 1.27249E-2 1.02572E-2 8.00079E-3 3.65433E-3 3.17395E-3 3.07863E-3 2.85348E-3 2.54461E-3 -9999
3.87864E-2 4.30808E-2 4.60451E-2 4.29089E-2 4.20915E-2 4.26768E-2 4.04333E-2 3.8363E-2 3.49145E-2 3.3703E-2 3.11604E-2 3.88563E-2 4.55785E-2 5.06014E-2 5.1104E-2 4.25896E-2 3.592E-2 3.15877E-2 2.99274E-2 1.92261E-2 1.82223E-2 1.80599E-2 2.85834E-2 2.76378E-2 2.69891E-2 2.54933E-2 1.7678E-2 1.5912E-2 1.69022E-2 1.44083E-2 1.82848E-2 1.6105E-2 1.66141E-2 2.07152E-2 2.36309E-2 1.91233E-2 1.6735E-2 1.65134E-2 2.05211E-2 2.28385E-2 2.83709E-2 3.15409E-2 3.16203E-2 3.41509E-2 3.52989E-2 3.9483E-2 4.27682E-2 3.86118E-2 3.65535E-2 4.84672E-2 3.51105E-2 2.94998E-2 2.80582E-2 2.71695E-2 2.84579E-2 3.10803E-2 3.08035E-2 2.90425E-2 2.37762E-2 1.88459E-2 1.54005E-2 1.28182E-2 1.02439E-2 8.25987E-3 4.04871E-3 3.61301E-3 3.33292E-3 3.09784E-3 2.6213E-3 -9999
3.87189E-2 4.10865E-2 4.61004E-2 5.03268E-2 4.83652E-2 4.02772E-2 3.4931E-2 3.04493E-2 2.71263E-2 2.51979E-2 1.83964E-2 1.91753E-2 3.35198E-2 3.88417E-2 4.56861E-2 4.13546E-2 3.55648E-2 3.19643E-2 3.10143E-2 3.04862E-2 2.63073E-2 2.46865E-2 2.58083E-2 2.50932E-2 2.34057E-2 2.13552E-2 1.52914E-2 1.42032E-2 1.44652E-2 1.5053E-2 1.61486E-2 1.54217E-2 1.62499E-2 2.47596E-2 2.6033E-2 1.67211E-2 1.46827E-2 2.09197E-2 2.07017E-2 3.24263E-2 3.95351E-2 3.31221E-2 2.56617E-2 3.05086E-2 3.28632E-2 3.63158E-2 4.29638E-2 4.44698E-2 3.70745E-2 4.36975E-2 4.12692E-2 3.39581E-2 2.82166E-2 2.5796E-2 2.68532E-2 3.19305E-2 3.49284E-2 3.28543E-2 2.39063E-2 1.76296E-2 1.46567E-2 1.22233E-2 1.0517E-2 8.5984E-3 4.36977E-3 4.04122E-3 3.75578E-3 3.26378E-3 2.6394E-3 1.98555E-3
4.86578E-2 4.93279E-2 5.66154E-2 5.61347E-2 4.7805E-2 4.37089E-2 3.57234E-2 2.94761E-2 1.61215E-2 1.52738E-2 1.68251E-2 1.78194E-2 1.68089E-2 2.0139E-2 2.27391E-2 3.03423E-2 3.23386E-2 3.09908E-2 3.14429E-2 3.4405E-2 2.96076E-2 2.7089E-2 2.45976E-2 2.23976E-2 2.05318E-2 1.79901E-2 1.27218E-2 1.139E-2 1.21975E-2 1.34672E-2 1.41054E-2 1.54781E-2 1.44833E-2 2.07235E-2 2.22931E-2 2.30315E-2 2.338E-2 2.31056E-2 2.58237E-2 3.65942E-2 3.82732E-2 3.3649E-2 2.93676E-2 2.9499E-2 3.49284E-2 3.66148E-2 4.00283E-2 4.29253E-2 3.73583E-2 3.87958E-2 4.32865E-2 3.91307E-2 3.23048E-2 2.69996E-2 2.35371E-2 2.48768E-2 2.89038E-2 2.36386E-2 1.81301E-2 1.46929E-2 1.29508E-2 1.16273E-2 1.02629E-2 8.56359E-3 4.45736E-3 4.07877E-3 3.70915E-3 3.16584E-3 2.47683E-3 -9999
5.58041E-2 5.75129E-2 5.99228E-2 5.65161E-2 4.82243E-2 4.5366E-2 3.58953E-2 2.74214E-2 1.66403E-2 2.26734E-2 1.66875E-2 1.78075E-2 1.96468E-2 1.96356E-2 1.83357E-2 1.38682E-2 1.64884E-2 2.57856E-2 2.99078E-2 3.56037E-2 3.32766E-2 2.91162E-2 2.38536E-2 2.08992E-2 1.83798E-2 1.17278E-2 1.15897E-2 1.20047E-2 1.74575E-2 1.30656E-2 1.34274E-2 1.37537E-2 1.27507E-2 1.66241E-2 1.90827E-2 2.27524E-2 2.6564E-2 2.48981E-2 2.57709E-2 2.81019E-2 2.77515E-2 2.80095E-2 2.97577E-2 2.90326E-2 3.20565E-2 3.37117E-2 3.63488E-2 3.80608E-2 3.5542E-2 3.58349E-2 3.87873E-2 3.73948E-2 3.56996E-2 2.79224E-2 2.06521E-2 1.9831E-2 2.30778E-2 1.72866E-2 1.43538E-2 1.29833E-2 1.17632E-2 1.05913E-2 9.5954E-3 8.39556E-3 4.32389E-3 3.59133E-3 3.09976E-3 2.63288E-3 1.91957E-3 -9999
5.08294E-2 5.26303E-2 5.91348E-2 5.73874E-2 5.07859E-2 4.47004E-2 3.60889E-2 3.09382E-2 2.61802E-2 2.627E-2 2.52483E-2 1.79144E-2 1.82956E-2 1.8249E-2 1.9555E-2 1.59752E-2 1.27212E-2 2.23807E-2 2.71935E-2 3.21819E-2 3.09897E-2 2.72348E-2 2.35593E-2 2.01047E-2 1.21845E-2 1.1185E-2 1.58436E-2 1.69443E-2 1.79534E-2 2.0117E-2 1.99049E-2 2.06506E-2 1.96673E-2 1.77623E-2 1.87964E-2 2.49929E-2 2.94545E-2 2.94513E-2 2.43647E-2 2.92419E-2 3.26655E-2 3.39128E-2 3.41913E-2 3.52707E-2 3.41233E-2 3.01503E-2 3.07922E-2 3.31656E-2 3.16012E-2 3.16681E-2 3.26975E-2 3.21353E-2 2.84631E-2 2.04255E-2 1.3854E-2 1.12286E-2 1.45393E-2 1.4625E-2 1.31042E-2 1.17636E-2 1.01489E-2 5.59028E-3 5.14245E-3 4.54237E-3 3.56294E-3 2.86931E-3 2.29489E-3 1.92333E-3 -9999 8.96217E-4
4.30068E-2 4.72645E-2 5.30426E-2 5.68607E-2 5.01829E-2 4.28554E-2 3.55428E-2 2.87073E-2 2.85467E-2 2.45607E-2 2.48084E-2 2.56126E-2 2.11214E-2 1.82742E-2 1.67557E-2 1.58805E-2 2.41143E-2 2.79734E-2 2.73578E-2 2.4633E-2 2.53685E-2 2.41883E-2 2.0414E-2 1.88938E-2 2.18082E-2 2.16106E-2 1.97301E-2 1.99462E-2 2.23839E-2 2.64984E-2 2.80791E-2 2.7975E-2 2.4095E-2 2.13818E-2 2.24263E-2 2.79494E-2 3.08638E-2 3.01943E-2 2.84149E-2 2.85593E-2 3.24236E-2 3.56582E-2 3.69224E-2 3.88638E-2 3.44048E-2 3.23308E-2 3.01775E-2 3.08762E-2 2.86513E-2 2.73479E-2 2.78491E-2 2.75431E-2 2.17517E-2 1.44069E-2 1.05569E-2 9.10848E-3 9.7694E-3 1.13652E-2 6.87954E-3 6.34277E-3 5.69261E-3 4.81013E-3 4.19882E-3 3.4583E-3 2.77069E-3 2.09707E-3 1.50165E-3 1.06895E-3 8.00555E-4 -9999
2.95723E-2 3.53486E-2 5.39622E-2 5.62753E-2 5.18767E-2 4.21957E-2 3.41106E-2 2.81138E-2 2.63114E-2 2.34166E-2 2.33636E-2 2.62758E-2 2.04188E-2 3.08273E-2 3.33547E-2 3.78659E-2 3.21904E-2 3.08115E-2 3.32198E-2 2.87946E-2 2.55713E-2 2.14895E-2 2.233E-2 2.17964E-2 2.5364E-2 2.454E-2 2.31093E-2 2.16274E-2 2.6201E-2 2.97981E-2 3.02725E-2 2.84163E-2 2.78967E-2 2.65777E-2 2.74734E-2 2.96576E-2 2.92497E-2 2.97448E-2 2.79499E-2 2.63632E-2 2.9975E-2 3.1278E-2 3.11744E-2 2.76012E-2 3.04865E-2 3.14767E-2 3.06447E-2 2.9096E-2 2.65565E-2 2.22779E-2 2.37616E-2 2.47493E-2 1.0759E-2 -9999 7.48583E-3 6.76773E-3 6.36242E-3 6.42469E-3 6.18135E-3 5.61467E-3 4.95411E-3 4.19041E-3 3.44008E-3 2.69515E-3 2.03416E-3 1.47612E-3 9.82739E-4 6.18311E-4 4.49726E-4 3.85549E-4
4.74611E-2 5.36852E-2 5.25601E-2 4.74417E-2 4.41137E-2 3.78069E-2 3.03746E-2 2.44113E-2 2.28491E-2 2.14076E-2 1.65507E-2 1.87577E-2 2.17995E-2 4.60126E-2 4.94813E-2 4.80032E-2 4.31754E-2 3.98448E-2 3.61668E-2 3.23727E-2 2.79925E-2 2.59631E-2 2.54224E-2 2.43054E-2 2.72768E-2 2.60169E-2 2.64505E-2 2.31141E-2 2.54031E-2 2.883E-2 3.11039E-2 2.84709E-2 2.67208E-2 2.59713E-2 2.58384E-2 2.62463E-2 2.47942E-2 2.30463E-2 2.42961E-2 2.39032E-2 2.29213E-2 2.34824E-2 2.60652E-2 2.37024E-2 2.24729E-2 2.74615E-2 2.68871E-2 2.49262E-2 2.3398E-2 2.0626E-2 2.14184E-2 1.23141E-2 1.00316E-2 8.1982E-3 9.34944E-3 8.83061E-3 7.26856E-3 6.30907E-3 5.59076E-3 5.01191E-3 4.32178E-3 3.50505E-3 2.87021E-3 2.19971E-3 1.6055E-3 1.09301E-3 7.12109E-4 4.43542E-4 3.25326E-4 2.90904E-4
5.95204E-2 5.72751E-2 4.96869E-2 3.86241E-2 3.7115E-2 3.28616E-2 2.74436E-2 2.20441E-2 2.00591E-2 2.06835E-2 2.42958E-2 2.7485E-2 3.41188E-2 5.859E-2 5.9536E-2 5.53015E-2 5.03902E-2 4.52146E-2 3.95833E-2 3.66055E-2 3.38892E-2 3.05774E-2 2.75753E-2 2.639E-2 2.84915E-2 2.72767E-2 2.47056E-2 2.2537E-2 2.51886E-2 2.89198E-2 2.96621E-2 2.66156E-2 2.34841E-2 2.01717E-2 2.07376E-2 2.13938E-2 2.09898E-2 2.0041E-2 2.12431E-2 2.30961E-2 2.23362E-2 2.0104E-2 2.04091E-2 1.80731E-2 1.90145E-2 2.00219E-2 1.80762E-2 1.80429E-2 1.97899E-2 2.04461E-2 1.21808E-2 1.08286E-2 9.42918E-3 9.20475E-3 9.43884E-3 8.41742E-3 6.9932E-3 5.90041E-3 5.233E-3 4.48498E-3 3.794E-3 3.11989E-3 2.42143E-3 -9999 1.32748E-3 9.02891E-4 6.0211E-4 3.95098E-4 3.02285E-4 -9999
6.26868E-2 6.22789E-2 5.25806E-2 4.03049E-2 3.69059E-2 3.40212E-2 2.72691E-2 2.1194E-2 1.98385E-2 2.15287E-2 2.80149E-2 3.29384E-2 4.59438E-2 6.4263E-2 6.45607E-2 5.72898E-2 5.2772E-2 5.07185E-2 4.43337E-2 4.12216E-2 4.00418E-2 3.71398E-2 3.39008E-2 3.40035E-2 3.29329E-2 2.75679E-2 2.09847E-2 2.06663E-2 2.18451E-2 2.52827E-2 2.64636E-2 2.34957E-2 2.0825E-2 1.76507E-2 1.79463E-2 1.83673E-2 1.93265E-2 1.83709E-2 2.06337E-2 2.34154E-2 2.2457E-2 2.01387E-2 1.68528E-2 9.29325E-3 8.34565E-3 1.3424E-2 1.25622E-2 1.34599E-2 1.56231E-2 1.05512E-2 1.01419E-2 8.78401E-3 7.28827E-3 6.80566E-3 6.49685E-3 6.27244E-3 5.92843E-3 5.31789E-3 4.69772E-3 4.11912E-3 3.43505E-3 2.76663E-3 2.15114E-3 1.54245E-3 1.16119E-3 -9999 5.3507E-4 3.98092E-4 2.84132E-4 -9999
6.49017E-2 6.77292E-2 6.84054E-2 6.17032E-2 5.42505E-2 4.38241E-2 2.91049E-2 2.10213E-2 2.08729E-2 2.2791E-2 3.00601E-2 3.81031E-2 5.2774E-2 6.37014E-2 6.18088E-2 5.53912E-2 5.336E-2 5.04784E-2 4.68806E-2 4.36147E-2 4.46773E-2 4.44076E-2 4.33854E-2 4.2094E-2 4.07325E-2 3.24327E-2 2.46909E-2 2.20404E-2 2.10205E-2 2.13823E-2 2.11213E-2 2.03919E-2 1.90958E-2 1.72325E-2 1.71572E-2 1.72255E-2 1.86133E-2 1.79328E-2 2.12144E-2 2.38397E-2 2.2824E-2 2.01195E-2 1.60652E-2 8.04823E-3 7.46435E-3 1.29646E-2 1.19786E-2 1.20063E-2 8.49253E-3 9.3506E-3 9.00028E-3 7.88644E-3 5.69544E-3 -9999 4.34105E-3 5.02182E-3 5.41239E-3 5.26832E-3 4.47526E-3 3.91211E-3 -9999 2.56392E-3 2.04202E-3 1.43194E-3 -9999 -9999 -9999 -9999 -9999 -9999
7.81635E-2 7.3686E-2 7.10764E-2 6.94147E-2 6.40129E-2 4.74319E-2 3.27861E-2 2.22136E-2 1.59774E-2 2.06434E-2 2.82259E-2 4.27424E-2 5.55285E-2 5.86188E-2 5.53517E-2 5.0779E-2 4.88732E-2 4.62624E-2 4.27297E-2 4.07028E-2 4.28061E-2 4.4098E-2 4.21619E-2 4.11984E-2 3.96278E-2 3.42441E-2 3.01802E-2 2.29521E-2 2.04332E-2 1.85592E-2 1.79015E-2 1.75718E-2 1.76862E-2 1.70819E-2 1.80036E-2 1.95526E-2 2.11714E-2 2.11305E-2 2.07273E-2 2.06305E-2 2.19861E-2 1.95669E-2 1.67968E-2 1.19757E-2 1.19943E-2 1.31214E-2 1.1823E-2 7.33941E-3 8.12665E-3 8.62071E-3 -9999 -9999 -9999 -9999 -9999 4.93883E-3 -9999 -9999 4.62453E-3 -9999 -9999 -9999 -9999 -9999 -9999 -9999 -9999 -9999 -9999 -9999
9.95557E-2 8.25771E-2 6.60082E-2 6.5405E-2 6.24192E-2 4.46247E-2 3.2621E-2 2.22797E-2 1.63451E-2 2.06501E-2 3.01262E-2 5.03176E-2 5.92043E-2 5.4705E-2 5.04152E-2 4.6253E-2 4.31957E-2 4.00945E-2 3.79221E-2 3.43896E-2 3.45079E-2 3.63433E-2 3.67563E-2 3.45329E-2 3.54187E-2 3.41896E-2 3.47408E-2 2.90984E-2 2.31051E-2 1.80591E-2 1.64953E-2 1.71858E-2 1.66325E-2 1.86864E-2 2.04836E-2 2.27558E-2 2.48472E-2 2.47018E-2 2.46976E-2 2.02966E-2 2.01872E-2 1.88015E-2 1.70632E-2 1.48308E-2 1.35859E-2 1.21654E-2 7.17551E-3 7.92367E-3 -9999 -9999 -9999 -9999 -9999 -9999 -9999 -9999 -9999 -9999 -9999 -9999 -9999 -9999 -9999 -9999 -9999 -9999 -9999 -9999 -9999 -9999
9.21125E-2 8.00055E-2 6.7324E-2 6.22969E-2 5.16579E-2 3.50405E-2 2.73595E-2 2.05114E-2 1.8896E-2 2.48854E-2 3.50123E-2 4.14715E-2 4.543E-2 4.68428E-2 4.53517E-2 4.14858E-2 3.86112E-2 3.82578E-2 3.51748E-2 2.96102E-2 2.89112E-2 3.00952E-2 3.18653E-2 3.23271E-2 3.25644E-2 3.47185E-2 3.72193E-2 3.15101E-2 2.54147E-2 2.07801E-2 1.80703E-2 1.80366E-2 1.89283E-2 2.10617E-2 2.30238E-2 2.52396E-2 2.79718E-2 2.73462E-2 2.52542E-2 2.23446E-2 1.79686E-2 1.79707E-2 1.79233E-2 1.57514E-2 1.48764E-2 8.36948E-3 8.44231E-3 -9999 -9999 -9999 -9999 -9999 -9999 -9999 -9999 -9999 -9999 -9999 -9999 -9999 -9999 -9999 -9999 -9999 -9999 -9999 -9999 -9999 -9999 -9999
8.67336E-2 7.42449E-2 6.35749E-2 5.50555E-2 4.2242E-2 3.14879E-2 2.47299E-2 1.95395E-2 1.88984E-2 2.51059E-2 3.23178E-2 3.06024E-2 3.28391E-2 4.18836E-2 4.503E-2 4.44486E-2 3.92289E-2 3.45062E-2 3.02503E-2 2.70143E-2 2.5922E-2 2.64742E-2 2.76583E-2 2.88352E-2 3.17395E-2 3.40194E-2 3.5724E-2 3.24081E-2 2.82675E-2 2.34475E-2 2.14947E-2 2.12795E-2 2.11764E-2 2.14419E-2 2.37612E-2 2.8853E-2 3.09985E-2 2.93078E-2 2.48377E-2 2.18745E-2 1.79965E-2 1.64426E-2 1.6913E-2 1.63312E-2 8.95852E-3 8.98212E-3 8.52005E-3 -9999 -9999 -9999 -9999 -9999 -9999 -9999 -9999 -9999 -9999 -9999 -9999 -9999 -9999 -9999 -9999 -9999 -9999 -9999 -9999 -9999 -9999 -9999
7.76435E-2 6.53255E-2 5.4938E-2 4.76697E-2 3.93867E-2 3.10907E-2 2.44009E-2 2.03306E-2 1.96602E-2 2.25043E-2 2.65236E-2 2.75779E-2 3.07086E-2 3.91632E-2 4.519E-2 4.69441E-2 4.07884E-2 3.14701E-2 2.82648E-2 2.52455E-2 2.51546E-2 2.54077E-2 2.46671E-2 2.41381E-2 2.96042E-2 3.18958E-2 3.28938E-2 3.14044E-2 2.93677E-2 2.74593E-2 2.48887E-2 2.49532E-2 2.44591E-2 2.37359E-2 2.44822E-2 2.88227E-2 3.40901E-2 3.14666E-2 2.52848E-2 2.04476E-2 1.67437E-2 1.54816E-2 1.54589E-2 1.624E-2 9.54868E-3 9.03557E-3 8.96501E-3 9.18748E-3 -9999 -9999 -9999 -9999 -9999 -9999 -9999 -9999 -9999 -9999 -9999 -9999 -9999 -9999 -9999 -9999 -9999 -9999 -9999 -9999 -9999 -9999
6.95247E-2 5.4777E-2 4.62697E-2 4.18212E-2 3.7087E-2 3.20303E-2 2.63767E-2 2.02809E-2 1.90017E-2 2.11856E-2 2.39819E-2 2.5692E-2 2.96652E-2 3.57555E-2 3.95312E-2 3.98477E-2 3.91976E-2 3.10539E-2 2.6164E-2 2.49433E-2 2.50969E-2 2.7746E-2 2.83154E-2 2.83198E-2 2.94503E-2 3.10784E-2 3.12388E-2 3.14717E-2 2.92805E-2 2.73141E-2 2.61498E-2 2.58798E-2 2.62034E-2 2.34795E-2 2.41885E-2 2.53232E-2 3.14959E-2 2.94037E-2 2.40302E-2 1.9684E-2 1.56067E-2 1.47513E-2 1.53557E-2 9.76175E-3 9.98488E-3 9.57392E-3 9.50785E-3 9.80731E-3 -9999 -9999 -9999 -9999 -9999 -9999 -9999 -9999 -9999 -9999 -9999 -9999 -9999 -9999 -9999 -9999 -9999 -9999 -9999 -9999 -9999 -9999
6.04595E-2 4.39179E-2 3.57134E-2 3.48352E-2 3.54692E-2 3.31122E-2 2.62699E-2 2.00638E-2 1.75088E-2 1.82814E-2 2.08353E-2 2.31551E-2 2.72145E-2 3.07167E-2 3.25841E-2 3.27161E-2 3.11982E-2 2.87743E-2 2.52071E-2 2.38379E-2 2.16793E-2 3.21609E-2 3.48726E-2 3.27978E-2 3.09199E-2 3.02091E-2 2.95893E-2 2.98877E-2 2.74732E-2 2.44844E-2 2.32795E-2 2.2458E-2 2.39812E-2 2.37531E-2 2.3086E-2 2.24416E-2 2.28299E-2 2.2448E-2 2.12563E-2 1.90293E-2 1.7228E-2 1.72564E-2 1.72691E-2 1.02022E-2 1.03265E-2 1.03214E-2 1.02854E-2 -9999 -9999 -9999 -9999 -9999 -9999 -9999 -9999 -9999 -9999 -9999 -9999 -9999 -9999 -9999 -9999 -9999 -9999 -9999 -9999 -9999 -9999 -9999
5.47963E-2 4.00009E-2 3.37122E-2 3.42963E-2 3.28873E-2 3.13921E-2 2.41446E-2 1.71963E-2 1.48658E-2 1.56759E-2 1.83053E-2 2.13092E-2 2.45309E-2 2.68273E-2 3.12436E-2 3.35136E-2 3.50494E-2 3.1434E-2 2.48389E-2 2.21247E-2 2.01541E-2 3.36223E-2 3.84351E-2 3.61437E-2 3.18828E-2 2.94444E-2 2.99612E-2 2.85466E-2 2.563E-2 2.13912E-2 2.06415E-2 2.12985E-2 2.13831E-2 2.26269E-2 2.11772E-2 2.09266E-2 2.28375E-2 2.21894E-2 2.15513E-2 2.03243E-2 1.89652E-2 2.03217E-2 1.15293E-2 1.13518E-2 1.09446E-2 1.07577E-2 -9999 -9999 -9999 -9999 -9999 -9999 -9999 -9999 -9999 -9999 -9999 -9999 -9999 -9999 -9999 -9999 -9999 -9999 -9999 -9999 -9999 -9999 -9999 -9999
5.60509E-2 4.48878E-2 3.6906E-2 3.51836E-2 3.32256E-2 2.87173E-2 2.07602E-2 1.43846E-2 1.33361E-2 1.42228E-2 1.60469E-2 1.81514E-2 2.08435E-2 2.01911E-2 2.50488E-2 3.07157E-2 3.31666E-2 2.96988E-2 2.40333E-2 2.2022E-2 2.07719E-2 3.75245E-2 4.23168E-2 4.08663E-2 3.45231E-2 3.0046E-2 2.95066E-2 2.6244E-2 2.03192E-2 2.07477E-2 1.84712E-2 1.91154E-2 2.03554E-2 2.15356E-2 1.27553E-2 1.29197E-2 1.31592E-2 1.44228E-2 1.36821E-2 1.31269E-2 1.25459E-2 1.26736E-2 1.22322E-2 1.18055E-2 1.15987E-2 1.12729E-2 -9999 -9999 -9999 -9999 -9999 -9999 -9999 -9999 -9999 -9999 -9999 -9999 -9999 -9999 -9999 -9999 -9999 -9999 -9999 -9999 -9999 -9999 -9999 -9999
6.05416E-2 5.05869E-2 4.28168E-2 3.97935E-2 3.92435E-2 2.79539E-2 2.00998E-2 1.49872E-2 1.30972E-2 1.37278E-2 1.50739E-2 1.59676E-2 1.57378E-2 1.59673E-2 1.62856E-2 1.92664E-2 2.04459E-2 2.2092E-2 2.38805E-2 2.56087E-2 3.28965E-2 4.33975E-2 4.46285E-2 4.03415E-2 3.8147E-2 3.20576E-2 2.86258E-2 2.47118E-2 2.25227E-2 1.93488E-2 1.33318E-2 7.94878E-3 1.27143E-2 1.47427E-2 1.43465E-2 1.4971E-2 1.51127E-2 1.44857E-2 1.51616E-2 1.45706E-2 1.36882E-2 1.41615E-2 1.36931E-2 1.35173E-2 1.31333E-2 -9999 -9999 -9999 -9999 -9999 -9999 -9999 -9999 -9999 -9999 -9999 -9999 -9999 -9999 -9999 -9999 -9999 -9999 -9999 -9999 -9999 -9999 -9999 -9999 -9999
6.51839E-2 5.58478E-2 4.78321E-2 4.47132E-2 3.69983E-2 2.78281E-2 2.01825E-2 1.55275E-2 1.38747E-2 1.38405E-2 1.43741E-2 1.47331E-2 1.58446E-2 1.6764E-2 1.7502E-2 1.84376E-2 2.05212E-2 2.16369E-2 2.15143E-2 2.51934E-2 3.75604E-2 4.7275E-2 5.12505E-2 4.46547E-2 3.61872E-2 2.87801E-2 2.51526E-2 1.93337E-2 2.0908E-2 1.28027E-2 7.37229E-3 1.22914E-2 1.54369E-2 1.71529E-2 1.65114E-2 1.56366E-2 1.60253E-2 1.69885E-2 1.76044E-2 1.6871E-2 1.52427E-2 1.44992E-2 1.39319E-2 1.37716E-2 -9999 -9999 -9999 -9999 -9999 -9999 -9999 -9999 -9999 -9999 -9999 -9999 -9999 -9999 -9999 -9999 -9999 -9999 -9999 -9999 -9999 -9999 -9999 -9999 -9999 -9999
6.50342E-2 6.5479E-2 5.98462E-2 4.80989E-2 3.51851E-2 2.51836E-2 2.03489E-2 1.68308E-2 1.46578E-2 1.45098E-2 1.46855E-2 1.52258E-2 1.63559E-2 1.90204E-2 1.94241E-2 2.10878E-2 2.25169E-2 2.24403E-2 2.21609E-2 2.46127E-2 2.81435E-2 3.55068E-2 4.57657E-2 4.06631E-2 2.84426E-2 2.23746E-2 2.39259E-2 2.35264E-2 2.24858E-2 8.31573E-3 8.37238E-3 1.47088E-2 1.75954E-2 1.85433E-2 1.90157E-2 1.91048E-2 2.01932E-2 -9999 -9999 1.56111E-2 -9999 -9999 -9999 -9999 -9999 -9999 -9999 -9999 -9999 -9999 -9999 -9999 -9999 -9999 -9999 -9999 -9999 -9999 -9999 -9999 -9999 -9999 -9999 -9999 -9999 -9999 -9999 -9999 -9999 -9999
5.2362E-2 5.81907E-2 6.81849E-2 6.1416E-2 3.58399E-2 2.67689E-2 2.19658E-2 1.83126E-2 1.57788E-2 1.52885E-2 1.49849E-2 1.53497E-2 1.70582E-2 1.88027E-2 2.13229E-2 2.28485E-2 2.38521E-2 2.26294E-2 2.20497E-2 2.30826E-2 2.18669E-2 2.64937E-2 3.80483E-2 2.5636E-2 1.25749E-2 2.04693E-2 1.82717E-2 2.50624E-2 1.5565E-2 1.35196E-2 1.36128E-2 1.40123E-2 1.65175E-2 2.08076E-2 2.28027E-2 2.28607E-2 2.25391E-2 1.99498E-2 -9999 -9999 -9999 -9999 -9999 -9999 -9999 -9999 -9999 -9999 -9999 -9999 -9999 -9999 -9999 -9999 -9999 -9999 -9999 -9999 -9999 -9999 -9999 -9999 -9999 -9999 -9999 -9999 -9999 -9999 -9999 -9999
6.34128E-2 8.37836E-2 7.9878E-2 7.08224E-2 4.72484E-2 3.32136E-2 2.54853E-2 1.93176E-2 1.73276E-2 1.62543E-2 1.57918E-2 1.59116E-2 1.65538E-2 1.99674E-2 2.35477E-2 2.3463E-2 2.4002E-2 2.42454E-2 2.30901E-2 2.2308E-2 2.1314E-2 2.01195E-2 2.65301E-2 1.80789E-2 1.06281E-2 1.92457E-2 2.30503E-2 1.33497E-2 1.57231E-2 1.53418E-2 1.35102E-2 1.43297E-2 1.99059E-2 2.21949E-2 2.35583E-2 2.18617E-2 2.22193E-2 -9999 -9999 -9999 -9999 -9999 -9999 -9999 -9999 -9999 -9999 -9999 -9999 -9999 -9999 -9999 -9999 -9999 -9999 -9999 -9999 -9999 -9999 -9999 -9999 -9999 -9999 -9999 -9999 -9999 -9999 -9999 -9999 -9999
6.09393E-2 7.87902E-2 8.57213E-2 7.51794E-2 5.606E-2 3.96441E-2 2.7061E-2 2.12286E-2 1.77246E-2 1.66267E-2 1.65578E-2 1.72968E-2 1.72926E-2 1.94876E-2 2.38827E-2 2.35785E-2 2.40944E-2 2.44542E-2 2.3052E-2 2.13932E-2 1.92317E-2 1.84072E-2 1.7119E-2 1.03649E-2 9.93476E-3 1.71722E-2 1.48876E-2 1.3168E-2 1.70352E-2 1.72288E-2 1.48162E-2 1.1232E-2 2.10172E-2 2.26031E-2 2.17974E-2 -9999 -9999 -9999 -9999 -9999 -9999 -9999 -9999 -9999 -9999 -9999 -9999 -9999 -9999 -9999 -9999 -9999 -9999 -9999 -9999 -9999 -9999 -9999 -9999 -9999 -9999 -9999 -9999 -9999 -9999 -9999 -9999 -9999 -9999 -9999
