KUENM_DEFAULT/Final_Models/M_1_F_lqpth_Set_1_NE/sp1_6_se_asia.asc
ncols         320
nrows         243
xllcorner     44.0
yllcorner     -0.666666666666667
cellsize      0.166666666666667
NODATA_value  -9999
[rows 31 to 61 of 243, columns 70 to 139 of 320]
3.55396E-3 3.67038E-3 3.71343E-3 3.78401E-3 3.84213E-3 3.82027E-3 5.44058E-3 5.31385E-3 4.31763E-3 3.75831E-3 4.7855E-3 5.02899E-3 4.89037E-3 4.19096E-3 3.88007E-3 3.59664E-3 3.86022E-3 4.20492E-3 4.49854E-3 4.51855E-3 4.50682E-3 4.51171E-3 4.42355E-3 4.4401E-3 4.24899E-3 3.26645E-3 3.66782E-3 3.24738E-3 2.54022E-3 3.53406E-3 4.30893E-3 4.54195E-3 4.37844E-3 4.45981E-3 4.29336E-3 3.78319E-3 3.36088E-3 3.03559E-3 2.70501E-3 1.87581E-3 1.86448E-3 1.24588E-2 1.15802E-2 7.73468E-3 5.70949E-3 6.14638E-3 5.98215E-3 4.9761E-3 4.24284E-3 3.89551E-3 3.04349E-3 3.10143E-3 2.48921E-3 3.53277E-4 3.78345E-4 4.28731E-4 4.37877E-4 4.69797E-4 4.11695E-4 3.88657E-4 4.14788E-4 3.72948E-4 3.18191E-4 2.98256E-4 2.47417E-3 2.22884E-3 2.0911E-3 2.44618E-3 2.68902E-3 2.80729E-3
3.7039E-3 3.76137E-3 3.879E-3 5.46185E-3 5.43107E-3 5.39964E-3 5.63994E-3 5.50834E-3 4.83641E-3 4.06084E-3 5.13961E-3 5.10129E-3 4.89043E-3 3.7106E-3 2.44219E-3 2.44482E-3 3.02011E-3 3.73884E-3 4.14767E-3 4.44991E-3 4.47012E-3 4.55237E-3 4.68247E-3 4.02503E-3 4.39137E-3 4.75596E-3 4.2574E-3 4.4601E-3 3.51927E-3 3.32309E-3 3.9886E-3 4.17091E-3 4.03489E-3 4.32754E-3 4.82113E-3 4.60147E-3 4.3381E-3 4.10434E-3 3.81068E-3 3.34911E-3 3.1868E-3 2.45704E-3 1.19397E-3 7.82494E-3 1.07479E-3 1.57949E-3 1.22098E-3 7.42336E-4 4.4795E-3 5.38134E-4 5.20897E-4 4.29459E-4 4.02469E-4 3.93385E-4 3.68458E-4 4.08871E-4 4.08544E-4 3.29062E-4 3.40033E-4 3.03022E-4 2.97862E-4 2.76732E-4 2.37709E-3 2.37696E-3 2.22313E-3 2.42843E-3 2.41147E-3 2.37018E-3 2.62255E-3 2.30489E-3
3.86515E-3 5.50869E-3 5.59487E-3 5.54429E-3 5.03534E-3 4.50161E-3 5.22601E-3 5.2112E-3 4.45457E-3 4.58442E-3 5.46328E-3 5.23179E-3 4.87405E-3 4.15244E-3 2.94625E-3 2.26032E-3 1.91498E-3 3.02011E-3 3.58374E-3 3.53803E-3 3.67073E-3 4.34549E-3 4.74327E-3 4.12955E-3 3.76102E-3 5.18127E-3 5.46053E-3 5.23632E-3 5.02467E-3 4.82176E-3 4.35044E-3 4.03478E-3 4.47783E-3 4.4661E-3 4.45455E-3 3.86608E-3 3.37664E-3 4.08733E-3 4.52472E-3 4.25278E-3 3.83237E-3 3.42969E-3 2.66941E-3 2.35279E-3 1.91159E-3 9.03321E-4 5.90185E-4 6.36978E-4 5.53399E-4 5.35858E-4 4.27847E-4 3.15869E-4 3.02378E-4 3.09209E-4 2.8122E-4 2.87686E-4 2.85777E-4 2.91715E-4 3.23799E-4 2.19677E-4 3.01062E-4 2.90694E-4 3.2464E-4 3.5176E-4 3.10547E-4 2.802E-3 2.7201E-3 3.31839E-4 2.5231E-3 3.24287E-4
5.64235E-3 5.59258E-3 5.6603E-3 5.57719E-3 4.79705E-3 3.39576E-3 4.42361E-3 4.76851E-3 4.05117E-3 5.08721E-3 5.56535E-3 5.27347E-3 4.66823E-3 4.16393E-3 3.59672E-3 3.05894E-3 1.87915E-3 1.53672E-3 2.38949E-3 2.62888E-3 2.83408E-3 3.42925E-3 4.13498E-3 4.49855E-3 4.22689E-3 5.15737E-3 5.26709E-3 5.81399E-3 5.93805E-3 5.81701E-3 5.8837E-3 5.62267E-3 4.95974E-3 4.71061E-3 3.78965E-3 2.63027E-3 3.25376E-3 3.73066E-3 3.29471E-3 2.91387E-3 2.21174E-3 1.50452E-3 1.0763E-3 8.28541E-4 8.92747E-4 7.30182E-4 5.78528E-4 6.37361E-4 4.84101E-4 4.08986E-4 3.55247E-4 3.41206E-4 3.0891E-4 3.12227E-4 3.04056E-4 2.99636E-4 3.4678E-4 3.24396E-4 3.11842E-4 3.55682E-4 3.82649E-4 3.16186E-4 3.30326E-4 4.30604E-4 3.98371E-4 3.59443E-4 2.63541E-3 2.44407E-3 3.46008E-4 3.84443E-4
4.1325E-3 5.79975E-3 5.85964E-3 5.62373E-3 4.37286E-3 4.00891E-3 5.14465E-3 3.89263E-3 3.09888E-3 4.53103E-3 5.5689E-3 5.33267E-3 4.70097E-3 3.8849E-3 3.45186E-3 3.45367E-3 3.01603E-3 2.09862E-3 1.94955E-3 2.76233E-3 2.93236E-3 2.61233E-3 3.38711E-3 4.05786E-3 4.17512E-3 4.95928E-3 4.5283E-3 5.19352E-3 6.0019E-3 6.06699E-3 5.32838E-3 5.61861E-3 4.95165E-3 3.8244E-3 3.21745E-3 3.25368E-3 3.44473E-3 3.12802E-3 2.40584E-3 1.72845E-3 1.49813E-3 1.06717E-3 8.70846E-4 7.3412E-4 5.81252E-4 6.18072E-4 6.67991E-4 5.51714E-4 3.72207E-4 3.56719E-4 3.25979E-4 3.05681E-4 2.95574E-4 3.30716E-4 3.42552E-4 3.62232E-4 3.16601E-4 3.38628E-4 3.01762E-4 3.14446E-4 4.78655E-4 3.80718E-4 3.80718E-4 5.13833E-4 3.13259E-4 3.26178E-4 2.773E-3 3.39591E-4 4.42619E-4 3.76681E-4
5.79838E-3 5.91182E-3 5.70359E-3 4.96117E-3 4.71969E-3 5.85896E-3 6.92108E-3 5.68193E-3 3.17298E-3 2.82566E-3 4.94911E-3 5.31548E-3 4.69976E-3 4.26324E-3 3.70439E-3 3.67866E-3 3.59269E-3 3.26327E-3 2.44755E-3 1.98447E-3 2.66734E-3 2.84328E-3 3.23816E-3 3.68408E-3 3.09153E-3 3.12622E-3 4.70175E-3 4.83773E-3 5.70912E-3 6.06763E-3 5.67315E-3 5.86089E-3 4.90877E-3 3.69487E-3 3.90448E-3 4.04782E-3 3.37986E-3 2.82835E-3 2.21896E-3 2.19783E-3 1.62454E-3 1.15494E-3 9.99184E-4 6.72095E-4 6.65957E-4 5.12332E-4 5.33675E-4 4.77855E-4 4.22007E-4 3.64621E-4 4.37708E-4 4.22965E-4 4.00059E-4 3.13622E-4 3.41936E-4 3.51875E-4 3.277E-4 4.13387E-4 4.62254E-4 5.56321E-4 5.73235E-4 3.46894E-4 4.90668E-4 6.87876E-4 4.05049E-4 5.63076E-4 7.30133E-4 5.44517E-4 2.95966E-3 3.01932E-3
6.00543E-3 5.81754E-3 5.2663E-3 3.77189E-3 3.97739E-3 6.55732E-3 7.63173E-3 7.29323E-3 5.05485E-3 2.09296E-3 3.81524E-3 4.63095E-3 3.97899E-3 4.06342E-3 4.064E-3 3.91E-3 3.79945E-3 3.40002E-3 3.54394E-3 2.83385E-3 2.22454E-3 2.51959E-3 2.68645E-3 2.54791E-3 3.35433E-3 3.51348E-3 4.5667E-3 5.41276E-3 5.77124E-3 6.11331E-3 5.98477E-3 5.98764E-3 5.399E-3 4.78338E-3 4.48763E-3 3.9926E-3 3.49116E-3 2.94409E-3 2.7173E-3 2.5251E-3 1.8512E-3 1.21753E-3 1.08306E-3 1.00451E-3 5.80044E-4 5.12375E-4 6.13598E-4 7.86849E-4 7.66086E-4 6.73352E-4 5.13922E-4 4.78215E-4 4.15333E-4 4.15067E-4 3.64664E-4 3.25411E-4 4.23991E-4 4.42367E-4 7.90233E-4 1.02064E-3 7.86007E-4 3.89334E-4 8.40988E-4 1.13564E-3 8.9224E-4 7.79108E-4 4.22279E-4 3.24132E-3 3.30767E-3 3.58928E-4
6.01625E-3 5.4524E-3 4.59773E-3 3.41367E-3 3.87854E-3 6.21854E-3 7.41569E-3 7.7301E-3 5.83747E-3 2.98627E-3 2.91395E-3 4.25656E-3 4.21018E-3 3.7881E-3 3.96197E-3 4.00928E-3 4.01032E-3 3.7592E-3 3.84696E-3 3.59456E-3 2.95681E-3 2.33769E-3 2.07189E-3 1.81158E-3 2.23412E-3 1.81029E-3 2.41663E-3 4.54483E-3 5.83519E-3 6.28965E-3 6.09475E-3 5.65309E-3 5.28176E-3 4.95187E-3 4.52782E-3 3.99529E-3 3.30833E-3 3.02695E-3 3.24061E-3 3.24061E-3 2.96408E-3 2.40641E-3 1.67187E-3 1.19119E-3 1.09368E-3 1.40723E-3 1.30851E-3 9.3851E-4 5.78437E-4 7.07021E-4 6.44813E-4 5.03457E-4 3.48761E-4 3.65102E-4 4.38458E-4 4.89375E-4 6.18828E-4 5.49112E-4 7.71664E-4 8.50579E-4 1.44305E-3 5.00159E-4 9.61001E-4 1.61668E-3 8.74599E-4 6.69387E-4 4.88526E-4 3.19917E-3 3.79181E-4 3.93441E-3
5.94224E-3 5.37735E-3 4.34081E-3 4.41954E-3 4.61655E-3 5.49588E-3 7.20562E-3 7.85836E-3 7.40112E-3 5.45863E-3 3.43374E-3 4.17629E-3 4.80128E-3 4.49574E-3 4.3852E-3 4.1986E-3 4.00569E-3 3.75786E-3 3.7592E-3 3.51134E-3 3.1764E-3 2.44755E-3 1.87914E-3 1.47065E-3 1.69179E-3 1.55806E-3 1.78285E-3 2.33651E-3 5.12788E-3 5.87987E-3 5.51227E-3 5.29904E-3 5.205E-3 4.84205E-3 4.2529E-3 4.05916E-3 3.46641E-3 3.44737E-3 3.58698E-3 3.67923E-3 2.98389E-3 2.30008E-3 1.89372E-3 2.08364E-3 1.65895E-3 1.91553E-3 1.46263E-3 1.26764E-3 1.54013E-3 1.16235E-3 9.10245E-4 6.70389E-4 4.23989E-4 4.06041E-4 4.49791E-4 5.76198E-4 8.04352E-4 7.33173E-4 1.07763E-3 1.86194E-3 1.39916E-3 9.45601E-4 1.68696E-3 1.16636E-3 5.86372E-4 3.09463E-3 3.74685E-4 3.99184E-4 3.12817E-3 3.81512E-3
5.62285E-3 5.75246E-3 5.23728E-3 4.59978E-3 4.19868E-3 4.34186E-3 6.28799E-3 7.48426E-3 7.91379E-3 7.4799E-3 3.52325E-3 3.76419E-3 5.49497E-3 5.30285E-3 5.18306E-3 4.13778E-3 4.0344E-3 3.23532E-3 2.73385E-3 2.71513E-3 2.88532E-3 2.17243E-3 1.77179E-3 1.79271E-3 2.17468E-3 2.24583E-3 2.43837E-3 1.99824E-3 4.25782E-3 5.55145E-3 5.24137E-3 5.41486E-3 5.28E-3 4.65222E-3 4.46767E-3 3.7959E-3 3.15711E-3 3.31397E-3 3.91041E-3 3.01753E-3 2.61927E-3 2.98569E-3 2.91227E-3 1.85957E-3 1.65588E-3 1.52194E-3 2.3565E-3 1.63848E-3 9.08137E-4 8.61844E-4 5.48591E-4 3.87912E-4 4.0968E-4 5.37321E-4 8.32998E-4 1.39741E-3 1.51071E-3 6.55739E-4 1.64226E-3 2.75661E-3 1.5646E-3 1.73326E-3 1.25756E-3 8.30856E-4 5.26143E-4 5.04461E-4 5.80663E-4 4.30494E-3 4.90528E-4 5.37598E-4
4.21873E-3 5.87701E-3 5.27935E-3 4.46826E-3 3.64212E-3 3.73306E-3 5.78752E-3 6.57493E-3 6.63823E-3 7.29323E-3 6.06521E-3 5.65829E-3 6.35034E-3 6.03508E-3 5.69912E-3 5.37316E-3 4.97985E-3 4.32509E-3 3.0916E-3 3.3433E-3 3.35016E-3 3.03407E-3 2.71184E-3 1.81801E-3 1.46276E-3 2.33323E-3 2.96271E-3 3.15404E-3 4.12273E-3 5.09223E-3 6.14523E-3 5.88463E-3 5.35764E-3 4.75186E-3 4.75186E-3 4.62614E-3 4.19077E-3 4.10944E-3 3.94056E-3 3.67432E-3 3.99891E-3 3.58111E-3 3.96954E-3 3.92601E-3 3.14328E-3 2.49108E-3 2.41319E-3 1.14685E-3 7.98706E-4 5.73498E-4 4.99504E-4 7.36912E-4 6.96494E-4 8.90562E-4 1.93118E-3 1.8985E-3 1.12386E-3 9.99152E-4 3.09959E-3 3.74112E-3 2.07515E-3 1.09879E-3 1.64238E-3 1.1849E-3 9.25862E-4 9.17972E-4 5.67047E-4 3.7695E-3 4.76812E-4 7.85672E-4
4.41777E-3 5.21028E-3 4.82379E-3 4.66752E-3 4.46742E-3 4.64957E-3 5.5399E-3 6.24071E-3 6.26296E-3 6.6218E-3 7.03242E-3 7.25317E-3 6.8536E-3 6.12376E-3 6.14565E-3 5.57665E-3 5.48895E-3 4.99787E-3 4.30938E-3 3.89571E-3 2.40019E-3 1.92639E-3 2.10965E-3 2.20235E-3 1.72115E-3 1.5715E-3 2.96054E-3 3.20395E-3 4.0753E-3 5.33605E-3 6.12471E-3 6.3734E-3 5.95415E-3 5.16783E-3 4.49688E-3 4.73051E-3 5.10655E-3 4.33858E-3 4.12961E-3 5.72113E-3 5.67595E-3 5.30444E-3 4.99974E-3 3.93379E-3 3.81907E-3 3.26695E-3 2.74863E-3 1.68547E-3 1.45408E-3 8.42865E-4 8.93099E-4 9.98438E-4 1.13724E-3 2.0589E-3 2.94773E-3 2.14582E-3 1.41656E-3 1.42417E-3 3.55245E-3 3.14892E-3 1.96728E-3 2.90821E-3 2.39771E-3 1.77448E-3 9.09714E-4 5.04776E-4 5.21825E-3 4.91704E-3 7.3082E-4 1.02834E-3
4.05567E-3 5.41998E-3 5.12938E-3 4.68395E-3 5.07469E-3 4.45434E-3 5.09459E-3 5.95781E-3 5.59974E-3 4.42939E-3 5.16682E-3 6.88611E-3 6.80112E-3 6.21381E-3 6.12376E-3 5.62986E-3 5.12632E-3 5.08852E-3 4.61554E-3 3.92325E-3 3.4155E-3 3.05345E-3 2.11572E-3 2.00454E-3 2.15381E-3 1.96998E-3 2.81452E-3 3.03936E-3 3.08255E-3 4.91173E-3 6.27726E-3 6.75605E-3 5.8068E-3 4.51641E-3 4.92866E-3 5.88139E-3 5.88453E-3 5.84098E-3 6.46437E-3 6.36562E-3 6.00776E-3 5.42683E-3 4.70915E-3 4.0697E-3 2.99274E-3 2.61997E-3 2.11154E-3 2.11956E-3 1.54104E-3 1.43543E-3 1.43889E-3 1.18871E-3 1.96097E-3 2.83905E-3 3.63766E-3 2.64107E-3 2.42044E-3 2.81635E-3 5.11795E-3 3.52848E-3 4.15082E-3 4.01788E-3 2.49825E-3 1.07046E-3 6.2143E-4 8.93711E-4 1.13801E-3 1.22793E-3 1.41115E-3 1.06193E-3
4.45098E-3 5.49851E-3 5.58773E-3 5.2216E-3 5.43715E-3 5.6591E-3 5.11248E-3 5.87084E-3 5.46594E-3 4.01287E-3 3.53057E-3 6.59307E-3 6.95004E-3 6.62505E-3 6.67227E-3 6.27491E-3 5.10787E-3 4.38744E-3 3.76545E-3 3.30519E-3 2.67333E-3 2.87119E-3 3.01576E-3 2.2722E-3 2.21502E-3 2.50168E-3 2.9896E-3 3.13596E-3 2.8283E-3 2.96157E-3 5.44967E-3 6.62928E-3 6.3099E-3 5.66541E-3 6.3053E-3 6.22156E-3 6.34629E-3 6.00308E-3 6.62522E-3 6.18251E-3 5.70226E-3 3.19043E-3 3.31564E-3 3.95191E-3 4.08605E-3 4.20919E-3 3.20217E-3 3.33553E-3 3.10896E-3 2.3746E-3 1.58563E-3 2.00898E-3 3.02183E-3 3.89312E-3 4.46679E-3 4.64298E-3 4.99049E-3 4.96076E-3 2.77756E-3 3.17277E-3 3.3429E-3 2.40926E-3 1.56012E-3 1.02106E-3 1.01701E-3 1.74792E-3 2.03633E-3 1.87879E-3 1.26753E-3 1.63659E-3
3.37665E-3 4.72037E-3 4.75442E-3 5.23728E-3 5.22392E-3 5.01991E-3 5.0064E-3 5.84606E-3 5.97938E-3 5.30577E-3 5.35955E-3 7.85126E-3 7.90659E-3 7.18789E-3 7.16642E-3 6.68757E-3 6.06802E-3 5.35636E-3 4.76869E-3 4.40502E-3 3.71559E-3 2.93282E-3 2.13615E-3 2.08308E-3 2.71605E-3 2.57007E-3 2.25962E-3 3.03528E-3 4.1326E-3 3.78958E-3 4.00049E-3 5.86462E-3 6.45123E-3 6.55356E-3 6.099E-3 6.52731E-3 6.61521E-3 6.77786E-3 6.96645E-3 6.65496E-3 6.4229E-3 5.62059E-3 6.03743E-3 6.24601E-3 6.10066E-3 5.58985E-3 5.1827E-3 4.90061E-3 4.21716E-3 3.21757E-3 2.82553E-3 3.39291E-3 3.86552E-3 4.66644E-3 5.2578E-3 5.55606E-3 5.11415E-3 3.76644E-3 2.42595E-3 2.21255E-3 2.15278E-3 2.36789E-3 2.12172E-3 2.70277E-3 2.5813E-3 2.97527E-3 2.43482E-3 2.27045E-3 2.29003E-3 1.82979E-3
2.72715E-3 3.63165E-3 3.22416E-3 4.53333E-3 5.49264E-3 5.5156E-3 5.60127E-3 5.72459E-3 6.28317E-3 5.93468E-3 5.79013E-3 8.35485E-3 8.20637E-3 7.79297E-3 7.30947E-3 7.00175E-3 6.72572E-3 5.95378E-3 5.29241E-3 4.37315E-3 3.87954E-3 2.96422E-3 2.43065E-3 2.2618E-3 2.91301E-3 3.56517E-3 2.39976E-3 2.45218E-3 4.11609E-3 4.43744E-3 4.51946E-3 5.63117E-3 6.29777E-3 7.01638E-3 6.95169E-3 6.82081E-3 6.83802E-3 7.03628E-3 7.23539E-3 7.05009E-3 6.96608E-3 6.62522E-3 6.85006E-3 6.64097E-3 6.43855E-3 6.26504E-3 5.85276E-3 5.14523E-3 4.73292E-3 4.25776E-3 4.41892E-3 4.85234E-3 5.34017E-3 5.58218E-3 5.94587E-3 6.09866E-3 5.01964E-3 3.99532E-3 2.91201E-3 3.41268E-3 3.64749E-3 4.08689E-3 4.02965E-3 3.91356E-3 3.08416E-3 2.7729E-3 3.12547E-3 3.05011E-3 2.31203E-3 1.52859E-3
2.68531E-3 3.16575E-3 2.95106E-3 3.13573E-3 4.82631E-3 5.39782E-3 6.71569E-3 7.60356E-3 7.38648E-3 7.50811E-3 7.50811E-3 8.72064E-3 7.91738E-3 7.94521E-3 8.00114E-3 7.69258E-3 6.88931E-3 6.44262E-3 5.50608E-3 4.61633E-3 3.78231E-3 3.39403E-3 3.13468E-3 2.56227E-3 2.29208E-3 2.84892E-3 2.87509E-3 2.28047E-3 3.64408E-3 3.69623E-3 4.31333E-3 5.48051E-3 6.47371E-3 6.96993E-3 6.75937E-3 6.94022E-3 6.96041E-3 7.02806E-3 7.41912E-3 7.48891E-3 7.40242E-3 7.23755E-3 7.01589E-3 6.95719E-3 6.89915E-3 6.81736E-3 6.50815E-3 5.80601E-3 5.62996E-3 5.58429E-3 5.6452E-3 5.8582E-3 6.12306E-3 6.25706E-3 6.68822E-3 5.3885E-3 4.42285E-3 3.01749E-3 3.52488E-3 4.46443E-3 5.04256E-3 5.71624E-3 5.71497E-3 4.37998E-3 4.13463E-3 4.19505E-3 3.5689E-3 2.92104E-3 1.89904E-3 1.71926E-3
2.21713E-3 1.58846E-3 2.66703E-3 2.72676E-3 3.87538E-3 5.43659E-3 6.09599E-3 7.22923E-3 8.39254E-3 8.91647E-3 8.94757E-3 8.244E-3 7.42711E-3 8.12652E-3 8.12652E-3 8.15502E-3 7.73008E-3 6.76437E-3 5.70306E-3 4.61633E-3 3.9957E-3 3.57349E-3 3.71802E-3 3.37341E-3 2.31613E-3 2.08621E-3 3.01109E-3 2.83734E-3 3.55578E-3 4.0575E-3 4.325E-3 4.9536E-3 6.00652E-3 6.91999E-3 6.69019E-3 6.76289E-3 6.96988E-3 7.31499E-3 7.50125E-3 7.48525E-3 7.58183E-3 7.68999E-3 7.71947E-3 7.6272E-3 7.50945E-3 7.25298E-3 6.64097E-3 6.1979E-3 6.33581E-3 6.40443E-3 6.4738E-3 6.64607E-3 6.92134E-3 7.12257E-3 7.19162E-3 6.65282E-3 6.11666E-3 5.44831E-3 5.34398E-3 5.99519E-3 6.36716E-3 6.20109E-3 5.98217E-3 5.66162E-3 4.7119E-3 4.25544E-3 4.33026E-3 2.7212E-3 1.7052E-3 1.98326E-3
2.52762E-3 2.1702E-3 1.86102E-3 1.75111E-3 3.11836E-3 4.55243E-3 4.75498E-3 3.88129E-3 4.50114E-3 8.76487E-3 9.37795E-3 7.95486E-3 8.12652E-3 8.30952E-3 8.45858E-3 8.31597E-3 7.97071E-3 7.39096E-3 6.11343E-3 5.38074E-3 4.85309E-3 3.42202E-3 3.00647E-3 4.11743E-3 4.02974E-3 3.26206E-3 3.64617E-3 3.63329E-3 4.37216E-3 4.81456E-3 4.44888E-3 5.10838E-3 5.98587E-3 6.96201E-3 7.05293E-3 6.91178E-3 7.38082E-3 7.41795E-3 7.52091E-3 8.13141E-3 8.1376E-3 8.27024E-3 8.27475E-3 7.99438E-3 7.37732E-3 6.75294E-3 6.62265E-3 6.74216E-3 6.63808E-3 6.88841E-3 7.31911E-3 7.37153E-3 7.64944E-3 7.31691E-3 7.72953E-3 8.01068E-3 7.67086E-3 7.42996E-3 7.87595E-3 7.67203E-3 7.29162E-3 7.35526E-3 7.00224E-3 6.3898E-3 6.36549E-3 5.75605E-3 4.71962E-3 3.30465E-3 2.76854E-3 2.61539E-3
3.25642E-3 2.40601E-3 2.59331E-3 2.0541E-3 2.25402E-3 3.45055E-3 4.70269E-3 5.49727E-3 6.23037E-3 9.28287E-3 9.68318E-3 9.02018E-3 8.67605E-3 8.64589E-3 8.8004E-3 8.6501E-3 8.32121E-3 7.77617E-3 6.90932E-3 5.69092E-3 5.69092E-3 5.47226E-3 4.58148E-3 4.40496E-3 4.83069E-3 3.72566E-3 3.68465E-3 4.69454E-3 4.56119E-3 4.2939E-3 5.32437E-3 5.11433E-3 5.77625E-3 6.53358E-3 6.70649E-3 6.76164E-3 7.36871E-3 7.68803E-3 8.10607E-3 8.24981E-3 8.55481E-3 8.56178E-3 8.46449E-3 7.35112E-3 6.96608E-3 7.01589E-3 7.15036E-3 7.06479E-3 7.22538E-3 7.47136E-3 7.87534E-3 8.11405E-3 7.64944E-3 6.72981E-3 6.81961E-3 7.5118E-3 7.52699E-3 7.9792E-3 8.30257E-3 8.5131E-3 8.16661E-3 8.18702E-3 7.48226E-3 7.13235E-3 5.99046E-3 5.95695E-3 3.90949E-3 3.01469E-3 2.93143E-3 2.65407E-3
3.82772E-3 3.60632E-3 2.90373E-3 2.35658E-3 1.26804E-3 1.84787E-3 4.27363E-3 4.96699E-3 6.02839E-3 8.89635E-3 9.74863E-3 9.6131E-3 8.92988E-3 9.21577E-3 8.77537E-3 8.74498E-3 8.23831E-3 7.64673E-3 7.1938E-3 6.5384E-3 6.01583E-3 6.15679E-3 5.60488E-3 4.64511E-3 4.91741E-3 3.90109E-3 2.61792E-3 4.67629E-3 5.36251E-3 4.92535E-3 5.0432E-3 5.96215E-3 6.05485E-3 6.42616E-3 6.35873E-3 6.79464E-3 7.3298E-3 7.96249E-3 8.39722E-3 8.70012E-3 8.85548E-3 9.03478E-3 8.9263E-3 8.62811E-3 8.02049E-3 7.81462E-3 7.57387E-3 7.42996E-3 7.6546E-3 8.04005E-3 8.61003E-3 8.96594E-3 7.67675E-3 7.01722E-3 6.86883E-3 7.06927E-3 7.41242E-3 7.42528E-3 7.81545E-3 7.75127E-3 7.71692E-3 8.42848E-3 7.59117E-3 7.23658E-3 7.18182E-3 6.02284E-3 3.11255E-3 2.69618E-3 2.60329E-3 2.45597E-3
2.80558E-3 3.99591E-3 3.47377E-3 2.75494E-3 2.1447E-3 1.80324E-3 2.96981E-3 3.96703E-3 2.90179E-3 7.18644E-3 9.47819E-3 9.37787E-3 1.32708E-2 9.70757E-3 9.47421E-3 9.6742E-3 9.11788E-3 7.871E-3 7.22735E-3 6.37847E-3 5.48668E-3 6.0061E-3 6.38851E-3 4.98516E-3 4.86254E-3 4.1739E-3 3.79148E-3 4.67629E-3 5.34341E-3 5.56698E-3 5.36502E-3 6.16186E-3 6.56291E-3 6.43188E-3 6.4036E-3 6.74704E-3 7.45221E-3 8.24798E-3 8.68883E-3 8.89717E-3 9.0469E-3 9.05733E-3 9.27378E-3 8.50742E-3 7.6108E-3 7.51972E-3 7.74804E-3 7.89814E-3 8.29654E-3 8.77585E-3 9.36712E-3 9.50002E-3 8.28811E-3 7.2041E-3 6.69076E-3 7.37009E-3 7.63926E-3 7.94661E-3 7.7595E-3 7.95486E-3 8.03503E-3 8.97498E-3 8.99617E-3 9.67616E-3 9.38211E-3 5.85995E-3 2.38417E-3 2.26798E-3 2.00958E-3 2.6724E-3
3.66372E-3 2.8209E-3 3.61637E-3 3.38824E-3 3.13074E-3 2.23216E-3 2.09072E-3 2.50724E-3 2.59203E-3 5.1118E-3 7.07106E-3 9.54052E-3 1.42941E-2 1.42762E-2 1.48835E-2 1.48835E-2 1.42517E-2 8.5637E-3 7.52411E-3 6.91159E-3 6.25476E-3 6.12379E-3 6.57118E-3 5.85904E-3 5.27482E-3 4.48103E-3 4.4486E-3 4.10037E-3 4.11454E-3 5.51621E-3 6.44195E-3 6.76729E-3 6.82118E-3 6.67907E-3 6.64971E-3 6.7708E-3 7.77153E-3 8.46256E-3 8.885E-3 8.83508E-3 7.74087E-3 7.54784E-3 8.02361E-3 7.48891E-3 7.60873E-3 7.81301E-3 8.0489E-3 8.48533E-3 8.78994E-3 9.29739E-3 1.0155E-2 9.35143E-3 8.47922E-3 7.2041E-3 7.24238E-3 7.92169E-3 8.15155E-3 8.5121E-3 8.49349E-3 8.541E-3 8.82063E-3 8.94292E-3 1.0058E-2 1.04209E-2 9.59068E-3 3.50751E-3 2.55523E-3 1.93798E-3 1.95043E-3 2.79448E-3
3.98503E-3 3.78638E-3 2.88826E-3 2.8358E-3 3.21296E-3 3.35083E-3 2.21945E-3 1.71711E-3 2.13071E-3 2.78799E-3 4.01963E-3 8.182E-3 1.37474E-2 1.40332E-2 1.46098E-2 6.45813E-2 1.43552E-2 1.34982E-2 8.77547E-3 7.84905E-3 7.18931E-3 6.70309E-3 6.23266E-3 5.61532E-3 4.94956E-3 4.65951E-3 3.67122E-3 3.4423E-3 3.49136E-3 3.84541E-3 6.4335E-3 7.18464E-3 7.26144E-3 7.06009E-3 6.88208E-3 7.2811E-3 7.73012E-3 8.30849E-3 9.16673E-3 8.71931E-3 7.25822E-3 7.42784E-3 7.38004E-3 7.72418E-3 7.90461E-3 8.14266E-3 8.55448E-3 9.13018E-3 9.56109E-3 1.01123E-2 1.07985E-2 9.9434E-3 8.61343E-3 8.07814E-3 8.09588E-3 8.55182E-3 9.03269E-3 9.32637E-3 9.26983E-3 9.46063E-3 9.80349E-3 1.01585E-2 1.10058E-2 1.05431E-2 5.70165E-3 4.0154E-3 5.24136E-3 4.96976E-3 4.5771E-3 4.70095E-3
4.19258E-3 4.01523E-3 3.48881E-3 2.17688E-3 2.14046E-3 2.71981E-3 3.21047E-3 2.90841E-3 1.60237E-3 1.75731E-3 2.2875E-3 6.36889E-3 1.34514E-2 6.20777E-2 6.23142E-2 6.0912E-2 5.90424E-2 6.32083E-2 1.31788E-2 8.68216E-3 8.38811E-3 7.21861E-3 6.35228E-3 5.74703E-3 4.93185E-3 4.48103E-3 3.75085E-3 3.52987E-3 3.85873E-3 3.41719E-3 5.50422E-3 7.51174E-3 7.78353E-3 7.59319E-3 7.71647E-3 7.53894E-3 7.9006E-3 8.68271E-3 8.99673E-3 9.30771E-3 8.91613E-3 9.23983E-3 8.38618E-3 8.17769E-3 8.62224E-3 8.81929E-3 1.00053E-2 1.02456E-2 1.07707E-2 1.09602E-2 1.10477E-2 9.50002E-3 8.44919E-3 8.89216E-3 9.11565E-3 9.52617E-3 9.83459E-3 1.0031E-2 1.03193E-2 1.05258E-2 1.10356E-2 1.21013E-2 1.24402E-2 1.0014E-2 3.73451E-3 6.586E-3 6.78796E-3 5.92008E-3 4.51535E-3 4.1832E-3
3.945E-3 3.87488E-3 3.81646E-3 3.54167E-3 2.93346E-3 2.1026E-3 2.2558E-3 3.17581E-3 2.7412E-3 2.15841E-3 2.56232E-3 6.27894E-3 5.60483E-2 6.10932E-2 6.01127E-2 5.78203E-2 6.10929E-2 6.41262E-2 5.78203E-2 1.21389E-2 9.05038E-3 7.87951E-3 6.91757E-3 5.97433E-3 5.30629E-3 4.37216E-3 3.00418E-3 3.26032E-3 3.85873E-3 3.83075E-3 5.94001E-3 7.83803E-3 8.26284E-3 8.19982E-3 8.31271E-3 8.23851E-3 8.49381E-3 8.38089E-3 8.83088E-3 9.74607E-3 1.0103E-2 9.71454E-3 8.95968E-3 8.77155E-3 9.29622E-3 1.01724E-2 1.00286E-2 8.7505E-3 1.06282E-2 1.13906E-2 1.06201E-2 9.35143E-3 9.25559E-3 9.72385E-3 1.03254E-2 1.06955E-2 1.09623E-2 1.11778E-2 1.15744E-2 1.21343E-2 1.30109E-2 1.38515E-2 1.37497E-2 8.11101E-3 5.72042E-3 6.70708E-3 6.08807E-3 4.96676E-3 3.77392E-3 3.27683E-3
2.71124E-3 2.96703E-3 3.25945E-3 3.34353E-3 3.19466E-3 3.33059E-3 2.77219E-3 3.18829E-3 3.26772E-3 2.42834E-3 1.85685E-3 4.13367E-3 7.09958E-3 5.44718E-2 4.37539E-2 4.20693E-2 4.20081E-2 5.96254E-2 5.9865E-2 5.4066E-2 9.20235E-3 8.68477E-3 6.94188E-3 6.33018E-3 5.77685E-3 3.63287E-3 2.78726E-3 3.45242E-3 3.85991E-3 3.89869E-3 6.1365E-3 8.32056E-3 8.80459E-3 8.73823E-3 8.67098E-3 8.94373E-3 9.00465E-3 8.76907E-3 9.04207E-3 9.19772E-3 9.74607E-3 9.731E-3 9.71454E-3 9.91611E-3 1.01218E-2 1.01724E-2 9.22689E-3 8.8372E-3 9.37281E-3 1.01393E-2 9.6123E-3 8.96594E-3 9.93044E-3 1.07852E-2 1.16382E-2 1.19266E-2 1.29615E-2 1.31642E-2 1.32317E-2 1.39085E-2 1.49122E-2 1.58755E-2 1.53419E-2 1.03023E-2 7.56379E-3 6.58645E-3 3.95433E-3 4.11018E-3 3.65636E-3 1.26515E-3
2.14037E-3 1.91326E-3 2.11863E-3 2.23649E-3 2.49222E-3 2.41304E-3 2.84137E-3 3.001E-3 2.93582E-3 2.81742E-3 1.87666E-3 2.42041E-3 4.19765E-3 7.4028E-3 4.1848E-2 4.2582E-2 4.17105E-2 4.10745E-2 4.3363E-2 4.18291E-2 1.31788E-2 9.01388E-3 7.87951E-3 6.94188E-3 6.71173E-3 3.9879E-3 2.70985E-3 3.68276E-3 4.00058E-3 3.42078E-3 5.36923E-3 8.55154E-3 9.48419E-3 9.4514E-3 9.61842E-3 9.54525E-3 9.64607E-3 9.53723E-3 9.49378E-3 1.00241E-2 1.04281E-2 9.99907E-3 9.98437E-3 1.01576E-2 1.06411E-2 9.5957E-3 8.32301E-3 8.07399E-3 8.16357E-3 8.77262E-3 9.07343E-3 9.14052E-3 1.05236E-2 1.13566E-2 1.20978E-2 1.31039E-2 1.36899E-2 1.44507E-2 1.48058E-2 1.58756E-2 1.69028E-2 1.75306E-2 1.56639E-2 7.74397E-3 6.81079E-3 5.77292E-3 4.82698E-3 3.55263E-3 2.85333E-3 9.76087E-3
2.30091E-3 1.86985E-3 2.13472E-3 2.46799E-3 2.19016E-3 2.4486E-3 2.28588E-3 2.34519E-3 2.39624E-3 1.67235E-3 2.40395E-3 1.71289E-3 3.42224E-3 5.64145E-3 3.61659E-2 4.1802E-2 4.32222E-2 4.24859E-2 4.30393E-2 4.57382E-2 4.30789E-2 5.57882E-2 1.18511E-2 8.47426E-3 6.79751E-3 5.00251E-3 4.01478E-3 3.84278E-3 4.25192E-3 3.22757E-3 4.15489E-3 7.42919E-3 9.40533E-3 1.00779E-2 1.041E-2 1.05597E-2 1.05233E-2 1.0798E-2 1.12353E-2 1.16518E-2 1.57724E-2 1.1604E-2 1.11309E-2 1.05988E-2 9.6001E-3 8.18148E-3 7.31015E-3 7.22656E-3 6.93317E-3 7.14199E-3 7.67149E-3 9.07622E-3 1.045E-2 1.13566E-2 1.22152E-2 1.36228E-2 1.45251E-2 1.51212E-2 1.62724E-2 1.72094E-2 1.83239E-2 1.85134E-2 1.24022E-2 6.64218E-3 8.93345E-3 7.51234E-3 5.68719E-3 4.23654E-3 1.7945E-2 4.44275E-3
2.66792E-3 2.87779E-3 2.4417E-3 1.98493E-3 1.72495E-3 2.73536E-3 2.93713E-3 2.71402E-3 2.60894E-3 2.32715E-3 1.91937E-3 2.29177E-3 2.97422E-3 4.07704E-3 2.38608E-2 3.87147E-2 4.17507E-2 4.32574E-2 4.39584E-2 4.47501E-2 4.47071E-2 5.60715E-2 5.23263E-2 8.82924E-3 7.06531E-3 3.66308E-3 3.73696E-3 3.28249E-3 3.61464E-3 4.25943E-3 3.58628E-3 4.89551E-3 7.32843E-3 9.74585E-3 1.07116E-2 1.12714E-2 1.52558E-2 1.53209E-2 1.56576E-2 1.59967E-2 1.1484E-2 1.11892E-2 1.00123E-2 8.89277E-3 8.08648E-3 7.02806E-3 5.57602E-3 6.03031E-3 5.82537E-3 6.15699E-3 6.86626E-3 8.0165E-3 9.22296E-3 1.0074E-2 1.16039E-2 1.38419E-2 1.5593E-2 1.62315E-2 1.73451E-2 1.84689E-2 2.00142E-2 1.93521E-2 1.28356E-2 8.13982E-3 9.30617E-3 5.18924E-3 5.26508E-3 3.68017E-3 1.26787E-2 6.24489E-3
3.07001E-3 3.36138E-3 2.71404E-3 2.01388E-3 1.50783E-3 1.86357E-3 1.83475E-3 1.79558E-3 1.89008E-3 1.68259E-3 2.55608E-3 3.03627E-3 3.03461E-3 3.53034E-3 5.52574E-3 2.17504E-2 3.41722E-2 3.88025E-2 4.01621E-2 4.17107E-2 4.30393E-2 4.32207E-2 5.59705E-2 1.2823E-2 8.7149E-3 4.06091E-3 2.6742E-3 2.91801E-3 3.17444E-3 3.17482E-3 3.58117E-3 4.30131E-3 3.74577E-3 6.06874E-3 9.56142E-3 1.11052E-2 1.13102E-2 1.07918E-2 1.07177E-2 1.06013E-2 1.06013E-2 9.16105E-3 8.75695E-3 7.94253E-3 7.19811E-3 5.91802E-3 4.73283E-3 4.81846E-3 4.91901E-3 5.31449E-3 5.57455E-3 5.65034E-3 5.87894E-3 7.49098E-3 1.13011E-2 1.51685E-2 1.63835E-2 1.75107E-2 1.86487E-2 1.97229E-2 2.71954E-2 2.0268E-2 1.64125E-2 9.78438E-3 7.98653E-3 4.72959E-3 4.14556E-3 1.32073E-2 1.3361E-2 7.3954E-3
