KUENM_DEFAULT/Final_Models/M_1_F_lqpth_Set_1_NE/sp1_se_asia_avg.asc
ncols         320
nrows         243
xllcorner     44.0
yllcorner     -0.666666666666667
cellsize      0.166666666666667
NODATA_value  -9999
[rows 31 to 61 of 243, columns 70 to 139 of 320]
2.85284E-3 2.66046E-3 2.66511E-3 2.73352E-3 2.74563E-3 2.71848E-3 3.10155E-3 2.98015E-3 2.48602E-3 2.28204E-3 3.02639E-3 3.31189E-3 3.11928E-3 2.77529E-3 2.94731E-3 2.77907E-3 3.12098E-3 3.77711E-3 4.22795E-3 4.69528E-3 4.74977E-3 5.25234E-3 5.30115E-3 5.51427E-3 5.6028E-3 5.02376E-3 5.75575E-3 5.71949E-3 6.11452E-3 6.77548E-3 8.05228E-3 8.68415E-3 9.36891E-3 1.00946E-2 1.29798E-2 1.35128E-2 1.67854E-2 1.59643E-2 1.4704E-2 1.00473E-2 1.1244E-2 8.99477E-3 8.04433E-3 5.0157E-3 3.45336E-3 3.70141E-3 3.48738E-3 2.78929E-3 2.31419E-3 1.99372E-3 1.43968E-3 1.44933E-3 1.10034E-3 1.07492E-3 1.06919E-3 1.13087E-3 1.04218E-3 7.94588E-4 7.89165E-4 9.25679E-4 9.5096E-4 9.45035E-4 8.63414E-4 9.14895E-4 1.08364E-3 1.02194E-3 9.78038E-4 1.16503E-3 1.52123E-3 1.78723E-3
2.59356E-3 2.60027E-3 2.62478E-3 3.0099E-3 2.9486E-3 2.9423E-3 3.20349E-3 3.10161E-3 2.77904E-3 2.24677E-3 2.95121E-3 3.04209E-3 3.16977E-3 2.32939E-3 1.77103E-3 1.83697E-3 2.36842E-3 3.05491E-3 3.57182E-3 4.12377E-3 4.51322E-3 4.70903E-3 5.05298E-3 4.68522E-3 5.28739E-3 5.78932E-3 5.75474E-3 6.13553E-3 5.48897E-3 5.5186E-3 6.96383E-3 7.63827E-3 8.01293E-3 9.18175E-3 1.08013E-2 1.34291E-2 1.41153E-2 1.54197E-2 1.99997E-2 1.82272E-2 1.79385E-2 1.35349E-2 6.34403E-3 5.27159E-3 5.35603E-3 8.71982E-3 6.02213E-3 3.30385E-3 2.35284E-3 1.99827E-3 1.90762E-3 1.46977E-3 1.24754E-3 1.16255E-3 1.02119E-3 1.07191E-3 9.94437E-4 8.07083E-4 8.10101E-4 7.77822E-4 7.77873E-4 7.75658E-4 1.01671E-3 1.01993E-3 9.90447E-4 1.09843E-3 1.12855E-3 1.11694E-3 1.24354E-3 1.13907E-3
2.50889E-3 3.08753E-3 3.12688E-3 3.0552E-3 2.74946E-3 2.23293E-3 2.62781E-3 2.65799E-3 2.40362E-3 2.59365E-3 3.19744E-3 2.96213E-3 2.97229E-3 2.58697E-3 1.98687E-3 1.62851E-3 1.53248E-3 2.37418E-3 2.91291E-3 3.25944E-3 3.56243E-3 4.27876E-3 4.86165E-3 4.41588E-3 4.393E-3 5.75348E-3 6.02948E-3 6.12438E-3 6.38897E-3 6.51799E-3 6.46693E-3 6.47715E-3 7.53057E-3 8.19362E-3 8.60251E-3 9.03156E-3 1.05081E-2 1.36278E-2 1.61736E-2 1.73083E-2 1.9775E-2 1.79114E-2 1.35873E-2 1.26681E-2 9.77793E-3 3.91359E-3 2.5773E-3 2.42802E-3 2.13023E-3 1.99214E-3 1.47433E-3 1.0175E-3 9.35112E-4 8.89514E-4 7.73984E-4 7.5658E-4 7.18497E-4 7.16853E-4 7.53903E-4 6.86216E-4 7.60558E-4 7.82534E-4 8.26486E-4 9.68878E-4 9.1708E-4 1.2313E-3 1.26259E-3 1.09656E-3 1.20206E-3 9.17673E-4
2.96734E-3 2.89229E-3 2.92162E-3 2.78337E-3 2.41572E-3 1.5719E-3 2.31244E-3 2.25727E-3 2.04284E-3 2.63773E-3 3.02546E-3 2.94757E-3 2.63035E-3 2.45156E-3 2.32242E-3 2.09253E-3 1.42372E-3 1.31859E-3 1.98088E-3 2.23602E-3 2.58126E-3 3.31265E-3 3.99254E-3 4.4418E-3 4.29527E-3 5.3959E-3 5.56829E-3 6.23161E-3 6.47362E-3 6.62262E-3 7.19448E-3 7.45192E-3 7.27736E-3 7.58128E-3 6.93394E-3 6.79925E-3 7.45475E-3 1.06726E-2 1.028E-2 9.73225E-3 9.87248E-3 6.57181E-3 4.30025E-3 3.28458E-3 3.61794E-3 2.82788E-3 2.23402E-3 2.41905E-3 1.74554E-3 1.43856E-3 1.22147E-3 1.09448E-3 9.43831E-4 9.38306E-4 8.58613E-4 7.81643E-4 8.89923E-4 7.85432E-4 7.74323E-4 8.60818E-4 9.16214E-4 8.19349E-4 8.38674E-4 1.07134E-3 1.02828E-3 1.06297E-3 1.22361E-3 1.14538E-3 1.07382E-3 1.01448E-3
2.47222E-3 3.13211E-3 3.0696E-3 2.66274E-3 1.99471E-3 1.91625E-3 2.40062E-3 1.97763E-3 1.54954E-3 2.20147E-3 2.78835E-3 2.91272E-3 2.53245E-3 2.26891E-3 2.06557E-3 2.11308E-3 2.09906E-3 1.61553E-3 1.5873E-3 2.26765E-3 2.56862E-3 2.40328E-3 3.15752E-3 3.72753E-3 3.98346E-3 4.61064E-3 4.65496E-3 5.30714E-3 5.87963E-3 6.30639E-3 5.96692E-3 6.35248E-3 6.2163E-3 5.48268E-3 5.41619E-3 5.85867E-3 6.47258E-3 6.55902E-3 6.32813E-3 5.00675E-3 4.572E-3 4.15948E-3 3.90498E-3 3.21659E-3 2.08878E-3 2.2772E-3 2.43978E-3 1.97128E-3 1.29101E-3 1.22486E-3 1.0505E-3 9.57729E-4 9.12455E-4 9.66213E-4 9.86115E-4 9.64701E-4 8.37366E-4 8.38928E-4 7.80601E-4 8.15001E-4 9.06577E-4 9.61042E-4 9.76319E-4 9.67627E-4 9.52513E-4 1.00124E-3 1.24438E-3 1.08305E-3 1.16376E-3 1.09787E-3
2.80527E-3 2.89344E-3 2.66505E-3 2.45596E-3 2.2908E-3 2.95433E-3 3.37013E-3 2.84973E-3 1.53173E-3 1.47481E-3 2.59801E-3 2.66046E-3 2.58245E-3 2.42957E-3 2.16019E-3 2.29105E-3 2.36187E-3 2.24676E-3 1.79601E-3 1.60585E-3 2.1405E-3 2.43952E-3 2.81024E-3 3.23619E-3 2.86645E-3 3.06526E-3 4.23984E-3 4.52908E-3 5.19964E-3 5.6548E-3 5.67339E-3 6.00526E-3 5.40084E-3 4.89702E-3 5.25483E-3 5.60829E-3 5.28822E-3 4.9404E-3 4.37065E-3 4.37906E-3 3.914E-3 3.22535E-3 3.43698E-3 2.25893E-3 2.24794E-3 1.70425E-3 2.18663E-3 1.89643E-3 1.40439E-3 1.17215E-3 1.39748E-3 1.34214E-3 1.23863E-3 9.37698E-4 9.51107E-4 9.69544E-4 8.77018E-4 1.0476E-3 1.15174E-3 1.01892E-3 1.07956E-3 9.14344E-4 1.28098E-3 1.2666E-3 1.1684E-3 1.11131E-3 1.09031E-3 1.03334E-3 1.37102E-3 1.71518E-3
2.86276E-3 2.66556E-3 2.37401E-3 1.75753E-3 1.69334E-3 3.05873E-3 3.54981E-3 3.45363E-3 2.35702E-3 1.08494E-3 1.88475E-3 2.24203E-3 2.19611E-3 2.09984E-3 2.2987E-3 2.20481E-3 2.282E-3 2.16414E-3 2.41031E-3 2.0628E-3 1.82638E-3 2.04567E-3 2.34827E-3 2.1692E-3 2.87222E-3 3.08272E-3 3.81806E-3 4.43789E-3 4.97589E-3 5.33508E-3 5.39495E-3 5.52031E-3 5.19969E-3 5.06822E-3 4.93543E-3 4.95403E-3 4.69392E-3 4.23077E-3 4.082E-3 4.14357E-3 3.19606E-3 2.76412E-3 2.5526E-3 2.40276E-3 1.84523E-3 1.65271E-3 1.97157E-3 1.86649E-3 1.80114E-3 1.56769E-3 1.29971E-3 1.4725E-3 1.26751E-3 1.23651E-3 1.07041E-3 9.24196E-4 1.17191E-3 1.21191E-3 1.53241E-3 1.87631E-3 1.56787E-3 1.09149E-3 1.48058E-3 1.72873E-3 1.62581E-3 1.43877E-3 1.22479E-3 1.72152E-3 1.82501E-3 1.12855E-3
2.95433E-3 2.3447E-3 2.04697E-3 1.56798E-3 1.78124E-3 2.73971E-3 3.3877E-3 3.54325E-3 2.82379E-3 1.47212E-3 1.49225E-3 2.12717E-3 2.19506E-3 1.93303E-3 2.1727E-3 2.30571E-3 2.29908E-3 2.35913E-3 2.39238E-3 2.38542E-3 1.9827E-3 1.85828E-3 1.69183E-3 1.56717E-3 1.90836E-3 1.74206E-3 2.19205E-3 3.61058E-3 4.51869E-3 5.09913E-3 4.91759E-3 4.75297E-3 4.47572E-3 4.66233E-3 4.29076E-3 4.12849E-3 3.80363E-3 3.54316E-3 3.9374E-3 3.96815E-3 4.03338E-3 3.49191E-3 2.65941E-3 2.05646E-3 2.00948E-3 2.3283E-3 2.25464E-3 1.93864E-3 1.36505E-3 1.58216E-3 1.45765E-3 1.21814E-3 1.05275E-3 1.0979E-3 1.27514E-3 1.3527E-3 1.27804E-3 1.21361E-3 1.62059E-3 1.73648E-3 2.3944E-3 1.42742E-3 1.88519E-3 2.57131E-3 1.70315E-3 1.3921E-3 1.39488E-3 1.44609E-3 1.1772E-3 2.10521E-3
2.8413E-3 2.57521E-3 1.7819E-3 1.92052E-3 2.03305E-3 2.47612E-3 3.12882E-3 3.47124E-3 3.37278E-3 2.42544E-3 1.64093E-3 1.95323E-3 2.30311E-3 2.35671E-3 2.38631E-3 2.27227E-3 2.33958E-3 2.15814E-3 2.36313E-3 2.17452E-3 2.20091E-3 1.84107E-3 1.46372E-3 1.30638E-3 1.4348E-3 1.50133E-3 1.62064E-3 2.04337E-3 3.67902E-3 4.31131E-3 4.12796E-3 4.02994E-3 4.0952E-3 4.0806E-3 3.63934E-3 3.72638E-3 3.40962E-3 3.44608E-3 3.57204E-3 3.74632E-3 3.30469E-3 2.85129E-3 2.45396E-3 2.65032E-3 2.26298E-3 2.61618E-3 2.14957E-3 1.93225E-3 2.28834E-3 1.84932E-3 1.59384E-3 1.39421E-3 1.27765E-3 1.19492E-3 1.31999E-3 1.27497E-3 1.68409E-3 1.61469E-3 2.30941E-3 3.32806E-3 2.90167E-3 2.07383E-3 3.10267E-3 2.39148E-3 1.82394E-3 1.40551E-3 1.23469E-3 1.27042E-3 1.50971E-3 2.13464E-3
2.54979E-3 2.66602E-3 2.16133E-3 1.90332E-3 1.81567E-3 1.95819E-3 2.65944E-3 3.24553E-3 3.58622E-3 3.61732E-3 1.7036E-3 1.82736E-3 2.71208E-3 2.8304E-3 2.62873E-3 2.10496E-3 2.21492E-3 1.8608E-3 1.63905E-3 1.72501E-3 1.93889E-3 1.5928E-3 1.31367E-3 1.37392E-3 1.67946E-3 1.7369E-3 1.91212E-3 1.70901E-3 2.992E-3 3.81548E-3 3.67512E-3 3.7445E-3 3.95118E-3 3.53831E-3 3.32072E-3 3.14175E-3 2.7139E-3 2.79122E-3 3.13955E-3 2.73199E-3 2.58332E-3 2.89052E-3 2.8295E-3 2.15365E-3 1.96821E-3 1.95752E-3 2.69819E-3 2.11831E-3 1.4873E-3 1.40579E-3 1.21946E-3 1.18288E-3 1.23879E-3 1.23022E-3 1.65717E-3 2.3805E-3 2.61926E-3 1.5566E-3 3.08793E-3 5.02359E-3 3.44072E-3 3.78881E-3 3.00461E-3 2.7154E-3 1.65036E-3 1.59806E-3 1.87897E-3 2.33141E-3 2.02127E-3 2.19222E-3
1.92715E-3 2.73931E-3 2.43796E-3 1.85606E-3 1.59802E-3 1.70647E-3 2.57459E-3 2.88935E-3 3.05928E-3 3.44704E-3 3.04498E-3 2.63112E-3 3.05556E-3 3.08746E-3 3.12139E-3 2.79818E-3 2.72983E-3 2.41378E-3 1.80103E-3 2.0607E-3 2.02599E-3 1.92911E-3 1.79851E-3 1.33765E-3 1.23712E-3 1.75703E-3 2.12887E-3 2.23132E-3 2.82694E-3 3.34354E-3 3.87209E-3 3.74838E-3 3.58427E-3 3.11408E-3 3.13418E-3 3.12416E-3 2.94176E-3 2.99322E-3 2.78745E-3 2.77205E-3 3.02853E-3 2.93004E-3 3.189E-3 3.10436E-3 2.75114E-3 2.46882E-3 2.4263E-3 1.50831E-3 1.27465E-3 1.21061E-3 1.1145E-3 1.37996E-3 1.35514E-3 1.74449E-3 2.88073E-3 2.99849E-3 2.29542E-3 2.26106E-3 5.46344E-3 6.8065E-3 4.80095E-3 2.97824E-3 4.28316E-3 3.14465E-3 3.19098E-3 2.40926E-3 1.93271E-3 2.14055E-3 1.5422E-3 1.59218E-3
1.94646E-3 2.30553E-3 2.19496E-3 1.95653E-3 1.94159E-3 2.02723E-3 2.44883E-3 2.86565E-3 2.93474E-3 3.04422E-3 3.39603E-3 3.6135E-3 3.22507E-3 3.06353E-3 3.12491E-3 3.07237E-3 2.86799E-3 2.76975E-3 2.34474E-3 2.18376E-3 1.55379E-3 1.34199E-3 1.45599E-3 1.49966E-3 1.30771E-3 1.2141E-3 1.97339E-3 2.17997E-3 2.5291E-3 3.3016E-3 3.74198E-3 3.88846E-3 3.67026E-3 3.08079E-3 2.81675E-3 2.91154E-3 3.16599E-3 2.79569E-3 2.6784E-3 3.41126E-3 3.54175E-3 3.59433E-3 3.42174E-3 2.8528E-3 2.94776E-3 2.65304E-3 2.39071E-3 1.7767E-3 1.66294E-3 1.24071E-3 1.36235E-3 1.52106E-3 1.71445E-3 2.71176E-3 3.87243E-3 3.3356E-3 2.59339E-3 3.15448E-3 6.24707E-3 6.54871E-3 5.21662E-3 7.87578E-3 6.74771E-3 4.86545E-3 3.36006E-3 1.81471E-3 2.97811E-3 2.84495E-3 2.42547E-3 1.98361E-3
1.80625E-3 2.42179E-3 2.36401E-3 1.95997E-3 2.14964E-3 2.04792E-3 2.28713E-3 2.74022E-3 2.56655E-3 2.06579E-3 2.38389E-3 3.52851E-3 3.54604E-3 2.99619E-3 3.07548E-3 2.99692E-3 2.63985E-3 2.71247E-3 2.5974E-3 2.26852E-3 1.92258E-3 1.84157E-3 1.34719E-3 1.33222E-3 1.4185E-3 1.37264E-3 1.78476E-3 1.96863E-3 1.96439E-3 2.97359E-3 3.55415E-3 4.01897E-3 3.20939E-3 2.73324E-3 2.8829E-3 3.39769E-3 3.26637E-3 3.2555E-3 3.46619E-3 3.52493E-3 3.44422E-3 3.15874E-3 3.03502E-3 2.70066E-3 2.22921E-3 2.04597E-3 1.83911E-3 1.89572E-3 1.60592E-3 1.62947E-3 1.65925E-3 1.59591E-3 2.40524E-3 3.15749E-3 4.30583E-3 3.73414E-3 3.86668E-3 4.80726E-3 8.62436E-3 7.52561E-3 1.07399E-2 1.14111E-2 7.46293E-3 4.0981E-3 2.86127E-3 3.35458E-3 4.38527E-3 3.60002E-3 3.62356E-3 2.50459E-3
1.91186E-3 2.41005E-3 2.58405E-3 2.29774E-3 2.34889E-3 2.4258E-3 2.30744E-3 2.75153E-3 2.65857E-3 1.92736E-3 1.61538E-3 3.35499E-3 3.64483E-3 3.20223E-3 3.34232E-3 3.13834E-3 2.58595E-3 2.37767E-3 2.03768E-3 1.89624E-3 1.58055E-3 1.71719E-3 1.81969E-3 1.44693E-3 1.41692E-3 1.52752E-3 1.84411E-3 1.80939E-3 1.76554E-3 1.77141E-3 2.91194E-3 3.64036E-3 3.39184E-3 3.08633E-3 3.25688E-3 3.18149E-3 3.39904E-3 2.91944E-3 3.33111E-3 3.08413E-3 3.32421E-3 1.95321E-3 2.08633E-3 2.50089E-3 2.52425E-3 2.67711E-3 2.2911E-3 2.3611E-3 2.38743E-3 2.06748E-3 1.68804E-3 2.08486E-3 2.96237E-3 3.89101E-3 4.82954E-3 5.20407E-3 6.35545E-3 7.25041E-3 5.3877E-3 6.98379E-3 8.90318E-3 7.25681E-3 6.32014E-3 4.06377E-3 4.09433E-3 7.89219E-3 9.45736E-3 6.53623E-3 4.01073E-3 4.30888E-3
1.40233E-3 2.17546E-3 2.24742E-3 2.25643E-3 2.32064E-3 2.27729E-3 2.37741E-3 2.70146E-3 2.92449E-3 2.66678E-3 2.51152E-3 3.89344E-3 4.00975E-3 3.72228E-3 3.89633E-3 3.35207E-3 3.16751E-3 2.95338E-3 2.52096E-3 2.40311E-3 2.03006E-3 1.59428E-3 1.29675E-3 1.30766E-3 1.63675E-3 1.54947E-3 1.34405E-3 1.77464E-3 2.34896E-3 2.00305E-3 2.20377E-3 3.21727E-3 3.44323E-3 3.53188E-3 3.20989E-3 3.33766E-3 3.17348E-3 3.21481E-3 3.2196E-3 3.17961E-3 3.13423E-3 2.97946E-3 3.43487E-3 3.61483E-3 3.35577E-3 3.34148E-3 3.0387E-3 3.20078E-3 2.79227E-3 2.44753E-3 2.38355E-3 2.87934E-3 3.28318E-3 4.06885E-3 5.05328E-3 5.84844E-3 6.21293E-3 6.11782E-3 4.82916E-3 5.53538E-3 6.04393E-3 7.04172E-3 7.33876E-3 9.60268E-3 9.48778E-3 1.50205E-2 1.25115E-2 1.15407E-2 8.50019E-3 5.64667E-3
1.2327E-3 1.55731E-3 1.38694E-3 2.0443E-3 2.50881E-3 2.57448E-3 2.71204E-3 2.78246E-3 3.1439E-3 3.04126E-3 2.9799E-3 4.14432E-3 4.08562E-3 4.08124E-3 3.97096E-3 3.79535E-3 3.39414E-3 3.0812E-3 2.81112E-3 2.28058E-3 2.12531E-3 1.6838E-3 1.44179E-3 1.29447E-3 1.5978E-3 1.89213E-3 1.41821E-3 1.45381E-3 2.14488E-3 2.247E-3 2.41807E-3 3.06156E-3 3.23468E-3 3.45394E-3 3.3539E-3 3.49166E-3 3.42875E-3 3.63764E-3 3.65525E-3 3.58561E-3 3.31342E-3 3.47532E-3 3.74942E-3 3.39277E-3 3.48375E-3 3.28636E-3 3.26469E-3 2.92287E-3 3.00181E-3 2.75635E-3 3.06849E-3 3.47335E-3 3.88541E-3 4.49091E-3 4.96623E-3 5.94933E-3 6.14926E-3 5.92504E-3 5.39223E-3 7.0635E-3 8.54284E-3 9.99349E-3 1.20173E-2 1.29465E-2 1.52758E-2 1.44231E-2 1.69554E-2 1.6997E-2 1.14105E-2 5.25195E-3
1.17019E-3 1.38506E-3 1.35366E-3 1.44966E-3 2.3366E-3 2.64441E-3 3.23034E-3 3.6187E-3 3.73722E-3 3.74523E-3 3.74821E-3 4.37796E-3 4.08771E-3 4.18364E-3 4.28135E-3 4.1111E-3 3.78009E-3 3.26364E-3 2.92682E-3 2.30558E-3 2.03357E-3 1.79443E-3 1.70886E-3 1.3996E-3 1.32448E-3 1.56567E-3 1.59772E-3 1.35261E-3 1.91518E-3 1.89189E-3 2.24556E-3 2.7825E-3 3.41372E-3 3.56579E-3 3.39303E-3 3.38446E-3 3.30176E-3 3.31239E-3 3.5047E-3 3.47748E-3 3.84018E-3 3.35286E-3 3.43039E-3 3.74381E-3 3.44912E-3 3.54489E-3 3.6339E-3 3.18506E-3 3.26129E-3 3.16461E-3 3.37461E-3 3.72023E-3 4.01779E-3 4.53639E-3 5.18575E-3 5.39517E-3 5.48358E-3 4.70394E-3 6.04307E-3 7.93414E-3 9.57299E-3 1.08894E-2 1.24809E-2 1.38851E-2 1.41904E-2 1.62179E-2 1.94588E-2 1.59206E-2 9.20933E-3 7.39611E-3
9.87508E-4 7.51429E-4 1.24549E-3 1.27775E-3 1.8871E-3 2.77261E-3 3.17904E-3 3.64848E-3 4.32475E-3 4.63757E-3 4.6905E-3 4.27694E-3 4.04367E-3 4.26564E-3 4.27042E-3 4.29566E-3 4.2018E-3 3.53737E-3 2.93727E-3 2.32589E-3 2.01895E-3 1.92362E-3 1.99879E-3 1.69837E-3 1.29276E-3 1.23238E-3 1.56772E-3 1.46547E-3 1.78723E-3 2.07523E-3 2.10218E-3 2.47337E-3 3.16268E-3 3.41659E-3 3.16018E-3 3.15792E-3 3.20052E-3 3.28148E-3 3.32986E-3 3.39968E-3 3.47191E-3 3.86486E-3 3.54647E-3 3.68089E-3 3.71122E-3 3.95811E-3 3.38997E-3 3.38191E-3 3.66335E-3 3.45876E-3 3.65794E-3 3.85175E-3 4.5238E-3 4.75561E-3 5.21932E-3 5.93146E-3 6.38968E-3 6.7514E-3 7.67322E-3 9.06804E-3 1.02033E-2 1.10496E-2 1.2259E-2 1.38386E-2 1.56472E-2 1.58586E-2 1.68834E-2 1.4155E-2 7.60352E-3 8.72267E-3
1.16583E-3 1.01876E-3 9.96348E-4 9.45219E-4 1.58591E-3 2.31632E-3 2.46276E-3 1.98751E-3 2.37769E-3 4.61985E-3 5.09498E-3 4.20149E-3 4.31503E-3 4.42294E-3 4.4963E-3 4.47166E-3 4.24897E-3 3.92472E-3 3.35233E-3 2.73112E-3 2.52381E-3 1.81812E-3 1.57536E-3 2.22824E-3 2.16898E-3 1.77781E-3 1.82834E-3 1.92564E-3 2.1982E-3 2.52682E-3 2.32673E-3 2.48231E-3 3.03268E-3 3.2618E-3 3.22654E-3 3.52119E-3 3.65253E-3 3.77684E-3 3.29535E-3 3.59057E-3 3.71386E-3 3.74914E-3 3.85811E-3 4.09827E-3 3.44025E-3 3.36739E-3 3.5279E-3 3.37513E-3 3.40794E-3 3.76414E-3 4.00452E-3 4.15366E-3 4.30338E-3 4.61378E-3 5.40202E-3 6.75973E-3 7.25337E-3 7.97254E-3 9.88102E-3 9.94959E-3 1.06489E-2 1.15556E-2 1.32448E-2 1.38831E-2 1.57662E-2 1.83807E-2 1.69942E-2 1.61444E-2 1.31252E-2 1.18261E-2
1.64348E-3 1.17166E-3 1.3689E-3 1.08284E-3 1.19099E-3 1.85913E-3 2.53365E-3 2.97021E-3 3.17618E-3 5.59286E-3 5.89371E-3 4.93027E-3 4.73278E-3 4.66405E-3 4.6416E-3 4.63252E-3 4.44711E-3 4.02795E-3 3.6023E-3 2.79103E-3 2.84011E-3 2.72521E-3 2.37432E-3 2.29444E-3 2.39776E-3 2.00089E-3 1.79587E-3 2.22271E-3 2.36634E-3 2.24316E-3 2.58531E-3 2.63196E-3 2.95327E-3 3.46732E-3 3.44078E-3 3.31851E-3 3.57946E-3 3.57319E-3 3.77255E-3 4.05845E-3 4.24715E-3 3.76308E-3 3.88892E-3 3.68141E-3 3.24843E-3 3.36202E-3 3.49611E-3 3.73678E-3 3.89467E-3 3.7189E-3 4.06359E-3 4.38203E-3 4.30338E-3 4.34802E-3 5.06426E-3 5.8321E-3 7.23932E-3 8.5393E-3 9.92253E-3 1.09047E-2 1.13288E-2 1.26872E-2 1.41456E-2 1.56818E-2 1.56999E-2 1.83381E-2 1.51311E-2 1.45012E-2 1.38646E-2 1.18745E-2
1.97127E-3 1.83658E-3 1.55005E-3 1.25257E-3 8.39111E-4 1.16948E-3 2.29141E-3 2.78633E-3 3.35267E-3 4.99951E-3 6.10571E-3 5.37247E-3 5.3723E-3 5.01734E-3 5.31385E-3 5.23747E-3 4.92803E-3 4.02174E-3 3.76356E-3 3.47271E-3 3.14307E-3 3.25241E-3 3.01086E-3 2.29109E-3 2.41497E-3 2.01459E-3 1.36559E-3 2.48811E-3 2.63943E-3 2.38309E-3 2.415E-3 2.97749E-3 2.96399E-3 3.39846E-3 3.21706E-3 3.2922E-3 3.3961E-3 3.68495E-3 3.89261E-3 4.01782E-3 4.30101E-3 4.38363E-3 3.95055E-3 3.90338E-3 3.86544E-3 3.93548E-3 3.59174E-3 3.55886E-3 3.87694E-3 4.13414E-3 4.75276E-3 4.7764E-3 4.38501E-3 4.49191E-3 5.20109E-3 5.57528E-3 6.89002E-3 7.97988E-3 9.60067E-3 1.04119E-2 1.13651E-2 1.37648E-2 1.47016E-2 1.67055E-2 1.85616E-2 1.92014E-2 1.48336E-2 1.28425E-2 1.20716E-2 1.10555E-2
1.52424E-3 2.16632E-3 1.98066E-3 1.54705E-3 1.32029E-3 1.14938E-3 1.78287E-3 2.27465E-3 1.80969E-3 3.92868E-3 5.46678E-3 5.9025E-3 6.99366E-3 6.05048E-3 5.77723E-3 5.87179E-3 5.5455E-3 4.59078E-3 3.86682E-3 3.33582E-3 2.93048E-3 3.10262E-3 3.34576E-3 2.69761E-3 2.58358E-3 2.06814E-3 1.89508E-3 2.49054E-3 2.61489E-3 2.90065E-3 2.8052E-3 2.95453E-3 3.47733E-3 3.41315E-3 3.26711E-3 3.22793E-3 3.40104E-3 3.73296E-3 3.93406E-3 4.30724E-3 4.34254E-3 4.41874E-3 4.59252E-3 3.74309E-3 3.56389E-3 3.802E-3 3.62059E-3 3.69996E-3 4.03859E-3 4.54756E-3 5.11838E-3 4.90323E-3 4.61744E-3 4.7391E-3 4.80367E-3 5.79685E-3 7.22165E-3 8.41604E-3 9.22232E-3 1.07327E-2 1.20078E-2 1.47779E-2 1.68023E-2 1.96379E-2 2.24815E-2 1.88793E-2 1.10332E-2 1.01612E-2 8.90257E-3 1.39317E-2
2.14243E-3 1.64194E-3 2.09514E-3 2.03904E-3 1.8512E-3 1.43021E-3 1.45378E-3 1.70302E-3 1.71948E-3 2.9835E-3 3.91142E-3 5.71416E-3 7.9901E-3 7.95397E-3 7.88955E-3 7.89963E-3 7.38831E-3 5.14473E-3 4.31731E-3 3.6E-3 3.29833E-3 3.14187E-3 3.26092E-3 3.00994E-3 2.66905E-3 2.37525E-3 2.11858E-3 2.03922E-3 2.14114E-3 2.56207E-3 3.20695E-3 3.15553E-3 3.60303E-3 3.50509E-3 3.36784E-3 3.25752E-3 3.61824E-3 3.96375E-3 4.08772E-3 4.01878E-3 3.9182E-3 3.26926E-3 3.47825E-3 3.45288E-3 3.48419E-3 3.72161E-3 4.11649E-3 4.0248E-3 4.15326E-3 4.64198E-3 5.20263E-3 4.97843E-3 4.83612E-3 4.67418E-3 5.17451E-3 6.48294E-3 7.17055E-3 8.40834E-3 9.54858E-3 1.10827E-2 1.25894E-2 1.44664E-2 1.78639E-2 2.01926E-2 2.30249E-2 1.22494E-2 1.14557E-2 8.43773E-3 8.49882E-3 1.45953E-2
2.31333E-3 2.33652E-3 1.88511E-3 1.87531E-3 2.12537E-3 2.26711E-3 1.65375E-3 1.37815E-3 1.60595E-3 1.92125E-3 2.52114E-3 5.20649E-3 7.76316E-3 7.95739E-3 9.77281E-3 1.4704E-2 1.04186E-2 9.71535E-3 5.06318E-3 4.52493E-3 3.99515E-3 3.87884E-3 3.13994E-3 2.84539E-3 2.61148E-3 2.47625E-3 1.90698E-3 1.76736E-3 1.75898E-3 1.8538E-3 3.21861E-3 3.37337E-3 3.85204E-3 3.63359E-3 3.5021E-3 3.46716E-3 3.51827E-3 3.78434E-3 4.23612E-3 3.99767E-3 3.6196E-3 3.24018E-3 3.1844E-3 3.42791E-3 3.57482E-3 3.77156E-3 4.13735E-3 4.66495E-3 4.41339E-3 4.89827E-3 5.44347E-3 5.17128E-3 4.78473E-3 5.01574E-3 5.78382E-3 6.65494E-3 7.72985E-3 8.44735E-3 1.02023E-2 1.15993E-2 1.3418E-2 1.51928E-2 1.8518E-2 1.93272E-2 1.60465E-2 1.28558E-2 1.68306E-2 1.65266E-2 1.59236E-2 2.54283E-2
2.73982E-3 2.62187E-3 2.3085E-3 1.55764E-3 1.64367E-3 2.0277E-3 2.31102E-3 2.09531E-3 1.81907E-3 1.44359E-3 1.72043E-3 3.93423E-3 9.66783E-3 1.48425E-2 1.43372E-2 1.28695E-2 1.31675E-2 1.37697E-2 9.31352E-3 4.81759E-3 4.70577E-3 4.08056E-3 3.4847E-3 2.90754E-3 2.58189E-3 2.38032E-3 1.95727E-3 1.70188E-3 1.9396E-3 1.71553E-3 2.57897E-3 3.87815E-3 4.03454E-3 3.80284E-3 3.84507E-3 3.53365E-3 3.61586E-3 3.99199E-3 4.04513E-3 4.23988E-3 4.05686E-3 4.18754E-3 4.15616E-3 4.03401E-3 3.90953E-3 4.01445E-3 4.58244E-3 4.78347E-3 5.28209E-3 5.18098E-3 5.52249E-3 4.90195E-3 4.71556E-3 5.8616E-3 6.05229E-3 6.63072E-3 8.15639E-3 9.42792E-3 1.05202E-2 1.19296E-2 1.39204E-2 1.64155E-2 1.8531E-2 1.86019E-2 1.0357E-2 1.81152E-2 1.93712E-2 1.84146E-2 1.54146E-2 2.20175E-2
2.65877E-3 2.64435E-3 2.71347E-3 2.53769E-3 2.16844E-3 1.79425E-3 1.96348E-3 2.45491E-3 2.16768E-3 1.79771E-3 1.93633E-3 3.97572E-3 1.2741E-2 1.36474E-2 1.35777E-2 1.29902E-2 1.35699E-2 1.38767E-2 1.28615E-2 8.55132E-3 5.11249E-3 4.36021E-3 3.89373E-3 3.07295E-3 2.72428E-3 2.20899E-3 1.63395E-3 1.6232E-3 1.94361E-3 1.88757E-3 2.77571E-3 4.13545E-3 4.33017E-3 4.14961E-3 4.1085E-3 4.03991E-3 4.05883E-3 3.87582E-3 4.07467E-3 4.40151E-3 4.51729E-3 4.49128E-3 4.44991E-3 4.38313E-3 4.61274E-3 5.1292E-3 4.55757E-3 4.24741E-3 5.28503E-3 6.07621E-3 5.32007E-3 4.91529E-3 5.17855E-3 5.72061E-3 6.9592E-3 7.83834E-3 8.1435E-3 9.40864E-3 1.1497E-2 1.27874E-2 1.47035E-2 1.68667E-2 1.76969E-2 1.46508E-2 1.21607E-2 1.45053E-2 1.66927E-2 1.49714E-2 1.88384E-2 1.58899E-2
2.1983E-3 2.30823E-3 2.54467E-3 2.52418E-3 2.45196E-3 2.61687E-3 2.31209E-3 2.57088E-3 2.70587E-3 2.05063E-3 2.27133E-3 2.57965E-3 4.5123E-3 1.21989E-2 1.24149E-2 1.1858E-2 1.14799E-2 1.307E-2 1.27495E-2 1.17197E-2 5.08415E-3 4.82864E-3 3.93965E-3 3.21389E-3 3.01828E-3 1.83906E-3 1.54045E-3 1.7295E-3 2.08453E-3 1.93184E-3 3.20324E-3 4.38948E-3 4.63972E-3 4.45446E-3 4.29485E-3 4.33521E-3 4.26228E-3 4.07228E-3 4.12428E-3 4.27938E-3 4.40259E-3 4.47178E-3 4.49231E-3 4.60731E-3 4.69884E-3 5.13094E-3 4.23313E-3 4.33986E-3 4.84505E-3 4.83563E-3 4.92848E-3 4.6547E-3 5.65165E-3 6.14158E-3 7.15185E-3 7.70562E-3 9.51573E-3 1.06576E-2 1.11686E-2 1.33924E-2 1.52842E-2 1.75888E-2 1.75448E-2 1.4684E-2 1.27192E-2 1.22008E-2 1.05277E-2 1.1885E-2 1.29945E-2 6.42751E-3
2.01435E-3 1.92E-3 2.12124E-3 2.1543E-3 2.29818E-3 2.24237E-3 2.45893E-3 2.50564E-3 2.4262E-3 2.25532E-3 2.47024E-3 2.47252E-3 2.71655E-3 5.35516E-3 1.18068E-2 1.20294E-2 1.15291E-2 1.08731E-2 1.13259E-2 1.08524E-2 9.3567E-3 4.94616E-3 4.39236E-3 3.9759E-3 3.4219E-3 2.18474E-3 1.47446E-3 1.86413E-3 2.13178E-3 1.72541E-3 2.76286E-3 4.12217E-3 4.94591E-3 4.85892E-3 4.94307E-3 4.79971E-3 4.70968E-3 4.45919E-3 4.42756E-3 4.58717E-3 4.75006E-3 4.62055E-3 4.69301E-3 4.7378E-3 5.03981E-3 4.85535E-3 3.7664E-3 3.90338E-3 3.78839E-3 4.29681E-3 4.76639E-3 4.7243E-3 5.7964E-3 6.65205E-3 7.22052E-3 8.83951E-3 9.14709E-3 1.15498E-2 1.24944E-2 1.38375E-2 1.63991E-2 1.79931E-2 1.75297E-2 1.10771E-2 1.03303E-2 9.14304E-3 1.12889E-2 8.64514E-3 8.69396E-3 8.61184E-3
3.27879E-3 3.04053E-3 3.06327E-3 3.2589E-3 2.2102E-3 2.3936E-3 2.24148E-3 2.34976E-3 3.03154E-3 2.75383E-3 2.82182E-3 2.43712E-3 3.0157E-3 3.64589E-3 9.75309E-3 1.18899E-2 1.14937E-2 1.12618E-2 1.08361E-2 1.10312E-2 1.06094E-2 1.1864E-2 6.68965E-3 4.65072E-3 3.88709E-3 2.62386E-3 2.04016E-3 1.99689E-3 2.30291E-3 1.77847E-3 2.02697E-3 3.6374E-3 4.73957E-3 5.33692E-3 5.28543E-3 5.26557E-3 5.20837E-3 5.15335E-3 5.33364E-3 5.40727E-3 7.18089E-3 5.37214E-3 5.07565E-3 4.7326E-3 4.48337E-3 3.67636E-3 3.49881E-3 3.34771E-3 3.32444E-3 3.64162E-3 3.76585E-3 4.50233E-3 5.51799E-3 6.65205E-3 6.9875E-3 8.55073E-3 9.45205E-3 1.08576E-2 1.2484E-2 1.45004E-2 1.66396E-2 1.6228E-2 1.3521E-2 8.77313E-3 1.41719E-2 1.2645E-2 9.69806E-3 7.50139E-3 8.5621E-3 9.53522E-3
2.81733E-3 3.81731E-3 3.55132E-3 3.39529E-3 3.26996E-3 3.64168E-3 3.66087E-3 3.43913E-3 3.29636E-3 2.99296E-3 2.78247E-3 2.83218E-3 2.93917E-3 2.64054E-3 7.05146E-3 1.09776E-2 1.12593E-2 1.12134E-2 1.09535E-2 1.08753E-2 1.11687E-2 1.21553E-2 1.14437E-2 4.89499E-3 3.71888E-3 2.01624E-3 2.00908E-3 1.79503E-3 2.03705E-3 2.20173E-3 1.84964E-3 2.61281E-3 3.69863E-3 4.84666E-3 5.73034E-3 5.70654E-3 6.45737E-3 6.13563E-3 6.83323E-3 6.92635E-3 5.38295E-3 5.15008E-3 4.52939E-3 4.20906E-3 3.57306E-3 3.27631E-3 2.64646E-3 2.89919E-3 2.73866E-3 3.07498E-3 3.50658E-3 4.27557E-3 4.82667E-3 5.45555E-3 6.71563E-3 8.24281E-3 1.0096E-2 1.06879E-2 1.26815E-2 1.52195E-2 1.63422E-2 1.69915E-2 1.33493E-2 9.16635E-3 1.26886E-2 7.74087E-3 7.1351E-3 5.39636E-3 5.83646E-3 9.95676E-3
3.20544E-3 4.66712E-3 4.02913E-3 3.70822E-3 3.96024E-3 3.87976E-3 3.81344E-3 3.72209E-3 3.31571E-3 3.55382E-3 3.18334E-3 3.2768E-3 3.06654E-3 2.40338E-3 3.74463E-3 6.13785E-3 1.00059E-2 1.06571E-2 1.08047E-2 1.10812E-2 1.08488E-2 1.11839E-2 1.20558E-2 9.00781E-3 4.98E-3 2.25432E-3 1.52177E-3 1.72783E-3 1.82475E-3 1.76163E-3 1.91034E-3 2.37408E-3 2.08665E-3 2.95118E-3 4.78287E-3 5.86722E-3 5.88601E-3 5.52506E-3 5.35458E-3 4.9878E-3 4.98206E-3 4.29694E-3 4.16094E-3 3.81371E-3 3.22807E-3 2.65184E-3 2.25366E-3 2.30888E-3 2.43503E-3 2.62014E-3 2.88276E-3 3.12282E-3 3.3693E-3 4.21887E-3 6.3723E-3 8.91451E-3 9.74679E-3 1.15238E-2 1.28035E-2 1.43299E-2 1.81459E-2 1.59028E-2 1.55203E-2 9.55481E-3 9.86697E-3 5.8437E-3 4.74501E-3 4.83921E-3 5.46312E-3 9.98198E-3
