KUENM_DEFAULT/Final_Models/M_1_F_lqpth_Set_1_NE/sp1_8.asc
ncols         197
nrows         210
xllcorner     56.1666666666667
yllcorner     4.5
cellsize      0.166666666666667
NODATA_value  -9999
[rows 56 to 83 of 210, columns 130 to 194 of 197]
5.37625E-2 2.71184E-2 3.65678E-2 1.91975E-2 1.57056E-2 9.50569E-3 8.53629E-3 5.10944E-3 5.67689E-3 6.9446E-3 6.26043E-3 4.61169E-3 4.88766E-3 3.74518E-3 5.2955E-3 1.69984E-3 2.74726E-3 1.5903E-3 1.58382E-3 1.87855E-3 2.2341E-3 2.8969E-3 4.64914E-3 4.42575E-3 2.26468E-3 2.08182E-3 1.37833E-3 1.63162E-3 1.66193E-3 1.98323E-3 2.3934E-3 2.77442E-3 3.16854E-3 3.19069E-3 2.11534E-3 1.79525E-3 1.76995E-3 1.14671E-3 8.60057E-4 8.68822E-4 1.01738E-3 7.13238E-4 3.44523E-4 2.99014E-4 -9999 -9999 -9999 -9999 -9999 -9999 -9999 -9999 -9999 -9999 -9999 -9999 -9999 -9999 -9999 -9999 -9999 -9999 -9999 -9999 -9999
9.43657E-2 7.91486E-2 4.7701E-2 1.19497E-2 9.18144E-3 1.43079E-2 6.80366E-3 5.79118E-3 8.89962E-3 7.97492E-3 7.50635E-3 7.83345E-3 6.73269E-3 5.97859E-3 6.86803E-3 4.29974E-3 7.11694E-3 3.13674E-3 2.26353E-3 1.87179E-3 3.45846E-3 1.94065E-3 2.97685E-3 6.7313E-3 1.65914E-2 3.22439E-3 2.14062E-3 1.69736E-3 1.52177E-3 1.45602E-3 1.90342E-3 2.49574E-3 2.82254E-3 3.23384E-3 2.98938E-3 2.01725E-3 1.58414E-3 1.5691E-3 1.111E-3 9.36939E-4 7.99939E-4 9.61483E-4 4.14931E-4 3.2977E-4 4.80276E-4 2.69544E-4 -9999 -9999 -9999 -9999 -9999 -9999 -9999 -9999 -9999 -9999 -9999 -9999 -9999 -9999 -9999 -9999 -9999 -9999 -9999
1.19856E-1 1.2269E-1 8.34185E-2 4.13534E-2 2.05512E-2 1.39321E-2 8.40268E-3 5.79383E-3 1.00471E-2 7.9804E-3 6.01327E-3 6.91232E-3 7.20589E-3 6.85645E-3 6.76448E-3 1.09167E-2 1.00294E-2 8.36093E-3 3.67687E-3 1.10349E-3 2.4117E-3 7.17054E-3 4.4313E-3 2.71673E-2 4.81574E-2 2.73582E-2 2.88048E-3 1.84912E-3 2.08488E-3 1.31947E-3 1.4263E-3 1.90212E-3 2.65499E-3 3.02476E-3 3.05232E-3 2.47823E-3 1.80939E-3 1.75202E-3 1.51669E-3 1.44455E-3 9.15838E-4 1.05905E-3 1.21675E-3 5.66865E-4 4.89042E-4 3.59402E-4 2.96278E-4 3.82571E-4 -9999 -9999 -9999 -9999 -9999 -9999 -9999 -9999 -9999 -9999 -9999 -9999 -9999 -9999 -9999 -9999 -9999
1.29906E-1 1.32697E-1 1.01621E-1 7.88E-2 4.62512E-2 3.4853E-2 2.39595E-2 1.53401E-2 6.93784E-3 4.75356E-3 6.02999E-3 5.97534E-3 7.32786E-3 9.92559E-3 9.82465E-3 1.47673E-2 1.27625E-2 9.8975E-3 8.76436E-3 7.79242E-3 1.19925E-2 5.56133E-3 1.46706E-2 7.00934E-2 5.75075E-2 3.85992E-2 1.6681E-2 6.37455E-3 2.77202E-3 2.08117E-3 2.2637E-3 1.99539E-3 1.75221E-3 2.61458E-3 2.72853E-3 2.15809E-3 1.89993E-3 2.27964E-3 2.00535E-3 1.81319E-3 1.66502E-3 1.71909E-3 1.8391E-3 9.11913E-4 8.35805E-4 5.6093E-4 5.38884E-4 5.93495E-4 3.91498E-4 3.44862E-4 -9999 -9999 -9999 -9999 -9999 -9999 -9999 -9999 -9999 -9999 -9999 -9999 -9999 -9999 -9999
1.39183E-1 1.40724E-1 1.21691E-1 1.04693E-1 9.13272E-2 6.93802E-2 4.31508E-2 2.74375E-2 1.04166E-2 3.40662E-3 2.54019E-3 4.01814E-3 7.26556E-3 8.40215E-3 1.44702E-2 1.53174E-2 1.29427E-2 1.53582E-2 1.64752E-2 9.65769E-3 9.70464E-3 1.28916E-2 2.18881E-2 5.53139E-2 3.14182E-2 2.08387E-2 8.86267E-3 2.53221E-3 1.5829E-3 1.74783E-3 2.33418E-3 2.82548E-3 2.48879E-3 1.82787E-3 2.16641E-3 1.56071E-3 1.7455E-3 2.14927E-3 1.51397E-3 1.81565E-3 2.11784E-3 1.8943E-3 2.47756E-3 2.2514E-3 1.49698E-3 8.24332E-4 8.0856E-4 7.8178E-4 8.01852E-4 6.85146E-4 6.88511E-4 4.99565E-4 -9999 -9999 -9999 -9999 -9999 -9999 -9999 -9999 -9999 -9999 -9999 -9999 -9999
1.367E-1 1.39449E-1 1.33126E-1 1.20321E-1 1.07433E-1 9.18375E-2 7.36305E-2 5.13019E-2 2.66538E-2 1.16631E-2 7.7823E-3 5.25764E-3 7.3718E-3 1.02166E-2 1.67617E-2 1.31734E-2 1.21642E-2 1.47916E-2 2.58226E-2 2.01898E-2 2.68146E-2 9.7313E-3 9.54485E-3 3.33865E-2 3.35594E-2 2.9926E-2 2.62369E-2 8.78971E-3 2.28016E-3 2.07979E-3 2.47048E-3 2.37041E-3 2.26331E-3 1.97187E-3 1.67974E-3 1.40731E-3 2.47431E-3 2.45659E-3 1.51579E-3 2.09899E-3 2.60843E-3 2.49797E-3 2.65424E-3 2.35532E-3 2.32252E-3 3.72605E-3 1.53719E-3 2.16682E-3 1.91306E-3 8.68821E-4 9.0681E-4 5.73514E-4 1.59757E-3 -9999 -9999 -9999 -9999 -9999 -9999 -9999 -9999 -9999 -9999 -9999 -9999
1.53967E-1 1.44501E-1 1.40206E-1 1.21472E-1 1.14841E-1 1.16365E-1 9.17886E-2 7.09286E-2 5.08237E-2 3.54633E-2 2.57344E-2 2.05061E-2 1.90599E-2 2.75459E-2 2.36217E-2 2.06528E-2 1.56364E-2 1.35563E-2 1.10373E-2 2.29187E-2 2.09601E-2 1.75113E-2 1.54537E-2 3.9853E-2 1.68519E-2 1.16611E-2 7.53071E-3 9.81015E-3 1.57179E-2 6.83166E-3 5.5479E-3 2.30529E-3 2.2198E-3 2.77839E-3 1.98983E-3 1.55319E-3 5.2867E-3 2.57829E-3 1.62081E-3 1.82265E-3 1.95584E-3 1.87945E-3 1.6929E-3 2.24497E-3 2.27439E-3 2.90758E-3 2.52698E-3 1.72288E-3 1.83478E-3 8.09683E-4 6.89535E-4 6.07653E-4 5.96076E-4 3.13157E-4 4.32551E-4 -9999 -9999 -9999 -9999 -9999 -9999 -9999 -9999 -9999 -9999
4.64486E-1 4.64244E-1 4.357E-1 1.35353E-1 1.31748E-1 1.28889E-1 1.13574E-1 9.41249E-2 7.33558E-2 6.77394E-2 5.67479E-2 4.70327E-2 3.945E-2 5.22928E-2 6.46531E-2 4.12661E-2 2.13861E-2 1.58336E-2 1.47777E-2 1.89161E-2 1.77704E-2 1.98681E-2 1.75457E-2 1.64157E-2 3.86497E-2 3.0778E-2 1.18274E-2 5.96024E-3 5.27806E-3 9.20523E-3 1.3752E-2 5.3306E-3 3.28805E-3 2.75616E-3 2.18987E-3 5.25013E-3 4.99979E-3 1.83583E-3 1.36553E-3 1.2171E-3 1.57518E-3 1.85207E-3 1.44562E-3 1.5626E-3 2.90826E-3 2.67773E-3 3.96102E-3 1.86969E-3 9.69615E-4 7.5766E-4 3.24194E-3 4.15824E-3 5.28274E-4 5.92167E-4 2.77564E-4 2.08542E-4 -9999 -9999 -9999 -9999 -9999 -9999 -9999 -9999 -9999
5.00619E-1 4.69831E-1 4.74045E-1 4.68648E-1 4.44743E-1 4.4614E-1 1.19317E-1 1.0336E-1 9.2415E-2 8.55302E-2 7.94868E-2 6.66218E-2 5.49609E-2 6.0593E-2 5.1002E-2 3.70495E-2 3.32255E-2 2.52503E-2 1.88425E-2 1.60446E-2 2.05461E-2 2.65214E-2 1.46928E-2 1.38056E-2 1.34906E-2 1.34783E-2 1.34163E-2 9.97556E-3 5.3572E-3 1.7075E-2 9.4341E-3 2.56007E-3 1.46031E-3 1.27867E-3 4.24036E-3 7.80228E-3 3.71318E-3 2.58479E-3 2.90303E-3 1.55762E-3 2.12556E-3 3.33946E-3 3.1615E-3 1.86153E-3 4.50473E-3 2.04834E-3 4.64621E-3 4.50283E-3 4.04219E-3 2.7878E-3 3.55998E-3 5.77562E-3 2.55051E-3 3.57004E-3 6.85095E-4 7.56533E-4 1.31903E-3 -9999 -9999 -9999 -9999 -9999 -9999 -9999 -9999
5.00357E-1 4.8935E-1 4.94959E-1 4.77353E-1 4.85711E-1 4.51239E-1 1.27149E-1 1.11463E-1 1.03096E-1 9.45766E-2 8.54052E-2 7.28106E-2 6.09808E-2 6.54785E-2 5.46465E-2 4.02449E-2 3.61049E-2 3.28434E-2 2.51463E-2 2.31571E-2 2.08436E-2 1.3291E-2 9.93341E-3 1.13184E-2 1.28565E-2 1.47038E-2 1.29031E-2 1.06882E-2 8.34873E-3 7.1045E-3 1.85162E-2 9.16665E-3 1.48058E-2 1.44155E-2 2.4663E-2 9.70105E-3 3.46232E-3 4.16766E-3 4.47935E-3 1.40334E-2 3.01498E-3 7.92197E-3 6.16334E-3 3.52183E-3 4.78023E-3 2.1091E-3 1.86628E-3 2.59333E-3 2.98116E-3 3.33523E-3 2.05818E-3 3.92951E-3 7.454E-3 4.5803E-3 4.08182E-3 4.22061E-3 3.61589E-3 6.55669E-3 -9999 -9999 -9999 -9999 -9999 -9999 -9999
5.21145E-1 4.98393E-1 4.61059E-1 4.69732E-1 4.75804E-1 4.39203E-1 1.22248E-1 1.1582E-1 1.08283E-1 9.82926E-2 8.29294E-2 6.90174E-2 6.21594E-2 6.75983E-2 6.55356E-2 5.34511E-2 4.88383E-2 4.19783E-2 3.93452E-2 3.25536E-2 3.05622E-2 2.33109E-2 1.10423E-2 1.18041E-2 1.3772E-2 1.42613E-2 1.22727E-2 8.84919E-3 8.27179E-3 6.50018E-3 5.65802E-3 5.61072E-3 5.38003E-3 3.87542E-3 2.49962E-3 3.31273E-3 2.21834E-3 3.83171E-3 1.80683E-2 4.25578E-3 6.42104E-3 6.71005E-3 3.8741E-2 5.46185E-3 1.63743E-2 1.89691E-2 2.21689E-3 8.63323E-4 2.72883E-3 4.52034E-3 1.7971E-3 1.56138E-3 4.3599E-3 2.90403E-3 4.85578E-3 5.69445E-3 3.01701E-3 3.69314E-3 8.23723E-3 -9999 -9999 -9999 -9999 -9999 -9999
5.36607E-1 5.09367E-1 4.59311E-1 4.62326E-1 4.66014E-1 4.33406E-1 1.24013E-1 1.19442E-1 1.14222E-1 1.02857E-1 8.81159E-2 6.58106E-2 5.97678E-2 6.32665E-2 6.72542E-2 6.22095E-2 5.96057E-2 6.12366E-2 6.44388E-2 5.19313E-2 4.37421E-2 4.33084E-2 4.55303E-2 3.98814E-2 2.2012E-2 1.75952E-2 1.42801E-2 1.19245E-2 1.08253E-2 1.07644E-2 6.52551E-3 5.145E-3 4.72045E-3 2.19785E-3 1.77182E-3 5.39405E-4 5.87276E-4 6.82075E-4 1.11506E-3 1.95378E-3 3.9819E-3 5.65841E-3 6.41927E-3 2.25799E-2 1.92336E-2 2.15699E-2 5.09697E-3 2.06743E-3 4.09028E-3 4.23962E-3 1.83667E-3 1.62406E-3 1.81682E-3 1.46088E-3 2.80565E-3 2.30856E-3 3.89484E-3 8.42381E-3 1.45365E-3 5.75114E-3 -9999 -9999 -9999 -9999 -9999
5.5149E-1 5.2426E-1 4.75267E-1 4.77185E-1 4.78584E-1 4.65257E-1 4.37309E-1 1.2991E-1 1.22988E-1 1.11483E-1 9.97773E-2 8.64847E-2 7.61944E-2 7.36012E-2 7.91154E-2 7.76529E-2 7.49715E-2 7.63191E-2 7.81917E-2 7.10731E-2 6.56267E-2 7.19161E-2 8.20008E-2 8.62562E-2 6.40282E-2 2.56727E-2 2.27371E-2 1.94922E-2 1.46024E-2 2.02828E-2 1.65008E-2 7.85954E-3 7.81351E-3 3.01946E-3 2.68841E-3 1.31594E-3 1.42755E-3 1.69042E-3 2.78092E-3 3.45373E-3 4.98194E-3 6.54269E-3 7.52283E-3 4.70334E-3 5.09006E-3 1.64896E-2 1.19468E-2 1.19099E-2 1.07762E-2 8.80432E-3 9.75176E-3 7.4875E-3 1.57673E-3 9.54417E-4 8.27009E-4 1.58007E-3 6.10205E-3 1.09271E-2 2.86313E-3 3.38973E-3 2.33024E-3 -9999 -9999 -9999 -9999
5.7616E-1 5.19326E-1 4.99528E-1 5.04933E-1 5.12401E-1 5.01224E-1 4.73979E-1 4.45448E-1 4.17466E-1 1.26941E-1 1.17084E-1 1.05387E-1 1.09151E-1 1.08174E-1 1.1056E-1 8.86734E-2 8.40184E-2 8.27553E-2 8.36357E-2 8.23993E-2 8.35215E-2 1.01228E-1 9.26992E-2 8.42799E-2 6.44981E-2 3.92769E-2 2.81872E-2 2.61565E-2 2.6402E-2 2.57293E-2 2.60456E-2 1.49487E-2 1.1464E-2 7.83597E-3 8.21593E-3 6.05903E-3 5.24233E-3 5.03503E-3 5.89156E-3 6.33775E-3 8.59588E-3 1.06925E-2 1.1979E-2 1.25502E-2 1.7293E-2 3.71144E-3 2.74939E-3 1.63245E-3 1.52056E-3 1.14081E-2 2.00938E-3 4.9759E-3 3.66877E-3 6.16206E-3 1.38186E-3 1.82468E-3 1.0545E-2 1.96864E-3 6.91849E-3 2.24867E-3 1.70878E-3 -9999 -9999 -9999 -9999
5.45108E-1 5.33215E-1 5.22381E-1 5.18619E-1 5.3578E-1 5.3231E-1 5.08648E-1 4.81287E-1 4.48527E-1 4.30123E-1 1.31237E-1 1.20943E-1 1.25422E-1 1.20316E-1 1.15825E-1 9.33707E-2 8.838E-2 1.02143E-1 1.0307E-1 1.03074E-1 1.04524E-1 1.05888E-1 9.10302E-2 8.27507E-2 6.8321E-2 5.30752E-2 4.06539E-2 2.95406E-2 3.13066E-2 4.15153E-2 3.98432E-2 3.55678E-2 2.41317E-2 1.28488E-2 9.39707E-3 6.22271E-3 6.51716E-3 6.11469E-3 8.93235E-3 1.31667E-2 1.15222E-2 1.05497E-2 8.22331E-3 1.14713E-2 7.77304E-3 5.31068E-3 9.45721E-3 5.09565E-3 1.74014E-3 2.1884E-3 1.75051E-3 8.54679E-3 6.81528E-3 7.70914E-3 3.65033E-3 6.47498E-3 1.53994E-3 1.24407E-3 7.92124E-3 7.76312E-3 6.3267E-3 1.46374E-3 -9999 -9999 -9999
5.35348E-1 5.31882E-1 5.63529E-1 5.25472E-1 5.3017E-1 5.43364E-1 5.2369E-1 4.97592E-1 4.76791E-1 4.54855E-1 4.45985E-1 1.35569E-1 1.21699E-1 1.08249E-1 1.02089E-1 9.54746E-2 9.73578E-2 1.05597E-1 1.07944E-1 1.09249E-1 1.08682E-1 1.07911E-1 8.99022E-2 8.09819E-2 7.03109E-2 6.81215E-2 5.91415E-2 5.28706E-2 5.239E-2 5.52984E-2 3.20008E-2 6.05347E-2 4.36899E-2 3.48666E-2 2.63898E-2 1.82536E-2 1.33092E-2 1.15314E-2 1.41461E-2 1.8709E-2 2.02446E-2 1.73226E-2 1.25133E-2 3.86564E-3 4.46381E-3 3.33894E-3 1.19802E-2 1.3119E-2 2.99611E-3 5.27069E-3 1.41174E-3 1.47749E-3 1.44748E-3 1.33694E-3 1.30158E-3 1.31043E-3 1.9003E-3 1.45923E-3 1.80095E-3 1.8944E-3 9.45598E-3 3.45247E-3 6.66011E-3 -9999 -9999
5.4518E-1 5.28951E-1 5.65672E-1 5.59427E-1 5.19965E-1 5.20507E-1 5.20286E-1 5.08344E-1 5.03244E-1 4.84784E-1 4.70657E-1 4.50368E-1 1.34907E-1 1.10972E-1 1.03576E-1 1.02834E-1 1.09297E-1 1.14074E-1 1.18622E-1 1.15923E-1 1.16084E-1 1.10643E-1 9.11632E-2 8.16642E-2 8.27676E-2 7.63271E-2 7.02091E-2 6.64104E-2 6.36897E-2 6.56416E-2 6.75633E-2 6.36504E-2 5.31829E-2 5.08609E-2 4.70907E-2 3.54771E-2 2.50178E-2 2.17353E-2 2.28163E-2 2.5348E-2 2.61618E-2 2.02032E-2 1.54605E-2 1.46367E-2 1.7887E-2 1.38601E-2 1.25341E-2 1.56471E-2 1.84182E-2 2.05002E-2 7.82835E-3 1.8272E-3 1.74506E-3 3.47818E-3 1.32922E-3 8.18969E-3 1.374E-2 1.99042E-3 3.53173E-3 2.5096E-3 2.30206E-3 2.06005E-3 1.6747E-3 -9999 -9999
5.54294E-1 5.26959E-1 5.0893E-1 5.00012E-1 5.06241E-1 5.11198E-1 5.19633E-1 5.22054E-1 5.06038E-1 4.9885E-1 4.83088E-1 4.79275E-1 4.73929E-1 1.35789E-1 1.15568E-1 1.08395E-1 1.09679E-1 1.20359E-1 1.34391E-1 1.2848E-1 1.23079E-1 1.17232E-1 1.07099E-1 9.65278E-2 8.65292E-2 8.5688E-2 8.64811E-2 8.01745E-2 7.46029E-2 7.36795E-2 7.41487E-2 6.45203E-2 5.43859E-2 4.87325E-2 5.43406E-2 4.70901E-2 3.83527E-2 3.4276E-2 3.47751E-2 4.12843E-2 5.35966E-2 4.30958E-2 2.39536E-2 1.94142E-2 1.87882E-2 1.76677E-2 2.34401E-2 3.52316E-2 3.90596E-2 2.89805E-2 2.49512E-2 2.13154E-2 2.29474E-2 1.07802E-2 2.7277E-3 7.18392E-3 4.67525E-2 4.21496E-3 4.87306E-3 9.66257E-3 2.65185E-3 1.5691E-3 1.81292E-3 1.27989E-3 -9999
5.40703E-1 5.3231E-1 5.17244E-1 4.97967E-1 5.04454E-1 5.05009E-1 5.08794E-1 5.16299E-1 5.57512E-1 5.41398E-1 4.77989E-1 4.90726E-1 4.95517E-1 4.60642E-1 1.29765E-1 1.15505E-1 1.1701E-1 1.25993E-1 1.26979E-1 1.43832E-1 1.38639E-1 1.26904E-1 1.14074E-1 1.02303E-1 9.3231E-2 1.00885E-1 1.08539E-1 9.66085E-2 8.54072E-2 8.32351E-2 8.22699E-2 6.31087E-2 5.13822E-2 5.2897E-2 6.0543E-2 5.64911E-2 4.94036E-2 4.88671E-2 5.21541E-2 5.54096E-2 6.20501E-2 6.85951E-2 5.98649E-2 3.83087E-2 3.17081E-2 2.79585E-2 2.87103E-2 3.31971E-2 4.30625E-2 4.84565E-2 3.11279E-2 4.4328E-2 2.21763E-2 3.20987E-2 8.05051E-3 2.88568E-2 4.40482E-2 1.33552E-2 2.57947E-2 7.48415E-3 1.9173E-3 1.3828E-3 1.52119E-3 1.36931E-3 -9999
5.23629E-1 5.31508E-1 5.27415E-1 5.01372E-1 4.83412E-1 4.85239E-1 4.79298E-1 4.82929E-1 5.32754E-1 5.16507E-1 4.8424E-1 4.94683E-1 4.91754E-1 4.64724E-1 4.30681E-1 1.34144E-1 4.26389E-1 1.3413E-1 1.31866E-1 4.66602E-1 4.62808E-1 1.36579E-1 1.21346E-1 1.10526E-1 1.0316E-1 1.0566E-1 1.16853E-1 1.03367E-1 9.32831E-2 8.19971E-2 8.33737E-2 8.14543E-2 6.77361E-2 6.96703E-2 7.24517E-2 7.0167E-2 6.22368E-2 6.08944E-2 7.06621E-2 7.27839E-2 7.25288E-2 8.15473E-2 7.19436E-2 5.31362E-2 4.75529E-2 4.49285E-2 4.42728E-2 4.62118E-2 4.32253E-2 4.45089E-2 5.43851E-2 6.99751E-2 4.19251E-2 4.32252E-2 3.47773E-2 3.86364E-2 4.66145E-2 3.65511E-2 1.77438E-2 1.09823E-2 6.27741E-3 1.53419E-3 9.07061E-4 1.19143E-3 8.24178E-4
5.15179E-1 5.23271E-1 5.17403E-1 5.30499E-1 4.82336E-1 4.79939E-1 4.65889E-1 4.61156E-1 4.82275E-1 5.101E-1 5.2381E-1 5.00927E-1 4.94193E-1 4.73236E-1 4.53165E-1 4.53573E-1 4.66108E-1 4.40009E-1 1.36438E-1 4.83808E-1 4.68505E-1 1.40058E-1 1.28128E-1 1.19886E-1 1.11798E-1 9.4748E-2 1.00181E-1 9.50846E-2 9.12749E-2 9.30817E-2 9.68074E-2 9.82967E-2 9.28231E-2 8.85169E-2 8.19524E-2 8.26487E-2 7.15144E-2 7.63201E-2 8.27987E-2 7.88114E-2 7.77033E-2 8.25509E-2 7.75261E-2 6.84198E-2 6.8118E-2 6.48531E-2 7.39699E-2 8.6373E-2 7.6989E-2 6.96088E-2 5.22846E-2 5.02487E-2 5.04537E-2 4.06938E-2 2.23668E-2 1.25202E-2 1.59234E-2 1.97632E-2 1.16568E-2 7.36467E-3 5.85709E-3 4.60786E-3 3.17333E-3 1.15346E-3 7.65673E-4
5.00064E-1 4.91946E-1 5.32712E-1 5.20036E-1 5.03413E-1 5.02602E-1 4.95323E-1 4.84911E-1 5.18121E-1 5.22783E-1 5.21311E-1 5.39199E-1 5.12067E-1 5.04277E-1 4.97812E-1 5.29063E-1 5.18724E-1 4.99167E-1 4.87062E-1 4.85051E-1 4.64729E-1 1.43788E-1 1.39314E-1 1.34186E-1 1.09568E-1 9.81299E-2 1.00498E-1 1.0325E-1 1.07684E-1 1.17946E-1 1.14425E-1 1.11769E-1 1.09855E-1 1.00136E-1 9.04228E-2 8.984E-2 8.5909E-2 9.53057E-2 1.00282E-1 9.67919E-2 9.02755E-2 8.9973E-2 8.87285E-2 9.44356E-2 7.338E-2 6.87079E-2 8.62513E-2 9.95491E-2 5.0502E-2 5.29361E-2 9.66973E-2 6.88681E-2 4.92711E-2 4.08479E-2 3.09936E-2 2.12065E-2 1.72941E-2 1.31719E-2 6.35396E-3 5.048E-3 5.53032E-3 7.32066E-3 6.17633E-3 2.36292E-3 1.1737E-3
4.85308E-1 4.71922E-1 5.12846E-1 5.15435E-1 4.99291E-1 5.32235E-1 5.10831E-1 4.98814E-1 5.20355E-1 5.21034E-1 5.19095E-1 5.35107E-1 5.26364E-1 5.1649E-1 5.15306E-1 5.37168E-1 5.17386E-1 5.01641E-1 4.97274E-1 4.83428E-1 4.67246E-1 4.5648E-1 4.56341E-1 4.21208E-1 1.25433E-1 1.11079E-1 1.04801E-1 1.10143E-1 1.17696E-1 1.24992E-1 1.16957E-1 1.22406E-1 1.16174E-1 1.07706E-1 9.50305E-2 9.81064E-2 1.00547E-1 1.18078E-1 1.14458E-1 1.06302E-1 9.25807E-2 9.40739E-2 9.93921E-2 1.07707E-1 7.68889E-2 6.17511E-2 8.78741E-2 1.14371E-1 1.17826E-1 6.10418E-2 6.47234E-2 1.15778E-1 9.58244E-2 6.9698E-2 5.33433E-2 3.40985E-2 2.33734E-2 1.70182E-2 9.98982E-3 7.78858E-3 7.65449E-3 7.97814E-3 6.20564E-3 3.75886E-3 2.16605E-3
4.66783E-1 4.53927E-1 4.5266E-1 4.82193E-1 4.88822E-1 5.12961E-1 5.34821E-1 4.93445E-1 4.69744E-1 4.96277E-1 4.96911E-1 4.63484E-1 4.95056E-1 5.00265E-1 4.84927E-1 4.94352E-1 4.81519E-1 4.84927E-1 4.92461E-1 4.83548E-1 4.74526E-1 4.73109E-1 4.39832E-1 4.30909E-1 1.34382E-1 1.22975E-1 1.07615E-1 1.03203E-1 1.14181E-1 1.1201E-1 1.11133E-1 1.13062E-1 1.11894E-1 9.98523E-2 9.62781E-2 1.09855E-1 1.18893E-1 1.2732E-1 1.15203E-1 1.044E-1 9.30086E-2 9.57787E-2 1.15364E-1 1.2567E-1 1.29228E-1 1.01576E-1 9.86993E-2 1.09774E-1 1.17586E-1 1.16677E-1 1.26384E-1 1.25286E-1 1.11009E-1 8.88E-2 7.24101E-2 5.73269E-2 3.97957E-2 2.83397E-2 1.75369E-2 1.34385E-2 1.12826E-2 9.80867E-3 7.4041E-3 5.54656E-3 4.02616E-3
4.44822E-1 4.2385E-1 4.04685E-1 1.2369E-1 4.18121E-1 4.558E-1 4.75007E-1 4.64081E-1 4.44894E-1 4.39916E-1 4.51016E-1 4.64228E-1 4.84805E-1 4.71519E-1 4.56114E-1 1.30677E-1 1.269E-1 4.69164E-1 4.90739E-1 4.9021E-1 4.49428E-1 4.5412E-1 4.43386E-1 4.31833E-1 1.34171E-1 1.24432E-1 1.15062E-1 1.11161E-1 1.21692E-1 1.17602E-1 9.76584E-2 1.14313E-1 1.12579E-1 8.96041E-2 9.42078E-2 1.10643E-1 4.46824E-1 4.4822E-1 1.16645E-1 1.06106E-1 1.04681E-1 1.08016E-1 1.0049E-1 1.1077E-1 3.94934E-1 1.00668E-1 1.01736E-1 9.80575E-2 1.03645E-1 1.37201E-1 1.37802E-1 1.26652E-1 1.12244E-1 9.85309E-2 8.65942E-2 7.42348E-2 6.15804E-2 4.14985E-2 3.19462E-2 2.1292E-2 8.0171E-3 1.3301E-2 1.2087E-2 8.60314E-3 7.19634E-3
4.405E-1 4.32189E-1 1.21581E-1 1.12369E-1 4.18418E-1 4.44539E-1 4.41565E-1 4.33799E-1 4.25379E-1 4.32488E-1 4.99971E-1 5.3351E-1 5.2526E-1 5.1156E-1 5.08365E-1 4.37771E-1 1.35479E-1 4.49537E-1 4.59612E-1 4.50015E-1 4.52576E-1 4.53878E-1 4.47729E-1 4.24865E-1 1.30841E-1 1.29511E-1 1.29785E-1 1.28881E-1 1.3396E-1 1.31488E-1 1.15391E-1 1.21422E-1 1.08424E-1 9.20349E-2 9.07741E-2 1.12148E-1 4.60054E-1 4.57833E-1 1.20876E-1 1.11863E-1 1.12914E-1 1.04975E-1 1.03823E-1 1.0697E-1 1.08495E-1 1.05292E-1 1.01858E-1 9.24905E-2 1.08152E-1 1.3649E-1 4.46636E-1 1.35878E-1 1.17264E-1 1.04868E-1 9.78273E-2 8.65425E-2 7.02469E-2 5.57325E-2 4.44876E-2 1.7465E-2 1.34142E-2 1.04676E-2 1.8432E-2 1.63362E-2 1.4741E-2
5.02204E-1 4.82194E-1 4.22404E-1 4.17865E-1 4.43821E-1 4.48154E-1 4.1878E-1 4.23909E-1 4.55789E-1 4.7034E-1 5.12255E-1 3.89411E-1 3.96465E-1 5.77446E-1 5.66358E-1 5.68745E-1 4.89162E-1 4.73818E-1 4.82545E-1 4.62636E-1 4.63556E-1 4.64433E-1 4.43476E-1 4.23693E-1 1.30627E-1 1.31318E-1 4.22888E-1 4.27944E-1 4.25774E-1 1.32598E-1 1.27215E-1 1.32026E-1 1.15395E-1 9.65981E-2 1.00139E-1 1.17614E-1 4.30627E-1 4.29607E-1 1.22507E-1 1.20746E-1 1.11622E-1 1.11505E-1 1.11135E-1 1.03206E-1 1.07451E-1 1.13049E-1 1.14376E-1 1.06004E-1 1.00031E-1 1.1878E-1 4.50073E-1 1.37448E-1 1.19776E-1 1.08087E-1 9.95982E-2 8.75583E-2 7.36771E-2 6.35222E-2 5.86786E-2 2.67859E-2 2.11512E-2 1.59256E-2 1.40197E-2 2.52784E-2 2.42057E-2
5.11339E-1 5.03012E-1 4.79406E-1 4.52194E-1 4.64787E-1 4.88472E-1 4.81575E-1 4.87107E-1 4.72873E-1 4.75083E-1 5.0109E-1 3.80151E-1 4.18586E-1 4.3252E-1 5.6649E-1 5.53684E-1 4.97907E-1 4.97283E-1 5.49263E-1 4.96558E-1 4.8366E-1 4.81524E-1 4.51938E-1 4.54842E-1 1.46334E-1 1.34327E-1 4.36092E-1 4.40377E-1 4.37672E-1 1.31541E-1 1.25137E-1 1.19693E-1 1.22912E-1 1.08491E-1 1.10936E-1 1.26317E-1 4.32675E-1 4.36159E-1 4.13926E-1 1.29668E-1 3.87531E-1 4.00189E-1 3.96716E-1 1.08965E-1 3.8406E-1 4.21738E-1 4.06235E-1 1.1579E-1 1.10698E-1 1.23242E-1 1.37864E-1 1.32992E-1 1.20786E-1 1.08344E-1 9.75768E-2 8.89771E-2 8.29989E-2 7.99269E-2 3.98316E-2 3.63708E-2 2.92183E-2 2.15538E-2 1.90089E-2 3.38476E-2 2.92213E-2
