KUENM_DEFAULT/Final_Models/M_1_F_lqpth_Set_1_NE/sp1_se_asia_avg.asc
ncols         320
nrows         243
xllcorner     44.0
yllcorner     -0.666666666666667
cellsize      0.166666666666667
NODATA_value  -9999
[rows 31 to 61 of 243, columns 140 to 209 of 320]
1.75925E-3 1.91247E-3 2.10947E-3 2.65568E-3 2.86473E-3 3.97302E-3 2.65887E-3 2.31306E-3 3.09709E-3 9.96215E-3 2.48423E-2 2.72712E-2 3.85275E-2 6.9465E-2 1.02745E-1 1.1842E-1 1.11187E-1 1.16832E-1 1.60494E-1 1.70445E-1 2.11629E-1 2.58222E-1 9.49975E-2 2.88571E-1 2.04165E-1 1.23423E-1 1.54768E-1 1.6346E-1 1.73625E-1 4.56869E-2 4.82947E-2 1.46264E-2 1.55698E-2 4.2412E-3 7.11149E-3 4.68414E-3 3.33286E-3 4.78924E-3 5.27233E-3 9.86527E-3 8.05434E-3 1.80337E-2 1.10129E-2 4.56649E-3 4.03043E-3 3.731E-3 5.32959E-3 1.00461E-3 1.60059E-4 1.46929E-4 9.48831E-5 1.31805E-4 2.61315E-4 5.94676E-5 6.77169E-5 5.11715E-5 6.50123E-6 5.06427E-6 5.44048E-6 7.3026E-6 2.35164E-5 5.03778E-5 8.27656E-6 3.5646E-6 5.13297E-6 7.11845E-6 -9999 -9999 -9999 -9999
1.22584E-3 9.44946E-4 5.76351E-4 9.77149E-4 1.9375E-3 3.86005E-3 4.51635E-3 6.96617E-3 6.87047E-3 1.00972E-2 2.09351E-2 2.8433E-2 2.80182E-2 5.11222E-2 8.24551E-2 1.36673E-1 1.413E-1 1.16502E-1 5.19763E-2 6.59509E-2 1.2605E-1 1.48451E-1 2.07924E-1 1.88599E-1 2.59743E-1 2.17128E-1 3.1103E-1 3.16335E-1 2.87379E-1 1.63831E-1 1.29625E-1 6.50677E-2 1.86321E-2 1.15167E-2 1.0042E-2 9.61041E-3 8.64245E-3 5.0243E-3 2.16011E-2 5.09668E-3 1.19714E-2 4.90922E-2 3.14879E-2 3.44417E-2 6.75687E-3 2.63871E-3 2.29661E-3 1.30244E-3 6.5502E-4 4.91048E-4 4.74248E-4 2.26028E-4 1.40553E-4 7.89169E-5 5.22557E-5 6.46118E-5 6.13756E-5 1.26547E-5 6.08478E-6 5.03277E-6 6.14051E-6 7.20232E-6 2.71265E-5 7.52861E-6 4.75856E-6 9.82317E-6 4.68901E-6 5.76146E-6 5.84138E-6 -9999
8.51212E-4 1.92449E-3 2.14457E-3 1.33128E-3 1.93913E-3 1.98031E-3 3.3035E-3 7.1883E-3 6.72534E-3 7.8697E-3 1.17192E-2 2.28371E-2 8.85809E-3 1.26814E-2 3.68424E-2 6.25677E-2 1.82245E-1 1.59527E-1 1.23669E-1 1.05561E-1 8.58362E-2 1.30203E-1 1.4313E-1 1.7253E-1 2.10253E-1 2.95461E-1 3.42808E-1 4.47864E-1 5.00446E-1 3.48584E-1 2.66855E-1 1.78046E-1 1.93048E-2 2.26601E-2 1.53259E-2 8.41356E-3 6.56299E-3 1.17607E-2 1.06431E-2 1.50661E-3 3.53306E-3 1.98195E-2 5.84624E-2 7.43053E-2 3.02417E-2 7.89409E-3 3.19112E-3 2.96031E-3 1.64066E-3 6.86577E-4 8.09622E-5 3.00421E-4 5.07969E-5 2.29488E-5 1.52741E-5 1.95739E-5 3.05839E-5 4.52229E-5 4.13657E-5 5.40527E-5 1.90746E-5 1.27206E-5 1.03958E-5 1.44711E-5 1.36097E-5 1.03995E-5 8.07715E-6 7.31337E-6 7.31508E-6 7.46431E-6
1.27727E-3 1.34879E-3 2.14818E-3 1.35576E-3 1.61598E-3 2.56871E-3 3.54774E-3 4.7081E-3 5.76249E-3 6.78905E-3 1.03179E-2 1.86195E-2 6.75757E-3 1.2164E-2 8.4979E-3 3.9003E-3 9.99837E-3 3.50321E-2 7.08277E-2 1.20944E-1 1.75652E-1 2.2897E-1 2.2978E-1 1.94312E-1 1.90749E-1 2.43855E-1 3.19174E-1 3.97228E-1 4.19411E-1 4.71644E-1 3.74353E-1 3.2833E-1 2.04873E-1 1.99747E-1 2.07445E-2 1.07298E-2 4.16112E-3 6.82873E-2 3.0168E-2 1.61011E-2 1.64862E-2 5.42277E-3 1.22491E-2 5.29878E-2 6.45E-2 2.93129E-2 4.69004E-3 2.85355E-3 3.05865E-3 1.21111E-3 1.46507E-4 4.27776E-4 3.09835E-5 1.634E-5 9.73302E-6 7.8845E-6 7.12644E-6 1.77127E-5 1.24129E-5 3.97087E-5 3.35632E-5 1.1024E-4 2.74372E-5 7.98414E-6 1.59628E-5 1.3954E-5 9.12185E-6 6.29875E-6 -9999 -9999
1.98682E-3 1.92605E-3 2.08197E-3 2.59419E-3 2.91149E-3 3.36829E-3 3.36011E-3 4.4999E-3 5.78098E-3 6.16E-3 1.45587E-2 1.23591E-2 6.82288E-3 1.55633E-2 2.57135E-2 3.9132E-2 4.74524E-2 1.85959E-2 1.10139E-2 1.53066E-2 3.53612E-2 8.63525E-2 2.0771E-1 1.93143E-1 2.52595E-1 2.50927E-1 2.93156E-1 3.27914E-1 4.0817E-1 4.13622E-1 4.8717E-1 3.37511E-1 2.40035E-1 1.98268E-1 2.42786E-2 1.75662E-2 9.53354E-3 1.09704E-1 9.03402E-2 2.1778E-2 1.75599E-2 1.57211E-3 2.41826E-3 5.6023E-3 3.22482E-2 6.11854E-2 3.15503E-2 5.91249E-3 2.74518E-3 4.65477E-3 7.81217E-4 1.46825E-4 7.07199E-5 2.58864E-5 2.27978E-5 1.34363E-5 1.86777E-5 2.60379E-5 4.32565E-5 5.29515E-5 1.79531E-5 1.6085E-5 8.80763E-5 1.19493E-5 8.89462E-6 1.21975E-5 1.20418E-5 1.54477E-5 5.94302E-6 -9999
1.33854E-3 1.96083E-3 2.22482E-3 2.61814E-3 2.94383E-3 2.17948E-3 2.99712E-3 4.38908E-3 4.80804E-3 6.53164E-3 9.52545E-3 9.99344E-3 1.28441E-2 2.4597E-2 6.0648E-2 5.18238E-2 8.53951E-2 1.17413E-1 8.33969E-2 3.95458E-2 4.69506E-2 5.95644E-2 1.24504E-1 2.33978E-1 2.03976E-1 2.57553E-1 2.61676E-1 2.95904E-1 3.41543E-1 3.94017E-1 4.35721E-1 3.68091E-1 3.04255E-1 2.14512E-1 3.80096E-2 3.99464E-2 8.76394E-2 1.3112E-1 8.90736E-2 1.25741E-1 1.23007E-1 3.97429E-2 2.12995E-3 2.18145E-3 2.23987E-3 3.36377E-2 6.12097E-2 3.80938E-2 4.58859E-3 3.77696E-3 5.3293E-3 1.48355E-3 9.35289E-5 2.9019E-5 4.20732E-5 2.89566E-5 4.90027E-5 6.54492E-5 1.20012E-5 2.24968E-5 1.45228E-5 1.05148E-5 3.44509E-5 3.5518E-5 1.04102E-5 7.69194E-6 9.93789E-6 1.31552E-5 1.7477E-5 -9999
1.99702E-3 1.89069E-3 2.46411E-3 2.77647E-3 3.33841E-3 2.52422E-3 2.53612E-3 3.74534E-3 5.25183E-3 8.6912E-3 1.13516E-2 1.19634E-2 1.17435E-2 2.03299E-2 5.01112E-2 1.2877E-1 1.77841E-1 1.49141E-1 1.97648E-1 1.01492E-1 1.30518E-1 1.42911E-1 2.5521E-1 2.54903E-1 3.04143E-1 2.91124E-1 3.00311E-1 3.66038E-1 3.87896E-1 3.42365E-1 4.37072E-1 3.54769E-1 3.37166E-1 2.71681E-1 1.9762E-1 1.52981E-1 1.14038E-1 1.08631E-1 1.71156E-1 1.68602E-1 1.49768E-1 7.92799E-2 6.75707E-3 2.16645E-3 2.03859E-3 1.98145E-3 3.71245E-3 4.17013E-3 3.38416E-3 3.97286E-3 5.84608E-3 4.71103E-3 6.8939E-4 1.31891E-4 4.38707E-5 3.62493E-5 8.61898E-5 1.55993E-4 6.4967E-5 1.69564E-5 2.42299E-5 1.37928E-5 1.87181E-5 1.41861E-5 2.66498E-5 1.04995E-5 8.45227E-6 1.35327E-5 2.04936E-5 -9999
2.31645E-3 1.95442E-3 2.40441E-3 2.32149E-3 3.07089E-3 2.01273E-3 2.58726E-3 2.96222E-3 4.49808E-3 9.32371E-3 1.00687E-2 8.77248E-3 1.81263E-2 2.44306E-2 6.03813E-2 1.28936E-1 1.4611E-1 1.50086E-1 1.60831E-1 1.7943E-1 2.01869E-1 2.80873E-1 3.17693E-1 3.32219E-1 3.79512E-1 3.95571E-1 3.37952E-1 3.76037E-1 3.49088E-1 3.43418E-1 4.32483E-1 3.73258E-1 3.98716E-1 3.58084E-1 3.07664E-1 2.82094E-1 2.83456E-1 1.59976E-1 5.40389E-2 1.349E-1 1.58651E-1 1.24377E-1 6.3597E-2 5.18322E-3 7.34642E-3 1.2431E-3 9.91786E-4 1.97203E-3 3.43856E-3 1.92416E-3 9.35536E-3 7.68609E-3 2.70929E-3 2.33909E-3 1.10335E-3 4.3064E-5 4.8349E-5 2.47732E-4 3.6678E-5 5.23114E-5 4.47638E-5 2.5033E-5 2.0896E-5 2.21205E-5 2.1139E-5 2.27747E-5 1.38227E-5 1.15847E-5 1.34788E-5 -9999
1.32907E-3 2.12434E-3 2.29125E-3 1.30924E-3 1.3343E-3 1.72862E-3 2.0939E-3 2.96017E-3 5.80958E-3 9.01177E-3 7.93471E-3 8.15258E-3 1.74948E-2 3.88495E-2 8.36662E-2 9.95355E-2 1.24895E-1 1.78407E-1 1.58053E-1 1.74289E-1 2.08907E-1 2.38602E-1 2.64509E-1 2.93649E-1 3.07372E-1 3.34663E-1 3.38882E-1 3.32437E-1 3.51992E-1 3.79553E-1 4.09716E-1 4.84085E-1 4.52671E-1 4.34608E-1 3.69335E-1 3.52588E-1 3.37795E-1 2.51789E-1 7.79141E-2 5.2748E-2 2.03429E-1 1.97069E-1 1.59354E-1 7.92983E-2 3.40053E-2 5.56159E-3 6.86937E-3 5.96724E-3 1.744E-3 1.3746E-3 2.84802E-3 5.54591E-3 5.3526E-3 5.37872E-3 9.46522E-4 3.27207E-4 6.7947E-5 9.43811E-5 1.42371E-4 9.25967E-5 9.17618E-5 6.75979E-5 6.61548E-5 3.00707E-5 2.71015E-5 2.1299E-5 2.67301E-5 3.03667E-5 1.85166E-5 3.14243E-5
1.26846E-3 1.54221E-3 1.15961E-3 1.18712E-3 1.40099E-3 1.63036E-3 2.38734E-3 5.72757E-3 7.3318E-3 7.05574E-3 7.06042E-3 9.05269E-3 1.72161E-2 2.59052E-2 4.34151E-2 1.07071E-1 1.61831E-1 1.706E-1 1.76427E-1 1.93026E-1 2.12505E-1 2.3507E-1 2.7234E-1 2.3529E-1 2.49501E-1 3.18743E-1 3.70164E-1 3.73649E-1 3.90323E-1 3.85223E-1 3.93027E-1 4.03375E-1 4.78942E-1 4.49213E-1 4.0877E-1 4.23727E-1 3.8677E-1 3.89708E-1 2.71444E-1 8.403E-2 1.90498E-1 1.67123E-1 6.2409E-2 4.61713E-2 2.92786E-2 1.48574E-2 8.22001E-3 4.24291E-3 4.1855E-3 4.09193E-3 2.89774E-3 2.08217E-3 4.44141E-3 4.51855E-3 5.83267E-3 1.2762E-3 5.33493E-4 1.20293E-4 1.06314E-4 1.55227E-4 1.05555E-4 1.24185E-4 6.96505E-5 5.0401E-5 3.81401E-5 3.23599E-5 2.06155E-5 3.42133E-5 6.42703E-5 2.9113E-5
1.41181E-3 1.32166E-3 1.18936E-3 1.26767E-3 1.42122E-3 1.72732E-3 3.56933E-3 4.82543E-3 7.08505E-3 7.20339E-3 9.33948E-3 1.34897E-2 2.48956E-2 3.89803E-2 7.02979E-2 9.93328E-2 1.51865E-1 1.77481E-1 2.05124E-1 2.52589E-1 2.78592E-1 2.7903E-1 2.56037E-1 2.89758E-1 3.67191E-1 4.26873E-1 3.50495E-1 3.66847E-1 3.57016E-1 3.56786E-1 3.67135E-1 3.70864E-1 3.81324E-1 4.35637E-1 5.45274E-1 4.68191E-1 4.77271E-1 4.27226E-1 4.36986E-1 3.47763E-1 1.97795E-1 7.38455E-2 5.66866E-2 4.28186E-2 3.00403E-2 2.0676E-2 1.27991E-2 6.18793E-3 2.31159E-3 9.26068E-4 1.08359E-3 1.0529E-3 1.15257E-3 1.09347E-3 4.92235E-3 2.69109E-3 8.73774E-4 7.59623E-4 2.18885E-4 1.9302E-4 2.14995E-4 2.74695E-4 1.35039E-4 8.95255E-5 7.06974E-5 9.24929E-5 4.0602E-5 3.71085E-5 3.86178E-5 6.08517E-5
1.7521E-3 1.56673E-3 1.48051E-3 1.4463E-3 1.6192E-3 1.82914E-3 3.57196E-3 4.73761E-3 5.60064E-3 7.30064E-3 9.86358E-3 1.67647E-2 1.85528E-2 2.44946E-2 3.09074E-2 6.54292E-2 1.32513E-1 1.51689E-1 2.09079E-1 2.11754E-1 2.48333E-1 2.92356E-1 2.56327E-1 3.4576E-1 3.75913E-1 3.87445E-1 3.15049E-1 3.44075E-1 3.3326E-1 3.1385E-1 3.0353E-1 3.38861E-1 3.44434E-1 3.70179E-1 4.41325E-1 5.8545E-1 5.1407E-1 5.50267E-1 5.72491E-1 5.22902E-1 4.78366E-1 3.92371E-1 1.14721E-1 7.64343E-2 5.89189E-2 2.9142E-2 1.61553E-2 7.93378E-3 4.36034E-3 1.9275E-3 1.2289E-3 1.10651E-3 1.68893E-3 1.01875E-3 4.09895E-3 3.88728E-3 5.82122E-3 8.37694E-4 9.57671E-4 1.20895E-3 6.15774E-4 2.40746E-4 2.31572E-4 1.80904E-4 1.58376E-4 1.50439E-4 1.82768E-4 1.79312E-4 4.06851E-5 9.29568E-5
2.40524E-3 2.01801E-3 1.77066E-3 1.85266E-3 1.94848E-3 2.09835E-3 4.31871E-3 5.26118E-3 6.79715E-3 9.24111E-3 1.19956E-2 1.64593E-2 1.42482E-2 1.71726E-2 2.96261E-2 6.74665E-2 1.19851E-1 1.42007E-1 2.05205E-1 2.29995E-1 2.48095E-1 2.95812E-1 3.14755E-1 3.45929E-1 3.90214E-1 3.65684E-1 3.36431E-1 2.76374E-1 2.91468E-1 2.71587E-1 3.10316E-1 3.79856E-1 4.23487E-1 4.39764E-1 5.39781E-1 5.7258E-1 6.3883E-1 5.95893E-1 5.64594E-1 5.76806E-1 5.46567E-1 4.81734E-1 4.17631E-1 3.98631E-1 8.78068E-2 7.62888E-2 3.89183E-2 1.71035E-2 9.68284E-3 6.49097E-3 4.39515E-3 2.63585E-3 1.4397E-3 8.62658E-4 7.76636E-4 3.24559E-3 4.54265E-3 4.15801E-3 4.57872E-3 1.99151E-3 7.48079E-4 7.95986E-4 6.22927E-4 4.6574E-4 2.35509E-4 1.8657E-4 1.66112E-4 2.77751E-4 1.15742E-4 7.99847E-5
3.13634E-3 2.38309E-3 2.24653E-3 2.32581E-3 2.28077E-3 3.57881E-3 4.57402E-3 4.78993E-3 7.38246E-3 1.13298E-2 1.35333E-2 1.57939E-2 2.05983E-2 3.02578E-2 4.00883E-2 7.534E-2 1.27813E-1 1.55235E-1 1.9471E-1 2.16768E-1 2.43008E-1 2.24609E-1 2.24633E-1 2.64861E-1 3.36389E-1 3.4857E-1 3.53525E-1 3.23598E-1 2.85192E-1 3.48633E-1 4.70975E-1 4.75124E-1 4.70745E-1 4.93325E-1 5.01361E-1 5.23292E-1 5.58504E-1 5.89933E-1 6.57777E-1 7.02805E-1 5.98779E-1 5.54946E-1 4.72594E-1 4.52121E-1 4.20412E-1 2.69138E-1 7.94123E-2 4.10755E-2 3.04213E-2 1.50866E-2 1.10082E-2 3.56872E-3 7.37904E-4 7.30313E-4 7.37624E-4 7.79653E-4 3.47564E-3 3.41463E-3 4.17363E-3 3.86001E-3 1.086E-3 1.73238E-3 1.24612E-3 1.81635E-3 7.8304E-4 4.73043E-4 4.8635E-4 -9999 -9999 1.38858E-4
3.67627E-3 3.13261E-3 2.78076E-3 2.52919E-3 4.09684E-3 4.66161E-3 5.0183E-3 5.65277E-3 6.97111E-3 1.03405E-2 1.86441E-2 2.05473E-2 3.4442E-2 5.45156E-2 6.27929E-2 9.33808E-2 1.22678E-1 1.4217E-1 1.79841E-1 2.00036E-1 2.02202E-1 2.23254E-1 2.32084E-1 2.63548E-1 2.72482E-1 3.1339E-1 3.27808E-1 3.43596E-1 3.71688E-1 3.88525E-1 4.20958E-1 4.29798E-1 4.1948E-1 4.60002E-1 4.43861E-1 4.99887E-1 5.03942E-1 5.47418E-1 5.63818E-1 6.22406E-1 6.6375E-1 5.95898E-1 5.50809E-1 5.4512E-1 4.88473E-1 4.32365E-1 3.73973E-1 7.39763E-2 5.02863E-2 3.24216E-2 1.60608E-2 7.65185E-3 1.83047E-3 7.55892E-4 7.13072E-4 7.42639E-4 2.7621E-3 2.9595E-3 3.01576E-3 7.81863E-4 3.88662E-3 1.8253E-3 9.01639E-4 1.90916E-3 3.37603E-3 1.43811E-3 7.88033E-4 -9999 -9999 -9999
4.78634E-3 3.88387E-3 3.19826E-3 4.58859E-3 4.73062E-3 5.2514E-3 4.76573E-3 5.76435E-3 8.18789E-3 8.80675E-3 1.98171E-2 3.05177E-2 4.09331E-2 5.57574E-2 7.5491E-2 9.06829E-2 1.15583E-1 1.3466E-1 1.45457E-1 1.58975E-1 1.90645E-1 1.96953E-1 2.06923E-1 2.22145E-1 2.24728E-1 2.36954E-1 2.55507E-1 2.82984E-1 3.46881E-1 3.68838E-1 4.06685E-1 4.18578E-1 4.21871E-1 4.31018E-1 4.00313E-1 4.1756E-1 4.34182E-1 4.94122E-1 5.16083E-1 5.76672E-1 6.50122E-1 6.68964E-1 5.83438E-1 5.54748E-1 4.84955E-1 4.79709E-1 3.96584E-1 3.22327E-1 6.59061E-2 5.70544E-2 2.67248E-2 1.26215E-2 6.38937E-3 1.75193E-3 1.0088E-3 1.44564E-3 1.08468E-3 7.53514E-4 9.74575E-4 8.3501E-4 3.09595E-3 3.25569E-3 1.21006E-3 3.14633E-3 6.05398E-3 6.74982E-3 3.13241E-3 5.49375E-3 -9999 -9999
4.69979E-3 4.83485E-3 6.23103E-3 5.71026E-3 5.80791E-3 6.00013E-3 5.86668E-3 6.2976E-3 7.83285E-3 1.07818E-2 1.58352E-2 2.66027E-2 4.63207E-2 5.39804E-2 7.18462E-2 7.2342E-2 1.13847E-1 1.05556E-1 1.38624E-1 1.53104E-1 1.48506E-1 1.44305E-1 1.49138E-1 1.50069E-1 1.59927E-1 1.76713E-1 2.13691E-1 2.33228E-1 2.68937E-1 3.43895E-1 3.67029E-1 3.78268E-1 3.76974E-1 3.84641E-1 3.82623E-1 3.78381E-1 3.95688E-1 4.13874E-1 4.87294E-1 5.70874E-1 5.99492E-1 6.89528E-1 5.76653E-1 5.6185E-1 4.83365E-1 4.70441E-1 4.18077E-1 3.5765E-1 2.8198E-1 8.10865E-2 4.12968E-2 1.74038E-2 7.10693E-3 6.17866E-3 2.52757E-3 3.46293E-3 4.33302E-3 2.37807E-3 2.05083E-3 1.31117E-3 6.58306E-4 2.18043E-3 2.10956E-3 3.14729E-3 3.05231E-3 3.3757E-3 2.0749E-3 6.99077E-3 -9999 -9999
7.53839E-3 5.17901E-3 8.02335E-3 7.27294E-3 7.29688E-3 6.7681E-3 6.4902E-3 7.12106E-3 8.80387E-3 1.20231E-2 1.77452E-2 2.15095E-2 4.35373E-2 5.34388E-2 6.06178E-2 5.36904E-2 1.06965E-1 1.14359E-1 9.18361E-2 1.23465E-1 1.24261E-1 1.23351E-1 8.98056E-2 9.17247E-2 9.9743E-2 1.3609E-1 1.49038E-1 1.67706E-1 2.22711E-1 2.654E-1 3.38738E-1 3.55778E-1 3.83726E-1 3.56387E-1 3.49714E-1 3.63117E-1 3.74239E-1 3.97962E-1 5.07793E-1 5.43846E-1 5.8839E-1 6.75494E-1 5.74301E-1 5.18494E-1 4.83095E-1 4.57564E-1 4.43621E-1 3.94781E-1 3.55671E-1 3.57442E-1 6.35943E-2 2.4635E-2 7.08296E-3 7.76368E-3 1.06228E-2 6.12207E-3 5.20353E-3 6.77043E-3 3.24947E-3 2.61693E-3 8.2976E-4 2.0623E-3 2.23203E-3 2.2831E-3 2.40878E-3 2.97643E-3 5.59235E-3 7.37997E-3 -9999 -9999
7.75232E-3 1.02397E-2 9.30975E-3 9.0977E-3 8.17985E-3 7.15188E-3 6.97946E-3 7.69764E-3 9.78608E-3 1.1553E-2 1.68922E-2 2.414E-2 3.86305E-2 4.99049E-2 3.79156E-2 4.45419E-2 9.30685E-2 9.90549E-2 8.79428E-2 8.92747E-2 8.45805E-2 8.01109E-2 7.51815E-2 7.80498E-2 8.05394E-2 9.04308E-2 1.03405E-1 1.38724E-1 1.66004E-1 2.27048E-1 2.66632E-1 3.57192E-1 3.57171E-1 3.50417E-1 3.54445E-1 3.54829E-1 3.61884E-1 3.79483E-1 4.48278E-1 5.34405E-1 5.67008E-1 6.96143E-1 5.80024E-1 5.24452E-1 4.7691E-1 4.78639E-1 4.58182E-1 4.30179E-1 4.38669E-1 4.39735E-1 2.90787E-1 6.16349E-2 3.80634E-2 2.88693E-2 1.78169E-2 1.83412E-2 1.08599E-2 9.3916E-3 3.18843E-3 1.1408E-3 9.76379E-4 6.9281E-4 1.11428E-3 1.25898E-3 3.66603E-3 4.86784E-3 7.02265E-3 2.81646E-3 3.24485E-3 -9999
1.01904E-2 1.36535E-2 1.19924E-2 8.95607E-3 7.6427E-3 7.10642E-3 7.627E-3 7.95E-3 8.94505E-3 1.2121E-2 1.53206E-2 2.82403E-2 4.65575E-2 4.44381E-2 4.16111E-2 4.99789E-2 9.06567E-2 9.62835E-2 8.33341E-2 8.30114E-2 8.12133E-2 7.85145E-2 7.35988E-2 7.20028E-2 7.27952E-2 7.4691E-2 8.3301E-2 9.22125E-2 1.39197E-1 1.6806E-1 2.61624E-1 3.06383E-1 3.58514E-1 3.73042E-1 3.71468E-1 3.55062E-1 3.51211E-1 3.69134E-1 3.96223E-1 5.17293E-1 5.57069E-1 5.86476E-1 6.62485E-1 6.91321E-1 5.52029E-1 5.46701E-1 5.182E-1 5.02311E-1 5.07165E-1 4.95973E-1 4.55467E-1 4.11362E-1 7.65003E-2 6.86365E-2 4.42959E-2 3.20431E-2 2.23151E-2 7.52271E-3 2.52746E-3 2.63673E-3 3.37181E-3 3.74113E-3 1.5919E-3 5.145E-4 1.99787E-3 3.38126E-3 2.42514E-3 2.53814E-3 2.02399E-3 -9999
1.55594E-2 1.43214E-2 1.31588E-2 1.03662E-2 8.34838E-3 7.76131E-3 7.00766E-3 7.77752E-3 8.5714E-3 1.16275E-2 1.71683E-2 2.66639E-2 3.689E-2 3.82036E-2 4.75605E-2 5.91205E-2 7.92641E-2 9.29106E-2 8.17026E-2 7.82633E-2 7.79664E-2 7.57502E-2 7.00353E-2 6.78703E-2 6.56571E-2 6.34177E-2 6.55337E-2 7.25339E-2 8.40682E-2 1.3938E-1 2.36309E-1 2.94049E-1 3.74387E-1 3.98718E-1 3.86382E-1 3.64835E-1 3.47542E-1 3.56526E-1 4.15117E-1 4.41328E-1 5.24874E-1 5.45625E-1 5.79119E-1 6.04291E-1 6.2583E-1 6.36434E-1 7.23035E-1 5.94577E-1 5.58418E-1 5.30384E-1 5.47823E-1 5.00467E-1 4.0879E-1 8.1182E-2 1.10002E-1 4.56525E-2 2.27194E-2 8.39287E-3 9.2271E-3 6.71004E-3 2.16069E-3 1.32502E-3 1.40502E-3 1.22604E-3 1.01544E-3 1.36939E-3 1.75048E-3 1.75361E-3 1.70491E-3 1.93829E-3
1.40036E-2 1.12714E-2 1.00129E-2 1.05174E-2 1.00092E-2 9.00951E-3 7.79819E-3 8.15947E-3 9.12452E-3 1.13814E-2 1.69732E-2 2.61072E-2 3.09681E-2 3.95879E-2 4.84378E-2 7.05556E-2 9.21831E-2 9.51499E-2 7.9598E-2 7.45829E-2 7.62324E-2 7.68379E-2 7.14527E-2 6.30374E-2 5.91788E-2 5.71232E-2 5.433E-2 5.69556E-2 6.50308E-2 1.04462E-1 1.86546E-1 2.84899E-1 4.15562E-1 4.36065E-1 3.95776E-1 3.66454E-1 3.48791E-1 3.48908E-1 3.65068E-1 4.03408E-1 4.3708E-1 4.61981E-1 5.21769E-1 5.86983E-1 6.31419E-1 6.65947E-1 6.77713E-1 7.12975E-1 6.24386E-1 5.90718E-1 5.66625E-1 5.27005E-1 4.55538E-1 3.97813E-1 2.56057E-1 1.11436E-1 3.30708E-2 1.55131E-2 6.86881E-3 3.04031E-3 3.18807E-3 1.37588E-3 1.60814E-3 1.19383E-3 2.12086E-3 1.16107E-3 4.33724E-4 1.53499E-3 1.68293E-3 2.34569E-3
1.39123E-2 7.73426E-3 1.10363E-2 1.4703E-2 1.27514E-2 1.01336E-2 6.40689E-3 6.52672E-3 8.23935E-3 1.02431E-2 1.98512E-2 2.79885E-2 3.11903E-2 3.84369E-2 5.57372E-2 8.70193E-2 9.06293E-2 1.11159E-1 8.17234E-2 7.50076E-2 7.04184E-2 7.33214E-2 6.7205E-2 5.88713E-2 5.56361E-2 5.19665E-2 4.72075E-2 4.76778E-2 5.1301E-2 8.52491E-2 1.25002E-1 2.57157E-1 4.03401E-1 4.40414E-1 4.09534E-1 3.51692E-1 3.06206E-1 3.07886E-1 3.45948E-1 3.8557E-1 3.91525E-1 3.85216E-1 4.44223E-1 5.57264E-1 6.2832E-1 6.42604E-1 6.5421E-1 6.8868E-1 7.28926E-1 6.06366E-1 5.71393E-1 5.38674E-1 4.80734E-1 4.42915E-1 4.30905E-1 1.33715E-1 6.12575E-2 1.68329E-2 5.77284E-3 5.19166E-3 1.89266E-3 2.06558E-3 2.85941E-3 2.8309E-3 2.31588E-3 1.43182E-3 9.70353E-4 5.90001E-4 4.95781E-4 1.41418E-3
1.44301E-2 1.24295E-2 1.7458E-2 1.48198E-2 1.13692E-2 8.65624E-3 6.75802E-3 6.62235E-3 8.49276E-3 1.07474E-2 1.89063E-2 2.97664E-2 3.74227E-2 4.71309E-2 7.52309E-2 9.02585E-2 1.02629E-1 9.95814E-2 8.3836E-2 6.61128E-2 6.42978E-2 6.2511E-2 5.72252E-2 5.46524E-2 5.1574E-2 4.9434E-2 4.56385E-2 4.20178E-2 4.47549E-2 6.46368E-2 1.05891E-1 1.93239E-1 3.10382E-1 3.77142E-1 3.16783E-1 2.89243E-1 2.87787E-1 2.79089E-1 3.06507E-1 3.26572E-1 3.6625E-1 3.90831E-1 4.52447E-1 5.45079E-1 5.26058E-1 5.30655E-1 5.71578E-1 5.87158E-1 6.5135E-1 5.96056E-1 5.91726E-1 5.64506E-1 5.47027E-1 4.95238E-1 4.66736E-1 4.45213E-1 1.23213E-1 4.09531E-2 8.23577E-3 3.98698E-3 2.81204E-3 1.88788E-3 2.15805E-3 1.38544E-3 1.6942E-3 1.57609E-3 2.31985E-3 1.13713E-3 5.14777E-4 3.56735E-4
1.60998E-2 8.75834E-3 7.04462E-3 9.61347E-3 1.10151E-2 1.01782E-2 9.34478E-3 6.81324E-3 7.95229E-3 1.55127E-2 2.26916E-2 3.78257E-2 4.76002E-2 6.48573E-2 9.65058E-2 1.07882E-1 1.1833E-1 9.96439E-2 6.7825E-2 6.56055E-2 5.71267E-2 5.39383E-2 5.02698E-2 5.06536E-2 4.94241E-2 4.84502E-2 4.55959E-2 4.27542E-2 4.76444E-2 5.98288E-2 9.63838E-2 1.33047E-1 2.02908E-1 2.615E-1 2.58422E-1 2.32926E-1 2.37084E-1 2.67928E-1 3.05337E-1 2.99658E-1 3.12116E-1 3.64076E-1 4.14175E-1 4.48312E-1 5.03885E-1 5.13387E-1 5.18333E-1 5.72218E-1 6.15721E-1 6.00063E-1 5.67643E-1 5.88178E-1 5.80379E-1 5.54931E-1 5.00067E-1 5.0029E-1 3.92967E-1 9.51112E-2 3.16428E-2 8.21443E-3 3.39757E-3 2.61706E-3 2.32507E-3 1.31121E-3 9.91328E-4 1.24348E-3 1.63375E-3 1.5796E-3 1.179E-3 7.24407E-4
1.26003E-2 9.85557E-3 6.39958E-3 6.86644E-3 1.06638E-2 1.15541E-2 1.15478E-2 9.16483E-3 1.25286E-2 2.47572E-2 3.41684E-2 4.98222E-2 6.05261E-2 8.72467E-2 1.02594E-1 1.1576E-1 1.18577E-1 1.25696E-1 6.8829E-2 5.71592E-2 4.9543E-2 4.91024E-2 4.82232E-2 4.80714E-2 4.87059E-2 4.89409E-2 5.0139E-2 4.75798E-2 4.96126E-2 5.77603E-2 7.19725E-2 9.09638E-2 1.29045E-1 1.75049E-1 1.75347E-1 1.71968E-1 1.73732E-1 1.85211E-1 2.6588E-1 3.0739E-1 3.22341E-1 3.42891E-1 4.10655E-1 4.53602E-1 5.10231E-1 4.98744E-1 4.51366E-1 4.98164E-1 5.83219E-1 6.7596E-1 6.75382E-1 6.17312E-1 6.13205E-1 5.63702E-1 5.53339E-1 5.40161E-1 4.08548E-1 1.08181E-1 6.75085E-2 3.45538E-2 1.05531E-2 6.61909E-3 6.47494E-3 3.12344E-3 9.02044E-4 6.48683E-4 2.03799E-3 2.47491E-3 2.06893E-3 2.63404E-3
1.19678E-2 2.17189E-2 2.4814E-2 1.73302E-2 1.42742E-2 1.54435E-2 1.89947E-2 2.22716E-2 2.57593E-2 3.56057E-2 6.07262E-2 6.83298E-2 8.65189E-2 9.74477E-2 9.52015E-2 1.27813E-1 1.27473E-1 1.34255E-1 7.57875E-2 4.79713E-2 4.24736E-2 4.32096E-2 4.28903E-2 4.44509E-2 5.0072E-2 6.43343E-2 5.21361E-2 5.3638E-2 5.07143E-2 5.48573E-2 6.21272E-2 7.447E-2 8.74005E-2 1.06503E-1 1.15114E-1 1.17972E-1 1.19897E-1 1.61043E-1 2.2396E-1 2.84118E-1 2.96655E-1 3.25531E-1 4.18269E-1 4.58592E-1 5.17286E-1 5.10564E-1 4.48314E-1 4.54593E-1 5.66583E-1 6.00201E-1 6.16977E-1 6.8538E-1 6.58853E-1 6.92057E-1 5.53512E-1 5.15852E-1 4.62315E-1 3.09175E-1 9.97659E-2 7.25846E-2 3.25525E-2 1.46374E-2 8.23988E-3 5.18895E-3 4.16133E-3 1.45192E-3 1.7931E-3 4.30415E-3 8.48451E-3 5.712E-3
1.61648E-2 4.51985E-2 8.15577E-2 1.30397E-1 6.10378E-2 2.46677E-2 2.71995E-2 5.32229E-2 5.50362E-2 7.32132E-2 7.98536E-2 8.73678E-2 1.16743E-1 9.02671E-2 1.27911E-1 1.57514E-1 1.22739E-1 1.1556E-1 6.68166E-2 4.74003E-2 4.38329E-2 4.21714E-2 4.23855E-2 4.31404E-2 4.86089E-2 5.36617E-2 5.26586E-2 4.84185E-2 4.96365E-2 5.0291E-2 5.67771E-2 6.48429E-2 7.59932E-2 8.22821E-2 9.47718E-2 9.71361E-2 1.0351E-1 1.52687E-1 1.93928E-1 2.6444E-1 2.80668E-1 3.08002E-1 4.05125E-1 4.53235E-1 4.67019E-1 5.07451E-1 4.6495E-1 5.22777E-1 5.72894E-1 5.93189E-1 5.89558E-1 6.488E-1 6.38622E-1 6.10989E-1 5.9476E-1 5.69473E-1 5.28272E-1 4.60291E-1 2.98829E-1 9.31396E-2 5.25042E-2 3.2072E-2 2.78989E-2 1.93981E-2 8.19127E-3 1.29043E-2 4.81387E-3 4.64415E-3 2.35429E-3 2.24374E-3
2.17793E-2 4.06169E-2 6.89667E-2 1.02971E-1 1.0193E-1 7.64955E-2 5.86227E-2 7.18789E-2 7.80526E-2 6.2374E-2 7.00249E-2 8.43089E-2 1.05661E-1 1.4718E-1 1.50719E-1 1.33173E-1 1.63387E-1 9.88163E-2 6.91403E-2 5.56322E-2 4.87417E-2 4.56486E-2 4.45049E-2 4.60974E-2 4.59757E-2 4.63157E-2 4.68413E-2 4.63028E-2 4.42532E-2 4.65821E-2 5.34863E-2 6.22768E-2 6.74072E-2 8.27166E-2 8.42592E-2 9.06841E-2 1.05404E-1 1.20605E-1 1.89688E-1 2.19267E-1 2.6329E-1 2.88663E-1 3.40083E-1 4.2391E-1 4.48887E-1 4.62645E-1 4.61348E-1 5.12954E-1 5.62193E-1 5.58303E-1 5.56075E-1 5.7121E-1 5.79889E-1 6.26066E-1 7.12993E-1 6.14884E-1 5.87461E-1 5.08753E-1 4.42863E-1 2.28746E-1 6.92604E-2 4.91379E-2 4.93191E-2 4.57007E-2 3.2889E-2 1.61111E-2 3.11366E-3 2.91016E-3 5.06056E-3 1.92552E-3
3.53835E-2 4.55072E-2 5.02876E-2 5.70777E-2 6.7549E-2 6.56889E-2 7.2901E-2 7.48636E-2 7.32617E-2 7.78288E-2 9.03208E-2 1.15391E-1 1.68505E-1 1.69545E-1 1.79167E-1 1.59975E-1 1.6072E-1 1.03801E-1 8.66417E-2 7.2341E-2 5.76039E-2 4.86966E-2 4.63422E-2 4.43483E-2 4.26546E-2 4.42587E-2 4.34124E-2 4.13029E-2 4.0837E-2 4.4534E-2 4.96287E-2 5.69705E-2 6.89222E-2 7.50163E-2 7.86029E-2 8.98367E-2 1.02076E-1 1.16365E-1 1.31608E-1 1.82441E-1 1.92762E-1 2.29254E-1 3.01626E-1 3.59915E-1 4.25754E-1 4.41713E-1 4.48448E-1 4.66975E-1 5.09336E-1 5.04312E-1 4.80237E-1 4.76123E-1 5.68057E-1 6.31999E-1 6.4653E-1 6.8181E-1 6.28044E-1 5.56349E-1 4.69672E-1 3.96008E-1 1.97229E-1 6.97569E-2 6.4671E-2 7.48545E-2 7.55741E-2 3.61542E-2 1.34634E-2 6.03313E-3 4.34209E-3 2.37175E-3
3.01978E-2 3.64602E-2 4.26814E-2 4.62117E-2 4.67045E-2 4.93432E-2 7.0738E-2 7.38275E-2 8.48491E-2 9.06015E-2 1.07567E-1 1.22509E-1 1.61663E-1 1.80641E-1 1.84169E-1 1.81626E-1 1.48665E-1 1.2218E-1 1.10568E-1 9.48775E-2 6.89076E-2 5.24305E-2 4.48905E-2 4.25477E-2 4.21964E-2 4.18521E-2 4.16383E-2 4.08652E-2 4.06565E-2 4.33462E-2 5.1075E-2 5.94903E-2 7.11982E-2 7.79505E-2 8.04939E-2 8.1391E-2 9.27474E-2 9.30684E-2 9.85274E-2 1.16798E-1 1.33341E-1 1.90208E-1 2.38899E-1 3.13997E-1 3.55838E-1 4.18561E-1 4.41891E-1 4.56681E-1 4.70801E-1 5.02131E-1 4.83923E-1 4.92699E-1 5.82596E-1 6.38134E-1 5.66212E-1 5.90774E-1 7.35643E-1 6.02695E-1 5.0011E-1 4.14672E-1 3.74651E-1 1.99877E-1 8.38039E-2 8.62723E-2 8.41339E-2 5.75716E-2 3.87404E-2 1.54978E-2 1.12846E-2 7.52347E-3
