KUENM_DEFAULT/Final_Models/M_1_F_lqpth_Set_1_NE/sp1_5.asc
ncols         197
nrows         210
xllcorner     56.1666666666667
yllcorner     4.5
cellsize      0.166666666666667
NODATA_value  -9999
[rows 116 to 144 of 210, columns 130 to 194 of 197]
3.59652E-2 3.40768E-2 3.0976E-2 2.90093E-2 2.90211E-2 3.00515E-2 3.15417E-2 3.04658E-2 2.83714E-2 2.89137E-2 3.68829E-2 4.41742E-2 3.38697E-2 2.62581E-2 2.19887E-2 2.06608E-2 1.64709E-2 1.29058E-2 1.24382E-2 1.22567E-2 1.33037E-2 1.35567E-2 1.53881E-2 1.55734E-2 1.60015E-2 1.65339E-2 1.68182E-2 1.82879E-2 2.24596E-2 2.9766E-2 2.02061E-2 1.75528E-2 1.34224E-2 1.05351E-2 9.76178E-3 8.69193E-3 7.23194E-3 6.19973E-3 5.58449E-3 6.35401E-3 6.07377E-3 5.59794E-3 5.21158E-3 4.59147E-3 4.3279E-3 3.6357E-3 3.2474E-3 2.88807E-3 2.69514E-3 2.51996E-3 2.31739E-3 -9999 -9999 -9999 -9999 -9999 -9999 -9999 -9999 -9999 -9999 -9999 -9999 -9999 -9999
3.71788E-2 3.38027E-2 3.77445E-2 3.51214E-2 4.71184E-2 3.44717E-2 3.18039E-2 3.21567E-2 3.50829E-2 4.15365E-2 4.88633E-2 4.23684E-2 3.37798E-2 2.65274E-2 2.26895E-2 1.57057E-2 1.62573E-2 1.32724E-2 1.22484E-2 1.3175E-2 1.39689E-2 1.43277E-2 1.48955E-2 1.58583E-2 1.58265E-2 1.54018E-2 1.65597E-2 2.20604E-2 3.17737E-2 3.08638E-2 2.38668E-2 1.51272E-2 1.07664E-2 9.63424E-3 7.54009E-3 7.45796E-3 5.89352E-3 4.89176E-3 5.91227E-3 6.01786E-3 5.2487E-3 4.64823E-3 4.42678E-3 4.0646E-3 3.50093E-3 2.70966E-3 2.19825E-3 1.78841E-3 1.60197E-3 -9999 -9999 -9999 -9999 -9999 -9999 -9999 -9999 -9999 -9999 -9999 -9999 -9999 -9999 -9999 -9999
3.54888E-2 3.34211E-2 3.61939E-2 4.95873E-2 4.9332E-2 3.59633E-2 3.64745E-2 3.11298E-2 3.14466E-2 4.46624E-2 3.79276E-2 3.82314E-2 3.00709E-2 2.70758E-2 1.72601E-2 1.60786E-2 1.21426E-2 1.15046E-2 1.2376E-2 1.3525E-2 1.54558E-2 1.54383E-2 1.61333E-2 1.67987E-2 1.6137E-2 1.60521E-2 1.64724E-2 1.71021E-2 1.60083E-2 2.52423E-2 1.66255E-2 1.09074E-2 8.82219E-3 8.67115E-3 8.06886E-3 7.37635E-3 5.62336E-3 5.04532E-3 5.69773E-3 5.02903E-3 4.46181E-3 4.0199E-3 3.71946E-3 3.17023E-3 2.54559E-3 2.13695E-3 1.70768E-3 1.33914E-3 -9999 -9999 -9999 -9999 -9999 -9999 -9999 -9999 -9999 -9999 -9999 -9999 -9999 -9999 -9999 -9999 -9999
3.44815E-2 4.03598E-2 3.88306E-2 3.68661E-2 3.52344E-2 3.18663E-2 3.29966E-2 2.94727E-2 3.04645E-2 3.59543E-2 3.09599E-2 3.62748E-2 2.9155E-2 2.55321E-2 1.76356E-2 1.63181E-2 1.23461E-2 1.18094E-2 1.17773E-2 1.36308E-2 1.47178E-2 1.63166E-2 1.74087E-2 1.77827E-2 1.66961E-2 1.6125E-2 1.58814E-2 1.25575E-2 1.34647E-2 1.29897E-2 1.04582E-2 6.94751E-3 7.80782E-3 6.9402E-3 7.66083E-3 6.8993E-3 5.76916E-3 5.2198E-3 4.79003E-3 4.70565E-3 3.79474E-3 3.34262E-3 2.88811E-3 2.46966E-3 2.16654E-3 -9999 -9999 -9999 -9999 -9999 -9999 -9999 -9999 -9999 -9999 -9999 -9999 -9999 -9999 -9999 -9999 -9999 -9999 -9999 -9999
3.53012E-2 4.0044E-2 3.94026E-2 3.84947E-2 3.57856E-2 3.16788E-2 3.27344E-2 3.67829E-2 4.01091E-2 3.2873E-2 3.35203E-2 3.1145E-2 3.20635E-2 2.65937E-2 1.7497E-2 1.18866E-2 1.20408E-2 1.16864E-2 1.21398E-2 1.28229E-2 1.51565E-2 1.77068E-2 1.7643E-2 1.80111E-2 1.8241E-2 1.7009E-2 1.38522E-2 1.24961E-2 1.01706E-2 1.09835E-2 7.87886E-3 5.60735E-3 7.16792E-3 7.43012E-3 6.56723E-3 5.98014E-3 5.58121E-3 4.7305E-3 4.19623E-3 4.19008E-3 3.28862E-3 2.79993E-3 2.42537E-3 -9999 -9999 -9999 -9999 -9999 -9999 -9999 -9999 -9999 -9999 -9999 -9999 -9999 -9999 -9999 -9999 -9999 -9999 -9999 -9999 -9999 -9999
4.15955E-2 4.10352E-2 4.03036E-2 3.87303E-2 3.76829E-2 3.5073E-2 3.54421E-2 2.98187E-2 3.77917E-2 3.17664E-2 3.14801E-2 2.41123E-2 2.57602E-2 2.07652E-2 1.28336E-2 1.13968E-2 9.91013E-3 1.09859E-2 1.28658E-2 1.30924E-2 1.44018E-2 1.72352E-2 1.76426E-2 1.80225E-2 1.90297E-2 1.76472E-2 1.35231E-2 1.05756E-2 9.31929E-3 8.12105E-3 6.09847E-3 5.25523E-3 6.11275E-3 6.66766E-3 5.6422E-3 5.18246E-3 4.99577E-3 4.18954E-3 3.62797E-3 3.69531E-3 3.04297E-3 2.48896E-3 2.17765E-3 -9999 -9999 -9999 -9999 -9999 -9999 -9999 -9999 -9999 -9999 -9999 -9999 -9999 -9999 -9999 -9999 -9999 -9999 -9999 -9999 -9999 -9999
4.19677E-2 5.68337E-2 5.64476E-2 5.46416E-2 4.0067E-2 3.7969E-2 4.05037E-2 3.91715E-2 2.99777E-2 2.93111E-2 2.60192E-2 2.11137E-2 1.68326E-2 1.40013E-2 1.14299E-2 1.00081E-2 1.13908E-2 1.24104E-2 1.40033E-2 1.36621E-2 1.58682E-2 1.78499E-2 1.55299E-2 1.59688E-2 1.78301E-2 1.48174E-2 1.15587E-2 9.52788E-3 7.91873E-3 6.4943E-3 5.0032E-3 4.37918E-3 5.34668E-3 5.71113E-3 5.02349E-3 4.33871E-3 4.46873E-3 3.79823E-3 2.9109E-3 3.30851E-3 2.59451E-3 2.18148E-3 -9999 -9999 -9999 -9999 -9999 -9999 -9999 -9999 -9999 -9999 -9999 -9999 -9999 -9999 -9999 -9999 -9999 -9999 -9999 -9999 -9999 -9999 -9999
4.06341E-2 5.16073E-2 5.29042E-2 5.57647E-2 4.08181E-2 3.66564E-2 3.54904E-2 3.4394E-2 3.20572E-2 4.25532E-2 2.42435E-2 2.15288E-2 1.82282E-2 1.58338E-2 1.18214E-2 1.07269E-2 1.21005E-2 1.74539E-2 1.86478E-2 1.63003E-2 1.58532E-2 1.67898E-2 1.28795E-2 1.20124E-2 1.34497E-2 1.13439E-2 1.01299E-2 8.15498E-3 6.52051E-3 4.81362E-3 4.17461E-3 4.69689E-3 5.49793E-3 5.09405E-3 4.54316E-3 4.1868E-3 3.81398E-3 3.6643E-3 3.32914E-3 3.14422E-3 2.42094E-3 2.20384E-3 -9999 -9999 -9999 -9999 -9999 -9999 -9999 -9999 -9999 -9999 -9999 -9999 -9999 -9999 -9999 -9999 -9999 -9999 -9999 -9999 -9999 -9999 -9999
3.58308E-2 3.41121E-2 4.39992E-2 7.07808E-2 4.11916E-2 3.54977E-2 3.55617E-2 3.37518E-2 2.94397E-2 2.62285E-2 2.49832E-2 2.3189E-2 2.0224E-2 1.86564E-2 1.60229E-2 1.58588E-2 1.41112E-2 1.6138E-2 1.6409E-2 1.34428E-2 1.06075E-2 1.14421E-2 1.08896E-2 1.1101E-2 1.02926E-2 9.55305E-3 8.23406E-3 7.27881E-3 5.7092E-3 4.64746E-3 3.70336E-3 3.92314E-3 5.02342E-3 4.21642E-3 3.63884E-3 3.79037E-3 3.18248E-3 3.04944E-3 2.98868E-3 2.61872E-3 2.37946E-3 -9999 -9999 -9999 -9999 -9999 -9999 -9999 -9999 -9999 -9999 -9999 -9999 -9999 -9999 -9999 -9999 -9999 -9999 -9999 -9999 -9999 -9999 -9999 -9999
3.9691E-2 3.05988E-2 4.21807E-2 4.77658E-2 3.28475E-2 2.44348E-1 2.37305E-1 3.18205E-2 2.91764E-2 2.60043E-2 2.43907E-2 2.37713E-2 2.2637E-2 2.23179E-2 1.90667E-2 2.01269E-2 1.62248E-2 1.7199E-2 1.56813E-2 1.56802E-2 1.11181E-2 1.20564E-2 1.11786E-2 8.65288E-3 7.54103E-3 7.17707E-3 7.27252E-3 5.90542E-3 5.37315E-3 4.7393E-3 3.69524E-3 4.93098E-3 4.38772E-3 3.77448E-3 3.19113E-3 2.9129E-3 2.98976E-3 2.79407E-3 2.56372E-3 2.46252E-3 -9999 -9999 -9999 -9999 -9999 -9999 -9999 -9999 -9999 -9999 -9999 -9999 -9999 -9999 -9999 -9999 -9999 -9999 -9999 -9999 -9999 -9999 -9999 -9999 -9999
2.91404E-2 2.38387E-2 2.68707E-2 2.97575E-2 2.70532E-2 2.43353E-1 2.18947E-1 2.01371E-1 2.43882E-2 2.22886E-2 2.09875E-2 1.9435E-2 1.95888E-2 2.21918E-2 2.36038E-2 2.71241E-2 2.37702E-2 1.70651E-2 1.85336E-2 1.74984E-2 1.35866E-2 1.07587E-2 9.26216E-3 7.81742E-3 6.04863E-3 6.03972E-3 6.50942E-3 5.62492E-3 5.49795E-3 4.39272E-3 4.19313E-3 4.59571E-3 4.05044E-3 3.53064E-3 3.09505E-3 2.75937E-3 2.65745E-3 2.532E-3 2.42133E-3 -9999 -9999 -9999 -9999 -9999 -9999 -9999 -9999 -9999 -9999 -9999 -9999 -9999 -9999 -9999 -9999 -9999 -9999 -9999 -9999 -9999 -9999 -9999 -9999 -9999 -9999
3.17128E-2 2.75792E-2 2.38305E-2 2.82253E-2 3.11296E-2 2.16045E-1 2.10933E-1 1.99541E-1 2.63675E-1 2.03557E-2 1.76836E-2 1.64666E-2 1.70611E-2 2.28822E-2 1.94957E-1 1.88552E-1 2.08761E-2 2.2153E-2 1.69117E-2 1.56221E-2 1.68298E-2 1.18285E-2 7.75379E-3 7.10776E-3 5.16717E-3 5.66672E-3 6.08255E-3 5.78028E-3 4.69783E-3 4.23817E-3 3.84908E-3 3.99917E-3 3.31215E-3 2.74235E-3 2.64316E-3 2.58089E-3 2.60506E-3 2.40226E-3 -9999 -9999 -9999 -9999 -9999 -9999 -9999 -9999 -9999 -9999 -9999 -9999 -9999 -9999 -9999 -9999 -9999 -9999 -9999 -9999 -9999 -9999 -9999 -9999 -9999 -9999 -9999
2.41255E-2 3.72243E-2 3.8784E-2 3.22238E-2 3.67231E-2 2.6872E-1 2.14083E-1 1.80529E-1 2.06461E-2 1.87109E-2 1.63336E-2 1.45196E-2 1.73729E-2 2.67028E-2 2.8191E-2 2.6563E-2 2.75377E-2 2.15171E-2 1.02562E-2 1.62772E-2 1.48164E-2 9.74682E-3 9.31202E-3 6.34365E-3 7.26899E-3 5.91278E-3 5.53019E-3 5.01997E-3 4.01532E-3 4.07666E-3 3.74416E-3 3.04985E-3 2.3755E-3 2.31103E-3 2.22543E-3 2.27356E-3 2.31401E-3 -9999 -9999 -9999 -9999 -9999 -9999 -9999 -9999 -9999 -9999 -9999 -9999 -9999 -9999 -9999 -9999 -9999 -9999 -9999 -9999 -9999 -9999 -9999 -9999 -9999 -9999 -9999 -9999
3.73522E-2 2.36434E-2 2.39319E-2 4.37662E-2 4.84525E-2 4.82597E-2 4.82681E-2 2.46038E-1 3.1574E-2 2.0891E-2 1.85031E-2 1.63595E-2 1.56643E-2 2.32002E-2 2.3524E-2 2.39322E-2 2.7664E-2 2.17007E-2 1.03989E-2 1.57498E-2 1.40454E-2 1.19221E-2 8.49359E-3 7.24426E-3 6.65029E-3 5.12396E-3 5.12071E-3 5.33732E-3 3.54296E-3 3.45973E-3 2.38458E-3 2.13872E-3 2.03568E-3 1.96619E-3 1.98988E-3 -9999 -9999 -9999 -9999 -9999 -9999 -9999 -9999 -9999 -9999 -9999 -9999 -9999 -9999 -9999 -9999 -9999 -9999 -9999 -9999 -9999 -9999 -9999 -9999 -9999 -9999 -9999 -9999 -9999 -9999
3.90835E-2 2.55011E-2 2.64064E-2 2.84215E-2 2.22761E-1 2.15527E-1 3.25003E-1 3.21868E-1 3.0021E-1 2.87771E-2 2.64629E-2 1.75673E-2 1.62732E-2 2.21354E-2 2.17676E-2 2.12787E-2 2.01952E-2 2.2788E-2 1.89587E-2 1.64892E-2 1.43224E-2 1.1817E-2 9.11456E-3 6.79509E-3 6.13294E-3 5.23045E-3 4.67097E-3 4.22234E-3 3.43049E-3 2.68126E-3 2.25262E-3 1.86228E-3 1.69508E-3 1.70575E-3 -9999 -9999 -9999 -9999 -9999 -9999 -9999 -9999 -9999 -9999 -9999 -9999 -9999 -9999 -9999 -9999 -9999 -9999 -9999 -9999 -9999 -9999 -9999 -9999 -9999 -9999 -9999 -9999 -9999 -9999 -9999
3.9383E-2 4.43163E-2 3.17655E-1 3.39682E-1 3.50291E-1 3.50406E-1 3.54705E-1 3.46151E-1 3.38391E-1 3.05821E-1 3.00625E-2 2.67859E-2 1.84656E-2 1.74709E-2 2.16271E-2 2.07641E-2 1.99549E-2 1.76832E-2 2.20179E-2 1.70796E-2 1.34073E-2 1.28424E-2 9.67633E-3 8.95937E-3 6.2963E-3 5.55103E-3 4.03967E-3 3.43007E-3 2.85185E-3 2.525E-3 2.22135E-3 1.81447E-3 1.54288E-3 -9999 -9999 -9999 -9999 -9999 -9999 -9999 -9999 -9999 -9999 -9999 -9999 -9999 -9999 -9999 -9999 -9999 -9999 -9999 -9999 -9999 -9999 -9999 -9999 -9999 -9999 -9999 -9999 -9999 -9999 -9999 -9999
4.0421E-2 2.99684E-1 3.26289E-1 2.33952E-1 2.42316E-1 2.97874E-1 2.85174E-1 3.63176E-1 3.57399E-1 3.34376E-1 2.36222E-1 3.02548E-2 2.70187E-2 1.85589E-2 2.22827E-2 2.11067E-2 1.93569E-2 2.33588E-2 2.01119E-2 9.46869E-3 7.63752E-3 1.26346E-2 1.12553E-2 7.98383E-3 5.23054E-3 4.81504E-3 3.93418E-3 3.23448E-3 2.85972E-3 2.41154E-3 2.11685E-3 1.92988E-3 -9999 -9999 -9999 -9999 -9999 -9999 -9999 -9999 -9999 -9999 -9999 -9999 -9999 -9999 -9999 -9999 -9999 -9999 -9999 -9999 -9999 -9999 -9999 -9999 -9999 -9999 -9999 -9999 -9999 -9999 -9999 -9999 -9999
4.17626E-2 3.42662E-1 2.80515E-1 2.36347E-1 2.46146E-1 2.40462E-1 2.86964E-1 2.95862E-1 3.01091E-1 2.73098E-1 2.45599E-1 2.24574E-1 3.10783E-1 2.67195E-2 2.27348E-2 1.47967E-2 1.80088E-2 2.16138E-2 1.81942E-2 1.46274E-2 6.82575E-3 1.10957E-2 9.71379E-3 7.12323E-3 6.46747E-3 4.35873E-3 3.38843E-3 3.16953E-3 3.17398E-3 2.88896E-3 -9999 -9999 -9999 -9999 -9999 -9999 -9999 -9999 -9999 -9999 -9999 -9999 -9999 -9999 -9999 -9999 -9999 -9999 -9999 -9999 -9999 -9999 -9999 -9999 -9999 -9999 -9999 -9999 -9999 -9999 -9999 -9999 -9999 -9999 -9999
4.35332E-2 3.40829E-1 2.86499E-1 2.94986E-1 2.43534E-1 2.50014E-1 3.01127E-1 2.37536E-1 1.9818E-1 2.12287E-1 2.40424E-1 2.34576E-1 2.23142E-1 3.61764E-2 2.16951E-2 1.41117E-2 1.24559E-2 1.57188E-2 1.3429E-2 1.40591E-2 1.13289E-2 9.36812E-3 8.54971E-3 4.72074E-3 5.89032E-3 4.06121E-3 3.36761E-3 3.08407E-3 -9999 -9999 -9999 -9999 -9999 -9999 -9999 -9999 -9999 -9999 -9999 -9999 -9999 -9999 -9999 -9999 -9999 -9999 -9999 -9999 -9999 -9999 -9999 -9999 -9999 -9999 -9999 -9999 -9999 -9999 -9999 -9999 -9999 -9999 -9999 -9999 -9999
2.9458E-1 3.22532E-1 3.40933E-1 2.90975E-1 3.07613E-1 3.04074E-1 3.06352E-1 2.99383E-1 2.27483E-1 2.12797E-1 2.50547E-1 2.43487E-1 2.18686E-1 3.3601E-2 2.13972E-2 1.4144E-2 1.25261E-2 1.47835E-2 1.36103E-2 1.04187E-2 8.33385E-3 9.68419E-3 8.43472E-3 5.94198E-3 7.2804E-3 4.61618E-3 2.81268E-3 2.73222E-3 -9999 -9999 -9999 -9999 -9999 -9999 -9999 -9999 -9999 -9999 -9999 -9999 -9999 -9999 -9999 -9999 -9999 -9999 -9999 -9999 -9999 -9999 -9999 -9999 -9999 -9999 -9999 -9999 -9999 -9999 -9999 -9999 -9999 -9999 -9999 -9999 -9999
2.98029E-1 3.1162E-1 3.40897E-1 3.62052E-1 3.68506E-1 3.67983E-1 2.6268E-1 3.74302E-1 3.60684E-1 3.39412E-1 3.22243E-1 3.016E-1 2.74195E-1 2.47091E-1 1.65431E-1 1.7804E-2 1.5248E-2 1.82638E-2 1.13174E-2 9.73443E-3 8.13482E-3 6.63826E-3 7.66642E-3 6.78831E-3 6.03924E-3 3.98783E-3 2.60578E-3 2.55826E-3 -9999 -9999 -9999 -9999 -9999 -9999 -9999 -9999 -9999 -9999 -9999 -9999 -9999 -9999 -9999 -9999 -9999 -9999 -9999 -9999 -9999 -9999 -9999 -9999 -9999 -9999 -9999 -9999 -9999 -9999 -9999 -9999 -9999 -9999 -9999 -9999 -9999
2.086E-1 3.23423E-1 3.44836E-1 3.58258E-1 3.62915E-1 2.48912E-1 2.51918E-1 2.48347E-1 3.55924E-1 3.46792E-1 2.18631E-1 2.87145E-1 2.59281E-1 2.35483E-1 2.07686E-1 2.2369E-2 1.79203E-2 1.51783E-2 1.32028E-2 1.17636E-2 9.81002E-3 7.57716E-3 6.62244E-3 4.09433E-3 3.58083E-3 2.5507E-3 2.16298E-3 -9999 -9999 -9999 -9999 -9999 -9999 -9999 -9999 -9999 -9999 -9999 -9999 -9999 -9999 -9999 -9999 -9999 -9999 -9999 -9999 -9999 -9999 -9999 -9999 -9999 -9999 -9999 -9999 -9999 -9999 -9999 -9999 -9999 -9999 -9999 -9999 -9999 -9999
2.17042E-1 2.25882E-1 2.36795E-1 2.41568E-1 2.38251E-1 2.41095E-1 2.34883E-1 2.32195E-1 3.34587E-1 3.17632E-1 3.00118E-1 2.68092E-1 2.30626E-1 1.55261E-1 1.72875E-1 1.9422E-2 1.56984E-2 7.27164E-3 5.89784E-3 5.05519E-3 7.82753E-3 6.73854E-3 4.28643E-3 2.55654E-3 2.13964E-3 2.044E-3 -9999 -9999 -9999 -9999 -9999 -9999 -9999 -9999 -9999 -9999 -9999 -9999 -9999 -9999 -9999 -9999 -9999 -9999 -9999 -9999 -9999 -9999 -9999 -9999 -9999 -9999 -9999 -9999 -9999 -9999 -9999 -9999 -9999 -9999 -9999 -9999 -9999 -9999 -9999
2.20757E-1 2.33463E-1 2.35033E-1 2.29209E-1 2.31324E-1 2.1944E-1 2.22732E-1 2.1867E-1 3.13603E-1 2.99914E-1 2.65114E-1 2.34997E-1 1.54223E-1 1.32559E-1 1.45928E-1 1.61592E-2 1.33756E-2 5.84441E-3 4.67104E-3 6.55244E-3 5.97285E-3 6.21156E-3 -9999 1.96894E-3 -9999 -9999 -9999 -9999 -9999 -9999 -9999 -9999 -9999 -9999 -9999 -9999 -9999 -9999 -9999 -9999 -9999 -9999 -9999 -9999 -9999 -9999 -9999 -9999 -9999 -9999 -9999 -9999 -9999 -9999 -9999 -9999 -9999 -9999 -9999 -9999 -9999 -9999 -9999 -9999 -9999
2.33097E-1 2.38141E-1 2.31932E-1 2.16433E-1 2.12276E-1 2.13997E-1 2.079E-1 2.08495E-1 2.89268E-1 2.58751E-1 1.78536E-1 1.5312E-1 1.2236E-1 1.67523E-2 1.25361E-1 1.38055E-2 6.37217E-3 5.13153E-3 3.8953E-3 5.41579E-3 3.83288E-3 -9999 -9999 -9999 -9999 -9999 -9999 -9999 -9999 -9999 -9999 -9999 -9999 -9999 -9999 -9999 -9999 -9999 -9999 -9999 -9999 -9999 -9999 -9999 -9999 -9999 -9999 -9999 -9999 -9999 -9999 -9999 -9999 -9999 -9999 -9999 -9999 -9999 -9999 -9999 -9999 -9999 -9999 -9999 -9999
2.40307E-1 2.45285E-1 2.37065E-1 2.17603E-1 1.94576E-1 1.95567E-1 1.96983E-1 1.8905E-1 1.7561E-1 2.33668E-1 1.57529E-1 9.91924E-2 1.03273E-1 1.7043E-1 1.08306E-1 9.85955E-2 1.00313E-2 8.08642E-3 6.52152E-3 5.50206E-3 -9999 -9999 -9999 -9999 -9999 -9999 -9999 -9999 -9999 -9999 -9999 -9999 -9999 -9999 -9999 -9999 -9999 -9999 -9999 -9999 -9999 -9999 -9999 -9999 -9999 -9999 -9999 -9999 -9999 -9999 -9999 -9999 -9999 -9999 -9999 -9999 -9999 -9999 -9999 -9999 -9999 -9999 -9999 -9999 -9999
2.44768E-1 2.57356E-1 2.4744E-1 2.14678E-1 1.80399E-1 1.82056E-1 1.89254E-1 1.85336E-1 1.62835E-1 2.15743E-1 1.44136E-1 8.88713E-2 6.41858E-2 6.32802E-2 7.59025E-2 9.31897E-2 -9999 4.00716E-3 3.62287E-3 5.42732E-3 -9999 -9999 -9999 -9999 -9999 -9999 -9999 -9999 -9999 -9999 -9999 -9999 -9999 -9999 -9999 -9999 -9999 -9999 -9999 -9999 -9999 -9999 -9999 -9999 -9999 -9999 -9999 -9999 -9999 -9999 -9999 -9999 -9999 -9999 -9999 -9999 -9999 -9999 -9999 -9999 -9999 -9999 -9999 -9999 -9999
2.36067E-1 2.45531E-1 2.42597E-1 2.1345E-1 1.8372E-1 1.92339E-1 1.77323E-1 1.74537E-1 1.52874E-1 2.00164E-1 9.8723E-2 6.86881E-2 5.5072E-2 4.6459E-2 4.58859E-2 -9999 -9999 -9999 -9999 -9999 -9999 -9999 -9999 -9999 -9999 -9999 -9999 -9999 -9999 -9999 -9999 -9999 -9999 -9999 -9999 -9999 -9999 -9999 -9999 -9999 -9999 -9999 -9999 -9999 -9999 -9999 -9999 -9999 -9999 -9999 -9999 -9999 -9999 -9999 -9999 -9999 -9999 -9999 -9999 -9999 -9999 -9999 -9999 -9999 -9999
2.26878E-1 2.33102E-1 2.26782E-1 2.04116E-1 1.88822E-1 1.83026E-1 1.70162E-1 1.61315E-1 1.40173E-1 1.84433E-1 9.15785E-2 6.28138E-2 5.0057E-2 4.21879E-2 4.15452E-2 -9999 -9999 -9999 -9999 -9999 -9999 -9999 -9999 -9999 -9999 -9999 -9999 -9999 -9999 -9999 -9999 -9999 -9999 -9999 -9999 -9999 -9999 -9999 -9999 -9999 -9999 -9999 -9999 -9999 -9999 -9999 -9999 -9999 -9999 -9999 -9999 -9999 -9999 -9999 -9999 -9999 -9999 -9999 -9999 -9999 -9999 -9999 -9999 -9999 -9999
