KUENM_DEFAULT/Final_Models/M_1_F_lqpth_Set_1_NE/sp1_7.asc
ncols         197
nrows         210
xllcorner     56.1666666666667
yllcorner     4.5
cellsize      0.166666666666667
NODATA_value  -9999
[rows 112 to 139 of 210, columns 130 to 194 of 197]
6.20822E-1 5.77687E-1 1.33693E-1 1.19482E-1 1.26642E-1 1.13985E-1 1.01285E-1 7.68707E-2 5.44758E-2 4.4374E-2 4.07035E-2 3.73901E-2 3.04893E-2 2.52933E-2 1.82755E-2 1.70075E-2 1.94547E-2 2.31128E-2 2.53808E-2 3.0431E-2 3.69939E-2 3.78802E-2 3.76366E-2 3.58924E-2 2.90779E-2 2.45934E-2 2.35526E-2 2.31776E-2 2.49845E-2 2.61163E-2 2.79239E-2 2.99753E-2 3.44939E-2 3.46386E-2 3.89022E-2 3.37605E-2 2.99947E-2 2.75818E-2 2.76958E-2 3.30011E-2 2.78505E-2 2.38432E-2 2.70245E-2 2.97987E-2 3.04525E-2 2.68621E-2 1.13905E-2 9.12151E-3 8.98291E-3 9.16713E-3 9.74361E-3 9.88256E-3 8.95342E-3 7.95976E-3 7.55374E-3 7.07221E-3 -9999 -9999 -9999 -9999 -9999 -9999 -9999 -9999 -9999
6.29893E-1 1.51069E-1 1.38661E-1 1.28312E-1 1.2773E-1 1.11372E-1 8.7326E-2 7.0705E-2 4.44817E-2 3.60607E-2 3.1431E-2 3.43671E-2 3.2985E-2 2.5669E-2 1.84254E-2 1.62831E-2 1.63904E-2 1.94594E-2 2.64971E-2 3.23169E-2 3.14297E-2 3.25576E-2 3.12837E-2 3.36655E-2 3.09845E-2 2.3946E-2 2.27068E-2 2.29058E-2 2.89601E-2 3.12716E-2 3.17462E-2 3.07885E-2 3.24009E-2 3.34574E-2 3.38759E-2 2.75917E-2 2.97824E-2 3.23827E-2 3.18942E-2 3.89592E-2 3.56041E-2 2.08016E-2 2.11701E-2 2.66524E-2 2.30665E-2 1.13771E-2 1.08761E-2 1.08943E-2 1.14607E-2 1.06456E-2 9.51922E-3 9.75259E-3 8.99362E-3 8.05912E-3 7.41825E-3 -9999 -9999 -9999 -9999 -9999 -9999 -9999 -9999 -9999 -9999
1.31349E-1 9.6831E-2 9.32745E-2 1.01316E-1 1.13521E-1 1.05472E-1 8.23313E-2 6.43652E-2 4.17706E-2 3.65567E-2 3.54487E-2 3.17684E-2 3.05515E-2 2.33359E-2 1.55511E-2 1.34303E-2 1.39831E-2 1.72032E-2 2.41412E-2 2.83441E-2 3.25967E-2 3.93906E-2 3.82811E-2 3.65843E-2 3.32137E-2 2.76339E-2 2.47295E-2 2.135E-2 3.14058E-2 3.5955E-2 3.55581E-2 3.25098E-2 3.17606E-2 3.65277E-2 3.07983E-2 2.64462E-2 2.95692E-2 2.81277E-2 1.65211E-2 1.74548E-2 2.23426E-2 1.0954E-2 1.01043E-2 1.23017E-2 1.17662E-2 1.19259E-2 1.26398E-2 1.287E-2 1.54855E-2 1.20033E-2 1.05298E-2 9.219E-3 8.26703E-3 7.62952E-3 -9999 -9999 -9999 -9999 -9999 -9999 -9999 -9999 -9999 -9999 -9999
1.28268E-1 1.05957E-1 9.03258E-2 7.80365E-2 8.17759E-2 9.32131E-2 8.73563E-2 6.55872E-2 4.82488E-2 3.73231E-2 3.81767E-2 3.47645E-2 2.90259E-2 1.95508E-2 1.27405E-2 1.21991E-2 1.28265E-2 1.48642E-2 1.69279E-2 2.39628E-2 2.39391E-2 3.20984E-2 3.82314E-2 3.942E-2 3.40817E-2 2.78E-2 2.55814E-2 2.28933E-2 3.55762E-2 4.16106E-2 4.11619E-2 3.73796E-2 3.36755E-2 3.41697E-2 3.39092E-2 2.88312E-2 1.66041E-2 6.76242E-3 7.15522E-3 8.31293E-3 9.89959E-3 1.10249E-2 1.00457E-2 1.03239E-2 1.14689E-2 1.116E-2 1.11606E-2 1.14993E-2 1.29006E-2 1.06913E-2 9.51919E-3 8.97152E-3 -9999 -9999 -9999 -9999 -9999 -9999 -9999 -9999 -9999 -9999 -9999 -9999 -9999
1.23971E-1 1.21786E-1 1.09635E-1 8.68724E-2 7.71747E-2 7.12941E-2 8.16012E-2 7.43081E-2 5.76519E-2 4.32194E-2 3.84688E-2 4.35194E-2 2.87901E-2 1.93207E-2 1.34679E-2 1.17343E-2 1.26731E-2 1.38402E-2 1.50407E-2 1.81098E-2 1.89711E-2 2.01217E-2 2.52527E-2 2.555E-2 2.71715E-2 2.89119E-2 3.0617E-2 3.22829E-2 4.19452E-2 4.29629E-2 4.07204E-2 4.02016E-2 3.4533E-2 3.89778E-2 3.91636E-2 1.96716E-2 7.43097E-3 6.52309E-3 6.33125E-3 8.63964E-3 9.68598E-3 9.74978E-3 1.05948E-2 1.06954E-2 1.0256E-2 1.06713E-2 1.04549E-2 9.96472E-3 9.69714E-3 9.05312E-3 8.76831E-3 -9999 -9999 -9999 -9999 -9999 -9999 -9999 -9999 -9999 -9999 -9999 -9999 -9999 -9999
1.32206E-1 1.19006E-1 1.12102E-1 9.47361E-2 9.02238E-2 7.07298E-2 8.36041E-2 8.00143E-2 6.75311E-2 5.06616E-2 5.03318E-2 4.12793E-2 3.10533E-2 1.97596E-2 1.42016E-2 1.25382E-2 1.29003E-2 1.3381E-2 1.69923E-2 1.88977E-2 2.02515E-2 2.23157E-2 2.41181E-2 2.71509E-2 2.69327E-2 2.68176E-2 3.10927E-2 3.84638E-2 4.64986E-2 5.04253E-2 4.56017E-2 3.86973E-2 4.67125E-2 2.2787E-2 1.60288E-2 8.7548E-3 6.55502E-3 5.69713E-3 8.06721E-3 1.12669E-2 1.12356E-2 1.07401E-2 9.60306E-3 1.1446E-2 9.60549E-3 1.01617E-2 9.1695E-3 7.5467E-3 7.11542E-3 -9999 -9999 -9999 -9999 -9999 -9999 -9999 -9999 -9999 -9999 -9999 -9999 -9999 -9999 -9999 -9999
1.08634E-1 8.52955E-2 7.45815E-2 9.46595E-2 1.01839E-1 9.72949E-2 8.52018E-2 7.23382E-2 7.49058E-2 7.22113E-2 5.42731E-2 4.2702E-2 2.75466E-2 2.06691E-2 1.53843E-2 1.3555E-2 1.36475E-2 1.64696E-2 1.7107E-2 1.92402E-2 2.44953E-2 2.48745E-2 2.67711E-2 2.88418E-2 2.80308E-2 2.84853E-2 3.08278E-2 3.54438E-2 4.38838E-2 4.77626E-2 4.37837E-2 4.39957E-2 1.92605E-2 2.20355E-2 1.07512E-2 1.03727E-2 6.9322E-3 6.74362E-3 1.02616E-2 1.09001E-2 1.14847E-2 1.14831E-2 9.86529E-3 1.05331E-2 1.03149E-2 9.18561E-3 7.74579E-3 6.35258E-3 -9999 -9999 -9999 -9999 -9999 -9999 -9999 -9999 -9999 -9999 -9999 -9999 -9999 -9999 -9999 -9999 -9999
8.1219E-2 8.7582E-2 7.95662E-2 7.00002E-2 6.91898E-2 5.14302E-2 5.05647E-2 5.2039E-2 5.84812E-2 7.43167E-2 7.4063E-2 4.48905E-2 3.2843E-2 2.47154E-2 1.82195E-2 1.49097E-2 1.47093E-2 1.64464E-2 1.63246E-2 1.97018E-2 2.31338E-2 2.73992E-2 2.9697E-2 3.13036E-2 2.96141E-2 2.96873E-2 3.0316E-2 2.75857E-2 3.41284E-2 4.24697E-2 2.18186E-2 1.3331E-2 1.79596E-2 7.88512E-3 1.25771E-2 1.22626E-2 9.32703E-3 8.92318E-3 8.73417E-3 1.0988E-2 1.11747E-2 1.17007E-2 1.11989E-2 1.03377E-2 9.72642E-3 -9999 -9999 -9999 -9999 -9999 -9999 -9999 -9999 -9999 -9999 -9999 -9999 -9999 -9999 -9999 -9999 -9999 -9999 -9999 -9999
8.12712E-2 7.88242E-2 7.42966E-2 7.15002E-2 6.63802E-2 5.43013E-2 5.04514E-2 6.52866E-2 9.97123E-2 9.16814E-2 8.65314E-2 6.1709E-2 4.26945E-2 3.17862E-2 2.01951E-2 1.79817E-2 1.60796E-2 1.50028E-2 1.74856E-2 1.87809E-2 2.43225E-2 3.04903E-2 3.13735E-2 3.2662E-2 3.44323E-2 3.23175E-2 3.12634E-2 2.89717E-2 2.65564E-2 3.65222E-2 1.55114E-2 1.12098E-2 8.85588E-3 1.13139E-2 1.03317E-2 1.01681E-2 1.11642E-2 8.62745E-3 8.28309E-3 1.16577E-2 1.10586E-2 1.08883E-2 1.04513E-2 -9999 -9999 -9999 -9999 -9999 -9999 -9999 -9999 -9999 -9999 -9999 -9999 -9999 -9999 -9999 -9999 -9999 -9999 -9999 -9999 -9999 -9999
8.23769E-2 8.14987E-2 8.23398E-2 7.56146E-2 8.79273E-2 8.47085E-2 6.52954E-2 5.8416E-2 8.57919E-2 1.04571E-1 1.02342E-1 7.90536E-2 5.40333E-2 3.12931E-2 2.43624E-2 2.07446E-2 1.70543E-2 1.61716E-2 1.99819E-2 1.9741E-2 2.35402E-2 3.08554E-2 3.16053E-2 3.3895E-2 2.05984E-2 1.91724E-2 1.73102E-2 2.71008E-2 1.4112E-2 1.51062E-2 1.15645E-2 5.27449E-3 7.47276E-3 1.24704E-2 9.77162E-3 1.12295E-2 1.06183E-2 8.67377E-3 7.60253E-3 1.14945E-2 9.90712E-3 1.0076E-2 9.93519E-3 -9999 -9999 -9999 -9999 -9999 -9999 -9999 -9999 -9999 -9999 -9999 -9999 -9999 -9999 -9999 -9999 -9999 -9999 -9999 -9999 -9999 -9999
9.29213E-2 1.00495E-1 1.03642E-1 1.00005E-1 1.0963E-1 1.31405E-1 1.5043E-1 1.33844E-1 7.26377E-2 9.89363E-2 1.02662E-1 9.07063E-2 6.5413E-2 3.84681E-2 2.51916E-2 1.8153E-2 1.77542E-2 1.7297E-2 1.90416E-2 2.15962E-2 2.53781E-2 3.4073E-2 2.74774E-2 2.97535E-2 1.98042E-2 1.91578E-2 1.67036E-2 1.38362E-2 1.22051E-2 1.19944E-2 9.72823E-3 4.66671E-3 6.88326E-3 1.14129E-2 9.16333E-3 1.11715E-2 1.18051E-2 8.26275E-3 6.29883E-3 1.00525E-2 1.08291E-2 1.00529E-2 -9999 -9999 -9999 -9999 -9999 -9999 -9999 -9999 -9999 -9999 -9999 -9999 -9999 -9999 -9999 -9999 -9999 -9999 -9999 -9999 -9999 -9999 -9999
9.56987E-2 9.71175E-2 1.02942E-1 1.17215E-1 1.2449E-1 1.48557E-1 1.4205E-1 1.86924E-1 1.70114E-1 1.40657E-1 1.1612E-1 1.06525E-1 8.77947E-2 5.22508E-2 4.28599E-2 2.2992E-2 1.82303E-2 1.89266E-2 2.03278E-2 2.67636E-2 3.09062E-2 3.36876E-2 2.76696E-2 2.53789E-2 1.70106E-2 1.62663E-2 1.52443E-2 1.2621E-2 1.20917E-2 8.45092E-3 4.07667E-3 5.70588E-3 9.98464E-3 9.9804E-3 1.1811E-2 9.99807E-3 1.19131E-2 1.07906E-2 9.87897E-3 1.12259E-2 1.06548E-2 1.04094E-2 -9999 -9999 -9999 -9999 -9999 -9999 -9999 -9999 -9999 -9999 -9999 -9999 -9999 -9999 -9999 -9999 -9999 -9999 -9999 -9999 -9999 -9999 -9999
8.44274E-2 7.46813E-2 6.86016E-2 1.00718E-1 1.05161E-1 5.51291E-1 5.80297E-1 1.64979E-1 1.69567E-1 1.67872E-1 1.59042E-1 1.3374E-1 1.16026E-1 9.83862E-2 7.9212E-2 3.94698E-2 3.87501E-2 2.5726E-2 2.13813E-2 2.63993E-2 2.37913E-2 2.79833E-2 2.66862E-2 2.91571E-2 2.78947E-2 1.46764E-2 1.32263E-2 1.43139E-2 8.94221E-3 3.6454E-3 4.10226E-3 5.28056E-3 1.13948E-2 1.23537E-2 1.09953E-2 9.97085E-3 1.1195E-2 1.13466E-2 1.10506E-2 1.18156E-2 1.07666E-2 -9999 -9999 -9999 -9999 -9999 -9999 -9999 -9999 -9999 -9999 -9999 -9999 -9999 -9999 -9999 -9999 -9999 -9999 -9999 -9999 -9999 -9999 -9999 -9999
6.63592E-2 6.00607E-2 6.47384E-2 7.91105E-2 8.38951E-2 5.01839E-1 5.32355E-1 5.87326E-1 1.53359E-1 1.61682E-1 1.55031E-1 1.57021E-1 1.39482E-1 1.38387E-1 1.25804E-1 8.96145E-2 3.8012E-2 3.53917E-2 2.92686E-2 2.27167E-2 2.24163E-2 2.68142E-2 2.47354E-2 2.47885E-2 2.27806E-2 2.77631E-2 1.62676E-2 1.24681E-2 4.85265E-3 4.80538E-3 4.98953E-3 9.90333E-3 1.4126E-2 1.51745E-2 1.28756E-2 1.14595E-2 1.10248E-2 1.14475E-2 1.26016E-2 1.25984E-2 -9999 -9999 -9999 -9999 -9999 -9999 -9999 -9999 -9999 -9999 -9999 -9999 -9999 -9999 -9999 -9999 -9999 -9999 -9999 -9999 -9999 -9999 -9999 -9999 -9999
5.18731E-2 4.90922E-2 5.82718E-2 7.21018E-2 8.69876E-2 5.68783E-1 6.23432E-1 6.29905E-1 9.89193E-2 9.71959E-2 1.72042E-1 1.48699E-1 1.24146E-1 1.54642E-1 5.2013E-1 5.59933E-1 6.65899E-2 2.9271E-2 3.8518E-2 3.19506E-2 2.31074E-2 2.65586E-2 2.42612E-2 2.59172E-2 2.22148E-2 1.38442E-2 1.64504E-2 6.88445E-3 6.27398E-3 5.48395E-3 5.81124E-3 1.0984E-2 1.40025E-2 1.51206E-2 1.35042E-2 1.45888E-2 1.46462E-2 1.33194E-2 1.29667E-2 -9999 -9999 -9999 -9999 -9999 -9999 -9999 -9999 -9999 -9999 -9999 -9999 -9999 -9999 -9999 -9999 -9999 -9999 -9999 -9999 -9999 -9999 -9999 -9999 -9999 -9999
4.9378E-2 5.42313E-2 6.12996E-2 7.12423E-2 9.12439E-2 5.28382E-1 4.09129E-1 4.80459E-1 4.71549E-1 9.64072E-2 1.47478E-1 1.22635E-1 1.23176E-1 4.58701E-1 5.3595E-1 5.64654E-1 1.00336E-1 3.94952E-2 4.28711E-2 3.47473E-2 2.39081E-2 2.34252E-2 3.06867E-2 2.60552E-2 2.62376E-2 6.97886E-3 8.52535E-3 7.05276E-3 6.21613E-3 6.11283E-3 6.01018E-3 1.09645E-2 1.38808E-2 1.68713E-2 1.54382E-2 1.57982E-2 1.73731E-2 1.46374E-2 -9999 -9999 -9999 -9999 -9999 -9999 -9999 -9999 -9999 -9999 -9999 -9999 -9999 -9999 -9999 -9999 -9999 -9999 -9999 -9999 -9999 -9999 -9999 -9999 -9999 -9999 -9999
5.45365E-2 6.31227E-2 6.28083E-2 6.61743E-2 8.54181E-2 4.79448E-1 3.60588E-1 3.85831E-1 3.695E-1 7.6934E-2 7.60924E-2 1.07035E-1 9.35257E-2 1.14478E-1 5.82888E-2 6.70788E-2 1.02519E-1 7.04988E-2 3.46951E-2 3.63885E-2 3.67091E-2 4.03842E-2 3.86449E-2 3.42634E-2 8.39216E-3 8.74664E-3 8.77669E-3 7.00676E-3 5.88599E-3 6.64348E-3 9.44461E-3 1.13795E-2 1.79615E-2 1.62789E-2 1.63653E-2 1.68427E-2 1.8777E-2 -9999 -9999 -9999 -9999 -9999 -9999 -9999 -9999 -9999 -9999 -9999 -9999 -9999 -9999 -9999 -9999 -9999 -9999 -9999 -9999 -9999 -9999 -9999 -9999 -9999 -9999 -9999 -9999
6.8838E-2 4.77834E-2 4.43969E-2 7.16378E-2 7.70803E-2 7.92628E-2 4.56547E-1 3.39166E-1 3.3037E-1 6.86536E-2 6.91975E-2 9.79153E-2 9.31117E-2 8.335E-2 7.16255E-2 8.83454E-2 6.71241E-2 6.81313E-2 4.33554E-2 5.37466E-2 3.95669E-2 4.80934E-2 2.06833E-2 8.73039E-3 7.98602E-3 7.68991E-3 7.38104E-3 8.5422E-3 6.84389E-3 1.00524E-2 1.31097E-2 1.36056E-2 1.44646E-2 1.80271E-2 1.78437E-2 -9999 -9999 -9999 -9999 -9999 -9999 -9999 -9999 -9999 -9999 -9999 -9999 -9999 -9999 -9999 -9999 -9999 -9999 -9999 -9999 -9999 -9999 -9999 -9999 -9999 -9999 -9999 -9999 -9999 -9999
7.72691E-2 5.24918E-2 5.00749E-2 3.20407E-1 3.49676E-1 3.51556E-1 3.55692E-1 3.8726E-1 4.13131E-1 4.1799E-1 7.84635E-2 1.23184E-1 1.09502E-1 9.12577E-2 6.46427E-2 9.09526E-2 9.68716E-2 9.8511E-2 9.93461E-2 7.6087E-2 4.82003E-2 2.64129E-2 1.42379E-2 8.12417E-3 8.0924E-3 9.94899E-3 9.15847E-3 1.0169E-2 1.05252E-2 1.23203E-2 1.49859E-2 1.44266E-2 1.44274E-2 1.67179E-2 -9999 -9999 -9999 -9999 -9999 -9999 -9999 -9999 -9999 -9999 -9999 -9999 -9999 -9999 -9999 -9999 -9999 -9999 -9999 -9999 -9999 -9999 -9999 -9999 -9999 -9999 -9999 -9999 -9999 -9999 -9999
7.36703E-2 8.15583E-2 4.5426E-1 3.72958E-1 3.58422E-1 3.8344E-1 4.35582E-1 5.23306E-1 5.50659E-1 5.14552E-1 4.86334E-1 9.58042E-2 8.15549E-2 1.30504E-1 1.04061E-1 1.04267E-1 1.27563E-1 1.36556E-1 1.29174E-1 8.55778E-2 3.58463E-2 1.71441E-2 1.0004E-2 9.95562E-3 1.187E-2 1.0501E-2 1.08011E-2 1.16123E-2 1.46455E-2 1.3119E-2 1.78723E-2 1.6159E-2 1.62443E-2 -9999 -9999 -9999 -9999 -9999 -9999 -9999 -9999 -9999 -9999 -9999 -9999 -9999 -9999 -9999 -9999 -9999 -9999 -9999 -9999 -9999 -9999 -9999 -9999 -9999 -9999 -9999 -9999 -9999 -9999 -9999 -9999
8.47873E-2 4.33596E-1 3.36315E-1 4.01103E-1 4.30591E-1 4.56712E-1 5.1362E-1 5.90753E-1 6.49226E-1 6.1975E-1 5.61344E-1 5.46064E-1 1.08411E-1 1.04951E-1 8.72808E-2 6.92195E-2 8.35587E-2 6.53709E-2 4.60023E-2 2.14853E-2 1.84971E-2 9.22755E-3 1.01619E-2 1.13742E-2 1.23169E-2 1.33597E-2 1.13779E-2 1.49443E-2 1.61673E-2 1.72497E-2 1.80535E-2 1.74817E-2 -9999 -9999 -9999 -9999 -9999 -9999 -9999 -9999 -9999 -9999 -9999 -9999 -9999 -9999 -9999 -9999 -9999 -9999 -9999 -9999 -9999 -9999 -9999 -9999 -9999 -9999 -9999 -9999 -9999 -9999 -9999 -9999 -9999
7.25963E-2 3.62993E-1 3.78943E-1 4.09582E-1 4.41375E-1 4.5416E-1 5.35092E-1 5.94855E-1 6.84216E-1 6.49713E-1 6.18591E-1 5.84975E-1 5.98407E-1 1.28951E-1 1.00416E-1 9.16504E-2 6.89637E-2 6.45006E-2 4.71161E-2 1.79038E-2 1.01962E-2 1.10418E-2 1.5936E-2 2.15274E-2 1.85321E-2 2.01095E-2 2.0673E-2 2.24788E-2 2.21316E-2 2.04516E-2 -9999 -9999 -9999 -9999 -9999 -9999 -9999 -9999 -9999 -9999 -9999 -9999 -9999 -9999 -9999 -9999 -9999 -9999 -9999 -9999 -9999 -9999 -9999 -9999 -9999 -9999 -9999 -9999 -9999 -9999 -9999 -9999 -9999 -9999 -9999
4.28654E-1 4.03533E-1 3.80021E-1 4.41653E-1 4.58156E-1 4.83968E-1 5.81928E-1 6.67159E-1 6.69565E-1 6.7508E-1 6.32067E-1 6.24222E-1 6.11915E-1 1.33166E-1 1.08157E-1 1.14233E-1 1.04374E-1 8.07827E-2 3.46492E-2 2.48914E-2 2.16506E-2 1.90024E-2 2.04148E-2 2.51184E-2 2.0553E-2 2.08113E-2 2.77319E-2 2.67677E-2 -9999 -9999 -9999 -9999 -9999 -9999 -9999 -9999 -9999 -9999 -9999 -9999 -9999 -9999 -9999 -9999 -9999 -9999 -9999 -9999 -9999 -9999 -9999 -9999 -9999 -9999 -9999 -9999 -9999 -9999 -9999 -9999 -9999 -9999 -9999 -9999 -9999
4.60893E-1 3.45263E-1 3.88017E-1 4.02718E-1 4.75283E-1 5.3574E-1 6.59686E-1 7.18391E-1 7.02463E-1 6.54838E-1 6.05314E-1 6.20925E-1 5.97721E-1 5.14681E-1 1.03828E-1 1.31117E-1 1.10562E-1 4.58006E-2 4.49783E-2 3.38416E-2 2.56784E-2 2.47969E-2 2.36932E-2 2.52713E-2 2.13915E-2 2.04415E-2 2.03034E-2 2.38323E-2 -9999 -9999 -9999 -9999 -9999 -9999 -9999 -9999 -9999 -9999 -9999 -9999 -9999 -9999 -9999 -9999 -9999 -9999 -9999 -9999 -9999 -9999 -9999 -9999 -9999 -9999 -9999 -9999 -9999 -9999 -9999 -9999 -9999 -9999 -9999 -9999 -9999
3.68143E-1 3.61034E-1 4.11511E-1 4.29001E-1 4.99948E-1 6.16623E-1 5.8614E-1 7.25835E-1 7.14368E-1 6.17972E-1 6.03491E-1 5.55018E-1 5.63589E-1 5.69481E-1 5.66813E-1 1.34616E-1 1.09098E-1 4.78695E-2 4.44637E-2 4.41957E-2 3.57699E-2 3.0944E-2 2.57154E-2 2.12591E-2 1.99066E-2 1.85743E-2 1.96463E-2 2.05545E-2 -9999 -9999 -9999 -9999 -9999 -9999 -9999 -9999 -9999 -9999 -9999 -9999 -9999 -9999 -9999 -9999 -9999 -9999 -9999 -9999 -9999 -9999 -9999 -9999 -9999 -9999 -9999 -9999 -9999 -9999 -9999 -9999 -9999 -9999 -9999 -9999 -9999
3.9394E-1 4.36975E-1 5.66475E-1 5.02901E-1 5.28297E-1 4.88652E-1 5.77124E-1 6.30381E-1 7.45524E-1 6.65478E-1 4.93625E-1 6.21182E-1 6.02345E-1 6.59392E-1 6.03486E-1 1.29447E-1 5.9717E-2 5.24214E-2 4.772E-2 4.47489E-2 3.58988E-2 2.65377E-2 2.2124E-2 1.83394E-2 1.54493E-2 1.5594E-2 1.66956E-2 -9999 -9999 -9999 -9999 -9999 -9999 -9999 -9999 -9999 -9999 -9999 -9999 -9999 -9999 -9999 -9999 -9999 -9999 -9999 -9999 -9999 -9999 -9999 -9999 -9999 -9999 -9999 -9999 -9999 -9999 -9999 -9999 -9999 -9999 -9999 -9999 -9999 -9999
4.51953E-1 5.38583E-1 3.39986E-1 3.64215E-1 3.9364E-1 3.6254E-1 3.77149E-1 4.94879E-1 7.12173E-1 7.34887E-1 6.86675E-1 6.65181E-1 6.95528E-1 6.30998E-1 4.32791E-1 6.59214E-2 5.85908E-2 3.13942E-2 2.69166E-2 2.31746E-2 3.04322E-2 2.40547E-2 2.02719E-2 1.5131E-2 1.49138E-2 1.48443E-2 -9999 -9999 -9999 -9999 -9999 -9999 -9999 -9999 -9999 -9999 -9999 -9999 -9999 -9999 -9999 -9999 -9999 -9999 -9999 -9999 -9999 -9999 -9999 -9999 -9999 -9999 -9999 -9999 -9999 -9999 -9999 -9999 -9999 -9999 -9999 -9999 -9999 -9999 -9999
5.03004E-1 5.8862E-1 5.67911E-1 4.16039E-1 3.1741E-1 3.06789E-1 3.24995E-1 5.08996E-1 6.60936E-1 6.26443E-1 6.85975E-1 6.71453E-1 6.70748E-1 4.31127E-1 4.22462E-1 3.89035E-1 5.72044E-2 2.68803E-2 2.25272E-2 2.71361E-2 2.34408E-2 2.27861E-2 -9999 1.46613E-2 -9999 -9999 -9999 -9999 -9999 -9999 -9999 -9999 -9999 -9999 -9999 -9999 -9999 -9999 -9999 -9999 -9999 -9999 -9999 -9999 -9999 -9999 -9999 -9999 -9999 -9999 -9999 -9999 -9999 -9999 -9999 -9999 -9999 -9999 -9999 -9999 -9999 -9999 -9999 -9999 -9999
