KUENM_DEFAULT/Final_Models/M_1_F_lqpth_Set_1_NE/sp1_3.asc
ncols         197
nrows         210
xllcorner     56.1666666666667
yllcorner     4.5
cellsize      0.166666666666667
NODATA_value  -9999
[rows 58 to 86 of 210, columns 0 to 64 of 197]
-9999 -9999 -9999 -9999 -9999 -9999 -9999 -9999 -9999 4.49141E-4 4.07066E-4 2.11773E-3 8.34687E-3 7.5395E-3 7.81372E-3 4.28522E-3 4.24356E-3 4.25549E-3 8.30221E-3 8.13177E-3 3.33174E-4 2.75073E-4 3.0539E-4 3.1715E-4 2.72139E-4 3.39647E-4 3.4966E-4 1.50723E-4 5.32525E-4 7.76255E-4 1.05741E-3 1.24667E-3 1.30042E-3 1.36002E-3 1.34999E-3 4.57614E-3 4.7227E-3 1.41408E-3 1.38525E-3 1.23989E-3 1.15583E-3 1.04699E-3 9.37056E-4 7.71219E-4 8.28405E-4 8.05403E-4 8.69669E-4 9.63723E-4 1.14262E-3 1.2759E-3 1.39162E-3 1.63756E-3 1.94055E-3 2.19239E-3 2.28919E-3 2.53144E-3 2.75182E-3 2.95654E-3 2.92226E-3 2.20267E-3 1.46621E-3 1.67612E-3 9.43031E-4 8.74195E-4 3.71236E-4
-9999 -9999 -9999 -9999 -9999 -9999 -9999 -9999 4.93243E-4 4.58936E-4 3.50535E-4 1.69149E-3 1.77978E-3 7.80849E-3 7.59066E-3 7.46108E-3 7.46633E-3 4.0578E-3 8.0157E-3 8.40019E-3 2.02806E-2 7.0792E-4 3.364E-4 1.20388E-4 2.68077E-4 2.83156E-4 2.71717E-4 2.87253E-4 3.94636E-4 3.55858E-4 5.92124E-4 1.07732E-3 1.29601E-3 1.35794E-3 1.31863E-3 1.30553E-3 1.26745E-3 1.29952E-3 1.14998E-3 1.11001E-3 1.02956E-3 9.24098E-4 7.53058E-4 6.47897E-4 6.71377E-4 6.84822E-4 7.11014E-4 8.01367E-4 8.23951E-4 8.81521E-4 1.07963E-3 1.55956E-3 2.02275E-3 2.14673E-3 2.37392E-3 2.58572E-3 2.76442E-3 2.96155E-3 2.89499E-3 2.59975E-3 1.59102E-3 1.33047E-3 8.19571E-4 3.75986E-4 2.51539E-4
-9999 -9999 -9999 -9999 -9999 -9999 -9999 3.87748E-4 2.24643E-4 4.19253E-4 3.64704E-4 3.29966E-4 1.36902E-3 1.66872E-3 2.22932E-3 7.17699E-3 7.573E-3 7.72007E-3 8.7205E-3 8.81394E-3 9.21316E-3 2.66624E-3 4.79968E-4 3.00142E-4 2.86879E-4 2.94838E-4 2.23846E-4 2.98647E-4 3.53438E-4 3.96568E-4 4.25809E-4 5.91994E-4 1.09254E-3 1.23293E-3 1.15424E-3 1.12575E-3 1.1119E-3 1.13995E-3 9.5245E-4 9.33958E-4 9.54046E-4 8.81233E-4 7.25441E-4 5.85315E-4 6.01085E-4 5.72515E-4 6.09351E-4 6.45168E-4 6.96011E-4 9.44967E-4 1.23035E-3 1.81187E-3 1.96452E-3 2.08E-3 2.33523E-3 2.50744E-3 2.65176E-3 2.76357E-3 2.82837E-3 1.96466E-3 1.38716E-3 8.35613E-4 3.62523E-4 2.12332E-4 2.20776E-4
-9999 -9999 -9999 -9999 -9999 -9999 2.13336E-4 1.94871E-4 1.87372E-4 2.08248E-4 3.66493E-4 5.94922E-4 1.21221E-3 1.73447E-3 1.71872E-3 2.23975E-3 7.79411E-3 8.34101E-3 8.68223E-3 9.42639E-3 9.23455E-3 2.65448E-3 6.90302E-4 4.19146E-4 1.77848E-4 3.35944E-4 2.5162E-4 1.36457E-4 1.32004E-4 3.93672E-4 6.35223E-4 4.56575E-4 8.08072E-4 1.01684E-3 9.83832E-4 9.40322E-4 9.90905E-4 8.57632E-4 7.1218E-4 5.4927E-4 8.17111E-4 9.71107E-4 8.80005E-4 7.55277E-4 8.18748E-4 7.23597E-4 6.57748E-4 7.024E-4 9.71249E-4 1.20372E-3 1.37923E-3 1.68769E-3 1.90958E-3 1.89722E-3 2.17172E-3 2.39879E-3 2.54771E-3 2.53545E-3 2.21043E-3 1.5727E-3 1.12814E-3 5.41282E-4 2.36222E-4 1.68608E-4 1.78132E-4
-9999 -9999 -9999 -9999 -9999 -9999 3.88637E-4 2.39109E-4 2.14358E-4 1.80682E-4 3.79729E-4 1.08254E-3 6.78654E-4 1.74316E-3 1.71808E-3 1.90792E-3 7.46091E-3 8.27487E-3 8.96632E-3 9.29228E-3 8.70761E-3 2.20738E-2 7.4874E-4 3.25379E-4 4.33953E-4 3.72772E-4 3.44522E-4 2.59887E-4 2.34195E-4 3.25049E-4 7.72801E-4 8.12626E-4 8.67112E-4 9.58206E-4 9.78101E-4 9.76243E-4 9.1852E-4 8.04281E-4 7.88127E-4 5.93592E-4 7.6051E-4 1.14428E-3 1.10688E-3 1.03175E-3 1.02763E-3 9.18504E-4 9.9875E-4 1.07819E-3 9.98199E-4 1.15195E-3 1.32113E-3 1.5216E-3 1.80565E-3 1.98741E-3 1.93959E-3 2.19289E-3 2.01645E-3 1.87325E-3 2.02327E-3 1.36194E-3 5.40355E-4 4.22707E-4 1.4036E-4 1.14582E-4 1.34364E-4
-9999 -9999 -9999 -9999 -9999 1.22421E-3 1.11669E-3 1.16192E-3 1.47796E-3 1.21002E-3 1.68136E-4 1.76126E-4 6.11441E-4 7.83433E-4 1.98824E-3 1.88425E-3 6.72367E-3 3.68319E-3 9.01721E-3 8.66164E-3 8.81243E-3 2.26172E-2 3.0579E-3 5.00035E-4 3.70668E-4 4.1194E-4 3.71354E-4 2.49515E-4 2.41371E-4 3.49528E-4 6.68568E-4 9.14356E-4 1.15716E-3 1.08585E-3 1.15257E-3 1.22726E-3 1.24242E-3 1.17793E-3 1.07989E-3 1.03664E-3 1.1496E-3 1.20586E-3 1.27276E-3 1.23057E-3 1.1207E-3 1.15831E-3 1.0672E-3 1.13172E-3 1.26542E-3 1.14906E-3 1.30825E-3 1.35059E-3 1.61262E-3 1.43141E-3 1.42578E-3 1.54603E-3 1.83084E-3 1.88924E-3 1.49055E-3 7.91143E-4 4.58664E-4 3.60061E-4 1.09638E-4 9.42331E-5 1.66266E-4
-9999 -9999 -9999 -9999 4.07843E-4 1.53301E-3 1.5237E-3 1.16437E-3 1.67196E-3 1.91051E-3 1.31511E-3 1.75383E-4 1.36751E-3 1.32164E-3 1.6324E-3 2.12243E-3 7.34258E-3 7.93282E-3 8.46975E-3 9.17457E-3 9.23312E-3 9.75981E-3 9.19061E-4 5.54884E-4 4.11346E-4 4.45873E-4 3.28063E-4 1.20925E-4 1.20608E-4 2.60603E-4 3.65382E-4 6.03922E-4 9.91345E-4 1.22062E-3 1.23508E-3 4.48331E-3 4.51756E-3 4.45225E-3 4.65673E-3 4.70025E-3 4.86852E-3 4.87935E-3 4.46943E-3 1.42045E-3 1.38951E-3 1.32011E-3 1.36759E-3 1.1796E-3 1.21716E-3 1.10907E-3 1.22119E-3 1.02297E-3 9.00137E-4 1.00474E-3 1.20756E-3 1.64808E-3 2.58857E-3 2.1533E-3 1.06883E-3 5.41003E-4 4.73096E-4 1.82807E-4 1.12885E-4 1.55848E-4 1.48263E-4
-9999 -9999 -9999 -9999 1.99227E-4 1.26786E-3 1.53783E-3 1.21886E-3 1.78286E-3 7.24285E-3 1.78736E-3 1.41507E-3 1.81542E-4 6.63196E-4 1.31382E-3 1.8378E-3 2.30772E-3 8.32219E-3 8.84611E-3 9.20592E-3 9.37735E-3 9.33142E-3 9.28242E-4 7.63924E-4 4.48073E-4 5.10132E-4 4.66881E-4 3.38279E-4 1.62456E-4 9.30337E-5 3.00523E-4 5.02025E-4 8.74001E-4 1.34392E-3 4.37994E-3 4.44502E-3 4.93216E-3 4.80138E-3 4.67483E-3 5.20119E-3 5.38611E-3 2.30544E-3 4.67447E-3 5.02157E-3 4.99595E-3 2.16916E-3 1.39702E-3 1.05375E-3 3.94253E-4 7.90723E-4 4.78903E-4 1.01061E-3 1.07348E-3 1.51912E-3 5.96353E-3 3.55632E-3 3.78675E-3 8.29548E-4 8.89491E-4 5.56701E-4 2.48983E-4 1.47382E-4 1.06482E-4 2.32126E-4 2.18133E-4
-9999 -9999 -9999 1.33765E-3 1.66869E-3 1.43982E-3 1.39883E-3 1.51702E-3 1.89348E-3 7.08726E-3 2.12502E-3 1.88378E-3 1.21905E-3 6.70897E-4 1.13953E-3 1.73671E-3 2.17998E-3 2.41313E-3 2.48563E-3 2.56067E-3 2.76881E-3 2.74837E-3 8.32145E-4 8.78711E-4 6.40985E-4 5.71422E-4 5.62764E-4 5.19745E-4 4.31008E-4 4.36661E-4 4.56179E-4 7.03342E-4 3.89829E-4 8.70981E-4 1.36657E-3 4.72703E-3 4.88686E-3 5.26567E-3 5.12511E-3 4.85936E-3 5.03336E-3 5.09141E-3 5.19187E-3 5.29415E-3 5.36891E-3 2.28787E-3 1.38005E-3 1.04445E-3 1.15824E-3 1.26682E-3 1.35814E-3 1.62734E-3 2.46219E-3 3.42055E-3 3.81735E-3 3.31265E-3 9.45821E-4 7.44943E-4 3.11092E-4 6.01108E-4 2.5703E-4 1.72378E-4 3.30103E-4 3.55209E-4 3.26521E-4
-9999 -9999 -9999 1.51591E-3 1.43879E-3 1.48896E-3 1.75742E-3 2.02739E-3 2.08027E-3 7.20588E-3 6.91598E-3 2.05012E-3 1.94457E-3 1.57742E-3 1.64736E-3 1.70865E-3 1.67128E-3 2.05045E-3 1.91693E-3 2.16404E-3 2.58236E-3 2.53182E-3 6.93937E-4 7.88194E-4 8.44613E-4 5.95639E-4 5.54556E-4 5.90717E-4 5.7671E-4 5.58023E-4 5.71395E-4 6.78453E-4 2.27701E-4 4.31192E-4 8.66803E-4 1.15098E-3 4.52562E-3 5.16396E-3 5.74178E-3 5.767E-3 5.77509E-3 5.79559E-3 5.65983E-3 5.46445E-3 2.23496E-3 2.40379E-3 4.61746E-3 4.85407E-3 2.01989E-3 2.23987E-3 2.41127E-3 2.78131E-3 3.03259E-3 3.31099E-3 3.61229E-3 9.54809E-4 8.55415E-4 5.77828E-4 3.23877E-4 3.27591E-4 2.53441E-4 2.46022E-4 3.68086E-4 2.96658E-4 4.507E-4
-9999 -9999 -9999 1.99396E-3 1.36326E-3 1.7886E-3 2.08094E-3 1.89151E-3 1.80589E-3 2.04596E-3 7.31649E-3 7.10803E-3 6.98648E-3 6.99936E-3 6.89755E-3 2.12366E-3 1.62491E-3 1.81569E-3 1.94848E-3 1.56647E-3 2.29623E-3 2.38329E-3 4.41966E-4 5.59942E-4 8.06281E-4 6.3037E-4 5.26376E-4 6.19636E-4 6.7354E-4 6.4654E-4 6.50912E-4 6.40655E-4 2.18767E-4 1.81434E-4 5.61146E-4 5.83491E-4 1.1104E-3 4.96731E-3 5.19653E-3 5.99729E-3 5.99174E-3 5.82549E-3 2.41071E-3 2.21711E-3 2.37968E-3 4.65282E-3 4.72713E-3 6.43006E-3 2.88391E-3 2.93281E-3 3.14565E-3 2.67802E-3 2.92479E-3 9.47116E-4 8.38271E-4 7.76194E-4 5.28013E-4 3.89223E-4 3.05471E-4 2.92471E-4 2.85622E-4 3.09002E-4 4.46742E-4 5.65396E-4 7.11717E-4
-9999 -9999 1.57639E-3 1.84052E-3 1.9459E-3 2.25176E-3 7.70835E-3 2.12114E-3 2.0348E-3 7.02891E-3 7.59544E-3 7.49604E-3 7.57786E-3 7.49207E-3 7.61992E-3 7.84913E-3 7.67942E-3 2.27464E-3 2.46133E-3 2.5221E-3 2.41966E-3 2.40438E-3 5.0385E-3 6.72953E-4 1.03563E-3 6.89098E-4 7.64575E-4 7.10321E-4 6.85108E-4 6.90347E-4 5.36358E-4 6.09505E-4 6.19502E-4 2.93445E-4 2.85517E-4 2.45185E-4 7.5399E-4 7.96066E-4 4.47536E-3 5.36915E-3 5.6315E-3 2.65915E-3 3.48862E-3 3.40368E-3 3.39662E-3 6.18391E-3 6.12211E-3 2.69893E-3 3.00855E-3 2.94119E-3 2.49557E-3 2.67347E-3 2.89126E-3 8.00219E-4 6.49468E-4 4.64808E-4 3.40834E-4 3.85054E-4 3.02889E-4 2.8202E-4 2.97822E-4 3.63584E-4 4.74327E-4 3.44753E-4 9.24646E-4
-9999 -9999 2.29411E-3 2.16759E-3 2.3277E-3 8.53442E-3 8.5842E-3 7.6267E-3 1.91304E-3 2.04421E-3 7.83662E-3 8.18812E-3 8.15658E-3 8.03939E-3 8.04279E-3 8.55222E-3 8.72012E-3 9.16365E-3 9.49353E-3 9.47653E-3 2.69789E-3 2.99723E-3 3.21898E-3 3.88672E-3 4.42559E-3 1.08618E-3 9.49457E-4 9.0648E-4 8.67485E-4 6.87581E-4 3.05971E-4 6.8409E-4 8.66844E-4 8.71864E-4 7.58251E-4 2.04828E-4 3.4078E-4 4.38064E-4 6.26923E-4 2.57139E-3 2.8136E-3 2.80646E-3 2.91775E-3 6.29878E-3 6.02129E-3 2.63098E-3 2.59211E-3 2.77773E-3 2.95025E-3 2.93603E-3 2.52267E-3 8.12314E-4 6.8326E-4 6.24025E-4 4.15461E-4 2.89513E-4 3.1208E-4 3.58774E-4 3.34846E-4 3.83457E-4 4.92523E-4 4.21105E-4 5.38027E-4 9.80021E-4 9.85177E-4
-9999 -9999 9.91957E-3 2.74181E-3 1.05541E-2 8.74535E-3 8.21702E-3 8.71752E-3 7.6378E-3 2.12974E-3 8.51613E-3 8.53862E-3 8.62294E-3 8.7837E-3 8.64317E-3 8.74783E-3 8.88709E-3 9.11546E-3 9.70713E-3 1.07185E-2 1.12469E-2 1.21151E-2 1.29509E-2 1.46112E-2 5.25598E-3 4.73056E-3 1.37508E-3 1.2157E-3 1.06266E-3 8.37717E-4 6.98342E-4 7.0811E-4 1.05949E-3 1.01096E-3 3.8543E-4 8.20087E-4 3.01815E-4 3.89173E-4 5.07845E-4 6.48654E-4 2.08292E-3 1.96033E-3 2.26276E-3 2.76087E-3 2.5756E-3 2.77022E-3 2.79248E-3 2.7301E-3 6.63421E-4 5.72434E-4 4.92213E-4 5.09849E-4 4.16376E-4 2.94225E-4 3.06121E-4 2.85562E-4 3.08421E-4 3.76391E-4 3.99176E-4 3.69344E-4 4.32278E-4 3.52964E-4 4.61781E-4 6.585E-4 5.86836E-4
-9999 1.47148E-2 1.53468E-2 1.53621E-2 1.39769E-2 1.13085E-2 1.12279E-2 8.59168E-3 1.00501E-2 8.06478E-3 8.94326E-3 8.84167E-3 8.78649E-3 8.73642E-3 9.07181E-3 8.88284E-3 9.18468E-3 9.25235E-3 9.6119E-3 1.04463E-2 1.16102E-2 1.27413E-2 1.4141E-2 1.59945E-2 5.70041E-3 5.95177E-3 4.8489E-3 5.78901E-3 4.97282E-3 1.06146E-3 7.69757E-4 6.19728E-4 9.51006E-4 1.16087E-3 1.02536E-3 3.77423E-4 4.76336E-4 3.93282E-4 3.66413E-4 4.84564E-4 5.0249E-4 4.78337E-4 4.6217E-4 5.45965E-4 5.91794E-4 5.51011E-4 5.35866E-4 5.25631E-4 4.4655E-4 4.57048E-4 3.58059E-4 2.93357E-4 2.7285E-4 3.03698E-4 2.67342E-4 2.96304E-4 3.10955E-4 3.78185E-4 3.83208E-4 3.67553E-4 4.16407E-4 4.10773E-4 3.21756E-4 6.47105E-4 7.76146E-4
-9999 6.23724E-3 6.16362E-3 6.14518E-3 5.9358E-3 1.36872E-2 1.21785E-2 1.09789E-2 9.11415E-3 7.91321E-3 2.30208E-3 8.18131E-3 8.56662E-3 9.12601E-3 9.11129E-3 9.09698E-3 9.25527E-3 9.44549E-3 9.65789E-3 9.93918E-3 1.08389E-2 1.20951E-2 1.34409E-2 1.52559E-2 1.80772E-2 6.68228E-3 7.57839E-3 8.17409E-3 6.46613E-3 1.1971E-3 9.20351E-4 8.76368E-4 6.72541E-4 8.95487E-4 9.74541E-4 5.01338E-4 4.38713E-4 5.11975E-4 3.82405E-4 3.15835E-4 2.76577E-4 3.35131E-4 3.67337E-4 4.64097E-4 5.62865E-4 5.3532E-4 5.14734E-4 4.4096E-4 4.01491E-4 3.38006E-4 3.72592E-4 3.98666E-4 3.57381E-4 3.5868E-4 4.10454E-4 2.96768E-4 2.96598E-4 3.54313E-4 4.136E-4 4.66772E-4 4.43626E-4 4.13763E-4 3.47928E-4 4.4802E-4 8.33814E-4
-9999 6.45686E-3 6.54528E-3 6.27387E-3 6.1516E-3 5.65772E-3 2.58984E-2 2.44477E-2 8.90753E-3 1.76854E-3 1.88652E-3 2.11708E-3 7.36908E-3 8.16729E-3 8.6675E-3 8.80447E-3 9.20287E-3 9.49629E-3 9.52124E-3 9.92642E-3 1.0215E-2 1.09342E-2 1.19918E-2 1.34915E-2 1.55714E-2 1.83001E-2 7.10372E-3 7.01333E-3 4.7126E-3 1.11293E-3 9.17491E-4 8.58146E-4 8.77815E-4 4.55552E-4 9.41295E-4 9.66228E-4 5.2134E-4 4.67597E-4 5.20714E-4 5.05164E-4 5.25535E-4 5.80729E-4 5.91283E-4 6.50593E-4 6.03167E-4 5.43344E-4 4.41079E-4 4.03635E-4 4.23591E-4 3.76892E-4 3.71803E-4 3.23608E-4 3.58117E-4 4.83032E-4 4.41592E-4 3.86737E-4 5.14868E-4 2.76366E-4 6.38003E-4 4.24594E-4 3.97934E-4 4.78559E-4 4.42457E-4 5.37416E-4 7.95969E-4
-9999 6.63827E-3 -9999 -9999 6.29242E-3 6.04983E-3 5.35558E-3 4.44467E-3 2.64932E-3 2.10026E-3 1.68108E-3 2.2166E-3 2.15864E-3 1.99157E-3 2.13652E-3 7.44643E-3 8.07054E-3 8.60055E-3 8.77475E-3 8.27766E-3 8.70871E-3 9.17642E-3 9.75299E-3 1.0512E-2 1.1779E-2 1.18566E-2 1.138E-2 3.176E-3 3.43398E-3 2.34694E-3 2.37737E-3 1.14926E-3 1.08506E-3 2.55793E-3 3.04393E-3 4.1243E-4 4.78549E-4 4.69949E-4 4.6324E-4 4.11267E-4 4.67976E-4 4.95806E-4 5.72365E-4 5.62457E-4 5.62485E-4 5.15045E-4 4.85594E-4 4.61651E-4 3.62418E-4 3.7075E-4 3.67318E-4 4.19636E-4 3.87057E-4 3.97286E-4 4.41841E-4 5.18452E-4 3.90976E-4 6.37801E-4 5.20899E-4 4.7888E-4 3.86239E-4 4.74991E-4 5.12459E-4 5.42483E-4 6.87166E-4
-9999 6.5342E-3 -9999 -9999 -9999 6.00989E-3 5.139E-3 4.47794E-3 2.4645E-3 1.72616E-3 2.23629E-3 2.23761E-3 2.00105E-3 2.23831E-3 2.20586E-3 1.85725E-3 2.11307E-3 7.55235E-3 2.27062E-3 1.99375E-3 2.1652E-3 2.37832E-3 2.36909E-3 2.36917E-3 2.41493E-3 2.86796E-3 2.34971E-3 2.19835E-3 2.35605E-3 2.96792E-3 3.32383E-3 3.23552E-3 1.48077E-3 1.39834E-3 1.59432E-3 5.10846E-3 5.69575E-4 3.06315E-3 4.45803E-4 4.71991E-4 4.67514E-4 4.35516E-4 5.02343E-4 4.8936E-4 5.7527E-4 5.47667E-4 4.95007E-4 4.13286E-4 3.9196E-4 3.36188E-4 3.2906E-4 3.60989E-4 3.9815E-4 4.33173E-4 3.73508E-4 5.57534E-4 6.38575E-4 8.31821E-4 4.19789E-4 6.87285E-4 4.46778E-4 8.99168E-4 4.7086E-4 6.29325E-4 9.05564E-4
-9999 -9999 -9999 -9999 -9999 6.16667E-3 5.1543E-3 4.36761E-3 1.03253E-3 2.13136E-3 2.66725E-3 2.55966E-3 2.76965E-3 2.04602E-3 2.65342E-3 2.04111E-3 2.04111E-3 2.05465E-3 1.81757E-3 1.84696E-3 2.15402E-3 2.01544E-3 2.26354E-3 2.2555E-3 1.97941E-3 1.93894E-3 2.51021E-3 3.14068E-3 2.68169E-3 2.38642E-3 3.16973E-3 2.5444E-3 2.38181E-3 1.49283E-3 1.92484E-3 2.29083E-3 8.6222E-3 2.47477E-3 2.19539E-3 5.90142E-4 5.25282E-4 4.80793E-4 5.14798E-4 5.09716E-4 4.87989E-4 4.83354E-4 4.54317E-4 3.9292E-4 3.91027E-4 3.57423E-4 3.65282E-4 3.78513E-4 4.2674E-4 4.72783E-4 7.01975E-4 8.2879E-4 8.00629E-4 3.25566E-3 9.33054E-4 9.73351E-4 7.93275E-3 1.25547E-2 9.85153E-4 1.78515E-3 2.70357E-3
-9999 8.67975E-3 8.55941E-3 -9999 -9999 6.2415E-3 5.77545E-3 4.54258E-3 9.4638E-4 2.80254E-3 8.83116E-4 8.66861E-4 2.56889E-3 2.1733E-3 1.63729E-2 7.70892E-3 8.18879E-3 8.20157E-3 7.7717E-3 7.9308E-3 8.05618E-3 2.30162E-3 2.22128E-3 2.3023E-3 2.136E-3 2.80816E-3 2.816E-3 3.23804E-3 2.95308E-3 3.00887E-3 1.20996E-2 3.48739E-3 1.20503E-2 1.34597E-2 7.46542E-3 7.69041E-3 9.63827E-3 1.92503E-3 1.75882E-3 2.19288E-3 2.54173E-3 2.421E-3 2.10092E-3 1.98279E-3 5.98771E-4 5.254E-4 4.85543E-4 4.83325E-4 4.58813E-4 4.50354E-4 3.68247E-4 3.27752E-4 5.69298E-4 2.19975E-3 2.56346E-3 5.45421E-3 3.23488E-3 8.36443E-3 7.65474E-3 2.26465E-3 1.42197E-2 1.50052E-2 2.3233E-3 1.74932E-3 1.16203E-2
8.07468E-3 8.10607E-3 8.54356E-3 -9999 -9999 6.19289E-3 5.73094E-3 4.70609E-3 9.75403E-4 3.44949E-3 3.13485E-3 3.18097E-3 8.6527E-4 3.13842E-3 3.16998E-3 3.06699E-3 3.25275E-3 3.44653E-3 1.93024E-2 9.16825E-3 9.2995E-3 9.2508E-3 8.36079E-3 8.38978E-3 8.52308E-3 8.0923E-3 8.46682E-3 9.1066E-3 1.1521E-2 1.24713E-2 1.30633E-2 1.50185E-2 1.55382E-2 1.59919E-2 2.13604E-2 9.6481E-3 1.05469E-2 8.91018E-3 7.30531E-3 2.13345E-2 2.98282E-3 3.25092E-3 2.45245E-3 2.36902E-3 2.01428E-3 1.71315E-3 5.10899E-4 3.44321E-3 3.33668E-3 1.13353E-3 4.91549E-4 5.37582E-4 5.91506E-4 5.68996E-4 4.94356E-3 5.93125E-3 6.53377E-3 9.20642E-3 8.49494E-3 9.31924E-3 2.29982E-2 1.85289E-2 1.18326E-2 2.01658E-3 3.04421E-3
1.37097E-2 6.75015E-3 -9999 -9999 -9999 -9999 5.50021E-3 4.76665E-3 3.99876E-3 3.95149E-3 3.88449E-3 3.1628E-3 1.18629E-3 3.00808E-3 3.38438E-3 3.18915E-3 3.44564E-3 3.52331E-3 3.54272E-3 3.39841E-3 3.56877E-3 1.94416E-2 9.40291E-3 9.31773E-3 9.13256E-3 9.24327E-3 9.54591E-3 1.12404E-2 1.21548E-2 1.28189E-2 1.30232E-2 1.47692E-2 1.70817E-2 1.81866E-2 2.49848E-2 1.14984E-2 1.10322E-2 9.31312E-3 1.04749E-2 1.03619E-2 3.49746E-3 3.5047E-3 2.63376E-3 2.3931E-3 5.74969E-3 1.47528E-3 1.4892E-3 1.47372E-3 1.46448E-3 4.94506E-3 1.60961E-3 3.12516E-3 3.37193E-3 4.13538E-3 5.14885E-3 6.203E-3 1.48549E-3 6.73671E-3 8.63281E-3 9.12209E-3 1.47797E-2 1.94457E-2 1.60152E-2 9.68453E-3 1.10573E-2
3.73527E-3 1.32373E-2 -9999 -9999 -9999 -9999 5.12037E-3 4.72654E-3 4.2764E-3 3.91092E-3 3.86533E-3 3.98739E-3 3.79381E-3 3.90468E-3 3.73522E-3 3.59794E-3 3.73672E-3 3.71056E-3 3.57406E-3 3.64933E-3 3.77899E-3 3.39845E-3 3.47255E-3 3.38064E-3 3.40401E-3 1.88852E-2 2.06011E-2 9.99055E-3 1.07354E-2 1.11481E-2 1.13079E-2 1.63331E-2 1.66707E-2 1.7098E-2 1.72252E-2 2.20024E-2 1.01333E-2 1.06029E-2 9.63188E-3 8.66405E-3 1.02936E-2 3.43112E-3 7.97713E-3 6.07123E-3 5.65653E-3 1.59453E-3 1.56794E-3 1.24258E-3 1.32466E-3 1.6843E-3 3.17253E-3 1.15534E-2 1.27943E-2 1.81532E-2 2.04726E-2 3.66871E-2 6.70989E-3 7.61205E-3 7.39047E-3 7.65317E-3 1.39772E-2 1.67357E-2 1.74438E-2 1.32984E-2 9.5016E-3
-9999 1.68362E-2 -9999 -9999 -9999 -9999 4.92642E-3 4.78524E-3 4.45829E-3 4.21013E-3 3.84197E-3 3.89522E-3 4.03712E-3 4.06717E-3 3.92572E-3 3.94057E-3 3.81601E-3 3.85145E-3 3.86568E-3 3.66445E-3 3.42264E-3 3.34989E-3 3.23148E-3 3.29541E-3 3.37343E-3 3.39734E-3 3.32483E-3 3.59134E-3 3.9504E-3 4.08212E-3 1.12009E-2 1.16621E-2 1.56672E-2 1.54305E-2 1.70285E-2 1.72017E-2 8.61897E-3 1.71806E-2 1.08453E-2 9.76281E-3 8.35044E-3 9.38227E-3 7.3182E-3 6.65533E-3 6.11931E-3 1.04693E-2 5.52946E-3 1.69427E-3 5.83031E-3 6.00042E-3 5.90811E-3 1.20139E-2 1.3179E-2 1.56537E-2 1.79835E-2 2.03824E-2 1.91329E-2 2.03902E-2 2.33405E-2 6.16208E-2 1.09251E-2 1.3647E-2 1.51337E-2 8.92358E-2 3.02311E-2
-9999 1.5178E-2 -9999 -9999 -9999 -9999 -9999 -9999 -9999 4.13601E-3 -9999 4.05235E-3 4.15257E-3 4.03056E-3 4.0813E-3 4.04592E-3 3.91777E-3 3.81474E-3 3.81474E-3 3.68982E-3 3.47665E-3 3.32453E-3 3.54311E-3 3.54175E-3 3.39502E-3 3.40775E-3 3.28235E-3 3.38924E-3 3.56991E-3 3.6624E-3 3.94276E-3 3.99056E-3 1.06744E-2 1.09013E-2 1.60178E-2 1.59107E-2 1.31708E-2 6.5423E-3 1.44552E-2 7.80906E-3 7.0615E-3 6.84597E-3 1.26257E-2 1.39053E-2 1.14309E-2 1.03513E-2 1.02677E-2 1.05672E-2 1.09811E-2 1.13959E-2 9.55267E-3 1.0152E-2 1.11293E-2 1.56801E-2 1.5005E-2 2.10682E-2 2.07517E-2 2.21275E-2 2.35469E-2 2.73497E-2 3.26668E-2 3.38225E-2 2.7468E-2 2.64032E-2 2.5819E-2
-9999 1.3507E-2 -9999 -9999 -9999 -9999 -9999 -9999 -9999 -9999 -9999 -9999 -9999 -9999 -9999 -9999 3.84082E-3 3.80685E-3 3.75244E-3 3.68001E-3 3.5697E-3 3.51836E-3 3.51657E-3 3.39919E-3 3.32129E-3 3.38273E-3 3.38098E-3 3.29801E-3 3.21355E-3 3.23025E-3 3.58956E-3 3.66899E-3 3.73659E-3 2.08996E-2 1.03045E-2 1.38943E-2 1.38743E-2 1.2965E-2 1.20663E-2 1.28825E-2 1.25939E-2 1.41082E-2 1.35045E-2 1.2663E-2 8.99539E-3 8.85262E-3 9.17773E-3 9.45173E-3 9.49409E-3 9.41931E-3 9.39974E-3 1.02229E-2 1.40613E-2 1.2938E-2 1.52719E-2 1.95262E-2 2.21001E-2 2.42714E-2 2.60905E-2 2.74743E-2 2.92459E-2 2.34061E-2 2.17279E-2 2.28152E-2 2.36169E-2
-9999 1.25691E-2 -9999 -9999 -9999 -9999 -9999 -9999 -9999 -9999 -9999 -9999 -9999 -9999 -9999 -9999 -9999 -9999 -9999 -9999 -9999 -9999 -9999 -9999 -9999 3.1716E-3 3.15422E-3 3.08729E-3 3.16531E-3 3.19999E-3 3.32267E-3 3.35945E-3 3.38689E-3 3.37581E-3 3.37571E-3 9.56599E-3 1.36107E-2 1.35611E-2 1.41011E-2 1.4095E-2 1.34432E-2 1.32009E-2 9.25003E-3 8.42003E-3 8.57357E-3 -9999 -9999 9.37705E-3 8.7177E-3 9.24017E-3 9.48834E-3 1.0048E-2 9.35636E-3 1.30472E-2 1.2566E-2 -9999 -9999 -9999 -9999 -9999 -9999 -9999 2.14288E-2 2.28046E-2 2.42517E-2
-9999 1.14958E-2 -9999 -9999 -9999 -9999 -9999 -9999 -9999 -9999 -9999 -9999 -9999 -9999 -9999 -9999 -9999 -9999 -9999 -9999 -9999 -9999 -9999 -9999 -9999 -9999 -9999 -9999 -9999 -9999 3.19999E-3 3.17753E-3 -9999 2.9951E-3 3.09862E-3 3.24906E-3 1.24179E-2 1.25972E-2 -9999 -9999 -9999 -9999 -9999 -9999 -9999 -9999 8.36706E-3 -9999 -9999 -9999 8.15867E-3 -9999 -9999 -9999 -9999 -9999 -9999 -9999 -9999 -9999 -9999 -9999 -9999 2.49851E-2 2.7028E-2
