KUENM_DEFAULT/Final_Models/M_1_F_lqpth_Set_1_NE/sp1_stddev.asc
ncols         197
nrows         210
xllcorner     56.1666666666667
yllcorner     4.5
cellsize      0.166666666666667
NODATA_value  -9999
[rows 84 to 111 of 210, columns 130 to 194 of 197]
1.01531E-1 9.71291E-2 1.02234E-1 1.55633E-1 1.60008E-1 9.15826E-2 8.73278E-2 8.99591E-2 1.01951E-1 1.04502E-1 9.44471E-2 9.16756E-2 8.75378E-2 8.09222E-2 1.12286E-1 1.6785E-1 7.62429E-2 6.47213E-2 7.35098E-2 4.7778E-2 4.24933E-2 4.34463E-2 1.67678E-1 1.66902E-1 1.54384E-1 1.5626E-1 1.49045E-1 1.59477E-1 1.56101E-1 4.06082E-2 4.06965E-2 3.86617E-2 4.45887E-2 4.3758E-2 4.99057E-2 1.56515E-1 1.58258E-1 1.13132E-1 1.58351E-1 1.50832E-1 5.13912E-2 1.51474E-1 1.43813E-1 1.46581E-1 1.09418E-1 5.50697E-2 1.048E-1 1.39263E-1 4.44355E-2 1.47105E-1 4.1549E-2 3.54956E-2 2.88764E-2 2.33444E-2 2.27154E-2 2.08073E-2 1.84756E-2 1.75515E-2 1.83058E-2 1.03524E-2 7.84705E-3 6.01325E-3 5.19532E-3 5.18849E-3 8.27845E-3
8.22717E-2 7.43611E-2 9.42719E-2 9.56601E-2 7.02485E-2 8.19486E-2 9.9039E-2 9.70997E-2 1.0776E-1 1.67616E-1 1.11566E-1 1.03047E-1 8.35726E-2 8.66716E-2 1.61189E-1 3.94356E-2 5.61765E-2 5.86042E-2 1.64878E-1 1.72079E-1 1.69678E-1 1.65469E-1 1.6318E-1 1.62407E-1 1.00851E-1 1.53599E-1 1.51305E-1 1.60925E-1 1.54404E-1 1.53464E-1 1.62321E-1 4.52351E-2 1.65979E-1 1.62388E-1 1.55507E-1 1.59285E-1 1.66103E-1 1.58524E-1 1.53427E-1 1.54948E-1 5.31195E-2 1.54458E-1 1.50955E-1 1.09027E-1 1.08293E-1 1.08664E-1 1.40795E-1 4.54053E-2 1.49195E-1 5.84337E-2 1.47742E-1 3.36809E-2 2.50062E-2 2.01525E-2 2.56041E-2 2.43067E-2 1.93365E-2 1.66623E-2 1.82165E-2 1.15998E-2 9.4356E-3 7.25939E-3 5.95169E-3 1.00099E-2 8.50932E-3
1.43833E-1 1.47711E-1 1.5074E-1 1.61939E-1 1.50691E-1 1.51313E-1 1.52788E-1 1.42773E-1 3.51173E-2 3.69212E-2 3.77865E-2 1.55565E-1 9.32255E-2 1.39705E-1 3.32434E-2 3.15504E-2 1.59789E-1 1.68106E-1 1.64478E-1 1.71081E-1 1.6209E-1 1.57801E-1 1.54439E-1 1.58033E-1 3.58563E-2 3.43144E-2 1.54803E-1 1.58976E-1 1.50621E-1 4.276E-2 4.04638E-2 4.65934E-2 1.61349E-1 1.65757E-1 1.58063E-1 1.63455E-1 1.67106E-1 1.63627E-1 1.6315E-1 5.56206E-2 1.45542E-1 1.6268E-1 1.51072E-1 1.48458E-1 1.08487E-1 5.65468E-2 1.54966E-1 4.56518E-2 1.46364E-1 1.5087E-1 3.75335E-2 3.10153E-2 2.64795E-2 2.65633E-2 2.95124E-2 2.79843E-2 2.19381E-2 1.08079E-2 1.0626E-2 1.12578E-2 1.05811E-2 1.34613E-2 1.14661E-2 1.04421E-2 8.83093E-3
1.45583E-1 1.47828E-1 3.39351E-2 3.21827E-2 3.39906E-2 3.08954E-2 3.16994E-2 3.21322E-2 2.82482E-2 2.66956E-2 2.47939E-2 3.31067E-2 1.52417E-1 3.11307E-2 2.54157E-2 2.50652E-2 3.10624E-2 3.47693E-2 3.60389E-2 1.49209E-1 4.16973E-2 3.2609E-2 3.3795E-2 1.46593E-1 6.25292E-2 3.52807E-2 1.02159E-1 1.55503E-1 1.44901E-1 4.03077E-2 4.01961E-2 1.52872E-1 4.01574E-2 6.88484E-2 4.10565E-2 1.54591E-1 4.78632E-2 5.13173E-2 4.09028E-2 3.87963E-2 1.53484E-1 1.47313E-1 3.70555E-2 3.52449E-2 1.52466E-1 1.54396E-1 1.49521E-1 1.50273E-1 1.50878E-1 4.31551E-2 3.83102E-2 3.42803E-2 3.34334E-2 3.47875E-2 3.54482E-2 3.27953E-2 2.4974E-2 1.04602E-2 9.11966E-3 9.76124E-3 1.48052E-2 1.40696E-2 1.24012E-2 9.42067E-3 8.34978E-3
1.44941E-1 3.31077E-2 2.78762E-2 2.72574E-2 2.40818E-2 2.48694E-2 2.77276E-2 2.84424E-2 2.96308E-2 2.49583E-2 2.30937E-2 2.44506E-2 2.57212E-2 2.57955E-2 1.94818E-2 1.87334E-2 2.28322E-2 3.12118E-2 3.98017E-2 4.09608E-2 2.85413E-2 2.62086E-2 2.33907E-2 2.89754E-2 1.38994E-1 1.30178E-1 1.39783E-1 1.56946E-1 1.45718E-1 1.40189E-1 1.39029E-1 1.46841E-1 3.83848E-2 3.9919E-2 9.59337E-2 1.32966E-1 3.50157E-2 4.55267E-2 4.68478E-2 5.84476E-2 5.97135E-2 1.58473E-1 5.13382E-2 4.9208E-2 4.88857E-2 4.56831E-2 4.61425E-2 1.37271E-1 1.43544E-1 3.76588E-2 3.64999E-2 3.13018E-2 3.40047E-2 3.78554E-2 3.60825E-2 3.04911E-2 2.29432E-2 1.48556E-2 7.38628E-3 9.94841E-3 1.42511E-2 1.34964E-2 1.13131E-2 1.02059E-2 9.33371E-3
1.5028E-1 3.2831E-2 2.56591E-2 2.52131E-2 1.97782E-2 2.00396E-2 2.37532E-2 2.81976E-2 2.53335E-2 1.88642E-2 1.85483E-2 2.17537E-2 2.20934E-2 2.0497E-2 1.98066E-2 2.54141E-2 2.95385E-2 3.29107E-2 3.83018E-2 3.15887E-2 2.13299E-2 1.96985E-2 2.15499E-2 2.28958E-2 3.07258E-2 1.39822E-1 1.43815E-1 1.43252E-1 1.45271E-1 3.97587E-2 3.86959E-2 1.36967E-1 1.39078E-1 1.33654E-1 3.07894E-2 2.9921E-2 3.81214E-2 3.67611E-2 2.81867E-2 3.3909E-2 4.2393E-2 1.58987E-1 5.58576E-2 5.14555E-2 4.63052E-2 4.2655E-2 3.77195E-2 1.36385E-1 1.39905E-1 3.30059E-2 2.75588E-2 2.43985E-2 2.59271E-2 2.76648E-2 2.74547E-2 2.31114E-2 1.62521E-2 1.18457E-2 1.13968E-2 1.42629E-2 1.33419E-2 1.11865E-2 1.14587E-2 1.0773E-2 9.94936E-3
1.50301E-1 3.5729E-2 2.78835E-2 2.07745E-2 1.92711E-2 1.9387E-2 2.17387E-2 2.25932E-2 1.89816E-2 1.45558E-2 1.52217E-2 1.64621E-2 2.11306E-2 2.41827E-2 2.18257E-2 2.2426E-2 2.20069E-2 3.39583E-2 3.09609E-2 2.67727E-2 1.62613E-2 1.6463E-2 1.9131E-2 2.19398E-2 2.91269E-2 3.47652E-2 1.50535E-1 1.49369E-1 1.44685E-1 4.08439E-2 4.2578E-2 4.29428E-2 3.74775E-2 3.4765E-2 3.37722E-2 3.42629E-2 3.56892E-2 2.8385E-2 2.325E-2 2.49318E-2 3.43141E-2 3.98505E-2 3.82539E-2 4.30076E-2 4.09898E-2 3.33812E-2 3.1349E-2 3.33123E-2 3.15124E-2 2.79371E-2 2.42377E-2 2.2368E-2 2.21521E-2 1.9585E-2 2.1488E-2 2.04121E-2 1.5082E-2 8.53174E-3 1.03979E-2 1.27224E-2 1.26149E-2 1.28251E-2 1.32908E-2 1.10791E-2 1.01846E-2
1.55868E-1 3.44689E-2 2.62657E-2 2.11663E-2 1.89105E-2 1.76125E-2 1.88679E-2 1.52859E-2 1.21197E-2 1.22321E-2 1.5671E-2 2.0518E-2 2.16479E-2 2.06641E-2 2.40442E-2 2.01324E-2 2.13152E-2 3.19303E-2 2.93112E-2 2.31256E-2 1.69985E-2 1.90541E-2 1.93397E-2 2.08262E-2 2.50719E-2 2.95184E-2 4.16631E-2 3.96482E-2 3.74088E-2 3.62502E-2 3.58795E-2 3.52208E-2 3.09287E-2 2.68471E-2 2.55145E-2 2.93455E-2 2.80824E-2 2.10827E-2 1.7798E-2 2.00996E-2 2.34469E-2 2.41866E-2 2.08322E-2 2.73372E-2 3.04867E-2 2.60414E-2 2.73839E-2 3.05109E-2 3.14375E-2 2.76579E-2 2.49048E-2 2.11523E-2 2.22957E-2 2.17412E-2 2.02288E-2 1.93616E-2 1.25434E-2 9.95027E-3 9.5626E-3 1.10987E-2 1.46592E-2 1.3503E-2 1.36255E-2 1.10069E-2 9.94312E-3
3.83686E-2 3.20105E-2 2.38671E-2 2.04474E-2 1.90133E-2 1.93709E-2 1.70359E-2 1.55778E-2 1.34518E-2 1.5132E-2 1.79556E-2 2.19016E-2 1.93482E-2 2.44637E-2 2.57805E-2 2.3358E-2 2.00444E-2 2.32391E-2 2.21352E-2 2.16013E-2 1.90015E-2 2.04309E-2 2.07367E-2 2.07357E-2 2.44474E-2 3.00152E-2 3.27474E-2 3.35238E-2 3.57948E-2 3.60731E-2 3.36639E-2 2.8141E-2 2.82973E-2 2.1564E-2 2.04851E-2 2.00623E-2 2.57745E-2 2.70346E-2 2.56238E-2 2.57512E-2 2.30399E-2 1.78968E-2 1.71923E-2 1.99841E-2 1.84338E-2 1.75879E-2 1.83022E-2 2.44508E-2 2.72779E-2 2.37958E-2 2.18856E-2 2.19883E-2 1.82613E-2 1.94935E-2 1.70429E-2 1.57586E-2 1.32843E-2 1.15034E-2 1.19563E-2 1.26852E-2 1.4301E-2 1.31943E-2 1.36103E-2 1.11581E-2 9.6396E-3
2.53309E-2 2.26808E-2 2.02143E-2 1.83679E-2 1.9483E-2 1.91489E-2 1.97363E-2 2.11015E-2 2.20503E-2 2.07832E-2 2.24723E-2 2.46707E-2 1.84263E-2 2.0101E-2 2.36544E-2 2.05601E-2 2.1168E-2 2.04171E-2 1.96071E-2 1.81252E-2 1.96332E-2 2.09134E-2 2.14509E-2 1.97201E-2 2.47694E-2 2.38004E-2 2.76238E-2 2.57172E-2 3.03573E-2 2.8343E-2 2.41797E-2 2.20771E-2 1.84053E-2 1.6492E-2 1.60499E-2 1.5363E-2 1.99212E-2 2.48708E-2 2.33108E-2 2.08925E-2 1.90385E-2 1.61921E-2 1.68681E-2 1.77967E-2 1.67688E-2 1.54237E-2 1.54012E-2 1.93499E-2 2.14752E-2 1.72147E-2 1.6872E-2 1.92637E-2 1.8938E-2 1.81298E-2 1.74386E-2 1.57172E-2 1.51793E-2 1.42681E-2 1.44444E-2 1.33299E-2 1.16171E-2 1.4828E-2 1.26412E-2 1.18664E-2 9.64865E-3
2.10227E-2 1.97048E-2 1.78276E-2 1.66882E-2 1.74969E-2 1.80674E-2 1.93309E-2 2.21861E-2 2.23425E-2 1.95456E-2 2.45741E-2 2.09521E-2 1.8037E-2 1.71349E-2 1.99974E-2 2.15618E-2 2.57103E-2 1.98379E-2 1.73059E-2 1.99617E-2 2.26557E-2 2.35137E-2 2.40161E-2 2.1136E-2 2.13707E-2 2.06079E-2 2.1215E-2 2.13518E-2 1.96237E-2 2.1728E-2 2.02799E-2 1.85981E-2 1.47642E-2 1.38031E-2 1.37489E-2 1.3001E-2 1.39039E-2 1.75644E-2 1.58829E-2 1.71447E-2 1.82746E-2 1.53459E-2 1.60583E-2 1.6728E-2 1.66613E-2 1.77277E-2 1.96229E-2 1.84877E-2 1.92256E-2 2.05099E-2 2.59497E-2 2.32407E-2 2.11517E-2 1.97207E-2 1.58681E-2 1.63611E-2 1.69098E-2 1.67465E-2 1.80893E-2 1.67789E-2 1.43451E-2 1.28363E-2 1.29346E-2 1.17812E-2 1.03527E-2
1.88627E-2 1.73676E-2 1.56742E-2 1.51893E-2 1.54076E-2 1.64847E-2 1.87143E-2 2.1406E-2 1.98379E-2 1.93962E-2 1.96291E-2 1.76778E-2 2.15774E-2 2.18382E-2 2.07692E-2 1.86742E-2 2.45743E-2 1.8609E-2 2.12432E-2 2.0722E-2 2.20195E-2 1.94059E-2 1.8486E-2 1.73449E-2 2.03627E-2 1.71129E-2 1.66854E-2 1.64996E-2 1.58515E-2 1.69892E-2 1.62782E-2 1.53007E-2 1.20268E-2 1.37369E-2 1.36703E-2 1.13985E-2 1.30823E-2 1.41375E-2 1.17763E-2 1.25459E-2 1.45618E-2 1.71476E-2 1.35239E-2 1.28718E-2 1.43879E-2 1.42631E-2 1.33277E-2 1.33119E-2 1.42554E-2 1.77557E-2 2.17735E-2 2.44649E-2 2.43258E-2 2.31928E-2 2.04235E-2 1.77699E-2 1.99501E-2 1.86984E-2 2.006E-2 1.83262E-2 1.48775E-2 1.36228E-2 1.35713E-2 1.23581E-2 1.08858E-2
1.83213E-2 1.66058E-2 1.54334E-2 1.52161E-2 1.48345E-2 1.5766E-2 1.62764E-2 1.74038E-2 2.0525E-2 1.88516E-2 2.03701E-2 1.88641E-2 1.58921E-2 1.85032E-2 1.87773E-2 1.94324E-2 1.81004E-2 1.63582E-2 1.59078E-2 1.64716E-2 1.77237E-2 1.98447E-2 1.86944E-2 1.65353E-2 1.54701E-2 1.67423E-2 1.58542E-2 1.51105E-2 1.47691E-2 1.67542E-2 1.42227E-2 1.14098E-2 1.06923E-2 1.2717E-2 1.07098E-2 1.11835E-2 9.17143E-3 1.13216E-2 9.95035E-3 1.14695E-2 1.37507E-2 1.64442E-2 1.35677E-2 1.30313E-2 1.37479E-2 1.07757E-2 1.08826E-2 1.34095E-2 1.46835E-2 1.54864E-2 1.72036E-2 1.94917E-2 2.22889E-2 2.60394E-2 2.28161E-2 2.04899E-2 3.18168E-2 2.38214E-2 1.93365E-2 1.75473E-2 1.54985E-2 1.43995E-2 1.38486E-2 1.35436E-2 1.19864E-2
1.74526E-2 1.58472E-2 1.84808E-2 2.00171E-2 1.94503E-2 1.82894E-2 1.77418E-2 1.7257E-2 1.91206E-2 2.22437E-2 2.2758E-2 2.07509E-2 2.02178E-2 1.91544E-2 1.70403E-2 1.7978E-2 1.26768E-2 1.23685E-2 1.16312E-2 1.55162E-2 1.51151E-2 1.84644E-2 1.68518E-2 1.53134E-2 1.47582E-2 1.51967E-2 1.49138E-2 1.49443E-2 1.33173E-2 1.50455E-2 1.31618E-2 1.03288E-2 9.94498E-3 1.12579E-2 9.83121E-3 9.64251E-3 9.95815E-3 1.08182E-2 1.04557E-2 1.06814E-2 1.2247E-2 1.3969E-2 1.27854E-2 1.24808E-2 1.37503E-2 1.09296E-2 1.41946E-2 1.76184E-2 1.47043E-2 1.28078E-2 1.45041E-2 1.58278E-2 1.90535E-2 2.49402E-2 2.00427E-2 1.69989E-2 1.80821E-2 2.79856E-2 2.32918E-2 1.78507E-2 1.55498E-2 1.44552E-2 1.71176E-2 1.64633E-2 1.49789E-2
1.55951E-2 1.66761E-2 1.88281E-2 2.05155E-2 2.10868E-2 2.10506E-2 2.08731E-2 2.13682E-2 2.24582E-2 2.6458E-2 2.84778E-2 2.3948E-2 2.64703E-2 2.35037E-2 1.8994E-2 1.11089E-2 9.80058E-3 1.0532E-2 1.09905E-2 1.05628E-2 1.21158E-2 1.48445E-2 1.28723E-2 1.38667E-2 1.46015E-2 1.60685E-2 1.75707E-2 1.45925E-2 1.23671E-2 1.28339E-2 1.05127E-2 9.83718E-3 1.0229E-2 9.52359E-3 7.72785E-3 8.24999E-3 9.12762E-3 9.65817E-3 1.03745E-2 1.02868E-2 1.02493E-2 1.09237E-2 1.1574E-2 1.19577E-2 1.25358E-2 1.22932E-2 1.51898E-2 1.57906E-2 1.39563E-2 1.55152E-2 1.63288E-2 1.76846E-2 1.80948E-2 2.17835E-2 1.88398E-2 1.67172E-2 1.55346E-2 1.95272E-2 1.78429E-2 2.35543E-2 1.82627E-2 1.38801E-2 1.38724E-2 1.53184E-2 1.08363E-2
1.58262E-2 1.54698E-2 1.68762E-2 1.95218E-2 2.11506E-2 2.40756E-2 2.39643E-2 2.63532E-2 2.93425E-2 3.23092E-2 3.38574E-2 2.79791E-2 2.5982E-2 2.18258E-2 1.38469E-2 1.07064E-2 1.06757E-2 1.0523E-2 1.05584E-2 1.15419E-2 1.22969E-2 1.28594E-2 1.00071E-2 1.40153E-2 1.35025E-2 1.56758E-2 1.86958E-2 1.63968E-2 1.32128E-2 1.11329E-2 9.79522E-3 9.30416E-3 9.01778E-3 8.97041E-3 9.33077E-3 8.49455E-3 1.00216E-2 8.98089E-3 1.00152E-2 9.70807E-3 8.76277E-3 8.82246E-3 1.1296E-2 1.29071E-2 1.18313E-2 1.11004E-2 1.25609E-2 1.2682E-2 1.57503E-2 1.53639E-2 1.65952E-2 1.8207E-2 1.93518E-2 1.96593E-2 1.42871E-2 1.38067E-2 1.44017E-2 1.64701E-2 1.72758E-2 1.84191E-2 1.85307E-2 1.2639E-2 1.02531E-2 1.17798E-2 8.74775E-3
1.66658E-2 1.46907E-2 1.36374E-2 1.56534E-2 1.72543E-2 2.21736E-2 2.43593E-2 3.02936E-2 3.31551E-2 3.63361E-2 3.26217E-2 2.78117E-2 2.36898E-2 1.40522E-2 1.22017E-2 1.02571E-2 1.00464E-2 9.26135E-3 1.06298E-2 1.10298E-2 1.13753E-2 1.39534E-2 1.19326E-2 1.04754E-2 1.28586E-2 1.34075E-2 1.74828E-2 1.75982E-2 1.50858E-2 1.09229E-2 9.70597E-3 9.92978E-3 8.74021E-3 9.13934E-3 8.15255E-3 8.6149E-3 8.7017E-3 9.37932E-3 8.5049E-3 7.99708E-3 8.29185E-3 8.77152E-3 1.0808E-2 1.10241E-2 1.13571E-2 1.16141E-2 1.22765E-2 1.60028E-2 1.6811E-2 1.7033E-2 1.82083E-2 1.8948E-2 1.67594E-2 1.71323E-2 1.26003E-2 1.21081E-2 1.26691E-2 1.32626E-2 1.40497E-2 1.2744E-2 1.33128E-2 8.34992E-3 5.99417E-3 8.29423E-3 8.25081E-3
1.51002E-2 1.26681E-2 1.35201E-2 1.19798E-2 1.62093E-2 2.14051E-2 1.82739E-2 3.00083E-2 3.62533E-2 4.5074E-2 3.87517E-2 2.67975E-2 1.82065E-2 1.18774E-2 1.06448E-2 1.36191E-2 9.47925E-3 9.20599E-3 1.14465E-2 1.29864E-2 1.16316E-2 1.17585E-2 1.18374E-2 1.23802E-2 1.42662E-2 1.34601E-2 1.27793E-2 1.25966E-2 1.29366E-2 1.23717E-2 9.49687E-3 1.20293E-2 9.14575E-3 8.87782E-3 8.8443E-3 9.12777E-3 1.0106E-2 1.08944E-2 1.08091E-2 8.76194E-3 8.82194E-3 9.49672E-3 1.05898E-2 1.2023E-2 1.21979E-2 1.53467E-2 1.54E-2 1.66202E-2 1.77613E-2 1.95235E-2 2.15151E-2 1.93904E-2 1.71698E-2 1.50002E-2 1.17825E-2 1.10476E-2 1.05913E-2 1.14329E-2 1.20792E-2 1.06784E-2 7.8001E-3 5.99573E-3 6.16476E-3 8.04537E-3 -9999
1.85969E-2 1.48457E-2 1.38409E-2 7.93261E-3 1.68783E-2 1.42039E-2 1.60778E-2 3.53802E-2 3.77829E-2 4.39784E-2 4.44278E-2 2.58106E-2 1.7644E-2 1.09884E-2 9.90178E-3 1.00088E-2 9.14619E-3 8.98163E-3 9.6817E-3 1.3043E-2 1.22745E-2 1.35085E-2 1.53357E-2 1.38763E-2 1.55281E-2 1.67091E-2 1.39154E-2 1.16231E-2 1.1485E-2 1.18562E-2 1.21716E-2 1.23983E-2 1.25033E-2 9.48521E-3 9.24485E-3 1.0097E-2 1.05129E-2 1.11157E-2 1.06956E-2 8.9585E-3 8.75597E-3 9.09599E-3 1.01279E-2 1.1034E-2 1.15477E-2 1.54151E-2 1.53053E-2 1.28258E-2 1.34402E-2 1.70906E-2 1.63446E-2 1.62119E-2 1.45541E-2 1.18441E-2 1.12717E-2 1.1451E-2 9.82129E-3 1.10973E-2 1.17258E-2 1.02679E-2 8.63259E-3 7.70864E-3 7.67609E-3 8.24111E-3 -9999
2.58775E-2 2.40246E-2 1.68037E-2 1.36217E-2 1.41796E-2 1.6026E-2 3.12486E-2 4.27007E-2 4.96827E-2 4.48958E-2 3.55714E-2 2.24752E-2 1.35587E-2 9.33544E-3 9.08663E-3 8.76019E-3 8.65974E-3 1.08565E-2 1.21209E-2 1.42804E-2 1.67659E-2 1.95742E-2 1.99291E-2 1.93198E-2 1.8482E-2 1.84605E-2 1.16504E-2 1.3116E-2 1.22875E-2 1.21134E-2 1.26374E-2 1.21996E-2 1.02002E-2 9.67999E-3 9.46921E-3 9.92771E-3 1.05883E-2 9.55607E-3 9.19839E-3 8.51377E-3 8.23255E-3 8.2602E-3 8.76867E-3 1.00518E-2 1.0578E-2 1.12726E-2 1.14765E-2 1.1435E-2 1.14874E-2 1.1895E-2 1.11191E-2 1.08683E-2 1.30858E-2 1.0682E-2 1.00146E-2 1.07443E-2 1.10841E-2 1.1838E-2 1.0866E-2 9.7274E-3 8.90939E-3 1.00897E-2 9.83872E-3 -9999 -9999
2.47826E-2 3.19375E-2 2.38737E-2 2.75449E-2 3.31794E-2 3.03956E-2 4.06122E-2 5.00195E-2 4.91772E-2 4.16083E-2 3.05473E-2 1.58078E-2 1.05442E-2 8.51653E-3 8.51264E-3 8.53285E-3 8.44624E-3 9.62128E-3 1.13891E-2 1.40736E-2 2.27507E-2 2.6608E-2 2.95491E-2 2.71139E-2 1.524E-2 1.37913E-2 1.2481E-2 1.42322E-2 1.32916E-2 1.23372E-2 1.21427E-2 9.64382E-3 9.28585E-3 8.69747E-3 8.59278E-3 9.07489E-3 9.62695E-3 8.88913E-3 8.40328E-3 8.18442E-3 7.99212E-3 7.73053E-3 7.64495E-3 8.79366E-3 9.66932E-3 1.10511E-2 1.15174E-2 1.11241E-2 9.41835E-3 9.79612E-3 9.08082E-3 9.47326E-3 8.56115E-3 8.07734E-3 8.05913E-3 1.08052E-2 2.09851E-2 1.24941E-2 1.08111E-2 9.26071E-3 1.08055E-2 1.27315E-2 -9999 -9999 -9999
2.65609E-2 3.27039E-2 3.84618E-2 4.69495E-2 5.23493E-2 4.53062E-2 4.81651E-2 5.47059E-2 4.58193E-2 3.74336E-2 2.07619E-2 1.27317E-2 1.15638E-2 8.90415E-3 8.24537E-3 8.82459E-3 9.41639E-3 1.1198E-2 1.38378E-2 1.70649E-2 3.09035E-2 3.26234E-2 1.94311E-2 1.80523E-2 1.75984E-2 1.46327E-2 1.61856E-2 1.57915E-2 1.46769E-2 1.33953E-2 1.08099E-2 1.03177E-2 8.99818E-3 7.48213E-3 7.33485E-3 7.2739E-3 7.97325E-3 9.27527E-3 7.57303E-3 7.34801E-3 8.5033E-3 7.3745E-3 6.78314E-3 8.45395E-3 9.62521E-3 1.04774E-2 1.14806E-2 1.02534E-2 9.55299E-3 8.82783E-3 7.82279E-3 7.4475E-3 7.48774E-3 6.41656E-3 7.17744E-3 1.2549E-2 1.09814E-2 1.09961E-2 9.45704E-3 7.90125E-3 1.01093E-2 1.00936E-2 -9999 -9999 -9999
4.41758E-2 5.0897E-2 5.46546E-2 5.93385E-2 5.6488E-2 5.98115E-2 5.6517E-2 4.7829E-2 3.70044E-2 3.28244E-2 2.80151E-2 2.06169E-2 1.60129E-2 1.01276E-2 8.11643E-3 8.64305E-3 9.99026E-3 1.25788E-2 1.59784E-2 2.06699E-2 2.95165E-2 1.87344E-2 1.70221E-2 1.75259E-2 1.80306E-2 1.62891E-2 1.6847E-2 1.7617E-2 1.73818E-2 1.41313E-2 1.25664E-2 1.1752E-2 9.98632E-3 8.15667E-3 7.4191E-3 7.3302E-3 7.23937E-3 7.35616E-3 6.90429E-3 6.96019E-3 7.46138E-3 7.19209E-3 6.8839E-3 8.48836E-3 1.04637E-2 9.50387E-3 1.0663E-2 1.06462E-2 9.65324E-3 8.62687E-3 7.2731E-3 6.59374E-3 6.91471E-3 6.32817E-3 9.09774E-3 9.17516E-3 1.0867E-2 1.03836E-2 9.87747E-3 6.71713E-3 7.22668E-3 -9999 -9999 -9999 -9999
1.56103E-1 1.60252E-1 1.58626E-1 1.62551E-1 5.70007E-2 5.71627E-2 6.07909E-2 4.2817E-2 3.31639E-2 2.89716E-2 3.34206E-2 1.99742E-2 1.4843E-2 1.11893E-2 8.94527E-3 7.20114E-3 9.19227E-3 1.2893E-2 2.04959E-2 2.5269E-2 2.02931E-2 1.96686E-2 1.62832E-2 1.6425E-2 1.64816E-2 1.4871E-2 1.63331E-2 1.76404E-2 1.60012E-2 1.61909E-2 1.35633E-2 1.16979E-2 1.01632E-2 1.05424E-2 9.02077E-3 8.17999E-3 6.83257E-3 6.79504E-3 6.66287E-3 7.13009E-3 7.46296E-3 7.7979E-3 7.67431E-3 9.35714E-3 1.00404E-2 9.76299E-3 1.00898E-2 1.05484E-2 9.78084E-3 8.81766E-3 8.00683E-3 7.45145E-3 7.35531E-3 1.03358E-2 9.23804E-3 1.024E-2 1.12911E-2 1.08614E-2 9.98689E-3 8.27583E-3 -9999 -9999 -9999 -9999 -9999
1.24774E-1 2.85841E-2 1.55683E-1 1.61513E-1 4.86495E-2 5.20192E-2 4.04059E-2 3.98514E-2 2.75206E-2 2.15654E-2 2.19757E-2 1.87179E-2 1.40445E-2 1.1595E-2 1.18695E-2 7.34617E-3 1.15002E-2 1.63949E-2 2.38378E-2 2.0688E-2 1.91557E-2 1.54104E-2 1.46006E-2 1.6075E-2 1.54898E-2 1.46699E-2 1.27394E-2 1.40405E-2 1.41483E-2 1.54671E-2 1.40722E-2 1.29977E-2 1.23329E-2 1.18227E-2 1.00748E-2 8.53924E-3 6.61961E-3 6.55737E-3 6.65987E-3 8.19267E-3 7.79892E-3 7.98296E-3 8.40763E-3 9.33688E-3 1.10494E-2 1.10062E-2 9.98825E-3 1.00444E-2 9.66938E-3 8.97846E-3 8.65775E-3 7.61757E-3 1.03146E-2 8.51104E-3 1.04771E-2 1.09739E-2 -9999 -9999 -9999 -9999 -9999 -9999 -9999 -9999 -9999
6.79231E-2 5.28408E-2 1.62907E-1 4.84873E-2 5.2399E-2 5.72697E-2 5.25662E-2 4.00382E-2 3.4282E-2 3.54666E-2 3.33509E-2 2.03136E-2 1.419E-2 1.20667E-2 9.85965E-3 7.92449E-3 1.34328E-2 1.75656E-2 1.98707E-2 1.69796E-2 1.7283E-2 1.72034E-2 1.35006E-2 1.40429E-2 1.47738E-2 1.30936E-2 1.1441E-2 1.3009E-2 1.29082E-2 1.25932E-2 1.23347E-2 1.21815E-2 1.25412E-2 1.28554E-2 1.08888E-2 9.43131E-3 7.43343E-3 6.92796E-3 7.41937E-3 7.63033E-3 8.37494E-3 8.69367E-3 9.52422E-3 1.01023E-2 9.08535E-3 1.19695E-2 1.10034E-2 1.02379E-2 9.88438E-3 8.72361E-3 8.43503E-3 8.98421E-3 9.42292E-3 9.83561E-3 1.08552E-2 -9999 -9999 -9999 -9999 -9999 -9999 -9999 -9999 -9999 -9999
7.28842E-2 1.2923E-1 1.52764E-1 4.96709E-2 5.45653E-2 6.32181E-2 5.73182E-2 5.12139E-2 3.65575E-2 4.05705E-2 3.68955E-2 2.00443E-2 1.19218E-2 8.92593E-3 8.05505E-3 8.28377E-3 1.31468E-2 1.5624E-2 1.35144E-2 1.40188E-2 1.60146E-2 1.7794E-2 1.53277E-2 1.50158E-2 1.27725E-2 1.29094E-2 1.19063E-2 1.14081E-2 1.12228E-2 1.11543E-2 1.11541E-2 1.16752E-2 1.22225E-2 1.26548E-2 1.13713E-2 1.03576E-2 8.27348E-3 7.99853E-3 8.0364E-3 8.76406E-3 1.06802E-2 1.04678E-2 1.06275E-2 1.00143E-2 1.04868E-2 1.28324E-2 1.2751E-2 1.06173E-2 9.14842E-3 9.18276E-3 9.80782E-3 9.38368E-3 9.83557E-3 1.03853E-2 1.2007E-2 -9999 -9999 -9999 -9999 -9999 -9999 -9999 -9999 -9999 -9999
8.24466E-2 1.32051E-1 1.64523E-1 5.38126E-2 7.05381E-2 6.22561E-2 5.52218E-2 3.73201E-2 3.23667E-2 2.81147E-2 3.26357E-2 2.19314E-2 1.37588E-2 1.0612E-2 8.20393E-3 8.54387E-3 1.21432E-2 1.33004E-2 1.35366E-2 1.47852E-2 1.56299E-2 1.81545E-2 1.59868E-2 1.53735E-2 1.13715E-2 1.19075E-2 1.28632E-2 1.26553E-2 1.10257E-2 1.05153E-2 1.14903E-2 1.15081E-2 1.20305E-2 1.23137E-2 1.19829E-2 1.14838E-2 1.08338E-2 9.07179E-3 9.06286E-3 9.34586E-3 1.09855E-2 1.10482E-2 1.06002E-2 1.22652E-2 1.14263E-2 1.13133E-2 9.994E-3 1.05937E-2 1.45404E-2 1.42027E-2 1.42167E-2 1.03362E-2 9.97061E-3 1.09799E-2 1.26548E-2 -9999 -9999 -9999 -9999 -9999 -9999 -9999 -9999 -9999 -9999
