KUENM_DEFAULT/Final_Models/M_1_F_lqpth_Set_1_NE/sp1_1.asc
ncols         197
nrows         210
xllcorner     56.1666666666667
yllcorner     4.5
cellsize      0.166666666666667
NODATA_value  -9999
[rows 84 to 111 of 210, columns 130 to 194 of 197]
2.85043E-1 3.07089E-1 3.67604E-1 3.49496E-1 3.6664E-1 3.26536E-1 3.34915E-1 3.57184E-1 3.01928E-1 2.80372E-1 2.40691E-1 3.2967E-1 5.20297E-1 3.86135E-1 3.18755E-1 3.50195E-1 4.38609E-1 4.84735E-1 4.82473E-1 4.61672E-1 4.57186E-1 4.65981E-1 4.25534E-1 3.86199E-1 3.46994E-1 3.53907E-1 3.81082E-1 3.74034E-1 3.66774E-1 2.05818E-1 1.98182E-1 1.8713E-1 2.00536E-1 2.07888E-1 2.31976E-1 4.02706E-1 4.61913E-1 4.84272E-1 4.26288E-1 3.79163E-1 2.30436E-1 4.2063E-1 4.52905E-1 4.66444E-1 4.72362E-1 5.02893E-1 4.4623E-1 3.48717E-1 2.00789E-1 3.61876E-1 1.84133E-1 1.54643E-1 1.15281E-1 8.9156E-2 8.53476E-2 6.72455E-2 5.05275E-2 4.08396E-2 4.47364E-2 4.05741E-2 3.12735E-2 2.20673E-2 1.8102E-2 1.84632E-2 1.34267E-2
3.41086E-1 3.5674E-1 3.44094E-1 3.56209E-1 3.93933E-1 4.27001E-1 3.0481E-1 2.88706E-1 2.52431E-1 2.37558E-1 2.5667E-1 2.8538E-1 3.23696E-1 3.1157E-1 2.42408E-1 1.27055E-1 4.42799E-1 4.57791E-1 3.52221E-1 3.89828E-1 4.04181E-1 4.10791E-1 4.08502E-1 4.0636E-1 4.056E-1 3.92218E-1 3.8941E-1 3.79836E-1 3.61059E-1 3.63441E-1 3.95888E-1 2.1171E-1 4.06936E-1 4.08534E-1 3.94447E-1 4.11543E-1 4.41911E-1 4.7839E-1 4.64184E-1 3.94119E-1 2.3477E-1 4.28317E-1 4.69491E-1 4.76669E-1 4.67391E-1 4.70154E-1 4.1716E-1 2.02807E-1 3.71691E-1 4.5174E-1 3.58079E-1 1.46256E-1 1.00928E-1 8.47781E-2 1.07556E-1 8.79724E-2 5.53499E-2 3.56397E-2 4.69964E-2 4.64668E-2 3.9463E-2 2.92544E-2 2.25303E-2 2.27138E-2 1.54524E-2
3.03155E-1 3.22855E-1 3.44214E-1 3.36209E-1 3.54528E-1 3.55822E-1 3.24474E-1 2.10212E-1 9.14381E-2 7.68275E-2 8.8111E-2 2.0671E-1 2.5018E-1 2.12021E-1 9.96975E-2 1.2057E-1 2.78881E-1 3.7669E-1 3.44915E-1 3.86472E-1 3.83338E-1 3.41937E-1 3.32547E-1 4.05082E-1 4.68082E-1 4.56812E-1 4.07231E-1 3.70832E-1 3.46552E-1 2.01713E-1 1.87693E-1 2.16755E-1 4.4067E-1 4.64204E-1 4.01217E-1 4.2511E-1 4.45684E-1 4.39528E-1 4.43737E-1 2.48663E-1 3.01526E-1 4.24575E-1 4.56708E-1 4.47017E-1 4.69833E-1 4.86393E-1 3.96986E-1 2.06887E-1 3.59446E-1 3.78358E-1 1.66397E-1 1.31024E-1 1.20307E-1 1.10471E-1 1.25297E-1 1.07945E-1 7.19512E-2 4.57755E-2 4.18064E-2 4.55562E-2 4.45459E-2 4.00426E-2 3.12038E-2 2.52799E-2 1.84965E-2
2.7391E-1 2.82524E-1 1.60138E-1 1.53764E-1 1.60825E-1 1.61415E-1 1.59092E-1 1.0655E-1 8.4951E-2 6.64003E-2 6.49411E-2 8.67369E-2 1.96956E-1 8.1569E-2 6.87632E-2 8.03552E-2 1.39665E-1 1.62685E-1 1.67071E-1 3.19101E-1 1.86002E-1 1.63969E-1 1.67059E-1 3.21087E-1 4.27957E-1 4.37678E-1 4.12333E-1 3.63375E-1 3.276E-1 1.8708E-1 1.87625E-1 3.66792E-1 4.50528E-1 6.58606E-1 4.82224E-1 3.90523E-1 2.25155E-1 2.29211E-1 1.67276E-1 1.7225E-1 3.27376E-1 3.12682E-1 1.66448E-1 1.59831E-1 4.06123E-1 4.11096E-1 3.73548E-1 3.75222E-1 3.77885E-1 1.93712E-1 1.64645E-1 1.51717E-1 1.50411E-1 1.5073E-1 1.54388E-1 1.32366E-1 9.29504E-2 4.28729E-2 3.633E-2 3.78895E-2 4.5045E-2 4.46467E-2 3.69589E-2 3.11483E-2 2.45101E-2
2.90336E-1 1.56363E-1 1.3572E-1 1.17564E-1 1.19364E-1 1.31794E-1 1.44451E-1 1.42031E-1 1.24791E-1 6.76296E-2 6.30203E-2 7.92561E-2 8.75288E-2 6.33426E-2 7.45504E-2 8.63005E-2 1.12541E-1 1.33207E-1 1.49222E-1 1.52646E-1 1.3021E-1 1.26672E-1 1.22773E-1 1.47603E-1 2.97541E-1 3.11444E-1 3.57772E-1 3.67335E-1 3.35264E-1 3.18969E-1 3.18824E-1 3.47152E-1 4.09162E-1 4.54938E-1 3.64513E-1 3.0958E-1 1.63839E-1 2.02739E-1 2.06162E-1 2.5156E-1 2.64461E-1 4.23769E-1 2.25615E-1 2.16608E-1 2.22056E-1 2.12032E-1 2.13162E-1 3.81201E-1 3.41163E-1 1.66723E-1 1.55019E-1 1.35638E-1 1.38941E-1 1.56042E-1 1.4825E-1 1.20365E-1 7.8452E-2 3.18057E-2 2.71967E-2 4.03808E-2 4.38582E-2 4.20119E-2 4.23937E-2 3.46611E-2 3.00236E-2
3.16311E-1 1.56272E-1 1.26327E-1 1.11398E-1 9.83899E-2 1.04836E-1 1.25718E-1 1.50288E-1 1.28565E-1 9.32115E-2 8.89383E-2 9.06267E-2 8.84288E-2 7.95242E-2 8.10027E-2 5.67265E-2 1.27354E-1 8.9962E-2 1.30103E-1 1.18174E-1 9.93316E-2 9.81667E-2 1.09359E-1 1.17709E-1 1.47216E-1 3.07896E-1 3.62678E-1 3.65895E-1 3.32786E-1 1.87503E-1 1.83403E-1 3.13655E-1 3.18426E-1 2.99468E-1 1.47565E-1 1.47278E-1 1.86276E-1 1.77833E-1 1.38331E-1 1.60948E-1 1.98815E-1 4.19367E-1 2.44717E-1 2.26754E-1 2.11077E-1 1.96413E-1 1.74325E-1 3.10597E-1 3.2692E-1 1.38562E-1 1.11532E-1 9.36533E-2 9.56177E-2 1.05205E-1 1.05259E-1 8.05693E-2 4.27087E-2 1.82197E-2 1.83353E-2 3.447E-2 3.99524E-2 4.19991E-2 4.19746E-2 3.73142E-2 3.26612E-2
3.20366E-1 1.7334E-1 1.37946E-1 1.01293E-1 9.51859E-2 9.91805E-2 1.13046E-1 1.17774E-1 9.40701E-2 6.51106E-2 6.81551E-2 7.59084E-2 9.88398E-2 9.96886E-2 6.77075E-2 9.55257E-2 9.80539E-2 1.26106E-1 1.18428E-1 1.00571E-1 8.17729E-2 8.15994E-2 9.90802E-2 1.13324E-1 1.41554E-1 1.70426E-1 3.46609E-1 3.42304E-1 3.23212E-1 1.82573E-1 1.88947E-1 1.91419E-1 1.81755E-1 1.75226E-1 1.72018E-1 1.78066E-1 1.78712E-1 1.44487E-1 1.19646E-1 1.25016E-1 1.68039E-1 1.89831E-1 1.81481E-1 1.9356E-1 1.79926E-1 1.53551E-1 1.45542E-1 1.41825E-1 1.31997E-1 1.13411E-1 9.30216E-2 8.17002E-2 7.83372E-2 8.14213E-2 7.21079E-2 6.66666E-2 3.56219E-2 1.77038E-2 1.53438E-2 2.72257E-2 3.6372E-2 3.81834E-2 4.09007E-2 3.86769E-2 3.31544E-2
3.42768E-1 1.66135E-1 1.29665E-1 1.04392E-1 8.93623E-2 8.57776E-2 9.02084E-2 7.39452E-2 4.81792E-2 4.53664E-2 7.93965E-2 1.01105E-1 1.01747E-1 1.0098E-1 9.99238E-2 9.11856E-2 9.32681E-2 1.17757E-1 1.08438E-1 9.74367E-2 8.55002E-2 9.28132E-2 9.93071E-2 1.03369E-1 1.23123E-1 1.44429E-1 1.81749E-1 1.73819E-1 1.61789E-1 1.6274E-1 1.62821E-1 1.61574E-1 1.53506E-1 1.37529E-1 1.33195E-1 1.48973E-1 1.4572E-1 1.09226E-1 9.35291E-2 1.0438E-1 1.1631E-1 1.19282E-1 9.99403E-2 1.21056E-1 1.33473E-1 1.18182E-1 1.25921E-1 1.29931E-1 1.32432E-1 1.1252E-1 9.52986E-2 8.43925E-2 7.97273E-2 7.75922E-2 6.64115E-2 6.34041E-2 4.44631E-2 2.87617E-2 2.59284E-2 3.3793E-2 3.73917E-2 4.03833E-2 4.17148E-2 3.89545E-2 3.15318E-2
1.84684E-1 1.57162E-1 1.16253E-1 9.75719E-2 8.6665E-2 8.87086E-2 8.07672E-2 7.41824E-2 6.47063E-2 7.49299E-2 9.04887E-2 1.08393E-1 8.73795E-2 9.06967E-2 9.45604E-2 9.50839E-2 8.89285E-2 9.43838E-2 9.44974E-2 9.1604E-2 9.55508E-2 1.05298E-1 1.03968E-1 9.98423E-2 1.19348E-1 1.30776E-1 1.40841E-1 1.47558E-1 1.60949E-1 1.60177E-1 1.50262E-1 1.28721E-1 1.32482E-1 1.11311E-1 1.06627E-1 1.08559E-1 1.23117E-1 1.28248E-1 1.3162E-1 1.22038E-1 1.10018E-1 8.39655E-2 7.57829E-2 8.19161E-2 7.2387E-2 6.63765E-2 7.53953E-2 9.28539E-2 1.11355E-1 9.17196E-2 9.32868E-2 9.28583E-2 8.40533E-2 8.21836E-2 6.95057E-2 6.30189E-2 5.39654E-2 4.49703E-2 3.99829E-2 4.2535E-2 3.64522E-2 3.89489E-2 4.22789E-2 4.03285E-2 3.11882E-2
1.27553E-1 1.11013E-1 9.58285E-2 8.29434E-2 8.54856E-2 8.57666E-2 9.09608E-2 1.01577E-1 1.00899E-1 8.18454E-2 9.81398E-2 1.0636E-1 8.34652E-2 8.60999E-2 7.88689E-2 8.39657E-2 5.98249E-2 8.34852E-2 8.15913E-2 8.95468E-2 9.74203E-2 1.04331E-1 1.04445E-1 9.12686E-2 1.01155E-1 9.3987E-2 1.18132E-1 1.06885E-1 1.366E-1 1.28729E-1 1.07731E-1 9.63682E-2 8.96427E-2 7.93176E-2 7.74356E-2 7.47242E-2 9.30331E-2 1.20056E-1 1.25274E-1 9.81727E-2 8.55113E-2 7.11689E-2 7.20283E-2 7.87219E-2 6.47252E-2 5.56671E-2 5.99973E-2 8.32806E-2 9.57598E-2 7.90199E-2 7.67526E-2 8.91363E-2 8.91079E-2 8.50537E-2 7.07123E-2 6.09198E-2 6.06183E-2 5.93072E-2 5.76279E-2 5.33651E-2 4.49563E-2 3.89378E-2 4.28241E-2 3.90019E-2 3.20194E-2
1.00609E-1 9.18682E-2 7.90944E-2 7.23957E-2 7.52752E-2 7.7485E-2 8.73745E-2 1.07222E-1 1.03301E-1 7.61922E-2 1.08595E-1 9.07968E-2 7.08116E-2 6.35071E-2 7.38555E-2 6.78645E-2 6.89109E-2 6.66527E-2 6.16046E-2 7.9294E-2 9.98766E-2 1.00189E-1 1.01837E-1 8.86796E-2 8.46043E-2 7.91174E-2 8.35317E-2 7.44455E-2 7.71459E-2 9.48769E-2 8.60628E-2 7.84566E-2 6.72134E-2 5.96167E-2 6.45987E-2 5.97897E-2 6.94607E-2 8.18797E-2 7.18712E-2 7.77857E-2 8.29016E-2 6.59866E-2 7.21859E-2 7.60434E-2 7.47566E-2 8.0608E-2 8.84955E-2 8.21709E-2 8.79951E-2 9.35239E-2 1.21035E-1 1.08382E-1 9.98253E-2 9.40076E-2 6.92924E-2 6.38541E-2 6.99371E-2 7.01994E-2 7.627E-2 7.33019E-2 6.02157E-2 5.27691E-2 4.57804E-2 3.8828E-2 3.5372E-2
8.76587E-2 7.47716E-2 6.65027E-2 6.18126E-2 6.07451E-2 6.86917E-2 8.38249E-2 9.13299E-2 8.64563E-2 8.71143E-2 8.79067E-2 7.12829E-2 6.94984E-2 6.55797E-2 5.62082E-2 4.72495E-2 5.06068E-2 4.68556E-2 5.68423E-2 7.29332E-2 9.55588E-2 9.18282E-2 8.39462E-2 7.50628E-2 6.73249E-2 5.57156E-2 5.3913E-2 5.35962E-2 5.00498E-2 6.56554E-2 6.12874E-2 5.7723E-2 4.75973E-2 4.25065E-2 4.12141E-2 4.58322E-2 3.9208E-2 3.86037E-2 3.04672E-2 3.33857E-2 4.57674E-2 5.51499E-2 5.22592E-2 4.70438E-2 5.11105E-2 5.27436E-2 5.08283E-2 5.19065E-2 5.58462E-2 8.02369E-2 1.03741E-1 1.16077E-1 1.15445E-1 1.09608E-1 8.03201E-2 7.80148E-2 8.79609E-2 7.50176E-2 7.54648E-2 7.47305E-2 6.31438E-2 5.82373E-2 5.3371E-2 4.6905E-2 3.79101E-2
8.09198E-2 7.07646E-2 6.18573E-2 6.05557E-2 5.59345E-2 6.40083E-2 7.20664E-2 7.97268E-2 8.94366E-2 8.43696E-2 7.4659E-2 6.49233E-2 6.00076E-2 4.85113E-2 4.2332E-2 3.71444E-2 3.63094E-2 3.40878E-2 4.62761E-2 6.70419E-2 8.73033E-2 9.83655E-2 8.71731E-2 7.23993E-2 6.35998E-2 6.23887E-2 4.92292E-2 4.65793E-2 4.41104E-2 5.85975E-2 5.11513E-2 4.37337E-2 3.88625E-2 3.25853E-2 2.66725E-2 2.86484E-2 2.363E-2 3.06109E-2 2.54605E-2 2.56432E-2 4.08268E-2 5.07512E-2 3.6886E-2 3.19207E-2 3.3026E-2 2.81864E-2 3.51507E-2 5.09321E-2 6.24983E-2 6.74295E-2 7.82437E-2 8.85514E-2 1.01147E-1 1.09767E-1 9.12812E-2 8.1293E-2 1.38592E-1 9.72051E-2 7.80661E-2 7.32635E-2 6.68632E-2 6.09402E-2 5.78837E-2 4.97926E-2 4.37655E-2
7.56711E-2 6.61157E-2 7.85395E-2 9.52072E-2 9.0082E-2 8.25611E-2 7.99947E-2 7.97798E-2 8.15185E-2 8.99474E-2 9.11077E-2 7.78567E-2 5.28632E-2 4.08582E-2 3.12063E-2 2.71976E-2 2.1484E-2 2.23632E-2 2.50551E-2 4.29857E-2 6.38468E-2 8.85234E-2 8.09562E-2 6.94934E-2 6.33061E-2 6.46738E-2 6.39654E-2 5.44895E-2 4.69564E-2 4.96487E-2 4.64064E-2 3.65821E-2 2.93362E-2 2.50172E-2 2.20456E-2 2.25784E-2 2.39451E-2 2.48389E-2 2.36871E-2 2.51157E-2 3.16386E-2 3.77646E-2 3.01933E-2 2.61481E-2 2.99426E-2 2.89309E-2 5.7431E-2 8.32798E-2 6.46753E-2 4.57463E-2 6.41146E-2 7.32787E-2 8.69232E-2 1.11753E-1 7.09256E-2 5.52623E-2 7.63378E-2 1.22223E-1 1.00968E-1 7.61655E-2 6.56013E-2 6.11692E-2 6.38722E-2 6.41271E-2 5.99243E-2
6.8374E-2 7.31036E-2 8.41773E-2 9.52749E-2 1.01976E-1 1.03428E-1 1.04603E-1 1.04963E-1 1.01518E-1 1.12143E-1 1.04122E-1 7.66824E-2 6.04128E-2 4.17157E-2 2.78856E-2 1.65319E-2 1.47618E-2 1.77934E-2 2.26912E-2 2.52187E-2 3.42285E-2 4.63323E-2 5.19106E-2 6.20662E-2 6.44339E-2 7.11784E-2 8.10804E-2 6.40702E-2 5.28493E-2 4.64461E-2 3.79496E-2 2.89363E-2 2.24147E-2 1.8674E-2 1.60134E-2 1.75294E-2 1.94917E-2 2.05809E-2 2.31428E-2 2.24682E-2 2.47644E-2 2.81476E-2 3.16228E-2 3.23477E-2 3.53444E-2 4.06777E-2 6.73053E-2 7.17171E-2 6.19062E-2 5.03531E-2 5.31348E-2 7.52942E-2 8.33303E-2 9.71388E-2 6.50156E-2 5.43077E-2 6.30086E-2 8.3512E-2 7.51382E-2 9.514E-2 7.07739E-2 4.94407E-2 4.78903E-2 5.36892E-2 4.02391E-2
6.83526E-2 6.78041E-2 7.23292E-2 8.59727E-2 1.02165E-1 1.17299E-1 1.18573E-1 1.23481E-1 1.27022E-1 1.24144E-1 1.10114E-1 7.71974E-2 6.23542E-2 3.89728E-2 2.1103E-2 1.41152E-2 1.54106E-2 1.71059E-2 2.16181E-2 2.77201E-2 3.44154E-2 3.54115E-2 2.50188E-2 3.67115E-2 5.18769E-2 6.76395E-2 8.53708E-2 7.46928E-2 5.7236E-2 4.39688E-2 3.42685E-2 2.41735E-2 1.81761E-2 1.61097E-2 1.58015E-2 1.64953E-2 1.72267E-2 1.82499E-2 1.94885E-2 1.67486E-2 1.67079E-2 2.07612E-2 3.15809E-2 4.13878E-2 3.70709E-2 3.7516E-2 4.39696E-2 4.29914E-2 4.19381E-2 4.78575E-2 4.99814E-2 6.3774E-2 6.70988E-2 7.69889E-2 5.5979E-2 5.24517E-2 5.83969E-2 6.93092E-2 7.24495E-2 6.75091E-2 7.24872E-2 4.248E-2 3.87076E-2 4.6416E-2 2.9538E-2
7.17825E-2 6.04151E-2 5.78148E-2 6.95648E-2 8.07368E-2 9.51632E-2 9.82421E-2 1.1699E-1 1.14844E-1 1.26947E-1 1.04804E-1 7.90222E-2 5.64848E-2 3.1359E-2 1.95499E-2 1.42599E-2 1.4919E-2 1.80646E-2 2.09467E-2 2.68844E-2 3.07638E-2 4.04135E-2 3.23907E-2 2.51446E-2 4.12109E-2 5.46412E-2 7.60168E-2 6.60352E-2 5.18581E-2 4.20066E-2 3.06917E-2 2.10592E-2 1.73413E-2 1.61666E-2 1.71694E-2 1.72767E-2 1.99009E-2 2.0473E-2 2.22895E-2 2.02555E-2 1.73464E-2 2.05957E-2 3.43584E-2 4.43548E-2 4.63109E-2 3.518E-2 4.53809E-2 4.95863E-2 5.50732E-2 5.97092E-2 6.6367E-2 6.54701E-2 5.83077E-2 6.2792E-2 4.45454E-2 4.2819E-2 4.94583E-2 5.17121E-2 5.62654E-2 4.82884E-2 4.92111E-2 2.65914E-2 1.87634E-2 2.92973E-2 1.44873E-2
6.88218E-2 4.98159E-2 4.25369E-2 3.55775E-2 6.41002E-2 8.24279E-2 4.93575E-2 9.55551E-2 1.05292E-1 1.17108E-1 1.14565E-1 7.71023E-2 5.00397E-2 2.78701E-2 1.60478E-2 1.3102E-2 1.3736E-2 1.78247E-2 2.36501E-2 3.18329E-2 3.19591E-2 3.18273E-2 3.19352E-2 4.23871E-2 5.87939E-2 5.68933E-2 4.85059E-2 5.06323E-2 4.22282E-2 3.20985E-2 2.80683E-2 3.07798E-2 2.85251E-2 2.2908E-2 2.25272E-2 2.59414E-2 3.24635E-2 3.55533E-2 3.51875E-2 2.7863E-2 2.49257E-2 2.88674E-2 4.13014E-2 4.71232E-2 4.74093E-2 4.25713E-2 4.20506E-2 4.93996E-2 6.16769E-2 6.96046E-2 7.98742E-2 6.87896E-2 6.44591E-2 6.33729E-2 4.11929E-2 3.95414E-2 3.78259E-2 4.34348E-2 4.58063E-2 1.64027E-2 1.47474E-2 9.42171E-3 7.51133E-3 9.74772E-3 -9999
8.84124E-2 6.48609E-2 3.70072E-2 8.41416E-3 4.59643E-2 2.63083E-2 3.30213E-2 8.54855E-2 1.11974E-1 1.21792E-1 1.14923E-1 8.12417E-2 5.23707E-2 2.83812E-2 1.70896E-2 1.40226E-2 1.38444E-2 1.77129E-2 2.57244E-2 3.36595E-2 4.56058E-2 5.6166E-2 7.45682E-2 6.47366E-2 6.60033E-2 7.88807E-2 6.1771E-2 4.94472E-2 3.52982E-2 3.62542E-2 3.26171E-2 3.90888E-2 3.49197E-2 3.02659E-2 2.59356E-2 3.16614E-2 3.98016E-2 4.06811E-2 3.63185E-2 3.6602E-2 3.35082E-2 3.56639E-2 4.48477E-2 4.40285E-2 4.64913E-2 4.12622E-2 3.84952E-2 4.81309E-2 5.39308E-2 5.43247E-2 4.59313E-2 5.83972E-2 4.02815E-2 4.11093E-2 4.0501E-2 3.76074E-2 2.97683E-2 3.72554E-2 1.99667E-2 1.42208E-2 1.68871E-2 1.46151E-2 1.29766E-2 1.2388E-2 -9999
1.25423E-1 1.03994E-1 4.23371E-2 2.13091E-2 1.45416E-2 2.87644E-2 7.45261E-2 1.14115E-1 1.36275E-1 1.25853E-1 9.2971E-2 6.94522E-2 4.44082E-2 2.51535E-2 1.74819E-2 1.50794E-2 1.50356E-2 2.00336E-2 2.81391E-2 3.92403E-2 8.36901E-2 1.01266E-1 1.01758E-1 9.62815E-2 9.0565E-2 8.75963E-2 4.56454E-2 5.77285E-2 3.03709E-2 2.74445E-2 4.10459E-2 2.65107E-2 4.01056E-2 3.74106E-2 2.96349E-2 3.16608E-2 3.68842E-2 4.4924E-2 3.76288E-2 3.45649E-2 3.30559E-2 3.27116E-2 3.57608E-2 3.39235E-2 3.26602E-2 3.72157E-2 3.55489E-2 3.43227E-2 3.54095E-2 4.33725E-2 4.1345E-2 3.91491E-2 3.32463E-2 3.70811E-2 3.48527E-2 3.44882E-2 3.32739E-2 1.844E-2 1.90593E-2 1.45772E-2 1.90075E-2 2.3471E-2 2.23775E-2 -9999 -9999
1.06577E-1 1.32051E-1 7.6539E-2 6.51451E-2 6.77476E-2 6.74535E-2 1.08142E-1 1.48036E-1 1.34894E-1 1.14213E-1 7.2887E-2 5.56549E-2 3.9155E-2 2.49396E-2 1.87736E-2 1.66965E-2 1.72644E-2 2.61625E-2 3.74961E-2 5.51597E-2 1.2026E-1 1.35789E-1 1.39146E-1 1.26851E-1 7.05868E-2 6.07509E-2 5.31772E-2 4.58527E-2 3.94156E-2 3.09806E-2 2.90982E-2 2.95657E-2 2.67703E-2 2.01764E-2 2.76756E-2 3.00355E-2 3.8125E-2 3.89476E-2 3.43247E-2 2.68412E-2 2.31024E-2 2.44981E-2 2.62877E-2 2.7422E-2 2.73284E-2 3.04645E-2 3.50603E-2 3.27587E-2 3.01962E-2 3.1978E-2 2.86197E-2 3.11892E-2 2.29464E-2 2.17367E-2 2.35818E-2 1.44471E-2 1.89943E-2 1.99066E-2 1.84195E-2 1.66743E-2 2.84975E-2 2.97858E-2 -9999 -9999 -9999
8.65987E-2 8.28732E-2 1.06514E-1 1.21604E-1 1.42367E-1 1.27714E-1 1.39798E-1 1.55545E-1 1.50107E-1 1.15029E-1 6.97984E-2 5.48796E-2 4.77914E-2 3.16302E-2 2.00458E-2 2.01188E-2 2.49666E-2 3.93939E-2 5.44341E-2 8.31054E-2 1.54372E-1 1.61871E-1 9.49088E-2 8.72672E-2 8.34773E-2 7.01249E-2 6.19647E-2 5.92114E-2 5.25214E-2 4.25621E-2 4.19729E-2 3.90896E-2 2.5967E-2 1.67572E-2 1.50787E-2 2.46518E-2 1.90648E-2 2.17366E-2 2.77158E-2 2.36788E-2 1.967E-2 1.99107E-2 2.14503E-2 2.47831E-2 2.42985E-2 2.91182E-2 3.47239E-2 3.62098E-2 3.12049E-2 2.52333E-2 1.85639E-2 1.65248E-2 2.16747E-2 1.35855E-2 8.03602E-3 1.18184E-2 1.64395E-2 1.71923E-2 1.52452E-2 1.29469E-2 2.20787E-2 2.33381E-2 -9999 -9999 -9999
1.48823E-1 1.56762E-1 1.67703E-1 1.73151E-1 1.90826E-1 2.06921E-1 1.93593E-1 1.58381E-1 1.51378E-1 1.49699E-1 1.3205E-1 1.05566E-1 7.96788E-2 4.08738E-2 2.54168E-2 2.62666E-2 3.11226E-2 4.72462E-2 6.94804E-2 1.07506E-1 1.51672E-1 9.8065E-2 8.6841E-2 8.87235E-2 8.84766E-2 7.86524E-2 6.71292E-2 7.27777E-2 7.24903E-2 6.65923E-2 5.75002E-2 5.24884E-2 3.48375E-2 2.01559E-2 1.6327E-2 1.42391E-2 1.4447E-2 1.39107E-2 2.1554E-2 2.028E-2 1.83262E-2 1.94376E-2 1.22542E-2 2.43783E-2 2.35792E-2 3.30391E-2 3.82198E-2 3.74429E-2 3.18011E-2 2.55685E-2 1.62668E-2 6.82308E-3 2.37717E-2 6.50545E-3 7.73182E-3 1.14996E-2 1.56875E-2 1.67338E-2 1.60406E-2 1.06114E-2 1.76138E-2 -9999 -9999 -9999 -9999
3.60815E-1 3.50543E-1 3.59086E-1 3.72558E-1 2.16994E-1 2.16657E-1 2.31933E-1 1.79508E-1 1.61038E-1 1.49687E-1 1.58835E-1 9.28475E-2 6.21171E-2 3.58803E-2 2.02317E-2 1.90385E-2 2.70611E-2 4.78023E-2 7.93255E-2 1.16607E-1 8.49608E-2 8.33113E-2 8.11315E-2 8.09369E-2 7.75847E-2 6.8397E-2 6.18384E-2 6.79301E-2 7.31211E-2 6.99632E-2 5.95798E-2 4.97318E-2 3.87831E-2 2.99947E-2 1.94114E-2 1.48098E-2 1.14182E-2 1.06852E-2 1.76148E-2 1.83105E-2 1.91515E-2 2.07107E-2 2.62362E-2 3.0171E-2 3.14779E-2 3.24522E-2 3.53585E-2 3.82092E-2 3.37507E-2 2.74225E-2 1.99938E-2 1.00749E-2 1.7253E-2 7.82008E-3 1.01247E-2 1.3196E-2 1.64444E-2 1.77041E-2 1.69011E-2 1.38626E-2 -9999 -9999 -9999 -9999 -9999
4.39679E-1 4.70571E-1 4.12436E-1 3.82682E-1 2.14417E-1 2.14606E-1 1.53666E-1 1.52178E-1 1.16308E-1 8.64929E-2 8.92046E-2 8.71408E-2 5.75941E-2 3.92769E-2 2.34615E-2 1.32634E-2 2.86174E-2 5.23105E-2 1.06519E-1 8.61742E-2 7.91716E-2 7.68248E-2 7.12367E-2 7.26118E-2 6.70633E-2 6.196E-2 5.21877E-2 5.54615E-2 5.76845E-2 5.51039E-2 4.88047E-2 4.48832E-2 4.19851E-2 3.96621E-2 2.76037E-2 1.76934E-2 1.13266E-2 1.00876E-2 1.81052E-2 2.00629E-2 2.24572E-2 2.85985E-2 2.14862E-2 2.57924E-2 4.28335E-2 4.48709E-2 3.55694E-2 3.75351E-2 3.65957E-2 3.31154E-2 2.91821E-2 1.32092E-2 1.29817E-2 1.46258E-2 1.14093E-2 1.32373E-2 -9999 -9999 -9999 -9999 -9999 -9999 -9999 -9999 -9999
4.53448E-1 3.91502E-1 4.04743E-1 2.20386E-1 2.13089E-1 2.15988E-1 1.52933E-1 1.33396E-1 1.11674E-1 9.40289E-2 8.72384E-2 6.5836E-2 4.28414E-2 3.00484E-2 1.94858E-2 1.70343E-2 3.9816E-2 6.51231E-2 8.38755E-2 5.90528E-2 6.55641E-2 6.57156E-2 6.28268E-2 6.08259E-2 6.2356E-2 5.363E-2 4.13154E-2 4.0605E-2 4.18757E-2 4.13396E-2 4.11772E-2 4.08836E-2 4.26957E-2 4.67894E-2 3.32547E-2 2.35703E-2 1.54391E-2 2.14858E-2 2.16092E-2 2.55583E-2 3.00584E-2 2.23555E-2 2.69777E-2 3.0813E-2 3.28028E-2 5.05069E-2 4.34195E-2 3.56488E-2 3.80091E-2 2.46746E-2 1.69097E-2 1.03329E-2 1.08359E-2 1.14227E-2 1.25908E-2 -9999 -9999 -9999 -9999 -9999 -9999 -9999 -9999 -9999 -9999
4.57071E-1 3.87968E-1 2.88883E-1 2.14293E-1 2.02768E-1 2.1684E-1 1.40418E-1 1.20396E-1 9.96979E-2 8.56767E-2 7.34358E-2 5.1272E-2 3.15372E-2 2.18274E-2 1.68564E-2 2.50665E-2 3.97197E-2 5.8028E-2 3.12763E-2 3.47133E-2 5.47905E-2 6.7177E-2 7.24936E-2 6.40608E-2 5.14927E-2 4.23036E-2 3.56105E-2 3.27021E-2 3.2811E-2 3.24449E-2 3.36022E-2 3.84211E-2 4.26555E-2 4.56735E-2 3.67399E-2 2.92224E-2 2.13008E-2 1.95251E-2 1.91014E-2 3.25419E-2 3.50997E-2 4.03814E-2 3.34462E-2 4.01097E-2 3.78263E-2 5.49337E-2 5.15482E-2 3.91277E-2 1.81749E-2 1.15287E-2 1.19448E-2 1.14848E-2 1.19929E-2 1.33425E-2 1.56656E-2 -9999 -9999 -9999 -9999 -9999 -9999 -9999 -9999 -9999 -9999
4.53625E-1 3.90314E-1 3.32407E-1 1.82222E-1 1.86492E-1 1.57691E-1 1.33398E-1 1.00886E-1 8.25441E-2 6.69622E-2 5.90747E-2 4.46016E-2 3.24472E-2 2.29841E-2 1.72413E-2 2.63393E-2 3.35022E-2 4.29558E-2 4.42913E-2 5.36786E-2 5.00326E-2 6.8669E-2 7.57939E-2 6.56812E-2 4.34769E-2 3.54259E-2 5.09438E-2 4.96044E-2 3.08627E-2 2.84919E-2 4.35856E-2 3.66803E-2 4.09132E-2 4.25978E-2 3.96017E-2 3.55461E-2 3.14739E-2 2.76296E-2 2.71295E-2 2.66367E-2 4.34434E-2 4.58505E-2 3.93303E-2 4.91198E-2 4.65736E-2 3.76797E-2 3.17689E-2 1.30298E-2 1.19968E-2 1.171E-2 1.20738E-2 1.32531E-2 1.32222E-2 1.48883E-2 1.77521E-2 -9999 -9999 -9999 -9999 -9999 -9999 -9999 -9999 -9999 -9999
