KUENM_DEFAULT/Final_Models/M_1_F_lqpth_Set_1_NE/sp1_max.asc
ncols         197
nrows         210
xllcorner     56.1666666666667
yllcorner     4.5
cellsize      0.166666666666667
NODATA_value  -9999
[rows 56 to 83 of 210, columns 130 to 194 of 197]
5.37625E-2 2.71184E-2 3.65678E-2 1.91975E-2 1.57056E-2 9.50569E-3 8.53629E-3 5.10944E-3 5.67689E-3 6.9446E-3 6.26043E-3 4.61169E-3 4.88766E-3 3.74518E-3 5.2955E-3 2.03551E-3 2.74726E-3 2.28095E-3 2.51879E-3 4.95989E-3 5.75566E-3 6.93535E-3 9.70899E-3 9.78969E-3 6.98889E-3 6.82896E-3 4.87577E-3 5.62263E-3 5.77834E-3 7.19186E-3 1.4566E-2 1.67978E-2 1.20217E-2 9.4718E-3 6.68607E-3 6.36512E-3 6.11841E-3 3.95883E-3 1.39331E-3 1.16435E-3 1.37165E-3 7.52042E-4 5.80633E-4 5.50027E-4 -9999 -9999 -9999 -9999 -9999 -9999 -9999 -9999 -9999 -9999 -9999 -9999 -9999 -9999 -9999 -9999 -9999 -9999 -9999 -9999 -9999
9.43657E-2 7.91486E-2 4.7701E-2 1.19497E-2 9.18144E-3 1.43079E-2 6.80366E-3 5.79118E-3 8.89962E-3 7.97492E-3 7.50635E-3 7.83345E-3 6.73269E-3 5.97859E-3 6.86803E-3 4.29974E-3 7.11694E-3 3.13674E-3 2.72133E-3 6.46083E-3 7.18409E-3 5.18299E-3 7.34446E-3 1.18541E-2 2.87118E-2 8.89997E-3 7.42831E-3 6.28627E-3 5.87356E-3 8.71373E-3 1.12467E-2 1.50018E-2 1.12619E-2 1.09223E-2 9.25315E-3 6.76661E-3 5.54253E-3 5.49161E-3 3.89465E-3 1.43498E-3 8.74062E-4 1.04775E-3 6.24252E-4 5.63716E-4 7.58795E-4 2.69544E-4 -9999 -9999 -9999 -9999 -9999 -9999 -9999 -9999 -9999 -9999 -9999 -9999 -9999 -9999 -9999 -9999 -9999 -9999 -9999
1.19856E-1 1.2269E-1 8.34185E-2 4.13534E-2 2.05512E-2 1.39321E-2 8.40268E-3 5.79383E-3 1.00471E-2 7.9804E-3 6.01327E-3 6.91232E-3 7.20589E-3 6.85645E-3 6.76448E-3 1.09167E-2 1.00294E-2 8.36093E-3 3.67687E-3 1.93724E-3 3.17675E-3 1.50176E-2 1.18314E-2 3.51158E-2 5.24129E-2 3.96859E-2 8.53744E-3 6.72284E-3 7.56352E-3 4.56212E-3 8.05256E-3 1.12192E-2 1.56932E-2 1.05125E-2 8.95016E-3 8.00939E-3 6.05657E-3 6.28985E-3 4.65091E-3 2.72098E-3 1.10665E-3 1.25985E-3 1.3175E-3 9.51542E-4 7.40373E-4 3.59402E-4 2.96278E-4 4.56378E-4 -9999 -9999 -9999 -9999 -9999 -9999 -9999 -9999 -9999 -9999 -9999 -9999 -9999 -9999 -9999 -9999 -9999
1.29906E-1 1.32697E-1 1.01621E-1 7.88E-2 4.62512E-2 3.4853E-2 2.39595E-2 1.53401E-2 6.93784E-3 4.75356E-3 6.02999E-3 5.97534E-3 7.32786E-3 9.92559E-3 9.82465E-3 1.47673E-2 1.27625E-2 9.8975E-3 8.76436E-3 7.79242E-3 1.19925E-2 5.56133E-3 2.31046E-2 7.00934E-2 5.92745E-2 4.70157E-2 3.01046E-2 1.40264E-2 9.14426E-3 7.98005E-3 8.62773E-3 1.15491E-2 5.99897E-3 7.96934E-3 7.66352E-3 6.33057E-3 5.67488E-3 7.40604E-3 6.4989E-3 5.38494E-3 2.93293E-3 2.15634E-3 2.11345E-3 1.50954E-3 1.21937E-3 8.01805E-4 5.38884E-4 6.41238E-4 4.21146E-4 3.44862E-4 -9999 -9999 -9999 -9999 -9999 -9999 -9999 -9999 -9999 -9999 -9999 -9999 -9999 -9999 -9999
1.39183E-1 1.40724E-1 1.21691E-1 1.04693E-1 9.13272E-2 6.93802E-2 4.31508E-2 2.74375E-2 1.04166E-2 3.40662E-3 2.54019E-3 4.01814E-3 7.26556E-3 8.40215E-3 1.44702E-2 1.53174E-2 1.29427E-2 1.53582E-2 1.64752E-2 9.65769E-3 9.70464E-3 1.28916E-2 2.89172E-2 6.11587E-2 3.89711E-2 3.00813E-2 1.48546E-2 7.96284E-3 5.70064E-3 6.33081E-3 8.71752E-3 1.04176E-2 1.4349E-2 5.21028E-3 5.85831E-3 3.95203E-3 5.08392E-3 6.53964E-3 4.52769E-3 5.37082E-3 4.19552E-3 2.50647E-3 3.10553E-3 2.52599E-3 2.00947E-3 1.06052E-3 1.13385E-3 8.16007E-4 8.01852E-4 6.85146E-4 6.88511E-4 4.99565E-4 -9999 -9999 -9999 -9999 -9999 -9999 -9999 -9999 -9999 -9999 -9999 -9999 -9999
1.367E-1 1.40088E-1 1.33126E-1 1.20321E-1 1.07433E-1 9.18375E-2 7.36305E-2 5.13019E-2 2.66538E-2 1.16631E-2 7.7823E-3 5.25764E-3 7.3718E-3 1.02166E-2 1.67617E-2 1.31734E-2 1.21642E-2 1.47916E-2 2.58226E-2 2.01898E-2 2.68146E-2 9.7313E-3 9.54485E-3 4.13909E-2 4.04928E-2 3.79221E-2 3.45836E-2 1.52875E-2 7.16897E-3 7.05268E-3 8.29608E-3 8.05276E-3 1.31182E-2 5.79039E-3 4.12477E-3 4.54943E-3 7.34965E-3 6.75966E-3 5.46206E-3 5.95362E-3 8.12954E-3 3.92808E-3 3.4017E-3 2.6853E-3 2.48415E-3 3.72605E-3 1.88363E-3 4.12336E-3 3.52374E-3 1.55742E-3 1.4743E-3 5.73514E-4 1.59757E-3 -9999 -9999 -9999 -9999 -9999 -9999 -9999 -9999 -9999 -9999 -9999 -9999
1.69853E-1 1.53441E-1 1.40781E-1 1.21472E-1 1.14841E-1 1.16365E-1 9.17886E-2 7.09286E-2 5.08237E-2 3.54633E-2 2.57344E-2 2.05061E-2 1.90599E-2 2.75459E-2 2.36217E-2 2.06528E-2 1.56364E-2 1.35563E-2 1.10373E-2 2.29187E-2 2.09601E-2 1.75113E-2 1.54537E-2 4.22039E-2 2.48949E-2 2.05489E-2 1.24889E-2 1.51851E-2 2.72022E-2 1.31784E-2 1.38142E-2 7.62249E-3 1.24893E-2 1.3292E-2 4.66311E-3 3.69742E-3 1.54746E-2 6.71587E-3 5.31943E-3 6.18558E-3 5.30996E-3 4.92338E-3 2.05204E-3 2.65137E-3 2.47549E-3 2.90758E-3 2.52698E-3 3.29388E-3 3.19142E-3 1.5039E-3 6.89535E-4 6.07653E-4 5.96076E-4 3.13157E-4 4.32551E-4 -9999 -9999 -9999 -9999 -9999 -9999 -9999 -9999 -9999 -9999
4.64486E-1 4.64244E-1 4.357E-1 1.50967E-1 1.42375E-1 1.41759E-1 1.13574E-1 9.41249E-2 7.33558E-2 6.77394E-2 5.67479E-2 4.70327E-2 3.945E-2 5.22928E-2 6.46531E-2 4.12661E-2 2.13861E-2 1.58336E-2 1.47777E-2 1.89161E-2 1.77704E-2 1.98681E-2 1.75457E-2 1.64157E-2 3.86497E-2 3.0778E-2 1.18274E-2 5.96024E-3 5.27806E-3 1.49571E-2 2.02571E-2 1.29912E-2 9.6098E-3 1.34021E-2 5.67684E-3 1.26206E-2 1.23602E-2 5.61555E-3 4.15075E-3 3.52764E-3 4.46611E-3 4.7248E-3 3.65177E-3 1.79779E-3 3.53677E-3 2.67773E-3 3.96102E-3 2.42038E-3 1.77634E-3 1.3841E-3 3.24194E-3 4.15824E-3 5.28274E-4 5.92167E-4 2.77564E-4 2.08542E-4 -9999 -9999 -9999 -9999 -9999 -9999 -9999 -9999 -9999
5.00619E-1 4.69831E-1 4.74045E-1 4.68648E-1 4.44743E-1 4.4614E-1 1.37621E-1 1.0336E-1 9.2415E-2 8.55302E-2 7.94868E-2 6.66218E-2 5.49609E-2 6.0593E-2 5.1002E-2 3.70495E-2 3.32255E-2 2.52503E-2 1.88425E-2 1.60446E-2 2.05461E-2 2.65214E-2 1.46928E-2 1.38056E-2 1.34906E-2 1.34783E-2 1.34163E-2 9.97556E-3 5.3572E-3 1.7075E-2 1.48742E-2 6.92424E-3 6.1232E-3 8.5641E-3 1.07487E-2 1.58088E-2 7.36898E-3 6.97524E-3 8.36115E-3 4.16842E-3 5.55228E-3 8.49789E-3 7.17541E-3 4.4047E-3 8.71208E-3 2.72773E-3 7.35881E-3 8.63006E-3 6.02802E-3 3.29296E-3 3.745E-3 7.08705E-3 2.55051E-3 3.57004E-3 6.85095E-4 7.56533E-4 1.31903E-3 -9999 -9999 -9999 -9999 -9999 -9999 -9999 -9999
5.00357E-1 4.8935E-1 4.94959E-1 4.77353E-1 4.85711E-1 4.51239E-1 1.56383E-1 1.25365E-1 1.06029E-1 9.45766E-2 8.54052E-2 7.28106E-2 6.09808E-2 6.54785E-2 5.46465E-2 4.02449E-2 3.61049E-2 3.28434E-2 2.51463E-2 2.31571E-2 2.08436E-2 1.3291E-2 9.93341E-3 1.13184E-2 1.28565E-2 1.47038E-2 1.29031E-2 1.06882E-2 8.34873E-3 7.1045E-3 2.7151E-2 1.71359E-2 2.6864E-2 2.09562E-2 3.302E-2 2.28579E-2 8.14152E-3 9.97676E-3 8.576E-3 2.29498E-2 7.11136E-3 1.43734E-2 1.07865E-2 7.10363E-3 8.75396E-3 4.55949E-3 2.00629E-3 4.14217E-3 5.40746E-3 4.61504E-3 2.38368E-3 4.37889E-3 1.03008E-2 4.5803E-3 4.08182E-3 4.22061E-3 3.61589E-3 1.00531E-2 -9999 -9999 -9999 -9999 -9999 -9999 -9999
5.21145E-1 4.98393E-1 4.61059E-1 4.69732E-1 4.75804E-1 4.39203E-1 1.45497E-1 1.23315E-1 1.2385E-1 1.04365E-1 8.29294E-2 6.90174E-2 6.21594E-2 6.75983E-2 6.55356E-2 5.34511E-2 4.88383E-2 4.19783E-2 3.93452E-2 3.25536E-2 3.05622E-2 2.33109E-2 1.10423E-2 1.18041E-2 1.3772E-2 1.42613E-2 1.22727E-2 8.84919E-3 8.27179E-3 6.50018E-3 5.65802E-3 5.61072E-3 5.38003E-3 3.87542E-3 2.49962E-3 3.31273E-3 2.21834E-3 3.83171E-3 2.65618E-2 4.25578E-3 1.19077E-2 1.24961E-2 3.8741E-2 9.67388E-3 1.96925E-2 2.87345E-2 4.47344E-3 2.0468E-3 4.66044E-3 6.85804E-3 2.51157E-3 1.94937E-3 6.70823E-3 2.90403E-3 7.09893E-3 8.30597E-3 3.01701E-3 3.69314E-3 1.10031E-2 -9999 -9999 -9999 -9999 -9999 -9999
5.39561E-1 5.09367E-1 4.59311E-1 4.62326E-1 4.66014E-1 4.33406E-1 1.3696E-1 1.29966E-1 1.3103E-1 1.10159E-1 8.81159E-2 6.58106E-2 5.97678E-2 6.32665E-2 6.72542E-2 6.22095E-2 5.96057E-2 6.12366E-2 6.44388E-2 5.19313E-2 4.37421E-2 4.33084E-2 4.55303E-2 3.98814E-2 2.2012E-2 1.75952E-2 1.42801E-2 1.19245E-2 1.08253E-2 1.07644E-2 6.52551E-3 5.145E-3 4.72045E-3 2.19785E-3 1.77182E-3 5.39405E-4 5.87276E-4 6.82075E-4 1.11506E-3 1.95378E-3 3.9819E-3 5.65841E-3 6.41927E-3 2.6385E-2 2.49684E-2 2.47733E-2 8.1805E-3 4.11051E-3 6.93002E-3 6.14553E-3 3.23484E-3 2.91986E-3 2.80838E-3 1.86705E-3 4.52259E-3 2.31968E-3 5.92489E-3 1.20858E-2 1.45365E-3 9.46908E-3 -9999 -9999 -9999 -9999 -9999
5.73614E-1 5.26913E-1 4.75677E-1 4.94334E-1 5.09465E-1 4.65257E-1 4.37309E-1 1.60834E-1 1.5035E-1 1.28546E-1 1.01682E-1 8.64847E-2 7.61944E-2 7.36012E-2 7.91154E-2 7.76529E-2 7.49715E-2 7.63191E-2 7.81917E-2 7.10731E-2 6.56267E-2 7.19161E-2 8.20008E-2 8.62562E-2 6.40282E-2 2.56727E-2 2.27371E-2 1.94922E-2 1.46024E-2 2.02828E-2 1.65008E-2 7.85954E-3 7.81351E-3 3.01946E-3 2.68841E-3 1.31594E-3 1.42755E-3 1.69042E-3 2.78092E-3 3.45373E-3 4.98194E-3 6.54269E-3 7.52283E-3 4.70334E-3 5.09006E-3 2.02845E-2 1.61135E-2 1.65293E-2 2.68237E-2 1.14478E-2 1.4159E-2 9.09967E-3 2.82895E-3 1.87857E-3 1.67075E-3 2.84237E-3 9.392E-3 1.58932E-2 4.72146E-3 5.40955E-3 3.4441E-3 -9999 -9999 -9999 -9999
6.59422E-1 5.50897E-1 5.17872E-1 5.35287E-1 5.48472E-1 5.39934E-1 4.79469E-1 4.45448E-1 4.17466E-1 1.42191E-1 1.21844E-1 1.05387E-1 1.09151E-1 1.08174E-1 1.1056E-1 8.86734E-2 8.40184E-2 8.27553E-2 8.36357E-2 8.23993E-2 8.35215E-2 1.01228E-1 9.26992E-2 8.42799E-2 6.44981E-2 3.92769E-2 2.81872E-2 2.61565E-2 2.6402E-2 2.57293E-2 2.60456E-2 1.49487E-2 1.1464E-2 7.83597E-3 8.21593E-3 6.05903E-3 5.24233E-3 5.03503E-3 5.89156E-3 6.33775E-3 8.59588E-3 1.06925E-2 1.1979E-2 1.25502E-2 1.7293E-2 3.71144E-3 2.74939E-3 1.63245E-3 1.52056E-3 1.45488E-2 2.00938E-3 7.45615E-3 6.05076E-3 8.83381E-3 2.89738E-3 3.62378E-3 1.65772E-2 2.18259E-3 1.00967E-2 4.42135E-3 3.06186E-3 -9999 -9999 -9999 -9999
6.03202E-1 5.83248E-1 5.55985E-1 5.49939E-1 6.20218E-1 5.72133E-1 5.37446E-1 5.00347E-1 4.48527E-1 4.30123E-1 1.51553E-1 1.28733E-1 1.25422E-1 1.20316E-1 1.15825E-1 9.33707E-2 8.838E-2 1.02143E-1 1.0307E-1 1.03074E-1 1.04524E-1 1.05888E-1 9.10302E-2 8.27507E-2 6.8321E-2 5.30752E-2 4.06539E-2 2.95406E-2 3.13066E-2 4.15153E-2 3.98432E-2 3.55678E-2 2.41317E-2 1.28488E-2 9.39707E-3 6.22271E-3 6.51716E-3 6.11469E-3 8.93235E-3 1.31667E-2 1.15222E-2 1.05497E-2 8.22331E-3 1.14713E-2 7.77304E-3 5.31068E-3 9.45721E-3 5.09565E-3 1.74014E-3 2.1884E-3 1.75051E-3 1.23187E-2 1.11007E-2 1.12147E-2 5.92618E-3 1.89086E-2 1.67001E-3 1.24407E-3 2.21436E-2 1.32324E-2 9.71103E-3 3.09332E-3 -9999 -9999 -9999
5.59375E-1 5.68437E-1 6.45786E-1 5.81852E-1 5.82538E-1 6.0213E-1 5.73022E-1 5.42839E-1 4.96861E-1 4.61616E-1 4.45985E-1 1.55254E-1 1.27564E-1 1.08249E-1 1.02089E-1 9.54746E-2 9.73578E-2 1.05597E-1 1.07944E-1 1.09249E-1 1.08682E-1 1.07911E-1 8.99022E-2 8.09819E-2 7.03109E-2 6.81215E-2 5.91415E-2 5.28706E-2 5.239E-2 5.52984E-2 3.20008E-2 6.05347E-2 4.36899E-2 3.48666E-2 2.63898E-2 1.82536E-2 1.33092E-2 1.15314E-2 1.41461E-2 1.8709E-2 2.02446E-2 1.73226E-2 1.25133E-2 3.86564E-3 4.46381E-3 3.33894E-3 1.19802E-2 1.3119E-2 2.99611E-3 5.27069E-3 1.41174E-3 1.47749E-3 1.44748E-3 1.33694E-3 1.32509E-3 1.31043E-3 1.9003E-3 1.45923E-3 1.81003E-3 1.8944E-3 1.36775E-2 5.86552E-3 1.04538E-2 -9999 -9999
6.39919E-1 5.63786E-1 6.57473E-1 6.66208E-1 5.91729E-1 6.01964E-1 6.18914E-1 6.10369E-1 5.81396E-1 5.37366E-1 4.7509E-1 4.50368E-1 1.54082E-1 1.10972E-1 1.03576E-1 1.02834E-1 1.09297E-1 1.14074E-1 1.18622E-1 1.15923E-1 1.16084E-1 1.10643E-1 9.11632E-2 8.16642E-2 8.27676E-2 7.63271E-2 7.02091E-2 6.64104E-2 6.36897E-2 6.56416E-2 6.75633E-2 6.36504E-2 5.31829E-2 5.08609E-2 4.70907E-2 3.54771E-2 2.50178E-2 2.17353E-2 2.28163E-2 2.5348E-2 2.61618E-2 2.02032E-2 1.54605E-2 1.46367E-2 1.7887E-2 1.38601E-2 1.25341E-2 1.56471E-2 1.84182E-2 2.05002E-2 7.82835E-3 1.8272E-3 1.74506E-3 3.47818E-3 1.32922E-3 8.18969E-3 1.374E-2 1.99042E-3 3.53173E-3 2.5096E-3 2.30206E-3 2.38401E-3 1.6747E-3 -9999 -9999
6.45273E-1 6.08871E-1 5.73431E-1 5.82653E-1 5.98091E-1 6.09554E-1 6.28134E-1 6.37749E-1 6.04623E-1 5.70142E-1 5.36298E-1 4.88602E-1 4.89104E-1 1.59194E-1 1.18208E-1 1.08395E-1 1.09679E-1 1.26925E-1 1.34391E-1 1.2848E-1 1.23079E-1 1.17232E-1 1.07099E-1 9.65278E-2 8.65292E-2 8.5688E-2 8.64811E-2 8.01745E-2 7.46029E-2 7.36795E-2 7.41487E-2 6.45203E-2 5.43859E-2 4.87325E-2 5.43406E-2 4.70901E-2 3.83527E-2 3.4276E-2 3.47751E-2 4.12843E-2 5.35966E-2 4.30958E-2 2.39536E-2 1.94142E-2 1.87882E-2 1.76677E-2 2.34401E-2 3.52316E-2 3.90596E-2 2.89805E-2 2.49512E-2 2.13154E-2 2.29474E-2 1.07802E-2 2.7277E-3 7.18392E-3 4.67525E-2 4.21496E-3 4.87306E-3 9.66257E-3 2.65185E-3 1.5691E-3 1.81292E-3 1.27989E-3 -9999
6.2598E-1 6.20402E-1 5.9216E-1 5.82306E-1 6.04091E-1 6.14368E-1 6.21334E-1 6.29505E-1 6.88792E-1 6.46782E-1 5.47406E-1 5.42873E-1 5.40071E-1 4.60642E-1 1.52227E-1 1.22652E-1 1.23183E-1 1.41707E-1 1.49109E-1 1.43832E-1 1.38639E-1 1.26904E-1 1.14074E-1 1.02303E-1 9.3231E-2 1.00885E-1 1.08539E-1 9.66085E-2 8.54072E-2 8.32351E-2 8.22699E-2 6.31087E-2 5.13822E-2 5.2897E-2 6.0543E-2 5.64911E-2 4.94036E-2 4.88671E-2 5.21541E-2 5.54096E-2 6.20501E-2 6.85951E-2 5.98649E-2 3.83087E-2 3.17081E-2 2.79585E-2 2.87103E-2 3.31971E-2 4.30625E-2 4.84565E-2 3.11279E-2 4.4328E-2 2.21763E-2 3.20987E-2 8.05051E-3 2.88568E-2 4.40482E-2 1.33552E-2 2.57947E-2 7.48415E-3 1.9173E-3 1.3828E-3 1.52119E-3 1.36931E-3 -9999
6.81203E-1 6.22833E-1 5.92517E-1 5.90413E-1 5.8979E-1 6.01097E-1 5.96788E-1 5.94296E-1 6.61267E-1 6.47364E-1 5.5143E-1 5.35884E-1 5.34062E-1 4.64724E-1 4.30681E-1 1.62832E-1 4.26389E-1 1.67333E-1 1.6203E-1 4.66602E-1 4.62808E-1 1.36579E-1 1.21346E-1 1.10526E-1 1.0316E-1 1.0566E-1 1.16853E-1 1.03367E-1 9.32831E-2 8.19971E-2 8.33737E-2 8.14543E-2 6.77361E-2 6.96703E-2 7.24517E-2 7.0167E-2 6.22368E-2 6.08944E-2 7.06621E-2 7.27839E-2 7.25288E-2 8.15473E-2 7.19436E-2 5.31362E-2 4.75529E-2 4.49285E-2 4.42728E-2 4.62118E-2 4.32253E-2 4.45089E-2 5.43851E-2 6.99751E-2 4.19251E-2 4.32252E-2 3.47773E-2 3.86364E-2 4.66145E-2 3.65511E-2 1.77438E-2 1.09823E-2 6.27741E-3 1.53419E-3 9.07061E-4 1.19143E-3 8.24178E-4
6.20379E-1 6.37086E-1 5.91083E-1 6.6268E-1 5.75079E-1 5.79998E-1 5.83418E-1 5.73413E-1 5.828E-1 6.44335E-1 6.35753E-1 5.39897E-1 5.37219E-1 4.7668E-1 4.53165E-1 4.53573E-1 4.69433E-1 4.40009E-1 1.7225E-1 4.83808E-1 4.68505E-1 1.41635E-1 1.28128E-1 1.19886E-1 1.11798E-1 9.4748E-2 1.00181E-1 9.50846E-2 9.12749E-2 9.30817E-2 1.05148E-1 1.1585E-1 9.90491E-2 8.85169E-2 8.19524E-2 8.26487E-2 7.15144E-2 7.63201E-2 8.27987E-2 7.88114E-2 7.77033E-2 8.25509E-2 7.75261E-2 6.84198E-2 6.8118E-2 6.48531E-2 7.39699E-2 8.6373E-2 7.6989E-2 6.96088E-2 5.22846E-2 5.02487E-2 5.04537E-2 4.06938E-2 2.23668E-2 1.25202E-2 1.59234E-2 1.97632E-2 1.16568E-2 7.36467E-3 5.85709E-3 4.60786E-3 3.17333E-3 1.15346E-3 7.65673E-4
6.06485E-1 5.90221E-1 6.56243E-1 6.49832E-1 6.40233E-1 5.93304E-1 5.94417E-1 5.88753E-1 6.63484E-1 6.58355E-1 6.48993E-1 6.34656E-1 5.52815E-1 5.30072E-1 5.21552E-1 5.87153E-1 5.78207E-1 4.99167E-1 4.87062E-1 4.85051E-1 4.64729E-1 1.48684E-1 1.45012E-1 1.34186E-1 1.17446E-1 9.81299E-2 1.00829E-1 1.17527E-1 1.24341E-1 1.36031E-1 1.37276E-1 1.32462E-1 1.23582E-1 1.05351E-1 9.56468E-2 9.11792E-2 9.07952E-2 9.83223E-2 1.04075E-1 9.67919E-2 9.02755E-2 8.9973E-2 8.87285E-2 9.44356E-2 7.338E-2 6.87079E-2 8.62513E-2 9.95491E-2 5.2622E-2 5.56872E-2 9.66973E-2 6.88681E-2 4.92711E-2 4.08479E-2 3.09936E-2 2.12065E-2 1.72941E-2 1.31719E-2 6.35396E-3 5.048E-3 5.53032E-3 7.32066E-3 6.17633E-3 2.36292E-3 1.1737E-3
5.77041E-1 5.66619E-1 6.54141E-1 6.49229E-1 6.32894E-1 6.59017E-1 6.01819E-1 5.97509E-1 6.55568E-1 6.56573E-1 6.43022E-1 6.30596E-1 5.64325E-1 5.44747E-1 5.38565E-1 5.9294E-1 5.76845E-1 5.01641E-1 4.97274E-1 4.83428E-1 4.67246E-1 4.5648E-1 4.56341E-1 4.21208E-1 1.54806E-1 1.33974E-1 1.22427E-1 1.32856E-1 1.52813E-1 1.51225E-1 1.37485E-1 1.44847E-1 1.33389E-1 1.17439E-1 1.0709E-1 1.09958E-1 1.27601E-1 1.5183E-1 1.45003E-1 1.21581E-1 9.25807E-2 9.40739E-2 1.05235E-1 1.07707E-1 7.68889E-2 6.17511E-2 8.78741E-2 1.14371E-1 1.17826E-1 7.97699E-2 8.81959E-2 1.15778E-1 9.58244E-2 6.9698E-2 5.33433E-2 3.40985E-2 2.33734E-2 1.70182E-2 9.98982E-3 7.78858E-3 7.65449E-3 7.97814E-3 6.20564E-3 3.75886E-3 2.16605E-3
5.52166E-1 4.53927E-1 4.60526E-1 4.82193E-1 4.88822E-1 6.447E-1 6.54843E-1 5.91672E-1 5.69548E-1 6.3642E-1 6.2399E-1 5.35441E-1 5.38773E-1 5.298E-1 5.05229E-1 4.94352E-1 4.81519E-1 4.84927E-1 4.92461E-1 4.83548E-1 4.74526E-1 4.73109E-1 4.39832E-1 4.30909E-1 1.74539E-1 1.66627E-1 1.27868E-1 1.10656E-1 1.44328E-1 1.40417E-1 1.24255E-1 1.33138E-1 1.33594E-1 1.0862E-1 1.07375E-1 1.37798E-1 1.7802E-1 1.8355E-1 1.5384E-1 1.28714E-1 1.00387E-1 1.0945E-1 1.15364E-1 1.2567E-1 1.34871E-1 1.01576E-1 9.86993E-2 1.09774E-1 1.17586E-1 1.16677E-1 1.26384E-1 1.25286E-1 1.11009E-1 8.88E-2 7.24101E-2 5.73269E-2 3.97957E-2 2.83397E-2 1.75369E-2 1.34385E-2 1.12826E-2 9.80867E-3 7.4041E-3 5.54656E-3 4.02616E-3
4.86918E-1 4.2385E-1 4.04685E-1 1.45638E-1 4.18121E-1 4.64704E-1 5.64546E-1 5.56712E-1 4.44894E-1 4.39916E-1 4.51016E-1 5.28035E-1 5.23321E-1 5.06848E-1 4.65989E-1 1.72313E-1 1.62468E-1 4.69164E-1 4.90739E-1 4.9021E-1 4.49428E-1 4.5412E-1 4.43386E-1 4.31833E-1 1.79423E-1 1.72488E-1 1.35763E-1 1.30877E-1 1.52367E-1 1.55342E-1 1.07641E-1 1.29992E-1 1.30614E-1 8.96041E-2 1.0283E-1 1.62439E-1 4.46824E-1 4.4822E-1 1.70915E-1 1.43763E-1 1.35669E-1 1.45794E-1 1.49994E-1 1.76673E-1 3.94934E-1 1.42978E-1 1.05619E-1 9.80575E-2 1.03645E-1 1.39344E-1 1.37802E-1 1.26652E-1 1.12244E-1 9.85309E-2 8.65942E-2 7.42348E-2 6.15804E-2 4.14985E-2 3.19462E-2 2.1292E-2 8.0171E-3 1.3301E-2 1.2087E-2 8.60314E-3 7.19634E-3
4.65383E-1 4.86047E-1 1.43755E-1 1.28355E-1 4.2711E-1 4.5256E-1 4.45536E-1 4.38088E-1 4.25379E-1 4.32826E-1 6.16627E-1 6.31855E-1 6.19149E-1 5.89719E-1 5.08365E-1 4.39404E-1 1.86041E-1 4.55409E-1 4.6827E-1 4.60848E-1 4.62729E-1 4.62793E-1 4.48142E-1 4.24865E-1 1.73033E-1 1.7421E-1 1.72008E-1 1.68041E-1 1.84443E-1 1.7714E-1 1.49475E-1 1.49469E-1 1.2265E-1 9.20349E-2 1.09657E-1 1.72112E-1 4.60054E-1 4.57833E-1 1.90618E-1 1.63384E-1 1.69546E-1 1.74549E-1 1.70975E-1 1.83235E-1 1.84489E-1 1.71331E-1 1.53193E-1 1.22623E-1 1.18461E-1 1.4787E-1 4.46636E-1 1.36685E-1 1.17264E-1 1.04868E-1 9.78273E-2 8.65425E-2 7.02469E-2 5.57325E-2 4.44876E-2 1.7465E-2 1.34142E-2 1.04676E-2 1.8432E-2 1.63362E-2 1.4741E-2
6.20304E-1 4.82194E-1 4.30642E-1 4.24639E-1 4.55725E-1 4.56473E-1 4.24332E-1 4.29582E-1 4.55789E-1 4.7034E-1 6.19933E-1 5.17039E-1 5.32948E-1 6.28487E-1 6.11237E-1 5.92968E-1 5.16892E-1 5.02298E-1 6.03815E-1 4.72109E-1 4.73599E-1 4.7147E-1 4.4419E-1 4.23693E-1 1.89513E-1 1.90215E-1 4.22888E-1 4.27944E-1 4.25774E-1 1.83596E-1 1.90413E-1 1.8345E-1 1.46453E-1 1.17162E-1 1.34875E-1 1.90674E-1 4.30627E-1 4.31148E-1 2.17179E-1 1.95507E-1 2.0701E-1 2.0488E-1 2.14336E-1 2.09388E-1 2.18794E-1 2.06212E-1 2.01916E-1 1.69809E-1 1.07941E-1 1.1961E-1 4.50073E-1 1.4606E-1 1.19776E-1 1.08087E-1 9.95982E-2 8.75583E-2 7.36771E-2 6.35222E-2 5.86786E-2 2.67859E-2 2.11512E-2 1.59256E-2 1.40197E-2 2.52784E-2 2.42057E-2
6.18286E-1 6.19471E-1 4.79406E-1 4.76935E-1 4.9611E-1 4.88472E-1 4.81575E-1 4.87107E-1 5.14179E-1 5.19842E-1 6.00364E-1 5.0735E-1 5.66186E-1 5.67081E-1 6.06838E-1 5.77901E-1 5.35482E-1 5.34515E-1 5.77099E-1 5.24987E-1 5.05211E-1 5.00116E-1 4.61825E-1 4.54842E-1 2.07587E-1 1.99954E-1 4.36092E-1 4.40377E-1 4.37672E-1 1.90096E-1 1.72556E-1 1.77014E-1 1.67527E-1 1.55133E-1 1.65753E-1 2.18225E-1 4.38762E-1 4.58964E-1 4.13926E-1 2.29364E-1 3.94447E-1 4.18661E-1 4.24606E-1 2.4226E-1 4.25834E-1 4.68344E-1 4.17443E-1 2.04291E-1 1.36914E-1 1.374E-1 1.63956E-1 1.48426E-1 1.20786E-1 1.08344E-1 9.75768E-2 8.89771E-2 8.29989E-2 7.99269E-2 3.98316E-2 3.63708E-2 2.92183E-2 2.15538E-2 1.90089E-2 3.38476E-2 2.92213E-2
