KUENM_DEFAULT/Final_Models/M_1_F_lqpth_Set_1_NE/sp1_9_se_asia.asc
ncols         320
nrows         243
xllcorner     44.0
yllcorner     -0.666666666666667
cellsize      0.166666666666667
NODATA_value  -9999
[rows 31 to 61 of 243, columns 70 to 139 of 320]
3.30592E-3 2.82528E-3 2.82567E-3 2.90382E-3 2.91751E-3 2.89856E-3 3.12207E-3 3.05294E-3 2.69911E-3 2.55076E-3 3.18348E-3 3.46874E-3 3.33292E-3 3.12206E-3 3.34779E-3 3.24755E-3 3.57836E-3 4.22694E-3 4.62363E-3 5.10233E-3 5.1659E-3 5.68556E-3 5.70539E-3 5.94935E-3 6.09394E-3 5.60603E-3 6.34772E-3 6.34272E-3 5.76473E-3 7.31226E-3 8.58858E-3 9.07824E-3 9.79675E-3 1.03901E-2 1.11395E-2 1.16994E-2 1.16623E-2 1.21692E-2 1.20371E-2 9.37934E-3 1.16747E-2 8.99027E-3 8.09544E-3 5.27195E-3 3.90312E-3 4.10584E-3 3.96196E-3 3.28096E-3 2.7665E-3 2.12727E-3 1.62339E-3 1.6454E-3 1.30208E-3 1.46872E-3 1.35675E-3 1.33457E-3 1.23145E-3 1.17823E-3 1.16089E-3 1.15903E-3 1.15309E-3 1.19204E-3 1.23597E-3 1.3748E-3 1.31037E-3 1.28811E-3 1.25445E-3 1.37276E-3 1.88917E-3 1.99184E-3
2.67443E-3 2.68717E-3 2.71281E-3 2.94857E-3 2.90315E-3 2.91025E-3 3.17879E-3 3.10796E-3 2.87459E-3 2.47467E-3 3.06542E-3 3.1636E-3 3.34458E-3 2.70578E-3 2.25351E-3 2.3553E-3 2.90395E-3 3.55453E-3 4.0385E-3 4.52792E-3 4.91001E-3 5.11797E-3 5.41361E-3 5.16187E-3 5.72509E-3 6.18049E-3 6.33628E-3 6.66314E-3 6.1354E-3 6.16428E-3 7.58821E-3 8.23667E-3 8.55646E-3 9.67158E-3 1.11422E-2 1.17453E-2 1.23332E-2 1.33746E-2 1.38329E-2 1.36243E-2 1.39617E-2 1.14178E-2 7.36781E-3 4.79192E-3 6.402E-3 9.02896E-3 6.64851E-3 4.23543E-3 2.45131E-3 2.42901E-3 2.2617E-3 1.86007E-3 1.58358E-3 1.44252E-3 1.29464E-3 1.25657E-3 1.20606E-3 1.1159E-3 1.10937E-3 1.14545E-3 1.14533E-3 1.20797E-3 1.24854E-3 1.24993E-3 1.23146E-3 1.33517E-3 1.36302E-3 1.35038E-3 1.42646E-3 1.6033E-3
2.55554E-3 2.96061E-3 3.0019E-3 2.94227E-3 2.72437E-3 2.32593E-3 2.62968E-3 2.67131E-3 2.50879E-3 2.73206E-3 3.22856E-3 3.05913E-3 3.11831E-3 2.87857E-3 2.38754E-3 2.13004E-3 2.07001E-3 2.90395E-3 3.41239E-3 3.77916E-3 4.09917E-3 4.73372E-3 5.2981E-3 4.92861E-3 4.979E-3 6.13791E-3 6.3911E-3 6.54799E-3 6.9176E-3 7.06956E-3 7.06669E-3 7.10857E-3 8.09558E-3 8.78251E-3 9.12596E-3 9.54243E-3 9.66551E-3 1.20804E-2 1.39027E-2 1.48972E-2 1.33794E-2 1.2661E-2 1.03568E-2 1.12851E-2 9.39588E-3 4.78154E-3 3.35767E-3 2.81325E-3 2.50004E-3 2.32316E-3 1.78779E-3 1.41792E-3 1.31596E-3 1.1989E-3 1.09715E-3 1.09769E-3 1.05424E-3 1.05545E-3 1.0368E-3 1.02856E-3 1.11536E-3 1.16912E-3 1.17158E-3 1.28315E-3 1.34865E-3 1.47195E-3 1.47601E-3 1.58394E-3 1.40562E-3 1.22773E-3
2.77807E-3 2.7233E-3 2.74898E-3 2.65281E-3 2.38425E-3 1.74784E-3 2.37505E-3 2.3208E-3 2.16727E-3 2.68822E-3 2.98466E-3 2.97575E-3 2.79736E-3 2.72719E-3 2.65832E-3 2.50109E-3 1.9476E-3 1.86665E-3 2.55023E-3 2.81524E-3 3.17086E-3 3.87677E-3 4.47105E-3 4.89413E-3 4.76617E-3 5.78632E-3 5.95816E-3 6.55273E-3 6.80817E-3 6.96251E-3 7.59498E-3 7.98457E-3 7.89549E-3 8.21196E-3 7.68412E-3 6.67478E-3 8.1395E-3 9.83234E-3 9.57976E-3 9.10787E-3 7.42787E-3 5.65379E-3 4.20807E-3 3.50202E-3 3.79116E-3 3.09525E-3 2.60135E-3 2.64094E-3 2.07214E-3 1.78784E-3 1.56116E-3 1.40204E-3 1.24069E-3 1.2167E-3 1.13708E-3 1.0482E-3 1.12545E-3 1.06496E-3 1.08621E-3 1.11256E-3 1.14553E-3 1.18706E-3 1.17985E-3 1.26299E-3 1.28452E-3 1.4179E-3 1.441E-3 1.37515E-3 1.4591E-3 1.19881E-3
2.40506E-3 2.877E-3 2.84632E-3 2.52463E-3 2.02049E-3 1.98844E-3 2.35844E-3 2.1046E-3 1.76515E-3 2.29605E-3 2.76464E-3 2.92282E-3 2.68645E-3 2.5136E-3 2.39625E-3 2.48167E-3 2.51762E-3 2.12741E-3 2.13377E-3 2.80205E-3 3.10281E-3 2.98641E-3 3.6976E-3 4.18682E-3 4.46767E-3 4.97497E-3 5.14958E-3 5.70666E-3 6.12806E-3 6.61321E-3 6.39875E-3 6.78317E-3 6.76882E-3 6.21641E-3 6.2086E-3 6.68736E-3 7.23258E-3 7.36514E-3 6.3065E-3 5.17486E-3 4.76693E-3 3.83136E-3 3.35187E-3 2.90731E-3 2.4184E-3 2.50597E-3 2.57691E-3 2.19373E-3 1.64666E-3 1.57148E-3 1.38219E-3 1.27399E-3 1.23234E-3 1.20219E-3 1.20474E-3 1.15057E-3 1.12385E-3 1.11754E-3 1.13778E-3 1.1317E-3 1.30187E-3 1.25806E-3 1.26694E-3 1.36603E-3 1.45132E-3 1.51136E-3 1.4739E-3 1.55124E-3 1.31481E-3 1.3814E-3
2.51644E-3 2.61048E-3 2.44611E-3 2.36839E-3 2.2368E-3 2.74835E-3 2.98636E-3 2.69205E-3 1.722E-3 1.72839E-3 2.61912E-3 2.67095E-3 2.69506E-3 2.62106E-3 2.4689E-3 2.59831E-3 2.71003E-3 2.63755E-3 2.30422E-3 2.14866E-3 2.66262E-3 2.96378E-3 3.31737E-3 3.71174E-3 3.4349E-3 3.6389E-3 4.63574E-3 4.94757E-3 5.48452E-3 5.92328E-3 6.10252E-3 6.38662E-3 5.951E-3 5.65695E-3 6.02055E-3 6.32289E-3 6.08066E-3 5.75214E-3 5.21901E-3 5.19544E-3 4.22429E-3 3.54968E-3 3.08164E-3 2.36087E-3 2.3426E-3 1.97433E-3 2.13713E-3 1.92319E-3 1.69785E-3 1.49056E-3 1.62337E-3 1.53222E-3 1.44057E-3 1.21837E-3 1.18736E-3 1.18114E-3 1.14773E-3 1.2022E-3 1.31573E-3 1.42677E-3 1.49682E-3 1.27133E-3 1.4584E-3 1.679E-3 1.47096E-3 1.50298E-3 1.55739E-3 1.41201E-3 1.59179E-3 1.96223E-3
2.52741E-3 2.4013E-3 2.21943E-3 1.80671E-3 1.74592E-3 2.70188E-3 3.06332E-3 2.98846E-3 2.29882E-3 1.37526E-3 2.03027E-3 2.32317E-3 2.38421E-3 2.29898E-3 2.50829E-3 2.47755E-3 2.57693E-3 2.54659E-3 2.80066E-3 2.53294E-3 2.35999E-3 2.57239E-3 2.88769E-3 2.73469E-3 3.36364E-3 3.58284E-3 4.19606E-3 4.70319E-3 5.25384E-3 5.59891E-3 5.67358E-3 5.8394E-3 5.62257E-3 5.66589E-3 5.55995E-3 5.72291E-3 5.50426E-3 5.05583E-3 4.88873E-3 4.98864E-3 3.99384E-3 3.16208E-3 2.96781E-3 2.83095E-3 1.97998E-3 1.86353E-3 2.00314E-3 2.30678E-3 2.25725E-3 2.00809E-3 1.71473E-3 1.58915E-3 1.45232E-3 1.41392E-3 1.2836E-3 1.21126E-3 1.35902E-3 1.38894E-3 1.97371E-3 2.32986E-3 2.00601E-3 1.46869E-3 1.90871E-3 2.3086E-3 2.06388E-3 1.86458E-3 1.55963E-3 1.6757E-3 1.76952E-3 1.51785E-3
2.5645E-3 2.12618E-3 1.94904E-3 1.66032E-3 1.82233E-3 2.47279E-3 2.92069E-3 3.03734E-3 2.63302E-3 1.69462E-3 1.7326E-3 2.23137E-3 2.33747E-3 2.15516E-3 2.40292E-3 2.51975E-3 2.56352E-3 2.65234E-3 2.72582E-3 2.75827E-3 2.42078E-3 2.37751E-3 2.23876E-3 2.14067E-3 2.4629E-3 2.33357E-3 2.74646E-3 3.98061E-3 4.68638E-3 5.29626E-3 5.11747E-3 5.08552E-3 4.83598E-3 5.19199E-3 4.83717E-3 4.80462E-3 4.56091E-3 4.28963E-3 4.70604E-3 4.74611E-3 4.87275E-3 4.31728E-3 3.43632E-3 2.73362E-3 2.68111E-3 3.05454E-3 2.9761E-3 2.39608E-3 1.78425E-3 2.02985E-3 1.89793E-3 1.62704E-3 1.30661E-3 1.31846E-3 1.41794E-3 1.46892E-3 1.69797E-3 1.62468E-3 2.07245E-3 2.19169E-3 3.04398E-3 1.66021E-3 2.33915E-3 3.22168E-3 2.14777E-3 1.81364E-3 1.60806E-3 1.68477E-3 1.55197E-3 1.93554E-3
2.47993E-3 2.33324E-3 1.72889E-3 1.86089E-3 1.95653E-3 2.28663E-3 2.68441E-3 2.9137E-3 2.91499E-3 2.33331E-3 1.80813E-3 2.07078E-3 2.36096E-3 2.46515E-3 2.5265E-3 2.46587E-3 2.56924E-3 2.43143E-3 2.65234E-3 2.5256E-3 2.5979E-3 2.31489E-3 1.99362E-3 1.8481E-3 1.98573E-3 2.06882E-3 2.19223E-3 2.58695E-3 3.91494E-3 4.46913E-3 4.3462E-3 4.30344E-3 4.43619E-3 4.55376E-3 4.1613E-3 4.33223E-3 4.07991E-3 4.1362E-3 4.25396E-3 4.44061E-3 4.05008E-3 3.61766E-3 3.18706E-3 3.39383E-3 2.9743E-3 3.37408E-3 2.8597E-3 2.60218E-3 3.01301E-3 2.50835E-3 2.19592E-3 1.83029E-3 1.45385E-3 1.36768E-3 1.46746E-3 1.69458E-3 2.14234E-3 2.06451E-3 2.78254E-3 4.01868E-3 3.36019E-3 2.54369E-3 3.76999E-3 2.8492E-3 1.96409E-3 1.63972E-3 1.70919E-3 1.66516E-3 1.69339E-3 1.9345E-3
2.21952E-3 2.35504E-3 1.98731E-3 1.82562E-3 1.78837E-3 1.93163E-3 2.35825E-3 2.75381E-3 3.02158E-3 3.12076E-3 1.87121E-3 1.97382E-3 2.6117E-3 2.79963E-3 2.63354E-3 2.27486E-3 2.41984E-3 2.17565E-3 2.01872E-3 2.12363E-3 2.33251E-3 2.05228E-3 1.8248E-3 1.88756E-3 2.17531E-3 2.24031E-3 2.41949E-3 2.23202E-3 3.31395E-3 3.95485E-3 3.88854E-3 3.93381E-3 4.26034E-3 3.95764E-3 3.72259E-3 3.70709E-3 3.31463E-3 3.37587E-3 3.65921E-3 3.35475E-3 3.26932E-3 3.57011E-3 3.48353E-3 2.84584E-3 2.63066E-3 2.63573E-3 3.41729E-3 2.8132E-3 2.08245E-3 1.97664E-3 1.62554E-3 1.40164E-3 1.43329E-3 1.64505E-3 2.1139E-3 3.07968E-3 3.33264E-3 2.00311E-3 3.79222E-3 5.71193E-3 3.86688E-3 4.17844E-3 3.46929E-3 2.62012E-3 1.97689E-3 1.94454E-3 2.02648E-3 2.1377E-3 2.17891E-3 2.22017E-3
1.84836E-3 2.40383E-3 2.22522E-3 1.7916E-3 1.63677E-3 1.77327E-3 2.32993E-3 2.55429E-3 2.67852E-3 2.96123E-3 2.81277E-3 2.5092E-3 2.82534E-3 2.90768E-3 3.02659E-3 2.78196E-3 2.76551E-3 2.5811E-3 2.12788E-3 2.37379E-3 2.3708E-3 2.3103E-3 2.22988E-3 1.84464E-3 1.74313E-3 2.22166E-3 2.56482E-3 2.64099E-3 3.13065E-3 3.5199E-3 3.85567E-3 3.80073E-3 3.79094E-3 3.37165E-3 3.40153E-3 3.44741E-3 3.35057E-3 3.44975E-3 3.21648E-3 3.27745E-3 3.51556E-3 3.5113E-3 3.73023E-3 3.61247E-3 3.35335E-3 3.15004E-3 3.08932E-3 2.10684E-3 1.82446E-3 1.62023E-3 1.50828E-3 1.81325E-3 1.78641E-3 2.21315E-3 3.6252E-3 3.73124E-3 2.77315E-3 2.74901E-3 6.13546E-3 7.34092E-3 5.08787E-3 3.44572E-3 4.66555E-3 3.59691E-3 2.99662E-3 2.87973E-3 2.20825E-3 1.9606E-3 1.89449E-3 2.03315E-3
1.82836E-3 2.05972E-3 2.03978E-3 1.86689E-3 1.87701E-3 1.95109E-3 2.2358E-3 2.55249E-3 2.63476E-3 2.67278E-3 2.97387E-3 3.15438E-3 2.89184E-3 2.83699E-3 2.90185E-3 2.99154E-3 2.80809E-3 2.8033E-3 2.50191E-3 2.42292E-3 1.94436E-3 1.78919E-3 1.90837E-3 1.94246E-3 1.78505E-3 1.70958E-3 2.35236E-3 2.56105E-3 2.76708E-3 3.37647E-3 3.71105E-3 3.81573E-3 3.70826E-3 3.20068E-3 3.08721E-3 3.14589E-3 3.38872E-3 3.1302E-3 3.04468E-3 3.51497E-3 3.69905E-3 3.89022E-3 3.74191E-3 3.3064E-3 3.46521E-3 3.21466E-3 2.98842E-3 2.39826E-3 2.28629E-3 1.78341E-3 1.92915E-3 2.11675E-3 2.34012E-3 3.44881E-3 4.64667E-3 4.09583E-3 3.29872E-3 3.63702E-3 6.85191E-3 7.09675E-3 5.50157E-3 7.68687E-3 6.80729E-3 5.17426E-3 3.29592E-3 2.26055E-3 2.64899E-3 2.53509E-3 2.37485E-3 2.58744E-3
1.74502E-3 2.1363E-3 2.16003E-3 1.85484E-3 1.99973E-3 2.01684E-3 2.16758E-3 2.48853E-3 2.37107E-3 2.08993E-3 2.32588E-3 3.14053E-3 3.16776E-3 2.76787E-3 2.83699E-3 2.8852E-3 2.63393E-3 2.71835E-3 2.69992E-3 2.46839E-3 2.20275E-3 2.15635E-3 1.77537E-3 1.76751E-3 1.84317E-3 1.80972E-3 2.15995E-3 2.32552E-3 2.31029E-3 3.1008E-3 3.38499E-3 3.85646E-3 3.13828E-3 2.96596E-3 3.03964E-3 3.43092E-3 3.27073E-3 3.27562E-3 3.36642E-3 3.4792E-3 3.48601E-3 3.28603E-3 3.34839E-3 3.08795E-3 2.75112E-3 2.58593E-3 2.42016E-3 2.49414E-3 2.21157E-3 2.24515E-3 2.27262E-3 2.20817E-3 3.12175E-3 3.85914E-3 5.03716E-3 4.50898E-3 4.63831E-3 5.53729E-3 8.83044E-3 7.90764E-3 9.9074E-3 1.04159E-2 7.37757E-3 3.94196E-3 2.93709E-3 3.36972E-3 3.93077E-3 4.0376E-3 4.06262E-3 2.97996E-3
1.77155E-3 2.08405E-3 2.27757E-3 2.0928E-3 2.15616E-3 2.19651E-3 2.17304E-3 2.5275E-3 2.51946E-3 2.01089E-3 1.77272E-3 3.01359E-3 3.23371E-3 2.88398E-3 3.01772E-3 2.87618E-3 2.57536E-3 2.47733E-3 2.24417E-3 2.16301E-3 1.90863E-3 2.03725E-3 2.1298E-3 1.8438E-3 1.79678E-3 1.9001E-3 2.16916E-3 2.09682E-3 2.10956E-3 2.07866E-3 2.8581E-3 3.37389E-3 3.18652E-3 3.04559E-3 3.05971E-3 3.01713E-3 3.28802E-3 2.77695E-3 3.13632E-3 2.96295E-3 3.29383E-3 2.32481E-3 2.47866E-3 2.86809E-3 2.84595E-3 3.01228E-3 2.77585E-3 2.83147E-3 2.91029E-3 2.6599E-3 2.29845E-3 2.72633E-3 3.64144E-3 4.54546E-3 5.31859E-3 5.82014E-3 6.77929E-3 7.61673E-3 6.11537E-3 7.5365E-3 8.50353E-3 7.20997E-3 5.31784E-3 4.07041E-3 4.07704E-3 6.27808E-3 7.15811E-3 6.46616E-3 4.31407E-3 4.57289E-3
1.42658E-3 2.03432E-3 2.12816E-3 2.06019E-3 2.13553E-3 2.15772E-3 2.27322E-3 2.44333E-3 2.66411E-3 2.56973E-3 2.38007E-3 3.21074E-3 3.32963E-3 3.25469E-3 3.42998E-3 2.99657E-3 2.92081E-3 2.87755E-3 2.55589E-3 2.48398E-3 2.23495E-3 1.89102E-3 1.67847E-3 1.69791E-3 1.96435E-3 1.87814E-3 1.70599E-3 2.05883E-3 2.48781E-3 2.18348E-3 2.33981E-3 3.09835E-3 3.20378E-3 3.30841E-3 3.05887E-3 3.10534E-3 2.87706E-3 2.91068E-3 2.87298E-3 2.94473E-3 2.95412E-3 3.01052E-3 3.3338E-3 3.48409E-3 3.34334E-3 3.49054E-3 3.21242E-3 3.51186E-3 3.1664E-3 2.98052E-3 2.97928E-3 3.47329E-3 3.85483E-3 4.59752E-3 5.40652E-3 6.16142E-3 6.60726E-3 6.66824E-3 5.55739E-3 5.77853E-3 6.2129E-3 7.0537E-3 7.12402E-3 8.88052E-3 8.80239E-3 1.0395E-2 9.40469E-3 8.72709E-3 8.02339E-3 5.73686E-3
1.38039E-3 1.57321E-3 1.47326E-3 1.97769E-3 2.28148E-3 2.38134E-3 2.50415E-3 2.55638E-3 2.8205E-3 2.83112E-3 2.81699E-3 3.34294E-3 3.31998E-3 3.44569E-3 3.42932E-3 3.3215E-3 3.01602E-3 2.81631E-3 2.71886E-3 2.35423E-3 2.28915E-3 1.96772E-3 1.77506E-3 1.65499E-3 1.88973E-3 2.08122E-3 1.74184E-3 1.77807E-3 2.21464E-3 2.28768E-3 2.4409E-3 2.95283E-3 2.93142E-3 3.00362E-3 2.91702E-3 3.18289E-3 3.11968E-3 3.1942E-3 3.18197E-3 3.15902E-3 3.01147E-3 3.19332E-3 3.45958E-3 3.22822E-3 3.41747E-3 3.20605E-3 3.3079E-3 3.07173E-3 3.3065E-3 3.10938E-3 3.47127E-3 3.86176E-3 4.21117E-3 4.87448E-3 5.29887E-3 6.16293E-3 6.55756E-3 6.46656E-3 6.13759E-3 7.52095E-3 8.78385E-3 9.98443E-3 1.05605E-2 1.13061E-2 1.04045E-2 1.05691E-2 1.22191E-2 1.24257E-2 8.44244E-3 5.39343E-3
1.31392E-3 1.48846E-3 1.50124E-3 1.59261E-3 2.25654E-3 2.46358E-3 2.78904E-3 2.99241E-3 3.1751E-3 3.162E-3 3.162E-3 3.48254E-3 3.36655E-3 3.47615E-3 3.57174E-3 3.47498E-3 3.30491E-3 2.92152E-3 2.7949E-3 2.31504E-3 2.19291E-3 2.01309E-3 1.93827E-3 1.71121E-3 1.66043E-3 1.818E-3 1.84867E-3 1.6743E-3 2.04754E-3 1.9987E-3 2.27012E-3 2.57193E-3 3.07757E-3 3.1162E-3 2.99156E-3 2.97412E-3 2.88928E-3 2.91016E-3 3.05652E-3 3.02255E-3 3.35937E-3 2.97503E-3 3.1508E-3 3.42022E-3 3.21844E-3 3.37221E-3 3.59146E-3 3.22476E-3 3.3821E-3 3.25696E-3 3.51458E-3 3.89158E-3 4.16089E-3 4.76011E-3 5.38537E-3 5.74331E-3 5.99733E-3 5.47789E-3 6.6039E-3 8.27821E-3 9.67348E-3 1.07378E-2 1.19774E-2 1.19273E-2 1.21565E-2 1.3635E-2 1.32888E-2 1.16505E-2 7.38972E-3 6.03774E-3
1.18687E-3 1.01823E-3 1.45225E-3 1.48273E-3 1.97479E-3 2.6243E-3 2.90331E-3 3.11053E-3 3.4578E-3 3.62709E-3 3.67662E-3 3.43406E-3 3.44485E-3 3.45705E-3 3.45705E-3 3.47197E-3 3.52887E-3 3.07243E-3 2.70315E-3 2.33569E-3 2.12049E-3 2.09565E-3 2.15434E-3 1.88859E-3 1.61361E-3 1.55775E-3 1.79028E-3 1.68852E-3 1.90686E-3 2.10696E-3 2.05258E-3 2.31563E-3 2.871E-3 2.86903E-3 2.64406E-3 2.66467E-3 2.71043E-3 2.75128E-3 2.77974E-3 2.90863E-3 2.99649E-3 3.31116E-3 3.06983E-3 3.27646E-3 3.35675E-3 3.5975E-3 3.22822E-3 3.36617E-3 3.53733E-3 3.39936E-3 3.6368E-3 3.83306E-3 4.39748E-3 4.79628E-3 5.30474E-3 6.0243E-3 6.59854E-3 7.08914E-3 7.97268E-3 9.16826E-3 1.02033E-2 1.08782E-2 1.18915E-2 1.30981E-2 1.31752E-2 1.33579E-2 1.40974E-2 1.04648E-2 6.59903E-3 6.94362E-3
1.36236E-3 1.25418E-3 1.30064E-3 1.25894E-3 1.80809E-3 2.34121E-3 2.48902E-3 2.13527E-3 2.45778E-3 3.60788E-3 3.89392E-3 3.45029E-3 3.52168E-3 3.53432E-3 3.55867E-3 3.53998E-3 3.3984E-3 3.25639E-3 3.00825E-3 2.55927E-3 2.45433E-3 1.99366E-3 1.80927E-3 2.28419E-3 2.23767E-3 1.9712E-3 1.93868E-3 2.02441E-3 2.15705E-3 2.43233E-3 2.27632E-3 2.27936E-3 2.63191E-3 2.63354E-3 2.58736E-3 3.03692E-3 3.1279E-3 3.12513E-3 2.71059E-3 2.9406E-3 3.11324E-3 3.12887E-3 3.28171E-3 3.51966E-3 3.05785E-3 3.16013E-3 3.26877E-3 3.18553E-3 3.263E-3 3.6472E-3 3.82265E-3 3.99916E-3 4.08511E-3 4.55901E-3 5.35519E-3 6.55482E-3 7.14272E-3 7.89065E-3 9.62819E-3 9.71925E-3 1.05246E-2 1.12407E-2 1.26492E-2 1.31007E-2 1.4489E-2 1.48806E-2 1.40854E-2 1.12766E-2 9.77326E-3 8.72459E-3
1.82152E-3 1.41734E-3 1.65192E-3 1.38965E-3 1.49574E-3 2.09696E-3 2.60781E-3 2.88484E-3 2.90243E-3 4.39428E-3 4.57828E-3 3.82485E-3 3.72196E-3 3.63777E-3 3.59502E-3 3.57589E-3 3.48009E-3 3.22459E-3 3.02144E-3 2.52525E-3 2.57137E-3 2.50218E-3 2.32417E-3 2.28141E-3 2.28434E-3 2.09472E-3 1.88314E-3 2.12046E-3 2.27251E-3 2.20512E-3 2.3055E-3 2.37404E-3 2.52418E-3 2.90449E-3 2.88232E-3 2.76261E-3 3.00822E-3 2.94556E-3 3.11685E-3 3.2811E-3 3.43698E-3 3.04794E-3 3.26082E-3 3.20875E-3 2.93086E-3 3.06646E-3 3.20911E-3 3.3929E-3 3.54779E-3 3.40434E-3 3.71527E-3 4.04286E-3 4.08511E-3 4.42164E-3 5.04629E-3 5.88581E-3 7.16499E-3 8.33173E-3 9.5644E-3 1.03975E-2 1.09034E-2 1.20616E-2 1.3332E-2 1.44689E-2 1.44949E-2 1.53435E-2 1.28498E-2 1.0617E-2 1.02518E-2 8.78136E-3
2.08154E-3 1.983E-3 1.81631E-3 1.55932E-3 1.20935E-3 1.5643E-3 2.42157E-3 2.85111E-3 3.14793E-3 3.89254E-3 4.75539E-3 4.03401E-3 4.27519E-3 3.80106E-3 4.21253E-3 4.11708E-3 3.96147E-3 3.20788E-3 3.08205E-3 2.97947E-3 2.77746E-3 2.84052E-3 2.71485E-3 2.20299E-3 2.27957E-3 2.07254E-3 1.6152E-3 2.39384E-3 2.34764E-3 2.1635E-3 2.17321E-3 2.5123E-3 2.43215E-3 2.81072E-3 2.60074E-3 2.67926E-3 2.75033E-3 3.01005E-3 3.18542E-3 3.25572E-3 3.40359E-3 3.4678E-3 3.16486E-3 3.22563E-3 3.38271E-3 3.3886E-3 3.19454E-3 3.19947E-3 3.55158E-3 3.75586E-3 4.15917E-3 4.26392E-3 4.17839E-3 4.5101E-3 5.18483E-3 5.72669E-3 6.81698E-3 7.88815E-3 9.36815E-3 1.01164E-2 1.09553E-2 1.29231E-2 1.37022E-2 1.52662E-2 1.65689E-2 1.59728E-2 1.07854E-2 9.87814E-3 9.2878E-3 8.62204E-3
1.80283E-3 2.31E-3 2.25081E-3 1.86407E-3 1.70727E-3 1.54895E-3 2.14173E-3 2.50497E-3 2.19523E-3 3.42585E-3 4.14393E-3 4.59001E-3 8.17704E-3 4.52997E-3 4.29688E-3 4.30327E-3 4.18153E-3 3.68204E-3 3.1295E-3 2.85362E-3 2.65977E-3 2.69595E-3 2.8071E-3 2.54587E-3 2.4385E-3 2.0245E-3 1.92037E-3 2.39384E-3 2.31597E-3 2.53055E-3 2.46718E-3 2.40413E-3 2.84254E-3 2.78981E-3 2.64777E-3 2.60749E-3 2.73907E-3 2.99207E-3 3.13116E-3 3.35587E-3 3.37327E-3 3.47631E-3 3.63157E-3 3.05522E-3 3.12733E-3 3.30146E-3 3.17486E-3 3.22798E-3 3.54619E-3 4.03281E-3 4.35754E-3 4.24394E-3 4.27524E-3 4.75366E-3 4.96364E-3 5.89365E-3 7.1205E-3 8.2167E-3 9.0216E-3 1.03609E-2 1.14516E-2 1.36496E-2 1.52566E-2 1.72388E-2 1.93351E-2 1.57348E-2 8.77447E-3 8.23796E-3 7.4942E-3 8.88983E-3
2.40233E-3 1.9718E-3 2.35492E-3 2.37082E-3 2.1802E-3 1.84303E-3 1.90598E-3 2.15254E-3 2.1547E-3 3.03339E-3 3.40874E-3 4.26904E-3 7.54751E-3 7.41272E-3 7.15491E-3 7.15491E-3 6.77298E-3 3.93344E-3 3.42813E-3 2.91485E-3 2.80121E-3 2.67044E-3 2.66953E-3 2.62964E-3 2.42326E-3 2.29754E-3 2.0359E-3 2.0106E-3 2.1164E-3 2.23363E-3 2.60471E-3 2.48133E-3 2.89454E-3 2.83589E-3 2.7164E-3 2.64313E-3 2.92937E-3 3.21377E-3 3.25736E-3 3.20617E-3 3.24784E-3 2.71233E-3 2.84258E-3 2.99511E-3 3.00987E-3 3.26736E-3 3.51787E-3 3.45383E-3 3.52931E-3 3.97742E-3 4.39759E-3 4.3882E-3 4.48684E-3 4.66928E-3 5.24157E-3 6.29164E-3 6.93461E-3 8.06988E-3 9.14529E-3 1.05348E-2 1.17641E-2 1.33954E-2 1.58726E-2 1.75407E-2 1.9741E-2 1.11014E-2 8.74037E-3 7.11721E-3 7.14856E-3 8.9285E-3
2.50168E-3 2.62141E-3 2.3054E-3 2.30823E-3 2.5459E-3 2.70459E-3 2.15103E-3 1.87984E-3 2.10854E-3 2.36922E-3 2.81093E-3 4.28104E-3 7.35418E-3 7.50451E-3 8.48667E-3 8.38186E-3 9.23437E-3 8.68999E-3 3.74257E-3 3.47774E-3 3.15748E-3 3.24734E-3 2.63994E-3 2.50151E-3 2.43347E-3 2.36155E-3 1.99279E-3 1.87366E-3 1.84507E-3 1.87421E-3 2.64826E-3 2.60172E-3 3.07278E-3 2.87598E-3 2.82676E-3 2.77072E-3 2.77851E-3 2.99005E-3 3.33144E-3 3.20343E-3 3.02198E-3 2.6989E-3 2.6561E-3 2.87873E-3 3.0275E-3 3.20617E-3 3.55548E-3 3.84861E-3 3.60213E-3 4.02259E-3 4.47707E-3 4.42691E-3 4.3799E-3 4.80749E-3 5.50192E-3 6.30168E-3 7.26918E-3 8.13524E-3 9.60494E-3 1.08202E-2 1.23112E-2 1.37084E-2 1.61692E-2 1.72345E-2 1.37477E-2 1.1428E-2 1.40143E-2 1.37297E-2 1.31996E-2 1.31761E-2
3.02741E-3 2.93016E-3 2.69022E-3 2.0273E-3 2.14683E-3 2.53243E-3 2.79774E-3 2.57589E-3 2.05568E-3 1.95418E-3 2.21796E-3 3.66271E-3 8.60639E-3 8.85106E-3 8.31753E-3 7.81647E-3 8.81715E-3 8.03019E-3 8.24369E-3 3.43267E-3 3.47927E-3 3.20567E-3 2.906E-3 2.51208E-3 2.40065E-3 2.29754E-3 2.03415E-3 1.79192E-3 1.97233E-3 1.80757E-3 2.26996E-3 3.07647E-3 3.17821E-3 2.95943E-3 3.0539E-3 2.77897E-3 2.83668E-3 3.11728E-3 3.09843E-3 3.28027E-3 3.21137E-3 3.28248E-3 3.35441E-3 3.29452E-3 3.21933E-3 3.28776E-3 3.62183E-3 3.8107E-3 4.2679E-3 4.08658E-3 4.48889E-3 4.24394E-3 4.34689E-3 5.36828E-3 5.70185E-3 6.20278E-3 7.5074E-3 8.69059E-3 9.62746E-3 1.08429E-2 1.25076E-2 1.43171E-2 1.60327E-2 1.64419E-2 9.56815E-3 1.48484E-2 1.54018E-2 1.47886E-2 1.26858E-2 1.17024E-2
2.98519E-3 2.99006E-3 3.12185E-3 2.96637E-3 2.65611E-3 2.35986E-3 2.54686E-3 2.98069E-3 2.69581E-3 2.3477E-3 2.43702E-3 3.65218E-3 9.62632E-3 8.92754E-3 9.09221E-3 8.73186E-3 8.1609E-3 7.86131E-3 8.4864E-3 8.39116E-3 3.60835E-3 3.27367E-3 3.15917E-3 2.60495E-3 2.46167E-3 2.13795E-3 1.84032E-3 1.76045E-3 1.97233E-3 1.90263E-3 2.39242E-3 3.26563E-3 3.392E-3 3.23467E-3 3.17831E-3 3.19909E-3 3.1894E-3 3.05018E-3 3.19242E-3 3.3019E-3 3.34396E-3 3.47758E-3 3.494E-3 3.4992E-3 3.61971E-3 3.93919E-3 3.56337E-3 3.63138E-3 4.30364E-3 4.77044E-3 4.37245E-3 4.3087E-3 4.6445E-3 5.14925E-3 6.14738E-3 6.95903E-3 7.41455E-3 8.61434E-3 1.02518E-2 1.12516E-2 1.26577E-2 1.43031E-2 1.538E-2 1.35736E-2 1.20482E-2 1.36102E-2 1.35401E-2 1.23405E-2 1.01023E-2 8.89379E-3
2.74679E-3 2.82311E-3 3.06955E-3 2.99168E-3 2.94985E-3 3.13312E-3 2.8796E-3 3.1028E-3 3.27275E-3 2.61568E-3 2.45745E-3 2.79747E-3 3.77377E-3 8.86021E-3 8.53583E-3 8.19851E-3 7.85345E-3 7.60152E-3 7.78615E-3 8.2988E-3 3.50166E-3 3.4935E-3 3.20233E-3 2.65088E-3 2.67151E-3 1.92935E-3 1.75735E-3 1.8379E-3 2.16644E-3 1.95411E-3 2.80006E-3 3.42082E-3 3.60221E-3 3.43507E-3 3.3064E-3 3.32777E-3 3.24227E-3 3.12712E-3 3.14696E-3 3.31442E-3 3.3019E-3 3.42055E-3 3.47758E-3 3.57691E-3 3.64497E-3 3.93919E-3 3.42899E-3 3.70639E-3 3.9846E-3 3.92198E-3 4.23094E-3 4.11119E-3 5.02182E-3 5.29746E-3 6.19574E-3 6.68683E-3 8.02152E-3 9.04263E-3 9.77167E-3 1.13711E-2 1.27171E-2 1.44554E-2 1.49262E-2 1.35614E-2 1.22125E-2 1.17794E-2 9.45605E-3 1.01737E-2 8.88763E-3 6.24126E-3
2.60501E-3 2.52842E-3 2.75662E-3 2.77063E-3 2.92986E-3 2.85002E-3 3.04703E-3 3.06164E-3 2.9734E-3 2.77674E-3 2.64644E-3 2.63276E-3 2.89657E-3 4.60345E-3 8.01803E-3 7.95473E-3 7.6133E-3 7.01136E-3 7.17372E-3 6.91872E-3 8.24369E-3 3.4317E-3 3.33536E-3 3.26212E-3 2.80056E-3 2.23375E-3 1.71402E-3 1.95454E-3 2.1777E-3 1.84348E-3 2.54822E-3 3.08218E-3 3.77894E-3 3.69323E-3 3.78366E-3 3.67603E-3 3.56351E-3 3.32071E-3 3.33176E-3 3.36682E-3 3.45627E-3 3.48204E-3 3.60732E-3 3.62662E-3 3.86167E-3 3.78592E-3 3.12152E-3 3.40657E-3 3.24458E-3 3.70755E-3 4.21232E-3 4.14231E-3 4.99866E-3 5.74051E-3 6.11954E-3 7.31174E-3 7.67549E-3 9.55736E-3 1.03238E-2 1.1571E-2 1.32029E-2 1.43934E-2 1.44916E-2 1.09846E-2 1.03792E-2 9.36834E-3 9.49764E-3 7.39646E-3 6.29876E-3 6.60252E-3
3.38826E-3 3.18847E-3 3.16965E-3 3.34017E-3 2.83631E-3 3.03121E-3 2.87601E-3 3.00131E-3 3.12722E-3 2.89494E-3 2.94184E-3 2.63557E-3 2.9444E-3 3.26177E-3 7.88818E-3 7.83241E-3 7.07797E-3 7.06837E-3 6.81958E-3 7.23717E-3 6.71984E-3 7.343E-3 7.96126E-3 3.31855E-3 3.19608E-3 2.45588E-3 2.08002E-3 2.07681E-3 2.35163E-3 1.98865E-3 2.07325E-3 3.00809E-3 3.5862E-3 4.07331E-3 3.91927E-3 3.88781E-3 3.83545E-3 3.69458E-3 3.79298E-3 3.76978E-3 7.8122E-3 3.78364E-3 3.63807E-3 3.43627E-3 3.51398E-3 3.01524E-3 3.10943E-3 2.95458E-3 3.03811E-3 3.40258E-3 3.3927E-3 3.88689E-3 4.68953E-3 5.74051E-3 5.82355E-3 7.10181E-3 7.72348E-3 9.00516E-3 1.0177E-2 1.14724E-2 1.30479E-2 1.29596E-2 1.21553E-2 9.05168E-3 1.12474E-2 1.04122E-2 8.27942E-3 7.35417E-3 7.12473E-3 1.00693E-2
3.49465E-3 3.79309E-3 3.59271E-3 3.46758E-3 3.33664E-3 3.6584E-3 3.6637E-3 3.49753E-3 3.37082E-3 3.09964E-3 2.92148E-3 2.96243E-3 2.95902E-3 2.71115E-3 4.43439E-3 7.26262E-3 6.99103E-3 7.17787E-3 7.15486E-3 7.09765E-3 6.99861E-3 7.62303E-3 8.34437E-3 3.395E-3 2.95213E-3 2.12123E-3 2.11862E-3 1.9774E-3 2.21153E-3 2.26642E-3 2.02038E-3 2.61112E-3 3.13022E-3 3.63105E-3 4.35037E-3 4.13716E-3 7.1758E-3 6.58291E-3 6.72028E-3 6.78559E-3 3.76427E-3 3.63143E-3 3.32931E-3 3.34173E-3 2.85128E-3 2.85757E-3 2.5286E-3 2.74658E-3 2.60443E-3 2.96375E-3 3.31242E-3 3.94003E-3 4.22104E-3 4.71586E-3 5.68942E-3 6.67802E-3 8.11986E-3 8.46855E-3 1.013E-2 1.18096E-2 1.26805E-2 1.30983E-2 1.1846E-2 9.09738E-3 1.00606E-2 6.8647E-3 7.09162E-3 5.99662E-3 5.62806E-3 1.01674E-2
3.85002E-3 4.54501E-3 3.98737E-3 3.7186E-3 4.01465E-3 3.90718E-3 3.80973E-3 3.73195E-3 3.38696E-3 3.59588E-3 3.25605E-3 3.27159E-3 3.06203E-3 2.58795E-3 3.58832E-3 3.8256E-3 7.62356E-3 6.82895E-3 6.78226E-3 6.89338E-3 6.81958E-3 7.00994E-3 7.58569E-3 8.67896E-3 3.64242E-3 2.29267E-3 1.80302E-3 2.00279E-3 2.06787E-3 1.99683E-3 2.09571E-3 2.51495E-3 2.29181E-3 2.69343E-3 3.66738E-3 4.40622E-3 4.35514E-3 4.12173E-3 3.93656E-3 3.56597E-3 3.56597E-3 3.25962E-3 3.26969E-3 3.1617E-3 2.68792E-3 2.38486E-3 2.25088E-3 2.31218E-3 2.47689E-3 2.60928E-3 2.88835E-3 3.19344E-3 3.43459E-3 4.0143E-3 5.39575E-3 7.0214E-3 7.48827E-3 8.95953E-3 9.81284E-3 1.09626E-2 2.13722E-2 1.22083E-2 1.29696E-2 9.05078E-3 8.18426E-3 6.03519E-3 5.3466E-3 4.47892E-3 5.15618E-3 9.82521E-3
