KUENM_DEFAULT/Final_Models/M_1_F_lqpth_Set_1_NE/sp1_4.asc
ncols         197
nrows         210
xllcorner     56.1666666666667
yllcorner     4.5
cellsize      0.166666666666667
NODATA_value  -9999
[rows 84 to 111 of 210, columns 130 to 194 of 197]
2.51709E-1 2.69969E-1 2.65597E-1 4.17112E-2 4.52701E-2 2.89877E-1 2.93071E-1 3.12726E-1 2.94082E-1 2.97224E-1 1.93493E-1 2.07814E-1 2.27826E-1 2.09335E-1 3.02513E-1 4.78324E-2 3.36001E-1 3.58514E-1 3.40335E-1 4.38366E-1 4.19813E-1 4.39546E-1 8.15421E-2 8.05974E-2 6.76747E-2 6.43706E-2 6.66654E-2 6.69983E-2 6.49119E-2 6.17469E-2 6.41934E-2 6.23937E-2 6.96413E-2 6.57333E-2 6.95758E-2 7.19581E-2 7.82374E-2 3.88673E-1 6.50319E-2 5.47978E-2 5.35147E-2 6.19469E-2 6.23889E-2 6.29993E-2 3.51231E-1 3.69469E-1 3.37298E-1 4.69092E-2 4.60919E-2 4.87675E-2 4.34136E-2 3.85602E-2 3.16209E-2 2.67152E-2 2.57979E-2 2.13894E-2 2.16482E-2 1.91641E-2 1.98683E-2 1.05676E-2 8.97028E-3 7.1287E-3 6.16433E-3 6.23208E-3 9.09931E-3
2.85969E-1 3.40787E-1 3.31615E-1 3.48756E-1 3.68632E-1 2.93917E-1 2.64814E-1 2.71035E-1 2.59736E-1 4.28057E-2 2.72022E-1 2.79127E-1 1.83804E-1 2.8872E-1 4.36766E-2 4.23795E-2 3.35723E-1 3.36652E-1 5.04467E-2 5.38042E-2 7.93167E-2 8.1678E-2 7.90717E-2 7.66465E-2 3.74425E-1 7.04449E-2 6.93536E-2 6.9101E-2 6.53106E-2 6.41974E-2 7.4703E-2 6.82397E-2 8.27338E-2 7.51023E-2 6.60995E-2 7.49491E-2 7.78068E-2 7.38449E-2 7.03803E-2 5.77486E-2 5.61536E-2 6.51188E-2 6.82401E-2 3.67555E-1 3.43472E-1 3.41966E-1 5.57908E-2 4.85608E-2 5.18601E-2 3.40114E-1 5.00046E-2 3.66657E-2 2.9232E-2 2.67233E-2 3.03403E-2 2.56747E-2 2.34664E-2 1.77553E-2 1.92284E-2 1.12416E-2 1.02387E-2 8.22237E-3 6.96919E-3 1.00493E-2 8.07248E-3
6.11612E-2 5.5937E-2 6.05874E-2 6.1419E-2 6.22496E-2 6.03561E-2 3.87154E-2 3.49919E-2 3.20717E-2 3.20762E-2 3.273E-2 3.56392E-2 2.40966E-1 3.75063E-2 3.64339E-2 4.17277E-2 4.42974E-2 5.0955E-2 4.86951E-2 7.9705E-2 7.71176E-2 6.74214E-2 6.49606E-2 7.16615E-2 4.07745E-1 3.9819E-1 6.97705E-2 6.59405E-2 6.22837E-2 6.72817E-2 6.42023E-2 6.92727E-2 8.04424E-2 8.3918E-2 6.74779E-2 7.10923E-2 7.84028E-2 7.72808E-2 7.62634E-2 6.54564E-2 6.81986E-2 6.22859E-2 6.93903E-2 6.76088E-2 3.52509E-1 3.60112E-1 5.59054E-2 5.06255E-2 5.17668E-2 5.2997E-2 3.98143E-2 3.3192E-2 1.98618E-2 3.17656E-2 3.37855E-2 2.94533E-2 2.2489E-2 1.13244E-2 1.04141E-2 1.12913E-2 9.01558E-3 1.41427E-2 1.22292E-2 1.08412E-2 8.91533E-3
5.74938E-2 5.18865E-2 5.44444E-2 5.75765E-2 5.79633E-2 5.60862E-2 5.47429E-2 3.62021E-2 3.19761E-2 2.76411E-2 3.16481E-2 2.89916E-2 3.36213E-2 3.10473E-2 3.03772E-2 2.93306E-2 3.93116E-2 6.47616E-2 6.60599E-2 7.12465E-2 6.23051E-2 5.71076E-2 5.29574E-2 5.40485E-2 3.86064E-1 3.86617E-1 3.71063E-1 6.13207E-2 5.41669E-2 5.64922E-2 5.54549E-2 6.09694E-2 3.51865E-1 4.07946E-1 3.79817E-1 6.43342E-2 6.28671E-2 6.75132E-2 7.86543E-2 7.36734E-2 7.90503E-2 6.88554E-2 7.0169E-2 6.79497E-2 6.41383E-2 6.35166E-2 5.37998E-2 5.37569E-2 5.22682E-2 4.50982E-2 4.24329E-2 3.85801E-2 2.1792E-2 3.72849E-2 3.84298E-2 3.3377E-2 2.65564E-2 1.056E-2 1.00679E-2 8.60801E-3 1.63713E-2 1.55146E-2 1.36788E-2 1.32707E-2 1.15636E-2
6.79795E-2 5.63763E-2 5.36832E-2 5.35779E-2 4.81554E-2 4.87604E-2 5.09975E-2 5.06323E-2 3.37477E-2 2.66952E-2 3.06181E-2 2.99564E-2 3.28459E-2 2.59083E-2 2.61227E-2 4.23298E-2 4.90002E-2 4.07041E-2 4.06431E-2 4.10668E-2 5.12106E-2 5.68961E-2 4.92107E-2 5.34061E-2 5.64552E-2 5.47531E-2 6.69652E-2 6.50464E-2 6.95792E-2 6.52117E-2 6.31784E-2 6.71542E-2 3.6441E-1 3.76831E-1 3.17517E-1 5.17727E-2 5.32667E-2 6.87468E-2 7.02312E-2 7.87078E-2 7.49416E-2 7.4265E-2 7.16343E-2 6.82304E-2 6.2897E-2 5.54081E-2 5.35041E-2 4.95715E-2 4.43943E-2 3.9117E-2 4.02443E-2 3.43885E-2 3.4348E-2 3.6946E-2 3.58053E-2 3.10051E-2 2.33112E-2 1.58588E-2 8.41459E-3 9.3549E-3 1.68701E-2 1.59235E-2 1.6569E-2 1.45312E-2 1.31688E-2
7.49819E-2 5.66777E-2 5.00252E-2 5.05988E-2 4.12892E-2 4.19358E-2 4.57668E-2 5.28575E-2 4.86377E-2 4.60139E-2 4.39297E-2 3.14694E-2 3.05904E-2 2.7911E-2 2.87655E-2 2.51906E-2 4.08911E-2 3.48215E-2 4.15949E-2 3.59693E-2 4.36507E-2 4.86577E-2 5.01649E-2 4.59085E-2 5.54585E-2 6.31497E-2 7.32655E-2 7.28852E-2 6.81475E-2 5.662E-2 5.49303E-2 6.19367E-2 5.77923E-2 4.93149E-2 4.48105E-2 4.61139E-2 5.67486E-2 5.75628E-2 4.90458E-2 5.22873E-2 5.78716E-2 7.37281E-2 7.54877E-2 6.99178E-2 5.86226E-2 5.24146E-2 4.26644E-2 3.96062E-2 4.29182E-2 3.24487E-2 2.91814E-2 2.54763E-2 2.61558E-2 2.81162E-2 2.81438E-2 2.36586E-2 1.9329E-2 1.16051E-2 1.05008E-2 1.51807E-2 1.6737E-2 1.78221E-2 1.72311E-2 1.56218E-2 1.42461E-2
7.47778E-2 6.14925E-2 5.30877E-2 4.10778E-2 3.88055E-2 3.90039E-2 4.21738E-2 4.42458E-2 4.62688E-2 3.47903E-2 3.55767E-2 3.81608E-2 4.22541E-2 2.83303E-2 3.05516E-2 3.12589E-2 4.69138E-2 4.24526E-2 4.25437E-2 3.8592E-2 4.50438E-2 4.29972E-2 4.81736E-2 4.02988E-2 4.92837E-2 6.5167E-2 6.04885E-2 7.21102E-2 6.83347E-2 6.83792E-2 6.16508E-2 6.31056E-2 5.58885E-2 4.96699E-2 4.8798E-2 5.2054E-2 5.62992E-2 4.73005E-2 4.28248E-2 4.27113E-2 5.34173E-2 5.69265E-2 5.33896E-2 5.72455E-2 4.87848E-2 4.80879E-2 4.31041E-2 3.88539E-2 3.70007E-2 3.36538E-2 2.98927E-2 2.34985E-2 2.39686E-2 2.6384E-2 2.21381E-2 2.21723E-2 1.52707E-2 1.0597E-2 9.80639E-3 1.39299E-2 1.61162E-2 1.62823E-2 1.66599E-2 1.66804E-2 1.48254E-2
6.77062E-2 5.39576E-2 4.81922E-2 4.18982E-2 3.54495E-2 4.04929E-2 3.54692E-2 3.69844E-2 2.87169E-2 2.7305E-2 4.47271E-2 4.18703E-2 4.24874E-2 4.93247E-2 3.17222E-2 4.21273E-2 4.21247E-2 4.1848E-2 3.9208E-2 5.15838E-2 4.53557E-2 4.002E-2 4.84282E-2 4.59997E-2 5.10262E-2 5.56307E-2 6.89007E-2 6.36875E-2 5.9309E-2 6.27766E-2 6.47202E-2 6.54085E-2 4.94005E-2 5.43206E-2 4.17755E-2 4.98328E-2 5.06063E-2 3.94129E-2 4.11211E-2 4.39169E-2 3.86301E-2 3.91402E-2 3.80298E-2 4.33872E-2 4.504E-2 3.91851E-2 3.89713E-2 3.79731E-2 3.2255E-2 2.90584E-2 2.57834E-2 2.36095E-2 2.42399E-2 2.49625E-2 2.17698E-2 2.1538E-2 1.94664E-2 1.50107E-2 1.45925E-2 1.74844E-2 1.71818E-2 1.73667E-2 1.73927E-2 1.78371E-2 1.48473E-2
6.56542E-2 5.78401E-2 4.63741E-2 3.86623E-2 3.27889E-2 3.2622E-2 3.68366E-2 3.62197E-2 3.79077E-2 3.6568E-2 4.17636E-2 4.73712E-2 4.2625E-2 3.88656E-2 4.19849E-2 3.03337E-2 4.5494E-2 3.32384E-2 3.4709E-2 3.35784E-2 4.82713E-2 4.987E-2 4.86292E-2 4.49312E-2 5.1505E-2 5.53547E-2 5.59979E-2 5.82012E-2 6.48527E-2 5.53284E-2 5.32246E-2 5.3642E-2 5.78429E-2 4.65208E-2 4.51937E-2 4.73595E-2 4.82452E-2 4.91876E-2 4.45146E-2 4.47686E-2 4.80837E-2 3.33969E-2 2.93257E-2 3.13498E-2 2.81139E-2 2.62704E-2 2.68759E-2 2.87275E-2 2.90089E-2 2.57658E-2 2.6843E-2 2.67122E-2 2.65935E-2 2.78408E-2 2.5189E-2 2.38114E-2 2.33813E-2 2.13646E-2 1.92025E-2 2.02494E-2 1.73734E-2 1.75945E-2 1.83744E-2 1.88008E-2 1.5706E-2
5.18049E-2 4.5783E-2 3.96024E-2 3.37097E-2 3.17606E-2 3.55426E-2 4.13896E-2 3.97415E-2 4.57018E-2 4.51957E-2 4.66069E-2 5.51712E-2 4.24489E-2 4.22902E-2 3.78053E-2 2.8875E-2 3.05437E-2 3.26682E-2 3.15591E-2 4.74511E-2 4.74985E-2 4.86012E-2 4.77586E-2 4.09978E-2 4.60159E-2 4.03761E-2 5.03161E-2 4.38748E-2 5.85951E-2 5.6321E-2 4.75432E-2 4.3031E-2 3.83795E-2 3.42815E-2 3.36837E-2 3.33205E-2 4.41054E-2 5.39476E-2 5.09062E-2 4.39332E-2 3.79965E-2 2.82273E-2 2.73055E-2 2.95776E-2 2.63531E-2 2.43314E-2 2.31896E-2 2.94988E-2 2.86752E-2 2.52297E-2 2.48126E-2 2.78573E-2 2.92981E-2 2.88765E-2 2.62571E-2 2.44139E-2 2.65246E-2 2.60911E-2 2.56241E-2 2.26387E-2 2.11487E-2 1.82276E-2 2.02067E-2 1.9045E-2 1.64604E-2
4.55184E-2 4.06862E-2 3.45448E-2 3.5589E-2 3.34501E-2 3.26532E-2 4.06172E-2 4.09224E-2 4.52856E-2 4.19569E-2 4.94955E-2 4.96943E-2 4.00913E-2 3.70116E-2 4.48003E-2 2.92061E-2 3.17191E-2 3.15309E-2 4.17544E-2 4.52683E-2 5.30094E-2 4.99969E-2 4.94129E-2 4.18632E-2 3.97695E-2 3.57423E-2 3.66066E-2 3.16605E-2 3.41233E-2 4.4014E-2 4.03628E-2 3.7355E-2 3.06766E-2 2.71392E-2 3.05217E-2 2.88244E-2 3.27402E-2 4.01161E-2 3.65377E-2 3.72067E-2 3.75604E-2 2.69895E-2 2.92447E-2 3.07696E-2 3.02886E-2 3.18384E-2 2.87144E-2 2.65096E-2 2.93962E-2 3.16199E-2 3.99883E-2 3.63276E-2 3.24011E-2 3.20527E-2 2.63415E-2 2.54146E-2 2.90866E-2 3.05466E-2 3.15781E-2 2.89527E-2 2.60581E-2 2.45347E-2 2.12853E-2 1.92989E-2 1.91577E-2
4.0181E-2 3.40466E-2 3.55738E-2 3.15575E-2 2.83589E-2 3.04466E-2 3.37442E-2 4.08447E-2 3.94905E-2 4.19413E-2 5.11495E-2 4.28337E-2 4.62578E-2 4.60471E-2 4.34683E-2 3.69754E-2 2.85771E-2 2.67729E-2 4.5232E-2 4.63118E-2 5.12406E-2 4.21707E-2 3.79882E-2 3.37834E-2 3.12095E-2 2.46593E-2 2.40913E-2 2.36918E-2 2.31027E-2 3.18363E-2 3.01563E-2 2.88794E-2 2.31481E-2 2.05666E-2 2.0336E-2 2.33848E-2 1.82465E-2 2.07501E-2 1.59311E-2 1.69236E-2 1.83117E-2 2.17435E-2 2.14628E-2 2.01805E-2 2.38326E-2 2.54334E-2 2.3498E-2 2.03305E-2 2.06735E-2 2.84572E-2 3.65627E-2 4.0006E-2 3.63271E-2 3.46208E-2 2.7077E-2 2.89235E-2 3.21679E-2 3.33472E-2 3.5101E-2 3.2298E-2 2.61457E-2 2.52959E-2 2.47738E-2 2.29846E-2 1.9968E-2
3.79745E-2 3.80782E-2 3.15434E-2 3.01548E-2 2.65414E-2 2.92202E-2 3.35798E-2 3.35832E-2 4.04469E-2 4.75037E-2 4.55381E-2 4.25833E-2 4.11045E-2 4.00057E-2 2.52854E-2 3.702E-2 3.66787E-2 3.19461E-2 3.64677E-2 4.11182E-2 4.24056E-2 4.49042E-2 3.93627E-2 3.29098E-2 2.829E-2 2.92847E-2 2.29412E-2 2.1832E-2 2.1901E-2 3.28193E-2 2.78024E-2 2.34242E-2 2.11729E-2 1.62827E-2 1.21117E-2 1.25204E-2 8.97538E-3 1.47323E-2 1.20358E-2 1.18114E-2 1.67163E-2 2.06681E-2 1.67736E-2 1.62512E-2 1.76596E-2 1.61779E-2 1.80968E-2 1.97462E-2 2.39047E-2 2.54066E-2 3.07232E-2 3.26505E-2 3.28736E-2 3.26101E-2 2.87493E-2 2.72252E-2 4.22169E-2 3.8397E-2 3.27524E-2 2.90478E-2 2.57193E-2 2.34608E-2 2.38187E-2 2.22153E-2 2.23322E-2
3.41903E-2 2.96123E-2 3.59195E-2 3.93034E-2 3.5712E-2 3.29183E-2 3.13404E-2 3.94231E-2 4.34101E-2 5.10561E-2 5.45557E-2 5.15628E-2 4.54531E-2 3.71672E-2 3.18876E-2 3.06845E-2 2.24089E-2 2.08378E-2 1.83916E-2 2.66604E-2 3.04892E-2 3.97615E-2 3.72246E-2 3.22045E-2 2.86986E-2 2.87629E-2 2.91392E-2 2.75103E-2 2.6175E-2 3.05462E-2 2.69095E-2 2.09976E-2 1.65836E-2 1.40693E-2 1.1109E-2 1.02858E-2 1.03947E-2 1.11368E-2 1.02682E-2 1.31801E-2 1.63963E-2 1.92188E-2 1.64737E-2 1.61348E-2 1.89273E-2 1.67118E-2 2.29074E-2 3.22131E-2 2.57526E-2 1.82727E-2 2.67866E-2 2.9557E-2 2.99755E-2 3.53389E-2 3.36447E-2 2.86856E-2 3.63932E-2 3.8086E-2 3.29078E-2 2.51512E-2 2.30006E-2 2.27407E-2 2.28804E-2 2.55912E-2 2.61652E-2
3.20969E-2 3.71789E-2 4.09463E-2 4.05553E-2 4.07746E-2 4.02996E-2 4.11306E-2 4.23733E-2 4.3468E-2 5.28792E-2 6.63001E-2 5.35873E-2 5.3431E-2 4.13138E-2 3.29276E-2 1.93803E-2 1.51526E-2 1.64098E-2 1.71146E-2 1.54404E-2 1.76349E-2 2.22296E-2 2.45368E-2 2.94907E-2 2.92909E-2 3.06912E-2 3.59378E-2 3.05822E-2 2.8368E-2 2.76715E-2 2.14812E-2 1.64764E-2 1.33894E-2 1.12168E-2 7.92326E-3 8.40854E-3 9.42147E-3 9.73897E-3 1.30481E-2 1.30327E-2 1.72865E-2 1.91403E-2 2.04405E-2 2.07053E-2 2.07153E-2 2.22081E-2 2.71141E-2 2.82463E-2 2.6539E-2 2.12324E-2 2.1031E-2 2.84854E-2 3.01351E-2 3.23904E-2 3.19658E-2 2.83771E-2 3.2558E-2 3.72553E-2 3.44928E-2 2.68305E-2 2.2122E-2 1.84913E-2 1.8756E-2 2.06873E-2 1.84057E-2
3.58029E-2 3.6766E-2 3.87186E-2 4.18802E-2 4.46591E-2 4.69164E-2 4.69377E-2 5.18243E-2 5.62624E-2 5.95676E-2 6.90368E-2 5.41507E-2 5.30408E-2 4.0646E-2 2.43656E-2 1.64933E-2 1.71013E-2 1.59928E-2 1.56896E-2 1.69743E-2 1.77318E-2 1.83918E-2 1.34009E-2 2.07644E-2 2.56345E-2 2.81067E-2 3.32172E-2 2.75389E-2 2.40797E-2 2.47368E-2 2.01508E-2 1.41497E-2 1.03957E-2 1.02809E-2 1.0625E-2 1.14703E-2 1.09634E-2 1.10481E-2 1.2927E-2 1.23508E-2 1.39995E-2 1.58248E-2 2.14002E-2 2.60465E-2 2.10987E-2 2.01709E-2 2.19092E-2 1.83757E-2 1.78658E-2 2.11843E-2 1.94348E-2 2.33329E-2 2.47539E-2 2.67837E-2 3.19145E-2 3.02548E-2 3.11487E-2 3.38561E-2 3.31986E-2 2.93472E-2 2.27647E-2 1.6661E-2 1.71209E-2 1.93264E-2 1.47196E-2
3.8382E-2 3.6225E-2 3.42839E-2 3.60147E-2 3.68235E-2 4.12597E-2 5.15068E-2 6.43871E-2 6.55224E-2 7.21309E-2 6.02213E-2 5.17852E-2 4.67105E-2 3.04187E-2 2.27254E-2 1.66686E-2 1.71077E-2 1.73039E-2 1.53014E-2 1.5663E-2 1.55541E-2 1.96541E-2 1.62601E-2 1.42389E-2 2.41669E-2 2.45781E-2 2.89998E-2 2.29764E-2 2.07443E-2 2.34484E-2 1.78111E-2 1.18698E-2 9.79355E-3 1.07314E-2 1.25786E-2 1.25385E-2 1.53748E-2 1.36777E-2 1.54182E-2 1.52761E-2 1.46927E-2 1.59761E-2 2.26552E-2 2.53079E-2 2.57505E-2 1.81167E-2 2.06555E-2 2.2245E-2 2.35617E-2 2.43037E-2 2.54332E-2 2.47888E-2 2.14624E-2 2.30712E-2 2.80286E-2 2.6928E-2 3.0236E-2 2.85228E-2 2.90389E-2 2.57424E-2 1.90278E-2 1.3127E-2 1.17065E-2 1.61019E-2 1.63476E-2
3.56434E-2 2.89518E-2 2.70665E-2 2.6658E-2 3.86909E-2 4.68747E-2 2.71652E-2 5.27667E-2 5.92781E-2 1.49526E-1 6.37847E-2 4.87217E-2 3.8877E-2 2.62674E-2 1.76066E-2 1.5804E-2 1.55636E-2 1.67989E-2 1.74395E-2 1.91052E-2 1.561E-2 1.53941E-2 1.56473E-2 2.19742E-2 3.00089E-2 2.65468E-2 2.2894E-2 2.46512E-2 1.99754E-2 1.74386E-2 1.6329E-2 1.58085E-2 1.62395E-2 1.57561E-2 1.55081E-2 1.81319E-2 1.79272E-2 2.10256E-2 1.83361E-2 1.71848E-2 2.03679E-2 2.14152E-2 2.09128E-2 2.16864E-2 2.13001E-2 1.80347E-2 1.83459E-2 2.04873E-2 2.43348E-2 2.53148E-2 2.70148E-2 2.51022E-2 2.41516E-2 2.52864E-2 2.67684E-2 2.70396E-2 2.62563E-2 2.74839E-2 2.57304E-2 2.12756E-2 1.43709E-2 1.17473E-2 1.19844E-2 1.53591E-2 -9999
4.10015E-2 3.18743E-2 2.91756E-2 1.10684E-2 3.38973E-2 2.15496E-2 2.41133E-2 1.1186E-1 5.06358E-2 6.01468E-2 1.60624E-1 5.6271E-2 4.31088E-2 2.80103E-2 1.89178E-2 1.7294E-2 1.53762E-2 1.56805E-2 1.8218E-2 1.88585E-2 2.2576E-2 2.64742E-2 3.05729E-2 3.10142E-2 3.36756E-2 3.25442E-2 2.52521E-2 2.34522E-2 1.95355E-2 1.94233E-2 1.63284E-2 2.11985E-2 1.855E-2 1.68846E-2 1.73005E-2 1.79686E-2 2.13825E-2 2.05791E-2 1.93243E-2 2.24772E-2 2.14114E-2 2.22536E-2 2.57775E-2 2.26483E-2 2.24927E-2 1.7449E-2 1.61104E-2 2.10981E-2 2.3108E-2 2.09504E-2 1.73321E-2 2.17925E-2 2.43355E-2 2.6339E-2 2.74126E-2 2.79433E-2 2.40401E-2 2.64535E-2 2.37591E-2 1.83868E-2 1.44953E-2 1.40814E-2 1.38696E-2 1.53983E-2 -9999
4.9311E-2 4.61709E-2 3.14298E-2 2.02171E-2 4.0393E-2 2.44346E-2 4.2046E-2 5.27519E-2 6.2587E-2 6.62174E-2 5.77083E-2 5.263E-2 3.84382E-2 2.13824E-2 1.8215E-2 1.67667E-2 1.54034E-2 1.52519E-2 1.74772E-2 2.04879E-2 3.35019E-2 3.84084E-2 4.02395E-2 3.85959E-2 3.74188E-2 3.78614E-2 3.22038E-2 2.71472E-2 2.38806E-2 2.29507E-2 2.10989E-2 2.35615E-2 2.22567E-2 2.19502E-2 1.69014E-2 1.79155E-2 2.03727E-2 2.62881E-2 2.27368E-2 2.24761E-2 2.27203E-2 2.2592E-2 2.33642E-2 1.85657E-2 1.86644E-2 1.98965E-2 1.89818E-2 1.81784E-2 1.6131E-2 1.91488E-2 1.72602E-2 1.61949E-2 2.1803E-2 2.44268E-2 2.47132E-2 2.5785E-2 2.61393E-2 2.58851E-2 2.31233E-2 1.76682E-2 1.44944E-2 1.58959E-2 1.49955E-2 -9999 -9999
5.29898E-2 5.56116E-2 4.44624E-2 4.4711E-2 1.09418E-1 4.03606E-2 5.53799E-2 7.01475E-2 1.66841E-1 6.5106E-2 4.96061E-2 3.89193E-2 2.47251E-2 2.1719E-2 1.91172E-2 1.59746E-2 1.67319E-2 1.96089E-2 2.0875E-2 2.6433E-2 4.50456E-2 4.87626E-2 5.40257E-2 5.14111E-2 4.5279E-2 4.1168E-2 3.59376E-2 3.08974E-2 2.89891E-2 2.5782E-2 2.45185E-2 2.83454E-2 2.62546E-2 2.22895E-2 1.85242E-2 1.95001E-2 2.28792E-2 2.5161E-2 2.27438E-2 1.86573E-2 1.53296E-2 1.71911E-2 1.86592E-2 1.61508E-2 1.59695E-2 1.58224E-2 1.84359E-2 1.82139E-2 1.65743E-2 1.42504E-2 1.50335E-2 1.4203E-2 1.80544E-2 1.71748E-2 1.8613E-2 2.29688E-2 2.76695E-2 2.75353E-2 2.27238E-2 1.85039E-2 1.65845E-2 1.51374E-2 -9999 -9999 -9999
4.95564E-2 4.97686E-2 5.6714E-2 1.47944E-1 1.75762E-1 6.37576E-2 6.8412E-2 1.8691E-1 8.2339E-2 7.05967E-2 4.43892E-2 3.25667E-2 2.7337E-2 2.4959E-2 1.72182E-2 1.72423E-2 1.9101E-2 2.56065E-2 2.74026E-2 3.59052E-2 5.29038E-2 5.51757E-2 5.27205E-2 5.0491E-2 5.13166E-2 4.23656E-2 3.70643E-2 3.6783E-2 3.50043E-2 3.22019E-2 3.55512E-2 3.40673E-2 2.74846E-2 2.32151E-2 2.06877E-2 1.94176E-2 2.31361E-2 2.65925E-2 2.06222E-2 1.76895E-2 1.64108E-2 1.45146E-2 1.71318E-2 1.50892E-2 1.38548E-2 1.59997E-2 1.84955E-2 1.55621E-2 1.68257E-2 1.33811E-2 9.30787E-3 8.77752E-3 1.07656E-2 1.27074E-2 1.52155E-2 1.94786E-2 2.41483E-2 2.33356E-2 1.90836E-2 1.49191E-2 1.1907E-2 1.13408E-2 -9999 -9999 -9999
7.14308E-2 7.55119E-2 7.41085E-2 1.8012E-1 9.68288E-2 9.31462E-2 8.81202E-2 8.38021E-2 6.3103E-2 6.21147E-2 5.58008E-2 4.60568E-2 4.12818E-2 2.93213E-2 2.22755E-2 1.9664E-2 2.22911E-2 2.617E-2 3.10174E-2 3.83307E-2 4.87741E-2 5.02357E-2 4.72018E-2 4.90042E-2 4.85277E-2 4.62066E-2 3.93872E-2 4.21862E-2 4.28439E-2 4.59478E-2 4.27057E-2 4.03333E-2 3.56777E-2 2.63983E-2 2.2638E-2 2.03068E-2 2.03814E-2 1.91986E-2 1.79699E-2 1.65083E-2 1.31801E-2 1.42016E-2 1.64525E-2 1.46045E-2 1.273E-2 1.65545E-2 1.82734E-2 1.55394E-2 1.39281E-2 1.32197E-2 8.07956E-3 7.79544E-3 1.32235E-2 1.36582E-2 1.52784E-2 1.9638E-2 2.3889E-2 2.15548E-2 1.97527E-2 1.23203E-2 1.05209E-2 -9999 -9999 -9999 -9999
8.16358E-2 8.59078E-2 8.69214E-2 8.12275E-2 8.83909E-2 9.47215E-2 1.03041E-1 7.36533E-2 6.04801E-2 5.61104E-2 6.61902E-2 5.83553E-2 4.74576E-2 3.55969E-2 2.54855E-2 1.73615E-2 1.76044E-2 2.41915E-2 2.74839E-2 3.84173E-2 4.24381E-2 4.2417E-2 4.5723E-2 4.58277E-2 4.51729E-2 4.28303E-2 3.7795E-2 3.92607E-2 4.4635E-2 4.82874E-2 4.49436E-2 4.07976E-2 3.55643E-2 3.40133E-2 2.43552E-2 2.13634E-2 1.80186E-2 1.67759E-2 1.51032E-2 1.45938E-2 1.34457E-2 1.43747E-2 1.81794E-2 1.76343E-2 1.76717E-2 1.55877E-2 1.58378E-2 1.79187E-2 1.43561E-2 1.23528E-2 1.06235E-2 1.27772E-2 1.59331E-2 1.63616E-2 2.0593E-2 2.28904E-2 2.46086E-2 2.2962E-2 1.97046E-2 1.55296E-2 -9999 -9999 -9999 -9999 -9999
4.18621E-1 4.44873E-1 7.93669E-2 8.10576E-2 7.99974E-2 8.58305E-2 9.37897E-2 9.32501E-2 7.44818E-2 6.19036E-2 6.30871E-2 5.91953E-2 4.62738E-2 3.54393E-2 3.1655E-2 1.95327E-2 1.71511E-2 2.42337E-2 3.56007E-2 4.2793E-2 4.07982E-2 4.31164E-2 4.2351E-2 4.62392E-2 4.38904E-2 4.35883E-2 3.64636E-2 3.93172E-2 4.04901E-2 4.39965E-2 4.0933E-2 3.97308E-2 3.73721E-2 3.7908E-2 3.17198E-2 2.50372E-2 1.78495E-2 1.60557E-2 1.53232E-2 1.67703E-2 1.56294E-2 1.9145E-2 2.1925E-2 2.35339E-2 2.14113E-2 1.96311E-2 1.62924E-2 1.80616E-2 1.60204E-2 1.5306E-2 1.35289E-2 1.47169E-2 1.49946E-2 1.74471E-2 2.29781E-2 2.42041E-2 -9999 -9999 -9999 -9999 -9999 -9999 -9999 -9999 -9999
5.25486E-1 4.74598E-1 7.83773E-2 7.53767E-2 8.32215E-2 9.2284E-2 1.06698E-1 9.55801E-2 8.64481E-2 8.55034E-2 8.27634E-2 6.08041E-2 4.11314E-2 3.35591E-2 2.57048E-2 2.13312E-2 1.9811E-2 2.5097E-2 3.11339E-2 3.42842E-2 3.63804E-2 3.58859E-2 3.88597E-2 4.12183E-2 4.2932E-2 4.00461E-2 3.30982E-2 3.56584E-2 3.72035E-2 3.77353E-2 3.80506E-2 3.6994E-2 3.75569E-2 4.053E-2 3.42632E-2 2.87798E-2 2.07797E-2 1.74236E-2 1.57221E-2 1.74397E-2 1.94606E-2 2.18194E-2 2.38298E-2 2.66304E-2 2.57473E-2 2.2594E-2 1.82739E-2 1.76169E-2 1.65189E-2 1.98629E-2 1.78977E-2 1.93656E-2 2.07821E-2 2.19676E-2 2.39102E-2 -9999 -9999 -9999 -9999 -9999 -9999 -9999 -9999 -9999 -9999
5.2548E-1 4.77336E-1 8.1062E-2 7.82569E-2 8.54107E-2 1.02489E-1 1.10199E-1 1.03904E-1 8.84602E-2 8.86698E-2 8.35206E-2 5.70035E-2 3.68523E-2 2.73887E-2 2.15616E-2 1.80066E-2 2.0361E-2 2.58013E-2 2.42507E-2 2.56249E-2 3.29612E-2 3.59669E-2 4.16489E-2 4.19798E-2 3.84153E-2 3.74094E-2 3.30023E-2 3.08727E-2 3.17318E-2 3.30213E-2 3.33565E-2 3.61289E-2 3.79311E-2 4.07807E-2 3.6181E-2 3.206E-2 2.38846E-2 2.19757E-2 2.12167E-2 2.00942E-2 2.03407E-2 2.1364E-2 2.75566E-2 3.02497E-2 2.77845E-2 2.36409E-2 2.35263E-2 1.71781E-2 1.79414E-2 2.00511E-2 2.16918E-2 2.02337E-2 2.19619E-2 2.33218E-2 2.63623E-2 -9999 -9999 -9999 -9999 -9999 -9999 -9999 -9999 -9999 -9999
5.33985E-1 4.81322E-1 1.03834E-1 1.09314E-1 1.29527E-1 1.17354E-1 1.11755E-1 8.96283E-2 8.0201E-2 7.31939E-2 7.54417E-2 5.97102E-2 4.17679E-2 3.05363E-2 2.22735E-2 1.81564E-2 1.8564E-2 2.18909E-2 2.21562E-2 2.41153E-2 3.09206E-2 3.65137E-2 4.2709E-2 4.33756E-2 3.36501E-2 3.32695E-2 2.96366E-2 2.9067E-2 3.02206E-2 2.92266E-2 2.57457E-2 3.41577E-2 3.66691E-2 3.80697E-2 3.67334E-2 3.47664E-2 3.23654E-2 2.69705E-2 2.63965E-2 2.54852E-2 2.27698E-2 2.14557E-2 2.77993E-2 3.27929E-2 3.16713E-2 2.76651E-2 2.38827E-2 2.27251E-2 2.12115E-2 2.08651E-2 2.17775E-2 2.36561E-2 2.24554E-2 2.45368E-2 2.75665E-2 -9999 -9999 -9999 -9999 -9999 -9999 -9999 -9999 -9999 -9999
