KUENM_DEFAULT/Final_Models/M_1_F_lqpth_Set_1_NE/sp1_8_se_asia.asc
ncols         320
nrows         243
xllcorner     44.0
yllcorner     -0.666666666666667
cellsize      0.166666666666667
NODATA_value  -9999
[rows 0 to 30 of 243, columns 0 to 69 of 320]
-9999 -9999 -9999 4.69215E-3 -9999 -9999 -9999 -9999 -9999 -9999 -9999 -9999 -9999 -9999 -9999 -9999 -9999 -9999 -9999 -9999 -9999 -9999 -9999 -9999 -9999 -9999 -9999 -9999 -9999 -9999 -9999 -9999 -9999 -9999 -9999 -9999 -9999 -9999 -9999 -9999 -9999 -9999 -9999 -9999 -9999 -9999 -9999 -9999 -9999 -9999 -9999 -9999 -9999 -9999 -9999 -9999 -9999 -9999 -9999 -9999 -9999 -9999 -9999 -9999 -9999 -9999 -9999 -9999 -9999 -9999
-9999 -9999 -9999 6.26298E-3 5.06702E-3 -9999 -9999 -9999 -9999 -9999 -9999 -9999 -9999 -9999 -9999 -9999 -9999 -9999 -9999 -9999 -9999 -9999 1.3453E-2 1.60905E-2 1.53343E-2 -9999 -9999 -9999 -9999 -9999 -9999 -9999 -9999 -9999 -9999 -9999 -9999 -9999 -9999 -9999 -9999 -9999 -9999 -9999 -9999 -9999 -9999 -9999 -9999 -9999 -9999 -9999 -9999 -9999 -9999 -9999 -9999 -9999 -9999 -9999 -9999 -9999 -9999 -9999 -9999 -9999 -9999 -9999 -9999 -9999
-9999 -9999 5.44034E-3 5.74159E-3 6.72261E-3 4.8467E-3 -9999 -9999 -9999 -9999 -9999 -9999 -9999 -9999 -9999 -9999 -9999 -9999 -9999 -9999 1.09456E-2 9.70062E-3 1.05178E-2 1.15265E-2 1.13764E-2 1.3185E-2 -9999 -9999 -9999 -9999 -9999 -9999 -9999 -9999 -9999 -9999 -9999 -9999 -9999 -9999 -9999 -9999 -9999 -9999 -9999 -9999 -9999 -9999 -9999 -9999 -9999 -9999 -9999 -9999 -9999 -9999 -9999 -9999 -9999 -9999 -9999 -9999 -9999 -9999 -9999 -9999 -9999 -9999 -9999 -9999
3.12386E-3 3.29398E-3 3.92611E-3 5.3599E-3 7.74539E-3 5.59564E-3 5.50225E-3 -9999 -9999 -9999 -9999 -9999 -9999 -9999 -9999 -9999 -9999 -9999 1.23447E-2 1.08585E-2 9.94021E-3 9.71539E-3 8.8517E-3 9.42024E-3 1.13587E-2 -9999 -9999 -9999 -9999 -9999 -9999 -9999 -9999 -9999 -9999 -9999 -9999 -9999 -9999 -9999 -9999 -9999 -9999 -9999 -9999 -9999 -9999 -9999 -9999 -9999 -9999 -9999 -9999 -9999 -9999 -9999 -9999 -9999 -9999 -9999 -9999 -9999 -9999 -9999 -9999 -9999 -9999 -9999 -9999 -9999
-9999 2.70046E-3 3.76729E-3 3.87818E-3 4.9242E-3 7.74455E-3 8.82786E-3 1.01445E-2 -9999 -9999 -9999 -9999 -9999 -9999 -9999 -9999 -9999 1.23367E-2 1.23051E-2 1.05728E-2 1.00143E-2 9.69325E-3 9.00693E-3 9.7161E-3 9.89629E-3 1.11795E-2 -9999 -9999 -9999 -9999 -9999 -9999 -9999 -9999 -9999 -9999 -9999 -9999 -9999 -9999 -9999 -9999 -9999 -9999 -9999 -9999 -9999 -9999 -9999 -9999 -9999 -9999 -9999 -9999 -9999 -9999 -9999 -9999 -9999 -9999 -9999 -9999 -9999 -9999 -9999 -9999 -9999 -9999 -9999 -9999
-9999 2.91294E-3 3.24716E-3 3.55961E-3 5.4847E-3 7.29904E-3 9.25892E-3 8.46266E-3 8.79896E-3 1.19487E-2 1.14009E-2 -9999 -9999 -9999 -9999 -9999 1.19024E-2 1.09064E-2 1.02449E-2 8.71139E-3 8.52855E-3 7.51916E-3 5.88161E-3 5.07419E-3 -9999 -9999 -9999 -9999 -9999 -9999 -9999 -9999 -9999 -9999 -9999 -9999 -9999 -9999 -9999 -9999 -9999 -9999 -9999 -9999 -9999 -9999 -9999 -9999 -9999 -9999 -9999 -9999 -9999 -9999 -9999 -9999 -9999 -9999 -9999 -9999 -9999 -9999 -9999 -9999 -9999 -9999 -9999 -9999 -9999 -9999
-9999 -9999 2.67676E-3 3.92225E-3 4.37262E-3 5.99347E-3 9.50657E-3 1.15083E-2 9.93797E-3 9.18005E-3 7.45107E-3 7.97333E-3 1.09391E-2 1.16871E-2 1.02714E-2 1.01679E-2 8.3178E-3 7.09023E-3 8.96133E-3 7.54535E-3 7.36943E-3 6.34771E-3 5.71842E-3 5.19611E-3 3.63045E-3 -9999 -9999 -9999 -9999 -9999 -9999 -9999 -9999 -9999 -9999 -9999 -9999 -9999 -9999 -9999 -9999 -9999 -9999 -9999 -9999 -9999 -9999 -9999 -9999 -9999 -9999 -9999 -9999 -9999 -9999 -9999 -9999 -9999 -9999 -9999 -9999 -9999 -9999 -9999 -9999 -9999 -9999 -9999 -9999 -9999
-9999 -9999 3.00309E-3 2.87334E-3 5.98792E-3 1.08509E-2 1.16313E-2 1.17676E-2 9.85044E-3 1.00428E-2 1.01429E-2 6.17113E-3 5.66893E-3 9.41358E-3 9.43039E-3 8.54367E-3 7.88876E-3 8.22826E-3 7.11661E-3 6.53802E-3 7.34376E-3 7.62461E-3 6.29176E-3 5.9646E-3 3.92421E-3 3.05436E-3 2.58347E-3 -9999 -9999 -9999 -9999 -9999 -9999 -9999 -9999 -9999 -9999 -9999 -9999 -9999 -9999 -9999 -9999 -9999 -9999 -9999 -9999 -9999 -9999 -9999 -9999 -9999 -9999 -9999 -9999 -9999 -9999 -9999 -9999 -9999 -9999 -9999 -9999 -9999 -9999 -9999 -9999 -9999 -9999 -9999
-9999 -9999 3.62519E-3 3.73091E-3 6.56357E-3 1.2028E-2 9.59638E-3 7.23785E-3 9.25981E-3 9.63134E-3 1.01509E-2 9.52245E-3 8.14171E-3 7.25421E-3 6.32494E-3 6.68496E-3 7.43931E-3 7.36827E-3 6.78021E-3 6.52071E-3 6.84959E-3 6.3346E-3 4.33592E-3 3.40822E-3 3.32906E-3 3.11953E-3 3.05601E-3 -9999 2.21694E-2 -9999 -9999 -9999 -9999 -9999 -9999 -9999 -9999 -9999 -9999 -9999 -9999 -9999 -9999 -9999 -9999 -9999 -9999 -9999 -9999 -9999 -9999 -9999 -9999 -9999 -9999 -9999 -9999 -9999 -9999 -9999 -9999 -9999 -9999 -9999 -9999 -9999 -9999 -9999 -9999 -9999
-9999 -9999 3.403E-3 5.17482E-3 1.12677E-2 1.34328E-2 1.30372E-2 1.26539E-2 1.09872E-2 7.84318E-3 7.85676E-3 1.13167E-2 1.0722E-2 1.00235E-2 8.35442E-3 7.97041E-3 7.63005E-3 7.94312E-3 6.30156E-3 4.53111E-3 4.04497E-3 3.53341E-3 2.41788E-3 2.48658E-3 3.11273E-3 3.28952E-3 3.80853E-3 4.06468E-3 1.36635E-2 -9999 -9999 -9999 -9999 -9999 -9999 -9999 -9999 -9999 -9999 -9999 -9999 -9999 -9999 -9999 -9999 -9999 -9999 -9999 -9999 -9999 -9999 -9999 -9999 -9999 -9999 -9999 -9999 -9999 -9999 -9999 -9999 -9999 -9999 -9999 -9999 -9999 -9999 -9999 -9999 -9999
-9999 -9999 4.32751E-3 8.55418E-3 1.01444E-2 1.09856E-2 1.3042E-2 1.46581E-2 1.44353E-2 1.34537E-2 1.27959E-2 1.29908E-2 1.22069E-2 1.1348E-2 9.4766E-3 8.71799E-3 8.64135E-3 7.91374E-3 7.27615E-3 5.87655E-3 4.56505E-3 4.02356E-3 3.09663E-3 3.29749E-3 3.56048E-3 3.60387E-3 3.55769E-3 2.53462E-3 1.07337E-2 -9999 -9999 -9999 -9999 -9999 -9999 -9999 -9999 -9999 -9999 -9999 -9999 -9999 -9999 -9999 -9999 -9999 -9999 -9999 -9999 -9999 -9999 -9999 -9999 -9999 -9999 -9999 -9999 -9999 -9999 -9999 -9999 -9999 -9999 -9999 -9999 -9999 -9999 -9999 -9999 1.26885E-2
-9999 4.81191E-3 4.77218E-3 7.4116E-3 8.02477E-3 1.12477E-2 1.68452E-2 1.69232E-2 1.54433E-2 1.43205E-2 1.47899E-2 1.4581E-2 1.13505E-2 8.83035E-3 7.52255E-3 7.00102E-3 7.16535E-3 7.52343E-3 6.56228E-3 6.4488E-3 5.52462E-3 5.16274E-3 4.30649E-3 3.54829E-3 3.56867E-3 3.76898E-3 3.25479E-3 2.72349E-3 1.19626E-2 7.16756E-3 -9999 -9999 -9999 -9999 -9999 -9999 -9999 -9999 -9999 -9999 -9999 -9999 -9999 -9999 -9999 -9999 -9999 -9999 -9999 -9999 -9999 -9999 -9999 -9999 -9999 -9999 -9999 -9999 -9999 -9999 -9999 -9999 -9999 -9999 -9999 -9999 -9999 1.3761E-2 1.87243E-2 1.72868E-2
-9999 -9999 -9999 8.06875E-3 1.19223E-2 1.24793E-2 1.80941E-2 1.80944E-2 1.70308E-2 1.62667E-2 1.67168E-2 1.43689E-2 9.12855E-3 5.41261E-3 4.22134E-3 5.13033E-3 7.57809E-3 7.17015E-3 5.84158E-3 5.74894E-3 4.68364E-3 4.36255E-3 3.82572E-3 4.423E-3 4.12239E-3 5.42469E-3 4.0784E-3 3.45376E-3 1.41676E-2 7.34332E-3 -9999 -9999 -9999 -9999 -9999 -9999 -9999 -9999 -9999 -9999 -9999 -9999 -9999 -9999 -9999 -9999 -9999 -9999 -9999 -9999 -9999 -9999 -9999 -9999 -9999 -9999 -9999 -9999 -9999 -9999 -9999 -9999 -9999 -9999 -9999 1.20194E-2 1.74988E-2 2.30048E-2 3.20988E-2 1.93237E-2
-9999 -9999 -9999 -9999 1.0313E-2 1.65039E-2 2.04828E-2 2.02462E-2 1.95173E-2 1.76946E-2 1.82402E-2 1.40622E-2 8.85103E-3 7.88051E-3 6.22522E-3 6.4888E-3 8.86E-3 8.42856E-3 7.71405E-3 7.616E-3 7.68221E-3 7.84754E-3 8.31504E-3 8.09601E-3 6.07191E-3 9.33651E-3 5.27959E-3 4.26136E-3 7.71866E-3 2.14613E-2 8.1412E-3 -9999 -9999 -9999 -9999 -9999 -9999 -9999 -9999 -9999 -9999 -9999 -9999 -9999 -9999 -9999 -9999 -9999 -9999 -9999 -9999 -9999 -9999 -9999 -9999 -9999 -9999 -9999 -9999 -9999 -9999 -9999 -9999 -9999 -9999 3.72129E-2 4.85203E-2 4.39222E-2 4.32045E-2 4.14274E-2
-9999 -9999 -9999 -9999 6.53938E-3 1.58249E-2 1.98098E-2 2.34057E-2 2.1612E-2 2.03822E-2 2.04648E-2 1.93972E-2 1.66126E-2 1.34066E-2 1.03354E-2 9.91761E-3 1.01971E-2 1.03439E-2 9.57744E-3 8.97656E-3 8.39608E-3 1.18782E-2 1.54663E-2 1.07946E-2 7.77255E-3 1.31459E-2 8.40849E-3 3.97322E-3 5.42726E-3 2.03703E-2 7.13903E-3 9.22135E-3 9.49989E-3 8.66485E-3 8.43874E-3 8.35567E-3 -9999 -9999 -9999 -9999 -9999 -9999 -9999 -9999 -9999 -9999 -9999 -9999 -9999 -9999 -9999 -9999 -9999 -9999 -9999 -9999 -9999 -9999 -9999 -9999 -9999 -9999 -9999 3.60885E-2 4.3148E-2 5.17408E-2 6.70349E-2 6.50735E-2 6.52213E-2 4.12683E-2
-9999 -9999 -9999 -9999 -9999 2.0379E-2 1.57889E-2 1.8201E-2 2.45227E-2 2.41287E-2 2.42771E-2 2.27155E-2 2.18472E-2 1.55972E-2 1.29763E-2 1.24508E-2 9.9482E-3 1.052E-2 1.01107E-2 9.5421E-3 1.00675E-2 1.18893E-2 1.64571E-2 1.42179E-2 9.72028E-3 1.37282E-2 2.57473E-2 1.36267E-2 9.57236E-3 8.25573E-3 2.50925E-2 8.45319E-3 9.14009E-3 8.07012E-3 8.12835E-3 8.10257E-3 8.47956E-3 8.49833E-3 -9999 -9999 -9999 -9999 -9999 -9999 -9999 -9999 -9999 -9999 -9999 -9999 -9999 -9999 -9999 -9999 -9999 -9999 -9999 -9999 -9999 -9999 2.46578E-2 3.16238E-2 3.882E-2 4.75468E-2 6.17146E-2 6.8048E-2 8.18346E-2 8.44016E-2 6.22573E-2 1.30614E-2
-9999 -9999 -9999 -9999 -9999 1.12927E-2 2.20264E-2 2.22425E-2 2.79921E-2 3.22955E-2 3.12441E-2 2.80231E-2 2.71688E-2 2.17513E-2 1.6225E-2 1.25158E-2 9.70629E-3 9.17297E-3 1.06369E-2 1.13375E-2 1.4417E-2 1.68871E-2 2.30028E-2 2.21489E-2 1.70537E-2 1.00506E-2 1.19595E-2 2.74729E-2 3.13244E-2 1.06267E-2 1.69022E-2 2.76466E-2 7.83784E-3 7.85206E-3 7.70727E-3 3.24284E-2 7.40989E-3 8.45802E-3 8.73662E-3 -9999 -9999 -9999 -9999 -9999 -9999 -9999 -9999 -9999 -9999 -9999 -9999 -9999 -9999 -9999 -9999 -9999 -9999 -9999 -9999 -9999 4.04226E-2 5.1513E-2 6.05258E-2 6.8583E-2 7.19997E-2 8.26452E-2 9.16069E-2 5.78415E-2 1.17705E-2 3.82093E-3
-9999 -9999 -9999 -9999 -9999 1.01334E-2 2.54402E-2 3.2415E-2 3.32501E-2 3.48319E-2 3.91389E-2 3.11737E-2 3.57504E-2 3.12902E-2 2.39703E-2 1.62709E-2 1.17987E-2 9.09497E-3 8.95047E-3 9.39859E-3 1.39198E-2 1.90289E-2 1.93654E-2 1.94113E-2 2.24275E-2 1.87685E-2 9.45085E-3 6.39598E-3 3.18419E-2 3.9016E-2 2.20811E-2 1.493E-2 3.75047E-2 3.80254E-2 2.98174E-2 2.30382E-2 1.72658E-2 2.55712E-2 1.67466E-2 2.9699E-2 -9999 -9999 -9999 -9999 -9999 -9999 -9999 -9999 -9999 -9999 -9999 -9999 -9999 -9999 -9999 -9999 -9999 -9999 -9999 -9999 6.5234E-2 7.74738E-2 9.10907E-2 9.33544E-2 7.01531E-2 5.92592E-2 1.33732E-2 3.62754E-3 4.04614E-3 2.29165E-3
-9999 -9999 -9999 -9999 -9999 -9999 2.68981E-2 4.69575E-2 2.82695E-2 3.19269E-2 3.90061E-2 2.80063E-2 3.87755E-2 3.66803E-2 3.13346E-2 2.55337E-2 1.29169E-2 9.11727E-3 9.33756E-3 7.79675E-3 8.29933E-3 1.42766E-2 1.57443E-2 9.83379E-3 1.37919E-2 2.55437E-2 2.43407E-2 1.0855E-2 9.69453E-3 2.51228E-2 4.26351E-2 4.43389E-2 4.29563E-2 2.86234E-2 2.13261E-2 1.43122E-2 1.14675E-2 9.27315E-3 5.58508E-3 9.3945E-3 3.10036E-2 8.56677E-3 -9999 -9999 -9999 -9999 -9999 -9999 -9999 -9999 -9999 -9999 -9999 5.51371E-2 5.60984E-2 6.05842E-2 6.56485E-2 6.94812E-2 6.86454E-2 6.33302E-2 4.2942E-2 3.19762E-2 2.50778E-2 1.79996E-2 3.70821E-3 1.67383E-3 1.81958E-3 1.59792E-3 2.23676E-3 3.95345E-3
-9999 -9999 -9999 -9999 -9999 -9999 1.99306E-2 4.34968E-2 2.92053E-2 3.98463E-2 3.60641E-2 3.53487E-2 4.51821E-2 4.05163E-2 3.11693E-2 3.15064E-2 1.92595E-2 1.39991E-2 1.54723E-2 1.03449E-2 1.05217E-2 1.84182E-2 2.51162E-2 1.7365E-2 1.36794E-2 1.67127E-2 1.92748E-2 2.23431E-2 1.76497E-2 1.07193E-2 1.25909E-2 2.20907E-2 5.89463E-2 6.06634E-2 4.3198E-2 2.85682E-2 2.60813E-2 1.33921E-2 3.7848E-3 2.56515E-3 7.11176E-3 1.10057E-2 2.42294E-2 3.01117E-2 3.22698E-2 3.60917E-2 3.77279E-2 4.5241E-2 4.46946E-2 4.43344E-2 4.64089E-2 5.20045E-2 5.67149E-2 5.45984E-2 5.7175E-2 5.34779E-2 5.1029E-2 2.70516E-2 1.09476E-2 3.54749E-3 1.37202E-3 1.15938E-3 9.69093E-4 8.44061E-4 8.06594E-4 1.04317E-3 1.63265E-3 2.20341E-3 3.79635E-3 5.64735E-3
-9999 -9999 -9999 -9999 -9999 -9999 3.60624E-2 3.6123E-2 4.45537E-2 3.74614E-2 4.77331E-2 5.78103E-2 6.31716E-2 5.19518E-2 3.85859E-2 3.60161E-2 2.79665E-2 2.3365E-2 2.14198E-2 1.3492E-2 1.16458E-2 1.62415E-2 1.94392E-2 2.41906E-2 1.91011E-2 2.50255E-2 2.1906E-2 1.61632E-2 1.88848E-2 1.91166E-2 1.32679E-2 1.96387E-2 2.89402E-2 3.14199E-2 2.60386E-2 2.39936E-2 2.00999E-2 1.80505E-2 1.80706E-2 1.04064E-2 2.92316E-3 1.88641E-3 1.91312E-3 1.42619E-2 1.46557E-2 9.41239E-3 8.88154E-3 1.92384E-2 3.46005E-2 3.88311E-2 4.07141E-2 4.92811E-2 5.3727E-2 5.06828E-2 4.72847E-2 4.9164E-2 2.72049E-2 1.11093E-2 2.25885E-3 1.09928E-3 9.61551E-4 8.51372E-4 7.88543E-4 9.61215E-4 1.13194E-3 1.6752E-3 2.04323E-3 2.04134E-3 3.15417E-3 4.38313E-3
-9999 -9999 -9999 -9999 -9999 -9999 -9999 -9999 5.30806E-2 6.24803E-2 3.84825E-2 4.70455E-2 4.74245E-2 5.66643E-2 6.17884E-2 5.42109E-2 3.44317E-2 2.53917E-2 2.04652E-2 2.13537E-2 2.15479E-2 2.40959E-2 2.73006E-2 3.27904E-2 3.27691E-2 2.31582E-2 2.40414E-2 2.44573E-2 1.84474E-2 1.45007E-2 2.54E-2 2.23714E-2 2.29039E-2 3.26879E-2 4.8567E-2 5.60453E-2 5.13477E-2 3.27341E-2 8.69894E-3 5.57398E-3 3.1521E-3 2.4655E-3 2.38333E-3 2.65058E-3 1.49245E-3 1.64381E-3 1.64124E-3 1.2686E-3 1.60093E-3 8.51691E-3 3.84899E-2 4.80484E-2 5.10973E-2 5.6001E-2 3.37023E-2 3.35148E-2 1.83651E-2 3.08998E-3 1.44695E-3 9.81446E-4 1.25354E-3 1.98846E-3 3.17527E-3 3.46424E-3 2.98059E-3 2.15727E-3 1.65603E-3 1.60994E-3 1.80628E-3 1.76773E-3
-9999 -9999 -9999 -9999 -9999 -9999 -9999 -9999 2.89358E-2 4.02137E-2 5.3618E-2 1.9517E-2 1.88261E-2 4.54142E-2 5.09831E-2 4.8268E-2 3.57212E-2 3.05803E-2 3.24744E-2 2.88418E-2 3.06214E-2 2.90787E-2 3.37822E-2 3.59053E-2 3.5746E-2 3.50967E-2 2.18312E-2 2.03618E-2 2.38833E-2 2.14422E-2 2.30702E-2 2.88917E-2 3.59277E-2 4.52435E-2 5.46891E-2 5.44038E-2 5.20148E-2 4.34248E-2 2.95694E-2 1.20722E-2 5.28451E-3 2.77137E-3 1.07861E-3 1.71458E-3 6.03809E-4 5.81562E-4 5.923E-4 1.02404E-3 1.09279E-3 2.79733E-3 1.16613E-3 9.81448E-4 1.76248E-3 5.20092E-3 1.37501E-2 3.69457E-3 1.34908E-3 1.02698E-3 1.03499E-3 9.42784E-4 2.41039E-3 4.64844E-3 4.69108E-3 4.72835E-3 3.96905E-3 3.39974E-3 2.56124E-3 2.3706E-3 1.95541E-3 2.06424E-3
-9999 -9999 -9999 -9999 -9999 -9999 -9999 -9999 -9999 -9999 2.77087E-2 2.58384E-2 1.71983E-2 2.10363E-2 2.25072E-2 4.03252E-2 3.59227E-2 4.32417E-2 4.43405E-2 4.40267E-2 3.41703E-2 2.94308E-2 3.24041E-2 3.65952E-2 3.4414E-2 3.51628E-2 2.88591E-2 2.66351E-2 2.76116E-2 3.02998E-2 2.3389E-2 2.40696E-2 4.22632E-2 5.72226E-2 6.16059E-2 6.29688E-2 4.33965E-2 3.82623E-2 3.36966E-2 2.82295E-2 2.4005E-2 8.21086E-3 3.41654E-3 9.06734E-4 8.09176E-4 7.77311E-4 5.39051E-4 5.54383E-4 5.37957E-4 1.24552E-3 3.9259E-4 3.91429E-4 7.73115E-4 9.35232E-4 1.11724E-3 8.54692E-4 7.14546E-4 9.44476E-4 1.054E-3 1.43604E-3 2.19072E-3 3.36285E-3 4.46811E-3 3.71594E-3 3.82828E-3 3.59284E-3 3.54789E-3 3.29023E-3 2.61905E-3 3.84052E-3
-9999 -9999 -9999 -9999 -9999 -9999 -9999 -9999 -9999 -9999 -9999 -9999 -9999 -9999 1.8828E-2 1.48772E-2 1.99644E-2 4.5941E-2 4.38931E-2 3.88584E-2 4.31383E-2 4.00795E-2 3.73428E-2 3.45592E-2 3.12222E-2 3.37422E-2 2.95132E-2 3.20846E-2 2.46549E-2 2.01107E-2 2.97863E-2 3.31614E-2 3.29876E-2 3.12133E-2 3.98547E-2 4.70572E-2 4.40359E-2 4.18849E-2 3.32429E-2 2.7007E-2 2.65949E-2 1.69109E-2 8.60553E-3 6.46358E-3 6.31611E-3 4.11781E-3 2.58784E-3 1.48933E-3 6.99128E-4 4.64924E-4 5.12805E-4 1.16413E-3 1.19337E-3 8.65489E-4 8.17516E-4 9.03988E-4 1.31451E-3 1.28413E-3 1.22672E-3 9.43774E-4 1.39381E-3 2.31007E-3 3.00096E-3 3.14038E-3 2.97481E-3 3.3967E-3 2.7818E-3 2.283E-3 2.26235E-3 3.41937E-3
-9999 -9999 -9999 -9999 -9999 -9999 -9999 -9999 -9999 -9999 -9999 -9999 2.55828E-2 2.8691E-2 2.60153E-2 2.40604E-2 2.08186E-2 2.29172E-2 2.98249E-2 4.7867E-2 3.96029E-2 4.3178E-2 4.88386E-2 4.26031E-2 3.80246E-2 3.79299E-2 3.53995E-2 2.63658E-2 2.48001E-2 2.07267E-2 8.95175E-3 1.06543E-2 1.04331E-2 8.08666E-3 7.7057E-3 6.64414E-3 6.76312E-3 1.27816E-2 1.06443E-2 1.22661E-2 1.55852E-2 1.75425E-2 1.24419E-2 1.40997E-2 1.0932E-2 5.78486E-3 4.11998E-3 1.90152E-3 7.66927E-4 6.63569E-4 7.13436E-4 1.2943E-3 4.07011E-4 4.62238E-4 1.34102E-3 1.73082E-3 2.46749E-3 1.87491E-3 1.57796E-3 1.43934E-3 1.25644E-3 2.12975E-3 2.53729E-3 2.21373E-3 2.31889E-3 2.79854E-3 2.57761E-3 2.87769E-3 3.4598E-3 4.77338E-3
-9999 -9999 -9999 -9999 -9999 -9999 -9999 -9999 -9999 -9999 -9999 -9999 2.56638E-2 3.24885E-2 2.20275E-2 3.12824E-2 2.84955E-2 3.30989E-2 3.43187E-2 2.63946E-2 5.05079E-2 5.46484E-2 5.07877E-2 3.91461E-2 3.71299E-2 3.56882E-2 3.62937E-2 3.71122E-2 3.2078E-2 2.85116E-2 2.71914E-2 9.85975E-3 8.34437E-3 4.91044E-3 4.60764E-3 5.6341E-3 5.67058E-3 1.25655E-2 1.07849E-2 9.66589E-3 1.05486E-2 1.2299E-2 1.06627E-2 9.08005E-3 8.59975E-3 6.76443E-3 2.89756E-3 2.23631E-3 1.5759E-3 1.05301E-3 1.72757E-3 6.57335E-4 1.20409E-3 1.36442E-3 1.82163E-3 2.73393E-3 3.30273E-3 3.13904E-3 2.29319E-3 1.94688E-3 1.39805E-3 1.81981E-3 1.64616E-3 1.33529E-3 2.05765E-3 3.81606E-3 5.64714E-3 4.92025E-3 5.60751E-3 7.09355E-3
-9999 -9999 -9999 -9999 -9999 -9999 -9999 -9999 -9999 -9999 -9999 -9999 -9999 2.6568E-2 3.1865E-2 3.2044E-2 2.30735E-2 3.67438E-2 3.52756E-2 2.61308E-2 2.99846E-2 5.23028E-2 4.86782E-2 5.03682E-2 3.69145E-2 3.24551E-2 3.71443E-2 3.92964E-2 3.65141E-2 3.42352E-2 3.13387E-2 1.5272E-2 1.1926E-2 7.19718E-3 3.84505E-3 4.17005E-3 3.33392E-3 4.16531E-3 9.73819E-3 8.10863E-3 3.57102E-3 2.93431E-3 7.24803E-3 6.77905E-3 4.17191E-3 3.27536E-3 2.94778E-3 2.45412E-3 2.21716E-3 2.08062E-3 4.2675E-3 5.46734E-3 5.15816E-3 4.70845E-3 4.1629E-3 4.44447E-3 4.38297E-3 4.09086E-3 3.0624E-3 2.82461E-3 2.42145E-3 2.5126E-3 2.31826E-3 2.60656E-3 3.84182E-3 4.21104E-3 4.58639E-3 6.83628E-3 6.7562E-3 6.54274E-3
-9999 -9999 -9999 -9999 -9999 -9999 -9999 -9999 -9999 -9999 -9999 1.00519E-1 5.71348E-2 4.41937E-2 2.52329E-2 3.46293E-2 3.10781E-2 4.20922E-2 3.56827E-2 2.90028E-2 2.71368E-2 2.2595E-2 1.82178E-2 4.78532E-2 4.96297E-2 3.66183E-2 3.89478E-2 4.74056E-2 4.10186E-2 4.20396E-2 3.79383E-2 3.45999E-2 3.08276E-2 2.72772E-2 6.63644E-3 1.47507E-2 1.09221E-2 9.66036E-3 1.15301E-2 8.34E-3 7.55122E-3 6.86078E-3 6.47133E-3 3.38694E-3 3.61756E-3 3.07345E-3 2.98041E-3 2.87427E-3 2.98235E-3 3.08262E-3 4.49001E-3 5.21084E-3 4.31437E-3 3.82551E-3 5.08935E-3 4.72898E-3 4.23896E-3 3.58875E-3 3.69473E-3 3.3939E-3 3.64103E-3 3.65866E-3 3.79362E-3 4.44042E-3 5.31073E-3 5.2664E-3 6.05078E-3 6.48573E-3 6.52965E-3 6.37991E-3
-9999 -9999 -9999 -9999 -9999 -9999 -9999 -9999 -9999 -9999 -9999 1.07252E-1 6.07433E-2 3.74698E-2 3.57792E-2 2.61974E-2 3.47847E-2 3.46169E-2 3.79218E-2 3.7578E-2 3.52482E-2 2.97456E-2 2.46968E-2 2.0668E-2 4.31484E-2 4.59536E-2 5.71849E-2 4.87528E-2 3.42179E-2 3.85299E-2 3.57898E-2 1.22055E-2 2.53884E-2 2.65429E-2 2.96801E-2 6.16493E-3 1.41582E-2 1.42E-2 1.26137E-2 1.05228E-2 3.45838E-3 3.02237E-3 3.34529E-3 3.20341E-3 3.33005E-3 3.57164E-3 2.33271E-3 2.25783E-3 3.16579E-3 3.07967E-3 2.70628E-3 5.53031E-3 4.6681E-3 3.67327E-3 3.18307E-3 2.52163E-3 2.38524E-3 2.67672E-3 3.42424E-3 4.00746E-3 3.82946E-3 4.95281E-3 4.85955E-3 5.25592E-3 4.65952E-3 4.51744E-3 4.73229E-3 5.89796E-3 5.82827E-3 5.75947E-3
-9999 -9999 -9999 -9999 -9999 -9999 -9999 -9999 -9999 -9999 2.22521E-1 1.36716E-1 7.93256E-2 4.30285E-2 5.03106E-2 4.89636E-2 3.96343E-2 5.65475E-2 4.00039E-2 2.97247E-2 3.44655E-2 2.93333E-2 2.67856E-2 5.88269E-2 7.15435E-2 3.36741E-2 1.24773E-2 3.15047E-2 2.64944E-2 2.87848E-2 3.77338E-2 2.62356E-2 2.23806E-2 2.37627E-2 5.01274E-3 4.49623E-3 2.65324E-3 3.6988E-3 4.48509E-3 3.89091E-3 3.18693E-3 2.43267E-3 2.57283E-3 2.8999E-3 3.64054E-3 3.14891E-3 2.71153E-3 2.93287E-3 2.4257E-3 1.73169E-3 2.57494E-3 2.32463E-3 2.08512E-3 2.25171E-3 4.28868E-3 3.64824E-3 3.94032E-3 3.80834E-3 3.9728E-3 4.55365E-3 4.26508E-3 4.52217E-3 4.33554E-3 4.33891E-3 4.59623E-3 4.1911E-3 4.39173E-3 4.42382E-3 4.04735E-3 4.40536E-3
