KUENM_DEFAULT/Final_Models/M_1_F_lqpth_Set_1_NE/sp1_2_se_asia.asc
ncols         320
nrows         243
xllcorner     44.0
yllcorner     -0.666666666666667
cellsize      0.166666666666667
NODATA_value  -9999
[rows 0 to 30 of 243, columns 0 to 69 of 320]
-9999 -9999 -9999 4.6584E-3 -9999 -9999 -9999 -9999 -9999 -9999 -9999 -9999 -9999 -9999 -9999 -9999 -9999 -9999 -9999 -9999 -9999 -9999 -9999 -9999 -9999 -9999 -9999 -9999 -9999 -9999 -9999 -9999 -9999 -9999 -9999 -9999 -9999 -9999 -9999 -9999 -9999 -9999 -9999 -9999 -9999 -9999 -9999 -9999 -9999 -9999 -9999 -9999 -9999 -9999 -9999 -9999 -9999 -9999 -9999 -9999 -9999 -9999 -9999 -9999 -9999 -9999 -9999 -9999 -9999 -9999
-9999 -9999 -9999 4.91834E-3 5.00956E-3 -9999 -9999 -9999 -9999 -9999 -9999 -9999 -9999 -9999 -9999 -9999 -9999 -9999 -9999 -9999 -9999 -9999 9.96424E-3 8.68509E-3 9.31418E-3 -9999 -9999 -9999 -9999 -9999 -9999 -9999 -9999 -9999 -9999 -9999 -9999 -9999 -9999 -9999 -9999 -9999 -9999 -9999 -9999 -9999 -9999 -9999 -9999 -9999 -9999 -9999 -9999 -9999 -9999 -9999 -9999 -9999 -9999 -9999 -9999 -9999 -9999 -9999 -9999 -9999 -9999 -9999 -9999 -9999
-9999 -9999 4.83972E-3 4.99515E-3 5.22509E-3 4.89407E-3 -9999 -9999 -9999 -9999 -9999 -9999 -9999 -9999 -9999 -9999 -9999 -9999 -9999 -9999 1.87767E-2 1.75038E-2 1.68891E-2 1.74159E-2 1.16614E-2 1.31019E-2 -9999 -9999 -9999 -9999 -9999 -9999 -9999 -9999 -9999 -9999 -9999 -9999 -9999 -9999 -9999 -9999 -9999 -9999 -9999 -9999 -9999 -9999 -9999 -9999 -9999 -9999 -9999 -9999 -9999 -9999 -9999 -9999 -9999 -9999 -9999 -9999 -9999 -9999 -9999 -9999 -9999 -9999 -9999 -9999
3.56013E-3 3.79485E-3 4.44804E-3 5.5236E-3 3.18042E-3 3.44767E-3 3.64622E-3 -9999 -9999 -9999 -9999 -9999 -9999 -9999 -9999 -9999 -9999 -9999 2.06251E-2 1.9212E-2 1.87482E-2 1.85669E-2 1.7638E-2 1.89234E-2 2.26553E-2 -9999 -9999 -9999 -9999 -9999 -9999 -9999 -9999 -9999 -9999 -9999 -9999 -9999 -9999 -9999 -9999 -9999 -9999 -9999 -9999 -9999 -9999 -9999 -9999 -9999 -9999 -9999 -9999 -9999 -9999 -9999 -9999 -9999 -9999 -9999 -9999 -9999 -9999 -9999 -9999 -9999 -9999 -9999 -9999 -9999
-9999 3.0351E-3 4.54351E-3 4.39059E-3 5.28757E-3 5.16539E-3 3.53335E-3 6.14345E-3 -9999 -9999 -9999 -9999 -9999 -9999 -9999 -9999 -9999 1.94053E-2 1.7817E-2 1.73979E-2 1.84219E-2 1.9446E-2 1.74244E-2 1.90474E-2 2.22573E-2 2.84847E-2 -9999 -9999 -9999 -9999 -9999 -9999 -9999 -9999 -9999 -9999 -9999 -9999 -9999 -9999 -9999 -9999 -9999 -9999 -9999 -9999 -9999 -9999 -9999 -9999 -9999 -9999 -9999 -9999 -9999 -9999 -9999 -9999 -9999 -9999 -9999 -9999 -9999 -9999 -9999 -9999 -9999 -9999 -9999 -9999
-9999 3.31999E-3 3.60341E-3 3.84361E-3 5.69587E-3 5.71738E-3 3.71587E-3 6.81432E-3 7.62413E-3 8.12666E-3 8.60577E-3 -9999 -9999 -9999 -9999 -9999 1.45588E-2 1.20322E-2 1.18922E-2 1.00362E-2 1.38742E-2 1.39541E-2 9.66045E-3 8.13947E-3 -9999 -9999 -9999 -9999 -9999 -9999 -9999 -9999 -9999 -9999 -9999 -9999 -9999 -9999 -9999 -9999 -9999 -9999 -9999 -9999 -9999 -9999 -9999 -9999 -9999 -9999 -9999 -9999 -9999 -9999 -9999 -9999 -9999 -9999 -9999 -9999 -9999 -9999 -9999 -9999 -9999 -9999 -9999 -9999 -9999 -9999
-9999 -9999 2.88758E-3 4.22033E-3 4.61684E-3 6.22549E-3 4.14572E-3 4.01866E-3 7.38187E-3 8.4885E-3 6.17802E-3 6.8251E-3 1.06271E-2 1.30287E-2 9.06946E-3 8.67379E-3 6.5186E-3 5.508E-3 8.27643E-3 7.21991E-3 1.18725E-2 1.12824E-2 8.12541E-3 8.20399E-3 4.94526E-3 -9999 -9999 -9999 -9999 -9999 -9999 -9999 -9999 -9999 -9999 -9999 -9999 -9999 -9999 -9999 -9999 -9999 -9999 -9999 -9999 -9999 -9999 -9999 -9999 -9999 -9999 -9999 -9999 -9999 -9999 -9999 -9999 -9999 -9999 -9999 -9999 -9999 -9999 -9999 -9999 -9999 -9999 -9999 -9999 -9999
-9999 -9999 3.1344E-3 3.08869E-3 6.18337E-3 4.14906E-3 3.91055E-3 3.99912E-3 4.78238E-3 8.22543E-3 9.38847E-3 5.01495E-3 4.55466E-3 8.67538E-3 7.7683E-3 7.25826E-3 6.88873E-3 7.23411E-3 6.92846E-3 7.5569E-3 1.07529E-2 1.44735E-2 1.21123E-2 1.05444E-2 6.65115E-3 4.77691E-3 3.76772E-3 -9999 -9999 -9999 -9999 -9999 -9999 -9999 -9999 -9999 -9999 -9999 -9999 -9999 -9999 -9999 -9999 -9999 -9999 -9999 -9999 -9999 -9999 -9999 -9999 -9999 -9999 -9999 -9999 -9999 -9999 -9999 -9999 -9999 -9999 -9999 -9999 -9999 -9999 -9999 -9999 -9999 -9999 -9999
-9999 -9999 3.97668E-3 3.97167E-3 4.33022E-3 5.89635E-3 5.24177E-3 6.43593E-3 5.34071E-3 8.35502E-3 8.8024E-3 8.7305E-3 6.82011E-3 5.77107E-3 4.80733E-3 5.63938E-3 6.52662E-3 7.65234E-3 7.51622E-3 8.0231E-3 1.05402E-2 1.04004E-2 5.92026E-3 3.93282E-3 5.14386E-3 5.46501E-3 5.36151E-3 -9999 1.63438E-2 -9999 -9999 -9999 -9999 -9999 -9999 -9999 -9999 -9999 -9999 -9999 -9999 -9999 -9999 -9999 -9999 -9999 -9999 -9999 -9999 -9999 -9999 -9999 -9999 -9999 -9999 -9999 -9999 -9999 -9999 -9999 -9999 -9999 -9999 -9999 -9999 -9999 -9999 -9999 -9999 -9999
-9999 -9999 3.67016E-3 5.60512E-3 5.8877E-3 6.66931E-3 6.17027E-3 5.67804E-3 5.65998E-3 6.33644E-3 6.50319E-3 5.97895E-3 6.23906E-3 9.14628E-3 7.52171E-3 7.61544E-3 7.2468E-3 8.54668E-3 5.96046E-3 4.09138E-3 3.65392E-3 3.08607E-3 1.7639E-3 1.87786E-3 3.74719E-3 5.31144E-3 6.42397E-3 6.7586E-3 1.97511E-2 -9999 -9999 -9999 -9999 -9999 -9999 -9999 -9999 -9999 -9999 -9999 -9999 -9999 -9999 -9999 -9999 -9999 -9999 -9999 -9999 -9999 -9999 -9999 -9999 -9999 -9999 -9999 -9999 -9999 -9999 -9999 -9999 -9999 -9999 -9999 -9999 -9999 -9999 -9999 -9999 -9999
-9999 -9999 4.42556E-3 5.32982E-3 5.58699E-3 5.58196E-3 5.97529E-3 6.93948E-3 6.0782E-3 6.04242E-3 5.76898E-3 5.7885E-3 5.65049E-3 5.58753E-3 5.68888E-3 5.38531E-3 8.30253E-3 8.03726E-3 7.86323E-3 6.32259E-3 4.59306E-3 3.91826E-3 2.98634E-3 3.45705E-3 4.3879E-3 4.72575E-3 5.52482E-3 2.80976E-3 1.94028E-2 -9999 -9999 -9999 -9999 -9999 -9999 -9999 -9999 -9999 -9999 -9999 -9999 -9999 -9999 -9999 -9999 -9999 -9999 -9999 -9999 -9999 -9999 -9999 -9999 -9999 -9999 -9999 -9999 -9999 -9999 -9999 -9999 -9999 -9999 -9999 -9999 -9999 -9999 -9999 -9999 4.95313E-3
-9999 5.31627E-3 3.51111E-3 4.92445E-3 4.83685E-3 5.54954E-3 7.48963E-3 7.40588E-3 6.94761E-3 6.5452E-3 6.29253E-3 6.54914E-3 5.49946E-3 4.45726E-3 3.98721E-3 5.74596E-3 6.42925E-3 6.99345E-3 6.83852E-3 7.11504E-3 6.45246E-3 6.2046E-3 4.43641E-3 3.38751E-3 3.64113E-3 4.59119E-3 3.80277E-3 2.74148E-3 2.17986E-2 2.73999E-3 -9999 -9999 -9999 -9999 -9999 -9999 -9999 -9999 -9999 -9999 -9999 -9999 -9999 -9999 -9999 -9999 -9999 -9999 -9999 -9999 -9999 -9999 -9999 -9999 -9999 -9999 -9999 -9999 -9999 -9999 -9999 -9999 -9999 -9999 -9999 -9999 -9999 5.60712E-3 6.66991E-3 6.41642E-3
-9999 -9999 -9999 5.88735E-3 6.28258E-3 5.81897E-3 7.8587E-3 7.86022E-3 7.24339E-3 7.4697E-3 7.69077E-3 6.56771E-3 4.24084E-3 2.60259E-3 2.0151E-3 2.53933E-3 4.1373E-3 4.15146E-3 3.46546E-3 5.46936E-3 4.30672E-3 4.01182E-3 3.61783E-3 5.31093E-3 3.54348E-3 7.70447E-3 4.78561E-3 3.19355E-3 4.6491E-2 3.11456E-3 -9999 -9999 -9999 -9999 -9999 -9999 -9999 -9999 -9999 -9999 -9999 -9999 -9999 -9999 -9999 -9999 -9999 -9999 -9999 -9999 -9999 -9999 -9999 -9999 -9999 -9999 -9999 -9999 -9999 -9999 -9999 -9999 -9999 -9999 -9999 5.24847E-3 7.14752E-3 7.45865E-3 7.01368E-3 6.10539E-3
-9999 -9999 -9999 -9999 5.85164E-3 7.11169E-3 8.69601E-3 8.36759E-3 8.25172E-3 7.67232E-3 7.89641E-3 5.93456E-3 3.89774E-3 3.27312E-3 2.86178E-3 3.15586E-3 4.46701E-3 4.59652E-3 4.43999E-3 4.86217E-3 5.37628E-3 5.94611E-3 6.79036E-3 1.03384E-2 7.31374E-3 1.22111E-2 5.8876E-3 4.2086E-3 1.0087E-2 2.62258E-2 2.64491E-3 -9999 -9999 -9999 -9999 -9999 -9999 -9999 -9999 -9999 -9999 -9999 -9999 -9999 -9999 -9999 -9999 -9999 -9999 -9999 -9999 -9999 -9999 -9999 -9999 -9999 -9999 -9999 -9999 -9999 -9999 -9999 -9999 -9999 -9999 8.72225E-3 1.18073E-2 1.08949E-2 1.06905E-2 9.86906E-3
-9999 -9999 -9999 -9999 4.44834E-3 6.91992E-3 7.71339E-3 9.15477E-3 8.84191E-3 8.34423E-3 8.57666E-3 8.13153E-3 7.13502E-3 5.77067E-3 4.42452E-3 4.47813E-3 5.10076E-3 5.59222E-3 5.45243E-3 5.13906E-3 5.46844E-3 8.26785E-3 1.20167E-2 1.24479E-2 8.76349E-3 1.62937E-2 9.90374E-3 1.87004E-3 6.02436E-3 2.75473E-2 3.52689E-3 2.30362E-3 1.86196E-3 1.84461E-3 2.05879E-3 2.3578E-3 -9999 -9999 -9999 -9999 -9999 -9999 -9999 -9999 -9999 -9999 -9999 -9999 -9999 -9999 -9999 -9999 -9999 -9999 -9999 -9999 -9999 -9999 -9999 -9999 -9999 -9999 -9999 1.45104E-2 1.62555E-2 1.86675E-2 2.26737E-2 2.1275E-2 1.9234E-2 9.7569E-3
-9999 -9999 -9999 -9999 -9999 8.26143E-3 5.93189E-3 6.88205E-3 9.55473E-3 9.5999E-3 9.61707E-3 9.24355E-3 8.62991E-3 6.15809E-3 5.53758E-3 5.16563E-3 4.35752E-3 4.82613E-3 5.02329E-3 5.11178E-3 5.95487E-3 7.62039E-3 1.16749E-2 1.00691E-2 6.59001E-3 1.46432E-2 2.6627E-2 1.43443E-2 1.01438E-2 9.00781E-3 2.89883E-2 2.96784E-3 2.50914E-3 2.24604E-3 2.40345E-3 2.60995E-3 2.83474E-3 2.8978E-3 -9999 -9999 -9999 -9999 -9999 -9999 -9999 -9999 -9999 -9999 -9999 -9999 -9999 -9999 -9999 -9999 -9999 -9999 -9999 -9999 -9999 -9999 2.76025E-2 3.78828E-2 4.31442E-2 4.60249E-2 3.30258E-2 3.21119E-2 3.07066E-2 2.78979E-2 1.81817E-2 4.02746E-3
-9999 -9999 -9999 -9999 -9999 7.10128E-3 7.07008E-3 6.94958E-3 8.95429E-3 1.03178E-2 1.14326E-2 1.07179E-2 1.03944E-2 8.3164E-3 6.53906E-3 4.82705E-3 3.83844E-3 3.80826E-3 4.85517E-3 5.55349E-3 7.79815E-3 9.75661E-3 1.39185E-2 1.42145E-2 1.04428E-2 7.68755E-3 7.26297E-3 2.63068E-2 7.39723E-2 9.9455E-3 1.71078E-2 3.01523E-2 3.92098E-3 3.75424E-3 3.63115E-3 2.54475E-2 4.25385E-3 3.50568E-3 3.22941E-3 -9999 -9999 -9999 -9999 -9999 -9999 -9999 -9999 -9999 -9999 -9999 -9999 -9999 -9999 -9999 -9999 -9999 -9999 -9999 -9999 -9999 4.81688E-2 5.58453E-2 6.22322E-2 6.51761E-2 6.20106E-2 3.88055E-2 3.52887E-2 2.04663E-2 3.79806E-3 1.40809E-3
-9999 -9999 -9999 -9999 -9999 8.68588E-3 9.4596E-3 9.8254E-3 1.00913E-2 1.07847E-2 1.20952E-2 1.13304E-2 1.12702E-2 1.01041E-2 1.26595E-2 8.46776E-3 6.16013E-3 5.01812E-3 4.93769E-3 5.54975E-3 9.37795E-3 9.87283E-3 9.98904E-3 1.03075E-2 1.17768E-2 1.2957E-2 6.05007E-3 4.0914E-3 3.57284E-2 4.60571E-2 2.08042E-2 1.25937E-2 7.40152E-2 3.41306E-2 3.73473E-2 1.90888E-2 1.58645E-2 6.37927E-2 2.20188E-2 2.60648E-2 -9999 -9999 -9999 -9999 -9999 -9999 -9999 -9999 -9999 -9999 -9999 -9999 -9999 -9999 -9999 -9999 -9999 -9999 -9999 -9999 6.80608E-2 7.73647E-2 8.62015E-2 8.49409E-2 6.14003E-2 2.73351E-2 4.24963E-3 1.39303E-3 1.51101E-3 8.66556E-4
-9999 -9999 -9999 -9999 -9999 -9999 1.33943E-2 1.37868E-2 9.68804E-3 9.56937E-3 1.0962E-2 8.06852E-3 1.16124E-2 1.52911E-2 1.3992E-2 1.14399E-2 6.43352E-3 4.45724E-3 4.67122E-3 4.00537E-3 4.45951E-3 8.69042E-3 1.02579E-2 5.85226E-3 8.52602E-3 1.49801E-2 1.32836E-2 5.38082E-3 5.46594E-3 2.0123E-2 8.35688E-2 8.64067E-2 4.99341E-2 2.24926E-2 9.33626E-3 6.08666E-3 5.63247E-3 3.7881E-3 1.90212E-3 5.68965E-3 3.13062E-2 4.47056E-3 -9999 -9999 -9999 -9999 -9999 -9999 -9999 -9999 -9999 -9999 -9999 6.06516E-2 6.84239E-2 1.25852E-1 1.18945E-1 7.97966E-2 7.00874E-2 6.71694E-2 4.67484E-2 3.45534E-2 2.52493E-2 7.62034E-3 1.73908E-3 7.05544E-4 7.87399E-4 6.2614E-4 7.8979E-4 1.31684E-3
-9999 -9999 -9999 -9999 -9999 -9999 1.45333E-2 3.73651E-2 1.78424E-2 1.17624E-2 1.18726E-2 9.79547E-3 1.84233E-2 1.68792E-2 1.07876E-2 1.15726E-2 6.99149E-3 6.0561E-3 6.90017E-3 4.66657E-3 4.61554E-3 1.02738E-2 1.45984E-2 9.65765E-3 6.33524E-3 7.65068E-3 8.34455E-3 9.60071E-3 7.79268E-3 4.80114E-3 6.03452E-3 1.32977E-2 6.84598E-2 5.91116E-2 3.26989E-2 1.38004E-2 1.21008E-2 8.2006E-3 1.33131E-3 9.24917E-4 3.6634E-3 1.19183E-2 2.96497E-2 7.76456E-2 3.34351E-2 3.31733E-2 3.19304E-2 3.02945E-2 3.36039E-2 3.69056E-2 4.12857E-2 4.81181E-2 5.51277E-2 5.90045E-2 6.35115E-2 6.63023E-2 6.70888E-2 3.06135E-2 7.25804E-3 2.11386E-3 7.49183E-4 5.36128E-4 4.68379E-4 4.2568E-4 4.05983E-4 4.81011E-4 7.16107E-4 8.4633E-4 1.36255E-3 1.90081E-3
-9999 -9999 -9999 -9999 -9999 -9999 1.4624E-2 1.50447E-2 3.17394E-2 3.09535E-2 2.84725E-2 3.24366E-2 1.76005E-2 1.34085E-2 1.33089E-2 1.28961E-2 1.00821E-2 8.42066E-3 9.03316E-3 4.70364E-3 4.2498E-3 7.36388E-3 8.90251E-3 1.11915E-2 8.5404E-3 1.10393E-2 8.10693E-3 6.04002E-3 7.13222E-3 7.18388E-3 3.93533E-3 5.60429E-3 1.19161E-2 1.19982E-2 5.52375E-3 6.29045E-3 5.53136E-3 8.75738E-3 7.55056E-3 3.04107E-3 8.93676E-4 4.90715E-4 8.13835E-4 1.58239E-2 1.55175E-2 3.24799E-3 3.43783E-3 2.15266E-2 4.69121E-2 4.31961E-2 4.3053E-2 5.10642E-2 5.53298E-2 5.5632E-2 5.90682E-2 6.29221E-2 2.78847E-2 7.13954E-3 1.29428E-3 5.24199E-4 4.82044E-4 4.43376E-4 4.22681E-4 3.53715E-4 4.73912E-4 7.16714E-4 8.64395E-4 8.1654E-4 1.1264E-3 1.46847E-3
-9999 -9999 -9999 -9999 -9999 -9999 -9999 -9999 2.11335E-2 2.48624E-2 2.73974E-2 5.15212E-2 2.28152E-2 1.52806E-2 2.15142E-2 1.45195E-2 8.8778E-3 6.70018E-3 7.08717E-3 7.69202E-3 7.72832E-3 8.97342E-3 1.2094E-2 1.43268E-2 1.42962E-2 8.72895E-3 8.66839E-3 8.82E-3 6.70441E-3 4.62818E-3 7.82109E-3 5.87609E-3 4.94951E-3 9.20425E-3 1.50581E-2 1.67351E-2 1.52472E-2 1.07196E-2 2.89089E-3 1.5531E-3 8.97005E-4 7.2232E-4 7.21354E-4 1.34412E-3 5.17599E-4 5.85203E-4 8.12198E-4 6.27118E-4 7.29372E-4 3.00418E-3 3.6312E-2 5.66279E-2 1.24368E-1 6.41201E-2 3.25932E-2 3.18718E-2 1.46619E-2 1.8496E-3 8.65678E-4 4.20089E-4 6.81013E-4 1.15393E-3 1.72555E-3 1.88004E-3 1.60171E-3 9.98953E-4 7.0272E-4 6.35408E-4 6.37365E-4 9.00053E-4
-9999 -9999 -9999 -9999 -9999 -9999 -9999 -9999 1.60768E-2 2.22467E-2 2.06559E-2 2.89048E-2 3.23594E-2 2.38916E-2 2.29085E-2 1.31935E-2 1.24615E-2 8.04007E-3 8.70297E-3 1.00953E-2 1.06586E-2 1.05165E-2 1.23755E-2 1.31295E-2 1.52324E-2 1.27104E-2 7.73811E-3 7.24732E-3 8.25878E-3 5.0704E-3 4.75022E-3 7.9307E-3 1.18025E-2 9.99985E-3 1.74349E-2 1.75158E-2 1.31766E-2 1.45996E-2 1.02376E-2 4.13735E-3 1.58998E-3 8.89978E-4 5.82145E-4 5.90598E-4 2.58912E-4 3.28639E-4 2.69359E-4 3.9448E-4 3.38411E-4 1.35136E-3 8.10204E-4 6.44939E-4 9.11592E-4 2.72138E-3 4.89142E-3 2.25044E-3 7.67629E-4 5.42346E-4 4.41756E-4 5.38567E-4 1.39816E-3 2.52414E-3 2.6547E-3 2.54882E-3 2.04311E-3 1.70579E-3 1.15634E-3 9.81015E-4 7.42538E-4 1.05901E-3
-9999 -9999 -9999 -9999 -9999 -9999 -9999 -9999 -9999 -9999 1.54011E-2 2.0401E-2 2.57124E-2 3.18209E-2 2.55408E-2 1.77654E-2 1.30193E-2 1.50362E-2 1.13144E-2 1.14322E-2 1.15504E-2 9.96695E-3 1.14065E-2 1.30612E-2 1.25508E-2 1.27772E-2 1.01063E-2 7.05504E-3 9.12298E-3 7.83238E-3 4.74536E-3 5.6179E-3 9.90813E-3 1.30581E-2 1.43815E-2 1.51836E-2 1.30369E-2 1.30972E-2 8.85632E-3 7.55994E-3 5.02053E-3 2.385E-3 1.15197E-3 4.08879E-4 4.74274E-4 4.44827E-4 2.65868E-4 3.54341E-4 3.23933E-4 4.58127E-4 2.52806E-4 1.94912E-4 3.0002E-4 5.28432E-4 7.0895E-4 3.23798E-4 2.82845E-4 4.55518E-4 6.70799E-4 8.52222E-4 1.3349E-3 2.03078E-3 2.43504E-3 2.04116E-3 1.94793E-3 1.61379E-3 1.52019E-3 1.32378E-3 9.96952E-4 9.94621E-4
-9999 -9999 -9999 -9999 -9999 -9999 -9999 -9999 -9999 -9999 -9999 -9999 -9999 -9999 2.76023E-2 1.04632E-2 1.2321E-2 1.54402E-2 1.48109E-2 9.87285E-3 1.47139E-2 1.36291E-2 9.55444E-3 1.12725E-2 1.06576E-2 1.15008E-2 1.01333E-2 8.26115E-3 6.46818E-3 6.14122E-3 8.17352E-3 8.50711E-3 7.28007E-3 5.58806E-3 7.12148E-3 6.92376E-3 8.47115E-3 8.30058E-3 8.59233E-3 4.92726E-3 4.97486E-3 4.60458E-3 2.6291E-3 2.10818E-3 2.13083E-3 1.13009E-3 1.07967E-3 5.51481E-4 4.55757E-4 2.86517E-4 3.41938E-4 4.3091E-4 4.64787E-4 3.38481E-4 2.97504E-4 3.57538E-4 5.90922E-4 6.1763E-4 5.88658E-4 6.84887E-4 6.60942E-4 1.38385E-3 1.66051E-3 1.7872E-3 1.33029E-3 1.43082E-3 1.13894E-3 9.56296E-4 1.01918E-3 1.39156E-3
-9999 -9999 -9999 -9999 -9999 -9999 -9999 -9999 -9999 -9999 -9999 -9999 1.99777E-2 1.93432E-2 1.87601E-2 3.58667E-2 1.41658E-2 1.22173E-2 1.48212E-2 1.57193E-2 1.35544E-2 1.46541E-2 1.6492E-2 1.42981E-2 1.28116E-2 9.64505E-3 1.20295E-2 6.72629E-3 8.46821E-3 6.40023E-3 3.41925E-3 3.61889E-3 3.12147E-3 3.14655E-3 3.22969E-3 2.86844E-3 2.9645E-3 3.48163E-3 3.01693E-3 3.89086E-3 3.559E-3 3.80783E-3 3.95407E-3 3.46784E-3 2.88786E-3 2.24013E-3 1.64739E-3 7.29606E-4 4.15466E-4 3.8916E-4 5.34259E-4 4.95406E-4 2.29083E-4 3.35585E-4 5.05952E-4 9.57526E-4 1.00843E-3 1.0012E-3 8.68176E-4 7.79335E-4 6.73154E-4 1.05729E-3 1.17578E-3 1.05729E-3 1.07406E-3 1.28907E-3 1.10703E-3 1.22583E-3 1.08806E-3 1.49158E-3
-9999 -9999 -9999 -9999 -9999 -9999 -9999 -9999 -9999 -9999 -9999 -9999 2.00986E-2 2.51148E-2 1.62841E-2 3.80004E-2 2.91415E-2 2.04227E-2 1.63528E-2 1.30652E-2 1.71645E-2 1.76157E-2 1.69769E-2 1.31172E-2 1.19084E-2 1.19576E-2 9.05375E-3 1.24011E-2 1.10689E-2 8.61393E-3 7.25603E-3 3.34839E-3 2.33104E-3 1.9971E-3 2.00715E-3 2.43381E-3 2.7377E-3 3.71349E-3 3.39616E-3 3.11506E-3 2.47475E-3 2.93144E-3 2.85309E-3 2.49584E-3 2.31477E-3 2.69103E-3 1.39255E-3 1.10058E-3 1.12016E-3 7.47509E-4 8.70388E-4 4.96163E-4 6.11579E-4 5.67706E-4 9.08554E-4 1.56515E-3 1.33293E-3 1.2114E-3 9.39079E-4 1.04207E-3 8.0242E-4 9.82193E-4 8.57911E-4 6.93251E-4 9.76467E-4 1.5911E-3 2.27548E-3 1.63713E-3 1.79586E-3 2.08773E-3
-9999 -9999 -9999 -9999 -9999 -9999 -9999 -9999 -9999 -9999 -9999 -9999 -9999 1.78842E-2 2.20393E-2 3.80034E-2 1.6792E-2 2.23741E-2 1.73418E-2 1.25522E-2 1.42881E-2 1.71094E-2 1.58249E-2 1.59E-2 1.15239E-2 1.02054E-2 1.21545E-2 1.33258E-2 9.29041E-3 1.15547E-2 6.83131E-3 5.38166E-3 3.63356E-3 2.91833E-3 1.73493E-3 1.94117E-3 1.66746E-3 2.53365E-3 3.15936E-3 2.82937E-3 1.96373E-3 1.67165E-3 1.96978E-3 2.82056E-3 2.32771E-3 1.68871E-3 1.47859E-3 1.24026E-3 1.43926E-3 1.07391E-3 1.47851E-3 1.88789E-3 2.00885E-3 1.96345E-3 2.16241E-3 2.24135E-3 2.39474E-3 1.5778E-3 1.62384E-3 1.47472E-3 1.24024E-3 1.26286E-3 1.21241E-3 1.32261E-3 1.74726E-3 1.99975E-3 2.12336E-3 2.03861E-3 2.0127E-3 2.81499E-3
-9999 -9999 -9999 -9999 -9999 -9999 -9999 -9999 -9999 -9999 -9999 7.69012E-2 4.31662E-2 2.91235E-2 1.80356E-2 4.05704E-2 3.08514E-2 2.67521E-2 1.76198E-2 1.35544E-2 1.28386E-2 1.03113E-2 8.17545E-3 1.46567E-2 1.48629E-2 1.13505E-2 1.20892E-2 1.47785E-2 1.38848E-2 1.40912E-2 1.16055E-2 6.87247E-3 5.43296E-3 5.42661E-3 2.21311E-3 4.01031E-3 3.30773E-3 3.20472E-3 3.97974E-3 3.05507E-3 2.02363E-3 1.99481E-3 2.00315E-3 2.10844E-3 2.08988E-3 1.60892E-3 1.48511E-3 1.46374E-3 1.43957E-3 1.49105E-3 1.7686E-3 1.96194E-3 1.77831E-3 1.69082E-3 2.09694E-3 2.34581E-3 2.09433E-3 1.89297E-3 2.03772E-3 1.91869E-3 1.85903E-3 1.85631E-3 1.86798E-3 2.06308E-3 1.8624E-3 1.82326E-3 1.86932E-3 2.79017E-3 2.76191E-3 2.69249E-3
-9999 -9999 -9999 -9999 -9999 -9999 -9999 -9999 -9999 -9999 -9999 8.10293E-2 3.96636E-2 2.48125E-2 2.40348E-2 3.47935E-2 3.30388E-2 1.99556E-2 1.81147E-2 1.72552E-2 1.63887E-2 1.3805E-2 1.12525E-2 9.44148E-3 1.28652E-2 1.34248E-2 1.66067E-2 1.49234E-2 1.07595E-2 1.27755E-2 8.16872E-3 4.42483E-3 5.75682E-3 4.32138E-3 4.93125E-3 2.58633E-3 4.22965E-3 4.5908E-3 3.19847E-3 2.72547E-3 1.49045E-3 1.40534E-3 2.10059E-3 2.04097E-3 1.97022E-3 2.29461E-3 1.24585E-3 1.45328E-3 1.99346E-3 2.01059E-3 1.45499E-3 2.0127E-3 1.84904E-3 1.50515E-3 1.39046E-3 1.21662E-3 1.08262E-3 1.49311E-3 1.74483E-3 2.09702E-3 2.15243E-3 1.76917E-3 1.74017E-3 1.8161E-3 1.67352E-3 2.33419E-3 2.33834E-3 2.52886E-3 2.50061E-3 2.47268E-3
-9999 -9999 -9999 -9999 -9999 -9999 -9999 -9999 -9999 -9999 2.31703E-1 1.03794E-1 5.18191E-2 2.83922E-2 5.46851E-2 6.19348E-2 2.63593E-2 2.95989E-2 1.79239E-2 1.33758E-2 1.55864E-2 1.3517E-2 1.20536E-2 1.72732E-2 2.18481E-2 1.02729E-2 5.62507E-3 9.93118E-3 8.87518E-3 6.96145E-3 8.6329E-3 5.18438E-3 5.00676E-3 4.93918E-3 1.72141E-3 1.66775E-3 1.4366E-3 2.33331E-3 2.51526E-3 2.34146E-3 1.94682E-3 1.67698E-3 1.71905E-3 1.85789E-3 2.78527E-3 2.22092E-3 1.44645E-3 1.96738E-3 1.61478E-3 1.16546E-3 1.74425E-3 1.30358E-3 1.21587E-3 1.34586E-3 1.78127E-3 1.73623E-3 2.13626E-3 2.14636E-3 2.19948E-3 2.36676E-3 2.28466E-3 2.35175E-3 2.26166E-3 2.25567E-3 2.29226E-3 2.14395E-3 2.1816E-3 2.19287E-3 2.06863E-3 1.84948E-3
