KUENM_DEFAULT/Final_Models/M_1_F_lqpth_Set_1_NE/sp1_7_se_asia.asc
ncols         320
nrows         243
xllcorner     44.0
yllcorner     -0.666666666666667
cellsize      0.166666666666667
NODATA_value  -9999
[rows 62 to 92 of 243, columns 70 to 139 of 320]
4.49983E-3 3.61054E-3 4.45781E-3 3.48635E-3 2.96166E-3 5.89308E-3 4.62465E-3 4.92732E-3 5.09678E-3 4.23031E-3 2.59968E-3 3.49235E-3 4.23054E-3 3.34027E-3 3.69915E-3 5.14129E-3 9.77735E-3 1.17443E-2 1.30282E-2 1.37336E-2 1.43962E-2 1.46392E-2 1.33206E-2 1.1834E-2 1.04097E-2 4.72293E-3 2.44762E-3 2.51307E-3 2.25538E-3 1.78863E-3 2.13962E-3 2.51326E-3 2.36965E-3 2.06831E-3 2.65715E-3 4.31427E-3 4.29645E-3 3.873E-3 3.6266E-3 3.51694E-3 3.43746E-3 2.77248E-3 2.58415E-3 2.53563E-3 2.27069E-3 1.95011E-3 1.46565E-3 1.44569E-3 1.41274E-3 1.44899E-3 1.43045E-3 1.56617E-3 1.87282E-3 2.37121E-3 3.19273E-3 3.48153E-3 3.90182E-3 4.28596E-3 4.64126E-3 5.17951E-3 5.49443E-3 5.67905E-3 5.45021E-3 6.49068E-3 5.11764E-3 5.37762E-3 4.71014E-3 4.42223E-3 6.34797E-3 1.04636E-2
5.14732E-3 4.99612E-3 6.5998E-3 4.83738E-3 4.18097E-3 4.02576E-3 3.58122E-3 3.97659E-3 3.78525E-3 6.09048E-3 3.05888E-3 2.89577E-3 3.72078E-3 3.92432E-3 5.16883E-3 4.91433E-3 8.39894E-3 9.63998E-3 1.17226E-2 1.32854E-2 1.45403E-2 1.46043E-2 1.37014E-2 1.19844E-2 1.03814E-2 7.12002E-3 3.64963E-3 3.1528E-3 2.83271E-3 2.17412E-3 2.16901E-3 2.00046E-3 2.42348E-3 2.98134E-3 2.25156E-3 3.25255E-3 3.83988E-3 3.67958E-3 3.37325E-3 3.35676E-3 3.00383E-3 2.30338E-3 1.99139E-3 2.50819E-3 2.68337E-3 2.30922E-3 1.91154E-3 1.99832E-3 1.71534E-3 1.77921E-3 1.78654E-3 1.93406E-3 2.28157E-3 2.79416E-3 3.18168E-3 3.49866E-3 3.97809E-3 4.20277E-3 4.64034E-3 5.0826E-3 5.37278E-3 5.31637E-3 6.56704E-3 5.6325E-3 4.22491E-3 4.23176E-3 3.29728E-3 3.95454E-3 7.16811E-3 9.60792E-3
5.8654E-3 6.08686E-3 5.20401E-3 6.54842E-3 5.42159E-3 5.82711E-3 6.02981E-3 6.20295E-3 5.84366E-3 3.75732E-3 7.57456E-3 6.60397E-3 4.6547E-3 4.67426E-3 5.10897E-3 6.6295E-3 7.81727E-3 9.58956E-3 1.1005E-2 1.23888E-2 1.41985E-2 1.51014E-2 1.38004E-2 1.19833E-2 1.23065E-2 7.9034E-3 2.99147E-3 3.49296E-3 3.16917E-3 2.79268E-3 2.24969E-3 1.91759E-3 2.34965E-3 3.71542E-3 3.63316E-3 3.71523E-3 3.80855E-3 3.76725E-3 3.62762E-3 3.63507E-3 3.16492E-3 2.94194E-3 2.12747E-3 2.58272E-3 3.53289E-3 3.18711E-3 2.78243E-3 2.55291E-3 2.32984E-3 2.2994E-3 2.29202E-3 2.32079E-3 2.45084E-3 2.79876E-3 3.22005E-3 3.5807E-3 3.94892E-3 4.39088E-3 4.70235E-3 4.6618E-3 4.76403E-3 7.19118E-3 6.24348E-3 4.03904E-3 4.04133E-3 3.62136E-3 2.75004E-3 3.91195E-3 6.56052E-3 1.18292E-2
8.57363E-3 6.25786E-3 6.58662E-3 8.44114E-3 6.08782E-3 6.9716E-3 6.7374E-3 7.4841E-3 5.79858E-3 5.65094E-3 5.63605E-3 7.76546E-3 6.39559E-3 4.59215E-3 4.84129E-3 5.76321E-3 7.92175E-3 1.03278E-2 1.0992E-2 1.30911E-2 1.49018E-2 1.55941E-2 1.38662E-2 1.18211E-2 1.2045E-2 1.01423E-2 4.59723E-3 3.60821E-3 3.67034E-3 2.94055E-3 2.26044E-3 2.08482E-3 2.58685E-3 3.22716E-3 4.17768E-3 4.75849E-3 4.58213E-3 4.81223E-3 4.75975E-3 4.88412E-3 4.58637E-3 4.61741E-3 4.40817E-3 4.72329E-3 4.63056E-3 4.26551E-3 3.58146E-3 3.26244E-3 2.95076E-3 2.92883E-3 2.73528E-3 2.6471E-3 2.81237E-3 2.98212E-3 3.36085E-3 3.49354E-3 3.39669E-3 3.65215E-3 4.02127E-3 4.73741E-3 5.01378E-3 6.41571E-3 4.98823E-3 3.93642E-3 3.94656E-3 3.49662E-3 2.97319E-3 4.96352E-3 1.08336E-2 1.48765E-2
1.15715E-2 7.80595E-3 8.33286E-3 1.13153E-2 1.40007E-2 7.73744E-3 7.81107E-3 6.28878E-3 8.43077E-3 9.7949E-3 6.75293E-3 1.154E-2 1.173E-2 8.06796E-3 4.06734E-3 5.36501E-3 6.62505E-3 8.92644E-3 1.11125E-2 1.36995E-2 1.57199E-2 1.61665E-2 1.50287E-2 1.31982E-2 1.23378E-2 1.00006E-2 5.743E-3 3.65595E-3 3.82491E-3 3.1608E-3 2.44475E-3 3.04951E-3 2.31655E-3 2.69889E-3 3.25615E-3 4.60338E-3 5.4071E-3 5.28906E-3 5.81053E-3 5.97112E-3 5.89857E-3 5.98764E-3 6.21332E-3 6.18584E-3 5.57248E-3 5.34438E-3 4.57176E-3 4.11399E-3 3.77502E-3 3.49262E-3 3.15591E-3 2.91677E-3 2.83582E-3 2.88747E-3 2.79664E-3 2.58644E-3 2.86808E-3 3.68212E-3 4.84593E-3 8.01524E-3 8.27732E-3 6.1681E-3 4.50973E-3 4.39941E-3 4.41955E-3 3.79687E-3 4.03826E-3 5.1089E-3 9.37916E-3 1.72094E-2
1.31566E-2 1.39249E-2 1.44772E-2 1.19501E-2 1.03464E-2 1.08925E-2 1.16619E-2 6.88958E-3 9.0568E-3 1.11161E-2 8.09107E-3 1.20028E-2 1.59942E-2 1.1059E-2 9.97503E-3 4.66594E-3 7.63925E-3 7.69825E-3 1.04505E-2 1.34857E-2 1.62147E-2 1.65143E-2 1.54518E-2 1.40978E-2 1.25687E-2 1.02101E-2 7.29561E-3 4.10282E-3 4.40098E-3 3.78621E-3 3.25324E-3 3.94545E-3 2.93522E-3 2.56191E-3 3.26037E-3 4.52928E-3 1.10551E-2 6.16591E-3 6.35209E-3 6.87729E-3 6.90141E-3 7.44811E-3 7.09732E-3 7.1968E-3 6.96127E-3 6.19659E-3 5.73643E-3 4.9871E-3 4.73406E-3 3.89331E-3 2.98618E-3 2.55972E-3 2.57568E-3 2.92301E-3 3.18986E-3 3.43986E-3 4.35496E-3 5.48427E-3 8.64922E-3 9.33278E-3 6.21551E-3 5.96193E-3 5.14259E-3 5.81961E-3 4.5292E-3 4.54743E-3 6.08475E-3 7.15952E-3 1.20324E-2 1.97927E-2
1.84822E-2 2.09791E-2 2.22641E-2 2.25767E-2 2.17424E-2 1.8391E-2 1.17785E-2 1.51469E-2 1.30129E-2 1.05685E-2 1.3776E-2 1.6822E-2 2.02476E-2 1.75386E-2 1.17332E-2 8.4175E-3 8.45736E-3 6.78143E-3 9.76064E-3 1.30683E-2 1.5114E-2 1.52991E-2 1.40586E-2 1.37029E-2 1.20197E-2 9.3795E-3 9.0217E-3 5.96547E-3 5.0633E-3 4.82795E-3 4.14014E-3 3.535E-3 3.35782E-3 3.49138E-3 3.96534E-3 3.17953E-3 4.71898E-3 6.45519E-3 7.29989E-3 7.8874E-3 7.93408E-3 7.78863E-3 8.24807E-3 8.21363E-3 7.65157E-3 7.14411E-3 6.55328E-3 5.97469E-3 5.41121E-3 4.42554E-3 3.67651E-3 3.87255E-3 4.02478E-3 4.37025E-3 4.55369E-3 5.22196E-3 8.31542E-3 8.5932E-3 7.04476E-3 7.28936E-3 7.82341E-3 5.90577E-3 6.39695E-3 6.71616E-3 5.9827E-3 7.49087E-3 8.67852E-3 9.72534E-3 1.44227E-2 2.17321E-2
2.74106E-2 2.67956E-2 2.506E-2 2.53428E-2 2.19165E-2 2.13373E-2 1.7188E-2 1.56488E-2 1.37308E-2 1.82818E-2 2.05834E-2 2.07798E-2 2.14154E-2 1.99272E-2 1.73467E-2 1.34624E-2 1.12228E-2 1.1216E-2 1.06439E-2 1.24748E-2 1.27358E-2 1.22937E-2 1.17312E-2 1.32889E-2 1.10401E-2 7.87557E-3 8.50879E-3 8.11606E-3 5.5625E-3 4.92577E-3 4.95804E-3 4.63034E-3 4.27582E-3 4.43493E-3 4.58398E-3 4.92892E-3 3.68886E-3 4.81268E-3 5.97133E-3 7.47982E-3 8.58717E-3 8.79555E-3 8.94767E-3 8.60702E-3 8.23644E-3 7.70302E-3 6.97574E-3 6.78059E-3 6.43852E-3 6.10356E-3 5.6487E-3 4.2271E-3 5.46259E-3 5.31769E-3 6.63844E-3 6.49434E-3 9.07324E-3 9.14332E-3 7.10326E-3 9.06306E-3 7.68518E-3 6.8302E-3 7.31165E-3 7.31882E-3 6.8023E-3 8.64186E-3 8.9946E-3 1.17113E-2 1.58193E-2 2.11577E-2
5.35032E-2 2.61666E-2 2.30192E-2 2.53241E-2 2.27799E-2 1.95878E-2 2.72937E-2 1.65302E-2 2.14456E-2 2.32576E-2 2.06943E-2 1.87728E-2 2.14463E-2 2.37305E-2 2.2157E-2 2.05824E-2 2.04763E-2 2.01397E-2 1.59043E-2 1.17218E-2 1.1896E-2 1.20104E-2 9.14398E-3 1.19236E-2 1.08538E-2 6.53834E-3 8.69252E-3 8.38845E-3 8.28077E-3 5.39329E-3 5.40706E-3 5.55587E-3 5.36811E-3 5.03595E-3 5.14237E-3 4.21906E-3 4.87805E-3 4.29801E-3 4.77998E-3 6.2897E-3 8.54133E-3 9.10323E-3 9.23365E-3 9.0473E-3 8.51628E-3 8.2132E-3 7.97154E-3 7.32418E-3 6.87518E-3 6.55938E-3 9.36919E-3 9.36606E-3 9.16984E-3 9.29498E-3 7.00233E-3 7.38133E-3 9.40464E-3 7.19047E-3 7.08186E-3 7.83141E-3 7.72733E-3 7.23241E-3 6.33918E-3 6.88277E-3 8.94794E-3 1.1278E-2 1.42945E-2 1.53073E-2 1.8876E-2 2.11319E-2
4.95955E-2 2.70095E-2 2.29671E-2 2.82942E-2 2.92301E-2 2.19698E-2 2.33693E-2 2.35396E-2 2.44939E-2 2.45774E-2 2.30596E-2 2.22407E-2 2.32978E-2 2.36324E-2 2.43398E-2 2.55725E-2 2.52006E-2 2.47707E-2 2.47042E-2 2.32632E-2 1.96779E-2 1.87478E-2 1.85117E-2 1.46422E-2 1.24308E-2 9.43689E-3 8.70979E-3 1.08451E-2 7.16437E-3 9.92957E-3 6.46231E-3 6.26084E-3 6.09835E-3 5.47507E-3 5.41239E-3 5.45668E-3 7.27617E-3 7.04697E-3 6.2618E-3 7.98323E-3 6.92843E-3 9.12536E-3 9.81269E-3 9.66161E-3 9.29737E-3 1.43472E-2 1.28607E-2 1.20175E-2 1.11904E-2 1.06068E-2 7.91046E-3 1.05645E-2 1.01257E-2 7.93485E-3 7.84688E-3 1.03525E-2 7.48838E-3 7.05418E-3 7.90702E-3 7.09155E-3 8.20482E-3 8.1038E-3 6.68784E-3 7.54326E-3 9.99173E-3 1.3108E-2 1.13704E-2 1.79634E-2 1.7928E-2 2.10877E-2
5.15394E-2 2.65024E-2 2.66777E-2 2.64109E-2 2.63235E-2 2.55294E-2 2.50209E-2 2.46402E-2 2.57815E-2 2.51524E-2 2.29997E-2 2.11422E-2 2.13109E-2 2.38024E-2 2.50586E-2 2.56669E-2 2.6006E-2 2.78143E-2 5.26049E-2 5.46317E-2 5.57392E-2 3.17067E-2 4.83877E-2 1.95756E-2 1.81157E-2 1.63197E-2 1.62386E-2 1.57453E-2 1.11981E-2 9.36569E-3 8.38824E-3 7.82579E-3 7.12596E-3 9.07586E-3 6.51154E-3 9.46352E-3 9.64634E-3 9.38172E-3 6.71907E-3 8.4747E-3 9.89378E-3 1.26673E-2 1.45553E-2 1.45382E-2 1.12838E-2 1.09847E-2 1.36288E-2 1.27523E-2 9.57739E-3 8.90201E-3 1.16356E-2 1.13638E-2 1.11405E-2 8.63622E-3 1.05319E-2 7.55499E-3 7.14042E-3 7.99086E-3 7.14622E-3 7.59374E-3 8.72144E-3 9.05472E-3 8.2671E-3 1.03936E-2 1.08342E-2 1.46551E-2 1.85615E-2 1.88741E-2 2.04889E-2 2.07929E-2
3.00413E-2 6.57205E-2 5.18733E-2 6.10991E-2 2.85555E-2 2.88433E-2 2.79911E-2 6.0219E-2 2.56638E-2 2.39487E-2 2.41897E-2 2.32141E-2 2.17558E-2 2.39361E-2 2.48976E-2 4.46854E-2 4.79794E-2 2.79549E-2 2.97007E-2 3.20231E-2 3.46744E-2 3.6496E-2 6.93698E-2 6.8699E-2 5.46805E-2 2.75023E-2 4.39717E-2 3.85665E-2 1.58979E-2 1.35094E-2 1.13131E-2 1.01392E-2 8.65389E-3 1.13766E-2 1.01391E-2 1.23551E-2 1.21578E-2 1.12145E-2 1.06969E-2 9.76789E-3 1.12317E-2 1.27814E-2 1.42496E-2 1.43387E-2 1.09266E-2 1.38164E-2 1.39107E-2 1.02949E-2 1.31476E-2 1.27305E-2 1.22042E-2 9.01969E-3 1.03137E-2 7.258E-3 9.59816E-3 8.1901E-3 7.68013E-3 7.65128E-3 7.68539E-3 8.48305E-3 9.68511E-3 1.05597E-2 1.11538E-2 1.02255E-2 1.24213E-2 1.27455E-2 1.69937E-2 1.58769E-2 1.6875E-2 2.45193E-2
5.10601E-2 6.57535E-2 2.84745E-2 3.546E-2 2.95711E-2 3.24478E-2 3.54049E-2 1.57411E-2 6.15857E-2 3.46577E-2 2.81969E-2 3.083E-2 4.60793E-2 2.9261E-2 2.78332E-2 2.48634E-2 2.54682E-2 4.84166E-2 4.97273E-2 5.59575E-2 5.9333E-2 6.65114E-2 6.08861E-2 6.26326E-2 6.65818E-2 5.86993E-2 5.9598E-2 4.86657E-2 3.95058E-2 1.57773E-2 1.60487E-2 1.39879E-2 1.51978E-2 1.35091E-2 1.18185E-2 1.42596E-2 1.48682E-2 1.45383E-2 1.32754E-2 1.38772E-2 1.19296E-2 1.15998E-2 1.34957E-2 1.36776E-2 9.86729E-3 9.77185E-3 9.8274E-3 1.35649E-2 9.70351E-3 1.1945E-2 1.14621E-2 8.11893E-3 1.00654E-2 8.69191E-3 8.02187E-3 6.27457E-3 8.95916E-3 8.44016E-3 9.28161E-3 9.3165E-3 1.08578E-2 1.10175E-2 9.20209E-3 1.01022E-2 1.32662E-2 1.31293E-2 1.52944E-2 1.78887E-2 1.8425E-2 2.62145E-2
6.09753E-2 6.52347E-2 2.90557E-2 3.10189E-2 3.60417E-2 3.65017E-2 3.80477E-2 3.79883E-2 2.71981E-2 1.37201E-2 1.56858E-2 2.87831E-2 2.62839E-2 2.47621E-2 2.63276E-2 2.79996E-2 4.4967E-2 2.63291E-2 2.77594E-2 5.21284E-2 5.75396E-2 6.34866E-2 7.05556E-2 3.70519E-2 7.14557E-2 7.40839E-2 6.21308E-2 5.2003E-2 4.29471E-2 3.60588E-2 3.15589E-2 3.46625E-2 1.48114E-2 1.78398E-2 1.70134E-2 1.49297E-2 1.68884E-2 1.81636E-2 1.7946E-2 1.63568E-2 1.70405E-2 1.15577E-2 9.97698E-3 9.29785E-3 8.82277E-3 9.34727E-3 1.10592E-2 9.78112E-3 1.19594E-2 8.93901E-3 8.41499E-3 7.67851E-3 7.11098E-3 7.38368E-3 1.03817E-2 7.61817E-3 9.67909E-3 1.10067E-2 8.32877E-3 1.03837E-2 1.22328E-2 1.0084E-2 1.13558E-2 1.35659E-2 1.39627E-2 1.45828E-2 1.42003E-2 1.7651E-2 2.43998E-2 2.85317E-2
3.02761E-2 2.67328E-2 -9999 -9999 -9999 -9999 -9999 3.72964E-2 3.12892E-2 2.4494E-2 1.56979E-2 2.82724E-2 1.84962E-2 1.87449E-2 2.00795E-2 2.44784E-2 2.6414E-2 2.44736E-2 4.58709E-2 5.03537E-2 5.47833E-2 5.92171E-2 6.6642E-2 7.59638E-2 8.42909E-2 9.11365E-2 9.01021E-2 6.8592E-2 5.13655E-2 4.46159E-2 4.55372E-2 2.06969E-2 2.33358E-2 2.09132E-2 1.99265E-2 2.05584E-2 2.10396E-2 2.05583E-2 2.11778E-2 2.10358E-2 1.5717E-2 1.95834E-2 1.9597E-2 1.43157E-2 1.39301E-2 1.35749E-2 1.31772E-2 1.22088E-2 1.08405E-2 9.67146E-3 9.04261E-3 1.20095E-2 9.18933E-3 8.70395E-3 8.78057E-3 8.97867E-3 1.32136E-2 1.03938E-2 9.80041E-3 1.42712E-2 1.28489E-2 1.30125E-2 1.4975E-2 1.55199E-2 1.68246E-2 1.33536E-2 1.53994E-2 1.82548E-2 2.68339E-2 2.95939E-2
-9999 -9999 2.82284E-2 -9999 -9999 -9999 -9999 -9999 3.48043E-2 2.54997E-2 2.67526E-2 2.71075E-2 2.625E-2 2.55556E-2 2.63071E-2 2.66581E-2 1.86653E-2 1.99527E-2 2.18791E-2 2.37677E-2 2.68312E-2 2.97149E-2 5.52194E-2 6.29643E-2 7.13007E-2 7.93958E-2 8.26746E-2 8.06445E-2 6.12544E-2 2.67921E-2 2.26938E-2 2.98253E-2 2.74969E-2 2.7403E-2 2.60866E-2 2.47559E-2 2.34198E-2 2.4139E-2 2.47899E-2 2.3665E-2 1.77625E-2 1.7046E-2 1.58723E-2 1.49263E-2 1.51436E-2 1.48283E-2 1.4552E-2 1.44591E-2 1.37957E-2 1.2614E-2 1.16445E-2 1.05372E-2 1.06238E-2 1.33548E-2 1.41234E-2 1.12353E-2 1.11103E-2 1.20066E-2 1.34603E-2 1.5179E-2 1.91549E-2 1.38095E-2 1.43345E-2 1.77468E-2 1.51862E-2 1.69625E-2 1.7747E-2 2.52798E-2 2.77174E-2 3.33553E-2
2.8746E-2 2.6051E-2 -9999 -9999 -9999 -9999 -9999 -9999 3.09956E-2 1.31606E-2 1.45259E-2 1.22381E-2 2.5443E-2 2.62865E-2 2.52159E-2 2.5951E-2 2.58882E-2 2.72994E-2 1.87708E-2 2.09409E-2 2.33381E-2 2.40836E-2 2.4041E-2 2.76633E-2 3.22153E-2 6.15931E-2 6.46718E-2 3.88051E-2 4.87873E-2 4.09868E-2 3.84466E-2 3.90173E-2 4.14196E-2 4.42379E-2 4.29582E-2 4.23564E-2 3.70029E-2 3.75359E-2 3.80851E-2 3.19451E-2 2.13547E-2 1.99145E-2 2.03717E-2 1.97003E-2 1.8626E-2 1.74298E-2 1.71825E-2 1.71771E-2 1.62078E-2 1.52426E-2 1.46408E-2 1.35488E-2 1.28603E-2 1.23671E-2 1.72415E-2 1.3936E-2 1.90047E-2 1.40442E-2 1.66682E-2 2.27428E-2 2.53179E-2 1.94617E-2 2.30636E-2 2.18016E-2 2.73401E-2 1.7768E-2 2.71645E-2 3.07254E-2 3.19045E-2 3.69698E-2
-9999 -9999 -9999 -9999 -9999 -9999 -9999 -9999 -9999 2.33591E-2 1.38302E-2 1.20849E-2 3.0184E-2 3.14321E-2 3.11217E-2 3.17951E-2 2.14228E-2 3.29316E-2 2.222E-2 1.90439E-2 2.02783E-2 1.98964E-2 2.11028E-2 2.47961E-2 2.58498E-2 3.64916E-2 3.86798E-2 3.59055E-2 3.61034E-2 4.68083E-2 5.93109E-2 5.30759E-2 4.85254E-2 5.72301E-2 5.15707E-2 5.04389E-2 5.50108E-2 5.72594E-2 5.69541E-2 5.97648E-2 3.86625E-2 3.47252E-2 2.90423E-2 2.57501E-2 2.39663E-2 2.20913E-2 2.13271E-2 2.06422E-2 1.95339E-2 1.86095E-2 1.7802E-2 2.23456E-2 1.79332E-2 1.75703E-2 1.96632E-2 2.8265E-2 2.06936E-2 2.87222E-2 3.0022E-2 3.03406E-2 3.36593E-2 3.17932E-2 3.05556E-2 3.37664E-2 3.917E-2 3.28853E-2 3.29328E-2 3.65574E-2 4.00399E-2 4.12337E-2
-9999 -9999 -9999 -9999 -9999 -9999 -9999 -9999 1.85054E-2 1.50666E-2 1.37585E-2 1.13916E-2 1.52264E-2 1.02203E-2 1.00571E-2 1.43998E-2 9.9098E-3 1.8859E-2 1.91618E-2 1.12167E-2 4.37814E-2 4.49656E-2 4.68164E-2 4.23334E-2 2.45533E-2 2.5631E-2 2.81208E-2 2.74524E-2 4.44137E-2 4.7334E-2 5.58825E-2 5.42128E-2 5.70842E-2 7.41957E-2 7.22804E-2 8.0905E-2 8.87951E-2 8.67862E-2 8.77924E-2 9.28869E-2 5.16323E-2 4.55146E-2 4.13903E-2 3.62586E-2 3.402E-2 3.17862E-2 2.94921E-2 2.96769E-2 2.84525E-2 3.07734E-2 2.97792E-2 2.95068E-2 3.55592E-2 3.21205E-2 2.46955E-2 3.92485E-2 4.52026E-2 4.6688E-2 4.80411E-2 4.58521E-2 4.56797E-2 4.32418E-2 3.7627E-2 4.78523E-2 5.14755E-2 4.11726E-2 4.27543E-2 4.95092E-2 4.86705E-2 4.73054E-2
-9999 -9999 -9999 -9999 -9999 -9999 -9999 -9999 -9999 1.46072E-2 1.10142E-2 1.05071E-2 1.03549E-2 1.00875E-2 9.60289E-3 9.62839E-3 1.75158E-2 1.81699E-2 1.8394E-2 1.90908E-2 2.01772E-2 2.17721E-2 2.22596E-2 4.87116E-2 5.11369E-2 4.28944E-2 4.54845E-2 4.87214E-2 5.02426E-2 5.40825E-2 6.14848E-2 5.41495E-2 6.22051E-2 6.70623E-2 7.91132E-2 9.02887E-2 1.02541E-1 1.19656E-1 1.30152E-1 1.32104E-1 8.13982E-2 6.76503E-2 6.12756E-2 5.12426E-2 4.84167E-2 4.4123E-2 4.8191E-2 4.44227E-2 4.16573E-2 4.00374E-2 3.8587E-2 4.58611E-2 3.3781E-2 4.76202E-2 5.26953E-2 5.20613E-2 5.22345E-2 6.00288E-2 6.06521E-2 6.54072E-2 7.02803E-2 6.2915E-2 5.77895E-2 5.85883E-2 5.5684E-2 5.92277E-2 6.18855E-2 5.82589E-2 6.05853E-2 6.09034E-2
-9999 -9999 -9999 -9999 -9999 -9999 -9999 -9999 -9999 2.36392E-2 1.9228E-2 1.10997E-2 1.83787E-2 1.85584E-2 8.99758E-3 1.37643E-2 9.34849E-3 1.74506E-2 1.73294E-2 1.7673E-2 1.86201E-2 1.9127E-2 1.92945E-2 2.09535E-2 2.19576E-2 2.22792E-2 2.33392E-2 4.93911E-2 5.27087E-2 5.70871E-2 7.13315E-2 7.93852E-2 5.0298E-2 5.38741E-2 6.57493E-2 6.63297E-2 8.00525E-2 9.65054E-2 1.12701E-1 1.16935E-1 9.76428E-2 9.63161E-2 8.65342E-2 6.80789E-2 5.26681E-2 6.20752E-2 6.07397E-2 5.42689E-2 6.08585E-2 6.07293E-2 6.17638E-2 6.11881E-2 6.38135E-2 6.1645E-2 5.88138E-2 5.9562E-2 6.86005E-2 7.62521E-2 7.95583E-2 6.97689E-2 7.91183E-2 8.24048E-2 8.16202E-2 7.27364E-2 1.50269E-1 7.25326E-2 8.66071E-2 9.25164E-2 8.326E-2 8.03745E-2
-9999 -9999 -9999 -9999 -9999 -9999 -9999 -9999 -9999 -9999 1.83735E-2 1.61635E-2 1.82124E-2 9.66431E-3 1.434E-2 1.68593E-2 1.40615E-2 1.72077E-2 1.67588E-2 1.41022E-2 1.43884E-2 1.74023E-2 1.40294E-2 1.46951E-2 1.8378E-2 1.9377E-2 1.87814E-2 2.01348E-2 2.15407E-2 2.36594E-2 2.49221E-2 4.72149E-2 5.21054E-2 5.56501E-2 8.27124E-2 5.43952E-2 6.20372E-2 7.37863E-2 9.06169E-2 1.01038E-1 1.1312E-1 1.18838E-1 1.30858E-1 1.02091E-1 8.24358E-2 8.02378E-2 8.41827E-2 7.95168E-2 6.94933E-2 6.70092E-2 5.67604E-2 6.02651E-2 6.74161E-2 6.62618E-2 7.29912E-2 7.81364E-2 8.57111E-2 9.14775E-2 8.73015E-2 9.93074E-2 1.0853E-1 1.03673E-1 1.00954E-1 1.0952E-1 1.35477E-1 1.28488E-1 1.32889E-1 1.16116E-1 1.24309E-1 2.03887E-1
-9999 -9999 -9999 -9999 -9999 -9999 -9999 -9999 -9999 -9999 -9999 1.61407E-2 1.45401E-2 9.52983E-3 1.33635E-2 1.42602E-2 1.41756E-2 1.39216E-2 1.38012E-2 1.36597E-2 1.3344E-2 1.37601E-2 1.27342E-2 1.59488E-2 1.5595E-2 1.53767E-2 1.61617E-2 1.66406E-2 1.74281E-2 1.79583E-2 1.94793E-2 1.84382E-2 2.03168E-2 2.32648E-2 5.40526E-2 4.96865E-2 4.87466E-2 5.93477E-2 7.42803E-2 9.08021E-2 9.99938E-2 1.26151E-1 1.31084E-1 1.03326E-1 1.04558E-1 9.73997E-2 8.61322E-2 9.40497E-2 8.21197E-2 7.25324E-2 6.7283E-2 7.6325E-2 7.69864E-2 7.47531E-2 8.1922E-2 9.01413E-2 9.99695E-2 1.07103E-1 1.0959E-1 1.01392E-1 1.07458E-1 1.15449E-1 1.33126E-1 1.29882E-1 1.72465E-1 1.79267E-1 1.44362E-1 1.49262E-1 2.31852E-1 2.46801E-1
-9999 -9999 -9999 -9999 -9999 -9999 -9999 -9999 -9999 -9999 -9999 -9999 -9999 -9999 1.38287E-2 1.40661E-2 -9999 -9999 1.3332E-2 1.29464E-2 1.25242E-2 1.24616E-2 1.22064E-2 1.43798E-2 1.43382E-2 1.15754E-2 1.42872E-2 1.39237E-2 1.52022E-2 1.51297E-2 1.61971E-2 1.44669E-2 1.59052E-2 1.85292E-2 1.14308E-2 1.29225E-2 3.01826E-2 4.61835E-2 5.03299E-2 5.80296E-2 6.09474E-2 7.44186E-2 8.52219E-2 8.49108E-2 7.84067E-2 7.57342E-2 6.60587E-2 7.22201E-2 6.53171E-2 6.39141E-2 6.76485E-2 7.38581E-2 7.92238E-2 7.03117E-2 7.53808E-2 8.67345E-2 9.36102E-2 9.03273E-2 9.81673E-2 1.19265E-1 1.28714E-1 1.34163E-1 1.25756E-1 -9999 -9999 1.63711E-1 1.50944E-1 2.77472E-1 2.55447E-1 2.76015E-1
-9999 -9999 -9999 -9999 -9999 -9999 -9999 -9999 -9999 -9999 -9999 -9999 -9999 -9999 -9999 -9999 -9999 -9999 -9999 -9999 1.23075E-2 -9999 -9999 1.1246E-2 1.09053E-2 1.06675E-2 1.03966E-2 1.25962E-2 1.29926E-2 -9999 1.31552E-2 1.4049E-2 1.563E-2 1.5271E-2 1.67962E-2 1.84156E-2 1.11178E-2 2.64132E-2 4.68445E-2 4.27577E-2 4.7591E-2 6.05064E-2 5.97854E-2 5.96398E-2 5.54157E-2 5.1349E-2 5.50321E-2 3.53981E-2 3.621E-2 3.86342E-2 4.12886E-2 4.29969E-2 4.67737E-2 4.69555E-2 5.43684E-2 8.43782E-2 8.1458E-2 8.36919E-2 1.00486E-1 9.44137E-2 1.08222E-1 -9999 -9999 -9999 -9999 -9999 1.12284E-1 2.29183E-1 2.51201E-1 2.64556E-1
-9999 -9999 -9999 -9999 -9999 -9999 -9999 -9999 -9999 -9999 -9999 -9999 -9999 -9999 -9999 -9999 -9999 -9999 -9999 -9999 -9999 -9999 -9999 -9999 -9999 -9999 -9999 -9999 -9999 -9999 -9999 1.31954E-2 1.44057E-2 1.57677E-2 1.3927E-2 1.50568E-2 9.02846E-3 9.79729E-3 1.14717E-2 4.30598E-2 4.51426E-2 -9999 -9999 4.48652E-2 4.36544E-2 2.52221E-2 2.53975E-2 -9999 -9999 -9999 -9999 -9999 3.99291E-2 -9999 -9999 -9999 -9999 -9999 -9999 -9999 -9999 -9999 -9999 -9999 -9999 -9999 1.51197E-1 1.9205E-1 2.26042E-1 2.27808E-1
-9999 -9999 -9999 -9999 -9999 -9999 -9999 -9999 -9999 -9999 -9999 -9999 -9999 -9999 -9999 -9999 -9999 -9999 -9999 -9999 -9999 -9999 -9999 -9999 -9999 -9999 -9999 -9999 -9999 -9999 -9999 -9999 -9999 -9999 1.53539E-2 -9999 8.97647E-3 -9999 -9999 -9999 -9999 -9999 -9999 -9999 -9999 -9999 -9999 -9999 -9999 -9999 -9999 -9999 -9999 -9999 -9999 -9999 -9999 -9999 -9999 -9999 -9999 -9999 -9999 -9999 -9999 -9999 1.65578E-1 1.58153E-1 1.92416E-1 2.10013E-1
-9999 -9999 -9999 -9999 -9999 -9999 -9999 -9999 -9999 -9999 -9999 -9999 -9999 -9999 -9999 -9999 -9999 -9999 -9999 -9999 -9999 -9999 -9999 -9999 -9999 -9999 -9999 -9999 -9999 -9999 -9999 -9999 -9999 -9999 -9999 -9999 -9999 -9999 -9999 -9999 -9999 -9999 -9999 -9999 -9999 -9999 -9999 -9999 -9999 -9999 -9999 -9999 -9999 -9999 -9999 -9999 -9999 -9999 -9999 -9999 -9999 -9999 -9999 -9999 -9999 -9999 5.06415E-2 5.48962E-2 1.30007E-1 1.37391E-1
-9999 -9999 -9999 -9999 -9999 -9999 -9999 -9999 -9999 -9999 -9999 -9999 -9999 -9999 -9999 -9999 -9999 -9999 -9999 -9999 -9999 -9999 -9999 -9999 -9999 -9999 -9999 -9999 -9999 -9999 -9999 -9999 -9999 -9999 -9999 -9999 -9999 -9999 -9999 -9999 -9999 -9999 -9999 -9999 -9999 -9999 -9999 -9999 -9999 -9999 -9999 -9999 -9999 -9999 -9999 -9999 -9999 -9999 -9999 -9999 -9999 -9999 -9999 -9999 -9999 -9999 -9999 -9999 -9999 -9999
-9999 -9999 -9999 -9999 -9999 -9999 -9999 -9999 -9999 -9999 -9999 -9999 -9999 -9999 -9999 -9999 -9999 -9999 -9999 -9999 -9999 -9999 -9999 -9999 -9999 -9999 -9999 -9999 -9999 -9999 -9999 -9999 -9999 -9999 -9999 -9999 -9999 -9999 -9999 -9999 -9999 -9999 -9999 -9999 -9999 -9999 -9999 -9999 -9999 -9999 -9999 -9999 -9999 -9999 -9999 -9999 -9999 -9999 -9999 -9999 -9999 -9999 -9999 -9999 -9999 -9999 -9999 -9999 -9999 4.39743E-2
-9999 -9999 -9999 -9999 -9999 -9999 -9999 -9999 -9999 -9999 -9999 -9999 -9999 -9999 -9999 -9999 -9999 -9999 -9999 -9999 -9999 -9999 -9999 -9999 -9999 -9999 -9999 -9999 -9999 -9999 -9999 -9999 -9999 -9999 -9999 -9999 -9999 -9999 -9999 -9999 -9999 -9999 -9999 -9999 -9999 -9999 -9999 -9999 -9999 -9999 -9999 -9999 -9999 -9999 -9999 -9999 -9999 -9999 -9999 -9999 -9999 -9999 -9999 -9999 -9999 -9999 -9999 -9999 -9999 -9999
