KUENM_DEFAULT/Final_Models/M_1_F_lqpth_Set_1_NE/sp1_max.asc
ncols         197
nrows         210
xllcorner     56.1666666666667
yllcorner     4.5
cellsize      0.166666666666667
NODATA_value  -9999
[rows 56 to 83 of 210, columns 65 to 129 of 197]
2.00922E-2 1.80914E-2 3.74649E-2 9.54812E-2 2.01571E-1 2.5979E-1 1.34909E-1 5.2536E-2 5.56099E-2 1.23781E-1 1.13457E-1 1.65516E-1 1.67184E-1 1.71188E-1 1.996E-1 1.63664E-1 2.31913E-1 2.78858E-1 2.26472E-1 2.27875E-1 1.10455E-1 9.16876E-2 9.07662E-2 8.82834E-2 8.70744E-2 8.75193E-2 9.56062E-2 1.02445E-1 1.01997E-1 8.80062E-2 9.74814E-2 9.71246E-2 1.00233E-1 1.04416E-1 1.14271E-1 1.4562E-1 1.55731E-1 1.6637E-1 1.77393E-1 3.02399E-1 3.26493E-1 4.62264E-1 5.42974E-1 5.67669E-1 6.3127E-1 6.06302E-1 6.95126E-1 7.01323E-1 7.46459E-1 7.71141E-1 7.81376E-1 7.60241E-1 7.38356E-1 8.11709E-1 7.7867E-1 6.90592E-1 6.60396E-1 6.80798E-1 6.11405E-1 5.36867E-1 4.85209E-1 1.43251E-1 9.45377E-2 6.40402E-2 6.47364E-2
1.7945E-2 1.65789E-2 5.27781E-2 9.25118E-2 1.33032E-1 2.2066E-1 2.29484E-1 1.64645E-1 1.27174E-1 1.59677E-1 1.76462E-1 1.19174E-1 1.37371E-1 1.48886E-1 1.828E-1 2.75911E-1 2.8772E-1 2.52256E-1 2.8939E-1 1.66643E-1 1.06418E-1 1.01302E-1 9.4318E-2 9.18042E-2 9.11881E-2 9.53416E-2 9.40064E-2 8.70887E-2 8.92523E-2 8.88451E-2 8.48373E-2 9.35358E-2 1.01171E-1 1.08079E-1 1.09284E-1 1.31967E-1 1.38681E-1 1.45964E-1 1.62375E-1 2.11288E-1 3.27792E-1 3.43287E-1 5.28E-1 5.60704E-1 6.18524E-1 6.62782E-1 6.80595E-1 6.92885E-1 7.58124E-1 7.67913E-1 7.7443E-1 7.57185E-1 7.58284E-1 7.60111E-1 7.62497E-1 7.04221E-1 7.93761E-1 6.98588E-1 6.81446E-1 5.94218E-1 5.24191E-1 4.68264E-1 1.10313E-1 8.51741E-2 8.83881E-2
1.26787E-2 1.64132E-2 7.25724E-2 8.54252E-2 9.8339E-2 1.00942E-1 1.19449E-1 1.09579E-1 1.50457E-1 1.55857E-1 1.51668E-1 1.52379E-1 1.83009E-1 2.06111E-1 2.95373E-1 3.0707E-1 3.28216E-1 2.85285E-1 2.80794E-1 1.82643E-1 1.37536E-1 1.1441E-1 1.04983E-1 9.68229E-2 9.67321E-2 8.63397E-2 8.57775E-2 8.70197E-2 8.60728E-2 8.32364E-2 8.27526E-2 9.46898E-2 9.89218E-2 1.0505E-1 1.17456E-1 1.18803E-1 1.17023E-1 1.29485E-1 1.56191E-1 1.85608E-1 2.14689E-1 3.3624E-1 3.40316E-1 3.67926E-1 5.77215E-1 6.37262E-1 6.60419E-1 6.77729E-1 7.50349E-1 7.59985E-1 7.57869E-1 7.38403E-1 7.1611E-1 6.95844E-1 6.92137E-1 6.91573E-1 7.11075E-1 7.75799E-1 7.04717E-1 6.44931E-1 5.46958E-1 4.799E-1 4.10909E-1 1.06588E-1 1.05497E-1
1.3361E-2 1.97196E-2 6.46009E-2 9.18329E-2 1.17691E-1 1.2387E-1 1.16587E-1 1.01079E-1 1.89512E-1 1.5615E-1 1.67624E-1 1.76288E-1 2.12049E-1 2.24258E-1 2.75837E-1 3.21166E-1 3.2686E-1 3.27241E-1 2.81659E-1 2.23507E-1 1.88538E-1 1.45299E-1 1.1443E-1 1.02383E-1 8.96127E-2 8.74367E-2 8.60031E-2 8.54518E-2 8.68964E-2 8.67146E-2 8.61226E-2 8.69201E-2 1.02363E-1 1.10501E-1 1.22418E-1 1.25423E-1 1.225E-1 1.21788E-1 1.34089E-1 1.3781E-1 1.51455E-1 1.80142E-1 2.08531E-1 3.65796E-1 3.85961E-1 5.88163E-1 6.3618E-1 6.64304E-1 6.8299E-1 6.92523E-1 6.99009E-1 7.4278E-1 6.61348E-1 6.54874E-1 7.07706E-1 8.14015E-1 6.91226E-1 6.86859E-1 7.93326E-1 7.01972E-1 5.74884E-1 4.8239E-1 4.85354E-1 4.13891E-1 1.23138E-1
1.3605E-2 2.04332E-2 4.89866E-2 1.0149E-1 1.07065E-1 1.21319E-1 1.13732E-1 1.0355E-1 1.10699E-1 8.89269E-2 1.56679E-1 1.81471E-1 2.02669E-1 2.10703E-1 2.67116E-1 3.05176E-1 3.25204E-1 3.39243E-1 2.86919E-1 2.47874E-1 3.21749E-1 2.0857E-1 1.23486E-1 9.48162E-2 8.90981E-2 9.16903E-2 8.97554E-2 9.17157E-2 8.73443E-2 8.74882E-2 8.55632E-2 9.27463E-2 1.09289E-1 1.18525E-1 1.26816E-1 1.32473E-1 1.30643E-1 1.24323E-1 1.23893E-1 1.18473E-1 1.18611E-1 1.32066E-1 1.73455E-1 2.24895E-1 3.4185E-1 5.5682E-1 6.09527E-1 6.45565E-1 6.68811E-1 6.9287E-1 7.0267E-1 7.54778E-1 7.51951E-1 6.9771E-1 7.09555E-1 7.77849E-1 7.33567E-1 6.94059E-1 7.73281E-1 7.26769E-1 5.9259E-1 4.83698E-1 4.9494E-1 4.4234E-1 4.24453E-1
1.70777E-2 1.31722E-2 6.55162E-2 1.03503E-1 1.07895E-1 1.15681E-1 1.06568E-1 1.08384E-1 9.63599E-2 7.79252E-2 1.68847E-1 1.68362E-1 1.7591E-1 1.97814E-1 2.32393E-1 2.63669E-1 3.23246E-1 2.62664E-1 1.55371E-1 2.12761E-1 3.22849E-1 2.26265E-1 1.25067E-1 9.83489E-2 9.31217E-2 9.16196E-2 9.18034E-2 9.25473E-2 9.09844E-2 9.30196E-2 9.07042E-2 9.94928E-2 1.16261E-1 1.27357E-1 1.37323E-1 1.40392E-1 1.41082E-1 1.36484E-1 1.32123E-1 1.22456E-1 1.21089E-1 1.27932E-1 1.62448E-1 2.17328E-1 3.35223E-1 3.75803E-1 5.91374E-1 6.17714E-1 6.5273E-1 6.76278E-1 6.98216E-1 7.68726E-1 7.77535E-1 6.8988E-1 7.06891E-1 7.81111E-1 7.73291E-1 7.57275E-1 8.23308E-1 7.43613E-1 6.65827E-1 5.86187E-1 5.06154E-1 5.04729E-1 1.51564E-1
9.68651E-3 1.56543E-2 7.99165E-2 1.0923E-1 1.19435E-1 1.1145E-1 9.99993E-2 1.00883E-1 9.06905E-2 8.97756E-2 1.05446E-1 9.46024E-2 1.77398E-1 1.81365E-1 2.04473E-1 2.08747E-1 2.17212E-1 1.16117E-1 1.19578E-1 1.33423E-1 1.56331E-1 1.32913E-1 1.0247E-1 9.4998E-2 9.08134E-2 8.83744E-2 8.95254E-2 8.99204E-2 9.33536E-2 9.51869E-2 9.66092E-2 1.17446E-1 1.22797E-1 1.34396E-1 1.43559E-1 1.48058E-1 1.47943E-1 1.50342E-1 1.44872E-1 1.33627E-1 1.34786E-1 1.41596E-1 1.82427E-1 2.26176E-1 3.46796E-1 3.74827E-1 5.7804E-1 6.09762E-1 6.31089E-1 6.63577E-1 6.91185E-1 7.63116E-1 7.73468E-1 6.85995E-1 6.9044E-1 8.22703E-1 7.72591E-1 8.24937E-1 8.07443E-1 7.25438E-1 7.18448E-1 6.53642E-1 5.37121E-1 4.9058E-1 4.65294E-1
1.81362E-2 3.10779E-2 8.56941E-2 1.10503E-1 1.11005E-1 1.0494E-1 9.83567E-2 9.51133E-2 9.78741E-2 9.72359E-2 8.5623E-2 9.00888E-2 8.26245E-2 9.73115E-2 1.00181E-1 1.07779E-1 9.55042E-2 1.11156E-1 1.06466E-1 1.10265E-1 1.1457E-1 9.89835E-2 9.17915E-2 9.10452E-2 8.76035E-2 9.13996E-2 9.5121E-2 9.13141E-2 9.618E-2 9.90871E-2 1.01769E-1 1.22656E-1 1.26825E-1 1.36307E-1 1.44976E-1 1.51662E-1 1.50061E-1 1.52317E-1 1.51963E-1 1.52813E-1 1.60619E-1 1.84591E-1 2.1652E-1 3.47653E-1 3.59213E-1 5.4608E-1 5.78895E-1 6.04243E-1 6.33064E-1 6.62783E-1 7.42129E-1 7.51343E-1 7.55286E-1 6.85536E-1 6.87193E-1 8.54291E-1 7.90369E-1 8.3222E-1 8.35444E-1 7.66668E-1 7.60527E-1 6.92805E-1 5.35651E-1 5.18385E-1 4.87163E-1
2.35492E-2 4.72757E-2 1.10623E-1 1.19143E-1 1.12086E-1 1.01009E-1 1.01409E-1 1.0153E-1 1.26475E-1 1.39454E-1 1.24138E-1 1.06103E-1 9.85847E-2 8.85481E-2 8.77777E-2 8.65189E-2 9.79889E-2 9.75291E-2 9.9139E-2 9.87643E-2 8.97729E-2 8.66111E-2 8.38773E-2 8.91619E-2 8.72419E-2 8.96615E-2 9.21613E-2 9.89849E-2 9.4906E-2 1.02382E-1 1.17398E-1 1.24413E-1 1.32921E-1 1.35973E-1 1.4874E-1 1.53883E-1 1.54642E-1 1.60387E-1 1.62499E-1 1.8378E-1 2.18476E-1 2.2859E-1 3.62549E-1 3.86876E-1 4.07459E-1 5.52914E-1 5.92335E-1 6.10518E-1 6.33839E-1 7.34277E-1 7.4521E-1 7.36238E-1 6.7955E-1 6.85308E-1 6.93189E-1 8.2573E-1 7.08176E-1 7.082E-1 7.45219E-1 7.62803E-1 8.55856E-1 6.73905E-1 5.31837E-1 5.20973E-1 5.08289E-1
1.7951E-2 7.39449E-2 1.20602E-1 1.14653E-1 1.05091E-1 1.02328E-1 1.05269E-1 1.35194E-1 2.02365E-1 4.23657E-1 1.81397E-1 1.30991E-1 1.08691E-1 9.53923E-2 9.27203E-2 9.51947E-2 9.13493E-2 9.0211E-2 9.04596E-2 8.1069E-2 8.0873E-2 7.93767E-2 8.21615E-2 8.17342E-2 9.05667E-2 9.64834E-2 9.34268E-2 1.00807E-1 9.95136E-2 1.07182E-1 1.07558E-1 1.3104E-1 1.36238E-1 1.40005E-1 1.49007E-1 1.54326E-1 1.57858E-1 1.78637E-1 1.8281E-1 2.30919E-1 4.03291E-1 4.05222E-1 4.0767E-1 4.23392E-1 5.34562E-1 5.83203E-1 6.19599E-1 7.31393E-1 7.32622E-1 7.39205E-1 7.38186E-1 6.68211E-1 6.5205E-1 6.7097E-1 7.01927E-1 7.14387E-1 7.1301E-1 6.92477E-1 6.93443E-1 7.11165E-1 7.83616E-1 7.50531E-1 6.53307E-1 5.27281E-1 5.09379E-1
2.6499E-2 7.99109E-2 1.12532E-1 1.1227E-1 1.12332E-1 1.11065E-1 1.24291E-1 2.02269E-1 4.67033E-1 4.58547E-1 2.22814E-1 1.43673E-1 1.07592E-1 9.37448E-2 8.7625E-2 8.93784E-2 8.86261E-2 8.07946E-2 7.6923E-2 7.88931E-2 7.96533E-2 8.2446E-2 8.43485E-2 9.04949E-2 9.02182E-2 9.48977E-2 9.73897E-2 1.02275E-1 1.0369E-1 1.08077E-1 1.10772E-1 1.35171E-1 1.37356E-1 1.42064E-1 1.44625E-1 1.56639E-1 2.13369E-1 2.24261E-1 1.89122E-1 2.35848E-1 3.94488E-1 4.59443E-1 4.55558E-1 5.24863E-1 5.66164E-1 7.15793E-1 6.55332E-1 6.662E-1 6.56635E-1 6.66168E-1 6.66649E-1 6.55154E-1 6.42566E-1 6.54602E-1 8.65323E-1 7.17399E-1 7.08861E-1 7.47799E-1 7.11299E-1 8.11154E-1 8.3472E-1 8.36356E-1 7.38539E-1 6.54167E-1 5.21062E-1
2.4909E-2 5.98206E-2 1.10157E-1 1.12078E-1 1.10715E-1 1.1412E-1 1.40945E-1 2.19427E-1 4.6566E-1 4.60437E-1 1.92236E-1 1.27513E-1 9.71646E-2 8.62068E-2 8.81868E-2 8.51048E-2 8.70761E-2 9.16605E-2 8.45173E-2 8.03367E-2 8.36226E-2 8.45089E-2 8.6668E-2 9.36119E-2 9.31534E-2 9.86942E-2 1.01006E-1 1.05474E-1 1.08484E-1 1.15842E-1 1.19816E-1 1.40308E-1 1.42574E-1 1.4323E-1 1.5716E-1 1.72195E-1 1.8304E-1 1.90755E-1 1.99835E-1 2.29697E-1 4.04762E-1 4.76785E-1 5.04055E-1 5.53839E-1 6.20536E-1 6.51536E-1 6.63993E-1 6.73642E-1 6.6182E-1 6.73315E-1 6.74673E-1 6.65433E-1 6.61806E-1 6.8349E-1 7.20433E-1 7.41777E-1 6.92825E-1 7.28895E-1 7.17074E-1 7.91576E-1 8.11964E-1 7.73203E-1 7.33883E-1 7.29986E-1 6.45348E-1
3.94188E-2 4.74265E-2 8.30712E-2 1.0919E-1 1.09016E-1 1.105E-1 1.25993E-1 1.55469E-1 1.9077E-1 1.57834E-1 1.15927E-1 9.30063E-2 8.72571E-2 8.91402E-2 8.22033E-2 8.94678E-2 1.00538E-1 1.00923E-1 9.16821E-2 8.84443E-2 8.68841E-2 9.02393E-2 9.32352E-2 1.00182E-1 9.78751E-2 1.04038E-1 1.04917E-1 1.11874E-1 1.14601E-1 1.23157E-1 1.25375E-1 1.26336E-1 1.46763E-1 1.58669E-1 1.59533E-1 1.69848E-1 1.93579E-1 2.38611E-1 4.31441E-1 4.35855E-1 4.96511E-1 5.29574E-1 5.60776E-1 6.41172E-1 6.22124E-1 6.46173E-1 6.5992E-1 6.81652E-1 6.88285E-1 6.94631E-1 7.04946E-1 7.02495E-1 7.33971E-1 7.07032E-1 7.01234E-1 7.17467E-1 7.28359E-1 7.2891E-1 8.01033E-1 8.14359E-1 8.23856E-1 8.10043E-1 7.78381E-1 7.52781E-1 6.65267E-1
3.83934E-2 4.77854E-2 6.58092E-2 1.14176E-1 1.09849E-1 1.03787E-1 1.05458E-1 1.08766E-1 1.09448E-1 9.73372E-2 1.12976E-1 1.08006E-1 8.36328E-2 8.65192E-2 9.21427E-2 9.82814E-2 5.9004E-2 6.04083E-2 5.6794E-2 5.41681E-2 5.37835E-2 5.38234E-2 5.6251E-2 9.66153E-2 1.07096E-1 1.08268E-1 1.12691E-1 1.13784E-1 1.21843E-1 1.50706E-1 1.52882E-1 1.51093E-1 1.58669E-1 1.50278E-1 1.5319E-1 1.69057E-1 1.82779E-1 2.25655E-1 4.61883E-1 4.8237E-1 5.60293E-1 5.7851E-1 6.47237E-1 6.40463E-1 6.28998E-1 6.3466E-1 6.72159E-1 7.06734E-1 7.18347E-1 7.16002E-1 7.2042E-1 8.07313E-1 7.40032E-1 7.45376E-1 8.04494E-1 8.44653E-1 8.5121E-1 8.40594E-1 7.71359E-1 7.59265E-1 7.84513E-1 8.42978E-1 7.12268E-1 6.62646E-1 6.76612E-1
3.8382E-2 4.18365E-2 6.95385E-2 1.10571E-1 1.08322E-1 1.00689E-1 1.03461E-1 9.93393E-2 9.25772E-2 9.58806E-2 1.43146E-1 1.37754E-1 9.23896E-2 9.92573E-2 1.05439E-1 5.79874E-2 6.12904E-2 6.06469E-2 5.88512E-2 5.56237E-2 5.69166E-2 5.75777E-2 5.70055E-2 6.10876E-2 6.25167E-2 6.71148E-2 1.13504E-1 1.17345E-1 1.4942E-1 1.45936E-1 1.49345E-1 1.34773E-1 1.54049E-1 1.59429E-1 1.64546E-1 1.75416E-1 2.09975E-1 2.04094E-1 4.61563E-1 5.85661E-1 6.11845E-1 6.26563E-1 6.62672E-1 6.53044E-1 6.6119E-1 6.766E-1 8.89123E-1 7.03405E-1 7.10635E-1 7.14171E-1 7.42315E-1 7.09258E-1 7.18362E-1 8.04978E-1 7.88064E-1 8.32721E-1 7.3941E-1 7.22869E-1 7.04231E-1 7.21579E-1 8.47415E-1 6.8929E-1 6.71284E-1 6.76192E-1 6.41325E-1
2.70128E-2 5.94626E-2 9.47603E-2 1.13891E-1 1.10918E-1 1.05369E-1 9.98589E-2 1.02636E-1 9.29014E-2 9.85313E-2 6.36387E-2 1.06865E-1 6.06268E-2 6.26308E-2 6.52998E-2 6.15413E-2 6.30166E-2 6.30114E-2 6.12356E-2 5.81719E-2 5.79538E-2 5.8073E-2 6.45931E-2 6.5915E-2 1.15295E-1 1.18409E-1 8.15934E-2 7.93051E-2 8.36507E-2 1.34319E-1 1.3714E-1 1.43125E-1 1.62759E-1 1.75575E-1 1.85778E-1 2.25455E-1 2.46849E-1 2.80587E-1 5.74692E-1 6.1936E-1 6.43116E-1 6.92889E-1 6.73763E-1 6.6127E-1 6.44385E-1 6.60451E-1 7.6962E-1 7.483E-1 6.9734E-1 7.14822E-1 7.40457E-1 7.44424E-1 7.39937E-1 7.9246E-1 7.89558E-1 8.03031E-1 7.04009E-1 6.86273E-1 7.0637E-1 6.87345E-1 7.41577E-1 7.24398E-1 7.25948E-1 7.03239E-1 6.47664E-1
4.78162E-2 4.60605E-2 9.78252E-2 1.1046E-1 1.08559E-1 1.01674E-1 1.04866E-1 1.01034E-1 1.04267E-1 1.14415E-1 6.82537E-2 7.0827E-2 6.60787E-2 6.48529E-2 6.62156E-2 6.80648E-2 7.49641E-2 7.48125E-2 6.77598E-2 6.36969E-2 6.24152E-2 6.28696E-2 1.12766E-1 8.11513E-2 8.2381E-2 8.6483E-2 8.4093E-2 7.97911E-2 8.31075E-2 1.36298E-1 1.44913E-1 1.76963E-1 1.909E-1 1.99348E-1 2.10057E-1 2.55364E-1 2.83919E-1 5.14748E-1 5.85452E-1 6.2599E-1 6.55607E-1 7.03658E-1 5.86444E-1 5.66811E-1 5.69382E-1 6.45474E-1 6.81088E-1 7.38078E-1 7.0425E-1 7.21385E-1 7.55757E-1 7.41519E-1 7.88886E-1 8.01938E-1 8.40128E-1 7.0822E-1 6.80144E-1 6.94305E-1 7.02365E-1 7.36017E-1 7.22843E-1 7.18408E-1 7.29273E-1 7.27979E-1 6.91769E-1
6.88453E-2 7.03453E-2 1.09015E-1 1.1806E-1 1.12452E-1 1.12742E-1 1.07404E-1 1.1585E-1 1.20243E-1 7.17511E-2 6.75056E-2 6.9117E-2 8.23935E-2 8.33393E-2 8.25268E-2 8.88715E-2 9.08948E-2 9.58504E-2 8.6168E-2 6.51753E-2 1.09062E-1 7.67357E-2 8.22699E-2 8.55936E-2 9.6774E-2 8.71775E-2 8.64597E-2 8.15612E-2 8.85907E-2 1.47998E-1 1.75868E-1 2.20237E-1 2.52501E-1 4.20111E-1 4.17031E-1 4.77787E-1 5.15825E-1 5.39127E-1 6.03331E-1 6.20188E-1 7.00415E-1 7.07461E-1 6.01903E-1 5.90505E-1 5.76355E-1 6.54907E-1 6.82576E-1 7.26303E-1 7.10269E-1 7.44496E-1 7.54737E-1 7.42192E-1 7.71272E-1 8.39684E-1 8.02171E-1 7.10061E-1 6.83869E-1 6.87887E-1 7.16585E-1 6.95103E-1 6.73778E-1 7.05606E-1 7.32464E-1 6.99721E-1 6.93546E-1
8.44457E-2 6.28391E-2 1.20874E-1 1.20812E-1 1.16962E-1 1.186E-1 6.93277E-2 6.82791E-2 7.23311E-2 7.58288E-2 8.47671E-2 8.46931E-2 7.96563E-2 1.09274E-1 8.02145E-2 7.97139E-2 8.62409E-2 8.95178E-2 1.41717E-1 1.42419E-1 7.87265E-2 7.70144E-2 1.51574E-1 2.17239E-1 1.74264E-1 1.73593E-1 8.50551E-2 8.86617E-2 9.58257E-2 1.09228E-1 1.90142E-1 4.60985E-1 5.12762E-1 5.19386E-1 5.11797E-1 5.2239E-1 5.47173E-1 5.91172E-1 6.36871E-1 6.565E-1 7.27084E-1 6.11816E-1 6.08859E-1 5.93823E-1 5.8753E-1 6.76114E-1 6.95696E-1 7.17881E-1 7.34687E-1 7.43626E-1 7.53372E-1 7.40306E-1 8.40066E-1 8.38879E-1 8.03624E-1 8.01234E-1 7.27527E-1 7.31851E-1 7.38477E-1 7.09776E-1 6.82751E-1 6.55227E-1 6.56334E-1 6.4306E-1 6.66184E-1
8.47052E-2 9.75722E-2 1.28013E-1 1.29972E-1 1.26687E-1 7.05425E-2 6.89845E-2 7.36549E-2 7.86564E-2 7.93033E-2 7.86887E-2 1.06356E-1 1.03341E-1 1.02558E-1 9.55679E-2 9.57568E-2 1.65045E-1 1.67566E-1 1.49554E-1 1.34947E-1 8.15933E-2 1.31345E-1 1.69837E-1 2.38319E-1 2.07212E-1 1.67649E-1 1.63832E-1 1.42305E-1 1.0276E-1 1.67764E-1 1.97694E-1 2.40386E-1 5.18282E-1 5.34593E-1 5.42513E-1 5.63622E-1 6.03554E-1 6.42873E-1 6.66545E-1 7.34936E-1 7.35717E-1 6.20502E-1 5.98291E-1 4.88448E-1 4.83458E-1 6.83856E-1 6.95392E-1 7.13816E-1 7.31439E-1 7.42974E-1 7.51989E-1 7.7854E-1 8.56102E-1 7.84676E-1 8.42887E-1 8.44171E-1 8.05432E-1 7.40703E-1 7.46419E-1 8.17558E-1 6.8752E-1 6.52796E-1 6.35199E-1 6.282E-1 6.44181E-1
6.47237E-2 9.05381E-2 1.31096E-1 1.30874E-1 7.58852E-2 7.74467E-2 7.7233E-2 8.08228E-2 8.34112E-2 1.02578E-1 9.85144E-2 9.64362E-2 1.69592E-1 1.56627E-1 1.55741E-1 1.52386E-1 1.56186E-1 1.55698E-1 1.3772E-1 1.32915E-1 1.25544E-1 1.34413E-1 1.80836E-1 2.33842E-1 2.73176E-1 2.51769E-1 2.24248E-1 2.35017E-1 1.70625E-1 1.82796E-1 2.1805E-1 2.54839E-1 4.83166E-1 5.24167E-1 5.72342E-1 6.3824E-1 6.29288E-1 6.96143E-1 7.62486E-1 7.54439E-1 7.42344E-1 6.43005E-1 6.26403E-1 5.31669E-1 5.41637E-1 6.89743E-1 7.11682E-1 7.23084E-1 6.20434E-1 7.48713E-1 7.54424E-1 7.48298E-1 8.26154E-1 7.79402E-1 8.4059E-1 8.44488E-1 7.15328E-1 7.10061E-1 6.98162E-1 6.64768E-1 6.43868E-1 6.29026E-1 6.22724E-1 6.39606E-1 6.55309E-1
9.56912E-2 1.05722E-1 1.45854E-1 1.42862E-1 8.24297E-2 8.53E-2 8.45846E-2 8.74221E-2 1.56575E-1 1.6077E-1 1.58222E-1 1.57407E-1 1.56835E-1 2.00049E-1 1.91966E-1 1.80185E-1 1.74596E-1 1.63352E-1 1.54099E-1 1.35796E-1 1.40592E-1 1.45565E-1 1.47488E-1 2.68754E-1 2.41356E-1 2.60764E-1 2.42755E-1 2.24408E-1 2.33213E-1 2.30412E-1 2.40827E-1 2.96703E-1 5.40352E-1 5.75988E-1 6.0951E-1 6.41044E-1 6.96491E-1 7.34035E-1 7.19297E-1 7.59413E-1 6.59494E-1 6.55104E-1 6.32315E-1 5.62886E-1 5.3709E-1 7.36339E-1 7.38901E-1 5.60516E-1 5.6936E-1 5.89042E-1 7.57687E-1 7.51392E-1 7.72418E-1 7.29508E-1 6.83498E-1 7.44754E-1 7.08126E-1 7.33164E-1 6.80042E-1 6.23878E-1 5.49316E-1 6.07353E-1 6.30707E-1 6.48341E-1 6.23327E-1
1.04756E-1 1.0101E-1 1.89942E-1 1.45666E-1 1.47234E-1 1.45565E-1 1.47729E-1 1.57639E-1 1.64746E-1 1.67314E-1 1.83653E-1 1.80725E-1 1.85751E-1 1.84744E-1 1.80884E-1 1.66889E-1 1.68244E-1 1.58936E-1 1.54203E-1 1.52077E-1 1.46E-1 1.45716E-1 1.68512E-1 2.31183E-1 2.26369E-1 2.35605E-1 2.39694E-1 2.42852E-1 2.57188E-1 2.63619E-1 2.84054E-1 3.14746E-1 5.57319E-1 6.28983E-1 6.8756E-1 7.53886E-1 7.419E-1 7.43323E-1 7.36654E-1 7.35559E-1 6.71735E-1 6.56228E-1 6.34095E-1 5.20687E-1 5.25876E-1 7.25643E-1 7.26447E-1 5.57442E-1 5.44547E-1 5.7893E-1 5.97708E-1 7.96835E-1 7.70389E-1 7.17736E-1 7.20088E-1 7.18707E-1 7.22106E-1 7.12038E-1 6.35045E-1 5.98709E-1 5.87077E-1 6.21231E-1 6.45923E-1 6.40288E-1 6.32268E-1
1.08196E-1 1.06682E-1 1.07622E-1 1.23346E-1 1.90262E-1 1.33979E-1 1.53826E-1 1.4775E-1 1.6401E-1 1.78629E-1 2.03561E-1 2.14815E-1 2.27257E-1 2.27441E-1 2.23641E-1 2.04843E-1 1.97875E-1 1.884E-1 1.54774E-1 1.51855E-1 1.60945E-1 1.58178E-1 1.6823E-1 2.39114E-1 2.65623E-1 2.53903E-1 2.95205E-1 2.85636E-1 2.93735E-1 2.96829E-1 3.0644E-1 3.22525E-1 5.80043E-1 6.61386E-1 7.29661E-1 7.68464E-1 7.60255E-1 7.60754E-1 7.46598E-1 7.35542E-1 7.26547E-1 6.67321E-1 6.44551E-1 6.31474E-1 5.39883E-1 5.32036E-1 5.21371E-1 5.0856E-1 5.63494E-1 6.28623E-1 6.25954E-1 8.57325E-1 7.53166E-1 5.98357E-1 7.07632E-1 6.33896E-1 6.804E-1 6.77633E-1 6.39562E-1 6.02172E-1 6.35227E-1 6.57984E-1 6.32785E-1 6.36107E-1 6.43583E-1
1.73936E-1 1.54476E-1 1.52674E-1 1.2624E-1 1.20351E-1 1.29945E-1 1.56215E-1 1.91407E-1 1.56104E-1 1.65642E-1 1.89832E-1 2.15848E-1 2.28753E-1 2.25683E-1 2.13776E-1 1.91647E-1 1.88607E-1 1.77474E-1 1.7682E-1 1.61645E-1 1.64045E-1 1.65615E-1 1.78234E-1 2.60345E-1 2.77332E-1 3.16347E-1 3.34787E-1 3.52894E-1 3.3937E-1 3.3636E-1 3.40592E-1 3.58621E-1 6.26372E-1 7.06039E-1 7.90746E-1 7.72745E-1 7.6964E-1 7.61456E-1 7.45171E-1 7.46864E-1 7.22866E-1 7.40225E-1 6.39136E-1 6.44957E-1 6.09859E-1 6.16031E-1 6.26116E-1 6.34546E-1 6.35005E-1 7.53266E-1 8.11844E-1 8.60501E-1 7.49803E-1 6.62032E-1 6.42572E-1 6.06906E-1 5.78755E-1 6.46025E-1 6.20322E-1 6.49865E-1 6.44418E-1 6.12452E-1 6.48475E-1 6.22294E-1 6.05402E-1
1.64668E-1 2.03887E-1 1.85941E-1 1.83975E-1 1.67878E-1 1.46658E-1 1.54019E-1 1.67372E-1 1.71313E-1 1.92064E-1 2.29535E-1 2.23597E-1 2.41519E-1 2.35019E-1 2.09646E-1 1.94466E-1 1.81E-1 1.75002E-1 1.79693E-1 1.70495E-1 1.73497E-1 1.71406E-1 2.55861E-1 2.69453E-1 3.26283E-1 5.84452E-1 6.5334E-1 6.21568E-1 6.24429E-1 3.87995E-1 3.76939E-1 4.1584E-1 6.8804E-1 7.65477E-1 7.95472E-1 7.81332E-1 7.61435E-1 7.53163E-1 7.51312E-1 7.43553E-1 7.26758E-1 7.51941E-1 6.63214E-1 6.62367E-1 6.68049E-1 5.94185E-1 6.47152E-1 6.53053E-1 6.68136E-1 8.01156E-1 7.63385E-1 7.72781E-1 7.5214E-1 6.66069E-1 6.44641E-1 6.11815E-1 6.0148E-1 6.42823E-1 6.53653E-1 6.28269E-1 6.08006E-1 6.30836E-1 6.41036E-1 6.08143E-1 6.10125E-1
2.31852E-1 2.46801E-1 2.38053E-1 2.26561E-1 2.21565E-1 2.10675E-1 2.33683E-1 1.75485E-1 1.93028E-1 1.85512E-1 2.26411E-1 2.50463E-1 2.78001E-1 2.66821E-1 2.18538E-1 1.90026E-1 1.71029E-1 1.72989E-1 1.80856E-1 1.77562E-1 1.83231E-1 1.79135E-1 2.7477E-1 2.80994E-1 5.495E-1 6.51992E-1 6.99806E-1 6.9455E-1 6.64683E-1 6.41779E-1 6.32361E-1 6.81602E-1 7.75098E-1 8.13054E-1 7.92644E-1 7.80093E-1 7.64E-1 6.53445E-1 7.67851E-1 7.50289E-1 7.67034E-1 6.66311E-1 6.44298E-1 6.71341E-1 7.21014E-1 7.08274E-1 7.01779E-1 7.72318E-1 7.754E-1 8.23128E-1 7.2167E-1 7.14052E-1 7.26217E-1 7.26922E-1 6.58377E-1 6.53825E-1 6.75474E-1 6.19326E-1 6.30908E-1 5.85509E-1 5.53492E-1 6.27857E-1 6.16868E-1 6.04937E-1 6.05768E-1
2.55447E-1 2.76015E-1 2.73504E-1 2.66197E-1 2.72294E-1 2.35762E-1 2.35313E-1 2.5825E-1 2.81341E-1 3.08104E-1 2.56301E-1 2.84445E-1 3.23347E-1 3.28235E-1 2.60875E-1 2.16391E-1 1.92643E-1 1.80876E-1 1.96327E-1 1.9349E-1 1.91554E-1 2.08062E-1 2.8536E-1 2.91632E-1 3.49374E-1 6.39907E-1 7.14539E-1 7.19616E-1 6.90628E-1 7.02585E-1 6.99514E-1 7.78736E-1 7.59026E-1 8.01211E-1 7.85302E-1 7.60858E-1 7.58578E-1 7.65967E-1 7.8445E-1 7.79272E-1 7.52667E-1 6.64582E-1 6.56012E-1 6.87738E-1 7.33926E-1 7.65402E-1 8.17097E-1 7.94571E-1 8.00141E-1 7.50542E-1 7.27651E-1 6.7936E-1 6.69466E-1 6.47115E-1 6.54698E-1 6.76903E-1 6.61688E-1 6.69952E-1 6.21863E-1 5.65201E-1 5.34651E-1 6.35461E-1 5.37004E-1 5.94612E-1 6.08609E-1
