KUENM_DEFAULT/Final_Models/M_1_F_lqpth_Set_1_NE/sp1_2_se_asia.asc
ncols         320
nrows         243
xllcorner     44.0
yllcorner     -0.666666666666667
cellsize      0.166666666666667
NODATA_value  -9999
[rows 62 to 92 of 243, columns 140 to 209 of 320]
8.94598E-3 2.83684E-2 2.89614E-2 3.43422E-2 2.48057E-2 2.88309E-2 3.64944E-2 3.12606E-2 3.55004E-2 3.9639E-2 4.84789E-2 5.76627E-2 9.30313E-2 1.00332E-1 1.10319E-1 9.50076E-2 1.26545E-1 1.30011E-1 1.56803E-1 1.25261E-1 7.85513E-2 4.4497E-2 3.7126E-2 3.96485E-2 3.9697E-2 4.25146E-2 3.71793E-2 3.59718E-2 3.41774E-2 4.01101E-2 5.26202E-2 6.26333E-2 7.57229E-2 8.87378E-2 8.83168E-2 8.40494E-2 8.40125E-2 7.39217E-2 7.55208E-2 9.61757E-2 1.28751E-1 1.67582E-1 2.08613E-1 2.55761E-1 3.08071E-1 3.6709E-1 4.32136E-1 4.63143E-1 4.91451E-1 5.14865E-1 5.28342E-1 5.34448E-1 6.05894E-1 6.13388E-1 5.71281E-1 6.23085E-1 7.54605E-1 5.82271E-1 4.90557E-1 3.92455E-1 3.65278E-1 3.38753E-1 3.09408E-1 7.29634E-2 7.24584E-2 6.06407E-2 5.01449E-2 4.09641E-2 2.80812E-2 1.00628E-2
1.41597E-2 2.58712E-2 2.55843E-2 2.9451E-2 1.92729E-2 2.21623E-2 3.01199E-2 2.65645E-2 3.41149E-2 3.51951E-2 4.51747E-2 5.28536E-2 5.41722E-2 7.65304E-2 8.45451E-2 1.04994E-1 1.04197E-1 1.20587E-1 1.56734E-1 1.36249E-1 6.79698E-2 4.72456E-2 3.99093E-2 3.85444E-2 3.88655E-2 4.04662E-2 3.86812E-2 3.89709E-2 3.75374E-2 4.5235E-2 5.92173E-2 7.22844E-2 8.84153E-2 9.61044E-2 1.01819E-1 9.76557E-2 9.02177E-2 7.41714E-2 7.44699E-2 9.09729E-2 1.20209E-1 1.6188E-1 1.87876E-1 2.45148E-1 2.89749E-1 3.2669E-1 3.68291E-1 4.38736E-1 4.89022E-1 5.51721E-1 5.91931E-1 5.80647E-1 5.86717E-1 6.46301E-1 6.49503E-1 7.52128E-1 8.23308E-1 6.10831E-1 5.27343E-1 4.5798E-1 4.23936E-1 3.64424E-1 8.31056E-2 7.31729E-2 7.50809E-2 6.97035E-2 6.04391E-2 5.23385E-2 4.16889E-2 3.03785E-2
2.35262E-2 2.6536E-2 2.83441E-2 2.59489E-2 1.57219E-2 1.72036E-2 2.16151E-2 2.96474E-2 3.52873E-2 4.05964E-2 3.19671E-2 3.69556E-2 4.05115E-2 4.07808E-2 6.29935E-2 7.16651E-2 6.99876E-2 8.47083E-2 9.39549E-2 8.75938E-2 5.34768E-2 4.20455E-2 3.66224E-2 3.44179E-2 3.56698E-2 3.65924E-2 3.89296E-2 4.13547E-2 4.18204E-2 5.56895E-2 6.38697E-2 7.85583E-2 9.58366E-2 1.04229E-1 1.09085E-1 1.11339E-1 1.02794E-1 9.04554E-2 9.57522E-2 1.1183E-1 1.40869E-1 1.59903E-1 2.02816E-1 2.43076E-1 2.83684E-1 3.05055E-1 3.34597E-1 4.07214E-1 4.89077E-1 5.32224E-1 5.92241E-1 5.61273E-1 5.67478E-1 6.4628E-1 7.39356E-1 8.24937E-1 8.07443E-1 6.09562E-1 5.76327E-1 5.20844E-1 4.68906E-1 4.09145E-1 3.67376E-1 8.63727E-2 8.14525E-2 7.58671E-2 6.50751E-2 5.8999E-2 5.83888E-2 4.33706E-2
2.24916E-2 2.54708E-2 2.35474E-2 2.10489E-2 1.41549E-2 1.48207E-2 1.925E-2 3.16673E-2 2.57127E-2 4.0966E-2 2.71924E-2 4.02722E-2 3.69398E-2 4.15875E-2 3.54123E-2 3.49322E-2 4.71486E-2 5.0023E-2 5.48992E-2 4.42646E-2 3.77662E-2 3.53574E-2 3.26283E-2 3.58631E-2 3.80544E-2 3.53238E-2 3.93473E-2 4.34848E-2 4.51632E-2 5.83772E-2 6.57609E-2 7.67467E-2 9.20044E-2 1.05132E-1 1.08609E-1 1.16392E-1 1.19792E-1 1.2314E-1 1.25417E-1 1.4738E-1 1.64269E-1 1.9313E-1 2.19241E-1 2.49302E-1 2.86316E-1 3.14856E-1 3.59099E-1 4.2968E-1 4.71279E-1 5.09508E-1 5.3754E-1 5.71907E-1 6.19138E-1 6.68981E-1 7.09308E-1 8.3222E-1 8.35444E-1 7.45611E-1 6.29355E-1 5.54336E-1 4.78735E-1 4.46852E-1 4.02294E-1 3.69066E-1 3.62702E-1 3.30238E-1 7.55334E-2 7.26078E-2 7.12333E-2 5.98654E-2
2.70219E-2 2.69538E-2 2.40999E-2 1.40489E-2 1.36325E-2 1.548E-2 2.99905E-2 4.64796E-2 4.77335E-2 3.77173E-2 3.27031E-2 2.67939E-2 2.86128E-2 2.68296E-2 2.64264E-2 3.25926E-2 3.31707E-2 3.34595E-2 3.07473E-2 2.93303E-2 2.76775E-2 3.1829E-2 3.06945E-2 3.20693E-2 3.48651E-2 4.04497E-2 3.75706E-2 4.4203E-2 5.10824E-2 5.99048E-2 6.97513E-2 7.6784E-2 9.27561E-2 1.03384E-1 1.11233E-1 1.25603E-1 1.33618E-1 1.43087E-1 1.77217E-1 1.74344E-1 2.02334E-1 2.25268E-1 2.51335E-1 2.95623E-1 3.20368E-1 3.67351E-1 4.10663E-1 4.82625E-1 5.0241E-1 4.98118E-1 5.36645E-1 5.64987E-1 6.33794E-1 6.57431E-1 6.87429E-1 6.73396E-1 7.24519E-1 6.56342E-1 7.90774E-1 5.36884E-1 4.85458E-1 4.55334E-1 4.34205E-1 4.19046E-1 3.88155E-1 3.85071E-1 3.75464E-1 3.53387E-1 3.48309E-1 6.813E-2
2.80935E-2 2.49014E-2 1.49891E-2 1.40636E-2 1.53966E-2 2.92847E-2 1.11747E-1 1.58242E-1 1.13678E-1 4.51734E-2 2.97216E-2 2.30863E-2 2.17026E-2 2.15103E-2 1.95851E-2 1.82493E-2 2.46228E-2 2.20233E-2 2.21362E-2 2.10283E-2 2.45792E-2 2.50481E-2 3.12556E-2 3.52294E-2 3.40294E-2 4.00647E-2 3.99901E-2 4.70394E-2 4.85197E-2 6.5129E-2 7.06544E-2 7.88782E-2 9.31021E-2 1.04992E-1 1.17069E-1 1.42012E-1 1.4562E-1 1.85762E-1 2.17671E-1 2.26599E-1 2.4389E-1 2.60841E-1 2.9247E-1 3.37551E-1 3.8821E-1 4.59186E-1 5.03787E-1 5.02701E-1 5.25602E-1 5.27349E-1 5.44808E-1 5.93166E-1 6.49262E-1 6.81893E-1 6.93712E-1 6.6781E-1 6.25222E-1 6.36505E-1 7.5195E-1 5.87621E-1 5.18555E-1 4.8108E-1 4.56248E-1 4.39355E-1 4.17818E-1 4.22753E-1 4.10321E-1 4.10576E-1 3.76051E-1 7.83398E-2
2.72944E-2 1.7247E-2 1.6918E-2 1.71594E-2 2.41282E-2 1.02392E-1 1.85337E-1 2.26751E-1 1.574E-1 4.49993E-2 2.40179E-2 1.79386E-2 1.60289E-2 1.67416E-2 1.66794E-2 2.062E-2 1.81511E-2 1.9008E-2 1.94519E-2 2.16869E-2 2.3717E-2 2.84747E-2 2.95736E-2 3.40071E-2 3.57138E-2 4.1027E-2 4.18734E-2 4.74852E-2 4.99654E-2 6.68724E-2 7.19153E-2 8.13804E-2 8.73823E-2 1.07767E-1 1.34313E-1 1.50531E-1 1.48713E-1 1.95564E-1 2.46268E-1 2.59119E-1 2.76995E-1 2.9844E-1 3.5034E-1 4.19158E-1 5.04493E-1 5.18973E-1 5.36613E-1 5.50555E-1 5.74111E-1 5.72462E-1 5.59307E-1 5.91795E-1 6.53057E-1 6.55818E-1 6.80424E-1 6.80751E-1 5.63902E-1 7.42096E-1 7.783E-1 7.80135E-1 5.79246E-1 5.17167E-1 4.78743E-1 4.76812E-1 4.39977E-1 4.01344E-1 4.09673E-1 4.17963E-1 3.74022E-1 7.86935E-2
2.57282E-2 1.69732E-2 1.64404E-2 1.84998E-2 3.15671E-2 1.2182E-1 2.37028E-1 2.31139E-1 8.04175E-2 3.1645E-2 1.7766E-2 1.46201E-2 1.54816E-2 2.25217E-2 2.42957E-2 2.63253E-2 2.18994E-2 1.95378E-2 2.0989E-2 2.22931E-2 2.4791E-2 2.98554E-2 3.00826E-2 3.50664E-2 3.68566E-2 4.21437E-2 4.51189E-2 5.33179E-2 5.773E-2 7.23401E-2 7.85511E-2 8.28079E-2 9.35708E-2 1.14142E-1 1.34945E-1 1.53125E-1 1.58912E-1 1.90141E-1 2.41072E-1 2.78349E-1 3.12702E-1 3.73588E-1 4.53989E-1 5.23062E-1 5.66578E-1 5.77469E-1 5.83312E-1 5.96495E-1 6.02808E-1 6.00569E-1 6.02929E-1 6.29414E-1 6.52775E-1 6.28763E-1 6.56118E-1 7.21185E-1 6.16316E-1 7.29914E-1 7.85696E-1 7.39991E-1 5.93743E-1 5.75112E-1 5.1769E-1 4.97546E-1 4.66099E-1 4.12412E-1 4.16374E-1 3.8943E-1 3.47398E-1 7.49554E-2
1.63641E-2 1.63549E-2 1.63262E-2 1.73024E-2 2.50597E-2 4.34895E-2 7.24797E-2 5.00187E-2 2.41235E-2 1.48881E-2 1.34134E-2 1.41942E-2 1.90497E-2 2.36344E-2 3.23558E-2 3.37715E-2 2.67864E-2 2.37273E-2 2.30936E-2 2.5112E-2 2.82439E-2 3.33903E-2 3.22886E-2 3.81706E-2 3.83234E-2 4.60069E-2 4.83321E-2 5.97191E-2 6.47959E-2 6.84863E-2 8.45989E-2 9.15169E-2 9.63852E-2 1.16474E-1 1.44186E-1 2.02226E-1 2.31307E-1 2.29332E-1 2.57913E-1 3.03984E-1 3.46367E-1 4.39648E-1 5.13296E-1 5.72427E-1 6.01268E-1 6.31715E-1 6.37281E-1 6.35123E-1 6.41681E-1 6.36552E-1 6.66692E-1 6.69682E-1 6.92042E-1 7.04989E-1 7.00983E-1 7.2891E-1 7.29825E-1 7.68488E-1 7.84337E-1 7.75561E-1 7.45221E-1 6.08264E-1 5.33597E-1 5.19957E-1 4.85155E-1 4.34076E-1 4.08573E-1 3.98007E-1 3.74449E-1 3.5285E-1
1.13031E-2 1.76725E-2 1.61006E-2 1.5625E-2 1.65785E-2 1.85655E-2 1.9539E-2 1.49442E-2 1.16854E-2 1.08356E-2 1.22513E-2 1.92827E-2 2.34192E-2 2.87902E-2 2.68731E-2 2.96587E-2 2.4479E-2 2.21696E-2 2.13693E-2 2.23472E-2 2.63224E-2 3.17086E-2 3.89127E-2 3.90352E-2 4.43746E-2 4.68107E-2 5.68829E-2 6.08991E-2 6.61764E-2 7.60127E-2 9.23108E-2 9.47951E-2 1.06963E-1 1.23001E-1 1.37536E-1 1.84539E-1 2.41994E-1 3.03751E-1 3.48655E-1 3.52605E-1 4.22242E-1 5.07469E-1 5.30383E-1 5.73929E-1 6.06519E-1 6.36424E-1 6.46631E-1 6.32977E-1 6.35814E-1 6.41146E-1 6.68771E-1 6.94764E-1 7.74488E-1 8.44653E-1 8.5121E-1 8.40594E-1 7.56576E-1 7.43403E-1 7.65076E-1 7.72706E-1 6.16799E-1 5.78257E-1 5.53761E-1 5.52255E-1 4.93274E-1 4.6548E-1 4.43235E-1 4.3784E-1 4.23858E-1 4.24955E-1
1.64433E-2 1.74051E-2 1.66578E-2 1.50427E-2 1.54533E-2 1.44147E-2 1.31887E-2 1.39927E-2 1.97383E-2 1.94453E-2 2.02318E-2 2.55941E-2 3.05885E-2 2.35424E-2 2.70994E-2 2.74716E-2 2.60013E-2 2.35777E-2 2.48428E-2 2.67323E-2 2.58101E-2 3.14497E-2 3.15933E-2 3.66025E-2 4.12814E-2 4.13763E-2 5.57687E-2 6.941E-2 7.77101E-2 8.72735E-2 1.04521E-1 1.17018E-1 1.31049E-1 1.38686E-1 1.38615E-1 1.63998E-1 2.64709E-1 3.45765E-1 3.97778E-1 4.23273E-1 4.52395E-1 4.9991E-1 5.28565E-1 5.55355E-1 6.09379E-1 6.33069E-1 6.33307E-1 6.18284E-1 6.12052E-1 6.45061E-1 6.74041E-1 7.72141E-1 7.27666E-1 8.3106E-1 6.98145E-1 7.02086E-1 6.12881E-1 6.16398E-1 7.72529E-1 6.11054E-1 5.84633E-1 5.85244E-1 5.77929E-1 5.43255E-1 5.23563E-1 4.81949E-1 4.73979E-1 5.10369E-1 5.01036E-1 4.72475E-1
2.68306E-2 2.64873E-2 1.76325E-2 1.66107E-2 1.50763E-2 2.21604E-2 2.06857E-2 2.31495E-2 2.45976E-2 2.38966E-2 2.26908E-2 2.46333E-2 2.76769E-2 2.62596E-2 2.71306E-2 2.78631E-2 2.75173E-2 2.5787E-2 2.52404E-2 2.55846E-2 3.3391E-2 3.40915E-2 3.9539E-2 3.95529E-2 4.42146E-2 5.04608E-2 5.22294E-2 7.83223E-2 9.06515E-2 1.01288E-1 1.24068E-1 1.3078E-1 1.56137E-1 1.60119E-1 1.69451E-1 2.32943E-1 3.15155E-1 3.95139E-1 4.23011E-1 4.71653E-1 5.23817E-1 5.4084E-1 5.26303E-1 5.5375E-1 5.92489E-1 6.01064E-1 5.87938E-1 6.01013E-1 6.06661E-1 6.64183E-1 6.89332E-1 7.62798E-1 7.85361E-1 8.03031E-1 6.60586E-1 6.67115E-1 6.95974E-1 6.35658E-1 7.41577E-1 6.29242E-1 6.30577E-1 6.09466E-1 5.58348E-1 5.35408E-1 5.24622E-1 4.95319E-1 5.03533E-1 5.12099E-1 5.26576E-1 4.96646E-1
2.64123E-2 2.82602E-2 2.636E-2 2.37826E-2 2.61703E-2 2.53545E-2 2.78002E-2 3.38769E-2 3.10376E-2 3.13979E-2 2.73373E-2 2.73081E-2 2.82645E-2 2.90968E-2 3.13165E-2 3.2066E-2 2.97166E-2 2.90681E-2 2.89693E-2 3.13463E-2 3.76829E-2 4.44858E-2 4.72574E-2 5.25626E-2 5.21361E-2 5.19323E-2 5.85241E-2 8.75256E-2 1.02546E-1 1.23338E-1 1.47235E-1 1.81109E-1 1.96685E-1 1.99245E-1 2.23489E-1 2.68835E-1 3.41428E-1 4.00892E-1 4.37348E-1 5.00738E-1 4.74969E-1 4.86801E-1 4.91549E-1 5.7178E-1 5.91947E-1 6.2303E-1 6.21975E-1 6.45726E-1 6.44675E-1 6.67558E-1 7.06087E-1 7.79474E-1 8.27866E-1 6.70585E-1 5.51511E-1 6.68962E-1 7.02365E-1 6.37758E-1 6.28228E-1 6.25157E-1 6.34188E-1 6.29058E-1 5.95267E-1 5.52992E-1 5.30461E-1 5.03002E-1 4.90272E-1 5.00867E-1 4.95496E-1 4.86514E-1
2.909E-2 3.27702E-2 3.06211E-2 3.15527E-2 2.98106E-2 3.62044E-2 4.02181E-2 3.36468E-2 3.23859E-2 3.26283E-2 3.37936E-2 3.29521E-2 3.19939E-2 3.4275E-2 3.4934E-2 3.64923E-2 3.44878E-2 3.09754E-2 3.40003E-2 3.94992E-2 4.78381E-2 5.47027E-2 6.07209E-2 5.63788E-2 5.92352E-2 5.77951E-2 6.01024E-2 9.2706E-2 1.16015E-1 1.58567E-1 2.07909E-1 2.4274E-1 2.34372E-1 2.39045E-1 2.63775E-1 2.95167E-1 3.309E-1 3.86659E-1 4.61238E-1 5.06808E-1 4.78063E-1 4.90657E-1 4.93566E-1 5.6883E-1 5.82518E-1 6.25372E-1 6.38744E-1 6.4022E-1 6.58994E-1 6.90233E-1 7.60591E-1 8.25798E-1 8.02171E-1 6.71398E-1 5.52921E-1 6.63375E-1 6.93135E-1 6.22622E-1 6.06287E-1 6.16594E-1 6.3554E-1 6.22112E-1 6.04463E-1 5.89431E-1 5.59023E-1 5.05876E-1 4.87835E-1 4.90287E-1 4.8853E-1 5.79945E-1
3.50394E-2 3.42314E-2 3.41353E-2 3.84484E-2 3.21745E-2 3.36942E-2 3.64675E-2 3.78716E-2 3.9497E-2 3.71309E-2 3.4766E-2 3.09929E-2 3.50776E-2 3.48265E-2 3.71818E-2 3.69465E-2 4.51103E-2 4.64302E-2 3.66596E-2 4.65936E-2 7.86241E-2 8.30926E-2 9.49687E-2 8.62394E-2 6.27322E-2 6.36712E-2 6.45903E-2 7.62738E-2 1.4299E-1 2.09989E-1 2.64325E-1 2.77149E-1 2.73325E-1 2.59188E-1 2.77649E-1 3.16343E-1 3.64996E-1 4.07969E-1 4.69586E-1 4.71485E-1 4.85188E-1 4.92223E-1 4.89903E-1 5.72418E-1 5.86267E-1 6.18601E-1 6.36237E-1 6.52324E-1 6.79849E-1 7.08342E-1 8.09781E-1 8.26031E-1 8.03624E-1 8.01234E-1 6.84908E-1 6.94766E-1 7.10752E-1 6.28768E-1 6.12772E-1 5.90462E-1 5.89833E-1 5.79064E-1 5.74614E-1 5.74052E-1 5.6499E-1 5.18993E-1 4.95765E-1 4.96103E-1 5.81259E-1 5.79151E-1
4.08003E-2 4.27866E-2 4.3404E-2 3.27532E-2 3.50055E-2 4.11716E-2 4.33649E-2 4.23249E-2 4.10748E-2 3.58574E-2 3.4597E-2 3.33852E-2 3.9509E-2 3.9271E-2 5.12011E-2 5.31563E-2 4.86771E-2 4.72348E-2 3.92526E-2 6.23361E-2 9.39824E-2 1.18902E-1 1.16477E-1 9.29526E-2 8.90148E-2 8.17344E-2 6.86176E-2 1.09837E-1 1.35265E-1 1.96001E-1 2.56043E-1 2.8574E-1 2.68211E-1 2.7384E-1 3.05294E-1 3.66894E-1 3.31871E-1 3.85067E-1 4.35241E-1 3.92976E-1 4.07881E-1 3.54049E-1 3.57806E-1 4.85552E-1 5.07373E-1 5.38287E-1 6.48775E-1 5.77183E-1 6.90154E-1 6.64338E-1 7.86326E-1 7.49454E-1 8.29414E-1 8.37104E-1 8.05432E-1 6.92927E-1 7.03229E-1 8.17558E-1 6.15872E-1 5.87415E-1 5.71793E-1 5.64427E-1 5.54965E-1 5.62379E-1 5.68758E-1 5.38853E-1 5.02464E-1 4.8166E-1 5.69446E-1 5.58587E-1
4.3638E-2 4.44547E-2 3.71482E-2 4.34156E-2 4.46269E-2 4.95273E-2 4.9701E-2 4.95238E-2 4.69167E-2 4.60888E-2 5.98401E-2 5.47662E-2 5.438E-2 5.29257E-2 5.29565E-2 5.26236E-2 5.11978E-2 5.07893E-2 5.09785E-2 6.46544E-2 1.01137E-1 1.0412E-1 1.08514E-1 9.45132E-2 8.96549E-2 1.12259E-1 1.07993E-1 1.22331E-1 1.46625E-1 1.95752E-1 2.29588E-1 2.86172E-1 2.77761E-1 2.34659E-1 3.5792E-1 3.43757E-1 3.91498E-1 4.41211E-1 4.56121E-1 4.08386E-1 4.13674E-1 3.59048E-1 4.18354E-1 5.07012E-1 5.30821E-1 5.53442E-1 5.04799E-1 5.91153E-1 6.12377E-1 6.51308E-1 7.81139E-1 7.53546E-1 7.81243E-1 8.38684E-1 5.85556E-1 5.84115E-1 6.98162E-1 6.64768E-1 6.43868E-1 5.56465E-1 5.57488E-1 5.67641E-1 5.63094E-1 5.32993E-1 5.44368E-1 5.327E-1 4.83127E-1 4.91167E-1 4.81963E-1 5.51406E-1
5.44619E-2 5.59022E-2 4.62101E-2 5.30153E-2 5.34888E-2 5.40521E-2 6.75135E-2 6.77465E-2 6.47456E-2 6.30299E-2 6.225E-2 5.3062E-2 5.17764E-2 6.04695E-2 6.09446E-2 5.84411E-2 5.76828E-2 5.55651E-2 6.25079E-2 7.34092E-2 8.5119E-2 9.75384E-2 8.79446E-2 8.70619E-2 1.10532E-1 1.17153E-1 1.28325E-1 1.30226E-1 1.5702E-1 1.97733E-1 2.61433E-1 3.08374E-1 3.19846E-1 3.75509E-1 4.45804E-1 4.2717E-1 4.63952E-1 4.65441E-1 4.1219E-1 4.23252E-1 4.28907E-1 4.1908E-1 3.85148E-1 5.60584E-1 5.68261E-1 4.8964E-1 5.01361E-1 5.27003E-1 5.70543E-1 6.55056E-1 7.56722E-1 6.1036E-1 6.28907E-1 6.19915E-1 5.82925E-1 6.91103E-1 6.80042E-1 6.23878E-1 5.49316E-1 5.52504E-1 5.5506E-1 5.24269E-1 5.38978E-1 5.22608E-1 5.06949E-1 4.94091E-1 4.81228E-1 4.59473E-1 5.11245E-1 4.97364E-1
5.16953E-2 5.96951E-2 6.17441E-2 6.59565E-2 6.94306E-2 7.1172E-2 6.96891E-2 7.02E-2 7.17937E-2 6.99903E-2 6.94719E-2 6.89765E-2 6.71468E-2 6.48727E-2 6.45601E-2 6.45996E-2 6.60678E-2 6.51602E-2 6.80055E-2 7.4186E-2 8.89523E-2 9.13953E-2 8.79142E-2 1.066E-1 1.23567E-1 1.33256E-1 1.44677E-1 1.51742E-1 1.66758E-1 2.01505E-1 1.90649E-1 3.13646E-1 4.30801E-1 4.49813E-1 5.78213E-1 4.97355E-1 4.95098E-1 4.91692E-1 4.27196E-1 4.25754E-1 4.27891E-1 3.79124E-1 4.2987E-1 5.45424E-1 5.00101E-1 4.03751E-1 4.42169E-1 4.78567E-1 5.66571E-1 6.85166E-1 7.60405E-1 6.03264E-1 6.04573E-1 6.00065E-1 6.8255E-1 6.92206E-1 6.35045E-1 5.82288E-1 5.64326E-1 6.21231E-1 6.45207E-1 6.31017E-1 6.32268E-1 4.99395E-1 4.84432E-1 4.69198E-1 4.74449E-1 4.58024E-1 4.94032E-1 5.16306E-1
5.14396E-2 5.69857E-2 6.96403E-2 6.46465E-2 7.31448E-2 6.82756E-2 7.09068E-2 7.26235E-2 7.67713E-2 6.41272E-2 6.68635E-2 6.66587E-2 6.60011E-2 6.1943E-2 7.45785E-2 7.46707E-2 7.0675E-2 7.1921E-2 7.94858E-2 8.55129E-2 9.22882E-2 1.0643E-1 1.35921E-1 1.43328E-1 1.65093E-1 1.6876E-1 1.73925E-1 1.72556E-1 1.89037E-1 1.52152E-1 2.51455E-1 3.4533E-1 4.65768E-1 4.95766E-1 5.32226E-1 5.28039E-1 5.30774E-1 5.227E-1 5.04293E-1 4.26284E-1 4.42313E-1 4.59415E-1 3.96318E-1 4.47874E-1 4.2184E-1 3.98924E-1 4.64112E-1 5.59213E-1 5.92782E-1 7.98553E-1 6.42124E-1 5.53273E-1 5.95629E-1 5.80498E-1 6.57472E-1 6.77633E-1 6.39562E-1 5.96358E-1 6.35227E-1 6.57984E-1 6.14193E-1 6.20934E-1 5.86845E-1 4.63136E-1 4.52471E-1 4.54902E-1 4.31998E-1 4.43165E-1 4.68722E-1 4.9372E-1
5.53466E-2 5.9022E-2 6.29223E-2 7.3943E-2 7.50045E-2 7.4367E-2 7.16108E-2 7.71012E-2 8.10558E-2 8.81123E-2 7.42614E-2 7.4809E-2 8.92072E-2 8.13638E-2 8.27759E-2 8.05909E-2 8.41191E-2 8.27937E-2 9.12436E-2 9.79648E-2 1.10839E-1 1.30603E-1 1.75065E-1 2.04496E-1 2.19505E-1 2.32851E-1 2.22085E-1 1.53963E-1 1.54826E-1 1.60116E-1 2.14861E-1 3.15966E-1 4.63636E-1 5.28624E-1 5.52563E-1 5.66118E-1 5.60488E-1 5.49361E-1 5.27696E-1 5.22165E-1 4.73188E-1 4.92777E-1 4.74666E-1 4.37045E-1 4.43782E-1 4.83167E-1 5.62737E-1 6.69817E-1 7.11549E-1 8.04915E-1 6.41523E-1 6.19542E-1 5.94491E-1 5.49622E-1 5.54312E-1 6.46025E-1 6.20322E-1 6.49865E-1 6.44418E-1 5.9824E-1 6.28698E-1 5.59065E-1 4.32013E-1 4.25863E-1 4.0979E-1 3.95571E-1 1.01669E-1 4.17516E-1 4.64704E-1 4.85076E-1
6.19636E-2 6.93055E-2 6.84987E-2 7.30658E-2 7.5132E-2 8.08123E-2 7.99808E-2 8.49425E-2 7.6883E-2 9.9206E-2 8.59884E-2 8.6401E-2 9.74158E-2 9.48786E-2 9.19221E-2 9.26593E-2 9.65643E-2 9.77928E-2 1.06275E-1 1.10642E-1 1.23218E-1 1.50805E-1 2.1392E-1 2.85767E-1 2.80196E-1 2.27501E-1 2.14014E-1 1.85946E-1 1.66169E-1 1.82998E-1 2.65757E-1 3.7996E-1 5.02369E-1 5.39964E-1 5.76464E-1 5.98423E-1 5.88198E-1 5.68E-1 5.49566E-1 5.35943E-1 4.48409E-1 4.47325E-1 4.53546E-1 4.36718E-1 5.15164E-1 5.40776E-1 5.76579E-1 7.51182E-1 7.63385E-1 7.72781E-1 6.47758E-1 6.25864E-1 5.46036E-1 5.02196E-1 6.0148E-1 6.42823E-1 6.53653E-1 6.2016E-1 5.9575E-1 6.0884E-1 5.87026E-1 4.41237E-1 4.32368E-1 4.14328E-1 4.31191E-1 1.01509E-1 9.46271E-2 4.2711E-1 4.5256E-1 4.45536E-1
7.18768E-2 7.62682E-2 7.41832E-2 8.25103E-2 8.56978E-2 8.27341E-2 8.94736E-2 9.02168E-2 1.02214E-1 9.91003E-2 1.07469E-1 1.07648E-1 1.12117E-1 1.04195E-1 9.72149E-2 1.02306E-1 1.09315E-1 1.1345E-1 1.2432E-1 1.27179E-1 1.44658E-1 1.63906E-1 2.42866E-1 3.55566E-1 3.53022E-1 2.95112E-1 2.49057E-1 2.15552E-1 2.10161E-1 2.65075E-1 3.85652E-1 4.76185E-1 5.2861E-1 5.62754E-1 6.00529E-1 5.61429E-1 6.25127E-1 6.01286E-1 5.74921E-1 4.52722E-1 4.2568E-1 4.56437E-1 5.39216E-1 4.99277E-1 5.55812E-1 5.82421E-1 5.85323E-1 7.50441E-1 6.10442E-1 6.23332E-1 6.30278E-1 6.32487E-1 5.69775E-1 5.5964E-1 6.75474E-1 5.90044E-1 6.05496E-1 5.85509E-1 5.53492E-1 6.04056E-1 5.33118E-1 4.36971E-1 4.23656E-1 4.40873E-1 4.35665E-1 4.30642E-1 4.24639E-1 4.55725E-1 4.56473E-1 4.24332E-1
8.64481E-2 9.54366E-2 1.00632E-1 9.77008E-2 8.85212E-2 9.29698E-2 9.54099E-2 1.01862E-1 1.19613E-1 1.25441E-1 1.52404E-1 1.4192E-1 1.47891E-1 1.18227E-1 1.13654E-1 1.17136E-1 1.30803E-1 1.42968E-1 1.47194E-1 1.53713E-1 1.65731E-1 1.72316E-1 2.22591E-1 3.22884E-1 3.89874E-1 3.94725E-1 3.74326E-1 3.38932E-1 2.84588E-1 4.1696E-1 4.97568E-1 5.12939E-1 5.4504E-1 5.812E-1 6.1275E-1 5.77541E-1 6.4649E-1 6.41174E-1 6.01946E-1 4.46045E-1 4.38864E-1 4.74909E-1 5.7299E-1 6.17148E-1 7.66817E-1 7.24506E-1 7.3763E-1 5.49234E-1 5.71848E-1 5.86834E-1 5.97004E-1 5.70854E-1 6.25088E-1 6.00599E-1 6.61688E-1 6.69952E-1 6.21863E-1 5.65201E-1 5.34651E-1 5.81665E-1 5.37004E-1 4.15082E-1 4.2404E-1 4.49374E-1 4.52977E-1 4.31107E-1 4.36036E-1 4.52649E-1 4.48566E-1 4.40439E-1
7.20107E-2 7.46372E-2 7.78111E-2 1.06134E-1 1.14691E-1 1.14521E-1 1.20061E-1 1.20463E-1 1.36784E-1 1.48944E-1 1.63288E-1 1.89118E-1 1.6151E-1 1.2251E-1 1.18104E-1 1.3422E-1 1.56752E-1 1.75706E-1 1.94927E-1 1.93732E-1 1.94642E-1 2.0687E-1 1.66996E-1 3.01093E-1 3.66724E-1 3.88057E-1 4.03607E-1 3.46034E-1 3.12036E-1 4.22868E-1 4.54529E-1 4.84482E-1 5.58664E-1 6.0248E-1 6.37409E-1 6.53726E-1 6.68623E-1 7.3361E-1 6.54644E-1 4.78012E-1 4.7256E-1 5.69864E-1 6.18471E-1 7.62395E-1 5.99046E-1 5.81722E-1 5.84769E-1 5.05201E-1 5.40059E-1 5.77528E-1 6.03504E-1 6.05574E-1 6.1768E-1 6.25896E-1 6.50123E-1 6.14246E-1 6.21103E-1 5.72925E-1 5.26513E-1 5.7152E-1 5.37279E-1 4.19837E-1 4.13417E-1 4.30442E-1 4.49205E-1 4.24681E-1 4.07376E-1 4.23508E-1 4.68754E-1 4.73563E-1
7.42526E-2 8.06901E-2 8.56975E-2 8.89391E-2 8.7468E-2 9.26042E-2 1.35279E-1 1.47029E-1 1.6656E-1 1.62886E-1 1.77878E-1 1.86765E-1 1.69917E-1 1.46998E-1 1.40089E-1 1.60535E-1 2.00218E-1 2.45348E-1 2.54289E-1 2.54403E-1 2.59634E-1 2.64173E-1 2.22699E-1 2.67356E-1 4.0476E-1 4.41464E-1 4.02008E-1 4.20733E-1 4.57238E-1 4.32021E-1 4.6532E-1 4.95728E-1 5.85141E-1 6.36727E-1 6.70011E-1 6.19246E-1 7.78068E-1 6.88815E-1 5.53077E-1 6.91411E-1 5.93501E-1 6.3088E-1 6.58033E-1 5.93869E-1 5.77746E-1 5.56708E-1 5.47377E-1 5.10275E-1 5.00385E-1 5.71539E-1 6.01728E-1 5.86435E-1 5.84933E-1 5.92343E-1 6.06254E-1 5.99041E-1 5.71711E-1 5.67266E-1 5.23185E-1 5.87643E-1 5.28318E-1 5.01611E-1 3.98881E-1 4.00603E-1 4.11204E-1 4.02305E-1 4.14922E-1 4.35918E-1 4.59114E-1 4.47512E-1
8.28108E-2 8.62416E-2 9.28472E-2 9.54155E-2 9.89552E-2 1.05462E-1 1.14669E-1 1.64019E-1 1.80656E-1 1.87632E-1 2.07031E-1 2.12966E-1 1.91661E-1 1.71399E-1 1.90342E-1 2.0746E-1 2.52675E-1 3.12309E-1 3.18106E-1 3.18863E-1 3.23953E-1 3.41571E-1 3.04439E-1 3.43354E-1 3.77427E-1 4.15454E-1 4.83154E-1 5.22566E-1 5.57255E-1 4.69238E-1 4.91408E-1 5.2355E-1 6.40959E-1 7.44098E-1 7.80529E-1 7.24834E-1 5.01314E-1 2.78453E-1 5.65595E-1 7.10224E-1 7.29913E-1 5.05143E-1 4.94518E-1 5.01648E-1 5.59066E-1 5.26522E-1 4.46745E-1 4.57153E-1 4.37705E-1 4.60195E-1 5.15007E-1 5.71375E-1 5.69712E-1 5.53898E-1 4.76642E-1 5.71168E-1 5.54126E-1 5.48003E-1 5.15168E-1 5.3912E-1 5.23546E-1 4.93761E-1 3.72169E-1 3.62617E-1 3.79339E-1 3.96794E-1 3.99798E-1 4.05744E-1 4.03165E-1 3.93716E-1
8.52224E-2 9.24251E-2 9.87671E-2 1.06233E-1 1.12232E-1 1.17458E-1 1.27069E-1 1.79324E-1 1.89936E-1 1.99385E-1 2.09938E-1 2.11454E-1 2.1642E-1 2.24302E-1 2.25046E-1 2.5064E-1 2.98305E-1 3.50445E-1 3.76155E-1 3.87839E-1 4.13947E-1 4.33146E-1 4.01566E-1 4.32633E-1 4.67808E-1 5.16321E-1 5.42128E-1 5.85319E-1 5.90733E-1 4.48932E-1 4.84735E-1 5.74367E-1 7.52654E-1 5.78257E-1 5.18356E-1 5.05621E-1 2.80373E-1 3.30466E-1 6.30941E-1 5.88801E-1 7.37593E-1 5.02496E-1 4.85434E-1 4.72385E-1 4.91324E-1 4.7954E-1 4.27219E-1 4.82277E-1 4.65544E-1 4.65693E-1 4.68388E-1 5.13108E-1 4.94519E-1 4.62077E-1 5.46299E-1 5.42452E-1 5.28184E-1 5.22869E-1 4.8964E-1 4.56819E-1 4.68998E-1 4.72561E-1 3.75543E-1 3.43941E-1 3.57322E-1 9.11224E-2 9.14366E-2 9.40077E-2 9.41333E-2 9.38447E-2
8.52905E-2 9.35437E-2 8.51862E-2 1.15807E-1 1.22465E-1 1.30361E-1 1.38367E-1 2.00555E-1 2.1308E-1 1.8924E-1 2.02136E-1 2.178E-1 2.32894E-1 2.61035E-1 2.64994E-1 2.99865E-1 3.36645E-1 3.82728E-1 4.26391E-1 4.55965E-1 4.89451E-1 5.27283E-1 4.99354E-1 5.38685E-1 5.54313E-1 5.70183E-1 5.84572E-1 6.24851E-1 5.88432E-1 5.07602E-1 6.70776E-1 6.40009E-1 4.1627E-1 3.90793E-1 4.05003E-1 3.84812E-1 2.38008E-1 2.87637E-1 4.92574E-1 7.18814E-1 7.32893E-1 4.96082E-1 4.67034E-1 4.43627E-1 3.97572E-1 4.31934E-1 4.445E-1 4.48365E-1 4.49474E-1 4.58784E-1 4.55657E-1 4.46318E-1 4.38365E-1 4.3967E-1 5.14708E-1 5.16174E-1 5.00686E-1 5.19704E-1 4.61387E-1 1.1039E-1 1.10456E-1 4.49071E-1 3.67231E-1 3.6669E-1 9.05024E-2 8.37374E-2 7.88805E-2 7.65181E-2 8.05477E-2 8.60648E-2
8.35277E-2 9.28972E-2 1.06604E-1 9.97439E-2 1.0935E-1 1.36915E-1 1.49272E-1 1.59658E-1 2.25574E-1 1.44386E-1 1.97527E-1 2.34261E-1 2.72197E-1 2.80612E-1 3.00701E-1 3.32001E-1 3.82673E-1 4.28499E-1 4.76889E-1 5.11793E-1 5.63005E-1 5.94853E-1 5.59149E-1 5.78488E-1 5.95353E-1 6.11127E-1 6.24591E-1 6.34914E-1 6.85696E-1 6.5663E-1 6.93849E-1 6.99464E-1 4.29531E-2 4.38992E-1 3.58103E-1 3.64949E-1 3.52998E-1 2.67856E-1 4.6581E-1 5.19971E-1 5.34269E-1 4.39021E-1 4.2046E-1 3.97297E-1 3.8346E-1 4.23941E-1 4.0985E-1 4.00715E-1 4.17088E-1 4.51069E-1 4.47342E-1 4.25946E-1 4.00615E-1 3.82397E-1 4.91766E-1 4.87706E-1 4.79614E-1 4.39551E-1 1.29954E-1 1.08273E-1 1.09146E-1 3.57812E-1 3.77723E-1 3.83164E-1 8.90324E-2 7.78851E-2 7.3618E-2 6.5061E-2 6.81391E-2 7.59971E-2
8.12542E-2 7.7142E-2 1.10475E-1 1.04052E-1 1.17228E-1 1.28675E-1 1.63973E-1 1.78068E-1 1.95605E-1 1.73602E-1 2.31593E-1 2.55682E-1 2.85553E-1 3.12112E-1 2.9882E-1 3.16986E-1 4.0414E-1 4.56934E-1 5.06675E-1 5.7399E-1 5.6524E-1 6.33345E-1 5.90349E-1 6.04476E-1 6.26812E-1 6.47285E-1 6.64088E-1 6.75286E-1 6.92725E-1 7.54576E-1 7.31893E-1 4.73206E-1 3.94264E-1 2.56637E-1 3.823E-1 3.59427E-1 3.68004E-1 3.50328E-1 5.05883E-1 5.14647E-1 4.95656E-1 4.24404E-1 3.88405E-1 3.55076E-1 3.97244E-1 3.96455E-1 4.11718E-1 4.27958E-1 4.56004E-1 4.69769E-1 4.09192E-1 4.14956E-1 3.75022E-1 4.59639E-1 4.66493E-1 5.0267E-1 4.58209E-1 4.08976E-1 4.59245E-1 1.1359E-1 3.53495E-1 3.71285E-1 3.81977E-1 3.80704E-1 9.45627E-2 8.0193E-2 6.29386E-2 6.08458E-2 6.22917E-2 6.88184E-2
