KUENM_DEFAULT/Final_Models/M_1_F_lqpth_Set_1_NE/sp1_5.asc
ncols         197
nrows         210
xllcorner     56.1666666666667
yllcorner     4.5
cellsize      0.166666666666667
NODATA_value  -9999
[rows 29 to 57 of 210, columns 65 to 129 of 197]
1.48373E-3 1.58424E-3 1.77186E-3 1.90401E-3 2.16282E-3 1.88709E-3 3.25181E-3 4.35152E-3 2.57833E-3 2.45768E-3 3.39866E-3 1.30752E-2 4.25321E-2 3.73407E-2 2.58382E-2 4.20768E-2 6.41375E-2 7.57245E-2 1.52211E-1 1.64377E-1 1.04508E-1 1.17005E-1 1.33322E-1 2.56619E-1 7.34409E-2 3.43408E-1 2.28552E-1 1.42906E-1 1.92742E-1 2.45629E-1 2.36285E-1 1.17809E-2 1.35541E-2 9.36677E-3 1.10659E-2 2.46928E-3 4.12372E-3 2.55908E-3 1.81285E-3 6.33951E-4 4.78349E-3 8.84725E-3 7.10852E-3 1.34252E-2 9.35805E-3 3.30806E-3 2.86344E-3 2.79688E-3 5.13901E-3 8.16581E-4 1.98132E-4 1.91493E-4 6.41375E-5 8.28987E-5 1.57446E-4 2.68453E-5 2.31191E-5 1.31669E-5 8.18399E-7 5.63067E-7 6.44433E-7 9.62576E-7 4.29292E-6 1.10493E-5 1.06111E-6
1.24667E-3 1.00716E-3 1.19764E-3 1.25536E-3 4.64999E-4 1.35085E-3 1.9276E-3 4.17823E-3 5.26125E-3 7.79646E-3 8.38026E-3 1.12184E-2 3.51747E-2 3.03147E-2 2.03378E-2 4.79105E-2 4.86493E-2 7.19415E-2 9.13304E-2 1.01813E-1 4.00764E-2 4.975E-2 1.33138E-1 1.3857E-1 1.60537E-1 1.92295E-1 2.3497E-1 2.56333E-1 3.80238E-1 4.21737E-1 3.98228E-1 2.52417E-1 1.86135E-1 2.25047E-2 1.49214E-2 7.36165E-3 7.56791E-3 7.95534E-3 6.34532E-3 2.56954E-3 2.27961E-3 6.83049E-4 1.0801E-2 3.03332E-2 2.05705E-2 2.17764E-2 5.64103E-3 1.92271E-3 1.44036E-3 8.18692E-4 3.12668E-4 3.93E-4 4.2212E-4 2.78627E-4 8.22881E-5 4.24556E-5 1.84574E-5 1.68095E-5 1.67705E-5 1.58445E-6 7.50265E-7 4.36816E-7 7.77981E-7 9.62E-7 4.96529E-6
1.16654E-3 1.37477E-3 1.30755E-3 2.05928E-3 2.31475E-3 1.66584E-3 2.04619E-3 2.75221E-3 3.55922E-3 7.89583E-3 6.75205E-3 9.90856E-3 2.04533E-2 2.43886E-2 6.33304E-3 6.23638E-3 2.35418E-2 3.94036E-2 1.8138E-1 1.11016E-1 1.0694E-1 1.09645E-1 1.15345E-1 1.47981E-1 1.60594E-1 1.77717E-1 2.29222E-1 3.27751E-1 4.16213E-1 5.27351E-1 6.96296E-1 4.84532E-1 3.83612E-1 2.55284E-1 1.62659E-2 2.1533E-2 1.17933E-2 4.61266E-3 3.56314E-3 5.83275E-3 1.71813E-3 7.3465E-4 4.67899E-4 1.51384E-2 3.51446E-2 4.06313E-2 2.06648E-2 9.19344E-4 2.73609E-3 2.06927E-3 8.98112E-4 3.28134E-4 4.56476E-5 3.41875E-4 3.08948E-5 8.58208E-6 4.80681E-6 4.5903E-6 6.3383E-6 8.87495E-6 8.5289E-6 1.14248E-5 2.5329E-6 1.41907E-6 1.52344E-6
1.60869E-3 1.67936E-3 1.29882E-3 1.26823E-3 2.30245E-3 1.74946E-3 2.18071E-3 2.68671E-3 3.98072E-3 6.23261E-3 9.61529E-3 1.37967E-2 1.96206E-2 1.95916E-2 3.44672E-3 5.78833E-3 5.24655E-3 2.62488E-3 5.67847E-3 2.05014E-2 4.31761E-2 8.18924E-2 1.20193E-1 2.26308E-1 1.43579E-1 1.47278E-1 2.24174E-1 2.83165E-1 3.80383E-1 5.02818E-1 5.58908E-1 6.87809E-1 5.00243E-1 4.75163E-1 3.27998E-1 3.3339E-1 1.49427E-2 5.45832E-3 2.13117E-3 5.15635E-2 2.3265E-2 1.40635E-2 1.3815E-2 7.21452E-4 1.34944E-3 3.20346E-2 4.10165E-2 2.19361E-2 4.16036E-3 2.44452E-3 1.65433E-3 7.49134E-4 1.66769E-4 3.55229E-4 1.05136E-5 6.24106E-6 2.57657E-6 1.36479E-6 8.13911E-7 2.85106E-6 1.53248E-6 6.81453E-6 5.80274E-6 2.29105E-5 4.23936E-6
2.07664E-3 1.72864E-3 2.14226E-3 2.02349E-3 2.21208E-3 2.90245E-3 3.37713E-3 4.11161E-3 3.68193E-3 5.27341E-3 8.16958E-3 1.34737E-2 2.67163E-2 9.98692E-3 4.61956E-3 9.47286E-3 1.68378E-2 2.71224E-2 3.2732E-2 1.15726E-2 6.51431E-3 9.80739E-3 2.50825E-2 5.84784E-2 2.14268E-1 1.41449E-1 2.11782E-1 2.63769E-1 3.26193E-1 3.47792E-1 5.65601E-1 4.99251E-1 7.06214E-1 4.64722E-1 3.50858E-1 3.09287E-1 1.40963E-2 8.08477E-3 3.62679E-3 1.05889E-1 4.95871E-2 1.67145E-2 1.47117E-2 7.66548E-4 2.29013E-3 9.98629E-4 2.37353E-2 3.92995E-2 2.39414E-2 1.03569E-3 1.96243E-3 4.6502E-3 4.8375E-4 1.6677E-4 3.89562E-5 8.41742E-6 4.22853E-6 2.95901E-6 3.37117E-6 4.84833E-6 9.27533E-6 1.15332E-5 2.38425E-6 2.35632E-6 1.86615E-5
1.51964E-3 1.75474E-3 1.35952E-3 1.33503E-3 2.44368E-3 2.905E-3 3.43227E-3 3.44603E-3 4.81809E-3 5.59778E-3 5.60447E-3 8.53847E-3 9.80258E-3 8.01601E-3 9.91167E-3 1.35778E-2 6.66392E-2 4.07103E-2 6.93667E-2 9.21814E-2 6.14122E-2 3.00408E-2 3.58549E-2 4.11922E-2 8.45079E-2 2.43019E-1 1.5935E-1 2.19619E-1 1.93182E-1 2.80484E-1 4.044E-1 4.41905E-1 5.00866E-1 4.52323E-1 3.95804E-1 2.66017E-1 2.42755E-2 3.04908E-2 1.34702E-2 1.18206E-1 4.71315E-2 8.19616E-2 8.01932E-2 2.59701E-2 3.70787E-4 2.88705E-4 1.1724E-3 2.52504E-2 3.93834E-2 2.72045E-2 4.23027E-3 2.80932E-3 5.19496E-3 9.27338E-4 5.9709E-5 1.23949E-5 1.75212E-5 8.42623E-6 7.71657E-6 2.01418E-5 1.76685E-6 4.00908E-6 2.02424E-6 1.44995E-6 6.08081E-6
2.03674E-3 1.69189E-3 2.25026E-3 1.3233E-3 2.82667E-3 3.19379E-3 4.37645E-3 3.84961E-3 3.1118E-3 6.42647E-3 6.62383E-3 1.25437E-2 1.76458E-2 1.50932E-2 8.46452E-3 1.84127E-2 3.50693E-2 1.02183E-1 2.23689E-1 1.27319E-1 2.14644E-1 7.06852E-2 9.18097E-2 1.02265E-1 1.83136E-1 2.05039E-1 2.57897E-1 2.46452E-1 2.69849E-1 3.91884E-1 4.1224E-1 4.07914E-1 6.10193E-1 4.11624E-1 3.91121E-1 3.35985E-1 5.25125E-2 4.76839E-2 3.41077E-2 3.65136E-2 1.88111E-1 1.6813E-1 1.10698E-1 4.75168E-2 1.08462E-3 2.07496E-3 3.72514E-4 1.02392E-3 1.67662E-3 1.95611E-3 6.17145E-4 2.97722E-3 5.0221E-3 2.30126E-3 4.07473E-4 1.48133E-4 2.17119E-5 1.48703E-5 3.4961E-5 5.93848E-5 1.05688E-5 3.41335E-6 4.87195E-6 2.35117E-6 3.20786E-6
1.82872E-3 2.66558E-3 2.914E-3 1.63631E-3 2.73959E-3 1.97138E-3 5.27884E-3 2.35006E-3 3.17378E-3 3.73827E-3 8.44295E-3 2.03557E-2 1.70083E-2 6.52501E-3 1.31972E-2 1.78434E-2 5.96376E-2 1.13463E-1 1.27757E-1 1.25826E-1 1.23393E-1 1.29484E-1 1.47869E-1 1.77991E-1 2.09219E-1 2.53478E-1 3.17483E-1 3.37748E-1 3.65548E-1 4.17214E-1 4.23467E-1 4.24325E-1 4.57331E-1 4.23382E-1 4.06705E-1 4.23428E-1 3.77441E-1 3.54298E-1 3.33296E-1 5.60546E-2 4.43195E-2 2.97595E-2 1.27147E-1 8.80114E-2 4.64682E-2 8.49709E-4 1.29738E-3 6.42116E-4 5.5162E-4 1.1489E-3 4.19577E-4 1.05544E-3 1.71638E-3 6.72201E-3 1.61007E-3 1.33775E-3 6.08434E-4 2.23325E-5 1.79528E-5 9.78905E-5 7.38728E-6 1.1819E-5 6.91268E-6 5.97013E-6 4.41271E-6
1.66053E-3 2.53548E-3 2.06736E-3 3.56736E-3 3.86937E-3 1.47678E-3 1.59842E-3 2.14946E-3 2.84638E-3 3.89389E-3 8.94809E-3 2.00981E-2 8.36044E-3 5.92245E-3 1.31935E-2 3.25926E-2 7.78724E-2 1.04022E-1 1.09374E-1 1.27378E-1 1.39748E-1 1.54894E-1 1.58575E-1 1.97398E-1 2.27462E-1 2.51546E-1 2.80319E-1 3.17365E-1 3.76438E-1 3.76084E-1 4.18218E-1 4.32245E-1 4.47264E-1 5.02289E-1 5.09461E-1 4.48241E-1 4.0662E-1 4.05569E-1 4.13094E-1 6.78908E-2 6.51747E-2 3.3896E-2 1.9133E-1 1.82648E-1 1.42352E-1 6.70154E-2 6.38463E-3 3.03292E-3 3.95897E-3 3.59222E-3 1.12497E-3 8.322E-4 1.81283E-3 5.38498E-3 3.94169E-3 3.73111E-3 5.04488E-4 2.59961E-4 3.17719E-5 4.20858E-5 5.17997E-5 3.32495E-5 3.0996E-5 1.81085E-5 1.307E-5
3.29777E-3 3.67992E-3 1.47764E-3 2.65493E-3 1.26015E-3 1.33467E-3 1.65907E-3 2.06556E-3 2.90365E-3 1.15578E-2 1.69603E-2 1.31646E-2 7.49564E-3 8.18592E-3 1.19507E-2 2.06371E-2 4.02663E-2 8.92719E-2 1.21444E-1 1.47374E-1 1.67287E-1 1.91261E-1 2.10843E-1 2.44975E-1 2.49697E-1 2.01801E-1 2.11313E-1 3.04066E-1 4.19158E-1 4.25268E-1 4.38137E-1 4.23885E-1 4.47088E-1 4.67261E-1 5.01492E-1 4.48014E-1 4.37172E-1 4.34341E-1 4.42269E-1 4.5721E-1 7.66943E-2 6.34609E-2 3.62993E-2 3.37056E-2 2.88345E-2 2.07797E-2 1.6706E-2 8.84002E-3 4.89796E-3 2.89979E-3 3.00316E-3 2.74839E-3 2.25066E-3 1.58803E-3 3.915E-3 2.82346E-3 4.12429E-3 6.9812E-4 2.59362E-4 9.70962E-5 5.02334E-5 6.37501E-5 3.51949E-5 4.19659E-5 2.24139E-5
2.58217E-3 1.91496E-3 1.67114E-3 1.48702E-3 1.37508E-3 1.41489E-3 1.69112E-3 2.18051E-3 4.96459E-3 7.26237E-3 1.52667E-2 7.49165E-3 8.75133E-3 1.29355E-2 2.50374E-2 4.23094E-2 7.03204E-2 8.91693E-2 1.3158E-1 1.61603E-1 2.00361E-1 2.65668E-1 2.95382E-1 2.7569E-1 2.46377E-1 3.42973E-1 4.46701E-1 4.13194E-1 4.10102E-1 4.13954E-1 4.02035E-1 3.90094E-1 3.97922E-1 4.04787E-1 4.01181E-1 4.47399E-1 6.61485E-1 4.93611E-1 5.02301E-1 5.05057E-1 4.77567E-1 8.06555E-2 6.40003E-2 4.71729E-2 3.7503E-2 2.66976E-2 2.12726E-2 1.35136E-2 9.02597E-3 4.67558E-3 1.79293E-3 6.15689E-4 7.57766E-4 7.34773E-4 8.27702E-4 6.14467E-4 3.87909E-3 1.57827E-3 4.62252E-4 3.89449E-4 1.55509E-4 1.24599E-4 1.43153E-4 2.0737E-4 5.52099E-5
4.92559E-3 2.75503E-3 2.10493E-3 1.90306E-3 1.72297E-3 1.65834E-3 1.98735E-3 2.37112E-3 5.74354E-3 7.44585E-3 9.58505E-3 1.02696E-2 9.67367E-3 1.80033E-2 1.52069E-2 1.99172E-2 1.84519E-2 4.86645E-2 9.94341E-2 1.41246E-1 2.05725E-1 2.89753E-1 3.12557E-1 3.39464E-1 3.31367E-1 4.18402E-1 5.47007E-1 4.68974E-1 3.63479E-1 3.96856E-1 3.71759E-1 3.25274E-1 3.13364E-1 2.88103E-1 2.96491E-1 3.2462E-1 3.86041E-1 6.98975E-1 5.45852E-1 5.4872E-1 5.07365E-1 4.82847E-1 4.45726E-1 6.78195E-2 5.48568E-2 4.14125E-2 2.96876E-2 1.96489E-2 1.27429E-2 6.59471E-3 3.60747E-3 1.66864E-3 1.06164E-3 1.09432E-3 1.6588E-3 8.97251E-4 3.22288E-3 2.40128E-3 5.10295E-3 4.39447E-4 3.91445E-4 5.02426E-4 1.96318E-4 1.43429E-4 1.62855E-4
5.55453E-3 3.4146E-3 3.41818E-3 2.71759E-3 2.20313E-3 2.39251E-3 2.51819E-3 2.82764E-3 6.26012E-3 8.40996E-3 1.52252E-2 1.77839E-2 1.27077E-2 1.65113E-2 1.10206E-2 1.26639E-2 2.48944E-2 5.80004E-2 9.82022E-2 1.15743E-1 2.05563E-1 3.03738E-1 3.26441E-1 3.46376E-1 3.68322E-1 4.96034E-1 5.63804E-1 5.85254E-1 4.67038E-1 2.87645E-1 2.37809E-1 2.27476E-1 3.17754E-1 3.8118E-1 4.62272E-1 4.78599E-1 5.23688E-1 5.73209E-1 6.18169E-1 5.82478E-1 5.5598E-1 5.33905E-1 4.99102E-1 4.53057E-1 3.9948E-1 4.73749E-1 4.33177E-2 3.23831E-2 2.40031E-2 1.43129E-2 8.96006E-3 5.66851E-3 3.35731E-3 2.30588E-3 1.23024E-3 8.021E-4 4.36252E-4 2.22481E-3 3.95087E-3 2.64311E-3 2.27258E-3 8.84488E-4 2.46022E-4 2.59144E-4 1.90658E-4
5.99951E-3 6.50449E-3 4.82014E-3 3.0606E-3 3.09299E-3 3.14526E-3 3.18185E-3 5.58352E-3 6.93379E-3 6.64897E-3 1.71977E-2 2.37782E-2 2.03271E-2 1.54292E-2 1.9469E-2 3.3933E-2 4.55579E-2 9.38495E-2 1.55892E-1 1.94716E-1 2.6948E-1 2.95854E-1 3.11391E-1 2.92246E-1 2.93471E-1 3.68805E-1 5.44864E-1 5.70093E-1 4.99883E-1 4.49675E-1 3.28875E-1 4.27106E-1 5.12533E-1 5.13144E-1 5.05697E-1 4.83166E-1 4.94258E-1 5.09735E-1 5.41554E-1 5.73522E-1 5.99423E-1 7.37297E-1 5.31738E-1 5.04037E-1 4.5235E-1 4.35809E-1 3.76944E-1 4.96332E-2 3.99472E-2 3.39381E-2 2.32054E-2 1.34252E-2 9.97754E-3 3.13696E-3 5.40895E-4 5.19158E-4 5.6539E-4 5.3953E-4 2.60779E-3 2.32887E-3 2.94954E-3 2.39867E-3 4.3176E-4 6.5643E-4 4.33714E-4
1.61051E-2 9.06085E-3 5.43129E-3 4.74708E-3 3.93001E-3 3.61E-3 5.86411E-3 6.821E-3 7.97158E-3 1.12674E-2 1.13279E-2 1.76891E-2 3.67943E-2 3.51108E-2 5.399E-2 9.20703E-2 9.01195E-2 1.27018E-1 1.85597E-1 2.29193E-1 2.71152E-1 2.92574E-1 2.97813E-1 3.03594E-1 3.14898E-1 4.62736E-1 5.05359E-1 5.33091E-1 4.66877E-1 4.76593E-1 4.59859E-1 4.80099E-1 4.99757E-1 5.03241E-1 4.92795E-1 4.75368E-1 4.69274E-1 4.73619E-1 4.85326E-1 5.11186E-1 5.23002E-1 5.52104E-1 5.70906E-1 5.25981E-1 4.96389E-1 4.69481E-1 4.30991E-1 3.9043E-1 3.62496E-1 5.0447E-2 4.21957E-2 2.90888E-2 1.54395E-2 6.5769E-3 1.54687E-3 5.00205E-4 3.87548E-4 4.54758E-4 3.99269E-4 2.21139E-3 2.75323E-3 5.19156E-4 1.57524E-3 8.188E-4 3.01457E-4
3.12901E-2 8.17169E-3 7.49833E-3 5.65785E-3 4.43255E-3 6.88966E-3 7.16593E-3 8.03374E-3 6.68688E-3 8.49794E-3 1.58031E-2 1.26563E-2 4.70483E-2 7.45509E-2 9.83062E-2 1.32556E-1 1.50721E-1 1.57905E-1 2.12164E-1 1.37379E-1 1.4577E-1 1.60879E-1 2.91622E-1 3.05996E-1 3.91248E-1 4.12084E-1 4.42064E-1 3.94752E-1 4.18039E-1 4.49194E-1 4.35894E-1 4.59189E-1 4.86953E-1 4.99228E-1 4.91157E-1 4.60604E-1 4.32954E-1 4.40473E-1 4.45012E-1 4.50003E-1 4.74441E-1 5.08202E-1 5.58757E-1 7.09813E-1 5.13428E-1 4.96235E-1 4.78762E-1 4.52297E-1 4.24899E-1 3.8409E-1 5.37875E-2 4.49457E-2 2.51363E-2 1.09911E-2 5.71869E-3 1.50134E-3 5.86625E-4 6.26078E-4 5.5049E-4 4.75448E-4 6.65934E-4 5.67571E-4 3.1563E-3 2.17953E-3 4.4326E-4
2.2627E-2 1.83932E-2 7.3402E-3 7.49872E-3 1.03451E-2 8.93125E-3 8.87355E-3 9.49866E-3 8.51962E-3 7.44717E-3 9.74326E-3 1.6938E-2 2.82361E-2 4.22579E-2 1.15091E-1 1.21343E-1 1.28226E-1 9.02588E-2 2.00066E-1 1.22062E-1 1.29254E-1 1.4696E-1 1.54091E-1 1.47581E-1 1.50524E-1 2.14006E-1 1.83264E-1 2.10222E-1 3.61127E-1 3.44613E-1 3.87659E-1 4.30971E-1 4.53866E-1 4.56587E-1 4.54427E-1 4.23011E-1 4.04919E-1 4.35846E-1 4.44914E-1 4.56676E-1 4.87039E-1 4.90056E-1 5.39509E-1 7.18415E-1 5.22382E-1 5.15631E-1 4.94277E-1 4.90459E-1 4.60665E-1 4.26354E-1 6.80783E-2 5.86652E-2 3.29082E-2 1.40801E-2 5.72287E-3 4.64022E-3 1.64751E-3 2.10052E-3 1.99268E-3 8.81297E-4 8.31308E-4 7.50075E-4 3.80851E-4 1.6563E-3 1.06759E-3
1.83857E-2 2.21333E-2 1.33154E-2 8.13107E-3 1.38953E-2 1.19532E-2 1.18979E-2 8.79359E-3 9.63213E-3 8.21012E-3 1.06344E-2 2.09743E-2 3.19329E-2 3.62964E-2 9.96628E-2 1.12273E-1 7.73413E-2 5.95149E-2 1.83578E-1 1.22082E-1 1.1539E-1 1.29328E-1 1.24252E-1 1.21819E-1 1.27062E-1 1.35927E-1 1.52481E-1 1.39772E-1 1.58574E-1 1.92461E-1 3.71633E-1 4.22266E-1 4.15514E-1 4.28245E-1 4.57698E-1 4.3196E-1 4.16374E-1 4.10362E-1 4.13829E-1 4.29832E-1 4.64513E-1 5.07429E-1 5.25366E-1 7.21959E-1 5.20445E-1 5.17674E-1 4.98843E-1 4.91568E-1 4.80605E-1 4.66255E-1 4.3807E-1 7.41099E-2 5.04849E-2 1.7685E-2 5.20155E-3 5.19832E-3 6.52977E-3 2.9564E-3 2.14217E-3 2.60366E-3 9.95832E-4 1.08574E-3 5.10257E-4 3.10653E-4 1.36954E-3
3.66954E-2 3.23759E-2 1.35982E-2 1.88218E-2 1.65188E-2 1.55891E-2 1.38459E-2 1.05357E-2 1.04514E-2 8.89758E-3 1.21474E-2 1.25725E-2 2.78066E-2 3.96969E-2 6.52163E-2 8.15793E-2 4.07215E-2 3.62304E-2 1.4788E-1 1.22587E-1 1.1269E-1 1.10104E-1 9.96215E-2 1.19844E-1 1.02326E-1 1.07792E-1 1.13868E-1 1.00721E-1 1.23593E-1 1.3988E-1 1.848E-1 3.6506E-1 4.12085E-1 4.37938E-1 4.32328E-1 4.15772E-1 4.05711E-1 3.97482E-1 3.96356E-1 4.07724E-1 4.46183E-1 4.91062E-1 5.46898E-1 7.227E-1 5.24608E-1 5.20433E-1 5.22573E-1 5.25147E-1 5.20735E-1 4.93274E-1 4.73201E-1 4.58662E-1 6.78478E-2 4.3222E-2 2.27526E-2 1.58391E-2 8.64819E-3 6.57335E-3 3.96241E-3 3.67461E-3 9.5495E-4 4.992E-4 5.26092E-4 4.08819E-4 6.70665E-4
3.85867E-2 3.18516E-2 2.58341E-2 3.50218E-2 3.04644E-2 1.55063E-2 1.15012E-2 1.0735E-2 8.84151E-3 9.05464E-3 1.03656E-2 1.96256E-2 2.44487E-2 4.75411E-2 8.95568E-2 6.08818E-2 4.39755E-2 5.23935E-2 1.1188E-1 1.23203E-1 1.07801E-1 1.29258E-1 1.23756E-1 1.1651E-1 1.03236E-1 9.62786E-2 9.57613E-2 1.02521E-1 1.1515E-1 9.91527E-2 1.34632E-1 1.78675E-1 3.6422E-1 4.19415E-1 4.32988E-1 4.23916E-1 4.13728E-1 3.91544E-1 3.85914E-1 3.95489E-1 4.25556E-1 4.70167E-1 5.19208E-1 5.6561E-1 5.66603E-1 7.30986E-1 5.51469E-1 5.66383E-1 5.58547E-1 5.35645E-1 5.121E-1 4.90593E-1 4.71612E-1 5.23566E-1 4.52948E-2 3.36895E-2 2.24687E-2 1.43549E-2 9.9658E-3 2.84819E-3 7.26362E-4 8.46305E-4 1.28499E-3 1.6723E-3 8.07186E-4
3.1457E-2 2.80577E-2 4.00582E-2 3.56048E-2 3.25435E-2 2.3497E-2 1.28799E-2 9.25269E-3 8.07631E-3 7.68715E-3 8.51186E-3 1.13588E-2 1.6872E-2 3.12239E-2 5.69528E-2 4.64566E-2 4.922E-2 6.476E-2 9.01076E-2 1.22425E-1 1.39469E-1 1.24991E-1 1.27124E-1 1.16303E-1 1.02556E-1 9.38585E-2 8.30688E-2 7.78105E-2 7.97911E-2 8.88369E-2 1.13163E-1 1.69693E-1 4.07207E-1 3.99922E-1 4.37202E-1 4.47615E-1 4.26634E-1 3.96956E-1 3.82987E-1 4.66165E-1 4.83073E-1 5.13344E-1 4.78443E-1 5.08329E-1 5.31997E-1 5.30357E-1 5.7696E-1 5.98686E-1 7.6684E-1 5.86072E-1 5.57998E-1 5.38862E-1 5.23832E-1 4.92122E-1 4.32543E-1 4.64143E-2 4.61761E-2 2.50958E-2 1.03769E-2 2.93863E-3 2.89367E-3 1.86345E-3 7.74911E-4 6.26855E-4 7.47741E-4
2.07484E-2 3.42206E-2 3.34639E-2 2.63674E-2 2.14412E-2 2.41421E-2 1.86248E-2 1.70416E-2 8.74848E-3 9.02222E-3 8.51174E-3 1.07374E-2 1.74808E-2 2.72457E-2 4.29149E-2 4.86522E-2 5.34848E-2 9.50823E-2 1.13964E-1 1.25274E-1 1.35942E-1 1.27137E-1 1.24777E-1 1.23517E-1 1.08689E-1 8.42315E-2 7.22381E-2 6.62418E-2 5.85641E-2 6.22827E-2 7.42662E-2 1.15053E-1 2.12866E-1 4.6658E-1 4.5827E-1 4.68157E-1 4.33582E-1 4.05236E-1 3.9229E-1 4.70023E-1 4.73415E-1 4.99263E-1 5.14594E-1 4.6881E-1 4.85764E-1 5.09678E-1 5.88938E-1 6.12705E-1 6.28426E-1 7.80117E-1 5.98899E-1 5.89611E-1 5.70901E-1 5.25829E-1 4.71225E-1 4.26917E-1 5.79654E-2 5.02166E-2 1.75131E-2 5.91241E-3 1.93005E-3 8.7219E-4 1.002E-3 5.88597E-4 7.72886E-4
1.91914E-2 3.50366E-2 3.28228E-2 1.53015E-2 2.43276E-2 3.70784E-2 2.09457E-2 1.54548E-2 9.21415E-3 9.03189E-3 1.17348E-2 1.53482E-2 2.38701E-2 4.5067E-2 4.41292E-2 4.65547E-2 7.41708E-2 9.49986E-2 9.42459E-2 2.11315E-1 1.37233E-1 1.2312E-1 1.15515E-1 1.19993E-1 9.84575E-2 7.60007E-2 6.29189E-2 5.4662E-2 4.48057E-2 4.25293E-2 4.81515E-2 7.96348E-2 1.48671E-1 4.37651E-1 4.63072E-1 4.73122E-1 4.37201E-1 3.96148E-1 3.8299E-1 4.59809E-1 4.75836E-1 4.92575E-1 5.12135E-1 5.25206E-1 4.97115E-1 5.32652E-1 6.01239E-1 6.05486E-1 6.10793E-1 6.34641E-1 7.88289E-1 6.09529E-1 5.94131E-1 5.6097E-1 5.13293E-1 4.7069E-1 4.34732E-1 6.26556E-2 3.87336E-2 7.91858E-3 2.13086E-3 1.60663E-3 6.16575E-4 6.78002E-4 9.63664E-4
3.1906E-2 6.8534E-2 3.46044E-2 2.71058E-2 4.23211E-2 2.87246E-2 1.43242E-2 1.72769E-2 9.51441E-3 9.07382E-3 1.27336E-2 1.38926E-2 1.95771E-2 4.85933E-2 5.64143E-2 6.74401E-2 9.99836E-2 1.16647E-1 7.66239E-2 1.31136E-1 1.09002E-1 1.06936E-1 9.64624E-2 9.28193E-2 7.77369E-2 6.57231E-2 5.41222E-2 4.71895E-2 4.04476E-2 3.4357E-2 3.82143E-2 6.90687E-2 1.11965E-1 2.33399E-1 4.12009E-1 5.06778E-1 5.33543E-1 4.23494E-1 4.32425E-1 3.64896E-1 4.63134E-1 4.91753E-1 5.07575E-1 5.26101E-1 4.99871E-1 5.63988E-1 6.06213E-1 6.20112E-1 6.18362E-1 6.46235E-1 6.9894E-1 6.35802E-1 6.14898E-1 5.88926E-1 5.58081E-1 5.07461E-1 4.7358E-1 4.27862E-1 5.90644E-2 2.70046E-2 4.14189E-3 1.6896E-3 9.3501E-4 6.73129E-4 8.84141E-4
2.9139E-2 5.58882E-2 3.75962E-2 1.65463E-2 1.0404E-2 1.65459E-2 1.34605E-2 1.1678E-2 9.86518E-3 8.78056E-3 1.04646E-2 1.59897E-2 2.62434E-2 6.87351E-2 8.07347E-2 9.8933E-2 1.29781E-1 1.47327E-1 1.38473E-1 1.31454E-1 1.03704E-1 9.65979E-2 7.77043E-2 6.96645E-2 6.05303E-2 5.62905E-2 4.86654E-2 4.47934E-2 4.00027E-2 3.62509E-2 4.24398E-2 5.85403E-2 9.34962E-2 1.54376E-1 2.45165E-1 4.10606E-1 4.69378E-1 4.53329E-1 3.96249E-1 4.25873E-1 4.63374E-1 4.93966E-1 5.08973E-1 5.44326E-1 5.92067E-1 6.40898E-1 5.89475E-1 6.00786E-1 6.03374E-1 6.28044E-1 6.8156E-1 6.87269E-1 6.31534E-1 6.08147E-1 6.25484E-1 5.77327E-1 5.37759E-1 4.85517E-1 7.82966E-2 5.81968E-2 2.67434E-2 6.24015E-3 2.2936E-3 1.60271E-3 1.45784E-3
4.74332E-2 3.75822E-2 2.63526E-2 1.50111E-2 7.58705E-3 8.33349E-3 1.62095E-2 1.18315E-2 1.40071E-2 1.56419E-2 2.23956E-2 3.63396E-2 4.4889E-2 9.26782E-2 1.02163E-1 1.11395E-1 1.1835E-1 1.28761E-1 1.28317E-1 2.3593E-1 1.05058E-1 8.03175E-2 6.42454E-2 5.65938E-2 5.07905E-2 4.66614E-2 4.40023E-2 4.34882E-2 4.2574E-2 3.95512E-2 4.4142E-2 5.51659E-2 7.69088E-2 1.08131E-1 1.45612E-1 2.159E-1 2.16837E-1 2.12217E-1 2.31867E-1 2.43076E-1 4.61488E-1 4.43345E-1 5.47081E-1 5.60339E-1 6.09323E-1 5.73913E-1 6.05012E-1 6.72068E-1 6.51875E-1 6.59392E-1 7.23878E-1 7.23519E-1 8.25391E-1 6.63996E-1 7.13573E-1 6.68542E-1 5.57129E-1 4.99035E-1 8.37734E-2 6.95284E-2 4.85057E-2 2.74415E-2 1.21041E-2 6.94765E-3 6.03487E-3
1.89929E-2 1.1277E-2 1.67405E-2 4.63291E-2 4.70926E-2 3.00034E-2 2.14193E-2 1.55046E-2 2.51703E-2 3.47E-2 3.42576E-2 4.93797E-2 1.29019E-1 1.24004E-1 1.32502E-1 1.16964E-1 1.0104E-1 1.43869E-1 1.02111E-1 2.62271E-1 9.55942E-2 6.32323E-2 4.7881E-2 4.67529E-2 4.2175E-2 3.95759E-2 4.35776E-2 4.49393E-2 4.51208E-2 4.5756E-2 4.58455E-2 5.19119E-2 6.46876E-2 8.47057E-2 1.04259E-1 1.56017E-1 1.58081E-1 1.63626E-1 1.86957E-1 2.0383E-1 3.10454E-1 4.41869E-1 5.34079E-1 5.74435E-1 6.31439E-1 5.94342E-1 6.18986E-1 6.96628E-1 6.52631E-1 7.2254E-1 7.71673E-1 7.47442E-1 7.6024E-1 8.67941E-1 7.78994E-1 8.34025E-1 5.21728E-1 4.90193E-1 4.66392E-1 7.97391E-2 6.2004E-2 4.69324E-2 2.64836E-2 1.6437E-2 8.19007E-3
1.11727E-2 9.35447E-3 1.87473E-2 7.35539E-2 2.01571E-1 2.5979E-1 1.34909E-1 4.77016E-2 5.56099E-2 1.23781E-1 8.37878E-2 1.65516E-1 1.67184E-1 1.57362E-1 1.49331E-1 9.76252E-2 1.41181E-1 1.80942E-1 1.3005E-1 1.5584E-1 9.981E-2 5.8217E-2 4.52725E-2 4.23786E-2 4.08831E-2 3.70671E-2 4.04293E-2 4.52566E-2 4.37504E-2 5.36839E-2 4.21056E-2 4.45567E-2 5.55307E-2 7.08507E-2 8.85102E-2 1.26549E-1 1.32453E-1 1.35057E-1 1.33088E-1 1.92748E-1 2.89903E-1 4.36977E-1 5.42974E-1 5.67669E-1 6.3127E-1 6.06302E-1 6.95126E-1 7.01323E-1 7.46459E-1 7.71141E-1 7.81376E-1 7.31238E-1 7.38356E-1 8.11709E-1 7.7867E-1 6.79086E-1 6.10743E-1 5.22376E-1 4.94369E-1 4.55148E-1 7.06586E-2 5.70689E-2 3.80305E-2 2.83278E-2 2.63683E-2
8.29981E-3 1.21673E-2 2.42649E-2 9.25118E-2 1.33032E-1 1.8669E-1 1.68521E-1 1.64645E-1 1.27174E-1 1.59677E-1 1.76462E-1 1.19174E-1 1.24657E-1 1.22314E-1 1.26596E-1 1.93003E-1 1.88648E-1 1.47677E-1 2.5758E-1 1.36758E-1 1.06418E-1 6.86919E-2 5.46062E-2 4.43463E-2 4.05545E-2 3.80188E-2 3.75796E-2 5.00725E-2 4.80205E-2 4.87069E-2 4.82052E-2 4.09479E-2 5.16474E-2 6.77496E-2 7.79411E-2 1.20336E-1 1.20892E-1 1.22993E-1 1.27175E-1 1.81943E-1 2.66013E-1 3.43287E-1 5.28E-1 5.60704E-1 6.18524E-1 6.62782E-1 6.80595E-1 6.92885E-1 7.58124E-1 7.67913E-1 7.7443E-1 7.57185E-1 7.58284E-1 7.60111E-1 7.62497E-1 7.04221E-1 7.91135E-1 5.60467E-1 5.14039E-1 4.68392E-1 4.13721E-1 6.09541E-2 4.74855E-2 3.94589E-2 3.51768E-2
