KUENM_DEFAULT/Final_Models/M_1_F_lqpth_Set_1_NE/sp1_9_se_asia.asc
ncols         320
nrows         243
xllcorner     44.0
yllcorner     -0.666666666666667
cellsize      0.166666666666667
NODATA_value  -9999
[rows 62 to 92 of 243, columns 140 to 209 of 320]
1.44287E-2 3.18075E-2 3.27746E-2 3.8035E-2 3.52277E-2 3.84637E-2 4.67816E-2 4.05307E-2 4.58373E-2 5.05034E-2 6.02316E-2 7.03686E-2 8.69015E-2 9.35781E-2 1.01858E-1 8.88661E-2 1.14696E-1 1.17114E-1 1.37448E-1 1.12241E-1 7.34731E-2 4.40087E-2 3.72995E-2 3.87025E-2 3.83022E-2 3.9898E-2 3.66307E-2 3.59642E-2 3.50155E-2 3.99688E-2 5.12319E-2 5.95301E-2 7.05155E-2 8.07125E-2 8.10089E-2 7.79781E-2 7.74313E-2 6.95007E-2 7.00833E-2 8.55104E-2 1.08707E-1 1.35476E-1 1.676E-1 2.05236E-1 2.50821E-1 2.98049E-1 3.27452E-1 3.60797E-1 3.90206E-1 4.13088E-1 4.25981E-1 4.38384E-1 5.10914E-1 5.65029E-1 5.24606E-1 5.50463E-1 7.73281E-1 6.95777E-1 5.52254E-1 4.13944E-1 3.85196E-1 3.39902E-1 2.94728E-1 1.18885E-1 1.19652E-1 9.15123E-2 6.88444E-2 4.94676E-2 2.94265E-2 7.86527E-3
2.36676E-2 2.96472E-2 2.99948E-2 3.30296E-2 2.8503E-2 3.1102E-2 3.93709E-2 3.49423E-2 4.30951E-2 4.49828E-2 5.54805E-2 6.40699E-2 6.63921E-2 7.31572E-2 8.00311E-2 1.05274E-1 9.68894E-2 1.09218E-1 1.3866E-1 1.20467E-1 6.39735E-2 4.54638E-2 3.87408E-2 3.77531E-2 3.75549E-2 3.88303E-2 3.79753E-2 3.83432E-2 3.76015E-2 4.39191E-2 5.64081E-2 6.71773E-2 8.00329E-2 8.68705E-2 9.16585E-2 8.81782E-2 8.20698E-2 6.85061E-2 6.78453E-2 8.22861E-2 1.02804E-1 1.32216E-1 1.55084E-1 1.96782E-1 2.35088E-1 2.65375E-1 3.05556E-1 3.37397E-1 3.83573E-1 4.5949E-1 5.04984E-1 4.88424E-1 4.93983E-1 5.97353E-1 6.99054E-1 7.57275E-1 7.90891E-1 6.98032E-1 5.80997E-1 5.06973E-1 4.58096E-1 3.68244E-1 1.25298E-1 1.06055E-1 1.10952E-1 1.00338E-1 9.0138E-2 7.27395E-2 5.27553E-2 3.3746E-2
2.66687E-2 3.01976E-2 3.203E-2 2.9431E-2 2.38408E-2 2.51706E-2 2.90643E-2 3.71323E-2 4.35464E-2 5.38325E-2 4.1011E-2 4.68156E-2 5.08991E-2 5.18896E-2 6.14019E-2 6.91726E-2 6.82396E-2 8.01718E-2 8.80225E-2 8.12157E-2 5.21721E-2 4.16741E-2 3.65174E-2 3.45436E-2 3.55181E-2 3.60841E-2 3.78264E-2 3.96118E-2 4.0906E-2 5.30295E-2 6.0089E-2 7.16534E-2 8.45516E-2 9.25306E-2 9.60961E-2 9.75076E-2 8.97132E-2 8.05474E-2 8.38721E-2 9.57368E-2 1.16682E-1 1.34044E-1 1.6628E-1 1.95749E-1 2.28553E-1 2.5177E-1 2.77797E-1 3.20581E-1 3.77524E-1 4.28006E-1 4.98835E-1 4.66526E-1 4.69379E-1 6.0334E-1 7.71336E-1 7.76021E-1 7.19547E-1 6.85144E-1 6.36729E-1 5.62314E-1 4.85857E-1 4.19475E-1 3.56838E-1 1.28371E-1 1.20766E-1 1.11999E-1 9.13066E-2 8.04002E-2 7.77229E-2 5.18127E-2
2.56919E-2 2.94684E-2 2.75056E-2 2.50212E-2 2.19886E-2 2.23184E-2 2.62577E-2 3.70489E-2 5.42685E-2 5.76142E-2 3.51563E-2 5.3538E-2 4.70712E-2 5.22994E-2 4.63925E-2 4.59045E-2 4.8325E-2 5.07073E-2 5.4306E-2 4.47029E-2 3.86309E-2 3.60399E-2 3.34473E-2 3.46747E-2 3.61301E-2 3.5297E-2 3.83126E-2 4.09667E-2 4.35914E-2 5.46265E-2 6.08456E-2 7.03289E-2 8.23974E-2 9.13827E-2 9.51648E-2 9.97713E-2 1.01814E-1 1.04463E-1 1.06876E-1 1.21235E-1 1.34754E-1 1.57553E-1 1.76561E-1 2.0391E-1 2.32896E-1 2.5764E-1 2.92904E-1 3.32629E-1 3.4714E-1 3.82257E-1 4.28981E-1 4.73241E-1 5.23146E-1 6.27707E-1 7.90369E-1 7.82351E-1 7.91792E-1 7.14864E-1 7.03062E-1 5.99001E-1 4.89574E-1 4.39589E-1 3.79274E-1 3.58576E-1 3.5473E-1 3.18521E-1 1.12726E-1 1.06624E-1 1.033E-1 8.02077E-2
3.0592E-2 3.10375E-2 2.83953E-2 2.22036E-2 2.12026E-2 2.25162E-2 3.61619E-2 5.87481E-2 5.99685E-2 5.08221E-2 4.0006E-2 3.50889E-2 3.74119E-2 3.63404E-2 3.57059E-2 3.47988E-2 3.52692E-2 3.54397E-2 3.27829E-2 3.0887E-2 2.93142E-2 3.1352E-2 3.14676E-2 3.22266E-2 3.38115E-2 3.7411E-2 3.68361E-2 4.1277E-2 4.91484E-2 5.54676E-2 6.37989E-2 7.00439E-2 8.09529E-2 9.03334E-2 9.71302E-2 1.05864E-1 1.1185E-1 1.20049E-1 1.4266E-1 1.42895E-1 1.61901E-1 1.80944E-1 2.0179E-1 2.34341E-1 2.59548E-1 2.93125E-1 3.26835E-1 3.57244E-1 3.83214E-1 3.70579E-1 4.20094E-1 4.53508E-1 5.37405E-1 6.09931E-1 6.44333E-1 5.84085E-1 7.45219E-1 7.53397E-1 8.03687E-1 5.6676E-1 4.89515E-1 4.48612E-1 4.21658E-1 4.04595E-1 3.67466E-1 3.71075E-1 3.81145E-1 3.54551E-1 3.42535E-1 9.65124E-2
3.25253E-2 2.96315E-2 2.39955E-2 2.2014E-2 2.283E-2 3.6467E-2 9.96137E-2 1.35775E-1 9.60576E-2 5.94309E-2 4.30751E-2 3.06657E-2 3.00486E-2 2.97057E-2 2.78587E-2 2.60329E-2 2.69874E-2 2.44783E-2 2.44378E-2 2.34702E-2 2.59252E-2 2.65339E-2 3.09771E-2 3.31899E-2 3.33723E-2 3.74149E-2 3.83646E-2 4.32501E-2 4.57757E-2 5.90319E-2 6.43389E-2 7.15284E-2 8.15019E-2 9.06386E-2 1.00609E-1 1.22707E-1 1.22306E-1 1.49441E-1 1.72647E-1 1.79576E-1 1.91258E-1 2.0674E-1 2.32061E-1 2.70794E-1 3.1145E-1 3.66004E-1 3.81216E-1 3.80997E-1 4.01999E-1 4.06859E-1 4.19958E-1 4.85828E-1 5.5301E-1 6.32958E-1 6.05678E-1 5.70289E-1 6.20567E-1 6.47738E-1 7.20887E-1 6.43109E-1 5.37343E-1 4.83369E-1 4.48737E-1 4.28324E-1 4.04535E-1 4.13167E-1 4.00504E-1 4.09611E-1 3.53498E-1 1.03276E-1
3.12524E-2 2.70892E-2 2.61707E-2 2.5373E-2 3.23514E-2 9.28713E-2 2.21155E-1 2.40859E-1 1.35336E-1 6.11078E-2 3.80806E-2 2.56709E-2 2.37314E-2 2.41866E-2 2.39043E-2 2.29887E-2 2.04215E-2 2.12642E-2 2.16462E-2 2.35823E-2 2.51913E-2 2.82563E-2 2.96015E-2 3.23367E-2 3.45255E-2 3.79344E-2 3.99282E-2 4.3548E-2 4.64481E-2 5.99912E-2 6.52763E-2 7.311E-2 7.90516E-2 9.3064E-2 1.34913E-1 1.50448E-1 1.44735E-1 1.56851E-1 1.91805E-1 2.04094E-1 2.15727E-1 2.38095E-1 2.7845E-1 3.29374E-1 3.8687E-1 4.04616E-1 4.17162E-1 4.3585E-1 4.59844E-1 4.58964E-1 4.42794E-1 4.82053E-1 6.02451E-1 6.00099E-1 5.88449E-1 5.86865E-1 5.40417E-1 8.11154E-1 7.87099E-1 7.9548E-1 6.30686E-1 5.38915E-1 4.7833E-1 4.74867E-1 4.27231E-1 3.77024E-1 3.9075E-1 4.01406E-1 3.38761E-1 9.83442E-2
3.02153E-2 2.71442E-2 2.58112E-2 2.72853E-2 3.94241E-2 1.09242E-1 2.51118E-1 2.44674E-1 1.01447E-1 4.71595E-2 3.06104E-2 2.20427E-2 2.27205E-2 2.46181E-2 2.57289E-2 2.69904E-2 2.3388E-2 2.14716E-2 2.28305E-2 2.38905E-2 2.58919E-2 2.90667E-2 3.0019E-2 3.28158E-2 3.54723E-2 3.85016E-2 4.16225E-2 4.71838E-2 5.16295E-2 6.34453E-2 6.91315E-2 7.4165E-2 9.75449E-2 1.19229E-1 1.39098E-1 1.47659E-1 1.53586E-1 1.7866E-1 2.17393E-1 2.16118E-1 2.42488E-1 2.92326E-1 3.46412E-1 4.02751E-1 4.50082E-1 4.70125E-1 4.69843E-1 4.88115E-1 4.98505E-1 4.96835E-1 4.97117E-1 5.30433E-1 6.03592E-1 5.70254E-1 5.57143E-1 6.41761E-1 6.04333E-1 7.91576E-1 7.9442E-1 6.96363E-1 6.50544E-1 6.22301E-1 5.34372E-1 5.02443E-1 4.53468E-1 3.79587E-1 3.84841E-1 3.54873E-1 2.99857E-1 9.01996E-2
2.50741E-2 2.63015E-2 2.56186E-2 2.56653E-2 3.36226E-2 5.2294E-2 9.37354E-2 6.87101E-2 3.69734E-2 2.64307E-2 2.45296E-2 2.1298E-2 2.16043E-2 2.51894E-2 3.05602E-2 3.07959E-2 2.6519E-2 2.46976E-2 2.44183E-2 2.59382E-2 2.77729E-2 3.09583E-2 3.1114E-2 3.46766E-2 3.62536E-2 4.09133E-2 4.39163E-2 5.08103E-2 5.59113E-2 5.99389E-2 7.302E-2 9.30514E-2 9.91475E-2 1.20997E-1 1.45862E-1 1.77595E-1 1.92118E-1 2.10045E-1 2.32528E-1 2.69025E-1 3.0699E-1 3.79378E-1 3.79016E-1 4.55298E-1 4.91781E-1 5.31778E-1 5.41643E-1 5.41122E-1 5.49988E-1 5.44745E-1 5.90356E-1 6.28247E-1 6.53483E-1 6.28973E-1 6.18062E-1 6.53549E-1 8.01033E-1 7.77083E-1 8.02659E-1 7.91488E-1 7.03075E-1 6.60434E-1 5.53839E-1 5.31332E-1 4.79831E-1 4.08698E-1 3.76505E-1 3.73023E-1 3.46957E-1 3.06374E-1
1.78806E-2 2.8304E-2 2.53941E-2 2.43438E-2 2.43256E-2 2.671E-2 2.76355E-2 2.68297E-2 2.19441E-2 2.06925E-2 2.25996E-2 2.18535E-2 2.50669E-2 2.85269E-2 2.49307E-2 2.58163E-2 2.33048E-2 2.2277E-2 2.18475E-2 2.2553E-2 2.48004E-2 3.07131E-2 3.53863E-2 3.65364E-2 3.98635E-2 4.25256E-2 4.85795E-2 5.31059E-2 5.77219E-2 6.40419E-2 9.3738E-2 9.74533E-2 1.0609E-1 1.0945E-1 1.19556E-1 1.61654E-1 2.00649E-1 2.4326E-1 2.77782E-1 3.08226E-1 3.69937E-1 4.12514E-1 4.42522E-1 4.53925E-1 4.96093E-1 5.36885E-1 5.53075E-1 5.36854E-1 5.43244E-1 5.94679E-1 7.40032E-1 7.45376E-1 8.04494E-1 8.12872E-1 8.083E-1 7.88503E-1 7.23765E-1 7.06258E-1 7.84513E-1 7.7841E-1 6.70365E-1 6.18117E-1 5.82684E-1 5.76454E-1 4.90837E-1 4.5237E-1 4.25735E-1 4.32138E-1 4.11454E-1 4.00698E-1
3.03393E-2 2.74881E-2 2.65589E-2 2.40809E-2 2.37858E-2 2.21751E-2 2.09031E-2 2.14639E-2 2.68895E-2 2.60612E-2 2.24552E-2 2.63148E-2 2.87333E-2 2.3018E-2 2.48356E-2 2.45081E-2 2.38626E-2 2.25085E-2 2.39083E-2 2.51605E-2 2.53928E-2 2.89011E-2 3.01612E-2 3.30141E-2 3.63815E-2 3.72304E-2 4.94462E-2 5.82449E-2 6.49107E-2 8.51522E-2 1.04182E-1 1.13237E-1 1.1341E-1 1.18619E-1 1.17505E-1 1.3658E-1 2.11461E-1 2.75941E-1 3.16325E-1 3.31027E-1 3.73336E-1 4.00742E-1 4.35842E-1 4.70168E-1 5.44276E-1 5.33926E-1 5.38171E-1 5.47546E-1 5.96335E-1 6.42163E-1 6.75135E-1 8.04978E-1 7.88064E-1 7.87606E-1 6.92431E-1 6.92785E-1 6.79347E-1 6.79586E-1 7.58781E-1 6.49129E-1 6.19855E-1 6.22461E-1 6.09047E-1 5.60751E-1 5.33135E-1 4.77321E-1 4.67782E-1 5.2918E-1 5.08654E-1 4.65183E-1
3.09248E-2 3.12382E-2 2.74796E-2 2.5738E-2 2.34124E-2 2.57846E-2 2.3664E-2 2.58151E-2 2.44104E-2 2.2751E-2 2.20166E-2 2.31796E-2 2.52892E-2 2.39912E-2 2.45912E-2 2.50953E-2 2.4937E-2 2.38367E-2 2.40316E-2 2.57834E-2 3.02243E-2 3.1541E-2 3.51936E-2 3.60113E-2 3.88827E-2 4.3646E-2 4.52841E-2 6.49588E-2 8.73582E-2 9.7581E-2 1.20639E-1 1.27179E-1 1.31403E-1 1.33299E-1 1.41286E-1 1.93516E-1 2.50306E-1 3.15535E-1 3.29917E-1 3.67524E-1 3.83857E-1 4.0613E-1 4.33993E-1 4.67499E-1 5.23763E-1 5.39729E-1 5.45222E-1 5.86778E-1 6.18742E-1 6.13434E-1 7.39937E-1 7.9246E-1 7.89558E-1 7.12337E-1 6.65344E-1 6.36342E-1 6.72772E-1 6.87345E-1 6.74112E-1 6.60988E-1 6.62986E-1 6.42321E-1 5.6528E-1 5.3389E-1 5.20598E-1 4.84209E-1 4.97622E-1 5.07431E-1 5.43477E-1 5.04534E-1
3.05866E-2 3.26357E-2 3.07261E-2 2.76099E-2 2.91094E-2 2.77146E-2 2.92474E-2 3.27726E-2 2.83163E-2 2.83716E-2 2.57558E-2 2.53351E-2 2.59692E-2 2.63667E-2 2.81193E-2 2.88728E-2 2.69296E-2 2.66205E-2 2.65099E-2 2.9109E-2 3.38255E-2 3.94505E-2 4.16836E-2 4.57997E-2 4.52529E-2 4.48825E-2 5.02358E-2 8.5212E-2 9.82166E-2 1.18451E-1 1.34542E-1 1.50443E-1 1.60074E-1 1.62298E-1 1.8075E-1 2.16168E-1 2.86418E-1 3.20988E-1 3.42595E-1 3.98561E-1 3.4229E-1 3.5617E-1 3.80697E-1 4.46973E-1 4.89175E-1 5.39874E-1 5.68246E-1 5.96513E-1 5.90378E-1 6.14748E-1 7.88886E-1 8.01938E-1 8.05637E-1 6.80747E-1 6.35648E-1 6.31591E-1 6.64101E-1 6.85448E-1 6.60346E-1 6.46542E-1 6.63666E-1 6.66191E-1 6.17838E-1 5.56254E-1 5.22807E-1 4.9039E-1 4.73868E-1 4.88642E-1 4.84807E-1 4.78769E-1
3.32432E-2 3.64466E-2 3.37534E-2 3.42536E-2 3.17675E-2 3.45048E-2 3.58237E-2 3.02527E-2 2.92093E-2 2.95462E-2 3.04041E-2 2.92684E-2 2.85048E-2 2.86377E-2 2.7904E-2 2.87713E-2 2.92841E-2 2.84697E-2 3.09721E-2 3.55357E-2 4.22591E-2 4.7949E-2 5.27276E-2 4.89692E-2 5.09542E-2 4.95421E-2 6.23157E-2 9.11775E-2 1.12207E-1 1.45052E-1 1.65732E-1 1.95196E-1 1.89292E-1 1.94336E-1 2.12782E-1 2.49101E-1 2.69001E-1 3.15828E-1 3.77181E-1 3.9585E-1 3.59437E-1 3.74528E-1 3.80764E-1 4.58079E-1 4.79563E-1 5.43446E-1 5.646E-1 5.561E-1 5.73276E-1 6.06284E-1 7.71272E-1 7.86402E-1 7.17769E-1 6.83622E-1 6.32111E-1 6.29141E-1 6.63356E-1 6.56181E-1 6.20078E-1 6.18593E-1 6.49603E-1 6.5509E-1 6.36141E-1 6.05043E-1 5.57271E-1 4.82423E-1 4.59042E-1 4.66328E-1 4.69178E-1 4.78939E-1
3.92424E-2 3.81412E-2 3.71288E-2 3.81857E-2 3.12266E-2 3.09386E-2 3.25638E-2 3.37909E-2 3.45858E-2 3.29943E-2 3.14161E-2 2.64157E-2 3.1833E-2 3.16386E-2 3.35475E-2 3.23483E-2 4.0582E-2 4.16916E-2 3.35146E-2 4.15442E-2 6.76617E-2 7.24665E-2 8.04645E-2 7.36277E-2 5.402E-2 6.40473E-2 6.55128E-2 7.6343E-2 1.19346E-1 1.65791E-1 2.05873E-1 2.21914E-1 2.21192E-1 2.13281E-1 2.28442E-1 2.58689E-1 2.98364E-1 3.3379E-1 3.84261E-1 3.48357E-1 3.60159E-1 3.66012E-1 3.71046E-1 4.59078E-1 4.85869E-1 5.26301E-1 5.4891E-1 5.57911E-1 5.85707E-1 7.18202E-1 7.71696E-1 7.82014E-1 7.12998E-1 7.00197E-1 6.65569E-1 6.60775E-1 6.89471E-1 6.73081E-1 6.2373E-1 5.83496E-1 5.81325E-1 5.63445E-1 5.77266E-1 5.80647E-1 5.6536E-1 4.98013E-1 4.62594E-1 4.65848E-1 4.62036E-1 4.65817E-1
4.39403E-2 4.53203E-2 4.39328E-2 3.31797E-2 3.32318E-2 3.65115E-2 3.79595E-2 3.72923E-2 3.65839E-2 3.29844E-2 3.2733E-2 3.18819E-2 3.2384E-2 3.2384E-2 4.36907E-2 4.5429E-2 4.46042E-2 4.28274E-2 3.58718E-2 5.4598E-2 8.03063E-2 1.05151E-1 9.27073E-2 9.24123E-2 8.85206E-2 8.52732E-2 6.84602E-2 9.42233E-2 1.1448E-1 1.56713E-1 2.00962E-1 2.42211E-1 2.21205E-1 2.26223E-1 2.50935E-1 3.01372E-1 3.41712E-1 3.87734E-1 4.028E-1 3.6145E-1 3.55339E-1 3.3745E-1 3.44656E-1 4.52883E-1 4.9774E-1 5.30422E-1 5.49828E-1 5.5449E-1 6.06609E-1 7.67003E-1 8.0696E-1 7.21918E-1 7.78185E-1 7.81872E-1 6.81896E-1 6.51151E-1 6.55148E-1 6.7845E-1 6.33652E-1 5.83161E-1 5.56511E-1 5.45672E-1 5.47131E-1 5.55446E-1 5.66439E-1 5.23876E-1 4.70325E-1 4.36255E-1 4.34685E-1 4.20698E-1
4.71428E-2 4.69622E-2 3.85745E-2 3.95881E-2 3.96933E-2 4.31447E-2 4.32117E-2 3.83556E-2 3.73458E-2 3.82792E-2 5.07045E-2 4.89718E-2 4.8678E-2 4.77215E-2 4.81344E-2 4.78038E-2 4.65407E-2 4.57944E-2 4.66429E-2 5.67869E-2 8.25961E-2 9.29734E-2 1.07341E-1 9.70162E-2 9.39443E-2 1.01307E-1 9.66243E-2 1.07334E-1 1.27655E-1 1.65202E-1 1.91112E-1 2.43704E-1 2.29881E-1 2.52341E-1 2.95676E-1 3.47948E-1 3.96091E-1 4.10131E-1 4.26308E-1 3.71555E-1 3.6168E-1 3.477E-1 3.64755E-1 4.70156E-1 5.2412E-1 5.38801E-1 4.88712E-1 5.7304E-1 5.97414E-1 7.37534E-1 7.93178E-1 7.14648E-1 7.8059E-1 7.70316E-1 6.28487E-1 6.17309E-1 6.33484E-1 5.9039E-1 5.64291E-1 5.51955E-1 5.43092E-1 5.50498E-1 5.57944E-1 5.08263E-1 5.22803E-1 5.08933E-1 4.39252E-1 4.43558E-1 4.34499E-1 4.03644E-1
5.61018E-2 5.53465E-2 4.40586E-2 4.71975E-2 4.70412E-2 4.72796E-2 5.8386E-2 5.84889E-2 5.63677E-2 5.55711E-2 5.524E-2 4.84378E-2 4.91765E-2 4.94641E-2 5.28908E-2 5.31006E-2 5.23767E-2 4.97583E-2 5.54007E-2 6.42577E-2 7.75901E-2 9.47537E-2 9.39881E-2 8.49423E-2 9.88793E-2 1.05643E-1 1.13712E-1 1.14108E-1 1.34956E-1 1.68321E-1 2.24357E-1 2.63931E-1 2.65475E-1 3.1174E-1 3.6973E-1 4.19751E-1 4.28417E-1 4.36026E-1 3.84718E-1 3.969E-1 3.85806E-1 3.62023E-1 3.86199E-1 5.45294E-1 5.45708E-1 4.59152E-1 4.67594E-1 4.96612E-1 5.88288E-1 6.4197E-1 7.02908E-1 6.40518E-1 6.56118E-1 6.53454E-1 6.11461E-1 6.4528E-1 5.98701E-1 5.26269E-1 4.92295E-1 5.28019E-1 5.3905E-1 5.06283E-1 5.18135E-1 4.85528E-1 4.66315E-1 4.49653E-1 4.28763E-1 3.97814E-1 4.76143E-1 4.57911E-1
5.37124E-2 5.94196E-2 5.9519E-2 5.99711E-2 6.0839E-2 6.18224E-2 6.07184E-2 6.1229E-2 6.05936E-2 5.91157E-2 5.6813E-2 5.64749E-2 5.63422E-2 5.79026E-2 5.83507E-2 5.83513E-2 5.94591E-2 5.82616E-2 6.00401E-2 6.45552E-2 8.08631E-2 9.67704E-2 9.33398E-2 9.82181E-2 1.1169E-1 1.18557E-1 1.2755E-1 1.33483E-1 1.44277E-1 1.72399E-1 2.12519E-1 2.61405E-1 3.67858E-1 4.53922E-1 4.50647E-1 4.66457E-1 4.66913E-1 4.63704E-1 4.05325E-1 3.96611E-1 3.81491E-1 3.75437E-1 3.80953E-1 5.73238E-1 5.13615E-1 3.97926E-1 4.47152E-1 4.93184E-1 5.36993E-1 7.84787E-1 6.92491E-1 6.27712E-1 6.19874E-1 6.15536E-1 6.17525E-1 6.40552E-1 5.30367E-1 5.09044E-1 4.86304E-1 4.93241E-1 5.31887E-1 5.13339E-1 5.18914E-1 4.55002E-1 4.3121E-1 4.13702E-1 4.19387E-1 3.93756E-1 4.47931E-1 4.86613E-1
5.22131E-2 5.69147E-2 6.28359E-2 6.02549E-2 6.44211E-2 6.01181E-2 6.23346E-2 6.34711E-2 6.09668E-2 5.94918E-2 5.87991E-2 5.87991E-2 5.94168E-2 5.84898E-2 5.97265E-2 6.44854E-2 6.32757E-2 6.36117E-2 6.9703E-2 7.41946E-2 8.32041E-2 1.10683E-1 1.23016E-1 1.2814E-1 1.45761E-1 1.48409E-1 1.53101E-1 1.52163E-1 1.65991E-1 1.76245E-1 2.14578E-1 2.93398E-1 3.92164E-1 4.68303E-1 5.10183E-1 5.05986E-1 5.08517E-1 5.00841E-1 4.80037E-1 3.97497E-1 4.17568E-1 4.24114E-1 4.02835E-1 4.10536E-1 3.71547E-1 3.95828E-1 4.71995E-1 5.32742E-1 5.67229E-1 7.98777E-1 6.80294E-1 5.68231E-1 6.01486E-1 5.69932E-1 5.64891E-1 5.92025E-1 5.34941E-1 4.70634E-1 5.16471E-1 5.31002E-1 4.85636E-1 4.91973E-1 4.55825E-1 4.12761E-1 3.92427E-1 3.9163E-1 3.60183E-1 3.73493E-1 4.12879E-1 4.506E-1
6.2898E-2 6.53666E-2 5.94445E-2 6.48705E-2 6.64137E-2 6.59642E-2 6.35453E-2 6.8867E-2 7.16461E-2 7.0369E-2 6.90929E-2 7.0699E-2 7.10765E-2 6.93513E-2 7.14464E-2 7.1413E-2 7.47942E-2 7.31835E-2 7.90003E-2 8.41035E-2 9.83007E-2 1.33373E-1 1.54598E-1 1.80276E-1 1.89306E-1 1.91586E-1 1.92871E-1 1.83342E-1 1.80229E-1 1.90839E-1 2.44875E-1 3.39522E-1 4.60438E-1 5.07817E-1 5.3658E-1 5.52087E-1 5.45201E-1 5.33645E-1 5.10613E-1 4.94019E-1 4.52692E-1 4.85241E-1 4.60044E-1 4.10157E-1 4.10828E-1 4.48195E-1 5.36885E-1 7.36107E-1 7.8851E-1 7.86562E-1 6.84291E-1 6.30416E-1 5.89834E-1 5.20157E-1 4.73855E-1 5.43464E-1 5.0008E-1 5.35117E-1 5.22642E-1 4.71986E-1 5.15225E-1 4.34506E-1 3.83727E-1 3.69142E-1 3.38237E-1 3.10937E-1 1.14175E-1 3.362E-1 4.00524E-1 4.32185E-1
6.37459E-2 6.75754E-2 6.71883E-2 6.9573E-2 6.81245E-2 7.2664E-2 7.24727E-2 7.68771E-2 7.32452E-2 8.09007E-2 7.96378E-2 8.0717E-2 8.10584E-2 8.2329E-2 8.08473E-2 8.13257E-2 8.44997E-2 8.50645E-2 9.11269E-2 9.91706E-2 1.08115E-1 1.51552E-1 1.85149E-1 2.41643E-1 2.58219E-1 2.4736E-1 2.28548E-1 2.0359E-1 1.88527E-1 2.18068E-1 2.97733E-1 3.99927E-1 4.78897E-1 5.23502E-1 5.65535E-1 5.91644E-1 5.80657E-1 5.59369E-1 5.38104E-1 5.26438E-1 4.50059E-1 4.76589E-1 4.48886E-1 4.13985E-1 5.00087E-1 5.23521E-1 5.59505E-1 7.93282E-1 7.03444E-1 7.13277E-1 6.78564E-1 6.40365E-1 5.93189E-1 5.26268E-1 4.67757E-1 5.20079E-1 5.33516E-1 4.92324E-1 4.70143E-1 4.97722E-1 4.74114E-1 4.07944E-1 3.86288E-1 3.57925E-1 3.59014E-1 1.1213E-1 9.83878E-2 3.41112E-1 3.81005E-1 3.74047E-1
8.31634E-2 8.58019E-2 8.4279E-2 7.59071E-2 7.89388E-2 7.8329E-2 8.69515E-2 8.26735E-2 8.59519E-2 9.3157E-2 9.0717E-2 9.52068E-2 9.24002E-2 9.17085E-2 8.49065E-2 8.87227E-2 9.43979E-2 9.72417E-2 1.05589E-1 1.12647E-1 1.26584E-1 1.63935E-1 2.09801E-1 3.01645E-1 3.56546E-1 3.13495E-1 2.80647E-1 2.39047E-1 2.35711E-1 2.96076E-1 4.06687E-1 4.64148E-1 5.11564E-1 5.5237E-1 5.97347E-1 5.57663E-1 6.26604E-1 6.00396E-1 5.7261E-1 4.60581E-1 4.57472E-1 4.63567E-1 5.40137E-1 4.98288E-1 5.54E-1 5.94371E-1 5.91259E-1 8.05792E-1 6.39871E-1 6.46019E-1 6.60071E-1 6.47972E-1 6.20639E-1 6.08652E-1 5.61983E-1 4.98367E-1 4.59938E-1 4.56561E-1 4.37719E-1 4.8991E-1 4.16228E-1 4.02564E-1 3.80769E-1 3.86316E-1 3.63957E-1 3.48969E-1 3.39723E-1 3.85265E-1 3.87994E-1 3.39915E-1
8.67377E-2 9.07609E-2 9.48077E-2 9.46671E-2 9.74045E-2 1.04444E-1 1.1048E-1 9.96059E-2 1.08775E-1 1.11651E-1 1.39035E-1 1.24255E-1 1.28319E-1 9.83613E-2 9.86304E-2 1.00856E-1 1.11991E-1 1.20389E-1 1.23218E-1 1.33984E-1 1.43194E-1 1.71037E-1 1.9395E-1 2.78218E-1 3.37118E-1 3.35725E-1 3.11118E-1 2.99709E-1 3.10498E-1 4.28357E-1 4.79268E-1 4.94739E-1 5.32446E-1 5.7475E-1 6.13715E-1 5.867E-1 6.54674E-1 6.51411E-1 6.09799E-1 4.90747E-1 4.75595E-1 4.87668E-1 5.82837E-1 6.30231E-1 7.8713E-1 7.30199E-1 7.36187E-1 6.00797E-1 5.88777E-1 5.92276E-1 5.96578E-1 6.16751E-1 6.26872E-1 6.58401E-1 6.02333E-1 5.54049E-1 4.86818E-1 4.34081E-1 4.28281E-1 4.64128E-1 4.39849E-1 3.93474E-1 3.83326E-1 4.01298E-1 3.93784E-1 3.58885E-1 3.77441E-1 3.99505E-1 3.77837E-1 3.66333E-1
9.57607E-2 9.80629E-2 1.01907E-1 9.99021E-2 1.10893E-1 1.1352E-1 1.21247E-1 1.37678E-1 1.27718E-1 1.51986E-1 1.54885E-1 1.55695E-1 1.41462E-1 1.06423E-1 1.0211E-1 1.14459E-1 1.31466E-1 1.45315E-1 1.60703E-1 1.67162E-1 1.65937E-1 2.01948E-1 1.67332E-1 2.65097E-1 3.26269E-1 3.47006E-1 3.52989E-1 2.97374E-1 3.22285E-1 4.01085E-1 4.29691E-1 4.60882E-1 5.49782E-1 6.01534E-1 6.43142E-1 6.66823E-1 7.65258E-1 8.01198E-1 7.52053E-1 6.93318E-1 5.16126E-1 5.83844E-1 7.22878E-1 7.77501E-1 6.61613E-1 6.18813E-1 6.19074E-1 5.29884E-1 5.43431E-1 5.6162E-1 5.93884E-1 5.9057E-1 6.05302E-1 6.23171E-1 6.00183E-1 5.33648E-1 4.85907E-1 4.54311E-1 4.2603E-1 4.60072E-1 4.37626E-1 4.23969E-1 3.84516E-1 3.97117E-1 4.12837E-1 3.74995E-1 3.46866E-1 3.60343E-1 4.23892E-1 4.24232E-1
9.86009E-2 1.06154E-1 1.11317E-1 1.15589E-1 1.16534E-1 1.25075E-1 1.34094E-1 1.44788E-1 1.88542E-1 1.61032E-1 1.77716E-1 1.68212E-1 1.44919E-1 1.27051E-1 1.19985E-1 1.34808E-1 1.66261E-1 1.99677E-1 2.06474E-1 2.16597E-1 2.18939E-1 2.24208E-1 2.22315E-1 2.65242E-1 3.6173E-1 3.96498E-1 3.46143E-1 3.66099E-1 3.94561E-1 4.11433E-1 4.505E-1 4.75818E-1 5.84381E-1 6.49126E-1 7.64958E-1 7.59816E-1 7.97024E-1 6.56036E-1 5.87609E-1 7.44313E-1 7.42417E-1 7.15572E-1 6.186E-1 6.60341E-1 6.18007E-1 5.91054E-1 5.71685E-1 5.1625E-1 4.90691E-1 5.57187E-1 5.97815E-1 5.6576E-1 5.70783E-1 5.68043E-1 5.36205E-1 5.26287E-1 4.82116E-1 4.45462E-1 4.19182E-1 4.81191E-1 4.2328E-1 3.90285E-1 3.63614E-1 3.6033E-1 3.67982E-1 3.49627E-1 3.59074E-1 3.86869E-1 4.2296E-1 4.10033E-1
9.45222E-2 1.12593E-1 1.20986E-1 1.2336E-1 1.30034E-1 1.42228E-1 1.52473E-1 1.59592E-1 1.9183E-1 1.74411E-1 1.77368E-1 1.88719E-1 1.53104E-1 1.46407E-1 1.56632E-1 1.70818E-1 2.06451E-1 2.45139E-1 2.57212E-1 2.68979E-1 2.73615E-1 2.91327E-1 2.62024E-1 3.36786E-1 3.68516E-1 3.85802E-1 4.13618E-1 4.29513E-1 4.35817E-1 4.27386E-1 4.58936E-1 5.15527E-1 6.51764E-1 8.07372E-1 7.92357E-1 7.40899E-1 6.08168E-1 3.54476E-1 7.25533E-1 7.62386E-1 7.44604E-1 5.81884E-1 5.46531E-1 5.43797E-1 5.91721E-1 5.54675E-1 4.71147E-1 4.55819E-1 4.14081E-1 4.28137E-1 4.95102E-1 5.66547E-1 5.57899E-1 5.25282E-1 4.79485E-1 4.73433E-1 4.67494E-1 4.19173E-1 4.01207E-1 4.29232E-1 4.09892E-1 3.74229E-1 3.31023E-1 3.15577E-1 3.26483E-1 3.37942E-1 3.36216E-1 3.46029E-1 3.47812E-1 3.36906E-1
9.73237E-2 1.04654E-1 1.23912E-1 1.32826E-1 1.44389E-1 1.50489E-1 1.59837E-1 1.70315E-1 2.05721E-1 1.81946E-1 1.87036E-1 1.96579E-1 1.90133E-1 1.94935E-1 1.86407E-1 2.0526E-1 2.41539E-1 2.7515E-1 3.0226E-1 3.23622E-1 3.53476E-1 3.7165E-1 3.44102E-1 3.7741E-1 4.52446E-1 4.69489E-1 4.72905E-1 4.65825E-1 4.72899E-1 4.65763E-1 5.10957E-1 5.6639E-1 8.06541E-1 6.30673E-1 5.79556E-1 5.75834E-1 3.44555E-1 4.20765E-1 7.57439E-1 7.58022E-1 7.53064E-1 5.75306E-1 5.29858E-1 5.01178E-1 5.18096E-1 4.98753E-1 4.43141E-1 4.84278E-1 4.41145E-1 4.25499E-1 4.26283E-1 4.96092E-1 4.87978E-1 4.30488E-1 4.51048E-1 4.36373E-1 4.27458E-1 3.80305E-1 3.62252E-1 3.25994E-1 3.38831E-1 3.44209E-1 3.35905E-1 2.90412E-1 2.96456E-1 1.09039E-1 1.07711E-1 1.12168E-1 1.15025E-1 1.1555E-1
9.90055E-2 9.90938E-2 1.04308E-1 1.41388E-1 1.50108E-1 1.59048E-1 1.67145E-1 1.70813E-1 1.95715E-1 1.64928E-1 1.86044E-1 2.00788E-1 2.02162E-1 2.16808E-1 2.16869E-1 2.44544E-1 2.66194E-1 3.0739E-1 3.44026E-1 3.56685E-1 4.15584E-1 4.59199E-1 4.16635E-1 4.39153E-1 4.46879E-1 4.73631E-1 5.16776E-1 5.16541E-1 5.22886E-1 5.36428E-1 7.2634E-1 7.44491E-1 4.87959E-1 4.56221E-1 4.25155E-1 4.54557E-1 2.74077E-1 3.48505E-1 6.25757E-1 7.41604E-1 7.4522E-1 5.67266E-1 5.17767E-1 4.74217E-1 4.15175E-1 4.38825E-1 4.45861E-1 4.38058E-1 4.26081E-1 4.25785E-1 4.21674E-1 4.33006E-1 4.09429E-1 3.97372E-1 3.74104E-1 3.69594E-1 3.50127E-1 3.6681E-1 3.11308E-1 9.89447E-2 1.00244E-1 3.17498E-1 3.27225E-1 3.18471E-1 1.13706E-1 9.63397E-2 8.639E-2 8.27733E-2 9.08359E-2 1.01275E-1
6.46233E-2 1.03002E-1 1.07776E-1 1.13186E-1 1.36542E-1 1.61772E-1 1.77697E-1 1.85805E-1 1.96675E-1 1.52711E-1 1.76336E-1 2.13588E-1 2.35629E-1 2.22198E-1 2.42498E-1 2.66946E-1 3.09333E-1 3.2299E-1 3.69211E-1 4.02955E-1 4.43923E-1 4.81177E-1 4.52157E-1 4.77396E-1 4.99696E-1 5.20257E-1 5.57031E-1 5.85713E-1 5.95042E-1 6.18228E-1 7.61E-1 7.27772E-1 6.53924E-2 4.47422E-1 3.47647E-1 3.84706E-1 4.1547E-1 3.04138E-1 5.50464E-1 5.92886E-1 6.0172E-1 4.8508E-1 4.50272E-1 4.12687E-1 3.92658E-1 4.23286E-1 3.98768E-1 3.82031E-1 3.96539E-1 4.34704E-1 4.31119E-1 4.08107E-1 3.62711E-1 3.24422E-1 3.46654E-1 3.50107E-1 3.37393E-1 2.9284E-1 1.17307E-1 9.44882E-2 9.8387E-2 3.14299E-1 3.41228E-1 3.37874E-1 1.11672E-1 8.84888E-2 7.83906E-2 6.58491E-2 7.1844E-2 8.49174E-2
6.77464E-2 6.70487E-2 1.14915E-1 1.18976E-1 1.28569E-1 1.61642E-1 1.85108E-1 2.05606E-1 1.77864E-1 1.78679E-1 2.0208E-1 2.22256E-1 2.30188E-1 2.40017E-1 2.49734E-1 2.70952E-1 3.11086E-1 3.58157E-1 4.03718E-1 4.43067E-1 4.76972E-1 5.12806E-1 4.80025E-1 5.21916E-1 5.53254E-1 5.6805E-1 5.72539E-1 6.42708E-1 6.60763E-1 7.85748E-1 6.40119E-1 5.51898E-1 4.3953E-1 2.56697E-1 3.64161E-1 3.48938E-1 3.98768E-1 4.11123E-1 5.69797E-1 5.98846E-1 5.64722E-1 4.52398E-1 3.92878E-1 3.57527E-1 3.83272E-1 3.80328E-1 3.9344E-1 4.12543E-1 4.46203E-1 4.62292E-1 4.08848E-1 4.05341E-1 3.41102E-1 3.1642E-1 3.31785E-1 3.82808E-1 3.24006E-1 2.7539E-1 3.13883E-1 1.03098E-1 3.06844E-1 3.34558E-1 3.47592E-1 3.37537E-1 1.20794E-1 9.20432E-2 6.52137E-2 6.09957E-2 6.33933E-2 7.34991E-2
