KUENM_DEFAULT/Final_Models/M_1_F_lqpth_Set_1_NE/sp1_3_se_asia.asc
ncols         320
nrows         243
xllcorner     44.0
yllcorner     -0.666666666666667
cellsize      0.166666666666667
NODATA_value  -9999
[rows 62 to 92 of 243, columns 140 to 209 of 320]
1.54506E-3 1.06035E-2 1.13336E-2 1.46052E-2 1.29561E-2 1.36324E-2 1.46695E-2 4.82756E-3 3.77911E-3 4.07685E-3 4.92109E-3 5.19157E-3 6.66295E-3 6.35232E-3 1.26702E-2 1.31949E-2 5.52114E-2 5.17911E-2 5.58598E-2 4.78006E-2 3.38604E-2 1.99507E-2 1.74071E-2 1.68447E-2 1.38039E-2 1.38742E-2 1.31333E-2 1.35615E-2 1.40482E-2 1.8323E-2 2.6122E-2 3.02075E-2 3.44156E-2 3.60341E-2 3.62953E-2 3.3079E-2 3.051E-2 2.82686E-2 2.75083E-2 2.58022E-2 2.89225E-2 3.21766E-2 3.689E-2 4.2689E-2 5.08526E-2 5.77358E-2 6.77683E-2 8.3001E-2 9.65609E-2 1.0645E-1 1.12684E-1 4.44484E-1 4.03302E-1 7.77849E-1 5.90185E-1 6.23817E-1 7.13058E-1 7.26769E-1 5.9259E-1 4.01803E-1 3.47138E-1 3.35674E-1 1.24863E-1 1.34362E-1 1.33251E-1 1.01877E-1 7.827E-2 6.41495E-2 4.05894E-2 6.07239E-3
5.73549E-3 1.03785E-2 1.03594E-2 1.3209E-2 1.06139E-2 1.1704E-2 1.17079E-2 3.91665E-3 4.17395E-3 3.69707E-3 5.01871E-3 5.67868E-3 5.45476E-3 5.21967E-3 6.21849E-3 2.19318E-2 4.8951E-2 4.86651E-2 5.5884E-2 4.82407E-2 2.56646E-2 1.97399E-2 1.69896E-2 1.64262E-2 1.36275E-2 1.38178E-2 1.36302E-2 1.39055E-2 1.45317E-2 1.89244E-2 2.73203E-2 3.1745E-2 3.59718E-2 3.86433E-2 3.85995E-2 3.58664E-2 3.25523E-2 2.33688E-2 2.23805E-2 2.47641E-2 2.75955E-2 3.1853E-2 3.53727E-2 4.09433E-2 4.75629E-2 5.17921E-2 5.95548E-2 7.16381E-2 9.09014E-2 1.46165E-1 5.08191E-1 4.99491E-1 4.18685E-1 7.74284E-1 5.58819E-1 6.86685E-1 7.47918E-1 7.35927E-1 6.03677E-1 4.82636E-1 4.34197E-1 3.54108E-1 1.48488E-1 1.28581E-1 1.3526E-1 1.20038E-1 9.91541E-2 8.09049E-2 6.09261E-2 4.0674E-2
8.67736E-3 2.0879E-2 2.52474E-2 2.18447E-2 8.88195E-3 9.111E-3 9.40925E-3 1.17055E-2 1.23886E-2 1.25823E-2 3.4729E-3 3.97255E-3 4.87185E-3 4.46786E-3 6.16863E-3 1.96337E-2 3.30412E-2 4.09481E-2 4.1945E-2 3.61976E-2 2.28469E-2 1.86533E-2 1.64915E-2 1.58273E-2 1.32572E-2 1.32232E-2 1.35904E-2 1.41295E-2 1.51643E-2 2.46203E-2 2.78384E-2 3.17236E-2 3.60545E-2 3.86179E-2 3.86283E-2 3.72368E-2 3.3472E-2 2.57412E-2 2.5214E-2 2.65731E-2 2.92435E-2 3.22049E-2 3.72805E-2 4.09826E-2 4.50783E-2 5.01152E-2 5.43427E-2 6.48389E-2 8.48471E-2 1.12581E-1 5.14588E-1 5.19642E-1 4.35708E-1 8.22703E-1 7.07998E-1 7.21498E-1 7.37258E-1 6.97816E-1 6.49654E-1 5.79712E-1 5.07443E-1 4.23269E-1 1.67316E-1 1.69853E-1 1.45314E-1 1.33795E-1 9.99496E-2 8.72007E-2 9.50494E-2 5.76422E-2
8.65937E-3 2.01064E-2 1.10144E-2 9.2361E-3 7.84283E-3 6.98583E-3 8.16887E-3 1.28927E-2 3.24268E-3 1.12401E-2 3.04393E-3 1.31321E-2 1.19256E-2 1.50789E-2 1.32422E-2 1.50288E-2 1.37569E-2 2.75508E-2 3.00607E-2 2.142E-2 1.8767E-2 1.67919E-2 1.57768E-2 1.50458E-2 1.29879E-2 1.31542E-2 1.39489E-2 1.44482E-2 1.55554E-2 2.11738E-2 2.73169E-2 3.12111E-2 3.46146E-2 3.63144E-2 3.69545E-2 3.1157E-2 3.02581E-2 2.90251E-2 2.90361E-2 3.00706E-2 3.16839E-2 3.50098E-2 3.76532E-2 4.26585E-2 4.60793E-2 4.99839E-2 5.57854E-2 6.54412E-2 6.30066E-2 7.61744E-2 1.10079E-1 5.2281E-1 4.94454E-1 8.54291E-1 7.62189E-1 7.28108E-1 7.17474E-1 6.97879E-1 7.0662E-1 6.1366E-1 5.1524E-1 4.92061E-1 4.31702E-1 1.68947E-1 1.67727E-1 1.32816E-1 1.20374E-1 1.13455E-1 1.10929E-1 8.6116E-2
1.99908E-2 2.31063E-2 1.02581E-2 7.6829E-3 7.57589E-3 7.52498E-3 1.43274E-2 1.36474E-1 1.11417E-1 9.4E-2 1.13856E-2 9.24161E-3 1.04887E-2 1.00037E-2 1.20322E-2 1.0825E-2 1.14885E-2 2.18881E-2 1.83943E-2 1.6658E-2 1.52195E-2 1.46148E-2 1.45635E-2 1.45409E-2 1.25385E-2 1.31158E-2 1.34165E-2 1.41573E-2 1.94274E-2 2.09118E-2 2.36196E-2 2.52283E-2 2.7748E-2 2.98866E-2 3.09481E-2 3.08444E-2 3.06006E-2 3.13013E-2 3.37055E-2 3.38422E-2 3.52171E-2 3.79108E-2 4.02721E-2 4.53434E-2 4.93861E-2 5.31049E-2 5.82597E-2 6.96996E-2 8.09627E-2 7.13363E-2 9.77702E-2 4.6442E-1 4.86245E-1 8.2573E-1 7.08176E-1 6.59447E-1 6.29981E-1 6.89172E-1 7.77218E-1 5.64096E-1 5.20929E-1 5.11651E-1 4.80337E-1 4.65893E-1 3.99571E-1 4.08936E-1 3.93793E-1 3.38931E-1 3.56906E-1 9.42558E-2
2.282E-2 1.01788E-2 7.66122E-3 7.14375E-3 7.46571E-3 1.47193E-2 1.03243E-1 1.36418E-1 9.46038E-2 4.38225E-2 7.69235E-2 8.71629E-3 8.38126E-3 9.92273E-3 8.83852E-3 9.12543E-3 9.75415E-3 1.4671E-2 1.51689E-2 1.43447E-2 1.34689E-2 1.32948E-2 1.39676E-2 1.42297E-2 1.24409E-2 1.31287E-2 1.35482E-2 1.44222E-2 1.5337E-2 2.09586E-2 2.30615E-2 2.48481E-2 2.66368E-2 2.84448E-2 2.92405E-2 3.82514E-2 3.15147E-2 3.46644E-2 3.81012E-2 3.8117E-2 3.89371E-2 4.15056E-2 4.48385E-2 5.11341E-2 5.61344E-2 7.64806E-2 8.07672E-2 7.87227E-2 8.77919E-2 8.96599E-2 9.47913E-2 5.15962E-1 4.79246E-1 6.70194E-1 6.76606E-1 6.87647E-1 6.54366E-1 6.36475E-1 7.08526E-1 6.37603E-1 5.41609E-1 5.17712E-1 4.85095E-1 4.5968E-1 4.3976E-1 4.4432E-1 4.01767E-1 4.04373E-1 3.52088E-1 1.07621E-1
1.10211E-2 9.18478E-3 8.68457E-3 8.25188E-3 1.08151E-2 2.02269E-1 1.3587E-1 1.24551E-1 1.23457E-1 4.71034E-2 5.22299E-2 6.65933E-3 6.22921E-3 7.7354E-3 8.44718E-3 7.50968E-3 1.31015E-2 1.37971E-2 1.38923E-2 1.3703E-2 1.32313E-2 1.32452E-2 1.36176E-2 1.18004E-2 1.25633E-2 1.28033E-2 1.36298E-2 1.4065E-2 1.51603E-2 2.04615E-2 2.21337E-2 2.38502E-2 2.55689E-2 2.68703E-2 2.13369E-1 2.24261E-1 1.89122E-1 3.47694E-2 3.95181E-2 4.07611E-2 4.16009E-2 4.53223E-2 5.08159E-2 5.96154E-2 8.73426E-2 9.62587E-2 9.77573E-2 1.09707E-1 1.23209E-1 1.2015E-1 1.08557E-1 5.06586E-1 8.65323E-1 6.77265E-1 6.8363E-1 7.47799E-1 6.3357E-1 7.47986E-1 7.10426E-1 7.16518E-1 6.2839E-1 5.4186E-1 4.85944E-1 5.08608E-1 4.6499E-1 3.91875E-1 4.0095E-1 4.0663E-1 3.47527E-1 1.05193E-1
9.61097E-3 8.32851E-3 7.70611E-3 8.09351E-3 1.28672E-2 2.19427E-1 1.27071E-1 1.22327E-1 8.11728E-2 3.13955E-2 1.63459E-2 4.6344E-3 6.69256E-3 7.54432E-3 1.64698E-2 1.64328E-2 1.51683E-2 1.39915E-2 1.38929E-2 1.33523E-2 1.32412E-2 1.33758E-2 1.15469E-2 1.15621E-2 1.25284E-2 1.24977E-2 1.37632E-2 1.42742E-2 1.56578E-2 2.03091E-2 2.16972E-2 2.28914E-2 1.5716E-1 9.71519E-2 1.04185E-1 8.9343E-2 9.1227E-2 9.73567E-2 2.22915E-1 4.16717E-2 4.48171E-2 5.12987E-2 5.97528E-2 9.1158E-2 1.17497E-1 1.33325E-1 1.27837E-1 5.21106E-1 5.04517E-1 4.9244E-1 5.02175E-1 4.80074E-1 7.20433E-1 7.41777E-1 6.92825E-1 7.28895E-1 6.02693E-1 6.92843E-1 7.22185E-1 6.68485E-1 6.24703E-1 6.19841E-1 5.43365E-1 5.39561E-1 4.96869E-1 3.99873E-1 4.00867E-1 3.47882E-1 1.13048E-1 9.09689E-2
6.91417E-3 7.76901E-3 7.41054E-3 7.60905E-3 9.27607E-3 1.57404E-2 7.69722E-2 4.88782E-2 2.43124E-2 1.3309E-2 1.32204E-2 5.24516E-3 6.11054E-3 1.56171E-2 1.6743E-2 1.66421E-2 1.50571E-2 1.43452E-2 1.35974E-2 1.3486E-2 1.30403E-2 1.11577E-2 1.12712E-2 1.14866E-2 1.20762E-2 1.25725E-2 1.3502E-2 1.45225E-2 1.54243E-2 1.63402E-2 2.14556E-2 1.44757E-1 6.9504E-2 9.20615E-2 1.01948E-1 1.15431E-1 1.00384E-1 1.03622E-1 1.09903E-1 1.19932E-1 2.65763E-1 3.05167E-1 7.0897E-2 1.13121E-1 5.21776E-1 5.07276E-1 4.98066E-1 4.79781E-1 4.61164E-1 4.51759E-1 4.80103E-1 6.97691E-1 6.98452E-1 7.17467E-1 7.28359E-1 7.17664E-1 7.73542E-1 6.74336E-1 7.11611E-1 6.99495E-1 6.73E-1 6.62044E-1 5.63843E-1 5.73614E-1 5.26913E-1 4.32997E-1 3.7332E-1 3.7231E-1 3.54323E-1 1.19977E-1
1.66231E-3 8.43661E-3 7.53486E-3 6.56971E-3 6.00646E-3 6.20688E-3 6.27007E-3 1.41916E-2 1.13315E-2 1.02209E-2 3.01443E-2 9.93815E-3 1.20395E-2 1.49514E-2 1.18094E-2 1.20532E-2 1.11474E-2 1.06289E-2 1.01447E-2 8.40889E-3 8.37994E-3 1.11303E-2 1.15992E-2 1.19812E-2 1.25207E-2 1.2986E-2 1.37421E-2 1.45229E-2 1.5386E-2 1.63609E-2 1.41633E-1 6.75528E-2 6.84702E-2 6.94546E-2 7.129E-2 1.00646E-1 1.00546E-1 1.09252E-1 1.20217E-1 1.29789E-1 1.48292E-1 1.78029E-1 3.8752E-1 1.04048E-1 5.29304E-1 5.03667E-1 4.87752E-1 3.97073E-1 3.78895E-1 8.07313E-1 6.42189E-1 6.63913E-1 7.49799E-1 7.96688E-1 7.95186E-1 7.25781E-1 7.71359E-1 6.96442E-1 6.67855E-1 6.58672E-1 7.12268E-1 6.02024E-1 5.96753E-1 6.17835E-1 5.15464E-1 4.77568E-1 4.27039E-1 4.34452E-1 4.13322E-1 4.2693E-1
4.81856E-3 8.4213E-3 7.60518E-3 6.50712E-3 7.17714E-3 5.43063E-3 4.44142E-3 5.34481E-3 6.875E-2 6.38836E-2 9.75118E-3 1.06915E-2 1.11926E-2 8.87881E-3 1.09464E-2 1.10192E-2 1.04009E-2 9.92954E-3 8.56724E-3 8.35642E-3 8.26229E-3 8.59259E-3 8.85387E-3 9.2506E-3 9.70559E-3 9.74161E-3 1.37249E-2 1.47254E-2 1.59561E-2 1.12937E-1 6.75808E-2 6.93704E-2 6.82888E-2 6.75683E-2 6.4615E-2 7.0607E-2 9.66817E-2 1.16503E-1 1.29184E-1 1.16768E-1 1.33107E-1 1.56812E-1 1.92889E-1 2.29495E-1 8.89123E-1 4.91028E-1 4.7157E-1 3.65536E-1 5.56106E-1 5.86665E-1 6.57121E-1 7.13112E-1 6.94003E-1 6.82923E-1 7.3941E-1 7.05047E-1 6.73158E-1 6.53586E-1 7.16944E-1 6.85136E-1 6.71284E-1 6.76192E-1 6.23195E-1 5.82539E-1 5.58233E-1 4.78737E-1 4.7134E-1 5.5381E-1 5.32733E-1 4.91701E-1
9.00297E-3 9.90866E-3 8.93986E-3 8.16293E-3 7.35716E-3 7.02672E-3 1.11091E-2 1.12243E-2 7.84411E-3 7.30149E-3 7.30174E-3 7.81865E-3 8.60041E-3 8.50557E-3 8.85701E-3 9.01805E-3 8.66324E-3 8.19697E-3 7.97222E-3 8.41749E-3 8.80965E-3 8.9404E-3 9.54404E-3 9.3679E-3 9.681E-3 1.04296E-2 1.06543E-2 1.5542E-2 1.12811E-1 5.56884E-2 7.37703E-2 7.38922E-2 7.30606E-2 7.10531E-2 7.2076E-2 9.92422E-2 1.04985E-1 1.25104E-1 1.15548E-1 1.2808E-1 1.40646E-1 1.59374E-1 2.31728E-1 2.73489E-1 7.6962E-1 7.483E-1 6.56184E-1 6.96193E-1 6.00082E-1 6.27347E-1 5.65464E-1 6.66301E-1 6.791E-1 7.49585E-1 6.49447E-1 6.56364E-1 6.73062E-1 6.75327E-1 7.08151E-1 7.24398E-1 7.25948E-1 7.03239E-1 6.47664E-1 5.48299E-1 5.39065E-1 4.76149E-1 5.16946E-1 5.25014E-1 5.70726E-1 5.37191E-1
1.52079E-2 1.78625E-2 1.71126E-2 1.56193E-2 1.62315E-2 1.49921E-2 1.24109E-2 1.21739E-2 8.98842E-3 1.17623E-2 8.21345E-3 8.2169E-3 8.6001E-3 1.19722E-2 1.25436E-2 1.27022E-2 1.18711E-2 8.29929E-3 8.17392E-3 8.28073E-3 8.88839E-3 1.33102E-2 9.98752E-3 1.40203E-2 1.39498E-2 1.01483E-2 1.09588E-2 1.07326E-1 5.30296E-2 6.24834E-2 6.61644E-2 8.12738E-2 8.10333E-2 7.86464E-2 8.33934E-2 9.37169E-2 1.10264E-1 1.26878E-1 1.1827E-1 1.72678E-1 1.46661E-1 1.61232E-1 1.721E-1 2.45745E-1 2.78613E-1 7.38078E-1 7.01927E-1 7.00407E-1 6.4227E-1 6.1699E-1 7.21824E-1 7.27053E-1 7.49704E-1 7.00938E-1 6.80144E-1 6.94305E-1 6.78405E-1 7.36017E-1 7.22843E-1 7.18408E-1 7.29273E-1 7.27979E-1 6.91769E-1 6.39919E-1 5.43853E-1 4.87398E-1 4.75389E-1 5.15269E-1 5.11077E-1 5.10207E-1
1.76274E-2 1.91694E-2 1.81438E-2 1.84571E-2 1.71795E-2 1.62833E-2 1.57413E-2 1.01898E-2 9.33039E-3 9.26848E-3 1.29724E-2 1.26501E-2 1.24292E-2 1.31208E-2 7.58175E-3 7.86219E-3 1.26228E-2 8.23637E-3 8.3766E-3 8.6205E-3 9.53215E-3 1.40199E-2 1.52749E-2 1.42798E-2 1.47164E-2 1.04732E-2 3.29805E-2 4.76431E-2 5.73062E-2 6.71768E-2 7.63509E-2 9.43231E-2 8.96895E-2 8.78889E-2 9.22776E-2 9.85981E-2 9.055E-2 1.37518E-1 1.58779E-1 1.70235E-1 1.48916E-1 1.63074E-1 1.71752E-1 2.35784E-1 2.64916E-1 7.26303E-1 7.03499E-1 6.67923E-1 6.46047E-1 6.27067E-1 6.75451E-1 7.17776E-1 7.38793E-1 6.97529E-1 6.57251E-1 6.86148E-1 7.02217E-1 6.94042E-1 6.73778E-1 7.05606E-1 7.32464E-1 6.99721E-1 6.17581E-1 6.45273E-1 6.08871E-1 5.16762E-1 4.96409E-1 5.05105E-1 5.03574E-1 5.16792E-1
1.95192E-2 1.94342E-2 1.96517E-2 1.87394E-2 1.38552E-2 1.32952E-2 1.3394E-2 1.32902E-2 1.48684E-2 1.40115E-2 1.3174E-2 8.13895E-3 1.296E-2 1.26377E-2 1.32852E-2 1.29714E-2 1.61611E-2 1.16909E-2 8.21282E-3 1.23283E-2 1.93917E-2 1.33579E-2 2.1445E-2 2.06218E-2 1.43041E-2 3.21666E-2 3.22987E-2 3.63205E-2 5.64919E-2 7.20816E-2 8.36856E-2 9.79627E-2 9.57493E-2 1.02131E-1 7.98934E-2 1.14819E-1 1.26364E-1 1.38814E-1 1.54335E-1 1.39666E-1 1.48461E-1 1.59063E-1 1.6318E-1 2.35607E-1 6.95696E-1 6.84166E-1 6.74249E-1 6.77228E-1 6.5811E-1 6.22406E-1 6.7226E-1 7.13611E-1 7.16383E-1 7.12311E-1 6.88343E-1 6.99046E-1 7.24717E-1 7.0335E-1 6.82751E-1 6.55227E-1 6.56334E-1 6.4306E-1 6.66184E-1 6.2598E-1 6.20402E-1 5.36427E-1 5.06049E-1 5.06715E-1 5.02521E-1 5.0677E-1
1.9531E-2 2.0164E-2 2.03959E-2 1.46057E-2 1.45017E-2 1.51926E-2 2.04871E-2 1.93386E-2 1.80078E-2 9.31654E-3 8.73494E-3 8.36751E-3 1.36809E-2 1.33409E-2 1.7882E-2 1.79036E-2 1.63784E-2 1.52606E-2 8.34124E-3 1.21354E-2 2.10579E-2 1.55077E-2 1.35499E-2 1.31567E-1 5.8076E-2 4.00429E-2 3.22612E-2 4.62349E-2 5.31697E-2 6.52236E-2 7.73912E-2 9.50346E-2 7.63582E-2 1.00462E-1 1.09623E-1 1.25608E-1 1.38607E-1 1.53938E-1 1.66982E-1 1.44181E-1 1.54214E-1 9.49123E-2 1.01214E-1 2.38897E-1 6.78715E-1 6.89151E-1 6.88198E-1 6.75299E-1 6.56957E-1 6.68047E-1 7.55959E-1 7.20426E-1 6.9552E-1 7.125E-1 6.95347E-1 6.72025E-1 6.90099E-1 7.23685E-1 6.8752E-1 6.52796E-1 6.35199E-1 6.2679E-1 6.44181E-1 6.81203E-1 6.22833E-1 5.63159E-1 5.16884E-1 4.87201E-1 4.84953E-1 4.66681E-1
1.99072E-2 2.03189E-2 1.52571E-2 1.51886E-2 1.57557E-2 1.70083E-2 2.24391E-2 1.23615E-2 1.94435E-2 1.6132E-2 2.09143E-2 1.91625E-2 1.86888E-2 1.79774E-2 1.77457E-2 1.72841E-2 1.23299E-2 1.17433E-2 1.11895E-2 1.21665E-2 2.08987E-2 1.35568E-2 1.35394E-1 5.68688E-2 5.43532E-2 5.77235E-2 4.25658E-2 4.65788E-2 5.21302E-2 6.19765E-2 6.84984E-2 9.2996E-2 1.01337E-1 1.04819E-1 1.20466E-1 1.39994E-1 1.53215E-1 1.68242E-1 1.8644E-1 1.55395E-1 1.59109E-1 9.84829E-2 1.09702E-1 6.89743E-1 6.67423E-1 6.78512E-1 6.14282E-1 6.7806E-1 6.74223E-1 6.44169E-1 7.23187E-1 7.2021E-1 7.05253E-1 7.13251E-1 6.41579E-1 6.39786E-1 6.83996E-1 5.18317E-1 4.90061E-1 6.17807E-1 6.19676E-1 6.32468E-1 6.55309E-1 6.20379E-1 6.37086E-1 5.52286E-1 4.62867E-1 4.92394E-1 4.84232E-1 4.54762E-1
1.71509E-2 1.74173E-2 1.51037E-2 1.63105E-2 1.6835E-2 2.30622E-2 2.95915E-2 2.8798E-2 2.30561E-2 2.19277E-2 2.08598E-2 1.24153E-2 1.18346E-2 1.93795E-2 1.92016E-2 1.82863E-2 1.77216E-2 1.21026E-2 1.25432E-2 1.30486E-2 1.34973E-2 1.25498E-1 5.3161E-2 5.27191E-2 5.40024E-2 5.60853E-2 4.63342E-2 4.72682E-2 5.30587E-2 6.04523E-2 8.5203E-2 9.56781E-2 1.10018E-1 1.24099E-1 1.45769E-1 1.67186E-1 1.78854E-1 1.89377E-1 1.57168E-1 1.69878E-1 1.747E-1 1.03472E-1 1.24822E-1 6.24107E-1 6.41878E-1 4.66452E-1 4.89835E-1 4.96323E-1 5.64598E-1 6.64158E-1 6.9922E-1 6.51167E-1 5.49723E-1 6.74249E-1 6.35347E-1 6.70058E-1 6.58275E-1 4.59346E-1 4.33208E-1 4.76772E-1 6.18078E-1 5.8294E-1 6.23327E-1 6.06485E-1 5.90221E-1 5.47583E-1 5.32386E-1 4.26778E-1 5.21905E-1 5.04218E-1
1.45263E-2 1.67513E-2 1.70914E-2 1.73406E-2 2.12039E-2 2.92636E-2 2.89409E-2 2.42026E-2 2.38075E-2 2.27353E-2 2.22037E-2 2.16566E-2 2.08345E-2 1.99174E-2 1.95627E-2 1.91505E-2 1.41051E-2 1.7906E-2 1.315E-2 1.31725E-2 1.92854E-2 9.44457E-2 5.28081E-2 5.38394E-2 5.74194E-2 4.58026E-2 4.88772E-2 5.13956E-2 5.35787E-2 5.988E-2 9.04842E-2 8.16679E-2 1.24146E-1 1.94585E-1 1.90556E-1 2.05103E-1 2.09502E-1 2.11511E-1 1.69444E-1 1.69002E-1 1.69999E-1 1.12764E-1 1.18168E-1 4.67575E-1 5.06376E-1 5.03398E-1 4.9548E-1 4.92866E-1 4.83267E-1 6.25481E-1 5.76855E-1 6.44301E-1 5.14329E-1 6.47018E-1 6.52747E-1 6.92541E-1 5.96778E-1 4.61162E-1 4.42608E-1 4.49046E-1 6.21167E-1 6.04009E-1 6.30666E-1 5.77041E-1 5.63604E-1 4.49463E-1 4.49043E-1 4.97481E-1 4.72414E-1 5.28795E-1
1.06099E-2 1.30014E-2 1.51881E-2 1.54884E-2 1.71619E-2 1.68276E-2 2.37839E-2 2.36884E-2 1.42333E-2 1.40378E-2 1.4144E-2 1.39671E-2 1.37231E-2 1.27783E-2 1.23353E-2 2.08231E-2 1.43358E-2 1.39336E-2 1.94208E-2 1.44309E-2 1.4402E-2 4.53047E-2 6.22574E-2 4.84642E-2 7.04157E-2 7.10809E-2 7.31692E-2 7.19663E-2 7.67018E-2 8.01533E-2 7.01137E-2 8.95365E-2 1.50419E-1 2.00042E-1 2.40084E-1 2.40667E-1 2.47377E-1 2.44082E-1 2.29356E-1 1.64847E-1 1.90106E-1 6.31474E-1 4.79798E-1 4.67448E-1 1.11447E-1 1.30512E-1 4.87218E-1 4.7779E-1 4.68308E-1 6.19246E-1 6.89927E-1 4.53654E-1 5.017E-1 4.85285E-1 6.16092E-1 6.71751E-1 6.28035E-1 5.4953E-1 6.03655E-1 4.98096E-1 5.78909E-1 5.8839E-1 5.46694E-1 5.34626E-1 4.49324E-1 4.60526E-1 3.98628E-1 4.05055E-1 4.3702E-1 4.70318E-1
9.09045E-3 9.81314E-3 1.18665E-2 1.31014E-2 1.56332E-2 1.6234E-2 1.62352E-2 1.70209E-2 2.35201E-2 1.45508E-2 1.47164E-2 1.47717E-2 1.40704E-2 2.22003E-2 2.21996E-2 2.13302E-2 2.16136E-2 1.51292E-2 1.55411E-2 1.55593E-2 1.60024E-2 6.65909E-2 7.17174E-2 8.04816E-2 8.58779E-2 8.89275E-2 8.56214E-2 8.1329E-2 8.195E-2 8.3982E-2 7.70057E-2 9.99545E-2 1.77043E-1 2.26622E-1 2.66931E-1 2.89574E-1 2.89598E-1 2.79358E-1 2.55324E-1 2.51492E-1 6.39136E-1 5.65528E-1 5.69705E-1 6.16031E-1 6.26116E-1 6.34546E-1 4.7179E-1 5.2327E-1 6.19132E-1 6.11331E-1 6.8861E-1 5.29395E-1 4.99099E-1 4.44932E-1 4.0887E-1 6.33017E-1 5.76576E-1 6.19847E-1 4.80494E-1 5.57418E-1 6.00251E-1 5.10014E-1 4.66181E-1 4.86918E-1 3.931E-1 1.53135E-1 1.45638E-1 1.63841E-1 4.53824E-1 4.82559E-1
9.469E-3 9.34456E-3 1.05283E-2 1.18221E-2 1.41003E-2 1.55389E-2 1.59681E-2 2.28881E-2 1.42527E-2 2.53909E-2 1.56214E-2 1.56676E-2 2.50995E-2 2.44016E-2 2.33312E-2 2.29269E-2 2.30697E-2 1.68094E-2 1.71156E-2 1.66066E-2 1.70691E-2 5.4688E-2 6.1439E-2 1.00662E-1 6.98539E-2 1.05475E-1 6.13478E-2 5.61697E-2 8.73177E-2 9.11934E-2 1.14945E-1 1.13075E-1 1.50386E-1 2.42608E-1 2.96555E-1 7.31292E-1 7.165E-1 7.12071E-1 7.11275E-1 6.90583E-1 5.60094E-1 5.21507E-1 5.80814E-1 1.94247E-1 5.96652E-1 5.96017E-1 5.89201E-1 7.28341E-1 7.00625E-1 7.15089E-1 5.68038E-1 5.3688E-1 5.04006E-1 4.53894E-1 4.03193E-1 4.69806E-1 4.87556E-1 5.82071E-1 5.5141E-1 5.71885E-1 5.47122E-1 4.76574E-1 4.65634E-1 4.65383E-1 4.86047E-1 1.43755E-1 1.28355E-1 1.66544E-1 4.31029E-1 4.23639E-1
2.68019E-2 2.7809E-2 7.02581E-2 1.13391E-2 1.30981E-2 1.36988E-2 2.07587E-2 1.61275E-2 2.40082E-2 1.60264E-2 1.71591E-2 1.74849E-2 2.66055E-2 2.54407E-2 1.75373E-2 1.79367E-2 1.85445E-2 1.81293E-2 1.85421E-2 1.7969E-2 1.88672E-2 5.82514E-2 8.98547E-2 1.16673E-1 8.76056E-2 1.25104E-1 1.10548E-1 1.02308E-1 9.86785E-2 1.13323E-1 1.10279E-1 1.34578E-1 2.17877E-1 2.69518E-1 7.28688E-1 6.42225E-1 6.96709E-1 6.86513E-1 6.78649E-1 4.55931E-1 4.93433E-1 5.29317E-1 6.27569E-1 5.83503E-1 5.66724E-1 5.65118E-1 5.86584E-1 7.2403E-1 6.4071E-1 6.55452E-1 6.68695E-1 5.43795E-1 5.31949E-1 5.25904E-1 5.06513E-1 4.64938E-1 4.23727E-1 5.62786E-1 5.26653E-1 5.65208E-1 4.78509E-1 4.68581E-1 4.5036E-1 4.70228E-1 4.58631E-1 2.15557E-1 1.61318E-1 4.30816E-1 4.32424E-1 1.61679E-1
2.60893E-2 2.71202E-2 2.99127E-2 3.37491E-2 3.62131E-2 4.02189E-2 9.86157E-2 2.1599E-2 2.48519E-2 1.7747E-2 2.45885E-2 2.37616E-2 3.70076E-2 2.69485E-2 2.61354E-2 1.93092E-2 2.7689E-2 2.11673E-2 2.06176E-2 2.0412E-2 2.06678E-2 6.04511E-2 6.37474E-2 1.08333E-1 1.2978E-1 1.32462E-1 7.68791E-2 1.1551E-1 1.2035E-1 1.48524E-1 1.94678E-1 1.99358E-1 2.40249E-1 7.19171E-1 6.96763E-1 6.13415E-1 6.64478E-1 6.49474E-1 5.57065E-1 3.73455E-1 4.02221E-1 5.10949E-1 5.96865E-1 6.00893E-1 6.84008E-1 6.06884E-1 6.26727E-1 5.71695E-1 5.87161E-1 6.05526E-1 6.1928E-1 5.25514E-1 5.33742E-1 5.78279E-1 5.54611E-1 5.27287E-1 4.67016E-1 5.34847E-1 4.99219E-1 5.35063E-1 5.06079E-1 4.39365E-1 4.49818E-1 4.79119E-1 4.76916E-1 3.73018E-1 3.99533E-1 4.2064E-1 3.91859E-1 4.58323E-1
2.73996E-2 2.83917E-2 3.11353E-2 3.22507E-2 3.65112E-2 3.87606E-2 4.2353E-2 6.6104E-2 2.56737E-2 2.24196E-2 2.43997E-2 4.15967E-2 3.80159E-2 2.71345E-2 1.94462E-2 2.10888E-2 2.29531E-2 2.43038E-2 3.37768E-2 2.40621E-2 2.29756E-2 1.48084E-1 4.98316E-2 8.05169E-2 1.25175E-1 1.32092E-1 1.35545E-1 1.04005E-1 6.75396E-2 1.31084E-1 1.58221E-1 1.84756E-1 2.57525E-1 7.01571E-1 6.72721E-1 6.40684E-1 6.12482E-1 6.87371E-1 5.20925E-1 4.27083E-1 3.88199E-1 5.70657E-1 5.70011E-1 6.63174E-1 6.24099E-1 5.98213E-1 6.0075E-1 5.0847E-1 5.42984E-1 5.83531E-1 6.20122E-1 4.91534E-1 5.15264E-1 5.38156E-1 5.31638E-1 4.87684E-1 4.35844E-1 5.43427E-1 4.8768E-1 5.18453E-1 5.03897E-1 4.6701E-1 4.28221E-1 4.50797E-1 4.67643E-1 3.61375E-1 3.3826E-1 3.56065E-1 4.13152E-1 5.02224E-1
2.79718E-2 3.06744E-2 3.31545E-2 4.76434E-2 3.68275E-2 3.92781E-2 4.27254E-2 6.51032E-2 1.99324E-1 2.28948E-2 2.53093E-2 2.7117E-2 3.27085E-2 2.99056E-2 2.89368E-2 3.14104E-2 3.63224E-2 4.09044E-2 4.10004E-2 3.93767E-2 2.89091E-2 2.83591E-2 6.35694E-2 9.63073E-2 1.36622E-1 1.49734E-1 1.19825E-1 1.22246E-1 1.27309E-1 8.59083E-2 1.62201E-1 2.04805E-1 6.95668E-1 6.55188E-1 6.29495E-1 6.39239E-1 6.69289E-1 5.14643E-1 1.97209E-1 5.04182E-1 5.44177E-1 5.61645E-1 5.50551E-1 6.14725E-1 5.89869E-1 5.62091E-1 5.5113E-1 5.02336E-1 4.88037E-1 5.73792E-1 6.13547E-1 5.93641E-1 6.03305E-1 4.86195E-1 4.64801E-1 4.61956E-1 4.34985E-1 5.02968E-1 4.7998E-1 5.61706E-1 4.86351E-1 4.5271E-1 4.06245E-1 4.07062E-1 4.15881E-1 3.3316E-1 3.44422E-1 3.70706E-1 4.01534E-1 3.94638E-1
3.14336E-2 3.2118E-2 4.76018E-2 3.78406E-2 3.99219E-2 5.73178E-2 6.09839E-2 6.66987E-2 9.68922E-2 3.60247E-2 2.38234E-2 4.35381E-2 3.53028E-2 3.25226E-2 3.54692E-2 3.73174E-2 4.25859E-2 4.9395E-2 4.88539E-2 4.75083E-2 4.65647E-2 4.80579E-2 2.81522E-2 2.43281E-1 1.26249E-1 1.36637E-1 1.41645E-1 1.4964E-1 1.53963E-1 9.95131E-2 1.21131E-1 6.47723E-1 6.69201E-1 6.90315E-1 6.65458E-1 5.88131E-1 5.1883E-1 1.22963E-1 2.06042E-1 5.26181E-1 6.03566E-1 5.1188E-1 4.93693E-1 5.0048E-1 5.62089E-1 5.22209E-1 4.30651E-1 4.33778E-1 4.0808E-1 4.31195E-1 5.03324E-1 5.80062E-1 5.83298E-1 5.66878E-1 4.07626E-1 4.15854E-1 4.04241E-1 4.70181E-1 4.6279E-1 4.94924E-1 4.75192E-1 4.37943E-1 3.66806E-1 3.52363E-1 3.67565E-1 3.86669E-1 1.24447E-1 3.27164E-1 3.29542E-1 3.23947E-1
3.3398E-2 4.71378E-2 5.17253E-2 5.53782E-2 5.85144E-2 6.06189E-2 6.4165E-2 6.68541E-2 9.53309E-2 3.68718E-2 3.99122E-2 4.19164E-2 4.40416E-2 4.57616E-2 3.94113E-2 4.27426E-2 4.84466E-2 5.4868E-2 5.65395E-2 5.69176E-2 6.00038E-2 6.14181E-2 4.97584E-2 5.25944E-2 3.05738E-1 1.67783E-1 1.76643E-1 1.16219E-1 1.23679E-1 1.31625E-1 4.80837E-1 4.52953E-1 6.96269E-1 5.86842E-1 5.17323E-1 5.11214E-1 1.55793E-1 1.97339E-1 4.99783E-1 5.45701E-1 6.12213E-1 5.05762E-1 4.78837E-1 4.59151E-1 4.7605E-1 4.6056E-1 4.01461E-1 4.61439E-1 4.34188E-1 4.35649E-1 4.41584E-1 5.07288E-1 4.98451E-1 4.58815E-1 3.7655E-1 3.75114E-1 3.62857E-1 4.30009E-1 4.23944E-1 1.61331E-1 4.05298E-1 4.06711E-1 3.91344E-1 1.26084E-1 1.32296E-1 1.30943E-1 1.43179E-1 1.49962E-1 1.17517E-1 1.21362E-1
4.65924E-2 5.01957E-2 3.2632E-2 5.86639E-2 6.16167E-2 6.44705E-2 6.6752E-2 4.17324E-2 7.93843E-2 2.93408E-2 2.81475E-2 4.16305E-2 4.49815E-2 5.03273E-2 4.4151E-2 4.90733E-2 5.45803E-2 5.96513E-2 6.52076E-2 6.84641E-2 7.25562E-2 7.75018E-2 6.42869E-2 6.84976E-2 7.36986E-2 8.11313E-2 2.2928E-1 1.56482E-1 5.26957E-1 4.80426E-1 4.67877E-1 4.98536E-1 3.30269E-1 2.99938E-1 3.82096E-1 3.66614E-1 1.3254E-1 1.57214E-1 4.34967E-1 5.21369E-1 5.33462E-1 4.93258E-1 4.52283E-1 4.17906E-1 3.66019E-1 4.00356E-1 4.12237E-1 4.14934E-1 4.15166E-1 4.26786E-1 4.27878E-1 4.32204E-1 4.22841E-1 4.26502E-1 2.84485E-1 2.88341E-1 2.75585E-1 4.17644E-1 1.43335E-1 1.28998E-1 1.30729E-1 1.52438E-1 3.74759E-1 1.50184E-1 1.40501E-1 1.25474E-1 1.26596E-1 1.1171E-1 9.32472E-2 1.05308E-1
4.65815E-2 4.98413E-2 3.29315E-2 3.62757E-2 3.87687E-2 6.56225E-2 6.9588E-2 7.2504E-2 7.90567E-2 1.00317E-1 3.03549E-2 4.2863E-2 4.98719E-2 4.52702E-2 4.87175E-2 5.38609E-2 6.13637E-2 4.04148E-2 4.49702E-2 4.8024E-2 8.84726E-2 9.1853E-2 7.87596E-2 8.88036E-2 9.80503E-2 1.09445E-1 7.76879E-1 6.74788E-1 4.94969E-1 4.49283E-1 5.11508E-1 4.73125E-1 3.96513E-2 2.88077E-1 3.19617E-1 3.31362E-1 3.28017E-1 1.35926E-1 3.91824E-1 4.51849E-1 4.60583E-1 4.16165E-1 3.89062E-1 3.59029E-1 2.79216E-1 3.18233E-1 3.65331E-1 3.53843E-1 3.7117E-1 4.17704E-1 4.18467E-1 4.03841E-1 3.74375E-1 3.52039E-1 2.58155E-1 3.727E-1 3.65935E-1 3.24432E-1 1.36624E-1 1.22452E-1 1.24143E-1 1.45063E-1 3.80525E-1 1.56763E-1 1.34303E-1 1.11761E-1 1.12669E-1 8.84232E-2 7.2522E-2 8.6298E-2
1.76503E-2 3.00098E-2 5.62699E-2 3.69909E-2 4.02089E-2 4.27762E-2 7.30807E-2 7.72291E-2 5.89169E-2 6.31799E-2 3.25449E-2 3.72189E-2 4.37485E-2 4.9346E-2 3.33748E-2 3.56679E-2 3.8845E-2 7.47626E-2 8.22736E-2 5.68465E-2 6.38636E-2 1.14535E-1 9.89521E-2 1.07216E-1 1.24659E-1 4.43905E-1 2.93941E-1 8.16585E-1 6.00474E-1 5.4151E-1 4.49449E-1 3.80978E-1 2.92824E-1 1.62376E-1 3.35776E-1 3.16901E-1 3.35961E-1 3.23373E-1 4.30713E-1 4.41225E-1 4.86857E-1 3.93914E-1 3.48238E-1 3.10397E-1 3.51296E-1 2.84504E-1 3.6305E-1 3.81394E-1 4.1639E-1 4.38118E-1 3.77677E-1 3.84875E-1 3.38585E-1 3.29635E-1 3.36909E-1 3.81699E-1 3.31044E-1 1.06472E-1 1.32044E-1 1.13258E-1 1.36882E-1 3.67332E-1 3.76623E-1 1.50689E-1 1.39085E-1 1.11761E-1 8.1661E-2 7.8607E-2 6.14741E-2 7.2238E-2
