KUENM_DEFAULT/Final_Models/M_1_F_lqpth_Set_1_NE/sp1_2.asc
ncols         197
nrows         210
xllcorner     56.1666666666667
yllcorner     4.5
cellsize      0.166666666666667
NODATA_value  -9999
[rows 56 to 83 of 210, columns 130 to 194 of 197]
1.55927E-2 9.25953E-3 1.22813E-2 4.44617E-3 4.11964E-3 2.07525E-3 1.92683E-3 8.15281E-4 1.03326E-3 1.32135E-3 1.17307E-3 7.18703E-4 7.85132E-4 6.40178E-4 9.5822E-4 4.40149E-4 7.27863E-4 5.21723E-4 5.98223E-4 7.52728E-4 9.33949E-4 8.31734E-4 1.31776E-3 1.31646E-3 7.67245E-4 7.37276E-4 4.86469E-4 5.78256E-4 9.91067E-4 1.29703E-3 1.93321E-3 2.15826E-3 1.26253E-3 8.7593E-4 5.57866E-4 4.89514E-4 4.70877E-4 2.83034E-4 1.40072E-4 1.44395E-4 1.48487E-4 8.50945E-5 6.77038E-5 6.31679E-5 -9999 -9999 -9999 -9999 -9999 -9999 -9999 -9999 -9999 -9999 -9999 -9999 -9999 -9999 -9999 -9999 -9999 -9999 -9999 -9999 -9999
3.0838E-2 2.53101E-2 1.29393E-2 3.15621E-3 2.3753E-3 3.93742E-3 1.51782E-3 1.27375E-3 2.3768E-3 1.99891E-3 1.85083E-3 1.94243E-3 1.48038E-3 1.23006E-3 1.23232E-3 8.42486E-4 1.37968E-3 8.56109E-4 7.40379E-4 9.51481E-4 1.31074E-3 7.90508E-4 8.76791E-4 1.80752E-3 5.74629E-3 1.06892E-3 7.8907E-4 6.42942E-4 5.98968E-4 1.00577E-3 1.40347E-3 1.97128E-3 1.17502E-3 1.04338E-3 8.30369E-4 5.53495E-4 4.15443E-4 4.1129E-4 2.61632E-4 1.74342E-4 1.14919E-4 1.18038E-4 7.88735E-5 6.81976E-5 8.41594E-5 5.01038E-5 -9999 -9999 -9999 -9999 -9999 -9999 -9999 -9999 -9999 -9999 -9999 -9999 -9999 -9999 -9999 -9999 -9999 -9999 -9999
5.96276E-2 6.18473E-2 2.5877E-2 1.46667E-2 6.13249E-3 4.07069E-3 2.1196E-3 1.33905E-3 1.86687E-3 1.44091E-3 1.02728E-3 1.18308E-3 1.15573E-3 1.44171E-3 1.3498E-3 1.83982E-3 1.85105E-3 1.66153E-3 9.97134E-4 4.05585E-4 6.0549E-4 2.40333E-3 1.54662E-3 7.99415E-3 1.4981E-2 8.91099E-3 9.7794E-4 6.81789E-4 8.06636E-4 7.23672E-4 8.4268E-4 1.05169E-3 1.12327E-3 1.00734E-3 8.09193E-4 6.83338E-4 4.65798E-4 4.75906E-4 3.51703E-4 2.47136E-4 1.40873E-4 1.39285E-4 1.3917E-4 1.13351E-4 8.2804E-5 6.57437E-5 8.49074E-5 1.13949E-4 -9999 -9999 -9999 -9999 -9999 -9999 -9999 -9999 -9999 -9999 -9999 -9999 -9999 -9999 -9999 -9999 -9999
6.82507E-2 6.74312E-2 4.9058E-2 3.46102E-2 1.17504E-2 7.97888E-3 4.82121E-3 2.68397E-3 1.16933E-3 7.3724E-4 1.02315E-3 1.01412E-3 1.21362E-3 1.44592E-3 2.20382E-3 2.82816E-3 2.32671E-3 1.87407E-3 1.83621E-3 2.03858E-3 3.25481E-3 1.2527E-3 4.45607E-3 2.49183E-2 1.80528E-2 1.153E-2 5.7453E-3 2.02525E-3 1.04106E-3 8.49443E-4 9.69891E-4 1.44063E-3 5.14833E-4 7.33833E-4 6.74863E-4 5.26141E-4 4.45333E-4 5.94029E-4 5.08912E-4 3.80181E-4 3.20201E-4 2.43927E-4 2.24244E-4 1.71481E-4 1.35082E-4 1.00486E-4 1.46392E-4 1.74178E-4 1.24467E-4 1.09146E-4 -9999 -9999 -9999 -9999 -9999 -9999 -9999 -9999 -9999 -9999 -9999 -9999 -9999 -9999 -9999
7.29634E-2 7.24584E-2 6.06407E-2 5.01449E-2 4.09641E-2 2.80812E-2 1.00628E-2 5.67297E-3 1.66327E-3 4.73312E-4 3.2624E-4 5.81749E-4 1.22008E-3 2.04632E-3 3.16137E-3 3.42196E-3 2.59909E-3 2.87464E-3 3.14275E-3 2.35674E-3 2.83405E-3 4.02196E-3 6.46086E-3 1.97264E-2 9.1846E-3 6.00838E-3 2.38049E-3 8.64248E-4 5.5161E-4 6.42369E-4 9.76034E-4 1.26361E-3 1.81623E-3 4.32366E-4 4.89194E-4 3.1008E-4 3.9025E-4 5.21044E-4 3.40352E-4 4.08572E-4 4.20108E-4 2.91244E-4 3.30876E-4 2.71694E-4 2.21509E-4 1.36207E-4 2.03164E-4 2.15793E-4 2.01353E-4 2.04812E-4 2.23171E-4 1.87307E-4 -9999 -9999 -9999 -9999 -9999 -9999 -9999 -9999 -9999 -9999 -9999 -9999 -9999
7.31729E-2 7.50809E-2 6.97035E-2 6.04391E-2 5.23385E-2 4.16889E-2 3.03785E-2 1.91551E-2 5.71988E-3 1.99518E-3 1.17455E-3 8.12922E-4 1.20881E-3 2.48351E-3 3.76905E-3 2.95381E-3 2.55386E-3 3.24437E-3 5.35411E-3 4.49891E-3 6.61928E-3 3.00219E-3 2.34561E-3 1.13478E-2 9.7601E-3 8.68649E-3 7.75212E-3 2.44435E-3 7.59531E-4 7.42704E-4 9.43844E-4 8.95539E-4 1.71932E-3 5.05689E-4 3.25529E-4 3.48629E-4 6.22916E-4 5.57248E-4 4.18701E-4 4.75638E-4 5.60093E-4 4.47283E-4 3.80358E-4 3.11154E-4 2.94793E-4 3.73071E-4 3.57523E-4 5.07714E-4 4.85861E-4 2.44686E-4 2.75219E-4 1.99519E-4 5.71681E-4 -9999 -9999 -9999 -9999 -9999 -9999 -9999 -9999 -9999 -9999 -9999 -9999
8.63727E-2 8.14525E-2 7.58671E-2 6.50751E-2 5.8999E-2 5.83888E-2 4.33706E-2 3.10847E-2 2.08203E-2 1.28893E-2 8.47352E-3 3.97361E-3 3.4395E-3 5.04953E-3 3.94586E-3 4.67509E-3 3.5204E-3 2.94559E-3 2.46004E-3 5.4898E-3 5.19944E-3 5.13082E-3 4.93264E-3 1.23856E-2 4.71819E-3 3.57621E-3 1.94028E-3 2.57161E-3 5.5475E-3 2.0889E-3 2.01198E-3 8.33462E-4 1.62782E-3 9.39291E-4 3.92301E-4 2.86182E-4 1.54548E-3 5.60172E-4 4.14415E-4 4.93075E-4 4.1637E-4 3.42757E-4 2.7911E-4 3.38817E-4 3.15874E-4 3.06545E-4 3.61965E-4 4.14341E-4 4.71313E-4 2.11038E-4 2.08884E-4 1.97102E-4 2.29494E-4 2.14527E-4 2.86785E-4 -9999 -9999 -9999 -9999 -9999 -9999 -9999 -9999 -9999 -9999
3.69066E-1 3.62702E-1 3.30238E-1 7.55334E-2 7.26078E-2 7.12333E-2 5.98654E-2 4.81448E-2 3.61523E-2 3.15077E-2 2.46098E-2 1.88914E-2 1.49969E-2 1.93821E-2 2.34198E-2 1.19908E-2 3.5084E-3 3.59372E-3 2.31648E-3 3.08692E-3 2.93648E-3 3.47564E-3 3.47491E-3 3.4602E-3 1.07396E-2 8.43806E-3 2.63759E-3 1.27374E-3 1.14657E-3 2.60832E-3 6.02416E-3 1.88611E-3 1.99936E-3 1.33136E-3 4.98661E-4 1.33599E-3 1.23853E-3 4.44751E-4 3.13493E-4 2.69671E-4 3.59473E-4 3.85383E-4 2.76506E-4 2.69491E-4 5.05033E-4 3.15949E-4 4.95124E-4 2.91411E-4 2.54216E-4 2.29158E-4 5.23293E-4 7.97305E-4 1.79696E-4 2.37489E-4 1.93547E-4 1.4726E-4 -9999 -9999 -9999 -9999 -9999 -9999 -9999 -9999 -9999
4.19046E-1 3.88155E-1 3.85071E-1 3.75464E-1 3.53387E-1 3.48309E-1 6.813E-2 5.6621E-2 5.04513E-2 4.47687E-2 3.79985E-2 2.99E-2 2.30056E-2 2.37774E-2 1.8566E-2 1.22229E-2 1.05184E-2 7.38743E-3 3.12513E-3 2.49597E-3 3.38048E-3 4.7158E-3 2.81506E-3 2.65871E-3 2.68739E-3 2.52597E-3 3.45752E-3 2.65123E-3 1.66631E-3 7.11143E-3 2.59947E-3 7.92903E-4 8.21555E-4 7.04932E-4 1.21128E-3 1.86906E-3 7.00985E-4 5.96775E-4 7.3067E-4 3.3674E-4 4.71484E-4 7.8145E-4 6.47011E-4 3.75371E-4 9.62648E-4 3.72051E-4 7.20907E-4 9.75341E-4 8.551E-4 4.74644E-4 7.15067E-4 1.47334E-3 4.63321E-4 8.38191E-4 4.26911E-4 4.91184E-4 5.42311E-4 -9999 -9999 -9999 -9999 -9999 -9999 -9999 -9999
4.39355E-1 4.17818E-1 4.22753E-1 4.10321E-1 4.10576E-1 3.76051E-1 7.83398E-2 6.69084E-2 5.92315E-2 5.24156E-2 4.43586E-2 3.44027E-2 2.64619E-2 2.79219E-2 2.12749E-2 1.43185E-2 1.23322E-2 1.12709E-2 8.00351E-3 6.99201E-3 5.34497E-3 2.24695E-3 1.74134E-3 2.14757E-3 2.36703E-3 2.42752E-3 1.9827E-3 2.45832E-3 1.82955E-3 1.74018E-3 8.93924E-3 3.05712E-3 5.53376E-3 4.0998E-3 7.92323E-3 6.56896E-3 7.71958E-4 9.804E-4 8.50552E-4 3.00533E-3 6.46377E-4 1.66613E-3 1.1929E-3 7.24819E-4 9.9411E-4 4.63288E-4 2.858E-4 3.99164E-4 7.01223E-4 8.08567E-4 3.64536E-4 9.60082E-4 2.39434E-3 1.27006E-3 1.12683E-3 1.15773E-3 9.50981E-4 2.67515E-3 -9999 -9999 -9999 -9999 -9999 -9999 -9999
4.76812E-1 4.39977E-1 4.01344E-1 4.09673E-1 4.17963E-1 3.74022E-1 7.86935E-2 6.66053E-2 6.74124E-2 5.87874E-2 4.53798E-2 3.45307E-2 2.93971E-2 3.11281E-2 2.91268E-2 2.18894E-2 1.97728E-2 1.61839E-2 1.45295E-2 1.12844E-2 9.77029E-3 6.48106E-3 1.9804E-3 2.18759E-3 2.45214E-3 2.70408E-3 2.22955E-3 2.28593E-3 1.93174E-3 1.63004E-3 1.57447E-3 1.39416E-3 1.30031E-3 7.39322E-4 2.66952E-4 5.63484E-4 3.26402E-4 7.76214E-4 5.15867E-3 8.02593E-4 1.30223E-3 1.40224E-3 9.82403E-3 1.06547E-3 3.02417E-3 5.65399E-3 4.98187E-4 1.92507E-4 5.27426E-4 1.35698E-3 4.28518E-4 3.69365E-4 1.28739E-3 7.04169E-4 1.50874E-3 2.12337E-3 8.01427E-4 1.06216E-3 2.64452E-3 -9999 -9999 -9999 -9999 -9999 -9999
4.97546E-1 4.66099E-1 4.12412E-1 4.16374E-1 3.8943E-1 3.47398E-1 7.49554E-2 7.06631E-2 7.38763E-2 6.46165E-2 5.03338E-2 3.42088E-2 3.00006E-2 3.10274E-2 3.23957E-2 2.80795E-2 2.71248E-2 2.71658E-2 2.48796E-2 2.0726E-2 1.58196E-2 1.52845E-2 1.62677E-2 8.58776E-3 4.34203E-3 3.3857E-3 2.89447E-3 2.18853E-3 1.89463E-3 1.64739E-3 1.44531E-3 1.04473E-3 6.63254E-4 2.52841E-4 1.63153E-4 3.28364E-5 2.96517E-5 3.64676E-5 7.00466E-5 2.12776E-4 5.93097E-4 1.0514E-3 1.11163E-3 5.95805E-3 5.55475E-3 5.73935E-3 1.05028E-3 4.65682E-4 9.02523E-4 7.8958E-4 5.28396E-4 4.76536E-4 5.10483E-4 3.37676E-4 8.08922E-4 5.88275E-4 1.29831E-3 2.78851E-3 2.95826E-4 2.14152E-3 -9999 -9999 -9999 -9999 -9999
5.19957E-1 4.85155E-1 4.34076E-1 4.08573E-1 3.98007E-1 3.74449E-1 3.5285E-1 8.71134E-2 8.34241E-2 7.43979E-2 6.018E-2 4.36612E-2 3.65103E-2 3.41624E-2 3.71826E-2 3.54259E-2 3.34295E-2 3.35435E-2 3.31769E-2 2.81673E-2 2.40373E-2 2.54849E-2 3.42949E-2 3.56475E-2 2.23792E-2 5.53195E-3 4.50555E-3 3.7144E-3 2.61574E-3 3.6028E-3 2.74925E-3 1.1113E-3 1.04367E-3 3.52235E-4 2.42269E-4 1.00603E-4 9.6493E-5 1.11016E-4 2.02011E-4 3.42282E-4 5.42209E-4 8.82599E-4 1.24264E-3 7.04604E-4 7.75253E-4 4.35182E-3 3.17923E-3 3.34466E-3 6.41763E-3 1.81128E-3 2.51146E-3 2.03302E-3 5.13441E-4 2.92135E-4 2.27114E-4 4.90005E-4 2.01258E-3 4.47506E-3 8.4344E-4 1.04858E-3 5.93035E-4 -9999 -9999 -9999 -9999
5.52255E-1 4.93274E-1 4.6548E-1 4.43235E-1 4.3784E-1 4.23858E-1 4.24955E-1 3.94218E-1 3.63018E-1 7.84596E-2 6.85434E-2 5.62707E-2 4.47249E-2 4.3507E-2 4.49125E-2 4.24767E-2 3.94528E-2 3.88018E-2 3.83109E-2 3.49464E-2 3.34897E-2 3.16674E-2 3.67135E-2 3.71129E-2 2.56068E-2 8.16224E-3 5.64827E-3 5.14342E-3 5.07876E-3 5.15037E-3 4.839E-3 2.45436E-3 1.72838E-3 1.04465E-3 8.86491E-4 5.49103E-4 4.21096E-4 4.32652E-4 5.03416E-4 8.52336E-4 1.10326E-3 1.31603E-3 1.72941E-3 1.9671E-3 2.82006E-3 4.24244E-4 2.62878E-4 1.62528E-4 1.63034E-4 2.85936E-3 3.39237E-4 1.11999E-3 1.25734E-3 2.03729E-3 5.3565E-4 7.04174E-4 8.86103E-3 3.68724E-4 2.38793E-3 9.24335E-4 5.30162E-4 -9999 -9999 -9999 -9999
5.43255E-1 5.23563E-1 4.81949E-1 4.73979E-1 5.10369E-1 5.01036E-1 4.72475E-1 4.40577E-1 3.99942E-1 3.53573E-1 8.14278E-2 6.97025E-2 5.48799E-2 5.09757E-2 4.81172E-2 4.5393E-2 4.20258E-2 3.87894E-2 4.00625E-2 3.7648E-2 3.72201E-2 3.71538E-2 3.84153E-2 3.4996E-2 2.75275E-2 1.92763E-2 1.30118E-2 5.77502E-3 5.98762E-3 6.51034E-3 7.66015E-3 6.40993E-3 3.88569E-3 1.73672E-3 1.09069E-3 6.12907E-4 6.73167E-4 5.95022E-4 9.16686E-4 1.46803E-3 1.81221E-3 1.65343E-3 1.22923E-3 2.06763E-3 9.05891E-4 5.67866E-4 1.66428E-3 7.21012E-4 2.02329E-4 2.95831E-4 1.71471E-4 2.24649E-3 1.82592E-3 1.9361E-3 8.63087E-4 4.17314E-3 2.55675E-4 1.4516E-4 2.78411E-3 2.27045E-3 1.54116E-3 3.92136E-4 -9999 -9999 -9999
5.35408E-1 5.24622E-1 4.95319E-1 5.03533E-1 5.12099E-1 5.26576E-1 4.96646E-1 4.62449E-1 4.28294E-1 4.06442E-1 3.72986E-1 8.2427E-2 7.08789E-2 5.96684E-2 5.3027E-2 4.68246E-2 3.51084E-2 3.95114E-2 4.22214E-2 4.29501E-2 4.21636E-2 4.16124E-2 4.20444E-2 3.6237E-2 3.02537E-2 2.25133E-2 1.77704E-2 1.4998E-2 1.4156E-2 1.49705E-2 1.3382E-2 1.61015E-2 1.0894E-2 8.21264E-3 5.31648E-3 2.45573E-3 2.59142E-3 2.14366E-3 2.99018E-3 4.08658E-3 4.2741E-3 3.02203E-3 2.35979E-3 6.1828E-4 5.42383E-4 3.84996E-4 2.47797E-3 2.70244E-3 4.26274E-4 7.3534E-4 1.38758E-4 1.78252E-4 2.01144E-4 1.41163E-4 1.98564E-4 1.9107E-4 1.4963E-4 2.0708E-4 4.25734E-4 4.37267E-4 2.3749E-3 7.58789E-4 1.55291E-3 -9999 -9999
5.52992E-1 5.30461E-1 5.03002E-1 4.90272E-1 5.00867E-1 4.95496E-1 4.86514E-1 4.71571E-1 4.46499E-1 4.206E-1 4.01694E-1 3.70496E-1 8.11667E-2 6.22048E-2 5.55165E-2 5.34602E-2 4.27531E-2 4.47873E-2 4.88995E-2 4.84739E-2 4.75331E-2 4.57853E-2 4.55084E-2 3.91479E-2 3.00029E-2 2.64874E-2 2.38489E-2 2.11216E-2 1.9524E-2 2.00747E-2 2.02017E-2 1.8663E-2 1.44684E-2 1.35621E-2 1.15848E-2 7.45998E-3 5.47816E-3 4.84381E-3 3.43081E-3 3.87464E-3 3.81137E-3 2.72925E-3 1.88441E-3 1.77622E-3 2.42336E-3 2.01941E-3 2.688E-3 3.60325E-3 4.27147E-3 4.62547E-3 1.43039E-3 1.99007E-4 1.66175E-4 4.69569E-4 1.79237E-4 1.07969E-3 2.07348E-3 2.40216E-4 4.44585E-4 3.00386E-4 3.18159E-4 3.94873E-4 2.15873E-4 -9999 -9999
5.89431E-1 5.59023E-1 5.05876E-1 4.87835E-1 4.90287E-1 4.8853E-1 5.79945E-1 5.7545E-1 4.82175E-1 4.5555E-1 4.25389E-1 4.13436E-1 3.96905E-1 8.11063E-2 6.64329E-2 5.93664E-2 6.04221E-2 6.59342E-2 6.01848E-2 5.71643E-2 5.3888E-2 5.12905E-2 4.59735E-2 4.00977E-2 3.31201E-2 3.19481E-2 3.17741E-2 2.83344E-2 2.49529E-2 2.40054E-2 2.4238E-2 1.99842E-2 1.59078E-2 1.69982E-2 1.83612E-2 1.44559E-2 1.07969E-2 1.03669E-2 1.04635E-2 1.3067E-2 1.7421E-2 1.20552E-2 3.42308E-3 3.4498E-3 3.27032E-3 2.98055E-3 4.22089E-3 5.44609E-3 9.48578E-3 7.36695E-3 6.10609E-3 4.54402E-3 4.80094E-3 2.1016E-3 3.89383E-4 1.07837E-3 8.62438E-3 5.39572E-4 7.19324E-4 1.05522E-3 3.16916E-4 2.19083E-4 9.99121E-5 6.59419E-5 -9999
5.74052E-1 5.6499E-1 5.18993E-1 4.95765E-1 4.96103E-1 5.81259E-1 5.79151E-1 5.86499E-1 5.79236E-1 4.51489E-1 4.33331E-1 4.30794E-1 4.2997E-1 3.83007E-1 7.94886E-2 6.86344E-2 6.84916E-2 7.42168E-2 7.42138E-2 6.75363E-2 6.40314E-2 5.74755E-2 5.17519E-2 4.516E-2 3.93984E-2 4.09193E-2 4.35927E-2 3.7081E-2 3.09747E-2 2.98422E-2 2.94671E-2 2.66707E-2 2.08297E-2 2.22565E-2 2.45825E-2 2.20189E-2 1.77531E-2 1.75052E-2 1.88803E-2 1.86553E-2 2.32734E-2 2.51103E-2 1.97539E-2 1.02165E-2 7.36068E-3 6.10863E-3 6.07128E-3 4.92063E-3 6.89105E-3 8.2433E-3 7.79677E-3 1.06944E-2 3.78636E-3 5.79446E-3 1.08395E-3 5.24186E-3 8.69879E-3 2.68901E-3 3.89352E-3 8.08746E-4 2.30215E-4 1.02036E-4 7.33998E-5 6.20444E-5 -9999
5.62379E-1 5.68758E-1 5.38853E-1 5.02464E-1 4.8166E-1 5.69446E-1 5.58587E-1 5.59021E-1 4.6871E-1 4.48575E-1 4.40375E-1 4.41221E-1 4.33312E-1 3.9842E-1 3.55962E-1 8.37509E-2 3.45505E-1 8.43374E-2 8.2585E-2 3.25319E-1 3.1654E-1 6.6326E-2 5.75113E-2 5.17194E-2 4.71569E-2 4.69109E-2 5.08155E-2 4.18029E-2 3.70834E-2 3.95581E-2 4.04728E-2 3.92413E-2 3.45259E-2 3.26938E-2 3.22821E-2 2.96725E-2 2.53039E-2 2.5009E-2 2.6044E-2 2.68531E-2 2.63209E-2 2.92197E-2 2.65428E-2 1.73191E-2 1.4233E-2 1.31051E-2 1.29908E-2 1.19757E-2 1.16509E-2 1.11487E-2 1.35972E-2 1.27494E-2 7.05505E-3 7.23318E-3 6.20781E-3 6.68547E-3 8.71639E-3 6.58917E-3 2.60595E-3 1.23571E-3 5.17073E-4 7.62037E-5 3.67944E-5 4.85418E-5 2.92581E-5
5.32993E-1 5.44368E-1 5.327E-1 4.83127E-1 4.91167E-1 4.81963E-1 5.51406E-1 4.50769E-1 4.74601E-1 4.38381E-1 4.27079E-1 4.48292E-1 4.37489E-1 4.16864E-1 3.8986E-1 3.85657E-1 3.95362E-1 3.72852E-1 8.88681E-2 3.58291E-1 3.35769E-1 7.15523E-2 6.54636E-2 5.86843E-2 5.31169E-2 5.44669E-2 5.69243E-2 5.13914E-2 4.78827E-2 4.9532E-2 5.63874E-2 5.78599E-2 5.15168E-2 4.63229E-2 4.0066E-2 3.90386E-2 3.27124E-2 3.13957E-2 3.33851E-2 3.06292E-2 2.89775E-2 3.08993E-2 2.70654E-2 2.29452E-2 2.21825E-2 2.08288E-2 2.41677E-2 2.23266E-2 1.901E-2 1.57884E-2 1.50975E-2 1.32748E-2 1.25974E-2 9.46994E-3 5.33407E-3 2.53872E-3 3.10896E-3 2.51559E-3 1.20423E-3 6.45575E-4 4.83356E-4 3.39572E-4 2.18562E-4 7.44147E-5 4.00968E-5
5.22608E-1 5.06949E-1 4.94091E-1 4.81228E-1 4.59473E-1 5.11245E-1 4.97364E-1 4.82745E-1 4.50026E-1 4.51894E-1 4.43247E-1 4.4442E-1 4.62888E-1 4.52027E-1 4.39836E-1 4.18624E-1 4.10209E-1 3.90243E-1 3.75157E-1 3.69886E-1 3.48145E-1 7.72339E-2 7.55032E-2 7.10587E-2 6.77192E-2 5.92208E-2 6.05587E-2 6.67348E-2 6.82538E-2 7.29211E-2 7.14385E-2 6.7761E-2 6.40597E-2 5.60233E-2 4.84712E-2 4.64564E-2 4.45033E-2 4.52179E-2 4.49822E-2 4.0518E-2 3.62232E-2 3.57094E-2 3.41102E-2 2.79852E-2 2.0093E-2 1.78081E-2 2.31179E-2 2.79001E-2 2.00124E-2 2.0331E-2 2.42235E-2 1.54211E-2 1.39146E-2 1.05832E-2 6.54567E-3 4.43437E-3 3.16482E-3 2.14113E-3 9.7991E-4 7.45006E-4 8.75753E-4 1.02704E-3 8.01897E-4 2.11028E-4 7.40694E-5
4.99395E-1 4.84432E-1 4.69198E-1 4.74449E-1 4.58024E-1 4.94032E-1 5.16306E-1 4.98488E-1 4.62889E-1 4.54684E-1 4.54935E-1 4.4836E-1 4.86447E-1 4.72517E-1 4.68038E-1 4.3386E-1 4.16943E-1 3.98985E-1 3.9485E-1 3.86068E-1 3.64953E-1 3.49821E-1 3.43491E-1 3.62678E-1 8.14914E-2 7.77947E-2 7.22255E-2 7.53898E-2 8.02978E-2 8.08326E-2 7.3912E-2 7.7742E-2 7.16263E-2 6.40505E-2 5.54973E-2 5.5854E-2 5.74245E-2 6.03453E-2 5.61961E-2 4.80969E-2 3.98005E-2 4.05579E-2 4.24251E-2 3.60129E-2 2.23164E-2 1.61397E-2 2.48634E-2 3.44425E-2 3.41152E-2 2.55305E-2 2.70514E-2 3.10732E-2 2.38389E-2 1.51968E-2 1.03676E-2 7.46162E-3 4.97432E-3 3.27195E-3 1.71746E-3 1.11417E-3 1.09387E-3 1.08899E-3 8.35918E-4 4.06203E-4 1.77001E-4
4.63136E-1 4.52471E-1 4.54902E-1 4.31998E-1 4.43165E-1 4.68722E-1 4.9372E-1 4.93806E-1 4.61817E-1 4.33926E-1 4.36041E-1 4.58565E-1 4.71788E-1 4.61992E-1 4.5104E-1 3.99864E-1 3.90567E-1 3.89322E-1 3.96177E-1 3.91958E-1 3.82024E-1 3.74068E-1 3.90417E-1 3.76943E-1 9.06988E-2 9.06213E-2 7.62198E-2 6.54619E-2 7.94936E-2 7.46674E-2 7.23084E-2 7.4775E-2 7.29958E-2 6.25009E-2 5.93214E-2 6.80026E-2 7.60499E-2 7.08359E-2 6.09786E-2 5.09257E-2 4.28957E-2 4.49836E-2 4.34996E-2 4.55703E-2 4.67468E-2 3.30701E-2 3.14014E-2 3.43218E-2 3.65935E-2 3.5864E-2 3.88813E-2 3.75092E-2 3.07309E-2 2.20256E-2 1.66693E-2 1.19251E-2 9.2195E-3 5.97582E-3 3.29305E-3 1.77488E-3 1.39035E-3 1.24783E-3 1.09438E-3 7.08278E-4 4.40715E-4
4.25863E-1 4.0979E-1 3.95571E-1 1.01669E-1 4.17516E-1 4.64704E-1 4.85076E-1 4.68337E-1 4.41433E-1 4.35792E-1 4.50919E-1 4.68655E-1 4.69432E-1 4.54143E-1 4.24621E-1 9.69191E-2 9.31335E-2 3.79941E-1 4.02188E-1 4.0015E-1 4.13005E-1 4.1556E-1 4.24326E-1 3.85404E-1 9.36938E-2 9.29909E-2 7.62436E-2 7.35703E-2 7.97054E-2 8.37975E-2 6.5042E-2 7.5725E-2 7.4505E-2 5.7437E-2 6.08322E-2 7.60014E-2 4.04849E-1 3.72347E-1 6.63617E-2 5.6288E-2 5.44742E-2 5.57143E-2 5.45131E-2 6.08257E-2 2.85685E-1 5.19163E-2 3.96402E-2 3.59854E-2 3.685E-2 4.7932E-2 4.6191E-2 3.86646E-2 3.29089E-2 2.69697E-2 2.23144E-2 1.72354E-2 1.33269E-2 1.03378E-2 5.55343E-3 3.331E-3 1.7235E-3 1.89573E-3 1.62733E-3 1.32571E-3 1.01864E-3
4.14328E-1 4.31191E-1 1.01509E-1 9.46271E-2 4.2711E-1 4.5256E-1 4.45536E-1 4.38088E-1 4.23399E-1 4.32826E-1 4.52592E-1 4.90431E-1 4.81498E-1 4.43148E-1 4.304E-1 4.12898E-1 1.0255E-1 4.20995E-1 4.2876E-1 4.44712E-1 4.46138E-1 4.46719E-1 4.36681E-1 4.05336E-1 9.18386E-2 9.07019E-2 8.94696E-2 8.77806E-2 9.03875E-2 8.7846E-2 8.1022E-2 8.36568E-2 7.23049E-2 5.913E-2 6.13078E-2 8.06346E-2 4.04524E-1 3.9623E-1 7.46982E-2 6.41597E-2 6.41838E-2 6.34023E-2 5.991E-2 6.18666E-2 6.1747E-2 5.7715E-2 5.34025E-2 4.5539E-2 4.21531E-2 4.95754E-2 2.39026E-1 4.61117E-2 3.66716E-2 3.08288E-2 2.73337E-2 2.24297E-2 1.65241E-2 1.21669E-2 8.87924E-3 4.80036E-3 3.37562E-3 2.7158E-3 2.93217E-3 2.46682E-3 2.06645E-3
4.40873E-1 4.35665E-1 4.30642E-1 4.24639E-1 4.55725E-1 4.56473E-1 4.24332E-1 4.29582E-1 4.08705E-1 4.23295E-1 4.69581E-1 4.65443E-1 4.78261E-1 5.27128E-1 5.1638E-1 5.13002E-1 4.80156E-1 4.80805E-1 4.64694E-1 4.39595E-1 4.39336E-1 4.32566E-1 4.322E-1 4.11743E-1 1.02233E-1 1.02054E-1 3.75425E-1 3.819E-1 3.7802E-1 9.1509E-2 9.55431E-2 9.58767E-2 8.12674E-2 6.53952E-2 7.02751E-2 8.5951E-2 3.96127E-1 3.96317E-1 8.52638E-2 7.48912E-2 7.48599E-2 7.01676E-2 7.0253E-2 7.03998E-2 7.1412E-2 6.52908E-2 6.41522E-2 5.70929E-2 4.08045E-2 4.37777E-2 2.563E-1 4.87745E-2 3.93507E-2 3.41203E-2 2.97568E-2 2.36022E-2 1.83876E-2 1.50462E-2 1.33706E-2 8.64423E-3 6.25859E-3 4.86619E-3 4.04232E-3 4.54383E-3 4.19303E-3
4.49374E-1 4.52977E-1 4.31107E-1 4.36036E-1 4.52649E-1 4.48566E-1 4.40439E-1 4.38418E-1 5.14179E-1 5.19842E-1 4.63439E-1 4.56488E-1 4.99771E-1 4.98549E-1 5.24728E-1 4.98529E-1 4.92863E-1 4.92147E-1 4.91088E-1 4.863E-1 4.65126E-1 4.57227E-1 4.4599E-1 4.39515E-1 1.15415E-1 1.05875E-1 3.9646E-1 3.97095E-1 3.97418E-1 9.38955E-2 8.78391E-2 8.94592E-2 8.9511E-2 7.81994E-2 8.00618E-2 9.37589E-2 4.08002E-1 4.1061E-1 3.52601E-1 8.76024E-2 3.48615E-1 3.47331E-1 3.40856E-1 7.81922E-2 3.42166E-1 3.55545E-1 3.18948E-1 6.59818E-2 4.86782E-2 4.98158E-2 5.51476E-2 4.97217E-2 4.23087E-2 3.64513E-2 3.16512E-2 2.65983E-2 2.26431E-2 2.05456E-2 1.46847E-2 1.28868E-2 9.65368E-3 7.45186E-3 6.19726E-3 7.1677E-3 5.70082E-3
