KUENM_DEFAULT/Final_Models/M_1_F_lqpth_Set_1_NE/sp1_se_asia_stddev.asc
ncols         320
nrows         243
xllcorner     44.0
yllcorner     -0.666666666666667
cellsize      0.166666666666667
NODATA_value  -9999
[rows 31 to 61 of 243, columns 70 to 139 of 320]
1.44282E-3 1.65484E-3 1.65285E-3 1.65798E-3 1.66044E-3 1.6198E-3 1.74928E-3 1.68493E-3 1.25418E-3 1.0009E-3 1.40396E-3 1.51055E-3 1.48271E-3 1.19166E-3 1.12243E-3 1.09797E-3 1.25279E-3 1.44203E-3 1.68045E-3 1.80432E-3 1.94415E-3 2.13029E-3 2.20301E-3 2.33672E-3 2.45606E-3 2.55185E-3 2.83538E-3 3.06912E-3 3.32235E-3 3.79277E-3 4.48552E-3 4.92068E-3 5.62576E-3 6.25296E-3 7.0309E-3 7.87509E-3 1.3919E-2 1.25117E-2 1.09985E-2 6.93229E-3 6.65075E-3 4.47201E-3 4.02016E-3 2.41531E-3 1.69847E-3 1.83885E-3 1.78609E-3 1.44449E-3 1.14775E-3 1.14314E-3 8.52227E-4 8.8822E-4 6.85219E-4 7.6048E-4 8.07536E-4 8.95098E-4 7.96247E-4 4.30677E-4 4.71986E-4 6.91965E-4 7.20701E-4 7.3131E-4 6.054E-4 6.20813E-4 7.01119E-4 6.48595E-4 6.16293E-4 7.21706E-4 9.5317E-4 8.70528E-4
1.72719E-3 1.72305E-3 1.73304E-3 1.85733E-3 1.81176E-3 1.77384E-3 1.87822E-3 1.79218E-3 1.4263E-3 1.14378E-3 1.57351E-3 1.58459E-3 1.4418E-3 9.95843E-4 7.18607E-4 7.25978E-4 9.1091E-4 1.1966E-3 1.41602E-3 1.61625E-3 1.73978E-3 1.92473E-3 2.01454E-3 1.95314E-3 2.22558E-3 2.42834E-3 2.63124E-3 2.88901E-3 2.8712E-3 3.0259E-3 3.75769E-3 4.26382E-3 4.71332E-3 5.53887E-3 6.63306E-3 7.3001E-3 7.99512E-3 9.34626E-3 1.67147E-2 1.44282E-2 1.37689E-2 9.7549E-3 3.96628E-3 3.16218E-3 3.33941E-3 5.6301E-3 3.81949E-3 2.00577E-3 1.3304E-3 1.33161E-3 1.32609E-3 1.0097E-3 9.01506E-4 8.69923E-4 7.79947E-4 8.73704E-4 7.58607E-4 5.58141E-4 5.59765E-4 5.19579E-4 5.2627E-4 5.01701E-4 6.71868E-4 6.69157E-4 6.36698E-4 7.0436E-4 7.17036E-4 6.98749E-4 7.76977E-4 6.53177E-4
1.79054E-3 1.9622E-3 1.96778E-3 1.91746E-3 1.60911E-3 1.35429E-3 1.66461E-3 1.64189E-3 1.27013E-3 1.30062E-3 1.66959E-3 1.61138E-3 1.41012E-3 1.1853E-3 7.73764E-4 6.42064E-4 6.24719E-4 9.17043E-4 1.14494E-3 1.27707E-3 1.40838E-3 1.697E-3 1.94199E-3 1.81321E-3 1.92509E-3 2.37432E-3 2.48356E-3 2.55192E-3 2.77027E-3 2.99058E-3 3.16089E-3 3.35621E-3 4.02444E-3 4.59089E-3 4.9867E-3 5.77117E-3 5.97232E-3 7.86703E-3 9.63045E-3 1.07888E-2 1.67527E-2 1.4664E-2 1.05174E-2 8.40649E-3 6.76904E-3 2.46716E-3 1.40187E-3 1.62598E-3 1.46191E-3 1.3937E-3 1.0531E-3 7.01425E-4 6.46967E-4 6.46152E-4 5.55714E-4 5.1731E-4 4.80049E-4 4.76635E-4 5.25788E-4 4.99689E-4 5.13216E-4 5.34002E-4 5.7447E-4 7.38778E-4 6.42985E-4 8.13483E-4 8.08518E-4 7.29678E-4 7.4561E-4 6.34336E-4
2.05306E-3 1.99159E-3 1.99884E-3 1.92462E-3 1.48657E-3 9.34975E-4 1.31826E-3 1.42325E-3 1.10841E-3 1.55786E-3 1.7063E-3 1.58624E-3 1.3739E-3 1.16329E-3 9.55035E-4 8.17563E-4 5.63911E-4 5.59092E-4 7.9001E-4 8.85868E-4 1.0725E-3 1.3163E-3 1.58109E-3 1.76735E-3 1.74618E-3 2.15908E-3 2.226E-3 2.51765E-3 2.62012E-3 2.73143E-3 3.09356E-3 3.34263E-3 3.53266E-3 3.93574E-3 3.9194E-3 3.61171E-3 4.80835E-3 5.80115E-3 5.82272E-3 5.73479E-3 8.15128E-3 5.09065E-3 3.09707E-3 2.27834E-3 2.50399E-3 1.94825E-3 1.52519E-3 1.73427E-3 1.22984E-3 1.01328E-3 8.64269E-4 8.03723E-4 6.95259E-4 7.01363E-4 6.40311E-4 5.88088E-4 6.93583E-4 5.62316E-4 5.4248E-4 6.44562E-4 7.00729E-4 5.62525E-4 5.85104E-4 8.60538E-4 7.89794E-4 7.70231E-4 7.84647E-4 7.25103E-4 7.50126E-4 8.09405E-4
1.93445E-3 2.09003E-3 2.06461E-3 1.91645E-3 1.34451E-3 1.13941E-3 1.61638E-3 1.09159E-3 7.88437E-4 1.3224E-3 1.75031E-3 1.5981E-3 1.37142E-3 1.04169E-3 9.38648E-4 9.20905E-4 8.17933E-4 6.68331E-4 6.53875E-4 9.31657E-4 1.01417E-3 1.02696E-3 1.25657E-3 1.47166E-3 1.57374E-3 1.82763E-3 1.84874E-3 2.1085E-3 2.35726E-3 2.53598E-3 2.46386E-3 2.65103E-3 2.77855E-3 2.69601E-3 3.00109E-3 3.35441E-3 3.7952E-3 4.08092E-3 3.40836E-3 2.80533E-3 2.65973E-3 3.21242E-3 3.34675E-3 2.72278E-3 1.4481E-3 1.64134E-3 1.80714E-3 1.45375E-3 9.01731E-4 8.62506E-4 7.60037E-4 6.96492E-4 6.63749E-4 7.45293E-4 7.749E-4 7.75682E-4 6.2915E-4 6.11666E-4 5.31473E-4 5.86494E-4 5.48663E-4 7.05508E-4 7.28192E-4 5.85289E-4 6.25963E-4 6.55675E-4 7.95079E-4 7.36783E-4 9.537E-4 8.07574E-4
2.14882E-3 2.16463E-3 2.01953E-3 1.62098E-3 1.49776E-3 1.98046E-3 2.38987E-3 1.85477E-3 8.15619E-4 7.10545E-4 1.49879E-3 1.63933E-3 1.34477E-3 1.16706E-3 1.00743E-3 9.79712E-4 9.72624E-4 8.93929E-4 7.11207E-4 6.58451E-4 8.83977E-4 9.70073E-4 1.10764E-3 1.27024E-3 1.20324E-3 1.25971E-3 1.67096E-3 1.78064E-3 2.06435E-3 2.26433E-3 2.25944E-3 2.42767E-3 2.24554E-3 2.30868E-3 2.51421E-3 2.74926E-3 2.8169E-3 2.83348E-3 2.69406E-3 2.72578E-3 2.09362E-3 1.86558E-3 2.76217E-3 1.6976E-3 1.69141E-3 1.21682E-3 1.87012E-3 1.59582E-3 1.04908E-3 8.59211E-4 1.08455E-3 1.07422E-3 9.85357E-4 7.05118E-4 7.35496E-4 7.65274E-4 6.76561E-4 8.78555E-4 9.38431E-4 6.0648E-4 6.49132E-4 6.42418E-4 1.04557E-3 7.17834E-4 8.78659E-4 6.54517E-4 6.70678E-4 5.86687E-4 8.65741E-4 9.76998E-4
2.25808E-3 2.1111E-3 1.78696E-3 1.11863E-3 1.17595E-3 2.24515E-3 2.78255E-3 2.52882E-3 1.50353E-3 4.98085E-4 1.02658E-3 1.36753E-3 1.10531E-3 1.13642E-3 1.10222E-3 1.07513E-3 1.06664E-3 9.28378E-4 1.02273E-3 8.48688E-4 7.76523E-4 8.5116E-4 9.42816E-4 8.81749E-4 1.12876E-3 1.21263E-3 1.49955E-3 1.78905E-3 2.01764E-3 2.17778E-3 2.15694E-3 2.21465E-3 2.06923E-3 2.07822E-3 2.07695E-3 2.25294E-3 2.28884E-3 2.17769E-3 2.19042E-3 2.32799E-3 1.8922E-3 1.47845E-3 1.40022E-3 1.33757E-3 1.3993E-3 1.22748E-3 1.61012E-3 1.07031E-3 1.03444E-3 9.16413E-4 8.16574E-4 1.21784E-3 1.0199E-3 9.98435E-4 8.49315E-4 6.93765E-4 9.45148E-4 9.84959E-4 8.65051E-4 1.00351E-3 9.22187E-4 7.88761E-4 8.09398E-4 1.04716E-3 8.67214E-4 7.71849E-4 9.20158E-4 1.15085E-3 1.22956E-3 7.84451E-4
2.25457E-3 1.90688E-3 1.45651E-3 9.75424E-4 1.14179E-3 2.11873E-3 2.69677E-3 2.80973E-3 1.90431E-3 7.53696E-4 7.41431E-4 1.1847E-3 1.16665E-3 1.03603E-3 1.10985E-3 1.10345E-3 1.11984E-3 1.02611E-3 1.06887E-3 1.02422E-3 8.09815E-4 7.78807E-4 6.92297E-4 6.48595E-4 8.04154E-4 7.78372E-4 9.07869E-4 1.42655E-3 1.92056E-3 2.19E-3 2.04666E-3 1.91869E-3 1.76162E-3 1.84446E-3 1.69434E-3 1.69325E-3 1.69576E-3 1.62272E-3 1.83195E-3 1.85293E-3 2.00923E-3 1.84461E-3 1.5288E-3 1.26231E-3 1.27528E-3 1.38228E-3 1.37116E-3 1.01609E-3 8.18365E-4 9.05445E-4 8.52196E-4 7.59958E-4 8.11639E-4 8.68955E-4 1.05331E-3 1.12977E-3 7.52114E-4 7.47697E-4 9.487E-4 9.94898E-4 1.51522E-3 1.12848E-3 1.05453E-3 1.57913E-3 9.46029E-4 8.20139E-4 1.09208E-3 9.25238E-4 8.32547E-4 1.39389E-3
2.21781E-3 1.93361E-3 1.37833E-3 1.35026E-3 1.42355E-3 1.77074E-3 2.60576E-3 2.92544E-3 2.67485E-3 1.72521E-3 9.03191E-4 1.19404E-3 1.43416E-3 1.27874E-3 1.24789E-3 1.20144E-3 1.10486E-3 1.04636E-3 1.03385E-3 9.62703E-4 8.84859E-4 7.30172E-4 5.86798E-4 5.75349E-4 5.94315E-4 6.91146E-4 6.95068E-4 8.19711E-4 1.56038E-3 1.90828E-3 1.73998E-3 1.65938E-3 1.65154E-3 1.60781E-3 1.40863E-3 1.46173E-3 1.38762E-3 1.42921E-3 1.47432E-3 1.56209E-3 1.46547E-3 1.39378E-3 1.25683E-3 1.32571E-3 1.20686E-3 1.37755E-3 1.20716E-3 1.12453E-3 1.29107E-3 1.1076E-3 1.0164E-3 7.91793E-4 1.03686E-3 9.73523E-4 1.0879E-3 7.74248E-4 9.66593E-4 9.69037E-4 1.32728E-3 2.1733E-3 1.61089E-3 1.22382E-3 2.03863E-3 1.34142E-3 1.48499E-3 9.0993E-4 8.47865E-4 9.02284E-4 9.1864E-4 1.43319E-3
2.03554E-3 2.06676E-3 1.75864E-3 1.47127E-3 1.26118E-3 1.32516E-3 2.17177E-3 2.72714E-3 2.96835E-3 2.69055E-3 9.30818E-4 1.01298E-3 1.72818E-3 1.69032E-3 1.62002E-3 1.18283E-3 1.15533E-3 8.72445E-4 7.1561E-4 7.42498E-4 7.8654E-4 6.40196E-4 5.17839E-4 5.52061E-4 7.05229E-4 7.1282E-4 7.92115E-4 6.98844E-4 1.23064E-3 1.74648E-3 1.61666E-3 1.66861E-3 1.6597E-3 1.43142E-3 1.32662E-3 1.21518E-3 1.05387E-3 1.08531E-3 1.22514E-3 1.09919E-3 1.08706E-3 1.19976E-3 1.19095E-3 1.04413E-3 9.80638E-4 1.02975E-3 1.27526E-3 1.11582E-3 9.26694E-4 8.79766E-4 7.2783E-4 9.38167E-4 9.97336E-4 7.55774E-4 9.14962E-4 1.49403E-3 1.66086E-3 9.68991E-4 2.04437E-3 3.27408E-3 1.98388E-3 2.16924E-3 1.80571E-3 2.32318E-3 1.24398E-3 1.18437E-3 1.50681E-3 1.62578E-3 1.63615E-3 1.825E-3
1.39913E-3 2.13813E-3 1.83261E-3 1.41575E-3 1.07067E-3 1.0909E-3 1.90791E-3 2.29133E-3 2.30848E-3 2.61076E-3 2.09418E-3 1.84266E-3 2.1754E-3 1.99499E-3 1.89996E-3 1.71511E-3 1.52602E-3 1.28119E-3 8.34599E-4 9.00227E-4 9.09737E-4 8.35891E-4 7.39163E-4 5.22642E-4 5.49495E-4 6.9246E-4 8.33244E-4 8.81134E-4 1.20317E-3 1.57773E-3 2.00577E-3 1.89708E-3 1.6662E-3 1.37514E-3 1.37372E-3 1.33107E-3 1.20477E-3 1.20804E-3 1.12122E-3 1.09513E-3 1.20478E-3 1.16009E-3 1.26655E-3 1.23E-3 1.09559E-3 1.05578E-3 1.07053E-3 8.36033E-4 7.94147E-4 7.04346E-4 6.7716E-4 7.35682E-4 7.49974E-4 9.43424E-4 1.68161E-3 1.81507E-3 1.2757E-3 1.33793E-3 3.51109E-3 4.49236E-3 2.81117E-3 1.90574E-3 2.64189E-3 1.9804E-3 2.75286E-3 1.49911E-3 1.48077E-3 1.46366E-3 1.11859E-3 8.55564E-4
1.46018E-3 1.81201E-3 1.64395E-3 1.50077E-3 1.37932E-3 1.43425E-3 1.81438E-3 2.13211E-3 2.14667E-3 2.29473E-3 2.50772E-3 2.65315E-3 2.42421E-3 2.05181E-3 2.0744E-3 1.87251E-3 1.80458E-3 1.54331E-3 1.27583E-3 1.10475E-3 6.34793E-4 5.72972E-4 6.06093E-4 6.22063E-4 5.5639E-4 4.93842E-4 8.01942E-4 8.87843E-4 1.15215E-3 1.67678E-3 2.05508E-3 2.16347E-3 1.96329E-3 1.55459E-3 1.29399E-3 1.36705E-3 1.54111E-3 1.22891E-3 1.16276E-3 1.71164E-3 1.70779E-3 1.61737E-3 1.48329E-3 1.14543E-3 1.1737E-3 1.04715E-3 9.66259E-4 8.42311E-4 8.39411E-4 7.49599E-4 8.33394E-4 9.25393E-4 1.03243E-3 1.4698E-3 2.05517E-3 1.99232E-3 1.69215E-3 1.7819E-3 4.04651E-3 4.57601E-3 3.25031E-3 4.98503E-3 4.29108E-3 3.07118E-3 2.80294E-3 1.31141E-3 2.0671E-3 1.93542E-3 2.03036E-3 1.25514E-3
1.32557E-3 1.93077E-3 1.80323E-3 1.52883E-3 1.68134E-3 1.38644E-3 1.61604E-3 1.99948E-3 1.84473E-3 1.29808E-3 1.63337E-3 2.5374E-3 2.52986E-3 2.14183E-3 2.07578E-3 1.87073E-3 1.63446E-3 1.63382E-3 1.39121E-3 1.11391E-3 9.3854E-4 8.1071E-4 5.53465E-4 5.52665E-4 5.86812E-4 5.77404E-4 7.76214E-4 8.17843E-4 8.24492E-4 1.53784E-3 2.15759E-3 2.4305E-3 1.88918E-3 1.33788E-3 1.48901E-3 1.912E-3 1.87673E-3 1.84604E-3 2.06771E-3 2.04191E-3 1.84249E-3 1.58769E-3 1.36572E-3 1.14196E-3 8.76612E-4 8.0398E-4 7.68754E-4 8.00817E-4 7.6552E-4 8.25807E-4 8.57727E-4 9.05965E-4 1.24888E-3 1.53114E-3 2.13933E-3 2.10643E-3 2.34358E-3 3.02911E-3 4.94529E-3 4.91608E-3 6.58811E-3 7.381E-3 4.9025E-3 3.42826E-3 2.38132E-3 2.73155E-3 3.7967E-3 2.26737E-3 2.11205E-3 1.41189E-3
1.4789E-3 1.98085E-3 2.05429E-3 1.74084E-3 1.8358E-3 1.93491E-3 1.65083E-3 1.96815E-3 1.817E-3 1.16574E-3 9.78244E-4 2.40151E-3 2.62095E-3 2.37154E-3 2.4083E-3 2.22682E-3 1.62793E-3 1.30238E-3 1.07589E-3 8.8766E-4 6.89099E-4 7.51401E-4 8.01095E-4 6.20992E-4 5.80992E-4 6.66962E-4 7.94727E-4 8.70547E-4 7.42733E-4 7.79301E-4 1.73463E-3 2.40244E-3 2.20542E-3 1.86671E-3 2.12577E-3 2.04843E-3 2.15599E-3 1.8901E-3 2.17263E-3 1.93693E-3 1.68198E-3 8.27262E-4 8.78812E-4 1.09728E-3 1.11184E-3 1.16302E-3 9.09867E-4 9.41232E-4 9.49319E-4 8.61675E-4 8.22728E-4 9.85049E-4 1.31349E-3 1.75676E-3 2.00691E-3 2.56187E-3 2.94724E-3 3.78947E-3 3.57224E-3 4.9449E-3 5.56534E-3 4.79448E-3 5.71789E-3 3.30184E-3 3.33714E-3 6.82833E-3 8.40798E-3 3.9523E-3 2.36502E-3 2.26552E-3
9.94108E-4 1.62882E-3 1.64262E-3 1.79983E-3 1.72505E-3 1.61757E-3 1.64745E-3 2.0033E-3 2.11099E-3 1.77467E-3 1.70873E-3 3.10846E-3 3.14871E-3 2.7189E-3 2.81244E-3 2.46415E-3 2.13418E-3 1.82372E-3 1.51295E-3 1.33776E-3 1.0711E-3 7.77504E-4 5.62629E-4 5.63303E-4 7.09392E-4 6.68187E-4 5.89942E-4 8.12345E-4 1.24925E-3 1.10005E-3 1.19401E-3 2.12145E-3 2.35947E-3 2.39252E-3 2.13767E-3 2.28582E-3 2.2888E-3 2.30357E-3 2.34003E-3 2.18812E-3 2.04068E-3 1.72875E-3 1.82375E-3 1.91251E-3 1.87029E-3 1.68745E-3 1.49742E-3 1.44412E-3 1.19206E-3 9.77795E-4 9.8193E-4 1.1954E-3 1.36981E-3 1.74676E-3 1.97738E-3 2.45304E-3 2.86571E-3 3.41354E-3 3.25163E-3 3.29892E-3 3.83386E-3 4.56971E-3 4.60807E-3 6.08817E-3 6.01229E-3 1.39621E-2 1.09672E-2 9.95649E-3 5.22617E-3 3.13243E-3
7.54528E-4 1.08485E-3 9.02239E-4 1.43541E-3 1.87221E-3 1.85452E-3 1.94598E-3 2.00295E-3 2.30043E-3 2.09638E-3 2.02056E-3 3.51171E-3 3.42575E-3 3.12699E-3 2.95704E-3 2.79403E-3 2.5193E-3 2.11399E-3 1.77204E-3 1.35816E-3 1.12177E-3 7.80888E-4 6.21847E-4 5.73733E-4 7.80499E-4 1.03436E-3 6.1487E-4 6.29868E-4 1.24045E-3 1.40147E-3 1.46374E-3 2.03266E-3 2.33397E-3 2.62211E-3 2.55709E-3 2.56555E-3 2.54257E-3 2.48451E-3 2.52954E-3 2.43979E-3 2.34796E-3 2.1326E-3 2.2275E-3 2.13998E-3 2.07168E-3 1.9216E-3 1.78372E-3 1.47792E-3 1.36887E-3 1.19565E-3 1.3033E-3 1.48729E-3 1.69371E-3 1.95781E-3 2.20763E-3 2.42868E-3 2.85471E-3 3.1219E-3 3.48985E-3 4.50558E-3 5.76407E-3 6.8525E-3 7.13175E-3 7.89801E-3 1.43223E-2 1.28292E-2 1.53026E-2 1.50538E-2 9.98688E-3 3.13611E-3
7.1503E-4 8.79949E-4 8.07502E-4 8.64532E-4 1.60649E-3 1.88149E-3 2.49439E-3 3.03485E-3 2.89343E-3 2.92055E-3 2.92629E-3 3.74537E-3 3.25429E-3 3.28645E-3 3.31657E-3 3.13353E-3 2.7895E-3 2.39897E-3 1.87773E-3 1.48064E-3 1.08637E-3 9.55318E-4 8.4637E-4 6.67535E-4 6.04309E-4 7.55652E-4 7.68752E-4 5.84389E-4 1.0635E-3 1.08287E-3 1.38063E-3 1.98793E-3 2.58013E-3 2.78289E-3 2.63624E-3 2.62646E-3 2.59027E-3 2.5777E-3 2.72183E-3 2.69709E-3 2.60839E-3 2.46347E-3 2.37379E-3 2.28925E-3 2.25101E-3 2.22154E-3 2.09782E-3 1.75364E-3 1.69676E-3 1.6339E-3 1.67874E-3 1.78991E-3 1.89154E-3 2.05934E-3 2.35098E-3 2.16687E-3 2.52964E-3 2.79184E-3 3.50081E-3 4.62455E-3 5.77449E-3 6.60316E-3 8.26446E-3 8.32708E-3 8.95437E-3 1.05549E-2 1.79892E-2 1.39111E-2 7.60874E-3 6.52158E-3
5.53684E-4 3.93013E-4 6.79231E-4 6.98307E-4 1.14791E-3 1.91717E-3 2.26217E-3 2.82119E-3 3.57657E-3 3.92331E-3 3.94211E-3 3.51209E-3 3.09787E-3 3.44295E-3 3.45103E-3 3.4588E-3 3.22307E-3 2.64618E-3 2.01117E-3 1.48274E-3 1.21274E-3 1.0205E-3 1.07481E-3 9.59817E-4 6.0339E-4 5.30859E-4 8.41757E-4 7.9011E-4 1.0755E-3 1.27845E-3 1.40079E-3 1.7617E-3 2.37628E-3 2.83275E-3 2.65094E-3 2.62468E-3 2.63162E-3 2.70632E-3 2.76829E-3 2.71734E-3 2.72775E-3 2.71708E-3 2.67007E-3 2.64954E-3 2.60185E-3 2.41278E-3 2.14886E-3 1.97035E-3 1.92604E-3 1.98582E-3 2.02588E-3 2.11146E-3 2.14817E-3 2.36434E-3 2.47473E-3 2.39581E-3 2.73006E-3 3.1003E-3 3.91043E-3 4.73774E-3 5.3281E-3 6.35499E-3 7.58866E-3 9.41331E-3 9.57356E-3 1.02267E-2 1.09299E-2 1.22131E-2 6.40974E-3 7.69335E-3
6.47155E-4 5.30643E-4 4.48595E-4 4.23486E-4 8.2533E-4 1.43274E-3 1.50024E-3 1.10046E-3 1.39202E-3 3.91509E-3 4.39047E-3 3.35322E-3 3.46164E-3 3.62921E-3 3.73695E-3 3.71609E-3 3.50366E-3 3.08168E-3 2.41143E-3 1.91084E-3 1.61805E-3 9.67254E-4 8.32806E-4 1.32481E-3 1.2811E-3 9.27212E-4 1.11404E-3 1.12923E-3 1.42986E-3 1.71224E-3 1.55347E-3 1.81436E-3 2.41449E-3 2.8342E-3 2.83336E-3 2.94896E-3 3.05586E-3 2.9302E-3 2.79814E-3 3.00163E-3 3.00335E-3 3.03912E-3 3.03623E-3 2.83545E-3 2.51629E-3 2.27255E-3 2.13145E-3 2.17099E-3 2.12901E-3 2.2452E-3 2.41678E-3 2.45432E-3 2.51417E-3 2.38793E-3 2.664E-3 2.89734E-3 3.04731E-3 3.50801E-3 4.66324E-3 4.736E-3 5.09089E-3 6.07143E-3 7.91556E-3 9.11147E-3 1.11269E-2 1.12933E-2 1.07505E-2 1.54189E-2 1.20322E-2 1.07785E-2
9.23102E-4 5.95274E-4 6.62659E-4 4.96339E-4 5.4824E-4 9.46175E-4 1.48389E-3 1.86383E-3 2.19536E-3 4.77013E-3 5.0787E-3 4.18252E-3 3.95324E-3 3.94079E-3 4.07851E-3 4.03086E-3 3.81273E-3 3.44099E-3 2.82337E-3 2.10275E-3 2.11369E-3 1.99679E-3 1.51981E-3 1.43725E-3 1.68281E-3 1.16943E-3 1.13678E-3 1.61179E-3 1.60892E-3 1.48056E-3 1.96115E-3 1.98565E-3 2.36116E-3 2.93507E-3 2.98297E-3 2.8927E-3 3.07579E-3 3.12627E-3 3.25427E-3 3.21481E-3 3.33458E-3 3.17823E-3 3.10241E-3 2.53296E-3 2.345E-3 2.37011E-3 2.42513E-3 2.31845E-3 2.37342E-3 2.46347E-3 2.64626E-3 2.78034E-3 2.51417E-3 2.16627E-3 2.1472E-3 2.75905E-3 3.02521E-3 3.78876E-3 4.64229E-3 5.40377E-3 5.61899E-3 6.77676E-3 8.53843E-3 1.04317E-2 1.11535E-2 1.20312E-2 9.60278E-3 1.33256E-2 1.25947E-2 1.06568E-2
1.15833E-3 1.03149E-3 7.47696E-4 5.75749E-4 3.77482E-4 4.85254E-4 1.26506E-3 1.62232E-3 2.20158E-3 4.18969E-3 5.28411E-3 4.67314E-3 4.5515E-3 4.42443E-3 4.51171E-3 4.49294E-3 4.13448E-3 3.4008E-3 3.06084E-3 2.67983E-3 2.34715E-3 2.46275E-3 2.18967E-3 1.60074E-3 1.72844E-3 1.21477E-3 7.1049E-4 1.67306E-3 1.98969E-3 1.77183E-3 1.86135E-3 2.39695E-3 2.47581E-3 2.90024E-3 2.81808E-3 2.91115E-3 3.03844E-3 3.26021E-3 3.39463E-3 3.53091E-3 3.49853E-3 3.54456E-3 3.37923E-3 3.17347E-3 2.91576E-3 2.73452E-3 2.61481E-3 2.55118E-3 2.64849E-3 2.82264E-3 2.99065E-3 3.15306E-3 2.53205E-3 2.27997E-3 2.19252E-3 2.59385E-3 2.92383E-3 3.60615E-3 4.57983E-3 5.20008E-3 6.0087E-3 7.7182E-3 9.19768E-3 1.13559E-2 1.34536E-2 1.27311E-2 1.36891E-2 1.13201E-2 1.05608E-2 9.44904E-3
7.21713E-4 1.18766E-3 9.66362E-4 6.95738E-4 5.48398E-4 4.88991E-4 7.67545E-4 1.11046E-3 7.56856E-4 2.83705E-3 4.70626E-3 5.10998E-3 5.93416E-3 5.45033E-3 5.23297E-3 5.36897E-3 4.94658E-3 3.86567E-3 3.13097E-3 2.59751E-3 2.14235E-3 2.37644E-3 2.62234E-3 1.84929E-3 1.78476E-3 1.37065E-3 1.19893E-3 1.67756E-3 1.99022E-3 2.25537E-3 2.1621E-3 2.57608E-3 2.99601E-3 2.94924E-3 2.82884E-3 2.89657E-3 3.04608E-3 3.34337E-3 3.54659E-3 3.58887E-3 3.62222E-3 3.61695E-3 3.69624E-3 3.15543E-3 2.73564E-3 2.63119E-3 2.67008E-3 2.75232E-3 2.91906E-3 3.17258E-3 3.34298E-3 3.39026E-3 2.77597E-3 2.38606E-3 2.25028E-3 2.72451E-3 3.07009E-3 3.79401E-3 4.33831E-3 5.42985E-3 6.52262E-3 8.55984E-3 1.04222E-2 1.31277E-2 1.61258E-2 1.2384E-2 9.55328E-3 8.54779E-3 7.18136E-3 1.31771E-2
1.06339E-3 7.19855E-4 9.98275E-4 9.14486E-4 8.14967E-4 5.93695E-4 5.98062E-4 6.863E-4 6.9691E-4 1.67534E-3 2.8291E-3 4.98358E-3 6.48634E-3 6.58088E-3 6.73309E-3 6.75332E-3 6.19524E-3 4.53669E-3 3.68863E-3 3.02567E-3 2.5587E-3 2.502E-3 2.76039E-3 2.30793E-3 1.947E-3 1.59732E-3 1.53067E-3 1.33585E-3 1.41382E-3 2.10521E-3 2.69077E-3 2.88071E-3 3.15881E-3 3.05328E-3 2.92797E-3 2.89873E-3 3.21828E-3 3.49792E-3 3.68076E-3 3.61795E-3 3.03803E-3 2.7623E-3 2.9631E-3 2.71604E-3 2.75194E-3 2.8366E-3 2.88416E-3 3.01363E-3 3.14615E-3 3.40661E-3 3.8135E-3 3.34507E-3 2.89131E-3 2.36547E-3 2.4926E-3 2.80898E-3 3.1385E-3 3.78127E-3 4.56948E-3 5.67317E-3 6.95042E-3 8.30258E-3 1.11937E-2 1.32996E-2 1.64806E-2 7.97071E-3 1.00424E-2 6.83227E-3 6.75886E-3 1.356E-2
1.16996E-3 1.08344E-3 7.68885E-4 7.59664E-4 8.74105E-4 9.30685E-4 6.79613E-4 6.04287E-4 6.63905E-4 7.66392E-4 1.1589E-3 4.08866E-3 6.26585E-3 6.47647E-3 7.43091E-3 1.8137E-2 8.07674E-3 7.43653E-3 4.58587E-3 3.97809E-3 3.43495E-3 3.13835E-3 2.55893E-3 2.17483E-3 1.83989E-3 1.6975E-3 1.13125E-3 1.03988E-3 1.06128E-3 1.24174E-3 2.66223E-3 3.13179E-3 3.3838E-3 3.22927E-3 3.06969E-3 3.14143E-3 3.23552E-3 3.46205E-3 3.84648E-3 3.58356E-3 2.81751E-3 2.73801E-3 2.68668E-3 2.8356E-3 2.90249E-3 3.01124E-3 3.20043E-3 3.38171E-3 3.48503E-3 3.76147E-3 4.13163E-3 3.607E-3 2.9385E-3 2.70249E-3 2.67109E-3 2.9976E-3 3.49461E-3 4.29752E-3 4.89271E-3 5.87394E-3 7.34839E-3 8.76999E-3 1.16602E-2 1.35964E-2 9.84596E-3 8.10839E-3 1.08719E-2 1.0639E-2 1.01955E-2 2.49603E-2
1.25907E-3 1.19469E-3 9.6584E-4 6.47185E-4 6.83103E-4 8.09924E-4 9.27933E-4 8.42491E-4 1.23173E-3 6.51507E-4 6.90283E-4 2.60174E-3 7.25628E-3 1.74337E-2 1.74681E-2 1.70291E-2 1.64976E-2 1.78334E-2 7.17115E-3 4.61343E-3 4.27047E-3 3.52492E-3 2.84747E-3 2.28982E-3 1.85471E-3 1.60643E-3 1.16595E-3 1.08854E-3 1.21436E-3 1.03305E-3 2.07471E-3 3.46753E-3 3.66544E-3 3.48126E-3 3.4613E-3 3.25422E-3 3.34791E-3 3.69558E-3 3.79394E-3 3.94021E-3 3.67536E-3 3.82817E-3 3.31682E-3 3.17034E-3 3.2494E-3 3.3518E-3 3.92613E-3 4.01344E-3 4.29765E-3 4.17439E-3 4.22951E-3 3.39443E-3 2.86065E-3 2.98493E-3 3.25137E-3 3.50904E-3 3.81764E-3 4.46004E-3 5.16985E-3 6.11992E-3 7.48329E-3 9.4892E-3 1.09835E-2 1.19411E-2 6.11704E-3 1.13452E-2 1.24314E-2 1.18094E-2 9.72699E-3 2.0348E-2
1.15399E-3 1.13578E-3 1.1209E-3 1.01168E-3 8.53051E-4 7.72386E-4 8.47921E-4 9.84435E-4 8.82501E-4 7.5702E-4 7.67178E-4 2.63745E-3 1.54721E-2 1.71016E-2 1.6863E-2 1.61781E-2 1.72057E-2 1.81963E-2 1.61841E-2 6.43295E-3 4.84621E-3 3.911E-3 3.26769E-3 2.40541E-3 2.0137E-3 1.4682E-3 8.46525E-4 9.72969E-4 1.22111E-3 1.21255E-3 2.27784E-3 3.7231E-3 3.96578E-3 3.81644E-3 3.80838E-3 3.68724E-3 3.73092E-3 3.56583E-3 3.76428E-3 4.20451E-3 4.3621E-3 4.15218E-3 3.66939E-3 3.52873E-3 3.7811E-3 4.26767E-3 3.96671E-3 3.30707E-3 4.25749E-3 4.57097E-3 4.05677E-3 3.32288E-3 3.2121E-3 3.45762E-3 3.71114E-3 3.96891E-3 4.42181E-3 5.0642E-3 5.71173E-3 6.61504E-3 8.05193E-3 9.62475E-3 1.11834E-2 8.99462E-3 8.37753E-3 1.04747E-2 1.05143E-2 9.40466E-3 1.74083E-2 1.38442E-2
8.5544E-4 8.93186E-4 9.90033E-4 9.84488E-4 9.57136E-4 1.02899E-3 9.52591E-4 1.04455E-3 1.09082E-3 8.50172E-4 1.50888E-3 1.21347E-3 3.52061E-3 1.5153E-2 1.27646E-2 1.21822E-2 1.2146E-2 1.68384E-2 1.68972E-2 1.50961E-2 5.06018E-3 4.48355E-3 3.28694E-3 2.68059E-3 2.26478E-3 1.13509E-3 7.93952E-4 1.05627E-3 1.22996E-3 1.2283E-3 2.50978E-3 3.99586E-3 4.26212E-3 4.11674E-3 3.98046E-3 4.03992E-3 4.04627E-3 3.82944E-3 3.90586E-3 4.01251E-3 4.21067E-3 4.20047E-3 4.16426E-3 4.23107E-3 4.28895E-3 4.27462E-3 3.56688E-3 3.36862E-3 3.50349E-3 3.79661E-3 3.54702E-3 3.11642E-3 3.61272E-3 3.93087E-3 4.44483E-3 4.61086E-3 5.1773E-3 5.62727E-3 6.3606E-3 7.08399E-3 8.4355E-3 1.00382E-2 1.0844E-2 9.0316E-3 8.24956E-3 8.16452E-3 5.93696E-3 7.03395E-3 9.06862E-3 4.45511E-3
9.08361E-4 9.01192E-4 9.61057E-4 9.5019E-4 9.77582E-4 9.81504E-4 1.00527E-3 1.00919E-3 9.76909E-4 8.99034E-4 1.68639E-3 1.38089E-3 1.36717E-3 3.8721E-3 1.22332E-2 1.25633E-2 1.21839E-2 1.18985E-2 1.26132E-2 1.20927E-2 7.27502E-3 4.90044E-3 3.9107E-3 3.29924E-3 2.85644E-3 1.33245E-3 7.66397E-4 1.15153E-3 1.29824E-3 9.97741E-4 1.98486E-3 3.81402E-3 4.62721E-3 4.57129E-3 4.63065E-3 4.50439E-3 4.47921E-3 4.30504E-3 4.24352E-3 4.4906E-3 4.66315E-3 4.40191E-3 4.38553E-3 4.4338E-3 4.65431E-3 3.98552E-3 3.12669E-3 2.99315E-3 2.8716E-3 3.14769E-3 3.29068E-3 3.20678E-3 3.87733E-3 4.32404E-3 4.62824E-3 5.1152E-3 5.61398E-3 6.3484E-3 6.81909E-3 8.28592E-3 9.33646E-3 1.0436E-2 9.79488E-3 6.39089E-3 6.04056E-3 5.30648E-3 8.61062E-3 6.41447E-3 6.06129E-3 4.72007E-3
2.2046E-3 2.2461E-3 2.15692E-3 2.14733E-3 1.01316E-3 1.03866E-3 9.93208E-4 1.05064E-3 1.96605E-3 2.10599E-3 1.73549E-3 1.74044E-3 1.50632E-3 2.65E-3 1.01836E-2 1.23781E-2 1.2803E-2 1.24684E-2 1.28266E-2 1.31563E-2 1.2707E-2 1.5708E-2 5.31732E-3 4.4639E-3 3.22124E-3 1.79928E-3 1.30514E-3 1.18087E-3 1.40201E-3 9.39134E-4 1.2933E-3 2.94688E-3 4.32665E-3 5.01516E-3 5.07922E-3 5.0833E-3 5.05281E-3 5.15651E-3 5.35321E-3 5.48951E-3 6.55974E-3 5.41382E-3 4.99812E-3 4.61574E-3 4.07397E-3 3.11797E-3 2.66573E-3 2.49883E-3 2.36197E-3 2.45302E-3 2.57238E-3 3.15425E-3 3.80188E-3 4.32404E-3 4.60335E-3 5.49025E-3 5.98327E-3 6.68492E-3 7.69992E-3 8.38045E-3 9.76694E-3 1.02555E-2 7.65308E-3 4.66142E-3 9.5094E-3 8.4251E-3 6.36117E-3 4.2024E-3 4.72467E-3 4.40567E-3
1.22837E-3 2.42927E-3 2.4292E-3 2.56458E-3 2.62103E-3 2.34752E-3 2.20283E-3 2.09927E-3 2.02153E-3 1.91414E-3 1.94995E-3 1.77039E-3 1.53362E-3 1.42234E-3 7.27874E-3 1.13918E-2 1.2382E-2 1.24146E-2 1.27852E-2 1.29275E-2 1.33145E-2 1.57869E-2 1.45515E-2 4.83003E-3 3.19805E-3 1.14751E-3 1.15148E-3 9.53964E-4 1.10044E-3 1.31168E-3 1.04459E-3 1.60951E-3 2.92705E-3 4.47319E-3 5.41621E-3 5.58935E-3 6.16289E-3 6.06438E-3 5.90174E-3 5.95231E-3 5.44047E-3 5.16581E-3 4.40834E-3 3.83463E-3 3.13555E-3 2.61552E-3 1.838E-3 2.00463E-3 1.84038E-3 1.95374E-3 2.23566E-3 2.69472E-3 3.12447E-3 3.48493E-3 4.25797E-3 5.46391E-3 6.64524E-3 6.98309E-3 8.10561E-3 9.06372E-3 1.06724E-2 1.01282E-2 7.52231E-3 4.59197E-3 7.94608E-3 4.76926E-3 3.6224E-3 2.7509E-3 3.15546E-3 4.52473E-3
1.32249E-3 2.81467E-3 2.71362E-3 2.87266E-3 2.55878E-3 2.15149E-3 2.15814E-3 2.11003E-3 2.51548E-3 2.03359E-3 1.92535E-3 1.72887E-3 1.59359E-3 1.16428E-3 2.70947E-3 6.52491E-3 9.86411E-3 1.14279E-2 1.18329E-2 1.22974E-2 1.28395E-2 1.25844E-2 1.57312E-2 6.91002E-3 4.58076E-3 1.33924E-3 7.54406E-4 8.2598E-4 9.07401E-4 8.8972E-4 1.01867E-3 1.31245E-3 1.10643E-3 2.09221E-3 4.30087E-3 5.60367E-3 5.68205E-3 5.31761E-3 5.23515E-3 4.96667E-3 4.95118E-3 4.08288E-3 3.85125E-3 3.3145E-3 2.7197E-3 2.02406E-3 1.45047E-3 1.46844E-3 1.48076E-3 1.57854E-3 1.66401E-3 1.6853E-3 1.74017E-3 2.36785E-3 4.07695E-3 6.21003E-3 6.79222E-3 7.76709E-3 8.58884E-3 9.58326E-3 1.06651E-2 1.04879E-2 9.30355E-3 4.78642E-3 5.80681E-3 2.86138E-3 2.22258E-3 3.28424E-3 3.25111E-3 4.94118E-3
