KUENM_DEFAULT/Final_Models/M_1_F_lqpth_Set_1_NE/sp1_se_asia_avg.asc
ncols         320
nrows         243
xllcorner     44.0
yllcorner     -0.666666666666667
cellsize      0.166666666666667
NODATA_value  -9999
[rows 31 to 61 of 243, columns 0 to 69 of 320]
-9999 -9999 -9999 -9999 -9999 -9999 -9999 -9999 -9999 -9999 1.78334E-1 1.60051E-1 2.95423E-2 4.47729E-2 5.84335E-2 5.49065E-2 3.94364E-2 3.50167E-2 1.88226E-2 1.94645E-2 2.51977E-2 2.12845E-2 1.315E-2 3.53418E-2 3.81698E-2 2.50598E-2 1.8057E-2 6.14646E-3 1.42556E-2 1.60933E-2 1.85321E-2 1.4445E-2 9.9453E-3 1.02728E-2 7.267E-3 2.12989E-3 1.07464E-3 1.84663E-3 2.01651E-3 2.00456E-3 2.06326E-3 2.06301E-3 2.45006E-3 3.06492E-3 3.16836E-3 2.70149E-3 3.35583E-3 2.80124E-3 2.64009E-3 1.8914E-3 1.729E-3 1.76528E-3 1.35257E-3 1.90871E-3 2.79438E-3 4.02352E-3 4.26694E-3 4.1863E-3 4.32555E-3 4.27639E-3 4.38325E-3 4.34587E-3 4.27799E-3 4.23691E-3 4.23691E-3 4.24849E-3 4.28438E-3 4.12067E-3 4.16453E-3 4.12145E-3
-9999 -9999 -9999 -9999 -9999 -9999 -9999 -9999 -9999 1.55157E-1 1.46265E-1 1.23881E-1 6.81249E-2 5.53018E-2 4.93358E-2 4.01215E-2 4.1286E-2 3.63511E-2 3.04684E-2 1.72767E-2 2.77829E-2 3.04835E-2 2.41381E-2 2.67009E-2 2.54306E-2 1.75073E-2 1.46249E-2 1.61022E-2 1.30337E-2 7.27687E-3 1.28766E-2 1.05226E-2 8.74421E-3 1.34889E-2 1.18356E-2 6.46909E-3 2.31179E-3 1.76921E-3 1.88011E-3 2.14704E-3 1.63428E-3 1.50311E-3 1.66352E-3 2.9877E-3 3.41833E-3 3.2798E-3 3.25471E-3 2.81418E-3 2.93307E-3 2.47617E-3 2.31622E-3 2.42473E-3 2.28707E-3 2.28491E-3 2.92619E-3 2.7127E-3 2.72613E-3 2.70395E-3 2.71893E-3 4.13038E-3 4.14244E-3 4.17422E-3 3.91824E-3 3.91824E-3 3.909E-3 4.17445E-3 4.01898E-3 4.11953E-3 2.644E-3 2.72809E-3
-9999 -9999 -9999 -9999 -9999 -9999 -9999 -9999 -9999 1.42181E-1 1.23067E-1 1.02792E-1 6.28671E-2 4.30361E-2 4.056E-2 3.18027E-2 3.49072E-2 3.23959E-2 2.75833E-2 3.39588E-2 3.23465E-2 2.25183E-2 1.79262E-2 1.47537E-2 2.00459E-2 2.51524E-2 1.47052E-2 1.28681E-2 1.04017E-2 7.18505E-3 8.56429E-3 1.20948E-2 8.21895E-3 1.24607E-2 1.6181E-2 1.26983E-2 5.68424E-3 1.8115E-3 1.9324E-3 1.83476E-3 6.95593E-4 5.29696E-4 1.03019E-3 2.79133E-3 3.6274E-3 3.68466E-3 3.01081E-3 3.62211E-3 2.37695E-3 2.08181E-3 2.6327E-3 2.23616E-3 2.40595E-3 2.50217E-3 2.80595E-3 2.62938E-3 2.59091E-3 2.50732E-3 2.56493E-3 2.55526E-3 2.51664E-3 2.42761E-3 2.29228E-3 2.40938E-3 2.399E-3 2.34219E-3 2.78061E-3 2.59538E-3 2.65716E-3 2.46827E-3
-9999 -9999 -9999 -9999 -9999 -9999 -9999 -9999 -9999 1.41368E-1 1.14024E-1 9E-2 5.9305E-2 4.3289E-2 3.92832E-2 4.21036E-2 3.65403E-2 2.86266E-2 2.91514E-2 2.41703E-2 2.56706E-2 2.49156E-2 2.0087E-2 1.84512E-2 1.64238E-2 1.05647E-2 1.39781E-2 1.31934E-2 8.30339E-3 7.99347E-3 8.91395E-3 9.2661E-3 1.15743E-2 1.08408E-2 1.35202E-2 1.28253E-2 3.69219E-3 1.4549E-3 1.61404E-3 1.777E-3 8.88953E-4 4.81041E-4 8.30657E-4 2.19976E-3 3.84165E-3 3.32882E-3 2.74885E-3 1.91779E-3 1.14457E-3 1.5515E-3 1.7049E-3 1.58331E-3 1.6391E-3 2.10246E-3 3.10992E-3 2.60823E-3 2.61555E-3 2.58041E-3 2.52967E-3 2.53737E-3 2.36068E-3 2.00439E-3 1.89048E-3 1.83596E-3 2.05197E-3 1.70663E-3 1.52008E-3 2.17786E-3 2.50759E-3 2.93872E-3
-9999 -9999 -9999 -9999 -9999 -9999 -9999 -9999 -9999 1.35907E-1 1.15765E-1 9.04992E-2 6.52008E-2 5.0162E-2 3.98013E-2 3.19234E-2 4.21476E-2 3.09258E-2 3.79607E-2 2.97193E-2 2.7746E-2 3.54862E-2 2.15587E-2 2.61561E-2 2.0419E-2 1.70708E-2 6.01069E-3 8.66722E-3 1.86715E-2 9.74083E-3 9.65385E-3 8.65695E-3 1.04153E-2 7.54725E-3 3.98017E-3 5.61037E-3 1.25277E-3 9.94774E-4 1.37852E-3 1.66578E-3 1.24707E-3 7.16908E-4 5.3986E-4 1.24097E-3 2.42324E-3 3.35654E-3 2.94453E-3 2.25721E-3 1.24635E-3 1.10346E-3 1.10864E-3 1.18165E-3 1.10486E-3 1.19573E-3 1.65111E-3 2.34214E-3 2.41907E-3 2.26013E-3 2.31151E-3 2.1387E-3 2.07172E-3 1.3268E-3 1.15498E-3 1.21794E-3 1.46438E-3 1.82653E-3 2.34089E-3 2.26598E-3 2.47363E-3 2.47408E-3
-9999 -9999 -9999 -9999 -9999 -9999 -9999 -9999 -9999 -9999 1.28893E-1 8.79956E-2 6.34866E-2 5.46213E-2 3.45571E-2 4.85384E-2 4.59472E-2 3.92537E-2 5.99974E-2 5.46629E-2 5.29268E-2 3.29947E-2 4.24339E-2 3.00643E-2 2.50418E-2 2.55122E-2 1.52682E-2 1.29261E-2 2.04699E-2 2.13251E-2 1.69077E-2 1.11328E-2 8.10981E-3 7.22632E-3 3.84139E-3 3.76062E-3 3.35449E-3 2.61837E-3 1.75182E-3 1.03492E-3 7.54619E-4 8.49963E-4 5.87911E-4 4.08006E-4 5.60303E-4 1.01569E-3 2.23816E-3 2.86421E-3 2.5764E-3 2.00153E-3 1.78975E-3 1.94931E-3 1.7131E-3 1.02123E-3 1.10924E-3 1.43373E-3 1.36434E-3 1.85541E-3 2.07588E-3 2.17302E-3 2.1503E-3 1.68963E-3 1.47879E-3 1.53098E-3 1.75285E-3 1.84688E-3 2.26185E-3 2.49703E-3 2.72745E-3 2.78728E-3
-9999 -9999 -9999 -9999 -9999 -9999 -9999 -9999 -9999 -9999 -9999 1.02142E-1 9.20785E-2 6.07445E-2 4.06631E-2 2.95511E-2 5.17028E-2 5.51086E-2 5.06173E-2 3.75858E-2 3.94787E-2 4.94264E-2 4.24131E-2 6.65757E-2 4.22451E-2 3.76862E-2 3.1628E-2 2.06576E-2 1.50749E-2 2.05718E-2 2.28681E-2 1.56476E-2 1.24289E-2 1.03502E-2 4.42233E-3 2.94516E-3 2.38213E-3 2.01771E-3 1.35578E-3 1.07063E-3 9.54769E-4 7.24033E-4 6.16144E-4 5.02538E-4 3.93565E-4 3.68074E-4 7.14122E-4 1.39745E-3 2.30913E-3 2.74916E-3 2.35834E-3 2.21114E-3 1.87195E-3 2.05036E-3 1.86459E-3 1.36997E-3 1.28656E-3 1.36131E-3 1.56576E-3 1.71945E-3 1.72168E-3 1.60486E-3 1.60486E-3 1.82705E-3 1.802E-3 1.63637E-3 1.8139E-3 1.95972E-3 2.32836E-3 2.78775E-3
-9999 -9999 -9999 -9999 -9999 -9999 -9999 -9999 -9999 -9999 -9999 -9999 8.10831E-2 8.53431E-2 5.18423E-2 3.39355E-2 3.14196E-2 5.82182E-2 5.67508E-2 6.41996E-2 5.44335E-2 5.68837E-2 6.28125E-2 8.37566E-2 6.52612E-2 6.29098E-2 6.2591E-2 3.01759E-2 1.50855E-2 1.45734E-2 1.67701E-2 1.53267E-2 1.50964E-2 1.17333E-2 4.67995E-3 2.45294E-3 1.91568E-3 1.84401E-3 1.24154E-3 8.40796E-4 6.90586E-4 6.43754E-4 7.26298E-4 7.33761E-4 5.37715E-4 4.08402E-4 3.68647E-4 6.98101E-4 1.10786E-3 1.59172E-3 1.59083E-3 1.76998E-3 1.9489E-3 1.9591E-3 2.00217E-3 1.42866E-3 1.07581E-3 9.79776E-4 1.11284E-3 1.53025E-3 1.84964E-3 1.32883E-3 1.15778E-3 1.08994E-3 1.11789E-3 1.34547E-3 2.31584E-3 2.86649E-3 2.92538E-3 2.94036E-3
-9999 -9999 -9999 -9999 -9999 -9999 -9999 -9999 -9999 -9999 -9999 -9999 -9999 7.80275E-2 6.99248E-2 4.9079E-2 4.82871E-2 3.76391E-2 4.1091E-2 8.34288E-2 7.42122E-2 6.15811E-2 9.40904E-2 8.72083E-2 5.16906E-2 3.26008E-2 1.92808E-2 2.59074E-2 3.11799E-2 3.3999E-2 1.85767E-2 6.59797E-3 3.60989E-3 8.35681E-3 5.25006E-3 1.99234E-3 1.43044E-3 1.10789E-3 9.85359E-4 9.48196E-4 8.7843E-4 8.80346E-4 1.01302E-3 9.89834E-4 9.14823E-4 6.54777E-4 6.30207E-4 5.41151E-4 6.00506E-4 5.59719E-4 8.82794E-4 6.68254E-4 8.45138E-4 8.62483E-4 1.22112E-3 1.52554E-3 1.61615E-3 1.28781E-3 1.11687E-3 1.25177E-3 1.54527E-3 1.74493E-3 1.9762E-3 2.169E-3 1.99733E-3 1.44419E-3 1.81688E-3 2.48382E-3 2.60806E-3 2.6558E-3
-9999 -9999 -9999 -9999 -9999 -9999 -9999 -9999 -9999 -9999 -9999 -9999 3.73143E-2 5.00759E-2 5.85818E-2 7.17861E-2 7.23447E-2 6.14162E-2 5.30693E-2 4.63576E-2 7.27482E-2 9.82683E-2 1.15844E-1 1.01641E-1 5.69227E-2 4.69406E-2 2.68419E-2 9.01351E-2 7.18139E-2 3.00095E-2 2.2485E-2 1.8072E-2 4.62034E-3 8.54134E-3 4.45144E-3 2.06699E-3 1.77394E-3 1.27668E-3 1.09183E-3 9.43792E-4 1.09436E-3 1.20613E-3 1.12721E-3 1.17306E-3 1.04173E-3 9.62998E-4 8.0891E-4 6.02231E-4 5.99336E-4 4.5065E-4 5.15606E-4 5.42713E-4 5.36822E-4 4.87379E-4 8.42955E-4 1.55237E-3 1.74757E-3 1.82203E-3 1.50371E-3 1.1169E-3 1.19513E-3 1.3517E-3 1.81117E-3 1.96278E-3 2.12503E-3 1.54033E-3 1.49074E-3 1.89121E-3 1.8897E-3 1.86389E-3
-9999 -9999 -9999 -9999 -9999 -9999 -9999 -9999 -9999 -9999 -9999 -9999 -9999 -9999 -9999 5.57604E-2 6.56539E-2 6.92127E-2 8.45735E-2 5.68426E-2 7.59274E-2 8.08866E-2 9.60833E-2 1.18763E-1 1.27952E-1 7.48313E-2 6.26264E-2 8.10924E-2 9.99289E-2 6.83982E-2 7.94385E-2 4.2212E-2 2.22223E-2 8.83305E-3 5.43498E-3 2.96238E-3 2.093E-3 2.22614E-3 1.76132E-3 1.26496E-3 1.1289E-3 1.2315E-3 1.16694E-3 1.12778E-3 1.33271E-3 1.28736E-3 1.04241E-3 8.85893E-4 7.0624E-4 6.02986E-4 4.17796E-4 4.70077E-4 5.86513E-4 7.29462E-4 8.55574E-4 1.02618E-3 1.57633E-3 1.85358E-3 1.63167E-3 1.327E-3 1.35021E-3 1.71877E-3 1.99913E-3 2.01435E-3 1.81609E-3 1.54033E-3 1.62152E-3 1.5001E-3 1.29197E-3 1.06015E-3
-9999 -9999 -9999 -9999 -9999 -9999 -9999 -9999 -9999 -9999 -9999 -9999 -9999 -9999 -9999 -9999 5.2435E-2 6.29573E-2 8.75103E-2 9.27559E-2 8.95781E-2 1.19273E-1 1.43258E-1 1.34002E-1 1.85069E-1 1.77436E-1 2.06782E-1 2.10573E-1 1.31591E-1 4.15077E-2 4.56884E-2 3.91356E-2 3.40094E-2 3.08671E-2 9.43402E-3 3.53681E-3 3.00892E-3 2.2157E-3 2.82893E-3 2.48301E-3 1.96693E-3 1.64611E-3 1.57374E-3 1.247E-3 1.19753E-3 1.35899E-3 1.31608E-3 1.02811E-3 1.00271E-3 8.01273E-4 6.25706E-4 5.20134E-4 4.8497E-4 5.999E-4 8.58465E-4 1.02369E-3 1.55518E-3 1.83938E-3 1.9562E-3 1.35487E-3 1.45106E-3 1.74771E-3 1.9749E-3 1.89266E-3 2.35377E-3 2.4051E-3 2.31411E-3 1.709E-3 1.64671E-3 1.44019E-3
-9999 -9999 -9999 -9999 -9999 -9999 -9999 -9999 -9999 -9999 -9999 -9999 -9999 -9999 -9999 -9999 -9999 -9999 6.42459E-2 8.07122E-2 1.12789E-1 1.2679E-1 1.62922E-1 1.91957E-1 2.02847E-1 2.2384E-1 2.1284E-1 2.07997E-1 1.79596E-1 1.73607E-1 1.12026E-1 4.92456E-2 1.37924E-2 7.46777E-3 8.53846E-3 3.88387E-3 3.14526E-3 4.04755E-3 3.83208E-3 2.66719E-3 3.00836E-3 2.59975E-3 2.17934E-3 1.85048E-3 1.69093E-3 1.14751E-3 1.10091E-3 1.12114E-3 1.08404E-3 1.07028E-3 9.28412E-4 1.01304E-3 8.04281E-4 6.77544E-4 6.0201E-4 9.48333E-4 1.52566E-3 1.70649E-3 1.61647E-3 1.61785E-3 2.00269E-3 1.7954E-3 1.43214E-3 8.5173E-4 1.35588E-3 2.23813E-3 1.59744E-3 1.48811E-3 1.54255E-3 1.566E-3
-9999 -9999 -9999 -9999 -9999 -9999 -9999 -9999 -9999 -9999 -9999 -9999 -9999 -9999 -9999 -9999 -9999 -9999 -9999 -9999 8.33578E-2 1.2366E-1 1.41878E-1 1.65296E-1 2.268E-1 2.74375E-1 2.94298E-1 3.01403E-1 2.42122E-1 2.7137E-1 2.79348E-1 1.82325E-1 8.73052E-2 6.68105E-2 3.12038E-2 1.47313E-2 3.86438E-3 4.74011E-3 4.13807E-3 4.66554E-3 4.63238E-3 3.85555E-3 2.87622E-3 2.31354E-3 1.84314E-3 1.52531E-3 1.23233E-3 1.00645E-3 1.10522E-3 1.36645E-3 1.13795E-3 1.28053E-3 1.16613E-3 8.8827E-4 1.02534E-3 1.11895E-3 9.88309E-4 1.33642E-3 1.35579E-3 1.50524E-3 1.75808E-3 1.28974E-3 8.32751E-4 6.13119E-4 1.00611E-3 1.8515E-3 1.26364E-3 1.60718E-3 1.82481E-3 1.70989E-3
-9999 -9999 -9999 -9999 -9999 -9999 -9999 -9999 -9999 -9999 -9999 -9999 -9999 -9999 -9999 -9999 -9999 -9999 -9999 -9999 -9999 8.34389E-2 1.35812E-1 1.54978E-1 1.96659E-1 2.65059E-1 2.90628E-1 3.11128E-1 3.31986E-1 3.34668E-1 3.905E-1 3.17106E-1 1.75794E-1 1.30804E-1 1.18696E-1 1.71244E-2 1.02754E-2 5.69923E-3 4.41712E-3 7.12746E-3 6.97587E-3 5.29348E-3 2.68723E-3 2.43911E-3 2.17904E-3 1.6048E-3 1.42814E-3 1.31323E-3 1.15484E-3 1.28239E-3 1.37148E-3 1.35136E-3 1.40061E-3 1.25165E-3 9.80945E-4 7.24756E-4 8.78428E-4 6.42846E-4 1.08661E-3 1.36632E-3 1.75982E-3 1.41034E-3 9.71662E-4 7.3333E-4 9.2839E-4 1.93301E-3 2.20406E-3 1.82911E-3 1.11882E-3 1.18485E-3
-9999 -9999 -9999 -9999 -9999 -9999 -9999 -9999 -9999 -9999 -9999 -9999 -9999 -9999 -9999 -9999 -9999 -9999 -9999 -9999 -9999 -9999 9.82712E-2 1.43474E-1 1.75407E-1 2.06068E-1 2.39342E-1 2.98973E-1 3.21638E-1 3.46222E-1 4.01216E-1 3.91741E-1 2.72676E-1 2.27384E-1 1.27116E-1 3.23506E-2 1.8864E-2 6.55932E-3 8.88271E-3 9.8703E-3 7.34663E-3 7.0986E-3 3.54959E-3 2.52776E-3 1.84115E-3 1.80139E-3 1.42153E-3 1.46822E-3 1.14991E-3 1.33579E-3 1.42925E-3 1.48664E-3 1.49843E-3 1.43508E-3 1.07296E-3 7.07964E-4 5.81906E-4 7.13923E-4 8.99381E-4 1.33768E-3 1.64369E-3 1.53865E-3 1.27402E-3 6.92303E-4 6.56734E-4 1.39377E-3 2.13552E-3 2.0313E-3 1.22556E-3 1.11639E-3
-9999 -9999 -9999 -9999 -9999 -9999 -9999 -9999 -9999 -9999 -9999 -9999 -9999 -9999 -9999 -9999 -9999 -9999 -9999 -9999 -9999 -9999 6.34482E-2 9.49621E-2 1.25033E-1 1.72901E-1 2.03744E-1 2.42598E-1 3.03016E-1 3.42906E-1 3.70134E-1 4.34437E-1 3.9024E-1 2.42818E-1 1.59644E-1 1.19204E-1 4.75448E-2 1.76308E-2 7.37817E-3 1.50187E-2 7.82724E-3 4.95586E-3 3.94998E-3 3.05016E-3 2.08313E-3 1.80639E-3 1.67995E-3 1.42333E-3 1.15771E-3 1.46897E-3 1.61908E-3 1.6852E-3 1.65663E-3 1.41691E-3 1.11839E-3 8.17233E-4 6.01033E-4 6.37571E-4 6.27064E-4 9.92617E-4 1.29921E-3 1.47501E-3 1.43769E-3 1.28142E-3 8.75826E-4 1.19783E-3 2.07277E-3 2.25198E-3 1.76961E-3 1.37274E-3
-9999 -9999 -9999 -9999 -9999 -9999 -9999 -9999 -9999 -9999 -9999 -9999 -9999 -9999 -9999 -9999 -9999 -9999 -9999 -9999 -9999 -9999 -9999 6.1944E-2 9.36509E-2 1.17532E-1 1.70306E-1 1.94942E-1 2.36494E-1 3.1752E-1 3.51285E-1 3.75321E-1 4.10779E-1 2.40748E-1 1.70992E-1 1.06772E-1 5.18082E-2 3.19473E-2 2.48081E-2 1.5588E-2 1.29258E-2 6.40952E-3 3.75183E-3 3.64524E-3 2.43715E-3 1.77706E-3 1.43312E-3 1.61396E-3 1.39451E-3 1.32637E-3 1.40691E-3 1.60007E-3 1.56904E-3 1.58507E-3 1.32841E-3 1.0888E-3 8.74796E-4 6.36374E-4 5.34764E-4 6.00906E-4 7.31619E-4 9.92115E-4 1.26871E-3 1.38771E-3 1.32598E-3 1.40751E-3 2.02511E-3 2.41105E-3 2.21524E-3 1.47961E-3
-9999 -9999 -9999 -9999 -9999 -9999 -9999 -9999 -9999 -9999 -9999 -9999 -9999 -9999 -9999 -9999 -9999 -9999 -9999 -9999 -9999 -9999 -9999 4.77933E-2 5.89369E-2 7.27963E-2 1.02442E-1 1.26431E-1 1.88504E-1 2.31235E-1 3.17601E-1 3.44251E-1 3.4465E-1 2.80983E-1 1.85356E-1 1.38407E-1 1.96354E-2 3.71578E-2 6.39515E-2 3.38714E-2 2.51207E-2 1.16228E-2 1.07826E-2 5.1701E-3 3.12789E-3 2.09792E-3 1.58826E-3 1.5256E-3 1.62468E-3 1.34476E-3 1.36731E-3 1.62483E-3 1.57048E-3 1.61407E-3 1.59619E-3 1.49427E-3 1.242E-3 1.03562E-3 7.0482E-4 5.68468E-4 4.80499E-4 7.55694E-4 1.12537E-3 1.4132E-3 1.41213E-3 1.15623E-3 1.35985E-3 2.31951E-3 2.46764E-3 1.98963E-3
-9999 -9999 -9999 -9999 -9999 -9999 -9999 -9999 -9999 -9999 -9999 -9999 -9999 -9999 -9999 -9999 -9999 -9999 -9999 -9999 -9999 -9999 3.10312E-2 3.80538E-2 4.65464E-2 5.45603E-2 6.26711E-2 7.19253E-2 1.12626E-1 1.86273E-1 2.38895E-1 3.08854E-1 3.29461E-1 3.04493E-1 2.36084E-1 1.63845E-1 6.40752E-2 1.34278E-2 1.99257E-2 2.77718E-2 1.94072E-2 8.69119E-3 9.62888E-3 6.04872E-3 3.03975E-3 2.89142E-3 2.03854E-3 1.73145E-3 1.57549E-3 1.36838E-3 1.39776E-3 2.29675E-3 1.59519E-3 1.6511E-3 1.46783E-3 1.7714E-3 1.63471E-3 1.44225E-3 1.18704E-3 8.60638E-4 7.8147E-4 6.8006E-4 9.01207E-4 1.31618E-3 1.38021E-3 1.45174E-3 1.23814E-3 1.78797E-3 2.31372E-3 2.41632E-3
-9999 -9999 -9999 -9999 -9999 -9999 -9999 -9999 -9999 -9999 -9999 -9999 -9999 -9999 -9999 -9999 -9999 -9999 -9999 -9999 -9999 -9999 2.77353E-2 3.89108E-2 3.82687E-2 4.26746E-2 5.10548E-2 5.63963E-2 7.33158E-2 1.30845E-1 2.01195E-1 2.38331E-1 3.11982E-1 3.18668E-1 2.98253E-1 1.60463E-1 5.83838E-2 3.23949E-2 3.85186E-2 2.24987E-2 1.45015E-2 1.16648E-2 8.67681E-3 9.59885E-3 5.40102E-3 4.37234E-3 2.632E-3 1.93215E-3 1.6639E-3 1.43608E-3 2.50027E-3 2.39747E-3 2.00489E-3 1.81788E-3 2.02538E-3 1.96833E-3 1.96039E-3 1.92635E-3 1.70902E-3 1.29072E-3 1.03504E-3 9.67595E-4 9.58632E-4 1.15484E-3 1.11273E-3 1.42855E-3 1.49422E-3 1.24535E-3 1.86243E-3 2.00371E-3
-9999 -9999 -9999 -9999 -9999 -9999 -9999 -9999 -9999 -9999 -9999 -9999 -9999 -9999 -9999 -9999 -9999 -9999 -9999 -9999 -9999 -9999 2.50484E-2 2.94815E-2 3.92334E-2 3.94013E-2 4.5608E-2 5.23146E-2 6.79185E-2 1.11977E-1 1.49085E-1 2.16794E-1 2.43145E-1 2.93418E-1 3.04016E-1 1.95593E-1 8.12105E-2 3.72746E-2 3.6314E-2 6.27655E-2 2.06756E-2 1.31917E-2 1.15384E-2 1.27204E-2 6.20291E-3 5.47906E-3 3.71073E-3 2.57775E-3 2.36683E-3 3.15711E-3 2.75865E-3 2.43213E-3 2.72096E-3 2.64372E-3 2.25117E-3 2.43125E-3 2.29615E-3 2.26075E-3 2.01622E-3 1.62395E-3 1.17509E-3 1.07708E-3 1.12211E-3 1.1999E-3 1.35429E-3 1.45982E-3 1.8286E-3 1.8761E-3 2.216E-3 1.85393E-3
-9999 -9999 -9999 -9999 -9999 -9999 -9999 -9999 -9999 -9999 -9999 -9999 -9999 -9999 -9999 -9999 -9999 -9999 -9999 -9999 -9999 -9999 -9999 -9999 3.30782E-2 4.20299E-2 4.17993E-2 5.053E-2 6.27013E-2 7.93838E-2 1.36234E-1 1.86731E-1 2.1847E-1 2.52631E-1 2.8119E-1 2.77541E-1 1.56183E-1 1.06353E-1 1.30642E-1 9.71812E-2 3.14279E-2 1.72129E-2 1.09324E-2 1.78437E-2 6.08495E-3 5.38593E-3 4.48543E-3 3.71399E-3 3.08323E-3 4.01688E-3 3.30076E-3 2.80193E-3 2.96247E-3 3.00064E-3 1.87012E-3 2.27204E-3 2.69066E-3 2.56931E-3 2.41602E-3 2.19403E-3 1.83541E-3 1.5975E-3 1.4816E-3 1.49907E-3 1.55563E-3 1.62246E-3 1.92109E-3 2.15753E-3 2.04826E-3 2.29987E-3
-9999 -9999 -9999 -9999 -9999 -9999 -9999 -9999 -9999 -9999 -9999 -9999 -9999 -9999 -9999 -9999 -9999 -9999 -9999 -9999 -9999 -9999 -9999 -9999 3.20133E-2 3.57387E-2 4.034E-2 4.83819E-2 6.91344E-2 7.75362E-2 1.1591E-1 1.4258E-1 1.92093E-1 2.20283E-1 2.40034E-1 2.71341E-1 2.3615E-1 1.85107E-1 1.54124E-1 1.13671E-1 7.68955E-2 1.87707E-2 9.88631E-3 1.33539E-2 1.5953E-2 7.41692E-3 8.21589E-3 7.60195E-3 7.00015E-3 5.09137E-3 4.28163E-3 3.69529E-3 2.51538E-3 2.6524E-3 2.54204E-3 1.77761E-3 1.86147E-3 2.38873E-3 2.56043E-3 2.48956E-3 2.42941E-3 1.99928E-3 1.82199E-3 1.46743E-3 1.26017E-3 1.45073E-3 1.77987E-3 2.04962E-3 2.40425E-3 2.35837E-3
-9999 -9999 -9999 -9999 -9999 -9999 -9999 -9999 -9999 -9999 -9999 -9999 -9999 -9999 -9999 -9999 -9999 -9999 -9999 -9999 -9999 -9999 -9999 -9999 3.15186E-2 3.59405E-2 4.63773E-2 4.86327E-2 5.76161E-2 6.97628E-2 8.32139E-2 1.2355E-1 1.45037E-1 1.93705E-1 2.08525E-1 2.23752E-1 2.46529E-1 2.48969E-1 1.66292E-1 1.23466E-1 6.87405E-2 3.07464E-2 1.85916E-2 1.64308E-2 1.35499E-2 1.40017E-2 1.28033E-2 1.2859E-2 1.0782E-2 7.87098E-3 7.85893E-3 5.3864E-3 4.4496E-3 3.96267E-3 3.96E-3 3.10274E-3 2.67396E-3 2.02636E-3 2.23892E-3 2.4715E-3 2.626E-3 2.64437E-3 2.01805E-3 1.53633E-3 1.15678E-3 1.18593E-3 1.45914E-3 1.6264E-3 1.77531E-3 2.44717E-3
-9999 -9999 -9999 -9999 -9999 -9999 -9999 -9999 -9999 -9999 -9999 -9999 -9999 -9999 -9999 -9999 -9999 -9999 -9999 -9999 -9999 -9999 -9999 -9999 -9999 4.25094E-2 3.89809E-2 4.53624E-2 5.5182E-2 6.20111E-2 -9999 -9999 1.26292E-1 1.54914E-1 1.84775E-1 2.05467E-1 2.12338E-1 2.05378E-1 1.59463E-1 1.28206E-1 7.70072E-2 3.99402E-2 5.40718E-2 4.71829E-2 3.96131E-2 2.25806E-2 1.63922E-2 1.02342E-2 1.70123E-2 1.22562E-2 8.54772E-3 8.14203E-3 6.27477E-3 5.13478E-3 5.06202E-3 3.04136E-3 3.6716E-3 3.16554E-3 2.26919E-3 2.61887E-3 2.87381E-3 3.03726E-3 2.67721E-3 2.14555E-3 1.7677E-3 1.59361E-3 1.55592E-3 1.31105E-3 1.47282E-3 2.03281E-3
-9999 -9999 -9999 -9999 -9999 -9999 -9999 -9999 -9999 -9999 -9999 -9999 -9999 -9999 -9999 -9999 -9999 -9999 -9999 -9999 -9999 -9999 -9999 -9999 -9999 -9999 3.66587E-2 4.39247E-2 4.9856E-2 5.95815E-2 -9999 7.76736E-2 1.02821E-1 1.2513E-1 1.40394E-1 1.69793E-1 1.76347E-1 1.80804E-1 1.59486E-1 1.31277E-1 9.55096E-2 9.53177E-2 8.00988E-2 6.69913E-2 5.89162E-2 3.95929E-2 2.58368E-2 1.75139E-2 1.69873E-2 1.58972E-2 1.17147E-2 1.29273E-2 9.27745E-3 7.71178E-3 4.79758E-3 4.84037E-3 3.81287E-3 4.67219E-3 3.70395E-3 2.39431E-3 3.03187E-3 3.52833E-3 3.51483E-3 3.0622E-3 2.53845E-3 2.24114E-3 2.10373E-3 1.72078E-3 1.71086E-3 2.16696E-3
-9999 -9999 -9999 -9999 -9999 -9999 -9999 -9999 -9999 -9999 -9999 -9999 -9999 -9999 -9999 -9999 -9999 -9999 -9999 -9999 -9999 -9999 -9999 -9999 -9999 -9999 -9999 3.86576E-2 4.87854E-2 5.06733E-2 -9999 -9999 -9999 8.52021E-2 -9999 -9999 -9999 1.41722E-1 1.46458E-1 1.13717E-1 1.05332E-1 8.17275E-2 7.0567E-2 5.68062E-2 5.75656E-2 4.46591E-2 4.03732E-2 3.54132E-2 2.7291E-2 2.54732E-2 2.40848E-2 1.76119E-2 1.22616E-2 8.94857E-3 7.45145E-3 6.2296E-3 4.63509E-3 4.05053E-3 3.44669E-3 4.56357E-3 3.02557E-3 3.54226E-3 3.80097E-3 3.58594E-3 3.22899E-3 3.00161E-3 2.75804E-3 2.60887E-3 2.43301E-3 2.35424E-3
-9999 -9999 -9999 -9999 -9999 -9999 -9999 -9999 -9999 -9999 -9999 -9999 -9999 -9999 -9999 -9999 -9999 -9999 -9999 -9999 -9999 -9999 -9999 -9999 -9999 -9999 -9999 -9999 -9999 -9999 -9999 -9999 -9999 -9999 -9999 -9999 -9999 1.36579E-1 1.33924E-1 1.2418E-1 1.00951E-1 9.00564E-2 7.06019E-2 5.74802E-2 5.43024E-2 4.74656E-2 3.22741E-2 3.36036E-2 3.14448E-2 2.63353E-2 2.65002E-2 3.00222E-2 2.77142E-2 1.54674E-2 1.04431E-2 8.54459E-3 7.12321E-3 4.9701E-3 4.23308E-3 3.81466E-3 3.83053E-3 3.86152E-3 4.18525E-3 3.89951E-3 3.60681E-3 3.3133E-3 3.17995E-3 2.96178E-3 2.88314E-3 2.55876E-3
-9999 -9999 -9999 -9999 -9999 -9999 -9999 -9999 -9999 -9999 -9999 -9999 -9999 -9999 -9999 -9999 -9999 -9999 -9999 -9999 -9999 -9999 -9999 -9999 -9999 -9999 -9999 -9999 -9999 -9999 -9999 -9999 -9999 -9999 -9999 -9999 -9999 -9999 1.1509E-1 1.16488E-1 1.14187E-1 9.22296E-2 7.17494E-2 6.47882E-2 6.11421E-2 5.97946E-2 4.16629E-2 2.98987E-2 3.57659E-2 2.97868E-2 2.54206E-2 2.66459E-2 2.71008E-2 2.83757E-2 1.64212E-2 1.21791E-2 9.92029E-3 8.66709E-3 7.63617E-3 6.17613E-3 4.74731E-3 4.76603E-3 4.58228E-3 4.11001E-3 3.6038E-3 3.56637E-3 3.60625E-3 3.48236E-3 3.3175E-3 3.18396E-3
-9999 -9999 -9999 -9999 -9999 -9999 -9999 -9999 -9999 -9999 -9999 -9999 -9999 -9999 -9999 -9999 -9999 -9999 -9999 -9999 -9999 -9999 -9999 -9999 -9999 -9999 -9999 -9999 -9999 -9999 -9999 -9999 -9999 -9999 -9999 -9999 -9999 -9999 -9999 7.13506E-2 7.01021E-2 6.62941E-2 7.35403E-2 6.28888E-2 5.45971E-2 5.82117E-2 5.77494E-2 5.29415E-2 2.79521E-2 4.74605E-2 3.53253E-2 3.99984E-2 3.11732E-2 2.82544E-2 2.01137E-2 1.71124E-2 1.24075E-2 9.60263E-3 8.56019E-3 7.25446E-3 6.92009E-3 5.01262E-3 4.89311E-3 6.28416E-3 4.07655E-3 3.9942E-3 3.84948E-3 3.97388E-3 3.79495E-3 3.59132E-3
