KUENM_DEFAULT/Final_Models/M_1_F_lqpth_Set_1_NE/sp1_8.asc
ncols         197
nrows         210
xllcorner     56.1666666666667
yllcorner     4.5
cellsize      0.166666666666667
NODATA_value  -9999
[rows 56 to 83 of 210, columns 65 to 129 of 197]
1.85944E-2 1.38891E-2 2.09534E-2 5.82174E-2 1.39435E-1 1.9532E-1 9.80317E-2 3.52856E-2 4.31126E-2 9.83447E-2 8.86927E-2 1.46144E-1 1.62398E-1 1.71188E-1 1.996E-1 1.63664E-1 2.31913E-1 2.78858E-1 2.26472E-1 2.12161E-1 1.00122E-1 5.79009E-2 5.06325E-2 4.62095E-2 4.99255E-2 5.02092E-2 5.88072E-2 6.78127E-2 6.59857E-2 6.94485E-2 6.19764E-2 6.45328E-2 7.58012E-2 9.26642E-2 1.14271E-1 1.4562E-1 1.55731E-1 1.6637E-1 1.77393E-1 2.28469E-1 3.06499E-1 4.62264E-1 4.80561E-1 4.98653E-1 5.46547E-1 5.99816E-1 6.36178E-1 6.45129E-1 6.63835E-1 7.02811E-1 7.26624E-1 7.17819E-1 7.06608E-1 7.07212E-1 7.17723E-1 6.90592E-1 6.12036E-1 6.19547E-1 5.85755E-1 5.36867E-1 4.85209E-1 1.38333E-1 9.45377E-2 6.40402E-2 6.47364E-2
1.49363E-2 1.65789E-2 2.36591E-2 6.22791E-2 1.01094E-1 1.58128E-1 1.69912E-1 1.39745E-1 1.01417E-1 1.41311E-1 1.53733E-1 1.17591E-1 1.37371E-1 1.48886E-1 1.828E-1 2.75911E-1 2.8772E-1 2.52256E-1 2.8939E-1 1.66643E-1 1.00421E-1 6.96732E-2 5.92124E-2 5.30209E-2 5.113E-2 5.37788E-2 5.41921E-2 6.38557E-2 6.49247E-2 6.38023E-2 6.11067E-2 5.59215E-2 6.80209E-2 8.3813E-2 9.50928E-2 1.31967E-1 1.38681E-1 1.45964E-1 1.62375E-1 2.11288E-1 2.76348E-1 3.33839E-1 4.70213E-1 4.87466E-1 5.22059E-1 5.65559E-1 6.00262E-1 6.19321E-1 6.60916E-1 6.87865E-1 7.07135E-1 6.98397E-1 7.09907E-1 7.32938E-1 7.36209E-1 6.89001E-1 6.39809E-1 6.4655E-1 6.29484E-1 5.76216E-1 5.24191E-1 4.68264E-1 1.10313E-1 8.51741E-2 8.83881E-2
9.11312E-3 1.28888E-2 3.71481E-2 5.46406E-2 6.01079E-2 6.30338E-2 8.4465E-2 8.94118E-2 1.18517E-1 1.41953E-1 1.32916E-1 1.52379E-1 1.83009E-1 2.04529E-1 2.95373E-1 3.0707E-1 3.28216E-1 2.85285E-1 2.47231E-1 1.66875E-1 1.27196E-1 9.90816E-2 7.31551E-2 5.78962E-2 5.39134E-2 5.93471E-2 5.66759E-2 5.98407E-2 5.82165E-2 5.41374E-2 5.31693E-2 5.09567E-2 5.96253E-2 7.22689E-2 9.49854E-2 1.08566E-1 1.16476E-1 1.29485E-1 1.56191E-1 1.85608E-1 2.14689E-1 2.53514E-1 2.75543E-1 3.35206E-1 4.95878E-1 5.33051E-1 5.62028E-1 5.85968E-1 6.41399E-1 6.64631E-1 6.73303E-1 6.58903E-1 6.37999E-1 6.32909E-1 6.92137E-1 6.91573E-1 6.74071E-1 6.783E-1 6.54405E-1 6.06758E-1 5.46958E-1 4.799E-1 4.10909E-1 1.06588E-1 1.05497E-1
7.39214E-3 1.09688E-2 3.14408E-2 3.28241E-2 3.54573E-2 4.10854E-2 4.19457E-2 5.27951E-2 9.72165E-2 1.16586E-1 1.6054E-1 1.6944E-1 2.12049E-1 2.24258E-1 2.75837E-1 3.21166E-1 3.2686E-1 3.27241E-1 2.03731E-1 1.90137E-1 1.69254E-1 1.40605E-1 9.34325E-2 6.42807E-2 5.87512E-2 5.45813E-2 5.56822E-2 5.51257E-2 5.46248E-2 5.20374E-2 5.15876E-2 5.60741E-2 6.06638E-2 7.6259E-2 9.67032E-2 1.09181E-1 1.16975E-1 1.21788E-1 1.34089E-1 1.3781E-1 1.51455E-1 1.80142E-1 2.08531E-1 2.51431E-1 3.43156E-1 5.03786E-1 5.32609E-1 5.55736E-1 5.84807E-1 6.12E-1 6.30178E-1 6.23661E-1 6.05619E-1 6.16547E-1 7.07706E-1 7.09754E-1 6.91226E-1 6.86859E-1 6.66577E-1 6.39187E-1 5.69214E-1 4.8239E-1 4.62632E-1 4.13891E-1 1.23138E-1
5.55242E-3 7.30559E-3 1.72431E-2 3.51769E-2 3.38856E-2 3.05769E-2 2.77332E-2 3.1111E-2 4.52505E-2 7.44385E-2 1.00059E-1 1.66054E-1 2.02669E-1 2.10703E-1 2.67116E-1 3.05176E-1 3.25204E-1 3.39243E-1 2.01864E-1 2.14288E-1 2.49496E-1 1.92792E-1 1.09936E-1 7.06374E-2 5.56643E-2 5.6129E-2 5.54933E-2 5.7105E-2 5.319E-2 5.21012E-2 5.21473E-2 6.02986E-2 6.53248E-2 7.81951E-2 9.86178E-2 1.17917E-1 1.21693E-1 1.20283E-1 1.17494E-1 1.02602E-1 1.02819E-1 1.32066E-1 1.73455E-1 2.24895E-1 2.9612E-1 4.86913E-1 5.13988E-1 5.36766E-1 5.64198E-1 5.97283E-1 6.23603E-1 6.40381E-1 6.48226E-1 6.62279E-1 7.09555E-1 7.32197E-1 7.33567E-1 6.94059E-1 6.63947E-1 6.64778E-1 5.79629E-1 4.83698E-1 4.88404E-1 4.4234E-1 4.24453E-1
6.03041E-3 6.42184E-3 2.2687E-2 3.19357E-2 2.79948E-2 2.60457E-2 1.88888E-2 1.75933E-2 3.51623E-2 5.77151E-2 8.1944E-2 8.79733E-2 1.72435E-1 1.97814E-1 2.32393E-1 2.63669E-1 3.23246E-1 1.9723E-1 1.55371E-1 1.90714E-1 2.55196E-1 2.10845E-1 1.16173E-1 7.06644E-2 5.55046E-2 5.39307E-2 5.24936E-2 5.49278E-2 5.46164E-2 5.45089E-2 5.49925E-2 6.53514E-2 7.15013E-2 8.86184E-2 1.11112E-1 1.26704E-1 1.38336E-1 1.32961E-1 1.21264E-1 9.47079E-2 9.27558E-2 1.2507E-1 1.62448E-1 2.17328E-1 2.72983E-1 3.60706E-1 5.05188E-1 5.21225E-1 5.42781E-1 5.74932E-1 6.13513E-1 6.52311E-1 6.85891E-1 6.70944E-1 6.98897E-1 7.26028E-1 7.08671E-1 6.66135E-1 6.77048E-1 6.71848E-1 5.95018E-1 5.3271E-1 5.06154E-1 4.55201E-1 1.49056E-1
4.70959E-3 7.79351E-3 2.62003E-2 2.98918E-2 2.41498E-2 2.2707E-2 1.45825E-2 1.122E-2 1.34331E-2 2.09426E-2 2.92629E-2 4.40404E-2 7.12893E-2 9.52291E-2 1.17481E-1 1.31916E-1 1.74435E-1 9.6249E-2 1.05594E-1 1.23823E-1 1.41259E-1 1.22148E-1 8.94172E-2 6.40564E-2 5.22958E-2 4.85172E-2 4.98757E-2 5.0543E-2 5.23297E-2 5.53246E-2 5.90594E-2 6.21834E-2 7.48654E-2 9.23519E-2 1.14087E-1 1.31835E-1 1.40315E-1 1.40845E-1 1.24803E-1 1.12942E-1 1.18657E-1 1.41596E-1 1.82427E-1 2.26176E-1 2.92334E-1 3.55414E-1 5.00788E-1 5.16007E-1 5.29832E-1 5.59324E-1 6.02386E-1 6.46669E-1 6.76965E-1 6.52872E-1 6.77283E-1 7.08006E-1 6.79002E-1 6.47106E-1 6.66001E-1 6.51701E-1 6.21122E-1 5.80198E-1 5.37121E-1 4.9058E-1 4.65294E-1
9.62768E-3 1.39009E-2 2.23507E-2 2.79477E-2 1.93899E-2 1.47336E-2 1.19864E-2 7.14157E-3 8.28412E-3 1.6487E-2 3.67584E-2 4.15569E-2 4.94995E-2 4.55153E-2 4.44519E-2 6.48776E-2 5.12126E-2 4.58034E-2 5.95591E-2 6.82587E-2 7.21118E-2 7.21133E-2 5.9629E-2 5.24662E-2 4.72957E-2 4.58948E-2 4.66993E-2 4.84293E-2 5.22738E-2 5.57914E-2 6.22907E-2 6.17456E-2 7.25954E-2 8.82226E-2 1.09094E-1 1.22355E-1 1.34375E-1 1.41171E-1 1.45489E-1 1.51429E-1 1.60619E-1 1.84591E-1 2.1652E-1 2.65017E-1 3.07574E-1 4.84337E-1 5.02493E-1 5.16342E-1 5.33174E-1 5.60417E-1 6.22544E-1 6.49599E-1 6.42839E-1 6.52155E-1 6.85448E-1 7.09815E-1 6.79036E-1 6.49149E-1 6.57184E-1 6.52905E-1 6.50333E-1 5.92539E-1 5.35651E-1 5.18385E-1 4.87163E-1
8.3619E-3 2.11844E-2 3.09583E-2 2.33117E-2 1.9015E-2 1.15314E-2 7.33058E-3 5.74279E-3 1.13451E-2 2.12448E-2 2.39331E-2 1.88488E-2 1.93997E-2 1.79697E-2 2.54347E-2 2.96655E-2 3.11098E-2 3.42171E-2 3.73376E-2 4.02734E-2 4.6601E-2 4.26804E-2 4.00864E-2 3.99928E-2 4.2349E-2 4.203E-2 4.32889E-2 4.66482E-2 4.94649E-2 5.42668E-2 5.41986E-2 6.19211E-2 7.4695E-2 8.6725E-2 9.93861E-2 1.18082E-1 1.34381E-1 1.46312E-1 1.62499E-1 1.8378E-1 2.18476E-1 2.2859E-1 2.64669E-1 3.06696E-1 3.55193E-1 4.96889E-1 5.14467E-1 5.28936E-1 5.43474E-1 5.71985E-1 5.98697E-1 6.40825E-1 6.30114E-1 6.56802E-1 6.93189E-1 7.12217E-1 7.01311E-1 7.082E-1 6.97067E-1 6.87117E-1 6.60293E-1 5.59905E-1 5.31837E-1 5.20973E-1 5.08289E-1
1.22447E-2 2.70282E-2 2.62959E-2 1.94399E-2 1.21557E-2 6.96068E-3 5.70127E-3 1.10681E-2 4.78488E-2 8.0464E-2 4.92417E-2 2.234E-2 1.3982E-2 1.27892E-2 1.59889E-2 1.96115E-2 2.25804E-2 2.24322E-2 2.66224E-2 3.07454E-2 3.05708E-2 2.93011E-2 3.23214E-2 3.38424E-2 3.84544E-2 3.92153E-2 4.2E-2 4.61142E-2 4.99367E-2 5.57675E-2 6.32354E-2 6.43267E-2 7.32937E-2 8.66561E-2 1.00317E-1 1.16231E-1 1.37185E-1 1.58237E-1 1.8281E-1 2.30919E-1 2.74064E-1 2.91063E-1 3.13397E-1 3.56684E-1 4.92131E-1 5.15376E-1 5.36162E-1 5.47992E-1 5.62905E-1 5.94136E-1 6.11878E-1 6.16951E-1 6.20686E-1 6.52415E-1 7.01927E-1 7.07865E-1 7.1301E-1 6.92477E-1 6.93443E-1 6.96768E-1 6.51925E-1 6.03852E-1 5.45599E-1 5.27281E-1 5.09379E-1
1.65459E-2 2.96262E-2 2.75613E-2 1.66408E-2 1.02786E-2 6.9716E-3 9.02803E-3 4.10728E-2 2.73058E-1 2.86904E-1 8.13171E-2 2.2692E-2 1.09632E-2 9.01387E-3 1.21338E-2 1.68311E-2 1.93616E-2 2.68441E-2 2.30315E-2 2.41895E-2 2.47769E-2 2.76021E-2 2.98443E-2 3.24745E-2 3.55439E-2 3.80764E-2 4.23801E-2 4.62053E-2 5.13145E-2 5.58465E-2 6.19974E-2 6.31746E-2 7.40743E-2 8.76778E-2 1.00679E-1 1.19613E-1 1.39714E-1 1.64848E-1 1.8116E-1 2.35848E-1 2.9898E-1 3.34805E-1 3.61422E-1 4.92426E-1 5.1442E-1 5.41091E-1 5.70461E-1 5.88356E-1 5.95335E-1 6.13573E-1 6.30586E-1 6.28913E-1 6.12335E-1 6.4718E-1 7.06026E-1 7.17399E-1 7.08861E-1 6.98496E-1 7.11299E-1 6.75365E-1 6.53883E-1 6.59055E-1 5.99557E-1 5.47599E-1 5.11252E-1
1.88057E-2 2.95123E-2 2.25413E-2 1.49752E-2 8.67312E-3 7.29984E-3 1.24892E-2 5.35869E-2 2.99065E-1 2.87145E-1 5.24919E-2 1.51341E-2 8.463E-3 1.00575E-2 1.3957E-2 2.81742E-2 2.95035E-2 2.98474E-2 2.57461E-2 2.37344E-2 2.5418E-2 2.69754E-2 2.98721E-2 3.24202E-2 3.51903E-2 3.70408E-2 4.27529E-2 4.53023E-2 5.12799E-2 5.85854E-2 6.74353E-2 6.59016E-2 7.65555E-2 8.86093E-2 1.04598E-1 1.19159E-1 1.48801E-1 1.77609E-1 1.89252E-1 2.29697E-1 2.94655E-1 3.51156E-1 4.87531E-1 5.15366E-1 5.43326E-1 5.77662E-1 6.19631E-1 6.42718E-1 6.35295E-1 6.53839E-1 6.65287E-1 6.64493E-1 6.59545E-1 6.8349E-1 7.09013E-1 6.7239E-1 6.81668E-1 6.99352E-1 7.17074E-1 6.72116E-1 6.49511E-1 6.53563E-1 6.27213E-1 5.93292E-1 5.43894E-1
2.85031E-2 2.5166E-2 2.05905E-2 1.41787E-2 8.69911E-3 6.91665E-3 1.01339E-2 2.19888E-2 4.523E-2 2.74742E-2 9.92684E-3 6.04609E-3 8.90964E-3 1.2131E-2 2.07479E-2 2.71904E-2 3.17105E-2 3.13079E-2 2.7927E-2 2.65109E-2 2.68818E-2 2.83599E-2 2.99488E-2 3.24948E-2 3.45584E-2 3.77486E-2 4.19534E-2 4.66426E-2 5.2797E-2 6.0798E-2 7.21018E-2 8.22821E-2 8.0364E-2 9.16465E-2 1.04104E-1 1.22707E-1 1.54488E-1 2.10667E-1 2.5013E-1 2.84765E-1 3.30259E-1 4.78194E-1 4.99584E-1 5.31962E-1 5.70289E-1 6.15383E-1 6.505E-1 6.81652E-1 6.88285E-1 6.94631E-1 7.04946E-1 7.02495E-1 7.33971E-1 7.07032E-1 7.01234E-1 7.13019E-1 7.05718E-1 6.90538E-1 6.86652E-1 6.58602E-1 6.73344E-1 6.65657E-1 6.54719E-1 6.09599E-1 5.52267E-1
2.50809E-2 2.93168E-2 2.98238E-2 1.69465E-2 8.9935E-3 7.7891E-3 6.44553E-3 7.52391E-3 8.20425E-3 6.83907E-3 7.32495E-3 1.10269E-2 1.54359E-2 2.15143E-2 2.53904E-2 2.89657E-2 1.5226E-2 1.52741E-2 1.43131E-2 1.43744E-2 1.41133E-2 1.48525E-2 1.62381E-2 3.41736E-2 3.80442E-2 4.07734E-2 4.43987E-2 4.99876E-2 5.65603E-2 6.70949E-2 7.67197E-2 8.62586E-2 9.18432E-2 1.00673E-1 1.11402E-1 1.21867E-1 1.34292E-1 1.81588E-1 2.70976E-1 3.38947E-1 4.76007E-1 4.929E-1 5.20196E-1 5.53704E-1 5.8855E-1 6.3466E-1 6.72159E-1 7.06734E-1 7.18347E-1 7.16002E-1 7.2042E-1 7.10278E-1 6.82998E-1 6.87339E-1 6.78731E-1 6.6625E-1 6.59167E-1 6.44238E-1 6.46928E-1 6.37123E-1 7.03324E-1 6.96115E-1 6.22561E-1 5.94439E-1 5.59462E-1
3.34399E-2 3.48697E-2 3.32921E-2 1.86003E-2 1.52143E-2 1.21457E-2 9.47609E-3 8.14545E-3 9.52249E-3 1.37992E-2 2.04211E-2 1.95108E-2 1.98934E-2 2.38526E-2 2.53048E-2 1.3547E-2 1.42267E-2 1.40007E-2 1.40617E-2 1.36937E-2 1.50911E-2 1.61908E-2 1.7169E-2 1.94345E-2 2.11557E-2 2.23312E-2 2.47856E-2 2.69741E-2 6.1211E-2 7.30277E-2 8.64394E-2 1.03274E-1 1.07946E-1 1.17947E-1 1.27384E-1 1.33273E-1 1.31586E-1 1.5807E-1 2.8035E-1 4.72735E-1 4.9023E-1 5.43495E-1 5.67094E-1 5.95965E-1 6.33707E-1 6.64212E-1 6.71114E-1 7.03405E-1 7.10635E-1 7.14171E-1 7.42315E-1 7.04037E-1 7.06778E-1 6.84523E-1 6.95153E-1 6.75689E-1 6.36037E-1 6.44289E-1 6.2364E-1 6.37313E-1 6.72796E-1 6.46535E-1 5.9125E-1 5.94018E-1 5.69267E-1
2.70128E-2 3.36627E-2 3.37858E-2 2.54192E-2 2.02749E-2 1.85724E-2 1.53874E-2 1.97819E-2 2.39047E-2 2.49462E-2 1.28258E-2 1.14299E-2 1.11168E-2 1.1679E-2 1.29039E-2 1.31953E-2 1.33383E-2 1.39108E-2 1.43568E-2 1.4253E-2 1.48265E-2 1.76404E-2 1.98072E-2 2.1322E-2 2.29492E-2 2.57702E-2 2.75265E-2 3.11116E-2 3.51325E-2 8.50832E-2 1.05273E-1 1.25898E-1 1.31671E-1 1.45893E-1 1.52543E-1 1.5575E-1 1.70372E-1 2.23942E-1 4.5538E-1 4.87449E-1 5.38927E-1 5.54866E-1 5.75041E-1 6.0015E-1 6.25172E-1 6.5628E-1 6.53937E-1 6.75307E-1 6.9734E-1 7.14822E-1 7.40457E-1 7.44424E-1 7.01211E-1 6.96314E-1 6.91592E-1 6.58601E-1 6.29848E-1 6.1041E-1 6.19257E-1 6.30927E-1 6.60957E-1 6.07421E-1 6.08618E-1 5.93956E-1 5.51088E-1
2.99349E-2 3.59427E-2 4.17402E-2 3.90835E-2 3.47429E-2 3.06906E-2 3.11688E-2 2.94184E-2 3.00405E-2 3.04242E-2 1.55337E-2 1.52588E-2 1.36834E-2 1.35773E-2 1.35693E-2 1.38789E-2 1.47048E-2 1.54564E-2 1.47652E-2 1.55402E-2 1.59747E-2 1.92355E-2 2.30657E-2 2.5289E-2 2.86012E-2 3.14984E-2 3.11516E-2 3.42742E-2 4.17153E-2 1.01787E-1 1.27587E-1 1.68478E-1 1.9054E-1 1.79587E-1 1.92708E-1 1.96688E-1 2.27823E-1 2.85158E-1 4.83111E-1 4.86319E-1 5.40334E-1 5.79954E-1 4.00056E-1 4.18254E-1 4.57223E-1 6.38602E-1 6.81088E-1 6.78617E-1 7.0425E-1 7.21385E-1 7.55757E-1 7.41519E-1 6.97226E-1 6.91594E-1 6.70093E-1 6.27593E-1 6.10866E-1 5.92618E-1 5.998E-1 6.26435E-1 6.08854E-1 6.00725E-1 6.10717E-1 6.06095E-1 5.80582E-1
3.4248E-2 4.37177E-2 4.28103E-2 4.33735E-2 3.9859E-2 4.01467E-2 3.64904E-2 3.54879E-2 3.42825E-2 1.72409E-2 1.74113E-2 1.70275E-2 1.58862E-2 1.5291E-2 1.47131E-2 1.55833E-2 1.60781E-2 1.65146E-2 1.6401E-2 1.74648E-2 1.96291E-2 2.5045E-2 3.2601E-2 3.43873E-2 3.65201E-2 3.45424E-2 3.68466E-2 4.02328E-2 4.718E-2 1.19382E-1 1.62459E-1 2.20237E-1 2.52501E-1 2.44445E-1 2.34656E-1 2.39743E-1 2.74876E-1 3.35517E-1 5.16945E-1 5.36829E-1 5.63591E-1 5.80975E-1 4.2354E-1 4.39904E-1 4.52047E-1 6.48161E-1 6.82576E-1 6.89457E-1 7.10269E-1 7.44496E-1 7.54737E-1 7.42192E-1 7.16233E-1 6.81174E-1 6.62427E-1 6.29562E-1 5.96377E-1 6.00645E-1 6.23841E-1 6.54128E-1 6.36722E-1 5.89523E-1 6.03123E-1 6.45606E-1 6.3887E-1
3.72252E-2 5.84609E-2 5.06994E-2 4.63939E-2 4.54679E-2 4.51075E-2 2.1967E-2 2.09143E-2 2.0641E-2 2.03678E-2 2.05675E-2 1.8641E-2 1.74116E-2 1.70858E-2 1.7761E-2 1.75728E-2 1.84E-2 1.80621E-2 3.67762E-2 4.00982E-2 2.27547E-2 2.96853E-2 8.10122E-2 9.75171E-2 9.76055E-2 8.28246E-2 4.1385E-2 4.41676E-2 4.94609E-2 6.41281E-2 1.72448E-1 2.61859E-1 3.40242E-1 3.01849E-1 2.85417E-1 3.30111E-1 3.61409E-1 5.19471E-1 5.37965E-1 5.5267E-1 5.75514E-1 4.18951E-1 4.31987E-1 4.45585E-1 4.53908E-1 6.53874E-1 6.8668E-1 7.17881E-1 7.34687E-1 7.43626E-1 7.53372E-1 7.3555E-1 7.11808E-1 6.74138E-1 6.71701E-1 6.61989E-1 6.4009E-1 6.25409E-1 6.39881E-1 6.61749E-1 6.39882E-1 6.14298E-1 6.12591E-1 6.00919E-1 5.53065E-1
5.81304E-2 6.47799E-2 5.65809E-2 5.81111E-2 5.52556E-2 2.51823E-2 2.47521E-2 2.59235E-2 2.53115E-2 2.4061E-2 2.33867E-2 2.17858E-2 2.11638E-2 2.03829E-2 1.97854E-2 1.9799E-2 4.02682E-2 4.26294E-2 3.97698E-2 4.09662E-2 2.4227E-2 6.55763E-2 1.0067E-1 1.70193E-1 1.30405E-1 9.58491E-2 9.09868E-2 9.84087E-2 5.18233E-2 1.18964E-1 1.61238E-1 2.39792E-1 3.15696E-1 3.2889E-1 3.6388E-1 3.66659E-1 5.15932E-1 5.38991E-1 5.53773E-1 5.74974E-1 5.9172E-1 4.28594E-1 4.36377E-1 4.35585E-1 4.4913E-1 6.60448E-1 6.95392E-1 7.13816E-1 7.31439E-1 7.42974E-1 7.51989E-1 7.05191E-1 6.75472E-1 6.74363E-1 7.11867E-1 7.12768E-1 6.93473E-1 6.76358E-1 6.72106E-1 6.71631E-1 6.43784E-1 6.1706E-1 6.001E-1 5.90739E-1 5.38001E-1
6.47237E-2 7.20525E-2 6.32472E-2 6.13454E-2 3.13412E-2 2.99817E-2 2.91493E-2 3.16731E-2 3.06815E-2 2.73611E-2 2.58105E-2 2.52674E-2 5.11279E-2 4.69116E-2 4.64328E-2 4.5579E-2 4.5398E-2 4.5724E-2 4.51722E-2 4.68715E-2 5.38764E-2 6.81611E-2 1.10565E-1 1.54367E-1 1.31697E-1 1.1038E-1 1.08256E-1 1.1794E-1 1.21842E-1 1.34029E-1 1.8126E-1 2.48936E-1 3.0146E-1 3.29817E-1 3.68474E-1 5.15015E-1 5.37283E-1 5.58459E-1 5.77699E-1 5.92572E-1 6.13333E-1 4.43553E-1 4.40541E-1 4.41097E-1 4.63767E-1 6.79802E-1 7.11682E-1 7.23084E-1 5.72165E-1 7.48713E-1 7.54424E-1 7.36187E-1 6.7621E-1 6.66901E-1 7.10501E-1 7.08098E-1 6.68007E-1 6.59092E-1 6.47948E-1 4.86548E-1 4.71003E-1 6.02263E-1 5.92206E-1 5.94697E-1 5.42758E-1
8.15305E-2 7.99374E-2 7.29594E-2 7.16646E-2 3.47805E-2 3.68545E-2 3.58357E-2 3.51533E-2 6.58863E-2 6.46474E-2 6.0437E-2 5.81259E-2 5.75872E-2 5.43933E-2 5.37999E-2 5.17669E-2 5.2501E-2 5.09188E-2 5.12535E-2 5.43393E-2 6.21227E-2 7.68161E-2 1.02263E-1 1.16172E-1 1.03924E-1 9.69412E-2 1.1768E-1 1.29525E-1 1.38787E-1 1.46163E-1 1.84319E-1 2.4306E-1 2.91564E-1 3.52547E-1 5.23263E-1 5.4372E-1 5.69089E-1 5.89609E-1 6.03072E-1 6.17094E-1 4.46951E-1 4.58492E-1 4.62064E-1 4.50859E-1 4.89586E-1 7.36339E-1 7.38901E-1 5.5802E-1 5.56108E-1 5.78796E-1 7.57687E-1 7.41854E-1 7.0443E-1 6.71822E-1 6.83498E-1 6.79233E-1 6.58017E-1 6.62124E-1 6.29043E-1 4.5311E-1 4.36394E-1 5.93716E-1 5.91269E-1 5.67454E-1 5.22519E-1
9.43279E-2 9.60207E-2 8.67642E-2 7.98236E-2 7.70824E-2 7.8271E-2 7.69262E-2 7.22242E-2 6.85195E-2 6.76998E-2 6.65376E-2 6.40177E-2 6.23048E-2 6.16841E-2 6.05725E-2 5.98238E-2 6.0212E-2 6.06794E-2 6.3402E-2 6.28732E-2 6.97476E-2 7.9925E-2 9.8183E-2 1.09702E-1 1.05137E-1 1.10743E-1 1.3514E-1 1.47014E-1 1.56749E-1 1.62898E-1 1.88577E-1 2.40573E-1 3.22868E-1 5.23204E-1 5.27152E-1 5.62454E-1 6.17007E-1 6.26249E-1 6.32828E-1 6.3446E-1 4.63658E-1 4.60508E-1 4.60146E-1 4.6972E-1 4.8055E-1 7.18619E-1 7.26447E-1 5.05441E-1 5.44547E-1 5.7893E-1 5.97708E-1 7.30117E-1 6.97621E-1 6.62867E-1 6.60007E-1 6.56472E-1 6.47828E-1 6.12868E-1 5.94618E-1 5.88508E-1 5.77811E-1 5.78183E-1 5.89264E-1 5.7197E-1 5.21259E-1
1.01546E-1 1.05933E-1 1.04548E-1 9.95183E-2 8.35243E-2 8.64218E-2 8.04488E-2 7.49844E-2 7.09332E-2 6.89526E-2 6.90374E-2 6.9762E-2 7.17586E-2 7.17881E-2 7.1775E-2 6.91439E-2 6.91182E-2 7.00482E-2 7.1942E-2 7.39656E-2 8.10119E-2 9.15151E-2 1.08741E-1 1.33669E-1 1.48512E-1 1.58708E-1 1.76495E-1 1.85992E-1 1.88301E-1 1.88301E-1 2.07334E-1 2.34382E-1 3.07018E-1 5.34888E-1 5.77847E-1 6.33335E-1 6.59556E-1 6.62473E-1 6.63137E-1 6.61066E-1 6.49002E-1 4.58792E-1 4.82791E-1 5.1105E-1 5.07678E-1 5.11312E-1 4.70196E-1 4.94791E-1 5.63494E-1 5.94875E-1 5.82774E-1 7.18279E-1 6.84928E-1 4.91229E-1 6.48736E-1 6.33896E-1 6.19479E-1 5.75252E-1 5.48811E-1 5.66424E-1 5.8661E-1 5.93391E-1 5.61903E-1 5.63661E-1 5.37378E-1
1.13777E-1 1.28412E-1 1.31968E-1 1.2624E-1 9.81581E-2 9.47731E-2 8.00996E-2 7.88368E-2 7.33607E-2 7.68469E-2 7.64198E-2 8.18211E-2 8.34859E-2 8.49466E-2 8.5821E-2 8.05679E-2 8.2628E-2 8.16861E-2 8.58982E-2 9.00302E-2 9.85353E-2 1.09252E-1 1.42896E-1 1.70464E-1 2.06758E-1 2.36874E-1 2.41815E-1 2.54832E-1 2.41227E-1 2.24624E-1 2.16334E-1 2.32685E-1 3.31171E-1 5.52611E-1 6.05104E-1 6.48527E-1 6.79888E-1 6.94609E-1 6.92499E-1 6.88481E-1 6.72712E-1 6.68821E-1 5.21768E-1 5.68127E-1 5.50755E-1 4.9629E-1 4.9628E-1 5.26205E-1 5.90183E-1 7.30338E-1 7.19822E-1 7.09562E-1 6.8439E-1 6.62032E-1 6.42572E-1 6.06906E-1 5.78094E-1 5.53026E-1 5.81052E-1 5.96392E-1 5.91824E-1 5.62509E-1 5.76644E-1 5.33703E-1 5.03084E-1
1.20689E-1 1.22849E-1 1.28331E-1 1.38641E-1 1.23425E-1 1.0738E-1 8.57305E-2 8.20391E-2 7.69473E-2 7.94114E-2 8.61301E-2 9.49525E-2 9.85566E-2 1.02322E-1 9.88109E-2 9.9671E-2 9.95317E-2 1.02015E-1 1.06588E-1 1.11265E-1 1.20657E-1 1.38443E-1 1.6252E-1 2.04249E-1 2.6335E-1 3.41593E-1 3.64543E-1 3.30245E-1 3.04921E-1 2.54825E-1 2.20344E-1 2.64961E-1 4.11412E-1 5.76491E-1 6.253E-1 6.65438E-1 6.97806E-1 7.22695E-1 7.226E-1 7.11172E-1 6.9696E-1 6.96066E-1 5.3492E-1 5.51318E-1 5.28895E-1 4.94251E-1 5.72624E-1 5.92335E-1 5.79284E-1 7.16866E-1 6.95977E-1 7.00389E-1 6.83984E-1 6.66069E-1 6.44641E-1 6.11815E-1 5.72437E-1 5.9098E-1 5.97913E-1 5.75157E-1 5.6393E-1 5.7404E-1 5.59678E-1 5.21713E-1 5.06113E-1
1.35942E-1 1.25019E-1 1.36555E-1 1.3793E-1 1.2148E-1 1.16903E-1 1.03784E-1 9.5264E-2 8.88805E-2 8.60773E-2 9.49786E-2 1.16924E-1 1.27278E-1 1.30448E-1 1.18678E-1 1.16426E-1 1.14565E-1 1.21587E-1 1.26608E-1 1.37333E-1 1.48103E-1 1.66272E-1 1.93452E-1 2.21961E-1 2.969E-1 5.37518E-1 5.62683E-1 5.40386E-1 3.67514E-1 2.97062E-1 2.95626E-1 3.92965E-1 5.77306E-1 6.10759E-1 6.47388E-1 6.86149E-1 7.23799E-1 5.92773E-1 7.54364E-1 7.43156E-1 7.30534E-1 5.5583E-1 5.45572E-1 5.55855E-1 7.21014E-1 5.65102E-1 5.75713E-1 5.68353E-1 5.76567E-1 7.1692E-1 6.5543E-1 6.62041E-1 6.68988E-1 6.64784E-1 6.58377E-1 6.53825E-1 6.10028E-1 5.8431E-1 5.6082E-1 5.10703E-1 4.98617E-1 5.69717E-1 5.30173E-1 5.19216E-1 5.06826E-1
1.36863E-1 1.22781E-1 1.43862E-1 1.3387E-1 1.32788E-1 1.22519E-1 1.07503E-1 1.01651E-1 9.7409E-2 1.02595E-1 1.21282E-1 1.52088E-1 1.62487E-1 1.49374E-1 1.37119E-1 1.31929E-1 1.35415E-1 1.47906E-1 1.59269E-1 1.79195E-1 1.90498E-1 2.08062E-1 2.29318E-1 2.4783E-1 2.83095E-1 4.02416E-1 5.49226E-1 5.49961E-1 4.21633E-1 3.82983E-1 4.16779E-1 5.83781E-1 6.42782E-1 6.37638E-1 6.69229E-1 7.09015E-1 7.44558E-1 6.17532E-1 7.5851E-1 7.53193E-1 7.48868E-1 5.55157E-1 5.67084E-1 5.77928E-1 7.33926E-1 7.2478E-1 7.05693E-1 5.26213E-1 5.29182E-1 4.93105E-1 6.24347E-1 6.26129E-1 6.31081E-1 6.47115E-1 6.54698E-1 6.76903E-1 6.35714E-1 5.62273E-1 5.26888E-1 5.01461E-1 5.0403E-1 5.55386E-1 5.07303E-1 5.2856E-1 5.09838E-1
