KUENM_DEFAULT/Final_Models/M_1_F_lqpth_Set_1_NE/sp1_7_se_asia.asc
ncols         320
nrows         243
xllcorner     44.0
yllcorner     -0.666666666666667
cellsize      0.166666666666667
NODATA_value  -9999
[rows 0 to 30 of 243, columns 0 to 69 of 320]
-9999 -9999 -9999 9.87142E-3 -9999 -9999 -9999 -9999 -9999 -9999 -9999 -9999 -9999 -9999 -9999 -9999 -9999 -9999 -9999 -9999 -9999 -9999 -9999 -9999 -9999 -9999 -9999 -9999 -9999 -9999 -9999 -9999 -9999 -9999 -9999 -9999 -9999 -9999 -9999 -9999 -9999 -9999 -9999 -9999 -9999 -9999 -9999 -9999 -9999 -9999 -9999 -9999 -9999 -9999 -9999 -9999 -9999 -9999 -9999 -9999 -9999 -9999 -9999 -9999 -9999 -9999 -9999 -9999 -9999 -9999
-9999 -9999 -9999 1.05036E-2 1.03845E-2 -9999 -9999 -9999 -9999 -9999 -9999 -9999 -9999 -9999 -9999 -9999 -9999 -9999 -9999 -9999 -9999 -9999 1.69073E-2 1.41684E-2 1.46264E-2 -9999 -9999 -9999 -9999 -9999 -9999 -9999 -9999 -9999 -9999 -9999 -9999 -9999 -9999 -9999 -9999 -9999 -9999 -9999 -9999 -9999 -9999 -9999 -9999 -9999 -9999 -9999 -9999 -9999 -9999 -9999 -9999 -9999 -9999 -9999 -9999 -9999 -9999 -9999 -9999 -9999 -9999 -9999 -9999 -9999
-9999 -9999 1.04185E-2 1.2243E-2 1.09545E-2 1.0705E-2 -9999 -9999 -9999 -9999 -9999 -9999 -9999 -9999 -9999 -9999 -9999 -9999 -9999 -9999 1.89498E-2 1.68749E-2 1.51812E-2 1.41281E-2 1.40779E-2 1.57376E-2 -9999 -9999 -9999 -9999 -9999 -9999 -9999 -9999 -9999 -9999 -9999 -9999 -9999 -9999 -9999 -9999 -9999 -9999 -9999 -9999 -9999 -9999 -9999 -9999 -9999 -9999 -9999 -9999 -9999 -9999 -9999 -9999 -9999 -9999 -9999 -9999 -9999 -9999 -9999 -9999 -9999 -9999 -9999 -9999
5.30278E-3 6.19233E-3 7.98596E-3 1.23693E-2 1.15537E-2 1.10754E-2 1.15359E-2 -9999 -9999 -9999 -9999 -9999 -9999 -9999 -9999 -9999 -9999 -9999 2.15244E-2 1.84436E-2 1.66051E-2 1.55859E-2 1.32001E-2 1.27995E-2 1.3293E-2 -9999 -9999 -9999 -9999 -9999 -9999 -9999 -9999 -9999 -9999 -9999 -9999 -9999 -9999 -9999 -9999 -9999 -9999 -9999 -9999 -9999 -9999 -9999 -9999 -9999 -9999 -9999 -9999 -9999 -9999 -9999 -9999 -9999 -9999 -9999 -9999 -9999 -9999 -9999 -9999 -9999 -9999 -9999 -9999 -9999
-9999 4.35108E-3 8.11015E-3 7.83522E-3 9.58684E-3 1.12598E-2 1.17762E-2 1.22E-2 -9999 -9999 -9999 -9999 -9999 -9999 -9999 -9999 -9999 1.85278E-2 1.45975E-2 1.41769E-2 1.45059E-2 1.47156E-2 2.49352E-2 2.33951E-2 2.44165E-2 2.57295E-2 -9999 -9999 -9999 -9999 -9999 -9999 -9999 -9999 -9999 -9999 -9999 -9999 -9999 -9999 -9999 -9999 -9999 -9999 -9999 -9999 -9999 -9999 -9999 -9999 -9999 -9999 -9999 -9999 -9999 -9999 -9999 -9999 -9999 -9999 -9999 -9999 -9999 -9999 -9999 -9999 -9999 -9999 -9999 -9999
-9999 4.61324E-3 5.30175E-3 5.89397E-3 1.00872E-2 1.22569E-2 1.258E-2 1.3955E-2 1.66734E-2 1.65855E-2 1.85321E-2 -9999 -9999 -9999 -9999 -9999 2.75211E-2 2.04285E-2 2.02735E-2 1.43383E-2 2.38662E-2 2.36277E-2 1.52155E-2 1.40489E-2 -9999 -9999 -9999 -9999 -9999 -9999 -9999 -9999 -9999 -9999 -9999 -9999 -9999 -9999 -9999 -9999 -9999 -9999 -9999 -9999 -9999 -9999 -9999 -9999 -9999 -9999 -9999 -9999 -9999 -9999 -9999 -9999 -9999 -9999 -9999 -9999 -9999 -9999 -9999 -9999 -9999 -9999 -9999 -9999 -9999 -9999
-9999 -9999 3.67353E-3 6.17503E-3 7.10428E-3 1.13908E-2 1.39249E-2 1.46112E-2 1.51975E-2 1.47804E-2 9.57314E-3 1.04235E-2 1.8784E-2 2.24687E-2 1.35308E-2 1.2817E-2 9.33437E-3 8.14654E-3 1.2517E-2 1.14685E-2 1.80996E-2 1.79793E-2 1.43697E-2 1.50089E-2 1.1627E-2 -9999 -9999 -9999 -9999 -9999 -9999 -9999 -9999 -9999 -9999 -9999 -9999 -9999 -9999 -9999 -9999 -9999 -9999 -9999 -9999 -9999 -9999 -9999 -9999 -9999 -9999 -9999 -9999 -9999 -9999 -9999 -9999 -9999 -9999 -9999 -9999 -9999 -9999 -9999 -9999 -9999 -9999 -9999 -9999 -9999
-9999 -9999 3.7066E-3 3.81268E-3 1.02972E-2 1.66393E-2 1.62692E-2 1.66696E-2 1.60802E-2 1.95089E-2 1.67765E-2 7.45432E-3 6.57264E-3 1.43856E-2 1.17997E-2 1.11979E-2 1.10629E-2 1.16741E-2 1.2125E-2 1.37235E-2 1.85224E-2 2.19502E-2 1.91897E-2 1.79242E-2 1.46986E-2 1.29035E-2 1.11389E-2 -9999 -9999 -9999 -9999 -9999 -9999 -9999 -9999 -9999 -9999 -9999 -9999 -9999 -9999 -9999 -9999 -9999 -9999 -9999 -9999 -9999 -9999 -9999 -9999 -9999 -9999 -9999 -9999 -9999 -9999 -9999 -9999 -9999 -9999 -9999 -9999 -9999 -9999 -9999 -9999 -9999 -9999 -9999
-9999 -9999 4.48355E-3 4.6293E-3 9.46532E-3 2.11361E-2 1.62057E-2 1.0683E-2 1.52035E-2 1.53995E-2 1.72757E-2 1.51712E-2 1.06934E-2 8.98899E-3 7.26099E-3 9.2855E-3 1.11942E-2 1.41679E-2 1.40446E-2 1.52568E-2 1.93916E-2 1.90438E-2 1.30373E-2 9.43242E-3 1.33542E-2 1.47936E-2 1.51157E-2 -9999 1.27762E-3 -9999 -9999 -9999 -9999 -9999 -9999 -9999 -9999 -9999 -9999 -9999 -9999 -9999 -9999 -9999 -9999 -9999 -9999 -9999 -9999 -9999 -9999 -9999 -9999 -9999 -9999 -9999 -9999 -9999 -9999 -9999 -9999 -9999 -9999 -9999 -9999 -9999 -9999 -9999 -9999 -9999
-9999 -9999 4.12553E-3 5.78084E-3 1.31552E-2 1.81678E-2 1.98391E-2 2.20039E-2 1.81277E-2 9.81088E-3 1.07231E-2 1.9325E-2 1.85671E-2 1.78134E-2 1.30635E-2 1.38297E-2 1.32219E-2 1.6722E-2 1.12011E-2 8.16152E-3 7.40808E-3 6.39103E-3 3.21211E-3 3.83243E-3 1.22135E-2 1.47276E-2 1.66566E-2 1.81695E-2 1.62535E-2 -9999 -9999 -9999 -9999 -9999 -9999 -9999 -9999 -9999 -9999 -9999 -9999 -9999 -9999 -9999 -9999 -9999 -9999 -9999 -9999 -9999 -9999 -9999 -9999 -9999 -9999 -9999 -9999 -9999 -9999 -9999 -9999 -9999 -9999 -9999 -9999 -9999 -9999 -9999 -9999 -9999
-9999 -9999 4.43902E-3 7.2002E-3 9.11749E-3 1.19793E-2 1.62747E-2 2.29064E-2 2.40815E-2 2.33827E-2 2.37357E-2 2.44413E-2 2.36561E-2 2.19139E-2 1.70505E-2 1.61975E-2 1.62786E-2 1.66973E-2 1.59661E-2 1.33645E-2 1.00015E-2 8.91856E-3 7.17341E-3 1.05895E-2 1.46332E-2 1.51727E-2 1.64803E-2 1.07527E-2 3.47016E-2 -9999 -9999 -9999 -9999 -9999 -9999 -9999 -9999 -9999 -9999 -9999 -9999 -9999 -9999 -9999 -9999 -9999 -9999 -9999 -9999 -9999 -9999 -9999 -9999 -9999 -9999 -9999 -9999 -9999 -9999 -9999 -9999 -9999 -9999 -9999 -9999 -9999 -9999 -9999 -9999 3.20212E-2
-9999 1.97986E-3 2.02922E-3 6.11374E-3 7.21377E-3 9.73404E-3 2.25798E-2 2.37802E-2 2.13623E-2 2.2756E-2 2.45518E-2 2.4389E-2 1.81651E-2 1.27007E-2 1.03484E-2 1.0481E-2 1.2795E-2 1.4091E-2 1.50702E-2 1.63383E-2 1.59363E-2 1.6133E-2 1.28421E-2 1.12454E-2 1.35507E-2 1.67069E-2 1.55558E-2 9.41742E-3 3.36682E-2 1.4112E-3 -9999 -9999 -9999 -9999 -9999 -9999 -9999 -9999 -9999 -9999 -9999 -9999 -9999 -9999 -9999 -9999 -9999 -9999 -9999 -9999 -9999 -9999 -9999 -9999 -9999 -9999 -9999 -9999 -9999 -9999 -9999 -9999 -9999 -9999 -9999 -9999 -9999 4.33649E-2 4.51788E-2 4.4268E-2
-9999 -9999 -9999 6.09819E-3 8.52032E-3 9.63745E-3 2.05276E-2 2.42257E-2 2.28675E-2 2.36887E-2 2.55459E-2 2.23302E-2 1.19522E-2 5.54092E-3 4.07785E-3 6.10071E-3 1.20344E-2 1.25831E-2 1.10136E-2 1.22617E-2 9.91703E-3 9.5323E-3 9.72762E-3 1.53676E-2 1.36904E-2 2.23995E-2 1.79239E-2 1.2919E-2 4.45603E-2 1.77475E-3 -9999 -9999 -9999 -9999 -9999 -9999 -9999 -9999 -9999 -9999 -9999 -9999 -9999 -9999 -9999 -9999 -9999 -9999 -9999 -9999 -9999 -9999 -9999 -9999 -9999 -9999 -9999 -9999 -9999 -9999 -9999 -9999 -9999 -9999 -9999 4.44031E-2 5.23052E-2 5.13012E-2 4.98613E-2 3.98653E-2
-9999 -9999 -9999 -9999 7.25663E-3 1.04296E-2 2.09046E-2 2.294E-2 2.50596E-2 2.49008E-2 2.45049E-2 1.72662E-2 9.8305E-3 7.90782E-3 6.96001E-3 8.6592E-3 1.33177E-2 1.52253E-2 1.53837E-2 1.83424E-2 1.91744E-2 2.19476E-2 2.55624E-2 2.58807E-2 2.18363E-2 2.97004E-2 2.1494E-2 1.82844E-2 2.83761E-2 5.59807E-2 1.5915E-3 -9999 -9999 -9999 -9999 -9999 -9999 -9999 -9999 -9999 -9999 -9999 -9999 -9999 -9999 -9999 -9999 -9999 -9999 -9999 -9999 -9999 -9999 -9999 -9999 -9999 -9999 -9999 -9999 -9999 -9999 -9999 -9999 -9999 -9999 7.47088E-2 8.388E-2 7.41087E-2 7.28846E-2 6.58568E-2
-9999 -9999 -9999 -9999 4.61636E-3 9.14239E-3 1.45538E-2 2.24425E-2 2.49425E-2 2.46486E-2 2.63496E-2 2.60499E-2 2.17901E-2 1.74581E-2 1.37499E-2 1.33834E-2 1.70661E-2 1.99683E-2 2.02085E-2 1.7893E-2 2.0997E-2 2.99512E-2 3.687E-2 2.95379E-2 2.46772E-2 3.70544E-2 2.85358E-2 1.14707E-2 2.06824E-2 5.27849E-2 2.48349E-3 1.5384E-3 1.22785E-3 1.35774E-3 1.55503E-3 1.739E-3 -9999 -9999 -9999 -9999 -9999 -9999 -9999 -9999 -9999 -9999 -9999 -9999 -9999 -9999 -9999 -9999 -9999 -9999 -9999 -9999 -9999 -9999 -9999 -9999 -9999 -9999 -9999 1.09196E-1 1.20189E-1 1.37768E-1 1.55506E-1 1.51919E-1 1.35764E-1 6.82255E-2
-9999 -9999 -9999 -9999 -9999 9.9064E-3 7.81644E-3 1.2563E-2 2.29799E-2 2.51752E-2 2.67984E-2 2.69907E-2 2.60517E-2 1.90537E-2 1.69716E-2 1.63512E-2 1.41949E-2 1.67926E-2 1.71677E-2 1.89377E-2 2.36292E-2 2.79833E-2 3.69148E-2 3.46259E-2 2.62914E-2 3.40575E-2 4.81094E-2 3.61424E-2 3.06619E-2 2.7938E-2 5.95927E-2 2.30618E-3 2.04767E-3 2.06225E-3 2.19428E-3 2.21677E-3 2.2168E-3 2.20485E-3 -9999 -9999 -9999 -9999 -9999 -9999 -9999 -9999 -9999 -9999 -9999 -9999 -9999 -9999 -9999 -9999 -9999 -9999 -9999 -9999 -9999 -9999 1.45477E-1 1.58963E-1 1.72247E-1 1.6382E-1 1.72234E-1 1.70461E-1 1.71093E-1 1.60163E-1 1.31831E-1 2.91882E-2
-9999 -9999 -9999 -9999 -9999 4.96224E-3 9.48651E-3 1.14768E-2 1.94382E-2 2.4656E-2 2.68656E-2 2.82702E-2 2.86089E-2 2.43787E-2 2.02732E-2 1.29202E-2 1.05172E-2 1.11528E-2 1.60536E-2 1.97155E-2 2.70074E-2 3.47656E-2 4.25676E-2 4.18876E-2 3.39335E-2 2.21305E-2 2.70695E-2 4.95856E-2 7.80479E-2 2.92143E-2 4.51102E-2 6.74757E-2 3.54384E-3 3.41884E-3 3.38626E-3 8.23917E-3 7.5513E-3 2.89581E-3 2.58368E-3 -9999 -9999 -9999 -9999 -9999 -9999 -9999 -9999 -9999 -9999 -9999 -9999 -9999 -9999 -9999 -9999 -9999 -9999 -9999 -9999 -9999 8.19365E-2 1.67611E-1 1.82188E-1 1.90565E-1 1.72847E-1 1.76919E-1 1.69195E-1 1.27661E-1 2.95901E-2 4.5653E-3
-9999 -9999 -9999 -9999 -9999 4.49064E-3 1.10552E-2 1.53508E-2 1.74465E-2 2.15034E-2 2.66532E-2 2.56501E-2 2.96126E-2 2.81291E-2 2.37053E-2 1.52338E-2 1.10543E-2 8.5482E-3 8.8176E-3 1.07222E-2 2.13765E-2 3.10631E-2 3.18253E-2 3.14332E-2 3.54692E-2 2.99793E-2 1.50881E-2 1.12878E-2 6.45282E-2 1.04158E-1 5.37471E-2 3.97714E-2 1.07025E-1 7.74294E-2 8.66685E-2 5.01433E-2 4.29649E-2 8.17728E-2 4.19328E-2 5.5306E-2 -9999 -9999 -9999 -9999 -9999 -9999 -9999 -9999 -9999 -9999 -9999 -9999 -9999 -9999 -9999 -9999 -9999 -9999 -9999 -9999 8.64357E-2 9.3096E-2 1.84773E-1 1.90547E-1 1.52793E-1 1.44543E-1 3.16172E-2 4.8757E-3 5.277E-3 2.64098E-3
-9999 -9999 -9999 -9999 -9999 -9999 1.02603E-2 1.78307E-2 1.21893E-2 1.37263E-2 1.86825E-2 1.5425E-2 2.51227E-2 2.30435E-2 2.36745E-2 1.93513E-2 9.57014E-3 6.41101E-3 7.07383E-3 6.37141E-3 7.86436E-3 1.66127E-2 2.14468E-2 1.23997E-2 1.72792E-2 2.91916E-2 2.37326E-2 1.41151E-2 1.35368E-2 4.80606E-2 1.13924E-1 1.24433E-1 1.20633E-1 6.40777E-2 4.23054E-2 2.09348E-2 2.0616E-2 1.99056E-2 5.80902E-3 2.30548E-2 6.57606E-2 3.44906E-3 -9999 -9999 -9999 -9999 -9999 -9999 -9999 -9999 -9999 -9999 -9999 3.62592E-2 4.97693E-2 5.7491E-2 7.59735E-2 7.72052E-2 7.95326E-2 8.3972E-2 1.46562E-1 1.09414E-1 9.34355E-2 4.83957E-2 5.97323E-3 2.31172E-3 2.77066E-3 1.91557E-3 2.99892E-3 5.26352E-3
-9999 -9999 -9999 -9999 -9999 -9999 7.72781E-3 2.36505E-2 1.41453E-2 1.52041E-2 1.64995E-2 1.46945E-2 2.1046E-2 2.04066E-2 1.48978E-2 1.8109E-2 1.08633E-2 8.7695E-3 1.16647E-2 7.93082E-3 8.04303E-3 1.82595E-2 2.55806E-2 1.77818E-2 1.26998E-2 1.54072E-2 1.63505E-2 1.99371E-2 1.90771E-2 1.42784E-2 1.78731E-2 4.28871E-2 1.6268E-1 1.4221E-1 8.40492E-2 5.38427E-2 4.8698E-2 2.62207E-2 3.70662E-3 2.35692E-3 1.73E-2 2.86676E-2 5.50533E-2 8.78267E-2 6.22543E-2 7.04219E-2 6.67067E-2 3.48332E-3 3.03376E-2 3.11103E-2 3.1455E-2 3.23631E-2 3.48907E-2 4.0022E-2 4.97449E-2 5.58657E-2 1.31936E-1 1.00265E-1 3.3673E-2 1.52443E-2 2.45019E-3 1.67851E-3 7.9123E-4 7.15609E-4 6.28467E-4 1.62911E-3 3.26851E-3 3.564E-3 6.05273E-3 8.43718E-3
-9999 -9999 -9999 -9999 -9999 -9999 1.39218E-2 1.4413E-2 1.92028E-2 2.05071E-2 2.49194E-2 2.6253E-2 1.80564E-2 1.43627E-2 1.49996E-2 1.60886E-2 1.33566E-2 1.17911E-2 1.26967E-2 7.0332E-3 6.84882E-3 1.27707E-2 1.6138E-2 2.15922E-2 1.57806E-2 2.01065E-2 1.59188E-2 1.31512E-2 1.76936E-2 1.95405E-2 1.25875E-2 2.10936E-2 3.88005E-2 4.1302E-2 1.79347E-2 1.79858E-2 1.3919E-2 2.96406E-2 2.51117E-2 9.39471E-3 2.65818E-3 1.30898E-3 2.40867E-3 3.97459E-2 3.90816E-2 1.73038E-2 1.79585E-2 5.14272E-2 8.97179E-2 4.12144E-2 4.00049E-2 4.17297E-2 4.22693E-2 5.06734E-2 1.10269E-1 1.31992E-1 1.04432E-1 3.1457E-2 4.11074E-3 1.64115E-3 1.57142E-3 1.48532E-3 7.38718E-4 1.01297E-3 1.85469E-3 3.14301E-3 4.00558E-3 3.59077E-3 4.91873E-3 6.38547E-3
-9999 -9999 -9999 -9999 -9999 -9999 -9999 -9999 2.17033E-2 2.67402E-2 1.67286E-2 2.16685E-2 1.67298E-2 1.28496E-2 1.82356E-2 1.52254E-2 9.97909E-3 8.24217E-3 8.77129E-3 1.0716E-2 1.14595E-2 1.48631E-2 2.04738E-2 2.55837E-2 2.64224E-2 1.63324E-2 1.60721E-2 1.79522E-2 1.47073E-2 1.09869E-2 2.18582E-2 1.6848E-2 1.40906E-2 2.5635E-2 4.35705E-2 4.29422E-2 3.98156E-2 2.715E-2 7.68858E-3 4.31139E-3 2.20279E-3 7.68438E-4 8.09042E-4 4.18942E-3 6.11211E-4 7.77767E-4 1.23655E-3 8.72874E-4 1.84209E-3 1.7533E-2 1.04294E-1 1.23185E-1 1.52876E-1 1.29032E-1 1.12793E-1 1.14105E-1 6.78451E-2 6.3566E-3 3.04971E-3 1.37127E-3 2.56302E-3 4.38395E-3 6.7498E-3 7.54925E-3 7.57784E-3 5.07624E-3 3.16447E-3 2.63497E-3 2.29584E-3 2.18201E-3
-9999 -9999 -9999 -9999 -9999 -9999 -9999 -9999 1.21774E-2 1.80167E-2 2.20941E-2 9.29977E-3 9.88951E-3 1.55497E-2 1.58435E-2 1.12544E-2 1.12146E-2 8.74372E-3 1.04821E-2 1.28339E-2 1.44018E-2 1.58035E-2 2.0565E-2 2.30417E-2 2.63585E-2 2.37802E-2 1.38408E-2 1.37565E-2 1.70272E-2 1.24172E-2 1.37523E-2 2.59872E-2 3.19589E-2 2.83939E-2 4.83762E-2 4.82E-2 4.53481E-2 5.12257E-2 3.51078E-2 1.23604E-2 2.0929E-3 1.06671E-3 5.2852E-4 6.81633E-4 2.29341E-4 2.42831E-4 2.67376E-4 3.58501E-4 4.18971E-4 3.67063E-3 1.33325E-3 9.14826E-4 2.53606E-3 1.99208E-2 3.71826E-2 7.99854E-3 2.79247E-3 1.70245E-3 1.39351E-3 1.89385E-3 5.45252E-3 1.00169E-2 1.14601E-2 1.06949E-2 9.6057E-3 7.84192E-3 6.03494E-3 4.72624E-3 3.04599E-3 2.71174E-3
-9999 -9999 -9999 -9999 -9999 -9999 -9999 -9999 -9999 -9999 1.21046E-2 9.99306E-3 7.49414E-3 1.03509E-2 1.01843E-2 1.2329E-2 1.07643E-2 1.35904E-2 1.22966E-2 1.38725E-2 1.43951E-2 1.31667E-2 1.70531E-2 2.16521E-2 2.19918E-2 2.4034E-2 1.86463E-2 1.37666E-2 1.78833E-2 1.77746E-2 1.29384E-2 1.27296E-2 2.64179E-2 3.71758E-2 4.19621E-2 4.50859E-2 3.84802E-2 4.36263E-2 4.63096E-2 4.0961E-2 2.57804E-2 1.15168E-2 1.59158E-3 4.39149E-4 4.22111E-4 4.54807E-4 2.68521E-4 3.166E-4 2.46648E-4 7.56902E-4 1.97988E-4 1.78728E-4 4.55201E-4 7.75304E-4 1.3733E-3 5.41468E-4 4.71922E-4 8.78263E-4 1.49334E-3 3.45387E-3 5.93006E-3 8.76855E-3 1.01725E-2 9.84519E-3 9.11033E-3 8.53761E-3 7.8431E-3 6.50281E-3 4.44535E-3 4.27636E-3
-9999 -9999 -9999 -9999 -9999 -9999 -9999 -9999 -9999 -9999 -9999 -9999 -9999 -9999 8.4745E-3 5.76393E-3 7.53692E-3 1.21082E-2 1.3476E-2 1.0778E-2 1.68009E-2 1.67135E-2 1.37118E-2 1.63024E-2 1.70374E-2 1.99851E-2 1.83025E-2 1.59929E-2 1.28277E-2 1.35956E-2 2.08008E-2 2.06706E-2 1.77926E-2 1.28709E-2 1.80135E-2 2.16189E-2 2.65632E-2 2.92169E-2 2.94975E-2 2.58531E-2 2.67777E-2 2.19175E-2 5.84014E-3 4.96997E-3 4.9889E-3 2.86333E-3 1.80471E-3 9.01097E-4 4.43618E-4 2.10417E-4 3.03183E-4 6.71586E-4 8.16791E-4 5.36505E-4 4.13604E-4 6.10917E-4 1.06557E-3 1.27899E-3 1.24682E-3 1.71298E-3 2.61502E-3 6.43904E-3 7.59183E-3 8.68232E-3 6.55239E-3 7.19237E-3 5.51588E-3 4.51282E-3 3.22873E-3 4.34481E-3
-9999 -9999 -9999 -9999 -9999 -9999 -9999 -9999 -9999 -9999 -9999 -9999 1.11137E-2 1.04934E-2 1.01132E-2 1.1217E-2 7.71783E-3 7.48514E-3 1.08244E-2 1.50113E-2 1.47734E-2 1.75677E-2 2.18651E-2 1.98357E-2 1.882E-2 1.69402E-2 1.99964E-2 1.23678E-2 1.49681E-2 1.33292E-2 5.52081E-3 6.33707E-3 5.54041E-3 5.29053E-3 6.03754E-3 5.38042E-3 2.64915E-3 4.00801E-3 3.60293E-3 6.11887E-3 2.04696E-2 2.12281E-2 9.79338E-3 9.1508E-3 8.18445E-3 4.06939E-3 2.70265E-3 1.23512E-3 4.89053E-4 4.99268E-4 5.98403E-4 7.61703E-4 2.40714E-4 3.25406E-4 8.74029E-4 2.37438E-3 4.52447E-3 4.1575E-3 2.34515E-3 2.12417E-3 2.8585E-3 5.0095E-3 5.56168E-3 5.28641E-3 5.30586E-3 6.76323E-3 5.22904E-3 3.87628E-3 5.55062E-3 7.84991E-3
-9999 -9999 -9999 -9999 -9999 -9999 -9999 -9999 -9999 -9999 -9999 -9999 1.02822E-2 1.27437E-2 8.5845E-3 1.20218E-2 1.15422E-2 1.2674E-2 1.12002E-2 1.02712E-2 1.85734E-2 2.04779E-2 2.24405E-2 1.82432E-2 1.63386E-2 1.89474E-2 1.63659E-2 2.17194E-2 2.07355E-2 1.75321E-2 1.70537E-2 5.63083E-3 3.66644E-3 2.98506E-3 3.28568E-3 4.26205E-3 2.55819E-3 4.7329E-3 4.90644E-3 4.77931E-3 6.16438E-3 8.02537E-3 8.59235E-3 7.69381E-3 6.84892E-3 5.16803E-3 2.0662E-3 1.4066E-3 1.29639E-3 7.84848E-4 1.14402E-3 5.02708E-4 7.80416E-4 1.00777E-3 2.51332E-3 4.75544E-3 6.54375E-3 5.57614E-3 4.35876E-3 2.97323E-3 2.27876E-3 3.00388E-3 2.52908E-3 1.86592E-3 2.89155E-3 7.96726E-3 1.16747E-2 9.23252E-3 9.82072E-3 1.0898E-2
-9999 -9999 -9999 -9999 -9999 -9999 -9999 -9999 -9999 -9999 -9999 -9999 -9999 9.01455E-3 1.25197E-2 1.18057E-2 8.75458E-3 1.32305E-2 1.22749E-2 9.50677E-3 1.24184E-2 1.99535E-2 2.00782E-2 2.10829E-2 1.58293E-2 1.45122E-2 1.99129E-2 2.4028E-2 1.88694E-2 2.30616E-2 1.82401E-2 9.64105E-3 6.60924E-3 4.76803E-3 2.75572E-3 1.44841E-3 1.31511E-3 2.15568E-3 4.53063E-3 4.49932E-3 2.85726E-3 2.36998E-3 5.50169E-3 6.02159E-3 3.7416E-3 2.96133E-3 2.21956E-3 1.59282E-3 1.41041E-3 1.26798E-3 2.38426E-3 3.81126E-3 5.15355E-3 5.82438E-3 6.23346E-3 6.52852E-3 8.21439E-3 7.97544E-3 8.05579E-3 7.17633E-3 5.84122E-3 6.18176E-3 3.97222E-3 6.9247E-3 9.17057E-3 1.11463E-2 1.16591E-2 1.05983E-2 1.04118E-2 9.88472E-3
-9999 -9999 -9999 -9999 -9999 -9999 -9999 -9999 -9999 -9999 -9999 4.69616E-2 2.37976E-2 1.63984E-2 9.56437E-3 1.25616E-2 1.2561E-2 1.673E-2 1.15454E-2 1.0027E-2 1.06772E-2 8.73761E-3 7.28711E-3 1.90597E-2 2.06882E-2 1.67345E-2 1.94195E-2 2.65115E-2 2.84075E-2 3.01143E-2 2.91492E-2 1.76111E-2 1.41089E-2 1.22307E-2 4.34364E-3 9.26041E-3 3.78568E-3 4.30716E-3 6.64763E-3 5.3295E-3 5.45934E-3 6.06345E-3 6.56111E-3 3.68539E-3 3.21927E-3 2.69902E-3 2.13591E-3 2.06057E-3 1.84137E-3 1.94195E-3 3.43662E-3 4.20034E-3 4.3923E-3 4.67301E-3 6.37798E-3 6.71644E-3 5.99631E-3 5.85392E-3 7.19573E-3 6.87408E-3 6.25792E-3 1.00329E-2 1.00004E-2 1.11214E-2 1.08402E-2 1.05086E-2 9.73795E-3 9.88861E-3 9.25488E-3 8.51215E-3
-9999 -9999 -9999 -9999 -9999 -9999 -9999 -9999 -9999 -9999 -9999 5.19805E-2 2.29659E-2 1.35201E-2 1.23102E-2 1.02439E-2 1.33864E-2 1.1656E-2 1.21208E-2 1.30815E-2 1.43951E-2 1.31567E-2 1.12474E-2 1.01584E-2 1.77419E-2 1.95178E-2 2.61323E-2 2.776E-2 2.12627E-2 2.77555E-2 2.26853E-2 8.23615E-3 1.25607E-2 1.06425E-2 1.10902E-2 4.705E-3 5.02437E-3 6.87155E-3 8.55602E-3 7.5092E-3 3.7106E-3 3.87811E-3 3.85085E-3 3.69902E-3 3.04805E-3 3.30394E-3 1.78322E-3 1.48281E-3 2.287E-3 2.49573E-3 2.26536E-3 4.15402E-3 4.44235E-3 3.48981E-3 3.48897E-3 3.43606E-3 2.82253E-3 4.13628E-3 5.14858E-3 7.28691E-3 8.21007E-3 9.77517E-3 9.77306E-3 1.02085E-2 9.54043E-3 9.26502E-3 8.85132E-3 8.28569E-3 7.85667E-3 7.4497E-3
-9999 -9999 -9999 -9999 -9999 -9999 -9999 -9999 -9999 -9999 1.12703E-1 5.95202E-2 3.21057E-2 1.47394E-2 1.71753E-2 2.0234E-2 1.39258E-2 1.90271E-2 1.20275E-2 9.31607E-3 1.2749E-2 1.23116E-2 1.21104E-2 2.26588E-2 3.29367E-2 1.52361E-2 6.65373E-3 1.86801E-2 1.91727E-2 1.89191E-2 2.46042E-2 1.29021E-2 1.06477E-2 1.02219E-2 3.03846E-3 3.18317E-3 1.08569E-3 1.77077E-3 3.49943E-3 3.76947E-3 3.26953E-3 3.19695E-3 3.16994E-3 3.23062E-3 3.83807E-3 3.4883E-3 2.30202E-3 2.54532E-3 1.8083E-3 1.14473E-3 2.21877E-3 2.21613E-3 2.15818E-3 2.74763E-3 4.83591E-3 5.77987E-3 6.7002E-3 7.13218E-3 7.73758E-3 8.16234E-3 8.52471E-3 8.70463E-3 8.49686E-3 8.69229E-3 8.46065E-3 7.93657E-3 7.68441E-3 7.28733E-3 6.8423E-3 6.46308E-3
