KUENM_DEFAULT/Final_Models/M_1_F_lqpth_Set_1_NE/sp1_3.asc
ncols         197
nrows         210
xllcorner     56.1666666666667
yllcorner     4.5
cellsize      0.166666666666667
NODATA_value  -9999
[rows 87 to 115 of 210, columns 130 to 194 of 197]
1.26084E-1 1.32296E-1 1.30943E-1 1.43179E-1 1.49962E-1 1.17517E-1 1.21362E-1 1.33511E-1 1.19361E-1 1.05251E-1 1.00308E-1 1.07055E-1 1.25914E-1 1.31552E-1 1.26158E-1 1.02814E-1 1.1186E-1 1.34621E-1 1.37508E-1 1.48156E-1 1.4892E-1 1.24085E-1 1.15971E-1 1.23368E-1 4.07095E-1 4.04617E-1 3.75461E-1 1.31944E-1 1.12291E-1 1.21964E-1 1.1821E-1 1.35464E-1 3.5708E-1 4.33383E-1 3.65942E-1 1.13297E-1 1.0373E-1 1.14576E-1 1.419E-1 1.26934E-1 1.39348E-1 1.14331E-1 1.23338E-1 1.20023E-1 1.11557E-1 1.14423E-1 8.86189E-2 9.00471E-2 8.95173E-2 7.74575E-2 6.78326E-2 6.10025E-2 4.8544E-2 6.18317E-2 6.32383E-2 5.3559E-2 3.906E-2 1.55489E-2 1.3412E-2 1.36328E-2 1.86883E-2 1.75304E-2 1.45772E-2 1.47197E-2 1.18517E-2
1.50184E-1 1.40501E-1 1.25474E-1 1.26596E-1 1.1171E-1 9.32472E-2 1.05308E-1 1.09201E-1 1.09397E-1 9.53312E-2 9.01767E-2 1.11253E-1 1.20341E-1 1.14881E-1 6.77299E-2 7.56306E-2 9.23709E-2 1.23954E-1 1.56206E-1 1.56529E-1 1.18772E-1 1.04336E-1 8.68998E-2 9.86735E-2 1.08091E-1 2.8197E-1 3.22056E-1 1.51434E-1 1.32384E-1 1.21102E-1 1.16808E-1 1.26974E-1 3.23018E-1 3.49991E-1 2.70554E-1 8.32175E-2 8.63009E-2 1.25479E-1 1.21244E-1 1.44666E-1 1.32551E-1 1.3346E-1 1.333E-1 1.27356E-1 1.13858E-1 9.31405E-2 9.50254E-2 2.45281E-1 8.16267E-2 6.84906E-2 6.39684E-2 5.47624E-2 5.7988E-2 6.47127E-2 5.96748E-2 4.92539E-2 3.29667E-2 1.50929E-2 1.02959E-2 1.4536E-2 1.89732E-2 1.78238E-2 2.02497E-2 1.68887E-2 1.43578E-2
1.56763E-1 1.34303E-1 1.11761E-1 1.12669E-1 8.84232E-2 7.2522E-2 8.6298E-2 1.07003E-1 9.99179E-2 7.63973E-2 7.49704E-2 8.36208E-2 8.09777E-2 7.27432E-2 7.49867E-2 6.75772E-2 1.22825E-1 1.45836E-1 1.65117E-1 1.3037E-1 9.56584E-2 8.61655E-2 9.14164E-2 8.05526E-2 1.08331E-1 1.26065E-1 3.62277E-1 3.58465E-1 1.3117E-1 1.26863E-1 1.20202E-1 1.14964E-1 1.12122E-1 8.74944E-2 7.43667E-2 7.36003E-2 1.09361E-1 1.02931E-1 7.79527E-2 8.55015E-2 1.02819E-1 1.33137E-1 1.46528E-1 1.3594E-1 1.09477E-1 1.01247E-1 8.06876E-2 7.21287E-2 7.75059E-2 5.54804E-2 4.63333E-2 3.87664E-2 4.08263E-2 4.48263E-2 4.37797E-2 3.4203E-2 1.94688E-2 9.29886E-3 9.4131E-3 1.61538E-2 1.8256E-2 2.16575E-2 2.14291E-2 1.86847E-2 1.60431E-2
1.50689E-1 1.39085E-1 1.11761E-1 8.1661E-2 7.8607E-2 6.14741E-2 7.2238E-2 7.8491E-2 8.79854E-2 4.99326E-2 5.50022E-2 6.2403E-2 8.65336E-2 9.05754E-2 8.96781E-2 8.56146E-2 9.64641E-2 1.37848E-1 1.32227E-1 1.14439E-1 7.74809E-2 7.41293E-2 8.44768E-2 7.94803E-2 1.07922E-1 1.24978E-1 1.42336E-1 1.527E-1 1.42119E-1 1.37247E-1 1.43417E-1 1.45206E-1 1.19987E-1 9.88412E-2 9.60463E-2 1.01028E-1 1.15696E-1 9.11971E-2 7.31378E-2 7.22234E-2 9.15145E-2 1.00152E-1 9.51493E-2 1.18042E-1 1.11613E-1 8.37447E-2 6.85929E-2 5.61257E-2 5.29342E-2 4.60891E-2 3.82678E-2 3.41381E-2 3.40217E-2 4.1271E-2 3.18717E-2 2.96666E-2 1.71492E-2 1.05937E-2 8.05967E-3 1.34775E-2 1.66704E-2 1.7458E-2 1.82686E-2 1.99404E-2 1.67058E-2
1.55421E-1 1.10074E-1 9.74586E-2 7.8985E-2 6.51776E-2 6.35927E-2 6.91848E-2 4.62837E-2 4.49805E-2 3.41799E-2 6.99863E-2 8.05748E-2 8.86109E-2 8.77322E-2 8.75569E-2 7.87292E-2 8.49077E-2 1.30787E-1 1.20821E-1 1.02512E-1 7.93606E-2 8.35759E-2 8.45714E-2 8.059E-2 9.18281E-2 1.04234E-1 1.42372E-1 1.3099E-1 1.19918E-1 1.24125E-1 1.25698E-1 1.23776E-1 1.03884E-1 9.36965E-2 7.89549E-2 1.03057E-1 1.02958E-1 7.74527E-2 6.24656E-2 6.39515E-2 6.7275E-2 6.7496E-2 5.60829E-2 7.64035E-2 8.27152E-2 6.55825E-2 5.94883E-2 5.2361E-2 5.22426E-2 4.52347E-2 3.91113E-2 3.43444E-2 3.35529E-2 3.36458E-2 2.93808E-2 2.78808E-2 2.45242E-2 1.61966E-2 1.49344E-2 1.87064E-2 1.70991E-2 1.83815E-2 1.88556E-2 2.10506E-2 1.65411E-2
1.34398E-1 1.12614E-1 8.23169E-2 6.71825E-2 5.81898E-2 4.46205E-2 4.20528E-2 4.1846E-2 4.78122E-2 6.06617E-2 7.73981E-2 9.4896E-2 9.06905E-2 6.34604E-2 7.15083E-2 8.39747E-2 8.938E-2 9.5178E-2 9.69296E-2 9.20832E-2 8.67602E-2 8.87836E-2 8.42937E-2 7.71901E-2 8.84566E-2 1.06174E-1 1.08964E-1 1.12473E-1 1.24264E-1 1.24032E-1 1.17429E-1 9.91847E-2 1.05863E-1 7.7129E-2 7.55521E-2 8.08635E-2 1.08353E-1 1.13827E-1 9.14726E-2 9.1917E-2 7.7639E-2 4.87271E-2 4.41991E-2 5.40894E-2 4.79066E-2 4.46488E-2 4.30776E-2 3.7618E-2 4.43145E-2 3.71318E-2 3.68549E-2 3.68624E-2 3.98346E-2 4.01084E-2 3.56742E-2 3.21217E-2 3.28573E-2 2.81543E-2 2.18589E-2 2.20335E-2 1.59205E-2 1.68102E-2 1.92529E-2 2.20547E-2 1.73558E-2
9.40918E-2 7.93912E-2 6.61182E-2 5.5969E-2 5.38703E-2 3.97394E-2 5.09941E-2 6.13968E-2 7.91696E-2 8.42762E-2 9.08947E-2 1.18626E-1 8.56351E-2 9.03117E-2 6.15924E-2 7.69653E-2 9.38059E-2 8.91223E-2 8.61292E-2 8.45912E-2 8.55378E-2 8.58869E-2 8.11655E-2 6.86235E-2 8.17703E-2 7.30237E-2 9.02336E-2 7.94772E-2 1.03924E-1 9.88534E-2 8.29247E-2 7.53491E-2 6.10861E-2 5.54549E-2 5.46457E-2 5.55518E-2 8.06377E-2 1.03413E-1 8.90154E-2 7.56095E-2 6.16209E-2 4.27599E-2 4.29348E-2 4.5758E-2 4.34103E-2 3.92218E-2 3.50611E-2 3.9909E-2 4.48366E-2 3.66737E-2 3.48293E-2 4.01321E-2 4.17163E-2 4.01674E-2 3.51461E-2 3.1797E-2 3.71117E-2 3.60031E-2 3.5259E-2 2.66192E-2 2.1832E-2 1.70638E-2 2.29296E-2 2.18992E-2 1.8212E-2
7.43398E-2 6.4965E-2 5.47814E-2 4.75451E-2 3.52851E-2 3.5419E-2 4.9131E-2 6.28748E-2 7.77234E-2 7.63706E-2 9.70938E-2 1.025E-1 8.41755E-2 8.00729E-2 9.61398E-2 9.80515E-2 1.15663E-1 8.63777E-2 7.77801E-2 8.57137E-2 9.97952E-2 9.21841E-2 8.82988E-2 8.50711E-2 6.68022E-2 5.9299E-2 6.10767E-2 1.6976E-2 5.71127E-2 7.21975E-2 6.63264E-2 6.13675E-2 4.573E-2 4.13426E-2 4.66238E-2 4.53076E-2 5.24156E-2 7.04696E-2 6.15069E-2 5.9907E-2 6.10717E-2 4.1815E-2 4.45721E-2 4.54082E-2 4.42188E-2 4.70394E-2 4.97061E-2 3.92178E-2 4.24172E-2 4.32982E-2 6.24396E-2 5.62691E-2 4.50094E-2 4.39922E-2 3.36351E-2 3.27194E-2 4.18975E-2 4.86651E-2 5.12483E-2 4.18884E-2 3.39092E-2 3.08649E-2 2.45043E-2 2.2443E-2 2.39262E-2
6.36846E-2 5.32244E-2 4.61305E-2 4.13939E-2 3.89429E-2 3.25267E-2 4.84361E-2 6.33185E-2 6.33537E-2 7.2838E-2 8.07483E-2 7.10567E-2 1.0133E-1 1.01702E-1 9.70044E-2 8.46407E-2 1.04573E-1 7.52694E-2 9.19647E-2 9.09622E-2 9.51192E-2 7.18989E-2 6.07641E-2 5.1354E-2 1.58254E-2 1.22528E-2 1.19133E-2 1.15971E-2 1.11597E-2 4.82993E-2 4.50243E-2 4.33174E-2 3.17979E-2 9.08248E-3 9.12959E-3 3.42584E-2 8.49243E-3 1.02066E-2 6.84814E-3 7.32767E-3 9.27482E-3 1.11562E-2 3.29285E-2 2.95113E-2 3.72821E-2 3.74011E-2 2.6421E-2 2.59751E-2 2.72672E-2 3.76233E-2 5.50539E-2 6.16334E-2 5.18568E-2 4.96271E-2 3.31875E-2 3.87433E-2 4.98481E-2 5.89385E-2 6.7574E-2 5.59964E-2 3.56075E-2 3.41526E-2 3.34376E-2 3.03519E-2 2.56603E-2
5.81743E-2 4.96486E-2 4.23083E-2 4.06431E-2 2.76962E-2 3.12453E-2 3.63902E-2 4.84507E-2 6.58366E-2 6.99029E-2 7.8234E-2 7.64242E-2 6.95791E-2 8.708E-2 8.07483E-2 8.34237E-2 7.05432E-2 6.01615E-2 6.69555E-2 7.28636E-2 7.251E-2 7.48987E-2 6.04647E-2 4.74096E-2 3.93417E-2 4.32558E-2 1.06985E-2 9.97042E-3 9.72165E-3 4.89942E-2 3.81843E-2 2.96077E-2 2.6763E-2 5.94445E-3 4.72632E-3 5.08689E-3 4.13561E-3 6.72679E-3 5.64157E-3 4.87255E-3 8.52239E-3 1.04152E-2 7.6695E-3 7.72286E-3 9.33054E-3 2.20645E-2 2.21312E-2 2.56695E-2 3.01029E-2 3.19375E-2 4.39969E-2 4.84021E-2 4.6976E-2 4.34629E-2 3.69113E-2 3.37129E-2 7.54023E-2 7.06311E-2 5.6439E-2 4.46262E-2 3.51898E-2 2.93463E-2 3.06188E-2 2.77919E-2 2.98614E-2
5.38094E-2 4.69763E-2 6.20488E-2 6.45962E-2 6.02397E-2 5.58017E-2 4.16538E-2 4.83822E-2 6.00229E-2 8.28555E-2 9.50544E-2 9.34131E-2 8.72448E-2 8.34815E-2 6.89174E-2 6.90062E-2 1.1483E-2 1.0902E-2 9.17387E-3 1.42873E-2 4.86675E-2 6.32393E-2 5.47633E-2 4.41307E-2 3.73564E-2 3.70046E-2 3.68464E-2 3.63307E-2 3.2865E-2 4.11952E-2 3.36464E-2 2.43053E-2 1.72098E-2 4.63285E-3 3.99029E-3 4.05255E-3 4.30999E-3 4.67603E-3 4.44634E-3 5.70268E-3 7.02859E-3 9.4339E-3 7.56049E-3 7.66181E-3 1.02326E-2 2.24243E-2 3.58306E-2 4.92087E-2 3.22052E-2 2.3172E-2 3.72042E-2 4.22339E-2 4.12928E-2 5.2366E-2 4.52572E-2 3.54959E-2 5.54802E-2 6.32054E-2 5.02606E-2 3.23887E-2 2.8268E-2 2.8295E-2 2.76222E-2 3.50201E-2 3.83155E-2
4.95671E-2 6.1146E-2 6.75475E-2 6.47947E-2 6.8669E-2 5.34323E-2 5.51145E-2 6.41567E-2 7.56133E-2 1.06769E-1 1.25685E-1 1.05329E-1 1.12127E-1 9.8792E-2 7.4365E-2 1.2345E-2 6.71588E-3 7.55724E-3 8.18687E-3 7.48065E-3 8.02138E-3 9.90413E-3 3.25359E-2 3.68662E-2 3.62157E-2 3.86405E-2 4.43329E-2 3.59591E-2 3.11111E-2 3.24354E-2 2.32801E-2 1.61515E-2 4.03249E-3 3.44729E-3 2.8932E-3 3.16643E-3 3.61045E-3 3.87528E-3 5.29451E-3 5.92952E-3 2.50047E-2 2.78517E-2 2.99624E-2 3.04942E-2 3.1441E-2 3.07297E-2 4.19502E-2 3.79275E-2 3.21391E-2 2.22036E-2 2.35287E-2 3.72956E-2 4.06257E-2 4.67348E-2 4.25968E-2 3.559E-2 4.65607E-2 5.75625E-2 5.09877E-2 3.3504E-2 2.55038E-2 1.95574E-2 2.00469E-2 2.36424E-2 2.12568E-2
5.77815E-2 5.7536E-2 6.08178E-2 7.03753E-2 6.14873E-2 6.93628E-2 7.1384E-2 8.73605E-2 1.08798E-1 1.32044E-1 1.43682E-1 1.16756E-1 1.11318E-1 8.3168E-2 5.17977E-2 7.27178E-3 7.62894E-3 7.16663E-3 6.57988E-3 7.37311E-3 7.63093E-3 8.50357E-3 5.87084E-3 9.49075E-3 3.34727E-2 3.56272E-2 3.89442E-2 3.53741E-2 2.86266E-2 2.58691E-2 2.08271E-2 1.34785E-2 3.18382E-3 2.98377E-3 3.03997E-3 1.0651E-2 3.36969E-3 4.23158E-3 5.33073E-3 4.74738E-3 1.78282E-2 1.82261E-2 2.94412E-2 3.70468E-2 2.84239E-2 2.46905E-2 2.39833E-2 2.35192E-2 1.97082E-2 2.2047E-2 2.17861E-2 2.71177E-2 2.88654E-2 3.2662E-2 4.30488E-2 3.98693E-2 4.23713E-2 4.86842E-2 4.87436E-2 3.84617E-2 2.65208E-2 1.64426E-2 1.82647E-2 2.22232E-2 1.44708E-2
6.17586E-2 5.34603E-2 5.03601E-2 5.8805E-2 5.00854E-2 6.55979E-2 7.81194E-2 1.08779E-1 1.2582E-1 1.47331E-1 1.34595E-1 1.14894E-1 9.79814E-2 5.19814E-2 3.46795E-2 2.24851E-2 2.23114E-2 2.21736E-2 6.28024E-3 6.55176E-3 6.66798E-3 9.43043E-3 7.31683E-3 6.71611E-3 3.31288E-2 3.05971E-2 3.35725E-2 2.65297E-2 2.1927E-2 2.12768E-2 1.61802E-2 3.52399E-3 2.98036E-3 3.03271E-3 1.06337E-2 1.11064E-2 1.29622E-2 1.29566E-2 1.65966E-2 1.54365E-2 1.59103E-2 1.77828E-2 2.73065E-2 2.89434E-2 2.96382E-2 1.92519E-2 2.49467E-2 2.41436E-2 2.61232E-2 2.71453E-2 2.90083E-2 2.88157E-2 2.49116E-2 2.62412E-2 3.50526E-2 3.34207E-2 4.26909E-2 3.76325E-2 3.8636E-2 3.30982E-2 2.07732E-2 1.16523E-2 1.01152E-2 1.79829E-2 1.86156E-2
4.4694E-2 4.53492E-2 4.41162E-2 2.7659E-2 4.67405E-2 6.72347E-2 1.31712E-2 1.02258E-1 1.3178E-1 1.5589E-1 1.54792E-1 1.06892E-1 7.29641E-2 3.96111E-2 2.38361E-2 1.93563E-2 1.94748E-2 2.07594E-2 6.90727E-3 7.79219E-3 6.76505E-3 7.49337E-3 7.21525E-3 2.89781E-2 3.75624E-2 3.06786E-2 2.701E-2 2.38522E-2 1.83658E-2 1.40043E-2 1.45844E-2 1.43485E-2 1.61622E-2 1.35379E-2 1.35097E-2 1.57006E-2 1.96707E-2 2.1358E-2 2.12578E-2 2.04998E-2 2.12028E-2 2.33523E-2 2.6817E-2 2.57629E-2 2.55285E-2 1.97114E-2 1.98513E-2 2.38159E-2 2.86662E-2 3.08577E-2 3.40374E-2 2.97373E-2 2.76234E-2 3.08405E-2 3.2032E-2 3.57495E-2 3.38448E-2 3.66081E-2 3.11965E-2 2.33978E-2 1.30322E-2 9.98371E-3 1.15391E-2 1.94396E-2 -9999
5.63587E-2 4.23712E-2 3.41815E-2 3.5388E-3 4.67294E-2 1.00126E-2 1.43574E-2 3.78127E-2 4.68511E-2 1.54544E-1 1.60669E-1 1.11802E-1 7.29863E-2 3.72648E-2 2.28392E-2 2.03166E-2 1.77199E-2 1.83665E-2 2.23641E-2 7.57268E-3 3.01255E-2 3.49616E-2 4.38676E-2 3.65451E-2 4.23128E-2 4.15229E-2 2.85458E-2 2.40246E-2 1.57583E-2 1.61368E-2 1.46708E-2 1.82242E-2 1.65201E-2 1.72539E-2 1.52409E-2 1.92465E-2 2.34603E-2 2.39508E-2 2.17414E-2 2.56802E-2 2.38083E-2 2.49214E-2 2.93689E-2 2.42375E-2 2.50192E-2 1.91481E-2 1.79409E-2 2.62963E-2 2.90778E-2 2.43694E-2 2.08003E-2 2.52827E-2 2.72246E-2 3.20181E-2 3.64953E-2 3.91887E-2 3.11022E-2 3.6016E-2 2.82132E-2 7.0985E-3 4.86007E-3 4.92085E-3 5.15614E-3 6.80209E-3 -9999
7.73538E-2 7.48779E-2 4.35229E-2 8.56162E-3 7.22564E-3 1.3062E-2 3.12131E-2 1.39524E-1 1.56573E-1 1.48135E-1 1.25551E-1 8.94731E-2 5.21552E-2 2.6889E-2 1.95355E-2 1.7401E-2 1.60629E-2 5.30525E-3 6.65721E-3 8.46044E-3 5.26843E-2 6.05323E-2 6.00519E-2 5.45378E-2 5.0239E-2 4.67483E-2 3.43616E-2 2.75805E-2 2.06864E-2 1.94628E-2 1.79866E-2 1.99771E-2 2.17303E-2 2.12391E-2 1.70405E-2 1.88645E-2 2.22087E-2 3.07963E-2 2.64223E-2 2.4484E-2 2.3473E-2 2.32525E-2 2.43865E-2 1.90496E-2 1.77754E-2 1.97247E-2 1.91292E-2 1.8365E-2 1.94707E-2 2.32691E-2 2.11006E-2 1.97646E-2 2.2561E-2 2.76507E-2 3.03591E-2 3.42502E-2 3.65247E-2 3.43742E-2 1.06854E-2 6.42152E-3 4.7252E-3 5.64571E-3 5.18731E-3 -9999 -9999
7.88156E-2 1.07697E-1 7.4425E-2 8.58137E-2 9.16585E-2 8.71198E-2 1.35241E-1 1.78525E-1 1.74008E-1 1.36286E-1 9.91808E-2 5.2843E-2 3.06662E-2 2.36862E-2 1.74517E-2 1.51622E-2 1.5639E-2 2.07015E-2 2.58405E-2 3.52485E-2 7.32088E-2 7.99709E-2 9.05856E-2 8.13402E-2 6.06454E-2 5.17943E-2 3.92845E-2 2.96062E-2 2.59178E-2 2.16002E-2 2.04651E-2 2.55569E-2 2.35275E-2 1.91221E-2 1.65129E-2 1.8516E-2 2.28606E-2 2.78338E-2 2.43624E-2 1.97113E-2 1.64549E-2 1.72526E-2 1.84485E-2 1.82942E-2 1.76912E-2 1.63469E-2 1.85978E-2 1.80626E-2 1.60965E-2 1.67619E-2 1.45279E-2 1.56957E-2 1.80776E-2 1.62769E-2 2.01092E-2 2.91712E-2 7.94294E-2 1.49526E-2 1.06161E-2 7.26023E-3 5.76108E-3 4.86554E-3 -9999 -9999 -9999
8.88444E-2 1.09219E-1 1.3277E-1 1.52518E-1 1.76178E-1 1.5455E-1 1.69634E-1 1.948E-1 1.80847E-1 1.44848E-1 7.16702E-2 3.76653E-2 3.44773E-2 2.54363E-2 1.73038E-2 1.62392E-2 1.89204E-2 2.77434E-2 3.47513E-2 4.41693E-2 8.91491E-2 9.19986E-2 8.16505E-2 7.40366E-2 7.01026E-2 5.02388E-2 3.85641E-2 3.70082E-2 3.33159E-2 2.84372E-2 3.3581E-2 3.16418E-2 2.29726E-2 1.85344E-2 1.75903E-2 1.82229E-2 2.25171E-2 2.92911E-2 2.02368E-2 1.72733E-2 1.65357E-2 1.41798E-2 1.5183E-2 1.65804E-2 1.61953E-2 1.91874E-2 1.92509E-2 1.90518E-2 1.64054E-2 1.29843E-2 3.28052E-3 3.41144E-3 1.0206E-2 9.97561E-3 1.40947E-2 4.5133E-2 1.2263E-2 1.16036E-2 7.67143E-3 4.8162E-3 3.03563E-3 2.9311E-3 -9999 -9999 -9999
1.5963E-1 1.88832E-1 1.94663E-1 2.08798E-1 2.22259E-1 2.42314E-1 2.29916E-1 1.90294E-1 1.41807E-1 1.21642E-1 9.3172E-2 6.63115E-2 5.22588E-2 2.99242E-2 1.96356E-2 1.94526E-2 2.16962E-2 2.64875E-2 3.61152E-2 5.49413E-2 7.5324E-2 7.39505E-2 6.44965E-2 6.34164E-2 6.14056E-2 5.53194E-2 4.13494E-2 4.43161E-2 4.41496E-2 4.87946E-2 4.40429E-2 4.07864E-2 3.43513E-2 2.22839E-2 1.88445E-2 1.73562E-2 1.769E-2 1.72983E-2 1.63737E-2 1.515E-2 1.32606E-2 1.36566E-2 1.41822E-2 1.60557E-2 4.90776E-3 2.08854E-2 2.05307E-2 1.96918E-2 1.66171E-2 1.26169E-2 3.28515E-3 2.9848E-3 1.25449E-2 1.17396E-2 3.09141E-2 8.68687E-3 1.24609E-2 9.86E-3 8.12517E-3 3.37372E-3 2.48302E-3 -9999 -9999 -9999 -9999
4.31856E-1 2.08068E-1 1.86493E-1 1.97464E-1 2.23213E-1 2.27024E-1 2.38361E-1 1.66922E-1 1.13208E-1 9.1953E-2 1.09707E-1 8.64302E-2 6.06922E-2 3.76028E-2 2.27172E-2 1.63091E-2 1.61952E-2 2.49168E-2 3.47481E-2 5.10701E-2 5.68968E-2 5.35899E-2 5.89137E-2 5.72509E-2 5.45791E-2 4.88607E-2 3.83929E-2 4.1653E-2 5.17051E-2 5.77946E-2 5.16127E-2 4.5909E-2 3.71904E-2 3.59735E-2 2.50423E-2 2.05502E-2 1.44437E-2 1.37223E-2 1.33664E-2 1.35324E-2 1.34517E-2 1.45451E-2 1.74638E-2 1.95317E-2 2.03877E-2 2.03916E-2 2.11492E-2 1.93674E-2 1.67542E-2 1.35194E-2 1.27206E-2 1.33846E-2 1.64469E-2 3.63378E-2 1.02926E-2 1.21499E-2 1.39079E-2 1.15027E-2 8.37699E-3 5.18978E-3 -9999 -9999 -9999 -9999 -9999
4.52656E-1 4.40377E-1 3.60904E-1 1.59719E-1 1.71675E-1 1.96812E-1 1.89073E-1 1.87873E-1 1.28589E-1 9.8535E-2 9.92963E-2 8.2191E-2 5.58676E-2 3.86315E-2 3.32202E-2 1.50845E-2 1.38349E-2 2.25806E-2 4.52562E-2 5.75306E-2 5.24189E-2 5.73869E-2 5.17461E-2 5.90894E-2 5.46072E-2 5.09105E-2 3.76043E-2 4.61247E-2 4.77857E-2 5.48383E-2 4.97348E-2 4.82256E-2 4.60988E-2 4.50563E-2 3.39185E-2 2.38999E-2 1.40175E-2 1.26124E-2 1.3276E-2 1.59856E-2 1.54242E-2 1.87063E-2 2.22032E-2 2.58166E-2 2.66849E-2 2.70495E-2 2.10436E-2 2.15017E-2 2.01072E-2 1.7843E-2 1.51276E-2 1.68267E-2 3.64113E-2 8.0498E-3 1.28657E-2 1.38933E-2 -9999 -9999 -9999 -9999 -9999 -9999 -9999 -9999 -9999
5.28024E-1 4.35601E-1 1.43053E-1 1.47783E-1 1.92209E-1 2.25032E-1 2.44457E-1 1.94486E-1 1.66085E-1 1.6136E-1 1.49222E-1 8.75063E-2 4.95222E-2 3.59303E-2 2.4346E-2 1.813E-2 1.79076E-2 2.7627E-2 3.53358E-2 3.98841E-2 4.276E-2 4.18945E-2 4.52943E-2 5.06055E-2 5.11969E-2 4.492E-2 3.5775E-2 4.10551E-2 4.23234E-2 4.33865E-2 4.3494E-2 4.37105E-2 4.69632E-2 5.11002E-2 3.90363E-2 2.8738E-2 1.76042E-2 1.48394E-2 1.46828E-2 1.6586E-2 1.93871E-2 2.28194E-2 2.66766E-2 3.10047E-2 3.1816E-2 2.93595E-2 2.47356E-2 2.28573E-2 1.97814E-2 2.42875E-2 2.06938E-2 2.32562E-2 1.00135E-2 1.1372E-2 1.36811E-2 -9999 -9999 -9999 -9999 -9999 -9999 -9999 -9999 -9999 -9999
5.27374E-1 4.28746E-1 1.3998E-1 1.63708E-1 2.07231E-1 2.5478E-1 2.60088E-1 2.37675E-1 1.74778E-1 1.72615E-1 1.49127E-1 8.10914E-2 3.95094E-2 2.43048E-2 1.84793E-2 1.44688E-2 1.79097E-2 2.50866E-2 2.2701E-2 2.49609E-2 3.63487E-2 4.2182E-2 5.10521E-2 5.2574E-2 4.3365E-2 4.27184E-2 3.68152E-2 3.43921E-2 3.46939E-2 3.52618E-2 3.67462E-2 4.16714E-2 4.6072E-2 4.85834E-2 4.13872E-2 3.38769E-2 2.19207E-2 1.98813E-2 1.97191E-2 2.0066E-2 2.53347E-2 2.49484E-2 3.28755E-2 3.7473E-2 3.54742E-2 3.01122E-2 3.16828E-2 2.38276E-2 2.25844E-2 2.32235E-2 2.67321E-2 9.14644E-3 1.0612E-2 1.25241E-2 1.6016E-2 -9999 -9999 -9999 -9999 -9999 -9999 -9999 -9999 -9999 -9999
5.5981E-1 4.29504E-1 1.85495E-1 2.28302E-1 3.03615E-1 2.7355E-1 2.49281E-1 1.79603E-1 1.49376E-1 1.23422E-1 1.25525E-1 8.57335E-2 4.70791E-2 2.95628E-2 1.93666E-2 1.50923E-2 1.5447E-2 1.92213E-2 1.98188E-2 2.32532E-2 3.33834E-2 4.27371E-2 5.42175E-2 5.47757E-2 3.77745E-2 3.77927E-2 3.30413E-2 3.24288E-2 3.2897E-2 3.08772E-2 2.95928E-2 3.90141E-2 4.30922E-2 4.4585E-2 4.1619E-2 3.76974E-2 3.41321E-2 2.53072E-2 2.53075E-2 2.56187E-2 2.55552E-2 2.67158E-2 3.57043E-2 4.41874E-2 4.04176E-2 3.77793E-2 2.98665E-2 2.91398E-2 5.34174E-2 5.20415E-2 5.2528E-2 1.17794E-2 1.09233E-2 1.36335E-2 1.71658E-2 -9999 -9999 -9999 -9999 -9999 -9999 -9999 -9999 -9999 -9999
6.06733E-1 5.41239E-1 2.71141E-1 2.8704E-1 3.50156E-1 2.8796E-1 1.71502E-1 1.32421E-1 1.02576E-1 9.94957E-2 1.06728E-1 6.71977E-2 4.8461E-2 2.65989E-2 1.63819E-2 1.48124E-2 1.68948E-2 1.62874E-2 1.75737E-2 2.11191E-2 2.78405E-2 4.07083E-2 4.2412E-2 5.08244E-2 3.60692E-2 3.3375E-2 3.20437E-2 3.21881E-2 4.54806E-2 4.63615E-2 3.75874E-2 4.0026E-2 4.25352E-2 4.26943E-2 3.49788E-2 3.26119E-2 3.05159E-2 2.87679E-2 3.54517E-2 3.01171E-2 3.2666E-2 3.41452E-2 3.70191E-2 4.13588E-2 4.65248E-2 3.62165E-2 3.42918E-2 2.56229E-2 4.76373E-2 4.90719E-2 1.20821E-2 1.1917E-2 1.15109E-2 1.8115E-2 2.09275E-2 2.1619E-2 -9999 -9999 -9999 -9999 -9999 -9999 -9999 -9999 -9999
5.93807E-1 5.87007E-1 2.60241E-1 3.30069E-1 3.11049E-1 2.23841E-1 1.49029E-1 9.23033E-2 7.57613E-2 5.77345E-2 7.46876E-2 5.37723E-2 3.5712E-2 1.833E-2 1.28707E-2 1.06897E-2 1.37117E-2 1.59249E-2 1.79897E-2 2.22411E-2 2.67513E-2 3.0021E-2 3.06696E-2 3.47656E-2 3.17091E-2 2.60399E-2 2.91678E-2 3.64855E-2 5.4887E-2 6.36079E-2 4.74426E-2 4.40174E-2 4.21189E-2 3.44199E-2 3.45031E-2 3.20163E-2 3.3186E-2 3.9026E-2 4.54133E-2 4.18099E-2 3.60352E-2 3.39411E-2 3.3078E-2 3.34934E-2 3.40801E-2 3.20901E-2 3.24263E-2 2.71019E-2 2.69947E-2 5.42691E-2 1.25366E-2 1.2826E-2 1.5507E-2 1.94815E-2 2.21674E-2 -9999 -9999 -9999 -9999 -9999 -9999 -9999 -9999 -9999 -9999
5.24637E-1 2.23748E-1 2.39141E-1 2.74952E-1 2.31452E-1 1.70029E-1 1.11148E-1 8.26877E-2 5.53947E-2 4.38608E-2 4.77027E-2 3.35275E-2 2.76639E-2 1.64583E-2 1.0264E-2 8.75965E-3 1.10512E-2 1.33507E-2 1.89248E-2 2.32322E-2 2.59145E-2 3.25449E-2 3.70272E-2 3.45972E-2 3.49908E-2 2.97263E-2 3.0509E-2 3.24034E-2 5.75408E-2 5.97941E-2 5.55288E-2 4.71486E-2 3.44019E-2 3.55545E-2 3.44696E-2 3.7198E-2 4.32502E-2 5.02292E-2 5.37428E-2 5.52685E-2 4.16412E-2 3.85517E-2 3.28087E-2 3.59733E-2 3.53374E-2 3.19958E-2 2.7785E-2 2.38466E-2 3.05522E-2 1.12011E-2 1.37814E-2 1.36702E-2 1.68124E-2 2.0908E-2 -9999 -9999 -9999 -9999 -9999 -9999 -9999 -9999 -9999 -9999 -9999
1.92511E-1 2.2225E-1 2.23927E-1 1.61067E-1 1.51163E-1 1.23904E-1 1.09691E-1 8.55339E-2 6.49842E-2 4.3943E-2 2.83103E-2 2.31444E-2 2.04341E-2 1.82314E-2 1.11048E-2 7.26008E-3 9.4549E-3 1.13103E-2 1.56913E-2 2.18855E-2 2.45156E-2 2.81287E-2 3.80311E-2 4.24412E-2 3.69726E-2 3.34964E-2 2.92941E-2 3.37847E-2 5.76163E-2 5.60192E-2 5.366E-2 4.40483E-2 3.69631E-2 3.68258E-2 3.9587E-2 4.08048E-2 4.28758E-2 4.49101E-2 4.84082E-2 5.46497E-2 1.00348E-1 1.59235E-2 1.64509E-2 1.61614E-2 1.71369E-2 1.56124E-2 1.11647E-2 9.63181E-3 9.64779E-3 1.21227E-2 1.48793E-2 1.44749E-2 -9999 -9999 -9999 -9999 -9999 -9999 -9999 -9999 -9999 -9999 -9999 -9999 -9999
