KUENM_DEFAULT/Final_Models/M_1_F_lqpth_Set_1_NE/sp1_4_se_asia.asc
ncols         320
nrows         243
xllcorner     44.0
yllcorner     -0.666666666666667
cellsize      0.166666666666667
NODATA_value  -9999
[rows 62 to 92 of 243, columns 210 to 279 of 320]
7.89054E-3 2.4099E-3 6.03147E-4 4.04168E-4 6.89085E-4 1.40169E-3 1.69465E-3 2.99588E-3 2.84027E-3 2.29754E-3 2.77658E-3 3.03015E-3 1.53374E-3 4.49717E-3 6.49512E-3 6.77565E-4 2.10197E-2 6.76834E-3 4.03271E-3 2.1654E-3 6.05831E-4 2.82572E-4 3.32861E-4 5.82877E-4 8.71672E-4 1.52363E-3 -9999 -9999 -9999 -9999 -9999 -9999 -9999 -9999 -9999 -9999 -9999 -9999 -9999 -9999 -9999 -9999 -9999 -9999 -9999 -9999 -9999 -9999 -9999 -9999 -9999 -9999 -9999 -9999 -9999 -9999 -9999 -9999 -9999 -9999 -9999 -9999 -9999 -9999 -9999 -9999 -9999 -9999 -9999 -9999
1.67926E-2 7.96869E-3 2.99079E-3 1.6456E-3 9.4565E-4 1.44591E-3 2.18978E-3 3.64688E-3 2.41111E-3 2.20968E-3 2.79995E-3 4.97526E-3 3.99164E-3 5.29713E-3 1.76928E-3 1.82014E-3 1.39681E-3 7.54666E-3 6.35218E-3 5.59762E-3 2.21984E-3 4.64072E-4 4.21949E-4 6.19568E-4 5.28885E-4 1.3683E-3 3.35851E-4 -9999 -9999 6.04693E-4 5.36576E-4 -9999 -9999 -9999 -9999 -9999 -9999 -9999 -9999 -9999 -9999 -9999 -9999 -9999 -9999 -9999 -9999 -9999 -9999 -9999 -9999 -9999 -9999 -9999 -9999 -9999 -9999 -9999 -9999 -9999 -9999 -9999 -9999 -9999 -9999 -9999 -9999 -9999 -9999 -9999
2.52149E-2 1.75784E-2 1.12982E-2 7.78307E-3 5.74763E-3 5.0959E-3 7.873E-3 5.89482E-3 4.7658E-3 3.01391E-3 2.53638E-3 1.94626E-3 1.31438E-2 1.18327E-2 4.22371E-3 3.395E-3 1.56754E-3 3.38497E-3 2.42565E-3 1.73679E-3 2.42108E-3 4.14462E-3 1.72372E-3 1.53749E-3 4.85394E-4 1.28268E-3 8.88605E-4 2.47563E-4 1.78031E-4 2.21154E-3 5.25379E-4 -9999 -9999 -9999 -9999 -9999 -9999 -9999 -9999 -9999 -9999 -9999 -9999 -9999 -9999 -9999 -9999 -9999 -9999 -9999 -9999 -9999 -9999 -9999 -9999 -9999 -9999 -9999 -9999 -9999 -9999 -9999 -9999 -9999 -9999 -9999 -9999 -9999 -9999 -9999
3.79962E-2 2.7977E-2 2.47952E-2 2.01007E-2 1.68357E-2 1.37156E-2 1.9411E-2 2.41822E-2 1.2283E-2 5.13974E-3 3.51928E-3 3.16745E-3 4.2894E-3 3.82527E-3 4.38545E-3 4.26963E-3 3.66386E-3 1.35247E-3 9.88145E-4 2.07127E-3 8.52449E-4 7.17284E-4 2.33373E-3 4.19451E-3 1.47066E-3 7.28088E-4 9.62528E-4 3.34435E-4 1.56112E-3 1.49747E-3 2.18822E-4 -9999 -9999 -9999 -9999 -9999 -9999 -9999 -9999 -9999 -9999 -9999 -9999 -9999 -9999 -9999 -9999 -9999 -9999 -9999 -9999 -9999 -9999 -9999 -9999 -9999 -9999 -9999 -9999 -9999 -9999 -9999 -9999 -9999 -9999 -9999 -9999 -9999 -9999 -9999
4.22744E-2 3.83802E-2 3.48549E-2 3.03323E-2 2.45532E-2 2.03373E-2 2.3078E-2 1.8624E-2 1.28063E-2 1.13116E-2 7.65743E-3 4.75849E-3 3.63776E-3 4.8619E-3 6.49081E-3 3.36895E-3 2.99256E-3 2.78827E-3 2.81809E-3 2.81695E-3 1.79927E-3 7.52397E-4 5.11929E-4 2.29179E-3 4.58133E-4 5.07602E-4 2.59667E-4 1.07882E-3 2.3639E-3 5.9351E-4 3.10553E-4 4.46283E-4 1.48041E-4 -9999 -9999 -9999 -9999 -9999 -9999 -9999 -9999 -9999 -9999 -9999 -9999 -9999 -9999 -9999 -9999 -9999 -9999 -9999 -9999 -9999 -9999 -9999 -9999 -9999 -9999 -9999 -9999 -9999 -9999 -9999 -9999 -9999 -9999 -9999 -9999 -9999
4.94394E-2 4.52154E-2 4.02111E-2 3.50093E-2 2.90806E-2 2.28956E-2 2.52787E-2 1.97815E-2 1.39326E-2 1.23161E-2 1.1149E-2 8.08673E-3 7.65989E-3 6.10033E-3 2.99217E-3 2.10423E-3 2.54897E-3 2.72467E-3 3.00212E-3 2.47295E-3 5.17849E-3 1.23296E-3 9.48071E-4 4.95431E-3 2.52042E-3 3.75801E-3 2.71012E-3 5.85607E-3 2.1097E-3 3.9343E-4 6.01425E-4 8.28063E-4 2.41731E-3 3.6422E-4 1.16773E-3 -9999 4.04264E-4 -9999 -9999 -9999 -9999 -9999 -9999 -9999 -9999 -9999 -9999 -9999 -9999 -9999 -9999 -9999 -9999 -9999 -9999 -9999 -9999 -9999 -9999 -9999 -9999 -9999 -9999 -9999 -9999 -9999 -9999 -9999 -9999 -9999
4.7309E-2 5.12224E-2 4.56071E-2 3.60933E-2 2.92366E-2 2.52629E-2 2.65606E-2 2.49976E-2 1.95115E-2 1.80933E-2 1.46077E-2 1.36363E-2 1.09394E-2 1.00315E-2 6.43905E-3 2.53726E-3 2.62542E-3 2.8E-3 2.90393E-3 2.38245E-3 1.59631E-3 3.61475E-3 2.50409E-3 2.00924E-3 2.05481E-3 1.94068E-3 5.66665E-4 3.2728E-4 3.68725E-4 2.22699E-4 3.94703E-4 2.89424E-3 4.51728E-4 8.07901E-4 9.28177E-4 6.75824E-3 -9999 -9999 -9999 -9999 -9999 -9999 -9999 -9999 -9999 -9999 -9999 -9999 -9999 -9999 -9999 -9999 -9999 -9999 -9999 -9999 -9999 -9999 -9999 -9999 -9999 -9999 -9999 -9999 -9999 -9999 -9999 -9999 -9999 -9999
5.02013E-2 5.56008E-2 4.94385E-2 3.97521E-2 2.77913E-2 2.45053E-2 2.52911E-2 2.65235E-2 2.34428E-2 2.30232E-2 2.33863E-2 2.09676E-2 1.85788E-2 1.43438E-2 1.35545E-2 1.3853E-2 1.10922E-2 5.26509E-3 3.67231E-3 2.93915E-3 2.2567E-3 2.06266E-3 1.86817E-3 2.74993E-3 2.08736E-3 7.53983E-4 2.87392E-4 2.2355E-4 5.53764E-5 6.55957E-5 7.74208E-5 1.46549E-4 2.82285E-4 4.65547E-4 6.46657E-4 7.76246E-4 3.12047E-3 2.71348E-3 2.84811E-3 4.95428E-4 -9999 -9999 -9999 -9999 -9999 -9999 -9999 -9999 -9999 -9999 -9999 -9999 -9999 -9999 -9999 -9999 -9999 -9999 -9999 -9999 -9999 -9999 -9999 -9999 -9999 1.56571E-4 6.11136E-5 7.1562E-5 7.76096E-5 -9999
6.43416E-2 5.16309E-2 4.64422E-2 4.68617E-2 3.34042E-2 2.82785E-2 2.65296E-2 2.87106E-2 2.77018E-2 2.65306E-2 2.69376E-2 2.70954E-2 2.32929E-2 1.99128E-2 2.06972E-2 2.81383E-2 3.06361E-2 1.88834E-2 6.39559E-3 4.7867E-3 3.75043E-3 2.63705E-3 3.99663E-3 3.23291E-3 1.32006E-3 1.31015E-3 4.57079E-4 3.34435E-4 1.63621E-4 1.88716E-4 2.56307E-4 4.94509E-4 5.43721E-4 8.00954E-4 1.06385E-3 3.28764E-3 5.40326E-4 5.97721E-4 1.94435E-3 1.28254E-3 1.24678E-3 -9999 7.96812E-4 -9999 -9999 1.06334E-4 -9999 -9999 -9999 -9999 -9999 -9999 -9999 -9999 -9999 -9999 -9999 1.99138E-4 -9999 -9999 -9999 -9999 -9999 3.75893E-4 7.66417E-4 3.35696E-4 4.79869E-4 2.40109E-4 1.04867E-4 -9999
6.31268E-2 5.66248E-2 4.64298E-2 4.15716E-2 4.25311E-2 3.30604E-2 3.19585E-2 3.28745E-2 3.30021E-2 3.09198E-2 3.10727E-2 3.05748E-2 2.83464E-2 2.72348E-2 2.48518E-2 2.92828E-2 3.05779E-2 2.13691E-2 9.72934E-3 6.47346E-3 5.83889E-3 5.56058E-3 5.68682E-3 5.43132E-3 2.79199E-3 2.01818E-3 1.27144E-3 1.17113E-3 8.20155E-4 7.16167E-4 8.27158E-4 1.05454E-3 3.24668E-3 1.61024E-3 1.97296E-3 2.18806E-3 2.2014E-3 8.4578E-3 5.07169E-4 3.59861E-4 1.64846E-4 1.43756E-4 -9999 1.37392E-4 -9999 3.16898E-4 5.40467E-4 1.13284E-4 -9999 -9999 -9999 -9999 -9999 -9999 -9999 1.58495E-4 3.08686E-4 3.81063E-4 2.1974E-4 -9999 -9999 -9999 5.74663E-4 1.09259E-3 2.58706E-3 6.41825E-4 1.88736E-3 2.88712E-4 4.05957E-4 5.40203E-4
3.89235E-1 6.4853E-2 5.26578E-2 4.88532E-2 4.26612E-2 3.97813E-2 3.7672E-2 3.53648E-2 3.49209E-2 3.2735E-2 2.93438E-2 3.04574E-2 2.89813E-2 2.89479E-2 2.91887E-2 3.09358E-2 2.81501E-2 2.23538E-2 1.57114E-2 1.03742E-2 6.73911E-3 7.02396E-3 7.29216E-3 8.94228E-3 7.65616E-3 4.81014E-3 2.19753E-3 1.41097E-3 8.46185E-4 1.07009E-3 1.03259E-3 1.73324E-3 2.88208E-3 2.20216E-3 1.96245E-3 1.36791E-3 5.76347E-3 1.13078E-3 7.0804E-4 1.74934E-3 8.33191E-4 2.12491E-4 2.59818E-4 1.86837E-4 8.51549E-4 6.80873E-4 7.96617E-4 2.96256E-4 1.68077E-3 1.15928E-4 1.11706E-4 1.41126E-3 9.69444E-4 6.57414E-4 1.26992E-4 1.63435E-4 7.99167E-4 1.5862E-3 1.48859E-3 -9999 -9999 5.06204E-4 5.13855E-4 1.09113E-3 2.67742E-4 2.51161E-4 2.13858E-3 1.371E-3 2.54871E-3 1.92552E-3
3.14088E-1 3.8016E-1 6.71068E-2 5.69908E-2 4.98868E-2 4.36847E-2 3.7271E-2 4.05921E-2 3.62422E-2 2.66193E-2 2.99107E-2 3.19853E-2 3.23744E-2 3.20975E-2 3.23349E-2 3.40188E-2 2.89838E-2 2.42268E-2 1.75426E-2 1.39968E-2 1.18139E-2 1.11793E-2 1.18432E-2 7.24812E-3 1.26831E-2 8.90057E-3 6.71674E-3 4.73061E-3 3.64895E-3 2.95299E-3 2.70152E-3 3.4478E-3 4.42888E-3 4.77423E-3 3.93331E-3 6.66179E-3 5.83231E-4 6.54091E-4 4.44207E-4 2.25116E-3 2.56872E-3 3.89445E-4 6.81814E-4 1.43659E-4 1.34467E-4 1.21069E-4 1.36669E-4 1.06297E-4 1.14259E-4 2.13192E-4 1.31876E-4 1.4941E-4 4.73485E-4 1.61588E-4 2.79442E-4 6.80555E-4 2.17638E-4 2.04077E-4 1.14223E-3 -9999 6.28852E-4 1.43032E-3 3.77782E-3 1.51857E-3 2.08239E-4 1.51987E-4 2.55519E-4 2.13262E-3 2.9056E-4 2.46449E-3
2.94149E-1 2.75735E-1 2.69483E-1 3.44471E-1 5.72555E-2 5.01335E-2 3.90078E-2 3.50957E-2 4.08176E-2 3.20963E-2 3.30338E-2 3.60214E-2 3.61122E-2 2.98933E-2 2.88051E-2 2.9924E-2 3.13318E-2 2.31388E-2 2.04566E-2 1.83457E-2 1.64167E-2 1.52557E-2 1.56301E-2 1.57334E-2 1.46268E-2 1.15047E-2 1.08749E-2 9.81788E-3 6.99111E-3 5.78123E-3 5.20492E-3 5.33964E-3 5.9798E-3 6.19045E-3 4.67019E-3 3.37644E-3 2.9589E-3 3.59995E-3 2.8738E-3 2.38251E-3 3.14715E-3 3.90683E-3 1.0907E-2 3.26661E-3 1.92289E-4 1.98767E-4 1.32364E-3 1.50393E-4 1.28735E-3 2.45155E-3 2.17604E-4 4.6389E-4 2.98563E-4 2.50686E-4 1.72536E-4 1.80413E-4 1.98427E-4 1.80508E-4 1.17762E-3 -9999 3.53955E-3 1.51587E-3 2.34277E-4 2.18544E-4 2.17691E-4 1.41865E-4 2.21794E-4 1.76463E-3 1.96529E-4 2.02147E-4
3.03749E-1 3.00712E-1 2.77168E-1 2.73824E-1 3.57651E-1 3.49247E-1 4.96821E-2 4.12335E-2 3.70816E-2 3.76115E-2 4.12428E-2 3.64035E-2 3.46624E-2 3.34686E-2 3.18023E-2 2.82863E-2 2.49973E-2 2.52186E-2 2.43162E-2 2.38456E-2 2.13409E-2 1.89388E-2 1.8511E-2 1.86931E-2 1.59011E-2 1.29716E-2 1.4634E-2 1.60465E-2 1.34864E-2 1.05211E-2 1.05931E-2 1.05019E-2 1.26155E-2 1.62114E-2 1.19219E-2 5.8521E-3 4.7048E-3 4.41908E-3 4.12559E-3 5.53969E-3 8.2849E-3 9.05568E-3 1.66687E-2 1.3785E-2 3.82552E-3 4.28458E-3 2.098E-3 3.99119E-4 1.08671E-3 1.29216E-2 5.92161E-4 2.17522E-3 1.89869E-3 4.16011E-4 1.93209E-4 2.61791E-4 1.74039E-4 1.874E-4 1.53938E-4 1.44321E-4 1.45883E-4 1.91838E-4 1.77424E-4 1.57832E-4 1.6368E-4 1.13554E-4 6.47657E-5 1.37583E-4 1.62893E-4 1.12364E-4
3.08904E-1 2.92346E-1 2.66035E-1 2.61207E-1 3.7064E-1 3.73839E-1 6.00233E-2 4.88138E-2 4.19863E-2 4.21051E-2 4.56023E-2 4.66881E-2 4.12718E-2 3.94468E-2 3.51054E-2 3.15561E-2 2.78475E-2 2.43821E-2 3.03401E-2 3.20449E-2 2.76887E-2 2.34415E-2 2.27163E-2 2.2476E-2 2.18462E-2 1.78124E-2 2.02652E-2 2.23665E-2 2.07651E-2 1.70876E-2 1.68781E-2 1.77263E-2 1.655E-2 2.09276E-2 2.2274E-2 1.88656E-2 1.09131E-2 8.96764E-3 7.61581E-3 7.21293E-3 8.19454E-3 1.07955E-2 1.21449E-2 1.82008E-2 2.54421E-2 4.76686E-3 7.73E-3 1.39032E-3 6.83627E-3 1.18042E-2 7.13207E-3 6.24921E-3 1.46027E-3 2.82142E-4 1.87094E-4 2.24193E-4 2.00502E-4 1.57526E-4 1.09686E-4 9.24488E-5 8.90174E-5 8.78613E-5 9.83077E-5 1.28017E-4 1.22639E-4 7.73615E-5 3.94178E-5 8.28049E-5 7.29155E-5 7.34822E-5
2.8503E-1 2.7626E-1 2.61729E-1 2.66342E-1 2.85446E-1 3.73313E-1 3.46504E-1 5.38789E-2 5.10086E-2 5.23373E-2 5.20199E-2 5.10068E-2 4.78532E-2 4.60804E-2 3.98794E-2 3.48004E-2 3.0898E-2 2.84233E-2 2.83274E-2 3.71643E-2 3.1019E-2 2.77838E-2 3.10638E-2 3.19105E-2 3.15601E-2 2.49427E-2 2.54181E-2 3.05425E-2 2.82561E-2 2.45712E-2 2.2974E-2 2.26085E-2 2.28359E-2 2.24648E-2 2.45984E-2 2.38063E-2 1.62914E-2 1.42973E-2 1.34628E-2 1.28154E-2 1.13742E-2 1.15071E-2 1.165E-2 1.46916E-2 1.93485E-2 9.63346E-3 9.71112E-3 8.26692E-3 9.39326E-3 1.20583E-2 9.31698E-3 4.08515E-3 2.30865E-3 1.21186E-3 2.47492E-4 1.30589E-4 1.77164E-4 1.18894E-4 7.65667E-5 6.32808E-5 5.31562E-5 4.06724E-5 2.99229E-5 4.8363E-5 5.33485E-5 2.99123E-5 2.94375E-5 4.25134E-5 1.35464E-4 1.57944E-4
2.72895E-1 2.91894E-1 2.55081E-1 2.49942E-1 2.9084E-1 3.76098E-1 3.58253E-1 6.10695E-2 6.07887E-2 3.46579E-1 5.85388E-2 5.4654E-2 5.36882E-2 4.91208E-2 4.26387E-2 3.82289E-2 3.4415E-2 3.14867E-2 3.34165E-2 3.50859E-2 3.24713E-2 3.07464E-2 3.16711E-2 3.77252E-2 3.93253E-2 3.80501E-2 3.66272E-2 3.10189E-2 3.00362E-2 2.94998E-2 2.69025E-2 2.8259E-2 2.64166E-2 2.4991E-2 2.61989E-2 2.32121E-2 2.01407E-2 1.94474E-2 1.85482E-2 2.10426E-2 1.86152E-2 1.63266E-2 1.40356E-2 1.4808E-2 1.35644E-2 1.34201E-2 1.01843E-2 6.24087E-3 3.37038E-3 3.82639E-3 4.64312E-3 2.55408E-3 1.56064E-3 1.1859E-3 8.6108E-4 5.71325E-4 1.5805E-4 1.04563E-4 9.94781E-5 9.37124E-5 8.06199E-5 4.63123E-5 2.312E-5 1.86107E-5 2.00668E-5 2.79807E-5 4.06904E-5 1.95124E-4 1.09417E-4 1.35136E-4
2.98394E-1 2.64134E-1 2.67864E-1 2.62034E-1 2.79781E-1 3.99805E-1 3.88831E-1 3.81197E-1 3.55239E-1 3.4668E-1 3.28808E-1 5.59001E-2 5.51462E-2 5.08553E-2 4.48276E-2 4.36815E-2 4.0893E-2 4.07761E-2 3.6108E-2 3.69418E-2 4.30488E-2 4.43393E-2 4.98304E-2 4.95696E-2 4.76834E-2 4.84357E-2 4.32768E-2 3.64413E-2 3.49145E-2 3.22139E-2 3.07937E-2 3.75102E-2 3.44682E-2 3.08165E-2 3.00489E-2 2.86599E-2 2.29765E-2 1.71871E-2 1.5716E-2 1.96947E-2 2.28287E-2 1.14892E-2 1.18316E-2 2.04121E-2 1.39989E-2 1.40982E-2 1.10836E-2 7.17823E-3 5.33911E-3 4.10017E-3 3.18868E-3 1.59244E-3 1.21915E-3 1.3565E-3 1.60388E-3 1.23381E-3 3.926E-4 1.76712E-4 1.49966E-4 1.71418E-4 2.08079E-4 1.70088E-4 7.20881E-5 4.57166E-5 4.79032E-5 7.12261E-5 1.04998E-4 1.45048E-4 2.2767E-4 2.74531E-4
3.10786E-1 2.73716E-1 2.67901E-1 2.68548E-1 2.62985E-1 3.21066E-1 4.07398E-1 4.06045E-1 3.65413E-1 3.52632E-1 3.3385E-1 3.33506E-1 5.76893E-2 5.30339E-2 5.02268E-2 4.87373E-2 5.49489E-2 4.88226E-2 4.90522E-2 4.60955E-2 4.79967E-2 5.13231E-2 5.48546E-2 5.14714E-2 5.70828E-2 5.33689E-2 4.85984E-2 4.12439E-2 4.12753E-2 4.03297E-2 4.03918E-2 3.79057E-2 4.01984E-2 3.36042E-2 3.4115E-2 3.54086E-2 2.90616E-2 1.94182E-2 1.45616E-2 2.14047E-2 2.8759E-2 2.84465E-2 1.48049E-2 1.56878E-2 2.63817E-2 2.12912E-2 1.42517E-2 1.02285E-2 7.98139E-3 5.81901E-3 4.234E-3 2.34129E-3 1.57376E-3 1.5708E-3 1.56941E-3 1.26246E-3 7.05542E-4 3.67428E-4 2.6952E-4 3.20649E-4 3.3274E-4 3.09416E-4 1.74472E-4 1.12898E-4 1.1467E-4 1.35721E-4 2.0509E-4 2.47862E-4 3.27122E-4 4.73303E-4
3.07273E-1 2.816E-1 2.51669E-1 2.54346E-1 2.82164E-1 3.11623E-1 3.96635E-1 3.89092E-1 6.00063E-2 5.87077E-2 5.81144E-2 5.97669E-2 5.86255E-2 5.67984E-2 5.49047E-2 6.11408E-2 5.77179E-2 5.42353E-2 5.70026E-2 4.86646E-2 4.03658E-2 5.10088E-2 4.89555E-2 5.03337E-2 5.25423E-2 5.17254E-2 4.51996E-2 4.34888E-2 4.90206E-2 5.2115E-2 4.70568E-2 4.09101E-2 3.51622E-2 2.99188E-2 3.11647E-2 3.50065E-2 3.67821E-2 3.78808E-2 2.77415E-2 2.65954E-2 2.92597E-2 3.11182E-2 3.00246E-2 3.25735E-2 3.18014E-2 2.66234E-2 1.97736E-2 1.54843E-2 1.14739E-2 9.54995E-3 6.60226E-3 3.99121E-3 2.23227E-3 1.85754E-3 1.71799E-3 1.62062E-3 1.15782E-3 7.98195E-4 6.17106E-4 5.48904E-4 4.56194E-4 3.40605E-4 2.65205E-4 2.22867E-4 2.35484E-4 3.14443E-4 3.73075E-4 4.21738E-4 5.01481E-4 6.52232E-4
2.90251E-1 4.47071E-2 4.38097E-2 2.77567E-1 2.91656E-1 2.93244E-1 2.99977E-1 6.91679E-2 5.84935E-2 5.62576E-2 5.63279E-2 6.09799E-2 6.07514E-2 6.66755E-2 6.7359E-2 7.21146E-2 6.01074E-2 5.63902E-2 5.8209E-2 4.61271E-2 4.52462E-2 4.90859E-2 5.47803E-2 4.37771E-2 5.29337E-2 5.29633E-2 4.16986E-2 4.42504E-2 5.19578E-2 7.08937E-2 3.36011E-1 4.4564E-2 3.86111E-2 3.72474E-2 3.83036E-2 3.76647E-2 4.16891E-2 4.5122E-2 3.60336E-2 2.75083E-2 2.57187E-2 3.18974E-2 3.97229E-2 3.84991E-2 3.30488E-2 2.86118E-2 2.38496E-2 2.00224E-2 1.59793E-2 1.28493E-2 1.0741E-2 6.01863E-3 3.90388E-3 1.51494E-3 2.46669E-3 2.2325E-3 1.98504E-3 1.63824E-3 1.37391E-3 1.09972E-3 8.37835E-4 6.28993E-4 4.89714E-4 4.38472E-4 5.11142E-4 6.10384E-4 6.87425E-4 6.92138E-4 5.89934E-4 4.76352E-4
4.45417E-2 4.20126E-2 4.38435E-2 2.75979E-1 3.01937E-1 2.9313E-1 2.65649E-1 2.7386E-1 6.70724E-2 6.22778E-2 6.87524E-2 6.99922E-2 7.80673E-2 7.87161E-2 7.87485E-2 7.59936E-2 6.77782E-2 5.53176E-2 5.46535E-2 5.4062E-2 5.31256E-2 5.58851E-2 5.45022E-2 5.33167E-2 5.83796E-2 5.12712E-2 4.33358E-2 4.27926E-2 5.48721E-2 3.62938E-1 3.58803E-1 4.97015E-2 4.38699E-2 4.41704E-2 4.36126E-2 4.15819E-2 4.29141E-2 4.24834E-2 4.03757E-2 3.80029E-2 3.33498E-2 2.97318E-2 3.45265E-2 3.67007E-2 3.26058E-2 3.21013E-2 2.72242E-2 2.4391E-2 2.0404E-2 1.55199E-2 1.19355E-2 9.09983E-3 3.6417E-3 2.74088E-3 2.32665E-3 3.7384E-3 3.31517E-3 2.89526E-3 2.78788E-3 2.13662E-3 1.57588E-3 1.2099E-3 9.70095E-4 8.59772E-4 8.91604E-4 9.20659E-4 9.15433E-4 7.19423E-4 4.45392E-4 4.46353E-4
4.42701E-2 3.94344E-2 4.17574E-2 2.95466E-1 2.20793E-1 2.25168E-1 3.33415E-1 3.44565E-1 3.47669E-1 4.26907E-1 4.35286E-1 4.09218E-1 7.38987E-2 7.37448E-2 3.76964E-1 7.44431E-2 6.96433E-2 6.44412E-2 6.40856E-2 5.79481E-2 5.98819E-2 5.91127E-2 5.67764E-2 6.22152E-2 6.65676E-2 5.73085E-2 4.53686E-2 4.89196E-2 5.89506E-2 7.09855E-2 7.11666E-2 5.9317E-2 5.08594E-2 5.12562E-2 4.89013E-2 4.90647E-2 5.09028E-2 5.20731E-2 4.60464E-2 4.57476E-2 4.14091E-2 2.90834E-2 3.12637E-2 4.04688E-2 3.49669E-2 2.87572E-2 2.4925E-2 2.65538E-2 2.14598E-2 1.71203E-2 1.43865E-2 1.3125E-2 6.14714E-3 4.76078E-3 3.90565E-3 3.40258E-3 5.63841E-3 5.39154E-3 4.8011E-3 3.70138E-3 2.95736E-3 2.32743E-3 1.64958E-3 1.35105E-3 1.1158E-3 1.00139E-3 5.90542E-4 2.76691E-4 1.71261E-4 2.9842E-4
2.68161E-1 4.27317E-2 4.49615E-2 3.02881E-1 2.20065E-1 2.37014E-1 2.38845E-1 3.39681E-1 3.43072E-1 4.4667E-1 4.46025E-1 4.32755E-1 4.30515E-1 4.06868E-1 3.99902E-1 7.82871E-2 8.05101E-2 7.55991E-2 6.63069E-2 6.30718E-2 6.32945E-2 6.40821E-2 5.76314E-2 5.49354E-2 5.9361E-2 6.31022E-2 5.37317E-2 5.58546E-2 6.47808E-2 7.42683E-2 7.5145E-2 5.94837E-2 5.87805E-2 5.81514E-2 5.94018E-2 5.84369E-2 5.68975E-2 6.12899E-2 3.40933E-1 5.46921E-2 4.7977E-2 3.45786E-2 3.56923E-2 3.91167E-2 3.59332E-2 3.1593E-2 2.70964E-2 2.31729E-2 2.36946E-2 2.06887E-2 1.86932E-2 9.70149E-3 8.79219E-3 6.90824E-3 5.7333E-3 4.96507E-3 8.51623E-3 7.11279E-3 5.88013E-3 5.21041E-3 4.11291E-3 3.2822E-3 2.64729E-3 1.92374E-3 1.57598E-3 1.05768E-3 4.31385E-4 5.28026E-5 3.29624E-5 8.44915E-5
3.12726E-1 2.94082E-1 2.97224E-1 1.93493E-1 2.07814E-1 2.27826E-1 2.09335E-1 3.02513E-1 4.78324E-2 3.36001E-1 3.58514E-1 3.40335E-1 4.38366E-1 4.19813E-1 4.39546E-1 8.15421E-2 8.05974E-2 6.76747E-2 6.43706E-2 6.66654E-2 6.69983E-2 6.49119E-2 6.17469E-2 6.41934E-2 6.23937E-2 6.96413E-2 6.57333E-2 6.95758E-2 7.19581E-2 7.82374E-2 3.88673E-1 6.50319E-2 5.47978E-2 5.35147E-2 6.19469E-2 6.23889E-2 6.29993E-2 3.51231E-1 3.69469E-1 3.37298E-1 4.69092E-2 4.60919E-2 4.87675E-2 4.34136E-2 3.85602E-2 3.16209E-2 2.67152E-2 2.57979E-2 2.13894E-2 2.16482E-2 1.91641E-2 1.98683E-2 1.05676E-2 8.97028E-3 7.1287E-3 6.16433E-3 6.23208E-3 9.09931E-3 6.96976E-3 6.14301E-3 5.23904E-3 4.36138E-3 3.56862E-3 2.57431E-3 2.03902E-3 1.14498E-3 6.41445E-4 1.92322E-4 3.75379E-5 4.09056E-5
2.71035E-1 2.59736E-1 4.28057E-2 2.72022E-1 2.79127E-1 1.83804E-1 2.8872E-1 4.36766E-2 4.23795E-2 3.35723E-1 3.36652E-1 5.04467E-2 5.38042E-2 7.93167E-2 8.1678E-2 7.90717E-2 7.66465E-2 3.74425E-1 7.04449E-2 6.93536E-2 6.9101E-2 6.53106E-2 6.41974E-2 7.4703E-2 6.82397E-2 8.27338E-2 7.51023E-2 6.60995E-2 7.49491E-2 7.78068E-2 7.38449E-2 7.03803E-2 5.77486E-2 5.61536E-2 6.51188E-2 6.82401E-2 3.67555E-1 3.43472E-1 3.41966E-1 5.57908E-2 4.85608E-2 5.18601E-2 3.40114E-1 5.00046E-2 3.66657E-2 2.9232E-2 2.67233E-2 3.03403E-2 2.56747E-2 2.34664E-2 1.77553E-2 1.92284E-2 1.12416E-2 1.02387E-2 8.22237E-3 6.96919E-3 1.00493E-2 8.07248E-3 6.21729E-3 5.2671E-3 5.24565E-3 5.01303E-3 3.80299E-3 3.09317E-3 2.18281E-3 1.88921E-3 1.14423E-3 7.58771E-4 5.57118E-4 4.20739E-4
3.49919E-2 3.20717E-2 3.20762E-2 3.273E-2 3.56392E-2 2.40966E-1 3.75063E-2 3.64339E-2 4.17277E-2 4.42974E-2 5.0955E-2 4.86951E-2 7.9705E-2 7.71176E-2 6.74214E-2 6.49606E-2 7.16615E-2 4.07745E-1 3.9819E-1 6.97705E-2 6.59405E-2 6.22837E-2 6.72817E-2 6.42023E-2 6.92727E-2 8.04424E-2 8.3918E-2 6.74779E-2 7.10923E-2 7.84028E-2 7.72808E-2 7.62634E-2 6.54564E-2 6.81986E-2 6.22859E-2 6.93903E-2 6.76088E-2 3.52509E-1 3.60112E-1 5.59054E-2 5.06255E-2 5.17668E-2 5.2997E-2 3.98143E-2 3.3192E-2 1.98618E-2 3.17656E-2 3.37855E-2 2.94533E-2 2.2489E-2 1.13244E-2 1.04141E-2 1.12913E-2 9.01558E-3 1.41427E-2 1.22292E-2 1.08412E-2 8.91533E-3 7.85527E-3 6.75521E-3 6.62505E-3 6.34562E-3 5.38597E-3 4.47102E-3 3.23139E-3 2.31129E-3 1.73841E-3 1.27069E-3 9.79961E-4 8.91971E-4
3.62021E-2 3.19761E-2 2.76411E-2 3.16481E-2 2.89916E-2 3.36213E-2 3.10473E-2 3.03772E-2 2.93306E-2 3.93116E-2 6.47616E-2 6.60599E-2 7.12465E-2 6.23051E-2 5.71076E-2 5.29574E-2 5.40485E-2 3.86064E-1 3.86617E-1 3.71063E-1 6.13207E-2 5.41669E-2 5.64922E-2 5.54549E-2 6.09694E-2 3.51865E-1 4.07946E-1 3.79817E-1 6.43342E-2 6.28671E-2 6.75132E-2 7.86543E-2 7.36734E-2 7.90503E-2 6.88554E-2 7.0169E-2 6.79497E-2 6.41383E-2 6.35166E-2 5.37998E-2 5.37569E-2 5.22682E-2 4.50982E-2 4.24329E-2 3.85801E-2 2.1792E-2 3.72849E-2 3.84298E-2 3.3377E-2 2.65564E-2 1.056E-2 1.00679E-2 8.60801E-3 1.63713E-2 1.55146E-2 1.36788E-2 1.32707E-2 1.15636E-2 9.94577E-3 9.84929E-3 8.4122E-3 8.62312E-3 7.44903E-3 5.64986E-3 4.25129E-3 3.39651E-3 2.32873E-3 1.76728E-3 1.3038E-3 9.50909E-4
5.06323E-2 3.37477E-2 2.66952E-2 3.06181E-2 2.99564E-2 3.28459E-2 2.59083E-2 2.61227E-2 4.23298E-2 4.90002E-2 4.07041E-2 4.06431E-2 4.10668E-2 5.12106E-2 5.68961E-2 4.92107E-2 5.34061E-2 5.64552E-2 5.47531E-2 6.69652E-2 6.50464E-2 6.95792E-2 6.52117E-2 6.31784E-2 6.71542E-2 3.6441E-1 3.76831E-1 3.17517E-1 5.17727E-2 5.32667E-2 6.87468E-2 7.02312E-2 7.87078E-2 7.49416E-2 7.4265E-2 7.16343E-2 6.82304E-2 6.2897E-2 5.54081E-2 5.35041E-2 4.95715E-2 4.43943E-2 3.9117E-2 4.02443E-2 3.43885E-2 3.4348E-2 3.6946E-2 3.58053E-2 3.10051E-2 2.33112E-2 1.58588E-2 8.41459E-3 9.3549E-3 1.68701E-2 1.59235E-2 1.6569E-2 1.45312E-2 1.31688E-2 1.17877E-2 1.05262E-2 9.80072E-3 9.10526E-3 8.60915E-3 6.51222E-3 5.0283E-3 4.10167E-3 2.82334E-3 2.24089E-3 1.71643E-3 1.22254E-3
5.28575E-2 4.86377E-2 4.60139E-2 4.39297E-2 3.14694E-2 3.05904E-2 2.7911E-2 2.87655E-2 2.51906E-2 4.08911E-2 3.48215E-2 4.15949E-2 3.59693E-2 4.36507E-2 4.86577E-2 5.01649E-2 4.59085E-2 5.54585E-2 6.31497E-2 7.32655E-2 7.28852E-2 6.81475E-2 5.662E-2 5.49303E-2 6.19367E-2 5.77923E-2 4.93149E-2 4.48105E-2 4.61139E-2 5.67486E-2 5.75628E-2 4.90458E-2 5.22873E-2 5.78716E-2 7.37281E-2 7.54877E-2 6.99178E-2 5.86226E-2 5.24146E-2 4.26644E-2 3.96062E-2 4.29182E-2 3.24487E-2 2.91814E-2 2.54763E-2 2.61558E-2 2.81162E-2 2.81438E-2 2.36586E-2 1.9329E-2 1.16051E-2 1.05008E-2 1.51807E-2 1.6737E-2 1.78221E-2 1.72311E-2 1.56218E-2 1.42461E-2 1.28806E-2 1.10824E-2 1.04356E-2 8.93868E-3 8.62407E-3 6.62492E-3 5.56455E-3 4.54432E-3 3.53428E-3 2.92178E-3 2.11283E-3 1.73878E-3
4.42458E-2 4.62688E-2 3.47903E-2 3.55767E-2 3.81608E-2 4.22541E-2 2.83303E-2 3.05516E-2 3.12589E-2 4.69138E-2 4.24526E-2 4.25437E-2 3.8592E-2 4.50438E-2 4.29972E-2 4.81736E-2 4.02988E-2 4.92837E-2 6.5167E-2 6.04885E-2 7.21102E-2 6.83347E-2 6.83792E-2 6.16508E-2 6.31056E-2 5.58885E-2 4.96699E-2 4.8798E-2 5.2054E-2 5.62992E-2 4.73005E-2 4.28248E-2 4.27113E-2 5.34173E-2 5.69265E-2 5.33896E-2 5.72455E-2 4.87848E-2 4.80879E-2 4.31041E-2 3.88539E-2 3.70007E-2 3.36538E-2 2.98927E-2 2.34985E-2 2.39686E-2 2.6384E-2 2.21381E-2 2.21723E-2 1.52707E-2 1.0597E-2 9.80639E-3 1.39299E-2 1.61162E-2 1.62823E-2 1.66599E-2 1.66804E-2 1.48254E-2 1.32651E-2 1.10524E-2 9.37621E-3 9.168E-3 8.02717E-3 6.82962E-3 5.67934E-3 4.7786E-3 3.90834E-3 3.21362E-3 2.70418E-3 2.19432E-3
