KUENM_DEFAULT/Final_Models/M_1_F_lqpth_Set_1_NE/sp1_9.asc
ncols         197
nrows         210
xllcorner     56.1666666666667
yllcorner     4.5
cellsize      0.166666666666667
NODATA_value  -9999
[rows 84 to 111 of 210, columns 130 to 194 of 197]
3.97117E-1 4.12837E-1 3.74995E-1 3.46866E-1 3.60343E-1 4.23892E-1 4.24232E-1 4.5651E-1 4.06801E-1 3.92161E-1 3.50197E-1 3.95407E-1 4.64387E-1 4.25896E-1 4.10511E-1 3.52656E-1 4.34094E-1 4.76138E-1 4.54526E-1 4.49284E-1 4.3232E-1 4.46006E-1 4.08212E-1 3.88587E-1 3.43859E-1 3.41798E-1 3.54779E-1 3.49515E-1 3.37259E-1 1.21255E-1 1.18452E-1 1.10984E-1 1.20975E-1 1.18112E-1 1.26604E-1 3.37692E-1 3.74107E-1 3.80182E-1 3.22854E-1 2.79295E-1 1.00779E-1 3.07593E-1 3.19447E-1 3.26267E-1 3.37731E-1 3.72033E-1 3.2615E-1 2.48461E-1 8.77647E-2 2.66689E-1 8.23278E-2 6.78562E-2 4.95428E-2 3.80138E-2 3.65326E-2 3.03074E-2 2.36449E-2 1.98467E-2 2.01589E-2 1.37274E-2 9.79876E-3 6.4412E-3 5.12716E-3 5.03091E-3 4.45798E-3
3.6033E-1 3.67982E-1 3.49627E-1 3.59074E-1 3.86869E-1 4.2296E-1 4.10033E-1 3.88813E-1 3.60926E-1 3.55965E-1 3.69562E-1 3.91391E-1 3.83921E-1 4.00694E-1 3.42909E-1 1.26145E-1 4.4221E-1 4.56096E-1 3.6256E-1 3.90193E-1 3.97448E-1 4.03286E-1 3.93213E-1 3.90445E-1 3.79407E-1 3.69802E-1 3.62163E-1 3.53981E-1 3.31672E-1 3.27926E-1 3.60986E-1 1.26886E-1 3.75502E-1 3.60706E-1 3.25791E-1 3.45273E-1 3.61798E-1 3.66901E-1 3.48408E-1 2.90852E-1 1.04775E-1 3.18619E-1 3.42851E-1 3.49284E-1 3.33617E-1 3.37767E-1 2.96773E-1 8.98867E-2 2.70301E-1 3.39513E-1 2.65689E-1 6.38937E-2 4.29356E-2 3.42674E-2 4.45517E-2 3.93456E-2 2.65715E-2 1.7326E-2 2.00571E-2 1.52453E-2 1.19569E-2 7.87896E-3 5.95087E-3 6.66396E-3 4.8187E-3
3.15577E-1 3.26483E-1 3.37942E-1 3.36216E-1 3.46029E-1 3.47812E-1 3.36906E-1 3.1105E-1 1.04768E-1 9.9073E-2 1.06893E-1 3.17004E-1 3.4849E-1 3.06954E-1 1.00706E-1 1.22176E-1 3.77451E-1 3.98265E-1 3.69624E-1 4.02819E-1 3.92381E-1 3.47009E-1 3.36936E-1 3.77917E-1 4.36266E-1 4.22536E-1 3.72787E-1 3.47507E-1 3.19347E-1 1.24372E-1 1.12349E-1 1.29883E-1 3.88729E-1 4.02727E-1 3.32323E-1 3.47471E-1 3.64896E-1 3.52651E-1 3.45762E-1 1.18264E-1 3.18651E-1 3.16568E-1 3.40922E-1 3.3231E-1 3.39678E-1 3.62389E-1 2.89799E-1 9.35467E-2 2.63514E-1 2.74197E-1 7.56113E-2 5.90228E-2 4.58164E-2 4.67292E-2 5.38787E-2 4.8463E-2 3.34435E-2 1.81578E-2 1.58196E-2 1.4865E-2 1.30052E-2 1.19873E-2 8.83303E-3 7.27045E-3 5.37866E-3
2.90412E-1 2.96456E-1 1.09039E-1 1.07711E-1 1.12168E-1 1.15025E-1 1.1555E-1 1.21499E-1 9.86988E-2 8.36396E-2 8.03984E-2 9.58295E-2 2.99852E-1 8.82375E-2 7.62883E-2 9.10027E-2 1.02748E-1 1.16477E-1 1.19723E-1 3.31075E-1 1.29472E-1 1.13006E-1 1.08118E-1 3.08848E-1 3.99574E-1 4.04564E-1 3.76552E-1 3.35749E-1 3.0044E-1 1.14834E-1 1.12441E-1 3.35922E-1 3.8888E-1 4.85659E-1 4.02894E-1 3.18502E-1 1.12942E-1 1.14763E-1 1.2758E-1 1.26867E-1 3.54807E-1 3.24093E-1 1.19392E-1 1.14301E-1 3.08831E-1 3.14485E-1 2.74788E-1 2.76369E-1 2.74345E-1 8.5901E-2 7.28354E-2 6.56856E-2 5.76144E-2 6.8287E-2 6.98457E-2 5.83864E-2 4.19137E-2 1.61821E-2 1.34698E-2 1.21394E-2 1.48717E-2 1.32878E-2 1.04944E-2 8.91738E-3 7.24717E-3
3.18471E-1 1.13706E-1 9.63397E-2 8.639E-2 8.27733E-2 9.08359E-2 1.01275E-1 1.04279E-1 1.01121E-1 8.4223E-2 7.93178E-2 9.09611E-2 9.9045E-2 7.5902E-2 5.95685E-2 6.78968E-2 8.44014E-2 1.02545E-1 1.18612E-1 1.191E-1 9.84334E-2 8.74271E-2 8.12218E-2 9.52342E-2 2.86278E-1 3.07364E-1 3.26387E-1 3.51593E-1 3.18342E-1 2.99392E-1 2.94861E-1 3.20545E-1 3.54108E-1 3.92573E-1 3.28245E-1 2.60235E-1 8.8466E-2 1.08123E-1 1.0793E-1 1.31565E-1 1.34428E-1 3.38472E-1 1.15567E-1 1.07236E-1 1.07446E-1 9.64099E-2 9.78354E-2 2.80447E-1 2.55035E-1 7.59178E-2 6.86006E-2 5.90829E-2 6.29183E-2 7.15889E-2 6.59248E-2 5.30318E-2 3.42274E-2 1.42508E-2 9.68133E-3 1.27475E-2 1.47666E-2 1.31893E-2 1.26118E-2 1.02972E-2 8.57164E-3
3.37874E-1 1.11672E-1 8.84888E-2 7.83906E-2 6.58491E-2 7.1844E-2 8.49174E-2 1.05E-1 9.49235E-2 7.10575E-2 6.79904E-2 7.41632E-2 7.27573E-2 6.47549E-2 6.54274E-2 6.37638E-2 1.00477E-1 1.06642E-1 1.10291E-1 9.50923E-2 7.61413E-2 7.02342E-2 7.60107E-2 7.65952E-2 9.77414E-2 2.99897E-1 3.40757E-1 3.38417E-1 3.16836E-1 1.16834E-1 1.11714E-1 2.89356E-1 3.1003E-1 2.7937E-1 8.95924E-2 7.95808E-2 1.04239E-1 9.52922E-2 7.17357E-2 8.2559E-2 1.01568E-1 3.41406E-1 1.29934E-1 1.15953E-1 1.02018E-1 9.30694E-2 8.27854E-2 2.32708E-1 2.43343E-1 6.17949E-2 5.00917E-2 4.06922E-2 4.29443E-2 4.73776E-2 4.61391E-2 3.51609E-2 1.85362E-2 8.01497E-3 8.01717E-3 1.23123E-2 1.37018E-2 1.36785E-2 1.32912E-2 1.14548E-2 9.62646E-3
3.37537E-1 1.20794E-1 9.20432E-2 6.52137E-2 6.09957E-2 6.33933E-2 7.34991E-2 7.82383E-2 6.52816E-2 4.78616E-2 5.11595E-2 5.78978E-2 7.84037E-2 8.06158E-2 7.84111E-2 7.5864E-2 8.69382E-2 1.04938E-1 9.77973E-2 8.24694E-2 6.04188E-2 5.90392E-2 6.89862E-2 7.27941E-2 9.21505E-2 1.11025E-1 3.31978E-1 3.30963E-1 3.14988E-1 1.16691E-1 1.19093E-1 1.2029E-1 1.09563E-1 9.91393E-2 9.73267E-2 9.96247E-2 1.03712E-1 8.21913E-2 6.63355E-2 6.80477E-2 8.88047E-2 9.8903E-2 9.2383E-2 9.95544E-2 9.07741E-2 7.52677E-2 6.92308E-2 6.39768E-2 5.92913E-2 5.03833E-2 4.08886E-2 3.53147E-2 3.4479E-2 3.68715E-2 3.20951E-2 2.95589E-2 1.57062E-2 8.36447E-3 7.26692E-3 1.10328E-2 1.23697E-2 1.25702E-2 1.30691E-2 1.21571E-2 1.00935E-2
3.52189E-1 1.05247E-1 8.30934E-2 6.55532E-2 5.3664E-2 5.15804E-2 5.54032E-2 4.70432E-2 3.24391E-2 3.25078E-2 5.99992E-2 7.4397E-2 8.04318E-2 8.00927E-2 7.94315E-2 7.76677E-2 7.80969E-2 9.88023E-2 8.91142E-2 7.49879E-2 6.3114E-2 6.60385E-2 6.92689E-2 6.91631E-2 7.96801E-2 9.30576E-2 1.19633E-1 1.12411E-1 1.10913E-1 1.04184E-1 1.0339E-1 1.02378E-1 9.23644E-2 8.33933E-2 7.7021E-2 8.87174E-2 8.86811E-2 6.57738E-2 5.40583E-2 5.88558E-2 6.37832E-2 6.35618E-2 5.12649E-2 6.11399E-2 6.60082E-2 5.78058E-2 5.96493E-2 5.9418E-2 5.85605E-2 4.92118E-2 4.15689E-2 3.55677E-2 3.39552E-2 3.37834E-2 2.9208E-2 2.70647E-2 1.97507E-2 1.23374E-2 1.10015E-2 1.3936E-2 1.30869E-2 1.37495E-2 1.3751E-2 1.2993E-2 9.83518E-3
1.23907E-1 1.00458E-1 7.11872E-2 5.68315E-2 4.81034E-2 4.91805E-2 4.59874E-2 4.4723E-2 4.34716E-2 5.38065E-2 6.74003E-2 8.16271E-2 6.42538E-2 6.45486E-2 7.20318E-2 7.60334E-2 7.96297E-2 7.71593E-2 7.64796E-2 7.23825E-2 7.00444E-2 7.31103E-2 7.1036E-2 6.75556E-2 7.75817E-2 8.72618E-2 9.95026E-2 9.59243E-2 1.02719E-1 1.01531E-1 9.5198E-2 8.02062E-2 8.3543E-2 6.81009E-2 6.50547E-2 6.71043E-2 7.96418E-2 8.257E-2 7.87747E-2 7.45287E-2 6.45209E-2 4.85766E-2 4.318E-2 4.55859E-2 4.31705E-2 3.94344E-2 3.93713E-2 4.13152E-2 4.86242E-2 3.96872E-2 3.86694E-2 3.8571E-2 3.58494E-2 3.55479E-2 3.09302E-2 2.73003E-2 2.37483E-2 1.95634E-2 1.6499E-2 1.5199E-2 1.27377E-2 1.31232E-2 1.42666E-2 1.38785E-2 1.03016E-2
8.41726E-2 7.01198E-2 5.59694E-2 4.61271E-2 4.37552E-2 4.26446E-2 5.01679E-2 6.18005E-2 6.9081E-2 6.26544E-2 7.49878E-2 7.88003E-2 6.18209E-2 6.34932E-2 6.11021E-2 6.77515E-2 7.43166E-2 7.06039E-2 6.70843E-2 6.78381E-2 6.97769E-2 7.33496E-2 7.01723E-2 6.61559E-2 7.35374E-2 7.39227E-2 8.22315E-2 7.36822E-2 8.56394E-2 8.0477E-2 6.83946E-2 6.67662E-2 5.93108E-2 5.27139E-2 5.13999E-2 5.08218E-2 6.08267E-2 7.89409E-2 7.72667E-2 6.10846E-2 5.5331E-2 4.1694E-2 4.53461E-2 4.32394E-2 3.84566E-2 3.37117E-2 3.44381E-2 3.77652E-2 4.27152E-2 3.397E-2 3.18507E-2 3.70473E-2 3.74056E-2 3.54043E-2 3.00697E-2 2.54358E-2 2.56997E-2 2.40124E-2 2.09968E-2 1.855E-2 1.56252E-2 1.35606E-2 1.52903E-2 1.378E-2 1.08798E-2
6.53002E-2 5.54872E-2 4.5527E-2 3.84111E-2 3.75909E-2 3.76476E-2 4.84904E-2 6.31634E-2 6.85802E-2 5.70497E-2 8.01794E-2 6.82878E-2 5.96787E-2 5.55726E-2 5.97617E-2 5.92612E-2 6.31347E-2 6.08183E-2 5.53172E-2 6.28006E-2 7.51281E-2 7.29718E-2 7.0755E-2 6.29706E-2 6.08602E-2 6.16351E-2 6.26673E-2 3.26753E-2 5.79015E-2 5.90956E-2 5.86952E-2 5.35252E-2 4.41105E-2 4.35081E-2 4.3167E-2 4.11608E-2 4.69072E-2 5.21188E-2 4.614E-2 4.74095E-2 4.88742E-2 3.95114E-2 4.14461E-2 3.88871E-2 3.69649E-2 3.82973E-2 4.05565E-2 3.63471E-2 3.9399E-2 4.03498E-2 5.32235E-2 4.55953E-2 4.03546E-2 3.87923E-2 2.69451E-2 2.30397E-2 2.55941E-2 2.50977E-2 2.65114E-2 2.51947E-2 2.07097E-2 1.86775E-2 1.62459E-2 1.41735E-2 1.25347E-2
5.46413E-2 4.46718E-2 3.76691E-2 3.31651E-2 3.09109E-2 3.45128E-2 4.76497E-2 5.73772E-2 5.70272E-2 6.16622E-2 6.58989E-2 5.63156E-2 5.79443E-2 5.63793E-2 5.30733E-2 4.9469E-2 5.50292E-2 4.66498E-2 5.81982E-2 6.61337E-2 7.25605E-2 6.78059E-2 5.98679E-2 5.14896E-2 5.17796E-2 2.44583E-2 2.36068E-2 2.2775E-2 2.19193E-2 4.7859E-2 4.4987E-2 4.21393E-2 3.4587E-2 1.82606E-2 1.821E-2 3.45776E-2 1.69407E-2 1.76001E-2 1.31676E-2 1.38135E-2 1.81174E-2 2.12592E-2 3.32599E-2 2.89905E-2 2.89754E-2 2.85377E-2 2.3203E-2 2.26598E-2 2.45088E-2 3.45E-2 4.44125E-2 4.9569E-2 4.66648E-2 4.44086E-2 3.06672E-2 2.72058E-2 3.05215E-2 2.64099E-2 2.59896E-2 2.46553E-2 2.08493E-2 1.97477E-2 1.92349E-2 1.70264E-2 1.36769E-2
4.91099E-2 4.14172E-2 3.44432E-2 3.26916E-2 2.94735E-2 3.33118E-2 3.91466E-2 4.77909E-2 5.90263E-2 6.04501E-2 6.35515E-2 5.86904E-2 4.99971E-2 4.6228E-2 4.22395E-2 4.3529E-2 4.33143E-2 4.16815E-2 4.62157E-2 5.36723E-2 6.23197E-2 6.63369E-2 6.00872E-2 4.81826E-2 4.46524E-2 4.51439E-2 2.09181E-2 1.91348E-2 1.86297E-2 3.95969E-2 3.76969E-2 3.16536E-2 2.84015E-2 1.29817E-2 1.08196E-2 1.15897E-2 9.57003E-3 1.3044E-2 1.08156E-2 1.03121E-2 1.62171E-2 1.95689E-2 1.39122E-2 1.2151E-2 1.23572E-2 1.72142E-2 1.79211E-2 2.23421E-2 2.71752E-2 2.8941E-2 3.40294E-2 3.57096E-2 4.04521E-2 4.12751E-2 3.07798E-2 2.70463E-2 4.83805E-2 3.27687E-2 2.51779E-2 2.24083E-2 1.99721E-2 1.90212E-2 1.98711E-2 1.77783E-2 1.62925E-2
4.52076E-2 3.85075E-2 4.63357E-2 5.38289E-2 4.98166E-2 4.59276E-2 4.57733E-2 4.81764E-2 5.46155E-2 6.56744E-2 7.13516E-2 6.45812E-2 5.03976E-2 4.35227E-2 3.9404E-2 3.5939E-2 2.73909E-2 1.5627E-2 1.55479E-2 4.16068E-2 5.24162E-2 6.2239E-2 4.96717E-2 4.44267E-2 3.86387E-2 3.84191E-2 3.7844E-2 3.67376E-2 2.95635E-2 3.37567E-2 3.0078E-2 2.58931E-2 1.99166E-2 1.005E-2 8.9555E-3 9.03331E-3 9.61471E-3 1.01307E-2 9.4697E-3 1.02835E-2 2.15462E-2 2.5626E-2 1.16861E-2 1.01183E-2 2.02998E-2 1.76259E-2 2.75679E-2 3.89006E-2 2.85205E-2 1.99311E-2 2.7665E-2 3.0016E-2 3.43246E-2 4.29183E-2 3.84124E-2 2.86649E-2 3.96613E-2 3.98953E-2 3.03048E-2 2.122E-2 1.79991E-2 1.78095E-2 2.03692E-2 2.28106E-2 2.13931E-2
4.05534E-2 4.52489E-2 5.00607E-2 5.34069E-2 5.72862E-2 5.97469E-2 6.18821E-2 6.5383E-2 6.79767E-2 8.35113E-2 8.5577E-2 6.66875E-2 6.16901E-2 4.84023E-2 3.88009E-2 1.28113E-2 1.05948E-2 1.20401E-2 1.37244E-2 1.36935E-2 1.65771E-2 2.04425E-2 3.62468E-2 3.72751E-2 3.65433E-2 3.9255E-2 4.18325E-2 3.33033E-2 2.82314E-2 2.88187E-2 2.27414E-2 1.90016E-2 1.50671E-2 7.42027E-3 6.37249E-3 6.93592E-3 7.82602E-3 8.20448E-3 9.40843E-3 9.27676E-3 1.78741E-2 2.01126E-2 1.97544E-2 2.02798E-2 2.30091E-2 2.26347E-2 3.27713E-2 3.33263E-2 2.76831E-2 2.1277E-2 2.2374E-2 3.14345E-2 3.37095E-2 3.31995E-2 3.50601E-2 2.81433E-2 3.23975E-2 4.12514E-2 3.57394E-2 2.57757E-2 1.86463E-2 1.35057E-2 1.40394E-2 1.69898E-2 1.27513E-2
4.24424E-2 4.17489E-2 4.42417E-2 5.22142E-2 6.19009E-2 7.08579E-2 7.34894E-2 8.16123E-2 8.98235E-2 9.5764E-2 9.17054E-2 7.62795E-2 6.85564E-2 4.9018E-2 2.95403E-2 1.109E-2 1.98575E-2 1.16155E-2 1.24295E-2 1.47689E-2 1.61687E-2 1.59047E-2 1.05444E-2 1.48334E-2 2.79463E-2 3.52589E-2 4.10241E-2 3.62169E-2 2.85738E-2 2.29286E-2 1.98001E-2 1.56091E-2 6.83649E-3 6.29326E-3 6.37488E-3 1.16431E-2 6.75272E-3 7.61932E-3 8.26542E-3 7.14654E-3 1.29037E-2 1.33053E-2 1.97582E-2 2.34229E-2 2.17126E-2 2.11108E-2 2.06724E-2 2.00402E-2 1.86859E-2 2.07831E-2 2.09101E-2 2.61773E-2 2.61653E-2 2.63291E-2 3.04972E-2 2.75991E-2 2.89395E-2 3.36641E-2 3.32656E-2 2.95033E-2 1.90689E-2 1.11041E-2 1.05362E-2 1.32764E-2 8.62144E-3
4.52673E-2 3.84794E-2 3.57735E-2 4.27277E-2 4.95655E-2 5.96928E-2 6.48228E-2 8.37869E-2 8.71914E-2 9.97282E-2 9.42329E-2 7.71448E-2 6.22981E-2 3.69861E-2 2.55504E-2 1.96884E-2 1.79666E-2 2.08433E-2 1.20587E-2 1.36142E-2 1.42535E-2 1.74427E-2 1.27971E-2 1.01084E-2 2.35603E-2 2.90688E-2 3.47006E-2 2.96168E-2 2.38371E-2 2.05754E-2 1.6805E-2 7.52054E-3 6.35548E-3 1.08841E-2 1.06582E-2 1.09888E-2 1.1617E-2 1.25818E-2 1.41165E-2 1.29228E-2 1.20079E-2 1.34046E-2 1.95417E-2 2.39988E-2 2.41223E-2 1.70361E-2 2.14513E-2 2.28979E-2 2.45124E-2 2.58268E-2 2.79996E-2 2.75112E-2 2.00549E-2 2.06796E-2 2.41216E-2 2.23345E-2 2.45898E-2 2.46128E-2 2.52824E-2 2.07812E-2 8.26545E-3 4.65683E-3 5.437E-3 8.14646E-3 5.75731E-3
4.37189E-2 3.24035E-2 2.78063E-2 2.28662E-2 4.09026E-2 5.48924E-2 2.31498E-2 7.51795E-2 8.68842E-2 1.13193E-1 1.01E-1 8.00967E-2 5.15319E-2 3.15908E-2 2.17835E-2 1.66182E-2 1.79501E-2 1.99355E-2 2.29531E-2 1.61346E-2 1.43713E-2 1.37972E-2 1.27988E-2 2.63917E-2 2.83377E-2 2.68477E-2 2.61261E-2 2.3401E-2 1.90436E-2 1.46531E-2 1.49681E-2 1.46278E-2 1.4808E-2 1.23427E-2 1.21083E-2 1.40085E-2 1.77666E-2 1.98132E-2 1.93015E-2 1.60205E-2 1.48867E-2 1.6351E-2 2.22788E-2 2.4127E-2 2.35097E-2 1.97456E-2 1.93315E-2 2.25012E-2 2.67328E-2 2.96116E-2 3.3222E-2 2.80889E-2 2.17742E-2 2.12061E-2 2.15608E-2 2.01533E-2 1.8563E-2 2.00265E-2 1.96473E-2 9.51503E-3 5.14391E-3 3.61512E-3 3.24035E-3 4.13116E-3 -9999
5.7541E-2 4.16603E-2 2.5958E-2 5.17291E-3 3.52363E-2 1.31355E-2 1.73205E-2 4.70944E-2 6.38321E-2 1.0901E-1 1.03615E-1 6.95894E-2 4.80132E-2 2.76211E-2 1.95839E-2 1.70941E-2 1.70888E-2 1.87762E-2 2.40143E-2 1.61312E-2 3.43596E-2 3.52353E-2 3.96227E-2 3.17408E-2 3.2756E-2 3.66834E-2 2.76955E-2 2.26698E-2 1.58435E-2 1.61453E-2 1.49631E-2 1.85155E-2 1.68187E-2 1.562E-2 1.36828E-2 1.7344E-2 2.13566E-2 2.20844E-2 1.97983E-2 2.03472E-2 1.87234E-2 1.99951E-2 2.40875E-2 2.21404E-2 2.26791E-2 1.92782E-2 1.74937E-2 2.19139E-2 2.33478E-2 2.25108E-2 1.93819E-2 2.21319E-2 2.1303E-2 2.14379E-2 2.06891E-2 1.8704E-2 1.40932E-2 1.66669E-2 1.17303E-2 7.32335E-3 5.07093E-3 4.62527E-3 4.2907E-3 4.32715E-3 -9999
8.32015E-2 7.10724E-2 3.30175E-2 1.14782E-2 9.04918E-3 1.52346E-2 7.24517E-2 1.07035E-1 1.30792E-1 1.12565E-1 8.00444E-2 5.76696E-2 3.84419E-2 2.20734E-2 1.77636E-2 1.5838E-2 1.48182E-2 1.08577E-2 1.40835E-2 1.81083E-2 5.01732E-2 5.63319E-2 5.41555E-2 4.82492E-2 4.39562E-2 4.1169E-2 3.31095E-2 2.60867E-2 2.11484E-2 1.98418E-2 1.82087E-2 2.06081E-2 2.0143E-2 1.93046E-2 1.52613E-2 1.66979E-2 1.9861E-2 2.44952E-2 2.08873E-2 1.91394E-2 1.84717E-2 1.83421E-2 1.91501E-2 1.66579E-2 1.55475E-2 1.70332E-2 1.63722E-2 1.5256E-2 1.57878E-2 1.81976E-2 1.41905E-2 1.30561E-2 1.68987E-2 1.80316E-2 1.65188E-2 1.59823E-2 1.45013E-2 1.06677E-2 9.78008E-3 6.48727E-3 4.95023E-3 5.83101E-3 5.4334E-3 -9999 -9999
7.75949E-2 9.56335E-2 6.06837E-2 6.13424E-2 6.37024E-2 6.57143E-2 9.42817E-2 1.26316E-1 1.12519E-1 9.52149E-2 6.10574E-2 4.14206E-2 2.86172E-2 1.9908E-2 1.55638E-2 1.49122E-2 1.52836E-2 2.06901E-2 2.96715E-2 4.10731E-2 7.02475E-2 7.40573E-2 7.41942E-2 6.55897E-2 5.43456E-2 4.55949E-2 3.87007E-2 3.21355E-2 2.78188E-2 2.27156E-2 2.12342E-2 2.43238E-2 2.18958E-2 1.75844E-2 1.49377E-2 1.62557E-2 2.00226E-2 2.20542E-2 1.89317E-2 1.56199E-2 1.30481E-2 1.37342E-2 1.4497E-2 1.40142E-2 1.46347E-2 1.51372E-2 1.56072E-2 1.47625E-2 1.21629E-2 1.10768E-2 9.36507E-3 9.90612E-3 1.09868E-2 9.87247E-3 1.04836E-2 8.8439E-3 1.07672E-2 1.05859E-2 8.24734E-3 6.39538E-3 5.88981E-3 5.6085E-3 -9999 -9999 -9999
7.53557E-2 8.08538E-2 9.84088E-2 1.11485E-1 1.09574E-1 1.09603E-1 1.20707E-1 1.18486E-1 1.10886E-1 8.69114E-2 5.05492E-2 3.63422E-2 3.25662E-2 2.22612E-2 1.56585E-2 1.59082E-2 1.86983E-2 2.61974E-2 3.68405E-2 4.69398E-2 8.48205E-2 8.6075E-2 7.43064E-2 6.67244E-2 6.47852E-2 5.10148E-2 4.35621E-2 4.19296E-2 3.7357E-2 3.15108E-2 3.36354E-2 3.12754E-2 2.19574E-2 1.63481E-2 1.48143E-2 1.47675E-2 1.78361E-2 2.0663E-2 1.61004E-2 1.37793E-2 1.16415E-2 1.12689E-2 1.1956E-2 1.24452E-2 1.43622E-2 1.53746E-2 1.57291E-2 1.51576E-2 1.08638E-2 8.37896E-3 4.15383E-3 3.7755E-3 6.30637E-3 6.20032E-3 5.03147E-3 6.70348E-3 8.34285E-3 7.90904E-3 6.09139E-3 4.44526E-3 3.61149E-3 3.42661E-3 -9999 -9999 -9999
1.25033E-1 1.32596E-1 1.48043E-1 1.42698E-1 1.43355E-1 1.53806E-1 1.44445E-1 1.15821E-1 1.05298E-1 9.98444E-2 8.53558E-2 6.58438E-2 5.01328E-2 2.6493E-2 1.75215E-2 1.73214E-2 1.96348E-2 2.76223E-2 3.90592E-2 5.72687E-2 7.7745E-2 7.62309E-2 6.61209E-2 6.63714E-2 6.45236E-2 5.76812E-2 4.75246E-2 5.18072E-2 5.18241E-2 5.15863E-2 4.59519E-2 4.18889E-2 3.02393E-2 1.95829E-2 1.61845E-2 1.45674E-2 1.46433E-2 1.3942E-2 1.32575E-2 1.22438E-2 1.05256E-2 1.06434E-2 1.10118E-2 1.18578E-2 1.36531E-2 1.62356E-2 1.5587E-2 1.29982E-2 1.06143E-2 7.84577E-3 2.46546E-3 2.20684E-3 6.68751E-3 4.19063E-3 4.61432E-3 6.05568E-3 7.4585E-3 6.81012E-3 5.7804E-3 3.16594E-3 2.63994E-3 -9999 -9999 -9999 -9999
3.68304E-1 3.70364E-1 3.67916E-1 3.80425E-1 1.56363E-1 1.56656E-1 1.68024E-1 1.2595E-1 1.02976E-1 9.16881E-2 1.01253E-1 8.70903E-2 5.83136E-2 3.39551E-2 1.98498E-2 1.20495E-2 1.55745E-2 2.56145E-2 4.02741E-2 5.74079E-2 6.39101E-2 6.11681E-2 6.04743E-2 5.89267E-2 5.6855E-2 5.03535E-2 4.38785E-2 4.80995E-2 5.40709E-2 5.42276E-2 4.75019E-2 4.07921E-2 3.19196E-2 2.66681E-2 1.8032E-2 1.50517E-2 1.22929E-2 1.14776E-2 1.10051E-2 1.093E-2 1.05411E-2 1.1163E-2 1.30117E-2 1.39893E-2 1.42689E-2 1.47574E-2 1.50818E-2 1.25388E-2 1.03773E-2 8.22195E-3 4.92449E-3 4.20264E-3 4.9827E-3 4.74435E-3 5.5801E-3 6.43985E-3 7.19239E-3 6.84689E-3 5.83712E-3 4.23309E-3 -9999 -9999 -9999 -9999 -9999
4.24415E-1 4.45433E-1 3.85712E-1 3.71612E-1 1.43779E-1 1.47099E-1 1.60644E-1 1.58846E-1 1.18791E-1 8.85143E-2 8.8909E-2 8.30881E-2 5.32663E-2 3.44908E-2 2.347E-2 1.34184E-2 1.43301E-2 2.55424E-2 5.12092E-2 6.49868E-2 5.80443E-2 5.68463E-2 5.17787E-2 5.34403E-2 4.94441E-2 4.61756E-2 3.7381E-2 4.1104E-2 4.27842E-2 4.39363E-2 3.87684E-2 3.66836E-2 3.39632E-2 3.34197E-2 2.45585E-2 1.78178E-2 1.18952E-2 1.06831E-2 1.09227E-2 1.11056E-2 1.19884E-2 1.3991E-2 1.61088E-2 1.78809E-2 1.80693E-2 1.55891E-2 1.30002E-2 1.17252E-2 1.05413E-2 9.19773E-3 5.22439E-3 5.08644E-3 4.78897E-3 4.99791E-3 6.08911E-3 6.50291E-3 -9999 -9999 -9999 -9999 -9999 -9999 -9999 -9999 -9999
5.41855E-1 4.73741E-1 3.73438E-1 1.38673E-1 1.44371E-1 1.51969E-1 1.67691E-1 1.45772E-1 1.21944E-1 1.06742E-1 9.80808E-2 6.9333E-2 4.04435E-2 2.80076E-2 1.90448E-2 1.55262E-2 1.87205E-2 3.08353E-2 3.88655E-2 4.35833E-2 4.68669E-2 4.56036E-2 4.43517E-2 4.46328E-2 4.62821E-2 3.9926E-2 3.05319E-2 3.12825E-2 3.23277E-2 3.29437E-2 3.28265E-2 3.22791E-2 3.45187E-2 3.78767E-2 2.80783E-2 2.11987E-2 1.47193E-2 1.21729E-2 1.17396E-2 1.29598E-2 1.46463E-2 1.6502E-2 1.86632E-2 2.17714E-2 2.14116E-2 1.64424E-2 1.35858E-2 1.06501E-2 9.98738E-3 1.06051E-2 6.20461E-3 6.1707E-3 6.19856E-3 6.17599E-3 6.42857E-3 -9999 -9999 -9999 -9999 -9999 -9999 -9999 -9999 -9999 -9999
5.35557E-1 4.67596E-1 3.68308E-1 1.35385E-1 1.37981E-1 1.56183E-1 1.59636E-1 1.41868E-1 1.13522E-1 1.01432E-1 8.77619E-2 5.53979E-2 3.1452E-2 2.13734E-2 1.59009E-2 1.37705E-2 1.85109E-2 2.67303E-2 2.33839E-2 2.58902E-2 3.92721E-2 4.67421E-2 5.11231E-2 4.70965E-2 3.81746E-2 3.26081E-2 2.73224E-2 2.50815E-2 2.51507E-2 2.59573E-2 2.67036E-2 3.04046E-2 3.35119E-2 3.62222E-2 3.00909E-2 2.44393E-2 1.78016E-2 1.59427E-2 1.54426E-2 1.52141E-2 1.64781E-2 1.78214E-2 2.36839E-2 2.65824E-2 2.06379E-2 1.65973E-2 1.46425E-2 1.06822E-2 6.7194E-3 6.96551E-3 7.12914E-3 6.42276E-3 6.60823E-3 6.67908E-3 7.39236E-3 -9999 -9999 -9999 -9999 -9999 -9999 -9999 -9999 -9999 -9999
5.27574E-1 4.65779E-1 4.28811E-1 1.79274E-1 1.9868E-1 1.72395E-1 1.55498E-1 1.17436E-1 9.67839E-2 7.94661E-2 7.26863E-2 5.27943E-2 3.40485E-2 2.35298E-2 1.67221E-2 1.42709E-2 1.5702E-2 1.98039E-2 2.0399E-2 2.38444E-2 3.59089E-2 4.78725E-2 5.4934E-2 4.98648E-2 3.18699E-2 2.8066E-2 2.40661E-2 2.34218E-2 2.36204E-2 2.21467E-2 2.0559E-2 2.80207E-2 3.12474E-2 3.26836E-2 3.05315E-2 2.7544E-2 2.45596E-2 2.03516E-2 1.98839E-2 1.94172E-2 1.84988E-2 1.83138E-2 2.39774E-2 3.01263E-2 2.4157E-2 1.81892E-2 1.36527E-2 7.80146E-3 6.96638E-3 6.79436E-3 7.02781E-3 7.30144E-3 6.73758E-3 7.19133E-3 7.83202E-3 -9999 -9999 -9999 -9999 -9999 -9999 -9999 -9999 -9999 -9999
