KUENM_DEFAULT/Final_Models/M_1_F_lqpth_Set_1_NE/sp1_1_se_asia.asc
ncols         320
nrows         243
xllcorner     44.0
yllcorner     -0.666666666666667
cellsize      0.166666666666667
NODATA_value  -9999
[rows 93 to 123 of 243, columns 210 to 279 of 320]
7.39452E-2 4.81792E-2 4.53664E-2 7.93965E-2 1.01105E-1 1.01747E-1 1.0098E-1 9.99238E-2 9.11856E-2 9.32681E-2 1.17757E-1 1.08438E-1 9.74367E-2 8.55002E-2 9.28132E-2 9.93071E-2 1.03369E-1 1.23123E-1 1.44429E-1 1.81749E-1 1.73819E-1 1.61789E-1 1.6274E-1 1.62821E-1 1.61574E-1 1.53506E-1 1.37529E-1 1.33195E-1 1.48973E-1 1.4572E-1 1.09226E-1 9.35291E-2 1.0438E-1 1.1631E-1 1.19282E-1 9.99403E-2 1.21056E-1 1.33473E-1 1.18182E-1 1.25921E-1 1.29931E-1 1.32432E-1 1.1252E-1 9.52986E-2 8.43925E-2 7.97273E-2 7.75922E-2 6.64115E-2 6.34041E-2 4.44631E-2 2.87617E-2 2.59284E-2 3.3793E-2 3.73917E-2 4.03833E-2 4.17148E-2 3.89545E-2 3.15318E-2 2.45755E-2 1.81453E-2 1.38309E-2 1.41525E-2 1.2687E-2 1.06024E-2 3.88474E-3 3.13859E-3 2.38144E-3 1.76374E-3 1.41223E-3 1.0688E-3
7.41824E-2 6.47063E-2 7.49299E-2 9.04887E-2 1.08393E-1 8.73795E-2 9.06967E-2 9.45604E-2 9.50839E-2 8.89285E-2 9.43838E-2 9.44974E-2 9.1604E-2 9.55508E-2 1.05298E-1 1.03968E-1 9.98423E-2 1.19348E-1 1.30776E-1 1.40841E-1 1.47558E-1 1.60949E-1 1.60177E-1 1.50262E-1 1.28721E-1 1.32482E-1 1.11311E-1 1.06627E-1 1.08559E-1 1.23117E-1 1.28248E-1 1.3162E-1 1.22038E-1 1.10018E-1 8.39655E-2 7.57829E-2 8.19161E-2 7.2387E-2 6.63765E-2 7.53953E-2 9.28539E-2 1.11355E-1 9.17196E-2 9.32868E-2 9.28583E-2 8.40533E-2 8.21836E-2 6.95057E-2 6.30189E-2 5.39654E-2 4.49703E-2 3.99829E-2 4.2535E-2 3.64522E-2 3.89489E-2 4.22789E-2 4.03285E-2 3.11882E-2 2.32249E-2 1.64816E-2 1.27628E-2 1.49714E-2 1.37986E-2 1.16212E-2 4.11385E-3 3.33099E-3 2.65735E-3 2.13711E-3 1.80436E-3 1.51913E-3
1.01577E-1 1.00899E-1 8.18454E-2 9.81398E-2 1.0636E-1 8.34652E-2 8.60999E-2 7.88689E-2 8.39657E-2 5.98249E-2 8.34852E-2 8.15913E-2 8.95468E-2 9.74203E-2 1.04331E-1 1.04445E-1 9.12686E-2 1.01155E-1 9.3987E-2 1.18132E-1 1.06885E-1 1.366E-1 1.28729E-1 1.07731E-1 9.63682E-2 8.96427E-2 7.93176E-2 7.74356E-2 7.47242E-2 9.30331E-2 1.20056E-1 1.25274E-1 9.81727E-2 8.55113E-2 7.11689E-2 7.20283E-2 7.87219E-2 6.47252E-2 5.56671E-2 5.99973E-2 8.32806E-2 9.57598E-2 7.90199E-2 7.67526E-2 8.91363E-2 8.91079E-2 8.50537E-2 7.07123E-2 6.09198E-2 6.06183E-2 5.93072E-2 5.76279E-2 5.33651E-2 4.49563E-2 3.89378E-2 4.28241E-2 3.90019E-2 3.20194E-2 2.42706E-2 1.93208E-2 1.63092E-2 1.73656E-2 1.45497E-2 1.17304E-2 3.98355E-3 3.48846E-3 2.90596E-3 2.34526E-3 2.12691E-3 1.96106E-3
1.07222E-1 1.03301E-1 7.61922E-2 1.08595E-1 9.07968E-2 7.08116E-2 6.35071E-2 7.38555E-2 6.78645E-2 6.89109E-2 6.66527E-2 6.16046E-2 7.9294E-2 9.98766E-2 1.00189E-1 1.01837E-1 8.86796E-2 8.46043E-2 7.91174E-2 8.35317E-2 7.44455E-2 7.71459E-2 9.48769E-2 8.60628E-2 7.84566E-2 6.72134E-2 5.96167E-2 6.45987E-2 5.97897E-2 6.94607E-2 8.18797E-2 7.18712E-2 7.77857E-2 8.29016E-2 6.59866E-2 7.21859E-2 7.60434E-2 7.47566E-2 8.0608E-2 8.84955E-2 8.21709E-2 8.79951E-2 9.35239E-2 1.21035E-1 1.08382E-1 9.98253E-2 9.40076E-2 6.92924E-2 6.38541E-2 6.99371E-2 7.01994E-2 7.627E-2 7.33019E-2 6.02157E-2 5.27691E-2 4.57804E-2 3.8828E-2 3.5372E-2 2.67466E-2 2.11779E-2 1.86158E-2 1.63339E-2 1.46624E-2 5.36064E-3 4.335E-3 3.59945E-3 3.32062E-3 2.87128E-3 2.54446E-3 2.45795E-3
9.13299E-2 8.64563E-2 8.71143E-2 8.79067E-2 7.12829E-2 6.94984E-2 6.55797E-2 5.62082E-2 4.72495E-2 5.06068E-2 4.68556E-2 5.68423E-2 7.29332E-2 9.55588E-2 9.18282E-2 8.39462E-2 7.50628E-2 6.73249E-2 5.57156E-2 5.3913E-2 5.35962E-2 5.00498E-2 6.56554E-2 6.12874E-2 5.7723E-2 4.75973E-2 4.25065E-2 4.12141E-2 4.58322E-2 3.9208E-2 3.86037E-2 3.04672E-2 3.33857E-2 4.57674E-2 5.51499E-2 5.22592E-2 4.70438E-2 5.11105E-2 5.27436E-2 5.08283E-2 5.19065E-2 5.58462E-2 8.02369E-2 1.03741E-1 1.16077E-1 1.15445E-1 1.09608E-1 8.03201E-2 7.80148E-2 8.79609E-2 7.50176E-2 7.54648E-2 7.47305E-2 6.31438E-2 5.82373E-2 5.3371E-2 4.6905E-2 3.79101E-2 2.83432E-2 2.3434E-2 2.02314E-2 1.78323E-2 1.39942E-2 5.31979E-3 4.08399E-3 3.53652E-3 3.58272E-3 3.60201E-3 3.30467E-3 -9999
7.97268E-2 8.94366E-2 8.43696E-2 7.4659E-2 6.49233E-2 6.00076E-2 4.85113E-2 4.2332E-2 3.71444E-2 3.63094E-2 3.40878E-2 4.62761E-2 6.70419E-2 8.73033E-2 9.83655E-2 8.71731E-2 7.23993E-2 6.35998E-2 6.23887E-2 4.92292E-2 4.65793E-2 4.41104E-2 5.85975E-2 5.11513E-2 4.37337E-2 3.88625E-2 3.25853E-2 2.66725E-2 2.86484E-2 2.363E-2 3.06109E-2 2.54605E-2 2.56432E-2 4.08268E-2 5.07512E-2 3.6886E-2 3.19207E-2 3.3026E-2 2.81864E-2 3.51507E-2 5.09321E-2 6.24983E-2 6.74295E-2 7.82437E-2 8.85514E-2 1.01147E-1 1.09767E-1 9.12812E-2 8.1293E-2 1.38592E-1 9.72051E-2 7.80661E-2 7.32635E-2 6.68632E-2 6.09402E-2 5.78837E-2 4.97926E-2 4.37655E-2 3.25548E-2 2.42883E-2 2.02759E-2 1.73392E-2 1.44137E-2 5.84517E-3 5.00507E-3 4.30279E-3 4.23532E-3 3.97331E-3 3.16324E-3 -9999
7.97798E-2 8.15185E-2 8.99474E-2 9.11077E-2 7.78567E-2 5.28632E-2 4.08582E-2 3.12063E-2 2.71976E-2 2.1484E-2 2.23632E-2 2.50551E-2 4.29857E-2 6.38468E-2 8.85234E-2 8.09562E-2 6.94934E-2 6.33061E-2 6.46738E-2 6.39654E-2 5.44895E-2 4.69564E-2 4.96487E-2 4.64064E-2 3.65821E-2 2.93362E-2 2.50172E-2 2.20456E-2 2.25784E-2 2.39451E-2 2.48389E-2 2.36871E-2 2.51157E-2 3.16386E-2 3.77646E-2 3.01933E-2 2.61481E-2 2.99426E-2 2.89309E-2 5.7431E-2 8.32798E-2 6.46753E-2 4.57463E-2 6.41146E-2 7.32787E-2 8.69232E-2 1.11753E-1 7.09256E-2 5.52623E-2 7.63378E-2 1.22223E-1 1.00968E-1 7.61655E-2 6.56013E-2 6.11692E-2 6.38722E-2 6.41271E-2 5.99243E-2 3.48724E-2 2.31302E-2 1.94572E-2 1.80622E-2 1.59433E-2 6.27367E-3 5.7474E-3 5.09977E-3 5.0195E-3 4.30447E-3 3.27309E-3 2.17749E-3
1.04963E-1 1.01518E-1 1.12143E-1 1.04122E-1 7.66824E-2 6.04128E-2 4.17157E-2 2.78856E-2 1.65319E-2 1.47618E-2 1.77934E-2 2.26912E-2 2.52187E-2 3.42285E-2 4.63323E-2 5.19106E-2 6.20662E-2 6.44339E-2 7.11784E-2 8.10804E-2 6.40702E-2 5.28493E-2 4.64461E-2 3.79496E-2 2.89363E-2 2.24147E-2 1.8674E-2 1.60134E-2 1.75294E-2 1.94917E-2 2.05809E-2 2.31428E-2 2.24682E-2 2.47644E-2 2.81476E-2 3.16228E-2 3.23477E-2 3.53444E-2 4.06777E-2 6.73053E-2 7.17171E-2 6.19062E-2 5.03531E-2 5.31348E-2 7.52942E-2 8.33303E-2 9.71388E-2 6.50156E-2 5.43077E-2 6.30086E-2 8.3512E-2 7.51382E-2 9.514E-2 7.07739E-2 4.94407E-2 4.78903E-2 5.36892E-2 4.02391E-2 2.57144E-2 2.05396E-2 1.87709E-2 1.79966E-2 1.66075E-2 6.77536E-3 5.89177E-3 5.19295E-3 5.06307E-3 4.10268E-3 2.91713E-3 -9999
1.23481E-1 1.27022E-1 1.24144E-1 1.10114E-1 7.71974E-2 6.23542E-2 3.89728E-2 2.1103E-2 1.41152E-2 1.54106E-2 1.71059E-2 2.16181E-2 2.77201E-2 3.44154E-2 3.54115E-2 2.50188E-2 3.67115E-2 5.18769E-2 6.76395E-2 8.53708E-2 7.46928E-2 5.7236E-2 4.39688E-2 3.42685E-2 2.41735E-2 1.81761E-2 1.61097E-2 1.58015E-2 1.64953E-2 1.72267E-2 1.82499E-2 1.94885E-2 1.67486E-2 1.67079E-2 2.07612E-2 3.15809E-2 4.13878E-2 3.70709E-2 3.7516E-2 4.39696E-2 4.29914E-2 4.19381E-2 4.78575E-2 4.99814E-2 6.3774E-2 6.70988E-2 7.69889E-2 5.5979E-2 5.24517E-2 5.83969E-2 6.93092E-2 7.24495E-2 6.75091E-2 7.24872E-2 4.248E-2 3.87076E-2 4.6416E-2 2.9538E-2 2.30622E-2 2.22473E-2 2.03851E-2 8.41644E-3 7.58487E-3 6.69297E-3 5.33561E-3 4.65453E-3 4.21564E-3 3.18082E-3 1.8663E-3 -9999
1.1699E-1 1.14844E-1 1.26947E-1 1.04804E-1 7.90222E-2 5.64848E-2 3.1359E-2 1.95499E-2 1.42599E-2 1.4919E-2 1.80646E-2 2.09467E-2 2.68844E-2 3.07638E-2 4.04135E-2 3.23907E-2 2.51446E-2 4.12109E-2 5.46412E-2 7.60168E-2 6.60352E-2 5.18581E-2 4.20066E-2 3.06917E-2 2.10592E-2 1.73413E-2 1.61666E-2 1.71694E-2 1.72767E-2 1.99009E-2 2.0473E-2 2.22895E-2 2.02555E-2 1.73464E-2 2.05957E-2 3.43584E-2 4.43548E-2 4.63109E-2 3.518E-2 4.53809E-2 4.95863E-2 5.50732E-2 5.97092E-2 6.6367E-2 6.54701E-2 5.83077E-2 6.2792E-2 4.45454E-2 4.2819E-2 4.94583E-2 5.17121E-2 5.62654E-2 4.82884E-2 4.92111E-2 2.65914E-2 1.87634E-2 2.92973E-2 1.44873E-2 1.15875E-2 1.14922E-2 9.97131E-3 8.47534E-3 7.17085E-3 6.30422E-3 4.91414E-3 3.66867E-3 2.90689E-3 2.40045E-3 -9999 7.56381E-4
9.55551E-2 1.05292E-1 1.17108E-1 1.14565E-1 7.71023E-2 5.00397E-2 2.78701E-2 1.60478E-2 1.3102E-2 1.3736E-2 1.78247E-2 2.36501E-2 3.18329E-2 3.19591E-2 3.18273E-2 3.19352E-2 4.23871E-2 5.87939E-2 5.68933E-2 4.85059E-2 5.06323E-2 4.22282E-2 3.20985E-2 2.80683E-2 3.07798E-2 2.85251E-2 2.2908E-2 2.25272E-2 2.59414E-2 3.24635E-2 3.55533E-2 3.51875E-2 2.7863E-2 2.49257E-2 2.88674E-2 4.13014E-2 4.71232E-2 4.74093E-2 4.25713E-2 4.20506E-2 4.93996E-2 6.16769E-2 6.96046E-2 7.98742E-2 6.87896E-2 6.44591E-2 6.33729E-2 4.11929E-2 3.95414E-2 3.78259E-2 4.34348E-2 4.58063E-2 1.64027E-2 1.47474E-2 9.42171E-3 7.51133E-3 9.74772E-3 1.2216E-2 1.27004E-2 1.19732E-2 9.94743E-3 8.07305E-3 7.16471E-3 5.27125E-3 4.05443E-3 2.8954E-3 1.93593E-3 1.41897E-3 9.04224E-4 -9999
8.54855E-2 1.11974E-1 1.21792E-1 1.14923E-1 8.12417E-2 5.23707E-2 2.83812E-2 1.70896E-2 1.40226E-2 1.38444E-2 1.77129E-2 2.57244E-2 3.36595E-2 4.56058E-2 5.6166E-2 7.45682E-2 6.47366E-2 6.60033E-2 7.88807E-2 6.1771E-2 4.94472E-2 3.52982E-2 3.62542E-2 3.26171E-2 3.90888E-2 3.49197E-2 3.02659E-2 2.59356E-2 3.16614E-2 3.98016E-2 4.06811E-2 3.63185E-2 3.6602E-2 3.35082E-2 3.56639E-2 4.48477E-2 4.40285E-2 4.64913E-2 4.12622E-2 3.84952E-2 4.81309E-2 5.39308E-2 5.43247E-2 4.59313E-2 5.83972E-2 4.02815E-2 4.11093E-2 4.0501E-2 3.76074E-2 2.97683E-2 3.72554E-2 1.99667E-2 1.42208E-2 -9999 1.46151E-2 1.29766E-2 1.2388E-2 1.24584E-2 1.23798E-2 1.11709E-2 9.95167E-3 7.54974E-3 6.22028E-3 4.27902E-3 3.14986E-3 1.99665E-3 1.18989E-3 6.91785E-4 4.48791E-4 3.65419E-4
1.14115E-1 1.36275E-1 1.25853E-1 9.2971E-2 6.94522E-2 4.44082E-2 2.51535E-2 1.74819E-2 1.50794E-2 1.50356E-2 2.00336E-2 2.81391E-2 3.92403E-2 8.36901E-2 1.01266E-1 1.01758E-1 9.62815E-2 9.0565E-2 8.75963E-2 4.56454E-2 5.77285E-2 3.03709E-2 2.74445E-2 4.10459E-2 2.65107E-2 4.01056E-2 3.74106E-2 2.96349E-2 3.16608E-2 3.68842E-2 4.4924E-2 3.76288E-2 3.45649E-2 3.30559E-2 3.27116E-2 3.57608E-2 3.39235E-2 3.26602E-2 3.72157E-2 3.55489E-2 3.43227E-2 3.54095E-2 4.33725E-2 4.1345E-2 3.91491E-2 3.32463E-2 3.70811E-2 3.48527E-2 3.44882E-2 3.32739E-2 1.844E-2 1.90593E-2 1.45772E-2 1.90075E-2 2.3471E-2 2.23775E-2 1.80226E-2 1.59054E-2 1.34823E-2 1.13097E-2 9.30149E-3 7.30721E-3 5.54612E-3 3.91357E-3 2.48463E-3 1.58743E-3 9.47655E-4 4.65539E-4 3.08052E-4 2.63376E-4
1.48036E-1 1.34894E-1 1.14213E-1 7.2887E-2 5.56549E-2 3.9155E-2 2.49396E-2 1.87736E-2 1.66965E-2 1.72644E-2 2.61625E-2 3.74961E-2 5.51597E-2 1.2026E-1 1.35789E-1 1.39146E-1 1.26851E-1 7.05868E-2 6.07509E-2 5.31772E-2 4.58527E-2 3.94156E-2 3.09806E-2 2.90982E-2 2.95657E-2 2.67703E-2 2.01764E-2 2.76756E-2 3.00355E-2 3.8125E-2 3.89476E-2 3.43247E-2 2.68412E-2 2.31024E-2 2.44981E-2 2.62877E-2 2.7422E-2 2.73284E-2 3.04645E-2 3.50603E-2 3.27587E-2 3.01962E-2 3.1978E-2 2.86197E-2 3.11892E-2 2.29464E-2 2.17367E-2 2.35818E-2 1.44471E-2 1.89943E-2 1.99066E-2 1.84195E-2 1.66743E-2 2.84975E-2 2.97858E-2 2.60876E-2 2.11756E-2 1.75627E-2 1.43115E-2 1.13394E-2 9.41257E-3 7.39662E-3 5.00946E-3 -9999 2.28339E-3 1.31696E-3 8.23957E-4 4.73599E-4 3.29696E-4 -9999
1.55545E-1 1.50107E-1 1.15029E-1 6.97984E-2 5.48796E-2 4.77914E-2 3.16302E-2 2.00458E-2 2.01188E-2 2.49666E-2 3.93939E-2 5.44341E-2 8.31054E-2 1.54372E-1 1.61871E-1 9.49088E-2 8.72672E-2 8.34773E-2 7.01249E-2 6.19647E-2 5.92114E-2 5.25214E-2 4.25621E-2 4.19729E-2 3.90896E-2 2.5967E-2 1.67572E-2 1.50787E-2 2.46518E-2 1.90648E-2 2.17366E-2 2.77158E-2 2.36788E-2 1.967E-2 1.99107E-2 2.14503E-2 2.47831E-2 2.42985E-2 2.91182E-2 3.47239E-2 3.62098E-2 3.12049E-2 2.52333E-2 1.85639E-2 1.65248E-2 2.16747E-2 1.35855E-2 8.03602E-3 1.18184E-2 1.64395E-2 1.71923E-2 1.52452E-2 1.29469E-2 2.20787E-2 2.33381E-2 2.37166E-2 2.17935E-2 1.78684E-2 1.55401E-2 1.22457E-2 9.47446E-3 7.17952E-3 5.29942E-3 3.25995E-3 2.21515E-3 -9999 7.66785E-4 5.23364E-4 3.31172E-4 -9999
1.58381E-1 1.51378E-1 1.49699E-1 1.3205E-1 1.05566E-1 7.96788E-2 4.08738E-2 2.54168E-2 2.62666E-2 3.11226E-2 4.72462E-2 6.94804E-2 1.07506E-1 1.51672E-1 9.8065E-2 8.6841E-2 8.87235E-2 8.84766E-2 7.86524E-2 6.71292E-2 7.27777E-2 7.24903E-2 6.65923E-2 5.75002E-2 5.24884E-2 3.48375E-2 2.01559E-2 1.6327E-2 1.42391E-2 1.4447E-2 1.39107E-2 2.1554E-2 2.028E-2 1.83262E-2 1.94376E-2 1.22542E-2 2.43783E-2 2.35792E-2 3.30391E-2 3.82198E-2 3.74429E-2 3.18011E-2 2.55685E-2 1.62668E-2 6.82308E-3 2.37717E-2 6.50545E-3 7.73182E-3 1.14996E-2 1.56875E-2 1.67338E-2 1.60406E-2 1.06114E-2 -9999 1.81201E-2 2.08431E-2 2.16973E-2 1.99698E-2 1.65083E-2 1.35687E-2 -9999 7.46403E-3 5.26183E-3 3.44521E-3 -9999 -9999 -9999 -9999 -9999 -9999
1.79508E-1 1.61038E-1 1.49687E-1 1.58835E-1 9.28475E-2 6.21171E-2 3.58803E-2 2.02317E-2 1.90385E-2 2.70611E-2 4.78023E-2 7.93255E-2 1.16607E-1 8.49608E-2 8.33113E-2 8.11315E-2 8.09369E-2 7.75847E-2 6.8397E-2 6.18384E-2 6.79301E-2 7.31211E-2 6.99632E-2 5.95798E-2 4.97318E-2 3.87831E-2 2.99947E-2 1.94114E-2 1.48098E-2 1.14182E-2 1.06852E-2 1.76148E-2 1.83105E-2 1.91515E-2 2.07107E-2 2.62362E-2 3.0171E-2 3.14779E-2 3.24522E-2 3.53585E-2 3.82092E-2 3.37507E-2 2.74225E-2 1.99938E-2 1.00749E-2 1.7253E-2 7.82008E-3 1.01247E-2 1.3196E-2 1.64444E-2 -9999 -9999 -9999 -9999 -9999 2.31675E-2 -9999 -9999 1.83305E-2 -9999 -9999 -9999 -9999 -9999 -9999 -9999 -9999 -9999 -9999 -9999
1.52178E-1 1.16308E-1 8.64929E-2 8.92046E-2 8.71408E-2 5.75941E-2 3.92769E-2 2.34615E-2 1.32634E-2 2.86174E-2 5.23105E-2 1.06519E-1 8.61742E-2 7.91716E-2 7.68248E-2 7.12367E-2 7.26118E-2 6.70633E-2 6.196E-2 5.21877E-2 5.54615E-2 5.76845E-2 5.51039E-2 4.88047E-2 4.48832E-2 4.19851E-2 3.96621E-2 2.76037E-2 1.76934E-2 1.13266E-2 1.00876E-2 1.81052E-2 2.00629E-2 2.24572E-2 2.85985E-2 2.14862E-2 2.57924E-2 4.28335E-2 4.48709E-2 3.55694E-2 3.75351E-2 3.65957E-2 3.31154E-2 2.91821E-2 1.32092E-2 1.29817E-2 1.46258E-2 1.14093E-2 -9999 -9999 -9999 -9999 -9999 -9999 -9999 -9999 -9999 -9999 -9999 -9999 -9999 -9999 -9999 -9999 -9999 -9999 -9999 -9999 -9999 -9999
1.33396E-1 1.11674E-1 9.40289E-2 8.72384E-2 6.5836E-2 4.28414E-2 3.00484E-2 1.94858E-2 1.70343E-2 3.9816E-2 6.51231E-2 8.38755E-2 5.90528E-2 6.55641E-2 6.57156E-2 6.28268E-2 6.08259E-2 6.2356E-2 5.363E-2 4.13154E-2 4.0605E-2 4.18757E-2 4.13396E-2 4.11772E-2 4.08836E-2 4.26957E-2 4.67894E-2 3.32547E-2 2.35703E-2 1.54391E-2 2.14858E-2 2.16092E-2 2.55583E-2 3.00584E-2 2.23555E-2 2.69777E-2 3.0813E-2 3.28028E-2 5.05069E-2 4.34195E-2 3.56488E-2 3.80091E-2 2.46746E-2 1.69097E-2 1.03329E-2 1.08359E-2 1.14227E-2 -9999 -9999 -9999 -9999 -9999 -9999 -9999 -9999 -9999 -9999 -9999 -9999 -9999 -9999 -9999 -9999 -9999 -9999 -9999 -9999 -9999 -9999 -9999
1.20396E-1 9.96979E-2 8.56767E-2 7.34358E-2 5.1272E-2 3.15372E-2 2.18274E-2 1.68564E-2 2.50665E-2 3.97197E-2 5.8028E-2 3.12763E-2 3.47133E-2 5.47905E-2 6.7177E-2 7.24936E-2 6.40608E-2 5.14927E-2 4.23036E-2 3.56105E-2 3.27021E-2 3.2811E-2 3.24449E-2 3.36022E-2 3.84211E-2 4.26555E-2 4.56735E-2 3.67399E-2 2.92224E-2 2.13008E-2 1.95251E-2 1.91014E-2 3.25419E-2 3.50997E-2 4.03814E-2 3.34462E-2 4.01097E-2 3.78263E-2 5.49337E-2 5.15482E-2 3.91277E-2 1.81749E-2 1.15287E-2 1.19448E-2 1.14848E-2 1.19929E-2 1.33425E-2 -9999 -9999 -9999 -9999 -9999 -9999 -9999 -9999 -9999 -9999 -9999 -9999 -9999 -9999 -9999 -9999 -9999 -9999 -9999 -9999 -9999 -9999 -9999
1.00886E-1 8.25441E-2 6.69622E-2 5.90747E-2 4.46016E-2 3.24472E-2 2.29841E-2 1.72413E-2 2.63393E-2 3.35022E-2 4.29558E-2 4.42913E-2 5.36786E-2 5.00326E-2 6.8669E-2 7.57939E-2 6.56812E-2 4.34769E-2 3.54259E-2 5.09438E-2 4.96044E-2 3.08627E-2 2.84919E-2 4.35856E-2 3.66803E-2 4.09132E-2 4.25978E-2 3.96017E-2 3.55461E-2 3.14739E-2 2.76296E-2 2.71295E-2 2.66367E-2 4.34434E-2 4.58505E-2 3.93303E-2 4.91198E-2 4.65736E-2 3.76797E-2 3.17689E-2 1.30298E-2 1.19968E-2 1.171E-2 1.20738E-2 1.32531E-2 1.32222E-2 1.48883E-2 1.77521E-2 -9999 -9999 -9999 -9999 -9999 -9999 -9999 -9999 -9999 -9999 -9999 -9999 -9999 -9999 -9999 -9999 -9999 -9999 -9999 -9999 -9999 -9999
8.35457E-2 6.27826E-2 5.1125E-2 4.77784E-2 3.94253E-2 3.26475E-2 2.35409E-2 1.70038E-2 2.57964E-2 3.00441E-2 3.44519E-2 3.84232E-2 4.65445E-2 6.32836E-2 8.50566E-2 9.12956E-2 5.96453E-2 6.50577E-2 4.97504E-2 4.8906E-2 4.91966E-2 6.1763E-2 6.27695E-2 3.56457E-2 3.8984E-2 4.15609E-2 4.18017E-2 3.96323E-2 3.60364E-2 3.44478E-2 3.22418E-2 3.47783E-2 3.46106E-2 5.21041E-2 5.47129E-2 5.97946E-2 4.77434E-2 4.8229E-2 3.84448E-2 1.48011E-2 1.13669E-2 1.05823E-2 1.09566E-2 1.34596E-2 1.39269E-2 1.43079E-2 1.79421E-2 2.18298E-2 -9999 -9999 -9999 -9999 -9999 -9999 -9999 -9999 -9999 -9999 -9999 -9999 -9999 -9999 -9999 -9999 -9999 -9999 -9999 -9999 -9999 -9999
6.35782E-2 4.29626E-2 3.07482E-2 3.75236E-2 3.60048E-2 3.25583E-2 2.18311E-2 1.48308E-2 2.04106E-2 2.35956E-2 2.8052E-2 3.32611E-2 4.16663E-2 5.05173E-2 5.93102E-2 6.19295E-2 6.12655E-2 5.6726E-2 4.47037E-2 4.34115E-2 3.9787E-2 7.56959E-2 9.17531E-2 4.78295E-2 4.26003E-2 4.00029E-2 3.89524E-2 3.96343E-2 3.75456E-2 5.36535E-2 5.64906E-2 5.66791E-2 6.11247E-2 6.28347E-2 5.73688E-2 5.62555E-2 5.68565E-2 5.92018E-2 1.63581E-2 1.40754E-2 1.15176E-2 1.18091E-2 1.25039E-2 1.44661E-2 1.64591E-2 1.8362E-2 2.07386E-2 -9999 -9999 -9999 -9999 -9999 -9999 -9999 -9999 -9999 -9999 -9999 -9999 -9999 -9999 -9999 -9999 -9999 -9999 -9999 -9999 -9999 -9999 -9999
5.67118E-2 3.48451E-2 2.623E-2 3.00505E-2 2.92602E-2 2.87825E-2 1.91878E-2 1.09303E-2 9.7471E-3 1.83339E-2 2.28086E-2 2.86076E-2 3.68817E-2 4.07805E-2 5.23496E-2 6.37368E-2 7.28831E-2 6.18449E-2 4.33865E-2 3.80939E-2 3.42488E-2 7.84265E-2 6.25221E-2 5.53436E-2 4.68919E-2 3.89471E-2 4.12005E-2 4.12867E-2 6.24502E-2 5.50915E-2 5.50447E-2 6.02293E-2 6.3186E-2 6.51671E-2 6.06713E-2 1.77291E-2 1.95227E-2 1.94665E-2 1.7567E-2 1.51726E-2 1.21415E-2 1.33653E-2 1.45539E-2 1.73536E-2 1.9383E-2 2.24036E-2 -9999 -9999 -9999 -9999 -9999 -9999 -9999 -9999 -9999 -9999 -9999 -9999 -9999 -9999 -9999 -9999 -9999 -9999 -9999 -9999 -9999 -9999 -9999 -9999
5.91395E-2 4.2451E-2 3.272E-2 2.77025E-2 2.70292E-2 2.40716E-2 1.52176E-2 8.71213E-3 7.51717E-3 1.47111E-2 1.87924E-2 2.29532E-2 2.81458E-2 2.65163E-2 3.65725E-2 5.20128E-2 5.9573E-2 5.29028E-2 4.06547E-2 3.484E-2 3.55148E-2 9.54348E-2 6.81336E-2 6.33597E-2 5.31458E-2 4.46234E-2 4.52666E-2 6.76022E-2 5.20156E-2 5.57461E-2 5.05803E-2 2.61143E-2 3.07243E-2 3.51923E-2 3.4122E-2 3.60975E-2 3.60931E-2 2.39586E-2 2.26661E-2 1.86096E-2 1.51297E-2 1.56504E-2 1.94485E-2 2.27964E-2 2.34475E-2 2.61455E-2 -9999 -9999 -9999 -9999 -9999 -9999 -9999 -9999 -9999 -9999 -9999 -9999 -9999 -9999 -9999 -9999 -9999 -9999 -9999 -9999 -9999 -9999 -9999 -9999
6.4192E-2 4.89344E-2 4.09509E-2 3.68379E-2 3.60902E-2 2.2521E-2 1.40788E-2 9.26681E-3 1.2922E-2 1.38337E-2 1.66784E-2 1.77767E-2 1.8247E-2 1.81835E-2 1.85567E-2 2.47985E-2 2.76373E-2 3.27153E-2 3.7984E-2 4.44898E-2 7.14213E-2 7.20576E-2 7.26536E-2 6.63784E-2 6.19261E-2 5.21506E-2 5.0771E-2 6.68353E-2 6.17344E-2 5.44486E-2 2.35439E-2 2.4887E-2 3.50808E-2 4.62947E-2 4.4054E-2 4.77342E-2 3.1086E-2 2.90199E-2 3.02839E-2 2.89642E-2 2.62744E-2 2.67369E-2 2.72061E-2 3.039E-2 3.16738E-2 -9999 -9999 -9999 -9999 -9999 -9999 -9999 -9999 -9999 -9999 -9999 -9999 -9999 -9999 -9999 -9999 -9999 -9999 -9999 -9999 -9999 -9999 -9999 -9999 -9999
7.19129E-2 5.42615E-2 4.72893E-2 4.38741E-2 3.24406E-2 2.12147E-2 1.38945E-2 9.66622E-3 8.85918E-3 1.40306E-2 1.46701E-2 1.51269E-2 1.69559E-2 1.84906E-2 2.11932E-2 2.28835E-2 2.74367E-2 3.14401E-2 3.17963E-2 4.35399E-2 8.46186E-2 7.87502E-2 9.3486E-2 7.75289E-2 6.37655E-2 7.80195E-2 7.044E-2 5.1012E-2 2.96703E-2 2.24614E-2 2.13936E-2 3.09247E-2 5.00246E-2 3.50447E-2 3.72909E-2 5.42895E-2 5.6446E-2 5.98847E-2 4.16606E-2 4.43037E-2 4.25775E-2 4.44902E-2 4.05413E-2 3.77586E-2 -9999 -9999 -9999 -9999 -9999 -9999 -9999 -9999 -9999 -9999 -9999 -9999 -9999 -9999 -9999 -9999 -9999 -9999 -9999 -9999 -9999 -9999 -9999 -9999 -9999 -9999
8.14185E-2 7.92958E-2 6.77133E-2 5.00089E-2 3.07823E-2 1.93044E-2 1.35339E-2 1.1261E-2 9.50137E-3 9.41774E-3 1.59524E-2 1.55798E-2 1.74067E-2 2.24436E-2 2.38062E-2 2.84817E-2 3.1743E-2 3.35098E-2 3.11618E-2 4.01141E-2 5.30606E-2 8.0885E-2 7.63776E-2 7.21542E-2 7.79016E-2 5.78607E-2 7.17663E-2 3.60278E-2 3.65747E-2 2.62078E-2 2.64081E-2 4.29551E-2 6.17706E-2 4.14279E-2 4.4902E-2 7.06737E-2 4.92896E-2 -9999 -9999 5.62997E-2 -9999 -9999 -9999 -9999 -9999 -9999 -9999 -9999 -9999 -9999 -9999 -9999 -9999 -9999 -9999 -9999 -9999 -9999 -9999 -9999 -9999 -9999 -9999 -9999 -9999 -9999 -9999 -9999 -9999 -9999
1.05754E-1 7.95285E-2 9.086E-2 7.81789E-2 3.33412E-2 2.10863E-2 1.62695E-2 1.24984E-2 1.03528E-2 1.00397E-2 1.64278E-2 1.71024E-2 1.86698E-2 2.24858E-2 2.81003E-2 2.95346E-2 3.26896E-2 3.14075E-2 3.04064E-2 3.52375E-2 3.60163E-2 5.18337E-2 6.3262E-2 6.1048E-2 3.56601E-2 5.60495E-2 2.27622E-2 4.32274E-2 4.73037E-2 3.84392E-2 3.8017E-2 4.01994E-2 5.35521E-2 4.74472E-2 5.42442E-2 5.80328E-2 6.456E-2 6.75663E-2 -9999 -9999 -9999 -9999 -9999 -9999 -9999 -9999 -9999 -9999 -9999 -9999 -9999 -9999 -9999 -9999 -9999 -9999 -9999 -9999 -9999 -9999 -9999 -9999 -9999 -9999 -9999 -9999 -9999 -9999 -9999 -9999
8.70822E-2 1.28244E-1 1.24457E-1 9.83141E-2 5.49753E-2 3.11774E-2 2.12076E-2 1.4265E-2 1.23026E-2 1.07905E-2 1.80995E-2 1.75043E-2 1.86264E-2 2.43529E-2 3.05358E-2 3.06465E-2 3.17035E-2 3.17767E-2 3.09277E-2 3.26149E-2 3.3916E-2 3.35165E-2 6.23938E-2 3.93809E-2 1.38468E-2 2.53884E-2 3.79127E-2 3.41607E-2 5.08609E-2 4.76153E-2 3.63985E-2 4.01505E-2 6.326E-2 5.32783E-2 5.87391E-2 7.08298E-2 7.49601E-2 -9999 -9999 -9999 -9999 -9999 -9999 -9999 -9999 -9999 -9999 -9999 -9999 -9999 -9999 -9999 -9999 -9999 -9999 -9999 -9999 -9999 -9999 -9999 -9999 -9999 -9999 -9999 -9999 -9999 -9999 -9999 -9999 -9999
1.4876E-1 1.24218E-1 1.43328E-1 1.10218E-1 7.52604E-2 4.32041E-2 2.53452E-2 1.76756E-2 1.2898E-2 1.2192E-2 1.21764E-2 1.99233E-2 1.94329E-2 2.45943E-2 3.21348E-2 2.98259E-2 3.15957E-2 2.96403E-2 2.83362E-2 2.9926E-2 2.89614E-2 3.02716E-2 3.16399E-2 1.17131E-2 1.27807E-2 2.15144E-2 4.30032E-2 3.51744E-2 5.7865E-2 5.73824E-2 4.16362E-2 3.67923E-2 7.14601E-2 8.70659E-2 1.00994E-1 -9999 -9999 -9999 -9999 -9999 -9999 -9999 -9999 -9999 -9999 -9999 -9999 -9999 -9999 -9999 -9999 -9999 -9999 -9999 -9999 -9999 -9999 -9999 -9999 -9999 -9999 -9999 -9999 -9999 -9999 -9999 -9999 -9999 -9999 -9999
