KUENM_DEFAULT/Final_Models/M_1_F_lqpth_Set_1_NE/sp1_4_se_asia.asc
ncols         320
nrows         243
xllcorner     44.0
yllcorner     -0.666666666666667
cellsize      0.166666666666667
NODATA_value  -9999
[rows 62 to 92 of 243, columns 140 to 209 of 320]
4.89866E-2 1.0149E-1 1.07065E-1 1.21319E-1 1.13732E-1 1.0355E-1 1.10699E-1 8.89269E-2 1.56679E-1 1.65215E-1 1.77753E-1 1.71848E-1 2.05264E-1 2.06172E-1 2.13485E-1 2.27615E-1 2.86919E-1 1.43638E-1 3.21749E-1 1.47E-1 1.23486E-1 9.48162E-2 8.90981E-2 9.16903E-2 8.97554E-2 9.17157E-2 8.73443E-2 8.74882E-2 8.55632E-2 9.27463E-2 1.09289E-1 1.18525E-1 1.26816E-1 1.32473E-1 1.30643E-1 1.24323E-1 1.23893E-1 1.18473E-1 1.18611E-1 1.28358E-1 1.43971E-1 1.57836E-1 3.4185E-1 4.03652E-1 4.23218E-1 4.40655E-1 4.50479E-1 4.7014E-1 4.83023E-1 4.9706E-1 5.03972E-1 5.05114E-1 5.47642E-1 5.3439E-1 5.0406E-1 5.27734E-1 6.66043E-1 6.10395E-1 4.8894E-1 3.74982E-1 3.42963E-1 3.27216E-1 5.4052E-2 5.53998E-2 5.53757E-2 4.64474E-2 3.91674E-2 3.42764E-2 2.42401E-2 1.34765E-2
6.55162E-2 1.03503E-1 1.07895E-1 1.15681E-1 1.06568E-1 1.08384E-1 9.63599E-2 7.79252E-2 1.68847E-1 1.68362E-1 1.7591E-1 1.86951E-1 1.92444E-1 1.97303E-1 2.2219E-1 2.62664E-1 1.37158E-1 1.43566E-1 3.22849E-1 1.4967E-1 1.1082E-1 9.83489E-2 9.31217E-2 9.16196E-2 9.18034E-2 9.25473E-2 9.09844E-2 9.30196E-2 9.07042E-2 9.94928E-2 1.16261E-1 1.27357E-1 1.37323E-1 1.40392E-1 1.41082E-1 1.36484E-1 1.32123E-1 1.22456E-1 1.21089E-1 1.27932E-1 1.40606E-1 1.57701E-1 3.35223E-1 3.58848E-1 3.75626E-1 4.3218E-1 4.43045E-1 4.60393E-1 4.85181E-1 5.42286E-1 5.67756E-1 5.55384E-1 5.40055E-1 5.59221E-1 5.59196E-1 6.31544E-1 7.53446E-1 6.3254E-1 5.1419E-1 4.37611E-1 4.04867E-1 3.52918E-1 6.391E-2 5.654E-2 5.8058E-2 5.37445E-2 4.68778E-2 4.12513E-2 3.38397E-2 2.54802E-2
7.99165E-2 1.0923E-1 1.19435E-1 1.1145E-1 9.99993E-2 1.00883E-1 9.06905E-2 8.97756E-2 1.05446E-1 9.46024E-2 1.77398E-1 1.81365E-1 2.04473E-1 2.08747E-1 2.17212E-1 1.16117E-1 1.19578E-1 1.32696E-1 1.36449E-1 1.32913E-1 1.0247E-1 9.4998E-2 9.08134E-2 8.83744E-2 8.95254E-2 8.99204E-2 9.33536E-2 9.51869E-2 9.66092E-2 1.17446E-1 1.22797E-1 1.34396E-1 1.43559E-1 1.48058E-1 1.47943E-1 1.50342E-1 1.44872E-1 1.33627E-1 1.34786E-1 1.41226E-1 1.52264E-1 1.58442E-1 3.46796E-1 3.61657E-1 3.81359E-1 3.80445E-1 3.91087E-1 4.49647E-1 4.88456E-1 5.16014E-1 5.6711E-1 5.46721E-1 5.32114E-1 5.81565E-1 6.51208E-1 7.43978E-1 5.22016E-1 6.17176E-1 5.56657E-1 5.05542E-1 4.59378E-1 4.03696E-1 7.23557E-2 6.99626E-2 6.35152E-2 5.85363E-2 4.87302E-2 4.49038E-2 4.66647E-2 3.39736E-2
8.56941E-2 1.10503E-1 1.11005E-1 1.0494E-1 9.83567E-2 9.51133E-2 9.78741E-2 9.72359E-2 8.5623E-2 9.00888E-2 8.26245E-2 9.73115E-2 1.00181E-1 1.07779E-1 9.55042E-2 1.11156E-1 1.06466E-1 1.10265E-1 1.1457E-1 9.89835E-2 9.17915E-2 9.10452E-2 8.76035E-2 9.13996E-2 9.5121E-2 9.13141E-2 9.618E-2 9.90871E-2 1.01769E-1 1.22656E-1 1.26825E-1 1.36307E-1 1.44976E-1 1.51662E-1 1.50061E-1 1.52317E-1 1.51963E-1 1.52813E-1 1.5077E-1 1.59417E-1 1.63671E-1 3.47653E-1 3.55637E-1 3.66956E-1 3.79639E-1 3.90272E-1 4.06869E-1 4.1639E-1 4.13624E-1 4.34881E-1 5.17196E-1 5.56461E-1 5.85219E-1 6.14053E-1 6.8444E-1 7.55483E-1 7.55906E-1 6.35148E-1 6.4556E-1 5.40493E-1 4.71603E-1 4.53402E-1 8.18816E-2 7.27514E-2 7.16102E-2 6.05594E-2 5.63945E-2 5.44625E-2 5.42523E-2 4.58355E-2
1.10623E-1 1.19143E-1 1.12086E-1 1.01009E-1 1.01409E-1 1.0153E-1 1.26475E-1 1.39454E-1 1.24138E-1 1.06103E-1 9.85847E-2 8.85481E-2 8.77777E-2 8.65189E-2 9.79889E-2 9.75291E-2 9.9139E-2 9.87643E-2 8.97729E-2 8.66111E-2 8.38773E-2 8.91619E-2 8.72419E-2 8.96615E-2 9.21613E-2 9.89849E-2 9.4906E-2 1.02382E-1 1.17398E-1 1.24413E-1 1.32921E-1 1.35973E-1 1.4874E-1 1.53883E-1 1.54642E-1 1.60387E-1 1.58463E-1 1.59403E-1 1.75479E-1 1.71227E-1 3.5469E-1 3.67358E-1 3.75879E-1 3.88929E-1 3.92407E-1 4.12738E-1 4.28013E-1 4.36243E-1 4.50602E-1 4.71951E-1 5.16217E-1 5.33327E-1 5.93958E-1 5.92519E-1 6.2832E-1 5.77319E-1 6.18295E-1 6.50923E-1 8.55856E-1 5.15741E-1 4.78066E-1 4.62966E-1 4.42238E-1 4.30352E-1 3.88614E-1 3.88545E-1 3.7808E-1 3.47978E-1 6.54165E-2 5.00586E-2
1.20602E-1 1.14653E-1 1.05091E-1 1.02328E-1 1.05269E-1 1.35194E-1 2.02365E-1 4.23657E-1 1.81397E-1 1.30991E-1 1.08691E-1 9.53923E-2 9.27203E-2 9.51947E-2 9.13493E-2 9.0211E-2 9.04596E-2 8.1069E-2 8.0873E-2 7.93767E-2 8.21615E-2 8.17342E-2 9.05667E-2 9.64834E-2 9.34268E-2 1.00807E-1 9.95136E-2 1.07182E-1 1.07558E-1 1.3104E-1 1.36238E-1 1.40005E-1 1.49007E-1 1.54326E-1 1.57858E-1 1.78637E-1 1.65152E-1 1.78813E-1 3.73106E-1 3.74756E-1 3.81184E-1 3.82681E-1 3.90336E-1 4.02326E-1 4.18039E-1 4.61903E-1 4.67867E-1 4.49609E-1 5.08147E-1 5.09776E-1 5.18882E-1 5.6919E-1 6.03404E-1 5.64398E-1 5.49516E-1 5.2973E-1 6.05268E-1 6.09038E-1 6.41135E-1 5.89943E-1 4.98727E-1 4.73805E-1 4.52683E-1 4.35874E-1 4.15937E-1 4.20816E-1 3.98018E-1 3.97832E-1 3.65959E-1 5.70925E-2
1.12532E-1 1.1227E-1 1.12332E-1 1.11065E-1 1.24291E-1 2.01083E-1 4.67033E-1 4.58547E-1 2.22814E-1 1.43673E-1 1.07592E-1 9.37448E-2 8.7625E-2 8.93784E-2 8.86261E-2 8.07946E-2 7.6923E-2 7.88931E-2 7.96533E-2 8.2446E-2 8.43485E-2 9.04949E-2 9.02182E-2 9.48977E-2 9.73897E-2 1.02275E-1 1.0369E-1 1.08077E-1 1.10772E-1 1.35171E-1 1.37356E-1 1.42064E-1 1.44625E-1 1.56639E-1 1.78192E-1 1.85394E-1 1.68953E-1 1.89592E-1 3.94488E-1 3.93588E-1 3.93727E-1 3.9535E-1 4.12126E-1 4.19893E-1 4.66922E-1 4.77662E-1 5.33729E-1 5.42959E-1 5.56977E-1 5.53147E-1 5.44856E-1 5.63159E-1 6.03545E-1 5.44964E-1 5.40882E-1 5.48411E-1 4.98903E-1 7.02451E-1 8.3472E-1 8.36356E-1 5.84802E-1 4.95082E-1 4.61578E-1 4.70433E-1 4.35607E-1 3.89894E-1 3.97782E-1 4.04535E-1 6.86152E-2 5.68817E-2
1.10157E-1 1.12078E-1 1.10715E-1 1.1412E-1 1.40945E-1 2.14139E-1 4.6566E-1 4.60437E-1 1.92236E-1 1.27513E-1 9.71646E-2 8.62068E-2 8.81868E-2 8.51048E-2 8.70761E-2 9.16605E-2 8.45173E-2 8.03367E-2 8.36226E-2 8.45089E-2 8.6668E-2 9.36119E-2 9.31534E-2 9.86942E-2 1.01006E-1 1.05474E-1 1.08484E-1 1.15842E-1 1.19816E-1 1.40308E-1 1.42574E-1 1.4323E-1 1.48138E-1 1.72195E-1 1.8304E-1 1.76269E-1 1.78533E-1 1.89522E-1 3.90135E-1 4.02896E-1 4.08528E-1 4.26934E-1 4.39575E-1 4.81592E-1 5.0569E-1 5.59362E-1 5.63502E-1 5.71691E-1 5.72576E-1 5.67577E-1 5.72696E-1 5.90218E-1 6.02499E-1 5.91736E-1 5.6974E-1 5.88978E-1 5.35098E-1 6.93898E-1 7.78083E-1 4.69722E-1 5.37307E-1 5.49908E-1 4.97132E-1 4.89814E-1 4.61214E-1 4.01465E-1 4.05351E-1 3.70966E-1 5.97489E-2 5.26107E-2
8.30712E-2 1.0919E-1 1.09016E-1 1.105E-1 1.25993E-1 1.55469E-1 1.9077E-1 1.57834E-1 1.15927E-1 9.30063E-2 8.72571E-2 8.91402E-2 8.22033E-2 8.94678E-2 1.00538E-1 1.00923E-1 9.16821E-2 8.84443E-2 8.68841E-2 9.02393E-2 9.32352E-2 1.00182E-1 9.78751E-2 1.04038E-1 1.04917E-1 1.11874E-1 1.14601E-1 1.23157E-1 1.25375E-1 1.26336E-1 1.46763E-1 1.49574E-1 1.5055E-1 1.69848E-1 1.8745E-1 1.95738E-1 3.80509E-1 3.84666E-1 3.89303E-1 4.08078E-1 4.12776E-1 4.33002E-1 4.5575E-1 5.12411E-1 5.74973E-1 5.98224E-1 6.01415E-1 5.94138E-1 5.96173E-1 5.88334E-1 6.21381E-1 6.11914E-1 6.32343E-1 6.24557E-1 6.18927E-1 6.46584E-1 6.91416E-1 7.50524E-1 7.23281E-1 7.09583E-1 4.77144E-1 4.63565E-1 4.6413E-1 5.1033E-1 4.79673E-1 4.18336E-1 3.84242E-1 3.83595E-1 3.66193E-1 6.25871E-2
6.58092E-2 1.14176E-1 1.09849E-1 1.03787E-1 1.05458E-1 1.08766E-1 1.09448E-1 9.73372E-2 8.55952E-2 7.95917E-2 8.36328E-2 8.65192E-2 9.21427E-2 9.82814E-2 5.9004E-2 6.04083E-2 5.6794E-2 5.41681E-2 5.37835E-2 5.38234E-2 5.6251E-2 9.66153E-2 1.07096E-1 1.08268E-1 1.12691E-1 1.13784E-1 1.21843E-1 1.23304E-1 1.25724E-1 1.31256E-1 1.50847E-1 1.50278E-1 1.5319E-1 1.52035E-1 1.58467E-1 1.8795E-1 3.77664E-1 4.00042E-1 4.10537E-1 4.13758E-1 4.40835E-1 4.55915E-1 4.66882E-1 4.99322E-1 5.71519E-1 5.93431E-1 6.11364E-1 5.71041E-1 5.68321E-1 5.6799E-1 5.91418E-1 6.25343E-1 6.97777E-1 7.84479E-1 7.93041E-1 7.64648E-1 5.4214E-1 5.32777E-1 6.9352E-1 6.97364E-1 4.5181E-1 3.71846E-1 3.79373E-1 3.89831E-1 3.28614E-1 4.47723E-1 3.72223E-1 3.73588E-1 3.62292E-1 3.72395E-1
6.95385E-2 1.10571E-1 1.08322E-1 1.00689E-1 1.03461E-1 9.93393E-2 9.25772E-2 9.58806E-2 9.2365E-2 9.10135E-2 9.23896E-2 9.92573E-2 1.05439E-1 5.79874E-2 6.12904E-2 6.06469E-2 5.88512E-2 5.56237E-2 5.69166E-2 5.75777E-2 5.70055E-2 6.10876E-2 6.25167E-2 6.71148E-2 7.03218E-2 6.92016E-2 1.19845E-1 1.29469E-1 1.33091E-1 1.34773E-1 1.54049E-1 1.59429E-1 1.50988E-1 1.54446E-1 1.51664E-1 1.63932E-1 3.81846E-1 4.05002E-1 4.21487E-1 4.0665E-1 4.24784E-1 4.35485E-1 4.5187E-1 4.65034E-1 5.82246E-1 5.91708E-1 5.8936E-1 5.52388E-1 5.22025E-1 5.57325E-1 6.06689E-1 6.73381E-1 6.59247E-1 7.4579E-1 5.07045E-1 5.34667E-1 4.93573E-1 4.37705E-1 7.04539E-1 4.44122E-1 4.06884E-1 3.90505E-1 3.86682E-1 3.53051E-1 3.35845E-1 2.90554E-1 2.84816E-1 3.45898E-1 3.40025E-1 4.13285E-1
9.47603E-2 1.13891E-1 1.10918E-1 1.05369E-1 9.98589E-2 1.02636E-1 9.29014E-2 9.85313E-2 6.36387E-2 6.15484E-2 6.06268E-2 6.26308E-2 6.52998E-2 6.15413E-2 6.30166E-2 6.30114E-2 6.12356E-2 5.81719E-2 5.79538E-2 5.8073E-2 6.45931E-2 6.5915E-2 7.15903E-2 6.88119E-2 7.17796E-2 7.59207E-2 7.45493E-2 1.34319E-1 1.3714E-1 1.40829E-1 1.62759E-1 1.62117E-1 1.61048E-1 1.59636E-1 1.62466E-1 1.96922E-1 3.92747E-1 4.22879E-1 4.09811E-1 4.25323E-1 4.29516E-1 4.38193E-1 4.6359E-1 4.77826E-1 5.66087E-1 5.6143E-1 5.33473E-1 5.38836E-1 6.50017E-1 6.8517E-1 6.85212E-1 7.42534E-1 6.82891E-1 5.38015E-1 5.56953E-1 4.65895E-1 4.51767E-1 4.63385E-1 4.65041E-1 4.9035E-1 4.91672E-1 4.60435E-1 3.61081E-1 3.3579E-1 3.24023E-1 2.90729E-1 3.09612E-1 3.15172E-1 3.43242E-1 3.21722E-1
9.78252E-2 1.1046E-1 1.08559E-1 1.01674E-1 1.04866E-1 1.01034E-1 1.04267E-1 1.14415E-1 6.82537E-2 7.0827E-2 6.60787E-2 6.48529E-2 6.62156E-2 6.80648E-2 7.49641E-2 7.48125E-2 6.77598E-2 6.36969E-2 6.24152E-2 6.28696E-2 6.72871E-2 8.11513E-2 7.71574E-2 8.6483E-2 8.4093E-2 7.39677E-2 7.58023E-2 1.36298E-1 1.39837E-1 1.49865E-1 1.59909E-1 1.74141E-1 1.77323E-1 1.75988E-1 1.83208E-1 3.79589E-1 4.1246E-1 4.33001E-1 4.2588E-1 4.52162E-1 3.20047E-1 3.23028E-1 3.09359E-1 4.65693E-1 5.25649E-1 5.72824E-1 6.52264E-1 6.79109E-1 6.72972E-1 6.92258E-1 7.61305E-1 7.69672E-1 8.40128E-1 6.00833E-1 5.52671E-1 4.24226E-1 4.63868E-1 4.80416E-1 4.90164E-1 4.92721E-1 4.99488E-1 4.79918E-1 3.9984E-1 3.60383E-1 3.30757E-1 2.97606E-1 2.88226E-1 3.08452E-1 3.05934E-1 3.05049E-1
1.09015E-1 1.1806E-1 1.12452E-1 1.12742E-1 1.07404E-1 1.1585E-1 1.20243E-1 7.17511E-2 6.75056E-2 6.9117E-2 8.23935E-2 8.33393E-2 8.25268E-2 8.88715E-2 9.08948E-2 9.58504E-2 8.6168E-2 6.51753E-2 6.636E-2 6.68987E-2 7.1766E-2 8.55936E-2 9.6774E-2 8.71775E-2 8.64597E-2 7.6147E-2 7.41538E-2 1.32479E-1 1.41003E-1 1.58368E-1 1.72309E-1 3.81316E-1 3.7378E-1 3.75178E-1 3.83209E-1 3.94062E-1 4.00928E-1 4.37008E-1 4.53282E-1 4.61423E-1 3.13628E-1 3.21219E-1 3.1609E-1 4.92862E-1 5.35574E-1 6.66964E-1 6.73306E-1 6.84092E-1 7.0039E-1 7.27664E-1 7.62446E-1 8.39684E-1 6.47367E-1 6.07746E-1 5.47623E-1 4.76894E-1 4.66424E-1 4.7148E-1 4.62598E-1 4.65259E-1 5.08682E-1 4.60665E-1 4.1677E-1 3.95213E-1 3.66955E-1 3.11025E-1 2.97503E-1 3.00277E-1 3.01361E-1 3.04882E-1
1.20874E-1 1.20812E-1 1.16962E-1 1.186E-1 6.93277E-2 6.82791E-2 7.23311E-2 7.58288E-2 8.47671E-2 8.46931E-2 7.96563E-2 1.09274E-1 8.02145E-2 7.97139E-2 8.62409E-2 8.95178E-2 1.33906E-1 1.28634E-1 6.70744E-2 7.51003E-2 1.51574E-1 2.17239E-1 1.74264E-1 1.73593E-1 8.50551E-2 7.94029E-2 7.62837E-2 7.83528E-2 1.45747E-1 3.30254E-1 3.55318E-1 3.84935E-1 3.9092E-1 3.66632E-1 3.9033E-1 4.09912E-1 5.36802E-1 5.62839E-1 5.66945E-1 4.47704E-1 4.55673E-1 4.56186E-1 4.42686E-1 6.04423E-1 6.37818E-1 6.5893E-1 6.7012E-1 7.04442E-1 7.28788E-1 7.40306E-1 8.1862E-1 8.38879E-1 6.45708E-1 6.50594E-1 6.22313E-1 4.99266E-1 4.90203E-1 4.69504E-1 4.71928E-1 4.19837E-1 4.18279E-1 4.0763E-1 3.97353E-1 3.8157E-1 3.70959E-1 3.22416E-1 3.03748E-1 3.04705E-1 3.02144E-1 3.02938E-1
1.28013E-1 1.29972E-1 1.26687E-1 7.05425E-2 6.89845E-2 7.36549E-2 7.86564E-2 7.93033E-2 7.86887E-2 1.06356E-1 1.03341E-1 1.02558E-1 9.55679E-2 9.57568E-2 1.65045E-1 1.67566E-1 1.49554E-1 1.34947E-1 7.14625E-2 1.31345E-1 1.69837E-1 2.38319E-1 2.07212E-1 1.67649E-1 1.63832E-1 1.35362E-1 7.79508E-2 1.39404E-1 1.45637E-1 1.63412E-1 3.58004E-1 3.89997E-1 3.78622E-1 4.9461E-1 5.0892E-1 5.49171E-1 5.762E-1 5.73212E-1 5.92061E-1 4.48402E-1 4.80246E-1 4.88448E-1 4.83458E-1 6.58169E-1 6.52728E-1 6.82015E-1 6.65374E-1 7.23325E-1 6.93288E-1 7.69656E-1 8.56102E-1 6.13303E-1 8.42887E-1 8.26E-1 6.13862E-1 4.91422E-1 4.87222E-1 5.12941E-1 4.70928E-1 4.15405E-1 3.99386E-1 3.90216E-1 3.75515E-1 3.7772E-1 3.76982E-1 3.37896E-1 3.0826E-1 2.9421E-1 2.92751E-1 2.85677E-1
1.31096E-1 1.30874E-1 7.58852E-2 7.74467E-2 7.7233E-2 8.08228E-2 8.34112E-2 1.02578E-1 9.85144E-2 9.64362E-2 1.69592E-1 1.56627E-1 1.55741E-1 1.52386E-1 1.49721E-1 1.43876E-1 1.3772E-1 1.32915E-1 1.25544E-1 1.34413E-1 1.80836E-1 2.33842E-1 2.73176E-1 2.51769E-1 2.24248E-1 2.35017E-1 1.49972E-1 1.56111E-1 1.64029E-1 1.79221E-1 4.69752E-1 5.24167E-1 5.02527E-1 5.08905E-1 5.47939E-1 5.91683E-1 5.92154E-1 5.94492E-1 5.94288E-1 4.6827E-1 4.82848E-1 4.8641E-1 4.7476E-1 6.73153E-1 6.68557E-1 6.97053E-1 5.17658E-1 6.92153E-1 7.07834E-1 7.23557E-1 8.26154E-1 6.37611E-1 8.28063E-1 8.35163E-1 6.10513E-1 5.63852E-1 4.78931E-1 3.58968E-1 3.33818E-1 3.77576E-1 3.80453E-1 3.92807E-1 3.85751E-1 3.49195E-1 3.52495E-1 3.36764E-1 2.84552E-1 3.04591E-1 2.95027E-1 2.81669E-1
1.45854E-1 1.42862E-1 8.24297E-2 8.53E-2 8.45846E-2 8.74221E-2 1.56575E-1 1.6077E-1 1.58222E-1 1.57407E-1 1.56835E-1 2.00049E-1 1.91966E-1 1.80185E-1 1.74596E-1 1.63352E-1 1.54099E-1 1.35796E-1 1.40592E-1 1.45565E-1 1.47488E-1 2.68754E-1 2.41356E-1 2.60764E-1 2.42755E-1 2.24408E-1 2.33213E-1 2.30412E-1 2.40558E-1 2.59998E-1 5.18446E-1 5.45314E-1 5.33677E-1 5.70422E-1 5.96911E-1 6.22867E-1 6.23062E-1 6.02755E-1 4.65205E-1 4.72517E-1 4.89861E-1 4.85863E-1 5.3709E-1 6.89744E-1 7.04093E-1 5.60516E-1 5.30215E-1 5.57159E-1 7.33868E-1 7.41432E-1 6.4312E-1 6.10779E-1 6.34271E-1 6.14144E-1 5.67711E-1 4.68308E-1 4.30045E-1 2.93217E-1 2.75162E-1 3.84555E-1 3.78E-1 3.39517E-1 3.6901E-1 3.48875E-1 3.26274E-1 2.99975E-1 2.89235E-1 2.70452E-1 3.20202E-1 3.09287E-1
1.19451E-1 1.45666E-1 1.47234E-1 1.45565E-1 1.47729E-1 1.57639E-1 1.64746E-1 1.67314E-1 1.83653E-1 1.80725E-1 1.85751E-1 1.84744E-1 1.80884E-1 1.66889E-1 1.62162E-1 1.58936E-1 1.54203E-1 1.52077E-1 1.46E-1 1.45716E-1 1.68512E-1 2.31183E-1 2.26369E-1 2.35605E-1 2.39694E-1 2.3814E-1 2.50191E-1 2.58209E-1 2.57001E-1 2.72067E-1 5.03072E-1 5.33938E-1 6.08399E-1 6.52027E-1 6.59907E-1 6.55423E-1 6.41787E-1 6.26341E-1 4.75612E-1 4.77972E-1 4.92956E-1 4.94947E-1 5.25876E-1 7.25643E-1 7.08165E-1 5.57442E-1 5.39234E-1 5.67851E-1 5.90181E-1 7.96835E-1 6.57835E-1 6.02952E-1 6.0944E-1 5.68369E-1 4.58665E-1 4.54167E-1 3.81442E-1 3.92612E-1 4.18345E-1 3.7199E-1 3.89028E-1 3.68684E-1 3.77347E-1 3.2464E-1 3.03783E-1 2.7187E-1 2.8084E-1 2.7572E-1 2.96882E-1 3.24729E-1
1.07622E-1 1.10413E-1 1.44936E-1 1.33979E-1 1.53826E-1 1.4775E-1 1.6401E-1 1.78629E-1 2.03561E-1 2.14815E-1 2.27257E-1 2.27441E-1 2.23641E-1 2.04843E-1 1.97875E-1 1.884E-1 1.54774E-1 1.51855E-1 1.60945E-1 1.58178E-1 1.6823E-1 2.39114E-1 2.65623E-1 2.53903E-1 2.95205E-1 2.75049E-1 2.80596E-1 2.75923E-1 2.9638E-1 2.89251E-1 5.22179E-1 5.72991E-1 6.15842E-1 6.38672E-1 6.7999E-1 6.66178E-1 6.70809E-1 6.57812E-1 6.33773E-1 4.82746E-1 4.84368E-1 4.9611E-1 5.39883E-1 5.24778E-1 5.1927E-1 5.0856E-1 5.56872E-1 5.79276E-1 6.0952E-1 8.57325E-1 6.40924E-1 4.68359E-1 5.7172E-1 5.59247E-1 4.17649E-1 4.44066E-1 3.99498E-1 3.88339E-1 3.83503E-1 4.18477E-1 3.56236E-1 3.63637E-1 3.2031E-1 2.83875E-1 2.6954E-1 2.68835E-1 2.458E-1 2.58553E-1 2.78094E-1 2.97702E-1
1.52674E-1 1.13622E-1 1.13971E-1 1.29945E-1 1.56215E-1 1.57405E-1 1.56104E-1 1.65642E-1 1.89832E-1 2.15848E-1 2.28753E-1 2.25683E-1 2.13776E-1 1.91647E-1 1.88607E-1 1.77474E-1 1.7682E-1 1.61645E-1 1.64045E-1 1.65615E-1 1.78234E-1 2.60345E-1 2.77332E-1 3.00184E-1 3.34787E-1 3.52894E-1 3.3937E-1 3.12975E-1 3.40592E-1 3.17071E-1 5.56204E-1 5.96678E-1 6.56585E-1 6.8482E-1 6.87597E-1 6.95E-1 6.87554E-1 6.69754E-1 6.57273E-1 6.58005E-1 5.05441E-1 5.42737E-1 5.31056E-1 5.12086E-1 4.74959E-1 5.18456E-1 5.80741E-1 7.53266E-1 8.11844E-1 8.60501E-1 6.36206E-1 6.30938E-1 5.75996E-1 4.26349E-1 3.97684E-1 4.09053E-1 3.71042E-1 4.02872E-1 3.98116E-1 3.39856E-1 3.65819E-1 3.33686E-1 2.93611E-1 2.87834E-1 3.76403E-2 3.61951E-2 3.58054E-2 4.06482E-2 2.86324E-1 3.01825E-1
1.79387E-1 1.7605E-1 1.67878E-1 1.36061E-1 1.54019E-1 1.67372E-1 1.71313E-1 1.92064E-1 2.29535E-1 2.23597E-1 2.41519E-1 2.35019E-1 2.09646E-1 1.94466E-1 1.81E-1 1.75002E-1 1.79693E-1 1.70495E-1 1.73497E-1 1.71406E-1 2.55861E-1 2.69453E-1 2.84236E-1 5.84452E-1 6.5334E-1 6.21568E-1 6.24429E-1 3.87995E-1 3.76939E-1 3.39808E-1 5.91295E-1 6.19669E-1 6.51968E-1 6.79069E-1 7.10917E-1 7.202E-1 6.9564E-1 6.77101E-1 6.61744E-1 6.3792E-1 4.92647E-1 4.76117E-1 5.07664E-1 4.62085E-1 5.28394E-1 5.53456E-1 5.85273E-1 8.01156E-1 6.55488E-1 6.70551E-1 6.52385E-1 6.36608E-1 5.85228E-1 4.3712E-1 3.67511E-1 4.0173E-1 4.13442E-1 3.69872E-1 3.39079E-1 3.44581E-1 3.61968E-1 2.99355E-1 2.91373E-1 2.82753E-1 4.30184E-2 3.63862E-2 3.46953E-2 4.34101E-2 4.72875E-2 4.57028E-2
1.86341E-1 1.9187E-1 1.81447E-1 2.01414E-1 2.33683E-1 1.75485E-1 1.93028E-1 1.85512E-1 2.26411E-1 2.50463E-1 2.78001E-1 2.66821E-1 2.18538E-1 1.90026E-1 1.71029E-1 1.72989E-1 1.80856E-1 1.77562E-1 1.83231E-1 1.79135E-1 2.7477E-1 2.80994E-1 5.33329E-1 6.05668E-1 6.81038E-1 6.55979E-1 6.22763E-1 6.36246E-1 6.23692E-1 6.28144E-1 6.21232E-1 6.4435E-1 6.82994E-1 6.99486E-1 7.25149E-1 5.98301E-1 7.28589E-1 6.92474E-1 6.62327E-1 4.72126E-1 4.36684E-1 4.8115E-1 6.62343E-1 5.00237E-1 5.50817E-1 5.63305E-1 5.76551E-1 7.88643E-1 6.06705E-1 6.28854E-1 6.31203E-1 6.42479E-1 6.4268E-1 5.98404E-1 4.47493E-1 4.14506E-1 3.62346E-1 3.88233E-1 3.41011E-1 3.40354E-1 2.99973E-1 2.9681E-1 2.81772E-1 2.6254E-1 2.61971E-1 4.43913E-2 4.34554E-2 4.80883E-2 4.82331E-2 4.30374E-2
1.82876E-1 1.72723E-1 1.87385E-1 2.1058E-1 2.35313E-1 2.5825E-1 2.81341E-1 3.08104E-1 2.56301E-1 2.84445E-1 3.23347E-1 3.28235E-1 2.60875E-1 2.16391E-1 1.92643E-1 1.80876E-1 1.96327E-1 1.9349E-1 1.91554E-1 1.91483E-1 2.8536E-1 2.80838E-1 2.92032E-1 5.75953E-1 6.48917E-1 6.64699E-1 6.76301E-1 6.4121E-1 6.52435E-1 6.603E-1 6.37461E-1 6.62262E-1 6.88701E-1 7.09788E-1 7.21907E-1 5.96213E-1 7.26583E-1 7.13694E-1 6.64905E-1 4.35969E-1 4.39051E-1 4.94411E-1 6.75529E-1 6.7731E-1 8.17097E-1 7.00991E-1 7.23155E-1 4.41375E-1 5.34926E-1 5.60808E-1 5.77807E-1 6.16265E-1 6.1121E-1 5.72632E-1 4.9868E-1 4.54275E-1 3.93655E-1 3.67398E-1 3.24568E-1 3.16449E-1 3.15137E-1 2.74275E-1 2.796E-1 2.66811E-1 2.73829E-1 2.55163E-1 4.49797E-2 2.84186E-1 2.71546E-1 2.67272E-1
1.87156E-1 1.69346E-1 1.98724E-1 2.18795E-1 2.49337E-1 2.64581E-1 2.84242E-1 3.22689E-1 3.4841E-1 3.31281E-1 3.14807E-1 2.96642E-1 2.6355E-1 2.05254E-1 1.8597E-1 1.91748E-1 2.0057E-1 2.05764E-1 2.19669E-1 2.13365E-1 2.96806E-1 5.18393E-1 1.86603E-1 5.70727E-1 6.46555E-1 6.52751E-1 6.74843E-1 5.27137E-1 5.47301E-1 5.21276E-1 5.41037E-1 5.72553E-1 7.00523E-1 7.14784E-1 7.39431E-1 7.31357E-1 7.30724E-1 7.6711E-1 6.98663E-1 4.94472E-1 4.65647E-1 6.66838E-1 7.10813E-1 8.06355E-1 5.75729E-1 5.70089E-1 5.43154E-1 3.74168E-1 5.02939E-1 5.65465E-1 5.93228E-1 5.98878E-1 6.11413E-1 6.12929E-1 5.09699E-1 4.45139E-1 3.82334E-1 3.69551E-1 3.11815E-1 3.03383E-1 3.17739E-1 3.10232E-1 2.98356E-1 2.51709E-1 2.69969E-1 2.65597E-1 4.17112E-2 4.52701E-2 2.89877E-1 2.93071E-1
1.82832E-1 1.77819E-1 1.99756E-1 2.3376E-1 2.47654E-1 2.67141E-1 2.86497E-1 3.10232E-1 3.81065E-1 4.4811E-1 3.27436E-1 3.42522E-1 2.44821E-1 2.21209E-1 2.03564E-1 2.08853E-1 2.39488E-1 4.72653E-1 4.49105E-1 4.47586E-1 5.56661E-1 5.62812E-1 4.16972E-1 4.62473E-1 6.53832E-1 6.74201E-1 5.5395E-1 5.54239E-1 5.58304E-1 5.79346E-1 5.58159E-1 5.72225E-1 7.01688E-1 7.32737E-1 7.5212E-1 6.63209E-1 8.20822E-1 5.55791E-1 7.00526E-1 7.49732E-1 7.05573E-1 6.05399E-1 4.56402E-1 5.7035E-1 5.67171E-1 5.0828E-1 5.02681E-1 4.68136E-1 4.65355E-1 5.5787E-1 5.87534E-1 5.79783E-1 5.69782E-1 5.84928E-1 5.6702E-1 4.32456E-1 3.94674E-1 3.18849E-1 3.31681E-1 3.28517E-1 3.28561E-1 3.03497E-1 2.87604E-1 2.85969E-1 3.40787E-1 3.31615E-1 3.48756E-1 3.68632E-1 2.93917E-1 2.64814E-1
1.73223E-1 1.76237E-1 2.19563E-1 2.34239E-1 2.52759E-1 2.99069E-1 3.24627E-1 3.22451E-1 4.00114E-1 3.92151E-1 4.25401E-1 2.8481E-1 2.70467E-1 2.35317E-1 2.50973E-1 2.49805E-1 4.66817E-1 5.11856E-1 4.83217E-1 4.81465E-1 5.98766E-1 6.14445E-1 4.66747E-1 5.10423E-1 5.25651E-1 5.81842E-1 5.91125E-1 5.94628E-1 5.91731E-1 5.87985E-1 5.88848E-1 5.83181E-1 7.4591E-1 7.94745E-1 8.33494E-1 7.13747E-1 4.90332E-1 3.28519E-1 7.12968E-1 7.71461E-1 7.93096E-1 4.29987E-1 4.32649E-1 3.98983E-1 5.19746E-1 4.78492E-1 3.10377E-1 4.56657E-1 4.46925E-1 4.31573E-1 4.88927E-1 5.47091E-1 5.5047E-1 5.41794E-1 5.26721E-1 5.39916E-1 4.05245E-1 3.2353E-1 3.30035E-1 3.28971E-1 3.2906E-1 3.87717E-1 3.51727E-1 6.11612E-2 5.5937E-2 6.05874E-2 6.1419E-2 6.22496E-2 6.03561E-2 3.87154E-2
1.82155E-1 1.98474E-1 2.51324E-1 2.73818E-1 2.93653E-1 3.06835E-1 3.29597E-1 3.17698E-1 3.77886E-1 4.0195E-1 4.10776E-1 2.75483E-1 2.78485E-1 2.87766E-1 2.48604E-1 4.67223E-1 4.98653E-1 5.28141E-1 5.25738E-1 5.40674E-1 5.54609E-1 6.67347E-1 5.50571E-1 5.62548E-1 5.79181E-1 5.91665E-1 6.10935E-1 6.1794E-1 6.07448E-1 6.04491E-1 6.1012E-1 6.18894E-1 8.11732E-1 5.86396E-1 4.24413E-1 5.24657E-1 3.27133E-1 3.96141E-1 6.7309E-1 7.05508E-1 8.06296E-1 4.30829E-1 3.50541E-1 3.43714E-1 4.81863E-1 4.7059E-1 2.97267E-1 4.36348E-1 4.36095E-1 4.43717E-1 4.4954E-1 4.85694E-1 3.79461E-1 3.55038E-1 5.10166E-1 5.10796E-1 4.88505E-1 4.01088E-1 8.04097E-2 6.72501E-2 4.69684E-2 7.06488E-2 6.84416E-2 5.74938E-2 5.18865E-2 5.44444E-2 5.75765E-2 5.79633E-2 5.60862E-2 5.47429E-2
2.06252E-1 2.42446E-1 2.8036E-1 2.79114E-1 2.98764E-1 3.15199E-1 3.28741E-1 3.57658E-1 3.44739E-1 3.62484E-1 3.52728E-1 2.93836E-1 2.72976E-1 5.24947E-1 4.88833E-1 5.0516E-1 5.29422E-1 5.42813E-1 5.61688E-1 5.86032E-1 5.92102E-1 7.09928E-1 5.96678E-1 6.05128E-1 6.20142E-1 6.25399E-1 6.44871E-1 6.37807E-1 6.4354E-1 6.30808E-1 7.43658E-1 6.98782E-1 3.75453E-1 3.45497E-1 3.3563E-1 3.78267E-1 3.01744E-1 3.26837E-1 4.6617E-1 7.77556E-1 7.93977E-1 4.24845E-1 3.25656E-1 3.12515E-1 3.00621E-1 4.13247E-1 4.35306E-1 4.06487E-1 4.15762E-1 4.31964E-1 4.27985E-1 3.29827E-1 3.30353E-1 3.38838E-1 3.28169E-1 3.32109E-1 3.163E-1 4.05989E-1 5.99855E-2 5.72855E-2 5.5903E-2 6.5221E-2 6.58551E-2 6.79795E-2 5.63763E-2 5.36832E-2 5.35779E-2 4.81554E-2 4.87604E-2 5.09975E-2
2.11086E-1 2.24704E-1 2.66938E-1 3.10579E-1 3.38641E-1 3.09884E-1 3.26121E-1 3.46883E-1 3.55934E-1 1.92961E-1 3.37519E-1 3.7856E-1 5.39822E-1 5.16404E-1 5.11092E-1 5.24436E-1 5.4935E-1 5.93933E-1 6.11504E-1 6.32078E-1 6.43129E-1 6.62342E-1 6.27036E-1 6.39408E-1 6.4842E-1 6.52561E-1 6.71518E-1 6.57756E-1 6.69282E-1 6.72672E-1 7.05287E-1 7.71323E-1 4.92086E-2 3.4077E-1 3.00874E-1 3.70194E-1 3.29417E-1 3.17786E-1 4.49079E-1 5.10525E-1 5.31416E-1 3.40301E-1 3.30031E-1 3.10513E-1 2.43308E-1 3.9967E-1 4.03041E-1 3.97957E-1 3.77966E-1 4.13605E-1 4.07458E-1 3.1251E-1 2.94987E-1 2.8633E-1 3.08435E-1 3.00244E-1 2.93398E-1 4.18785E-2 5.95657E-2 5.67048E-2 5.65462E-2 6.4753E-2 7.04769E-2 7.49819E-2 5.66777E-2 5.00252E-2 5.05988E-2 4.12892E-2 4.19358E-2 4.57668E-2
1.92594E-1 2.3736E-1 2.5256E-1 2.99426E-1 3.31121E-1 3.4807E-1 3.29474E-1 3.43072E-1 2.09796E-1 2.07539E-1 5.89909E-1 6.07787E-1 5.46233E-1 5.3961E-1 5.79579E-1 5.7768E-1 5.89328E-1 6.05812E-1 6.28749E-1 6.56635E-1 6.67923E-1 6.9014E-1 6.50927E-1 6.49412E-1 6.57327E-1 6.72993E-1 6.94807E-1 6.81956E-1 6.85706E-1 7.49702E-1 5.28015E-1 4.76872E-1 3.67097E-1 2.63251E-1 2.91419E-1 3.6747E-1 3.53871E-1 3.23262E-1 5.01726E-1 3.79119E-1 3.6756E-1 3.42282E-1 3.13098E-1 2.74153E-1 3.89013E-1 3.7871E-1 3.57441E-1 3.81157E-1 4.18194E-1 4.3368E-1 2.83566E-1 2.98264E-1 2.67722E-1 4.68794E-2 2.81184E-1 3.0824E-1 4.52408E-2 3.56121E-2 6.06513E-2 5.95592E-2 6.67068E-2 6.91363E-2 7.26512E-2 7.47778E-2 6.14925E-2 5.30877E-2 4.10778E-2 3.88055E-2 3.90039E-2 4.21738E-2
