KUENM_DEFAULT/Final_Models/M_1_F_lqpth_Set_1_NE/sp1_5.asc
ncols         197
nrows         210
xllcorner     56.1666666666667
yllcorner     4.5
cellsize      0.166666666666667
NODATA_value  -9999
[rows 0 to 28 of 210, columns 65 to 129 of 197]
-9999 -9999 -9999 -9999 -9999 -9999 -9999 -9999 -9999 -9999 -9999 -9999 -9999 -9999 -9999 -9999 -9999 -9999 -9999 -9999 -9999 -9999 -9999 -9999 -9999 -9999 -9999 -9999 -9999 1.90182E-3 1.06352E-3 1.21631E-3 2.08273E-3 1.56489E-3 4.66125E-4 2.89755E-4 2.68272E-4 3.47844E-4 2.47766E-4 1.71421E-4 -9999 -9999 -9999 -9999 -9999 -9999 -9999 -9999 -9999 -9999 -9999 -9999 -9999 -9999 -9999 -9999 -9999 -9999 -9999 -9999 -9999 -9999 -9999 -9999 -9999
-9999 -9999 -9999 -9999 -9999 -9999 -9999 -9999 -9999 -9999 -9999 -9999 -9999 -9999 -9999 -9999 -9999 -9999 -9999 -9999 -9999 -9999 -9999 3.58813E-3 2.4535E-3 5.7752E-3 4.16723E-3 2.74593E-3 7.08126E-4 4.52886E-5 5.98571E-4 8.15603E-4 6.20693E-4 4.73746E-4 2.67694E-4 1.90683E-4 2.27246E-4 3.20464E-4 2.44709E-4 1.69356E-4 1.4203E-4 1.21494E-4 3.64729E-5 7.44584E-5 2.68651E-5 1.70714E-5 -9999 -9999 -9999 -9999 -9999 -9999 -9999 -9999 -9999 -9999 -9999 -9999 -9999 -9999 -9999 -9999 -9999 -9999 -9999
-9999 -9999 -9999 -9999 -9999 -9999 -9999 -9999 -9999 -9999 -9999 -9999 -9999 -9999 -9999 -9999 -9999 -9999 -9999 9.2237E-3 6.94442E-3 8.06458E-3 8.64124E-3 5.76876E-3 3.26647E-3 2.0235E-3 8.1731E-4 1.134E-3 1.06117E-3 5.75591E-4 3.26209E-5 7.08452E-4 5.50429E-4 4.45139E-4 2.53976E-4 2.49402E-4 7.78581E-4 2.90457E-4 2.35256E-4 1.86024E-4 1.14761E-4 1.09435E-4 7.948E-5 1.54598E-5 8.82328E-6 8.00118E-6 1.09855E-5 5.13545E-6 6.97956E-6 1.92896E-5 -9999 -9999 -9999 -9999 -9999 -9999 -9999 -9999 -9999 -9999 -9999 -9999 -9999 -9999 -9999
-9999 -9999 -9999 -9999 -9999 -9999 -9999 -9999 -9999 -9999 -9999 -9999 -9999 -9999 -9999 -9999 3.42794E-4 7.63885E-3 1.94484E-2 5.90942E-3 4.25458E-3 1.52377E-3 1.95255E-3 3.05594E-3 2.14794E-3 7.95557E-4 9.85136E-4 1.13884E-3 4.02345E-5 3.11936E-5 2.18425E-5 4.82426E-4 2.67524E-4 2.69725E-4 4.05831E-4 2.92283E-4 3.76267E-4 2.7765E-4 2.13231E-4 1.52791E-4 1.10318E-4 9.22738E-5 2.0254E-5 1.02714E-5 7.196E-6 5.17747E-6 4.93354E-6 4.40188E-6 4.11272E-6 7.32354E-6 1.47016E-5 2.73725E-5 2.97527E-5 -9999 -9999 -9999 -9999 -9999 -9999 -9999 -9999 -9999 -9999 -9999 -9999
-9999 -9999 -9999 -9999 -9999 -9999 -9999 -9999 -9999 -9999 -9999 -9999 -9999 -9999 7.91242E-3 6.11156E-3 1.73485E-2 9.52411E-3 4.62124E-3 7.97182E-3 5.48392E-3 5.14486E-3 4.63565E-3 1.88499E-3 1.08859E-3 2.17613E-3 7.07732E-4 7.88314E-4 6.60995E-4 5.89125E-4 6.24579E-4 3.56339E-5 2.56286E-4 3.9551E-4 3.90735E-4 8.64892E-4 3.57451E-4 2.48332E-4 1.8655E-4 1.39268E-4 1.04576E-4 3.61872E-5 1.85521E-5 9.65372E-6 7.74669E-6 4.7991E-6 3.39419E-6 5.49545E-6 2.97651E-6 4.7024E-6 5.49743E-6 1.03883E-5 1.26202E-5 2.01382E-5 3.66831E-5 -9999 -9999 -9999 -9999 -9999 -9999 -9999 -9999 -9999 -9999
-9999 -9999 -9999 -9999 -9999 -9999 -9999 -9999 -9999 -9999 -9999 -9999 6.07043E-2 5.20905E-2 1.51755E-2 8.85252E-3 1.3127E-2 1.49742E-2 7.87701E-3 5.66072E-3 3.73457E-3 2.15301E-3 2.34849E-3 2.24241E-3 1.3918E-3 7.46716E-4 6.00716E-5 5.77498E-4 4.51945E-3 1.53233E-3 6.6136E-4 2.59464E-4 0E0 3.67179E-4 5.8204E-4 4.38684E-4 2.93219E-4 2.10918E-4 1.52431E-4 1.24917E-4 8.58292E-5 1.9864E-5 8.43185E-6 5.22647E-6 3.84468E-6 3.3128E-6 2.65282E-6 2.55735E-6 2.37198E-6 2.85501E-6 1.70109E-6 2.92584E-6 2.58613E-6 4.69443E-6 1.75425E-5 3.47715E-5 4.67203E-5 -9999 -9999 -9999 -9999 -9999 -9999 -9999 -9999
-9999 -9999 -9999 -9999 -9999 -9999 -9999 -9999 -9999 -9999 7.64152E-2 5.6453E-2 5.50548E-2 9.43611E-2 6.23559E-2 3.74918E-2 4.39809E-2 2.34498E-2 1.49823E-2 7.06189E-3 2.69097E-3 2.56574E-3 6.48702E-3 7.3438E-3 5.64607E-3 1.62565E-3 1.62265E-3 5.33466E-3 1.20969E-3 1.09599E-3 8.2652E-4 3.89187E-4 6.20359E-4 6.63542E-4 4.80538E-4 3.84197E-4 2.65899E-4 1.8955E-4 1.36403E-4 1.12913E-4 8.30874E-5 1.00047E-5 3.65873E-6 3.0947E-6 2.78656E-6 2.56626E-6 2.09161E-6 1.98632E-6 2.6257E-6 1.52446E-6 1.31968E-6 1.95546E-6 3.46509E-6 4.97303E-6 4.33479E-6 1.04445E-5 1.63531E-5 3.58543E-5 5.56396E-5 -9999 -9999 -9999 -9999 -9999 -9999
-9999 -9999 -9999 -9999 -9999 -9999 -9999 -9999 6.32562E-2 4.97754E-2 1.41037E-1 9.95537E-2 1.69919E-1 7.8732E-2 8.73232E-2 1.13085E-1 8.91571E-2 5.25965E-2 2.25249E-2 6.07333E-3 2.55047E-3 9.15371E-3 1.49559E-3 2.69594E-3 8.95719E-4 3.20997E-3 4.37938E-3 1.59151E-3 9.22849E-4 8.333E-4 6.8084E-4 9.28315E-4 7.60378E-4 5.37435E-4 4.16794E-4 3.30199E-4 2.44104E-4 1.86789E-4 6.08739E-5 9.13479E-5 2.36034E-5 6.97357E-6 3.72431E-6 2.74417E-6 2.66256E-6 2.08441E-6 1.74701E-6 2.09786E-6 2.01363E-6 1.07039E-6 1.0411E-6 1.45119E-6 2.41172E-6 3.31429E-6 2.89989E-6 4.72149E-6 3.7735E-6 2.07417E-5 3.66032E-5 5.54617E-5 6.95479E-5 -9999 -9999 -9999 -9999
-9999 -9999 -9999 -9999 -9999 -9999 -9999 4.76414E-2 5.75577E-2 6.22227E-2 8.15305E-2 8.42965E-2 8.61738E-2 9.61351E-2 9.82453E-2 9.84333E-2 2.51381E-1 1.16217E-1 1.82277E-2 1.26495E-2 1.06426E-2 2.7779E-3 9.97071E-5 9.61827E-4 7.32143E-4 2.78207E-3 1.65601E-3 1.18955E-3 1.18495E-3 1.50631E-3 1.13494E-3 9.05329E-4 5.31268E-4 1.06679E-3 4.37611E-4 3.1117E-4 2.23896E-4 1.71072E-4 1.33045E-4 2.18203E-5 6.5757E-6 3.18695E-6 3.04147E-6 3.8403E-6 3.4827E-6 3.19295E-6 1.57512E-6 1.82324E-6 3.06797E-6 1.7355E-6 1.25054E-6 1.96303E-6 3.21501E-6 2.489E-6 4.26356E-6 6.1872E-6 4.44213E-6 8.88367E-6 2.1682E-5 5.22798E-5 6.20688E-5 6.71243E-5 -9999 -9999 -9999
-9999 -9999 -9999 -9999 -9999 -9999 3.5856E-2 5.30556E-2 4.36909E-2 6.11114E-2 7.00315E-2 7.28429E-2 7.88349E-2 8.92129E-2 9.04316E-2 1.00876E-1 1.06606E-1 9.21271E-2 2.47921E-2 4.11062E-2 2.55224E-3 3.16632E-3 1.97012E-3 9.23315E-4 2.02076E-3 7.333E-3 3.22791E-3 3.09307E-3 1.87703E-3 1.41756E-3 5.90223E-4 4.50929E-4 3.83376E-4 1.01774E-3 3.97048E-4 2.90318E-4 2.12666E-4 1.62777E-4 1.18975E-4 2.20655E-5 1.15297E-5 4.6094E-6 3.20748E-6 3.05335E-6 2.00109E-6 2.94916E-6 1.84963E-6 1.18461E-6 3.13188E-6 3.48083E-6 2.37137E-6 1.53035E-6 2.04357E-6 2.67657E-6 3.27707E-6 8.31145E-6 7.10523E-6 2.66238E-5 3.40692E-5 4.41087E-5 5.36352E-5 6.42209E-5 6.6947E-5 -9999 -9999
-9999 -9999 -9999 -9999 2.01669E-2 4.06615E-2 3.93966E-2 4.79501E-2 4.80978E-2 5.96496E-2 6.02566E-2 6.93385E-2 7.5497E-2 8.20772E-2 9.112E-2 1.03315E-1 9.88905E-2 4.9315E-2 1.72347E-2 5.33096E-2 6.10968E-3 2.21032E-3 1.50443E-3 2.05086E-3 3.31008E-3 1.03404E-3 8.8922E-4 2.4215E-3 7.54438E-4 2.64608E-3 1.04741E-3 8.05766E-4 6.12291E-4 4.60113E-4 3.58014E-4 2.42187E-4 8.55895E-5 2.79369E-5 2.68555E-5 1.36627E-5 5.95925E-6 4.69728E-6 3.18338E-6 2.52056E-6 2.39408E-6 2.01475E-6 2.47728E-6 1.01653E-6 1.36243E-6 2.42706E-6 2.85714E-6 2.78877E-6 2.49793E-6 1.63381E-6 1.34657E-6 1.98033E-6 3.79292E-6 9.37021E-6 1.20221E-5 1.5398E-5 1.75759E-5 2.55386E-5 3.08206E-5 3.33728E-5 3.77734E-5
-9999 -9999 -9999 9.88573E-3 1.38329E-2 3.96797E-2 4.4783E-2 4.89756E-2 5.62855E-2 5.79815E-2 6.05688E-2 6.92701E-2 6.9019E-2 7.77916E-2 9.48122E-2 1.0341E-1 9.80715E-2 1.53398E-1 9.50105E-2 7.95132E-2 2.1973E-2 9.37337E-3 2.1664E-3 4.09499E-3 2.35492E-3 9.9834E-4 1.73194E-3 2.37813E-3 1.7563E-3 8.27152E-4 5.18525E-4 4.92687E-4 6.1995E-4 4.64297E-4 3.4785E-4 2.80377E-4 1.91973E-4 1.492E-4 1.18714E-4 3.51433E-5 1.14344E-5 7.28794E-6 3.38104E-6 2.48682E-6 2.46734E-6 1.99602E-6 1.74771E-6 1.41195E-6 1.11461E-6 2.0374E-6 2.32356E-6 2.10719E-6 1.47624E-6 1.33495E-6 1.10064E-6 1.13043E-6 1.81445E-6 4.07565E-6 6.62865E-6 6.35224E-6 1.61243E-5 1.96556E-5 2.05953E-5 2.05648E-5 2.09437E-5
-9999 -9999 5.55801E-3 7.87615E-3 1.05496E-2 3.65536E-2 4.21481E-2 4.64311E-2 5.24012E-2 5.6412E-2 6.4771E-2 6.8397E-2 6.97568E-2 7.12494E-2 9.50266E-2 1.02342E-1 1.5522E-1 5.45008E-2 3.56612E-2 1.72986E-2 6.36781E-3 6.07009E-3 4.30312E-3 4.38237E-3 2.44574E-3 1.35279E-3 5.82828E-3 2.47547E-3 1.32723E-3 6.33662E-4 7.40088E-4 7.81042E-4 6.02208E-4 4.60241E-4 3.44588E-4 2.69807E-4 2.22376E-4 4.80189E-5 2.84083E-5 1.6821E-5 8.82545E-6 5.65287E-6 3.84871E-6 2.74126E-6 2.0253E-6 2.092E-6 2.41852E-6 1.37276E-6 1.06005E-6 9.7496E-7 2.14907E-6 1.10526E-6 1.58823E-6 1.67335E-6 1.5746E-6 1.92996E-6 1.04318E-6 2.79504E-6 4.86712E-6 8.82232E-6 7.23717E-6 1.0432E-5 1.42049E-5 1.55256E-5 1.54974E-5
-9999 3.90185E-3 4.5916E-3 6.30413E-3 8.65743E-3 1.57282E-2 1.59503E-2 4.52039E-2 2.74438E-2 5.82573E-2 6.39519E-2 7.69668E-2 8.50336E-2 7.82588E-2 9.51856E-2 9.50059E-2 1.3871E-1 3.08413E-2 3.78098E-2 4.78376E-2 1.25976E-1 2.72383E-2 6.37098E-3 5.47771E-3 2.7366E-3 1.1006E-3 2.1927E-3 1.66399E-3 1.7855E-3 1.39947E-3 1.07993E-3 8.06261E-4 5.98227E-4 4.44993E-4 3.70639E-4 3.01129E-4 2.24472E-4 1.63673E-4 1.19228E-4 4.25567E-5 1.84084E-5 1.0569E-5 4.58635E-6 3.04758E-6 1.98769E-6 1.40608E-6 1.15104E-6 8.29163E-7 9.96602E-7 1.08269E-6 2.52606E-6 1.04966E-6 1.22234E-6 1.77865E-6 2.36832E-6 1.22975E-6 1.23791E-6 1.25318E-6 4.52861E-6 4.81738E-6 5.57867E-6 5.79772E-6 5.97185E-6 7.14848E-6 6.72295E-6
3.36718E-3 3.68548E-3 4.66399E-3 5.76309E-3 7.71374E-3 1.20706E-2 1.36874E-2 1.99903E-2 5.06052E-2 5.72384E-2 6.74203E-2 6.90371E-2 7.96655E-2 8.98256E-2 9.48172E-2 9.27836E-2 1.97103E-1 5.26782E-2 2.20179E-1 6.88166E-2 3.96686E-2 1.08724E-1 7.92592E-2 9.46422E-3 3.87026E-3 3.0328E-3 2.45238E-3 1.0801E-3 6.46969E-4 9.92166E-4 6.16516E-4 5.72642E-4 6.00914E-4 5.26969E-4 4.425E-4 2.80375E-4 2.03174E-4 1.58857E-4 1.29553E-4 2.87479E-5 1.63213E-5 7.67827E-6 4.84526E-6 3.73868E-6 2.45425E-6 1.43617E-6 1.20734E-6 1.34942E-6 1.11895E-6 8.67653E-7 1.56015E-6 1.22407E-6 9.09878E-7 2.09184E-6 1.27928E-6 1.37469E-6 9.78893E-7 1.40346E-6 3.30525E-6 2.50805E-6 2.13334E-6 1.48354E-6 2.96821E-6 2.30032E-6 2.95621E-6
3.80794E-3 4.02765E-3 4.78747E-3 5.64757E-3 7.18731E-3 9.81444E-3 1.28634E-2 1.92277E-2 5.02472E-2 5.75354E-2 6.88943E-2 7.00099E-2 7.58179E-2 7.54388E-2 7.82639E-2 7.7485E-2 1.37995E-1 2.13012E-1 1.48894E-1 5.57053E-2 2.74194E-2 5.77939E-3 1.01047E-2 2.71854E-2 5.91471E-3 1.05457E-3 1.27139E-3 1.53171E-3 4.67807E-4 5.8609E-4 1.20937E-3 1.07984E-3 7.20435E-4 4.86537E-4 4.05922E-4 3.33455E-4 2.81642E-4 2.03452E-4 3.18208E-5 3.67403E-5 2.21409E-5 1.09539E-5 8.04166E-6 4.75865E-6 2.72768E-6 1.77075E-6 1.45814E-6 1.00562E-6 1.33375E-6 9.45417E-7 7.56196E-7 1.10399E-6 6.33462E-7 2.39437E-6 1.28498E-6 9.01264E-7 1.05258E-6 9.38056E-7 1.1E-6 1.3136E-6 1.31282E-6 7.49365E-7 1.10838E-6 8.61936E-7 7.8069E-7
4.1947E-3 4.60568E-3 5.45822E-3 6.42742E-3 7.63385E-3 9.64832E-3 1.27659E-2 1.84647E-2 4.7629E-2 5.44158E-2 6.91106E-2 7.72666E-2 7.27331E-2 6.7193E-2 7.99379E-2 7.95996E-2 1.81131E-1 4.78009E-2 5.38248E-2 2.04807E-2 7.98675E-3 2.24328E-3 3.14669E-3 1.19018E-2 4.46304E-3 8.37917E-4 1.15869E-3 3.77054E-3 1.06538E-3 1.91512E-3 2.21951E-3 4.3697E-4 4.54503E-4 6.05243E-4 4.42684E-4 4.13329E-4 2.80424E-4 2.10486E-4 1.65707E-4 1.16572E-4 3.78813E-5 1.87876E-5 8.46855E-6 5.34779E-6 3.58398E-6 3.03025E-6 5.39996E-6 2.82384E-6 1.53328E-6 1.09143E-6 7.92098E-7 6.78589E-7 9.80392E-7 6.75266E-7 2.17772E-6 4.85264E-7 5.81242E-7 7.42568E-7 7.76241E-7 9.35438E-7 6.58509E-7 5.52755E-7 5.75314E-7 5.83112E-7 2.98561E-7
5.05499E-3 1.38039E-2 1.36858E-2 1.70251E-2 2.20072E-2 2.52775E-2 3.07598E-2 3.74347E-2 4.57737E-2 4.98237E-2 5.40099E-2 7.39411E-2 6.51081E-2 5.21179E-2 6.25417E-2 1.62215E-1 5.76485E-2 3.37763E-2 3.5397E-3 1.41959E-2 3.18605E-3 1.21639E-4 4.07675E-3 7.19348E-3 1.91756E-3 1.63017E-3 2.90985E-3 9.52651E-4 1.03923E-3 4.98063E-4 3.46419E-4 1.53909E-3 1.14762E-3 7.74519E-4 5.75059E-4 4.94871E-4 3.44109E-4 2.8671E-4 7.69998E-5 7.00722E-5 2.94246E-5 2.05583E-5 1.33986E-5 7.82273E-6 5.42656E-6 4.08383E-6 6.41212E-6 6.04927E-6 1.57673E-6 9.18919E-7 9.60427E-7 5.28333E-7 4.39155E-7 1.4657E-6 1.80279E-6 1.77848E-6 1.28562E-6 3.615E-7 5.10745E-7 5.26543E-7 5.84118E-7 4.78907E-7 4.1577E-7 4.07693E-7 4.49588E-7
5.77111E-3 6.13572E-3 7.22383E-3 1.38138E-2 1.88795E-2 2.33736E-2 2.37756E-2 2.61077E-2 3.91546E-2 4.89604E-2 5.43936E-2 5.48248E-2 4.5686E-2 4.96216E-2 8.98945E-2 2.87376E-2 3.91567E-4 9.25157E-3 2.08063E-4 1.86125E-4 9.54102E-5 7.05078E-5 4.1365E-3 1.3124E-3 7.46861E-4 1.22158E-3 1.0753E-3 6.43477E-4 3.83038E-4 4.18968E-4 2.67018E-3 1.56149E-3 1.88992E-3 1.16211E-3 6.88012E-4 4.08334E-4 3.87885E-4 4.24326E-4 9.98183E-5 1.89079E-4 5.42289E-5 3.58833E-5 2.03643E-5 1.61789E-5 7.09585E-6 6.08316E-6 4.20528E-6 1.07101E-5 2.09053E-6 1.78169E-6 2.22237E-6 9.96558E-7 8.50633E-7 8.1397E-7 1.21959E-6 5.42506E-7 7.92009E-7 9.19532E-7 1.03782E-6 6.73824E-7 7.89277E-7 6.44035E-7 6.42489E-7 4.18211E-7 5.76883E-7
4.45515E-3 1.02455E-2 9.86638E-3 1.13789E-2 1.55485E-2 1.93087E-2 2.03433E-2 2.19994E-2 2.78823E-2 4.27084E-2 5.44968E-2 4.82658E-2 4.19758E-2 4.21808E-2 6.29176E-4 1.01376E-2 1.00087E-4 4.36687E-3 3.21261E-4 9.95833E-5 4.21639E-5 9.67143E-5 1.72401E-3 5.44385E-5 7.3454E-5 6.89442E-4 6.02347E-4 1.14565E-3 8.94093E-4 7.03989E-4 3.04892E-3 3.6222E-3 1.87175E-3 1.18281E-3 7.24794E-4 6.35573E-4 5.00953E-4 5.71837E-4 2.25262E-4 1.31335E-4 1.29392E-4 5.84785E-5 3.60205E-5 5.29052E-5 3.95845E-5 3.07532E-5 2.49148E-5 6.77695E-6 1.94437E-6 1.41211E-6 1.33055E-6 1.14082E-6 9.73145E-7 6.74457E-7 5.39027E-7 9.90227E-7 4.53954E-7 7.13333E-7 7.48883E-7 6.38758E-7 4.55177E-7 4.21937E-7 4.79414E-7 6.45498E-7 5.03148E-7
3.86443E-3 4.24018E-3 7.77729E-3 8.59295E-3 8.66512E-3 8.13642E-3 1.32816E-2 1.49877E-2 1.87027E-2 4.12621E-2 4.76753E-2 3.98495E-2 4.34294E-2 3.5368E-2 1.25783E-2 2.98089E-2 3.59399E-4 1.12927E-4 1.3434E-4 1.59107E-4 5.89926E-5 8.94965E-5 2.01264E-4 1.1786E-4 7.07248E-5 7.44499E-4 1.16303E-3 2.15514E-3 3.90413E-3 3.27592E-3 5.16006E-3 8.58593E-4 1.55231E-3 1.07985E-3 9.24479E-4 7.41532E-4 7.02764E-4 5.4051E-4 4.51255E-4 3.16165E-4 3.91312E-4 1.63696E-4 1.41448E-4 2.06473E-4 3.21802E-5 1.98736E-5 6.92751E-6 4.21579E-6 3.37274E-6 2.39812E-6 1.27717E-6 8.33972E-7 6.08376E-7 5.25805E-7 6.00922E-7 5.55453E-7 1.10573E-6 7.31207E-7 3.92188E-7 5.30248E-7 3.76474E-7 4.32631E-7 4.44431E-7 5.99498E-7 6.18759E-7
2.74648E-3 3.32689E-3 7.19528E-3 4.62264E-3 4.02107E-3 6.89574E-3 1.07382E-2 9.1019E-3 1.70207E-2 3.92913E-2 4.19504E-2 3.26297E-2 5.31956E-2 2.19319E-2 5.30895E-4 1.20789E-2 2.15283E-4 6.66794E-5 7.50301E-5 5.08999E-5 9.4188E-5 1.42735E-4 7.85088E-5 1.33657E-4 4.93965E-5 1.29823E-3 1.34391E-3 2.05855E-3 2.08468E-2 1.40155E-2 2.13747E-3 7.94365E-4 9.1734E-4 1.66494E-3 8.46459E-4 7.12906E-4 5.59061E-4 5.81019E-4 6.04591E-4 5.01278E-4 4.01327E-4 3.11797E-4 3.395E-4 3.77379E-4 4.9563E-4 1.00532E-4 7.71878E-5 7.68569E-6 4.84167E-6 7.19735E-6 4.55941E-6 1.53897E-6 1.39511E-6 1.12745E-6 6.99307E-7 5.32222E-7 4.56786E-7 3.75883E-7 6.84792E-7 5.38332E-7 2.88592E-7 3.7406E-7 5.02216E-7 6.20941E-7 4.88859E-7
3.83568E-3 3.96661E-3 3.94334E-3 3.41804E-3 4.77445E-3 6.64925E-3 5.63102E-3 3.41042E-3 1.33618E-2 2.4677E-2 3.37155E-2 2.65125E-2 1.59732E-2 1.89953E-2 7.79552E-3 1.23572E-4 7.07863E-5 6.5612E-5 8.36784E-5 6.69067E-5 5.29296E-5 5.63608E-5 9.70364E-5 5.8844E-5 8.50486E-5 1.49451E-3 2.02649E-3 2.16984E-3 1.96389E-2 3.02016E-3 2.0769E-3 9.15656E-4 1.22345E-3 3.25243E-3 1.40449E-3 1.37023E-3 1.00418E-3 1.04783E-3 1.70395E-3 1.33996E-3 9.00995E-4 1.16688E-3 4.04597E-4 3.01419E-4 4.60859E-4 1.10843E-3 4.86056E-4 3.87122E-5 1.86906E-5 6.24222E-6 1.37586E-5 6.87995E-6 3.46231E-6 3.27598E-6 9.89491E-7 1.10727E-6 6.12434E-7 4.77347E-7 4.47026E-7 4.0432E-7 3.4477E-7 2.79448E-7 0E0 4.36087E-7 4.82154E-7
1.6849E-3 2.33109E-3 1.98039E-3 2.54178E-3 3.20707E-3 3.76885E-3 2.95325E-3 6.74209E-3 1.52796E-2 2.31504E-2 2.72E-2 2.61655E-2 1.66964E-2 1.97437E-2 7.39097E-4 1.73458E-4 1.05338E-4 2.24376E-4 9.5177E-5 7.07926E-5 1.0434E-4 6.5865E-5 5.92663E-5 7.76659E-5 1.01395E-4 2.98569E-3 2.2735E-3 3.279E-3 2.32816E-2 5.78558E-3 2.138E-3 2.7994E-3 2.79906E-3 3.53795E-3 4.97215E-3 3.9385E-3 1.98673E-3 2.45287E-3 7.23989E-3 1.16924E-2 9.26968E-3 7.89269E-3 2.98893E-3 8.6254E-4 3.63796E-4 3.48071E-3 5.74223E-4 9.43093E-5 1.42568E-4 8.66666E-5 1.86265E-5 3.00811E-5 3.16616E-6 2.03466E-6 1.67942E-6 7.84757E-7 8.68588E-7 4.71373E-7 4.0656E-7 3.44285E-7 3.42351E-7 3.17906E-7 3.70942E-7 4.62011E-7 4.66149E-7
1.55356E-3 1.45396E-3 1.83343E-3 2.17115E-3 3.33076E-3 3.51299E-3 4.86714E-3 1.27097E-2 1.02277E-2 5.67564E-3 3.19178E-3 3.3683E-4 2.45149E-4 8.71703E-5 7.38326E-5 1.50074E-4 2.43405E-4 8.31588E-5 1.16919E-4 1.63564E-4 1.12949E-4 8.88226E-5 1.17506E-4 1.75155E-4 1.24554E-4 3.64907E-3 1.3705E-2 2.10038E-2 1.6264E-2 4.07262E-3 1.16682E-2 7.47156E-3 2.81043E-3 5.02966E-3 1.60419E-3 7.4977E-3 2.60764E-2 3.2458E-2 3.86717E-3 3.01215E-3 6.31718E-3 1.25269E-2 1.58728E-2 1.02517E-2 5.89038E-3 1.22245E-3 6.36149E-4 4.37447E-4 2.64167E-5 1.29403E-5 8.91237E-5 6.23735E-5 5.86767E-5 2.3013E-6 2.41383E-6 1.22676E-6 1.71842E-6 8.55492E-7 6.9786E-7 3.80166E-7 6.43212E-7 0E0 2.95476E-7 4.73339E-7 4.75435E-7
1.29694E-3 1.35495E-3 1.47127E-3 5.00355E-4 7.41823E-4 1.17826E-3 4.82531E-3 5.16262E-3 2.87524E-3 1.56641E-4 5.63732E-5 1.04333E-4 2.79352E-4 8.82423E-3 7.17181E-3 2.60722E-4 1.46627E-4 7.05387E-5 1.94205E-4 6.30443E-4 3.05152E-4 1.12031E-4 2.87759E-4 4.45318E-4 3.11553E-4 6.11868E-4 2.00591E-2 4.45055E-2 6.60008E-3 2.60481E-3 1.19466E-2 3.26854E-3 3.63084E-3 1.03697E-2 2.15733E-3 3.87811E-3 1.09883E-2 2.11702E-2 3.75128E-3 2.05291E-3 1.77886E-3 1.8786E-3 3.35876E-3 2.56819E-3 5.11593E-4 1.6934E-4 7.92544E-4 7.91473E-4 7.25826E-5 1.95872E-5 1.43539E-5 1.06257E-4 1.80029E-5 3.49249E-5 8.24443E-6 1.07033E-5 1.28463E-5 5.91795E-6 1.81706E-6 6.30298E-7 4.95971E-7 1.10759E-6 3.44434E-7 3.24527E-7 6.65558E-7
1.04074E-3 1.8513E-3 1.31677E-3 1.37818E-3 1.90377E-3 2.16271E-3 2.87595E-3 1.74089E-3 1.60408E-3 1.73E-3 7.34859E-3 9.51301E-3 2.75617E-2 5.43363E-2 2.60505E-2 5.8048E-3 1.82168E-4 2.00214E-4 2.29982E-4 8.69292E-3 1.29248E-2 5.94399E-4 9.42791E-3 1.6313E-2 4.19395E-4 2.43771E-2 3.94799E-2 1.4437E-3 3.33615E-3 4.36833E-3 4.17537E-3 1.43678E-3 3.20144E-3 1.44703E-2 5.72336E-3 3.40843E-2 2.20537E-2 4.49225E-3 2.20533E-3 3.55322E-3 3.96678E-3 1.51416E-3 1.1182E-3 8.07334E-4 4.13537E-4 3.34824E-4 1.00225E-3 4.5423E-4 3.66552E-4 4.26293E-5 3.76648E-5 1.61559E-5 6.44452E-6 2.65521E-5 1.79561E-5 2.44399E-6 6.20171E-6 1.58797E-6 1.09634E-6 6.15583E-7 4.13814E-7 1.36001E-6 5.68442E-7 3.99052E-7 4.89872E-7
1.60122E-3 1.04042E-3 1.17152E-3 1.31379E-3 2.57845E-3 1.83213E-3 2.4395E-3 3.1106E-3 4.69675E-3 7.52251E-3 1.09501E-2 1.09108E-2 3.8973E-2 4.56695E-2 3.69467E-2 3.75073E-2 1.4406E-2 3.62801E-4 2.50474E-2 1.32507E-2 6.08829E-2 7.23588E-4 1.53734E-2 3.66311E-2 5.11675E-2 6.9952E-2 4.38528E-3 9.05989E-3 1.19109E-2 9.37457E-3 4.60576E-3 5.1336E-3 1.00346E-2 3.07621E-3 3.61021E-3 5.83209E-3 1.0024E-2 3.56415E-3 2.17497E-3 2.64524E-3 2.74508E-3 1.91219E-3 4.12621E-3 5.71336E-3 5.39503E-3 8.8358E-4 6.05153E-4 8.57798E-4 3.84188E-4 2.68021E-4 2.32725E-4 1.77478E-5 4.60535E-6 3.34898E-6 8.74243E-6 1.39879E-5 1.45336E-6 3.96306E-6 4.34322E-6 1.11187E-6 8.832E-7 5.95076E-7 1.82771E-6 6.42674E-7 3.55666E-7
1.29776E-3 1.10662E-3 1.86004E-3 1.21901E-3 2.46752E-3 1.6925E-3 3.60404E-3 8.7981E-3 6.73235E-3 1.76769E-2 5.59231E-3 2.07921E-3 4.58481E-2 4.03129E-2 1.88703E-2 4.24567E-2 4.66665E-2 2.04611E-2 7.91365E-2 9.11801E-2 4.72909E-2 1.14654E-2 1.60094E-2 6.83779E-2 1.17097E-1 5.78069E-2 1.5502E-1 1.60609E-1 1.59411E-1 1.12826E-2 1.44525E-2 1.44543E-2 7.73435E-3 2.7539E-3 7.11674E-3 6.86788E-3 2.25963E-3 6.76938E-4 4.05761E-3 5.96399E-3 1.92402E-3 3.16387E-3 5.31938E-3 5.59722E-3 5.51417E-3 3.50356E-3 3.09526E-3 1.87442E-3 9.82086E-4 4.80085E-4 2.31993E-4 4.43067E-5 3.88087E-5 6.42964E-6 1.57361E-5 3.454E-5 1.58441E-6 8.98365E-7 7.15679E-7 2.08399E-6 2.43346E-6 2.69524E-6 1.31307E-6 3.09017E-6 4.24226E-7
