KUENM_DEFAULT/Final_Models/M_1_F_lqpth_Set_1_NE/sp1_1_se_asia.asc
ncols         320
nrows         243
xllcorner     44.0
yllcorner     -0.666666666666667
cellsize      0.166666666666667
NODATA_value  -9999
[rows 62 to 92 of 243, columns 210 to 279 of 320]
6.52376E-3 1.63579E-3 7.49444E-4 2.95341E-4 6.47852E-4 2.13445E-3 2.73822E-3 2.9447E-3 4.84685E-3 2.65374E-3 5.52308E-3 5.74567E-3 2.63161E-3 3.21066E-3 9.97099E-3 5.18155E-3 3.54671E-2 8.68262E-3 5.55201E-3 2.57139E-3 7.57489E-4 1.69768E-3 2.02424E-3 3.13995E-3 3.85789E-3 3.07488E-3 -9999 -9999 -9999 -9999 -9999 -9999 -9999 -9999 -9999 -9999 -9999 -9999 -9999 -9999 -9999 -9999 -9999 -9999 -9999 -9999 -9999 -9999 -9999 -9999 -9999 -9999 -9999 -9999 -9999 -9999 -9999 -9999 -9999 -9999 -9999 -9999 -9999 -9999 -9999 -9999 -9999 -9999 -9999 -9999
1.90477E-2 5.83543E-3 1.3619E-3 1.01616E-3 1.23655E-3 1.89841E-3 2.66892E-3 3.59133E-3 5.36685E-3 2.84149E-3 6.36272E-3 8.05534E-3 8.67597E-3 1.10362E-2 3.58076E-3 4.44047E-3 9.21703E-3 9.37459E-3 8.20278E-3 7.01473E-3 2.66647E-3 1.06882E-3 1.07392E-3 3.17787E-3 2.88496E-3 2.95628E-3 1.398E-3 -9999 -9999 1.70271E-3 1.58931E-3 -9999 -9999 -9999 -9999 -9999 -9999 -9999 -9999 -9999 -9999 -9999 -9999 -9999 -9999 -9999 -9999 -9999 -9999 -9999 -9999 -9999 -9999 -9999 -9999 -9999 -9999 -9999 -9999 -9999 -9999 -9999 -9999 -9999 -9999 -9999 -9999 -9999 -9999 -9999
4.10315E-2 2.13841E-2 1.02327E-2 5.45466E-3 3.45131E-3 3.12791E-3 5.20248E-3 4.62084E-3 3.94106E-3 4.78473E-3 5.54203E-3 2.58543E-3 6.86122E-3 7.31707E-3 9.23514E-3 1.21747E-2 1.01216E-2 4.09412E-3 2.92481E-3 2.01077E-3 2.76526E-3 4.42093E-3 2.06692E-3 3.25702E-3 2.71214E-3 2.80041E-3 2.54778E-3 1.09714E-3 7.642E-4 4.6329E-3 1.62258E-3 -9999 -9999 -9999 -9999 -9999 -9999 -9999 -9999 -9999 -9999 -9999 -9999 -9999 -9999 -9999 -9999 -9999 -9999 -9999 -9999 -9999 -9999 -9999 -9999 -9999 -9999 -9999 -9999 -9999 -9999 -9999 -9999 -9999 -9999 -9999 -9999 -9999 -9999 -9999
7.68993E-2 5.14082E-2 4.42422E-2 3.12257E-2 1.87424E-2 1.27323E-2 1.83439E-2 2.50899E-2 1.03172E-2 4.43264E-3 3.55736E-3 3.0963E-3 4.58148E-3 5.28421E-3 7.00311E-3 7.88122E-3 1.10346E-2 8.11234E-3 6.20251E-3 4.6094E-3 2.15117E-3 1.94181E-3 2.70191E-3 4.40153E-3 3.21179E-3 4.17318E-3 2.88286E-3 1.34763E-3 3.7614E-3 3.78179E-3 8.84011E-4 -9999 -9999 -9999 -9999 -9999 -9999 -9999 -9999 -9999 -9999 -9999 -9999 -9999 -9999 -9999 -9999 -9999 -9999 -9999 -9999 -9999 -9999 -9999 -9999 -9999 -9999 -9999 -9999 -9999 -9999 -9999 -9999 -9999 -9999 -9999 -9999 -9999 -9999 -9999
1.02341E-1 8.5453E-2 7.48411E-2 6.13362E-2 4.19E-2 2.59741E-2 2.45636E-2 1.67235E-2 8.86825E-3 7.26005E-3 5.2436E-3 3.392E-3 3.1078E-3 4.71119E-3 7.7581E-3 5.64666E-3 6.92326E-3 8.13038E-3 5.88747E-3 4.662E-3 4.44696E-3 1.93954E-3 3.12882E-3 2.67538E-3 1.16123E-3 1.3844E-3 1.0212E-3 3.54965E-3 5.62266E-3 2.11506E-3 1.23163E-3 1.56109E-3 6.16962E-4 -9999 -9999 -9999 -9999 -9999 -9999 -9999 -9999 -9999 -9999 -9999 -9999 -9999 -9999 -9999 -9999 -9999 -9999 -9999 -9999 -9999 -9999 -9999 -9999 -9999 -9999 -9999 -9999 -9999 -9999 -9999 -9999 -9999 -9999 -9999 -9999 -9999
1.25365E-1 1.06029E-1 9.08585E-2 7.21012E-2 4.72351E-2 3.14281E-2 3.31429E-2 2.19646E-2 1.1509E-2 9.52711E-3 9.53317E-3 6.70778E-3 5.68066E-3 3.88409E-3 2.34043E-3 1.52831E-3 3.46387E-3 5.2066E-3 3.39309E-3 2.8344E-3 3.04722E-3 2.6183E-3 1.44587E-3 4.60221E-3 5.40978E-3 4.43817E-3 2.69373E-3 6.19869E-3 1.12536E-2 1.61991E-3 2.13551E-3 2.63611E-3 7.50309E-3 1.30677E-3 3.70895E-3 -9999 1.41372E-3 -9999 -9999 -9999 -9999 -9999 -9999 -9999 -9999 -9999 -9999 -9999 -9999 -9999 -9999 -9999 -9999 -9999 -9999 -9999 -9999 -9999 -9999 -9999 -9999 -9999 -9999 -9999 -9999 -9999 -9999 -9999 -9999 -9999
1.23315E-1 1.2385E-1 1.04365E-1 7.15163E-2 4.28263E-2 3.46328E-2 3.93667E-2 3.75385E-2 2.40657E-2 2.09202E-2 1.82448E-2 1.63126E-2 1.19068E-2 9.06343E-3 4.29846E-3 1.42658E-3 1.82755E-3 3.82357E-3 6.96988E-3 5.48215E-3 3.97632E-3 2.64328E-3 2.67703E-3 1.50555E-3 1.00774E-3 9.09517E-4 2.90814E-4 9.86821E-5 5.82976E-4 2.60854E-4 1.1705E-3 6.56799E-3 1.08296E-3 2.88236E-3 3.07846E-3 7.63536E-3 -9999 -9999 -9999 -9999 -9999 -9999 -9999 -9999 -9999 -9999 -9999 -9999 -9999 -9999 -9999 -9999 -9999 -9999 -9999 -9999 -9999 -9999 -9999 -9999 -9999 -9999 -9999 -9999 -9999 -9999 -9999 -9999 -9999 -9999
1.29966E-1 1.3103E-1 1.10159E-1 8.06315E-2 4.32011E-2 3.60154E-2 4.05928E-2 4.45464E-2 3.81428E-2 3.68309E-2 3.94434E-2 3.80495E-2 2.80568E-2 1.80348E-2 1.52718E-2 1.47269E-2 1.14E-2 4.8881E-3 5.71324E-3 6.20356E-3 4.96125E-3 3.50429E-3 2.52613E-3 1.54E-3 9.38197E-4 7.85842E-4 1.02283E-4 4.47617E-5 4.20111E-6 3.17839E-6 4.38468E-6 1.13825E-5 3.50348E-5 5.4206E-4 1.42315E-3 1.32463E-3 7.12533E-3 1.44611E-2 9.23728E-3 1.92403E-3 -9999 -9999 -9999 -9999 -9999 -9999 -9999 -9999 -9999 -9999 -9999 -9999 -9999 -9999 -9999 -9999 -9999 -9999 -9999 -9999 -9999 -9999 -9999 -9999 -9999 4.22096E-4 2.99004E-4 2.29873E-4 4.06124E-4 -9999
1.60834E-1 1.5035E-1 1.28546E-1 1.01682E-1 6.69773E-2 5.23683E-2 4.92654E-2 5.78875E-2 5.45897E-2 5.21224E-2 5.5587E-2 5.71251E-2 4.39081E-2 3.42938E-2 3.42941E-2 4.691E-2 5.11802E-2 2.85226E-2 7.61774E-3 5.74876E-3 5.23293E-3 4.95966E-3 7.13E-3 5.02198E-3 1.34172E-3 1.22698E-3 2.80621E-4 1.51394E-4 1.94111E-5 1.74756E-5 1.63732E-5 3.06405E-5 4.60628E-5 1.17882E-4 2.54917E-4 4.58395E-4 6.42311E-4 6.83375E-4 1.04039E-2 4.46523E-3 7.53129E-3 -9999 3.18198E-3 -9999 -9999 4.71752E-4 -9999 -9999 -9999 -9999 -9999 -9999 -9999 -9999 -9999 -9999 -9999 6.00764E-4 -9999 -9999 -9999 -9999 -9999 1.06712E-3 2.52146E-3 9.65771E-4 1.492E-3 7.42044E-4 3.47866E-4 -9999
3.50642E-1 2.99953E-1 1.42191E-1 1.21844E-1 9.81235E-2 7.70507E-2 7.61277E-2 8.16052E-2 7.29541E-2 6.49732E-2 6.61112E-2 6.64375E-2 5.92082E-2 5.45168E-2 5.25666E-2 5.96794E-2 5.67123E-2 3.429E-2 1.24817E-2 7.081E-3 6.5833E-3 7.46451E-3 9.54627E-3 9.77272E-3 4.3017E-3 2.74606E-3 1.2903E-3 9.67509E-4 4.68508E-4 2.8517E-4 2.56384E-4 2.7031E-4 1.56598E-4 6.02571E-4 3.69043E-4 5.87758E-4 6.37786E-4 2.17859E-3 1.89082E-4 8.49773E-5 6.80999E-5 7.83343E-5 -9999 7.58412E-4 -9999 1.33396E-3 2.20473E-3 5.19734E-4 -9999 -9999 -9999 -9999 -9999 -9999 -9999 5.31593E-4 1.15387E-3 1.46527E-3 7.45131E-4 -9999 -9999 -9999 1.97232E-3 3.67774E-3 1.27334E-2 2.20074E-3 6.49342E-3 9.15002E-4 1.37998E-3 1.90849E-3
4.08784E-1 3.51094E-1 2.93433E-1 1.51553E-1 1.28733E-1 9.84698E-2 9.42506E-2 8.84608E-2 7.86845E-2 7.18999E-2 6.90228E-2 7.16937E-2 6.67297E-2 6.55207E-2 6.70927E-2 6.49836E-2 5.52696E-2 3.80002E-2 2.19639E-2 1.23476E-2 7.49211E-3 8.12877E-3 1.05902E-2 1.4089E-2 1.1054E-2 5.52956E-3 1.96366E-3 1.26884E-3 5.6705E-4 5.70025E-4 4.25995E-4 6.32738E-4 1.11972E-3 1.15659E-3 1.18291E-3 3.54104E-4 7.4023E-4 4.40387E-4 2.30982E-4 5.72457E-4 1.69275E-4 4.34873E-5 8.82326E-5 7.83898E-5 2.62987E-3 3.09175E-3 1.93465E-3 1.30554E-3 4.4657E-3 4.54201E-4 4.97053E-5 4.63762E-3 3.78403E-3 2.52237E-3 5.62296E-4 6.96349E-4 2.95502E-3 7.91202E-3 5.26436E-3 -9999 -9999 1.85251E-3 1.87274E-3 3.80288E-3 9.44987E-4 1.28974E-3 9.82706E-3 4.89013E-3 9.32301E-3 6.73283E-3
4.27248E-1 3.76127E-1 3.56612E-1 3.15404E-1 1.55254E-1 1.27564E-1 1.05049E-1 9.25148E-2 7.97334E-2 5.81847E-2 6.96058E-2 7.81392E-2 7.7891E-2 7.74247E-2 7.69511E-2 7.30703E-2 5.74205E-2 4.22467E-2 2.86541E-2 2.0093E-2 1.5989E-2 1.48708E-2 1.70012E-2 1.97113E-2 1.87165E-2 9.77374E-3 5.61349E-3 3.1681E-3 2.39703E-3 1.375E-3 9.28734E-4 1.58517E-3 2.78874E-3 2.83602E-3 1.96446E-3 1.96072E-3 1.87881E-4 2.61389E-4 1.83839E-4 1.23431E-3 1.35753E-3 1.39553E-4 2.59307E-4 7.48542E-5 1.35358E-4 1.74887E-4 7.64897E-5 1.49461E-4 7.28482E-5 5.06488E-5 8.74847E-5 2.81686E-4 2.6813E-4 2.60329E-3 1.23012E-3 2.69078E-3 2.24891E-4 2.0549E-4 6.36516E-3 -9999 2.40417E-3 8.55072E-3 8.53988E-3 8.80677E-3 3.94276E-4 4.23363E-5 1.06327E-3 4.66258E-3 1.26348E-3 5.62902E-3
3.46373E-1 3.10138E-1 3.6939E-1 3.6251E-1 3.26792E-1 1.54082E-1 1.0618E-1 9.515E-2 9.28643E-2 7.44848E-2 8.02391E-2 9.30773E-2 9.13884E-2 8.79239E-2 8.45007E-2 7.81987E-2 6.20576E-2 4.39681E-2 3.6014E-2 3.09511E-2 2.60006E-2 2.40695E-2 2.5026E-2 2.69292E-2 2.34629E-2 1.5137E-2 1.36481E-2 1.14601E-2 6.59306E-3 4.58226E-3 3.89531E-3 4.37135E-3 5.62871E-3 5.11457E-3 2.91612E-3 1.72194E-3 1.78308E-3 3.27734E-3 2.91498E-3 1.47596E-3 2.33234E-3 2.76601E-3 3.04823E-3 7.56695E-4 1.68906E-4 1.16346E-4 1.78599E-4 8.67005E-5 4.76393E-4 1.07228E-3 1.42679E-4 2.68936E-4 1.83903E-4 2.18731E-4 1.09266E-3 1.90061E-4 1.26883E-4 7.87305E-5 5.64691E-3 -9999 7.62518E-3 6.83608E-3 9.99388E-4 1.02013E-3 1.12192E-3 5.16548E-5 9.03625E-4 4.05283E-3 5.77503E-4 3.67452E-4
3.57822E-1 3.48092E-1 3.08313E-1 3.70084E-1 3.79552E-1 3.70972E-1 1.59194E-1 1.18208E-1 1.03497E-1 1.07283E-1 1.26925E-1 1.21758E-1 1.12064E-1 1.03608E-1 9.44592E-2 7.88409E-2 6.3351E-2 4.84072E-2 4.78822E-2 4.71115E-2 4.05351E-2 3.35864E-2 3.32483E-2 3.45975E-2 2.66444E-2 1.82958E-2 1.96359E-2 2.42946E-2 1.8413E-2 1.19944E-2 1.11186E-2 1.09329E-2 1.44071E-2 2.32586E-2 1.26877E-2 3.13367E-3 1.80437E-3 1.9387E-3 1.73959E-3 3.0927E-3 1.00502E-2 1.61314E-2 5.84697E-3 4.70912E-3 3.38245E-3 3.36324E-3 1.22237E-3 2.31887E-4 8.43846E-4 1.21205E-2 5.16951E-4 7.16134E-4 1.28133E-3 2.69382E-4 1.694E-4 9.2359E-5 6.04318E-5 5.70044E-5 1.10869E-4 5.84556E-4 1.8211E-4 1.17831E-3 9.71221E-4 7.30888E-4 2.63607E-3 3.98818E-5 5.0788E-6 1.7552E-4 5.50859E-4 1.9038E-5
3.55781E-1 3.61787E-1 3.12983E-1 2.80864E-1 4.04023E-1 4.17409E-1 3.53E-1 1.52227E-1 1.22652E-1 1.23183E-1 1.41707E-1 1.49109E-1 1.39962E-1 1.30328E-1 1.09414E-1 9.24275E-2 7.42603E-2 6.0346E-2 6.71764E-2 7.80054E-2 5.98725E-2 4.68791E-2 4.52493E-2 4.53559E-2 3.90294E-2 2.69682E-2 2.9877E-2 3.84886E-2 3.38629E-2 2.43129E-2 2.37769E-2 2.58053E-2 2.55007E-2 3.39523E-2 3.78905E-2 2.41273E-2 8.71411E-3 5.1116E-3 3.96743E-3 4.80239E-3 7.44162E-3 1.30472E-2 1.92869E-2 5.96338E-3 8.86907E-3 4.26361E-3 7.06047E-3 1.45322E-3 8.50914E-3 1.6602E-2 3.93974E-3 7.19979E-3 1.48152E-3 2.60083E-4 1.43961E-4 7.37786E-5 4.91261E-5 5.65541E-5 4.69434E-5 1.90012E-5 3.67003E-5 2.52598E-5 5.49918E-5 3.14552E-4 1.04706E-4 1.87995E-5 1.81785E-6 1.9936E-5 9.7265E-6 8.53183E-6
3.088E-1 3.30001E-1 3.06542E-1 2.91029E-1 4.01601E-1 4.14228E-1 3.67078E-1 3.01154E-1 1.62832E-1 2.95674E-1 1.67333E-1 1.6203E-1 2.96376E-1 2.93795E-1 1.31134E-1 1.03526E-1 8.58064E-2 7.40696E-2 7.79871E-2 9.52676E-2 7.12746E-2 5.98165E-2 6.41693E-2 7.07489E-2 6.91853E-2 5.71741E-2 5.38212E-2 5.52681E-2 4.94165E-2 3.81618E-2 3.97468E-2 4.51813E-2 4.58046E-2 4.35826E-2 5.19541E-2 4.21211E-2 2.25135E-2 1.66852E-2 1.58156E-2 1.80714E-2 1.77468E-2 1.62174E-2 1.51622E-2 1.84625E-2 3.28022E-2 8.02534E-3 8.81779E-3 8.33135E-3 8.60031E-3 1.47215E-2 1.55271E-2 6.80728E-3 2.72623E-3 8.86742E-4 1.40468E-4 4.51049E-5 2.15583E-5 7.52915E-6 2.5177E-6 1.73405E-6 2.58639E-6 2.38789E-6 1.24561E-6 7.91077E-6 1.06248E-5 1.26326E-6 8.37214E-7 1.46204E-6 1.31459E-6 2.21692E-6
2.83449E-1 3.18491E-1 2.93077E-1 2.88178E-1 4.13512E-1 4.20583E-1 3.88521E-1 3.55093E-1 3.61622E-1 3.79731E-1 3.28492E-1 1.7225E-1 3.42932E-1 3.05147E-1 1.41635E-1 1.19522E-1 1.03059E-1 8.8288E-2 8.80598E-2 9.63758E-2 8.72122E-2 8.1671E-2 8.76071E-2 1.05148E-1 1.1585E-1 9.90491E-2 8.58528E-2 7.79936E-2 7.3258E-2 5.91699E-2 5.94579E-2 6.52771E-2 5.86277E-2 5.35377E-2 5.98272E-2 4.86205E-2 3.87106E-2 3.81459E-2 3.69592E-2 4.87483E-2 4.64166E-2 3.68486E-2 2.91258E-2 2.34388E-2 1.85175E-2 1.78613E-2 1.21586E-2 5.41115E-3 1.8181E-3 1.08913E-3 1.71675E-3 6.40113E-4 2.10004E-4 1.54143E-4 1.25861E-4 4.56872E-5 5.16023E-6 3.0545E-6 2.88315E-6 2.86676E-6 2.12582E-6 7.45943E-7 1.66735E-7 2.76925E-7 3.17523E-7 3.32861E-7 6.72957E-7 1.50155E-6 2.97336E-6 4.27854E-6
3.27476E-1 3.03199E-1 3.15679E-1 3.15245E-1 4.17054E-1 4.44954E-1 4.47902E-1 4.41251E-1 4.27903E-1 4.09661E-1 3.72995E-1 3.57767E-1 3.52776E-1 3.10012E-1 1.48684E-1 1.45012E-1 1.33383E-1 1.17446E-1 9.41013E-2 1.00829E-1 1.17527E-1 1.24341E-1 1.36031E-1 1.37276E-1 1.32462E-1 1.23582E-1 1.05351E-1 9.56468E-2 9.11792E-2 9.07952E-2 9.83223E-2 1.04075E-1 9.44874E-2 7.76543E-2 7.59167E-2 7.17944E-2 5.91999E-2 3.61976E-2 3.19832E-2 4.92281E-2 6.4882E-2 5.2622E-2 5.56872E-2 5.4092E-2 2.78048E-2 2.17075E-2 1.48803E-2 7.62048E-3 3.84961E-3 2.07677E-3 1.02566E-3 3.31034E-4 2.28446E-4 3.1206E-4 3.72959E-4 2.97702E-4 2.34516E-5 7.53662E-6 6.05945E-6 7.86046E-6 1.03013E-5 6.3549E-6 1.2337E-6 5.56499E-7 6.43723E-7 1.43475E-6 2.98181E-6 5.48877E-6 8.73435E-6 1.36676E-5
3.52269E-1 3.21111E-1 3.15488E-1 3.19441E-1 3.18468E-1 4.68348E-1 4.78058E-1 4.81167E-1 4.48369E-1 4.13231E-1 3.82304E-1 3.73803E-1 3.61604E-1 3.22459E-1 3.01723E-1 2.95779E-1 3.14952E-1 1.54806E-1 1.33974E-1 1.22427E-1 1.32856E-1 1.52813E-1 1.51225E-1 1.37485E-1 1.44847E-1 1.33389E-1 1.17439E-1 1.0709E-1 1.09958E-1 1.27601E-1 1.5183E-1 1.45003E-1 1.21581E-1 9.17173E-2 9.35746E-2 1.05235E-1 8.82274E-2 4.53141E-2 2.79332E-2 5.54017E-2 9.28428E-2 9.16605E-2 7.97699E-2 8.81959E-2 8.33692E-2 5.61518E-2 2.90684E-2 1.6149E-2 8.95064E-3 4.53654E-3 2.12397E-3 8.04828E-4 4.55587E-4 4.44071E-4 4.63749E-4 3.4715E-4 6.79867E-5 2.57412E-5 1.77209E-5 2.19429E-5 2.50702E-5 1.80724E-5 6.06278E-6 3.11336E-6 3.81901E-6 6.5921E-6 1.30543E-5 1.81222E-5 2.53038E-5 3.57748E-5
3.43725E-1 3.0483E-1 2.79803E-1 2.87728E-1 3.09022E-1 4.34756E-1 4.29342E-1 4.34673E-1 3.69807E-1 3.57605E-1 3.59239E-1 3.71208E-1 3.68008E-1 3.43817E-1 3.35272E-1 3.46394E-1 3.27827E-1 1.74539E-1 1.66627E-1 1.27868E-1 1.10656E-1 1.44328E-1 1.40417E-1 1.24255E-1 1.33138E-1 1.33594E-1 1.0862E-1 1.07375E-1 1.37798E-1 1.7802E-1 1.8355E-1 1.5384E-1 1.28714E-1 1.00387E-1 1.0945E-1 1.11301E-1 1.25236E-1 1.34871E-1 8.19839E-2 7.62622E-2 9.07412E-2 9.8638E-2 9.68755E-2 1.11894E-1 1.07903E-1 8.2348E-2 5.05156E-2 3.26487E-2 1.96431E-2 1.27192E-2 6.32103E-3 2.40594E-3 9.62048E-4 6.98665E-4 6.54705E-4 5.49243E-4 1.5618E-4 9.29384E-5 6.39622E-5 5.64905E-5 4.08948E-5 2.28542E-5 1.29403E-5 1.13786E-5 1.75842E-5 3.63603E-5 5.09837E-5 6.14414E-5 6.85856E-5 8.92768E-5
3.04788E-1 2.69612E-1 2.61805E-1 2.87021E-1 3.17527E-1 3.25851E-1 4.04899E-1 3.64237E-1 1.72313E-1 1.62468E-1 3.31167E-1 3.75974E-1 3.73323E-1 3.83151E-1 3.89008E-1 3.8888E-1 3.35981E-1 1.79423E-1 1.72488E-1 1.35763E-1 1.30877E-1 1.52367E-1 1.55342E-1 1.07641E-1 1.29992E-1 1.30614E-1 8.841E-2 1.0283E-1 1.62439E-1 4.41141E-1 4.28232E-1 1.70915E-1 1.43763E-1 1.35669E-1 1.45794E-1 1.49994E-1 1.76673E-1 3.46938E-1 1.42978E-1 1.05619E-1 9.55466E-2 1.02542E-1 1.39344E-1 1.36742E-1 1.12641E-1 8.80426E-2 6.61282E-2 5.00754E-2 3.38466E-2 2.29363E-2 1.45094E-2 6.00745E-3 2.59425E-3 1.35824E-3 1.25699E-3 1.12894E-3 3.98129E-4 3.05157E-4 2.40566E-4 1.62559E-4 1.0047E-4 6.31504E-5 4.42297E-5 4.24174E-5 7.01455E-5 1.35953E-4 1.73329E-4 1.60555E-4 1.17342E-4 6.91203E-5
2.52331E-1 2.36274E-1 2.47748E-1 2.96981E-1 3.61851E-1 3.52854E-1 3.01471E-1 3.80981E-1 3.38145E-1 1.86041E-1 3.83728E-1 3.99624E-1 4.05948E-1 4.09053E-1 4.18121E-1 4.03482E-1 3.48487E-1 1.73033E-1 1.7421E-1 1.72008E-1 1.68041E-1 1.84443E-1 1.7714E-1 1.49475E-1 1.49469E-1 1.2265E-1 9.13156E-2 1.09657E-1 1.72112E-1 4.50685E-1 4.57763E-1 1.90618E-1 1.63384E-1 1.69546E-1 1.74549E-1 1.70975E-1 1.83235E-1 1.84489E-1 1.71331E-1 1.53193E-1 1.22623E-1 1.18461E-1 1.4787E-1 2.93818E-1 1.36685E-1 9.95524E-2 7.88295E-2 6.72584E-2 4.94229E-2 3.04451E-2 1.90072E-2 1.19773E-2 6.5549E-3 3.96882E-3 3.15722E-3 2.77003E-3 2.39396E-3 9.02112E-4 7.68886E-4 4.96619E-4 2.90006E-4 1.88559E-4 1.43479E-4 1.30936E-4 1.74805E-4 2.5085E-4 2.69014E-4 1.75624E-4 8.14432E-5 7.64916E-5
2.39367E-1 2.21461E-1 2.4709E-1 3.20466E-1 3.97858E-1 5.32948E-1 4.29122E-1 5.19321E-1 5.17337E-1 4.48971E-1 4.36949E-1 4.4388E-1 4.11293E-1 4.11845E-1 4.06437E-1 3.96329E-1 3.53418E-1 1.89513E-1 1.90215E-1 3.26999E-1 3.35927E-1 3.37272E-1 1.83596E-1 1.90413E-1 1.8345E-1 1.46453E-1 1.17162E-1 1.34875E-1 1.90674E-1 4.17825E-1 4.31148E-1 2.17179E-1 1.95507E-1 2.0701E-1 2.0488E-1 2.14336E-1 2.09388E-1 2.18794E-1 2.06212E-1 2.01916E-1 1.69809E-1 1.07941E-1 1.1961E-1 3.13934E-1 1.4606E-1 1.08849E-1 8.73232E-2 7.3605E-2 5.25853E-2 3.5307E-2 2.51626E-2 2.2569E-2 1.63396E-2 1.0397E-2 7.75863E-3 6.45953E-3 6.01353E-3 2.59238E-3 2.17925E-3 1.21176E-3 6.95143E-4 4.71665E-4 3.22906E-4 2.81937E-4 2.56304E-4 2.55182E-4 1.20473E-4 3.89019E-5 1.8458E-5 4.13337E-5
2.70348E-1 2.44464E-1 2.50098E-1 2.929E-1 3.74975E-1 5.66186E-1 5.67081E-1 4.23112E-1 4.90518E-1 4.68361E-1 4.67149E-1 4.87259E-1 4.83745E-1 4.5327E-1 4.43765E-1 4.16177E-1 3.72687E-1 2.07587E-1 1.99954E-1 3.49128E-1 3.59335E-1 3.63724E-1 1.90096E-1 1.72556E-1 1.77014E-1 1.67527E-1 1.55133E-1 1.65753E-1 2.18225E-1 4.38762E-1 4.58964E-1 3.94287E-1 2.29364E-1 3.94447E-1 4.18661E-1 4.24606E-1 2.4226E-1 4.25834E-1 4.68344E-1 4.17443E-1 2.04291E-1 1.36914E-1 1.374E-1 1.63956E-1 1.48426E-1 1.1806E-1 9.31176E-2 7.42803E-2 5.84157E-2 4.66236E-2 4.01649E-2 3.4808E-2 3.08807E-2 2.02191E-2 1.54195E-2 1.23023E-2 1.22576E-2 8.90813E-3 2.59491E-3 1.91569E-3 1.26089E-3 8.79014E-4 6.67725E-4 4.79282E-4 3.79427E-4 2.37178E-4 6.47691E-5 3.15911E-6 1.51872E-6 6.25439E-6
3.57184E-1 3.01928E-1 2.80372E-1 2.40691E-1 3.2967E-1 5.20297E-1 3.86135E-1 3.18755E-1 3.50195E-1 4.38609E-1 4.84735E-1 4.82473E-1 4.61672E-1 4.57186E-1 4.65981E-1 4.25534E-1 3.86199E-1 3.46994E-1 3.53907E-1 3.81082E-1 3.74034E-1 3.66774E-1 2.05818E-1 1.98182E-1 1.8713E-1 2.00536E-1 2.07888E-1 2.31976E-1 4.02706E-1 4.61913E-1 4.84272E-1 4.26288E-1 3.79163E-1 2.30436E-1 4.2063E-1 4.52905E-1 4.66444E-1 4.72362E-1 5.02893E-1 4.4623E-1 3.48717E-1 2.00789E-1 3.61876E-1 1.84133E-1 1.54643E-1 1.15281E-1 8.9156E-2 8.53476E-2 6.72455E-2 5.05275E-2 4.08396E-2 4.47364E-2 4.05741E-2 3.12735E-2 2.20673E-2 1.8102E-2 1.84632E-2 1.34267E-2 7.6282E-3 2.44357E-3 1.9082E-3 1.42904E-3 1.07654E-3 7.32567E-4 5.44151E-4 2.65546E-4 1.06855E-4 1.82921E-5 1.7186E-6 1.81104E-6
2.88706E-1 2.52431E-1 2.37558E-1 2.5667E-1 2.8538E-1 3.23696E-1 3.1157E-1 2.42408E-1 1.27055E-1 4.42799E-1 4.57791E-1 3.52221E-1 3.89828E-1 4.04181E-1 4.10791E-1 4.08502E-1 4.0636E-1 4.056E-1 3.92218E-1 3.8941E-1 3.79836E-1 3.61059E-1 3.63441E-1 3.95888E-1 2.1171E-1 4.06936E-1 4.08534E-1 3.94447E-1 4.11543E-1 4.41911E-1 4.7839E-1 4.64184E-1 3.94119E-1 2.3477E-1 4.28317E-1 4.69491E-1 4.76669E-1 4.67391E-1 4.70154E-1 4.1716E-1 2.02807E-1 3.71691E-1 4.5174E-1 3.58079E-1 1.46256E-1 1.00928E-1 8.47781E-2 1.07556E-1 8.79724E-2 5.53499E-2 3.56397E-2 4.69964E-2 4.64668E-2 3.9463E-2 2.92544E-2 2.25303E-2 2.27138E-2 1.54524E-2 8.91197E-3 3.00703E-3 2.73965E-3 2.32645E-3 1.72048E-3 1.28577E-3 8.45967E-4 4.96102E-4 2.52516E-4 1.3592E-4 8.53317E-5 4.91846E-5
2.10212E-1 9.14381E-2 7.68275E-2 8.8111E-2 2.0671E-1 2.5018E-1 2.12021E-1 9.96975E-2 1.2057E-1 2.78881E-1 3.7669E-1 3.44915E-1 3.86472E-1 3.83338E-1 3.41937E-1 3.32547E-1 4.05082E-1 4.68082E-1 4.56812E-1 4.07231E-1 3.70832E-1 3.46552E-1 2.01713E-1 1.87693E-1 2.16755E-1 4.4067E-1 4.64204E-1 4.01217E-1 4.2511E-1 4.45684E-1 4.39528E-1 4.43737E-1 2.48663E-1 3.01526E-1 4.24575E-1 4.56708E-1 4.47017E-1 4.69833E-1 4.86393E-1 3.96986E-1 2.06887E-1 3.59446E-1 3.78358E-1 1.66397E-1 1.31024E-1 1.20307E-1 1.10471E-1 1.25297E-1 1.07945E-1 7.19512E-2 4.57755E-2 4.18064E-2 4.55562E-2 4.45459E-2 4.00426E-2 3.12038E-2 2.52799E-2 1.84965E-2 1.3138E-2 4.71008E-3 4.1793E-3 3.55178E-3 2.75861E-3 2.13429E-3 1.40911E-3 9.12539E-4 5.98954E-4 3.70744E-4 2.36551E-4 1.46515E-4
1.0655E-1 8.4951E-2 6.64003E-2 6.49411E-2 8.67369E-2 1.96956E-1 8.1569E-2 6.87632E-2 8.03552E-2 1.39665E-1 1.62685E-1 1.67071E-1 3.19101E-1 1.86002E-1 1.63969E-1 1.67059E-1 3.21087E-1 4.27957E-1 4.37678E-1 4.12333E-1 3.63375E-1 3.276E-1 1.8708E-1 1.87625E-1 3.66792E-1 4.50528E-1 6.58606E-1 4.82224E-1 3.90523E-1 2.25155E-1 2.29211E-1 1.67276E-1 1.7225E-1 3.27376E-1 3.12682E-1 1.66448E-1 1.59831E-1 4.06123E-1 4.11096E-1 3.73548E-1 3.75222E-1 3.77885E-1 1.93712E-1 1.64645E-1 1.51717E-1 1.50411E-1 1.5073E-1 1.54388E-1 1.32366E-1 9.29504E-2 4.28729E-2 3.633E-2 3.78895E-2 4.5045E-2 4.46467E-2 3.69589E-2 3.11483E-2 2.45101E-2 1.9443E-2 1.75236E-2 6.21171E-3 5.31281E-3 4.23429E-3 3.14914E-3 2.22527E-3 1.60003E-3 9.61411E-4 6.1701E-4 3.88036E-4 2.24832E-4
1.42031E-1 1.24791E-1 6.76296E-2 6.30203E-2 7.92561E-2 8.75288E-2 6.33426E-2 7.45504E-2 8.63005E-2 1.12541E-1 1.33207E-1 1.49222E-1 1.52646E-1 1.3021E-1 1.26672E-1 1.22773E-1 1.47603E-1 2.97541E-1 3.11444E-1 3.57772E-1 3.67335E-1 3.35264E-1 3.18969E-1 3.18824E-1 3.47152E-1 4.09162E-1 4.54938E-1 3.64513E-1 3.0958E-1 1.63839E-1 2.02739E-1 2.06162E-1 2.5156E-1 2.64461E-1 4.23769E-1 2.25615E-1 2.16608E-1 2.22056E-1 2.12032E-1 2.13162E-1 3.81201E-1 3.41163E-1 1.66723E-1 1.55019E-1 1.35638E-1 1.38941E-1 1.56042E-1 1.4825E-1 1.20365E-1 7.8452E-2 3.18057E-2 2.71967E-2 4.03808E-2 4.38582E-2 4.20119E-2 4.23937E-2 3.46611E-2 3.00236E-2 2.47644E-2 9.53797E-3 7.73471E-3 6.40703E-3 5.35812E-3 3.92736E-3 2.89422E-3 2.10115E-3 1.29882E-3 8.98971E-4 6.01838E-4 3.34275E-4
1.50288E-1 1.28565E-1 9.32115E-2 8.89383E-2 9.06267E-2 8.84288E-2 7.95242E-2 8.10027E-2 5.67265E-2 1.27354E-1 8.9962E-2 1.30103E-1 1.18174E-1 9.93316E-2 9.81667E-2 1.09359E-1 1.17709E-1 1.47216E-1 3.07896E-1 3.62678E-1 3.65895E-1 3.32786E-1 1.87503E-1 1.83403E-1 3.13655E-1 3.18426E-1 2.99468E-1 1.47565E-1 1.47278E-1 1.86276E-1 1.77833E-1 1.38331E-1 1.60948E-1 1.98815E-1 4.19367E-1 2.44717E-1 2.26754E-1 2.11077E-1 1.96413E-1 1.74325E-1 3.10597E-1 3.2692E-1 1.38562E-1 1.11532E-1 9.36533E-2 9.56177E-2 1.05205E-1 1.05259E-1 8.05693E-2 4.27087E-2 1.82197E-2 1.83353E-2 3.447E-2 3.99524E-2 4.19991E-2 4.19746E-2 3.73142E-2 3.26612E-2 2.81773E-2 2.16834E-2 1.85238E-2 6.62352E-3 5.92979E-3 4.44534E-3 3.47765E-3 2.52094E-3 1.72382E-3 1.27791E-3 8.42974E-4 5.3958E-4
1.17774E-1 9.40701E-2 6.51106E-2 6.81551E-2 7.59084E-2 9.88398E-2 9.96886E-2 6.77075E-2 9.55257E-2 9.80539E-2 1.26106E-1 1.18428E-1 1.00571E-1 8.17729E-2 8.15994E-2 9.90802E-2 1.13324E-1 1.41554E-1 1.70426E-1 3.46609E-1 3.42304E-1 3.23212E-1 1.82573E-1 1.88947E-1 1.91419E-1 1.81755E-1 1.75226E-1 1.72018E-1 1.78066E-1 1.78712E-1 1.44487E-1 1.19646E-1 1.25016E-1 1.68039E-1 1.89831E-1 1.81481E-1 1.9356E-1 1.79926E-1 1.53551E-1 1.45542E-1 1.41825E-1 1.31997E-1 1.13411E-1 9.30216E-2 8.17002E-2 7.83372E-2 8.14213E-2 7.21079E-2 6.66666E-2 3.56219E-2 1.77038E-2 1.53438E-2 2.72257E-2 3.6372E-2 3.81834E-2 4.09007E-2 3.86769E-2 3.31544E-2 2.80683E-2 2.10647E-2 1.6289E-2 1.45083E-2 1.25812E-2 4.55486E-3 3.49873E-3 2.76047E-3 2.00975E-3 1.47912E-3 1.13549E-3 7.9018E-4
