KUENM_DEFAULT/Final_Models/M_1_F_lqpth_Set_1_NE/sp1_7.asc
ncols         197
nrows         210
xllcorner     56.1666666666667
yllcorner     4.5
cellsize      0.166666666666667
NODATA_value  -9999
[rows 56 to 83 of 210, columns 130 to 194 of 197]
1.79289E-2 6.51611E-3 8.48303E-3 3.28938E-3 4.26119E-3 1.15677E-3 7.28332E-4 3.78726E-4 5.33732E-4 7.20973E-4 6.90935E-4 4.71644E-4 5.3124E-4 4.39101E-4 5.98791E-4 2.65494E-4 4.27961E-4 2.71713E-4 6.68355E-4 1.18792E-3 1.49228E-3 2.04306E-3 3.47027E-3 2.89439E-3 1.75006E-3 1.69739E-3 1.05378E-3 1.35221E-3 1.42796E-3 2.04353E-3 3.31674E-3 3.96626E-3 4.15031E-3 3.69994E-3 2.78457E-3 3.09403E-3 3.37941E-3 2.12652E-3 1.39331E-3 1.16435E-3 1.37165E-3 7.52042E-4 5.80633E-4 5.50027E-4 -9999 -9999 -9999 -9999 -9999 -9999 -9999 -9999 -9999 -9999 -9999 -9999 -9999 -9999 -9999 -9999 -9999 -9999 -9999 -9999 -9999
3.82999E-2 2.97225E-2 1.45893E-2 1.9924E-3 2.13208E-3 4.41925E-3 5.2978E-4 5.09923E-4 1.08087E-3 9.3572E-4 9.34136E-4 2.29871E-3 1.7677E-3 1.53121E-3 1.5597E-3 4.83397E-4 1.72265E-3 4.53927E-4 3.69339E-4 1.36574E-3 2.18221E-3 1.24323E-3 2.32851E-3 4.74826E-3 1.41921E-2 3.28354E-3 2.43429E-3 1.67251E-3 1.44317E-3 1.47956E-3 2.14864E-3 3.35629E-3 3.52262E-3 4.07833E-3 3.9049E-3 3.0456E-3 2.81234E-3 3.10025E-3 2.26536E-3 1.43498E-3 8.74062E-4 1.04775E-3 6.24252E-4 5.63716E-4 7.58795E-4 1.84908E-4 -9999 -9999 -9999 -9999 -9999 -9999 -9999 -9999 -9999 -9999 -9999 -9999 -9999 -9999 -9999 -9999 -9999 -9999 -9999
5.12756E-2 5.0811E-2 2.95362E-2 1.15043E-2 5.07035E-3 3.99376E-3 1.28144E-3 5.20468E-4 2.81109E-3 2.22816E-3 7.65961E-4 1.9562E-3 1.79039E-3 1.48828E-3 1.40467E-3 2.10872E-3 2.32635E-3 1.96897E-3 5.03419E-4 1.93318E-4 4.54794E-4 6.58486E-4 3.73446E-3 1.95281E-2 2.89279E-2 1.96659E-2 3.1822E-3 2.0289E-3 2.36175E-3 9.71135E-4 1.23701E-3 2.03763E-3 3.30037E-3 3.62252E-3 3.47332E-3 3.47588E-3 2.96591E-3 3.54519E-3 2.65468E-3 2.72098E-3 1.10665E-3 1.25985E-3 1.3175E-3 9.51542E-4 7.40373E-4 2.35578E-4 1.95926E-4 4.56378E-4 -9999 -9999 -9999 -9999 -9999 -9999 -9999 -9999 -9999 -9999 -9999 -9999 -9999 -9999 -9999 -9999 -9999
5.90326E-2 5.68273E-2 4.1335E-2 2.96505E-2 1.53775E-2 1.22639E-2 8.94193E-3 5.86776E-3 1.70649E-3 5.44248E-4 1.7172E-3 7.6905E-4 2.16463E-3 2.20651E-3 2.56357E-3 3.15265E-3 2.96374E-3 9.77001E-4 9.51043E-4 9.81933E-4 3.60669E-3 1.89375E-3 1.09316E-2 5.18631E-2 3.47163E-2 2.34382E-2 1.55966E-2 6.7996E-3 3.53254E-3 2.60217E-3 2.60251E-3 2.18879E-3 1.45705E-3 2.39223E-3 2.65418E-3 2.44008E-3 2.53691E-3 4.16821E-3 3.97348E-3 3.50187E-3 2.93293E-3 2.15634E-3 2.11345E-3 1.50954E-3 1.21937E-3 8.01805E-4 3.54992E-4 6.41238E-4 4.21146E-4 3.352E-4 -9999 -9999 -9999 -9999 -9999 -9999 -9999 -9999 -9999 -9999 -9999 -9999 -9999 -9999 -9999
5.98506E-2 6.26123E-2 5.14087E-2 4.42588E-2 3.57346E-2 2.88707E-2 1.83409E-2 1.20126E-2 4.15497E-3 3.16075E-4 2.5003E-4 3.98989E-4 2.1195E-3 2.40428E-3 3.55675E-3 3.70433E-3 1.33608E-3 3.51803E-3 4.00419E-3 1.14292E-3 1.41847E-3 4.5011E-3 1.84744E-3 4.27678E-2 2.07801E-2 1.43376E-2 7.00947E-3 2.82164E-3 1.48251E-3 1.90504E-3 3.16795E-3 3.32435E-3 2.95231E-3 1.31933E-3 1.78756E-3 1.20918E-3 2.05072E-3 3.27545E-3 2.27213E-3 3.27431E-3 4.19552E-3 2.50647E-3 3.10553E-3 2.52599E-3 2.00947E-3 1.06052E-3 1.13385E-3 8.16007E-4 7.42399E-4 5.846E-4 5.25903E-4 3.28189E-4 -9999 -9999 -9999 -9999 -9999 -9999 -9999 -9999 -9999 -9999 -9999 -9999 -9999
6.06257E-2 6.171E-2 5.79109E-2 5.14233E-2 4.58792E-2 4.18412E-2 3.42018E-2 2.35902E-2 1.14918E-2 4.4216E-3 2.90609E-3 1.398E-3 2.02776E-3 2.28771E-3 3.8421E-3 3.30741E-3 1.31715E-3 3.88802E-3 6.12446E-3 4.71019E-3 7.61733E-3 3.0884E-3 3.75495E-3 3.39141E-3 2.25024E-2 2.01553E-2 1.75964E-2 7.23239E-3 2.15371E-3 2.01466E-3 2.84965E-3 2.17419E-3 2.50551E-3 1.38345E-3 1.05512E-3 1.1378E-3 3.1427E-3 3.24187E-3 2.33875E-3 3.52807E-3 5.34874E-3 3.92808E-3 3.4017E-3 2.6853E-3 2.48415E-3 3.22804E-3 1.88363E-3 4.12336E-3 3.52374E-3 1.55742E-3 1.4743E-3 3.90676E-4 1.55898E-3 -9999 -9999 -9999 -9999 -9999 -9999 -9999 -9999 -9999 -9999 -9999 -9999
6.34872E-2 6.48099E-2 6.14198E-2 5.73965E-2 5.67455E-2 5.32694E-2 4.53893E-2 3.54302E-2 2.39682E-2 1.55133E-2 1.09291E-2 8.21084E-3 6.85307E-3 9.12786E-3 9.50847E-3 5.02001E-3 3.76056E-3 3.49778E-3 1.22501E-3 6.46985E-3 5.72135E-3 5.34308E-3 5.66812E-3 3.39141E-3 5.25446E-3 3.99735E-3 2.47349E-3 6.81341E-3 1.38588E-2 5.45168E-3 5.57442E-3 2.32101E-3 2.29483E-3 2.3633E-3 1.07483E-3 9.40749E-4 9.12639E-3 3.01519E-3 2.06612E-3 2.8599E-3 2.63419E-3 2.71547E-3 2.05204E-3 2.65137E-3 2.47549E-3 2.56171E-3 1.93108E-3 3.29388E-3 3.19142E-3 1.5039E-3 5.08192E-4 4.18973E-4 3.07009E-4 1.95843E-4 2.29701E-4 -9999 -9999 -9999 -9999 -9999 -9999 -9999 -9999 -9999 -9999
6.86726E-2 7.16145E-2 7.12833E-2 6.47924E-2 6.36285E-2 6.36753E-2 5.53465E-2 4.595E-2 3.84269E-2 3.55914E-2 2.97616E-2 2.29792E-2 1.87223E-2 2.23758E-2 2.84836E-2 1.84243E-2 5.22557E-3 4.02359E-3 4.71394E-3 7.00847E-3 5.67349E-3 5.54507E-3 4.62697E-3 4.40225E-3 2.78879E-3 2.18279E-3 3.74262E-3 1.91473E-3 1.74528E-3 6.50849E-3 1.02106E-2 5.2777E-3 2.64493E-3 2.33179E-3 1.32491E-3 5.344E-3 5.88645E-3 1.74322E-3 1.3082E-3 1.17857E-3 1.88282E-3 2.27572E-3 1.92331E-3 1.79779E-3 3.53677E-3 2.46292E-3 3.46316E-3 2.42038E-3 1.77634E-3 1.3841E-3 2.84782E-3 3.36985E-3 3.05454E-4 2.94681E-4 1.66424E-4 1.38988E-4 -9999 -9999 -9999 -9999 -9999 -9999 -9999 -9999 -9999
4.26425E-1 4.14361E-1 4.3068E-1 4.20888E-1 4.23686E-1 7.27237E-2 6.36634E-2 5.58276E-2 4.97961E-2 4.70954E-2 4.53567E-2 3.81342E-2 2.77247E-2 2.66257E-2 2.30441E-2 1.64084E-2 1.43412E-2 1.37653E-2 1.08911E-2 9.46653E-3 6.90895E-3 7.88358E-3 6.01327E-3 3.17734E-3 3.19148E-3 3.35472E-3 2.75497E-3 2.51668E-3 1.63461E-3 1.27777E-3 6.45525E-3 1.94016E-3 9.81544E-4 9.80866E-4 2.97216E-3 6.95816E-3 2.34894E-3 2.14791E-3 3.2028E-3 1.32499E-3 2.2331E-3 4.34261E-3 3.83054E-3 2.3579E-3 5.44868E-3 2.72773E-3 5.3361E-3 8.63006E-3 6.02802E-3 3.29296E-3 3.745E-3 7.08705E-3 1.84404E-3 1.77614E-3 6.61933E-4 6.2428E-4 8.87977E-4 -9999 -9999 -9999 -9999 -9999 -9999 -9999 -9999
4.36504E-1 4.30505E-1 4.37785E-1 4.41978E-1 4.53695E-1 4.15449E-1 6.67268E-2 5.79681E-2 5.80094E-2 5.23381E-2 4.97517E-2 3.83746E-2 3.15368E-2 2.99741E-2 2.52282E-2 1.88235E-2 1.70132E-2 1.62771E-2 1.43334E-2 1.08235E-2 7.93421E-3 7.0522E-3 5.35027E-3 4.22659E-3 5.24627E-3 5.81744E-3 4.45453E-3 2.07829E-3 1.75786E-3 1.79911E-3 1.33291E-2 6.80715E-3 1.2161E-2 7.32677E-3 1.34319E-2 7.51317E-3 1.99324E-3 3.15228E-3 3.41715E-3 9.67746E-3 2.71213E-3 6.25535E-3 5.16115E-3 3.62794E-3 4.7071E-3 2.48126E-3 2.00629E-3 4.14217E-3 5.40746E-3 4.61504E-3 2.38368E-3 4.37889E-3 6.92305E-3 2.80734E-3 2.14915E-3 1.7742E-3 1.65034E-3 4.09437E-3 -9999 -9999 -9999 -9999 -9999 -9999 -9999
4.41228E-1 4.30306E-1 4.23731E-1 4.33824E-1 4.37638E-1 7.35152E-2 6.16903E-2 5.94748E-2 5.92798E-2 5.52496E-2 4.86769E-2 3.63342E-2 3.12469E-2 3.37112E-2 3.20602E-2 2.68035E-2 2.43403E-2 2.26232E-2 2.19962E-2 1.72394E-2 1.50099E-2 1.08351E-2 5.645E-3 6.10558E-3 5.5019E-3 3.41303E-3 3.02217E-3 1.92316E-3 1.74821E-3 1.56993E-3 1.50922E-3 1.47173E-3 1.41723E-3 8.61439E-4 5.82409E-4 7.60433E-4 5.30663E-4 8.90732E-4 9.20162E-3 1.08281E-3 4.15362E-3 5.03093E-3 1.53095E-2 4.53274E-3 8.03369E-3 1.02419E-2 2.24519E-3 1.70246E-3 4.66044E-3 6.85804E-3 2.51157E-3 1.94937E-3 5.07035E-3 2.54505E-3 3.55519E-3 3.8766E-3 2.0738E-3 2.45409E-3 5.40091E-3 -9999 -9999 -9999 -9999 -9999 -9999
4.64592E-1 4.39118E-1 4.23199E-1 4.24098E-1 4.3245E-1 7.19229E-2 6.35514E-2 6.20411E-2 6.26709E-2 5.69629E-2 5.18047E-2 3.91203E-2 3.38656E-2 3.48645E-2 3.73724E-2 3.46235E-2 3.30238E-2 3.4346E-2 3.66898E-2 3.00699E-2 2.52363E-2 2.57271E-2 2.63397E-2 1.97969E-2 1.03922E-2 7.30412E-3 5.84625E-3 5.14265E-3 2.20556E-3 2.1295E-3 1.32153E-3 1.08171E-3 1.20159E-3 5.07275E-4 8.44529E-4 2.57485E-4 3.52946E-4 2.24943E-4 3.38963E-4 5.63923E-4 1.01343E-3 1.15641E-3 1.24665E-3 8.8496E-3 8.65272E-3 7.96135E-3 3.53765E-3 1.9675E-3 3.43821E-3 5.772E-3 3.06912E-3 2.66434E-3 2.80838E-3 1.86705E-3 3.39804E-3 2.31968E-3 3.94467E-3 7.30725E-3 1.31721E-3 6.18233E-3 -9999 -9999 -9999 -9999 -9999
4.52287E-1 4.33145E-1 4.04139E-1 4.05212E-1 4.60607E-1 4.60401E-1 7.7869E-2 7.1018E-2 6.70009E-2 6.01253E-2 5.83369E-2 5.11566E-2 4.4823E-2 4.25663E-2 4.32018E-2 4.30209E-2 4.13485E-2 4.27845E-2 4.63352E-2 4.33979E-2 4.06044E-2 4.83447E-2 6.07104E-2 5.43796E-2 3.34914E-2 1.07977E-2 8.1358E-3 6.59897E-3 5.36352E-3 8.07867E-3 4.0114E-3 1.81856E-3 2.16359E-3 8.15943E-4 1.29121E-3 6.53087E-4 4.34785E-4 5.41131E-4 7.8713E-4 8.40066E-4 1.27017E-3 1.57963E-3 1.53834E-3 1.60773E-3 1.69072E-3 5.80734E-3 7.99418E-3 8.19213E-3 1.09555E-2 8.46461E-3 9.16461E-3 7.08937E-3 2.40102E-3 1.54845E-3 1.4249E-3 2.41874E-3 6.48726E-3 9.89647E-3 3.68109E-3 4.27339E-3 3.4441E-3 -9999 -9999 -9999 -9999
4.65652E-1 4.36701E-1 4.31128E-1 4.44886E-1 4.68664E-1 4.60928E-1 4.34405E-1 8.13694E-2 7.36526E-2 6.85172E-2 6.6286E-2 6.35218E-2 5.89139E-2 5.70969E-2 5.65584E-2 5.09164E-2 4.82346E-2 4.92853E-2 4.99225E-2 5.21001E-2 5.61739E-2 6.35985E-2 6.61605E-2 5.79612E-2 3.82459E-2 1.70894E-2 1.08643E-2 9.71968E-3 9.8276E-3 1.10194E-2 1.3063E-2 3.91928E-3 3.25306E-3 2.27035E-3 2.25128E-3 1.65238E-3 1.48014E-3 1.50159E-3 1.51129E-3 1.5535E-3 1.77868E-3 1.86927E-3 2.13808E-3 2.06541E-3 2.70362E-3 1.06783E-3 7.38473E-4 5.88499E-4 5.56025E-4 7.21893E-3 7.04907E-4 5.21063E-3 4.50285E-3 6.20641E-3 2.22301E-3 2.79492E-3 6.03719E-3 6.00533E-4 7.40176E-3 3.69597E-3 2.77921E-3 -9999 -9999 -9999 -9999
4.57607E-1 4.63045E-1 4.42339E-1 4.45968E-1 4.77891E-1 4.69211E-1 4.64668E-1 4.50254E-1 7.58908E-2 7.80968E-2 7.37153E-2 7.07422E-2 6.76646E-2 6.61713E-2 6.19527E-2 5.48725E-2 5.05999E-2 5.24898E-2 5.39877E-2 5.72554E-2 6.15585E-2 6.47637E-2 6.36101E-2 5.35708E-2 4.1214E-2 2.77816E-2 1.76253E-2 1.19554E-2 1.28095E-2 1.47684E-2 1.6729E-2 1.56292E-2 1.10666E-2 6.17946E-3 4.58087E-3 2.88271E-3 1.84761E-3 1.63684E-3 2.09885E-3 5.1452E-3 2.33465E-3 2.08332E-3 1.50876E-3 2.19196E-3 1.45959E-3 1.50279E-3 1.74748E-3 1.61303E-3 5.29002E-4 7.17492E-4 6.13335E-4 5.80059E-3 6.47703E-3 3.04159E-3 4.08254E-3 4.4566E-3 4.15933E-4 4.09936E-4 5.32966E-3 4.7465E-3 3.84904E-3 2.54472E-3 -9999 -9999 -9999
4.45615E-1 4.5918E-1 4.71313E-1 4.7519E-1 4.76092E-1 4.87574E-1 4.79299E-1 4.61992E-1 4.54729E-1 8.09198E-2 8.47098E-2 7.94597E-2 7.31594E-2 6.50482E-2 6.28832E-2 5.8105E-2 5.00079E-2 5.49403E-2 5.62517E-2 5.83887E-2 6.05795E-2 6.35953E-2 6.01687E-2 5.06185E-2 4.16678E-2 3.26838E-2 2.71966E-2 2.23343E-2 2.14149E-2 2.18463E-2 1.57002E-2 2.39709E-2 1.76454E-2 1.43422E-2 1.10268E-2 7.80038E-3 5.75769E-3 4.98233E-3 6.97912E-3 9.62918E-3 9.30258E-3 5.80482E-3 2.64108E-3 8.11434E-4 8.72914E-4 1.19972E-3 2.20183E-3 2.61376E-3 9.74237E-4 1.04762E-3 2.62289E-4 2.63146E-4 2.86182E-4 2.97394E-4 2.90224E-4 3.44915E-4 2.49442E-4 4.62504E-4 4.31795E-4 4.65833E-4 5.19277E-4 2.35619E-3 3.9035E-3 -9999 -9999
4.52777E-1 4.48121E-1 4.72379E-1 4.7037E-1 4.69489E-1 4.72712E-1 4.8669E-1 4.78357E-1 4.61054E-1 4.29752E-1 4.37342E-1 8.9333E-2 8.29568E-2 6.8853E-2 6.40305E-2 6.31678E-2 5.83452E-2 5.85902E-2 6.10171E-2 6.22567E-2 6.69246E-2 6.27411E-2 5.88786E-2 5.23398E-2 4.4319E-2 3.91623E-2 3.30433E-2 3.02282E-2 2.76566E-2 2.75316E-2 2.77036E-2 2.53435E-2 2.1301E-2 2.02995E-2 1.96959E-2 1.43092E-2 1.10706E-2 9.2519E-3 1.05317E-2 1.11398E-2 1.02105E-2 7.58777E-3 5.39772E-3 5.1419E-3 3.7909E-3 2.88766E-3 2.22269E-3 3.12737E-3 4.06696E-3 4.3428E-3 1.55632E-3 2.9515E-4 1.72432E-4 3.84865E-4 1.28139E-4 2.36363E-3 4.69365E-3 2.49014E-4 4.76024E-4 2.95776E-4 2.55938E-4 5.24381E-4 2.24498E-4 -9999 -9999
4.7661E-1 4.51409E-1 4.45312E-1 4.47442E-1 4.53646E-1 4.63231E-1 4.74896E-1 4.79154E-1 4.69716E-1 4.39792E-1 4.28581E-1 4.51612E-1 4.89104E-1 8.12177E-2 6.93907E-2 6.55253E-2 6.52461E-2 7.41034E-2 7.32158E-2 6.953E-2 6.95785E-2 6.53E-2 5.74379E-2 5.24209E-2 4.73523E-2 4.50313E-2 4.23705E-2 3.66746E-2 3.32544E-2 3.25326E-2 3.10625E-2 2.69307E-2 2.1981E-2 2.31787E-2 2.65625E-2 2.29081E-2 1.7527E-2 1.58895E-2 1.63187E-2 2.02645E-2 2.81279E-2 2.12491E-2 9.54215E-3 6.70637E-3 6.24152E-3 5.48086E-3 7.23926E-3 7.14695E-3 7.87325E-3 6.29094E-3 5.29281E-3 4.48394E-3 4.5681E-3 2.94952E-3 2.73671E-4 7.45845E-4 1.46559E-2 3.99067E-4 5.33076E-4 1.47207E-3 2.55E-4 1.61105E-4 1.41541E-4 1.02349E-4 -9999
4.60062E-1 4.54464E-1 4.52352E-1 4.38096E-1 4.46026E-1 4.49359E-1 4.6004E-1 4.61707E-1 4.71412E-1 4.46244E-1 4.23792E-1 4.55913E-1 4.67244E-1 9.14154E-2 7.62723E-2 6.56245E-2 6.80538E-2 7.44185E-2 7.85057E-2 8.10457E-2 7.88556E-2 6.95981E-2 5.99908E-2 5.40168E-2 4.89903E-2 5.33199E-2 5.53927E-2 4.79642E-2 4.06154E-2 3.752E-2 3.52449E-2 2.97483E-2 2.40548E-2 2.71247E-2 3.12811E-2 2.93413E-2 2.43407E-2 2.40898E-2 2.51994E-2 2.57218E-2 3.08332E-2 3.74269E-2 3.3348E-2 1.98093E-2 1.27774E-2 1.04636E-2 1.03833E-2 1.14784E-2 7.93293E-3 1.04814E-2 6.15946E-3 8.71147E-3 4.95001E-3 7.58388E-3 8.66886E-4 8.11903E-3 1.42443E-2 1.26405E-3 3.5508E-3 7.22972E-4 1.38894E-4 1.00313E-4 1.91256E-4 1.9612E-4 -9999
4.33199E-1 4.48005E-1 4.43466E-1 4.28722E-1 4.19216E-1 4.23775E-1 4.26521E-1 4.24076E-1 4.38649E-1 4.33701E-1 4.29478E-1 4.36521E-1 4.53912E-1 4.63481E-1 7.98905E-2 7.75117E-2 8.09975E-2 7.91228E-2 7.78163E-2 8.86415E-2 8.64716E-2 7.2318E-2 6.38789E-2 5.5365E-2 5.21328E-2 5.36757E-2 6.06156E-2 5.25714E-2 4.5461E-2 4.36705E-2 4.22381E-2 4.05951E-2 3.47173E-2 3.44192E-2 3.62532E-2 3.41157E-2 2.9532E-2 2.93772E-2 3.41742E-2 3.46643E-2 3.61358E-2 4.2276E-2 4.15499E-2 3.07473E-2 2.374E-2 2.12704E-2 2.05909E-2 1.94694E-2 1.78451E-2 1.91002E-2 1.22565E-2 1.49637E-2 8.48293E-3 9.30168E-3 8.18909E-3 9.63133E-3 1.31451E-2 4.14788E-3 1.46569E-3 8.85464E-4 4.24642E-4 6.95569E-5 8.91603E-5 2.07206E-4 1.66566E-4
4.17444E-1 4.34209E-1 4.27946E-1 4.17008E-1 4.0379E-1 4.04899E-1 4.08716E-1 4.09228E-1 4.26935E-1 4.3363E-1 4.41692E-1 4.42206E-1 4.53909E-1 4.30199E-1 8.4968E-2 8.67193E-2 4.69433E-1 8.48901E-2 8.00696E-2 8.97606E-2 8.52044E-2 7.23714E-2 6.20077E-2 5.80515E-2 5.50004E-2 5.04504E-2 5.51622E-2 5.47271E-2 5.20705E-2 5.07386E-2 5.27833E-2 5.28804E-2 4.69357E-2 4.07574E-2 4.26897E-2 4.18537E-2 3.70214E-2 3.71559E-2 4.10282E-2 4.07636E-2 4.1206E-2 4.28883E-2 4.11585E-2 3.56672E-2 3.29086E-2 2.98376E-2 3.22445E-2 3.15507E-2 2.66757E-2 2.55895E-2 2.68456E-2 2.3585E-2 1.17367E-2 1.00534E-2 1.15669E-2 5.84182E-3 7.57544E-3 4.97416E-3 4.92829E-3 3.37938E-3 2.87616E-3 9.91755E-4 1.20847E-3 7.00004E-4 2.09554E-4
3.90194E-1 3.89937E-1 4.12828E-1 3.98656E-1 3.88783E-1 4.30117E-1 4.36549E-1 4.32903E-1 4.41355E-1 4.54471E-1 4.57695E-1 4.60639E-1 4.72303E-1 4.58682E-1 4.8636E-1 4.88512E-1 4.75266E-1 4.55593E-1 8.48226E-2 8.5473E-2 7.9783E-2 7.05115E-2 6.64362E-2 6.29156E-2 5.75059E-2 5.03954E-2 5.23893E-2 5.78056E-2 6.2496E-2 6.32859E-2 5.95071E-2 5.7436E-2 5.32251E-2 4.82676E-2 4.63237E-2 4.48573E-2 4.54099E-2 4.64541E-2 5.14273E-2 5.26734E-2 4.84789E-2 4.64813E-2 4.48403E-2 4.02697E-2 3.00567E-2 2.85833E-2 3.53433E-2 3.81145E-2 2.44894E-2 2.6324E-2 3.86502E-2 2.84277E-2 2.65281E-2 2.13655E-2 1.51531E-2 1.05397E-2 8.36087E-3 5.46996E-3 2.89228E-3 2.44391E-3 2.946E-3 3.82249E-3 2.44635E-3 9.785E-4 3.38104E-4
3.80739E-1 3.72767E-1 3.90659E-1 3.97852E-1 3.77826E-1 4.23448E-1 4.47301E-1 4.45685E-1 4.42647E-1 4.47048E-1 4.46971E-1 4.45211E-1 4.6252E-1 4.69745E-1 4.71698E-1 4.8785E-1 4.72376E-1 4.49671E-1 4.54254E-1 8.01741E-2 7.40432E-2 7.34886E-2 7.34567E-2 7.18281E-2 6.64195E-2 5.88449E-2 5.4688E-2 6.01366E-2 6.57243E-2 6.83747E-2 6.62245E-2 6.15105E-2 5.79281E-2 5.33495E-2 4.87528E-2 4.90076E-2 5.22052E-2 6.09585E-2 5.88695E-2 5.65654E-2 4.78455E-2 4.73796E-2 4.87355E-2 4.48368E-2 3.27827E-2 2.59549E-2 3.65776E-2 4.86344E-2 5.08068E-2 3.12093E-2 3.3422E-2 5.01958E-2 4.35589E-2 3.02807E-2 2.33278E-2 1.70107E-2 1.25226E-2 8.22863E-3 5.18144E-3 3.81455E-3 3.9702E-3 4.52888E-3 2.39562E-3 1.69764E-3 8.41501E-4
3.62487E-1 3.57909E-1 3.65641E-1 3.68515E-1 3.75351E-1 3.99792E-1 4.3822E-1 4.37033E-1 4.2004E-1 4.11354E-1 4.13429E-1 4.12769E-1 4.28997E-1 4.3874E-1 4.24508E-1 7.4141E-2 7.12234E-2 7.96463E-2 8.24319E-2 7.66502E-2 7.37268E-2 7.3368E-2 7.58186E-2 7.22742E-2 7.14235E-2 6.41123E-2 5.68517E-2 5.3723E-2 6.3995E-2 6.65385E-2 6.23789E-2 6.38704E-2 6.28358E-2 5.44482E-2 5.10722E-2 5.54125E-2 6.35012E-2 6.74137E-2 5.84644E-2 5.48387E-2 4.70277E-2 4.62513E-2 4.80012E-2 5.3574E-2 5.45591E-2 4.14402E-2 4.00616E-2 4.64539E-2 5.13553E-2 4.92395E-2 5.48814E-2 5.50616E-2 4.90491E-2 3.89866E-2 3.14275E-2 2.48459E-2 2.08246E-2 1.51112E-2 9.45775E-3 6.0503E-3 5.23204E-3 5.37275E-3 2.79771E-3 2.60142E-3 1.74712E-3
3.39645E-1 5.42487E-2 5.25224E-2 5.11686E-2 5.61385E-2 3.8995E-1 4.11561E-1 4.09503E-1 6.86765E-2 6.74546E-2 3.92807E-1 4.04005E-1 4.11565E-1 3.98429E-1 6.94834E-2 5.71665E-2 5.63636E-2 6.66049E-2 7.2981E-2 7.3439E-2 7.4313E-2 7.73659E-2 7.51173E-2 7.08097E-2 6.90332E-2 6.3868E-2 5.88301E-2 5.79658E-2 6.74182E-2 6.92489E-2 6.03909E-2 6.61536E-2 6.72485E-2 4.93128E-2 4.91741E-2 6.01633E-2 7.62274E-2 4.06859E-1 5.94467E-2 5.36534E-2 5.07711E-2 5.17917E-2 5.20989E-2 5.79969E-2 6.47334E-2 5.04716E-2 4.56187E-2 4.62268E-2 4.93457E-2 5.96865E-2 6.07336E-2 5.785E-2 5.06291E-2 4.3952E-2 3.83423E-2 3.48864E-2 1.67188E-2 1.37009E-2 1.58865E-2 1.01994E-2 4.96151E-3 4.05374E-3 3.78252E-3 3.93032E-3 3.43694E-3
3.34266E-1 5.73612E-2 5.02125E-2 4.80986E-2 4.85569E-2 5.57553E-2 6.63121E-2 6.34492E-2 6.10181E-2 6.16837E-2 3.91855E-1 4.30793E-1 4.38913E-1 4.13554E-1 3.97398E-1 6.27235E-2 6.03527E-2 7.00896E-2 7.15156E-2 6.81092E-2 6.93052E-2 7.91867E-2 7.44788E-2 6.79602E-2 6.5645E-2 6.53052E-2 6.75986E-2 6.87748E-2 7.60384E-2 7.52374E-2 6.91795E-2 7.01649E-2 6.31206E-2 5.50687E-2 5.31684E-2 6.14015E-2 4.28415E-1 4.21604E-1 6.08234E-2 5.65723E-2 5.66395E-2 5.59327E-2 5.47693E-2 5.48038E-2 5.44945E-2 5.34142E-2 5.34147E-2 5.15813E-2 5.18627E-2 6.14923E-2 6.85508E-2 6.4336E-2 5.48667E-2 4.86098E-2 4.56818E-2 4.19874E-2 1.9909E-2 1.67135E-2 1.27833E-2 1.13716E-2 4.81436E-3 4.10144E-3 5.84663E-3 6.58979E-3 6.42874E-3
3.71554E-1 3.7107E-1 5.91168E-2 4.98344E-2 5.59705E-2 5.76475E-2 5.08293E-2 5.92329E-2 5.79835E-2 6.17317E-2 3.95006E-1 3.43173E-1 3.67413E-1 4.20139E-1 4.16264E-1 4.00312E-1 3.68986E-1 3.64102E-1 3.68419E-1 6.96815E-2 7.09877E-2 4.04992E-1 7.39236E-2 6.65344E-2 6.34146E-2 6.59686E-2 6.88706E-2 7.29974E-2 7.33678E-2 7.52488E-2 7.34427E-2 7.45294E-2 6.50594E-2 6.16722E-2 4.98946E-2 5.58288E-2 6.57667E-2 6.25677E-2 6.62891E-2 6.24774E-2 6.09719E-2 6.22665E-2 6.96256E-2 6.55032E-2 6.98352E-2 7.07784E-2 6.4127E-2 6.08339E-2 4.84876E-2 5.53408E-2 7.2276E-2 6.90963E-2 5.95806E-2 5.1112E-2 4.75604E-2 4.35671E-2 2.14333E-2 1.9846E-2 1.74196E-2 9.6289E-3 7.86773E-3 6.5344E-3 6.75843E-3 1.01951E-2 1.0547E-2
3.88738E-1 4.00458E-1 3.93169E-1 6.74001E-2 3.5462E-1 3.59428E-1 3.37904E-1 3.73077E-1 5.84985E-2 5.59705E-2 3.53976E-1 3.20295E-1 3.91335E-1 3.46465E-1 4.11592E-1 3.78962E-1 3.69794E-1 3.6921E-1 3.82228E-1 3.69307E-1 4.11331E-1 4.22989E-1 7.0043E-2 6.02775E-2 6.08202E-2 6.58915E-2 7.13487E-2 7.51632E-2 7.53982E-2 7.03376E-2 7.0167E-2 7.06779E-2 5.71474E-2 5.54031E-2 5.85392E-2 6.32591E-2 6.63809E-2 6.54303E-2 5.85784E-2 5.41484E-2 5.21282E-2 5.86067E-2 6.58573E-2 7.12256E-2 7.95926E-2 4.54549E-1 7.53047E-2 6.96788E-2 5.68151E-2 5.98932E-2 6.73893E-2 6.71001E-2 3.65598E-2 5.43445E-2 4.49339E-2 4.26039E-2 4.2502E-2 4.15521E-2 1.49349E-2 1.33878E-2 1.04701E-2 8.74118E-3 9.28906E-3 1.38717E-2 1.29333E-2
