KUENM_DEFAULT/Final_Models/M_1_F_lqpth_Set_1_NE/sp1_2_se_asia.asc
ncols         320
nrows         243
xllcorner     44.0
yllcorner     -0.666666666666667
cellsize      0.166666666666667
NODATA_value  -9999
[rows 93 to 123 of 243, columns 210 to 279 of 320]
4.96242E-2 3.82646E-2 3.78983E-2 5.9455E-2 7.00979E-2 7.33817E-2 7.17999E-2 7.0248E-2 6.38794E-2 6.23858E-2 8.36708E-2 7.83721E-2 6.92265E-2 6.2102E-2 6.52444E-2 6.59565E-2 6.37022E-2 7.05964E-2 7.77406E-2 9.292E-2 8.62179E-2 8.04511E-2 8.29143E-2 8.42014E-2 8.42089E-2 7.7726E-2 7.1974E-2 6.84538E-2 7.66923E-2 7.71834E-2 6.07349E-2 5.2287E-2 5.51874E-2 5.79349E-2 5.76266E-2 4.6493E-2 5.07045E-2 5.22322E-2 4.61053E-2 4.70025E-2 4.68611E-2 4.71865E-2 4.12891E-2 3.58452E-2 3.20554E-2 3.18111E-2 3.19057E-2 2.80172E-2 2.66941E-2 2.26021E-2 1.67964E-2 1.60376E-2 1.93462E-2 1.92311E-2 1.90355E-2 1.85128E-2 1.81071E-2 1.47248E-2 1.24288E-2 9.64313E-3 7.7622E-3 7.70423E-3 6.87781E-3 5.68423E-3 4.96582E-3 3.88218E-3 3.09579E-3 2.40469E-3 1.97925E-3 1.54796E-3
4.78535E-2 4.79314E-2 5.63078E-2 6.56331E-2 7.49483E-2 6.05687E-2 6.01306E-2 6.51679E-2 6.76903E-2 6.56826E-2 6.9882E-2 7.14688E-2 6.88817E-2 6.64047E-2 6.8223E-2 6.63056E-2 6.219E-2 7.00194E-2 7.40912E-2 7.57459E-2 7.83288E-2 8.50209E-2 8.59018E-2 8.23717E-2 6.94009E-2 7.34309E-2 6.184E-2 5.97292E-2 6.12698E-2 7.06385E-2 7.19701E-2 6.83507E-2 6.53272E-2 5.81297E-2 4.18034E-2 3.64694E-2 3.71043E-2 3.26054E-2 3.01788E-2 3.14319E-2 3.52306E-2 4.17394E-2 3.6071E-2 3.64085E-2 3.58937E-2 3.39446E-2 3.43986E-2 3.06923E-2 2.8264E-2 2.65403E-2 2.35665E-2 2.14805E-2 2.25322E-2 2.01285E-2 1.99042E-2 1.97175E-2 1.93232E-2 1.5538E-2 1.23483E-2 9.53881E-3 7.5793E-3 8.20789E-3 7.2584E-3 6.30736E-3 4.81739E-3 4.19006E-3 3.4799E-3 2.8815E-3 2.46771E-3 2.0118E-3
6.03436E-2 6.66077E-2 6.32815E-2 7.00167E-2 7.20166E-2 5.88485E-2 5.98351E-2 5.83528E-2 6.3769E-2 6.91793E-2 6.73479E-2 6.51751E-2 6.52063E-2 6.56305E-2 6.69344E-2 6.51231E-2 5.70533E-2 6.11535E-2 5.53245E-2 6.66956E-2 5.96628E-2 7.56265E-2 7.26165E-2 6.24707E-2 5.68901E-2 5.23915E-2 4.65648E-2 4.54563E-2 4.48946E-2 5.5766E-2 6.73882E-2 6.49774E-2 5.43229E-2 4.6314E-2 3.55708E-2 3.38781E-2 3.56039E-2 3.03213E-2 2.72282E-2 2.67725E-2 3.40771E-2 3.92768E-2 3.36731E-2 3.24742E-2 3.59494E-2 3.63902E-2 3.51634E-2 3.11936E-2 2.83215E-2 2.9499E-2 2.83921E-2 2.7618E-2 2.5273E-2 2.37843E-2 2.07694E-2 2.16575E-2 1.96255E-2 1.64432E-2 1.31411E-2 1.1346E-2 9.50188E-3 9.74759E-3 8.04099E-3 6.79212E-3 5.21953E-3 4.52755E-3 3.87159E-3 3.20314E-3 2.9061E-3 2.53563E-3
6.17E-2 6.60961E-2 5.88938E-2 7.39371E-2 6.473E-2 5.35578E-2 5.04013E-2 5.83545E-2 5.86256E-2 6.17181E-2 6.13177E-2 5.5915E-2 6.05786E-2 6.95878E-2 6.61241E-2 6.47923E-2 5.57339E-2 5.27967E-2 4.82857E-2 4.9354E-2 2.9343E-2 4.64249E-2 5.70758E-2 5.29212E-2 4.91995E-2 4.19869E-2 3.747E-2 4.09412E-2 3.83339E-2 4.2654E-2 4.96372E-2 4.48189E-2 4.52726E-2 4.49839E-2 3.32561E-2 3.49501E-2 3.61852E-2 3.46088E-2 3.51956E-2 3.76551E-2 3.55398E-2 3.87182E-2 4.08777E-2 5.01802E-2 4.40184E-2 3.96129E-2 3.82829E-2 3.04825E-2 2.85651E-2 3.15741E-2 3.18852E-2 3.31006E-2 3.10859E-2 2.79966E-2 2.61491E-2 2.26625E-2 2.00482E-2 1.89493E-2 1.5396E-2 1.23882E-2 1.11373E-2 9.23935E-3 8.47356E-3 6.9233E-3 5.65134E-3 4.64124E-3 4.2899E-3 3.74966E-3 3.19118E-3 2.80801E-3
5.78898E-2 5.73328E-2 6.15401E-2 6.38083E-2 5.54528E-2 5.7747E-2 5.7115E-2 5.44776E-2 4.80326E-2 5.2973E-2 5.07015E-2 5.52694E-2 5.92441E-2 6.72859E-2 5.86256E-2 5.2691E-2 4.68073E-2 2.83075E-2 2.30263E-2 2.25042E-2 2.20406E-2 2.14579E-2 4.18087E-2 3.96902E-2 3.81343E-2 3.2214E-2 1.92904E-2 1.8909E-2 3.11612E-2 1.67668E-2 1.77221E-2 1.39618E-2 1.4412E-2 1.6125E-2 1.82883E-2 2.62112E-2 2.38772E-2 2.65917E-2 2.72027E-2 2.54455E-2 2.62015E-2 2.73287E-2 3.66288E-2 4.43811E-2 4.75607E-2 4.39955E-2 4.17699E-2 3.21133E-2 3.2E-2 3.50456E-2 3.39564E-2 3.47595E-2 3.25386E-2 2.74551E-2 2.63914E-2 2.58103E-2 2.35941E-2 2.00452E-2 1.63718E-2 1.41211E-2 1.26377E-2 1.10834E-2 8.76022E-3 7.39229E-3 5.41197E-3 4.23671E-3 4.52105E-3 4.29857E-3 3.63927E-3 -9999
5.01533E-2 5.87713E-2 5.89617E-2 5.64567E-2 5.36029E-2 5.3092E-2 5.03009E-2 4.71039E-2 4.45161E-2 4.44738E-2 3.93737E-2 4.6521E-2 5.4281E-2 5.8817E-2 6.15827E-2 5.3575E-2 4.49248E-2 3.89649E-2 3.88182E-2 2.09006E-2 1.97818E-2 1.96456E-2 4.01004E-2 3.56663E-2 3.14898E-2 2.8806E-2 1.55455E-2 1.1994E-2 1.23223E-2 9.31929E-3 1.32107E-2 1.08777E-2 1.06424E-2 1.44291E-2 1.71287E-2 1.3532E-2 1.24868E-2 1.27361E-2 1.7049E-2 1.91169E-2 2.54619E-2 3.08468E-2 3.26747E-2 3.64659E-2 3.72631E-2 3.89014E-2 3.94054E-2 3.38786E-2 3.08375E-2 4.70375E-2 3.94393E-2 3.29712E-2 2.95087E-2 2.6468E-2 2.46134E-2 2.50153E-2 2.3186E-2 2.26178E-2 1.80445E-2 1.45417E-2 1.30933E-2 1.15309E-2 9.29575E-3 1.17211E-2 9.27133E-3 5.27384E-3 4.92927E-3 4.60056E-3 3.63939E-3 -9999
4.94954E-2 5.37482E-2 6.18282E-2 6.65554E-2 6.32731E-2 5.40641E-2 4.4902E-2 3.80947E-2 3.53789E-2 1.92314E-2 1.83529E-2 1.74164E-2 2.47343E-2 4.34924E-2 5.46938E-2 5.0123E-2 4.31777E-2 3.84891E-2 3.83635E-2 3.84775E-2 3.48453E-2 3.26559E-2 3.62434E-2 3.33499E-2 2.762E-2 2.28253E-2 1.3128E-2 1.07917E-2 1.00393E-2 1.01493E-2 1.04206E-2 9.47461E-3 1.1014E-2 1.3157E-2 1.49188E-2 1.25356E-2 1.15465E-2 1.30213E-2 1.75609E-2 2.89279E-2 3.9381E-2 3.2304E-2 2.32914E-2 3.12339E-2 3.30183E-2 3.45753E-2 4.0948E-2 3.93999E-2 3.25063E-2 4.04875E-2 4.18096E-2 3.50384E-2 2.65268E-2 2.37204E-2 2.33511E-2 2.4197E-2 2.6793E-2 2.66689E-2 1.83969E-2 1.37272E-2 1.3327E-2 1.72564E-2 1.4949E-2 1.235E-2 1.03043E-2 9.14637E-3 8.52433E-3 4.87041E-3 3.90866E-3 2.83614E-3
6.32242E-2 6.43659E-2 7.58542E-2 7.73443E-2 6.40925E-2 6.13495E-2 4.77774E-2 3.78076E-2 1.61805E-2 1.38526E-2 1.51448E-2 1.60646E-2 1.49777E-2 1.73093E-2 2.08342E-2 3.31228E-2 3.82258E-2 3.76249E-2 3.97832E-2 4.56021E-2 3.87187E-2 3.52091E-2 3.31913E-2 2.73919E-2 2.22277E-2 1.22342E-2 1.03331E-2 7.81474E-3 8.16966E-3 8.95871E-3 8.9918E-3 1.07171E-2 1.0431E-2 1.87921E-2 2.05795E-2 2.17723E-2 2.19905E-2 2.18948E-2 2.32583E-2 3.38193E-2 3.50761E-2 3.21064E-2 2.62612E-2 2.59161E-2 3.3313E-2 3.44194E-2 3.63946E-2 3.64763E-2 3.15338E-2 3.55006E-2 4.14034E-2 3.77147E-2 2.9227E-2 2.32407E-2 1.85901E-2 1.89952E-2 2.13103E-2 1.82723E-2 1.34761E-2 1.2127E-2 1.16442E-2 1.69115E-2 1.50944E-2 1.27764E-2 1.05247E-2 9.34635E-3 8.70362E-3 7.24134E-3 5.54617E-3 -9999
7.45209E-2 7.95974E-2 8.29325E-2 7.8846E-2 6.40889E-2 6.13906E-2 4.75779E-2 3.0675E-2 1.48365E-2 1.53995E-2 1.4712E-2 1.51032E-2 1.64932E-2 1.70997E-2 1.65606E-2 1.19265E-2 1.65665E-2 3.00917E-2 3.53114E-2 4.40022E-2 4.23781E-2 3.64905E-2 3.02794E-2 2.51381E-2 1.89751E-2 9.53623E-3 9.07535E-3 9.21589E-3 1.44996E-2 9.28315E-3 9.26421E-3 1.01246E-2 9.2338E-3 1.47941E-2 1.6905E-2 2.26384E-2 2.73195E-2 2.28935E-2 2.20929E-2 2.3445E-2 2.33768E-2 2.25335E-2 2.56829E-2 2.41838E-2 2.84155E-2 2.90622E-2 3.05311E-2 3.49407E-2 3.2572E-2 3.32149E-2 3.63577E-2 3.56303E-2 3.15399E-2 2.3293E-2 1.62926E-2 1.62895E-2 1.88645E-2 1.39323E-2 1.14256E-2 1.17114E-2 1.15265E-2 1.08691E-2 9.78044E-3 8.43169E-3 6.72031E-3 8.50419E-3 7.81878E-3 6.40458E-3 2.82543E-3 -9999
7.36462E-2 7.32699E-2 8.15627E-2 7.01359E-2 6.13527E-2 5.54501E-2 3.89123E-2 4.32347E-2 3.34632E-2 3.37585E-2 2.39835E-2 1.47045E-2 1.51435E-2 1.49604E-2 1.74342E-2 1.38697E-2 1.15236E-2 2.63688E-2 2.99856E-2 3.77041E-2 3.65053E-2 3.21974E-2 2.88226E-2 2.26374E-2 1.05873E-2 8.86533E-3 9.08628E-3 1.52811E-2 1.52876E-2 1.79667E-2 1.66278E-2 1.78493E-2 1.7019E-2 1.57395E-2 1.72491E-2 2.45448E-2 2.83693E-2 2.81808E-2 2.03325E-2 2.61417E-2 2.73239E-2 2.83744E-2 2.93963E-2 3.06932E-2 2.94752E-2 2.52306E-2 2.60245E-2 2.99629E-2 2.8262E-2 3.08888E-2 2.93658E-2 2.97954E-2 2.57775E-2 1.80917E-2 1.17314E-2 9.97772E-3 1.40831E-2 1.44649E-2 1.18324E-2 1.16257E-2 1.09954E-2 9.13299E-3 8.07708E-3 7.43608E-3 5.89555E-3 7.13108E-3 5.89713E-3 5.08717E-3 -9999 1.1333E-3
5.9741E-2 9.06031E-2 9.86142E-2 9.91811E-2 5.71258E-2 4.71073E-2 3.47654E-2 3.52693E-2 3.25755E-2 2.16867E-2 2.31285E-2 1.62663E-2 1.76947E-2 1.48379E-2 1.38643E-2 1.34994E-2 2.5734E-2 3.34658E-2 3.16457E-2 2.81512E-2 3.06326E-2 2.90754E-2 2.22388E-2 2.05358E-2 2.34673E-2 2.32077E-2 1.88953E-2 1.83977E-2 2.1105E-2 2.51168E-2 2.51419E-2 2.56772E-2 2.28459E-2 2.146E-2 2.28126E-2 2.82645E-2 2.99632E-2 2.88677E-2 2.45108E-2 2.39704E-2 2.54108E-2 2.91212E-2 3.07333E-2 3.28865E-2 2.94112E-2 2.73119E-2 2.75306E-2 2.78349E-2 2.70893E-2 2.55681E-2 2.67036E-2 2.5231E-2 2.01534E-2 1.27511E-2 9.80151E-3 9.40441E-3 1.19289E-2 1.24207E-2 1.19767E-2 1.082E-2 9.81898E-3 8.17401E-3 7.60765E-3 6.09369E-3 7.28376E-3 5.60284E-3 4.06944E-3 3.10053E-3 2.18037E-3 -9999
4.92596E-2 5.73697E-2 9.69571E-2 1.03196E-1 6.26732E-2 5.02356E-2 3.50716E-2 2.53997E-2 3.29579E-2 2.09037E-2 2.15738E-2 2.50887E-2 1.74203E-2 3.03898E-2 3.39028E-2 4.37004E-2 3.62279E-2 3.74934E-2 4.43241E-2 3.6238E-2 3.26937E-2 2.67635E-2 2.69079E-2 2.38353E-2 2.97053E-2 2.63371E-2 2.35308E-2 2.0296E-2 2.47834E-2 2.92479E-2 2.87428E-2 2.67443E-2 2.89408E-2 2.73155E-2 2.85528E-2 3.29169E-2 2.98952E-2 2.953E-2 2.37994E-2 2.13279E-2 2.5538E-2 2.67294E-2 2.48521E-2 2.11581E-2 2.5138E-2 2.70909E-2 2.76698E-2 2.74917E-2 2.66253E-2 2.2128E-2 2.45577E-2 2.29095E-2 1.62306E-2 -9999 1.14714E-2 1.09992E-2 1.15925E-2 1.08481E-2 1.05099E-2 9.4556E-3 8.81036E-3 7.18778E-3 6.33175E-3 4.79742E-3 5.55067E-3 4.03313E-3 2.67521E-3 1.70829E-3 1.18975E-3 9.37414E-4
8.61974E-2 9.57502E-2 9.76027E-2 8.86323E-2 5.66211E-2 4.4639E-2 3.15618E-2 2.36779E-2 2.16949E-2 2.02294E-2 1.39086E-2 1.61865E-2 1.86874E-2 4.99158E-2 5.49585E-2 5.50625E-2 5.1995E-2 4.9689E-2 4.99785E-2 4.39142E-2 3.68653E-2 3.26938E-2 3.13191E-2 2.91511E-2 3.22507E-2 3.01041E-2 2.9187E-2 2.30993E-2 2.41633E-2 2.72771E-2 3.32534E-2 2.91355E-2 2.82316E-2 2.80481E-2 2.78232E-2 2.86744E-2 2.40345E-2 2.04532E-2 2.1281E-2 2.00947E-2 1.87066E-2 1.93891E-2 2.17736E-2 1.97344E-2 1.81947E-2 2.31399E-2 2.48652E-2 2.37609E-2 2.39352E-2 2.33492E-2 2.34719E-2 2.02842E-2 1.48688E-2 1.19007E-2 1.34246E-2 1.26286E-2 1.18122E-2 1.09364E-2 9.7005E-3 8.52112E-3 7.67104E-3 6.24201E-3 5.31102E-3 6.11215E-3 4.3881E-3 3.08835E-3 1.99443E-3 1.17627E-3 8.25937E-4 7.13278E-4
1.0948E-1 1.06024E-1 9.35245E-2 7.43659E-2 4.47521E-2 3.63143E-2 3.03121E-2 2.32988E-2 2.02944E-2 2.09702E-2 2.53668E-2 2.83048E-2 3.50707E-2 6.42202E-2 6.69831E-2 7.02537E-2 6.57862E-2 5.91627E-2 5.31478E-2 4.81587E-2 4.27821E-2 3.91952E-2 3.43828E-2 3.29053E-2 3.64504E-2 3.38764E-2 2.81712E-2 2.39114E-2 2.50917E-2 2.9316E-2 3.14825E-2 2.83044E-2 2.358E-2 1.96114E-2 2.12293E-2 2.24042E-2 2.01745E-2 1.71471E-2 1.7072E-2 1.91063E-2 1.83174E-2 1.62443E-2 1.63295E-2 1.4019E-2 1.52085E-2 1.77581E-2 1.62705E-2 1.71948E-2 2.07191E-2 2.44536E-2 2.31808E-2 1.88344E-2 1.50447E-2 1.36882E-2 1.26951E-2 1.2016E-2 1.07515E-2 9.7839E-3 9.00094E-3 7.52624E-3 6.8655E-3 6.00608E-3 4.45311E-3 -9999 3.7566E-3 2.49525E-3 1.66106E-3 1.04428E-3 7.8072E-4 -9999
1.18153E-1 1.17977E-1 1.00805E-1 4.89996E-2 4.0455E-2 3.95801E-2 3.34783E-2 2.40233E-2 2.13335E-2 2.38301E-2 3.20673E-2 3.61522E-2 4.57086E-2 7.34929E-2 7.5021E-2 6.99742E-2 6.6041E-2 6.65641E-2 5.6904E-2 5.18455E-2 5.07786E-2 4.74325E-2 4.26861E-2 4.51987E-2 4.32463E-2 3.40302E-2 2.67884E-2 2.44112E-2 2.35794E-2 2.77201E-2 3.12485E-2 2.51589E-2 2.15954E-2 1.686E-2 1.75826E-2 1.94669E-2 1.80873E-2 1.47792E-2 1.66534E-2 1.86471E-2 1.84388E-2 1.59716E-2 1.26516E-2 5.88855E-3 5.37398E-3 1.04886E-2 1.11567E-2 1.30768E-2 1.66638E-2 1.96198E-2 1.87555E-2 1.48367E-2 1.123E-2 9.04305E-3 8.56761E-3 9.13633E-3 9.22017E-3 8.11524E-3 8.2354E-3 7.06758E-3 6.2873E-3 5.31504E-3 6.29395E-3 4.33395E-3 3.27956E-3 -9999 1.44332E-3 1.05902E-3 7.27855E-4 -9999
1.19748E-1 8.25955E-2 8.2281E-2 7.63689E-2 6.49858E-2 5.65665E-2 3.81183E-2 2.79425E-2 2.62849E-2 2.67807E-2 3.35407E-2 4.08097E-2 5.54455E-2 6.80564E-2 6.94832E-2 6.44861E-2 6.68158E-2 6.66192E-2 6.25714E-2 5.47258E-2 5.84639E-2 5.87688E-2 5.95196E-2 5.50825E-2 5.13274E-2 4.25048E-2 3.05961E-2 2.61585E-2 2.39215E-2 2.39975E-2 2.26843E-2 2.1518E-2 1.96951E-2 1.61929E-2 1.67293E-2 1.80743E-2 1.71407E-2 8.96943E-3 1.68821E-2 1.81756E-2 1.78022E-2 1.54729E-2 1.19954E-2 5.07868E-3 4.67778E-3 1.17513E-2 1.12681E-2 1.24065E-2 1.51949E-2 1.83929E-2 1.66479E-2 1.45743E-2 8.56516E-3 -9999 5.86276E-3 6.79936E-3 7.84595E-3 8.18882E-3 7.8758E-3 7.29798E-3 -9999 4.93651E-3 5.80961E-3 4.27944E-3 -9999 -9999 -9999 -9999 -9999 -9999
9.46191E-2 8.25851E-2 7.76402E-2 8.84488E-2 8.08444E-2 6.37976E-2 4.53331E-2 3.12364E-2 2.10445E-2 2.45052E-2 3.11716E-2 4.22157E-2 5.44716E-2 5.95798E-2 6.01082E-2 6.20765E-2 6.17629E-2 6.14455E-2 5.75247E-2 5.21998E-2 5.49874E-2 6.0139E-2 6.14817E-2 5.57535E-2 4.94277E-2 4.24048E-2 3.83206E-2 2.7915E-2 2.4234E-2 2.09137E-2 1.96329E-2 1.80895E-2 1.74756E-2 1.61978E-2 1.6894E-2 2.00207E-2 1.98846E-2 1.73633E-2 1.57638E-2 1.5748E-2 1.67084E-2 1.53477E-2 1.28136E-2 9.2549E-3 1.0139E-2 1.32661E-2 1.30406E-2 1.51276E-2 1.68877E-2 1.83586E-2 -9999 -9999 -9999 -9999 -9999 7.30184E-3 -9999 -9999 7.78068E-3 -9999 -9999 -9999 -9999 -9999 -9999 -9999 -9999 -9999 -9999 -9999
1.17814E-1 9.77969E-2 8.127E-2 8.2032E-2 7.98991E-2 6.05281E-2 4.5443E-2 3.54739E-2 2.29825E-2 2.38397E-2 3.12187E-2 5.13059E-2 5.99434E-2 5.62379E-2 5.75049E-2 5.58684E-2 5.89872E-2 5.65611E-2 5.53651E-2 4.77153E-2 5.07279E-2 5.15579E-2 5.27545E-2 4.85313E-2 4.60299E-2 4.31862E-2 4.3104E-2 3.5546E-2 2.77708E-2 2.0269E-2 1.86309E-2 1.80263E-2 1.6434E-2 1.83308E-2 2.13297E-2 2.36474E-2 2.50099E-2 2.3163E-2 2.15468E-2 1.54381E-2 1.60812E-2 1.61302E-2 1.47479E-2 1.26316E-2 1.29156E-2 1.25834E-2 1.32838E-2 2.35593E-2 -9999 -9999 -9999 -9999 -9999 -9999 -9999 -9999 -9999 -9999 -9999 -9999 -9999 -9999 -9999 -9999 -9999 -9999 -9999 -9999 -9999 -9999
1.13878E-1 1.02765E-1 9.75979E-2 9.32405E-2 7.33848E-2 5.10311E-2 4.01947E-2 2.99509E-2 2.57878E-2 2.82929E-2 3.7015E-2 4.40241E-2 4.74441E-2 5.0147E-2 4.9282E-2 5.0492E-2 5.22516E-2 5.46967E-2 4.99996E-2 4.14493E-2 4.2443E-2 4.35296E-2 4.35576E-2 4.33601E-2 4.21672E-2 4.31412E-2 4.59643E-2 3.82477E-2 3.17632E-2 2.37749E-2 2.01189E-2 1.85155E-2 2.01923E-2 2.19955E-2 2.41089E-2 2.5763E-2 2.80549E-2 2.68607E-2 2.34553E-2 1.91018E-2 1.52132E-2 1.58132E-2 1.75943E-2 1.55076E-2 1.60109E-2 1.59481E-2 1.63193E-2 -9999 -9999 -9999 -9999 -9999 -9999 -9999 -9999 -9999 -9999 -9999 -9999 -9999 -9999 -9999 -9999 -9999 -9999 -9999 -9999 -9999 -9999 -9999
1.55952E-1 9.98331E-2 1.31504E-1 1.2224E-1 6.48786E-2 4.40718E-2 3.30487E-2 2.61866E-2 2.31641E-2 2.84735E-2 3.58087E-2 3.26445E-2 3.45359E-2 4.5057E-2 5.04418E-2 5.54828E-2 5.39601E-2 4.79364E-2 4.38799E-2 3.87987E-2 3.6167E-2 3.6397E-2 3.73541E-2 3.75388E-2 4.04057E-2 4.24278E-2 4.52489E-2 4.00451E-2 3.49597E-2 2.7324E-2 2.48658E-2 2.39147E-2 2.27699E-2 2.28999E-2 2.39636E-2 2.97515E-2 3.15986E-2 2.85396E-2 2.37921E-2 2.2444E-2 1.65787E-2 1.62102E-2 1.71479E-2 1.79109E-2 1.59174E-2 1.66947E-2 1.73714E-2 -9999 -9999 -9999 -9999 -9999 -9999 -9999 -9999 -9999 -9999 -9999 -9999 -9999 -9999 -9999 -9999 -9999 -9999 -9999 -9999 -9999 -9999 -9999
1.00658E-1 9.07378E-2 8.14521E-2 1.09738E-1 6.44573E-2 4.73667E-2 3.55537E-2 2.72699E-2 2.36899E-2 2.57133E-2 3.01003E-2 3.01593E-2 3.2555E-2 4.26333E-2 5.15123E-2 5.77191E-2 5.6356E-2 4.18015E-2 3.91086E-2 3.48963E-2 3.39042E-2 3.47408E-2 3.29114E-2 2.96766E-2 3.81133E-2 4.07547E-2 4.20126E-2 4.0395E-2 3.79895E-2 3.48314E-2 2.99896E-2 2.88143E-2 2.78709E-2 2.52049E-2 2.40724E-2 2.99604E-2 3.45859E-2 3.18709E-2 2.64177E-2 2.17568E-2 1.93741E-2 1.76255E-2 1.72074E-2 1.76196E-2 1.80707E-2 1.6981E-2 1.83587E-2 2.84706E-2 -9999 -9999 -9999 -9999 -9999 -9999 -9999 -9999 -9999 -9999 -9999 -9999 -9999 -9999 -9999 -9999 -9999 -9999 -9999 -9999 -9999 -9999
8.82914E-2 7.44613E-2 7.06781E-2 9.81801E-2 5.82433E-2 4.86243E-2 3.58689E-2 2.61489E-2 2.35023E-2 2.57576E-2 2.68033E-2 2.67512E-2 2.95722E-2 3.61932E-2 4.57094E-2 4.70391E-2 5.17933E-2 3.99684E-2 3.43212E-2 3.34348E-2 3.30836E-2 4.0871E-2 4.11517E-2 3.72342E-2 3.84178E-2 4.01829E-2 4.02101E-2 3.75092E-2 3.57264E-2 3.3694E-2 3.19955E-2 3.32386E-2 3.02877E-2 2.68346E-2 2.61075E-2 2.63011E-2 3.17677E-2 3.19407E-2 2.57563E-2 2.24694E-2 1.74235E-2 1.60026E-2 1.63516E-2 1.83178E-2 1.81499E-2 1.74997E-2 2.95369E-2 3.19363E-2 -9999 -9999 -9999 -9999 -9999 -9999 -9999 -9999 -9999 -9999 -9999 -9999 -9999 -9999 -9999 -9999 -9999 -9999 -9999 -9999 -9999 -9999
7.38031E-2 5.99343E-2 5.01716E-2 5.77665E-2 5.25202E-2 4.48657E-2 3.13602E-2 2.38561E-2 2.0161E-2 2.18631E-2 2.41381E-2 2.52338E-2 2.8524E-2 3.16096E-2 3.43121E-2 3.64376E-2 3.82054E-2 3.5619E-2 3.03934E-2 2.97716E-2 2.70749E-2 4.5372E-2 5.12193E-2 4.34585E-2 4.10208E-2 3.89311E-2 3.59765E-2 3.71047E-2 3.42712E-2 2.93476E-2 2.91668E-2 2.82639E-2 2.92733E-2 2.84446E-2 2.58385E-2 2.43197E-2 2.28447E-2 2.30311E-2 2.28112E-2 2.17115E-2 1.89061E-2 1.87421E-2 1.82975E-2 1.88019E-2 1.90698E-2 2.03187E-2 3.11716E-2 -9999 -9999 -9999 -9999 -9999 -9999 -9999 -9999 -9999 -9999 -9999 -9999 -9999 -9999 -9999 -9999 -9999 -9999 -9999 -9999 -9999 -9999 -9999
6.78668E-2 5.07649E-2 4.40902E-2 4.77107E-2 4.21525E-2 3.96271E-2 2.91054E-2 2.03788E-2 1.77661E-2 1.86902E-2 2.14787E-2 2.47457E-2 2.76426E-2 2.83012E-2 3.30217E-2 3.73635E-2 4.0693E-2 3.78192E-2 3.00388E-2 2.73694E-2 2.3298E-2 4.49326E-2 5.12102E-2 4.77659E-2 4.1907E-2 3.57016E-2 3.59684E-2 3.49621E-2 3.20145E-2 2.67975E-2 2.58935E-2 2.67407E-2 2.70156E-2 2.64499E-2 2.42848E-2 2.41648E-2 2.5797E-2 2.46921E-2 2.30337E-2 2.09856E-2 1.91193E-2 2.13109E-2 1.9344E-2 2.04908E-2 1.98625E-2 2.12533E-2 -9999 -9999 -9999 -9999 -9999 -9999 -9999 -9999 -9999 -9999 -9999 -9999 -9999 -9999 -9999 -9999 -9999 -9999 -9999 -9999 -9999 -9999 -9999 -9999
6.96833E-2 5.76332E-2 4.73144E-2 3.98165E-2 3.70653E-2 3.43135E-2 2.53384E-2 1.73431E-2 1.54176E-2 1.6864E-2 1.92057E-2 2.22579E-2 2.55374E-2 2.23598E-2 2.60851E-2 3.2772E-2 3.56986E-2 3.2944E-2 2.84764E-2 2.55624E-2 2.33787E-2 4.88452E-2 5.13427E-2 5.01783E-2 4.29032E-2 3.71131E-2 3.59171E-2 3.24169E-2 2.41136E-2 2.43643E-2 2.13989E-2 2.26368E-2 2.52455E-2 2.69679E-2 2.40169E-2 2.46033E-2 2.37106E-2 2.57941E-2 2.44256E-2 2.10082E-2 1.92199E-2 1.9266E-2 2.03651E-2 2.13586E-2 2.0446E-2 2.21089E-2 -9999 -9999 -9999 -9999 -9999 -9999 -9999 -9999 -9999 -9999 -9999 -9999 -9999 -9999 -9999 -9999 -9999 -9999 -9999 -9999 -9999 -9999 -9999 -9999
7.05354E-2 5.99862E-2 5.17194E-2 4.67898E-2 4.47822E-2 3.29062E-2 2.40868E-2 1.77885E-2 1.52292E-2 1.64321E-2 1.92358E-2 2.02662E-2 2.05658E-2 1.82024E-2 1.72504E-2 2.08885E-2 2.23322E-2 2.38032E-2 2.72564E-2 2.94762E-2 3.93175E-2 5.25127E-2 5.10676E-2 4.80449E-2 4.60439E-2 3.8503E-2 3.65174E-2 2.97646E-2 2.56982E-2 2.2716E-2 1.32566E-2 1.83537E-2 2.47876E-2 2.90866E-2 2.6116E-2 2.80651E-2 2.81102E-2 2.58459E-2 2.57489E-2 2.44617E-2 2.14344E-2 2.20357E-2 2.09629E-2 2.2617E-2 2.36737E-2 -9999 -9999 -9999 -9999 -9999 -9999 -9999 -9999 -9999 -9999 -9999 -9999 -9999 -9999 -9999 -9999 -9999 -9999 -9999 -9999 -9999 -9999 -9999 -9999 -9999
7.48403E-2 6.09382E-2 5.43862E-2 5.0178E-2 4.19353E-2 3.17953E-2 2.38108E-2 1.8188E-2 1.73318E-2 1.66605E-2 1.72943E-2 1.67912E-2 1.83717E-2 1.88665E-2 1.92643E-2 1.96996E-2 2.19682E-2 3.52523E-2 2.35433E-2 2.85053E-2 4.23048E-2 5.24922E-2 5.79122E-2 4.99419E-2 4.23834E-2 3.29708E-2 2.94477E-2 2.20696E-2 2.44682E-2 1.2272E-2 1.5578E-2 2.11563E-2 2.97084E-2 3.12172E-2 3.14042E-2 2.67624E-2 2.71984E-2 2.72015E-2 2.73339E-2 2.70181E-2 2.25242E-2 2.31301E-2 2.19393E-2 2.27481E-2 -9999 -9999 -9999 -9999 -9999 -9999 -9999 -9999 -9999 -9999 -9999 -9999 -9999 -9999 -9999 -9999 -9999 -9999 -9999 -9999 -9999 -9999 -9999 -9999 -9999 -9999
7.59935E-2 7.81367E-2 6.57126E-2 5.60663E-2 4.02695E-2 2.93063E-2 2.32708E-2 2.09304E-2 1.81205E-2 1.86448E-2 1.81533E-2 1.66208E-2 1.73227E-2 2.03485E-2 2.11943E-2 3.46605E-2 3.66919E-2 3.68733E-2 2.34322E-2 2.76732E-2 3.02555E-2 3.96733E-2 4.9469E-2 4.6423E-2 3.31624E-2 2.5177E-2 2.8598E-2 2.85042E-2 2.71082E-2 1.84762E-2 1.7396E-2 2.47796E-2 3.12437E-2 3.16904E-2 3.32753E-2 3.10969E-2 3.28401E-2 -9999 -9999 2.71253E-2 -9999 -9999 -9999 -9999 -9999 -9999 -9999 -9999 -9999 -9999 -9999 -9999 -9999 -9999 -9999 -9999 -9999 -9999 -9999 -9999 -9999 -9999 -9999 -9999 -9999 -9999 -9999 -9999 -9999 -9999
5.94128E-2 6.80545E-2 7.71846E-2 7.42599E-2 4.14393E-2 3.15579E-2 2.58869E-2 2.2494E-2 1.92617E-2 1.939E-2 1.84058E-2 1.72784E-2 1.78851E-2 2.02581E-2 2.37923E-2 2.46051E-2 3.7644E-2 3.51514E-2 2.26193E-2 2.47883E-2 2.36987E-2 2.97394E-2 4.48551E-2 2.78283E-2 1.16454E-2 2.3895E-2 1.98374E-2 3.09918E-2 3.06638E-2 2.40793E-2 2.22725E-2 2.19648E-2 2.57279E-2 3.15913E-2 3.48797E-2 3.42287E-2 3.64636E-2 3.63806E-2 -9999 -9999 -9999 -9999 -9999 -9999 -9999 -9999 -9999 -9999 -9999 -9999 -9999 -9999 -9999 -9999 -9999 -9999 -9999 -9999 -9999 -9999 -9999 -9999 -9999 -9999 -9999 -9999 -9999 -9999 -9999 -9999
6.85183E-2 8.98909E-2 9.34164E-2 8.10587E-2 5.71932E-2 3.90606E-2 2.99254E-2 2.3878E-2 2.27938E-2 2.0615E-2 1.9563E-2 1.69316E-2 1.68803E-2 2.10751E-2 2.54776E-2 2.50258E-2 2.53408E-2 2.48757E-2 2.3726E-2 2.32931E-2 2.26533E-2 2.0664E-2 3.00374E-2 2.00212E-2 1.41934E-2 2.20372E-2 2.8821E-2 2.37285E-2 2.98715E-2 2.71676E-2 2.00412E-2 1.99923E-2 2.72151E-2 3.20412E-2 3.22593E-2 3.8248E-2 5.71495E-2 -9999 -9999 -9999 -9999 -9999 -9999 -9999 -9999 -9999 -9999 -9999 -9999 -9999 -9999 -9999 -9999 -9999 -9999 -9999 -9999 -9999 -9999 -9999 -9999 -9999 -9999 -9999 -9999 -9999 -9999 -9999 -9999 -9999
7.07657E-2 8.49801E-2 1.0168E-1 8.69308E-2 6.99915E-2 4.85998E-2 3.33636E-2 2.79717E-2 2.30099E-2 2.2728E-2 2.17295E-2 1.837E-2 1.68635E-2 2.02299E-2 2.50523E-2 2.38247E-2 2.5139E-2 2.40532E-2 2.26878E-2 2.19795E-2 1.91973E-2 1.89145E-2 1.78476E-2 9.22316E-3 1.29469E-2 1.82492E-2 2.94451E-2 2.25059E-2 3.15229E-2 2.91172E-2 2.06616E-2 1.14998E-2 2.78735E-2 2.98511E-2 3.1717E-2 -9999 -9999 -9999 -9999 -9999 -9999 -9999 -9999 -9999 -9999 -9999 -9999 -9999 -9999 -9999 -9999 -9999 -9999 -9999 -9999 -9999 -9999 -9999 -9999 -9999 -9999 -9999 -9999 -9999 -9999 -9999 -9999 -9999 -9999 -9999
