KUENM_DEFAULT/Final_Models/M_1_F_lqpth_Set_1_NE/sp1_2.asc
ncols         197
nrows         210
xllcorner     56.1666666666667
yllcorner     4.5
cellsize      0.166666666666667
NODATA_value  -9999
[rows 28 to 55 of 210, columns 65 to 129 of 197]
1.0045E-3 1.03386E-3 1.51338E-3 8.87124E-4 1.10415E-3 8.4018E-4 1.89784E-3 3.82237E-3 3.48372E-3 7.4716E-3 2.21226E-3 1.41871E-3 1.88737E-2 2.41375E-2 3.50866E-2 5.2177E-2 7.01634E-2 3.87711E-2 1.05876E-1 1.07604E-1 6.41679E-2 1.16196E-2 1.60731E-2 7.74245E-2 1.15515E-1 4.83457E-2 1.08026E-1 9.75952E-2 8.88994E-2 4.76843E-2 6.12079E-2 5.70953E-2 5.81929E-3 2.30733E-3 5.26376E-3 5.08274E-3 2.13411E-3 3.74746E-3 2.55593E-3 4.0745E-3 1.24054E-3 2.31488E-3 4.11149E-3 4.29873E-3 4.32411E-3 3.14876E-3 2.94006E-3 2.10201E-3 1.09792E-3 5.36381E-4 1.81824E-4 4.58711E-5 4.68123E-5 1.12155E-5 2.81376E-5 6.79984E-5 4.10182E-6 1.97725E-6 1.66183E-6 4.72856E-6 5.42387E-6 5.71568E-6 3.59496E-6 7.49056E-6 1.54797E-6
1.17868E-3 1.40494E-3 1.49923E-3 1.08452E-3 1.18617E-3 1.91346E-3 1.74088E-3 2.32165E-3 1.62746E-3 1.39674E-3 1.94589E-3 9.78628E-3 1.87977E-2 2.18553E-2 2.67577E-2 4.77283E-2 6.81108E-2 8.01922E-2 7.37466E-2 7.542E-2 1.56799E-1 1.65963E-1 1.63158E-1 2.61862E-1 7.07203E-2 2.86856E-1 2.56853E-1 9.38428E-2 1.10051E-1 1.31812E-1 1.25442E-1 5.16061E-2 5.55087E-2 6.81886E-3 7.41341E-3 2.01805E-3 3.19869E-3 2.26217E-3 1.64729E-3 3.44443E-3 2.98816E-3 6.18301E-3 4.84109E-3 1.06469E-2 6.75818E-3 2.3641E-3 2.35137E-3 2.47198E-3 4.5907E-3 8.68898E-4 1.47058E-4 9.24214E-5 6.59207E-5 9.40937E-5 1.92393E-4 4.61195E-5 4.75588E-5 2.72951E-5 1.86982E-6 1.49079E-6 1.80578E-6 2.48129E-6 8.58279E-6 1.88748E-5 3.38603E-6
1.21554E-3 1.04164E-3 1.02414E-3 8.56879E-4 5.05798E-4 8.05946E-4 1.32241E-3 2.16137E-3 2.76405E-3 3.91813E-3 6.94731E-3 6.64779E-3 1.52374E-2 2.23878E-2 2.11633E-2 7.34971E-2 8.10936E-2 1.36782E-1 1.06777E-1 8.51352E-2 2.66566E-2 3.54578E-2 7.30103E-2 1.31243E-1 1.71289E-1 1.63972E-1 1.99497E-1 2.6829E-1 4.43549E-1 3.34872E-1 3.02048E-1 1.37585E-1 9.63361E-2 8.31146E-2 1.03967E-2 5.27261E-3 4.36526E-3 3.92955E-3 3.68034E-3 2.44544E-3 1.47923E-2 3.61791E-3 7.35053E-3 2.74471E-2 1.65411E-2 1.86003E-2 3.83579E-3 1.60551E-3 1.44621E-3 8.19387E-4 3.18356E-4 4.26828E-4 4.23064E-4 1.50695E-4 1.00556E-4 6.29846E-5 3.52879E-5 3.64595E-5 3.35973E-5 4.57194E-6 1.82515E-6 1.68106E-6 2.18047E-6 2.67738E-6 1.06111E-5
1.19243E-3 8.84924E-4 7.48809E-4 1.64402E-3 1.80006E-3 1.34063E-3 1.61297E-3 1.89522E-3 2.28006E-3 3.76968E-3 4.17822E-3 8.04318E-3 1.11739E-2 1.8769E-2 6.65631E-3 1.02309E-2 4.53771E-2 4.28036E-2 1.73983E-1 1.20792E-1 1.05577E-1 7.99329E-2 3.62095E-2 7.0945E-2 8.51566E-2 1.00372E-1 1.67872E-1 2.75621E-1 3.64621E-1 5.20636E-1 5.3781E-1 3.35263E-1 2.83341E-1 1.31303E-1 1.18442E-2 1.36208E-2 6.82857E-3 3.73562E-3 2.93578E-3 5.646E-3 1.07612E-2 6.64867E-4 2.24346E-3 1.17368E-2 3.17219E-2 3.76086E-2 1.62365E-2 4.90346E-3 1.94105E-3 2.97565E-3 9.09516E-4 3.35947E-4 4.14418E-5 3.06475E-4 3.83609E-5 1.56313E-5 9.37395E-6 1.02469E-5 1.37952E-5 2.20925E-5 1.81471E-5 2.31606E-5 7.13815E-6 4.93195E-6 3.9579E-6
1.12986E-3 8.78739E-4 1.20346E-3 1.20942E-3 1.82812E-3 1.41701E-3 1.63441E-3 2.47675E-3 3.35235E-3 3.60336E-3 4.95043E-3 6.55851E-3 8.67408E-3 1.0759E-2 3.50459E-3 9.59615E-3 5.77359E-3 2.08549E-3 4.83972E-3 1.78985E-2 4.00056E-2 8.55193E-2 1.40823E-1 2.25841E-1 2.41888E-1 1.63842E-1 1.58009E-1 1.86677E-1 3.23613E-1 3.85019E-1 4.87313E-1 5.32356E-1 4.75769E-1 3.15225E-1 2.25538E-1 2.18028E-1 1.03855E-2 5.06571E-3 2.08712E-3 4.42657E-2 2.23529E-2 1.07193E-2 1.0829E-2 3.75911E-3 7.90084E-3 2.76921E-2 3.36385E-2 1.58008E-2 2.53258E-3 1.71633E-3 1.6425E-3 7.66684E-4 1.17784E-4 3.31007E-4 1.35924E-5 1.05108E-5 5.50747E-6 3.20066E-6 2.24125E-6 6.83649E-6 4.33739E-6 1.71473E-5 1.33486E-5 4.98969E-5 1.14102E-5
9.80707E-4 1.03985E-3 1.5072E-3 1.68584E-3 1.78661E-3 2.19561E-3 2.4245E-3 1.99166E-3 3.27902E-3 4.38307E-3 4.58222E-3 5.08521E-3 1.00882E-2 8.51548E-3 4.98426E-3 1.97242E-2 3.14216E-2 2.44515E-2 2.51358E-2 9.27646E-3 4.83376E-3 7.37236E-3 2.0252E-2 5.36255E-2 2.14546E-1 1.59596E-1 1.81415E-1 1.95834E-1 2.4092E-1 2.69116E-1 4.92207E-1 3.89439E-1 5.52995E-1 3.30401E-1 2.61326E-1 2.19009E-1 1.19794E-2 8.53648E-3 5.03756E-3 7.12282E-2 5.82968E-2 1.55661E-2 1.17813E-2 6.76712E-4 1.09341E-3 4.82477E-3 1.74477E-2 3.30567E-2 1.74477E-2 5.12069E-3 2.73072E-3 3.81937E-3 4.9485E-4 1.15846E-4 3.85443E-5 1.27651E-5 8.02142E-6 6.46992E-6 7.77598E-6 1.1544E-5 2.10527E-5 2.55228E-5 7.2767E-6 6.2369E-6 3.98477E-5
1.30813E-3 1.31024E-3 1.29178E-3 1.6524E-3 1.9259E-3 2.24434E-3 2.47131E-3 1.79426E-3 2.12954E-3 3.77358E-3 4.69035E-3 6.35581E-3 5.74936E-3 6.94728E-3 7.57424E-3 2.30499E-2 5.97688E-2 3.42201E-2 5.15749E-2 7.67518E-2 4.94862E-2 2.32718E-2 2.90661E-2 3.55968E-2 8.26758E-2 2.43578E-1 1.78466E-1 2.11438E-1 2.4917E-1 2.48727E-1 3.73473E-1 3.99766E-1 5.44943E-1 3.73005E-1 3.87692E-1 1.99157E-1 2.93506E-2 3.06808E-2 7.86374E-2 8.9284E-2 5.82557E-2 8.21293E-2 7.81081E-2 2.48842E-2 1.58024E-3 1.17119E-3 9.57497E-4 1.77928E-2 3.37213E-2 2.05329E-2 2.45901E-3 2.17473E-3 4.51403E-3 9.76187E-4 7.46582E-5 1.53578E-5 2.32677E-5 1.43059E-5 1.49227E-5 3.65971E-5 4.62248E-6 9.68309E-6 6.04055E-6 4.45767E-6 1.5105E-5
1.51307E-3 1.16696E-3 1.62314E-3 1.60996E-3 1.89251E-3 2.3869E-3 2.26188E-3 1.90224E-3 2.22099E-3 2.86565E-3 5.06438E-3 7.01646E-3 9.06296E-3 1.0508E-2 6.95862E-3 2.06327E-2 3.58597E-2 1.08721E-1 1.67056E-1 1.16467E-1 1.88055E-1 6.29458E-2 8.86371E-2 1.04172E-1 2.563E-1 2.27962E-1 2.74839E-1 2.54865E-1 2.49211E-1 2.90229E-1 3.8487E-1 3.75656E-1 5.34829E-1 4.43639E-1 4.10282E-1 3.49231E-1 3.24368E-1 2.96042E-1 1.77803E-1 1.38731E-1 1.17052E-1 1.15418E-1 9.56534E-2 4.81211E-2 6.22561E-3 9.38887E-4 1.48611E-3 8.33235E-4 1.53053E-3 1.7463E-3 2.7696E-3 2.00811E-3 3.43837E-3 3.07543E-3 4.20749E-4 9.74058E-5 2.51714E-5 1.98051E-5 4.65282E-5 7.94558E-5 1.95342E-5 7.7443E-6 1.11892E-5 6.34314E-6 8.36634E-6
1.19961E-3 1.63859E-3 1.77497E-3 1.65176E-3 1.82996E-3 2.18176E-3 2.15997E-3 1.84326E-3 2.24609E-3 2.5699E-3 3.12464E-3 5.29173E-3 7.50825E-3 4.66384E-3 9.32194E-3 1.9122E-2 4.8501E-2 1.17325E-1 1.02468E-1 1.15579E-1 1.16207E-1 1.3472E-1 1.63381E-1 2.11794E-1 2.45131E-1 2.73233E-1 3.09891E-1 3.07435E-1 2.88042E-1 3.84219E-1 2.88463E-1 3.01456E-1 4.81231E-1 4.97954E-1 4.569E-1 4.48149E-1 3.99946E-1 3.61887E-1 2.61243E-1 3.13839E-1 4.35436E-2 1.37839E-1 1.0518E-1 8.12137E-2 4.00166E-2 4.58357E-3 6.88625E-3 5.16946E-4 3.93187E-4 8.44799E-4 1.9112E-3 8.65349E-4 9.20677E-3 4.69556E-3 1.54305E-3 1.36786E-3 6.72083E-4 2.45218E-5 2.26747E-5 1.54767E-4 1.27396E-5 2.00549E-5 1.2862E-5 1.23795E-5 1.0089E-5
1.39406E-3 1.75045E-3 1.28375E-3 1.725E-3 1.82671E-3 1.26116E-3 1.43085E-3 1.78479E-3 2.06834E-3 2.54587E-3 4.00246E-3 5.08182E-3 6.05005E-3 4.42479E-3 8.84713E-3 3.8776E-2 7.77416E-2 7.87118E-2 9.42171E-2 1.18069E-1 8.91014E-2 9.62191E-2 1.21593E-1 1.40492E-1 1.60148E-1 1.90425E-1 1.99432E-1 2.03135E-1 2.19418E-1 2.17043E-1 2.93199E-1 3.68536E-1 4.17182E-1 5.78029E-1 5.68394E-1 5.00211E-1 4.62648E-1 4.42579E-1 4.36194E-1 3.83271E-1 8.44924E-2 4.33E-2 1.47567E-1 1.42918E-1 1.12916E-1 5.26005E-2 3.65598E-2 2.69306E-3 3.07448E-3 2.6081E-3 7.65918E-4 6.02747E-4 1.40208E-3 3.1643E-3 2.9113E-3 3.03633E-3 5.02786E-4 2.06254E-4 4.56604E-5 6.55682E-5 5.58198E-5 4.25274E-5 4.23231E-5 2.8358E-5 2.246E-5
1.7928E-3 1.81185E-3 1.34457E-3 1.2847E-3 1.18987E-3 1.37364E-3 1.54511E-3 1.6876E-3 2.11642E-3 3.17586E-3 4.0123E-3 4.12006E-3 3.81282E-3 5.22205E-3 1.21564E-2 1.92981E-2 3.38237E-2 7.06735E-2 1.04908E-1 1.32933E-1 9.02856E-2 9.5797E-2 1.09581E-1 1.24461E-1 1.51925E-1 1.4937E-1 1.63692E-1 1.85334E-1 3.38079E-1 3.38443E-1 3.64473E-1 3.68985E-1 3.90458E-1 4.14149E-1 5.37745E-1 6.47702E-1 4.9591E-1 4.95486E-1 4.89521E-1 4.66558E-1 4.21813E-1 7.14232E-2 2.49455E-1 2.36642E-1 4.50378E-2 3.2416E-2 2.13421E-2 7.98992E-3 3.89221E-3 2.05231E-3 2.02283E-3 1.94219E-3 1.43293E-3 1.00735E-3 2.47958E-3 3.9294E-3 3.23002E-3 6.88119E-4 2.16232E-4 6.89155E-5 6.90697E-5 9.02455E-5 4.06395E-5 4.97661E-5 3.11577E-5
1.52345E-3 1.8009E-3 1.52175E-3 1.41983E-3 1.39769E-3 1.52671E-3 1.57679E-3 1.78087E-3 2.61322E-3 3.39018E-3 4.22817E-3 5.47049E-3 7.23234E-3 1.08561E-2 2.82567E-2 4.34898E-2 6.86765E-2 6.75643E-2 1.10298E-1 9.89796E-2 9.86427E-2 1.31275E-1 1.59181E-1 1.31784E-1 1.3364E-1 2.104E-1 3.78035E-1 4.08155E-1 3.11118E-1 3.31106E-1 3.31508E-1 3.40161E-1 3.56797E-1 3.67557E-1 3.93642E-1 4.35944E-1 6.22077E-1 5.67123E-1 5.61215E-1 5.4417E-1 5.09607E-1 4.68495E-1 3.46824E-1 7.01028E-2 5.64717E-2 3.96334E-2 2.72112E-2 1.70781E-2 9.3105E-3 3.15639E-3 1.13004E-3 3.98125E-4 4.83155E-4 4.66885E-4 5.30293E-4 4.91658E-4 2.61906E-3 1.49693E-3 4.31793E-4 3.7694E-4 1.29863E-4 1.02199E-4 1.16918E-4 1.72949E-4 5.78754E-5
2.05816E-3 2.38586E-3 1.97863E-3 1.95389E-3 1.84602E-3 1.75345E-3 1.81111E-3 1.91152E-3 2.9207E-3 3.2971E-3 3.88547E-3 5.37158E-3 7.52837E-3 1.30681E-2 1.4265E-2 1.78397E-2 1.82373E-2 4.16823E-2 8.36838E-2 8.37141E-2 1.01307E-1 1.25344E-1 1.50783E-1 2.31053E-1 1.72061E-1 3.5297E-1 3.28735E-1 3.87071E-1 2.7863E-1 3.02644E-1 3.05311E-1 2.35934E-1 2.28872E-1 2.44006E-1 2.4837E-1 2.7599E-1 3.33749E-1 6.58535E-1 6.21605E-1 6.99016E-1 6.71462E-1 6.47694E-1 5.32243E-1 4.81699E-1 1.14811E-1 8.44225E-2 6.32364E-2 2.72328E-2 1.41794E-2 5.8277E-3 2.36087E-3 9.57225E-4 5.77718E-4 5.075E-4 7.8815E-4 4.65118E-4 2.10744E-3 3.24923E-3 3.8971E-3 4.09361E-4 3.93347E-4 5.05948E-4 2.02802E-4 1.35911E-4 1.53397E-4
4.0567E-3 2.80553E-3 2.96662E-3 2.42566E-3 2.17368E-3 2.13068E-3 2.16028E-3 2.16416E-3 3.08794E-3 3.61905E-3 3.41895E-3 5.06408E-3 8.76199E-3 1.3246E-2 1.11429E-2 1.29475E-2 2.25647E-2 4.57118E-2 7.5111E-2 9.89337E-2 9.81513E-2 1.67656E-1 2.38622E-1 2.93632E-1 3.17855E-1 3.23661E-1 3.23284E-1 3.46276E-1 2.56355E-1 1.95291E-1 1.94309E-1 1.87816E-1 2.28788E-1 3.43163E-1 3.52211E-1 3.7512E-1 5.31195E-1 5.84404E-1 7.03301E-1 7.592E-1 6.39474E-1 6.15331E-1 6.09571E-1 5.5827E-1 4.97471E-1 4.66683E-1 7.17772E-2 7.65717E-2 3.2551E-2 1.56192E-2 8.06965E-3 4.83591E-3 2.75878E-3 1.61995E-3 7.62339E-4 3.66248E-4 3.33436E-4 1.62588E-3 2.87677E-3 3.50729E-3 2.75861E-3 8.57661E-4 2.66453E-4 2.83302E-4 2.25197E-4
4.38069E-3 4.6244E-3 3.76266E-3 2.63121E-3 2.61429E-3 2.68589E-3 2.42034E-3 2.93751E-3 3.22395E-3 2.88453E-3 3.43874E-3 5.57025E-3 8.13621E-3 1.25871E-2 2.29669E-2 2.33829E-2 3.09054E-2 5.60573E-2 9.42655E-2 8.12958E-2 1.69717E-1 1.96732E-1 1.6922E-1 1.42832E-1 1.4487E-1 2.25779E-1 3.09728E-1 3.22442E-1 3.42253E-1 2.41747E-1 2.73386E-1 3.01694E-1 4.44577E-1 4.51228E-1 4.47135E-1 4.38062E-1 4.69086E-1 5.06484E-1 5.97383E-1 6.4406E-1 7.81836E-1 7.84768E-1 6.66488E-1 5.24962E-1 4.73812E-1 3.76287E-1 4.16186E-1 3.40947E-1 6.25277E-2 4.49722E-2 2.77305E-2 1.348E-2 9.16206E-3 2.50903E-3 3.5405E-4 2.99993E-4 3.11005E-4 3.39514E-4 1.72849E-3 1.71455E-3 2.11147E-3 3.23764E-3 4.28752E-4 6.67044E-4 4.57562E-4
9.37452E-3 6.22647E-3 4.01637E-3 3.63794E-3 3.26444E-3 2.73611E-3 3.03516E-3 3.31862E-3 3.45972E-3 2.9131E-3 3.96968E-3 5.8628E-3 9.55469E-3 1.2817E-2 1.91933E-2 3.08927E-2 3.76848E-2 6.5143E-2 8.1055E-2 7.58221E-2 1.41964E-1 1.66422E-1 1.44063E-1 1.66745E-1 1.83504E-1 2.08261E-1 2.34601E-1 2.61095E-1 3.07401E-1 3.30074E-1 3.73519E-1 3.93147E-1 4.39784E-1 4.53949E-1 4.40693E-1 4.36811E-1 4.47025E-1 4.69837E-1 5.09806E-1 5.75849E-1 6.11365E-1 6.43004E-1 6.88776E-1 6.71378E-1 5.15389E-1 5.2E-1 4.69301E-1 4.21444E-1 3.64286E-1 5.08506E-2 5.41413E-2 3.43451E-2 1.55157E-2 6.43678E-3 1.19338E-3 3.46709E-4 3.7839E-4 3.27898E-4 1.74148E-3 1.43533E-3 1.51086E-3 3.33207E-4 2.234E-3 8.05071E-4 3.28665E-4
9.47853E-3 5.46924E-3 5.12056E-3 4.01949E-3 3.13875E-3 3.39494E-3 3.36816E-3 3.6486E-3 2.85578E-3 3.32888E-3 4.20789E-3 5.2985E-3 8.70913E-3 1.34522E-2 1.90015E-2 2.60538E-2 3.76673E-2 4.80779E-2 4.90448E-2 1.03108E-1 1.13077E-1 1.25262E-1 1.35552E-1 1.43721E-1 1.39613E-1 1.48686E-1 1.69609E-1 2.00051E-1 2.28189E-1 2.64963E-1 3.45267E-1 3.71184E-1 4.24347E-1 4.39731E-1 4.5084E-1 4.05572E-1 3.94941E-1 4.2017E-1 4.74095E-1 5.00004E-1 5.34477E-1 5.83929E-1 6.41075E-1 6.93075E-1 6.60874E-1 5.23519E-1 4.04424E-1 4.03023E-1 3.33992E-1 2.88817E-1 5.06763E-2 5.60741E-2 2.9529E-2 1.21234E-2 5.53256E-3 1.29249E-3 5.13293E-4 6.59323E-4 5.57564E-4 3.29131E-4 4.27813E-4 3.72242E-4 1.58571E-3 1.69315E-3 4.61338E-4
7.74876E-3 5.89353E-3 4.76979E-3 4.76324E-3 4.62556E-3 4.04207E-3 4.0358E-3 4.03582E-3 3.37629E-3 3.86238E-3 4.59106E-3 5.5361E-3 8.23535E-3 1.33335E-2 1.90431E-2 2.5362E-2 3.64047E-2 5.06384E-2 5.2276E-2 6.58209E-2 9.97423E-2 1.12526E-1 1.14284E-1 1.11073E-1 1.15914E-1 1.1341E-1 1.32667E-1 1.50422E-1 1.66967E-1 1.99929E-1 2.52791E-1 3.37473E-1 3.73711E-1 3.93793E-1 3.90542E-1 3.78468E-1 3.76139E-1 4.00857E-1 4.23499E-1 4.45335E-1 4.92154E-1 5.70065E-1 5.40499E-1 7.1043E-1 6.51028E-1 5.31938E-1 4.08198E-1 4.80199E-1 3.61343E-1 3.19447E-1 2.81657E-1 7.53874E-2 4.31387E-2 1.74065E-2 6.64832E-3 5.39891E-3 1.77269E-3 2.15642E-3 2.40914E-3 1.20739E-3 1.07824E-3 5.78496E-4 2.82778E-4 1.03003E-3 1.44862E-3
6.33141E-3 6.64463E-3 7.08413E-3 4.79223E-3 5.72029E-3 5.09543E-3 4.80005E-3 4.9452E-3 3.6071E-3 4.20339E-3 5.00086E-3 6.057E-3 8.85355E-3 1.1037E-2 1.87667E-2 2.40175E-2 4.02113E-2 3.94654E-2 4.93007E-2 9.00403E-2 9.00307E-2 9.75213E-2 9.8291E-2 9.73006E-2 8.24089E-2 8.26822E-2 9.14148E-2 1.10893E-1 1.24898E-1 1.4277E-1 1.80641E-1 2.45877E-1 3.3432E-1 3.66802E-1 3.51363E-1 3.42209E-1 3.35899E-1 3.80507E-1 3.96184E-1 4.32512E-1 4.66791E-1 5.26227E-1 5.3922E-1 7.02841E-1 6.53076E-1 4.98478E-1 4.83256E-1 4.65778E-1 4.62191E-1 4.12202E-1 3.83316E-1 3.80004E-1 6.72948E-2 2.55293E-2 7.14249E-3 7.25654E-3 9.21331E-3 4.64708E-3 3.26698E-3 4.06627E-3 1.74409E-3 1.17934E-3 3.683E-4 1.24454E-3 8.79494E-4
9.55178E-3 8.23936E-3 7.03136E-3 7.23523E-3 6.2359E-3 5.95744E-3 5.18142E-3 3.9456E-3 3.73616E-3 4.39998E-3 5.36879E-3 6.56864E-3 8.22589E-3 1.17709E-2 1.90382E-2 2.53366E-2 1.98629E-2 2.12421E-2 4.853E-2 6.03967E-2 8.63441E-2 8.78758E-2 8.33277E-2 7.21883E-2 6.76754E-2 7.16664E-2 7.27701E-2 8.97186E-2 1.02976E-1 1.14479E-1 1.42022E-1 1.87496E-1 2.50096E-1 3.08655E-1 3.49659E-1 3.42797E-1 3.79807E-1 3.7664E-1 3.87107E-1 4.08386E-1 4.48067E-1 5.1685E-1 5.00718E-1 7.12168E-1 6.48099E-1 5.04205E-1 4.75236E-1 4.41201E-1 4.67939E-1 4.48557E-1 4.42766E-1 5.0802E-1 3.74728E-1 6.61204E-2 3.86885E-2 2.91761E-2 1.67454E-2 1.52478E-2 8.50068E-3 6.45559E-3 1.87123E-3 6.36837E-4 4.32291E-4 3.09737E-4 5.42074E-4
9.71625E-3 7.98684E-3 6.86675E-3 7.0741E-3 5.85025E-3 5.63398E-3 4.19712E-3 3.83028E-3 4.36477E-3 4.39682E-3 4.81981E-3 5.81176E-3 7.47328E-3 1.30887E-2 2.0011E-2 2.94297E-2 2.18697E-2 2.67749E-2 5.74946E-2 5.80805E-2 8.09593E-2 7.37709E-2 7.22154E-2 7.00787E-2 6.7503E-2 6.72867E-2 6.79281E-2 6.83293E-2 7.82898E-2 9.37038E-2 1.17707E-1 1.4601E-1 2.02942E-1 2.88622E-1 3.48458E-1 4.06223E-1 4.09277E-1 3.8295E-1 3.80362E-1 4.04533E-1 4.36171E-1 4.89634E-1 5.55324E-1 5.28929E-1 6.94341E-1 7.72883E-1 6.59247E-1 6.26723E-1 4.90097E-1 5.0128E-1 5.63311E-1 5.58498E-1 5.26847E-1 4.0163E-1 7.29863E-2 5.98076E-2 4.06876E-2 2.72009E-2 1.79647E-2 5.51235E-3 1.56294E-3 1.69949E-3 1.72357E-3 2.04714E-3 7.85966E-4
8.50509E-3 7.61315E-3 8.40109E-3 7.21481E-3 6.58995E-3 4.60437E-3 4.46846E-3 4.47162E-3 3.95805E-3 4.50808E-3 4.84487E-3 6.10499E-3 8.82426E-3 1.27935E-2 1.79272E-2 2.53445E-2 3.46556E-2 4.18806E-2 5.42997E-2 5.64471E-2 7.1554E-2 6.9227E-2 6.84486E-2 6.94459E-2 6.39154E-2 6.09422E-2 6.13854E-2 5.76481E-2 6.022E-2 6.91856E-2 7.83568E-2 1.12288E-1 1.59602E-1 2.73719E-1 3.74157E-1 4.40822E-1 4.2557E-1 4.03171E-1 3.68186E-1 3.7445E-1 4.02863E-1 4.40216E-1 5.04004E-1 5.33624E-1 5.66463E-1 6.20636E-1 5.84246E-1 6.34947E-1 7.84494E-1 6.13561E-1 5.74646E-1 5.84686E-1 5.92005E-1 5.49728E-1 4.02058E-1 7.46663E-2 1.00264E-1 3.90417E-2 1.86038E-2 6.61079E-3 7.09836E-3 4.76916E-3 1.66503E-3 7.57199E-4 8.66545E-4
6.3628E-3 7.68692E-3 7.30277E-3 6.00996E-3 4.76687E-3 4.65092E-3 4.86096E-3 4.2216E-3 4.2448E-3 4.17616E-3 4.87141E-3 5.85206E-3 8.90271E-3 1.37771E-2 1.89298E-2 2.56709E-2 3.2406E-2 4.5358E-2 7.39499E-2 5.84977E-2 6.96808E-2 6.5989E-2 6.77562E-2 6.96129E-2 6.45173E-2 5.82297E-2 5.28075E-2 5.10567E-2 4.88612E-2 5.1581E-2 6.01267E-2 8.56898E-2 1.40721E-1 2.51004E-1 4.15052E-1 4.72104E-1 4.42015E-1 4.02903E-1 3.62905E-1 3.52025E-1 3.91646E-1 4.2019E-1 4.33025E-1 4.72329E-1 4.91475E-1 5.77394E-1 6.20107E-1 6.44842E-1 7.17321E-1 7.66084E-1 7.38359E-1 5.9704E-1 5.63359E-1 5.71448E-1 5.26897E-1 3.96805E-1 4.47958E-1 1.0026E-1 2.80881E-2 1.21808E-2 5.47921E-3 2.52737E-3 2.63183E-3 7.92631E-4 1.00337E-3
5.8496E-3 7.52112E-3 7.19575E-3 4.04488E-3 5.12353E-3 5.90596E-3 6.02606E-3 4.68932E-3 4.23048E-3 4.25217E-3 5.26018E-3 6.54122E-3 9.61174E-3 1.23069E-2 1.65915E-2 2.53797E-2 3.5559E-2 6.48967E-2 7.39715E-2 5.97408E-2 6.99692E-2 6.5727E-2 6.31579E-2 6.48655E-2 6.06881E-2 5.3021E-2 5.01807E-2 4.63606E-2 4.08887E-2 4.31518E-2 4.65513E-2 6.96763E-2 1.05662E-1 2.06622E-1 4.1631E-1 4.83974E-1 4.51016E-1 3.6491E-1 3.30145E-1 3.14936E-1 3.41958E-1 3.9669E-1 3.70635E-1 3.77214E-1 4.47597E-1 5.52062E-1 6.23039E-1 6.24679E-1 6.30723E-1 6.53747E-1 7.64766E-1 6.08805E-1 5.7579E-1 5.5354E-1 5.48416E-1 5.21242E-1 4.21917E-1 1.32076E-1 5.21604E-2 1.36537E-2 4.76406E-3 3.9838E-3 1.37774E-3 1.51895E-3 1.87488E-3
1.10623E-2 1.12573E-2 7.19996E-3 5.65066E-3 7.23232E-3 6.89215E-3 5.79319E-3 4.91625E-3 4.20836E-3 4.11098E-3 5.35359E-3 7.21696E-3 9.76894E-3 1.42962E-2 1.8576E-2 2.54704E-2 5.32143E-2 6.45465E-2 7.24424E-2 6.30461E-2 7.93546E-2 5.76708E-2 5.82008E-2 5.68712E-2 5.1745E-2 4.97019E-2 4.54492E-2 4.44618E-2 3.98958E-2 3.59096E-2 3.99001E-2 6.05563E-2 8.87522E-2 1.60009E-1 3.01409E-1 3.34098E-1 2.99588E-1 2.65072E-1 2.40129E-1 2.59355E-1 2.67837E-1 2.91741E-1 3.20268E-1 3.81409E-1 4.39304E-1 5.19105E-1 5.54773E-1 5.55407E-1 5.72255E-1 6.04589E-1 7.12279E-1 7.2011E-1 5.70126E-1 5.68341E-1 5.89233E-1 5.61148E-1 5.29259E-1 4.08128E-1 1.16124E-1 3.44596E-2 6.46798E-3 3.19517E-3 2.10567E-3 1.49951E-3 1.53737E-3
1.03318E-2 9.71826E-3 7.5449E-3 4.01354E-3 3.72055E-3 4.67198E-3 5.64493E-3 4.96846E-3 4.40073E-3 4.62914E-3 5.38514E-3 7.697E-3 1.158E-2 1.68007E-2 2.42382E-2 3.42523E-2 6.66404E-2 7.73854E-2 8.30374E-2 6.17858E-2 5.06822E-2 5.69041E-2 5.1526E-2 4.84752E-2 4.47851E-2 4.4936E-2 4.57736E-2 4.54402E-2 4.23578E-2 3.93097E-2 4.46926E-2 5.65991E-2 8.09873E-2 1.19151E-1 1.74252E-1 1.99802E-1 1.79915E-1 1.63604E-1 1.84001E-1 2.0834E-1 2.44413E-1 2.75264E-1 2.99933E-1 3.44833E-1 4.32769E-1 4.72108E-1 5.12171E-1 5.22449E-1 5.38219E-1 5.69188E-1 6.3919E-1 7.20879E-1 6.02038E-1 5.90681E-1 5.82822E-1 6.04826E-1 5.44665E-1 5.39503E-1 3.83311E-1 6.85089E-2 2.89702E-2 6.63072E-3 2.49448E-3 2.01031E-3 1.68157E-3
8.1308E-3 7.00233E-3 5.22324E-3 4.71146E-3 3.56379E-3 3.72256E-3 5.1068E-3 5.83964E-3 5.37697E-3 5.66693E-3 7.68059E-3 1.16324E-2 1.75782E-2 2.33599E-2 3.19117E-2 5.76987E-2 7.51294E-2 8.81694E-2 9.08682E-2 7.42575E-2 5.12518E-2 4.97387E-2 4.39454E-2 4.37354E-2 4.2765E-2 4.35184E-2 4.49983E-2 4.5366E-2 4.9254E-2 4.68969E-2 4.79085E-2 5.854E-2 7.08933E-2 9.40792E-2 1.15411E-1 1.28159E-1 1.30136E-1 1.2571E-1 1.26327E-1 1.63654E-1 2.19806E-1 3.00847E-1 3.10376E-1 3.50823E-1 4.20349E-1 4.94913E-1 5.14382E-1 4.87714E-1 4.80106E-1 4.99181E-1 5.80912E-1 7.67566E-1 7.66158E-1 6.08227E-1 7.10769E-1 5.97415E-1 5.82123E-1 5.76887E-1 4.9506E-1 7.88752E-2 5.18085E-2 3.90696E-2 1.04016E-2 5.81424E-3 5.79268E-3
7.02884E-3 2.9076E-3 5.63352E-3 9.08393E-3 1.15769E-2 8.2596E-3 6.0716E-3 6.98873E-3 9.4547E-3 1.0392E-2 1.28481E-2 1.78995E-2 2.69951E-2 3.60275E-2 6.09358E-2 7.42472E-2 7.22713E-2 1.00157E-1 9.20924E-2 7.40534E-2 7.09424E-2 4.2063E-2 3.69657E-2 3.73405E-2 3.75344E-2 3.87738E-2 4.69225E-2 5.0164E-2 5.0191E-2 5.50622E-2 4.90028E-2 5.42916E-2 6.22361E-2 7.69256E-2 8.87288E-2 9.77113E-2 9.79628E-2 1.00488E-1 1.08436E-1 1.38008E-1 1.92607E-1 2.5547E-1 2.63299E-1 3.11658E-1 4.28864E-1 4.97797E-1 5.22952E-1 5.01885E-1 4.76288E-1 4.74114E-1 5.40387E-1 6.10059E-1 6.38756E-1 7.68866E-1 6.09803E-1 7.67079E-1 5.86902E-1 5.61103E-1 5.09083E-1 4.38864E-1 7.33107E-2 5.35508E-2 3.87284E-2 1.06533E-2 9.02849E-3
