KUENM_DEFAULT/Final_Models/M_1_F_lqpth_Set_1_NE/sp1_5.asc
ncols         197
nrows         210
xllcorner     56.1666666666667
yllcorner     4.5
cellsize      0.166666666666667
NODATA_value  -9999
[rows 58 to 86 of 210, columns 130 to 194 of 197]
4.36823E-2 4.16748E-2 2.59766E-2 1.0915E-2 4.71941E-3 3.15958E-3 1.26958E-3 9.06302E-4 2.16565E-3 1.51163E-3 1.07936E-3 1.31495E-3 1.65573E-3 1.53746E-3 1.43477E-3 2.44536E-3 1.52139E-3 1.16646E-3 5.84131E-4 2.40591E-4 4.87456E-4 3.39632E-4 2.03061E-3 8.86307E-3 1.48376E-2 1.00447E-2 1.99107E-3 1.26713E-3 1.42804E-3 6.09822E-4 6.6359E-4 1.00409E-3 1.38025E-3 1.30161E-3 1.08586E-3 8.96583E-4 8.17258E-4 8.32331E-4 5.60222E-4 6.7415E-4 2.49056E-4 2.74159E-4 2.91693E-4 9.9539E-5 9.13346E-5 6.15246E-5 4.68574E-5 5.89565E-5 -9999 -9999 -9999 -9999 -9999 -9999 -9999 -9999 -9999 -9999 -9999 -9999 -9999 -9999 -9999 -9999 -9999
4.7613E-2 4.47308E-2 3.27372E-2 2.46419E-2 1.36455E-2 1.06496E-2 6.93895E-3 4.15626E-3 1.53809E-3 9.28476E-4 1.21012E-3 1.07555E-3 1.5269E-3 2.10162E-3 1.62269E-3 2.73847E-3 1.82207E-3 1.18134E-3 1.11611E-3 1.05738E-3 1.70374E-3 8.96828E-4 6.10073E-4 2.85032E-3 1.74655E-2 1.42691E-2 6.88226E-3 3.85273E-3 2.05958E-3 1.5237E-3 1.52879E-3 2.22417E-3 6.47068E-4 9.13241E-4 8.28559E-4 6.69512E-4 6.7379E-4 9.17474E-4 8.62057E-4 6.79721E-4 6.42532E-4 4.95951E-4 4.71851E-4 1.73218E-4 1.6732E-4 1.00771E-4 9.44357E-5 9.8576E-5 6.11686E-5 5.3687E-5 -9999 -9999 -9999 -9999 -9999 -9999 -9999 -9999 -9999 -9999 -9999 -9999 -9999 -9999 -9999
4.62117E-2 4.65822E-2 3.90675E-2 3.38177E-2 2.76428E-2 2.25997E-2 1.46893E-2 9.89291E-3 3.36037E-3 6.34501E-4 4.91813E-4 6.56437E-4 1.48568E-3 1.55628E-3 3.36661E-3 2.61304E-3 1.50722E-3 1.93058E-3 2.19289E-3 1.22795E-3 1.38855E-3 1.95812E-3 8.46124E-4 3.24719E-2 1.11053E-2 7.84025E-3 4.2744E-3 1.80373E-3 9.6324E-4 1.06184E-3 1.60095E-3 1.87226E-3 2.77427E-3 5.26323E-4 5.8983E-4 3.71791E-4 5.92537E-4 7.95261E-4 5.52476E-4 6.75614E-4 8.20519E-4 5.7016E-4 6.97004E-4 5.72003E-4 3.29192E-4 1.58023E-4 1.52696E-4 1.34996E-4 1.39917E-4 1.19755E-4 1.19105E-4 7.95151E-5 -9999 -9999 -9999 -9999 -9999 -9999 -9999 -9999 -9999 -9999 -9999 -9999 -9999
4.53645E-2 4.52532E-2 4.23485E-2 3.75437E-2 3.3317E-2 3.04445E-2 2.55203E-2 1.90572E-2 1.0671E-2 4.56191E-3 2.58913E-3 1.14746E-3 1.55058E-3 2.017E-3 3.75045E-3 1.85435E-3 1.45775E-3 2.05547E-3 4.47629E-3 2.9512E-3 4.6176E-3 1.40989E-3 1.58059E-3 1.37004E-3 1.18933E-2 1.0682E-2 7.99984E-3 4.32913E-3 1.41167E-3 1.27776E-3 1.48395E-3 1.34046E-3 2.57643E-3 6.18616E-4 3.80109E-4 2.99474E-4 7.34646E-4 8.40373E-4 4.72601E-4 6.84995E-4 1.07778E-3 8.87156E-4 7.73699E-4 6.1952E-4 5.75138E-4 1.05715E-3 3.15967E-4 4.37374E-4 3.85064E-4 1.57577E-4 1.6306E-4 9.32009E-5 3.45799E-4 -9999 -9999 -9999 -9999 -9999 -9999 -9999 -9999 -9999 -9999 -9999 -9999
4.59847E-2 4.66657E-2 4.45845E-2 4.13684E-2 3.95726E-2 3.6816E-2 3.14344E-2 2.61519E-2 1.93322E-2 1.38857E-2 1.04983E-2 7.93899E-3 6.29144E-3 7.80368E-3 6.8162E-3 5.7763E-3 2.74923E-3 1.92227E-3 1.38434E-3 5.0386E-3 4.20112E-3 3.26464E-3 2.46026E-3 1.42155E-3 5.55863E-3 4.30204E-3 3.43093E-3 4.25838E-3 6.18041E-3 3.26145E-3 3.10287E-3 1.25931E-3 2.4903E-3 1.1124E-3 4.61354E-4 3.27699E-4 1.82809E-3 7.78549E-4 4.1119E-4 4.87374E-4 6.30682E-4 5.76264E-4 4.82606E-4 6.17131E-4 5.7328E-4 8.15588E-4 6.46999E-4 3.38202E-4 3.70355E-4 1.44776E-4 1.18077E-4 1.0089E-4 9.5993E-5 6.36141E-5 9.46616E-5 -9999 -9999 -9999 -9999 -9999 -9999 -9999 -9999 -9999 -9999
4.91406E-2 5.00027E-2 4.93425E-2 4.49909E-2 4.38857E-2 4.26209E-2 3.77621E-2 3.14771E-2 3.1883E-2 2.95603E-2 2.5221E-2 1.7819E-2 1.52361E-2 1.65467E-2 1.86855E-2 1.34319E-2 6.2807E-3 3.7445E-3 5.05269E-3 7.47562E-3 4.85869E-3 4.47705E-3 3.81235E-3 2.39117E-3 1.24867E-3 1.01312E-3 1.70076E-3 9.1991E-4 8.28631E-4 3.93487E-3 5.61387E-3 2.61917E-3 1.61682E-3 1.21113E-3 6.03937E-4 1.47558E-3 1.4323E-3 4.24363E-4 3.06725E-4 2.45875E-4 3.69207E-4 5.4975E-4 4.12752E-4 4.22962E-4 8.30016E-4 7.72502E-4 1.16498E-3 4.51777E-4 1.77217E-4 1.34116E-4 8.30586E-4 1.15788E-3 8.45734E-5 1.04667E-4 5.45346E-5 3.89103E-5 -9999 -9999 -9999 -9999 -9999 -9999 -9999 -9999 -9999
5.62636E-2 5.31155E-2 5.54634E-2 5.20805E-2 5.98771E-2 4.78906E-2 4.97575E-2 4.37544E-2 3.87095E-2 3.6158E-2 3.4661E-2 3.02637E-2 2.02572E-2 1.93354E-2 1.70954E-2 1.31867E-2 1.1657E-2 1.07841E-2 9.88313E-3 7.75671E-3 9.7907E-3 9.05831E-3 3.23185E-3 2.12263E-3 1.87307E-3 2.13711E-3 2.21751E-3 1.53064E-3 7.90184E-4 6.10912E-4 3.89649E-3 1.12546E-3 1.25962E-3 4.68967E-4 1.35132E-3 1.98238E-3 7.96237E-4 5.71471E-4 6.98314E-4 3.11732E-4 4.40126E-4 7.49065E-4 9.54623E-4 5.30357E-4 1.31676E-3 5.44845E-4 1.52385E-3 1.39705E-3 1.15982E-3 7.25451E-4 9.81194E-4 1.9312E-3 6.10723E-4 1.01195E-3 1.59328E-4 1.77414E-4 2.64027E-4 -9999 -9999 -9999 -9999 -9999 -9999 -9999 -9999
3.59861E-1 3.56272E-1 3.58148E-1 3.89868E-1 3.92257E-1 5.91912E-2 5.32777E-2 4.69299E-2 4.51422E-2 4.04529E-2 3.80439E-2 2.66101E-2 2.28299E-2 2.14038E-2 1.87595E-2 1.5132E-2 1.36969E-2 1.2597E-2 1.24988E-2 8.26783E-3 6.47636E-3 6.75247E-3 5.5695E-3 2.63439E-3 2.07934E-3 4.09169E-3 2.42999E-3 1.56583E-3 1.18403E-3 1.02068E-3 6.13264E-3 3.8684E-3 5.32302E-3 4.39078E-3 7.2068E-3 3.34585E-3 6.20522E-4 7.69124E-4 9.30455E-4 2.74704E-3 5.71548E-4 1.46089E-3 1.56507E-3 1.00998E-3 1.35093E-3 5.65987E-4 5.45267E-4 7.48792E-4 8.88056E-4 9.6275E-4 5.11027E-4 1.17411E-3 2.49024E-3 1.36119E-3 1.26934E-3 1.28422E-3 1.05646E-3 2.42263E-3 -9999 -9999 -9999 -9999 -9999 -9999 -9999
3.71456E-1 3.61588E-1 3.92853E-1 3.96734E-1 3.964E-1 6.0656E-2 5.29698E-2 6.59557E-2 4.84441E-2 4.37447E-2 3.81944E-2 2.62288E-2 2.28725E-2 2.38786E-2 2.25563E-2 1.96066E-2 1.78135E-2 1.87752E-2 1.74513E-2 1.41247E-2 1.0889E-2 9.47494E-3 6.6308E-3 6.69443E-3 3.93927E-3 2.29297E-3 2.03636E-3 1.23776E-3 1.21177E-3 9.64773E-4 8.1267E-4 8.95754E-4 8.68821E-4 8.0246E-4 6.40543E-4 5.9218E-4 4.73604E-4 6.03277E-4 4.40081E-3 7.5022E-4 1.16703E-3 1.22101E-3 1.13219E-2 1.3647E-3 3.46205E-3 4.41406E-3 5.63276E-4 2.01546E-4 7.96424E-4 1.33951E-3 4.68691E-4 3.86168E-4 1.33624E-3 7.69449E-4 1.4696E-3 1.81383E-3 8.09042E-4 1.07733E-3 2.72565E-3 -9999 -9999 -9999 -9999 -9999 -9999
3.96332E-1 3.79268E-1 6.97966E-2 6.91701E-2 9.34832E-2 8.31591E-2 7.53457E-2 7.12705E-2 5.31675E-2 4.83214E-2 4.24406E-2 3.32685E-2 2.89568E-2 2.87868E-2 2.98201E-2 2.75194E-2 2.60009E-2 2.58493E-2 3.55009E-2 2.23137E-2 2.00055E-2 2.16641E-2 2.37966E-2 1.57378E-2 8.54036E-3 6.05638E-3 3.48422E-3 2.04653E-3 1.97426E-3 1.92226E-3 1.16743E-3 1.01044E-3 1.12341E-3 5.66312E-4 6.18855E-4 3.16393E-4 3.04572E-4 3.25335E-4 4.11844E-4 5.71216E-4 7.25667E-4 8.35998E-4 9.56833E-4 6.60183E-3 5.23606E-3 6.21183E-3 1.29723E-3 5.06794E-4 1.03084E-3 1.22429E-3 5.16253E-4 4.35701E-4 4.8016E-4 3.66533E-4 7.90093E-4 6.13525E-4 1.13811E-3 2.1965E-3 3.24764E-4 1.54254E-3 -9999 -9999 -9999 -9999 -9999
4.20306E-1 4.04035E-1 4.21238E-1 4.94334E-1 5.09465E-1 1.03875E-1 9.0852E-2 6.35867E-2 5.85792E-2 5.2788E-2 4.79357E-2 5.70746E-2 4.95818E-2 4.57313E-2 4.47355E-2 4.41981E-2 4.19428E-2 4.20742E-2 4.3447E-2 4.17724E-2 4.02572E-2 4.84907E-2 4.54148E-2 3.37706E-2 2.25269E-2 1.01349E-2 1.08985E-2 8.40669E-3 3.0086E-3 4.21746E-3 3.59942E-3 1.71042E-3 2.0477E-3 9.56565E-4 1.06834E-3 6.45834E-4 7.51867E-4 8.14301E-4 1.08266E-3 1.04913E-3 1.12819E-3 1.28717E-3 1.24543E-3 8.03874E-4 8.5703E-4 4.64116E-3 3.53006E-3 3.38652E-3 5.91269E-3 2.12435E-3 2.92537E-3 2.15482E-3 4.32963E-4 2.51303E-4 2.1595E-4 4.13523E-4 1.53196E-3 2.33445E-3 8.1657E-4 9.83185E-4 6.58906E-4 -9999 -9999 -9999 -9999
4.39649E-1 4.57088E-1 4.50164E-1 5.35287E-1 5.48472E-1 5.39934E-1 4.42385E-1 7.35114E-2 6.58949E-2 8.2134E-2 7.53949E-2 6.96264E-2 8.3447E-2 7.70355E-2 7.36476E-2 4.99885E-2 4.79201E-2 4.77044E-2 4.80957E-2 4.89179E-2 5.25274E-2 7.81576E-2 6.21457E-2 4.18513E-2 2.95971E-2 2.14853E-2 1.47447E-2 1.30413E-2 1.22225E-2 8.64143E-3 9.0262E-3 3.61222E-3 2.87668E-3 2.6029E-3 3.66019E-3 2.89994E-3 2.77566E-3 2.14443E-3 1.81126E-3 1.71904E-3 1.8532E-3 1.91223E-3 2.02644E-3 2.06092E-3 2.59977E-3 7.06402E-4 5.39715E-4 3.44045E-4 3.13045E-4 3.27498E-4 3.24479E-4 1.17772E-3 8.73689E-4 1.48231E-3 3.20109E-4 4.09944E-4 2.98111E-3 3.60948E-4 1.68198E-3 5.38039E-4 4.61088E-4 -9999 -9999 -9999 -9999
4.85383E-1 4.85754E-1 5.47544E-1 5.49939E-1 4.93052E-1 4.83531E-1 4.76926E-1 4.63202E-1 7.74317E-2 9.32047E-2 8.52024E-2 7.88154E-2 9.87333E-2 8.90848E-2 8.12583E-2 5.39657E-2 4.95549E-2 6.74025E-2 6.8809E-2 7.21075E-2 7.61411E-2 7.80263E-2 5.90562E-2 5.20557E-2 4.28883E-2 3.17147E-2 2.27263E-2 1.57819E-2 1.63445E-2 2.37811E-2 1.8612E-2 1.7283E-2 1.27708E-2 6.54343E-3 4.19219E-3 2.8215E-3 2.37642E-3 1.90157E-3 2.4146E-3 3.20693E-3 2.33108E-3 2.00451E-3 1.56315E-3 2.03865E-3 1.4533E-3 9.36974E-4 1.68604E-3 1.02114E-3 3.34959E-4 3.87786E-4 3.34087E-4 2.15404E-3 2.09774E-3 2.28376E-4 8.51938E-4 4.19222E-3 2.89138E-4 3.1316E-4 2.31104E-3 1.88216E-3 1.19727E-3 3.472E-4 -9999 -9999 -9999
5.59375E-1 5.68437E-1 6.45786E-1 5.81852E-1 5.82538E-1 5.19729E-1 5.10615E-1 4.95205E-1 4.75352E-1 8.30661E-2 1.01072E-1 9.21155E-2 8.2722E-2 7.06558E-2 6.41795E-2 5.68906E-2 6.58199E-2 7.0021E-2 7.0485E-2 7.4058E-2 7.6277E-2 7.78292E-2 5.61076E-2 5.031E-2 4.38537E-2 4.81503E-2 4.19693E-2 3.58912E-2 3.43926E-2 3.39154E-2 2.08244E-2 3.60778E-2 2.95767E-2 2.68625E-2 2.09626E-2 9.19322E-3 4.76907E-3 3.63917E-3 5.97808E-3 7.51315E-3 6.21562E-3 3.33149E-3 2.35053E-3 7.57614E-4 9.08091E-4 6.51789E-4 1.85235E-3 2.10035E-3 4.98121E-4 8.44068E-4 3.17244E-4 2.92991E-4 2.58301E-4 2.82328E-4 2.64898E-4 2.84355E-4 4.02751E-4 3.32554E-4 3.06284E-4 3.52684E-4 3.07882E-4 8.25281E-4 1.3283E-3 -9999 -9999
5.64166E-1 5.63786E-1 6.57473E-1 6.66208E-1 5.91729E-1 6.01964E-1 6.18914E-1 6.10369E-1 5.81396E-1 5.37366E-1 1.1198E-1 1.03581E-1 9.46696E-2 8.01854E-2 6.90382E-2 6.29028E-2 7.48667E-2 7.50012E-2 7.64008E-2 7.82075E-2 8.31707E-2 7.93064E-2 5.66588E-2 5.2316E-2 6.1698E-2 5.61321E-2 4.87481E-2 4.50151E-2 4.13043E-2 4.06668E-2 4.00083E-2 3.73187E-2 3.37244E-2 3.24813E-2 3.03645E-2 2.19307E-2 9.86861E-3 6.47668E-3 7.68718E-3 6.50309E-3 5.38967E-3 4.45158E-3 3.27311E-3 2.86957E-3 3.27476E-3 2.52072E-3 1.83647E-3 2.27704E-3 2.80465E-3 2.92748E-3 1.0898E-3 3.32356E-4 3.46459E-4 6.27401E-4 2.5297E-4 1.38904E-3 2.33557E-3 3.68576E-4 5.97563E-4 4.19949E-4 3.75172E-4 3.33311E-4 3.59916E-4 -9999 -9999
5.10872E-1 4.96283E-1 5.73431E-1 5.82653E-1 5.98091E-1 6.09554E-1 6.28134E-1 6.37749E-1 6.04623E-1 5.70142E-1 5.36298E-1 1.14619E-1 1.11378E-1 9.09832E-2 7.67059E-2 6.85795E-2 6.35054E-2 6.88349E-2 8.96607E-2 8.75373E-2 8.83013E-2 8.45715E-2 7.85937E-2 7.29666E-2 6.67938E-2 6.26751E-2 5.93101E-2 5.21749E-2 4.83034E-2 4.62394E-2 4.35656E-2 3.85225E-2 3.30594E-2 2.51595E-2 2.6613E-2 2.19816E-2 1.55499E-2 1.05449E-2 1.10672E-2 1.52638E-2 1.92427E-2 1.35479E-2 6.55138E-3 4.73144E-3 3.83668E-3 3.44026E-3 4.09323E-3 5.46226E-3 5.09824E-3 3.9172E-3 3.34692E-3 2.56367E-3 3.00112E-3 1.71029E-3 4.42758E-4 8.75335E-4 7.02116E-3 5.00103E-4 5.97493E-4 1.39147E-3 3.59805E-4 2.68999E-4 2.53461E-4 2.04055E-4 -9999
5.08591E-1 5.10857E-1 5.9216E-1 5.82306E-1 6.04091E-1 6.14368E-1 6.21334E-1 6.29505E-1 6.88792E-1 6.46782E-1 5.47406E-1 5.42873E-1 5.40071E-1 1.0248E-1 8.37068E-2 7.10425E-2 7.03368E-2 7.48429E-2 7.62333E-2 1.01652E-1 1.00871E-1 9.39451E-2 8.26973E-2 7.69778E-2 7.13503E-2 7.33446E-2 7.22939E-2 6.44007E-2 5.6012E-2 5.13604E-2 4.78378E-2 3.03386E-2 2.54135E-2 2.00352E-2 2.11504E-2 1.92128E-2 1.66723E-2 1.65508E-2 1.76585E-2 2.48566E-2 2.13883E-2 2.50352E-2 1.97069E-2 1.28218E-2 7.72698E-3 6.61181E-3 5.78731E-3 5.87219E-3 6.30538E-3 7.25491E-3 4.039E-3 5.34645E-3 3.19876E-3 4.59045E-3 1.00941E-3 3.36509E-3 5.29168E-3 1.09626E-3 2.72807E-3 7.18987E-4 2.34807E-4 1.93094E-4 2.00676E-4 2.50635E-4 -9999
5.07224E-1 5.17561E-1 5.92517E-1 5.90413E-1 5.8979E-1 6.01097E-1 5.96788E-1 5.94296E-1 6.61267E-1 6.47364E-1 5.5143E-1 5.35884E-1 5.34062E-1 1.02967E-1 8.99115E-2 8.46794E-2 8.53067E-2 8.14968E-2 8.0555E-2 1.15844E-1 1.11149E-1 9.85137E-2 8.95334E-2 8.14832E-2 7.73072E-2 7.51274E-2 7.77881E-2 6.92792E-2 6.12319E-2 4.31636E-2 4.03234E-2 3.77836E-2 2.39425E-2 1.96072E-2 1.97551E-2 1.86645E-2 1.68265E-2 1.96211E-2 2.9864E-2 3.10386E-2 3.24665E-2 3.64027E-2 2.64398E-2 2.06655E-2 1.41133E-2 1.09808E-2 1.20432E-2 1.42173E-2 9.60773E-3 8.48189E-3 9.38214E-3 1.00969E-2 5.54487E-3 5.9017E-3 5.07838E-3 6.12183E-3 5.73598E-3 3.12738E-3 1.18255E-3 8.30554E-4 5.03834E-4 1.3469E-4 1.12046E-4 2.93857E-4 2.78787E-4
5.80921E-1 5.9119E-1 5.91083E-1 6.6268E-1 5.75079E-1 5.79998E-1 5.83418E-1 5.73413E-1 5.828E-1 6.44335E-1 6.35753E-1 5.39897E-1 5.37219E-1 1.042E-1 9.58719E-2 9.45869E-2 9.56925E-2 8.98782E-2 8.62963E-2 1.19359E-1 1.15421E-1 9.95431E-2 8.99286E-2 8.61588E-2 8.11501E-2 5.55089E-2 5.76546E-2 5.39661E-2 5.06069E-2 4.85057E-2 3.60077E-2 3.43047E-2 2.5692E-2 2.19607E-2 2.18688E-2 2.18911E-2 2.34327E-2 3.17248E-2 3.44216E-2 3.37355E-2 3.44103E-2 3.55477E-2 3.46354E-2 3.05623E-2 2.81676E-2 2.2246E-2 2.29552E-2 3.04036E-2 2.38143E-2 2.29122E-2 1.3076E-2 1.01928E-2 9.00674E-3 7.82093E-3 6.2993E-3 3.7617E-3 4.67787E-3 3.55593E-3 2.12992E-3 1.75293E-3 1.52752E-3 1.05047E-3 1.52575E-3 9.13623E-4 5.72886E-4
5.73221E-1 5.76018E-1 6.56243E-1 6.49832E-1 6.40233E-1 5.93304E-1 5.94417E-1 5.88753E-1 6.63484E-1 6.58355E-1 6.48993E-1 6.34656E-1 5.52815E-1 5.30072E-1 5.21552E-1 5.87153E-1 5.78207E-1 1.25273E-1 1.18926E-1 1.19502E-1 1.14081E-1 1.02889E-1 9.62452E-2 9.29696E-2 6.46361E-2 5.76404E-2 5.6884E-2 4.3273E-2 4.42634E-2 3.76095E-2 3.42528E-2 3.22483E-2 2.89947E-2 2.62115E-2 2.45818E-2 2.37999E-2 2.75879E-2 3.7508E-2 3.96253E-2 3.92549E-2 3.78833E-2 3.70541E-2 3.59651E-2 4.36198E-2 3.48427E-2 3.21901E-2 3.268E-2 3.48742E-2 2.03016E-2 2.07539E-2 3.16242E-2 2.46511E-2 1.23884E-2 1.03779E-2 1.05051E-2 5.98087E-3 4.40367E-3 3.2162E-3 2.03541E-3 1.79614E-3 2.36868E-3 2.42484E-3 3.04507E-3 1.80166E-3 7.99329E-4
5.67365E-1 5.66619E-1 6.54141E-1 6.49229E-1 6.32894E-1 6.59017E-1 6.01819E-1 5.97509E-1 6.55568E-1 6.56573E-1 6.43022E-1 6.30596E-1 5.53919E-1 5.43696E-1 5.34374E-1 5.9294E-1 5.76845E-1 1.2627E-1 1.23747E-1 1.16111E-1 1.09904E-1 1.09278E-1 1.07014E-1 7.77834E-2 7.21193E-2 4.91869E-2 4.43365E-2 4.68126E-2 4.73004E-2 4.10135E-2 3.87826E-2 3.49879E-2 3.24963E-2 2.97003E-2 2.63168E-2 2.61639E-2 3.07903E-2 4.58551E-2 4.35081E-2 4.11463E-2 3.68136E-2 3.65187E-2 3.62424E-2 4.59313E-2 3.53024E-2 2.97418E-2 3.70275E-2 3.92994E-2 4.06953E-2 2.28398E-2 2.36838E-2 3.90759E-2 3.19706E-2 2.4333E-2 1.97109E-2 1.16784E-2 6.87814E-3 4.42369E-3 3.74166E-3 3.99699E-3 4.05084E-3 4.33836E-3 4.02027E-3 2.49896E-3 1.38464E-3
5.52166E-1 1.22231E-1 1.28805E-1 1.6348E-1 1.60505E-1 6.447E-1 6.54843E-1 5.91672E-1 5.69548E-1 6.3642E-1 6.2399E-1 5.35441E-1 5.314E-1 5.298E-1 5.05229E-1 1.2768E-1 1.19099E-1 1.20088E-1 1.21514E-1 1.153E-1 1.11108E-1 1.09299E-1 8.38582E-2 8.12911E-2 7.87385E-2 5.34262E-2 4.79091E-2 5.90092E-2 4.93733E-2 4.81088E-2 3.86459E-2 3.74532E-2 3.60573E-2 3.14098E-2 2.85992E-2 2.96349E-2 3.65797E-2 4.9747E-2 4.3822E-2 4.03929E-2 3.61768E-2 3.51408E-2 4.69966E-2 4.92195E-2 4.82903E-2 3.9773E-2 3.84991E-2 3.64978E-2 3.93304E-2 3.9404E-2 4.17288E-2 4.11456E-2 3.76337E-2 2.94567E-2 2.5265E-2 2.14261E-2 1.37524E-2 1.09442E-2 7.73085E-3 7.70247E-3 6.65923E-3 6.49242E-3 4.40502E-3 3.31167E-3 2.34408E-3
1.08255E-1 1.0816E-1 1.06904E-1 1.03854E-1 1.08287E-1 1.19829E-1 5.64546E-1 5.56712E-1 1.17576E-1 1.16186E-1 1.12448E-1 5.28035E-1 5.20887E-1 1.00776E-1 9.54024E-2 8.13009E-2 8.04942E-2 1.15248E-1 1.22403E-1 1.21543E-1 8.4892E-2 8.62507E-2 6.43562E-2 8.09759E-2 7.8614E-2 5.45775E-2 6.77754E-2 6.35535E-2 6.96915E-2 5.15223E-2 4.61378E-2 4.20393E-2 4.0039E-2 2.97431E-2 2.81692E-2 3.58032E-2 4.18668E-2 5.25697E-2 4.38438E-2 3.97055E-2 3.74E-2 3.66717E-2 3.53835E-2 3.77427E-2 3.98984E-2 3.38538E-2 4.1363E-2 4.04368E-2 3.68117E-2 4.41884E-2 4.40967E-2 4.24477E-2 3.8728E-2 3.50552E-2 3.19918E-2 2.99406E-2 2.67808E-2 1.57753E-2 1.53731E-2 1.10577E-2 5.04328E-3 8.15433E-3 7.23847E-3 4.4551E-3 3.77721E-3
1.03204E-1 1.10779E-1 1.01754E-1 9.46865E-2 1.05985E-1 1.14656E-1 1.14438E-1 1.11174E-1 1.08819E-1 1.09638E-1 6.16627E-1 6.31855E-1 6.19149E-1 5.89719E-1 1.28084E-1 8.61528E-2 8.29181E-2 9.02451E-2 9.30826E-2 6.72449E-2 6.72647E-2 6.65353E-2 6.41341E-2 6.00052E-2 7.68486E-2 7.4455E-2 7.44577E-2 7.44472E-2 7.58917E-2 7.44486E-2 5.14653E-2 4.41032E-2 3.87429E-2 3.23742E-2 3.41538E-2 3.61143E-2 5.73573E-2 5.34776E-2 4.3553E-2 4.02285E-2 3.92251E-2 3.80656E-2 3.60207E-2 3.49727E-2 3.48664E-2 3.36484E-2 3.36352E-2 3.2831E-2 4.40174E-2 4.96473E-2 5.27156E-2 5.09556E-2 4.0174E-2 3.77607E-2 3.60362E-2 3.43842E-2 3.12309E-2 2.7435E-2 2.21988E-2 9.46681E-3 7.46826E-3 6.26985E-3 9.7639E-3 8.59518E-3 8.01956E-3
6.20304E-1 1.4781E-1 1.02921E-1 1.00989E-1 1.058E-1 1.11107E-1 1.02284E-1 1.06285E-1 1.42707E-1 1.46886E-1 6.19933E-1 5.17039E-1 5.09623E-1 6.28487E-1 6.11237E-1 5.92968E-1 4.86816E-1 7.27412E-2 6.03815E-1 8.89599E-2 9.00695E-2 9.21311E-2 6.45392E-2 5.99631E-2 5.71711E-2 5.87409E-2 7.72463E-2 7.86715E-2 7.58623E-2 7.40138E-2 5.3144E-2 4.44723E-2 3.86836E-2 4.03176E-2 3.72835E-2 3.84976E-2 4.17687E-2 3.84177E-2 3.43066E-2 4.19982E-2 3.91637E-2 3.86282E-2 3.5532E-2 2.45991E-2 2.50372E-2 3.54367E-2 3.71351E-2 3.6179E-2 4.27359E-2 4.67601E-2 5.50347E-2 5.33743E-2 4.78396E-2 4.36011E-2 4.23131E-2 4.01805E-2 3.76024E-2 3.60839E-2 2.76597E-2 1.39311E-2 1.04005E-2 8.61429E-3 7.34058E-3 1.16103E-2 1.12127E-2
6.18286E-1 6.19471E-1 1.38951E-1 9.94699E-2 1.03023E-1 1.40417E-1 1.41812E-1 1.51361E-1 1.50635E-1 1.45753E-1 6.00364E-1 5.0735E-1 5.3554E-1 5.19909E-1 6.06838E-1 5.77901E-1 4.87583E-1 4.87145E-1 5.77099E-1 4.84099E-1 4.82299E-1 4.87231E-1 6.66231E-2 5.38436E-2 5.41282E-2 5.94192E-2 8.15803E-2 8.03135E-2 7.59915E-2 7.03377E-2 6.72976E-2 4.92833E-2 4.0409E-2 4.25931E-2 4.13028E-2 4.14216E-2 4.08848E-2 3.92296E-2 4.59964E-2 4.22113E-2 3.99847E-2 4.1788E-2 3.80802E-2 2.4517E-2 2.67431E-2 4.01941E-2 4.03345E-2 3.85833E-2 4.74115E-2 4.87675E-2 5.28826E-2 5.19833E-2 5.05327E-2 4.54406E-2 4.08902E-2 4.11182E-2 4.0757E-2 4.08111E-2 1.99208E-2 1.73453E-2 1.28253E-2 1.02986E-2 9.13046E-3 1.40763E-2 1.29424E-2
6.04232E-1 6.10578E-1 1.40961E-1 1.28305E-1 1.295E-1 6.00629E-1 6.18343E-1 6.46805E-1 6.32552E-1 6.21447E-1 4.71036E-1 5.01114E-1 5.26146E-1 4.93104E-1 1.29287E-1 1.16666E-1 5.95776E-1 4.95979E-1 5.60671E-1 4.88268E-1 4.86207E-1 5.23509E-1 7.07755E-2 6.0931E-2 6.73922E-2 8.63465E-2 8.33377E-2 7.85019E-2 7.50559E-2 7.09105E-2 5.0417E-2 4.97898E-2 4.1468E-2 4.6782E-2 4.42369E-2 4.23885E-2 4.03167E-2 5.25579E-2 4.66148E-2 5.77058E-2 5.20098E-2 3.99931E-2 3.82974E-2 3.73264E-2 3.93697E-2 2.86773E-1 4.30122E-2 5.45261E-2 5.36226E-2 5.71371E-2 5.45968E-2 5.17002E-2 4.78632E-2 4.36925E-2 4.23593E-2 4.41595E-2 4.21146E-2 4.13255E-2 4.03522E-2 1.83242E-2 1.41157E-2 1.16033E-2 9.83996E-3 9.63423E-3 1.46768E-2
5.70744E-1 5.8537E-1 1.34625E-1 1.37539E-1 5.90543E-1 5.97909E-1 6.13567E-1 6.26534E-1 1.6168E-1 1.55946E-1 1.50477E-1 6.19392E-1 5.11633E-1 6.04033E-1 1.22483E-1 1.13419E-1 4.97098E-1 5.08225E-1 8.47016E-2 8.82975E-2 9.02547E-2 6.82626E-2 6.83951E-2 7.14297E-2 9.453E-2 8.59478E-2 8.14237E-2 7.76289E-2 7.2724E-2 7.19384E-2 5.3241E-2 5.03424E-2 4.32826E-2 4.94395E-2 6.02441E-2 4.14688E-2 3.90006E-2 4.99961E-2 4.74637E-2 5.69273E-2 5.27168E-2 4.11676E-2 4.21412E-2 4.29273E-2 5.7539E-2 5.80552E-2 5.72276E-2 5.51523E-2 5.73095E-2 3.83475E-1 5.97236E-2 5.20172E-2 4.53038E-2 3.97437E-2 4.35763E-2 5.07199E-2 4.6188E-2 3.96662E-2 3.25325E-2 1.80905E-2 1.45165E-2 1.1484E-2 1.00457E-2 1.67118E-2 1.48464E-2
1.23044E-1 1.24379E-1 1.27644E-1 1.2758E-1 1.30883E-1 1.33057E-1 1.32193E-1 1.44806E-1 1.45943E-1 1.10581E-1 1.04317E-1 1.5129E-1 1.52521E-1 1.34029E-1 1.16633E-1 9.19351E-2 9.66469E-2 7.177E-2 6.60518E-2 6.9959E-2 6.81802E-2 8.7679E-2 9.18945E-2 9.38744E-2 5.01534E-1 4.77786E-1 8.17821E-2 7.74207E-2 7.20257E-2 4.97108E-2 4.59904E-2 5.10421E-2 5.26895E-2 5.2433E-2 5.93163E-2 5.74203E-2 3.93638E-2 3.68113E-2 3.29374E-2 4.13809E-2 4.19736E-2 5.97827E-2 4.49057E-2 4.48943E-2 5.94764E-2 3.8189E-1 5.88231E-2 5.80498E-2 5.9192E-2 6.30004E-2 5.84675E-2 5.35887E-2 2.94887E-2 4.5974E-2 4.84035E-2 5.4109E-2 4.80735E-2 2.35354E-2 1.844E-2 1.81956E-2 1.56896E-2 2.08019E-2 1.87105E-2 1.74751E-2 1.53733E-2
