KUENM_DEFAULT/Final_Models/M_1_F_lqpth_Set_1_NE/sp1_0_se_asia.asc
ncols         320
nrows         243
xllcorner     44.0
yllcorner     -0.666666666666667
cellsize      0.166666666666667
NODATA_value  -9999
[rows 31 to 61 of 243, columns 70 to 139 of 320]
1.29424E-3 1.33859E-3 1.35111E-3 1.4173E-3 1.44302E-3 1.44999E-3 1.67996E-3 1.44197E-3 1.29814E-3 1.24346E-3 1.55207E-3 1.7081E-3 1.64637E-3 1.56768E-3 1.7436E-3 1.69116E-3 1.88073E-3 2.24812E-3 2.86902E-3 3.19072E-3 3.28731E-3 3.6893E-3 3.72643E-3 3.94749E-3 4.08593E-3 3.99698E-3 4.47203E-3 4.61682E-3 4.44208E-3 5.52868E-3 5.67057E-3 6.16936E-3 6.78035E-3 7.37375E-3 9.35915E-3 1.02854E-2 1.03976E-2 1.12729E-2 1.13493E-2 9.02513E-3 9.36028E-3 7.70117E-3 6.9293E-3 4.90644E-3 3.72482E-3 3.88677E-3 3.64461E-3 3.11487E-3 2.59862E-3 2.2092E-3 1.85196E-3 1.66729E-3 1.48166E-3 1.22358E-3 1.07774E-3 1.02325E-3 9.24349E-4 8.57381E-4 8.74152E-4 8.94747E-4 8.7686E-4 9.50682E-4 1.05281E-3 1.2441E-3 1.38892E-3 1.34787E-3 1.4531E-3 1.67621E-3 2.53921E-3 2.62809E-3
1.2241E-3 1.24891E-3 1.29271E-3 1.51008E-3 1.50274E-3 1.52621E-3 1.4936E-3 1.47562E-3 1.38453E-3 1.19718E-3 1.49963E-3 1.53607E-3 1.65298E-3 1.35928E-3 1.17496E-3 1.25146E-3 1.5495E-3 1.90292E-3 2.14893E-3 2.43976E-3 3.06404E-3 3.26407E-3 3.48384E-3 3.39898E-3 3.81603E-3 4.14183E-3 3.7834E-3 4.0744E-3 3.8655E-3 3.97849E-3 4.91568E-3 5.47802E-3 5.86495E-3 6.72018E-3 7.8826E-3 8.57588E-3 9.26382E-3 1.04595E-2 1.27807E-2 1.26876E-2 1.3051E-2 1.06594E-2 5.79438E-3 6.47294E-3 5.08479E-3 6.65712E-3 4.90452E-3 3.31136E-3 2.54273E-3 2.29119E-3 2.103E-3 1.77516E-3 1.29358E-3 1.15635E-3 1.02866E-3 9.62697E-4 9.22422E-4 8.91612E-4 8.82374E-4 9.5864E-4 9.65779E-4 1.07074E-3 1.25043E-3 1.33178E-3 1.32863E-3 1.4694E-3 1.48226E-3 1.6491E-3 1.74706E-3 1.54994E-3
1.17003E-3 1.47343E-3 1.51972E-3 1.50436E-3 1.23301E-3 1.07209E-3 1.21678E-3 1.25623E-3 1.19873E-3 1.34146E-3 1.5917E-3 1.48947E-3 1.54832E-3 1.4404E-3 1.21135E-3 1.12184E-3 1.12121E-3 1.53711E-3 1.80566E-3 2.05296E-3 2.22474E-3 2.57596E-3 2.91845E-3 2.75591E-3 2.89414E-3 3.51818E-3 3.71493E-3 3.83303E-3 4.11194E-3 4.35507E-3 4.4381E-3 4.562E-3 5.36804E-3 5.92444E-3 6.30843E-3 6.82563E-3 7.16441E-3 9.17048E-3 1.09509E-2 1.18501E-2 1.22176E-2 1.13871E-2 9.16964E-3 8.30048E-3 6.79306E-3 3.67281E-3 2.64378E-3 2.61139E-3 2.30534E-3 2.13906E-3 1.6636E-3 1.20614E-3 1.11893E-3 9.85189E-4 9.04111E-4 9.07175E-4 8.63311E-4 8.66224E-4 8.23395E-4 8.09445E-4 9.35851E-4 1.01114E-3 9.88574E-4 1.10063E-3 1.22442E-3 1.42111E-3 1.67179E-3 1.48905E-3 1.74668E-3 1.15464E-3
1.3503E-3 1.33879E-3 1.37024E-3 1.17064E-3 1.0751E-3 8.00728E-4 1.11961E-3 1.10417E-3 1.04274E-3 1.30085E-3 1.45872E-3 1.45536E-3 1.37418E-3 1.3583E-3 1.33292E-3 1.27874E-3 1.04844E-3 1.04231E-3 1.38689E-3 1.53126E-3 1.75196E-3 2.10797E-3 2.43442E-3 2.68717E-3 2.66223E-3 3.24512E-3 3.35681E-3 3.77543E-3 3.94846E-3 4.13432E-3 4.64038E-3 4.92818E-3 5.03072E-3 5.38989E-3 5.11587E-3 4.62627E-3 5.7877E-3 7.17614E-3 7.07995E-3 6.85107E-3 6.40235E-3 4.86434E-3 3.74805E-3 3.15077E-3 3.41723E-3 2.77759E-3 2.38123E-3 2.33988E-3 1.90123E-3 1.68184E-3 1.48587E-3 1.15464E-3 1.01843E-3 9.91946E-4 9.2774E-4 8.39787E-4 8.91506E-4 8.51531E-4 8.87282E-4 8.8601E-4 9.07921E-4 1.01594E-3 9.9697E-4 1.01818E-3 1.06702E-3 1.26295E-3 1.63334E-3 1.50415E-3 1.28366E-3 9.27485E-4
1.09459E-3 1.42296E-3 1.25816E-3 1.1183E-3 9.00556E-4 9.19546E-4 1.10933E-3 1.01087E-3 8.48005E-4 1.11473E-3 1.33913E-3 1.4377E-3 1.31647E-3 1.23338E-3 1.18522E-3 1.24393E-3 1.28682E-3 1.13136E-3 1.16261E-3 1.50068E-3 1.66721E-3 1.63617E-3 2.00923E-3 2.2585E-3 2.44201E-3 2.72812E-3 2.87617E-3 3.21485E-3 3.50262E-3 3.83427E-3 3.80613E-3 4.09214E-3 4.21362E-3 3.90883E-3 4.06972E-3 4.43725E-3 4.93639E-3 5.11725E-3 4.44223E-3 4.18347E-3 3.92002E-3 3.25947E-3 4.41998E-3 3.86379E-3 2.19096E-3 2.2135E-3 2.24923E-3 1.94786E-3 1.54036E-3 1.48761E-3 1.13629E-3 1.04925E-3 1.02919E-3 9.61589E-4 9.59583E-4 9.03263E-4 9.18087E-4 8.9842E-4 9.58146E-4 9.38946E-4 1.01964E-3 1.0445E-3 1.05756E-3 1.07662E-3 1.3524E-3 1.41338E-3 1.56255E-3 1.42073E-3 1.03631E-3 1.13617E-3
1.19615E-3 1.27312E-3 1.054E-3 1.06954E-3 1.01754E-3 1.30023E-3 1.44178E-3 1.3099E-3 8.25808E-4 8.37982E-4 1.28074E-3 1.29637E-3 1.32244E-3 1.29828E-3 1.23007E-3 1.303E-3 1.35319E-3 1.33638E-3 1.21382E-3 1.16157E-3 1.41377E-3 1.59283E-3 1.77965E-3 1.99143E-3 1.87582E-3 2.01744E-3 2.53735E-3 2.75055E-3 3.02384E-3 3.33786E-3 3.47979E-3 3.78386E-3 3.56751E-3 3.4864E-3 3.77768E-3 4.06983E-3 3.97606E-3 3.83092E-3 3.49792E-3 3.53406E-3 2.90606E-3 2.90567E-3 2.54323E-3 2.0194E-3 1.99901E-3 1.75395E-3 2.88274E-3 2.64631E-3 1.34345E-3 1.1981E-3 1.28168E-3 1.20829E-3 1.14457E-3 9.98228E-4 9.52423E-4 9.38028E-4 9.33974E-4 9.31751E-4 1.0293E-3 1.10106E-3 1.17321E-3 1.08317E-3 1.18542E-3 1.31393E-3 1.2747E-3 1.19227E-3 1.16673E-3 1.09295E-3 1.60799E-3 2.811E-3
1.19803E-3 1.00791E-3 9.62073E-4 8.02885E-4 7.81268E-4 1.26816E-3 1.47078E-3 1.46036E-3 1.11133E-3 6.71701E-4 9.7769E-4 1.1132E-3 1.15911E-3 1.10985E-3 1.23454E-3 1.21154E-3 1.26558E-3 1.2804E-3 1.41948E-3 1.31306E-3 1.26691E-3 1.36398E-3 1.54986E-3 1.47557E-3 1.79452E-3 1.93055E-3 2.22094E-3 2.5367E-3 2.84515E-3 3.1018E-3 3.22045E-3 3.37379E-3 3.29642E-3 3.37727E-3 3.3613E-3 3.5408E-3 3.47537E-3 3.22149E-3 3.17788E-3 3.26546E-3 2.6227E-3 2.14781E-3 2.02356E-3 1.94019E-3 1.69116E-3 1.62175E-3 1.45579E-3 1.64409E-3 1.61428E-3 1.46543E-3 1.30554E-3 1.22452E-3 1.14516E-3 1.11643E-3 1.0244E-3 9.96211E-4 1.08437E-3 1.11009E-3 1.5204E-3 1.78401E-3 1.58533E-3 1.27099E-3 1.48184E-3 1.75094E-3 1.61055E-3 1.44569E-3 1.35007E-3 3.0309E-3 3.1412E-3 1.31319E-3
1.21905E-3 8.88852E-4 8.38585E-4 7.44545E-4 8.28341E-4 1.1509E-3 1.38231E-3 1.46682E-3 1.28367E-3 8.185E-4 8.36586E-4 1.07565E-3 1.13405E-3 1.04125E-3 1.1676E-3 1.21509E-3 1.24802E-3 1.309E-3 1.35042E-3 1.38035E-3 1.22554E-3 1.26131E-3 1.20477E-3 1.18422E-3 1.32537E-3 1.2983E-3 1.49302E-3 2.11951E-3 2.50224E-3 2.85194E-3 2.8264E-3 2.8219E-3 2.7123E-3 3.01033E-3 2.82756E-3 2.84674E-3 2.76888E-3 2.63609E-3 2.93551E-3 2.96832E-3 3.08549E-3 2.75102E-3 2.20637E-3 1.79354E-3 1.79128E-3 1.99624E-3 1.9678E-3 1.63717E-3 1.29812E-3 1.46336E-3 1.39084E-3 1.23733E-3 1.04648E-3 1.04643E-3 1.1127E-3 1.14933E-3 1.30687E-3 1.27886E-3 1.62912E-3 1.71962E-3 2.34618E-3 1.39718E-3 1.86298E-3 2.51886E-3 1.71571E-3 1.46561E-3 1.35182E-3 1.5854E-3 1.34685E-3 3.32344E-3
1.0264E-3 9.89523E-4 7.2976E-4 8.22243E-4 8.75479E-4 1.05131E-3 1.23447E-3 1.35513E-3 1.38109E-3 1.1044E-3 8.63986E-4 9.87168E-4 1.12496E-3 1.1899E-3 1.20931E-3 1.18244E-3 1.24495E-3 1.16672E-3 1.30076E-3 1.2443E-3 1.30368E-3 1.20185E-3 1.06918E-3 1.02437E-3 1.08254E-3 1.15275E-3 1.19769E-3 1.36229E-3 2.02404E-3 2.3584E-3 2.32804E-3 2.31406E-3 2.43986E-3 2.56803E-3 2.36065E-3 2.49961E-3 2.3986E-3 2.4702E-3 2.55056E-3 2.68917E-3 2.46971E-3 2.23688E-3 1.98183E-3 2.11473E-3 1.87331E-3 2.14729E-3 1.8421E-3 1.70589E-3 1.98276E-3 1.68797E-3 1.54486E-3 1.34348E-3 1.1328E-3 1.06677E-3 1.151E-3 1.31282E-3 1.64706E-3 1.6338E-3 2.20456E-3 3.18337E-3 2.68171E-3 2.07284E-3 3.0554E-3 2.32092E-3 1.66548E-3 1.56195E-3 1.55912E-3 1.4735E-3 1.93753E-3 3.54796E-3
9.06879E-4 9.92226E-4 8.47957E-4 7.85811E-4 7.93608E-4 8.8207E-4 1.06841E-3 1.2735E-3 1.40397E-3 1.4816E-3 8.97095E-4 9.4554E-4 1.22765E-3 1.32804E-3 1.23993E-3 1.06591E-3 1.14994E-3 1.04475E-3 9.91772E-4 1.05627E-3 1.16253E-3 1.05546E-3 9.71834E-4 1.00014E-3 1.12723E-3 1.1586E-3 1.26222E-3 1.16482E-3 1.68288E-3 2.03538E-3 2.01222E-3 2.06166E-3 2.29339E-3 2.14365E-3 2.04455E-3 2.07139E-3 1.87031E-3 1.92497E-3 2.11388E-3 1.96826E-3 1.9213E-3 2.13371E-3 2.10012E-3 1.73928E-3 1.6176E-3 1.65353E-3 2.14598E-3 1.79816E-3 1.40825E-3 1.34752E-3 1.19369E-3 1.0895E-3 1.11704E-3 1.2542E-3 1.57036E-3 2.27978E-3 2.50522E-3 1.6008E-3 2.98308E-3 4.54718E-3 3.168E-3 3.44084E-3 2.91415E-3 2.22788E-3 1.73825E-3 1.71404E-3 1.72802E-3 2.88864E-3 2.89433E-3 3.30521E-3
7.60716E-4 1.00918E-3 9.63393E-4 7.73604E-4 7.22772E-4 8.07528E-4 1.06522E-3 1.18081E-3 1.23496E-3 1.38143E-3 1.30978E-3 1.16554E-3 1.31165E-3 1.35959E-3 1.4207E-3 1.3001E-3 1.29E-3 1.21509E-3 1.02675E-3 1.14661E-3 1.14838E-3 1.13519E-3 1.10919E-3 9.705E-4 9.3884E-4 1.12579E-3 1.28416E-3 1.31118E-3 1.54735E-3 1.75251E-3 1.96004E-3 1.93895E-3 1.97475E-3 1.77308E-3 1.80323E-3 1.8878E-3 1.84335E-3 1.93915E-3 1.82187E-3 1.87703E-3 2.03434E-3 2.05732E-3 2.19511E-3 2.1326E-3 1.98725E-3 1.88896E-3 1.89969E-3 1.34776E-3 1.22318E-3 1.16463E-3 1.1105E-3 1.28235E-3 1.29432E-3 1.61862E-3 2.60783E-3 2.75013E-3 2.14081E-3 2.18046E-3 4.8266E-3 5.92949E-3 4.23202E-3 2.9456E-3 4.01857E-3 3.11983E-3 2.59332E-3 2.46064E-3 1.93249E-3 3.55765E-3 1.63471E-3 1.58179E-3
7.43496E-4 8.48694E-4 8.64536E-4 8.06111E-4 8.26106E-4 8.752E-4 1.00701E-3 1.16328E-3 1.20784E-3 1.23042E-3 1.37742E-3 1.45468E-3 1.3328E-3 1.30736E-3 1.33342E-3 1.38257E-3 1.28578E-3 1.30219E-3 1.16369E-3 1.14153E-3 9.57585E-4 9.16012E-4 9.70577E-4 9.73838E-4 9.25231E-4 8.97098E-4 1.14857E-3 1.24441E-3 1.33074E-3 1.65841E-3 1.84717E-3 1.91641E-3 1.88818E-3 1.6322E-3 1.60474E-3 1.66672E-3 1.84887E-3 1.72291E-3 1.68767E-3 2.00638E-3 2.13614E-3 2.28189E-3 2.17755E-3 1.91331E-3 2.0363E-3 1.89696E-3 1.78228E-3 1.47806E-3 1.43692E-3 1.18695E-3 1.31504E-3 1.46127E-3 1.63413E-3 2.37649E-3 3.2698E-3 3.01811E-3 2.50845E-3 2.85213E-3 5.44241E-3 5.90052E-3 4.70421E-3 6.73727E-3 5.99773E-3 4.55894E-3 2.92475E-3 2.03816E-3 3.64332E-3 3.73874E-3 1.97441E-3 2.05063E-3
7.15531E-4 8.75576E-4 9.13182E-4 7.84281E-4 8.63254E-4 9.09231E-4 9.82335E-4 1.13618E-3 1.07231E-3 9.67837E-4 1.07304E-3 1.45135E-3 1.44578E-3 1.25991E-3 1.29094E-3 1.30947E-3 1.2052E-3 1.24187E-3 1.249E-3 1.14944E-3 1.03725E-3 1.02263E-3 8.83691E-4 8.85325E-4 9.0269E-4 8.96945E-4 1.03825E-3 1.10519E-3 1.09615E-3 1.4834E-3 1.62314E-3 1.90861E-3 1.53519E-3 1.4886E-3 1.54575E-3 1.81221E-3 1.75705E-3 1.79683E-3 1.90855E-3 1.98378E-3 2.00791E-3 1.86688E-3 1.91688E-3 1.76865E-3 1.57312E-3 1.48806E-3 1.43059E-3 1.48794E-3 1.35572E-3 1.42018E-3 1.46601E-3 1.47734E-3 2.0882E-3 2.58814E-3 3.48845E-3 3.25736E-3 3.47593E-3 4.27154E-3 6.91387E-3 6.50304E-3 8.4948E-3 9.23083E-3 6.63277E-3 3.52564E-3 3.94683E-3 3.00315E-3 3.50566E-3 3.56468E-3 3.49107E-3 2.43271E-3
7.13211E-4 8.40781E-4 9.49669E-4 8.94575E-4 9.40006E-4 9.57714E-4 9.65706E-4 1.1498E-3 1.16213E-3 9.30521E-4 8.23506E-4 1.37766E-3 1.4707E-3 1.29812E-3 1.36221E-3 1.28369E-3 1.17208E-3 1.13227E-3 1.03892E-3 1.0095E-3 9.07095E-4 9.655E-4 1.0034E-3 8.9378E-4 8.67005E-4 9.04435E-4 1.02318E-3 9.62293E-4 9.91384E-4 9.64757E-4 1.33401E-3 1.5934E-3 1.52013E-3 1.48731E-3 1.50898E-3 1.5311E-3 1.74591E-3 1.46795E-3 1.76704E-3 1.64285E-3 1.90341E-3 1.25939E-3 1.37048E-3 1.60372E-3 1.59557E-3 1.71122E-3 1.59843E-3 1.63115E-3 1.72444E-3 1.60364E-3 1.44483E-3 1.74171E-3 2.34572E-3 3.0223E-3 3.61286E-3 4.0991E-3 4.90069E-3 5.79419E-3 4.85046E-3 6.28301E-3 7.36395E-3 6.43202E-3 4.77235E-3 3.67309E-3 3.70364E-3 5.8508E-3 6.90281E-3 6.14929E-3 3.79412E-3 3.89735E-3
5.8713E-4 8.45293E-4 8.95007E-4 8.6264E-4 9.24678E-4 9.51691E-4 1.01355E-3 1.07839E-3 1.19741E-3 1.17052E-3 1.0809E-3 1.40686E-3 1.46432E-3 1.45208E-3 1.53443E-3 1.32524E-3 1.29042E-3 1.28977E-3 1.1497E-3 1.11382E-3 1.02152E-3 8.74894E-4 8.08182E-4 8.18975E-4 9.18899E-4 8.68651E-4 7.94416E-4 9.35246E-4 1.1244E-3 9.84939E-4 1.05229E-3 1.42518E-3 1.50633E-3 1.59457E-3 1.48223E-3 1.54876E-3 1.44571E-3 1.52417E-3 1.53643E-3 1.61782E-3 1.6203E-3 1.67956E-3 1.89615E-3 1.9705E-3 1.88767E-3 2.0111E-3 1.83317E-3 2.04157E-3 1.84008E-3 1.76867E-3 1.81811E-3 2.16763E-3 2.42473E-3 2.98542E-3 3.61904E-3 4.2478E-3 4.73842E-3 5.09511E-3 4.44471E-3 4.77316E-3 5.34476E-3 6.21509E-3 6.41674E-3 8.35113E-3 8.41607E-3 1.03551E-2 9.67638E-3 8.85207E-3 7.9168E-3 5.11258E-3
5.93008E-4 6.5611E-4 6.32776E-4 8.49747E-4 9.80757E-4 1.04741E-3 1.10752E-3 1.13417E-3 1.25296E-3 1.28166E-3 1.28283E-3 1.43832E-3 1.42734E-3 1.51185E-3 1.50308E-3 1.44798E-3 1.31826E-3 1.21939E-3 1.19349E-3 1.04396E-3 1.02935E-3 9.05716E-4 8.32987E-4 7.78874E-4 8.60698E-4 9.21422E-4 7.98785E-4 8.17653E-4 9.65599E-4 9.98947E-4 1.068E-3 1.32999E-3 1.31553E-3 1.3844E-3 1.35722E-3 1.55345E-3 1.55578E-3 1.67728E-3 1.7083E-3 1.73945E-3 1.63362E-3 1.76901E-3 1.97632E-3 1.79715E-3 1.93003E-3 1.80093E-3 1.86012E-3 1.72806E-3 1.91663E-3 1.81262E-3 2.07084E-3 2.3402E-3 2.63038E-3 3.14091E-3 3.48809E-3 4.22136E-3 4.71971E-3 4.80639E-3 4.79928E-3 6.1596E-3 7.394E-3 8.66345E-3 9.44525E-3 1.05035E-2 9.97812E-3 1.06112E-2 1.27821E-2 1.32941E-2 8.19278E-3 4.69341E-3
5.65062E-4 6.42642E-4 6.61638E-4 7.12038E-4 9.83073E-4 1.07234E-3 1.20917E-3 1.28532E-3 1.38437E-3 1.3885E-3 1.38548E-3 1.49865E-3 1.44584E-3 1.49877E-3 1.54683E-3 1.5022E-3 1.41633E-3 1.26211E-3 1.22618E-3 1.0044E-3 9.80209E-4 9.06284E-4 8.71543E-4 7.80431E-4 7.64898E-4 8.09188E-4 8.18467E-4 7.60588E-4 8.83203E-4 8.58863E-4 9.78697E-4 1.09598E-3 1.35075E-3 1.39369E-3 1.35363E-3 1.39778E-3 1.38678E-3 1.43825E-3 1.56632E-3 1.5842E-3 1.87523E-3 1.59666E-3 1.72668E-3 1.92322E-3 1.77748E-3 1.8858E-3 2.05149E-3 1.81672E-3 1.93763E-3 1.8607E-3 2.04145E-3 2.31055E-3 2.52715E-3 2.97861E-3 3.46739E-3 3.96724E-3 4.31799E-3 4.08241E-3 5.09774E-3 6.61568E-3 7.97278E-3 8.99725E-3 1.04398E-2 1.09219E-2 1.14798E-2 1.34843E-2 1.36477E-2 1.19216E-2 6.75842E-3 5.25734E-3
5.30737E-4 4.81471E-4 6.66503E-4 6.79549E-4 8.82612E-4 1.1505E-3 1.27138E-3 1.34603E-3 1.47318E-3 1.54316E-3 1.56791E-3 1.45258E-3 1.48501E-3 1.46459E-3 1.46147E-3 1.47027E-3 1.50426E-3 1.29526E-3 1.15589E-3 1.01414E-3 9.24097E-4 9.23176E-4 9.50363E-4 8.26704E-4 7.34802E-4 7.08196E-4 7.77985E-4 7.21875E-4 8.00424E-4 8.76345E-4 8.43329E-4 9.54532E-4 1.21751E-3 1.21602E-3 1.12245E-3 1.16889E-3 1.24183E-3 1.31255E-3 1.36438E-3 1.48333E-3 1.57627E-3 1.79121E-3 1.6507E-3 1.79322E-3 1.84912E-3 2.07622E-3 1.78348E-3 1.88843E-3 2.02776E-3 1.93593E-3 2.1027E-3 2.23464E-3 2.65661E-3 2.95554E-3 3.38731E-3 4.10864E-3 4.6254E-3 5.20953E-3 6.13126E-3 7.31883E-3 8.3032E-3 9.01491E-3 1.0127E-2 1.17765E-2 1.23384E-2 1.28752E-2 1.3781E-2 9.93305E-3 5.82665E-3 5.98662E-3
6.04375E-4 5.79171E-4 6.28543E-4 6.21672E-4 8.50569E-4 1.05417E-3 1.14344E-3 1.00029E-3 1.12942E-3 1.50879E-3 1.62408E-3 1.46246E-3 1.4941E-3 1.47776E-3 1.48275E-3 1.4561E-3 1.38933E-3 1.34892E-3 1.25405E-3 1.07645E-3 1.04063E-3 8.72436E-4 7.95998E-4 9.6726E-4 9.49056E-4 8.46964E-4 8.11603E-4 8.41332E-4 8.87852E-4 1.00549E-3 9.26331E-4 9.22631E-4 1.06048E-3 1.06268E-3 1.05559E-3 1.31451E-3 1.43838E-3 1.50658E-3 1.29731E-3 1.4869E-3 1.6211E-3 1.6464E-3 1.76963E-3 1.99676E-3 1.65599E-3 1.72326E-3 1.82995E-3 1.76149E-3 1.82006E-3 2.08545E-3 2.22319E-3 2.34053E-3 2.4146E-3 2.80452E-3 3.43902E-3 4.53284E-3 5.07483E-3 5.72324E-3 7.49973E-3 7.57355E-3 8.48828E-3 9.03531E-3 1.07056E-2 1.12704E-2 1.29668E-2 1.37397E-2 1.31725E-2 1.0316E-2 8.79228E-3 7.6109E-3
8.06789E-4 6.57759E-4 7.79485E-4 6.82966E-4 7.29455E-4 9.93879E-4 1.20566E-3 1.31577E-3 1.2914E-3 2.08549E-3 2.18041E-3 1.58661E-3 1.54129E-3 1.49565E-3 1.47129E-3 1.66617E-3 1.61892E-3 1.29856E-3 1.23205E-3 1.0383E-3 1.05661E-3 1.02872E-3 9.67661E-4 9.51354E-4 9.33892E-4 8.72939E-4 7.79233E-4 8.59473E-4 9.1691E-4 8.89954E-4 9.13804E-4 1.06574E-3 1.12861E-3 1.31111E-3 1.15555E-3 1.13679E-3 1.34667E-3 1.36519E-3 1.52345E-3 1.6732E-3 1.85072E-3 1.58008E-3 1.748E-3 1.73572E-3 1.55935E-3 1.64809E-3 1.76058E-3 1.88829E-3 2.02391E-3 1.91693E-3 2.12764E-3 2.35381E-3 2.4146E-3 2.71578E-3 3.2246E-3 3.91585E-3 5.13821E-3 6.20238E-3 7.32143E-3 8.09017E-3 8.61759E-3 9.59011E-3 1.12145E-2 1.24609E-2 1.28883E-2 1.38715E-2 1.16221E-2 9.44714E-3 9.09358E-3 7.48492E-3
9.1033E-4 8.902E-4 8.62458E-4 7.6339E-4 6.55089E-4 8.19358E-4 1.13318E-3 1.31647E-3 1.40195E-3 1.83932E-3 2.23995E-3 1.90665E-3 2.01102E-3 1.78013E-3 1.95394E-3 1.89613E-3 1.81728E-3 1.47119E-3 1.23794E-3 1.1996E-3 1.12305E-3 1.13867E-3 1.0952E-3 8.94955E-4 9.2779E-4 8.60826E-4 6.9751E-4 9.70328E-4 9.28E-4 8.47157E-4 9.71224E-4 1.11561E-3 1.05954E-3 1.2382E-3 1.13321E-3 1.07725E-3 1.18761E-3 1.41184E-3 1.57616E-3 1.63983E-3 1.79715E-3 1.85836E-3 1.64538E-3 1.71599E-3 1.83478E-3 1.86727E-3 1.73399E-3 1.74134E-3 2.00023E-3 2.13317E-3 2.46357E-3 2.51955E-3 2.48399E-3 2.76685E-3 3.33081E-3 3.79512E-3 4.69686E-3 5.72418E-3 7.22381E-3 7.90924E-3 8.61004E-3 1.06079E-2 1.14583E-2 1.32091E-2 1.47798E-2 1.43829E-2 9.50198E-3 8.53924E-3 7.92626E-3 7.27538E-3
8.47058E-4 1.04671E-3 1.06015E-3 9.19678E-4 8.82583E-4 8.28982E-4 1.08943E-3 1.2191E-3 1.11734E-3 1.48558E-3 1.93886E-3 2.11519E-3 2.15545E-3 2.04851E-3 1.92789E-3 1.93082E-3 1.8734E-3 1.66668E-3 1.42999E-3 1.1373E-3 1.06749E-3 1.07138E-3 1.27109E-3 1.02895E-3 9.79922E-4 8.13631E-4 7.73482E-4 9.6812E-4 9.09466E-4 1.1276E-3 1.09028E-3 1.03671E-3 1.24511E-3 1.20969E-3 1.15949E-3 1.03942E-3 1.20171E-3 1.42575E-3 1.53785E-3 1.69533E-3 1.72746E-3 1.83158E-3 1.97803E-3 1.59038E-3 1.65831E-3 1.78447E-3 1.71862E-3 1.75002E-3 1.98117E-3 2.32022E-3 2.56957E-3 2.49102E-3 2.56555E-3 2.95436E-3 3.16974E-3 3.91696E-3 5.0826E-3 6.07694E-3 6.84967E-3 8.05123E-3 9.1583E-3 1.13275E-2 1.29172E-2 1.48945E-2 1.72208E-2 1.3925E-2 7.38491E-3 6.95332E-3 6.20749E-3 1.06832E-2
1.10946E-3 9.64256E-4 1.12225E-3 1.16745E-3 1.08529E-3 9.80521E-4 1.03569E-3 1.15137E-3 1.14194E-3 1.40228E-3 1.45658E-3 1.94803E-3 3.16853E-3 3.07045E-3 2.94479E-3 2.93846E-3 2.80116E-3 1.74307E-3 1.51241E-3 1.29834E-3 1.26629E-3 1.19889E-3 1.18877E-3 1.03803E-3 9.64818E-4 9.17689E-4 8.09215E-4 8.09351E-4 8.41724E-4 8.66975E-4 1.14713E-3 1.08045E-3 1.26804E-3 1.24479E-3 1.21118E-3 1.06066E-3 1.31329E-3 1.56081E-3 1.61267E-3 1.59501E-3 1.70503E-3 1.33573E-3 1.4245E-3 1.53818E-3 1.5578E-3 1.74486E-3 1.91595E-3 1.88761E-3 1.95189E-3 2.26152E-3 2.5755E-3 2.59464E-3 2.7155E-3 2.89389E-3 3.39235E-3 4.31058E-3 4.85928E-3 5.82866E-3 6.88731E-3 8.19194E-3 9.3571E-3 1.10061E-2 1.34226E-2 1.4976E-2 1.74968E-2 9.35653E-3 7.23187E-3 5.80074E-3 5.79045E-3 1.21267E-2
1.152E-3 1.24381E-3 1.17756E-3 1.18174E-3 1.309E-3 1.4127E-3 1.19463E-3 1.06862E-3 1.1674E-3 1.2496E-3 1.36614E-3 2.00217E-3 3.03583E-3 3.0998E-3 2.88141E-3 2.83484E-3 3.10759E-3 2.89974E-3 1.62463E-3 1.51517E-3 1.3769E-3 1.43258E-3 1.18188E-3 9.81026E-4 9.7126E-4 9.40141E-4 8.19643E-4 7.65899E-4 7.50634E-4 7.52017E-4 1.18006E-3 1.13791E-3 1.37755E-3 1.27758E-3 1.27729E-3 1.13961E-3 1.20477E-3 1.37429E-3 1.6253E-3 1.57093E-3 1.52253E-3 1.30909E-3 1.30033E-3 1.45078E-3 1.55754E-3 1.67264E-3 1.9204E-3 2.13317E-3 1.98895E-3 2.27989E-3 2.61308E-3 2.61129E-3 2.63003E-3 3.0085E-3 3.55081E-3 4.21884E-3 5.0636E-3 5.85527E-3 7.38893E-3 8.4732E-3 9.929E-3 1.11535E-2 1.35816E-2 1.47337E-2 1.15138E-2 9.52492E-3 1.21405E-2 1.18301E-2 1.12464E-2 1.57793E-2
1.44822E-3 1.39473E-3 1.33997E-3 1.11604E-3 1.19955E-3 1.38635E-3 1.5076E-3 1.41147E-3 1.85207E-3 1.12339E-3 1.19305E-3 1.57258E-3 2.92411E-3 3.00609E-3 2.80962E-3 2.61985E-3 2.90878E-3 2.87391E-3 2.73018E-3 1.44315E-3 1.49717E-3 1.38386E-3 1.27152E-3 1.12028E-3 9.49715E-4 9.13518E-4 8.37164E-4 7.30704E-4 8.04162E-4 7.33321E-4 8.9299E-4 1.21451E-3 1.26315E-3 1.16743E-3 1.25223E-3 1.14927E-3 1.22508E-3 1.4279E-3 1.43841E-3 1.58095E-3 1.56504E-3 1.62387E-3 1.73494E-3 1.73235E-3 1.66928E-3 1.70655E-3 1.92682E-3 2.08038E-3 2.41158E-3 2.30279E-3 2.62003E-3 2.48475E-3 2.61148E-3 3.44198E-3 3.72333E-3 4.1453E-3 5.30274E-3 6.42181E-3 7.31061E-3 8.36456E-3 1.0054E-2 1.17204E-2 1.34011E-2 1.38203E-2 7.60812E-3 1.26696E-2 1.34641E-2 1.28235E-2 1.05306E-2 1.55389E-2
1.44517E-3 1.44695E-3 1.55138E-3 1.52525E-3 1.42333E-3 1.34997E-3 1.46918E-3 1.64902E-3 1.51027E-3 1.31582E-3 1.30068E-3 1.75715E-3 2.93818E-3 2.95693E-3 2.9465E-3 2.8212E-3 2.87782E-3 2.75823E-3 2.74763E-3 2.48971E-3 1.53279E-3 1.39659E-3 1.3812E-3 1.16157E-3 9.67008E-4 8.60797E-4 7.78579E-4 7.27122E-4 8.00702E-4 7.66531E-4 9.52885E-4 1.29342E-3 1.371E-3 1.32186E-3 1.31517E-3 1.36923E-3 1.40319E-3 1.36702E-3 1.48424E-3 1.55848E-3 1.59865E-3 1.71025E-3 1.76731E-3 1.81688E-3 1.90543E-3 2.10228E-3 1.86191E-3 1.95785E-3 2.41503E-3 2.78652E-3 2.50881E-3 2.53876E-3 2.82263E-3 3.23356E-3 4.10355E-3 4.78671E-3 5.18031E-3 6.2833E-3 7.84247E-3 8.68819E-3 9.99856E-3 1.16113E-2 1.25911E-2 1.09387E-2 9.61192E-3 1.13785E-2 1.16482E-2 1.04017E-2 1.31117E-2 1.11839E-2
1.46123E-3 1.48304E-3 1.6067E-3 1.56912E-3 1.56104E-3 1.69171E-3 1.63282E-3 1.75281E-3 1.82785E-3 1.46442E-3 2.18581E-3 1.31018E-3 1.68001E-3 2.59145E-3 2.92915E-3 2.81175E-3 2.71821E-3 2.62529E-3 2.44848E-3 2.41388E-3 1.46113E-3 1.49799E-3 1.40293E-3 1.16407E-3 1.0593E-3 7.93232E-4 7.33463E-4 7.56249E-4 9.04141E-4 7.96921E-4 1.12819E-3 1.3747E-3 1.48736E-3 1.42728E-3 1.39025E-3 1.44E-3 1.41294E-3 1.38221E-3 1.42528E-3 1.53995E-3 1.55463E-3 1.64708E-3 1.70131E-3 1.78497E-3 1.84668E-3 2.09637E-3 1.78365E-3 1.98304E-3 2.21329E-3 2.16989E-3 2.43181E-3 2.40612E-3 3.09386E-3 3.31918E-3 4.04393E-3 4.47943E-3 5.64294E-3 6.60424E-3 7.31613E-3 8.75431E-3 9.97321E-3 1.1699E-2 1.20342E-2 1.07448E-2 9.68525E-3 9.38393E-3 7.11321E-3 7.7463E-3 1.04848E-2 5.80546E-3
1.52022E-3 1.49188E-3 1.60133E-3 1.59757E-3 1.65992E-3 1.65244E-3 1.70316E-3 1.69949E-3 1.64524E-3 1.50594E-3 2.37628E-3 2.17948E-3 1.29143E-3 1.61029E-3 2.68177E-3 2.62585E-3 2.5416E-3 2.32284E-3 2.40733E-3 2.32411E-3 2.74967E-3 1.43062E-3 1.43044E-3 1.43398E-3 1.25321E-3 9.14405E-4 7.28593E-4 8.09558E-4 9.03382E-4 7.76411E-4 1.05074E-3 1.23749E-3 1.59657E-3 1.56346E-3 1.636E-3 1.60758E-3 1.57597E-3 1.46769E-3 1.4964E-3 1.53479E-3 1.60651E-3 1.64611E-3 1.7481E-3 1.77713E-3 1.9449E-3 1.96482E-3 1.57619E-3 1.79261E-3 1.71834E-3 2.0481E-3 2.42684E-3 2.41715E-3 3.06137E-3 3.65252E-3 3.97523E-3 4.99345E-3 5.32866E-3 7.09022E-3 7.74848E-3 8.86158E-3 1.04378E-2 1.16623E-2 1.15085E-2 8.2068E-3 7.68837E-3 6.76714E-3 9.53512E-3 8.04657E-3 6.9303E-3 6.8223E-3
3.04593E-3 3.01289E-3 2.94809E-3 2.99713E-3 1.65409E-3 1.72478E-3 1.64829E-3 1.72845E-3 2.76568E-3 2.78788E-3 2.49611E-3 2.39576E-3 2.13835E-3 1.40383E-3 2.2127E-3 2.54902E-3 2.27533E-3 2.30215E-3 2.20721E-3 2.39966E-3 2.22951E-3 2.31193E-3 1.56757E-3 1.38487E-3 1.39446E-3 9.93314E-4 8.56285E-4 8.76957E-4 9.93759E-4 8.60003E-4 8.87471E-4 1.27698E-3 1.53322E-3 1.7618E-3 1.71027E-3 1.72546E-3 1.70334E-3 1.64652E-3 1.72386E-3 1.73817E-3 2.23112E-3 1.7732E-3 1.72614E-3 1.63534E-3 1.71753E-3 1.47401E-3 1.57178E-3 1.50423E-3 1.58054E-3 1.83803E-3 1.85917E-3 2.228E-3 2.82256E-3 3.65252E-3 3.77604E-3 4.79571E-3 5.40887E-3 6.51151E-3 7.62024E-3 8.76798E-3 1.03342E-2 1.01832E-2 9.2413E-3 6.38262E-3 1.14028E-2 1.01311E-2 7.67304E-3 7.10902E-3 6.94081E-3 1.0135E-2
1.9821E-3 3.3321E-3 3.26787E-3 3.31945E-3 3.33043E-3 3.21382E-3 3.09448E-3 2.95206E-3 2.84467E-3 2.66504E-3 2.63931E-3 2.50036E-3 2.23206E-3 1.28847E-3 1.44079E-3 2.31763E-3 2.21542E-3 2.2765E-3 2.27002E-3 2.30517E-3 2.30354E-3 2.38442E-3 2.44165E-3 1.40031E-3 1.29449E-3 8.81852E-4 8.9128E-4 8.48948E-4 9.56172E-4 9.8937E-4 8.95989E-4 1.1612E-3 1.36332E-3 1.57499E-3 1.92466E-3 1.84084E-3 1.85308E-3 1.6927E-3 2.60499E-3 2.68061E-3 1.71228E-3 1.66704E-3 1.52945E-3 1.55651E-3 1.32344E-3 1.35776E-3 1.21831E-3 1.37248E-3 1.31525E-3 1.56011E-3 1.79618E-3 2.26567E-3 2.49524E-3 2.91373E-3 3.69868E-3 4.45505E-3 5.66946E-3 6.01043E-3 7.45293E-3 9.06476E-3 9.93155E-3 1.02335E-2 8.9387E-3 6.33097E-3 9.78602E-3 6.07569E-3 5.78797E-3 5.08758E-3 4.71915E-3 9.16421E-3
2.06856E-3 3.78124E-3 3.58116E-3 3.61414E-3 4.08463E-3 3.73033E-3 3.55037E-3 3.46174E-3 3.20975E-3 3.32164E-3 2.68349E-3 2.45191E-3 2.27766E-3 1.27022E-3 1.21079E-3 1.21106E-3 2.20011E-3 2.13054E-3 2.14221E-3 2.20938E-3 2.20262E-3 2.34171E-3 2.3998E-3 2.57447E-3 1.56036E-3 9.45866E-4 7.84564E-4 8.75323E-4 9.05462E-4 8.84118E-4 9.40558E-4 1.15307E-3 1.03439E-3 1.19602E-3 1.61901E-3 1.98033E-3 1.9658E-3 1.85007E-3 1.75169E-3 1.57937E-3 1.58681E-3 1.43974E-3 1.46814E-3 1.44576E-3 1.22082E-3 1.09295E-3 1.06176E-3 1.1126E-3 1.23734E-3 1.34152E-3 1.53689E-3 1.76003E-3 1.96528E-3 2.3886E-3 3.46128E-3 4.71988E-3 5.17859E-3 6.43327E-3 7.23692E-3 8.25353E-3 9.64949E-3 9.44728E-3 9.99279E-3 6.27795E-3 7.42598E-3 4.71201E-3 3.88833E-3 3.73167E-3 4.27843E-3 8.82369E-3
