KUENM_DEFAULT/Final_Models/M_1_F_lqpth_Set_1_NE/sp1_8_se_asia.asc
ncols         320
nrows         243
xllcorner     44.0
yllcorner     -0.666666666666667
cellsize      0.166666666666667
NODATA_value  -9999
[rows 62 to 92 of 243, columns 70 to 139 of 320]
7.175E-3 6.74148E-3 1.30649E-2 1.29361E-2 1.25222E-2 1.04576E-2 1.05932E-2 9.85392E-3 8.8153E-3 8.91581E-3 9.69467E-3 7.82634E-3 7.10254E-3 3.34445E-3 3.07265E-3 2.85643E-3 2.96082E-3 3.51711E-3 3.31666E-3 3.42984E-3 3.33584E-3 3.51295E-3 3.6779E-3 4.12062E-3 4.27807E-3 3.2103E-3 2.66599E-3 2.59868E-3 2.62025E-3 2.26616E-3 2.63075E-3 2.99875E-3 2.90072E-3 2.6728E-3 2.94272E-3 4.12605E-3 4.57533E-3 4.11347E-3 3.72469E-3 3.4866E-3 3.48546E-3 2.96093E-3 2.95626E-3 3.0416E-3 2.66037E-3 2.48914E-3 2.18762E-3 2.52739E-3 2.59307E-3 2.81889E-3 3.20596E-3 3.65713E-3 4.66951E-3 5.66373E-3 7.97933E-3 9.26706E-3 1.00567E-2 1.23528E-2 1.4839E-2 1.55087E-2 1.7689E-2 1.98359E-2 1.68153E-2 2.08671E-2 1.44486E-2 1.0279E-2 6.89502E-3 5.60027E-3 5.55242E-3 7.30559E-3
7.90326E-3 7.4359E-3 1.39955E-2 1.36688E-2 1.25609E-2 1.22118E-2 1.21728E-2 1.12311E-2 1.10917E-2 9.24053E-3 9.48238E-3 9.62951E-3 7.53351E-3 3.39759E-3 2.84961E-3 2.8455E-3 2.9939E-3 2.97661E-3 3.58121E-3 3.54352E-3 3.61115E-3 3.58992E-3 4.03782E-3 4.32452E-3 4.36557E-3 4.03731E-3 3.15688E-3 2.83537E-3 2.904E-3 2.51964E-3 2.45287E-3 2.35295E-3 3.0194E-3 3.49429E-3 2.68062E-3 3.38632E-3 3.8227E-3 3.6078E-3 3.11377E-3 3.47948E-3 2.76297E-3 2.45539E-3 2.04783E-3 2.57972E-3 3.07027E-3 2.82856E-3 2.72926E-3 2.96022E-3 2.951E-3 3.06485E-3 3.25686E-3 4.35442E-3 5.10986E-3 6.04193E-3 7.34201E-3 8.85123E-3 9.61829E-3 1.12969E-2 1.35401E-2 1.53218E-2 1.54425E-2 1.6243E-2 2.25481E-2 1.74131E-2 1.08454E-2 6.84702E-3 5.15711E-3 4.17958E-3 6.03041E-3 6.42184E-3
8.70899E-3 8.05559E-3 7.76692E-3 1.38378E-2 1.39886E-2 1.29857E-2 1.26953E-2 1.13501E-2 1.04881E-2 1.16851E-2 9.78543E-3 9.5587E-3 7.57916E-3 7.64123E-3 2.97417E-3 2.55454E-3 2.74713E-3 2.9782E-3 3.2864E-3 3.88063E-3 3.79911E-3 3.91291E-3 4.44919E-3 4.42026E-3 4.65967E-3 4.30898E-3 2.94881E-3 3.38611E-3 3.21126E-3 3.10782E-3 2.60544E-3 2.36213E-3 2.8569E-3 3.85454E-3 4.15583E-3 3.88986E-3 3.96642E-3 3.64619E-3 3.40602E-3 3.07406E-3 2.78336E-3 2.62511E-3 2.26389E-3 2.47494E-3 3.43218E-3 3.58534E-3 3.25998E-3 3.55412E-3 3.27204E-3 3.81948E-3 4.25926E-3 4.21995E-3 5.01849E-3 5.87479E-3 7.04072E-3 8.65355E-3 9.72606E-3 1.01697E-2 1.20474E-2 1.21319E-2 1.29376E-2 2.36654E-2 1.92757E-2 1.08616E-2 9.04233E-3 5.8829E-3 4.17777E-3 4.3737E-3 4.70959E-3 7.79351E-3
1.81303E-2 8.92126E-3 1.69586E-2 1.65483E-2 1.53636E-2 1.3706E-2 1.32069E-2 1.21505E-2 5.68775E-3 5.22188E-3 4.84372E-3 8.89794E-3 3.80785E-3 7.91195E-3 7.46102E-3 2.98124E-3 2.4424E-3 3.36163E-3 3.22183E-3 3.66337E-3 3.505E-3 4.30395E-3 4.34902E-3 5.12639E-3 5.13934E-3 5.72664E-3 3.7746E-3 3.3116E-3 3.51097E-3 3.28026E-3 2.6367E-3 2.52924E-3 3.00339E-3 3.97331E-3 4.72973E-3 5.15694E-3 4.60459E-3 4.21144E-3 4.50893E-3 4.24708E-3 3.67203E-3 3.24563E-3 3.07981E-3 3.42193E-3 3.57565E-3 3.8432E-3 3.99758E-3 3.72334E-3 4.07765E-3 4.18243E-3 4.41771E-3 4.98738E-3 5.16895E-3 6.00328E-3 6.70359E-3 8.00335E-3 8.12641E-3 8.71417E-3 1.02019E-2 1.165E-2 1.23861E-2 1.97236E-2 1.33897E-2 1.00751E-2 8.49696E-3 5.41464E-3 4.10911E-3 5.171E-3 9.62768E-3 1.39009E-2
1.91954E-2 9.89293E-3 8.83168E-3 1.70595E-2 1.76534E-2 1.51256E-2 1.41708E-2 1.42981E-2 1.22792E-2 1.072E-2 4.96359E-3 4.41983E-3 4.35523E-3 8.1231E-3 7.3178E-3 8.02177E-3 3.24621E-3 3.10295E-3 3.77779E-3 3.98768E-3 4.17469E-3 4.06107E-3 4.80829E-3 5.33528E-3 6.04788E-3 5.68238E-3 4.14711E-3 3.6308E-3 3.86462E-3 3.28049E-3 2.37611E-3 3.78488E-3 2.75275E-3 3.0809E-3 3.53426E-3 4.56237E-3 5.21209E-3 4.69917E-3 5.14772E-3 4.6901E-3 4.30615E-3 4.36562E-3 3.99213E-3 4.06528E-3 4.37178E-3 4.23851E-3 4.62586E-3 4.78007E-3 4.60847E-3 4.93277E-3 4.79238E-3 4.91343E-3 5.13613E-3 5.77743E-3 5.61485E-3 5.72066E-3 6.5792E-3 7.92637E-3 1.01991E-2 2.35523E-2 2.34957E-2 1.67214E-2 1.17164E-2 1.09498E-2 8.31335E-3 6.64973E-3 5.17452E-3 4.95929E-3 8.3619E-3 2.11844E-2
1.12913E-2 1.09539E-2 1.11378E-2 9.33332E-3 8.92597E-3 8.10336E-3 1.51763E-2 1.62321E-2 1.31084E-2 1.15525E-2 5.3923E-3 5.6955E-3 6.26254E-3 4.30204E-3 8.06033E-3 7.56856E-3 7.28004E-3 3.36705E-3 3.69532E-3 4.53718E-3 4.64329E-3 4.84115E-3 5.51063E-3 5.91159E-3 5.8297E-3 6.43298E-3 5.4682E-3 4.02262E-3 4.35841E-3 4.09197E-3 3.34982E-3 5.08749E-3 3.49092E-3 3.02407E-3 3.69551E-3 4.41887E-3 6.26693E-3 5.57612E-3 5.09214E-3 5.1236E-3 4.47886E-3 4.00641E-3 4.57402E-3 4.36218E-3 3.56874E-3 4.33266E-3 4.69293E-3 5.14167E-3 4.63665E-3 5.29051E-3 4.42273E-3 3.8514E-3 4.43766E-3 4.81001E-3 5.88923E-3 6.55203E-3 8.58801E-3 1.06198E-2 1.56785E-2 1.86342E-2 1.54909E-2 1.50318E-2 1.28687E-2 1.11396E-2 8.4965E-3 6.87125E-3 7.29193E-3 6.96997E-3 1.22447E-2 2.70282E-2
1.33322E-2 1.3415E-2 1.29745E-2 1.21136E-2 1.0884E-2 9.9117E-3 8.09186E-3 1.50087E-2 1.42394E-2 6.47529E-3 6.45721E-3 6.53424E-3 6.22205E-3 6.17689E-3 4.93289E-3 4.08256E-3 8.82806E-3 3.89944E-3 4.00907E-3 4.75799E-3 5.07702E-3 5.14783E-3 5.58771E-3 6.16434E-3 5.99435E-3 5.92565E-3 6.35151E-3 5.40976E-3 4.81987E-3 4.86224E-3 4.43367E-3 3.93842E-3 3.85498E-3 3.75542E-3 4.31472E-3 3.40982E-3 4.46535E-3 6.42182E-3 5.63589E-3 5.14204E-3 4.98114E-3 4.62168E-3 4.27191E-3 4.35176E-3 4.49781E-3 4.64534E-3 4.84836E-3 5.46287E-3 4.92184E-3 5.4621E-3 4.80292E-3 5.39614E-3 6.03519E-3 6.59569E-3 7.83389E-3 7.01771E-3 1.44593E-2 1.8382E-2 1.46145E-2 1.41673E-2 1.69458E-2 1.31578E-2 1.52479E-2 1.24112E-2 9.81469E-3 9.97079E-3 1.09823E-2 1.05171E-2 1.65459E-2 2.96262E-2
1.55213E-2 1.52941E-2 1.37751E-2 1.30727E-2 1.23092E-2 1.11704E-2 1.05702E-2 1.64477E-2 8.79425E-3 8.16229E-3 8.41519E-3 7.54408E-3 7.28084E-3 6.75239E-3 5.89423E-3 5.72339E-3 4.32209E-3 4.62567E-3 4.64605E-3 4.51069E-3 4.90732E-3 4.91829E-3 5.42155E-3 6.23251E-3 6.55643E-3 5.71172E-3 6.384E-3 6.67212E-3 5.33411E-3 5.10766E-3 4.99967E-3 4.89988E-3 4.70872E-3 4.66267E-3 4.97685E-3 6.1551E-3 3.66686E-3 4.63751E-3 5.27872E-3 5.82258E-3 5.26482E-3 5.2972E-3 5.05061E-3 4.96225E-3 5.16642E-3 5.24062E-3 5.48289E-3 4.35E-3 5.13481E-3 5.9273E-3 6.35605E-3 4.78063E-3 5.85568E-3 6.70193E-3 1.06325E-2 1.22856E-2 1.46032E-2 1.81168E-2 1.45259E-2 1.74252E-2 1.46091E-2 1.30513E-2 1.41121E-2 1.32716E-2 1.22199E-2 1.23857E-2 1.10396E-2 1.64328E-2 1.88057E-2 2.95123E-2
1.7214E-2 1.53555E-2 1.45052E-2 1.4348E-2 1.28503E-2 1.20282E-2 2.23051E-2 1.01552E-2 9.76504E-3 1.01634E-2 9.16184E-3 7.94578E-3 7.78687E-3 7.01608E-3 6.61045E-3 6.37407E-3 6.22367E-3 6.06755E-3 6.23544E-3 4.94594E-3 5.35956E-3 5.59949E-3 5.27993E-3 6.24552E-3 6.63922E-3 5.14192E-3 1.01383E-2 6.91676E-3 9.88173E-3 5.07273E-3 5.65585E-3 5.81053E-3 5.54757E-3 5.37874E-3 5.28051E-3 3.93106E-3 5.6827E-3 4.33716E-3 4.31221E-3 5.73121E-3 6.18999E-3 5.4121E-3 5.87866E-3 5.66174E-3 5.37174E-3 4.51898E-3 4.25061E-3 5.17435E-3 5.90351E-3 6.21208E-3 1.27214E-2 1.05852E-2 1.14416E-2 1.32241E-2 1.03298E-2 1.25247E-2 1.43207E-2 1.23955E-2 1.31638E-2 1.3361E-2 1.28869E-2 1.43922E-2 1.25094E-2 1.37626E-2 1.50523E-2 1.59327E-2 2.09537E-2 2.06433E-2 2.85031E-2 2.5166E-2
1.81331E-2 1.74781E-2 1.54824E-2 2.96366E-2 2.70004E-2 1.29222E-2 1.31434E-2 1.27005E-2 1.15364E-2 1.07285E-2 1.01329E-2 9.03386E-3 8.5785E-3 7.67951E-3 6.96996E-3 6.97949E-3 6.4991E-3 6.40637E-3 6.71261E-3 7.39325E-3 7.26316E-3 7.97333E-3 7.14363E-3 7.19026E-3 7.32617E-3 6.74574E-3 6.57632E-3 9.37335E-3 6.84012E-3 1.18194E-2 6.94225E-3 6.53022E-3 6.46765E-3 5.40743E-3 5.67344E-3 5.51084E-3 7.93612E-3 7.34221E-3 6.41279E-3 9.17463E-3 5.51366E-3 6.16991E-3 6.02225E-3 6.1333E-3 5.40194E-3 1.04258E-2 1.10154E-2 1.16035E-2 1.23004E-2 1.23258E-2 9.21923E-3 1.18668E-2 1.18903E-2 9.63526E-3 1.11566E-2 1.3592E-2 1.20487E-2 1.0658E-2 1.31926E-2 1.22631E-2 1.37538E-2 1.29586E-2 1.24331E-2 1.46192E-2 1.19093E-2 1.81784E-2 1.49813E-2 2.7338E-2 2.50809E-2 2.93168E-2
1.97934E-2 1.80388E-2 1.8891E-2 1.76673E-2 1.72529E-2 1.61643E-2 1.49052E-2 1.4534E-2 1.23102E-2 1.10956E-2 1.14524E-2 1.04159E-2 9.79437E-3 8.52401E-3 8.12798E-3 7.64767E-3 7.05871E-3 6.72706E-3 7.51805E-3 7.56457E-3 7.91106E-3 8.16299E-3 9.42385E-3 8.64507E-3 9.38304E-3 1.01804E-2 1.15407E-2 1.16847E-2 1.00569E-2 9.00149E-3 8.70703E-3 8.06854E-3 6.99709E-3 9.53991E-3 6.61048E-3 1.19538E-2 1.18256E-2 1.06958E-2 6.19332E-3 8.75085E-3 9.79615E-3 1.14443E-2 1.27121E-2 1.00509E-2 8.9129E-3 8.90249E-3 1.22018E-2 1.21353E-2 8.56195E-3 8.93903E-3 1.06558E-2 1.24548E-2 1.29701E-2 1.05108E-2 1.27015E-2 1.07746E-2 1.17922E-2 1.19018E-2 1.09879E-2 1.19809E-2 1.44375E-2 1.37744E-2 1.5004E-2 1.38786E-2 1.3408E-2 1.9387E-2 3.07206E-2 3.06575E-2 3.34399E-2 3.48697E-2
2.0466E-2 1.64982E-2 1.77224E-2 1.73193E-2 1.83958E-2 1.70548E-2 1.69007E-2 1.3085E-2 1.39859E-2 1.33591E-2 1.10446E-2 1.1042E-2 1.09269E-2 8.31856E-3 7.58083E-3 8.47999E-3 8.54122E-3 7.86194E-3 7.83841E-3 7.75697E-3 7.85549E-3 8.11044E-3 9.46734E-3 1.02609E-2 1.08317E-2 1.06468E-2 1.20755E-2 1.24283E-2 1.34444E-2 1.3515E-2 1.20412E-2 1.06716E-2 8.3243E-3 1.27263E-2 1.18487E-2 1.51566E-2 1.4095E-2 1.08767E-2 1.20231E-2 8.39114E-3 8.96587E-3 1.01413E-2 1.24836E-2 1.11658E-2 9.61359E-3 1.13979E-2 1.18308E-2 9.93725E-3 1.16162E-2 1.23338E-2 1.23467E-2 8.92843E-3 1.11958E-2 9.97606E-3 1.12534E-2 1.18179E-2 9.65834E-3 1.15544E-2 1.22893E-2 1.21795E-2 1.39511E-2 1.56098E-2 1.65916E-2 1.71086E-2 1.864E-2 1.59592E-2 2.25045E-2 2.40502E-2 2.70128E-2 3.36627E-2
1.93037E-2 1.66006E-2 1.99568E-2 2.12695E-2 1.53114E-2 1.41759E-2 1.29821E-2 1.24324E-2 1.40946E-2 1.19968E-2 1.37913E-2 1.06661E-2 1.1001E-2 9.21021E-3 8.39791E-3 7.91351E-3 7.44611E-3 8.84746E-3 8.5201E-3 8.56027E-3 8.74232E-3 9.26342E-3 9.54201E-3 1.02391E-2 1.11117E-2 1.21338E-2 1.24553E-2 1.30325E-2 1.46875E-2 1.52276E-2 1.56543E-2 1.54055E-2 1.75816E-2 1.43472E-2 1.24077E-2 1.57398E-2 1.71529E-2 1.53146E-2 1.1012E-2 1.33903E-2 1.17066E-2 1.00307E-2 1.10962E-2 1.07574E-2 9.48514E-3 8.4409E-3 1.0121E-2 1.11948E-2 9.73345E-3 1.00758E-2 1.03259E-2 8.60544E-3 1.03449E-2 1.02361E-2 9.47262E-3 8.6801E-3 1.01637E-2 1.04578E-2 1.14349E-2 1.50258E-2 1.52071E-2 1.76016E-2 1.49371E-2 1.69818E-2 2.01802E-2 1.89882E-2 1.97108E-2 2.44196E-2 2.99349E-2 3.59427E-2
1.78149E-2 1.61595E-2 1.61017E-2 1.65826E-2 1.56105E-2 1.4501E-2 1.37366E-2 1.27864E-2 1.35369E-2 1.2772E-2 1.18164E-2 1.21066E-2 1.26093E-2 1.10094E-2 1.05218E-2 8.81197E-3 8.87042E-3 8.51146E-3 9.01033E-3 9.10008E-3 9.26851E-3 9.43998E-3 1.01315E-2 1.05873E-2 1.1495E-2 1.26106E-2 1.3942E-2 1.43281E-2 1.51026E-2 1.72634E-2 1.80077E-2 1.71135E-2 1.30793E-2 1.77986E-2 1.69449E-2 1.4606E-2 1.64317E-2 1.7923E-2 1.49582E-2 1.26092E-2 1.48636E-2 1.06281E-2 8.45149E-3 7.71065E-3 6.1545E-3 8.80923E-3 8.95052E-3 8.36448E-3 8.38395E-3 7.55515E-3 6.43907E-3 7.0998E-3 6.23856E-3 7.28132E-3 8.45918E-3 7.6287E-3 8.89542E-3 1.0366E-2 1.11926E-2 1.48949E-2 1.49915E-2 1.52067E-2 1.7304E-2 2.09257E-2 2.00936E-2 1.84707E-2 2.10965E-2 2.44292E-2 3.4248E-2 4.37177E-2
1.44043E-2 1.48403E-2 -9999 -9999 -9999 -9999 -9999 1.38674E-2 1.24339E-2 1.41228E-2 1.28113E-2 1.36409E-2 1.18012E-2 1.17076E-2 1.11106E-2 1.07148E-2 1.00899E-2 9.65089E-3 9.49173E-3 1.02521E-2 1.01847E-2 9.97255E-3 1.05569E-2 1.14525E-2 1.2282E-2 1.36367E-2 1.47738E-2 1.59749E-2 1.57268E-2 1.76813E-2 1.75028E-2 1.68026E-2 2.13657E-2 1.91904E-2 1.84806E-2 1.84139E-2 1.71083E-2 1.85073E-2 1.90089E-2 1.72215E-2 1.33977E-2 1.52218E-2 1.40199E-2 8.39538E-3 9.34281E-3 8.61967E-3 9.93605E-3 9.02184E-3 8.20748E-3 7.01418E-3 6.8656E-3 7.84247E-3 6.7328E-3 7.50886E-3 7.36354E-3 8.36673E-3 1.16476E-2 1.00983E-2 1.03395E-2 1.32951E-2 1.43113E-2 1.6069E-2 1.84084E-2 1.8638E-2 2.20774E-2 2.01042E-2 2.53678E-2 2.61076E-2 3.72252E-2 5.84609E-2
-9999 -9999 1.69928E-2 -9999 -9999 -9999 -9999 -9999 1.33037E-2 1.2611E-2 1.38947E-2 1.55941E-2 2.77611E-2 2.45453E-2 2.22783E-2 2.296E-2 1.06017E-2 1.11912E-2 1.09346E-2 1.05299E-2 1.13287E-2 1.15212E-2 1.32912E-2 1.38632E-2 1.32876E-2 1.50471E-2 1.56613E-2 1.72683E-2 1.90596E-2 1.77625E-2 1.6495E-2 2.5688E-2 2.13512E-2 2.18211E-2 1.92124E-2 1.81604E-2 1.61631E-2 1.94789E-2 1.6795E-2 1.24988E-2 1.14745E-2 9.8238E-3 8.24669E-3 9.77062E-3 8.93529E-3 1.04758E-2 9.16165E-3 8.54674E-3 7.6868E-3 7.55918E-3 8.17521E-3 6.72675E-3 8.20765E-3 8.84051E-3 1.07024E-2 9.45711E-3 1.02676E-2 1.17939E-2 1.36513E-2 1.34767E-2 1.8113E-2 1.47401E-2 2.10701E-2 2.0521E-2 2.21253E-2 2.51885E-2 2.76972E-2 3.61704E-2 5.81304E-2 6.47799E-2
1.3864E-2 1.62166E-2 -9999 -9999 -9999 -9999 -9999 -9999 1.43871E-2 1.48378E-2 1.40076E-2 1.53532E-2 2.80533E-2 2.49958E-2 2.36652E-2 2.51193E-2 2.18045E-2 2.3094E-2 1.25214E-2 1.14136E-2 1.28951E-2 1.38784E-2 1.27308E-2 1.38903E-2 1.5188E-2 1.6045E-2 1.60844E-2 1.54217E-2 2.81246E-2 2.28301E-2 2.15215E-2 2.26692E-2 2.74256E-2 2.82659E-2 2.8776E-2 2.59438E-2 2.37228E-2 2.72138E-2 2.24613E-2 1.68615E-2 1.22098E-2 1.20671E-2 1.07621E-2 9.73571E-3 8.62505E-3 1.03617E-2 8.97611E-3 1.11611E-2 1.02831E-2 9.39853E-3 7.75934E-3 8.82481E-3 8.701E-3 9.37863E-3 1.10095E-2 1.17162E-2 1.35205E-2 1.24527E-2 1.49074E-2 1.87027E-2 2.43033E-2 2.59846E-2 2.27536E-2 2.43582E-2 3.06445E-2 2.62887E-2 3.57894E-2 5.60477E-2 6.47237E-2 7.20525E-2
-9999 -9999 -9999 -9999 -9999 -9999 -9999 -9999 -9999 1.51963E-2 1.53612E-2 1.72289E-2 2.6825E-2 2.61602E-2 2.43774E-2 2.44558E-2 1.15572E-2 2.29662E-2 1.22325E-2 1.19982E-2 1.18968E-2 1.2162E-2 1.31522E-2 1.37988E-2 1.42238E-2 2.40139E-2 2.45997E-2 2.34296E-2 2.31009E-2 2.7559E-2 3.18189E-2 2.73413E-2 2.49037E-2 3.06907E-2 2.66545E-2 2.60472E-2 2.86404E-2 2.26831E-2 2.7887E-2 2.56797E-2 1.98273E-2 1.66232E-2 1.26683E-2 1.14362E-2 1.12547E-2 1.12437E-2 1.09773E-2 1.00065E-2 1.00641E-2 1.07728E-2 1.04569E-2 1.1985E-2 1.02948E-2 1.08023E-2 1.22064E-2 1.43529E-2 1.46746E-2 2.2992E-2 2.88451E-2 2.4461E-2 3.26525E-2 3.30472E-2 3.75721E-2 5.10166E-2 6.09261E-2 4.10394E-2 4.67653E-2 6.07636E-2 8.15305E-2 7.99374E-2
-9999 -9999 -9999 -9999 -9999 -9999 -9999 -9999 1.44554E-2 1.38523E-2 1.55266E-2 1.65352E-2 2.97735E-2 1.43577E-2 1.33158E-2 2.4046E-2 1.22484E-2 1.26816E-2 1.2248E-2 1.13614E-2 1.15111E-2 1.25879E-2 1.23644E-2 1.28511E-2 1.45167E-2 1.42873E-2 1.51702E-2 1.46644E-2 2.95477E-2 2.90454E-2 3.289E-2 3.05897E-2 3.1762E-2 3.56898E-2 3.66935E-2 3.91076E-2 4.07847E-2 3.15614E-2 2.84375E-2 2.88855E-2 2.1133E-2 1.72581E-2 1.82714E-2 1.35674E-2 1.23013E-2 1.36396E-2 1.51366E-2 1.53179E-2 1.31447E-2 1.20654E-2 1.39712E-2 1.293E-2 1.49934E-2 1.36029E-2 1.26336E-2 2.2316E-2 2.36626E-2 2.84312E-2 3.35323E-2 3.57944E-2 4.28435E-2 4.88217E-2 5.25257E-2 6.97769E-2 7.69523E-2 6.37065E-2 5.80029E-2 8.23939E-2 9.43279E-2 9.60207E-2
-9999 -9999 -9999 -9999 -9999 -9999 -9999 -9999 -9999 1.3715E-2 1.42284E-2 1.67381E-2 1.53821E-2 1.40512E-2 1.25621E-2 1.28754E-2 1.25428E-2 1.17694E-2 1.15329E-2 1.01576E-2 1.01098E-2 9.83552E-3 1.01267E-2 1.05424E-2 1.05552E-2 1.2467E-2 1.27192E-2 1.45778E-2 1.55272E-2 1.5885E-2 1.59622E-2 3.32506E-2 3.37666E-2 3.41755E-2 3.79256E-2 3.60183E-2 4.14656E-2 3.73701E-2 3.21824E-2 3.23654E-2 2.77682E-2 2.1262E-2 1.88515E-2 1.52133E-2 1.67892E-2 1.67804E-2 1.56634E-2 1.5427E-2 1.48962E-2 1.50845E-2 1.47218E-2 1.70185E-2 1.31041E-2 1.91611E-2 1.97746E-2 2.33035E-2 2.36996E-2 3.35885E-2 3.56849E-2 3.92826E-2 4.94577E-2 5.82627E-2 6.81737E-2 8.54358E-2 1.02172E-1 9.54612E-2 7.32393E-2 9.75254E-2 1.01546E-1 1.05933E-1
-9999 -9999 -9999 -9999 -9999 -9999 -9999 -9999 -9999 1.32861E-2 1.31157E-2 1.26863E-2 1.14757E-2 1.10981E-2 1.2558E-2 2.51761E-2 1.2741E-2 1.09385E-2 1.09973E-2 9.99963E-3 8.98141E-3 9.07134E-3 9.49083E-3 9.36242E-3 9.70374E-3 9.94321E-3 1.03021E-2 1.08215E-2 1.16478E-2 1.21992E-2 3.08652E-2 3.11282E-2 3.24397E-2 3.37071E-2 3.43164E-2 3.40679E-2 3.64441E-2 3.92075E-2 3.64683E-2 3.24847E-2 2.1117E-2 2.0429E-2 1.70298E-2 1.75192E-2 1.89225E-2 1.7546E-2 1.84032E-2 1.988E-2 1.82028E-2 1.78884E-2 1.77314E-2 1.71255E-2 1.81152E-2 2.04864E-2 2.37664E-2 2.55382E-2 2.85648E-2 3.16123E-2 3.7511E-2 4.35043E-2 5.11474E-2 6.48728E-2 7.53868E-2 9.86539E-2 1.0937E-1 1.12322E-1 1.11261E-1 1.1741E-1 1.13777E-1 1.28412E-1
-9999 -9999 -9999 -9999 -9999 -9999 -9999 -9999 -9999 -9999 1.12951E-2 1.11356E-2 1.13218E-2 1.04164E-2 9.12089E-3 9.59332E-3 8.98545E-3 8.91197E-3 8.91727E-3 8.52306E-3 8.44678E-3 8.45104E-3 7.76817E-3 8.1707E-3 9.17302E-3 9.32035E-3 9.08575E-3 9.79935E-3 1.05626E-2 1.04251E-2 1.04416E-2 1.04768E-2 1.09716E-2 1.19493E-2 2.52003E-2 2.91739E-2 3.43768E-2 3.55264E-2 3.3803E-2 2.75465E-2 2.71343E-2 1.79674E-2 2.29712E-2 1.73066E-2 1.83268E-2 1.89982E-2 2.15012E-2 2.06626E-2 2.00293E-2 2.02963E-2 1.68622E-2 1.71587E-2 2.29073E-2 2.33326E-2 2.56041E-2 2.86071E-2 2.77959E-2 3.00874E-2 3.66413E-2 3.91746E-2 4.91236E-2 6.31097E-2 7.50924E-2 8.97701E-2 1.01844E-1 1.06177E-1 1.0938E-1 1.19197E-1 1.20689E-1 1.22849E-1
-9999 -9999 -9999 -9999 -9999 -9999 -9999 -9999 -9999 -9999 -9999 9.96001E-3 9.47008E-3 9.8727E-3 8.57996E-3 8.58078E-3 8.27846E-3 8.00511E-3 7.9998E-3 8.17465E-3 7.61825E-3 7.43979E-3 7.59573E-3 8.08412E-3 8.04586E-3 8.50746E-3 8.94498E-3 8.68378E-3 8.95812E-3 9.42589E-3 9.42591E-3 9.17225E-3 9.20218E-3 1.02299E-2 1.07818E-2 2.39329E-2 2.78821E-2 2.7971E-2 2.79713E-2 2.54579E-2 2.82645E-2 2.14375E-2 1.86941E-2 1.50712E-2 2.05933E-2 2.49643E-2 2.37935E-2 2.33784E-2 2.44319E-2 1.93785E-2 2.18221E-2 2.02471E-2 2.14666E-2 2.34011E-2 2.56884E-2 2.58322E-2 2.90269E-2 2.97887E-2 3.3684E-2 4.29713E-2 4.85012E-2 5.70003E-2 6.73765E-2 7.16639E-2 8.3374E-2 9.59789E-2 9.75715E-2 1.14381E-1 1.35942E-1 1.25019E-1
-9999 -9999 -9999 -9999 -9999 -9999 -9999 -9999 -9999 -9999 -9999 -9999 -9999 -9999 8.23431E-3 8.3054E-3 -9999 -9999 7.74598E-3 7.56204E-3 7.12423E-3 7.12423E-3 7.13854E-3 7.63776E-3 7.87759E-3 7.19038E-3 7.45071E-3 7.2733E-3 7.80652E-3 8.26333E-3 8.26935E-3 8.23265E-3 8.46134E-3 8.86927E-3 9.0518E-3 1.00345E-2 9.95678E-3 2.17523E-2 2.3352E-2 2.4359E-2 2.24679E-2 2.51131E-2 2.44677E-2 2.20135E-2 2.28482E-2 2.29612E-2 2.253E-2 2.12185E-2 2.09581E-2 2.27449E-2 2.32755E-2 2.25553E-2 2.46306E-2 2.73098E-2 2.91378E-2 3.00998E-2 2.7722E-2 3.37705E-2 3.74494E-2 3.95063E-2 4.50963E-2 4.99125E-2 5.72934E-2 -9999 -9999 7.29331E-2 8.16266E-2 1.05428E-1 1.36863E-1 1.22781E-1
-9999 -9999 -9999 -9999 -9999 -9999 -9999 -9999 -9999 -9999 -9999 -9999 -9999 -9999 -9999 -9999 -9999 -9999 -9999 -9999 6.8054E-3 -9999 -9999 7.06731E-3 6.85726E-3 6.78718E-3 6.62847E-3 6.60167E-3 7.00617E-3 -9999 7.13227E-3 7.51991E-3 7.84009E-3 8.12708E-3 8.26726E-3 8.70817E-3 8.74335E-3 9.06719E-3 1.77744E-2 1.88086E-2 2.09971E-2 2.25465E-2 2.13211E-2 2.03245E-2 2.18733E-2 2.11091E-2 2.10971E-2 1.05302E-2 1.05E-2 1.0533E-2 1.07278E-2 1.13309E-2 1.16376E-2 1.21912E-2 1.36369E-2 2.80634E-2 3.1539E-2 3.05068E-2 3.27676E-2 3.44794E-2 3.84062E-2 -9999 -9999 -9999 -9999 -9999 5.98991E-2 9.27532E-2 1.1214E-1 1.24284E-1
-9999 -9999 -9999 -9999 -9999 -9999 -9999 -9999 -9999 -9999 -9999 -9999 -9999 -9999 -9999 -9999 -9999 -9999 -9999 -9999 -9999 -9999 -9999 -9999 -9999 -9999 -9999 -9999 -9999 -9999 -9999 7.03606E-3 7.01171E-3 7.33773E-3 7.31624E-3 7.51989E-3 7.56441E-3 7.53397E-3 8.23757E-3 1.74066E-2 1.74611E-2 -9999 -9999 1.95604E-2 2.00215E-2 9.58106E-3 8.43792E-3 -9999 -9999 -9999 -9999 -9999 1.18422E-2 -9999 -9999 -9999 -9999 -9999 -9999 -9999 -9999 -9999 -9999 -9999 -9999 -9999 6.71552E-2 1.00233E-1 1.13557E-1 1.42984E-1
-9999 -9999 -9999 -9999 -9999 -9999 -9999 -9999 -9999 -9999 -9999 -9999 -9999 -9999 -9999 -9999 -9999 -9999 -9999 -9999 -9999 -9999 -9999 -9999 -9999 -9999 -9999 -9999 -9999 -9999 -9999 -9999 -9999 -9999 7.02534E-3 -9999 6.30888E-3 -9999 -9999 -9999 -9999 -9999 -9999 -9999 -9999 -9999 -9999 -9999 -9999 -9999 -9999 -9999 -9999 -9999 -9999 -9999 -9999 -9999 -9999 -9999 -9999 -9999 -9999 -9999 -9999 -9999 7.84223E-2 9.68199E-2 1.26702E-1 1.4196E-1
-9999 -9999 -9999 -9999 -9999 -9999 -9999 -9999 -9999 -9999 -9999 -9999 -9999 -9999 -9999 -9999 -9999 -9999 -9999 -9999 -9999 -9999 -9999 -9999 -9999 -9999 -9999 -9999 -9999 -9999 -9999 -9999 -9999 -9999 -9999 -9999 -9999 -9999 -9999 -9999 -9999 -9999 -9999 -9999 -9999 -9999 -9999 -9999 -9999 -9999 -9999 -9999 -9999 -9999 -9999 -9999 -9999 -9999 -9999 -9999 -9999 -9999 -9999 -9999 -9999 -9999 4.61591E-2 5.76331E-2 6.05559E-2 7.05633E-2
-9999 -9999 -9999 -9999 -9999 -9999 -9999 -9999 -9999 -9999 -9999 -9999 -9999 -9999 -9999 -9999 -9999 -9999 -9999 -9999 -9999 -9999 -9999 -9999 -9999 -9999 -9999 -9999 -9999 -9999 -9999 -9999 -9999 -9999 -9999 -9999 -9999 -9999 -9999 -9999 -9999 -9999 -9999 -9999 -9999 -9999 -9999 -9999 -9999 -9999 -9999 -9999 -9999 -9999 -9999 -9999 -9999 -9999 -9999 -9999 -9999 -9999 -9999 -9999 -9999 -9999 -9999 -9999 -9999 -9999
-9999 -9999 -9999 -9999 -9999 -9999 -9999 -9999 -9999 -9999 -9999 -9999 -9999 -9999 -9999 -9999 -9999 -9999 -9999 -9999 -9999 -9999 -9999 -9999 -9999 -9999 -9999 -9999 -9999 -9999 -9999 -9999 -9999 -9999 -9999 -9999 -9999 -9999 -9999 -9999 -9999 -9999 -9999 -9999 -9999 -9999 -9999 -9999 -9999 -9999 -9999 -9999 -9999 -9999 -9999 -9999 -9999 -9999 -9999 -9999 -9999 -9999 -9999 -9999 -9999 -9999 -9999 -9999 -9999 5.17555E-2
-9999 -9999 -9999 -9999 -9999 -9999 -9999 -9999 -9999 -9999 -9999 -9999 -9999 -9999 -9999 -9999 -9999 -9999 -9999 -9999 -9999 -9999 -9999 -9999 -9999 -9999 -9999 -9999 -9999 -9999 -9999 -9999 -9999 -9999 -9999 -9999 -9999 -9999 -9999 -9999 -9999 -9999 -9999 -9999 -9999 -9999 -9999 -9999 -9999 -9999 -9999 -9999 -9999 -9999 -9999 -9999 -9999 -9999 -9999 -9999 -9999 -9999 -9999 -9999 -9999 -9999 -9999 -9999 -9999 -9999
