KUENM_DEFAULT/Final_Models/M_1_F_lqpth_Set_1_NE/sp1_0_se_asia.asc
ncols         320
nrows         243
xllcorner     44.0
yllcorner     -0.666666666666667
cellsize      0.166666666666667
NODATA_value  -9999
[rows 0 to 30 of 243, columns 0 to 69 of 320]
-9999 -9999 -9999 5.1065E-3 -9999 -9999 -9999 -9999 -9999 -9999 -9999 -9999 -9999 -9999 -9999 -9999 -9999 -9999 -9999 -9999 -9999 -9999 -9999 -9999 -9999 -9999 -9999 -9999 -9999 -9999 -9999 -9999 -9999 -9999 -9999 -9999 -9999 -9999 -9999 -9999 -9999 -9999 -9999 -9999 -9999 -9999 -9999 -9999 -9999 -9999 -9999 -9999 -9999 -9999 -9999 -9999 -9999 -9999 -9999 -9999 -9999 -9999 -9999 -9999 -9999 -9999 -9999 -9999 -9999 -9999
-9999 -9999 -9999 6.09422E-3 5.41127E-3 -9999 -9999 -9999 -9999 -9999 -9999 -9999 -9999 -9999 -9999 -9999 -9999 -9999 -9999 -9999 -9999 -9999 2.97772E-2 2.72615E-2 2.80943E-2 -9999 -9999 -9999 -9999 -9999 -9999 -9999 -9999 -9999 -9999 -9999 -9999 -9999 -9999 -9999 -9999 -9999 -9999 -9999 -9999 -9999 -9999 -9999 -9999 -9999 -9999 -9999 -9999 -9999 -9999 -9999 -9999 -9999 -9999 -9999 -9999 -9999 -9999 -9999 -9999 -9999 -9999 -9999 -9999 -9999
-9999 -9999 6.21433E-3 6.42771E-3 6.36319E-3 5.27193E-3 -9999 -9999 -9999 -9999 -9999 -9999 -9999 -9999 -9999 -9999 -9999 -9999 -9999 -9999 3.51175E-2 2.29162E-2 2.28551E-2 2.34573E-2 2.36719E-2 2.54738E-2 -9999 -9999 -9999 -9999 -9999 -9999 -9999 -9999 -9999 -9999 -9999 -9999 -9999 -9999 -9999 -9999 -9999 -9999 -9999 -9999 -9999 -9999 -9999 -9999 -9999 -9999 -9999 -9999 -9999 -9999 -9999 -9999 -9999 -9999 -9999 -9999 -9999 -9999 -9999 -9999 -9999 -9999 -9999 -9999
6.94799E-3 6.81382E-3 7.19885E-3 7.62365E-3 5.51712E-3 5.64366E-3 5.90084E-3 -9999 -9999 -9999 -9999 -9999 -9999 -9999 -9999 -9999 -9999 -9999 3.68843E-2 2.46134E-2 2.52716E-2 2.59709E-2 2.56817E-2 2.79209E-2 3.20206E-2 -9999 -9999 -9999 -9999 -9999 -9999 -9999 -9999 -9999 -9999 -9999 -9999 -9999 -9999 -9999 -9999 -9999 -9999 -9999 -9999 -9999 -9999 -9999 -9999 -9999 -9999 -9999 -9999 -9999 -9999 -9999 -9999 -9999 -9999 -9999 -9999 -9999 -9999 -9999 -9999 -9999 -9999 -9999 -9999 -9999
-9999 5.99753E-3 7.49553E-3 7.05602E-3 7.90329E-3 6.10977E-3 5.94786E-3 6.66097E-3 -9999 -9999 -9999 -9999 -9999 -9999 -9999 -9999 -9999 2.32127E-2 2.27437E-2 2.31889E-2 2.53075E-2 2.75565E-2 2.62616E-2 2.89918E-2 3.40467E-2 4.21495E-2 -9999 -9999 -9999 -9999 -9999 -9999 -9999 -9999 -9999 -9999 -9999 -9999 -9999 -9999 -9999 -9999 -9999 -9999 -9999 -9999 -9999 -9999 -9999 -9999 -9999 -9999 -9999 -9999 -9999 -9999 -9999 -9999 -9999 -9999 -9999 -9999 -9999 -9999 -9999 -9999 -9999 -9999 -9999 -9999
-9999 6.33887E-3 6.41931E-3 6.54213E-3 8.37109E-3 7.29851E-3 6.40179E-3 8.2046E-3 9.38011E-3 8.73117E-3 9.27221E-3 -9999 -9999 -9999 -9999 -9999 1.8533E-2 1.67127E-2 1.67879E-2 1.48514E-2 2.0151E-2 2.08915E-2 1.50557E-2 1.28279E-2 -9999 -9999 -9999 -9999 -9999 -9999 -9999 -9999 -9999 -9999 -9999 -9999 -9999 -9999 -9999 -9999 -9999 -9999 -9999 -9999 -9999 -9999 -9999 -9999 -9999 -9999 -9999 -9999 -9999 -9999 -9999 -9999 -9999 -9999 -9999 -9999 -9999 -9999 -9999 -9999 -9999 -9999 -9999 -9999 -9999 -9999
-9999 -9999 5.51711E-3 6.95954E-3 7.23947E-3 8.80753E-3 7.43019E-3 6.97214E-3 8.86977E-3 1.09747E-2 8.98337E-3 9.77278E-3 1.35249E-2 1.5835E-2 1.28535E-2 1.24732E-2 1.00895E-2 8.85598E-3 1.22956E-2 1.10422E-2 1.74523E-2 1.73256E-2 1.24962E-2 1.28674E-2 7.94582E-3 -9999 -9999 -9999 -9999 -9999 -9999 -9999 -9999 -9999 -9999 -9999 -9999 -9999 -9999 -9999 -9999 -9999 -9999 -9999 -9999 -9999 -9999 -9999 -9999 -9999 -9999 -9999 -9999 -9999 -9999 -9999 -9999 -9999 -9999 -9999 -9999 -9999 -9999 -9999 -9999 -9999 -9999 -9999 -9999 -9999
-9999 -9999 5.7891E-3 5.63131E-3 9.22853E-3 8.47263E-3 7.55297E-3 7.62424E-3 8.6177E-3 1.01413E-2 1.17463E-2 7.65549E-3 7.23505E-3 1.16466E-2 1.08681E-2 1.05062E-2 1.02219E-2 1.05622E-2 1.03159E-2 1.12759E-2 1.60042E-2 2.17903E-2 1.87229E-2 1.65768E-2 1.04929E-2 7.55582E-3 6.14677E-3 -9999 -9999 -9999 -9999 -9999 -9999 -9999 -9999 -9999 -9999 -9999 -9999 -9999 -9999 -9999 -9999 -9999 -9999 -9999 -9999 -9999 -9999 -9999 -9999 -9999 -9999 -9999 -9999 -9999 -9999 -9999 -9999 -9999 -9999 -9999 -9999 -9999 -9999 -9999 -9999 -9999 -9999 -9999
-9999 -9999 6.79733E-3 6.64661E-3 9.70935E-3 1.29024E-2 1.11359E-2 8.94953E-3 1.04697E-2 1.08982E-2 1.12116E-2 1.10917E-2 9.34278E-3 8.32278E-3 7.26646E-3 8.38645E-3 9.45398E-3 1.09249E-2 1.09531E-2 1.17077E-2 1.55777E-2 1.57247E-2 9.19644E-3 6.27095E-3 7.97041E-3 8.57981E-3 8.53114E-3 -9999 3.81654E-2 -9999 -9999 -9999 -9999 -9999 -9999 -9999 -9999 -9999 -9999 -9999 -9999 -9999 -9999 -9999 -9999 -9999 -9999 -9999 -9999 -9999 -9999 -9999 -9999 -9999 -9999 -9999 -9999 -9999 -9999 -9999 -9999 -9999 -9999 -9999 -9999 -9999 -9999 -9999 -9999 -9999
-9999 -9999 6.31483E-3 8.86053E-3 1.36528E-2 1.47381E-2 1.42541E-2 1.18194E-2 1.14581E-2 8.65939E-3 8.95786E-3 1.10542E-2 1.18899E-2 1.18787E-2 9.99144E-3 1.02315E-2 1.00116E-2 1.1744E-2 8.58433E-3 6.3742E-3 5.75964E-3 4.95258E-3 3.12067E-3 3.28343E-3 5.54694E-3 8.00174E-3 9.90069E-3 1.07862E-2 5.55224E-2 -9999 -9999 -9999 -9999 -9999 -9999 -9999 -9999 -9999 -9999 -9999 -9999 -9999 -9999 -9999 -9999 -9999 -9999 -9999 -9999 -9999 -9999 -9999 -9999 -9999 -9999 -9999 -9999 -9999 -9999 -9999 -9999 -9999 -9999 -9999 -9999 -9999 -9999 -9999 -9999 -9999
-9999 -9999 7.35428E-3 1.24262E-2 1.25777E-2 1.27544E-2 1.37647E-2 1.56362E-2 1.31408E-2 1.22746E-2 1.175E-2 1.16198E-2 1.14229E-2 1.17076E-2 1.14124E-2 1.09811E-2 1.13875E-2 1.13011E-2 1.0955E-2 9.18041E-3 6.90905E-3 5.95614E-3 4.76673E-3 5.21804E-3 6.43972E-3 6.938E-3 8.54975E-3 4.41518E-3 4.73873E-2 -9999 -9999 -9999 -9999 -9999 -9999 -9999 -9999 -9999 -9999 -9999 -9999 -9999 -9999 -9999 -9999 -9999 -9999 -9999 -9999 -9999 -9999 -9999 -9999 -9999 -9999 -9999 -9999 -9999 -9999 -9999 -9999 -9999 -9999 -9999 -9999 -9999 -9999 -9999 -9999 7.977E-3
-9999 8.64726E-3 8.66182E-3 1.12414E-2 1.13132E-2 1.27068E-2 1.79943E-2 1.73317E-2 1.53355E-2 1.44635E-2 1.34971E-2 1.32652E-2 1.18317E-2 9.61265E-3 8.47846E-3 8.26278E-3 9.25145E-3 9.98795E-3 1.0061E-2 1.05697E-2 9.84549E-3 9.5137E-3 6.47118E-3 4.94769E-3 5.23267E-3 6.77365E-3 5.68379E-3 4.31913E-3 5.27679E-2 7.38925E-3 -9999 -9999 -9999 -9999 -9999 -9999 -9999 -9999 -9999 -9999 -9999 -9999 -9999 -9999 -9999 -9999 -9999 -9999 -9999 -9999 -9999 -9999 -9999 -9999 -9999 -9999 -9999 -9999 -9999 -9999 -9999 -9999 -9999 -9999 -9999 -9999 -9999 9.21683E-3 1.09393E-2 1.09399E-2
-9999 -9999 -9999 1.36673E-2 1.4636E-2 1.40587E-2 1.86228E-2 1.84905E-2 1.68756E-2 1.66816E-2 1.69815E-2 1.48752E-2 9.73693E-3 5.98512E-3 4.89031E-3 5.87713E-3 8.94411E-3 9.08183E-3 7.83933E-3 8.25508E-3 6.70946E-3 6.26243E-3 5.73295E-3 8.12915E-3 5.18235E-3 1.18986E-2 7.21161E-3 4.66689E-3 1.03949E-1 8.88062E-3 -9999 -9999 -9999 -9999 -9999 -9999 -9999 -9999 -9999 -9999 -9999 -9999 -9999 -9999 -9999 -9999 -9999 -9999 -9999 -9999 -9999 -9999 -9999 -9999 -9999 -9999 -9999 -9999 -9999 -9999 -9999 -9999 -9999 -9999 -9999 8.4892E-3 1.12768E-2 1.27045E-2 1.24626E-2 1.07533E-2
-9999 -9999 -9999 -9999 1.4439E-2 1.64668E-2 2.01911E-2 1.92652E-2 1.93415E-2 1.83047E-2 1.76086E-2 1.35853E-2 9.13511E-3 7.77955E-3 6.80765E-3 7.49002E-3 1.01209E-2 1.06546E-2 1.04818E-2 1.17705E-2 1.22552E-2 1.37376E-2 1.5992E-2 1.62227E-2 1.15015E-2 1.86527E-2 8.75659E-3 6.42035E-3 1.61559E-2 7.1798E-2 7.30188E-3 -9999 -9999 -9999 -9999 -9999 -9999 -9999 -9999 -9999 -9999 -9999 -9999 -9999 -9999 -9999 -9999 -9999 -9999 -9999 -9999 -9999 -9999 -9999 -9999 -9999 -9999 -9999 -9999 -9999 -9999 -9999 -9999 -9999 -9999 2.21139E-2 3.02638E-2 3.08896E-2 2.98352E-2 1.81035E-2
-9999 -9999 -9999 -9999 1.17323E-2 1.69566E-2 1.80903E-2 2.09897E-2 2.08591E-2 1.98368E-2 2.067E-2 1.97516E-2 1.67737E-2 1.38369E-2 1.1053E-2 1.06941E-2 1.23902E-2 1.38012E-2 1.37282E-2 1.21953E-2 1.34983E-2 2.03211E-2 2.78353E-2 1.94716E-2 1.37124E-2 2.51809E-2 1.51914E-2 4.47033E-3 9.67017E-3 6.46106E-2 1.11294E-2 6.30025E-3 4.99921E-3 5.40161E-3 6.23846E-3 7.1551E-3 -9999 -9999 -9999 -9999 -9999 -9999 -9999 -9999 -9999 -9999 -9999 -9999 -9999 -9999 -9999 -9999 -9999 -9999 -9999 -9999 -9999 -9999 -9999 -9999 -9999 -9999 -9999 3.30204E-2 3.7491E-2 4.72672E-2 6.12201E-2 6.34159E-2 5.63349E-2 2.7416E-2
-9999 -9999 -9999 -9999 -9999 1.99189E-2 1.48091E-2 1.65408E-2 2.23345E-2 2.29003E-2 2.32282E-2 2.27099E-2 2.14291E-2 1.58233E-2 1.38335E-2 1.3009E-2 1.13264E-2 1.27226E-2 1.26253E-2 1.31391E-2 1.56148E-2 1.8798E-2 2.70563E-2 2.35483E-2 1.54672E-2 2.21188E-2 3.95263E-2 2.16893E-2 1.54857E-2 1.40786E-2 8.0822E-2 9.02348E-3 7.69665E-3 7.50377E-3 8.00991E-3 8.4682E-3 8.88624E-3 8.92825E-3 -9999 -9999 -9999 -9999 -9999 -9999 -9999 -9999 -9999 -9999 -9999 -9999 -9999 -9999 -9999 -9999 -9999 -9999 -9999 -9999 -9999 -9999 4.03192E-2 5.50366E-2 6.36646E-2 7.02094E-2 7.57257E-2 7.92129E-2 8.46345E-2 8.06961E-2 5.378E-2 7.30546E-3
-9999 -9999 -9999 -9999 -9999 1.48285E-2 1.82561E-2 1.78231E-2 2.26524E-2 2.6189E-2 2.74143E-2 2.66436E-2 2.59987E-2 2.13936E-2 1.75229E-2 1.2207E-2 1.00259E-2 1.01498E-2 1.31163E-2 1.51994E-2 2.01173E-2 2.54332E-2 3.36746E-2 3.25483E-2 2.38671E-2 1.42143E-2 1.70872E-2 3.93713E-2 1.5204E-1 1.54647E-2 2.64179E-2 8.48387E-2 1.31047E-2 1.27264E-2 1.24282E-2 6.99154E-2 1.44183E-2 1.14015E-2 1.01627E-2 -9999 -9999 -9999 -9999 -9999 -9999 -9999 -9999 -9999 -9999 -9999 -9999 -9999 -9999 -9999 -9999 -9999 -9999 -9999 -9999 -9999 6.95004E-2 7.90296E-2 8.92097E-2 9.43479E-2 9.34958E-2 9.29021E-2 8.89739E-2 5.85492E-2 6.94378E-3 2.44963E-3
-9999 -9999 -9999 -9999 -9999 2.28546E-2 2.38729E-2 2.49158E-2 2.56301E-2 2.78963E-2 3.15089E-2 2.84399E-2 3.04088E-2 2.78082E-2 2.35022E-2 1.60335E-2 1.19105E-2 9.35899E-3 9.16456E-3 1.05152E-2 1.81153E-2 2.54651E-2 2.5794E-2 2.50043E-2 2.83775E-2 2.33299E-2 1.16663E-2 7.99007E-3 5.32471E-2 1.21266E-1 3.09655E-2 1.85119E-2 1.20555E-1 9.32235E-2 8.59809E-2 2.63959E-2 2.28051E-2 1.39462E-1 3.60148E-2 7.19418E-2 -9999 -9999 -9999 -9999 -9999 -9999 -9999 -9999 -9999 -9999 -9999 -9999 -9999 -9999 -9999 -9999 -9999 -9999 -9999 -9999 9.54992E-2 1.0871E-1 1.21971E-1 1.21163E-1 9.14555E-2 6.92636E-2 1.1222E-2 2.34292E-3 2.50843E-3 1.44082E-3
-9999 -9999 -9999 -9999 -9999 -9999 2.74717E-2 3.59087E-2 2.49481E-2 2.4893E-2 2.86373E-2 2.19267E-2 3.18387E-2 2.96521E-2 2.79775E-2 2.3193E-2 1.24169E-2 8.73104E-3 9.19383E-3 8.00924E-3 8.96669E-3 1.65501E-2 1.98283E-2 1.21179E-2 1.64431E-2 2.78943E-2 2.43956E-2 1.26952E-2 1.09195E-2 3.0148E-2 1.33702E-1 1.37428E-1 1.30361E-1 3.09766E-2 2.03733E-2 9.76994E-3 8.8733E-3 8.96139E-3 2.98707E-3 1.2818E-2 8.65867E-2 1.38909E-2 -9999 -9999 -9999 -9999 -9999 -9999 -9999 -9999 -9999 -9999 -9999 1.1059E-1 1.27075E-1 1.44429E-1 1.3974E-1 1.19547E-1 1.03103E-1 9.89702E-2 7.33727E-2 5.729E-2 4.40891E-2 1.93351E-2 2.97745E-3 1.14771E-3 1.26569E-3 9.72787E-4 1.31037E-3 2.24669E-3
-9999 -9999 -9999 -9999 -9999 -9999 2.36392E-2 7.42981E-2 3.00311E-2 3.24712E-2 3.1595E-2 2.67192E-2 3.59919E-2 3.37046E-2 2.47711E-2 2.72468E-2 1.66344E-2 1.26447E-2 1.58057E-2 1.0889E-2 1.06357E-2 2.06735E-2 2.71221E-2 1.94496E-2 1.47567E-2 1.77118E-2 1.88883E-2 2.14221E-2 1.74705E-2 1.08345E-2 1.13314E-2 2.22611E-2 1.38703E-1 1.19878E-1 4.38821E-2 2.8841E-2 2.68045E-2 1.36786E-2 2.15826E-3 1.52933E-3 8.59685E-3 1.77151E-2 4.42087E-2 1.55007E-1 8.62933E-2 8.18698E-2 7.73691E-2 6.99551E-2 7.5437E-2 8.05405E-2 8.58496E-2 9.29581E-2 1.02211E-1 1.12666E-1 1.21786E-1 1.32798E-1 1.11511E-1 5.46207E-2 1.19534E-2 3.33712E-3 1.20035E-3 8.59743E-4 5.74663E-4 5.23545E-4 5.23576E-4 7.57532E-4 1.1156E-3 1.32352E-3 2.23437E-3 3.25176E-3
-9999 -9999 -9999 -9999 -9999 -9999 3.64951E-2 3.84917E-2 4.93597E-2 6.47764E-2 4.9017E-2 5.23723E-2 4.21912E-2 3.29408E-2 3.12298E-2 3.08775E-2 2.41312E-2 2.02268E-2 2.04665E-2 1.12078E-2 1.03827E-2 1.70592E-2 2.06742E-2 2.58635E-2 1.95978E-2 2.51536E-2 1.94916E-2 1.45296E-2 1.70182E-2 1.7014E-2 8.76352E-3 1.20232E-2 2.05461E-2 2.01385E-2 1.06899E-2 9.49124E-3 6.96119E-3 1.46446E-2 1.27269E-2 4.7194E-3 1.47821E-3 1.02272E-3 1.3028E-3 2.31785E-2 2.18031E-2 6.63936E-3 6.70716E-3 2.99486E-2 1.14475E-1 9.98463E-2 9.88465E-2 1.06999E-1 1.11758E-1 1.16228E-1 1.2515E-1 1.09998E-1 5.08345E-2 7.72235E-3 2.06824E-3 8.57309E-4 7.77236E-4 7.13777E-4 5.20097E-4 5.90394E-4 7.49914E-4 1.08068E-3 1.27687E-3 1.23971E-3 1.75459E-3 2.39576E-3
-9999 -9999 -9999 -9999 -9999 -9999 -9999 -9999 5.25144E-2 6.23438E-2 4.61057E-2 7.9028E-2 4.42161E-2 3.83322E-2 4.31554E-2 3.69785E-2 2.209E-2 1.69579E-2 1.69565E-2 1.86333E-2 1.86371E-2 2.17768E-2 2.7589E-2 3.22423E-2 3.20805E-2 2.1383E-2 2.07473E-2 2.08305E-2 1.59448E-2 1.06293E-2 1.72642E-2 1.24115E-2 9.82824E-3 1.43583E-2 2.36713E-2 2.60672E-2 2.35192E-2 1.38569E-2 4.44237E-3 2.48171E-3 1.44324E-3 1.11992E-3 1.11205E-3 1.91538E-3 8.1053E-4 8.73196E-4 1.14415E-3 8.60176E-4 1.44222E-3 5.75877E-3 7.25685E-2 1.07793E-1 2.04348E-1 1.15889E-1 6.03801E-2 5.73757E-2 2.62393E-2 3.01487E-3 1.34902E-3 7.07518E-4 1.08628E-3 1.74509E-3 2.60856E-3 2.79019E-3 2.50499E-3 1.55011E-3 1.02128E-3 9.42098E-4 9.6217E-4 9.85843E-4
-9999 -9999 -9999 -9999 -9999 -9999 -9999 -9999 2.83643E-2 3.84799E-2 5.43205E-2 2.55245E-2 3.75545E-2 4.65253E-2 4.61159E-2 3.32925E-2 2.51193E-2 2.04866E-2 2.22366E-2 2.40902E-2 2.5283E-2 2.54055E-2 2.97407E-2 3.11849E-2 3.40197E-2 3.02926E-2 1.84957E-2 1.72617E-2 1.91665E-2 1.21375E-2 1.07991E-2 1.68562E-2 1.92346E-2 1.659E-2 2.74866E-2 2.77015E-2 2.62007E-2 2.52657E-2 1.79746E-2 6.31439E-3 2.42334E-3 1.3521E-3 5.77522E-4 8.73934E-4 3.23488E-4 3.35678E-4 3.23452E-4 5.48613E-4 5.50448E-4 2.51756E-3 1.05969E-3 8.15603E-4 1.58194E-3 4.72976E-3 8.61127E-3 3.85194E-3 1.31095E-3 8.69912E-4 7.0828E-4 8.33759E-4 2.09469E-3 3.9575E-3 4.21323E-3 3.85459E-3 3.19387E-3 2.54337E-3 1.78847E-3 1.48102E-3 1.11727E-3 1.13349E-3
-9999 -9999 -9999 -9999 -9999 -9999 -9999 -9999 -9999 -9999 2.81122E-2 2.79822E-2 2.31227E-2 4.38246E-2 2.87148E-2 3.54489E-2 2.63643E-2 3.01028E-2 2.81472E-2 2.86019E-2 2.73138E-2 2.35956E-2 2.71672E-2 3.09648E-2 3.00403E-2 3.03989E-2 2.38073E-2 1.75675E-2 2.07113E-2 1.89349E-2 1.08105E-2 9.74109E-3 1.67232E-2 2.14631E-2 2.37852E-2 2.50667E-2 2.2278E-2 2.29299E-2 2.21901E-2 1.87756E-2 1.13283E-2 4.88139E-3 1.61922E-3 4.77054E-4 4.36006E-4 4.34569E-4 3.06692E-4 3.17545E-4 3.04887E-4 7.18034E-4 2.27973E-4 2.18262E-4 4.5411E-4 6.13353E-4 8.56219E-4 4.64316E-4 4.05338E-4 5.35149E-4 7.25262E-4 1.2717E-3 2.12082E-3 3.07359E-3 3.60809E-3 3.22714E-3 2.95456E-3 2.60475E-3 2.37378E-3 2.00531E-3 1.4879E-3 1.575E-3
-9999 -9999 -9999 -9999 -9999 -9999 -9999 -9999 -9999 -9999 -9999 -9999 -9999 -9999 3.74953E-2 1.50768E-2 1.78939E-2 3.05043E-2 2.94565E-2 2.48114E-2 2.92885E-2 2.7092E-2 2.39667E-2 2.61481E-2 2.51842E-2 2.67947E-2 2.36142E-2 2.02767E-2 1.59124E-2 1.15685E-2 1.46633E-2 1.49749E-2 1.22388E-2 8.7984E-3 1.10674E-2 1.37477E-2 1.46601E-2 1.42222E-2 1.34877E-2 1.09368E-2 1.07501E-2 9.27882E-3 4.97711E-3 3.79222E-3 3.72898E-3 2.04932E-3 1.35509E-3 8.07906E-4 3.72717E-4 2.48086E-4 2.82885E-4 5.96072E-4 6.36549E-4 4.64303E-4 4.10204E-4 4.91654E-4 6.59564E-4 6.90314E-4 6.58509E-4 7.30943E-4 9.92349E-4 2.09727E-3 2.49311E-3 2.74808E-3 2.05228E-3 2.19475E-3 1.70043E-3 1.43781E-3 1.15927E-3 1.55531E-3
-9999 -9999 -9999 -9999 -9999 -9999 -9999 -9999 -9999 -9999 -9999 -9999 2.52684E-2 3.0938E-2 3.20196E-2 4.97371E-2 2.04669E-2 1.73586E-2 2.1368E-2 3.07471E-2 2.71152E-2 2.91105E-2 3.22871E-2 2.82288E-2 2.52788E-2 2.37681E-2 2.34466E-2 1.64505E-2 1.63774E-2 1.21723E-2 4.42823E-3 4.48639E-3 3.72479E-3 3.51367E-3 3.54477E-3 3.01449E-3 2.95081E-3 5.21531E-3 4.37744E-3 5.7393E-3 7.56775E-3 7.60223E-3 7.24044E-3 6.39356E-3 5.26785E-3 2.75711E-3 2.00599E-3 1.02364E-3 4.06779E-4 3.83006E-4 4.15426E-4 6.68071E-4 2.2719E-4 2.57974E-4 6.4243E-4 1.07347E-3 1.65911E-3 1.53243E-3 9.64783E-4 8.57275E-4 1.01534E-3 1.60814E-3 1.76526E-3 1.60229E-3 1.6347E-3 1.97972E-3 1.6652E-3 1.32821E-3 1.74157E-3 2.49014E-3
-9999 -9999 -9999 -9999 -9999 -9999 -9999 -9999 -9999 -9999 -9999 -9999 2.65739E-2 3.38228E-2 2.85006E-2 3.94394E-2 3.19876E-2 2.89367E-2 2.29964E-2 1.89261E-2 3.41237E-2 3.40533E-2 3.34545E-2 2.59686E-2 2.3238E-2 2.35575E-2 2.20474E-2 2.36542E-2 2.13009E-2 1.59858E-2 1.28869E-2 4.14856E-3 2.73828E-3 2.241E-3 2.17025E-3 2.46212E-3 2.73692E-3 5.56817E-3 4.88645E-3 4.24934E-3 4.74732E-3 5.51467E-3 5.36256E-3 4.51403E-3 4.1507E-3 3.42352E-3 1.42778E-3 1.12895E-3 8.95928E-4 5.67465E-4 9.29923E-4 3.74624E-4 6.41578E-4 7.37996E-4 1.21488E-3 1.81009E-3 2.22643E-3 1.95737E-3 1.49866E-3 1.13586E-3 8.84375E-4 1.08459E-3 9.33668E-4 7.57104E-4 1.05059E-3 2.37407E-3 3.49287E-3 2.67469E-3 2.96488E-3 3.42124E-3
-9999 -9999 -9999 -9999 -9999 -9999 -9999 -9999 -9999 -9999 -9999 -9999 -9999 2.91667E-2 3.69254E-2 3.88521E-2 2.36234E-2 3.14965E-2 2.46563E-2 1.81118E-2 2.03391E-2 3.37279E-2 3.1152E-2 3.08834E-2 2.22616E-2 1.97344E-2 2.36243E-2 2.56244E-2 2.21048E-2 2.17175E-2 1.54791E-2 6.58869E-3 4.27553E-3 3.27128E-3 1.89842E-3 1.98799E-3 1.66053E-3 2.05429E-3 4.34169E-3 3.72737E-3 1.78448E-3 1.45553E-3 3.34826E-3 3.44748E-3 2.02695E-3 1.75658E-3 1.56179E-3 1.15707E-3 1.0455E-3 1.01869E-3 1.90344E-3 2.79857E-3 3.01861E-3 2.86227E-3 2.65269E-3 2.64084E-3 2.84015E-3 2.63447E-3 2.51242E-3 2.27733E-3 1.86154E-3 1.91376E-3 1.30719E-3 2.00946E-3 2.61672E-3 3.10322E-3 3.26829E-3 3.20184E-3 3.19167E-3 3.13426E-3
-9999 -9999 -9999 -9999 -9999 -9999 -9999 -9999 -9999 -9999 -9999 8.96252E-2 5.54238E-2 4.56196E-2 3.09182E-2 4.16619E-2 3.3351E-2 3.79995E-2 2.51355E-2 1.93133E-2 1.85748E-2 1.45748E-2 1.14293E-2 2.8415E-2 2.8216E-2 2.18764E-2 2.30276E-2 2.74772E-2 2.63095E-2 2.61209E-2 2.09894E-2 1.48179E-2 1.13399E-2 8.67251E-3 3.03468E-3 6.2756E-3 4.97263E-3 4.62712E-3 5.44438E-3 3.89969E-3 3.51508E-3 3.46843E-3 3.46355E-3 1.80631E-3 1.76317E-3 1.64238E-3 1.5204E-3 1.37534E-3 1.33854E-3 1.42046E-3 2.40551E-3 2.9243E-3 2.60662E-3 2.40996E-3 2.90457E-3 2.74212E-3 2.32936E-3 2.08492E-3 2.27719E-3 2.1596E-3 2.00399E-3 2.84775E-3 2.85812E-3 3.09044E-3 2.97359E-3 2.88997E-3 2.88963E-3 3.02509E-3 2.9972E-3 2.98005E-3
-9999 -9999 -9999 -9999 -9999 -9999 -9999 -9999 -9999 -9999 -9999 1.0027E-1 6.04142E-2 4.04805E-2 3.99156E-2 4.65514E-2 3.61908E-2 2.87453E-2 2.59963E-2 2.46721E-2 2.36258E-2 1.98728E-2 1.60026E-2 1.34138E-2 2.46823E-2 2.52256E-2 3.0738E-2 2.77402E-2 2.00884E-2 2.39259E-2 1.83695E-2 5.50127E-3 9.58688E-3 8.82214E-3 8.25077E-3 2.91751E-3 6.31619E-3 6.52933E-3 6.1894E-3 4.92135E-3 1.81091E-3 1.67763E-3 1.72575E-3 1.67058E-3 1.59781E-3 1.72742E-3 1.22182E-3 9.5179E-4 1.39839E-3 1.42724E-3 1.33591E-3 2.87304E-3 2.60019E-3 2.02185E-3 1.84786E-3 1.5836E-3 1.35324E-3 1.62962E-3 1.85118E-3 2.27274E-3 2.40569E-3 2.77655E-3 2.72154E-3 2.83904E-3 2.60949E-3 2.55378E-3 2.54332E-3 2.67776E-3 2.6753E-3 2.67284E-3
-9999 -9999 -9999 -9999 -9999 -9999 -9999 -9999 -9999 -9999 1.86676E-1 1.29307E-1 7.85136E-2 4.62952E-2 5.49422E-2 8.22568E-2 3.7474E-2 4.18047E-2 2.55717E-2 1.92263E-2 2.25663E-2 1.97586E-2 1.72469E-2 3.32096E-2 4.22442E-2 2.00944E-2 7.82468E-3 1.90968E-2 1.72286E-2 1.64261E-2 1.94181E-2 1.13686E-2 8.32439E-3 7.92636E-3 2.37265E-3 2.20313E-3 1.44108E-3 1.83344E-3 2.38083E-3 2.0536E-3 1.56469E-3 1.31293E-3 1.32355E-3 1.46073E-3 1.7166E-3 1.65831E-3 1.38578E-3 1.50469E-3 1.06968E-3 7.55111E-4 1.17535E-3 1.27667E-3 1.17468E-3 1.30155E-3 2.35238E-3 2.32568E-3 2.37482E-3 2.42069E-3 2.40893E-3 2.58477E-3 2.46801E-3 2.53261E-3 2.42792E-3 2.42022E-3 2.42275E-3 2.29528E-3 2.35235E-3 2.39709E-3 2.28283E-3 2.36973E-3
