KUENM_DEFAULT/Final_Models/M_1_F_lqpth_Set_1_NE/sp1_7.asc
ncols         197
nrows         210
xllcorner     56.1666666666667
yllcorner     4.5
cellsize      0.166666666666667
NODATA_value  -9999
[rows 28 to 55 of 210, columns 65 to 129 of 197]
8.86197E-4 9.74777E-4 1.49076E-3 1.31297E-3 3.19655E-3 2.42494E-3 2.25029E-3 1.92388E-3 3.36669E-3 3.91586E-3 1.96931E-3 1.31946E-3 3.07174E-2 3.76644E-2 1.53613E-2 5.47571E-2 5.06087E-2 2.01955E-2 9.17607E-2 1.12107E-1 4.0433E-2 1.28378E-2 1.91649E-2 6.22223E-2 9.95845E-2 5.05565E-2 1.18638E-1 1.27848E-1 1.29447E-1 1.10168E-2 1.38081E-2 1.41028E-2 1.02621E-2 5.16873E-3 9.76361E-3 9.41164E-3 1.97113E-3 4.59894E-4 2.36501E-3 4.11554E-3 9.48302E-4 1.78882E-3 3.62056E-3 3.68193E-3 3.32249E-3 1.56617E-3 1.23225E-3 7.32759E-4 4.80249E-4 3.09141E-4 1.51211E-4 6.68834E-5 2.91599E-5 1.0592E-5 2.22516E-5 4.43178E-5 5.66975E-6 3.3132E-6 6.69844E-6 1.44891E-5 1.79616E-5 2.0796E-5 1.02217E-5 2.50036E-5 2.97766E-6
8.96898E-4 1.08165E-3 1.37916E-3 1.28989E-3 1.50129E-3 1.20468E-3 1.74808E-3 2.35926E-3 1.2555E-3 1.16508E-3 1.60482E-3 4.73008E-3 1.95443E-2 2.9281E-2 2.83214E-2 5.46732E-2 9.67872E-2 1.14878E-1 1.64951E-1 1.85696E-1 1.64609E-1 1.96289E-1 1.37621E-1 1.37707E-1 6.43434E-2 1.8774E-1 1.87371E-1 1.18247E-1 1.52862E-1 1.74913E-1 1.7535E-1 1.16562E-2 1.30498E-2 1.13931E-2 1.11891E-2 2.05633E-3 5.89793E-3 2.18151E-3 1.55758E-3 4.30536E-4 3.03968E-3 7.10969E-3 5.29322E-3 1.1781E-2 7.26957E-3 1.46685E-3 1.15124E-3 9.88489E-4 8.90152E-4 3.93759E-4 1.32901E-4 1.18455E-4 8.68843E-5 1.14083E-4 2.05485E-4 3.47935E-5 3.89561E-5 6.1269E-5 7.60919E-6 5.59904E-6 5.0078E-6 7.95597E-6 3.50033E-5 8.71004E-5 8.47959E-6
6.20496E-4 6.93822E-4 9.80532E-4 1.03125E-3 7.89079E-4 1.30612E-3 2.0288E-3 2.98151E-3 2.60464E-3 4.72056E-3 5.89099E-3 6.29676E-3 1.32397E-2 1.83128E-2 1.84237E-2 2.34718E-2 4.21639E-2 6.80673E-2 1.10976E-1 1.92711E-1 1.16185E-1 1.46108E-1 2.09105E-1 1.83238E-1 1.58521E-1 2.03249E-1 2.28825E-1 2.16164E-1 2.44973E-1 2.14042E-1 2.04105E-1 1.71112E-1 1.43778E-1 1.73825E-2 1.26563E-2 8.91485E-3 8.57771E-3 8.3554E-3 8.06455E-3 2.35462E-3 1.92974E-2 4.89376E-4 9.38634E-3 4.74737E-2 3.82854E-2 3.1861E-2 3.18105E-3 6.16504E-4 5.02006E-4 3.72952E-4 2.23757E-4 2.7427E-4 3.04392E-4 1.71902E-4 1.31258E-4 4.67997E-5 3.3451E-5 8.0214E-5 6.91986E-5 1.47782E-5 6.50346E-6 4.9034E-6 6.29022E-6 8.02531E-6 4.27624E-5
5.81895E-4 5.57451E-4 6.27348E-4 1.57433E-3 1.86859E-3 1.89186E-3 2.50361E-3 2.65021E-3 3.35632E-3 5.48169E-3 4.61106E-3 5.84655E-3 6.94474E-3 1.36574E-2 5.0986E-3 5.3643E-3 1.83823E-2 3.76879E-2 1.14195E-1 1.4234E-1 1.78153E-1 2.02852E-1 1.70756E-1 2.49933E-1 2.33762E-1 2.32618E-1 2.72869E-1 3.16302E-1 2.91062E-1 2.6595E-1 2.51243E-1 2.15159E-1 1.87123E-1 1.66742E-1 1.30166E-2 1.49624E-2 1.12297E-2 7.21909E-3 5.98015E-3 9.38163E-3 1.58275E-3 5.42354E-4 2.8874E-4 1.39497E-2 5.48135E-2 6.30063E-2 2.9488E-2 4.44139E-3 9.07499E-4 6.22403E-4 3.97168E-4 2.4919E-4 6.92707E-5 2.43659E-4 3.10727E-5 1.62226E-5 1.20906E-5 1.43725E-5 4.50903E-5 6.27414E-5 6.44269E-5 9.59488E-5 2.95905E-5 1.68364E-5 1.35138E-5
5.15978E-4 5.13189E-4 8.36196E-4 9.75794E-4 1.81108E-3 1.75297E-3 1.92223E-3 2.67501E-3 3.69586E-3 4.67782E-3 5.08899E-3 5.01986E-3 6.19177E-3 1.21838E-2 2.4799E-3 5.13861E-3 3.3536E-3 1.00446E-3 5.65355E-3 2.5273E-2 5.44385E-2 9.42586E-2 1.4797E-1 1.51279E-1 1.56306E-1 1.66371E-1 3.30883E-1 3.39825E-1 3.12037E-1 2.58295E-1 2.50992E-1 2.59563E-1 2.25745E-1 2.22671E-1 1.772E-1 1.76087E-1 1.13176E-2 7.19477E-3 1.63788E-3 9.91234E-2 2.37615E-2 1.28796E-2 1.28209E-2 5.46347E-4 1.05647E-2 5.30505E-2 6.55468E-2 3.142E-2 1.77981E-3 7.44771E-4 6.27494E-4 4.01116E-4 1.26748E-4 3.23845E-4 1.41988E-5 1.29076E-5 8.52785E-6 5.90505E-6 9.47001E-6 2.44082E-5 1.68008E-5 6.90018E-5 6.07425E-5 2.34825E-4 4.65461E-5
5.01457E-4 5.75521E-4 1.21239E-3 1.33608E-3 1.52387E-3 2.30663E-3 2.70264E-3 3.30697E-3 3.30432E-3 4.33859E-3 5.03987E-3 3.86525E-3 1.02802E-2 9.72115E-3 4.03207E-3 6.8487E-3 1.37949E-2 2.96998E-2 3.82599E-2 1.43542E-2 9.09661E-3 1.54412E-2 4.08824E-2 7.55599E-2 1.46746E-1 1.92014E-1 3.1238E-1 3.49811E-1 3.20214E-1 2.83366E-1 2.75201E-1 2.69341E-1 2.7411E-1 2.23737E-1 1.8494E-1 1.66472E-1 1.1476E-2 1.03965E-2 3.15298E-3 1.39119E-1 1.22475E-1 1.62512E-2 1.40272E-2 5.87466E-4 1.00913E-3 8.4646E-4 3.96133E-2 6.64704E-2 3.55468E-2 6.73058E-4 6.62053E-4 9.04874E-4 3.6143E-4 1.4038E-4 7.83328E-5 1.55762E-5 1.15177E-5 1.07716E-5 2.98434E-5 4.36302E-5 6.98812E-5 9.21563E-5 2.79661E-5 2.56066E-5 1.94223E-4
6.69428E-4 9.42803E-4 8.14507E-4 1.20263E-3 1.6715E-3 2.1668E-3 2.61411E-3 2.1975E-3 2.64034E-3 4.54772E-3 4.52362E-3 5.88528E-3 8.79468E-3 8.29701E-3 9.21701E-3 1.17244E-2 3.6526E-2 4.59948E-2 8.6887E-2 1.13133E-1 8.25763E-2 4.19184E-2 5.06459E-2 5.74538E-2 1.06414E-1 1.75608E-1 2.099E-1 2.74562E-1 2.17683E-1 2.63502E-1 2.8839E-1 2.73232E-1 2.84663E-1 2.23835E-1 2.21899E-1 1.81131E-1 1.88771E-2 2.18428E-2 1.58301E-2 1.48197E-1 1.15083E-1 1.64591E-1 1.61207E-1 2.71517E-2 2.0616E-4 1.40508E-4 1.02699E-3 5.01259E-2 6.7759E-2 5.06408E-2 2.18423E-3 1.10905E-3 1.11729E-3 6.28513E-4 1.00878E-4 1.74436E-5 2.8726E-5 2.04371E-5 2.347E-5 1.14785E-4 1.95823E-5 3.68176E-5 2.12502E-5 1.38093E-5 6.54419E-5
9.14422E-4 6.15471E-4 1.19164E-3 1.14267E-3 1.80094E-3 2.24384E-3 3.15759E-3 2.16784E-3 2.70871E-3 3.59599E-3 5.40729E-3 9.24736E-3 1.21656E-2 1.49992E-2 8.39172E-3 8.49624E-3 4.07817E-2 1.20531E-1 1.53022E-1 1.77223E-1 1.57141E-1 1.03683E-1 1.15384E-1 1.20404E-1 2.11666E-1 2.50067E-1 2.95892E-1 2.80842E-1 2.84463E-1 3.35147E-1 3.06821E-1 2.82756E-1 2.9343E-1 2.83473E-1 2.19673E-1 1.81814E-1 2.01837E-2 2.30032E-2 2.57779E-2 2.25475E-2 1.71621E-1 1.9907E-1 2.01571E-1 1.02135E-1 9.33284E-4 8.78416E-4 2.11892E-4 8.71469E-4 1.59593E-3 1.85901E-3 4.10597E-4 1.39118E-3 2.82564E-3 1.19756E-3 4.26567E-4 1.51265E-4 2.9831E-5 2.68207E-5 5.96527E-5 2.11457E-4 7.00601E-5 2.44913E-5 4.01656E-5 1.86859E-5 3.03543E-5
5.90216E-4 1.22073E-3 1.38473E-3 1.37932E-3 1.76381E-3 1.96248E-3 2.72092E-3 1.94711E-3 2.74378E-3 3.13825E-3 4.32551E-3 8.78956E-3 1.52072E-2 7.75004E-3 1.7244E-2 2.2961E-2 7.59794E-2 1.37491E-1 1.84841E-1 1.78775E-1 2.05859E-1 2.09449E-1 2.04643E-1 2.05459E-1 2.33606E-1 2.90857E-1 3.45023E-1 3.47278E-1 3.53151E-1 3.45696E-1 3.2049E-1 2.96854E-1 3.5837E-1 2.88742E-1 2.62671E-1 2.14308E-1 1.90733E-1 2.04406E-1 2.15655E-1 3.12398E-2 3.18749E-2 2.27016E-2 1.80642E-1 1.52686E-1 1.00487E-1 6.75391E-4 1.17169E-3 4.64199E-4 3.75091E-4 9.9578E-4 2.18446E-3 8.75272E-4 1.57347E-3 4.78692E-3 1.19119E-3 1.1229E-3 7.55067E-4 3.10153E-5 2.97254E-5 6.16461E-4 4.4311E-5 5.96785E-5 4.04017E-5 3.89695E-5 3.28351E-5
7.59255E-4 1.19274E-3 7.70265E-4 1.50287E-3 1.77232E-3 1.07048E-3 5.44528E-4 7.71859E-4 1.0716E-3 3.26707E-3 6.48916E-3 9.54023E-3 9.97672E-3 7.35949E-3 1.93416E-2 4.61545E-2 1.0071E-1 1.35389E-1 1.48706E-1 2.00271E-1 2.39743E-1 2.67402E-1 2.26761E-1 2.54315E-1 2.77417E-1 2.83531E-1 3.0062E-1 3.23322E-1 3.54263E-1 3.31316E-1 3.19995E-1 3.72652E-1 3.57364E-1 3.61534E-1 3.01453E-1 2.8235E-1 2.36293E-1 2.43864E-1 2.38973E-1 3.18821E-2 3.05604E-2 2.78154E-2 1.92064E-1 1.94888E-1 1.77856E-1 1.12987E-1 1.29774E-2 3.14061E-3 8.59487E-3 7.76603E-3 9.57729E-4 6.48893E-4 1.71351E-3 3.74356E-3 2.61604E-3 2.77571E-3 7.21716E-4 3.62622E-4 8.68035E-5 1.27381E-4 3.78588E-4 1.31212E-4 1.19694E-4 8.53304E-5 7.06421E-5
1.24949E-3 1.21666E-3 6.86581E-4 8.17222E-4 7.84937E-4 3.86306E-4 5.24899E-4 7.21261E-4 2.43446E-3 5.27256E-3 7.30215E-3 8.8274E-3 9.56826E-3 1.28132E-2 1.89625E-2 3.30699E-2 6.00548E-2 1.25593E-1 1.84328E-1 2.42825E-1 2.9697E-1 3.31128E-1 3.36705E-1 3.50835E-1 3.08449E-1 2.2675E-1 2.26131E-1 3.05532E-1 4.24617E-1 4.07705E-1 3.90026E-1 3.71802E-1 3.61897E-1 3.58155E-1 3.70091E-1 3.12218E-1 3.01529E-1 2.92149E-1 2.5699E-1 2.35503E-1 3.16742E-2 3.06599E-2 2.80399E-2 2.90843E-2 2.41052E-2 2.37969E-2 1.7953E-2 1.16028E-2 1.00515E-2 2.83019E-3 2.97629E-3 2.70228E-3 2.13064E-3 1.38475E-3 2.52475E-3 2.05879E-3 3.3165E-3 9.57048E-4 5.05683E-4 1.26235E-4 1.30098E-4 3.99254E-4 2.69522E-4 3.00681E-4 8.29132E-5
7.6372E-4 6.99589E-4 7.36529E-4 7.61695E-4 3.25895E-4 3.57876E-4 5.08105E-4 7.40954E-4 3.67482E-3 5.2736E-3 8.24136E-3 9.7274E-3 1.35678E-2 2.05619E-2 3.80543E-2 6.26464E-2 1.00378E-1 1.32131E-1 2.08249E-1 2.72039E-1 3.43891E-1 3.90862E-1 4.06549E-1 3.83492E-1 3.07271E-1 4.34172E-1 4.47298E-1 4.21746E-1 4.06188E-1 3.86253E-1 3.79757E-1 3.72067E-1 3.61639E-1 3.57442E-1 3.611E-1 3.70353E-1 3.77995E-1 3.22972E-1 3.01911E-1 2.53806E-1 2.44967E-1 2.38555E-1 3.20738E-2 2.75073E-2 2.15242E-2 1.55249E-2 1.45549E-2 1.16363E-2 9.10728E-3 6.82312E-3 1.53022E-3 4.08083E-4 5.33041E-4 5.11973E-4 5.86666E-4 4.3406E-4 2.69593E-3 1.58889E-3 6.96556E-4 6.78484E-4 2.34216E-4 3.9173E-4 4.87716E-4 6.59244E-4 2.9985E-4
9.02515E-4 3.94568E-4 8.24596E-4 3.53833E-4 3.48955E-4 4.03081E-4 5.63149E-4 7.80986E-4 1.76674E-3 5.65846E-3 8.3982E-3 1.25076E-2 1.52193E-2 2.76075E-2 2.68341E-2 3.65659E-2 3.18431E-2 7.69845E-2 1.54202E-1 2.2722E-1 3.36543E-1 3.94009E-1 4.09199E-1 4.61644E-1 4.20393E-1 4.36637E-1 4.11526E-1 3.96175E-1 3.76909E-1 3.76725E-1 3.71977E-1 3.55951E-1 3.45243E-1 3.35496E-1 3.4077E-1 3.51131E-1 3.70808E-1 4.01756E-1 3.41018E-1 3.19671E-1 2.82699E-1 2.75198E-1 2.56121E-1 2.34758E-1 2.76237E-2 3.85268E-2 2.95134E-2 1.44833E-2 9.3997E-3 6.4044E-3 2.51237E-3 1.16666E-3 6.70046E-4 6.49718E-4 9.65083E-4 5.92499E-4 2.06544E-3 1.7781E-3 2.27461E-3 6.51833E-4 6.74719E-4 8.90033E-4 7.50429E-4 4.98748E-4 4.96838E-4
1.34301E-3 1.0624E-3 4.71851E-4 4.63326E-4 4.44167E-4 5.41005E-4 6.88498E-4 9.13649E-4 4.36946E-3 6.27982E-3 7.78505E-3 1.24886E-2 1.93418E-2 2.73917E-2 2.08758E-2 2.33846E-2 4.56305E-2 9.36188E-2 1.51774E-1 1.77318E-1 3.21935E-1 4.52187E-1 4.64275E-1 4.55704E-1 4.34971E-1 4.08659E-1 3.84416E-1 3.65019E-1 3.70293E-1 3.44637E-1 3.10043E-1 3.0212E-1 3.53112E-1 3.65828E-1 3.69692E-1 3.73073E-1 3.83484E-1 3.95184E-1 4.14046E-1 3.61025E-1 3.56004E-1 3.53218E-1 3.12212E-1 2.81509E-1 2.4614E-1 2.31325E-1 2.6453E-2 2.09271E-2 1.46935E-2 9.65882E-3 6.27521E-3 4.85578E-3 3.92481E-3 1.18913E-3 6.18E-4 4.00009E-4 2.70774E-4 1.5659E-3 1.61769E-3 2.12301E-3 2.23498E-3 1.24247E-3 8.61395E-4 9.94879E-4 6.87508E-4
2.66071E-3 2.99524E-3 6.37767E-4 1.2263E-3 6.07996E-4 7.06947E-4 8.54578E-4 1.60973E-3 4.96016E-3 5.48968E-3 8.13726E-3 1.48319E-2 2.27367E-2 2.77945E-2 3.61821E-2 5.75227E-2 7.74856E-2 1.35413E-1 2.36432E-1 2.9582E-1 3.32972E-1 3.66187E-1 4.43997E-1 4.02575E-1 3.86357E-1 3.91426E-1 3.77008E-1 3.6497E-1 3.64848E-1 3.7405E-1 3.66941E-1 3.79414E-1 3.80834E-1 3.7741E-1 3.75488E-1 3.77749E-1 3.87921E-1 3.99948E-1 4.10274E-1 4.14987E-1 4.37969E-1 4.44843E-1 3.82763E-1 3.67227E-1 3.04625E-1 3.04168E-1 2.66663E-1 3.04805E-2 2.32493E-2 1.78434E-2 2.06265E-2 1.41603E-2 1.04074E-2 2.36737E-3 2.53769E-4 2.527E-4 3.08003E-4 3.24645E-4 1.69323E-3 1.78903E-3 2.4277E-3 2.07251E-3 5.78609E-4 1.95403E-3 1.46257E-3
4.77341E-3 3.8647E-3 1.69022E-3 7.86232E-4 7.93018E-4 8.91949E-4 3.5422E-3 4.52179E-3 5.94E-3 6.6458E-3 9.61119E-3 1.57182E-2 2.75957E-2 3.97754E-2 6.40978E-2 9.65191E-2 1.17653E-1 1.69095E-1 2.50655E-1 2.20436E-1 2.8084E-1 3.04311E-1 3.52519E-1 4.08989E-1 3.92628E-1 3.38054E-1 3.73055E-1 3.7239E-1 3.76541E-1 3.86761E-1 3.88525E-1 3.91621E-1 3.85898E-1 3.73715E-1 3.66635E-1 3.77296E-1 3.86473E-1 4.06126E-1 4.19586E-1 4.31262E-1 4.38236E-1 4.40047E-1 4.60206E-1 3.92487E-1 3.7496E-1 3.60661E-1 3.00225E-1 3.9003E-1 3.54529E-1 4.68593E-2 3.47413E-2 2.06894E-2 1.17203E-2 6.09118E-3 1.50192E-3 2.49401E-4 2.21028E-4 3.01749E-4 2.57226E-4 1.56539E-3 1.84641E-3 3.67861E-4 1.40102E-3 9.00688E-4 7.95195E-4
5.82363E-3 4.06265E-3 2.28625E-3 2.26647E-3 2.27535E-3 3.79822E-3 4.57687E-3 5.58517E-3 5.42819E-3 7.55369E-3 1.13034E-2 1.56206E-2 3.03293E-2 4.64443E-2 6.88004E-2 9.75602E-2 1.3235E-1 1.68822E-1 1.77137E-1 2.22809E-1 2.42042E-1 2.56767E-1 2.88504E-1 2.9303E-1 2.82265E-1 2.82858E-1 2.84622E-1 2.94813E-1 3.14176E-1 3.77301E-1 3.85179E-1 3.86864E-1 3.78531E-1 3.6128E-1 3.60487E-1 3.7433E-1 3.9519E-1 4.06073E-1 4.14085E-1 4.3667E-1 4.43201E-1 4.44625E-1 4.55556E-1 4.43724E-1 3.84615E-1 3.73667E-1 3.50246E-1 4.34223E-1 3.97249E-1 3.4888E-1 4.45261E-2 3.53429E-2 1.87593E-2 9.3173E-3 4.53816E-3 9.90462E-4 2.26854E-4 2.41301E-4 3.92414E-4 3.12857E-4 4.89209E-4 4.22238E-4 2.07353E-3 9.67724E-4 9.3931E-4
6.0495E-3 3.01156E-3 2.67198E-3 3.04554E-3 4.86543E-3 5.14568E-3 5.74502E-3 7.06666E-3 7.01991E-3 9.3991E-3 1.29673E-2 1.84031E-2 2.93584E-2 4.62065E-2 7.15776E-2 9.93583E-2 1.22844E-1 1.42196E-1 1.68453E-1 1.56381E-1 2.18559E-1 2.30337E-1 2.50143E-1 2.48018E-1 2.41474E-1 2.2871E-1 2.22335E-1 2.34988E-1 2.60481E-1 2.833E-1 3.30062E-1 3.88012E-1 3.79748E-1 3.66584E-1 3.67621E-1 3.84171E-1 4.08186E-1 4.13682E-1 4.2774E-1 4.37289E-1 4.45766E-1 4.49314E-1 4.48488E-1 4.46737E-1 3.86518E-1 3.69178E-1 4.85955E-1 4.68223E-1 4.0821E-1 3.73123E-1 3.37681E-1 4.88979E-2 2.70308E-2 1.27144E-2 4.78067E-3 4.06072E-3 1.52525E-3 2.30223E-3 8.44265E-4 6.31193E-4 6.80917E-4 5.23822E-4 2.85382E-4 1.05631E-3 7.82878E-4
3.6544E-3 4.13004E-3 4.61268E-3 3.88412E-3 6.72725E-3 6.85371E-3 8.08687E-3 9.23922E-3 8.72357E-3 1.11866E-2 1.53477E-2 2.11019E-2 3.34044E-2 4.49545E-2 7.23663E-2 9.63906E-2 1.25615E-1 1.09356E-1 1.54104E-1 1.8148E-1 9.06917E-2 2.00062E-1 2.07883E-1 2.07005E-1 8.56763E-2 8.57364E-2 8.77753E-2 1.96559E-1 2.07313E-1 2.24319E-1 2.74712E-1 3.20159E-1 3.8559E-1 3.85087E-1 3.8626E-1 4.01655E-1 4.05646E-1 4.29817E-1 4.38241E-1 4.38978E-1 4.50914E-1 4.50021E-1 4.43471E-1 4.51759E-1 3.78647E-1 5.00859E-1 4.65998E-1 4.36928E-1 4.01661E-1 3.88218E-1 3.73453E-1 3.56424E-1 4.31874E-2 1.69893E-2 4.50193E-3 4.8969E-3 6.9021E-3 4.05949E-3 1.67521E-3 1.58973E-3 7.77982E-4 7.6795E-4 3.38828E-4 1.98923E-4 8.40712E-4
6.00736E-3 5.94877E-3 5.41529E-3 8.20991E-3 8.8322E-3 9.56578E-3 1.0252E-2 9.06727E-3 1.05591E-2 1.31578E-2 1.79068E-2 2.31823E-2 3.34643E-2 4.91092E-2 7.37359E-2 9.66505E-2 8.44956E-2 7.87381E-2 1.54386E-1 1.73531E-1 8.14671E-2 8.27681E-2 8.22762E-2 7.97561E-2 7.05642E-2 6.85225E-2 7.35577E-2 7.94093E-2 8.80046E-2 1.99206E-1 2.24945E-1 2.85105E-1 3.29441E-1 3.98293E-1 4.10846E-1 4.17638E-1 4.16174E-1 4.31486E-1 4.37132E-1 4.46645E-1 4.51413E-1 4.53133E-1 4.5038E-1 6.07656E-1 5.25667E-1 5.04797E-1 4.58324E-1 4.24858E-1 4.27736E-1 3.97718E-1 3.90809E-1 3.80659E-1 5.55723E-2 3.72295E-2 2.41723E-2 1.78918E-2 1.10722E-2 1.19697E-2 2.06684E-3 2.09969E-3 7.2935E-4 3.66982E-4 3.31857E-4 2.79249E-4 5.44049E-4
7.40771E-3 7.14405E-3 7.27093E-3 1.06451E-2 1.06308E-2 1.11758E-2 9.98131E-3 1.08986E-2 1.26791E-2 1.49099E-2 1.8705E-2 2.46177E-2 3.40539E-2 5.23324E-2 7.70722E-2 9.461E-2 9.21412E-2 1.0406E-1 1.72346E-1 1.62129E-1 7.22484E-2 6.84748E-2 6.78815E-2 6.62669E-2 6.04953E-2 6.05033E-2 6.4378E-2 6.7651E-2 7.48249E-2 8.37303E-2 2.00726E-1 2.32969E-1 2.9899E-1 4.03507E-1 4.1699E-1 4.27778E-1 4.26194E-1 4.40487E-1 4.4211E-1 4.46022E-1 4.47754E-1 4.54142E-1 4.49181E-1 5.90829E-1 5.88272E-1 5.74433E-1 4.83061E-1 4.64631E-1 4.47823E-1 4.351E-1 3.97595E-1 3.9388E-1 3.94394E-1 3.61144E-1 4.35116E-2 3.87292E-2 3.00016E-2 2.3032E-2 9.37954E-3 1.65387E-3 5.47959E-4 7.33455E-4 1.00031E-3 1.48894E-3 6.37925E-4
7.80227E-3 8.09688E-3 1.23611E-2 1.30655E-2 1.39968E-2 1.13847E-2 1.21865E-2 1.32948E-2 1.40258E-2 1.63741E-2 1.94002E-2 2.56117E-2 3.58505E-2 5.04286E-2 6.86401E-2 9.31132E-2 1.02116E-1 1.21038E-1 1.50071E-1 1.57229E-1 6.55427E-2 6.25927E-2 6.02667E-2 5.53206E-2 5.45764E-2 5.56898E-2 5.44989E-2 5.98543E-2 6.38694E-2 6.90126E-2 8.16521E-2 2.05399E-1 2.74952E-1 3.7349E-1 4.31205E-1 4.34941E-1 4.40623E-1 4.4255E-1 4.47216E-1 4.4966E-1 4.54455E-1 4.42502E-1 4.50422E-1 4.42702E-1 5.80841E-1 5.57546E-1 5.47609E-1 5.33526E-1 5.27435E-1 4.60935E-1 4.44738E-1 4.11852E-1 4.54231E-1 4.37946E-1 3.90594E-1 5.40771E-2 5.51261E-2 3.68136E-2 9.87944E-3 1.77331E-3 2.40303E-3 1.90828E-3 6.76262E-4 4.08954E-4 5.64824E-4
7.84834E-3 1.29445E-2 1.42008E-2 1.36892E-2 1.24812E-2 1.33871E-2 1.53712E-2 1.58373E-2 1.62538E-2 1.86052E-2 2.14017E-2 2.6605E-2 3.72885E-2 5.05374E-2 6.421E-2 9.46914E-2 1.05759E-1 1.44275E-1 2.03618E-1 1.55917E-1 6.17226E-2 5.63576E-2 5.18139E-2 5.13459E-2 5.12961E-2 4.92731E-2 5.32783E-2 5.41984E-2 5.59639E-2 5.88607E-2 6.76981E-2 8.97677E-2 2.41483E-1 3.56671E-1 5.80889E-1 5.89551E-1 4.42344E-1 4.41747E-1 4.46426E-1 4.45024E-1 4.44089E-1 5.92223E-1 4.41298E-1 4.38935E-1 4.30417E-1 5.56642E-1 5.33563E-1 5.3516E-1 5.31717E-1 5.38882E-1 4.82999E-1 4.81564E-1 4.91572E-1 4.42548E-1 4.08614E-1 3.88847E-1 6.19673E-2 6.01224E-2 1.59538E-2 7.37749E-3 1.6658E-3 7.10062E-4 9.26263E-4 3.75812E-4 5.76061E-4
8.68504E-3 1.52466E-2 1.66354E-2 1.08283E-2 1.56206E-2 2.05245E-2 2.25043E-2 1.99012E-2 8.35521E-3 8.89351E-3 1.0655E-2 1.33774E-2 4.0444E-2 5.13848E-2 6.51014E-2 9.57441E-2 1.23548E-1 1.81367E-1 1.84593E-1 1.61227E-1 6.03467E-2 5.27073E-2 4.97113E-2 4.63009E-2 4.66384E-2 4.82436E-2 4.96711E-2 5.01524E-2 5.24578E-2 5.19667E-2 5.83282E-2 7.56907E-2 1.04983E-1 3.19967E-1 4.41229E-1 5.9256E-1 5.88888E-1 4.47158E-1 3.92384E-1 4.28573E-1 4.40812E-1 5.91096E-1 5.77371E-1 4.22215E-1 5.65158E-1 5.50867E-1 5.32532E-1 5.24318E-1 5.26596E-1 5.49462E-1 5.47997E-1 4.9456E-1 4.75897E-1 4.26122E-1 4.17215E-1 4.05711E-1 4.03133E-1 6.58562E-2 5.25883E-2 7.51128E-3 1.503E-3 1.29674E-3 4.65573E-4 5.38765E-4 7.87911E-4
1.76756E-2 2.71829E-2 2.05929E-2 1.81074E-2 2.48852E-2 2.50477E-2 2.41608E-2 1.0424E-2 8.90098E-3 9.11595E-3 1.11363E-2 1.3975E-2 3.97696E-2 5.45215E-2 6.86212E-2 9.16964E-2 1.44881E-1 1.91783E-1 1.65279E-1 1.52066E-1 6.03529E-2 5.04312E-2 4.7884E-2 4.66487E-2 4.8023E-2 4.99604E-2 5.05108E-2 4.97916E-2 5.05244E-2 4.94893E-2 5.15982E-2 7.18559E-2 9.30005E-2 2.6608E-1 3.85357E-1 5.98844E-1 5.24465E-1 4.98564E-1 4.89064E-1 3.56056E-1 5.08427E-1 5.58472E-1 5.70973E-1 5.58417E-1 5.47367E-1 5.3869E-1 5.24833E-1 5.26443E-1 5.2733E-1 5.33794E-1 5.49559E-1 4.91816E-1 4.87333E-1 4.77117E-1 4.98663E-1 4.35634E-1 4.32248E-1 4.24978E-1 7.42407E-2 3.78513E-2 5.9723E-3 9.43458E-4 5.63434E-4 4.21275E-4 4.86112E-4
2.01076E-2 2.84034E-2 2.44178E-2 1.48473E-2 1.50396E-2 2.04364E-2 2.50832E-2 2.51465E-2 2.37115E-2 1.0239E-2 1.14638E-2 3.421E-2 4.52692E-2 6.04585E-2 8.21819E-2 1.03232E-1 1.81225E-1 2.05255E-1 2.0271E-1 1.52419E-1 6.18773E-2 5.16467E-2 4.61837E-2 4.61009E-2 4.65293E-2 5.13452E-2 5.22947E-2 5.3504E-2 5.33226E-2 5.18036E-2 5.85429E-2 6.70969E-2 8.54126E-2 1.07667E-1 2.68469E-1 4.40705E-1 4.45353E-1 2.97181E-1 2.97938E-1 4.46604E-1 4.68919E-1 4.83038E-1 4.92818E-1 5.40861E-1 5.3741E-1 5.28358E-1 5.26154E-1 5.33373E-1 5.31733E-1 5.30267E-1 5.30918E-1 4.9607E-1 4.88263E-1 5.04266E-1 5.25274E-1 5.188E-1 4.59928E-1 4.6015E-1 4.27954E-1 6.7726E-2 3.03176E-2 6.37815E-3 2.04924E-3 1.87313E-3 1.5922E-3
2.51034E-2 2.55808E-2 2.05503E-2 1.96235E-2 1.54726E-2 1.78568E-2 2.55098E-2 2.98673E-2 2.78121E-2 1.18172E-2 1.44828E-2 4.57493E-2 5.77513E-2 7.60125E-2 9.30452E-2 1.62528E-1 1.75459E-1 1.85096E-1 1.94449E-1 1.76564E-1 6.38959E-2 5.07657E-2 4.73414E-2 4.60121E-2 4.86288E-2 5.28065E-2 5.73058E-2 6.16083E-2 5.89738E-2 5.51204E-2 5.91815E-2 6.41104E-2 7.58481E-2 8.65055E-2 1.04718E-1 3.49543E-1 3.49927E-1 3.47901E-1 2.30231E-1 2.50363E-1 4.27265E-1 4.67791E-1 4.79725E-1 5.26631E-1 5.23674E-1 5.26395E-1 5.2592E-1 5.262E-1 5.25809E-1 5.31157E-1 5.28804E-1 5.46319E-1 5.60383E-1 5.08777E-1 5.4037E-1 5.36151E-1 4.9685E-1 4.77579E-1 4.11209E-1 6.70922E-2 5.40247E-2 2.70563E-2 9.95889E-3 5.15773E-3 4.82023E-3
2.65062E-2 1.21853E-2 2.54048E-2 4.11417E-2 5.07712E-2 4.01199E-2 3.1985E-2 3.56566E-2 4.02685E-2 4.19134E-2 4.71994E-2 5.96033E-2 7.98421E-2 9.59961E-2 1.6488E-1 1.61594E-1 1.58197E-1 1.86259E-1 1.73925E-1 1.77367E-1 6.2886E-2 4.77229E-2 4.43535E-2 4.65972E-2 4.95316E-2 5.43665E-2 6.27264E-2 6.68611E-2 6.40959E-2 5.99302E-2 5.87961E-2 6.09487E-2 6.67493E-2 7.48258E-2 8.3272E-2 1.51615E-1 9.41401E-2 9.70159E-2 1.6768E-1 2.19608E-1 3.74496E-1 4.21234E-1 4.36492E-1 4.59736E-1 5.20604E-1 5.18311E-1 5.20337E-1 5.18581E-1 5.2441E-1 5.21402E-1 5.28442E-1 5.39789E-1 5.56196E-1 5.79936E-1 6.10748E-1 6.20618E-1 4.84085E-1 4.66844E-1 4.31545E-1 7.69156E-2 6.40996E-2 5.57015E-2 2.37335E-2 1.37317E-2 7.32604E-3
