KUENM_DEFAULT/Final_Models/M_1_F_lqpth_Set_1_NE/sp1_6_se_asia.asc
ncols         320
nrows         243
xllcorner     44.0
yllcorner     -0.666666666666667
cellsize      0.166666666666667
NODATA_value  -9999
[rows 62 to 92 of 243, columns 140 to 209 of 320]
1.4134E-2 5.0468E-2 5.1966E-2 5.44895E-2 3.72812E-2 3.25528E-2 2.9424E-2 1.79049E-2 1.43362E-2 1.49378E-2 1.51457E-2 1.43382E-2 2.26192E-2 2.29158E-2 2.33135E-2 2.57827E-2 5.02271E-2 5.21643E-2 5.42509E-2 5.13587E-2 4.42265E-2 3.82641E-2 3.59677E-2 3.49345E-2 3.35806E-2 3.31578E-2 3.28315E-2 3.36106E-2 3.46061E-2 3.65972E-2 3.96251E-2 4.23168E-2 4.48637E-2 4.51263E-2 4.49873E-2 4.32179E-2 4.18081E-2 4.08617E-2 4.06855E-2 4.25443E-2 4.48289E-2 4.55098E-2 4.87354E-2 5.18178E-2 5.65539E-2 5.89608E-2 3.79296E-1 3.94124E-1 3.98209E-1 7.54778E-1 7.51951E-1 6.75463E-1 6.80058E-1 6.79012E-1 6.57377E-1 6.49242E-1 7.39199E-1 5.74148E-1 4.65898E-1 3.97038E-1 3.93055E-1 3.55062E-1 7.42107E-2 6.8659E-2 6.93163E-2 5.70567E-2 4.75163E-2 3.69722E-2 2.74103E-2 1.24929E-2
2.34509E-2 5.13016E-2 5.29828E-2 5.14016E-2 3.5644E-2 3.46125E-2 2.61997E-2 1.60733E-2 1.48638E-2 1.50982E-2 1.47377E-2 1.51537E-2 1.55996E-2 2.2315E-2 2.42608E-2 4.05719E-2 5.1437E-2 5.16912E-2 5.56554E-2 5.09981E-2 4.31449E-2 3.83737E-2 3.6071E-2 3.52659E-2 3.44782E-2 3.41539E-2 3.41539E-2 3.48511E-2 3.53117E-2 3.74665E-2 4.00418E-2 4.25172E-2 4.49312E-2 4.6261E-2 4.66476E-2 4.45581E-2 4.36655E-2 4.08841E-2 3.99358E-2 4.21774E-2 4.42471E-2 4.58633E-2 5.00463E-2 5.15042E-2 5.60285E-2 5.74746E-2 6.09069E-2 3.88274E-1 3.97415E-1 7.68726E-1 7.77535E-1 6.8988E-1 6.84739E-1 6.86412E-1 6.83717E-1 7.53207E-1 7.37969E-1 5.76273E-1 5.03067E-1 4.49539E-1 4.16561E-1 3.64676E-1 7.52989E-2 6.75869E-2 6.90123E-2 6.41292E-2 5.59277E-2 4.85227E-2 4.08247E-2 3.13173E-2
4.1362E-2 5.04031E-2 5.06628E-2 4.87904E-2 3.34785E-2 3.34046E-2 2.98672E-2 2.893E-2 2.82583E-2 2.51844E-2 1.57835E-2 1.55879E-2 1.68469E-2 1.73484E-2 2.41313E-2 4.54669E-2 4.91716E-2 4.98348E-2 5.13833E-2 4.73616E-2 4.20168E-2 3.86098E-2 3.64128E-2 3.53673E-2 3.48054E-2 3.42521E-2 3.45094E-2 3.48511E-2 3.61495E-2 3.83054E-2 4.03587E-2 4.2676E-2 4.43705E-2 4.64338E-2 4.61105E-2 4.61105E-2 4.47247E-2 4.22761E-2 4.18447E-2 4.31965E-2 4.45845E-2 4.74336E-2 5.0919E-2 5.17278E-2 5.51521E-2 5.76798E-2 5.976E-2 3.80155E-1 3.96067E-1 7.63116E-1 7.73468E-1 6.85995E-1 6.7898E-1 6.92532E-1 7.72591E-1 7.42097E-1 6.03639E-1 5.64981E-1 5.22783E-1 4.74595E-1 4.25763E-1 3.75347E-1 8.03765E-2 7.22951E-2 7.26195E-2 6.87927E-2 6.25511E-2 5.85166E-2 5.44812E-2 4.39972E-2
4.3268E-2 5.11445E-2 5.01907E-2 4.8036E-2 3.30563E-2 3.29412E-2 3.2276E-2 3.04184E-2 2.31426E-2 2.36873E-2 1.66536E-2 2.52621E-2 2.62476E-2 2.64869E-2 2.97185E-2 3.3622E-2 4.57169E-2 4.64643E-2 4.5293E-2 4.28551E-2 3.9861E-2 3.85778E-2 3.66373E-2 3.54689E-2 3.56266E-2 3.5289E-2 3.57877E-2 3.5562E-2 3.65555E-2 3.89551E-2 4.01144E-2 4.31165E-2 4.4826E-2 4.49621E-2 4.49444E-2 4.44933E-2 4.44415E-2 4.47104E-2 4.44048E-2 4.48076E-2 4.62543E-2 4.91783E-2 4.96387E-2 5.34811E-2 5.57247E-2 5.77368E-2 6.02025E-2 3.80392E-1 7.40459E-1 7.43698E-1 7.55286E-1 6.85536E-1 6.87193E-1 6.89974E-1 7.7445E-1 7.46418E-1 6.81047E-1 5.75291E-1 5.40107E-1 4.7948E-1 4.27376E-1 3.82571E-1 3.50947E-1 7.94934E-2 8.06921E-2 7.7475E-2 7.12411E-2 6.88983E-2 6.74379E-2 5.73038E-2
5.08839E-2 5.27709E-2 5.0996E-2 3.45693E-2 3.43058E-2 3.42665E-2 3.76917E-2 3.71956E-2 3.43771E-2 3.21599E-2 3.07129E-2 2.90245E-2 2.78771E-2 2.80298E-2 3.05091E-2 4.29129E-2 4.34821E-2 4.31661E-2 4.05427E-2 3.89857E-2 3.76877E-2 3.6487E-2 3.62634E-2 3.56151E-2 3.5162E-2 3.56624E-2 3.54375E-2 3.56107E-2 3.80757E-2 3.89551E-2 4.10587E-2 4.14523E-2 4.32551E-2 4.46782E-2 4.49529E-2 4.4794E-2 4.45892E-2 4.48706E-2 4.61873E-2 4.75394E-2 4.69087E-2 4.97136E-2 5.1482E-2 5.26473E-2 5.66659E-2 2.17362E-1 2.22639E-1 7.34277E-1 7.4521E-1 7.3414E-1 6.67925E-1 6.729E-1 6.83754E-1 6.90875E-1 6.82637E-1 6.56633E-1 6.44419E-1 6.31733E-1 6.86018E-1 4.66722E-1 4.22501E-1 3.91848E-1 3.75676E-1 3.72234E-1 3.57153E-1 3.67858E-1 3.57118E-1 3.52374E-1 3.3368E-1 6.72671E-2
5.56078E-2 5.37857E-2 3.76173E-2 3.58294E-2 3.64709E-2 3.96582E-2 4.53676E-2 4.74902E-2 4.06348E-2 3.54765E-2 3.25043E-2 3.04575E-2 2.94662E-2 2.9585E-2 2.99798E-2 2.96948E-2 4.04844E-2 3.9076E-2 3.76113E-2 3.82639E-2 3.64568E-2 3.56582E-2 3.62995E-2 3.64646E-2 3.56542E-2 3.58349E-2 3.57226E-2 3.64557E-2 3.72991E-2 3.92225E-2 4.09346E-2 4.14573E-2 4.25472E-2 4.29501E-2 4.35022E-2 4.50996E-2 4.43464E-2 4.57654E-2 4.77264E-2 4.80254E-2 1.86982E-1 5.03777E-2 2.00207E-1 2.13556E-1 2.20987E-1 7.31393E-1 7.32622E-1 7.39205E-1 7.38186E-1 6.60555E-1 6.48685E-1 6.7097E-1 6.80774E-1 6.89165E-1 6.63564E-1 6.40574E-1 6.31455E-1 6.33153E-1 5.74889E-1 5.21034E-1 4.64695E-1 4.18065E-1 4.0157E-1 3.88899E-1 3.80226E-1 3.85105E-1 3.85268E-1 3.92106E-1 3.53424E-1 7.26585E-2
5.22103E-2 3.95781E-2 3.88768E-2 3.86468E-2 3.97669E-2 4.65209E-2 5.21728E-2 5.07704E-2 4.60438E-2 3.71338E-2 3.31926E-2 3.05858E-2 2.92132E-2 2.89352E-2 2.84562E-2 3.78922E-2 3.65258E-2 3.63668E-2 3.68037E-2 3.69965E-2 3.67993E-2 3.65675E-2 3.58722E-2 3.5646E-2 3.59475E-2 3.58349E-2 3.65735E-2 3.64557E-2 3.71963E-2 3.91019E-2 4.02631E-2 4.07776E-2 4.18504E-2 4.23842E-2 4.32143E-2 1.76158E-1 1.72225E-1 1.80598E-1 1.83602E-1 1.90213E-1 1.87063E-1 2.00898E-1 2.08607E-1 7.15793E-1 6.55332E-1 6.662E-1 6.56635E-1 6.66168E-1 6.66649E-1 6.55154E-1 6.42566E-1 6.54602E-1 6.72055E-1 6.75885E-1 6.55114E-1 6.31121E-1 6.10398E-1 7.33831E-1 6.62516E-1 7.03292E-1 5.27718E-1 4.64283E-1 4.19628E-1 4.07219E-1 3.88285E-1 3.73961E-1 3.81861E-1 3.85131E-1 3.47976E-1 6.95758E-2
5.37753E-2 4.09226E-2 4.03345E-2 4.04916E-2 4.20423E-2 4.83387E-2 5.12579E-2 5.00478E-2 4.23561E-2 3.50412E-2 3.06721E-2 2.83525E-2 2.81782E-2 3.69397E-2 3.6176E-2 3.69077E-2 3.62824E-2 3.58947E-2 3.67266E-2 3.60905E-2 3.56982E-2 3.61688E-2 3.60555E-2 3.5708E-2 3.669E-2 3.57459E-2 3.6596E-2 3.73185E-2 3.84474E-2 3.92279E-2 3.97311E-2 4.01085E-2 4.06211E-2 1.69792E-1 1.76081E-1 1.24968E-1 1.26456E-1 1.30676E-1 1.30301E-1 1.36094E-1 1.38121E-1 1.48568E-1 6.20306E-1 6.51536E-1 6.63993E-1 6.73642E-1 6.6182E-1 6.73315E-1 6.74673E-1 6.65433E-1 6.61806E-1 6.63679E-1 6.7314E-1 6.46627E-1 6.30359E-1 6.47225E-1 6.34159E-1 7.18453E-1 6.67886E-1 5.83312E-1 5.50882E-1 5.16533E-1 4.64062E-1 4.31098E-1 4.03383E-1 3.75939E-1 3.76157E-1 3.75608E-1 8.21428E-2 7.07704E-2
3.24778E-2 4.07622E-2 4.0322E-2 3.98489E-2 4.07636E-2 4.15861E-2 4.31401E-2 3.84517E-2 3.26833E-2 2.99669E-2 2.78005E-2 2.77328E-2 3.61232E-2 3.58592E-2 3.63228E-2 3.61845E-2 3.54576E-2 3.59289E-2 3.60122E-2 3.613E-2 3.57396E-2 3.56176E-2 3.59758E-2 3.50405E-2 3.65996E-2 3.57622E-2 3.74638E-2 3.63606E-2 3.78169E-2 3.84365E-2 3.92045E-2 1.58669E-1 1.59533E-1 1.18048E-1 1.24888E-1 1.25922E-1 1.29028E-1 1.28361E-1 1.30252E-1 1.32199E-1 1.39464E-1 6.03675E-1 6.1655E-1 6.46173E-1 6.5992E-1 6.73808E-1 6.678E-1 6.71854E-1 6.77849E-1 6.69682E-1 6.81078E-1 6.79529E-1 6.80713E-1 6.50006E-1 6.34909E-1 6.40804E-1 7.30383E-1 7.01563E-1 7.30761E-1 7.24184E-1 5.7664E-1 5.34418E-1 4.73771E-1 4.53033E-1 4.266E-1 3.93724E-1 3.86787E-1 3.99606E-1 3.92109E-1 8.72963E-2
1.6653E-2 4.27362E-2 4.07659E-2 3.78923E-2 3.72026E-2 3.65063E-2 3.45207E-2 3.07155E-2 1.12976E-1 1.08006E-1 2.62206E-2 3.56869E-2 3.54156E-2 3.52801E-2 2.78052E-2 2.6343E-2 2.80638E-2 2.80368E-2 2.79446E-2 2.76419E-2 2.68897E-2 3.5278E-2 3.57657E-2 3.71097E-2 3.63788E-2 3.70992E-2 3.56528E-2 1.50706E-1 1.52882E-1 1.51093E-1 1.58669E-1 1.14996E-1 1.11213E-1 1.11192E-1 1.11171E-1 1.18304E-1 1.24895E-1 1.23886E-1 1.2613E-1 1.30046E-1 1.34362E-1 6.02342E-1 6.2083E-1 6.32286E-1 6.47697E-1 6.61215E-1 6.57622E-1 6.61076E-1 6.65193E-1 6.55573E-1 6.5991E-1 6.77327E-1 7.61056E-1 7.34849E-1 7.2719E-1 6.85785E-1 5.80813E-1 5.70848E-1 7.27629E-1 7.18455E-1 5.46114E-1 5.18955E-1 4.9497E-1 4.84949E-1 4.47283E-1 4.23923E-1 4.27455E-1 4.42485E-1 4.30345E-1 4.0697E-1
2.44928E-2 4.11222E-2 3.99058E-2 3.72667E-2 3.59259E-2 3.35555E-2 3.10331E-2 2.88286E-2 1.43146E-1 1.37754E-1 3.43091E-2 3.46339E-2 3.52023E-2 2.74648E-2 2.73707E-2 2.66305E-2 2.69657E-2 2.70369E-2 2.76694E-2 2.6919E-2 2.78277E-2 2.69184E-2 2.87842E-2 2.79528E-2 1.13504E-1 1.17345E-1 1.4942E-1 1.45936E-1 1.49345E-1 1.08247E-1 1.13961E-1 1.09857E-1 1.08268E-1 1.06306E-1 1.0245E-1 1.04049E-1 1.14263E-1 1.24689E-1 1.2551E-1 1.27835E-1 5.77537E-1 5.88988E-1 6.1867E-1 6.20233E-1 6.3659E-1 6.52367E-1 6.46418E-1 6.43318E-1 6.30725E-1 6.40358E-1 6.5349E-1 7.37814E-1 7.50574E-1 7.27207E-1 5.66667E-1 5.62725E-1 5.60838E-1 5.69838E-1 6.71965E-1 5.54467E-1 5.06619E-1 5.15639E-1 5.02767E-1 4.81416E-1 4.77215E-1 4.52868E-1 4.53042E-1 4.85551E-1 4.7196E-1 4.46773E-1
4.86624E-2 5.57847E-2 3.99074E-2 3.7147E-2 3.4498E-2 4.48286E-2 3.91715E-2 3.85419E-2 2.80788E-2 1.06865E-1 2.61742E-2 2.63502E-2 2.53774E-2 2.64788E-2 2.64785E-2 2.61893E-2 2.61679E-2 2.63237E-2 2.70329E-2 2.85022E-2 2.74718E-2 2.86102E-2 1.15295E-1 1.18409E-1 8.15934E-2 7.93051E-2 8.36507E-2 1.06305E-1 1.07256E-1 1.10894E-1 1.15309E-1 1.14284E-1 1.08252E-1 1.04972E-1 1.05625E-1 1.09166E-1 1.15377E-1 1.21476E-1 1.25215E-1 5.70864E-1 5.76049E-1 5.87071E-1 5.93053E-1 6.13048E-1 6.2289E-1 6.30289E-1 6.28202E-1 6.14531E-1 6.03295E-1 6.13208E-1 6.30172E-1 7.27836E-1 7.29058E-1 5.7859E-1 5.15267E-1 5.23155E-1 5.70978E-1 5.87573E-1 5.75944E-1 5.45097E-1 5.4639E-1 5.29373E-1 4.92616E-1 4.75655E-1 4.82252E-1 4.81961E-1 4.87317E-1 4.90155E-1 5.01937E-1 4.85182E-1
5.11275E-2 5.39213E-2 5.38661E-2 4.95673E-2 4.59267E-2 4.2524E-2 4.06008E-2 4.02231E-2 2.70266E-2 2.47609E-2 2.80691E-2 2.69461E-2 2.62372E-2 2.54375E-2 2.50131E-2 2.58591E-2 2.55817E-2 2.61638E-2 2.65171E-2 2.73878E-2 1.12766E-1 7.95949E-2 8.2381E-2 7.73166E-2 7.63569E-2 7.97911E-2 8.31075E-2 1.06609E-1 1.07911E-1 1.16715E-1 1.13564E-1 1.14597E-1 1.09543E-1 1.06233E-1 1.07538E-1 1.06307E-1 1.12259E-1 1.18868E-1 1.22555E-1 5.68181E-1 5.07006E-1 5.05759E-1 5.21537E-1 5.91631E-1 6.00138E-1 6.07694E-1 6.02053E-1 6.10793E-1 6.08279E-1 6.09179E-1 7.05373E-1 7.16581E-1 6.61287E-1 5.30873E-1 4.78518E-1 5.25458E-1 5.63595E-1 5.79404E-1 5.48763E-1 5.41174E-1 5.46631E-1 5.46116E-1 5.26993E-1 4.84398E-1 4.76282E-1 4.88248E-1 4.88151E-1 4.87558E-1 4.92298E-1 5.02922E-1
5.37329E-2 5.49948E-2 5.17797E-2 5.07694E-2 4.67145E-2 4.44732E-2 4.05628E-2 2.85702E-2 2.76998E-2 2.75429E-2 2.61442E-2 2.58004E-2 2.56313E-2 2.53723E-2 2.45123E-2 1.85178E-2 2.50907E-2 2.70439E-2 1.09062E-1 7.67357E-2 8.22699E-2 8.07815E-2 8.18605E-2 7.95558E-2 7.95493E-2 8.15612E-2 8.26133E-2 1.04397E-1 1.10279E-1 1.1363E-1 1.18785E-1 1.15237E-1 1.09189E-1 1.0461E-1 1.07201E-1 1.07599E-1 1.10054E-1 1.1293E-1 1.19317E-1 5.63525E-1 5.09143E-1 5.10867E-1 5.08322E-1 5.77043E-1 5.85492E-1 6.03195E-1 6.03553E-1 6.05705E-1 6.04382E-1 6.15873E-1 6.92693E-1 6.97172E-1 5.71007E-1 5.29809E-1 4.89807E-1 5.11995E-1 5.50472E-1 5.64272E-1 5.41553E-1 5.23061E-1 5.38619E-1 5.58449E-1 5.57317E-1 5.13426E-1 4.87763E-1 4.69693E-1 4.68753E-1 4.80001E-1 4.88662E-1 5.04257E-1
5.81934E-2 5.6626E-2 5.38306E-2 5.04379E-2 3.81483E-2 3.45116E-2 3.23529E-2 3.1033E-2 2.79623E-2 2.76301E-2 2.71779E-2 1.79468E-2 2.72673E-2 2.6728E-2 2.72939E-2 2.68445E-2 1.41717E-1 1.42419E-1 7.87265E-2 7.70144E-2 1.06981E-1 7.52318E-2 1.05975E-1 1.02827E-1 7.8783E-2 7.80606E-2 8.03239E-2 8.21256E-2 1.07968E-1 1.11914E-1 1.17782E-1 1.16666E-1 1.08492E-1 1.03444E-1 1.0632E-1 1.07637E-1 1.09369E-1 1.11702E-1 5.46795E-1 4.86144E-1 4.96216E-1 4.88823E-1 4.86299E-1 5.61003E-1 5.70774E-1 5.95803E-1 6.04269E-1 6.02261E-1 6.07509E-1 6.23489E-1 7.00996E-1 6.61918E-1 5.78847E-1 5.67315E-1 5.50262E-1 5.47081E-1 5.66122E-1 5.76572E-1 5.43736E-1 5.16623E-1 5.15319E-1 5.00552E-1 4.96343E-1 4.99812E-1 4.96716E-1 4.84254E-1 4.66429E-1 4.79452E-1 4.84221E-1 4.92209E-1
5.74294E-2 5.74294E-2 5.44237E-2 4.04579E-2 3.83807E-2 3.55823E-2 3.29367E-2 3.21283E-2 3.13954E-2 2.04468E-2 2.01079E-2 1.99753E-2 2.69897E-2 2.69897E-2 3.5683E-2 1.46077E-1 1.05781E-1 1.01755E-1 8.15933E-2 1.06662E-1 1.08912E-1 7.75413E-2 9.95964E-2 9.87265E-2 9.39792E-2 9.93812E-2 7.85868E-2 1.03732E-1 1.07294E-1 1.0863E-1 1.07279E-1 1.10232E-1 1.048E-1 1.01359E-1 1.06661E-1 1.10262E-1 1.11281E-1 5.46598E-1 5.42959E-1 4.88601E-1 4.83589E-1 3.92205E-1 3.90458E-1 5.4336E-1 5.58627E-1 5.8324E-1 5.96137E-1 5.89353E-1 6.17634E-1 6.38205E-1 7.08347E-1 5.88474E-1 7.06288E-1 7.11416E-1 5.74714E-1 5.54873E-1 5.57278E-1 5.83883E-1 5.49956E-1 5.19067E-1 4.9912E-1 4.94191E-1 4.85458E-1 4.84307E-1 4.96863E-1 4.87847E-1 4.69321E-1 4.57635E-1 4.63697E-1 4.58253E-1
5.87209E-2 5.70366E-2 4.2976E-2 3.98419E-2 3.73631E-2 3.62724E-2 3.52814E-2 3.08192E-2 2.96273E-2 2.9965E-2 3.92213E-2 3.87099E-2 3.79471E-2 3.8074E-2 1.56186E-1 1.55698E-1 1.12741E-1 1.10907E-1 1.1208E-1 1.06004E-1 1.00213E-1 7.05424E-2 9.59954E-2 9.11134E-2 9.05882E-2 8.78292E-2 9.81668E-2 9.75517E-2 1.0339E-1 1.01273E-1 1.04424E-1 1.10168E-1 1.03146E-1 1.0295E-1 1.10589E-1 1.10935E-1 5.47965E-1 5.50873E-1 5.52935E-1 4.87895E-1 4.77812E-1 3.88974E-1 3.85491E-1 5.34464E-1 5.63054E-1 5.7682E-1 5.1933E-1 5.97931E-1 6.09726E-1 6.33051E-1 6.68877E-1 5.75095E-1 7.08461E-1 7.04521E-1 5.30677E-1 5.26768E-1 5.53816E-1 4.23564E-1 4.83649E-1 4.96269E-1 4.89868E-1 5.0113E-1 4.88965E-1 4.69799E-1 4.85425E-1 4.78832E-1 4.60861E-1 4.48934E-1 4.48012E-1 4.43639E-1
6.01447E-2 5.73717E-2 4.25444E-2 4.05567E-2 3.82907E-2 3.74194E-2 4.63818E-2 4.40184E-2 4.30808E-2 4.3281E-2 4.24321E-2 2.77958E-2 2.76072E-2 1.52457E-1 1.56621E-1 1.13105E-1 1.1342E-1 1.15683E-1 1.10413E-1 1.0732E-1 1.03368E-1 9.10912E-2 9.28273E-2 8.5363E-2 8.46324E-2 9.0052E-2 9.33672E-2 1.00795E-1 1.00504E-1 1.01144E-1 1.07123E-1 1.09728E-1 1.09174E-1 1.12161E-1 1.23594E-1 5.61551E-1 5.57069E-1 5.60223E-1 4.9286E-1 4.98166E-1 4.88959E-1 3.87438E-1 3.83783E-1 5.4862E-1 5.53199E-1 4.92504E-1 5.03599E-1 5.28663E-1 5.28361E-1 6.27127E-1 5.83716E-1 5.42879E-1 4.79078E-1 5.53663E-1 5.23117E-1 5.58229E-1 5.38027E-1 3.89325E-1 3.64228E-1 4.82049E-1 4.91555E-1 4.72627E-1 4.68167E-1 4.56264E-1 4.49489E-1 4.60112E-1 4.47785E-1 4.32061E-1 4.73796E-1 4.7174E-1
1.89942E-1 5.64096E-2 5.60516E-2 5.35749E-2 5.20361E-2 4.74441E-2 4.60763E-2 4.52453E-2 4.41405E-2 4.22899E-2 4.07865E-2 3.99845E-2 4.0118E-2 1.61465E-1 1.68244E-1 1.21223E-1 1.21548E-1 1.13926E-1 1.17007E-1 1.14084E-1 1.03731E-1 1.02435E-1 9.60366E-2 9.25292E-2 9.11248E-2 9.71318E-2 9.7048E-2 9.97154E-2 1.00035E-1 1.01923E-1 1.02673E-1 1.16393E-1 1.26722E-1 5.75104E-1 5.84705E-1 5.88717E-1 5.81849E-1 5.7847E-1 5.0578E-1 4.93245E-1 4.82293E-1 3.86283E-1 3.7802E-1 4.71136E-1 4.53908E-1 3.83847E-1 4.12764E-1 4.40029E-1 4.64168E-1 7.20829E-1 5.75439E-1 5.30784E-1 5.3136E-1 5.32838E-1 5.38216E-1 5.4248E-1 4.9452E-1 3.99801E-1 3.84472E-1 3.89715E-1 4.98285E-1 4.84861E-1 4.75476E-1 4.40052E-1 4.31849E-1 4.4298E-1 4.4495E-1 4.24223E-1 4.65919E-1 4.85706E-1
1.0454E-1 1.23346E-1 1.90262E-1 4.872E-2 5.14244E-2 5.05355E-2 4.70529E-2 4.50113E-2 4.3623E-2 3.11584E-2 3.01317E-2 3.01317E-2 1.25229E-1 1.21727E-1 1.16789E-1 1.20846E-1 1.27099E-1 1.19889E-1 1.14863E-1 1.16192E-1 1.10246E-1 1.04935E-1 9.56849E-2 1.02294E-1 9.84895E-2 1.00917E-1 1.01779E-1 1.02406E-1 1.02379E-1 1.02069E-1 1.15876E-1 1.26202E-1 1.35437E-1 6.03807E-1 6.13794E-1 6.13897E-1 6.03442E-1 5.91127E-1 5.75859E-1 4.96181E-1 4.95393E-1 4.77941E-1 3.80427E-1 4.53694E-1 3.70137E-1 3.88008E-1 4.20464E-1 5.32131E-1 4.69737E-1 7.14268E-1 5.64804E-1 3.93299E-1 5.2148E-1 4.29084E-1 5.07725E-1 5.22479E-1 4.82619E-1 4.55446E-1 4.91834E-1 4.2717E-1 4.71309E-1 4.764E-1 4.50059E-1 4.172E-1 4.12083E-1 4.21283E-1 4.13305E-1 4.17354E-1 4.41075E-1 4.68877E-1
9.05179E-2 9.506E-2 1.15362E-1 1.16585E-1 1.36926E-1 1.91407E-1 4.79254E-2 4.82999E-2 1.77187E-1 1.75716E-1 1.33041E-1 1.34224E-1 1.73025E-1 1.2476E-1 1.23988E-1 1.23971E-1 1.27454E-1 1.31235E-1 1.20133E-1 1.19705E-1 1.15671E-1 1.06495E-1 1.01398E-1 1.11902E-1 1.07118E-1 1.04477E-1 1.07682E-1 1.07011E-1 1.05335E-1 1.10917E-1 1.21662E-1 1.32139E-1 6.0685E-1 6.19569E-1 6.31912E-1 6.28103E-1 6.13595E-1 6.1128E-1 5.83412E-1 5.6803E-1 5.02997E-1 4.87769E-1 4.74927E-1 4.59565E-1 4.61814E-1 4.88729E-1 5.29387E-1 6.16676E-1 6.38017E-1 6.32654E-1 5.63465E-1 4.54765E-1 4.38175E-1 4.00502E-1 3.75974E-1 4.89041E-1 4.80832E-1 5.09753E-1 5.00908E-1 4.57707E-1 4.88656E-1 4.30905E-1 4.0006E-1 3.86624E-1 3.7589E-1 9.0389E-2 8.71962E-2 9.49508E-2 4.23487E-1 4.45125E-1
9.71527E-2 9.16769E-2 1.03288E-1 1.11956E-1 1.32789E-1 1.33868E-1 1.33222E-1 1.31304E-1 9.4185E-2 1.30816E-1 9.74458E-2 9.79583E-2 1.31354E-1 1.30801E-1 1.33946E-1 1.33918E-1 1.31911E-1 1.35918E-1 1.26382E-1 1.24796E-1 1.20989E-1 1.1414E-1 1.11626E-1 1.12744E-1 8.92208E-2 1.16203E-1 1.12772E-1 1.11078E-1 1.11074E-1 1.19074E-1 1.30116E-1 1.42794E-1 6.19029E-1 6.28231E-1 6.27756E-1 6.34758E-1 6.27804E-1 6.1479E-1 5.94924E-1 5.842E-1 4.76307E-1 4.63992E-1 4.74677E-1 4.64036E-1 5.07411E-1 5.18444E-1 5.34332E-1 7.05475E-1 5.62769E-1 5.73331E-1 5.55372E-1 4.56916E-1 4.36045E-1 4.0389E-1 3.72686E-1 5.00854E-1 5.14311E-1 4.81809E-1 4.60643E-1 4.78228E-1 4.57735E-1 4.11601E-1 4.04199E-1 3.76056E-1 3.86609E-1 8.57211E-2 7.99281E-2 9.62264E-2 4.09912E-1 4.07577E-1
9.07285E-2 9.03579E-2 1.00842E-1 1.02658E-1 1.12321E-1 1.24336E-1 1.26869E-1 1.34386E-1 1.26935E-1 9.82807E-2 9.70364E-2 1.01036E-1 1.33229E-1 1.43916E-1 1.4066E-1 1.39804E-1 1.37441E-1 1.39001E-1 1.30923E-1 1.2968E-1 1.23156E-1 1.18312E-1 1.14619E-1 1.18917E-1 1.29185E-1 1.26921E-1 1.24019E-1 1.20666E-1 1.18585E-1 1.23909E-1 1.40228E-1 6.20217E-1 6.18044E-1 6.30483E-1 6.40188E-1 5.73277E-1 6.3808E-1 6.28097E-1 6.15601E-1 4.96551E-1 4.56618E-1 4.76944E-1 5.56856E-1 5.01472E-1 5.24474E-1 5.47764E-1 5.50094E-1 7.15124E-1 5.18094E-1 5.24181E-1 5.37459E-1 5.35001E-1 4.4679E-1 4.51817E-1 4.40815E-1 4.1639E-1 4.72388E-1 4.41054E-1 4.21295E-1 4.73687E-1 4.18909E-1 4.08474E-1 4.02273E-1 4.12008E-1 4.02223E-1 9.62265E-2 9.44671E-2 4.01589E-1 4.10056E-1 9.55069E-2
8.30976E-2 8.31149E-2 8.82683E-2 1.04666E-1 1.1154E-1 1.15406E-1 1.30016E-1 1.27077E-1 1.31036E-1 1.00015E-1 1.0647E-1 1.03944E-1 1.46322E-1 1.35454E-1 1.42703E-1 1.48624E-1 1.4443E-1 1.43057E-1 1.4341E-1 1.34311E-1 1.27985E-1 1.2828E-1 1.2621E-1 1.24401E-1 1.33544E-1 1.3465E-1 1.32248E-1 1.33104E-1 1.29148E-1 1.26946E-1 5.76718E-1 6.18506E-1 6.18503E-1 6.19627E-1 6.37957E-1 5.79248E-1 6.48737E-1 6.44904E-1 6.2076E-1 4.72125E-1 4.70588E-1 4.86342E-1 5.78071E-1 5.94621E-1 6.86428E-1 5.82578E-1 5.88481E-1 4.64365E-1 4.84667E-1 4.89215E-1 4.91709E-1 4.3611E-1 4.4938E-1 4.87526E-1 4.66224E-1 4.31244E-1 4.69295E-1 4.25301E-1 4.02325E-1 4.57358E-1 4.09458E-1 3.94886E-1 4.06415E-1 4.19623E-1 4.22909E-1 4.00343E-1 3.89201E-1 4.03132E-1 4.11187E-1 4.01688E-1
7.3218E-2 7.69539E-2 8.39612E-2 9.62026E-2 1.05321E-1 1.19237E-1 1.28923E-1 1.28937E-1 1.32706E-1 1.03384E-1 1.06958E-1 1.46998E-1 1.47927E-1 1.42107E-1 1.45764E-1 1.53094E-1 1.52095E-1 1.51995E-1 1.45414E-1 1.39087E-1 1.40238E-1 1.3527E-1 1.03281E-1 1.3649E-1 1.41889E-1 1.45471E-1 1.44417E-1 1.12648E-1 1.08605E-1 5.19634E-1 5.28082E-1 5.47379E-1 6.13037E-1 6.34388E-1 6.38735E-1 6.44762E-1 6.5041E-1 7.26172E-1 6.61948E-1 5.74467E-1 4.91203E-1 5.69405E-1 5.95065E-1 6.76241E-1 5.25488E-1 5.02342E-1 4.99709E-1 4.19831E-1 4.51327E-1 4.68889E-1 4.95352E-1 4.97492E-1 4.35892E-1 4.56726E-1 4.52048E-1 4.28238E-1 4.84946E-1 4.38754E-1 4.06551E-1 4.60469E-1 4.13413E-1 3.83402E-1 3.85908E-1 4.06168E-1 4.19172E-1 4.01972E-1 3.83503E-1 3.94733E-1 4.2743E-1 4.34263E-1
6.67376E-2 6.94555E-2 7.8223E-2 8.28635E-2 9.94565E-2 1.1391E-1 1.21431E-1 1.23666E-1 1.36423E-1 1.02321E-1 1.09565E-1 1.09945E-1 1.48061E-1 1.48513E-1 1.47085E-1 1.48597E-1 1.51997E-1 1.52296E-1 1.53995E-1 1.49108E-1 1.45585E-1 1.4428E-1 1.20844E-1 1.19922E-1 1.53599E-1 1.61013E-1 1.24542E-1 1.25166E-1 1.22051E-1 5.47723E-1 5.56586E-1 5.42113E-1 6.20888E-1 6.35839E-1 6.46998E-1 6.73786E-1 7.13146E-1 5.29951E-1 4.70731E-1 6.49342E-1 6.7986E-1 6.16511E-1 4.64093E-1 5.27314E-1 4.99101E-1 4.86816E-1 4.69682E-1 4.3071E-1 4.17245E-1 4.60859E-1 4.89362E-1 4.75757E-1 4.88316E-1 4.24729E-1 4.14399E-1 4.1544E-1 4.01889E-1 4.41703E-1 4.01178E-1 4.63291E-1 4.09328E-1 3.83954E-1 3.73732E-1 3.75619E-1 3.85122E-1 3.80424E-1 3.92238E-1 4.08838E-1 4.24966E-1 4.20204E-1
6.27283E-2 6.31712E-2 6.94061E-2 8.21049E-2 9.38635E-2 1.01003E-1 1.08839E-1 1.20593E-1 1.27912E-1 1.37345E-1 1.39941E-1 1.55657E-1 1.48003E-1 1.50132E-1 1.49981E-1 1.51105E-1 1.58132E-1 1.59829E-1 1.64897E-1 1.59729E-1 1.57862E-1 1.61019E-1 1.34454E-1 1.37131E-1 1.38926E-1 1.35507E-1 1.36553E-1 5.79849E-1 5.72752E-1 4.71024E-1 5.46175E-1 5.55329E-1 6.44446E-1 7.14248E-1 6.99392E-1 6.34158E-1 4.54258E-1 2.73423E-1 6.02672E-1 6.65797E-1 6.60968E-1 4.44588E-1 4.26939E-1 4.28118E-1 4.87116E-1 4.59838E-1 3.81831E-1 3.88038E-1 3.64733E-1 3.76871E-1 4.19184E-1 4.72035E-1 4.83589E-1 4.75389E-1 3.78508E-1 3.81537E-1 3.85283E-1 4.26388E-1 3.93546E-1 4.21858E-1 4.08168E-1 3.82607E-1 3.55765E-1 3.4897E-1 3.56516E-1 3.66753E-1 9.27279E-2 3.79072E-1 3.77885E-1 3.76506E-1
5.73624E-2 6.01336E-2 6.5298E-2 7.33335E-2 8.50771E-2 9.22882E-2 1.01995E-1 1.14424E-1 1.25135E-1 1.36013E-1 1.41084E-1 1.55118E-1 1.56962E-1 1.58322E-1 1.57869E-1 1.60451E-1 1.65491E-1 1.67748E-1 1.68124E-1 1.69124E-1 1.79452E-1 1.78328E-1 1.44228E-1 1.5319E-1 1.53812E-1 6.2541E-1 6.17659E-1 5.97642E-1 5.7663E-1 4.75821E-1 4.61204E-1 5.57238E-1 7.16774E-1 4.973E-1 4.43717E-1 4.47331E-1 2.64155E-1 3.23048E-1 6.49836E-1 6.77964E-1 6.66771E-1 4.46036E-1 4.22648E-1 4.09031E-1 4.38873E-1 4.23898E-1 3.64066E-1 4.17885E-1 3.93108E-1 3.8641E-1 3.84504E-1 4.34722E-1 4.16651E-1 3.91808E-1 3.66675E-1 3.61089E-1 3.64332E-1 4.04809E-1 3.75995E-1 8.8499E-2 3.66513E-1 3.62282E-1 3.48844E-1 7.87722E-2 8.14581E-2 7.9949E-2 7.43055E-2 7.69746E-2 8.15792E-2 8.44543E-2
5.00951E-2 5.3104E-2 4.42055E-2 6.9169E-2 7.81023E-2 8.66418E-2 9.59021E-2 1.04106E-1 1.20309E-1 1.29174E-1 1.47345E-1 1.49626E-1 1.59067E-1 1.56234E-1 1.60993E-1 1.68964E-1 1.71796E-1 1.79626E-1 1.83131E-1 1.80483E-1 1.89733E-1 6.97524E-1 6.42332E-1 6.52961E-1 6.46594E-1 6.52759E-1 6.38546E-1 6.14808E-1 5.12189E-1 4.86914E-1 5.47823E-1 5.79728E-1 3.10271E-1 2.9453E-1 3.39173E-1 3.34663E-1 2.17023E-1 2.92478E-1 4.85903E-1 6.83793E-1 6.38127E-1 4.47913E-1 4.16895E-1 3.92518E-1 3.54906E-1 3.91763E-1 3.96685E-1 3.88067E-1 3.8739E-1 3.89427E-1 3.84762E-1 3.80789E-1 3.75263E-1 3.79425E-1 3.686E-1 3.00612E-1 2.98636E-1 4.00586E-1 8.9589E-2 7.60463E-2 7.59518E-2 8.38471E-2 3.46299E-1 7.99706E-2 7.58445E-2 6.84387E-2 5.9919E-2 6.31226E-2 6.79134E-2 7.40952E-2
4.34323E-2 4.96159E-2 4.02646E-2 4.44756E-2 4.89803E-2 7.94542E-2 9.09187E-2 1.01832E-1 1.13163E-1 1.04345E-1 1.38321E-1 1.53014E-1 1.5485E-1 1.60587E-1 1.68005E-1 1.75273E-1 1.85951E-1 1.3988E-1 1.93205E-1 1.9915E-1 7.04299E-1 7.10361E-1 6.6943E-1 6.74399E-1 6.74183E-1 6.70047E-1 5.76471E-1 6.46828E-1 5.54495E-1 5.35496E-1 6.1597E-1 5.21867E-1 2.74066E-2 3.69101E-1 3.01336E-1 3.21918E-1 3.25228E-1 2.76229E-1 4.76917E-1 5.25669E-1 5.1485E-1 4.02227E-1 3.77936E-1 3.53585E-1 3.57994E-1 3.9703E-1 3.72761E-1 3.57057E-1 3.67352E-1 3.96237E-1 3.96912E-1 3.73189E-1 3.54773E-1 3.36062E-1 3.54192E-1 3.58734E-1 3.54895E-1 3.28907E-1 8.91656E-2 7.54962E-2 7.43632E-2 8.19797E-2 3.49484E-1 8.24451E-2 7.31139E-2 6.37826E-2 5.47806E-2 5.32061E-2 5.73051E-2 6.53746E-2
2.6085E-2 3.18556E-2 5.10759E-2 4.1456E-2 4.66933E-2 5.36361E-2 8.36607E-2 9.80685E-2 8.72841E-2 9.92151E-2 1.32519E-1 1.45307E-1 1.51438E-1 1.62842E-1 1.28119E-1 1.34361E-1 1.89264E-1 1.98318E-1 2.09448E-1 6.42979E-1 6.40036E-1 7.24129E-1 6.79195E-1 6.94864E-1 6.99021E-1 6.87593E-1 6.79604E-1 6.7589E-1 6.63791E-1 6.62936E-1 4.49603E-1 3.81709E-1 3.07536E-1 1.94131E-1 3.30419E-1 3.2344E-1 3.44882E-1 3.32074E-1 5.07983E-1 5.09115E-1 4.71596E-1 3.81719E-1 3.44117E-1 3.21072E-1 3.66507E-1 3.77373E-1 3.82096E-1 3.8902E-1 4.09265E-1 4.171E-1 3.67156E-1 3.71495E-1 3.40904E-1 3.35969E-1 3.45157E-1 3.79694E-1 3.44116E-1 7.26009E-2 9.05882E-2 7.98464E-2 7.917E-2 3.4921E-1 3.50681E-1 8.116E-2 7.61894E-2 6.28983E-2 4.98033E-2 4.91087E-2 5.0793E-2 5.69293E-2
