KUENM_DEFAULT/Final_Models/M_1_F_lqpth_Set_1_NE/sp1_median.asc
ncols         197
nrows         210
xllcorner     56.1666666666667
yllcorner     4.5
cellsize      0.166666666666667
NODATA_value  -9999
[rows 0 to 27 of 210, columns 65 to 129 of 197]
-9999 -9999 -9999 -9999 -9999 -9999 -9999 -9999 -9999 -9999 -9999 -9999 -9999 -9999 -9999 -9999 -9999 -9999 -9999 -9999 -9999 -9999 -9999 -9999 -9999 -9999 -9999 -9999 -9999 2.25966E-3 1.06352E-3 1.40671E-3 2.04444E-3 1.40543E-3 5.78004E-4 2.23489E-4 2.68272E-4 3.47844E-4 2.12689E-4 1.55933E-4 -9999 -9999 -9999 -9999 -9999 -9999 -9999 -9999 -9999 -9999 -9999 -9999 -9999 -9999 -9999 -9999 -9999 -9999 -9999 -9999 -9999 -9999 -9999 -9999 -9999
-9999 -9999 -9999 -9999 -9999 -9999 -9999 -9999 -9999 -9999 -9999 -9999 -9999 -9999 -9999 -9999 -9999 -9999 -9999 -9999 -9999 -9999 -9999 3.75655E-3 2.4535E-3 7.3186E-3 5.1359E-3 3.2536E-3 6.83093E-4 1.33773E-4 5.98571E-4 8.15603E-4 6.20693E-4 3.90024E-4 1.7929E-4 1.17788E-4 1.62137E-4 3.20464E-4 2.49105E-4 1.69356E-4 1.4203E-4 1.08181E-4 6.89003E-5 6.42624E-5 3.77752E-5 3.80563E-5 -9999 -9999 -9999 -9999 -9999 -9999 -9999 -9999 -9999 -9999 -9999 -9999 -9999 -9999 -9999 -9999 -9999 -9999 -9999
-9999 -9999 -9999 -9999 -9999 -9999 -9999 -9999 -9999 -9999 -9999 -9999 -9999 -9999 -9999 -9999 -9999 -9999 -9999 6.97146E-3 5.61894E-3 7.46664E-3 7.83226E-3 6.05596E-3 3.69442E-3 2.18198E-3 8.02306E-4 1.134E-3 1.06117E-3 5.75591E-4 8.34189E-5 7.08452E-4 5.50429E-4 3.35608E-4 1.59066E-4 1.8461E-4 5.13655E-4 2.68327E-4 2.11886E-4 1.6374E-4 9.8972E-5 9.76463E-5 6.62762E-5 3.83888E-5 3.03335E-5 2.27617E-5 1.94049E-5 1.51194E-5 2.55063E-5 6.05447E-5 -9999 -9999 -9999 -9999 -9999 -9999 -9999 -9999 -9999 -9999 -9999 -9999 -9999 -9999 -9999
-9999 -9999 -9999 -9999 -9999 -9999 -9999 -9999 -9999 -9999 -9999 -9999 -9999 -9999 -9999 -9999 1.60968E-3 5.17673E-3 1.33533E-2 4.22442E-3 3.1269E-3 1.36783E-3 1.95255E-3 3.05594E-3 2.14794E-3 6.75483E-4 9.85136E-4 1.13884E-3 7.89388E-5 2.52651E-5 1.64067E-5 2.23771E-4 9.25326E-5 1.08864E-4 3.47755E-4 2.19194E-4 3.76267E-4 2.99325E-4 2.09347E-4 1.52791E-4 1.02587E-4 7.70331E-5 3.59665E-5 2.59875E-5 2.07869E-5 1.7024E-5 1.42244E-5 1.41049E-5 1.15882E-5 2.59867E-5 5.24764E-5 7.84825E-5 1.11515E-4 -9999 -9999 -9999 -9999 -9999 -9999 -9999 -9999 -9999 -9999 -9999 -9999
-9999 -9999 -9999 -9999 -9999 -9999 -9999 -9999 -9999 -9999 -9999 -9999 -9999 -9999 5.55112E-3 4.13142E-3 8.8563E-3 6.41076E-3 3.00308E-3 5.24168E-3 4.06161E-3 4.373E-3 4.47297E-3 1.88499E-3 1.08859E-3 2.41752E-3 7.07732E-4 7.88314E-4 3.36112E-4 2.77265E-4 4.42093E-4 9.58254E-5 9.19397E-5 2.9844E-4 3.31638E-4 5.74692E-4 3.38048E-4 2.76445E-4 1.8655E-4 1.39268E-4 9.61448E-5 5.22178E-5 3.40649E-5 2.27221E-5 1.86705E-5 9.8841E-6 1.10181E-5 1.87001E-5 8.60457E-6 1.63928E-5 2.10797E-5 3.25575E-5 4.14437E-5 5.66124E-5 1.39179E-4 -9999 -9999 -9999 -9999 -9999 -9999 -9999 -9999 -9999 -9999
-9999 -9999 -9999 -9999 -9999 -9999 -9999 -9999 -9999 -9999 -9999 -9999 3.28669E-2 1.99582E-2 8.03761E-3 5.98876E-3 7.10268E-3 8.75377E-3 5.22436E-3 3.81151E-3 2.76334E-3 1.54309E-3 1.99153E-3 2.02994E-3 1.3918E-3 7.12286E-4 2.09821E-4 2.8036E-4 3.85365E-3 2.5744E-3 4.60035E-4 9.1015E-5 0E0 2.58269E-4 6.42097E-4 4.35337E-4 2.93219E-4 2.10918E-4 1.52431E-4 1.24917E-4 6.28085E-5 2.75215E-5 1.55597E-5 1.14099E-5 1.03732E-5 7.33632E-6 6.91118E-6 1.07973E-5 7.4484E-6 5.35733E-6 5.53721E-6 1.06763E-5 1.03819E-5 1.57098E-5 6.1207E-5 8.74074E-5 9.6462E-5 -9999 -9999 -9999 -9999 -9999 -9999 -9999 -9999
-9999 -9999 -9999 -9999 -9999 -9999 -9999 -9999 -9999 -9999 4.74711E-2 3.2163E-2 3.08714E-2 4.08811E-2 2.60624E-2 1.78702E-2 2.14381E-2 1.1001E-2 8.82111E-3 4.93197E-3 1.69534E-3 1.89453E-3 6.00044E-3 7.12621E-3 5.86447E-3 1.62565E-3 1.65593E-3 3.84393E-3 1.26148E-3 1.12987E-3 8.08082E-4 1.86513E-4 6.06826E-4 7.56492E-4 5.12101E-4 3.81582E-4 2.65899E-4 1.8955E-4 1.36403E-4 1.08103E-4 6.36222E-5 2.57808E-5 1.00258E-5 9.39364E-6 1.11887E-5 6.44441E-6 5.99577E-6 5.28294E-6 1.16546E-5 4.37231E-6 4.53121E-6 8.68161E-6 1.21358E-5 1.75595E-5 1.60123E-5 4.26249E-5 5.71752E-5 1.08578E-4 1.40969E-4 -9999 -9999 -9999 -9999 -9999 -9999
-9999 -9999 -9999 -9999 -9999 -9999 -9999 -9999 3.97924E-2 3.2623E-2 5.17785E-2 5.86913E-2 6.08049E-2 3.6509E-2 3.57185E-2 4.9061E-2 3.57383E-2 2.66149E-2 1.32873E-2 4.82606E-3 1.68395E-3 6.48087E-3 1.30514E-3 2.69594E-3 8.93551E-4 3.83179E-3 4.57672E-3 1.80394E-3 8.4233E-4 7.76185E-4 5.94913E-4 1.05233E-3 9.36475E-4 6.59109E-4 4.48249E-4 3.30199E-4 2.44104E-4 1.86789E-4 7.81112E-5 6.57381E-5 3.60694E-5 1.43901E-5 1.38179E-5 7.61667E-6 5.99797E-6 5.7204E-6 5.2458E-6 9.3532E-6 3.75293E-6 3.19146E-6 3.04918E-6 6.26457E-6 8.4286E-6 1.25322E-5 1.12587E-5 2.19472E-5 1.84947E-5 7.99899E-5 1.05863E-4 1.4993E-4 1.83394E-4 -9999 -9999 -9999 -9999
-9999 -9999 -9999 -9999 -9999 -9999 -9999 3.3495E-2 4.03109E-2 3.91852E-2 4.68012E-2 4.98842E-2 5.28634E-2 5.39903E-2 5.59531E-2 5.91834E-2 7.08425E-2 4.72172E-2 1.17423E-2 8.48055E-3 7.60119E-3 2.00793E-3 5.10884E-4 8.92781E-4 4.115E-4 2.99832E-3 1.98369E-3 1.35345E-3 1.24057E-3 1.90619E-3 1.44256E-3 1.0522E-3 5.31268E-4 8.02466E-4 4.37611E-4 3.1117E-4 2.14085E-4 1.68096E-4 1.21149E-4 4.26432E-5 1.66839E-5 9.90092E-6 7.91171E-6 1.1329E-5 1.05359E-5 1.02134E-5 4.53115E-6 4.00815E-6 9.96327E-6 6.76807E-6 4.20814E-6 7.39442E-6 1.11939E-5 1.22627E-5 2.70274E-5 3.1164E-5 2.81204E-5 4.69726E-5 7.35424E-5 1.41497E-4 1.66352E-4 1.76276E-4 -9999 -9999 -9999
-9999 -9999 -9999 -9999 -9999 -9999 2.62479E-2 3.5213E-2 3.69589E-2 3.82852E-2 4.2572E-2 4.29017E-2 4.81139E-2 5.18421E-2 5.23683E-2 5.45116E-2 5.4314E-2 3.59415E-2 1.19935E-2 2.31822E-2 1.99951E-3 2.91688E-3 1.56443E-3 5.75173E-4 2.02076E-3 6.57918E-3 3.77529E-3 3.42075E-3 2.40241E-3 1.79242E-3 5.81975E-4 4.19205E-4 3.14474E-4 7.46854E-4 3.93028E-4 2.92077E-4 2.12666E-4 1.62224E-4 9.78744E-5 4.00578E-5 1.75154E-5 9.8182E-6 1.04142E-5 6.38333E-6 5.65658E-6 9.45686E-6 4.74001E-6 3.70408E-6 1.02702E-5 1.12555E-5 8.6296E-6 5.34538E-6 1.02073E-5 1.13693E-5 1.68812E-5 4.08882E-5 3.62899E-5 7.97604E-5 9.42414E-5 1.20391E-4 1.4388E-4 1.61314E-4 1.64953E-4 -9999 -9999
-9999 -9999 -9999 -9999 1.45311E-2 2.85326E-2 2.8477E-2 3.29033E-2 3.21675E-2 3.82304E-2 2.50097E-2 4.26318E-2 4.3397E-2 4.58004E-2 4.86734E-2 5.28431E-2 5.37509E-2 2.86887E-2 1.03907E-2 3.00088E-2 5.03494E-3 1.77039E-3 1.18922E-3 2.05086E-3 3.31008E-3 9.38127E-4 8.17745E-4 3.33372E-3 7.54438E-4 2.40955E-3 1.27675E-3 9.73186E-4 7.64632E-4 5.65978E-4 4.0128E-4 2.17608E-4 1.34987E-4 4.75915E-5 4.24071E-5 2.30819E-5 1.28792E-5 1.01103E-5 7.1786E-6 6.2214E-6 5.50861E-6 5.27647E-6 5.45632E-6 4.01795E-6 3.35394E-6 1.02173E-5 9.95404E-6 9.79799E-6 9.12856E-6 8.51028E-6 6.95902E-6 1.29294E-5 2.12081E-5 4.14669E-5 5.10273E-5 6.14544E-5 7.32398E-5 9.29812E-5 1.07346E-4 1.15081E-4 1.38563E-4
-9999 -9999 -9999 8.12184E-3 1.17649E-2 1.84715E-2 1.90955E-2 3.28666E-2 2.58548E-2 2.37663E-2 2.61069E-2 4.24364E-2 4.22656E-2 4.60101E-2 5.06816E-2 5.45041E-2 5.18309E-2 6.13593E-2 4.00521E-2 3.51813E-2 1.55228E-2 7.01543E-3 2.16084E-3 4.09499E-3 2.35492E-3 9.31856E-4 2.19058E-3 3.42305E-3 2.6673E-3 8.27152E-4 5.18525E-4 4.86228E-4 6.44287E-4 5.81579E-4 3.4785E-4 2.9591E-4 1.91973E-4 1.26584E-4 9.71706E-5 4.7056E-5 1.88235E-5 1.20907E-5 7.55364E-6 6.40149E-6 8.497E-6 4.26662E-6 4.77247E-6 3.34997E-6 3.62873E-6 7.29059E-6 8.04966E-6 7.87282E-6 5.75781E-6 5.34793E-6 5.76626E-6 5.98893E-6 1.04539E-5 2.27779E-5 3.29217E-5 3.17959E-5 6.75529E-5 7.70032E-5 7.87043E-5 8.01202E-5 8.002E-5
-9999 -9999 5.28144E-3 6.9074E-3 8.28207E-3 1.59195E-2 1.5269E-2 2.11836E-2 2.15309E-2 2.12035E-2 2.89442E-2 4.15372E-2 4.06589E-2 4.11241E-2 5.2179E-2 5.40946E-2 6.45882E-2 2.46634E-2 2.20285E-2 1.13801E-2 5.87339E-3 5.52629E-3 4.02672E-3 4.36595E-3 2.54372E-3 1.25659E-3 4.7444E-3 3.76628E-3 1.49443E-3 6.33662E-4 9.2887E-4 1.02826E-3 7.75751E-4 5.64652E-4 3.63825E-4 2.8729E-4 2.22376E-4 8.53174E-5 5.03546E-5 2.84847E-5 1.67788E-5 1.12021E-5 8.39698E-6 6.06286E-6 5.1727E-6 4.71622E-6 5.15925E-6 3.67358E-6 2.36768E-6 2.78938E-6 7.88756E-6 4.0088E-6 6.30139E-6 6.45472E-6 6.25378E-6 1.10741E-5 5.67971E-6 1.5862E-5 2.52575E-5 3.64362E-5 3.27098E-5 4.1839E-5 5.89711E-5 6.16771E-5 6.24741E-5
-9999 4.06894E-3 4.56124E-3 5.77508E-3 7.36723E-3 1.21684E-2 1.40054E-2 1.78739E-2 1.78649E-2 2.16242E-2 2.48767E-2 3.09109E-2 4.77939E-2 4.37292E-2 5.02987E-2 4.9411E-2 7.81798E-2 2.00497E-2 2.48565E-2 2.89709E-2 5.12226E-2 2.11058E-2 6.25375E-3 5.47771E-3 3.03125E-3 1.06577E-3 3.34217E-3 1.7449E-3 2.77518E-3 1.84552E-3 1.577E-3 1.12687E-3 7.26768E-4 4.80962E-4 4.15464E-4 3.01129E-4 2.14587E-4 1.63673E-4 1.13409E-4 5.72245E-5 3.19131E-5 1.74637E-5 9.04293E-6 6.85695E-6 4.97274E-6 3.49032E-6 2.66279E-6 2.10834E-6 2.17884E-6 3.10053E-6 8.76959E-6 3.03686E-6 4.8646E-6 7.68768E-6 1.22448E-5 6.98127E-6 5.3296E-6 7.66592E-6 2.11784E-5 2.23649E-5 2.53836E-5 2.62715E-5 2.81481E-5 3.25756E-5 3.1508E-5
4.56778E-3 4.4546E-3 4.70998E-3 5.76309E-3 7.1431E-3 1.17675E-2 1.02095E-2 1.47509E-2 1.77396E-2 2.14354E-2 2.89939E-2 4.12831E-2 4.54226E-2 4.87623E-2 4.97978E-2 5.02951E-2 5.88992E-2 2.67513E-2 8.77468E-2 4.59975E-2 2.91016E-2 4.87411E-2 3.13351E-2 1.21459E-2 4.73141E-3 3.77084E-3 3.71281E-3 1.0801E-3 6.46969E-4 1.2417E-3 6.16516E-4 7.03102E-4 6.57313E-4 6.74358E-4 5.57894E-4 2.81837E-4 2.03174E-4 1.58857E-4 1.02955E-4 4.67677E-5 2.5593E-5 1.50951E-5 9.95988E-6 7.40677E-6 4.89038E-6 3.65156E-6 3.10388E-6 3.18134E-6 2.67375E-6 1.98257E-6 3.8032E-6 3.39081E-6 2.5601E-6 7.51322E-6 5.1943E-6 5.56442E-6 5.31304E-6 8.23439E-6 1.60254E-5 1.59453E-5 1.14397E-5 9.15519E-6 1.96322E-5 1.4873E-5 1.86934E-5
4.71332E-3 4.76312E-3 5.14314E-3 5.72623E-3 6.84369E-3 8.38238E-3 1.00298E-2 1.48286E-2 1.77776E-2 2.17699E-2 2.96274E-2 4.1222E-2 4.36158E-2 4.28181E-2 4.56253E-2 4.65489E-2 6.5288E-2 6.62984E-2 6.44456E-2 4.07901E-2 2.12693E-2 6.57652E-3 1.08951E-2 2.71854E-2 7.43257E-3 1.09318E-3 1.38133E-3 1.80628E-3 3.98227E-4 5.8609E-4 1.60628E-3 1.767E-3 1.0148E-3 5.65077E-4 4.80317E-4 3.8859E-4 2.8727E-4 1.86429E-4 6.48434E-5 6.353E-5 3.75057E-5 1.73255E-5 1.20884E-5 8.16345E-6 6.08359E-6 4.5362E-6 3.98842E-6 2.65545E-6 3.03685E-6 2.04527E-6 1.74121E-6 2.41712E-6 1.84168E-6 8.42183E-6 5.19402E-6 3.85674E-6 4.59851E-6 4.17616E-6 6.40905E-6 7.49711E-6 7.39204E-6 4.66428E-6 7.02824E-6 5.93911E-6 5.24328E-6
4.7815E-3 4.70876E-3 5.45822E-3 6.42742E-3 6.8874E-3 8.02367E-3 9.67142E-3 1.47919E-2 1.98259E-2 3.47638E-2 2.87924E-2 4.43074E-2 4.21147E-2 4.21856E-2 4.68566E-2 5.14617E-2 6.10341E-2 2.89669E-2 4.24206E-2 1.78434E-2 8.94014E-3 2.24328E-3 4.0179E-3 1.66621E-2 5.28089E-3 8.03813E-4 1.2914E-3 6.54886E-3 1.15654E-3 2.73263E-3 2.02262E-3 4.20483E-4 4.91389E-4 8.21022E-4 5.25215E-4 5.23543E-4 3.11617E-4 2.17556E-4 1.41833E-4 8.56402E-5 4.98557E-5 3.08055E-5 1.52982E-5 1.0513E-5 9.32887E-6 6.93876E-6 1.26401E-5 1.16366E-5 3.21202E-6 2.30032E-6 1.81852E-6 1.5336E-6 2.08313E-6 1.99601E-6 7.71542E-6 2.12387E-6 2.04649E-6 3.38051E-6 3.61568E-6 4.26104E-6 3.85346E-6 3.34094E-6 3.58544E-6 4.34309E-6 2.184E-6
5.01501E-3 7.492E-3 1.03224E-2 1.02918E-2 1.00851E-2 1.25319E-2 1.35628E-2 1.52824E-2 1.88759E-2 3.25359E-2 3.45568E-2 4.13679E-2 3.88697E-2 3.65425E-2 4.59418E-2 6.12582E-2 3.80626E-2 3.19766E-2 3.04667E-3 1.80066E-2 3.18605E-3 5.99112E-4 5.72033E-3 1.17869E-2 2.60439E-3 2.05559E-3 4.56999E-3 1.02621E-3 1.13837E-3 4.87926E-4 2.76019E-4 1.11806E-3 1.97267E-3 1.17543E-3 7.73286E-4 6.51763E-4 3.96363E-4 2.7596E-4 1.08217E-4 1.07429E-4 6.19848E-5 4.14088E-5 3.07531E-5 1.25421E-5 8.26308E-6 9.24682E-6 1.41887E-5 1.37894E-5 4.33667E-6 2.37974E-6 2.11165E-6 1.45822E-6 1.22731E-6 5.55631E-6 6.53835E-6 6.57185E-6 5.1802E-6 1.49721E-6 2.08781E-6 2.20756E-6 2.74208E-6 2.32662E-6 1.8952E-6 1.97862E-6 2.36518E-6
5.77111E-3 6.13572E-3 7.17844E-3 9.24207E-3 9.56581E-3 1.07998E-2 1.90384E-2 2.14442E-2 2.0736E-2 2.94899E-2 3.35326E-2 3.38105E-2 3.71555E-2 3.52396E-2 4.70115E-2 2.03209E-2 2.26934E-3 9.25157E-3 1.15089E-3 9.93407E-4 2.37219E-4 1.33315E-4 6.09874E-3 1.3124E-3 7.46861E-4 1.22158E-3 1.22748E-3 5.56848E-4 2.47302E-4 3.41463E-4 2.32167E-3 2.94936E-3 3.59632E-3 1.96177E-3 1.0288E-3 4.60747E-4 4.32488E-4 4.24326E-4 1.54307E-4 1.50841E-4 8.41082E-5 8.57798E-5 3.01178E-5 3.94279E-5 1.45268E-5 1.09592E-5 8.81333E-6 2.54125E-5 5.11231E-6 4.90284E-6 5.7488E-6 2.27016E-6 1.94466E-6 2.29788E-6 4.74283E-6 2.52364E-6 3.17328E-6 4.05165E-6 4.40769E-6 3.30773E-6 3.7655E-6 3.31156E-6 3.38076E-6 2.13222E-6 3.14858E-6
3.97395E-3 5.97982E-3 7.36863E-3 8.57859E-3 9.13943E-3 1.07012E-2 1.69063E-2 1.85758E-2 2.18347E-2 2.80084E-2 2.19389E-2 3.11835E-2 3.38124E-2 3.76539E-2 3.26129E-3 8.67902E-3 1.52213E-4 4.05322E-3 2.73729E-3 2.22481E-4 6.50095E-5 2.35295E-4 2.18698E-3 2.63502E-4 4.82801E-4 6.89442E-4 5.98908E-4 1.28366E-3 8.94093E-4 7.03989E-4 5.94005E-3 7.98532E-3 3.81018E-3 1.9134E-3 1.02009E-3 7.90765E-4 5.83376E-4 6.42574E-4 4.77502E-4 1.80692E-4 3.27252E-4 7.61248E-5 5.80785E-5 1.1462E-4 9.22227E-5 7.45372E-5 5.71764E-5 1.52135E-5 4.20346E-6 2.36142E-6 2.99268E-6 2.36199E-6 2.2402E-6 2.20764E-6 1.47394E-6 3.99867E-6 1.77068E-6 2.87659E-6 3.37674E-6 2.90628E-6 1.86459E-6 1.98358E-6 3.01038E-6 3.52339E-6 3.44039E-6
3.69888E-3 4.24018E-3 5.44482E-3 6.99571E-3 8.45139E-3 8.28452E-3 1.32816E-2 1.41459E-2 1.80905E-2 1.84127E-2 3.08374E-2 3.02893E-2 3.6585E-2 3.34425E-2 8.01792E-3 2.34695E-2 2.10861E-3 1.91674E-4 2.82283E-4 3.86595E-4 1.14905E-4 2.09115E-4 2.32407E-3 1.10169E-3 4.77298E-4 7.44499E-4 1.46035E-3 3.37377E-3 7.02138E-3 6.84909E-3 1.19714E-2 8.58593E-4 1.83987E-3 1.2098E-3 1.2674E-3 9.20738E-4 8.20182E-4 6.17023E-4 4.63896E-4 3.16165E-4 3.91312E-4 3.10017E-4 3.19089E-4 4.80801E-4 5.86637E-5 3.58502E-5 1.08651E-5 7.50299E-6 7.90378E-6 5.07431E-6 2.76597E-6 1.92348E-6 1.43048E-6 1.56429E-6 1.84313E-6 1.47373E-6 4.34657E-6 3.03836E-6 1.72011E-6 1.99999E-6 1.43495E-6 2.02286E-6 2.29156E-6 3.26307E-6 3.51593E-6
2.74648E-3 3.32689E-3 4.2889E-3 4.62264E-3 4.1589E-3 7.22457E-3 1.07382E-2 9.1019E-3 1.66083E-2 1.63399E-2 2.8782E-2 3.16009E-2 3.45966E-2 2.14207E-2 1.76929E-3 1.20789E-2 3.87169E-4 1.02056E-4 1.34017E-4 9.37361E-5 2.10117E-4 4.20862E-4 1.59921E-4 1.29467E-3 2.33722E-4 1.71112E-3 1.77163E-3 3.12519E-3 2.93851E-2 1.80543E-2 2.81679E-3 7.94365E-4 1.12042E-3 1.08339E-3 9.12884E-4 7.12906E-4 5.8015E-4 5.98566E-4 6.81884E-4 5.42423E-4 4.28248E-4 3.11797E-4 3.11927E-4 8.77536E-4 1.18618E-3 1.59543E-4 1.81857E-4 1.16351E-5 1.06973E-5 1.48352E-5 1.01973E-5 3.87154E-6 2.81231E-6 4.11231E-6 1.62077E-6 1.34192E-6 1.15994E-6 1.13953E-6 2.81443E-6 1.86922E-6 1.1107E-6 1.48583E-6 2.52625E-6 3.42352E-6 3.34375E-6
2.79184E-3 2.8127E-3 2.92853E-3 3.41804E-3 4.77445E-3 6.21889E-3 5.63102E-3 3.50267E-3 1.33618E-2 2.04501E-2 2.52517E-2 2.65125E-2 1.59732E-2 1.89953E-2 7.39147E-3 1.83689E-4 1.00233E-4 9.76023E-5 1.55846E-4 1.31984E-4 9.5566E-5 1.06862E-4 2.31821E-4 1.05506E-4 3.87764E-4 2.11173E-3 3.21328E-3 3.40532E-3 4.81852E-2 4.54877E-3 2.56031E-3 9.15656E-4 1.22345E-3 3.25243E-3 1.70996E-3 1.43135E-3 1.17265E-3 1.17414E-3 2.40234E-3 1.81868E-3 1.09123E-3 1.36465E-3 3.9824E-4 3.01419E-4 4.54484E-4 2.52069E-3 1.05934E-3 6.46552E-5 3.49331E-5 1.23957E-5 2.83918E-5 1.57178E-5 1.02518E-5 7.42984E-6 3.38028E-6 3.15078E-6 2.80576E-6 1.4348E-6 1.83731E-6 1.98996E-6 1.51295E-6 1.13903E-6 0E0 2.11251E-6 2.7711E-6
1.73173E-3 2.46565E-3 1.98227E-3 2.71362E-3 3.20707E-3 3.93755E-3 3.50267E-3 6.74209E-3 1.46898E-2 1.94984E-2 2.39007E-2 2.61655E-2 1.66964E-2 1.97437E-2 3.43218E-3 2.74405E-4 1.61849E-4 4.78897E-4 1.82423E-4 1.51169E-4 2.82868E-4 1.32057E-4 1.09293E-4 1.61124E-4 4.43434E-4 5.49688E-3 3.63298E-3 5.51901E-3 4.305E-2 8.5159E-3 2.37051E-3 2.7994E-3 2.79906E-3 5.8101E-3 4.97215E-3 4.66952E-3 2.11786E-3 2.90158E-3 1.51171E-2 2.00249E-2 1.4296E-2 1.23814E-2 4.13192E-3 1.05174E-3 3.53074E-4 4.54762E-3 5.74223E-4 1.70744E-4 1.80451E-4 1.72055E-4 4.56088E-5 9.26066E-5 7.36475E-6 4.13484E-6 4.09549E-6 2.04083E-6 4.23857E-6 1.28472E-6 1.21075E-6 1.40394E-6 1.31787E-6 1.31337E-6 1.65711E-6 2.3743E-6 2.56938E-6
1.65279E-3 1.45396E-3 2.1107E-3 2.45959E-3 2.58954E-3 3.51299E-3 5.1873E-3 8.3919E-3 1.0898E-2 5.67564E-3 2.16237E-3 1.45776E-3 2.45149E-4 9.89326E-5 8.97058E-5 2.83533E-4 5.32355E-4 1.54705E-4 2.61583E-4 4.35071E-4 2.8872E-4 2.16127E-4 3.20516E-4 8.63106E-4 5.25848E-4 7.28236E-3 2.71391E-2 3.22359E-2 2.34041E-2 4.49632E-3 1.16682E-2 7.47156E-3 2.81043E-3 5.02966E-3 1.60419E-3 1.31439E-2 3.04328E-2 7.46676E-2 4.61933E-3 3.62424E-3 9.05168E-3 3.22725E-2 3.70784E-2 2.72752E-2 1.10612E-2 1.5719E-3 6.78315E-4 4.14907E-4 3.83679E-5 1.89075E-5 1.75927E-4 1.54394E-4 1.68436E-4 5.75622E-6 8.03544E-6 3.2561E-6 7.48835E-6 4.32955E-6 3.54925E-6 1.51352E-6 2.47515E-6 0E0 1.45227E-6 2.54891E-6 3.16985E-6
1.38864E-3 1.39071E-3 1.56394E-3 5.08729E-4 8.59925E-4 1.36658E-3 3.43032E-3 5.63222E-3 2.30074E-3 5.10329E-4 9.90246E-5 1.36245E-4 2.79352E-4 8.70495E-3 7.17181E-3 5.99313E-4 2.77057E-4 1.34444E-4 5.37759E-4 9.07992E-3 1.20642E-3 3.05134E-4 1.72223E-3 8.16496E-3 5.18537E-3 1.02035E-2 2.9126E-2 4.01332E-2 7.65764E-3 1.71768E-2 1.19466E-2 3.26854E-3 3.63084E-3 1.03697E-2 2.15733E-3 3.87811E-3 1.09883E-2 4.42592E-2 6.26803E-3 2.62358E-3 1.83058E-3 2.03558E-3 4.10542E-3 3.26185E-3 5.11593E-4 1.48817E-4 9.73195E-4 1.01758E-3 9.29401E-5 2.80142E-5 2.18654E-5 2.32462E-4 3.74402E-5 9.69088E-5 3.25244E-5 3.4065E-5 3.91421E-5 2.07396E-5 6.19211E-6 3.35677E-6 2.49462E-6 4.70321E-6 1.60834E-6 1.99489E-6 3.62745E-6
1.17125E-3 1.8513E-3 1.43473E-3 1.02955E-3 1.60939E-3 2.36584E-3 3.00427E-3 1.74089E-3 1.60408E-3 1.67863E-3 6.42754E-3 9.51301E-3 2.67373E-2 4.47646E-2 5.31416E-2 7.99657E-3 4.45998E-4 5.40404E-4 7.37362E-4 1.62408E-2 3.29376E-2 9.71013E-3 2.01683E-2 3.73948E-2 2.55525E-3 3.87874E-2 4.76463E-2 9.26745E-3 4.74625E-3 4.77501E-3 4.70791E-3 8.1426E-3 1.73627E-2 1.32151E-2 5.72336E-3 3.87673E-2 3.21394E-2 4.49225E-3 2.20533E-3 3.55322E-3 3.96678E-3 1.51416E-3 1.1182E-3 8.07334E-4 3.80744E-4 3.23741E-4 1.16495E-3 5.22907E-4 3.35584E-4 5.74322E-5 5.39551E-5 2.43223E-5 1.16014E-5 6.09014E-5 3.86519E-5 5.71809E-6 2.16093E-5 7.06546E-6 5.31144E-6 3.52217E-6 2.14805E-6 5.43341E-6 2.99802E-6 2.42688E-6 2.75354E-6
1.86725E-3 1.17124E-3 1.17152E-3 1.63524E-3 2.57845E-3 2.12641E-3 2.58335E-3 3.48994E-3 4.88834E-3 7.52251E-3 1.06649E-2 9.93964E-3 3.51426E-2 4.45364E-2 6.19007E-2 8.32696E-2 3.50181E-2 3.77636E-3 5.06147E-2 3.40873E-2 1.1537E-1 1.16482E-2 3.59485E-2 5.34266E-2 7.02908E-2 8.42427E-2 4.20979E-2 6.40303E-2 5.02289E-2 9.8602E-3 6.25749E-3 7.20385E-3 1.17133E-2 6.06332E-3 7.18725E-3 2.80097E-2 9.87279E-3 3.56415E-3 2.17497E-3 2.64524E-3 2.74508E-3 2.59588E-3 4.12621E-3 5.71336E-3 5.39503E-3 8.98625E-4 6.2421E-4 9.78739E-4 4.28722E-4 2.21729E-4 1.84989E-4 2.48309E-5 7.83973E-6 7.13916E-6 1.53716E-5 2.78852E-5 4.25124E-6 1.46429E-5 1.59901E-5 5.33034E-6 4.84607E-6 3.16765E-6 8.38755E-6 3.4201E-6 1.89977E-6
