KUENM_DEFAULT/Final_Models/M_1_F_lqpth_Set_1_NE/sp1_9.asc
ncols         197
nrows         210
xllcorner     56.1666666666667
yllcorner     4.5
cellsize      0.166666666666667
NODATA_value  -9999
[rows 84 to 111 of 210, columns 65 to 129 of 197]
7.84847E-2 8.67856E-2 9.57607E-2 9.80629E-2 1.01907E-1 9.99021E-2 1.10893E-1 1.1352E-1 1.21247E-1 1.37678E-1 1.27718E-1 1.51986E-1 1.54885E-1 1.55695E-1 1.41462E-1 1.06423E-1 1.0211E-1 1.14459E-1 1.31466E-1 1.45315E-1 1.60703E-1 1.67162E-1 1.65937E-1 2.01948E-1 1.67332E-1 2.65097E-1 3.26269E-1 3.47006E-1 3.52989E-1 2.97374E-1 3.22285E-1 4.01085E-1 4.29691E-1 4.60882E-1 5.49782E-1 6.01534E-1 6.43142E-1 6.66823E-1 7.65258E-1 8.01198E-1 7.52053E-1 6.93318E-1 5.16126E-1 5.83844E-1 7.22878E-1 7.77501E-1 6.61613E-1 6.18813E-1 6.19074E-1 5.29884E-1 5.43431E-1 5.6162E-1 5.93884E-1 5.9057E-1 6.05302E-1 6.23171E-1 6.00183E-1 5.33648E-1 4.85907E-1 4.54311E-1 4.2603E-1 4.60072E-1 4.37626E-1 4.23969E-1 3.84516E-1
8.35439E-2 9.52988E-2 9.86009E-2 1.06154E-1 1.11317E-1 1.15589E-1 1.16534E-1 1.25075E-1 1.34094E-1 1.44788E-1 1.88542E-1 1.61032E-1 1.77716E-1 1.68212E-1 1.44919E-1 1.27051E-1 1.19985E-1 1.34808E-1 1.66261E-1 1.99677E-1 2.06474E-1 2.16597E-1 2.18939E-1 2.24208E-1 2.22315E-1 2.65242E-1 3.6173E-1 3.96498E-1 3.46143E-1 3.66099E-1 3.94561E-1 4.11433E-1 4.505E-1 4.75818E-1 5.84381E-1 6.49126E-1 7.64958E-1 7.59816E-1 7.97024E-1 6.56036E-1 5.87609E-1 7.44313E-1 7.42417E-1 7.15572E-1 6.186E-1 6.60341E-1 6.18007E-1 5.91054E-1 5.71685E-1 5.1625E-1 4.90691E-1 5.57187E-1 5.97815E-1 5.6576E-1 5.70783E-1 5.68043E-1 5.36205E-1 5.26287E-1 4.82116E-1 4.45462E-1 4.19182E-1 4.81191E-1 4.2328E-1 3.90285E-1 3.63614E-1
8.37781E-2 9.13557E-2 9.45222E-2 1.12593E-1 1.20986E-1 1.2336E-1 1.30034E-1 1.42228E-1 1.52473E-1 1.59592E-1 1.9183E-1 1.74411E-1 1.77368E-1 1.88719E-1 1.53104E-1 1.46407E-1 1.56632E-1 1.70818E-1 2.06451E-1 2.45139E-1 2.57212E-1 2.68979E-1 2.73615E-1 2.91327E-1 2.62024E-1 3.36786E-1 3.68516E-1 3.85802E-1 4.13618E-1 4.29513E-1 4.35817E-1 4.27386E-1 4.58936E-1 5.15527E-1 6.51764E-1 8.07372E-1 7.92357E-1 7.40899E-1 6.08168E-1 3.54476E-1 7.25533E-1 7.62386E-1 7.44604E-1 5.81884E-1 5.46531E-1 5.43797E-1 5.91721E-1 5.54675E-1 4.71147E-1 4.55819E-1 4.14081E-1 4.28137E-1 4.95102E-1 5.66547E-1 5.57899E-1 5.25282E-1 4.79485E-1 4.73433E-1 4.67494E-1 4.19173E-1 4.01207E-1 4.29232E-1 4.09892E-1 3.74229E-1 3.31023E-1
6.93218E-2 7.6498E-2 9.73237E-2 1.04654E-1 1.23912E-1 1.32826E-1 1.44389E-1 1.50489E-1 1.59837E-1 1.70315E-1 2.05721E-1 1.81946E-1 1.87036E-1 1.96579E-1 1.90133E-1 1.94935E-1 1.86407E-1 2.0526E-1 2.41539E-1 2.7515E-1 3.0226E-1 3.23622E-1 3.53476E-1 3.7165E-1 3.44102E-1 3.7741E-1 4.52446E-1 4.69489E-1 4.72905E-1 4.65825E-1 4.72899E-1 4.65763E-1 5.10957E-1 5.6639E-1 8.06541E-1 6.30673E-1 5.79556E-1 5.75834E-1 3.44555E-1 4.20765E-1 7.57439E-1 7.58022E-1 7.53064E-1 5.75306E-1 5.29858E-1 5.01178E-1 5.18096E-1 4.98753E-1 4.43141E-1 4.84278E-1 4.41145E-1 4.25499E-1 4.26283E-1 4.96092E-1 4.87978E-1 4.30488E-1 4.51048E-1 4.36373E-1 4.27458E-1 3.80305E-1 3.62252E-1 3.25994E-1 3.38831E-1 3.44209E-1 3.35905E-1
4.01662E-2 7.01579E-2 9.90055E-2 9.90938E-2 1.04308E-1 1.41388E-1 1.50108E-1 1.59048E-1 1.67145E-1 1.70813E-1 1.95715E-1 1.64928E-1 1.86044E-1 2.00788E-1 2.02162E-1 2.16808E-1 2.16869E-1 2.44544E-1 2.66194E-1 3.0739E-1 3.44026E-1 3.56685E-1 4.15584E-1 4.59199E-1 4.16635E-1 4.39153E-1 4.46879E-1 4.73631E-1 5.16776E-1 5.16541E-1 5.22886E-1 5.36428E-1 7.2634E-1 7.44491E-1 4.87959E-1 4.56221E-1 4.25155E-1 4.54557E-1 2.74077E-1 3.48505E-1 6.25757E-1 7.41604E-1 7.4522E-1 5.67266E-1 5.17767E-1 4.74217E-1 4.15175E-1 4.38825E-1 4.45861E-1 4.38058E-1 4.26081E-1 4.25785E-1 4.21674E-1 4.33006E-1 4.09429E-1 3.97372E-1 3.74104E-1 3.69594E-1 3.50127E-1 3.6681E-1 3.11308E-1 9.89447E-2 1.00244E-1 3.17498E-1 3.27225E-1
-9999 4.64819E-2 6.46233E-2 1.03002E-1 1.07776E-1 1.13186E-1 1.36542E-1 1.61772E-1 1.77697E-1 1.85805E-1 1.96675E-1 1.52711E-1 1.76336E-1 2.13588E-1 2.35629E-1 2.22198E-1 2.42498E-1 2.66946E-1 3.09333E-1 3.2299E-1 3.69211E-1 4.02955E-1 4.43923E-1 4.81177E-1 4.52157E-1 4.77396E-1 4.99696E-1 5.20257E-1 5.57031E-1 5.85713E-1 5.95042E-1 6.18228E-1 7.61E-1 7.27772E-1 6.53924E-2 4.47422E-1 3.47647E-1 3.84706E-1 4.1547E-1 3.04138E-1 5.50464E-1 5.92886E-1 6.0172E-1 4.8508E-1 4.50272E-1 4.12687E-1 3.92658E-1 4.23286E-1 3.98768E-1 3.82031E-1 3.96539E-1 4.34704E-1 4.31119E-1 4.08107E-1 3.62711E-1 3.24422E-1 3.46654E-1 3.50107E-1 3.37393E-1 2.9284E-1 1.17307E-1 9.44882E-2 9.8387E-2 3.14299E-1 3.41228E-1
-9999 4.71717E-2 6.77464E-2 6.70487E-2 1.14915E-1 1.18976E-1 1.28569E-1 1.61642E-1 1.85108E-1 2.05606E-1 1.77864E-1 1.78679E-1 2.0208E-1 2.22256E-1 2.30188E-1 2.40017E-1 2.49734E-1 2.70952E-1 3.11086E-1 3.58157E-1 4.03718E-1 4.43067E-1 4.76972E-1 5.12806E-1 4.80025E-1 5.21916E-1 5.53254E-1 5.6805E-1 5.72539E-1 6.42708E-1 6.60763E-1 7.85748E-1 6.40119E-1 5.51898E-1 4.3953E-1 2.56697E-1 3.64161E-1 3.48938E-1 3.98768E-1 4.11123E-1 5.69797E-1 5.98846E-1 5.64722E-1 4.52398E-1 3.92878E-1 3.57527E-1 3.83272E-1 3.80328E-1 3.9344E-1 4.12543E-1 4.46203E-1 4.62292E-1 4.08848E-1 4.05341E-1 3.41102E-1 3.1642E-1 3.31785E-1 3.82808E-1 3.24006E-1 2.7539E-1 3.13883E-1 1.03098E-1 3.06844E-1 3.34558E-1 3.47592E-1
-9999 4.90148E-2 6.51146E-2 6.57202E-2 1.07026E-1 1.11928E-1 1.32159E-1 1.49121E-1 2.0733E-1 2.47514E-1 2.15051E-1 2.30359E-1 2.84708E-1 2.54783E-1 2.71454E-1 2.69914E-1 2.76665E-1 3.14624E-1 3.25725E-1 3.72135E-1 4.43637E-1 4.57493E-1 4.80776E-1 4.62499E-1 5.07088E-1 5.42591E-1 5.801E-1 6.04088E-1 6.11714E-1 6.27007E-1 7.34288E-1 7.88431E-1 6.37324E-1 4.79653E-1 3.12973E-1 3.1984E-1 3.86113E-1 2.81589E-1 3.48798E-1 4.28792E-1 5.64326E-1 7.46358E-1 6.05137E-1 4.63672E-1 4.34288E-1 3.70827E-1 3.75856E-1 3.54052E-1 3.84974E-1 4.14041E-1 4.48203E-1 4.5561E-1 4.70732E-1 4.44113E-1 3.44497E-1 3.30559E-1 3.4559E-1 3.48288E-1 3.20824E-1 1.00399E-1 3.31059E-1 3.32042E-1 3.24673E-1 3.27086E-1 3.60228E-1
-9999 -9999 6.7644E-2 7.00056E-2 0E0 1.19829E-1 1.44576E-1 1.79376E-1 2.36523E-1 2.44684E-1 2.74827E-1 3.04916E-1 3.10131E-1 3.54584E-1 3.14706E-1 3.23331E-1 3.07147E-1 3.20327E-1 3.52908E-1 3.96078E-1 4.4513E-1 4.75725E-1 4.48367E-1 4.86703E-1 5.19313E-1 5.57378E-1 6.07385E-1 6.48289E-1 6.48967E-1 6.55077E-1 7.87206E-1 7.92955E-1 6.57512E-1 5.56429E-1 4.19811E-1 4.05791E-1 3.98964E-1 2.82575E-1 3.6979E-1 5.1774E-1 6.34329E-1 7.7096E-1 6.59803E-1 5.72109E-1 5.60267E-1 4.33758E-1 3.55667E-1 3.48538E-1 3.79517E-1 4.02651E-1 4.40253E-1 4.14235E-1 4.53787E-1 4.13932E-1 4.0146E-1 3.52557E-1 3.59982E-1 3.54086E-1 3.02473E-1 1.04338E-1 3.42315E-1 3.73676E-1 3.72686E-1 3.4664E-1 3.59697E-1
-9999 -9999 6.86445E-2 7.85082E-2 8.15897E-2 9.69915E-2 1.63145E-1 2.02529E-1 2.04681E-1 2.96469E-1 3.42698E-1 3.75788E-1 3.68299E-1 3.61468E-1 3.13135E-1 2.99417E-1 2.74862E-1 2.66226E-1 2.97022E-1 3.67136E-1 3.90981E-1 4.3276E-1 4.68991E-1 5.09332E-1 5.44547E-1 5.78076E-1 6.18921E-1 6.64951E-1 7.55383E-1 7.64678E-1 7.96098E-1 8.12495E-1 7.90314E-1 6.33678E-1 5.072E-1 4.17113E-1 3.74307E-1 3.53974E-1 3.86312E-1 5.08272E-1 6.71059E-1 7.83039E-1 7.81003E-1 6.56266E-1 5.57693E-1 4.12361E-1 3.64107E-1 3.51606E-1 3.68242E-1 3.94323E-1 4.3456E-1 3.93401E-1 3.93278E-1 3.7317E-1 3.9162E-1 4.1209E-1 3.47894E-1 3.39273E-1 3.00386E-1 1.0006E-1 3.30013E-1 3.78658E-1 3.80105E-1 3.74436E-1 1.13608E-1
-9999 -9999 -9999 7.88327E-2 9.0038E-2 1.08978E-1 1.35202E-1 1.82027E-1 2.39548E-1 3.00375E-1 3.69515E-1 3.75692E-1 3.84174E-1 3.82823E-1 3.77859E-1 2.77007E-1 2.22722E-1 2.33067E-1 2.77214E-1 3.80908E-1 4.07734E-1 4.65766E-1 4.96496E-1 5.29199E-1 5.56925E-1 5.9174E-1 6.2167E-1 6.45561E-1 6.5687E-1 7.93568E-1 8.15931E-1 8.00315E-1 7.19638E-1 6.60818E-1 5.75157E-1 4.61178E-1 3.96212E-1 4.27934E-1 4.26471E-1 4.32909E-1 5.54289E-1 6.59351E-1 6.57204E-1 5.80987E-1 4.44596E-1 4.04614E-1 3.07281E-1 2.87439E-1 3.20275E-1 3.56752E-1 3.55637E-1 3.59708E-1 3.91E-1 3.74667E-1 3.85206E-1 3.921E-1 3.23214E-1 2.96515E-1 2.75232E-1 1.134E-1 1.06274E-1 3.37131E-1 3.81398E-1 3.29976E-1 9.15944E-2
-9999 -9999 -9999 -9999 -9999 -9999 -9999 1.47457E-1 2.635E-1 2.99195E-1 3.22826E-1 3.64465E-1 3.99418E-1 4.11878E-1 3.83441E-1 2.47613E-1 1.57897E-1 1.87358E-1 2.99167E-1 4.01141E-1 4.4217E-1 4.76818E-1 5.07761E-1 5.48167E-1 5.7641E-1 6.13943E-1 6.35076E-1 6.50486E-1 6.55018E-1 7.9909E-1 8.19897E-1 7.16947E-1 6.85978E-1 6.48538E-1 6.04222E-1 5.3866E-1 4.61362E-1 4.59791E-1 4.61665E-1 4.86415E-1 5.5747E-1 6.28146E-1 6.14844E-1 4.91302E-1 3.38327E-1 3.24869E-1 2.82234E-1 2.59689E-1 3.19505E-1 3.35555E-1 3.24828E-1 3.87652E-1 3.72035E-1 3.81251E-1 3.67207E-1 3.48584E-1 2.81439E-1 2.6899E-1 9.11014E-2 9.13677E-2 8.90223E-2 1.16678E-1 3.3815E-1 1.00667E-1 6.99333E-2
-9999 -9999 -9999 -9999 -9999 -9999 -9999 -9999 2.02598E-1 3.01158E-1 3.21897E-1 3.56923E-1 3.9532E-1 4.20417E-1 3.95657E-1 3.39541E-1 2.90726E-1 2.87698E-1 3.67239E-1 4.17509E-1 4.60335E-1 4.90307E-1 5.39061E-1 5.73639E-1 5.95797E-1 6.17386E-1 6.49381E-1 6.65649E-1 7.62614E-1 8.3105E-1 7.38638E-1 6.80202E-1 6.33831E-1 6.1584E-1 6.10171E-1 5.83466E-1 5.2988E-1 5.0569E-1 5.01987E-1 5.01516E-1 5.17479E-1 5.79199E-1 5.82069E-1 4.68673E-1 3.29438E-1 3.10579E-1 2.67527E-1 2.46532E-1 2.76626E-1 2.91466E-1 3.06146E-1 3.70383E-1 3.62846E-1 3.59585E-1 3.25792E-1 1.0882E-1 1.04255E-1 8.43695E-2 7.70928E-2 7.22601E-2 6.35755E-2 7.71141E-2 8.57008E-2 7.32484E-2 5.94329E-2
-9999 -9999 -9999 -9999 -9999 -9999 -9999 -9999 -9999 2.20881E-1 2.38259E-1 3.46849E-1 3.65757E-1 3.68817E-1 3.81978E-1 4.38957E-1 4.71127E-1 4.61591E-1 4.08663E-1 4.2802E-1 4.88864E-1 5.24896E-1 5.51971E-1 5.93136E-1 6.13272E-1 6.33305E-1 6.68483E-1 7.66069E-1 7.76009E-1 8.34035E-1 7.26472E-1 6.66672E-1 6.00204E-1 5.77007E-1 6.08843E-1 5.81931E-1 5.2337E-1 4.94068E-1 5.04865E-1 5.14727E-1 4.75959E-1 4.38999E-1 4.46897E-1 4.19268E-1 2.88872E-1 2.64569E-1 2.98085E-1 2.78152E-1 3.15746E-1 2.69651E-1 3.07801E-1 3.65421E-1 3.56309E-1 3.34866E-1 2.85464E-1 8.49469E-2 8.76949E-2 9.14191E-2 8.33197E-2 5.83532E-2 3.85938E-2 5.01613E-2 5.7511E-2 5.76583E-2 5.03449E-2
-9999 -9999 -9999 -9999 -9999 -9999 -9999 -9999 -9999 2.32042E-1 2.44522E-1 2.55772E-1 3.54692E-1 3.64443E-1 3.60674E-1 4.55217E-1 4.68612E-1 4.63974E-1 4.1276E-1 4.74003E-1 5.26587E-1 5.3143E-1 5.79816E-1 6.02932E-1 6.32865E-1 6.44492E-1 7.5312E-1 7.63702E-1 6.97815E-1 8.37934E-1 7.13651E-1 6.63879E-1 6.22014E-1 5.76069E-1 5.7932E-1 5.45259E-1 4.89905E-1 4.56512E-1 4.78675E-1 4.55694E-1 4.06857E-1 3.75331E-1 3.75465E-1 3.61318E-1 3.05993E-1 2.99789E-1 3.02032E-1 2.9864E-1 2.89407E-1 2.8482E-1 3.18014E-1 3.17097E-1 3.26356E-1 2.81961E-1 8.15059E-2 7.68473E-2 8.36611E-2 8.34386E-2 8.23603E-2 6.1929E-2 4.04758E-2 4.26076E-2 4.64977E-2 4.77144E-2 3.94222E-2
-9999 -9999 -9999 -9999 -9999 -9999 -9999 -9999 -9999 -9999 -9999 2.5602E-1 2.59086E-1 2.73676E-1 3.69786E-1 3.77371E-1 3.7442E-1 4.22511E-1 4.30637E-1 4.81993E-1 5.22423E-1 5.87123E-1 6.03673E-1 6.35844E-1 7.81018E-1 7.79917E-1 8.13938E-1 7.78667E-1 6.93157E-1 8.28418E-1 6.98151E-1 6.07995E-1 6.12821E-1 5.97854E-1 5.27791E-1 4.93184E-1 5.00957E-1 4.83864E-1 4.68183E-1 4.29875E-1 3.75208E-1 3.69741E-1 3.6854E-1 3.98488E-1 4.07251E-1 3.92891E-1 3.30229E-1 2.88357E-1 2.90482E-1 2.88232E-1 3.2103E-1 3.08203E-1 2.98112E-1 9.07152E-2 7.92822E-2 7.31974E-2 7.57969E-2 8.06397E-2 8.31546E-2 6.54705E-2 5.3804E-2 5.328E-2 4.75359E-2 3.73467E-2 3.36525E-2
-9999 -9999 -9999 -9999 -9999 -9999 -9999 -9999 -9999 -9999 -9999 -9999 -9999 2.72924E-1 3.65989E-1 3.76074E-1 3.88111E-1 -9999 -9999 5.11091E-1 5.42043E-1 5.77724E-1 6.5465E-1 8.02738E-1 8.05321E-1 8.00916E-1 8.08868E-1 7.1658E-1 7.72586E-1 8.14837E-1 6.85552E-1 5.88352E-1 6.05363E-1 5.74508E-1 4.74673E-1 4.15828E-1 4.94159E-1 5.10935E-1 4.61858E-1 3.88443E-1 3.16379E-1 3.09447E-1 3.45171E-1 4.04501E-1 4.25088E-1 4.27675E-1 3.37394E-1 2.90918E-1 2.77965E-1 2.75337E-1 2.90695E-1 2.8105E-1 2.76812E-1 8.62674E-2 7.54E-2 7.24487E-2 7.62991E-2 8.98202E-2 1.06833E-1 1.02837E-1 8.85061E-2 8.03111E-2 6.85941E-2 6.04976E-2 5.35039E-2
-9999 -9999 -9999 -9999 -9999 -9999 -9999 -9999 -9999 -9999 -9999 -9999 -9999 2.4492E-1 2.4593E-1 -9999 -9999 4.67408E-1 4.97314E-1 5.58276E-1 5.70781E-1 5.78019E-1 7.91165E-1 7.85901E-1 7.94831E-1 8.0118E-1 7.67771E-1 6.73867E-1 8.12677E-1 8.07882E-1 6.99771E-1 6.56501E-1 6.39492E-1 5.72324E-1 4.56105E-1 4.19121E-1 4.75088E-1 4.82046E-1 4.21782E-1 3.40957E-1 9.13205E-2 8.91111E-2 2.86285E-1 3.24765E-1 3.73981E-1 3.89761E-1 3.54533E-1 3.10915E-1 2.84334E-1 2.68897E-1 2.55998E-1 2.4238E-1 2.23349E-1 9.12663E-2 1.00223E-1 1.05802E-1 1.00948E-1 1.14555E-1 1.20442E-1 1.08338E-1 9.25642E-2 8.03249E-2 6.47059E-2 6.35062E-2 5.12438E-2
-9999 -9999 -9999 -9999 -9999 -9999 -9999 -9999 -9999 -9999 -9999 2.1471E-1 2.26128E-1 2.31463E-1 2.80962E-1 3.21817E-1 4.63425E-1 4.97538E-1 5.2323E-1 5.53306E-1 6.12991E-1 7.41692E-1 7.08498E-1 6.74694E-1 6.73506E-1 7.72476E-1 7.96067E-1 7.65081E-1 8.11744E-1 8.06553E-1 7.21871E-1 7.00777E-1 6.71847E-1 6.01052E-1 5.15826E-1 4.70931E-1 4.47495E-1 4.24432E-1 3.52664E-1 9.48494E-2 7.40873E-2 8.29337E-2 1.02463E-1 3.30955E-1 3.88202E-1 4.2653E-1 4.53804E-1 4.38343E-1 4.2189E-1 3.64962E-1 2.79791E-1 2.46351E-1 2.21018E-1 3.14068E-1 3.81037E-1 4.27457E-1 3.78054E-1 1.35978E-1 1.2028E-1 9.81924E-2 8.0773E-2 7.22912E-2 6.03345E-2 4.97385E-2 5.07369E-2
-9999 -9999 -9999 -9999 -9999 -9999 -9999 -9999 -9999 -9999 -9999 2.0807E-1 2.14781E-1 2.27194E-1 2.53652E-1 3.32163E-1 5.54701E-1 6.8143E-1 6.91554E-1 7.10172E-1 6.67185E-1 7.71298E-1 6.47179E-1 6.28412E-1 6.44217E-1 6.68459E-1 7.83092E-1 7.98718E-1 8.0535E-1 8.131E-1 8.10154E-1 7.39394E-1 6.90461E-1 6.31902E-1 5.50103E-1 4.56502E-1 1.31423E-1 1.30848E-1 1.18004E-1 8.62955E-2 7.88593E-2 7.83032E-2 9.50829E-2 3.20546E-1 4.09183E-1 4.68017E-1 5.31065E-1 5.42777E-1 5.23571E-1 5.42442E-1 4.87714E-1 4.60525E-1 4.64316E-1 4.69401E-1 4.54806E-1 4.2511E-1 4.13971E-1 3.77544E-1 1.13268E-1 7.47032E-2 6.6255E-2 5.42519E-2 4.9178E-2 4.75281E-2 5.1847E-2
-9999 -9999 -9999 -9999 -9999 -9999 -9999 -9999 -9999 -9999 -9999 -9999 2.32756E-1 2.31092E-1 0E0 3.57486E-1 5.32314E-1 4.24546E-1 5.3515E-1 6.77914E-1 7.09665E-1 7.06185E-1 6.36954E-1 6.28277E-1 6.4844E-1 6.60753E-1 7.67002E-1 7.82902E-1 7.96285E-1 8.1236E-1 8.17195E-1 8.07141E-1 7.12974E-1 6.3155E-1 5.58925E-1 4.79855E-1 1.39265E-1 1.18223E-1 1.08985E-1 9.65115E-2 9.45853E-2 8.46529E-2 9.79582E-2 3.02103E-1 4.56434E-1 5.02783E-1 5.84148E-1 6.23016E-1 6.10956E-1 5.95875E-1 5.41665E-1 5.07645E-1 4.86442E-1 4.43474E-1 4.34034E-1 4.68878E-1 4.12443E-1 1.48498E-1 1.03171E-1 5.45666E-2 3.49087E-2 3.36238E-2 3.36089E-2 4.07314E-2 5.11278E-2
-9999 -9999 -9999 -9999 -9999 -9999 -9999 -9999 -9999 -9999 -9999 -9999 -9999 2.64985E-1 3.17261E-1 5.36586E-1 3.9786E-1 3.89376E-1 5.08137E-1 5.50542E-1 5.8864E-1 6.10843E-1 6.07421E-1 6.17141E-1 7.15915E-1 7.41788E-1 7.66455E-1 7.77885E-1 7.9597E-1 8.07462E-1 8.06606E-1 7.91571E-1 -9999 6.4048E-1 5.63435E-1 5.16837E-1 3.98931E-1 1.1982E-1 1.00734E-1 9.8214E-2 9.25852E-2 8.0996E-2 2.76117E-1 3.64276E-1 3.29349E-1 3.60031E-1 5.51618E-1 5.63062E-1 5.86223E-1 5.80972E-1 5.89591E-1 5.65217E-1 5.52458E-1 4.68379E-1 4.09482E-1 3.85124E-1 3.76801E-1 1.29591E-1 7.11043E-2 4.03596E-2 2.42314E-2 2.90347E-2 3.75557E-2 5.55617E-2 6.90199E-2
-9999 -9999 -9999 -9999 -9999 -9999 -9999 -9999 -9999 -9999 -9999 -9999 -9999 -9999 5.18536E-1 3.92252E-1 3.22055E-1 3.44377E-1 3.57866E-1 4.87E-1 5.15518E-1 5.44703E-1 5.87089E-1 6.13882E-1 7.02418E-1 7.03674E-1 7.18913E-1 7.3737E-1 7.69249E-1 7.83129E-1 7.75061E-1 6.84168E-1 -9999 6.19802E-1 5.76272E-1 5.07757E-1 4.01409E-1 9.37073E-2 5.08087E-2 4.37445E-2 4.60754E-2 5.06003E-2 6.69764E-2 2.98727E-1 4.15581E-1 4.88599E-1 4.93751E-1 4.95267E-1 5.70343E-1 5.48339E-1 5.12781E-1 5.63632E-1 5.17354E-1 4.66309E-1 3.89916E-1 3.69768E-1 3.47635E-1 1.02885E-1 5.75531E-2 2.94064E-2 3.23261E-2 3.87414E-2 4.83695E-2 7.27874E-2 9.68545E-2
-9999 -9999 -9999 -9999 -9999 -9999 -9999 -9999 -9999 -9999 -9999 -9999 -9999 -9999 -9999 3.70909E-1 3.36077E-1 3.21455E-1 3.19387E-1 3.06926E-1 2.7339E-1 3.96314E-1 5.08692E-1 5.88349E-1 7.00867E-1 6.92392E-1 6.13636E-1 6.99579E-1 6.18032E-1 6.00975E-1 5.65174E-1 5.91803E-1 5.92679E-1 5.56728E-1 4.82068E-1 4.15225E-1 1.0844E-1 5.59624E-2 3.14733E-2 2.77902E-2 3.50762E-2 7.37614E-2 3.51938E-1 5.28142E-1 6.19415E-1 6.35265E-1 5.98076E-1 5.11541E-1 5.36552E-1 4.79469E-1 4.04415E-1 4.44711E-1 3.80005E-1 3.45606E-1 3.26458E-1 3.47746E-1 3.34551E-1 1.02465E-1 6.96376E-2 4.6855E-2 3.35745E-2 2.43364E-2 2.31193E-2 5.06682E-2 1.07934E-1
-9999 -9999 -9999 -9999 -9999 -9999 -9999 -9999 -9999 -9999 -9999 -9999 -9999 -9999 -9999 -9999 3.11472E-1 2.96478E-1 2.72911E-1 2.38997E-1 2.10708E-1 2.59955E-1 3.82618E-1 5.65006E-1 6.87694E-1 6.80369E-1 6.82705E-1 5.94607E-1 5.632E-1 5.64654E-1 5.4802E-1 5.51021E-1 -9999 4.50721E-1 4.03079E-1 1.10663E-1 5.43967E-2 2.51935E-2 1.59497E-2 1.61158E-2 3.65803E-2 9.56401E-2 4.25402E-1 5.93713E-1 6.68632E-1 7.07071E-1 6.73583E-1 6.11163E-1 5.44211E-1 5.46408E-1 4.85972E-1 3.53884E-1 2.91274E-1 3.49791E-1 3.47483E-1 4.17577E-1 4.1991E-1 3.7348E-1 1.04424E-1 5.99839E-2 3.71208E-2 2.02023E-2 2.62552E-2 7.78869E-2 4.04384E-1
-9999 -9999 -9999 -9999 -9999 -9999 -9999 -9999 -9999 -9999 -9999 -9999 -9999 -9999 -9999 -9999 -9999 2.68867E-1 2.48349E-1 2.17681E-1 2.23614E-1 2.63304E-1 3.29382E-1 3.80288E-1 5.34538E-1 5.62209E-1 6.57203E-1 5.35561E-1 5.19948E-1 5.08219E-1 4.97172E-1 -9999 -9999 2.9156E-1 7.96235E-2 3.88733E-2 2.09913E-2 1.2491E-2 9.81938E-3 1.3219E-2 2.9136E-2 6.96584E-2 3.94556E-1 5.60185E-1 7.40842E-1 7.7866E-1 7.00048E-1 6.39717E-1 6.00064E-1 5.55581E-1 5.09893E-1 5.0771E-1 5.06138E-1 5.18956E-1 5.57352E-1 5.49701E-1 4.69923E-1 3.19236E-1 9.21564E-2 6.83205E-2 5.67293E-2 9.76784E-2 4.88741E-1 5.7579E-1 5.71589E-1
-9999 -9999 -9999 -9999 -9999 -9999 -9999 -9999 -9999 -9999 -9999 -9999 -9999 -9999 -9999 -9999 -9999 -9999 2.44709E-1 2.55949E-1 2.87908E-1 3.07151E-1 3.18197E-1 3.92765E-1 5.25576E-1 5.69189E-1 5.91173E-1 4.69898E-1 5.28676E-1 4.91969E-1 4.67255E-1 -9999 -9999 6.30596E-2 3.45171E-2 1.63827E-2 1.12933E-2 7.85864E-3 5.2754E-3 6.73585E-3 1.47891E-2 5.25655E-2 3.59516E-1 5.80885E-1 7.37075E-1 7.684E-1 6.79654E-1 6.55698E-1 6.40288E-1 5.99765E-1 5.56226E-1 6.05295E-1 6.30499E-1 6.15942E-1 6.41252E-1 5.60421E-1 4.89332E-1 5.35362E-1 5.85566E-1 5.9089E-1 5.86649E-1 6.30513E-1 6.26505E-1 6.24698E-1 6.28064E-1
-9999 -9999 -9999 -9999 -9999 -9999 -9999 -9999 -9999 -9999 -9999 -9999 -9999 -9999 -9999 -9999 -9999 -9999 -9999 2.70881E-1 3.46438E-1 3.20665E-1 3.10271E-1 3.73856E-1 4.56873E-1 6.35065E-1 6.37518E-1 5.26304E-1 -9999 -9999 -9999 -9999 -9999 -9999 1.74696E-2 7.26805E-3 4.18435E-3 3.34609E-3 2.42461E-3 3.11687E-3 8.53066E-3 4.77354E-2 4.28243E-1 7.03419E-1 6.6215E-1 7.56455E-1 6.6906E-1 6.36919E-1 6.01725E-1 5.63114E-1 5.2497E-1 5.41901E-1 5.59501E-1 5.75488E-1 6.43066E-1 6.78023E-1 6.68887E-1 6.81089E-1 7.0404E-1 7.04416E-1 6.69492E-1 6.67593E-1 6.20744E-1 6.35805E-1 5.94942E-1
