KUENM_DEFAULT/Final_Models/M_1_F_lqpth_Set_1_NE/sp1_4_se_asia.asc
ncols         320
nrows         243
xllcorner     44.0
yllcorner     -0.666666666666667
cellsize      0.166666666666667
NODATA_value  -9999
[rows 62 to 92 of 243, columns 70 to 139 of 320]
4.18765E-3 3.41055E-3 4.57359E-3 2.94814E-3 2.26983E-3 4.55342E-3 2.35307E-3 3.25589E-3 3.34054E-3 2.04994E-3 1.98535E-3 3.19646E-3 4.67511E-3 3.57039E-3 3.93968E-3 6.62844E-3 1.36567E-2 1.8097E-2 2.05353E-2 2.21384E-2 2.44525E-2 2.65783E-2 2.5636E-2 2.50406E-2 2.16195E-2 8.31936E-3 3.32943E-3 3.54306E-3 3.3474E-3 2.20395E-3 3.38481E-3 4.72224E-3 4.9644E-3 4.08123E-3 6.73027E-3 1.63857E-2 1.97314E-2 1.72577E-2 1.61279E-2 1.56587E-2 1.56161E-2 1.16815E-2 1.12363E-2 1.13639E-2 9.34274E-3 7.12314E-3 4.67447E-3 4.62412E-3 4.03915E-3 4.40487E-3 4.65315E-3 4.89068E-3 7.75046E-3 1.1961E-2 2.00317E-2 2.28352E-2 2.41202E-2 2.80496E-2 3.09621E-2 3.20966E-2 3.37301E-2 3.45106E-2 2.05345E-2 1.53468E-2 8.21404E-3 7.75055E-3 4.19797E-3 4.22441E-3 6.0693E-3 1.03987E-2
4.44749E-3 4.23993E-3 6.02335E-3 4.06605E-3 3.28676E-3 3.10461E-3 2.5118E-3 3.19355E-3 2.84167E-3 3.67194E-3 2.07119E-3 1.83597E-3 3.02338E-3 3.89883E-3 5.23949E-3 5.5089E-3 1.12481E-2 1.32412E-2 1.83006E-2 2.11038E-2 2.38884E-2 2.61146E-2 2.68226E-2 2.47635E-2 2.12349E-2 1.44556E-2 5.98413E-3 4.73735E-3 4.48032E-3 2.89198E-3 3.02909E-3 2.85536E-3 4.79491E-3 7.57989E-3 4.64176E-3 1.04432E-2 1.45613E-2 1.35636E-2 1.24723E-2 1.37831E-2 1.05637E-2 7.77421E-3 5.74735E-3 8.97218E-3 1.19659E-2 9.37636E-3 7.13634E-3 7.88266E-3 6.17098E-3 5.90867E-3 6.19579E-3 8.61961E-3 1.14233E-2 1.56012E-2 1.92818E-2 2.23525E-2 2.34595E-2 2.65186E-2 2.96291E-2 3.26503E-2 3.11295E-2 2.47696E-2 1.89413E-2 1.27626E-2 6.21567E-3 4.86168E-3 3.58156E-3 3.58066E-3 8.03071E-3 9.36003E-3
4.31351E-3 4.66779E-3 3.75928E-3 5.14726E-3 4.17635E-3 4.46331E-3 4.78039E-3 5.53364E-3 4.67952E-3 2.24117E-3 4.85387E-3 3.77927E-3 3.4481E-3 4.07303E-3 4.89112E-3 7.27508E-3 1.07112E-2 1.3117E-2 1.57088E-2 1.93021E-2 2.30603E-2 2.62858E-2 2.65065E-2 2.25E-2 2.49619E-2 1.61234E-2 3.93822E-3 5.763E-3 5.20963E-3 4.1797E-3 3.0054E-3 2.33535E-3 3.88264E-3 1.03066E-2 1.11358E-2 1.18058E-2 1.35309E-2 1.35739E-2 1.32248E-2 1.25416E-2 1.02365E-2 9.61234E-3 5.87941E-3 8.62144E-3 1.52311E-2 1.44231E-2 1.21145E-2 1.18982E-2 9.75154E-3 1.01692E-2 1.08427E-2 1.07928E-2 1.26945E-2 1.54537E-2 1.85462E-2 2.16066E-2 2.47835E-2 2.57513E-2 2.75156E-2 2.36105E-2 2.07351E-2 2.82032E-2 1.65952E-2 6.0747E-3 5.52437E-3 3.45205E-3 2.13513E-3 3.20384E-3 5.96395E-3 1.56543E-2
6.39585E-3 4.04761E-3 4.42607E-3 5.83679E-3 3.71601E-3 4.86707E-3 4.57104E-3 5.91157E-3 4.00365E-3 3.87325E-3 4.09259E-3 6.59189E-3 5.2842E-3 2.93893E-3 3.34034E-3 5.20564E-3 9.95431E-3 1.42706E-2 1.54808E-2 1.86282E-2 2.12516E-2 2.66142E-2 2.34337E-2 2.20699E-2 2.4692E-2 2.30294E-2 7.431E-3 5.32042E-3 5.87214E-3 4.36051E-3 2.65941E-3 2.50669E-3 4.33072E-3 8.18416E-3 1.30674E-2 1.84885E-2 1.67601E-2 1.7912E-2 1.97993E-2 1.94233E-2 1.77774E-2 1.67287E-2 1.60222E-2 1.82382E-2 1.90645E-2 1.84258E-2 1.71643E-2 1.48611E-2 1.43074E-2 1.32915E-2 1.30754E-2 1.38376E-2 1.43206E-2 1.63278E-2 1.85918E-2 1.90713E-2 1.57174E-2 1.5864E-2 1.72377E-2 2.25333E-2 2.24406E-2 1.98863E-2 9.23926E-3 5.3751E-3 4.67436E-3 2.52708E-3 1.68172E-3 4.67318E-3 1.81362E-2 3.10779E-2
7.84885E-3 4.59637E-3 4.828E-3 7.76949E-3 7.18492E-3 4.51887E-3 4.67189E-3 3.47666E-3 5.88319E-3 7.12475E-3 4.50479E-3 1.14066E-2 1.36681E-2 6.30339E-3 2.05975E-3 3.60923E-3 6.20281E-3 1.09025E-2 1.54373E-2 1.92507E-2 2.24366E-2 2.45208E-2 2.50483E-2 2.42917E-2 2.50867E-2 2.09768E-2 9.65373E-3 5.15405E-3 6.06617E-3 4.37508E-3 2.60292E-3 3.0132E-3 2.75434E-3 4.46846E-3 7.24243E-3 1.46005E-2 2.00462E-2 2.00046E-2 2.43304E-2 2.35917E-2 2.25943E-2 2.56671E-2 2.60113E-2 2.7008E-2 2.6582E-2 2.31535E-2 2.14938E-2 2.0555E-2 1.85151E-2 1.79203E-2 1.53722E-2 1.42742E-2 1.33461E-2 1.36983E-2 1.15691E-2 8.5268E-3 9.65405E-3 1.38501E-2 2.42621E-2 4.68244E-2 3.9836E-2 1.49301E-2 6.80718E-3 5.91626E-3 4.72382E-3 2.39066E-3 3.97049E-3 4.21744E-3 1.16157E-2 4.72757E-2
7.40582E-3 8.31201E-3 8.51906E-3 6.38627E-3 5.48091E-3 5.7655E-3 6.88935E-3 3.00716E-3 4.95522E-3 7.2964E-3 4.85165E-3 1.19199E-2 3.35241E-2 1.24113E-2 7.59245E-3 2.34648E-3 5.84694E-3 7.14479E-3 1.24696E-2 1.91219E-2 2.27478E-2 2.49695E-2 2.50261E-2 2.53895E-2 2.28314E-2 2.11121E-2 1.43696E-2 5.68374E-3 7.08249E-3 5.92266E-3 4.39845E-3 4.55893E-3 2.05263E-3 3.28371E-3 6.56418E-3 1.22378E-2 2.31525E-2 2.34528E-2 2.33539E-2 2.73177E-2 2.64255E-2 2.80067E-2 3.08729E-2 3.1747E-2 2.82155E-2 2.67539E-2 2.64203E-2 2.47316E-2 2.16636E-2 1.91229E-2 1.24692E-2 8.40851E-3 8.58185E-3 1.1027E-2 1.25388E-2 1.37059E-2 2.16975E-2 2.85356E-2 4.78795E-2 4.98251E-2 3.16438E-2 1.21863E-2 7.56232E-3 7.28921E-3 3.44975E-3 2.40257E-3 7.26987E-3 7.07606E-3 1.7951E-2 7.39449E-2
1.55154E-2 1.64059E-2 1.91541E-2 2.23935E-2 2.02237E-2 1.57169E-2 5.73814E-3 8.50325E-3 6.77091E-3 6.22109E-3 1.68995E-2 2.4405E-2 3.48801E-2 3.2763E-2 1.37367E-2 6.23342E-3 5.585E-3 4.91185E-3 1.02207E-2 1.62812E-2 1.94894E-2 2.02922E-2 2.07918E-2 2.22932E-2 1.97532E-2 1.71164E-2 1.81737E-2 1.02546E-2 8.23291E-3 7.91553E-3 6.83654E-3 5.35364E-3 5.31072E-3 6.16424E-3 8.26506E-3 5.0002E-3 1.22308E-2 2.3697E-2 2.64049E-2 2.8106E-2 3.09312E-2 2.99224E-2 2.57127E-2 2.67032E-2 2.64198E-2 3.08591E-2 2.99853E-2 2.91433E-2 2.46209E-2 2.00548E-2 1.46001E-2 1.67705E-2 1.87711E-2 2.13562E-2 2.41274E-2 2.59334E-2 4.75826E-2 5.02083E-2 4.89081E-2 4.43669E-2 2.54615E-2 9.19607E-3 9.29119E-3 7.95156E-3 4.66026E-3 1.09464E-2 1.204E-2 1.14349E-2 2.6499E-2 7.99109E-2
2.61362E-2 2.47767E-2 2.38252E-2 2.37494E-2 1.92189E-2 1.92917E-2 1.2275E-2 7.06853E-3 1.24015E-2 2.08063E-2 3.05199E-2 3.2461E-2 3.74596E-2 3.40567E-2 2.98362E-2 2.4477E-2 1.14249E-2 1.04969E-2 9.9575E-3 1.22876E-2 1.42599E-2 1.31802E-2 1.4156E-2 1.91114E-2 1.72298E-2 1.20898E-2 1.44745E-2 1.5561E-2 8.74483E-3 7.6926E-3 8.36565E-3 7.9433E-3 7.50129E-3 8.15257E-3 1.00364E-2 7.22138E-3 6.01748E-3 1.1898E-2 1.814E-2 2.50921E-2 3.08305E-2 2.92537E-2 2.93233E-2 2.9222E-2 2.90321E-2 3.35167E-2 3.1578E-2 2.75924E-2 2.79188E-2 2.75145E-2 2.69854E-2 2.43914E-2 2.47181E-2 2.56262E-2 4.47362E-2 4.60892E-2 4.78275E-2 4.89503E-2 4.53703E-2 3.39658E-2 1.99065E-2 1.07944E-2 1.10533E-2 7.90731E-3 8.7768E-3 1.20991E-2 9.69952E-3 1.50942E-2 2.4909E-2 5.98206E-2
3.82313E-2 2.21657E-2 1.65189E-2 2.0972E-2 1.85843E-2 1.52779E-2 2.14071E-2 1.11111E-2 2.30108E-2 3.4329E-2 2.77492E-2 2.47162E-2 3.31819E-2 4.17182E-2 3.89446E-2 3.58273E-2 3.4862E-2 3.39342E-2 2.91933E-2 1.00497E-2 1.13939E-2 1.21723E-2 8.41817E-3 1.50678E-2 1.52102E-2 6.33822E-3 9.76569E-3 1.40685E-2 1.16739E-2 7.33271E-3 9.22928E-3 1.02039E-2 9.53165E-3 9.46721E-3 9.78475E-3 5.86018E-3 5.4425E-3 7.82957E-3 9.56692E-3 1.73931E-2 2.8514E-2 3.20329E-2 3.14715E-2 3.09115E-2 2.93726E-2 3.18022E-2 3.01389E-2 2.871E-2 2.89003E-2 2.80005E-2 4.92013E-2 4.52654E-2 4.49843E-2 4.65962E-2 4.44659E-2 4.62674E-2 4.53599E-2 4.248E-2 3.64924E-2 1.90412E-2 1.54339E-2 9.71317E-3 1.09737E-2 1.0462E-2 1.2076E-2 1.55776E-2 1.97913E-2 2.16473E-2 3.94188E-2 4.74265E-2
3.0567E-2 2.06439E-2 1.6027E-2 1.51948E-2 1.8443E-2 1.55047E-2 2.39109E-2 2.71902E-2 3.61523E-2 4.13711E-2 3.53257E-2 3.38814E-2 3.91322E-2 4.62881E-2 4.58536E-2 4.6417E-2 4.41412E-2 4.32419E-2 4.24064E-2 3.83581E-2 3.14945E-2 2.32981E-2 2.04146E-2 1.73391E-2 1.50049E-2 1.1728E-2 1.0964E-2 2.11573E-2 1.09618E-2 1.49395E-2 1.11409E-2 1.06225E-2 1.05562E-2 8.19977E-3 8.70879E-3 9.00376E-3 1.12227E-2 1.1019E-2 8.93099E-3 1.66949E-2 1.6564E-2 2.77062E-2 3.40228E-2 2.91126E-2 2.76769E-2 4.9427E-2 5.59983E-2 5.37161E-2 5.06279E-2 4.94618E-2 4.64307E-2 4.77156E-2 4.66644E-2 4.46084E-2 4.49716E-2 4.58012E-2 4.21354E-2 3.33057E-2 2.0224E-2 1.26289E-2 1.52651E-2 1.11505E-2 1.09654E-2 1.11534E-2 1.34446E-2 1.65736E-2 1.1373E-2 2.88828E-2 2.61738E-2 4.77854E-2
3.52076E-2 2.28314E-2 2.55995E-2 3.4598E-2 3.29263E-2 3.1857E-2 2.9685E-2 3.45569E-2 4.33722E-2 4.61755E-2 3.96516E-2 2.81486E-2 3.32662E-2 4.53441E-2 4.18759E-2 4.237E-2 4.26182E-2 4.32737E-2 4.88505E-2 4.88238E-2 4.93415E-2 5.43275E-2 4.97526E-2 2.21341E-2 2.41636E-2 2.44976E-2 2.90688E-2 3.26286E-2 2.13586E-2 1.70886E-2 1.58711E-2 1.47415E-2 1.0834E-2 1.2081E-2 1.05669E-2 1.76045E-2 1.82634E-2 1.71141E-2 7.5879E-3 1.43507E-2 2.12364E-2 3.58772E-2 4.85055E-2 4.90443E-2 5.24805E-2 5.40805E-2 5.56337E-2 5.285E-2 4.90138E-2 4.73123E-2 4.78463E-2 4.81438E-2 4.75564E-2 4.54022E-2 4.26866E-2 3.597E-2 2.94697E-2 1.86791E-2 1.11181E-2 1.19403E-2 1.42559E-2 1.35803E-2 1.72229E-2 2.00971E-2 1.64564E-2 2.06275E-2 3.07438E-2 3.13178E-2 3.8382E-2 4.18365E-2
4.54057E-2 5.83516E-2 4.96227E-2 5.25558E-2 4.19812E-2 4.8642E-2 3.94039E-2 4.68387E-2 4.18626E-2 4.00987E-2 4.68542E-2 3.75624E-2 3.28147E-2 4.94491E-2 4.18899E-2 4.46188E-2 4.65047E-2 4.67065E-2 4.86874E-2 5.02601E-2 5.14035E-2 5.2882E-2 5.59488E-2 5.50365E-2 3.75449E-2 3.96309E-2 4.19193E-2 3.6372E-2 3.2879E-2 2.9437E-2 2.40484E-2 2.0029E-2 1.42552E-2 1.54131E-2 1.42458E-2 2.39683E-2 2.38985E-2 1.80894E-2 1.86763E-2 1.36901E-2 2.06858E-2 2.91753E-2 3.87657E-2 4.10098E-2 4.09724E-2 4.42843E-2 4.61622E-2 4.62553E-2 4.64824E-2 4.59759E-2 4.49666E-2 4.00323E-2 3.32218E-2 2.83682E-2 2.85278E-2 1.92719E-2 1.28271E-2 1.23298E-2 1.0771E-2 1.30404E-2 1.70596E-2 1.79012E-2 1.57656E-2 2.13945E-2 1.43604E-2 1.83778E-2 2.78696E-2 2.1769E-2 2.33336E-2 3.16804E-2
4.45563E-2 6.00651E-2 3.79991E-2 4.44772E-2 6.80765E-2 7.53305E-2 7.5565E-2 6.7439E-2 5.01375E-2 5.08794E-2 4.20869E-2 4.62595E-2 4.19626E-2 4.95719E-2 4.28818E-2 4.35144E-2 4.39989E-2 4.85929E-2 4.89738E-2 5.16092E-2 5.26165E-2 5.71415E-2 6.1031E-2 6.45547E-2 6.80702E-2 6.76845E-2 4.41523E-2 4.42204E-2 4.26067E-2 3.37697E-2 4.04913E-2 3.31773E-2 2.50051E-2 1.80365E-2 1.36165E-2 2.32427E-2 2.87151E-2 2.60765E-2 1.91537E-2 2.40822E-2 1.87454E-2 1.81802E-2 2.70602E-2 2.97622E-2 2.91959E-2 3.01707E-2 3.43537E-2 3.7944E-2 3.59443E-2 3.36976E-2 3.14265E-2 2.78027E-2 2.47676E-2 1.71286E-2 1.28608E-2 1.28384E-2 1.44151E-2 1.15629E-2 1.34827E-2 1.2218E-2 1.77336E-2 1.64946E-2 1.80123E-2 2.11286E-2 1.80785E-2 1.29486E-2 2.93689E-2 3.49895E-2 3.4369E-2 4.60605E-2
5.14124E-2 5.35008E-2 6.59774E-2 7.39911E-2 7.8847E-2 8.12934E-2 8.06223E-2 7.77271E-2 6.38678E-2 5.51176E-2 4.85884E-2 4.63935E-2 3.77308E-2 3.52894E-2 4.33527E-2 4.76312E-2 4.51263E-2 4.62732E-2 4.74573E-2 5.21486E-2 5.51444E-2 5.83579E-2 6.10413E-2 6.06427E-2 6.64682E-2 7.06902E-2 7.51455E-2 5.22449E-2 5.385E-2 5.12938E-2 5.26433E-2 4.80405E-2 2.51899E-2 2.28431E-2 2.24411E-2 1.64227E-2 2.33162E-2 2.6758E-2 2.83497E-2 2.48093E-2 2.89573E-2 2.17963E-2 1.80333E-2 1.51941E-2 1.60934E-2 2.09367E-2 3.21771E-2 2.93695E-2 2.65392E-2 2.68144E-2 2.30543E-2 1.88552E-2 1.55144E-2 1.69238E-2 1.80846E-2 1.66159E-2 1.51399E-2 1.83389E-2 1.53559E-2 1.24895E-2 1.7723E-2 2.32253E-2 2.73476E-2 2.10842E-2 1.94878E-2 1.62172E-2 2.36606E-2 4.0308E-2 3.85953E-2 7.03453E-2
5.59971E-2 6.55221E-2 -9999 -9999 -9999 -9999 -9999 8.01707E-2 7.30031E-2 5.69231E-2 5.31421E-2 4.24597E-2 2.04305E-2 2.34214E-2 3.01047E-2 3.58353E-2 4.3827E-2 4.81876E-2 5.23237E-2 4.74941E-2 5.03714E-2 5.26825E-2 5.63626E-2 6.00517E-2 6.28183E-2 6.56119E-2 6.59529E-2 4.80565E-2 4.92544E-2 5.36426E-2 4.95079E-2 3.50512E-2 2.99725E-2 2.39553E-2 2.10591E-2 2.45307E-2 2.51243E-2 2.7068E-2 2.83176E-2 2.99248E-2 3.01819E-2 3.15101E-2 3.20697E-2 3.23925E-2 3.43905E-2 3.75463E-2 3.92034E-2 3.67512E-2 3.07969E-2 2.40319E-2 2.11589E-2 2.11979E-2 2.03465E-2 1.8934E-2 1.59692E-2 1.78281E-2 2.39905E-2 2.42288E-2 1.90414E-2 2.66041E-2 1.37305E-2 3.63362E-2 2.34638E-2 2.14103E-2 2.58274E-2 2.42891E-2 2.89914E-2 3.77193E-2 5.04388E-2 6.28391E-2
-9999 -9999 6.74968E-2 -9999 -9999 -9999 -9999 -9999 7.78289E-2 6.73316E-2 5.19886E-2 3.65818E-2 2.81403E-2 2.34104E-2 3.31283E-2 3.31873E-2 2.79177E-2 3.23811E-2 3.7431E-2 4.41601E-2 4.92431E-2 5.17218E-2 4.79749E-2 5.21095E-2 5.83914E-2 5.99553E-2 6.20923E-2 6.67593E-2 5.57585E-2 3.37822E-2 2.59972E-2 3.61726E-2 3.54775E-2 3.65058E-2 3.35355E-2 3.17706E-2 2.20988E-2 2.31219E-2 2.47185E-2 2.5961E-2 2.63163E-2 2.74208E-2 2.53395E-2 2.66887E-2 3.12912E-2 3.46069E-2 3.63348E-2 3.74948E-2 3.4943E-2 3.14341E-2 2.66977E-2 2.07221E-2 1.9634E-2 1.85906E-2 2.15773E-2 2.19039E-2 2.18628E-2 2.44651E-2 3.04113E-2 1.87862E-2 3.70853E-2 2.98008E-2 2.98782E-2 2.13611E-2 2.90712E-2 3.07066E-2 3.14531E-2 3.73503E-2 5.33746E-2 9.75722E-2
5.6474E-2 6.02375E-2 -9999 -9999 -9999 -9999 -9999 -9999 7.64426E-2 5.92646E-2 5.00307E-2 3.13785E-2 2.25145E-2 3.14413E-2 3.27813E-2 2.83036E-2 3.41924E-2 3.47014E-2 2.49178E-2 3.08532E-2 3.87907E-2 3.627E-2 2.98331E-2 3.38307E-2 4.09277E-2 4.09392E-2 4.00459E-2 3.79687E-2 5.20765E-2 3.72475E-2 3.43228E-2 3.67037E-2 4.92776E-2 5.65381E-2 5.29035E-2 4.88809E-2 4.73728E-2 5.3369E-2 4.70517E-2 3.79083E-2 2.77373E-2 2.70249E-2 3.05825E-2 3.15098E-2 2.9904E-2 3.25114E-2 3.38112E-2 3.78782E-2 3.61961E-2 3.3002E-2 2.75005E-2 2.37524E-2 1.98075E-2 2.03725E-2 2.1625E-2 2.36841E-2 2.59443E-2 2.44836E-2 3.78277E-2 4.08132E-2 5.4406E-2 2.41662E-2 4.02373E-2 2.72443E-2 5.17097E-2 2.79637E-2 3.64998E-2 4.74969E-2 5.62986E-2 9.05381E-2
-9999 -9999 -9999 -9999 -9999 -9999 -9999 -9999 -9999 5.95043E-2 4.73038E-2 3.77447E-2 2.84109E-2 4.17792E-2 4.00284E-2 4.70442E-2 2.68764E-2 4.58006E-2 2.77403E-2 2.85254E-2 2.93476E-2 2.40693E-2 2.55457E-2 3.30217E-2 2.9782E-2 4.06681E-2 4.0267E-2 3.26784E-2 3.1952E-2 4.86988E-2 6.42319E-2 4.88077E-2 4.2214E-2 6.05445E-2 4.73693E-2 4.57673E-2 5.59694E-2 6.73536E-2 7.73981E-2 1.03086E-1 6.59598E-2 5.54521E-2 4.72241E-2 3.99359E-2 3.63862E-2 3.75225E-2 3.63626E-2 3.63773E-2 3.56106E-2 3.20387E-2 4.30635E-2 3.92081E-2 3.9346E-2 3.98653E-2 4.01337E-2 4.60435E-2 5.70452E-2 5.65391E-2 5.68593E-2 5.8214E-2 7.06463E-2 6.14701E-2 5.9024E-2 7.45241E-2 1.12937E-1 5.34461E-2 4.73173E-2 6.70538E-2 7.54506E-2 1.05722E-1
-9999 -9999 -9999 -9999 -9999 -9999 -9999 -9999 7.56199E-2 6.90602E-2 4.92441E-2 3.21366E-2 4.31871E-2 3.11956E-2 3.1063E-2 4.02776E-2 2.8588E-2 3.78968E-2 3.70936E-2 4.10877E-2 4.2029E-2 3.87536E-2 4.07941E-2 4.21871E-2 3.6028E-2 3.48851E-2 3.66946E-2 3.28601E-2 5.7285E-2 5.85077E-2 7.10888E-2 6.26637E-2 6.34596E-2 8.82431E-2 7.77877E-2 8.2471E-2 9.19179E-2 9.06317E-2 9.76107E-2 1.25254E-1 8.01053E-2 7.45913E-2 9.17196E-2 6.52515E-2 5.97335E-2 5.83172E-2 5.6788E-2 7.95801E-2 7.33606E-2 6.8919E-2 6.24633E-2 6.14169E-2 5.32575E-2 4.11982E-2 3.71558E-2 6.59315E-2 9.02054E-2 1.01906E-1 1.12903E-1 1.24557E-1 9.38214E-2 8.86E-2 7.67486E-2 1.25931E-1 1.23587E-1 6.38506E-2 7.43293E-2 9.47593E-2 9.14643E-2 9.02563E-2
-9999 -9999 -9999 -9999 -9999 -9999 -9999 -9999 -9999 6.83196E-2 5.23871E-2 3.43118E-2 4.11623E-2 3.55938E-2 3.84264E-2 3.0897E-2 3.98037E-2 4.11056E-2 4.06379E-2 4.75704E-2 4.2787E-2 4.50201E-2 4.41177E-2 4.5411E-2 4.59647E-2 4.53594E-2 4.61254E-2 4.7217E-2 4.37569E-2 4.66952E-2 5.23322E-2 8.03234E-2 9.00701E-2 9.54299E-2 9.86371E-2 1.00191E-1 9.96004E-2 1.23083E-1 1.19827E-1 1.28279E-1 1.27129E-1 1.08312E-1 1.17825E-1 1.26718E-1 1.31918E-1 1.14176E-1 1.1506E-1 9.74302E-2 8.14622E-2 7.74781E-2 6.96478E-2 5.9074E-2 4.98289E-2 6.50287E-2 7.99129E-2 8.28644E-2 7.87044E-2 1.1022E-1 1.26679E-1 1.43426E-1 1.55378E-1 1.53635E-1 1.55297E-1 2.02934E-1 1.69303E-1 1.13145E-1 8.7339E-2 8.95583E-2 1.04434E-1 1.06512E-1
-9999 -9999 -9999 -9999 -9999 -9999 -9999 -9999 -9999 6.66577E-2 5.54791E-2 4.25091E-2 4.38726E-2 4.33428E-2 3.80814E-2 5.66205E-2 3.58262E-2 4.47274E-2 4.19104E-2 4.14755E-2 4.42115E-2 4.51195E-2 4.34303E-2 4.63774E-2 4.64112E-2 4.63267E-2 4.63507E-2 5.44923E-2 5.51665E-2 5.45443E-2 7.88107E-2 8.75949E-2 9.39007E-2 9.60125E-2 9.38257E-2 1.15109E-1 1.19044E-1 1.40688E-1 1.37633E-1 1.39959E-1 1.47304E-1 1.6083E-1 1.63738E-1 1.61072E-1 1.52532E-1 1.15224E-1 1.02815E-1 8.91699E-2 6.95596E-2 7.43841E-2 7.37586E-2 7.47177E-2 7.96521E-2 7.9819E-2 7.66741E-2 8.08838E-2 1.0178E-1 1.27721E-1 1.44466E-1 1.01118E-1 1.37862E-1 1.73727E-1 1.67349E-1 2.33338E-1 1.99011E-1 1.56326E-1 1.4417E-1 1.62232E-1 1.73936E-1 1.54476E-1
-9999 -9999 -9999 -9999 -9999 -9999 -9999 -9999 -9999 -9999 5.59351E-2 4.86839E-2 4.29615E-2 4.26177E-2 4.82318E-2 4.49416E-2 4.7223E-2 4.53367E-2 4.35796E-2 4.62949E-2 4.62285E-2 4.48791E-2 5.0293E-2 5.21068E-2 4.34721E-2 4.50594E-2 4.34276E-2 4.36881E-2 4.41936E-2 4.99186E-2 5.02864E-2 5.62779E-2 5.8125E-2 5.88063E-2 1.14287E-1 1.10558E-1 1.13051E-1 1.1218E-1 1.34264E-1 1.31261E-1 1.43386E-1 1.62628E-1 1.66965E-1 1.72127E-1 1.68468E-1 1.22823E-1 9.87695E-2 8.90425E-2 7.55306E-2 7.21206E-2 5.24513E-2 5.90107E-2 7.50712E-2 7.74756E-2 8.99334E-2 9.83104E-2 1.30295E-1 1.25342E-1 1.22525E-1 1.34867E-1 1.48182E-1 1.55094E-1 1.54453E-1 2.38752E-1 2.71006E-1 2.5649E-1 1.8897E-1 1.49895E-1 1.64668E-1 1.6281E-1
-9999 -9999 -9999 -9999 -9999 -9999 -9999 -9999 -9999 -9999 -9999 5.43167E-2 4.99812E-2 4.26417E-2 4.65782E-2 4.88721E-2 4.97167E-2 4.80879E-2 4.83812E-2 4.69577E-2 5.17288E-2 5.32783E-2 4.91006E-2 4.31435E-2 4.19755E-2 4.02597E-2 4.0871E-2 4.24635E-2 4.28127E-2 4.17031E-2 4.60803E-2 5.35493E-2 6.04623E-2 5.77663E-2 6.02625E-2 1.05865E-1 9.90188E-2 1.13036E-1 1.25978E-1 1.30923E-1 1.37625E-1 1.57328E-1 1.54346E-1 1.50773E-1 1.47186E-1 1.23744E-1 1.08605E-1 9.64314E-2 9.72845E-2 8.28934E-2 7.48889E-2 8.8288E-2 8.92289E-2 8.45087E-2 9.40466E-2 1.0763E-1 1.05017E-1 1.21611E-1 1.35587E-1 1.38854E-1 1.43068E-1 1.43277E-1 1.6013E-1 2.08782E-1 2.43153E-1 2.4194E-1 2.10814E-1 1.82638E-1 1.48862E-1 1.58301E-1
-9999 -9999 -9999 -9999 -9999 -9999 -9999 -9999 -9999 -9999 -9999 -9999 -9999 -9999 4.82654E-2 4.98547E-2 -9999 -9999 5.27964E-2 5.10705E-2 5.0469E-2 5.12228E-2 4.94698E-2 4.50249E-2 4.09851E-2 4.6686E-2 4.61447E-2 4.41762E-2 4.20643E-2 3.97392E-2 4.20641E-2 4.60113E-2 5.10882E-2 5.54071E-2 5.33186E-2 5.32456E-2 5.49846E-2 1.08875E-1 1.09005E-1 9.96174E-2 9.54197E-2 1.16023E-1 1.23571E-1 1.16801E-1 1.08377E-1 1.07721E-1 1.05793E-1 8.95162E-2 7.83947E-2 8.75358E-2 9.23971E-2 8.49907E-2 8.74538E-2 8.12237E-2 8.54444E-2 9.83833E-2 1.17366E-1 1.0165E-1 1.2425E-1 1.27972E-1 1.32697E-1 1.41663E-1 1.68791E-1 -9999 -9999 1.90322E-1 1.73558E-1 1.61417E-1 1.50977E-1 1.64779E-1
-9999 -9999 -9999 -9999 -9999 -9999 -9999 -9999 -9999 -9999 -9999 -9999 -9999 -9999 -9999 -9999 -9999 -9999 -9999 -9999 5.04778E-2 -9999 -9999 4.66235E-2 4.58681E-2 4.56052E-2 4.40724E-2 4.28622E-2 4.31971E-2 -9999 4.20644E-2 4.14343E-2 4.20021E-2 4.82969E-2 4.95769E-2 5.03098E-2 5.19036E-2 5.33716E-2 9.18641E-2 9.31365E-2 9.41418E-2 8.64482E-2 1.04626E-1 1.03989E-1 1.03788E-1 1.0003E-1 9.25072E-2 5.02653E-2 4.88652E-2 5.18983E-2 5.36551E-2 5.32055E-2 5.29958E-2 5.12924E-2 5.64527E-2 1.00385E-1 8.82362E-2 1.07903E-1 1.20526E-1 1.44256E-1 1.54943E-1 -9999 -9999 -9999 -9999 -9999 1.54196E-1 1.44408E-1 1.57613E-1 1.65848E-1
-9999 -9999 -9999 -9999 -9999 -9999 -9999 -9999 -9999 -9999 -9999 -9999 -9999 -9999 -9999 -9999 -9999 -9999 -9999 -9999 -9999 -9999 -9999 -9999 -9999 -9999 -9999 -9999 -9999 -9999 -9999 4.00823E-2 4.08765E-2 4.1846E-2 4.29012E-2 4.37231E-2 4.42639E-2 4.46745E-2 4.80355E-2 9.22994E-2 9.37941E-2 -9999 -9999 9.72628E-2 9.61017E-2 5.09444E-2 4.50885E-2 -9999 -9999 -9999 -9999 -9999 4.8116E-2 -9999 -9999 -9999 -9999 -9999 -9999 -9999 -9999 -9999 -9999 -9999 -9999 -9999 1.45536E-1 1.41004E-1 1.69902E-1 1.57601E-1
-9999 -9999 -9999 -9999 -9999 -9999 -9999 -9999 -9999 -9999 -9999 -9999 -9999 -9999 -9999 -9999 -9999 -9999 -9999 -9999 -9999 -9999 -9999 -9999 -9999 -9999 -9999 -9999 -9999 -9999 -9999 -9999 -9999 -9999 3.94172E-2 -9999 3.71459E-2 -9999 -9999 -9999 -9999 -9999 -9999 -9999 -9999 -9999 -9999 -9999 -9999 -9999 -9999 -9999 -9999 -9999 -9999 -9999 -9999 -9999 -9999 -9999 -9999 -9999 -9999 -9999 -9999 -9999 1.47161E-1 1.53176E-1 1.66763E-1 1.74128E-1
-9999 -9999 -9999 -9999 -9999 -9999 -9999 -9999 -9999 -9999 -9999 -9999 -9999 -9999 -9999 -9999 -9999 -9999 -9999 -9999 -9999 -9999 -9999 -9999 -9999 -9999 -9999 -9999 -9999 -9999 -9999 -9999 -9999 -9999 -9999 -9999 -9999 -9999 -9999 -9999 -9999 -9999 -9999 -9999 -9999 -9999 -9999 -9999 -9999 -9999 -9999 -9999 -9999 -9999 -9999 -9999 -9999 -9999 -9999 -9999 -9999 -9999 -9999 -9999 -9999 -9999 8.43287E-2 9.12234E-2 9.31995E-2 1.02103E-1
-9999 -9999 -9999 -9999 -9999 -9999 -9999 -9999 -9999 -9999 -9999 -9999 -9999 -9999 -9999 -9999 -9999 -9999 -9999 -9999 -9999 -9999 -9999 -9999 -9999 -9999 -9999 -9999 -9999 -9999 -9999 -9999 -9999 -9999 -9999 -9999 -9999 -9999 -9999 -9999 -9999 -9999 -9999 -9999 -9999 -9999 -9999 -9999 -9999 -9999 -9999 -9999 -9999 -9999 -9999 -9999 -9999 -9999 -9999 -9999 -9999 -9999 -9999 -9999 -9999 -9999 -9999 -9999 -9999 -9999
-9999 -9999 -9999 -9999 -9999 -9999 -9999 -9999 -9999 -9999 -9999 -9999 -9999 -9999 -9999 -9999 -9999 -9999 -9999 -9999 -9999 -9999 -9999 -9999 -9999 -9999 -9999 -9999 -9999 -9999 -9999 -9999 -9999 -9999 -9999 -9999 -9999 -9999 -9999 -9999 -9999 -9999 -9999 -9999 -9999 -9999 -9999 -9999 -9999 -9999 -9999 -9999 -9999 -9999 -9999 -9999 -9999 -9999 -9999 -9999 -9999 -9999 -9999 -9999 -9999 -9999 -9999 -9999 -9999 9.84369E-2
-9999 -9999 -9999 -9999 -9999 -9999 -9999 -9999 -9999 -9999 -9999 -9999 -9999 -9999 -9999 -9999 -9999 -9999 -9999 -9999 -9999 -9999 -9999 -9999 -9999 -9999 -9999 -9999 -9999 -9999 -9999 -9999 -9999 -9999 -9999 -9999 -9999 -9999 -9999 -9999 -9999 -9999 -9999 -9999 -9999 -9999 -9999 -9999 -9999 -9999 -9999 -9999 -9999 -9999 -9999 -9999 -9999 -9999 -9999 -9999 -9999 -9999 -9999 -9999 -9999 -9999 -9999 -9999 -9999 -9999
