KUENM_DEFAULT/Final_Models/M_1_F_lqpth_Set_1_NE/sp1_4_se_asia.asc
ncols         320
nrows         243
xllcorner     44.0
yllcorner     -0.666666666666667
cellsize      0.166666666666667
NODATA_value  -9999
[rows 31 to 61 of 243, columns 70 to 139 of 320]
6.54689E-3 6.76553E-3 6.79127E-3 6.88014E-3 6.9039E-3 6.75641E-3 6.86668E-3 6.52131E-3 4.79042E-3 3.95004E-3 5.78519E-3 6.3222E-3 5.87708E-3 4.64036E-3 4.24166E-3 3.79684E-3 4.26189E-3 5.04722E-3 5.56041E-3 5.82899E-3 5.68892E-3 5.83577E-3 5.66039E-3 5.67841E-3 5.3846E-3 3.5134E-3 4.48737E-3 3.73346E-3 6.04226E-3 4.21807E-3 5.7168E-3 6.04694E-3 5.8802E-3 5.99469E-3 1.42985E-2 1.19242E-2 1.01743E-2 8.79507E-3 7.46708E-3 4.23063E-3 4.32001E-3 2.64618E-3 2.2643E-3 1.14414E-3 6.85635E-4 7.7581E-4 7.4187E-4 5.42175E-4 4.14894E-4 3.70934E-4 2.36184E-4 2.51072E-4 1.67364E-4 2.63038E-4 2.91545E-4 3.46965E-4 3.46241E-4 3.81847E-4 3.15586E-4 2.84237E-4 3.09966E-4 2.68176E-4 2.09049E-4 1.89805E-4 1.58904E-4 1.31231E-4 1.16636E-4 1.58457E-4 2.02534E-4 2.16423E-4
6.97363E-3 6.98813E-3 7.04934E-3 7.13553E-3 6.94384E-3 6.83617E-3 7.32175E-3 6.95415E-3 5.71703E-3 4.24441E-3 6.09131E-3 6.19048E-3 5.97837E-3 3.74101E-3 2.03705E-3 2.02033E-3 2.82744E-3 3.97335E-3 4.79824E-3 5.43055E-3 5.63581E-3 5.69735E-3 5.98202E-3 4.76836E-3 5.46481E-3 6.18707E-3 5.51474E-3 5.5982E-3 3.92825E-3 3.57549E-3 5.05592E-3 5.3703E-3 5.06829E-3 5.74738E-3 6.84788E-3 1.59076E-2 1.47259E-2 1.36049E-2 1.22457E-2 1.03553E-2 9.80288E-3 6.6227E-3 2.13141E-3 1.3408E-3 1.68143E-3 3.52661E-3 2.19803E-3 9.41959E-4 4.63844E-4 5.476E-4 5.42525E-4 3.74371E-4 3.28833E-4 3.14957E-4 2.77704E-4 3.22336E-4 3.1181E-4 2.20766E-4 2.291E-4 1.92516E-4 1.88121E-4 1.66546E-4 1.50675E-4 1.47062E-4 1.30924E-4 1.50719E-4 1.51373E-4 1.46017E-4 1.80982E-4 1.4279E-4
7.09764E-3 7.54653E-3 7.60819E-3 7.39829E-3 6.33085E-3 4.91123E-3 6.15476E-3 6.09982E-3 4.90408E-3 5.14533E-3 6.77031E-3 6.22301E-3 5.68949E-3 4.46891E-3 2.69776E-3 1.77036E-3 1.3906E-3 2.84446E-3 3.75049E-3 3.77413E-3 4.10407E-3 5.32576E-3 6.1393E-3 4.94263E-3 4.23803E-3 6.95132E-3 7.41787E-3 7.34223E-3 7.06943E-3 6.50244E-3 5.63076E-3 5.03092E-3 5.82666E-3 5.92986E-3 5.85178E-3 4.85356E-3 9.95403E-3 1.34238E-2 1.54502E-2 1.4632E-2 1.23468E-2 1.07677E-2 7.46626E-3 6.25325E-3 4.60609E-3 1.27272E-3 6.47204E-4 7.19572E-4 6.14646E-4 5.78131E-4 3.96582E-4 2.28025E-4 2.07984E-4 2.12623E-4 1.80989E-4 1.82801E-4 1.78423E-4 1.81266E-4 2.11029E-4 1.90746E-4 1.88807E-4 1.80165E-4 2.10595E-4 2.42198E-4 1.99653E-4 1.95859E-4 1.82471E-4 2.23173E-4 1.65583E-4 2.27944E-4
7.64647E-3 7.42425E-3 7.48902E-3 7.09851E-3 5.58714E-3 3.12649E-3 5.07268E-3 5.03219E-3 4.04847E-3 5.77724E-3 6.65642E-3 6.26048E-3 5.18128E-3 4.3656E-3 3.65055E-3 2.84516E-3 1.32295E-3 9.82817E-4 1.96473E-3 2.2977E-3 2.60508E-3 3.68264E-3 4.87819E-3 5.56265E-3 4.98584E-3 7.15135E-3 7.40831E-3 8.46983E-3 8.81312E-3 8.43978E-3 8.63635E-3 8.321E-3 6.86659E-3 6.35113E-3 4.69229E-3 6.81223E-3 3.71564E-3 1.15648E-2 9.73289E-3 8.04907E-3 5.32432E-3 3.00654E-3 1.64514E-3 1.10744E-3 1.2522E-3 9.13085E-4 6.56087E-4 7.78328E-4 4.91015E-4 3.7194E-4 2.97405E-4 2.73778E-4 2.29056E-4 2.32002E-4 2.0791E-4 1.98036E-4 2.4494E-4 2.14652E-4 2.01558E-4 2.45518E-4 2.72219E-4 2.01921E-4 2.15551E-4 3.24565E-4 2.89532E-4 2.51378E-4 1.72945E-4 1.5511E-4 2.4838E-4 2.96916E-4
7.52387E-3 8.14216E-3 7.94721E-3 6.90631E-3 4.66546E-3 4.09812E-3 5.71913E-3 4.07633E-3 2.74342E-3 4.65991E-3 6.42548E-3 6.22097E-3 5.09755E-3 4.004E-3 3.33423E-3 3.29728E-3 2.79915E-3 1.60139E-3 1.42118E-3 2.48491E-3 2.78999E-3 2.3283E-3 3.53206E-3 4.65853E-3 4.90581E-3 6.28145E-3 5.84412E-3 7.13673E-3 8.59753E-3 8.92747E-3 7.29699E-3 7.88161E-3 6.53937E-3 4.59355E-3 3.56614E-3 3.70533E-3 3.96914E-3 3.51359E-3 5.8914E-3 3.68323E-3 2.93582E-3 1.71389E-3 1.39883E-3 1.06953E-3 6.20152E-4 7.27346E-4 8.23663E-4 6.10319E-4 3.2127E-4 2.98854E-4 2.55316E-4 2.28252E-4 2.12463E-4 2.52751E-4 2.64437E-4 2.6839E-4 2.12329E-4 2.30028E-4 1.91228E-4 2.05602E-4 3.82188E-4 2.67866E-4 2.68725E-4 4.25798E-4 1.98128E-4 2.10961E-4 1.89895E-4 2.34995E-4 3.57658E-4 2.87805E-4
7.78305E-3 7.92516E-3 7.23224E-3 6.08675E-3 5.55635E-3 7.54173E-3 8.92194E-3 7.04457E-3 2.78081E-3 2.50816E-3 5.76593E-3 5.9731E-3 5.19499E-3 4.46231E-3 3.62199E-3 3.65433E-3 3.66395E-3 3.1437E-3 1.99304E-3 1.46532E-3 2.34258E-3 2.62156E-3 3.22231E-3 3.95219E-3 3.03447E-3 3.11423E-3 5.71558E-3 6.01032E-3 8.07253E-3 8.7757E-3 8.18382E-3 8.26817E-3 6.39452E-3 4.34986E-3 4.69398E-3 4.84494E-3 3.78493E-3 2.9238E-3 2.09715E-3 2.02595E-3 3.20296E-3 1.90562E-3 1.44563E-3 7.75612E-4 7.7239E-4 5.032E-4 6.44116E-4 5.27658E-4 3.92187E-4 3.04571E-4 4.07028E-4 3.90848E-4 3.51602E-4 2.31507E-4 2.49179E-4 2.61203E-4 2.25144E-4 3.1837E-4 3.68659E-4 4.82939E-4 5.02212E-4 2.34408E-4 3.99321E-4 6.70064E-4 3.0196E-4 5.00338E-4 2.9579E-4 4.92274E-4 2.18895E-4 2.49608E-4
8.1307E-3 7.47214E-3 6.26415E-3 3.99683E-3 3.85917E-3 8.17807E-3 1.00156E-2 9.29505E-3 5.36095E-3 1.5048E-3 3.65124E-3 4.82942E-3 4.24859E-3 4.0406E-3 4.13775E-3 3.9055E-3 3.841E-3 3.24154E-3 3.53893E-3 2.52615E-3 1.76987E-3 2.15849E-3 2.42988E-3 2.19657E-3 3.39862E-3 3.65753E-3 5.50243E-3 6.9274E-3 8.21605E-3 8.86196E-3 8.42118E-3 8.38538E-3 7.16508E-3 6.18064E-3 5.56434E-3 4.84745E-3 3.95636E-3 3.0772E-3 2.67906E-3 2.47571E-3 1.54652E-3 2.04402E-3 1.7347E-3 1.55312E-3 6.07592E-4 5.05097E-4 7.05636E-4 1.03537E-3 1.01232E-3 8.09315E-4 5.34173E-4 4.64881E-4 3.68975E-4 3.6129E-4 2.93322E-4 2.28265E-4 3.39756E-4 3.57604E-4 8.88167E-4 1.30195E-3 8.2048E-4 2.82039E-4 8.98633E-4 6.01802E-4 1.0496E-3 8.70252E-4 3.24561E-4 2.81937E-4 2.95095E-4 2.67692E-4
8.35239E-3 6.53042E-3 5.09492E-3 3.41138E-3 4.03428E-3 7.3727E-3 9.62209E-3 1.0036E-2 7.05776E-3 2.54747E-3 2.58756E-3 4.2833E-3 4.318E-3 3.60366E-3 3.97761E-3 4.17526E-3 4.08746E-3 3.82088E-3 3.90841E-3 3.60823E-3 2.65046E-3 1.9066E-3 1.57192E-3 1.27089E-3 1.80088E-3 1.32266E-3 2.06427E-3 5.29264E-3 7.95938E-3 9.31249E-3 8.48536E-3 7.78233E-3 6.87935E-3 6.42718E-3 5.50409E-3 4.72137E-3 3.5842E-3 3.08204E-3 3.43977E-3 3.45579E-3 3.12578E-3 2.28534E-3 1.33559E-3 7.82027E-4 6.92498E-4 1.01625E-3 9.18614E-4 1.37982E-3 6.41762E-4 8.78325E-4 7.59176E-4 5.0846E-4 2.77957E-4 3.00508E-4 3.86068E-4 4.25822E-4 6.31634E-4 5.23305E-4 8.71917E-4 9.99196E-4 8.65167E-4 4.15945E-4 1.16715E-3 1.01863E-3 1.0152E-3 6.58121E-4 4.05913E-4 2.47478E-4 2.87421E-4 4.07149E-4
8.10638E-3 7.11286E-3 4.5195E-3 4.62296E-3 4.93623E-3 6.28096E-3 9.06706E-3 1.02821E-2 9.51451E-3 5.9363E-3 3.0718E-3 4.06202E-3 5.04392E-3 4.75718E-3 4.7178E-3 4.33699E-3 4.16702E-3 3.75963E-3 3.83784E-3 3.4078E-3 3.03629E-3 2.04305E-3 1.32922E-3 9.30769E-4 1.1524E-3 1.04785E-3 1.2875E-3 2.02347E-3 6.30715E-3 8.06258E-3 7.20821E-3 6.86937E-3 6.69463E-3 6.11566E-3 4.97364E-3 4.75478E-3 3.753E-3 3.70821E-3 3.92216E-3 4.08753E-3 3.03514E-3 2.08571E-3 1.55206E-3 1.78408E-3 1.26872E-3 1.58726E-3 1.0639E-3 8.4039E-4 1.13642E-3 7.38014E-4 4.99085E-4 7.75994E-4 3.78928E-4 3.50145E-4 4.0225E-4 5.80122E-4 9.59048E-4 8.09459E-4 1.44848E-3 1.27906E-3 2.13905E-3 1.17013E-3 1.09325E-3 1.57309E-3 5.70387E-4 2.34342E-4 2.78634E-4 3.09997E-4 2.42525E-4 3.87759E-4
7.23314E-3 7.46043E-3 5.86846E-3 4.86313E-3 4.28643E-3 4.65874E-3 7.40956E-3 9.47813E-3 1.05458E-2 9.95474E-3 3.19601E-3 3.51208E-3 6.37147E-3 6.50383E-3 5.87306E-3 4.17995E-3 4.14351E-3 3.00165E-3 2.30984E-3 2.31948E-3 2.59354E-3 1.69925E-3 1.19379E-3 1.24362E-3 1.7249E-3 1.81854E-3 2.05906E-3 1.59045E-3 4.78741E-3 7.28894E-3 6.76871E-3 6.9689E-3 6.93596E-3 5.79123E-3 5.21285E-3 4.29947E-3 3.23057E-3 3.41091E-3 4.22772E-3 2.93325E-3 2.49345E-3 2.96838E-3 2.76323E-3 1.49193E-3 1.23747E-3 1.10891E-3 2.06365E-3 1.21861E-3 5.06953E-4 4.56074E-4 5.67924E-4 3.35124E-4 3.60679E-4 5.43377E-4 1.03404E-3 9.01959E-4 1.00064E-3 6.99324E-4 1.09215E-3 2.36614E-3 2.49469E-3 2.8922E-3 1.82986E-3 9.67092E-4 4.59993E-4 4.35557E-4 5.80721E-4 4.83764E-4 5.1799E-4 6.02187E-4
4.98429E-3 7.72881E-3 6.61527E-3 4.66686E-3 3.64637E-3 3.81751E-3 6.71947E-3 7.96584E-3 8.32565E-3 9.5284E-3 7.88806E-3 6.5062E-3 7.85114E-3 7.50763E-3 7.38443E-3 6.29731E-3 5.8041E-3 4.67205E-3 2.79942E-3 3.23004E-3 3.18032E-3 2.76628E-3 2.34884E-3 1.25536E-3 9.36385E-4 1.95577E-3 2.82042E-3 3.1078E-3 4.81562E-3 6.54664E-3 8.29158E-3 7.89635E-3 6.96455E-3 5.59344E-3 5.60299E-3 5.31408E-3 4.72029E-3 4.60475E-3 4.12007E-3 3.82534E-3 4.31049E-3 3.79608E-3 4.34385E-3 4.12217E-3 3.07008E-3 2.28592E-3 2.08465E-3 7.04065E-4 4.16173E-4 6.14853E-4 4.90756E-4 8.96073E-4 8.03937E-4 1.17629E-3 1.45385E-3 1.38769E-3 1.57155E-3 1.33298E-3 2.82143E-3 3.68104E-3 3.82841E-3 1.51666E-3 2.77622E-3 1.67788E-3 1.15959E-3 1.17239E-3 5.64097E-4 3.75755E-4 4.16549E-4 9.63723E-4
5.0761E-3 6.35545E-3 5.86995E-3 4.98999E-3 4.72489E-3 4.92499E-3 6.34964E-3 7.65619E-3 7.79958E-3 8.24179E-3 9.23568E-3 9.91067E-3 8.67861E-3 7.60892E-3 7.73877E-3 7.2621E-3 6.62942E-3 5.8689E-3 4.61499E-3 3.95661E-3 1.95552E-3 1.39013E-3 1.59903E-3 1.72498E-3 1.19935E-3 1.03439E-3 2.77067E-3 3.32885E-3 4.44166E-3 6.82926E-3 8.43068E-3 8.88785E-3 8.09765E-3 6.27728E-3 5.21948E-3 5.49363E-3 6.21517E-3 4.84364E-3 4.50989E-3 6.69564E-3 6.72379E-3 6.36104E-3 5.73641E-3 4.09365E-3 4.02145E-3 3.1953E-3 2.48619E-3 1.23102E-3 1.0068E-3 4.41031E-4 4.77036E-4 5.5649E-4 6.66741E-4 1.61586E-3 2.75464E-3 1.68519E-3 9.05432E-4 2.32786E-3 3.42412E-3 2.86134E-3 3.64664E-3 6.41761E-3 4.92474E-3 3.09624E-3 1.16501E-3 4.76128E-4 6.60071E-4 5.98076E-4 8.46204E-4 5.76698E-4
4.63501E-3 6.80638E-3 6.48622E-3 5.08819E-3 5.65785E-3 4.93202E-3 5.67795E-3 7.17265E-3 6.5847E-3 4.56196E-3 5.68858E-3 9.59555E-3 9.61957E-3 7.70096E-3 7.67632E-3 7.10425E-3 5.929E-3 5.99741E-3 5.30299E-3 4.13687E-3 3.26117E-3 2.83859E-3 1.57968E-3 1.47733E-3 1.68362E-3 1.49273E-3 2.54571E-3 2.96491E-3 3.01802E-3 6.23889E-3 8.55448E-3 9.87161E-3 7.4422E-3 5.40473E-3 5.96605E-3 7.64886E-3 7.34617E-3 7.21451E-3 7.88051E-3 7.88071E-3 7.11784E-3 6.09947E-3 5.30355E-3 4.22329E-3 2.83427E-3 2.31033E-3 1.69894E-3 1.72661E-3 1.10208E-3 9.77018E-4 9.50343E-4 7.21498E-4 1.52813E-3 2.52309E-3 3.71751E-3 2.30481E-3 2.01091E-3 2.47531E-3 6.07233E-3 3.51303E-3 1.10507E-2 1.04418E-2 5.19096E-3 1.48273E-3 7.92149E-4 1.14364E-3 1.6591E-3 1.90241E-3 2.35143E-3 1.54304E-3
5.05528E-3 6.89621E-3 7.39038E-3 6.05307E-3 6.2646E-3 6.59425E-3 5.82337E-3 7.11861E-3 6.71217E-3 4.16016E-3 3.17773E-3 9.04264E-3 9.96597E-3 8.54821E-3 8.79031E-3 8.08502E-3 5.86417E-3 4.85874E-3 3.78564E-3 3.19237E-3 2.29073E-3 2.57484E-3 2.80399E-3 1.82063E-3 1.76265E-3 2.10744E-3 2.81262E-3 3.01624E-3 2.64414E-3 2.80766E-3 6.64476E-3 9.42024E-3 8.59148E-3 7.31014E-3 8.12593E-3 7.77484E-3 8.3416E-3 6.92239E-3 8.07091E-3 7.11661E-3 6.84986E-3 2.94E-3 3.12234E-3 4.14625E-3 4.13895E-3 4.34286E-3 3.03653E-3 3.19817E-3 2.85669E-3 1.98441E-3 1.10566E-3 1.53068E-3 2.83729E-3 4.02718E-3 4.96166E-3 5.13881E-3 5.92964E-3 5.79722E-3 2.48294E-3 2.97159E-3 7.95212E-3 4.92009E-3 2.61572E-3 1.41233E-3 1.41497E-3 3.2178E-3 4.00878E-3 3.70199E-3 2.05878E-3 2.98088E-3
3.22234E-3 5.83268E-3 5.9649E-3 6.12546E-3 6.02176E-3 5.70685E-3 5.98943E-3 7.17995E-3 7.81379E-3 6.65608E-3 6.09053E-3 1.14434E-2 1.16821E-2 1.02216E-2 1.07687E-2 8.95943E-3 7.98502E-3 7.01711E-3 5.48598E-3 4.98591E-3 3.77577E-3 2.59583E-3 1.63226E-3 1.59867E-3 2.42055E-3 2.25938E-3 1.82779E-3 2.9577E-3 4.83163E-3 3.91792E-3 4.57649E-3 8.3048E-3 9.14135E-3 9.32103E-3 8.25072E-3 8.69831E-3 8.4305E-3 8.39702E-3 8.38332E-3 7.91704E-3 7.43231E-3 6.5047E-3 7.33382E-3 7.76427E-3 7.12382E-3 6.55214E-3 5.68948E-3 5.57576E-3 4.37666E-3 3.08959E-3 2.55066E-3 3.29161E-3 3.94599E-3 5.14554E-3 6.25042E-3 6.68456E-3 5.98177E-3 3.89471E-3 2.00843E-3 4.41682E-3 4.21524E-3 4.87963E-3 4.28278E-3 6.10962E-3 5.81611E-3 7.08891E-3 5.4368E-3 5.00144E-3 5.03474E-3 3.67475E-3
2.53353E-3 3.61411E-3 2.9247E-3 5.01831E-3 6.6456E-3 6.6659E-3 7.14707E-3 7.37341E-3 8.58104E-3 7.92912E-3 7.65081E-3 1.27385E-2 1.24346E-2 1.173E-2 1.12393E-2 1.06257E-2 9.15244E-3 7.82237E-3 6.65481E-3 4.84936E-3 4.14171E-3 2.74506E-3 2.0186E-3 1.76677E-3 2.63359E-3 3.62413E-3 2.04002E-3 2.10489E-3 4.54372E-3 5.0215E-3 5.60108E-3 7.91759E-3 8.86351E-3 9.77485E-3 9.45297E-3 9.75064E-3 9.56496E-3 9.57206E-3 9.6322E-3 9.32751E-3 8.51592E-3 8.25944E-3 8.82013E-3 7.96783E-3 7.89534E-3 7.15403E-3 6.82363E-3 5.57046E-3 5.20491E-3 4.35111E-3 4.70534E-3 5.40853E-3 5.95824E-3 6.54935E-3 7.03887E-3 7.61775E-3 5.81792E-3 4.22549E-3 2.68027E-3 3.38378E-3 3.74503E-3 4.45256E-3 1.07086E-2 1.05958E-2 7.41633E-3 6.57326E-3 7.75193E-3 7.668E-3 5.09474E-3 2.8035E-3
2.26847E-3 2.88319E-3 2.72475E-3 2.94154E-3 5.8864E-3 6.94162E-3 9.08683E-3 1.08744E-2 1.07602E-2 1.07918E-2 1.08074E-2 1.36088E-2 1.20709E-2 1.22923E-2 1.24579E-2 1.17735E-2 1.05953E-2 8.68963E-3 7.05513E-3 5.22785E-3 3.9643E-3 3.29014E-3 2.96757E-3 2.15963E-3 1.86647E-3 2.62597E-3 2.69549E-3 1.90647E-3 3.86462E-3 3.88814E-3 5.18174E-3 7.46033E-3 9.85695E-3 1.05177E-2 9.90925E-3 9.76164E-3 9.50406E-3 9.41967E-3 9.94065E-3 9.74549E-3 1.00611E-2 8.82646E-3 8.72254E-3 8.97737E-3 8.30974E-3 8.33957E-3 8.07879E-3 6.62136E-3 6.50219E-3 6.1335E-3 6.39129E-3 6.8681E-3 7.13594E-3 7.64469E-3 8.41055E-3 6.51071E-3 4.91603E-3 2.81447E-3 3.51822E-3 5.06206E-3 6.10475E-3 7.33769E-3 7.22105E-3 1.24322E-2 1.12861E-2 1.19694E-2 9.5523E-3 7.36925E-3 3.88863E-3 3.28201E-3
1.65655E-3 9.66416E-4 2.17985E-3 2.25621E-3 4.14616E-3 7.2128E-3 8.56916E-3 1.04623E-2 1.32273E-2 1.44943E-2 1.45918E-2 1.29688E-2 1.17514E-2 1.27453E-2 1.27638E-2 1.27771E-2 1.21062E-2 9.82231E-3 7.38377E-3 5.25775E-3 4.23314E-3 3.70297E-3 3.92104E-3 3.25429E-3 1.88474E-3 1.65752E-3 2.83786E-3 2.6341E-3 3.72225E-3 4.66613E-3 5.00785E-3 6.50616E-3 9.05029E-3 1.04846E-2 9.65358E-3 9.54228E-3 9.50714E-3 9.66206E-3 9.82465E-3 9.72879E-3 9.77802E-3 1.02942E-2 9.53598E-3 9.68811E-3 9.61459E-3 9.50614E-3 8.00058E-3 7.51873E-3 7.74034E-3 7.44969E-3 7.71572E-3 8.11411E-3 8.92688E-3 9.14439E-3 9.26744E-3 8.63762E-3 7.59515E-3 6.69801E-3 6.55644E-3 7.90255E-3 8.96402E-3 8.41941E-3 8.05013E-3 7.39517E-3 1.39701E-2 1.20561E-2 1.26474E-2 6.58965E-3 3.25544E-3 4.09515E-3
2.0629E-3 1.58233E-3 1.35325E-3 1.15006E-3 2.91052E-3 5.35591E-3 5.66085E-3 4.0148E-3 5.28103E-3 1.44464E-2 1.62543E-2 1.24821E-2 1.28915E-2 1.34218E-2 1.37885E-2 1.37041E-2 1.28872E-2 1.13681E-2 9.09969E-3 6.85384E-3 5.95129E-3 3.45854E-3 2.79862E-3 4.94505E-3 4.77958E-3 3.35387E-3 3.83906E-3 4.16044E-3 5.16296E-3 6.44866E-3 5.82913E-3 6.57287E-3 8.96545E-3 1.01822E-2 1.0101E-2 1.10589E-2 1.13704E-2 1.10523E-2 9.87301E-3 1.06057E-2 1.07685E-2 1.08473E-2 1.09624E-2 1.08286E-2 9.02566E-3 8.42124E-3 8.2957E-3 7.97806E-3 7.90534E-3 8.54682E-3 9.16522E-3 9.39906E-3 9.54651E-3 9.11524E-3 9.9738E-3 1.11638E-2 1.07452E-2 1.01738E-2 1.16302E-2 1.12799E-2 1.13508E-2 1.09323E-2 1.01095E-2 8.58429E-3 8.45826E-3 1.82389E-2 1.40173E-2 8.5094E-3 6.60222E-3 6.07782E-3
3.35483E-3 1.87572E-3 2.29955E-3 1.44971E-3 1.68045E-3 3.50773E-3 5.69706E-3 7.18439E-3 8.175E-3 1.822E-2 1.93938E-2 1.55005E-2 1.46549E-2 1.45167E-2 1.47449E-2 1.46316E-2 1.3834E-2 1.23454E-2 1.03239E-2 7.39853E-3 7.49394E-3 7.07034E-3 5.53328E-3 5.24973E-3 5.94193E-3 4.32727E-3 3.87581E-3 5.57786E-3 5.94779E-3 5.50406E-3 7.04727E-3 7.39662E-3 8.73792E-3 1.10283E-2 1.10977E-2 1.0649E-2 1.13436E-2 1.13346E-2 1.18037E-2 1.19927E-2 1.2509E-2 1.11843E-2 1.11223E-2 9.56741E-3 8.41841E-3 8.62185E-3 8.88744E-3 8.97457E-3 9.25435E-3 9.01345E-3 9.83301E-3 1.05203E-2 9.54651E-3 8.26431E-3 8.53306E-3 9.65713E-3 1.05958E-2 1.14401E-2 1.22906E-2 1.25998E-2 1.24799E-2 1.24616E-2 1.10143E-2 1.00363E-2 7.89283E-3 1.92463E-2 1.09995E-2 7.56171E-3 7.21188E-3 6.25661E-3
4.32149E-3 3.76424E-3 2.63439E-3 1.79272E-3 6.82959E-4 1.30012E-3 4.78711E-3 6.35189E-3 8.5278E-3 1.55951E-2 2.01375E-2 1.72702E-2 1.73017E-2 1.6087E-2 1.70927E-2 1.69295E-2 1.56168E-2 1.22531E-2 1.10935E-2 9.81275E-3 8.55849E-3 8.99269E-3 8.12598E-3 5.59853E-3 6.07113E-3 4.38946E-3 2.31675E-3 6.25753E-3 7.13371E-3 6.29408E-3 6.53023E-3 8.73315E-3 8.90589E-3 1.08134E-2 1.03521E-2 1.06262E-2 1.09762E-2 1.17919E-2 1.22819E-2 1.27467E-2 1.29703E-2 1.31354E-2 1.19377E-2 1.12964E-2 1.06796E-2 1.03396E-2 9.45942E-3 9.2689E-3 9.83628E-3 1.05459E-2 1.17131E-2 1.18252E-2 9.65412E-3 8.71759E-3 8.63266E-3 8.93999E-3 9.76466E-3 9.92155E-3 1.12377E-2 1.12113E-2 1.11357E-2 1.29516E-2 1.09313E-2 1.02997E-2 1.00485E-2 1.97002E-2 7.86257E-3 6.55939E-3 6.20166E-3 5.66085E-3
2.57373E-3 4.52717E-3 3.69568E-3 2.38628E-3 1.62271E-3 1.17118E-3 2.68431E-3 4.2283E-3 2.64847E-3 1.07279E-2 1.74707E-2 1.93482E-2 2.12346E-2 2.03758E-2 1.9441E-2 1.9844E-2 1.83904E-2 1.44662E-2 1.13896E-2 9.42444E-3 7.88982E-3 8.57504E-3 9.49101E-3 6.91629E-3 6.62206E-3 4.84119E-3 4.22887E-3 6.2665E-3 7.10642E-3 8.3541E-3 8.02049E-3 9.07086E-3 1.11318E-2 1.09589E-2 1.04163E-2 1.05147E-2 1.09475E-2 1.1982E-2 1.26998E-2 1.32504E-2 1.33338E-2 1.34184E-2 1.38115E-2 1.1097E-2 9.89018E-3 9.97455E-3 9.5865E-3 9.90323E-3 1.066E-2 1.18882E-2 1.29936E-2 1.25712E-2 1.04494E-2 9.14317E-3 8.25897E-3 9.47502E-3 1.05555E-2 1.11134E-2 1.09861E-2 1.15163E-2 1.17026E-2 1.38907E-2 1.4008E-2 1.5093E-2 1.46126E-2 1.91329E-2 5.48814E-3 4.99715E-3 4.25015E-3 7.55026E-3
4.16519E-3 2.55215E-3 3.81693E-3 3.45682E-3 2.93728E-3 1.62353E-3 1.55101E-3 2.07864E-3 2.18313E-3 6.6201E-3 1.06825E-2 1.83833E-2 2.4149E-2 2.428E-2 2.43515E-2 2.43865E-2 2.23977E-2 1.68084E-2 1.36396E-2 1.07423E-2 9.30804E-3 8.88627E-3 9.6763E-3 8.31755E-3 7.04013E-3 5.91521E-3 5.23781E-3 4.71802E-3 5.20274E-3 7.27242E-3 9.71754E-3 1.0052E-2 1.17051E-2 1.13197E-2 1.07919E-2 1.05554E-2 1.16621E-2 1.27156E-2 1.32642E-2 1.29717E-2 1.14893E-2 9.66422E-3 1.03667E-2 9.77835E-3 9.86175E-3 1.03365E-2 1.09781E-2 1.09065E-2 1.13473E-2 1.25749E-2 1.41653E-2 1.25486E-2 1.09832E-2 9.03204E-3 9.10325E-3 1.07098E-2 1.10211E-2 1.19143E-2 1.19837E-2 1.23831E-2 1.28434E-2 1.37526E-2 1.58728E-2 1.66019E-2 1.51367E-2 9.47818E-3 5.99283E-3 4.01635E-3 4.08531E-3 8.09928E-3
4.54672E-3 4.28308E-3 2.71118E-3 2.65666E-3 3.18482E-3 3.36747E-3 1.72252E-3 1.1686E-3 1.63721E-3 2.48005E-3 4.5662E-3 1.56265E-2 2.32705E-2 2.40167E-2 2.42173E-2 2.45889E-2 2.61199E-2 2.3866E-2 1.66552E-2 1.45497E-2 1.25457E-2 1.17136E-2 9.01372E-3 7.77475E-3 6.77478E-3 6.27816E-3 4.06029E-3 3.69283E-3 3.74234E-3 4.25452E-3 9.66708E-3 1.0965E-2 1.25902E-2 1.19075E-2 1.13522E-2 1.14066E-2 1.15923E-2 1.2429E-2 1.38837E-2 1.28955E-2 1.05669E-2 9.62114E-3 9.37819E-3 1.00298E-2 1.03462E-2 1.08533E-2 1.17401E-2 1.2815E-2 1.24385E-2 1.36975E-2 1.52451E-2 1.34082E-2 1.1085E-2 1.02293E-2 1.07496E-2 1.15469E-2 1.24787E-2 1.30038E-2 1.37661E-2 1.42413E-2 1.49343E-2 1.57096E-2 1.74591E-2 1.65568E-2 1.84398E-2 1.12819E-2 1.60297E-2 1.50329E-2 1.36334E-2 1.73147E-2
5.11254E-3 4.83155E-3 3.70433E-3 1.57989E-3 1.62387E-3 2.38763E-3 3.11249E-3 2.58444E-3 1.17313E-3 1.14784E-3 1.86622E-3 1.01698E-2 2.29896E-2 2.48238E-2 2.35326E-2 2.23406E-2 2.44236E-2 2.63975E-2 2.27779E-2 1.62639E-2 1.53916E-2 1.28563E-2 1.04668E-2 8.08893E-3 6.75846E-3 5.93218E-3 4.19476E-3 3.64291E-3 4.30803E-3 3.62759E-3 7.21954E-3 1.27645E-2 1.35318E-2 1.27166E-2 1.27217E-2 1.17398E-2 1.20079E-2 1.32997E-2 1.3535E-2 1.41286E-2 1.31794E-2 1.36965E-2 1.23884E-2 1.18394E-2 1.16029E-2 1.19898E-2 1.40623E-2 1.44695E-2 1.57695E-2 1.5046E-2 1.55433E-2 1.25884E-2 1.07952E-2 1.20102E-2 1.2163E-2 1.28048E-2 1.41805E-2 1.47152E-2 1.52334E-2 1.57759E-2 1.74593E-2 1.945E-2 2.09889E-2 1.5714E-2 1.01204E-2 2.17135E-2 2.21325E-2 1.87455E-2 1.31104E-2 1.50085E-2
4.6132E-3 4.52782E-3 4.43338E-3 3.75533E-3 2.72266E-3 1.63321E-3 1.8104E-3 3.03516E-3 2.3801E-3 1.70472E-3 2.23492E-3 1.03176E-2 2.21175E-2 2.5226E-2 2.58323E-2 2.42945E-2 2.60376E-2 2.71204E-2 2.38558E-2 2.0187E-2 1.73296E-2 1.40455E-2 1.20494E-2 8.6195E-3 7.24382E-3 5.20949E-3 2.99349E-3 3.26222E-3 4.32065E-3 4.24445E-3 7.94746E-3 1.37707E-2 1.46927E-2 1.40401E-2 1.39353E-2 1.35296E-2 1.3594E-2 1.28541E-2 1.35649E-2 1.50091E-2 1.55046E-2 1.4966E-2 1.36603E-2 1.32067E-2 1.40941E-2 1.59739E-2 1.41749E-2 1.21478E-2 1.57309E-2 1.74944E-2 1.49707E-2 1.23974E-2 1.21022E-2 1.30844E-2 1.48308E-2 1.54142E-2 1.56085E-2 1.61938E-2 1.82E-2 1.90398E-2 2.06537E-2 2.28837E-2 2.27377E-2 1.17143E-2 7.36469E-3 8.77589E-3 1.868E-2 1.40522E-2 1.27085E-2 1.06709E-2
2.57046E-3 2.92032E-3 3.43E-3 3.41944E-3 3.19763E-3 3.37048E-3 2.46422E-3 2.98798E-3 3.23277E-3 2.05034E-3 1.53245E-3 4.65452E-3 1.32165E-2 2.15275E-2 2.81237E-2 2.64203E-2 2.54319E-2 2.49833E-2 2.37195E-2 2.08665E-2 1.77021E-2 1.6096E-2 1.21306E-2 9.43448E-3 8.20896E-3 3.88089E-3 2.82189E-3 3.57533E-3 4.54963E-3 4.32385E-3 9.32119E-3 1.47782E-2 1.583E-2 1.51703E-2 1.45809E-2 1.47382E-2 1.4649E-2 1.38004E-2 1.3989E-2 1.4487E-2 1.50298E-2 1.50984E-2 1.50062E-2 1.52734E-2 1.54719E-2 1.59946E-2 1.28024E-2 1.24495E-2 1.33278E-2 1.37675E-2 1.32139E-2 1.15577E-2 1.37142E-2 1.47478E-2 1.67625E-2 1.71599E-2 1.96996E-2 2.00588E-2 2.01441E-2 2.2718E-2 2.44881E-2 2.72847E-2 2.59803E-2 1.57737E-2 1.0288E-2 8.48989E-3 1.12866E-2 1.16514E-2 1.29908E-2 4.39896E-3
1.61679E-3 1.43201E-3 1.72438E-3 1.84645E-3 2.21957E-3 2.01935E-3 2.64594E-3 2.83356E-3 2.72969E-3 2.57556E-3 1.58628E-3 2.33309E-3 5.30567E-3 1.52111E-2 2.66671E-2 2.74929E-2 2.59084E-2 2.38425E-2 2.52569E-2 2.37495E-2 2.26834E-2 1.71475E-2 1.41638E-2 1.22527E-2 1.01491E-2 4.89445E-3 2.51426E-3 3.9317E-3 4.77051E-3 3.44792E-3 7.341E-3 1.36487E-2 1.71363E-2 1.68781E-2 1.71428E-2 1.65998E-2 1.63714E-2 1.55129E-2 1.52973E-2 1.60735E-2 1.66668E-2 1.58375E-2 1.58892E-2 1.60144E-2 1.69031E-2 1.49343E-2 1.1161E-2 1.0993E-2 1.03007E-2 1.15474E-2 1.23736E-2 1.1884E-2 1.45789E-2 1.63747E-2 1.73548E-2 1.99185E-2 2.046E-2 2.34678E-2 2.39018E-2 2.59855E-2 2.89118E-2 3.08342E-2 2.71751E-2 1.09882E-2 9.20439E-3 7.38349E-3 7.69971E-3 5.03657E-3 9.01567E-3 9.87101E-3
2.346E-3 1.68658E-3 1.91937E-3 2.43848E-3 1.77861E-3 2.17084E-3 1.93913E-3 2.02644E-3 2.31445E-3 1.32386E-3 2.37852E-3 1.39896E-3 4.34077E-3 9.91799E-3 1.93515E-2 2.71442E-2 2.63094E-2 2.53756E-2 2.54475E-2 2.25466E-2 2.44838E-2 2.18326E-2 1.9264E-2 1.5693E-2 1.19162E-2 6.45992E-3 4.5E-3 4.15306E-3 5.20239E-3 3.38209E-3 4.44804E-3 1.07012E-2 1.58678E-2 1.86689E-2 1.8686E-2 1.86369E-2 1.84895E-2 1.86416E-2 1.933E-2 1.96808E-2 2.30213E-2 1.9413E-2 1.78632E-2 1.63817E-2 1.47425E-2 1.11135E-2 9.76906E-3 8.97934E-3 8.60916E-3 9.17642E-3 9.39562E-3 1.14995E-2 1.41062E-2 1.63747E-2 1.69955E-2 2.03995E-2 2.14759E-2 2.36984E-2 2.58297E-2 2.86238E-2 3.18398E-2 3.1307E-2 1.96917E-2 8.97308E-3 1.69773E-2 1.39957E-2 9.64439E-3 6.79575E-3 6.25937E-3 1.12638E-2
2.57458E-3 3.16067E-3 2.44346E-3 1.77437E-3 1.40341E-3 2.92499E-3 3.45457E-3 3.09505E-3 2.90299E-3 2.30613E-3 1.68647E-3 2.2729E-3 3.52943E-3 5.27058E-3 1.68718E-2 2.44759E-2 2.55246E-2 2.22083E-2 2.2603E-2 2.22951E-2 2.64099E-2 2.2586E-2 2.00498E-2 1.68262E-2 1.12654E-2 4.05263E-3 4.09711E-3 3.31092E-3 4.04766E-3 4.69818E-3 3.53984E-3 6.06394E-3 1.08273E-2 1.63617E-2 2.02218E-2 2.05249E-2 2.09842E-2 2.01613E-2 2.07343E-2 2.08342E-2 1.95605E-2 1.84875E-2 1.57168E-2 1.39475E-2 1.10964E-2 9.48657E-3 6.67917E-3 7.32309E-3 6.58977E-3 7.19526E-3 8.31035E-3 1.01107E-2 1.1473E-2 1.27347E-2 1.55969E-2 2.01037E-2 2.4341E-2 2.50301E-2 2.84936E-2 3.22678E-2 3.42638E-2 3.41428E-2 2.03095E-2 1.15715E-2 1.7774E-2 8.41636E-3 8.82442E-3 5.86326E-3 6.06122E-3 1.64132E-2
3.36988E-3 4.56422E-3 2.93715E-3 1.82276E-3 3.05637E-3 4.17044E-3 4.17335E-3 4.05036E-3 1.67232E-3 3.71794E-3 2.77464E-3 3.95243E-3 3.73653E-3 4.17902E-3 9.99309E-3 1.40603E-2 2.11986E-2 2.36502E-2 2.41447E-2 2.49549E-2 2.54844E-2 2.49857E-2 2.21942E-2 2.18689E-2 1.65273E-2 4.7846E-3 2.44738E-3 2.86319E-3 3.19324E-3 3.08902E-3 3.55641E-3 4.89668E-3 4.09287E-3 7.58431E-3 1.58245E-2 2.08579E-2 2.10629E-2 1.96504E-2 1.91938E-2 1.78769E-2 1.78269E-2 1.47442E-2 1.40015E-2 1.21447E-2 9.68175E-3 7.15609E-3 5.21944E-3 5.29593E-3 5.40068E-3 5.69008E-3 6.13748E-3 6.32997E-3 6.47652E-3 8.75477E-3 1.4878E-2 2.28292E-2 2.44351E-2 2.78154E-2 2.99977E-2 3.3029E-2 3.60126E-2 3.44579E-2 2.77983E-2 1.42754E-2 1.46913E-2 7.85755E-3 6.45457E-3 4.00283E-3 6.25527E-3 1.97196E-2
