KUENM_DEFAULT/Final_Models/M_1_F_lqpth_Set_1_NE/sp1_se_asia_stddev.asc
ncols         320
nrows         243
xllcorner     44.0
yllcorner     -0.666666666666667
cellsize      0.166666666666667
NODATA_value  -9999
[rows 0 to 30 of 243, columns 0 to 69 of 320]
-9999 -9999 -9999 5.3436E-3 -9999 -9999 -9999 -9999 -9999 -9999 -9999 -9999 -9999 -9999 -9999 -9999 -9999 -9999 -9999 -9999 -9999 -9999 -9999 -9999 -9999 -9999 -9999 -9999 -9999 -9999 -9999 -9999 -9999 -9999 -9999 -9999 -9999 -9999 -9999 -9999 -9999 -9999 -9999 -9999 -9999 -9999 -9999 -9999 -9999 -9999 -9999 -9999 -9999 -9999 -9999 -9999 -9999 -9999 -9999 -9999 -9999 -9999 -9999 -9999 -9999 -9999 -9999 -9999 -9999 -9999
-9999 -9999 -9999 2.54144E-3 5.7391E-3 -9999 -9999 -9999 -9999 -9999 -9999 -9999 -9999 -9999 -9999 -9999 -9999 -9999 -9999 -9999 -9999 -9999 1.01776E-2 9.49474E-3 9.75338E-3 -9999 -9999 -9999 -9999 -9999 -9999 -9999 -9999 -9999 -9999 -9999 -9999 -9999 -9999 -9999 -9999 -9999 -9999 -9999 -9999 -9999 -9999 -9999 -9999 -9999 -9999 -9999 -9999 -9999 -9999 -9999 -9999 -9999 -9999 -9999 -9999 -9999 -9999 -9999 -9999 -9999 -9999 -9999 -9999 -9999
-9999 -9999 2.59276E-3 2.98645E-3 2.61177E-3 2.69961E-3 -9999 -9999 -9999 -9999 -9999 -9999 -9999 -9999 -9999 -9999 -9999 -9999 -9999 -9999 9.39552E-3 7.82831E-3 7.33287E-3 7.30522E-3 7.68975E-3 8.15247E-3 -9999 -9999 -9999 -9999 -9999 -9999 -9999 -9999 -9999 -9999 -9999 -9999 -9999 -9999 -9999 -9999 -9999 -9999 -9999 -9999 -9999 -9999 -9999 -9999 -9999 -9999 -9999 -9999 -9999 -9999 -9999 -9999 -9999 -9999 -9999 -9999 -9999 -9999 -9999 -9999 -9999 -9999 -9999 -9999
2.21924E-3 2.16747E-3 2.33862E-3 2.92204E-3 2.89814E-3 2.84401E-3 3.03472E-3 -9999 -9999 -9999 -9999 -9999 -9999 -9999 -9999 -9999 -9999 -9999 1.15881E-2 8.82405E-3 8.95646E-3 8.88601E-3 5.12743E-3 5.71127E-3 1.18206E-2 -9999 -9999 -9999 -9999 -9999 -9999 -9999 -9999 -9999 -9999 -9999 -9999 -9999 -9999 -9999 -9999 -9999 -9999 -9999 -9999 -9999 -9999 -9999 -9999 -9999 -9999 -9999 -9999 -9999 -9999 -9999 -9999 -9999 -9999 -9999 -9999 -9999 -9999 -9999 -9999 -9999 -9999 -9999 -9999 -9999
-9999 1.93655E-3 2.35751E-3 2.25329E-3 2.48571E-3 2.6317E-3 3.03537E-3 3.06307E-3 -9999 -9999 -9999 -9999 -9999 -9999 -9999 -9999 -9999 1.61606E-2 1.47762E-2 1.49133E-2 2.33478E-2 5.57494E-3 6.14932E-3 6.60034E-3 7.59366E-3 1.28978E-2 -9999 -9999 -9999 -9999 -9999 -9999 -9999 -9999 -9999 -9999 -9999 -9999 -9999 -9999 -9999 -9999 -9999 -9999 -9999 -9999 -9999 -9999 -9999 -9999 -9999 -9999 -9999 -9999 -9999 -9999 -9999 -9999 -9999 -9999 -9999 -9999 -9999 -9999 -9999 -9999 -9999 -9999 -9999 -9999
-9999 2.24655E-3 1.93165E-3 1.98717E-3 2.52762E-3 2.90129E-3 3.18698E-3 4.99495E-3 4.00358E-3 4.11421E-3 4.53353E-3 -9999 -9999 -9999 -9999 -9999 1.37572E-2 1.16073E-2 1.19365E-2 1.10553E-2 5.10824E-3 5.25071E-3 4.06156E-3 4.15536E-3 -9999 -9999 -9999 -9999 -9999 -9999 -9999 -9999 -9999 -9999 -9999 -9999 -9999 -9999 -9999 -9999 -9999 -9999 -9999 -9999 -9999 -9999 -9999 -9999 -9999 -9999 -9999 -9999 -9999 -9999 -9999 -9999 -9999 -9999 -9999 -9999 -9999 -9999 -9999 -9999 -9999 -9999 -9999 -9999 -9999 -9999
-9999 -9999 1.83805E-3 1.97733E-3 2.07845E-3 2.82591E-3 3.48806E-3 3.89506E-3 3.65393E-3 3.35369E-3 2.87519E-3 3.09159E-3 4.35254E-3 1.84498E-2 9.55093E-3 9.38935E-3 7.98062E-3 7.25231E-3 9.56461E-3 1.36841E-2 4.67621E-3 4.63379E-3 3.94897E-3 4.11545E-3 1.25149E-2 -9999 -9999 -9999 -9999 -9999 -9999 -9999 -9999 -9999 -9999 -9999 -9999 -9999 -9999 -9999 -9999 -9999 -9999 -9999 -9999 -9999 -9999 -9999 -9999 -9999 -9999 -9999 -9999 -9999 -9999 -9999 -9999 -9999 -9999 -9999 -9999 -9999 -9999 -9999 -9999 -9999 -9999 -9999 -9999 -9999
-9999 -9999 1.934E-3 1.74467E-3 2.45387E-3 4.27001E-3 4.2509E-3 4.35171E-3 4.0032E-3 4.14755E-3 4.58139E-3 2.41988E-3 8.97545E-3 1.40662E-2 1.311E-2 1.29655E-2 1.27739E-2 1.32068E-2 1.33313E-2 3.59622E-3 4.63138E-3 6.72046E-3 6.23629E-3 4.67202E-3 3.86115E-3 1.22579E-2 7.2583E-3 -9999 -9999 -9999 -9999 -9999 -9999 -9999 -9999 -9999 -9999 -9999 -9999 -9999 -9999 -9999 -9999 -9999 -9999 -9999 -9999 -9999 -9999 -9999 -9999 -9999 -9999 -9999 -9999 -9999 -9999 -9999 -9999 -9999 -9999 -9999 -9999 -9999 -9999 -9999 -9999 -9999 -9999 -9999
-9999 -9999 2.54877E-3 2.63621E-3 2.57287E-3 4.87547E-3 3.7763E-3 2.53032E-3 3.4678E-3 3.34594E-3 3.68817E-3 4.09265E-3 2.81815E-3 2.60031E-3 2.3648E-3 2.67963E-3 3.01902E-3 3.48E-3 3.47506E-3 3.73973E-3 4.65899E-3 4.66671E-3 3.35598E-3 2.5325E-3 3.4252E-3 3.80525E-3 9.23276E-3 -9999 1.63981E-2 -9999 -9999 -9999 -9999 -9999 -9999 -9999 -9999 -9999 -9999 -9999 -9999 -9999 -9999 -9999 -9999 -9999 -9999 -9999 -9999 -9999 -9999 -9999 -9999 -9999 -9999 -9999 -9999 -9999 -9999 -9999 -9999 -9999 -9999 -9999 -9999 -9999 -9999 -9999 -9999 -9999
-9999 -9999 1.79849E-3 3.08712E-3 3.61427E-3 4.40785E-3 4.75812E-3 5.06274E-3 4.2057E-3 2.42535E-3 2.5642E-3 4.37469E-3 4.22606E-3 3.84258E-3 3.36978E-3 3.55063E-3 3.13556E-3 4.29873E-3 2.7923E-3 2.21688E-3 2.04553E-3 1.81043E-3 1.15234E-3 1.26986E-3 3.10283E-3 3.71241E-3 1.45894E-2 1.05191E-2 1.82774E-2 -9999 -9999 -9999 -9999 -9999 -9999 -9999 -9999 -9999 -9999 -9999 -9999 -9999 -9999 -9999 -9999 -9999 -9999 -9999 -9999 -9999 -9999 -9999 -9999 -9999 -9999 -9999 -9999 -9999 -9999 -9999 -9999 -9999 -9999 -9999 -9999 -9999 -9999 -9999 -9999 -9999
-9999 -9999 1.83728E-3 2.92902E-3 3.28738E-3 3.41654E-3 4.22882E-3 5.44429E-3 5.65441E-3 5.40539E-3 5.49687E-3 5.66328E-3 5.48551E-3 5.10512E-3 3.94693E-3 3.78078E-3 3.57462E-3 3.69759E-3 4.038E-3 3.18401E-3 2.49702E-3 2.26295E-3 1.89462E-3 2.67116E-3 3.64661E-3 3.76958E-3 1.33903E-2 8.91591E-3 1.94867E-2 -9999 -9999 -9999 -9999 -9999 -9999 -9999 -9999 -9999 -9999 -9999 -9999 -9999 -9999 -9999 -9999 -9999 -9999 -9999 -9999 -9999 -9999 -9999 -9999 -9999 -9999 -9999 -9999 -9999 -9999 -9999 -9999 -9999 -9999 -9999 -9999 -9999 -9999 -9999 -9999 8.64573E-3
-9999 3.19923E-3 1.99664E-3 2.76531E-3 2.63701E-3 3.03728E-3 5.68055E-3 5.82272E-3 5.18368E-3 5.38017E-3 5.75438E-3 5.62784E-3 4.3199E-3 3.16862E-3 2.65925E-3 2.49297E-3 2.92463E-3 3.1693E-3 3.43526E-3 3.7334E-3 3.73211E-3 3.81771E-3 3.18979E-3 2.81635E-3 3.62066E-3 4.15307E-3 3.93282E-3 2.42117E-3 2.09293E-2 7.057E-3 -9999 -9999 -9999 -9999 -9999 -9999 -9999 -9999 -9999 -9999 -9999 -9999 -9999 -9999 -9999 -9999 -9999 -9999 -9999 -9999 -9999 -9999 -9999 -9999 -9999 -9999 -9999 -9999 -9999 -9999 -9999 -9999 -9999 -9999 -9999 -9999 -9999 1.17452E-2 1.20506E-2 1.16251E-2
-9999 -9999 -9999 3.37448E-3 3.2215E-3 2.92755E-3 5.5102E-3 6.02286E-3 5.66561E-3 5.67066E-3 6.0289E-3 5.33567E-3 3.13079E-3 1.77762E-3 1.47653E-3 1.80237E-3 2.91137E-3 3.02198E-3 2.715E-3 2.82559E-3 2.37269E-3 2.30089E-3 2.39698E-3 3.80963E-3 3.38288E-3 5.3789E-3 4.43882E-3 3.37639E-3 3.2995E-2 7.56388E-3 -9999 -9999 -9999 -9999 -9999 -9999 -9999 -9999 -9999 -9999 -9999 -9999 -9999 -9999 -9999 -9999 -9999 -9999 -9999 -9999 -9999 -9999 -9999 -9999 -9999 -9999 -9999 -9999 -9999 -9999 -9999 -9999 -9999 -9999 -9999 1.22407E-2 1.40869E-2 1.33755E-2 1.33022E-2 1.02049E-2
-9999 -9999 -9999 -9999 3.40772E-3 3.60236E-3 5.8726E-3 6.01926E-3 6.2794E-3 6.06579E-3 5.94852E-3 4.38101E-3 2.75855E-3 2.38841E-3 2.06269E-3 2.34124E-3 3.25782E-3 3.64977E-3 3.7037E-3 4.40061E-3 4.49532E-3 5.1525E-3 6.0739E-3 5.86824E-3 5.13689E-3 6.74375E-3 5.358E-3 4.51233E-3 1.40066E-2 2.50672E-2 6.84383E-3 -9999 -9999 -9999 -9999 -9999 -9999 -9999 -9999 -9999 -9999 -9999 -9999 -9999 -9999 -9999 -9999 -9999 -9999 -9999 -9999 -9999 -9999 -9999 -9999 -9999 -9999 -9999 -9999 -9999 -9999 -9999 -9999 -9999 -9999 2.22421E-2 2.46597E-2 1.97942E-2 1.88311E-2 1.73587E-2
-9999 -9999 -9999 -9999 4.43921E-3 3.8044E-3 3.86387E-3 6.2992E-3 6.42109E-3 6.24902E-3 6.56028E-3 6.42937E-3 5.34802E-3 4.39652E-3 3.56878E-3 3.40226E-3 4.1353E-3 4.76917E-3 4.85434E-3 4.24183E-3 5.01354E-3 6.96955E-3 7.19856E-3 6.47593E-3 5.64391E-3 2.4322E-2 6.91027E-3 2.93859E-3 4.96978E-3 2.46276E-2 7.55482E-3 6.38633E-3 5.95676E-3 5.8845E-3 6.06294E-3 6.63571E-3 -9999 -9999 -9999 -9999 -9999 -9999 -9999 -9999 -9999 -9999 -9999 -9999 -9999 -9999 -9999 -9999 -9999 -9999 -9999 -9999 -9999 -9999 -9999 -9999 -9999 -9999 -9999 3.10523E-2 3.40655E-2 3.79057E-2 4.2999E-2 4.15062E-2 3.83304E-2 1.76943E-2
-9999 -9999 -9999 -9999 -9999 4.82345E-3 3.65688E-3 3.64798E-3 6.55312E-3 6.78416E-3 7.03818E-3 6.93358E-3 6.70884E-3 5.00491E-3 4.3318E-3 4.1872E-3 3.66573E-3 4.2215E-3 4.19793E-3 4.60057E-3 5.6951E-3 6.51548E-3 7.48755E-3 7.8861E-3 6.10475E-3 8.1028E-3 1.94127E-2 2.33381E-2 1.89235E-2 1.26829E-2 2.56747E-2 6.92296E-3 6.80287E-3 6.10766E-3 6.20661E-3 6.63297E-3 7.05952E-3 6.87107E-3 -9999 -9999 -9999 -9999 -9999 -9999 -9999 -9999 -9999 -9999 -9999 -9999 -9999 -9999 -9999 -9999 -9999 -9999 -9999 -9999 -9999 -9999 4.06619E-2 6.00956E-2 6.53499E-2 4.57694E-2 4.84935E-2 4.76971E-2 4.75395E-2 4.43725E-2 3.63707E-2 7.35208E-3
-9999 -9999 -9999 -9999 -9999 6.13938E-3 5.23012E-3 4.83148E-3 5.80541E-3 6.8488E-3 8.04246E-3 7.82382E-3 7.76419E-3 6.54481E-3 5.39507E-3 3.67533E-3 3.04616E-3 3.11664E-3 4.14725E-3 4.95017E-3 6.4258E-3 8.16678E-3 7.67106E-3 7.7547E-3 7.5939E-3 5.20477E-3 6.2823E-3 1.94994E-2 4.16838E-2 6.56775E-3 1.72069E-2 2.26215E-2 7.69858E-3 8.13048E-3 7.75924E-3 2.6607E-2 8.262E-3 7.58919E-3 6.99424E-3 -9999 -9999 -9999 -9999 -9999 -9999 -9999 -9999 -9999 -9999 -9999 -9999 -9999 -9999 -9999 -9999 -9999 -9999 -9999 -9999 -9999 3.59766E-2 4.83432E-2 5.13372E-2 5.24298E-2 4.91842E-2 4.9913E-2 4.79752E-2 3.55232E-2 7.4629E-3 1.2371E-3
-9999 -9999 -9999 -9999 -9999 7.30439E-3 6.71309E-3 7.26977E-3 7.27263E-3 7.65753E-3 8.75994E-3 6.27951E-3 8.55957E-3 9.74564E-3 6.58075E-3 4.49233E-3 3.37535E-3 2.63782E-3 2.63154E-3 2.99915E-3 5.24664E-3 7.4164E-3 7.58364E-3 7.22342E-3 7.49502E-3 6.84587E-3 3.78604E-3 2.91374E-3 2.3582E-2 3.43596E-2 1.88262E-2 1.53311E-2 3.51167E-2 2.51393E-2 3.21951E-2 1.88665E-2 1.72276E-2 4.13657E-2 2.02269E-2 1.92238E-2 -9999 -9999 -9999 -9999 -9999 -9999 -9999 -9999 -9999 -9999 -9999 -9999 -9999 -9999 -9999 -9999 -9999 -9999 -9999 -9999 4.27969E-2 4.76624E-2 5.27005E-2 5.09152E-2 6.37971E-2 4.04741E-2 8.32917E-3 1.62042E-3 1.41641E-3 7.02074E-4
-9999 -9999 -9999 -9999 -9999 -9999 1.10477E-2 1.39657E-2 7.16601E-3 7.50945E-3 8.86868E-3 6.33847E-3 9.31598E-3 8.02965E-3 9.16516E-3 7.49982E-3 3.44252E-3 2.50578E-3 2.61016E-3 2.29013E-3 2.55227E-3 4.43607E-3 5.39707E-3 3.52426E-3 4.53226E-3 5.43026E-3 6.4432E-3 3.92222E-3 3.58002E-3 2.6285E-2 3.55246E-2 3.79161E-2 3.88764E-2 2.21226E-2 1.62633E-2 5.53477E-3 5.25944E-3 4.8161E-3 1.67806E-3 5.39475E-3 2.72227E-2 7.77327E-3 -9999 -9999 -9999 -9999 -9999 -9999 -9999 -9999 -9999 -9999 -9999 7.14282E-2 6.94136E-2 7.52869E-2 7.30037E-2 5.65122E-2 4.66334E-2 4.33927E-2 3.71114E-2 3.20357E-2 3.61203E-2 1.28608E-2 1.52139E-3 6.00477E-4 7.02634E-4 5.06925E-4 7.56113E-4 1.80671E-3
-9999 -9999 -9999 -9999 -9999 -9999 7.09693E-3 2.99588E-2 1.12171E-2 1.3595E-2 9.309E-3 8.47758E-3 1.05473E-2 9.65152E-3 7.28152E-3 7.68281E-3 5.41377E-3 3.93589E-3 4.31333E-3 3.02599E-3 3.01132E-3 5.54017E-3 6.82717E-3 5.28709E-3 4.13322E-3 4.95105E-3 5.36326E-3 6.18092E-3 5.34594E-3 3.81873E-3 4.49515E-3 2.37827E-2 5.48657E-2 3.77275E-2 2.43109E-2 2.02766E-2 1.10319E-2 6.0127E-3 1.07817E-3 7.11882E-4 4.17504E-3 6.88401E-3 2.15117E-2 4.25354E-2 2.83753E-2 2.21946E-2 2.13698E-2 2.96639E-2 3.00033E-2 3.15867E-2 3.66642E-2 4.23575E-2 6.76853E-2 6.87595E-2 7.11429E-2 6.54161E-2 5.16384E-2 3.03859E-2 8.04365E-3 3.97474E-3 6.22894E-4 4.29177E-4 2.39862E-4 2.12938E-4 2.05103E-4 4.13579E-4 1.51833E-3 1.54608E-3 1.63512E-3 2.13276E-3
-9999 -9999 -9999 -9999 -9999 -9999 1.27496E-2 1.28987E-2 1.61534E-2 2.66816E-2 1.84543E-2 1.94398E-2 1.93241E-2 1.6021E-2 1.38864E-2 1.31655E-2 6.92788E-3 5.67468E-3 5.64959E-3 3.68129E-3 3.32764E-3 4.63648E-3 5.60966E-3 7.04171E-3 5.40062E-3 6.93275E-3 6.60979E-3 4.91824E-3 5.98702E-3 6.24262E-3 4.45796E-3 6.91779E-3 9.56685E-3 1.02766E-2 7.67779E-3 6.88649E-3 5.56208E-3 6.89805E-3 6.84545E-3 2.99706E-3 8.00106E-4 4.92076E-4 6.14242E-4 2.44393E-2 2.36715E-2 4.39104E-3 4.48392E-3 1.84182E-2 3.81162E-2 4.35105E-2 4.88791E-2 5.97013E-2 6.40598E-2 6.21054E-2 5.39271E-2 4.78484E-2 3.07103E-2 7.52208E-3 1.02039E-3 4.14106E-4 3.9637E-4 3.76139E-4 2.06928E-4 2.75543E-4 4.62135E-4 1.53923E-3 1.33753E-3 9.13587E-4 1.94332E-3 2.20579E-3
-9999 -9999 -9999 -9999 -9999 -9999 -9999 -9999 1.99789E-2 2.43709E-2 1.51652E-2 3.40683E-2 1.68601E-2 1.90709E-2 1.97446E-2 1.84553E-2 1.03357E-2 7.76559E-3 7.98778E-3 5.69053E-3 5.74195E-3 7.25217E-3 7.50202E-3 6.74796E-3 6.74371E-3 6.72658E-3 6.65614E-3 7.27226E-3 5.22723E-3 4.35102E-3 7.44585E-3 6.97803E-3 6.65683E-3 9.73812E-3 1.53064E-2 1.68431E-2 1.54467E-2 9.75782E-3 2.34753E-3 1.45178E-3 7.84046E-4 6.07179E-4 5.83033E-4 1.01308E-3 3.63967E-4 3.87526E-4 4.04365E-4 3.07646E-4 5.10596E-4 4.40238E-3 2.81828E-2 4.02241E-2 6.37551E-2 4.45384E-2 3.25545E-2 3.2817E-2 1.76313E-2 1.5445E-3 7.55486E-4 3.41991E-4 6.34854E-4 1.10863E-3 1.83538E-3 2.03296E-3 2.07294E-3 1.58479E-3 8.38442E-4 6.87571E-4 5.99178E-4 5.36222E-4
-9999 -9999 -9999 -9999 -9999 -9999 -9999 -9999 1.15038E-2 1.74004E-2 2.31199E-2 9.35825E-3 1.67823E-2 1.80308E-2 1.8923E-2 1.5982E-2 1.04688E-2 9.22971E-3 1.00641E-2 1.06116E-2 1.14692E-2 1.11356E-2 8.55338E-3 8.95299E-3 7.33729E-3 1.07346E-2 6.64706E-3 6.22633E-3 6.46476E-3 6.72592E-3 7.35239E-3 9.68549E-3 1.13638E-2 1.43732E-2 1.73264E-2 1.74342E-2 1.73677E-2 1.63304E-2 1.16902E-2 3.56775E-3 1.30294E-3 6.64478E-4 2.92776E-4 4.0086E-4 1.77866E-4 1.56571E-4 1.73104E-4 2.28232E-4 2.53049E-4 9.26528E-4 3.48159E-4 2.71289E-4 6.24277E-4 5.31506E-3 9.2256E-3 1.91325E-3 6.71708E-4 4.3379E-4 3.59832E-4 4.93409E-4 1.38669E-3 2.52881E-3 2.87038E-3 2.75079E-3 2.55008E-3 2.22876E-3 1.86987E-3 1.22474E-3 8.01253E-4 6.76289E-4
-9999 -9999 -9999 -9999 -9999 -9999 -9999 -9999 -9999 -9999 1.3449E-2 1.17249E-2 8.41617E-3 2.08602E-2 1.32975E-2 1.38791E-2 1.0796E-2 1.28936E-2 1.36871E-2 1.38305E-2 9.36047E-3 7.87037E-3 1.20516E-2 9.07583E-3 1.05192E-2 1.08019E-2 7.88337E-3 8.5536E-3 7.20106E-3 9.22086E-3 7.74977E-3 7.43677E-3 1.34217E-2 1.83544E-2 2.03503E-2 2.12481E-2 1.47929E-2 1.47637E-2 1.49703E-2 1.28846E-2 8.88639E-3 3.02187E-3 7.73887E-4 2.48051E-4 2.17232E-4 2.12879E-4 1.57806E-4 1.60392E-4 1.50548E-4 2.73375E-4 1.17424E-4 1.12905E-4 1.77389E-4 2.31104E-4 3.35869E-4 1.94511E-4 1.71239E-4 2.47803E-4 3.87573E-4 9.26726E-4 1.51772E-3 3.05994E-3 2.73089E-3 2.66882E-3 2.54729E-3 2.41075E-3 2.30712E-3 2.68718E-3 1.17601E-3 1.19007E-3
-9999 -9999 -9999 -9999 -9999 -9999 -9999 -9999 -9999 -9999 -9999 -9999 -9999 -9999 1.62558E-2 6.0178E-3 6.85966E-3 1.34897E-2 1.28967E-2 1.18664E-2 1.27477E-2 1.17003E-2 1.14234E-2 1.001E-2 9.38738E-3 9.04556E-3 7.9007E-3 1.02635E-2 7.80551E-3 6.27235E-3 9.46146E-3 1.05601E-2 1.00919E-2 8.96346E-3 1.2026E-2 1.56521E-2 1.5512E-2 1.51466E-2 1.13878E-2 9.73056E-3 9.64475E-3 6.11009E-3 2.19611E-3 1.59708E-3 1.53715E-3 9.38696E-4 5.36254E-4 3.1429E-4 1.92048E-4 1.32615E-4 1.54133E-4 2.60132E-4 2.85734E-4 2.08095E-4 1.71182E-4 2.19094E-4 3.37554E-4 3.80698E-4 3.66583E-4 4.95695E-4 7.37036E-4 1.72302E-3 2.00807E-3 3.28614E-3 1.71091E-3 1.87888E-3 1.47543E-3 1.22587E-3 8.28723E-4 1.14682E-3
-9999 -9999 -9999 -9999 -9999 -9999 -9999 -9999 -9999 -9999 -9999 -9999 7.06758E-3 1.50684E-2 1.25133E-2 2.46268E-2 8.63244E-3 7.02915E-3 9.08909E-3 1.38497E-2 1.16277E-2 1.271E-2 1.43566E-2 1.31364E-2 1.16876E-2 1.21369E-2 1.08974E-2 8.11317E-3 7.54946E-3 6.49296E-3 2.74682E-3 3.26171E-3 3.12995E-3 2.15686E-3 1.87371E-3 1.52897E-3 1.73109E-3 3.26839E-3 2.62791E-3 3.21808E-3 5.89647E-3 6.2692E-3 3.33573E-3 3.67747E-3 2.83744E-3 1.27674E-3 8.84645E-4 4.31171E-4 2.04091E-4 1.99434E-4 2.59793E-4 3.56146E-4 1.31851E-4 1.72693E-4 3.70214E-4 7.87833E-4 1.36126E-3 1.3018E-3 6.96829E-4 6.27241E-4 8.72898E-4 1.39564E-3 1.53457E-3 1.45983E-3 1.4638E-3 1.83459E-3 1.45264E-3 1.04728E-3 1.52132E-3 2.10825E-3
-9999 -9999 -9999 -9999 -9999 -9999 -9999 -9999 -9999 -9999 -9999 -9999 1.42969E-2 1.84509E-2 1.07622E-2 1.52081E-2 1.5215E-2 1.19643E-2 1.01532E-2 7.96066E-3 1.51993E-2 1.57959E-2 1.50893E-2 1.19449E-2 1.09864E-2 1.09153E-2 1.13602E-2 1.05259E-2 9.37223E-3 8.67723E-3 8.30755E-3 2.98774E-3 2.36939E-3 1.26548E-3 1.18169E-3 1.36953E-3 1.46375E-3 3.22868E-3 2.65534E-3 2.29399E-3 2.63366E-3 3.14353E-3 2.85749E-3 2.39239E-3 2.19955E-3 1.62889E-3 5.69371E-4 6.37842E-4 5.66758E-4 3.92881E-4 5.5982E-4 2.80762E-4 3.85452E-4 5.12769E-4 9.85092E-4 1.5247E-3 1.96199E-3 1.71624E-3 1.37111E-3 9.22454E-4 7.30166E-4 8.8874E-4 7.42428E-4 5.79183E-4 8.33076E-4 2.24354E-3 3.18315E-3 2.52472E-3 2.69795E-3 3.06725E-3
-9999 -9999 -9999 -9999 -9999 -9999 -9999 -9999 -9999 -9999 -9999 -9999 -9999 1.21581E-2 1.53987E-2 1.49489E-2 1.13723E-2 1.33611E-2 1.07941E-2 7.73394E-3 8.81724E-3 1.54626E-2 1.41998E-2 1.43921E-2 1.06939E-2 9.37831E-3 1.12131E-2 1.13867E-2 1.12022E-2 1.03018E-2 9.86895E-3 4.72748E-3 3.55175E-3 1.73274E-3 9.86409E-4 1.08212E-3 8.4068E-4 1.00339E-3 2.28114E-3 1.84227E-3 8.81992E-4 6.96368E-4 1.78206E-3 1.72912E-3 1.04557E-3 8.91886E-4 8.90397E-4 8.38557E-4 8.6819E-4 8.24334E-4 1.54037E-3 1.87081E-3 1.97587E-3 1.93672E-3 2.00415E-3 2.06937E-3 2.38835E-3 2.38176E-3 2.49572E-3 2.24258E-3 1.8652E-3 1.90198E-3 1.19849E-3 2.07207E-3 2.69685E-3 3.2076E-3 3.3839E-3 3.1055E-3 3.07057E-3 2.88646E-3
-9999 -9999 -9999 -9999 -9999 -9999 -9999 -9999 -9999 -9999 -9999 4.89973E-2 3.02849E-2 2.17982E-2 1.17154E-2 1.73064E-2 1.59146E-2 1.65037E-2 1.11402E-2 8.46093E-3 8.048E-3 6.28395E-3 4.87845E-3 1.34351E-2 1.43101E-2 1.05919E-2 1.12977E-2 1.30512E-2 1.24635E-2 1.27176E-2 1.20116E-2 1.15022E-2 1.0143E-2 8.31041E-3 1.82271E-3 3.85958E-3 2.79163E-3 2.36064E-3 2.84057E-3 1.89878E-3 1.82918E-3 1.83467E-3 1.92941E-3 9.69768E-4 9.64388E-4 7.6649E-4 9.92504E-4 1.08175E-3 1.12028E-3 1.17556E-3 2.09538E-3 2.16337E-3 2.06868E-3 1.7657E-3 2.30644E-3 2.28793E-3 2.14029E-3 2.0619E-3 2.28924E-3 2.16075E-3 2.00955E-3 3.1083E-3 3.06299E-3 3.37407E-3 3.17218E-3 3.15885E-3 3.01157E-3 3.02312E-3 2.90021E-3 2.8016E-3
-9999 -9999 -9999 -9999 -9999 -9999 -9999 -9999 -9999 -9999 -9999 4.97634E-2 3.02488E-2 2.12858E-2 1.68886E-2 2.29399E-2 1.7681E-2 1.23754E-2 1.18007E-2 1.13259E-2 1.06913E-2 8.78184E-3 6.9624E-3 6.21292E-3 1.2374E-2 1.29904E-2 1.629E-2 1.33285E-2 9.42713E-3 1.16465E-2 1.11633E-2 3.82693E-3 7.76457E-3 8.70813E-3 9.65284E-3 1.66081E-3 3.6973E-3 3.66341E-3 3.33957E-3 2.65011E-3 1.02179E-3 1.04883E-3 1.03044E-3 1.03935E-3 9.88961E-4 8.81898E-4 9.66174E-4 9.77844E-4 1.26126E-3 1.32976E-3 1.3024E-3 2.44271E-3 2.35608E-3 1.97552E-3 1.93019E-3 1.74026E-3 1.51851E-3 1.81979E-3 2.04088E-3 2.50983E-3 2.64112E-3 3.13091E-3 3.13615E-3 3.24361E-3 3.06956E-3 2.9496E-3 2.89488E-3 2.86426E-3 2.80585E-3 2.75459E-3
-9999 -9999 -9999 -9999 -9999 -9999 -9999 -9999 -9999 -9999 7.62828E-2 5.83469E-2 3.68767E-2 1.98834E-2 2.47615E-2 4.5526E-2 1.73454E-2 1.99115E-2 1.20287E-2 8.70503E-3 1.0393E-2 8.8329E-3 7.65433E-3 1.6596E-2 2.11331E-2 9.74975E-3 3.64899E-3 9.24932E-3 8.2154E-3 8.93758E-3 1.18044E-2 8.63046E-3 6.73578E-3 7.13601E-3 1.34566E-3 1.18494E-3 6.76515E-4 8.54106E-4 1.14254E-3 1.01019E-3 8.86848E-4 9.18303E-4 9.74783E-4 1.04215E-3 1.1133E-3 1.14432E-3 1.18291E-3 1.28179E-3 1.17524E-3 9.28911E-4 1.32505E-3 1.293E-3 1.23649E-3 1.36811E-3 2.30309E-3 2.60261E-3 2.72174E-3 2.83925E-3 2.90704E-3 2.98578E-3 3.0299E-3 3.066E-3 2.98188E-3 3.02197E-3 2.99226E-3 2.87064E-3 2.84901E-3 2.79535E-3 2.74069E-3 2.73574E-3
