KUENM/Final_Models/M_0.1_F_lq_Set_2_EC/sp1_0_se_asia.asc
ncols         320
nrows         243
xllcorner     44.0
yllcorner     -0.666666666666667
cellsize      0.166666666666667
NODATA_value  -9999
[rows 62 to 92 of 243, columns 210 to 279 of 320]
6.0841E-6 7.97207E-9 1.27127E-9 1.45461E-9 1.77845E-7 1.67367E-6 4.4367E-6 1.30677E-6 2.2878E-5 3.2549E-5 1.6199E-5 1.96743E-5 2.01054E-4 8.06392E-4 2.34301E-3 6.51776E-4 1.32415E-2 1.78129E-3 4.89573E-4 6.56593E-5 8.67687E-7 2.34857E-8 3.98402E-8 3.94279E-7 8.01669E-7 9.46069E-8 -9999 -9999 -9999 -9999 -9999 -9999 -9999 -9999 -9999 -9999 -9999 -9999 -9999 -9999 -9999 -9999 -9999 -9999 -9999 -9999 -9999 -9999 -9999 -9999 -9999 -9999 -9999 -9999 -9999 -9999 -9999 -9999 -9999 -9999 -9999 -9999 -9999 -9999 -9999 -9999 -9999 -9999 -9999 -9999
4.88894E-4 2.28242E-6 8.4043E-10 8.2634E-10 7.6483E-8 6.00933E-7 1.77352E-6 1.9834E-6 3.12096E-5 5.08233E-5 4.69893E-5 6.53034E-5 1.54247E-4 5.71654E-4 1.45736E-3 3.28342E-3 3.1431E-3 2.39885E-3 1.54695E-3 9.0617E-4 7.08603E-5 2.27215E-7 1.20279E-7 2.56133E-7 1.21829E-7 5.31232E-8 2.93469E-9 -9999 -9999 1.07944E-7 1.0637E-7 -9999 -9999 -9999 -9999 -9999 -9999 -9999 -9999 -9999 -9999 -9999 -9999 -9999 -9999 -9999 -9999 -9999 -9999 -9999 -9999 -9999 -9999 -9999 -9999 -9999 -9999 -9999 -9999 -9999 -9999 -9999 -9999 -9999 -9999 -9999 -9999 -9999 -9999 -9999
9.28588E-3 7.38066E-4 2.99848E-5 1.15866E-6 1.30223E-7 8.46838E-8 5.94482E-7 1.16683E-6 1.62724E-6 1.44183E-5 2.73175E-5 5.55041E-5 4.57605E-5 1.09978E-4 6.36984E-4 3.64279E-3 3.70207E-3 2.53245E-4 7.91445E-5 2.49205E-5 6.80553E-5 3.05759E-4 1.77218E-5 1.34452E-5 8.61093E-8 4.23217E-8 4.03127E-8 8.77948E-10 3.146E-10 1.32515E-5 8.87691E-8 -9999 -9999 -9999 -9999 -9999 -9999 -9999 -9999 -9999 -9999 -9999 -9999 -9999 -9999 -9999 -9999 -9999 -9999 -9999 -9999 -9999 -9999 -9999 -9999 -9999 -9999 -9999 -9999 -9999 -9999 -9999 -9999 -9999 -9999 -9999 -9999 -9999 -9999 -9999
4.86937E-2 1.84714E-2 1.18261E-2 3.36639E-3 3.08591E-4 5.40996E-5 1.31214E-4 4.37212E-4 1.74732E-5 1.67288E-6 1.84634E-6 1.39212E-6 5.86683E-6 2.29214E-5 1.03743E-4 1.46139E-4 1.24156E-3 2.2901E-3 1.12312E-3 3.39485E-3 4.96206E-4 3.72811E-4 4.49586E-5 1.95787E-4 5.0854E-6 3.00619E-7 4.60007E-8 2.8871E-9 2.03616E-6 2.7694E-6 1.66415E-9 -9999 -9999 -9999 -9999 -9999 -9999 -9999 -9999 -9999 -9999 -9999 -9999 -9999 -9999 -9999 -9999 -9999 -9999 -9999 -9999 -9999 -9999 -9999 -9999 -9999 -9999 -9999 -9999 -9999 -9999 -9999 -9999 -9999 -9999 -9999 -9999 -9999 -9999 -9999
1.17011E-1 6.90987E-2 4.78282E-2 3.08503E-2 9.47099E-3 1.11853E-3 5.19975E-4 1.0212E-4 4.43425E-6 1.28467E-6 5.13191E-7 1.15838E-7 2.22889E-7 2.10248E-6 2.85432E-5 2.89067E-5 1.15738E-4 4.69641E-4 1.04093E-4 3.88399E-5 1.3901E-4 3.13196E-4 1.38422E-4 4.14955E-5 4.74469E-8 6.94455E-10 1.18008E-10 2.16303E-7 7.65363E-6 5.17279E-8 6.15827E-9 3.70219E-8 3.13806E-10 -9999 -9999 -9999 -9999 -9999 -9999 -9999 -9999 -9999 -9999 -9999 -9999 -9999 -9999 -9999 -9999 -9999 -9999 -9999 -9999 -9999 -9999 -9999 -9999 -9999 -9999 -9999 -9999 -9999 -9999 -9999 -9999 -9999 -9999 -9999 -9999 -9999
1.60743E-1 1.12885E-1 7.81053E-2 4.4589E-2 9.91196E-3 2.56458E-3 2.1589E-3 4.7397E-4 2.61105E-5 9.07101E-6 8.58716E-6 1.51896E-6 1.9818E-7 2.55722E-8 1.03675E-7 3.95681E-8 3.19318E-6 3.11E-5 2.28087E-6 1.45037E-6 4.37431E-6 7.41029E-6 7.11244E-5 2.84303E-4 3.96657E-5 1.60371E-4 6.03081E-5 5.08686E-4 1.17214E-5 6.45853E-9 5.53587E-8 2.48556E-7 9.80328E-6 1.52361E-8 9.87194E-7 -9999 3.66126E-8 -9999 -9999 -9999 -9999 -9999 -9999 -9999 -9999 -9999 -9999 -9999 -9999 -9999 -9999 -9999 -9999 -9999 -9999 -9999 -9999 -9999 -9999 -9999 -9999 -9999 -9999 -9999 -9999 -9999 -9999 -9999 -9999 -9999
1.68773E-1 1.42932E-1 9.49942E-2 3.80767E-2 6.21999E-3 2.87885E-3 5.14634E-3 4.37919E-3 8.33384E-4 3.79999E-4 2.62189E-4 1.36047E-4 2.47964E-5 4.88409E-6 2.77522E-7 8.70697E-9 8.58548E-8 6.1291E-6 1.74305E-4 8.59654E-5 5.69163E-5 8.08909E-6 3.73513E-5 1.39413E-4 2.90685E-5 1.98198E-5 2.12847E-8 1.32361E-11 1.23474E-5 5.37854E-7 1.04331E-4 4.39444E-5 1.32011E-4 2.1452E-7 4.18899E-7 1.48333E-3 -9999 -9999 -9999 -9999 -9999 -9999 -9999 -9999 -9999 -9999 -9999 -9999 -9999 -9999 -9999 -9999 -9999 -9999 -9999 -9999 -9999 -9999 -9999 -9999 -9999 -9999 -9999 -9999 -9999 -9999 -9999 -9999 -9999 -9999
1.86306E-1 1.62993E-1 1.09465E-1 5.2988E-2 8.36164E-3 4.28981E-3 6.63452E-3 9.46964E-3 5.75765E-3 4.29771E-3 5.30872E-3 6.42844E-3 1.57041E-3 3.47291E-4 2.69569E-4 3.42731E-4 1.38163E-4 9.35362E-6 4.37187E-5 1.36042E-4 7.43946E-5 1.59218E-5 3.87132E-6 9.39357E-7 6.55907E-8 2.9893E-8 3.83659E-11 3.9661E-15 1.49821E-25 1.32494E-29 2.11272E-27 3.04902E-23 4.4797E-18 4.20355E-6 2.09448E-4 1.43089E-4 1.62067E-4 3.96457E-5 1.18754E-4 4.24056E-8 -9999 -9999 -9999 -9999 -9999 -9999 -9999 -9999 -9999 -9999 -9999 -9999 -9999 -9999 -9999 -9999 -9999 -9999 -9999 -9999 -9999 -9999 -9999 -9999 -9999 1.71311E-9 4.77738E-10 6.96719E-11 1.13379E-9 -9999
2.48566E-1 2.08353E-1 1.48789E-1 9.4214E-2 4.15894E-2 2.01636E-2 1.65604E-2 2.50867E-2 2.16029E-2 1.77766E-2 2.10163E-2 2.44198E-2 1.25794E-2 7.07179E-3 1.09967E-2 2.63609E-2 2.24368E-2 4.34829E-3 5.17942E-5 2.44419E-5 3.02064E-5 7.91435E-5 1.57945E-4 3.94216E-5 1.79422E-7 5.78361E-8 9.16436E-12 4.37881E-14 1.55988E-19 1.37176E-21 1.29099E-23 1.03944E-21 1.27425E-20 2.20752E-16 1.35911E-12 2.78001E-9 6.92368E-6 8.47765E-6 3.56543E-5 1.04114E-5 7.25587E-6 -9999 1.49545E-7 -9999 -9999 1.51092E-10 -9999 -9999 -9999 -9999 -9999 -9999 -9999 -9999 -9999 -9999 -9999 3.45532E-9 -9999 -9999 -9999 -9999 -9999 4.0696E-8 4.50219E-7 2.51022E-8 8.35296E-8 7.02229E-9 2.67245E-10 -9999
3.44032E-1 2.7068E-1 2.19152E-1 1.64783E-1 1.10537E-1 7.53388E-2 7.19784E-2 8.02111E-2 4.81073E-2 3.48431E-2 3.3546E-2 3.66619E-2 3.18138E-2 3.17745E-2 4.39527E-2 5.25855E-2 3.42594E-2 6.63935E-3 2.07075E-4 2.74347E-5 2.24231E-5 6.61119E-5 2.91435E-4 4.53653E-4 2.89606E-5 3.61389E-6 7.287E-8 5.27362E-9 1.43125E-11 6.08598E-14 2.92674E-15 1.06361E-15 4.53868E-15 5.09245E-14 4.32454E-13 1.12631E-10 8.12233E-10 1.51841E-8 3.04274E-10 4.97998E-13 7.84546E-12 1.0308E-10 -9999 3.21095E-6 -9999 5.69715E-9 3.5867E-8 1.0104E-10 -9999 -9999 -9999 -9999 -9999 -9999 -9999 5.44976E-10 1.45053E-8 3.20194E-8 4.15641E-9 -9999 -9999 -9999 1.67886E-7 1.30378E-6 5.30312E-5 2.43646E-7 5.26887E-6 1.3784E-8 4.47235E-8 1.20962E-7
4.25505E-1 3.4523E-1 2.88197E-1 2.40416E-1 1.87431E-1 1.35854E-1 1.16001E-1 9.89215E-2 6.224E-2 4.63957E-2 5.16815E-2 5.42521E-2 5.29185E-2 5.54624E-2 6.08358E-2 5.15954E-2 2.94208E-2 8.64115E-3 1.27265E-3 1.61881E-4 3.49412E-5 5.38503E-5 2.18759E-4 5.6032E-4 2.35539E-4 1.27433E-5 1.216E-7 1.58736E-8 1.05521E-10 1.66969E-11 6.11637E-13 1.60149E-12 1.54527E-11 5.43978E-11 1.0241E-10 3.48294E-11 1.34632E-8 2.09686E-8 7.54896E-10 9.01584E-9 1.91666E-12 1.72135E-15 4.07766E-12 1.20668E-11 2.15196E-6 4.91332E-8 1.53949E-6 3.71747E-9 1.06163E-7 7.50522E-7 1.61363E-12 2.26317E-7 1.52771E-7 5.19133E-8 1.85882E-10 6.19131E-10 2.22088E-7 7.11591E-6 1.66946E-6 -9999 -9999 1.01944E-7 1.04364E-7 1.19488E-6 2.18295E-5 5.22855E-5 9.29909E-5 2.00679E-6 9.01594E-6 5.33325E-6
4.7905E-1 4.1154E-1 3.56359E-1 3.24467E-1 2.61609E-1 1.84978E-1 1.21887E-1 9.32525E-2 6.52324E-2 3.66226E-2 5.67697E-2 6.82261E-2 7.13223E-2 7.21125E-2 6.986E-2 5.05716E-2 2.75601E-2 1.08401E-2 3.46513E-3 1.07848E-3 4.40131E-4 3.63449E-4 5.66053E-4 1.37164E-3 9.72465E-4 5.83339E-5 5.90673E-6 2.12353E-7 2.24006E-8 1.30206E-10 2.50747E-12 2.5832E-10 1.97476E-8 1.63053E-8 1.52847E-9 2.70673E-8 1.00077E-10 2.6619E-9 4.27383E-10 2.13348E-6 2.21975E-6 3.10264E-11 2.08565E-10 6.29904E-12 5.00214E-9 8.28077E-8 5.43269E-11 1.42865E-7 1.01646E-10 5.20663E-17 2.58755E-10 1.35148E-6 8.83928E-7 5.21215E-6 3.63984E-9 5.61777E-8 2.04167E-7 1.29053E-7 9.25373E-6 -9999 1.75663E-7 7.12895E-6 4.67459E-6 2.583E-5 1.44885E-7 9.25571E-14 3.03464E-5 1.25636E-4 5.39543E-5 1.75005E-4
5.23597E-1 4.76557E-1 4.20886E-1 3.89225E-1 3.36262E-1 2.5738E-1 1.31536E-1 9.92912E-2 9.32525E-2 6.67165E-2 8.28099E-2 1.06059E-1 9.81288E-2 9.33983E-2 7.97528E-2 5.43349E-2 2.98373E-2 1.45467E-2 7.99337E-3 4.44087E-3 2.60436E-3 1.91105E-3 2.19663E-3 2.89235E-3 1.69285E-3 3.55364E-4 2.29729E-4 9.43619E-5 3.80077E-6 2.35529E-7 9.0554E-8 3.57708E-7 1.66746E-6 7.73423E-7 2.16903E-8 8.26294E-10 5.7144E-9 8.15782E-7 7.53728E-7 5.38761E-6 4.53988E-5 6.65879E-5 6.91377E-5 2.30594E-7 1.47949E-9 2.46866E-11 7.19411E-12 1.17987E-11 2.30061E-10 2.03651E-8 4.31523E-11 1.05412E-10 2.4242E-11 1.5008E-9 6.36698E-6 2.68837E-8 2.87139E-11 6.82665E-15 1.03017E-5 -9999 3.1602E-6 3.51146E-5 1.95274E-5 2.60832E-5 3.36714E-5 1.45721E-12 1.73181E-5 7.52712E-5 2.85736E-6 1.41501E-7
5.41439E-1 5.16968E-1 4.65382E-1 4.1442E-1 4.081E-1 3.98512E-1 2.6987E-1 1.5435E-1 1.17348E-1 1.19604E-1 1.74513E-1 1.7877E-1 1.51392E-1 1.2676E-1 1.01447E-1 6.68685E-2 3.7161E-2 1.93303E-2 1.85419E-2 1.82844E-2 1.10087E-2 6.3331E-3 5.75765E-3 5.94399E-3 2.11758E-3 4.61522E-4 4.89012E-4 1.15676E-3 2.81298E-4 3.27053E-5 1.49095E-5 1.80493E-5 9.38646E-5 1.02346E-3 7.41794E-5 2.98014E-8 2.64883E-10 5.04962E-10 1.70946E-10 1.08544E-8 6.17685E-5 1.21134E-3 8.89284E-4 4.51478E-4 8.41093E-5 5.38372E-5 9.92508E-7 1.7815E-10 4.64468E-8 4.8294E-3 1.76167E-9 8.25397E-9 1.08882E-7 9.51084E-12 2.74769E-10 1.5584E-18 2.82575E-20 1.50558E-21 3.36505E-11 2.03275E-6 2.00896E-7 2.46766E-5 1.97521E-5 6.87133E-6 2.2562E-5 1.62802E-13 8.33921E-29 7.55262E-10 2.30382E-6 3.2638E-18
5.29922E-1 5.47459E-1 4.86236E-1 4.20679E-1 4.37551E-1 4.53878E-1 3.6962E-1 2.34597E-1 1.5435E-1 1.57014E-1 2.07382E-1 2.203E-1 2.25031E-1 2.00245E-1 1.45226E-1 9.25482E-2 5.3071E-2 3.14298E-2 4.87457E-2 7.19784E-2 3.52907E-2 1.67977E-2 1.37318E-2 1.25762E-2 4.96865E-3 9.88165E-4 1.27626E-3 3.69651E-3 1.95785E-3 5.43957E-4 4.94126E-4 8.43322E-4 1.15309E-3 3.35694E-3 6.96218E-3 1.18119E-3 8.31633E-6 1.22176E-7 2.29506E-8 1.17029E-7 2.72115E-6 9.24666E-5 8.22589E-4 6.59474E-4 2.08397E-3 4.00524E-4 1.41085E-3 5.89144E-6 2.90442E-3 1.64566E-2 5.27745E-5 4.18979E-4 1.04946E-7 1.55616E-11 1.38145E-13 2.11138E-21 9.04877E-24 3.52204E-23 6.9084E-20 4.73993E-26 1.99616E-17 4.11536E-19 2.9209E-12 6.9422E-8 8.13598E-9 2.95759E-18 6.59393E-38 5.62707E-17 2.56785E-22 5.61741E-24
4.65393E-1 5.05834E-1 4.7666E-1 4.36038E-1 4.49482E-1 4.45043E-1 3.78989E-1 2.89041E-1 2.59028E-1 2.77303E-1 2.58002E-1 2.44855E-1 3.03336E-1 3.00831E-1 1.94235E-1 1.18817E-1 7.72711E-2 5.3071E-2 6.17548E-2 1.04209E-1 5.36171E-2 3.02339E-2 2.83066E-2 3.31162E-2 2.75591E-2 9.68953E-3 6.16184E-3 7.82821E-3 5.72016E-3 2.09219E-3 3.39152E-3 8.63399E-3 1.03682E-2 9.76115E-3 2.09844E-2 9.76342E-3 9.66205E-4 1.6882E-4 1.00517E-4 2.11956E-4 2.54773E-4 1.71266E-4 9.20232E-5 1.94295E-4 3.27931E-3 1.48583E-3 2.41662E-3 2.02783E-3 1.4204E-3 8.33006E-3 8.68763E-3 2.03984E-4 6.51812E-7 4.75232E-11 1.5042E-19 3.87747E-25 1.68035E-28 1.6194E-34 1.30951E-41 1.4013E-45 1.27658E-42 2.56438E-43 0E0 5.27816E-26 1.86292E-22 7.73517E-43 0E0 5.36417E-42 0E0 4.14583E-40
4.1833E-1 4.66721E-1 4.61083E-1 4.53798E-1 4.63962E-1 4.52417E-1 4.03322E-1 3.5239E-1 3.60759E-1 3.88804E-1 3.14284E-1 2.66879E-1 3.51645E-1 3.11814E-1 2.11381E-1 1.51977E-1 1.16416E-1 8.15588E-2 6.61189E-2 8.50261E-2 6.53756E-2 5.30643E-2 5.96576E-2 7.80492E-2 8.78484E-2 4.20926E-2 1.94931E-2 2.06562E-2 1.92912E-2 1.23511E-2 1.67835E-2 2.68365E-2 1.98851E-2 1.75273E-2 2.64422E-2 1.63144E-2 6.95994E-3 6.4367E-3 4.75052E-3 1.25581E-2 1.42888E-2 6.4343E-3 2.57021E-3 8.53295E-4 2.82201E-4 1.75229E-4 4.45679E-5 2.87047E-7 7.74312E-11 2.45095E-9 5.13985E-8 1.67025E-11 7.40492E-16 4.76455E-17 5.77979E-18 1.68429E-21 1.98676E-33 4.79875E-39 3.68794E-41 3.43318E-42 5.60519E-45 0E0 0E0 0E0 0E0 0E0 0E0 0E0 0E0 6.5861E-44
4.75089E-1 4.76641E-1 4.90354E-1 4.91587E-1 4.91587E-1 4.92911E-1 4.7793E-1 4.69612E-1 4.68241E-1 4.43394E-1 3.91538E-1 3.65086E-1 3.60059E-1 3.04066E-1 2.28705E-1 2.09831E-1 1.85373E-1 1.29135E-1 7.47795E-2 8.6017E-2 1.05584E-1 1.2325E-1 1.27944E-1 1.15441E-1 1.03605E-1 6.53995E-2 3.94883E-2 3.7108E-2 3.43944E-2 4.16004E-2 6.53756E-2 8.5808E-2 7.45224E-2 4.81073E-2 4.68903E-2 4.24615E-2 2.93438E-2 5.06398E-3 3.03477E-3 1.58415E-2 3.86592E-2 2.914E-2 3.62074E-2 2.76565E-2 2.35705E-3 5.31782E-4 9.28437E-5 3.47705E-6 3.80895E-8 6.00941E-10 6.67368E-13 2.68985E-17 1.13757E-18 3.72454E-17 2.56792E-16 2.0767E-16 5.19876E-25 1.8304E-33 8.31602E-37 1.26262E-35 1.4707E-33 5.24494E-37 0E0 0E0 0E0 0E0 1.4013E-45 7.8795E-42 4.97069E-39 5.01361E-37
5.04891E-1 4.87607E-1 4.87655E-1 4.86298E-1 4.84884E-1 5.15754E-1 5.05834E-1 5.07094E-1 4.88923E-1 4.40078E-1 4.01269E-1 3.84318E-1 3.5587E-1 3.10877E-1 2.82011E-1 2.79691E-1 2.76333E-1 2.15606E-1 1.40378E-1 1.0888E-1 1.35396E-1 1.78136E-1 1.58646E-1 1.22373E-1 1.03696E-1 8.15974E-2 5.55451E-2 4.63587E-2 5.36569E-2 9.75082E-2 1.82079E-1 1.68918E-1 1.23939E-1 6.23398E-2 6.52324E-2 9.0035E-2 7.02546E-2 8.37242E-3 1.43222E-3 1.87977E-2 8.86074E-2 9.67696E-2 8.26609E-2 1.07405E-1 8.35302E-2 2.67598E-2 2.52107E-3 2.63275E-4 9.96372E-6 1.67638E-7 5.55578E-10 4.62334E-13 3.5388E-15 2.42041E-15 5.24027E-15 5.4718E-16 3.31447E-20 4.40577E-26 1.40009E-29 4.71231E-29 1.24035E-27 1.3699E-29 3.97516E-37 1.20792E-42 1.65914E-42 6.01875E-39 1.36547E-35 2.35791E-33 9.9294E-32 5.85035E-30
4.93028E-1 4.44626E-1 4.30859E-1 4.35488E-1 4.3395E-1 4.66721E-1 4.62525E-1 4.37023E-1 3.77685E-1 3.46415E-1 3.5587E-1 3.74353E-1 3.59248E-1 3.32065E-1 3.26207E-1 3.21098E-1 2.98254E-1 2.61315E-1 2.06747E-1 1.20067E-1 9.65637E-2 1.5753E-1 1.49556E-1 9.26611E-2 1.00583E-1 9.85516E-2 5.41667E-2 4.74292E-2 9.55854E-2 1.949E-1 2.41598E-1 1.71042E-1 1.19802E-1 6.53756E-2 7.72075E-2 1.09465E-1 1.57156E-1 1.79142E-1 5.41787E-2 4.41899E-2 7.68392E-2 1.02702E-1 9.35552E-2 1.35852E-1 1.27513E-1 6.93041E-2 1.70235E-2 3.5295E-3 4.81527E-4 5.52855E-5 1.17909E-6 2.54474E-9 4.93745E-12 2.29062E-13 1.29457E-13 1.65256E-14 9.416E-17 1.31006E-19 7.41393E-22 4.54028E-23 1.09346E-24 1.28175E-27 3.41079E-31 1.08393E-33 5.35952E-32 9.09271E-29 5.13152E-27 5.23692E-26 1.83817E-25 3.90402E-24
4.26616E-1 3.76862E-1 3.63405E-1 3.951E-1 4.33485E-1 4.42716E-1 4.12961E-1 3.51528E-1 2.31384E-1 2.10692E-1 3.13847E-1 3.73511E-1 3.70151E-1 3.49093E-1 3.60934E-1 3.41498E-1 2.98963E-1 2.60207E-1 2.19193E-1 1.5753E-1 1.35662E-1 1.93399E-1 1.73123E-1 7.63846E-2 1.04732E-1 9.84923E-2 2.79475E-2 3.92514E-2 1.45916E-1 3.71011E-1 3.78394E-1 1.87448E-1 1.30664E-1 1.26937E-1 1.46756E-1 1.61058E-1 2.29218E-1 3.12332E-1 1.52704E-1 8.68384E-2 6.99317E-2 9.22979E-2 1.98684E-1 2.0251E-1 1.3631E-1 7.35725E-2 3.43671E-2 1.49796E-2 4.66987E-3 1.05593E-3 1.05911E-4 1.19742E-6 5.83696E-9 7.5916E-11 2.56655E-11 6.52241E-12 3.32847E-13 1.71732E-14 7.67637E-16 1.86899E-17 1.35272E-19 4.98826E-22 2.17393E-24 1.86823E-25 3.30611E-24 1.11697E-21 1.3253E-20 6.84512E-21 2.76563E-22 2.96302E-25
3.4361E-1 3.20717E-1 3.39579E-1 4.33485E-1 5.13794E-1 4.99609E-1 4.28193E-1 3.99209E-1 3.04011E-1 2.56344E-1 3.47039E-1 3.76862E-1 3.5323E-1 3.58326E-1 3.70151E-1 3.5079E-1 2.87084E-1 2.42076E-1 2.40446E-1 2.38819E-1 2.32347E-1 2.65697E-1 2.49054E-1 1.61922E-1 1.38237E-1 8.23526E-2 3.22392E-2 5.45985E-2 1.56538E-1 4.01643E-1 4.04894E-1 2.10692E-1 1.68876E-1 1.78868E-1 1.93399E-1 1.90128E-1 2.12934E-1 2.2345E-1 1.9573E-1 1.62723E-1 1.02571E-1 1.16416E-1 2.02813E-1 2.72332E-1 1.9331E-1 9.91248E-2 5.11355E-2 3.44003E-2 1.51972E-2 3.29525E-3 5.0606E-4 5.08232E-5 2.581E-6 1.28665E-7 1.94915E-8 4.45647E-9 1.02398E-9 3.03259E-10 4.10966E-11 8.08563E-13 7.74201E-15 8.23018E-17 1.01287E-18 7.30893E-20 1.18208E-19 1.73328E-18 1.39352E-18 2.56224E-20 3.53311E-24 2.28947E-24
3.14347E-1 3.12623E-1 3.50462E-1 4.62138E-1 5.63974E-1 5.8221E-1 5.65986E-1 5.49464E-1 5.4044E-1 4.37674E-1 4.08144E-1 4.22682E-1 3.77606E-1 3.8096E-1 3.85194E-1 3.42295E-1 2.84262E-1 2.46986E-1 2.53574E-1 2.80323E-1 2.91062E-1 2.8936E-1 2.54385E-1 2.37888E-1 1.95409E-1 1.14379E-1 7.53458E-2 9.23209E-2 1.92416E-1 3.32051E-1 3.38956E-1 2.3812E-1 2.25133E-1 2.39761E-1 2.46096E-1 2.52721E-1 2.15169E-1 2.42478E-1 2.60207E-1 2.63538E-1 1.949E-1 7.98725E-2 1.14424E-1 2.83055E-1 2.07868E-1 1.14194E-1 6.53756E-2 3.90898E-2 1.72782E-2 5.21574E-3 1.64665E-3 8.39971E-4 2.38371E-4 2.8381E-5 4.38235E-6 1.08583E-6 4.26279E-7 3.10072E-7 8.63407E-8 1.00717E-9 1.29386E-11 3.88595E-13 7.09575E-15 2.07082E-16 3.19633E-17 4.44327E-18 4.83093E-22 3.54052E-28 2.1879E-32 1.71146E-27
3.951E-1 3.5323E-1 3.58326E-1 4.30372E-1 5.44295E-1 6.07009E-1 6.0448E-1 5.49504E-1 5.09726E-1 4.57651E-1 4.56143E-1 5.06041E-1 4.6275E-1 4.3446E-1 4.29766E-1 3.66783E-1 2.8936E-1 2.62348E-1 2.71906E-1 3.09838E-1 3.25231E-1 3.18999E-1 2.56051E-1 2.12411E-1 1.96929E-1 1.49776E-1 1.3686E-1 1.4966E-1 2.4831E-1 3.48004E-1 3.6005E-1 2.92558E-1 2.77079E-1 2.97481E-1 3.45848E-1 3.44127E-1 2.64745E-1 3.24689E-1 4.13852E-1 3.61714E-1 2.64423E-1 1.34482E-1 1.36981E-1 2.15169E-1 1.88927E-1 1.23612E-1 6.61472E-2 3.62066E-2 1.93147E-2 1.13136E-2 8.76749E-3 6.73173E-3 3.69651E-3 6.45711E-4 1.20344E-4 3.51957E-5 1.65409E-5 3.20156E-6 1.73978E-7 1.29645E-8 7.23722E-10 3.88362E-11 1.34759E-12 3.76659E-14 1.07906E-15 7.66439E-18 8.93133E-25 3.30706E-43 0E0 7.91308E-40
5.13794E-1 4.44238E-1 4.27752E-1 4.55075E-1 5.1237E-1 5.77775E-1 5.46E-1 4.22409E-1 3.37935E-1 4.25005E-1 4.82507E-1 4.93667E-1 4.51589E-1 4.35334E-1 4.24278E-1 3.82633E-1 3.25867E-1 2.96173E-1 3.23521E-1 3.43997E-1 3.32729E-1 3.17282E-1 2.81716E-1 2.3812E-1 2.12494E-1 2.1092E-1 2.40009E-1 2.72048E-1 2.94449E-1 3.56987E-1 4.07724E-1 3.29238E-1 2.96183E-1 2.84075E-1 3.24014E-1 3.58334E-1 3.78802E-1 3.98916E-1 4.53112E-1 3.9498E-1 2.87156E-1 2.70071E-1 3.1607E-1 2.49673E-1 1.83444E-1 9.9506E-2 5.04034E-2 4.41275E-2 2.94318E-2 1.47467E-2 8.62326E-3 1.13277E-2 9.74452E-3 2.90375E-3 5.70266E-4 1.808E-4 1.79534E-4 2.70414E-5 6.24989E-7 5.14401E-8 7.83594E-9 7.92036E-10 5.04431E-11 1.77788E-12 3.45353E-14 1.9011E-17 6.52566E-22 1.3057E-31 0E0 0E0
4.32407E-1 3.82664E-1 3.72393E-1 3.96902E-1 4.33001E-1 5.04567E-1 4.42196E-1 3.16812E-1 2.78909E-1 4.35196E-1 4.62145E-1 3.18216E-1 3.62986E-1 3.79938E-1 3.55587E-1 3.55587E-1 3.66783E-1 3.88508E-1 3.5493E-1 3.44708E-1 3.31578E-1 2.9885E-1 3.04011E-1 3.16486E-1 2.58238E-1 2.97743E-1 3.25491E-1 3.13565E-1 2.94526E-1 3.27675E-1 3.86404E-1 3.64172E-1 3.06718E-1 2.84123E-1 3.29421E-1 3.8301E-1 3.99867E-1 4.14769E-1 4.24022E-1 3.58711E-1 2.63521E-1 3.11824E-1 4.30432E-1 3.11606E-1 1.67563E-1 6.59437E-2 3.29799E-2 7.45151E-2 6.32161E-2 2.07103E-2 5.29019E-3 1.23956E-2 1.37245E-2 5.89089E-3 1.35987E-3 3.92381E-4 2.78327E-4 4.37443E-5 1.23806E-6 2.18966E-7 6.34552E-8 1.06717E-8 1.09743E-9 6.45195E-11 1.73823E-12 1.09106E-14 8.33911E-18 7.0449E-21 1.75039E-23 1.4371E-26
3.19395E-1 2.51923E-1 1.88305E-1 2.31733E-1 3.2784E-1 3.80047E-1 2.94984E-1 2.14073E-1 2.5333E-1 3.63405E-1 3.64093E-1 3.12581E-1 3.5838E-1 3.45697E-1 3.12623E-1 3.109E-1 3.8096E-1 4.67946E-1 4.47636E-1 3.72683E-1 3.28649E-1 2.83037E-1 2.36484E-1 1.95448E-1 2.68373E-1 3.61765E-1 3.87714E-1 3.18789E-1 3.41632E-1 3.32913E-1 3.11993E-1 3.01497E-1 2.82352E-1 2.99668E-1 3.53966E-1 3.66104E-1 3.57442E-1 4.11849E-1 4.52947E-1 3.38146E-1 2.72062E-1 2.92789E-1 3.17193E-1 2.29487E-1 1.53514E-1 1.11873E-1 7.77354E-2 1.14379E-1 1.00582E-1 4.05881E-2 1.35254E-2 1.18584E-2 1.23699E-2 7.68677E-3 3.30083E-3 1.06132E-3 4.35356E-4 9.0545E-5 1.08081E-5 2.47455E-6 6.75598E-7 1.21738E-7 1.83007E-8 1.7161E-9 9.09782E-11 2.99623E-12 2.81887E-14 1.96226E-16 1.78314E-18 1.2618E-20
2.61871E-1 2.00634E-1 1.4651E-1 1.44588E-1 2.36204E-1 3.02365E-1 1.73273E-1 9.9506E-2 1.59999E-1 2.30993E-1 2.51492E-1 2.59546E-1 2.85166E-1 2.64907E-1 2.42478E-1 2.42665E-1 3.03967E-1 4.19348E-1 4.27752E-1 3.87618E-1 3.33849E-1 2.84853E-1 2.49391E-1 2.49391E-1 3.25709E-1 4.53395E-1 5.59336E-1 4.60939E-1 2.99473E-1 2.53341E-1 2.2032E-1 2.18272E-1 2.59836E-1 3.08432E-1 3.10187E-1 2.49654E-1 2.37927E-1 3.10242E-1 3.32913E-1 3.06718E-1 3.15446E-1 3.20531E-1 2.68373E-1 1.93803E-1 1.6616E-1 1.92385E-1 1.96647E-1 1.99868E-1 1.49707E-1 7.07794E-2 1.23956E-2 5.53928E-3 5.24615E-3 5.46577E-3 4.49318E-3 2.08974E-3 8.12987E-4 2.85355E-4 8.59851E-5 2.93819E-5 6.18887E-6 9.33289E-7 1.75892E-7 2.54675E-8 2.75322E-9 2.0603E-10 3.70111E-12 4.12556E-14 3.4795E-16 1.15139E-18
2.19761E-1 1.98735E-1 1.41134E-1 1.27443E-1 1.75281E-1 1.93399E-1 1.086E-1 7.70294E-2 1.08249E-1 1.75047E-1 2.01013E-1 2.05307E-1 2.02279E-1 1.67534E-1 1.37082E-1 1.63325E-1 2.26789E-1 2.89513E-1 3.07416E-1 3.42741E-1 3.30176E-1 2.89576E-1 2.63845E-1 2.66028E-1 3.13611E-1 4.17155E-1 4.77714E-1 3.68791E-1 2.73299E-1 2.00967E-1 1.62916E-1 1.53022E-1 2.34837E-1 2.89295E-1 2.94517E-1 1.99569E-1 1.79903E-1 2.28428E-1 2.30063E-1 2.56691E-1 3.5323E-1 3.22801E-1 2.42076E-1 1.77527E-1 1.45882E-1 1.84241E-1 2.31907E-1 1.90413E-1 1.2826E-1 4.42601E-2 3.1791E-3 1.78598E-3 5.44189E-3 4.99222E-3 4.16434E-3 2.97261E-3 1.48184E-3 6.94218E-4 3.00544E-4 1.19548E-4 2.48213E-5 3.76285E-6 7.10369E-7 1.57721E-7 2.62113E-8 2.08992E-9 7.21808E-11 2.10304E-12 4.56465E-14 1.4711E-16
2.19193E-1 1.79573E-1 1.06059E-1 9.86814E-2 1.1573E-1 1.1432E-1 9.04507E-2 8.81882E-2 1.084E-1 1.84004E-1 1.67534E-1 1.41412E-1 1.25583E-1 9.53348E-2 8.65579E-2 1.12146E-1 1.56779E-1 2.11033E-1 2.69723E-1 3.27832E-1 3.26171E-1 2.91769E-1 2.6409E-1 2.51015E-1 2.62783E-1 2.92929E-1 2.88064E-1 2.26865E-1 2.04544E-1 2.16743E-1 1.67483E-1 8.37192E-2 1.24644E-1 2.04608E-1 2.99746E-1 2.51655E-1 2.17108E-1 2.25298E-1 2.13827E-1 2.34597E-1 2.86525E-1 2.98963E-1 1.81635E-1 1.14194E-1 7.39076E-2 8.77549E-2 1.09833E-1 9.85067E-2 5.05956E-2 7.47003E-3 3.21554E-4 1.90348E-4 2.37549E-3 3.66105E-3 3.1974E-3 3.56173E-3 2.17688E-3 1.09979E-3 4.97216E-4 1.49023E-4 3.4405E-5 8.04584E-6 1.9479E-6 5.19003E-7 1.01595E-7 8.38476E-9 4.31531E-10 2.55505E-11 8.59337E-13 8.20475E-15
1.19956E-1 8.31289E-2 4.29855E-2 5.32055E-2 7.29842E-2 1.20742E-1 1.31295E-1 1.31007E-1 1.31482E-1 1.39557E-1 1.73656E-1 1.43321E-1 9.32525E-2 5.49469E-2 5.81009E-2 8.56546E-2 1.19604E-1 1.63416E-1 2.40532E-1 3.12332E-1 2.89264E-1 2.63633E-1 2.435E-1 2.324E-1 2.31394E-1 2.39428E-1 2.41045E-1 2.39428E-1 2.35954E-1 2.16743E-1 1.45657E-1 8.07208E-2 9.07482E-2 1.52498E-1 1.92385E-1 1.80444E-1 1.96647E-1 2.08353E-1 1.87754E-1 1.92129E-1 1.98033E-1 1.76314E-1 1.283E-1 7.86706E-2 5.05936E-2 4.53365E-2 4.31522E-2 4.26596E-2 2.81672E-2 3.4415E-3 1.33402E-4 6.51297E-5 8.34692E-4 2.20865E-3 2.96597E-3 3.82527E-3 2.47028E-3 1.21893E-3 5.12596E-4 1.19735E-4 2.77919E-5 9.16051E-6 3.20462E-6 8.08831E-7 1.45301E-7 1.69786E-8 1.23539E-9 8.07033E-11 6.11456E-12 2.51693E-13
