KUENM/Final_Models/M_0.1_F_lq_Set_2_EC/sp1_1_se_asia.asc
ncols         320
nrows         243
xllcorner     44.0
yllcorner     -0.666666666666667
cellsize      0.166666666666667
NODATA_value  -9999
[rows 93 to 123 of 243, columns 210 to 279 of 320]
3.33935E-2 1.13509E-2 1.22915E-2 4.52128E-2 9.21213E-2 1.17261E-1 1.28367E-1 1.38117E-1 1.25132E-1 1.11135E-1 1.33895E-1 1.08452E-1 7.554E-2 5.88457E-2 6.1253E-2 7.63493E-2 9.0943E-2 1.24709E-1 1.80339E-1 2.38052E-1 2.33267E-1 2.04456E-1 1.95241E-1 1.80582E-1 1.70971E-1 1.65679E-1 1.41195E-1 1.38964E-1 1.42387E-1 1.3435E-1 8.10413E-2 5.41942E-2 6.62456E-2 8.10413E-2 7.93423E-2 6.23992E-2 9.0943E-2 1.15805E-1 1.10284E-1 1.35134E-1 1.51645E-1 1.377E-1 9.5042E-2 6.71299E-2 4.54544E-2 3.39201E-2 2.98911E-2 2.37506E-2 1.713E-2 3.82251E-3 5.50338E-4 3.31026E-4 8.10835E-4 1.4079E-3 2.36485E-3 2.85242E-3 1.85555E-3 7.81047E-4 2.56174E-4 4.37258E-5 9.47902E-6 5.79142E-6 3.12616E-6 8.63898E-7 1.38783E-7 1.99398E-8 2.08352E-9 1.9156E-10 2.01098E-11 3.43903E-12
2.86285E-2 1.69649E-2 2.83222E-2 5.38664E-2 8.73974E-2 8.26807E-2 1.14687E-1 1.41921E-1 1.29791E-1 1.00984E-1 9.94843E-2 8.71897E-2 7.82941E-2 7.80394E-2 8.97074E-2 8.46884E-2 8.37369E-2 1.06313E-1 1.28723E-1 1.54013E-1 1.66407E-1 1.71897E-1 1.55947E-1 1.35129E-1 1.14383E-1 1.1037E-1 9.50653E-2 8.6511E-2 8.81181E-2 9.30094E-2 1.04109E-1 1.23097E-1 9.01643E-2 6.98628E-2 4.68312E-2 4.12958E-2 4.2683E-2 3.05955E-2 2.56404E-2 4.3209E-2 7.83355E-2 8.92655E-2 5.3229E-2 4.24578E-2 4.29884E-2 2.93762E-2 2.39677E-2 1.72835E-2 1.07573E-2 4.85355E-3 2.22933E-3 1.69977E-3 1.38998E-3 8.52166E-4 1.12058E-3 2.38904E-3 1.9672E-3 7.52833E-4 2.0391E-4 3.40952E-5 6.61788E-6 9.92939E-6 5.30319E-6 1.05787E-6 1.67503E-7 2.17166E-8 3.07879E-9 3.93918E-10 7.48375E-11 2.21398E-11
5.01316E-2 4.54384E-2 2.31311E-2 5.57857E-2 8.71897E-2 7.33483E-2 8.19642E-2 9.77667E-2 9.16063E-2 8.20073E-2 6.83086E-2 6.30774E-2 6.75416E-2 8.20073E-2 9.45067E-2 8.32893E-2 6.8807E-2 6.94504E-2 6.87311E-2 9.5977E-2 8.63955E-2 1.11115E-1 9.74861E-2 7.76535E-2 6.50454E-2 6.14578E-2 5.14989E-2 4.90981E-2 4.79319E-2 6.26484E-2 1.08938E-1 1.31193E-1 6.86043E-2 4.91515E-2 3.81805E-2 4.19371E-2 4.45667E-2 2.13626E-2 1.50651E-2 2.25571E-2 4.58286E-2 4.83437E-2 2.47623E-2 1.92994E-2 2.81235E-2 2.50965E-2 2.02415E-2 1.24424E-2 8.67561E-3 6.18695E-3 4.96378E-3 4.65306E-3 3.40564E-3 1.2089E-3 1.06538E-3 1.87569E-3 1.63029E-3 8.01699E-4 2.51551E-4 5.93393E-5 2.23677E-5 1.66868E-5 6.26035E-6 9.80655E-7 1.21255E-7 1.88347E-8 3.25561E-9 5.21942E-10 1.41988E-10 7.3925E-11
5.25514E-2 4.77172E-2 1.90372E-2 6.49111E-2 6.23561E-2 4.35345E-2 3.78465E-2 4.67517E-2 4.49259E-2 3.86948E-2 3.19609E-2 3.00246E-2 4.67517E-2 7.19084E-2 7.43282E-2 6.87684E-2 5.471E-2 4.48187E-2 4.23316E-2 4.59022E-2 3.8041E-2 3.98164E-2 5.0267E-2 4.24749E-2 3.56089E-2 3.0058E-2 2.56404E-2 2.85765E-2 2.74176E-2 3.6527E-2 4.32962E-2 3.24695E-2 3.64489E-2 4.39767E-2 3.54022E-2 3.74888E-2 3.59876E-2 3.15151E-2 3.49919E-2 3.49002E-2 2.79225E-2 2.94996E-2 2.5194E-2 4.07895E-2 2.88525E-2 2.56197E-2 2.17664E-2 8.73327E-3 8.34136E-3 8.7426E-3 6.93676E-3 8.61021E-3 9.01287E-3 3.52894E-3 2.31516E-3 2.27578E-3 1.77991E-3 9.00498E-4 3.40792E-4 1.07123E-4 3.64153E-5 1.46802E-5 4.38135E-6 6.38343E-7 8.08002E-8 1.45916E-8 4.25518E-9 9.34876E-10 3.65438E-10 1.47635E-10
2.68491E-2 2.94557E-2 3.35923E-2 4.21193E-2 3.24695E-2 2.99066E-2 2.61865E-2 2.23499E-2 1.6295E-2 1.42812E-2 1.1245E-2 1.44895E-2 3.33974E-2 6.68189E-2 7.11765E-2 5.52745E-2 3.91457E-2 2.73554E-2 1.83516E-2 1.69137E-2 1.53606E-2 1.33581E-2 2.0223E-2 1.72609E-2 1.47727E-2 1.24224E-2 1.0541E-2 1.08544E-2 1.33587E-2 1.11445E-2 8.18524E-3 4.93459E-3 5.84072E-3 1.81048E-2 2.73797E-2 1.97891E-2 1.27062E-2 1.13047E-2 8.87087E-3 7.81924E-3 5.62421E-3 8.46496E-3 1.6314E-2 2.36292E-2 3.03329E-2 3.53929E-2 3.3716E-2 1.79249E-2 1.38486E-2 1.79249E-2 6.51585E-3 4.81529E-3 5.30268E-3 4.66213E-3 3.89636E-3 3.52894E-3 2.31516E-3 1.22631E-3 5.01207E-4 1.48974E-4 4.52861E-5 1.25068E-5 3.22022E-6 5.06203E-7 5.49489E-8 1.59034E-8 7.44512E-9 2.94015E-9 7.96953E-10 -9999
2.47488E-2 3.18721E-2 3.74817E-2 3.0099E-2 2.37057E-2 1.9253E-2 1.3749E-2 1.01249E-2 6.33731E-3 4.75928E-3 3.76651E-3 1.03494E-2 3.08217E-2 6.87684E-2 8.00528E-2 5.34335E-2 3.29098E-2 2.33506E-2 1.87302E-2 1.13066E-2 8.81711E-3 7.37651E-3 9.59286E-3 8.73357E-3 7.26658E-3 5.60362E-3 4.5885E-3 3.95538E-3 5.31178E-3 3.81917E-3 5.79122E-3 3.74691E-3 4.21631E-3 1.42377E-2 2.18714E-2 7.58849E-3 3.46078E-3 2.97248E-3 1.47691E-3 2.70064E-3 5.90587E-3 7.98558E-3 9.38982E-3 1.09271E-2 1.38638E-2 2.81016E-2 4.21636E-2 2.73681E-2 1.86654E-2 7.05094E-2 1.2691E-2 5.56283E-3 5.13544E-3 4.66213E-3 5.38814E-3 6.4143E-3 4.1604E-3 2.19887E-3 8.06267E-4 1.68341E-4 3.83645E-5 1.07171E-5 2.71614E-6 5.90967E-7 1.21255E-7 4.26848E-8 1.87613E-8 6.16871E-9 9.11706E-10 -9999
2.85304E-2 3.21766E-2 4.04911E-2 4.55525E-2 3.15465E-2 9.62063E-3 6.32532E-3 3.48053E-3 1.75297E-3 1.24007E-3 1.51418E-3 3.19863E-3 1.28498E-2 3.63398E-2 6.21668E-2 4.18547E-2 2.63993E-2 1.9811E-2 1.92689E-2 1.70034E-2 8.73357E-3 5.07167E-3 4.91519E-3 4.83666E-3 3.42342E-3 2.16548E-3 1.74677E-3 1.85401E-3 2.48142E-3 3.36589E-3 4.10186E-3 3.75432E-3 2.71454E-3 4.48714E-3 6.15778E-3 2.6736E-3 1.08576E-3 1.42858E-3 1.45425E-3 1.03208E-2 1.7595E-2 7.78921E-3 4.34146E-3 6.06203E-3 8.09848E-3 1.79249E-2 3.96328E-2 4.68428E-2 2.05022E-2 4.79818E-2 4.01288E-2 1.78983E-2 8.35082E-3 4.81529E-3 4.81529E-3 1.06376E-2 1.14589E-2 7.15629E-3 9.68928E-4 1.16391E-4 2.15666E-5 7.21096E-6 2.6364E-6 7.80275E-7 2.35935E-7 9.20491E-8 4.47142E-8 1.10498E-8 8.14023E-10 1.89778E-11
5.18077E-2 5.19446E-2 6.27162E-2 5.24678E-2 2.87462E-2 1.34236E-2 6.1406E-3 2.02685E-3 5.40954E-4 5.17982E-4 9.60818E-4 2.11323E-3 3.03571E-3 8.36491E-3 1.44526E-2 1.43559E-2 1.60237E-2 1.55714E-2 1.95248E-2 2.35144E-2 1.20458E-2 5.9908E-3 3.63634E-3 2.80628E-3 1.73366E-3 8.81049E-4 6.31975E-4 7.02527E-4 1.01189E-3 1.53567E-3 1.99674E-3 1.71688E-3 1.30664E-3 8.74454E-4 1.26148E-3 1.67553E-3 1.86059E-3 2.40595E-3 3.88487E-3 1.34004E-2 1.32406E-2 5.65208E-3 3.34939E-3 5.42208E-3 1.14589E-2 1.5316E-2 2.76732E-2 3.9468E-2 2.13632E-2 2.65009E-2 5.52903E-2 3.75455E-2 2.02857E-2 7.97489E-3 2.60892E-3 2.88765E-3 5.83451E-3 1.54621E-3 2.22271E-4 4.58249E-5 1.2985E-5 4.90369E-6 2.2606E-6 8.16645E-7 2.34667E-7 8.20761E-8 3.45318E-8 7.19167E-9 3.12238E-10 -9999
6.97911E-2 7.50479E-2 7.50735E-2 6.02763E-2 3.21376E-2 1.67238E-2 5.07167E-3 1.34696E-3 4.65224E-4 5.55085E-4 8.62325E-4 2.10757E-3 4.78089E-3 7.57047E-3 5.73327E-3 1.65009E-3 2.78142E-3 5.85589E-3 1.67565E-2 3.32318E-2 1.65296E-2 6.91876E-3 3.08846E-3 1.67084E-3 9.57821E-4 5.20073E-4 2.99843E-4 2.76779E-4 3.21895E-4 4.65224E-4 7.66439E-4 6.43749E-4 2.87792E-4 1.60805E-4 3.52921E-4 1.30358E-3 2.95802E-3 3.15212E-3 3.82132E-3 5.1812E-3 4.001E-3 3.29049E-3 2.88765E-3 4.85355E-3 9.25856E-3 1.0324E-2 1.62145E-2 1.72752E-2 1.31723E-2 1.72752E-2 2.92898E-2 3.30758E-2 3.14169E-2 8.87282E-3 1.23081E-3 7.11075E-4 1.78562E-3 2.45546E-4 6.58342E-5 2.86051E-5 9.52655E-6 3.8269E-6 1.84072E-6 6.07078E-7 1.2156E-7 2.32678E-8 5.32484E-9 7.53414E-10 2.12988E-11 -9999
5.88457E-2 6.1933E-2 8.32893E-2 7.50181E-2 4.16467E-2 1.65118E-2 4.75928E-3 1.50648E-3 6.91134E-4 7.03967E-4 1.09068E-3 2.00288E-3 4.12776E-3 5.83996E-3 8.28113E-3 3.24415E-3 1.101E-3 2.45015E-3 1.02075E-2 2.44796E-2 1.31061E-2 5.27421E-3 2.36643E-3 1.22357E-3 6.22591E-4 4.24402E-4 2.57527E-4 2.02998E-4 2.8023E-4 2.96693E-4 6.16543E-4 7.0277E-4 3.69471E-4 1.72777E-4 3.13937E-4 1.78189E-3 4.68471E-3 4.85651E-3 3.11127E-3 3.40247E-3 4.0929E-3 5.30411E-3 6.31437E-3 8.60671E-3 9.86919E-3 7.91063E-3 7.61426E-3 7.81133E-3 6.58843E-3 7.69226E-3 1.15487E-2 1.31723E-2 8.20587E-3 1.21154E-3 7.21621E-5 8.75074E-6 6.91685E-5 9.62053E-5 4.47307E-5 2.21089E-5 5.36228E-6 1.89339E-6 8.16927E-7 2.11336E-7 2.35046E-8 2.09529E-9 2.004E-10 2.26106E-11 -9999 1.73876E-15
4.12958E-2 5.23633E-2 6.92478E-2 8.28363E-2 4.1425E-2 1.45194E-2 4.17567E-3 1.17427E-3 6.84319E-4 5.61903E-4 9.96421E-4 2.43866E-3 6.0016E-3 6.30146E-3 4.64459E-3 3.48427E-3 4.10156E-3 6.02969E-3 7.64232E-3 6.75002E-3 4.76151E-3 1.46385E-3 1.24444E-3 8.8704E-4 7.64786E-4 6.01232E-4 4.7531E-4 4.66288E-4 6.46671E-4 1.37538E-3 3.29532E-3 2.21436E-3 7.38846E-4 3.69873E-4 6.78341E-4 2.76597E-3 4.54714E-3 4.47349E-3 3.85806E-3 3.29049E-3 6.12169E-3 9.01287E-3 1.36585E-2 2.03236E-2 1.16298E-2 8.22097E-3 5.47609E-3 4.93546E-3 3.63975E-3 2.64228E-3 3.87198E-3 5.17768E-3 1.69552E-3 1.2223E-4 8.75074E-6 1.36814E-6 2.70015E-6 1.68764E-5 1.76573E-5 9.29908E-6 2.38994E-6 6.58566E-7 1.6436E-7 2.41798E-8 1.73065E-9 6.43584E-11 1.40557E-12 2.59455E-14 4.89197E-16 -9999
3.07118E-2 5.81819E-2 6.51635E-2 5.80068E-2 3.23463E-2 1.08535E-2 2.58365E-3 9.03482E-4 4.77866E-4 4.47934E-4 9.53325E-4 2.90645E-3 6.51081E-3 1.33535E-2 1.74716E-2 1.69929E-2 1.09387E-2 8.44779E-3 9.03277E-3 5.47071E-3 1.97459E-3 3.88785E-4 5.26356E-4 7.90681E-4 8.4227E-4 9.05718E-4 7.66633E-4 7.04238E-4 1.14582E-3 2.06161E-3 3.10526E-3 2.02353E-3 1.02089E-3 7.18949E-4 9.14677E-4 1.62245E-3 2.09594E-3 2.73776E-3 3.80383E-3 3.22223E-3 4.12273E-3 4.94713E-3 6.76976E-3 6.49012E-3 7.70206E-3 7.14349E-3 5.45394E-3 4.01601E-3 1.94296E-3 6.6162E-4 1.39345E-3 3.95093E-3 7.41015E-4 -9999 4.80791E-5 2.02127E-5 7.71787E-6 9.29908E-6 7.36489E-6 3.44091E-6 9.52276E-7 1.87849E-7 2.52988E-8 2.07475E-9 7.74638E-11 1.09891E-12 5.47358E-15 5.57995E-18 3.04881E-20 3.46077E-21
5.69795E-2 7.66304E-2 4.85724E-2 2.23499E-2 1.49973E-2 5.35085E-3 1.02978E-3 6.11486E-4 3.50981E-4 3.62175E-4 1.18716E-3 3.67956E-3 9.76716E-3 3.76836E-2 4.57232E-2 3.2811E-2 2.14505E-2 1.44737E-2 8.87282E-3 5.13095E-3 2.47905E-3 1.23322E-3 9.2364E-4 8.26904E-4 9.21783E-4 1.07498E-3 8.52166E-4 6.58466E-4 9.51035E-4 1.6418E-3 1.7186E-3 1.18046E-3 6.53125E-4 4.1849E-4 4.02672E-4 5.26356E-4 8.56833E-4 1.49597E-3 2.24712E-3 2.20083E-3 1.88178E-3 1.92676E-3 2.7607E-3 2.53275E-3 2.21231E-3 3.0326E-3 2.64228E-3 1.63274E-3 1.08509E-3 5.28273E-4 1.20851E-3 1.63718E-3 4.45798E-4 1.2223E-4 3.58525E-4 2.65803E-4 4.19112E-5 1.22661E-5 4.48108E-6 1.49557E-6 3.44826E-7 4.95422E-8 4.33002E-9 2.03144E-10 4.22913E-12 2.38337E-14 4.65689E-17 1.68556E-20 7.48118E-23 1.1467E-23
8.92658E-2 8.20172E-2 3.20508E-2 8.56551E-3 9.61283E-3 3.68306E-3 4.78245E-4 3.51658E-4 3.40822E-4 3.37566E-4 1.67445E-3 7.03207E-3 2.05028E-2 7.29562E-2 7.75011E-2 5.19321E-2 3.32049E-2 2.0407E-2 1.1213E-2 7.65582E-3 4.98666E-3 2.40135E-3 1.0374E-3 9.01966E-4 8.19164E-4 6.47392E-4 2.74396E-4 2.45546E-4 4.32764E-4 9.40208E-4 9.5517E-4 5.65165E-4 3.18303E-4 2.31782E-4 1.64606E-4 1.63096E-4 4.26241E-4 1.03117E-3 1.71548E-3 1.98303E-3 1.6405E-3 1.12208E-3 1.19139E-3 8.64011E-4 7.09764E-4 4.54244E-4 2.48784E-4 2.90975E-4 6.03535E-4 9.05128E-4 8.88753E-4 6.03535E-4 3.33629E-4 3.7404E-4 5.78586E-4 2.31319E-4 5.09212E-5 1.1449E-5 3.16406E-6 7.29466E-7 1.29053E-7 1.39058E-8 8.84087E-10 -9999 3.51857E-13 1.58369E-15 2.83416E-18 3.30561E-21 1.53358E-23 -9999
1.02557E-1 9.64885E-2 4.78327E-2 1.75546E-2 1.26488E-2 5.62421E-3 6.05812E-4 2.13929E-4 4.62325E-4 9.76349E-4 4.40539E-3 1.65118E-2 4.70636E-2 1.06945E-1 1.0232E-1 6.20282E-2 4.17453E-2 2.88604E-2 1.85325E-2 1.32762E-2 1.01072E-2 5.77886E-3 2.54068E-3 2.00465E-3 1.54755E-3 3.44107E-4 3.97731E-5 5.42744E-5 1.11998E-4 2.29824E-4 3.27195E-4 1.9429E-4 1.26416E-4 1.50781E-4 7.56945E-5 3.80969E-5 2.36241E-4 9.96421E-4 1.7959E-3 2.48279E-3 2.02916E-3 1.18895E-3 6.74802E-4 2.82882E-4 1.50901E-4 8.80902E-5 1.80864E-5 4.00887E-5 1.63443E-4 3.46778E-4 3.1491E-4 1.254E-4 4.08486E-5 4.63144E-5 5.20292E-5 3.75849E-5 1.88937E-5 7.81751E-6 1.75808E-6 4.35961E-7 5.68971E-8 5.22871E-9 2.61822E-10 3.94794E-12 6.5804E-14 -9999 3.59037E-19 1.80211E-21 7.40326E-24 -9999
1.14435E-1 1.1609E-1 1.02388E-1 7.25328E-2 4.23372E-2 1.32724E-2 9.5753E-4 1.19162E-4 3.11029E-4 1.34181E-3 7.39955E-3 2.89703E-2 5.43641E-2 1.0438E-1 8.60477E-2 5.3063E-2 4.21085E-2 3.76929E-2 2.346E-2 1.58121E-2 1.74706E-2 1.52068E-2 8.90282E-3 6.08967E-3 4.59106E-3 7.76949E-4 9.79763E-5 5.1713E-5 4.98164E-5 5.42744E-5 6.41354E-5 6.21926E-5 5.50157E-5 7.62449E-5 5.46564E-5 2.30552E-5 2.05307E-4 1.1967E-3 2.80628E-3 4.26811E-3 2.58361E-3 1.23522E-3 5.75019E-4 1.6856E-4 9.37275E-5 3.44341E-5 1.23295E-5 1.89183E-5 6.03822E-5 1.28028E-4 1.44697E-4 5.42131E-5 5.55071E-6 -9999 1.25584E-6 5.23644E-6 7.45997E-6 4.53894E-6 1.24059E-6 2.58267E-7 -9999 2.80195E-9 1.25755E-10 1.39179E-12 -9999 -9999 -9999 -9999 -9999 -9999
1.55712E-1 1.36906E-1 1.11059E-1 8.92571E-2 7.2506E-2 1.82691E-2 2.08165E-3 1.88215E-4 2.34573E-5 3.6234E-4 7.40832E-3 3.3484E-2 6.25444E-2 7.41058E-2 5.75565E-2 3.61598E-2 3.00041E-2 2.49768E-2 1.4675E-2 1.15373E-2 1.76187E-2 1.81145E-2 1.10418E-2 6.54432E-3 4.00806E-3 1.53641E-3 4.53481E-4 1.53563E-4 5.06989E-5 1.7329E-5 1.72243E-5 3.09143E-5 4.46861E-5 7.45766E-5 9.15125E-5 8.95299E-5 3.21902E-4 1.60316E-3 3.15055E-3 3.90538E-3 3.0966E-3 1.10764E-3 4.60386E-4 1.88364E-4 9.56707E-5 2.82436E-5 1.44257E-5 1.5833E-5 3.92845E-5 8.45697E-5 -9999 -9999 -9999 -9999 -9999 4.32697E-6 -9999 -9999 1.24059E-6 -9999 -9999 -9999 -9999 -9999 -9999 -9999 -9999 -9999 -9999 -9999
1.9735E-1 1.20907E-1 5.85836E-2 5.55955E-2 4.74992E-2 1.09166E-2 2.83595E-3 1.60166E-4 2.0235E-5 3.03028E-4 9.26181E-3 4.66957E-2 7.73842E-2 5.36874E-2 3.64125E-2 2.09702E-2 1.56674E-2 1.27253E-2 7.43467E-3 4.95101E-3 6.79701E-3 7.424E-3 4.98666E-3 3.21371E-3 2.48402E-3 2.25739E-3 1.57716E-3 3.84708E-4 6.69587E-5 1.2628E-5 1.06704E-5 2.67649E-5 9.35555E-5 9.82956E-5 1.30005E-4 2.20783E-4 4.99119E-4 1.35855E-3 2.70123E-3 3.20528E-3 2.18983E-3 8.05497E-4 3.72131E-4 1.91009E-4 7.82318E-5 3.85043E-5 2.09781E-5 1.89596E-5 -9999 -9999 -9999 -9999 -9999 -9999 -9999 -9999 -9999 -9999 -9999 -9999 -9999 -9999 -9999 -9999 -9999 -9999 -9999 -9999 -9999 -9999
1.16511E-1 7.00408E-2 3.19949E-2 2.1351E-2 1.19964E-2 3.35116E-3 7.40837E-4 1.12927E-4 7.5967E-5 1.32574E-3 1.14202E-2 1.81782E-2 2.34946E-2 2.74332E-2 2.56774E-2 1.28217E-2 9.46927E-3 8.72532E-3 4.49757E-3 2.35403E-3 1.69552E-3 1.54262E-3 1.53391E-3 1.37052E-3 1.58857E-3 2.49964E-3 2.8665E-3 7.99172E-4 1.65241E-4 4.98019E-5 3.4153E-5 6.52723E-5 9.95019E-5 1.829E-4 3.33629E-4 6.62691E-4 1.14093E-3 1.78665E-3 2.15493E-3 2.05105E-3 1.34181E-3 5.73752E-4 2.85318E-4 1.62716E-4 8.28161E-5 4.67041E-5 3.29971E-5 -9999 -9999 -9999 -9999 -9999 -9999 -9999 -9999 -9999 -9999 -9999 -9999 -9999 -9999 -9999 -9999 -9999 -9999 -9999 -9999 -9999 -9999 -9999
7.08095E-2 3.96965E-2 1.78651E-2 8.44674E-3 3.52464E-3 8.19164E-4 2.02833E-4 8.43857E-5 9.68377E-5 1.08072E-3 4.16289E-3 2.39854E-3 3.64789E-3 1.52099E-2 2.906E-2 2.23116E-2 1.24273E-2 4.45699E-3 1.59766E-3 1.01158E-3 8.27844E-4 6.74049E-4 5.65429E-4 6.94067E-4 1.12722E-3 1.81235E-3 1.80861E-3 9.50972E-4 3.53769E-4 1.73359E-4 1.20387E-4 1.33351E-4 2.2353E-4 5.19796E-4 8.95514E-4 1.66156E-3 2.5693E-3 2.77921E-3 2.05532E-3 1.0113E-3 6.93888E-4 3.15154E-4 1.8444E-4 1.22733E-4 8.64143E-5 5.90829E-5 5.2E-5 -9999 -9999 -9999 -9999 -9999 -9999 -9999 -9999 -9999 -9999 -9999 -9999 -9999 -9999 -9999 -9999 -9999 -9999 -9999 -9999 -9999 -9999 -9999
4.48211E-2 2.36795E-2 9.61555E-3 3.7321E-3 1.4965E-3 5.72688E-4 1.9948E-4 1.03954E-4 1.42474E-4 5.14032E-4 1.21154E-3 1.44819E-3 2.98958E-3 1.2116E-2 3.0614E-2 3.04539E-2 1.43637E-2 3.08369E-3 1.14786E-3 7.68024E-4 7.13083E-4 5.92314E-4 3.8195E-4 5.86923E-4 9.47735E-4 1.34653E-3 1.40754E-3 1.02207E-3 6.35612E-4 3.89394E-4 2.99257E-4 3.05136E-4 4.35706E-4 8.24721E-4 1.65714E-3 3.30296E-3 6.22108E-3 3.61216E-3 1.60439E-3 5.59018E-4 1.7717E-4 1.1318E-4 1.06382E-4 9.75778E-5 8.09033E-5 7.14865E-5 7.62003E-5 8.64143E-5 -9999 -9999 -9999 -9999 -9999 -9999 -9999 -9999 -9999 -9999 -9999 -9999 -9999 -9999 -9999 -9999 -9999 -9999 -9999 -9999 -9999 -9999
2.38578E-2 1.02053E-2 3.58296E-3 1.63315E-3 1.0406E-3 6.4048E-4 2.60995E-4 1.13139E-4 1.20879E-4 2.55485E-4 6.00808E-4 1.17679E-3 2.47215E-3 6.51576E-3 1.2691E-2 1.48834E-2 1.19393E-2 3.14363E-3 1.0234E-3 7.51856E-4 9.81425E-4 1.47123E-3 1.44819E-3 1.16867E-3 1.24761E-3 1.29973E-3 1.34653E-3 1.14715E-3 9.50972E-4 7.99172E-4 6.94067E-4 7.79052E-4 7.99172E-4 1.28753E-3 2.04448E-3 3.4939E-3 5.69481E-3 3.19258E-3 1.09492E-3 3.12772E-4 1.0856E-4 7.14737E-5 8.63585E-5 8.43565E-5 9.16872E-5 9.00171E-5 1.02068E-4 1.30676E-4 -9999 -9999 -9999 -9999 -9999 -9999 -9999 -9999 -9999 -9999 -9999 -9999 -9999 -9999 -9999 -9999 -9999 -9999 -9999 -9999 -9999 -9999
1.10991E-2 2.65726E-3 6.94067E-4 9.35405E-4 1.08755E-3 9.85923E-4 3.56237E-4 7.45607E-5 5.04856E-5 1.07123E-4 2.56594E-4 6.47911E-4 1.59963E-3 3.31842E-3 5.50957E-3 5.44778E-3 4.58444E-3 3.08167E-3 9.99505E-4 6.85787E-4 9.07214E-4 4.01777E-3 6.2158E-3 3.52169E-3 2.00221E-3 1.45517E-3 1.3949E-3 1.26614E-3 1.33956E-3 1.68661E-3 2.05905E-3 2.56927E-3 2.17166E-3 1.55435E-3 1.41991E-3 1.49241E-3 2.62329E-3 2.18269E-3 8.5683E-4 2.42463E-4 8.40315E-5 7.37315E-5 8.9448E-5 1.01702E-4 1.12281E-4 1.27508E-4 1.41597E-4 -9999 -9999 -9999 -9999 -9999 -9999 -9999 -9999 -9999 -9999 -9999 -9999 -9999 -9999 -9999 -9999 -9999 -9999 -9999 -9999 -9999 -9999 -9999
6.98246E-3 1.61658E-3 4.39742E-4 6.4048E-4 1.00062E-3 9.24608E-4 1.9788E-4 1.94024E-5 1.09651E-5 3.16036E-5 8.59405E-5 2.71876E-4 7.81047E-4 1.46007E-3 3.35117E-3 6.57571E-3 1.31353E-2 5.83214E-3 1.05563E-3 5.24647E-4 8.27758E-4 5.53557E-3 1.06066E-2 6.35702E-3 2.81243E-3 1.58857E-3 1.4836E-3 1.70336E-3 2.11803E-3 2.4968E-3 2.94748E-3 3.83695E-3 3.86332E-3 2.7797E-3 1.85683E-3 8.88753E-4 1.01208E-3 1.11475E-3 6.28683E-4 2.42492E-4 9.13068E-5 8.399E-5 1.17866E-4 1.36929E-4 1.61946E-4 1.91042E-4 -9999 -9999 -9999 -9999 -9999 -9999 -9999 -9999 -9999 -9999 -9999 -9999 -9999 -9999 -9999 -9999 -9999 -9999 -9999 -9999 -9999 -9999 -9999 -9999
8.00691E-3 2.96357E-3 1.40478E-3 1.16823E-3 1.18925E-3 5.17552E-4 6.67168E-5 5.10117E-6 4.07402E-6 1.05752E-5 2.82405E-5 7.34218E-5 1.66588E-4 2.50383E-4 1.06805E-3 3.92239E-3 7.02177E-3 3.93184E-3 9.22521E-4 5.36529E-4 1.03117E-3 1.01638E-2 1.57815E-2 1.09876E-2 4.38821E-3 2.04432E-3 2.07961E-3 2.56495E-3 2.55457E-3 3.34618E-3 3.10662E-3 3.89189E-3 4.42918E-3 3.9973E-3 2.73776E-3 1.95129E-3 1.91771E-3 1.42977E-3 8.28949E-4 4.20292E-4 1.73098E-4 1.3604E-4 2.03017E-4 2.30423E-4 2.55922E-4 2.67528E-4 -9999 -9999 -9999 -9999 -9999 -9999 -9999 -9999 -9999 -9999 -9999 -9999 -9999 -9999 -9999 -9999 -9999 -9999 -9999 -9999 -9999 -9999 -9999 -9999
1.21084E-2 5.86989E-3 4.28534E-3 4.04436E-3 2.71644E-3 4.04566E-4 4.84982E-5 8.52894E-6 4.78332E-6 5.87471E-6 1.07782E-5 1.76849E-5 1.42294E-5 3.86861E-5 8.83846E-5 2.34995E-4 4.09829E-4 8.12924E-4 9.87639E-4 1.45114E-3 5.9666E-3 2.31794E-2 3.26543E-2 1.94009E-2 9.33225E-3 4.82977E-3 3.70013E-3 3.65657E-3 3.99062E-3 3.48053E-3 3.48481E-3 3.63399E-3 5.40024E-3 4.89358E-3 4.28963E-3 3.71127E-3 3.18823E-3 2.52421E-3 1.60492E-3 9.68301E-4 5.73922E-4 4.16669E-4 4.36591E-4 4.36591E-4 4.15307E-4 -9999 -9999 -9999 -9999 -9999 -9999 -9999 -9999 -9999 -9999 -9999 -9999 -9999 -9999 -9999 -9999 -9999 -9999 -9999 -9999 -9999 -9999 -9999 -9999 -9999
1.76995E-2 9.86955E-3 8.19509E-3 5.71043E-3 1.84E-3 2.94797E-4 4.74695E-5 1.09949E-5 5.55071E-6 5.51547E-6 9.30789E-6 1.45829E-5 1.95866E-5 4.43144E-5 1.08458E-4 1.82432E-4 3.84087E-4 5.45968E-4 6.97221E-4 1.66387E-3 1.11238E-2 3.9468E-2 6.30505E-2 3.18496E-2 1.48434E-2 7.16507E-3 5.09449E-3 3.0471E-3 4.44718E-3 3.17551E-3 2.74595E-3 5.6705E-3 8.0549E-3 7.23216E-3 6.71247E-3 6.76976E-3 6.12169E-3 4.81722E-3 3.32757E-3 2.40115E-3 1.84392E-3 1.37052E-3 1.01208E-3 7.15726E-4 -9999 -9999 -9999 -9999 -9999 -9999 -9999 -9999 -9999 -9999 -9999 -9999 -9999 -9999 -9999 -9999 -9999 -9999 -9999 -9999 -9999 -9999 -9999 -9999 -9999 -9999
2.8282E-2 2.41608E-2 1.8951E-2 7.31003E-3 1.06148E-3 1.69665E-4 4.54742E-5 1.44746E-5 7.2236E-6 5.8193E-6 1.16729E-5 2.77989E-5 6.14142E-5 1.40952E-4 1.94445E-4 3.19569E-4 5.27957E-4 6.55049E-4 7.51139E-4 1.41572E-3 3.80523E-3 1.34345E-2 3.68728E-2 2.51265E-2 9.27723E-3 4.47782E-3 5.53681E-3 5.90587E-3 6.19116E-3 3.96981E-3 4.27012E-3 9.12143E-3 1.07896E-2 1.0886E-2 1.05675E-2 1.06051E-2 9.551E-3 -9999 -9999 4.95101E-3 -9999 -9999 -9999 -9999 -9999 -9999 -9999 -9999 -9999 -9999 -9999 -9999 -9999 -9999 -9999 -9999 -9999 -9999 -9999 -9999 -9999 -9999 -9999 -9999 -9999 -9999 -9999 -9999 -9999 -9999
3.20527E-2 4.19843E-2 4.42533E-2 1.96777E-2 1.16389E-3 1.61071E-4 5.88573E-5 1.89123E-5 8.74154E-6 7.39443E-6 1.71427E-5 4.35125E-5 9.65244E-5 1.82432E-4 3.31635E-4 5.32986E-4 7.00532E-4 6.59184E-4 7.2371E-4 9.77141E-4 1.04564E-3 3.21387E-3 1.42172E-2 5.52554E-3 1.30777E-3 3.36046E-3 2.8889E-3 7.11277E-3 7.6256E-3 7.1808E-3 8.11556E-3 9.61095E-3 1.34965E-2 1.57159E-2 1.51233E-2 1.57815E-2 1.46979E-2 1.26371E-2 -9999 -9999 -9999 -9999 -9999 -9999 -9999 -9999 -9999 -9999 -9999 -9999 -9999 -9999 -9999 -9999 -9999 -9999 -9999 -9999 -9999 -9999 -9999 -9999 -9999 -9999 -9999 -9999 -9999 -9999 -9999 -9999
6.23424E-2 1.04413E-1 7.9733E-2 3.97273E-2 5.03938E-3 6.92765E-4 1.37164E-4 2.74606E-5 9.11075E-6 6.92729E-6 1.80892E-5 5.63182E-5 1.18206E-4 2.54602E-4 4.69053E-4 5.90705E-4 6.99672E-4 7.53912E-4 6.68578E-4 6.94102E-4 7.27179E-4 9.14799E-4 3.57701E-3 1.19606E-3 5.81334E-4 2.68839E-3 5.10675E-3 5.13728E-3 7.78921E-3 9.00621E-3 8.24188E-3 1.04608E-2 1.79438E-2 1.99449E-2 2.09742E-2 2.24519E-2 2.15549E-2 -9999 -9999 -9999 -9999 -9999 -9999 -9999 -9999 -9999 -9999 -9999 -9999 -9999 -9999 -9999 -9999 -9999 -9999 -9999 -9999 -9999 -9999 -9999 -9999 -9999 -9999 -9999 -9999 -9999 -9999 -9999 -9999 -9999
7.99742E-2 1.09563E-1 9.24217E-2 3.92086E-2 9.1285E-3 1.6499E-3 2.75398E-4 3.67701E-5 7.84727E-6 6.60197E-6 1.50368E-5 7.30787E-5 1.62583E-4 2.98006E-4 5.6749E-4 6.41165E-4 6.53339E-4 6.29203E-4 5.17185E-4 4.61097E-4 4.07494E-4 4.57426E-4 4.93185E-4 3.14643E-4 3.99828E-4 1.64639E-3 4.51038E-3 4.51188E-3 7.61249E-3 1.04078E-2 1.03586E-2 1.02107E-2 2.33733E-2 2.62914E-2 2.73099E-2 -9999 -9999 -9999 -9999 -9999 -9999 -9999 -9999 -9999 -9999 -9999 -9999 -9999 -9999 -9999 -9999 -9999 -9999 -9999 -9999 -9999 -9999 -9999 -9999 -9999 -9999 -9999 -9999 -9999 -9999 -9999 -9999 -9999 -9999 -9999
