KUENM/Final_Models/M_0.1_F_lq_Set_2_EC/sp1_1_se_asia.asc
ncols         320
nrows         243
xllcorner     44.0
yllcorner     -0.666666666666667
cellsize      0.166666666666667
NODATA_value  -9999
[rows 31 to 61 of 243, columns 0 to 69 of 320]
-9999 -9999 -9999 -9999 -9999 -9999 -9999 -9999 -9999 -9999 1.60888E-1 1.39062E-2 1.19996E-6 3.26321E-5 1.07889E-5 5.58383E-5 2.64339E-5 2.10147E-5 1.60071E-7 3.65271E-7 5.06557E-6 1.82458E-6 2.87671E-8 5.75118E-6 1.2063E-5 7.04842E-7 7.52908E-8 2.63513E-10 4.85196E-8 7.49847E-7 3.60757E-6 1.90697E-6 2.77205E-7 3.96045E-7 1.87333E-7 1.10241E-8 1.82358E-9 1.36107E-6 6.9024E-5 4.56685E-4 1.81868E-3 4.00546E-3 7.58683E-3 1.01757E-2 1.21612E-2 1.282E-2 1.2327E-2 1.18487E-2 1.00771E-2 4.04048E-3 6.20229E-3 6.84152E-3 3.03333E-3 9.48003E-3 1.96811E-2 2.15461E-2 2.37806E-2 2.3549E-2 2.4014E-2 2.4014E-2 2.42491E-2 2.4014E-2 2.24071E-2 2.19735E-2 2.19735E-2 2.19735E-2 2.19735E-2 1.98763E-2 2.11251E-2 2.0917E-2
-9999 -9999 -9999 -9999 -9999 -9999 -9999 -9999 -9999 2.75017E-1 1.22787E-1 3.70981E-2 3.28843E-5 6.05079E-6 2.71513E-5 2.65632E-5 6.23796E-5 4.17863E-5 1.93983E-5 1.22334E-7 1.3012E-5 3.21922E-5 5.84488E-6 1.47337E-5 1.42859E-5 1.55742E-6 6.27225E-7 2.86241E-6 1.12673E-6 1.60791E-7 5.73705E-7 2.39608E-7 7.70101E-8 1.20707E-6 1.33515E-6 6.1811E-7 4.05436E-7 9.34353E-7 1.52036E-5 5.2946E-4 1.85323E-4 3.31547E-4 1.70749E-3 1.08661E-2 1.57787E-2 1.6556E-2 1.57643E-2 1.48527E-2 1.44124E-2 1.14911E-2 9.00397E-3 1.08041E-2 1.05825E-2 1.60693E-2 2.30466E-2 2.30466E-2 2.3512E-2 2.51172E-2 2.51172E-2 2.53687E-2 2.53687E-2 2.37474E-2 2.39846E-2 2.39846E-2 2.21945E-2 2.19746E-2 2.15399E-2 2.15399E-2 2.09001E-2 2.04817E-2
-9999 -9999 -9999 -9999 -9999 -9999 -9999 -9999 -9999 2.43141E-1 7.08986E-2 1.64405E-2 4.10648E-4 2.23677E-5 2.20295E-5 5.7258E-6 2.46391E-5 1.9704E-5 9.0736E-6 5.51653E-5 4.59863E-5 2.69214E-6 5.08653E-7 1.66823E-7 2.49169E-6 2.362E-5 7.64815E-7 5.51408E-7 8.94622E-7 1.30271E-7 1.71004E-8 1.98162E-7 2.00326E-8 4.45007E-7 3.91646E-6 3.99787E-6 2.14897E-6 1.1377E-6 1.82319E-5 7.89347E-5 1.18088E-7 3.73955E-8 2.06956E-5 8.13894E-3 1.87427E-2 1.63953E-2 1.40278E-2 1.4558E-2 1.03922E-2 1.20534E-2 1.60693E-2 1.57447E-2 2.00699E-2 2.36473E-2 2.41297E-2 2.57359E-2 2.54775E-2 2.5221E-2 2.54775E-2 2.54775E-2 2.54775E-2 2.34088E-2 1.96644E-2 2.16923E-2 2.12548E-2 1.96644E-2 1.79789E-2 2.14727E-2 2.29375E-2 2.31722E-2
-9999 -9999 -9999 -9999 -9999 -9999 -9999 -9999 -9999 2.60831E-1 6.51114E-2 1.21292E-2 5.38231E-4 6.30289E-5 3.64183E-5 1.00715E-4 4.89622E-5 9.1727E-6 1.30495E-5 3.37314E-6 7.24067E-6 5.90027E-6 1.43422E-6 9.16633E-7 5.82998E-7 1.97337E-8 4.12484E-7 5.62602E-7 6.00413E-8 8.75641E-8 1.36506E-8 2.13897E-8 1.28776E-7 1.21393E-7 6.56792E-7 3.34669E-6 5.12569E-7 9.47642E-8 5.17113E-6 4.93262E-5 1.54425E-6 6.52313E-9 7.64524E-6 2.50444E-3 1.78846E-2 1.2327E-2 1.13847E-2 5.18016E-3 5.16851E-4 2.7495E-3 4.56854E-3 3.48366E-3 7.46299E-3 1.57453E-2 2.24735E-2 2.55228E-2 2.57855E-2 2.57855E-2 2.55228E-2 2.55228E-2 2.15673E-2 1.41977E-2 1.06361E-2 8.98431E-3 1.29153E-2 8.36936E-3 5.58511E-3 1.82951E-2 2.50035E-2 2.68579E-2
-9999 -9999 -9999 -9999 -9999 -9999 -9999 -9999 -9999 2.69262E-1 1.30333E-1 2.15443E-2 2.46635E-3 4.27845E-4 7.00377E-5 1.64586E-5 1.82542E-4 1.89206E-5 1.26604E-4 2.22005E-5 1.05282E-5 7.67085E-5 2.16977E-6 1.23082E-5 3.0604E-6 1.05719E-6 7.99881E-11 6.90277E-9 9.31014E-6 9.25022E-8 1.41279E-8 1.0755E-8 6.55573E-8 1.46851E-8 6.27626E-9 2.11707E-7 9.34084E-9 1.96079E-8 7.58629E-7 2.57314E-5 1.58491E-5 5.33286E-7 5.43745E-8 8.4584E-5 3.92788E-3 1.14705E-2 1.37511E-2 6.53048E-3 8.61242E-4 4.2516E-4 6.8271E-4 9.7948E-4 8.4803E-4 1.37143E-3 5.12757E-3 1.91687E-2 2.424E-2 2.34947E-2 2.39895E-2 2.04747E-2 1.31879E-2 4.19393E-3 2.18871E-3 1.38638E-3 3.06704E-3 7.07667E-3 1.57012E-2 2.37411E-2 2.76404E-2 2.73552E-2
-9999 -9999 -9999 -9999 -9999 -9999 -9999 -9999 -9999 -9999 2.38944E-1 4.23954E-2 3.38023E-3 1.13619E-3 3.95158E-5 7.19264E-4 5.27994E-4 1.74364E-4 3.38023E-3 1.73093E-3 1.315E-3 4.51537E-5 2.51632E-4 2.63058E-5 8.35491E-6 1.43362E-5 5.40765E-7 2.16565E-7 1.00258E-5 1.99236E-5 2.75663E-7 5.40415E-8 1.58257E-8 2.27694E-8 6.19032E-9 6.44687E-8 1.01165E-6 1.87597E-6 7.17956E-6 1.41052E-6 2.17937E-7 2.44845E-6 1.87571E-7 3.14134E-9 3.74799E-7 1.03612E-4 3.34822E-3 1.09349E-2 1.02862E-2 6.56256E-3 5.64453E-3 7.22923E-3 5.23902E-3 1.3566E-3 2.34014E-3 6.56293E-3 5.41722E-3 1.50482E-2 1.61224E-2 1.76181E-2 1.74314E-2 1.14912E-2 7.9882E-3 8.07492E-3 1.16152E-2 1.2773E-2 1.52093E-2 2.07162E-2 2.56917E-2 2.75159E-2
-9999 -9999 -9999 -9999 -9999 -9999 -9999 -9999 -9999 -9999 -9999 1.82174E-1 6.94487E-2 5.83421E-3 2.33844E-4 1.52633E-5 1.85941E-3 2.80741E-3 1.25037E-3 1.45829E-4 1.74364E-4 7.35485E-4 2.50148E-4 3.28409E-3 2.16344E-4 1.28956E-4 5.19663E-5 7.36053E-6 9.35368E-7 1.18659E-5 3.37723E-5 2.10921E-7 3.61145E-7 2.60452E-7 2.44917E-8 9.51548E-8 3.44137E-7 3.76424E-7 2.33566E-6 1.42326E-6 1.09192E-6 3.78864E-7 8.72021E-8 1.86565E-8 1.50631E-9 1.82073E-9 9.32507E-6 9.76259E-4 6.98447E-3 1.18074E-2 1.24895E-2 1.29153E-2 1.26465E-2 1.01942E-2 8.9357E-3 5.41722E-3 2.00567E-3 5.90272E-3 1.00994E-2 1.42625E-2 1.42625E-2 1.11254E-2 1.11254E-2 8.19307E-3 6.35218E-3 1.00994E-2 1.41093E-2 1.68809E-2 1.82237E-2 2.85086E-2
-9999 -9999 -9999 -9999 -9999 -9999 -9999 -9999 -9999 -9999 -9999 -9999 9.54124E-2 6.3982E-2 2.90807E-3 9.85846E-5 5.9773E-5 5.11352E-3 3.57894E-3 7.01643E-3 1.69651E-3 1.76465E-3 2.76918E-3 1.18861E-2 2.51949E-3 1.93466E-3 1.91082E-3 5.89145E-5 7.71724E-7 7.33683E-7 3.51456E-6 9.25022E-8 8.54703E-7 5.98656E-7 3.81012E-8 6.63405E-9 2.70274E-8 3.579E-7 1.30566E-6 4.86314E-8 1.0177E-8 1.83005E-8 3.78864E-7 1.34094E-6 1.46926E-7 2.39375E-9 4.45605E-9 1.04157E-5 3.61854E-4 2.83789E-3 6.22663E-3 9.83472E-3 8.51991E-3 9.97887E-3 1.16152E-2 6.49206E-3 8.87811E-4 4.68994E-4 1.24263E-3 5.01796E-3 1.05366E-2 2.69004E-3 1.10439E-3 6.93947E-4 7.85504E-4 1.9837E-3 1.8413E-2 2.85602E-2 2.88669E-2 2.88669E-2
-9999 -9999 -9999 -9999 -9999 -9999 -9999 -9999 -9999 -9999 -9999 -9999 -9999 1.41966E-1 2.78435E-2 2.43017E-3 2.18559E-3 2.9372E-4 4.77457E-4 3.19826E-2 1.59802E-2 3.38023E-3 3.04463E-2 1.47078E-2 7.55682E-4 5.24865E-5 1.98817E-6 2.01369E-5 9.60388E-5 2.10546E-4 2.39464E-7 1.73529E-9 1.25223E-10 2.94874E-8 3.94395E-8 3.49509E-9 7.76414E-9 2.80847E-9 1.00159E-8 6.46985E-8 2.65399E-8 2.92796E-7 2.71419E-6 8.50169E-6 9.37364E-6 5.21222E-6 1.64034E-6 8.83689E-7 3.60031E-6 1.14875E-5 1.69619E-4 2.78217E-5 1.37832E-4 5.75808E-4 3.92957E-3 8.65112E-3 5.18604E-3 2.443E-3 1.22895E-3 2.16685E-3 5.94714E-3 9.35549E-3 1.41597E-2 1.89736E-2 1.3218E-2 3.31939E-3 7.9278E-3 2.39524E-2 2.58974E-2 2.28481E-2
-9999 -9999 -9999 -9999 -9999 -9999 -9999 -9999 -9999 -9999 -9999 -9999 2.36345E-1 2.18846E-1 1.8968E-1 1.00213E-1 3.66398E-2 1.16411E-2 3.26805E-3 1.15094E-3 1.51866E-2 5.95516E-2 9.59994E-2 3.78941E-2 1.33993E-3 4.62369E-4 1.70064E-5 1.64277E-2 7.59947E-3 9.15966E-5 2.02977E-5 2.27479E-7 6.13955E-11 1.59224E-8 1.0996E-8 1.6217E-10 1.3244E-9 1.53409E-9 6.98478E-10 2.07609E-9 6.80831E-8 1.27183E-6 2.94709E-6 1.80999E-5 6.02743E-5 7.4709E-5 4.26889E-5 6.65317E-6 2.15026E-6 3.19414E-7 1.98051E-6 3.21188E-6 4.39872E-6 1.17317E-5 2.54942E-4 4.30121E-3 7.48354E-3 9.6687E-3 5.407E-3 2.92491E-3 3.93807E-3 6.92776E-3 1.85626E-2 2.16408E-2 1.76279E-2 5.75266E-3 3.67892E-3 9.35549E-3 9.35549E-3 6.75053E-3
-9999 -9999 -9999 -9999 -9999 -9999 -9999 -9999 -9999 -9999 -9999 -9999 -9999 -9999 -9999 2.21364E-1 7.47919E-2 5.91995E-2 6.36615E-2 5.40427E-3 2.01882E-2 2.35521E-2 4.96628E-2 1.10485E-1 9.97144E-2 7.67244E-3 3.02203E-3 1.10574E-2 3.35791E-2 8.09421E-3 2.02295E-2 1.0482E-3 1.44683E-6 3.67586E-7 1.90682E-8 2.28399E-10 1.61075E-10 8.74915E-9 1.98441E-8 7.31149E-10 4.36526E-9 8.72733E-8 8.69245E-7 3.51405E-6 6.38302E-5 1.42434E-4 1.96218E-4 1.58186E-4 3.81757E-5 2.55719E-6 4.34386E-8 4.50642E-7 6.44728E-6 4.89946E-5 2.29607E-4 1.85335E-3 5.12951E-3 1.04219E-2 1.20526E-2 3.51919E-3 6.92776E-3 1.5997E-2 2.45304E-2 2.45304E-2 1.83598E-2 5.75266E-3 6.92776E-3 3.67892E-3 1.15414E-3 3.89959E-4
-9999 -9999 -9999 -9999 -9999 -9999 -9999 -9999 -9999 -9999 -9999 -9999 -9999 -9999 -9999 -9999 2.59298E-1 2.40049E-1 2.25598E-1 1.58858E-1 6.31807E-2 1.57205E-1 2.5078E-1 1.87318E-1 3.81794E-1 3.29354E-1 3.87167E-1 3.92077E-1 1.08897E-1 4.75593E-4 1.13244E-3 5.78847E-4 2.21882E-5 1.9979E-5 8.10554E-7 3.2199E-10 2.28399E-10 2.68595E-10 8.314E-8 2.74357E-7 1.3528E-7 2.27666E-7 1.20232E-6 2.65081E-6 9.69449E-6 1.46648E-4 2.35671E-4 3.24772E-4 3.05473E-4 1.24593E-4 2.65753E-5 5.82509E-6 6.58352E-7 5.5293E-6 1.77477E-4 1.50759E-3 4.70075E-3 1.04219E-2 1.3218E-2 6.45943E-3 1.04975E-2 8.56034E-3 1.29616E-2 1.02664E-2 2.0485E-2 2.1707E-2 1.79595E-2 7.66954E-3 5.407E-3 1.81315E-3
-9999 -9999 -9999 -9999 -9999 -9999 -9999 -9999 -9999 -9999 -9999 -9999 -9999 -9999 -9999 -9999 -9999 -9999 2.72463E-1 3.12541E-1 3.24419E-1 3.27487E-1 3.59063E-1 4.23454E-1 4.46656E-1 4.82911E-1 4.4939E-1 4.1958E-1 2.74375E-1 2.52386E-1 7.54692E-2 1.92754E-3 4.52034E-7 2.94974E-9 1.30271E-7 2.08828E-10 5.33688E-11 3.47529E-9 7.59472E-8 9.60091E-9 1.03962E-7 7.28305E-7 2.42447E-6 1.70186E-5 1.30062E-4 1.11823E-4 2.38019E-4 3.87954E-4 4.83269E-4 5.13764E-4 3.73392E-4 2.10454E-4 6.35471E-5 2.07728E-5 3.78316E-5 9.37832E-4 4.25438E-3 8.01544E-3 1.19208E-2 1.37004E-2 1.32531E-2 9.32966E-3 3.72413E-3 1.39582E-4 3.80853E-3 1.86715E-2 6.85118E-3 3.55858E-3 3.31939E-3 2.81126E-3
-9999 -9999 -9999 -9999 -9999 -9999 -9999 -9999 -9999 -9999 -9999 -9999 -9999 -9999 -9999 -9999 -9999 -9999 -9999 -9999 3.32344E-1 3.66256E-1 3.91849E-1 4.18728E-1 4.68067E-1 5.08198E-1 5.36274E-1 5.46642E-1 5.08691E-1 5.33734E-1 5.47878E-1 2.86704E-1 3.27574E-2 1.12567E-2 2.28135E-4 2.4168E-6 1.26694E-10 4.76055E-9 2.203E-9 1.68642E-8 3.37967E-7 6.8578E-7 3.9834E-6 2.22036E-5 5.02158E-5 1.0462E-4 7.92208E-5 1.01457E-4 3.34775E-4 5.40817E-4 6.67169E-4 7.12761E-4 5.948E-4 3.84375E-4 2.81062E-4 8.57284E-4 1.17969E-3 2.4701E-3 6.38828E-3 1.06147E-2 8.65661E-3 2.4329E-3 1.3805E-4 6.967E-6 5.15832E-4 9.32966E-3 1.53179E-3 4.80079E-3 7.66954E-3 4.59868E-3
-9999 -9999 -9999 -9999 -9999 -9999 -9999 -9999 -9999 -9999 -9999 -9999 -9999 -9999 -9999 -9999 -9999 -9999 -9999 -9999 -9999 3.49592E-1 3.83934E-1 4.11467E-1 4.48982E-1 4.9416E-1 5.23896E-1 5.46701E-1 5.68659E-1 5.86142E-1 6.02091E-1 5.72008E-1 2.60104E-1 1.44289E-1 1.18299E-1 4.5454E-6 8.85457E-8 6.56823E-9 1.15438E-9 2.09407E-7 2.4739E-7 7.78222E-7 4.30713E-8 3.075E-6 3.98932E-5 4.71522E-5 6.56666E-5 1.07584E-4 2.7429E-4 2.97293E-4 4.78377E-4 8.52358E-4 1.02751E-3 9.64583E-4 2.58428E-4 1.24472E-4 1.19249E-4 1.4624E-5 6.25758E-4 6.92776E-3 8.65661E-3 4.38951E-3 7.18719E-4 7.01742E-5 2.73393E-4 1.09081E-2 1.63187E-2 9.75479E-3 5.69565E-4 5.88459E-4
-9999 -9999 -9999 -9999 -9999 -9999 -9999 -9999 -9999 -9999 -9999 -9999 -9999 -9999 -9999 -9999 -9999 -9999 -9999 -9999 -9999 -9999 3.59887E-1 3.83424E-1 4.28368E-1 4.62713E-1 4.92616E-1 5.19433E-1 5.44947E-1 5.73532E-1 6.0617E-1 6.05206E-1 5.24052E-1 4.27261E-1 1.38909E-1 2.06656E-4 9.72265E-6 8.85908E-9 2.94387E-7 1.42134E-6 2.58803E-7 5.42972E-7 1.355E-7 3.30012E-7 5.21272E-7 1.41893E-5 1.73729E-5 5.65868E-5 3.23387E-5 2.12435E-4 5.13457E-4 7.09491E-4 1.23607E-3 1.1492E-3 2.72459E-4 1.38826E-5 1.3457E-5 3.78316E-5 1.79407E-4 3.51919E-3 6.62559E-3 6.40612E-3 2.18512E-3 1.86736E-5 8.91114E-6 3.17522E-3 1.81587E-2 1.44922E-2 9.27648E-4 2.81062E-4
-9999 -9999 -9999 -9999 -9999 -9999 -9999 -9999 -9999 -9999 -9999 -9999 -9999 -9999 -9999 -9999 -9999 -9999 -9999 -9999 -9999 -9999 3.38617E-1 3.61193E-1 3.95054E-1 4.25406E-1 4.56067E-1 4.88341E-1 5.16964E-1 5.42072E-1 5.89528E-1 6.24948E-1 5.99454E-1 4.62389E-1 2.57132E-1 1.23837E-1 2.49446E-3 5.47188E-6 4.39956E-9 2.05784E-5 2.68772E-7 1.43134E-8 1.16412E-7 1.5835E-7 1.3844E-7 6.12345E-7 8.36655E-6 1.06196E-5 4.07078E-6 2.00631E-4 6.34979E-4 9.82952E-4 1.15135E-3 9.56285E-4 2.90093E-4 3.22072E-5 2.60985E-6 2.15026E-6 6.8647E-6 4.95484E-4 3.13999E-3 4.43927E-3 4.3402E-3 1.79467E-3 1.49069E-4 7.09379E-4 1.56481E-2 1.72455E-2 5.07349E-3 1.23218E-3
-9999 -9999 -9999 -9999 -9999 -9999 -9999 -9999 -9999 -9999 -9999 -9999 -9999 -9999 -9999 -9999 -9999 -9999 -9999 -9999 -9999 -9999 -9999 3.35661E-1 3.61186E-1 3.90954E-1 4.21005E-1 4.44814E-1 4.78691E-1 5.111E-1 5.49131E-1 6.03812E-1 6.16848E-1 4.66916E-1 2.9651E-1 8.37707E-2 3.78688E-3 2.63075E-4 9.17823E-5 1.80431E-5 1.37611E-5 8.89984E-8 1.62974E-9 1.68902E-7 1.83148E-7 2.44807E-8 9.70927E-8 4.953E-6 8.90502E-6 2.22399E-5 8.55579E-5 4.90882E-4 5.92329E-4 7.98505E-4 5.08485E-4 1.94392E-4 3.28762E-5 3.16289E-6 4.10186E-8 2.17227E-6 2.21206E-5 4.9009E-4 1.87676E-3 3.80853E-3 1.91896E-3 2.63105E-3 1.09724E-2 1.87672E-2 1.14646E-2 1.28654E-3
-9999 -9999 -9999 -9999 -9999 -9999 -9999 -9999 -9999 -9999 -9999 -9999 -9999 -9999 -9999 -9999 -9999 -9999 -9999 -9999 -9999 -9999 -9999 3.08293E-1 3.3295E-1 3.52682E-1 3.77199E-1 3.97624E-1 4.33344E-1 4.70947E-1 5.15154E-1 5.53773E-1 5.86435E-1 5.48273E-1 3.65925E-1 1.95096E-1 6.10751E-6 6.79527E-4 1.77585E-2 2.33431E-3 9.3254E-4 1.07706E-5 1.67742E-5 1.97172E-6 8.61929E-8 7.60763E-8 9.78292E-9 2.16863E-7 3.48604E-6 4.41659E-6 2.24472E-5 2.38675E-4 2.57462E-4 5.34387E-4 9.34624E-4 8.52358E-4 3.81246E-4 1.25889E-4 1.38655E-6 1.14877E-7 3.29124E-9 7.37857E-6 6.46643E-4 2.21525E-3 1.81315E-3 3.6828E-4 1.00086E-3 1.35099E-2 1.59941E-2 6.16404E-3
-9999 -9999 -9999 -9999 -9999 -9999 -9999 -9999 -9999 -9999 -9999 -9999 -9999 -9999 -9999 -9999 -9999 -9999 -9999 -9999 -9999 -9999 2.61273E-1 2.81069E-1 3.02692E-1 3.21522E-1 3.37509E-1 3.49741E-1 3.83512E-1 4.28596E-1 4.74867E-1 5.14784E-1 5.39355E-1 5.54627E-1 5.09978E-1 3.10632E-1 1.16411E-2 3.57117E-7 1.40551E-5 5.05537E-4 1.14315E-4 4.26695E-7 3.39076E-6 1.54429E-7 1.93894E-8 8.25371E-8 5.40663E-9 6.83162E-8 5.78179E-7 1.13279E-6 3.74239E-6 3.72416E-5 1.5536E-4 2.9382E-4 2.79765E-4 1.08113E-3 9.96561E-4 7.35383E-4 1.98447E-4 1.56927E-5 4.06547E-6 6.83295E-7 2.40251E-5 7.90798E-4 9.04791E-4 1.15405E-3 5.06005E-4 3.48366E-3 1.14912E-2 1.08903E-2
-9999 -9999 -9999 -9999 -9999 -9999 -9999 -9999 -9999 -9999 -9999 -9999 -9999 -9999 -9999 -9999 -9999 -9999 -9999 -9999 -9999 -9999 2.38502E-1 2.65933E-1 2.82196E-1 2.95005E-1 3.14897E-1 3.23603E-1 3.50624E-1 4.03544E-1 4.41315E-1 4.79343E-1 5.11316E-1 5.2996E-1 5.2923E-1 3.01887E-1 7.12192E-3 2.7141E-4 1.14151E-3 4.66139E-5 1.0512E-5 3.86947E-6 7.48421E-7 6.43767E-5 2.42747E-6 2.1967E-6 2.78496E-7 3.94119E-8 4.55299E-8 7.8961E-8 2.91798E-6 1.27597E-5 7.25675E-6 2.14521E-4 7.67926E-4 1.18287E-3 1.5765E-3 1.84267E-3 1.3949E-3 2.06757E-4 3.12821E-5 3.45968E-5 4.0178E-5 1.66699E-4 1.25889E-4 1.06728E-3 9.85206E-4 2.24017E-4 3.37696E-3 3.834E-3
-9999 -9999 -9999 -9999 -9999 -9999 -9999 -9999 -9999 -9999 -9999 -9999 -9999 -9999 -9999 -9999 -9999 -9999 -9999 -9999 -9999 -9999 2.2714E-1 2.47704E-1 2.68665E-1 2.86436E-1 3.02743E-1 3.18369E-1 3.45386E-1 3.81398E-1 4.16839E-1 4.53993E-1 4.83137E-1 5.04511E-1 5.19502E-1 4.21369E-1 3.67736E-2 6.83015E-4 7.51483E-4 2.10294E-2 1.02907E-4 6.99775E-6 5.38912E-6 3.52064E-5 1.05785E-7 2.90168E-6 4.56391E-7 1.51534E-7 3.9026E-7 4.42841E-7 7.29754E-7 2.07029E-6 2.17381E-5 4.00725E-5 5.78372E-4 1.47644E-3 1.96226E-3 2.31366E-3 2.15618E-3 6.4234E-4 3.45394E-5 3.32064E-5 3.2555E-5 1.36654E-4 3.43309E-4 5.79882E-4 2.27247E-3 2.54142E-3 5.27317E-3 2.13793E-3
-9999 -9999 -9999 -9999 -9999 -9999 -9999 -9999 -9999 -9999 -9999 -9999 -9999 -9999 -9999 -9999 -9999 -9999 -9999 -9999 -9999 -9999 -9999 -9999 2.60282E-1 2.767E-1 2.92361E-1 3.13139E-1 3.3664E-1 3.65838E-1 4.00301E-1 4.26732E-1 4.53395E-1 4.78551E-1 4.99062E-1 4.81165E-1 2.95172E-1 1.13662E-1 2.2413E-1 1.11845E-1 1.36841E-3 4.32629E-5 2.59757E-6 2.21371E-4 4.76629E-8 3.53163E-8 3.35649E-7 3.08512E-7 1.56058E-7 7.22753E-7 3.03224E-7 2.35063E-7 4.49119E-6 1.67244E-5 2.57314E-5 4.05273E-4 2.18371E-3 2.55397E-3 2.72732E-3 1.83063E-3 6.10326E-4 2.71584E-4 2.00179E-4 2.60967E-4 4.35545E-4 6.10481E-4 1.98665E-3 3.78929E-3 2.76252E-3 4.67462E-3
-9999 -9999 -9999 -9999 -9999 -9999 -9999 -9999 -9999 -9999 -9999 -9999 -9999 -9999 -9999 -9999 -9999 -9999 -9999 -9999 -9999 -9999 -9999 -9999 2.5766E-1 2.73294E-1 2.90557E-1 3.11048E-1 3.33138E-1 3.56664E-1 3.83249E-1 4.10398E-1 4.33253E-1 4.50252E-1 4.79527E-1 4.92781E-1 4.69387E-1 3.87309E-1 2.75841E-1 2.22312E-1 9.68924E-2 6.19657E-5 3.76238E-7 1.64841E-5 1.34163E-4 2.62107E-7 1.81246E-8 5.10865E-7 1.84927E-6 1.61824E-7 3.4522E-7 3.20106E-7 4.1169E-9 5.49493E-8 2.20425E-7 3.60786E-6 1.38217E-5 4.69992E-4 1.54916E-3 2.22945E-3 2.12206E-3 1.04349E-3 4.90882E-4 7.92208E-5 1.45648E-5 5.8554E-5 4.67198E-4 1.74089E-3 3.31435E-3 2.9986E-3
-9999 -9999 -9999 -9999 -9999 -9999 -9999 -9999 -9999 -9999 -9999 -9999 -9999 -9999 -9999 -9999 -9999 -9999 -9999 -9999 -9999 -9999 -9999 -9999 2.58085E-1 2.75066E-1 2.88436E-1 3.05134E-1 3.25155E-1 3.46185E-1 3.67574E-1 3.91807E-1 4.15177E-1 4.30001E-1 4.49272E-1 4.74282E-1 4.64745E-1 4.71797E-1 3.59815E-1 2.59297E-1 6.16769E-2 1.5448E-3 8.41846E-5 4.86711E-5 1.62805E-5 4.37528E-5 4.84199E-7 1.38358E-5 1.28239E-5 2.31045E-6 7.95272E-6 2.95427E-7 1.08464E-6 1.25124E-6 5.08585E-6 7.53927E-7 3.30491E-7 8.73692E-6 1.22402E-4 6.8693E-4 1.91957E-3 2.0808E-3 3.65255E-4 1.93175E-5 5.6515E-7 6.89171E-7 2.55612E-5 6.4438E-5 2.02572E-4 2.87757E-3
-9999 -9999 -9999 -9999 -9999 -9999 -9999 -9999 -9999 -9999 -9999 -9999 -9999 -9999 -9999 -9999 -9999 -9999 -9999 -9999 -9999 -9999 -9999 -9999 -9999 2.7465E-1 2.82544E-1 2.96418E-1 3.16389E-1 3.32171E-1 -9999 -9999 3.93512E-1 4.12069E-1 4.30228E-1 4.56133E-1 4.64211E-1 4.54765E-1 4.19072E-1 3.16343E-1 1.10384E-1 5.02558E-3 3.91887E-2 3.3608E-2 1.47085E-2 2.0084E-5 2.08459E-6 2.05222E-8 7.02668E-6 1.13942E-5 6.44041E-7 4.0101E-6 5.67987E-7 1.16082E-6 5.7756E-6 1.29554E-5 1.42831E-6 2.42614E-7 1.29874E-5 1.99466E-4 1.18005E-3 2.5524E-3 1.39508E-3 2.62366E-4 3.36977E-5 8.98547E-6 5.39396E-6 3.45907E-7 1.89911E-6 2.16563E-4
-9999 -9999 -9999 -9999 -9999 -9999 -9999 -9999 -9999 -9999 -9999 -9999 -9999 -9999 -9999 -9999 -9999 -9999 -9999 -9999 -9999 -9999 -9999 -9999 -9999 -9999 2.77372E-1 2.9294E-1 3.07633E-1 3.18141E-1 -9999 3.6062E-1 3.76229E-1 3.91674E-1 4.08723E-1 4.25183E-1 4.4038E-1 4.44371E-1 4.15947E-1 3.69281E-1 2.69018E-1 2.48367E-1 1.58864E-1 1.44459E-1 9.74319E-2 1.61425E-2 4.83755E-5 1.49192E-6 2.51882E-6 1.12691E-4 1.70097E-4 1.62139E-5 2.4786E-6 1.08452E-6 2.18386E-5 1.19381E-4 4.37667E-5 3.2497E-6 5.59764E-7 4.12464E-6 2.77381E-4 2.80388E-3 3.37124E-3 1.6555E-3 6.11909E-4 1.78852E-4 8.6656E-5 6.87369E-6 5.78869E-6 1.54049E-4
-9999 -9999 -9999 -9999 -9999 -9999 -9999 -9999 -9999 -9999 -9999 -9999 -9999 -9999 -9999 -9999 -9999 -9999 -9999 -9999 -9999 -9999 -9999 -9999 -9999 -9999 -9999 2.84273E-1 2.98159E-1 3.07633E-1 -9999 -9999 -9999 3.72294E-1 -9999 -9999 -9999 4.16431E-1 4.12545E-1 3.41514E-1 2.97304E-1 2.43595E-1 1.68584E-1 6.295E-2 7.1524E-2 2.77929E-2 6.3037E-4 2.93121E-4 4.86711E-5 3.97575E-5 9.58315E-4 1.34096E-3 2.65445E-4 7.08684E-5 2.25107E-4 1.15324E-4 2.15102E-5 2.40505E-5 1.14692E-5 1.90502E-6 2.86121E-5 7.47309E-4 2.61016E-3 2.83E-3 2.17132E-3 9.54779E-4 4.9679E-4 3.29096E-4 2.51261E-4 8.10825E-5
-9999 -9999 -9999 -9999 -9999 -9999 -9999 -9999 -9999 -9999 -9999 -9999 -9999 -9999 -9999 -9999 -9999 -9999 -9999 -9999 -9999 -9999 -9999 -9999 -9999 -9999 -9999 -9999 -9999 -9999 -9999 -9999 -9999 -9999 -9999 -9999 -9999 3.95443E-1 3.94243E-1 3.85276E-1 3.42945E-1 2.86095E-1 1.99131E-1 6.98117E-2 6.69585E-2 2.86736E-2 1.98699E-5 7.54915E-5 6.23264E-5 1.8255E-5 7.03515E-4 2.27393E-3 2.39731E-3 1.12169E-3 1.59787E-4 1.09821E-4 2.50614E-4 1.90406E-5 1.06847E-5 1.43555E-5 6.82415E-5 4.77591E-4 1.60708E-3 1.95392E-3 1.5094E-3 1.1485E-3 7.88654E-4 4.65001E-4 4.04121E-4 1.00894E-4
-9999 -9999 -9999 -9999 -9999 -9999 -9999 -9999 -9999 -9999 -9999 -9999 -9999 -9999 -9999 -9999 -9999 -9999 -9999 -9999 -9999 -9999 -9999 -9999 -9999 -9999 -9999 -9999 -9999 -9999 -9999 -9999 -9999 -9999 -9999 -9999 -9999 -9999 3.74974E-1 3.78376E-1 3.66154E-1 3.44823E-1 3.12945E-1 2.65547E-1 1.41998E-1 1.13281E-1 8.64033E-3 6.90401E-6 3.40348E-5 9.40782E-6 1.98957E-4 4.07721E-4 9.03997E-4 3.04055E-3 1.87159E-3 2.79325E-3 2.5525E-3 3.34301E-3 3.48056E-3 9.88637E-4 1.37441E-4 6.75753E-4 1.23578E-3 7.0582E-4 2.39589E-4 5.89061E-4 1.06473E-3 1.32962E-3 9.08862E-4 4.26376E-4
-9999 -9999 -9999 -9999 -9999 -9999 -9999 -9999 -9999 -9999 -9999 -9999 -9999 -9999 -9999 -9999 -9999 -9999 -9999 -9999 -9999 -9999 -9999 -9999 -9999 -9999 -9999 -9999 -9999 -9999 -9999 -9999 -9999 -9999 -9999 -9999 -9999 -9999 -9999 3.61877E-1 3.60032E-1 3.54191E-1 3.49192E-1 3.13419E-1 2.51749E-1 1.00401E-1 8.78227E-2 7.11708E-4 3.34308E-6 2.17512E-4 5.31794E-4 3.07411E-3 1.63914E-3 1.69705E-3 3.2906E-3 4.73552E-3 4.43224E-3 2.51367E-3 2.36206E-3 1.96839E-3 3.34082E-3 1.04346E-4 4.17622E-4 6.13562E-5 1.96225E-4 3.77943E-4 5.49532E-4 1.41568E-3 1.56467E-3 1.07429E-3
