KUENM/Final_Models/M_0.1_F_lq_Set_2_EC/sp1_2.asc
ncols         197
nrows         210
xllcorner     56.1666666666667
yllcorner     4.5
cellsize      0.166666666666667
NODATA_value  -9999
[rows 56 to 83 of 210, columns 0 to 64 of 197]
-9999 -9999 -9999 -9999 -9999 -9999 -9999 -9999 -9999 -9999 -9999 1.06369E-2 1.11502E-2 1.04668E-2 9.65888E-3 1.01338E-2 9.65888E-3 9.02589E-3 7.33415E-3 5.74261E-3 4.69447E-3 4.04587E-3 1.63256E-3 6.79474E-4 1.24782E-3 1.53526E-3 1.00975E-3 2.53105E-3 5.10906E-3 5.85012E-3 5.75662E-3 5.75662E-3 5.4626E-3 5.28856E-3 4.93584E-3 4.75775E-3 4.95514E-3 5.13833E-3 4.75775E-3 4.66027E-3 4.66027E-3 4.9953E-3 4.25431E-3 3.42569E-3 3.33829E-3 3.46659E-3 3.9399E-3 4.25639E-3 4.34581E-3 5.55675E-3 6.38435E-3 7.43442E-3 8.64199E-3 9.79872E-3 1.15808E-2 1.27855E-2 1.51811E-2 1.74948E-2 1.91515E-2 1.8221E-2 7.45113E-3 6.32889E-3 5.01259E-3 2.34909E-3 1.27679E-3
-9999 -9999 -9999 -9999 -9999 -9999 -9999 -9999 -9999 -9999 4.02499E-3 8.5569E-3 1.11502E-2 1.07835E-2 1.02925E-2 1.02825E-2 1.11238E-2 9.81012E-3 8.61037E-3 7.49358E-3 6.46656E-3 4.51612E-3 2.44464E-3 1.53331E-3 1.3485E-3 1.70958E-3 9.52365E-4 1.46325E-3 4.10981E-3 5.89334E-3 6.28607E-3 6.30725E-3 6.20614E-3 6.10646E-3 5.92795E-3 6.14016E-3 6.25552E-3 6.26789E-3 6.04067E-3 5.61236E-3 5.0367E-3 4.37311E-3 3.45301E-3 2.95208E-3 2.93859E-3 2.71395E-3 2.8874E-3 3.29002E-3 4.2149E-3 5.39048E-3 6.38435E-3 7.21607E-3 9.04993E-3 1.04102E-2 1.16149E-2 1.40119E-2 1.57157E-2 1.80985E-2 1.88631E-2 1.36074E-2 5.64929E-3 6.26875E-3 4.88039E-3 3.12078E-3 1.72707E-3
-9999 -9999 -9999 -9999 -9999 -9999 -9999 -9999 -9999 5.40013E-4 2.16883E-3 7.40127E-3 1.01374E-2 1.06222E-2 1.11238E-2 1.12874E-2 1.09445E-2 1.06095E-2 9.0451E-3 7.8818E-3 7.08098E-3 4.73436E-3 1.36459E-3 1.32465E-3 1.0101E-3 1.2582E-3 1.53063E-3 1.08255E-3 2.02043E-3 4.01157E-3 6.01553E-3 6.74838E-3 6.8964E-3 6.9124E-3 6.47654E-3 6.70385E-3 6.81418E-3 6.35852E-3 5.92795E-3 4.85605E-3 4.14297E-3 3.61933E-3 2.88754E-3 2.00553E-3 2.22331E-3 2.10565E-3 2.37566E-3 2.87089E-3 3.71601E-3 4.7812E-3 5.42327E-3 6.91767E-3 9.12151E-3 1.10503E-2 1.2328E-2 1.44447E-2 1.66495E-2 1.91542E-2 1.90249E-2 1.41532E-2 7.64424E-3 6.37223E-3 2.3469E-3 2.28744E-3 1.09833E-3
-9999 -9999 -9999 -9999 -9999 -9999 -9999 -9999 6.53729E-4 6.02889E-4 1.69063E-3 4.20373E-3 6.08404E-3 8.7408E-3 9.81481E-3 9.97078E-3 1.02925E-2 1.02825E-2 9.97078E-3 8.75056E-3 8.45239E-3 6.78304E-3 1.73126E-3 6.87624E-4 8.09421E-4 9.35514E-4 8.76774E-4 1.06128E-3 1.57325E-3 1.2167E-3 2.73429E-3 5.77219E-3 6.87816E-3 7.00868E-3 6.42965E-3 6.22463E-3 5.81588E-3 5.81588E-3 4.66027E-3 4.23363E-3 3.64496E-3 3.11095E-3 2.26885E-3 1.58468E-3 1.60914E-3 1.63364E-3 1.93079E-3 2.11351E-3 2.20811E-3 2.44706E-3 3.5978E-3 6.55325E-3 9.81412E-3 1.11986E-2 1.31384E-2 1.51595E-2 1.69662E-2 1.859E-2 1.90087E-2 1.75693E-2 9.4581E-3 4.5819E-3 1.71047E-3 1.21551E-3 5.88659E-4
-9999 -9999 -9999 -9999 -9999 -9999 -9999 2.13345E-4 5.08596E-4 8.571E-4 1.29927E-3 1.55737E-3 2.71382E-3 5.89334E-3 7.49358E-3 8.47217E-3 9.05021E-3 9.97078E-3 1.06222E-2 1.02991E-2 9.81443E-3 9.15665E-3 3.39231E-3 1.04212E-3 1.14155E-3 1.01248E-3 5.53847E-4 9.97937E-4 1.59199E-3 1.60069E-3 1.2167E-3 2.3397E-3 5.77219E-3 6.28607E-3 5.43947E-3 5.07679E-3 4.91497E-3 4.91497E-3 3.58668E-3 3.36929E-3 3.42395E-3 2.98733E-3 2.30478E-3 1.35893E-3 1.33427E-3 1.22145E-3 1.34449E-3 1.42645E-3 1.65743E-3 2.89E-3 5.05495E-3 8.58788E-3 9.87698E-3 1.12679E-2 1.32942E-2 1.48123E-2 1.65767E-2 1.78121E-2 1.84797E-2 1.24875E-2 4.85407E-3 2.01173E-3 1.75274E-3 6.98321E-4 6.94214E-4
-9999 -9999 -9999 -9999 -9999 -9999 1.0535E-4 2.43866E-4 1.94507E-4 4.71661E-4 1.53858E-3 2.34205E-3 2.31238E-3 4.76903E-3 5.86477E-3 7.49358E-3 8.75056E-3 9.81625E-3 1.04607E-2 1.06369E-2 9.80936E-3 8.99476E-3 6.14138E-3 2.27822E-3 1.74922E-3 1.56348E-3 8.57215E-4 9.09093E-4 8.21149E-4 1.54577E-3 2.71382E-3 1.50465E-3 3.70177E-3 5.05242E-3 4.6831E-3 4.22812E-3 4.25431E-3 3.53564E-3 2.38205E-3 1.77472E-3 2.91412E-3 3.58668E-3 3.00836E-3 2.25089E-3 2.56076E-3 1.98885E-3 2.11395E-3 2.24468E-3 3.09646E-3 4.5017E-3 6.54775E-3 8.33215E-3 9.7297E-3 1.12679E-2 1.24616E-2 1.43861E-2 1.5871E-2 1.64856E-2 1.42898E-2 6.03357E-3 3.54207E-3 1.27131E-3 8.42549E-4 5.44887E-4 5.27537E-4
-9999 -9999 -9999 -9999 -9999 -9999 2.80899E-4 1.79322E-4 1.08925E-4 6.17135E-4 7.38459E-4 2.13257E-3 3.29002E-3 4.62093E-3 5.95865E-3 7.05674E-3 8.00908E-3 9.49923E-3 1.06369E-2 1.04685E-2 9.62071E-3 1.07938E-2 7.01105E-3 1.38089E-3 2.14098E-3 1.94866E-3 1.42879E-3 9.0205E-4 6.15887E-4 1.25933E-3 3.98509E-3 4.02499E-3 4.30702E-3 4.69447E-3 4.75816E-3 4.53611E-3 4.39321E-3 3.56503E-3 3.23896E-3 1.8074E-3 2.79707E-3 5.07679E-3 4.58997E-3 4.10607E-3 3.89027E-3 3.41281E-3 3.59644E-3 3.92431E-3 4.2149E-3 5.10294E-3 6.44887E-3 8.029E-3 9.52439E-3 1.09997E-2 1.23454E-2 1.34912E-2 1.24178E-2 1.16391E-2 9.3384E-3 5.14794E-3 1.22302E-3 1.08695E-3 5.45414E-4 2.16927E-4 4.98336E-4
-9999 -9999 -9999 -9999 -9999 1.88437E-3 1.81122E-3 1.88892E-3 1.59039E-3 2.53504E-3 4.76471E-4 5.91009E-4 2.41161E-3 4.73436E-3 6.72254E-3 7.05674E-3 8.5569E-3 9.95872E-3 1.08109E-2 1.02808E-2 9.55973E-3 1.05964E-2 9.53315E-3 3.15299E-3 2.10167E-3 2.34205E-3 1.52131E-3 7.70353E-4 6.93985E-4 1.4847E-3 2.96558E-3 4.91742E-3 6.58476E-3 6.02182E-3 6.46656E-3 6.51386E-3 6.64062E-3 6.10646E-3 5.81588E-3 5.52154E-3 6.35852E-3 6.58316E-3 6.42965E-3 5.6417E-3 5.27512E-3 4.91147E-3 5.15766E-3 5.0003E-3 5.23777E-3 5.9276E-3 6.85426E-3 8.08305E-3 8.46679E-3 7.3377E-3 7.89344E-3 8.82241E-3 1.21472E-2 1.24027E-2 6.26164E-3 2.37049E-3 1.01804E-3 8.45512E-4 3.25726E-4 1.42068E-4 9.77275E-4
-9999 -9999 -9999 -9999 6.19961E-4 1.40859E-3 1.88437E-3 2.23523E-3 6.51855E-3 7.61864E-3 1.5482E-3 2.18993E-4 6.55558E-4 2.93296E-3 5.32074E-3 7.19346E-3 8.97477E-3 1.06119E-2 1.09825E-2 1.11407E-2 1.05774E-2 1.07213E-2 9.43507E-3 4.40449E-3 1.99434E-3 2.48296E-3 1.64286E-3 8.03498E-4 4.12498E-4 8.22858E-4 1.5575E-3 2.80132E-3 5.65648E-3 7.37223E-3 7.31066E-3 8.17164E-3 8.31742E-3 8.05315E-3 8.07327E-3 8.20713E-3 8.47798E-3 8.20802E-3 8.19434E-3 7.374E-3 6.96854E-3 6.78304E-3 6.48182E-3 6.10209E-3 5.57382E-3 5.5221E-3 5.72747E-3 5.07565E-3 3.70553E-3 4.34372E-3 6.93526E-3 1.2389E-2 1.40138E-2 1.30513E-2 4.58371E-3 1.50283E-3 1.20737E-3 9.14228E-4 2.9192E-4 6.77467E-4 8.35532E-4
-9999 -9999 -9999 -9999 5.06954E-4 1.17221E-3 1.9857E-3 2.52853E-3 7.05502E-3 1.16562E-2 6.95657E-3 2.03194E-3 2.77704E-4 1.39975E-3 3.64258E-3 6.34854E-3 8.8973E-3 1.09352E-2 1.13178E-2 1.12833E-2 1.10862E-2 1.0664E-2 9.64644E-3 6.59401E-3 2.36006E-3 3.10872E-3 2.40114E-3 1.6666E-3 7.86869E-4 2.25404E-4 1.07172E-3 2.49158E-3 5.14921E-3 8.59251E-3 8.67303E-3 8.85271E-3 9.80936E-3 9.50306E-3 1.01267E-2 9.80217E-3 1.02691E-2 1.02825E-2 9.65888E-3 9.34742E-3 8.5893E-3 8.40186E-3 7.19346E-3 4.84221E-3 3.47638E-3 3.53601E-3 4.85339E-3 5.73056E-3 6.39327E-3 1.01773E-2 1.39681E-2 1.43894E-2 1.54906E-2 1.10494E-2 3.51702E-3 1.77287E-3 1.86758E-3 5.62265E-4 3.14614E-4 1.96616E-3 2.0626E-3
-9999 -9999 -9999 3.57317E-3 2.62123E-3 1.96616E-3 3.68343E-3 6.99112E-3 9.53492E-3 1.33013E-2 1.12629E-2 8.09378E-3 3.43376E-3 1.35633E-3 2.40027E-3 5.31792E-3 8.35837E-3 1.00763E-2 1.01134E-2 1.00763E-2 1.05929E-2 1.00989E-2 8.33215E-3 8.64477E-3 4.77304E-3 3.81441E-3 3.5998E-3 2.92709E-3 2.05265E-3 2.02331E-3 2.48702E-3 3.48947E-3 1.93745E-3 5.22857E-3 9.03775E-3 1.02669E-2 1.11586E-2 1.11578E-2 1.08043E-2 1.14903E-2 1.18501E-2 1.16775E-2 1.11502E-2 1.06369E-2 1.02983E-2 9.62071E-3 7.85088E-3 6.01822E-3 6.997E-3 7.93667E-3 9.02846E-3 1.01467E-2 1.22007E-2 1.30116E-2 1.38184E-2 1.51091E-2 1.52492E-2 8.58903E-3 2.49933E-3 2.575E-3 2.20195E-3 9.89473E-4 3.79205E-3 4.48597E-3 4.44443E-3
-9999 -9999 -9999 5.2195E-3 2.17082E-3 5.10354E-3 9.40584E-3 1.30547E-2 1.38379E-2 1.50554E-2 1.32094E-2 1.13384E-2 8.98422E-3 6.7784E-3 6.17061E-3 5.54673E-3 7.109E-3 7.67912E-3 7.38736E-3 7.79039E-3 9.99395E-3 8.78824E-3 6.08034E-3 7.47822E-3 7.84104E-3 4.15979E-3 3.49315E-3 3.87029E-3 3.5998E-3 3.29699E-3 3.70474E-3 4.43348E-3 1.54832E-3 2.52364E-3 5.0554E-3 7.61903E-3 1.00694E-2 1.22801E-2 1.28429E-2 1.30312E-2 1.28237E-2 1.26387E-2 1.20728E-2 1.13418E-2 1.11586E-2 1.11515E-2 1.11262E-2 1.07447E-2 1.06944E-2 1.08305E-2 1.11702E-2 1.24335E-2 1.26237E-2 1.36127E-2 1.39681E-2 1.44632E-2 1.15808E-2 6.82348E-3 3.245E-3 3.42043E-3 2.23217E-3 2.89983E-3 4.43908E-3 3.35945E-3 6.64108E-3
-9999 -9999 -9999 5.28039E-3 4.7916E-3 1.16567E-2 1.66261E-2 1.25814E-2 1.09367E-2 1.45359E-2 1.72011E-2 1.56465E-2 1.39629E-2 1.33013E-2 1.26675E-2 1.05145E-2 5.96764E-3 6.35462E-3 6.78168E-3 4.80136E-3 8.26768E-3 8.1969E-3 3.30214E-3 2.66865E-3 7.66696E-3 3.12203E-3 3.53911E-3 4.34218E-3 4.92469E-3 4.59305E-3 4.46135E-3 4.71385E-3 2.66256E-3 1.08829E-3 3.39482E-3 4.3545E-3 7.60421E-3 1.18638E-2 1.28752E-2 1.3891E-2 1.36715E-2 1.305E-2 1.28687E-2 1.26756E-2 1.20771E-2 1.1878E-2 1.1481E-2 1.1461E-2 1.15877E-2 1.15553E-2 1.21003E-2 1.26237E-2 1.34098E-2 1.31008E-2 1.31698E-2 1.22393E-2 6.45225E-3 5.16659E-3 2.83774E-3 3.69827E-3 3.59819E-3 5.05295E-3 6.95429E-3 1.02421E-2 1.03631E-2
-9999 -9999 8.08673E-3 1.34115E-2 1.49429E-2 1.96714E-2 2.11647E-2 1.7559E-2 1.65767E-2 1.8048E-2 1.94926E-2 1.92284E-2 1.89417E-2 1.78131E-2 1.70011E-2 1.61946E-2 1.39192E-2 1.19187E-2 1.21628E-2 1.20974E-2 9.89653E-3 8.99741E-3 6.5087E-3 6.26027E-3 1.13795E-2 5.68074E-3 4.39752E-3 5.59983E-3 5.29411E-3 5.29411E-3 4.15893E-3 4.22055E-3 4.40538E-3 3.00073E-3 2.91622E-3 2.1737E-3 4.51084E-3 8.08305E-3 1.26275E-2 1.43723E-2 1.48243E-2 1.41416E-2 1.48243E-2 1.37133E-2 1.30722E-2 1.22404E-2 1.18457E-2 1.21963E-2 1.27429E-2 1.2324E-2 1.28615E-2 1.32094E-2 1.3356E-2 1.29759E-2 1.10495E-2 6.54627E-3 3.8253E-3 5.14794E-3 3.53871E-3 3.69827E-3 4.00838E-3 5.42679E-3 8.00471E-3 4.48803E-3 1.51104E-2
-9999 -9999 2.00167E-2 1.83595E-2 2.06404E-2 2.54195E-2 2.50435E-2 2.0974E-2 1.50314E-2 1.66261E-2 2.12627E-2 2.20372E-2 2.17289E-2 2.10955E-2 2.10952E-2 2.14095E-2 2.04667E-2 2.01622E-2 1.92469E-2 1.71631E-2 1.32182E-2 1.39704E-2 1.40975E-2 1.62621E-2 1.8048E-2 1.22393E-2 9.62306E-3 8.6964E-3 7.9266E-3 6.01444E-3 3.56477E-3 5.44839E-3 5.00839E-3 5.29411E-3 4.93202E-3 1.87035E-3 4.10089E-3 6.14406E-3 1.04106E-2 1.32026E-2 1.34557E-2 1.43628E-2 1.45959E-2 1.39233E-2 1.30608E-2 1.3249E-2 1.28018E-2 1.29723E-2 1.29396E-2 1.29026E-2 1.34593E-2 1.24684E-2 1.11986E-2 9.57244E-3 5.85371E-3 3.18078E-3 3.5855E-3 4.68801E-3 4.63907E-3 6.79949E-3 8.51101E-3 7.036E-3 1.07964E-2 1.65094E-2 1.66233E-2
-9999 -9999 3.22106E-2 2.74768E-2 3.48115E-2 2.69367E-2 2.38586E-2 2.58555E-2 2.16505E-2 1.8243E-2 2.43897E-2 2.44562E-2 2.37667E-2 2.41317E-2 2.34278E-2 2.34213E-2 2.37611E-2 2.34071E-2 2.34071E-2 2.41316E-2 2.30733E-2 2.27197E-2 2.30059E-2 2.40374E-2 2.4427E-2 1.96156E-2 1.70619E-2 1.39374E-2 1.15174E-2 8.30508E-3 4.92673E-3 4.20131E-3 7.5608E-3 7.42954E-3 5.76264E-3 5.59983E-3 4.15553E-3 6.54334E-3 9.32821E-3 1.18632E-2 1.23871E-2 1.26237E-2 1.25144E-2 1.31389E-2 1.31729E-2 1.31389E-2 1.29026E-2 1.24759E-2 1.19694E-2 9.66832E-3 8.58727E-3 8.64199E-3 5.68074E-3 3.76904E-3 3.52462E-3 3.01647E-3 4.05819E-3 5.97124E-3 6.49259E-3 5.93029E-3 9.41488E-3 5.59811E-3 8.24755E-3 1.52952E-2 1.08838E-2
-9999 5.69659E-2 5.9186E-2 5.82453E-2 5.18184E-2 3.90355E-2 3.87379E-2 2.58556E-2 3.21698E-2 2.30477E-2 2.73683E-2 2.5925E-2 2.55776E-2 2.52229E-2 2.56056E-2 2.44962E-2 2.52231E-2 2.52231E-2 2.63562E-2 2.6729E-2 2.75321E-2 2.83556E-2 2.91996E-2 3.05128E-2 2.96412E-2 2.8307E-2 2.00967E-2 2.37446E-2 1.94367E-2 8.46922E-3 6.10414E-3 4.23793E-3 7.91E-3 9.43798E-3 8.60759E-3 6.53366E-3 8.04177E-3 5.92163E-3 5.75403E-3 9.03078E-3 9.75173E-3 9.60875E-3 9.89457E-3 1.07747E-2 1.18046E-2 1.10592E-2 1.00876E-2 9.46169E-3 8.52884E-3 7.51871E-3 5.00839E-3 3.67669E-3 3.83407E-3 4.50448E-3 3.3962E-3 4.26515E-3 3.71049E-3 6.23529E-3 5.75345E-3 7.03384E-3 8.70091E-3 7.07205E-3 4.83672E-3 1.44238E-2 1.87328E-2
-9999 6.74061E-2 6.55767E-2 6.46073E-2 6.12426E-2 5.11866E-2 4.39842E-2 3.81463E-2 2.89109E-2 2.30681E-2 2.10969E-2 2.39108E-2 2.57895E-2 2.71088E-2 2.67424E-2 2.63686E-2 2.6373E-2 2.67605E-2 2.71469E-2 2.79576E-2 2.91996E-2 3.04877E-2 3.13879E-2 3.27798E-2 3.57078E-2 3.57078E-2 3.62248E-2 3.62248E-2 2.85609E-2 1.63023E-2 8.39002E-3 8.16054E-3 5.66799E-3 8.36784E-3 1.00604E-2 1.06368E-2 9.11373E-3 1.04369E-2 8.00406E-3 6.35901E-3 5.15422E-3 4.93789E-3 7.03633E-3 1.08017E-2 8.89955E-3 7.74261E-3 7.93202E-3 6.91017E-3 5.37078E-3 4.34059E-3 4.80018E-3 5.30142E-3 4.92673E-3 4.29679E-3 5.59061E-3 5.254E-3 3.83452E-3 6.40585E-3 9.11219E-3 1.14495E-2 8.01652E-3 7.63971E-3 6.49379E-3 1.16417E-2 2.02969E-2
-9999 7.19656E-2 7.17662E-2 6.72239E-2 6.54705E-2 5.82453E-2 4.70611E-2 4.33398E-2 2.87626E-2 1.30779E-2 1.48819E-2 1.871E-2 2.09316E-2 2.40022E-2 2.60977E-2 2.5843E-2 2.71088E-2 2.7952E-2 2.75581E-2 2.87928E-2 2.96412E-2 3.05105E-2 3.09389E-2 3.18361E-2 3.32466E-2 3.62248E-2 3.88702E-2 3.51814E-2 2.32642E-2 1.16567E-2 9.10607E-3 7.83651E-3 9.4685E-3 9.97161E-3 1.03457E-2 1.11809E-2 1.18576E-2 1.20848E-2 1.20217E-2 1.24764E-2 1.21939E-2 1.22262E-2 1.29672E-2 1.26791E-2 1.16283E-2 9.45851E-3 7.40232E-3 6.32386E-3 6.24817E-3 6.26027E-3 5.61053E-3 4.78296E-3 5.44664E-3 7.61916E-3 8.04781E-3 6.24994E-3 9.10607E-3 4.76319E-3 1.38547E-2 9.23229E-3 8.70091E-3 1.09981E-2 1.09689E-2 1.41386E-2 1.85672E-2
-9999 7.5727E-2 -9999 -9999 6.79939E-2 6.46073E-2 5.53995E-2 4.37864E-2 2.74768E-2 9.75771E-3 7.80572E-3 1.15765E-2 1.14419E-2 1.67918E-2 1.84924E-2 2.10518E-2 2.3242E-2 2.52945E-2 2.57277E-2 2.31485E-2 2.46923E-2 2.60977E-2 2.63137E-2 2.63137E-2 2.74479E-2 2.45997E-2 2.15244E-2 1.78494E-2 1.34383E-2 8.86587E-3 9.23655E-3 8.50809E-3 7.93654E-3 8.50809E-3 9.61824E-3 1.05541E-2 1.01421E-2 1.05541E-2 1.09367E-2 9.97161E-3 9.94826E-3 1.16391E-2 1.22999E-2 1.27813E-2 1.29672E-2 1.18889E-2 1.02597E-2 8.449E-3 6.52272E-3 6.10457E-3 5.61056E-3 6.63867E-3 7.11596E-3 7.11747E-3 8.39515E-3 1.11125E-2 6.28046E-3 1.40444E-2 1.14495E-2 1.28979E-2 8.91E-3 1.34303E-2 1.51056E-2 1.61076E-2 1.95416E-2
-9999 7.47837E-2 -9999 -9999 -9999 6.56624E-2 5.46642E-2 4.55822E-2 2.47679E-2 7.82626E-3 1.17908E-2 1.17047E-2 9.84644E-3 1.20711E-2 1.20801E-2 1.44304E-2 1.84553E-2 2.13494E-2 1.98345E-2 1.59684E-2 1.82035E-2 2.06727E-2 2.01107E-2 1.90111E-2 1.86053E-2 1.40444E-2 9.88384E-3 8.74127E-3 9.48951E-3 1.26877E-2 1.5096E-2 1.44304E-2 1.40794E-2 1.39196E-2 1.5354E-2 1.90639E-2 1.49429E-2 1.1003E-2 1.12835E-2 1.31552E-2 1.34383E-2 1.24123E-2 1.26641E-2 1.28358E-2 1.373E-2 1.26831E-2 1.11913E-2 9.7113E-3 7.91E-3 6.63977E-3 6.09957E-3 6.63249E-3 8.16693E-3 9.10607E-3 8.05282E-3 1.40941E-2 1.5456E-2 2.10881E-2 9.728E-3 1.64627E-2 1.22302E-2 2.3668E-2 1.35653E-2 1.90507E-2 2.57067E-2
-9999 -9999 -9999 -9999 -9999 6.91854E-2 5.5389E-2 4.46317E-2 2.99587E-2 1.08405E-2 1.69713E-2 1.59108E-2 1.84156E-2 1.8295E-2 1.70489E-2 1.73999E-2 1.73328E-2 1.74948E-2 1.40794E-2 1.38904E-2 1.84553E-2 1.61012E-2 1.19113E-2 1.17617E-2 8.95331E-3 8.58639E-3 1.33673E-2 1.8141E-2 1.42705E-2 1.20727E-2 1.73328E-2 1.39196E-2 1.35738E-2 1.7459E-2 1.99396E-2 2.20849E-2 3.05257E-2 2.87626E-2 2.64149E-2 2.19962E-2 1.83005E-2 1.61894E-2 1.54563E-2 1.49011E-2 1.4211E-2 1.35078E-2 1.18049E-2 9.40584E-3 8.26492E-3 8.72577E-3 8.72577E-3 8.73716E-3 1.03939E-2 1.33888E-2 1.87612E-2 2.1109E-2 2.27655E-2 2.80547E-2 2.58581E-2 2.52232E-2 3.22165E-2 4.75175E-2 2.59544E-2 2.30183E-2 3.29897E-2
-9999 1.07755E-1 1.05184E-1 -9999 -9999 7.08394E-2 6.48717E-2 4.79467E-2 2.66763E-2 1.83358E-2 2.37189E-2 2.32994E-2 1.63207E-2 2.06697E-2 2.46702E-2 2.32094E-2 2.55404E-2 2.51866E-2 2.28904E-2 2.34717E-2 2.38006E-2 2.09586E-2 1.95419E-2 2.05197E-2 1.78954E-2 1.73328E-2 1.74948E-2 2.18358E-2 1.88065E-2 1.93241E-2 2.74618E-2 2.43652E-2 2.67881E-2 3.05919E-2 2.922E-2 3.22624E-2 4.06494E-2 2.58581E-2 2.38094E-2 2.84356E-2 2.73052E-2 2.65723E-2 2.57743E-2 2.19551E-2 2.02316E-2 1.81067E-2 1.68868E-2 1.49465E-2 1.45313E-2 1.21946E-2 9.35102E-3 8.74646E-3 1.53206E-2 2.12263E-2 2.41334E-2 2.68634E-2 3.16779E-2 3.98712E-2 3.7175E-2 3.01137E-2 5.92747E-2 6.36991E-2 3.15337E-2 2.38574E-2 4.78246E-2
9.98253E-2 1.00136E-1 1.05237E-1 -9999 -9999 7.08394E-2 6.48717E-2 5.09777E-2 2.81201E-2 3.24576E-2 2.88344E-2 2.91554E-2 2.38094E-2 2.76103E-2 2.78824E-2 2.62603E-2 2.84117E-2 3.07183E-2 3.12757E-2 2.9865E-2 3.02892E-2 2.9865E-2 2.55404E-2 2.55404E-2 2.58982E-2 2.36699E-2 2.5291E-2 2.80057E-2 2.65723E-2 2.98597E-2 3.1823E-2 3.77804E-2 4.06514E-2 4.26146E-2 4.85804E-2 5.05211E-2 5.21263E-2 4.30195E-2 3.63942E-2 3.59145E-2 3.7526E-2 3.66546E-2 3.2645E-2 3.09896E-2 2.56534E-2 2.10518E-2 1.93962E-2 1.73701E-2 1.43624E-2 1.24123E-2 1.5588E-2 1.9278E-2 1.98261E-2 1.9964E-2 2.76103E-2 3.09675E-2 3.70248E-2 4.66991E-2 4.17002E-2 4.53628E-2 8.57365E-2 8.61793E-2 5.59723E-2 3.01441E-2 4.48402E-2
5.58571E-2 8.03369E-2 -9999 -9999 -9999 -9999 6.15926E-2 5.18395E-2 4.17583E-2 4.0292E-2 3.92072E-2 2.91554E-2 2.51784E-2 2.67757E-2 3.13238E-2 2.85134E-2 3.15918E-2 3.22621E-2 3.22621E-2 3.03506E-2 3.22621E-2 3.1769E-2 3.12757E-2 3.07823E-2 2.97965E-2 3.01373E-2 3.15125E-2 2.59983E-2 2.91887E-2 3.15248E-2 3.19584E-2 3.84076E-2 4.64824E-2 5.17943E-2 5.90434E-2 6.05836E-2 5.76086E-2 5.92725E-2 5.99799E-2 5.8332E-2 5.69089E-2 5.25804E-2 3.92072E-2 3.43357E-2 2.48105E-2 1.87503E-2 1.94238E-2 1.94238E-2 1.9278E-2 2.06403E-2 2.02316E-2 1.92916E-2 2.02518E-2 2.57743E-2 3.21996E-2 3.61606E-2 2.88032E-2 3.9898E-2 4.89702E-2 5.0739E-2 8.09884E-2 1.01513E-1 8.62265E-2 5.13026E-2 5.83302E-2
2.80241E-2 5.33209E-2 -9999 -9999 -9999 -9999 5.61502E-2 5.11796E-2 4.52388E-2 4.0292E-2 3.98169E-2 4.05384E-2 3.77292E-2 3.88702E-2 3.62097E-2 3.41739E-2 3.57166E-2 3.52143E-2 3.32466E-2 3.37361E-2 3.47153E-2 3.08364E-2 3.1769E-2 3.04022E-2 3.07823E-2 3.11525E-2 3.51478E-2 3.4658E-2 3.77951E-2 3.94212E-2 3.99703E-2 4.40512E-2 4.6538E-2 4.77532E-2 5.17328E-2 5.76086E-2 5.61213E-2 5.62157E-2 6.05414E-2 6.09532E-2 6.13589E-2 5.8332E-2 4.33398E-2 2.90554E-2 2.56426E-2 2.09615E-2 1.98345E-2 1.45409E-2 1.63363E-2 2.02518E-2 2.03872E-2 2.38006E-2 2.68634E-2 3.21996E-2 3.68713E-2 3.51324E-2 4.42812E-2 5.19954E-2 4.97491E-2 4.95246E-2 8.87314E-2 1.02709E-1 1.06102E-1 8.38656E-2 5.8004E-2
-9999 7.25449E-2 -9999 -9999 -9999 -9999 5.3922E-2 5.25275E-2 4.78078E-2 4.46639E-2 3.98744E-2 3.94212E-2 4.1089E-2 4.10604E-2 3.88382E-2 3.88382E-2 3.72623E-2 3.72174E-2 3.7177E-2 3.42228E-2 3.18361E-2 3.09147E-2 2.95022E-2 3.03506E-2 3.13222E-2 3.1769E-2 3.07823E-2 3.41739E-2 3.83166E-2 3.93572E-2 4.05165E-2 4.2229E-2 4.28551E-2 4.33887E-2 4.91492E-2 5.3922E-2 5.52629E-2 5.4516E-2 5.65819E-2 5.44199E-2 5.52629E-2 4.83868E-2 4.34246E-2 3.77951E-2 3.32223E-2 2.80911E-2 2.35923E-2 2.10969E-2 2.48369E-2 2.51866E-2 2.38006E-2 2.69969E-2 3.07874E-2 3.57792E-2 4.03654E-2 4.39322E-2 4.06494E-2 4.45524E-2 5.21702E-2 6.36991E-2 8.14188E-2 9.91496E-2 1.09961E-1 9.33319E-2 7.14431E-2
-9999 6.07821E-2 -9999 -9999 -9999 -9999 -9999 -9999 -9999 4.34453E-2 -9999 4.16413E-2 4.2787E-2 4.04426E-2 4.09637E-2 4.04426E-2 3.88025E-2 3.7177E-2 3.7177E-2 3.51783E-2 3.23128E-2 3.13586E-2 3.27895E-2 3.27885E-2 3.14009E-2 3.2777E-2 3.13222E-2 3.27548E-2 3.47178E-2 3.52137E-2 3.82916E-2 3.88382E-2 3.88721E-2 3.997E-2 4.5241E-2 4.4617E-2 4.34448E-2 4.10715E-2 4.5872E-2 4.83868E-2 4.4617E-2 4.0534E-2 3.88614E-2 3.57078E-2 3.18361E-2 2.78173E-2 2.60252E-2 2.80911E-2 3.04022E-2 3.21698E-2 2.58982E-2 2.75001E-2 3.21996E-2 3.47109E-2 3.17824E-2 3.57336E-2 4.66991E-2 5.11813E-2 5.47508E-2 6.53902E-2 8.06202E-2 8.57365E-2 8.46947E-2 8.21437E-2 7.94694E-2
