KUENM/Final_Models/M_0.1_F_lq_Set_2_EC/sp1_5.asc
ncols         197
nrows         210
xllcorner     56.1666666666667
yllcorner     4.5
cellsize      0.166666666666667
NODATA_value  -9999
[rows 56 to 83 of 210, columns 65 to 129 of 197]
5.67514E-4 6.06867E-4 1.63242E-2 1.53283E-1 2.13664E-1 2.61413E-1 1.27078E-1 1.87767E-2 2.98183E-2 1.26965E-1 1.78837E-1 1.93929E-1 1.95585E-1 1.63254E-1 1.47662E-1 6.84347E-2 1.33122E-1 2.11486E-1 1.39104E-1 3.27443E-1 2.70216E-1 2.15565E-1 1.96215E-1 1.99721E-1 2.01227E-1 1.99465E-1 2.10406E-1 2.1766E-1 2.1402E-1 2.04771E-1 2.08343E-1 2.09726E-1 2.28001E-1 2.46207E-1 2.69358E-1 2.76337E-1 2.83153E-1 2.91763E-1 3.14031E-1 3.41983E-1 3.81066E-1 4.07528E-1 4.16829E-1 4.45765E-1 5.05822E-1 5.67322E-1 5.93246E-1 6.00608E-1 5.91329E-1 6.19803E-1 6.34784E-1 6.43764E-1 6.49995E-1 6.56086E-1 6.54677E-1 6.51832E-1 6.30846E-1 5.54014E-1 4.53656E-1 3.22602E-1 1.83804E-1 7.09601E-2 2.19754E-3 1.38353E-4 2.26547E-4
3.19653E-3 1.4627E-2 5.82907E-2 2.35816E-1 2.98221E-1 3.30622E-1 3.32921E-1 1.78807E-1 1.27137E-1 1.8052E-1 2.10201E-1 1.20046E-1 1.17892E-1 1.01709E-1 1.08951E-1 2.07854E-1 2.08679E-1 1.47091E-1 2.92874E-1 3.26121E-1 2.70023E-1 2.26992E-1 2.1221E-1 2.01485E-1 1.97965E-1 1.96215E-1 2.01485E-1 1.99721E-1 1.96215E-1 1.94473E-1 1.92488E-1 2.01227E-1 2.1375E-1 2.3217E-1 2.44928E-1 2.6158E-1 2.68522E-1 2.7531E-1 2.99662E-1 3.31864E-1 3.63428E-1 3.86842E-1 4.00199E-1 4.22633E-1 4.68203E-1 5.21512E-1 5.60159E-1 5.77573E-1 5.85889E-1 6.0914E-1 6.23663E-1 6.18623E-1 6.27045E-1 6.41275E-1 6.50209E-1 6.56584E-1 6.49709E-1 6.27189E-1 5.6657E-1 4.45493E-1 2.94681E-1 1.41751E-1 2.85473E-2 4.53799E-3 3.3708E-3
2.55188E-3 4.02039E-2 2.17639E-1 2.49304E-1 2.49228E-1 2.38228E-1 2.76062E-1 2.98427E-1 2.49739E-1 1.93121E-1 1.80345E-1 1.67945E-1 1.80166E-1 2.02303E-1 2.78655E-1 2.77462E-1 2.9421E-1 2.12359E-1 3.68835E-1 3.22854E-1 2.90553E-1 2.57347E-1 2.26992E-1 2.03256E-1 1.92738E-1 1.8929E-1 1.84175E-1 1.8929E-1 1.87577E-1 1.84175E-1 1.82485E-1 1.8929E-1 2.03256E-1 2.19489E-1 2.38097E-1 2.53047E-1 2.64174E-1 2.73268E-1 2.94075E-1 3.12844E-1 3.29426E-1 3.49256E-1 3.59504E-1 3.86766E-1 4.26376E-1 4.77055E-1 5.16363E-1 5.43136E-1 5.66159E-1 5.89225E-1 5.98062E-1 5.87177E-1 5.69666E-1 5.68505E-1 6.35557E-1 6.54883E-1 6.57852E-1 6.56144E-1 6.32161E-1 5.2199E-1 3.63914E-1 2.37371E-1 1.23586E-1 4.21787E-2 2.27124E-2
3.09292E-3 5.89631E-2 1.99384E-1 1.858E-1 1.59498E-1 1.64281E-1 1.86497E-1 2.49209E-1 2.88117E-1 2.43045E-1 2.28167E-1 2.33064E-1 2.69391E-1 2.4888E-1 2.80455E-1 3.276E-1 3.16588E-1 3.24764E-1 3.51797E-1 3.36664E-1 3.16637E-1 2.86736E-1 2.47731E-1 2.06817E-1 1.84283E-1 1.79235E-1 1.80803E-1 1.80803E-1 1.75804E-1 1.74258E-1 1.74258E-1 1.84283E-1 2.03373E-1 2.21449E-1 2.36342E-1 2.51565E-1 2.64972E-1 2.6807E-1 2.759E-1 2.77189E-1 2.86168E-1 3.04895E-1 3.22794E-1 3.4666E-1 3.90333E-1 4.35388E-1 4.75664E-1 5.06221E-1 5.39666E-1 5.69463E-1 5.87201E-1 5.82954E-1 5.68288E-1 5.81873E-1 6.44416E-1 6.51705E-1 6.25037E-1 6.32002E-1 6.54385E-1 5.82654E-1 4.20842E-1 3.19748E-1 2.4471E-1 1.34359E-1 9.3336E-2
3.25757E-3 1.5296E-2 1.62901E-1 1.44179E-1 1.34584E-1 1.40163E-1 1.56527E-1 2.04184E-1 2.60538E-1 2.84662E-1 2.50325E-1 2.6606E-1 2.79928E-1 2.70454E-1 3.13073E-1 3.27852E-1 3.35531E-1 3.58774E-1 3.5078E-1 3.46662E-1 3.58585E-1 3.24613E-1 2.57347E-1 1.99837E-1 1.77568E-1 1.72615E-1 1.72512E-1 1.75804E-1 1.70878E-1 1.72615E-1 1.77568E-1 1.85957E-1 2.05125E-1 2.19407E-1 2.41794E-1 2.57317E-1 2.67032E-1 2.66921E-1 2.58836E-1 2.45389E-1 2.43028E-1 2.69358E-1 3.00918E-1 3.31896E-1 3.69587E-1 4.08979E-1 4.49484E-1 4.80722E-1 5.15556E-1 5.52053E-1 5.79369E-1 5.95215E-1 6.0481E-1 6.15932E-1 6.45457E-1 6.57308E-1 6.49901E-1 6.50538E-1 6.57756E-1 6.23273E-1 4.46783E-1 3.16782E-1 3.24541E-1 2.00671E-1 1.0513E-1
7.35212E-3 1.18405E-2 1.70807E-1 1.24962E-1 1.17054E-1 1.23661E-1 1.31808E-1 1.57723E-1 2.46585E-1 2.6567E-1 2.55317E-1 2.75521E-1 2.67004E-1 2.79127E-1 2.9657E-1 3.1617E-1 3.33738E-1 3.45812E-1 3.18482E-1 3.28619E-1 3.62558E-1 3.3266E-1 2.45821E-1 1.91122E-1 1.69354E-1 1.67736E-1 1.66127E-1 1.70981E-1 1.70981E-1 1.70958E-1 1.77545E-1 1.87504E-1 2.10326E-1 2.28299E-1 2.4906E-1 2.66451E-1 2.76623E-1 2.72902E-1 2.61222E-1 2.34331E-1 2.3217E-1 2.64174E-1 2.92976E-1 3.28846E-1 3.58722E-1 3.98771E-1 4.34478E-1 4.5832E-1 4.88816E-1 5.27395E-1 5.6952E-1 6.09184E-1 6.32721E-1 6.24741E-1 6.42113E-1 6.62426E-1 6.62557E-1 6.60544E-1 6.55088E-1 6.27706E-1 5.41284E-1 4.58168E-1 3.86894E-1 2.3345E-1 9.49664E-2
3.29006E-3 3.83317E-2 1.55003E-1 1.12132E-1 1.08368E-1 1.10897E-1 1.14642E-1 1.37214E-1 1.99337E-1 2.50025E-1 2.78583E-1 2.97506E-1 2.85357E-1 2.88124E-1 2.99208E-1 3.10109E-1 3.10849E-1 2.78365E-1 2.6878E-1 2.76238E-1 2.88471E-1 2.63135E-1 2.19613E-1 1.84283E-1 1.64525E-1 1.59773E-1 1.61348E-1 1.62933E-1 1.66104E-1 1.70958E-1 1.79058E-1 1.92364E-1 2.10006E-1 2.29663E-1 2.52366E-1 2.6785E-1 2.76238E-1 2.76238E-1 2.62932E-1 2.53488E-1 2.59144E-1 2.78365E-1 3.07608E-1 3.35588E-1 3.69394E-1 3.97868E-1 4.24424E-1 4.50756E-1 4.70001E-1 5.09452E-1 5.57413E-1 6.00302E-1 6.26359E-1 6.13574E-1 6.30666E-1 6.60611E-1 6.64296E-1 6.58071E-1 6.48646E-1 6.27956E-1 5.87188E-1 5.11826E-1 4.03373E-1 2.56073E-1 1.28114E-1
5.28625E-2 1.08927E-1 1.42638E-1 1.05968E-1 1.02436E-1 1.01277E-1 1.06046E-1 1.35945E-1 1.76503E-1 2.55278E-1 2.8599E-1 2.91628E-1 2.88965E-1 2.90818E-1 2.79185E-1 2.73384E-1 2.48114E-1 2.22748E-1 2.2091E-1 2.19077E-1 2.13939E-1 1.98054E-1 1.8091E-1 1.64525E-1 1.58206E-1 1.52025E-1 1.53536E-1 1.58184E-1 1.6436E-1 1.7081E-1 1.80447E-1 1.90206E-1 2.05963E-1 2.23462E-1 2.4594E-1 2.59368E-1 2.71757E-1 2.78204E-1 2.82536E-1 2.86704E-1 2.94676E-1 3.1048E-1 3.30142E-1 3.56098E-1 3.77268E-1 4.08263E-1 4.31845E-1 4.5181E-1 4.74479E-1 5.10736E-1 5.42783E-1 5.73441E-1 6.00302E-1 6.14139E-1 6.37395E-1 6.58614E-1 6.65879E-1 6.60614E-1 6.56751E-1 6.51678E-1 6.27655E-1 5.37745E-1 3.92609E-1 2.61814E-1 1.72701E-1
2.21232E-2 1.44974E-1 1.12138E-1 1.05968E-1 1.08368E-1 1.03604E-1 1.07164E-1 1.3452E-1 1.97249E-1 2.5486E-1 2.86097E-1 2.76832E-1 2.63166E-1 2.43782E-1 2.42408E-1 2.26147E-1 1.9614E-1 1.74517E-1 1.71244E-1 1.68521E-1 1.64096E-1 1.50481E-1 1.44499E-1 1.38641E-1 1.44499E-1 1.44479E-1 1.47462E-1 1.53401E-1 1.59611E-1 1.673E-1 1.78363E-1 1.90206E-1 2.07141E-1 2.23462E-1 2.35659E-1 2.54641E-1 2.71027E-1 2.81577E-1 2.96415E-1 3.12601E-1 3.32624E-1 3.38665E-1 3.58455E-1 3.78231E-1 3.99273E-1 4.27112E-1 4.5181E-1 4.69343E-1 4.87882E-1 5.24293E-1 5.53507E-1 5.67386E-1 5.87982E-1 6.1327E-1 6.42264E-1 6.61145E-1 6.6247E-1 6.56558E-1 6.65127E-1 6.65718E-1 6.59513E-1 5.17071E-1 3.77111E-1 2.75097E-1 2.35376E-1
5.08194E-2 1.60141E-1 1.14631E-1 1.13277E-1 1.12036E-1 1.15786E-1 1.30226E-1 1.76516E-1 2.65784E-1 3.10692E-1 3.01852E-1 2.67804E-1 2.3095E-1 2.08929E-1 1.93081E-1 1.74517E-1 1.62582E-1 1.48694E-1 1.37495E-1 1.33656E-1 1.29778E-1 1.24514E-1 1.21959E-1 1.28746E-1 1.35749E-1 1.37058E-1 1.4435E-1 1.51622E-1 1.59353E-1 1.68521E-1 1.80032E-1 1.93081E-1 2.04614E-1 2.22669E-1 2.37536E-1 2.54641E-1 2.7494E-1 2.95428E-1 3.11963E-1 3.42395E-1 3.643E-1 3.72454E-1 3.82326E-1 4.01585E-1 4.25857E-1 4.57972E-1 4.82907E-1 5.02428E-1 5.19842E-1 5.50873E-1 5.68598E-1 5.75699E-1 5.82517E-1 6.1327E-1 6.47203E-1 6.64558E-1 6.58807E-1 6.47856E-1 6.6196E-1 6.6515E-1 6.56993E-1 6.1272E-1 4.90463E-1 3.7322E-1 3.16033E-1
8.00539E-2 1.69202E-1 1.26143E-1 1.15786E-1 1.23528E-1 1.37144E-1 1.68523E-1 2.50072E-1 3.83464E-1 4.10652E-1 3.18471E-1 2.40399E-1 1.97065E-1 1.71611E-1 1.55361E-1 1.44242E-1 1.3774E-1 1.27161E-1 1.13157E-1 1.14429E-1 1.12262E-1 1.1509E-1 1.16576E-1 1.2183E-1 1.29996E-1 1.35627E-1 1.44113E-1 1.51622E-1 1.60546E-1 1.68521E-1 1.77823E-1 1.90649E-1 2.06391E-1 2.24508E-1 2.39418E-1 2.5849E-1 2.8083E-1 3.00616E-1 3.1136E-1 3.43324E-1 3.75699E-1 3.93741E-1 4.05602E-1 4.31829E-1 4.60353E-1 4.99245E-1 5.35826E-1 5.52194E-1 5.57413E-1 5.75699E-1 5.92213E-1 5.91797E-1 5.78808E-1 6.11841E-1 6.48813E-1 6.58086E-1 6.53198E-1 6.50873E-1 6.47856E-1 6.67007E-1 6.58618E-1 6.631E-1 6.03217E-1 4.9859E-1 3.98032E-1
7.42106E-2 1.70162E-1 1.30227E-1 1.20911E-1 1.30226E-1 1.48665E-1 1.84695E-1 2.72629E-1 4.16091E-1 4.14283E-1 2.81646E-1 2.04185E-1 1.64185E-1 1.46772E-1 1.38996E-1 1.31349E-1 1.26556E-1 1.18559E-1 1.12699E-1 1.09398E-1 1.10641E-1 1.12262E-1 1.16378E-1 1.21624E-1 1.28395E-1 1.32571E-1 1.43766E-1 1.49744E-1 1.60049E-1 1.71244E-1 1.8384E-1 1.94097E-1 2.09964E-1 2.26353E-1 2.45093E-1 2.61299E-1 2.86664E-1 3.07601E-1 3.15563E-1 3.40499E-1 3.75699E-1 4.0147E-1 4.26427E-1 4.64261E-1 5.03271E-1 5.46566E-1 5.84874E-1 6.05106E-1 5.97327E-1 6.12393E-1 6.20205E-1 6.20162E-1 6.18592E-1 6.36002E-1 6.51111E-1 6.34789E-1 6.40491E-1 6.64333E-1 6.64777E-1 6.64916E-1 6.5997E-1 6.57918E-1 6.36648E-1 5.91178E-1 4.80579E-1
1.28193E-1 1.55449E-1 1.61327E-1 1.23661E-1 1.3452E-1 1.45944E-1 1.75225E-1 2.17819E-1 2.61999E-1 2.38176E-1 1.78745E-1 1.48982E-1 1.30227E-1 1.24539E-1 1.1975E-1 1.1975E-1 1.19201E-1 1.18559E-1 1.1144E-1 1.08953E-1 1.10641E-1 1.11894E-1 1.16089E-1 1.21325E-1 1.26711E-1 1.33656E-1 1.41845E-1 1.50787E-1 1.61004E-1 1.73859E-1 1.90649E-1 2.04614E-1 2.15372E-1 2.30059E-1 2.45093E-1 2.68176E-1 2.92579E-1 3.3549E-1 3.53379E-1 3.73074E-1 3.95679E-1 4.20763E-1 4.53661E-1 4.98487E-1 5.3969E-1 5.8265E-1 6.12393E-1 6.31369E-1 6.34055E-1 6.37509E-1 6.44246E-1 6.42976E-1 6.50275E-1 6.57665E-1 6.62285E-1 6.54435E-1 6.58303E-1 6.65311E-1 6.67199E-1 6.59323E-1 6.6815E-1 6.67241E-1 6.57918E-1 6.1463E-1 4.99793E-1
7.73122E-2 1.52673E-1 1.7629E-1 1.26322E-1 1.30381E-1 1.38814E-1 1.47512E-1 1.58049E-1 1.61134E-1 1.37395E-1 1.15829E-1 1.09403E-1 1.0818E-1 1.07913E-1 1.11255E-1 1.13317E-1 1.1532E-1 1.15969E-1 1.10901E-1 1.1144E-1 1.10192E-1 1.14429E-1 1.21325E-1 1.26711E-1 1.33229E-1 1.38389E-1 1.45705E-1 1.56323E-1 1.67365E-1 1.8384E-1 1.97575E-1 2.09964E-1 2.30059E-1 2.41305E-1 2.55511E-1 2.67127E-1 2.78864E-1 3.18548E-1 3.68273E-1 4.01007E-1 4.28252E-1 4.53661E-1 4.86036E-1 5.2472E-1 5.61002E-1 5.99561E-1 6.25518E-1 6.43698E-1 6.47712E-1 6.47318E-1 6.49901E-1 6.51174E-1 6.49733E-1 6.6E-1 6.64296E-1 6.62428E-1 6.61609E-1 6.57988E-1 6.50189E-1 6.46855E-1 6.68853E-1 6.67285E-1 6.31486E-1 5.97577E-1 5.37248E-1
1.25759E-1 1.45177E-1 1.81128E-1 1.27654E-1 1.27711E-1 1.29013E-1 1.29013E-1 1.26304E-1 1.20993E-1 1.08359E-1 9.89151E-2 9.4226E-2 9.31232E-2 9.96115E-2 1.02763E-1 1.07119E-1 1.0957E-1 1.0904E-1 1.09658E-1 1.08953E-1 1.15243E-1 1.20931E-1 1.24946E-1 1.34642E-1 1.39834E-1 1.43551E-1 1.52538E-1 1.60268E-1 1.75503E-1 1.92369E-1 2.09964E-1 2.30871E-1 2.49756E-1 2.61302E-1 2.74274E-1 2.80174E-1 2.80562E-1 3.01985E-1 3.75699E-1 4.31967E-1 4.57398E-1 4.79734E-1 5.07047E-1 5.41918E-1 5.76484E-1 6.04437E-1 6.27025E-1 6.43698E-1 6.44975E-1 6.42081E-1 6.45186E-1 6.46208E-1 6.53717E-1 6.50817E-1 6.62602E-1 6.59576E-1 6.31956E-1 6.19382E-1 6.27832E-1 6.42867E-1 6.61552E-1 6.40979E-1 5.76496E-1 5.88926E-1 5.4469E-1
6.97142E-2 1.0455E-1 1.56488E-1 1.28857E-1 1.2363E-1 1.23467E-1 1.18223E-1 1.13127E-1 1.07913E-1 1.05762E-1 1.01036E-1 9.61931E-2 9.39605E-2 9.61931E-2 1.02763E-1 1.04706E-1 1.04706E-1 1.07812E-1 1.10901E-1 1.1144E-1 1.13966E-1 1.25799E-1 1.34109E-1 1.39179E-1 1.44242E-1 1.55604E-1 1.6184E-1 1.73076E-1 1.84708E-1 2.08174E-1 2.32737E-1 2.53588E-1 2.72982E-1 2.875E-1 2.96013E-1 3.00397E-1 3.12377E-1 3.48623E-1 4.13199E-1 4.55622E-1 4.78222E-1 4.98082E-1 5.22367E-1 5.48753E-1 5.72102E-1 5.98579E-1 6.18371E-1 6.29749E-1 6.30246E-1 6.33907E-1 6.37077E-1 6.49258E-1 6.47514E-1 6.53586E-1 6.59904E-1 6.44421E-1 5.79577E-1 5.59292E-1 6.17232E-1 6.496E-1 6.52199E-1 6.26004E-1 6.27564E-1 6.12761E-1 5.41933E-1
1.15305E-1 1.46087E-1 1.47195E-1 1.32739E-1 1.248E-1 1.19257E-1 1.15392E-1 1.12505E-1 1.10013E-1 1.10369E-1 1.13765E-1 1.14585E-1 1.04299E-1 1.05142E-1 1.05142E-1 1.07119E-1 1.1081E-1 1.13317E-1 1.11524E-1 1.15969E-1 1.18559E-1 1.32701E-1 1.47195E-1 1.5172E-1 1.62555E-1 1.73076E-1 1.73076E-1 1.8384E-1 2.02844E-1 2.29011E-1 2.56214E-1 2.8872E-1 3.04594E-1 3.13357E-1 3.23962E-1 3.28389E-1 3.48386E-1 3.80327E-1 4.22643E-1 4.538E-1 4.79875E-1 5.06016E-1 5.21451E-1 5.45293E-1 5.64354E-1 5.87066E-1 6.08811E-1 6.24384E-1 6.28786E-1 6.3887E-1 6.45338E-1 6.50165E-1 6.4787E-1 6.555E-1 6.48487E-1 6.13116E-1 5.39372E-1 5.66216E-1 6.10945E-1 6.43401E-1 6.24414E-1 6.10999E-1 6.29848E-1 6.29094E-1 5.92751E-1
1.23072E-1 1.73201E-1 1.40439E-1 1.32739E-1 1.28238E-1 1.28238E-1 1.22388E-1 1.18445E-1 1.17149E-1 1.18445E-1 1.21835E-1 1.1975E-1 1.13765E-1 1.11255E-1 1.08782E-1 1.12505E-1 1.15862E-1 1.16313E-1 1.17149E-1 1.23853E-1 1.34109E-1 1.55864E-1 1.77823E-1 1.79676E-1 1.82673E-1 1.80406E-1 1.87134E-1 1.99324E-1 2.17967E-1 2.50976E-1 2.88076E-1 3.25963E-1 3.42492E-1 3.53283E-1 3.49942E-1 3.54366E-1 3.74182E-1 3.95928E-1 4.30112E-1 4.4996E-1 4.88237E-1 5.12303E-1 5.30324E-1 5.49767E-1 5.64354E-1 5.83766E-1 6.06459E-1 6.28619E-1 6.37201E-1 6.43486E-1 6.50643E-1 6.58229E-1 6.53331E-1 6.551E-1 6.45749E-1 6.13889E-1 5.63606E-1 5.647E-1 6.14547E-1 6.42175E-1 6.2031E-1 5.90999E-1 6.18995E-1 6.38697E-1 6.36304E-1
1.50698E-1 1.72786E-1 1.45292E-1 1.36962E-1 1.36602E-1 1.32745E-1 1.29962E-1 1.29297E-1 1.28584E-1 1.27777E-1 1.31349E-1 1.23721E-1 1.1975E-1 1.18445E-1 1.21064E-1 1.21064E-1 1.22845E-1 1.2152E-1 1.25064E-1 1.32745E-1 1.46276E-1 1.6962E-1 1.96711E-1 2.13385E-1 2.15188E-1 1.98041E-1 2.00205E-1 2.09964E-1 2.23462E-1 2.52366E-1 2.96013E-1 3.52374E-1 3.89854E-1 3.85955E-1 3.78118E-1 3.80081E-1 3.93741E-1 4.16736E-1 4.44801E-1 4.64402E-1 4.96466E-1 5.19945E-1 5.31776E-1 5.52048E-1 5.62267E-1 5.87066E-1 6.13641E-1 6.34055E-1 6.43698E-1 6.4685E-1 6.57328E-1 6.63587E-1 6.58406E-1 6.56432E-1 6.55436E-1 6.48818E-1 6.26283E-1 6.14547E-1 6.35728E-1 6.50167E-1 6.25213E-1 5.86624E-1 5.8439E-1 5.66622E-1 5.287E-1
1.58567E-1 1.84114E-1 1.4826E-1 1.4826E-1 1.46302E-1 1.38421E-1 1.39834E-1 1.44224E-1 1.43551E-1 1.39863E-1 1.38421E-1 1.33313E-1 1.31915E-1 1.29147E-1 1.27777E-1 1.27777E-1 1.28238E-1 1.32379E-1 1.28238E-1 1.3415E-1 1.49507E-1 1.78814E-1 2.18077E-1 2.72075E-1 2.42193E-1 2.18077E-1 2.15372E-1 2.19793E-1 2.29011E-1 2.49756E-1 2.875E-1 3.39963E-1 3.80081E-1 3.92048E-1 3.92048E-1 3.9399E-1 4.11044E-1 4.42727E-1 4.65887E-1 4.96426E-1 5.19764E-1 5.33221E-1 5.41724E-1 5.43918E-1 5.59729E-1 5.95877E-1 6.21414E-1 6.34119E-1 6.43444E-1 6.49704E-1 6.61423E-1 6.67141E-1 6.59513E-1 6.59161E-1 6.63846E-1 6.65509E-1 6.53087E-1 6.35039E-1 6.40979E-1 6.55404E-1 6.30594E-1 5.89528E-1 5.62459E-1 5.40162E-1 4.86455E-1
1.69374E-1 1.89205E-1 1.58921E-1 1.543E-1 1.5383E-1 1.52538E-1 1.51719E-1 1.59435E-1 1.5715E-1 1.49507E-1 1.46511E-1 1.44242E-1 1.44823E-1 1.38996E-1 1.38996E-1 1.37561E-1 1.36602E-1 1.38028E-1 1.38028E-1 1.43353E-1 1.58705E-1 1.82157E-1 2.32737E-1 2.62016E-1 2.4404E-1 2.27156E-1 2.27804E-1 2.39037E-1 2.42144E-1 2.57437E-1 2.90698E-1 3.33966E-1 3.61872E-1 3.87449E-1 3.93741E-1 4.15097E-1 4.36769E-1 4.71084E-1 4.96165E-1 5.19905E-1 5.47058E-1 5.51289E-1 5.51289E-1 5.54695E-1 5.80396E-1 6.15316E-1 6.35037E-1 6.4168E-1 6.46795E-1 6.54161E-1 6.6052E-1 6.69299E-1 6.61126E-1 6.54022E-1 6.65071E-1 6.63133E-1 6.29267E-1 6.16226E-1 6.31334E-1 6.44372E-1 6.29094E-1 5.67442E-1 5.48767E-1 5.44331E-1 4.99528E-1
1.96019E-1 1.99574E-1 1.65545E-1 1.6679E-1 1.63148E-1 1.68932E-1 1.68211E-1 1.66606E-1 1.6342E-1 1.6342E-1 1.5786E-1 1.5383E-1 1.5383E-1 1.49287E-1 1.49287E-1 1.46302E-1 1.46772E-1 1.45292E-1 1.46772E-1 1.55361E-1 1.68932E-1 1.91523E-1 2.17967E-1 2.31527E-1 2.19793E-1 2.14333E-1 2.39548E-1 2.50448E-1 2.56564E-1 2.61299E-1 2.91732E-1 3.28529E-1 3.69133E-1 3.96479E-1 4.13694E-1 4.41559E-1 4.69563E-1 5.02068E-1 5.26617E-1 5.49907E-1 5.55231E-1 5.66747E-1 5.71698E-1 5.68687E-1 6.0416E-1 6.47723E-1 6.49903E-1 6.41457E-1 6.42049E-1 6.49635E-1 6.59593E-1 6.68896E-1 6.61441E-1 6.27163E-1 6.40653E-1 6.38326E-1 6.13622E-1 6.21524E-1 5.97326E-1 5.99998E-1 5.80305E-1 5.49558E-1 5.41933E-1 4.85432E-1 4.35542E-1
2.13273E-1 2.11085E-1 1.99337E-1 1.7815E-1 1.74864E-1 1.78743E-1 1.77088E-1 1.71446E-1 1.66606E-1 1.65727E-1 1.63148E-1 1.61574E-1 1.60008E-1 1.60008E-1 1.58451E-1 1.58451E-1 1.57372E-1 1.58921E-1 1.63618E-1 1.66321E-1 1.77685E-1 1.93981E-1 2.09797E-1 2.21726E-1 2.20836E-1 2.28204E-1 2.53588E-1 2.61299E-1 2.67804E-1 2.7026E-1 2.91268E-1 3.2433E-1 3.70243E-1 4.02777E-1 4.50749E-1 5.00924E-1 5.23962E-1 5.3823E-1 5.54203E-1 5.61557E-1 5.68963E-1 5.70443E-1 5.71698E-1 5.87823E-1 5.99318E-1 6.56076E-1 6.4347E-1 6.16701E-1 6.37625E-1 6.51696E-1 6.62129E-1 6.71111E-1 6.55981E-1 6.18137E-1 6.08369E-1 6.00557E-1 5.98526E-1 5.82299E-1 5.30592E-1 5.2537E-1 5.06374E-1 5.061E-1 5.1978E-1 4.79933E-1 4.1701E-1
2.24306E-1 2.26135E-1 2.24306E-1 2.19214E-1 1.89808E-1 1.96554E-1 1.81003E-1 1.75441E-1 1.68932E-1 1.66321E-1 1.652E-1 1.6679E-1 1.69996E-1 1.69996E-1 1.69996E-1 1.69528E-1 1.69528E-1 1.69996E-1 1.74864E-1 1.81003E-1 1.91139E-1 2.05055E-1 2.20633E-1 2.44084E-1 2.6042E-1 2.65867E-1 2.78037E-1 2.85856E-1 2.86157E-1 2.86157E-1 2.97919E-1 3.17404E-1 3.51133E-1 4.01088E-1 4.64519E-1 5.42147E-1 5.65962E-1 5.72476E-1 5.78637E-1 5.8445E-1 5.8038E-1 5.66491E-1 5.93302E-1 6.19757E-1 6.18592E-1 6.21718E-1 5.93252E-1 6.09213E-1 6.47449E-1 6.61082E-1 6.67757E-1 6.69251E-1 6.44857E-1 6.15651E-1 5.85647E-1 5.51264E-1 5.36062E-1 5.37483E-1 4.88742E-1 4.68739E-1 5.07063E-1 5.13823E-1 4.46493E-1 4.48477E-1 3.84134E-1
2.41025E-1 2.37112E-1 2.36219E-1 2.37112E-1 2.21047E-1 2.14115E-1 1.83135E-1 1.79804E-1 1.73234E-1 1.752E-1 1.752E-1 1.80134E-1 1.81794E-1 1.83461E-1 1.86497E-1 1.82673E-1 1.86037E-1 1.86037E-1 1.89888E-1 1.96757E-1 2.10385E-1 2.23039E-1 2.46699E-1 2.72944E-1 3.01639E-1 3.11704E-1 3.13711E-1 3.21581E-1 3.11589E-1 3.03755E-1 2.95646E-1 3.05384E-1 3.54122E-1 4.246E-1 4.92578E-1 5.46738E-1 5.82215E-1 6.00413E-1 6.06477E-1 6.05913E-1 6.008E-1 6.02507E-1 6.23164E-1 6.48813E-1 6.41004E-1 6.1327E-1 6.13612E-1 6.2984E-1 6.62465E-1 6.70461E-1 6.70809E-1 6.66838E-1 6.466E-1 6.13619E-1 5.702E-1 4.83258E-1 4.28134E-1 4.94277E-1 4.90387E-1 5.16927E-1 5.10589E-1 4.59615E-1 4.88114E-1 3.87922E-1 3.07605E-1
2.41588E-1 2.41132E-1 2.43973E-1 2.50461E-1 2.39738E-1 2.2511E-1 1.93308E-1 1.83651E-1 1.75476E-1 1.77107E-1 1.85323E-1 1.93792E-1 1.97229E-1 2.02282E-1 2.00233E-1 2.03292E-1 2.03292E-1 2.06825E-1 2.12174E-1 2.18008E-1 2.30396E-1 2.4159E-1 2.60608E-1 2.93238E-1 3.3088E-1 3.64831E-1 3.63016E-1 3.49532E-1 3.3791E-1 3.09951E-1 2.87882E-1 3.15759E-1 3.83965E-1 4.55454E-1 5.19651E-1 5.66512E-1 6.01292E-1 6.23359E-1 6.30179E-1 6.26617E-1 6.21778E-1 6.26541E-1 6.33108E-1 6.35848E-1 6.31358E-1 6.11838E-1 6.51629E-1 6.58843E-1 6.66712E-1 6.70675E-1 6.62258E-1 6.61594E-1 6.4828E-1 6.2306E-1 5.78548E-1 4.96443E-1 4.13082E-1 4.99709E-1 5.09171E-1 4.69096E-1 4.54329E-1 4.81252E-1 4.56584E-1 3.67506E-1 3.15542E-1
2.5202E-1 2.48114E-1 2.56692E-1 2.56692E-1 2.41882E-1 2.34245E-1 2.10385E-1 1.93792E-1 1.81751E-1 1.83401E-1 1.93706E-1 2.14781E-1 2.23827E-1 2.25648E-1 2.19819E-1 2.16202E-1 2.18812E-1 2.26132E-1 2.30396E-1 2.4159E-1 2.52951E-1 2.62532E-1 2.79988E-1 3.0159E-1 3.45099E-1 4.07014E-1 4.24544E-1 3.88509E-1 3.62037E-1 3.23224E-1 3.26358E-1 3.73452E-1 4.58856E-1 4.97645E-1 5.45586E-1 5.87392E-1 6.20699E-1 6.42598E-1 6.48251E-1 6.47438E-1 6.44851E-1 6.42113E-1 6.29851E-1 6.40983E-1 6.45305E-1 6.49346E-1 6.65319E-1 6.69496E-1 6.68125E-1 6.70285E-1 6.18882E-1 6.22607E-1 6.30408E-1 6.1946E-1 6.0475E-1 5.86041E-1 5.42352E-1 4.69636E-1 4.07363E-1 3.78202E-1 3.63547E-1 4.69361E-1 3.86723E-1 3.57733E-1 3.16033E-1
2.59848E-1 2.51126E-1 2.68274E-1 2.59644E-1 2.57209E-1 2.39418E-1 2.14683E-1 2.00568E-1 1.8356E-1 1.89165E-1 2.08512E-1 2.41878E-1 2.6098E-1 2.51658E-1 2.44082E-1 2.32249E-1 2.35405E-1 2.46699E-1 2.5486E-1 2.722E-1 2.81941E-1 2.89778E-1 3.0159E-1 3.15425E-1 3.35387E-1 3.87817E-1 3.97806E-1 3.92752E-1 3.74496E-1 3.5945E-1 3.77849E-1 4.77359E-1 5.68216E-1 5.35004E-1 5.7341E-1 6.15499E-1 6.40327E-1 6.54935E-1 6.61327E-1 6.64819E-1 6.62955E-1 6.38688E-1 6.37517E-1 6.48737E-1 6.58919E-1 6.66756E-1 6.68591E-1 6.6312E-1 6.63561E-1 6.33294E-1 5.55823E-1 5.52904E-1 5.64433E-1 5.85559E-1 5.9621E-1 6.16663E-1 5.90813E-1 4.86336E-1 3.95814E-1 3.53624E-1 3.30068E-1 4.3082E-1 3.51606E-1 3.32031E-1 3.23959E-1
