KUENM/Final_Models/M_0.1_F_lq_Set_2_EC/sp1_stddev.asc
ncols         197
nrows         210
xllcorner     56.1666666666667
yllcorner     4.5
cellsize      0.166666666666667
NODATA_value  -9999
[rows 56 to 83 of 210, columns 0 to 64 of 197]
-9999 -9999 -9999 -9999 -9999 -9999 -9999 -9999 -9999 -9999 -9999 3.06611E-2 3.05715E-2 3.0366E-2 2.97416E-2 2.9781E-2 2.97416E-2 3.01117E-2 2.7582E-2 2.36001E-2 2.00635E-2 1.76025E-2 7.38932E-3 2.76685E-3 5.6241E-3 7.00206E-3 4.51248E-3 1.15099E-2 2.18403E-2 2.40755E-2 2.3833E-2 2.3833E-2 2.30315E-2 2.25645E-2 2.15575E-2 2.1007E-2 2.16502E-2 2.21817E-2 2.1007E-2 2.06686E-2 2.06686E-2 2.16702E-2 1.90566E-2 1.56665E-2 1.50421E-2 1.52975E-2 1.69055E-2 1.77783E-2 1.78787E-2 2.17473E-2 2.40707E-2 2.68019E-2 2.97241E-2 3.2221E-2 3.57241E-2 3.78274E-2 4.20207E-2 4.57032E-2 4.80853E-2 4.60725E-2 2.13823E-2 1.81118E-2 1.4262E-2 6.0658E-3 2.98409E-3
-9999 -9999 -9999 -9999 -9999 -9999 -9999 -9999 -9999 -9999 1.7008E-2 2.97884E-2 3.05715E-2 2.94596E-2 2.96084E-2 2.91181E-2 2.94825E-2 2.92031E-2 2.90038E-2 2.77529E-2 2.56445E-2 1.94444E-2 1.08589E-2 6.91424E-3 6.01583E-3 7.71306E-3 4.12891E-3 6.61395E-3 1.7783E-2 2.41161E-2 2.51913E-2 2.52217E-2 2.49685E-2 2.4717E-2 2.42223E-2 2.47029E-2 2.49132E-2 2.48454E-2 2.44516E-2 2.34625E-2 2.18763E-2 1.96015E-2 1.58693E-2 1.35299E-2 1.32676E-2 1.22689E-2 1.27887E-2 1.4185E-2 1.75267E-2 2.13312E-2 2.40707E-2 2.63132E-2 3.08697E-2 3.37039E-2 3.6077E-2 4.04206E-2 4.32695E-2 4.68125E-2 4.78619E-2 3.6926E-2 1.70114E-2 1.85872E-2 1.45758E-2 9.20395E-3 4.60821E-3
-9999 -9999 -9999 -9999 -9999 -9999 -9999 -9999 -9999 1.61994E-3 9.07856E-3 2.78472E-2 3.02152E-2 2.96943E-2 2.94825E-2 2.91877E-2 2.91956E-2 2.91724E-2 2.95928E-2 2.84909E-2 2.70552E-2 2.00436E-2 5.98469E-3 5.86257E-3 4.30268E-3 5.5009E-3 6.8231E-3 4.66431E-3 9.01818E-3 1.73732E-2 2.44721E-2 2.6262E-2 2.64711E-2 2.6405E-2 2.53582E-2 2.57853E-2 2.60479E-2 2.51684E-2 2.42223E-2 2.13347E-2 1.88347E-2 1.66097E-2 1.3442E-2 9.4077E-3 1.02732E-2 9.63702E-3 1.05557E-2 1.24202E-2 1.53738E-2 1.88686E-2 2.07811E-2 2.51356E-2 3.11516E-2 3.53422E-2 3.77254E-2 4.13515E-2 4.47026E-2 4.80528E-2 4.79779E-2 3.82848E-2 2.29088E-2 1.95312E-2 7.20103E-3 6.95009E-3 2.94288E-3
-9999 -9999 -9999 -9999 -9999 -9999 -9999 -9999 1.99199E-3 1.83712E-3 6.84563E-3 1.79102E-2 2.46025E-2 2.95321E-2 2.96319E-2 2.94912E-2 2.96084E-2 2.91181E-2 2.94912E-2 2.92899E-2 2.917E-2 2.64167E-2 7.60673E-3 2.68146E-3 3.25338E-3 3.8745E-3 3.63701E-3 4.52729E-3 6.8682E-3 5.29666E-3 1.21236E-2 2.37466E-2 2.65108E-2 2.67368E-2 2.54842E-2 2.49742E-2 2.39729E-2 2.39729E-2 2.06686E-2 1.91961E-2 1.68046E-2 1.44716E-2 1.06901E-2 7.40018E-3 7.47877E-3 7.47546E-3 8.56633E-3 9.20671E-3 9.38857E-3 1.00677E-2 1.43127E-2 2.41311E-2 3.29528E-2 3.57204E-2 3.91862E-2 4.23845E-2 4.48798E-2 4.69946E-2 4.77259E-2 4.56813E-2 2.80673E-2 1.49935E-2 5.38158E-3 3.60764E-3 1.45459E-3
-9999 -9999 -9999 -9999 -9999 -9999 -9999 4.16757E-4 1.37533E-3 2.88338E-3 5.04422E-3 6.28617E-3 1.17547E-2 2.41161E-2 2.77529E-2 2.87195E-2 2.92885E-2 2.94912E-2 2.96943E-2 3.00727E-2 3.04054E-2 3.06185E-2 1.44758E-2 4.252E-3 4.76379E-3 4.16701E-3 2.02688E-3 4.125E-3 6.83707E-3 7.03727E-3 5.29666E-3 1.04472E-2 2.37466E-2 2.51913E-2 2.29287E-2 2.18945E-2 2.14476E-2 2.14476E-2 1.66283E-2 1.57323E-2 1.58997E-2 1.39749E-2 1.08044E-2 6.43508E-3 6.12781E-3 5.38858E-3 5.92339E-3 6.17151E-3 6.93857E-3 1.19388E-2 1.9712E-2 3.02602E-2 3.31355E-2 3.58671E-2 3.93599E-2 4.17488E-2 4.41538E-2 4.5922E-2 4.70089E-2 3.6328E-2 1.60609E-2 6.70921E-3 5.78759E-3 1.94629E-3 1.80432E-3
-9999 -9999 -9999 -9999 -9999 -9999 1.53765E-4 4.84628E-4 3.60014E-4 1.2401E-3 6.04919E-3 9.77235E-3 9.88674E-3 2.02674E-2 2.39854E-2 2.77529E-2 2.92899E-2 3.00331E-2 2.98988E-2 3.06611E-2 3.07481E-2 3.05081E-2 2.44328E-2 9.78726E-3 7.48094E-3 6.66465E-3 3.38743E-3 3.66385E-3 3.2865E-3 6.69933E-3 1.17547E-2 6.65982E-3 1.62295E-2 2.15013E-2 2.02718E-2 1.88708E-2 1.90566E-2 1.62384E-2 1.13329E-2 8.57417E-3 1.36352E-2 1.66283E-2 1.3927E-2 1.04506E-2 1.16998E-2 9.00987E-3 9.30106E-3 9.78462E-3 1.30646E-2 1.81476E-2 2.49201E-2 2.97111E-2 3.28407E-2 3.58671E-2 3.79856E-2 4.10698E-2 4.31055E-2 4.41779E-2 4.07559E-2 1.97121E-2 1.22212E-2 4.21252E-3 2.55366E-3 1.48083E-3 1.34428E-3
-9999 -9999 -9999 -9999 -9999 -9999 5.52121E-4 3.05562E-4 1.6187E-4 1.69911E-3 2.27408E-3 8.87571E-3 1.4185E-2 1.9861E-2 2.42258E-2 2.70417E-2 2.87711E-2 3.0159E-2 3.06611E-2 3.12162E-2 3.12917E-2 3.25568E-2 2.68712E-2 5.69856E-3 9.09669E-3 8.25028E-3 5.92218E-3 3.57743E-3 2.28232E-3 5.26444E-3 1.67634E-2 1.7008E-2 1.83323E-2 2.00635E-2 2.04795E-2 1.98609E-2 1.94558E-2 1.62055E-2 1.4981E-2 8.60169E-3 1.31595E-2 2.18945E-2 2.02211E-2 1.82839E-2 1.72862E-2 1.51405E-2 1.55463E-2 1.65957E-2 1.75267E-2 2.04479E-2 2.46845E-2 2.89497E-2 3.23697E-2 3.53599E-2 3.77242E-2 3.9691E-2 3.78181E-2 3.56606E-2 2.93631E-2 1.73308E-2 4.01935E-3 3.62697E-3 1.59308E-3 4.67907E-4 1.25874E-3
-9999 -9999 -9999 -9999 -9999 6.41423E-3 6.24173E-3 6.75286E-3 5.6079E-3 9.98346E-3 1.18873E-3 1.60815E-3 9.96853E-3 2.00436E-2 2.62275E-2 2.70417E-2 2.97884E-2 3.13591E-2 3.14027E-2 3.19617E-2 3.18457E-2 3.28584E-2 3.19662E-2 1.29976E-2 8.78769E-3 9.77235E-3 6.27535E-3 2.90553E-3 2.59065E-3 6.2582E-3 1.25845E-2 2.01152E-2 2.58468E-2 2.43147E-2 2.56445E-2 2.57332E-2 2.6001E-2 2.4717E-2 2.39729E-2 2.32224E-2 2.51684E-2 2.56173E-2 2.54842E-2 2.35051E-2 2.22886E-2 2.08994E-2 2.13084E-2 2.06197E-2 2.12397E-2 2.32726E-2 2.59214E-2 2.9168E-2 2.97823E-2 2.60719E-2 2.72716E-2 2.93828E-2 3.72556E-2 3.75989E-2 2.08658E-2 8.26487E-3 3.25457E-3 2.67635E-3 8.15611E-4 2.63218E-4 2.77252E-3
-9999 -9999 -9999 -9999 1.4372E-3 4.34669E-3 6.41423E-3 8.05829E-3 2.42206E-2 2.7926E-2 5.50451E-3 4.03603E-4 1.86058E-3 1.20576E-2 2.17349E-2 2.73796E-2 3.06599E-2 3.2571E-2 3.21217E-2 3.31732E-2 3.31128E-2 3.36437E-2 3.21376E-2 1.76078E-2 8.18558E-3 1.01676E-2 6.71165E-3 2.99315E-3 1.30381E-3 3.10532E-3 6.55849E-3 1.1903E-2 2.2862E-2 2.78046E-2 2.75926E-2 2.87823E-2 2.88855E-2 2.83218E-2 2.76122E-2 2.72734E-2 2.74739E-2 2.75953E-2 2.8394E-2 2.74798E-2 2.67891E-2 2.64167E-2 2.55947E-2 2.42264E-2 2.23853E-2 2.18153E-2 2.21688E-2 1.96088E-2 1.43449E-2 1.63408E-2 2.44568E-2 3.78891E-2 4.06154E-2 3.88235E-2 1.57712E-2 5.01438E-3 3.90365E-3 2.82805E-3 6.79726E-4 1.86005E-3 2.2636E-3
-9999 -9999 -9999 -9999 1.04338E-3 3.29491E-3 6.64946E-3 9.01769E-3 2.52675E-2 3.59992E-2 2.58769E-2 7.5493E-3 5.4747E-4 4.95296E-3 1.46769E-2 2.47131E-2 3.09298E-2 3.3477E-2 3.34839E-2 3.41021E-2 3.40458E-2 3.39849E-2 3.26922E-2 2.48802E-2 9.51026E-3 1.24227E-2 9.72959E-3 6.77839E-3 2.8311E-3 5.76909E-4 4.18663E-3 1.05025E-2 2.07172E-2 3.03793E-2 3.01979E-2 3.02162E-2 3.07481E-2 2.982E-2 2.93198E-2 2.87477E-2 2.86032E-2 2.91181E-2 2.97416E-2 2.98671E-2 2.94562E-2 2.9622E-2 2.73796E-2 1.99172E-2 1.43501E-2 1.43914E-2 1.90518E-2 2.16888E-2 2.35895E-2 3.37293E-2 3.99488E-2 4.06264E-2 4.23425E-2 3.4417E-2 1.2305E-2 5.93916E-3 6.15608E-3 1.47812E-3 6.99932E-4 6.03768E-3 6.12304E-3
-9999 -9999 -9999 1.16982E-2 8.44881E-3 6.03768E-3 1.28343E-2 2.40227E-2 3.19901E-2 3.81495E-2 3.54454E-2 2.8978E-2 1.31527E-2 4.49413E-3 9.28882E-3 2.06808E-2 2.99759E-2 3.33199E-2 3.32655E-2 3.33199E-2 3.41903E-2 3.35951E-2 2.97111E-2 3.04689E-2 1.82528E-2 1.48768E-2 1.40724E-2 1.17081E-2 8.34867E-3 8.26683E-3 1.02838E-2 1.41456E-2 8.02488E-3 2.09205E-2 3.12228E-2 3.22466E-2 3.24269E-2 3.10778E-2 3.04849E-2 3.00616E-2 3.00521E-2 3.03537E-2 3.05715E-2 3.06611E-2 3.12966E-2 3.12917E-2 2.88967E-2 2.37728E-2 2.66046E-2 2.89964E-2 3.14492E-2 3.36368E-2 3.69672E-2 3.81624E-2 3.94977E-2 4.15411E-2 4.24325E-2 2.79084E-2 8.56828E-3 8.61265E-3 7.13803E-3 2.79688E-3 1.16863E-2 1.36113E-2 1.31713E-2
-9999 -9999 -9999 1.66735E-2 6.46288E-3 1.69187E-2 3.01313E-2 3.90488E-2 4.00611E-2 4.06214E-2 3.84941E-2 3.5826E-2 3.10949E-2 2.49885E-2 2.27283E-2 2.07553E-2 2.60709E-2 2.79385E-2 2.68565E-2 2.79037E-2 3.34218E-2 3.05802E-2 2.25179E-2 2.67317E-2 2.78585E-2 1.5884E-2 1.3551E-2 1.50202E-2 1.40724E-2 1.30393E-2 1.45928E-2 1.73992E-2 6.16868E-3 1.03861E-2 2.01744E-2 2.83312E-2 3.24135E-2 3.28973E-2 3.15264E-2 3.11836E-2 3.08879E-2 3.12282E-2 3.15182E-2 3.18586E-2 3.24269E-2 3.2816E-2 3.34977E-2 3.34221E-2 3.38313E-2 3.4297E-2 3.49259E-2 3.71758E-2 3.75032E-2 3.91618E-2 3.99488E-2 4.10741E-2 3.57241E-2 2.25703E-2 1.11089E-2 1.15084E-2 7.08171E-3 9.04835E-3 1.334E-2 9.83405E-3 1.86839E-2
-9999 -9999 -9999 1.64552E-2 1.52746E-2 3.49036E-2 4.45105E-2 3.79094E-2 3.45484E-2 4.104E-2 4.1609E-2 4.03695E-2 3.89228E-2 3.81495E-2 3.73496E-2 3.44349E-2 2.17437E-2 2.31529E-2 2.44768E-2 1.75895E-2 2.89356E-2 2.86245E-2 1.23202E-2 9.85948E-3 2.67878E-2 1.18658E-2 1.35452E-2 1.64741E-2 1.84756E-2 1.73735E-2 1.70475E-2 1.79597E-2 1.05484E-2 4.00475E-3 1.36535E-2 1.73368E-2 2.80999E-2 3.44259E-2 3.32947E-2 3.23825E-2 3.20803E-2 3.18263E-2 3.27316E-2 3.3517E-2 3.3978E-2 3.40618E-2 3.41237E-2 3.4417E-2 3.5218E-2 3.54072E-2 3.63716E-2 3.75032E-2 3.88273E-2 3.86876E-2 3.90629E-2 3.75041E-2 2.16131E-2 1.75276E-2 9.47839E-3 1.21259E-2 1.14415E-2 1.50994E-2 1.94581E-2 2.65716E-2 2.67647E-2
-9999 -9999 2.39282E-2 3.73729E-2 4.11306E-2 4.84369E-2 4.85361E-2 4.55664E-2 4.41538E-2 4.45493E-2 4.28219E-2 4.18609E-2 4.15145E-2 4.07382E-2 4.02664E-2 4.02281E-2 3.91532E-2 3.70212E-2 3.74011E-2 3.73413E-2 3.28348E-2 3.01112E-2 2.29691E-2 2.20635E-2 3.59533E-2 2.04153E-2 1.60574E-2 2.02289E-2 1.93575E-2 1.93575E-2 1.56144E-2 1.5901E-2 1.66304E-2 1.16728E-2 1.14508E-2 8.68205E-3 1.74535E-2 2.9168E-2 3.57044E-2 3.49172E-2 3.49331E-2 3.39884E-2 3.49331E-2 3.50946E-2 3.51267E-2 3.5062E-2 3.47562E-2 3.5693E-2 3.6931E-2 3.65058E-2 3.76785E-2 3.84941E-2 3.89424E-2 3.8733E-2 3.51592E-2 2.23392E-2 1.34486E-2 1.73308E-2 1.19224E-2 1.21259E-2 1.26311E-2 1.60148E-2 2.15137E-2 1.25141E-2 3.5981E-2
-9999 -9999 4.91113E-2 4.66251E-2 5.01911E-2 5.33677E-2 5.14785E-2 4.90518E-2 4.2045E-2 4.45105E-2 4.55356E-2 4.36458E-2 4.25539E-2 4.10963E-2 4.02992E-2 3.9807E-2 3.96287E-2 4.00802E-2 4.1214E-2 4.20504E-2 3.92902E-2 4.03958E-2 4.0692E-2 4.32783E-2 4.45493E-2 3.75041E-2 3.15366E-2 2.91276E-2 2.7153E-2 2.11716E-2 1.32288E-2 1.97179E-2 1.83768E-2 1.93575E-2 1.83439E-2 7.13193E-3 1.56035E-2 2.28376E-2 3.42047E-2 3.70196E-2 3.66304E-2 3.65842E-2 3.63848E-2 3.59335E-2 3.55697E-2 3.63039E-2 3.63652E-2 3.69939E-2 3.72593E-2 3.74876E-2 3.86741E-2 3.77434E-2 3.57204E-2 3.16112E-2 2.0479E-2 1.13713E-2 1.26057E-2 1.58532E-2 1.54352E-2 2.12743E-2 2.47036E-2 2.04202E-2 2.79132E-2 3.81287E-2 3.85487E-2
-9999 -9999 5.94433E-2 5.76346E-2 5.52294E-2 5.57587E-2 5.30769E-2 5.17466E-2 5.04838E-2 4.69111E-2 4.6855E-2 4.53564E-2 4.3854E-2 4.3371E-2 4.18268E-2 4.09451E-2 4.03701E-2 4.00388E-2 4.00388E-2 4.1618E-2 4.31585E-2 4.35976E-2 4.54214E-2 4.64953E-2 4.61243E-2 4.69899E-2 4.4858E-2 4.05064E-2 3.57629E-2 2.77426E-2 1.74425E-2 1.5311E-2 2.58049E-2 2.57168E-2 2.06027E-2 2.02289E-2 1.54717E-2 2.35826E-2 3.16962E-2 3.67822E-2 3.72928E-2 3.75032E-2 3.68316E-2 3.75891E-2 3.73229E-2 3.75891E-2 3.74876E-2 3.70221E-2 3.67248E-2 3.26605E-2 2.97642E-2 2.97241E-2 2.04153E-2 1.37279E-2 1.27352E-2 1.07103E-2 1.41319E-2 1.97474E-2 2.10057E-2 1.88212E-2 2.75622E-2 1.72739E-2 2.32191E-2 3.72885E-2 2.82811E-2
-9999 5.17333E-2 4.72693E-2 4.43E-2 4.68913E-2 5.64178E-2 5.31276E-2 5.46313E-2 5.13392E-2 5.07534E-2 4.9758E-2 4.67789E-2 4.56088E-2 4.44127E-2 4.38831E-2 4.28507E-2 4.17054E-2 4.17054E-2 4.17501E-2 4.10913E-2 4.17527E-2 4.24175E-2 4.30856E-2 4.51293E-2 4.54509E-2 4.8098E-2 4.79531E-2 4.95197E-2 4.74144E-2 2.767E-2 2.08648E-2 1.51201E-2 2.63362E-2 3.08001E-2 2.87537E-2 2.26671E-2 2.73944E-2 2.11308E-2 2.07479E-2 3.05249E-2 3.25481E-2 3.22627E-2 3.30366E-2 3.49393E-2 3.67591E-2 3.5442E-2 3.35907E-2 3.21676E-2 2.97839E-2 2.66466E-2 1.83768E-2 1.36348E-2 1.40193E-2 1.60277E-2 1.21571E-2 1.4898E-2 1.27527E-2 2.04714E-2 1.87912E-2 2.20997E-2 2.6261E-2 2.18112E-2 1.50256E-2 3.71091E-2 4.44386E-2
-9999 4.74953E-2 4.55708E-2 4.396E-2 4.28261E-2 5.0498E-2 5.29863E-2 5.37839E-2 5.47421E-2 5.24216E-2 5.02571E-2 5.07888E-2 4.90028E-2 4.70271E-2 4.58134E-2 4.45757E-2 4.36598E-2 4.3056E-2 4.24196E-2 4.30924E-2 4.30856E-2 4.30365E-2 4.3702E-2 4.47051E-2 4.55976E-2 4.55976E-2 4.81757E-2 4.81757E-2 5.08565E-2 4.42217E-2 2.68966E-2 2.64421E-2 1.9258E-2 2.72628E-2 3.15863E-2 3.3471E-2 2.97668E-2 3.32797E-2 2.6728E-2 2.21077E-2 1.84165E-2 1.77645E-2 2.46784E-2 3.49342E-2 3.02566E-2 2.71324E-2 2.77173E-2 2.45842E-2 1.95372E-2 1.60586E-2 1.74412E-2 1.87544E-2 1.74425E-2 1.5258E-2 1.90885E-2 1.78758E-2 1.31824E-2 2.08266E-2 2.80743E-2 3.34002E-2 2.47688E-2 2.34691E-2 1.99513E-2 3.18019E-2 4.80926E-2
-9999 5.03123E-2 4.62167E-2 4.48086E-2 4.42431E-2 4.43E-2 5.46995E-2 5.37794E-2 5.67561E-2 3.58381E-2 4.01485E-2 4.76278E-2 4.98428E-2 5.03626E-2 5.00302E-2 4.83011E-2 4.70271E-2 4.59703E-2 4.46923E-2 4.47629E-2 4.54509E-2 4.61414E-2 4.74769E-2 4.81788E-2 4.8226E-2 4.81757E-2 4.87593E-2 4.96241E-2 5.14071E-2 3.49036E-2 2.84911E-2 2.50025E-2 2.96095E-2 3.09889E-2 3.21168E-2 3.4062E-2 3.58657E-2 3.66185E-2 3.66641E-2 3.76015E-2 3.69669E-2 3.72895E-2 3.88794E-2 3.84019E-2 3.64715E-2 3.16986E-2 2.58463E-2 2.25559E-2 2.22106E-2 2.20635E-2 1.99308E-2 1.69636E-2 1.89271E-2 2.51495E-2 2.62165E-2 2.06715E-2 2.84911E-2 1.5705E-2 3.90089E-2 2.8084E-2 2.6261E-2 3.16772E-2 3.11581E-2 3.74807E-2 4.50785E-2
-9999 5.14584E-2 -9999 -9999 4.37767E-2 4.396E-2 4.71015E-2 5.63108E-2 5.76346E-2 2.73107E-2 2.26266E-2 3.24129E-2 3.24291E-2 4.4695E-2 4.73536E-2 4.97482E-2 5.00462E-2 4.99092E-2 4.96624E-2 5.04236E-2 5.11059E-2 5.00302E-2 5.15924E-2 5.15924E-2 5.27106E-2 5.29001E-2 5.05766E-2 4.64643E-2 3.85443E-2 2.73986E-2 2.83068E-2 2.65104E-2 2.5004E-2 2.65104E-2 2.94512E-2 3.18292E-2 3.08582E-2 3.18292E-2 3.31914E-2 3.09889E-2 3.11625E-2 3.56606E-2 3.72942E-2 3.84499E-2 3.88794E-2 3.68799E-2 3.34149E-2 2.86211E-2 2.28215E-2 2.1203E-2 1.96106E-2 2.25376E-2 2.37285E-2 2.3546E-2 2.67016E-2 3.32794E-2 2.02247E-2 3.93109E-2 3.34002E-2 3.63011E-2 2.64412E-2 3.66492E-2 3.94558E-2 4.09012E-2 4.68791E-2
-9999 5.25713E-2 -9999 -9999 -9999 4.69174E-2 5.46975E-2 5.73663E-2 5.50633E-2 2.20587E-2 3.20429E-2 3.23833E-2 2.78926E-2 3.3715E-2 3.39762E-2 3.99177E-2 4.72798E-2 5.01156E-2 4.90516E-2 4.33574E-2 4.69326E-2 4.98954E-2 4.94109E-2 4.80588E-2 4.75114E-2 3.93109E-2 2.97152E-2 2.69542E-2 2.87749E-2 3.64343E-2 4.15568E-2 3.99177E-2 3.91438E-2 3.86602E-2 4.17583E-2 4.80505E-2 4.11306E-2 3.23918E-2 3.33487E-2 3.76586E-2 3.85443E-2 3.66291E-2 3.74453E-2 3.82197E-2 4.00502E-2 3.81927E-2 3.51683E-2 3.13317E-2 2.63362E-2 2.23621E-2 2.06872E-2 2.19934E-2 2.62527E-2 2.84911E-2 2.54281E-2 3.99851E-2 4.22827E-2 5.07224E-2 2.877E-2 4.31862E-2 3.39745E-2 5.3666E-2 3.60826E-2 4.5981E-2 5.54755E-2
-9999 -9999 -9999 -9999 -9999 4.80714E-2 5.50238E-2 6.0024E-2 5.98965E-2 2.93424E-2 4.31869E-2 4.14218E-2 4.65284E-2 4.6689E-2 4.44422E-2 4.52937E-2 4.53469E-2 4.57032E-2 3.91438E-2 3.88448E-2 4.72798E-2 4.32504E-2 3.4425E-2 3.39321E-2 2.69344E-2 2.60475E-2 3.77783E-2 4.6712E-2 3.94437E-2 3.46966E-2 4.53469E-2 3.86602E-2 3.78741E-2 4.52082E-2 4.91221E-2 5.19841E-2 5.79338E-2 5.67561E-2 5.55622E-2 5.16731E-2 4.70128E-2 4.36869E-2 4.27019E-2 4.17241E-2 4.07434E-2 3.94796E-2 3.59551E-2 3.01313E-2 2.68533E-2 2.79698E-2 2.79698E-2 2.77825E-2 3.17657E-2 3.86574E-2 4.76215E-2 5.05804E-2 5.24561E-2 5.68879E-2 5.6082E-2 5.56E-2 6.17463E-2 6.55657E-2 5.60678E-2 5.16045E-2 6.32069E-2
-9999 5.36849E-2 5.05828E-2 -9999 -9999 4.59358E-2 4.7986E-2 5.98215E-2 5.71557E-2 4.50442E-2 5.39119E-2 5.34267E-2 4.22674E-2 5.01435E-2 5.36891E-2 5.23334E-2 5.30362E-2 5.26615E-2 5.19624E-2 5.20127E-2 5.23855E-2 5.04928E-2 4.87669E-2 5.00034E-2 4.63705E-2 4.53469E-2 4.57032E-2 5.158E-2 4.77039E-2 4.83978E-2 5.59055E-2 5.42995E-2 5.65171E-2 5.89222E-2 5.86905E-2 6.04293E-2 6.12069E-2 5.6082E-2 5.39823E-2 5.72645E-2 5.6135E-2 5.53827E-2 5.37431E-2 5.08525E-2 4.91629E-2 4.66251E-2 4.505E-2 4.20078E-2 4.1351E-2 3.64533E-2 2.91707E-2 2.71722E-2 4.23746E-2 5.02094E-2 5.27588E-2 5.48711E-2 5.78656E-2 5.89003E-2 6.2374E-2 6.02311E-2 6.31079E-2 6.62014E-2 6.18596E-2 5.20109E-2 7.179E-2
6.19511E-2 5.91099E-2 5.18671E-2 -9999 -9999 4.59358E-2 4.7986E-2 5.67414E-2 5.85385E-2 6.01519E-2 5.83154E-2 5.71335E-2 5.39823E-2 5.56245E-2 5.4909E-2 5.37869E-2 5.22485E-2 5.19234E-2 5.0616E-2 5.11914E-2 5.15572E-2 5.11914E-2 5.30362E-2 5.30362E-2 5.34114E-2 5.25696E-2 5.36494E-2 5.44751E-2 5.53827E-2 5.67941E-2 5.73752E-2 5.74345E-2 5.75039E-2 6.07233E-2 6.01721E-2 6.12189E-2 5.97385E-2 6.19044E-2 6.1131E-2 6.07567E-2 5.89926E-2 5.74994E-2 5.59722E-2 5.37954E-2 5.26552E-2 4.97482E-2 4.80751E-2 4.57477E-2 4.0737E-2 3.66291E-2 4.30008E-2 4.80856E-2 4.88073E-2 4.92868E-2 5.56245E-2 5.66225E-2 5.86222E-2 5.91183E-2 6.42925E-2 6.73994E-2 5.56697E-2 6.29964E-2 7.33497E-2 5.94687E-2 7.17889E-2
7.46109E-2 6.69246E-2 -9999 -9999 -9999 -9999 4.81657E-2 5.33863E-2 5.82262E-2 5.5213E-2 5.44987E-2 5.71335E-2 5.53442E-2 5.59376E-2 5.48532E-2 5.43665E-2 5.26568E-2 4.9501E-2 4.9501E-2 5.07455E-2 4.9501E-2 5.00795E-2 5.0616E-2 5.11091E-2 5.19591E-2 5.30539E-2 5.34338E-2 5.44003E-2 5.56041E-2 5.64579E-2 5.68334E-2 5.69505E-2 5.31765E-2 5.46419E-2 5.79288E-2 5.85759E-2 5.59985E-2 5.13284E-2 4.75685E-2 4.56293E-2 4.77102E-2 4.98347E-2 5.44987E-2 5.48616E-2 5.35066E-2 4.77059E-2 4.84118E-2 4.84118E-2 4.80856E-2 4.94769E-2 4.91629E-2 4.8335E-2 4.9493E-2 5.37431E-2 5.55991E-2 5.71301E-2 5.87793E-2 6.37378E-2 6.55026E-2 6.90855E-2 6.2962E-2 5.65394E-2 6.86115E-2 7.49531E-2 7.69371E-2
5.71848E-2 7.19889E-2 -9999 -9999 -9999 -9999 4.7406E-2 4.91989E-2 5.24983E-2 5.5213E-2 5.38362E-2 4.86115E-2 5.13774E-2 4.87593E-2 4.92638E-2 4.99409E-2 4.78331E-2 4.74909E-2 4.8226E-2 4.53767E-2 4.60502E-2 5.0255E-2 5.00795E-2 4.98943E-2 5.11091E-2 5.229E-2 5.0648E-2 5.02943E-2 4.80804E-2 4.794E-2 4.9439E-2 4.81871E-2 5.0743E-2 5.38536E-2 5.58743E-2 5.59985E-2 5.53495E-2 5.1418E-2 4.3849E-2 4.02768E-2 4.41365E-2 4.56293E-2 5.37794E-2 5.60397E-2 5.40247E-2 5.02595E-2 4.90516E-2 4.05064E-2 4.4027E-2 4.9493E-2 4.9532E-2 5.23855E-2 5.48711E-2 5.55991E-2 5.58551E-2 5.94599E-2 5.77044E-2 6.08453E-2 6.7712E-2 6.98995E-2 5.93303E-2 5.67915E-2 6.03525E-2 7.31342E-2 7.76975E-2
-9999 6.03161E-2 -9999 -9999 -9999 -9999 4.6492E-2 4.72008E-2 4.76062E-2 4.85148E-2 5.27817E-2 4.794E-2 4.65498E-2 4.53308E-2 4.52433E-2 4.52433E-2 4.65996E-2 4.42668E-2 4.30825E-2 4.57132E-2 4.81788E-2 4.84364E-2 5.00195E-2 5.07455E-2 4.97212E-2 5.00795E-2 5.11091E-2 4.99409E-2 4.61007E-2 4.43651E-2 4.62228E-2 4.5976E-2 4.8752E-2 5.26429E-2 4.95306E-2 4.6492E-2 4.44452E-2 4.41489E-2 4.24105E-2 4.28404E-2 4.44452E-2 4.53424E-2 4.66219E-2 4.80804E-2 4.9235E-2 5.12056E-2 5.17795E-2 5.02571E-2 5.22872E-2 5.26615E-2 5.23855E-2 5.45391E-2 5.5118E-2 5.59648E-2 5.41904E-2 5.41262E-2 6.12069E-2 6.3764E-2 6.42643E-2 6.62014E-2 5.88014E-2 5.60301E-2 5.96656E-2 6.62526E-2 7.7567E-2
-9999 4.78673E-2 -9999 -9999 -9999 -9999 -9999 -9999 -9999 4.78594E-2 -9999 4.56533E-2 4.50567E-2 4.37861E-2 4.2871E-2 4.37861E-2 4.40438E-2 4.30825E-2 4.30825E-2 4.41243E-2 4.75292E-2 4.87908E-2 4.57856E-2 4.68441E-2 4.68343E-2 4.78774E-2 4.97212E-2 4.88826E-2 4.7149E-2 4.63877E-2 4.49174E-2 4.52433E-2 4.76046E-2 4.70935E-2 4.63308E-2 4.60121E-2 5.02917E-2 5.12678E-2 4.66496E-2 4.53424E-2 4.60121E-2 4.74249E-2 4.64314E-2 4.55976E-2 4.81788E-2 4.93684E-2 5.06481E-2 5.12056E-2 4.98943E-2 5.13392E-2 5.34114E-2 5.45326E-2 5.55991E-2 5.60212E-2 5.90661E-2 6.12512E-2 5.91183E-2 6.15661E-2 6.22134E-2 6.04909E-2 5.42792E-2 5.56697E-2 5.53943E-2 6.18762E-2 7.05867E-2
