KUENM/Final_Models/M_0.1_F_lq_Set_2_EC/sp1_7_se_asia.asc
ncols         320
nrows         243
xllcorner     44.0
yllcorner     -0.666666666666667
cellsize      0.166666666666667
NODATA_value  -9999
[rows 62 to 92 of 243, columns 140 to 209 of 320]
5.70417E-2 6.11009E-2 5.71617E-2 6.09674E-2 6.96216E-2 9.3789E-2 1.24559E-1 1.3255E-1 1.06222E-1 1.1686E-1 1.26684E-1 1.20504E-1 1.51826E-1 1.63783E-1 1.70237E-1 1.91274E-1 2.00659E-1 2.01615E-1 2.14016E-1 1.83054E-1 1.2774E-1 8.8321E-2 7.46896E-2 7.17795E-2 7.12109E-2 7.31273E-2 7.02671E-2 7.17795E-2 7.46896E-2 8.02948E-2 9.23429E-2 1.02489E-1 1.18105E-1 1.28591E-1 1.35905E-1 1.34017E-1 1.27154E-1 1.17457E-1 1.15042E-1 1.33308E-1 1.57833E-1 1.82806E-1 2.16993E-1 2.54761E-1 2.9844E-1 3.33432E-1 3.76822E-1 4.25804E-1 4.63781E-1 4.87788E-1 5.02826E-1 5.19827E-1 5.72614E-1 5.98855E-1 5.81809E-1 5.83802E-1 6.16707E-1 6.06517E-1 4.62654E-1 3.38803E-1 3.46328E-1 2.20327E-1 1.17469E-1 8.41021E-2 8.82721E-2 3.55988E-2 1.19658E-2 1.68408E-3 1.58532E-4 2.41111E-6
6.45069E-2 5.12391E-2 4.82713E-2 5.14684E-2 5.55711E-2 6.91157E-2 1.12807E-1 1.18134E-1 1.09594E-1 1.23646E-1 1.1755E-1 1.26165E-1 1.38959E-1 1.54302E-1 1.69213E-1 1.86875E-1 1.75472E-1 1.86581E-1 2.17795E-1 1.88971E-1 1.19344E-1 8.28795E-2 6.98875E-2 6.89557E-2 6.80335E-2 7.08287E-2 7.08287E-2 7.13314E-2 7.52174E-2 8.18391E-2 9.64204E-2 1.0937E-1 1.24261E-1 1.37365E-1 1.4429E-1 1.40414E-1 1.30619E-1 1.1047E-1 1.08255E-1 1.3027E-1 1.51477E-1 1.81191E-1 2.07957E-1 2.45568E-1 2.83131E-1 3.08484E-1 3.44615E-1 3.93718E-1 4.50634E-1 5.10986E-1 5.50394E-1 5.35586E-1 5.66636E-1 6.12686E-1 6.18467E-1 6.18403E-1 6.24928E-1 6.12179E-1 5.49013E-1 4.75288E-1 4.07866E-1 2.57497E-1 1.08067E-1 7.00498E-2 8.46088E-2 6.17548E-2 3.28525E-2 1.4547E-2 3.93221E-3 5.35356E-4
6.13444E-2 4.51501E-2 4.3557E-2 4.44886E-2 4.60695E-2 5.76244E-2 8.99436E-2 1.19235E-1 1.37081E-1 1.45999E-1 1.31531E-1 1.33135E-1 1.42333E-1 1.51741E-1 1.51941E-1 1.41855E-1 1.3819E-1 1.44996E-1 1.53731E-1 1.32949E-1 1.01183E-1 7.87058E-2 6.71207E-2 6.44384E-2 6.53232E-2 6.62173E-2 6.85178E-2 7.13314E-2 7.66836E-2 8.54976E-2 9.69191E-2 1.11141E-1 1.27631E-1 1.39442E-1 1.44996E-1 1.44996E-1 1.33719E-1 1.24901E-1 1.28214E-1 1.41855E-1 1.64257E-1 1.88146E-1 2.19176E-1 2.45915E-1 2.736E-1 3.01236E-1 3.23456E-1 3.70395E-1 4.34731E-1 4.98232E-1 5.3937E-1 5.18079E-1 5.46796E-1 6.06374E-1 6.2558E-1 6.28659E-1 6.28062E-1 6.15337E-1 5.87665E-1 5.24454E-1 4.27854E-1 2.82421E-1 1.46784E-1 8.79841E-2 9.9203E-2 8.46088E-2 6.22594E-2 4.16207E-2 2.64881E-2 8.51365E-3
5.63598E-2 4.22811E-2 4.04247E-2 3.9821E-2 4.19211E-2 5.74184E-2 8.0109E-2 1.25373E-1 1.3475E-1 1.39392E-1 1.36089E-1 1.41516E-1 1.35389E-1 1.31116E-1 1.17882E-1 1.05526E-1 1.04265E-1 1.03015E-1 9.88169E-2 8.78206E-2 7.66781E-2 6.71207E-2 6.35629E-2 6.01524E-2 6.14289E-2 6.40176E-2 6.80201E-2 7.17739E-2 7.81051E-2 8.478E-2 9.49612E-2 1.07617E-1 1.23782E-1 1.33896E-1 1.42495E-1 1.46552E-1 1.48967E-1 1.51276E-1 1.56686E-1 1.68692E-1 1.8446E-1 2.07874E-1 2.26754E-1 2.57898E-1 2.81623E-1 3.03846E-1 3.30225E-1 3.73507E-1 4.15912E-1 4.59203E-1 4.98232E-1 5.2024E-1 5.5974E-1 6.01386E-1 6.26633E-1 6.36174E-1 6.32892E-1 6.32176E-1 6.20746E-1 5.51097E-1 4.22326E-1 2.91959E-1 1.96712E-1 1.51325E-1 1.52857E-1 1.44299E-1 1.14346E-1 9.73483E-2 8.90639E-2 3.89419E-2
4.47317E-2 4.22811E-2 4.3557E-2 4.10359E-2 4.29152E-2 5.76596E-2 9.61467E-2 1.34561E-1 1.52872E-1 1.43469E-1 1.32074E-1 1.17092E-1 1.13884E-1 1.03488E-1 8.72444E-2 7.56834E-2 7.37054E-2 7.15132E-2 6.8383E-2 5.97488E-2 5.60919E-2 5.30014E-2 5.60919E-2 5.64963E-2 5.81047E-2 6.18141E-2 6.53044E-2 7.025E-2 7.74283E-2 8.478E-2 9.64752E-2 1.07617E-1 1.1716E-1 1.31281E-1 1.42961E-1 1.50299E-1 1.60216E-1 1.72673E-1 1.90141E-1 1.94344E-1 2.11307E-1 2.30277E-1 2.49996E-1 2.77887E-1 3.03846E-1 3.2414E-1 3.46409E-1 3.91108E-1 4.30737E-1 4.48947E-1 4.79326E-1 5.1883E-1 5.68603E-1 6.07692E-1 6.11123E-1 5.97004E-1 6.20978E-1 6.24613E-1 6.36357E-1 5.38509E-1 4.09854E-1 3.07364E-1 2.64691E-1 2.4363E-1 2.34703E-1 2.53549E-1 2.42452E-1 2.42452E-1 1.81806E-1 9.29219E-2
4.6497E-2 4.62028E-2 4.55295E-2 4.75737E-2 5.57083E-2 8.45395E-2 1.50552E-1 1.88473E-1 1.74649E-1 1.43663E-1 1.14654E-1 9.76717E-2 8.72739E-2 7.56834E-2 6.91145E-2 6.10998E-2 5.44531E-2 5.19795E-2 4.9554E-2 4.64948E-2 4.45365E-2 4.79202E-2 5.18809E-2 5.29618E-2 5.68525E-2 6.12923E-2 6.56538E-2 7.15132E-2 7.84486E-2 8.72739E-2 9.55356E-2 1.07892E-1 1.18526E-1 1.31281E-1 1.46062E-1 1.6163E-1 1.74448E-1 2.00241E-1 2.20838E-1 2.27351E-1 2.3568E-1 2.53767E-1 2.77971E-1 3.12379E-1 3.4035E-1 3.64479E-1 3.85275E-1 4.27065E-1 4.50695E-1 4.61036E-1 4.71123E-1 5.1883E-1 5.77921E-1 6.16875E-1 6.02624E-1 5.80167E-1 6.09775E-1 6.19103E-1 6.36367E-1 6.13602E-1 5.17867E-1 4.06145E-1 3.50458E-1 3.19224E-1 2.90001E-1 3.05694E-1 3.37066E-1 3.61927E-1 2.57362E-1 1.21135E-1
5.14242E-2 4.75737E-2 5.18837E-2 5.97519E-2 7.92638E-2 1.38908E-1 2.6489E-1 2.92735E-1 1.95679E-1 1.26623E-1 9.43587E-2 7.70259E-2 6.65359E-2 5.9581E-2 5.54814E-2 4.93738E-2 4.18657E-2 4.24964E-2 4.10923E-2 4.21491E-2 4.25494E-2 4.5148E-2 4.92857E-2 5.22096E-2 5.71595E-2 6.12923E-2 6.68504E-2 7.15132E-2 7.77008E-2 8.63951E-2 9.67245E-2 1.09185E-1 1.19902E-1 1.34228E-1 1.50786E-1 1.67156E-1 1.75134E-1 2.03772E-1 2.33422E-1 2.50119E-1 2.59388E-1 2.85982E-1 3.16678E-1 3.6048E-1 4.06469E-1 4.28904E-1 4.34731E-1 4.61036E-1 4.85752E-1 4.83775E-1 4.64238E-1 5.15266E-1 5.80279E-1 6.01019E-1 5.90693E-1 5.86035E-1 5.80167E-1 6.33721E-1 6.36417E-1 6.35055E-1 6.09309E-1 5.22674E-1 4.31803E-1 3.83491E-1 3.17248E-1 2.8173E-1 3.07364E-1 3.23174E-1 2.13152E-1 9.29859E-2
5.36839E-2 5.04137E-2 5.57083E-2 6.66931E-2 9.00661E-2 1.57702E-1 2.98916E-1 2.96854E-1 1.62643E-1 1.0098E-1 7.37072E-2 6.20645E-2 5.71246E-2 5.2451E-2 4.94634E-2 4.5303E-2 4.19804E-2 4.00193E-2 4.06272E-2 4.10923E-2 4.27826E-2 4.53948E-2 4.88403E-2 5.10066E-2 5.74165E-2 6.07185E-2 6.70884E-2 7.37054E-2 8.20699E-2 8.86187E-2 9.91334E-2 1.10488E-1 1.24092E-1 1.37441E-1 1.57854E-1 1.74372E-1 1.81331E-1 2.02538E-1 2.33422E-1 2.58117E-1 2.81614E-1 3.22847E-1 3.67128E-1 4.22667E-1 4.761E-1 5.05772E-1 4.93611E-1 5.17412E-1 5.28994E-1 5.27846E-1 5.26315E-1 5.5622E-1 5.84917E-1 5.55104E-1 5.65343E-1 6.16239E-1 6.17503E-1 6.32803E-1 6.39712E-1 6.45185E-1 6.33563E-1 6.00474E-1 5.09202E-1 4.26385E-1 3.42036E-1 2.64395E-1 2.70295E-1 2.74242E-1 1.82127E-1 8.99804E-2
6.57896E-2 5.14684E-2 5.76596E-2 6.44209E-2 8.29038E-2 1.1274E-1 1.47404E-1 1.27106E-1 8.37022E-2 6.50539E-2 5.36839E-2 5.00958E-2 4.66998E-2 4.66998E-2 4.60179E-2 4.5303E-2 4.13558E-2 4.01292E-2 4.06272E-2 4.12426E-2 4.2978E-2 4.56015E-2 4.83534E-2 5.19795E-2 5.68172E-2 6.17871E-2 6.81862E-2 7.58835E-2 8.63951E-2 9.55356E-2 1.02825E-1 1.13126E-1 1.24092E-1 1.41772E-1 1.62795E-1 1.9931E-1 2.16142E-1 2.32322E-1 2.52112E-1 2.77038E-1 3.10529E-1 3.61107E-1 4.13257E-1 4.72779E-1 5.17412E-1 5.49116E-1 5.5275E-1 5.58082E-1 5.7071E-1 5.67743E-1 5.82635E-1 5.99201E-1 6.10965E-1 5.91902E-1 6.00641E-1 6.19661E-1 6.32128E-1 6.32579E-1 6.46082E-1 6.43642E-1 6.45185E-1 6.21841E-1 5.2818E-1 4.64967E-1 3.84689E-1 3.12088E-1 3.06088E-1 3.11138E-1 2.71137E-1 1.86562E-1
6.53715E-2 5.29642E-2 5.52726E-2 5.96144E-2 6.47655E-2 7.12006E-2 7.31254E-2 5.87879E-2 4.62788E-2 4.24975E-2 4.18667E-2 4.13565E-2 4.26911E-2 4.33717E-2 4.40212E-2 4.39811E-2 4.14314E-2 4.13558E-2 4.07387E-2 4.24964E-2 4.56015E-2 4.83534E-2 5.21675E-2 5.53816E-2 5.94209E-2 6.54584E-2 7.19571E-2 8.20699E-2 9.08832E-2 9.91334E-2 1.13126E-1 1.21288E-1 1.30955E-1 1.39899E-1 1.49202E-1 1.82665E-1 2.29105E-1 2.59212E-1 2.85201E-1 3.10529E-1 3.47316E-1 3.94837E-1 4.4286E-1 4.98489E-1 5.39091E-1 5.70371E-1 5.77514E-1 5.76359E-1 5.81809E-1 5.85319E-1 5.89243E-1 6.0998E-1 6.2558E-1 6.30709E-1 6.35871E-1 6.36419E-1 6.37609E-1 6.33534E-1 6.45102E-1 6.46878E-1 6.34991E-1 6.0968E-1 5.59934E-1 5.22606E-1 4.42179E-1 3.82748E-1 3.89789E-1 4.14635E-1 3.78073E-1 2.97849E-1
6.94315E-2 5.27319E-2 5.32511E-2 5.34911E-2 5.34911E-2 5.19812E-2 4.90635E-2 4.23431E-2 3.75257E-2 3.48797E-2 3.43441E-2 3.71942E-2 3.84165E-2 4.02397E-2 4.14695E-2 4.08507E-2 4.08133E-2 4.01292E-2 4.3253E-2 4.57675E-2 4.78263E-2 5.29207E-2 5.61716E-2 5.87004E-2 6.38008E-2 6.83074E-2 7.68897E-2 8.75018E-2 9.91334E-2 1.12839E-1 1.2662E-1 1.35382E-1 1.4345E-1 1.48117E-1 1.47398E-1 1.65967E-1 2.33422E-1 2.89297E-1 3.16484E-1 3.41302E-1 3.73574E-1 4.17925E-1 4.6684E-1 5.0611E-1 5.41648E-1 5.70371E-1 5.71656E-1 5.65808E-1 5.75097E-1 5.81774E-1 5.94117E-1 5.9882E-1 6.21101E-1 6.32506E-1 6.20503E-1 6.15543E-1 6.2345E-1 6.36903E-1 6.48195E-1 6.40485E-1 5.95814E-1 6.05343E-1 5.70356E-1 5.24278E-1 4.98976E-1 4.63187E-1 4.54553E-1 5.09577E-1 4.73049E-1 4.02411E-1
6.35407E-2 5.29221E-2 5.05055E-2 4.99604E-2 4.71331E-2 4.44365E-2 4.13565E-2 4.06282E-2 3.82415E-2 3.55198E-2 3.44388E-2 3.55198E-2 3.84165E-2 3.90402E-2 3.90402E-2 4.02396E-2 4.14314E-2 4.13558E-2 4.26128E-2 4.86611E-2 5.30641E-2 5.62728E-2 5.9581E-2 6.55751E-2 6.92372E-2 7.60173E-2 8.32814E-2 9.79238E-2 1.14171E-1 1.295E-1 1.44506E-1 1.55099E-1 1.60986E-1 1.63515E-1 1.73627E-1 2.04688E-1 2.68919E-1 3.14424E-1 3.41178E-1 3.65691E-1 3.93419E-1 4.27324E-1 4.58807E-1 4.98477E-1 5.27162E-1 5.44231E-1 5.43141E-1 5.50147E-1 5.62421E-1 5.83631E-1 5.87877E-1 6.03838E-1 6.20971E-1 6.23323E-1 5.73768E-1 5.7103E-1 6.23616E-1 6.44731E-1 6.47971E-1 6.33611E-1 6.34608E-1 6.22681E-1 5.68089E-1 5.38033E-1 5.33996E-1 5.33996E-1 5.1562E-1 5.25692E-1 5.14032E-1 4.63938E-1
6.02558E-2 5.46013E-2 5.06881E-2 4.72613E-2 4.52215E-2 4.33324E-2 4.20576E-2 4.26136E-2 4.39815E-2 4.40214E-2 3.9528E-2 3.96002E-2 3.96002E-2 4.02397E-2 4.20958E-2 4.33717E-2 4.20957E-2 4.39811E-2 4.5303E-2 5.2309E-2 6.02558E-2 6.38579E-2 7.0239E-2 7.60173E-2 7.60173E-2 8.20699E-2 9.43571E-2 1.11518E-1 1.30523E-1 1.57221E-1 1.70541E-1 1.76862E-1 1.84911E-1 1.87594E-1 2.05775E-1 2.35103E-1 2.79075E-1 3.14003E-1 3.44949E-1 3.77589E-1 3.95767E-1 4.24256E-1 4.49274E-1 4.79391E-1 5.11658E-1 5.34076E-1 5.40073E-1 5.59293E-1 5.72755E-1 5.86227E-1 5.91703E-1 6.11943E-1 6.16387E-1 6.00288E-1 5.39462E-1 5.83452E-1 6.21414E-1 6.43873E-1 6.32583E-1 6.25461E-1 6.36046E-1 6.35574E-1 6.10259E-1 5.56234E-1 5.25704E-1 5.34104E-1 5.1552E-1 4.97121E-1 4.9234E-1 4.85179E-1
5.79345E-2 5.46013E-2 5.16563E-2 5.16563E-2 4.80876E-2 4.60181E-2 4.53445E-2 4.60181E-2 4.73894E-2 4.66998E-2 4.39815E-2 4.26911E-2 4.14318E-2 4.33324E-2 4.4679E-2 4.53035E-2 4.53445E-2 4.80437E-2 5.30641E-2 6.41666E-2 7.77008E-2 8.01082E-2 8.33547E-2 8.12271E-2 8.55221E-2 9.20309E-2 1.0381E-1 1.25676E-1 1.54476E-1 1.86685E-1 2.04391E-1 2.13123E-1 2.08575E-1 2.11373E-1 2.3046E-1 2.50858E-1 2.87248E-1 3.11301E-1 3.55212E-1 3.83833E-1 4.07548E-1 4.32221E-1 4.49274E-1 4.74443E-1 5.06632E-1 5.41419E-1 5.56047E-1 5.68734E-1 5.83453E-1 6.03032E-1 6.05781E-1 6.19888E-1 6.20151E-1 6.00784E-1 5.64282E-1 5.77707E-1 6.23917E-1 6.43226E-1 6.29877E-1 6.10919E-1 6.30958E-1 6.43293E-1 6.39944E-1 5.80573E-1 5.28313E-1 4.73424E-1 4.43403E-1 4.56006E-1 4.61306E-1 4.80187E-1
6.12099E-2 5.69715E-2 5.62734E-2 5.32081E-2 5.17026E-2 5.09165E-2 5.09627E-2 5.09628E-2 5.2451E-2 4.87939E-2 4.66998E-2 4.60181E-2 4.73896E-2 4.73896E-2 4.87499E-2 4.80442E-2 4.95085E-2 5.32081E-2 5.92614E-2 7.27311E-2 9.10408E-2 1.03089E-1 1.04343E-1 9.34312E-2 9.335E-2 9.91334E-2 1.07617E-1 1.27631E-1 1.60986E-1 2.095E-1 2.46147E-1 2.42194E-1 2.3435E-1 2.36303E-1 2.50119E-1 2.74297E-1 3.03688E-1 3.26394E-1 3.6366E-1 3.93788E-1 4.09495E-1 4.33613E-1 4.44658E-1 4.79391E-1 5.17057E-1 5.5275E-1 5.70371E-1 5.76417E-1 5.98356E-1 6.17389E-1 6.2327E-1 6.32889E-1 6.32837E-1 6.34305E-1 6.24963E-1 6.23917E-1 6.37529E-1 6.47125E-1 6.33101E-1 6.07618E-1 6.05918E-1 5.92097E-1 5.6116E-1 5.50014E-1 5.36707E-1 4.89206E-1 4.36546E-1 4.40247E-1 4.34686E-1 4.47574E-1
6.29284E-2 6.29284E-2 6.12644E-2 5.63235E-2 5.61716E-2 5.85951E-2 5.87004E-2 5.71244E-2 5.63235E-2 5.3974E-2 5.32083E-2 5.17027E-2 5.09628E-2 5.09628E-2 5.16563E-2 5.39256E-2 5.16563E-2 5.39738E-2 6.20639E-2 7.89318E-2 1.05517E-1 1.4486E-1 1.2289E-1 1.05517E-1 1.02825E-1 1.05068E-1 1.11518E-1 1.2662E-1 1.55099E-1 1.99321E-1 2.36303E-1 2.4689E-1 2.4689E-1 2.48872E-1 2.68203E-1 3.03033E-1 3.29929E-1 3.65423E-1 3.91746E-1 4.11437E-1 4.2298E-1 4.22368E-1 4.41055E-1 4.90044E-1 5.29012E-1 5.53923E-1 5.71867E-1 5.828E-1 6.08714E-1 6.28781E-1 6.36357E-1 6.42695E-1 6.38749E-1 6.44879E-1 6.46139E-1 6.37125E-1 6.40485E-1 6.51184E-1 6.36509E-1 6.0784E-1 5.86799E-1 5.70689E-1 5.2492E-1 5.05264E-1 5.26374E-1 5.1451E-1 4.40247E-1 3.74431E-1 3.72413E-1 3.50035E-1
6.9238E-2 6.64771E-2 6.56339E-2 6.38008E-2 6.28154E-2 6.72674E-2 6.64764E-2 6.20639E-2 6.03638E-2 5.9581E-2 6.04182E-2 5.71246E-2 5.71246E-2 5.63237E-2 5.62734E-2 5.70736E-2 5.70736E-2 5.95813E-2 6.73871E-2 8.10138E-2 1.14171E-1 1.34937E-1 1.22378E-1 1.10207E-1 1.09835E-1 1.17831E-1 1.20984E-1 1.32421E-1 1.58854E-1 1.93859E-1 2.1991E-1 2.45224E-1 2.50119E-1 2.70944E-1 2.98037E-1 3.36134E-1 3.6697E-1 3.95607E-1 4.28468E-1 4.36194E-1 4.36194E-1 4.37314E-1 4.69428E-1 5.19805E-1 5.53601E-1 5.67525E-1 5.78143E-1 5.93681E-1 6.08306E-1 6.32994E-1 6.45604E-1 6.46475E-1 6.47917E-1 6.48208E-1 6.24323E-1 6.20709E-1 6.36966E-1 6.46363E-1 6.35574E-1 5.84423E-1 5.73693E-1 5.7412E-1 5.3631E-1 4.69304E-1 4.91599E-1 4.79636E-1 4.21682E-1 3.61999E-1 3.60243E-1 3.02287E-1
7.3902E-2 7.40321E-2 7.11891E-2 7.40968E-2 7.3053E-2 7.20845E-2 7.01767E-2 7.01767E-2 6.74472E-2 6.56339E-2 6.56339E-2 6.29843E-2 6.29843E-2 6.12644E-2 6.20645E-2 6.12099E-2 6.20645E-2 6.65359E-2 7.40968E-2 8.76541E-2 1.0381E-1 1.12459E-1 1.05068E-1 1.01323E-1 1.17337E-1 1.262E-1 1.32749E-1 1.37441E-1 1.60881E-1 1.91579E-1 2.28433E-1 2.56099E-1 2.74342E-1 3.05249E-1 3.42047E-1 3.80493E-1 4.08459E-1 4.36196E-1 4.43646E-1 4.60029E-1 4.65238E-1 4.57212E-1 5.0428E-1 5.77404E-1 5.81726E-1 5.6617E-1 5.70545E-1 5.87485E-1 6.0902E-1 6.32471E-1 6.52644E-1 6.36318E-1 6.44384E-1 6.41106E-1 6.18928E-1 6.32648E-1 6.15623E-1 6.15616E-1 5.96651E-1 5.70055E-1 5.68089E-1 5.19935E-1 4.79194E-1 4.15841E-1 3.964E-1 4.2354E-1 3.86276E-1 3.31183E-1 4.27356E-1 4.06101E-1
8.99436E-2 8.11567E-2 7.90713E-2 8.01786E-2 7.91401E-2 7.50194E-2 7.20845E-2 7.21484E-2 7.11891E-2 7.02392E-2 6.9299E-2 6.9299E-2 6.83684E-2 6.83684E-2 6.83081E-2 6.9238E-2 7.20853E-2 7.3118E-2 8.01789E-2 8.99798E-2 1.00612E-1 1.08075E-1 1.06609E-1 1.11802E-1 1.295E-1 1.37441E-1 1.43663E-1 1.46777E-1 1.62925E-1 1.90514E-1 2.31051E-1 2.67876E-1 3.2165E-1 3.81167E-1 4.13653E-1 4.33047E-1 4.50671E-1 4.5888E-1 4.65252E-1 4.65368E-1 4.65238E-1 4.83687E-1 4.96699E-1 5.98697E-1 5.68417E-1 5.24418E-1 5.62607E-1 5.91442E-1 6.14614E-1 6.45135E-1 6.54997E-1 6.30378E-1 6.25494E-1 6.19885E-1 6.18402E-1 6.0623E-1 5.58674E-1 5.52179E-1 5.31642E-1 5.33619E-1 5.5365E-1 5.2116E-1 4.65934E-1 3.72413E-1 3.35671E-1 3.72413E-1 3.72169E-1 3.16729E-1 4.19395E-1 4.51578E-1
9.80516E-2 9.95506E-2 8.65457E-2 8.95127E-2 8.2286E-2 7.81116E-2 7.40968E-2 7.3118E-2 7.30538E-2 7.40321E-2 7.60181E-2 7.60181E-2 7.60181E-2 7.50859E-2 7.50859E-2 7.60181E-2 7.90713E-2 8.2286E-2 8.88504E-2 9.81772E-2 1.08168E-1 1.24299E-1 1.35717E-1 1.42121E-1 1.53121E-1 1.5962E-1 1.6114E-1 1.6114E-1 1.71217E-1 1.87075E-1 2.20287E-1 2.73628E-1 3.44557E-1 4.40879E-1 4.7729E-1 4.84227E-1 4.90804E-1 4.94643E-1 4.84081E-1 4.61685E-1 4.97349E-1 5.32195E-1 5.26315E-1 5.3046E-1 4.8734E-1 5.1515E-1 5.81884E-1 6.12266E-1 6.30397E-1 6.55447E-1 6.51868E-1 6.32363E-1 6.10625E-1 5.83601E-1 5.71148E-1 5.72323E-1 5.22836E-1 4.9872E-1 5.4079E-1 5.52473E-1 4.89206E-1 4.92988E-1 4.30948E-1 3.23223E-1 2.84692E-1 2.86634E-1 2.72112E-1 2.83811E-1 3.59958E-1 4.32784E-1
1.03189E-1 1.04775E-1 1.00763E-1 9.82252E-2 8.43603E-2 8.22145E-2 7.80436E-2 7.99692E-2 7.99692E-2 8.31375E-2 8.42137E-2 8.53001E-2 8.65466E-2 8.33547E-2 8.55224E-2 8.55224E-2 8.87737E-2 9.3351E-2 1.01846E-1 1.1077E-1 1.27254E-1 1.46657E-1 1.69245E-1 1.83379E-1 1.86643E-1 1.93835E-1 1.8621E-1 1.79162E-1 1.7342E-1 1.82103E-1 2.28439E-1 3.01912E-1 3.84556E-1 4.55066E-1 5.0406E-1 5.29229E-1 5.33425E-1 5.30003E-1 5.15016E-1 5.13473E-1 5.4272E-1 5.80279E-1 5.64549E-1 5.1883E-1 5.20737E-1 5.52165E-1 6.1538E-1 6.40071E-1 6.50845E-1 6.573E-1 6.52728E-1 6.32688E-1 6.00504E-1 5.26023E-1 4.72369E-1 5.29733E-1 5.24274E-1 5.53195E-1 5.45828E-1 4.92752E-1 5.26374E-1 4.24397E-1 3.44023E-1 2.6718E-1 2.03055E-1 1.46951E-1 1.20251E-1 1.70437E-1 2.79028E-1 3.42991E-1
1.12264E-1 1.14862E-1 1.11342E-1 1.05622E-1 9.10418E-2 8.6172E-2 8.15717E-2 8.26319E-2 8.72761E-2 9.29499E-2 9.52913E-2 9.79255E-2 9.57014E-2 9.69751E-2 9.69751E-2 9.93896E-2 1.03089E-1 1.08077E-1 1.16099E-1 1.24404E-1 1.39067E-1 1.64592E-1 1.9793E-1 2.33856E-1 2.39307E-1 2.25672E-1 2.14219E-1 1.89385E-1 1.70981E-1 1.94782E-1 2.61235E-1 3.40556E-1 4.20321E-1 4.83517E-1 5.33428E-1 5.66334E-1 5.72273E-1 5.61116E-1 5.48446E-1 5.5017E-1 5.50151E-1 5.53382E-1 5.48004E-1 5.17878E-1 5.8988E-1 6.05919E-1 6.25899E-1 6.51403E-1 6.56372E-1 6.59157E-1 6.53522E-1 6.39021E-1 6.06983E-1 5.37538E-1 4.58367E-1 5.3844E-1 5.48504E-1 5.07546E-1 4.87996E-1 5.14148E-1 4.87846E-1 3.98533E-1 3.51954E-1 2.48807E-1 2.13776E-1 1.06573E-1 6.29497E-2 1.58234E-1 2.34047E-1 2.29143E-1
1.21808E-1 1.21808E-1 1.15747E-1 1.12735E-1 1.01846E-1 9.29499E-2 8.72483E-2 8.83597E-2 9.45565E-2 1.08541E-1 1.14174E-1 1.15515E-1 1.09371E-1 1.06792E-1 1.06882E-1 1.12086E-1 1.16099E-1 1.24404E-1 1.3308E-1 1.40589E-1 1.54732E-1 1.73064E-1 2.12831E-1 2.78106E-1 3.0632E-1 2.68213E-1 2.40234E-1 2.05306E-1 2.06549E-1 2.52122E-1 3.447E-1 3.93726E-1 4.56191E-1 5.14757E-1 5.6484E-1 5.97084E-1 6.04759E-1 5.97737E-1 5.85954E-1 5.66636E-1 5.42233E-1 5.63535E-1 5.73432E-1 5.84174E-1 6.19904E-1 6.34625E-1 6.33367E-1 6.53441E-1 6.3626E-1 6.40337E-1 6.4527E-1 6.39804E-1 6.28132E-1 6.14404E-1 5.79955E-1 5.13966E-1 4.53001E-1 4.15145E-1 3.92576E-1 5.03613E-1 4.14562E-1 3.89158E-1 3.50458E-1 3.29336E-1 2.61497E-1 1.77622E-1 1.58234E-1 2.43877E-1 2.49836E-1 1.61514E-1
1.30177E-1 1.26148E-1 1.26789E-1 1.19902E-1 1.06611E-1 9.93303E-2 9.10018E-2 9.40202E-2 1.06897E-1 1.29988E-1 1.4404E-1 1.35385E-1 1.28377E-1 1.17457E-1 1.18825E-1 1.27254E-1 1.34561E-1 1.48348E-1 1.56352E-1 1.62926E-1 1.73064E-1 1.85294E-1 2.05168E-1 2.59393E-1 2.78384E-1 2.75015E-1 2.57401E-1 2.41555E-1 2.58857E-1 3.62746E-1 4.73061E-1 4.41359E-1 4.93693E-1 5.53331E-1 5.92927E-1 6.18122E-1 6.2918E-1 6.31723E-1 6.18161E-1 5.63419E-1 5.57528E-1 5.7928E-1 6.02123E-1 6.23884E-1 6.45516E-1 6.52765E-1 6.56425E-1 6.43769E-1 5.90865E-1 5.91884E-1 6.0103E-1 6.18759E-1 6.25117E-1 6.40781E-1 6.19605E-1 5.30612E-1 4.42089E-1 3.87311E-1 3.58107E-1 4.66591E-1 3.7895E-1 3.60018E-1 3.58308E-1 3.63759E-1 3.22925E-1 2.5876E-1 2.1764E-1 2.53831E-1 2.79089E-1 2.55836E-1
1.40377E-1 1.39222E-1 1.32249E-1 1.21594E-1 1.1379E-1 1.04912E-1 9.98269E-2 1.06988E-1 1.20725E-1 1.41226E-1 1.56722E-1 1.55602E-1 1.40246E-1 1.22891E-1 1.24404E-1 1.40589E-1 1.5962E-1 1.76515E-1 1.88864E-1 1.90662E-1 1.99768E-1 2.10944E-1 2.08906E-1 2.40173E-1 2.60865E-1 2.69456E-1 2.71804E-1 2.73824E-1 3.09887E-1 4.01316E-1 4.55537E-1 4.79352E-1 5.19894E-1 5.80784E-1 6.1729E-1 6.37025E-1 6.47732E-1 6.51403E-1 6.07446E-1 5.68844E-1 5.82962E-1 6.00884E-1 6.24185E-1 6.4128E-1 6.42386E-1 6.22754E-1 6.22405E-1 5.97601E-1 5.48813E-1 5.56189E-1 5.78837E-1 5.76486E-1 5.97411E-1 6.17107E-1 6.07673E-1 5.52896E-1 4.89696E-1 4.07955E-1 3.46583E-1 4.52806E-1 3.68026E-1 3.21102E-1 3.33036E-1 3.42248E-1 3.50129E-1 2.82266E-1 2.31836E-1 2.36862E-1 3.37064E-1 3.80251E-1
1.47944E-1 1.46692E-1 1.45839E-1 1.35941E-1 1.21973E-1 1.17987E-1 1.14785E-1 1.19819E-1 1.36506E-1 1.5214E-1 1.65972E-1 1.71709E-1 1.55602E-1 1.41775E-1 1.40475E-1 1.5962E-1 1.87075E-1 2.18535E-1 2.30117E-1 2.32069E-1 2.39932E-1 2.41737E-1 2.42148E-1 2.60136E-1 2.83168E-1 2.94156E-1 3.04391E-1 3.16703E-1 3.43245E-1 3.85217E-1 4.44167E-1 5.16794E-1 5.72507E-1 6.24038E-1 6.44706E-1 6.49697E-1 6.54951E-1 6.28998E-1 5.57655E-1 5.98994E-1 6.12782E-1 6.24993E-1 6.36193E-1 6.40334E-1 6.25758E-1 5.98973E-1 5.82832E-1 5.32548E-1 4.97335E-1 5.5835E-1 5.83433E-1 5.38246E-1 5.52414E-1 5.57509E-1 5.36112E-1 5.24651E-1 4.94622E-1 4.23963E-1 3.34979E-1 4.30684E-1 3.40903E-1 2.94075E-1 2.93539E-1 2.8415E-1 2.8831E-1 2.50627E-1 2.49507E-1 3.0163E-1 3.66075E-1 3.48089E-1
1.55911E-1 1.57742E-1 1.52872E-1 1.43663E-1 1.36432E-1 1.28597E-1 1.30627E-1 1.35021E-1 1.48132E-1 1.57718E-1 1.68315E-1 1.75139E-1 1.68848E-1 1.60884E-1 1.74649E-1 1.90662E-1 2.24298E-1 2.5994E-1 2.70104E-1 2.72147E-1 2.76054E-1 2.81257E-1 2.89796E-1 3.0164E-1 3.18557E-1 3.29021E-1 3.47451E-1 3.73801E-1 3.99581E-1 4.34758E-1 4.95362E-1 5.61238E-1 6.19987E-1 6.54985E-1 6.57789E-1 6.54569E-1 5.90099E-1 4.44112E-1 5.6442E-1 6.13783E-1 6.24928E-1 6.27241E-1 6.18719E-1 6.19364E-1 6.07017E-1 5.72589E-1 5.49983E-1 4.63278E-1 4.03866E-1 4.09614E-1 4.93264E-1 5.52178E-1 5.36802E-1 4.99198E-1 4.5032E-1 4.56464E-1 4.53321E-1 3.78073E-1 2.91568E-1 3.25212E-1 3.0209E-1 2.60269E-1 2.39849E-1 2.13152E-1 2.12022E-1 2.11905E-1 1.97937E-1 2.18402E-1 2.36704E-1 2.23478E-1
1.56955E-1 1.61861E-1 1.52997E-1 1.51399E-1 1.47152E-1 1.46557E-1 1.48973E-1 1.53738E-1 1.64303E-1 1.65972E-1 1.7342E-1 1.76867E-1 1.80911E-1 1.86643E-1 2.0331E-1 2.22371E-1 2.51881E-1 2.8241E-1 3.01036E-1 3.04993E-1 3.18537E-1 3.26024E-1 3.34078E-1 3.45296E-1 3.59668E-1 3.85812E-1 4.07443E-1 4.38082E-1 4.85279E-1 5.15231E-1 5.91546E-1 6.226E-1 6.5654E-1 6.37125E-1 6.38288E-1 5.96478E-1 4.52545E-1 5.1401E-1 5.85396E-1 6.06781E-1 6.28876E-1 6.26755E-1 6.08217E-1 5.83241E-1 5.42054E-1 5.20689E-1 5.19987E-1 4.81858E-1 4.15766E-1 3.78235E-1 4.04157E-1 4.91599E-1 5.37059E-1 4.51263E-1 3.98356E-1 3.87203E-1 3.76216E-1 2.98416E-1 2.12212E-1 1.67325E-1 1.8828E-1 2.02334E-1 1.97822E-1 1.69725E-1 1.58308E-1 1.24416E-1 8.57908E-2 9.95818E-2 1.17889E-1 1.27867E-1
1.52381E-1 1.54357E-1 1.54732E-1 1.64463E-1 1.62151E-1 1.63291E-1 1.66631E-1 1.70008E-1 1.78604E-1 1.7342E-1 1.79162E-1 1.84436E-1 1.97479E-1 2.12673E-1 2.28005E-1 2.497E-1 2.69917E-1 2.9876E-1 3.21239E-1 3.35814E-1 3.50905E-1 3.66981E-1 3.75817E-1 3.93738E-1 4.17088E-1 4.50638E-1 4.79108E-1 5.18112E-1 5.69832E-1 6.03345E-1 6.47705E-1 6.52069E-1 6.01278E-1 5.68964E-1 5.29575E-1 4.37473E-1 3.14613E-1 4.61402E-1 5.80497E-1 6.19628E-1 6.32889E-1 6.24001E-1 5.94549E-1 5.52179E-1 4.93623E-1 4.51943E-1 4.47755E-1 4.19521E-1 3.88138E-1 3.78458E-1 3.90112E-1 4.74603E-1 4.40307E-1 4.00348E-1 3.66908E-1 3.60762E-1 3.24383E-1 2.50438E-1 1.63165E-1 8.18837E-2 9.22797E-2 1.62487E-1 1.85677E-1 1.62198E-1 1.1703E-1 6.10679E-2 2.68811E-2 3.5964E-2 5.61761E-2 8.53122E-2
1.52381E-1 1.59236E-1 1.64592E-1 1.71352E-1 1.74649E-1 1.77837E-1 1.82669E-1 1.8621E-1 1.89784E-1 1.77421E-1 1.8621E-1 1.98859E-1 2.1805E-1 2.33516E-1 2.497E-1 2.67878E-1 2.94218E-1 3.14991E-1 3.39334E-1 3.51885E-1 3.77144E-1 3.93634E-1 4.13245E-1 4.48827E-1 4.8036E-1 5.17694E-1 5.47044E-1 5.83014E-1 6.15603E-1 6.416E-1 6.52888E-1 6.59211E-1 6.91225E-2 5.4079E-1 4.15378E-1 3.51945E-1 3.78457E-1 4.05352E-1 5.67808E-1 6.11993E-1 6.13959E-1 5.68623E-1 5.28954E-1 4.79845E-1 4.58028E-1 4.24568E-1 3.69655E-1 3.38056E-1 3.48272E-1 3.9601E-1 3.93509E-1 4.3492E-1 3.49717E-1 2.79728E-1 3.20243E-1 3.27055E-1 2.9817E-1 2.13776E-1 1.38066E-1 6.59749E-2 8.50208E-2 1.59303E-1 2.04121E-1 1.83096E-1 1.10464E-1 4.89335E-2 1.90455E-2 1.63482E-2 2.49499E-2 5.03616E-2
1.59983E-1 1.63808E-1 1.76376E-1 1.83521E-1 1.90662E-1 1.95952E-1 2.0331E-1 2.08593E-1 2.08593E-1 2.06722E-1 2.12355E-1 2.25734E-1 2.37442E-1 2.51345E-1 2.65472E-1 2.77725E-1 2.97766E-1 3.23946E-1 3.47759E-1 3.79168E-1 4.2596E-1 4.41807E-1 4.67012E-1 4.93605E-1 5.30245E-1 5.70783E-1 5.92276E-1 6.19359E-1 6.43762E-1 6.55996E-1 6.57274E-1 6.27483E-1 5.3631E-1 2.5063E-1 4.01868E-1 2.99921E-1 3.72655E-1 3.7005E-1 5.99757E-1 6.42386E-1 6.26293E-1 5.34296E-1 4.61419E-1 3.96786E-1 3.44023E-1 3.39255E-1 3.45038E-1 3.67769E-1 4.06104E-1 4.34686E-1 4.45752E-1 4.19701E-1 3.02739E-1 2.46782E-1 2.72913E-1 3.35838E-1 2.48767E-1 1.65886E-1 1.46951E-1 1.18183E-1 1.37098E-1 1.90013E-1 2.12212E-1 1.84825E-1 1.29294E-1 5.38485E-2 1.77213E-2 1.33716E-2 1.61807E-2 2.92723E-2
