KUENM/Final_Models/M_0.1_F_lq_Set_2_EC/sp1_6_se_asia.asc
ncols         320
nrows         243
xllcorner     44.0
yllcorner     -0.666666666666667
cellsize      0.166666666666667
NODATA_value  -9999
[rows 31 to 61 of 243, columns 70 to 139 of 320]
4.98908E-3 5.12481E-3 5.0402E-3 5.12481E-3 5.12481E-3 4.90686E-3 4.82583E-3 4.49118E-3 2.74346E-3 1.94458E-3 3.69775E-3 4.20532E-3 4.07731E-3 3.028E-3 2.54954E-3 2.2225E-3 2.72504E-3 3.621E-3 4.58995E-3 4.94394E-3 5.04401E-3 5.21377E-3 5.22894E-3 5.165E-3 4.68458E-3 2.19982E-3 3.37983E-3 2.3818E-3 9.41675E-4 3.13091E-3 5.35992E-3 6.2637E-3 5.74995E-3 6.12642E-3 5.79205E-3 3.96876E-3 2.77562E-3 1.97008E-3 1.29744E-3 2.92484E-4 3.01498E-4 7.73662E-5 4.8015E-5 5.20629E-6 7.90356E-7 1.34779E-6 1.16578E-6 3.58842E-7 1.30114E-7 8.30357E-8 1.40266E-8 1.88949E-8 3.49093E-9 2.73492E-8 5.09465E-8 1.21394E-7 1.43584E-7 2.32376E-7 9.77881E-8 6.40006E-8 9.89248E-8 4.61348E-8 1.34809E-8 7.02122E-9 3.08973E-9 9.74129E-10 4.63126E-10 2.35716E-9 2.65188E-10 3.23681E-10
4.79896E-3 4.79896E-3 4.79896E-3 4.79896E-3 4.59962E-3 4.40621E-3 4.75778E-3 4.43801E-3 3.23375E-3 2.1897E-3 3.86486E-3 3.99493E-3 3.8207E-3 2.05873E-3 6.05344E-4 6.18241E-4 1.29612E-3 2.4725E-3 3.53205E-3 4.28648E-3 4.61795E-3 4.97079E-3 5.39884E-3 3.78319E-3 4.81729E-3 5.91081E-3 4.7506E-3 5.09233E-3 2.67422E-3 2.25881E-3 4.25084E-3 4.6972E-3 4.34404E-3 5.34812E-3 7.25995E-3 6.52196E-3 5.79047E-3 4.93714E-3 4.03872E-3 2.79182E-3 2.40613E-3 9.90591E-4 3.94178E-5 1.16578E-6 2.00226E-5 1.92906E-4 4.73395E-5 2.74544E-6 2.01001E-7 4.04245E-7 4.19703E-7 9.95379E-8 7.09754E-8 6.58278E-8 4.38179E-8 9.2426E-8 9.13792E-8 2.02141E-8 2.54609E-8 1.01839E-8 8.98509E-9 4.49827E-9 2.55724E-9 2.32671E-9 1.15651E-9 2.27439E-9 2.06098E-9 1.65693E-9 4.75406E-9 1.17527E-9
4.87278E-3 4.79024E-3 4.79024E-3 4.51805E-3 3.48554E-3 2.56346E-3 3.60697E-3 3.5073E-3 2.52676E-3 2.70245E-3 4.08356E-3 3.98276E-3 3.46444E-3 2.52525E-3 1.03178E-3 4.57934E-4 2.62619E-4 1.29612E-3 2.19702E-3 2.19615E-3 2.55116E-3 4.14331E-3 5.21241E-3 3.78198E-3 2.93551E-3 6.74567E-3 7.35385E-3 7.20003E-3 6.73096E-3 6.09621E-3 5.01253E-3 4.16724E-3 5.41816E-3 5.46357E-3 5.5019E-3 3.88871E-3 2.54841E-3 4.67473E-3 6.3723E-3 5.51298E-3 4.12436E-3 3.07808E-3 1.40005E-3 9.21945E-4 4.22775E-4 8.52154E-6 6.86529E-7 1.14947E-6 6.13293E-7 5.22119E-7 1.32044E-7 1.28012E-8 9.66284E-9 1.29227E-8 6.69516E-9 7.67678E-9 7.51566E-9 8.52175E-9 1.91334E-8 1.11743E-8 9.97081E-9 7.12934E-9 1.65351E-8 2.74776E-8 9.96375E-9 8.46312E-9 5.56883E-9 1.41577E-8 3.05073E-9 1.90926E-8
4.76757E-3 4.50062E-3 4.42333E-3 4.00385E-3 2.83711E-3 1.15664E-3 2.3531E-3 2.60134E-3 1.79098E-3 3.21367E-3 3.92703E-3 3.60261E-3 2.9371E-3 2.40552E-3 1.7216E-3 1.11692E-3 2.35904E-4 1.10539E-4 5.88542E-4 8.37123E-4 1.07379E-3 2.03144E-3 3.50711E-3 4.37537E-3 3.83107E-3 6.53914E-3 6.87206E-3 8.33696E-3 8.73778E-3 8.68276E-3 8.89825E-3 8.2517E-3 6.44623E-3 5.8502E-3 3.41161E-3 1.09273E-3 2.17193E-3 3.36847E-3 2.35045E-3 1.59361E-3 6.06706E-4 1.24367E-4 2.10116E-5 5.20554E-6 8.00579E-6 2.68659E-6 7.84883E-7 1.57093E-6 2.82815E-7 9.4468E-8 3.84551E-8 3.16632E-8 1.63587E-8 1.8093E-8 1.22481E-8 1.17269E-8 3.12876E-8 1.93461E-8 1.38562E-8 3.52339E-8 5.63481E-8 1.31997E-8 1.86882E-8 1.15995E-7 6.84657E-8 2.96056E-8 4.33026E-9 2.33631E-9 2.39654E-8 7.18336E-8
4.47016E-3 4.39266E-3 4.22116E-3 3.86679E-3 2.08429E-3 1.64846E-3 2.82049E-3 1.58925E-3 8.48028E-4 2.20723E-3 3.66908E-3 3.54245E-3 2.84118E-3 1.88189E-3 1.45918E-3 1.51383E-3 1.08137E-3 3.46734E-4 2.70424E-4 9.26397E-4 1.16606E-3 8.28074E-4 1.88138E-3 3.16929E-3 3.45543E-3 5.2123E-3 4.61795E-3 6.34778E-3 8.2464E-3 8.62517E-3 6.893E-3 7.50601E-3 5.91081E-3 3.22156E-3 1.97813E-3 2.05824E-3 2.47723E-3 1.83237E-3 7.8849E-4 2.27414E-4 1.24049E-4 2.43606E-5 1.52591E-6 5.50232E-7 6.7607E-7 1.24953E-6 2.06646E-6 6.68942E-7 5.09032E-8 3.88619E-8 2.22688E-8 1.47784E-8 1.14147E-8 2.83916E-8 3.56303E-8 4.36099E-8 1.56667E-8 2.51818E-8 1.0077E-8 1.41589E-8 2.23602E-7 4.87652E-8 4.87652E-8 3.49203E-7 9.42126E-9 1.23669E-8 7.01041E-9 1.78012E-8 1.64281E-7 5.15026E-8
4.11064E-3 4.18402E-3 3.64755E-3 2.78065E-3 2.42466E-3 3.75756E-3 4.59951E-3 3.37195E-3 8.56301E-4 6.96617E-4 2.76709E-3 3.25472E-3 2.65755E-3 2.26322E-3 1.6829E-3 1.69421E-3 1.67685E-3 1.34744E-3 5.76171E-4 2.87924E-4 7.96459E-4 1.02085E-3 1.56367E-3 2.33331E-3 1.45216E-3 1.51721E-3 4.38803E-3 4.76744E-3 6.97254E-3 7.76575E-3 6.94927E-3 7.4913E-3 5.24345E-3 2.74846E-3 3.10587E-3 3.4885E-3 2.19648E-3 1.30527E-3 5.74145E-4 5.51809E-4 1.69582E-4 3.69637E-5 1.60823E-5 1.78632E-6 1.76662E-6 3.45394E-7 7.64005E-8 3.63046E-8 1.2513E-7 4.72665E-8 1.66355E-7 1.39006E-7 9.67022E-8 1.8093E-8 2.83916E-8 3.52339E-8 1.99946E-8 9.89248E-8 1.83582E-7 5.40621E-7 6.22175E-7 2.48781E-8 2.45229E-7 1.7456E-6 6.72704E-8 6.14861E-7 2.80109E-6 5.72348E-7 1.17876E-8 1.09163E-9
4.28502E-3 3.81435E-3 2.90519E-3 1.40857E-3 1.48483E-3 4.0384E-3 5.23932E-3 4.78514E-3 2.49469E-3 2.51768E-4 1.44088E-3 2.32133E-3 1.84695E-3 1.87069E-3 1.95617E-3 1.90029E-3 1.81113E-3 1.4301E-3 1.69094E-3 8.97028E-4 4.27001E-4 6.66349E-4 8.57994E-4 7.28239E-4 1.72062E-3 1.97604E-3 3.8861E-3 5.49844E-3 6.55689E-3 7.18487E-3 7.19339E-3 7.07996E-3 5.88996E-3 4.61795E-3 4.05208E-3 3.08257E-3 2.16873E-3 1.35428E-3 1.05025E-3 8.52367E-4 2.80938E-4 4.85355E-5 2.87345E-5 1.9881E-5 7.82661E-7 3.61115E-7 1.37747E-6 5.56099E-6 4.82402E-6 2.34124E-6 4.7486E-7 3.01676E-7 1.21394E-7 1.20027E-7 5.18717E-8 1.82898E-8 1.0716E-7 1.35898E-7 4.08094E-6 1.40557E-5 3.25125E-6 4.88019E-8 4.80894E-6 2.40402E-5 7.72574E-6 4.21858E-6 8.86261E-8 2.48451E-9 2.63778E-9 3.11945E-8
3.98983E-3 3.07305E-3 2.11803E-3 1.03763E-3 1.40857E-3 3.52031E-3 4.87961E-3 5.14719E-3 3.31321E-3 7.17091E-4 7.29256E-4 1.88857E-3 1.88414E-3 1.52386E-3 1.82097E-3 1.95617E-3 2.04203E-3 1.79499E-3 2.02626E-3 1.73882E-3 9.96092E-4 5.01079E-4 3.35553E-4 2.07586E-4 4.52873E-4 2.22889E-4 6.14992E-4 3.5177E-3 6.15263E-3 7.01599E-3 6.645E-3 5.78767E-3 5.15421E-3 4.52011E-3 3.73195E-3 2.78716E-3 1.71507E-3 1.32678E-3 1.64152E-3 1.64152E-3 1.31612E-3 6.921E-4 1.84022E-4 4.53117E-5 3.00575E-5 9.27677E-5 6.7358E-5 1.40557E-5 9.99273E-7 3.06204E-6 1.8099E-6 4.12158E-7 3.76618E-8 5.24554E-8 1.66179E-7 2.64364E-7 1.18274E-6 5.80196E-7 3.49581E-6 5.75171E-6 6.55591E-5 2.42995E-7 1.02201E-5 1.02663E-4 6.75819E-6 1.53611E-6 2.37656E-7 2.15969E-8 4.47225E-8 1.37625E-8
3.70462E-3 3.09026E-3 1.77086E-3 1.77895E-3 1.9605E-3 2.83119E-3 4.54149E-3 5.23126E-3 4.79086E-3 2.85107E-3 1.02336E-3 1.70192E-3 2.44004E-3 2.20565E-3 2.20214E-3 2.0755E-3 1.91301E-3 1.72519E-3 1.79499E-3 1.5381E-3 1.2084E-3 5.50617E-4 2.27947E-4 8.93207E-5 1.60477E-4 1.20329E-4 2.10574E-4 5.63059E-4 4.27047E-3 5.66909E-3 5.18369E-3 4.78529E-3 4.54929E-3 3.87563E-3 2.91346E-3 2.65317E-3 1.79948E-3 1.71576E-3 1.91454E-3 2.06637E-3 1.19975E-3 5.44324E-4 2.81513E-4 3.9966E-4 1.75031E-4 2.93346E-4 1.04476E-4 5.61509E-5 1.24222E-4 3.67512E-5 1.09279E-5 2.12623E-6 1.35898E-7 1.04757E-7 1.90021E-7 7.93991E-7 4.65263E-6 2.67623E-6 1.75683E-5 1.75562E-4 5.5686E-5 9.05652E-6 1.18131E-4 2.48266E-5 7.48351E-7 1.66853E-8 3.38571E-8 5.85161E-8 1.75163E-8 9.8583E-9
3.17571E-3 3.2923E-3 2.58984E-3 1.94954E-3 1.53157E-3 1.72354E-3 3.47436E-3 4.70864E-3 5.4211E-3 5.05235E-3 1.10339E-3 1.31031E-3 3.16416E-3 3.23824E-3 3.01385E-3 1.94204E-3 1.89273E-3 1.12865E-3 6.99236E-4 6.96651E-4 8.7689E-4 3.56772E-4 1.76995E-4 1.91731E-4 3.90545E-4 4.52279E-4 5.93764E-4 3.16382E-4 2.76264E-3 4.8496E-3 4.34842E-3 4.48765E-3 4.41904E-3 3.25941E-3 2.91607E-3 2.02576E-3 1.26178E-3 1.38901E-3 2.05747E-3 1.09846E-3 7.47183E-4 1.07521E-3 1.01262E-3 2.4488E-4 1.63549E-4 1.16635E-4 5.46261E-4 1.50382E-4 1.12021E-5 8.58229E-6 6.98905E-7 7.68606E-8 1.08377E-7 5.66768E-7 5.93869E-6 6.22931E-5 8.27799E-5 1.47269E-6 1.09503E-4 7.40708E-4 8.44677E-5 1.28895E-4 3.32222E-5 4.69874E-6 3.06022E-7 2.45043E-7 7.56823E-7 2.78946E-8 3.52442E-8 7.15182E-8
1.8147E-3 3.42619E-3 2.7246E-3 1.77086E-3 1.13916E-3 1.20121E-3 2.97946E-3 3.74705E-3 3.9673E-3 4.78514E-3 3.82416E-3 3.22932E-3 4.17311E-3 3.94373E-3 3.87432E-3 3.42478E-3 2.97958E-3 2.30896E-3 9.67726E-4 1.25902E-3 1.3422E-3 9.99824E-4 7.65021E-4 2.01566E-4 8.80737E-5 5.05146E-4 1.03013E-3 1.26642E-3 2.60793E-3 3.81734E-3 5.21066E-3 4.77437E-3 4.00384E-3 3.07687E-3 3.07687E-3 2.76414E-3 2.21392E-3 2.07718E-3 1.83504E-3 1.56782E-3 1.9549E-3 1.50158E-3 1.9636E-3 1.93994E-3 1.17885E-3 6.13817E-4 5.39999E-4 3.3984E-5 6.06181E-6 9.19462E-7 3.97953E-7 3.60711E-6 2.5214E-6 8.45905E-6 2.23931E-4 2.08134E-4 2.19645E-5 1.21739E-5 1.09549E-3 1.92011E-3 2.5969E-4 1.73849E-5 1.0313E-4 2.50154E-5 7.99463E-6 8.28165E-6 6.01072E-7 8.05423E-9 1.93707E-7 5.15089E-6
1.8686E-3 2.58121E-3 2.24566E-3 1.94954E-3 1.74762E-3 1.86801E-3 2.73234E-3 3.58343E-3 3.64755E-3 3.88272E-3 4.59951E-3 5.0453E-3 4.64928E-3 3.97499E-3 4.04434E-3 3.7074E-3 3.62876E-3 3.03011E-3 2.27103E-3 1.86956E-3 4.76197E-4 2.26818E-4 3.21342E-4 3.82821E-4 1.64403E-4 1.21225E-4 9.99824E-4 1.32097E-3 2.27889E-3 4.04943E-3 4.83864E-3 5.17629E-3 4.43801E-3 3.34377E-3 2.47396E-3 2.6542E-3 2.8406E-3 2.10021E-3 1.80941E-3 3.34377E-3 3.40537E-3 3.08285E-3 2.91306E-3 1.78687E-3 1.69094E-3 1.18674E-3 7.61371E-4 1.52123E-4 8.54749E-5 7.64433E-6 9.61728E-6 1.56505E-5 2.73029E-5 2.85413E-4 9.30309E-4 3.18324E-4 6.21388E-5 6.18511E-5 1.63097E-3 1.11868E-3 2.06237E-4 8.48535E-4 4.37825E-4 1.39784E-4 7.08855E-6 2.66599E-7 9.07453E-8 5.80594E-8 2.97317E-6 1.84742E-5
1.54174E-3 2.75846E-3 2.51752E-3 2.00771E-3 2.30625E-3 1.84313E-3 2.29955E-3 3.22123E-3 2.8818E-3 1.8282E-3 2.61537E-3 4.76431E-3 4.84866E-3 4.00385E-3 3.97499E-3 3.64441E-3 3.06546E-3 3.17104E-3 2.56966E-3 1.85121E-3 1.2888E-3 9.67726E-4 3.20554E-4 2.68278E-4 3.65546E-4 2.72412E-4 8.51646E-4 1.08101E-3 1.1139E-3 3.23375E-3 4.87278E-3 5.31439E-3 3.94114E-3 2.4421E-3 2.79025E-3 3.5458E-3 3.27508E-3 3.12898E-3 3.40179E-3 3.36773E-3 3.26859E-3 2.88849E-3 2.30079E-3 1.71034E-3 8.49839E-4 6.10247E-4 3.1214E-4 3.16844E-4 1.04389E-4 7.8367E-5 7.59417E-5 3.44433E-5 2.39121E-4 8.07697E-4 1.65469E-3 6.33925E-4 4.72286E-4 7.95894E-4 4.50724E-3 1.61474E-3 2.69465E-3 2.45735E-3 5.03919E-4 1.51998E-5 1.64004E-7 6.66417E-6 2.25043E-5 3.35526E-5 6.65781E-5 2.09079E-5
1.80234E-3 2.77281E-3 2.99534E-3 2.52286E-3 2.68408E-3 2.87507E-3 2.36597E-3 3.19844E-3 2.90748E-3 1.50914E-3 1.04859E-3 4.41121E-3 5.03496E-3 4.54887E-3 4.70999E-3 4.24619E-3 3.01385E-3 2.24308E-3 1.57527E-3 1.15588E-3 6.35468E-4 8.12553E-4 9.67726E-4 4.13368E-4 3.7885E-4 5.71374E-4 9.83416E-4 1.1242E-3 8.66384E-4 9.65692E-4 3.5073E-3 4.89868E-3 4.34721E-3 3.46107E-3 3.93479E-3 3.6163E-3 3.43162E-3 2.93098E-3 3.11831E-3 2.90126E-3 2.68369E-3 9.07126E-4 9.81479E-4 1.50136E-3 1.6699E-3 1.8259E-3 9.84168E-4 1.09957E-3 9.4779E-4 4.4555E-4 1.12123E-4 2.59705E-4 9.05177E-4 1.82644E-3 2.6673E-3 2.95614E-3 3.78459E-3 3.82148E-3 7.60016E-4 1.14714E-3 1.36271E-3 4.38559E-4 7.95945E-5 1.19163E-5 1.17868E-5 1.37646E-4 2.48848E-4 1.97548E-4 4.11787E-5 1.30493E-4
9.16604E-4 2.14651E-3 2.2251E-3 2.58984E-3 2.50041E-3 2.29955E-3 2.45126E-3 3.16457E-3 3.56392E-3 2.88009E-3 2.77179E-3 5.70924E-3 5.91514E-3 5.22565E-3 5.5164E-3 4.81426E-3 4.1452E-3 3.48554E-3 2.74353E-3 2.32211E-3 1.57527E-3 8.37932E-4 3.22721E-4 3.09518E-4 7.13585E-4 6.25347E-4 4.26464E-4 1.00708E-3 2.20565E-3 1.7131E-3 1.99041E-3 3.73391E-3 4.24122E-3 4.24122E-3 3.6051E-3 3.77888E-3 3.45818E-3 3.31956E-3 3.26086E-3 2.95722E-3 3.06465E-3 2.5052E-3 2.9368E-3 3.27508E-3 3.31056E-3 2.93465E-3 2.56749E-3 2.46626E-3 1.81113E-3 9.82981E-4 7.05818E-4 1.16547E-3 1.67296E-3 2.64288E-3 3.59848E-3 4.35111E-3 3.83725E-3 1.89934E-3 4.7151E-4 3.41513E-4 3.0029E-4 4.28328E-4 2.85219E-4 6.87208E-4 5.99739E-4 9.94951E-4 4.85643E-4 4.02321E-4 4.28319E-4 2.06237E-4
5.55712E-4 1.11912E-3 8.23406E-4 1.90144E-3 2.85398E-3 2.8818E-3 3.14239E-3 3.27879E-3 4.02275E-3 3.66901E-3 3.43162E-3 6.27961E-3 6.19161E-3 5.92276E-3 5.72236E-3 5.32643E-3 5.00449E-3 4.07398E-3 3.27508E-3 2.24503E-3 1.68466E-3 8.49864E-4 4.92776E-4 3.97439E-4 8.78087E-4 1.47393E-3 5.02833E-4 5.38133E-4 2.02662E-3 2.35812E-3 2.5052E-3 3.51828E-3 4.11064E-3 4.53697E-3 4.29408E-3 3.84004E-3 3.56363E-3 3.48832E-3 3.42619E-3 3.21933E-3 3.24205E-3 3.11831E-3 3.43162E-3 3.37478E-3 3.31016E-3 3.29413E-3 3.06546E-3 2.48328E-3 2.18081E-3 1.78208E-3 2.0117E-3 2.55123E-3 3.19276E-3 3.69837E-3 4.43258E-3 4.93568E-3 3.67696E-3 2.21128E-3 8.9136E-4 1.44823E-3 1.86818E-3 2.6612E-3 2.56742E-3 2.43706E-3 1.13305E-3 7.88256E-4 1.20277E-3 1.13892E-3 4.53712E-4 9.90612E-5
5.12301E-4 7.90425E-4 6.96853E-4 7.98947E-4 2.3406E-3 3.01007E-3 4.28502E-3 5.23126E-3 5.23932E-3 5.23932E-3 5.23932E-3 6.68274E-3 6.00925E-3 6.11652E-3 6.33617E-3 6.0279E-3 5.32643E-3 4.62881E-3 3.52125E-3 2.52011E-3 1.56773E-3 1.23082E-3 1.00217E-3 5.86252E-4 4.22291E-4 7.95788E-4 8.47172E-4 4.45443E-4 1.52261E-3 1.5544E-3 2.23435E-3 3.35927E-3 4.14327E-3 4.4622E-3 4.07476E-3 3.9259E-3 3.64643E-3 3.50949E-3 3.64643E-3 3.50949E-3 3.55146E-3 3.39703E-3 3.35927E-3 3.45699E-3 3.55379E-3 3.5867E-3 3.48554E-3 2.92254E-3 2.83767E-3 2.88849E-3 3.03643E-3 3.40794E-3 3.94719E-3 4.34877E-3 5.2665E-3 3.76646E-3 2.6561E-3 9.91051E-4 1.5718E-3 3.14994E-3 4.45533E-3 6.15759E-3 6.42818E-3 3.43799E-3 2.89693E-3 3.14614E-3 1.9172E-3 1.01966E-3 2.26612E-4 1.60801E-4
2.75564E-4 8.82772E-5 4.87552E-4 5.20136E-4 1.45775E-3 3.11831E-3 4.00452E-3 5.05608E-3 6.47975E-3 6.97145E-3 7.09672E-3 6.39231E-3 5.81925E-3 6.41523E-3 6.41523E-3 6.5297E-3 6.23636E-3 4.86117E-3 3.74427E-3 2.52011E-3 1.79098E-3 1.40173E-3 1.5416E-3 1.22064E-3 4.31321E-4 3.23343E-4 9.37787E-4 8.15933E-4 1.44687E-3 1.95733E-3 2.15072E-3 2.83119E-3 3.84004E-3 4.37583E-3 3.93138E-3 3.79172E-3 3.72222E-3 3.72222E-3 3.58903E-3 3.51665E-3 3.44652E-3 3.70462E-3 3.76063E-3 3.81435E-3 3.79782E-3 3.66901E-3 3.37478E-3 3.12898E-3 3.23824E-3 3.40846E-3 3.58653E-3 3.8179E-3 4.34386E-3 4.95969E-3 5.48954E-3 5.34186E-3 5.2123E-3 4.47486E-3 4.5548E-3 6.09621E-3 7.3565E-3 7.2943E-3 7.26514E-3 6.63476E-3 4.28084E-3 3.28851E-3 3.6001E-3 8.52942E-4 1.52319E-4 2.9865E-4
4.4149E-4 2.60075E-4 1.74204E-4 1.27354E-4 8.33828E-4 2.19596E-3 2.38708E-3 1.49698E-3 2.16776E-3 6.97145E-3 7.81235E-3 6.21056E-3 6.41523E-3 6.71415E-3 6.80263E-3 6.80263E-3 6.39231E-3 5.81925E-3 4.48934E-3 3.43393E-3 2.75486E-3 1.25065E-3 9.1215E-4 2.09687E-3 1.99273E-3 1.18039E-3 1.5544E-3 1.58925E-3 2.26617E-3 2.78065E-3 2.42466E-3 2.90519E-3 3.85575E-3 4.28924E-3 4.21163E-3 3.99469E-3 3.99469E-3 3.72175E-3 3.65581E-3 3.93138E-3 3.93214E-3 3.93214E-3 3.93031E-3 3.84004E-3 3.45818E-3 3.19844E-3 3.09238E-3 3.37478E-3 3.34342E-3 3.74367E-3 4.08188E-3 4.22428E-3 4.71829E-3 4.93523E-3 5.976E-3 7.01599E-3 7.29724E-3 7.87205E-3 9.56629E-3 9.54218E-3 9.60783E-3 1.00532E-2 9.88594E-3 8.77288E-3 9.04469E-3 7.44959E-3 4.65503E-3 1.66451E-3 9.53035E-4 8.42286E-4
1.00248E-3 3.74241E-4 5.05438E-4 2.15804E-4 3.0031E-4 1.14132E-3 2.39391E-3 3.46107E-3 4.10114E-3 7.95498E-3 8.37688E-3 7.52043E-3 7.22398E-3 7.09672E-3 7.17847E-3 7.17847E-3 6.88844E-3 6.08243E-3 5.14642E-3 3.79984E-3 3.79984E-3 3.55379E-3 2.5052E-3 2.31291E-3 2.77179E-3 1.70489E-3 1.55891E-3 2.55579E-3 2.58435E-3 2.28615E-3 3.18482E-3 3.03519E-3 3.78671E-3 4.27858E-3 4.12447E-3 3.91366E-3 3.98632E-3 3.84219E-3 3.91366E-3 3.92213E-3 3.99469E-3 4.00045E-3 4.0772E-3 3.4127E-3 3.24205E-3 3.35927E-3 3.41929E-3 3.45699E-3 3.58053E-3 3.93479E-3 4.42333E-3 4.76757E-3 4.71829E-3 4.25531E-3 4.7809E-3 6.23855E-3 7.08179E-3 8.63553E-3 1.03326E-2 1.14499E-2 1.12491E-2 1.25615E-2 1.15031E-2 1.14427E-2 8.13137E-3 8.47203E-3 2.80812E-3 1.2941E-3 1.21346E-3 9.20956E-4
1.59139E-3 1.34601E-3 7.44753E-4 3.45961E-4 3.56055E-5 1.69195E-4 1.95692E-3 2.81496E-3 4.3204E-3 7.65523E-3 8.74401E-3 8.24393E-3 7.67429E-3 7.81235E-3 7.67429E-3 7.53841E-3 7.05154E-3 6.08243E-3 5.5183E-3 4.8705E-3 4.16725E-3 4.42693E-3 3.84611E-3 2.57028E-3 2.85107E-3 1.76626E-3 6.3611E-4 2.753E-3 3.3002E-3 2.78137E-3 2.97946E-3 3.85575E-3 3.93214E-3 4.27858E-3 4.0493E-3 4.0493E-3 3.90263E-3 3.90263E-3 3.97536E-3 4.03578E-3 4.0493E-3 4.12447E-3 4.21163E-3 4.15153E-3 3.91892E-3 3.69391E-3 3.66535E-3 3.58343E-3 3.84611E-3 4.24122E-3 4.74925E-3 5.38315E-3 4.79896E-3 4.58761E-3 4.93738E-3 5.60849E-3 6.97561E-3 7.73934E-3 9.13257E-3 9.78899E-3 1.06132E-2 1.32813E-2 1.21341E-2 1.20465E-2 1.23111E-2 8.78574E-3 1.3951E-3 9.22447E-4 8.43402E-4 7.28089E-4
6.9921E-4 1.82549E-3 1.27181E-3 6.26823E-4 2.86112E-4 1.37706E-4 7.74195E-4 1.73284E-3 7.61664E-4 5.71236E-3 8.39187E-3 8.52775E-3 9.06693E-3 8.69939E-3 8.34199E-3 8.54466E-3 8.08223E-3 6.52931E-3 5.70924E-3 4.61045E-3 3.692E-3 4.18402E-3 4.7011E-3 3.14712E-3 2.95906E-3 2.01879E-3 1.64846E-3 2.753E-3 3.24205E-3 3.56363E-3 3.42619E-3 4.00358E-3 4.42449E-3 4.34417E-3 4.20089E-3 3.90263E-3 3.90263E-3 3.96182E-3 4.01966E-3 4.17126E-3 4.17126E-3 4.18742E-3 4.34417E-3 3.86036E-3 3.50004E-3 3.55146E-3 3.81435E-3 3.89731E-3 4.27318E-3 4.86117E-3 5.32643E-3 5.71236E-3 5.25177E-3 4.87876E-3 4.63489E-3 6.05618E-3 7.08179E-3 8.37786E-3 8.86775E-3 1.04075E-2 1.12857E-2 1.47463E-2 1.63735E-2 1.99094E-2 2.08405E-2 8.49346E-3 5.78397E-4 5.07829E-4 3.45548E-4 3.49365E-4
1.5416E-3 7.25511E-4 1.46391E-3 1.18766E-3 9.50126E-4 3.06027E-4 2.64198E-4 4.83695E-4 5.30524E-4 3.26859E-3 5.71236E-3 8.83673E-3 9.60863E-3 9.62575E-3 9.46474E-3 9.46474E-3 8.91848E-3 7.47332E-3 6.11102E-3 5.32543E-3 4.52947E-3 4.36179E-3 4.70864E-3 3.95218E-3 3.19844E-3 2.5114E-3 2.36763E-3 1.95424E-3 2.07669E-3 3.33685E-3 4.30214E-3 4.43783E-3 4.63818E-3 4.48995E-3 4.34417E-3 3.97536E-3 4.11097E-3 4.17126E-3 4.15243E-3 4.01966E-3 3.58951E-3 3.39525E-3 3.65581E-3 3.50949E-3 3.50949E-3 3.70462E-3 3.98983E-3 4.44976E-3 4.53697E-3 5.14642E-3 5.81925E-3 5.70175E-3 5.46777E-3 4.87876E-3 5.24517E-3 6.60878E-3 7.49741E-3 9.14232E-3 1.00307E-2 1.14355E-2 1.30046E-2 1.45439E-2 1.93263E-2 2.24345E-2 2.18068E-2 2.12166E-3 7.62024E-4 2.88053E-4 3.1732E-4 4.39923E-4
2.01498E-3 1.79117E-3 7.86489E-4 7.48718E-4 1.06384E-3 1.16871E-3 3.26272E-4 1.30852E-4 2.85144E-4 7.1883E-4 1.98858E-3 8.03095E-3 9.41525E-3 9.60863E-3 9.46474E-3 9.47079E-3 9.13259E-3 8.6188E-3 7.40394E-3 6.56353E-3 5.63975E-3 5.31645E-3 4.44976E-3 3.64755E-3 3.03849E-3 2.7051E-3 1.53242E-3 1.30069E-3 1.32801E-3 1.67723E-3 4.22733E-3 4.81107E-3 5.03295E-3 4.7017E-3 4.4083E-3 4.17126E-3 4.01966E-3 4.15243E-3 4.50694E-3 4.09483E-3 3.27307E-3 3.39525E-3 3.26942E-3 3.52151E-3 3.65196E-3 3.93031E-3 4.30376E-3 4.70778E-3 5.05359E-3 5.70924E-3 6.21056E-3 6.13679E-3 5.49918E-3 5.67471E-3 6.10388E-3 7.3667E-3 8.86004E-3 1.01908E-2 1.1077E-2 1.28483E-2 1.48497E-2 1.73415E-2 2.16111E-2 2.21398E-2 7.42727E-3 3.17426E-3 6.77422E-3 6.2797E-3 5.51298E-3 2.87212E-3
2.42608E-3 2.18081E-3 1.45918E-3 2.895E-4 3.02909E-4 6.63908E-4 1.04809E-3 7.7696E-4 2.96595E-5 1.336E-4 4.00792E-4 5.55162E-3 9.24699E-3 9.63756E-3 9.28391E-3 8.93815E-3 8.79138E-3 8.96232E-3 8.29246E-3 7.06948E-3 6.89056E-3 5.81962E-3 4.62402E-3 3.88272E-3 2.98544E-3 2.5114E-3 1.61678E-3 1.39824E-3 1.67724E-3 1.25672E-3 3.26086E-3 5.03295E-3 5.15834E-3 4.91292E-3 4.8518E-3 4.23007E-3 4.15243E-3 4.42424E-3 4.47925E-3 4.47925E-3 4.23007E-3 4.28731E-3 3.92213E-3 3.72175E-3 4.14884E-3 4.29709E-3 4.98972E-3 5.17427E-3 5.63975E-3 6.16868E-3 6.41523E-3 5.71236E-3 5.37556E-3 6.36218E-3 7.14383E-3 8.1979E-3 9.47239E-3 1.09905E-2 1.24248E-2 1.4437E-2 1.66441E-2 2.06492E-2 2.33291E-2 1.98019E-2 2.42757E-3 1.04302E-2 1.18553E-2 9.43966E-3 5.23192E-3 2.16549E-3
2.19309E-3 2.10934E-3 2.0117E-3 1.61296E-3 8.87505E-4 2.88841E-4 3.67942E-4 1.05951E-3 7.00048E-4 3.26433E-4 5.9616E-4 5.66942E-3 9.35643E-3 9.8201E-3 8.96755E-3 8.63246E-3 8.96742E-3 8.93724E-3 8.63246E-3 7.60399E-3 7.43699E-3 6.331E-3 5.38419E-3 4.12419E-3 3.33726E-3 2.26617E-3 9.47503E-4 1.13007E-3 1.67724E-3 1.62013E-3 3.61562E-3 5.35088E-3 5.47268E-3 5.21784E-3 5.12268E-3 4.82329E-3 4.73513E-3 4.36746E-3 4.42424E-3 4.8088E-3 4.85807E-3 4.7039E-3 4.32797E-3 4.20089E-3 4.4083E-3 5.00405E-3 5.0587E-3 4.4622E-3 5.74218E-3 6.33426E-3 6.21056E-3 5.70175E-3 6.28254E-3 6.86393E-3 7.87839E-3 9.29237E-3 1.04085E-2 1.21351E-2 1.42539E-2 1.6443E-2 1.95974E-2 2.25895E-2 2.48681E-2 1.33188E-2 7.25995E-3 1.0658E-2 8.97239E-3 5.76384E-3 1.45261E-3 1.0064E-3
7.96555E-4 1.02738E-3 1.32714E-3 1.43416E-3 1.22624E-3 1.34699E-3 7.32386E-4 1.10446E-3 1.22001E-3 5.01079E-4 6.24212E-5 2.32847E-3 6.76409E-3 8.89391E-3 9.27135E-3 8.96232E-3 8.80476E-3 8.64474E-3 8.3337E-3 7.66331E-3 7.52839E-3 7.01323E-3 5.48183E-3 4.54149E-3 3.93454E-3 1.52814E-3 8.25173E-4 1.29501E-3 1.79684E-3 1.64846E-3 3.98983E-3 5.67688E-3 5.9011E-3 5.6325E-3 5.37307E-3 5.27509E-3 4.99068E-3 4.7039E-3 4.61745E-3 4.61745E-3 4.8088E-3 4.75739E-3 4.7039E-3 4.7918E-3 4.88117E-3 5.00405E-3 4.60238E-3 4.70778E-3 4.96404E-3 5.7997E-3 5.62271E-3 5.38315E-3 6.5591E-3 7.81218E-3 8.95022E-3 1.00606E-2 1.18643E-2 1.37155E-2 1.50575E-2 1.76539E-2 2.09372E-2 2.39989E-2 2.54158E-2 1.85851E-2 1.19738E-2 9.77264E-3 3.23372E-3 3.89942E-3 1.55627E-3 6.95069E-5
3.28035E-4 2.34696E-4 3.49172E-4 4.19699E-4 5.71447E-4 5.0193E-4 8.52804E-4 9.97614E-4 9.33181E-4 8.46493E-4 6.68336E-5 2.04633E-4 2.74346E-3 6.92661E-3 8.78929E-3 8.91731E-3 8.62897E-3 8.18016E-3 8.31617E-3 8.18016E-3 8.29246E-3 7.34964E-3 6.331E-3 5.48183E-3 4.87936E-3 2.06118E-3 7.34885E-4 1.52814E-3 1.92541E-3 1.19671E-3 3.19844E-3 5.61456E-3 6.12109E-3 6.00975E-3 6.00975E-3 5.74186E-3 5.53386E-3 5.18673E-3 5.04213E-3 5.13804E-3 5.27984E-3 5.04213E-3 4.99068E-3 4.99068E-3 5.32999E-3 4.78877E-3 4.07696E-3 4.06965E-3 4.28502E-3 4.8705E-3 5.31795E-3 5.49379E-3 6.93052E-3 7.94852E-3 9.24592E-3 1.07216E-2 1.22193E-2 1.45918E-2 1.63227E-2 1.9341E-2 2.21305E-2 2.41912E-2 2.43598E-2 1.13831E-2 9.59186E-3 7.39082E-3 2.93295E-3 1.32692E-3 6.5674E-4 7.23298E-4
1.80126E-4 7.17559E-5 1.10944E-4 2.03804E-4 3.93394E-4 5.89162E-4 4.52247E-4 4.94154E-4 1.8263E-4 3.87039E-5 1.92344E-4 4.79674E-5 7.60777E-4 5.03496E-3 8.21365E-3 8.91731E-3 8.41219E-3 8.30112E-3 8.12902E-3 8.54047E-3 8.01355E-3 7.72093E-3 7.29647E-3 6.76308E-3 5.304E-3 3.14264E-3 1.92547E-3 1.66898E-3 2.16776E-3 1.11349E-3 1.8279E-3 4.96722E-3 6.34774E-3 6.4531E-3 6.38179E-3 6.26532E-3 6.15076E-3 5.85632E-3 6.0021E-3 6.03484E-3 5.95209E-3 5.89135E-3 5.67097E-3 5.23453E-3 4.82329E-3 4.07404E-3 3.62825E-3 3.66535E-3 3.41929E-3 3.66901E-3 4.19845E-3 5.306E-3 6.69528E-3 7.94852E-3 8.93812E-3 1.10313E-2 1.2773E-2 1.42815E-2 1.72141E-2 1.90837E-2 2.17755E-2 2.28194E-2 1.94896E-2 8.42499E-3 9.43935E-3 7.17527E-3 4.26829E-3 2.03125E-3 1.94524E-3 6.2574E-3
8.77523E-4 3.9966E-4 2.09394E-4 8.59817E-5 4.3949E-5 3.2083E-4 4.70714E-4 3.57296E-4 3.10289E-4 1.8263E-4 8.02662E-5 1.72747E-4 5.01079E-4 2.84118E-3 7.65753E-3 8.48165E-3 8.43652E-3 8.54047E-3 8.50668E-3 8.38327E-3 8.25733E-3 8.0221E-3 7.60399E-3 7.17136E-3 5.59668E-3 1.69179E-3 1.6356E-3 1.19056E-3 1.5416E-3 1.92394E-3 1.29329E-3 2.59308E-3 4.87961E-3 6.40852E-3 6.78879E-3 6.74468E-3 6.65491E-3 6.17858E-3 6.32241E-3 6.44122E-3 6.14828E-3 5.85632E-3 5.09128E-3 4.59102E-3 4.21163E-3 3.50949E-3 2.52082E-3 2.80673E-3 2.67661E-3 3.05657E-3 3.71312E-3 4.82187E-3 6.17647E-3 7.00392E-3 8.79859E-3 1.09938E-2 1.29754E-2 1.44918E-2 1.68656E-2 1.92456E-2 2.1891E-2 2.20549E-2 1.99879E-2 1.14499E-2 9.51035E-3 3.06253E-3 2.96375E-3 1.16158E-3 1.50983E-3 1.22961E-2
1.54911E-3 8.67201E-4 3.35363E-4 9.28686E-5 1.90008E-5 5.70814E-5 5.43174E-5 4.9487E-5 7.46928E-5 3.82455E-5 2.90967E-4 6.39755E-4 5.78446E-4 2.15778E-3 5.14642E-3 6.58219E-3 7.9944E-3 8.17414E-3 8.1636E-3 8.30112E-3 8.12902E-3 8.1636E-3 7.8645E-3 7.82916E-3 7.14137E-3 2.20735E-3 7.37424E-4 9.04736E-4 1.08235E-3 1.00217E-3 1.26208E-3 1.98679E-3 1.4828E-3 3.49223E-3 6.28404E-3 6.83117E-3 6.87E-3 6.42458E-3 6.1916E-3 5.81826E-3 5.81826E-3 4.99068E-3 4.64841E-3 4.20089E-3 3.72222E-3 2.82411E-3 1.9839E-3 2.01879E-3 2.05855E-3 2.4774E-3 2.7379E-3 2.8858E-3 3.24325E-3 4.82583E-3 8.35896E-3 1.13397E-2 1.28141E-2 1.49283E-2 1.70472E-2 1.87851E-2 2.05128E-2 2.13707E-2 2.25266E-2 1.38065E-2 6.63663E-3 2.10541E-3 1.36508E-3 5.12839E-4 1.63701E-3 1.5579E-2
