KUENM/Final_Models/M_0.1_F_lq_Set_2_EC/sp1_5.asc
ncols         197
nrows         210
xllcorner     56.1666666666667
yllcorner     4.5
cellsize      0.166666666666667
NODATA_value  -9999
[rows 28 to 55 of 210, columns 65 to 129 of 197]
1.52778E-11 2.64064E-12 1.58486E-13 1.08902E-12 2.50421E-11 2.09216E-10 1.87672E-12 4.01565E-13 3.97472E-11 2.00869E-10 1.82721E-11 7.53562E-13 1.67004E-4 6.24673E-4 1.73584E-5 5.74479E-3 3.06005E-3 9.86265E-5 2.99739E-2 5.9076E-2 5.49002E-3 4.41264E-6 3.09341E-5 1.88461E-2 7.85836E-2 7.33879E-3 1.07625E-1 9.2815E-2 7.13824E-2 7.27275E-3 1.83184E-2 1.44316E-2 1.56065E-3 4.80736E-5 8.46015E-4 6.88978E-4 3.95239E-5 1.04527E-7 3.99108E-9 1.10636E-7 8.79913E-13 2.85255E-10 4.15914E-8 5.7619E-8 4.39691E-8 9.50848E-10 2.24129E-10 3.03574E-12 2.25661E-13 7.52495E-15 2.60809E-16 3.79545E-17 2.58069E-16 3.00106E-18 5.98151E-15 3.31175E-12 1.86412E-18 3.25241E-20 2.28098E-20 2.88751E-16 1.23871E-15 1.65527E-15 1.43971E-18 5.14746E-15 5.3636E-25
3.92633E-14 5.09851E-14 2.39672E-13 2.2834E-14 5.91144E-14 4.63813E-15 2.55618E-13 4.61749E-12 1.43281E-13 1.19904E-13 2.75939E-12 6.41392E-9 8.6943E-5 3.77982E-4 1.33442E-4 3.40461E-3 2.74865E-2 4.89256E-2 1.22682E-1 1.51561E-1 1.28793E-1 1.79169E-1 1.48267E-1 1.18462E-1 2.28542E-2 2.12789E-1 2.59345E-1 8.8105E-2 1.33259E-1 1.78145E-1 1.52201E-1 8.99048E-3 1.10801E-2 1.58007E-3 1.76583E-3 1.31046E-5 5.04543E-5 2.8501E-5 1.43536E-5 6.12413E-8 1.6479E-8 1.9085E-6 3.69571E-7 1.78064E-5 1.65003E-6 4.31982E-10 1.23523E-10 9.11462E-11 1.09582E-11 4.32799E-14 2.6449E-17 1.40967E-16 2.4345E-16 1.8281E-14 7.47512E-12 1.32524E-13 1.24444E-12 3.87806E-13 6.89514E-20 2.29697E-21 3.21357E-21 9.79528E-20 4.41295E-14 3.86105E-11 5.92224E-20
5.89928E-12 5.18455E-13 6.99477E-12 2.70521E-11 3.56632E-10 4.26169E-10 2.87885E-11 2.81909E-11 1.11151E-11 1.36719E-9 2.88519E-7 6.33042E-7 3.29363E-5 5.7528E-5 1.55578E-5 2.71033E-5 1.26136E-3 7.66254E-3 6.17227E-2 1.41541E-1 1.66232E-1 2.02671E-1 2.46592E-1 2.42474E-1 1.94862E-1 2.84029E-1 3.01425E-1 3.10151E-1 4.3827E-1 4.40748E-1 3.89075E-1 1.69987E-1 5.87086E-2 2.71747E-2 4.25424E-3 2.11869E-4 1.84201E-5 1.97677E-6 1.24577E-5 7.26582E-5 1.76482E-4 1.05728E-7 5.57033E-6 8.9215E-4 1.13126E-4 1.51808E-4 3.54815E-8 1.14631E-12 1.02558E-13 1.38555E-14 9.92809E-17 2.02305E-15 1.57597E-14 1.46728E-14 5.58941E-14 1.30273E-13 9.14713E-14 7.17299E-13 2.21406E-12 4.57244E-17 3.04217E-20 4.69958E-22 4.73562E-21 2.03139E-20 6.99318E-14
2.68654E-12 6.87626E-11 1.15138E-10 2.8708E-12 2.11106E-12 1.43361E-10 4.83735E-10 6.24373E-9 2.67417E-9 5.43758E-9 5.66537E-8 8.84459E-7 4.10403E-5 1.02021E-5 1.66488E-8 2.374E-8 5.81965E-5 1.01503E-3 2.96785E-2 1.01713E-1 1.77541E-1 2.13781E-1 2.54959E-1 3.00406E-1 3.28652E-1 3.41621E-1 4.04695E-1 5.01166E-1 5.27876E-1 5.22901E-1 5.1806E-1 4.89861E-1 3.62675E-1 1.23413E-1 8.14001E-3 6.42439E-3 1.01262E-4 3.30021E-5 2.79899E-5 1.71258E-3 4.7641E-5 1.64167E-7 3.89866E-9 3.86822E-5 1.31883E-3 2.19266E-3 9.48763E-5 3.13641E-7 7.75035E-11 2.79467E-12 2.8817E-14 2.12843E-16 1.8032E-18 8.69275E-15 1.86859E-16 5.22269E-17 4.7505E-17 6.32359E-16 1.4021E-14 4.3444E-13 7.29172E-13 8.91095E-12 1.88351E-15 1.6261E-17 1.57803E-18
8.96705E-11 6.26704E-10 9.08983E-12 5.25668E-12 4.68832E-12 1.47177E-10 9.9232E-10 7.43825E-10 2.15559E-8 3.02778E-7 2.30233E-6 1.12302E-5 4.5746E-5 4.13362E-6 2.0945E-10 1.2626E-8 8.29065E-9 2.10001E-11 1.66634E-8 7.32853E-5 2.96063E-3 3.49528E-2 1.26833E-1 1.11615E-1 1.42247E-1 2.05733E-1 4.56812E-1 4.92803E-1 5.39556E-1 5.47301E-1 5.39558E-1 5.18658E-1 5.12146E-1 4.68455E-1 1.97465E-1 1.51806E-1 1.26961E-3 2.15484E-4 1.43152E-5 1.15106E-2 1.1293E-3 4.70688E-5 4.24558E-5 1.3426E-7 6.93908E-6 9.81251E-4 1.92439E-3 1.09935E-4 2.7056E-9 2.43202E-11 2.58849E-13 1.66693E-14 5.3055E-18 2.86131E-15 4.36291E-20 8.33584E-19 2.57777E-19 1.04439E-19 2.16833E-20 4.08138E-16 2.80311E-17 3.13969E-13 1.74978E-13 7.09011E-10 1.40057E-14
2.27796E-9 3.25851E-10 3.5478E-12 1.31503E-12 6.19707E-13 3.64598E-11 4.11449E-11 1.45402E-10 6.79225E-9 9.1594E-8 1.09652E-6 2.48651E-5 2.12279E-5 3.56332E-7 1.54982E-9 2.15644E-7 8.15238E-6 1.7791E-4 5.14349E-4 2.65745E-6 5.63707E-8 1.25481E-6 3.20437E-4 1.44556E-2 1.09203E-1 2.63522E-1 4.74785E-1 5.0528E-1 5.12681E-1 4.31568E-1 4.39947E-1 5.32644E-1 5.43903E-1 4.82898E-1 2.84795E-1 1.51123E-1 4.86274E-3 2.79986E-3 1.24886E-3 3.32712E-2 2.38227E-2 2.35816E-4 6.98394E-5 1.89169E-7 7.31249E-12 6.46323E-7 2.10677E-4 2.21795E-3 2.04037E-4 5.79111E-7 1.46634E-12 3.6958E-12 2.47142E-15 1.45078E-17 3.73905E-18 3.36319E-19 3.23522E-19 1.00483E-18 2.17047E-17 7.20052E-16 6.72006E-14 4.93432E-13 9.93367E-17 5.6716E-17 6.45972E-11
2.48864E-11 4.32665E-13 1.13703E-11 1.31141E-13 7.16939E-12 3.04283E-11 4.17226E-11 2.89647E-8 3.25659E-7 1.85055E-7 5.49875E-8 1.24614E-6 1.59194E-7 7.93629E-8 7.09891E-7 1.1838E-6 2.04414E-4 9.57704E-4 1.06251E-2 3.62305E-2 1.05939E-2 6.05169E-4 1.7018E-3 3.78486E-3 5.72877E-2 1.75233E-1 3.11297E-1 4.51319E-1 3.01334E-1 4.00165E-1 5.21638E-1 5.23907E-1 5.31438E-1 4.87979E-1 3.68845E-1 1.13201E-1 2.89373E-2 2.48008E-2 2.90548E-2 6.38073E-2 2.35384E-2 7.41047E-2 6.27473E-2 1.27027E-3 3.64924E-10 2.42974E-11 1.20171E-6 2.68776E-4 2.84054E-3 3.87241E-4 3.29749E-9 1.17208E-10 1.36486E-11 1.76819E-13 1.98926E-18 2.08112E-20 1.28274E-17 5.75475E-18 8.36964E-17 2.6104E-14 1.70741E-19 2.07171E-16 3.02435E-18 1.4607E-20 1.50515E-14
1.89442E-12 1.33978E-10 5.31542E-12 5.37043E-14 4.07325E-11 7.97224E-11 1.30697E-9 6.55743E-8 3.22084E-6 1.20015E-6 3.91065E-7 5.18201E-7 3.73243E-6 5.64936E-6 3.11623E-7 1.15701E-7 3.01681E-4 1.95919E-2 4.74075E-2 1.31832E-1 7.92677E-2 2.19363E-2 6.19778E-2 9.61326E-2 3.00787E-1 4.39433E-1 5.30681E-1 4.95289E-1 4.85811E-1 5.6243E-1 5.53613E-1 5.14856E-1 4.96337E-1 4.74928E-1 3.91586E-1 2.07238E-1 9.87516E-2 7.93941E-2 5.52267E-2 5.84536E-2 9.01025E-2 1.32845E-1 1.18209E-1 1.45547E-2 3.1072E-6 2.16076E-12 2.87429E-10 5.90475E-7 1.0853E-5 1.56518E-5 2.10082E-8 1.44555E-10 1.88372E-8 7.27156E-12 1.70304E-15 2.20817E-17 8.33292E-19 1.22573E-18 8.40722E-16 4.02835E-14 2.01249E-16 3.96051E-19 4.28359E-17 2.40869E-20 4.91328E-18
2.38051E-10 3.10052E-11 5.67462E-11 2.55466E-12 1.98342E-11 7.92357E-12 8.85108E-9 1.44275E-6 1.35567E-5 1.85765E-5 6.73207E-6 2.80413E-5 2.56774E-5 2.00596E-7 1.68389E-5 3.43864E-5 6.06497E-3 5.80952E-2 1.42467E-1 1.45317E-1 2.35429E-1 2.88166E-1 3.10548E-1 3.01407E-1 3.89421E-1 5.27876E-1 5.88483E-1 5.8588E-1 5.75131E-1 5.81633E-1 5.65752E-1 5.382E-1 5.32515E-1 4.94458E-1 4.50095E-1 3.92266E-1 2.62994E-1 2.09964E-1 1.64097E-1 9.12594E-2 5.07063E-2 8.10376E-2 1.30209E-1 8.13019E-2 1.00289E-2 5.25879E-7 5.5802E-6 3.68937E-8 7.46074E-9 6.89498E-7 1.13706E-9 8.30836E-7 2.23975E-5 2.11542E-7 7.94564E-13 1.79507E-12 1.0478E-13 2.2696E-19 2.74702E-19 1.57202E-14 3.29487E-19 3.03389E-17 1.97126E-18 2.3827E-18 5.85112E-19
4.59513E-11 1.74256E-11 6.26785E-10 4.55796E-10 8.13891E-10 8.41444E-8 2.40291E-6 1.13581E-5 2.11708E-5 1.30644E-5 2.72735E-5 2.82493E-5 1.41998E-6 8.83982E-8 2.17936E-5 1.06054E-3 2.43012E-2 5.65987E-2 6.87808E-2 2.10908E-1 3.24189E-1 3.90168E-1 3.64664E-1 4.51295E-1 5.01682E-1 5.24205E-1 5.41071E-1 5.57857E-1 5.81113E-1 5.6287E-1 5.64148E-1 5.68615E-1 5.54576E-1 5.54328E-1 5.58666E-1 4.9505E-1 4.1849E-1 3.87248E-1 3.26985E-1 1.44988E-1 5.50973E-2 5.52966E-2 1.49811E-1 1.52314E-1 1.08887E-1 2.27175E-2 4.71015E-3 1.56413E-4 1.82764E-4 8.07599E-5 4.49671E-7 1.35828E-7 1.21826E-5 3.24241E-8 2.09219E-9 1.00286E-9 6.22639E-15 1.74965E-16 8.83763E-20 3.93471E-18 1.11605E-16 9.5373E-17 3.13402E-16 5.9167E-17 2.49487E-17
1.45265E-10 4.52728E-10 1.92386E-8 1.00201E-8 9.06403E-8 1.66089E-6 8.76802E-6 1.4246E-5 4.10573E-6 2.69859E-6 1.93787E-5 9.48621E-6 6.90375E-7 2.26339E-6 1.43375E-5 1.55334E-4 2.03318E-3 4.16953E-2 1.65752E-1 3.21501E-1 4.08257E-1 4.52632E-1 4.82437E-1 5.17939E-1 5.22159E-1 4.07086E-1 4.07734E-1 5.33707E-1 5.88789E-1 5.86549E-1 5.8451E-1 5.69771E-1 5.69875E-1 5.68248E-1 5.62045E-1 5.29476E-1 5.04182E-1 4.72994E-1 4.08983E-1 2.68417E-1 1.36848E-1 7.56536E-2 1.107E-1 1.00141E-1 4.57851E-2 2.5826E-2 1.94374E-3 1.22656E-3 2.6569E-4 2.0722E-5 1.77566E-5 2.02005E-5 5.38171E-6 1.21109E-6 2.18574E-9 5.54776E-11 2.78273E-9 3.08995E-14 5.22172E-17 6.25622E-20 3.05146E-19 1.27199E-17 3.73905E-18 4.98813E-17 4.11391E-18
2.29928E-9 5.17262E-7 2.76997E-8 1.10696E-7 9.53115E-7 5.39608E-6 1.12099E-5 6.08106E-6 6.92756E-6 2.8245E-5 7.24944E-6 1.64944E-6 7.79689E-6 5.09748E-5 8.23466E-4 5.15375E-3 2.63176E-2 5.28577E-2 2.3207E-1 3.77064E-1 4.37263E-1 4.6057E-1 4.85931E-1 5.18277E-1 5.03448E-1 5.56845E-1 5.74445E-1 5.78826E-1 5.77512E-1 5.7135E-1 5.64283E-1 5.44966E-1 5.42895E-1 5.40081E-1 5.29746E-1 5.47959E-1 5.58704E-1 5.61236E-1 5.18059E-1 4.25498E-1 3.0832E-1 2.02073E-1 1.35126E-1 8.54748E-2 2.69715E-2 3.46309E-3 2.23289E-4 4.39158E-5 1.81704E-6 3.16601E-6 8.67164E-7 8.76095E-9 2.66219E-8 2.16604E-8 4.04485E-8 2.34269E-8 1.70141E-9 7.91679E-13 5.90899E-16 4.08554E-16 2.40133E-19 2.16338E-19 4.01184E-18 2.58933E-16 3.38722E-18
1.78252E-7 3.55066E-6 1.10008E-6 4.60122E-6 1.19982E-5 1.21162E-5 1.93847E-5 2.43139E-5 4.08451E-5 2.5557E-5 1.45648E-6 1.14541E-5 1.5125E-5 2.73069E-4 6.91654E-5 1.91599E-4 6.78614E-5 5.28696E-3 8.70862E-2 2.84357E-1 4.32217E-1 4.53029E-1 4.76684E-1 5.00541E-1 5.15762E-1 5.38982E-1 5.55737E-1 5.65524E-1 5.35864E-1 5.58332E-1 5.38426E-1 5.04013E-1 4.81945E-1 4.613E-1 4.62039E-1 4.92655E-1 5.31803E-1 5.98226E-1 5.96363E-1 5.57173E-1 4.78918E-1 4.07434E-1 3.17879E-1 1.96623E-1 7.50222E-2 1.68483E-2 2.4138E-3 2.17791E-4 2.43885E-6 2.53036E-8 5.71185E-7 2.63082E-8 2.89999E-9 1.36768E-10 4.43641E-11 3.84359E-9 2.93468E-10 8.49847E-12 5.7556E-12 1.36838E-16 1.60604E-16 2.05103E-15 1.0553E-18 2.40133E-19 2.67803E-18
2.09048E-5 3.87128E-6 1.75449E-5 1.45121E-5 1.05479E-5 2.90303E-5 4.31297E-5 4.69292E-5 4.23115E-5 1.84854E-5 4.55934E-5 3.01169E-4 6.30543E-5 1.94583E-4 1.21881E-5 1.57909E-5 4.32587E-4 1.28749E-2 8.34726E-2 1.46022E-1 4.11345E-1 4.48914E-1 4.60193E-1 4.82925E-1 5.00629E-1 5.19777E-1 5.38666E-1 5.47555E-1 5.49493E-1 4.71247E-1 4.17094E-1 4.01327E-1 4.95029E-1 5.43143E-1 5.78983E-1 5.88789E-1 6.12359E-1 6.3025E-1 6.33092E-1 6.20617E-1 6.01937E-1 5.69614E-1 5.23724E-1 4.22087E-1 2.73025E-1 2.18332E-1 7.63551E-2 1.38596E-2 8.57523E-4 4.44678E-6 2.40872E-8 1.09172E-9 6.23406E-11 8.56598E-14 2.35009E-16 3.8209E-12 1.19196E-9 4.05371E-12 3.20705E-13 2.39136E-11 3.04453E-12 1.8034E-14 7.91828E-19 2.96597E-18 3.00407E-19
9.02945E-6 5.76148E-5 3.68413E-5 4.94909E-6 2.25085E-5 5.18198E-5 5.37795E-5 3.14869E-5 3.11737E-5 3.99163E-5 1.03318E-4 1.17722E-3 6.98405E-4 1.54199E-4 2.91458E-4 2.89877E-3 7.71283E-3 7.63147E-2 2.6518E-1 3.61571E-1 4.05668E-1 4.27851E-1 4.48105E-1 4.52037E-1 4.56473E-1 4.90093E-1 5.03E-1 5.18709E-1 5.30033E-1 5.3515E-1 5.09533E-1 5.60645E-1 5.89309E-1 5.9008E-1 5.85407E-1 5.76934E-1 5.9278E-1 6.12375E-1 6.29763E-1 6.37204E-1 6.36377E-1 6.29767E-1 6.16511E-1 5.83096E-1 5.09306E-1 5.2691E-1 3.88526E-1 1.66952E-1 4.49833E-2 6.74636E-3 1.99359E-4 7.24964E-7 9.08223E-9 1.79002E-14 3.73857E-19 1.69567E-12 6.211E-12 1.96515E-9 2.70255E-11 6.37871E-12 8.5304E-11 6.94843E-12 1.14918E-17 9.43561E-16 5.26581E-17
2.64065E-4 1.02785E-4 2.14401E-5 5.32675E-5 4.4828E-5 2.81018E-5 1.54104E-5 1.66292E-5 1.80472E-5 1.06222E-5 4.27494E-5 6.00617E-4 7.30437E-3 4.34429E-3 1.32166E-2 5.48684E-2 6.5757E-2 1.59825E-1 3.07583E-1 3.75485E-1 3.82766E-1 4.00767E-1 4.21833E-1 4.34785E-1 4.38744E-1 4.48907E-1 4.62449E-1 4.77008E-1 4.92544E-1 5.13522E-1 5.38067E-1 5.60126E-1 5.78502E-1 5.81149E-1 5.75109E-1 5.70411E-1 5.74184E-1 5.92088E-1 6.07367E-1 6.26007E-1 6.35534E-1 6.37123E-1 6.36377E-1 6.22654E-1 5.99858E-1 5.82195E-1 5.31491E-1 4.03934E-1 2.50968E-1 8.79526E-2 1.27007E-2 3.12213E-4 5.08876E-7 5.35538E-11 5.45098E-21 3.56616E-24 7.8496E-12 1.49447E-9 6.30293E-10 4.11604E-12 4.31894E-11 2.22355E-9 1.96253E-14 3.79966E-16 1.13034E-19
2.74715E-4 3.16607E-5 6.26903E-5 3.64628E-5 1.6491E-5 1.11887E-5 1.31719E-5 3.70773E-5 3.52831E-5 1.00095E-4 2.76871E-4 1.28222E-4 1.24853E-2 3.82635E-2 6.66907E-2 1.26293E-1 2.14828E-1 2.3844E-1 3.4135E-1 3.56271E-1 3.67853E-1 3.77401E-1 3.92517E-1 3.98917E-1 3.99989E-1 4.08123E-1 4.19023E-1 4.31517E-1 4.47194E-1 4.68988E-1 4.98839E-1 5.27461E-1 5.56898E-1 5.69603E-1 5.71366E-1 5.56246E-1 5.51924E-1 5.65565E-1 5.78243E-1 5.98259E-1 6.18374E-1 6.31599E-1 6.37458E-1 6.26525E-1 6.1333E-1 6.01139E-1 5.74346E-1 5.24485E-1 4.11643E-1 2.33305E-1 7.48681E-2 1.07501E-2 8.63386E-5 2.3013E-8 7.00213E-13 2.18897E-22 2.3951E-27 7.03407E-20 4.22502E-12 1.21043E-9 3.12974E-10 3.53273E-9 1.4711E-10 3.8333E-16 2.94488E-19
9.62474E-5 6.22738E-5 3.99163E-5 1.14365E-4 4.93072E-5 3.76978E-5 5.42529E-5 9.00114E-5 2.12768E-4 3.2041E-4 9.771E-4 7.33884E-4 4.28915E-3 5.53477E-2 1.13272E-1 1.19451E-1 1.63782E-1 8.71356E-2 3.20813E-1 3.39011E-1 3.51154E-1 3.62781E-1 3.7168E-1 3.67853E-1 3.67853E-1 3.69768E-1 3.72639E-1 3.86874E-1 4.03701E-1 4.20823E-1 4.54011E-1 4.92764E-1 5.21469E-1 5.37549E-1 5.40584E-1 5.29727E-1 5.31372E-1 5.33866E-1 5.53223E-1 5.74445E-1 6.02069E-1 6.28201E-1 6.40907E-1 6.33192E-1 6.18862E-1 6.01139E-1 5.74652E-1 5.42603E-1 4.75414E-1 3.61134E-1 2.00649E-1 7.07965E-2 2.03685E-3 1.21063E-6 1.36198E-11 8.42318E-13 1.80072E-19 1.23926E-17 5.24286E-14 7.14167E-12 9.74854E-11 4.38263E-10 6.07067E-10 1.346E-13 5.8993E-16
5.23458E-5 1.50819E-4 5.01767E-4 1.21193E-4 1.71756E-4 1.64764E-4 2.58179E-4 2.9251E-4 5.16532E-4 9.07195E-4 2.12832E-3 1.97909E-3 7.24932E-3 9.59814E-3 9.06844E-2 1.11407E-1 6.16372E-2 2.70692E-2 2.94988E-1 3.32054E-1 3.31654E-1 3.43368E-1 3.43368E-1 3.40819E-1 3.15512E-1 3.19409E-1 3.29149E-1 3.46641E-1 3.58241E-1 3.77401E-1 4.13594E-1 4.48907E-1 4.83305E-1 5.05324E-1 5.08718E-1 5.03046E-1 4.99112E-1 5.17004E-1 5.32768E-1 5.56602E-1 5.8748E-1 6.19483E-1 6.39437E-1 6.37313E-1 6.15521E-1 5.93453E-1 5.57544E-1 5.2466E-1 5.03348E-1 4.43131E-1 3.26391E-1 2.06757E-1 3.8281E-2 4.71949E-5 6.01673E-11 1.12315E-10 2.39101E-9 1.9099E-11 8.32502E-12 4.95938E-9 1.06253E-9 6.90773E-9 3.98597E-10 3.43311E-11 1.50959E-14
7.76502E-4 6.74057E-4 4.19878E-4 2.92204E-4 3.50935E-4 4.73605E-4 5.12184E-4 6.44434E-4 9.675E-4 1.50663E-3 3.74961E-3 4.47002E-3 5.51557E-3 1.6235E-2 5.40915E-2 8.67187E-2 9.22823E-3 6.01235E-3 2.28543E-1 3.21013E-1 3.22194E-1 3.20344E-1 3.14341E-1 3.06494E-1 2.887E-1 2.887E-1 2.98427E-1 3.12095E-1 3.31654E-1 3.47263E-1 3.7359E-1 4.14734E-1 4.48907E-1 4.78593E-1 4.97068E-1 4.93576E-1 4.92843E-1 5.00167E-1 5.10117E-1 5.36538E-1 5.72461E-1 6.11316E-1 6.38968E-1 6.41802E-1 6.17915E-1 5.98596E-1 5.69719E-1 5.397E-1 5.40781E-1 5.01856E-1 4.36807E-1 3.38455E-1 1.66069E-1 2.85409E-2 9.21953E-4 1.19322E-4 6.79208E-6 1.88254E-5 7.12027E-7 8.14428E-8 3.61256E-9 1.02684E-10 4.25303E-10 7.48385E-10 1.88032E-8
1.0832E-3 7.58505E-4 4.43679E-4 2.46016E-4 1.89213E-4 2.89861E-4 4.97686E-4 5.47576E-4 1.35914E-3 2.00703E-3 2.81304E-3 1.9946E-3 3.86851E-3 2.83608E-2 8.94237E-2 4.1788E-2 1.34685E-2 2.2207E-2 1.45333E-1 3.15564E-1 3.10416E-1 3.00666E-1 2.96587E-1 2.90696E-1 2.77226E-1 2.7335E-1 2.77226E-1 2.85007E-1 2.9866E-1 3.14341E-1 3.43769E-1 3.74328E-1 4.20188E-1 4.6709E-1 4.94293E-1 5.1168E-1 5.11023E-1 5.00972E-1 4.93576E-1 5.16605E-1 5.52285E-1 5.91075E-1 6.25619E-1 6.39737E-1 6.32522E-1 6.25231E-1 6.1E-1 6.06224E-1 5.93957E-1 5.56696E-1 4.97668E-1 4.34008E-1 3.57412E-1 2.16584E-1 5.07563E-2 1.59847E-2 2.34763E-3 6.28631E-4 7.07936E-5 3.17477E-7 1.98989E-8 8.28059E-8 4.4825E-7 1.68362E-6 4.08466E-8
6.3701E-4 5.12701E-4 3.26079E-4 2.85587E-4 2.5376E-4 3.11321E-4 5.26641E-4 7.87383E-4 5.70392E-4 9.771E-4 1.50073E-3 3.15216E-3 1.20053E-2 4.96495E-2 4.31104E-2 1.8667E-2 1.94488E-2 4.05816E-2 9.49939E-2 3.04597E-1 3.03832E-1 2.90338E-1 2.88373E-1 2.76632E-1 2.69261E-1 2.65399E-1 2.55806E-1 2.59632E-1 2.65633E-1 2.77226E-1 3.0263E-1 3.43769E-1 3.95832E-1 4.61541E-1 5.10787E-1 5.33197E-1 5.24734E-1 5.01528E-1 4.84863E-1 4.98562E-1 5.30889E-1 5.61374E-1 5.96194E-1 6.14264E-1 6.24518E-1 6.26985E-1 6.25405E-1 6.25054E-1 6.25941E-1 6.05328E-1 5.64534E-1 5.25019E-1 5.34046E-1 4.41973E-1 2.62324E-1 6.65645E-2 3.06359E-2 2.91058E-3 1.50407E-4 3.41302E-6 2.54072E-5 1.67953E-5 1.48034E-7 1.50196E-8 1.01409E-7
1.66586E-4 1.67831E-4 2.09149E-4 9.01233E-5 1.66586E-4 3.57986E-4 5.52173E-4 5.35079E-4 1.27728E-3 3.16021E-3 3.91637E-3 3.39008E-3 1.95328E-2 4.69477E-2 1.90475E-2 2.15173E-2 2.39345E-2 9.87929E-2 1.41345E-1 3.027E-1 2.98509E-1 2.8445E-1 2.76062E-1 2.7411E-1 2.66335E-1 2.49656E-1 2.45863E-1 2.42088E-1 2.38789E-1 2.44421E-1 2.63473E-1 3.10496E-1 3.71295E-1 4.52149E-1 5.27843E-1 5.52766E-1 5.27776E-1 4.95816E-1 4.80274E-1 4.83438E-1 5.03E-1 5.33512E-1 5.54604E-1 5.76093E-1 5.89221E-1 6.17468E-1 6.32883E-1 6.33755E-1 6.33554E-1 6.32428E-1 6.20915E-1 6.03548E-1 5.78083E-1 4.92091E-1 3.47379E-1 2.30102E-1 1.06576E-1 2.53081E-2 8.8326E-4 4.03737E-5 1.27861E-5 9.632E-7 2.25385E-6 3.2623E-8 1.91149E-7
1.47367E-4 2.37573E-4 2.13891E-4 2.65336E-5 3.05696E-4 2.17276E-3 7.62166E-3 6.35856E-3 4.3615E-3 6.41187E-3 1.42415E-2 1.95463E-2 3.93363E-2 2.55586E-2 1.91817E-2 1.74156E-2 5.70316E-2 9.50246E-2 9.55238E-2 2.74199E-1 2.94938E-1 2.76062E-1 2.64633E-1 2.63634E-1 2.52085E-1 2.4147E-1 2.32107E-1 2.24711E-1 2.17405E-1 2.13788E-1 2.29028E-1 2.75076E-1 3.36065E-1 4.24187E-1 5.34561E-1 5.54105E-1 5.12152E-1 4.78522E-1 4.62092E-1 4.64053E-1 4.78682E-1 5.0034E-1 5.14514E-1 5.33914E-1 5.72041E-1 6.21095E-1 6.36375E-1 6.3564E-1 6.36502E-1 6.41266E-1 6.36078E-1 6.1899E-1 5.78512E-1 5.03016E-1 4.35339E-1 3.46718E-1 2.69835E-1 1.02782E-1 1.07501E-2 3.91454E-5 1.35711E-6 9.88605E-7 4.65036E-8 5.97814E-8 3.30691E-8
9.38824E-3 3.63929E-3 3.41181E-4 4.86061E-4 2.82221E-3 2.51647E-3 5.12353E-3 1.63111E-2 1.63529E-2 1.72727E-2 2.11482E-2 2.24595E-2 2.42644E-2 2.81484E-2 3.40104E-2 4.67917E-2 9.5889E-2 1.29578E-1 5.50913E-2 2.86957E-1 2.95369E-1 2.64399E-1 2.50025E-1 2.47321E-1 2.39738E-1 2.32234E-1 2.2392E-1 2.14802E-1 2.07617E-1 1.98785E-1 2.06628E-1 2.60538E-1 3.08093E-1 3.8492E-1 4.65274E-1 4.86341E-1 4.55604E-1 4.35522E-1 4.33742E-1 4.41548E-1 4.50213E-1 4.64053E-1 4.77083E-1 5.00049E-1 5.52285E-1 6.05622E-1 6.23639E-1 6.26906E-1 6.29434E-1 6.40505E-1 6.43671E-1 6.28379E-1 6.00188E-1 5.69174E-1 5.64698E-1 4.84879E-1 3.77155E-1 2.4916E-1 8.1951E-2 1.15903E-3 5.72965E-8 4.71175E-9 1.89605E-9 1.44578E-9 1.2444E-11
8.67863E-3 2.45888E-3 6.46842E-4 7.19358E-5 3.42343E-5 3.77594E-4 2.59094E-3 4.48323E-3 5.76961E-3 7.2451E-3 1.03313E-2 2.21565E-2 3.79356E-2 5.43864E-2 6.39779E-2 9.24253E-2 1.39752E-1 1.78135E-1 1.6299E-1 2.96604E-1 2.93124E-1 2.57842E-1 2.34866E-1 2.29265E-1 2.21873E-1 2.23712E-1 2.16391E-1 2.12766E-1 2.08464E-1 2.01363E-1 2.17487E-1 2.44468E-1 2.89793E-1 3.37805E-1 3.88761E-1 4.05654E-1 4.01895E-1 3.93942E-1 3.996E-1 4.1266E-1 4.33742E-1 4.48491E-1 4.57038E-1 4.73865E-1 5.39358E-1 5.86281E-1 6.04877E-1 6.13255E-1 6.14631E-1 6.28886E-1 6.47362E-1 6.38355E-1 6.19735E-1 6.14251E-1 6.21672E-1 5.91325E-1 4.95832E-1 3.87759E-1 1.97607E-1 3.55966E-2 1.01465E-4 1.88094E-10 5.85466E-15 1.39761E-14 3.82237E-16
1.44167E-3 8.52748E-4 7.06364E-4 2.39356E-4 1.77305E-5 3.05831E-5 8.86476E-4 5.20794E-3 1.16091E-2 1.75103E-2 3.21952E-2 6.21784E-2 7.81845E-2 8.40903E-2 8.95604E-2 9.50246E-2 1.13627E-1 1.36536E-1 1.43535E-1 2.87613E-1 2.94969E-1 2.46366E-1 2.24299E-1 2.15144E-1 2.13332E-1 2.13332E-1 2.15144E-1 2.18788E-1 2.13332E-1 2.07378E-1 2.1931E-1 2.35976E-1 2.67513E-1 2.97685E-1 3.31412E-1 3.47688E-1 3.47892E-1 3.45928E-1 3.53767E-1 3.80614E-1 4.14509E-1 4.49564E-1 4.61541E-1 4.72029E-1 5.27461E-1 5.80685E-1 6.01861E-1 5.99327E-1 5.79673E-1 5.95842E-1 6.40314E-1 6.4961E-1 6.45248E-1 6.32698E-1 6.40337E-1 6.10427E-1 5.61985E-1 4.76926E-1 2.27963E-1 7.7435E-2 8.59307E-3 2.39222E-5 8.62647E-10 5.84921E-13 1.36821E-12
1.7688E-3 1.61367E-5 2.52968E-3 1.2778E-2 1.75976E-2 5.25755E-3 2.27635E-3 7.82716E-3 2.69538E-2 4.69836E-2 5.79096E-2 9.47276E-2 1.34052E-1 1.20203E-1 1.21054E-1 9.81748E-2 7.8201E-2 1.53011E-1 9.16342E-2 3.15207E-1 2.90606E-1 2.24299E-1 2.02996E-1 2.04771E-1 2.02996E-1 2.04771E-1 2.17386E-1 2.22887E-1 2.19214E-1 2.16963E-1 2.18212E-1 2.27408E-1 2.47321E-1 2.70471E-1 2.91034E-1 3.05602E-1 3.12051E-1 3.16012E-1 3.26188E-1 3.55722E-1 3.94328E-1 4.27313E-1 4.3809E-1 4.59849E-1 5.23654E-1 5.79566E-1 6.03104E-1 6.04782E-1 5.69914E-1 5.79566E-1 6.32155E-1 6.50375E-1 6.55949E-1 6.52738E-1 6.53618E-1 6.45578E-1 5.35876E-1 4.46783E-1 3.17481E-1 1.72686E-1 6.16633E-2 9.07607E-3 1.03502E-5 1.1302E-7 1.22544E-9
