KUENM/Final_Models/M_0.1_F_lq_Set_2_EC/sp1_8_se_asia.asc
ncols         320
nrows         243
xllcorner     44.0
yllcorner     -0.666666666666667
cellsize      0.166666666666667
NODATA_value  -9999
[rows 31 to 61 of 243, columns 70 to 139 of 320]
5.10389E-2 5.23903E-2 5.18729E-2 5.23903E-2 5.23903E-2 5.05353E-2 5.00353E-2 4.69284E-2 2.99615E-2 2.14483E-2 3.84268E-2 4.25777E-2 4.07552E-2 2.9965E-2 2.44558E-2 2.09348E-2 2.50226E-2 3.1819E-2 3.84977E-2 4.02456E-2 4.00931E-2 4.02402E-2 3.96549E-2 3.87136E-2 3.46744E-2 1.55404E-2 2.3986E-2 1.63038E-2 5.99088E-3 2.05757E-2 3.48925E-2 3.97311E-2 3.56778E-2 3.70388E-2 3.37413E-2 2.21224E-2 1.50468E-2 1.01531E-2 6.44669E-3 1.35435E-3 1.37882E-3 3.27548E-4 1.99512E-4 1.91508E-5 2.56556E-6 4.62037E-6 4.01908E-6 1.14948E-6 3.96167E-7 2.53948E-7 3.70343E-8 5.35516E-8 8.41245E-9 8.57454E-8 1.79035E-7 4.80618E-7 5.95478E-7 1.05023E-6 3.98617E-7 2.45124E-7 4.01398E-7 1.68725E-7 4.11546E-8 1.89719E-8 7.31382E-9 1.84185E-9 7.69252E-10 5.07071E-9 3.80786E-10 4.60304E-10
5.13639E-2 5.13639E-2 5.13639E-2 5.13639E-2 4.9601E-2 4.78676E-2 5.06138E-2 4.75895E-2 3.58906E-2 2.45997E-2 4.0965E-2 4.17892E-2 3.91918E-2 2.10948E-2 5.96987E-3 5.89872E-3 1.20488E-2 2.23377E-2 3.08281E-2 3.63749E-2 3.80344E-2 3.97449E-2 4.24131E-2 2.94243E-2 3.65117E-2 4.40581E-2 3.49652E-2 3.64432E-2 1.87158E-2 1.54261E-2 2.86596E-2 3.10292E-2 2.78707E-2 3.35148E-2 4.41402E-2 3.84286E-2 3.30433E-2 2.69765E-2 2.13053E-2 1.43239E-2 1.20884E-2 4.84687E-3 1.70018E-4 4.01908E-6 8.32169E-5 9.10596E-4 2.15771E-4 1.07188E-5 6.48409E-7 1.4626E-6 1.58127E-6 3.38362E-7 2.45807E-7 2.35024E-7 1.54099E-7 3.63831E-7 3.61351E-7 6.73216E-8 8.74006E-8 3.06643E-8 2.6694E-8 1.19573E-8 6.11222E-9 5.39728E-9 2.35179E-9 4.96688E-9 4.37162E-9 3.34172E-9 1.15477E-8 2.20681E-9
5.27906E-2 5.22549E-2 5.22549E-2 5.00066E-2 4.02913E-2 3.03752E-2 4.1133E-2 4.00007E-2 2.93098E-2 3.05345E-2 4.38399E-2 4.22103E-2 3.64664E-2 2.64177E-2 1.07025E-2 4.42186E-3 2.37495E-3 1.20488E-2 2.00173E-2 1.92459E-2 2.19208E-2 3.45048E-2 4.21815E-2 3.05014E-2 2.29471E-2 5.13886E-2 5.56129E-2 5.41663E-2 4.98367E-2 4.41559E-2 3.54589E-2 2.8891E-2 3.64637E-2 3.59675E-2 3.54374E-2 2.39476E-2 1.50488E-2 2.67131E-2 3.49562E-2 2.94411E-2 2.2099E-2 1.64167E-2 7.3825E-3 4.79436E-3 2.16601E-3 3.61556E-5 2.49759E-6 4.44068E-6 2.33632E-6 2.01025E-6 4.77123E-7 3.74434E-8 2.78701E-8 4.0133E-8 1.96931E-8 2.27917E-8 2.2506E-8 2.58669E-8 6.51468E-8 3.45418E-8 3.02813E-8 2.04414E-8 5.27223E-8 9.14688E-8 2.83802E-8 2.26191E-8 1.3553E-8 3.97363E-8 6.77398E-9 6.11455E-8
5.30091E-2 5.07835E-2 5.02595E-2 4.65107E-2 3.43828E-2 1.4799E-2 2.88295E-2 3.10496E-2 2.17499E-2 3.66458E-2 4.32949E-2 3.97347E-2 3.21192E-2 2.56473E-2 1.82418E-2 1.14808E-2 2.15823E-3 9.27347E-4 5.29874E-3 7.47138E-3 9.36061E-3 1.76289E-2 2.96641E-2 3.62389E-2 3.12844E-2 5.18942E-2 5.41705E-2 6.38826E-2 6.64581E-2 6.461E-2 6.47127E-2 5.95001E-2 4.56383E-2 4.02783E-2 2.31291E-2 6.9363E-3 1.36743E-2 2.05411E-2 1.39812E-2 9.20174E-3 3.39413E-3 6.49462E-4 9.81041E-5 2.22405E-5 3.48415E-5 1.11366E-5 3.01514E-6 6.59469E-6 1.0576E-6 3.28026E-7 1.26292E-7 1.05828E-7 5.23867E-8 5.92173E-8 3.88718E-8 3.7876E-8 1.11669E-7 6.55791E-8 4.45625E-8 1.27361E-7 2.1414E-7 4.06424E-8 6.03709E-8 4.67668E-7 2.55237E-7 9.562E-8 1.0215E-8 5.04472E-9 7.44963E-8 2.78515E-7
5.14247E-2 5.0889E-2 4.92844E-2 4.55465E-2 2.67682E-2 2.13071E-2 3.4659E-2 2.02094E-2 1.0724E-2 2.66155E-2 4.15588E-2 3.93328E-2 3.14781E-2 2.10221E-2 1.58818E-2 1.59396E-2 1.10165E-2 3.25248E-3 2.41823E-3 8.54977E-3 1.05591E-2 7.23971E-3 1.64803E-2 2.7419E-2 2.93998E-2 4.34643E-2 3.80344E-2 5.09909E-2 6.50138E-2 6.67413E-2 5.27935E-2 5.70581E-2 4.40581E-2 2.37865E-2 1.39055E-2 1.42431E-2 1.66942E-2 1.20389E-2 4.93141E-3 1.34553E-3 6.99419E-4 1.22261E-4 6.15359E-6 2.07383E-6 2.61403E-6 5.18583E-6 9.05446E-6 2.74159E-6 1.68484E-7 1.27083E-7 7.13187E-8 4.63062E-8 3.49819E-8 9.91576E-8 1.28217E-7 1.63127E-7 5.10539E-8 8.68265E-8 3.04726E-8 4.51404E-8 9.71404E-7 1.74417E-7 1.74417E-7 1.57987E-6 2.57269E-8 3.43969E-8 1.77368E-8 5.17036E-8 6.83033E-7 1.80199E-7
4.92914E-2 4.98176E-2 4.47602E-2 3.5135E-2 3.12455E-2 4.51727E-2 5.3518E-2 4.11516E-2 1.10005E-2 8.75625E-3 3.30608E-2 3.73692E-2 3.02247E-2 2.5101E-2 1.8317E-2 1.80633E-2 1.76229E-2 1.37138E-2 5.50673E-3 2.58811E-3 7.42572E-3 9.29165E-3 1.41134E-2 2.0764E-2 1.26348E-2 1.29777E-2 3.74743E-2 3.99939E-2 5.82244E-2 6.34962E-2 5.67004E-2 5.92618E-2 4.16821E-2 2.11768E-2 2.37414E-2 2.59708E-2 1.58874E-2 9.08216E-3 3.83395E-3 3.63144E-3 1.05045E-3 2.02388E-4 8.35942E-5 7.88891E-6 7.83673E-6 1.33217E-6 2.568E-7 1.14786E-7 4.62077E-7 1.6122E-7 6.50467E-7 5.51871E-7 3.73837E-7 5.92173E-8 9.91576E-8 1.27361E-7 6.68839E-8 4.01398E-7 7.72204E-7 2.54394E-6 2.91807E-6 8.10555E-8 1.02688E-6 9.03823E-6 2.38083E-7 2.89732E-6 1.6071E-5 2.77459E-6 3.13311E-8 1.96513E-9
5.12967E-2 4.67533E-2 3.72301E-2 1.93391E-2 1.99784E-2 4.87694E-2 5.97521E-2 5.55616E-2 3.10388E-2 3.05116E-3 1.78408E-2 2.78321E-2 2.18203E-2 2.16439E-2 2.1886E-2 2.07943E-2 1.95039E-2 1.4806E-2 1.70589E-2 8.78337E-3 3.90787E-3 6.17745E-3 7.77341E-3 6.52438E-3 1.5606E-2 1.76898E-2 3.48381E-2 4.81048E-2 5.68203E-2 6.13494E-2 6.00088E-2 5.87509E-2 4.87789E-2 3.80344E-2 3.29205E-2 2.45803E-2 1.68569E-2 1.02764E-2 7.75371E-3 6.13423E-3 1.93461E-3 2.91849E-4 1.66815E-4 1.12919E-4 3.34963E-6 1.4458E-6 6.41594E-6 2.93557E-5 2.5716E-5 1.19031E-5 2.11625E-6 1.29805E-6 4.80618E-7 4.77363E-7 1.92083E-7 5.96007E-8 4.21151E-7 5.44435E-7 2.21808E-5 8.40389E-5 1.6775E-5 1.64317E-7 2.68848E-5 1.5593E-4 4.49631E-5 2.37099E-5 3.15803E-7 5.22698E-9 5.40981E-9 9.86329E-8
4.91458E-2 3.96443E-2 2.84276E-2 1.45642E-2 1.93391E-2 4.38116E-2 5.69343E-2 5.9125E-2 4.07165E-2 9.10081E-3 9.19633E-3 2.28173E-2 2.24373E-2 1.78503E-2 2.06023E-2 2.1886E-2 2.20999E-2 1.90557E-2 2.08908E-2 1.76858E-2 1.00257E-2 4.67446E-3 3.0128E-3 1.76714E-3 4.0521E-3 1.84619E-3 5.44398E-3 3.2297E-2 5.53579E-2 6.24657E-2 5.85907E-2 5.15233E-2 4.56751E-2 3.93299E-2 3.24028E-2 2.40218E-2 1.42988E-2 1.09091E-2 1.33134E-2 1.33134E-2 1.03487E-2 5.25598E-3 1.31061E-3 2.91088E-4 1.86015E-4 6.31142E-4 4.48333E-4 8.40389E-5 4.77595E-6 1.6178E-5 9.23817E-6 1.84213E-6 1.32543E-7 1.93375E-7 6.87767E-7 1.13512E-6 5.8528E-6 2.65466E-6 1.83817E-5 3.13752E-5 4.24766E-4 9.66071E-7 5.82185E-5 6.95966E-4 3.78967E-5 7.5771E-6 9.53314E-7 6.17511E-8 1.46828E-7 3.66249E-8
4.6657E-2 4.01391E-2 2.4538E-2 2.42889E-2 2.64542E-2 3.6281E-2 5.42056E-2 6.03641E-2 5.59643E-2 3.52829E-2 1.29995E-2 2.10789E-2 2.90853E-2 2.58521E-2 2.54481E-2 2.3437E-2 2.12344E-2 1.89312E-2 1.90557E-2 1.60961E-2 1.23072E-2 5.35474E-3 2.051E-3 7.35068E-4 1.37271E-3 9.77058E-4 1.78276E-3 5.15629E-3 4.08142E-2 5.33329E-2 4.82538E-2 4.48609E-2 4.23916E-2 3.58602E-2 2.69799E-2 2.41846E-2 1.60389E-2 1.5257E-2 1.70036E-2 1.81782E-2 1.02583E-2 4.4136E-3 2.19763E-3 3.16621E-3 1.31393E-3 2.25378E-3 7.55137E-4 3.86493E-4 8.99948E-4 2.46433E-4 6.61707E-5 1.12295E-5 5.44435E-7 4.15457E-7 7.88374E-7 3.75105E-6 2.51595E-5 1.35463E-5 1.00411E-4 1.15028E-3 3.42992E-4 4.95076E-5 7.58019E-4 1.46497E-4 3.26086E-6 4.66812E-8 1.0353E-7 1.94418E-7 4.80321E-8 2.47317E-8
4.15158E-2 4.24316E-2 3.43663E-2 2.66931E-2 2.1266E-2 2.35063E-2 4.38346E-2 5.57355E-2 6.16559E-2 5.77655E-2 1.38705E-2 1.62647E-2 3.75855E-2 3.76882E-2 3.48215E-2 2.25023E-2 2.14484E-2 1.2547E-2 7.53178E-3 7.34288E-3 9.06411E-3 3.49755E-3 1.60173E-3 1.73517E-3 3.69855E-3 4.27336E-3 5.6098E-3 2.90545E-3 2.74586E-2 4.74995E-2 4.29043E-2 4.42699E-2 4.27726E-2 3.23022E-2 2.88321E-2 1.9784E-2 1.21126E-2 1.34066E-2 1.99725E-2 1.01793E-2 6.79664E-3 9.81828E-3 9.02995E-3 2.0174E-3 1.30233E-3 8.96061E-4 4.54711E-3 1.1583E-3 7.01341E-5 5.23594E-5 3.29771E-6 2.90045E-7 4.24013E-7 2.61747E-6 3.34858E-5 4.11754E-4 5.47425E-4 7.02566E-6 6.98177E-4 5.03354E-3 5.14441E-4 7.99212E-4 1.89765E-4 2.30377E-5 1.17234E-6 9.17882E-7 3.28294E-6 8.14846E-8 1.06011E-7 2.32564E-7
2.55438E-2 4.38234E-2 3.61607E-2 2.4538E-2 1.61989E-2 1.67396E-2 3.81798E-2 4.62548E-2 4.82516E-2 5.55616E-2 4.56531E-2 3.88877E-2 4.81134E-2 4.52282E-2 4.38615E-2 3.85383E-2 3.37211E-2 2.58032E-2 1.07328E-2 1.36901E-2 1.42398E-2 1.04969E-2 7.77993E-3 1.84475E-3 7.53919E-4 4.94904E-3 1.04627E-2 1.29333E-2 2.69408E-2 3.96731E-2 5.29113E-2 4.92007E-2 4.13399E-2 3.2122E-2 3.2122E-2 2.8792E-2 2.32188E-2 2.15842E-2 1.89691E-2 1.59753E-2 1.97178E-2 1.49555E-2 1.94109E-2 1.89105E-2 1.11198E-2 5.58077E-3 4.76651E-3 2.44202E-4 3.71043E-5 4.54185E-6 1.80361E-6 2.05809E-5 1.37112E-5 4.96652E-5 1.63093E-3 1.46068E-3 1.30474E-4 6.76338E-5 7.54368E-3 1.30139E-2 1.61603E-3 9.15264E-5 6.02698E-4 1.35338E-4 4.00695E-5 4.28494E-5 2.43732E-6 1.92297E-8 7.12318E-7 2.93459E-5
2.6325E-2 3.49898E-2 3.08421E-2 2.66931E-2 2.4025E-2 2.53566E-2 3.55054E-2 4.4284E-2 4.47602E-2 4.72558E-2 5.3518E-2 5.73432E-2 5.30644E-2 4.58805E-2 4.63601E-2 4.22703E-2 4.08312E-2 3.40669E-2 2.55436E-2 2.05876E-2 5.0201E-3 2.23346E-3 3.19012E-3 3.85505E-3 1.53035E-3 1.08303E-3 1.04969E-2 1.41008E-2 2.44217E-2 4.26337E-2 5.11258E-2 5.42365E-2 4.75895E-2 3.66246E-2 2.73218E-2 2.93647E-2 3.19054E-2 2.32334E-2 2.01791E-2 3.66246E-2 3.65626E-2 3.26199E-2 3.01764E-2 1.83227E-2 1.70589E-2 1.16649E-2 7.22261E-3 1.2865E-3 6.91286E-4 4.87933E-5 6.12173E-5 1.01832E-4 1.82623E-4 2.21624E-3 7.39024E-3 2.29676E-3 3.95867E-4 3.79937E-4 1.12213E-2 7.23408E-3 1.22481E-3 5.1547E-3 2.61503E-3 8.09383E-4 3.39707E-5 9.65029E-7 2.84268E-7 1.71264E-7 1.44329E-5 1.12655E-4
2.22406E-2 3.71279E-2 3.41226E-2 2.75109E-2 3.10053E-2 2.48236E-2 3.02507E-2 4.0414E-2 3.66737E-2 2.33797E-2 3.23359E-2 5.46554E-2 5.52308E-2 4.65107E-2 4.58805E-2 4.18358E-2 3.5182E-2 3.59115E-2 2.92033E-2 2.08114E-2 1.44376E-2 1.07328E-2 3.2734E-3 2.699E-3 3.74645E-3 2.72468E-3 9.10235E-3 1.17322E-2 1.21977E-2 3.58906E-2 5.27906E-2 5.70157E-2 4.43152E-2 2.7912E-2 3.19836E-2 4.07105E-2 3.83779E-2 3.69127E-2 4.01312E-2 3.94627E-2 3.70236E-2 3.22311E-2 2.53546E-2 1.84996E-2 8.89054E-3 6.1495E-3 2.96399E-3 2.9915E-3 8.95212E-4 6.33028E-4 5.99582E-4 2.46218E-4 1.92768E-3 6.77787E-3 1.36829E-2 4.84507E-3 3.40436E-3 5.56587E-3 3.1475E-2 1.06005E-2 1.67487E-2 1.47249E-2 2.9398E-3 7.39431E-5 5.42486E-7 3.12332E-5 1.16583E-4 1.83186E-4 3.97277E-4 1.21438E-4
2.57474E-2 3.75827E-2 3.97325E-2 3.34708E-2 3.51225E-2 3.73619E-2 3.11399E-2 3.9857E-2 3.64893E-2 1.95759E-2 1.34402E-2 5.14217E-2 5.68862E-2 5.19647E-2 5.30572E-2 4.86172E-2 3.48215E-2 2.61194E-2 1.82183E-2 1.32436E-2 7.09896E-3 9.03768E-3 1.07328E-2 4.37178E-3 4.03652E-3 6.19656E-3 1.08399E-2 1.27669E-2 9.60857E-3 1.09431E-2 4.00007E-2 5.47459E-2 4.97396E-2 4.05523E-2 4.60267E-2 4.29274E-2 4.15902E-2 3.62772E-2 3.88639E-2 3.5659E-2 3.20498E-2 1.03124E-2 1.10533E-2 1.70766E-2 1.85565E-2 1.99465E-2 1.03953E-2 1.16126E-2 9.50911E-3 4.23402E-3 9.35506E-4 2.22266E-3 8.23001E-3 1.61851E-2 2.2955E-2 2.44293E-2 2.99723E-2 2.85151E-2 5.11278E-3 7.34472E-3 8.37633E-3 2.53357E-3 4.25543E-4 5.5795E-5 5.54323E-5 7.44552E-4 1.37147E-3 1.11159E-3 2.25045E-4 8.05204E-4
1.34854E-2 2.96734E-2 3.03336E-2 3.43663E-2 3.2934E-2 3.02507E-2 3.18205E-2 3.99821E-2 4.37545E-2 3.58934E-2 3.42939E-2 6.39062E-2 6.52602E-2 5.85544E-2 6.08628E-2 5.41811E-2 4.74902E-2 4.02913E-2 3.16569E-2 2.70669E-2 1.82183E-2 9.61473E-3 3.46805E-3 3.29059E-3 7.98032E-3 7.02871E-3 4.68845E-3 1.16945E-2 2.58521E-2 2.01756E-2 2.39215E-2 4.45974E-2 4.98302E-2 4.98302E-2 4.36635E-2 4.57244E-2 4.33431E-2 4.19168E-2 4.14668E-2 3.76335E-2 3.76739E-2 3.07338E-2 3.51117E-2 3.83779E-2 3.77559E-2 3.29791E-2 2.87769E-2 2.68617E-2 1.95039E-2 1.01651E-2 6.89318E-3 1.12882E-2 1.59792E-2 2.45619E-2 3.22217E-2 3.67027E-2 3.07685E-2 1.38918E-2 3.10465E-3 2.10818E-3 1.7643E-3 2.49782E-3 1.59681E-3 3.89742E-3 3.37069E-3 5.50433E-3 2.6056E-3 2.17612E-3 2.41661E-3 1.22481E-3
8.08476E-3 1.60218E-2 1.1569E-2 2.56342E-2 3.68301E-2 3.66737E-2 3.94325E-2 4.08496E-2 4.82731E-2 4.41286E-2 4.15902E-2 6.88251E-2 6.79775E-2 6.4975E-2 6.29623E-2 5.96095E-2 5.58712E-2 4.69985E-2 3.83779E-2 2.65145E-2 1.99692E-2 9.90479E-3 5.51975E-3 4.37652E-3 1.0107E-2 1.7488E-2 5.72473E-3 6.11356E-3 2.4547E-2 2.84854E-2 3.07338E-2 4.26277E-2 4.92914E-2 5.38218E-2 5.17256E-2 4.76765E-2 4.52322E-2 4.43016E-2 4.38234E-2 4.15075E-2 4.0951E-2 3.88639E-2 4.15902E-2 4.0357E-2 3.90533E-2 3.80806E-2 3.5182E-2 2.81981E-2 2.41571E-2 1.93116E-2 2.11656E-2 2.61611E-2 3.14226E-2 3.48632E-2 4.00294E-2 4.26887E-2 2.94569E-2 1.66858E-2 6.13151E-3 9.67202E-3 1.18751E-2 1.66239E-2 1.54969E-2 1.42871E-2 6.31702E-3 4.23111E-3 6.35347E-3 5.9667E-3 2.50161E-3 5.45293E-4
7.23235E-3 1.10752E-2 9.67909E-3 1.09448E-2 3.05796E-2 3.80402E-2 5.12967E-2 6.03641E-2 5.97521E-2 5.97521E-2 5.97521E-2 7.19188E-2 6.61937E-2 6.68891E-2 6.82959E-2 6.56543E-2 5.96095E-2 5.25088E-2 4.09768E-2 3.00611E-2 1.8792E-2 1.45703E-2 1.18923E-2 6.75303E-3 4.77704E-3 9.50968E-3 1.00918E-2 5.06047E-3 1.87649E-2 1.9316E-2 2.79316E-2 4.18403E-2 5.06285E-2 5.39732E-2 5.04658E-2 4.90161E-2 4.65546E-2 4.51592E-2 4.65546E-2 4.51592E-2 4.47839E-2 4.28785E-2 4.18403E-2 4.21777E-2 4.24781E-2 4.2296E-2 4.02913E-2 3.37548E-2 3.23129E-2 3.22311E-2 3.32231E-2 3.61058E-2 3.99679E-2 4.23635E-2 4.87117E-2 3.31196E-2 2.16005E-2 7.29016E-3 1.12495E-2 2.20474E-2 3.00672E-2 4.07896E-2 4.03431E-2 2.03143E-2 1.66554E-2 1.74934E-2 1.02753E-2 5.41769E-3 1.20706E-3 8.80589E-4
3.75258E-3 1.07218E-3 6.44032E-3 6.85243E-3 1.91622E-2 3.88639E-2 4.77498E-2 5.81522E-2 7.03762E-2 7.41917E-2 7.49706E-2 6.95505E-2 6.43009E-2 6.94143E-2 6.94143E-2 7.0141E-2 6.73307E-2 5.57075E-2 4.38368E-2 3.00611E-2 2.17499E-2 1.69553E-2 1.85987E-2 1.47635E-2 4.96027E-3 3.65859E-3 1.14137E-2 1.00623E-2 1.81843E-2 2.47276E-2 2.76447E-2 3.6281E-2 4.76765E-2 5.39711E-2 5.00257E-2 4.86444E-2 4.77931E-2 4.77931E-2 4.67551E-2 4.55481E-2 4.46682E-2 4.6657E-2 4.67233E-2 4.67533E-2 4.62516E-2 4.41286E-2 4.0357E-2 3.69127E-2 3.76882E-2 3.88745E-2 4.00888E-2 4.21011E-2 4.59997E-2 4.97967E-2 5.23227E-2 4.79047E-2 4.34643E-2 3.55365E-2 3.40974E-2 4.41559E-2 5.1725E-2 4.90868E-2 4.65716E-2 4.03399E-2 2.47949E-2 1.84091E-2 1.99049E-2 4.57703E-3 7.91142E-4 1.64154E-3
5.92229E-3 3.36167E-3 2.12194E-3 1.47261E-3 1.06123E-2 2.76371E-2 2.9464E-2 1.85698E-2 2.66916E-2 7.41917E-2 8.00521E-2 6.78056E-2 6.94143E-2 7.18628E-2 7.26742E-2 7.26742E-2 6.95505E-2 6.43009E-2 5.1965E-2 4.0783E-2 3.3375E-2 1.52586E-2 1.1E-2 2.57932E-2 2.46488E-2 1.4461E-2 1.9316E-2 2.02094E-2 2.85431E-2 3.5135E-2 3.12455E-2 3.72301E-2 4.84874E-2 5.36189E-2 5.30354E-2 5.11008E-2 5.11008E-2 4.84032E-2 4.75867E-2 5.00257E-2 4.97201E-2 4.97201E-2 4.93834E-2 4.76765E-2 4.33431E-2 3.9857E-2 3.82774E-2 4.0357E-2 3.97134E-2 4.29647E-2 4.6174E-2 4.71346E-2 5.08463E-2 5.01841E-2 5.68204E-2 6.24657E-2 6.19116E-2 6.25263E-2 7.08868E-2 6.99522E-2 6.85313E-2 6.85717E-2 6.3343E-2 5.37963E-2 5.29359E-2 4.23609E-2 2.60558E-2 9.18454E-3 5.20346E-3 4.68626E-3
1.3308E-2 4.76448E-3 6.44274E-3 2.56028E-3 3.58507E-3 1.41634E-2 2.91337E-2 4.05523E-2 4.76135E-2 8.1155E-2 8.38095E-2 7.79653E-2 7.57555E-2 7.49706E-2 7.56828E-2 7.56828E-2 7.34509E-2 6.72673E-2 5.87685E-2 4.50701E-2 4.50701E-2 4.24781E-2 3.07338E-2 2.85277E-2 3.42939E-2 2.14278E-2 1.96612E-2 3.22656E-2 3.2863E-2 2.94279E-2 4.05118E-2 3.97039E-2 4.79631E-2 5.38155E-2 5.26448E-2 5.07498E-2 5.1314E-2 5.01905E-2 5.07498E-2 5.0541E-2 5.11008E-2 5.08545E-2 5.08139E-2 4.3363E-2 4.0951E-2 4.18403E-2 4.22906E-2 4.21777E-2 4.30814E-2 4.60267E-2 5.02595E-2 5.30091E-2 5.08463E-2 4.39229E-2 4.65411E-2 5.64462E-2 6.01496E-2 6.83253E-2 7.6658E-2 8.13301E-2 7.87471E-2 8.29362E-2 7.21527E-2 6.7913E-2 4.71682E-2 4.74275E-2 1.55464E-2 7.04424E-3 6.58125E-3 5.09797E-3
2.05388E-2 1.71071E-2 9.1269E-3 4.1172E-3 3.37919E-4 1.80913E-3 2.3674E-2 3.34074E-2 4.91249E-2 7.87789E-2 8.59812E-2 8.28594E-2 7.92232E-2 8.00521E-2 7.92232E-2 7.84006E-2 7.48954E-2 6.72673E-2 6.23094E-2 5.61508E-2 4.9307E-2 5.19252E-2 4.62124E-2 3.19952E-2 3.52829E-2 2.22307E-2 7.76577E-3 3.454E-2 4.13938E-2 3.58916E-2 3.81798E-2 4.84874E-2 4.97201E-2 5.38155E-2 5.20669E-2 5.20669E-2 5.09256E-2 5.09256E-2 5.14938E-2 5.22166E-2 5.20669E-2 5.26448E-2 5.30354E-2 5.16895E-2 4.86189E-2 4.62221E-2 4.52729E-2 4.4284E-2 4.62124E-2 4.98302E-2 5.41536E-2 5.87785E-2 5.13639E-2 4.70096E-2 4.74453E-2 5.11875E-2 5.89328E-2 6.11605E-2 6.81909E-2 7.01425E-2 7.25973E-2 8.56182E-2 7.44017E-2 6.99513E-2 6.86883E-2 4.84415E-2 7.58613E-3 4.94808E-3 4.54638E-3 3.90885E-3
8.59479E-3 2.23466E-2 1.54174E-2 7.36439E-3 3.1339E-3 1.41383E-3 8.77133E-3 1.99847E-2 8.49528E-3 6.21355E-2 8.37211E-2 8.46837E-2 8.78475E-2 8.57732E-2 8.36948E-2 8.48835E-2 8.20805E-2 7.11751E-2 6.39062E-2 5.39738E-2 4.46962E-2 4.98176E-2 5.4977E-2 3.86866E-2 3.68809E-2 2.59027E-2 2.13071E-2 3.454E-2 4.0951E-2 4.52322E-2 4.38234E-2 5.05756E-2 5.51756E-2 5.45738E-2 5.32277E-2 5.09256E-2 5.09256E-2 5.16398E-2 5.2332E-2 5.35077E-2 5.35077E-2 5.33852E-2 5.45738E-2 4.94803E-2 4.47434E-2 4.47839E-2 4.67533E-2 4.7738E-2 5.08372E-2 5.57075E-2 5.96095E-2 6.21355E-2 5.56835E-2 4.931E-2 4.51341E-2 5.48424E-2 6.01496E-2 6.63782E-2 6.70326E-2 7.35599E-2 7.61531E-2 9.29436E-2 9.75098E-2 1.11187E-1 1.10309E-1 4.66125E-2 3.09099E-3 2.67611E-3 1.79128E-3 1.80306E-3
1.85987E-2 8.4256E-3 1.7114E-2 1.37282E-2 1.08338E-2 3.18069E-3 2.67351E-3 5.06889E-3 5.63954E-3 3.70236E-2 6.21355E-2 8.64517E-2 9.03036E-2 9.02253E-2 8.91558E-2 8.91558E-2 8.66272E-2 7.81362E-2 6.82275E-2 6.10074E-2 5.3405E-2 5.18454E-2 5.57355E-2 4.77624E-2 3.9857E-2 3.19228E-2 3.00643E-2 2.5049E-2 2.70581E-2 4.24176E-2 5.31216E-2 5.5006E-2 5.72637E-2 5.59196E-2 5.45738E-2 5.14938E-2 5.27985E-2 5.35077E-2 5.35947E-2 5.2332E-2 4.70646E-2 4.49084E-2 4.75867E-2 4.51592E-2 4.51592E-2 4.6657E-2 4.91458E-2 5.28407E-2 5.38218E-2 5.87685E-2 6.43009E-2 6.1665E-2 5.7517E-2 4.931E-2 5.0353E-2 5.96801E-2 6.42785E-2 7.29246E-2 7.53548E-2 8.03901E-2 8.65334E-2 9.22184E-2 1.12771E-1 1.23643E-1 1.14403E-1 1.1848E-2 4.14637E-3 1.49705E-3 1.64348E-3 2.29553E-3
2.33796E-2 2.03948E-2 8.66548E-3 8.2212E-3 1.16169E-2 1.25642E-2 3.22031E-3 1.2103E-3 2.8028E-3 7.48646E-3 2.21073E-2 8.05898E-2 8.93938E-2 9.03036E-2 8.91558E-2 8.89738E-2 8.71159E-2 8.47819E-2 7.78223E-2 7.18058E-2 6.45893E-2 6.12607E-2 5.28407E-2 4.47602E-2 3.78715E-2 3.41731E-2 1.94548E-2 1.67492E-2 1.72479E-2 2.18551E-2 5.22534E-2 5.85282E-2 6.05971E-2 5.79662E-2 5.5309E-2 5.35077E-2 5.2332E-2 5.35947E-2 5.67347E-2 5.29173E-2 4.39244E-2 4.49084E-2 4.35855E-2 4.59095E-2 4.69277E-2 4.93834E-2 5.2489E-2 5.60628E-2 5.88164E-2 6.39062E-2 6.78056E-2 6.56205E-2 5.81856E-2 5.67541E-2 5.86963E-2 6.62029E-2 7.44246E-2 8.07105E-2 8.31153E-2 9.04839E-2 9.82345E-2 1.08201E-1 1.24459E-1 1.22747E-1 4.3102E-2 1.80262E-2 3.6994E-2 3.39319E-2 2.94411E-2 1.5355E-2
2.65941E-2 2.41571E-2 1.58818E-2 2.82921E-3 2.90952E-3 6.63771E-3 1.08064E-2 7.85462E-3 2.24647E-4 1.18755E-3 3.96599E-3 5.94269E-2 8.84647E-2 9.00951E-2 8.83548E-2 8.65947E-2 8.56013E-2 8.5685E-2 8.30348E-2 7.58314E-2 7.43799E-2 6.60517E-2 5.54649E-2 4.72558E-2 3.74689E-2 3.19228E-2 2.04241E-2 1.78051E-2 2.15351E-2 1.63972E-2 4.14668E-2 6.05971E-2 6.19107E-2 5.99437E-2 5.92881E-2 5.41934E-2 5.35947E-2 5.61097E-2 5.67262E-2 5.67262E-2 5.41934E-2 5.48545E-2 5.0541E-2 4.84032E-2 5.19786E-2 5.33874E-2 5.98139E-2 6.11207E-2 6.45893E-2 6.81053E-2 6.94143E-2 6.21355E-2 5.69386E-2 6.29151E-2 6.73569E-2 7.36022E-2 8.00498E-2 8.65128E-2 9.2806E-2 1.01063E-1 1.10364E-1 1.27204E-1 1.36933E-1 1.13174E-1 1.46179E-2 5.84896E-2 6.40356E-2 5.05023E-2 2.79135E-2 1.16734E-2
2.3471E-2 2.25425E-2 2.11656E-2 1.65723E-2 8.92785E-3 2.66924E-3 3.37382E-3 1.04139E-2 6.69302E-3 3.04709E-3 5.91379E-3 6.0614E-2 8.92949E-2 9.08598E-2 8.61975E-2 8.46974E-2 8.59658E-2 8.49781E-2 8.46974E-2 7.92618E-2 7.82385E-2 7.02965E-2 6.23112E-2 4.97665E-2 4.12887E-2 2.85431E-2 1.17125E-2 1.43323E-2 2.15351E-2 2.1081E-2 4.52702E-2 6.32736E-2 6.44936E-2 6.25217E-2 6.1841E-2 5.92893E-2 5.86404E-2 5.54663E-2 5.61097E-2 5.97182E-2 6.02308E-2 5.86004E-2 5.47035E-2 5.32277E-2 5.5309E-2 6.06035E-2 6.05508E-2 5.39732E-2 6.52815E-2 6.96869E-2 6.78056E-2 6.1665E-2 6.44099E-2 6.83359E-2 7.45854E-2 8.20987E-2 8.76535E-2 9.50697E-2 1.0486E-1 1.14352E-1 1.27571E-1 1.39411E-1 1.46112E-1 8.16669E-2 4.41402E-2 6.12288E-2 4.99512E-2 3.15806E-2 7.99938E-3 5.54214E-3
7.79106E-3 1.02184E-2 1.33109E-2 1.42491E-2 1.21595E-2 1.31563E-2 6.8818E-3 1.04474E-2 1.16097E-2 4.67446E-3 4.77729E-4 2.51431E-2 7.1611E-2 8.66096E-2 8.68127E-2 8.5685E-2 8.50549E-2 8.41509E-2 8.25938E-2 7.94994E-2 7.88406E-2 7.53889E-2 6.29792E-2 5.42056E-2 4.72464E-2 1.91144E-2 1.03378E-2 1.64258E-2 2.24664E-2 2.13071E-2 4.91458E-2 6.59095E-2 6.77544E-2 6.57661E-2 6.37944E-2 6.31008E-2 6.10543E-2 5.86004E-2 5.79549E-2 5.79549E-2 5.97182E-2 5.91745E-2 5.86004E-2 5.92514E-2 5.9908E-2 6.06035E-2 5.62165E-2 5.60628E-2 5.81935E-2 6.48189E-2 6.23103E-2 5.87785E-2 6.74213E-2 7.6043E-2 8.31728E-2 8.89862E-2 9.87301E-2 1.06711E-1 1.11933E-1 1.23479E-1 1.36785E-1 1.48407E-1 1.51983E-1 1.13491E-1 7.38358E-2 5.91783E-2 1.95858E-2 2.24107E-2 9.07194E-3 3.48095E-4
2.80459E-3 1.96539E-3 3.00024E-3 3.65875E-3 5.20346E-3 4.43591E-3 7.93397E-3 9.37684E-3 8.79294E-3 8.08837E-3 4.98167E-4 1.75162E-3 2.99615E-2 7.41141E-2 8.4447E-2 8.4553E-2 8.35455E-2 8.14811E-2 8.17635E-2 8.14811E-2 8.30348E-2 7.77293E-2 7.02965E-2 6.29792E-2 5.7273E-2 2.55236E-2 8.8642E-3 1.91144E-2 2.41349E-2 1.51139E-2 3.9857E-2 6.53008E-2 6.94875E-2 6.8738E-2 6.8738E-2 6.67963E-2 6.53516E-2 6.27631E-2 6.15802E-2 6.25331E-2 6.36603E-2 6.15802E-2 6.10543E-2 6.10543E-2 6.36472E-2 5.86043E-2 5.11302E-2 5.00866E-2 5.12967E-2 5.61508E-2 5.9167E-2 5.99138E-2 7.08941E-2 7.76272E-2 8.55565E-2 9.39564E-2 1.01627E-1 1.12752E-1 1.20059E-1 1.32726E-1 1.43641E-1 1.51092E-1 1.49611E-1 7.5589E-2 6.31537E-2 4.86615E-2 1.89087E-2 8.47113E-3 4.03492E-3 4.2767E-3
1.3818E-3 5.01727E-4 8.11238E-4 1.58995E-3 3.32263E-3 5.16452E-3 3.93885E-3 4.27555E-3 1.43948E-3 2.54338E-4 1.58398E-3 3.38066E-4 7.57343E-3 5.68862E-2 8.286E-2 8.4553E-2 8.1398E-2 8.13937E-2 8.01021E-2 8.17739E-2 8.00096E-2 7.95085E-2 7.73988E-2 7.37979E-2 6.14745E-2 3.78444E-2 2.37886E-2 2.0504E-2 2.66916E-2 1.36962E-2 2.2704E-2 5.78854E-2 7.07367E-2 7.18717E-2 7.14667E-2 7.06945E-2 6.99286E-2 6.79725E-2 6.89939E-2 6.92236E-2 6.86499E-2 6.82379E-2 6.65888E-2 6.32289E-2 5.92893E-2 5.14142E-2 4.57251E-2 4.52729E-2 4.22906E-2 4.41286E-2 4.87118E-2 5.86888E-2 6.947E-2 7.76272E-2 8.38958E-2 9.62026E-2 1.04926E-1 1.12094E-1 1.25091E-1 1.32996E-1 1.43439E-1 1.47145E-1 1.26446E-1 5.93951E-2 6.52358E-2 5.01892E-2 3.04675E-2 1.413E-2 1.31164E-2 3.82372E-2
7.50193E-3 3.16621E-3 1.56533E-3 5.81114E-4 2.74788E-4 2.53085E-3 3.92605E-3 2.95583E-3 2.55505E-3 1.43948E-3 5.77738E-4 1.39114E-3 4.67446E-3 3.14781E-2 7.95354E-2 8.29761E-2 8.18613E-2 8.17739E-2 8.12181E-2 8.08899E-2 8.05177E-2 8.11508E-2 7.92618E-2 7.65892E-2 6.34654E-2 2.03488E-2 1.99307E-2 1.42743E-2 1.85987E-2 2.34286E-2 1.55775E-2 3.13865E-2 5.69343E-2 7.12738E-2 7.41632E-2 7.39162E-2 7.33252E-2 7.01827E-2 7.11137E-2 7.18992E-2 6.99898E-2 6.79725E-2 6.20734E-2 5.73651E-2 5.30354E-2 4.51592E-2 3.27355E-2 3.57157E-2 3.35725E-2 3.68056E-2 4.31889E-2 5.29201E-2 6.37656E-2 6.96203E-2 8.19323E-2 9.6329E-2 1.06978E-1 1.1409E-1 1.24594E-1 1.34341E-1 1.44353E-1 1.4487E-1 1.29684E-1 8.13301E-2 6.89768E-2 2.35412E-2 2.26206E-2 8.68174E-3 1.09784E-2 7.497E-2
1.3438E-2 7.07947E-3 2.52256E-3 6.09036E-4 1.00847E-4 3.4818E-4 3.3785E-4 3.0711E-4 4.95566E-4 2.33327E-4 2.38356E-3 5.87363E-3 5.38048E-3 2.32394E-2 5.87685E-2 7.22638E-2 8.12797E-2 8.12052E-2 8.08831E-2 8.13937E-2 8.01021E-2 8.08831E-2 8.03703E-2 8.04076E-2 7.61937E-2 2.62415E-2 8.51103E-3 1.05108E-2 1.2717E-2 1.18923E-2 1.50708E-2 2.35375E-2 1.78559E-2 4.20324E-2 7.01621E-2 7.44633E-2 7.47208E-2 7.17944E-2 7.02469E-2 6.76681E-2 6.76681E-2 6.10543E-2 5.7997E-2 5.32277E-2 4.77931E-2 3.69581E-2 2.56274E-2 2.59027E-2 2.58602E-2 2.97495E-2 3.20318E-2 3.26447E-2 3.504E-2 5.00353E-2 7.91009E-2 9.90815E-2 1.06614E-1 1.1652E-1 1.25705E-1 1.32749E-1 1.3934E-1 1.42503E-1 1.44677E-1 9.85406E-2 5.23498E-2 1.72826E-2 1.11002E-2 3.90912E-3 1.23984E-2 9.5876E-2
