KUENM/Final_Models/M_0.1_F_lq_Set_2_EC/sp1_median.asc
ncols         197
nrows         210
xllcorner     56.1666666666667
yllcorner     4.5
cellsize      0.166666666666667
NODATA_value  -9999
[rows 28 to 55 of 210, columns 65 to 129 of 197]
1.3814E-10 3.61987E-11 4.46584E-12 1.96936E-11 2.12511E-10 1.12911E-9 3.75629E-11 1.24167E-11 4.75803E-10 1.84133E-9 2.90436E-10 2.25378E-11 3.48257E-4 1.16737E-3 6.47196E-5 7.40713E-3 6.65672E-3 4.14454E-4 2.99739E-2 5.67051E-2 1.11243E-2 2.87783E-5 1.79692E-4 2.26516E-2 7.85836E-2 1.27592E-2 1.07625E-1 9.2815E-2 7.13824E-2 1.04609E-2 2.04977E-2 1.68987E-2 3.27465E-3 2.16624E-4 1.77875E-3 1.47742E-3 2.15679E-4 9.22232E-7 3.63151E-8 8.6612E-7 2.54384E-11 2.69312E-9 2.91313E-7 4.00048E-7 3.02211E-7 7.01135E-9 2.1104E-9 5.87056E-11 6.39466E-12 3.51429E-13 2.03761E-14 3.7798E-15 1.65307E-14 3.91592E-16 1.67306E-13 2.66933E-11 2.08485E-16 7.8013E-18 5.74817E-18 1.03284E-14 3.29903E-14 4.22637E-14 1.55981E-16 1.0299E-13 1.44687E-21
1.46849E-12 1.83593E-12 6.06218E-12 1.0647E-12 2.28264E-12 3.44819E-13 7.95354E-12 7.94935E-11 5.77065E-12 5.15279E-12 6.33514E-11 3.46709E-8 1.70715E-4 6.1253E-4 3.35259E-4 5.50646E-3 2.62442E-2 4.15495E-2 6.64733E-2 7.30306E-2 8.59798E-2 1.03129E-1 1.1931E-1 1.15633E-1 2.5955E-2 1.87356E-1 2.27943E-1 8.8105E-2 1.33259E-1 1.78145E-1 1.52201E-1 1.19352E-2 1.36885E-2 2.86164E-3 2.99159E-3 5.41747E-5 1.27253E-4 1.16113E-4 9.95088E-5 5.47157E-7 1.45362E-7 1.32408E-5 2.76949E-6 1.04917E-4 1.09705E-5 3.79009E-9 1.35085E-9 1.04145E-9 1.76236E-10 1.68374E-12 3.34983E-15 1.19669E-14 1.69812E-14 5.15299E-13 6.37392E-11 2.0547E-12 1.16354E-11 4.12499E-12 1.37673E-17 9.28647E-19 1.23025E-18 1.86339E-17 5.89762E-13 1.39652E-10 1.27151E-17
6.72467E-11 1.04896E-11 7.56886E-11 2.14169E-10 1.4661E-9 1.81059E-9 2.79757E-10 3.07416E-10 1.65442E-10 7.43264E-9 8.02542E-7 1.89071E-6 6.70417E-5 1.26109E-4 4.90513E-5 9.52398E-5 3.28943E-3 1.14708E-2 5.56397E-2 7.38988E-2 1.03613E-1 1.30157E-1 1.66549E-1 1.41048E-1 1.53968E-1 2.04419E-1 2.37305E-1 2.69139E-1 3.71176E-1 4.01003E-1 3.59006E-1 1.69987E-1 5.87086E-2 3.09844E-2 6.21403E-3 3.77249E-4 5.89909E-5 7.55373E-6 3.36492E-5 3.27591E-4 9.85383E-4 9.31173E-7 3.76274E-5 3.66371E-3 6.13584E-4 7.36021E-4 2.81596E-7 3.00453E-11 3.93052E-12 7.03627E-13 1.08164E-14 1.18221E-13 5.7352E-13 4.76813E-13 1.2358E-12 2.18198E-12 1.45194E-12 7.17794E-12 1.6851E-11 2.50219E-15 7.23895E-18 2.79323E-19 1.7281E-18 5.53657E-18 8.56006E-13
3.69885E-11 4.38603E-10 6.42985E-10 4.02174E-11 3.34711E-11 8.38091E-10 2.27788E-9 1.77491E-8 1.0809E-8 2.08896E-8 1.78833E-7 2.30744E-6 7.38275E-5 2.67425E-5 9.87013E-8 1.52484E-7 2.13957E-4 3.16688E-3 2.96785E-2 8.5063E-2 9.25746E-2 1.41435E-1 1.73485E-1 2.26671E-1 2.38059E-1 2.33703E-1 3.10202E-1 4.08306E-1 4.52149E-1 4.72073E-1 4.7684E-1 4.60111E-1 3.42868E-1 1.2754E-1 1.03852E-2 8.60329E-3 2.35657E-4 6.38709E-5 7.11E-5 3.72108E-3 3.01166E-4 1.48605E-6 3.94343E-8 2.27116E-4 4.96664E-3 6.85348E-3 4.71142E-4 2.53208E-6 9.41226E-10 6.1198E-11 1.27645E-12 1.9764E-14 3.54835E-16 3.39599E-13 1.24565E-14 3.76346E-15 3.0943E-15 2.30305E-14 2.73367E-13 4.36423E-12 6.33579E-12 4.74106E-11 4.88619E-14 1.09495E-15 1.72884E-16
5.57645E-10 2.47744E-9 9.54574E-11 6.4061E-11 6.12627E-11 8.6546E-10 3.99837E-9 3.57963E-9 5.40263E-8 6.50079E-7 4.44923E-6 1.97E-5 7.5258E-5 1.12314E-5 2.08537E-9 7.99448E-8 5.89758E-8 3.22497E-10 1.33546E-7 3.59229E-4 8.1046E-3 3.49528E-2 1.11995E-1 1.09824E-1 1.30962E-1 1.65386E-1 3.52061E-1 3.83993E-1 4.43654E-1 4.7615E-1 4.83088E-1 4.76494E-1 4.85541E-1 4.64089E-1 2.10072E-1 1.67096E-1 2.07915E-3 4.07914E-4 5.38327E-5 1.64392E-2 4.54589E-3 2.7967E-4 2.44556E-4 1.15886E-6 4.74213E-5 4.06289E-3 6.44249E-3 5.5269E-4 2.43102E-8 3.68493E-10 8.37516E-12 7.8492E-13 9.29869E-16 1.46182E-13 1.60309E-17 1.44986E-16 5.05706E-17 2.19418E-17 5.95703E-18 1.52382E-14 1.70615E-15 3.24675E-12 1.93686E-12 1.71025E-9 2.52958E-13
7.01053E-9 1.52513E-9 4.75481E-11 2.25284E-11 1.32741E-11 3.10016E-10 3.62131E-10 1.0228E-9 2.12527E-8 2.22374E-7 2.22738E-6 3.84189E-5 3.73473E-5 1.19581E-6 1.02212E-8 1.03511E-6 3.28167E-5 6.95882E-4 2.15609E-3 1.66547E-5 4.5575E-7 8.85922E-6 1.53714E-3 1.97031E-2 1.09203E-1 1.92726E-1 3.78959E-1 3.98554E-1 4.24821E-1 3.42447E-1 3.589E-1 4.71889E-1 4.93977E-1 4.64696E-1 2.85708E-1 1.66453E-1 6.99799E-3 4.54943E-3 3.2955E-3 3.32712E-2 2.50609E-2 1.12051E-3 3.83051E-4 1.70216E-6 1.33769E-10 5.4486E-6 1.07264E-3 6.94425E-3 1.02702E-3 4.83158E-6 3.62453E-11 7.4035E-11 1.52555E-13 2.01746E-15 6.13648E-16 7.54203E-17 6.54789E-17 1.48717E-16 1.65233E-15 2.66805E-14 1.02131E-12 5.04282E-12 5.07372E-15 3.18843E-15 2.49639E-10
2.10882E-10 9.27658E-12 1.14901E-10 3.93206E-12 8.59715E-11 2.71273E-10 3.68793E-10 6.42194E-8 6.20759E-7 4.06478E-7 1.50822E-7 2.6863E-6 4.8162E-7 2.9473E-7 2.43884E-6 4.58288E-6 6.22854E-4 3.13581E-3 1.63293E-2 3.62305E-2 1.64208E-2 2.68222E-3 5.83259E-3 9.10097E-3 5.72877E-2 1.58858E-1 2.35376E-1 3.68675E-1 2.3937E-1 3.09928E-1 4.50626E-1 4.58542E-1 4.77493E-1 4.5921E-1 3.66942E-1 1.29156E-1 3.70009E-2 3.09616E-2 2.90548E-2 6.38073E-2 2.49941E-2 7.41047E-2 6.27473E-2 5.00098E-3 4.14393E-9 3.39886E-10 1.02663E-5 1.40766E-3 7.85097E-3 1.88572E-3 3.02859E-8 1.30125E-9 2.08844E-10 5.21169E-12 3.98549E-16 9.30156E-18 1.42771E-15 6.84763E-16 5.40323E-15 5.55234E-13 3.48251E-17 9.85244E-15 3.29291E-16 5.07335E-18 2.96233E-13
2.9103E-11 7.71804E-10 6.49646E-11 1.97508E-12 3.24713E-10 5.7297E-10 5.18075E-9 1.37612E-7 5.08954E-6 2.18965E-6 8.69517E-7 1.2129E-6 7.73146E-6 1.22503E-5 1.10637E-6 5.19104E-7 8.38134E-4 1.95919E-2 4.74075E-2 1.07755E-1 7.92677E-2 2.44659E-2 6.19778E-2 9.61326E-2 2.4273E-1 3.50807E-1 4.5968E-1 4.29621E-1 4.17402E-1 4.69815E-1 4.67098E-1 4.49163E-1 4.42133E-1 4.35579E-1 3.81026E-1 2.19629E-1 1.12859E-1 9.20398E-2 6.59379E-2 6.90863E-2 9.92423E-2 1.32845E-1 1.18209E-1 1.96646E-2 2.31556E-5 5.03337E-11 3.3803E-9 5.20063E-6 7.96696E-5 1.15253E-4 2.05827E-7 1.55763E-9 1.46196E-7 1.22122E-10 1.06696E-13 2.69878E-15 1.7648E-16 2.26006E-16 4.1295E-14 9.17741E-13 1.13227E-14 7.49775E-17 3.00168E-15 8.11696E-18 5.21645E-16
1.21949E-9 2.53136E-10 4.10165E-10 3.84547E-11 1.9119E-10 9.79154E-11 2.34939E-8 2.32117E-6 1.88054E-5 2.57469E-5 1.09357E-5 4.27377E-5 4.2853E-5 6.35134E-7 4.01457E-5 9.20487E-5 8.34917E-3 5.42587E-2 9.86141E-2 1.12386E-1 1.45844E-1 1.77826E-1 2.13233E-1 2.38148E-1 3.03143E-1 4.52149E-1 5.00646E-1 4.95217E-1 4.80956E-1 4.82902E-1 4.75779E-1 4.64772E-1 4.73427E-1 4.53017E-1 4.31006E-1 3.92266E-1 2.71712E-1 2.2336E-1 1.79734E-1 1.04952E-1 5.97355E-2 9.42189E-2 1.30209E-1 8.13019E-2 1.56766E-2 4.32503E-6 4.10894E-5 3.60809E-7 8.13055E-8 6.3343E-6 1.17712E-8 7.15722E-6 1.51942E-4 1.51399E-6 1.96844E-11 3.48085E-11 2.91759E-12 6.48178E-17 7.29942E-17 4.7185E-13 7.36612E-17 2.64945E-15 2.9211E-16 3.30259E-16 1.06411E-16
3.44975E-10 1.62469E-10 2.6693E-9 2.11815E-9 3.39349E-9 1.56716E-7 3.43107E-6 1.48396E-5 2.75382E-5 1.89272E-5 3.87831E-5 4.31801E-5 3.27311E-6 2.99937E-7 5.02019E-5 2.01828E-3 2.43012E-2 5.10052E-2 6.46791E-2 1.35673E-1 2.25075E-1 3.06805E-1 2.57123E-1 3.71997E-1 4.21055E-1 4.44365E-1 4.5929E-1 4.67873E-1 4.82066E-1 4.7058E-1 4.72842E-1 4.81382E-1 4.81665E-1 4.95857E-1 5.1497E-1 4.90779E-1 4.1849E-1 3.87248E-1 3.33411E-1 1.63714E-1 7.48449E-2 6.49919E-2 1.65293E-1 1.67784E-1 1.08887E-1 2.50844E-2 7.73654E-3 5.7346E-4 4.99608E-4 2.35779E-4 4.33608E-6 1.33868E-6 8.75118E-5 2.7806E-7 1.50907E-8 7.25522E-9 3.09984E-13 1.55269E-14 3.28495E-17 6.51613E-16 9.0723E-15 7.54511E-15 1.88895E-14 4.75883E-15 2.32033E-15
8.51715E-10 2.1008E-9 3.98196E-8 2.3778E-8 1.6216E-7 2.35113E-6 1.11008E-5 1.80484E-5 6.27556E-6 4.52606E-6 2.88858E-5 1.658E-5 1.7185E-6 5.63952E-6 3.39912E-5 3.41608E-4 4.05887E-3 4.04151E-2 1.10524E-1 2.23079E-1 3.05058E-1 3.35988E-1 3.64853E-1 4.00437E-1 4.23372E-1 3.06093E-1 3.06976E-1 4.45701E-1 4.82567E-1 4.81444E-1 4.83899E-1 4.76958E-1 4.84048E-1 4.91872E-1 5.00189E-1 4.91061E-1 4.89408E-1 4.72994E-1 4.08983E-1 2.8895E-1 1.67293E-1 1.01704E-1 1.25672E-1 1.14332E-1 5.40992E-2 3.12022E-2 3.07336E-3 2.06035E-3 5.5039E-4 6.54663E-5 5.25989E-5 6.77347E-5 2.16355E-5 8.00221E-6 1.84337E-8 6.75525E-10 1.90283E-8 1.21085E-12 6.1451E-15 2.72501E-17 9.1855E-17 1.72462E-15 6.13648E-16 4.72175E-15 6.20335E-16
7.61035E-9 8.4093E-7 5.60124E-8 1.98897E-7 1.41272E-6 6.84674E-6 1.38447E-5 8.46312E-6 1.00828E-5 3.84608E-5 1.21236E-5 3.45252E-6 1.55367E-5 9.48745E-5 1.32535E-3 5.4701E-3 2.42156E-2 4.42074E-2 1.34987E-1 2.90161E-1 3.21064E-1 3.2329E-1 3.48936E-1 3.96108E-1 4.0285E-1 4.40794E-1 4.59035E-1 4.66255E-1 4.68731E-1 4.64571E-1 4.63561E-1 4.52015E-1 4.54698E-1 4.57277E-1 4.56895E-1 4.79963E-1 5.05717E-1 5.31756E-1 5.18059E-1 4.29543E-1 3.29994E-1 2.35814E-1 1.69049E-1 1.09815E-1 4.2175E-2 6.98861E-3 6.2568E-4 1.15095E-4 6.04408E-6 1.18645E-5 3.7199E-6 1.04407E-7 3.0645E-7 2.5149E-7 4.56948E-7 2.33192E-7 1.33118E-8 1.95068E-11 5.05111E-14 3.55049E-14 8.65341E-17 7.62545E-17 7.41616E-16 2.01996E-14 6.0598E-16
3.32693E-7 5.15933E-6 1.71078E-6 6.16873E-6 1.43921E-5 1.45781E-5 2.32694E-5 2.98475E-5 5.10718E-5 3.54942E-5 2.88042E-6 2.02659E-5 2.82632E-5 4.3118E-4 1.41015E-4 3.99566E-4 1.73757E-4 7.2712E-3 6.58193E-2 1.78411E-1 3.17528E-1 3.06709E-1 3.29619E-1 3.6886E-1 3.96681E-1 4.16559E-1 4.37111E-1 4.48908E-1 4.30756E-1 4.49327E-1 4.37721E-1 4.17832E-1 4.04483E-1 3.82851E-1 3.83719E-1 4.23542E-1 4.63844E-1 5.37216E-1 5.62942E-1 5.57173E-1 4.78918E-1 4.1862E-1 3.40285E-1 2.35171E-1 1.12294E-1 3.30869E-2 6.24037E-3 6.41456E-4 8.97277E-6 1.20997E-7 2.74133E-6 6.64862E-8 1.38245E-8 3.54711E-10 4.73912E-10 3.9099E-8 2.76932E-9 1.47692E-10 1.0483E-10 1.63657E-14 1.7646E-14 1.35695E-13 2.91464E-16 8.65341E-17 5.69343E-16
2.85766E-5 5.79553E-6 2.25917E-5 1.84968E-5 1.34522E-5 3.41352E-5 4.96728E-5 5.55413E-5 5.35425E-5 2.70731E-5 6.61632E-5 3.91197E-4 1.04755E-4 3.19161E-4 2.87325E-5 4.05445E-5 9.13804E-4 1.28749E-2 6.05416E-2 9.69337E-2 3.04016E-1 3.05087E-1 3.1218E-1 3.44929E-1 3.73E-1 3.96278E-1 4.1205E-1 4.27587E-1 4.31105E-1 3.83394E-1 3.26116E-1 3.02853E-1 4.04925E-1 4.40538E-1 4.70748E-1 4.82567E-1 5.14501E-1 5.51948E-1 5.73381E-1 5.77212E-1 5.79127E-1 5.68469E-1 5.23724E-1 4.32792E-1 3.01692E-1 2.59238E-1 1.18415E-1 2.8001E-2 2.18515E-3 1.5931E-5 1.21122E-7 6.67734E-9 4.90103E-10 7.38856E-13 2.28286E-15 1.24306E-11 1.35497E-8 8.40844E-11 1.03404E-11 3.43721E-10 6.08841E-11 8.84165E-13 2.62553E-16 7.30549E-16 1.14096E-16
1.36316E-5 7.30571E-5 4.68506E-5 7.18685E-6 2.83586E-5 6.02951E-5 6.33359E-5 3.99987E-5 4.16179E-5 5.51071E-5 1.37738E-4 1.26495E-3 9.18454E-4 2.59159E-4 5.11375E-4 3.74836E-3 7.71283E-3 4.8125E-2 1.78882E-1 2.65642E-1 2.57824E-1 2.76711E-1 3.11257E-1 3.34145E-1 3.42921E-1 3.67651E-1 3.60976E-1 3.82871E-1 4.03165E-1 4.14653E-1 4.00847E-1 4.45447E-1 4.77453E-1 4.78749E-1 4.73194E-1 4.63009E-1 4.83759E-1 5.12602E-1 5.46954E-1 5.70019E-1 5.80892E-1 5.84215E-1 5.77366E-1 5.70368E-1 5.09306E-1 5.2691E-1 4.04561E-1 2.11166E-1 7.24208E-2 1.37715E-2 5.51559E-4 2.89774E-6 5.15695E-8 1.61077E-13 4.17346E-18 6.89434E-12 2.95651E-11 2.58248E-8 3.98935E-10 1.20387E-10 9.97203E-10 1.2467E-10 2.49944E-15 8.36631E-14 8.04441E-15
3.26353E-4 1.29673E-4 2.95706E-5 6.57531E-5 5.49462E-5 3.61978E-5 2.11465E-5 2.34375E-5 2.6199E-5 1.70533E-5 6.41881E-5 7.43314E-4 4.93231E-3 4.02289E-3 9.82075E-3 2.95735E-2 3.74704E-2 7.68564E-2 2.26204E-1 2.31268E-1 2.20059E-1 2.38099E-1 2.79485E-1 3.06064E-1 3.15077E-1 2.89098E-1 3.08435E-1 3.26665E-1 3.46894E-1 3.71921E-1 4.07273E-1 4.41167E-1 4.63944E-1 4.67341E-1 4.60712E-1 4.54875E-1 4.59555E-1 4.81961E-1 5.03266E-1 5.36923E-1 5.58279E-1 5.69541E-1 5.80892E-1 5.77656E-1 5.71475E-1 5.66889E-1 5.31491E-1 4.15692E-1 2.83148E-1 1.22561E-1 2.38037E-2 8.65581E-4 2.2523E-6 4.04769E-10 1.2296E-19 3.30714E-23 1.16691E-10 1.99509E-8 6.86658E-9 8.75898E-11 5.85179E-10 2.65083E-8 1.10339E-12 4.46856E-14 6.61542E-17
3.44537E-4 4.49318E-5 8.18896E-5 4.87281E-5 2.3174E-5 1.6241E-5 1.91395E-5 4.9844E-5 4.92422E-5 1.31882E-4 3.48262E-4 1.85992E-4 6.96744E-3 1.69805E-2 2.84037E-2 6.26341E-2 1.53784E-1 1.73732E-1 2.05036E-1 1.95582E-1 2.09097E-1 2.17203E-1 2.30842E-1 2.36264E-1 2.38209E-1 2.45481E-1 2.56656E-1 2.69818E-1 2.87087E-1 3.1336E-1 3.51855E-1 3.9171E-1 4.38439E-1 4.53413E-1 4.56053E-1 4.37849E-1 4.32807E-1 4.48539E-1 4.64077E-1 4.89604E-1 5.22069E-1 5.5145E-1 5.77586E-1 5.77944E-1 5.72811E-1 5.7171E-1 5.61138E-1 5.24485E-1 4.20173E-1 2.58497E-1 1.05363E-1 2.06198E-2 2.66048E-4 1.27279E-7 7.89334E-12 7.26528E-21 9.69799E-26 6.10821E-19 1.33918E-11 1.66857E-8 1.74869E-9 4.60993E-8 1.59406E-9 4.8928E-14 1.55772E-16
1.32017E-4 8.57017E-5 5.51071E-5 1.4229E-4 6.58262E-5 5.09793E-5 7.10107E-5 1.14128E-4 2.5585E-4 3.83972E-4 1.04436E-3 8.85879E-4 3.40413E-3 2.13777E-2 5.88433E-2 5.73122E-2 9.48229E-2 4.55642E-2 2.05322E-1 1.81861E-1 1.97341E-1 2.06965E-1 2.12327E-1 2.09097E-1 2.09097E-1 2.1071E-1 2.11062E-1 2.25404E-1 2.41917E-1 2.58529E-1 2.95144E-1 3.43775E-1 3.86813E-1 4.16309E-1 4.19872E-1 4.07848E-1 4.09522E-1 4.12249E-1 4.3392E-1 4.59035E-1 4.94821E-1 5.41462E-1 5.76539E-1 5.83638E-1 5.77293E-1 5.7171E-1 5.57957E-1 5.42603E-1 4.75414E-1 3.75562E-1 2.30181E-1 1.02844E-1 4.48764E-3 4.85557E-6 1.19434E-10 8.90337E-12 3.88255E-18 2.09091E-16 4.11215E-13 7.59956E-11 1.10609E-9 1.2977E-9 7.4975E-9 5.69653E-12 7.23658E-14
7.55837E-5 1.96884E-4 5.80499E-4 1.53942E-4 2.11742E-4 2.00136E-4 3.01009E-4 3.39309E-4 5.7548E-4 9.3818E-4 1.75579E-3 1.83208E-3 4.87769E-3 6.47353E-3 3.96084E-2 5.17317E-2 3.19755E-2 2.00707E-2 1.9167E-1 1.74879E-1 1.81709E-1 1.91024E-1 1.91024E-1 1.87E-1 1.67411E-1 1.7036E-1 1.77838E-1 1.91654E-1 2.01098E-1 2.17203E-1 2.51054E-1 2.89098E-1 3.34767E-1 3.6782E-1 3.76372E-1 3.68447E-1 3.66878E-1 3.88166E-1 4.11079E-1 4.37813E-1 4.75384E-1 5.24157E-1 5.69826E-1 5.89431E-1 5.77356E-1 5.66424E-1 5.49023E-1 5.2466E-1 5.03348E-1 4.43131E-1 3.44888E-1 2.44393E-1 6.06517E-2 1.36046E-4 4.38774E-10 7.83898E-10 1.48887E-8 1.37815E-10 6.56761E-11 2.80658E-8 1.06771E-8 4.68404E-8 4.7678E-9 4.47368E-10 9.99875E-13
9.10935E-4 7.87898E-4 5.02473E-4 3.56136E-4 4.13501E-4 5.36693E-4 5.68944E-4 7.06445E-4 9.675E-4 1.33002E-3 2.61054E-3 3.14614E-3 3.99509E-3 9.10747E-3 2.36333E-2 3.59653E-2 8.75797E-3 6.01235E-3 1.66275E-1 1.82843E-1 1.76289E-1 1.76858E-1 1.70237E-1 1.64286E-1 1.49419E-1 1.49419E-1 1.56481E-1 1.66649E-1 1.81709E-1 1.94173E-1 2.13948E-1 2.5313E-1 2.89098E-1 3.28691E-1 3.5294E-1 3.51806E-1 3.54481E-1 3.64468E-1 3.78346E-1 4.15202E-1 4.56615E-1 5.08948E-1 5.64136E-1 5.94529E-1 5.81732E-1 5.67367E-1 5.53075E-1 5.39248E-1 5.40781E-1 5.01856E-1 4.40661E-1 3.58896E-1 2.0648E-1 4.63588E-2 2.06267E-3 3.1412E-4 2.08698E-5 5.01435E-5 2.56289E-6 3.5503E-7 3.56898E-8 4.00204E-10 2.9389E-9 1.05797E-8 2.24736E-7
1.21346E-3 8.82035E-4 5.41978E-4 3.11945E-4 2.41661E-4 3.52241E-4 5.74081E-4 6.2285E-4 1.23568E-3 1.61352E-3 2.12052E-3 1.8531E-3 3.1415E-3 1.33173E-2 3.91121E-2 2.15234E-2 1.08653E-2 1.67811E-2 7.14169E-2 1.77816E-1 1.67248E-1 1.61801E-1 1.6067E-1 1.56273E-1 1.44636E-1 1.41876E-1 1.44636E-1 1.48476E-1 1.58441E-1 1.70237E-1 1.93424E-1 2.16751E-1 2.5878E-1 3.10387E-1 3.45797E-1 3.72961E-1 3.75769E-1 3.61832E-1 3.51806E-1 3.83668E-1 4.32931E-1 4.79726E-1 5.35153E-1 5.70947E-1 5.74625E-1 5.7087E-1 5.62767E-1 5.63307E-1 5.62605E-1 5.5474E-1 4.97668E-1 4.42564E-1 3.79877E-1 2.57663E-1 7.49617E-2 2.70238E-2 4.71995E-3 1.22577E-3 1.69042E-4 1.30578E-6 4.76339E-8 2.10823E-7 1.17771E-6 4.82949E-6 1.95004E-7
7.66196E-4 6.28566E-4 4.14079E-4 3.63456E-4 3.25555E-4 3.88458E-4 6.2014E-4 8.84497E-4 6.58449E-4 1.04436E-3 1.42579E-3 2.50075E-3 6.5788E-3 1.89686E-2 1.93415E-2 1.19512E-2 1.35966E-2 2.43847E-2 4.54077E-2 1.77703E-1 1.58715E-1 1.5795E-1 1.56482E-1 1.47829E-1 1.40712E-1 1.37981E-1 1.31288E-1 1.33942E-1 1.36448E-1 1.44636E-1 1.63277E-1 1.93424E-1 2.37988E-1 3.05E-1 3.64659E-1 3.96387E-1 3.8778E-1 3.5897E-1 3.3679E-1 3.54952E-1 4.0049E-1 4.43392E-1 4.86411E-1 5.14504E-1 5.35315E-1 5.47874E-1 5.56247E-1 5.58921E-1 5.70547E-1 5.76255E-1 5.63608E-1 5.25019E-1 5.34046E-1 4.53366E-1 3.07324E-1 9.36777E-2 5.25907E-2 5.85057E-3 3.26362E-4 1.1425E-5 7.03765E-5 4.46576E-5 4.64946E-7 6.74011E-8 5.31102E-7
2.25887E-4 2.28238E-4 2.77478E-4 1.27545E-4 2.25887E-4 4.47016E-4 6.61758E-4 6.33791E-4 1.22888E-3 2.18435E-3 2.599E-3 2.58989E-3 9.01504E-3 1.82336E-2 1.0889E-2 1.30949E-2 1.54289E-2 4.42554E-2 6.95656E-2 1.78558E-1 1.51583E-1 1.53568E-1 1.49321E-1 1.47889E-1 1.42241E-1 1.28712E-1 1.26108E-1 1.23536E-1 1.19741E-1 1.23518E-1 1.36627E-1 1.69248E-1 2.18734E-1 2.95399E-1 3.86859E-1 4.2199E-1 3.88536E-1 3.47818E-1 3.27563E-1 3.3162E-1 3.60976E-1 4.04361E-1 4.35575E-1 4.60936E-1 4.77633E-1 5.22487E-1 5.61234E-1 5.67261E-1 5.71627E-1 5.83888E-1 5.82352E-1 5.82916E-1 5.77466E-1 4.95262E-1 3.82783E-1 2.832E-1 1.48685E-1 4.76774E-2 1.68984E-3 9.78376E-5 4.26216E-5 2.4187E-6 5.92279E-6 1.7398E-7 8.50197E-7
2.01429E-4 3.13585E-4 2.8626E-4 4.20799E-5 3.99395E-4 1.94741E-3 4.33284E-3 3.55043E-3 2.6612E-3 3.38154E-3 6.02262E-3 8.13137E-3 1.46682E-2 1.20313E-2 1.10044E-2 1.14628E-2 2.8287E-2 4.34253E-2 4.58207E-2 1.7381E-1 1.47542E-1 1.49321E-1 1.44859E-1 1.42178E-1 1.33903E-1 1.24761E-1 1.18406E-1 1.13472E-1 1.08673E-1 1.06324E-1 1.14794E-1 1.44867E-1 1.91514E-1 2.66937E-1 3.96901E-1 4.23805E-1 3.66386E-1 3.23818E-1 3.04624E-1 3.07278E-1 3.25533E-1 3.53871E-1 3.76934E-1 4.08933E-1 4.56026E-1 5.27226E-1 5.65971E-1 5.63179E-1 5.66505E-1 5.81538E-1 5.89884E-1 5.90099E-1 5.78512E-1 5.06524E-1 4.54879E-1 3.87442E-1 3.23269E-1 1.52774E-1 2.06198E-2 9.54815E-5 5.45372E-6 4.49992E-6 1.90643E-7 1.90821E-7 1.27087E-7
5.51298E-3 2.87212E-3 4.40902E-4 6.14909E-4 2.46051E-3 2.24015E-3 3.35469E-3 6.59608E-3 5.99521E-3 6.17551E-3 7.85815E-3 8.99342E-3 1.05805E-2 1.31693E-2 1.65838E-2 2.3053E-2 4.21837E-2 5.95162E-2 3.14718E-2 1.7742E-1 1.51619E-1 1.40848E-1 1.36188E-1 1.3236E-1 1.2702E-1 1.21815E-1 1.14516E-1 1.08476E-1 1.03798E-1 9.81428E-2 1.01728E-1 1.38086E-1 1.7148E-1 2.33179E-1 3.12661E-1 3.36441E-1 2.99297E-1 2.76031E-1 2.7411E-1 2.81601E-1 2.91181E-1 3.07278E-1 3.23504E-1 3.56962E-1 4.32931E-1 4.99172E-1 5.32178E-1 5.38763E-1 5.44086E-1 5.68265E-1 5.92187E-1 5.98446E-1 5.9127E-1 5.69174E-1 5.64698E-1 4.92162E-1 4.11331E-1 3.04932E-1 1.22953E-1 2.59256E-3 2.57975E-7 3.03097E-8 1.76664E-8 1.07668E-8 1.24866E-10
5.23192E-3 2.16549E-3 7.82581E-4 1.04645E-4 5.31362E-5 4.81234E-4 2.17138E-3 2.95484E-3 3.28573E-3 3.79224E-3 4.99534E-3 9.26826E-3 1.52288E-2 2.17505E-2 2.78731E-2 3.9778E-2 6.88278E-2 1.02626E-1 8.54317E-2 1.78204E-1 1.53703E-1 1.38005E-1 1.25407E-1 1.21505E-1 1.16423E-1 1.17681E-1 1.12703E-1 1.10266E-1 1.05844E-1 1.01223E-1 1.11814E-1 1.2855E-1 1.59553E-1 1.95212E-1 2.36627E-1 2.49469E-1 2.46004E-1 2.36288E-1 2.41399E-1 2.53421E-1 2.7411E-1 2.89263E-1 2.9886E-1 3.19446E-1 4.09199E-1 4.73565E-1 4.9814E-1 5.12257E-1 5.14653E-1 5.40828E-1 5.8694E-1 6.06037E-1 5.97858E-1 5.95453E-1 5.98932E-1 5.88161E-1 5.03087E-1 4.24727E-1 2.60726E-1 6.46917E-2 3.22597E-4 1.25782E-9 4.95776E-14 1.1635E-13 3.11902E-15
1.44167E-3 9.86499E-4 8.40302E-4 3.16859E-4 2.88725E-5 4.82611E-5 1.04063E-3 3.43504E-3 5.58186E-3 7.30268E-3 1.1969E-2 2.49075E-2 3.32633E-2 3.40297E-2 3.78407E-2 4.34253E-2 5.32387E-2 6.36954E-2 6.65463E-2 1.9068E-1 1.55256E-1 1.29876E-1 1.1983E-1 1.13531E-1 1.12297E-1 1.12297E-1 1.13531E-1 1.16024E-1 1.12297E-1 1.06677E-1 1.13034E-1 1.24401E-1 1.45001E-1 1.65561E-1 1.92308E-1 2.03418E-1 2.01236E-1 1.97351E-1 2.03844E-1 2.24475E-1 2.55148E-1 2.91454E-1 3.05E-1 3.16148E-1 3.9171E-1 4.66851E-1 4.93713E-1 4.90376E-1 4.65617E-1 4.85848E-1 5.63551E-1 6.03403E-1 6.11639E-1 6.08015E-1 6.10811E-1 5.97495E-1 5.61985E-1 4.95282E-1 2.94038E-1 1.26483E-1 1.93303E-2 9.54343E-5 6.57492E-9 7.03009E-12 1.49844E-11
1.55627E-3 2.53053E-5 2.09712E-3 7.20862E-3 9.67519E-3 3.99014E-3 2.08466E-3 4.79358E-3 1.17319E-2 1.74721E-2 2.13782E-2 4.64468E-2 7.62642E-2 5.76446E-2 5.37314E-2 4.79171E-2 4.22873E-2 7.42406E-2 4.95334E-2 1.96461E-1 1.43083E-1 1.1983E-1 1.06968E-1 1.08167E-1 1.06968E-1 1.08167E-1 1.1681E-1 1.20648E-1 1.18081E-1 1.14773E-1 1.13934E-1 1.20222E-1 1.3236E-1 1.4917E-1 1.62585E-1 1.71682E-1 1.74562E-1 1.7767E-1 1.83567E-1 2.05479E-1 2.39106E-1 2.68256E-1 2.79849E-1 3.03064E-1 3.81323E-1 4.6592E-1 4.95848E-1 4.98583E-1 4.52848E-1 4.6592E-1 5.46398E-1 5.86856E-1 6.03896E-1 6.15394E-1 6.03128E-1 6.11649E-1 5.39338E-1 4.7391E-1 3.73454E-1 2.35676E-1 1.0347E-1 1.98581E-2 4.55287E-5 6.19966E-7 8.23808E-9
