KUENM/Final_Models/M_0.1_F_lq_Set_2_EC/sp1_1.asc
ncols         197
nrows         210
xllcorner     56.1666666666667
yllcorner     4.5
cellsize      0.166666666666667
NODATA_value  -9999
[rows 56 to 83 of 210, columns 0 to 64 of 197]
-9999 -9999 -9999 -9999 -9999 -9999 -9999 -9999 -9999 -9999 -9999 9.74823E-2 9.74967E-2 9.64867E-2 9.39989E-2 9.45171E-2 9.39989E-2 9.3852E-2 8.27849E-2 6.52413E-2 4.99915E-2 3.95581E-2 4.96947E-3 3.41576E-4 2.4448E-3 4.43781E-3 1.3949E-3 1.64696E-2 5.951E-2 6.92765E-2 6.85513E-2 6.85513E-2 6.55746E-2 6.41965E-2 6.06535E-2 5.84563E-2 6.15055E-2 6.36321E-2 5.84563E-2 5.68638E-2 5.68638E-2 6.03656E-2 4.8964E-2 3.42878E-2 3.04498E-2 3.01192E-2 3.52674E-2 3.71469E-2 3.63743E-2 5.03398E-2 5.8275E-2 6.7629E-2 7.78913E-2 8.61136E-2 9.75168E-2 1.03756E-1 1.19265E-1 1.33698E-1 1.42883E-1 1.29039E-1 1.94925E-2 1.16572E-2 5.82854E-3 5.20711E-4 7.49253E-5
-9999 -9999 -9999 -9999 -9999 -9999 -9999 -9999 -9999 -9999 3.45471E-2 9.16655E-2 9.74967E-2 9.38497E-2 9.40965E-2 9.25807E-2 9.40239E-2 9.25762E-2 9.05299E-2 8.42706E-2 7.45993E-2 4.75507E-2 1.30514E-2 4.12551E-3 2.7912E-3 5.49859E-3 1.02764E-3 3.71149E-3 3.99763E-2 6.81359E-2 7.37953E-2 7.44246E-2 7.36468E-2 7.2875E-2 7.18425E-2 7.37883E-2 7.48793E-2 7.50753E-2 7.30076E-2 6.85374E-2 6.21701E-2 5.18804E-2 3.55597E-2 2.50077E-2 2.29566E-2 1.90184E-2 1.98402E-2 2.37411E-2 3.56348E-2 4.93371E-2 5.8275E-2 6.63304E-2 8.3396E-2 9.27662E-2 1.01001E-1 1.16745E-1 1.28179E-1 1.42165E-1 1.45734E-1 8.47676E-2 1.15948E-2 1.42715E-2 7.26464E-3 2.11123E-3 3.0371E-4
-9999 -9999 -9999 -9999 -9999 -9999 -9999 -9999 -9999 4.192E-5 6.4775E-3 8.25361E-2 9.57918E-2 9.45255E-2 9.40239E-2 9.3098E-2 9.30507E-2 9.28781E-2 9.27611E-2 8.7062E-2 8.06226E-2 4.9067E-2 2.60061E-3 2.54783E-3 1.07026E-3 2.09132E-3 3.82867E-3 1.34164E-3 8.03188E-3 3.81327E-2 6.98414E-2 7.81543E-2 7.97677E-2 7.99947E-2 7.66896E-2 7.84324E-2 7.92661E-2 7.56783E-2 7.18425E-2 6.00053E-2 4.90996E-2 3.89E-2 2.56192E-2 1.07744E-2 1.29101E-2 1.05242E-2 1.2105E-2 1.70742E-2 2.57855E-2 3.73967E-2 4.36749E-2 5.98038E-2 8.52909E-2 1.01951E-1 1.1038E-1 1.23986E-1 1.37026E-1 1.50368E-1 1.49193E-1 9.21321E-2 2.82368E-2 1.86854E-2 1.31152E-3 1.16964E-3 1.11085E-4
-9999 -9999 -9999 -9999 -9999 -9999 -9999 -9999 6.92168E-5 5.79544E-5 2.78162E-3 3.93486E-2 6.95667E-2 9.1949E-2 9.38349E-2 9.35431E-2 9.40965E-2 9.25807E-2 9.35431E-2 9.14702E-2 9.04234E-2 7.69459E-2 4.82142E-3 2.79765E-4 4.71862E-4 7.69175E-4 6.68756E-4 1.21141E-3 3.62056E-3 1.88071E-3 1.73635E-2 6.63754E-2 7.94259E-2 8.06045E-2 7.57415E-2 7.41637E-2 7.05954E-2 7.05954E-2 5.68638E-2 5.07744E-2 4.01567E-2 3.00668E-2 1.52798E-2 5.58511E-3 5.64453E-3 5.32883E-3 6.84152E-3 7.77196E-3 7.50339E-3 8.05194E-3 1.89146E-2 5.61247E-2 9.46037E-2 1.04985E-1 1.17829E-1 1.30092E-1 1.4019E-1 1.48325E-1 1.50085E-1 1.32281E-1 5.01856E-2 1.0791E-2 7.11941E-4 2.39589E-4 1.7812E-5
-9999 -9999 -9999 -9999 -9999 -9999 -9999 4.56987E-7 2.1097E-5 2.11189E-4 1.16194E-3 2.22945E-3 1.48015E-2 6.81359E-2 8.42706E-2 8.95965E-2 9.20222E-2 9.35431E-2 9.45255E-2 9.54983E-2 9.59875E-2 9.51612E-2 2.424E-2 9.10095E-4 1.27389E-3 8.9218E-4 1.25092E-4 8.83325E-4 3.38237E-3 3.94876E-3 1.88071E-3 1.19789E-2 6.63754E-2 7.37953E-2 6.46541E-2 6.10124E-2 5.9724E-2 5.9724E-2 3.97242E-2 3.60316E-2 3.64247E-2 2.82411E-2 1.54455E-2 4.07888E-3 3.23121E-3 2.04894E-3 2.57411E-3 2.6814E-3 3.2179E-3 1.30775E-2 4.02476E-2 8.46616E-2 9.60518E-2 1.06307E-1 1.20028E-1 1.28756E-1 1.38444E-1 1.44573E-1 1.47575E-1 9.2063E-2 1.37075E-2 1.42829E-3 9.76166E-4 4.99272E-5 3.38681E-5
-9999 -9999 -9999 -9999 -9999 -9999 1.22674E-8 6.90001E-7 2.62167E-7 1.53339E-5 1.86476E-3 7.81316E-3 8.81307E-3 5.05173E-2 6.70696E-2 8.42706E-2 9.14702E-2 9.49734E-2 9.50757E-2 9.74823E-2 9.68733E-2 9.44142E-2 6.60533E-2 8.72344E-3 4.19782E-3 3.09111E-3 4.90882E-4 6.22558E-4 4.76563E-4 3.31435E-3 1.48015E-2 3.51088E-3 3.38171E-2 5.70861E-2 5.21908E-2 4.7715E-2 4.8964E-2 3.72209E-2 1.82141E-2 9.35453E-3 2.67738E-2 3.97242E-2 2.73592E-2 1.37273E-2 1.74314E-2 8.45778E-3 8.28595E-3 9.19208E-3 1.79789E-2 3.59169E-2 6.36891E-2 8.30384E-2 9.51431E-2 1.06307E-1 1.14745E-1 1.26477E-1 1.34841E-1 1.37778E-1 1.16595E-1 2.41044E-2 7.32492E-3 4.73426E-4 1.17838E-4 2.52251E-5 1.65413E-5
-9999 -9999 -9999 -9999 -9999 -9999 8.89451E-7 1.26085E-7 1.51137E-8 3.55945E-5 9.56892E-5 5.97353E-3 2.37411E-2 4.94699E-2 6.77691E-2 8.00387E-2 8.7961E-2 9.49117E-2 9.74823E-2 9.89428E-2 9.77408E-2 1.02928E-1 7.62784E-2 1.88618E-3 6.87217E-3 5.23069E-3 2.10107E-3 5.61476E-4 1.68366E-4 1.62467E-3 3.3091E-2 3.45471E-2 4.1251E-2 4.99915E-2 5.27439E-2 5.10978E-2 5.00222E-2 3.63331E-2 3.19605E-2 8.9357E-3 2.50701E-2 6.10124E-2 5.35738E-2 4.46254E-2 3.9691E-2 2.98022E-2 2.97332E-2 3.275E-2 3.56348E-2 4.61911E-2 6.30587E-2 7.98804E-2 9.2824E-2 1.05499E-1 1.14654E-1 1.21121E-1 1.09662E-1 9.6032E-2 6.45317E-2 1.82635E-2 4.15141E-4 3.44416E-4 3.71926E-5 8.75399E-7 1.38913E-5
-9999 -9999 -9999 -9999 -9999 1.36603E-3 1.32962E-3 1.80014E-3 1.10733E-3 6.72599E-3 1.17458E-5 3.03734E-5 7.97173E-3 4.9067E-2 7.50736E-2 8.00387E-2 9.16655E-2 9.86218E-2 9.97916E-2 1.00632E-1 9.83598E-2 1.03297E-1 9.82873E-2 1.6399E-2 5.9139E-3 7.81316E-3 2.38383E-3 3.02511E-4 2.27457E-4 2.54371E-3 1.65808E-2 4.64181E-2 7.32399E-2 6.72984E-2 7.45993E-2 7.59983E-2 7.73439E-2 7.2875E-2 7.05954E-2 6.78096E-2 7.56783E-2 7.75063E-2 7.57415E-2 6.69747E-2 6.07765E-2 5.38635E-2 5.3209E-2 4.95951E-2 5.11443E-2 5.83221E-2 6.8409E-2 8.14369E-2 8.13204E-2 6.21529E-2 6.51803E-2 7.1934E-2 1.06849E-1 1.06794E-1 3.04178E-2 2.73197E-3 2.37511E-4 1.49088E-4 5.17113E-6 1.28087E-7 1.15751E-4
-9999 -9999 -9999 -9999 1.40242E-5 4.109E-4 1.36603E-3 2.85631E-3 5.75189E-2 7.59796E-2 1.08716E-3 3.35035E-7 4.78317E-5 1.32102E-2 5.43153E-2 7.92245E-2 9.44941E-2 1.0267E-1 1.01995E-1 1.05003E-1 1.03782E-1 1.05151E-1 9.72371E-2 3.27821E-2 4.59424E-3 8.13278E-3 2.72732E-3 3.11397E-4 3.07352E-5 3.51471E-4 2.84888E-3 1.43277E-2 5.91235E-2 8.18113E-2 8.22991E-2 8.88002E-2 8.94964E-2 8.76626E-2 8.62413E-2 8.55953E-2 8.6458E-2 8.64326E-2 8.82257E-2 8.34025E-2 7.97936E-2 7.69459E-2 7.24942E-2 6.46247E-2 5.60067E-2 5.15626E-2 5.13575E-2 3.89219E-2 1.73395E-2 2.26264E-2 5.31362E-2 1.13621E-1 1.23366E-1 1.11728E-1 1.49632E-2 7.21208E-4 3.70001E-4 1.57239E-4 2.67681E-6 4.3094E-5 6.39023E-5
-9999 -9999 -9999 -9999 4.49825E-6 1.65752E-4 1.41568E-3 3.66524E-3 5.89074E-2 1.11532E-1 6.62563E-2 2.67593E-3 8.82671E-7 8.37262E-4 2.11117E-2 6.50747E-2 9.39265E-2 1.05367E-1 1.06051E-1 1.07464E-1 1.06896E-1 1.05385E-1 9.77397E-2 6.25417E-2 6.4041E-3 1.29666E-2 6.94626E-3 2.75436E-3 2.47949E-4 2.60419E-6 7.67926E-4 9.8749E-3 4.7861E-2 9.16258E-2 9.25551E-2 9.34616E-2 9.68733E-2 9.40345E-2 9.31245E-2 9.1202E-2 9.09565E-2 9.25807E-2 9.39989E-2 9.39415E-2 9.13573E-2 9.06976E-2 7.92245E-2 4.59445E-2 2.14727E-2 2.06901E-2 3.77737E-2 4.6845E-2 5.36223E-2 9.78867E-2 1.24756E-1 1.27053E-1 1.32908E-1 9.11109E-2 7.83603E-3 1.08391E-3 1.12303E-3 2.25812E-5 2.42447E-6 8.65787E-4 8.08259E-4
-9999 -9999 -9999 5.44192E-3 2.25049E-3 8.65787E-4 8.68049E-3 4.8144E-2 8.77358E-2 1.20295E-1 1.09141E-1 7.90004E-2 1.3072E-2 5.48818E-4 5.21716E-3 4.4577E-2 8.6376E-2 1.01628E-1 1.02007E-1 1.01628E-1 1.05024E-1 1.0061E-1 8.30384E-2 8.61922E-2 3.18752E-2 1.96811E-2 1.70015E-2 1.10269E-2 4.68615E-3 4.64002E-3 8.69118E-3 1.95033E-2 4.50374E-3 4.83493E-2 9.48663E-2 1.01256E-1 1.03027E-1 9.90646E-2 9.70557E-2 9.5992E-2 9.60406E-2 9.69869E-2 9.74967E-2 9.74823E-2 9.89702E-2 9.77408E-2 8.51864E-2 6.15797E-2 7.30909E-2 8.26246E-2 9.3137E-2 1.01419E-1 1.14748E-1 1.19308E-1 1.23821E-1 1.30789E-1 1.3106E-1 6.11185E-2 2.83238E-3 2.65214E-3 1.51886E-3 1.16727E-4 4.44771E-3 6.34822E-3 5.37499E-3
-9999 -9999 -9999 1.34861E-2 9.25828E-4 1.60907E-2 7.10152E-2 1.16499E-1 1.23825E-1 1.29254E-1 1.20427E-1 1.09154E-1 8.71373E-2 6.0608E-2 4.91968E-2 4.12958E-2 6.56879E-2 7.50403E-2 6.88967E-2 7.28515E-2 9.85868E-2 8.46452E-2 4.87197E-2 6.62785E-2 7.1611E-2 2.19735E-2 1.48837E-2 1.98763E-2 1.70015E-2 1.43088E-2 1.9295E-2 3.03315E-2 2.0407E-3 8.77876E-3 4.45097E-2 8.13941E-2 1.01073E-1 1.05265E-1 1.0109E-1 9.9982E-2 9.89656E-2 1.00065E-1 1.00853E-1 1.01537E-1 1.03027E-1 1.04084E-1 1.0578E-1 1.04813E-1 1.05342E-1 1.06415E-1 1.08497E-1 1.15994E-1 1.17092E-1 1.22683E-1 1.24756E-1 1.27228E-1 9.75168E-2 3.70926E-2 5.50964E-3 5.71054E-3 1.39503E-3 2.41013E-3 5.8224E-3 2.4322E-3 1.20397E-2
-9999 -9999 -9999 1.1877E-2 1.03756E-2 8.81426E-2 1.3812E-1 1.0775E-1 9.40624E-2 1.27806E-1 1.34823E-1 1.29699E-1 1.23406E-1 1.20295E-1 1.17096E-1 1.02554E-1 4.33543E-2 5.01611E-2 5.5743E-2 2.54504E-2 7.57026E-2 7.36953E-2 9.88415E-3 5.20449E-3 6.39572E-2 9.51293E-3 1.41655E-2 2.37806E-2 3.11801E-2 2.71835E-2 2.66554E-2 3.02764E-2 7.98125E-3 5.78372E-4 1.72463E-2 3.12439E-2 7.82991E-2 1.09238E-1 1.06802E-1 1.0412E-1 1.03075E-1 1.02122E-1 1.05015E-1 1.0739E-1 1.08293E-1 1.08304E-1 1.07888E-1 1.08523E-1 1.10405E-1 1.10582E-1 1.13808E-1 1.17092E-1 1.21551E-1 1.19892E-1 1.19791E-1 1.08678E-1 3.41422E-2 1.94072E-2 3.36117E-3 6.02168E-3 4.65962E-3 8.02885E-3 1.33311E-2 2.7248E-2 2.74604E-2
-9999 -9999 3.09386E-2 9.15272E-2 1.1223E-1 1.53412E-1 1.5788E-1 1.43335E-1 1.38444E-1 1.43525E-1 1.40174E-1 1.36986E-1 1.35735E-1 1.32676E-1 1.3071E-1 1.29939E-1 1.23715E-1 1.11613E-1 1.13598E-1 1.12651E-1 9.12968E-2 7.65075E-2 4.5922E-2 4.14685E-2 1.03844E-1 3.58185E-2 1.94754E-2 3.54768E-2 3.27307E-2 3.27307E-2 1.97969E-2 2.10787E-2 2.4014E-2 9.88364E-3 9.69248E-3 4.87421E-3 2.93925E-2 8.14369E-2 1.13587E-1 1.12579E-1 1.12784E-1 1.09493E-1 1.12784E-1 1.12829E-1 1.12482E-1 1.11398E-1 1.10025E-1 1.12829E-1 1.16615E-1 1.14732E-1 1.18205E-1 1.20427E-1 1.21361E-1 1.18698E-1 9.93409E-2 3.9368E-2 1.02204E-2 1.82635E-2 6.30844E-3 6.02168E-3 5.88294E-3 9.0823E-3 1.57006E-2 3.86185E-3 5.69459E-2
-9999 -9999 1.44965E-1 1.33903E-1 1.54874E-1 1.75827E-1 1.70497E-1 1.58522E-1 1.21897E-1 1.3812E-1 1.49731E-1 1.44032E-1 1.40247E-1 1.351E-1 1.32347E-1 1.30678E-1 1.29904E-1 1.31397E-1 1.34904E-1 1.36013E-1 1.19006E-1 1.24223E-1 1.24439E-1 1.36776E-1 1.43525E-1 1.08678E-1 8.16963E-2 7.12689E-2 6.35619E-2 3.72092E-2 1.18499E-2 3.33666E-2 2.8815E-2 3.27307E-2 2.98552E-2 2.52822E-3 2.0672E-2 5.06548E-2 1.02554E-1 1.17726E-1 1.17086E-1 1.17772E-1 1.17311E-1 1.15513E-1 1.13739E-1 1.15963E-1 1.15491E-1 1.17248E-1 1.1773E-1 1.18049E-1 1.21574E-1 1.16108E-1 1.04985E-1 8.31663E-2 3.34889E-2 6.8074E-3 8.5228E-3 1.42721E-2 1.2453E-2 2.61137E-2 3.20069E-2 1.75979E-2 3.1734E-2 6.31319E-2 6.6316E-2
-9999 -9999 2.0021E-1 1.86171E-1 1.88854E-1 1.83481E-1 1.71819E-1 1.72054E-1 1.62311E-1 1.45497E-1 1.55692E-1 1.50662E-1 1.45284E-1 1.43689E-1 1.38112E-1 1.34975E-1 1.32943E-1 1.31718E-1 1.31718E-1 1.37472E-1 1.42696E-1 1.44101E-1 1.50329E-1 1.54341E-1 1.53262E-1 1.51697E-1 1.40877E-1 1.20259E-1 9.88719E-2 6.36369E-2 2.22E-2 1.68734E-2 5.62352E-2 5.73959E-2 3.61625E-2 3.54768E-2 1.87427E-2 5.11391E-2 8.79283E-2 1.12278E-1 1.15834E-1 1.17092E-1 1.15831E-1 1.18851E-1 1.1837E-1 1.18851E-1 1.18049E-1 1.15993E-1 1.13362E-1 9.3711E-2 7.91421E-2 7.78913E-2 3.58185E-2 1.2308E-2 9.66657E-3 5.65857E-3 1.13731E-2 2.52665E-2 2.81682E-2 1.89259E-2 4.58857E-2 1.32255E-2 2.3601E-2 6.8493E-2 3.37621E-2
-9999 1.79909E-1 1.60376E-1 1.46992E-1 1.58908E-1 1.94845E-1 1.8257E-1 1.79192E-1 1.74092E-1 1.66035E-1 1.66737E-1 1.56035E-1 1.51876E-1 1.47596E-1 1.458E-1 1.41925E-1 1.37911E-1 1.37911E-1 1.38172E-1 1.35759E-1 1.38253E-1 1.40773E-1 1.43322E-1 1.51071E-1 1.52147E-1 1.61389E-1 1.5455E-1 1.63644E-1 1.51968E-1 6.05619E-2 3.29014E-2 1.50829E-2 5.60305E-2 7.70372E-2 6.89476E-2 4.2662E-2 6.41614E-2 3.83884E-2 3.76605E-2 8.01232E-2 9.04467E-2 8.96019E-2 9.39235E-2 1.03367E-1 1.11505E-1 1.06518E-1 9.83109E-2 9.12961E-2 8.02867E-2 6.48508E-2 2.8815E-2 1.28828E-2 1.32555E-2 1.76892E-2 8.21373E-3 1.33866E-2 8.12674E-3 2.74161E-2 2.0866E-2 2.97159E-2 4.35666E-2 2.68087E-2 9.04745E-3 7.70063E-2 1.06646E-1
-9999 1.60942E-1 1.51989E-1 1.44429E-1 1.39643E-1 1.74159E-1 1.83226E-1 1.84855E-1 1.83612E-1 1.68589E-1 1.59904E-1 1.67346E-1 1.63453E-1 1.57272E-1 1.52902E-1 1.48418E-1 1.4513E-1 1.42991E-1 1.40696E-1 1.43249E-1 1.43322E-1 1.43209E-1 1.45778E-1 1.49681E-1 1.53306E-1 1.53306E-1 1.63291E-1 1.63291E-1 1.70986E-1 1.34459E-1 5.42759E-2 5.3299E-2 2.5717E-2 5.81297E-2 7.62369E-2 8.70822E-2 7.15409E-2 8.78754E-2 5.83706E-2 4.02527E-2 2.66953E-2 2.46722E-2 5.3644E-2 1.01626E-1 7.93744E-2 6.61007E-2 6.88633E-2 5.47316E-2 3.30475E-2 2.03786E-2 2.42062E-2 2.72056E-2 2.22E-2 1.52246E-2 2.54806E-2 2.07772E-2 8.92101E-3 2.79159E-2 5.51967E-2 7.59459E-2 3.94382E-2 3.30447E-2 2.01157E-2 5.74581E-2 1.30029E-1
-9999 1.74116E-1 1.5427E-1 1.48077E-1 1.45639E-1 1.46992E-1 1.90628E-1 1.86183E-1 1.88833E-1 8.01131E-2 1.0276E-1 1.43805E-1 1.59225E-1 1.66294E-1 1.66954E-1 1.61162E-1 1.57272E-1 1.53736E-1 1.49053E-1 1.49497E-1 1.52147E-1 1.54824E-1 1.59811E-1 1.62567E-1 1.63014E-1 1.63291E-1 1.65886E-1 1.68603E-1 1.67819E-1 8.81426E-2 5.93437E-2 4.43494E-2 6.51129E-2 7.16316E-2 7.76156E-2 8.58427E-2 9.52631E-2 1.00161E-1 1.01566E-1 1.05624E-1 1.02475E-1 1.05843E-1 1.15021E-1 1.14413E-1 1.06432E-1 8.57812E-2 5.90358E-2 4.50542E-2 4.30537E-2 4.14685E-2 3.25516E-2 2.06141E-2 2.63555E-2 4.90861E-2 5.28151E-2 2.89028E-2 5.93437E-2 1.26775E-2 1.02848E-1 5.35692E-2 4.35666E-2 6.47217E-2 5.99282E-2 8.41758E-2 1.1497E-1
-9999 1.79602E-1 -9999 -9999 1.42871E-1 1.44429E-1 1.59754E-1 1.9605E-1 1.86171E-1 3.8853E-2 2.41483E-2 6.4475E-2 6.63946E-2 1.30417E-1 1.45066E-1 1.59647E-1 1.64574E-1 1.6605E-1 1.65552E-1 1.65412E-1 1.6909E-1 1.66954E-1 1.71983E-1 1.71983E-1 1.76281E-1 1.73388E-1 1.61872E-1 1.40987E-1 1.03037E-1 5.21688E-2 5.56872E-2 4.87921E-2 4.28511E-2 4.87921E-2 6.1493E-2 7.20812E-2 6.80715E-2 7.20812E-2 8.04221E-2 7.16316E-2 7.36261E-2 9.6032E-2 1.04689E-1 1.11646E-1 1.15021E-1 1.06728E-1 9.19148E-2 6.99515E-2 4.4299E-2 3.6001E-2 2.96655E-2 3.97364E-2 4.33698E-2 4.16151E-2 5.2315E-2 7.90377E-2 2.47616E-2 1.03724E-1 7.59459E-2 8.689E-2 4.22879E-2 8.40674E-2 9.32792E-2 9.71044E-2 1.24354E-1
-9999 1.84905E-1 -9999 -9999 -9999 1.58355E-1 1.92124E-1 2.00644E-1 1.69695E-1 2.01425E-2 5.79339E-2 6.24993E-2 4.30974E-2 7.12021E-2 7.37072E-2 1.05489E-1 1.42629E-1 1.60976E-1 1.5294E-1 1.24817E-1 1.41458E-1 1.57755E-1 1.54201E-1 1.47486E-1 1.44539E-1 1.03724E-1 6.03957E-2 4.96658E-2 5.66771E-2 9.0714E-2 1.15019E-1 1.05489E-1 1.01614E-1 9.85602E-2 1.14126E-1 1.44036E-1 1.1223E-1 7.17377E-2 7.75434E-2 9.73888E-2 1.03037E-1 9.6007E-2 1.01257E-1 1.0751E-1 1.16705E-1 1.0976E-1 9.71014E-2 7.84609E-2 5.60305E-2 3.80732E-2 3.13729E-2 3.4775E-2 5.13779E-2 5.93437E-2 4.51531E-2 1.1024E-1 1.187E-1 1.57809E-1 5.32669E-2 1.16834E-1 7.18021E-2 1.61974E-1 7.67161E-2 1.19662E-1 1.63529E-1
-9999 -9999 -9999 -9999 -9999 1.63551E-1 1.93613E-1 2.10344E-1 1.95879E-1 4.37478E-2 1.11473E-1 1.04523E-1 1.32074E-1 1.35555E-1 1.23926E-1 1.29622E-1 1.31199E-1 1.33698E-1 1.01614E-1 1.0076E-1 1.42629E-1 1.21713E-1 8.02696E-2 7.72633E-2 4.63927E-2 4.3188E-2 9.60916E-2 1.38308E-1 1.02473E-1 8.09606E-2 1.31199E-1 9.85602E-2 9.4652E-2 1.27872E-1 1.46367E-1 1.61178E-1 1.94188E-1 1.88833E-1 1.81941E-1 1.63196E-1 1.4055E-1 1.25868E-1 1.23995E-1 1.19639E-1 1.17764E-1 1.12611E-1 9.68905E-2 7.10152E-2 5.57065E-2 5.97394E-2 5.97394E-2 5.77656E-2 7.3568E-2 1.04838E-1 1.47955E-1 1.59289E-1 1.66963E-1 1.87819E-1 1.79308E-1 1.74169E-1 2.04178E-1 2.3194E-1 1.68928E-1 1.43098E-1 2.02948E-1
-9999 1.90512E-1 1.72305E-1 -9999 -9999 1.5302E-1 1.63397E-1 2.1087E-1 1.78613E-1 1.16896E-1 1.66853E-1 1.66315E-1 1.08815E-1 1.51147E-1 1.74883E-1 1.69074E-1 1.75219E-1 1.738E-1 1.6771E-1 1.69381E-1 1.70765E-1 1.58015E-1 1.49927E-1 1.55281E-1 1.37177E-1 1.31199E-1 1.33698E-1 1.6188E-1 1.42868E-1 1.45208E-1 1.84803E-1 1.73706E-1 1.83854E-1 1.96568E-1 1.93103E-1 2.02574E-1 2.12632E-1 1.79308E-1 1.69451E-1 1.89276E-1 1.84921E-1 1.82046E-1 1.77249E-1 1.63652E-1 1.55991E-1 1.45398E-1 1.38203E-1 1.22958E-1 1.20852E-1 9.69575E-2 6.24895E-2 5.17075E-2 1.21694E-1 1.60545E-1 1.72155E-1 1.81551E-1 1.95326E-1 2.04141E-1 2.13799E-1 1.96141E-1 2.27945E-1 2.42291E-1 1.94883E-1 1.40228E-1 2.51466E-1
2.34667E-1 2.20072E-1 1.80024E-1 -9999 -9999 1.5302E-1 1.63397E-1 1.99692E-1 1.87437E-1 2.02278E-1 1.91647E-1 1.90306E-1 1.69451E-1 1.84447E-1 1.8303E-1 1.78075E-1 1.75499E-1 1.75589E-1 1.71225E-1 1.72708E-1 1.74145E-1 1.72708E-1 1.75219E-1 1.75219E-1 1.76644E-1 1.70716E-1 1.76208E-1 1.81973E-1 1.82046E-1 1.90392E-1 1.9403E-1 1.9796E-1 1.99439E-1 2.11984E-1 2.12447E-1 2.17209E-1 2.11973E-1 2.16403E-1 2.09372E-1 2.07815E-1 2.03236E-1 1.97636E-1 1.90228E-1 1.82066E-1 1.74386E-1 1.59647E-1 1.52131E-1 1.40574E-1 1.15264E-1 9.6007E-2 1.26159E-1 1.51349E-1 1.53894E-1 1.52774E-1 1.84447E-1 1.91025E-1 2.01688E-1 2.07729E-1 2.23644E-1 2.36545E-1 2.00708E-1 2.36099E-1 2.64819E-1 1.73793E-1 2.44255E-1
2.68665E-1 2.52102E-1 -9999 -9999 -9999 -9999 1.64341E-1 1.86222E-1 2.02528E-1 1.90833E-1 1.87832E-1 1.90306E-1 1.76571E-1 1.83369E-1 1.85748E-1 1.82146E-1 1.78495E-1 1.67499E-1 1.67499E-1 1.71356E-1 1.67499E-1 1.6946E-1 1.71225E-1 1.72788E-1 1.75293E-1 1.79134E-1 1.81121E-1 1.7905E-1 1.86373E-1 1.90992E-1 1.92495E-1 1.96517E-1 1.84457E-1 1.91368E-1 2.06518E-1 2.09608E-1 1.98112E-1 1.78345E-1 1.61692E-1 1.53033E-1 1.62401E-1 1.71475E-1 1.87832E-1 1.87357E-1 1.74953E-1 1.46273E-1 1.51625E-1 1.51625E-1 1.51349E-1 1.57911E-1 1.55991E-1 1.50436E-1 1.55431E-1 1.77249E-1 1.88729E-1 1.96106E-1 1.91552E-1 2.20407E-1 2.32571E-1 2.46342E-1 2.34404E-1 2.06566E-1 2.62118E-1 2.62849E-1 2.77961E-1
1.63732E-1 2.58085E-1 -9999 -9999 -9999 -9999 1.61075E-1 1.68709E-1 1.81535E-1 1.90833E-1 1.85525E-1 1.65499E-1 1.75732E-1 1.65886E-1 1.67434E-1 1.6957E-1 1.61914E-1 1.60543E-1 1.63014E-1 1.52317E-1 1.54979E-1 1.698E-1 1.6946E-1 1.68382E-1 1.72788E-1 1.77039E-1 1.72415E-1 1.70989E-1 1.63121E-1 1.62745E-1 1.68676E-1 1.64105E-1 1.74688E-1 1.87403E-1 1.96372E-1 1.98112E-1 1.95108E-1 1.78489E-1 1.44584E-1 1.2745E-1 1.45804E-1 1.53033E-1 1.86183E-1 1.8743E-1 1.77626E-1 1.59054E-1 1.5294E-1 1.10353E-1 1.28255E-1 1.55431E-1 1.56462E-1 1.70765E-1 1.81551E-1 1.88729E-1 1.91954E-1 2.03167E-1 2.0151E-1 2.16294E-1 2.40905E-1 2.48073E-1 2.19147E-1 2.08026E-1 2.27694E-1 2.8123E-1 2.79212E-1
-9999 2.20124E-1 -9999 -9999 -9999 -9999 1.5713E-1 1.60232E-1 1.61899E-1 1.65476E-1 1.81546E-1 1.62745E-1 1.57343E-1 1.52435E-1 1.52047E-1 1.52047E-1 1.57313E-1 1.48143E-1 1.43435E-1 1.53644E-1 1.62567E-1 1.63302E-1 1.68512E-1 1.71356E-1 1.68044E-1 1.6946E-1 1.72788E-1 1.6957E-1 1.55424E-1 1.48539E-1 1.56009E-1 1.55064E-1 1.66284E-1 1.81763E-1 1.69968E-1 1.5713E-1 1.4799E-1 1.46744E-1 1.38572E-1 1.40883E-1 1.4799E-1 1.52378E-1 1.57718E-1 1.63121E-1 1.66749E-1 1.71912E-1 1.69202E-1 1.59904E-1 1.72387E-1 1.738E-1 1.70765E-1 1.80954E-1 1.86247E-1 1.91867E-1 1.87012E-1 1.87667E-1 2.12632E-1 2.23816E-1 2.29599E-1 2.42291E-1 2.15182E-1 2.03659E-1 2.2463E-1 2.53897E-1 2.91901E-1
-9999 1.63014E-1 -9999 -9999 -9999 -9999 -9999 -9999 -9999 1.6274E-1 -9999 1.53746E-1 1.51319E-1 1.4618E-1 1.42418E-1 1.4618E-1 1.47253E-1 1.43435E-1 1.43435E-1 1.47549E-1 1.60258E-1 1.64694E-1 1.53787E-1 1.57775E-1 1.57528E-1 1.61632E-1 1.68044E-1 1.65348E-1 1.59179E-1 1.5632E-1 1.50739E-1 1.52047E-1 1.61377E-1 1.59449E-1 1.56559E-1 1.5524E-1 1.72492E-1 1.7597E-1 1.57885E-1 1.52378E-1 1.5524E-1 1.60804E-1 1.5676E-1 1.53306E-1 1.62567E-1 1.65616E-1 1.68861E-1 1.71912E-1 1.68382E-1 1.74092E-1 1.76644E-1 1.81575E-1 1.88729E-1 1.9155E-1 1.98697E-1 2.09114E-1 2.07729E-1 2.18806E-1 2.2269E-1 2.18992E-1 1.93454E-1 2.00708E-1 1.99248E-1 2.29728E-1 2.67875E-1
