KUENM/Final_Models/M_0.1_F_lq_Set_2_EC/sp1_se_asia_median.asc
ncols         320
nrows         243
xllcorner     44.0
yllcorner     -0.666666666666667
cellsize      0.166666666666667
NODATA_value  -9999
[rows 62 to 92 of 243, columns 140 to 209 of 320]
7.00417E-2 8.81501E-2 8.63263E-2 9.25594E-2 1.01374E-1 1.18832E-1 1.38086E-1 1.50696E-1 1.56398E-1 1.68785E-1 1.82723E-1 1.90125E-1 2.1444E-1 2.27079E-1 2.35801E-1 2.29018E-1 2.16396E-1 2.24555E-1 2.3869E-1 2.08051E-1 1.5009E-1 1.08199E-1 9.32065E-2 8.99643E-2 8.84505E-2 9.05704E-2 8.7404E-2 8.99643E-2 9.32065E-2 1.00405E-1 1.13678E-1 1.25925E-1 1.42742E-1 1.524E-1 1.6003E-1 1.55168E-1 1.46771E-1 1.36787E-1 1.33081E-1 1.50411E-1 1.74798E-1 1.97606E-1 2.30226E-1 2.63771E-1 3.03992E-1 3.33772E-1 3.76822E-1 4.25804E-1 4.63781E-1 4.87788E-1 5.01728E-1 5.17042E-1 5.72614E-1 5.98855E-1 5.81809E-1 5.83802E-1 6.16707E-1 6.06517E-1 4.7391E-1 3.68059E-1 3.7448E-1 2.59727E-1 1.55512E-1 1.17249E-1 1.21956E-1 5.70786E-2 2.2908E-2 4.32502E-3 5.53502E-4 1.36307E-5
7.19649E-2 7.73763E-2 7.63668E-2 7.97378E-2 8.42057E-2 9.82698E-2 1.23418E-1 1.41044E-1 1.52914E-1 1.66429E-1 1.72794E-1 1.85202E-1 1.93304E-1 2.03758E-1 2.0915E-1 1.89059E-1 1.96956E-1 2.11573E-1 2.42388E-1 2.12096E-1 1.41323E-1 1.02251E-1 8.78478E-2 8.6803E-2 8.57671E-2 8.89015E-2 8.89015E-2 9.037E-2 9.47387E-2 1.03161E-1 1.19303E-1 1.34713E-1 1.50759E-1 1.64665E-1 1.70303E-1 1.64706E-1 1.5308E-1 1.30735E-1 1.2722E-1 1.48639E-1 1.68522E-1 1.97623E-1 2.23381E-1 2.57089E-1 2.91962E-1 3.13174E-1 3.46043E-1 3.93718E-1 4.50634E-1 5.08701E-1 5.42258E-1 5.30089E-1 5.66202E-1 6.12686E-1 6.18467E-1 6.18403E-1 6.24928E-1 6.12179E-1 5.49013E-1 4.87273E-1 4.2919E-1 2.99201E-1 1.48671E-1 1.0347E-1 1.20649E-1 9.22374E-2 5.41063E-2 2.73736E-2 9.04033E-3 1.62039E-3
7.74239E-2 7.10252E-2 6.97387E-2 7.01037E-2 7.13504E-2 8.47531E-2 1.13328E-1 1.36188E-1 1.49253E-1 1.49351E-1 1.62551E-1 1.70182E-1 1.70193E-1 1.72858E-1 1.75925E-1 1.61733E-1 1.63947E-1 1.72679E-1 1.80072E-1 1.56953E-1 1.22085E-1 9.76562E-2 8.47402E-2 8.17129E-2 8.27131E-2 8.37222E-2 8.71888E-2 9.037E-2 9.73689E-2 1.08353E-1 1.21071E-1 1.38031E-1 1.55896E-1 1.68494E-1 1.72679E-1 1.72679E-1 1.59264E-1 1.47134E-1 1.492E-1 1.61733E-1 1.82624E-1 2.06014E-1 2.35901E-1 2.59321E-1 2.85181E-1 3.08626E-1 3.28971E-1 3.70395E-1 4.34731E-1 4.98232E-1 5.31781E-1 5.14433E-1 5.38096E-1 6.06374E-1 6.2558E-1 6.28659E-1 6.28062E-1 6.15337E-1 5.87665E-1 5.2946E-1 4.51763E-1 3.24382E-1 1.93805E-1 1.27313E-1 1.40256E-1 1.20649E-1 9.39717E-2 6.74908E-2 4.63913E-2 1.76492E-2
7.48149E-2 6.79282E-2 6.52806E-2 6.4416E-2 6.6509E-2 8.55613E-2 1.10562E-1 1.46266E-1 1.45853E-1 1.48551E-1 1.52251E-1 1.46126E-1 1.44312E-1 1.40213E-1 1.34811E-1 1.30525E-1 1.29147E-1 1.27778E-1 1.21924E-1 1.08723E-1 9.54132E-2 8.47402E-2 8.07215E-2 7.6844E-2 7.91012E-2 8.20671E-2 8.7523E-2 9.18073E-2 1.00004E-1 1.08681E-1 1.20144E-1 1.35566E-1 1.53307E-1 1.64239E-1 1.71726E-1 1.74306E-1 1.75153E-1 1.75894E-1 1.79785E-1 1.90213E-1 2.04113E-1 2.26894E-1 2.43125E-1 2.72562E-1 2.92629E-1 3.13161E-1 3.37375E-1 3.74466E-1 4.15912E-1 4.59203E-1 4.98232E-1 5.1666E-1 5.49038E-1 6.01386E-1 6.26633E-1 6.36174E-1 6.32892E-1 6.32176E-1 6.20746E-1 5.56207E-1 4.52869E-1 3.3809E-1 2.46451E-1 1.9855E-1 2.00142E-1 1.89338E-1 1.55577E-1 1.36669E-1 1.28574E-1 6.46457E-2
6.95126E-2 6.79282E-2 6.97387E-2 6.61541E-2 6.88289E-2 8.81299E-2 1.34422E-1 1.71995E-1 1.8089E-1 1.67864E-1 1.54587E-1 1.37666E-1 1.3073E-1 1.21116E-1 1.09184E-1 9.93533E-2 9.70497E-2 9.34662E-2 8.8868E-2 7.71683E-2 7.21931E-2 6.86269E-2 7.21931E-2 7.34078E-2 7.52706E-2 8.03751E-2 8.44055E-2 9.10213E-2 1.00291E-1 1.08681E-1 1.23123E-1 1.35566E-1 1.47613E-1 1.63085E-1 1.73936E-1 1.79945E-1 1.86735E-1 1.97633E-1 2.15119E-1 2.17403E-1 2.32098E-1 2.50405E-1 2.67163E-1 2.91262E-1 3.13161E-1 3.31803E-1 3.52158E-1 3.91108E-1 4.30737E-1 4.48947E-1 4.79326E-1 5.1552E-1 5.58683E-1 6.06466E-1 6.10897E-1 5.92988E-1 6.20978E-1 6.24613E-1 6.36357E-1 5.51862E-1 4.4515E-1 3.54351E-1 3.13303E-1 2.93733E-1 2.83014E-1 3.00611E-1 2.87873E-1 2.87873E-1 2.29575E-1 1.3444E-1
7.28959E-2 7.34702E-2 7.25234E-2 7.53919E-2 8.66416E-2 1.24766E-1 2.02556E-1 2.42445E-1 2.17785E-1 1.80135E-1 1.46388E-1 1.24468E-1 1.12699E-1 9.93533E-2 9.26945E-2 8.3096E-2 7.41688E-2 7.03723E-2 6.67E-2 6.23321E-2 5.87294E-2 6.27097E-2 6.80267E-2 7.00243E-2 7.45974E-2 8.0621E-2 8.57071E-2 9.34662E-2 1.01462E-1 1.12699E-1 1.23381E-1 1.37312E-1 1.49121E-1 1.63085E-1 1.77232E-1 1.9177E-1 2.03094E-1 2.27115E-1 2.47463E-1 2.51706E-1 2.5766E-1 2.72837E-1 2.93496E-1 3.23237E-1 3.46629E-1 3.68608E-1 3.85275E-1 4.27065E-1 4.50695E-1 4.61036E-1 4.71123E-1 5.1552E-1 5.69758E-1 6.13362E-1 5.9506E-1 5.67592E-1 6.09149E-1 6.19103E-1 6.36367E-1 6.13602E-1 5.38115E-1 4.42048E-1 3.94663E-1 3.64868E-1 3.36328E-1 3.50362E-1 3.77923E-1 3.96586E-1 3.04133E-1 1.6949E-1
7.66389E-2 7.53919E-2 8.1384E-2 9.21432E-2 1.17966E-1 1.91339E-1 3.29124E-1 3.54098E-1 2.50268E-1 1.68688E-1 1.29129E-1 1.06812E-1 9.2776E-2 8.31555E-2 7.71528E-2 6.87514E-2 5.86676E-2 5.94567E-2 5.70497E-2 5.77169E-2 5.7578E-2 6.07147E-2 6.56664E-2 6.91356E-2 7.57603E-2 8.0621E-2 8.80348E-2 9.34662E-2 1.01695E-1 1.12914E-1 1.24732E-1 1.38756E-1 1.50637E-1 1.66283E-1 1.82236E-1 1.99402E-1 2.0571E-1 2.34785E-1 2.61998E-1 2.75969E-1 2.80356E-1 3.0323E-1 3.29499E-1 3.64972E-1 4.06469E-1 4.28904E-1 4.34731E-1 4.61036E-1 4.85752E-1 4.83775E-1 4.64238E-1 5.12157E-1 5.77514E-1 5.93051E-1 5.80313E-1 5.74655E-1 5.67592E-1 6.33721E-1 6.36417E-1 6.35055E-1 6.09309E-1 5.39401E-1 4.65939E-1 4.22965E-1 3.63123E-1 3.31277E-1 3.54351E-1 3.68351E-1 2.6677E-1 1.38447E-1
7.96109E-2 7.93485E-2 8.66416E-2 1.0146E-1 1.31815E-1 2.13141E-1 3.6027E-1 3.58214E-1 2.13907E-1 1.40279E-1 1.05265E-1 8.8294E-2 8.10651E-2 7.42631E-2 6.96651E-2 6.44221E-2 5.94915E-2 5.63497E-2 5.71142E-2 5.70497E-2 5.84923E-2 6.16756E-2 6.58415E-2 6.84427E-2 7.68947E-2 8.08182E-2 8.92836E-2 9.70497E-2 1.07909E-1 1.15474E-1 1.27462E-1 1.4021E-1 1.5524E-1 1.71521E-1 1.93501E-1 2.08903E-1 2.16132E-1 2.357E-1 2.61998E-1 2.83678E-1 3.01415E-1 3.37575E-1 3.734E-1 4.22667E-1 4.761E-1 5.04994E-1 4.93611E-1 5.14374E-1 5.23297E-1 5.21998E-1 5.21117E-1 5.49031E-1 5.83124E-1 5.45185E-1 5.54842E-1 6.12523E-1 6.14193E-1 6.32803E-1 6.39712E-1 6.45185E-1 6.33563E-1 6.01758E-1 5.31229E-1 4.61453E-1 3.89756E-1 3.19824E-1 3.25305E-1 3.28955E-1 2.37793E-1 1.37207E-1
8.40888E-2 7.97378E-2 8.81299E-2 9.71464E-2 1.21112E-1 1.58077E-1 1.98939E-1 1.73199E-1 1.19121E-1 9.55064E-2 7.96109E-2 7.39469E-2 6.77882E-2 6.77882E-2 6.61057E-2 6.44221E-2 5.87004E-2 5.7143E-2 5.71142E-2 5.78868E-2 5.93848E-2 6.26134E-2 6.59762E-2 7.03723E-2 7.70279E-2 8.29904E-2 9.15905E-2 1.00687E-1 1.12914E-1 1.23381E-1 1.31628E-1 1.43144E-1 1.5524E-1 1.74423E-1 1.98755E-1 2.34618E-1 2.51695E-1 2.63196E-1 2.77893E-1 2.99418E-1 3.26144E-1 3.67912E-1 4.13257E-1 4.72779E-1 5.14374E-1 5.40233E-1 5.44992E-1 5.56131E-1 5.7071E-1 5.67743E-1 5.82635E-1 5.99201E-1 6.10965E-1 5.91671E-1 6.00641E-1 6.19661E-1 6.32128E-1 6.32579E-1 6.46082E-1 6.43642E-1 6.45185E-1 6.2203E-1 5.4867E-1 4.95612E-1 4.28861E-1 3.63309E-1 3.57936E-1 3.64692E-1 3.28198E-1 2.45895E-1
7.09594E-2 8.1778E-2 8.49104E-2 8.95798E-2 9.63509E-2 1.047E-1 1.07175E-1 8.84856E-2 7.07078E-2 6.47179E-2 6.38638E-2 6.23716E-2 6.33602E-2 6.34724E-2 6.35453E-2 6.27437E-2 5.94891E-2 5.87004E-2 5.79176E-2 5.94567E-2 6.26134E-2 6.59762E-2 7.13901E-2 7.61489E-2 8.10653E-2 8.8335E-2 9.60631E-2 1.07909E-1 1.18072E-1 1.27462E-1 1.43144E-1 1.52163E-1 1.61073E-1 1.70671E-1 1.80561E-1 2.15439E-1 2.62336E-1 2.87089E-1 3.07152E-1 3.26144E-1 3.5771E-1 3.98585E-1 4.4286E-1 4.98489E-1 5.31997E-1 5.6567E-1 5.77514E-1 5.76359E-1 5.81809E-1 5.85319E-1 5.89243E-1 6.0998E-1 6.2558E-1 6.30709E-1 6.35871E-1 6.36419E-1 6.37609E-1 6.33534E-1 6.44841E-1 6.46878E-1 6.33206E-1 6.13365E-1 5.73495E-1 5.44265E-1 4.79304E-1 4.27209E-1 4.35481E-1 4.56429E-1 4.25491E-1 3.54811E-1
7.58699E-2 7.93655E-2 8.10971E-2 8.03743E-2 8.03743E-2 7.83662E-2 7.44627E-2 6.53487E-2 5.86988E-2 5.42858E-2 5.35421E-2 5.67509E-2 5.76783E-2 5.93729E-2 6.09871E-2 5.94495E-2 5.86964E-2 5.7143E-2 6.10986E-2 6.35266E-2 6.607E-2 7.23075E-2 7.7114E-2 8.11147E-2 8.73355E-2 9.27776E-2 1.01867E-1 1.14189E-1 1.27462E-1 1.41336E-1 1.56387E-1 1.65834E-1 1.7106E-1 1.7594E-1 1.73528E-1 1.94414E-1 2.61998E-1 3.11023E-1 3.34091E-1 3.54625E-1 3.81729E-1 4.19495E-1 4.6684E-1 5.05857E-1 5.34092E-1 5.6567E-1 5.71656E-1 5.65808E-1 5.75097E-1 5.81774E-1 5.94117E-1 5.9882E-1 6.21101E-1 6.32506E-1 6.20503E-1 6.15543E-1 6.2345E-1 6.36903E-1 6.48195E-1 6.40485E-1 6.05339E-1 6.12421E-1 5.85999E-1 5.47863E-1 5.27715E-1 4.96527E-1 4.89471E-1 5.33918E-1 5.06802E-1 4.48356E-1
8.23723E-2 7.86109E-2 7.63957E-2 7.47043E-2 7.09459E-2 6.73333E-2 6.23716E-2 6.21819E-2 5.89219E-2 5.4468E-2 5.2987E-2 5.4468E-2 5.76783E-2 5.77923E-2 5.77923E-2 5.86557E-2 5.94891E-2 5.87004E-2 6.02908E-2 6.78665E-2 7.33079E-2 7.81295E-2 8.31555E-2 8.9484E-2 9.38944E-2 1.01979E-1 1.10533E-1 1.26092E-1 1.42801E-1 1.59502E-1 1.7558E-1 1.84968E-1 1.89288E-1 1.90109E-1 2.004E-1 2.29523E-1 2.91698E-1 3.32172E-1 3.57003E-1 3.79591E-1 3.99801E-1 4.27992E-1 4.58807E-1 4.98477E-1 5.22272E-1 5.40029E-1 5.43141E-1 5.50147E-1 5.62421E-1 5.83631E-1 5.87877E-1 6.03838E-1 6.20971E-1 6.23323E-1 5.79577E-1 5.74346E-1 6.23616E-1 6.44731E-1 6.47971E-1 6.33611E-1 6.34608E-1 6.24923E-1 5.84253E-1 5.58705E-1 5.55531E-1 5.55531E-1 5.40999E-1 5.48981E-1 5.41888E-1 5.01521E-1
8.2076E-2 7.98081E-2 7.5667E-2 7.02238E-2 6.75265E-2 6.42063E-2 6.25229E-2 6.40548E-2 6.50611E-2 6.43181E-2 5.99117E-2 5.92592E-2 5.92592E-2 5.93729E-2 6.1807E-2 6.34724E-2 6.10623E-2 6.27437E-2 6.44221E-2 7.23788E-2 8.2076E-2 8.84216E-2 9.61923E-2 1.01979E-1 1.01979E-1 1.07909E-1 1.22039E-1 1.3988E-1 1.58995E-1 1.89015E-1 2.0292E-1 2.07483E-1 2.13723E-1 2.14484E-1 2.32608E-1 2.59228E-1 3.0135E-1 3.34245E-1 3.63051E-1 3.93153E-1 4.07127E-1 4.27774E-1 4.49274E-1 4.79391E-1 5.09731E-1 5.33287E-1 5.40073E-1 5.59293E-1 5.72755E-1 5.86227E-1 5.91703E-1 6.11943E-1 6.16387E-1 6.01295E-1 5.39462E-1 5.91513E-1 6.24033E-1 6.43401E-1 6.32583E-1 6.30328E-1 6.36046E-1 6.35574E-1 6.18123E-1 5.75082E-1 5.51146E-1 5.57774E-1 5.43071E-1 5.28375E-1 5.24534E-1 5.2079E-1
8.20825E-2 7.98081E-2 7.50512E-2 7.50512E-2 6.95762E-2 6.69075E-2 6.60356E-2 6.69075E-2 6.78563E-2 6.77882E-2 6.50611E-2 6.33602E-2 6.16941E-2 6.42063E-2 6.51725E-2 6.6797E-2 6.60356E-2 6.78824E-2 7.33079E-2 8.4887E-2 1.01695E-1 1.06809E-1 1.13162E-1 1.09354E-1 1.14429E-1 1.19385E-1 1.31335E-1 1.5227E-1 1.82554E-1 2.15516E-1 2.37573E-1 2.4415E-1 2.37464E-1 2.38145E-1 2.56882E-1 2.74423E-1 3.09088E-1 3.34231E-1 3.72545E-1 3.96222E-1 4.17866E-1 4.37607E-1 4.49274E-1 4.74443E-1 5.05191E-1 5.41419E-1 5.56047E-1 5.68734E-1 5.83453E-1 6.03032E-1 6.05781E-1 6.19888E-1 6.20151E-1 6.01523E-1 5.64282E-1 5.82131E-1 6.25785E-1 6.42175E-1 6.31033E-1 6.20567E-1 6.33139E-1 6.42846E-1 6.38618E-1 5.95872E-1 5.55243E-1 5.11267E-1 4.86677E-1 4.97048E-1 5.01389E-1 5.16752E-1
8.72186E-2 8.28651E-2 8.0966E-2 7.52144E-2 7.33209E-2 7.14832E-2 7.23878E-2 7.32597E-2 7.42631E-2 7.04836E-2 6.77882E-2 6.69075E-2 6.86777E-2 6.86777E-2 7.12923E-2 7.03753E-2 7.13999E-2 7.52144E-2 7.99681E-2 9.59121E-2 1.19557E-1 1.3483E-1 1.36266E-1 1.25089E-1 1.22221E-1 1.27462E-1 1.35566E-1 1.55896E-1 1.89288E-1 2.36294E-1 2.72129E-1 2.68299E-1 2.60675E-1 2.62576E-1 2.75969E-1 2.99183E-1 3.24576E-1 3.45813E-1 3.77725E-1 4.0532E-1 4.19639E-1 4.3624E-1 4.44658E-1 4.79391E-1 5.13224E-1 5.44992E-1 5.6567E-1 5.72876E-1 5.98356E-1 6.17389E-1 6.2327E-1 6.32889E-1 6.32837E-1 6.34305E-1 6.24963E-1 6.25785E-1 6.35728E-1 6.47125E-1 6.33101E-1 6.18138E-1 6.16881E-1 6.06545E-1 5.82864E-1 5.7228E-1 5.61858E-1 5.25949E-1 4.82894E-1 4.85962E-1 4.81351E-1 4.92015E-1
8.93789E-2 8.93789E-2 8.6246E-2 7.9111E-2 7.7114E-2 8.00637E-2 8.11147E-2 8.01082E-2 7.9111E-2 7.70886E-2 7.61177E-2 7.42032E-2 7.32597E-2 7.32597E-2 7.50512E-2 7.79668E-2 7.50512E-2 7.61748E-2 8.52246E-2 1.04255E-1 1.36111E-1 1.77736E-1 1.55551E-1 1.36111E-1 1.31628E-1 1.32736E-1 1.3988E-1 1.56387E-1 1.84968E-1 2.28227E-1 2.62576E-1 2.70608E-1 2.70608E-1 2.72514E-1 2.93358E-1 3.26446E-1 3.51685E-1 3.81964E-1 4.00837E-1 4.21407E-1 4.31902E-1 4.26064E-1 4.41055E-1 4.90044E-1 5.27493E-1 5.44207E-1 5.59675E-1 5.7562E-1 6.02767E-1 6.28781E-1 6.36357E-1 6.42695E-1 6.38749E-1 6.44879E-1 6.46139E-1 6.35039E-1 6.40485E-1 6.51184E-1 6.36471E-1 6.16348E-1 6.00607E-1 5.90222E-1 5.54476E-1 5.38841E-1 5.55626E-1 5.46216E-1 4.85962E-1 4.32095E-1 4.30349E-1 4.1082E-1
9.72429E-2 9.38147E-2 9.16638E-2 8.73355E-2 8.51637E-2 9.0496E-2 9.05724E-2 8.52246E-2 8.31511E-2 8.31555E-2 8.5191E-2 8.10651E-2 8.10651E-2 8.0057E-2 8.0966E-2 8.19845E-2 8.19845E-2 8.41454E-2 9.16703E-2 1.06682E-1 1.42801E-1 1.63708E-1 1.51779E-1 1.38433E-1 1.366E-1 1.4532E-1 1.50261E-1 1.62652E-1 1.90728E-1 2.22746E-1 2.48703E-1 2.73524E-1 2.75969E-1 2.93626E-1 3.24256E-1 3.57473E-1 3.86071E-1 4.09665E-1 4.34206E-1 4.43893E-1 4.43893E-1 4.39587E-1 4.69428E-1 5.15453E-1 5.50897E-1 5.57411E-1 5.65171E-1 5.79134E-1 5.9251E-1 6.2534E-1 6.45604E-1 6.46475E-1 6.47917E-1 6.48208E-1 6.24323E-1 6.20709E-1 6.36762E-1 6.44571E-1 6.35574E-1 5.92248E-1 5.88561E-1 5.92858E-1 5.63462E-1 5.11613E-1 5.28355E-1 5.20009E-1 4.7228E-1 4.22913E-1 4.19769E-1 3.69482E-1
1.04233E-1 1.03151E-1 9.84813E-2 1.00843E-1 9.84569E-2 9.73019E-2 9.50207E-2 9.50207E-2 9.28047E-2 9.16638E-2 9.16638E-2 8.83845E-2 8.83845E-2 8.6246E-2 8.8294E-2 8.72186E-2 8.8294E-2 9.2776E-2 1.00843E-1 1.15632E-1 1.31335E-1 1.39471E-1 1.32736E-1 1.2856E-1 1.43333E-1 1.54359E-1 1.6468E-1 1.71521E-1 1.94762E-1 2.24565E-1 2.59356E-1 2.8648E-1 3.0414E-1 3.33702E-1 3.74049E-1 4.07037E-1 4.26998E-1 4.4664E-1 4.53399E-1 4.68238E-1 4.70176E-1 4.57561E-1 5.03796E-1 5.77404E-1 5.81726E-1 5.607E-1 5.59147E-1 5.7492E-1 5.9691E-1 6.19432E-1 6.5226E-1 6.36318E-1 6.4348E-1 6.39314E-1 6.18928E-1 6.33977E-1 6.24001E-1 6.22022E-1 6.03763E-1 5.81295E-1 5.84253E-1 5.46577E-1 5.17857E-1 4.69035E-1 4.50935E-1 4.75495E-1 4.43923E-1 3.95675E-1 4.78686E-1 4.60816E-1
1.13328E-1 1.11832E-1 1.09302E-1 1.08109E-1 1.06874E-1 1.00795E-1 9.73019E-2 9.84986E-2 9.84813E-2 9.73209E-2 9.61702E-2 9.61702E-2 9.50292E-2 9.50292E-2 9.60904E-2 9.72429E-2 1.00758E-1 1.00831E-1 1.0936E-1 1.19659E-1 1.31986E-1 1.39001E-1 1.35877E-1 1.41672E-1 1.59502E-1 1.71521E-1 1.80135E-1 1.85466E-1 2.00922E-1 2.2779E-1 2.64268E-1 3.0563E-1 3.57611E-1 4.10618E-1 4.43685E-1 4.61472E-1 4.71391E-1 4.75847E-1 4.75791E-1 4.73065E-1 4.70176E-1 4.83687E-1 4.96699E-1 5.98697E-1 5.68417E-1 5.20045E-1 5.52528E-1 5.78484E-1 6.01932E-1 6.34821E-1 6.52722E-1 6.32848E-1 6.31876E-1 6.28882E-1 6.27854E-1 6.18135E-1 5.76976E-1 5.69765E-1 5.48998E-1 5.52956E-1 5.77031E-1 5.52021E-1 5.08775E-1 4.30349E-1 3.98105E-1 4.30349E-1 4.3176E-1 3.82657E-1 4.71976E-1 4.97795E-1
1.08829E-1 1.18081E-1 1.14343E-1 1.15248E-1 1.11885E-1 1.05648E-1 1.00843E-1 1.00831E-1 1.0195E-1 1.03151E-1 1.05582E-1 1.05582E-1 1.05582E-1 1.03219E-1 1.03219E-1 1.05582E-1 1.09302E-1 1.11885E-1 1.19691E-1 1.3064E-1 1.40631E-1 1.57109E-1 1.67895E-1 1.78453E-1 1.92392E-1 1.99437E-1 2.03197E-1 2.03197E-1 2.14098E-1 2.28709E-1 2.65737E-1 3.22539E-1 3.88501E-1 4.70328E-1 5.01039E-1 5.04649E-1 5.08069E-1 5.07798E-1 4.95698E-1 4.72562E-1 4.99146E-1 5.27579E-1 5.21117E-1 5.24229E-1 4.8734E-1 5.13805E-1 5.69358E-1 5.99824E-1 6.18682E-1 6.49476E-1 6.48011E-1 6.36997E-1 6.20531E-1 5.99071E-1 5.89353E-1 5.90267E-1 5.48876E-1 5.22859E-1 5.65064E-1 5.74909E-1 5.25949E-1 5.30528E-1 4.78243E-1 3.81671E-1 3.48408E-1 3.51901E-1 3.39885E-1 3.52361E-1 4.21129E-1 4.82296E-1
1.09904E-1 1.12972E-1 1.1936E-1 1.20078E-1 1.15698E-1 1.13111E-1 1.08053E-1 1.11712E-1 1.11712E-1 1.15585E-1 1.16895E-1 1.18215E-1 1.18325E-1 1.13162E-1 1.15744E-1 1.15744E-1 1.20991E-1 1.26439E-1 1.34904E-1 1.45182E-1 1.62084E-1 1.81502E-1 2.03549E-1 2.27111E-1 2.32957E-1 2.40614E-1 2.3493E-1 2.27317E-1 2.23464E-1 2.3296E-1 2.82299E-1 3.53565E-1 4.32835E-1 4.87476E-1 5.24239E-1 5.42332E-1 5.42043E-1 5.37609E-1 5.21076E-1 5.16451E-1 5.38661E-1 5.77514E-1 5.63734E-1 5.1552E-1 5.17637E-1 5.45443E-1 6.02619E-1 6.28982E-1 6.42649E-1 6.52521E-1 6.48166E-1 6.37601E-1 6.11323E-1 5.54621E-1 5.12316E-1 5.56364E-1 5.50015E-1 5.76585E-1 5.70927E-1 5.20456E-1 5.55626E-1 4.62245E-1 3.9149E-1 3.24515E-1 2.66063E-1 2.09585E-1 1.80195E-1 2.37763E-1 3.49267E-1 4.07677E-1
1.24818E-1 1.24496E-1 1.2702E-1 1.28057E-1 1.23695E-1 1.20709E-1 1.16466E-1 1.17789E-1 1.2206E-1 1.28962E-1 1.31791E-1 1.33381E-1 1.29221E-1 1.29238E-1 1.29238E-1 1.32052E-1 1.36344E-1 1.43703E-1 1.51259E-1 1.60646E-1 1.76986E-1 2.02702E-1 2.37734E-1 2.79645E-1 2.96499E-1 2.82248E-1 2.70143E-1 2.46078E-1 2.28238E-1 2.5198E-1 3.19077E-1 3.94381E-1 4.62025E-1 5.10008E-1 5.47654E-1 5.72273E-1 5.73537E-1 5.61176E-1 5.48446E-1 5.46685E-1 5.46883E-1 5.53382E-1 5.39491E-1 5.15328E-1 5.76158E-1 5.91516E-1 6.12331E-1 6.43363E-1 6.52214E-1 6.57212E-1 6.4828E-1 6.4192E-1 6.16498E-1 5.63435E-1 5.00886E-1 5.65245E-1 5.71854E-1 5.38751E-1 5.16631E-1 5.39828E-1 5.1413E-1 4.33038E-1 3.98387E-1 3.05187E-1 2.81543E-1 1.64782E-1 1.05113E-1 2.20711E-1 3.01488E-1 2.99857E-1
1.35356E-1 1.35356E-1 1.36262E-1 1.36993E-1 1.34904E-1 1.28962E-1 1.26616E-1 1.28017E-1 1.34109E-1 1.49351E-1 1.54228E-1 1.55799E-1 1.45203E-1 1.42212E-1 1.39167E-1 1.45078E-1 1.51259E-1 1.60646E-1 1.70348E-1 1.78666E-1 1.94142E-1 2.13867E-1 2.55524E-1 3.24061E-1 3.64317E-1 3.29324E-1 3.00454E-1 2.69104E-1 2.67566E-1 3.12803E-1 3.98366E-1 4.42953E-1 4.90516E-1 5.34804E-1 5.72995E-1 5.97084E-1 6.04759E-1 5.97737E-1 5.84346E-1 5.66202E-1 5.42233E-1 5.63535E-1 5.69311E-1 5.70648E-1 6.0744E-1 6.21802E-1 6.23982E-1 6.46721E-1 6.40561E-1 6.40337E-1 6.4527E-1 6.39804E-1 6.32686E-1 6.21417E-1 5.94071E-1 5.45412E-1 4.96482E-1 4.54535E-1 4.2531E-1 5.31427E-1 4.43664E-1 4.25153E-1 3.94663E-1 3.87125E-1 3.31253E-1 2.45165E-1 2.20711E-1 3.11383E-1 3.17325E-1 2.24394E-1
1.43641E-1 1.43197E-1 1.47729E-1 1.50637E-1 1.43639E-1 1.39969E-1 1.36465E-1 1.38564E-1 1.52853E-1 1.76571E-1 1.90647E-1 1.7872E-1 1.68788E-1 1.52801E-1 1.52674E-1 1.62084E-1 1.71995E-1 1.87186E-1 1.959E-1 2.03003E-1 2.13867E-1 2.26833E-1 2.50062E-1 3.08286E-1 3.39656E-1 3.39487E-1 3.24622E-1 3.08028E-1 3.22907E-1 4.08973E-1 4.92304E-1 4.78754E-1 5.18074E-1 5.61714E-1 5.92927E-1 6.18122E-1 6.2918E-1 6.30727E-1 6.07749E-1 5.63419E-1 5.57528E-1 5.7928E-1 6.02123E-1 6.22816E-1 6.45516E-1 6.51267E-1 6.5183E-1 6.43769E-1 6.02632E-1 6.00487E-1 6.07493E-1 6.20302E-1 6.26334E-1 6.40746E-1 6.24147E-1 5.57044E-1 4.87485E-1 4.262E-1 3.93327E-1 4.993E-1 4.11024E-1 3.94959E-1 4.01443E-1 4.17361E-1 3.88257E-1 3.29671E-1 2.87977E-1 3.21286E-1 3.42303E-1 3.23267E-1
1.53661E-1 1.55029E-1 1.5772E-1 1.55775E-1 1.55586E-1 1.52297E-1 1.51694E-1 1.58876E-1 1.71792E-1 1.91798E-1 2.04948E-1 2.01461E-1 1.82204E-1 1.60709E-1 1.60646E-1 1.78666E-1 1.99437E-1 2.17541E-1 2.30591E-1 2.32479E-1 2.41996E-1 2.53578E-1 2.53956E-1 2.94472E-1 3.24979E-1 3.3709E-1 3.42865E-1 3.44947E-1 3.74548E-1 4.44722E-1 4.85789E-1 5.08862E-1 5.3684E-1 5.84119E-1 6.1729E-1 6.37025E-1 6.42043E-1 6.43363E-1 6.07446E-1 5.68844E-1 5.82962E-1 6.00884E-1 6.24185E-1 6.4128E-1 6.42386E-1 6.30423E-1 6.30139E-1 6.09015E-1 5.71004E-1 5.71284E-1 5.92156E-1 5.8998E-1 6.06287E-1 6.18749E-1 6.14966E-1 5.73091E-1 5.28019E-1 4.46093E-1 3.83446E-1 4.88039E-1 4.0455E-1 3.58595E-1 3.77E-1 3.94454E-1 4.092E-1 3.49424E-1 3.02376E-1 3.01185E-1 3.96276E-1 4.38743E-1
1.61044E-1 1.65175E-1 1.71912E-1 1.69886E-1 1.65213E-1 1.68452E-1 1.68716E-1 1.72818E-1 1.90778E-1 2.04375E-1 2.17631E-1 2.21583E-1 2.01461E-1 1.83918E-1 1.80475E-1 1.99437E-1 2.28709E-1 2.61386E-1 2.73211E-1 2.75193E-1 2.83152E-1 2.87657E-1 2.96509E-1 3.21058E-1 3.47769E-1 3.63471E-1 3.70802E-1 3.79507E-1 4.04302E-1 4.40746E-1 4.83216E-1 5.34369E-1 5.75477E-1 6.24038E-1 6.44706E-1 6.4375E-1 6.48362E-1 6.28998E-1 5.61903E-1 5.98994E-1 6.12782E-1 6.24993E-1 6.36193E-1 6.40334E-1 6.28955E-1 6.12335E-1 5.99594E-1 5.58585E-1 5.32489E-1 5.72412E-1 5.96411E-1 5.57843E-1 5.6791E-1 5.7246E-1 5.59173E-1 5.51429E-1 5.31774E-1 4.64214E-1 3.73423E-1 4.72024E-1 3.83857E-1 3.37437E-1 3.41968E-1 3.38059E-1 3.48081E-1 3.16246E-1 3.19699E-1 3.70305E-1 4.26467E-1 4.07406E-1
1.75864E-1 1.76179E-1 1.8089E-1 1.8205E-1 1.81961E-1 1.7914E-1 1.83756E-1 1.8901E-1 2.02106E-1 2.08371E-1 2.17839E-1 2.25351E-1 2.16077E-1 2.05089E-1 2.17785E-1 2.32479E-1 2.67283E-1 3.03208E-1 3.13294E-1 3.15314E-1 3.2203E-1 3.33135E-1 3.47909E-1 3.6634E-1 3.86608E-1 3.88103E-1 4.0077E-1 4.25033E-1 4.4851E-1 4.75741E-1 5.19397E-1 5.68125E-1 6.19987E-1 6.49434E-1 6.53708E-1 6.48126E-1 5.90099E-1 4.97756E-1 5.65443E-1 6.13783E-1 6.24928E-1 6.27241E-1 6.18719E-1 6.20298E-1 6.15742E-1 5.87714E-1 5.70216E-1 4.94236E-1 4.45081E-1 4.58499E-1 5.2854E-1 5.67701E-1 5.53871E-1 5.27335E-1 4.93681E-1 4.99405E-1 4.9853E-1 4.25491E-1 3.4019E-1 3.77241E-1 3.54341E-1 3.1156E-1 2.90176E-1 2.6677E-1 2.7335E-1 2.79655E-1 2.68039E-1 2.88952E-1 3.0432E-1 2.89738E-1
1.83389E-1 1.88419E-1 1.88313E-1 1.92551E-1 1.94177E-1 1.95705E-1 2.00744E-1 2.06202E-1 2.15766E-1 2.17631E-1 2.23464E-1 2.27244E-1 2.29211E-1 2.32957E-1 2.48122E-1 2.65314E-1 2.95163E-1 3.2542E-1 3.43605E-1 3.50428E-1 3.69813E-1 3.80328E-1 3.94875E-1 4.05711E-1 4.09051E-1 4.26501E-1 4.40697E-1 4.73583E-1 5.15799E-1 5.33124E-1 5.91546E-1 6.226E-1 6.52333E-1 6.35039E-1 6.37597E-1 6.00911E-1 4.87367E-1 5.40005E-1 5.85396E-1 6.06781E-1 6.28876E-1 6.26755E-1 6.09921E-1 5.95851E-1 5.57169E-1 5.40351E-1 5.44465E-1 5.18106E-1 4.6555E-1 4.37005E-1 4.55763E-1 5.28355E-1 5.58903E-1 4.911E-1 4.50413E-1 4.44698E-1 4.35262E-1 3.57335E-1 2.67889E-1 2.18889E-1 2.42136E-1 2.5615E-1 2.49645E-1 2.23222E-1 2.1787E-1 1.8508E-1 1.37914E-1 1.5527E-1 1.7634E-1 1.86792E-1
1.8392E-1 1.87861E-1 1.94142E-1 2.06804E-1 2.08714E-1 2.12274E-1 2.15977E-1 2.19708E-1 2.29144E-1 2.23464E-1 2.27317E-1 2.33018E-1 2.44474E-1 2.57867E-1 2.73666E-1 2.95706E-1 3.15942E-1 3.44354E-1 3.69268E-1 3.83311E-1 4.04316E-1 4.25933E-1 4.26382E-1 4.31726E-1 4.46966E-1 4.73363E-1 4.9405E-1 5.36448E-1 5.77064E-1 6.03345E-1 6.43748E-1 6.44959E-1 6.04848E-1 5.80458E-1 5.42196E-1 4.43869E-1 3.37237E-1 4.89471E-1 5.81625E-1 6.19628E-1 6.32889E-1 6.24001E-1 5.99858E-1 5.69765E-1 5.16271E-1 4.77219E-1 4.81542E-1 4.62726E-1 4.40286E-1 4.3557E-1 4.41971E-1 5.14311E-1 4.88076E-1 4.52128E-1 4.26881E-1 4.21425E-1 3.91032E-1 3.17667E-1 2.23071E-1 1.23828E-1 1.35034E-1 2.13888E-1 2.37548E-1 2.17159E-1 1.71811E-1 1.04287E-1 5.32519E-2 6.76116E-2 9.74677E-2 1.3553E-1
1.8392E-1 1.93026E-1 2.02702E-1 2.12039E-1 2.17785E-1 2.23511E-1 2.31112E-1 2.3493E-1 2.3877E-1 2.25428E-1 2.3493E-1 2.48461E-1 2.66031E-1 2.81997E-1 2.95706E-1 3.13913E-1 3.42918E-1 3.63213E-1 3.89913E-1 4.08642E-1 4.34204E-1 4.44581E-1 4.44472E-1 4.71492E-1 5.04156E-1 5.34318E-1 5.48408E-1 5.83014E-1 6.15603E-1 6.416E-1 6.49244E-1 6.56831E-1 9.73729E-2 5.65064E-1 4.49757E-1 3.79254E-1 3.89772E-1 4.16873E-1 5.79512E-1 6.11993E-1 6.1397E-1 5.75206E-1 5.46881E-1 5.07677E-1 4.92314E-1 4.59945E-1 4.13649E-1 3.86275E-1 3.99728E-1 4.46991E-1 4.42897E-1 4.84988E-1 4.12137E-1 3.48535E-1 3.87292E-1 3.91973E-1 3.65693E-1 2.81543E-1 1.98385E-1 1.05921E-1 1.27639E-1 2.10576E-1 2.57914E-1 2.42334E-1 1.6413E-1 8.65126E-2 3.95132E-2 3.45577E-2 4.96976E-2 8.85646E-2
1.90058E-1 1.95911E-1 2.1307E-1 2.22719E-1 2.32479E-1 2.40409E-1 2.48122E-1 2.56168E-1 2.56168E-1 2.54208E-1 2.60101E-1 2.73989E-1 2.86018E-1 3.00164E-1 3.1439E-1 3.26616E-1 3.49486E-1 3.78309E-1 4.0468E-1 4.35846E-1 4.71053E-1 4.75979E-1 4.85611E-1 5.17934E-1 5.56302E-1 5.82363E-1 5.97768E-1 6.19359E-1 6.41665E-1 6.5498E-1 6.52537E-1 6.33228E-1 5.63462E-1 3.02574E-1 4.51959E-1 3.42647E-1 3.93531E-1 3.81825E-1 6.00155E-1 6.42386E-1 6.27428E-1 5.51085E-1 4.90242E-1 4.34194E-1 3.9149E-1 3.89626E-1 3.99008E-1 4.20833E-1 4.5741E-1 4.81351E-1 4.90512E-1 4.72278E-1 3.68367E-1 3.17741E-1 3.43492E-1 3.94857E-1 3.1973E-1 2.31608E-1 2.09585E-1 1.7052E-1 1.88647E-1 2.43877E-1 2.67889E-1 2.44113E-1 1.88428E-1 9.41769E-2 3.70882E-2 2.94043E-2 3.46405E-2 5.673E-2
