KUENM/Final_Models/M_0.1_F_lq_Set_2_EC/sp1_5.asc
ncols         197
nrows         210
xllcorner     56.1666666666667
yllcorner     4.5
cellsize      0.166666666666667
NODATA_value  -9999
[rows 84 to 111 of 210, columns 130 to 194 of 197]
3.02031E-1 3.02513E-1 2.36362E-1 1.89395E-1 1.90224E-1 2.81598E-1 3.2864E-1 3.78384E-1 2.78822E-1 2.61243E-1 2.96687E-1 3.80386E-1 4.82998E-1 4.21938E-1 2.38386E-1 1.52325E-1 2.44742E-1 3.19371E-1 3.3536E-1 2.77661E-1 2.60639E-1 2.47169E-1 2.03197E-1 1.50498E-1 1.27384E-1 1.50518E-1 1.69372E-1 1.56643E-1 1.43017E-1 1.12748E-1 8.30341E-2 6.68666E-2 6.60037E-2 8.1662E-2 1.00971E-1 1.17015E-1 1.69637E-1 2.21644E-1 1.44805E-1 1.18316E-1 1.09411E-1 1.40401E-1 1.73423E-1 1.93676E-1 2.14975E-1 2.79628E-1 2.13635E-1 1.15103E-1 1.02746E-1 1.39963E-1 9.04074E-2 5.27115E-2 1.97978E-2 7.15064E-3 5.96363E-3 3.49556E-3 1.33636E-3 6.35877E-4 9.32522E-4 7.54719E-4 1.38438E-4 1.48453E-5 3.1107E-6 3.0437E-6 2.35485E-7
2.49066E-1 2.48134E-1 2.10158E-1 2.05144E-1 2.51359E-1 3.14623E-1 3.00519E-1 2.67084E-1 2.08747E-1 2.03014E-1 2.30322E-1 2.74454E-1 3.72344E-1 2.72716E-1 1.36514E-1 1.05737E-1 2.53609E-1 2.91481E-1 1.39731E-1 1.80465E-1 1.97602E-1 1.75752E-1 1.75752E-1 1.89395E-1 2.12323E-1 1.77562E-1 1.67731E-1 1.53417E-1 1.25885E-1 1.3001E-1 1.38283E-1 9.46612E-2 1.21339E-1 1.43782E-1 1.3184E-1 1.15257E-1 1.41304E-1 1.95851E-1 1.73876E-1 1.24461E-1 1.07736E-1 1.42767E-1 1.92388E-1 2.09983E-1 2.26373E-1 2.40272E-1 1.71261E-1 9.5226E-2 1.30445E-1 2.47866E-1 1.32263E-1 4.59417E-2 1.05262E-2 3.66522E-3 1.24735E-2 1.04777E-2 2.13805E-3 3.21651E-4 1.08418E-3 1.22235E-3 3.64383E-4 4.81405E-5 8.80895E-6 5.45149E-6 4.44881E-7
1.85288E-1 1.7909E-1 1.74172E-1 1.59768E-1 1.77562E-1 1.96234E-1 1.85647E-1 1.48912E-1 9.59963E-2 5.93123E-2 8.73535E-2 1.60714E-1 2.08627E-1 1.24642E-1 6.77382E-2 9.00187E-2 1.85976E-1 1.9424E-1 1.42948E-1 1.8589E-1 1.70998E-1 1.37073E-1 1.35642E-1 2.01427E-1 3.10622E-1 2.86757E-1 1.98098E-1 1.55114E-1 1.15406E-1 8.20179E-2 5.78409E-2 1.01562E-1 1.7672E-1 2.00074E-1 1.36079E-1 1.53261E-1 1.45721E-1 1.26571E-1 1.18573E-1 1.04792E-1 1.15334E-1 1.61857E-1 1.73094E-1 1.65026E-1 2.19918E-1 2.72095E-1 1.50219E-1 9.93925E-2 1.1398E-1 1.32716E-1 8.01015E-2 4.15199E-2 2.27044E-2 1.30961E-2 2.42813E-2 2.10558E-2 5.57994E-3 1.19738E-3 1.01854E-3 1.0426E-3 5.21269E-4 1.61113E-4 3.34007E-5 9.89149E-6 1.17374E-6
1.45686E-1 1.31518E-1 9.94394E-2 6.78903E-2 7.90591E-2 9.47297E-2 1.03781E-1 1.02968E-1 6.51982E-2 3.95478E-2 3.97605E-2 8.79636E-2 1.34276E-1 4.78613E-2 1.97978E-2 4.50996E-2 8.80022E-2 1.04973E-1 1.11091E-1 1.30248E-1 1.09551E-1 8.8351E-2 9.22946E-2 1.42983E-1 2.47722E-1 2.61243E-1 2.14161E-1 1.64222E-1 1.25118E-1 9.955E-2 9.955E-2 1.62838E-1 3.11979E-1 4.77888E-1 3.04662E-1 1.22671E-1 8.72134E-2 6.79138E-2 6.46072E-2 8.83881E-2 1.21849E-1 1.23181E-1 8.21693E-2 7.53278E-2 1.25214E-1 1.45721E-1 1.24461E-1 1.31317E-1 1.37511E-1 1.01562E-1 5.52132E-2 4.39158E-2 5.7174E-2 6.11851E-2 6.19899E-2 3.92623E-2 1.2429E-2 1.08418E-3 3.38724E-4 3.06156E-4 3.15522E-4 2.4038E-4 8.35168E-5 2.28856E-5 5.49324E-6
1.37899E-1 9.61111E-2 4.84792E-2 2.13922E-2 2.83339E-2 4.45746E-2 6.85104E-2 7.85169E-2 6.50466E-2 3.77145E-2 3.23997E-2 5.25312E-2 6.03382E-2 2.47739E-2 1.56754E-2 2.62731E-2 5.67085E-2 6.99669E-2 7.06967E-2 6.8907E-2 5.00493E-2 3.64519E-2 4.98795E-2 8.84603E-2 1.38803E-1 1.5861E-1 1.81672E-1 1.65012E-1 1.32327E-1 1.13033E-1 1.16155E-1 1.57278E-1 2.72759E-1 3.65493E-1 2.26145E-1 1.2492E-1 7.1707E-2 4.04664E-2 3.58515E-2 7.48241E-2 1.09671E-1 1.1343E-1 5.61869E-2 4.70269E-2 7.24034E-2 7.33277E-2 9.22009E-2 1.75903E-1 1.51948E-1 8.93651E-2 4.8313E-2 3.70747E-2 5.63503E-2 8.39729E-2 5.87526E-2 3.09746E-2 6.2515E-3 1.60705E-4 7.0872E-5 3.09268E-4 2.70469E-4 2.10344E-4 1.3198E-4 5.13612E-5 1.81926E-5
1.54354E-1 9.05675E-2 3.91081E-2 1.52287E-2 1.31064E-2 2.00251E-2 4.02508E-2 7.60331E-2 5.47194E-2 2.45057E-2 2.21655E-2 2.81352E-2 2.7947E-2 1.98371E-2 1.86104E-2 2.50347E-2 5.93891E-2 5.00493E-2 3.7323E-2 3.07991E-2 2.01956E-2 1.78522E-2 2.71086E-2 4.77682E-2 7.98965E-2 1.2054E-1 1.66912E-1 1.65312E-1 1.35861E-1 1.10378E-1 1.00715E-1 1.13604E-1 1.45068E-1 1.4222E-1 9.27056E-2 7.48138E-2 7.24367E-2 4.3798E-2 1.44384E-2 2.74185E-2 6.35811E-2 1.19145E-1 8.61621E-2 6.61787E-2 7.29607E-2 6.96996E-2 8.69042E-2 1.26477E-1 1.31459E-1 5.73351E-2 2.64603E-2 1.36459E-2 1.77591E-2 2.4877E-2 2.06736E-2 7.6181E-3 5.07395E-4 6.96322E-6 3.16971E-6 9.68812E-5 1.70887E-4 1.41722E-4 1.66979E-4 8.59076E-5 3.36511E-5
1.55894E-1 1.04982E-1 4.27205E-2 1.44064E-2 1.08446E-2 1.30743E-2 2.34526E-2 2.82213E-2 1.65563E-2 6.46639E-3 8.97121E-3 1.44369E-2 2.9317E-2 3.35418E-2 3.38727E-2 3.49624E-2 4.08659E-2 5.59535E-2 3.91924E-2 1.97761E-2 8.8479E-3 9.86777E-3 1.75655E-2 2.88767E-2 4.80146E-2 9.45427E-2 1.50443E-1 1.36976E-1 1.17031E-1 9.90906E-2 8.66369E-2 8.48132E-2 9.01104E-2 9.11978E-2 9.01104E-2 8.41523E-2 7.24367E-2 3.80834E-2 1.47559E-2 1.79365E-2 3.86811E-2 5.7174E-2 5.20469E-2 6.11851E-2 7.25216E-2 6.226E-2 6.47523E-2 6.81943E-2 5.59781E-2 3.31818E-2 1.54133E-2 7.72214E-3 6.38723E-3 5.93939E-3 6.0029E-3 3.14725E-3 1.66177E-4 2.00931E-6 7.21813E-7 2.241E-5 8.38194E-5 1.25829E-4 1.78833E-4 9.9286E-5 3.81861E-5
1.60714E-1 9.69937E-2 3.379E-2 1.39807E-2 7.72214E-3 7.28293E-3 8.89308E-3 5.22239E-3 1.15375E-3 1.29313E-3 8.05423E-3 2.30126E-2 3.30485E-2 3.78565E-2 4.24624E-2 3.68383E-2 3.16718E-2 4.04126E-2 2.92457E-2 1.7035E-2 1.17937E-2 1.2546E-2 1.72828E-2 2.25063E-2 3.6256E-2 6.4705E-2 1.01877E-1 9.90692E-2 8.01118E-2 7.3544E-2 6.47523E-2 5.93891E-2 5.67984E-2 4.39293E-2 4.3089E-2 4.5207E-2 4.15839E-2 1.89433E-2 1.04634E-2 1.40379E-2 1.89433E-2 1.84197E-2 1.28636E-2 2.25063E-2 3.24403E-2 3.01107E-2 4.09941E-2 4.91229E-2 4.24814E-2 2.41162E-2 1.43461E-2 8.1439E-3 5.43319E-3 4.60951E-3 3.26258E-3 2.08966E-3 2.64587E-4 1.87133E-5 9.45467E-6 3.27339E-5 7.04015E-5 1.41302E-4 1.82679E-4 1.01389E-4 3.0433E-5
1.06429E-1 5.49317E-2 1.73635E-2 8.35197E-3 5.37878E-3 6.11309E-3 5.1578E-3 4.20267E-3 2.01429E-3 4.16317E-3 1.04428E-2 2.12698E-2 1.95235E-2 3.19627E-2 4.42984E-2 3.86535E-2 2.65659E-2 2.56956E-2 2.10751E-2 1.79581E-2 1.78522E-2 2.19675E-2 2.01597E-2 1.99671E-2 2.83743E-2 3.83E-2 5.08947E-2 5.72506E-2 5.98428E-2 5.14439E-2 4.11191E-2 3.17565E-2 3.00645E-2 2.39663E-2 2.081E-2 2.14112E-2 2.34526E-2 2.77946E-2 3.57235E-2 2.22086E-2 1.51613E-2 8.57404E-3 7.30921E-3 7.73623E-3 4.86221E-3 3.83129E-3 7.87347E-3 1.80197E-2 2.19527E-2 1.02642E-2 7.53924E-3 7.67478E-3 4.43009E-3 3.4059E-3 2.13315E-3 1.11272E-3 3.70787E-4 1.28839E-4 8.99306E-5 7.0142E-5 3.59686E-5 5.2263E-5 1.47136E-4 1.11227E-4 2.95834E-5
2.87678E-2 1.60006E-2 7.00726E-3 3.86044E-3 3.70104E-3 4.20267E-3 4.97065E-3 9.41135E-3 8.20575E-3 3.12891E-3 1.09493E-2 2.10751E-2 1.63493E-2 1.93415E-2 2.50903E-2 2.26979E-2 1.92172E-2 1.46681E-2 1.30516E-2 1.44268E-2 1.92172E-2 2.37848E-2 1.96902E-2 1.50936E-2 1.54101E-2 1.57948E-2 2.46058E-2 2.1672E-2 3.03422E-2 2.48881E-2 1.78514E-2 1.38984E-2 1.27164E-2 9.96298E-3 9.29863E-3 8.98156E-3 1.29698E-2 2.94424E-2 3.91924E-2 1.48163E-2 9.19341E-3 6.59464E-3 7.62303E-3 8.08769E-3 2.92857E-3 1.79618E-3 3.16136E-3 8.2229E-3 8.93067E-3 3.444E-3 2.43777E-3 4.19425E-3 3.67226E-3 2.74601E-3 1.39221E-3 8.44444E-4 5.36241E-4 4.01452E-4 3.67293E-4 2.39226E-4 5.88397E-5 4.95147E-5 1.0566E-4 8.72228E-5 3.26421E-5
1.14444E-2 6.17488E-3 3.31463E-3 2.09604E-3 2.22442E-3 2.58756E-3 4.1244E-3 1.0122E-2 8.8048E-3 2.37217E-3 1.37033E-2 1.2834E-2 7.76493E-3 6.45155E-3 8.51282E-3 8.00996E-3 6.46639E-3 4.90711E-3 4.52273E-3 8.51282E-3 1.58205E-2 1.67325E-2 1.49215E-2 1.07358E-2 8.29844E-3 7.91878E-3 8.78229E-3 7.11276E-3 7.25315E-3 9.45161E-3 7.49503E-3 5.86585E-3 4.64813E-3 3.83129E-3 4.29168E-3 4.08085E-3 6.00465E-3 7.59574E-3 5.05411E-3 5.95825E-3 7.79542E-3 5.92056E-3 6.26828E-3 5.851E-3 4.82738E-3 5.58187E-3 5.57994E-3 4.09927E-3 4.52422E-3 3.73556E-3 7.50032E-3 4.58234E-3 3.92854E-3 3.17066E-3 8.75234E-4 8.21378E-4 8.89829E-4 6.46326E-4 8.71241E-4 9.28122E-4 2.54991E-4 1.43067E-4 1.39746E-4 9.83501E-5 3.87796E-5
5.63637E-3 3.11567E-3 1.75085E-3 1.24781E-3 1.20242E-3 1.83574E-3 3.42943E-3 3.86044E-3 4.38568E-3 5.3031E-3 7.28293E-3 5.05411E-3 4.48172E-3 3.71413E-3 2.9817E-3 1.94894E-3 1.60078E-3 1.14279E-3 1.6334E-3 5.28542E-3 1.42194E-2 1.57712E-2 1.10391E-2 6.83429E-3 4.3787E-3 2.80248E-3 2.49988E-3 2.18493E-3 1.79804E-3 2.71162E-3 2.19754E-3 1.76819E-3 1.42669E-3 1.19237E-3 1.24188E-3 1.53688E-3 1.36683E-3 8.39828E-4 4.33926E-4 5.26936E-4 2.74982E-3 4.45657E-3 2.73353E-3 1.45185E-3 1.19195E-3 8.265E-4 6.87042E-4 4.40698E-4 7.68468E-4 2.00709E-3 3.50538E-3 5.14715E-3 6.40863E-3 5.88422E-3 2.41505E-3 1.71238E-3 2.41505E-3 5.92846E-4 3.9085E-4 4.46313E-4 3.73852E-4 2.9214E-4 2.54991E-4 1.43067E-4 5.91095E-5
3.94741E-3 2.55275E-3 1.58198E-3 1.31689E-3 1.05179E-3 1.64725E-3 2.65446E-3 3.42943E-3 4.90442E-3 6.15644E-3 4.55996E-3 3.27354E-3 2.40444E-3 1.50601E-3 9.8802E-4 5.26014E-4 3.57445E-4 2.67316E-4 1.02917E-3 4.69391E-3 1.49215E-2 1.86087E-2 1.03743E-2 5.28641E-3 3.35795E-3 2.5307E-3 1.39453E-3 9.87588E-4 7.55623E-4 9.49196E-4 8.42259E-4 6.53185E-4 4.676E-4 3.71443E-4 3.7923E-4 5.69265E-4 5.52048E-4 5.9211E-4 3.73368E-4 3.92201E-4 2.01156E-3 3.24663E-3 7.56347E-4 2.61217E-4 2.08126E-4 7.41329E-5 1.61765E-4 4.69201E-4 7.29826E-4 9.21632E-4 1.1774E-3 1.68736E-3 4.54478E-3 8.2299E-3 4.37801E-3 2.59776E-3 1.73499E-2 1.51652E-3 4.76742E-4 4.27052E-4 3.73852E-4 4.56247E-4 5.8014E-4 3.1968E-4 1.3332E-4
3.12891E-3 1.79561E-3 2.12292E-3 5.05759E-3 4.52096E-3 3.72927E-3 4.16317E-3 4.17754E-3 4.96013E-3 6.88376E-3 8.14182E-3 4.81703E-3 9.17311E-4 5.21027E-4 2.37105E-4 9.48936E-5 6.08334E-5 8.415E-5 2.49473E-4 1.51821E-3 6.28374E-3 1.29312E-2 7.26121E-3 3.80999E-3 2.58275E-3 2.48421E-3 2.06834E-3 8.42259E-4 3.93732E-4 3.73654E-4 3.65465E-4 2.31781E-4 1.25135E-4 9.87466E-5 1.30366E-4 2.18635E-4 3.43294E-4 4.1038E-4 3.8625E-4 1.9916E-4 3.54434E-4 5.48113E-4 1.76895E-4 5.15534E-5 7.38121E-5 7.17586E-5 1.01114E-3 2.25675E-3 7.27547E-4 3.06156E-4 5.14781E-4 8.00458E-4 2.41505E-3 7.53185E-3 9.74171E-3 3.01513E-3 1.00848E-2 7.66703E-3 2.44957E-3 8.35149E-4 3.9085E-4 3.9085E-4 1.16772E-3 1.29468E-3 6.7473E-4
1.70749E-3 1.36824E-3 1.89024E-3 4.10617E-3 6.29507E-3 8.24376E-3 9.3225E-3 9.9728E-3 9.87339E-3 1.30308E-2 9.99489E-3 4.23746E-3 1.46171E-3 5.03634E-4 1.12998E-4 2.06469E-5 2.0253E-5 4.60869E-5 1.4129E-4 2.7128E-4 9.60629E-4 1.81768E-3 1.69901E-3 1.87957E-3 1.80594E-3 2.47803E-3 3.18007E-3 1.25299E-3 4.75714E-4 2.41889E-4 1.73055E-4 9.12488E-5 3.81468E-5 2.60218E-5 4.44997E-5 7.07142E-5 1.13246E-4 1.57309E-4 1.01895E-4 7.48726E-5 3.66968E-5 5.90864E-5 8.61993E-5 9.94808E-5 1.42902E-4 2.64877E-4 1.4838E-3 1.53745E-3 4.87311E-4 2.33821E-4 4.41444E-4 1.29468E-3 1.97044E-3 4.52015E-3 7.61893E-3 3.19439E-3 4.32687E-3 1.23792E-2 7.09429E-3 2.91922E-3 7.83623E-4 1.68503E-4 1.93657E-4 5.09112E-4 8.11321E-5
1.00259E-3 7.60762E-4 9.18902E-4 2.1265E-3 5.24256E-3 1.08947E-2 1.38145E-2 1.55068E-2 1.70413E-2 1.6914E-2 1.22297E-2 5.06928E-3 1.99525E-3 3.93732E-4 6.61912E-5 1.62291E-5 2.03174E-5 3.97612E-5 1.34917E-4 4.24148E-4 8.17535E-4 5.69934E-4 1.17572E-4 1.89996E-4 4.71734E-4 2.01238E-3 5.18664E-3 1.95374E-3 5.83638E-4 1.91792E-4 8.44129E-5 4.15521E-5 2.08103E-5 9.24452E-6 8.00397E-6 9.40412E-6 1.62291E-5 3.61301E-5 2.6685E-5 8.44032E-6 3.66033E-6 1.01292E-5 6.01291E-5 1.81391E-4 2.01334E-4 2.58944E-4 3.89532E-4 2.74616E-4 2.15394E-4 1.93657E-4 3.70787E-4 9.35821E-4 1.12026E-3 2.13362E-3 2.41664E-3 1.65561E-3 2.41664E-3 5.07814E-3 5.92253E-3 5.5052E-3 9.23074E-4 6.03011E-5 2.85245E-5 1.00272E-4 6.60902E-6
1.04216E-3 4.22368E-4 3.31216E-4 9.81629E-4 2.59606E-3 5.20624E-3 6.93721E-3 1.17937E-2 1.2754E-2 1.96902E-2 1.72655E-2 7.46818E-3 2.00149E-3 3.57445E-4 7.3857E-5 2.59958E-5 2.63848E-5 4.89954E-5 1.25822E-4 3.62463E-4 6.14447E-4 9.25608E-4 2.6029E-4 6.56814E-5 1.43686E-4 1.0167E-3 3.37732E-3 1.41383E-3 4.03387E-4 1.3287E-4 5.44614E-5 2.45551E-5 1.61389E-5 7.14202E-6 4.7749E-6 7.46021E-6 7.8136E-6 2.18233E-5 2.60857E-5 1.06482E-5 3.83567E-6 8.63801E-6 9.03102E-5 3.38724E-4 3.56346E-4 1.944E-4 2.25515E-4 3.12575E-4 4.53764E-4 5.76984E-4 8.84989E-4 1.05244E-3 7.43265E-4 7.35082E-4 8.02234E-4 6.34152E-4 7.85384E-4 1.37892E-3 1.65561E-3 8.43018E-4 5.99728E-5 1.27179E-6 7.30265E-8 1.20076E-6 1.85104E-6
1.11272E-3 3.16308E-4 1.02878E-4 6.03257E-5 1.07098E-3 3.18007E-3 1.05419E-3 7.30921E-3 1.03875E-2 1.57832E-2 2.03553E-2 7.48991E-3 1.67272E-3 2.96206E-4 5.35788E-5 2.47888E-5 1.98297E-5 4.33079E-5 1.53455E-4 5.37657E-4 6.82473E-4 4.86985E-4 3.01715E-4 2.97087E-4 4.79432E-4 6.67158E-4 5.78496E-4 3.46384E-4 7.24779E-5 5.51113E-5 3.53106E-5 2.88653E-5 2.058E-5 1.48858E-5 1.45024E-5 2.25952E-5 6.39255E-5 2.08922E-4 1.22031E-4 2.71586E-5 1.0547E-5 2.40857E-5 1.64914E-4 3.30843E-4 3.23499E-4 2.63972E-4 2.15394E-4 5.15773E-4 9.28122E-4 1.62792E-3 2.83645E-3 1.32156E-3 8.30606E-4 4.74148E-4 4.3437E-4 2.80232E-4 1.84167E-4 3.11125E-4 4.63985E-4 9.83822E-5 2.64211E-6 7.30265E-8 5.95189E-9 1.46859E-8 -9999
4.27692E-3 1.38987E-3 8.12449E-5 1.00695E-8 2.08535E-4 1.9691E-5 9.67064E-5 5.33691E-3 1.31264E-2 1.4284E-2 1.16888E-2 5.00917E-3 1.08418E-3 1.49834E-4 3.62064E-5 1.51985E-5 1.43978E-5 4.1855E-5 1.92301E-4 6.12114E-4 1.57767E-3 2.16599E-3 2.04012E-3 1.09351E-3 7.64532E-4 8.82635E-4 4.33159E-4 1.09125E-4 1.27363E-5 1.89327E-5 3.04158E-5 3.6515E-5 3.80668E-5 2.87936E-5 2.53475E-5 5.01063E-5 1.14564E-4 1.95971E-4 1.09002E-4 4.43077E-5 2.74657E-5 3.81402E-5 8.54608E-5 1.19778E-4 1.70709E-4 2.57395E-4 2.04026E-4 2.96271E-4 3.94094E-4 5.99446E-4 5.36841E-4 7.25507E-4 6.96044E-4 4.88717E-4 3.20779E-4 1.20879E-4 2.77609E-5 7.67215E-5 3.13657E-4 3.11956E-5 2.87288E-6 7.33298E-7 2.23373E-7 6.07147E-8 -9999
2.24647E-2 9.11882E-3 1.77102E-4 5.24872E-6 3.5864E-7 3.02507E-5 1.71163E-3 1.23363E-2 1.85434E-2 9.09085E-3 2.9817E-3 1.69394E-3 4.07196E-4 4.30617E-5 2.12644E-5 9.98571E-6 1.06717E-5 5.82397E-5 2.7898E-4 1.05419E-3 6.22511E-3 8.38597E-3 5.42887E-3 3.01724E-3 1.76482E-3 9.23074E-4 4.41079E-4 1.57118E-4 6.36725E-5 4.29111E-5 3.56095E-5 4.36369E-5 4.87046E-5 3.59686E-5 2.35383E-5 3.91266E-5 8.39068E-5 9.37464E-5 5.40222E-5 2.4685E-5 1.38548E-5 1.31469E-5 1.89327E-5 3.45293E-5 7.0872E-5 1.23785E-4 1.20164E-4 9.6985E-5 1.00877E-4 1.70887E-4 1.48214E-4 1.22443E-4 2.18145E-4 1.84167E-4 9.52805E-5 5.45178E-5 2.04282E-5 6.31583E-5 9.37824E-5 1.5899E-5 2.64211E-6 1.12251E-5 7.36116E-6 -9999 -9999
1.98411E-2 2.59488E-2 3.83551E-3 1.33391E-3 1.08684E-3 9.87246E-4 7.60114E-3 2.20706E-2 1.9452E-2 4.96177E-3 7.83774E-4 9.13122E-4 2.45102E-4 1.55993E-5 9.85637E-6 9.73632E-6 9.47002E-6 8.53404E-5 6.48521E-4 2.76442E-3 1.68425E-2 1.90646E-2 1.09303E-2 5.85238E-3 3.05177E-3 1.32358E-3 7.9576E-4 4.49848E-4 1.68588E-4 5.3499E-5 4.32463E-5 3.87581E-5 2.75124E-5 8.37552E-6 6.60902E-6 1.42875E-5 4.24271E-5 4.26593E-5 2.05504E-5 8.96381E-6 5.62565E-6 3.65776E-6 3.73855E-6 1.28833E-5 4.36596E-5 8.64223E-5 1.04193E-4 8.04891E-5 4.78515E-5 5.2116E-5 3.34969E-5 2.60721E-5 1.60143E-5 7.18945E-6 8.73508E-6 2.40204E-5 4.25645E-5 4.15174E-5 2.40204E-5 1.05217E-5 1.20835E-5 2.15369E-5 -9999 -9999 -9999
9.79303E-3 6.18393E-3 1.50418E-2 1.57832E-2 1.96521E-2 1.19562E-2 1.73865E-2 2.6904E-2 2.45057E-2 8.73524E-3 2.11782E-3 1.33636E-3 4.40698E-4 2.22808E-5 5.04501E-6 1.46283E-5 4.0523E-5 3.13394E-4 2.00149E-3 8.54264E-3 3.08664E-2 2.97123E-2 1.46335E-2 8.41114E-3 5.17985E-3 2.77698E-3 1.78213E-3 1.24873E-3 5.90751E-4 1.95851E-4 1.41558E-4 9.93425E-5 1.27778E-5 6.65062E-7 9.27545E-7 2.30919E-6 6.45486E-6 1.02466E-5 4.87968E-6 2.61207E-6 3.12443E-6 1.25256E-6 5.43539E-7 5.80008E-6 4.33079E-5 9.39172E-5 1.41729E-4 1.07905E-4 5.18489E-5 2.40744E-5 8.54031E-6 3.86356E-6 1.5281E-6 2.05278E-7 6.03338E-7 4.06173E-6 1.15168E-5 9.90648E-6 2.83417E-6 6.07713E-7 7.08269E-7 8.04131E-7 -9999 -9999 -9999
5.38784E-2 5.69923E-2 7.26654E-2 5.9292E-2 6.09842E-2 5.64743E-2 4.78831E-2 3.17353E-2 3.28024E-2 2.79208E-2 1.70697E-2 7.91142E-3 1.588E-3 4.34972E-5 2.51197E-6 8.47904E-6 6.12867E-5 6.35877E-4 4.27421E-3 1.10718E-2 3.062E-2 2.37004E-2 1.1882E-2 8.87033E-3 7.57047E-3 3.95299E-3 2.32736E-3 2.74163E-3 2.31691E-3 1.1307E-3 6.68953E-4 4.5328E-4 3.97983E-5 2.31669E-6 9.26947E-7 8.25781E-7 9.27545E-7 1.12027E-6 1.03954E-6 8.55541E-7 1.24324E-6 8.11913E-7 2.80008E-7 4.79288E-6 5.79456E-5 1.73055E-4 2.98343E-4 1.50201E-4 5.47512E-5 1.92933E-5 4.95113E-6 2.11935E-6 4.596E-7 1.24597E-7 2.18162E-7 1.07186E-6 2.97225E-6 3.44225E-6 9.08359E-7 4.07832E-8 2.61599E-8 -9999 -9999 -9999 -9999
1.61297E-1 1.32042E-1 1.34444E-1 1.20397E-1 8.5188E-2 6.66915E-2 6.96834E-2 5.27716E-2 4.39968E-2 3.31386E-2 2.46001E-2 1.83945E-2 2.61336E-3 1.32843E-4 4.92024E-6 2.81789E-7 1.05089E-5 6.39109E-4 5.33412E-3 1.43212E-2 1.89955E-2 1.3369E-2 6.98709E-3 5.47294E-3 4.22332E-3 2.04902E-3 1.50051E-3 2.64503E-3 2.74977E-3 1.41177E-3 7.01327E-4 3.56998E-4 9.59078E-5 1.81437E-5 3.66426E-6 8.14471E-7 1.97507E-7 1.88681E-7 3.86851E-7 6.23626E-7 1.21209E-6 1.62034E-6 1.73151E-6 9.19651E-6 7.81582E-5 2.0681E-4 2.77737E-4 1.91845E-4 4.7565E-5 1.43081E-5 4.60004E-6 1.68486E-6 3.75378E-7 1.51146E-7 1.74785E-7 5.98465E-7 1.66034E-6 2.26567E-6 1.40948E-6 2.1316E-7 -9999 -9999 -9999 -9999 -9999
2.2846E-1 2.44742E-1 1.72241E-1 1.24461E-1 9.44207E-2 7.77044E-2 8.99416E-2 8.67545E-2 4.03073E-2 1.34646E-2 1.27127E-2 1.05465E-2 1.32811E-3 1.98982E-4 3.95152E-6 2.3897E-7 8.67736E-6 8.68304E-4 9.23543E-3 2.02489E-2 1.20851E-2 6.91852E-3 3.30235E-3 2.19588E-3 1.60942E-3 7.9763E-4 4.55317E-4 6.62022E-4 7.62661E-4 4.49848E-4 2.45946E-4 1.76591E-4 1.51544E-4 9.70308E-5 1.41587E-5 1.28631E-6 1.31354E-7 9.86979E-8 3.22264E-7 1.6294E-6 1.81643E-6 2.87288E-6 6.23206E-6 1.89081E-5 6.70518E-5 1.63013E-4 2.06006E-4 1.19337E-4 3.11956E-5 1.10868E-5 4.43608E-6 1.36187E-6 5.20867E-7 2.42234E-7 2.23079E-7 4.32211E-7 -9999 -9999 -9999 -9999 -9999 -9999 -9999 -9999 -9999
3.51154E-1 2.63081E-1 1.54083E-1 1.04531E-1 7.88841E-2 6.58308E-2 6.17005E-2 3.9651E-2 1.85475E-2 5.99507E-3 3.46257E-3 1.54775E-3 2.50186E-4 3.17632E-5 2.41389E-6 1.40948E-6 6.40337E-5 1.20898E-3 2.46295E-3 3.65137E-3 4.62884E-3 4.2161E-3 1.66075E-3 1.06787E-3 9.73588E-4 3.98944E-4 1.54157E-4 9.83822E-5 9.00076E-5 9.12866E-5 8.00806E-5 9.5764E-5 1.74257E-4 2.19913E-4 3.83434E-5 4.4861E-6 8.42551E-7 4.68728E-7 1.05314E-6 1.91125E-6 4.49509E-6 1.05217E-5 2.7285E-5 5.96044E-5 1.05685E-4 1.27758E-4 1.11808E-4 6.12867E-5 2.0197E-5 8.50494E-6 3.8967E-6 1.6138E-6 7.56626E-7 4.72492E-7 3.72347E-7 -9999 -9999 -9999 -9999 -9999 -9999 -9999 -9999 -9999 -9999
3.29256E-1 2.27429E-1 1.20218E-1 7.74402E-2 5.19006E-2 4.597E-2 3.4599E-2 1.88472E-2 8.33432E-3 2.69693E-3 9.73874E-4 2.85377E-4 3.87581E-5 5.7934E-6 1.6255E-6 1.89551E-6 4.97418E-5 3.25159E-4 1.55275E-4 2.75949E-4 2.02296E-3 4.92917E-3 3.52829E-3 1.52682E-3 3.85446E-4 9.44277E-5 4.85816E-5 3.62842E-5 2.84743E-5 2.33811E-5 3.09179E-5 6.13148E-5 1.17351E-4 1.22957E-4 4.97989E-5 1.29388E-5 4.57962E-6 2.73397E-6 3.08091E-6 5.90392E-6 1.73133E-5 3.796E-5 9.75878E-5 1.84952E-4 1.97375E-4 1.23528E-4 4.68641E-5 2.54561E-5 9.15306E-6 4.88051E-6 2.86481E-6 1.74314E-6 1.06227E-6 8.75236E-7 1.13547E-6 -9999 -9999 -9999 -9999 -9999 -9999 -9999 -9999 -9999 -9999
2.86221E-1 2.07245E-1 1.15907E-1 8.26083E-2 6.59051E-2 4.19759E-2 2.29218E-2 9.91875E-3 3.91759E-3 1.1386E-3 3.15908E-4 9.03099E-5 2.43427E-5 5.54201E-6 2.15726E-6 3.15449E-6 1.80602E-5 5.99728E-5 7.65268E-5 2.06398E-4 1.44681E-3 5.30672E-3 5.36643E-3 1.86779E-3 2.23201E-4 5.77308E-5 3.21971E-5 2.90982E-5 2.34138E-5 1.31351E-5 2.16357E-5 4.72886E-5 7.81715E-5 8.50814E-5 5.49497E-5 2.8743E-5 1.47441E-5 1.00591E-5 1.03289E-5 1.60412E-5 3.49155E-5 8.58664E-5 2.40775E-4 6.10117E-4 3.02046E-4 9.30251E-5 2.20648E-5 4.62099E-6 2.51414E-6 2.31139E-6 2.14423E-6 1.66271E-6 1.37561E-6 1.46963E-6 1.74314E-6 -9999 -9999 -9999 -9999 -9999 -9999 -9999 -9999 -9999 -9999
