KUENM/Final_Models/M_0.1_F_lq_Set_2_EC/sp1_0.asc
ncols         197
nrows         210
xllcorner     56.1666666666667
yllcorner     4.5
cellsize      0.166666666666667
NODATA_value  -9999
[rows 0 to 27 of 210, columns 65 to 129 of 197]
-9999 -9999 -9999 -9999 -9999 -9999 -9999 -9999 -9999 -9999 -9999 -9999 -9999 -9999 -9999 -9999 -9999 -9999 -9999 -9999 -9999 -9999 -9999 -9999 -9999 -9999 -9999 -9999 -9999 3.54109E-7 1.81591E-8 1.17187E-7 8.77855E-9 1.72241E-9 1.22665E-10 4.74345E-12 2.67563E-12 2.20289E-10 1.66453E-11 2.11488E-12 -9999 -9999 -9999 -9999 -9999 -9999 -9999 -9999 -9999 -9999 -9999 -9999 -9999 -9999 -9999 -9999 -9999 -9999 -9999 -9999 -9999 -9999 -9999 -9999 -9999
-9999 -9999 -9999 -9999 -9999 -9999 -9999 -9999 -9999 -9999 -9999 -9999 -9999 -9999 -9999 -9999 -9999 -9999 -9999 -9999 -9999 -9999 -9999 6.46903E-6 1.24856E-6 4.45847E-5 2.7765E-5 6.39119E-6 1.7489E-9 3.88574E-11 6.58687E-10 4.06936E-9 8.26755E-10 1.44539E-10 2.62E-12 1.85197E-13 6.95636E-13 1.13258E-10 1.53047E-10 5.99726E-12 1.60348E-11 5.69603E-10 4.6775E-10 1.68533E-11 1.25148E-11 3.38238E-11 -9999 -9999 -9999 -9999 -9999 -9999 -9999 -9999 -9999 -9999 -9999 -9999 -9999 -9999 -9999 -9999 -9999 -9999 -9999
-9999 -9999 -9999 -9999 -9999 -9999 -9999 -9999 -9999 -9999 -9999 -9999 -9999 -9999 -9999 -9999 -9999 -9999 -9999 1.98613E-4 7.64707E-5 1.30136E-4 1.60803E-4 3.90998E-5 4.18601E-6 4.99175E-7 3.98792E-9 2.75565E-8 1.89334E-8 4.59E-10 3.18652E-12 1.7991E-9 3.8621E-10 9.21954E-11 1.6317E-12 1.40305E-12 1.97142E-11 6.47093E-11 1.93825E-9 5.41236E-10 1.05482E-12 2.17774E-11 1.37801E-11 3.82125E-10 6.13562E-9 2.88695E-10 6.99881E-13 8.08437E-11 1.2729E-8 8.55495E-7 -9999 -9999 -9999 -9999 -9999 -9999 -9999 -9999 -9999 -9999 -9999 -9999 -9999 -9999 -9999
-9999 -9999 -9999 -9999 -9999 -9999 -9999 -9999 -9999 -9999 -9999 -9999 -9999 -9999 -9999 -9999 2.38573E-6 9.80935E-5 1.83274E-3 3.94684E-5 1.18796E-5 1.11711E-7 4.23036E-7 3.34989E-6 6.97286E-7 3.00959E-9 1.2349E-8 2.81362E-8 1.203E-11 1.53313E-12 9.44971E-14 1.38463E-10 1.89888E-12 2.36017E-12 4.48901E-11 4.0804E-12 1.46212E-11 5.22511E-10 9.34782E-10 6.11546E-11 3.16385E-12 4.80567E-12 8.70488E-11 2.54197E-10 3.93407E-10 1.17143E-9 1.29166E-10 2.20917E-11 5.31011E-12 1.81643E-8 1.33096E-6 6.5183E-6 3.57995E-5 -9999 -9999 -9999 -9999 -9999 -9999 -9999 -9999 -9999 -9999 -9999 -9999
-9999 -9999 -9999 -9999 -9999 -9999 -9999 -9999 -9999 -9999 -9999 -9999 -9999 -9999 1.0954E-4 4.11218E-5 8.39753E-4 2.02881E-4 1.38019E-5 1.0744E-4 2.94438E-5 2.51602E-5 1.76854E-5 3.80399E-7 2.08185E-8 6.98045E-7 1.52621E-9 3.23473E-9 9.94445E-10 4.66971E-10 7.89926E-10 5.43688E-12 1.33564E-12 3.63696E-11 3.05094E-11 3.0576E-11 1.71589E-10 4.67694E-10 1.61751E-10 3.40867E-11 7.86888E-12 2.63718E-11 1.83625E-11 3.08217E-11 7.85221E-12 1.57975E-11 6.00083E-11 6.50119E-9 3.46452E-11 3.95624E-9 1.61583E-8 1.89544E-7 5.83967E-7 5.54927E-6 1.29213E-4 -9999 -9999 -9999 -9999 -9999 -9999 -9999 -9999 -9999 -9999
-9999 -9999 -9999 -9999 -9999 -9999 -9999 -9999 -9999 -9999 -9999 -9999 2.03337E-2 3.99246E-3 5.83948E-4 1.56042E-4 3.41045E-4 7.68763E-4 9.5531E-5 3.23964E-5 6.9296E-6 6.6971E-7 1.06755E-6 8.62732E-7 8.23787E-8 2.05743E-9 2.17006E-10 4.00085E-10 4.66365E-7 1.08767E-7 1.11058E-9 1.27565E-12 1.40574E-14 2.02097E-11 2.15474E-9 5.07105E-10 3.56733E-9 2.40736E-11 2.78856E-12 1.67307E-11 3.3489E-11 4.04469E-11 8.92343E-11 1.04939E-10 1.1631E-10 1.97227E-11 1.77474E-11 3.16601E-10 1.90371E-11 3.24756E-14 1.33444E-11 7.68604E-10 3.68461E-10 6.71616E-9 4.6597E-6 5.30613E-5 1.55571E-4 -9999 -9999 -9999 -9999 -9999 -9999 -9999 -9999
-9999 -9999 -9999 -9999 -9999 -9999 -9999 -9999 -9999 -9999 3.09735E-2 1.70333E-2 1.5937E-2 1.60751E-2 6.00373E-3 3.14561E-3 4.64356E-3 1.77177E-3 7.39861E-4 7.19851E-5 1.79139E-6 1.48631E-6 5.84002E-5 8.30089E-5 3.04825E-5 1.83111E-7 1.75715E-7 9.95814E-7 3.60547E-8 2.02459E-8 3.98782E-9 2.73567E-11 6.11528E-10 4.08486E-9 1.36052E-9 2.87757E-10 3.12247E-10 7.06323E-12 1.3155E-12 4.46282E-12 6.39347E-12 9.54671E-11 6.50702E-10 3.38143E-10 4.20248E-10 1.43209E-10 1.80307E-11 3.00804E-11 6.64642E-10 4.63673E-12 5.51444E-12 1.8608E-10 3.52045E-9 2.22431E-8 1.15022E-8 1.14023E-6 7.44621E-6 6.50865E-5 1.8562E-4 -9999 -9999 -9999 -9999 -9999 -9999
-9999 -9999 -9999 -9999 -9999 -9999 -9999 -9999 2.12578E-2 1.12423E-2 2.3158E-2 5.66149E-2 3.2251E-2 1.01795E-2 1.24249E-2 1.95489E-2 1.16422E-2 6.51435E-3 1.53381E-3 4.47365E-5 1.44217E-6 1.12931E-4 1.16725E-7 2.01204E-6 6.49477E-9 3.52732E-6 1.60204E-5 1.36428E-7 7.86488E-9 4.31196E-9 1.19417E-9 1.07809E-7 2.53287E-8 7.67947E-9 8.73202E-10 9.13029E-10 2.54543E-10 1.72583E-10 3.81552E-10 6.28818E-11 3.7542E-11 1.69537E-10 1.578E-9 5.88307E-10 9.0595E-11 2.30611E-11 5.17994E-11 3.4714E-10 3.69515E-14 6.76372E-13 8.04848E-13 5.06778E-11 5.34406E-10 5.64827E-9 3.48762E-9 4.4493E-8 2.61834E-7 1.4802E-5 7.33033E-5 1.90836E-4 2.6828E-4 -9999 -9999 -9999 -9999
-9999 -9999 -9999 -9999 -9999 -9999 -9999 1.49052E-2 2.23817E-2 1.80317E-2 5.46432E-2 4.90937E-2 2.68228E-2 4.47552E-2 3.98533E-2 3.31292E-2 2.45064E-2 1.73582E-2 8.61932E-4 3.00664E-4 1.81354E-4 2.29098E-6 5.63922E-9 9.73457E-9 1.781E-9 1.89544E-6 1.8515E-7 3.1915E-8 2.94221E-8 3.88789E-7 1.50053E-7 1.29845E-8 1.8433E-10 9.19356E-11 4.43515E-11 1.05851E-10 1.13477E-11 2.47836E-11 3.03064E-11 2.65048E-10 5.98255E-10 1.92749E-9 4.92126E-10 1.88786E-9 1.79921E-9 1.09112E-9 4.39139E-11 5.13305E-11 2.51641E-9 7.05071E-11 6.66045E-12 1.58939E-10 7.63147E-9 4.7576E-8 4.10112E-7 1.92184E-6 4.51572E-7 8.03386E-6 2.2885E-5 1.66935E-4 2.29548E-4 2.61377E-4 -9999 -9999 -9999
-9999 -9999 -9999 -9999 -9999 -9999 8.28265E-3 2.75062E-2 7.64435E-3 3.19722E-2 4.70358E-2 4.31579E-2 3.74323E-2 4.83095E-2 3.23018E-2 5.5785E-2 5.77686E-2 1.04985E-2 8.9606E-4 3.08253E-3 1.58174E-6 4.23873E-6 5.00794E-7 7.5975E-9 5.30397E-7 2.09148E-5 2.26107E-6 6.20796E-6 1.66735E-7 4.62599E-8 3.91819E-10 5.83658E-11 1.70033E-11 6.07678E-11 1.36787E-10 3.24727E-10 1.39435E-11 2.3189E-11 5.10622E-11 1.4351E-10 8.77859E-11 2.00695E-10 2.85329E-10 3.024E-10 1.78731E-10 8.47664E-10 2.08448E-10 9.82137E-12 3.80642E-9 1.33133E-8 6.56417E-10 3.94193E-11 2.76229E-8 4.97736E-9 2.01404E-7 8.50239E-6 4.78237E-6 4.76619E-5 9.01177E-5 1.40192E-4 1.85917E-4 2.61377E-4 2.64809E-4 -9999 -9999
-9999 -9999 -9999 -9999 2.37695E-2 1.76526E-2 1.46454E-2 2.32032E-2 1.94671E-2 3.40617E-2 4.03626E-2 4.43714E-2 4.23554E-2 4.9061E-2 5.12842E-2 6.49462E-2 3.81775E-2 4.91253E-3 3.2295E-4 5.08488E-3 3.08643E-5 8.68888E-7 1.27323E-7 6.00161E-7 4.31222E-6 1.54694E-8 6.18201E-9 2.95669E-6 2.01433E-9 2.61011E-8 1.3647E-8 1.36333E-8 1.026E-8 3.48341E-9 8.49199E-10 6.11276E-9 3.14538E-9 3.7114E-9 5.80455E-10 3.98569E-10 7.12847E-10 2.00695E-10 9.28042E-11 1.41606E-10 1.89118E-10 3.06681E-10 3.98478E-10 4.28384E-12 2.39629E-11 3.69241E-8 7.1635E-9 6.40141E-9 2.95498E-9 1.14264E-8 5.77808E-9 2.32603E-8 7.19099E-7 1.46324E-5 2.73871E-5 4.99812E-5 5.86305E-5 1.22247E-4 1.64772E-4 1.88362E-4 2.17813E-4
-9999 -9999 -9999 1.96103E-2 2.09127E-2 1.94133E-2 2.51631E-2 2.42288E-2 3.29744E-2 3.7782E-2 3.99318E-2 4.46462E-2 3.20954E-2 3.79835E-2 6.22929E-2 6.90304E-2 5.13876E-2 3.26441E-2 9.28508E-3 6.24245E-3 6.12591E-4 4.84864E-5 8.20253E-7 6.26586E-6 1.07033E-6 1.21E-8 2.13761E-7 9.43854E-7 7.50902E-7 2.87056E-9 1.33927E-10 8.06742E-11 5.69871E-10 2.24849E-9 8.62257E-11 1.40846E-9 1.26127E-9 2.1668E-10 2.10306E-11 2.85627E-11 6.74161E-11 3.87744E-11 1.06776E-10 1.76567E-10 1.91342E-10 5.98341E-11 2.48907E-10 2.76676E-11 3.809E-12 3.56757E-10 2.66582E-9 1.44929E-9 1.73743E-10 1.17741E-10 1.85978E-9 2.60039E-9 3.34037E-8 9.38524E-7 5.37875E-6 4.5373E-6 4.70398E-5 7.71883E-5 8.39701E-5 7.3781E-5 7.4755E-5
-9999 -9999 1.8343E-2 1.90495E-2 2.13576E-2 1.7797E-2 2.65504E-2 2.46368E-2 3.22105E-2 3.93802E-2 4.02674E-2 4.16009E-2 3.64063E-2 2.93971E-2 6.56753E-2 6.80461E-2 3.56051E-2 3.23184E-3 2.22249E-3 3.42863E-4 3.85204E-5 3.26614E-5 8.61191E-6 8.5222E-6 1.32406E-6 6.71008E-8 1.50774E-6 3.91964E-6 4.26675E-8 5.07431E-10 1.17634E-9 1.18944E-8 3.05681E-8 1.5866E-9 1.99489E-10 2.0872E-10 6.32652E-10 2.03334E-9 9.42664E-10 4.2586E-10 2.91594E-10 1.33234E-10 5.43166E-11 1.5342E-11 6.95305E-11 1.09908E-10 3.93647E-10 6.17796E-11 4.2165E-12 9.66805E-12 1.63017E-9 1.29331E-11 3.06953E-10 8.57055E-10 7.41229E-10 3.81131E-8 1.4158E-9 2.965E-7 2.06938E-6 1.33288E-5 6.92185E-6 1.98188E-5 3.48755E-5 4.10716E-5 4.05355E-5
-9999 1.69188E-2 1.76963E-2 2.15665E-2 2.26776E-2 2.00877E-2 2.82774E-2 2.70515E-2 3.75648E-2 4.11502E-2 4.61609E-2 5.30213E-2 5.77866E-2 4.4519E-2 6.13505E-2 5.01153E-2 2.20826E-2 1.73014E-3 2.61353E-3 3.85408E-3 5.79655E-3 1.0221E-3 3.85829E-5 2.07341E-5 2.25604E-6 2.08179E-8 6.51713E-7 1.5329E-7 1.32298E-7 7.16922E-8 1.1796E-7 2.85236E-8 2.09366E-9 2.6208E-10 1.18622E-9 4.10002E-9 8.9093E-10 4.97903E-11 5.34283E-12 2.03692E-11 1.74271E-11 8.38176E-12 4.58264E-11 1.51446E-10 1.68801E-11 1.42549E-12 1.79721E-12 1.03717E-12 2.42857E-12 3.46059E-11 3.71947E-9 9.53914E-12 5.62608E-11 2.19921E-8 9.82773E-8 4.90091E-9 2.16579E-10 8.14747E-9 1.89277E-6 2.09684E-6 3.25612E-6 3.55151E-6 3.82146E-6 5.93052E-6 4.94112E-6
1.79145E-2 1.78548E-2 1.93239E-2 2.07663E-2 2.36639E-2 2.11742E-2 2.8456E-2 3.01711E-2 3.54753E-2 4.08514E-2 4.48732E-2 4.3101E-2 5.34935E-2 6.12134E-2 6.10907E-2 4.73728E-2 1.26445E-2 3.25204E-3 1.33884E-2 8.11831E-3 2.70431E-3 4.63482E-3 1.16851E-3 1.29855E-4 9.55068E-6 3.18377E-6 1.1161E-6 1.55433E-8 5.422E-10 6.94028E-9 3.14637E-10 1.60738E-10 7.14366E-10 5.85173E-9 2.42422E-8 1.31939E-10 1.2724E-11 1.02211E-11 1.35435E-10 3.20786E-10 1.4147E-10 3.46734E-10 1.09996E-10 5.45819E-12 1.05566E-12 1.42549E-12 5.76812E-12 2.33957E-11 9.08672E-12 1.75272E-12 1.7816E-10 2.14262E-11 3.74454E-12 3.40193E-9 2.25069E-10 4.05242E-10 1.39757E-9 1.41296E-8 6.37631E-7 1.76667E-7 1.21564E-7 2.8129E-8 3.14039E-7 1.05613E-7 2.5851E-7
1.98574E-2 1.94023E-2 2.09809E-2 2.16934E-2 2.32333E-2 2.54598E-2 2.82629E-2 3.08018E-2 3.41877E-2 3.96678E-2 4.51742E-2 4.43946E-2 5.0569E-2 4.53281E-2 3.96832E-2 2.84219E-2 3.17239E-2 1.59164E-2 2.82672E-2 6.24964E-3 1.36394E-3 3.32599E-5 1.97276E-4 9.79254E-4 4.85134E-5 1.54118E-8 4.37005E-8 1.07819E-7 4.73563E-11 2.26306E-10 3.92213E-8 4.84979E-7 1.92147E-8 7.21665E-10 1.58305E-9 2.02006E-9 2.27183E-9 3.28942E-10 2.70672E-8 3.49913E-10 8.47704E-11 1.06765E-10 5.02567E-12 4.05761E-12 6.15557E-12 6.5263E-12 1.50511E-11 3.60426E-12 1.60982E-11 1.59901E-12 2.56965E-13 1.1318E-11 2.00059E-12 6.00541E-9 2.01393E-10 1.67791E-11 8.15486E-11 6.91032E-11 5.20778E-9 2.04081E-8 1.85667E-8 5.18828E-10 8.52424E-9 1.63323E-9 7.24428E-10
2.05776E-2 2.08811E-2 1.74023E-2 1.96142E-2 2.16793E-2 2.56858E-2 2.58006E-2 3.05539E-2 2.71399E-2 2.90354E-2 4.62706E-2 5.40095E-2 4.68582E-2 3.37146E-2 4.4714E-2 3.49822E-2 1.26182E-2 3.22759E-3 7.1388E-3 7.88764E-4 1.12611E-4 1.11013E-6 5.3753E-6 3.32142E-4 2.05779E-5 3.31353E-9 2.5261E-8 1.18462E-5 1.25726E-8 7.18006E-7 7.71043E-9 1.99673E-11 2.31411E-11 8.93623E-9 1.68617E-9 1.04504E-8 7.96362E-10 2.45346E-10 8.87933E-10 1.23477E-10 1.9409E-11 5.48871E-11 1.96718E-10 5.45036E-11 7.39016E-11 1.31792E-10 9.89961E-9 6.09674E-10 1.19894E-11 2.24289E-12 3.43163E-13 1.64052E-13 4.5101E-12 3.02773E-12 3.49018E-9 4.19537E-13 4.38206E-13 8.0992E-12 1.05797E-11 7.74623E-11 2.23846E-10 9.35023E-11 1.20227E-10 8.45783E-11 7.74401E-13
1.01992E-2 3.20109E-3 1.63693E-3 3.62326E-3 8.61484E-3 9.26941E-3 1.44305E-2 1.88603E-2 2.44446E-2 2.31658E-2 2.75296E-2 4.69036E-2 3.77511E-2 1.6893E-2 2.48197E-2 1.11243E-2 5.79725E-3 3.21889E-3 9.11304E-6 7.53634E-4 6.08471E-6 1.67803E-8 1.78328E-5 1.37765E-4 4.94653E-7 1.95567E-7 3.16243E-6 6.7254E-9 1.09104E-8 6.20042E-11 3.15403E-12 6.09237E-10 6.78995E-7 6.89779E-8 1.60857E-8 3.3248E-8 3.13751E-9 1.14522E-8 7.09341E-8 1.01461E-9 4.3906E-8 1.33676E-8 1.52558E-8 2.05731E-11 1.92079E-12 6.19449E-11 5.72854E-9 1.03712E-8 2.56417E-11 1.82075E-12 9.55211E-13 1.13388E-13 4.48775E-14 1.38667E-10 1.25564E-9 1.00318E-9 2.27962E-10 7.32657E-14 6.2231E-13 8.25181E-13 1.81141E-12 4.06357E-13 8.68776E-14 1.13586E-13 3.52262E-13
2.86374E-3 9.52567E-5 1.7984E-4 2.09299E-3 6.01418E-3 9.3301E-3 5.84221E-3 6.95434E-3 1.51544E-2 2.10077E-2 2.53115E-2 2.71803E-2 1.67863E-2 1.60745E-2 9.73487E-3 1.22427E-3 4.39361E-6 2.39519E-4 3.69408E-7 2.09543E-7 3.05859E-9 2.42494E-10 2.0336E-5 5.85084E-8 1.37532E-9 3.64102E-8 1.57554E-8 4.25639E-10 6.64721E-12 1.41948E-11 2.34727E-8 4.41426E-7 1.50501E-5 1.06971E-6 4.20076E-8 4.42545E-10 3.19992E-9 2.61462E-7 1.07717E-6 2.9428E-9 6.20389E-8 4.913E-7 1.34789E-10 2.76639E-8 2.93255E-10 6.54354E-11 1.94167E-10 4.0758E-8 1.72568E-11 6.49053E-11 4.96278E-10 2.45769E-12 1.19345E-12 5.42804E-12 5.69708E-11 1.11715E-12 4.62109E-12 3.03213E-11 1.31618E-10 6.11208E-12 2.21948E-11 6.7292E-12 5.20559E-12 1.98145E-13 2.32667E-12
3.84442E-3 1.37535E-3 7.52191E-4 1.04179E-3 3.36709E-3 5.21533E-3 4.25839E-3 4.76845E-3 8.19578E-3 1.66533E-2 2.60772E-2 2.22222E-2 1.54763E-2 8.92466E-3 8.93516E-6 1.29624E-4 2.54889E-9 2.61058E-5 3.69701E-6 2.70927E-9 3.04681E-12 2.44967E-9 2.80389E-7 3.04283E-11 3.52539E-10 7.01082E-10 2.48076E-10 2.16369E-8 4.11977E-9 7.11483E-10 7.76329E-6 9.68107E-5 3.77042E-6 3.08593E-7 1.25382E-8 2.3884E-8 1.15576E-8 1.84814E-7 1.75216E-6 1.57386E-6 3.80994E-5 2.0137E-8 4.02876E-9 1.45261E-6 1.06858E-6 1.04001E-6 6.65163E-7 2.3379E-9 1.42527E-12 1.96195E-14 1.94577E-12 2.02143E-12 1.88307E-12 4.31028E-13 4.33069E-14 1.38828E-11 1.60327E-13 3.02967E-12 5.61901E-12 2.44828E-12 3.52262E-13 1.73609E-13 3.43449E-13 5.20559E-12 5.99083E-13
3.23064E-3 1.80282E-3 5.32943E-4 4.70334E-4 4.21895E-4 2.53731E-4 1.41887E-3 1.69348E-3 2.3126E-3 1.97205E-2 2.04599E-2 1.71934E-2 1.98003E-2 2.66999E-3 9.14604E-5 1.94354E-3 5.80886E-6 5.69457E-9 1.98258E-8 5.88277E-8 4.8727E-11 1.3108E-9 2.76512E-7 9.86639E-9 2.43774E-10 8.37092E-10 1.91914E-8 8.94884E-7 1.4224E-5 5.84905E-6 1.02603E-4 2.22545E-9 1.14758E-7 2.14365E-8 3.10129E-8 2.69405E-8 7.06351E-8 2.77691E-8 2.08203E-8 3.47535E-9 1.87762E-7 8.84663E-6 1.25621E-5 1.01406E-4 8.36847E-9 3.19296E-9 2.87962E-11 9.57413E-12 5.6888E-11 3.14582E-11 1.43578E-12 2.09603E-13 3.44456E-14 1.50361E-13 1.58278E-13 2.27904E-13 4.34796E-11 3.93289E-12 1.50772E-13 4.27361E-13 1.59872E-14 1.75812E-13 2.64404E-13 2.66919E-12 3.50875E-12
4.37336E-4 9.71139E-4 5.96244E-4 4.92374E-5 9.14324E-6 1.59493E-4 7.96889E-4 1.55412E-4 2.06395E-3 2.07089E-2 1.92266E-2 1.18158E-2 3.83485E-3 8.31471E-4 4.50785E-6 2.8634E-4 3.58294E-7 1.08491E-10 2.80026E-10 1.30768E-11 1.62062E-9 3.04901E-8 4.55223E-10 2.15821E-8 1.09995E-11 3.81635E-8 4.72403E-8 5.89342E-7 5.40416E-4 1.18086E-4 5.81248E-7 9.96963E-10 3.27762E-9 7.92067E-10 1.64305E-9 2.23461E-9 1.37854E-9 1.06933E-8 5.0807E-8 3.42865E-8 1.64849E-8 9.85193E-9 7.19172E-8 1.21232E-4 4.66158E-4 1.54479E-6 1.38146E-6 2.64383E-11 9.55986E-11 2.16583E-9 1.41426E-9 2.03528E-11 4.80123E-12 8.23025E-12 2.53926E-13 6.6152E-14 1.73003E-14 1.39915E-14 2.60792E-12 2.53119E-13 1.23892E-14 1.59872E-14 4.80554E-13 2.73818E-12 3.47832E-13
6.52588E-5 6.21821E-5 4.83522E-5 1.76242E-5 7.07284E-5 2.20428E-4 2.01662E-5 2.03784E-6 9.8086E-4 7.89155E-3 1.46711E-2 5.54795E-3 1.47507E-3 5.12405E-4 5.35245E-5 1.04105E-8 1.63632E-10 8.88126E-11 6.24164E-10 1.1236E-10 1.63199E-11 2.89636E-11 2.09279E-9 4.43679E-11 8.01858E-10 9.01233E-8 5.56417E-7 8.07836E-7 5.09759E-3 4.4431E-6 5.5848E-7 2.7029E-9 1.84179E-8 6.04257E-8 3.26006E-8 1.36357E-7 4.99839E-8 2.15368E-7 1.02922E-5 4.37729E-6 8.60623E-7 4.6067E-6 2.71256E-8 1.61958E-8 3.33979E-7 1.37747E-3 3.4305E-5 1.11751E-8 5.41517E-9 3.54984E-10 2.95789E-8 9.56846E-9 3.54573E-10 1.18516E-9 3.20254E-12 2.79721E-11 1.74112E-12 4.17826E-14 1.83202E-13 2.5629E-13 7.23676E-14 1.22379E-14 1.8188E-15 6.80158E-14 5.40105E-13
5.71592E-7 4.97536E-6 9.27989E-7 4.70078E-6 1.46228E-5 2.06626E-5 8.094E-7 1.67042E-5 2.16351E-3 6.62944E-3 1.01685E-2 6.79971E-3 1.71406E-3 6.02605E-4 2.50214E-5 9.51676E-8 3.10015E-9 4.27137E-7 1.56356E-9 1.68627E-10 3.08063E-9 9.91299E-11 4.24004E-11 3.71815E-10 2.69012E-9 4.28398E-6 1.02707E-6 7.14673E-6 1.02673E-2 9.72992E-5 7.14961E-7 3.03454E-6 2.84391E-6 8.72844E-6 8.0156E-7 1.77589E-5 8.12478E-7 6.47048E-6 1.26589E-3 6.73279E-3 4.54694E-3 3.31519E-3 1.28142E-4 7.47033E-7 2.06E-8 4.23608E-4 6.10662E-7 4.53874E-8 7.69166E-7 7.67891E-7 3.63788E-8 6.55357E-7 3.12829E-10 3.30051E-11 5.5097E-11 9.00043E-13 1.37542E-11 4.12846E-14 1.66902E-14 4.75254E-14 1.33308E-14 1.72117E-14 9.0133E-15 1.20937E-13 2.08387E-13
7.12302E-7 2.34053E-7 1.09168E-6 1.91769E-6 2.88828E-5 1.55263E-5 5.40699E-5 2.16283E-3 4.8697E-4 2.03534E-5 7.36792E-7 4.45247E-7 5.61225E-8 9.92091E-10 2.69258E-10 4.14934E-8 7.25868E-7 6.08026E-10 6.68E-9 6.01933E-8 5.26174E-9 9.22235E-10 7.12858E-9 9.88822E-8 1.07332E-8 1.08824E-5 1.83032E-3 6.36134E-3 3.09452E-3 2.14833E-5 1.30783E-3 2.89162E-4 3.27353E-6 5.64399E-5 1.08016E-7 2.58225E-4 1.36492E-3 1.85978E-2 2.96015E-5 1.7222E-5 4.88721E-4 6.33233E-3 1.38204E-2 4.77955E-3 9.89218E-4 4.11486E-6 2.23649E-7 1.04564E-7 3.92937E-10 1.63954E-10 9.30895E-7 2.31367E-6 5.6214E-6 1.19097E-10 1.50319E-10 1.60982E-11 3.26866E-10 2.536E-11 5.91935E-12 6.55605E-14 1.17808E-12 6.26298E-15 7.0463E-15 1.59877E-13 1.59877E-13
4.86245E-7 3.06318E-7 3.62094E-7 2.88379E-5 3.58858E-5 3.39463E-4 2.12457E-4 5.81132E-5 8.07908E-8 7.79996E-9 1.47037E-10 2.1932E-9 1.38256E-7 7.68853E-5 1.24557E-4 1.18037E-6 3.24254E-8 1.77094E-10 1.82119E-7 7.47671E-5 2.24397E-6 4.63505E-9 1.64244E-6 1.45396E-5 2.61467E-6 5.73691E-5 4.4196E-3 8.83551E-3 1.4573E-4 4.27654E-3 1.1231E-3 7.54031E-6 1.33439E-5 9.7389E-4 7.54875E-7 1.79473E-5 1.22286E-3 7.97501E-3 1.28714E-5 3.99939E-7 4.70123E-7 1.06704E-6 1.81534E-5 1.04469E-5 1.3104E-8 2.97009E-11 2.22797E-7 3.74167E-7 1.64526E-9 2.16673E-10 5.0357E-10 2.03428E-6 5.37509E-8 7.62632E-7 2.35681E-8 6.6756E-8 2.41505E-7 5.54736E-8 3.61201E-10 3.79127E-12 7.14185E-13 2.71717E-11 4.8113E-14 1.74233E-14 1.17808E-12
1.50619E-7 3.40418E-8 3.23085E-7 3.42051E-6 3.49402E-6 2.98797E-6 4.02006E-6 2.65945E-8 1.86316E-8 2.79029E-8 6.86526E-6 1.50774E-4 9.45227E-4 2.33914E-2 7.61047E-3 8.5671E-5 1.38256E-7 2.22695E-7 4.91781E-7 3.99218E-4 1.50345E-3 5.0926E-5 4.81875E-4 2.68563E-3 1.00623E-5 6.92065E-3 1.83717E-2 9.12193E-4 3.77865E-3 5.16985E-3 6.64451E-3 1.21381E-3 7.87002E-3 2.18596E-3 1.07611E-4 1.80773E-2 8.70582E-3 3.95761E-5 8.02698E-7 1.08179E-7 2.35968E-7 1.01054E-7 5.87797E-8 2.30491E-8 1.38708E-9 1.14783E-9 2.77599E-7 1.89646E-8 1.35964E-8 5.26847E-10 1.84771E-9 9.50341E-10 3.22743E-10 1.03357E-7 8.08089E-8 1.7062E-10 1.45337E-8 2.48907E-10 9.35014E-11 5.49519E-12 3.89475E-13 7.73702E-11 2.24188E-12 6.7184E-14 6.43255E-13
6.20321E-8 1.50619E-7 1.61571E-7 5.50632E-7 3.39796E-7 1.28434E-6 4.85847E-6 1.82142E-6 7.81679E-6 7.97177E-5 1.42717E-4 3.13251E-5 1.44514E-3 2.46808E-2 2.01398E-2 2.33488E-2 1.92106E-3 5.4589E-6 1.02882E-2 1.59117E-3 6.11649E-2 1.08626E-4 2.29701E-3 2.27352E-2 4.33743E-2 6.49763E-2 1.36461E-2 4.33213E-2 4.52997E-2 2.73222E-2 6.05255E-3 8.25644E-3 2.98288E-2 4.57541E-3 7.34114E-3 1.91556E-2 7.5822E-4 1.36994E-5 8.24885E-7 2.63967E-6 3.06872E-6 3.01289E-7 2.6586E-7 1.88387E-6 1.85356E-6 4.16631E-8 1.67812E-8 1.12921E-7 8.70547E-9 5.2437E-9 8.93347E-9 3.39543E-10 3.55024E-11 6.55513E-11 3.71646E-9 4.45437E-8 4.61372E-11 5.27785E-9 1.23295E-8 8.4361E-11 2.82038E-11 2.91774E-12 8.99529E-10 2.99068E-12 1.87397E-14
