KUENM/Final_Models/M_0.1_F_lq_Set_2_EC/sp1_7_se_asia.asc
ncols         320
nrows         243
xllcorner     44.0
yllcorner     -0.666666666666667
cellsize      0.166666666666667
NODATA_value  -9999
[rows 31 to 61 of 243, columns 0 to 69 of 320]
-9999 -9999 -9999 -9999 -9999 -9999 -9999 -9999 -9999 -9999 1.57126E-1 2.72607E-2 3.54276E-5 3.59137E-4 1.63451E-4 5.10149E-4 2.89606E-4 2.3429E-4 7.54477E-6 1.28262E-5 7.83784E-5 3.73099E-5 2.00698E-6 8.04663E-5 1.32919E-4 1.70326E-5 3.3435E-6 6.0145E-8 2.03913E-6 1.30613E-5 3.84682E-5 2.35511E-5 5.67661E-6 6.9025E-6 3.70858E-6 4.4819E-7 1.14018E-7 1.0087E-5 1.42302E-4 4.67799E-4 1.11083E-3 1.80086E-3 2.94035E-3 3.68115E-3 4.19298E-3 4.24194E-3 3.99511E-3 3.76066E-3 3.14679E-3 1.42647E-3 2.00645E-3 2.1627E-3 1.08657E-3 2.86704E-3 5.56005E-3 6.02E-3 6.61042E-3 6.51139E-3 6.71073E-3 6.71073E-3 6.81234E-3 6.71073E-3 6.3944E-3 6.20479E-3 6.20479E-3 6.20479E-3 6.20479E-3 5.64506E-3 5.83994E-3 5.75165E-3
-9999 -9999 -9999 -9999 -9999 -9999 -9999 -9999 -9999 2.03254E-1 1.21123E-1 5.30532E-2 3.58371E-4 1.08261E-4 3.05715E-4 2.92305E-4 5.09986E-4 3.66237E-4 2.04554E-4 5.96913E-6 1.50398E-4 2.81651E-4 8.26109E-5 1.54913E-4 1.47366E-4 2.88964E-5 1.4148E-5 3.74824E-5 1.73581E-5 4.216E-6 1.02739E-5 5.42676E-6 2.35462E-6 1.62616E-5 1.60432E-5 8.1406E-6 5.0549E-6 7.85424E-6 4.81789E-5 5.24559E-4 2.10226E-4 2.8763E-4 9.18688E-4 3.78765E-3 5.09777E-3 5.14197E-3 4.76988E-3 4.35399E-3 4.15799E-3 3.35406E-3 2.65063E-3 3.053E-3 2.95801E-3 4.33014E-3 5.94881E-3 5.94881E-3 6.13496E-3 6.42412E-3 6.42412E-3 6.52371E-3 6.52371E-3 6.22989E-3 6.32608E-3 6.32608E-3 5.94342E-3 5.85301E-3 5.67573E-3 5.67573E-3 5.41848E-3 5.25262E-3
-9999 -9999 -9999 -9999 -9999 -9999 -9999 -9999 -9999 1.70595E-1 7.59719E-2 2.79994E-2 2.04934E-3 2.62782E-4 2.55075E-4 9.66057E-5 2.55646E-4 2.09956E-4 1.1862E-4 4.14443E-4 3.62368E-4 4.84133E-5 1.47737E-5 6.55187E-6 4.27061E-5 2.01182E-4 1.61179E-5 1.1551E-5 1.44254E-5 3.66034E-6 8.82646E-7 4.85125E-6 9.26119E-7 8.26859E-6 3.70952E-5 3.25915E-5 1.72818E-5 9.01579E-6 5.51816E-5 1.35014E-4 1.28845E-6 5.40419E-7 3.86509E-5 3.0341E-3 5.83624E-3 5.06563E-3 4.25744E-3 4.22246E-3 3.07841E-3 3.37643E-3 4.33014E-3 4.19691E-3 5.09115E-3 5.85361E-3 6.03872E-3 6.31639E-3 6.21876E-3 6.12243E-3 6.21876E-3 6.21876E-3 6.21876E-3 5.7629E-3 4.93399E-3 5.41924E-3 5.25201E-3 4.93399E-3 4.55847E-3 5.33506E-3 5.58512E-3 5.67341E-3
-9999 -9999 -9999 -9999 -9999 -9999 -9999 -9999 -9999 1.6538E-1 6.61116E-2 2.10114E-2 2.36615E-3 5.19428E-4 3.46629E-4 6.87311E-4 4.02066E-4 1.20777E-4 1.51114E-4 5.81541E-5 9.79713E-5 8.38926E-5 3.04399E-5 2.1515E-5 1.51815E-5 1.35367E-6 1.05651E-5 1.19209E-5 2.34192E-6 2.87463E-6 7.59108E-7 1.02528E-6 3.59523E-6 3.28032E-6 1.06294E-5 2.90862E-5 6.10568E-6 1.55894E-6 2.23247E-5 9.71861E-5 7.60784E-6 1.66086E-7 1.95218E-5 1.24895E-3 5.78863E-3 3.99511E-3 3.5381E-3 1.77706E-3 2.97885E-4 1.0175E-3 1.46853E-3 1.13928E-3 2.13684E-3 3.94879E-3 5.41211E-3 5.91311E-3 6.00732E-3 6.00732E-3 5.91311E-3 5.91311E-3 5.07996E-3 3.58269E-3 2.78992E-3 2.46609E-3 3.29943E-3 2.37155E-3 1.71115E-3 4.41655E-3 5.72853E-3 6.07443E-3
-9999 -9999 -9999 -9999 -9999 -9999 -9999 -9999 -9999 1.58008E-1 9.77453E-2 2.88468E-2 6.3982E-3 1.86777E-3 5.21691E-4 1.85868E-4 9.74176E-4 1.96285E-4 7.28255E-4 2.14872E-4 1.26717E-4 5.14737E-4 4.10229E-5 1.37327E-4 4.96398E-5 2.24417E-5 2.93539E-8 5.93552E-7 8.79997E-5 3.13141E-6 8.00792E-7 6.40576E-7 2.21636E-6 6.97097E-7 3.40291E-7 3.74463E-6 3.47657E-7 5.0469E-7 5.71494E-6 6.15828E-5 3.87832E-5 3.34322E-6 6.69092E-7 1.03225E-4 1.74812E-3 3.83455E-3 4.12961E-3 2.17003E-3 4.33266E-4 2.45679E-4 3.36109E-4 4.34822E-4 3.84453E-4 5.48625E-4 1.503E-3 4.4812E-3 5.46103E-3 5.20447E-3 5.37432E-3 4.68978E-3 3.20076E-3 1.28985E-3 7.83785E-4 5.57701E-4 1.01811E-3 1.971E-3 3.70416E-3 5.2888E-3 6.03736E-3 5.94136E-3
-9999 -9999 -9999 -9999 -9999 -9999 -9999 -9999 -9999 -9999 1.41693E-1 4.20982E-2 7.37104E-3 3.46504E-3 3.33568E-4 2.4731E-3 1.97569E-3 9.03797E-4 7.37104E-3 4.63826E-3 3.84942E-3 3.51688E-4 1.21781E-3 2.39421E-4 1.03631E-4 1.48205E-4 1.34633E-5 6.72141E-6 9.89049E-5 1.5355E-4 6.75079E-6 1.98751E-6 7.82671E-7 9.28905E-7 3.33144E-7 1.48678E-6 8.86947E-6 1.19683E-5 2.736E-5 7.75003E-6 1.96054E-6 9.67268E-6 1.56094E-6 9.71611E-8 2.3024E-6 1.10272E-4 1.37172E-3 3.32697E-3 3.03067E-3 2.03008E-3 1.73886E-3 2.03593E-3 1.55284E-3 5.3968E-4 7.97134E-4 1.75781E-3 1.5172E-3 3.47113E-3 3.63882E-3 3.93742E-3 3.87368E-3 2.76071E-3 2.06242E-3 2.09655E-3 2.80627E-3 3.0483E-3 3.52815E-3 4.52221E-3 5.39275E-3 5.70769E-3
-9999 -9999 -9999 -9999 -9999 -9999 -9999 -9999 -9999 -9999 -9999 1.08461E-1 5.49041E-2 9.97771E-3 1.08076E-3 1.64083E-4 4.58992E-3 6.16426E-3 3.54812E-3 7.86454E-4 9.03797E-4 2.56449E-3 1.20604E-3 7.95009E-3 1.10535E-3 7.50506E-4 3.7595E-4 8.45542E-5 1.84748E-5 1.09615E-4 2.21103E-4 5.34604E-6 7.1487E-6 5.15448E-6 8.57373E-7 1.87694E-6 3.93324E-6 3.80763E-6 1.22267E-5 7.8568E-6 6.14687E-6 2.75632E-6 9.66362E-7 3.23282E-7 5.71409E-8 6.26156E-8 1.99237E-5 5.23802E-4 2.23178E-3 3.27182E-3 3.34063E-3 3.29943E-3 3.19515E-3 2.61526E-3 2.28624E-3 1.5172E-3 6.86775E-4 1.60715E-3 2.41647E-3 3.19796E-3 3.19796E-3 2.62789E-3 2.62789E-3 2.00365E-3 1.67284E-3 2.41647E-3 3.14566E-3 3.68787E-3 3.92217E-3 5.7474E-3
-9999 -9999 -9999 -9999 -9999 -9999 -9999 -9999 -9999 -9999 -9999 -9999 6.23908E-2 4.81894E-2 5.79854E-3 5.66179E-4 4.02262E-4 9.03065E-3 7.18318E-3 1.20057E-2 4.49004E-3 4.78584E-3 6.81306E-3 2.03184E-2 6.62808E-3 5.56931E-3 5.45507E-3 3.93003E-4 1.63487E-5 1.50949E-5 4.36533E-5 3.13141E-6 1.34364E-5 9.20823E-6 1.15774E-6 3.03971E-7 6.83732E-7 3.52549E-6 8.06875E-6 8.05897E-7 2.70415E-7 3.77242E-7 2.75632E-6 6.13967E-6 1.27556E-6 7.80559E-8 1.1258E-7 2.05169E-5 2.3734E-4 1.06747E-3 1.87432E-3 2.64546E-3 2.27475E-3 2.53157E-3 2.80627E-3 1.72907E-3 3.74799E-4 2.32413E-4 4.72626E-4 1.35091E-3 2.41898E-3 8.34773E-4 4.33041E-4 3.12551E-4 3.42426E-4 6.75427E-4 3.77394E-3 5.50138E-3 5.593E-3 5.593E-3
-9999 -9999 -9999 -9999 -9999 -9999 -9999 -9999 -9999 -9999 -9999 -9999 -9999 7.81663E-2 2.5515E-2 4.90263E-3 4.66151E-3 1.17071E-3 1.68044E-3 3.44946E-2 2.16956E-2 7.37104E-3 3.80262E-2 2.323E-2 2.68076E-3 3.82076E-4 3.56221E-5 1.83444E-4 5.42903E-4 9.13356E-4 6.51922E-6 1.9688E-7 2.9607E-8 1.14167E-6 1.22093E-6 2.06464E-7 3.18057E-7 1.47649E-7 3.19148E-7 1.04078E-6 5.52625E-7 2.59653E-6 1.13116E-5 2.29347E-5 2.30926E-5 1.45378E-5 6.13076E-6 3.81082E-6 9.59214E-6 2.07546E-5 1.30264E-4 3.58287E-5 1.06576E-4 2.86766E-4 1.16867E-3 2.17641E-3 1.4201E-3 7.8297E-4 4.64785E-4 7.09546E-4 1.51369E-3 2.15086E-3 2.98383E-3 3.74739E-3 2.84733E-3 9.78354E-4 1.9059E-3 4.60823E-3 4.9548E-3 4.50109E-3
-9999 -9999 -9999 -9999 -9999 -9999 -9999 -9999 -9999 -9999 -9999 -9999 9.74538E-2 9.6516E-2 9.13515E-2 6.02097E-2 3.09161E-2 1.44915E-2 6.21907E-3 3.10742E-3 2.001E-2 5.7265E-2 8.63331E-2 4.52507E-2 3.96895E-3 1.83376E-3 1.65007E-4 2.50685E-2 1.36481E-2 5.03358E-4 1.5812E-4 6.0155E-6 1.9381E-8 7.90094E-7 5.43073E-7 2.82923E-8 1.05117E-7 1.07244E-7 5.96452E-8 1.13639E-7 1.12494E-6 7.75246E-6 1.282E-5 4.13496E-5 8.9618E-5 9.66874E-5 6.0292E-5 1.58132E-5 6.83569E-6 1.80691E-6 6.03543E-6 8.07E-6 9.74179E-6 1.87151E-5 1.55479E-4 1.24143E-3 1.86771E-3 2.26136E-3 1.40693E-3 8.74326E-4 1.08617E-3 1.66119E-3 3.62366E-3 4.14058E-3 3.53019E-3 1.43925E-3 1.05764E-3 2.15086E-3 2.15086E-3 1.71062E-3
-9999 -9999 -9999 -9999 -9999 -9999 -9999 -9999 -9999 -9999 -9999 -9999 -9999 -9999 -9999 1.01428E-1 4.76409E-2 4.26032E-2 4.78066E-2 8.84028E-3 2.36975E-2 2.76213E-2 5.00137E-2 9.5099E-2 9.18461E-2 1.38608E-2 6.9396E-3 1.80574E-2 4.0683E-2 1.35418E-2 2.60803E-2 2.6794E-3 2.15597E-5 7.34766E-6 8.57982E-7 3.85252E-8 2.79986E-8 3.81998E-7 6.20612E-7 6.39728E-8 1.94948E-7 1.37474E-6 5.97974E-6 1.44045E-5 9.77649E-5 1.58619E-4 1.81892E-4 1.47198E-4 5.09046E-5 7.66044E-6 4.75958E-7 2.20561E-6 1.30996E-5 5.10475E-5 1.47833E-4 6.6391E-4 1.39669E-3 2.379E-3 2.62518E-3 9.88899E-4 1.66119E-3 3.21263E-3 4.55739E-3 4.55739E-3 3.56316E-3 1.43925E-3 1.66119E-3 1.05764E-3 4.62862E-4 2.15589E-4
-9999 -9999 -9999 -9999 -9999 -9999 -9999 -9999 -9999 -9999 -9999 -9999 -9999 -9999 -9999 -9999 1.12914E-1 1.13848E-1 1.15319E-1 9.42918E-2 5.06044E-2 1.07302E-1 1.66252E-1 1.36871E-1 2.67561E-1 2.42606E-1 2.89497E-1 2.96414E-1 9.91642E-2 1.66997E-3 3.02831E-3 1.74801E-3 1.55538E-4 1.32008E-4 1.23742E-5 5.26264E-8 3.85252E-8 3.97714E-8 1.82952E-6 3.92288E-6 2.24932E-6 2.94836E-6 8.34713E-6 1.2709E-5 2.79967E-5 1.65791E-4 2.14331E-4 2.49816E-4 2.2768E-4 1.15157E-4 3.80238E-5 1.29301E-5 2.85314E-6 1.19496E-5 1.24748E-4 5.78836E-4 1.31743E-3 2.379E-3 2.84733E-3 1.59992E-3 2.26042E-3 1.87916E-3 2.60719E-3 2.18512E-3 3.80578E-3 3.96068E-3 3.44483E-3 1.81238E-3 1.40693E-3 6.42254E-4
-9999 -9999 -9999 -9999 -9999 -9999 -9999 -9999 -9999 -9999 -9999 -9999 -9999 -9999 -9999 -9999 -9999 -9999 1.26399E-1 1.53865E-1 1.71563E-1 1.86375E-1 2.16923E-1 2.72584E-1 3.02939E-1 3.44562E-1 3.27782E-1 3.12284E-1 2.10715E-1 1.98231E-1 7.22249E-2 4.3037E-3 1.01458E-5 2.94574E-7 3.66034E-6 4.18332E-8 1.55896E-8 2.50694E-7 1.91263E-6 4.40625E-7 2.15005E-6 7.46758E-6 1.51267E-5 4.96833E-5 1.75601E-4 1.39599E-4 2.17576E-4 2.93473E-4 3.30973E-4 3.27162E-4 2.48885E-4 1.61422E-4 6.69444E-5 2.98327E-5 4.42573E-5 4.07173E-4 1.22101E-3 1.938E-3 2.58156E-3 2.8373E-3 2.69718E-3 2.0102E-3 9.98095E-4 9.70264E-5 1.03253E-3 3.47205E-3 1.6334E-3 1.0057E-3 9.78354E-4 8.9235E-4
-9999 -9999 -9999 -9999 -9999 -9999 -9999 -9999 -9999 -9999 -9999 -9999 -9999 -9999 -9999 -9999 -9999 -9999 -9999 -9999 1.64806E-1 1.93919E-1 2.24257E-1 2.55826E-1 3.07674E-1 3.55869E-1 3.95259E-1 4.15073E-1 3.87306E-1 4.16767E-1 4.35014E-1 2.18761E-1 3.58304E-2 1.51497E-2 7.8586E-4 2.87704E-5 3.0149E-8 3.32456E-7 1.8717E-7 7.09699E-7 5.40431E-6 8.05592E-6 2.36638E-5 6.47936E-5 9.98661E-5 1.42519E-4 1.05681E-4 1.20445E-4 2.61564E-4 3.536E-4 3.96066E-4 3.95997E-4 3.32883E-4 2.34039E-4 1.80177E-4 3.90814E-4 4.78441E-4 7.96149E-4 1.57326E-3 2.29893E-3 1.91137E-3 7.17087E-4 9.54223E-5 1.28165E-5 2.42855E-4 2.0102E-3 5.42886E-4 1.26329E-3 1.81238E-3 1.27432E-3
-9999 -9999 -9999 -9999 -9999 -9999 -9999 -9999 -9999 -9999 -9999 -9999 -9999 -9999 -9999 -9999 -9999 -9999 -9999 -9999 -9999 1.73202E-1 2.06457E-1 2.37093E-1 2.77331E-1 3.3338E-1 3.76471E-1 4.12697E-1 4.4859E-1 4.73283E-1 4.99939E-1 4.63324E-1 2.00051E-1 1.15559E-1 9.3845E-2 4.67645E-5 2.925E-6 4.46571E-7 1.29284E-7 4.4044E-6 4.76053E-6 9.78565E-6 1.15891E-6 1.86033E-5 9.16635E-5 9.07453E-5 1.02068E-4 1.31647E-4 2.41111E-4 2.43801E-4 3.2591E-4 4.70245E-4 5.14017E-4 4.67129E-4 1.76772E-4 1.02417E-4 9.5989E-5 2.28442E-5 2.94644E-4 1.66119E-3 1.91137E-3 1.10303E-3 2.99411E-4 6.11582E-5 1.55352E-4 2.255E-3 3.1369E-3 2.15116E-3 2.8208E-4 2.96344E-4
-9999 -9999 -9999 -9999 -9999 -9999 -9999 -9999 -9999 -9999 -9999 -9999 -9999 -9999 -9999 -9999 -9999 -9999 -9999 -9999 -9999 -9999 1.78938E-1 2.04283E-1 2.5005E-1 2.91454E-1 3.32531E-1 3.74879E-1 4.17784E-1 4.65716E-1 5.08833E-1 5.07753E-1 4.16636E-1 3.23301E-1 1.08537E-1 7.71232E-4 8.01855E-5 5.80067E-7 6.23157E-6 1.7674E-5 5.10408E-6 7.91958E-6 2.69644E-6 4.37858E-6 5.29172E-6 4.33672E-5 4.45917E-5 9.24571E-5 5.8337E-5 2.05159E-4 3.62797E-4 4.34733E-4 6.18352E-4 5.5375E-4 1.91489E-4 2.41432E-5 2.30318E-5 4.42573E-5 1.26804E-4 9.88899E-4 1.55249E-3 1.47515E-3 6.61427E-4 2.53938E-5 1.62021E-5 9.14763E-4 3.50356E-3 2.92041E-3 4.00508E-4 1.80177E-4
-9999 -9999 -9999 -9999 -9999 -9999 -9999 -9999 -9999 -9999 -9999 -9999 -9999 -9999 -9999 -9999 -9999 -9999 -9999 -9999 -9999 -9999 1.56471E-1 1.78302E-1 2.1236E-1 2.456E-1 2.85031E-1 3.32601E-1 3.78382E-1 4.26582E-1 4.95026E-1 5.48721E-1 5.01518E-1 3.53203E-1 1.88054E-1 9.52667E-2 4.55529E-3 5.30233E-5 3.61363E-7 1.18736E-4 5.41142E-6 6.70015E-7 2.55849E-6 2.86358E-6 2.33028E-6 5.72736E-6 2.98412E-5 3.21587E-5 1.55096E-5 2.11058E-4 4.50984E-4 5.8361E-4 6.10695E-4 5.07658E-4 2.10553E-4 4.47116E-5 7.90061E-6 6.83569E-6 1.4404E-5 2.52532E-4 8.9945E-4 1.12202E-3 1.08432E-3 5.80528E-4 1.07161E-4 3.23114E-4 3.10611E-3 3.4136E-3 1.37363E-3 5.10993E-4
-9999 -9999 -9999 -9999 -9999 -9999 -9999 -9999 -9999 -9999 -9999 -9999 -9999 -9999 -9999 -9999 -9999 -9999 -9999 -9999 -9999 -9999 -9999 1.53181E-1 1.76913E-1 2.07171E-1 2.42376E-1 2.73609E-1 3.2414E-1 3.79811E-1 4.41767E-1 5.10199E-1 5.26023E-1 3.53238E-1 2.15312E-1 6.92725E-2 6.27704E-3 8.58633E-4 3.78136E-4 1.12646E-4 8.61989E-5 2.44286E-6 1.44667E-7 3.16201E-6 2.99747E-6 7.08691E-7 1.61786E-6 2.09055E-5 2.83912E-5 4.9335E-5 1.18772E-4 3.76698E-4 4.05864E-4 4.70322E-4 3.22085E-4 1.60105E-4 4.61252E-5 9.12245E-6 5.20466E-7 6.9419E-6 3.28095E-5 2.4839E-4 6.21138E-4 1.03253E-3 6.42372E-4 8.07237E-4 2.41795E-3 3.68507E-3 2.58511E-3 5.45478E-4
-9999 -9999 -9999 -9999 -9999 -9999 -9999 -9999 -9999 -9999 -9999 -9999 -9999 -9999 -9999 -9999 -9999 -9999 -9999 -9999 -9999 -9999 -9999 1.29906E-1 1.50837E-1 1.69153E-1 1.93759E-1 2.17128E-1 2.63214E-1 3.16455E-1 3.85795E-1 4.4099E-1 4.75939E-1 4.24866E-1 2.60573E-1 1.39693E-1 6.29685E-5 1.74146E-3 1.7728E-2 3.675E-3 1.75363E-3 6.87728E-5 8.65714E-5 1.78025E-5 1.93373E-6 1.59652E-6 3.73169E-7 2.73727E-6 1.65553E-5 1.75574E-5 5.00356E-5 2.4481E-4 2.45092E-4 3.85447E-4 5.40678E-4 4.70245E-4 2.56851E-4 1.16977E-4 5.53596E-6 1.04083E-6 1.04292E-7 1.60674E-5 3.09632E-4 7.33659E-4 6.42254E-4 2.1938E-4 4.49256E-4 2.94387E-3 3.39553E-3 1.71637E-3
-9999 -9999 -9999 -9999 -9999 -9999 -9999 -9999 -9999 -9999 -9999 -9999 -9999 -9999 -9999 -9999 -9999 -9999 -9999 -9999 -9999 -9999 9.50814E-2 1.08907E-1 1.2537E-1 1.41214E-1 1.55651E-1 1.67562E-1 2.0325E-1 2.59669E-1 3.24862E-1 3.81556E-1 4.18574E-1 4.22933E-1 3.72545E-1 2.1116E-1 1.44915E-2 8.42137E-6 1.03959E-4 1.2447E-3 4.02928E-4 7.74684E-6 2.96796E-5 3.29788E-6 7.25043E-7 1.80919E-6 2.70564E-7 1.35396E-6 5.24657E-6 7.62236E-6 1.58524E-5 7.22862E-5 1.80966E-4 2.67619E-4 2.48445E-4 6.11368E-4 5.40388E-4 4.15177E-4 1.65188E-4 2.9067E-5 1.15306E-5 3.5346E-6 3.71788E-5 3.80797E-4 4.24026E-4 5.07498E-4 2.8848E-4 1.13928E-3 2.76071E-3 2.71054E-3
-9999 -9999 -9999 -9999 -9999 -9999 -9999 -9999 -9999 -9999 -9999 -9999 -9999 -9999 -9999 -9999 -9999 -9999 -9999 -9999 -9999 -9999 8.05187E-2 9.81317E-2 1.097E-1 1.19454E-1 1.36066E-1 1.4403E-1 1.70324E-1 2.28279E-1 2.77887E-1 3.30997E-1 3.73123E-1 3.94975E-1 3.84653E-1 2.00537E-1 9.96697E-3 9.0156E-4 2.40052E-3 2.33711E-4 7.73336E-5 3.64073E-5 1.0936E-5 2.18403E-4 2.08407E-5 1.78744E-5 4.01401E-6 1.01131E-6 1.04846E-6 1.41067E-6 1.47107E-5 3.68929E-5 2.40294E-5 2.33631E-4 5.42698E-4 7.00691E-4 8.13939E-4 8.5799E-4 6.7615E-4 1.75774E-4 4.86749E-5 4.98298E-5 5.50018E-5 1.42094E-4 1.16977E-4 4.95114E-4 4.82325E-4 1.77425E-4 1.17797E-3 1.31738E-3
-9999 -9999 -9999 -9999 -9999 -9999 -9999 -9999 -9999 -9999 -9999 -9999 -9999 -9999 -9999 -9999 -9999 -9999 -9999 -9999 -9999 -9999 7.34367E-2 8.59811E-2 9.99996E-2 1.12941E-1 1.26159E-1 1.39563E-1 1.65385E-1 2.04105E-1 2.48038E-1 2.94066E-1 3.30225E-1 3.57634E-1 3.73254E-1 2.78837E-1 3.36208E-2 1.75547E-3 1.79953E-3 1.94306E-2 3.92853E-4 5.63491E-5 4.40748E-5 1.51288E-4 2.65105E-6 2.3346E-5 6.06175E-6 2.67657E-6 4.7679E-6 4.88063E-6 6.34519E-6 1.18867E-5 5.46275E-5 8.08034E-5 4.83159E-4 8.90479E-4 1.03408E-3 1.10744E-3 9.95143E-4 4.1397E-4 5.65615E-5 5.32846E-5 5.17081E-5 1.32451E-4 2.43864E-4 3.54553E-4 9.03928E-4 9.82774E-4 1.69092E-3 8.99143E-4
-9999 -9999 -9999 -9999 -9999 -9999 -9999 -9999 -9999 -9999 -9999 -9999 -9999 -9999 -9999 -9999 -9999 -9999 -9999 -9999 -9999 -9999 -9999 -9999 9.42415E-2 1.06009E-1 1.18033E-1 1.35179E-1 1.57325E-1 1.8803E-1 2.26655E-1 2.59882E-1 2.96243E-1 3.21436E-1 3.43915E-1 3.21146E-1 1.86459E-1 7.81667E-2 1.36661E-1 7.1957E-2 2.51728E-3 2.08112E-4 2.7244E-5 5.76128E-4 1.63561E-6 1.24515E-6 5.34734E-6 4.69701E-6 2.80019E-6 7.38055E-6 3.84615E-6 3.09606E-6 2.09306E-5 4.8381E-5 6.15828E-5 3.90127E-4 1.21636E-3 1.28665E-3 1.30077E-3 9.30675E-4 4.24703E-4 2.37514E-4 1.87485E-4 2.23584E-4 3.14235E-4 3.83265E-4 8.78969E-4 1.40281E-3 1.11523E-3 1.64393E-3
-9999 -9999 -9999 -9999 -9999 -9999 -9999 -9999 -9999 -9999 -9999 -9999 -9999 -9999 -9999 -9999 -9999 -9999 -9999 -9999 -9999 -9999 -9999 -9999 9.25634E-2 1.03565E-1 1.1716E-1 1.3417E-1 1.54162E-1 1.77411E-1 2.07957E-1 2.38151E-1 2.67853E-1 2.9217E-1 3.20548E-1 3.31471E-1 3.09441E-1 2.40941E-1 1.65011E-1 1.29633E-1 6.03455E-2 2.72552E-4 7.61816E-6 9.79159E-5 3.94072E-4 5.2052E-6 7.93224E-7 7.20958E-6 1.61316E-5 2.96065E-6 4.69175E-6 4.17882E-6 2.17276E-7 1.16392E-6 2.80626E-6 1.74451E-5 4.16673E-5 4.3765E-4 9.57925E-4 1.14551E-3 1.06282E-3 6.38972E-4 3.76698E-4 1.05681E-4 3.41115E-5 8.57655E-5 3.49486E-4 8.62372E-4 1.35072E-3 1.26291E-3
-9999 -9999 -9999 -9999 -9999 -9999 -9999 -9999 -9999 -9999 -9999 -9999 -9999 -9999 -9999 -9999 -9999 -9999 -9999 -9999 -9999 -9999 -9999 -9999 9.30431E-2 1.05638E-1 1.16183E-1 1.30177E-1 1.48205E-1 1.67365E-1 1.89787E-1 2.17229E-1 2.46079E-1 2.63861E-1 2.87984E-1 3.08708E-1 3.01049E-1 3.08495E-1 2.13264E-1 1.47684E-1 4.25074E-2 2.7092E-3 3.30608E-4 2.16223E-4 9.60508E-5 1.83367E-4 7.89825E-6 7.47112E-5 6.64676E-5 1.93159E-5 4.31141E-5 4.3945E-6 9.86775E-6 1.04277E-5 2.53056E-5 6.66906E-6 3.69743E-6 3.18773E-5 1.80921E-4 5.64241E-4 1.09736E-3 1.13038E-3 3.33149E-4 4.56495E-5 4.29708E-6 4.93727E-6 5.3252E-5 9.91818E-5 2.14165E-4 1.29297E-3
-9999 -9999 -9999 -9999 -9999 -9999 -9999 -9999 -9999 -9999 -9999 -9999 -9999 -9999 -9999 -9999 -9999 -9999 -9999 -9999 -9999 -9999 -9999 -9999 -9999 1.05928E-1 1.12488E-1 1.23179E-1 1.40607E-1 1.54449E-1 -9999 -9999 2.19102E-1 2.40085E-1 2.61649E-1 2.86359E-1 2.93388E-1 2.84661E-1 2.5055E-1 1.78909E-1 6.66531E-2 6.40832E-3 2.74606E-2 2.32297E-2 1.21369E-2 1.14344E-4 2.2869E-5 9.61449E-7 4.84577E-5 6.44061E-5 8.6725E-6 2.79449E-5 7.1478E-6 1.09498E-5 3.07386E-5 5.02851E-5 1.08586E-5 3.24949E-6 4.36958E-5 2.64566E-4 8.5066E-4 1.40681E-3 9.00109E-4 2.82644E-4 7.08962E-5 2.87823E-5 2.05137E-5 3.34695E-6 1.04217E-5 2.37017E-4
-9999 -9999 -9999 -9999 -9999 -9999 -9999 -9999 -9999 -9999 -9999 -9999 -9999 -9999 -9999 -9999 -9999 -9999 -9999 -9999 -9999 -9999 -9999 -9999 -9999 -9999 1.08641E-1 1.20447E-1 1.33245E-1 1.42108E-1 -9999 1.82806E-1 1.98682E-1 2.15133E-1 2.36222E-1 2.53372E-1 2.65468E-1 2.6836E-1 2.42306E-1 2.05186E-1 1.43907E-1 1.28366E-1 8.23796E-2 7.33932E-2 5.15673E-2 1.28845E-2 2.14192E-4 1.9053E-5 2.59755E-5 3.44156E-4 4.36836E-4 8.21569E-5 2.15201E-5 1.16435E-5 8.37996E-5 2.53752E-4 1.20835E-4 2.02442E-5 5.90096E-6 2.13987E-5 3.453E-4 1.6229E-3 1.7951E-3 1.05958E-3 5.26352E-4 2.24123E-4 1.37161E-4 2.56042E-5 2.28426E-5 2.01287E-4
-9999 -9999 -9999 -9999 -9999 -9999 -9999 -9999 -9999 -9999 -9999 -9999 -9999 -9999 -9999 -9999 -9999 -9999 -9999 -9999 -9999 -9999 -9999 -9999 -9999 -9999 -9999 1.1379E-1 1.24559E-1 1.33245E-1 -9999 -9999 -9999 1.93019E-1 -9999 -9999 -9999 2.41182E-1 2.3078E-1 1.82226E-1 1.55566E-1 1.23983E-1 8.7292E-2 3.85599E-2 4.17292E-2 2.00718E-2 1.36923E-3 7.81864E-4 2.16223E-4 1.82558E-4 1.62806E-3 1.9458E-3 5.90806E-4 2.20785E-4 4.58643E-4 2.73828E-4 8.18764E-5 8.42468E-5 4.82964E-5 1.43669E-5 8.30415E-5 7.13368E-4 1.59532E-3 1.64596E-3 1.32336E-3 7.55455E-4 4.76134E-4 3.55818E-4 2.97063E-4 1.40643E-4
-9999 -9999 -9999 -9999 -9999 -9999 -9999 -9999 -9999 -9999 -9999 -9999 -9999 -9999 -9999 -9999 -9999 -9999 -9999 -9999 -9999 -9999 -9999 -9999 -9999 -9999 -9999 -9999 -9999 -9999 -9999 -9999 -9999 -9999 -9999 -9999 -9999 2.16022E-1 2.13455E-1 2.01966E-1 1.75109E-1 1.415E-1 9.93755E-2 4.26858E-2 3.99447E-2 2.10712E-2 1.30886E-4 3.21315E-4 2.75022E-4 1.14707E-4 1.43796E-3 3.16577E-3 3.08749E-3 1.6527E-3 3.96769E-4 2.89567E-4 4.77592E-4 7.84344E-5 5.02259E-5 5.8832E-5 1.59411E-4 5.60099E-4 1.23158E-3 1.36334E-3 1.11946E-3 9.03107E-4 6.96049E-4 4.80818E-4 4.34308E-4 1.72888E-4
-9999 -9999 -9999 -9999 -9999 -9999 -9999 -9999 -9999 -9999 -9999 -9999 -9999 -9999 -9999 -9999 -9999 -9999 -9999 -9999 -9999 -9999 -9999 -9999 -9999 -9999 -9999 -9999 -9999 -9999 -9999 -9999 -9999 -9999 -9999 -9999 -9999 -9999 1.9095E-1 1.94412E-1 1.8318E-1 1.68615E-1 1.49108E-1 1.2332E-1 7.13177E-2 5.94072E-2 9.10951E-3 6.47835E-5 1.92382E-4 7.61733E-5 6.34878E-4 1.0108E-3 1.67131E-3 3.61504E-3 2.34532E-3 2.86612E-3 2.49624E-3 2.80978E-3 2.71677E-3 1.09309E-3 2.77086E-4 7.60671E-4 1.11883E-3 7.28525E-4 3.49761E-4 6.17037E-4 8.9169E-4 1.01993E-3 7.77521E-4 4.71225E-4
-9999 -9999 -9999 -9999 -9999 -9999 -9999 -9999 -9999 -9999 -9999 -9999 -9999 -9999 -9999 -9999 -9999 -9999 -9999 -9999 -9999 -9999 -9999 -9999 -9999 -9999 -9999 -9999 -9999 -9999 -9999 -9999 -9999 -9999 -9999 -9999 -9999 -9999 -9999 1.79189E-1 1.76684E-1 1.70146E-1 1.65761E-1 1.43345E-1 1.14579E-1 5.41388E-2 4.86572E-2 1.65327E-3 4.03582E-5 7.2945E-4 1.34672E-3 4.53517E-3 2.6526E-3 2.50472E-3 3.68675E-3 4.35443E-3 3.93373E-3 2.4383E-3 2.21682E-3 1.85523E-3 2.55185E-3 2.34936E-4 5.7368E-4 1.5471E-4 3.28505E-4 4.92611E-4 6.20071E-4 1.12208E-3 1.18245E-3 9.03906E-4
