KUENM/Final_Models/M_0.1_F_lq_Set_2_EC/sp1_3_se_asia.asc
ncols         320
nrows         243
xllcorner     44.0
yllcorner     -0.666666666666667
cellsize      0.166666666666667
NODATA_value  -9999
[rows 0 to 30 of 243, columns 0 to 69 of 320]
-9999 -9999 -9999 2.55934E-4 -9999 -9999 -9999 -9999 -9999 -9999 -9999 -9999 -9999 -9999 -9999 -9999 -9999 -9999 -9999 -9999 -9999 -9999 -9999 -9999 -9999 -9999 -9999 -9999 -9999 -9999 -9999 -9999 -9999 -9999 -9999 -9999 -9999 -9999 -9999 -9999 -9999 -9999 -9999 -9999 -9999 -9999 -9999 -9999 -9999 -9999 -9999 -9999 -9999 -9999 -9999 -9999 -9999 -9999 -9999 -9999 -9999 -9999 -9999 -9999 -9999 -9999 -9999 -9999 -9999 -9999
-9999 -9999 -9999 2.60997E-5 3.26353E-4 -9999 -9999 -9999 -9999 -9999 -9999 -9999 -9999 -9999 -9999 -9999 -9999 -9999 -9999 -9999 -9999 -9999 1.33123E-3 8.4123E-4 9.52967E-4 -9999 -9999 -9999 -9999 -9999 -9999 -9999 -9999 -9999 -9999 -9999 -9999 -9999 -9999 -9999 -9999 -9999 -9999 -9999 -9999 -9999 -9999 -9999 -9999 -9999 -9999 -9999 -9999 -9999 -9999 -9999 -9999 -9999 -9999 -9999 -9999 -9999 -9999 -9999 -9999 -9999 -9999 -9999 -9999 -9999
-9999 -9999 1.28869E-5 1.30104E-5 3.81441E-5 5.22764E-4 -9999 -9999 -9999 -9999 -9999 -9999 -9999 -9999 -9999 -9999 -9999 -9999 -9999 -9999 3.05571E-3 1.92435E-3 1.45424E-3 1.23677E-3 1.38829E-3 2.1835E-3 -9999 -9999 -9999 -9999 -9999 -9999 -9999 -9999 -9999 -9999 -9999 -9999 -9999 -9999 -9999 -9999 -9999 -9999 -9999 -9999 -9999 -9999 -9999 -9999 -9999 -9999 -9999 -9999 -9999 -9999 -9999 -9999 -9999 -9999 -9999 -9999 -9999 -9999 -9999 -9999 -9999 -9999 -9999 -9999
2.14318E-8 8.39367E-8 5.48393E-7 1.09559E-5 2.73217E-4 4.91589E-4 8.08281E-4 -9999 -9999 -9999 -9999 -9999 -9999 -9999 -9999 -9999 -9999 -9999 4.66852E-3 2.61753E-3 2.08903E-3 1.7825E-3 8.85539E-4 1.03548E-3 1.73362E-3 -9999 -9999 -9999 -9999 -9999 -9999 -9999 -9999 -9999 -9999 -9999 -9999 -9999 -9999 -9999 -9999 -9999 -9999 -9999 -9999 -9999 -9999 -9999 -9999 -9999 -9999 -9999 -9999 -9999 -9999 -9999 -9999 -9999 -9999 -9999 -9999 -9999 -9999 -9999 -9999 -9999 -9999 -9999 -9999 -9999
-9999 6.01641E-9 6.57282E-7 5.27608E-7 2.11642E-6 9.17886E-5 3.48262E-4 4.51792E-4 -9999 -9999 -9999 -9999 -9999 -9999 -9999 -9999 -9999 2.13173E-3 7.62945E-4 7.89292E-4 1.15617E-3 1.51847E-3 6.41629E-4 7.64629E-4 1.15997E-3 1.98364E-3 -9999 -9999 -9999 -9999 -9999 -9999 -9999 -9999 -9999 -9999 -9999 -9999 -9999 -9999 -9999 -9999 -9999 -9999 -9999 -9999 -9999 -9999 -9999 -9999 -9999 -9999 -9999 -9999 -9999 -9999 -9999 -9999 -9999 -9999 -9999 -9999 -9999 -9999 -9999 -9999 -9999 -9999 -9999 -9999
-9999 1.41547E-8 4.24394E-8 9.11605E-8 2.87479E-6 3.62552E-5 1.97282E-4 8.68647E-5 7.45577E-5 8.68317E-4 1.01264E-3 -9999 -9999 -9999 -9999 -9999 3.20541E-4 5.73616E-5 5.769E-5 2.21379E-5 2.41135E-4 3.11302E-4 4.67659E-5 2.18309E-5 -9999 -9999 -9999 -9999 -9999 -9999 -9999 -9999 -9999 -9999 -9999 -9999 -9999 -9999 -9999 -9999 -9999 -9999 -9999 -9999 -9999 -9999 -9999 -9999 -9999 -9999 -9999 -9999 -9999 -9999 -9999 -9999 -9999 -9999 -9999 -9999 -9999 -9999 -9999 -9999 -9999 -9999 -9999 -9999 -9999 -9999
-9999 -9999 3.3875E-9 1.51996E-7 4.16992E-7 5.56935E-6 1.13449E-4 5.08395E-4 1.26372E-4 2.85103E-5 1.55241E-6 2.95061E-6 9.41096E-5 2.88368E-4 1.2712E-5 8.48627E-6 9.3992E-7 3.04583E-7 7.43357E-6 3.97306E-6 1.47618E-4 1.32535E-4 2.63401E-5 3.47819E-5 2.46829E-6 -9999 -9999 -9999 -9999 -9999 -9999 -9999 -9999 -9999 -9999 -9999 -9999 -9999 -9999 -9999 -9999 -9999 -9999 -9999 -9999 -9999 -9999 -9999 -9999 -9999 -9999 -9999 -9999 -9999 -9999 -9999 -9999 -9999 -9999 -9999 -9999 -9999 -9999 -9999 -9999 -9999 -9999 -9999 -9999 -9999
-9999 -9999 4.97262E-9 5.75275E-9 4.32438E-6 1.67055E-4 2.92223E-4 3.99395E-4 1.55896E-4 1.10037E-4 5.33765E-5 2.56586E-7 1.02083E-7 1.97436E-5 5.52446E-6 3.67139E-6 2.75762E-6 4.17301E-6 4.67198E-6 1.25371E-5 1.18187E-4 5.21033E-4 2.42369E-4 1.39457E-4 2.17957E-5 4.35325E-6 9.40393E-7 -9999 -9999 -9999 -9999 -9999 -9999 -9999 -9999 -9999 -9999 -9999 -9999 -9999 -9999 -9999 -9999 -9999 -9999 -9999 -9999 -9999 -9999 -9999 -9999 -9999 -9999 -9999 -9999 -9999 -9999 -9999 -9999 -9999 -9999 -9999 -9999 -9999 -9999 -9999 -9999 -9999 -9999 -9999
-9999 -9999 4.05786E-8 4.60554E-8 3.72486E-6 1.50933E-4 3.97793E-5 4.61494E-6 3.45968E-5 3.11519E-5 5.80359E-5 3.0276E-5 3.48227E-6 8.34496E-7 1.78267E-7 8.52659E-7 2.78563E-6 1.30236E-5 1.32204E-5 2.59391E-5 1.55263E-4 1.58583E-4 7.58594E-6 5.21144E-7 7.21921E-6 1.33092E-5 1.07754E-5 -9999 1.14072E-3 -9999 -9999 -9999 -9999 -9999 -9999 -9999 -9999 -9999 -9999 -9999 -9999 -9999 -9999 -9999 -9999 -9999 -9999 -9999 -9999 -9999 -9999 -9999 -9999 -9999 -9999 -9999 -9999 -9999 -9999 -9999 -9999 -9999 -9999 -9999 -9999 -9999 -9999 -9999 -9999 -9999
-9999 -9999 7.74689E-9 3.71546E-7 2.93507E-5 9.64139E-5 1.30586E-4 1.81445E-4 7.34368E-5 2.73338E-6 3.64603E-6 9.1746E-5 7.6109E-5 5.57513E-5 9.83372E-6 1.29071E-5 8.81562E-6 3.39889E-5 2.73338E-6 1.95636E-7 9.76022E-8 2.85908E-8 8.48368E-11 3.03227E-10 2.58166E-6 1.55033E-5 2.53856E-5 2.31544E-5 6.33875E-4 -9999 -9999 -9999 -9999 -9999 -9999 -9999 -9999 -9999 -9999 -9999 -9999 -9999 -9999 -9999 -9999 -9999 -9999 -9999 -9999 -9999 -9999 -9999 -9999 -9999 -9999 -9999 -9999 -9999 -9999 -9999 -9999 -9999 -9999 -9999 -9999 -9999 -9999 -9999 -9999 -9999
-9999 -9999 2.41142E-8 2.76854E-6 6.78602E-6 1.96013E-5 6.69101E-5 2.60537E-4 2.94907E-4 2.57949E-4 2.5321E-4 2.81571E-4 2.5321E-4 1.4957E-4 3.80996E-5 2.95117E-5 3.13125E-5 3.10515E-5 2.41622E-5 6.87741E-6 8.19452E-7 2.9922E-7 4.15949E-8 6.80772E-7 7.07603E-6 9.62492E-6 1.24213E-5 3.04235E-7 2.14043E-4 -9999 -9999 -9999 -9999 -9999 -9999 -9999 -9999 -9999 -9999 -9999 -9999 -9999 -9999 -9999 -9999 -9999 -9999 -9999 -9999 -9999 -9999 -9999 -9999 -9999 -9999 -9999 -9999 -9999 -9999 -9999 -9999 -9999 -9999 -9999 -9999 -9999 -9999 -9999 -9999 1.20743E-2
-9999 2.78683E-8 3.27931E-8 4.09952E-7 1.1245E-6 9.9242E-6 3.34726E-4 4.01717E-4 2.13219E-4 2.51452E-4 3.33755E-4 2.97621E-4 6.64916E-5 7.79692E-6 1.99338E-6 1.68624E-6 5.24725E-6 1.03353E-5 1.34227E-5 2.024E-5 1.47608E-5 1.4132E-5 2.67823E-6 8.76872E-7 3.20931E-6 9.36302E-6 3.88856E-6 1.18085E-7 3.56535E-4 3.09166E-4 -9999 -9999 -9999 -9999 -9999 -9999 -9999 -9999 -9999 -9999 -9999 -9999 -9999 -9999 -9999 -9999 -9999 -9999 -9999 -9999 -9999 -9999 -9999 -9999 -9999 -9999 -9999 -9999 -9999 -9999 -9999 -9999 -9999 -9999 -9999 -9999 -9999 1.87536E-2 1.9435E-2 1.73926E-2
-9999 -9999 -9999 6.36435E-7 4.23815E-6 1.27433E-5 3.0117E-4 4.47518E-4 3.24617E-4 3.13759E-4 4.12757E-4 1.82776E-4 6.26308E-6 3.11194E-8 2.71751E-9 4.0376E-8 3.33205E-6 4.35325E-6 1.5265E-6 2.6863E-6 4.99402E-7 3.48114E-7 2.83808E-7 5.88791E-6 2.37267E-6 4.84276E-5 7.34071E-6 9.84109E-7 8.84746E-4 7.0149E-4 -9999 -9999 -9999 -9999 -9999 -9999 -9999 -9999 -9999 -9999 -9999 -9999 -9999 -9999 -9999 -9999 -9999 -9999 -9999 -9999 -9999 -9999 -9999 -9999 -9999 -9999 -9999 -9999 -9999 -9999 -9999 -9999 -9999 -9999 -9999 2.01269E-2 2.14398E-2 1.70958E-2 1.24691E-2 8.15306E-3
-9999 -9999 -9999 -9999 1.5929E-6 2.41662E-5 4.06748E-4 4.38879E-4 5.09558E-4 4.26038E-4 3.27364E-4 6.06833E-5 2.14048E-6 4.71271E-7 1.31632E-7 4.42964E-7 6.87741E-6 1.16844E-5 1.15856E-5 2.6948E-5 3.57469E-5 7.24607E-5 1.51492E-4 1.57387E-4 3.42713E-5 2.35551E-4 1.71342E-5 5.23071E-6 8.05054E-5 4.39732E-3 1.26389E-4 -9999 -9999 -9999 -9999 -9999 -9999 -9999 -9999 -9999 -9999 -9999 -9999 -9999 -9999 -9999 -9999 -9999 -9999 -9999 -9999 -9999 -9999 -9999 -9999 -9999 -9999 -9999 -9999 -9999 -9999 -9999 -9999 -9999 -9999 2.91591E-2 2.93519E-2 2.10489E-2 1.96186E-2 1.7206E-2
-9999 -9999 -9999 -9999 7.54003E-8 1.53879E-5 8.97297E-5 4.4404E-4 5.15262E-4 4.32111E-4 5.38672E-4 4.54805E-4 1.54521E-4 4.88257E-5 9.6755E-6 7.22697E-6 2.45663E-5 5.42377E-5 5.46869E-5 2.41622E-5 4.88257E-5 3.51535E-4 1.10657E-3 2.53108E-4 6.37558E-5 5.78375E-4 9.26468E-5 5.20918E-7 9.90564E-6 1.2632E-3 1.6603E-3 1.55866E-5 1.60713E-6 2.05787E-6 9.80893E-6 3.8866E-5 -9999 -9999 -9999 -9999 -9999 -9999 -9999 -9999 -9999 -9999 -9999 -9999 -9999 -9999 -9999 -9999 -9999 -9999 -9999 -9999 -9999 -9999 -9999 -9999 -9999 -9999 -9999 4.10795E-2 4.48564E-2 4.96807E-2 5.0408E-2 4.57749E-2 4.26817E-2 1.45175E-2
-9999 -9999 -9999 -9999 -9999 2.5185E-5 4.73186E-6 3.65955E-5 4.69981E-4 5.66972E-4 6.12656E-4 5.86042E-4 4.03216E-4 7.01432E-5 3.09557E-5 1.99926E-5 8.60649E-6 1.96733E-5 1.95147E-5 2.90324E-5 8.70399E-5 2.03999E-4 8.47644E-4 4.96465E-4 8.70399E-5 3.16332E-4 1.86882E-3 2.86185E-4 8.22176E-5 4.42956E-5 8.05303E-3 1.91173E-4 2.84705E-5 1.86329E-5 4.04077E-5 9.29723E-5 2.01722E-4 2.64597E-4 -9999 -9999 -9999 -9999 -9999 -9999 -9999 -9999 -9999 -9999 -9999 -9999 -9999 -9999 -9999 -9999 -9999 -9999 -9999 -9999 -9999 -9999 3.79361E-2 4.81747E-2 5.95463E-2 6.85432E-2 7.36871E-2 7.34556E-2 7.79426E-2 6.63909E-2 2.81343E-2 2.11099E-3
-9999 -9999 -9999 -9999 -9999 3.03364E-7 1.39911E-5 2.79066E-5 2.46872E-4 6.02759E-4 7.33277E-4 6.95359E-4 6.62727E-4 2.42421E-4 8.53909E-5 7.21959E-6 1.88333E-6 2.44906E-6 1.78566E-5 4.75238E-5 2.10157E-4 6.20654E-4 1.62995E-3 1.31921E-3 3.95691E-4 4.31961E-5 7.96991E-5 1.50771E-3 6.22986E-3 6.457E-5 4.38728E-4 1.15693E-2 1.74796E-3 1.28485E-3 1.0907E-3 5.47792E-3 3.79026E-3 1.10724E-3 5.92075E-4 -9999 -9999 -9999 -9999 -9999 -9999 -9999 -9999 -9999 -9999 -9999 -9999 -9999 -9999 -9999 -9999 -9999 -9999 -9999 -9999 -9999 7.33075E-2 8.97624E-2 1.07986E-1 1.13927E-1 1.07911E-1 1.03929E-1 8.40803E-2 2.52549E-2 1.92345E-3 1.42161E-4
-9999 -9999 -9999 -9999 -9999 1.37574E-7 3.59682E-5 1.18361E-4 1.8446E-4 3.62884E-4 7.80506E-4 5.08685E-4 8.5304E-4 6.33282E-4 2.56712E-4 2.75224E-5 3.77976E-6 6.87402E-7 7.57744E-7 2.50696E-6 8.73213E-5 4.47897E-4 4.56886E-4 3.93042E-4 6.1429E-4 2.71314E-4 1.05101E-5 1.81091E-6 3.58796E-3 2.5809E-2 9.898E-4 2.14915E-4 1.40044E-2 1.72204E-2 3.15485E-3 8.04801E-4 4.33042E-4 2.75914E-3 4.247E-4 6.25145E-3 -9999 -9999 -9999 -9999 -9999 -9999 -9999 -9999 -9999 -9999 -9999 -9999 -9999 -9999 -9999 -9999 -9999 -9999 -9999 -9999 1.13559E-1 1.36628E-1 1.55312E-1 1.51567E-1 8.66813E-2 4.40889E-2 2.20588E-3 2.08044E-4 2.87188E-4 3.39465E-5
-9999 -9999 -9999 -9999 -9999 -9999 2.02506E-5 3.40324E-4 3.54738E-5 4.99572E-5 1.69801E-4 4.74153E-5 5.4894E-4 4.41472E-4 4.1707E-4 1.67564E-4 3.0345E-6 2.10338E-7 4.3904E-7 1.87566E-7 6.37549E-7 3.603E-5 1.07372E-4 7.76885E-6 3.96816E-5 4.30587E-4 2.18688E-4 1.41153E-5 8.10029E-6 8.80136E-4 2.40061E-2 3.10699E-2 3.33509E-2 1.58417E-3 4.19006E-4 6.21487E-5 2.59424E-5 1.83944E-5 5.26724E-7 3.60463E-5 9.3197E-3 4.31848E-3 -9999 -9999 -9999 -9999 -9999 -9999 -9999 -9999 -9999 -9999 -9999 8.66799E-2 9.9972E-2 1.07084E-1 1.13139E-1 1.14E-1 9.46262E-2 9.90267E-2 4.78838E-2 2.20097E-2 9.71093E-3 2.65884E-3 2.8495E-4 2.42756E-5 5.4761E-5 1.82941E-5 9.09105E-5 4.47798E-4
-9999 -9999 -9999 -9999 -9999 -9999 2.6567E-6 3.02916E-4 1.29868E-5 8.5326E-5 1.03447E-4 5.55361E-5 4.90152E-4 4.93742E-4 1.14589E-4 2.37884E-4 1.40832E-5 2.73916E-6 1.484E-5 1.35033E-6 1.30233E-6 9.72456E-5 3.68206E-4 7.36559E-5 1.6944E-5 4.59772E-5 6.10899E-5 1.33229E-4 7.48405E-5 1.32794E-5 2.87329E-5 5.47694E-4 3.33951E-2 2.45634E-2 6.0152E-3 1.45101E-3 1.20073E-3 9.34232E-5 3.68025E-7 3.17534E-8 9.71325E-6 1.50879E-4 2.76455E-3 7.67119E-3 1.26183E-2 1.36009E-2 1.32196E-2 1.14722E-2 1.7694E-2 2.56618E-2 3.61272E-2 5.61201E-2 7.68038E-2 8.77237E-2 9.01761E-2 7.23584E-2 4.39528E-2 1.29552E-2 1.36739E-3 3.78794E-4 3.63746E-5 1.25614E-5 4.00774E-7 3.26983E-7 1.24827E-7 1.12677E-5 2.38703E-4 2.62709E-4 8.90067E-4 1.81388E-3
-9999 -9999 -9999 -9999 -9999 -9999 1.61557E-4 1.11854E-4 3.52645E-4 8.23963E-5 2.24438E-4 5.0086E-4 5.00025E-4 2.30893E-4 2.39792E-4 2.65003E-4 8.07434E-5 3.44225E-5 4.30943E-5 1.06191E-6 8.46587E-7 2.54389E-5 7.67909E-5 2.53613E-4 6.42372E-5 2.17231E-4 7.68313E-5 2.21771E-5 7.07029E-5 9.33264E-5 1.32596E-5 9.37591E-5 7.39242E-4 9.72002E-4 2.52716E-4 1.30203E-4 6.34275E-5 2.81571E-4 2.92758E-4 1.79048E-5 2.19807E-7 2.16753E-9 8.53236E-8 8.82172E-4 8.81148E-4 1.31546E-4 1.48047E-4 2.11248E-3 2.21043E-2 3.35104E-2 4.07356E-2 6.49733E-2 7.33386E-2 6.60731E-2 4.64144E-2 3.47369E-2 1.1132E-2 1.43191E-3 1.49503E-4 1.23932E-5 1.29597E-5 1.09623E-5 4.9005E-7 2.47409E-6 3.63974E-5 2.72923E-4 6.02263E-4 3.78164E-4 7.19808E-4 1.12869E-3
-9999 -9999 -9999 -9999 -9999 -9999 -9999 -9999 1.13295E-3 2.24608E-3 1.10701E-4 2.03954E-4 1.26611E-4 2.35402E-4 3.55539E-4 3.8406E-4 2.67425E-5 6.90704E-6 8.69982E-6 2.21147E-5 2.76202E-5 8.05054E-5 2.93708E-4 6.29739E-4 6.84527E-4 1.05858E-4 9.98906E-5 1.34924E-4 4.53079E-5 1.11583E-5 1.91683E-4 1.30061E-4 1.26636E-4 4.98224E-4 2.15663E-3 2.87349E-3 2.51481E-3 7.26747E-4 4.20658E-5 4.9918E-6 1.81362E-7 9.87719E-8 1.32694E-7 2.6594E-6 4.51391E-8 2.35397E-7 1.66376E-6 5.34962E-7 6.24537E-6 1.66766E-4 1.22351E-2 2.67128E-2 5.30793E-2 4.02209E-2 1.52652E-2 1.5948E-2 5.93238E-3 6.43553E-4 1.57689E-4 1.31545E-5 9.93086E-5 4.74022E-4 1.33499E-3 1.90637E-3 2.04485E-3 1.04751E-3 3.82457E-4 1.90671E-4 1.17834E-4 9.00814E-5
-9999 -9999 -9999 -9999 -9999 -9999 -9999 -9999 1.29723E-3 7.21726E-3 1.20795E-3 9.79783E-5 4.16757E-5 1.01404E-4 1.79577E-4 9.73032E-5 1.48964E-5 1.36814E-5 3.38543E-5 7.17046E-5 1.15298E-4 1.43978E-4 3.85021E-4 5.43884E-4 8.58444E-4 5.68508E-4 5.5854E-5 5.00305E-5 1.14053E-4 2.51685E-5 3.83928E-5 4.34693E-4 7.81126E-4 8.65772E-4 3.53024E-3 4.15933E-3 4.6836E-3 4.40268E-3 2.28537E-3 2.33903E-4 1.46946E-5 1.05629E-6 8.42922E-8 2.29535E-7 6.20823E-9 1.33299E-9 2.93559E-8 2.07165E-9 5.96521E-8 1.04836E-4 5.54735E-6 1.89124E-6 5.05615E-5 1.16633E-3 3.31208E-3 1.14073E-3 1.35938E-4 3.95829E-5 2.97314E-5 7.11951E-5 1.09941E-3 3.67852E-3 4.73994E-3 4.70183E-3 4.09067E-3 2.98683E-3 1.86036E-3 1.07292E-3 3.47186E-4 2.43865E-4
-9999 -9999 -9999 -9999 -9999 -9999 -9999 -9999 -9999 -9999 1.59564E-3 7.70567E-4 4.34253E-5 1.10217E-4 1.04416E-4 3.64516E-5 1.2165E-5 4.57693E-5 9.38869E-5 1.46344E-4 1.38204E-4 7.68847E-5 2.09113E-4 4.84148E-4 4.68951E-4 6.20654E-4 2.11709E-4 5.65038E-5 1.6477E-4 1.43663E-4 4.2853E-5 4.25011E-5 5.95041E-4 2.03493E-3 3.26829E-3 4.29548E-3 4.74243E-3 5.33278E-3 5.38424E-3 3.96348E-3 1.99532E-3 4.0608E-4 1.57351E-5 6.48716E-7 1.60004E-7 1.33498E-6 1.19913E-7 8.30014E-8 1.16095E-8 3.0787E-6 8.0098E-9 2.87898E-8 7.01525E-7 6.78792E-6 3.74343E-5 1.69707E-6 1.19736E-6 1.50518E-5 7.16368E-5 6.66542E-4 1.98743E-3 3.93567E-3 5.28435E-3 4.95596E-3 4.52426E-3 4.12386E-3 3.75315E-3 2.63371E-3 1.09062E-3 1.09062E-3
-9999 -9999 -9999 -9999 -9999 -9999 -9999 -9999 -9999 -9999 -9999 -9999 -9999 -9999 3.16513E-5 3.68461E-6 2.02609E-5 3.21755E-5 4.44766E-5 4.71642E-5 9.58019E-5 7.88097E-5 9.64811E-5 1.76706E-4 1.87034E-4 3.26012E-4 2.07068E-4 1.22773E-4 4.26748E-5 1.23451E-5 1.04996E-4 2.5119E-4 2.4768E-4 1.3342E-4 5.59588E-4 2.17099E-3 3.20955E-3 3.76187E-3 3.68401E-3 2.85818E-3 3.38417E-3 3.1026E-3 1.19629E-3 1.08432E-3 1.57626E-3 4.83148E-4 1.59431E-4 1.97871E-5 2.12028E-6 2.7621E-8 4.29039E-7 1.35234E-5 2.97802E-5 5.85148E-6 1.634E-6 7.76499E-6 6.69471E-5 1.12381E-4 9.1049E-5 1.9294E-4 5.146E-4 3.04995E-3 4.15685E-3 5.08309E-3 3.11751E-3 3.62627E-3 2.11595E-3 1.40455E-3 6.54338E-4 1.42485E-3
-9999 -9999 -9999 -9999 -9999 -9999 -9999 -9999 -9999 -9999 -9999 -9999 1.83655E-3 1.64778E-3 4.47632E-4 1.8303E-4 2.8388E-5 2.22357E-5 1.35857E-4 7.26056E-5 5.13513E-5 1.05832E-4 2.43869E-4 1.38557E-4 9.7922E-5 1.73188E-4 1.06729E-4 3.72575E-5 2.45199E-5 1.42876E-5 5.22688E-6 1.85063E-5 2.10785E-5 4.49318E-5 1.08572E-4 1.19729E-4 2.37505E-4 5.55066E-4 4.55287E-4 1.58595E-3 3.63182E-3 4.84324E-3 6.71578E-3 7.9602E-3 7.29962E-3 2.10269E-3 1.20354E-3 1.72395E-4 4.13855E-5 4.88301E-5 3.7853E-5 5.73806E-5 1.98983E-6 2.75436E-6 9.51519E-5 1.25961E-3 4.07614E-3 3.0777E-3 8.01425E-4 5.48296E-4 9.40293E-4 2.6478E-3 3.02233E-3 2.48921E-3 2.48921E-3 3.92982E-3 2.45379E-3 1.33862E-3 2.98757E-3 6.1243E-3
-9999 -9999 -9999 -9999 -9999 -9999 -9999 -9999 -9999 -9999 -9999 -9999 1.37101E-3 3.61056E-3 1.87485E-4 8.22728E-4 2.2394E-4 3.33762E-4 1.79221E-4 9.67932E-5 1.72499E-4 2.31741E-4 2.78827E-4 8.37319E-5 5.1889E-5 8.08587E-5 1.40152E-4 1.42289E-4 1.09363E-4 5.49761E-5 5.53048E-5 1.22472E-5 3.9294E-6 3.93231E-6 1.1787E-5 6.18536E-5 2.52668E-4 1.07421E-3 1.28186E-3 1.47644E-3 2.76199E-3 5.3405E-3 7.29962E-3 7.14525E-3 6.81897E-3 5.34108E-3 3.25534E-3 2.15387E-3 1.10379E-3 2.58378E-4 2.13104E-4 5.25144E-5 4.34862E-5 2.63104E-4 2.18809E-3 5.61807E-3 8.30175E-3 6.43594E-3 3.93532E-3 1.62E-3 8.54002E-4 1.31779E-3 7.77673E-4 3.87423E-4 9.6367E-4 6.60075E-3 1.28821E-2 9.27621E-3 1.07385E-2 1.36462E-2
-9999 -9999 -9999 -9999 -9999 -9999 -9999 -9999 -9999 -9999 -9999 -9999 -9999 5.86922E-4 1.2721E-3 7.30241E-4 4.4976E-5 4.84032E-4 2.6324E-4 6.62053E-5 1.96572E-4 2.07186E-4 1.71471E-4 1.8715E-4 3.97785E-5 2.43734E-5 9.76913E-5 2.13248E-4 2.4008E-4 1.60691E-4 1.98593E-4 1.02554E-4 4.60323E-5 3.07697E-5 5.22563E-6 2.51498E-5 2.80167E-5 2.51824E-4 1.59611E-3 1.95055E-3 2.1527E-3 1.8328E-3 5.17876E-3 6.58187E-3 7.41246E-3 6.45138E-3 5.23903E-3 4.11394E-3 2.82184E-3 3.54425E-3 4.08512E-3 6.72299E-3 8.52208E-3 9.32478E-3 9.87737E-3 1.0298E-2 1.25185E-2 1.15248E-2 1.09064E-2 8.80489E-3 5.95816E-3 5.84209E-3 2.61493E-3 6.50111E-3 1.03112E-2 1.401E-2 1.55692E-2 1.45167E-2 1.43135E-2 1.39141E-2
-9999 -9999 -9999 -9999 -9999 -9999 -9999 -9999 -9999 -9999 -9999 1.49192E-1 2.84724E-2 7.57564E-3 2.75429E-4 9.19239E-4 2.88607E-4 1.2516E-3 2.37356E-4 8.78909E-5 1.04681E-4 3.32795E-5 9.9859E-6 1.12468E-4 1.36763E-4 4.32902E-5 7.74012E-5 2.81483E-4 3.44124E-4 4.27457E-4 4.10976E-4 4.02837E-4 3.47426E-4 1.65007E-4 1.07368E-4 5.68944E-4 6.48727E-4 1.32362E-3 4.45607E-3 3.73646E-3 5.01553E-3 6.6716E-3 8.66925E-3 8.04453E-3 8.13564E-3 7.46672E-3 6.55092E-3 7.17589E-3 6.9636E-3 7.60265E-3 8.41481E-3 9.43921E-3 9.03313E-3 8.90111E-3 1.22306E-2 1.20546E-2 1.01732E-2 9.2238E-3 1.079E-2 9.68759E-3 8.16974E-3 1.44427E-2 1.39141E-2 1.58502E-2 1.54086E-2 1.52977E-2 1.41451E-2 1.48659E-2 1.44444E-2 1.4033E-2
-9999 -9999 -9999 -9999 -9999 -9999 -9999 -9999 -9999 -9999 -9999 1.50178E-1 2.51537E-2 1.99539E-3 1.041E-3 1.22201E-4 4.67865E-4 2.92009E-4 3.0037E-4 3.52182E-4 4.13473E-4 2.10745E-4 8.02593E-5 3.8171E-5 6.24598E-5 8.73533E-5 2.99674E-4 2.67369E-4 7.63736E-5 2.67479E-4 3.7053E-4 4.77828E-5 9.27329E-5 2.45301E-4 5.13536E-4 2.60717E-4 1.60479E-3 4.34603E-3 9.03907E-3 8.94322E-3 6.84425E-3 8.32622E-3 9.30683E-3 9.74043E-3 8.80554E-3 8.16974E-3 5.9091E-3 3.61383E-3 7.10982E-3 7.93528E-3 9.51715E-3 1.07997E-2 1.04827E-2 7.40104E-3 7.06912E-3 6.28827E-3 4.54668E-3 6.96138E-3 8.37187E-3 1.19427E-2 1.30475E-2 1.59697E-2 1.57398E-2 1.62024E-2 1.48E-2 1.43743E-2 1.39589E-2 1.37551E-2 1.35538E-2 1.3355E-2
-9999 -9999 -9999 -9999 -9999 -9999 -9999 -9999 -9999 -9999 3.44035E-1 1.89636E-1 4.52634E-2 2.55069E-3 4.33376E-3 3.03957E-3 7.32066E-4 2.55167E-3 2.94026E-4 7.66889E-5 2.87762E-4 1.86093E-4 1.18854E-4 2.45369E-4 1.0862E-3 2.50817E-5 2.95614E-6 4.0062E-5 3.77728E-5 1.20579E-4 4.68149E-4 1.22753E-4 4.89884E-5 8.27192E-5 2.75517E-5 6.40522E-5 1.82715E-5 2.50135E-4 4.41843E-3 7.04358E-3 6.84227E-3 7.60957E-3 8.41481E-3 9.54639E-3 9.50191E-3 9.4447E-3 8.76123E-3 7.87594E-3 5.4135E-3 2.62826E-3 6.95973E-3 8.9213E-3 8.22136E-3 1.03131E-2 1.13267E-2 1.28184E-2 1.38227E-2 1.46689E-2 1.48897E-2 1.5569E-2 1.53397E-2 1.5569E-2 1.46734E-2 1.46734E-2 1.44567E-2 1.34093E-2 1.34093E-2 1.34093E-2 1.28184E-2 1.28184E-2
