KUENM/Final_Models/M_0.1_F_lq_Set_2_EC/sp1_0_se_asia.asc
ncols         320
nrows         243
xllcorner     44.0
yllcorner     -0.666666666666667
cellsize      0.166666666666667
NODATA_value  -9999
[rows 93 to 123 of 243, columns 140 to 209 of 320]
2.31462E-1 2.39679E-1 2.49629E-1 2.57964E-1 2.69767E-1 2.83399E-1 3.00893E-1 3.14742E-1 3.18274E-1 3.23282E-1 3.26823E-1 3.30364E-1 3.33904E-1 3.40637E-1 3.47716E-1 3.61437E-1 3.73728E-1 3.95879E-1 4.24267E-1 4.56785E-1 4.91947E-1 5.08692E-1 5.37787E-1 5.64192E-1 5.92426E-1 6.13468E-1 6.21596E-1 6.34475E-1 6.49727E-1 6.60617E-1 6.56666E-1 5.97676E-1 4.4211E-1 4.34296E-1 5.03564E-1 3.90868E-1 3.66786E-1 4.9198E-1 6.25171E-1 6.46284E-1 6.42074E-1 5.82696E-1 5.54792E-1 4.8994E-1 4.29792E-1 4.07025E-1 4.36134E-1 4.65382E-1 5.02017E-1 5.12339E-1 5.21762E-1 4.82192E-1 4.19348E-1 3.89299E-1 4.0651E-1 4.05524E-1 3.45113E-1 2.81335E-1 3.0471E-1 3.30176E-1 3.43152E-1 3.56109E-1 3.52622E-1 3.2784E-1 2.51406E-1 1.34167E-1 7.64657E-2 5.05936E-2 4.81984E-2 5.56293E-2
2.37941E-1 2.49637E-1 2.58088E-1 2.7171E-1 2.872E-1 3.08072E-1 3.30909E-1 3.51907E-1 3.72751E-1 3.7968E-1 3.77951E-1 3.72591E-1 3.72591E-1 3.74078E-1 3.68836E-1 3.71978E-1 3.84182E-1 4.04447E-1 4.35846E-1 4.70809E-1 5.00207E-1 5.31365E-1 5.58458E-1 5.86549E-1 6.1206E-1 6.34993E-1 6.39322E-1 6.4311E-1 6.55273E-1 6.61768E-1 6.59668E-1 6.30891E-1 5.3578E-1 5.08926E-1 5.02739E-1 3.91322E-1 4.99474E-1 6.07723E-1 6.40856E-1 6.50709E-1 6.5453E-1 6.33608E-1 6.26674E-1 5.40181E-1 4.07025E-1 3.96106E-1 4.33119E-1 4.58155E-1 4.97862E-1 5.31593E-1 5.08696E-1 4.50849E-1 4.22518E-1 4.21082E-1 4.29788E-1 4.17548E-1 3.15446E-1 2.82224E-1 3.20717E-1 3.9043E-1 4.14493E-1 3.83429E-1 3.3855E-1 2.64637E-1 1.83041E-1 8.88659E-2 5.43319E-2 3.95835E-2 4.31907E-2 3.81175E-2
-9999 2.63101E-1 2.75017E-1 2.92362E-1 3.08104E-1 3.34407E-1 3.64125E-1 3.96701E-1 4.25146E-1 4.35028E-1 4.25254E-1 4.1364E-1 4.01843E-1 3.96552E-1 3.91711E-1 3.74544E-1 3.82446E-1 4.19978E-1 4.53919E-1 4.88853E-1 5.25178E-1 5.51482E-1 5.80411E-1 6.02457E-1 6.24898E-1 6.42688E-1 6.51133E-1 6.54555E-1 6.63172E-1 6.61311E-1 6.60617E-1 6.53873E-1 5.96668E-1 5.09678E-1 4.65902E-1 4.60939E-1 5.12339E-1 6.05244E-1 6.52362E-1 6.466E-1 6.59518E-1 6.60105E-1 6.2148E-1 5.17615E-1 4.11695E-1 3.99235E-1 4.27004E-1 4.55109E-1 4.95277E-1 5.10439E-1 4.34629E-1 4.00466E-1 4.1991E-1 4.33767E-1 4.22682E-1 3.98916E-1 3.1894E-1 2.75177E-1 3.06981E-1 3.94794E-1 4.20944E-1 3.65119E-1 2.34597E-1 1.23612E-1 8.42825E-2 4.87394E-2 3.18178E-2 3.06174E-2 3.31192E-2 3.71651E-2
-9999 -9999 -9999 -9999 3.36045E-1 3.60367E-1 3.8973E-1 -9999 4.7133E-1 4.79509E-1 4.69205E-1 4.49396E-1 4.16979E-1 3.81271E-1 3.49802E-1 3.42408E-1 3.75476E-1 4.24668E-1 4.61782E-1 5.06097E-1 5.4178E-1 5.67589E-1 5.93278E-1 6.12657E-1 6.26639E-1 6.34993E-1 6.4213E-1 6.55748E-1 6.66776E-1 6.66243E-1 6.66019E-1 6.59302E-1 6.27698E-1 5.42576E-1 4.84766E-1 5.23158E-1 5.33413E-1 5.56372E-1 6.31858E-1 6.58108E-1 6.61229E-1 6.31736E-1 5.34664E-1 4.96752E-1 3.93672E-1 3.88205E-1 4.41851E-1 4.79297E-1 4.73594E-1 4.73795E-1 4.34522E-1 4.19438E-1 4.26874E-1 4.13852E-1 3.86651E-1 3.37231E-1 2.90832E-1 2.43224E-1 2.38819E-1 3.39802E-1 3.84696E-1 2.95773E-1 1.52188E-1 6.76622E-2 4.47385E-2 2.86355E-2 2.04244E-2 2.12925E-2 2.34536E-2 3.26932E-2
-9999 -9999 -9999 -9999 -9999 -9999 4.19338E-1 4.58096E-1 4.82665E-1 4.99337E-1 5.02463E-1 4.912E-1 4.39857E-1 3.55084E-1 2.75279E-1 3.10485E-1 3.82446E-1 4.41339E-1 4.94835E-1 5.3763E-1 5.67777E-1 5.88959E-1 6.0509E-1 6.20004E-1 6.32134E-1 6.39676E-1 6.45391E-1 6.5834E-1 6.67608E-1 6.69084E-1 6.65569E-1 6.56988E-1 6.39101E-1 5.98596E-1 5.46124E-1 5.46124E-1 5.55682E-1 5.85227E-1 6.33874E-1 6.53383E-1 6.46508E-1 5.63175E-1 3.76626E-1 3.79253E-1 3.41498E-1 3.46282E-1 4.39084E-1 4.55282E-1 4.39084E-1 4.40623E-1 4.22507E-1 4.34629E-1 4.04918E-1 3.5493E-1 3.19518E-1 2.95414E-1 2.51337E-1 1.80319E-1 1.7581E-1 2.55734E-1 3.2682E-1 2.02813E-1 8.24978E-2 4.20467E-2 2.71764E-2 1.80013E-2 1.39261E-2 1.33388E-2 1.8283E-2 2.90453E-2
-9999 -9999 -9999 -9999 -9999 -9999 -9999 4.65597E-1 4.92905E-1 5.12056E-1 5.27137E-1 5.25916E-1 4.86673E-1 4.10114E-1 3.60548E-1 3.7968E-1 4.26816E-1 4.83205E-1 5.33124E-1 5.66273E-1 5.86164E-1 6.00421E-1 6.14272E-1 6.27347E-1 6.38477E-1 6.46917E-1 6.5397E-1 6.63255E-1 6.69725E-1 6.65799E-1 6.52205E-1 6.44507E-1 6.4314E-1 6.30757E-1 5.95691E-1 5.83851E-1 5.84142E-1 5.85098E-1 6.00416E-1 6.27555E-1 6.32337E-1 5.51384E-1 3.86027E-1 3.63478E-1 3.13259E-1 3.14005E-1 3.66764E-1 3.91134E-1 4.11695E-1 4.22507E-1 4.13277E-1 4.13277E-1 3.55207E-1 2.67969E-1 2.39209E-1 2.40841E-1 2.05821E-1 1.18924E-1 8.70116E-2 1.20742E-1 1.60701E-1 1.07538E-1 5.62897E-2 3.26209E-2 2.34421E-2 1.6326E-2 1.43439E-2 1.20341E-2 1.67977E-2 2.40893E-2
-9999 -9999 -9999 -9999 -9999 -9999 -9999 -9999 4.95665E-1 5.14629E-1 5.35518E-1 5.33098E-1 5.10864E-1 4.84069E-1 4.80213E-1 4.76606E-1 4.85454E-1 5.20714E-1 5.512E-1 5.74547E-1 5.92762E-1 6.1019E-1 6.24898E-1 6.34741E-1 6.46394E-1 6.53658E-1 6.57026E-1 6.64889E-1 6.71086E-1 6.60105E-1 6.33382E-1 6.18296E-1 6.38821E-1 6.2696E-1 5.86842E-1 5.67997E-1 5.81896E-1 5.77866E-1 5.36876E-1 5.09143E-1 5.50046E-1 5.04928E-1 3.20531E-1 3.09838E-1 3.56149E-1 3.47396E-1 3.41304E-1 3.60808E-1 4.16355E-1 4.23983E-1 4.14714E-1 3.81829E-1 2.94558E-1 1.9331E-1 1.85704E-1 2.00634E-1 1.67119E-1 7.39886E-2 2.27882E-2 4.21078E-2 6.38534E-2 5.89709E-2 3.95835E-2 2.75134E-2 1.84932E-2 2.1199E-2 4.02586E-2 3.65247E-2 3.13665E-2 3.35169E-2
-9999 -9999 -9999 -9999 -9999 -9999 -9999 -9999 -9999 5.15907E-1 5.30801E-1 5.33965E-1 5.29315E-1 5.185E-1 5.13595E-1 5.05142E-1 5.07894E-1 5.3135E-1 -9999 5.82711E-1 6.0865E-1 6.25201E-1 6.35749E-1 6.41589E-1 6.50846E-1 6.53105E-1 6.44327E-1 6.65073E-1 6.69165E-1 6.55311E-1 6.38274E-1 6.10051E-1 6.12499E-1 5.96653E-1 5.54943E-1 5.26481E-1 5.38124E-1 5.14724E-1 4.51387E-1 4.30493E-1 4.56012E-1 4.36214E-1 3.63873E-1 3.74242E-1 3.83533E-1 3.82664E-1 3.80632E-1 3.88205E-1 4.40089E-1 4.32756E-1 3.72256E-1 2.93422E-1 1.92905E-1 1.26268E-1 1.42677E-1 1.82079E-1 1.74927E-1 9.43631E-2 3.22702E-2 2.61316E-2 3.39851E-2 3.30852E-2 1.8756E-2 1.83767E-2 1.60487E-2 2.05819E-2 3.56612E-2 4.72155E-2 5.60326E-2 6.08317E-2
-9999 -9999 -9999 -9999 -9999 -9999 -9999 -9999 -9999 -9999 -9999 5.3317E-1 5.34246E-1 5.3063E-1 5.26659E-1 5.20574E-1 -9999 -9999 5.67777E-1 5.96036E-1 6.26822E-1 6.4183E-1 6.47775E-1 6.47775E-1 6.49137E-1 6.49045E-1 6.46863E-1 6.65635E-1 6.66418E-1 6.28551E-1 6.32564E-1 6.22871E-1 5.73163E-1 5.46935E-1 5.63146E-1 5.41984E-1 5.18811E-1 4.7454E-1 4.15653E-1 4.25591E-1 4.61419E-1 5.09386E-1 5.18066E-1 5.08069E-1 4.41599E-1 3.87921E-1 3.89529E-1 3.9602E-1 4.43981E-1 4.26064E-1 3.33441E-1 2.42466E-1 1.52171E-1 1.14895E-1 1.23939E-1 1.48016E-1 1.57611E-1 1.18235E-1 7.15023E-2 4.59208E-2 3.30852E-2 1.7498E-2 1.12716E-2 1.28793E-2 1.08164E-2 1.25097E-2 2.25987E-2 4.16966E-2 6.74631E-2 7.8078E-2
-9999 -9999 -9999 -9999 -9999 -9999 -9999 -9999 -9999 -9999 -9999 -9999 -9999 -9999 -9999 -9999 -9999 -9999 5.80706E-1 6.00813E-1 6.37375E-1 6.53117E-1 6.53137E-1 6.50912E-1 6.46769E-1 6.39387E-1 6.50846E-1 6.68668E-1 6.64856E-1 6.1305E-1 6.27862E-1 6.04398E-1 5.08978E-1 4.60259E-1 5.5292E-1 5.61035E-1 5.0649E-1 4.27154E-1 3.27468E-1 3.34702E-1 4.37674E-1 5.28653E-1 5.50393E-1 5.51476E-1 4.63842E-1 4.00807E-1 3.8025E-1 3.75403E-1 4.01987E-1 3.88929E-1 3.02613E-1 2.27759E-1 1.72943E-1 1.27052E-1 1.31869E-1 1.70704E-1 2.09131E-1 1.80511E-1 1.29302E-1 1.00133E-1 6.55104E-2 3.53221E-2 2.35569E-2 1.36779E-2 7.18318E-3 5.96531E-3 1.28239E-2 2.48891E-2 3.90724E-2 4.58361E-2
-9999 -9999 -9999 -9999 -9999 -9999 -9999 -9999 -9999 -9999 -9999 -9999 -9999 -9999 -9999 -9999 -9999 6.08436E-1 6.13999E-1 6.09223E-1 6.48986E-1 6.60255E-1 6.59469E-1 6.55262E-1 6.48188E-1 6.43536E-1 6.54967E-1 6.68362E-1 6.68861E-1 6.57291E-1 6.48056E-1 6.02639E-1 4.99305E-1 4.52349E-1 5.26756E-1 5.25422E-1 4.54244E-1 3.3346E-1 2.13126E-1 2.21755E-1 3.37231E-1 4.37346E-1 5.02217E-1 5.20944E-1 4.87071E-1 4.31276E-1 3.91153E-1 3.65713E-1 3.41513E-1 3.17185E-1 2.61042E-1 2.23531E-1 2.58296E-1 2.59657E-1 2.37196E-1 2.58376E-1 2.23551E-1 1.78431E-1 1.24969E-1 8.57492E-2 5.21942E-2 3.55267E-2 2.11671E-2 1.40153E-2 5.53073E-3 2.38479E-3 1.56104E-3 1.27221E-2 2.68365E-2 1.12E-2
-9999 -9999 -9999 -9999 -9999 -9999 -9999 -9999 -9999 -9999 -9999 -9999 -9999 -9999 6.11901E-1 6.18165E-1 6.19931E-1 6.23731E-1 6.27142E-1 6.41855E-1 6.61423E-1 6.59748E-1 6.56623E-1 6.54756E-1 6.51258E-1 6.49727E-1 6.54839E-1 6.68222E-1 6.71248E-1 6.69449E-1 6.60475E-1 6.25045E-1 5.51727E-1 5.10563E-1 4.87861E-1 4.55825E-1 3.43596E-1 1.91319E-1 1.21014E-1 1.44199E-1 2.50718E-1 4.02765E-1 5.00459E-1 5.46126E-1 5.65527E-1 5.54904E-1 5.34588E-1 4.79423E-1 3.70649E-1 3.10316E-1 2.49873E-1 3.96418E-1 4.62083E-1 4.41348E-1 3.72999E-1 2.77219E-1 2.08688E-1 1.36964E-1 8.95042E-2 5.03284E-2 2.99441E-2 2.16893E-2 2.59852E-2 3.55201E-2 1.57396E-2 1.90702E-3 2.25791E-6 3.71761E-3 6.22228E-4 1.94562E-3
-9999 -9999 -9999 -9999 -9999 -9999 -9999 -9999 -9999 -9999 5.28987E-1 5.38517E-1 5.58804E-1 6.03724E-1 6.29584E-1 6.40251E-1 6.37025E-1 6.31687E-1 6.33068E-1 6.52689E-1 6.55562E-1 6.50941E-1 6.49534E-1 6.50201E-1 6.53493E-1 6.56056E-1 6.61076E-1 6.66335E-1 6.68828E-1 -9999 6.67577E-1 -9999 5.83734E-1 -9999 3.01972E-1 2.94871E-1 2.38499E-1 1.3332E-1 1.07443E-1 1.17633E-1 2.17548E-1 3.82645E-1 5.11007E-1 5.74732E-1 6.12463E-1 6.17043E-1 6.03762E-1 6.12539E-1 5.77522E-1 5.45537E-1 5.39995E-1 5.47211E-1 5.27473E-1 4.90668E-1 4.13944E-1 3.10043E-1 1.80712E-1 6.84086E-2 3.45868E-2 2.15733E-2 2.01628E-2 2.54104E-2 3.71543E-2 1.05795E-1 5.76253E-2 3.2563E-3 2.38145E-4 3.1984E-5 8.51519E-4 1.58608E-2
-9999 -9999 -9999 -9999 -9999 -9999 -9999 -9999 -9999 -9999 -9999 5.55151E-1 5.73362E-1 6.17114E-1 6.3596E-1 6.35453E-1 6.32611E-1 6.36667E-1 6.40729E-1 6.49411E-1 6.51489E-1 6.50295E-1 6.50446E-1 6.47352E-1 6.50289E-1 6.57436E-1 6.6261E-1 6.62407E-1 6.64327E-1 6.68828E-1 -9999 6.45441E-1 5.91661E-1 5.03024E-1 3.02124E-1 2.24257E-1 1.89173E-1 1.51475E-1 1.55016E-1 1.61039E-1 2.58313E-1 3.84318E-1 5.47895E-1 6.01884E-1 6.40035E-1 6.51801E-1 6.47254E-1 6.41408E-1 6.11717E-1 5.83442E-1 5.6364E-1 5.28344E-1 5.06179E-1 4.7598E-1 3.81731E-1 2.86959E-1 1.39996E-1 2.59695E-2 6.86625E-3 6.73169E-3 1.39133E-2 2.70683E-2 6.19681E-2 9.19088E-2 1.11828E-1 2.914E-2 1.35446E-2 1.17163E-2 1.08114E-2 4.58859E-2
-9999 -9999 -9999 -9999 -9999 -9999 -9999 -9999 -9999 -9999 -9999 -9999 6.09628E-1 6.35938E-1 6.35399E-1 6.35673E-1 6.38491E-1 6.43149E-1 6.45686E-1 6.50201E-1 6.52588E-1 6.52624E-1 6.5085E-1 6.45597E-1 6.49038E-1 6.54158E-1 6.56604E-1 6.5983E-1 6.65271E-1 -9999 -9999 -9999 5.91657E-1 5.32219E-1 3.61059E-1 2.18371E-1 1.56117E-1 1.51475E-1 1.6065E-1 1.76965E-1 3.04669E-1 4.62145E-1 4.68126E-1 5.10666E-1 6.35278E-1 6.39418E-1 6.47571E-1 6.43506E-1 6.2148E-1 6.0369E-1 5.78917E-1 5.02704E-1 4.36214E-1 3.98515E-1 3.33025E-1 2.2897E-1 8.05949E-2 1.19998E-2 2.93876E-3 4.51228E-3 2.07103E-2 7.51928E-2 9.63907E-2 5.51791E-2 3.88896E-2 7.09839E-2 7.41805E-2 8.92212E-2 6.34862E-2 8.1798E-2
-9999 -9999 -9999 -9999 -9999 -9999 -9999 -9999 -9999 -9999 -9999 -9999 -9999 6.43404E-1 6.21294E-1 6.28575E-1 6.28936E-1 6.39681E-1 6.43668E-1 6.47634E-1 6.50304E-1 6.49871E-1 6.45334E-1 6.47422E-1 6.53086E-1 6.53556E-1 6.56334E-1 6.63002E-1 6.66821E-1 -9999 -9999 6.52398E-1 6.02824E-1 5.25082E-1 3.6714E-1 1.54212E-1 5.07053E-2 4.12052E-2 5.93094E-2 1.10537E-1 2.13544E-1 4.22584E-1 5.53819E-1 6.04009E-1 6.09668E-1 6.09668E-1 6.17713E-1 6.04944E-1 5.82294E-1 6.09337E-1 5.69713E-1 5.14313E-1 4.27235E-1 3.84708E-1 3.3829E-1 1.95842E-1 5.05305E-2 7.45863E-3 5.79373E-3 8.67343E-3 2.81672E-2 1.23285E-1 2.00099E-1 1.65084E-1 1.68531E-1 1.92277E-1 1.72564E-1 1.86899E-1 1.87658E-1 1.68724E-1
-9999 -9999 -9999 -9999 -9999 -9999 -9999 -9999 -9999 -9999 -9999 -9999 -9999 -9999 6.34361E-1 6.2669E-1 6.22353E-1 6.05898E-1 5.72521E-1 5.90908E-1 6.37078E-1 6.42955E-1 6.43771E-1 6.51236E-1 6.55812E-1 6.55278E-1 6.58159E-1 6.60068E-1 6.5556E-1 6.62028E-1 -9999 -9999 -9999 4.69116E-1 2.37295E-1 5.87421E-2 1.44601E-2 1.23917E-2 3.61253E-2 1.55025E-1 3.98854E-1 5.8722E-1 6.48435E-1 6.60137E-1 6.50991E-1 6.17222E-1 5.97787E-1 5.59567E-1 4.99603E-1 5.28202E-1 4.6079E-1 4.13251E-1 3.70737E-1 3.75412E-1 3.29513E-1 2.08688E-1 8.45272E-2 2.59695E-2 8.14838E-3 1.06132E-3 1.01E-3 1.86471E-2 1.66842E-1 3.13941E-1 2.79974E-1 2.90117E-1 2.83055E-1 2.37579E-1 2.1409E-1 2.23551E-1
-9999 -9999 -9999 -9999 -9999 -9999 -9999 -9999 -9999 -9999 -9999 -9999 -9999 -9999 -9999 6.17557E-1 6.0107E-1 5.67834E-1 5.08606E-1 5.58691E-1 6.29643E-1 6.34772E-1 6.33922E-1 6.45506E-1 6.53534E-1 6.56398E-1 6.53663E-1 6.57174E-1 6.53708E-1 -9999 -9999 -9999 4.96184E-1 2.82597E-1 5.48849E-2 5.40971E-3 1.39148E-3 2.25244E-3 2.29196E-2 1.61349E-1 4.68299E-1 6.4033E-1 6.66326E-1 6.71198E-1 6.67103E-1 6.48748E-1 6.25508E-1 5.96696E-1 5.56983E-1 4.46912E-1 3.43321E-1 4.28596E-1 4.12467E-1 4.66129E-1 4.48229E-1 3.64218E-1 2.13126E-1 5.84753E-2 8.5168E-3 3.39235E-4 1.60783E-3 7.60127E-2 3.32896E-1 3.95289E-1 4.25005E-1 3.62448E-1 3.06718E-1 2.60064E-1 2.33432E-1 2.64719E-1
-9999 -9999 -9999 -9999 -9999 -9999 -9999 -9999 -9999 -9999 -9999 -9999 -9999 -9999 -9999 -9999 5.83066E-1 5.52619E-1 5.49864E-1 5.7878E-1 6.06501E-1 6.08923E-1 6.17047E-1 6.28308E-1 6.41999E-1 6.45194E-1 6.46372E-1 6.45317E-1 6.3647E-1 -9999 -9999 -9999 2.02472E-1 2.74921E-2 2.91298E-3 2.37087E-4 6.65437E-5 3.5141E-4 8.09188E-3 1.04776E-1 4.93189E-1 6.36548E-1 6.57493E-1 6.64052E-1 6.7011E-1 6.54057E-1 6.38821E-1 6.12874E-1 5.91422E-1 5.67558E-1 5.69698E-1 5.78511E-1 5.94396E-1 5.84269E-1 5.29612E-1 3.18999E-1 2.0555E-1 8.79086E-2 4.31907E-2 1.21291E-1 4.44512E-1 5.43155E-1 5.44947E-1 5.21913E-1 4.60762E-1 3.45254E-1 2.77191E-1 2.33364E-1 2.12507E-1 2.14727E-1
-9999 -9999 -9999 -9999 -9999 -9999 -9999 -9999 -9999 -9999 -9999 -9999 -9999 -9999 -9999 -9999 -9999 5.86842E-1 6.02137E-1 6.09209E-1 6.07268E-1 6.22594E-1 6.2189E-1 6.28205E-1 6.4604E-1 6.56623E-1 6.53343E-1 -9999 -9999 -9999 -9999 -9999 -9999 1.41656E-3 1.88255E-4 1.85153E-5 1.58031E-6 1.05717E-5 1.29197E-3 1.15502E-1 5.45449E-1 6.2661E-1 6.36306E-1 6.54077E-1 6.65046E-1 6.63704E-1 6.56969E-1 6.33855E-1 6.09223E-1 6.08389E-1 6.28551E-1 6.30797E-1 6.46464E-1 6.13305E-1 5.49423E-1 5.7525E-1 6.01553E-1 6.00252E-1 6.0242E-1 6.19046E-1 6.16777E-1 5.99362E-1 5.79904E-1 5.13234E-1 4.36806E-1 3.11574E-1 2.35068E-1 1.83453E-1 1.75755E-1 1.54607E-1
-9999 -9999 -9999 -9999 -9999 -9999 -9999 -9999 -9999 -9999 -9999 -9999 -9999 -9999 -9999 -9999 -9999 -9999 6.33977E-1 6.28955E-1 6.21579E-1 6.36202E-1 6.4564E-1 6.47422E-1 6.53053E-1 -9999 -9999 -9999 -9999 -9999 -9999 -9999 -9999 2.00869E-5 3.3173E-7 7.29657E-8 6.88303E-9 9.70352E-8 1.53846E-4 1.52868E-1 5.80086E-1 6.19838E-1 6.22688E-1 6.47242E-1 6.6354E-1 6.60886E-1 6.48328E-1 6.27629E-1 5.96653E-1 5.71599E-1 5.90115E-1 6.09642E-1 6.38274E-1 6.51938E-1 6.49056E-1 6.54187E-1 6.61501E-1 6.51938E-1 6.45974E-1 6.46502E-1 6.23601E-1 5.99047E-1 5.53992E-1 4.82031E-1 4.24609E-1 3.1979E-1 2.60045E-1 2.29636E-1 1.75372E-1 1.2288E-1
-9999 -9999 -9999 -9999 -9999 -9999 -9999 -9999 -9999 -9999 -9999 -9999 -9999 -9999 -9999 -9999 -9999 -9999 -9999 -9999 5.93668E-1 6.25275E-1 -9999 -9999 -9999 -9999 -9999 -9999 -9999 -9999 -9999 -9999 -9999 -9999 2.921E-10 5.65062E-12 1.91779E-12 2.37242E-9 9.88822E-5 1.25779E-1 5.34539E-1 6.00847E-1 5.99799E-1 6.31448E-1 6.56618E-1 6.51432E-1 6.24074E-1 5.84891E-1 5.44436E-1 5.43054E-1 5.5976E-1 5.77866E-1 6.1469E-1 6.44928E-1 6.52546E-1 6.52111E-1 6.59137E-1 6.39377E-1 6.25354E-1 6.16271E-1 5.89717E-1 5.67784E-1 5.49328E-1 5.18339E-1 4.09965E-1 3.11908E-1 2.62465E-1 2.38499E-1 1.64837E-1 9.32833E-2
-9999 -9999 -9999 -9999 -9999 -9999 -9999 -9999 -9999 -9999 -9999 -9999 -9999 -9999 -9999 -9999 -9999 -9999 -9999 -9999 -9999 -9999 -9999 -9999 -9999 -9999 -9999 -9999 -9999 -9999 -9999 -9999 -9999 4.97728E-10 1.95936E-12 7.27188E-15 3.37034E-13 3.36092E-8 3.14849E-3 2.96465E-1 5.95737E-1 6.0031E-1 6.11717E-1 6.38687E-1 6.566E-1 6.43678E-1 6.06069E-1 5.57245E-1 5.27968E-1 5.25236E-1 5.45781E-1 5.63485E-1 5.73681E-1 5.99162E-1 6.35355E-1 6.47868E-1 6.3526E-1 6.04125E-1 5.73163E-1 5.54101E-1 5.12025E-1 5.04981E-1 5.08978E-1 4.90969E-1 3.75255E-1 2.78832E-1 2.34962E-1 1.94424E-1 1.19716E-1 5.73548E-2
-9999 -9999 -9999 -9999 -9999 -9999 -9999 -9999 -9999 -9999 -9999 -9999 -9999 -9999 -9999 -9999 -9999 -9999 -9999 -9999 -9999 -9999 -9999 -9999 -9999 -9999 -9999 -9999 -9999 -9999 -9999 -9999 -9999 1.49606E-10 7.96744E-14 5.06275E-16 6.35625E-13 3.58746E-6 3.70301E-2 3.82964E-1 5.77466E-1 6.06615E-1 6.11162E-1 6.37368E-1 6.54324E-1 6.30671E-1 5.77654E-1 5.16968E-1 4.91823E-1 4.97521E-1 5.33074E-1 5.53317E-1 5.15307E-1 5.25713E-1 5.47108E-1 5.76696E-1 5.81464E-1 5.2388E-1 4.82031E-1 4.41851E-1 4.22299E-1 4.26963E-1 4.26274E-1 3.91696E-1 2.41746E-1 1.74299E-1 1.49558E-1 1.29824E-1 8.25559E-2 4.00149E-2
-9999 -9999 -9999 -9999 -9999 -9999 -9999 -9999 -9999 -9999 -9999 -9999 -9999 -9999 -9999 -9999 -9999 -9999 -9999 -9999 -9999 -9999 -9999 -9999 -9999 -9999 -9999 -9999 -9999 -9999 -9999 -9999 1.33703E-7 1.21089E-10 2.69563E-15 8.13921E-18 5.10825E-13 1.93278E-5 1.53486E-1 5.62175E-1 6.01805E-1 6.0561E-1 6.05226E-1 6.21571E-1 6.42822E-1 5.86979E-1 5.22498E-1 4.82402E-1 4.98764E-1 5.4037E-1 5.80543E-1 5.92232E-1 5.71835E-1 5.35347E-1 5.21323E-1 4.81545E-1 4.33612E-1 3.98195E-1 3.11953E-1 2.8582E-1 3.27658E-1 3.70585E-1 3.66049E-1 3.27159E-1 2.18575E-1 1.42311E-1 9.24447E-2 6.81055E-2 5.69059E-2 3.52914E-2
-9999 -9999 -9999 -9999 -9999 -9999 -9999 -9999 -9999 -9999 -9999 -9999 -9999 -9999 -9999 -9999 -9999 -9999 -9999 -9999 -9999 -9999 -9999 -9999 -9999 -9999 -9999 -9999 -9999 -9999 -9999 -9999 3.05925E-9 5.29596E-13 1.41541E-19 8.44701E-21 2.6966E-15 4.14585E-6 2.09411E-1 6.04024E-1 6.12655E-1 5.99849E-1 6.06657E-1 6.20572E-1 6.32021E-1 6.02016E-1 5.14849E-1 4.9049E-1 5.25574E-1 5.64358E-1 6.00357E-1 6.17713E-1 6.16857E-1 5.90859E-1 5.30946E-1 4.99112E-1 4.67386E-1 3.72439E-1 2.06153E-1 1.774E-1 2.46286E-1 3.05953E-1 3.305E-1 2.82597E-1 2.1511E-1 1.43925E-1 8.01337E-2 4.81359E-2 4.01461E-2 4.05315E-2
-9999 -9999 -9999 -9999 -9999 -9999 -9999 -9999 -9999 -9999 -9999 -9999 -9999 -9999 -9999 -9999 -9999 -9999 -9999 -9999 -9999 -9999 -9999 -9999 -9999 -9999 -9999 -9999 -9999 -9999 -9999 -9999 3.26402E-10 6.57768E-16 1.74502E-23 5.77184E-28 3.45791E-21 1.67963E-10 2.26475E-2 5.69174E-1 6.05262E-1 5.89905E-1 5.99785E-1 6.2284E-1 6.42955E-1 6.30874E-1 5.68446E-1 5.55641E-1 5.77567E-1 5.99638E-1 6.16473E-1 6.29314E-1 6.26133E-1 5.93397E-1 5.59307E-1 5.14599E-1 4.65117E-1 3.63873E-1 2.31701E-1 1.79903E-1 2.07108E-1 3.28715E-1 2.99421E-1 2.50254E-1 1.95982E-1 1.3999E-1 8.68743E-2 5.55522E-2 4.27875E-2 4.7168E-2
-9999 -9999 -9999 -9999 -9999 -9999 -9999 -9999 -9999 -9999 -9999 -9999 -9999 -9999 -9999 -9999 -9999 -9999 -9999 -9999 -9999 -9999 -9999 -9999 -9999 -9999 -9999 -9999 -9999 -9999 -9999 -9999 8.26035E-13 2.00582E-18 6.56552E-27 2.68894E-29 1.25179E-29 4.76738E-23 4.69098E-6 1.97773E-1 5.97329E-1 5.73847E-1 5.84114E-1 6.18551E-1 6.46664E-1 6.48876E-1 6.34352E-1 6.27784E-1 6.19988E-1 6.1872E-1 6.19165E-1 6.20372E-1 6.20128E-1 5.8796E-1 5.47158E-1 5.04303E-1 4.49223E-1 3.41761E-1 2.47968E-1 1.79598E-1 1.67613E-1 1.85784E-1 2.15319E-1 1.94665E-1 1.46262E-1 1.18174E-1 1.09003E-1 8.71914E-2 6.73719E-2 5.66709E-2
-9999 -9999 -9999 -9999 -9999 -9999 -9999 -9999 -9999 -9999 -9999 -9999 -9999 -9999 -9999 -9999 -9999 -9999 -9999 -9999 -9999 -9999 -9999 -9999 -9999 -9999 -9999 -9999 -9999 -9999 -9999 -9999 1.16163E-12 7.13218E-20 1.48909E-27 1.95199E-31 1.35381E-27 3.20976E-19 1.50307E-6 1.74452E-1 6.06425E-1 5.73847E-1 5.8179E-1 6.10843E-1 6.37368E-1 6.53181E-1 6.566E-1 6.49517E-1 6.354E-1 6.23024E-1 6.06315E-1 5.98577E-1 5.88978E-1 5.7525E-1 5.38317E-1 4.82847E-1 4.08945E-1 3.27468E-1 2.41475E-1 1.9277E-1 1.60129E-1 1.38234E-1 1.18672E-1 1.45519E-1 1.55736E-1 1.40284E-1 1.16814E-1 8.76443E-2 4.32114E-2 3.67798E-2
-9999 -9999 -9999 -9999 -9999 -9999 -9999 -9999 -9999 -9999 -9999 -9999 -9999 -9999 -9999 -9999 -9999 -9999 -9999 -9999 -9999 -9999 -9999 -9999 -9999 -9999 -9999 -9999 -9999 -9999 -9999 -9999 -9999 3.59383E-21 2.2216E-26 1.7155E-29 1.45453E-23 2.45074E-15 2.85574E-6 7.69596E-2 5.66455E-1 5.85607E-1 5.81088E-1 6.05462E-1 6.30348E-1 6.38253E-1 6.53422E-1 6.51811E-1 6.39473E-1 6.27273E-1 6.12463E-1 5.97721E-1 5.74231E-1 5.40749E-1 5.08924E-1 4.62307E-1 4.10631E-1 3.74436E-1 3.04187E-1 2.40157E-1 1.77757E-1 1.40424E-1 1.42887E-1 1.51404E-1 1.64341E-1 1.62653E-1 1.44704E-1 9.73251E-2 5.21663E-2 4.92893E-2
-9999 -9999 -9999 -9999 -9999 -9999 -9999 -9999 -9999 -9999 -9999 -9999 -9999 -9999 -9999 -9999 -9999 -9999 -9999 -9999 -9999 -9999 -9999 -9999 -9999 -9999 -9999 -9999 -9999 -9999 -9999 -9999 -9999 3.5494E-22 2.55353E-24 2.56126E-29 4.08896E-25 5.83504E-16 6.5029E-5 3.41114E-1 5.78301E-1 5.87748E-1 5.87004E-1 6.0601E-1 6.21221E-1 6.33715E-1 6.52602E-1 6.46233E-1 6.3388E-1 6.24875E-1 6.08971E-1 5.92529E-1 5.63175E-1 5.27773E-1 4.94967E-1 4.4656E-1 4.1732E-1 4.32078E-1 3.6218E-1 2.96175E-1 2.37366E-1 1.73371E-1 1.63361E-1 1.72454E-1 1.89298E-1 2.07943E-1 1.94657E-1 1.67753E-1 1.24692E-1 1.14939E-1
