KUENM/Final_Models/M_0.1_F_lq_Set_2_EC/sp1_9.asc
ncols         197
nrows         210
xllcorner     56.1666666666667
yllcorner     4.5
cellsize      0.166666666666667
NODATA_value  -9999
[rows 84 to 111 of 210, columns 130 to 194 of 197]
3.94454E-1 4.092E-1 3.49424E-1 3.02376E-1 3.1097E-1 4.05046E-1 4.38743E-1 4.80272E-1 3.93826E-1 3.74004E-1 4.07208E-1 4.78632E-1 5.617E-1 5.20355E-1 3.65245E-1 2.68157E-1 3.69159E-1 4.39461E-1 4.5339E-1 4.01329E-1 3.82235E-1 3.68927E-1 3.20308E-1 2.56769E-1 2.25135E-1 2.54316E-1 2.76823E-1 2.6427E-1 2.47473E-1 2.09853E-1 1.66619E-1 1.42418E-1 1.40984E-1 1.67782E-1 1.98722E-1 2.21633E-1 2.89332E-1 3.47808E-1 2.58647E-1 2.23437E-1 2.1093E-1 2.52983E-1 2.91557E-1 3.14864E-1 3.38229E-1 4.03189E-1 3.3423E-1 2.15123E-1 1.97704E-1 2.4594E-1 1.77782E-1 1.16886E-1 5.1857E-2 2.14853E-2 1.81165E-2 1.07285E-2 4.44932E-3 2.25961E-3 3.17881E-3 2.63282E-3 5.85055E-4 7.75078E-5 1.86538E-5 1.8581E-5 1.78031E-6
3.38059E-1 3.48081E-1 3.16246E-1 3.19699E-1 3.70305E-1 4.26467E-1 4.07406E-1 3.79615E-1 3.20736E-1 3.0866E-1 3.37088E-1 3.80085E-1 4.68762E-1 3.91032E-1 2.4587E-1 2.05659E-1 3.80596E-1 4.14267E-1 2.47881E-1 2.97379E-1 3.16761E-1 2.89434E-1 2.89434E-1 3.02376E-1 3.27403E-1 2.88952E-1 2.7751E-1 2.62767E-1 2.2764E-1 2.33081E-1 2.46021E-1 1.85901E-1 2.25662E-1 2.55234E-1 2.41763E-1 2.20996E-1 2.56153E-1 3.2197E-1 2.9656E-1 2.33746E-1 2.10287E-1 2.58047E-1 3.18054E-1 3.37629E-1 3.55183E-1 3.67173E-1 2.9127E-1 1.90202E-1 2.39909E-1 3.74859E-1 2.40302E-1 1.03574E-1 3.03531E-2 1.24636E-2 3.55178E-2 2.86655E-2 6.85324E-3 1.22792E-3 3.51218E-3 4.04351E-3 1.41864E-3 2.29E-4 4.8983E-5 3.2127E-5 3.24345E-6
2.6677E-1 2.7335E-1 2.79655E-1 2.68039E-1 2.88952E-1 3.0432E-1 2.89738E-1 2.49805E-1 1.80195E-1 1.20947E-1 1.5961E-1 2.58471E-1 3.17667E-1 2.23803E-1 1.43859E-1 1.80674E-1 2.98534E-1 2.99188E-1 2.42476E-1 2.92907E-1 2.78716E-1 2.42243E-1 2.40402E-1 3.18374E-1 4.22913E-1 3.98105E-1 3.09234E-1 2.59902E-1 2.11413E-1 1.65055E-1 1.27134E-1 1.95997E-1 2.9543E-1 3.24403E-1 2.47354E-1 2.71404E-1 2.61847E-1 2.38439E-1 2.27399E-1 2.07675E-1 2.2451E-1 2.84092E-1 2.97716E-1 2.87975E-1 3.50603E-1 4.01133E-1 2.67572E-1 1.98076E-1 2.19197E-1 2.44871E-1 1.58645E-1 9.20269E-2 6.01708E-2 3.74555E-2 6.22209E-2 5.25495E-2 1.61443E-2 3.97006E-3 3.32245E-3 3.56893E-3 1.9854E-3 6.92271E-4 1.69582E-4 5.61339E-5 8.01443E-6
2.23222E-1 2.1787E-1 1.8508E-1 1.37914E-1 1.5527E-1 1.7634E-1 1.86792E-1 1.90027E-1 1.31996E-1 8.61228E-2 8.40634E-2 1.64613E-1 2.31608E-1 1.08234E-1 5.1857E-2 9.7119E-2 1.58391E-1 1.76514E-1 1.84348E-1 2.10841E-1 1.9226E-1 1.71043E-1 1.70805E-1 2.31833E-1 3.63795E-1 3.74004E-1 3.26487E-1 2.65373E-1 2.12471E-1 1.76505E-1 1.76505E-1 2.55092E-1 4.03223E-1 5.37465E-1 4.14413E-1 2.27475E-1 1.79567E-1 1.48312E-1 1.45128E-1 1.84343E-1 2.33667E-1 2.35514E-1 1.74472E-1 1.63313E-1 2.36586E-1 2.61847E-1 2.33746E-1 2.43005E-1 2.49226E-1 1.95997E-1 1.25021E-1 1.02124E-1 1.24654E-1 1.28594E-1 1.31404E-1 8.90691E-2 3.31767E-2 3.51218E-3 1.30759E-3 1.2327E-3 1.30497E-3 1.02225E-3 3.94415E-4 1.22131E-4 3.33323E-5
2.17159E-1 1.71811E-1 1.04287E-1 5.32519E-2 6.81709E-2 9.74677E-2 1.3553E-1 1.48859E-1 1.30108E-1 8.16891E-2 7.10551E-2 1.09793E-1 1.25697E-1 5.77164E-2 3.56035E-2 5.60153E-2 1.07097E-1 1.30508E-1 1.35318E-1 1.32613E-1 1.02785E-1 7.82915E-2 9.80785E-2 1.52362E-1 2.12229E-1 2.27905E-1 2.72991E-1 2.60555E-1 2.16147E-1 1.89396E-1 1.90728E-1 2.39538E-1 3.56295E-1 4.26871E-1 2.92317E-1 1.95921E-1 1.29165E-1 9.85476E-2 9.02035E-2 1.61168E-1 2.14765E-1 2.20145E-1 1.29077E-1 1.1215E-1 1.55817E-1 1.57343E-1 1.83972E-1 2.8704E-1 2.53493E-1 1.7062E-1 1.11374E-1 8.60651E-2 1.17612E-1 1.60766E-1 1.23078E-1 7.24258E-2 1.80904E-2 6.47194E-4 3.19741E-4 1.30024E-3 1.16899E-3 9.32644E-4 6.13065E-4 2.57797E-4 1.00582E-4
2.42334E-1 1.6413E-1 8.65126E-2 3.99883E-2 3.51991E-2 4.96976E-2 8.85646E-2 1.48864E-1 1.13432E-1 5.54879E-2 5.02084E-2 6.22606E-2 6.09478E-2 4.42338E-2 4.3331E-2 5.73614E-2 1.16236E-1 1.02785E-1 8.21467E-2 7.01499E-2 4.86351E-2 4.25083E-2 5.94211E-2 9.17386E-2 1.36356E-1 1.93442E-1 2.56658E-1 2.54856E-1 2.17624E-1 1.90954E-1 1.78083E-1 1.87526E-1 2.13051E-1 2.06652E-1 1.48368E-1 1.31521E-1 1.4676E-1 1.02972E-1 4.11467E-2 6.95869E-2 1.35509E-1 2.26428E-1 1.77929E-1 1.4537E-1 1.53887E-1 1.44022E-1 1.63084E-1 2.14192E-1 2.28023E-1 1.14617E-1 6.18574E-2 3.48957E-2 4.36391E-2 5.87601E-2 5.10455E-2 2.14707E-2 1.90804E-3 3.76382E-5 2.01786E-5 4.63883E-4 7.9444E-4 6.71243E-4 7.67999E-4 4.16175E-4 1.78227E-4
2.44113E-1 1.88428E-1 9.41769E-2 3.70882E-2 2.95238E-2 3.46405E-2 5.673E-2 6.61707E-2 4.05069E-2 1.69107E-2 2.2062E-2 3.31916E-2 6.63892E-2 7.4195E-2 7.37079E-2 7.33717E-2 7.6695E-2 1.05948E-1 8.30807E-2 4.70697E-2 2.3702E-2 2.52155E-2 4.19299E-2 6.55619E-2 9.94023E-2 1.67418E-1 2.40703E-1 2.13117E-1 1.86394E-1 1.68845E-1 1.60669E-1 1.60048E-1 1.67694E-1 1.69246E-1 1.67694E-1 1.64782E-1 1.4676E-1 8.5786E-2 3.94578E-2 4.59232E-2 9.11845E-2 1.24654E-1 1.14435E-1 1.28594E-1 1.38055E-1 1.18963E-1 1.22737E-1 1.27885E-1 1.09266E-1 7.13784E-2 3.753E-2 2.14012E-2 1.87012E-2 1.75573E-2 1.72035E-2 1.02245E-2 7.33463E-4 1.29114E-5 5.35811E-6 1.26562E-4 4.23259E-4 6.10665E-4 8.38099E-4 4.86997E-4 2.02574E-4
2.58471E-1 1.79544E-1 7.6765E-2 3.66753E-2 2.14012E-2 2.00324E-2 2.41752E-2 1.47679E-2 3.71176E-3 4.03484E-3 2.15113E-2 5.50597E-2 7.32954E-2 7.95528E-2 8.47021E-2 7.16665E-2 5.86949E-2 8.26412E-2 6.32941E-2 3.95477E-2 2.98671E-2 3.24811E-2 4.1358E-2 4.9199E-2 7.44028E-2 1.19033E-1 1.70022E-1 1.61411E-1 1.3444E-1 1.31778E-1 1.22737E-1 1.16236E-1 1.15322E-1 9.11771E-2 9.2343E-2 9.85822E-2 9.33175E-2 4.60827E-2 2.6953E-2 3.52077E-2 4.60827E-2 4.56697E-2 3.11331E-2 4.9199E-2 6.67627E-2 6.27581E-2 8.36127E-2 9.98137E-2 9.12848E-2 5.72574E-2 3.64146E-2 2.24076E-2 1.648E-2 1.46713E-2 1.04036E-2 7.2286E-3 1.16167E-3 1.06056E-4 5.77455E-5 1.82967E-4 3.70296E-4 6.8624E-4 8.64755E-4 5.08746E-4 1.6707E-4
1.92636E-1 1.16683E-1 4.46824E-2 2.35855E-2 1.56364E-2 1.74775E-2 1.48434E-2 1.24127E-2 6.50172E-3 1.26933E-2 2.8174E-2 5.15451E-2 4.36425E-2 6.59467E-2 8.76803E-2 7.71533E-2 5.46068E-2 5.59097E-2 4.9658E-2 4.33913E-2 4.25083E-2 5.06299E-2 4.63567E-2 4.3715E-2 6.17224E-2 7.52952E-2 9.34054E-2 1.04495E-1 1.15264E-1 1.05082E-1 8.76605E-2 6.66875E-2 6.67939E-2 5.36084E-2 4.76134E-2 5.03224E-2 5.673E-2 6.53408E-2 7.92533E-2 5.26742E-2 3.70077E-2 2.08354E-2 1.71393E-2 1.76492E-2 1.15417E-2 9.17471E-3 1.79203E-2 4.07809E-2 5.2929E-2 2.77598E-2 2.21963E-2 2.25407E-2 1.37936E-2 1.14055E-2 7.46035E-3 4.24727E-3 1.59289E-3 6.23816E-4 4.56554E-4 3.73264E-4 2.03938E-4 2.86057E-4 7.28301E-4 5.59608E-4 1.66924E-4
6.90324E-2 4.1699E-2 2.05527E-2 1.18818E-2 1.12794E-2 1.24127E-2 1.43726E-2 2.57654E-2 2.32288E-2 9.88243E-3 2.8909E-2 4.9658E-2 3.755E-2 4.25542E-2 5.38972E-2 5.03896E-2 4.45216E-2 3.59811E-2 3.25714E-2 3.54766E-2 4.45216E-2 5.24069E-2 4.47049E-2 3.32466E-2 3.32095E-2 3.13133E-2 5.12087E-2 4.26738E-2 6.62882E-2 5.62108E-2 3.9761E-2 3.09849E-2 2.92493E-2 2.28455E-2 2.1525E-2 2.08896E-2 3.08224E-2 6.4654E-2 8.30807E-2 3.45319E-2 2.21292E-2 1.53646E-2 1.70735E-2 1.90788E-2 7.39891E-3 4.80658E-3 7.91378E-3 2.11881E-2 2.46282E-2 1.07507E-2 8.05147E-3 1.33318E-2 1.23357E-2 9.67459E-3 5.31096E-3 3.40604E-3 2.29824E-3 1.79401E-3 1.65666E-3 1.12768E-3 3.21926E-4 2.75394E-4 5.40362E-4 4.54487E-4 1.8466E-4
3.13514E-2 1.84187E-2 1.03956E-2 6.7342E-3 7.097E-3 7.98016E-3 1.22103E-2 2.78283E-2 2.46838E-2 7.62915E-3 3.55422E-2 3.2107E-2 1.87711E-2 1.53781E-2 2.10848E-2 2.03595E-2 1.69107E-2 1.37598E-2 1.21655E-2 2.10848E-2 3.7759E-2 3.76353E-2 3.41396E-2 2.52931E-2 1.87552E-2 1.69185E-2 1.89034E-2 1.44196E-2 1.56773E-2 2.30777E-2 1.82043E-2 1.44345E-2 1.1554E-2 9.17471E-3 1.09878E-2 1.03101E-2 1.52971E-2 1.94449E-2 1.34052E-2 1.54726E-2 1.95386E-2 1.39884E-2 1.55871E-2 1.52299E-2 1.31092E-2 1.53955E-2 1.61443E-2 1.27074E-2 1.44341E-2 1.26727E-2 2.34985E-2 1.53244E-2 1.35467E-2 1.13495E-2 3.59794E-3 3.40014E-3 3.69096E-3 2.77589E-3 3.62226E-3 3.83196E-3 1.20724E-3 7.17905E-4 7.02872E-4 5.06514E-4 2.18329E-4
1.70148E-2 9.69796E-3 5.74398E-3 4.11819E-3 3.85051E-3 5.79797E-3 1.05502E-2 1.18818E-2 1.30856E-2 1.56787E-2 2.00324E-2 1.34052E-2 1.22851E-2 1.04219E-2 8.44221E-3 5.48623E-3 4.78717E-3 3.61544E-3 4.87346E-3 1.36878E-2 3.39146E-2 3.5154E-2 2.49551E-2 1.58488E-2 9.66058E-3 5.65891E-3 5.11715E-3 4.54417E-3 3.82551E-3 6.91419E-3 5.62546E-3 4.64213E-3 3.67647E-3 2.92923E-3 3.03693E-3 4.10022E-3 3.07666E-3 2.14496E-3 1.13478E-3 1.41542E-3 5.56521E-3 9.59054E-3 6.53109E-3 3.81616E-3 3.41081E-3 2.66089E-3 2.50132E-3 1.76044E-3 2.80759E-3 7.25204E-3 1.22612E-2 1.7505E-2 2.11707E-2 1.94635E-2 8.93503E-3 6.66547E-3 8.93503E-3 2.56993E-3 1.77063E-3 1.99394E-3 1.7015E-3 1.36398E-3 1.20724E-3 7.17905E-4 3.19757E-4
1.22946E-2 8.01288E-3 4.99735E-3 4.2474E-3 3.35837E-3 5.17953E-3 8.29336E-3 1.05502E-2 1.44274E-2 1.70419E-2 1.20321E-2 8.83231E-3 7.2348E-3 4.70177E-3 3.17665E-3 1.7119E-3 1.18803E-3 8.61189E-4 3.17459E-3 1.2567E-2 3.41396E-2 4.19067E-2 2.45587E-2 1.29284E-2 8.17195E-3 6.10219E-3 3.13186E-3 2.3056E-3 1.86176E-3 2.7857E-3 2.45381E-3 1.95619E-3 1.3913E-3 1.05943E-3 8.40499E-4 1.20805E-3 8.20754E-4 1.35512E-3 7.84284E-4 9.13795E-4 4.11838E-3 7.26409E-3 1.95399E-3 7.37673E-4 6.15828E-4 2.71367E-4 6.05833E-4 1.83472E-3 2.88026E-3 3.59212E-3 4.63099E-3 6.51175E-3 1.55486E-2 2.627E-2 1.50499E-2 9.62554E-3 4.95417E-2 5.98637E-3 2.11511E-3 1.91676E-3 1.7015E-3 2.0336E-3 2.52069E-3 1.47877E-3 6.73686E-4
9.88243E-3 5.96603E-3 7.12701E-3 1.61124E-2 1.42346E-2 1.16976E-2 1.26933E-2 1.21521E-2 1.36575E-2 1.81649E-2 2.13622E-2 1.35391E-2 3.02696E-3 1.73014E-3 7.8956E-4 3.32002E-4 2.12728E-4 2.66212E-4 6.58067E-4 3.79928E-3 1.41368E-2 2.9672E-2 1.8373E-2 1.00905E-2 6.89758E-3 6.66511E-3 5.78219E-3 2.45381E-3 1.26989E-3 1.23619E-3 1.21189E-3 7.73617E-4 4.35177E-4 3.22096E-4 3.31299E-4 4.72153E-4 6.87207E-4 8.77547E-4 7.85863E-4 5.37608E-4 1.0391E-3 1.53465E-3 5.44475E-4 1.79096E-4 2.53335E-4 2.69031E-4 3.58478E-3 8.13977E-3 2.98257E-3 1.2327E-3 2.19007E-3 3.35902E-3 8.93503E-3 2.43396E-2 3.06524E-2 1.10796E-2 3.15735E-2 2.47157E-2 9.14082E-3 3.48836E-3 1.77063E-3 1.77063E-3 4.69947E-3 5.15013E-3 2.88447E-3
5.96386E-3 5.03684E-3 6.87789E-3 1.37655E-2 1.97296E-2 2.46044E-2 2.73507E-2 2.78631E-2 2.64523E-2 3.40501E-2 2.63248E-2 1.16975E-2 4.49812E-3 1.64664E-3 4.05284E-4 7.46537E-5 6.99379E-5 1.50901E-4 3.94856E-4 6.05917E-4 2.13942E-3 4.35571E-3 4.48103E-3 5.51808E-3 5.32646E-3 7.04336E-3 9.41099E-3 3.99397E-3 1.71417E-3 8.86259E-4 6.19396E-4 3.3421E-4 1.39467E-4 8.99289E-5 1.00233E-4 1.56841E-4 2.61475E-4 3.61414E-4 3.08915E-4 2.17284E-4 1.40655E-4 2.25704E-4 3.23994E-4 3.6872E-4 5.0076E-4 9.61536E-4 5.34006E-3 5.86687E-3 2.157E-3 1.10476E-3 1.90879E-3 5.15013E-3 7.54533E-3 1.56335E-2 2.48197E-2 1.16552E-2 1.51965E-2 3.76015E-2 2.33388E-2 1.06646E-2 3.29601E-3 8.31868E-4 9.42792E-4 2.24307E-3 4.25727E-4
3.82153E-3 3.06625E-3 3.67213E-3 7.72408E-3 1.68312E-2 3.12603E-2 3.7797E-2 4.11535E-2 4.33792E-2 4.18762E-2 2.98154E-2 1.27095E-2 5.81722E-3 1.26989E-3 2.3983E-4 6.28241E-5 7.87845E-5 1.32032E-4 3.97788E-4 1.08512E-3 1.90099E-3 1.34386E-3 2.85986E-4 5.67407E-4 1.55305E-3 5.75279E-3 1.44411E-2 6.52634E-3 2.23001E-3 7.45778E-4 3.30694E-4 1.57406E-4 6.99449E-5 3.59714E-5 3.30339E-5 4.08554E-5 6.28241E-5 1.12465E-4 9.20044E-5 3.46694E-5 1.72882E-5 4.83654E-5 2.43398E-4 6.96798E-4 7.23696E-4 9.42178E-4 1.50605E-3 1.13523E-3 9.65658E-4 9.42792E-4 1.59289E-3 3.77607E-3 4.52951E-3 8.09389E-3 9.20798E-3 6.59589E-3 9.20798E-3 1.76325E-2 1.99651E-2 1.87391E-2 3.85315E-3 3.29149E-4 1.67082E-4 5.21078E-4 4.37184E-5
4.1071E-3 1.83479E-3 1.45788E-3 3.79943E-3 8.7523E-3 1.54289E-2 1.85968E-2 2.98671E-2 3.0383E-2 4.47049E-2 3.65856E-2 1.71176E-2 5.50786E-3 1.18803E-3 2.8746E-4 1.07304E-4 1.10987E-4 1.86627E-4 3.73564E-4 8.96797E-4 1.36446E-3 2.12302E-3 6.666E-4 1.73895E-4 5.23922E-4 3.08084E-3 9.58793E-3 4.90161E-3 1.62639E-3 5.72928E-4 2.31085E-4 8.9422E-5 5.41661E-5 3.04509E-5 2.43748E-5 3.59072E-5 4.25145E-5 9.53003E-5 1.12048E-4 5.25496E-5 1.99593E-5 4.18385E-5 3.78326E-4 1.30759E-3 1.39056E-3 7.41589E-4 1.00634E-3 1.44926E-3 2.04486E-3 2.53464E-3 3.71137E-3 4.28506E-3 3.03994E-3 3.11344E-3 3.4675E-3 2.81189E-3 3.40256E-3 5.61024E-3 6.59589E-3 3.58977E-3 3.30975E-4 9.80645E-6 7.10625E-7 9.30373E-6 1.36751E-5
4.24727E-3 1.32675E-3 4.62055E-4 2.67336E-4 3.71436E-3 9.41099E-3 2.68706E-3 1.71393E-2 2.27701E-2 3.19465E-2 4.04693E-2 1.68145E-2 4.69949E-3 1.02362E-3 2.06591E-4 1.11171E-4 8.22102E-5 1.66908E-4 4.90041E-4 1.47474E-3 1.49832E-3 1.02249E-3 7.22594E-4 9.66691E-4 1.75562E-3 2.27902E-3 1.82763E-3 1.33407E-3 3.71163E-4 2.5054E-4 1.5322E-4 1.52942E-4 1.09282E-4 7.38693E-5 7.21376E-5 1.15354E-4 3.09767E-4 8.33484E-4 5.47221E-4 1.38455E-4 5.67932E-5 1.18338E-4 7.06958E-4 1.3813E-3 1.35377E-3 1.12797E-3 9.65658E-4 2.16737E-3 3.83196E-3 6.24093E-3 1.01829E-2 5.24485E-3 3.50766E-3 2.12683E-3 2.02356E-3 1.35397E-3 9.37127E-4 1.50075E-3 2.14653E-3 5.27852E-4 1.93442E-5 7.10625E-7 7.02069E-8 1.60041E-7 -9999
1.37427E-2 4.8995E-3 3.37812E-4 6.24066E-8 7.61313E-4 6.98374E-5 2.59954E-4 1.09705E-2 2.44877E-2 2.99336E-2 2.72107E-2 1.35391E-2 3.51218E-3 6.07637E-4 1.56738E-4 7.12939E-5 6.27511E-5 1.55061E-4 6.13725E-4 1.61803E-3 4.01922E-3 5.90586E-3 6.88106E-3 3.78373E-3 2.75145E-3 3.50018E-3 1.80719E-3 5.37062E-4 8.11712E-5 1.15172E-4 1.62618E-4 2.11213E-4 2.09789E-4 1.50428E-4 1.2395E-4 2.5209E-4 5.54118E-4 8.63061E-4 5.08827E-4 2.37802E-4 1.54157E-4 2.0761E-4 4.41167E-4 5.91278E-4 8.03756E-4 1.08702E-3 8.69254E-4 1.30264E-3 1.74475E-3 2.50923E-3 2.10029E-3 3.01009E-3 3.0265E-3 2.22819E-3 1.52843E-3 6.41431E-4 1.69569E-4 4.25592E-4 1.49798E-3 1.84972E-4 2.08824E-5 5.9212E-6 1.96655E-6 5.92911E-7 -9999
5.62126E-2 2.54401E-2 6.32412E-4 2.19857E-5 1.59281E-6 1.03079E-4 4.2249E-3 2.42763E-2 3.59011E-2 2.15136E-2 8.44221E-3 5.39991E-3 1.56708E-3 2.16651E-4 9.67263E-5 4.86554E-5 4.87677E-5 1.99971E-4 8.01074E-4 2.68706E-3 1.77554E-2 2.4332E-2 1.75583E-2 1.06316E-2 6.70284E-3 3.85315E-3 2.01362E-3 7.81099E-4 3.56318E-4 2.49325E-4 2.06461E-4 2.55479E-4 2.65348E-4 2.03938E-4 1.27095E-4 2.0432E-4 4.18351E-4 4.85066E-4 2.84543E-4 1.43318E-4 8.67141E-5 8.2675E-5 1.15172E-4 1.87337E-4 3.19741E-4 5.37497E-4 5.14974E-4 4.24456E-4 4.60882E-4 7.9444E-4 6.71217E-4 5.57044E-4 1.08127E-3 9.37127E-4 5.17536E-4 3.12508E-4 1.28367E-4 3.56979E-4 5.0553E-4 1.01286E-4 1.93442E-5 7.16035E-5 4.82308E-5 -9999 -9999
4.57384E-2 5.99894E-2 9.95766E-3 3.61634E-3 3.01492E-3 2.65117E-3 1.73817E-2 4.67333E-2 4.20059E-2 1.31912E-2 2.5847E-3 3.11988E-3 1.02504E-3 9.10676E-5 5.16509E-5 4.57595E-5 4.63628E-5 3.27533E-4 1.82332E-3 7.03263E-3 4.52649E-2 5.20034E-2 3.31686E-2 1.95694E-2 1.1303E-2 5.41025E-3 3.47391E-3 2.10611E-3 8.80337E-4 3.12517E-4 2.5564E-4 2.33429E-4 1.69675E-4 5.70558E-5 4.37184E-5 8.82048E-5 2.4197E-4 2.40635E-4 1.22729E-4 5.5009E-5 3.35663E-5 2.42908E-5 2.5704E-5 7.13942E-5 1.822E-4 3.50755E-4 4.52822E-4 3.64496E-4 2.24134E-4 2.4992E-4 1.59607E-4 1.39452E-4 1.00975E-4 4.91896E-5 5.81724E-5 1.47339E-4 2.49788E-4 2.44216E-4 1.47339E-4 6.89122E-5 7.73772E-5 1.29473E-4 -9999 -9999 -9999
2.25091E-2 1.33531E-2 2.94052E-2 3.19465E-2 4.31314E-2 2.72366E-2 3.81931E-2 5.80973E-2 5.54879E-2 2.27006E-2 6.3569E-3 4.44932E-3 1.76044E-3 1.30588E-4 3.03914E-5 6.75641E-5 1.70306E-4 1.13874E-3 5.50786E-3 2.29949E-2 7.75351E-2 7.66839E-2 4.33269E-2 2.72733E-2 1.82505E-2 1.05876E-2 7.22232E-3 5.313E-3 2.75011E-3 1.03005E-3 7.69157E-4 5.58997E-4 8.72049E-5 5.82191E-6 7.64127E-6 1.69245E-5 4.45874E-5 6.727E-5 3.35174E-5 1.83079E-5 1.78073E-5 8.87866E-6 4.54689E-6 3.50261E-5 1.66908E-4 3.57102E-4 5.97569E-4 4.82377E-4 2.4491E-4 1.12308E-4 3.3469E-5 1.51176E-5 1.05044E-5 1.89648E-6 5.10399E-6 2.92221E-5 7.62454E-5 6.58678E-5 2.10373E-5 5.08829E-6 5.7964E-6 6.37328E-6 -9999 -9999 -9999
9.61436E-2 9.707E-2 1.13793E-1 1.00236E-1 1.18718E-1 1.20705E-1 1.04557E-1 6.87979E-2 7.49168E-2 6.9034E-2 4.68699E-2 2.46052E-2 6.17139E-3 2.4749E-4 1.82781E-5 5.02229E-5 2.66529E-4 2.25961E-3 1.1992E-2 3.20828E-2 7.85966E-2 6.48533E-2 3.66437E-2 2.90346E-2 2.53393E-2 1.45389E-2 9.20849E-3 1.0711E-2 9.30093E-3 4.96603E-3 3.11387E-3 2.19995E-3 2.46159E-4 1.83816E-5 7.83278E-6 6.86935E-6 7.64127E-6 8.91308E-6 8.15279E-6 6.66949E-6 8.44795E-6 6.04908E-6 2.49829E-6 2.94329E-5 2.03579E-4 6.19396E-4 1.12854E-3 6.49906E-4 2.61328E-4 9.34998E-5 1.71168E-5 8.3117E-6 3.81527E-6 1.20934E-6 2.00564E-6 8.7237E-6 2.21762E-5 2.51245E-5 7.42705E-6 4.24076E-7 2.78689E-7 -9999 -9999 -9999 -9999
2.37548E-1 2.01368E-1 2.1592E-1 2.11313E-1 1.66336E-1 1.43547E-1 1.51288E-1 1.14375E-1 1.01171E-1 8.30165E-2 6.62742E-2 5.25172E-2 9.86406E-3 6.98371E-4 3.48098E-5 2.48755E-6 6.19165E-5 2.19331E-3 1.62182E-2 4.17326E-2 5.39489E-2 4.05003E-2 2.34515E-2 1.91435E-2 1.528E-2 8.16866E-3 6.2515E-3 1.02266E-2 1.05813E-2 5.92316E-3 3.20479E-3 1.75303E-3 5.37744E-4 1.19082E-4 2.63439E-5 6.65548E-6 1.8475E-6 1.73805E-6 3.18246E-6 4.81158E-6 8.37625E-6 1.12382E-5 1.31443E-5 5.70229E-5 3.3204E-4 6.98308E-4 9.10013E-4 7.84791E-4 2.37069E-4 7.85404E-5 2.08437E-5 1.01255E-5 3.30204E-6 1.43116E-6 1.65112E-6 5.11346E-6 1.29021E-5 1.71446E-5 1.09989E-5 1.94433E-6 -9999 -9999 -9999 -9999 -9999
3.35197E-1 3.69159E-1 2.94613E-1 2.33746E-1 1.873E-1 1.61525E-1 1.88163E-1 1.83139E-1 1.00854E-1 4.03808E-2 3.88084E-2 3.36662E-2 5.52303E-3 9.95506E-4 2.84975E-5 2.18081E-6 5.53958E-5 3.08187E-3 2.84161E-2 5.6905E-2 3.71752E-2 2.30499E-2 1.23247E-2 8.61246E-3 6.49106E-3 3.54021E-3 2.14659E-3 2.92188E-3 3.34492E-3 2.10611E-3 1.22596E-3 9.17845E-4 7.93215E-4 5.39387E-4 9.43421E-5 1.04893E-5 1.28091E-6 9.57467E-7 2.72289E-6 1.03281E-5 1.28114E-5 2.08824E-5 4.35835E-5 1.19661E-4 3.54333E-4 7.41508E-4 7.38777E-4 5.03416E-4 1.66394E-4 6.67537E-5 2.85932E-5 1.00904E-5 4.18154E-6 2.16476E-6 2.0663E-6 3.79339E-6 -9999 -9999 -9999 -9999 -9999 -9999 -9999 -9999 -9999
4.80935E-1 4.02955E-1 2.74425E-1 2.03915E-1 1.61823E-1 1.42104E-1 1.41149E-1 1.01079E-1 5.42335E-2 2.07164E-2 1.29499E-2 6.37612E-3 1.22292E-3 1.8984E-4 1.7992E-5 1.09989E-5 3.35911E-4 4.57207E-3 9.09082E-3 1.31027E-2 1.62672E-2 1.49956E-2 6.73114E-3 4.51254E-3 4.19268E-3 1.90719E-3 7.9125E-4 5.27852E-4 4.95932E-4 5.06481E-4 4.53565E-4 5.28846E-4 8.99447E-4 1.12676E-3 2.33003E-4 3.31189E-5 7.05942E-6 3.96921E-6 7.87705E-6 1.39223E-5 3.10985E-5 6.89122E-5 1.654E-4 3.41747E-4 5.63078E-4 6.4129E-4 5.2791E-4 2.66529E-4 1.16621E-4 5.67749E-5 2.75855E-5 1.25707E-5 6.34015E-6 4.11666E-6 3.30817E-6 -9999 -9999 -9999 -9999 -9999 -9999 -9999 -9999 -9999 -9999
4.65864E-1 3.69834E-1 2.34552E-1 1.62609E-1 1.16695E-1 1.09144E-1 8.98932E-2 5.49644E-2 2.77388E-2 1.04026E-2 4.26101E-3 1.41261E-3 2.33429E-4 4.14864E-5 1.25321E-5 1.41292E-5 2.73539E-4 1.5172E-3 7.88818E-4 1.32268E-3 7.87278E-3 1.70232E-2 1.29496E-2 6.13993E-3 1.83414E-3 5.1786E-4 2.78975E-4 2.12124E-4 1.73516E-4 1.47616E-4 1.90198E-4 3.56338E-4 6.40279E-4 6.77497E-4 2.97438E-4 8.75789E-5 3.31993E-5 2.05461E-5 2.27044E-5 3.98789E-5 9.88211E-5 2.11731E-4 5.28831E-4 9.56841E-4 9.97352E-4 6.35533E-4 2.64774E-4 1.38368E-4 5.81548E-5 3.48744E-5 2.16331E-5 1.36152E-5 8.72918E-6 7.24545E-6 9.19664E-6 -9999 -9999 -9999 -9999 -9999 -9999 -9999 -9999 -9999 -9999
4.26961E-1 3.50628E-1 2.34759E-1 1.80105E-1 1.51691E-1 1.05791E-1 6.51549E-2 3.2197E-2 1.43103E-2 4.85766E-3 1.55955E-3 5.05558E-4 1.54335E-4 3.95083E-5 1.6235E-5 2.22618E-5 1.09142E-4 3.30975E-4 4.12553E-4 1.00886E-3 5.79913E-3 1.81511E-2 1.84989E-2 7.33744E-3 1.10377E-3 3.26112E-4 1.88443E-4 1.7192E-4 1.43958E-4 8.59321E-5 1.28601E-4 2.79501E-4 4.43789E-4 4.82647E-4 3.25136E-4 1.80794E-4 9.86216E-5 6.91287E-5 7.08142E-5 1.03967E-4 2.00696E-4 4.32583E-4 1.17028E-3 2.76517E-3 1.49806E-3 5.06467E-4 1.37671E-4 3.31785E-5 1.9031E-5 1.76232E-5 1.6741E-5 1.32667E-5 1.10602E-5 1.16466E-5 1.36152E-5 -9999 -9999 -9999 -9999 -9999 -9999 -9999 -9999 -9999 -9999
