KUENM/Final_Models/M_0.1_F_lq_Set_2_EC/sp1_0_se_asia.asc
ncols         320
nrows         243
xllcorner     44.0
yllcorner     -0.666666666666667
cellsize      0.166666666666667
NODATA_value  -9999
[rows 62 to 92 of 243, columns 70 to 139 of 320]
1.34168E-2 9.58709E-3 5.92186E-3 2.70445E-3 1.58005E-3 8.16332E-4 1.12006E-4 3.57891E-4 4.02595E-4 8.07992E-5 1.27723E-3 3.59091E-3 6.52153E-3 1.015E-2 1.21287E-2 1.99664E-2 3.33441E-2 3.76281E-2 3.92588E-2 4.05162E-2 4.19083E-2 4.30513E-2 4.29526E-2 4.26769E-2 4.23946E-2 2.36995E-2 8.4921E-3 9.30364E-3 8.30372E-3 4.54694E-3 8.2108E-3 1.26514E-2 1.28133E-2 1.00146E-2 1.77743E-2 3.30124E-2 3.41423E-2 3.13635E-2 2.99259E-2 2.91926E-2 2.91926E-2 2.40296E-2 2.3059E-2 2.33463E-2 2.13018E-2 1.76215E-2 1.13707E-2 1.10798E-2 1.01E-2 1.09938E-2 1.15104E-2 1.29928E-2 2.08913E-2 3.18875E-2 4.48944E-2 4.90367E-2 5.3471E-2 5.93118E-2 6.38397E-2 6.83953E-2 7.21382E-2 7.46788E-2 6.16382E-2 3.07723E-2 1.41372E-2 1.24253E-2 4.90824E-3 4.69938E-3 9.71613E-3 2.40453E-2
1.44775E-2 1.3686E-2 9.862E-3 4.92591E-3 3.46583E-3 3.10234E-3 2.08758E-3 3.27767E-3 2.72179E-3 5.07078E-4 1.47083E-3 1.12236E-3 3.29297E-3 1.18761E-2 1.75497E-2 1.74643E-2 2.96712E-2 3.34158E-2 3.76281E-2 4.02363E-2 4.22648E-2 4.30106E-2 4.40179E-2 4.30728E-2 4.21844E-2 3.51785E-2 1.72648E-2 1.37251E-2 1.24184E-2 7.01926E-3 7.46683E-3 6.78827E-3 1.23657E-2 1.99664E-2 1.21628E-2 2.50662E-2 3.04604E-2 2.90125E-2 2.69442E-2 2.69535E-2 2.393E-2 1.80606E-2 1.43349E-2 2.09408E-2 2.40296E-2 2.14608E-2 1.72932E-2 1.91132E-2 1.55775E-2 1.6295E-2 1.71049E-2 2.21227E-2 2.92434E-2 3.7629E-2 4.38803E-2 4.84848E-2 5.3471E-2 5.69033E-2 6.24658E-2 6.62197E-2 6.8626E-2 6.57457E-2 3.67545E-2 2.37308E-2 9.29016E-3 6.10094E-3 3.84078E-3 3.59275E-3 1.51146E-2 2.04926E-2
1.44051E-2 1.5863E-2 1.1901E-2 7.82112E-3 5.26152E-3 6.15195E-3 6.89975E-3 8.5845E-3 6.96368E-3 1.67198E-3 9.72875E-4 5.32404E-4 4.34543E-3 5.44429E-3 1.61768E-2 2.31484E-2 2.89634E-2 3.38233E-2 3.70318E-2 3.9268E-2 4.20349E-2 4.40179E-2 4.43797E-2 4.363E-2 4.63106E-2 3.80609E-2 1.0986E-2 1.63285E-2 1.50352E-2 1.13449E-2 7.36315E-3 5.04201E-3 1.01673E-2 2.66376E-2 2.67883E-2 2.79303E-2 2.93156E-2 2.93679E-2 2.83122E-2 2.7626E-2 2.41577E-2 2.25645E-2 1.45178E-2 2.0326E-2 2.99259E-2 2.83016E-2 2.65607E-2 2.57537E-2 2.36487E-2 2.46646E-2 2.63256E-2 2.77515E-2 3.17974E-2 3.71964E-2 4.28959E-2 4.79965E-2 5.21697E-2 5.61149E-2 5.99675E-2 5.85683E-2 5.75471E-2 5.05174E-2 3.24509E-2 8.93368E-3 8.07671E-3 3.99847E-3 1.39208E-3 3.38819E-3 9.80871E-3 3.96405E-2
1.07162E-2 1.31073E-2 5.7694E-3 9.677E-3 4.4909E-3 7.23653E-3 6.55857E-3 9.68219E-3 1.34408E-2 1.30359E-2 1.37456E-2 1.17028E-2 1.84852E-2 3.22469E-3 4.14664E-3 1.79505E-2 2.96225E-2 3.66413E-2 3.70318E-2 4.09572E-2 4.3981E-2 4.50218E-2 4.50548E-2 4.4548E-2 4.65226E-2 4.48164E-2 2.24098E-2 1.59954E-2 1.75497E-2 1.19759E-2 6.23769E-3 5.64357E-3 1.18137E-2 2.13913E-2 3.08163E-2 3.6287E-2 3.42893E-2 3.51225E-2 3.48401E-2 3.51045E-2 3.3164E-2 3.19508E-2 3.09205E-2 3.34567E-2 3.4089E-2 3.42503E-2 3.20553E-2 3.11611E-2 3.00893E-2 3.15028E-2 3.10017E-2 3.21199E-2 3.50298E-2 3.86166E-2 4.28842E-2 4.48823E-2 4.16454E-2 4.40081E-2 4.76962E-2 5.79393E-2 5.91681E-2 3.78891E-2 1.66851E-2 7.45453E-3 6.2539E-3 2.25751E-3 8.28262E-4 6.76835E-3 4.67821E-2 7.56754E-2
1.51212E-2 1.59882E-2 1.77693E-2 1.48278E-2 2.67168E-3 6.45437E-3 6.81013E-3 3.95693E-3 9.87453E-3 1.34408E-2 1.60379E-2 3.80719E-2 4.1438E-2 1.14617E-2 1.25485E-3 4.67288E-3 2.11298E-2 3.22607E-2 3.83375E-2 4.24665E-2 4.61494E-2 4.60212E-2 4.74322E-2 4.68768E-2 4.77729E-2 4.5504E-2 2.88546E-2 1.51907E-2 1.83587E-2 1.27778E-2 6.44565E-3 3.21626E-3 6.62598E-3 1.23222E-2 2.04435E-2 3.35171E-2 3.85499E-2 3.7772E-2 3.9218E-2 3.94087E-2 3.84523E-2 3.74945E-2 3.72467E-2 3.78041E-2 3.76125E-2 3.86222E-2 3.717E-2 3.64184E-2 3.6425E-2 3.58542E-2 3.51817E-2 3.3425E-2 3.35582E-2 3.46174E-2 3.20501E-2 2.53453E-2 2.86779E-2 4.03689E-2 5.70374E-2 6.21195E-2 6.11277E-2 2.95939E-2 1.0854E-2 8.76277E-3 6.64539E-3 1.94433E-3 4.73326E-3 5.71334E-3 2.85555E-2 9.44507E-2
3.01181E-2 3.36574E-2 3.47983E-2 2.59776E-2 2.10654E-2 2.32518E-2 1.28581E-2 3.03601E-3 7.97133E-3 1.39957E-2 1.78281E-2 4.05553E-2 5.21597E-2 3.93996E-2 1.48999E-2 1.65717E-3 1.04402E-2 2.50669E-2 3.64313E-2 4.32027E-2 4.76427E-2 4.8001E-2 4.87842E-2 4.85709E-2 4.83858E-2 4.69376E-2 3.79861E-2 1.74934E-2 2.20639E-2 1.77857E-2 1.29206E-2 6.22346E-3 1.61543E-3 8.5519E-3 1.85395E-2 3.19196E-2 4.23928E-2 4.1717E-2 4.16778E-2 4.30728E-2 4.16445E-2 4.19631E-2 4.09364E-2 4.15038E-2 4.20011E-2 4.1749E-2 4.15237E-2 4.03845E-2 4.07231E-2 3.83375E-2 3.04555E-2 2.41838E-2 2.45024E-2 3.09735E-2 3.49258E-2 3.77504E-2 5.0155E-2 5.97411E-2 6.10826E-2 6.45362E-2 5.55978E-2 2.36905E-2 1.26331E-2 1.31516E-2 3.88247E-3 2.02718E-3 1.33601E-2 1.3746E-2 4.73443E-2 1.07192E-1
4.0642E-2 4.22673E-2 4.80531E-2 5.38972E-2 5.14555E-2 4.02206E-2 2.34829E-2 1.76963E-2 1.33601E-2 2.46309E-2 4.08758E-2 4.90882E-2 5.61941E-2 5.12292E-2 4.33797E-2 2.37735E-2 9.85532E-3 1.75265E-2 3.29935E-2 4.32292E-2 4.74664E-2 4.72349E-2 4.74664E-2 4.89156E-2 4.85891E-2 4.38803E-2 4.48692E-2 3.07562E-2 2.59527E-2 2.47891E-2 2.09887E-2 1.55329E-2 1.5361E-2 1.84296E-2 2.42499E-2 1.48546E-2 3.22943E-2 4.37183E-2 4.54235E-2 4.6579E-2 4.5169E-2 4.40791E-2 4.47036E-2 4.52478E-2 4.52551E-2 4.46666E-2 4.40179E-2 4.42641E-2 4.363E-2 4.04368E-2 3.51387E-2 3.8647E-2 4.18172E-2 4.49531E-2 4.84218E-2 5.3981E-2 5.62002E-2 5.87912E-2 6.28478E-2 6.5236E-2 4.74405E-2 1.73795E-2 1.76773E-2 1.51577E-2 6.83381E-3 2.42035E-2 2.79403E-2 2.74674E-2 6.40013E-2 1.14442E-1
6.50388E-2 6.29163E-2 6.0473E-2 6.08837E-2 5.00791E-2 5.05568E-2 3.24333E-2 1.44203E-2 3.21171E-2 5.03768E-2 5.97E-2 6.02384E-2 6.11288E-2 5.68396E-2 5.22668E-2 4.64501E-2 3.90832E-2 3.69465E-2 3.42922E-2 4.02164E-2 4.1893E-2 4.12353E-2 4.27435E-2 4.88576E-2 4.59274E-2 3.65352E-2 4.195E-2 4.31376E-2 2.77448E-2 2.41667E-2 2.62434E-2 2.47891E-2 2.31182E-2 2.5379E-2 2.90703E-2 1.20053E-2 1.86385E-2 3.16607E-2 4.02989E-2 4.55599E-2 4.85692E-2 4.80932E-2 4.80716E-2 4.74905E-2 4.75129E-2 4.69286E-2 4.62123E-2 4.6579E-2 4.70146E-2 4.7831E-2 4.74362E-2 4.80896E-2 4.89548E-2 5.01085E-2 5.43154E-2 5.49382E-2 5.81351E-2 5.97411E-2 6.22588E-2 5.70683E-2 4.04125E-2 2.19128E-2 2.28156E-2 1.52061E-2 1.91249E-2 2.75826E-2 2.12671E-2 3.84281E-2 6.2936E-2 1.10758E-1
8.41115E-2 6.03284E-2 4.67821E-2 5.86266E-2 5.15564E-2 4.18546E-2 3.25256E-2 3.01093E-2 5.85577E-2 6.95613E-2 5.98029E-2 5.4677E-2 6.2024E-2 6.44948E-2 6.12398E-2 5.77773E-2 5.61941E-2 5.46302E-2 5.04293E-2 3.62535E-2 3.778E-2 3.94776E-2 3.09635E-2 4.47081E-2 4.46087E-2 2.28612E-2 1.89387E-2 4.30509E-2 2.18975E-2 2.43732E-2 2.86761E-2 3.15265E-2 2.99262E-2 2.92685E-2 3.04914E-2 1.93191E-2 8.45062E-3 2.37188E-2 2.86417E-2 4.09456E-2 4.97401E-2 4.98068E-2 5.0453E-2 4.9849E-2 4.86791E-2 4.92521E-2 4.97469E-2 4.94498E-2 4.93119E-2 4.8979E-2 4.9363E-2 5.0658E-2 5.09816E-2 5.27813E-2 5.49382E-2 5.74845E-2 5.73866E-2 5.84779E-2 5.79383E-2 3.87531E-2 3.25906E-2 1.92733E-2 2.42218E-2 2.3375E-2 3.08688E-2 3.99296E-2 5.43881E-2 5.4866E-2 9.03678E-2 1.03503E-1
7.77073E-2 6.0812E-2 4.58701E-2 2.14824E-2 2.88963E-2 4.58901E-2 6.54357E-2 6.92898E-2 7.76269E-2 7.80476E-2 7.13779E-2 6.83953E-2 6.93633E-2 6.87109E-2 6.73134E-2 6.65632E-2 6.42437E-2 6.26789E-2 6.16529E-2 5.81401E-2 5.50358E-2 5.54916E-2 5.5653E-2 5.0226E-2 4.80488E-2 3.87215E-2 3.77166E-2 5.48647E-2 3.51175E-2 2.88926E-2 3.47366E-2 3.33129E-2 3.33129E-2 2.77108E-2 2.80423E-2 2.89945E-2 2.12963E-2 2.08336E-2 1.62357E-2 2.94833E-2 4.28842E-2 5.2136E-2 5.35376E-2 5.42035E-2 5.23101E-2 5.42035E-2 5.27906E-2 5.19745E-2 5.09269E-2 5.01486E-2 5.17327E-2 5.39446E-2 5.30633E-2 5.52575E-2 5.68396E-2 5.77711E-2 5.78325E-2 5.42703E-2 3.91068E-2 2.55158E-2 3.24509E-2 2.35212E-2 2.42218E-2 2.56406E-2 3.2726E-2 4.45361E-2 2.7052E-2 7.31505E-2 6.65339E-2 1.02117E-1
8.79795E-2 6.89276E-2 7.39411E-2 8.73905E-2 8.46508E-2 8.38322E-2 7.95077E-2 8.32548E-2 8.92952E-2 8.59947E-2 7.88573E-2 6.78929E-2 6.95613E-2 7.40426E-2 7.29343E-2 7.13882E-2 6.90556E-2 6.82717E-2 6.82324E-2 6.67462E-2 6.67616E-2 6.66517E-2 6.50083E-2 5.94681E-2 6.11144E-2 6.19673E-2 6.63871E-2 6.93633E-2 5.79383E-2 5.03373E-2 4.71824E-2 4.42888E-2 3.66736E-2 2.43651E-2 3.40492E-2 3.19691E-2 3.33129E-2 3.15831E-2 1.39757E-2 2.74322E-2 3.67304E-2 4.97152E-2 5.44165E-2 5.41727E-2 5.52309E-2 5.53297E-2 5.39542E-2 5.24591E-2 5.35453E-2 5.31691E-2 5.41908E-2 5.45693E-2 5.4925E-2 5.71731E-2 5.57181E-2 5.35621E-2 4.99266E-2 3.59807E-2 2.18516E-2 2.41278E-2 3.00397E-2 2.96499E-2 4.02331E-2 4.76864E-2 4.07704E-2 5.67588E-2 7.80453E-2 7.84177E-2 9.11196E-2 9.8703E-2
1.02775E-1 1.11142E-1 1.04631E-1 1.08232E-1 1.01574E-1 1.05177E-1 9.98191E-2 1.02122E-1 9.47251E-2 8.80876E-2 8.72154E-2 8.2034E-2 7.50274E-2 7.94763E-2 7.79415E-2 7.54634E-2 7.54639E-2 7.29738E-2 7.21053E-2 7.20158E-2 7.12141E-2 7.12141E-2 7.37278E-2 7.38215E-2 7.37956E-2 7.61119E-2 7.86252E-2 7.87231E-2 7.4424E-2 6.98749E-2 6.30783E-2 5.65611E-2 4.6011E-2 3.15363E-2 2.78357E-2 4.30931E-2 4.2418E-2 3.55017E-2 3.47366E-2 2.76696E-2 3.86281E-2 4.80395E-2 5.4074E-2 5.4599E-2 5.49382E-2 5.36783E-2 5.51996E-2 5.48193E-2 5.51996E-2 5.4925E-2 5.40084E-2 5.36274E-2 4.85421E-2 4.5801E-2 4.62272E-2 3.51175E-2 2.54277E-2 2.39652E-2 2.08096E-2 2.67718E-2 3.64991E-2 3.89146E-2 3.60672E-2 5.14884E-2 3.41064E-2 4.62563E-2 7.36929E-2 5.71799E-2 6.11133E-2 7.82431E-2
1.04058E-1 1.1357E-1 1.02916E-1 1.13242E-1 1.24021E-1 1.20903E-1 1.16194E-1 1.12718E-1 1.0866E-1 1.04516E-1 9.19383E-2 9.43551E-2 8.31048E-2 8.65281E-2 8.13796E-2 7.96865E-2 7.79823E-2 7.79577E-2 7.54352E-2 7.52906E-2 7.52906E-2 7.68542E-2 7.671E-2 7.84174E-2 8.01527E-2 8.19161E-2 8.5669E-2 8.48653E-2 8.58857E-2 7.64103E-2 8.192E-2 7.51636E-2 4.69417E-2 3.71583E-2 2.79292E-2 4.46909E-2 4.99975E-2 4.69782E-2 3.89587E-2 4.47735E-2 3.62044E-2 3.54232E-2 4.77859E-2 4.96723E-2 4.91233E-2 4.96788E-2 5.17031E-2 5.42611E-2 5.20282E-2 4.95165E-2 4.80331E-2 4.53525E-2 4.22753E-2 3.19691E-2 2.50036E-2 2.58192E-2 2.9357E-2 2.31453E-2 2.79495E-2 2.46823E-2 3.77414E-2 3.53663E-2 4.13422E-2 4.85334E-2 4.14448E-2 3.01045E-2 7.02321E-2 8.41443E-2 8.27656E-2 9.72055E-2
1.08787E-1 1.17557E-1 1.25922E-1 1.30424E-1 1.29324E-1 1.24966E-1 1.21841E-1 1.17139E-1 1.16213E-1 1.10706E-1 1.04527E-1 9.46465E-2 8.66059E-2 8.17271E-2 8.38828E-2 8.36866E-2 8.31876E-2 8.14358E-2 7.96736E-2 7.87588E-2 7.86751E-2 7.85613E-2 8.02961E-2 8.19161E-2 8.35339E-2 8.5354E-2 8.81378E-2 9.27144E-2 9.27144E-2 9.60489E-2 9.60489E-2 8.92847E-2 6.99719E-2 4.6906E-2 4.59371E-2 3.51074E-2 4.66262E-2 5.28168E-2 5.42643E-2 4.90417E-2 5.32739E-2 4.49861E-2 3.82157E-2 3.26826E-2 3.16255E-2 4.08134E-2 5.24509E-2 4.72619E-2 4.32236E-2 4.38606E-2 4.01549E-2 3.36795E-2 2.86313E-2 3.09509E-2 3.33906E-2 3.15363E-2 2.8225E-2 3.47428E-2 3.30529E-2 2.54005E-2 3.85206E-2 4.99907E-2 5.86857E-2 4.56528E-2 4.4021E-2 3.86326E-2 6.02401E-2 8.747E-2 8.53918E-2 1.13242E-1
1.13146E-1 1.20288E-1 -9999 -9999 -9999 -9999 -9999 1.23035E-1 1.16194E-1 1.16285E-1 1.10827E-1 9.77177E-2 6.49378E-2 7.01936E-2 7.84343E-2 8.06451E-2 8.33514E-2 8.52851E-2 8.2948E-2 8.31876E-2 8.31883E-2 8.13672E-2 8.30617E-2 8.48653E-2 8.66972E-2 8.863E-2 9.05162E-2 9.23628E-2 9.60489E-2 9.99223E-2 9.62825E-2 8.43956E-2 5.85577E-2 4.97895E-2 4.47986E-2 5.10444E-2 5.2787E-2 5.39343E-2 5.67645E-2 5.86084E-2 5.89125E-2 5.84014E-2 5.97415E-2 5.90246E-2 5.85384E-2 5.97752E-2 5.84122E-2 5.54332E-2 4.90304E-2 4.21833E-2 3.78848E-2 3.76048E-2 3.77166E-2 3.48394E-2 3.08055E-2 3.40762E-2 4.36943E-2 4.54583E-2 3.78261E-2 4.97895E-2 3.02524E-2 6.60733E-2 5.05568E-2 4.85334E-2 5.74461E-2 5.75064E-2 6.87929E-2 8.28586E-2 9.91362E-2 1.12605E-1
-9999 -9999 1.31693E-1 -9999 -9999 -9999 -9999 -9999 1.21841E-1 1.16779E-1 1.14257E-1 9.98191E-2 5.28899E-2 4.44622E-2 5.97765E-2 5.91634E-2 7.36852E-2 7.67987E-2 8.036E-2 8.21502E-2 8.41801E-2 8.43935E-2 8.26447E-2 8.5107E-2 8.52851E-2 8.75097E-2 8.75097E-2 9.02605E-2 8.79215E-2 8.23176E-2 7.52986E-2 6.43285E-2 4.9044E-2 5.05015E-2 4.76087E-2 4.52654E-2 4.76087E-2 5.18747E-2 5.52264E-2 5.37406E-2 5.52264E-2 5.62219E-2 5.2787E-2 5.25402E-2 5.75471E-2 5.91098E-2 5.98438E-2 5.97752E-2 5.66936E-2 5.18673E-2 4.61676E-2 3.88511E-2 3.71214E-2 3.48614E-2 3.9524E-2 4.16111E-2 4.16613E-2 4.7006E-2 5.70732E-2 3.78882E-2 6.67425E-2 5.86857E-2 6.37643E-2 4.94236E-2 6.6068E-2 7.1869E-2 7.53449E-2 8.54103E-2 1.03545E-1 1.26883E-1
1.14149E-1 1.25441E-1 -9999 -9999 -9999 -9999 -9999 -9999 1.26869E-1 1.25008E-1 1.17633E-1 9.62554E-2 4.42807E-2 6.0812E-2 6.03524E-2 5.32691E-2 6.14532E-2 6.13623E-2 6.80955E-2 7.76477E-2 8.11939E-2 7.97944E-2 7.1381E-2 7.68667E-2 8.11093E-2 8.06093E-2 7.83783E-2 7.76341E-2 6.67425E-2 5.30419E-2 4.85855E-2 5.15344E-2 6.25908E-2 6.94992E-2 6.80955E-2 6.71273E-2 6.68089E-2 7.06936E-2 7.99923E-2 6.92898E-2 5.71124E-2 5.78949E-2 6.38323E-2 6.43285E-2 6.08926E-2 6.1285E-2 6.10197E-2 6.31232E-2 5.9837E-2 5.53587E-2 5.10809E-2 4.46909E-2 3.95621E-2 3.71444E-2 3.95698E-2 4.60413E-2 4.97895E-2 4.57266E-2 6.60534E-2 7.03866E-2 8.40265E-2 5.26402E-2 7.47418E-2 6.20533E-2 9.42013E-2 6.7003E-2 8.41418E-2 1.01556E-1 1.10509E-1 1.32254E-1
-9999 -9999 -9999 -9999 -9999 -9999 -9999 -9999 -9999 1.26206E-1 1.19722E-1 1.055E-1 5.72241E-2 7.73195E-2 7.39936E-2 8.00746E-2 7.89008E-2 7.60216E-2 7.64337E-2 7.5829E-2 7.59456E-2 6.71273E-2 6.64588E-2 7.76477E-2 7.25445E-2 6.02772E-2 5.98729E-2 4.95569E-2 4.80531E-2 6.48348E-2 7.75704E-2 6.78007E-2 6.08837E-2 7.5829E-2 6.68089E-2 6.5805E-2 7.70001E-2 8.31403E-2 8.74771E-2 1.01161E-1 9.77177E-2 9.41379E-2 8.54914E-2 7.76264E-2 7.21091E-2 6.9309E-2 6.78197E-2 6.51241E-2 6.30531E-2 5.8158E-2 5.03768E-2 4.62912E-2 4.81186E-2 4.81186E-2 4.82668E-2 5.44512E-2 6.38742E-2 7.65931E-2 8.29514E-2 8.70499E-2 9.75691E-2 9.61896E-2 9.63561E-2 1.10358E-1 1.30428E-1 1.01239E-1 9.5451E-2 1.16879E-1 1.28514E-1 1.37697E-1
-9999 -9999 -9999 -9999 -9999 -9999 -9999 -9999 1.3036E-1 1.27516E-1 1.23372E-1 1.00962E-1 8.18245E-2 9.27222E-2 9.09591E-2 7.51316E-2 8.48742E-2 8.95601E-2 8.63271E-2 8.88301E-2 8.79271E-2 8.54561E-2 8.56575E-2 8.65358E-2 8.30894E-2 7.99808E-2 8.23606E-2 7.67966E-2 7.5829E-2 7.59456E-2 8.56225E-2 7.91981E-2 8.0792E-2 9.52796E-2 9.14742E-2 9.65818E-2 1.03048E-1 1.02086E-1 1.07086E-1 1.16611E-1 9.61896E-2 9.18123E-2 9.85298E-2 9.56668E-2 9.37898E-2 9.02052E-2 8.28803E-2 7.92489E-2 7.4094E-2 7.1348E-2 6.72321E-2 6.58413E-2 5.98458E-2 5.0685E-2 4.85473E-2 6.92284E-2 8.14783E-2 8.74204E-2 9.29739E-2 1.02093E-1 1.12694E-1 1.14608E-1 1.06648E-1 1.40509E-1 1.49534E-1 1.14522E-1 9.8703E-2 1.41792E-1 1.42229E-1 1.40214E-1
-9999 -9999 -9999 -9999 -9999 -9999 -9999 -9999 -9999 1.27516E-1 1.2322E-1 1.02903E-1 1.06664E-1 1.01109E-1 9.86858E-2 9.18123E-2 9.4852E-2 9.38779E-2 9.06556E-2 9.07765E-2 9.32013E-2 9.24242E-2 9.12954E-2 9.22449E-2 9.12954E-2 8.88301E-2 8.88301E-2 8.97396E-2 8.68887E-2 8.97227E-2 9.33324E-2 9.37898E-2 9.86831E-2 1.01499E-1 1.08382E-1 1.11905E-1 1.18241E-1 1.24544E-1 1.28103E-1 1.28138E-1 1.20263E-1 1.11855E-1 1.10789E-1 1.10069E-1 1.07126E-1 1.00472E-1 9.57659E-2 8.8328E-2 8.036E-2 7.68249E-2 7.28522E-2 6.63356E-2 6.08926E-2 6.93583E-2 7.70456E-2 7.86532E-2 8.0718E-2 9.4852E-2 9.95074E-2 1.09003E-1 1.21049E-1 1.22222E-1 1.30978E-1 1.5822E-1 1.69122E-1 1.51951E-1 1.14872E-1 1.41553E-1 1.52603E-1 1.53899E-1
-9999 -9999 -9999 -9999 -9999 -9999 -9999 -9999 -9999 1.24478E-1 1.20288E-1 1.14103E-1 1.08777E-1 1.06638E-1 9.86858E-2 9.43467E-2 9.50724E-2 9.74917E-2 9.36943E-2 9.5135E-2 9.24635E-2 9.24635E-2 9.13996E-2 9.24635E-2 9.24613E-2 9.24242E-2 9.2352E-2 9.2103E-2 9.38325E-2 9.5957E-2 9.15494E-2 9.6193E-2 9.98655E-2 1.00863E-1 1.08541E-1 1.13872E-1 1.21698E-1 1.33782E-1 1.36284E-1 1.29844E-1 1.26004E-1 1.22087E-1 1.17974E-1 1.19099E-1 1.1699E-1 1.06638E-1 1.01103E-1 8.92086E-2 7.75857E-2 7.80316E-2 7.80316E-2 7.70456E-2 7.9818E-2 7.92489E-2 7.8182E-2 8.04648E-2 9.02052E-2 9.94717E-2 1.06076E-1 1.02546E-1 1.195E-1 1.31962E-1 1.39271E-1 1.63767E-1 1.73998E-1 1.77228E-1 1.52331E-1 1.61647E-1 1.62986E-1 1.59526E-1
-9999 -9999 -9999 -9999 -9999 -9999 -9999 -9999 -9999 -9999 1.14706E-1 1.11646E-1 1.08777E-1 1.06631E-1 1.01782E-1 1.01344E-1 9.99223E-2 9.71827E-2 9.53557E-2 9.50565E-2 9.40712E-2 9.23628E-2 9.00295E-2 9.19501E-2 9.14692E-2 9.24613E-2 9.05212E-2 9.2352E-2 9.41647E-2 9.73413E-2 9.63449E-2 9.78856E-2 9.9716E-2 1.01988E-1 1.05476E-1 1.112E-1 1.16128E-1 1.23069E-1 1.29844E-1 1.27412E-1 1.22831E-1 1.17846E-1 1.13318E-1 1.19014E-1 1.17974E-1 1.10827E-1 9.67413E-2 9.06328E-2 8.19399E-2 7.97944E-2 6.79061E-2 7.22051E-2 8.04648E-2 8.02846E-2 8.65358E-2 9.29739E-2 9.94717E-2 1.05369E-1 1.08034E-1 1.16487E-1 1.29347E-1 1.3606E-1 1.39396E-1 1.66401E-1 1.75468E-1 1.84317E-1 1.81476E-1 1.63496E-1 1.7386E-1 1.7216E-1
-9999 -9999 -9999 -9999 -9999 -9999 -9999 -9999 -9999 -9999 -9999 1.09126E-1 1.06549E-1 1.05522E-1 9.9716E-2 1.00221E-1 9.88761E-2 9.61505E-2 9.61505E-2 9.56713E-2 9.31744E-2 9.18871E-2 9.09862E-2 9.05162E-2 8.96071E-2 8.95156E-2 9.13996E-2 9.15041E-2 9.24613E-2 9.2352E-2 9.53557E-2 9.64289E-2 9.58366E-2 9.91927E-2 1.00939E-1 1.04693E-1 1.09612E-1 1.12818E-1 1.14489E-1 1.13384E-1 1.12255E-1 1.12121E-1 1.10528E-1 1.13384E-1 1.0719E-1 1.03032E-1 9.78856E-2 9.33985E-2 8.91186E-2 8.52676E-2 8.17271E-2 8.70305E-2 8.79271E-2 8.65358E-2 9.25071E-2 9.72205E-2 1.0418E-1 1.07699E-1 1.11927E-1 1.16611E-1 1.24553E-1 1.33916E-1 1.49534E-1 1.58454E-1 1.71076E-1 1.86671E-1 1.81077E-1 1.75423E-1 1.70184E-1 1.76055E-1
-9999 -9999 -9999 -9999 -9999 -9999 -9999 -9999 -9999 -9999 -9999 -9999 -9999 -9999 9.99041E-2 1.00584E-1 -9999 -9999 9.64921E-2 9.48382E-2 9.18871E-2 9.18871E-2 9.05387E-2 9.04458E-2 9.05522E-2 8.92531E-2 9.03411E-2 8.85573E-2 9.14007E-2 9.15041E-2 9.24306E-2 9.30932E-2 9.29212E-2 9.51511E-2 9.61505E-2 9.86939E-2 9.94727E-2 1.04795E-1 1.03731E-1 1.07076E-1 1.05308E-1 1.05867E-1 1.0719E-1 1.03731E-1 1.00502E-1 9.74362E-2 9.27144E-2 9.05162E-2 8.66513E-2 8.59624E-2 8.91186E-2 9.05212E-2 9.43551E-2 8.97396E-2 9.29365E-2 9.94717E-2 1.02967E-1 1.04163E-1 1.1139E-1 1.21049E-1 1.29303E-1 1.34229E-1 1.43962E-1 -9999 -9999 1.56833E-1 1.63448E-1 1.72935E-1 1.76559E-1 1.81032E-1
-9999 -9999 -9999 -9999 -9999 -9999 -9999 -9999 -9999 -9999 -9999 -9999 -9999 -9999 -9999 -9999 -9999 -9999 -9999 -9999 9.05758E-2 -9999 -9999 9.00295E-2 8.908E-2 8.908E-2 8.73761E-2 8.65892E-2 8.93924E-2 -9999 8.9498E-2 8.86691E-2 8.86691E-2 9.19501E-2 9.17433E-2 9.27144E-2 9.24729E-2 9.34509E-2 9.84508E-2 9.86939E-2 9.9716E-2 9.83449E-2 9.99041E-2 9.68424E-2 9.44363E-2 9.17433E-2 8.93924E-2 8.58538E-2 8.58972E-2 8.66972E-2 8.84509E-2 9.04458E-2 9.43083E-2 9.44031E-2 1.00317E-1 1.02377E-1 1.0522E-1 1.08396E-1 1.14257E-1 1.17972E-1 1.26798E-1 -9999 -9999 -9999 -9999 -9999 1.44436E-1 1.67039E-1 1.81285E-1 1.86872E-1
-9999 -9999 -9999 -9999 -9999 -9999 -9999 -9999 -9999 -9999 -9999 -9999 -9999 -9999 -9999 -9999 -9999 -9999 -9999 -9999 -9999 -9999 -9999 -9999 -9999 -9999 -9999 -9999 -9999 -9999 -9999 8.76976E-2 8.66972E-2 8.84509E-2 8.73761E-2 8.73761E-2 8.73761E-2 8.73761E-2 9.09862E-2 9.44363E-2 9.34509E-2 -9999 -9999 9.15022E-2 9.07794E-2 8.64483E-2 8.22992E-2 -9999 -9999 -9999 -9999 -9999 9.4397E-2 -9999 -9999 -9999 -9999 -9999 -9999 -9999 -9999 -9999 -9999 -9999 -9999 -9999 1.54586E-1 1.78146E-1 1.90573E-1 2.00464E-1
-9999 -9999 -9999 -9999 -9999 -9999 -9999 -9999 -9999 -9999 -9999 -9999 -9999 -9999 -9999 -9999 -9999 -9999 -9999 -9999 -9999 -9999 -9999 -9999 -9999 -9999 -9999 -9999 -9999 -9999 -9999 -9999 -9999 -9999 8.57777E-2 -9999 8.22506E-2 -9999 -9999 -9999 -9999 -9999 -9999 -9999 -9999 -9999 -9999 -9999 -9999 -9999 -9999 -9999 -9999 -9999 -9999 -9999 -9999 -9999 -9999 -9999 -9999 -9999 -9999 -9999 -9999 -9999 1.78751E-1 1.91821E-1 2.05707E-1 2.09869E-1
-9999 -9999 -9999 -9999 -9999 -9999 -9999 -9999 -9999 -9999 -9999 -9999 -9999 -9999 -9999 -9999 -9999 -9999 -9999 -9999 -9999 -9999 -9999 -9999 -9999 -9999 -9999 -9999 -9999 -9999 -9999 -9999 -9999 -9999 -9999 -9999 -9999 -9999 -9999 -9999 -9999 -9999 -9999 -9999 -9999 -9999 -9999 -9999 -9999 -9999 -9999 -9999 -9999 -9999 -9999 -9999 -9999 -9999 -9999 -9999 -9999 -9999 -9999 -9999 -9999 -9999 1.96617E-1 2.13505E-1 2.11936E-1 2.21599E-1
-9999 -9999 -9999 -9999 -9999 -9999 -9999 -9999 -9999 -9999 -9999 -9999 -9999 -9999 -9999 -9999 -9999 -9999 -9999 -9999 -9999 -9999 -9999 -9999 -9999 -9999 -9999 -9999 -9999 -9999 -9999 -9999 -9999 -9999 -9999 -9999 -9999 -9999 -9999 -9999 -9999 -9999 -9999 -9999 -9999 -9999 -9999 -9999 -9999 -9999 -9999 -9999 -9999 -9999 -9999 -9999 -9999 -9999 -9999 -9999 -9999 -9999 -9999 -9999 -9999 -9999 -9999 -9999 -9999 -9999
-9999 -9999 -9999 -9999 -9999 -9999 -9999 -9999 -9999 -9999 -9999 -9999 -9999 -9999 -9999 -9999 -9999 -9999 -9999 -9999 -9999 -9999 -9999 -9999 -9999 -9999 -9999 -9999 -9999 -9999 -9999 -9999 -9999 -9999 -9999 -9999 -9999 -9999 -9999 -9999 -9999 -9999 -9999 -9999 -9999 -9999 -9999 -9999 -9999 -9999 -9999 -9999 -9999 -9999 -9999 -9999 -9999 -9999 -9999 -9999 -9999 -9999 -9999 -9999 -9999 -9999 -9999 -9999 -9999 2.09034E-1
-9999 -9999 -9999 -9999 -9999 -9999 -9999 -9999 -9999 -9999 -9999 -9999 -9999 -9999 -9999 -9999 -9999 -9999 -9999 -9999 -9999 -9999 -9999 -9999 -9999 -9999 -9999 -9999 -9999 -9999 -9999 -9999 -9999 -9999 -9999 -9999 -9999 -9999 -9999 -9999 -9999 -9999 -9999 -9999 -9999 -9999 -9999 -9999 -9999 -9999 -9999 -9999 -9999 -9999 -9999 -9999 -9999 -9999 -9999 -9999 -9999 -9999 -9999 -9999 -9999 -9999 -9999 -9999 -9999 -9999
