KUENM/Final_Models/M_0.1_F_lq_Set_2_EC/sp1_1.asc
ncols         197
nrows         210
xllcorner     56.1666666666667
yllcorner     4.5
cellsize      0.166666666666667
NODATA_value  -9999
[rows 28 to 55 of 210, columns 65 to 129 of 197]
2.99401E-18 1.44392E-19 1.08241E-21 2.83918E-20 6.38107E-18 2.31683E-16 5.63503E-20 4.56787E-21 8.77921E-18 1.33471E-16 3.7308E-18 3.50459E-20 7.63222E-7 6.69139E-6 1.82797E-8 2.2579E-4 7.89254E-5 4.4375E-7 3.25482E-3 1.01289E-2 2.75709E-4 7.73175E-9 1.82317E-7 2.20695E-3 2.06982E-2 1.09248E-3 4.58267E-2 4.64637E-2 4.09162E-2 3.79552E-3 1.12543E-2 1.00885E-2 7.90303E-4 5.35198E-6 5.10067E-4 4.1008E-4 2.5703E-6 3.75967E-11 7.89532E-14 1.80771E-11 2.47324E-20 3.92307E-16 1.80641E-12 3.1481E-12 1.87266E-12 2.26328E-15 1.79741E-16 1.23768E-19 1.78509E-21 8.22067E-24 4.31668E-26 2.45008E-27 6.41446E-26 6.59901E-29 1.7659E-23 5.85476E-19 5.55711E-29 8.63184E-32 5.12612E-32 2.95465E-25 3.26204E-24 5.04502E-24 4.50058E-29 3.41354E-23 9.43896E-40
1.0739E-22 1.62447E-22 2.21632E-21 3.91258E-23 1.88335E-22 2.73148E-24 2.05907E-21 2.47692E-19 9.59118E-22 8.68008E-22 1.57127E-19 4.18397E-14 2.88853E-7 3.56617E-6 4.79937E-7 9.69092E-5 3.07111E-3 7.86292E-3 4.4551E-2 6.91268E-2 4.15212E-2 7.89109E-2 4.91442E-2 3.44162E-2 3.79787E-3 9.8359E-2 1.45125E-1 4.0022E-2 8.15212E-2 1.35909E-1 1.17066E-1 5.68343E-3 8.37043E-3 1.36532E-3 1.89406E-3 2.53735E-6 3.17224E-5 4.88251E-6 5.9939E-7 1.40364E-11 9.68197E-13 2.17479E-9 1.41908E-10 6.63232E-8 1.28322E-9 9.29602E-16 8.30082E-17 4.4985E-17 1.08981E-18 1.17961E-22 9.64787E-28 1.70158E-26 4.98183E-26 6.60792E-23 1.37412E-18 2.73751E-21 1.28816E-19 2.40033E-20 3.17953E-31 1.20011E-33 2.00203E-33 5.32152E-31 1.10799E-21 7.81736E-17 2.23228E-31
5.71107E-19 8.77655E-21 7.82749E-19 8.02676E-18 7.96878E-16 9.26924E-16 6.17464E-18 5.23529E-18 1.05764E-18 3.07202E-15 2.36341E-11 7.86881E-11 6.04587E-8 1.35404E-7 1.40929E-8 3.68889E-8 1.88914E-5 3.5908E-4 1.10483E-2 5.7755E-2 1.25131E-1 1.60733E-1 1.66549E-1 1.31552E-1 7.99585E-2 1.59126E-1 1.78648E-1 2.03155E-1 3.71176E-1 4.01003E-1 3.55662E-1 1.42269E-1 5.30734E-2 3.09844E-2 6.21403E-3 3.01023E-4 6.52381E-5 1.60628E-5 3.36492E-5 7.19316E-6 5.42006E-6 3.78989E-11 1.55406E-8 3.78929E-5 1.64882E-6 1.594E-6 2.27934E-12 2.86579E-20 4.55053E-22 1.73336E-23 6.86445E-27 1.00689E-24 3.30574E-23 3.75038E-23 4.35394E-22 2.2429E-21 1.67161E-21 5.71722E-20 4.19756E-19 1.2479E-26 8.17463E-32 7.76233E-35 3.48153E-33 3.69536E-32 2.34788E-21
1.46609E-19 4.02687E-17 1.0117E-16 1.55515E-19 8.48678E-20 1.22194E-16 8.8675E-16 6.40975E-14 1.12426E-14 3.25979E-14 1.5454E-12 1.50698E-10 9.95185E-8 7.49944E-9 2.38831E-13 5.20242E-13 1.40045E-7 1.52487E-5 3.36608E-3 2.56037E-2 8.37707E-2 1.41435E-1 2.10755E-1 2.35984E-1 2.38059E-1 2.33703E-1 3.10202E-1 4.49235E-1 4.79463E-1 4.80015E-1 4.80014E-1 4.60111E-1 3.40199E-1 1.2754E-1 1.03852E-2 1.27881E-2 4.17057E-4 4.88681E-5 1.91236E-5 6.79895E-4 9.04477E-7 1.2542E-10 1.54239E-13 3.07263E-7 6.03508E-5 9.3454E-5 7.19807E-7 1.70655E-10 5.04271E-17 1.24151E-19 5.76882E-23 2.43109E-26 1.44828E-29 1.35547E-23 3.9875E-26 7.40229E-27 8.44898E-27 6.8762E-25 1.1422E-22 3.159E-20 8.29411E-20 5.24531E-18 5.606E-24 2.29722E-27 4.85016E-29
5.93798E-17 1.75137E-15 1.16166E-18 4.37231E-19 3.35167E-19 1.25015E-16 3.02391E-15 1.50409E-15 4.35331E-13 3.56585E-11 1.00765E-9 1.38091E-8 1.34034E-7 1.71715E-9 2.14896E-16 1.67854E-13 1.07422E-13 1.15568E-17 5.88359E-13 4.17997E-7 1.25403E-4 4.90276E-3 3.74104E-2 3.09133E-2 4.68379E-2 8.84024E-2 4.11402E-1 4.56064E-1 5.02004E-1 5.0911E-1 5.03355E-1 4.80118E-1 4.87147E-1 4.64089E-1 2.17526E-1 1.98067E-1 3.33562E-3 2.50511E-4 3.57E-6 2.588E-3 4.00817E-5 5.03833E-7 3.27531E-7 5.20755E-11 2.67799E-8 2.96159E-5 6.29058E-5 1.01206E-6 3.56731E-14 6.86821E-18 2.12171E-21 2.43895E-23 6.91163E-29 1.9973E-24 4.36219E-32 7.60051E-30 1.47434E-30 4.46172E-31 3.89733E-32 3.91956E-25 5.48462E-27 2.01789E-20 8.6663E-21 6.63722E-15 1.38354E-22
1.50871E-14 5.40717E-16 2.21627E-19 3.97485E-20 1.0341E-20 1.04291E-17 1.16298E-17 9.10999E-17 5.99139E-14 4.50023E-12 2.92397E-10 5.80514E-8 3.69036E-8 2.91789E-11 4.52529E-15 1.40813E-11 5.49016E-9 1.07405E-6 9.00486E-6 2.36225E-9 6.016E-12 1.0646E-9 6.57688E-6 1.71374E-3 3.08375E-2 1.38569E-1 4.19583E-1 4.67786E-1 4.61252E-1 3.42447E-1 3.589E-1 4.89957E-1 5.15289E-1 4.64696E-1 2.90951E-1 1.82332E-1 7.56494E-3 2.6348E-3 2.93038E-4 2.15239E-2 2.76707E-3 3.41136E-6 6.60704E-7 1.60161E-10 3.07283E-18 1.17373E-9 3.96343E-6 7.64702E-5 3.46691E-6 8.24132E-10 4.18379E-20 1.82194E-19 1.20454E-24 3.80067E-28 5.13306E-29 1.46629E-30 1.77772E-30 1.38252E-29 2.35077E-27 7.65021E-25 1.29589E-21 3.5078E-20 3.57793E-26 1.48814E-26 1.19166E-16
6.34637E-18 6.29416E-21 1.66621E-18 7.68564E-22 6.79078E-19 7.5811E-18 1.17788E-17 8.47804E-13 4.88936E-11 1.58726E-11 1.70203E-12 3.27117E-10 8.4423E-12 2.43884E-12 8.91889E-11 2.0955E-10 9.88672E-7 1.48047E-5 9.01062E-4 5.47051E-3 9.86424E-4 1.55948E-5 7.91054E-5 2.65203E-4 1.26811E-2 6.90548E-2 1.88024E-1 3.68675E-1 1.79116E-1 2.9905E-1 4.70283E-1 4.7464E-1 4.91847E-1 4.5921E-1 3.66942E-1 1.33184E-1 4.19204E-2 4.55376E-2 2.30155E-2 4.20487E-2 2.74905E-3 1.85572E-2 1.44568E-2 4.33225E-5 3.65864E-15 3.40619E-17 6.01859E-9 8.06763E-6 1.49372E-4 1.42128E-5 5.81521E-14 8.04315E-17 1.55182E-18 1.20332E-21 1.57401E-29 1.17826E-32 5.23306E-28 1.74778E-28 1.66202E-26 1.90754E-22 8.38127E-31 9.89785E-26 1.02858E-28 1.40045E-32 1.21071E-22
7.69486E-20 1.1524E-16 4.41569E-19 1.70799E-22 1.34764E-17 3.91067E-17 4.45811E-15 3.36586E-12 2.40759E-9 4.02157E-10 5.0532E-11 7.32696E-11 1.93687E-9 3.50201E-9 2.3064E-11 4.67117E-12 1.81253E-6 1.65346E-3 7.46035E-3 3.99915E-2 1.7612E-2 2.64108E-3 1.3263E-2 2.69015E-2 1.79757E-1 3.50807E-1 4.83888E-1 4.31311E-1 4.17402E-1 5.3219E-1 5.18075E-1 4.60688E-1 4.42133E-1 4.35579E-1 3.81026E-1 2.42437E-1 1.53417E-1 1.32886E-1 9.0282E-2 1.02601E-1 9.92423E-2 1.11025E-1 4.87574E-2 1.57649E-3 1.03477E-8 3.90701E-19 3.09354E-15 1.65284E-9 1.60087E-7 4.59932E-7 3.55102E-12 1.38753E-16 6.38735E-13 5.31809E-19 7.15415E-25 8.26788E-28 4.87889E-30 1.04715E-29 4.75045E-25 2.74003E-22 6.39956E-26 2.62986E-30 6.28476E-27 2.66725E-32 1.90556E-28
3.02607E-16 9.03814E-18 2.47717E-17 1.18802E-19 3.76743E-18 7.43747E-19 1.15142E-13 6.75218E-10 2.79793E-8 4.52947E-8 7.12323E-9 7.14785E-8 5.3731E-8 1.18494E-11 1.79121E-8 5.25372E-8 2.4005E-4 9.91773E-3 4.81203E-2 4.77656E-2 1.20315E-1 1.72461E-1 1.8897E-1 1.78845E-1 2.8521E-1 4.79463E-1 5.68289E-1 5.64899E-1 5.50563E-1 5.61392E-1 5.36151E-1 4.94929E-1 4.90561E-1 4.53017E-1 4.31006E-1 4.16922E-1 3.14248E-1 2.67368E-1 2.3354E-1 1.74254E-1 1.14116E-1 1.24072E-1 7.63713E-2 2.78922E-2 1.46574E-3 5.81869E-10 3.36644E-8 1.14611E-11 1.2457E-12 5.22023E-9 1.64521E-14 2.74862E-9 3.37068E-7 3.84911E-11 1.34544E-20 5.35986E-20 6.2453E-22 5.38789E-31 7.91093E-31 4.80849E-23 1.44152E-30 2.50716E-27 3.00693E-29 4.38082E-29 4.53975E-30
1.75667E-17 3.35882E-18 1.50371E-15 8.42112E-16 2.192E-15 6.21508E-12 1.88051E-9 2.41094E-8 6.25831E-8 2.43221E-8 7.75213E-8 7.19325E-8 3.67484E-10 3.01643E-12 2.78002E-8 1.51686E-5 2.43891E-3 9.61852E-3 1.3059E-2 9.73426E-2 2.25075E-1 3.16662E-1 2.57123E-1 3.71997E-1 4.43078E-1 4.74559E-1 4.99228E-1 5.24933E-1 5.60818E-1 5.32704E-1 5.34215E-1 5.39758E-1 5.19761E-1 5.25712E-1 5.45325E-1 4.93292E-1 4.33743E-1 4.20044E-1 4.00984E-1 2.56346E-1 1.43853E-1 1.15506E-1 1.71084E-1 1.67817E-1 1.00755E-1 8.43247E-3 2.13556E-3 2.39291E-5 6.8534E-5 2.97767E-5 4.93031E-9 2.56282E-10 4.78511E-7 2.97661E-12 9.92615E-15 2.33225E-15 5.77609E-24 2.04879E-26 9.9028E-32 5.359E-29 1.39549E-26 1.22244E-26 9.25632E-26 6.65783E-27 1.72436E-27
1.23602E-16 8.37201E-16 5.204E-13 1.70074E-13 7.56183E-12 1.08888E-9 1.7391E-8 3.62303E-8 3.72653E-9 1.64049E-9 4.21891E-8 1.06925E-8 1.06888E-10 7.05005E-10 1.39325E-8 6.5389E-7 4.13968E-5 5.77893E-3 6.32368E-2 2.23079E-1 3.64593E-1 4.30598E-1 4.60421E-1 4.98736E-1 4.80863E-1 3.06093E-1 3.06976E-1 4.90247E-1 5.75887E-1 5.71923E-1 5.66292E-1 5.42596E-1 5.41429E-1 5.39597E-1 5.35786E-1 5.02496E-1 4.91117E-1 4.86984E-1 4.73445E-1 3.85822E-1 2.62523E-1 1.80524E-1 1.93298E-1 1.77741E-1 1.06647E-1 6.06175E-2 9.77133E-3 2.6774E-3 2.21702E-4 7.94193E-6 8.41864E-6 6.55268E-6 1.3314E-6 1.00788E-7 1.79684E-14 1.72646E-17 1.43718E-14 7.24219E-23 2.61766E-27 4.70684E-32 6.91901E-31 3.39749E-28 5.13306E-29 3.80074E-27 6.90302E-29
1.31192E-14 1.36011E-10 9.36336E-13 1.02226E-11 4.21892E-10 8.29231E-9 2.65988E-8 8.18631E-9 9.13667E-9 8.86805E-8 7.58975E-9 5.29981E-10 6.48019E-9 1.33369E-7 1.19736E-5 2.16493E-4 2.94176E-3 8.93147E-3 1.2188E-1 3.10632E-1 4.17132E-1 4.62016E-1 4.87824E-1 5.11119E-1 4.58809E-1 5.4463E-1 5.69166E-1 5.69205E-1 5.62732E-1 5.52523E-1 5.38539E-1 5.07913E-1 5.03226E-1 4.97942E-1 4.82295E-1 5.11022E-1 5.36716E-1 5.66114E-1 5.56703E-1 5.09143E-1 4.27707E-1 3.36168E-1 2.6309E-1 1.92517E-1 9.12523E-2 2.16773E-2 3.04342E-3 7.68131E-4 5.46633E-5 2.02324E-5 2.41171E-7 8.64378E-12 1.04323E-10 6.84301E-11 2.40995E-10 5.24115E-12 8.70938E-15 1.33795E-20 1.07948E-25 6.39648E-26 3.6287E-31 3.31625E-31 4.39836E-29 4.28999E-26 3.80697E-29
1.98968E-11 3.29653E-9 4.75918E-10 5.78387E-9 3.13879E-8 3.1645E-8 6.46337E-8 8.68179E-8 1.83148E-7 7.3362E-8 4.75325E-10 1.4048E-8 1.9952E-8 2.23511E-6 1.9387E-7 9.48516E-7 1.60071E-7 1.95334E-4 2.06224E-2 1.78411E-1 4.09222E-1 4.59054E-1 4.82591E-1 5.00713E-1 4.99451E-1 5.3778E-1 5.54025E-1 5.58083E-1 5.04057E-1 5.37195E-1 5.03681E-1 4.48727E-1 4.15029E-1 3.82851E-1 3.83719E-1 4.27621E-1 4.8615E-1 5.91147E-1 6.12333E-1 5.98323E-1 5.50537E-1 5.0318E-1 4.38044E-1 3.33463E-1 1.88736E-1 7.18136E-2 1.86124E-2 3.07245E-3 1.00107E-4 2.1118E-6 4.25429E-6 4.27761E-8 1.22095E-9 3.18955E-10 1.51314E-9 2.50378E-10 4.88094E-16 7.55884E-19 3.74554E-19 9.17508E-27 1.28289E-26 8.46598E-25 3.86366E-30 3.6287E-31 2.03044E-29
5.56805E-8 3.54579E-9 4.80425E-8 3.67963E-8 2.26599E-8 1.24089E-7 2.35063E-7 2.5227E-7 1.88667E-7 4.05278E-8 1.63842E-7 3.50215E-6 2.16799E-7 1.25878E-6 1.08151E-8 1.53158E-8 3.42169E-6 8.70845E-4 1.97165E-2 5.12459E-2 3.75719E-1 4.53749E-1 4.66838E-1 4.85182E-1 4.99126E-1 5.17828E-1 5.38575E-1 5.45537E-1 5.39682E-1 4.07922E-1 3.26116E-1 3.02853E-1 4.39364E-1 5.11393E-1 5.64208E-1 5.75887E-1 6.03455E-1 6.25928E-1 6.35793E-1 6.34202E-1 6.28841E-1 6.11224E-1 5.84053E-1 5.16001E-1 4.02127E-1 3.56609E-1 1.93661E-1 6.28684E-2 8.30952E-3 1.58773E-4 2.83081E-6 2.13212E-7 1.46813E-8 9.51609E-11 5.23647E-13 1.24306E-11 4.03614E-14 2.47688E-19 3.1337E-21 4.33198E-18 1.26241E-19 2.64299E-23 1.9692E-30 1.80319E-29 4.41405E-31
1.27854E-8 2.99752E-7 1.51534E-7 5.48627E-9 7.32447E-8 3.03224E-7 3.128E-7 1.1973E-7 1.07001E-7 1.46297E-7 6.6164E-7 3.4512E-5 1.22628E-5 8.5042E-7 2.16603E-6 8.89706E-5 4.13595E-4 1.8861E-2 1.78882E-1 3.16563E-1 4.14361E-1 4.37197E-1 4.49076E-1 4.33426E-1 4.26866E-1 4.81403E-1 5.06851E-1 5.20747E-1 5.29736E-1 5.26449E-1 4.75304E-1 5.48237E-1 5.84319E-1 5.8404E-1 5.78367E-1 5.68888E-1 5.84288E-1 6.04403E-1 6.24962E-1 6.36708E-1 6.4111E-1 6.40816E-1 6.32593E-1 6.15961E-1 5.66489E-1 5.77229E-1 4.92819E-1 3.0551E-1 1.35282E-1 3.66584E-2 2.76014E-3 4.01402E-5 1.54504E-6 6.10328E-11 1.09132E-15 1.88609E-12 4.40517E-12 1.62824E-12 7.33368E-18 5.12393E-19 4.33162E-17 5.32098E-19 1.38389E-28 2.01601E-25 1.78631E-27
3.13064E-6 7.26064E-7 5.68833E-8 2.8058E-7 2.19326E-7 9.8039E-8 3.47408E-8 3.70487E-8 3.97101E-8 1.46851E-8 1.39985E-7 1.07706E-5 6.35881E-4 2.30384E-4 1.30112E-3 1.31649E-2 1.63633E-2 7.5482E-2 2.55241E-1 3.8401E-1 4.02352E-1 4.18964E-1 4.26265E-1 4.30257E-1 4.30961E-1 4.60625E-1 4.71366E-1 4.84055E-1 4.97655E-1 5.17108E-1 5.38952E-1 5.58892E-1 5.75022E-1 5.75495E-1 5.67146E-1 5.62687E-1 5.66266E-1 5.84852E-1 6.00124E-1 6.20804E-1 6.32374E-1 6.36484E-1 6.4111E-1 6.34916E-1 6.21532E-1 6.12365E-1 5.83162E-1 5.00767E-1 3.83407E-1 2.04642E-1 5.68788E-2 3.94037E-3 3.27476E-5 3.28389E-8 8.56442E-16 7.48196E-19 4.05151E-13 1.15027E-12 7.65674E-15 3.15904E-19 2.80631E-17 2.78036E-13 3.0264E-23 4.25452E-26 6.44686E-32
3.23775E-6 9.76955E-8 3.21922E-7 1.355E-7 3.67881E-8 1.91206E-8 2.44917E-8 1.37429E-7 1.18833E-7 6.44041E-7 3.2594E-6 7.96035E-7 1.59938E-3 9.53243E-3 2.20959E-2 6.26341E-2 1.53784E-1 1.73732E-1 3.47095E-1 3.7938E-1 3.91323E-1 3.99602E-1 4.1269E-1 4.17365E-1 4.19153E-1 4.25326E-1 4.34752E-1 4.45561E-1 4.5914E-1 4.78072E-1 5.04169E-1 5.29476E-1 5.55084E-1 5.6335E-1 5.63591E-1 5.49428E-1 5.45429E-1 5.59571E-1 5.7151E-1 5.92003E-1 6.12462E-1 6.27356E-1 6.39987E-1 6.36037E-1 6.27657E-1 6.22157E-1 6.04729E-1 5.75764E-1 5.03027E-1 3.62217E-1 1.83351E-1 5.07018E-2 1.52107E-3 3.264E-6 1.4202E-9 9.4451E-17 1.20678E-20 1.72649E-15 1.33918E-11 2.38287E-12 1.11338E-10 1.21419E-11 4.49631E-16 4.47096E-26 2.94518E-31
5.64931E-7 2.89572E-7 1.46297E-7 8.75568E-7 2.14693E-7 1.39374E-7 2.57599E-7 5.88584E-7 2.37692E-6 4.42592E-6 2.71227E-5 1.51814E-5 2.63605E-4 1.87152E-2 5.88433E-2 5.73122E-2 9.48229E-2 2.69853E-2 3.07284E-1 3.64358E-1 3.77492E-1 3.87604E-1 3.94643E-1 3.91323E-1 3.91323E-1 3.92984E-1 3.94615E-1 4.07806E-1 4.22363E-1 4.36309E-1 4.65053E-1 4.98837E-1 5.232E-1 5.3383E-1 5.35025E-1 5.25167E-1 5.28245E-1 5.30496E-1 5.49495E-1 5.69166E-1 5.95768E-1 6.23312E-1 6.41515E-1 6.41454E-1 6.33539E-1 6.22157E-1 6.01273E-1 5.83129E-1 5.41854E-1 4.64253E-1 3.32027E-1 1.7882E-1 1.50657E-2 6.09185E-5 1.24045E-8 1.565E-9 1.3587E-14 3.20975E-13 1.05982E-10 4.84927E-10 1.24529E-9 6.8371E-10 2.50047E-14 1.18529E-21 1.01033E-25
2.04106E-7 1.21868E-6 9.24039E-6 9.19632E-7 1.64459E-6 1.58774E-6 3.36592E-6 4.09727E-6 1.03332E-5 2.54684E-5 9.96608E-5 8.01981E-5 6.31758E-4 9.21077E-4 3.96084E-2 5.17317E-2 1.61856E-2 3.58391E-3 2.70791E-1 3.57105E-1 3.60471E-1 3.70706E-1 3.70706E-1 3.67804E-1 3.45639E-1 3.49063E-1 3.57604E-1 3.7288E-1 3.82976E-1 3.99602E-1 4.30057E-1 4.60625E-1 4.89559E-1 5.07755E-1 5.09446E-1 5.04422E-1 4.99448E-1 5.16812E-1 5.30928E-1 5.52596E-1 5.81537E-1 6.13646E-1 6.38288E-1 6.46052E-1 6.32179E-1 6.14801E-1 5.87969E-1 5.64845E-1 5.55797E-1 5.17349E-1 4.38497E-1 3.43254E-1 1.19365E-1 8.99146E-4 3.49854E-8 5.56153E-8 5.62632E-7 1.13026E-8 4.25244E-9 3.763E-7 1.83871E-8 4.68404E-8 2.29314E-11 6.35742E-17 3.44687E-23
1.73443E-5 1.41188E-5 6.6602E-6 3.73813E-6 5.23142E-6 8.799E-6 1.02597E-5 1.48051E-5 2.92189E-5 5.87832E-5 2.52768E-4 3.15541E-4 4.05558E-4 2.27393E-3 1.58699E-2 3.3524E-2 6.36659E-4 2.86659E-4 1.66983E-1 3.32249E-1 3.52682E-1 3.5139E-1 3.45776E-1 3.38856E-1 3.22588E-1 3.22588E-1 3.31224E-1 3.43298E-1 3.60471E-1 3.74103E-1 3.96299E-1 4.31903E-1 4.60625E-1 4.85439E-1 5.01629E-1 4.97399E-1 4.95418E-1 5.01877E-1 5.10688E-1 5.34328E-1 5.67305E-1 6.05899E-1 6.36643E-1 6.50251E-1 6.36482E-1 6.17318E-1 5.94702E-1 5.73715E-1 5.78337E-1 5.58499E-1 5.20004E-1 4.537E-1 3.02318E-1 9.7227E-2 8.12029E-3 1.77183E-3 1.81586E-4 3.1444E-4 2.06401E-5 4.01027E-6 4.22538E-8 9.36454E-11 8.89824E-11 1.25696E-12 6.29163E-10
2.96103E-5 1.7001E-5 6.98032E-6 2.6888E-6 1.78547E-6 3.71266E-6 9.17661E-6 1.08566E-5 4.97348E-5 9.48277E-5 1.58664E-4 8.07342E-5 2.24256E-4 5.90566E-3 3.91121E-2 9.27364E-3 1.24086E-3 2.65746E-3 7.14169E-2 3.27553E-1 3.42317E-1 3.34032E-1 3.30581E-1 3.25347E-1 3.13159E-1 3.09684E-1 3.13159E-1 3.19788E-1 3.31925E-1 3.45776E-1 3.71563E-1 3.97624E-1 4.36619E-1 4.77256E-1 5.00178E-1 5.14516E-1 5.12799E-1 5.03913E-1 4.97399E-1 5.17752E-1 5.4984E-1 5.86011E-1 6.20852E-1 6.38841E-1 6.36175E-1 6.31213E-1 6.17945E-1 6.16589E-1 6.11194E-1 5.948E-1 5.6239E-1 5.24031E-1 4.73019E-1 3.54976E-1 1.41719E-1 6.40679E-2 1.59032E-2 5.34596E-3 9.60567E-4 6.7246E-6 3.80323E-8 1.18382E-7 1.17771E-6 4.82949E-6 1.28885E-8
1.23474E-5 8.62311E-6 4.10422E-6 3.34669E-6 2.76081E-6 3.94521E-6 9.62805E-6 1.91001E-5 1.12392E-5 2.71227E-5 5.4095E-5 1.7479E-4 1.54638E-3 1.62155E-2 1.11554E-2 2.41637E-3 2.35753E-3 7.68924E-3 3.34363E-2 3.07008E-1 3.35344E-1 3.25029E-1 3.2328E-1 3.12794E-1 3.06173E-1 3.02695E-1 2.94018E-1 2.97485E-1 3.02743E-1 3.13159E-1 3.35771E-1 3.71563E-1 4.1675E-1 4.73097E-1 5.15484E-1 5.35351E-1 5.27049E-1 5.05554E-1 4.90922E-1 5.02943E-1 5.31601E-1 5.58163E-1 5.90947E-1 6.08143E-1 6.18628E-1 6.2185E-1 6.23333E-1 6.24386E-1 6.31259E-1 6.27519E-1 6.05558E-1 5.84843E-1 5.92759E-1 5.34316E-1 4.00281E-1 1.68468E-1 1.05268E-1 1.88537E-2 1.57434E-3 3.49189E-5 1.37074E-4 4.46576E-5 1.16235E-7 6.18633E-9 2.26382E-8
1.32666E-6 1.33515E-6 1.94479E-6 4.84199E-7 1.32666E-6 4.86385E-6 1.0024E-5 9.75913E-6 4.35307E-5 2.03209E-4 2.82003E-4 2.00322E-4 3.60213E-3 1.4706E-2 2.77774E-3 3.09189E-3 3.39879E-3 3.77903E-2 6.95656E-2 3.02285E-1 3.28827E-1 3.19784E-1 3.12125E-1 3.10376E-1 3.03389E-1 2.88436E-1 2.84978E-1 2.81527E-1 2.78495E-1 2.83654E-1 3.00957E-1 3.4272E-1 3.95836E-1 4.65442E-1 5.31179E-1 5.5347E-1 5.30524E-1 5.01514E-1 4.87911E-1 4.90674E-1 5.06851E-1 5.33949E-1 5.51956E-1 5.71818E-1 5.83211E-1 6.09988E-1 6.3057E-1 6.33362E-1 6.35167E-1 6.41363E-1 6.37748E-1 6.3237E-1 6.20847E-1 5.68979E-1 4.69989E-1 3.73733E-1 2.34071E-1 9.51509E-2 6.99465E-3 4.00357E-4 4.99589E-5 1.09345E-6 2.03587E-6 8.01772E-9 5.96233E-8
1.0863E-6 2.37975E-6 1.98248E-6 6.13832E-8 3.54718E-6 9.38771E-5 8.07842E-4 6.47474E-4 3.5647E-4 6.97717E-4 2.59171E-3 4.04716E-3 1.19936E-2 5.09957E-3 2.79485E-3 2.13717E-3 1.50777E-2 3.49263E-2 3.36108E-2 2.50088E-1 3.21759E-1 3.12125E-1 3.01074E-1 3.00644E-1 2.90196E-1 2.80818E-1 2.72219E-1 2.65382E-1 2.58588E-1 2.55209E-1 2.69516E-1 3.11396E-1 3.65332E-1 4.41579E-1 5.37569E-1 5.55062E-1 5.17305E-1 4.87209E-1 4.72913E-1 4.73777E-1 4.86521E-1 5.05488E-1 5.17026E-1 5.33218E-1 5.68035E-1 6.15381E-1 6.34773E-1 6.33396E-1 6.35033E-1 6.43727E-1 6.45926E-1 6.42524E-1 6.23135E-1 5.77798E-1 5.33937E-1 4.71351E-1 4.10398E-1 2.33679E-1 5.07018E-2 4.70846E-4 1.15107E-5 6.3665E-6 2.11737E-8 4.97311E-8 1.27087E-7
1.03148E-3 2.12825E-4 4.26626E-6 7.54636E-6 1.36826E-4 1.14943E-4 4.08631E-4 3.27358E-3 3.68265E-3 4.08254E-3 5.12644E-3 5.10464E-3 5.15803E-3 5.86706E-3 7.31816E-3 1.13961E-2 3.67606E-2 5.95162E-2 1.25601E-2 2.71884E-1 3.18739E-1 3.01644E-1 2.87259E-1 2.8541E-1 2.78492E-1 2.71609E-1 2.64366E-1 2.55882E-1 2.4915E-1 2.40813E-1 2.4849E-1 2.98159E-1 3.4076E-1 4.07794E-1 4.77249E-1 4.95436E-1 4.68435E-1 4.50558E-1 4.49018E-1 4.55098E-1 4.62605E-1 4.73777E-1 4.85126E-1 5.04251E-1 5.4984E-1 6.00194E-1 6.18161E-1 6.21824E-1 6.24751E-1 6.38792E-1 6.49741E-1 6.49161E-1 6.37033E-1 6.17775E-1 6.16949E-1 5.66333E-1 4.93617E-1 3.92557E-1 2.00893E-1 9.74018E-3 2.97172E-6 1.97943E-7 3.73973E-8 1.07668E-8 1.17966E-9
9.02591E-4 1.12691E-4 1.251E-5 3.27553E-7 9.41436E-8 5.09057E-6 1.27189E-4 3.39811E-4 5.56932E-4 8.27249E-4 1.44959E-3 4.76995E-3 1.04981E-2 1.75711E-2 2.03104E-2 3.55357E-2 6.88278E-2 1.02626E-1 8.54317E-2 2.90564E-1 3.12766E-1 2.95413E-1 2.73437E-1 2.68291E-1 2.61467E-1 2.63169E-1 2.56379E-1 2.53002E-1 2.49533E-1 2.4285E-1 2.57964E-1 2.83262E-1 3.2438E-1 3.66842E-1 4.11117E-1 4.25569E-1 4.22321E-1 4.15115E-1 4.20008E-1 4.31297E-1 4.49018E-1 4.61113E-1 4.68525E-1 4.8232E-1 5.4011E-1 5.82334E-1 5.99455E-1 6.08545E-1 6.09933E-1 6.24828E-1 6.49164E-1 6.5543E-1 6.47215E-1 6.44459E-1 6.48163E-1 6.32163E-1 5.7499E-1 5.0283E-1 3.45883E-1 1.19967E-1 1.75954E-3 7.56931E-8 2.31329E-11 2.96311E-11 2.11527E-12
4.82486E-5 2.04407E-5 1.46937E-5 2.39503E-6 3.15688E-8 7.70101E-8 2.11284E-5 4.14356E-4 1.70485E-3 3.47738E-3 9.10677E-3 2.49075E-2 3.32633E-2 3.40297E-2 3.45249E-2 3.49263E-2 4.49099E-2 6.02091E-2 6.55873E-2 2.56812E-1 3.14376E-1 2.84992E-1 2.62989E-1 2.54513E-1 2.52827E-1 2.52827E-1 2.54513E-1 2.57894E-1 2.52827E-1 2.47962E-1 2.5966E-1 2.75046E-1 3.04137E-1 3.31387E-1 3.61072E-1 3.75464E-1 3.75654E-1 3.73781E-1 3.80609E-1 4.03579E-1 4.32894E-1 4.62713E-1 4.73097E-1 4.81553E-1 5.29476E-1 5.77851E-1 5.97942E-1 5.95497E-1 5.76906E-1 5.92156E-1 6.37947E-1 6.57202E-1 6.59878E-1 6.55138E-1 6.58272E-1 6.44162E-1 6.16893E-1 5.6441E-1 3.76236E-1 1.98681E-1 4.59186E-2 6.38954E-4 3.15712E-7 1.33347E-9 2.38294E-9
7.28879E-5 2.91156E-8 1.24623E-4 1.63162E-3 2.59257E-3 3.62575E-4 9.76862E-5 7.72754E-4 5.97283E-3 1.54505E-2 2.13782E-2 4.64468E-2 7.62642E-2 5.76446E-2 5.37314E-2 3.44858E-2 2.22271E-2 6.97705E-2 2.83061E-2 3.06157E-1 3.19397E-1 2.62989E-1 2.42338E-1 2.44001E-1 2.42338E-1 2.44001E-1 2.55742E-1 2.60822E-1 2.57432E-1 2.56202E-1 2.58072E-1 2.66581E-1 2.8541E-1 3.06319E-1 3.25155E-1 3.3839E-1 3.44251E-1 3.47739E-1 3.56684E-1 3.82311E-1 4.15779E-1 4.43959E-1 4.53276E-1 4.71629E-1 5.27465E-1 5.77445E-1 5.99671E-1 6.0129E-1 5.68536E-1 5.77445E-1 6.28872E-1 6.50716E-1 6.59473E-1 6.63509E-1 6.58427E-1 6.59967E-1 6.01281E-1 5.44711E-1 4.52047E-1 3.20248E-1 1.7158E-1 4.73466E-2 3.48568E-4 1.2112E-5 3.64785E-7
