KUENM/Final_Models/M_0.1_F_lq_Set_2_EC/sp1_6.asc
ncols         197
nrows         210
xllcorner     56.1666666666667
yllcorner     4.5
cellsize      0.166666666666667
NODATA_value  -9999
[rows 56 to 83 of 210, columns 0 to 64 of 197]
-9999 -9999 -9999 -9999 -9999 -9999 -9999 -9999 -9999 -9999 -9999 8.78929E-3 8.91731E-3 8.62897E-3 8.18016E-3 8.31617E-3 8.18016E-3 8.29246E-3 7.34964E-3 6.331E-3 5.48183E-3 4.87936E-3 2.06118E-3 7.34885E-4 1.52814E-3 1.92541E-3 1.19671E-3 3.19844E-3 5.61456E-3 6.12109E-3 6.00975E-3 6.00975E-3 5.74186E-3 5.53386E-3 5.18673E-3 5.04213E-3 5.13804E-3 5.27984E-3 5.04213E-3 4.99068E-3 4.99068E-3 5.32999E-3 4.78877E-3 4.07696E-3 4.06965E-3 4.28502E-3 4.8705E-3 5.31795E-3 5.49379E-3 6.93052E-3 7.94852E-3 9.24592E-3 1.07216E-2 1.22193E-2 1.45918E-2 1.63227E-2 1.9341E-2 2.21305E-2 2.41912E-2 2.43598E-2 1.13831E-2 9.59186E-3 7.39082E-3 2.93295E-3 1.32692E-3
-9999 -9999 -9999 -9999 -9999 -9999 -9999 -9999 -9999 -9999 5.03496E-3 8.21365E-3 8.91731E-3 8.41219E-3 8.30112E-3 8.12902E-3 8.54047E-3 8.01355E-3 7.72093E-3 7.29647E-3 6.76308E-3 5.304E-3 3.14264E-3 1.92547E-3 1.66898E-3 2.16776E-3 1.11349E-3 1.8279E-3 4.96722E-3 6.34774E-3 6.4531E-3 6.38179E-3 6.26532E-3 6.15076E-3 5.85632E-3 6.0021E-3 6.03484E-3 5.95209E-3 5.89135E-3 5.67097E-3 5.23453E-3 4.82329E-3 4.07404E-3 3.62825E-3 3.66535E-3 3.41929E-3 3.66901E-3 4.19845E-3 5.306E-3 6.69528E-3 7.94852E-3 8.93812E-3 1.10313E-2 1.2773E-2 1.42815E-2 1.72141E-2 1.90837E-2 2.17755E-2 2.28194E-2 1.94896E-2 8.42499E-3 9.43935E-3 7.17527E-3 4.26829E-3 2.03125E-3
-9999 -9999 -9999 -9999 -9999 -9999 -9999 -9999 -9999 5.01079E-4 2.84118E-3 7.65753E-3 8.48165E-3 8.43652E-3 8.54047E-3 8.50668E-3 8.38327E-3 8.25733E-3 8.0221E-3 7.60399E-3 7.17136E-3 5.59668E-3 1.69179E-3 1.6356E-3 1.19056E-3 1.5416E-3 1.92394E-3 1.29329E-3 2.59308E-3 4.87961E-3 6.40852E-3 6.78879E-3 6.74468E-3 6.65491E-3 6.17858E-3 6.32241E-3 6.44122E-3 6.14828E-3 5.85632E-3 5.09128E-3 4.59102E-3 4.21163E-3 3.50949E-3 2.52082E-3 2.80673E-3 2.67661E-3 3.05657E-3 3.71312E-3 4.82187E-3 6.17647E-3 7.00392E-3 8.79859E-3 1.09938E-2 1.29754E-2 1.44918E-2 1.68656E-2 1.92456E-2 2.1891E-2 2.20549E-2 1.99879E-2 1.14499E-2 9.51035E-3 3.06253E-3 2.96375E-3 1.16158E-3
-9999 -9999 -9999 -9999 -9999 -9999 -9999 -9999 6.39755E-4 5.78446E-4 2.15778E-3 5.14642E-3 6.58219E-3 7.9944E-3 8.17414E-3 8.1636E-3 8.30112E-3 8.12902E-3 8.1636E-3 7.8645E-3 7.82916E-3 7.14137E-3 2.20735E-3 7.37424E-4 9.04736E-4 1.08235E-3 1.00217E-3 1.26208E-3 1.98679E-3 1.4828E-3 3.49223E-3 6.28404E-3 6.83117E-3 6.87E-3 6.42458E-3 6.1916E-3 5.81826E-3 5.81826E-3 4.99068E-3 4.64841E-3 4.20089E-3 3.72222E-3 2.82411E-3 1.9839E-3 2.01879E-3 2.05855E-3 2.4774E-3 2.7379E-3 2.8858E-3 3.24325E-3 4.82583E-3 8.35896E-3 1.13397E-2 1.28141E-2 1.49283E-2 1.70472E-2 1.87851E-2 2.05128E-2 2.13707E-2 2.25266E-2 1.38065E-2 6.63663E-3 2.10541E-3 1.36508E-3 5.12839E-4
-9999 -9999 -9999 -9999 -9999 -9999 -9999 1.21763E-4 4.44594E-4 9.2484E-4 1.58103E-3 1.96306E-3 3.52125E-3 6.34774E-3 7.29647E-3 7.5797E-3 7.88248E-3 8.1636E-3 8.43652E-3 8.47128E-3 8.48829E-3 8.57726E-3 4.34721E-3 1.22725E-3 1.37115E-3 1.18766E-3 5.55713E-4 1.16829E-3 2.01498E-3 2.0244E-3 1.4828E-3 3.004E-3 6.28404E-3 6.4531E-3 5.79392E-3 5.42917E-3 5.23244E-3 5.23244E-3 4.12447E-3 3.92213E-3 3.99469E-3 3.5862E-3 2.87507E-3 1.67584E-3 1.64728E-3 1.49049E-3 1.66349E-3 1.77926E-3 2.1101E-3 3.83665E-3 6.52357E-3 1.00071E-2 1.12666E-2 1.27218E-2 1.46859E-2 1.63533E-2 1.80102E-2 1.95415E-2 2.06974E-2 1.68258E-2 7.03379E-3 2.58909E-3 2.19223E-3 6.70605E-4 6.46218E-4
-9999 -9999 -9999 -9999 -9999 -9999 3.837E-5 1.46538E-4 1.03999E-4 3.99042E-4 1.93149E-3 3.08557E-3 3.02321E-3 5.58103E-3 6.39895E-3 7.29647E-3 7.8645E-3 8.33248E-3 8.45623E-3 8.78929E-3 8.64135E-3 8.54945E-3 7.012E-3 2.9725E-3 2.23929E-3 1.97468E-3 9.65692E-4 1.04058E-3 9.1965E-4 1.94859E-3 3.52125E-3 1.88857E-3 4.53697E-3 5.68547E-3 5.34217E-3 4.81107E-3 4.78877E-3 4.14342E-3 2.92769E-3 2.20327E-3 3.51665E-3 4.12447E-3 3.64643E-3 2.83119E-3 3.22123E-3 2.53837E-3 2.73003E-3 2.91291E-3 4.04659E-3 5.76779E-3 7.91358E-3 9.66907E-3 1.10759E-2 1.27218E-2 1.38521E-2 1.582E-2 1.71418E-2 1.81822E-2 1.78324E-2 8.76226E-3 4.98215E-3 1.48939E-3 8.74736E-4 4.85983E-4 4.5299E-4
-9999 -9999 -9999 -9999 -9999 -9999 1.74808E-4 8.8015E-5 4.07425E-5 5.71493E-4 7.47183E-4 2.79281E-3 4.19845E-3 5.38419E-3 6.51572E-3 7.25282E-3 7.74413E-3 8.3303E-3 8.78929E-3 8.96742E-3 8.91848E-3 9.63756E-3 7.73554E-3 1.71051E-3 2.79341E-3 2.52508E-3 1.77997E-3 1.02749E-3 6.35468E-4 1.53838E-3 5.02135E-3 5.03496E-3 5.23932E-3 5.48183E-3 5.43977E-3 5.15166E-3 4.96725E-3 4.22487E-3 3.86136E-3 2.25914E-3 3.38456E-3 5.42917E-3 5.09668E-3 4.75928E-3 4.61983E-3 4.20945E-3 4.50563E-3 4.93434E-3 5.306E-3 6.3538E-3 7.77787E-3 9.3909E-3 1.09601E-2 1.21998E-2 1.35009E-2 1.49335E-2 1.48124E-2 1.48521E-2 1.28547E-2 7.41693E-3 1.41784E-3 1.2334E-3 5.01845E-4 1.3265E-4 4.19725E-4
-9999 -9999 -9999 -9999 -9999 2.4041E-3 2.29858E-3 2.42913E-3 1.97732E-3 3.39883E-3 3.94148E-4 5.38548E-4 3.18992E-3 5.59668E-3 7.27304E-3 7.25282E-3 8.21365E-3 8.95291E-3 9.12786E-3 9.28391E-3 9.3194E-3 9.78308E-3 9.44462E-3 4.1759E-3 2.74687E-3 3.08557E-3 1.91301E-3 8.39035E-4 7.36843E-4 1.86169E-3 3.87432E-3 6.03131E-3 7.20245E-3 6.68263E-3 6.76308E-3 6.62056E-3 6.66539E-3 6.15076E-3 5.81826E-3 5.56648E-3 6.14828E-3 6.2947E-3 6.42458E-3 5.95683E-3 5.82286E-3 5.63975E-3 6.10145E-3 6.02054E-3 6.34681E-3 7.14767E-3 8.14274E-3 9.34114E-3 1.0102E-2 9.40752E-3 1.02201E-2 1.14745E-2 1.46413E-2 1.51886E-2 8.94618E-3 3.15871E-3 1.12418E-3 8.91834E-4 2.43461E-4 6.89645E-5 1.02643E-3
-9999 -9999 -9999 -9999 5.30893E-4 1.65469E-3 2.4041E-3 2.95854E-3 8.22438E-3 8.96007E-3 1.91792E-3 1.2107E-4 6.2427E-4 3.90153E-3 6.32141E-3 7.74594E-3 8.67237E-3 9.62575E-3 9.4716E-3 9.99164E-3 9.93646E-3 1.0267E-2 9.7919E-3 5.71931E-3 2.59917E-3 3.29736E-3 2.08865E-3 8.80162E-4 3.65546E-4 9.09032E-4 1.96621E-3 3.66908E-3 6.62313E-3 7.73786E-3 7.43699E-3 7.66331E-3 7.68674E-3 7.40881E-3 7.04625E-3 6.92081E-3 7.04857E-3 7.05094E-3 7.42685E-3 7.1639E-3 7.04175E-3 7.14137E-3 7.07439E-3 7.04815E-3 6.66454E-3 6.81132E-3 7.17301E-3 6.61041E-3 5.04178E-3 5.9439E-3 9.17563E-3 1.39652E-2 1.58278E-2 1.5883E-2 6.55096E-3 1.82644E-3 1.38947E-3 9.74452E-4 2.03457E-4 6.41632E-4 8.29563E-4
-9999 -9999 -9999 -9999 3.85271E-4 1.28158E-3 2.55116E-3 3.40749E-3 9.0893E-3 1.18747E-2 8.4775E-3 2.65519E-3 1.72563E-4 1.69876E-3 4.83864E-3 7.46311E-3 9.01633E-3 1.01404E-2 1.0173E-2 1.05093E-2 1.04831E-2 1.05553E-2 1.03532E-2 8.06795E-3 3.13366E-3 4.18569E-3 3.1894E-3 2.12297E-3 8.49839E-4 1.53953E-4 1.25902E-3 3.27981E-3 6.35563E-3 8.80257E-3 8.47996E-3 8.3957E-3 8.64135E-3 8.18163E-3 8.14855E-3 7.85095E-3 7.95525E-3 8.12902E-3 8.18016E-3 8.17856E-3 7.97394E-3 8.17847E-3 7.74594E-3 5.92651E-3 4.56053E-3 4.67812E-3 6.28254E-3 7.38872E-3 8.20869E-3 1.16567E-2 1.4589E-2 1.50905E-2 1.641E-2 1.41676E-2 4.93568E-3 2.22896E-3 2.36439E-3 4.98102E-4 2.18244E-4 2.47646E-3 2.60242E-3
-9999 -9999 -9999 5.04401E-3 3.52138E-3 2.47646E-3 5.19283E-3 9.50689E-3 1.15612E-2 1.31255E-2 1.1606E-2 9.59783E-3 4.70428E-3 1.61093E-3 3.20785E-3 6.78733E-3 9.31881E-3 1.03888E-2 1.02673E-2 1.03888E-2 1.08234E-2 1.09074E-2 9.66907E-3 9.95021E-3 6.36218E-3 5.15714E-3 4.87876E-3 3.93858E-3 2.68569E-3 2.64212E-3 3.29421E-3 4.63523E-3 2.5151E-3 6.46712E-3 9.17861E-3 9.43695E-3 9.64518E-3 9.10293E-3 8.77426E-3 8.86281E-3 8.99322E-3 9.02803E-3 8.91731E-3 8.78929E-3 8.96755E-3 8.91848E-3 8.31245E-3 7.10704E-3 8.03095E-3 8.90776E-3 9.74567E-3 1.08018E-2 1.25081E-2 1.3239E-2 1.4177E-2 1.56925E-2 1.69021E-2 1.1693E-2 3.35401E-3 3.46423E-3 2.86815E-3 1.04095E-3 5.3885E-3 6.5243E-3 6.45211E-3
-9999 -9999 -9999 7.65629E-3 2.77014E-3 7.39844E-3 1.25938E-2 1.50363E-2 1.49033E-2 1.48554E-2 1.34682E-2 1.20693E-2 1.05335E-2 8.50814E-3 8.0363E-3 7.31144E-3 8.78761E-3 9.15373E-3 9.07642E-3 9.53013E-3 1.11001E-2 1.04064E-2 7.90296E-3 9.41083E-3 9.71211E-3 5.65904E-3 4.75836E-3 5.243E-3 4.87876E-3 4.4561E-3 4.98908E-3 5.85065E-3 1.94802E-3 3.34939E-3 6.3478E-3 8.38686E-3 9.55857E-3 1.01558E-2 9.85959E-3 9.81779E-3 9.63922E-3 9.68059E-3 9.57096E-3 9.45746E-3 9.64518E-3 9.8201E-3 1.01595E-2 1.01158E-2 1.04136E-2 1.07432E-2 1.11279E-2 1.25716E-2 1.27907E-2 1.39372E-2 1.4589E-2 1.56708E-2 1.45918E-2 9.67645E-3 4.52178E-3 4.79967E-3 2.90361E-3 3.94792E-3 6.44623E-3 4.6515E-3 1.01271E-2
-9999 -9999 -9999 7.79201E-3 6.9941E-3 1.55652E-2 1.86447E-2 1.54369E-2 1.36753E-2 1.5513E-2 1.5801E-2 1.47165E-2 1.36344E-2 1.31255E-2 1.26284E-2 1.15899E-2 7.9444E-3 8.3089E-3 8.77716E-3 6.62091E-3 1.01959E-2 1.02141E-2 4.55777E-3 3.62085E-3 9.88802E-3 4.27673E-3 4.8496E-3 5.90711E-3 6.63972E-3 6.21814E-3 6.01612E-3 6.31795E-3 3.57858E-3 1.26642E-3 4.54168E-3 5.68961E-3 8.71451E-3 1.07346E-2 1.05098E-2 1.05619E-2 1.03713E-2 1.00415E-2 1.02952E-2 1.05302E-2 1.05562E-2 1.05532E-2 1.05298E-2 1.06982E-2 1.12175E-2 1.13738E-2 1.19867E-2 1.27907E-2 1.3701E-2 1.37838E-2 1.43092E-2 1.45711E-2 9.14215E-3 7.41706E-3 3.8776E-3 5.24345E-3 5.08146E-3 7.45965E-3 1.06519E-2 1.61833E-2 1.63984E-2
-9999 -9999 1.21424E-2 1.86232E-2 1.9705E-2 2.18716E-2 2.15078E-2 1.92266E-2 1.80102E-2 1.7944E-2 1.72093E-2 1.66143E-2 1.63319E-2 1.55281E-2 1.50112E-2 1.47513E-2 1.38219E-2 1.31685E-2 1.32741E-2 1.33931E-2 1.19091E-2 1.14817E-2 8.76648E-3 8.52512E-3 1.34151E-2 7.75212E-3 6.12305E-3 7.62699E-3 7.20778E-3 7.20778E-3 5.71907E-3 5.78487E-3 6.00479E-3 4.07731E-3 3.94719E-3 2.86629E-3 6.00988E-3 9.34114E-3 1.15261E-2 1.16806E-2 1.18581E-2 1.12361E-2 1.18581E-2 1.152E-2 1.13376E-2 1.11241E-2 1.09119E-2 1.1484E-2 1.2286E-2 1.20331E-2 1.28489E-2 1.34682E-2 1.38641E-2 1.407E-2 1.33232E-2 9.1044E-3 5.39817E-3 7.41693E-3 4.98574E-3 5.24345E-3 5.7446E-3 8.08058E-3 1.24598E-2 6.493E-3 2.40123E-2
-9999 -9999 2.57656E-2 2.39754E-2 2.49078E-2 2.64832E-2 2.46863E-2 2.20321E-2 1.86393E-2 1.86447E-2 1.93728E-2 1.86513E-2 1.79831E-2 1.70295E-2 1.66758E-2 1.66036E-2 1.61088E-2 1.6171E-2 1.6305E-2 1.60561E-2 1.48114E-2 1.53017E-2 1.56979E-2 1.70609E-2 1.7944E-2 1.45711E-2 1.2253E-2 1.12888E-2 1.03736E-2 8.27059E-3 4.9425E-3 7.44656E-3 6.8601E-3 7.20778E-3 6.69702E-3 2.41685E-3 5.59907E-3 7.92241E-3 1.12912E-2 1.23479E-2 1.21665E-2 1.23837E-2 1.23703E-2 1.19522E-2 1.15428E-2 1.19536E-2 1.19215E-2 1.23203E-2 1.25022E-2 1.26785E-2 1.35309E-2 1.32381E-2 1.28141E-2 1.20406E-2 8.1336E-3 4.41022E-3 5.03665E-3 6.74196E-3 6.70009E-3 1.00307E-2 1.28639E-2 1.07007E-2 1.70434E-2 2.63579E-2 2.63963E-2
-9999 -9999 3.40451E-2 3.24276E-2 3.14292E-2 2.9264E-2 2.63605E-2 2.51338E-2 2.36122E-2 2.10307E-2 2.13657E-2 2.05841E-2 1.95157E-2 1.9448E-2 1.84063E-2 1.80094E-2 1.79149E-2 1.76095E-2 1.76095E-2 1.8636E-2 1.88664E-2 1.8923E-2 1.99879E-2 2.10138E-2 2.09781E-2 2.00727E-2 1.86099E-2 1.64262E-2 1.43243E-2 1.10455E-2 6.93077E-3 5.86717E-3 1.01198E-2 9.82866E-3 7.87902E-3 7.62699E-3 5.74223E-3 8.58953E-3 1.11356E-2 1.27067E-2 1.27257E-2 1.27907E-2 1.2245E-2 1.27218E-2 1.25375E-2 1.27218E-2 1.26785E-2 1.24112E-2 1.2438E-2 1.11485E-2 1.05196E-2 1.07216E-2 7.75212E-3 5.26496E-3 4.91974E-3 4.16054E-3 5.75804E-3 8.61761E-3 9.42523E-3 8.73778E-3 1.39256E-2 8.30676E-3 1.26813E-2 2.37246E-2 1.71274E-2
-9999 4.08093E-2 3.87535E-2 3.6194E-2 3.48774E-2 3.44007E-2 3.20354E-2 2.79364E-2 2.75819E-2 2.36953E-2 2.43675E-2 2.20021E-2 2.12243E-2 2.04568E-2 2.03766E-2 1.93698E-2 1.91827E-2 1.91827E-2 1.97344E-2 1.96133E-2 2.02905E-2 2.09878E-2 2.17057E-2 2.33403E-2 2.30778E-2 2.38316E-2 2.09884E-2 2.28122E-2 2.05496E-2 1.15084E-2 8.58542E-3 5.97256E-3 1.07479E-2 1.22548E-2 1.1275E-2 8.94851E-3 1.05447E-2 8.0659E-3 7.80741E-3 1.12706E-2 1.17115E-2 1.15167E-2 1.16003E-2 1.20909E-2 1.28306E-2 1.20945E-2 1.13797E-2 1.10255E-2 1.03129E-2 9.57082E-3 6.8601E-3 5.10201E-3 5.35044E-3 6.34951E-3 4.73628E-3 6.05726E-3 5.24445E-3 9.00359E-3 8.37786E-3 1.03188E-2 1.27388E-2 1.04864E-2 7.08837E-3 2.15493E-2 2.7667E-2
-9999 4.29051E-2 4.05189E-2 3.88197E-2 3.64707E-2 3.69206E-2 3.47263E-2 3.21483E-2 2.85381E-2 2.57859E-2 2.3677E-2 2.38479E-2 2.32242E-2 2.26824E-2 2.18719E-2 2.10727E-2 2.06303E-2 2.05277E-2 2.04143E-2 2.11144E-2 2.17057E-2 2.23009E-2 2.30582E-2 2.42354E-2 2.61382E-2 2.61382E-2 2.77943E-2 2.77943E-2 2.55823E-2 1.90686E-2 1.16891E-2 1.13278E-2 8.0817E-3 1.14554E-2 1.34543E-2 1.37262E-2 1.20294E-2 1.32809E-2 1.07949E-2 8.74477E-3 7.17547E-3 6.8745E-3 9.32747E-3 1.24725E-2 1.1085E-2 9.89495E-3 1.00617E-2 9.05293E-3 7.32633E-3 6.00334E-3 6.65748E-3 7.40828E-3 6.93077E-3 6.06668E-3 7.95683E-3 7.52648E-3 5.43482E-3 9.28286E-3 1.29392E-2 1.60381E-2 1.16879E-2 1.12682E-2 9.68209E-3 1.74531E-2 2.84722E-2
-9999 4.74681E-2 4.38932E-2 4.06625E-2 3.94262E-2 3.6194E-2 3.75279E-2 3.48981E-2 3.04685E-2 1.88077E-2 2.0513E-2 2.29295E-2 2.3096E-2 2.35222E-2 2.40031E-2 2.28244E-2 2.26824E-2 2.25265E-2 2.16949E-2 2.23228E-2 2.30778E-2 2.38545E-2 2.47675E-2 2.55913E-2 2.63204E-2 2.77943E-2 2.94717E-2 2.80821E-2 2.43653E-2 1.55652E-2 1.27166E-2 1.11617E-2 1.30576E-2 1.35877E-2 1.38871E-2 1.48481E-2 1.5347E-2 1.53133E-2 1.50372E-2 1.5488E-2 1.52815E-2 1.49438E-2 1.51353E-2 1.45462E-2 1.35618E-2 1.15983E-2 9.69418E-3 8.48461E-3 8.43887E-3 8.52512E-3 7.75154E-3 6.73511E-3 7.68288E-3 1.05668E-2 1.11508E-2 8.97851E-3 1.27166E-2 6.90337E-3 1.85119E-2 1.3236E-2 1.27388E-2 1.58743E-2 1.60806E-2 2.0536E-2 2.65957E-2
-9999 5.03733E-2 -9999 -9999 4.01621E-2 3.88197E-2 3.6781E-2 3.68567E-2 3.24276E-2 1.48531E-2 1.1874E-2 1.69561E-2 1.65992E-2 2.11277E-2 2.19956E-2 2.28729E-2 2.30909E-2 2.36116E-2 2.36157E-2 2.33987E-2 2.4293E-2 2.40031E-2 2.51688E-2 2.51688E-2 2.64071E-2 2.59591E-2 2.38392E-2 2.14366E-2 1.76818E-2 1.26435E-2 1.3139E-2 1.21602E-2 1.14034E-2 1.21602E-2 1.35286E-2 1.46276E-2 1.41133E-2 1.46276E-2 1.47883E-2 1.35877E-2 1.34194E-2 1.48521E-2 1.524E-2 1.53052E-2 1.51353E-2 1.40988E-2 1.25637E-2 1.09253E-2 8.86066E-3 8.47152E-3 7.85232E-3 9.25017E-3 9.93348E-3 1.00095E-2 1.17933E-2 1.52097E-2 9.16906E-3 1.87986E-2 1.60381E-2 1.79989E-2 1.31702E-2 1.92038E-2 2.17194E-2 2.33483E-2 2.75834E-2
-9999 5.08666E-2 -9999 -9999 -9999 4.16142E-2 4.16962E-2 3.85914E-2 3.14718E-2 1.20314E-2 1.77051E-2 1.73026E-2 1.48342E-2 1.74861E-2 1.73505E-2 1.93834E-2 2.25767E-2 2.32401E-2 2.3121E-2 2.02206E-2 2.22285E-2 2.35031E-2 2.34859E-2 2.26953E-2 2.24669E-2 1.87986E-2 1.40697E-2 1.25378E-2 1.35466E-2 1.73131E-2 1.96977E-2 1.93834E-2 1.90617E-2 1.9022E-2 2.03187E-2 2.37444E-2 1.9705E-2 1.5475E-2 1.56267E-2 1.76539E-2 1.76818E-2 1.63478E-2 1.63417E-2 1.59946E-2 1.65995E-2 1.53759E-2 1.38653E-2 1.26578E-2 1.07479E-2 9.31799E-3 8.63231E-3 9.43192E-3 1.14311E-2 1.27166E-2 1.15109E-2 1.82259E-2 1.99847E-2 2.51516E-2 1.41487E-2 2.22391E-2 1.77462E-2 3.07176E-2 1.99449E-2 2.70926E-2 3.50227E-2
-9999 -9999 -9999 -9999 -9999 4.42285E-2 4.23334E-2 4.00844E-2 3.52056E-2 1.66299E-2 2.3788E-2 2.23526E-2 2.43573E-2 2.35803E-2 2.25993E-2 2.25654E-2 2.21843E-2 2.21305E-2 1.90617E-2 1.87728E-2 2.25767E-2 2.09303E-2 1.66127E-2 1.6533E-2 1.30685E-2 1.25495E-2 1.81717E-2 2.27539E-2 1.93543E-2 1.68672E-2 2.21843E-2 1.9022E-2 1.8685E-2 2.29343E-2 2.53183E-2 2.68869E-2 3.20333E-2 3.04685E-2 2.91021E-2 2.56042E-2 2.26724E-2 2.05373E-2 1.92368E-2 1.86982E-2 1.74914E-2 1.67312E-2 1.5092E-2 1.25938E-2 1.13951E-2 1.20118E-2 1.20118E-2 1.21351E-2 1.42406E-2 1.7404E-2 2.17089E-2 2.44384E-2 2.62152E-2 3.06438E-2 3.07424E-2 3.12379E-2 3.76205E-2 4.65691E-2 3.45227E-2 3.24311E-2 4.2255E-2
-9999 6.90314E-2 6.37688E-2 -9999 -9999 4.32308E-2 4.20642E-2 4.17538E-2 3.37463E-2 2.59518E-2 2.95599E-2 2.85628E-2 2.27631E-2 2.60158E-2 2.69338E-2 2.55491E-2 2.61646E-2 2.57533E-2 2.51514E-2 2.50336E-2 2.54321E-2 2.46097E-2 2.34136E-2 2.4386E-2 2.2406E-2 2.21843E-2 2.21305E-2 2.57784E-2 2.33825E-2 2.4111E-2 2.94108E-2 2.83089E-2 3.05413E-2 3.32369E-2 3.31596E-2 3.52989E-2 3.89968E-2 3.07424E-2 2.88497E-2 3.11156E-2 2.97181E-2 2.88157E-2 2.69032E-2 2.39893E-2 2.25792E-2 2.0539E-2 1.9557E-2 1.82755E-2 1.77015E-2 1.58418E-2 1.29906E-2 1.24511E-2 1.92951E-2 2.34651E-2 2.58358E-2 2.81968E-2 3.22425E-2 3.66878E-2 3.866E-2 3.59609E-2 5.10378E-2 5.65865E-2 4.12919E-2 3.45083E-2 5.50407E-2
7.46651E-2 7.1517E-2 6.54559E-2 -9999 -9999 4.32308E-2 4.20642E-2 4.11335E-2 3.43021E-2 3.49407E-2 3.26652E-2 3.09407E-2 2.88497E-2 2.90879E-2 2.83978E-2 2.70037E-2 2.64426E-2 2.72499E-2 2.67079E-2 2.63879E-2 2.6816E-2 2.63879E-2 2.61646E-2 2.61646E-2 2.65814E-2 2.56991E-2 2.67884E-2 2.80318E-2 2.88157E-2 3.06951E-2 3.18267E-2 3.45031E-2 3.60311E-2 3.95776E-2 4.23851E-2 4.43256E-2 4.40543E-2 4.07976E-2 3.70658E-2 3.65119E-2 3.56059E-2 3.39982E-2 3.09736E-2 2.86333E-2 2.58331E-2 2.28729E-2 2.15249E-2 2.01926E-2 1.81651E-2 1.63478E-2 1.91663E-2 2.17142E-2 2.24154E-2 2.36401E-2 2.90879E-2 3.08564E-2 3.50652E-2 4.05143E-2 4.24704E-2 4.75765E-2 5.96529E-2 6.73998E-2 6.033E-2 4.28748E-2 5.62516E-2
6.23221E-2 6.78624E-2 -9999 -9999 -9999 -9999 4.05893E-2 3.92254E-2 3.71531E-2 3.42244E-2 3.31728E-2 3.09407E-2 2.98312E-2 2.95528E-2 2.95506E-2 2.80924E-2 2.81357E-2 2.65424E-2 2.65424E-2 2.6341E-2 2.65424E-2 2.66323E-2 2.67079E-2 2.67692E-2 2.68482E-2 2.77377E-2 2.86182E-2 2.76398E-2 2.93809E-2 3.09121E-2 3.1396E-2 3.44612E-2 3.61908E-2 4.00792E-2 4.65965E-2 4.79975E-2 4.42928E-2 4.17313E-2 3.93577E-2 3.71748E-2 3.7945E-2 3.72024E-2 3.31728E-2 3.09398E-2 2.66595E-2 2.23431E-2 2.22405E-2 2.22405E-2 2.17142E-2 2.27318E-2 2.25792E-2 2.24055E-2 2.33176E-2 2.69032E-2 3.0493E-2 3.34767E-2 3.36764E-2 4.11383E-2 4.72753E-2 5.20802E-2 6.4149E-2 6.92738E-2 7.36095E-2 6.24814E-2 6.76661E-2
3.99758E-2 5.71147E-2 -9999 -9999 -9999 -9999 3.73592E-2 3.60604E-2 3.5081E-2 3.42244E-2 3.30586E-2 3.02403E-2 3.04236E-2 2.94717E-2 2.83999E-2 2.77535E-2 2.73475E-2 2.69068E-2 2.63204E-2 2.50485E-2 2.58848E-2 2.62798E-2 2.66323E-2 2.58575E-2 2.67692E-2 2.76898E-2 2.86608E-2 2.82041E-2 2.85378E-2 2.92846E-2 3.04314E-2 3.17843E-2 3.46452E-2 3.73296E-2 4.09248E-2 4.42928E-2 4.29785E-2 4.0189E-2 3.69152E-2 3.44332E-2 3.74967E-2 3.71748E-2 3.48981E-2 2.97583E-2 2.72113E-2 2.38754E-2 2.3121E-2 1.9107E-2 2.04807E-2 2.33176E-2 2.31356E-2 2.54321E-2 2.81968E-2 3.0493E-2 3.2893E-2 3.49627E-2 3.81254E-2 4.48638E-2 4.99941E-2 5.25425E-2 6.50944E-2 7.02339E-2 7.6529E-2 7.7468E-2 6.94581E-2
-9999 5.64913E-2 -9999 -9999 -9999 -9999 3.56468E-2 3.54303E-2 3.33323E-2 3.22939E-2 3.2413E-2 2.92846E-2 2.93365E-2 2.86364E-2 2.74948E-2 2.74948E-2 2.74496E-2 2.61788E-2 2.55404E-2 2.54637E-2 2.55913E-2 2.52782E-2 2.55019E-2 2.6341E-2 2.62045E-2 2.66323E-2 2.67692E-2 2.77535E-2 2.77037E-2 2.72726E-2 2.88666E-2 2.95774E-2 3.151E-2 3.41874E-2 3.52309E-2 3.56468E-2 3.49127E-2 3.43654E-2 3.41192E-2 3.34453E-2 3.49127E-2 3.22202E-2 3.05443E-2 2.85378E-2 2.68708E-2 2.56017E-2 2.47558E-2 2.3677E-2 2.53475E-2 2.57533E-2 2.54321E-2 2.78654E-2 2.95322E-2 3.24274E-2 3.35804E-2 3.54455E-2 3.89968E-2 4.32816E-2 4.7894E-2 5.65865E-2 6.02883E-2 6.73837E-2 7.79398E-2 7.55717E-2 7.52864E-2
-9999 3.99696E-2 -9999 -9999 -9999 -9999 -9999 -9999 -9999 3.12815E-2 -9999 2.91037E-2 2.93277E-2 2.74829E-2 2.7232E-2 2.74829E-2 2.68305E-2 2.55404E-2 2.55404E-2 2.51116E-2 2.54754E-2 2.56938E-2 2.47927E-2 2.53461E-2 2.46536E-2 2.5895E-2 2.62045E-2 2.64384E-2 2.64721E-2 2.63118E-2 2.705E-2 2.74948E-2 2.88164E-2 2.90827E-2 3.12761E-2 3.0779E-2 3.2745E-2 3.2101E-2 3.17798E-2 3.22202E-2 3.0779E-2 2.95552E-2 2.81571E-2 2.61382E-2 2.55913E-2 2.43334E-2 2.439E-2 2.56017E-2 2.58575E-2 2.75819E-2 2.65814E-2 2.79561E-2 3.0493E-2 3.19519E-2 3.35327E-2 3.69651E-2 4.05143E-2 4.49881E-2 4.75934E-2 5.24046E-2 5.55217E-2 5.96529E-2 5.8808E-2 6.37615E-2 7.13798E-2
