KUENM/Final_Models/M_0.1_F_lq_Set_2_EC/sp1_9.asc
ncols         197
nrows         210
xllcorner     56.1666666666667
yllcorner     4.5
cellsize      0.166666666666667
NODATA_value  -9999
[rows 112 to 139 of 210, columns 130 to 194 of 197]
4.58839E-1 3.28346E-1 2.20291E-1 1.76318E-1 1.54317E-1 9.29928E-2 4.35309E-2 1.57012E-2 5.22655E-3 1.44145E-3 5.63109E-4 3.32431E-4 1.77232E-4 5.83551E-5 1.85158E-5 1.81549E-5 4.59218E-5 1.35652E-4 2.96735E-4 7.5968E-4 2.63456E-3 5.98637E-3 7.28382E-3 5.69526E-3 1.07332E-3 2.55727E-4 1.79009E-4 2.37112E-4 4.10277E-4 4.12553E-4 3.33429E-4 3.81627E-4 4.24827E-4 4.43789E-4 3.86325E-4 2.97438E-4 2.33003E-4 1.90198E-4 2.13307E-4 2.33003E-4 3.31599E-4 5.60618E-4 1.06222E-3 2.41346E-3 1.2505E-3 3.34057E-4 7.09436E-5 1.75905E-5 1.04696E-5 1.32417E-5 1.39732E-5 1.5496E-5 1.47246E-5 1.67406E-5 2.27465E-5 3.48098E-5 -9999 -9999 -9999 -9999 -9999 -9999 -9999 -9999 -9999
4.21611E-1 2.8393E-1 1.85935E-1 1.47951E-1 1.13876E-1 5.98463E-2 2.31186E-2 6.31835E-3 9.97379E-4 1.90198E-4 2.67399E-4 3.40919E-4 3.10996E-4 8.57777E-5 1.16539E-5 6.45213E-6 1.49067E-5 4.4043E-5 1.32594E-4 4.14124E-4 1.04216E-3 1.94681E-3 1.9648E-3 1.51764E-3 9.30046E-4 2.42522E-4 1.48738E-4 1.66858E-4 1.38251E-3 2.48601E-3 1.30006E-3 6.84137E-4 4.74594E-4 4.63544E-4 4.23533E-4 4.16644E-4 4.421E-4 5.19873E-4 6.23354E-4 5.90844E-4 4.50203E-4 3.92681E-4 4.07514E-4 7.45953E-4 6.36191E-4 2.33423E-4 5.17543E-5 1.43137E-5 1.25331E-5 1.54677E-5 1.76237E-5 2.05092E-5 2.33315E-5 2.5831E-5 3.23603E-5 -9999 -9999 -9999 -9999 -9999 -9999 -9999 -9999 -9999 -9999
3.10256E-1 1.60209E-1 1.01351E-1 8.1542E-2 6.58805E-2 3.62041E-2 1.45674E-2 3.57479E-3 5.40373E-4 1.11317E-4 1.77232E-4 2.98892E-4 2.78991E-4 4.14107E-5 2.18623E-6 1.01708E-6 3.27096E-6 1.16067E-5 4.52486E-5 1.6707E-4 3.54284E-4 1.03134E-3 2.31588E-3 5.31855E-3 1.95545E-3 2.37321E-4 9.59515E-5 1.38869E-4 2.00388E-3 4.92322E-3 2.76344E-3 1.04014E-3 5.28846E-4 5.15032E-4 5.76384E-4 6.27772E-4 5.82535E-4 6.66198E-4 9.34224E-4 9.68535E-4 7.84269E-4 4.86997E-4 2.44216E-4 3.11947E-4 3.41542E-4 1.73204E-4 5.65371E-5 1.73671E-5 1.66799E-5 2.31188E-5 2.70183E-5 3.23022E-5 3.85186E-5 4.58114E-5 -9999 -9999 -9999 -9999 -9999 -9999 -9999 -9999 -9999 -9999 -9999
2.38089E-1 1.3677E-1 7.70846E-2 4.39402E-2 2.91942E-2 2.26145E-2 1.22632E-2 4.23001E-3 1.17396E-3 4.54394E-4 3.72412E-4 3.80703E-4 1.4023E-4 1.07483E-5 4.14047E-7 2.88377E-7 8.57058E-7 2.98141E-6 9.32574E-6 2.52037E-5 3.56286E-5 2.26643E-4 1.1512E-3 2.31433E-3 1.1323E-3 1.89112E-4 9.49213E-5 1.822E-4 4.55453E-3 8.45859E-3 5.72343E-3 1.90371E-3 7.4281E-4 7.58654E-4 8.14612E-4 5.73355E-4 7.9988E-4 6.66246E-4 8.96664E-4 1.13026E-3 1.15559E-3 8.03756E-4 5.96081E-4 5.83449E-4 4.6439E-4 2.43777E-4 1.08395E-4 3.72326E-5 2.93851E-5 4.53665E-5 5.15024E-5 5.69532E-5 -9999 -9999 -9999 -9999 -9999 -9999 -9999 -9999 -9999 -9999 -9999 -9999 -9999
1.93615E-1 1.309E-1 7.56597E-2 3.5676E-2 1.86621E-2 1.49514E-2 1.48079E-2 7.2449E-3 2.8035E-3 1.79699E-3 1.62732E-3 1.11854E-3 1.03399E-4 7.23243E-6 7.64185E-7 3.43279E-7 4.3248E-7 9.21263E-7 1.58838E-6 1.18453E-6 3.39116E-6 8.48514E-6 2.99991E-5 5.89502E-5 1.4139E-4 1.91431E-4 3.30977E-4 2.14767E-3 1.28866E-2 1.96523E-2 1.03516E-2 4.68227E-3 2.02483E-3 1.3817E-3 1.07724E-3 1.09154E-3 7.8956E-4 7.54803E-4 7.83427E-4 1.48538E-3 1.80616E-3 1.49869E-3 1.317E-3 1.15007E-3 8.40089E-4 5.51128E-4 3.04146E-4 1.642E-4 1.10504E-4 1.13619E-4 1.13619E-4 -9999 -9999 -9999 -9999 -9999 -9999 -9999 -9999 -9999 -9999 -9999 -9999 -9999 -9999
1.61551E-1 1.15131E-1 7.28906E-2 3.91882E-2 2.19233E-2 1.62193E-2 1.7979E-2 1.15439E-2 5.46969E-3 4.10544E-3 2.79156E-3 6.92027E-4 7.20088E-5 7.04231E-6 1.04855E-6 4.24076E-7 4.0998E-7 7.14183E-7 1.12222E-6 1.62022E-6 4.08168E-6 1.14979E-5 2.1626E-5 5.51357E-5 8.40723E-5 1.13769E-4 3.64622E-4 4.96535E-3 2.48197E-2 4.53103E-2 2.00619E-2 7.4453E-3 2.63117E-3 1.58906E-3 6.70144E-4 1.16916E-3 6.68074E-4 5.40725E-4 1.45717E-3 2.97367E-3 3.15381E-3 2.80326E-3 2.50923E-3 2.16737E-3 1.81616E-3 1.35404E-3 9.32596E-4 6.54067E-4 4.53565E-4 -9999 -9999 -9999 -9999 -9999 -9999 -9999 -9999 -9999 -9999 -9999 -9999 -9999 -9999 -9999 -9999
1.16637E-1 8.15109E-2 6.1864E-2 5.34558E-2 3.88895E-2 2.77818E-2 2.27638E-2 1.93453E-2 1.64147E-2 1.25529E-2 3.78207E-3 3.73327E-4 3.63196E-5 6.67639E-6 1.51816E-6 6.04698E-7 4.49806E-7 9.05398E-7 2.24824E-6 5.67424E-6 1.68961E-5 2.40558E-5 4.45265E-5 8.29009E-5 1.06745E-4 1.24746E-4 2.84779E-4 1.04775E-3 5.58541E-3 2.34091E-2 1.42321E-2 3.26234E-3 1.16187E-3 1.66369E-3 1.83472E-3 1.9093E-3 8.86279E-4 9.55666E-4 3.02439E-3 4.90216E-3 5.21677E-3 5.02961E-3 4.46348E-3 4.32726E-3 3.74581E-3 2.87178E-3 2.14659E-3 1.44145E-3 -9999 -9999 -9999 -9999 -9999 -9999 -9999 -9999 -9999 -9999 -9999 -9999 -9999 -9999 -9999 -9999 -9999
8.16477E-2 8.86851E-2 7.77388E-2 6.18623E-2 4.17369E-2 1.74101E-2 1.42331E-2 1.78576E-2 2.67835E-2 3.34884E-2 1.35489E-2 4.31741E-4 3.74042E-5 1.00689E-5 2.24254E-6 8.10143E-7 6.2257E-7 1.34592E-6 3.69765E-6 9.81681E-6 2.1626E-5 4.80334E-5 8.51176E-5 1.17628E-4 1.06143E-4 1.19138E-4 1.77499E-4 1.87761E-4 8.35795E-4 7.06065E-3 1.63039E-3 2.23683E-4 7.93305E-4 6.20953E-4 2.55111E-3 2.84105E-3 2.11057E-3 2.35234E-3 2.86038E-3 5.08232E-3 7.98755E-3 8.02674E-3 8.45859E-3 7.74998E-3 6.61217E-3 -9999 -9999 -9999 -9999 -9999 -9999 -9999 -9999 -9999 -9999 -9999 -9999 -9999 -9999 -9999 -9999 -9999 -9999 -9999 -9999
8.67824E-2 9.75872E-2 9.79037E-2 8.3276E-2 4.86313E-2 2.19345E-2 2.07544E-2 4.46848E-2 9.79135E-2 7.06327E-2 3.20046E-2 2.71093E-3 2.3499E-4 3.06492E-5 3.67331E-6 9.30453E-7 6.23743E-7 1.6337E-6 5.24302E-6 1.21723E-5 3.40947E-5 7.89145E-5 9.81533E-5 1.21019E-4 1.32726E-4 1.12668E-4 1.18012E-4 1.23186E-4 1.61324E-4 1.07037E-3 2.13681E-4 8.0268E-5 6.1063E-4 1.56298E-3 1.44104E-3 2.98257E-3 3.08644E-3 2.31033E-3 3.06515E-3 7.5033E-3 1.07101E-2 1.16907E-2 1.27123E-2 -9999 -9999 -9999 -9999 -9999 -9999 -9999 -9999 -9999 -9999 -9999 -9999 -9999 -9999 -9999 -9999 -9999 -9999 -9999 -9999 -9999 -9999
1.03417E-1 1.18153E-1 1.34273E-1 1.24172E-1 9.71608E-2 6.45992E-2 6.0954E-2 5.52807E-2 9.85631E-2 8.92131E-2 3.45148E-2 6.00344E-3 7.08634E-4 6.82468E-5 5.6124E-6 8.21219E-7 6.04731E-7 1.46769E-6 8.01443E-6 1.85094E-5 4.02664E-5 1.03691E-4 1.10368E-4 1.12966E-4 1.07827E-4 8.32679E-5 7.22394E-5 6.10521E-5 7.04444E-5 7.51353E-5 3.84377E-5 5.05279E-5 3.17055E-4 1.48749E-3 1.22792E-3 3.1908E-3 4.26224E-3 3.0986E-3 2.83821E-3 1.03988E-2 1.36641E-2 1.5381E-2 1.65326E-2 -9999 -9999 -9999 -9999 -9999 -9999 -9999 -9999 -9999 -9999 -9999 -9999 -9999 -9999 -9999 -9999 -9999 -9999 -9999 -9999 -9999 -9999
1.24514E-1 1.36514E-1 1.58664E-1 1.89392E-1 1.76318E-1 1.61985E-1 1.77736E-1 1.6653E-1 9.8723E-2 7.52803E-2 3.40181E-2 9.03241E-3 1.56181E-3 1.58504E-4 1.06697E-5 1.3913E-6 7.62812E-7 2.0663E-6 7.98367E-6 3.24715E-5 1.12445E-4 1.57515E-4 7.47431E-5 6.67411E-5 7.22507E-5 5.16385E-5 3.855E-5 2.53236E-5 2.28821E-5 1.40659E-5 1.32938E-5 3.37805E-5 2.102E-4 1.10671E-3 1.10053E-3 3.03581E-3 4.35072E-3 3.24359E-3 2.42904E-3 1.11235E-2 2.03436E-2 1.94375E-2 -9999 -9999 -9999 -9999 -9999 -9999 -9999 -9999 -9999 -9999 -9999 -9999 -9999 -9999 -9999 -9999 -9999 -9999 -9999 -9999 -9999 -9999 -9999
1.04087E-1 1.02515E-1 1.6274E-1 2.22826E-1 2.49257E-1 2.80091E-1 2.81948E-1 2.49868E-1 1.69097E-1 7.5318E-2 4.05745E-2 1.44732E-2 4.70377E-3 8.37202E-4 3.28247E-5 4.69231E-6 4.46633E-6 6.3284E-6 1.42689E-5 5.98562E-5 1.76967E-4 2.14727E-4 8.11989E-5 4.05494E-5 3.95285E-5 2.72696E-5 1.87034E-5 1.31099E-5 6.43724E-6 2.19819E-6 7.68099E-6 7.61014E-5 6.92271E-4 1.15483E-3 1.57967E-3 2.65871E-3 5.16145E-3 8.77195E-3 1.17969E-2 2.25488E-2 3.26149E-2 2.53238E-2 -9999 -9999 -9999 -9999 -9999 -9999 -9999 -9999 -9999 -9999 -9999 -9999 -9999 -9999 -9999 -9999 -9999 -9999 -9999 -9999 -9999 -9999 -9999
5.69094E-2 4.59454E-2 6.68502E-2 2.209E-1 2.95362E-1 3.44765E-1 3.49375E-1 2.89485E-1 1.77023E-1 8.15617E-2 8.25409E-2 5.11842E-2 2.12079E-2 8.75519E-3 1.61413E-3 2.40668E-4 6.10562E-5 3.07262E-5 3.81632E-5 7.79933E-5 1.10295E-4 1.34021E-4 6.88097E-5 4.33717E-5 2.48803E-5 1.77296E-5 1.3444E-5 1.0939E-5 2.3843E-6 2.1667E-6 1.23434E-5 9.11254E-5 2.65313E-3 2.5106E-3 2.46082E-3 3.44833E-3 8.31237E-3 1.82061E-2 3.67154E-2 6.02661E-2 5.12657E-2 -9999 -9999 -9999 -9999 -9999 -9999 -9999 -9999 -9999 -9999 -9999 -9999 -9999 -9999 -9999 -9999 -9999 -9999 -9999 -9999 -9999 -9999 -9999 -9999
2.09941E-2 3.30972E-2 7.30489E-2 1.90234E-1 2.82154E-1 3.80068E-1 3.90995E-1 3.28346E-1 2.24082E-1 1.56813E-1 1.43607E-1 1.29343E-1 8.90961E-2 7.62464E-2 5.92619E-2 2.29369E-2 2.18904E-3 2.26123E-4 7.40767E-5 1.01688E-4 1.07554E-4 1.02138E-4 6.04682E-5 2.27044E-5 8.94059E-6 1.07146E-5 2.20847E-5 1.6653E-5 1.43841E-5 2.53008E-5 6.21268E-5 1.50503E-3 1.33871E-2 1.35865E-2 7.08267E-3 6.84796E-3 1.60056E-2 2.94541E-2 5.49333E-2 7.21392E-2 -9999 -9999 -9999 -9999 -9999 -9999 -9999 -9999 -9999 -9999 -9999 -9999 -9999 -9999 -9999 -9999 -9999 -9999 -9999 -9999 -9999 -9999 -9999 -9999 -9999
1.19182E-2 3.19369E-2 9.61268E-2 1.98076E-1 3.143E-1 4.50828E-1 4.57128E-1 3.84177E-1 2.90922E-1 2.36E-1 1.84456E-1 1.53822E-1 1.52867E-1 2.41994E-1 3.2272E-1 3.1253E-1 2.71939E-2 8.72221E-4 1.21776E-4 9.09527E-5 9.86133E-5 8.68455E-5 5.05024E-5 1.2602E-5 2.64059E-6 5.7964E-6 3.23795E-5 6.57529E-5 1.15294E-4 1.62965E-4 3.13056E-4 4.06752E-3 2.93134E-2 3.9437E-2 3.03461E-2 4.0384E-2 5.61586E-2 5.86029E-2 6.58859E-2 -9999 -9999 -9999 -9999 -9999 -9999 -9999 -9999 -9999 -9999 -9999 -9999 -9999 -9999 -9999 -9999 -9999 -9999 -9999 -9999 -9999 -9999 -9999 -9999 -9999 -9999
9.06709E-3 3.81443E-2 1.12167E-1 1.99801E-1 3.28732E-1 4.81091E-1 4.96606E-1 4.37742E-1 3.67067E-1 3.1013E-1 2.00711E-1 1.28727E-1 1.5739E-1 3.24232E-1 4.5588E-1 4.05687E-1 2.21671E-2 1.29617E-3 2.32556E-4 1.36839E-4 1.25479E-4 8.39584E-5 4.68373E-5 1.39816E-5 4.22258E-6 1.34155E-5 1.00294E-4 2.60401E-4 3.58964E-4 5.22742E-4 7.71363E-4 7.4891E-3 4.29263E-2 6.37707E-2 7.18133E-2 1.10113E-1 1.58093E-1 1.0647E-1 -9999 -9999 -9999 -9999 -9999 -9999 -9999 -9999 -9999 -9999 -9999 -9999 -9999 -9999 -9999 -9999 -9999 -9999 -9999 -9999 -9999 -9999 -9999 -9999 -9999 -9999 -9999
3.36662E-2 7.49413E-2 8.55521E-2 1.53419E-1 3.17294E-1 4.62182E-1 4.8375E-1 4.39181E-1 3.67184E-1 3.18801E-1 2.1872E-1 1.04685E-1 8.96235E-2 2.14937E-1 2.5723E-1 2.06132E-1 3.78081E-2 3.29026E-3 7.4616E-4 3.81627E-4 1.96196E-4 1.10872E-4 6.94417E-5 3.91246E-5 6.65569E-5 1.20846E-4 4.33043E-4 7.28534E-4 6.72673E-4 1.28324E-3 3.76959E-3 1.48868E-2 5.38328E-2 7.48158E-2 9.08296E-2 1.21806E-1 1.59535E-1 -9999 -9999 -9999 -9999 -9999 -9999 -9999 -9999 -9999 -9999 -9999 -9999 -9999 -9999 -9999 -9999 -9999 -9999 -9999 -9999 -9999 -9999 -9999 -9999 -9999 -9999 -9999 -9999
1.87037E-1 1.79827E-1 1.40776E-1 1.98957E-1 3.01249E-1 2.95152E-1 3.70035E-1 4.19605E-1 3.44875E-1 2.79704E-1 2.02899E-1 8.78295E-2 4.64167E-2 8.55801E-2 1.15411E-1 1.11614E-1 4.56251E-2 1.07888E-2 2.39002E-3 1.06407E-3 4.99111E-4 2.24732E-4 1.64668E-4 2.02574E-4 3.7281E-4 6.2852E-4 1.23264E-3 2.48634E-3 1.71348E-3 3.01009E-3 4.9027E-3 2.05193E-2 7.80411E-2 1.52409E-1 1.17669E-1 -9999 -9999 -9999 -9999 -9999 -9999 -9999 -9999 -9999 -9999 -9999 -9999 -9999 -9999 -9999 -9999 -9999 -9999 -9999 -9999 -9999 -9999 -9999 -9999 -9999 -9999 -9999 -9999 -9999 -9999
2.65667E-1 2.86913E-1 3.10227E-1 3.57423E-1 4.10201E-1 4.14267E-1 4.65396E-1 5.16967E-1 4.75352E-1 3.28541E-1 2.34949E-1 1.19526E-1 6.73296E-2 6.84462E-2 6.67364E-2 7.28906E-2 5.98589E-2 3.36376E-2 1.1895E-2 4.35204E-3 1.38274E-3 5.66273E-4 5.55852E-4 7.46121E-4 9.18597E-4 1.30005E-3 2.15721E-3 2.11057E-3 3.42313E-3 1.0035E-2 3.03654E-2 6.34427E-2 1.21806E-1 1.67809E-1 -9999 -9999 -9999 -9999 -9999 -9999 -9999 -9999 -9999 -9999 -9999 -9999 -9999 -9999 -9999 -9999 -9999 -9999 -9999 -9999 -9999 -9999 -9999 -9999 -9999 -9999 -9999 -9999 -9999 -9999 -9999
2.73325E-1 3.13372E-1 3.80278E-1 4.58707E-1 5.15466E-1 5.38812E-1 5.76073E-1 5.97995E-1 5.80892E-1 4.89525E-1 3.50512E-1 2.15687E-1 1.29974E-1 8.9194E-2 6.46844E-2 7.15771E-2 8.90961E-2 8.19958E-2 6.73386E-2 1.36957E-2 3.1088E-3 1.44232E-3 1.26796E-3 1.47638E-3 1.75954E-3 2.02497E-3 1.95499E-3 3.81663E-3 1.58914E-2 4.97489E-2 1.36443E-1 1.46482E-1 1.45338E-1 -9999 -9999 -9999 -9999 -9999 -9999 -9999 -9999 -9999 -9999 -9999 -9999 -9999 -9999 -9999 -9999 -9999 -9999 -9999 -9999 -9999 -9999 -9999 -9999 -9999 -9999 -9999 -9999 -9999 -9999 -9999 -9999
2.81767E-1 3.78447E-1 4.25327E-1 5.27747E-1 5.8266E-1 5.86024E-1 5.76997E-1 6.2114E-1 6.32518E-1 5.78103E-1 4.45842E-1 3.18221E-1 2.34323E-1 1.43963E-1 8.88966E-2 8.20532E-2 9.56422E-2 7.88036E-2 4.35309E-2 1.38662E-2 3.73623E-3 2.50375E-3 2.45627E-3 3.4675E-3 4.77208E-3 6.04179E-3 7.77248E-3 1.84446E-2 5.06474E-2 1.06537E-1 1.68105E-1 1.82626E-1 -9999 -9999 -9999 -9999 -9999 -9999 -9999 -9999 -9999 -9999 -9999 -9999 -9999 -9999 -9999 -9999 -9999 -9999 -9999 -9999 -9999 -9999 -9999 -9999 -9999 -9999 -9999 -9999 -9999 -9999 -9999 -9999 -9999
2.89658E-1 5.64269E-1 5.74195E-1 5.94112E-1 6.30075E-1 6.2509E-1 5.59014E-1 6.23226E-1 6.36153E-1 5.8748E-1 4.64097E-1 3.76279E-1 3.46319E-1 2.28221E-1 1.08634E-1 8.65433E-2 7.40953E-2 6.20385E-2 2.75799E-2 1.06078E-2 2.60288E-3 2.02362E-3 3.59854E-3 1.18572E-2 1.471E-2 1.82957E-2 2.86271E-2 5.81212E-2 8.09547E-2 1.04685E-1 -9999 -9999 -9999 -9999 -9999 -9999 -9999 -9999 -9999 -9999 -9999 -9999 -9999 -9999 -9999 -9999 -9999 -9999 -9999 -9999 -9999 -9999 -9999 -9999 -9999 -9999 -9999 -9999 -9999 -9999 -9999 -9999 -9999 -9999 -9999
3.6724E-1 5.58175E-1 5.97548E-1 6.13495E-1 6.38127E-1 6.4258E-1 6.18192E-1 6.06624E-1 5.85696E-1 5.33968E-1 4.3559E-1 4.07911E-1 3.83905E-1 2.58807E-1 1.22174E-1 1.01689E-1 8.4525E-2 9.78783E-2 8.19401E-2 2.55314E-2 8.48926E-3 4.21921E-3 4.83169E-3 2.49884E-2 2.87997E-2 3.64049E-2 7.81672E-2 8.81441E-2 -9999 -9999 -9999 -9999 -9999 -9999 -9999 -9999 -9999 -9999 -9999 -9999 -9999 -9999 -9999 -9999 -9999 -9999 -9999 -9999 -9999 -9999 -9999 -9999 -9999 -9999 -9999 -9999 -9999 -9999 -9999 -9999 -9999 -9999 -9999 -9999 -9999
4.23343E-1 5.10092E-1 5.86957E-1 6.22986E-1 6.43327E-1 6.49016E-1 6.36743E-1 6.15214E-1 5.745E-1 5.40468E-1 5.05036E-1 4.74369E-1 4.32265E-1 3.07123E-1 1.81508E-1 1.65713E-1 1.28009E-1 1.41053E-1 1.66378E-1 8.91901E-2 4.27176E-2 2.7771E-2 2.69503E-2 3.88259E-2 4.03879E-2 2.7771E-2 3.81635E-2 9.6761E-2 -9999 -9999 -9999 -9999 -9999 -9999 -9999 -9999 -9999 -9999 -9999 -9999 -9999 -9999 -9999 -9999 -9999 -9999 -9999 -9999 -9999 -9999 -9999 -9999 -9999 -9999 -9999 -9999 -9999 -9999 -9999 -9999 -9999 -9999 -9999 -9999 -9999
4.44981E-1 4.85379E-1 5.81824E-1 6.30425E-1 6.46995E-1 6.47128E-1 6.47123E-1 6.32156E-1 6.01291E-1 5.72159E-1 5.51258E-1 5.19008E-1 4.96762E-1 4.60069E-1 3.47238E-1 2.1108E-1 1.36142E-1 1.21817E-1 1.43607E-1 1.59299E-1 1.27057E-1 8.10162E-2 6.24104E-2 2.42386E-2 2.07721E-2 1.7743E-2 6.386E-2 8.19401E-2 -9999 -9999 -9999 -9999 -9999 -9999 -9999 -9999 -9999 -9999 -9999 -9999 -9999 -9999 -9999 -9999 -9999 -9999 -9999 -9999 -9999 -9999 -9999 -9999 -9999 -9999 -9999 -9999 -9999 -9999 -9999 -9999 -9999 -9999 -9999 -9999 -9999
5.16967E-1 5.41256E-1 6.03272E-1 6.37008E-1 6.43269E-1 6.46385E-1 6.46279E-1 6.36554E-1 6.21275E-1 5.92962E-1 5.71617E-1 5.54934E-1 5.28328E-1 5.15517E-1 4.63079E-1 2.69438E-1 1.16605E-1 7.83357E-2 1.17191E-1 2.21858E-1 2.37083E-1 1.00119E-1 6.48079E-2 1.46227E-2 7.25384E-3 9.74268E-3 2.89381E-2 -9999 -9999 -9999 -9999 -9999 -9999 -9999 -9999 -9999 -9999 -9999 -9999 -9999 -9999 -9999 -9999 -9999 -9999 -9999 -9999 -9999 -9999 -9999 -9999 -9999 -9999 -9999 -9999 -9999 -9999 -9999 -9999 -9999 -9999 -9999 -9999 -9999 -9999
5.78355E-1 6.02412E-1 6.21259E-1 6.35111E-1 6.42878E-1 6.40601E-1 6.45021E-1 6.48943E-1 6.3098E-1 6.171E-1 6.02643E-1 5.713E-1 5.27819E-1 4.48373E-1 3.56745E-1 2.91423E-1 1.50833E-1 5.15654E-2 7.13459E-2 1.36561E-1 1.87266E-1 1.18247E-1 5.39916E-2 1.09725E-2 7.64635E-3 8.94125E-3 -9999 -9999 -9999 -9999 -9999 -9999 -9999 -9999 -9999 -9999 -9999 -9999 -9999 -9999 -9999 -9999 -9999 -9999 -9999 -9999 -9999 -9999 -9999 -9999 -9999 -9999 -9999 -9999 -9999 -9999 -9999 -9999 -9999 -9999 -9999 -9999 -9999 -9999 -9999
6.05407E-1 6.10278E-1 6.04431E-1 6.06203E-1 6.18502E-1 5.88561E-1 6.32737E-1 6.44112E-1 6.39126E-1 6.35507E-1 5.99922E-1 5.57567E-1 4.99411E-1 4.27324E-1 3.59275E-1 3.16064E-1 2.0768E-1 6.2123E-2 7.245E-2 8.50717E-2 8.81441E-2 9.56527E-2 -9999 6.56355E-3 -9999 -9999 -9999 -9999 -9999 -9999 -9999 -9999 -9999 -9999 -9999 -9999 -9999 -9999 -9999 -9999 -9999 -9999 -9999 -9999 -9999 -9999 -9999 -9999 -9999 -9999 -9999 -9999 -9999 -9999 -9999 -9999 -9999 -9999 -9999 -9999 -9999 -9999 -9999 -9999 -9999
