KUENM/Final_Models/M_0.1_F_lq_Set_2_EC/sp1_se_asia_stddev.asc
ncols         320
nrows         243
xllcorner     44.0
yllcorner     -0.666666666666667
cellsize      0.166666666666667
NODATA_value  -9999
[rows 62 to 92 of 243, columns 140 to 209 of 320]
5.86463E-2 4.87454E-2 4.53335E-2 4.60474E-2 5.02409E-2 6.39501E-2 7.83018E-2 8.35768E-2 7.49231E-2 7.78829E-2 8.02095E-2 7.81442E-2 8.53896E-2 8.75147E-2 8.84841E-2 9.22515E-2 8.62663E-2 8.30216E-2 8.27295E-2 8.08055E-2 7.44789E-2 6.52232E-2 6.08453E-2 5.98094E-2 6.01721E-2 6.08708E-2 5.98215E-2 5.98094E-2 6.08453E-2 6.21087E-2 6.57126E-2 6.76383E-2 7.10911E-2 7.38648E-2 7.51168E-2 7.63389E-2 7.58122E-2 7.38638E-2 7.39869E-2 7.82721E-2 8.20741E-2 8.55541E-2 8.79499E-2 8.97533E-2 8.92838E-2 8.86126E-2 8.55982E-2 8.07681E-2 7.70715E-2 7.37241E-2 7.14612E-2 6.97927E-2 6.01465E-2 5.4263E-2 5.92266E-2 5.97335E-2 5.02362E-2 4.55121E-2 5.12467E-2 5.84656E-2 5.82018E-2 6.0182E-2 5.26372E-2 4.68831E-2 4.77944E-2 3.15937E-2 1.72584E-2 5.1161E-3 1.07466E-3 6.14655E-5
6.24069E-2 4.36647E-2 4.06855E-2 4.25485E-2 4.47414E-2 5.15015E-2 7.70138E-2 8.0101E-2 7.63782E-2 8.02385E-2 7.78897E-2 7.99353E-2 8.31461E-2 8.64644E-2 8.93499E-2 9.04752E-2 8.18408E-2 8.10889E-2 8.28824E-2 8.21642E-2 7.28574E-2 6.35639E-2 5.91148E-2 5.87664E-2 5.84173E-2 5.94625E-2 5.94625E-2 5.9053E-2 6.04207E-2 6.19449E-2 6.61109E-2 6.84701E-2 7.14702E-2 7.36894E-2 7.55816E-2 7.5833E-2 7.49978E-2 7.16493E-2 7.17945E-2 7.70705E-2 8.11997E-2 8.47013E-2 8.67223E-2 8.88723E-2 8.88318E-2 8.8947E-2 8.71039E-2 8.31652E-2 7.77863E-2 6.9097E-2 6.22575E-2 6.60635E-2 6.02639E-2 4.95922E-2 4.86749E-2 4.92795E-2 4.53421E-2 4.35276E-2 4.34263E-2 4.90493E-2 5.42613E-2 5.91266E-2 5.04305E-2 4.29536E-2 4.64108E-2 4.08745E-2 3.02004E-2 1.92951E-2 8.76429E-3 2.41996E-3
5.62828E-2 3.99282E-2 3.86828E-2 3.96383E-2 4.08946E-2 4.67968E-2 6.36444E-2 7.55139E-2 8.12085E-2 8.55566E-2 8.2842E-2 8.28554E-2 8.5239E-2 8.71251E-2 8.71064E-2 7.83602E-2 7.46642E-2 7.48201E-2 7.68634E-2 7.46246E-2 6.87357E-2 6.22134E-2 5.80675E-2 5.7015E-2 5.73663E-2 5.77172E-2 5.80188E-2 5.9053E-2 6.02825E-2 6.23697E-2 6.55095E-2 6.80582E-2 7.12319E-2 7.31341E-2 7.48201E-2 7.48201E-2 7.39446E-2 7.3949E-2 7.53043E-2 7.83602E-2 8.21756E-2 8.45712E-2 8.6497E-2 8.80818E-2 8.81298E-2 8.83654E-2 8.7435E-2 8.52301E-2 7.87392E-2 7.0002E-2 6.42741E-2 6.79388E-2 6.29252E-2 5.02247E-2 4.53528E-2 4.36089E-2 4.11143E-2 4.12468E-2 4.03508E-2 4.46261E-2 5.05592E-2 5.80473E-2 5.42956E-2 4.65164E-2 4.86076E-2 4.64108E-2 4.0809E-2 3.37849E-2 2.67808E-2 1.4056E-2
5.19556E-2 3.81138E-2 3.72637E-2 3.69814E-2 3.84829E-2 4.60699E-2 5.5596E-2 7.47703E-2 8.40557E-2 8.4904E-2 8.43259E-2 8.45532E-2 8.22058E-2 8.13861E-2 7.52237E-2 6.76032E-2 6.73101E-2 6.70148E-2 6.67275E-2 6.44219E-2 6.15314E-2 5.80675E-2 5.66631E-2 5.52518E-2 5.52354E-2 5.62828E-2 5.723E-2 5.85948E-2 6.0088E-2 6.14479E-2 6.42558E-2 6.64852E-2 6.9693E-2 7.1395E-2 7.35803E-2 7.5037E-2 7.6237E-2 7.73958E-2 7.89254E-2 8.11434E-2 8.34759E-2 8.51175E-2 8.67886E-2 8.73385E-2 8.80115E-2 8.73978E-2 8.61615E-2 8.40347E-2 7.98857E-2 7.45608E-2 7.0002E-2 6.64416E-2 5.9287E-2 5.14778E-2 4.41943E-2 3.89683E-2 4.03764E-2 3.91653E-2 3.66258E-2 3.96739E-2 4.83769E-2 5.60992E-2 5.67777E-2 5.46924E-2 5.48203E-2 5.45468E-2 5.13856E-2 4.86168E-2 4.6731E-2 3.2556E-2
4.03056E-2 3.81138E-2 3.86828E-2 3.75466E-2 3.83981E-2 4.48833E-2 5.72919E-2 6.78189E-2 7.58726E-2 7.62952E-2 7.52531E-2 7.3105E-2 7.43382E-2 7.12461E-2 6.35768E-2 5.79288E-2 5.72778E-2 5.72094E-2 5.67414E-2 5.45354E-2 5.34819E-2 5.20644E-2 5.34819E-2 5.31327E-2 5.38344E-2 5.48189E-2 5.61997E-2 5.74172E-2 5.91877E-2 6.14479E-2 6.38737E-2 6.64852E-2 6.76019E-2 7.00825E-2 7.27427E-2 7.46416E-2 7.76522E-2 7.98668E-2 8.13573E-2 8.25545E-2 8.44369E-2 8.51581E-2 8.64108E-2 8.71914E-2 8.73978E-2 8.64932E-2 8.51498E-2 8.24461E-2 7.81824E-2 7.6979E-2 7.28388E-2 6.66782E-2 5.75247E-2 4.87193E-2 4.78247E-2 5.13438E-2 4.61089E-2 4.49123E-2 3.85689E-2 3.6929E-2 4.80372E-2 5.47266E-2 5.66679E-2 5.68356E-2 5.75446E-2 5.75577E-2 5.83271E-2 5.83271E-2 5.67403E-2 4.71548E-2
4.05088E-2 3.98254E-2 3.95392E-2 4.03985E-2 4.35614E-2 5.22694E-2 6.42927E-2 6.82792E-2 7.12729E-2 7.00276E-2 6.62526E-2 6.41715E-2 6.14314E-2 5.79288E-2 5.50238E-2 5.20673E-2 4.99557E-2 4.9439E-2 4.88617E-2 4.78789E-2 4.78276E-2 4.95878E-2 5.10264E-2 5.1E-2 5.27379E-2 5.40152E-2 5.57228E-2 5.72094E-2 5.95141E-2 6.14314E-2 6.28527E-2 6.57196E-2 6.78614E-2 7.00825E-2 7.31678E-2 7.59912E-2 7.82167E-2 8.10831E-2 8.20175E-2 8.31964E-2 8.43556E-2 8.55099E-2 8.62685E-2 8.61254E-2 8.55502E-2 8.38067E-2 8.2994E-2 7.86161E-2 7.67548E-2 7.5393E-2 7.40074E-2 6.66782E-2 5.55959E-2 4.50541E-2 4.87487E-2 5.38671E-2 4.81798E-2 4.56059E-2 3.7815E-2 3.38627E-2 3.68852E-2 4.82953E-2 5.17936E-2 5.42616E-2 5.61521E-2 5.56811E-2 5.44432E-2 5.42988E-2 5.75345E-2 5.07102E-2
4.43556E-2 4.03985E-2 4.21227E-2 4.49978E-2 5.09124E-2 6.21004E-2 6.81071E-2 6.81588E-2 6.86623E-2 6.38563E-2 5.85085E-2 5.46962E-2 5.20482E-2 5.01758E-2 4.91701E-2 4.70935E-2 4.39363E-2 4.42675E-2 4.40358E-2 4.51069E-2 4.58135E-2 4.71886E-2 4.92638E-2 5.06525E-2 5.22993E-2 5.40152E-2 5.55388E-2 5.72094E-2 5.85759E-2 6.04332E-2 6.31479E-2 6.59952E-2 6.81185E-2 7.05464E-2 7.37818E-2 7.56152E-2 7.73281E-2 7.93012E-2 8.13259E-2 8.25296E-2 8.45437E-2 8.51275E-2 8.49504E-2 8.41228E-2 8.09037E-2 7.83998E-2 7.87392E-2 7.5393E-2 7.1897E-2 7.32686E-2 7.60059E-2 6.84017E-2 5.62962E-2 4.91382E-2 5.15495E-2 5.25906E-2 5.38671E-2 4.05445E-2 3.82792E-2 4.0143E-2 3.15675E-2 3.80842E-2 4.52391E-2 4.98111E-2 5.43429E-2 5.55265E-2 5.47266E-2 5.40945E-2 5.59338E-2 4.62209E-2
4.52714E-2 4.15474E-2 4.35614E-2 4.72811E-2 5.35975E-2 6.41856E-2 6.79338E-2 6.80117E-2 6.63779E-2 5.83413E-2 5.22179E-2 4.97719E-2 4.85623E-2 4.72683E-2 4.65498E-2 4.45919E-2 4.34691E-2 4.29462E-2 4.32756E-2 4.40358E-2 4.5446E-2 4.68075E-2 4.85186E-2 4.95486E-2 5.18191E-2 5.31765E-2 5.49738E-2 5.72778E-2 5.91889E-2 6.10473E-2 6.37328E-2 6.62687E-2 6.88747E-2 7.01085E-2 7.27007E-2 7.52991E-2 7.58631E-2 7.82173E-2 8.13259E-2 8.25184E-2 8.42348E-2 8.36109E-2 8.25823E-2 7.80688E-2 7.21966E-2 6.88139E-2 7.07139E-2 6.6915E-2 6.60963E-2 6.73997E-2 6.65553E-2 6.11556E-2 5.52913E-2 6.01836E-2 5.81805E-2 4.523E-2 4.48791E-2 4.15519E-2 3.60656E-2 3.04571E-2 3.01493E-2 3.1699E-2 3.75981E-2 4.56536E-2 5.13058E-2 5.43851E-2 5.42494E-2 5.41482E-2 5.44778E-2 4.5092E-2
5.69788E-2 4.25485E-2 4.48833E-2 4.72066E-2 5.25761E-2 5.89794E-2 6.39453E-2 6.21593E-2 5.42792E-2 4.87613E-2 4.52714E-2 4.44134E-2 4.41033E-2 4.41033E-2 4.43651E-2 4.45919E-2 4.31423E-2 4.24906E-2 4.32756E-2 4.36057E-2 4.50406E-2 4.63877E-2 4.77412E-2 4.9439E-2 5.09637E-2 5.29752E-2 5.46975E-2 5.72866E-2 6.04332E-2 6.28527E-2 6.45962E-2 6.68089E-2 6.88747E-2 7.16555E-2 7.32219E-2 7.70161E-2 7.77308E-2 8.02606E-2 8.25326E-2 8.33094E-2 8.42368E-2 8.30735E-2 7.91356E-2 7.26738E-2 6.6915E-2 6.13174E-2 6.1815E-2 6.19388E-2 5.94424E-2 6.11362E-2 5.90452E-2 5.31314E-2 4.90152E-2 5.37254E-2 5.16604E-2 4.54416E-2 4.12213E-2 4.12508E-2 3.19138E-2 3.40086E-2 3.04571E-2 2.70744E-2 3.44828E-2 4.132E-2 4.76412E-2 5.27983E-2 5.30551E-2 5.2015E-2 5.35008E-2 5.3568E-2
6.31851E-2 4.31324E-2 4.40082E-2 4.62203E-2 4.7986E-2 5.00238E-2 5.06001E-2 4.59249E-2 4.1564E-2 4.04065E-2 4.01052E-2 4.04133E-2 4.16252E-2 4.25209E-2 4.34025E-2 4.39421E-2 4.26481E-2 4.31423E-2 4.28162E-2 4.42675E-2 4.63877E-2 4.77412E-2 4.89475E-2 4.97478E-2 5.14057E-2 5.37149E-2 5.59985E-2 5.91889E-2 6.16554E-2 6.37328E-2 6.68089E-2 6.83731E-2 7.09225E-2 7.23054E-2 7.35803E-2 7.69683E-2 7.91375E-2 8.14545E-2 8.31081E-2 8.42368E-2 8.30893E-2 8.00215E-2 7.56068E-2 6.88184E-2 6.31585E-2 5.83634E-2 5.80324E-2 5.93675E-2 5.92266E-2 5.93896E-2 6.0631E-2 5.21584E-2 4.53528E-2 4.28725E-2 3.93825E-2 3.80907E-2 3.39543E-2 3.59188E-2 3.25459E-2 3.13057E-2 2.51546E-2 2.71962E-2 3.19292E-2 3.49613E-2 4.20473E-2 4.77782E-2 4.62848E-2 4.43449E-2 4.71464E-2 5.18375E-2
6.47624E-2 4.42662E-2 4.38526E-2 4.45669E-2 4.45669E-2 4.39654E-2 4.27633E-2 3.97747E-2 3.7416E-2 3.6536E-2 3.62432E-2 3.82924E-2 3.94648E-2 4.095E-2 4.15768E-2 4.18074E-2 4.2326E-2 4.24906E-2 4.41243E-2 4.59312E-2 4.69343E-2 4.92835E-2 5.00797E-2 5.04795E-2 5.24362E-2 5.40547E-2 5.76063E-2 6.0741E-2 6.37328E-2 6.75921E-2 7.01929E-2 7.1627E-2 7.46001E-2 7.52507E-2 7.60217E-2 7.73845E-2 8.13259E-2 8.29857E-2 8.29035E-2 8.24627E-2 8.0975E-2 7.75271E-2 7.12206E-2 6.7604E-2 6.26954E-2 5.83634E-2 6.0343E-2 6.44502E-2 6.40774E-2 6.30884E-2 5.80901E-2 5.77151E-2 4.77212E-2 4.13525E-2 3.92064E-2 3.62802E-2 3.43238E-2 3.06545E-2 2.8921E-2 2.57249E-2 2.57766E-2 2.52608E-2 2.76564E-2 3.33326E-2 3.56929E-2 4.022E-2 4.0977E-2 3.60994E-2 3.8124E-2 4.43487E-2
5.55101E-2 4.49661E-2 4.33641E-2 4.37455E-2 4.25272E-2 4.13131E-2 4.04133E-2 3.95041E-2 3.83088E-2 3.73937E-2 3.67984E-2 3.73937E-2 3.94648E-2 4.03257E-2 4.03257E-2 4.149E-2 4.26481E-2 4.31423E-2 4.37964E-2 4.67623E-2 4.8752E-2 4.94977E-2 5.01758E-2 5.30852E-2 5.43766E-2 5.66085E-2 5.87929E-2 6.34412E-2 6.78632E-2 7.0682E-2 7.29568E-2 7.52399E-2 7.68431E-2 7.80262E-2 7.90642E-2 8.22789E-2 8.34517E-2 8.30089E-2 8.13941E-2 7.9471E-2 7.90805E-2 7.64214E-2 7.34991E-2 6.76399E-2 6.5262E-2 6.45228E-2 6.78017E-2 6.91221E-2 6.85998E-2 6.14118E-2 6.14395E-2 5.57456E-2 4.81639E-2 4.29063E-2 4.66328E-2 3.68144E-2 2.70987E-2 2.66046E-2 2.45702E-2 2.26432E-2 2.26835E-2 2.47955E-2 2.7848E-2 3.20844E-2 3.24467E-2 3.24467E-2 3.41341E-2 3.32027E-2 3.29407E-2 3.78668E-2
5.17366E-2 4.62719E-2 4.40505E-2 4.31769E-2 4.22522E-2 4.1936E-2 4.13149E-2 4.10244E-2 4.22473E-2 4.28366E-2 3.95006E-2 4.00791E-2 4.00791E-2 4.095E-2 4.1891E-2 4.25209E-2 4.24439E-2 4.39421E-2 4.45919E-2 4.84201E-2 5.17366E-2 5.17834E-2 5.4014E-2 5.66085E-2 5.66085E-2 5.91889E-2 6.25559E-2 6.73187E-2 7.17245E-2 7.45554E-2 7.59409E-2 7.74792E-2 7.90961E-2 8.02458E-2 8.13846E-2 8.3377E-2 8.32645E-2 8.19575E-2 8.00144E-2 7.72433E-2 7.6573E-2 7.56588E-2 7.36414E-2 7.17176E-2 6.78637E-2 6.73954E-2 7.01294E-2 6.5733E-2 6.30236E-2 6.07885E-2 6.02748E-2 5.23991E-2 4.88856E-2 4.50027E-2 4.92304E-2 3.0377E-2 2.48005E-2 2.35556E-2 2.26089E-2 2.03361E-2 2.27551E-2 2.27298E-2 2.29926E-2 2.88919E-2 3.17915E-2 3.09737E-2 3.27936E-2 3.46161E-2 3.50893E-2 3.47063E-2
4.88807E-2 4.62719E-2 4.56922E-2 4.56922E-2 4.47387E-2 4.37861E-2 4.34692E-2 4.37861E-2 4.50086E-2 4.41033E-2 4.22473E-2 4.16252E-2 4.10051E-2 4.1936E-2 4.31527E-2 4.2871E-2 4.34692E-2 4.5896E-2 4.8752E-2 5.45291E-2 5.85759E-2 5.78634E-2 5.72809E-2 5.74417E-2 5.86558E-2 6.19572E-2 6.56324E-2 7.17278E-2 7.60734E-2 7.92297E-2 7.83081E-2 7.97182E-2 8.05379E-2 8.16512E-2 8.2286E-2 8.35509E-2 8.30487E-2 8.09969E-2 7.92199E-2 7.77915E-2 7.52844E-2 7.35133E-2 7.36414E-2 7.24354E-2 6.97933E-2 6.61061E-2 6.54331E-2 6.09368E-2 5.88646E-2 5.41322E-2 5.50075E-2 4.8347E-2 4.56297E-2 4.50329E-2 4.47905E-2 3.45666E-2 2.47965E-2 2.34513E-2 2.25496E-2 2.09793E-2 2.02759E-2 2.08498E-2 2.30473E-2 2.50995E-2 3.02157E-2 3.59089E-2 3.88858E-2 3.7655E-2 3.71288E-2 3.5219E-2
4.94594E-2 4.72008E-2 4.75781E-2 4.75916E-2 4.6945E-2 4.72043E-2 4.66219E-2 4.60121E-2 4.72683E-2 4.50567E-2 4.41033E-2 4.37861E-2 4.44208E-2 4.44208E-2 4.44361E-2 4.41226E-2 4.5375E-2 4.75916E-2 5.19705E-2 5.6951E-2 6.09155E-2 6.29964E-2 6.32717E-2 5.99178E-2 6.15086E-2 6.37328E-2 6.64852E-2 7.12319E-2 7.68431E-2 8.15662E-2 8.25121E-2 8.2479E-2 8.2366E-2 8.24001E-2 8.25296E-2 8.2313E-2 8.24459E-2 8.12634E-2 7.96457E-2 7.67811E-2 7.50634E-2 7.45098E-2 7.53763E-2 7.17176E-2 6.9198E-2 6.1815E-2 5.83634E-2 5.71141E-2 5.22132E-2 4.81954E-2 4.68971E-2 4.02839E-2 4.00118E-2 3.61961E-2 3.19398E-2 2.47965E-2 2.53681E-2 2.42874E-2 2.26253E-2 2.11933E-2 2.13109E-2 2.24154E-2 2.54581E-2 2.79912E-2 2.93466E-2 3.33096E-2 3.875E-2 3.8386E-2 3.89317E-2 3.76562E-2
5.00841E-2 5.00841E-2 5.01521E-2 4.88846E-2 5.00797E-2 5.10744E-2 5.04795E-2 4.92077E-2 4.88846E-2 4.72873E-2 4.69684E-2 4.63308E-2 4.60121E-2 4.60121E-2 4.56922E-2 4.66352E-2 4.56922E-2 4.79149E-2 5.17854E-2 5.82426E-2 6.43694E-2 7.20782E-2 6.77766E-2 6.43694E-2 6.45962E-2 6.59188E-2 6.73187E-2 7.01929E-2 7.52399E-2 8.00597E-2 8.24001E-2 8.35308E-2 8.35308E-2 8.35428E-2 8.24184E-2 8.13874E-2 7.99263E-2 7.83587E-2 7.8136E-2 7.48406E-2 7.34706E-2 7.58845E-2 7.58363E-2 7.2345E-2 6.82628E-2 6.04092E-2 5.56128E-2 5.45508E-2 4.72267E-2 4.24983E-2 3.85689E-2 3.32612E-2 3.76198E-2 3.29591E-2 2.71043E-2 2.53292E-2 2.57249E-2 2.27241E-2 2.27818E-2 2.31178E-2 2.45766E-2 2.44676E-2 2.94015E-2 3.15641E-2 2.92412E-2 3.05488E-2 3.8386E-2 4.37794E-2 4.3944E-2 4.56733E-2
5.22558E-2 5.13284E-2 5.17333E-2 5.24362E-2 5.27276E-2 5.43706E-2 5.3409E-2 5.17854E-2 5.1133E-2 5.01758E-2 4.98347E-2 4.85623E-2 4.85623E-2 4.82437E-2 4.75781E-2 4.78921E-2 4.78921E-2 4.95169E-2 5.37321E-2 5.88746E-2 6.78632E-2 7.24423E-2 6.94391E-2 6.70431E-2 6.77781E-2 6.9424E-2 6.91827E-2 7.11602E-2 7.47405E-2 7.97268E-2 8.09837E-2 8.14668E-2 8.25296E-2 8.34217E-2 8.04926E-2 7.95132E-2 7.70627E-2 7.54183E-2 7.39826E-2 7.18067E-2 7.18067E-2 7.40414E-2 7.3149E-2 6.8747E-2 6.27912E-2 5.77426E-2 5.42989E-2 4.95678E-2 4.47039E-2 3.76422E-2 3.12867E-2 2.7257E-2 3.01625E-2 2.94208E-2 3.4396E-2 2.93738E-2 2.281E-2 2.12865E-2 2.27298E-2 3.03228E-2 2.73803E-2 2.41201E-2 2.81469E-2 3.46692E-2 3.15498E-2 3.35418E-2 3.9553E-2 4.43737E-2 4.49068E-2 4.83678E-2
5.3011E-2 5.37874E-2 5.36129E-2 5.52734E-2 5.5657E-2 5.53381E-2 5.46978E-2 5.46978E-2 5.30616E-2 5.17333E-2 5.17333E-2 5.07859E-2 5.07859E-2 5.01521E-2 4.97719E-2 4.94594E-2 4.97719E-2 5.20482E-2 5.52734E-2 6.00142E-2 6.56324E-2 6.8336E-2 6.59188E-2 6.50538E-2 7.01431E-2 7.09815E-2 7.03158E-2 7.01085E-2 7.40017E-2 7.75923E-2 8.01833E-2 8.03972E-2 8.01373E-2 7.90438E-2 7.44289E-2 7.22042E-2 7.15753E-2 7.05863E-2 6.95949E-2 6.73037E-2 6.7799E-2 7.13897E-2 6.90516E-2 6.11395E-2 5.82214E-2 5.92106E-2 5.45994E-2 4.8266E-2 4.17417E-2 3.51545E-2 2.40748E-2 2.03693E-2 2.09827E-2 2.31699E-2 2.93439E-2 2.02865E-2 2.07116E-2 2.27592E-2 2.77035E-2 3.12117E-2 2.7848E-2 3.23581E-2 3.43818E-2 3.96402E-2 4.19001E-2 3.88881E-2 4.23586E-2 4.66184E-2 3.85089E-2 4.05661E-2
6.36444E-2 5.58938E-2 5.52971E-2 5.71351E-2 5.68274E-2 5.62923E-2 5.53381E-2 5.46453E-2 5.36129E-2 5.33013E-2 5.2989E-2 5.2989E-2 5.2676E-2 5.2676E-2 5.19473E-2 5.22558E-2 5.31771E-2 5.42337E-2 5.6378E-2 5.98485E-2 6.24401E-2 6.49183E-2 6.54419E-2 6.65399E-2 7.0682E-2 7.01085E-2 7.00276E-2 6.94654E-2 7.22439E-2 7.54734E-2 7.91742E-2 7.69123E-2 7.46778E-2 7.09462E-2 6.61593E-2 6.3709E-2 6.3657E-2 6.37036E-2 6.52777E-2 6.65245E-2 6.7799E-2 6.87372E-2 7.02394E-2 5.61248E-2 6.20369E-2 6.57331E-2 5.62107E-2 4.73695E-2 4.02949E-2 2.92313E-2 1.82685E-2 2.02757E-2 1.82432E-2 1.85184E-2 1.86062E-2 1.95057E-2 2.86718E-2 3.08516E-2 3.57811E-2 3.40224E-2 2.62587E-2 2.88333E-2 3.44519E-2 4.3944E-2 4.66849E-2 4.3944E-2 4.35547E-2 4.75392E-2 3.8978E-2 3.60073E-2
7.31334E-2 6.96179E-2 5.97109E-2 6.20514E-2 5.69811E-2 5.65186E-2 5.52734E-2 5.42337E-2 5.34827E-2 5.37874E-2 5.43942E-2 5.43942E-2 5.43942E-2 5.48512E-2 5.48512E-2 5.43942E-2 5.52971E-2 5.69811E-2 5.87602E-2 6.10495E-2 6.40853E-2 6.80219E-2 7.0774E-2 6.98226E-2 7.02165E-2 7.0917E-2 7.00784E-2 7.00784E-2 7.09944E-2 7.31808E-2 7.35545E-2 7.23855E-2 6.9732E-2 6.15516E-2 5.52868E-2 5.51811E-2 5.5182E-2 5.68754E-2 6.11039E-2 6.58037E-2 6.28162E-2 6.19546E-2 6.65553E-2 6.69529E-2 7.16608E-2 6.49123E-2 5.08698E-2 4.09093E-2 3.44038E-2 2.14116E-2 1.45873E-2 1.59834E-2 1.7485E-2 2.04203E-2 2.19144E-2 2.17716E-2 3.20728E-2 3.84728E-2 2.89273E-2 2.42068E-2 3.33096E-2 3.20554E-2 3.92944E-2 4.91467E-2 5.04862E-2 4.99035E-2 5.00948E-2 4.92853E-2 4.45337E-2 3.76274E-2
7.59584E-2 7.59319E-2 6.99349E-2 6.72889E-2 5.678E-2 5.61904E-2 5.49972E-2 5.47934E-2 5.47934E-2 5.56704E-2 5.59603E-2 5.6249E-2 5.73645E-2 5.72809E-2 5.78766E-2 5.78766E-2 5.79436E-2 5.90842E-2 6.18798E-2 6.37489E-2 6.76137E-2 7.13702E-2 7.48387E-2 7.19085E-2 7.10975E-2 7.15084E-2 7.00665E-2 6.96039E-2 6.82121E-2 6.88298E-2 7.06385E-2 7.03518E-2 6.43234E-2 5.68342E-2 5.0214E-2 4.66465E-2 4.77218E-2 4.94555E-2 5.58896E-2 5.87798E-2 5.61114E-2 5.62962E-2 6.06787E-2 6.66782E-2 6.51784E-2 5.56339E-2 4.0092E-2 3.11964E-2 2.53202E-2 1.96734E-2 1.47583E-2 1.40959E-2 1.72727E-2 2.74541E-2 3.5104E-2 3.00681E-2 3.19316E-2 2.51088E-2 2.71053E-2 3.75926E-2 2.92412E-2 4.4649E-2 5.11953E-2 5.3605E-2 5.29077E-2 5.00203E-2 4.75237E-2 5.06027E-2 4.92721E-2 4.55493E-2
7.60508E-2 7.78702E-2 7.43233E-2 6.9119E-2 5.85169E-2 5.5693E-2 5.37143E-2 5.39973E-2 5.5975E-2 5.73641E-2 5.79091E-2 5.93303E-2 5.96451E-2 6.07692E-2 6.07692E-2 6.13281E-2 6.21529E-2 6.23426E-2 6.477E-2 6.6231E-2 6.84582E-2 7.24074E-2 7.48484E-2 7.37824E-2 6.98108E-2 6.96529E-2 6.93839E-2 6.74346E-2 6.53511E-2 6.77221E-2 6.9723E-2 6.71937E-2 6.04986E-2 5.27579E-2 4.51962E-2 3.95855E-2 3.9979E-2 4.45176E-2 4.96213E-2 5.33221E-2 6.34365E-2 6.68565E-2 6.27021E-2 6.56625E-2 4.90956E-2 4.39245E-2 3.71638E-2 2.5023E-2 1.98061E-2 1.56583E-2 1.49448E-2 1.38554E-2 1.64985E-2 2.60463E-2 3.656E-2 2.68233E-2 2.46964E-2 3.23833E-2 3.80167E-2 3.42712E-2 3.93889E-2 4.99604E-2 5.07412E-2 5.46508E-2 5.1653E-2 4.57544E-2 3.77797E-2 4.95757E-2 5.05277E-2 5.07159E-2
7.77267E-2 7.77267E-2 7.28186E-2 6.99764E-2 6.18798E-2 5.73641E-2 5.3663E-2 5.39316E-2 5.61384E-2 5.98614E-2 6.17689E-2 6.20101E-2 6.26016E-2 6.20816E-2 6.38162E-2 6.488E-2 6.477E-2 6.6231E-2 6.76002E-2 6.86656E-2 7.03964E-2 7.21593E-2 7.44105E-2 7.3326E-2 6.8372E-2 6.87894E-2 6.89509E-2 6.66135E-2 6.74114E-2 6.89596E-2 6.68994E-2 6.26761E-2 5.60206E-2 4.78452E-2 3.93407E-2 3.36474E-2 3.26121E-2 3.63847E-2 4.30299E-2 6.02639E-2 7.05566E-2 6.30088E-2 5.77354E-2 5.17029E-2 4.16312E-2 3.44529E-2 3.20634E-2 2.27121E-2 1.39309E-2 1.20501E-2 1.19645E-2 1.07508E-2 1.29587E-2 1.45459E-2 1.92406E-2 2.89108E-2 3.7108E-2 4.53752E-2 5.14914E-2 3.52573E-2 5.01279E-2 5.05558E-2 5.17936E-2 4.87857E-2 5.0161E-2 5.04111E-2 4.95757E-2 5.03313E-2 5.01829E-2 4.9726E-2
7.942E-2 7.69268E-2 7.50387E-2 6.81185E-2 6.11854E-2 5.71816E-2 5.24238E-2 5.37734E-2 5.71245E-2 6.25824E-2 6.53339E-2 6.51365E-2 6.50362E-2 6.50195E-2 6.61592E-2 6.76137E-2 6.78189E-2 6.96578E-2 7.05732E-2 7.12477E-2 7.21593E-2 7.30655E-2 7.30715E-2 7.26651E-2 6.85801E-2 6.79478E-2 6.75328E-2 6.7495E-2 6.8166E-2 6.72309E-2 5.914E-2 5.79468E-2 5.12072E-2 4.21507E-2 3.45965E-2 2.92339E-2 2.70503E-2 2.8518E-2 3.79239E-2 6.78692E-2 6.77222E-2 5.97755E-2 5.12961E-2 4.30159E-2 3.22902E-2 2.45802E-2 2.02377E-2 1.60438E-2 1.77198E-2 1.73317E-2 1.59052E-2 1.35742E-2 1.21208E-2 1.00766E-2 1.31478E-2 2.62884E-2 3.82037E-2 4.95634E-2 5.44864E-2 3.99196E-2 5.34166E-2 5.43931E-2 5.13505E-2 4.64911E-2 4.71554E-2 5.00343E-2 5.08259E-2 5.00713E-2 4.91641E-2 5.00118E-2
8.12689E-2 7.99261E-2 7.3699E-2 6.66541E-2 6.08353E-2 5.60035E-2 5.30691E-2 5.50402E-2 5.87561E-2 6.32176E-2 6.67352E-2 6.75676E-2 6.67223E-2 6.50692E-2 6.6231E-2 6.86656E-2 7.0917E-2 7.24358E-2 7.32924E-2 7.34005E-2 7.3886E-2 7.43467E-2 7.32144E-2 7.07475E-2 6.81494E-2 6.74351E-2 6.69344E-2 6.6912E-2 6.68624E-2 6.34434E-2 5.75722E-2 5.28107E-2 4.75618E-2 3.66076E-2 2.94524E-2 2.56655E-2 2.42029E-2 2.5023E-2 5.42992E-2 6.74496E-2 6.15696E-2 5.37543E-2 4.50586E-2 3.58668E-2 2.60447E-2 1.83655E-2 1.65062E-2 1.76299E-2 2.39485E-2 2.42446E-2 2.4111E-2 2.44417E-2 1.95822E-2 1.3847E-2 1.48762E-2 2.29757E-2 3.24247E-2 4.70282E-2 5.50275E-2 4.11293E-2 5.28977E-2 5.70433E-2 5.36523E-2 4.95277E-2 4.61648E-2 4.96793E-2 5.08819E-2 5.0467E-2 4.58882E-2 4.28778E-2
8.25E-2 7.98145E-2 7.58032E-2 6.98878E-2 6.2231E-2 5.83169E-2 5.64149E-2 5.78964E-2 6.10143E-2 6.44622E-2 6.66726E-2 6.80787E-2 6.75676E-2 6.69206E-2 6.76994E-2 7.0917E-2 7.31808E-2 7.45792E-2 7.48151E-2 7.48413E-2 7.49082E-2 7.3831E-2 7.07535E-2 6.89001E-2 6.77666E-2 6.65401E-2 6.6257E-2 6.58368E-2 6.48003E-2 6.2406E-2 5.70412E-2 4.80909E-2 3.90416E-2 2.85211E-2 2.30115E-2 2.3359E-2 2.26533E-2 4.2009E-2 6.81637E-2 5.7373E-2 5.18498E-2 4.60658E-2 3.74606E-2 2.84731E-2 2.25319E-2 2.01547E-2 2.17837E-2 2.97762E-2 3.24294E-2 2.29526E-2 2.34583E-2 3.13856E-2 2.60879E-2 2.40585E-2 2.51724E-2 2.67268E-2 3.18714E-2 4.3582E-2 5.55312E-2 4.19625E-2 5.3275E-2 5.69194E-2 5.51948E-2 5.38596E-2 5.15372E-2 5.16179E-2 5.0517E-2 4.81709E-2 4.40499E-2 4.63105E-2
8.03915E-2 8.13638E-2 7.58726E-2 6.90715E-2 6.43653E-2 6.07121E-2 6.02251E-2 6.08206E-2 6.31916E-2 6.5913E-2 6.78023E-2 6.83422E-2 6.88092E-2 6.90671E-2 7.12729E-2 7.34005E-2 7.47141E-2 7.4814E-2 7.46287E-2 7.45807E-2 7.33845E-2 7.11506E-2 6.9037E-2 6.71903E-2 6.60373E-2 6.53338E-2 6.44365E-2 6.28427E-2 6.08828E-2 5.81835E-2 5.09483E-2 4.06032E-2 2.80649E-2 2.06625E-2 1.88093E-2 2.31034E-2 5.42657E-2 8.06281E-2 6.70238E-2 5.14833E-2 4.53421E-2 3.74652E-2 3.16638E-2 2.70616E-2 2.31629E-2 2.74708E-2 2.94657E-2 4.1462E-2 4.62383E-2 4.20169E-2 3.08948E-2 2.4806E-2 2.69039E-2 3.08258E-2 3.56635E-2 3.49378E-2 3.63691E-2 4.71464E-2 5.52546E-2 5.1325E-2 5.32178E-2 5.59521E-2 5.68378E-2 5.59338E-2 5.35207E-2 5.16524E-2 5.09783E-2 5.10211E-2 5.14569E-2 5.20275E-2
7.72645E-2 7.78409E-2 7.21497E-2 6.90453E-2 6.57017E-2 6.47246E-2 6.41204E-2 6.46288E-2 6.65268E-2 6.66726E-2 6.82121E-2 6.8469E-2 6.97247E-2 7.10975E-2 7.29945E-2 7.46729E-2 7.48962E-2 7.42876E-2 7.35411E-2 7.22555E-2 6.94877E-2 6.81428E-2 6.61913E-2 6.46831E-2 6.37521E-2 6.20666E-2 6.04646E-2 5.7179E-2 5.15986E-2 4.83557E-2 3.78473E-2 2.99866E-2 1.86331E-2 2.53292E-2 2.29033E-2 4.25548E-2 7.39086E-2 7.19185E-2 6.22964E-2 5.43935E-2 4.33076E-2 3.46387E-2 2.93872E-2 2.66333E-2 3.49804E-2 3.66557E-2 3.37287E-2 3.50476E-2 4.07312E-2 4.30488E-2 4.17885E-2 3.15498E-2 2.53159E-2 3.58409E-2 4.09109E-2 4.18696E-2 4.32186E-2 5.11048E-2 5.52873E-2 5.48165E-2 5.52764E-2 5.57104E-2 5.61972E-2 5.44259E-2 5.18541E-2 4.7935E-2 4.28735E-2 4.50307E-2 4.7536E-2 4.88339E-2
7.39801E-2 7.32712E-2 7.03964E-2 7.0397E-2 6.82138E-2 6.73637E-2 6.76592E-2 6.79421E-2 6.85926E-2 6.82121E-2 6.96039E-2 6.9956E-2 7.16925E-2 7.33426E-2 7.3707E-2 7.38204E-2 7.35388E-2 7.25526E-2 7.03089E-2 6.93535E-2 6.64397E-2 6.39121E-2 6.26983E-2 6.15003E-2 5.9695E-2 5.67812E-2 5.32099E-2 4.68544E-2 3.83604E-2 3.39133E-2 3.02115E-2 2.3468E-2 2.95663E-2 3.12858E-2 3.92351E-2 5.95078E-2 7.45261E-2 7.07155E-2 5.86183E-2 4.85562E-2 4.02839E-2 3.18819E-2 2.98217E-2 3.08516E-2 4.03411E-2 4.6303E-2 4.27553E-2 4.29252E-2 4.38557E-2 4.34467E-2 4.36922E-2 3.3076E-2 3.68451E-2 4.07262E-2 4.35964E-2 4.40896E-2 4.68198E-2 5.1173E-2 5.21209E-2 4.44003E-2 4.67202E-2 5.45117E-2 5.57523E-2 5.34799E-2 4.83629E-2 3.78271E-2 2.57639E-2 2.96921E-2 3.65249E-2 4.32137E-2
7.39801E-2 7.38241E-2 7.24074E-2 7.20159E-2 7.12729E-2 7.05054E-2 6.98421E-2 7.00665E-2 7.02772E-2 6.94798E-2 7.00665E-2 7.07431E-2 7.24476E-2 7.27198E-2 7.38204E-2 7.35832E-2 7.16935E-2 7.06748E-2 6.81476E-2 6.56332E-2 6.3093E-2 6.14005E-2 6.00055E-2 5.69471E-2 5.39359E-2 4.88576E-2 4.31572E-2 3.6061E-2 2.85888E-2 2.23854E-2 2.06728E-2 1.61114E-2 4.36641E-2 2.89273E-2 4.76483E-2 5.7994E-2 6.39957E-2 6.71296E-2 5.06951E-2 4.09319E-2 3.62089E-2 3.50237E-2 3.5993E-2 4.00651E-2 4.06732E-2 4.57917E-2 4.96572E-2 5.1523E-2 4.91565E-2 4.31968E-2 4.41919E-2 3.77451E-2 4.53124E-2 4.94653E-2 4.70827E-2 4.68904E-2 4.85865E-2 5.1653E-2 4.97117E-2 4.02618E-2 4.50358E-2 5.4297E-2 5.57537E-2 5.34545E-2 4.75665E-2 3.45317E-2 2.14776E-2 1.9756E-2 2.48717E-2 3.49773E-2
7.58084E-2 7.52756E-2 7.44615E-2 7.39783E-2 7.34005E-2 7.26501E-2 7.29945E-2 7.21588E-2 7.21588E-2 7.20901E-2 7.22852E-2 7.2613E-2 7.27513E-2 7.2747E-2 7.25664E-2 7.22742E-2 7.05372E-2 6.82678E-2 6.59321E-2 6.29238E-2 5.87551E-2 5.67904E-2 5.45019E-2 5.26027E-2 4.87619E-2 4.09511E-2 3.65259E-2 2.95161E-2 2.14754E-2 1.69111E-2 1.15241E-2 1.44415E-2 2.81469E-2 5.60619E-2 4.2695E-2 5.67622E-2 5.83075E-2 6.42035E-2 3.81804E-2 2.60447E-2 2.48162E-2 3.55738E-2 4.29144E-2 4.89348E-2 5.11953E-2 5.05607E-2 4.8543E-2 4.61972E-2 4.16138E-2 3.89317E-2 3.78388E-2 3.92653E-2 4.86845E-2 5.03753E-2 4.95255E-2 4.61645E-2 5.03247E-2 5.07138E-2 5.00203E-2 4.92028E-2 5.20148E-2 5.53391E-2 5.52873E-2 5.35125E-2 4.89659E-2 3.58674E-2 2.07779E-2 1.77063E-2 1.97014E-2 2.70001E-2
