KUENM/Final_Models/M_0.1_F_lq_Set_2_EC/sp1_9.asc
ncols         197
nrows         210
xllcorner     56.1666666666667
yllcorner     4.5
cellsize      0.166666666666667
NODATA_value  -9999
[rows 0 to 27 of 210, columns 65 to 129 of 197]
-9999 -9999 -9999 -9999 -9999 -9999 -9999 -9999 -9999 -9999 -9999 -9999 -9999 -9999 -9999 -9999 -9999 -9999 -9999 -9999 -9999 -9999 -9999 -9999 -9999 -9999 -9999 -9999 -9999 5.06874E-19 7.60174E-23 2.34759E-20 8.97975E-24 7.26707E-26 2.90588E-29 1.91294E-33 3.43551E-34 2.48736E-28 1.11445E-31 2.63874E-34 -9999 -9999 -9999 -9999 -9999 -9999 -9999 -9999 -9999 -9999 -9999 -9999 -9999 -9999 -9999 -9999 -9999 -9999 -9999 -9999 -9999 -9999 -9999 -9999 -9999
-9999 -9999 -9999 -9999 -9999 -9999 -9999 -9999 -9999 -9999 -9999 -9999 -9999 -9999 -9999 -9999 -9999 -9999 -9999 -9999 -9999 -9999 -9999 2.51568E-15 2.09187E-17 6.78012E-13 2.06312E-13 3.04717E-15 1.71119E-25 5.29667E-30 7.06787E-27 9.52551E-25 9.47517E-27 5.59839E-29 4.23502E-34 1.46541E-37 6.327E-36 3.41562E-29 1.27318E-28 7.23726E-33 2.25778E-31 3.05883E-26 2.41028E-26 8.16299E-31 4.46773E-31 1.28744E-29 -9999 -9999 -9999 -9999 -9999 -9999 -9999 -9999 -9999 -9999 -9999 -9999 -9999 -9999 -9999 -9999 -9999 -9999 -9999
-9999 -9999 -9999 -9999 -9999 -9999 -9999 -9999 -9999 -9999 -9999 -9999 -9999 -9999 -9999 -9999 -9999 -9999 -9999 7.35474E-11 4.79861E-12 1.65702E-11 2.50337E-11 4.14795E-13 6.37696E-16 1.32133E-18 2.1281E-24 3.48523E-22 9.75151E-23 3.58543E-27 3.9162E-33 9.3754E-26 1.18767E-27 1.58371E-29 1.09421E-34 5.48304E-35 1.35232E-31 6.6623E-30 6.25299E-25 1.47029E-26 5.24287E-35 1.11228E-30 3.93361E-31 2.35486E-26 2.03106E-22 1.67607E-26 1.17374E-34 4.74929E-28 2.90899E-21 8.58865E-16 -9999 -9999 -9999 -9999 -9999 -9999 -9999 -9999 -9999 -9999 -9999 -9999 -9999 -9999 -9999
-9999 -9999 -9999 -9999 -9999 -9999 -9999 -9999 -9999 -9999 -9999 -9999 -9999 -9999 -9999 -9999 8.36474E-16 1.52366E-11 3.54158E-8 1.00991E-12 3.1161E-14 6.54398E-20 1.82462E-18 4.04181E-16 4.12554E-18 1.49197E-24 4.61061E-23 3.58006E-22 3.75607E-31 1.22436E-33 3.00905E-37 1.04633E-28 4.62513E-34 4.74634E-34 1.57347E-30 1.2325E-33 5.73417E-32 5.68445E-27 6.94596E-26 1.63701E-29 2.02061E-33 1.18685E-32 2.07581E-28 9.21767E-27 4.71871E-26 1.87948E-24 2.07267E-27 9.7228E-30 1.23968E-31 1.17017E-20 4.49803E-15 5.3723E-13 8.26037E-11 -9999 -9999 -9999 -9999 -9999 -9999 -9999 -9999 -9999 -9999 -9999 -9999
-9999 -9999 -9999 -9999 -9999 -9999 -9999 -9999 -9999 -9999 -9999 -9999 -9999 -9999 2.30584E-11 1.89881E-12 5.13315E-9 1.1259E-10 8.13195E-14 1.96183E-11 4.48388E-13 2.02107E-13 5.17547E-14 9.29067E-19 2.97291E-22 3.47396E-18 1.78368E-25 1.07448E-24 4.39917E-26 5.69621E-27 1.10889E-26 2.03389E-32 1.40061E-34 9.47483E-31 4.7586E-31 4.81312E-31 1.1485E-28 4.97777E-27 2.75635E-28 3.09838E-30 4.55478E-32 3.6786E-30 1.86784E-30 1.45621E-29 2.54065E-31 3.18553E-30 2.63309E-28 5.88544E-22 5.38889E-29 1.45581E-22 1.01497E-20 1.85538E-17 5.39817E-16 4.41686E-13 4.2543E-9 -9999 -9999 -9999 -9999 -9999 -9999 -9999 -9999 -9999 -9999
-9999 -9999 -9999 -9999 -9999 -9999 -9999 -9999 -9999 -9999 -9999 -9999 2.27994E-5 2.89179E-7 1.98906E-9 6.19288E-11 4.73868E-10 4.58879E-9 1.6915E-11 6.79694E-13 7.17734E-15 7.9315E-18 2.03201E-17 9.17953E-18 1.18827E-20 4.9162E-25 1.11812E-27 3.76035E-27 1.02498E-18 1.42192E-20 3.28367E-26 1.32175E-34 1.71596E-40 1.73435E-31 1.88312E-25 2.73907E-27 3.09468E-24 4.70109E-31 8.02285E-34 3.8908E-31 6.23712E-30 2.02405E-29 4.2619E-28 1.02621E-27 1.82493E-27 8.47213E-30 7.45315E-30 6.95935E-26 1.02626E-29 2.46034E-38 5.27101E-30 1.38918E-24 1.59542E-25 1.10106E-21 3.0943E-13 3.58028E-10 8.28063E-9 -9999 -9999 -9999 -9999 -9999 -9999 -9999 -9999
-9999 -9999 -9999 -9999 -9999 -9999 -9999 -9999 -9999 -9999 7.35861E-5 1.3782E-5 1.15158E-5 1.1659E-5 8.25606E-7 1.54175E-7 4.33887E-7 3.79868E-8 3.87401E-9 5.89631E-12 1.54108E-16 7.31367E-17 1.44221E-12 3.51176E-12 1.94168E-13 8.4408E-20 6.65818E-20 9.42719E-18 6.01056E-22 1.06641E-22 9.26852E-25 6.57318E-31 3.36646E-27 1.2234E-24 5.55289E-26 5.48113E-28 1.22018E-27 1.13504E-32 8.87802E-35 6.55485E-33 3.54609E-32 4.62555E-28 3.94337E-25 6.07056E-26 1.51089E-25 5.73417E-27 9.60729E-30 5.71777E-29 9.43816E-25 2.17428E-31 4.33932E-31 2.36322E-26 1.88047E-22 4.61822E-20 6.71254E-21 5.94954E-15 1.46878E-12 7.38847E-10 1.41692E-8 -9999 -9999 -9999 -9999 -9999 -9999
-9999 -9999 -9999 -9999 -9999 -9999 -9999 -9999 2.96646E-5 4.18137E-6 3.2668E-5 5.14858E-4 8.4935E-5 3.30316E-6 5.71895E-6 1.98876E-5 4.77468E-6 1.01654E-6 2.24245E-8 1.3689E-12 8.3496E-17 1.04732E-11 4.7559E-20 9.08197E-17 1.10924E-23 3.69691E-16 4.07737E-14 2.76628E-20 7.65605E-24 1.26024E-24 2.90859E-26 2.59852E-20 3.30509E-22 1.19138E-23 1.65697E-26 2.75535E-26 7.57236E-28 3.76265E-28 9.64015E-27 4.36772E-29 1.46072E-29 3.60828E-27 9.40555E-24 4.31647E-25 1.34719E-27 2.06657E-29 3.47096E-28 1.48386E-25 4.9345E-38 6.67843E-34 1.36196E-33 5.30995E-28 7.23892E-25 8.91885E-22 2.26572E-22 4.62144E-19 8.95069E-17 1.14251E-11 1.07841E-9 1.62922E-8 4.14152E-8 -9999 -9999 -9999 -9999
-9999 -9999 -9999 -9999 -9999 -9999 -9999 1.32243E-5 4.18226E-5 1.82678E-5 7.83496E-4 4.31514E-4 5.17893E-5 2.55451E-4 1.71491E-4 9.62424E-5 3.84361E-5 1.42131E-5 4.17063E-9 2.11707E-10 4.378E-11 2.10387E-16 1.39932E-23 4.17836E-23 3.3168E-25 6.05537E-17 7.13932E-20 4.22168E-22 3.13236E-22 8.34328E-19 5.7124E-20 3.40352E-23 9.69986E-29 1.27825E-29 1.58521E-30 3.1538E-29 4.27274E-32 7.97348E-31 2.68945E-30 6.20286E-27 1.87105E-25 1.47299E-23 2.26817E-25 2.16082E-23 2.03804E-23 4.88682E-24 2.26284E-28 4.30448E-28 6.87408E-23 1.24276E-27 1.11561E-30 1.95081E-26 2.29704E-21 5.99734E-19 3.51121E-16 3.25907E-14 4.64166E-16 2.12149E-12 4.22089E-11 1.11927E-8 2.79034E-8 4.01213E-8 -9999 -9999 -9999
-9999 -9999 -9999 -9999 -9999 -9999 2.64872E-6 1.40442E-4 1.57247E-6 1.55535E-4 1.06986E-3 3.97711E-4 1.73397E-4 3.90413E-4 9.34544E-5 5.92541E-4 6.69124E-4 3.45278E-6 4.38413E-9 1.0897E-7 9.38273E-17 1.05557E-15 2.26029E-18 2.03574E-23 1.70514E-18 7.73406E-14 1.0794E-16 2.94462E-15 5.27624E-20 1.25013E-21 9.72666E-28 3.50842E-30 8.6723E-32 3.75632E-30 5.43169E-29 1.27869E-27 9.0401E-32 7.3622E-31 1.67159E-29 9.52454E-28 3.32322E-28 8.64005E-27 3.97369E-26 6.58175E-26 1.45384E-26 2.3753E-24 3.37144E-26 2.87005E-30 2.52017E-22 1.1708E-20 1.41313E-24 3.12217E-28 1.25455E-19 7.64672E-22 4.65921E-17 2.60547E-12 4.8969E-13 3.5426E-10 2.1919E-9 7.29498E-9 1.57824E-8 4.01213E-8 4.07637E-8 -9999 -9999
-9999 -9999 -9999 -9999 2.98158E-4 6.33763E-5 2.28246E-5 9.64326E-5 3.87051E-5 3.20113E-4 8.82339E-4 7.50525E-4 3.59097E-4 5.45212E-4 5.334E-4 1.2155E-3 1.62908E-4 4.21798E-7 2.64174E-10 4.4341E-7 3.04679E-13 1.3142E-17 5.3085E-20 2.84952E-18 6.65603E-16 7.51358E-23 4.5736E-24 3.04385E-16 1.34077E-25 2.23445E-22 3.60279E-23 4.47147E-23 2.5806E-23 1.26371E-24 2.01406E-26 2.60939E-23 5.0396E-24 1.75713E-23 6.07357E-26 3.09041E-26 3.55762E-25 8.64005E-27 1.10782E-27 5.65628E-27 1.93807E-26 1.0301E-25 2.68768E-25 2.51178E-31 5.45851E-29 2.56864E-19 2.12678E-21 1.52989E-21 1.51961E-22 9.72059E-21 1.35054E-21 8.47678E-20 2.12641E-15 1.28461E-11 7.66595E-11 4.22924E-10 6.50607E-10 4.96266E-9 1.10163E-8 1.60355E-8 2.35992E-8
-9999 -9999 -9999 2.7159E-4 2.5449E-4 1.16674E-4 2.56085E-4 1.53298E-4 4.47719E-4 7.57995E-4 8.12481E-4 8.71831E-4 1.31914E-4 2.09012E-4 1.42612E-3 1.74326E-3 4.9443E-4 1.03588E-4 2.43002E-6 7.93592E-7 1.14138E-9 8.48486E-13 8.60543E-18 2.06057E-15 1.21564E-17 3.67066E-23 1.03787E-19 8.89801E-18 5.65335E-18 3.25261E-25 4.05317E-29 8.48763E-30 3.13524E-27 3.10194E-25 1.52363E-29 1.7718E-25 2.40719E-25 1.24721E-27 1.06645E-30 5.14573E-30 1.52297E-28 3.88339E-29 1.64488E-27 1.15006E-26 1.96581E-26 6.49843E-28 6.44534E-26 8.17618E-29 2.17741E-31 2.34932E-25 1.09925E-22 1.9191E-23 3.35431E-26 1.08898E-26 4.75778E-23 1.30065E-22 2.7236E-19 4.6942E-15 7.48463E-13 4.59311E-13 3.48638E-10 1.44596E-9 1.79571E-9 1.22015E-9 1.23979E-9
-9999 -9999 3.78707E-4 3.01825E-4 3.47649E-4 1.04844E-4 3.95197E-4 2.14224E-4 5.02587E-4 9.79757E-4 7.65717E-4 6.43935E-4 2.33903E-4 9.13004E-5 1.87423E-3 1.71143E-3 1.37248E-4 1.28941E-7 4.55457E-8 2.50778E-10 5.44302E-13 2.82559E-13 5.87752E-15 4.96518E-15 2.26158E-17 4.26196E-21 3.22818E-17 7.20216E-16 9.18439E-22 2.10988E-27 2.32703E-26 3.07292E-23 9.4411E-22 1.0474E-25 2.21228E-28 3.74217E-28 2.22155E-26 1.94381E-24 2.61621E-25 3.34879E-26 1.69651E-26 2.15216E-27 1.85602E-28 4.93489E-30 7.80018E-28 4.15664E-27 2.6481E-25 1.05825E-27 3.13123E-31 4.50347E-30 2.71072E-23 1.29038E-29 1.9565E-25 4.476E-24 3.05281E-24 3.82785E-19 2.28325E-23 1.70758E-16 4.80226E-14 1.0056E-11 1.54266E-12 3.11859E-11 1.49162E-10 2.3229E-10 2.28603E-10
-9999 4.17453E-4 4.13501E-4 5.63535E-4 4.92341E-4 2.08937E-4 6.0541E-4 3.50004E-4 1.05428E-3 1.10683E-3 1.36661E-3 1.73874E-3 1.81759E-3 4.46938E-4 1.39866E-3 5.1824E-4 3.10061E-5 2.33814E-8 7.03663E-8 2.02324E-7 6.52219E-7 4.65663E-9 4.07346E-13 6.39728E-14 1.05639E-16 1.63762E-22 2.68494E-18 3.89113E-20 2.69626E-20 4.77673E-21 2.89073E-20 4.68563E-22 1.82081E-25 3.87193E-28 5.91517E-26 5.61248E-24 6.55511E-26 1.00633E-29 1.34841E-32 1.66481E-30 1.75326E-30 2.7498E-31 9.5346E-29 6.13743E-27 8.86765E-30 5.75395E-33 1.59758E-32 3.90929E-33 6.10957E-32 2.12529E-28 2.98387E-22 5.59659E-30 1.18051E-27 6.59002E-20 5.91422E-18 9.11045E-22 8.35786E-26 4.41176E-21 3.71381E-14 4.87998E-14 1.73204E-13 2.22324E-13 2.80486E-13 9.69114E-13 5.86685E-13
5.08997E-4 4.75735E-4 5.24568E-4 5.37759E-4 6.32254E-4 2.98598E-4 6.97617E-4 6.56316E-4 8.59494E-4 1.09673E-3 1.07942E-3 6.25828E-4 1.2591E-3 1.60071E-3 1.29692E-3 4.1278E-4 5.92517E-6 1.3005E-7 7.02891E-6 1.67786E-6 7.40239E-8 3.58316E-7 7.10043E-9 1.27067E-11 6.7588E-15 2.74316E-16 1.2954E-17 5.07821E-23 2.85693E-27 4.38231E-24 4.72939E-28 6.50262E-29 6.52957E-27 5.60114E-24 8.75844E-22 8.41054E-29 8.10662E-32 6.23753E-32 3.543E-28 9.7773E-27 1.1753E-27 3.25173E-26 1.36176E-27 1.63437E-31 1.47421E-33 5.75395E-33 5.82055E-31 5.30176E-29 3.30355E-30 2.52728E-32 3.45837E-26 5.99087E-29 3.44151E-31 2.67676E-22 8.75833E-26 5.16953E-25 2.24753E-23 2.20767E-20 1.56935E-15 3.97211E-17 1.28193E-17 1.84446E-19 2.1563E-16 9.10548E-18 1.22634E-16
6.15511E-4 5.6175E-4 6.18847E-4 6.05312E-4 6.18011E-4 6.48776E-4 7.38785E-4 7.20397E-4 7.67145E-4 9.88755E-4 1.08856E-3 6.98697E-4 8.84972E-4 4.5711E-4 2.60211E-4 7.32987E-5 1.00098E-4 1.16889E-5 6.64606E-5 7.9348E-7 1.08346E-8 3.35383E-13 4.28892E-11 4.46604E-9 7.42128E-13 7.47784E-23 1.13531E-21 1.39887E-20 2.67411E-30 1.96443E-28 8.3831E-22 2.79244E-18 1.56722E-22 8.34437E-27 1.30724E-25 4.24527E-25 9.40824E-25 3.2601E-27 7.26917E-21 1.08622E-26 2.01019E-28 6.65529E-28 7.11483E-32 5.48858E-32 3.06764E-31 5.32522E-31 9.74581E-30 1.60081E-31 1.68412E-29 1.77067E-32 7.49074E-35 8.69799E-30 4.82613E-32 1.41549E-21 6.17533E-26 3.53818E-29 4.49411E-27 2.94785E-27 1.19005E-21 7.22875E-20 5.3625E-20 1.30697E-24 5.63384E-21 4.06189E-23 3.64762E-24
6.04153E-4 5.77365E-4 2.89385E-4 3.84631E-4 4.65635E-4 6.55941E-4 5.40196E-4 7.13174E-4 3.26525E-4 2.83462E-4 1.20038E-3 1.46019E-3 6.45622E-4 1.66022E-4 3.84151E-4 1.46538E-4 5.91289E-6 1.28709E-7 1.15503E-6 2.58733E-9 1.19826E-11 3.58848E-17 1.98068E-15 1.87719E-10 6.32699E-14 1.10774E-24 2.55955E-22 1.46819E-14 2.58905E-23 4.44089E-18 6.20147E-24 1.35636E-31 2.0948E-31 1.76815E-23 1.40938E-25 6.13683E-23 2.93052E-26 1.15124E-27 1.01579E-25 3.16863E-28 1.57039E-30 5.9179E-29 5.4047E-27 1.48157E-28 5.34532E-28 4.1521E-27 2.14307E-21 6.88421E-25 5.85077E-30 4.35122E-32 1.76804E-34 2.01741E-35 5.47588E-31 1.64694E-31 2.76152E-22 4.8023E-34 6.50207E-34 4.58606E-30 1.01058E-29 4.22151E-27 1.077E-25 8.22569E-27 1.7258E-26 5.85058E-27 4.48788E-33
5.29674E-5 1.03236E-6 9.27208E-8 1.08403E-6 1.71303E-5 1.71438E-5 6.35669E-5 1.31908E-4 2.47065E-4 1.45046E-4 1.7948E-4 9.27756E-4 3.11205E-4 1.69196E-5 5.19169E-5 4.14265E-6 6.46436E-7 1.28236E-7 2.23021E-14 2.43806E-9 5.19164E-15 5.00077E-22 6.09594E-14 1.56033E-11 1.86098E-18 1.10481E-19 2.71157E-16 5.0981E-24 1.75853E-23 4.76897E-30 6.88289E-34 3.36968E-27 7.2759E-18 8.39834E-21 1.2683E-22 1.91838E-21 1.72316E-24 1.56845E-22 7.39209E-20 1.85059E-25 3.41769E-20 1.15963E-21 2.45568E-21 5.56306E-30 5.02684E-33 2.73663E-28 3.39944E-22 2.26781E-21 4.70921E-29 2.07358E-32 3.53693E-33 5.94389E-36 4.0225E-37 1.65241E-26 1.31564E-23 6.65617E-24 8.89554E-26 2.69686E-36 2.10007E-33 4.84855E-33 5.44659E-32 5.93162E-34 5.56618E-36 1.28991E-35 3.88228E-34
9.01954E-7 1.38165E-11 9.1764E-11 2.16708E-7 5.86115E-6 2.06111E-5 2.88756E-6 3.93519E-6 4.82934E-5 1.18651E-4 1.61795E-4 1.50253E-4 2.03524E-5 1.44655E-5 2.8714E-6 9.3773E-9 4.74472E-15 1.38965E-10 6.36331E-18 9.02661E-19 7.98066E-24 4.84507E-27 9.78643E-14 7.70698E-21 1.56454E-25 1.09036E-21 7.69162E-23 2.09339E-27 9.89833E-33 6.84238E-32 1.59173E-22 1.17338E-18 8.48738E-14 3.11389E-17 2.07462E-21 2.3326E-27 1.42026E-24 1.92081E-18 2.55139E-16 3.76094E-24 6.28466E-20 4.9707E-17 8.82805E-28 1.33161E-20 2.12985E-26 2.32683E-28 1.03549E-26 9.64568E-20 9.10867E-30 7.17405E-28 4.3391E-25 6.19879E-32 7.59597E-33 8.69821E-31 1.19866E-27 8.96079E-33 7.15127E-31 2.26873E-28 1.92686E-26 2.0391E-30 9.86617E-29 2.89766E-30 1.32585E-30 7.03744E-35 1.19533E-31
2.81891E-6 9.38856E-8 1.13647E-8 2.70253E-8 9.91903E-7 3.37265E-6 1.19003E-6 1.23062E-6 5.83503E-6 5.90088E-5 2.67654E-4 7.71789E-5 1.52431E-5 2.33568E-6 2.96902E-14 2.85264E-11 2.14402E-23 5.17832E-13 2.77381E-15 1.03138E-23 4.19485E-32 3.26257E-24 9.06845E-19 6.20847E-30 4.00016E-27 1.83384E-26 6.76319E-28 1.72087E-22 1.18753E-24 6.27911E-27 4.5415E-15 1.21834E-11 8.19114E-16 5.24289E-19 4.05192E-23 3.7943E-22 5.61623E-23 4.14565E-19 6.44587E-16 6.69463E-16 1.40749E-11 1.90545E-21 1.9408E-23 1.17871E-15 5.83974E-16 6.66566E-16 1.99194E-16 1.51654E-23 4.48893E-33 1.01823E-38 1.75948E-32 3.00599E-32 2.75767E-32 3.86176E-34 3.85196E-37 1.77276E-29 2.5344E-35 2.09445E-31 1.45509E-30 1.2718E-31 3.88228E-34 4.64881E-35 3.7644E-34 1.32585E-30 2.00507E-33
1.88528E-6 2.77366E-7 5.21686E-9 2.73736E-9 1.44664E-9 2.09254E-10 3.92093E-8 4.84853E-8 8.89061E-8 1.28799E-4 9.75726E-5 3.03926E-5 3.607E-5 7.25118E-8 1.21427E-11 3.41287E-8 1.26684E-14 1.92025E-22 2.91357E-21 5.12286E-20 1.1029E-28 6.49093E-25 1.06751E-18 7.78664E-23 1.61651E-27 3.54084E-26 1.80138E-22 8.08592E-18 2.12585E-14 1.61921E-15 8.3786E-12 1.53515E-25 1.86907E-20 1.44124E-22 5.17133E-22 4.37907E-22 1.05485E-20 8.41496E-22 4.85493E-22 2.99885E-24 7.40198E-19 1.13752E-13 3.70485E-13 1.99565E-10 1.97776E-22 1.46416E-23 1.69607E-29 8.48117E-31 2.46775E-28 6.03759E-29 7.43288E-33 2.71755E-35 1.31932E-37 1.40349E-35 1.93138E-35 6.47338E-35 5.51728E-28 4.63539E-31 2.35186E-35 6.30679E-34 3.04586E-38 4.7207E-35 1.65698E-34 1.79521E-31 4.03432E-31
4.63829E-9 4.93133E-8 9.67059E-9 2.59744E-12 9.16597E-15 6.01517E-11 7.49396E-9 2.85584E-11 6.90708E-8 1.7287E-4 7.65585E-5 8.23132E-6 2.02447E-7 3.12722E-9 6.73082E-15 2.58036E-10 1.22723E-17 4.25225E-27 4.06E-26 4.33299E-30 2.39374E-24 4.98937E-21 2.54417E-26 8.34443E-22 2.64736E-31 2.07746E-21 2.72072E-21 2.78352E-18 7.63758E-10 9.81291E-12 1.93192E-18 1.50193E-26 4.77701E-25 7.31688E-27 6.91113E-26 1.96461E-25 5.63961E-26 3.35437E-23 4.7692E-21 1.99066E-21 2.98743E-22 8.66191E-23 4.23673E-20 1.9114E-10 1.14701E-8 7.73416E-16 6.75449E-16 1.20903E-29 9.16406E-28 1.12449E-23 4.42587E-24 2.23981E-29 3.6669E-31 2.315E-30 7.38313E-35 1.4155E-36 2.56646E-38 1.51634E-38 1.37342E-31 1.22097E-34 1.3078E-38 3.04586E-38 9.33402E-34 1.85184E-31 3.82294E-34
1.34586E-11 1.10174E-11 4.57622E-12 1.40669E-13 9.66442E-12 2.64917E-10 7.41542E-14 7.82398E-17 7.4914E-9 5.05764E-6 2.74339E-5 6.96849E-7 1.34886E-8 9.03531E-10 3.52149E-12 1.57965E-21 2.07943E-26 2.66695E-27 3.90793E-25 2.30989E-27 5.7111E-30 1.84992E-29 2.17825E-24 2.50571E-29 6.41238E-26 2.84287E-20 3.69014E-18 8.4395E-18 4.4579E-7 8.09759E-16 1.82613E-18 2.99265E-25 7.76092E-23 2.57737E-21 4.42896E-22 3.42527E-20 2.07832E-21 1.91821E-19 2.41051E-14 2.3005E-15 2.39884E-17 4.0383E-15 1.5014E-21 4.39675E-22 3.72021E-18 1.61931E-7 3.49374E-12 4.20332E-22 7.77207E-23 4.16529E-26 2.11618E-20 1.14577E-21 9.91078E-26 4.3942E-24 1.38653E-31 1.04123E-28 3.19772E-32 3.6877E-37 3.84789E-35 1.23961E-34 2.65669E-36 1.2884E-38 3.63259E-41 2.46359E-36 1.37958E-33
4.09246E-18 4.43039E-15 1.52443E-17 2.50582E-15 8.19892E-14 1.70224E-13 5.05591E-18 3.61545E-14 1.15894E-7 3.04652E-6 8.34366E-6 1.37215E-6 2.06724E-8 1.42841E-9 5.68733E-13 5.76521E-19 7.3948E-23 3.02871E-17 5.19577E-24 7.36594E-27 1.81566E-23 6.55287E-28 3.74181E-29 1.27983E-26 2.42334E-24 2.0556E-15 2.73667E-17 5.42348E-15 3.67057E-6 6.54082E-12 4.26203E-18 2.55934E-16 1.99933E-16 5.1591E-15 5.02099E-18 4.59247E-14 6.19568E-18 3.09161E-15 1.66713E-8 2.53772E-6 1.04724E-6 4.68533E-7 4.02139E-11 1.69034E-17 7.19816E-22 2.41275E-9 1.89711E-17 1.6506E-20 7.1996E-17 1.01469E-16 2.72048E-20 1.65355E-16 5.52287E-26 1.01322E-28 5.87828E-28 3.29008E-33 1.39073E-29 3.63431E-37 2.45681E-38 7.29E-37 1.42969E-38 3.332E-38 5.18448E-39 1.39219E-35 7.48255E-35
1.11122E-17 2.56963E-19 3.19056E-17 1.52621E-16 1.01412E-12 7.5141E-14 2.90608E-12 2.79687E-7 1.16377E-9 6.23017E-14 1.06664E-17 5.65902E-18 1.21125E-19 3.61279E-24 9.01965E-26 3.98747E-20 9.7321E-17 4.65875E-25 2.84976E-22 9.17018E-20 7.89482E-23 4.18382E-25 9.45218E-23 1.18027E-19 1.57727E-22 3.80422E-14 5.54941E-8 1.79443E-6 2.08549E-7 1.22184E-13 1.45024E-8 1.55164E-10 3.32912E-16 1.19727E-12 1.40274E-20 9.14068E-11 1.09945E-8 1.89302E-5 2.22303E-13 5.23288E-14 8.96543E-10 1.73149E-6 2.12715E-5 1.00143E-6 1.24125E-8 2.52632E-15 6.29497E-19 9.76896E-20 1.95174E-26 2.21017E-27 1.80379E-16 3.97382E-15 7.64478E-14 3.6712E-27 9.45698E-27 1.68412E-29 1.37913E-25 9.24168E-29 1.22456E-30 1.81687E-36 1.22106E-32 1.4767E-39 2.23651E-39 3.26032E-35 3.26032E-35
4.05725E-18 7.60749E-19 1.1223E-18 3.2693E-12 4.91549E-12 3.85015E-9 4.88794E-10 3.16809E-12 9.58205E-21 3.16175E-23 1.33855E-27 5.26763E-24 6.42273E-19 6.40866E-12 2.7122E-11 2.49276E-16 2.43544E-20 1.20623E-26 1.84875E-18 1.24255E-11 1.26275E-15 4.5204E-23 4.44572E-16 1.58954E-13 1.10497E-15 5.8687E-12 1.02346E-6 8.47348E-6 5.68113E-11 1.76553E-6 1.9009E-8 5.80653E-15 2.64653E-14 6.20106E-9 4.57743E-18 4.53413E-14 8.33707E-9 1.62329E-6 1.60697E-14 7.09175E-19 1.26245E-18 1.49479E-17 5.56491E-14 1.26853E-14 8.05138E-23 2.06051E-30 3.55481E-19 2.04625E-18 7.90973E-25 3.88169E-27 6.36638E-26 1.77327E-15 9.29729E-20 2.35171E-16 1.60589E-20 4.4029E-19 2.09804E-17 4.21482E-19 2.38498E-25 3.49384E-31 2.48318E-33 1.26207E-28 7.39981E-37 3.3819E-38 1.22106E-32
1.03168E-19 7.1086E-22 9.79313E-19 3.32603E-15 2.07471E-15 7.37213E-16 1.05093E-15 2.73636E-22 1.42114E-22 6.39411E-22 3.18758E-15 2.0123E-11 3.72605E-9 4.8346E-5 1.39462E-6 9.72685E-12 6.42273E-19 2.8354E-18 2.16507E-17 9.59031E-10 3.08258E-8 5.81243E-12 2.25429E-9 2.15679E-7 6.36879E-14 3.92026E-6 5.57033E-5 2.58122E-8 4.5335E-6 1.4303E-5 1.66572E-5 4.13059E-8 9.57075E-6 1.49472E-7 1.49191E-11 4.2496E-5 3.95004E-6 4.86796E-13 4.98095E-18 1.4169E-20 1.43592E-19 1.31616E-20 3.08762E-21 2.3979E-22 8.92527E-26 7.11578E-26 4.6234E-19 3.5362E-22 1.92928E-22 3.47464E-26 1.73108E-24 4.069E-25 2.9807E-26 5.19522E-19 3.85365E-19 1.37402E-26 6.09242E-21 6.44534E-26 4.25909E-27 1.11864E-30 4.38693E-34 2.71206E-27 7.05995E-32 1.87175E-36 1.70651E-33
6.05507E-21 1.03168E-19 1.12203E-19 6.79792E-18 8.6103E-19 5.54753E-17 3.08436E-15 7.01284E-17 4.57766E-15 4.6126E-12 1.9245E-11 2.30944E-13 1.33669E-8 8.77692E-5 3.05883E-5 4.00791E-5 3.36134E-8 1.17193E-14 3.68051E-6 3.31268E-8 5.15855E-4 4.48828E-11 1.28278E-7 5.25315E-5 2.97521E-4 1.06044E-3 4.13642E-5 8.11736E-4 1.52853E-3 5.80631E-4 2.04551E-5 4.45002E-5 8.36072E-4 6.28607E-6 1.73899E-5 1.61454E-4 8.17483E-9 3.19678E-14 6.1143E-18 1.80639E-16 2.59848E-16 2.8185E-19 2.00862E-19 6.03507E-17 5.93745E-17 1.36489E-21 1.33403E-22 3.34657E-20 3.99644E-23 1.42542E-23 9.46037E-23 1.63518E-26 4.40303E-29 3.68181E-28 4.9218E-23 7.40096E-20 3.78082E-28 3.75046E-22 4.98806E-21 3.01306E-27 1.32063E-28 1.57443E-31 3.14208E-24 1.62245E-31 3.69521E-38
