KUENM/Final_Models/M_0.1_F_lq_Set_2_EC/sp1_median.asc
ncols         197
nrows         210
xllcorner     56.1666666666667
yllcorner     4.5
cellsize      0.166666666666667
NODATA_value  -9999
[rows 112 to 139 of 210, columns 130 to 194 of 197]
4.39027E-1 3.01964E-1 1.94641E-1 1.67386E-1 1.49485E-1 9.29928E-2 4.35309E-2 1.57012E-2 5.22655E-3 1.44145E-3 5.63109E-4 3.32431E-4 1.77232E-4 5.83551E-5 1.85158E-5 1.81549E-5 4.59218E-5 1.35652E-4 2.96735E-4 7.5968E-4 2.63456E-3 5.98637E-3 7.28382E-3 5.69526E-3 1.07332E-3 2.55727E-4 1.79009E-4 2.37112E-4 4.10277E-4 4.12553E-4 3.33429E-4 3.81627E-4 4.24827E-4 4.43789E-4 3.86325E-4 2.97438E-4 2.33003E-4 1.90198E-4 2.13307E-4 2.33003E-4 3.31599E-4 5.60618E-4 1.06222E-3 2.41346E-3 1.2505E-3 3.34057E-4 7.09436E-5 1.75905E-5 1.04696E-5 1.32417E-5 1.39732E-5 1.5496E-5 1.47246E-5 1.67406E-5 2.27465E-5 3.48098E-5 -9999 -9999 -9999 -9999 -9999 -9999 -9999 -9999 -9999
4.02885E-1 2.61839E-1 1.64391E-1 1.38138E-1 1.10743E-1 5.98463E-2 2.31186E-2 6.31835E-3 9.97379E-4 1.90198E-4 2.67399E-4 3.40919E-4 3.10996E-4 8.57777E-5 1.16539E-5 6.45213E-6 1.49067E-5 4.4043E-5 1.32594E-4 4.14124E-4 1.04216E-3 1.94681E-3 1.9648E-3 1.51764E-3 9.30046E-4 2.42522E-4 1.48738E-4 1.50556E-4 1.38251E-3 2.48601E-3 1.30006E-3 6.84137E-4 4.74594E-4 4.63544E-4 4.23533E-4 4.16644E-4 4.421E-4 5.03237E-4 5.66429E-4 5.90844E-4 4.50203E-4 3.92681E-4 4.07514E-4 7.45953E-4 6.36191E-4 2.33423E-4 5.17543E-5 1.43137E-5 1.25331E-5 1.54677E-5 1.76237E-5 2.05092E-5 2.33315E-5 2.5831E-5 3.23603E-5 -9999 -9999 -9999 -9999 -9999 -9999 -9999 -9999 -9999 -9999
2.79843E-1 1.60209E-1 1.01351E-1 8.1542E-2 6.58805E-2 3.62041E-2 1.45674E-2 3.57479E-3 5.40373E-4 1.11317E-4 1.77232E-4 2.98892E-4 2.78991E-4 4.14107E-5 2.18623E-6 1.01708E-6 3.27096E-6 1.16067E-5 4.52486E-5 1.6707E-4 3.54284E-4 1.03134E-3 2.31588E-3 5.18665E-3 1.92917E-3 2.37321E-4 9.40621E-5 1.3632E-4 2.00388E-3 4.92322E-3 2.76344E-3 1.04014E-3 5.28846E-4 5.15032E-4 5.76384E-4 6.27772E-4 5.42329E-4 6.66198E-4 9.34224E-4 9.68535E-4 7.80725E-4 4.86997E-4 2.44216E-4 3.11947E-4 3.41542E-4 1.73204E-4 5.65371E-5 1.73671E-5 1.66799E-5 2.31188E-5 2.70183E-5 3.23022E-5 3.85186E-5 4.58114E-5 -9999 -9999 -9999 -9999 -9999 -9999 -9999 -9999 -9999 -9999 -9999
2.1262E-1 1.35023E-1 7.70846E-2 4.39402E-2 2.91942E-2 2.26145E-2 1.22632E-2 4.23001E-3 1.17396E-3 4.54394E-4 3.72412E-4 3.80703E-4 1.4023E-4 1.07483E-5 4.14047E-7 2.88377E-7 8.57058E-7 2.98141E-6 9.32574E-6 2.52037E-5 3.33847E-5 2.17716E-4 1.1063E-3 2.17667E-3 1.07283E-3 1.81905E-4 9.0527E-5 1.81835E-4 4.55453E-3 8.45859E-3 5.72343E-3 1.90371E-3 7.4281E-4 7.58654E-4 8.14612E-4 5.73355E-4 7.9988E-4 6.66246E-4 8.96664E-4 1.13026E-3 1.09468E-3 8.03756E-4 5.96081E-4 5.83449E-4 4.6439E-4 2.43777E-4 1.08395E-4 3.72326E-5 2.93851E-5 4.53665E-5 5.15024E-5 5.69532E-5 -9999 -9999 -9999 -9999 -9999 -9999 -9999 -9999 -9999 -9999 -9999 -9999 -9999
1.77644E-1 1.24527E-1 7.56597E-2 3.5676E-2 1.86621E-2 1.49514E-2 1.48079E-2 7.2449E-3 2.8035E-3 1.79699E-3 1.62732E-3 1.11854E-3 1.03399E-4 7.23243E-6 7.64185E-7 3.43279E-7 4.3248E-7 9.21263E-7 1.58838E-6 1.18453E-6 3.15018E-6 7.56014E-6 2.68538E-5 5.33444E-5 1.27634E-4 1.75625E-4 3.17011E-4 2.14767E-3 1.28866E-2 1.96523E-2 1.03516E-2 4.68227E-3 2.02483E-3 1.3817E-3 1.05189E-3 9.96967E-4 7.8956E-4 7.54803E-4 7.83427E-4 1.48538E-3 1.80616E-3 1.49869E-3 1.317E-3 1.15007E-3 8.40089E-4 5.51128E-4 3.04146E-4 1.642E-4 1.10504E-4 1.13619E-4 1.13619E-4 -9999 -9999 -9999 -9999 -9999 -9999 -9999 -9999 -9999 -9999 -9999 -9999 -9999 -9999
1.48885E-1 1.11767E-1 7.28906E-2 3.91882E-2 2.19233E-2 1.62193E-2 1.7979E-2 1.15439E-2 5.46969E-3 4.10544E-3 2.79156E-3 6.92027E-4 7.20088E-5 7.04231E-6 1.04855E-6 4.24076E-7 4.0998E-7 7.14183E-7 1.12222E-6 1.61899E-6 3.82413E-6 1.03432E-5 1.93103E-5 4.91796E-5 7.77632E-5 1.07204E-4 3.32846E-4 4.96535E-3 2.48197E-2 4.53103E-2 2.00619E-2 7.4453E-3 2.63117E-3 1.52217E-3 6.70144E-4 1.16509E-3 6.68074E-4 5.40725E-4 1.45717E-3 2.97115E-3 3.15381E-3 2.80326E-3 2.50923E-3 2.16737E-3 1.81616E-3 1.35404E-3 9.32596E-4 6.54067E-4 4.53565E-4 -9999 -9999 -9999 -9999 -9999 -9999 -9999 -9999 -9999 -9999 -9999 -9999 -9999 -9999 -9999 -9999
1.16637E-1 8.15109E-2 6.1864E-2 5.34558E-2 3.88895E-2 2.77818E-2 2.27638E-2 1.93453E-2 1.64147E-2 1.25529E-2 3.78207E-3 3.73327E-4 3.63196E-5 6.67639E-6 1.51816E-6 6.04698E-7 4.49806E-7 9.05398E-7 2.09156E-6 5.12046E-6 1.55867E-5 2.16736E-5 3.99786E-5 7.41463E-5 9.73966E-5 1.18213E-4 2.60965E-4 9.68282E-4 5.53836E-3 2.34091E-2 1.42321E-2 3.0565E-3 1.16187E-3 1.53041E-3 1.70697E-3 1.75381E-3 8.86279E-4 9.55666E-4 2.86526E-3 4.90216E-3 5.21677E-3 5.02961E-3 4.46348E-3 4.32726E-3 3.74581E-3 2.87178E-3 2.14659E-3 1.44145E-3 -9999 -9999 -9999 -9999 -9999 -9999 -9999 -9999 -9999 -9999 -9999 -9999 -9999 -9999 -9999 -9999 -9999
8.16477E-2 8.86851E-2 7.77388E-2 6.18623E-2 4.17369E-2 1.74101E-2 1.42331E-2 1.78576E-2 2.67835E-2 3.34884E-2 1.35489E-2 4.31741E-4 3.74042E-5 1.00689E-5 2.24254E-6 8.10143E-7 6.2257E-7 1.32665E-6 3.34252E-6 8.79996E-6 1.93103E-5 4.36971E-5 7.65971E-5 1.04995E-4 9.95943E-5 1.12581E-4 1.62467E-4 1.82415E-4 7.65322E-4 7.06065E-3 1.49067E-3 2.23683E-4 7.93305E-4 6.20953E-4 2.55111E-3 2.84105E-3 2.11057E-3 2.35234E-3 2.86038E-3 4.7161E-3 7.98755E-3 8.02674E-3 8.45859E-3 7.74998E-3 6.61217E-3 -9999 -9999 -9999 -9999 -9999 -9999 -9999 -9999 -9999 -9999 -9999 -9999 -9999 -9999 -9999 -9999 -9999 -9999 -9999 -9999
8.67824E-2 9.75872E-2 9.79037E-2 8.3276E-2 4.86313E-2 2.19345E-2 2.07544E-2 4.46848E-2 9.79135E-2 7.06327E-2 3.20046E-2 2.71093E-3 2.3499E-4 3.06492E-5 3.67331E-6 9.30453E-7 6.23743E-7 1.6337E-6 4.78751E-6 1.08924E-5 3.08528E-5 7.44301E-5 8.88916E-5 1.09444E-4 1.19954E-4 1.012E-4 1.05966E-4 1.10268E-4 1.50958E-4 1.06244E-3 2.13681E-4 8.0268E-5 6.1063E-4 1.47613E-3 1.37782E-3 2.98257E-3 2.85518E-3 2.31033E-3 3.06515E-3 7.05834E-3 1.07101E-2 1.16907E-2 1.27123E-2 -9999 -9999 -9999 -9999 -9999 -9999 -9999 -9999 -9999 -9999 -9999 -9999 -9999 -9999 -9999 -9999 -9999 -9999 -9999 -9999 -9999 -9999
1.03417E-1 1.18153E-1 1.34273E-1 1.24172E-1 9.71608E-2 6.45992E-2 6.0954E-2 5.52807E-2 9.85631E-2 8.92131E-2 3.45148E-2 6.00344E-3 7.08634E-4 6.82468E-5 5.6124E-6 8.21219E-7 6.04731E-7 1.46769E-6 7.74509E-6 1.64869E-5 3.59843E-5 1.00156E-4 1.00708E-4 1.03063E-4 9.84045E-5 7.54924E-5 6.55535E-5 5.50569E-5 6.347E-5 6.70895E-5 3.84377E-5 5.05279E-5 3.17055E-4 1.48749E-3 1.16316E-3 3.1908E-3 4.26224E-3 3.0986E-3 2.83821E-3 9.73904E-3 1.36641E-2 1.5381E-2 1.65326E-2 -9999 -9999 -9999 -9999 -9999 -9999 -9999 -9999 -9999 -9999 -9999 -9999 -9999 -9999 -9999 -9999 -9999 -9999 -9999 -9999 -9999 -9999
1.24514E-1 1.36514E-1 1.58664E-1 1.85155E-1 1.67386E-1 1.42709E-1 1.5887E-1 1.49476E-1 9.8723E-2 7.52803E-2 3.40181E-2 9.03241E-3 1.56181E-3 1.58504E-4 1.06697E-5 1.3913E-6 7.62812E-7 2.0663E-6 7.98367E-6 3.24715E-5 1.12445E-4 1.57515E-4 6.86349E-5 5.94603E-5 6.61099E-5 4.73472E-5 3.54068E-5 2.29531E-5 2.06216E-5 1.30894E-5 1.32938E-5 3.37805E-5 2.102E-4 1.10671E-3 1.09283E-3 3.03581E-3 4.25338E-3 3.24359E-3 2.42904E-3 1.11235E-2 2.03436E-2 1.94375E-2 -9999 -9999 -9999 -9999 -9999 -9999 -9999 -9999 -9999 -9999 -9999 -9999 -9999 -9999 -9999 -9999 -9999 -9999 -9999 -9999 -9999 -9999 -9999
1.04087E-1 1.02515E-1 1.59632E-1 2.04681E-1 2.21373E-1 2.57822E-1 2.56568E-1 2.39684E-1 1.55199E-1 6.92493E-2 4.05745E-2 1.44732E-2 4.70377E-3 8.37202E-4 3.28247E-5 4.69231E-6 4.46633E-6 6.3284E-6 1.42689E-5 5.98562E-5 1.76967E-4 2.14727E-4 7.30931E-5 3.79888E-5 3.60009E-5 2.50942E-5 1.72453E-5 1.19225E-5 5.76262E-6 2.19558E-6 7.68099E-6 7.61014E-5 6.42239E-4 1.15483E-3 1.57967E-3 2.65871E-3 5.16145E-3 8.39053E-3 1.17969E-2 2.16326E-2 3.26149E-2 2.53238E-2 -9999 -9999 -9999 -9999 -9999 -9999 -9999 -9999 -9999 -9999 -9999 -9999 -9999 -9999 -9999 -9999 -9999 -9999 -9999 -9999 -9999 -9999 -9999
5.69094E-2 4.59454E-2 6.68502E-2 2.11128E-1 2.76526E-1 3.12941E-1 3.20974E-1 2.71094E-1 1.63302E-1 7.2008E-2 7.29565E-2 4.88438E-2 2.12079E-2 8.75519E-3 1.61413E-3 2.40668E-4 6.10562E-5 3.07262E-5 3.81632E-5 7.79933E-5 9.98091E-5 1.29228E-4 6.35686E-5 4.27238E-5 2.39152E-5 1.6504E-5 1.23138E-5 9.89457E-6 2.3843E-6 2.1667E-6 1.25207E-5 9.11254E-5 2.65313E-3 2.5106E-3 2.46082E-3 3.29134E-3 8.31237E-3 1.82061E-2 3.67154E-2 6.02661E-2 5.12657E-2 -9999 -9999 -9999 -9999 -9999 -9999 -9999 -9999 -9999 -9999 -9999 -9999 -9999 -9999 -9999 -9999 -9999 -9999 -9999 -9999 -9999 -9999 -9999 -9999
2.09941E-2 3.30972E-2 7.30489E-2 1.90234E-1 2.82154E-1 3.56973E-1 3.56076E-1 3.01964E-1 2.03023E-1 1.42732E-1 1.29463E-1 1.17363E-1 7.97506E-2 6.99642E-2 5.81915E-2 2.29369E-2 2.18904E-3 2.26123E-4 7.40767E-5 1.01688E-4 9.6637E-5 1.01628E-4 6.04682E-5 2.27044E-5 8.94059E-6 1.07146E-5 2.20847E-5 1.6653E-5 1.43841E-5 2.53008E-5 6.23756E-5 1.50503E-3 1.33871E-2 1.35865E-2 7.08267E-3 6.84796E-3 1.60056E-2 2.94541E-2 5.49333E-2 7.21392E-2 -9999 -9999 -9999 -9999 -9999 -9999 -9999 -9999 -9999 -9999 -9999 -9999 -9999 -9999 -9999 -9999 -9999 -9999 -9999 -9999 -9999 -9999 -9999 -9999 -9999
1.19182E-2 3.19369E-2 9.59768E-2 1.98076E-1 3.143E-1 4.24447E-1 4.37072E-1 3.693E-1 2.76228E-1 2.21524E-1 1.73818E-1 1.39714E-1 1.35776E-1 2.24541E-1 3.1452E-1 3.06212E-1 2.71939E-2 8.72221E-4 1.21776E-4 9.09527E-5 9.86133E-5 8.68455E-5 5.05024E-5 1.2602E-5 2.64059E-6 5.7964E-6 3.0046E-5 6.57529E-5 1.15294E-4 1.65098E-4 3.15291E-4 4.06752E-3 2.93134E-2 3.9437E-2 3.03461E-2 4.0384E-2 5.61586E-2 5.86029E-2 6.58859E-2 -9999 -9999 -9999 -9999 -9999 -9999 -9999 -9999 -9999 -9999 -9999 -9999 -9999 -9999 -9999 -9999 -9999 -9999 -9999 -9999 -9999 -9999 -9999 -9999 -9999 -9999
9.06709E-3 3.81443E-2 1.12167E-1 1.99801E-1 3.23371E-1 4.50776E-1 4.72394E-1 4.17958E-1 3.5074E-1 2.96851E-1 1.84834E-1 1.14498E-1 1.39218E-1 3.08211E-1 4.49131E-1 3.99427E-1 2.21671E-2 1.29617E-3 2.32556E-4 1.36839E-4 1.25479E-4 8.39584E-5 4.68373E-5 1.39816E-5 4.22258E-6 1.34155E-5 9.01561E-5 2.60401E-4 3.58964E-4 5.42919E-4 7.97725E-4 7.4891E-3 4.29263E-2 6.37707E-2 7.18133E-2 1.10113E-1 1.55776E-1 1.0647E-1 -9999 -9999 -9999 -9999 -9999 -9999 -9999 -9999 -9999 -9999 -9999 -9999 -9999 -9999 -9999 -9999 -9999 -9999 -9999 -9999 -9999 -9999 -9999 -9999 -9999 -9999 -9999
3.36662E-2 7.49413E-2 8.55521E-2 1.53419E-1 3.17294E-1 4.52922E-1 4.57059E-1 4.08394E-1 3.33636E-1 2.95215E-1 1.97559E-1 9.84501E-2 8.96235E-2 1.90497E-1 2.3643E-1 1.83676E-1 3.78081E-2 3.29026E-3 7.4616E-4 3.81627E-4 1.96196E-4 1.10872E-4 6.94417E-5 3.91246E-5 6.6404E-5 1.12383E-4 4.33043E-4 7.28534E-4 7.24976E-4 1.28324E-3 3.76959E-3 1.48868E-2 5.38328E-2 7.48158E-2 9.08296E-2 1.21806E-1 1.50525E-1 -9999 -9999 -9999 -9999 -9999 -9999 -9999 -9999 -9999 -9999 -9999 -9999 -9999 -9999 -9999 -9999 -9999 -9999 -9999 -9999 -9999 -9999 -9999 -9999 -9999 -9999 -9999 -9999
1.87037E-1 1.79827E-1 1.40776E-1 1.98957E-1 2.92015E-1 2.90679E-1 3.6818E-1 3.95871E-1 3.22354E-1 2.51226E-1 1.78995E-1 8.7047E-2 4.64167E-2 8.55801E-2 1.15411E-1 1.11614E-1 4.56251E-2 1.07888E-2 2.39002E-3 1.06407E-3 4.99111E-4 2.24732E-4 1.64668E-4 2.02574E-4 3.7281E-4 6.2852E-4 1.23264E-3 2.48634E-3 1.71348E-3 3.01009E-3 4.9027E-3 2.05193E-2 7.80411E-2 1.4167E-1 1.13834E-1 -9999 -9999 -9999 -9999 -9999 -9999 -9999 -9999 -9999 -9999 -9999 -9999 -9999 -9999 -9999 -9999 -9999 -9999 -9999 -9999 -9999 -9999 -9999 -9999 -9999 -9999 -9999 -9999 -9999 -9999
2.65667E-1 2.86913E-1 3.09824E-1 3.52867E-1 4.06648E-1 4.05622E-1 4.40904E-1 4.93645E-1 4.53035E-1 3.05555E-1 2.14153E-1 1.07498E-1 6.63948E-2 6.84462E-2 6.67364E-2 7.28906E-2 5.98589E-2 3.36376E-2 1.1895E-2 4.35204E-3 1.38274E-3 5.66273E-4 5.55852E-4 7.46121E-4 9.18597E-4 1.30005E-3 2.15721E-3 2.11057E-3 3.42313E-3 1.0035E-2 3.03654E-2 6.34427E-2 1.21806E-1 1.53805E-1 -9999 -9999 -9999 -9999 -9999 -9999 -9999 -9999 -9999 -9999 -9999 -9999 -9999 -9999 -9999 -9999 -9999 -9999 -9999 -9999 -9999 -9999 -9999 -9999 -9999 -9999 -9999 -9999 -9999 -9999 -9999
2.73325E-1 3.13372E-1 3.76707E-1 4.58337E-1 5.06161E-1 5.17248E-1 5.60758E-1 5.97995E-1 5.80892E-1 4.84073E-1 3.39296E-1 2.03449E-1 1.13951E-1 8.18938E-2 6.46844E-2 7.15771E-2 7.97506E-2 7.43667E-2 6.30552E-2 1.36957E-2 3.1088E-3 1.44232E-3 1.23615E-3 1.34441E-3 1.75954E-3 2.02497E-3 1.95499E-3 3.81663E-3 1.58914E-2 4.97489E-2 1.2897E-1 1.36972E-1 1.33042E-1 -9999 -9999 -9999 -9999 -9999 -9999 -9999 -9999 -9999 -9999 -9999 -9999 -9999 -9999 -9999 -9999 -9999 -9999 -9999 -9999 -9999 -9999 -9999 -9999 -9999 -9999 -9999 -9999 -9999 -9999 -9999 -9999
2.80091E-1 3.74307E-1 4.1389E-1 5.12352E-1 5.62628E-1 5.72493E-1 5.71729E-1 6.2114E-1 6.32518E-1 5.78103E-1 4.45654E-1 3.11215E-1 2.26649E-1 1.34509E-1 7.76443E-2 7.83061E-2 8.68511E-2 7.88036E-2 4.35309E-2 1.38662E-2 3.73623E-3 2.50375E-3 2.45627E-3 3.4675E-3 4.77208E-3 6.04179E-3 7.77248E-3 1.84446E-2 5.06474E-2 1.04727E-1 1.5069E-1 1.61854E-1 -9999 -9999 -9999 -9999 -9999 -9999 -9999 -9999 -9999 -9999 -9999 -9999 -9999 -9999 -9999 -9999 -9999 -9999 -9999 -9999 -9999 -9999 -9999 -9999 -9999 -9999 -9999 -9999 -9999 -9999 -9999 -9999 -9999
2.83745E-1 5.54835E-1 5.60002E-1 5.7949E-1 6.13896E-1 6.14154E-1 5.53961E-1 6.23226E-1 6.36153E-1 5.8748E-1 4.64097E-1 3.74184E-1 3.44112E-1 2.27503E-1 9.86441E-2 7.68454E-2 7.40953E-2 6.20385E-2 2.75799E-2 1.06078E-2 2.60288E-3 2.02362E-3 3.59854E-3 1.18572E-2 1.471E-2 1.82957E-2 2.86271E-2 5.81212E-2 7.9374E-2 9.84501E-2 -9999 -9999 -9999 -9999 -9999 -9999 -9999 -9999 -9999 -9999 -9999 -9999 -9999 -9999 -9999 -9999 -9999 -9999 -9999 -9999 -9999 -9999 -9999 -9999 -9999 -9999 -9999 -9999 -9999 -9999 -9999 -9999 -9999 -9999 -9999
3.57943E-1 5.51397E-1 5.87718E-1 6.06655E-1 6.27152E-1 6.28309E-1 6.18192E-1 6.06624E-1 5.85696E-1 5.33968E-1 4.3559E-1 4.07911E-1 3.83905E-1 2.58807E-1 1.1668E-1 9.5429E-2 7.48818E-2 9.07949E-2 8.01796E-2 2.55314E-2 8.48926E-3 4.21921E-3 4.83169E-3 2.49884E-2 2.87997E-2 3.64049E-2 7.51934E-2 8.31463E-2 -9999 -9999 -9999 -9999 -9999 -9999 -9999 -9999 -9999 -9999 -9999 -9999 -9999 -9999 -9999 -9999 -9999 -9999 -9999 -9999 -9999 -9999 -9999 -9999 -9999 -9999 -9999 -9999 -9999 -9999 -9999 -9999 -9999 -9999 -9999 -9999 -9999
4.17505E-1 4.97154E-1 5.67701E-1 6.08243E-1 6.2783E-1 6.46109E-1 6.36743E-1 6.15214E-1 5.745E-1 5.40468E-1 5.05036E-1 4.74369E-1 4.32265E-1 3.07123E-1 1.81508E-1 1.62986E-1 1.16027E-1 1.24782E-1 1.49938E-1 8.39731E-2 4.27176E-2 2.7771E-2 2.69503E-2 3.88259E-2 4.03879E-2 2.7771E-2 3.81635E-2 8.9922E-2 -9999 -9999 -9999 -9999 -9999 -9999 -9999 -9999 -9999 -9999 -9999 -9999 -9999 -9999 -9999 -9999 -9999 -9999 -9999 -9999 -9999 -9999 -9999 -9999 -9999 -9999 -9999 -9999 -9999 -9999 -9999 -9999 -9999 -9999 -9999 -9999 -9999
4.11767E-1 4.585E-1 5.64655E-1 6.18429E-1 6.42106E-1 6.47128E-1 6.47123E-1 6.32156E-1 6.01291E-1 5.72159E-1 5.51258E-1 5.19008E-1 4.96762E-1 4.60069E-1 3.47238E-1 2.1108E-1 1.24196E-1 1.07901E-1 1.29463E-1 1.4776E-1 1.13046E-1 7.36194E-2 6.07519E-2 2.42386E-2 2.07721E-2 1.7743E-2 6.386E-2 8.01796E-2 -9999 -9999 -9999 -9999 -9999 -9999 -9999 -9999 -9999 -9999 -9999 -9999 -9999 -9999 -9999 -9999 -9999 -9999 -9999 -9999 -9999 -9999 -9999 -9999 -9999 -9999 -9999 -9999 -9999 -9999 -9999 -9999 -9999 -9999 -9999 -9999 -9999
5.08786E-1 5.25745E-1 5.90199E-1 6.32835E-1 6.41775E-1 6.46385E-1 6.46279E-1 6.36554E-1 6.21275E-1 5.92962E-1 5.71617E-1 5.54934E-1 5.28328E-1 5.15517E-1 4.63079E-1 2.69438E-1 1.08698E-1 7.02776E-2 1.07226E-1 2.13312E-1 2.26056E-1 9.02692E-2 6.43197E-2 1.46227E-2 7.25384E-3 9.74268E-3 2.89381E-2 -9999 -9999 -9999 -9999 -9999 -9999 -9999 -9999 -9999 -9999 -9999 -9999 -9999 -9999 -9999 -9999 -9999 -9999 -9999 -9999 -9999 -9999 -9999 -9999 -9999 -9999 -9999 -9999 -9999 -9999 -9999 -9999 -9999 -9999 -9999 -9999 -9999 -9999
5.78355E-1 6.00653E-1 6.13282E-1 6.30717E-1 6.39357E-1 6.30736E-1 6.35661E-1 6.48943E-1 6.3098E-1 6.171E-1 6.02643E-1 5.713E-1 5.27819E-1 4.48373E-1 3.56745E-1 2.89764E-1 1.47007E-1 4.64981E-2 6.27325E-2 1.22445E-1 1.71067E-1 1.06521E-1 5.39916E-2 1.09725E-2 7.64635E-3 8.94125E-3 -9999 -9999 -9999 -9999 -9999 -9999 -9999 -9999 -9999 -9999 -9999 -9999 -9999 -9999 -9999 -9999 -9999 -9999 -9999 -9999 -9999 -9999 -9999 -9999 -9999 -9999 -9999 -9999 -9999 -9999 -9999 -9999 -9999 -9999 -9999 -9999 -9999 -9999 -9999
6.05407E-1 6.10278E-1 6.04431E-1 6.06203E-1 6.01449E-1 5.88561E-1 6.16324E-1 6.44112E-1 6.39126E-1 6.35507E-1 5.99922E-1 5.57567E-1 4.99411E-1 4.27324E-1 3.59077E-1 3.13714E-1 2.0768E-1 5.58588E-2 6.52831E-2 7.87016E-2 8.31463E-2 8.90548E-2 -9999 6.56355E-3 -9999 -9999 -9999 -9999 -9999 -9999 -9999 -9999 -9999 -9999 -9999 -9999 -9999 -9999 -9999 -9999 -9999 -9999 -9999 -9999 -9999 -9999 -9999 -9999 -9999 -9999 -9999 -9999 -9999 -9999 -9999 -9999 -9999 -9999 -9999 -9999 -9999 -9999 -9999 -9999 -9999
