KUENM/Final_Models/M_0.1_F_lq_Set_2_EC/sp1_8_se_asia.asc
ncols         320
nrows         243
xllcorner     44.0
yllcorner     -0.666666666666667
cellsize      0.166666666666667
NODATA_value  -9999
[rows 93 to 123 of 243, columns 210 to 279 of 320]
2.73534E-2 8.93321E-3 9.71706E-3 3.7486E-2 7.94476E-2 1.01972E-1 1.11665E-1 1.20489E-1 1.09093E-1 9.8049E-2 1.16625E-1 9.34392E-2 6.39609E-2 4.9332E-2 5.16779E-2 6.47489E-2 7.773E-2 1.08204E-1 1.59705E-1 2.14466E-1 2.10299E-1 1.83209E-1 1.73723E-1 1.6009E-1 1.51343E-1 1.47238E-1 1.23663E-1 1.22325E-1 1.2665E-1 1.1984E-1 6.92305E-2 4.5273E-2 5.59276E-2 6.92305E-2 6.79553E-2 5.23857E-2 7.773E-2 1.00168E-1 9.51554E-2 1.17762E-1 1.33334E-1 1.21155E-1 8.20876E-2 5.68628E-2 3.7872E-2 2.83237E-2 2.51836E-2 1.94586E-2 1.4037E-2 2.99773E-3 4.05031E-4 2.41673E-4 6.21542E-4 1.11121E-3 1.87733E-3 2.2784E-3 1.46134E-3 5.86336E-4 1.8548E-4 2.99013E-5 6.17032E-6 3.71053E-6 1.94701E-6 5.12359E-7 7.70973E-8 1.04074E-8 1.01139E-9 8.56436E-11 8.41133E-12 1.35926E-12
2.33563E-2 1.3575E-2 2.32493E-2 4.53631E-2 7.51879E-2 7.03515E-2 9.91507E-2 1.23991E-1 1.12931E-1 8.70976E-2 8.53375E-2 7.45354E-2 6.65975E-2 6.62486E-2 7.66508E-2 7.20956E-2 7.14067E-2 9.15049E-2 1.12125E-1 1.35769E-1 1.46997E-1 1.51954E-1 1.37672E-1 1.18375E-1 9.88034E-2 9.54365E-2 8.13762E-2 7.37211E-2 7.53667E-2 8.06013E-2 9.07047E-2 1.07679E-1 7.74076E-2 5.90107E-2 3.90334E-2 3.46934E-2 3.61265E-2 2.57453E-2 2.16064E-2 3.65895E-2 6.6488E-2 7.68709E-2 4.4804E-2 3.59944E-2 3.64621E-2 2.43951E-2 2.01947E-2 1.42728E-2 8.81034E-3 3.8692E-3 1.74825E-3 1.33481E-3 1.11E-3 6.69747E-4 8.88594E-4 1.94195E-3 1.56973E-3 5.7569E-4 1.47932E-4 2.3347E-5 4.2984E-6 6.47316E-6 3.35959E-6 6.31504E-7 9.36168E-8 1.1366E-8 1.51337E-9 1.82463E-10 3.2866E-11 9.35053E-12
4.20917E-2 3.81719E-2 1.88444E-2 4.68774E-2 7.45354E-2 6.20685E-2 6.98255E-2 8.38542E-2 7.82665E-2 6.97084E-2 5.76401E-2 5.30391E-2 5.69642E-2 6.97084E-2 8.08657E-2 7.0841E-2 5.84948E-2 5.93166E-2 6.01988E-2 8.25762E-2 7.53341E-2 9.5942E-2 8.36309E-2 6.59888E-2 5.51609E-2 5.18145E-2 4.34273E-2 4.13214E-2 4.03002E-2 5.26438E-2 9.39689E-2 1.14454E-1 5.788E-2 4.10492E-2 3.21741E-2 3.572E-2 3.736E-2 1.77386E-2 1.23538E-2 1.87677E-2 3.79746E-2 4.05299E-2 2.02245E-2 1.56918E-2 2.34672E-2 2.13767E-2 1.7282E-2 1.04434E-2 7.19229E-3 5.12781E-3 4.13357E-3 3.86649E-3 2.80083E-3 9.73637E-4 8.54519E-4 1.51262E-3 1.3087E-3 6.21243E-4 1.85641E-4 4.17944E-5 1.51097E-5 1.11662E-5 3.9872E-6 5.83982E-7 6.70686E-8 9.81265E-9 1.61378E-9 2.43957E-10 6.41314E-11 3.29751E-11
4.44112E-2 4.0166E-2 1.53408E-2 5.51013E-2 5.24063E-2 3.63026E-2 3.16863E-2 3.88654E-2 3.72248E-2 3.18688E-2 2.61085E-2 2.45248E-2 3.88654E-2 6.07572E-2 6.30373E-2 5.81189E-2 4.58967E-2 3.8008E-2 3.66766E-2 3.95476E-2 3.38854E-2 3.44159E-2 4.19135E-2 3.53837E-2 2.9586E-2 2.49427E-2 2.16064E-2 2.35429E-2 2.26727E-2 3.01421E-2 3.58204E-2 2.66022E-2 2.9998E-2 3.6467E-2 2.97454E-2 3.1075E-2 2.96035E-2 2.57471E-2 2.86859E-2 2.8773E-2 2.30154E-2 2.48414E-2 2.16803E-2 3.6123E-2 2.52263E-2 2.25701E-2 1.93107E-2 7.41175E-3 7.06816E-3 7.51687E-3 5.91799E-3 7.39923E-3 7.75722E-3 2.94377E-3 1.90465E-3 1.8712E-3 1.43292E-3 7.09004E-4 2.56851E-4 7.6903E-5 2.49887E-5 9.69168E-6 2.75858E-6 3.72453E-7 4.3863E-8 7.49732E-9 2.12747E-9 4.48578E-10 1.71583E-10 6.86697E-11
2.19956E-2 2.41256E-2 2.77566E-2 3.48871E-2 2.66022E-2 2.43837E-2 2.12427E-2 1.80538E-2 1.31502E-2 1.13799E-2 8.86203E-3 1.15518E-2 2.74631E-2 5.62653E-2 6.03968E-2 4.67489E-2 3.30197E-2 2.37971E-2 1.71147E-2 1.57303E-2 1.42395E-2 1.2325E-2 1.6759E-2 1.43384E-2 1.22041E-2 1.03957E-2 9.08724E-3 9.3668E-3 1.0997E-2 1.00546E-2 6.99622E-3 4.26594E-3 4.93607E-3 1.68769E-2 2.40973E-2 1.68335E-2 1.05363E-2 9.11151E-3 6.95194E-3 6.08914E-3 4.38078E-3 6.62904E-3 1.36831E-2 2.07565E-2 2.7603E-2 3.23852E-2 3.03821E-2 1.5795E-2 1.22633E-2 1.5795E-2 5.54726E-3 4.05837E-3 4.48349E-3 3.92507E-3 3.26091E-3 2.94377E-3 1.90465E-3 9.75295E-4 3.82508E-4 1.08093E-4 3.12953E-5 8.21427E-6 1.99246E-6 2.93157E-7 2.94621E-8 8.19396E-9 3.78982E-9 1.47604E-9 3.95712E-10 -9999
2.01374E-2 2.6184E-2 3.0842E-2 2.46515E-2 1.93084E-2 1.54287E-2 1.08939E-2 7.95021E-3 4.94924E-3 3.70108E-3 2.97013E-3 8.18295E-3 2.52013E-2 5.81189E-2 6.80135E-2 4.47812E-2 2.7404E-2 1.96094E-2 1.59016E-2 1.02057E-2 7.89253E-3 6.46286E-3 7.68796E-3 7.02732E-3 5.81037E-3 4.51871E-3 3.79796E-3 3.85848E-3 5.23163E-3 5.14766E-3 5.38506E-3 3.81623E-3 3.95524E-3 1.33934E-2 1.90953E-2 6.46964E-3 2.91403E-3 2.45645E-3 1.12925E-3 2.04064E-3 4.58601E-3 6.41969E-3 7.65446E-3 9.23266E-3 1.21086E-2 2.51577E-2 3.88245E-2 2.4478E-2 1.66991E-2 6.61676E-2 1.12048E-2 4.71096E-3 4.33747E-3 3.92507E-3 4.55818E-3 5.45793E-3 3.48946E-3 1.80592E-3 6.32533E-4 1.22629E-4 2.61245E-5 6.94494E-6 1.67138E-6 3.43956E-7 6.70686E-8 2.28306E-8 9.83793E-9 3.17144E-9 4.49575E-10 -9999
2.32283E-2 2.62883E-2 3.33832E-2 3.77411E-2 2.57569E-2 7.52797E-3 4.9175E-3 2.71514E-3 1.36021E-3 9.71571E-4 1.24085E-3 2.81462E-3 1.08835E-2 3.10259E-2 5.24383E-2 3.46378E-2 2.15891E-2 1.6187E-2 1.57282E-2 1.37428E-2 7.02732E-3 3.97749E-3 3.82645E-3 3.76329E-3 2.66913E-3 1.67665E-3 1.40051E-3 1.72771E-3 2.55402E-3 3.58637E-3 4.09514E-3 3.91622E-3 2.37582E-3 3.66758E-3 5.0866E-3 2.17378E-3 8.57115E-4 1.12444E-3 1.10231E-3 8.13794E-3 1.49479E-2 6.43387E-3 3.32381E-3 4.96507E-3 6.94511E-3 1.5795E-2 3.64126E-2 4.39211E-2 1.86738E-2 4.50278E-2 3.68848E-2 1.59896E-2 7.16893E-3 4.05837E-3 4.05837E-3 9.20712E-3 9.94311E-3 6.11166E-3 7.64704E-4 8.37808E-5 1.44156E-5 4.61361E-6 1.633E-6 4.6125E-7 1.34207E-7 5.07993E-8 2.42926E-8 5.78827E-9 3.95851E-10 8.18034E-12
4.39951E-2 4.35187E-2 5.31587E-2 4.38537E-2 2.3402E-2 1.06451E-2 4.79049E-3 1.55315E-3 4.28701E-4 4.22506E-4 7.87241E-4 1.83445E-3 3.00127E-3 7.73084E-3 1.24363E-2 1.18478E-2 1.2821E-2 1.24463E-2 1.57343E-2 1.89857E-2 9.49983E-3 4.60862E-3 2.76507E-3 2.14427E-3 1.32168E-3 6.82635E-4 5.10803E-4 7.70852E-4 1.0929E-3 1.55624E-3 1.99262E-3 1.43359E-3 1.13624E-3 6.63284E-4 9.51749E-4 1.2667E-3 1.41146E-3 1.85409E-3 2.96057E-3 1.08857E-2 1.12616E-2 4.78909E-3 2.75305E-3 4.42434E-3 9.94311E-3 1.36096E-2 2.5101E-2 3.6781E-2 1.94857E-2 2.43532E-2 5.21515E-2 3.49274E-2 1.82012E-2 6.83559E-3 2.15476E-3 2.39294E-3 4.94891E-3 1.23905E-3 1.6724E-4 3.20077E-5 8.61911E-6 3.12498E-6 1.40513E-6 4.8711E-7 1.3447E-7 4.54697E-8 1.87634E-8 3.68436E-9 1.45866E-10 -9999
6.03916E-2 6.44016E-2 6.39093E-2 5.05272E-2 2.65958E-2 1.34017E-2 3.97749E-3 1.03619E-3 3.57274E-4 4.23667E-4 7.0406E-4 1.77167E-3 4.19336E-3 6.85374E-3 5.23291E-3 1.59939E-3 2.29354E-3 4.56106E-3 1.34762E-2 2.71879E-2 1.33023E-2 5.40147E-3 2.32559E-3 1.24829E-3 7.28678E-4 4.31329E-4 2.33121E-4 2.09008E-4 2.36364E-4 3.57274E-4 6.55024E-4 5.20631E-4 2.17599E-4 1.15455E-4 2.50646E-4 9.6602E-4 2.22801E-3 2.40478E-3 2.91054E-3 3.97881E-3 3.06648E-3 2.56769E-3 2.39294E-3 3.8692E-3 7.77876E-3 8.92667E-3 1.44362E-2 1.58883E-2 1.20041E-2 1.58883E-2 2.74301E-2 3.0632E-2 2.90431E-2 7.73942E-3 9.91867E-4 5.62886E-4 1.45656E-3 1.85349E-4 4.76249E-5 1.99007E-5 6.32549E-6 2.44216E-6 1.14731E-6 3.6512E-7 6.94258E-8 1.24835E-8 2.72469E-9 3.59012E-10 9.05205E-12 -9999
4.9332E-2 5.20166E-2 7.0841E-2 6.42912E-2 3.5215E-2 1.3403E-2 3.70108E-3 1.12777E-3 5.11311E-4 5.17344E-4 8.2572E-4 1.68085E-3 3.72699E-3 5.53711E-3 7.51952E-3 2.9061E-3 1.0303E-3 1.86378E-3 8.10296E-3 1.98078E-2 1.04605E-2 4.09927E-3 1.77044E-3 8.97593E-4 4.88892E-4 3.55821E-4 1.91723E-4 1.41611E-4 1.98612E-4 2.06805E-4 4.48295E-4 5.13172E-4 2.6068E-4 1.19902E-4 2.22115E-4 1.31761E-3 3.57831E-3 3.72136E-3 2.34736E-3 2.65802E-3 3.43099E-3 4.54769E-3 5.44539E-3 7.49962E-3 8.52035E-3 6.53758E-3 6.51633E-3 6.995E-3 5.86658E-3 6.88485E-3 1.04779E-2 1.20041E-2 7.24547E-3 9.89576E-4 5.30464E-5 6.00956E-6 5.07763E-5 7.04533E-5 3.19574E-5 1.54405E-5 3.53462E-6 1.20691E-6 5.01183E-7 1.24136E-7 1.28653E-8 1.05031E-9 9.22968E-11 9.70972E-12 -9999 5.46568E-16
3.46934E-2 4.46867E-2 6.02049E-2 7.20939E-2 3.52669E-2 1.17319E-2 3.21562E-3 8.83878E-4 4.94344E-4 4.16312E-4 7.52135E-4 1.95345E-3 5.0123E-3 5.9896E-3 4.65573E-3 3.24821E-3 3.21714E-3 4.64015E-3 5.93276E-3 5.31141E-3 3.63896E-3 1.13223E-3 9.08825E-4 6.46223E-4 5.60933E-4 4.32999E-4 3.36634E-4 3.30039E-4 4.63699E-4 1.02246E-3 2.48504E-3 1.66419E-3 5.33641E-4 2.59937E-4 4.85691E-4 2.08609E-3 3.53657E-3 3.47739E-3 2.98421E-3 2.56769E-3 4.96443E-3 7.75722E-3 1.17701E-2 1.77579E-2 1.00965E-2 7.15247E-3 4.70012E-3 4.42618E-3 3.17805E-3 2.32151E-3 3.44482E-3 4.65076E-3 1.44385E-3 9.26819E-5 6.00956E-6 8.85071E-7 1.76223E-6 1.16841E-5 1.22425E-5 6.31555E-6 1.55366E-6 4.05766E-7 9.68465E-8 1.32469E-8 8.71146E-10 2.88497E-11 5.57363E-13 9.05312E-15 1.48911E-16 -9999
2.74833E-2 5.26668E-2 5.61212E-2 4.87837E-2 2.6453E-2 8.52832E-3 1.93247E-3 6.58596E-4 3.412E-4 3.26752E-4 7.3246E-4 2.31617E-3 5.5224E-3 1.1203E-2 1.42109E-2 1.37531E-2 8.61784E-3 6.59609E-3 7.42239E-3 4.34203E-3 1.54231E-3 3.06045E-4 4.12613E-4 5.84398E-4 6.79866E-4 6.9678E-4 5.59151E-4 5.04848E-4 8.51554E-4 1.59754E-3 2.38465E-3 1.53214E-3 7.8038E-4 5.43333E-4 6.9669E-4 1.28649E-3 1.65726E-3 2.16154E-3 2.92428E-3 2.45188E-3 3.26875E-3 4.06968E-3 5.56536E-3 5.07979E-3 6.43079E-3 6.27829E-3 4.82607E-3 3.51795E-3 1.69001E-3 5.55663E-4 1.19897E-3 3.45908E-3 6.04601E-4 -9999 3.48827E-5 1.40755E-5 5.21028E-6 6.31555E-6 4.96449E-6 2.26327E-6 6.00991E-7 1.11164E-7 1.40368E-8 1.05045E-9 3.5293E-11 4.32337E-13 1.81704E-15 1.48581E-18 6.80798E-21 7.20848E-22
5.04299E-2 6.74291E-2 4.06849E-2 1.80538E-2 1.19119E-2 4.11355E-3 7.58338E-4 4.40116E-4 2.48107E-4 2.60479E-4 9.39894E-4 3.06228E-3 8.29227E-3 3.11618E-2 3.88771E-2 2.85102E-2 1.85555E-2 1.24976E-2 7.73942E-3 4.46017E-3 2.04406E-3 1.03934E-3 7.71138E-4 6.67064E-4 7.82544E-4 8.41005E-4 6.69747E-4 4.80607E-4 7.07158E-4 1.26276E-3 1.38197E-3 9.06644E-4 5.02751E-4 3.25626E-4 3.12927E-4 4.12613E-4 6.45171E-4 1.10028E-3 1.67832E-3 1.63937E-3 1.39451E-3 1.44143E-3 2.15994E-3 1.93193E-3 1.67051E-3 2.63209E-3 2.32151E-3 1.41214E-3 9.26077E-4 4.40445E-4 1.03504E-3 1.39258E-3 3.63496E-4 9.26819E-5 2.77573E-4 2.01155E-4 2.98802E-5 8.40531E-6 2.97263E-6 9.57683E-7 2.08083E-7 2.80881E-8 2.27004E-9 9.5461E-11 1.75527E-12 8.37948E-15 1.32714E-17 3.72796E-21 1.3785E-23 1.99E-24
7.65375E-2 7.00451E-2 2.62459E-2 6.68694E-3 7.51666E-3 2.81502E-3 3.53344E-4 2.4644E-4 2.43093E-4 2.38322E-4 1.25786E-3 5.77151E-3 1.69993E-2 6.42055E-2 7.0377E-2 4.75459E-2 3.0314E-2 1.88755E-2 1.01633E-2 6.96625E-3 4.55316E-3 2.18087E-3 9.16755E-4 7.78833E-4 7.18371E-4 5.53027E-4 2.23974E-4 1.85349E-4 3.32722E-4 7.6164E-4 7.63403E-4 4.38294E-4 2.32089E-4 1.61846E-4 1.17487E-4 1.20026E-4 3.03564E-4 7.58323E-4 1.27246E-3 1.47208E-3 1.21263E-3 8.17556E-4 8.74009E-4 6.23523E-4 5.19314E-4 3.64783E-4 1.99059E-4 2.30322E-4 4.9697E-4 7.67949E-4 7.53609E-4 4.9697E-4 2.65257E-4 2.94069E-4 4.54952E-4 1.74273E-4 3.65326E-5 7.82801E-6 2.0505E-6 4.50931E-7 7.54536E-8 7.56856E-9 4.35525E-10 -9999 1.33468E-13 5.05262E-16 7.38489E-19 6.87521E-22 2.68623E-24 -9999
8.81053E-2 8.27338E-2 3.97101E-2 1.40315E-2 9.99635E-3 4.38078E-3 4.65194E-4 1.48992E-4 3.31234E-4 7.16727E-4 3.36251E-3 1.3403E-2 3.91593E-2 9.8425E-2 9.61631E-2 5.87509E-2 3.95792E-2 2.79354E-2 1.76742E-2 1.27536E-2 9.81044E-3 5.62063E-3 2.45774E-3 1.92433E-3 1.47312E-3 3.11981E-4 3.29202E-5 4.20411E-5 8.35067E-5 1.83417E-4 2.59977E-4 1.47467E-4 9.12404E-5 1.02891E-4 5.18525E-5 2.78203E-5 1.65847E-4 7.52135E-4 1.3522E-3 1.85677E-3 1.51482E-3 8.69639E-4 4.84229E-4 2.19519E-4 1.20237E-4 6.02412E-5 1.3297E-5 3.02393E-5 1.2901E-4 2.85208E-4 2.53897E-4 9.81383E-5 3.03464E-5 3.4035E-5 3.73535E-5 2.67018E-5 1.31284E-5 5.21597E-6 1.11799E-6 2.6507E-7 3.24018E-8 2.72706E-9 1.24041E-10 1.63495E-12 2.36556E-14 -9999 8.75696E-20 3.71076E-22 1.26692E-24 -9999
9.89557E-2 1.01683E-1 9.14556E-2 6.50031E-2 3.75463E-2 1.15747E-2 7.76133E-4 8.90263E-5 2.21558E-4 9.83006E-4 5.73414E-3 2.35731E-2 4.76887E-2 9.81772E-2 8.24816E-2 5.07348E-2 4.12789E-2 3.68133E-2 2.29651E-2 1.55747E-2 1.76155E-2 1.55892E-2 9.17092E-3 6.19661E-3 4.62915E-3 7.3955E-4 8.5295E-5 4.22923E-5 3.84814E-5 4.20411E-5 4.83449E-5 4.54989E-5 3.9091E-5 5.13597E-5 3.73293E-5 1.68146E-5 1.43478E-4 9.36502E-4 2.14427E-3 3.24612E-3 1.94416E-3 9.07233E-4 4.09779E-4 1.4533E-4 7.62218E-5 2.43943E-5 9.10475E-6 1.39288E-5 4.69335E-5 1.01958E-4 1.13765E-4 4.12937E-5 3.86667E-6 -9999 7.99665E-7 3.44903E-6 4.96992E-6 2.97588E-6 7.80109E-7 1.54408E-7 -9999 1.43239E-9 5.81923E-11 5.57435E-13 -9999 -9999 -9999 -9999 -9999 -9999
1.40854E-1 1.24983E-1 1.03499E-1 8.45109E-2 6.90664E-2 1.68344E-2 1.81473E-3 1.49243E-4 1.68639E-5 2.61106E-4 5.74498E-3 2.79456E-2 5.76651E-2 7.06466E-2 5.51889E-2 3.46694E-2 2.90804E-2 2.40593E-2 1.41441E-2 1.12472E-2 1.70843E-2 1.75812E-2 1.07487E-2 6.39101E-3 3.85209E-3 1.43126E-3 4.06055E-4 1.19066E-4 3.79277E-5 1.29378E-5 1.24445E-5 2.13205E-5 3.05794E-5 5.04391E-5 6.30737E-5 6.72076E-5 2.37011E-4 1.18134E-3 2.44962E-3 3.05825E-3 2.33282E-3 8.17614E-4 3.28702E-4 1.37307E-4 6.43315E-5 2.10651E-5 1.05286E-5 1.17865E-5 3.01142E-5 6.53474E-5 -9999 -9999 -9999 -9999 -9999 2.83254E-6 -9999 -9999 7.80109E-7 -9999 -9999 -9999 -9999 -9999 -9999 -9999 -9999 -9999 -9999 -9999
1.97531E-1 1.19012E-1 5.53735E-2 5.32434E-2 4.67516E-2 1.0229E-2 2.456E-3 1.26341E-4 1.49306E-5 2.27521E-4 7.25465E-3 4.20529E-2 7.3889E-2 5.13529E-2 3.43589E-2 2.00819E-2 1.48583E-2 1.17769E-2 7.00673E-3 4.60412E-3 6.05858E-3 6.74842E-3 4.55316E-3 2.89233E-3 2.25844E-3 2.00831E-3 1.44071E-3 3.35704E-4 5.41504E-5 9.49894E-6 7.59129E-6 1.85806E-5 6.28881E-5 6.8999E-5 9.87743E-5 1.78949E-4 4.15373E-4 1.07101E-3 2.07848E-3 2.44669E-3 1.62919E-3 5.95709E-4 2.72715E-4 1.35838E-4 5.55949E-5 2.67439E-5 1.50273E-5 1.41963E-5 -9999 -9999 -9999 -9999 -9999 -9999 -9999 -9999 -9999 -9999 -9999 -9999 -9999 -9999 -9999 -9999 -9999 -9999 -9999 -9999 -9999 -9999
1.18082E-1 6.98342E-2 3.10768E-2 2.08355E-2 1.14856E-2 2.91813E-3 6.14101E-4 8.66936E-5 5.75774E-5 1.03266E-3 9.37262E-3 1.60261E-2 2.15004E-2 2.56334E-2 2.39382E-2 1.20785E-2 8.67747E-3 8.11523E-3 4.1693E-3 2.02624E-3 1.44385E-3 1.35548E-3 1.37287E-3 1.24625E-3 1.42342E-3 2.23126E-3 2.66995E-3 7.14092E-4 1.40305E-4 3.91566E-5 2.48526E-5 4.56423E-5 7.2066E-5 1.38551E-4 2.65257E-4 5.47339E-4 9.92726E-4 1.52406E-3 1.74573E-3 1.56394E-3 9.83006E-4 4.30436E-4 2.25701E-4 1.24527E-4 6.39491E-5 3.60022E-5 2.51526E-5 -9999 -9999 -9999 -9999 -9999 -9999 -9999 -9999 -9999 -9999 -9999 -9999 -9999 -9999 -9999 -9999 -9999 -9999 -9999 -9999 -9999 -9999 -9999
7.0626E-2 3.9539E-2 1.73312E-2 8.1506E-3 3.2414E-3 7.18371E-4 1.70013E-4 6.41756E-5 7.18648E-5 8.55974E-4 3.54068E-3 2.0334E-3 3.13545E-3 1.39285E-2 2.6791E-2 2.10431E-2 1.13029E-2 4.05454E-3 1.40545E-3 8.47059E-4 6.77881E-4 5.66444E-4 4.89931E-4 6.05403E-4 1.01852E-3 1.66306E-3 1.73035E-3 8.72199E-4 3.14235E-4 1.41906E-4 9.56822E-5 1.04568E-4 1.70432E-4 3.81844E-4 6.96445E-4 1.43789E-3 2.33855E-3 2.44586E-3 1.708E-3 8.21173E-4 5.10683E-4 2.36927E-4 1.48625E-4 9.93501E-5 6.79494E-5 4.67107E-5 4.02237E-5 -9999 -9999 -9999 -9999 -9999 -9999 -9999 -9999 -9999 -9999 -9999 -9999 -9999 -9999 -9999 -9999 -9999 -9999 -9999 -9999 -9999 -9999 -9999
4.4821E-2 2.2769E-2 9.13919E-3 3.50627E-3 1.3647E-3 5.0622E-4 1.6403E-4 7.95912E-5 1.05669E-4 3.97415E-4 9.89576E-4 1.18978E-3 2.51513E-3 1.08391E-2 2.82752E-2 2.85587E-2 1.31282E-2 2.67789E-3 9.65138E-4 6.18079E-4 5.72482E-4 4.87433E-4 3.1512E-4 4.55727E-4 8.35065E-4 1.22373E-3 1.30748E-3 9.39599E-4 5.75397E-4 3.46954E-4 2.59023E-4 2.64278E-4 3.6745E-4 6.56003E-4 1.28694E-3 2.82971E-3 5.72179E-3 3.38997E-3 1.38683E-3 4.66934E-4 1.42582E-4 8.97744E-5 8.42142E-5 7.98779E-5 6.58285E-5 5.68656E-5 5.9675E-5 6.79494E-5 -9999 -9999 -9999 -9999 -9999 -9999 -9999 -9999 -9999 -9999 -9999 -9999 -9999 -9999 -9999 -9999 -9999 -9999 -9999 -9999 -9999 -9999
2.42988E-2 9.71876E-3 3.2968E-3 1.49355E-3 9.57193E-4 5.68201E-4 2.24908E-4 8.82485E-5 8.9178E-5 1.93099E-4 4.73004E-4 9.2338E-4 2.01177E-3 5.62495E-3 1.12048E-2 1.32122E-2 1.06758E-2 2.6491E-3 8.09137E-4 5.96248E-4 7.65539E-4 1.19253E-3 1.18978E-3 9.8321E-4 1.08871E-3 1.17984E-3 1.22373E-3 1.08142E-3 8.72199E-4 7.14092E-4 6.05403E-4 6.69506E-4 7.14092E-4 1.01324E-3 1.59873E-3 2.75498E-3 5.13136E-3 2.92654E-3 9.69289E-4 2.65863E-4 8.45641E-5 5.49289E-5 6.67748E-5 6.8731E-5 7.49051E-5 7.21411E-5 8.06908E-5 1.04135E-4 -9999 -9999 -9999 -9999 -9999 -9999 -9999 -9999 -9999 -9999 -9999 -9999 -9999 -9999 -9999 -9999 -9999 -9999 -9999 -9999 -9999 -9999
1.12633E-2 2.42127E-3 6.05403E-4 8.08662E-4 9.81535E-4 9.05314E-4 3.10087E-4 5.93918E-5 3.72037E-5 7.6903E-5 1.89485E-4 4.83442E-4 1.24084E-3 2.66392E-3 4.49815E-3 4.49599E-3 3.68195E-3 2.44258E-3 7.80106E-4 5.22832E-4 6.55659E-4 3.32236E-3 5.35757E-3 3.07163E-3 1.77433E-3 1.30017E-3 1.26914E-3 1.1721E-3 1.17165E-3 1.31059E-3 1.55993E-3 1.92362E-3 1.6857E-3 1.27994E-3 1.1496E-3 1.19456E-3 2.04898E-3 1.74763E-3 7.25678E-4 2.04407E-4 6.98088E-5 6.22554E-5 7.44585E-5 8.33657E-5 9.41536E-5 1.05285E-4 1.15151E-4 -9999 -9999 -9999 -9999 -9999 -9999 -9999 -9999 -9999 -9999 -9999 -9999 -9999 -9999 -9999 -9999 -9999 -9999 -9999 -9999 -9999 -9999 -9999
6.9801E-3 1.44934E-3 3.85392E-4 5.68201E-4 8.83222E-4 8.30091E-4 1.69E-4 1.47982E-5 7.93252E-6 2.18115E-5 6.19501E-5 1.97227E-4 5.86336E-4 1.10928E-3 2.66357E-3 5.29587E-3 1.07425E-2 4.63887E-3 7.93551E-4 3.80117E-4 6.04387E-4 4.57088E-3 9.4463E-3 5.74892E-3 2.52015E-3 1.42342E-3 1.3805E-3 1.52974E-3 1.71487E-3 1.86539E-3 2.24366E-3 2.93327E-3 2.93584E-3 2.15703E-3 1.43393E-3 7.53609E-4 9.11295E-4 9.87416E-4 5.57399E-4 2.17378E-4 8.10978E-5 7.80105E-5 1.03224E-4 1.17951E-4 1.37418E-4 1.59821E-4 -9999 -9999 -9999 -9999 -9999 -9999 -9999 -9999 -9999 -9999 -9999 -9999 -9999 -9999 -9999 -9999 -9999 -9999 -9999 -9999 -9999 -9999 -9999 -9999
8.03986E-3 2.76337E-3 1.25371E-3 1.0568E-3 1.07644E-3 4.65412E-4 5.50134E-5 3.72673E-6 2.80987E-6 7.12499E-6 1.9879E-5 5.20699E-5 1.20069E-4 1.74096E-4 7.87454E-4 3.03564E-3 5.51063E-3 3.02602E-3 6.76918E-4 3.84974E-4 7.58323E-4 8.90622E-3 1.47113E-2 1.04893E-2 4.14454E-3 1.88329E-3 1.91687E-3 2.11726E-3 1.91987E-3 2.5374E-3 2.48114E-3 3.07235E-3 3.39021E-3 3.0781E-3 2.16154E-3 1.61879E-3 1.59003E-3 1.27674E-3 7.41578E-4 3.75412E-4 1.53489E-4 1.25273E-4 1.8095E-4 2.01854E-4 2.20396E-4 2.26257E-4 -9999 -9999 -9999 -9999 -9999 -9999 -9999 -9999 -9999 -9999 -9999 -9999 -9999 -9999 -9999 -9999 -9999 -9999 -9999 -9999 -9999 -9999 -9999 -9999
1.25968E-2 5.71209E-3 3.96627E-3 3.66745E-3 2.63348E-3 3.60919E-4 3.95811E-5 6.22385E-6 3.26706E-6 3.98299E-6 7.45179E-6 1.1979E-5 9.47302E-6 2.52474E-5 6.07316E-5 1.63388E-4 2.91166E-4 5.8689E-4 7.1661E-4 1.08068E-3 4.88431E-3 2.1202E-2 3.02281E-2 1.76372E-2 8.86119E-3 4.40527E-3 3.23252E-3 2.84196E-3 3.03781E-3 2.71514E-3 2.85823E-3 3.06482E-3 4.14305E-3 4.12656E-3 3.55488E-3 3.14461E-3 2.77171E-3 2.14352E-3 1.46691E-3 8.88613E-4 5.29028E-4 3.80116E-4 3.90451E-4 3.90451E-4 3.63305E-4 -9999 -9999 -9999 -9999 -9999 -9999 -9999 -9999 -9999 -9999 -9999 -9999 -9999 -9999 -9999 -9999 -9999 -9999 -9999 -9999 -9999 -9999 -9999 -9999 -9999
1.86371E-2 9.97758E-3 7.89994E-3 5.67133E-3 1.76137E-3 2.65941E-4 3.87148E-5 8.0893E-6 3.86667E-6 3.78444E-6 6.17569E-6 9.41046E-6 1.27602E-5 2.90782E-5 7.35464E-5 1.26256E-4 2.71333E-4 3.91515E-4 5.0397E-4 1.22805E-3 9.64262E-3 3.6781E-2 6.06517E-2 3.04047E-2 1.33709E-2 5.84151E-3 3.97741E-3 2.36657E-3 3.38966E-3 2.62996E-3 2.49166E-3 4.46385E-3 6.53194E-3 6.45977E-3 5.88724E-3 5.56536E-3 4.96443E-3 4.11706E-3 3.11453E-3 2.26953E-3 1.69298E-3 1.24625E-3 9.11295E-4 6.37246E-4 -9999 -9999 -9999 -9999 -9999 -9999 -9999 -9999 -9999 -9999 -9999 -9999 -9999 -9999 -9999 -9999 -9999 -9999 -9999 -9999 -9999 -9999 -9999 -9999 -9999 -9999
2.8962E-2 2.51366E-2 1.99979E-2 7.31845E-3 1.04463E-3 1.50349E-4 3.70361E-5 1.0936E-5 5.15596E-6 4.05995E-6 7.64956E-6 1.79498E-5 4.08877E-5 9.59101E-5 1.34013E-4 2.23821E-4 3.75845E-4 4.70843E-4 5.44261E-4 1.03898E-3 2.90047E-3 1.10882E-2 3.48085E-2 2.30475E-2 7.35046E-3 3.41967E-3 4.27375E-3 4.58601E-3 4.79693E-3 3.2701E-3 3.62058E-3 7.14093E-3 9.47371E-3 9.85709E-3 9.55918E-3 8.95144E-3 8.47621E-3 -9999 -9999 4.60412E-3 -9999 -9999 -9999 -9999 -9999 -9999 -9999 -9999 -9999 -9999 -9999 -9999 -9999 -9999 -9999 -9999 -9999 -9999 -9999 -9999 -9999 -9999 -9999 -9999 -9999 -9999 -9999 -9999 -9999 -9999
2.84666E-2 3.9212E-2 4.59587E-2 2.12679E-2 1.17691E-3 1.52783E-4 5.15407E-5 1.49732E-5 6.49803E-6 5.28188E-6 1.10572E-5 2.86489E-5 6.54413E-5 1.26256E-4 2.31967E-4 3.78889E-4 5.03305E-4 4.75607E-4 5.23752E-4 7.09691E-4 7.65865E-4 2.42894E-3 1.27881E-2 4.25246E-3 1.05204E-3 2.55769E-3 2.25813E-3 5.74363E-3 6.23009E-3 5.56261E-3 6.36313E-3 7.61353E-3 1.07833E-2 1.41845E-2 1.40775E-2 1.47113E-2 1.36684E-2 1.18989E-2 -9999 -9999 -9999 -9999 -9999 -9999 -9999 -9999 -9999 -9999 -9999 -9999 -9999 -9999 -9999 -9999 -9999 -9999 -9999 -9999 -9999 -9999 -9999 -9999 -9999 -9999 -9999 -9999 -9999 -9999 -9999 -9999
5.99466E-2 1.13255E-1 8.59205E-2 4.38448E-2 5.47781E-3 7.06349E-4 1.29432E-4 2.24592E-5 7.19104E-6 5.20702E-6 1.22618E-5 3.72274E-5 8.19893E-5 1.76707E-4 3.33813E-4 4.20991E-4 5.01404E-4 5.41588E-4 4.78794E-4 4.97679E-4 5.23085E-4 6.6474E-4 2.79902E-3 8.94303E-4 4.83882E-4 2.02385E-3 3.96481E-3 3.93206E-3 6.43387E-3 7.09488E-3 6.57092E-3 8.46949E-3 1.46328E-2 1.8149E-2 1.94183E-2 2.08349E-2 1.99746E-2 -9999 -9999 -9999 -9999 -9999 -9999 -9999 -9999 -9999 -9999 -9999 -9999 -9999 -9999 -9999 -9999 -9999 -9999 -9999 -9999 -9999 -9999 -9999 -9999 -9999 -9999 -9999 -9999 -9999 -9999 -9999 -9999 -9999
7.35397E-2 1.14647E-1 1.0414E-1 4.64828E-2 1.0656E-2 1.77565E-3 2.53489E-4 3.17141E-5 6.43948E-6 5.05259E-6 1.08166E-5 4.91595E-5 1.12606E-4 2.08798E-4 4.09875E-4 4.58232E-4 4.67218E-4 4.49407E-4 3.67005E-4 3.25987E-4 2.87165E-4 3.23565E-4 3.51242E-4 2.41666E-4 3.28788E-4 1.24396E-3 3.6205E-3 3.43835E-3 6.60602E-3 8.68207E-3 8.27144E-3 8.68195E-3 1.9245E-2 2.29098E-2 2.47599E-2 -9999 -9999 -9999 -9999 -9999 -9999 -9999 -9999 -9999 -9999 -9999 -9999 -9999 -9999 -9999 -9999 -9999 -9999 -9999 -9999 -9999 -9999 -9999 -9999 -9999 -9999 -9999 -9999 -9999 -9999 -9999 -9999 -9999 -9999 -9999
