KUENM/Final_Models/M_0.1_F_lq_Set_2_EC/sp1_0.asc
ncols         197
nrows         210
xllcorner     56.1666666666667
yllcorner     4.5
cellsize      0.166666666666667
NODATA_value  -9999
[rows 56 to 83 of 210, columns 130 to 194 of 197]
7.21818E-4 8.41154E-7 4.06274E-6 7.25878E-8 2.02096E-6 9.6642E-7 3.76895E-6 2.24884E-7 1.35496E-6 4.23067E-6 3.10231E-6 7.37412E-7 1.07661E-6 1.10653E-6 1.81058E-6 2.15462E-6 1.19041E-5 5.04273E-6 9.10635E-6 1.63335E-8 4.88041E-8 2.33504E-7 2.87306E-6 2.24095E-6 1.54155E-7 1.04292E-7 2.86741E-9 7.8463E-9 7.85589E-9 3.79034E-8 1.35757E-7 2.61679E-7 3.83862E-7 1.95442E-7 4.16006E-8 5.75249E-8 6.97584E-8 6.24586E-9 5.52496E-10 2.26336E-10 1.06301E-9 8.15604E-11 4.29215E-11 5.81606E-11 -9999 -9999 -9999 -9999 -9999 -9999 -9999 -9999 -9999 -9999 -9999 -9999 -9999 -9999 -9999 -9999 -9999 -9999 -9999 -9999 -9999
3.9605E-2 1.51306E-2 2.06102E-4 1.02897E-8 5.76831E-8 5.13302E-6 4.60146E-7 5.35501E-7 1.14836E-5 7.66159E-6 6.11175E-6 3.18587E-6 1.93835E-7 2.10172E-8 1.78905E-8 2.93543E-6 2.30893E-6 2.28675E-5 1.93966E-5 1.1089E-8 4.98491E-7 2.15228E-8 4.40911E-7 1.25997E-5 3.22552E-4 1.48227E-6 3.07666E-7 3.95449E-8 1.27444E-8 2.85598E-9 1.82384E-8 1.33934E-7 2.01188E-7 3.61139E-7 2.51016E-7 6.11883E-8 3.24392E-8 4.48161E-8 7.28003E-9 4.56232E-10 8.31543E-11 4.06401E-10 5.19912E-11 5.30402E-11 5.04761E-10 3.03315E-11 -9999 -9999 -9999 -9999 -9999 -9999 -9999 -9999 -9999 -9999 -9999 -9999 -9999 -9999 -9999 -9999 -9999 -9999 -9999
1.2007E-1 1.20953E-1 1.07674E-2 3.26919E-5 8.23087E-7 1.21537E-6 5.17356E-7 1.75732E-7 6.41456E-6 6.5267E-6 4.06854E-6 3.76895E-6 2.46982E-7 9.96729E-9 6.43882E-9 1.40417E-9 6.63126E-7 6.38835E-6 4.69943E-5 1.94916E-6 5.07812E-5 1.17737E-5 1.73166E-6 1.16683E-3 5.82122E-3 1.59847E-3 1.43383E-6 1.21276E-7 2.28586E-7 1.17319E-9 1.13917E-9 1.40376E-8 1.29518E-7 2.37501E-7 1.67414E-7 1.45296E-7 4.87374E-8 9.37633E-8 1.99235E-8 1.7341E-8 1.72705E-10 7.15938E-10 1.75467E-9 7.44609E-10 3.1835E-10 1.03795E-10 7.29337E-11 5.49975E-10 -9999 -9999 -9999 -9999 -9999 -9999 -9999 -9999 -9999 -9999 -9999 -9999 -9999 -9999 -9999 -9999 -9999
2.05075E-1 1.5877E-1 5.41073E-2 6.56442E-3 1.43718E-4 2.85934E-5 6.98137E-6 1.34467E-6 1.65417E-7 6.15014E-8 2.78435E-6 4.69471E-6 1.06078E-6 2.26213E-7 5.05007E-6 4.43849E-7 1.83634E-6 7.9141E-6 2.9165E-5 2.16329E-4 7.25234E-4 6.49752E-4 1.80635E-4 1.84398E-2 9.76917E-3 3.38E-3 4.30238E-4 3.69825E-5 1.7044E-6 3.22674E-7 2.91251E-7 2.32869E-8 3.37369E-9 3.74163E-8 5.40929E-8 2.91102E-8 2.81538E-8 2.38032E-7 1.47525E-7 6.53107E-8 2.03103E-8 1.0019E-8 1.29434E-8 5.06981E-9 3.19415E-9 7.44523E-10 1.2982E-9 2.34009E-9 5.54973E-10 4.1523E-10 -9999 -9999 -9999 -9999 -9999 -9999 -9999 -9999 -9999 -9999 -9999 -9999 -9999 -9999 -9999
1.96515E-1 2.02222E-1 1.16367E-1 5.79567E-2 1.56183E-2 3.08095E-3 1.69186E-4 6.0841E-6 7.97207E-9 1.27127E-9 1.45461E-9 1.77845E-7 1.67367E-6 4.4367E-6 1.30677E-6 2.2878E-5 3.2549E-5 1.6199E-5 1.96743E-5 2.01054E-4 8.06392E-4 2.34301E-3 6.51776E-4 1.32415E-2 1.78129E-3 4.89573E-4 6.56593E-5 8.67687E-7 2.34857E-8 3.98402E-8 3.94279E-7 8.01669E-7 9.46069E-8 1.92267E-9 7.98465E-9 9.26329E-10 1.13179E-8 9.25049E-8 1.23643E-8 5.48194E-8 4.79307E-8 1.35719E-8 5.58365E-8 3.22921E-8 1.89495E-8 1.5662E-9 3.83837E-9 4.60005E-9 6.47164E-9 6.03141E-9 7.5107E-9 3.02518E-9 -9999 -9999 -9999 -9999 -9999 -9999 -9999 -9999 -9999 -9999 -9999 -9999 -9999
1.76642E-1 1.97679E-1 1.63529E-1 1.10767E-1 6.58678E-2 2.77305E-2 7.13246E-3 4.88894E-4 2.28242E-6 8.4043E-10 8.2634E-10 7.6483E-8 6.00933E-7 1.77352E-6 1.9834E-6 3.12096E-5 5.08233E-5 4.69893E-5 6.53034E-5 1.54247E-4 5.71654E-4 1.45736E-3 3.28342E-3 3.1431E-3 2.39885E-3 1.54695E-3 9.0617E-4 7.08603E-5 2.27215E-7 1.20279E-7 2.56133E-7 1.21829E-7 5.31232E-8 2.93469E-9 5.57322E-10 1.7444E-10 1.07944E-7 1.0637E-7 3.92294E-9 9.14088E-8 1.38397E-7 8.15401E-8 6.63472E-8 3.10937E-8 2.6261E-8 1.00425E-7 2.27572E-8 5.94023E-8 5.09804E-8 6.69997E-9 7.61033E-9 1.84771E-9 7.46749E-8 -9999 -9999 -9999 -9999 -9999 -9999 -9999 -9999 -9999 -9999 -9999 -9999
2.02939E-1 2.17783E-1 1.97679E-1 1.64545E-1 1.28641E-1 9.69527E-2 4.64359E-2 9.28588E-3 7.38066E-4 2.99848E-5 1.15866E-6 1.30223E-7 8.46838E-8 5.94482E-7 1.16683E-6 1.62724E-6 1.44183E-5 2.73175E-5 5.55041E-5 4.57605E-5 1.09978E-4 6.36984E-4 3.64279E-3 3.70207E-3 2.53245E-4 7.91445E-5 2.49205E-5 6.80553E-5 3.05759E-4 1.77218E-5 1.34452E-5 8.61093E-8 4.23217E-8 4.03127E-8 8.77948E-10 3.146E-10 1.32515E-5 8.87691E-8 2.56098E-9 1.10315E-8 6.09097E-9 5.41546E-9 3.43048E-9 1.71777E-8 1.7672E-8 2.68758E-8 1.23486E-8 1.89495E-8 2.40818E-8 2.3989E-9 2.24024E-9 1.89711E-9 3.34005E-9 6.79219E-9 1.84236E-8 -9999 -9999 -9999 -9999 -9999 -9999 -9999 -9999 -9999 -9999
2.78475E-1 2.80078E-1 2.70539E-1 2.36211E-1 2.15032E-1 2.04405E-1 1.23633E-1 4.86937E-2 1.84714E-2 1.18261E-2 3.36639E-3 3.08591E-4 5.40996E-5 1.31214E-4 4.37212E-4 1.74732E-5 1.67288E-6 1.84634E-6 1.39212E-6 5.86683E-6 2.29214E-5 1.03743E-4 1.46139E-4 1.24156E-3 2.2901E-3 1.12312E-3 3.39485E-3 4.96206E-4 3.72811E-4 4.49586E-5 1.95787E-4 5.0854E-6 3.00619E-7 4.60007E-8 2.8871E-9 2.03616E-6 2.7694E-6 1.66415E-9 2.79044E-10 1.29264E-10 1.18973E-9 2.8763E-9 8.45384E-10 1.4572E-9 3.78451E-8 1.29876E-8 6.68364E-8 1.82535E-9 1.15961E-9 8.30969E-10 3.50867E-8 9.48697E-8 1.01203E-9 3.0923E-9 3.73544E-9 1.34436E-9 -9999 -9999 -9999 -9999 -9999 -9999 -9999 -9999 -9999
3.65493E-1 3.57274E-1 3.72986E-1 3.63154E-1 3.63154E-1 3.09025E-1 2.09964E-1 1.17011E-1 6.90987E-2 4.78282E-2 3.08503E-2 9.47099E-3 1.11853E-3 5.19975E-4 1.0212E-4 4.43425E-6 1.28467E-6 5.13191E-7 1.15838E-7 2.22889E-7 2.10248E-6 2.85432E-5 2.89067E-5 1.15738E-4 4.69641E-4 1.04093E-4 3.88399E-5 1.3901E-4 3.13196E-4 1.38422E-4 4.14955E-5 4.74469E-8 6.94455E-10 1.18008E-10 2.16303E-7 7.65363E-6 5.17279E-8 6.15827E-9 3.70219E-8 3.13806E-10 4.03432E-9 8.94828E-8 4.16559E-8 2.71352E-9 1.75102E-7 4.5075E-9 9.91106E-8 7.54615E-8 5.11438E-8 1.22316E-8 3.67598E-8 2.36301E-7 1.09741E-8 8.98826E-8 2.77195E-8 5.38597E-8 3.36983E-8 -9999 -9999 -9999 -9999 -9999 -9999 -9999 -9999
4.25513E-1 4.02651E-1 4.146E-1 4.37701E-1 4.5455E-1 3.76097E-1 2.46092E-1 1.60743E-1 1.12885E-1 7.81053E-2 4.4589E-2 9.91196E-3 2.56458E-3 2.1589E-3 4.7397E-4 2.61105E-5 9.07101E-6 8.58716E-6 1.51896E-6 1.9818E-7 2.55722E-8 1.03675E-7 3.95681E-8 3.19318E-6 3.11E-5 2.28087E-6 1.45037E-6 4.37431E-6 7.41029E-6 7.11244E-5 2.84303E-4 3.96657E-5 1.60371E-4 6.03081E-5 5.08686E-4 1.17214E-5 6.45853E-9 5.53587E-8 2.48556E-7 9.80328E-6 1.52361E-8 9.87194E-7 3.03276E-7 3.66126E-8 1.30641E-7 3.17328E-9 8.06245E-10 4.47625E-9 9.31397E-9 1.84511E-8 2.54487E-9 4.21557E-8 4.79927E-7 1.23798E-7 1.27626E-7 1.6832E-7 8.55268E-8 5.57185E-7 -9999 -9999 -9999 -9999 -9999 -9999 -9999
4.72084E-1 4.24051E-1 3.97034E-1 4.16675E-1 4.28425E-1 3.39948E-1 2.11459E-1 1.68773E-1 1.42932E-1 9.49942E-2 3.80767E-2 6.21999E-3 2.87885E-3 5.14634E-3 4.37919E-3 8.33384E-4 3.79999E-4 2.62189E-4 1.36047E-4 2.47964E-5 4.88409E-6 2.77522E-7 8.70697E-9 8.58548E-8 6.1291E-6 1.74305E-4 8.59654E-5 5.69163E-5 8.08909E-6 3.73513E-5 1.39413E-4 2.90685E-5 1.98198E-5 2.12847E-8 1.32361E-11 1.23474E-5 5.37854E-7 1.04331E-4 4.39444E-5 1.32011E-4 2.1452E-7 4.18899E-7 1.48333E-3 1.55305E-7 4.16044E-6 1.32309E-5 2.14521E-9 1.37231E-11 3.5905E-9 3.78033E-8 7.46669E-10 4.21666E-10 4.82587E-8 1.20565E-8 1.0046E-7 1.9301E-7 1.39696E-8 4.15685E-8 5.00339E-7 -9999 -9999 -9999 -9999 -9999 -9999
5.01875E-1 4.43981E-1 3.85013E-1 3.89749E-1 3.92891E-1 3.11963E-1 2.08544E-1 1.86306E-1 1.62993E-1 1.09465E-1 5.2988E-2 8.36164E-3 4.28981E-3 6.63452E-3 9.46964E-3 5.75765E-3 4.29771E-3 5.30872E-3 6.42844E-3 1.57041E-3 3.47291E-4 2.69569E-4 3.42731E-4 1.38163E-4 9.35362E-6 4.37187E-5 1.36042E-4 7.43946E-5 1.59218E-5 3.87132E-6 9.39357E-7 6.55907E-8 2.9893E-8 3.83659E-11 3.9661E-15 1.49821E-25 1.32494E-29 2.11272E-27 3.04902E-23 4.4797E-18 4.20355E-6 2.09448E-4 1.43089E-4 1.62067E-4 3.96457E-5 1.18754E-4 4.24056E-8 1.05975E-9 2.1125E-8 1.38582E-8 4.62317E-10 2.65463E-10 6.90164E-10 2.36226E-10 6.15668E-9 3.03305E-9 2.50367E-8 3.19359E-7 4.2895E-10 1.71822E-7 -9999 -9999 -9999 -9999 -9999
5.27955E-1 4.74932E-1 4.22026E-1 4.17518E-1 4.22305E-1 3.91375E-1 3.17856E-1 2.48566E-1 2.08353E-1 1.48789E-1 9.4214E-2 4.15894E-2 2.01636E-2 1.65604E-2 2.50867E-2 2.16029E-2 1.77766E-2 2.10163E-2 2.44198E-2 1.25794E-2 7.07179E-3 1.09967E-2 2.63609E-2 2.24368E-2 4.34829E-3 5.17942E-5 2.44419E-5 3.02064E-5 7.91435E-5 1.57945E-4 3.94216E-5 1.79422E-7 5.78361E-8 9.16436E-12 4.37881E-14 1.55988E-19 1.37176E-21 1.29099E-23 1.03944E-21 1.27425E-20 2.20752E-16 1.35911E-12 2.78001E-9 6.92368E-6 8.47765E-6 3.56543E-5 1.04114E-5 7.25587E-6 9.76213E-7 1.49545E-7 2.68096E-7 6.67766E-8 1.51092E-10 1.03656E-11 5.54147E-12 2.60178E-10 9.6346E-8 5.58185E-7 5.74864E-9 1.22403E-8 2.52065E-9 -9999 -9999 -9999 -9999
5.65151E-1 5.14404E-1 4.73601E-1 4.79519E-1 4.96271E-1 4.71474E-1 4.13277E-1 3.44032E-1 2.7068E-1 2.19152E-1 1.64783E-1 1.10537E-1 7.53388E-2 7.19784E-2 8.02111E-2 4.81073E-2 3.48431E-2 3.3546E-2 3.66619E-2 3.18138E-2 3.17745E-2 4.39527E-2 5.25855E-2 3.42594E-2 6.63935E-3 2.07075E-4 2.74347E-5 2.24231E-5 6.61119E-5 2.91435E-4 4.53653E-4 2.89606E-5 3.61389E-6 7.287E-8 5.27362E-9 1.43125E-11 6.08598E-14 2.92674E-15 1.06361E-15 4.53868E-15 5.09245E-14 4.32454E-13 1.12631E-10 8.12233E-10 1.51841E-8 3.04274E-10 4.97998E-13 7.84546E-12 1.0308E-10 8.93384E-6 3.21095E-6 1.33908E-8 5.69715E-9 3.5867E-8 1.0104E-10 4.49716E-10 1.3804E-6 3.56987E-6 1.06504E-7 2.38698E-9 3.49469E-10 -9999 -9999 -9999 -9999
5.67396E-1 5.51758E-1 5.27956E-1 5.22413E-1 5.57132E-1 5.35436E-1 4.89239E-1 4.25505E-1 3.4523E-1 2.88197E-1 2.40416E-1 1.87431E-1 1.35854E-1 1.16001E-1 9.89215E-2 6.224E-2 4.63957E-2 5.16815E-2 5.42521E-2 5.29185E-2 5.54624E-2 6.08358E-2 5.15954E-2 2.94208E-2 8.64115E-3 1.27265E-3 1.61881E-4 3.49412E-5 5.38503E-5 2.18759E-4 5.6032E-4 2.35539E-4 1.27433E-5 1.216E-7 1.58736E-8 1.05521E-10 1.66969E-11 6.11637E-13 1.60149E-12 1.54527E-11 5.43978E-11 1.0241E-10 3.48294E-11 1.34632E-8 2.09686E-8 7.54896E-10 9.01584E-9 1.91666E-12 1.72135E-15 4.07766E-12 1.20668E-11 2.15196E-6 4.91332E-8 1.53949E-6 3.71747E-9 1.06163E-7 7.50522E-7 1.61363E-12 2.26317E-7 1.52771E-7 5.19133E-8 1.85882E-10 -9999 -9999 -9999
5.75777E-1 5.73327E-1 5.73327E-1 5.62077E-1 5.68262E-1 5.62359E-1 5.30866E-1 4.7905E-1 4.1154E-1 3.56359E-1 3.24467E-1 2.61609E-1 1.84978E-1 1.21887E-1 9.32525E-2 6.52324E-2 3.66226E-2 5.67697E-2 6.82261E-2 7.13223E-2 7.21125E-2 6.986E-2 5.05716E-2 2.75601E-2 1.08401E-2 3.46513E-3 1.07848E-3 4.40131E-4 3.63449E-4 5.66053E-4 1.37164E-3 9.72465E-4 5.83339E-5 5.90673E-6 2.12353E-7 2.24006E-8 1.30206E-10 2.50747E-12 2.5832E-10 1.97476E-8 1.63053E-8 1.52847E-9 2.70673E-8 1.00077E-10 2.6619E-9 4.27383E-10 2.13348E-6 2.21975E-6 3.10264E-11 2.08565E-10 6.29904E-12 5.00214E-9 8.28077E-8 5.43269E-11 1.42865E-7 1.01646E-10 5.20663E-17 2.58755E-10 1.35148E-6 8.83928E-7 5.21215E-6 3.63984E-9 5.61777E-8 -9999 -9999
5.88018E-1 5.69537E-1 5.74666E-1 5.63278E-1 5.51854E-1 5.48861E-1 5.45657E-1 5.23597E-1 4.76557E-1 4.20886E-1 3.89225E-1 3.36262E-1 2.5738E-1 1.31536E-1 9.92912E-2 9.32525E-2 6.67165E-2 8.28099E-2 1.06059E-1 9.81288E-2 9.33983E-2 7.97528E-2 5.43349E-2 2.98373E-2 1.45467E-2 7.99337E-3 4.44087E-3 2.60436E-3 1.91105E-3 2.19663E-3 2.89235E-3 1.69285E-3 3.55364E-4 2.29729E-4 9.43619E-5 3.80077E-6 2.35529E-7 9.0554E-8 3.57708E-7 1.66746E-6 7.73423E-7 2.16903E-8 8.26294E-10 5.7144E-9 8.15782E-7 7.53728E-7 5.38761E-6 4.53988E-5 6.65879E-5 6.91377E-5 2.30594E-7 1.47949E-9 2.46866E-11 7.19411E-12 1.17987E-11 2.30061E-10 2.03651E-8 4.31523E-11 1.05412E-10 2.4242E-11 1.5008E-9 6.36698E-6 2.68837E-8 -9999 -9999
6.0375E-1 5.72448E-1 5.38212E-1 5.18896E-1 5.2706E-1 5.30469E-1 5.42503E-1 5.41439E-1 5.16968E-1 4.65382E-1 4.1442E-1 4.081E-1 3.98512E-1 2.6987E-1 1.5435E-1 1.17348E-1 1.19604E-1 1.74513E-1 1.7877E-1 1.51392E-1 1.2676E-1 1.01447E-1 6.68685E-2 3.7161E-2 1.93303E-2 1.85419E-2 1.82844E-2 1.10087E-2 6.3331E-3 5.75765E-3 5.94399E-3 2.11758E-3 4.61522E-4 4.89012E-4 1.15676E-3 2.81298E-4 3.27053E-5 1.49095E-5 1.80493E-5 9.38646E-5 1.02346E-3 7.41794E-5 2.98014E-8 2.64883E-10 5.04962E-10 1.70946E-10 1.08544E-8 6.17685E-5 1.21134E-3 8.89284E-4 4.51478E-4 8.41093E-5 5.38372E-5 9.92508E-7 1.7815E-10 4.64468E-8 4.8294E-3 1.76167E-9 8.25397E-9 1.08882E-7 9.51084E-12 2.74769E-10 1.5584E-18 2.82575E-20 -9999
5.85616E-1 5.77567E-1 5.49541E-1 5.15754E-1 5.18175E-1 5.14535E-1 5.22946E-1 5.29922E-1 5.47459E-1 4.86236E-1 4.20679E-1 4.37551E-1 4.53878E-1 3.6962E-1 2.34597E-1 1.5435E-1 1.57014E-1 2.07382E-1 2.203E-1 2.25031E-1 2.00245E-1 1.45226E-1 9.25482E-2 5.3071E-2 3.14298E-2 4.87457E-2 7.19784E-2 3.52907E-2 1.67977E-2 1.37318E-2 1.25762E-2 4.96865E-3 9.88165E-4 1.27626E-3 3.69651E-3 1.95785E-3 5.43957E-4 4.94126E-4 8.43322E-4 1.15309E-3 3.35694E-3 6.96218E-3 1.18119E-3 8.31633E-6 1.22176E-7 2.29506E-8 1.17029E-7 2.72115E-6 9.24666E-5 8.22589E-4 6.59474E-4 2.08397E-3 4.00524E-4 1.41085E-3 5.89144E-6 2.90442E-3 1.64566E-2 5.27745E-5 4.18979E-4 1.04946E-7 1.55616E-11 1.38145E-13 2.11138E-21 9.04877E-24 -9999
5.59586E-1 5.72619E-1 5.65318E-1 5.18175E-1 4.7524E-1 4.73833E-1 4.58017E-1 4.65393E-1 5.05834E-1 4.7666E-1 4.36038E-1 4.49482E-1 4.45043E-1 3.78989E-1 2.89041E-1 2.59028E-1 2.77303E-1 2.58002E-1 2.44855E-1 3.03336E-1 3.00831E-1 1.94235E-1 1.18817E-1 7.72711E-2 5.3071E-2 6.17548E-2 1.04209E-1 5.36171E-2 3.02339E-2 2.83066E-2 3.31162E-2 2.75591E-2 9.68953E-3 6.16184E-3 7.82821E-3 5.72016E-3 2.09219E-3 3.39152E-3 8.63399E-3 1.03682E-2 9.76115E-3 2.09844E-2 9.76342E-3 9.66205E-4 1.6882E-4 1.00517E-4 2.11956E-4 2.54773E-4 1.71266E-4 9.20232E-5 1.94295E-4 3.27931E-3 1.48583E-3 2.41662E-3 2.02783E-3 1.4204E-3 8.33006E-3 8.68763E-3 2.03984E-4 6.51812E-7 4.75232E-11 1.5042E-19 3.87747E-25 1.68035E-28 1.6194E-34
5.38328E-1 5.53894E-1 5.44898E-1 5.0734E-1 4.67946E-1 4.65283E-1 4.24097E-1 4.1833E-1 4.66721E-1 4.61083E-1 4.53798E-1 4.63962E-1 4.52417E-1 4.03322E-1 3.5239E-1 3.60759E-1 3.88804E-1 3.14284E-1 2.66879E-1 3.51645E-1 3.11814E-1 2.11381E-1 1.51977E-1 1.16416E-1 8.15588E-2 6.61189E-2 8.50261E-2 6.53756E-2 5.30643E-2 5.96576E-2 7.80492E-2 8.78484E-2 4.20926E-2 1.94931E-2 2.06562E-2 1.92912E-2 1.23511E-2 1.67835E-2 2.68365E-2 1.98851E-2 1.75273E-2 2.64422E-2 1.63144E-2 6.95994E-3 6.4367E-3 4.75052E-3 1.25581E-2 1.42888E-2 6.4343E-3 2.57021E-3 8.53295E-4 2.82201E-4 1.75229E-4 4.45679E-5 2.87047E-7 7.74312E-11 2.45095E-9 5.13985E-8 1.67025E-11 7.40492E-16 4.76455E-17 5.77979E-18 1.68429E-21 1.98676E-33 4.79875E-39
5.04891E-1 4.90354E-1 5.10014E-1 4.84864E-1 4.45756E-1 5.1254E-1 4.98358E-1 4.75089E-1 4.76641E-1 4.90354E-1 4.91587E-1 4.91587E-1 4.92911E-1 4.7793E-1 4.69612E-1 4.68241E-1 4.43394E-1 3.91538E-1 3.65086E-1 3.60059E-1 3.04066E-1 2.28705E-1 2.09831E-1 1.85373E-1 1.29135E-1 7.47795E-2 8.6017E-2 1.05584E-1 1.2325E-1 1.27944E-1 1.15441E-1 1.03605E-1 6.53995E-2 3.94883E-2 3.7108E-2 3.43944E-2 4.16004E-2 6.53756E-2 8.5808E-2 7.45224E-2 4.81073E-2 4.68903E-2 4.24615E-2 2.93438E-2 5.06398E-3 3.03477E-3 1.58415E-2 3.86592E-2 2.914E-2 3.62074E-2 2.76565E-2 2.35705E-3 5.31782E-4 9.28437E-5 3.47705E-6 3.80895E-8 6.00941E-10 6.67368E-13 2.68985E-17 1.13757E-18 3.72454E-17 2.56792E-16 2.0767E-16 5.19876E-25 1.8304E-33
4.73833E-1 4.47636E-1 4.73833E-1 4.75089E-1 4.35034E-1 5.08756E-1 5.28379E-1 5.04891E-1 4.87607E-1 4.87655E-1 4.86298E-1 4.84884E-1 5.15754E-1 5.05834E-1 5.07094E-1 4.88923E-1 4.40078E-1 4.01269E-1 3.84318E-1 3.5587E-1 3.10877E-1 2.82011E-1 2.79691E-1 2.76333E-1 2.15606E-1 1.40378E-1 1.0888E-1 1.35396E-1 1.78136E-1 1.58646E-1 1.22373E-1 1.03696E-1 8.15974E-2 5.55451E-2 4.63587E-2 5.36569E-2 9.75082E-2 1.82079E-1 1.68918E-1 1.23939E-1 6.23398E-2 6.52324E-2 9.0035E-2 7.02546E-2 8.37242E-3 1.43222E-3 1.87977E-2 8.86074E-2 9.67696E-2 8.26609E-2 1.07405E-1 8.35302E-2 2.67598E-2 2.52107E-3 2.63275E-4 9.96372E-6 1.67638E-7 5.55578E-10 4.62334E-13 3.5388E-15 2.42041E-15 5.24027E-15 5.4718E-16 3.31447E-20 4.40577E-26
4.34629E-1 4.06511E-1 4.09285E-1 3.99075E-1 4.09745E-1 4.66502E-1 5.17615E-1 4.93028E-1 4.44626E-1 4.30859E-1 4.35488E-1 4.3395E-1 4.66721E-1 4.62525E-1 4.37023E-1 3.77685E-1 3.46415E-1 3.5587E-1 3.74353E-1 3.59248E-1 3.32065E-1 3.26207E-1 3.21098E-1 2.98254E-1 2.61315E-1 2.06747E-1 1.20067E-1 9.65637E-2 1.5753E-1 1.49556E-1 9.26611E-2 1.00583E-1 9.85516E-2 5.41667E-2 4.74292E-2 9.55854E-2 1.949E-1 2.41598E-1 1.71042E-1 1.19802E-1 6.53756E-2 7.72075E-2 1.09465E-1 1.57156E-1 1.79142E-1 5.41787E-2 4.41899E-2 7.68392E-2 1.02702E-1 9.35552E-2 1.35852E-1 1.27513E-1 6.93041E-2 1.70235E-2 3.5295E-3 4.81527E-4 5.52855E-5 1.17909E-6 2.54474E-9 4.93745E-12 2.29062E-13 1.29457E-13 1.65256E-14 9.416E-17 1.31006E-19
3.88205E-1 3.35203E-1 2.81372E-1 2.51923E-1 3.08128E-1 4.07379E-1 4.5583E-1 4.26616E-1 3.76862E-1 3.63405E-1 3.951E-1 4.33485E-1 4.42716E-1 4.12961E-1 3.51528E-1 2.31384E-1 2.10692E-1 3.13847E-1 3.73511E-1 3.70151E-1 3.49093E-1 3.60934E-1 3.41498E-1 2.98963E-1 2.60207E-1 2.19193E-1 1.5753E-1 1.35662E-1 1.93399E-1 1.73123E-1 7.63846E-2 1.04732E-1 9.84923E-2 2.79475E-2 3.92514E-2 1.45916E-1 3.71011E-1 3.78394E-1 1.87448E-1 1.30664E-1 1.26937E-1 1.46756E-1 1.61058E-1 2.29218E-1 3.12332E-1 1.52704E-1 8.68384E-2 6.99317E-2 9.22979E-2 1.98684E-1 2.0251E-1 1.3631E-1 7.35725E-2 3.43671E-2 1.49796E-2 4.66987E-3 1.05593E-3 1.05911E-4 1.19742E-6 5.83696E-9 7.5916E-11 2.56655E-11 6.52241E-12 3.32847E-13 1.71732E-14
3.72256E-1 3.48268E-1 2.35954E-1 1.74708E-1 2.99205E-1 3.71489E-1 3.65792E-1 3.4361E-1 3.20717E-1 3.39579E-1 4.33485E-1 5.13794E-1 4.99609E-1 4.28193E-1 3.99209E-1 3.04011E-1 2.56344E-1 3.47039E-1 3.76862E-1 3.5323E-1 3.58326E-1 3.70151E-1 3.5079E-1 2.87084E-1 2.42076E-1 2.40446E-1 2.38819E-1 2.32347E-1 2.65697E-1 2.49054E-1 1.61922E-1 1.38237E-1 8.23526E-2 3.22392E-2 5.45985E-2 1.56538E-1 4.01643E-1 4.04894E-1 2.10692E-1 1.68876E-1 1.78868E-1 1.93399E-1 1.90128E-1 2.12934E-1 2.2345E-1 1.9573E-1 1.62723E-1 1.02571E-1 1.16416E-1 2.02813E-1 2.72332E-1 1.9331E-1 9.91248E-2 5.11355E-2 3.44003E-2 1.51972E-2 3.29525E-3 5.0606E-4 5.08232E-5 2.581E-6 1.28665E-7 1.94915E-8 4.45647E-9 1.02398E-9 3.03259E-10
4.39131E-1 3.9181E-1 3.17794E-1 2.99205E-1 3.79938E-1 3.84977E-1 3.02657E-1 3.14347E-1 3.12623E-1 3.50462E-1 4.62138E-1 5.63974E-1 5.8221E-1 5.65986E-1 5.49464E-1 5.4044E-1 4.37674E-1 4.08144E-1 4.22682E-1 3.77606E-1 3.8096E-1 3.85194E-1 3.42295E-1 2.84262E-1 2.46986E-1 2.53574E-1 2.80323E-1 2.91062E-1 2.8936E-1 2.54385E-1 2.37888E-1 1.95409E-1 1.14379E-1 7.53458E-2 9.23209E-2 1.92416E-1 3.32051E-1 3.38956E-1 2.3812E-1 2.25133E-1 2.39761E-1 2.46096E-1 2.52721E-1 2.15169E-1 2.42478E-1 2.60207E-1 2.63538E-1 1.949E-1 7.98725E-2 1.14424E-1 2.83055E-1 2.07868E-1 1.14194E-1 6.53756E-2 3.90898E-2 1.72782E-2 5.21574E-3 1.64665E-3 8.39971E-4 2.38371E-4 2.8381E-5 4.38235E-6 1.08583E-6 4.26279E-7 3.10072E-7
4.63842E-1 4.39657E-1 3.90958E-1 3.55587E-1 3.88323E-1 4.10444E-1 3.89991E-1 3.951E-1 3.5323E-1 3.58326E-1 4.30372E-1 5.44295E-1 6.07009E-1 6.0448E-1 5.49504E-1 5.09726E-1 4.57651E-1 4.56143E-1 5.06041E-1 4.6275E-1 4.3446E-1 4.29766E-1 3.66783E-1 2.8936E-1 2.62348E-1 2.71906E-1 3.09838E-1 3.25231E-1 3.18999E-1 2.56051E-1 2.12411E-1 1.96929E-1 1.49776E-1 1.3686E-1 1.4966E-1 2.4831E-1 3.48004E-1 3.6005E-1 2.92558E-1 2.77079E-1 2.97481E-1 3.45848E-1 3.44127E-1 2.64745E-1 3.24689E-1 4.13852E-1 3.61714E-1 2.64423E-1 1.34482E-1 1.36981E-1 2.15169E-1 1.88927E-1 1.23612E-1 6.61472E-2 3.62066E-2 1.93147E-2 1.13136E-2 8.76749E-3 6.73173E-3 3.69651E-3 6.45711E-4 1.20344E-4 3.51957E-5 1.65409E-5 3.20156E-6
