KUENM/Final_Models/M_0.1_F_lq_Set_2_EC/sp1_6_se_asia.asc
ncols         320
nrows         243
xllcorner     44.0
yllcorner     -0.666666666666667
cellsize      0.166666666666667
NODATA_value  -9999
[rows 31 to 61 of 243, columns 140 to 209 of 320]
8.1628E-10 2.31166E-10 4.3252E-10 1.06598E-10 1.30084E-9 8.32663E-9 1.13174E-9 1.03957E-9 7.98873E-9 1.18836E-6 3.7446E-4 8.92891E-4 7.26104E-4 6.39471E-3 2.62442E-2 4.15495E-2 6.64733E-2 7.30306E-2 8.59798E-2 1.03129E-1 1.1931E-1 1.15633E-1 4.00735E-2 1.87356E-1 2.27943E-1 1.09437E-1 1.51001E-1 1.90898E-1 1.68292E-1 1.50935E-2 1.75215E-2 2.86164E-3 2.99159E-3 5.41747E-5 1.27253E-4 1.16113E-4 9.95088E-5 4.15092E-6 1.98793E-6 4.94852E-5 1.64571E-5 2.39164E-4 4.77959E-5 2.15286E-7 9.58235E-8 7.75256E-8 1.7536E-8 3.1722E-10 1.31763E-12 3.50336E-12 4.20921E-12 6.63094E-11 3.3398E-9 1.58575E-10 5.98714E-10 2.25724E-10 5.46448E-15 5.85865E-16 7.539E-16 7.23426E-15 3.5466E-11 3.05278E-9 5.38711E-15 1.89581E-18 6.01942E-18 1.04056E-15 -9999 -9999 -9999 -9999
5.11307E-9 1.1182E-8 4.30296E-8 5.57118E-8 1.81611E-8 2.23317E-8 1.55332E-8 3.11134E-7 8.4138E-6 1.66199E-5 1.86283E-4 3.19178E-4 1.87373E-4 3.10927E-4 4.20218E-3 1.52608E-2 5.56397E-2 7.38988E-2 5.17476E-2 6.73264E-2 1.10141E-1 1.41048E-1 1.53968E-1 2.04419E-1 2.37305E-1 2.69139E-1 3.70624E-1 3.91275E-1 3.59006E-1 1.84279E-1 7.44661E-2 3.63245E-2 6.26942E-3 3.77249E-4 2.73467E-5 2.38492E-6 2.05515E-5 3.27591E-4 1.00782E-3 5.82321E-6 9.74253E-5 3.66371E-3 8.2331E-4 1.10947E-3 3.64558E-6 4.29846E-9 7.5101E-10 1.61957E-10 3.99188E-12 2.81607E-11 9.56564E-11 7.03239E-11 1.32315E-10 1.83154E-10 1.11963E-10 3.83382E-10 7.151E-10 4.18939E-13 3.23545E-15 2.31361E-16 1.04056E-15 2.76549E-15 4.82744E-11 2.35831E-15 2.04715E-17 2.7483E-14 1.94244E-17 7.1781E-18 3.47485E-17 -9999
2.49049E-8 3.38926E-9 3.1501E-9 3.4546E-8 7.90699E-8 4.0012E-7 3.44051E-7 6.46367E-7 3.0736E-6 1.7533E-5 1.82039E-4 1.09755E-4 2.39402E-6 3.08881E-6 5.58042E-4 4.08444E-3 4.1681E-2 8.5063E-2 9.25746E-2 8.76997E-2 9.44961E-2 1.33426E-1 1.7633E-1 2.11811E-1 2.64791E-1 3.36861E-1 3.96939E-1 4.26156E-1 4.32878E-1 4.27514E-1 3.42868E-1 1.40146E-1 1.18089E-2 8.60329E-3 1.34978E-4 6.38709E-5 7.11E-5 3.80461E-3 3.68848E-4 6.77791E-6 6.56651E-7 3.85232E-4 4.96664E-3 7.42588E-3 8.04252E-4 1.3113E-5 7.01645E-8 7.65011E-9 2.66826E-10 6.52221E-12 1.80863E-13 5.86885E-11 2.88637E-12 8.59545E-13 6.28761E-13 3.04499E-12 2.30234E-11 2.257E-10 2.88538E-10 1.47061E-9 4.83647E-12 2.11385E-13 4.67345E-14 4.11739E-13 2.53199E-13 3.16513E-14 4.37219E-16 1.23045E-16 2.66573E-15 3.21819E-16
6.33919E-9 4.82622E-9 4.93041E-9 3.59517E-8 1.21342E-7 1.29844E-7 1.04655E-6 5.72149E-6 2.21863E-5 6.36598E-5 1.71147E-4 5.86089E-5 1.3587E-7 2.02193E-6 1.53108E-6 2.65391E-8 2.25367E-6 6.83499E-4 9.22699E-3 5.07348E-2 1.11995E-1 1.09824E-1 1.30962E-1 1.65386E-1 2.63337E-1 3.00597E-1 3.80451E-1 4.28356E-1 4.39393E-1 4.32392E-1 4.43939E-1 4.28043E-1 2.10072E-1 1.67096E-1 1.73259E-3 4.07914E-4 5.38327E-5 2.27904E-2 4.54589E-3 4.23587E-4 4.1895E-4 6.98805E-6 1.07971E-4 4.15191E-3 6.80363E-3 8.77335E-4 6.47721E-7 3.30255E-8 1.41397E-9 1.69713E-10 4.55352E-13 3.1029E-11 1.17126E-14 6.11193E-14 2.20169E-14 9.53114E-15 3.01788E-15 1.99964E-12 3.08403E-13 1.69396E-10 1.04493E-10 2.80592E-8 1.95525E-11 1.35225E-15 5.27288E-13 1.43288E-13 1.11643E-14 1.94444E-16 -9999 -9999
3.87124E-9 2.23877E-9 1.5886E-9 1.77414E-8 2.1601E-8 5.12956E-8 5.34619E-7 2.8928E-6 1.37427E-5 9.5123E-5 1.04962E-4 1.27136E-5 4.91747E-7 1.25371E-5 1.44512E-4 1.27521E-3 2.67241E-3 6.82101E-5 4.74003E-6 3.74804E-5 1.80928E-3 2.87156E-2 1.12412E-1 1.92726E-1 2.99342E-1 3.19548E-1 3.59186E-1 3.358E-1 3.5348E-1 4.24706E-1 4.53712E-1 4.30811E-1 2.85708E-1 1.66453E-1 6.99799E-3 4.74566E-3 3.2955E-3 4.75943E-2 3.93078E-2 1.49778E-3 6.05062E-4 7.43062E-6 1.19688E-8 1.71956E-5 1.30623E-3 7.51597E-3 1.29753E-3 1.68342E-5 4.97483E-9 8.70875E-9 3.88512E-11 8.37173E-13 2.73639E-13 3.86738E-14 3.00269E-14 5.35789E-14 3.73387E-13 3.63224E-12 7.3331E-11 2.68437E-10 8.38942E-13 5.59642E-13 6.11736E-9 3.343E-14 2.21607E-15 4.85553E-14 4.69274E-14 8.54535E-13 5.10869E-17 -9999
7.41732E-9 6.0732E-10 6.47323E-9 1.61632E-8 2.21092E-8 1.04624E-6 4.883E-6 4.11358E-6 2.42697E-6 1.67489E-5 6.14663E-6 4.86371E-6 2.15713E-5 3.53251E-5 1.22058E-3 4.01408E-3 2.28218E-2 5.31548E-2 2.29185E-2 2.90249E-3 6.06683E-3 1.08203E-2 7.61502E-2 1.58858E-1 2.35376E-1 3.20496E-1 2.3937E-1 3.09928E-1 3.96006E-1 4.07094E-1 4.32638E-1 4.27125E-1 3.52871E-1 1.29156E-1 3.70009E-2 3.09616E-2 4.09685E-2 8.27421E-2 3.91298E-2 9.09276E-2 8.10334E-2 5.00098E-3 1.30181E-7 2.32856E-8 2.1521E-5 1.44949E-3 8.89658E-3 1.88572E-3 7.10801E-7 9.27864E-8 2.00126E-8 8.024E-10 2.08478E-13 7.85347E-15 4.65108E-13 2.24933E-13 1.13738E-12 5.3973E-11 1.52733E-14 1.59803E-12 9.33395E-14 3.19171E-15 2.53506E-11 2.57577E-11 2.8469E-15 8.92231E-17 3.49741E-15 3.83154E-14 9.81777E-13 -9999
4.91194E-9 3.56197E-10 1.74629E-8 2.85786E-8 1.56547E-7 1.74114E-6 2.0038E-5 1.21783E-5 7.36666E-6 9.91525E-6 3.60611E-5 5.32246E-5 1.23488E-5 7.71719E-6 1.50265E-3 2.95664E-2 5.99131E-2 1.07755E-1 8.72449E-2 3.78868E-2 7.86535E-2 1.07604E-1 2.4273E-1 3.27356E-1 4.07492E-1 3.70482E-1 3.61064E-1 4.14705E-1 4.13194E-1 3.95166E-1 4.04302E-1 4.11897E-1 3.6821E-1 2.19629E-1 1.12859E-1 9.20398E-2 6.59379E-2 6.90863E-2 1.0615E-1 1.50371E-1 1.34411E-1 2.87338E-2 5.63786E-5 5.46528E-9 1.03573E-7 1.38281E-5 1.08143E-4 1.20656E-4 1.80619E-6 1.0577E-7 2.5003E-6 1.25905E-8 2.6979E-11 1.01013E-12 9.15449E-14 1.04489E-13 7.72385E-12 9.92084E-11 2.19975E-12 3.25575E-14 6.54819E-13 5.15766E-15 1.49728E-13 1.30771E-14 1.99587E-12 4.87766E-16 3.52879E-17 2.62546E-14 1.90135E-12 -9999
2.02254E-8 3.4668E-9 1.20938E-8 7.63885E-9 4.98515E-7 1.11254E-5 4.85355E-5 6.2181E-5 3.73783E-5 1.02101E-4 1.11424E-4 7.756E-6 1.40616E-4 2.80859E-4 1.06947E-2 5.42587E-2 9.86141E-2 1.12386E-1 1.45844E-1 1.77826E-1 2.13233E-1 2.38148E-1 3.03143E-1 3.96939E-1 4.55148E-1 4.47368E-1 4.28178E-1 4.28681E-1 4.23134E-1 4.13461E-1 4.26882E-1 4.1993E-1 4.07965E-1 3.78535E-1 2.71712E-1 2.2336E-1 1.79734E-1 1.04952E-1 5.97355E-2 9.42189E-2 1.48162E-1 1.01952E-1 2.155E-2 1.66914E-5 7.89118E-5 2.43681E-6 7.30562E-7 1.1346E-5 3.08127E-7 1.77397E-5 2.03769E-4 1.22999E-5 2.71747E-9 3.95455E-9 4.14048E-10 4.1498E-14 4.40052E-14 6.42645E-11 3.75875E-14 7.12773E-13 1.11294E-13 1.18983E-13 4.57067E-14 1.00925E-13 9.2102E-14 2.06735E-13 2.07577E-15 5.28122E-16 1.07863E-14 -9999
8.40966E-8 7.22506E-8 1.05866E-7 1.67798E-6 1.31709E-5 3.77174E-5 6.13592E-5 5.10599E-5 8.83204E-5 1.03223E-4 2.06226E-5 4.69135E-6 1.62925E-4 2.565E-3 2.52753E-2 5.10052E-2 6.46791E-2 1.35673E-1 1.82211E-1 2.16806E-1 2.38068E-1 3.07681E-1 3.5638E-1 3.86093E-1 4.04565E-1 4.13122E-1 4.27495E-1 4.15784E-1 4.18978E-1 4.31083E-1 4.35002E-1 4.55239E-1 4.80272E-1 4.48762E-1 3.97143E-1 3.76518E-1 3.33411E-1 1.63714E-1 6.56991E-2 6.49919E-2 1.65293E-1 1.67784E-1 1.266E-1 3.73075E-2 9.13422E-3 5.7346E-4 4.99608E-4 2.35779E-4 6.73949E-6 4.24335E-6 8.75118E-5 3.11455E-6 6.18386E-7 3.74042E-7 6.72234E-11 4.83026E-12 2.56756E-14 2.94436E-13 2.49599E-12 1.99396E-12 4.08614E-12 1.23461E-12 6.57556E-13 9.01327E-14 4.9431E-14 9.40269E-15 3.3058E-13 9.78169E-13 2.06725E-14 8.23098E-12
6.59738E-7 4.46784E-7 1.64236E-6 9.71018E-6 2.89293E-5 4.25973E-5 2.27546E-5 1.9492E-5 7.3347E-5 5.54964E-5 1.35638E-5 3.30198E-5 1.23485E-4 6.8955E-4 4.57908E-3 4.04151E-2 1.10524E-1 1.79051E-1 2.08676E-1 2.38431E-1 2.72476E-1 3.15847E-1 3.53799E-1 2.98246E-1 3.00392E-1 3.85597E-1 4.23813E-1 4.23304E-1 4.28982E-1 4.23652E-1 4.34874E-1 4.47202E-1 4.6027E-1 4.50688E-1 4.48129E-1 4.39998E-1 4.05167E-1 2.8895E-1 1.57943E-1 8.98543E-2 1.25672E-1 1.14332E-1 5.40992E-2 3.12022E-2 2.28118E-3 1.758E-3 5.5039E-4 6.54663E-5 5.25989E-5 6.77347E-5 2.16355E-5 8.00221E-6 6.01732E-7 5.37121E-8 7.45048E-7 2.26095E-10 2.34996E-12 2.44041E-14 6.35097E-14 6.90578E-13 2.73639E-13 1.43683E-12 2.55023E-13 2.8283E-14 1.16004E-15 3.18696E-14 3.82868E-16 3.55184E-13 7.86622E-11 6.64979E-13
8.51601E-7 1.92707E-6 6.89884E-6 1.97799E-5 3.35296E-5 2.59555E-5 3.12732E-5 8.39686E-5 4.16992E-5 1.97168E-5 5.94478E-5 2.27592E-4 1.65317E-3 6.83184E-3 2.42156E-2 4.42074E-2 1.34987E-1 1.97024E-1 2.21075E-1 2.32966E-1 2.6066E-1 3.05424E-1 3.27372E-1 3.65675E-1 3.85676E-1 3.98754E-1 4.05386E-1 4.01724E-1 4.03634E-1 3.92057E-1 3.9696E-1 4.01742E-1 4.03583E-1 4.33769E-1 4.6818E-1 5.00938E-1 4.90792E-1 4.29543E-1 3.29994E-1 2.27555E-1 1.56758E-1 1.00628E-1 3.26187E-2 4.05443E-3 2.33674E-4 4.20416E-5 1.49014E-6 4.08887E-6 3.7199E-6 4.4676E-7 7.35814E-7 6.60444E-7 9.22775E-7 1.81813E-6 5.32813E-7 2.68048E-9 1.63319E-11 1.14193E-11 7.05889E-14 6.0373E-14 3.75914E-13 5.65204E-12 2.93343E-13 4.20057E-14 5.33142E-14 3.95888E-13 1.04418E-14 3.89956E-14 2.48722E-13 3.45899E-11
8.45905E-6 1.94077E-5 3.3462E-5 3.39233E-5 4.91698E-5 6.15023E-5 9.64727E-5 8.03815E-5 1.62821E-5 6.55961E-5 8.91521E-5 6.60859E-4 3.31441E-4 7.55128E-4 4.44448E-4 9.10507E-3 6.58193E-2 1.5943E-1 2.17853E-1 2.23519E-1 2.48941E-1 2.78648E-1 3.09978E-1 3.29361E-1 3.53805E-1 3.73727E-1 3.60502E-1 3.81611E-1 3.71141E-1 3.50838E-1 3.36308E-1 3.29137E-1 3.30948E-1 3.62141E-1 4.1335E-1 5.06801E-1 5.39656E-1 5.29686E-1 4.75716E-1 4.1862E-1 3.40285E-1 2.23062E-1 9.11274E-2 2.09664E-2 2.88987E-3 2.28724E-4 1.92101E-6 1.53593E-8 7.33312E-7 6.64862E-8 1.38245E-8 3.54711E-10 3.88705E-11 3.9099E-8 1.67046E-7 1.55245E-8 1.14782E-8 6.75152E-12 6.76576E-12 3.6612E-11 2.01958E-13 7.05889E-14 3.23356E-13 1.89471E-13 1.39542E-13 4.82027E-13 2.68353E-12 7.06942E-12 5.22351E-15 3.85023E-11
5.18425E-5 4.37261E-5 3.39712E-5 6.53803E-5 8.6521E-5 9.74578E-5 1.01449E-4 6.84677E-5 1.37674E-4 5.19195E-4 2.23968E-4 5.35493E-4 1.08294E-4 1.4827E-4 1.44984E-3 1.55632E-2 6.05416E-2 9.69337E-2 2.0585E-1 2.19706E-1 2.30808E-1 2.57077E-1 2.79585E-1 3.03883E-1 3.28427E-1 3.4198E-1 3.51528E-1 3.07269E-1 2.76187E-1 2.69448E-1 3.33466E-1 3.73894E-1 4.08216E-1 4.23813E-1 4.67345E-1 5.13037E-1 5.44357E-1 5.57292E-1 5.58995E-1 5.43181E-1 5.1344E-1 4.32792E-1 2.98455E-1 2.46233E-1 9.36992E-2 1.7216E-2 9.61347E-4 3.6501E-6 1.35413E-8 5.03595E-10 2.6314E-11 2.02745E-14 4.15682E-17 9.50202E-12 2.47006E-7 1.00105E-8 1.74059E-9 3.10886E-8 7.1702E-9 1.99139E-10 2.13825E-13 4.83939E-13 9.96253E-14 3.44087E-14 5.2679E-14 3.82451E-14 5.47697E-14 6.69231E-12 5.25483E-14 5.39643E-13
9.16141E-5 2.39254E-5 6.07094E-5 1.023E-4 1.07808E-4 8.06271E-5 8.76229E-5 1.13376E-4 2.28278E-4 1.26495E-3 1.05455E-3 4.62614E-4 8.18921E-4 4.24699E-3 9.2426E-3 4.8125E-2 1.26092E-1 1.67523E-1 1.78147E-1 1.97958E-1 2.20361E-1 2.35407E-1 2.48455E-1 2.71389E-1 2.80408E-1 3.00779E-1 3.16629E-1 3.29588E-1 3.21508E-1 3.72037E-1 4.10358E-1 4.1319E-1 4.06404E-1 3.93203E-1 4.22322E-1 4.63231E-1 5.03657E-1 5.34834E-1 5.5207E-1 5.60941E-1 5.57597E-1 5.4712E-1 4.95553E-1 5.07634E-1 4.04561E-1 1.9322E-1 5.51608E-2 8.12995E-3 2.07034E-4 5.2349E-7 4.63126E-9 2.87413E-15 5.93787E-20 6.89434E-12 2.95651E-11 1.212E-7 3.54961E-8 1.33662E-8 7.49424E-8 1.34514E-8 1.58977E-12 2.86797E-11 3.97931E-12 7.9294E-11 3.54237E-13 1.59535E-14 6.03731E-14 -9999 -9999 9.83826E-15
6.90444E-5 1.16653E-4 1.00218E-4 7.55314E-5 5.265E-5 5.8738E-5 6.61214E-5 5.22326E-5 1.38835E-4 8.42698E-4 4.93231E-3 4.02289E-3 9.82075E-3 2.95735E-2 3.74704E-2 7.68564E-2 1.31113E-1 1.53492E-1 1.57405E-1 1.72729E-1 1.93841E-1 2.0976E-1 2.15276E-1 2.1854E-1 2.32876E-1 2.4915E-1 2.6748E-1 2.93799E-1 3.27313E-1 3.60191E-1 3.90503E-1 3.97207E-1 3.90011E-1 3.81934E-1 3.88406E-1 4.18744E-1 4.49069E-1 4.88574E-1 5.15832E-1 5.34143E-1 5.5207E-1 5.56834E-1 5.49939E-1 5.43111E-1 5.13421E-1 4.15692E-1 2.77239E-1 1.05083E-1 1.54727E-2 3.33077E-4 3.56923E-7 1.73951E-11 1.75606E-22 8.89696E-26 1.16691E-10 9.69159E-8 1.96271E-7 1.03804E-8 4.5346E-8 2.74692E-7 2.79124E-10 1.9002E-11 8.23003E-14 2.76046E-11 1.49872E-9 1.07749E-11 2.71114E-13 -9999 -9999 -9999
1.47337E-4 9.94759E-5 5.8036E-5 4.53527E-5 5.1669E-5 1.019E-4 1.04783E-4 2.17981E-4 4.58923E-4 3.13933E-4 6.96744E-3 1.69805E-2 2.84037E-2 4.99061E-2 8.16307E-2 9.56902E-2 1.29363E-1 1.36755E-1 1.45896E-1 1.53418E-1 1.65871E-1 1.71122E-1 1.72281E-1 1.79229E-1 1.89181E-1 2.01076E-1 2.16771E-1 2.401E-1 2.75139E-1 3.1246E-1 3.55595E-1 3.78915E-1 3.8356E-1 3.58655E-1 3.51844E-1 3.72224E-1 3.9367E-1 4.2854E-1 4.70311E-1 5.09497E-1 5.46354E-1 5.551E-1 5.51997E-1 5.50293E-1 5.35752E-1 5.06009E-1 4.20173E-1 2.57576E-1 8.96695E-2 1.3067E-2 8.58065E-5 1.26281E-8 1.48811E-13 4.67768E-24 1.54722E-29 4.59188E-21 1.05982E-11 5.49617E-8 1.74869E-9 1.1923E-7 8.5119E-8 2.21888E-11 1.85315E-13 2.90354E-11 2.37217E-9 4.82644E-9 7.09919E-10 3.07417E-8 -9999 -9999
1.13376E-4 2.19358E-4 1.26379E-4 1.0437E-4 1.31672E-4 1.86928E-4 3.42285E-4 4.75811E-4 1.04436E-3 9.53909E-4 3.40413E-3 2.13777E-2 4.04921E-2 4.72985E-2 6.45987E-2 4.55642E-2 1.22041E-1 1.24343E-1 1.33662E-1 1.42325E-1 1.4888E-1 1.45896E-1 1.45896E-1 1.47384E-1 1.49406E-1 1.61143E-1 1.75529E-1 1.90862E-1 2.23875E-1 2.67701E-1 3.04481E-1 3.2891E-1 3.34564E-1 3.1876E-1 3.20014E-1 3.23579E-1 3.51407E-1 3.85676E-1 4.35961E-1 4.94254E-1 5.40879E-1 5.58115E-1 5.5751E-1 5.50293E-1 5.32221E-1 5.1484E-1 4.68483E-1 3.75562E-1 2.25102E-1 8.53481E-2 2.3494E-3 9.06032E-7 3.86891E-12 1.83057E-13 8.20363E-21 8.91578E-19 1.00883E-14 4.87011E-12 1.2549E-10 1.2977E-9 1.27438E-7 1.12175E-9 3.17751E-11 5.96365E-12 2.90828E-10 3.49907E-11 1.41781E-11 1.19511E-7 -9999 -9999
6.48106E-4 2.38506E-4 3.0029E-4 2.82819E-4 3.7988E-4 4.1719E-4 6.22203E-4 9.3818E-4 1.75579E-3 1.83208E-3 4.87769E-3 6.47353E-3 3.42161E-2 4.38894E-2 3.19755E-2 2.00707E-2 1.09653E-1 1.19503E-1 1.19934E-1 1.28063E-1 1.28063E-1 1.25962E-1 1.09014E-1 1.11521E-1 1.17949E-1 1.30089E-1 1.38582E-1 1.53418E-1 1.84175E-1 2.1854E-1 2.56456E-1 2.83625E-1 2.88467E-1 2.81186E-1 2.76846E-1 2.99386E-1 3.21127E-1 3.56655E-1 4.08459E-1 4.72851E-1 5.31366E-1 5.62844E-1 5.57575E-1 5.43608E-1 5.20197E-1 4.97823E-1 4.8631E-1 4.41563E-1 3.44888E-1 2.33378E-1 4.66463E-2 4.50959E-5 1.98249E-11 3.91979E-11 1.08994E-9 6.00199E-12 2.68457E-12 3.06809E-9 1.15064E-9 1.03473E-8 4.7678E-9 2.87526E-8 2.70645E-10 3.37737E-10 9.42442E-11 5.95275E-10 1.19843E-7 4.72643E-7 -9999 -9999
5.92831E-4 4.54252E-4 4.97982E-4 5.96234E-4 6.14688E-4 7.2738E-4 9.5233E-4 1.33002E-3 2.61054E-3 3.14614E-3 3.99509E-3 9.10747E-3 2.36333E-2 3.59653E-2 8.75797E-3 7.31344E-3 8.87469E-2 1.14438E-1 1.13983E-1 1.13205E-1 1.08897E-1 1.03961E-1 9.29782E-2 9.29782E-2 9.87077E-2 1.07122E-1 1.19934E-1 1.30844E-1 1.50385E-1 1.85443E-1 2.1854E-1 2.50973E-1 2.73014E-1 2.68959E-1 2.68465E-1 2.77548E-1 2.90288E-1 3.26525E-1 3.82333E-1 4.52674E-1 5.21088E-1 5.66414E-1 5.62925E-1 5.45025E-1 5.26189E-1 5.06983E-1 5.10715E-1 4.87775E-1 4.40661E-1 3.58896E-1 1.91338E-1 3.47407E-2 1.02632E-3 1.20201E-4 5.8346E-6 1.78859E-5 5.86743E-7 5.76676E-8 4.4416E-9 4.00204E-10 2.9389E-9 3.74393E-8 2.29809E-7 1.67721E-6 1.37831E-6 1.30169E-6 2.37086E-6 2.83403E-10 4.99986E-12 -9999
6.42454E-4 4.22547E-4 3.4557E-4 4.48974E-4 6.40493E-4 6.76807E-4 1.23568E-3 1.61352E-3 2.12052E-3 1.8531E-3 3.1415E-3 1.33173E-2 3.34788E-2 2.15234E-2 1.08653E-2 1.67811E-2 6.28852E-2 1.10823E-1 1.0641E-1 1.00787E-1 9.87828E-2 9.52801E-2 8.71423E-2 8.5001E-2 8.71423E-2 9.11675E-2 9.91767E-2 1.08897E-1 1.28737E-1 1.51297E-1 1.90491E-1 2.38173E-1 2.69558E-1 2.91519E-1 2.90971E-1 2.78119E-1 2.68959E-1 2.98316E-1 3.49127E-1 4.13556E-1 4.84316E-1 5.32923E-1 5.46598E-1 5.47055E-1 5.39512E-1 5.40268E-1 5.39146E-1 5.26291E-1 4.89685E-1 4.42564E-1 3.79311E-1 2.44471E-1 6.12772E-2 1.93193E-2 2.70625E-3 6.90247E-4 7.07816E-5 2.89078E-7 4.76339E-8 2.10823E-7 8.48119E-7 2.93761E-6 1.95004E-7 2.67494E-8 2.18554E-8 1.89221E-7 3.84752E-10 3.13131E-10 8.48725E-12 -9999
5.33117E-4 4.80209E-4 4.42147E-4 4.98166E-4 6.95237E-4 8.9621E-4 7.17998E-4 1.04436E-3 1.42579E-3 2.50075E-3 6.5788E-3 1.89686E-2 1.93415E-2 1.19512E-2 1.35966E-2 2.43847E-2 4.54077E-2 1.06553E-1 1.01715E-1 9.55779E-2 9.44234E-2 8.76999E-2 8.31747E-2 8.10974E-2 7.60685E-2 7.8052E-2 8.08314E-2 8.71423E-2 1.01986E-1 1.28737E-1 1.69482E-1 2.32446E-1 2.90324E-1 3.20407E-1 3.08733E-1 2.78558E-1 2.58289E-1 2.74861E-1 3.17406E-1 3.63253E-1 4.22994E-1 4.61173E-1 4.88861E-1 5.10773E-1 5.26729E-1 5.3103E-1 5.46158E-1 5.55887E-1 5.37111E-1 5.14348E-1 5.23282E-1 4.53366E-1 2.92541E-1 7.97387E-2 3.77515E-2 3.38334E-3 1.57969E-4 3.77256E-6 3.26316E-5 2.75214E-5 4.64946E-7 6.74011E-8 5.31102E-7 1.58529E-6 1.66462E-6 1.07614E-8 1.232E-10 1.26373E-11 3.92004E-12 1.09001E-11
4.0018E-4 2.26952E-4 3.45548E-4 5.59201E-4 7.44898E-4 7.11507E-4 1.21863E-3 2.18435E-3 2.599E-3 2.58989E-3 9.01504E-3 1.82336E-2 1.0889E-2 1.30949E-2 1.54289E-2 4.42554E-2 6.00339E-2 1.06216E-1 9.81651E-2 9.21437E-2 8.79126E-2 8.68207E-2 8.25497E-2 7.33495E-2 7.14496E-2 6.95867E-2 6.75995E-2 7.03402E-2 8.00728E-2 1.06877E-1 1.4985E-1 2.2294E-1 3.13207E-1 3.48885E-1 3.12904E-1 2.71417E-1 2.5291E-1 2.56595E-1 2.80408E-1 3.21087E-1 3.5268E-1 3.87316E-1 4.11619E-1 4.75341E-1 5.25788E-1 5.34559E-1 5.41393E-1 5.58933E-1 5.63042E-1 5.63497E-1 5.54307E-1 4.95262E-1 3.74088E-1 2.62088E-1 1.27315E-1 3.1708E-2 9.82189E-4 4.31629E-5 1.86205E-5 2.4187E-6 5.92279E-6 1.7398E-7 8.50197E-7 1.10467E-6 5.68079E-6 2.42814E-6 5.63406E-9 4.70168E-11 2.4632E-8 5.26055E-9
4.13629E-4 1.04759E-4 5.30745E-4 1.94741E-3 4.33284E-3 3.55043E-3 2.6612E-3 3.38154E-3 6.02262E-3 8.13137E-3 1.46682E-2 1.20313E-2 1.10044E-2 1.14628E-2 2.8287E-2 4.34253E-2 4.58207E-2 9.72836E-2 9.60367E-2 8.79126E-2 8.27998E-2 8.16479E-2 7.55619E-2 6.97198E-2 6.52037E-2 6.17534E-2 5.84449E-2 5.6843E-2 6.33525E-2 8.63617E-2 1.2434E-1 1.95671E-1 3.22897E-1 3.51214E-1 2.92346E-1 2.51046E-1 2.32707E-1 2.34657E-1 2.51071E-1 2.77001E-1 2.95224E-1 3.22097E-1 3.80536E-1 4.766E-1 5.29073E-1 5.25197E-1 5.29822E-1 5.48393E-1 5.64246E-1 5.72406E-1 5.57646E-1 5.06023E-1 4.52391E-1 3.75433E-1 3.03071E-1 1.251E-1 1.3067E-2 3.99647E-5 1.62896E-6 1.31594E-6 1.90643E-7 1.90821E-7 5.9109E-8 3.6958E-8 8.37048E-8 5.22425E-7 4.35012E-7 3.84922E-8 1.30034E-8 1.85474E-11
5.69833E-4 7.34569E-4 2.46051E-3 2.24015E-3 3.35469E-3 6.59608E-3 5.99521E-3 6.17551E-3 7.85815E-3 8.99342E-3 1.05805E-2 1.31693E-2 1.65838E-2 2.3053E-2 4.21837E-2 5.60858E-2 3.14718E-2 1.01489E-1 9.66143E-2 8.15059E-2 7.56815E-2 7.36822E-2 6.98776E-2 6.62223E-2 6.18227E-2 5.76955E-2 5.45504E-2 5.08098E-2 5.37417E-2 7.94471E-2 1.06404E-1 1.61493E-1 2.38411E-1 2.61579E-1 2.26577E-1 2.05562E-1 2.03812E-1 2.11226E-1 2.20096E-1 2.34657E-1 2.49235E-1 2.76709E-1 3.49127E-1 4.41144E-1 4.82689E-1 4.90871E-1 4.97563E-1 5.26566E-1 5.61722E-1 5.78397E-1 5.72634E-1 5.52013E-1 5.52111E-1 4.92162E-1 4.02648E-1 2.82699E-1 9.97118E-2 1.30391E-3 3.99286E-8 3.567E-9 1.92916E-9 2.17377E-9 7.38439E-12 1.85335E-10 9.5296E-12 4.92486E-10 6.56369E-9 1.04614E-7 6.3367E-9 8.49602E-10
8.62561E-4 1.98762E-4 1.23364E-4 6.04737E-4 2.17138E-3 2.95484E-3 3.28573E-3 3.79224E-3 4.99534E-3 9.26826E-3 1.52288E-2 2.17505E-2 2.78731E-2 3.9778E-2 5.89146E-2 7.4471E-2 7.09256E-2 1.04254E-1 9.5861E-2 7.85619E-2 6.8051E-2 6.53443E-2 6.18639E-2 6.27203E-2 5.93484E-2 5.77159E-2 5.5343E-2 5.22925E-2 5.93498E-2 7.16944E-2 9.58279E-2 1.26185E-1 1.64698E-1 1.78632E-1 1.75309E-1 1.67867E-1 1.72737E-1 1.8436E-1 2.03812E-1 2.18312E-1 2.27277E-1 2.45572E-1 3.29162E-1 4.0391E-1 4.3967E-1 4.54921E-1 4.57764E-1 4.89444E-1 5.4982E-1 5.83009E-1 5.80768E-1 5.78856E-1 5.8135E-1 5.6802E-1 5.03083E-1 4.14075E-1 2.31476E-1 4.47686E-2 1.02235E-4 6.97106E-11 8.72943E-16 2.59013E-15 4.83077E-17 1.43225E-17 9.80061E-17 2.71736E-14 1.55941E-11 2.13481E-9 8.55153E-9 2.2748E-9
9.01899E-4 4.44797E-4 7.99374E-5 1.16143E-4 1.06514E-3 3.43504E-3 5.58186E-3 7.30268E-3 1.1969E-2 2.15984E-2 2.82755E-2 3.29021E-2 3.78407E-2 4.34253E-2 5.32387E-2 6.36954E-2 6.65463E-2 1.07788E-1 9.69638E-2 7.26471E-2 6.3561E-2 5.93158E-2 5.84937E-2 5.84937E-2 5.93158E-2 6.09867E-2 5.84937E-2 5.5333E-2 6.01775E-2 6.80314E-2 8.37535E-2 1.00566E-1 1.22442E-1 1.33254E-1 1.32745E-1 1.30758E-1 1.36472E-1 1.56774E-1 1.86048E-1 2.19765E-1 2.32446E-1 2.43671E-1 3.1246E-1 3.93566E-1 4.31349E-1 4.2661E-1 3.91853E-1 4.20199E-1 5.16185E-1 5.72533E-1 5.86389E-1 5.87825E-1 5.87874E-1 5.80826E-1 5.53215E-1 4.90845E-1 2.645E-1 9.67525E-2 1.07164E-2 2.24115E-5 3.5751E-10 1.21739E-13 3.09986E-13 2.38891E-17 2.12641E-22 9.4878E-18 8.10951E-13 9.0431E-10 3.99324E-9 1.07321E-7
2.09712E-3 7.20862E-3 9.67519E-3 3.99014E-3 2.08466E-3 4.79358E-3 1.17319E-2 1.74721E-2 2.10349E-2 3.28039E-2 4.80011E-2 4.77795E-2 5.21609E-2 4.79171E-2 4.22873E-2 7.42406E-2 4.95334E-2 1.16775E-1 9.34359E-2 6.3561E-2 5.44463E-2 5.52252E-2 5.44463E-2 5.52252E-2 6.09251E-2 6.35029E-2 6.17752E-2 6.01468E-2 6.01779E-2 6.44605E-2 7.36822E-2 8.60132E-2 9.72048E-2 1.0546E-1 1.08916E-1 1.11467E-1 1.17593E-1 1.37923E-1 1.68754E-1 1.98054E-1 2.08587E-1 2.30621E-1 3.07523E-1 3.91311E-1 4.32971E-1 4.36132E-1 3.75461E-1 3.91311E-1 4.93087E-1 5.44963E-1 5.66912E-1 5.86666E-1 5.68377E-1 5.86218E-1 5.35323E-1 4.66495E-1 3.52384E-1 2.04939E-1 7.71722E-2 1.12647E-2 9.22244E-6 7.13205E-8 5.23592E-10 1.10519E-12 1.33138E-14 3.69246E-18 3.51399E-14 6.36406E-9 7.15901E-6 2.26888E-6
7.7354E-3 5.14402E-2 7.88916E-2 1.10297E-1 5.04106E-2 1.00498E-2 1.36197E-2 4.39988E-2 5.97713E-2 6.68398E-2 7.12442E-2 6.63796E-2 6.71052E-2 3.78427E-2 6.95662E-2 1.04358E-1 6.85818E-2 1.18213E-1 8.46659E-2 6.0084E-2 5.20621E-2 5.35776E-2 5.3676E-2 5.29143E-2 5.83334E-2 6.16823E-2 5.99898E-2 5.52252E-2 5.68094E-2 5.68761E-2 6.53229E-2 7.3717E-2 8.60847E-2 8.93146E-2 9.25643E-2 9.69976E-2 1.10187E-1 1.28501E-1 1.5832E-1 1.80305E-1 1.88773E-1 2.16955E-1 2.8471E-1 3.71564E-1 4.14698E-1 4.27958E-1 4.1132E-1 4.651E-1 4.97824E-1 5.20354E-1 5.38862E-1 5.75228E-1 5.57712E-1 5.45309E-1 5.91609E-1 5.50701E-1 4.72129E-1 3.55211E-1 2.15561E-1 8.78403E-2 2.60853E-3 1.43855E-4 2.39943E-4 2.22115E-5 1.26334E-9 1.22743E-8 4.01162E-11 5.51347E-9 2.2276E-9 1.7158E-8
1.96127E-2 7.24659E-2 9.79264E-2 1.19451E-1 1.21994E-1 6.63623E-2 4.70576E-2 6.38604E-2 7.32226E-2 4.59864E-2 4.8067E-2 4.63869E-2 5.43305E-2 1.04952E-1 1.09958E-1 7.90792E-2 1.24416E-1 1.16582E-1 8.72094E-2 6.68586E-2 5.91571E-2 5.43483E-2 5.28156E-2 5.20621E-2 5.43483E-2 5.35776E-2 5.20621E-2 5.13172E-2 4.99525E-2 5.3676E-2 5.9252E-2 6.79838E-2 7.37135E-2 8.18065E-2 8.49323E-2 8.80808E-2 1.01774E-1 1.22057E-1 1.45043E-1 1.63091E-1 1.74504E-1 1.9492E-1 2.40852E-1 3.05691E-1 3.60923E-1 3.88507E-1 4.01996E-1 4.43758E-1 4.72591E-1 4.62285E-1 4.79717E-1 5.12285E-1 5.36578E-1 5.59929E-1 5.89832E-1 5.90671E-1 5.56197E-1 4.6307E-1 3.27032E-1 1.68962E-1 3.55528E-2 5.48479E-3 4.02037E-3 7.74091E-3 1.86149E-3 3.64087E-6 2.44944E-12 3.33955E-11 2.2106E-8 8.13975E-10
5.65872E-2 7.12648E-2 7.4657E-2 7.25003E-2 8.79126E-2 9.87077E-2 8.62556E-2 6.79946E-2 6.54842E-2 6.33217E-2 7.12765E-2 8.44215E-2 1.24199E-1 1.33491E-1 1.45311E-1 1.05148E-1 1.46429E-1 1.19122E-1 1.01145E-1 8.26824E-2 6.68586E-2 5.51277E-2 5.05808E-2 4.91331E-2 4.7024E-2 4.91331E-2 4.84218E-2 4.7024E-2 4.63373E-2 4.91331E-2 5.51277E-2 6.25423E-2 7.16554E-2 7.86768E-2 8.39478E-2 8.82829E-2 9.97519E-2 1.10779E-1 1.21078E-1 1.3515E-1 1.42042E-1 1.63787E-1 1.99341E-1 2.51601E-1 2.99698E-1 3.36425E-1 3.70221E-1 4.08056E-1 4.23539E-1 4.0455E-1 3.75753E-1 3.73913E-1 4.98594E-1 5.52502E-1 5.67371E-1 5.70071E-1 5.87753E-1 5.22659E-1 3.90907E-1 2.69394E-1 1.4789E-1 5.23149E-2 2.81515E-2 4.23735E-2 4.26874E-2 1.12372E-3 2.52973E-7 1.31265E-9 2.54816E-9 8.64673E-10
4.89863E-2 4.93967E-2 4.55835E-2 4.8659E-2 5.61334E-2 7.66456E-2 9.4819E-2 8.36378E-2 8.08326E-2 8.57013E-2 1.02408E-1 1.00855E-1 1.19845E-1 1.42619E-1 1.44428E-1 1.4023E-1 1.38821E-1 1.33539E-1 1.19295E-1 9.9838E-2 7.7468E-2 5.67128E-2 4.75934E-2 4.5534E-2 4.56587E-2 4.56587E-2 4.36709E-2 4.35472E-2 4.35472E-2 4.75934E-2 5.57895E-2 6.4166E-2 7.1536E-2 7.9524E-2 8.60354E-2 8.61123E-2 9.05605E-2 9.05207E-2 9.50141E-2 1.05705E-1 1.17342E-1 1.34083E-1 1.67668E-1 2.09147E-1 2.50968E-1 2.87643E-1 3.32455E-1 3.76136E-1 4.05201E-1 3.98055E-1 3.7428E-1 3.96256E-1 5.19133E-1 5.38991E-1 4.75465E-1 4.91392E-1 5.83521E-1 5.66173E-1 4.42527E-1 3.50644E-1 2.76722E-1 1.59862E-1 1.12882E-1 9.97118E-2 6.56823E-2 1.23445E-2 5.41855E-4 2.1455E-6 2.10281E-7 2.86982E-8
