KUENM/Final_Models/M_0.1_F_lq_Set_2_EC/sp1_4.asc
ncols         197
nrows         210
xllcorner     56.1666666666667
yllcorner     4.5
cellsize      0.166666666666667
NODATA_value  -9999
[rows 112 to 139 of 210, columns 130 to 194 of 197]
4.44169E-1 3.01964E-1 1.93795E-1 1.46752E-1 1.26249E-1 7.16485E-2 3.10426E-2 9.96342E-3 2.96909E-3 7.46488E-4 2.76799E-4 1.59794E-4 8.06676E-5 2.47138E-5 6.96764E-6 6.59168E-6 1.76837E-5 5.64499E-5 1.28136E-4 3.51909E-4 1.35238E-3 3.26367E-3 4.03057E-3 3.12101E-3 5.17275E-4 1.10105E-4 7.58572E-5 1.00878E-4 1.83691E-4 1.86315E-4 1.51238E-4 1.78422E-4 2.04903E-4 2.14676E-4 1.90153E-4 1.41919E-4 1.0798E-4 8.59069E-5 9.59506E-5 1.0798E-4 1.44254E-4 2.49663E-4 4.91755E-4 1.26714E-3 6.41229E-4 1.56613E-4 3.00523E-5 6.59813E-6 3.80156E-6 4.87923E-6 5.33909E-6 5.95945E-6 5.57932E-6 6.32467E-6 8.76125E-6 1.36327E-5 -9999 -9999 -9999 -9999 -9999 -9999 -9999 -9999 -9999
4.06683E-1 2.61839E-1 1.62229E-1 1.23728E-1 9.23501E-2 4.46587E-2 1.55783E-2 3.78507E-3 5.03508E-4 8.59069E-5 1.22092E-4 1.62031E-4 1.48829E-4 3.72399E-5 4.35163E-6 2.23144E-6 5.27528E-6 1.66924E-5 5.33937E-5 1.80699E-4 4.86898E-4 9.5014E-4 9.65537E-4 7.23782E-4 4.28733E-4 1.03334E-4 6.09852E-5 6.73765E-5 6.67419E-4 1.27084E-3 6.4681E-4 3.32688E-4 2.27791E-4 2.24889E-4 2.06907E-4 1.95941E-4 1.93755E-4 2.26779E-4 2.74114E-4 2.6277E-4 2.04512E-4 1.75297E-4 1.80989E-4 3.37056E-4 2.89158E-4 1.04472E-4 2.14841E-5 5.54532E-6 4.87819E-6 6.02159E-6 6.83269E-6 8.12713E-6 9.20693E-6 1.01403E-5 1.27455E-5 -9999 -9999 -9999 -9999 -9999 -9999 -9999 -9999 -9999 -9999
2.79843E-1 1.285E-1 7.78023E-2 6.19316E-2 5.03903E-2 2.61556E-2 9.44697E-3 2.05325E-3 2.61641E-4 4.91509E-5 8.06676E-5 1.39094E-4 1.30842E-4 1.71571E-5 7.36228E-7 3.2006E-7 1.05358E-6 4.06915E-6 1.69985E-5 6.83024E-5 1.51587E-4 4.78826E-4 1.13243E-3 2.75205E-3 9.40797E-4 9.88716E-5 3.74278E-5 5.64677E-5 9.86116E-4 2.66876E-3 1.46502E-3 5.20518E-4 2.55688E-4 2.54937E-4 2.80297E-4 2.87055E-4 2.55755E-4 3.00957E-4 4.29741E-4 4.42873E-4 3.54086E-4 2.13773E-4 1.0963E-4 1.47387E-4 1.60359E-4 7.87159E-5 2.45405E-5 7.09507E-6 7.00862E-6 9.47988E-6 1.10369E-5 1.31734E-5 1.5691E-5 1.86508E-5 -9999 -9999 -9999 -9999 -9999 -9999 -9999 -9999 -9999 -9999 -9999
2.09006E-1 1.10223E-1 5.74098E-2 3.05184E-2 1.97932E-2 1.54376E-2 7.96191E-3 2.45962E-3 6.06781E-4 2.17459E-4 1.78046E-4 1.82277E-4 6.36772E-5 4.09008E-6 1.26091E-7 8.33239E-8 2.56056E-7 9.67646E-7 3.20488E-6 9.16757E-6 1.29742E-5 9.33195E-5 5.30271E-4 1.11733E-3 5.19828E-4 7.69407E-5 3.68586E-5 7.5427E-5 2.43293E-3 4.87258E-3 3.27347E-3 1.01775E-3 3.72059E-4 3.80542E-4 3.82051E-4 2.53875E-4 3.62355E-4 3.15025E-4 4.25098E-4 5.24446E-4 5.31272E-4 3.66825E-4 2.75955E-4 2.69716E-4 2.22569E-4 1.13311E-4 4.84025E-5 1.57356E-5 1.25976E-5 1.94163E-5 2.19205E-5 2.40825E-5 -9999 -9999 -9999 -9999 -9999 -9999 -9999 -9999 -9999 -9999 -9999 -9999 -9999
1.65257E-1 1.0788E-1 5.86946E-2 2.49766E-2 1.21762E-2 9.44981E-3 9.6157E-3 4.4485E-3 1.56076E-3 9.45089E-4 8.40082E-4 5.91775E-4 4.60303E-5 2.68519E-6 2.38812E-7 9.93285E-8 1.2583E-7 2.80518E-7 4.89524E-7 3.56594E-7 1.0673E-6 2.91996E-6 1.0941E-5 2.25523E-5 5.67915E-5 7.77747E-5 1.39753E-4 1.05549E-3 7.52368E-3 1.18809E-2 5.93907E-3 2.63829E-3 1.0615E-3 6.90347E-4 4.95341E-4 4.98593E-4 3.68092E-4 3.67501E-4 3.91467E-4 6.97551E-4 8.9519E-4 7.27593E-4 6.43775E-4 5.67345E-4 4.01687E-4 2.70517E-4 1.45335E-4 7.63717E-5 5.00857E-5 5.0891E-5 5.0891E-5 -9999 -9999 -9999 -9999 -9999 -9999 -9999 -9999 -9999 -9999 -9999 -9999 -9999 -9999
1.36564E-1 9.34846E-2 5.63291E-2 2.80821E-2 1.49265E-2 1.03196E-2 1.18617E-2 7.34843E-3 3.24147E-3 2.31936E-3 1.57501E-3 3.54277E-4 3.1746E-5 2.61029E-6 3.33999E-7 1.2539E-7 1.19895E-7 2.09707E-7 3.31406E-7 4.8927E-7 1.29804E-6 3.94663E-6 7.75906E-6 2.09089E-5 3.29118E-5 4.54252E-5 1.54629E-4 2.64754E-3 1.53104E-2 2.9829E-2 1.23908E-2 4.1637E-3 1.30475E-3 7.48622E-4 3.08905E-4 5.39912E-4 3.2621E-4 2.82484E-4 7.03926E-4 1.48043E-3 1.6707E-3 1.45837E-3 1.24695E-3 1.05997E-3 9.07967E-4 7.06826E-4 4.80649E-4 3.24786E-4 2.19726E-4 -9999 -9999 -9999 -9999 -9999 -9999 -9999 -9999 -9999 -9999 -9999 -9999 -9999 -9999 -9999 -9999
9.22186E-2 5.95538E-2 4.33768E-2 3.888E-2 2.82792E-2 1.9605E-2 1.5319E-2 1.24897E-2 1.05969E-2 8.04396E-3 2.18123E-3 1.88796E-4 1.53255E-5 2.46648E-6 5.0002E-7 1.84415E-7 1.33469E-7 2.66833E-7 6.89952E-7 1.86367E-6 5.87707E-6 8.61865E-6 1.65923E-5 3.21571E-5 4.22541E-5 5.01098E-5 1.19439E-4 4.77311E-4 2.91286E-3 1.4503E-2 8.37633E-3 1.61454E-3 5.38048E-4 7.828E-4 8.69974E-4 9.07161E-4 4.36367E-4 4.84216E-4 1.48503E-3 2.63294E-3 2.86745E-3 2.75707E-3 2.32738E-3 2.32343E-3 2.07635E-3 1.56154E-3 1.14322E-3 7.46488E-4 -9999 -9999 -9999 -9999 -9999 -9999 -9999 -9999 -9999 -9999 -9999 -9999 -9999 -9999 -9999 -9999 -9999
5.89754E-2 6.54068E-2 5.58491E-2 4.24464E-2 2.81444E-2 1.02433E-2 8.17427E-3 1.04506E-2 1.66333E-2 2.26791E-2 8.86688E-3 2.23958E-4 1.65403E-5 3.97549E-6 7.74701E-7 2.56872E-7 1.90198E-7 4.00947E-7 1.18269E-6 3.35107E-6 7.75906E-6 1.78872E-5 3.29706E-5 4.66805E-5 4.21885E-5 4.77129E-5 7.23715E-5 7.74825E-5 3.74797E-4 3.93262E-3 7.65927E-4 1.0138E-4 3.60815E-4 2.87003E-4 1.25612E-3 1.41663E-3 1.01618E-3 1.15503E-3 1.43213E-3 2.59519E-3 4.49112E-3 4.60517E-3 4.87258E-3 4.43442E-3 3.77896E-3 -9999 -9999 -9999 -9999 -9999 -9999 -9999 -9999 -9999 -9999 -9999 -9999 -9999 -9999 -9999 -9999 -9999 -9999 -9999 -9999
6.24274E-2 7.04365E-2 6.88291E-2 5.79226E-2 3.25614E-2 1.33859E-2 1.22192E-2 2.93772E-2 7.48683E-2 5.21204E-2 2.25175E-2 1.623E-3 1.18989E-4 1.33827E-5 1.32501E-6 3.08687E-7 1.9696E-7 5.04357E-7 1.70207E-6 4.28475E-6 1.24511E-5 3.02507E-5 3.82801E-5 4.78473E-5 5.27941E-5 4.44471E-5 4.66965E-5 4.90342E-5 6.56132E-5 4.93709E-4 9.05131E-5 3.579E-5 2.71544E-4 7.33881E-4 6.7229E-4 1.50071E-3 1.51911E-3 1.15345E-3 1.57368E-3 3.96059E-3 6.16127E-3 6.83726E-3 7.48477E-3 -9999 -9999 -9999 -9999 -9999 -9999 -9999 -9999 -9999 -9999 -9999 -9999 -9999 -9999 -9999 -9999 -9999 -9999 -9999 -9999 -9999 -9999
7.59284E-2 8.72904E-2 1.00838E-1 9.06676E-2 7.32884E-2 4.72289E-2 4.13495E-2 3.59211E-2 7.35737E-2 6.93937E-2 2.56556E-2 3.94396E-3 3.9302E-4 3.04164E-5 2.13698E-6 2.78065E-7 1.92962E-7 4.67707E-7 2.65992E-6 6.60924E-6 1.49646E-5 4.05599E-5 4.32971E-5 4.43837E-5 4.22358E-5 3.21293E-5 2.76184E-5 2.31453E-5 2.69541E-5 2.90693E-5 1.55176E-5 2.18579E-5 1.37893E-4 7.08402E-4 5.66479E-4 1.66067E-3 2.2012E-3 1.5699E-3 1.51876E-3 5.63103E-3 7.7683E-3 9.03016E-3 9.94506E-3 -9999 -9999 -9999 -9999 -9999 -9999 -9999 -9999 -9999 -9999 -9999 -9999 -9999 -9999 -9999 -9999 -9999 -9999 -9999 -9999 -9999 -9999
9.55834E-2 1.07258E-1 1.27098E-1 1.55392E-1 1.46752E-1 1.41032E-1 1.5887E-1 1.4333E-1 7.13541E-2 5.75062E-2 2.52538E-2 6.23384E-3 9.3108E-4 7.57419E-5 4.16787E-6 4.66865E-7 2.46831E-7 6.85876E-7 2.79783E-6 1.22311E-5 4.52706E-5 6.38754E-5 2.9037E-5 2.56242E-5 2.75741E-5 1.92853E-5 1.41299E-5 9.07447E-6 8.17215E-6 5.03217E-6 5.20576E-6 1.4666E-5 9.10667E-5 5.13811E-4 5.06081E-4 1.60376E-3 2.21782E-3 1.68576E-3 1.39059E-3 6.04233E-3 1.24526E-2 1.19731E-2 -9999 -9999 -9999 -9999 -9999 -9999 -9999 -9999 -9999 -9999 -9999 -9999 -9999 -9999 -9999 -9999 -9999 -9999 -9999 -9999 -9999 -9999 -9999
7.91396E-2 7.87992E-2 1.32376E-1 1.91457E-1 2.20222E-1 2.57822E-1 2.56568E-1 2.39684E-1 1.55199E-1 6.35258E-2 3.17015E-2 1.05632E-2 3.15055E-3 4.54209E-4 1.51484E-5 1.71828E-6 1.55427E-6 2.2271E-6 5.23169E-6 2.30064E-5 7.29811E-5 8.92478E-5 3.13565E-5 1.53095E-5 1.45373E-5 9.77716E-6 6.54759E-6 4.50644E-6 2.15112E-6 7.41123E-7 2.98853E-6 3.21161E-5 3.06507E-4 5.43385E-4 7.55482E-4 1.32672E-3 2.68885E-3 4.67037E-3 6.45161E-3 1.30237E-2 2.08132E-2 1.59581E-2 -9999 -9999 -9999 -9999 -9999 -9999 -9999 -9999 -9999 -9999 -9999 -9999 -9999 -9999 -9999 -9999 -9999 -9999 -9999 -9999 -9999 -9999 -9999
4.05389E-2 3.16458E-2 4.72541E-2 1.85263E-1 2.56439E-1 3.12941E-1 3.20974E-1 2.71094E-1 1.63302E-1 7.2008E-2 7.29565E-2 4.2416E-2 1.62817E-2 6.14394E-3 1.00132E-3 1.16447E-4 2.78589E-5 1.2491E-5 1.47566E-5 3.04931E-5 4.33437E-5 5.33081E-5 2.61494E-5 1.60745E-5 8.86632E-6 6.1792E-6 4.61751E-6 3.72912E-6 8.07908E-7 7.67924E-7 5.37373E-6 4.28898E-5 1.34121E-3 1.33643E-3 1.2938E-3 1.70948E-3 4.78191E-3 1.10401E-2 2.3079E-2 4.12386E-2 3.41652E-2 -9999 -9999 -9999 -9999 -9999 -9999 -9999 -9999 -9999 -9999 -9999 -9999 -9999 -9999 -9999 -9999 -9999 -9999 -9999 -9999 -9999 -9999 -9999 -9999
1.34737E-2 2.11496E-2 5.10197E-2 1.51351E-1 2.31654E-1 3.38982E-1 3.56076E-1 3.01964E-1 2.03023E-1 1.42732E-1 1.29463E-1 1.17363E-1 7.64111E-2 6.43862E-2 4.79561E-2 1.61817E-2 1.14136E-3 1.07409E-4 3.22734E-5 4.12146E-5 4.23011E-5 4.01199E-5 2.38808E-5 8.65433E-6 3.2146E-6 3.85876E-6 8.0618E-6 6.17594E-6 5.73959E-6 1.09538E-5 3.00277E-5 7.09733E-4 7.99616E-3 8.41166E-3 4.16739E-3 3.96993E-3 9.60225E-3 1.88116E-2 3.80527E-2 5.14077E-2 -9999 -9999 -9999 -9999 -9999 -9999 -9999 -9999 -9999 -9999 -9999 -9999 -9999 -9999 -9999 -9999 -9999 -9999 -9999 -9999 -9999 -9999 -9999 -9999 -9999
7.12993E-3 1.94213E-2 6.60337E-2 1.52265E-1 2.64893E-1 4.24447E-1 4.42256E-1 3.69437E-1 2.76228E-1 2.21524E-1 1.73818E-1 1.39714E-1 1.32185E-1 2.24541E-1 3.1452E-1 3.11924E-1 1.80772E-2 4.14401E-4 5.81019E-5 4.12944E-5 4.08937E-5 3.40224E-5 2.04634E-5 4.72872E-6 8.72157E-7 1.9914E-6 1.17242E-5 2.63893E-5 5.26503E-5 8.5565E-5 1.71826E-4 2.0542E-3 1.83522E-2 2.64513E-2 1.98693E-2 2.78256E-2 3.99508E-2 4.13487E-2 4.7052E-2 -9999 -9999 -9999 -9999 -9999 -9999 -9999 -9999 -9999 -9999 -9999 -9999 -9999 -9999 -9999 -9999 -9999 -9999 -9999 -9999 -9999 -9999 -9999 -9999 -9999 -9999
5.3708E-3 2.44694E-2 7.9045E-2 1.538E-1 2.81291E-1 4.48959E-1 4.72394E-1 4.24592E-1 3.5074E-1 2.96851E-1 1.84834E-1 1.10886E-1 1.36564E-1 3.08211E-1 4.57958E-1 4.11063E-1 1.64364E-2 6.83386E-4 1.19696E-4 6.57873E-5 5.45152E-5 3.55377E-5 1.95586E-5 5.28064E-6 1.51644E-6 4.81589E-6 3.92662E-5 1.22198E-4 1.95189E-4 3.09288E-4 4.6906E-4 3.95082E-3 2.83934E-2 4.65615E-2 5.23974E-2 8.42762E-2 1.28112E-1 8.11656E-2 -9999 -9999 -9999 -9999 -9999 -9999 -9999 -9999 -9999 -9999 -9999 -9999 -9999 -9999 -9999 -9999 -9999 -9999 -9999 -9999 -9999 -9999 -9999 -9999 -9999 -9999 -9999
2.19994E-2 5.30361E-2 6.02299E-2 1.12784E-1 2.66163E-1 4.16385E-1 4.4671E-1 4.08394E-1 3.33636E-1 2.95215E-1 1.97559E-1 8.67355E-2 7.07822E-2 1.88467E-1 2.23082E-1 1.79751E-1 2.93538E-2 2.10654E-3 4.22712E-4 1.93277E-4 9.36592E-5 5.25773E-5 3.14517E-5 1.65875E-5 2.54292E-5 4.7615E-5 1.91089E-4 4.01572E-4 4.22671E-4 7.77664E-4 1.92603E-3 8.71658E-3 3.97543E-2 5.63051E-2 6.98E-2 9.68002E-2 1.32811E-1 -9999 -9999 -9999 -9999 -9999 -9999 -9999 -9999 -9999 -9999 -9999 -9999 -9999 -9999 -9999 -9999 -9999 -9999 -9999 -9999 -9999 -9999 -9999 -9999 -9999 -9999 -9999 -9999
1.43505E-1 1.39351E-1 1.04514E-1 1.54105E-1 2.46163E-1 2.41462E-1 3.19772E-1 3.78703E-1 3.04655E-1 2.51226E-1 1.78995E-1 7.02876E-2 3.54455E-2 6.53388E-2 8.77757E-2 8.77951E-2 3.22284E-2 7.28206E-3 1.5243E-3 5.96566E-4 2.53537E-4 1.17468E-4 8.01308E-5 8.35175E-5 1.62852E-4 3.05604E-4 6.82345E-4 1.33279E-3 1.0039E-3 1.52501E-3 2.88194E-3 1.34948E-2 5.81989E-2 1.27917E-1 9.57834E-2 -9999 -9999 -9999 -9999 -9999 -9999 -9999 -9999 -9999 -9999 -9999 -9999 -9999 -9999 -9999 -9999 -9999 -9999 -9999 -9999 -9999 -9999 -9999 -9999 -9999 -9999 -9999 -9999 -9999 -9999
2.17306E-1 2.37861E-1 2.57596E-1 3.00877E-1 3.55638E-1 3.61283E-1 4.26295E-1 4.92386E-1 4.5522E-1 3.05555E-1 2.14153E-1 1.0212E-1 5.41978E-2 5.25555E-2 4.77233E-2 5.63291E-2 4.68303E-2 2.53844E-2 8.71779E-3 2.84362E-3 7.64511E-4 3.14848E-4 2.54007E-4 3.41713E-4 4.40014E-4 6.09166E-4 1.08828E-3 1.01618E-3 1.776E-3 6.06524E-3 2.09528E-2 4.69389E-2 9.68002E-2 1.42526E-1 -9999 -9999 -9999 -9999 -9999 -9999 -9999 -9999 -9999 -9999 -9999 -9999 -9999 -9999 -9999 -9999 -9999 -9999 -9999 -9999 -9999 -9999 -9999 -9999 -9999 -9999 -9999 -9999 -9999 -9999 -9999
2.21741E-1 2.62263E-1 3.28653E-1 4.06675E-1 4.72656E-1 5.04731E-1 5.60758E-1 6.03797E-1 5.91889E-1 4.91403E-1 3.4074E-1 2.03449E-1 1.13951E-1 7.51496E-2 5.09913E-2 5.69967E-2 7.64111E-2 6.97402E-2 5.61812E-2 9.5875E-3 1.98224E-3 7.38321E-4 5.89673E-4 6.88749E-4 8.43781E-4 9.91045E-4 9.74389E-4 2.07121E-3 1.02319E-2 3.49692E-2 1.13001E-1 1.22352E-1 1.23058E-1 -9999 -9999 -9999 -9999 -9999 -9999 -9999 -9999 -9999 -9999 -9999 -9999 -9999 -9999 -9999 -9999 -9999 -9999 -9999 -9999 -9999 -9999 -9999 -9999 -9999 -9999 -9999 -9999 -9999 -9999 -9999 -9999
2.25416E-1 3.22427E-1 3.74609E-1 4.9004E-1 5.58177E-1 5.72493E-1 5.75287E-1 6.39548E-1 6.62391E-1 6.07311E-1 4.56316E-1 3.18219E-1 2.26649E-1 1.34509E-1 7.76443E-2 6.73714E-2 8.11628E-2 6.23524E-2 3.10426E-2 8.9566E-3 2.217E-3 1.26045E-3 1.27803E-3 1.84954E-3 2.66157E-3 3.46961E-3 4.2871E-3 1.18608E-2 3.66441E-2 8.57513E-2 1.44852E-1 1.58984E-1 -9999 -9999 -9999 -9999 -9999 -9999 -9999 -9999 -9999 -9999 -9999 -9999 -9999 -9999 -9999 -9999 -9999 -9999 -9999 -9999 -9999 -9999 -9999 -9999 -9999 -9999 -9999 -9999 -9999 -9999 -9999 -9999 -9999
2.33878E-1 5.27809E-1 5.42406E-1 5.66221E-1 6.13896E-1 6.14154E-1 5.582E-1 6.42077E-1 6.71838E-1 6.23318E-1 4.87514E-1 3.87978E-1 3.59277E-1 2.27503E-1 9.86441E-2 7.68454E-2 5.82566E-2 4.79144E-2 1.91515E-2 6.70774E-3 1.50475E-3 1.07323E-3 2.12947E-3 7.92693E-3 9.69058E-3 1.24621E-2 2.02543E-2 4.46025E-2 6.52766E-2 8.67355E-2 -9999 -9999 -9999 -9999 -9999 -9999 -9999 -9999 -9999 -9999 -9999 -9999 -9999 -9999 -9999 -9999 -9999 -9999 -9999 -9999 -9999 -9999 -9999 -9999 -9999 -9999 -9999 -9999 -9999 -9999 -9999 -9999 -9999 -9999 -9999
3.1215E-1 5.19487E-1 5.67663E-1 5.86324E-1 6.19812E-1 6.28309E-1 6.31853E-1 6.40662E-1 6.21244E-1 5.72693E-1 4.66308E-1 4.29126E-1 4.07324E-1 2.65568E-1 1.1668E-1 9.5429E-2 7.48818E-2 8.18483E-2 6.61536E-2 1.81772E-2 5.6247E-3 2.65301E-3 3.12341E-3 1.83785E-2 2.07187E-2 2.67393E-2 6.38654E-2 7.29066E-2 -9999 -9999 -9999 -9999 -9999 -9999 -9999 -9999 -9999 -9999 -9999 -9999 -9999 -9999 -9999 -9999 -9999 -9999 -9999 -9999 -9999 -9999 -9999 -9999 -9999 -9999 -9999 -9999 -9999 -9999 -9999 -9999 -9999 -9999 -9999 -9999 -9999
3.7418E-1 4.68133E-1 5.612E-1 6.01681E-1 6.30927E-1 6.52669E-1 6.63132E-1 6.56039E-1 6.24808E-1 5.91789E-1 5.57611E-1 5.16505E-1 4.68397E-1 3.30365E-1 1.83518E-1 1.62986E-1 1.16027E-1 1.24782E-1 1.49938E-1 7.38619E-2 3.2371E-2 2.06102E-2 1.99497E-2 2.96767E-2 3.04489E-2 2.06102E-2 2.86245E-2 8.08162E-2 -9999 -9999 -9999 -9999 -9999 -9999 -9999 -9999 -9999 -9999 -9999 -9999 -9999 -9999 -9999 -9999 -9999 -9999 -9999 -9999 -9999 -9999 -9999 -9999 -9999 -9999 -9999 -9999 -9999 -9999 -9999 -9999 -9999 -9999 -9999 -9999 -9999
4.11767E-1 4.48532E-1 5.64655E-1 6.18429E-1 6.47113E-1 6.67969E-1 6.81695E-1 6.77148E-1 6.61978E-1 6.40377E-1 6.16479E-1 5.86354E-1 5.54543E-1 5.06325E-1 3.76614E-1 2.12495E-1 1.24196E-1 1.07901E-1 1.29463E-1 1.4776E-1 1.13046E-1 6.88249E-2 5.0755E-2 1.77811E-2 1.50422E-2 1.26829E-2 5.02778E-2 6.61536E-2 -9999 -9999 -9999 -9999 -9999 -9999 -9999 -9999 -9999 -9999 -9999 -9999 -9999 -9999 -9999 -9999 -9999 -9999 -9999 -9999 -9999 -9999 -9999 -9999 -9999 -9999 -9999 -9999 -9999 -9999 -9999 -9999 -9999 -9999 -9999 -9999 -9999
5.13926E-1 5.26645E-1 5.90199E-1 6.3726E-1 6.48329E-1 6.62988E-1 6.80478E-1 6.83095E-1 6.74538E-1 6.64663E-1 6.46252E-1 6.14379E-1 5.841E-1 5.63386E-1 5.09767E-1 2.8216E-1 1.08698E-1 7.02776E-2 1.07226E-1 2.13312E-1 2.26056E-1 8.53661E-2 5.19731E-2 1.02902E-2 4.74891E-3 6.52403E-3 2.11797E-2 -9999 -9999 -9999 -9999 -9999 -9999 -9999 -9999 -9999 -9999 -9999 -9999 -9999 -9999 -9999 -9999 -9999 -9999 -9999 -9999 -9999 -9999 -9999 -9999 -9999 -9999 -9999 -9999 -9999 -9999 -9999 -9999 -9999 -9999 -9999 -9999 -9999 -9999
5.9332E-1 6.05247E-1 6.14799E-1 6.3488E-1 6.44706E-1 6.31336E-1 6.37068E-1 6.66371E-1 6.75613E-1 6.69316E-1 6.46372E-1 6.09912E-1 5.65678E-1 4.86819E-1 3.76366E-1 3.07171E-1 1.47007E-1 4.45133E-2 6.21889E-2 1.22445E-1 1.71067E-1 1.00909E-1 4.25445E-2 7.41588E-3 5.02594E-3 5.94782E-3 -9999 -9999 -9999 -9999 -9999 -9999 -9999 -9999 -9999 -9999 -9999 -9999 -9999 -9999 -9999 -9999 -9999 -9999 -9999 -9999 -9999 -9999 -9999 -9999 -9999 -9999 -9999 -9999 -9999 -9999 -9999 -9999 -9999 -9999 -9999 -9999 -9999 -9999 -9999
6.34308E-1 6.22361E-1 6.11431E-1 6.1354E-1 6.01449E-1 5.53554E-1 6.17265E-1 6.64007E-1 6.7081E-1 6.57206E-1 6.37861E-1 5.8878E-1 5.39079E-1 4.62743E-1 3.73933E-1 3.30131E-1 2.08748E-1 5.3451E-2 6.20287E-2 7.13321E-2 7.29066E-2 7.97938E-2 -9999 4.34085E-3 -9999 -9999 -9999 -9999 -9999 -9999 -9999 -9999 -9999 -9999 -9999 -9999 -9999 -9999 -9999 -9999 -9999 -9999 -9999 -9999 -9999 -9999 -9999 -9999 -9999 -9999 -9999 -9999 -9999 -9999 -9999 -9999 -9999 -9999 -9999 -9999 -9999 -9999 -9999 -9999 -9999
