KUENM/Final_Models/M_0.1_F_lq_Set_2_EC/sp1_9_se_asia.asc
ncols         320
nrows         243
xllcorner     44.0
yllcorner     -0.666666666666667
cellsize      0.166666666666667
NODATA_value  -9999
[rows 93 to 123 of 243, columns 210 to 279 of 320]
1.47679E-2 3.71176E-3 4.03484E-3 2.15113E-2 5.50597E-2 7.32954E-2 7.95528E-2 8.47021E-2 7.16665E-2 5.86949E-2 8.26412E-2 6.32941E-2 3.95477E-2 2.98671E-2 3.24811E-2 4.1358E-2 4.9199E-2 7.44028E-2 1.19033E-1 1.70022E-1 1.61411E-1 1.3444E-1 1.31778E-1 1.22737E-1 1.16236E-1 1.15322E-1 9.11771E-2 9.2343E-2 9.85822E-2 9.33175E-2 4.60827E-2 2.6953E-2 3.52077E-2 4.60827E-2 4.56697E-2 3.11331E-2 4.9199E-2 6.67627E-2 6.27581E-2 8.36127E-2 9.98137E-2 9.12848E-2 5.72574E-2 3.64146E-2 2.24076E-2 1.648E-2 1.46713E-2 1.04036E-2 7.2286E-3 1.16167E-3 1.06056E-4 5.77455E-5 1.82967E-4 3.70296E-4 6.8624E-4 8.64755E-4 5.08746E-4 1.6707E-4 4.20331E-5 4.68338E-6 6.98565E-7 3.78031E-7 1.71493E-7 3.37156E-8 3.35748E-9 2.95568E-10 1.73872E-11 8.50654E-13 5.09556E-14 5.51775E-15
1.24127E-2 6.50172E-3 1.26933E-2 2.8174E-2 5.15451E-2 4.36425E-2 6.59467E-2 8.76803E-2 7.71533E-2 5.46068E-2 5.59097E-2 4.9658E-2 4.33913E-2 4.25083E-2 5.06299E-2 4.63567E-2 4.3715E-2 6.17224E-2 7.52952E-2 9.34054E-2 1.04495E-1 1.15264E-1 1.05082E-1 8.76605E-2 6.66875E-2 6.67939E-2 5.36084E-2 4.76134E-2 5.03224E-2 5.673E-2 6.53408E-2 7.92533E-2 5.26742E-2 3.70077E-2 2.08354E-2 1.71393E-2 1.76492E-2 1.15417E-2 9.17471E-3 1.79203E-2 4.07809E-2 5.2929E-2 2.77598E-2 2.21963E-2 2.25407E-2 1.37936E-2 1.14055E-2 7.46035E-3 4.24727E-3 1.59289E-3 6.23816E-4 4.56554E-4 3.73264E-4 2.03938E-4 2.86057E-4 7.28301E-4 5.59608E-4 1.66924E-4 3.23838E-5 3.51402E-6 4.56396E-7 7.40155E-7 3.31525E-7 4.34239E-8 4.24852E-9 3.28944E-10 2.83841E-11 2.19047E-12 2.71574E-13 5.8687E-14
2.57654E-2 2.32288E-2 9.88243E-3 2.8909E-2 4.9658E-2 3.755E-2 4.25542E-2 5.38972E-2 5.03896E-2 4.45216E-2 3.59811E-2 3.25714E-2 3.54766E-2 4.45216E-2 5.24069E-2 4.47049E-2 3.32466E-2 3.32095E-2 3.13133E-2 5.12087E-2 4.26738E-2 6.62882E-2 5.62108E-2 3.9761E-2 3.09849E-2 2.92493E-2 2.28455E-2 2.1525E-2 2.08896E-2 3.08224E-2 6.4654E-2 8.30807E-2 3.45319E-2 2.21292E-2 1.53646E-2 1.70735E-2 1.90788E-2 7.39891E-3 4.80658E-3 7.91378E-3 2.11881E-2 2.46282E-2 1.07507E-2 8.05147E-3 1.33318E-2 1.23357E-2 9.67459E-3 5.31096E-3 3.40604E-3 2.29824E-3 1.79401E-3 1.65666E-3 1.12768E-3 3.21926E-4 2.75394E-4 5.40362E-4 4.54487E-4 1.8466E-4 4.29728E-5 7.15808E-6 2.08E-6 1.44439E-6 4.07714E-7 3.95011E-8 2.83549E-9 2.75182E-10 3.10672E-11 3.11951E-12 6.2039E-13 2.79011E-13
2.78283E-2 2.46838E-2 7.62915E-3 3.55422E-2 3.2107E-2 1.87711E-2 1.53781E-2 2.10848E-2 2.03595E-2 1.69107E-2 1.37598E-2 1.21655E-2 2.10848E-2 3.7759E-2 3.76353E-2 3.41396E-2 2.52931E-2 1.87552E-2 1.69185E-2 1.89034E-2 1.44196E-2 1.56773E-2 2.30777E-2 1.82043E-2 1.44345E-2 1.1554E-2 9.17471E-3 1.09878E-2 1.03101E-2 1.52971E-2 1.94449E-2 1.34052E-2 1.54726E-2 1.95386E-2 1.39884E-2 1.55871E-2 1.52299E-2 1.31092E-2 1.53955E-2 1.61443E-2 1.27074E-2 1.44341E-2 1.26727E-2 2.34985E-2 1.53244E-2 1.35467E-2 1.13495E-2 3.59794E-3 3.40014E-3 3.69096E-3 2.77589E-3 3.62226E-3 3.83196E-3 1.20724E-3 7.17905E-4 7.02872E-4 5.06514E-4 2.18329E-4 6.40701E-5 1.49067E-5 3.8138E-6 1.20454E-6 2.6128E-7 2.26383E-8 1.67274E-9 1.95949E-10 4.3473E-11 6.62379E-12 2.07977E-12 6.96404E-13
1.18818E-2 1.30856E-2 1.56787E-2 2.00324E-2 1.34052E-2 1.22851E-2 1.04219E-2 8.44221E-3 5.48623E-3 4.78717E-3 3.61544E-3 4.87346E-3 1.36878E-2 3.39146E-2 3.5154E-2 2.49551E-2 1.58488E-2 9.66058E-3 5.65891E-3 5.11715E-3 4.54417E-3 3.82551E-3 6.91419E-3 5.62546E-3 4.64213E-3 3.67647E-3 2.92923E-3 3.03693E-3 4.10022E-3 3.07666E-3 2.14496E-3 1.13478E-3 1.41542E-3 5.56521E-3 9.59054E-3 6.53109E-3 3.81616E-3 3.41081E-3 2.66089E-3 2.50132E-3 1.76044E-3 2.80759E-3 7.25204E-3 1.22612E-2 1.7505E-2 2.11707E-2 1.94635E-2 8.93503E-3 6.66547E-3 8.93503E-3 2.56993E-3 1.77063E-3 1.99394E-3 1.7015E-3 1.36398E-3 1.20724E-3 7.17905E-4 3.19757E-4 1.03289E-4 2.24443E-5 5.00117E-6 9.86649E-7 1.74282E-7 1.69411E-8 1.03213E-9 2.1828E-10 8.76999E-11 2.85217E-11 5.93095E-12 -9999
1.05502E-2 1.44274E-2 1.70419E-2 1.20321E-2 8.83231E-3 7.2348E-3 4.70177E-3 3.17665E-3 1.7119E-3 1.18803E-3 8.61189E-4 3.17459E-3 1.2567E-2 3.41396E-2 4.19067E-2 2.45587E-2 1.29284E-2 8.17195E-3 6.10219E-3 3.13186E-3 2.3056E-3 1.86176E-3 2.7857E-3 2.45381E-3 1.95619E-3 1.3913E-3 1.05943E-3 8.40499E-4 1.20805E-3 8.20754E-4 1.35512E-3 7.84284E-4 9.13795E-4 4.11838E-3 7.26409E-3 1.95399E-3 7.37673E-4 6.15828E-4 2.71367E-4 6.05833E-4 1.83472E-3 2.88026E-3 3.59212E-3 4.63099E-3 6.51175E-3 1.55486E-2 2.627E-2 1.50499E-2 9.62554E-3 4.95417E-2 5.98637E-3 2.11511E-3 1.91676E-3 1.7015E-3 2.0336E-3 2.52069E-3 1.47877E-3 6.73686E-4 1.90447E-4 2.6118E-5 3.98044E-6 7.96715E-7 1.40931E-7 2.05583E-8 2.83549E-9 7.67107E-10 2.79438E-10 7.22712E-11 6.85976E-12 -9999
1.21521E-2 1.36575E-2 1.81649E-2 2.13622E-2 1.35391E-2 3.02696E-3 1.73014E-3 7.8956E-4 3.32002E-4 2.12728E-4 2.66212E-4 6.58067E-4 3.79928E-3 1.41368E-2 2.9672E-2 1.8373E-2 1.00905E-2 6.89758E-3 6.66511E-3 5.78219E-3 2.45381E-3 1.26989E-3 1.23619E-3 1.21189E-3 7.73617E-4 4.35177E-4 3.22096E-4 3.31299E-4 4.72153E-4 6.87207E-4 8.77547E-4 7.85863E-4 5.37608E-4 1.0391E-3 1.53465E-3 5.44475E-4 1.79096E-4 2.53335E-4 2.69031E-4 3.58478E-3 8.13977E-3 2.98257E-3 1.2327E-3 2.19007E-3 3.35902E-3 8.93503E-3 2.43396E-2 3.06524E-2 1.10796E-2 3.15735E-2 2.47157E-2 9.14082E-3 3.48836E-3 1.77063E-3 1.77063E-3 4.69947E-3 5.15013E-3 2.88447E-3 2.39013E-4 1.65237E-5 1.94431E-6 4.86275E-7 1.38647E-7 2.96884E-8 6.65506E-9 2.04927E-9 8.47189E-10 1.5013E-10 5.81551E-12 5.15711E-14
2.78631E-2 2.64523E-2 3.40501E-2 2.63248E-2 1.16975E-2 4.49812E-3 1.64664E-3 4.05284E-4 7.46537E-5 6.99379E-5 1.50901E-4 3.94856E-4 6.05917E-4 2.13942E-3 4.35571E-3 4.48103E-3 5.51808E-3 5.32646E-3 7.04336E-3 9.41099E-3 3.99397E-3 1.71417E-3 8.86259E-4 6.19396E-4 3.3421E-4 1.39467E-4 8.99289E-5 1.00233E-4 1.56841E-4 2.61475E-4 3.61414E-4 3.08915E-4 2.17284E-4 1.40655E-4 2.25704E-4 3.23994E-4 3.6872E-4 5.0076E-4 9.61536E-4 5.34006E-3 5.86687E-3 2.157E-3 1.10476E-3 1.90879E-3 5.15013E-3 7.54533E-3 1.56335E-2 2.48197E-2 1.16552E-2 1.51965E-2 3.76015E-2 2.33388E-2 1.06646E-2 3.29601E-3 8.31868E-4 9.42792E-4 2.24307E-3 4.25727E-4 3.86422E-5 5.1917E-6 1.05694E-6 3.07206E-7 1.1692E-7 3.20898E-8 6.74971E-9 1.81264E-9 6.26225E-10 8.57436E-11 1.7067E-12 -9999
4.11535E-2 4.33792E-2 4.18762E-2 2.98154E-2 1.27095E-2 5.81722E-3 1.26989E-3 2.3983E-4 6.28241E-5 7.87845E-5 1.32032E-4 3.97788E-4 1.08512E-3 1.90099E-3 1.34386E-3 2.85986E-4 5.67407E-4 1.55305E-3 5.75279E-3 1.44411E-2 6.52634E-3 2.23001E-3 7.45778E-4 3.30694E-4 1.57406E-4 6.99449E-5 3.59714E-5 3.30339E-5 4.08554E-5 6.28241E-5 1.12465E-4 9.20044E-5 3.46694E-5 1.72882E-5 4.83654E-5 2.43398E-4 6.96798E-4 7.23696E-4 9.42178E-4 1.50605E-3 1.13523E-3 9.65658E-4 9.42792E-4 1.59289E-3 3.77607E-3 4.52951E-3 8.09389E-3 9.20798E-3 6.59589E-3 9.20798E-3 1.76325E-2 1.99651E-2 1.87391E-2 3.85315E-3 3.29149E-4 1.67082E-4 5.21078E-4 4.37184E-5 8.53782E-6 2.95769E-6 7.35145E-7 2.30538E-7 9.24925E-8 2.31404E-8 3.09597E-9 3.81834E-10 6.00927E-11 5.05127E-12 5.70767E-14 -9999
2.98671E-2 3.0383E-2 4.47049E-2 3.65856E-2 1.71176E-2 5.50786E-3 1.18803E-3 2.8746E-4 1.07304E-4 1.10987E-4 1.86627E-4 3.73564E-4 8.96797E-4 1.36446E-3 2.12302E-3 6.666E-4 1.73895E-4 5.23922E-4 3.08084E-3 9.58793E-3 4.90161E-3 1.62639E-3 5.72928E-4 2.31085E-4 8.9422E-5 5.41661E-5 3.04509E-5 2.43748E-5 3.59072E-5 4.25145E-5 9.53003E-5 1.12048E-4 5.25496E-5 1.99593E-5 4.18385E-5 3.78326E-4 1.30759E-3 1.39056E-3 7.41589E-4 1.00634E-3 1.44926E-3 2.04486E-3 2.53464E-3 3.71137E-3 4.28506E-3 3.03994E-3 3.11344E-3 3.4675E-3 2.81189E-3 3.40256E-3 5.61024E-3 6.59589E-3 3.58977E-3 3.30975E-4 9.80645E-6 7.10625E-7 9.30373E-6 1.36751E-5 5.28179E-6 2.1987E-6 3.67664E-7 1.0033E-7 3.43063E-8 6.32747E-9 4.04487E-10 1.90608E-11 9.77516E-13 6.28751E-14 -9999 4.01296E-19
1.71393E-2 2.27701E-2 3.19465E-2 4.04693E-2 1.68145E-2 4.69949E-3 1.02362E-3 2.06591E-4 1.11171E-4 8.22102E-5 1.66908E-4 4.90041E-4 1.47474E-3 1.49832E-3 1.02249E-3 7.22594E-4 9.66691E-4 1.75562E-3 2.27902E-3 1.82763E-3 1.33407E-3 3.71163E-4 2.5054E-4 1.5322E-4 1.52942E-4 1.09282E-4 7.38693E-5 7.21376E-5 1.15354E-4 3.09767E-4 8.33484E-4 5.47221E-4 1.38455E-4 5.67932E-5 1.18338E-4 7.06958E-4 1.3813E-3 1.35377E-3 1.12797E-3 9.65658E-4 2.16737E-3 3.83196E-3 6.24093E-3 1.01829E-2 5.24485E-3 3.50766E-3 2.12683E-3 2.02356E-3 1.35397E-3 9.37127E-4 1.50075E-3 2.14653E-3 5.27852E-4 1.93442E-5 7.10625E-7 7.02069E-8 1.60041E-7 1.57106E-6 1.66205E-6 7.47902E-7 1.37434E-7 2.68283E-8 4.72929E-9 4.19101E-10 1.53396E-11 2.39646E-13 1.9465E-15 1.2698E-17 8.26888E-20 -9999
1.09705E-2 2.44877E-2 2.99336E-2 2.72107E-2 1.35391E-2 3.51218E-3 6.07637E-4 1.56738E-4 7.12939E-5 6.27511E-5 1.55061E-4 6.13725E-4 1.61803E-3 4.01922E-3 5.90586E-3 6.88106E-3 3.78373E-3 2.75145E-3 3.50018E-3 1.80719E-3 5.37062E-4 8.11712E-5 1.15172E-4 1.62618E-4 2.11213E-4 2.09789E-4 1.50428E-4 1.2395E-4 2.5209E-4 5.54118E-4 8.63061E-4 5.08827E-4 2.37802E-4 1.54157E-4 2.0761E-4 4.41167E-4 5.91278E-4 8.03756E-4 1.08702E-3 8.69254E-4 1.30264E-3 1.74475E-3 2.50923E-3 2.10029E-3 3.01009E-3 3.0265E-3 2.22819E-3 1.52843E-3 6.41431E-4 1.69569E-4 4.25592E-4 1.49798E-3 1.84972E-4 -9999 5.9212E-6 1.96655E-6 5.92911E-7 7.47902E-7 5.5931E-7 2.16562E-7 4.35647E-8 5.58964E-9 4.54059E-10 1.92609E-11 3.09535E-13 1.42759E-15 1.78278E-18 2.96668E-22 3.98904E-25 2.53977E-26
2.42763E-2 3.59011E-2 2.15136E-2 8.44221E-3 5.39991E-3 1.56708E-3 2.16651E-4 9.67263E-5 4.86554E-5 4.87677E-5 1.99971E-4 8.01074E-4 2.68706E-3 1.77554E-2 2.4332E-2 1.75583E-2 1.06316E-2 6.70284E-3 3.85315E-3 2.01362E-3 7.81099E-4 3.56318E-4 2.49325E-4 2.06461E-4 2.55479E-4 2.65348E-4 2.03938E-4 1.27095E-4 2.0432E-4 4.18351E-4 4.85066E-4 2.84543E-4 1.43318E-4 8.67141E-5 8.2675E-5 1.15172E-4 1.87337E-4 3.19741E-4 5.37497E-4 5.14974E-4 4.24456E-4 4.60882E-4 7.9444E-4 6.71217E-4 5.57044E-4 1.08127E-3 9.37127E-4 5.17536E-4 3.12508E-4 1.28367E-4 3.56979E-4 5.0553E-4 1.01286E-4 1.93442E-5 7.16035E-5 4.82308E-5 4.87117E-6 1.05597E-6 3.01059E-7 7.65549E-8 1.19489E-8 1.05386E-9 4.96419E-11 1.04015E-12 7.97371E-15 1.16723E-17 4.33399E-21 1.92661E-25 1.97702E-28 1.83681E-29
4.67333E-2 4.20059E-2 1.31912E-2 2.5847E-3 3.11988E-3 1.02504E-3 9.10676E-5 5.16509E-5 4.57595E-5 4.63628E-5 3.27533E-4 1.82332E-3 7.03263E-3 4.52649E-2 5.20034E-2 3.31686E-2 1.95694E-2 1.1303E-2 5.41025E-3 3.47391E-3 2.10611E-3 8.80337E-4 3.12517E-4 2.5564E-4 2.33429E-4 1.69675E-4 5.70558E-5 4.37184E-5 8.82048E-5 2.4197E-4 2.40635E-4 1.22729E-4 5.5009E-5 3.35663E-5 2.42908E-5 2.5704E-5 7.13942E-5 1.822E-4 3.50755E-4 4.52822E-4 3.64496E-4 2.24134E-4 2.4992E-4 1.59607E-4 1.39452E-4 1.00975E-4 4.91896E-5 5.81724E-5 1.47339E-4 2.49788E-4 2.44216E-4 1.47339E-4 6.89122E-5 7.73772E-5 1.29473E-4 4.06013E-5 6.20505E-6 9.69095E-7 1.90423E-7 3.04848E-8 3.49434E-9 2.1446E-10 6.5998E-12 -9999 3.39937E-16 3.72628E-19 1.25984E-22 2.39649E-26 2.65486E-29 -9999
5.80973E-2 5.54879E-2 2.27006E-2 6.3569E-3 4.44932E-3 1.76044E-3 1.30588E-4 3.03914E-5 6.75641E-5 1.70306E-4 1.13874E-3 5.50786E-3 2.29949E-2 7.75351E-2 7.66839E-2 4.33269E-2 2.72733E-2 1.82505E-2 1.05876E-2 7.22232E-3 5.313E-3 2.75011E-3 1.03005E-3 7.69157E-4 5.58997E-4 8.72049E-5 5.82191E-6 7.64127E-6 1.69245E-5 4.45874E-5 6.727E-5 3.35174E-5 1.83079E-5 1.78073E-5 8.87866E-6 4.54689E-6 3.50261E-5 1.66908E-4 3.57102E-4 5.97569E-4 4.82377E-4 2.4491E-4 1.12308E-4 3.3469E-5 1.51176E-5 1.05044E-5 1.89648E-6 5.10399E-6 2.92221E-5 7.62454E-5 6.58678E-5 2.10373E-5 5.08829E-6 5.7964E-6 6.37328E-6 4.25409E-6 1.80813E-6 5.88194E-7 9.14601E-8 1.60202E-8 1.25335E-9 6.14362E-11 1.43086E-12 7.31201E-15 4.10675E-17 -9999 9.23798E-24 1.13677E-26 1.05504E-29 -9999
6.87979E-2 7.49168E-2 6.9034E-2 4.68699E-2 2.46052E-2 6.17139E-3 2.4749E-4 1.82781E-5 5.02229E-5 2.66529E-4 2.25961E-3 1.1992E-2 3.20828E-2 7.85966E-2 6.48533E-2 3.66437E-2 2.90346E-2 2.53393E-2 1.45389E-2 9.20849E-3 1.0711E-2 9.30093E-3 4.96603E-3 3.11387E-3 2.19995E-3 2.46159E-4 1.83816E-5 7.83278E-6 6.86935E-6 7.64127E-6 8.91308E-6 8.15279E-6 6.66949E-6 8.44795E-6 6.04908E-6 2.49829E-6 2.94329E-5 2.03579E-4 6.19396E-4 1.12854E-3 6.49906E-4 2.61328E-4 9.34998E-5 1.71168E-5 8.3117E-6 3.81527E-6 1.20934E-6 2.00564E-6 8.7237E-6 2.21762E-5 2.51245E-5 7.42705E-6 4.24076E-7 -9999 6.15505E-8 3.56938E-7 5.5486E-7 2.98663E-7 5.91805E-8 8.32415E-9 -9999 2.80845E-11 5.69225E-13 1.96693E-15 -9999 -9999 -9999 -9999 -9999 -9999
1.14375E-1 1.01171E-1 8.30165E-2 6.62742E-2 5.25172E-2 9.86406E-3 6.98371E-4 3.48098E-5 2.48755E-6 6.19165E-5 2.19331E-3 1.62182E-2 4.17326E-2 5.39489E-2 4.05003E-2 2.34515E-2 1.91435E-2 1.528E-2 8.16866E-3 6.2515E-3 1.02266E-2 1.05813E-2 5.92316E-3 3.20479E-3 1.75303E-3 5.37744E-4 1.19082E-4 2.63439E-5 6.65548E-6 1.8475E-6 1.73805E-6 3.18246E-6 4.81158E-6 8.37625E-6 1.12382E-5 1.31443E-5 5.70229E-5 3.3204E-4 6.98308E-4 9.10013E-4 7.84791E-4 2.37069E-4 7.85404E-5 2.08437E-5 1.01255E-5 3.30204E-6 1.43116E-6 1.65112E-6 5.11346E-6 1.29021E-5 -9999 -9999 -9999 -9999 -9999 2.81372E-7 -9999 -9999 5.91805E-8 -9999 -9999 -9999 -9999 -9999 -9999 -9999 -9999 -9999 -9999 -9999
1.83139E-1 1.00854E-1 4.03808E-2 3.88084E-2 3.36662E-2 5.52303E-3 9.95506E-4 2.84975E-5 2.18081E-6 5.53958E-5 3.08187E-3 2.84161E-2 5.6905E-2 3.71752E-2 2.30499E-2 1.23247E-2 8.61246E-3 6.49106E-3 3.54021E-3 2.14659E-3 2.92188E-3 3.34492E-3 2.10611E-3 1.22596E-3 9.17845E-4 7.93215E-4 5.39387E-4 9.43421E-5 1.04893E-5 1.28091E-6 9.57467E-7 2.72289E-6 1.03281E-5 1.28114E-5 2.08824E-5 4.35835E-5 1.19661E-4 3.54333E-4 7.41508E-4 7.38777E-4 5.03416E-4 1.66394E-4 6.67537E-5 2.85932E-5 1.00904E-5 4.18154E-6 2.16476E-6 2.0663E-6 -9999 -9999 -9999 -9999 -9999 -9999 -9999 -9999 -9999 -9999 -9999 -9999 -9999 -9999 -9999 -9999 -9999 -9999 -9999 -9999 -9999 -9999
1.01079E-1 5.42335E-2 2.07164E-2 1.29499E-2 6.37612E-3 1.22292E-3 1.8984E-4 1.7992E-5 1.09989E-5 3.35911E-4 4.57207E-3 9.09082E-3 1.31027E-2 1.62672E-2 1.49956E-2 6.73114E-3 4.51254E-3 4.19268E-3 1.90719E-3 7.9125E-4 5.27852E-4 4.95932E-4 5.06481E-4 4.53565E-4 5.28846E-4 8.99447E-4 1.12676E-3 2.33003E-4 3.31189E-5 7.05942E-6 3.96921E-6 7.87705E-6 1.39223E-5 3.10985E-5 6.89122E-5 1.654E-4 3.41747E-4 5.63078E-4 6.4129E-4 5.2791E-4 2.66529E-4 1.16621E-4 5.67749E-5 2.75855E-5 1.25707E-5 6.34015E-6 4.11666E-6 -9999 -9999 -9999 -9999 -9999 -9999 -9999 -9999 -9999 -9999 -9999 -9999 -9999 -9999 -9999 -9999 -9999 -9999 -9999 -9999 -9999 -9999 -9999
5.49644E-2 2.77388E-2 1.04026E-2 4.26101E-3 1.41261E-3 2.33429E-4 4.14864E-5 1.25321E-5 1.41292E-5 2.73539E-4 1.5172E-3 7.88818E-4 1.32268E-3 7.87278E-3 1.70232E-2 1.29496E-2 6.13993E-3 1.83414E-3 5.1786E-4 2.78975E-4 2.12124E-4 1.73516E-4 1.47616E-4 1.90198E-4 3.56338E-4 6.40279E-4 6.77497E-4 2.97438E-4 8.75789E-5 3.31993E-5 2.05461E-5 2.27044E-5 3.98789E-5 9.88211E-5 2.11731E-4 5.28831E-4 9.56841E-4 9.97352E-4 6.35533E-4 2.64774E-4 1.38368E-4 5.81548E-5 3.48744E-5 2.16331E-5 1.36152E-5 8.72918E-6 7.24545E-6 -9999 -9999 -9999 -9999 -9999 -9999 -9999 -9999 -9999 -9999 -9999 -9999 -9999 -9999 -9999 -9999 -9999 -9999 -9999 -9999 -9999 -9999 -9999
3.2197E-2 1.43103E-2 4.85766E-3 1.55955E-3 5.05558E-4 1.54335E-4 3.95083E-5 1.6235E-5 2.22618E-5 1.09142E-4 3.30975E-4 4.12553E-4 1.00886E-3 5.79913E-3 1.81511E-2 1.84989E-2 7.33744E-3 1.10377E-3 3.26112E-4 1.88443E-4 1.7192E-4 1.43958E-4 8.59321E-5 1.28601E-4 2.79501E-4 4.43789E-4 4.82647E-4 3.25136E-4 1.80794E-4 9.86216E-5 6.91287E-5 7.08142E-5 1.03967E-4 2.00696E-4 4.32583E-4 1.17028E-3 2.76517E-3 1.49806E-3 5.06467E-4 1.37671E-4 3.31785E-5 1.9031E-5 1.76232E-5 1.6741E-5 1.32667E-5 1.10602E-5 1.16466E-5 1.36152E-5 -9999 -9999 -9999 -9999 -9999 -9999 -9999 -9999 -9999 -9999 -9999 -9999 -9999 -9999 -9999 -9999 -9999 -9999 -9999 -9999 -9999 -9999
1.57012E-2 5.22655E-3 1.44145E-3 5.63109E-4 3.32431E-4 1.77232E-4 5.83551E-5 1.85158E-5 1.81549E-5 4.59218E-5 1.35652E-4 2.96735E-4 7.5968E-4 2.63456E-3 5.98637E-3 7.28382E-3 5.69526E-3 1.07332E-3 2.55727E-4 1.79009E-4 2.37112E-4 4.10277E-4 4.12553E-4 3.33429E-4 3.81627E-4 4.24827E-4 4.43789E-4 3.86325E-4 2.97438E-4 2.33003E-4 1.90198E-4 2.13307E-4 2.33003E-4 3.31599E-4 5.60618E-4 1.06222E-3 2.41346E-3 1.2505E-3 3.34057E-4 7.09436E-5 1.75905E-5 1.04696E-5 1.32417E-5 1.39732E-5 1.5496E-5 1.47246E-5 1.67406E-5 2.27465E-5 -9999 -9999 -9999 -9999 -9999 -9999 -9999 -9999 -9999 -9999 -9999 -9999 -9999 -9999 -9999 -9999 -9999 -9999 -9999 -9999 -9999 -9999
6.31835E-3 9.97379E-4 1.90198E-4 2.67399E-4 3.40919E-4 3.10996E-4 8.57777E-5 1.16539E-5 6.45213E-6 1.49067E-5 4.4043E-5 1.32594E-4 4.14124E-4 1.04216E-3 1.94681E-3 1.9648E-3 1.51764E-3 9.30046E-4 2.42522E-4 1.48738E-4 1.66858E-4 1.38251E-3 2.48601E-3 1.30006E-3 6.84137E-4 4.74594E-4 4.63544E-4 4.23533E-4 4.16644E-4 4.421E-4 5.19873E-4 6.23354E-4 5.90844E-4 4.50203E-4 3.92681E-4 4.07514E-4 7.45953E-4 6.36191E-4 2.33423E-4 5.17543E-5 1.43137E-5 1.25331E-5 1.54677E-5 1.76237E-5 2.05092E-5 2.33315E-5 2.5831E-5 -9999 -9999 -9999 -9999 -9999 -9999 -9999 -9999 -9999 -9999 -9999 -9999 -9999 -9999 -9999 -9999 -9999 -9999 -9999 -9999 -9999 -9999 -9999
3.57479E-3 5.40373E-4 1.11317E-4 1.77232E-4 2.98892E-4 2.78991E-4 4.14107E-5 2.18623E-6 1.01708E-6 3.27096E-6 1.16067E-5 4.52486E-5 1.6707E-4 3.54284E-4 1.03134E-3 2.31588E-3 5.31855E-3 1.95545E-3 2.37321E-4 9.59515E-5 1.38869E-4 2.00388E-3 4.92322E-3 2.76344E-3 1.04014E-3 5.28846E-4 5.15032E-4 5.76384E-4 6.27772E-4 5.82535E-4 6.66198E-4 9.34224E-4 9.68535E-4 7.84269E-4 4.86997E-4 2.44216E-4 3.11947E-4 3.41542E-4 1.73204E-4 5.65371E-5 1.73671E-5 1.66799E-5 2.31188E-5 2.70183E-5 3.23022E-5 3.85186E-5 -9999 -9999 -9999 -9999 -9999 -9999 -9999 -9999 -9999 -9999 -9999 -9999 -9999 -9999 -9999 -9999 -9999 -9999 -9999 -9999 -9999 -9999 -9999 -9999
4.23001E-3 1.17396E-3 4.54394E-4 3.72412E-4 3.80703E-4 1.4023E-4 1.07483E-5 4.14047E-7 2.88377E-7 8.57058E-7 2.98141E-6 9.32574E-6 2.52037E-5 3.56286E-5 2.26643E-4 1.1512E-3 2.31433E-3 1.1323E-3 1.89112E-4 9.49213E-5 1.822E-4 4.55453E-3 8.45859E-3 5.72343E-3 1.90371E-3 7.4281E-4 7.58654E-4 8.14612E-4 5.73355E-4 7.9988E-4 6.66246E-4 8.96664E-4 1.13026E-3 1.15559E-3 8.03756E-4 5.96081E-4 5.83449E-4 4.6439E-4 2.43777E-4 1.08395E-4 3.72326E-5 2.93851E-5 4.53665E-5 5.15024E-5 5.69532E-5 5.84618E-5 -9999 -9999 -9999 -9999 -9999 -9999 -9999 -9999 -9999 -9999 -9999 -9999 -9999 -9999 -9999 -9999 -9999 -9999 -9999 -9999 -9999 -9999 -9999 -9999
7.2449E-3 2.8035E-3 1.79699E-3 1.62732E-3 1.11854E-3 1.03399E-4 7.23243E-6 7.64185E-7 3.43279E-7 4.3248E-7 9.21263E-7 1.58838E-6 1.18453E-6 3.39116E-6 8.48514E-6 2.99991E-5 5.89502E-5 1.4139E-4 1.91431E-4 3.30977E-4 2.14767E-3 1.28866E-2 1.96523E-2 1.03516E-2 4.68227E-3 2.02483E-3 1.3817E-3 1.07724E-3 1.09154E-3 7.8956E-4 7.54803E-4 7.83427E-4 1.48538E-3 1.80616E-3 1.49869E-3 1.317E-3 1.15007E-3 8.40089E-4 5.51128E-4 3.04146E-4 1.642E-4 1.10504E-4 1.13619E-4 1.13619E-4 1.03715E-4 -9999 -9999 -9999 -9999 -9999 -9999 -9999 -9999 -9999 -9999 -9999 -9999 -9999 -9999 -9999 -9999 -9999 -9999 -9999 -9999 -9999 -9999 -9999 -9999 -9999
1.15439E-2 5.46969E-3 4.10544E-3 2.79156E-3 6.92027E-4 7.20088E-5 7.04231E-6 1.04855E-6 4.24076E-7 4.0998E-7 7.14183E-7 1.12222E-6 1.62022E-6 4.08168E-6 1.14979E-5 2.1626E-5 5.51357E-5 8.40723E-5 1.13769E-4 3.64622E-4 4.96535E-3 2.48197E-2 4.53103E-2 2.00619E-2 7.4453E-3 2.63117E-3 1.58906E-3 6.70144E-4 1.16916E-3 6.68074E-4 5.40725E-4 1.45717E-3 2.97367E-3 3.15381E-3 2.80326E-3 2.50923E-3 2.16737E-3 1.81616E-3 1.35404E-3 9.32596E-4 6.54067E-4 4.53565E-4 3.11947E-4 2.03317E-4 -9999 -9999 -9999 -9999 -9999 -9999 -9999 -9999 -9999 -9999 -9999 -9999 -9999 -9999 -9999 -9999 -9999 -9999 -9999 -9999 -9999 -9999 -9999 -9999 -9999 -9999
1.93453E-2 1.64147E-2 1.25529E-2 3.78207E-3 3.73327E-4 3.63196E-5 6.67639E-6 1.51816E-6 6.04698E-7 4.49806E-7 9.05398E-7 2.24824E-6 5.67424E-6 1.68961E-5 2.40558E-5 4.45265E-5 8.29009E-5 1.06745E-4 1.24746E-4 2.84779E-4 1.04775E-3 5.58541E-3 2.34091E-2 1.42321E-2 3.26234E-3 1.16187E-3 1.66369E-3 1.83472E-3 1.9093E-3 8.86279E-4 9.55666E-4 3.02439E-3 4.90216E-3 5.21677E-3 5.02961E-3 4.46348E-3 4.32726E-3 -9999 -9999 2.14659E-3 -9999 -9999 -9999 -9999 -9999 -9999 -9999 -9999 -9999 -9999 -9999 -9999 -9999 -9999 -9999 -9999 -9999 -9999 -9999 -9999 -9999 -9999 -9999 -9999 -9999 -9999 -9999 -9999 -9999 -9999
1.78576E-2 2.67835E-2 3.34884E-2 1.35489E-2 4.31741E-4 3.74042E-5 1.00689E-5 2.24254E-6 8.10143E-7 6.2257E-7 1.34592E-6 3.69765E-6 9.81681E-6 2.1626E-5 4.80334E-5 8.51176E-5 1.17628E-4 1.06143E-4 1.19138E-4 1.77499E-4 1.87761E-4 8.35795E-4 7.06065E-3 1.63039E-3 2.23683E-4 7.93305E-4 6.20953E-4 2.55111E-3 2.84105E-3 2.11057E-3 2.35234E-3 2.86038E-3 5.08232E-3 7.98755E-3 8.02674E-3 8.45859E-3 7.74998E-3 6.61217E-3 -9999 -9999 -9999 -9999 -9999 -9999 -9999 -9999 -9999 -9999 -9999 -9999 -9999 -9999 -9999 -9999 -9999 -9999 -9999 -9999 -9999 -9999 -9999 -9999 -9999 -9999 -9999 -9999 -9999 -9999 -9999 -9999
4.46848E-2 9.79135E-2 7.06327E-2 3.20046E-2 2.71093E-3 2.3499E-4 3.06492E-5 3.67331E-6 9.30453E-7 6.23743E-7 1.6337E-6 5.24302E-6 1.21723E-5 3.40947E-5 7.89145E-5 9.81533E-5 1.21019E-4 1.32726E-4 1.12668E-4 1.18012E-4 1.23186E-4 1.61324E-4 1.07037E-3 2.13681E-4 8.0268E-5 6.1063E-4 1.56298E-3 1.44104E-3 2.98257E-3 3.08644E-3 2.31033E-3 3.06515E-3 7.5033E-3 1.07101E-2 1.16907E-2 1.27123E-2 1.20902E-2 -9999 -9999 -9999 -9999 -9999 -9999 -9999 -9999 -9999 -9999 -9999 -9999 -9999 -9999 -9999 -9999 -9999 -9999 -9999 -9999 -9999 -9999 -9999 -9999 -9999 -9999 -9999 -9999 -9999 -9999 -9999 -9999 -9999
5.52807E-2 9.85631E-2 8.92131E-2 3.45148E-2 6.00344E-3 7.08634E-4 6.82468E-5 5.6124E-6 8.21219E-7 6.04731E-7 1.46769E-6 8.01443E-6 1.85094E-5 4.02664E-5 1.03691E-4 1.10368E-4 1.12966E-4 1.07827E-4 8.32679E-5 7.22394E-5 6.10521E-5 7.04444E-5 7.51353E-5 3.84377E-5 5.05279E-5 3.17055E-4 1.48749E-3 1.22792E-3 3.1908E-3 4.26224E-3 3.0986E-3 2.83821E-3 1.03988E-2 1.36641E-2 1.5381E-2 -9999 -9999 -9999 -9999 -9999 -9999 -9999 -9999 -9999 -9999 -9999 -9999 -9999 -9999 -9999 -9999 -9999 -9999 -9999 -9999 -9999 -9999 -9999 -9999 -9999 -9999 -9999 -9999 -9999 -9999 -9999 -9999 -9999 -9999 -9999
