KUENM/Final_Models/M_0.1_F_lq_Set_2_EC/sp1_4.asc
ncols         197
nrows         210
xllcorner     56.1666666666667
yllcorner     4.5
cellsize      0.166666666666667
NODATA_value  -9999
[rows 0 to 27 of 210, columns 65 to 129 of 197]
-9999 -9999 -9999 -9999 -9999 -9999 -9999 -9999 -9999 -9999 -9999 -9999 -9999 -9999 -9999 -9999 -9999 -9999 -9999 -9999 -9999 -9999 -9999 -9999 -9999 -9999 -9999 -9999 -9999 2.47654E-11 1.8357E-13 4.41868E-12 6.00223E-14 4.26577E-15 5.83853E-17 2.99148E-19 1.208E-19 1.81002E-16 2.73345E-18 1.00067E-19 -9999 -9999 -9999 -9999 -9999 -9999 -9999 -9999 -9999 -9999 -9999 -9999 -9999 -9999 -9999 -9999 -9999 -9999 -9999 -9999 -9999 -9999 -9999 -9999 -9999
-9999 -9999 -9999 -9999 -9999 -9999 -9999 -9999 -9999 -9999 -9999 -9999 -9999 -9999 -9999 -9999 -9999 -9999 -9999 -9999 -9999 -9999 -9999 2.42551E-9 1.69483E-10 6.29524E-8 3.12819E-8 2.94635E-9 4.3226E-15 1.02189E-17 8.66744E-16 1.6274E-14 1.22992E-15 7.34274E-17 1.12925E-19 1.56102E-21 1.35073E-20 6.14377E-17 1.13582E-16 5.75658E-19 3.26468E-18 1.44381E-15 1.14285E-15 4.73899E-18 3.13834E-18 1.73154E-17 -9999 -9999 -9999 -9999 -9999 -9999 -9999 -9999 -9999 -9999 -9999 -9999 -9999 -9999 -9999 -9999 -9999 -9999 -9999
-9999 -9999 -9999 -9999 -9999 -9999 -9999 -9999 -9999 -9999 -9999 -9999 -9999 -9999 -9999 -9999 -9999 -9999 -9999 6.3313E-7 1.35144E-7 3.1298E-7 4.41786E-7 4.49402E-8 1.20875E-9 3.86464E-11 1.6542E-14 3.57278E-13 1.93941E-13 5.02011E-16 1.84636E-19 4.32144E-15 3.6077E-16 3.55368E-17 5.26701E-20 4.12542E-20 3.18024E-18 2.50519E-17 8.99555E-15 1.14804E-15 3.71615E-20 6.40502E-18 3.31129E-18 9.47381E-16 1.04272E-13 6.76581E-16 3.20768E-20 9.05482E-17 3.84034E-13 3.75118E-10 -9999 -9999 -9999 -9999 -9999 -9999 -9999 -9999 -9999 -9999 -9999 -9999 -9999 -9999 -9999
-9999 -9999 -9999 -9999 -9999 -9999 -9999 -9999 -9999 -9999 -9999 -9999 -9999 -9999 -9999 -9999 5.86913E-10 2.1222E-7 2.29167E-5 4.80642E-8 6.87795E-9 3.864E-12 3.10686E-11 8.37302E-10 6.6112E-11 1.11035E-14 1.00186E-13 3.68904E-13 1.72141E-18 6.52162E-20 7.20476E-22 7.24536E-17 7.40948E-20 9.83407E-20 1.11671E-17 2.3387E-19 1.99207E-18 8.66414E-16 2.73431E-15 3.08903E-17 2.43564E-19 5.4905E-19 7.94687E-17 5.22361E-16 1.14862E-15 7.49044E-15 1.97215E-16 1.09893E-17 1.06214E-18 7.41394E-13 8.39448E-10 1.15342E-8 1.89341E-7 -9999 -9999 -9999 -9999 -9999 -9999 -9999 -9999 -9999 -9999 -9999 -9999
-9999 -9999 -9999 -9999 -9999 -9999 -9999 -9999 -9999 -9999 -9999 -9999 -9999 -9999 2.56835E-7 5.48173E-8 6.63157E-6 6.81521E-7 9.36423E-9 2.45658E-7 3.00294E-8 2.2436E-8 1.23684E-8 2.52388E-11 2.41277E-13 6.6584E-11 3.64922E-15 1.1709E-14 1.79645E-15 5.41615E-16 1.15495E-15 4.4137E-19 4.12303E-20 7.90011E-18 6.06967E-18 6.32461E-18 1.19564E-16 7.64025E-16 1.46638E-16 1.2222E-17 1.18172E-18 1.02124E-17 6.26503E-18 1.63973E-17 1.79984E-18 6.20863E-18 5.98979E-17 1.41435E-13 2.48696E-17 6.42547E-14 6.43168E-13 3.72624E-11 2.35809E-10 9.48081E-9 1.63528E-6 -9999 -9999 -9999 -9999 -9999 -9999 -9999 -9999 -9999 -9999
-9999 -9999 -9999 -9999 -9999 -9999 -9999 -9999 -9999 -9999 -9999 -9999 1.17171E-3 8.07207E-5 3.71473E-6 4.53984E-7 1.57185E-6 5.83643E-6 2.07979E-7 3.56531E-8 2.90698E-9 6.6271E-11 1.34764E-10 9.41496E-11 2.14957E-12 6.01244E-15 1.70544E-16 4.24049E-16 3.65508E-11 3.41185E-12 2.01513E-15 3.86372E-20 2.61762E-23 3.05877E-18 6.96305E-15 6.81431E-16 2.29086E-14 5.51865E-18 1.70729E-19 3.90446E-18 1.43722E-17 2.26914E-17 9.66042E-17 1.38026E-16 1.73775E-16 9.58469E-18 8.43807E-18 1.02975E-15 9.70209E-18 2.63332E-22 5.97573E-18 4.72053E-15 1.43831E-15 1.68794E-13 7.40157E-9 3.90391E-7 2.29076E-6 -9999 -9999 -9999 -9999 -9999 -9999 -9999 -9999
-9999 -9999 -9999 -9999 -9999 -9999 -9999 -9999 -9999 -9999 2.43963E-3 8.75253E-4 7.82362E-4 7.96665E-4 1.56492E-4 5.49045E-5 1.03135E-4 2.20016E-5 5.44729E-6 1.27658E-7 3.29322E-10 2.37787E-10 8.53746E-8 1.53996E-7 3.12477E-8 7.61245E-12 7.11351E-12 1.24891E-10 5.51382E-13 2.179E-13 1.56884E-14 5.13268E-18 7.7841E-16 1.94789E-14 3.46358E-15 2.78726E-16 3.75202E-16 7.41946E-19 5.11779E-20 4.42373E-19 9.26996E-19 1.0476E-16 3.01343E-15 1.06021E-15 1.60522E-15 2.75403E-16 9.08521E-18 2.21206E-17 3.76797E-15 1.06831E-18 1.47289E-18 4.88296E-16 6.11741E-14 1.23558E-12 4.25303E-13 7.77554E-10 1.66396E-8 5.63572E-7 3.0823E-6 -9999 -9999 -9999 -9999 -9999 -9999
-9999 -9999 -9999 -9999 -9999 -9999 -9999 -9999 1.43348E-3 4.56807E-4 1.52537E-3 7.63265E-3 2.68096E-3 3.73323E-4 5.19117E-4 1.11904E-3 4.66193E-4 1.78827E-4 1.72277E-5 5.84847E-8 2.32414E-10 2.48342E-7 3.92557E-12 3.66984E-10 3.72955E-14 9.39495E-10 1.27135E-8 4.85101E-12 4.68718E-14 1.77427E-14 2.2274E-15 4.31782E-12 4.00943E-13 6.16364E-14 1.74513E-15 2.09413E-15 2.79291E-16 1.68015E-16 7.60787E-16 4.05944E-17 1.96071E-17 2.88603E-16 1.44045E-14 2.80331E-15 1.28455E-16 1.3642E-17 5.57363E-17 1.33778E-15 3.48971E-22 4.67934E-20 6.48453E-20 6.02442E-17 2.88977E-15 1.36696E-13 6.33207E-14 4.04743E-12 7.30167E-11 5.16848E-8 6.90477E-7 3.27476E-6 5.66093E-6 -9999 -9999 -9999 -9999
-9999 -9999 -9999 -9999 -9999 -9999 -9999 8.61289E-4 1.68858E-3 1.08245E-3 8.68256E-3 6.54365E-3 2.00705E-3 5.06115E-3 4.03889E-3 2.88705E-3 1.67892E-3 9.2567E-4 6.74159E-6 1.22564E-6 5.3613E-7 4.68482E-10 3.22395E-14 7.2927E-14 4.78098E-15 3.45544E-10 7.78907E-12 4.52505E-13 4.00852E-13 3.13621E-11 6.96523E-12 1.227E-13 1.12745E-16 3.79414E-17 1.21303E-17 5.7214E-17 1.55733E-18 6.54607E-18 1.06608E-17 4.9323E-16 2.33913E-15 1.92665E-14 2.04365E-15 2.0666E-14 1.94917E-14 8.76821E-15 4.32782E-17 5.80878E-17 3.53735E-14 9.98201E-17 2.18369E-18 4.03059E-16 2.25732E-13 4.57999E-12 1.53257E-10 1.89576E-9 1.79101E-10 1.95122E-8 1.06333E-7 2.63589E-6 4.44189E-6 5.48354E-6 -9999 -9999 -9999
-9999 -9999 -9999 -9999 -9999 -9999 3.34214E-4 2.93934E-3 2.61012E-4 3.40277E-3 8.52296E-3 5.80479E-3 3.93183E-3 6.24314E-3 2.82666E-3 7.99078E-3 8.54884E-3 3.98781E-4 7.15097E-6 5.37108E-5 2.6502E-10 1.24674E-9 3.96689E-11 4.89119E-14 4.2447E-11 1.86271E-8 4.84336E-10 2.85833E-9 7.12834E-12 9.05466E-13 3.6945E-16 1.70209E-17 2.33488E-18 1.94557E-17 8.07548E-17 3.9209E-16 2.26416E-18 6.06746E-18 2.66078E-17 1.8027E-16 8.96867E-17 4.1424E-16 8.20333E-16 9.73982E-16 4.2021E-16 5.85823E-15 5.89445E-16 3.90208E-18 7.04432E-14 5.55133E-13 4.08926E-15 4.21343E-17 1.91067E-12 1.17163E-13 4.90004E-11 2.16123E-8 8.4679E-9 3.52757E-7 9.95765E-7 2.01731E-6 3.17195E-6 5.48354E-6 5.57161E-6 -9999 -9999
-9999 -9999 -9999 -9999 3.27923E-3 1.61638E-3 1.01999E-3 2.28702E-3 1.49521E-3 4.50673E-3 7.07861E-3 7.27579E-3 5.53252E-3 7.09461E-3 7.26929E-3 1.14537E-2 3.87685E-3 1.13587E-4 1.37794E-6 1.22626E-4 3.07493E-8 9.81628E-11 4.44507E-12 5.20069E-11 1.29075E-9 1.42022E-13 3.2016E-14 8.2877E-10 5.18535E-15 3.51217E-13 1.28288E-13 1.39008E-13 9.61418E-14 1.76038E-14 1.81085E-15 6.29646E-14 2.3252E-14 3.66399E-14 1.73773E-15 1.05074E-15 3.19937E-15 4.1424E-16 1.25484E-16 2.71672E-16 4.73484E-16 1.09495E-15 1.74616E-15 1.02589E-18 1.77017E-17 2.96347E-12 2.08968E-13 1.74217E-13 4.94188E-14 4.6071E-13 1.53746E-13 1.48446E-12 3.96336E-10 5.26152E-8 1.45251E-7 3.85012E-7 4.96065E-7 1.61553E-6 2.59422E-6 3.22299E-6 4.05814E-6
-9999 -9999 -9999 2.71042E-3 2.80866E-3 2.09674E-3 3.2873E-3 2.73019E-3 4.86766E-3 6.39664E-3 6.8407E-3 7.66287E-3 3.22436E-3 4.25073E-3 1.17027E-2 1.3541E-2 7.0859E-3 2.97183E-3 3.32281E-4 1.74553E-4 3.86313E-6 6.3166E-8 8.73144E-11 2.32134E-9 1.32841E-10 9.55234E-14 9.96649E-12 1.20892E-10 9.06134E-11 9.40093E-15 6.5213E-17 2.92054E-17 7.62025E-16 8.39154E-15 3.95438E-17 4.94072E-15 4.86298E-15 2.77673E-16 6.14877E-18 1.19051E-17 5.85384E-17 2.55319E-17 1.56714E-16 3.93428E-16 4.80254E-16 7.37193E-17 8.08235E-16 2.22243E-17 8.89447E-19 1.52616E-15 4.16294E-14 1.56988E-14 4.96366E-16 2.65988E-16 2.44669E-14 4.22826E-14 2.73517E-12 6.13064E-10 1.04592E-8 7.94082E-9 3.4714E-7 7.7876E-7 8.87994E-7 7.16242E-7 7.2781E-7
-9999 -9999 2.82092E-3 2.72693E-3 3.13366E-3 1.8897E-3 3.91356E-3 3.06199E-3 4.9446E-3 7.16059E-3 6.76376E-3 6.58315E-3 4.28839E-3 2.66713E-3 1.33356E-2 1.33101E-2 3.48704E-3 5.74585E-5 3.11798E-5 1.49987E-6 4.3831E-8 3.33162E-8 3.85305E-9 3.82965E-9 1.87395E-10 1.50003E-12 2.47812E-10 1.32624E-9 7.59205E-13 5.6052E-16 2.26736E-15 1.12484E-13 6.286E-13 4.69565E-15 1.62882E-16 1.96176E-16 1.45936E-15 1.24681E-14 3.83374E-15 1.13758E-15 6.84763E-16 2.04728E-16 5.03315E-17 6.69771E-18 8.84593E-17 1.99756E-16 1.72043E-15 8.50009E-17 1.06327E-18 4.26436E-18 1.89864E-14 7.13081E-18 1.2706E-15 6.85204E-15 5.47387E-15 3.35071E-12 1.59855E-14 9.54932E-11 2.22776E-9 4.54723E-8 1.57353E-8 8.64622E-8 2.13762E-7 2.77166E-7 2.72753E-7
-9999 2.70749E-3 2.80642E-3 3.64245E-3 3.65384E-3 2.56185E-3 4.68696E-3 3.83389E-3 7.03817E-3 7.71038E-3 9.05297E-3 1.09428E-2 1.19097E-2 6.17594E-3 1.14907E-2 7.08062E-3 1.48254E-3 2.07002E-5 4.0713E-5 7.81428E-5 1.56945E-4 9.13014E-6 4.38435E-8 1.62821E-8 4.4456E-10 2.27975E-13 6.15579E-11 5.95154E-12 4.92111E-12 1.88447E-12 4.75654E-12 4.8583E-13 6.76308E-15 2.34117E-16 3.18921E-15 3.01032E-14 2.58505E-15 2.28742E-17 6.21135E-19 6.68184E-18 5.88648E-18 1.94618E-18 3.67991E-17 2.94709E-16 8.38836E-18 1.53963E-19 2.41819E-19 1.04702E-19 4.36032E-19 3.41377E-17 7.16894E-14 4.42546E-18 7.98322E-17 1.32828E-12 1.54283E-11 1.20251E-13 7.52971E-16 2.79253E-13 1.92821E-9 2.26394E-9 4.61624E-9 5.31307E-9 6.01354E-9 1.2187E-8 9.11632E-9
3.01434E-3 2.94663E-3 3.24576E-3 3.47796E-3 4.07999E-3 2.97485E-3 4.91568E-3 5.07198E-3 6.30492E-3 7.64212E-3 8.22195E-3 6.7131E-3 9.96011E-3 1.19827E-2 1.11732E-2 6.28668E-3 5.6376E-4 5.81427E-5 6.2372E-4 2.70215E-4 4.4166E-5 1.11574E-4 1.18148E-5 3.26335E-7 4.64489E-9 7.96558E-10 1.47773E-10 1.41461E-13 6.21829E-16 4.01686E-14 2.65094E-16 9.14581E-17 1.1269E-15 4.02547E-14 5.08867E-13 8.99872E-17 2.04655E-18 1.59802E-18 1.34255E-16 6.5403E-16 1.87221E-16 9.36556E-16 1.54077E-16 1.16248E-18 8.49584E-20 1.53963E-19 1.64362E-18 1.71935E-17 3.74761E-18 2.6242E-19 5.1179E-16 1.62819E-17 9.71883E-19 6.42951E-14 7.89141E-16 2.06247E-15 1.57347E-14 6.80244E-13 3.29675E-10 4.17523E-11 2.25679E-11 2.12596E-12 1.06457E-10 1.82589E-11 7.77032E-11
3.48298E-3 3.32344E-3 3.65726E-3 3.73896E-3 3.98942E-3 4.37621E-3 4.97172E-3 5.30754E-3 5.90566E-3 7.22436E-3 8.28905E-3 7.11691E-3 8.51092E-3 6.30662E-3 4.73056E-3 2.40402E-3 2.88825E-3 8.40036E-4 2.30139E-3 1.7361E-4 1.42482E-5 3.44393E-8 6.21563E-7 9.07053E-6 6.60659E-8 1.41237E-13 7.49775E-13 3.29204E-12 1.22311E-17 1.5187E-16 7.19769E-13 5.32965E-11 2.61782E-13 1.23383E-15 5.00092E-15 8.41574E-15 1.14512E-14 5.08689E-16 9.53795E-13 7.25408E-16 7.6993E-17 1.2652E-16 8.85627E-19 6.84911E-19 1.50506E-18 1.80645E-18 7.7059E-18 7.87039E-19 9.30772E-18 2.21961E-19 1.1467E-20 5.74817E-18 3.44412E-19 1.6116E-13 6.56044E-16 1.147E-17 1.53725E-16 1.19436E-16 1.35425E-13 1.26525E-12 1.08018E-12 3.21999E-15 3.08339E-13 2.08785E-14 5.58073E-15
3.57142E-3 3.56845E-3 2.49281E-3 3.0014E-3 3.45864E-3 4.42371E-3 4.19177E-3 5.25552E-3 3.76523E-3 3.81492E-3 8.71457E-3 1.05187E-2 7.24328E-3 3.61336E-3 5.88754E-3 3.54146E-3 5.63535E-4 5.73175E-5 2.14275E-4 5.78472E-6 2.48877E-7 1.50713E-10 1.82188E-9 1.48361E-6 1.6002E-8 1.21217E-14 3.09671E-13 7.3812E-9 1.0119E-13 8.10052E-11 4.9032E-14 3.05657E-18 4.01006E-18 7.75594E-14 5.36376E-15 1.24303E-13 1.90592E-15 3.02764E-16 2.8794E-15 1.20377E-16 6.31033E-18 3.8721E-17 3.63981E-16 4.7884E-17 8.57087E-17 2.36476E-16 2.83107E-13 3.23075E-15 5.53972E-18 3.74445E-19 1.82975E-20 5.58066E-21 1.28707E-18 6.72725E-19 6.63361E-14 2.77467E-20 3.09666E-20 3.62511E-18 5.58232E-18 1.44377E-16 8.23186E-16 2.00778E-16 3.01423E-16 1.68986E-16 8.20946E-20
9.67545E-4 1.19255E-4 3.46204E-5 1.34197E-4 6.07959E-4 6.46742E-4 1.36947E-3 2.12236E-3 3.17473E-3 2.58845E-3 3.17605E-3 8.13312E-3 4.84074E-3 1.01668E-3 1.94804E-3 4.58277E-4 1.50833E-4 5.70317E-5 4.72519E-9 5.37782E-6 2.37056E-9 1.97797E-13 1.26349E-8 3.45457E-7 3.8373E-11 8.49646E-12 7.78305E-10 3.64359E-14 8.00035E-14 1.87101E-17 1.52137E-19 7.93929E-16 9.11887E-11 2.21195E-12 2.15172E-13 8.16568E-13 1.7626E-14 1.71455E-13 4.00518E-12 3.7606E-15 2.153E-12 3.22481E-13 4.35685E-13 9.02185E-18 1.96429E-19 6.224E-17 1.10552E-13 2.99562E-13 1.82267E-17 2.599E-19 9.47382E-20 2.98686E-21 6.77869E-22 3.41338E-16 1.25761E-14 8.70482E-15 8.01533E-16 1.65553E-21 5.62315E-20 8.87067E-20 3.22388E-19 2.82452E-20 2.29048E-21 3.56707E-21 2.24241E-20
1.04484E-4 2.81863E-7 8.05018E-7 5.39236E-5 3.30966E-4 6.85593E-4 2.63744E-4 3.32604E-4 1.31574E-3 2.24912E-3 2.87554E-3 2.97476E-3 1.08434E-3 9.30615E-4 3.70998E-4 1.18025E-5 1.56823E-9 8.65863E-7 3.11011E-11 1.19026E-11 1.43111E-14 2.40128E-16 1.57412E-8 1.31671E-12 3.15258E-15 5.74581E-13 1.45951E-13 4.30657E-16 5.22036E-19 1.73616E-18 2.89985E-13 3.81114E-11 1.51733E-8 1.9729E-10 1.00844E-12 5.90263E-16 1.70067E-14 2.87336E-11 3.43931E-10 2.0382E-14 3.41297E-12 1.13297E-10 1.67265E-16 1.1262E-12 7.26519E-16 6.30047E-17 4.19251E-16 2.5796E-12 8.61551E-18 8.13721E-17 2.39531E-15 4.42397E-19 1.39026E-19 1.70259E-18 8.10619E-17 1.35676E-19 1.39948E-18 3.06025E-17 3.36643E-16 2.3119E-18 1.88619E-17 2.742E-18 1.80182E-18 8.85191E-21 4.88002E-19
1.84187E-4 3.00093E-5 1.00814E-5 1.68336E-5 1.23076E-4 2.51029E-4 1.57515E-4 1.74266E-4 4.26526E-4 1.50878E-3 3.43137E-3 2.06222E-3 9.28379E-4 3.2932E-4 4.79387E-9 3.26522E-7 1.34809E-14 2.63079E-8 1.18E-9 1.29073E-14 2.47696E-19 9.64522E-15 1.69748E-11 7.77279E-18 3.65677E-16 1.04055E-15 1.88878E-16 2.41734E-13 1.64947E-14 9.64594E-16 3.80433E-9 2.74987E-7 1.34645E-9 2.31128E-11 1.27395E-13 4.00057E-13 1.31789E-13 1.43441E-11 6.68616E-10 6.13832E-10 1.29017E-7 5.26765E-13 4.04174E-14 6.57233E-10 4.18816E-10 4.2201E-10 2.09274E-10 2.31935E-14 1.45331E-19 1.34792E-22 2.66263E-19 3.12099E-19 2.86335E-19 2.70831E-20 6.49144E-22 8.19591E-18 5.75236E-21 7.11018E-19 1.97786E-18 5.19292E-19 2.24241E-20 7.11406E-21 2.17419E-20 1.80182E-18 5.36825E-20
1.41932E-4 5.08568E-5 6.08958E-6 4.59268E-6 3.51319E-6 1.34075E-6 2.40875E-5 2.94649E-5 4.48483E-5 2.18743E-3 2.07531E-3 1.26129E-3 1.47802E-3 4.25247E-5 1.88881E-7 2.49828E-5 2.52595E-9 4.81489E-14 3.12623E-13 1.72884E-12 2.07539E-17 3.62965E-15 1.70462E-11 8.04102E-14 2.06514E-16 1.40929E-15 2.05661E-13 9.88891E-11 8.94183E-9 2.16314E-9 2.53388E-7 6.23023E-15 4.00482E-12 2.72635E-13 5.30483E-13 4.56814E-13 2.40492E-12 5.63616E-13 3.83133E-13 2.22234E-14 1.68776E-11 1.0382E-8 1.91134E-8 6.06971E-7 1.37455E-13 3.05944E-14 1.59811E-17 2.86995E-18 5.61556E-17 2.3354E-17 1.64438E-19 7.51458E-21 4.10282E-22 4.73425E-21 5.34277E-21 9.90978E-21 5.26386E-17 1.08927E-18 5.33771E-21 3.0035E-20 1.42988E-22 7.22429E-21 1.41068E-20 6.09241E-19 9.47757E-19
4.98097E-6 1.86943E-5 7.9212E-6 1.03341E-7 5.36816E-9 6.47804E-7 9.39664E-6 5.02208E-7 3.81178E-5 2.4858E-3 1.83383E-3 6.26293E-4 7.99996E-5 6.30222E-6 1.70094E-9 1.16963E-6 3.31388E-11 9.26366E-17 3.93633E-16 2.74159E-18 5.66849E-15 5.62277E-13 6.45155E-16 2.87871E-13 1.47181E-18 6.5527E-13 8.8857E-13 5.05766E-11 3.30999E-6 2.83972E-7 5.03571E-11 1.67601E-15 1.18045E-14 1.21329E-15 4.15686E-15 7.21721E-15 3.51161E-15 1.07151E-13 1.48118E-12 8.46106E-13 2.76884E-13 1.2933E-13 3.52708E-12 7.0323E-7 6.68997E-6 6.25884E-10 5.47485E-10 1.36403E-17 1.23349E-16 2.01399E-14 1.0906E-14 1.23751E-17 1.24501E-18 3.14803E-18 1.13023E-20 1.29919E-21 1.48162E-22 1.07702E-22 5.60869E-19 1.26337E-20 9.28849E-23 1.42988E-22 3.66662E-20 6.28506E-19 2.20807E-20
2.04763E-7 1.86286E-7 1.18907E-7 1.98588E-8 2.00371E-7 1.28156E-6 1.79975E-8 3.7738E-10 1.1004E-5 3.96519E-4 1.08123E-3 1.60926E-4 1.62018E-5 2.89261E-6 8.24309E-8 1.3476E-13 1.91175E-16 6.83778E-17 1.41613E-15 8.75507E-17 3.69678E-18 8.62149E-18 7.54353E-15 1.4885E-17 1.44743E-15 2.66039E-12 4.7895E-11 8.53638E-11 1.24253E-4 1.32237E-9 4.63649E-11 8.35719E-15 1.89669E-13 1.34499E-12 5.11775E-13 5.51067E-12 1.14349E-12 1.3108E-11 7.84504E-9 2.04043E-9 1.53884E-10 2.4815E-9 6.4444E-13 3.01231E-13 4.21132E-11 3.48427E-5 8.23827E-8 2.14367E-13 7.39164E-14 1.01479E-15 1.338E-12 2.36677E-13 1.24235E-15 9.24009E-15 6.81762E-19 2.37365E-17 2.75174E-19 6.21472E-22 7.17025E-21 1.28268E-20 1.63084E-21 9.15054E-23 4.03005E-24 1.51217E-21 4.47277E-20
6.75818E-11 2.71341E-9 1.43697E-10 2.21324E-9 1.46803E-8 2.38074E-8 8.73257E-11 1.23245E-8 4.62732E-5 2.96635E-4 5.63205E-4 2.33399E-4 2.06728E-5 3.76085E-6 2.53005E-8 4.40618E-12 2.05687E-14 4.68099E-11 6.13648E-15 1.6773E-16 1.63528E-14 6.22996E-17 1.49724E-17 4.59069E-16 1.03328E-14 1.35888E-9 1.32208E-10 2.93476E-9 3.76246E-4 1.95E-7 6.87903E-11 7.15939E-10 6.53681E-10 4.10621E-9 8.81843E-11 1.40136E-8 9.78767E-11 2.98405E-9 1.70469E-5 2.84045E-4 1.59949E-4 9.80455E-5 4.84952E-7 1.24486E-10 4.20819E-13 4.06322E-6 1.08085E-10 1.85497E-12 1.85704E-10 2.02008E-10 1.71722E-12 1.97333E-10 9.64863E-16 2.75355E-17 6.66901E-17 8.81292E-20 7.68589E-18 6.12476E-22 1.41833E-22 8.18787E-22 1.01547E-22 1.56433E-22 5.58365E-23 3.85041E-21 9.41283E-21
1.06755E-10 1.52199E-11 2.01871E-10 4.91307E-10 5.13099E-8 1.50292E-8 1.1499E-7 5.95242E-5 3.68732E-6 1.56462E-8 7.7496E-11 3.82498E-11 1.87031E-12 3.4375E-15 4.27602E-16 1.10718E-12 1.04089E-10 1.41299E-15 6.16045E-14 1.94183E-12 3.82409E-14 2.24949E-15 5.60709E-14 3.61645E-12 9.82254E-14 6.31365E-9 2.39317E-5 1.80872E-4 5.51498E-5 1.72989E-8 1.33199E-5 1.13837E-6 8.0674E-10 8.14062E-8 3.30732E-12 9.90858E-7 1.51523E-5 1.11148E-3 3.33353E-8 1.44933E-8 3.40075E-6 2.40669E-4 9.54096E-4 1.64104E-4 1.29236E-5 1.98988E-9 1.88239E-11 6.04587E-12 9.2846E-16 2.49058E-16 2.76883E-10 1.35049E-9 6.25545E-9 2.09159E-16 3.23639E-16 9.30772E-18 1.24336E-15 2.10661E-17 1.99713E-18 1.36337E-21 1.5303E-19 2.98321E-23 3.66142E-23 6.07422E-21 6.07422E-21
5.92895E-11 2.56594E-11 3.26774E-11 6.951E-8 9.35999E-8 3.80241E-6 1.46692E-6 1.24764E-7 2.0546E-12 5.34636E-14 1.10066E-16 9.10173E-15 6.91735E-12 1.40279E-7 3.08372E-7 2.12566E-10 7.70242E-13 1.91821E-16 1.12292E-11 1.47495E-7 5.79386E-10 3.02786E-14 3.426E-10 1.09523E-8 6.81895E-10 9.62008E-8 1.06151E-4 3.37284E-4 4.12126E-7 1.10682E-4 1.12688E-5 3.17472E-9 7.9059E-9 8.24893E-6 7.52295E-11 1.26799E-8 1.18232E-5 2.51623E-4 7.79144E-9 2.98778E-11 4.05266E-11 1.56985E-10 1.52798E-8 6.52485E-9 1.61045E-13 9.78359E-18 1.60846E-11 3.9672E-11 8.27202E-15 3.67156E-16 1.54558E-15 9.84643E-10 3.29683E-12 2.46832E-10 1.01664E-12 5.83539E-12 4.80194E-11 4.86506E-12 1.54935E-15 9.8668E-19 6.65068E-20 2.41394E-17 8.31131E-22 1.58777E-22 1.5303E-19
8.32514E-12 6.25816E-13 2.87437E-11 1.82742E-9 1.64526E-9 1.09136E-9 1.52262E-9 3.35862E-13 1.93292E-13 3.83317E-13 2.67165E-9 4.00262E-7 8.01344E-6 1.83042E-3 2.42485E-4 1.69215E-7 6.91735E-12 1.51704E-11 5.23845E-11 2.09388E-6 1.73257E-5 8.31792E-8 2.96501E-6 4.61993E-5 6.16828E-9 2.23318E-4 1.09706E-3 9.15388E-6 1.12185E-4 1.9677E-4 2.69299E-4 1.3828E-5 2.98967E-4 3.4047E-5 2.38556E-7 1.03432E-3 2.98733E-4 4.54588E-8 8.46302E-11 3.43536E-12 1.2386E-11 3.29169E-12 1.44575E-12 3.39548E-13 4.04865E-15 3.2688E-15 2.05908E-11 3.25739E-13 2.09684E-13 1.39017E-15 1.11236E-14 4.29696E-15 8.59027E-16 9.06511E-12 6.73838E-12 3.97174E-16 5.16954E-13 8.08235E-16 1.72676E-16 1.8242E-18 2.53441E-20 1.30321E-16 4.18061E-19 1.40458E-21 5.53444E-20
1.85461E-12 8.32514E-12 9.01044E-12 7.55759E-11 2.88122E-11 2.68548E-10 2.40906E-9 3.70962E-10 3.82911E-9 1.76268E-7 4.12841E-7 3.1194E-8 1.69485E-5 2.32787E-3 1.40999E-3 1.70038E-3 2.45186E-5 2.31855E-9 3.77526E-4 1.88045E-5 7.57267E-3 2.78364E-7 3.54662E-5 1.43243E-3 4.18207E-3 8.43969E-3 7.29485E-4 4.80148E-3 5.65279E-3 2.60913E-3 2.51101E-4 4.1173E-4 3.09191E-3 1.47907E-4 3.04397E-4 1.37011E-3 6.18294E-6 8.32384E-9 8.67245E-11 5.6922E-10 7.30746E-10 1.77775E-11 1.48928E-11 3.49215E-10 3.47594E-10 8.84165E-13 2.25589E-13 4.81919E-12 9.52057E-14 4.72606E-14 1.21444E-13 7.79656E-16 2.42582E-17 7.03034E-17 4.6968E-14 2.62811E-12 5.10253E-17 1.04841E-13 4.2333E-13 1.44801E-16 2.5261E-17 6.43081E-19 6.60749E-15 6.62714E-19 1.73492E-22
