KUENM/Final_Models/M_0.1_F_lq_Set_2_EC/sp1_min.asc
ncols         197
nrows         210
xllcorner     56.1666666666667
yllcorner     4.5
cellsize      0.166666666666667
NODATA_value  -9999
[rows 56 to 83 of 210, columns 65 to 129 of 197]
3.77371E-6 4.0903E-6 6.43311E-4 2.72969E-2 4.64594E-2 6.38739E-2 1.73769E-2 7.44027E-4 1.5921E-3 1.89146E-2 3.5794E-2 3.99039E-2 4.10676E-2 2.69447E-2 2.11254E-2 5.30908E-3 1.6578E-2 4.00544E-2 1.83145E-2 8.66491E-2 8.05746E-2 6.0084E-2 5.20621E-2 5.35776E-2 5.3676E-2 5.29143E-2 5.83334E-2 6.16823E-2 5.99898E-2 5.52252E-2 5.68094E-2 5.68761E-2 6.53229E-2 7.3717E-2 8.59037E-2 8.72874E-2 8.86363E-2 9.09249E-2 1.00288E-1 1.13383E-1 1.36966E-1 1.52048E-1 1.58612E-1 1.80449E-1 2.30324E-1 2.99195E-1 3.31017E-1 3.42046E-1 3.28224E-1 3.73552E-1 4.02188E-1 4.22488E-1 4.39611E-1 4.75076E-1 4.57595E-1 4.4569E-1 4.96331E-1 4.67506E-1 4.02322E-1 3.08763E-1 1.83804E-1 7.09601E-2 2.19754E-3 1.27737E-4 2.10388E-4
5.59434E-5 5.79538E-4 5.28428E-3 4.83762E-2 7.89807E-2 8.9713E-2 8.91943E-2 3.39635E-2 1.81444E-2 3.58419E-2 4.39935E-2 1.60573E-2 1.50062E-2 1.10115E-2 1.19087E-2 3.8356E-2 3.80632E-2 1.96294E-2 7.36264E-2 1.0079E-1 8.72094E-2 6.68586E-2 5.91571E-2 5.43483E-2 5.28156E-2 5.20621E-2 5.43483E-2 5.35776E-2 5.20621E-2 5.13172E-2 4.99525E-2 5.3676E-2 5.9252E-2 6.79838E-2 7.37135E-2 8.18065E-2 8.34852E-2 8.48164E-2 9.49024E-2 1.09919E-1 1.28401E-1 1.40719E-1 1.49685E-1 1.65691E-1 1.99001E-1 2.49804E-1 2.93997E-1 3.16509E-1 3.24059E-1 3.58995E-1 3.83769E-1 3.74846E-1 3.89987E-1 4.18953E-1 4.4126E-1 4.63469E-1 4.91191E-1 4.95994E-1 4.67041E-1 3.91138E-1 2.83814E-1 1.41751E-1 2.85473E-2 4.53799E-3 3.3708E-3
4.14856E-5 3.16668E-3 4.76253E-2 5.93519E-2 7.4492E-2 7.25003E-2 8.3312E-2 8.54924E-2 5.40978E-2 4.02637E-2 3.5081E-2 2.98041E-2 3.30128E-2 4.00143E-2 7.14493E-2 7.10148E-2 7.97065E-2 4.03233E-2 1.18738E-1 1.14565E-1 1.01145E-1 8.26824E-2 6.68586E-2 5.51277E-2 5.05808E-2 4.91331E-2 4.7024E-2 4.91331E-2 4.84218E-2 4.7024E-2 4.63373E-2 4.91331E-2 5.51277E-2 6.25423E-2 7.16554E-2 7.86768E-2 8.39478E-2 8.78395E-2 9.62735E-2 1.03994E-1 1.10831E-1 1.22325E-1 1.25998E-1 1.43357E-1 1.71571E-1 2.10142E-1 2.48179E-1 2.77601E-1 3.01548E-1 3.32678E-1 3.45625E-1 3.29764E-1 3.06058E-1 3.04556E-1 4.06659E-1 4.56305E-1 4.70767E-1 4.69819E-1 4.8816E-1 4.36935E-1 3.32148E-1 2.36988E-1 1.23586E-1 4.21787E-2 2.27124E-2
5.74932E-5 6.40253E-3 4.12993E-2 4.93967E-2 4.39471E-2 4.55992E-2 5.59784E-2 7.66456E-2 6.82675E-2 5.21301E-2 4.88997E-2 5.12196E-2 6.23276E-2 5.87376E-2 7.00319E-2 8.65222E-2 8.48467E-2 8.51433E-2 1.29259E-1 1.33539E-1 1.19295E-1 9.9838E-2 7.7468E-2 5.67128E-2 4.75934E-2 4.5534E-2 4.56587E-2 4.56587E-2 4.36709E-2 4.35472E-2 4.35472E-2 4.75934E-2 5.57895E-2 6.4166E-2 7.1536E-2 7.9524E-2 8.60354E-2 8.61123E-2 9.05605E-2 8.98052E-2 9.22058E-2 9.97393E-2 1.09475E-1 1.23353E-1 1.4863E-1 1.81903E-1 2.12483E-1 2.41707E-1 2.77792E-1 3.09919E-1 3.33984E-1 3.28032E-1 3.08394E-1 3.26536E-1 4.29056E-1 4.47388E-1 3.86272E-1 3.96486E-1 4.83864E-1 4.74478E-1 3.7539E-1 3.0168E-1 2.42529E-1 1.34359E-1 9.3336E-2
6.31723E-5 6.87729E-4 2.82367E-2 3.82552E-2 3.40619E-2 3.58745E-2 4.25109E-2 5.90524E-2 7.61538E-2 6.78584E-2 5.39733E-2 5.9343E-2 6.46211E-2 6.33658E-2 7.8081E-2 8.4444E-2 8.80933E-2 9.9562E-2 1.31545E-1 1.41034E-1 1.51902E-1 1.26201E-1 8.26824E-2 5.42218E-2 4.48638E-2 4.29008E-2 4.23851E-2 4.36709E-2 4.17538E-2 4.29008E-2 4.48638E-2 4.88557E-2 5.72363E-2 6.4706E-2 7.61071E-2 8.36053E-2 8.91251E-2 8.71369E-2 8.1797E-2 7.46535E-2 7.27434E-2 8.59037E-2 1.0223E-1 1.172E-1 1.40703E-1 1.65053E-1 1.97113E-1 2.20952E-1 2.55528E-1 2.96967E-1 3.27554E-1 3.50083E-1 3.64658E-1 3.78139E-1 4.34811E-1 4.66439E-1 4.4251E-1 4.42199E-1 4.88421E-1 4.95398E-1 3.97972E-1 3.04619E-1 3.10139E-1 2.00671E-1 1.0513E-1
2.26914E-4 4.64165E-4 3.51279E-2 3.08756E-2 2.77019E-2 3.00703E-2 3.30753E-2 4.35125E-2 6.57444E-2 5.9449E-2 5.504E-2 6.21323E-2 6.00198E-2 6.46776E-2 7.07107E-2 7.85366E-2 8.67402E-2 1.05968E-1 1.1934E-1 1.29076E-1 1.55109E-1 1.3061E-1 7.64549E-2 5.04546E-2 4.16314E-2 4.10082E-2 4.03927E-2 4.22622E-2 4.22622E-2 4.2755E-2 4.53855E-2 5.01231E-2 6.03608E-2 7.00034E-2 8.10411E-2 9.09799E-2 9.58992E-2 9.25592E-2 8.48381E-2 6.97571E-2 6.79838E-2 8.39478E-2 9.79683E-2 1.18084E-1 1.36652E-1 1.60949E-1 1.88471E-1 2.04707E-1 2.32764E-1 2.72909E-1 3.19069E-1 3.76399E-1 4.17208E-1 3.97815E-1 4.31402E-1 4.87632E-1 4.93552E-1 4.91922E-1 5.06652E-1 5.03913E-1 4.6744E-1 4.11352E-1 3.58719E-1 2.3345E-1 9.49664E-2
6.391E-5 3.24012E-3 3.58537E-2 2.62512E-2 2.49041E-2 2.58533E-2 2.72251E-2 3.5433E-2 5.60314E-2 7.56815E-2 8.27226E-2 7.97795E-2 6.62399E-2 6.69886E-2 7.23196E-2 7.82975E-2 7.80625E-2 9.28438E-2 9.1215E-2 9.68619E-2 1.03236E-1 8.68867E-2 6.32871E-2 4.75934E-2 3.97848E-2 3.80059E-2 3.85914E-2 3.91844E-2 4.08646E-2 4.2755E-2 4.65747E-2 5.29049E-2 6.09909E-2 7.16546E-2 8.39846E-2 9.302E-2 9.68619E-2 9.68619E-2 8.78099E-2 8.05668E-2 8.27908E-2 9.28438E-2 1.08464E-1 1.25018E-1 1.47033E-1 1.63784E-1 1.84216E-1 2.02133E-1 2.19276E-1 2.53535E-1 3.08436E-1 3.67664E-1 4.05472E-1 3.83521E-1 4.13347E-1 4.82381E-1 5.06909E-1 5.13486E-1 5.19739E-1 5.11711E-1 4.97649E-1 4.50629E-1 3.81654E-1 2.56073E-1 1.28114E-1
5.8964E-3 1.63329E-2 3.31305E-2 2.41501E-2 2.30555E-2 2.27002E-2 2.43124E-2 3.47559E-2 5.14493E-2 8.06777E-2 7.02771E-2 7.33501E-2 7.01311E-2 7.80238E-2 7.82143E-2 7.56606E-2 7.46945E-2 6.71995E-2 6.62841E-2 6.53783E-2 6.2071E-2 5.4067E-2 4.62123E-2 3.97848E-2 3.74277E-2 3.51869E-2 3.6156E-2 3.78663E-2 4.06996E-2 4.32315E-2 4.77681E-2 5.26682E-2 5.98912E-2 6.94394E-2 8.15117E-2 8.92292E-2 9.53826E-2 9.80695E-2 9.95208E-2 1.00931E-1 1.04801E-1 1.13938E-1 1.24667E-1 1.41416E-1 1.52502E-1 1.75391E-1 1.90246E-1 2.07212E-1 2.27882E-1 2.59528E-1 2.95593E-1 3.34523E-1 3.67664E-1 3.89603E-1 4.31268E-1 4.76031E-1 5.10772E-1 5.30377E-1 5.2462E-1 5.27341E-1 5.26929E-1 4.79099E-1 3.86623E-1 2.61814E-1 1.72701E-1
1.30754E-3 2.41297E-2 2.64075E-2 2.41501E-2 2.49041E-2 2.34156E-2 2.45246E-2 3.38449E-2 5.97823E-2 9.10222E-2 1.03004E-1 9.48998E-2 8.5931E-2 7.4575E-2 7.17906E-2 6.44373E-2 5.38841E-2 4.65965E-2 4.52286E-2 4.34756E-2 4.11335E-2 3.50517E-2 3.25437E-2 3.05504E-2 3.25437E-2 3.2927E-2 3.39755E-2 3.65617E-2 3.88815E-2 4.23965E-2 4.75425E-2 5.26682E-2 6.13124E-2 6.94394E-2 7.69767E-2 8.7728E-2 9.62491E-2 1.01472E-1 1.08334E-1 1.17821E-1 1.31991E-1 1.35019E-1 1.46533E-1 1.60594E-1 1.72416E-1 1.90447E-1 2.07212E-1 2.2306E-1 2.40864E-1 2.74265E-1 3.0867E-1 3.21221E-1 3.49436E-1 3.88173E-1 4.41102E-1 4.87604E-1 4.92038E-1 4.74248E-1 5.02224E-1 5.07628E-1 5.31525E-1 4.80891E-1 3.77111E-1 2.75097E-1 2.35376E-1
5.20227E-3 3.38821E-2 2.70625E-2 2.6472E-2 2.60724E-2 2.72867E-2 3.21533E-2 4.98393E-2 9.42178E-2 1.22594E-1 1.19211E-1 9.86101E-2 7.55717E-2 6.21773E-2 5.47257E-2 4.65965E-2 4.23334E-2 3.68764E-2 3.22306E-2 3.04314E-2 2.87065E-2 2.66188E-2 2.51765E-2 2.73091E-2 2.99425E-2 3.0767E-2 3.32978E-2 3.63856E-2 3.92967E-2 4.34756E-2 4.82492E-2 5.47257E-2 6.09974E-2 7.00542E-2 7.80058E-2 8.7728E-2 9.86729E-2 1.10437E-1 1.20194E-1 1.40849E-1 1.58263E-1 1.6329E-1 1.67676E-1 1.78329E-1 1.93676E-1 2.17148E-1 2.35976E-1 2.55643E-1 2.69346E-1 3.05407E-1 3.2281E-1 3.32298E-1 3.41691E-1 3.88173E-1 4.51676E-1 5.03312E-1 4.85069E-1 4.58316E-1 4.90286E-1 5.02732E-1 5.33478E-1 5.29861E-1 4.71537E-1 3.7322E-1 3.16033E-1
1.13958E-2 3.80518E-2 3.14796E-2 2.72867E-2 2.98583E-2 3.45928E-2 4.65524E-2 8.50267E-2 1.76145E-1 2.00724E-1 1.27863E-1 8.152E-2 6.04076E-2 4.92271E-2 4.14376E-2 3.635E-2 3.33337E-2 2.90827E-2 2.40713E-2 2.44731E-2 2.3445E-2 2.39877E-2 2.41257E-2 2.57645E-2 2.83999E-2 3.02808E-2 3.36555E-2 3.63856E-2 4.03066E-2 4.34756E-2 4.79975E-2 5.44288E-2 6.18601E-2 7.10133E-2 7.9045E-2 9.00023E-2 1.02387E-1 1.15454E-1 1.21312E-1 1.4504E-1 1.69792E-1 1.83797E-1 1.85915E-1 2.03267E-1 2.24058E-1 2.52346E-1 2.87394E-1 3.07039E-1 3.08436E-1 3.32298E-1 3.55572E-1 3.49866E-1 3.31523E-1 3.80686E-1 4.50585E-1 4.83089E-1 4.70618E-1 4.65128E-1 4.58316E-1 5.2495E-1 5.32311E-1 5.26628E-1 5.33466E-1 4.69654E-1 3.98032E-1
9.40934E-3 3.05993E-2 3.29167E-2 2.89795E-2 3.21533E-2 3.88118E-2 5.33066E-2 9.77532E-2 2.05771E-1 2.04083E-1 1.04066E-1 6.29904E-2 4.58341E-2 3.86472E-2 3.49476E-2 3.15377E-2 2.93365E-2 2.66114E-2 2.42949E-2 2.28996E-2 2.32846E-2 2.3445E-2 2.43873E-2 2.60434E-2 2.82473E-2 2.9644E-2 3.39996E-2 3.61908E-2 4.06953E-2 4.52286E-2 5.13609E-2 5.60162E-2 6.36138E-2 7.19823E-2 8.22239E-2 9.30711E-2 1.09268E-1 1.21987E-1 1.27716E-1 1.44715E-1 1.69792E-1 1.90926E-1 2.03357E-1 2.32749E-1 2.61582E-1 3.05446E-1 3.50364E-1 3.7509E-1 3.63159E-1 3.86739E-1 3.94662E-1 3.89792E-1 3.91907E-1 4.23525E-1 4.56014E-1 4.26202E-1 4.37461E-1 5.02468E-1 5.04149E-1 5.21546E-1 5.4018E-1 5.58168E-1 5.51474E-1 5.28162E-1 4.65284E-1
2.06651E-2 2.6058E-2 3.90431E-2 3.00703E-2 3.38449E-2 3.80031E-2 4.95601E-2 6.87986E-2 9.20572E-2 7.94759E-2 5.16089E-2 3.9594E-2 3.29167E-2 3.0709E-2 2.79346E-2 2.79346E-2 2.72726E-2 2.66114E-2 2.38951E-2 2.31126E-2 2.32846E-2 2.36751E-2 2.46391E-2 2.63118E-2 2.80802E-2 3.04314E-2 3.37945E-2 3.71124E-2 4.16962E-2 4.70193E-2 5.44288E-2 6.09974E-2 6.63159E-2 7.395E-2 8.22239E-2 9.58712E-2 1.13261E-1 1.42761E-1 1.5716E-1 1.69572E-1 1.85567E-1 2.0337E-1 2.2278E-1 2.56564E-1 2.97149E-1 3.4722E-1 3.86739E-1 4.19735E-1 4.19753E-1 4.21901E-1 4.36002E-1 4.29259E-1 4.43499E-1 4.69937E-1 4.88386E-1 4.6435E-1 4.75096E-1 5.03505E-1 5.22206E-1 5.22129E-1 5.55733E-1 5.48482E-1 5.58168E-1 5.52623E-1 4.84401E-1
9.6664E-3 2.54216E-2 3.33723E-2 3.09794E-2 3.23859E-2 3.55875E-2 3.88073E-2 4.28602E-2 4.4079E-2 3.50728E-2 2.77838E-2 2.58282E-2 2.54047E-2 2.48337E-2 2.5499E-2 2.57377E-2 2.59644E-2 2.57522E-2 2.41048E-2 2.38951E-2 2.3501E-2 2.44731E-2 2.63118E-2 2.80802E-2 3.07279E-2 3.30465E-2 3.57463E-2 3.98315E-2 4.42928E-2 5.13609E-2 5.76398E-2 6.36138E-2 7.395E-2 8.00944E-2 8.69725E-2 9.38673E-2 1.01139E-1 1.28112E-1 1.6757E-1 1.9264E-1 2.09922E-1 2.2278E-1 2.48967E-1 2.85128E-1 3.23592E-1 3.71975E-1 4.09084E-1 4.39233E-1 4.43806E-1 4.39137E-1 4.4251E-1 4.44057E-1 4.4341E-1 4.78877E-1 5.06909E-1 5.16685E-1 5.29114E-1 5.32799E-1 5.44215E-1 5.3659E-1 5.53583E-1 5.57705E-1 5.65331E-1 5.45609E-1 5.06878E-1
2.07036E-2 2.38574E-2 3.69809E-2 3.18101E-2 3.16399E-2 3.22861E-2 3.22861E-2 3.134E-2 2.9517E-2 2.53453E-2 2.23785E-2 2.07692E-2 2.04183E-2 2.20889E-2 2.26928E-2 2.36901E-2 2.44917E-2 2.39031E-2 2.37073E-2 2.31126E-2 2.51116E-2 2.65693E-2 2.78989E-2 3.12221E-2 3.35724E-2 3.54973E-2 3.89606E-2 4.20553E-2 4.77216E-2 5.5218E-2 6.36138E-2 7.33037E-2 8.36652E-2 9.03731E-2 9.56647E-2 9.92875E-2 9.83032E-2 1.13374E-1 1.69792E-1 2.13227E-1 2.31438E-1 2.47914E-1 2.70968E-1 3.05341E-1 3.50133E-1 3.79503E-1 4.11781E-1 4.39233E-1 4.33713E-1 4.184E-1 4.25141E-1 4.32274E-1 4.53018E-1 4.57501E-1 4.97754E-1 5.21816E-1 5.20108E-1 5.24698E-1 5.34523E-1 5.52243E-1 5.64261E-1 5.6719E-1 5.4278E-1 5.48911E-1 5.25582E-1
8.28486E-3 1.66747E-2 3.77069E-2 3.24317E-2 3.04171E-2 3.05509E-2 2.87622E-2 2.70624E-2 2.48337E-2 2.45755E-2 2.29866E-2 2.09951E-2 2.02923E-2 2.09951E-2 2.26928E-2 2.2911E-2 2.2911E-2 2.35081E-2 2.41048E-2 2.38951E-2 2.47003E-2 2.86167E-2 3.151E-2 3.3864E-2 3.635E-2 4.01752E-2 4.26977E-2 4.74219E-2 5.25585E-2 6.27322E-2 7.42945E-2 8.58598E-2 9.74557E-2 1.05251E-1 1.09407E-1 1.10946E-1 1.1903E-1 1.44049E-1 1.96899E-1 2.29754E-1 2.51888E-1 2.72681E-1 2.88023E-1 3.13734E-1 3.38269E-1 3.76227E-1 3.96679E-1 4.06929E-1 3.96068E-1 3.96153E-1 4.05715E-1 4.37562E-1 4.40673E-1 4.65747E-1 4.96549E-1 5.12198E-1 4.73118E-1 4.97906E-1 5.53567E-1 5.67648E-1 5.75036E-1 5.71196E-1 5.71658E-1 5.59265E-1 5.2401E-1
1.81903E-2 2.38844E-2 3.63077E-2 3.37934E-2 3.10123E-2 2.87874E-2 2.74139E-2 2.59232E-2 2.50808E-2 2.56697E-2 2.63534E-2 2.61649E-2 2.36235E-2 2.34661E-2 2.34661E-2 2.36901E-2 2.49012E-2 2.57377E-2 2.47101E-2 2.57522E-2 2.66114E-2 3.10114E-2 3.63077E-2 3.92773E-2 4.36988E-2 4.74219E-2 4.74219E-2 5.13609E-2 6.01441E-2 7.23228E-2 8.61816E-2 1.07488E-1 1.18194E-1 1.22718E-1 1.28719E-1 1.30384E-1 1.45483E-1 1.69996E-1 2.05001E-1 2.33416E-1 2.59349E-1 2.87535E-1 2.98911E-1 3.15304E-1 3.33722E-1 3.53495E-1 3.80951E-1 3.92769E-1 3.87476E-1 4.11005E-1 4.26475E-1 4.40875E-1 4.46325E-1 4.79759E-1 4.92229E-1 4.93004E-1 4.46443E-1 5.22938E-1 5.58559E-1 5.74942E-1 5.70706E-1 5.73255E-1 5.72297E-1 5.72091E-1 5.58031E-1
1.92659E-2 3.37429E-2 3.55004E-2 3.37934E-2 3.15002E-2 3.15002E-2 2.88569E-2 2.74829E-2 2.70374E-2 2.74829E-2 2.81755E-2 2.79346E-2 2.63534E-2 2.5499E-2 2.46684E-2 2.59232E-2 2.65981E-2 2.7232E-2 2.70374E-2 2.8403E-2 3.151E-2 3.84979E-2 4.79975E-2 5.03053E-2 5.33772E-2 5.14572E-2 5.45375E-2 5.84653E-2 6.6644E-2 8.21046E-2 1.04264E-1 1.30175E-1 1.46285E-1 1.5298E-1 1.48439E-1 1.50204E-1 1.66554E-1 1.8266E-1 2.11572E-1 2.35346E-1 2.68116E-1 2.88405E-1 3.09413E-1 3.2708E-1 3.33722E-1 3.48794E-1 3.72071E-1 4.00482E-1 4.10085E-1 4.30382E-1 4.44481E-1 4.69234E-1 4.69012E-1 4.95574E-1 5.03142E-1 4.93221E-1 4.72416E-1 5.07836E-1 5.59941E-1 5.74804E-1 5.69358E-1 5.64549E-1 5.76243E-1 5.81671E-1 5.73835E-1
2.50317E-2 3.28003E-2 3.80535E-2 3.54303E-2 3.46478E-2 3.20446E-2 3.10377E-2 3.02958E-2 3.05443E-2 3.0779E-2 3.15377E-2 2.93277E-2 2.79346E-2 2.74829E-2 2.83926E-2 2.83926E-2 2.95382E-2 2.90642E-2 2.98049E-2 3.20446E-2 3.54211E-2 4.45569E-2 5.81278E-2 6.73998E-2 6.83337E-2 6.07256E-2 5.98013E-2 6.36138E-2 6.94394E-2 8.39846E-2 1.09407E-1 1.48621E-1 1.80281E-1 1.76797E-1 1.69934E-1 1.71637E-1 1.83797E-1 2.0495E-1 2.24934E-1 2.43711E-1 2.70939E-1 2.9716E-1 3.11161E-1 3.2378E-1 3.25232E-1 3.53495E-1 3.7881E-1 4.19753E-1 4.39233E-1 4.46122E-1 4.72248E-1 4.94259E-1 5.01416E-1 5.24861E-1 5.25541E-1 5.36357E-1 5.41621E-1 5.59941E-1 5.66297E-1 5.75181E-1 5.70955E-1 5.62464E-1 5.61379E-1 5.52313E-1 5.287E-1
2.71844E-2 4.45734E-2 3.92485E-2 3.92485E-2 3.77846E-2 3.41407E-2 3.35724E-2 3.51922E-2 3.54973E-2 3.46822E-2 3.41407E-2 3.28079E-2 3.22904E-2 3.12761E-2 3.0779E-2 3.0779E-2 3.15002E-2 3.30426E-2 3.15002E-2 3.25582E-2 3.77765E-2 4.91516E-2 6.87363E-2 9.82924E-2 8.18239E-2 6.87363E-2 6.63159E-2 6.75661E-2 7.23228E-2 8.36652E-2 1.05251E-1 1.40655E-1 1.71637E-1 1.7956E-1 1.7956E-1 1.81107E-1 2.00013E-1 2.28473E-1 2.51014E-1 2.76925E-1 2.90867E-1 3.12909E-1 3.23373E-1 3.13605E-1 3.21951E-1 3.55873E-1 3.87521E-1 4.24921E-1 4.48861E-1 4.5732E-1 4.92709E-1 5.16812E-1 5.31525E-1 5.49345E-1 5.35615E-1 5.51848E-1 5.6732E-1 5.66153E-1 5.6719E-1 5.82056E-1 5.72496E-1 5.56515E-1 5.42735E-1 5.37677E-1 4.86455E-1
2.99998E-2 4.72753E-2 4.36767E-2 4.17313E-2 4.08093E-2 3.89606E-2 3.8036E-2 4.10669E-2 4.07941E-2 3.77765E-2 3.66222E-2 3.635E-2 3.72024E-2 3.49476E-2 3.49476E-2 3.44021E-2 3.46478E-2 3.51971E-2 3.51971E-2 3.66277E-2 4.14208E-2 5.06158E-2 7.42945E-2 8.95542E-2 8.04502E-2 7.13518E-2 7.06919E-2 7.66163E-2 7.9399E-2 8.80957E-2 1.08789E-1 1.36103E-1 1.58099E-1 1.80162E-1 1.83797E-1 1.98509E-1 2.28324E-1 2.56289E-1 2.82948E-1 3.03484E-1 3.23651E-1 3.35517E-1 3.35517E-1 3.27159E-1 3.44063E-1 3.81585E-1 4.17005E-1 4.39894E-1 4.55992E-1 4.78397E-1 5.0061E-1 5.33484E-1 5.56405E-1 5.67163E-1 5.61111E-1 5.63073E-1 5.34864E-1 5.45844E-1 5.72688E-1 5.82446E-1 5.72091E-1 5.23585E-1 5.27886E-1 5.40059E-1 4.99528E-1
4.02882E-2 5.07748E-2 4.66768E-2 4.70826E-2 4.46984E-2 4.64023E-2 4.5348E-2 4.46732E-2 4.33482E-2 4.33482E-2 4.17565E-2 4.08093E-2 4.08093E-2 3.89715E-2 3.89715E-2 3.77846E-2 3.86472E-2 3.80535E-2 3.86472E-2 4.14376E-2 4.64023E-2 5.56867E-2 6.6644E-2 7.26271E-2 6.75661E-2 6.48287E-2 7.58748E-2 8.29015E-2 8.88599E-2 9.30711E-2 1.11033E-1 1.35506E-1 1.6618E-1 1.90654E-1 2.07222E-1 2.36061E-1 2.69788E-1 3.09601E-1 3.2527E-1 3.40514E-1 3.47487E-1 3.63025E-1 3.62865E-1 3.45596E-1 3.73613E-1 4.34502E-1 4.4543E-1 4.34512E-1 4.51692E-1 4.80297E-1 5.10922E-1 5.41362E-1 5.7989E-1 5.78893E-1 5.81992E-1 5.74222E-1 5.44897E-1 5.77112E-1 5.67461E-1 5.61315E-1 5.37419E-1 5.13871E-1 5.2401E-1 4.85432E-1 4.35542E-1
4.91424E-2 4.76049E-2 5.60314E-2 5.22076E-2 5.06998E-2 5.07093E-2 4.997E-2 4.67223E-2 4.46732E-2 4.50341E-2 4.46984E-2 4.40301E-2 4.33699E-2 4.33699E-2 4.27178E-2 4.27178E-2 4.30202E-2 4.36767E-2 4.56953E-2 4.60598E-2 5.10908E-2 5.77618E-2 6.55613E-2 7.06395E-2 6.9105E-2 7.29612E-2 8.58598E-2 9.30711E-2 9.86101E-2 1.00004E-1 1.13704E-1 1.3616E-1 1.69273E-1 2.00752E-1 2.47965E-1 3.06668E-1 3.34609E-1 3.5388E-1 3.7654E-1 3.78565E-1 3.73409E-1 3.6815E-1 3.62865E-1 3.6624E-1 3.66166E-1 4.61143E-1 4.2689E-1 3.93864E-1 4.42868E-1 4.84917E-1 5.1788E-1 5.64624E-1 5.96582E-1 5.75939E-1 5.79536E-1 5.7624E-1 5.75345E-1 5.6772E-1 5.1743E-1 5.07101E-1 4.81405E-1 4.88297E-1 5.1978E-1 4.79933E-1 4.1701E-1
5.70241E-2 5.77158E-2 5.70241E-2 6.17752E-2 5.48912E-2 5.63177E-2 5.26062E-2 4.92394E-2 4.64023E-2 4.60598E-2 4.63848E-2 4.70826E-2 4.85037E-2 4.85037E-2 4.85037E-2 4.74546E-2 4.74546E-2 4.85037E-2 5.06998E-2 5.26062E-2 5.73676E-2 6.42346E-2 7.11946E-2 8.29019E-2 9.11551E-2 9.73878E-2 1.04716E-1 1.09574E-1 1.09117E-1 1.09117E-1 1.16633E-1 1.3047E-1 1.5441E-1 1.95187E-1 2.59247E-1 3.57951E-1 3.9137E-1 4.0257E-1 4.13538E-1 4.20125E-1 3.97503E-1 3.69962E-1 3.94237E-1 4.10336E-1 3.91907E-1 3.92488E-1 3.57097E-1 3.92861E-1 4.69092E-1 5.14942E-1 5.43319E-1 5.91957E-1 6.04279E-1 5.89679E-1 5.76738E-1 5.51264E-1 5.36062E-1 5.37483E-1 4.88742E-1 4.57679E-1 5.07063E-1 5.13823E-1 4.46493E-1 4.48477E-1 3.84134E-1
6.11277E-2 5.85699E-2 5.63174E-2 5.85699E-2 6.26345E-2 6.14002E-2 5.44872E-2 5.29748E-2 4.99591E-2 5.07144E-2 5.07144E-2 5.28345E-2 5.35565E-2 5.42862E-2 5.59784E-2 5.33772E-2 5.49461E-2 5.49461E-2 5.75013E-2 6.06437E-2 6.69675E-2 7.36888E-2 8.57468E-2 1.00324E-1 1.178E-1 1.25814E-1 1.26491E-1 1.31931E-1 1.24396E-1 1.19173E-1 1.13324E-1 1.19645E-1 1.54449E-1 2.162E-1 2.8932E-1 3.60982E-1 4.15719E-1 4.47103E-1 4.59952E-1 4.60306E-1 4.2878E-1 4.15843E-1 4.35713E-1 4.50585E-1 4.29064E-1 3.88173E-1 3.94217E-1 4.40827E-1 5.18845E-1 5.56891E-1 5.78669E-1 5.96784E-1 6.04389E-1 5.96228E-1 5.702E-1 4.83258E-1 4.28134E-1 4.94277E-1 4.90387E-1 5.16927E-1 5.10589E-1 4.58689E-1 4.88114E-1 3.87922E-1 3.07605E-1
7.27E-2 7.17828E-2 6.74143E-2 6.60355E-2 6.98776E-2 6.67014E-2 5.90563E-2 5.40388E-2 5.0222E-2 5.09117E-2 5.47716E-2 5.85525E-2 6.01203E-2 6.28358E-2 6.22637E-2 6.3343E-2 6.3343E-2 6.51358E-2 6.78979E-2 7.08651E-2 7.76685E-2 8.36423E-2 9.43217E-2 1.14976E-1 1.40875E-1 1.65207E-1 1.60718E-1 1.50272E-1 1.41623E-1 1.21554E-1 1.06923E-1 1.25454E-1 1.77866E-1 2.46579E-1 3.23115E-1 3.90139E-1 4.47736E-1 4.89156E-1 5.04358E-1 4.90036E-1 4.63944E-1 4.48887E-1 4.1327E-1 4.04428E-1 4.1464E-1 3.91312E-1 4.78374E-1 5.02265E-1 5.3244E-1 5.79679E-1 5.9413E-1 6.08403E-1 6.04437E-1 5.99517E-1 5.78548E-1 4.96443E-1 4.13082E-1 4.99709E-1 5.09171E-1 4.69096E-1 4.54329E-1 4.79823E-1 4.49745E-1 3.67506E-1 3.15542E-1
6.42867E-2 7.46945E-2 7.44348E-2 7.44348E-2 7.35921E-2 7.21512E-2 6.69675E-2 5.85525E-2 5.23169E-2 5.30245E-2 5.78513E-2 6.80464E-2 7.2923E-2 7.38437E-2 7.1772E-2 6.99668E-2 7.0231E-2 7.4145E-2 7.76685E-2 8.36423E-2 8.99407E-2 9.54398E-2 1.05916E-1 1.19731E-1 1.50622E-1 2.01499E-1 2.14512E-1 1.81057E-1 1.59302E-1 1.29544E-1 1.32224E-1 1.68458E-1 2.50212E-1 2.94533E-1 3.58425E-1 4.23309E-1 4.83365E-1 5.29901E-1 5.43506E-1 5.31358E-1 4.99669E-1 4.31402E-1 3.875E-1 4.21364E-1 4.42707E-1 4.67226E-1 5.15432E-1 5.44386E-1 5.52398E-1 5.87917E-1 5.98126E-1 6.06616E-1 6.08863E-1 6.12815E-1 6.00045E-1 5.86041E-1 5.42352E-1 4.69636E-1 4.07363E-1 3.78202E-1 3.601E-1 4.69361E-1 3.7635E-1 3.57733E-1 3.16033E-1
6.86088E-2 7.76563E-2 7.96764E-2 8.07614E-2 8.17293E-2 7.9045E-2 6.87909E-2 6.09695E-2 5.23131E-2 5.49769E-2 6.40182E-2 8.14318E-2 9.23974E-2 8.76444E-2 8.39766E-2 7.86418E-2 7.92645E-2 8.57468E-2 9.10222E-2 1.01168E-1 1.07126E-1 1.12059E-1 1.19731E-1 1.29096E-1 1.42561E-1 1.83502E-1 1.89146E-1 1.84086E-1 1.68138E-1 1.56137E-1 1.71459E-1 2.72544E-1 3.98839E-1 3.43646E-1 4.00806E-1 4.7418E-1 5.24834E-1 5.60368E-1 5.75813E-1 5.66834E-1 5.27366E-1 4.07984E-1 4.04429E-1 4.39503E-1 4.76959E-1 5.1288E-1 5.54465E-1 5.78818E-1 5.9324E-1 5.95143E-1 5.55823E-1 5.52904E-1 5.64433E-1 5.85559E-1 5.9621E-1 6.16663E-1 5.90813E-1 4.86336E-1 3.95814E-1 3.53624E-1 3.30068E-1 4.3082E-1 3.45749E-1 3.31683E-1 3.23959E-1
