KUENM/Final_Models/M_0.1_F_lq_Set_2_EC/sp1_se_asia_stddev.asc
ncols         320
nrows         243
xllcorner     44.0
yllcorner     -0.666666666666667
cellsize      0.166666666666667
NODATA_value  -9999
[rows 93 to 123 of 243, columns 140 to 209 of 320]
7.65188E-2 7.62524E-2 7.59951E-2 7.54734E-2 7.5029E-2 7.44705E-2 7.48636E-2 7.38286E-2 7.38086E-2 7.27132E-2 7.26651E-2 7.26028E-2 7.25264E-2 7.13782E-2 7.11506E-2 6.97152E-2 6.90635E-2 6.69038E-2 6.40703E-2 6.05798E-2 5.56988E-2 5.40195E-2 5.08265E-2 4.69609E-2 4.27435E-2 3.73697E-2 3.38758E-2 2.7474E-2 2.03213E-2 1.52395E-2 9.45496E-3 2.24175E-2 4.8537E-2 4.8189E-2 3.97365E-2 5.57095E-2 6.23055E-2 5.61483E-2 2.96361E-2 1.85721E-2 1.59991E-2 3.25636E-2 3.41494E-2 4.51003E-2 5.15302E-2 5.28544E-2 4.9028E-2 4.57452E-2 4.07312E-2 4.05586E-2 3.78388E-2 4.29398E-2 4.86928E-2 5.00973E-2 4.92832E-2 4.94156E-2 5.09129E-2 4.90454E-2 5.04752E-2 5.28265E-2 5.53358E-2 5.61143E-2 5.41503E-2 5.23002E-2 4.78235E-2 3.22968E-2 2.04571E-2 1.44425E-2 1.39135E-2 1.57123E-2
7.82167E-2 7.81801E-2 7.7706E-2 7.7372E-2 7.68313E-2 7.60179E-2 7.57424E-2 7.3907E-2 7.16964E-2 7.11935E-2 7.13238E-2 7.07907E-2 7.07907E-2 6.98343E-2 7.0154E-2 6.91656E-2 6.83899E-2 6.62218E-2 6.29238E-2 5.88256E-2 5.52155E-2 5.17383E-2 4.78125E-2 4.36183E-2 3.98858E-2 3.41332E-2 3.09602E-2 2.79342E-2 2.10411E-2 1.72745E-2 1.05434E-2 1.55865E-2 3.50571E-2 4.05443E-2 4.07041E-2 5.41998E-2 4.59297E-2 2.7941E-2 2.24851E-2 1.48654E-2 1.00251E-2 1.385E-2 1.82991E-2 3.38725E-2 5.28544E-2 5.33284E-2 4.92637E-2 4.70654E-2 4.18461E-2 3.69538E-2 4.10635E-2 4.67391E-2 4.84782E-2 4.84288E-2 4.79559E-2 4.90017E-2 5.02059E-2 4.85698E-2 5.07038E-2 5.12326E-2 5.32178E-2 5.44261E-2 5.2949E-2 4.88892E-2 3.97025E-2 2.30693E-2 1.51932E-2 1.15821E-2 1.25324E-2 1.12579E-2
-9999 7.91074E-2 7.97182E-2 7.91742E-2 7.82304E-2 7.67232E-2 7.42446E-2 7.15758E-2 6.74676E-2 6.54107E-2 6.66517E-2 6.72309E-2 6.84273E-2 6.81476E-2 7.01999E-2 7.25266E-2 6.85093E-2 6.52857E-2 6.1022E-2 5.6367E-2 5.02492E-2 4.74848E-2 4.27581E-2 3.91363E-2 3.56026E-2 3.31003E-2 2.92696E-2 2.88475E-2 2.50948E-2 1.98658E-2 1.52395E-2 1.22202E-2 2.57523E-2 4.13689E-2 4.5135E-2 4.53708E-2 4.05586E-2 2.34659E-2 1.29058E-2 1.70957E-2 1.35407E-2 1.57215E-2 2.37832E-2 3.76274E-2 5.12837E-2 5.25331E-2 5.09886E-2 4.8016E-2 4.21873E-2 4.01139E-2 4.91467E-2 5.12932E-2 4.89002E-2 4.75226E-2 4.83228E-2 4.97181E-2 5.03282E-2 4.82472E-2 5.02804E-2 5.0632E-2 5.13837E-2 5.29119E-2 4.66076E-2 2.99118E-2 2.2068E-2 1.37045E-2 9.43301E-3 9.16066E-3 9.90238E-3 1.10017E-2
-9999 -9999 -9999 -9999 7.77522E-2 7.65709E-2 7.32308E-2 -9999 6.2176E-2 6.15631E-2 6.10169E-2 6.34241E-2 6.68677E-2 7.01811E-2 7.20107E-2 7.13264E-2 6.89584E-2 6.43498E-2 6.00096E-2 5.38223E-2 4.80426E-2 4.4869E-2 4.06369E-2 3.74979E-2 3.78906E-2 3.41332E-2 3.31719E-2 2.87107E-2 2.49353E-2 2.20612E-2 1.93321E-2 1.59965E-2 2.478E-2 3.92682E-2 4.44645E-2 3.84528E-2 3.51391E-2 3.15049E-2 1.42361E-2 9.39251E-3 1.85323E-2 2.65953E-2 3.8953E-2 4.21785E-2 5.11013E-2 5.3605E-2 4.9887E-2 4.41803E-2 4.54439E-2 4.48185E-2 4.86188E-2 5.08221E-2 4.91996E-2 4.89023E-2 5.01284E-2 5.06573E-2 4.90603E-2 4.57317E-2 4.63374E-2 5.16238E-2 5.24692E-2 5.12092E-2 3.52065E-2 1.82923E-2 1.26925E-2 8.56195E-3 6.32943E-3 6.58029E-3 7.23919E-3 9.78559E-3
-9999 -9999 -9999 -9999 -9999 -9999 7.09462E-2 6.62265E-2 6.38012E-2 6.15286E-2 5.79815E-2 5.71481E-2 6.47643E-2 7.17777E-2 7.08258E-2 7.17294E-2 6.85093E-2 6.28743E-2 5.52869E-2 4.73136E-2 4.10207E-2 3.82976E-2 3.87098E-2 3.87797E-2 3.71854E-2 3.62771E-2 3.27617E-2 3.14136E-2 2.79481E-2 2.55286E-2 2.38269E-2 2.32003E-2 2.48068E-2 3.3695E-2 3.87104E-2 3.87104E-2 3.54898E-2 2.82663E-2 1.62753E-2 1.78915E-2 2.60454E-2 3.99666E-2 5.23253E-2 5.052E-2 5.16349E-2 5.47364E-2 4.94125E-2 4.73452E-2 4.94125E-2 4.86622E-2 5.06243E-2 4.91467E-2 5.05708E-2 5.10211E-2 5.04579E-2 4.95668E-2 4.66444E-2 3.90528E-2 3.86589E-2 4.85635E-2 5.27594E-2 4.32908E-2 2.16735E-2 1.20029E-2 8.2074E-3 5.62345E-3 4.46056E-3 4.31968E-3 5.76474E-3 8.72688E-3
-9999 -9999 -9999 -9999 -9999 -9999 -9999 6.4956E-2 5.99031E-2 5.68907E-2 5.5539E-2 5.38439E-2 6.0224E-2 7.01483E-2 7.24568E-2 7.11935E-2 6.50974E-2 5.72302E-2 4.83557E-2 4.13607E-2 3.69576E-2 3.76213E-2 3.72427E-2 3.77981E-2 3.64161E-2 3.54917E-2 3.18043E-2 3.11052E-2 2.82348E-2 2.73644E-2 2.78833E-2 2.97997E-2 2.68884E-2 2.97937E-2 3.68899E-2 3.64562E-2 3.40688E-2 3.38878E-2 3.0859E-2 3.05043E-2 2.64529E-2 3.97173E-2 5.03493E-2 5.06537E-2 5.07745E-2 5.29081E-2 5.28883E-2 5.22468E-2 5.12837E-2 5.06243E-2 5.18375E-2 5.18375E-2 5.30016E-2 4.91338E-2 4.60685E-2 4.62227E-2 4.24342E-2 2.9222E-2 2.26663E-2 3.01944E-2 3.74064E-2 2.75348E-2 1.56761E-2 9.59096E-3 7.1971E-3 5.20652E-3 4.60784E-3 3.93258E-3 5.34805E-3 7.38164E-3
-9999 -9999 -9999 -9999 -9999 -9999 -9999 -9999 5.93563E-2 5.63369E-2 5.25991E-2 5.73982E-2 6.12213E-2 6.35341E-2 6.23337E-2 6.2093E-2 5.81983E-2 5.06894E-2 4.4935E-2 4.01995E-2 3.75492E-2 3.78904E-2 3.56026E-2 3.68628E-2 3.55449E-2 3.4869E-2 3.4613E-2 3.10509E-2 3.23818E-2 3.27866E-2 3.89825E-2 3.86261E-2 3.4437E-2 3.37148E-2 4.12049E-2 4.15843E-2 3.68059E-2 4.26568E-2 4.8332E-2 4.91859E-2 3.64612E-2 4.31237E-2 5.0281E-2 5.06625E-2 5.07172E-2 5.1314E-2 5.248E-2 5.4127E-2 5.16615E-2 5.11896E-2 5.24574E-2 5.37873E-2 5.25641E-2 4.23523E-2 4.03589E-2 4.2366E-2 3.76114E-2 1.98888E-2 6.97065E-3 1.23912E-2 1.78469E-2 1.65421E-2 1.15821E-2 8.25199E-3 5.73539E-3 6.4388E-3 1.13127E-2 1.04961E-2 9.2524E-3 9.89335E-3
-9999 -9999 -9999 -9999 -9999 -9999 -9999 -9999 -9999 5.60598E-2 5.36925E-2 5.50216E-2 5.60908E-2 5.85103E-2 5.85361E-2 5.7429E-2 5.39437E-2 4.85588E-2 -9999 3.84943E-2 3.44199E-2 3.32596E-2 3.15206E-2 3.06142E-2 3.21287E-2 3.18909E-2 3.28933E-2 3.42542E-2 3.35163E-2 3.76798E-2 3.79693E-2 4.33698E-2 4.29398E-2 4.25001E-2 4.60213E-2 4.72755E-2 4.81819E-2 5.07604E-2 5.36026E-2 5.1881E-2 4.66209E-2 4.8818E-2 5.07534E-2 5.05524E-2 5.04639E-2 5.07506E-2 5.157E-2 5.3605E-2 5.07861E-2 5.1325E-2 5.46508E-2 5.30186E-2 4.33066E-2 3.1485E-2 3.40636E-2 4.04366E-2 3.93716E-2 2.47435E-2 9.72296E-3 8.00362E-3 1.01392E-2 9.77669E-3 5.81171E-3 5.59851E-3 4.86595E-3 6.06067E-3 9.99882E-3 1.29708E-2 1.52035E-2 1.63426E-2
-9999 -9999 -9999 -9999 -9999 -9999 -9999 -9999 -9999 -9999 -9999 5.21868E-2 5.10444E-2 5.18753E-2 5.19501E-2 5.18942E-2 -9999 -9999 4.10207E-2 3.56711E-2 2.90821E-2 2.59675E-2 2.47972E-2 2.47972E-2 2.45378E-2 2.69467E-2 2.98456E-2 3.10381E-2 3.83468E-2 4.33965E-2 4.26224E-2 4.44549E-2 4.91087E-2 5.23966E-2 4.75809E-2 5.02498E-2 5.27042E-2 5.40411E-2 5.35903E-2 5.20952E-2 4.55861E-2 3.97664E-2 3.92236E-2 3.99556E-2 4.72278E-2 5.23626E-2 5.23058E-2 5.40389E-2 5.13058E-2 5.33734E-2 5.57946E-2 4.98807E-2 3.70237E-2 2.92323E-2 3.10319E-2 3.57657E-2 3.71661E-2 2.99044E-2 1.95664E-2 1.31614E-2 9.77669E-3 5.47575E-3 3.59438E-3 3.95404E-3 3.30592E-3 3.7688E-3 6.56745E-3 1.15994E-2 1.7884E-2 2.04096E-2
-9999 -9999 -9999 -9999 -9999 -9999 -9999 -9999 -9999 -9999 -9999 -9999 -9999 -9999 -9999 -9999 -9999 -9999 3.77025E-2 3.36214E-2 2.35772E-2 2.15E-2 1.94269E-2 2.00095E-2 2.11012E-2 2.46073E-2 2.6663E-2 3.11112E-2 3.88348E-2 4.96472E-2 4.35272E-2 4.76292E-2 5.86184E-2 5.88194E-2 5.17026E-2 5.07087E-2 5.38119E-2 5.45803E-2 5.20523E-2 5.17696E-2 4.73625E-2 3.59417E-2 3.21063E-2 3.19039E-2 4.64911E-2 5.31373E-2 5.45014E-2 5.52966E-2 5.45646E-2 5.65442E-2 5.57827E-2 4.90779E-2 4.08676E-2 3.2493E-2 3.27842E-2 3.87235E-2 4.25731E-2 3.84128E-2 3.00402E-2 2.4505E-2 1.71033E-2 9.97845E-3 6.82592E-3 4.10084E-3 2.22189E-3 1.8722E-3 3.91153E-3 7.37922E-3 1.13767E-2 1.34498E-2
-9999 -9999 -9999 -9999 -9999 -9999 -9999 -9999 -9999 -9999 -9999 -9999 -9999 -9999 -9999 -9999 -9999 3.03361E-2 2.84886E-2 3.02127E-2 1.89195E-2 1.53552E-2 1.56073E-2 1.53047E-2 1.91648E-2 2.36477E-2 2.60517E-2 2.79945E-2 3.36471E-2 3.71825E-2 3.93844E-2 4.79118E-2 5.67557E-2 5.9076E-2 5.19175E-2 5.46199E-2 5.7013E-2 5.46283E-2 4.22724E-2 4.31917E-2 5.06573E-2 4.79405E-2 4.02865E-2 3.75009E-2 4.38713E-2 5.14284E-2 5.49381E-2 5.61101E-2 5.66288E-2 5.65141E-2 5.36531E-2 4.89628E-2 5.00393E-2 4.85057E-2 4.61804E-2 4.68892E-2 4.34145E-2 3.76131E-2 2.8887E-2 2.12132E-2 1.39162E-2 9.8991E-3 6.22127E-3 4.2541E-3 1.78762E-3 8.06279E-4 5.43572E-4 4.05377E-3 8.24555E-3 3.72979E-3
-9999 -9999 -9999 -9999 -9999 -9999 -9999 -9999 -9999 -9999 -9999 -9999 -9999 -9999 3.19978E-2 2.99515E-2 2.9356E-2 2.64569E-2 2.44771E-2 1.94719E-2 1.26439E-2 1.05339E-2 9.54286E-3 1.23149E-2 1.57753E-2 2.03213E-2 2.35023E-2 2.79831E-2 3.21487E-2 3.33886E-2 4.007E-2 4.40546E-2 5.47565E-2 5.59103E-2 5.52291E-2 5.69511E-2 5.61975E-2 3.97967E-2 2.79702E-2 3.22173E-2 4.66317E-2 4.97477E-2 4.05406E-2 3.32251E-2 3.01321E-2 3.159E-2 3.49378E-2 4.36604E-2 5.46738E-2 5.4408E-2 5.20326E-2 5.05601E-2 4.60585E-2 4.92513E-2 5.12397E-2 4.82043E-2 4.16598E-2 3.09426E-2 2.19952E-2 1.34718E-2 8.4641E-3 6.49367E-3 7.72984E-3 1.0165E-2 4.87109E-3 6.65493E-4 8.3678E-7 1.28044E-3 2.22896E-4 6.72396E-4
-9999 -9999 -9999 -9999 -9999 -9999 -9999 -9999 -9999 -9999 5.72403E-2 5.39577E-2 4.90096E-2 3.66336E-2 2.89172E-2 2.30509E-2 2.55816E-2 2.70228E-2 2.37513E-2 1.37973E-2 9.68805E-3 9.65106E-3 1.25102E-2 1.47126E-2 1.38929E-2 1.67007E-2 1.99066E-2 2.79278E-2 3.11239E-2 -9999 3.79594E-2 -9999 5.40178E-2 -9999 5.43537E-2 5.37136E-2 4.80901E-2 3.05973E-2 2.55093E-2 2.73847E-2 4.29474E-2 5.04397E-2 4.11871E-2 3.04389E-2 2.82925E-2 2.99118E-2 3.01632E-2 3.08716E-2 3.32369E-2 4.06165E-2 4.34206E-2 4.23991E-2 4.50787E-2 4.91206E-2 5.15559E-2 5.07661E-2 3.79124E-2 1.73873E-2 9.48065E-3 6.24717E-3 6.02631E-3 7.71261E-3 1.10605E-2 2.64418E-2 1.60036E-2 1.13066E-3 8.68084E-5 1.16114E-5 3.03457E-4 5.19807E-3
-9999 -9999 -9999 -9999 -9999 -9999 -9999 -9999 -9999 -9999 -9999 5.10246E-2 4.63536E-2 3.46269E-2 2.7582E-2 2.70295E-2 2.95551E-2 2.70516E-2 2.27849E-2 1.57697E-2 1.06852E-2 1.04387E-2 1.35491E-2 1.75602E-2 1.51377E-2 1.44287E-2 1.96524E-2 2.51602E-2 2.79809E-2 3.11239E-2 -9999 4.36026E-2 5.29249E-2 6.16951E-2 5.65214E-2 4.67531E-2 4.11915E-2 3.44849E-2 3.48418E-2 3.49864E-2 4.68153E-2 5.06959E-2 4.02578E-2 2.62717E-2 2.76432E-2 3.14145E-2 3.25185E-2 3.05305E-2 3.38224E-2 3.90575E-2 4.22564E-2 4.30743E-2 4.75679E-2 5.03902E-2 5.16387E-2 4.97479E-2 3.14061E-2 7.23628E-3 2.09842E-3 2.17221E-3 4.43501E-3 8.45576E-3 1.77776E-2 2.46756E-2 2.84141E-2 9.11339E-3 4.46904E-3 3.89273E-3 3.60821E-3 1.39047E-2
-9999 -9999 -9999 -9999 -9999 -9999 -9999 -9999 -9999 -9999 -9999 -9999 3.59297E-2 2.61249E-2 2.6812E-2 2.30473E-2 2.07685E-2 1.95296E-2 1.87152E-2 1.47126E-2 1.16719E-2 1.2074E-2 1.46758E-2 1.86462E-2 1.58862E-2 1.57345E-2 2.07656E-2 2.54257E-2 2.79461E-2 -9999 -9999 -9999 5.63564E-2 6.57798E-2 6.47075E-2 4.65476E-2 3.5706E-2 3.44849E-2 3.5345E-2 3.74006E-2 4.97175E-2 4.51478E-2 5.01779E-2 4.81756E-2 1.33423E-2 1.20372E-2 1.21034E-2 2.07314E-2 2.37832E-2 2.78913E-2 3.73316E-2 4.47147E-2 4.8818E-2 5.0696E-2 5.1277E-2 4.43036E-2 1.99646E-2 3.57359E-3 9.70548E-4 1.4871E-3 6.41217E-3 2.08112E-2 2.62673E-2 1.63182E-2 1.20416E-2 2.07312E-2 2.14284E-2 2.4485E-2 1.84134E-2 2.28564E-2
-9999 -9999 -9999 -9999 -9999 -9999 -9999 -9999 -9999 -9999 -9999 -9999 -9999 2.03519E-2 2.70713E-2 2.04304E-2 2.0408E-2 1.40033E-2 1.2097E-2 1.2031E-2 1.31739E-2 1.5225E-2 1.92967E-2 1.74525E-2 1.35378E-2 1.47539E-2 1.6612E-2 1.95932E-2 2.20755E-2 -9999 -9999 4.20604E-2 5.8369E-2 6.944E-2 6.70744E-2 3.49964E-2 1.317E-2 1.10602E-2 1.58785E-2 2.83422E-2 4.84084E-2 5.44228E-2 3.43042E-2 2.25007E-2 2.42602E-2 2.42602E-2 1.80017E-2 2.08177E-2 2.60463E-2 2.27731E-2 3.1435E-2 4.18984E-2 4.84028E-2 5.06608E-2 5.14131E-2 4.00382E-2 1.33657E-2 2.31938E-3 1.79528E-3 2.66068E-3 8.32738E-3 3.13252E-2 4.50358E-2 4.03801E-2 4.15281E-2 4.61899E-2 4.22432E-2 4.177E-2 4.00789E-2 3.75962E-2
-9999 -9999 -9999 -9999 -9999 -9999 -9999 -9999 -9999 -9999 -9999 -9999 -9999 -9999 1.62046E-2 1.72539E-2 1.79983E-2 2.12141E-2 2.79951E-2 2.84573E-2 1.80601E-2 2.14217E-2 2.03219E-2 1.43187E-2 1.13332E-2 1.18636E-2 1.05678E-2 1.05231E-2 1.16771E-2 2.16178E-2 -9999 -9999 -9999 6.83078E-2 5.03061E-2 1.49483E-2 4.08438E-3 3.58852E-3 1.01173E-2 3.44016E-2 5.20134E-2 4.40389E-2 3.57253E-2 2.22394E-2 1.1019E-2 2.01547E-2 2.36755E-2 3.33875E-2 4.69972E-2 3.74794E-2 4.74694E-2 5.11952E-2 5.18205E-2 5.0467E-2 5.08533E-2 4.16598E-2 2.087E-2 7.23628E-3 2.50667E-3 3.64003E-4 3.61224E-4 6.05507E-3 4.09604E-2 5.57523E-2 5.42711E-2 5.28276E-2 5.01206E-2 4.59124E-2 4.25491E-2 4.34145E-2
-9999 -9999 -9999 -9999 -9999 -9999 -9999 -9999 -9999 -9999 -9999 -9999 -9999 -9999 -9999 1.88907E-2 2.2204E-2 2.89108E-2 3.93683E-2 3.25447E-2 2.03686E-2 2.85394E-2 2.80177E-2 1.91733E-2 1.26209E-2 1.05713E-2 9.47287E-3 1.11735E-2 1.77923E-2 -9999 -9999 -9999 5.94512E-2 5.44261E-2 1.40632E-2 1.56741E-3 4.28748E-4 7.09902E-4 6.30742E-3 3.5699E-2 5.63872E-2 3.07802E-2 2.71626E-2 3.22394E-2 2.68442E-2 2.5469E-2 2.05384E-2 2.33822E-2 3.09767E-2 5.28787E-2 5.94767E-2 5.02072E-2 4.97175E-2 4.73099E-2 5.22611E-2 5.38405E-2 4.22724E-2 1.5581E-2 2.72051E-3 1.22703E-4 5.67688E-4 2.10061E-2 5.23871E-2 5.10322E-2 4.82872E-2 5.09733E-2 4.98555E-2 4.70235E-2 4.4636E-2 4.76707E-2
-9999 -9999 -9999 -9999 -9999 -9999 -9999 -9999 -9999 -9999 -9999 -9999 -9999 -9999 -9999 -9999 2.65018E-2 3.27799E-2 3.49308E-2 3.46092E-2 3.60015E-2 4.3873E-2 4.14551E-2 3.33003E-2 2.24401E-2 1.68838E-2 1.06307E-2 1.49367E-2 2.25943E-2 -9999 -9999 -9999 4.19946E-2 7.40226E-3 8.55316E-4 7.29646E-5 2.08986E-5 1.08903E-4 2.31133E-3 2.48315E-2 4.1977E-2 1.80538E-2 1.12394E-2 1.94512E-2 2.89679E-2 3.79864E-2 3.4437E-2 3.96439E-2 3.50662E-2 2.97245E-2 3.02179E-2 3.30484E-2 3.99229E-2 4.45027E-2 4.29024E-2 5.066E-2 4.26843E-2 2.30165E-2 1.25324E-2 2.90876E-2 4.90349E-2 4.09736E-2 3.88967E-2 4.39226E-2 5.15012E-2 5.11811E-2 4.81943E-2 4.4787E-2 4.23653E-2 4.24688E-2
-9999 -9999 -9999 -9999 -9999 -9999 -9999 -9999 -9999 -9999 -9999 -9999 -9999 -9999 -9999 -9999 -9999 2.66765E-2 2.68685E-2 2.97152E-2 3.59951E-2 3.51283E-2 3.82792E-2 3.25459E-2 1.83738E-2 9.54286E-3 1.23917E-2 -9999 -9999 -9999 -9999 -9999 -9999 4.28022E-4 5.84631E-5 5.87534E-6 5.15223E-7 3.46076E-6 4.12951E-4 2.78164E-2 4.30421E-2 3.41006E-2 2.5023E-2 1.45119E-2 1.67642E-2 2.80942E-2 3.36325E-2 4.23684E-2 4.35138E-2 4.36582E-2 4.33965E-2 3.95031E-2 3.61778E-2 3.07102E-2 3.40737E-2 3.57063E-2 3.86562E-2 4.18897E-2 3.84992E-2 3.84826E-2 3.89146E-2 4.20419E-2 4.23338E-2 4.87597E-2 5.5827E-2 5.13004E-2 4.46894E-2 3.88245E-2 3.73027E-2 3.38841E-2
-9999 -9999 -9999 -9999 -9999 -9999 -9999 -9999 -9999 -9999 -9999 -9999 -9999 -9999 -9999 -9999 -9999 -9999 2.02865E-2 2.25319E-2 2.10827E-2 2.04076E-2 1.88083E-2 1.74525E-2 1.30853E-2 -9999 -9999 -9999 -9999 -9999 -9999 -9999 -9999 6.45607E-6 1.08064E-7 2.40657E-8 2.3241E-9 3.37161E-8 5.31463E-5 3.74076E-2 4.48874E-2 3.88937E-2 3.15374E-2 1.67874E-2 1.43645E-2 2.19985E-2 2.88688E-2 3.35744E-2 4.25001E-2 4.36251E-2 4.35758E-2 4.02349E-2 3.79693E-2 4.21666E-2 4.28168E-2 4.16417E-2 3.97941E-2 4.21666E-2 4.34886E-2 4.33752E-2 4.4321E-2 4.84788E-2 4.87859E-2 5.16295E-2 5.95559E-2 5.58054E-2 4.82962E-2 4.49228E-2 3.72524E-2 2.83403E-2
-9999 -9999 -9999 -9999 -9999 -9999 -9999 -9999 -9999 -9999 -9999 -9999 -9999 -9999 -9999 -9999 -9999 -9999 -9999 -9999 2.3727E-2 1.63949E-2 -9999 -9999 -9999 -9999 -9999 -9999 -9999 -9999 -9999 -9999 -9999 -9999 9.82008E-11 1.9692E-12 6.9237E-13 8.5793E-10 3.56858E-5 3.42348E-2 5.9116E-2 5.03552E-2 4.70448E-2 2.81487E-2 1.00787E-2 1.56013E-2 2.83624E-2 4.1527E-2 4.99616E-2 4.75754E-2 4.80356E-2 4.26568E-2 3.61927E-2 3.65243E-2 3.4748E-2 3.48537E-2 3.67026E-2 4.12521E-2 4.75258E-2 4.91096E-2 5.31989E-2 5.60269E-2 5.50179E-2 6.07064E-2 6.328E-2 5.87713E-2 5.11434E-2 4.80901E-2 3.65998E-2 2.26418E-2
-9999 -9999 -9999 -9999 -9999 -9999 -9999 -9999 -9999 -9999 -9999 -9999 -9999 -9999 -9999 -9999 -9999 -9999 -9999 -9999 -9999 -9999 -9999 -9999 -9999 -9999 -9999 -9999 -9999 -9999 -9999 -9999 -9999 1.69788E-10 6.86907E-13 2.77158E-15 1.32816E-13 1.26886E-8 1.09583E-3 6.01568E-2 4.69064E-2 4.68865E-2 3.64196E-2 2.30116E-2 9.48648E-3 1.79256E-2 3.49346E-2 4.57053E-2 4.93619E-2 3.91347E-2 3.5824E-2 3.26339E-2 2.94098E-2 2.5183E-2 2.02398E-2 2.56969E-2 3.85981E-2 4.43842E-2 4.91087E-2 5.44926E-2 5.33311E-2 5.63436E-2 5.86184E-2 6.50261E-2 6.57023E-2 5.62071E-2 4.90917E-2 4.26128E-2 2.82782E-2 1.46256E-2
-9999 -9999 -9999 -9999 -9999 -9999 -9999 -9999 -9999 -9999 -9999 -9999 -9999 -9999 -9999 -9999 -9999 -9999 -9999 -9999 -9999 -9999 -9999 -9999 -9999 -9999 -9999 -9999 -9999 -9999 -9999 -9999 -9999 5.1747E-11 2.91232E-14 2.07287E-16 2.52987E-13 1.34646E-6 1.15091E-2 6.50932E-2 5.26966E-2 4.78392E-2 4.0088E-2 2.3622E-2 9.80049E-3 1.71894E-2 3.13954E-2 3.85681E-2 4.40354E-2 4.41928E-2 3.75335E-2 3.20554E-2 3.9413E-2 3.67469E-2 3.27137E-2 3.00416E-2 3.93938E-2 4.75795E-2 5.16295E-2 5.25945E-2 5.33941E-2 5.6091E-2 5.95453E-2 6.09616E-2 4.72759E-2 3.791E-2 3.38427E-2 3.05519E-2 2.04762E-2 1.04941E-2
-9999 -9999 -9999 -9999 -9999 -9999 -9999 -9999 -9999 -9999 -9999 -9999 -9999 -9999 -9999 -9999 -9999 -9999 -9999 -9999 -9999 -9999 -9999 -9999 -9999 -9999 -9999 -9999 -9999 -9999 -9999 -9999 4.56931E-8 4.26666E-11 1.04881E-15 3.664E-18 2.07902E-13 7.19579E-6 3.91998E-2 4.77422E-2 4.82902E-2 4.8347E-2 4.63065E-2 3.63395E-2 1.92098E-2 3.20158E-2 4.20336E-2 4.88076E-2 4.40404E-2 3.55631E-2 2.69856E-2 2.36014E-2 2.78997E-2 3.4841E-2 3.70413E-2 4.27481E-2 4.79607E-2 5.02549E-2 5.00734E-2 4.88603E-2 5.15331E-2 5.60472E-2 5.8503E-2 5.88365E-2 4.52876E-2 3.22804E-2 2.23503E-2 1.70769E-2 1.45388E-2 9.32874E-3
-9999 -9999 -9999 -9999 -9999 -9999 -9999 -9999 -9999 -9999 -9999 -9999 -9999 -9999 -9999 -9999 -9999 -9999 -9999 -9999 -9999 -9999 -9999 -9999 -9999 -9999 -9999 -9999 -9999 -9999 -9999 -9999 1.09636E-9 1.98693E-13 6.54668E-20 4.24065E-21 1.18235E-15 1.56782E-6 4.85475E-2 4.27744E-2 4.26955E-2 4.59371E-2 4.26894E-2 3.77152E-2 2.84731E-2 2.40072E-2 3.84387E-2 4.5952E-2 3.95493E-2 3.15886E-2 2.23507E-2 1.80017E-2 1.78352E-2 2.473E-2 3.54632E-2 4.07262E-2 4.49815E-2 5.06497E-2 4.14766E-2 3.76531E-2 4.58165E-2 5.15223E-2 5.65696E-2 5.44261E-2 4.60297E-2 3.33567E-2 1.97885E-2 1.24562E-2 1.05546E-2 1.06199E-2
-9999 -9999 -9999 -9999 -9999 -9999 -9999 -9999 -9999 -9999 -9999 -9999 -9999 -9999 -9999 -9999 -9999 -9999 -9999 -9999 -9999 -9999 -9999 -9999 -9999 -9999 -9999 -9999 -9999 -9999 -9999 -9999 1.16405E-10 2.62635E-16 9.31648E-24 4.2853E-28 1.90827E-21 6.67756E-11 7.20672E-3 4.38288E-2 4.71958E-2 4.65291E-2 4.12993E-2 3.26032E-2 2.14217E-2 1.52993E-2 2.85553E-2 3.22551E-2 2.93466E-2 2.24987E-2 1.78662E-2 1.46101E-2 1.59052E-2 2.4149E-2 3.22472E-2 3.90014E-2 4.48403E-2 5.07534E-2 4.42861E-2 3.78248E-2 4.14626E-2 5.6448E-2 5.51375E-2 5.12994E-2 4.28779E-2 3.25836E-2 2.13398E-2 1.42205E-2 1.11929E-2 1.2221E-2
-9999 -9999 -9999 -9999 -9999 -9999 -9999 -9999 -9999 -9999 -9999 -9999 -9999 -9999 -9999 -9999 -9999 -9999 -9999 -9999 -9999 -9999 -9999 -9999 -9999 -9999 -9999 -9999 -9999 -9999 -9999 -9999 3.05882E-13 8.47962E-19 3.76936E-27 1.89185E-29 1.02209E-29 2.87573E-23 1.76877E-6 4.92687E-2 5.27172E-2 5.43064E-2 4.6955E-2 3.18762E-2 1.79727E-2 1.03991E-2 1.36054E-2 1.54496E-2 1.75092E-2 1.73599E-2 2.03E-2 2.18584E-2 2.4111E-2 2.76802E-2 3.44782E-2 4.20868E-2 4.86957E-2 5.11266E-2 4.59781E-2 3.77446E-2 3.59459E-2 3.88157E-2 4.48075E-2 4.16206E-2 3.26803E-2 2.74474E-2 2.59349E-2 2.15101E-2 1.70185E-2 1.44661E-2
-9999 -9999 -9999 -9999 -9999 -9999 -9999 -9999 -9999 -9999 -9999 -9999 -9999 -9999 -9999 -9999 -9999 -9999 -9999 -9999 -9999 -9999 -9999 -9999 -9999 -9999 -9999 -9999 -9999 -9999 -9999 -9999 4.2079E-13 3.15906E-20 8.6453E-28 1.46018E-31 8.68607E-28 1.60597E-19 5.63998E-7 4.41496E-2 4.7939E-2 5.43064E-2 4.75879E-2 3.55425E-2 2.3622E-2 1.29672E-2 9.48648E-3 1.14849E-2 1.58318E-2 1.92847E-2 2.3504E-2 2.70119E-2 2.90853E-2 3.57063E-2 4.16824E-2 4.68718E-2 5.17297E-2 5.20523E-2 4.52725E-2 3.96193E-2 3.47844E-2 3.11122E-2 2.75286E-2 3.24482E-2 3.43266E-2 3.1526E-2 2.71911E-2 2.13263E-2 1.16777E-2 1.01515E-2
-9999 -9999 -9999 -9999 -9999 -9999 -9999 -9999 -9999 -9999 -9999 -9999 -9999 -9999 -9999 -9999 -9999 -9999 -9999 -9999 -9999 -9999 -9999 -9999 -9999 -9999 -9999 -9999 -9999 -9999 -9999 -9999 -9999 1.64142E-21 1.21824E-26 1.07651E-29 6.78491E-24 9.22053E-16 1.08176E-6 2.25719E-2 5.6551E-2 5.61722E-2 5.23993E-2 3.95759E-2 2.65548E-2 2.23768E-2 1.2735E-2 1.07628E-2 1.91154E-2 2.23453E-2 2.82925E-2 3.38651E-2 3.58889E-2 4.1329E-2 4.72703E-2 5.13978E-2 5.37133E-2 5.49834E-2 5.14108E-2 4.58153E-2 3.7479E-2 3.14955E-2 3.19866E-2 3.33896E-2 3.54577E-2 3.52464E-2 3.22701E-2 2.33779E-2 1.36812E-2 1.33053E-2
-9999 -9999 -9999 -9999 -9999 -9999 -9999 -9999 -9999 -9999 -9999 -9999 -9999 -9999 -9999 -9999 -9999 -9999 -9999 -9999 -9999 -9999 -9999 -9999 -9999 -9999 -9999 -9999 -9999 -9999 -9999 -9999 -9999 1.65599E-22 1.2036E-24 1.51912E-29 2.03273E-25 2.43528E-16 2.40556E-5 6.15833E-2 5.48778E-2 5.6987E-2 5.29236E-2 4.17541E-2 3.6478E-2 2.89572E-2 1.22474E-2 1.03187E-2 1.37392E-2 1.87881E-2 2.46376E-2 3.24498E-2 3.99666E-2 4.71223E-2 4.87122E-2 5.10297E-2 5.35447E-2 5.44228E-2 5.47488E-2 5.21544E-2 4.62493E-2 3.68248E-2 3.52827E-2 3.68017E-2 3.92076E-2 4.17368E-2 3.98462E-2 3.65466E-2 2.89408E-2 2.68769E-2
