KUENM/Final_Models/M_0.1_F_lq_Set_2_EC/sp1_8_se_asia.asc
ncols         320
nrows         243
xllcorner     44.0
yllcorner     -0.666666666666667
cellsize      0.166666666666667
NODATA_value  -9999
[rows 62 to 92 of 243, columns 210 to 279 of 320]
3.60007E-6 4.13747E-9 4.43045E-10 4.31036E-10 5.95025E-8 7.82736E-7 2.13239E-6 7.33909E-7 1.29249E-5 1.63372E-5 8.60509E-6 1.07594E-5 8.39838E-5 3.47709E-4 1.21904E-3 1.46311E-4 7.46871E-3 4.89961E-4 8.5882E-5 5.81153E-6 1.37886E-8 7.7282E-11 1.63728E-10 4.20067E-9 1.16332E-8 6.12907E-10 -9999 -9999 -9999 -9999 -9999 -9999 -9999 -9999 -9999 -9999 -9999 -9999 -9999 -9999 -9999 -9999 -9999 -9999 -9999 -9999 -9999 -9999 -9999 -9999 -9999 -9999 -9999 -9999 -9999 -9999 -9999 -9999 -9999 -9999 -9999 -9999 -9999 -9999 -9999 -9999 -9999 -9999 -9999 -9999
3.12362E-4 1.2834E-6 4.21656E-10 4.0793E-10 3.2822E-8 2.86431E-7 9.2511E-7 1.14486E-6 1.66581E-5 2.56576E-5 2.60415E-5 4.12468E-5 9.35341E-5 3.87583E-4 6.18248E-4 1.44528E-3 1.17781E-3 7.35957E-4 4.05252E-4 1.97701E-4 6.346E-6 1.96496E-9 7.84205E-10 2.28898E-9 8.23693E-10 2.68611E-10 4.76762E-12 -9999 -9999 1.02731E-9 1.08817E-9 -9999 -9999 -9999 -9999 -9999 -9999 -9999 -9999 -9999 -9999 -9999 -9999 -9999 -9999 -9999 -9999 -9999 -9999 -9999 -9999 -9999 -9999 -9999 -9999 -9999 -9999 -9999 -9999 -9999 -9999 -9999 -9999 -9999 -9999 -9999 -9999 -9999 -9999 -9999
6.57092E-3 4.69841E-4 1.74657E-5 6.25321E-7 6.93273E-8 4.57393E-8 3.29433E-7 6.7421E-7 9.52905E-7 8.23218E-6 1.46367E-5 2.6414E-5 2.89757E-5 6.99351E-5 4.10806E-4 2.19808E-3 1.48846E-3 3.81546E-5 7.79431E-6 1.59088E-6 6.17679E-6 4.81264E-5 9.05828E-7 5.90534E-7 5.02295E-10 1.92086E-10 1.90044E-10 8.85734E-13 2.2017E-13 9.21213E-7 8.19374E-10 -9999 -9999 -9999 -9999 -9999 -9999 -9999 -9999 -9999 -9999 -9999 -9999 -9999 -9999 -9999 -9999 -9999 -9999 -9999 -9999 -9999 -9999 -9999 -9999 -9999 -9999 -9999 -9999 -9999 -9999 -9999 -9999 -9999 -9999 -9999 -9999 -9999 -9999 -9999
3.72411E-2 1.32793E-2 8.35813E-3 2.24366E-3 1.86847E-4 3.10406E-5 7.67647E-5 2.65956E-4 1.00284E-5 9.8036E-7 1.06384E-6 8.07489E-7 3.53754E-6 1.43231E-5 6.71134E-5 9.45147E-5 7.72808E-4 8.40746E-4 3.25709E-4 1.57569E-3 1.27158E-4 8.05958E-5 3.33726E-6 2.47478E-5 1.52978E-7 3.03192E-9 2.25965E-10 4.72129E-12 5.9531E-8 9.76201E-8 2.65233E-12 -9999 -9999 -9999 -9999 -9999 -9999 -9999 -9999 -9999 -9999 -9999 -9999 -9999 -9999 -9999 -9999 -9999 -9999 -9999 -9999 -9999 -9999 -9999 -9999 -9999 -9999 -9999 -9999 -9999 -9999 -9999 -9999 -9999 -9999 -9999 -9999 -9999 -9999 -9999
9.56794E-2 5.3506E-2 3.60024E-2 2.27077E-2 6.52509E-3 7.0356E-4 3.18191E-4 5.9288E-5 2.38042E-6 6.69713E-7 2.63874E-7 6.01338E-8 1.22489E-7 1.20382E-6 1.77119E-5 1.77375E-5 6.85812E-5 2.63863E-4 5.9318E-5 2.15507E-5 6.32732E-5 6.54435E-5 1.94714E-5 2.98183E-6 2.12904E-10 5.40411E-13 4.45681E-14 2.14429E-9 3.74884E-7 3.21385E-10 1.65516E-11 2.30316E-10 2.61781E-13 -9999 -9999 -9999 -9999 -9999 -9999 -9999 -9999 -9999 -9999 -9999 -9999 -9999 -9999 -9999 -9999 -9999 -9999 -9999 -9999 -9999 -9999 -9999 -9999 -9999 -9999 -9999 -9999 -9999 -9999 -9999 -9999 -9999 -9999 -9999 -9999 -9999
1.34011E-1 8.9986E-2 6.0647E-2 3.31433E-2 6.79379E-3 1.66626E-3 1.39293E-3 2.91166E-4 1.46769E-5 4.95778E-6 4.65435E-6 7.89436E-7 9.8526E-8 1.26838E-8 5.68113E-8 2.13708E-8 1.81973E-6 1.78554E-5 1.32827E-6 8.0639E-7 2.14103E-6 2.99204E-6 2.26357E-5 4.5097E-5 2.64521E-6 1.8666E-5 5.38337E-6 9.10777E-5 5.11733E-7 1.57311E-11 3.65615E-10 3.23552E-9 5.11559E-7 6.77095E-11 2.29309E-8 -9999 2.62668E-10 -9999 -9999 -9999 -9999 -9999 -9999 -9999 -9999 -9999 -9999 -9999 -9999 -9999 -9999 -9999 -9999 -9999 -9999 -9999 -9999 -9999 -9999 -9999 -9999 -9999 -9999 -9999 -9999 -9999 -9999 -9999 -9999 -9999
1.39455E-1 1.15005E-1 7.33277E-2 2.7556E-2 4.10525E-3 1.85156E-3 3.41967E-3 2.91054E-3 5.18566E-4 2.28393E-4 1.56794E-4 7.91074E-5 1.38219E-5 2.62815E-6 1.45148E-7 4.54104E-9 4.71057E-8 3.63273E-6 1.05519E-4 4.93747E-5 2.43786E-5 3.35902E-6 1.17499E-5 3.27055E-5 8.16737E-6 5.48073E-6 6.77031E-9 4.05105E-12 2.1644E-6 8.53423E-8 1.4606E-5 3.12482E-6 2.6359E-5 2.50458E-9 6.86738E-9 3.95003E-4 -9999 -9999 -9999 -9999 -9999 -9999 -9999 -9999 -9999 -9999 -9999 -9999 -9999 -9999 -9999 -9999 -9999 -9999 -9999 -9999 -9999 -9999 -9999 -9999 -9999 -9999 -9999 -9999 -9999 -9999 -9999 -9999 -9999 -9999
1.5464E-1 1.321E-1 8.49715E-2 3.89481E-2 5.55186E-3 2.78451E-3 4.42635E-3 6.42678E-3 3.84537E-3 2.81165E-3 3.5058E-3 4.28256E-3 9.93302E-4 2.11107E-4 1.63611E-4 2.11076E-4 8.64881E-5 5.70154E-6 2.78073E-5 8.60887E-5 4.18883E-5 8.52016E-6 1.97134E-6 3.6596E-7 2.38932E-8 1.16519E-8 1.04895E-11 1.36221E-15 4.33311E-26 4.24519E-30 6.63587E-28 9.90112E-24 1.54686E-18 1.11624E-6 5.04132E-5 4.33272E-5 1.86619E-5 2.68689E-6 1.22824E-5 2.75944E-10 -9999 -9999 -9999 -9999 -9999 -9999 -9999 -9999 -9999 -9999 -9999 -9999 -9999 -9999 -9999 -9999 -9999 -9999 -9999 -9999 -9999 -9999 -9999 -9999 -9999 4.90317E-12 7.98887E-13 4.95578E-14 2.59298E-12 -9999
2.1287E-1 1.72818E-1 1.18375E-1 7.20828E-2 3.00359E-2 1.40234E-2 1.14818E-2 1.78166E-2 1.52061E-2 1.23738E-2 1.47694E-2 1.73148E-2 8.66141E-3 4.80378E-3 7.68872E-3 1.92128E-2 1.61948E-2 3.04311E-3 3.29468E-5 1.53195E-5 1.9112E-5 4.77056E-5 1.02075E-4 2.39397E-5 8.44921E-8 2.91036E-8 3.57049E-12 1.73411E-14 5.52015E-20 5.06867E-22 4.77694E-24 3.94165E-22 4.91766E-21 9.11691E-17 6.04143E-13 1.25896E-9 2.11065E-6 2.73244E-6 2.3254E-6 4.29323E-7 2.50739E-7 -9999 1.41741E-9 -9999 -9999 1.12406E-13 -9999 -9999 -9999 -9999 -9999 -9999 -9999 -9999 -9999 -9999 -9999 1.18688E-11 -9999 -9999 -9999 -9999 -9999 3.73805E-10 9.40675E-9 1.90788E-10 9.49999E-10 3.07628E-11 3.11992E-13 -9999
3.07944E-1 2.33067E-1 1.83025E-1 1.32676E-1 8.58871E-2 5.69642E-2 5.46508E-2 6.14673E-2 3.5394E-2 2.50659E-2 2.38763E-2 2.64642E-2 2.29332E-2 2.30825E-2 3.28857E-2 3.98605E-2 2.52013E-2 4.56106E-3 1.30657E-4 1.67897E-5 1.37803E-5 4.25348E-5 1.985E-4 3.13899E-4 1.74185E-5 2.05721E-6 3.79919E-8 2.70395E-9 6.73289E-12 2.69273E-14 1.24464E-15 4.48477E-16 1.95198E-15 2.2462E-14 1.95708E-13 5.48494E-11 4.05752E-10 8.03752E-9 1.08464E-10 1.62894E-13 1.71241E-12 1.79548E-11 -9999 2.02484E-7 -9999 1.5581E-11 1.93071E-10 5.82588E-14 -9999 -9999 -9999 -9999 -9999 -9999 -9999 7.74346E-13 7.49464E-11 2.19457E-10 1.39096E-11 -9999 -9999 -9999 2.35179E-9 3.46573E-8 4.07843E-6 3.88155E-9 2.05243E-7 7.68296E-11 3.79701E-10 1.47534E-9
3.91088E-1 3.0714E-1 2.48786E-1 2.01891E-1 1.53331E-1 1.07852E-1 9.05719E-2 7.66508E-2 4.66997E-2 3.4045E-2 3.82256E-2 3.99487E-2 3.92101E-2 4.12417E-2 4.55637E-2 3.84612E-2 2.11023E-2 5.83819E-3 8.10144E-4 9.97072E-5 2.14514E-5 3.3478E-5 1.42065E-4 3.77257E-4 1.54475E-4 7.75368E-6 6.72405E-8 8.36211E-9 5.05401E-11 7.92115E-12 2.78122E-13 7.32924E-13 7.14819E-12 2.62814E-11 4.97391E-11 1.6195E-11 6.89603E-9 9.5008E-9 2.95309E-10 4.44245E-9 8.06255E-13 4.55786E-16 9.93607E-13 2.41903E-12 4.9571E-8 2.60504E-10 3.47888E-8 8.10279E-12 7.21584E-10 3.56026E-8 2.25156E-13 2.19579E-9 1.32147E-9 3.22228E-10 1.44775E-13 7.99731E-13 2.57063E-9 2.4933E-7 3.87025E-8 -9999 -9999 1.0511E-9 1.14537E-9 2.84085E-8 4.01714E-6 7.09258E-6 8.65058E-6 5.50072E-8 3.89042E-7 2.06963E-7
4.51272E-1 3.75763E-1 3.16682E-1 2.83612E-1 2.22461E-1 1.49884E-1 9.48791E-2 7.12789E-2 4.87349E-2 2.66457E-2 4.22895E-2 5.11588E-2 5.3678E-2 5.43229E-2 5.20566E-2 3.67354E-2 1.95299E-2 7.34922E-3 2.24602E-3 6.77452E-4 2.71551E-4 2.24277E-4 3.54655E-4 8.87677E-4 6.21261E-4 3.39949E-5 3.25652E-6 1.0853E-7 1.13189E-8 5.94627E-11 1.06613E-12 1.16449E-10 9.74772E-9 8.06496E-9 7.70415E-10 1.42401E-8 3.58258E-11 9.98817E-10 1.42323E-10 1.11831E-6 1.20987E-6 9.10398E-12 7.97868E-11 1.34564E-12 6.95655E-10 6.78353E-9 7.87335E-12 8.73903E-9 1.18062E-11 1.42361E-17 3.29122E-11 7.23232E-8 7.09651E-8 1.99589E-7 7.97197E-12 3.40813E-10 3.28511E-8 2.23647E-8 3.50757E-7 -9999 1.9987E-9 2.59513E-7 1.48724E-7 1.46273E-6 2.97555E-8 2.46118E-14 4.87655E-6 1.51325E-5 9.16362E-6 2.2876E-5
5.00484E-1 4.45819E-1 3.86002E-1 3.51588E-1 2.95751E-1 2.16689E-1 1.02376E-1 7.5717E-2 7.12789E-2 4.9935E-2 6.36362E-2 8.27338E-2 7.53667E-2 7.08112E-2 5.96045E-2 3.93485E-2 2.09003E-2 9.9348E-3 5.33837E-3 2.90948E-3 1.68077E-3 1.22704E-3 1.41826E-3 1.90215E-3 1.08952E-3 2.17669E-4 1.38706E-4 5.50377E-5 2.01867E-6 1.18323E-7 4.6026E-8 1.9011E-7 9.38735E-7 4.34127E-7 1.12734E-8 4.12273E-10 2.97802E-9 4.6792E-7 4.22263E-7 2.85572E-6 2.62186E-5 4.07473E-5 4.27547E-5 9.94904E-8 3.00281E-10 5.78681E-12 2.52774E-12 1.77789E-12 1.07359E-10 1.0759E-8 8.83944E-12 3.55904E-11 6.47728E-12 2.98794E-10 3.1818E-7 3.90169E-9 6.40211E-12 1.88795E-15 4.16459E-7 -9999 8.38635E-8 2.28233E-6 2.79723E-6 3.62603E-6 4.33199E-6 3.3817E-13 2.58099E-6 7.52056E-6 4.70811E-7 2.84627E-8
5.21796E-1 4.89921E-1 4.33123E-1 3.7651E-1 3.69633E-1 3.59261E-1 2.30579E-1 1.22325E-1 9.09859E-2 9.2918E-2 1.41493E-1 1.45377E-1 1.20686E-1 9.82648E-2 7.68709E-2 4.92307E-2 2.6184E-2 1.33017E-2 1.28339E-2 1.27474E-2 7.52797E-3 4.24828E-3 3.84537E-3 3.97562E-3 1.35522E-3 2.79226E-4 2.96445E-4 7.23212E-4 1.66147E-4 1.81047E-5 8.13935E-6 9.97486E-6 5.43567E-5 6.46223E-4 4.38145E-5 1.51397E-8 1.25294E-10 2.45111E-10 8.15956E-11 5.56973E-9 3.97258E-5 8.68797E-4 6.13875E-4 2.987E-4 5.13566E-5 3.35618E-5 5.20395E-7 5.07702E-11 2.01042E-8 3.64566E-3 5.86705E-10 3.20314E-9 5.79728E-8 2.93526E-12 4.38803E-11 5.41853E-19 9.21598E-21 5.11979E-22 6.60653E-12 1.98712E-7 2.68626E-8 2.32495E-6 2.12534E-6 7.49687E-7 1.60431E-6 3.47798E-14 2.33309E-29 1.4534E-10 3.05635E-7 8.69735E-19
5.05236E-1 5.26266E-1 4.54247E-1 3.83351E-1 4.01947E-1 4.20159E-1 3.30666E-1 1.94802E-1 1.22325E-1 1.24688E-1 1.7058E-1 1.81292E-1 1.85744E-1 1.6264E-1 1.14286E-1 6.95149E-2 3.80328E-2 2.1901E-2 3.56076E-2 5.46508E-2 2.54094E-2 1.16555E-2 9.42463E-3 8.59163E-3 3.24612E-3 6.00165E-4 7.82541E-4 2.38402E-3 1.22042E-3 3.25987E-4 2.95144E-4 5.17261E-4 7.15438E-4 2.18948E-3 4.72584E-3 7.44494E-4 4.56585E-6 6.13551E-8 1.12274E-8 6.01251E-8 1.54339E-6 5.92392E-5 5.73927E-4 4.55062E-4 1.52968E-3 2.64839E-4 1.01611E-3 2.68768E-6 2.12654E-3 1.3424E-2 2.93633E-5 2.88795E-4 5.03973E-8 3.49602E-12 2.89292E-14 7.42996E-22 3.24473E-24 1.14469E-23 1.82999E-20 1.44013E-26 4.4745E-18 9.62364E-20 5.19258E-13 8.98552E-9 1.19876E-9 6.51235E-19 1.92075E-38 1.23375E-17 6.45135E-23 1.50389E-24
4.30537E-1 4.76893E-1 4.43306E-1 4.00271E-1 4.15235E-1 4.10277E-1 3.38364E-1 2.47819E-1 2.18289E-1 2.36183E-1 2.15631E-1 2.03018E-1 2.60233E-1 2.5962E-1 1.57119E-1 9.07047E-2 5.70995E-2 3.80328E-2 4.51727E-2 8.05004E-2 3.94458E-2 2.13744E-2 1.99284E-2 2.35504E-2 1.9208E-2 6.31894E-3 3.93256E-3 5.09597E-3 3.70055E-3 1.29698E-3 2.16203E-3 5.78775E-3 7.06855E-3 6.6346E-3 1.49753E-2 6.68694E-3 6.04464E-4 1.00246E-4 5.87396E-5 1.27644E-4 1.55374E-4 1.04434E-4 5.50456E-5 1.2037E-4 2.33724E-3 1.07701E-3 1.78734E-3 1.48905E-3 1.01229E-3 6.48509E-3 6.83252E-3 1.29167E-4 3.55371E-7 2.18416E-11 4.74645E-20 1.21996E-25 5.9055E-29 5.43653E-35 4.21511E-42 0E0 4.16186E-43 7.9874E-44 0E0 1.2298E-26 3.99005E-23 2.25609E-43 0E0 1.65774E-42 0E0 1.3277E-40
3.75857E-1 4.29402E-1 4.25679E-1 4.17505E-1 4.31516E-1 4.18521E-1 3.64455E-1 3.10375E-1 3.19121E-1 3.48832E-1 2.69267E-1 2.22498E-1 3.07427E-1 2.68761E-1 1.71569E-1 1.19234E-1 8.94408E-2 6.0556E-2 4.86336E-2 6.39093E-2 4.80424E-2 3.8359E-2 4.35187E-2 5.8221E-2 6.56662E-2 2.93931E-2 1.29616E-2 1.39054E-2 1.30496E-2 8.2249E-3 1.14578E-2 1.89857E-2 1.38186E-2 1.21906E-2 1.89877E-2 1.1478E-2 4.68939E-3 4.35313E-3 3.16871E-3 8.84078E-3 1.01998E-2 4.41371E-3 1.69381E-3 5.38901E-4 1.73795E-4 1.07574E-4 2.62528E-5 1.45771E-7 3.38455E-11 1.15939E-9 2.69647E-8 7.68093E-12 2.957E-16 1.85536E-17 2.28277E-18 6.07644E-22 6.33791E-34 1.48834E-39 1.14416E-41 1.06359E-42 1.4013E-45 0E0 0E0 0E0 0E0 0E0 0E0 0E0 0E0 2.10195E-44
4.36172E-1 4.40623E-1 4.56278E-1 4.60396E-1 4.60396E-1 4.6192E-1 4.47387E-1 4.37917E-1 4.33755E-1 4.05909E-1 3.49417E-1 3.21432E-1 3.16178E-1 2.59029E-1 1.87724E-1 1.70138E-1 1.49038E-1 1.00306E-1 5.51013E-2 6.41734E-2 8.03205E-2 9.52581E-2 9.92816E-2 8.78632E-2 7.79952E-2 4.68088E-2 2.72023E-2 2.56862E-2 2.38989E-2 2.9285E-2 4.80424E-2 6.50905E-2 5.62946E-2 3.5394E-2 3.47093E-2 3.14533E-2 2.13708E-2 3.36251E-3 1.97097E-3 1.12102E-2 2.90915E-2 2.16789E-2 2.73182E-2 2.0508E-2 1.53712E-3 3.27983E-4 5.44954E-5 1.85554E-6 1.84535E-8 2.72736E-10 2.75684E-13 9.95724E-18 4.07691E-19 1.364E-17 9.63371E-17 7.928E-17 1.74627E-25 5.77542E-34 2.59817E-37 3.94207E-36 4.61168E-34 1.61926E-37 0E0 0E0 0E0 0E0 0E0 2.41584E-42 1.52462E-39 1.5386E-37
4.70296E-1 4.50406E-1 4.53184E-1 4.5163E-1 4.52698E-1 4.88495E-1 4.76893E-1 4.78362E-1 4.57331E-1 3.99679E-1 3.59853E-1 3.3938E-1 3.09596E-1 2.65844E-1 2.37223E-1 2.36758E-1 2.33462E-1 1.76895E-1 1.09131E-1 8.2374E-2 1.04831E-1 1.42492E-1 1.25102E-1 9.29032E-2 7.66996E-2 5.8991E-2 3.88771E-2 3.20053E-2 3.7802E-2 7.29718E-2 1.47238E-1 1.36413E-1 9.74331E-2 4.64041E-2 4.87349E-2 6.97084E-2 5.36545E-2 5.60403E-3 8.95925E-4 1.32289E-2 6.95655E-2 7.71534E-2 6.54557E-2 8.70976E-2 6.62042E-2 1.93771E-2 1.63685E-3 1.58578E-4 5.45886E-6 8.41852E-8 2.50186E-10 1.87645E-13 1.35219E-15 9.14815E-16 2.01031E-15 2.08118E-16 1.18017E-20 1.46305E-26 4.50589E-30 1.52289E-29 4.03357E-28 4.35536E-30 1.21202E-37 3.62936E-43 5.01665E-43 1.84651E-39 4.23956E-36 7.40194E-34 3.12873E-32 1.86625E-30
4.56613E-1 4.04711E-1 3.89534E-1 3.9462E-1 3.92927E-1 4.29402E-1 4.27302E-1 3.96309E-1 3.32376E-1 2.97643E-1 3.09596E-1 3.28872E-1 3.13098E-1 2.85183E-1 2.81321E-1 2.76142E-1 2.55149E-1 2.18833E-1 1.67293E-1 9.09677E-2 7.15639E-2 1.23076E-1 1.16126E-1 6.77867E-2 7.34957E-2 7.18657E-2 3.74835E-2 3.2491E-2 7.01353E-2 1.55152E-1 1.99915E-1 1.36121E-1 9.23168E-2 4.80424E-2 5.75387E-2 8.49715E-2 1.27812E-1 1.47976E-1 4.02154E-2 3.23133E-2 5.86652E-2 8.04978E-2 7.32547E-2 1.10373E-1 1.02909E-1 5.3277E-2 1.2005E-2 2.30694E-3 2.93883E-4 3.17409E-5 6.09255E-7 1.15854E-9 2.04972E-12 9.09134E-14 5.14101E-14 6.4603E-15 3.52395E-17 4.68089E-20 2.55954E-22 1.54209E-23 3.64181E-25 4.11677E-28 1.06511E-31 3.33449E-34 1.67558E-32 2.9454E-29 1.68838E-27 1.73005E-26 6.06988E-26 1.30029E-24
3.79783E-1 3.2917E-1 3.15141E-1 3.48425E-1 3.89855E-1 4.00004E-1 3.6755E-1 3.02884E-1 1.85621E-1 1.66696E-1 2.6478E-1 3.25663E-1 3.22155E-1 3.02599E-1 3.1485E-1 2.96951E-1 2.53947E-1 2.16067E-1 1.78822E-1 1.23076E-1 1.03257E-1 1.53796E-1 1.34519E-1 5.43892E-2 7.68386E-2 7.11503E-2 1.82858E-2 2.6269E-2 1.10015E-1 3.25366E-1 3.35442E-1 1.48441E-1 9.99074E-2 9.75889E-2 1.1467E-1 1.28286E-1 1.91173E-1 2.75075E-1 1.21853E-1 6.53964E-2 5.16779E-2 7.04818E-2 1.65021E-1 1.69878E-1 1.09954E-1 5.59641E-2 2.48991E-2 1.04101E-2 3.08964E-3 6.57936E-4 6.1114E-5 6.14568E-7 2.67595E-9 3.24868E-11 1.08935E-11 2.71759E-12 1.34565E-13 6.71623E-15 2.90957E-16 6.85138E-18 4.77161E-20 1.69572E-22 7.17136E-25 6.13029E-26 1.10727E-24 3.88995E-22 4.68963E-21 2.38131E-21 9.43079E-23 9.74375E-26
2.92566E-1 2.71637E-1 2.90672E-1 3.89855E-1 4.80653E-1 4.61403E-1 3.81498E-1 3.50339E-1 2.53025E-1 2.07227E-1 2.96053E-1 3.2917E-1 3.04633E-1 3.09884E-1 3.22155E-1 3.04347E-1 2.42203E-1 1.98782E-1 1.97242E-1 1.95707E-1 1.89624E-1 2.19609E-1 2.03753E-1 1.24755E-1 1.03564E-1 5.84824E-2 2.10795E-2 3.70793E-2 1.17954E-1 3.554E-1 3.58879E-1 1.66696E-1 1.30803E-1 1.39573E-1 1.53796E-1 1.52115E-1 1.73007E-1 1.84254E-1 1.5849E-1 1.28711E-1 7.71406E-2 8.94408E-2 1.66323E-1 2.34707E-1 1.58768E-1 7.62049E-2 3.7486E-2 2.47264E-2 1.04873E-2 2.13137E-3 3.04854E-4 2.84868E-5 1.33866E-6 6.25023E-8 9.13067E-9 2.03356E-9 4.55959E-10 1.33435E-10 1.75584E-11 3.28103E-13 2.98196E-15 3.03503E-17 3.60195E-19 2.54932E-20 4.16565E-20 6.27387E-19 5.03545E-19 9.0507E-21 1.19818E-24 7.70092E-25
2.63216E-1 2.6151E-1 2.99544E-1 4.21594E-1 5.40661E-1 5.60358E-1 5.37249E-1 5.14223E-1 5.03428E-1 3.86542E-1 3.5734E-1 3.72934E-1 3.27579E-1 3.31087E-1 3.37932E-1 2.95617E-1 2.37579E-1 2.03434E-1 2.09711E-1 2.35571E-1 2.44233E-1 2.42564E-1 2.07106E-1 1.91649E-1 1.51626E-1 8.31186E-2 5.25677E-2 6.50031E-2 1.47646E-1 2.78707E-1 2.85636E-1 1.90247E-1 1.78328E-1 1.91763E-1 1.9931E-1 2.05536E-1 1.72215E-1 1.97552E-1 2.16067E-1 2.19273E-1 1.55152E-1 5.81592E-2 8.62554E-2 2.4007E-1 1.69689E-1 8.75595E-2 4.80424E-2 2.78758E-2 1.19119E-2 3.41496E-3 1.02763E-3 5.11179E-4 1.38969E-4 1.55311E-5 2.28482E-6 5.47881E-7 2.10713E-7 1.52238E-7 4.13E-8 4.45038E-10 5.3618E-12 1.54053E-13 2.6914E-15 7.64574E-17 1.16075E-17 1.59859E-18 1.66348E-22 1.17189E-28 7.12455E-33 5.66948E-28
3.48425E-1 3.04633E-1 3.09884E-1 3.8645E-1 5.16767E-1 5.92255E-1 5.85847E-1 5.11286E-1 4.67387E-1 4.0847E-1 4.06802E-1 4.65996E-1 4.16876E-1 3.8833E-1 3.83209E-1 3.18648E-1 2.42564E-1 2.16399E-1 2.27369E-1 2.62811E-1 2.7826E-1 2.6992E-1 2.08681E-1 1.66799E-1 1.52972E-1 1.11202E-1 1.00517E-1 1.10053E-1 1.9629E-1 2.92493E-1 3.04715E-1 2.37894E-1 2.23139E-1 2.44643E-1 2.92593E-1 2.90851E-1 2.15154E-1 2.73505E-1 3.65991E-1 3.13388E-1 2.16628E-1 1.0135E-1 1.02515E-1 1.72215E-1 1.4977E-1 9.31203E-2 4.73887E-2 2.5245E-2 1.31792E-2 7.56334E-3 5.88164E-3 4.45934E-3 2.38402E-3 3.89292E-4 6.8136E-5 1.92251E-5 8.78114E-6 1.63077E-6 8.37534E-8 5.93785E-9 3.1569E-10 1.62159E-11 5.38251E-13 1.44319E-14 3.98658E-16 2.73015E-18 2.97165E-25 1.079E-43 0E0 2.52953E-40
4.80653E-1 4.01684E-1 3.8613E-1 4.16336E-1 4.81774E-1 5.54804E-1 5.13014E-1 3.67386E-1 2.80119E-1 3.72821E-1 4.36267E-1 4.48938E-1 4.01778E-1 3.86656E-1 3.74657E-1 3.3284E-1 2.76805E-1 2.49261E-1 2.76535E-1 2.97361E-1 2.83724E-1 2.68204E-1 2.31357E-1 1.90247E-1 1.65405E-1 1.63999E-1 1.88683E-1 2.16509E-1 2.37696E-1 2.99241E-1 3.51754E-1 2.71498E-1 2.39354E-1 2.27827E-1 2.66353E-1 3.02966E-1 3.23994E-1 3.45019E-1 4.03456E-1 3.43378E-1 2.34673E-1 2.18381E-1 2.64925E-1 2.00977E-1 1.41108E-1 7.19559E-2 3.46866E-2 3.03554E-2 2.04225E-2 9.99635E-3 5.73414E-3 7.63563E-3 6.5188E-3 1.82416E-3 3.36888E-4 1.02833E-4 1.01251E-4 1.44281E-5 3.04195E-7 2.37893E-8 3.50067E-9 3.40533E-10 2.08084E-11 7.01407E-13 1.30134E-14 6.77221E-18 2.19128E-22 4.21083E-32 0E0 0E0
3.91232E-1 3.3763E-1 3.31371E-1 3.57526E-1 3.9691E-1 4.75419E-1 3.9681E-1 2.61442E-1 2.2295E-1 3.81157E-1 4.13454E-1 2.6495E-1 3.1007E-1 3.27608E-1 3.0479E-1 3.0479E-1 3.18648E-1 3.41433E-1 3.06383E-1 2.95899E-1 2.8041E-1 2.47971E-1 2.53025E-1 2.63241E-1 2.07249E-1 2.42883E-1 2.69996E-1 2.56135E-1 2.35734E-1 2.67732E-1 3.26886E-1 3.04123E-1 2.47385E-1 2.25899E-1 2.69445E-1 3.23382E-1 3.40892E-1 3.56588E-1 3.69115E-1 3.00988E-1 2.08564E-1 2.54442E-1 3.76009E-1 2.56343E-1 1.28513E-1 4.59235E-2 2.13794E-2 5.19369E-2 4.55278E-2 1.41884E-2 3.43835E-3 8.52832E-3 9.34415E-3 3.78425E-3 8.22166E-4 2.26975E-4 1.57841E-4 2.34561E-5 6.06735E-7 1.03365E-7 2.92215E-8 4.75417E-9 4.70405E-10 2.64896E-11 6.79967E-13 4.0612E-15 2.90442E-18 2.36619E-21 5.7154E-24 4.59967E-27
2.7442E-1 2.08134E-1 1.51705E-1 1.95041E-1 2.87073E-1 3.37191E-1 2.46156E-1 1.66817E-1 2.00921E-1 3.15141E-1 3.22621E-1 2.67554E-1 3.14427E-1 2.99106E-1 2.6151E-1 2.59807E-1 3.31087E-1 4.28113E-1 4.0805E-1 3.27119E-1 2.81718E-1 2.34517E-1 1.88737E-1 1.50303E-1 2.16776E-1 3.06465E-1 3.30767E-1 2.61231E-1 2.81504E-1 2.7288E-1 2.50311E-1 2.40282E-1 2.22254E-1 2.3644E-1 2.91437E-1 3.03634E-1 2.94916E-1 3.50839E-1 3.97743E-1 2.78048E-1 2.14623E-1 2.34085E-1 2.57505E-1 1.85417E-1 1.19569E-1 7.95466E-2 5.38543E-2 8.31186E-2 7.48386E-2 2.8773E-2 9.20149E-3 8.13998E-3 8.30757E-3 4.95678E-3 2.04974E-3 6.24893E-4 2.48414E-4 4.91595E-5 5.53331E-6 1.22174E-6 3.23875E-7 5.6304E-8 8.16293E-9 7.34714E-10 3.72228E-11 1.17025E-12 1.04243E-14 6.96638E-17 6.08448E-19 4.18842E-21
2.17668E-1 1.61681E-1 1.15412E-1 1.15579E-1 1.96332E-1 2.57332E-1 1.32274E-1 7.19559E-2 1.26298E-1 1.95777E-1 2.188E-1 2.26824E-1 2.50985E-1 2.25695E-1 1.97552E-1 2.02503E-1 2.6653E-1 3.74454E-1 3.8613E-1 3.42878E-1 2.91196E-1 2.45443E-1 2.12128E-1 2.12128E-1 2.88852E-1 4.27118E-1 5.49173E-1 4.229E-1 2.44554E-1 1.97385E-1 1.67778E-1 1.62834E-1 1.99634E-1 2.4474E-1 2.46411E-1 1.90467E-1 1.8003E-1 2.48631E-1 2.7288E-1 2.47385E-1 2.5581E-1 2.62936E-1 2.16776E-1 1.46131E-1 1.24997E-1 1.48955E-1 1.55409E-1 1.56952E-1 1.15256E-1 5.14559E-2 8.52832E-3 3.57831E-3 3.32381E-3 3.40828E-3 2.77756E-3 1.25138E-3 4.69865E-4 1.5914E-4 4.62018E-5 1.53119E-5 3.09676E-6 4.46686E-7 8.12448E-8 1.13299E-8 1.17775E-9 8.53192E-11 1.44947E-12 1.53195E-14 1.2418E-16 3.91549E-19
1.82204E-1 1.6125E-1 1.11617E-1 1.00482E-1 1.39923E-1 1.53796E-1 8.35451E-2 6.01888E-2 8.65838E-2 1.46334E-1 1.68461E-1 1.69957E-1 1.67122E-1 1.3516E-1 1.08934E-1 1.34436E-1 1.95874E-1 2.60477E-1 2.82495E-1 3.08613E-1 2.91491E-1 2.53723E-1 2.29543E-1 2.33318E-1 2.81967E-1 3.93505E-1 4.67109E-1 3.50408E-1 2.43839E-1 1.7087E-1 1.18777E-1 1.09554E-1 1.78993E-1 2.28752E-1 2.3367E-1 1.48263E-1 1.31648E-1 1.74953E-1 1.76407E-1 2.04035E-1 3.04633E-1 2.77867E-1 1.98782E-1 1.33474E-1 1.10983E-1 1.46797E-1 1.90738E-1 1.51105E-1 9.78696E-2 3.12951E-2 2.03727E-3 1.10028E-3 3.36174E-3 3.04344E-3 2.51866E-3 1.77248E-3 8.67639E-4 3.95362E-4 1.66376E-4 6.42887E-5 1.27602E-5 1.84342E-6 3.34935E-7 7.26906E-8 1.1667E-8 8.89911E-10 2.94333E-11 8.17724E-13 1.71119E-14 5.20907E-17
1.78822E-1 1.43788E-1 8.27338E-2 7.70541E-2 9.10635E-2 9.05485E-2 7.11442E-2 6.81505E-2 8.40631E-2 1.51343E-1 1.3516E-1 1.1095E-1 9.72552E-2 7.2419E-2 6.62486E-2 8.86572E-2 1.30338E-1 1.83043E-1 2.38627E-1 2.93005E-1 2.91277E-1 2.57697E-1 2.26546E-1 2.13712E-1 2.30063E-1 2.67297E-1 2.6381E-1 2.01194E-1 1.75519E-1 1.73657E-1 1.24945E-1 5.78172E-2 9.05656E-2 1.59802E-1 2.40705E-1 1.95849E-1 1.64953E-1 1.75357E-1 1.69539E-1 1.94802E-1 2.47113E-1 2.53947E-1 1.48001E-1 8.75595E-2 5.48723E-2 6.61499E-2 8.38831E-2 7.37917E-2 3.6128E-2 4.85197E-3 1.89306E-4 1.04789E-4 1.40357E-3 2.15994E-3 1.8757E-3 2.11949E-3 1.28175E-3 6.30886E-4 2.77322E-4 7.99369E-5 1.7682E-5 3.97939E-6 9.3096E-7 2.43043E-7 4.64122E-8 3.65603E-9 1.80729E-10 1.02672E-11 3.30458E-13 2.99493E-15
9.16664E-2 6.28794E-2 3.18688E-2 4.03658E-2 5.67702E-2 9.38949E-2 1.03014E-1 1.03597E-1 1.05651E-1 1.16983E-1 1.45034E-1 1.14454E-1 7.12789E-2 4.01651E-2 4.33588E-2 6.54954E-2 9.2918E-2 1.31445E-1 2.05024E-1 2.75075E-1 2.58553E-1 2.34014E-1 2.10889E-1 1.94208E-1 1.9176E-1 1.99407E-1 2.00952E-1 1.99407E-1 1.91439E-1 1.73657E-1 1.1275E-1 5.83003E-2 6.68566E-2 1.14539E-1 1.48955E-1 1.39735E-1 1.55409E-1 1.72818E-1 1.55993E-1 1.6009E-1 1.65645E-1 1.45359E-1 1.02035E-1 5.97055E-2 3.64416E-2 3.18274E-2 3.01864E-2 3.03476E-2 1.89739E-2 2.10323E-3 7.39165E-5 3.4083E-5 4.65013E-4 1.2637E-3 1.71734E-3 2.23862E-3 1.43393E-3 6.95236E-4 2.8349E-4 6.31975E-5 1.40664E-5 4.50301E-6 1.54961E-6 3.82449E-7 6.68554E-8 7.49732E-9 5.21533E-10 3.26774E-11 2.38954E-12 9.45661E-14
