KUENM/Final_Models/M_0.1_F_lq_Set_2_EC/sp1_se_asia_max.asc
ncols         320
nrows         243
xllcorner     44.0
yllcorner     -0.666666666666667
cellsize      0.166666666666667
NODATA_value  -9999
[rows 31 to 61 of 243, columns 140 to 209 of 320]
1.84E-7 1.00399E-7 1.45353E-7 7.21284E-8 2.97163E-7 8.8002E-7 2.98114E-7 2.81845E-7 9.38131E-7 3.0443E-5 2.63643E-3 5.23479E-3 4.18781E-3 2.22416E-2 7.35876E-2 1.09068E-1 1.88823E-1 2.13107E-1 2.04676E-1 2.48449E-1 2.35767E-1 2.1227E-1 8.72519E-2 3.08885E-1 3.67762E-1 2.00893E-1 2.73626E-1 3.36105E-1 3.05894E-1 4.939E-2 5.55426E-2 1.59177E-2 1.67305E-2 8.59896E-4 1.72031E-3 1.46089E-3 1.18496E-3 8.99587E-5 4.93125E-5 5.72136E-4 2.45759E-4 1.87817E-3 5.45476E-4 8.49008E-6 4.49878E-6 3.81152E-6 1.47611E-6 1.1502E-7 3.3429E-9 5.52324E-9 5.57812E-9 2.69813E-8 4.06166E-7 4.22307E-8 1.18148E-7 5.7915E-8 5.61669E-11 1.55417E-11 1.8307E-11 6.80287E-11 1.50461E-8 4.45893E-7 5.86043E-11 7.27328E-13 1.35988E-12 2.29388E-11 -9999 -9999 -9999 -9999
5.28726E-7 9.71906E-7 2.84028E-6 3.39384E-6 1.3316E-6 1.52085E-6 1.30469E-6 1.12193E-5 1.43034E-4 2.36377E-4 1.55079E-3 2.29608E-3 1.46868E-3 2.14546E-3 1.57263E-2 4.17095E-2 1.30892E-1 2.06833E-1 2.06911E-1 2.40432E-1 2.9243E-1 3.05697E-1 2.82857E-1 3.56256E-1 3.78587E-1 4.21604E-1 5.30237E-1 5.51562E-1 5.24228E-1 3.30147E-1 1.61394E-1 9.4601E-2 2.88923E-2 3.97149E-3 6.68371E-4 1.27318E-4 5.32801E-4 2.92195E-3 5.95402E-3 1.17402E-4 9.76728E-4 1.51137E-2 4.91282E-3 5.94155E-3 7.61295E-5 6.52087E-7 2.19489E-7 8.03565E-8 7.26245E-9 2.24138E-8 4.30202E-8 3.1193E-8 3.96736E-8 4.61541E-8 3.28777E-8 8.51531E-8 1.39014E-7 7.28859E-10 4.1839E-11 9.76359E-12 2.29388E-11 4.07604E-11 1.90006E-8 3.74897E-11 2.72434E-12 1.42969E-10 2.60155E-12 1.4889E-12 3.38138E-12 -9999
1.82374E-6 3.87104E-7 3.95383E-7 2.2853E-6 4.28034E-6 1.48744E-5 1.25862E-5 1.99795E-5 6.5652E-5 2.51258E-4 1.5597E-3 1.00038E-3 5.20921E-5 6.37947E-5 3.35302E-3 1.53379E-2 8.80586E-2 1.83187E-1 2.41662E-1 2.60743E-1 2.87615E-1 3.33586E-1 3.68401E-1 3.89694E-1 4.41061E-1 5.10906E-1 5.42002E-1 5.73182E-1 5.80803E-1 5.80136E-1 5.0983E-1 2.72565E-1 4.43182E-2 3.71311E-2 2.10965E-3 1.13167E-3 1.14682E-3 1.82439E-2 2.83431E-3 1.36909E-4 2.20286E-5 2.7608E-3 1.88113E-2 2.48398E-2 4.63592E-3 2.13733E-4 3.59686E-6 9.16884E-7 1.08753E-7 9.61514E-9 9.33654E-10 3.06146E-8 3.99342E-9 1.59286E-9 1.15014E-9 2.70265E-9 1.03735E-8 5.85066E-8 7.14441E-8 2.47244E-7 3.28175E-9 4.87374E-10 2.05193E-10 7.17843E-10 5.43273E-10 1.61847E-10 1.43098E-11 7.12103E-12 3.7318E-11 1.15938E-11
6.19351E-7 4.98005E-7 5.00339E-7 2.34902E-6 5.96813E-6 6.08232E-6 3.04283E-5 1.12369E-4 3.17327E-4 7.13425E-4 1.5163E-3 6.20018E-4 5.89168E-6 4.59724E-5 3.76436E-5 1.79017E-6 5.2332E-5 4.05928E-3 2.8927E-2 1.01671E-1 2.16674E-1 2.04043E-1 2.37227E-1 2.94698E-1 4.65104E-1 4.94725E-1 5.41972E-1 5.68417E-1 5.82223E-1 5.8022E-1 5.91838E-1 5.81557E-1 3.67967E-1 3.11985E-1 1.23723E-2 4.12613E-3 8.72176E-4 6.05487E-2 1.73854E-2 3.00982E-3 2.92423E-3 1.34189E-4 1.0721E-3 1.61415E-2 2.29795E-2 4.99024E-3 2.04717E-5 2.15328E-6 3.22326E-7 7.96155E-8 1.79765E-9 2.2121E-8 1.62798E-10 3.57737E-10 1.71364E-10 9.15662E-11 4.40108E-11 1.95734E-9 6.14705E-10 4.75204E-8 3.33706E-8 2.31894E-6 9.36834E-9 2.88757E-11 8.49418E-10 4.02974E-10 8.93143E-11 9.44029E-12 -9999 -9999
4.19219E-7 3.1747E-7 2.79118E-7 1.33617E-6 1.53048E-6 2.94482E-6 1.80034E-5 6.56942E-5 2.19303E-4 9.90324E-4 1.03697E-3 1.90184E-4 1.55499E-5 1.8392E-4 1.1924E-3 6.35034E-3 1.14289E-2 7.07519E-4 9.44175E-5 4.61608E-4 8.76235E-3 6.7967E-2 2.03576E-1 3.40156E-1 4.86276E-1 5.06852E-1 5.23336E-1 4.91663E-1 5.1083E-1 5.69217E-1 5.94875E-1 5.83513E-1 4.53587E-1 3.11594E-1 3.13831E-2 2.28626E-2 1.58416E-2 1.0805E-1 8.43707E-2 7.49724E-3 3.84267E-3 1.47027E-4 1.00482E-6 2.7894E-4 6.92176E-3 2.47305E-2 6.8438E-3 2.7061E-4 7.08655E-7 9.75497E-7 2.99299E-8 2.48584E-9 1.14362E-9 2.9753E-10 2.25226E-10 2.85963E-10 8.45324E-10 3.15645E-9 2.45612E-8 6.59329E-8 1.21674E-9 9.4011E-10 7.19843E-7 1.88827E-10 3.97557E-11 2.23627E-10 2.17024E-10 1.0696E-9 4.74369E-12 -9999
6.97099E-7 1.62379E-7 6.15932E-7 1.24083E-6 1.55522E-6 3.12226E-5 1.024E-4 8.73207E-5 5.62581E-5 2.51348E-4 1.11417E-4 9.08973E-5 2.83013E-4 4.0759E-4 6.11241E-3 1.5161E-2 5.68176E-2 1.05328E-1 5.72993E-2 1.24138E-2 2.1672E-2 3.33802E-2 1.39036E-1 2.7268E-1 3.83019E-1 4.82549E-1 3.81145E-1 4.64706E-1 5.41455E-1 5.53006E-1 5.7761E-1 5.79993E-1 5.19067E-1 2.57664E-1 9.80044E-2 8.90163E-2 9.93497E-2 1.68678E-1 8.41232E-2 1.6323E-1 1.47144E-1 1.8546E-2 6.48706E-6 1.72007E-6 3.48722E-4 7.68293E-3 2.8575E-2 9.37517E-3 2.22279E-5 4.40072E-6 1.59126E-6 1.99428E-7 1.05914E-9 1.36061E-10 1.32756E-9 7.76402E-10 1.84447E-9 1.87704E-8 1.31208E-10 1.94624E-9 3.57743E-10 5.47953E-11 1.10851E-8 1.12075E-8 4.9552E-11 7.28158E-12 5.30053E-11 2.01845E-10 1.20832E-9 -9999
5.04088E-7 1.21596E-7 1.33461E-6 1.92976E-6 7.17982E-6 4.62922E-5 3.07446E-4 2.04992E-4 1.34858E-4 1.66871E-4 4.50455E-4 5.98224E-4 1.84885E-4 1.27199E-4 7.19347E-3 6.84458E-2 1.18538E-1 2.18248E-1 1.65287E-1 8.23771E-2 1.44782E-1 1.90908E-1 3.85741E-1 4.807E-1 5.51367E-1 5.19898E-1 5.11761E-1 5.62552E-1 5.58307E-1 5.42502E-1 5.5653E-1 5.67547E-1 5.3289E-1 3.79211E-1 2.32157E-1 1.9811E-1 1.52491E-1 1.5808E-1 2.20261E-1 2.82888E-1 2.34326E-1 6.76266E-2 6.70843E-4 5.9855E-7 5.54352E-6 2.45797E-4 1.17109E-3 1.32543E-3 4.90724E-5 4.91271E-6 5.62E-5 1.1829E-6 2.26902E-8 2.63919E-9 5.70407E-10 5.7438E-10 7.09267E-9 3.21494E-8 2.84406E-9 2.28972E-10 1.25326E-9 7.89657E-11 5.14679E-10 1.27819E-10 2.25526E-9 1.99628E-11 4.68321E-12 1.69975E-10 1.8725E-9 -9999
1.50581E-6 4.12555E-7 9.96109E-7 6.90454E-7 1.76187E-5 1.97193E-4 6.14006E-4 7.38926E-4 4.86985E-4 1.04732E-3 1.09637E-3 1.31908E-4 1.22268E-3 2.02841E-3 3.24448E-2 1.26432E-1 2.21297E-1 2.30288E-1 3.03816E-1 3.47599E-1 3.74023E-1 3.79488E-1 4.57534E-1 5.42002E-1 5.88483E-1 5.8588E-1 5.75131E-1 5.81633E-1 5.66567E-1 5.55412E-1 5.71499E-1 5.72497E-1 5.66112E-1 5.39755E-1 4.36024E-1 3.81705E-1 3.26193E-1 2.14356E-1 1.42347E-1 2.0248E-1 2.67994E-1 1.79506E-1 5.65388E-2 2.64796E-4 8.83881E-4 6.29075E-5 2.58882E-5 2.27957E-4 1.21738E-5 2.96222E-4 1.83487E-3 1.91352E-4 4.58445E-7 5.33008E-7 1.14831E-7 3.7463E-10 3.7293E-10 2.74824E-8 2.9014E-10 1.57288E-9 5.16218E-10 5.19027E-10 2.92361E-10 4.48918E-10 4.14148E-10 6.49132E-10 4.72585E-11 2.14098E-11 1.0789E-10 -9999
4.55008E-6 4.02226E-6 5.38236E-6 4.6282E-5 2.30241E-4 5.16088E-4 7.42801E-4 6.31204E-4 9.54608E-4 1.05523E-3 2.90119E-4 8.94094E-5 1.3734E-3 1.12186E-2 6.86112E-2 1.22965E-1 1.42988E-1 2.84456E-1 3.68618E-1 4.15931E-1 4.11477E-1 4.7824E-1 5.17485E-1 5.36997E-1 5.50184E-1 5.60112E-1 5.81113E-1 5.63074E-1 5.64605E-1 5.70218E-1 5.72841E-1 5.93556E-1 6.14767E-1 5.96544E-1 5.56106E-1 5.37046E-1 4.91342E-1 2.92503E-1 1.55501E-1 1.49148E-1 3.09854E-1 3.13015E-1 2.49708E-1 8.78673E-2 3.39718E-2 4.47834E-3 4.34664E-3 2.55303E-3 1.61713E-4 1.04108E-4 1.07757E-3 6.95343E-5 1.87384E-5 1.26424E-5 4.00418E-8 7.35186E-9 3.07823E-10 1.22036E-9 4.08759E-9 3.35007E-9 4.91548E-9 2.30689E-9 1.54214E-9 4.77364E-10 3.30887E-10 1.26631E-10 8.85147E-10 1.61489E-9 1.71272E-10 4.90625E-9
2.25249E-5 1.66274E-5 4.59856E-5 1.83772E-4 4.26755E-4 5.69427E-4 3.40744E-4 2.97056E-4 8.21986E-4 6.44236E-4 2.08803E-4 4.07752E-4 1.10968E-3 4.09747E-3 1.71937E-2 1.00324E-1 2.43439E-1 3.65874E-1 4.21118E-1 4.53243E-1 4.82437E-1 5.17939E-1 5.25782E-1 4.53966E-1 4.55021E-1 5.41048E-1 5.88789E-1 5.86549E-1 5.8451E-1 5.69771E-1 5.71907E-1 5.8024E-1 5.96025E-1 5.95108E-1 5.95971E-1 5.89234E-1 5.52964E-1 4.32484E-1 2.75576E-1 1.89634E-1 2.47429E-1 2.30918E-1 1.33752E-1 9.20549E-2 1.61748E-2 1.2275E-2 4.96107E-3 1.03445E-3 9.00575E-4 1.04639E-3 4.57533E-4 2.09525E-4 1.89242E-5 2.94183E-6 2.14964E-5 8.88263E-8 5.0316E-9 3.30634E-10 5.46365E-10 2.09494E-9 1.14362E-9 2.92413E-9 1.01784E-9 2.82404E-10 4.55221E-11 2.80372E-10 2.32295E-11 9.93069E-10 2.52408E-8 1.27038E-9
2.73262E-5 5.1772E-5 1.40755E-4 3.21219E-4 4.79374E-4 3.84481E-4 4.37167E-4 9.28568E-4 5.25113E-4 2.85748E-4 6.60468E-4 1.83204E-3 8.30458E-3 2.4094E-2 7.06185E-2 1.14914E-1 2.96793E-1 4.01446E-1 4.39215E-1 4.62016E-1 4.87824E-1 5.18277E-1 5.08746E-1 5.56845E-1 5.74445E-1 5.78826E-1 5.77512E-1 5.7135E-1 5.64283E-1 5.4799E-1 5.48627E-1 5.48878E-1 5.4733E-1 5.73938E-1 6.04408E-1 6.29116E-1 6.18515E-1 5.61616E-1 4.6684E-1 3.57418E-1 2.7194E-1 2.02694E-1 1.00267E-1 2.52953E-2 3.6336E-3 1.08224E-3 1.04511E-4 1.82695E-4 1.32939E-4 2.04248E-5 3.16975E-5 2.89679E-5 3.82066E-5 5.01453E-5 1.69196E-5 4.52476E-7 1.87321E-8 1.43049E-8 6.73646E-10 5.86029E-10 1.6015E-9 7.62642E-9 1.28465E-9 4.00846E-10 4.41991E-10 1.34942E-9 1.65133E-10 3.16862E-10 8.48441E-10 1.38594E-8
1.61989E-4 3.12345E-4 4.82193E-4 4.86763E-4 6.42287E-4 7.54689E-4 1.05102E-3 8.94645E-4 2.50424E-4 7.28308E-4 9.06465E-4 4.2011E-3 2.39012E-3 4.42172E-3 2.88428E-3 2.89331E-2 1.60233E-1 3.37538E-1 4.35671E-1 4.59054E-1 4.82591E-1 5.00713E-1 5.15762E-1 5.38982E-1 5.55737E-1 5.65524E-1 5.35864E-1 5.58332E-1 5.38483E-1 5.16754E-1 5.01987E-1 4.9008E-1 4.91021E-1 5.15227E-1 5.57419E-1 6.25596E-1 6.47887E-1 6.38136E-1 5.95631E-1 5.46916E-1 4.74227E-1 3.49665E-1 1.93678E-1 7.693E-2 2.06852E-2 3.60332E-3 1.31437E-4 4.43653E-6 5.46436E-5 8.82135E-6 2.63541E-6 2.24884E-7 5.80235E-8 4.82038E-6 6.99471E-6 1.39141E-6 1.14479E-6 1.16571E-8 1.10573E-8 2.98725E-8 1.28977E-9 6.73646E-10 1.56511E-9 1.08763E-9 8.76509E-10 1.69558E-9 4.35887E-9 7.23373E-9 1.13166E-10 1.66765E-8
6.56651E-4 5.79778E-4 4.80203E-4 7.98369E-4 9.88807E-4 1.07327E-3 1.08806E-3 7.83917E-4 1.3239E-3 3.65475E-3 1.8508E-3 3.56299E-3 1.00613E-3 1.25883E-3 7.20596E-3 4.42848E-2 1.53993E-1 2.22933E-1 4.21276E-1 4.53749E-1 4.66838E-1 4.85182E-1 5.00629E-1 5.19777E-1 5.38666E-1 5.47555E-1 5.49493E-1 4.87385E-1 4.51112E-1 4.41082E-1 5.0702E-1 5.43143E-1 5.78983E-1 5.88789E-1 6.12359E-1 6.3025E-1 6.39093E-1 6.53227E-1 6.54431E-1 6.43602E-1 6.20875E-1 5.56603E-1 4.32242E-1 3.73408E-1 1.97936E-1 6.76743E-2 9.62161E-3 2.05093E-4 4.24158E-6 4.24079E-7 5.24849E-8 3.7319E-10 4.91142E-12 1.7919E-8 1.09477E-5 1.08026E-6 3.74053E-7 2.11856E-6 8.47627E-7 9.22261E-8 1.52509E-9 2.37654E-9 9.16685E-10 4.76502E-10 5.83332E-10 4.65008E-10 5.37361E-10 8.0048E-9 4.61807E-10 1.59608E-9
1.00718E-3 3.58097E-4 7.42667E-4 1.11743E-3 1.15851E-3 9.15872E-4 9.63042E-4 1.1582E-3 1.96855E-3 7.31381E-3 6.18011E-3 3.17846E-3 4.83563E-3 1.69374E-2 3.02426E-2 1.39893E-1 3.11156E-1 3.8073E-1 4.14361E-1 4.37197E-1 4.49076E-1 4.52037E-1 4.59094E-1 4.90093E-1 5.06851E-1 5.20747E-1 5.30033E-1 5.3515E-1 5.09533E-1 5.60645E-1 5.89309E-1 5.9008E-1 5.85407E-1 5.76934E-1 5.9278E-1 6.12375E-1 6.29763E-1 6.37204E-1 6.43089E-1 6.52522E-1 6.54075E-1 6.48553E-1 6.14104E-1 6.23589E-1 5.31607E-1 3.1152E-1 1.41709E-1 4.07975E-2 3.3335E-3 5.35542E-5 2.06342E-6 1.04926E-10 4.86679E-14 1.32445E-8 3.58141E-8 8.05543E-6 2.27514E-6 1.28253E-6 3.72438E-6 1.27301E-6 5.53323E-9 2.96395E-8 9.02392E-9 5.154E-8 2.01516E-9 3.24412E-10 6.58896E-10 -9999 -9999 1.9839E-10
7.99934E-4 1.2147E-3 1.08652E-3 8.6942E-4 6.54151E-4 7.05365E-4 7.65311E-4 6.27144E-4 1.32219E-3 5.2987E-3 2.51471E-2 1.82299E-2 4.0183E-2 1.06585E-1 1.22928E-1 2.20957E-1 3.35994E-1 3.8401E-1 4.02352E-1 4.18964E-1 4.26265E-1 4.34785E-1 4.38744E-1 4.60625E-1 4.71366E-1 4.84055E-1 4.97655E-1 5.17108E-1 5.38952E-1 5.60126E-1 5.78502E-1 5.81149E-1 5.75109E-1 5.70411E-1 5.74184E-1 5.92088E-1 6.07367E-1 6.26007E-1 6.35534E-1 6.37123E-1 6.43089E-1 6.52513E-1 6.51852E-1 6.47692E-1 6.25799E-1 5.44324E-1 4.09972E-1 2.10192E-1 6.23987E-2 4.64732E-3 4.15672E-5 4.39259E-8 1.14299E-15 5.30766E-18 7.89106E-8 6.84957E-6 8.76459E-6 1.09297E-6 2.63897E-6 1.27612E-5 1.27474E-7 2.54846E-8 1.04675E-9 3.02806E-8 3.22125E-7 1.59616E-8 1.78065E-9 -9999 -9999 -9999
1.42657E-3 1.05844E-3 6.99547E-4 5.77455E-4 6.36381E-4 1.07614E-3 1.08928E-3 1.90701E-3 3.35756E-3 2.45108E-3 3.60583E-2 7.85386E-2 1.1637E-1 1.79915E-1 2.57434E-1 2.79529E-1 3.50225E-1 3.7938E-1 3.91323E-1 3.99602E-1 4.1269E-1 4.17365E-1 4.19153E-1 4.25326E-1 4.34752E-1 4.45561E-1 4.5914E-1 4.78072E-1 5.04169E-1 5.29476E-1 5.56898E-1 5.69603E-1 5.71366E-1 5.56246E-1 5.51924E-1 5.65565E-1 5.78243E-1 5.98259E-1 6.18374E-1 6.31599E-1 6.39987E-1 6.50327E-1 6.52002E-1 6.52017E-1 6.44449E-1 6.22326E-1 5.50922E-1 3.93849E-1 1.90362E-1 5.58467E-2 1.8271E-3 4.15697E-6 1.6819E-9 9.68009E-17 1.55721E-20 9.57057E-15 1.9317E-8 4.87306E-6 6.05797E-7 8.71386E-6 4.48894E-6 2.97117E-8 1.82589E-9 3.37958E-8 4.52462E-7 6.81135E-7 2.07883E-7 1.95773E-6 -9999 -9999
1.1582E-3 1.94153E-3 1.26579E-3 1.09404E-3 1.31118E-3 1.7156E-3 2.72649E-3 3.48732E-3 6.37421E-3 5.84265E-3 1.74233E-2 9.95841E-2 1.63149E-1 1.73118E-1 2.15413E-1 1.47337E-1 3.37036E-1 3.64358E-1 3.77492E-1 3.87604E-1 3.94643E-1 3.91323E-1 3.91323E-1 3.92984E-1 3.94615E-1 4.07806E-1 4.22363E-1 4.36309E-1 4.65053E-1 4.98837E-1 5.232E-1 5.37549E-1 5.40584E-1 5.29727E-1 5.31372E-1 5.33866E-1 5.53223E-1 5.74445E-1 6.02069E-1 6.28201E-1 6.41515E-1 6.49344E-1 6.53673E-1 6.52017E-1 6.43679E-1 6.31205E-1 5.94528E-1 5.13143E-1 3.57019E-1 1.85158E-1 1.75535E-2 7.86396E-5 1.57222E-8 1.92632E-9 1.64134E-14 4.13483E-13 2.42061E-10 1.41245E-8 1.22817E-7 5.45445E-7 6.94569E-6 2.91249E-7 3.74749E-8 1.40855E-8 1.34305E-7 3.80212E-8 2.18388E-8 5.28371E-6 -9999 -9999
4.42473E-3 2.05661E-3 2.45888E-3 2.35956E-3 2.96782E-3 3.18599E-3 4.32996E-3 5.92236E-3 1.02997E-2 1.00012E-2 2.49832E-2 3.08958E-2 1.41086E-1 1.64676E-1 1.14901E-1 6.8484E-2 3.17294E-1 3.57105E-1 3.60471E-1 3.70706E-1 3.70706E-1 3.67804E-1 3.45639E-1 3.49063E-1 3.57604E-1 3.7288E-1 3.82976E-1 3.99602E-1 4.30057E-1 4.60625E-1 4.89559E-1 5.07755E-1 5.09446E-1 5.04422E-1 4.99448E-1 5.17004E-1 5.32768E-1 5.56602E-1 5.8748E-1 6.19483E-1 6.39437E-1 6.50252E-1 6.54187E-1 6.4941E-1 6.36965E-1 6.22125E-1 6.11161E-1 5.74303E-1 4.84032E-1 3.61563E-1 1.26886E-1 1.15537E-3 4.78916E-8 7.65559E-8 7.59897E-7 2.02796E-8 1.11966E-8 1.38711E-6 6.03594E-7 2.64644E-6 1.08465E-6 2.02792E-6 1.25643E-7 1.44718E-7 7.03105E-8 2.04574E-7 5.35176E-6 1.51362E-5 -9999 -9999
4.10895E-3 3.35596E-3 3.62163E-3 4.17835E-3 4.29398E-3 4.88135E-3 6.02046E-3 8.02954E-3 1.52669E-2 1.74934E-2 2.06556E-2 4.394E-2 1.00655E-1 1.39529E-1 3.24741E-2 2.55236E-2 2.69733E-1 3.32249E-1 3.52682E-1 3.5139E-1 3.45776E-1 3.38856E-1 3.22588E-1 3.22588E-1 3.31224E-1 3.43298E-1 3.60471E-1 3.74103E-1 3.96299E-1 4.31903E-1 4.60625E-1 4.85439E-1 5.01629E-1 4.97399E-1 4.95418E-1 5.01877E-1 5.10688E-1 5.36538E-1 5.72461E-1 6.11316E-1 6.38968E-1 6.50251E-1 6.5603E-1 6.50072E-1 6.41104E-1 6.29037E-1 6.30035E-1 6.10174E-1 5.68718E-1 4.92157E-1 3.11694E-1 1.0498E-1 9.90144E-3 2.26553E-3 2.75392E-4 5.79668E-4 5.33041E-5 1.07588E-5 1.52054E-6 2.28815E-7 8.41987E-7 3.6811E-6 1.60669E-5 6.07667E-5 3.86799E-5 3.46196E-5 5.32127E-5 1.33016E-7 1.26846E-8 -9999
4.3422E-3 3.15144E-3 2.70825E-3 3.32911E-3 4.38897E-3 4.58745E-3 7.46979E-3 9.79052E-3 1.24871E-2 1.00694E-2 1.61915E-2 6.38445E-2 1.39455E-1 8.65996E-2 4.15446E-2 5.94148E-2 2.02281E-1 3.27553E-1 3.42317E-1 3.34032E-1 3.30581E-1 3.25347E-1 3.13159E-1 3.09684E-1 3.13159E-1 3.19788E-1 3.31925E-1 3.45776E-1 3.71563E-1 3.97624E-1 4.36619E-1 4.77256E-1 5.00178E-1 5.14516E-1 5.12799E-1 5.03913E-1 4.97399E-1 5.17752E-1 5.52285E-1 5.91075E-1 6.25619E-1 6.39737E-1 6.41334E-1 6.45652E-1 6.4591E-1 6.47143E-1 6.47722E-1 6.37709E-1 6.07014E-1 5.65062E-1 5.05602E-1 3.71439E-1 1.50118E-1 7.15012E-2 1.91329E-2 7.37612E-3 1.52041E-3 3.10935E-5 7.05543E-6 1.97505E-5 5.54767E-5 1.34748E-4 1.67166E-5 2.08479E-6 1.64674E-6 8.23175E-6 1.50906E-7 1.36555E-7 1.76934E-8 -9999
3.74627E-3 3.46385E-3 3.25122E-3 3.57571E-3 4.64324E-3 5.66848E-3 4.77736E-3 6.37421E-3 8.13976E-3 1.37785E-2 3.48692E-2 9.18303E-2 8.58864E-2 5.02524E-2 5.28726E-2 8.77878E-2 1.5353E-1 3.19402E-1 3.35344E-1 3.25029E-1 3.2328E-1 3.12794E-1 3.06173E-1 3.02695E-1 2.94018E-1 2.97485E-1 3.02743E-1 3.13159E-1 3.35771E-1 3.71563E-1 4.1675E-1 4.73097E-1 5.15484E-1 5.35351E-1 5.27049E-1 5.05554E-1 4.90922E-1 5.02943E-1 5.31601E-1 5.61374E-1 5.96194E-1 6.14264E-1 6.24518E-1 6.26985E-1 6.28784E-1 6.33007E-1 6.44694E-1 6.53951E-1 6.41423E-1 6.21591E-1 6.25957E-1 5.68596E-1 4.1742E-1 1.76688E-1 1.11601E-1 2.23203E-2 2.61895E-3 1.80385E-4 7.88039E-4 6.54622E-4 3.30138E-5 8.0489E-6 3.30849E-5 5.80204E-5 5.04649E-5 9.72431E-7 7.17093E-8 2.13065E-8 1.12831E-8 2.02661E-8
2.99576E-3 1.93394E-3 2.67209E-3 3.89659E-3 4.86849E-3 4.71758E-3 7.21682E-3 1.33807E-2 1.56106E-2 1.44399E-2 4.8255E-2 8.84965E-2 4.97087E-2 5.52043E-2 6.05307E-2 1.55606E-1 1.97627E-1 3.18385E-1 3.28827E-1 3.19784E-1 3.12125E-1 3.10376E-1 3.03389E-1 2.88436E-1 2.84978E-1 2.81527E-1 2.78495E-1 2.83654E-1 3.00957E-1 3.4272E-1 3.95836E-1 4.65442E-1 5.31179E-1 5.5347E-1 5.30524E-1 5.01514E-1 4.87911E-1 4.90674E-1 5.06851E-1 5.33949E-1 5.54604E-1 5.76093E-1 5.89221E-1 6.17468E-1 6.32883E-1 6.33755E-1 6.36162E-1 6.50234E-1 6.55735E-1 6.55471E-1 6.46904E-1 6.00683E-1 4.94548E-1 3.82107E-1 2.37135E-1 1.00671E-1 9.41719E-3 1.0247E-3 5.13166E-4 1.08992E-4 2.01801E-4 1.51507E-5 4.72478E-5 4.97527E-5 1.72244E-4 7.09222E-5 6.17026E-7 3.93419E-8 1.85934E-6 5.53901E-7
3.06463E-3 1.05838E-3 3.71043E-3 1.06627E-2 2.4973E-2 2.16877E-2 1.66239E-2 2.15465E-2 3.73842E-2 4.71682E-2 7.70961E-2 5.91597E-2 5.00091E-2 4.8025E-2 1.07571E-1 1.52057E-1 1.54252E-1 2.99152E-1 3.21759E-1 3.12125E-1 3.01074E-1 3.00644E-1 2.90196E-1 2.80818E-1 2.72219E-1 2.65382E-1 2.58588E-1 2.55209E-1 2.69516E-1 3.11396E-1 3.65332E-1 4.41579E-1 5.37569E-1 5.55062E-1 5.17305E-1 4.87209E-1 4.72913E-1 4.73777E-1 4.86521E-1 5.05488E-1 5.17026E-1 5.33914E-1 5.72041E-1 6.21095E-1 6.36375E-1 6.3564E-1 6.36502E-1 6.43727E-1 6.51767E-1 6.58764E-1 6.46772E-1 6.06461E-1 5.61579E-1 4.92549E-1 4.21944E-1 2.36247E-1 5.58467E-2 9.91799E-4 9.74758E-5 8.17038E-5 1.68929E-5 1.767E-5 8.67884E-6 6.35422E-6 1.07748E-5 3.22803E-5 2.17368E-5 3.0768E-6 1.23368E-6 2.22776E-8
3.9217E-3 4.7607E-3 1.29393E-2 1.19109E-2 1.9088E-2 4.09607E-2 4.01501E-2 4.15892E-2 4.87648E-2 5.18485E-2 5.59601E-2 6.34396E-2 7.35863E-2 9.30865E-2 1.51763E-1 1.86792E-1 1.08312E-1 3.08087E-1 3.18739E-1 3.01644E-1 2.87259E-1 2.8541E-1 2.78492E-1 2.71609E-1 2.64366E-1 2.55882E-1 2.4915E-1 2.40813E-1 2.4849E-1 2.98159E-1 3.4076E-1 4.07794E-1 4.77249E-1 4.95436E-1 4.68435E-1 4.50558E-1 4.49018E-1 4.55098E-1 4.62605E-1 4.73777E-1 4.85126E-1 5.04251E-1 5.52285E-1 6.05622E-1 6.23639E-1 6.26906E-1 6.29434E-1 6.40505E-1 6.49741E-1 6.59985E-1 6.54914E-1 6.42585E-1 6.39857E-1 5.95112E-1 5.17614E-1 4.00891E-1 2.05075E-1 1.16933E-2 8.31958E-6 1.45618E-6 8.80021E-7 8.8417E-7 1.9518E-8 1.53145E-7 2.20539E-8 3.10986E-7 1.89128E-6 1.01816E-5 9.05714E-7 1.66336E-7
5.41839E-3 1.74093E-3 1.20165E-3 4.1119E-3 1.20128E-2 1.72735E-2 2.02385E-2 2.35917E-2 3.02822E-2 5.18329E-2 7.63204E-2 9.90906E-2 1.13521E-1 1.47161E-1 1.95763E-1 2.31075E-1 2.19228E-1 3.1437E-1 3.12766E-1 2.95413E-1 2.73437E-1 2.68291E-1 2.61467E-1 2.63169E-1 2.56379E-1 2.53002E-1 2.49533E-1 2.4285E-1 2.57964E-1 2.83262E-1 3.2438E-1 3.66842E-1 4.11117E-1 4.25569E-1 4.22321E-1 4.15115E-1 4.20008E-1 4.31297E-1 4.49018E-1 4.61113E-1 4.68525E-1 4.8232E-1 5.4011E-1 5.86281E-1 6.04877E-1 6.13255E-1 6.14631E-1 6.28886E-1 6.49164E-1 6.59704E-1 6.6009E-1 6.58996E-1 6.60386E-1 6.51664E-1 6.0096E-1 5.24582E-1 3.45883E-1 1.25612E-1 2.07372E-3 1.12549E-7 4.54829E-11 9.21855E-11 5.97728E-12 2.40597E-12 8.19513E-12 3.86774E-10 2.99286E-8 8.18023E-7 1.85579E-6 6.47075E-7
5.62218E-3 3.24308E-3 8.59572E-4 1.14453E-3 6.38127E-3 1.93583E-2 3.30134E-2 4.34847E-2 6.6525E-2 1.05802E-1 1.25791E-1 1.34786E-1 1.43338E-1 1.52057E-1 1.73369E-1 1.96868E-1 2.0354E-1 3.12562E-1 3.14376E-1 2.84992E-1 2.62989E-1 2.54513E-1 2.52827E-1 2.52827E-1 2.54513E-1 2.57894E-1 2.52827E-1 2.47962E-1 2.5966E-1 2.75046E-1 3.04137E-1 3.31387E-1 3.61072E-1 3.75464E-1 3.75654E-1 3.73781E-1 3.80609E-1 4.03579E-1 4.32894E-1 4.62713E-1 4.73097E-1 4.81553E-1 5.29476E-1 5.80685E-1 6.01861E-1 5.99327E-1 5.79673E-1 5.95842E-1 6.40314E-1 6.57202E-1 6.59878E-1 6.61665E-1 6.60667E-1 6.57954E-1 6.37754E-1 5.87592E-1 3.76236E-1 2.03237E-1 4.98467E-2 7.39903E-4 3.64814E-7 1.48444E-9 2.79628E-9 3.86885E-12 1.16069E-15 1.55339E-12 4.40077E-9 5.22496E-7 1.31263E-6 1.27096E-5
1.17661E-2 3.67808E-2 4.64492E-2 2.01317E-2 1.11037E-2 2.59132E-2 6.04555E-2 8.76984E-2 1.01508E-1 1.42828E-1 1.83635E-1 1.74024E-1 1.77956E-1 1.5786E-1 1.37478E-1 2.14832E-1 1.53806E-1 3.3114E-1 3.19397E-1 2.62989E-1 2.42338E-1 2.44001E-1 2.42338E-1 2.44001E-1 2.55742E-1 2.60822E-1 2.57432E-1 2.56202E-1 2.58072E-1 2.66581E-1 2.8541E-1 3.06319E-1 3.25155E-1 3.3839E-1 3.44251E-1 3.47739E-1 3.56684E-1 3.82311E-1 4.15779E-1 4.43959E-1 4.53276E-1 4.71629E-1 5.27465E-1 5.79566E-1 6.03104E-1 6.04782E-1 5.69914E-1 5.79566E-1 6.32155E-1 6.50716E-1 6.59473E-1 6.63509E-1 6.58427E-1 6.59967E-1 6.23782E-1 5.6705E-1 4.63879E-1 3.20248E-1 1.76642E-1 5.13734E-2 4.03001E-4 1.40821E-5 4.63594E-7 6.52214E-9 3.10578E-10 9.82968E-13 5.12578E-10 2.16879E-6 2.80263E-4 1.19446E-4
4.24686E-2 1.988E-1 2.54933E-1 3.00596E-1 1.80846E-1 4.84514E-2 6.58347E-2 1.75561E-1 2.20953E-1 2.35133E-1 2.39302E-1 2.16328E-1 2.06683E-1 1.25634E-1 1.98269E-1 2.69092E-1 2.01829E-1 3.40252E-1 3.06881E-1 2.54055E-1 2.35021E-1 2.38314E-1 2.40679E-1 2.39023E-1 2.48284E-1 2.55E-1 2.51635E-1 2.44001E-1 2.47339E-1 2.49465E-1 2.664E-1 2.83791E-1 3.04689E-1 3.11572E-1 3.18141E-1 3.26132E-1 3.45996E-1 3.70501E-1 4.04458E-1 4.27188E-1 4.35224E-1 4.60228E-1 5.12186E-1 5.67322E-1 5.93246E-1 6.00608E-1 5.91329E-1 6.19803E-1 6.34784E-1 6.43764E-1 6.49995E-1 6.61784E-1 6.56449E-1 6.51898E-1 6.6202E-1 6.3271E-1 5.71848E-1 4.70058E-1 3.3051E-1 1.9075E-1 1.92456E-2 2.65386E-3 3.74664E-3 7.21818E-4 8.41154E-7 4.06274E-6 7.25878E-8 2.02096E-6 9.6642E-7 3.76895E-6
1.00285E-1 2.61856E-1 3.26116E-1 3.47473E-1 3.44976E-1 2.25908E-1 1.78231E-1 2.25092E-1 2.49012E-1 1.72487E-1 1.72619E-1 1.59452E-1 1.7065E-1 2.67243E-1 2.70408E-1 2.13767E-1 3.24925E-1 3.56128E-1 3.04492E-1 2.62421E-1 2.49958E-1 2.39966E-1 2.36665E-1 2.35021E-1 2.39966E-1 2.38314E-1 2.35021E-1 2.3338E-1 2.32439E-1 2.40679E-1 2.52371E-1 2.69346E-1 2.81872E-1 2.977E-1 3.0457E-1 3.11133E-1 3.33138E-1 3.61649E-1 3.8915E-1 4.09457E-1 4.21005E-1 4.4038E-1 4.79665E-1 5.26261E-1 5.60736E-1 5.77573E-1 5.85889E-1 6.0914E-1 6.23663E-1 6.18623E-1 6.27045E-1 6.41275E-1 6.50209E-1 6.58104E-1 6.63126E-1 6.61613E-1 6.40038E-1 5.67481E-1 4.46009E-1 2.82915E-1 1.08002E-1 3.16501E-2 2.56176E-2 3.9605E-2 1.51306E-2 2.06102E-4 1.02897E-8 5.76831E-8 5.13302E-6 4.60146E-7
2.52369E-1 2.82539E-1 2.87144E-1 2.72644E-1 3.12125E-1 3.31224E-1 2.79356E-1 2.35527E-1 2.26191E-1 2.17089E-1 2.30179E-1 2.52015E-1 3.17411E-1 3.21564E-1 3.36291E-1 2.70041E-1 3.91316E-1 3.52024E-1 3.20637E-1 2.89865E-1 2.62421E-1 2.41622E-1 2.31744E-1 2.28483E-1 2.23625E-1 2.28483E-1 2.26859E-1 2.23625E-1 2.22014E-1 2.28483E-1 2.41622E-1 2.56687E-1 2.73715E-1 2.88309E-1 2.99251E-1 3.08189E-1 3.2736E-1 3.44436E-1 3.59334E-1 3.76642E-1 3.85743E-1 4.09367E-1 4.43574E-1 4.87471E-1 5.21812E-1 5.45513E-1 5.66172E-1 5.89225E-1 5.98062E-1 5.87177E-1 5.69666E-1 5.68505E-1 6.35557E-1 6.55383E-1 6.60647E-1 6.6041E-1 6.61669E-1 6.16812E-1 5.06892E-1 3.89963E-1 2.60552E-1 1.37805E-1 9.27862E-2 1.2007E-1 1.20953E-1 1.07674E-2 3.26919E-5 8.23087E-7 1.21537E-6 5.17356E-7
2.34087E-1 2.2166E-1 1.87766E-1 1.92857E-1 2.12484E-1 2.84842E-1 3.03437E-1 2.74073E-1 2.6425E-1 2.70217E-1 3.00087E-1 2.88343E-1 3.16003E-1 3.51967E-1 3.47427E-1 3.49333E-1 3.77954E-1 3.59575E-1 3.42175E-1 3.1597E-1 2.8123E-1 2.44946E-1 2.2269E-1 2.17886E-1 2.20408E-1 2.20408E-1 2.15617E-1 2.13124E-1 2.13124E-1 2.2269E-1 2.40636E-1 2.57345E-1 2.70934E-1 2.84678E-1 2.97928E-1 3.02744E-1 3.09742E-1 3.11692E-1 3.2034E-1 3.3743E-1 3.53176E-1 3.74022E-1 4.12249E-1 4.51132E-1 4.86203E-1 5.1283E-1 5.42316E-1 5.69463E-1 5.87201E-1 5.82954E-1 5.68288E-1 5.81873E-1 6.44416E-1 6.51705E-1 6.25037E-1 6.32002E-1 6.63333E-1 6.47551E-1 5.49753E-1 4.69043E-1 3.9776E-1 2.7292E-1 2.21069E-1 2.05075E-1 1.5877E-1 5.41073E-2 6.56442E-3 1.43718E-4 2.85934E-5 6.98137E-6
