KUENM/Final_Models/M_0.1_F_lq_Set_2_EC/sp1_4_se_asia.asc
ncols         320
nrows         243
xllcorner     44.0
yllcorner     -0.666666666666667
cellsize      0.166666666666667
NODATA_value  -9999
[rows 62 to 92 of 243, columns 70 to 139 of 320]
1.81609E-3 1.02381E-3 4.3743E-4 1.11721E-4 4.47046E-5 1.43108E-5 4.8313E-7 3.56094E-6 4.37104E-6 2.83761E-7 3.27556E-5 2.02433E-4 6.01507E-4 1.37009E-3 1.90485E-3 5.03119E-3 1.37761E-2 1.73354E-2 1.91346E-2 2.0183E-2 2.16113E-2 2.26231E-2 2.22846E-2 2.16801E-2 2.0751E-2 6.85467E-3 1.08104E-3 1.27934E-3 1.05183E-3 3.71691E-4 1.03747E-3 2.19145E-3 2.30326E-3 1.50673E-3 4.23305E-3 1.34758E-2 1.472E-2 1.27661E-2 1.19279E-2 1.15658E-2 1.15658E-2 8.18194E-3 7.59907E-3 7.71657E-3 6.48888E-3 4.50025E-3 2.05673E-3 1.89457E-3 1.55005E-3 1.78173E-3 1.88487E-3 2.22523E-3 5.09E-3 1.06982E-2 1.9572E-2 2.24915E-2 2.55281E-2 2.98433E-2 3.30041E-2 3.65823E-2 3.91129E-2 4.05202E-2 2.67525E-2 7.59649E-3 2.0135E-3 1.62129E-3 3.32747E-4 2.93917E-4 9.75379E-4 4.24059E-3
2.03243E-3 1.86058E-3 1.03715E-3 3.11064E-4 1.7127E-4 1.42441E-4 7.16509E-5 1.60158E-4 1.15573E-4 6.33135E-6 4.10336E-5 2.57521E-5 1.73625E-4 1.78968E-3 3.74172E-3 3.83884E-3 1.08674E-2 1.3681E-2 1.73354E-2 1.973E-2 2.15622E-2 2.24605E-2 2.29758E-2 2.17826E-2 2.04673E-2 1.41568E-2 3.78493E-3 2.50601E-3 2.10523E-3 7.7676E-4 8.71532E-4 7.45708E-4 2.13091E-3 5.03119E-3 2.12422E-3 8.03554E-3 1.17153E-2 1.07991E-2 9.74692E-3 9.85597E-3 7.95632E-3 4.83392E-3 3.19976E-3 6.27454E-3 8.18194E-3 6.46789E-3 4.2746E-3 5.04468E-3 3.38701E-3 3.52492E-3 3.80043E-3 5.87648E-3 9.48926E-3 1.47622E-2 1.90219E-2 2.21757E-2 2.55281E-2 2.80898E-2 3.21162E-2 3.51284E-2 3.6439E-2 3.15485E-2 1.05453E-2 4.99421E-3 1.02774E-3 4.96987E-4 2.24943E-4 1.92844E-4 2.05797E-3 3.29287E-3
1.94101E-3 2.36283E-3 1.41779E-3 6.86466E-4 3.44996E-4 4.58023E-4 5.63812E-4 8.57909E-4 5.96517E-4 4.91931E-5 1.93046E-5 6.92571E-6 2.73939E-4 4.23323E-4 3.22416E-3 6.65801E-3 1.05464E-2 1.38888E-2 1.64306E-2 1.84291E-2 2.11302E-2 2.29758E-2 2.29157E-2 2.16677E-2 2.38436E-2 1.62422E-2 1.65716E-3 3.36948E-3 2.89852E-3 1.75528E-3 8.40005E-4 4.39986E-4 1.47997E-3 8.45237E-3 8.61853E-3 9.52549E-3 1.07059E-2 1.09636E-2 1.04764E-2 1.01621E-2 7.95704E-3 7.1404E-3 3.20175E-3 5.9718E-3 1.19279E-2 1.0693E-2 9.36787E-3 8.71468E-3 7.29373E-3 7.5873E-3 8.32983E-3 9.00435E-3 1.11891E-2 1.45512E-2 1.83084E-2 2.16911E-2 2.49765E-2 2.78432E-2 3.02571E-2 2.78243E-2 2.56318E-2 1.94455E-2 8.63751E-3 9.59758E-4 8.31417E-4 2.53689E-4 4.06042E-5 1.75285E-4 9.86641E-4 1.039E-2
1.12244E-3 1.62764E-3 3.85457E-4 9.49519E-4 2.52192E-4 5.97222E-4 5.06458E-4 1.03615E-3 1.89321E-3 1.82386E-3 2.06126E-3 1.56808E-3 3.79864E-3 1.61067E-4 2.52756E-4 3.84716E-3 1.07263E-2 1.56384E-2 1.64306E-2 1.95759E-2 2.2202E-2 2.34818E-2 2.28801E-2 2.17387E-2 2.36453E-2 2.17304E-2 5.8019E-3 3.17978E-3 3.74172E-3 1.90965E-3 6.20058E-4 5.26494E-4 1.91185E-3 5.55763E-3 1.08884E-2 1.53051E-2 1.399E-2 1.51115E-2 1.5229E-2 1.55067E-2 1.43228E-2 1.36741E-2 1.30129E-2 1.48545E-2 1.53297E-2 1.50385E-2 1.32416E-2 1.22984E-2 1.12992E-2 1.17069E-2 1.12236E-2 1.17288E-2 1.33579E-2 1.55744E-2 1.84848E-2 1.91777E-2 1.60202E-2 1.71612E-2 1.91917E-2 2.71881E-2 2.76414E-2 1.16048E-2 2.76323E-3 7.07486E-4 5.35476E-4 9.47125E-5 1.64067E-5 5.50864E-4 1.44427E-2 3.38478E-2
2.01769E-3 2.24844E-3 2.76687E-3 2.01054E-3 9.88849E-5 4.74027E-4 5.29986E-4 2.0598E-4 1.06118E-3 1.89321E-3 2.6815E-3 1.43264E-2 1.73597E-2 1.52877E-3 3.02871E-5 3.13574E-4 5.1618E-3 1.20579E-2 1.66994E-2 2.04792E-2 2.35757E-2 2.39777E-2 2.45663E-2 2.36977E-2 2.40854E-2 2.16097E-2 9.09825E-3 2.83837E-3 3.95509E-3 2.1047E-3 6.45311E-4 1.94925E-4 6.81282E-4 2.04906E-3 5.10502E-3 1.29205E-2 1.7122E-2 1.69872E-2 1.86893E-2 1.89455E-2 1.83744E-2 1.81984E-2 1.82989E-2 1.87648E-2 1.83973E-2 1.86132E-2 1.7073E-2 1.62325E-2 1.58122E-2 1.50781E-2 1.40141E-2 1.26012E-2 1.22451E-2 1.25815E-2 1.06322E-2 6.65672E-3 8.10018E-3 1.47005E-2 2.79257E-2 3.13519E-2 2.90761E-2 7.47195E-3 1.32085E-3 9.17958E-4 5.76364E-4 7.13051E-5 3.11034E-4 4.09216E-4 5.9524E-3 5.17168E-2
6.81193E-3 8.486E-3 9.12908E-3 5.39274E-3 3.74413E-3 4.54344E-3 1.59012E-3 1.24945E-4 7.02435E-4 1.98896E-3 3.16525E-3 1.53214E-2 2.62641E-2 1.56322E-2 2.45048E-3 4.86726E-5 1.31151E-3 6.95539E-3 1.44848E-2 2.04246E-2 2.4358E-2 2.49346E-2 2.50888E-2 2.47716E-2 2.41007E-2 2.20807E-2 1.47751E-2 3.54964E-3 5.36307E-3 3.68273E-3 2.13354E-3 5.93012E-4 5.85501E-5 1.04883E-3 4.19674E-3 1.13747E-2 1.97823E-2 1.98724E-2 2.01613E-2 2.17826E-2 2.10283E-2 2.17808E-2 2.11188E-2 2.17416E-2 2.19373E-2 2.12347E-2 2.08103E-2 1.95318E-2 1.92839E-2 1.66994E-2 1.07303E-2 6.74709E-3 6.76218E-3 1.01907E-2 1.22764E-2 1.38502E-2 2.31343E-2 3.11242E-2 3.2002E-2 3.42854E-2 2.42909E-2 5.06883E-3 1.6877E-3 1.77245E-3 2.22417E-4 7.30068E-5 1.70054E-3 1.72449E-3 1.40125E-2 6.87726E-2
1.15919E-2 1.25429E-2 1.62634E-2 2.08287E-2 1.91707E-2 1.23216E-2 4.59894E-3 2.80642E-3 1.70054E-3 5.40741E-3 1.43864E-2 2.14473E-2 2.95029E-2 2.54745E-2 1.83799E-2 5.79103E-3 1.12737E-3 3.38326E-3 1.14381E-2 1.92166E-2 2.29701E-2 2.3018E-2 2.29701E-2 2.40453E-2 2.30552E-2 1.90219E-2 1.97503E-2 9.59336E-3 7.05704E-3 6.47668E-3 4.89003E-3 2.91705E-3 2.87748E-3 4.03768E-3 6.58253E-3 2.76147E-3 1.15408E-2 2.07291E-2 2.29504E-2 2.43409E-2 2.38745E-2 2.31583E-2 2.39873E-2 2.4488E-2 2.43569E-2 2.36862E-2 2.29758E-2 2.26901E-2 2.16677E-2 1.81726E-2 1.37025E-2 1.60763E-2 1.82635E-2 2.07379E-2 2.31556E-2 2.74156E-2 2.90602E-2 3.07465E-2 3.34263E-2 3.39119E-2 1.79777E-2 2.90456E-3 2.91084E-3 2.19212E-3 5.57308E-4 4.52092E-3 5.69303E-3 5.3771E-3 2.32717E-2 7.56513E-2
2.76549E-2 2.59066E-2 2.4651E-2 2.51591E-2 1.75928E-2 1.8278E-2 7.97627E-3 1.86594E-3 8.26712E-3 2.00821E-2 2.93041E-2 3.09442E-2 3.30235E-2 2.94744E-2 2.5693E-2 2.04222E-2 1.49712E-2 1.31657E-2 1.15636E-2 1.58632E-2 1.74182E-2 1.65449E-2 1.74894E-2 2.28051E-2 1.99367E-2 1.29837E-2 1.6536E-2 1.75019E-2 7.77524E-3 6.09225E-3 7.15493E-3 6.47668E-3 5.76761E-3 6.86463E-3 8.94574E-3 1.8472E-3 4.0941E-3 1.09983E-2 1.76062E-2 2.27009E-2 2.61372E-2 2.64234E-2 2.65519E-2 2.61521E-2 2.60262E-2 2.53399E-2 2.4413E-2 2.43409E-2 2.44623E-2 2.46527E-2 2.40512E-2 2.41019E-2 2.44552E-2 2.51772E-2 2.78463E-2 2.82462E-2 3.03175E-2 3.11242E-2 3.22501E-2 2.56305E-2 1.31086E-2 4.29958E-3 4.51808E-3 2.15774E-3 3.08556E-3 5.50384E-3 3.4454E-3 9.20033E-3 2.15356E-2 6.44082E-2
4.50831E-2 2.33935E-2 1.44427E-2 2.22833E-2 1.79995E-2 1.23909E-2 7.74542E-3 6.92533E-3 2.5087E-2 3.67569E-2 2.80135E-2 2.4293E-2 3.23609E-2 3.6559E-2 3.38087E-2 3.07731E-2 2.95029E-2 2.82653E-2 2.39393E-2 1.23912E-2 1.35363E-2 1.46435E-2 9.03432E-3 1.84978E-2 1.82495E-2 5.18141E-3 3.65768E-3 1.6697E-2 4.9137E-3 6.06403E-3 8.21509E-3 9.76122E-3 8.90539E-3 8.66354E-3 9.36536E-3 4.14397E-3 9.73883E-4 6.22335E-3 8.89881E-3 1.74488E-2 2.60675E-2 2.7134E-2 2.82031E-2 2.77824E-2 2.68256E-2 2.69148E-2 2.69306E-2 2.62273E-2 2.59633E-2 2.53935E-2 2.5461E-2 2.59154E-2 2.59257E-2 2.70744E-2 2.82462E-2 2.98935E-2 2.936E-2 2.95686E-2 2.74499E-2 1.22731E-2 8.81702E-3 3.35796E-3 4.86244E-3 4.41176E-3 6.66738E-3 9.81216E-3 1.61435E-2 1.63204E-2 4.1371E-2 5.42646E-2
3.69874E-2 2.24282E-2 1.36785E-2 3.35334E-3 5.82743E-3 1.41008E-2 2.81914E-2 3.23575E-2 4.28886E-2 4.51899E-2 3.85959E-2 3.65823E-2 3.89706E-2 4.0331E-2 3.95422E-2 3.8991E-2 3.70748E-2 3.57277E-2 3.45535E-2 3.07867E-2 2.69408E-2 2.74567E-2 2.73194E-2 2.22942E-2 1.98058E-2 1.34489E-2 1.26874E-2 2.5639E-2 1.13096E-2 7.82704E-3 1.11574E-2 1.0452E-2 1.0452E-2 7.54286E-3 7.76644E-3 8.32818E-3 4.82453E-3 4.69573E-3 3.07993E-3 8.98306E-3 1.84848E-2 2.76451E-2 2.98697E-2 3.05082E-2 2.91831E-2 3.05082E-2 2.90035E-2 2.80914E-2 2.68466E-2 2.6153E-2 2.69968E-2 2.82416E-2 2.74621E-2 2.86718E-2 2.94744E-2 2.98446E-2 2.91606E-2 2.48067E-2 1.29277E-2 5.83709E-3 8.63751E-3 4.77297E-3 4.86244E-3 5.12305E-3 7.29095E-3 1.14224E-2 4.89803E-3 2.67643E-2 2.27545E-2 5.27959E-2
4.59705E-2 2.8003E-2 3.2116E-2 4.64535E-2 4.37863E-2 4.32529E-2 3.96731E-2 4.49034E-2 5.35263E-2 5.21092E-2 4.51194E-2 3.31697E-2 3.67569E-2 4.40211E-2 4.4227E-2 4.32937E-2 4.1753E-2 4.1376E-2 4.15564E-2 4.02222E-2 4.00241E-2 3.92845E-2 3.66809E-2 2.96842E-2 3.12478E-2 3.15268E-2 3.58025E-2 3.89706E-2 2.74499E-2 2.12216E-2 1.8934E-2 1.70991E-2 1.19355E-2 5.78615E-3 1.07395E-2 9.66506E-3 1.0452E-2 9.65167E-3 2.26574E-3 7.55793E-3 1.32282E-2 2.37246E-2 2.8963E-2 2.91985E-2 3.04996E-2 3.07567E-2 2.96211E-2 2.82355E-2 2.87765E-2 2.81355E-2 2.86093E-2 2.86511E-2 2.8672E-2 2.99206E-2 2.80653E-2 2.53501E-2 2.12322E-2 1.13465E-2 4.51241E-3 5.27177E-3 7.49229E-3 7.13982E-3 1.17975E-2 1.47911E-2 1.0758E-2 1.75642E-2 2.94487E-2 3.00405E-2 4.03178E-2 4.89726E-2
6.25239E-2 7.42357E-2 6.5361E-2 6.9615E-2 6.0189E-2 6.62508E-2 5.84058E-2 6.74891E-2 5.68313E-2 5.10838E-2 5.33892E-2 4.67043E-2 4.00812E-2 4.89786E-2 4.83311E-2 4.66618E-2 4.69057E-2 4.5203E-2 4.47494E-2 4.48931E-2 4.42684E-2 4.42684E-2 4.60139E-2 4.53931E-2 4.51306E-2 4.63922E-2 4.83215E-2 4.86713E-2 4.22655E-2 3.75783E-2 3.11126E-2 2.56067E-2 1.77236E-2 8.85208E-3 7.2545E-3 1.59465E-2 1.58253E-2 1.14634E-2 1.11574E-2 7.41932E-3 1.39155E-2 2.10881E-2 2.68087E-2 2.78087E-2 2.82462E-2 2.78605E-2 2.90655E-2 2.90248E-2 2.90655E-2 2.8672E-2 2.78636E-2 2.69739E-2 2.19995E-2 1.92665E-2 1.92856E-2 1.13096E-2 6.09897E-3 5.40317E-3 4.10624E-3 6.29473E-3 1.06099E-2 1.16571E-2 9.69344E-3 1.77268E-2 8.34985E-3 1.31979E-2 2.85464E-2 1.80003E-2 2.01576E-2 3.20233E-2
6.30325E-2 7.67204E-2 5.86877E-2 7.01454E-2 9.16638E-2 8.9884E-2 8.59738E-2 8.18367E-2 7.37532E-2 7.12887E-2 5.47323E-2 6.17605E-2 4.89003E-2 5.4494E-2 5.10198E-2 4.99582E-2 4.88757E-2 4.91037E-2 4.71209E-2 4.74639E-2 4.74639E-2 4.89263E-2 4.9029E-2 5.03996E-2 5.18006E-2 5.32325E-2 5.60579E-2 5.51463E-2 5.48812E-2 4.33671E-2 4.93476E-2 4.21624E-2 1.7742E-2 1.16486E-2 7.06531E-3 1.64844E-2 2.05854E-2 1.86183E-2 1.32092E-2 1.73329E-2 1.19021E-2 1.15838E-2 2.01009E-2 2.19875E-2 2.16842E-2 2.24285E-2 2.4477E-2 2.66971E-2 2.51122E-2 2.29792E-2 2.15041E-2 1.92305E-2 1.65097E-2 9.66506E-3 6.06818E-3 6.31336E-3 7.74778E-3 5.00878E-3 6.85386E-3 5.3312E-3 1.12224E-2 9.7562E-3 1.25672E-2 1.64664E-2 1.22404E-2 6.69302E-3 2.83115E-2 3.78022E-2 3.61434E-2 5.01146E-2
6.96032E-2 8.18468E-2 9.27776E-2 9.82698E-2 9.8318E-2 9.44128E-2 9.16733E-2 8.72634E-2 8.41899E-2 7.76778E-2 7.09551E-2 5.91734E-2 4.9616E-2 4.57575E-2 5.0168E-2 5.19549E-2 5.27266E-2 5.16046E-2 5.04621E-2 4.99809E-2 5.01518E-2 5.02914E-2 5.16867E-2 5.32325E-2 5.47874E-2 5.62876E-2 5.85983E-2 6.26958E-2 6.26958E-2 6.49915E-2 6.49915E-2 5.66835E-2 3.60839E-2 1.70781E-2 1.66392E-2 1.0259E-2 1.73795E-2 2.15534E-2 2.33121E-2 1.96452E-2 2.30269E-2 1.68246E-2 1.27295E-2 9.66011E-3 9.14359E-3 1.49024E-2 2.44657E-2 1.9826E-2 1.69727E-2 1.74804E-2 1.47804E-2 1.0595E-2 7.85404E-3 8.90259E-3 9.92025E-3 8.85208E-3 7.15787E-3 1.0127E-2 9.10845E-3 5.61618E-3 1.15107E-2 1.82572E-2 2.37414E-2 1.50485E-2 1.37855E-2 1.05548E-2 2.21643E-2 4.24872E-2 3.94198E-2 7.01454E-2
7.87652E-2 8.72686E-2 -9999 -9999 -9999 -9999 -9999 9.28005E-2 8.59738E-2 8.26282E-2 7.74464E-2 5.99623E-2 2.66317E-2 3.14962E-2 4.09107E-2 4.53563E-2 5.01038E-2 5.28893E-2 5.16783E-2 5.27266E-2 5.32687E-2 5.20644E-2 5.36808E-2 5.51463E-2 5.66432E-2 5.79575E-2 5.95093E-2 6.13251E-2 6.49915E-2 6.85879E-2 6.46092E-2 4.95012E-2 2.5087E-2 1.86312E-2 1.53102E-2 1.96993E-2 2.1042E-2 2.21254E-2 2.41283E-2 2.59495E-2 2.66724E-2 2.66545E-2 2.77012E-2 2.70114E-2 2.72732E-2 2.9084E-2 2.85144E-2 2.62184E-2 2.11974E-2 1.59041E-2 1.30883E-2 1.28044E-2 1.26874E-2 1.09013E-2 8.47323E-3 1.00299E-2 1.54348E-2 1.64232E-2 1.14171E-2 1.86312E-2 7.31933E-3 2.98389E-2 1.8278E-2 1.64664E-2 2.2002E-2 2.14718E-2 2.86328E-2 3.83837E-2 5.29457E-2 6.85715E-2
-9999 -9999 9.84986E-2 -9999 -9999 -9999 -9999 -9999 9.16733E-2 8.58102E-2 7.9739E-2 5.84058E-2 1.73279E-2 1.27622E-2 2.28322E-2 2.28288E-2 3.67651E-2 4.05639E-2 4.55085E-2 4.8869E-2 5.1714E-2 5.21957E-2 4.89021E-2 5.14339E-2 5.28893E-2 5.39595E-2 5.39595E-2 5.61007E-2 5.21175E-2 4.6543E-2 3.9218E-2 2.91644E-2 1.75977E-2 1.84904E-2 1.6737E-2 1.53026E-2 1.6737E-2 1.96112E-2 2.20021E-2 2.10087E-2 2.20021E-2 2.33062E-2 2.1042E-2 2.1166E-2 2.56318E-2 2.73346E-2 2.85856E-2 2.9084E-2 2.67134E-2 2.29757E-2 1.84269E-2 1.33344E-2 1.19559E-2 1.06131E-2 1.30995E-2 1.41516E-2 1.39866E-2 1.69068E-2 2.34757E-2 1.09502E-2 3.0219E-2 2.37414E-2 2.69763E-2 1.66134E-2 2.7546E-2 3.09872E-2 3.28858E-2 4.0781E-2 5.75641E-2 8.77278E-2
8.03751E-2 9.12658E-2 -9999 -9999 -9999 -9999 -9999 -9999 9.59848E-2 9.15905E-2 8.27131E-2 5.29691E-2 1.21114E-2 2.24282E-2 2.28109E-2 1.79887E-2 2.42451E-2 2.45028E-2 3.09907E-2 4.03949E-2 4.61033E-2 4.33107E-2 3.49826E-2 3.98842E-2 4.49562E-2 4.38682E-2 4.16166E-2 4.07546E-2 3.0219E-2 1.99123E-2 1.71665E-2 1.89641E-2 2.69674E-2 3.28201E-2 3.09907E-2 3.0108E-2 2.95992E-2 3.31838E-2 4.1551E-2 3.23575E-2 2.26713E-2 2.36209E-2 2.82639E-2 2.91644E-2 2.69327E-2 2.77354E-2 2.84462E-2 3.05632E-2 2.83085E-2 2.49269E-2 2.11444E-2 1.64844E-2 1.29407E-2 1.14826E-2 1.25954E-2 1.64751E-2 1.86312E-2 1.57065E-2 3.07888E-2 3.3691E-2 4.58277E-2 1.89736E-2 3.52183E-2 2.45424E-2 5.0596E-2 2.7024E-2 3.95776E-2 5.40537E-2 6.30903E-2 9.34714E-2
-9999 -9999 -9999 -9999 -9999 -9999 -9999 -9999 -9999 9.26945E-2 8.33253E-2 6.31444E-2 1.93957E-2 3.55731E-2 3.32805E-2 3.96294E-2 3.96826E-2 3.67413E-2 3.77506E-2 3.77468E-2 3.819E-2 3.0108E-2 2.97318E-2 4.03949E-2 3.4995E-2 2.48453E-2 2.43448E-2 1.71323E-2 1.62634E-2 2.85049E-2 3.95987E-2 3.0488E-2 2.51591E-2 3.77468E-2 2.95992E-2 2.8717E-2 3.77218E-2 4.32142E-2 4.77932E-2 6.30763E-2 5.99623E-2 5.5969E-2 4.76403E-2 4.00093E-2 3.54318E-2 3.40412E-2 3.28033E-2 3.14801E-2 2.99356E-2 2.59732E-2 2.00821E-2 1.70117E-2 1.80766E-2 1.80766E-2 1.79225E-2 2.18752E-2 2.92134E-2 4.11358E-2 4.58642E-2 4.91417E-2 5.89911E-2 5.52797E-2 5.39974E-2 6.73727E-2 9.08319E-2 5.49006E-2 4.796E-2 6.89555E-2 8.23361E-2 9.72682E-2
-9999 -9999 -9999 -9999 -9999 -9999 -9999 -9999 9.97725E-2 9.63509E-2 8.7404E-2 5.67759E-2 3.82066E-2 5.09828E-2 5.0206E-2 3.43096E-2 4.47724E-2 5.2561E-2 4.98012E-2 5.35492E-2 5.28651E-2 4.91694E-2 5.00663E-2 5.07132E-2 4.55746E-2 4.26906E-2 4.4686E-2 3.9102E-2 3.77468E-2 3.819E-2 4.7332E-2 4.1032E-2 4.2075E-2 5.76699E-2 5.23111E-2 5.69266E-2 6.36617E-2 6.15272E-2 6.68268E-2 7.8868E-2 5.52797E-2 5.12465E-2 5.97247E-2 5.75445E-2 5.61249E-2 5.42139E-2 4.73113E-2 4.40187E-2 3.97903E-2 3.73037E-2 3.30804E-2 3.22235E-2 2.66381E-2 1.92886E-2 1.73755E-2 3.36617E-2 4.59466E-2 5.13667E-2 5.63177E-2 6.46739E-2 7.63982E-2 7.48301E-2 6.35023E-2 1.03915E-1 1.11877E-1 6.6011E-2 4.89726E-2 9.5335E-2 9.7033E-2 9.4648E-2
-9999 -9999 -9999 -9999 -9999 -9999 -9999 -9999 -9999 9.63509E-2 8.8868E-2 5.96971E-2 6.69682E-2 6.07847E-2 6.07122E-2 5.12465E-2 5.77547E-2 5.78014E-2 5.49379E-2 5.72035E-2 6.01621E-2 6.0177E-2 5.86203E-2 5.93873E-2 5.86203E-2 5.35492E-2 5.35492E-2 5.42401E-2 5.05942E-2 5.34653E-2 5.77632E-2 5.61249E-2 6.15527E-2 6.4618E-2 7.27357E-2 7.65352E-2 8.11645E-2 8.84505E-2 9.16437E-2 9.25361E-2 8.24607E-2 7.30383E-2 7.21616E-2 7.33338E-2 7.12785E-2 6.49922E-2 6.15473E-2 5.3534E-2 4.55085E-2 4.23322E-2 3.82947E-2 3.15895E-2 2.69327E-2 3.43998E-2 4.21412E-2 4.325E-2 4.35665E-2 5.77547E-2 6.30252E-2 7.244E-2 8.53375E-2 8.2199E-2 8.91486E-2 1.25929E-1 1.3483E-1 1.07578E-1 6.19455E-2 9.09427E-2 1.08829E-1 1.1E-1
-9999 -9999 -9999 -9999 -9999 -9999 -9999 -9999 -9999 9.32281E-2 8.72686E-2 7.84323E-2 7.46E-2 7.27605E-2 6.07122E-2 5.39459E-2 5.66704E-2 6.25754E-2 5.84252E-2 6.1735E-2 6.08244E-2 6.08244E-2 5.90259E-2 6.08244E-2 6.05187E-2 6.0177E-2 5.97996E-2 5.89408E-2 5.99889E-2 6.20578E-2 5.48397E-2 6.0001E-2 6.37142E-2 6.45167E-2 7.32654E-2 8.08182E-2 8.82115E-2 9.93533E-2 1.01695E-1 9.60631E-2 9.38147E-2 9.09889E-2 8.74011E-2 8.79531E-2 8.5191E-2 7.27605E-2 6.66431E-2 5.26932E-2 4.10876E-2 4.24672E-2 4.24672E-2 4.21412E-2 4.47719E-2 4.40187E-2 4.22123E-2 4.41401E-2 5.42139E-2 6.41789E-2 7.04002E-2 6.0918E-2 7.93942E-2 9.27023E-2 9.75318E-2 1.29048E-1 1.42567E-1 1.4092E-1 1.02178E-1 1.13366E-1 1.16834E-1 1.12972E-1
-9999 -9999 -9999 -9999 -9999 -9999 -9999 -9999 -9999 -9999 8.31092E-2 7.88384E-2 7.46E-2 7.3106E-2 7.04816E-2 6.89021E-2 6.85879E-2 6.56664E-2 6.35301E-2 6.415E-2 6.33168E-2 6.13251E-2 6.01795E-2 6.17937E-2 5.93971E-2 6.05187E-2 5.8625E-2 5.97996E-2 6.09447E-2 6.51957E-2 6.43588E-2 6.68381E-2 6.86908E-2 7.03723E-2 7.42774E-2 7.90714E-2 8.28344E-2 8.91026E-2 9.60631E-2 9.38079E-2 9.05611E-2 8.77223E-2 8.40638E-2 8.88128E-2 8.74011E-2 7.74464E-2 6.00306E-2 5.41491E-2 4.55364E-2 4.33107E-2 3.15474E-2 3.58387E-2 4.41401E-2 4.43817E-2 5.07132E-2 5.63177E-2 6.41789E-2 7.05816E-2 7.03488E-2 8.13105E-2 9.32065E-2 9.52606E-2 9.64546E-2 1.33381E-1 1.44075E-1 1.5245E-1 1.42763E-1 1.13431E-1 1.3401E-1 1.31718E-1
-9999 -9999 -9999 -9999 -9999 -9999 -9999 -9999 -9999 -9999 -9999 7.80688E-2 7.52268E-2 7.24894E-2 6.86908E-2 6.96651E-2 6.87448E-2 6.61349E-2 6.61349E-2 6.52137E-2 6.35786E-2 6.27091E-2 6.09824E-2 5.95093E-2 5.84751E-2 5.75019E-2 5.90259E-2 5.9733E-2 6.05187E-2 5.97996E-2 6.35301E-2 6.61229E-2 6.61057E-2 6.87694E-2 7.05484E-2 7.33079E-2 7.67146E-2 8.11147E-2 8.37056E-2 8.31599E-2 8.21237E-2 8.24161E-2 8.07532E-2 8.31599E-2 7.68357E-2 7.23878E-2 6.68381E-2 6.18974E-2 5.62256E-2 5.01454E-2 4.57575E-2 5.21878E-2 5.28651E-2 5.07132E-2 5.63543E-2 6.19803E-2 6.92053E-2 7.40275E-2 7.84137E-2 7.8868E-2 8.57005E-2 9.59563E-2 1.11877E-1 1.25062E-1 1.39579E-1 1.55286E-1 1.46388E-1 1.31348E-1 1.22631E-1 1.34811E-1
-9999 -9999 -9999 -9999 -9999 -9999 -9999 -9999 -9999 -9999 -9999 -9999 -9999 -9999 6.96422E-2 7.04836E-2 -9999 -9999 6.69075E-2 6.52436E-2 6.27091E-2 6.27091E-2 6.10986E-2 5.97322E-2 5.92502E-2 5.92758E-2 5.99184E-2 5.81717E-2 6.05246E-2 5.9733E-2 6.10933E-2 6.2492E-2 6.26134E-2 6.52741E-2 6.61349E-2 6.78086E-2 6.87514E-2 7.42032E-2 7.32597E-2 7.51129E-2 7.29505E-2 7.51559E-2 7.68357E-2 7.32597E-2 6.9645E-2 6.69904E-2 6.26958E-2 5.95093E-2 5.48997E-2 5.30933E-2 5.62256E-2 5.8625E-2 6.17605E-2 5.42401E-2 5.70725E-2 6.41789E-2 6.78137E-2 6.54462E-2 7.2188E-2 8.53375E-2 9.2726E-2 9.76562E-2 1.08945E-1 -9999 -9999 1.24547E-1 1.2918E-1 1.34954E-1 1.29306E-1 1.41015E-1
-9999 -9999 -9999 -9999 -9999 -9999 -9999 -9999 -9999 -9999 -9999 -9999 -9999 -9999 -9999 -9999 -9999 -9999 -9999 -9999 6.1807E-2 -9999 -9999 6.01795E-2 5.93848E-2 5.93848E-2 5.77169E-2 5.6814E-2 5.91301E-2 -9999 5.89479E-2 5.77079E-2 5.77079E-2 6.17937E-2 6.18735E-2 6.26958E-2 6.27393E-2 6.35724E-2 6.78665E-2 6.78086E-2 6.86908E-2 6.6041E-2 6.96422E-2 6.69766E-2 6.4414E-2 6.18735E-2 5.91301E-2 5.56892E-2 5.54534E-2 5.66432E-2 5.835E-2 5.97322E-2 6.29506E-2 6.24307E-2 6.80267E-2 6.97861E-2 7.00756E-2 7.10834E-2 7.9739E-2 8.51637E-2 9.39244E-2 -9999 -9999 -9999 -9999 -9999 1.10608E-1 1.28024E-1 1.41927E-1 1.46771E-1
-9999 -9999 -9999 -9999 -9999 -9999 -9999 -9999 -9999 -9999 -9999 -9999 -9999 -9999 -9999 -9999 -9999 -9999 -9999 -9999 -9999 -9999 -9999 -9999 -9999 -9999 -9999 -9999 -9999 -9999 -9999 5.71935E-2 5.66432E-2 5.835E-2 5.77169E-2 5.77169E-2 5.77169E-2 5.77169E-2 6.09824E-2 6.4414E-2 6.35724E-2 -9999 -9999 6.19147E-2 6.10595E-2 5.69496E-2 5.25557E-2 -9999 -9999 -9999 -9999 -9999 6.21141E-2 -9999 -9999 -9999 -9999 -9999 -9999 -9999 -9999 -9999 -9999 -9999 -9999 -9999 1.19143E-1 1.38188E-1 1.53137E-1 1.58005E-1
-9999 -9999 -9999 -9999 -9999 -9999 -9999 -9999 -9999 -9999 -9999 -9999 -9999 -9999 -9999 -9999 -9999 -9999 -9999 -9999 -9999 -9999 -9999 -9999 -9999 -9999 -9999 -9999 -9999 -9999 -9999 -9999 -9999 -9999 5.58908E-2 -9999 5.2774E-2 -9999 -9999 -9999 -9999 -9999 -9999 -9999 -9999 -9999 -9999 -9999 -9999 -9999 -9999 -9999 -9999 -9999 -9999 -9999 -9999 -9999 -9999 -9999 -9999 -9999 -9999 -9999 -9999 -9999 1.41291E-1 1.5308E-1 1.67864E-1 1.70647E-1
-9999 -9999 -9999 -9999 -9999 -9999 -9999 -9999 -9999 -9999 -9999 -9999 -9999 -9999 -9999 -9999 -9999 -9999 -9999 -9999 -9999 -9999 -9999 -9999 -9999 -9999 -9999 -9999 -9999 -9999 -9999 -9999 -9999 -9999 -9999 -9999 -9999 -9999 -9999 -9999 -9999 -9999 -9999 -9999 -9999 -9999 -9999 -9999 -9999 -9999 -9999 -9999 -9999 -9999 -9999 -9999 -9999 -9999 -9999 -9999 -9999 -9999 -9999 -9999 -9999 -9999 1.59264E-1 1.75894E-1 1.74273E-1 1.85058E-1
-9999 -9999 -9999 -9999 -9999 -9999 -9999 -9999 -9999 -9999 -9999 -9999 -9999 -9999 -9999 -9999 -9999 -9999 -9999 -9999 -9999 -9999 -9999 -9999 -9999 -9999 -9999 -9999 -9999 -9999 -9999 -9999 -9999 -9999 -9999 -9999 -9999 -9999 -9999 -9999 -9999 -9999 -9999 -9999 -9999 -9999 -9999 -9999 -9999 -9999 -9999 -9999 -9999 -9999 -9999 -9999 -9999 -9999 -9999 -9999 -9999 -9999 -9999 -9999 -9999 -9999 -9999 -9999 -9999 -9999
-9999 -9999 -9999 -9999 -9999 -9999 -9999 -9999 -9999 -9999 -9999 -9999 -9999 -9999 -9999 -9999 -9999 -9999 -9999 -9999 -9999 -9999 -9999 -9999 -9999 -9999 -9999 -9999 -9999 -9999 -9999 -9999 -9999 -9999 -9999 -9999 -9999 -9999 -9999 -9999 -9999 -9999 -9999 -9999 -9999 -9999 -9999 -9999 -9999 -9999 -9999 -9999 -9999 -9999 -9999 -9999 -9999 -9999 -9999 -9999 -9999 -9999 -9999 -9999 -9999 -9999 -9999 -9999 -9999 1.73354E-1
-9999 -9999 -9999 -9999 -9999 -9999 -9999 -9999 -9999 -9999 -9999 -9999 -9999 -9999 -9999 -9999 -9999 -9999 -9999 -9999 -9999 -9999 -9999 -9999 -9999 -9999 -9999 -9999 -9999 -9999 -9999 -9999 -9999 -9999 -9999 -9999 -9999 -9999 -9999 -9999 -9999 -9999 -9999 -9999 -9999 -9999 -9999 -9999 -9999 -9999 -9999 -9999 -9999 -9999 -9999 -9999 -9999 -9999 -9999 -9999 -9999 -9999 -9999 -9999 -9999 -9999 -9999 -9999 -9999 -9999
