KUENM/Final_Models/M_0.1_F_lq_Set_2_EC/sp1_min.asc
ncols         197
nrows         210
xllcorner     56.1666666666667
yllcorner     4.5
cellsize      0.166666666666667
NODATA_value  -9999
[rows 112 to 139 of 210, columns 130 to 194 of 197]
3.13659E-1 1.85862E-1 1.04389E-1 7.80556E-2 6.54738E-2 3.43779E-2 1.37153E-2 4.24558E-3 1.23654E-3 2.91881E-4 1.01772E-4 5.63145E-5 2.83526E-5 8.35106E-6 2.29553E-6 2.28243E-6 6.68367E-6 2.26717E-5 5.51088E-5 1.54192E-4 6.02517E-4 1.51652E-3 1.89326E-3 1.41758E-3 2.21124E-4 4.61762E-5 3.07778E-5 4.30135E-5 7.69457E-5 7.65268E-5 5.91647E-5 6.73446E-5 7.44821E-5 7.81715E-5 6.59804E-5 4.97989E-5 3.83434E-5 3.09179E-5 3.54122E-5 3.83434E-5 6.23101E-5 1.14444E-4 2.36045E-4 5.28995E-4 2.49131E-4 5.75901E-5 1.04407E-5 2.16329E-6 1.18679E-6 1.55739E-6 1.64437E-6 1.85344E-6 1.75087E-6 2.03648E-6 2.90389E-6 4.76715E-6 -9999 -9999 -9999 -9999 -9999 -9999 -9999 -9999 -9999
2.72473E-1 1.48786E-1 8.24935E-2 6.12745E-2 4.37939E-2 1.99339E-2 6.53596E-3 1.49471E-3 1.93687E-4 3.09179E-5 4.54487E-5 5.83873E-5 5.2314E-5 1.27517E-5 1.33577E-6 6.83146E-7 1.83758E-6 6.44071E-6 2.3409E-5 8.18187E-5 2.2481E-4 4.51282E-4 4.50017E-4 3.46396E-4 2.00774E-4 4.40984E-5 2.60513E-5 3.35938E-5 3.00177E-4 5.64601E-4 2.67826E-4 1.2859E-4 8.49416E-5 8.20341E-5 7.36202E-5 7.42157E-5 8.7961E-5 1.11629E-4 1.48534E-4 1.23015E-4 8.42958E-5 7.33015E-5 7.72986E-5 1.59341E-4 1.28231E-4 3.94963E-5 7.38431E-6 1.68797E-6 1.44571E-6 1.84641E-6 2.15101E-6 2.55932E-6 2.97625E-6 3.35561E-6 4.3674E-6 -9999 -9999 -9999 -9999 -9999 -9999 -9999 -9999 -9999 -9999
1.71714E-1 6.96933E-2 3.85278E-2 2.92268E-2 2.22577E-2 1.0896E-2 3.83869E-3 7.86757E-4 9.80802E-5 1.69858E-5 2.83526E-5 5.09269E-5 4.67826E-5 5.7314E-6 1.92932E-7 8.01524E-8 3.18002E-7 1.36755E-6 6.73389E-6 3.0433E-5 7.08208E-5 2.25243E-4 5.63345E-4 1.45488E-3 4.73059E-4 4.54786E-5 1.64699E-5 2.89732E-5 4.60033E-4 1.20278E-3 6.15624E-4 2.04823E-4 9.5764E-5 9.1429E-5 1.05352E-4 1.24774E-4 1.42977E-4 1.78997E-4 2.61555E-4 2.6166E-4 1.70914E-4 9.9286E-5 4.15174E-5 5.29265E-5 5.90188E-5 2.76431E-5 7.9369E-6 2.10649E-6 2.01204E-6 2.93412E-6 3.51696E-6 4.33022E-6 5.31809E-6 6.51484E-6 -9999 -9999 -9999 -9999 -9999 -9999 -9999 -9999 -9999 -9999 -9999
1.16861E-1 5.5979E-2 2.74659E-2 1.40705E-2 8.63444E-3 6.32934E-3 3.13138E-3 9.50643E-4 2.30192E-4 8.09468E-5 6.43817E-5 6.59693E-5 2.17225E-5 1.21176E-6 2.82297E-8 1.87664E-8 6.72644E-8 2.8248E-7 1.06801E-6 3.39627E-6 5.42722E-6 4.50229E-5 2.70035E-4 5.98435E-4 2.69364E-4 3.64928E-5 1.656E-5 3.97043E-5 1.11417E-3 2.17232E-3 1.36998E-3 3.94676E-4 1.38383E-4 1.41665E-4 1.64624E-4 1.46253E-4 2.15396E-4 1.96675E-4 2.68761E-4 3.17173E-4 2.75544E-4 1.70709E-4 1.15052E-4 1.12351E-4 8.29213E-5 4.03055E-5 1.63596E-5 5.01887E-6 3.81709E-6 6.23341E-6 7.22074E-6 8.13104E-6 -9999 -9999 -9999 -9999 -9999 -9999 -9999 -9999 -9999 -9999 -9999 -9999 -9999
8.79788E-2 5.2303E-2 2.63436E-2 1.08438E-2 5.1394E-3 4.0138E-3 3.91145E-3 1.73254E-3 6.0362E-4 3.73284E-4 3.37253E-4 2.14663E-4 1.55318E-5 7.66313E-7 5.74345E-8 2.30408E-8 3.02178E-8 7.23634E-8 1.37997E-7 9.89536E-8 3.64826E-7 1.17066E-6 4.77284E-6 1.05801E-5 2.8412E-5 3.85141E-5 6.87841E-5 5.03645E-4 3.58261E-3 5.81559E-3 2.7905E-3 1.09239E-3 4.30483E-4 2.86635E-4 2.46939E-4 2.72049E-4 2.28122E-4 2.35551E-4 2.5528E-4 4.1329E-4 3.9962E-4 3.28437E-4 2.77704E-4 2.33647E-4 1.66527E-4 9.93747E-5 5.10417E-5 2.56473E-5 1.65802E-5 1.72296E-5 1.72296E-5 -9999 -9999 -9999 -9999 -9999 -9999 -9999 -9999 -9999 -9999 -9999 -9999 -9999 -9999
6.87519E-2 4.4406E-2 2.51704E-2 1.20338E-2 6.10588E-3 4.40682E-3 4.88838E-3 2.94208E-3 1.27E-3 9.33964E-4 5.96111E-4 1.25887E-4 1.03525E-5 7.43065E-7 8.27678E-8 2.92907E-8 2.8283E-8 5.4811E-8 9.58032E-8 1.46438E-7 4.47048E-7 1.57264E-6 3.31147E-6 9.66014E-6 1.59657E-5 2.26734E-5 8.13652E-5 1.24242E-3 7.61893E-3 1.52679E-2 5.83293E-3 1.91931E-3 6.40822E-4 3.86828E-4 1.88508E-4 3.16402E-4 2.08145E-4 1.83472E-4 4.58405E-4 7.45473E-4 7.21238E-4 6.38748E-4 5.99446E-4 5.15773E-4 3.97445E-4 2.69857E-4 1.76723E-4 1.20158E-4 8.00806E-5 -9999 -9999 -9999 -9999 -9999 -9999 -9999 -9999 -9999 -9999 -9999 -9999 -9999 -9999 -9999 -9999
4.56732E-2 2.98621E-2 2.15309E-2 1.7517E-2 1.18547E-2 7.9908E-3 6.41986E-3 5.39787E-3 4.43389E-3 3.23748E-3 8.38199E-4 6.26353E-5 4.8841E-6 6.98597E-7 1.2659E-7 4.39656E-8 3.13521E-8 7.30435E-8 2.26853E-7 6.94704E-7 2.33801E-6 3.6485E-6 7.44409E-6 1.52982E-5 2.07766E-5 2.52297E-5 6.32319E-5 2.5544E-4 1.5152E-3 7.04358E-3 4.01367E-3 8.79452E-4 3.205E-4 4.27803E-4 4.69201E-4 4.98976E-4 2.83951E-4 3.21723E-4 8.5014E-4 1.21042E-3 1.27031E-3 1.21904E-3 1.12955E-3 1.0401E-3 8.49856E-4 6.30713E-4 4.55317E-4 2.91881E-4 -9999 -9999 -9999 -9999 -9999 -9999 -9999 -9999 -9999 -9999 -9999 -9999 -9999 -9999 -9999 -9999 -9999
3.01754E-2 3.31322E-2 2.84144E-2 2.1932E-2 1.34601E-2 5.17518E-3 4.15721E-3 5.39388E-3 8.3238E-3 1.0215E-2 3.50955E-3 7.31031E-5 4.94078E-6 1.12107E-6 1.97922E-7 6.12811E-8 4.54696E-8 1.19221E-7 4.23378E-7 1.32743E-6 3.31147E-6 7.93059E-6 1.55772E-5 2.29521E-5 2.09206E-5 2.3919E-5 3.69908E-5 4.0544E-5 2.02119E-4 1.80741E-3 4.25611E-4 5.83567E-5 2.16248E-4 1.75284E-4 6.27797E-4 6.98384E-4 6.12167E-4 7.35015E-4 9.35296E-4 1.47277E-3 2.0785E-3 2.04694E-3 2.17232E-3 1.9671E-3 1.62759E-3 -9999 -9999 -9999 -9999 -9999 -9999 -9999 -9999 -9999 -9999 -9999 -9999 -9999 -9999 -9999 -9999 -9999 -9999 -9999 -9999
3.28172E-2 3.83077E-2 3.96812E-2 3.21368E-2 1.64402E-2 6.60251E-3 6.49664E-3 1.50182E-2 3.69032E-2 2.46872E-2 9.48439E-3 5.62016E-4 3.70918E-5 3.97167E-6 3.49683E-7 7.15443E-8 4.52113E-8 1.42557E-7 6.18141E-7 1.77736E-6 5.3963E-6 1.34988E-5 1.81553E-5 2.31453E-5 2.57614E-5 2.15619E-5 2.27523E-5 2.42145E-5 3.35428E-5 2.41541E-4 4.91944E-5 1.91973E-5 1.57363E-4 3.85867E-4 3.8453E-4 7.27547E-4 8.40183E-4 7.69325E-4 1.0815E-3 2.2143E-3 2.90082E-3 3.17147E-3 3.48982E-3 -9999 -9999 -9999 -9999 -9999 -9999 -9999 -9999 -9999 -9999 -9999 -9999 -9999 -9999 -9999 -9999 -9999 -9999 -9999 -9999 -9999 -9999
4.07999E-2 4.86933E-2 5.73071E-2 5.29102E-2 3.6816E-2 2.21526E-2 2.17617E-2 2.02514E-2 3.77718E-2 3.24512E-2 1.01939E-2 1.36121E-3 1.25211E-4 9.68818E-6 5.70243E-7 6.18693E-8 4.35501E-8 1.22874E-7 9.46394E-7 2.80418E-6 6.71189E-6 1.81781E-5 2.05607E-5 2.1123E-5 2.00127E-5 1.50037E-5 1.27256E-5 1.05978E-5 1.25095E-5 1.38281E-5 7.56639E-6 1.12239E-5 7.77836E-5 3.38726E-4 3.21651E-4 7.46855E-4 1.08656E-3 1.04607E-3 1.10278E-3 3.20842E-3 4.0182E-3 4.43651E-3 4.71569E-3 -9999 -9999 -9999 -9999 -9999 -9999 -9999 -9999 -9999 -9999 -9999 -9999 -9999 -9999 -9999 -9999 -9999 -9999 -9999 -9999 -9999 -9999
5.0702E-2 5.66084E-2 6.88132E-2 8.70189E-2 7.80556E-2 6.83718E-2 7.70511E-2 7.12197E-2 3.88634E-2 2.63338E-2 1.00218E-2 2.15378E-3 3.0028E-4 2.43203E-5 1.19916E-6 1.14011E-7 5.69455E-8 1.81229E-7 8.73959E-7 4.47409E-6 1.9082E-5 2.87948E-5 1.39306E-5 1.20539E-5 1.25815E-5 8.52512E-6 6.07628E-6 3.82402E-6 3.44319E-6 2.13351E-6 2.34226E-6 7.33629E-6 5.06173E-5 2.47078E-4 2.95768E-4 6.91036E-4 1.16011E-3 1.18006E-3 1.03434E-3 3.84766E-3 5.98809E-3 5.624E-3 -9999 -9999 -9999 -9999 -9999 -9999 -9999 -9999 -9999 -9999 -9999 -9999 -9999 -9999 -9999 -9999 -9999 -9999 -9999 -9999 -9999 -9999 -9999
4.01229E-2 3.90823E-2 7.06521E-2 1.07176E-1 1.24627E-1 1.45882E-1 1.47894E-1 1.22436E-1 7.16867E-2 2.56555E-2 1.2234E-2 3.6764E-3 1.02532E-3 1.52389E-4 4.21127E-6 4.64088E-7 4.41731E-7 6.62972E-7 1.70407E-6 9.24792E-6 3.19791E-5 4.01407E-5 1.47489E-5 7.05481E-6 6.32796E-6 4.06933E-6 2.62987E-6 1.7846E-6 8.26045E-7 2.75818E-7 1.29245E-6 1.67013E-5 1.61113E-4 2.52027E-4 3.6223E-4 6.39589E-4 1.3666E-3 2.73218E-3 4.19486E-3 7.80006E-3 1.03642E-2 7.63833E-3 -9999 -9999 -9999 -9999 -9999 -9999 -9999 -9999 -9999 -9999 -9999 -9999 -9999 -9999 -9999 -9999 -9999 -9999 -9999 -9999 -9999 -9999 -9999
1.9156E-2 1.49551E-2 2.36458E-2 1.07252E-1 1.62731E-1 2.0203E-1 2.05051E-1 1.52491E-1 7.62019E-2 2.81638E-2 2.85815E-2 1.60315E-2 5.69228E-3 2.07118E-3 3.08976E-4 3.88192E-5 8.45939E-6 4.08655E-6 5.34334E-6 1.25672E-5 2.07841E-5 2.44765E-5 1.17585E-5 6.56308E-6 3.51079E-6 2.44484E-6 1.81542E-6 1.46545E-6 3.02991E-7 2.92921E-7 2.49683E-6 2.36897E-5 6.21882E-4 5.47558E-4 5.40628E-4 9.85123E-4 2.12976E-3 5.26872E-3 1.23143E-2 2.12521E-2 1.76842E-2 -9999 -9999 -9999 -9999 -9999 -9999 -9999 -9999 -9999 -9999 -9999 -9999 -9999 -9999 -9999 -9999 -9999 -9999 -9999 -9999 -9999 -9999 -9999 -9999
5.98084E-3 1.0544E-2 2.68245E-2 8.96174E-2 1.60285E-1 2.40356E-1 2.4778E-1 1.85862E-1 1.05984E-1 6.48825E-2 5.78281E-2 5.03955E-2 3.15587E-2 2.60437E-2 1.92321E-2 6.35973E-3 4.74271E-4 3.6504E-5 1.07635E-5 1.67076E-5 2.04312E-5 1.75612E-5 9.14732E-6 2.90665E-6 9.88692E-7 1.22332E-6 2.87908E-6 2.72346E-6 2.61789E-6 5.3619E-6 1.62484E-5 4.27825E-4 3.66492E-3 3.6264E-3 1.72808E-3 1.67792E-3 4.54346E-3 9.10727E-3 1.86655E-2 2.59367E-2 -9999 -9999 -9999 -9999 -9999 -9999 -9999 -9999 -9999 -9999 -9999 -9999 -9999 -9999 -9999 -9999 -9999 -9999 -9999 -9999 -9999 -9999 -9999 -9999 -9999
3.17828E-3 1.08627E-2 4.02076E-2 9.93925E-2 1.85458E-1 3.08768E-1 3.11742E-1 2.34417E-1 1.53132E-1 1.13216E-1 8.0366E-2 6.32607E-2 6.33604E-2 1.17604E-1 1.78114E-1 1.69246E-1 8.00917E-3 1.75562E-4 1.80746E-5 1.32849E-5 1.56027E-5 1.43328E-5 7.31281E-6 1.46228E-6 2.42215E-7 6.03517E-7 4.91009E-6 1.31465E-5 2.92211E-5 5.09446E-5 1.08785E-4 1.27901E-3 9.2467E-3 1.25884E-2 9.2552E-3 1.27331E-2 1.8853E-2 2.00015E-2 2.3038E-2 -9999 -9999 -9999 -9999 -9999 -9999 -9999 -9999 -9999 -9999 -9999 -9999 -9999 -9999 -9999 -9999 -9999 -9999 -9999 -9999 -9999 -9999 -9999 -9999 -9999 -9999
2.30672E-3 1.25898E-2 4.81435E-2 1.00556E-1 1.96324E-1 3.49108E-1 3.63807E-1 2.89474E-1 2.18406E-1 1.68246E-1 9.05114E-2 5.05145E-2 6.58298E-2 1.8029E-1 3.07108E-1 2.53369E-1 6.03059E-3 2.54927E-4 3.64687E-5 2.05519E-5 1.97307E-5 1.26804E-5 6.56038E-6 1.64906E-6 4.11311E-7 1.60029E-6 1.88408E-5 7.23136E-5 1.24581E-4 2.07331E-4 3.26148E-4 2.50054E-3 1.41769E-2 2.18094E-2 2.53768E-2 4.30615E-2 6.8015E-2 4.1278E-2 -9999 -9999 -9999 -9999 -9999 -9999 -9999 -9999 -9999 -9999 -9999 -9999 -9999 -9999 -9999 -9999 -9999 -9999 -9999 -9999 -9999 -9999 -9999 -9999 -9999 -9999 -9999
1.05465E-2 2.74136E-2 3.28745E-2 7.17923E-2 1.89826E-1 3.39494E-1 3.56936E-1 2.97611E-1 2.23581E-1 1.77084E-1 1.02491E-1 3.90081E-2 3.24506E-2 1.00912E-1 1.31767E-1 9.52946E-2 1.12546E-2 6.8844E-4 1.31947E-4 6.4178E-5 3.09827E-5 1.6301E-5 9.80689E-6 5.29921E-6 1.06902E-5 2.23495E-5 1.10075E-4 2.71188E-4 2.92501E-4 5.62195E-4 1.27589E-3 4.27344E-3 1.75523E-2 2.63006E-2 3.33886E-2 4.82592E-2 6.79883E-2 -9999 -9999 -9999 -9999 -9999 -9999 -9999 -9999 -9999 -9999 -9999 -9999 -9999 -9999 -9999 -9999 -9999 -9999 -9999 -9999 -9999 -9999 -9999 -9999 -9999 -9999 -9999 -9999
9.10583E-2 8.46757E-2 6.21201E-2 9.89049E-2 1.81726E-1 1.74535E-1 2.38445E-1 2.82272E-1 2.05958E-1 1.46881E-1 9.28366E-2 3.14848E-2 1.44699E-2 3.10191E-2 4.60455E-2 4.32004E-2 1.46032E-2 2.66005E-3 4.79206E-4 1.97802E-4 8.69799E-5 3.49421E-5 2.52031E-5 3.81861E-5 9.24956E-5 1.9388E-4 4.78901E-4 9.6243E-4 7.34745E-4 7.25507E-4 1.12254E-3 5.73393E-3 2.78838E-2 6.36939E-2 4.56509E-2 -9999 -9999 -9999 -9999 -9999 -9999 -9999 -9999 -9999 -9999 -9999 -9999 -9999 -9999 -9999 -9999 -9999 -9999 -9999 -9999 -9999 -9999 -9999 -9999 -9999 -9999 -9999 -9999 -9999 -9999
1.45736E-1 1.62572E-1 1.85549E-1 2.35798E-1 2.90078E-1 2.91481E-1 3.3524E-1 3.91192E-1 3.35134E-1 1.85218E-1 1.13206E-1 4.59452E-2 2.2529E-2 2.33141E-2 2.33987E-2 2.51704E-2 1.96228E-2 9.84648E-3 2.92776E-3 9.42888E-4 2.68058E-4 9.7148E-5 1.07715E-4 2.07188E-4 2.81003E-4 3.7077E-4 7.46163E-4 6.12167E-4 8.17632E-4 2.56637E-3 8.97691E-3 2.15252E-2 4.82592E-2 7.22893E-2 -9999 -9999 -9999 -9999 -9999 -9999 -9999 -9999 -9999 -9999 -9999 -9999 -9999 -9999 -9999 -9999 -9999 -9999 -9999 -9999 -9999 -9999 -9999 -9999 -9999 -9999 -9999 -9999 -9999 -9999 -9999
1.54796E-1 1.86418E-1 2.50829E-1 3.48407E-1 4.11818E-1 4.32725E-1 4.71611E-1 4.96732E-1 4.69169E-1 3.4659E-1 2.02296E-1 9.96606E-2 5.09718E-2 3.16981E-2 2.15508E-2 2.43733E-2 3.15587E-2 2.84785E-2 2.23783E-2 3.47756E-3 6.45959E-4 2.94777E-4 2.96104E-4 3.80973E-4 4.14351E-4 4.71582E-4 4.36582E-4 8.8448E-4 4.27191E-3 1.63088E-2 5.51703E-2 6.0484E-2 5.95779E-2 -9999 -9999 -9999 -9999 -9999 -9999 -9999 -9999 -9999 -9999 -9999 -9999 -9999 -9999 -9999 -9999 -9999 -9999 -9999 -9999 -9999 -9999 -9999 -9999 -9999 -9999 -9999 -9999 -9999 -9999 -9999 -9999
1.69202E-1 2.5677E-1 3.00637E-1 4.21109E-1 4.91598E-1 4.86262E-1 4.66145E-1 5.28334E-1 5.29091E-1 4.58947E-1 2.95336E-1 1.73874E-1 1.11641E-1 5.77901E-2 3.13922E-2 2.86947E-2 3.45733E-2 2.75466E-2 1.37153E-2 3.62779E-3 8.15319E-4 5.828E-4 5.45028E-4 8.02234E-4 1.12633E-3 1.45635E-3 2.06173E-3 5.10922E-3 1.64224E-2 4.02641E-2 7.21127E-2 8.05292E-2 -9999 -9999 -9999 -9999 -9999 -9999 -9999 -9999 -9999 -9999 -9999 -9999 -9999 -9999 -9999 -9999 -9999 -9999 -9999 -9999 -9999 -9999 -9999 -9999 -9999 -9999 -9999 -9999 -9999 -9999 -9999 -9999 -9999
1.73826E-1 4.82517E-1 4.89184E-1 5.19063E-1 5.705E-1 5.52836E-1 4.39232E-1 5.30602E-1 5.27687E-1 4.61703E-1 3.15705E-1 2.24651E-1 1.97525E-1 1.0739E-1 4.02734E-2 3.0305E-2 2.55447E-2 2.0587E-2 7.97107E-3 2.67163E-3 5.43488E-4 4.26255E-4 7.81631E-4 2.97793E-3 3.85616E-3 4.92477E-3 8.27508E-3 1.90298E-2 2.834E-2 3.90081E-2 -9999 -9999 -9999 -9999 -9999 -9999 -9999 -9999 -9999 -9999 -9999 -9999 -9999 -9999 -9999 -9999 -9999 -9999 -9999 -9999 -9999 -9999 -9999 -9999 -9999 -9999 -9999 -9999 -9999 -9999 -9999 -9999 -9999 -9999 -9999
2.42842E-1 4.7794E-1 5.32457E-1 5.62736E-1 5.97099E-1 5.97144E-1 5.28836E-1 4.87883E-1 4.59916E-1 3.97926E-1 2.84623E-1 2.55473E-1 2.32084E-1 1.28314E-1 4.66686E-2 3.69767E-2 2.94327E-2 3.57116E-2 2.87652E-2 7.20238E-3 2.02506E-3 9.18799E-4 1.0653E-3 6.95801E-3 8.28757E-3 1.09075E-2 2.70329E-2 3.13483E-2 -9999 -9999 -9999 -9999 -9999 -9999 -9999 -9999 -9999 -9999 -9999 -9999 -9999 -9999 -9999 -9999 -9999 -9999 -9999 -9999 -9999 -9999 -9999 -9999 -9999 -9999 -9999 -9999 -9999 -9999 -9999 -9999 -9999 -9999 -9999 -9999 -9999
2.95711E-1 4.01387E-1 5.01157E-1 5.65674E-1 5.94815E-1 5.90373E-1 5.40026E-1 4.90919E-1 4.2906E-1 3.90408E-1 3.5291E-1 3.29051E-1 2.8152E-1 1.65157E-1 7.84394E-2 6.94329E-2 4.97284E-2 5.66516E-2 7.03456E-2 3.181E-2 1.31107E-2 7.86826E-3 7.59785E-3 1.16583E-2 1.22684E-2 7.86826E-3 1.14743E-2 3.52032E-2 -9999 -9999 -9999 -9999 -9999 -9999 -9999 -9999 -9999 -9999 -9999 -9999 -9999 -9999 -9999 -9999 -9999 -9999 -9999 -9999 -9999 -9999 -9999 -9999 -9999 -9999 -9999 -9999 -9999 -9999 -9999 -9999 -9999 -9999 -9999 -9999 -9999
3.05733E-1 3.58899E-1 4.82283E-1 5.64769E-1 5.88052E-1 5.64313E-1 5.48096E-1 5.11196E-1 4.50314E-1 4.06872E-1 3.86853E-1 3.51452E-1 3.39426E-1 3.13151E-1 1.98979E-1 9.6337E-2 5.3838E-2 4.67762E-2 5.78281E-2 6.60991E-2 4.93672E-2 2.80598E-2 2.0473E-2 6.71597E-3 5.61601E-3 4.68188E-3 2.12185E-2 2.87652E-2 -9999 -9999 -9999 -9999 -9999 -9999 -9999 -9999 -9999 -9999 -9999 -9999 -9999 -9999 -9999 -9999 -9999 -9999 -9999 -9999 -9999 -9999 -9999 -9999 -9999 -9999 -9999 -9999 -9999 -9999 -9999 -9999 -9999 -9999 -9999 -9999 -9999
3.82087E-1 4.19156E-1 5.14852E-1 5.67234E-1 5.77483E-1 5.68988E-1 5.46837E-1 5.17266E-1 4.85885E-1 4.28589E-1 3.99775E-1 3.96975E-1 3.72902E-1 3.68449E-1 3.16632E-1 1.36061E-1 4.4001E-2 2.67584E-2 4.43392E-2 1.03441E-1 1.13687E-1 3.66078E-2 2.15091E-2 3.74865E-3 1.69418E-3 2.36828E-3 8.29258E-3 -9999 -9999 -9999 -9999 -9999 -9999 -9999 -9999 -9999 -9999 -9999 -9999 -9999 -9999 -9999 -9999 -9999 -9999 -9999 -9999 -9999 -9999 -9999 -9999 -9999 -9999 -9999 -9999 -9999 -9999 -9999 -9999 -9999 -9999 -9999 -9999 -9999 -9999
4.64953E-1 5.04699E-1 5.41689E-1 5.63787E-1 5.78217E-1 5.83118E-1 5.91541E-1 5.72204E-1 5.09663E-1 4.80794E-1 4.70873E-1 4.39207E-1 3.9246E-1 2.9915E-1 2.06887E-1 1.52578E-1 6.13207E-2 1.61116E-2 2.38985E-2 5.41747E-2 8.2392E-2 4.53204E-2 1.72589E-2 2.71177E-3 1.79846E-3 2.14799E-3 -9999 -9999 -9999 -9999 -9999 -9999 -9999 -9999 -9999 -9999 -9999 -9999 -9999 -9999 -9999 -9999 -9999 -9999 -9999 -9999 -9999 -9999 -9999 -9999 -9999 -9999 -9999 -9999 -9999 -9999 -9999 -9999 -9999 -9999 -9999 -9999 -9999 -9999 -9999
4.9295E-1 5.15621E-1 5.06885E-1 5.0972E-1 5.4753E-1 5.27886E-1 5.75204E-1 5.60525E-1 5.37175E-1 5.44431E-1 4.74431E-1 4.32764E-1 3.58846E-1 2.76244E-1 2.09041E-1 1.7201E-1 9.42048E-2 2.01965E-2 2.44018E-2 2.98945E-2 3.13483E-2 3.47008E-2 -9999 1.5057E-3 -9999 -9999 -9999 -9999 -9999 -9999 -9999 -9999 -9999 -9999 -9999 -9999 -9999 -9999 -9999 -9999 -9999 -9999 -9999 -9999 -9999 -9999 -9999 -9999 -9999 -9999 -9999 -9999 -9999 -9999 -9999 -9999 -9999 -9999 -9999 -9999 -9999 -9999 -9999 -9999 -9999
