KUENM/Final_Models/M_0.1_F_lq_Set_2_EC/sp1_6_se_asia.asc
ncols         320
nrows         243
xllcorner     44.0
yllcorner     -0.666666666666667
cellsize      0.166666666666667
NODATA_value  -9999
[rows 62 to 92 of 243, columns 140 to 209 of 320]
3.69705E-2 3.83048E-2 3.65982E-2 3.97378E-2 4.51516E-2 5.90524E-2 7.94471E-2 9.17019E-2 8.52046E-2 9.35219E-2 1.02555E-1 1.05152E-1 1.24405E-1 1.33888E-1 1.40027E-1 1.44509E-1 1.39094E-1 1.41034E-1 1.51902E-1 1.26201E-1 8.26824E-2 5.42218E-2 4.48638E-2 4.29008E-2 4.23851E-2 4.36709E-2 4.17538E-2 4.29008E-2 4.48638E-2 4.88557E-2 5.72363E-2 6.4706E-2 7.61071E-2 8.36053E-2 8.91251E-2 8.71369E-2 8.1797E-2 7.46535E-2 7.27434E-2 8.60847E-2 1.04784E-1 1.24422E-1 1.52583E-1 1.85105E-1 2.24693E-1 2.57896E-1 3.00811E-1 3.51611E-1 3.93016E-1 4.19848E-1 4.36986E-1 4.57226E-1 5.21091E-1 5.54972E-1 5.33755E-1 5.37584E-1 5.84646E-1 5.89441E-1 4.66495E-1 3.49773E-1 3.57018E-1 2.33303E-1 1.27795E-1 9.25967E-2 9.70601E-2 3.99884E-2 1.35863E-2 1.91651E-3 1.79593E-4 2.70694E-6
3.82118E-2 3.20837E-2 3.10001E-2 3.29171E-2 3.54672E-2 4.39635E-2 7.10578E-2 8.25213E-2 8.43964E-2 9.42458E-2 9.56189E-2 1.03658E-1 1.10747E-1 1.20092E-1 1.27677E-1 1.29275E-1 1.1934E-1 1.29076E-1 1.55109E-1 1.3061E-1 7.64549E-2 5.04546E-2 4.16314E-2 4.10082E-2 4.03927E-2 4.22622E-2 4.22622E-2 4.2755E-2 4.53855E-2 5.01231E-2 6.03608E-2 7.00034E-2 8.10411E-2 9.09799E-2 9.58992E-2 9.25592E-2 8.48381E-2 6.97571E-2 6.79838E-2 8.39478E-2 9.98697E-2 1.23241E-1 1.45145E-1 1.771E-1 2.10657E-1 2.3408E-1 2.68721E-1 3.17972E-1 3.78322E-1 4.46027E-1 4.92552E-1 4.75261E-1 5.12905E-1 5.72726E-1 5.82566E-1 5.84604E-1 5.97912E-1 5.94541E-1 5.44605E-1 4.78244E-1 4.15505E-1 2.70109E-1 1.17541E-1 7.71722E-2 9.27835E-2 6.83474E-2 3.68424E-2 1.64474E-2 4.465E-3 6.06482E-4
3.58537E-2 2.84709E-2 2.76684E-2 2.80099E-2 2.88054E-2 3.62102E-2 5.60314E-2 7.56815E-2 8.87964E-2 9.75002E-2 9.53142E-2 9.88453E-2 1.02307E-1 1.07279E-1 1.08358E-1 9.28438E-2 9.1215E-2 9.68619E-2 1.03236E-1 8.68867E-2 6.32871E-2 4.75934E-2 3.97848E-2 3.80059E-2 3.85914E-2 3.91844E-2 4.08646E-2 4.2755E-2 4.65747E-2 5.29049E-2 6.09909E-2 7.16546E-2 8.39846E-2 9.302E-2 9.68619E-2 9.68619E-2 8.78099E-2 8.05668E-2 8.27908E-2 9.28438E-2 1.09958E-1 1.29037E-1 1.54766E-1 1.7755E-1 2.02157E-1 2.27363E-1 2.48334E-1 2.94267E-1 3.61025E-1 4.31184E-1 4.79331E-1 4.54255E-1 4.88218E-1 5.63146E-1 5.91829E-1 6.01068E-1 6.05458E-1 5.982E-1 5.77865E-1 5.22991E-1 4.34494E-1 2.94695E-1 1.57815E-1 9.61601E-2 1.08069E-1 9.27835E-2 6.87671E-2 4.63107E-2 2.96512E-2 9.62734E-3
3.31305E-2 2.67743E-2 2.54794E-2 2.50599E-2 2.62287E-2 3.64129E-2 5.14493E-2 8.06777E-2 9.13669E-2 9.44013E-2 9.37831E-2 9.36307E-2 8.78764E-2 8.46697E-2 7.46945E-2 6.71995E-2 6.62841E-2 6.53783E-2 6.2071E-2 5.4067E-2 4.62123E-2 3.97848E-2 3.74277E-2 3.51869E-2 3.6156E-2 3.78663E-2 4.06996E-2 4.32315E-2 4.77681E-2 5.26682E-2 5.98912E-2 6.94394E-2 8.15117E-2 8.92292E-2 9.53826E-2 9.80695E-2 9.95208E-2 1.00931E-1 1.04801E-1 1.13938E-1 1.26287E-1 1.45535E-1 1.61209E-1 1.88334E-1 2.09439E-1 2.29962E-1 2.54991E-1 2.97447E-1 3.41081E-1 3.87547E-1 4.31184E-1 4.56539E-1 5.03558E-1 5.56515E-1 5.91812E-1 6.09758E-1 6.07565E-1 6.09305E-1 6.04893E-1 5.47567E-1 4.29881E-1 3.04225E-1 2.09009E-1 1.62515E-1 1.64098E-1 1.55313E-1 1.24153E-1 1.06206E-1 9.73093E-2 4.33058E-2
2.78811E-2 2.67743E-2 2.76684E-2 2.5905E-2 2.72182E-2 3.73449E-2 6.49231E-2 9.20936E-2 1.03004E-1 9.48998E-2 8.5931E-2 7.4575E-2 7.17906E-2 6.44373E-2 5.38841E-2 4.65965E-2 4.52286E-2 4.34756E-2 4.11335E-2 3.50517E-2 3.25437E-2 3.05504E-2 3.25437E-2 3.2927E-2 3.39755E-2 3.65617E-2 3.88815E-2 4.23965E-2 4.75425E-2 5.26682E-2 6.13124E-2 6.94394E-2 7.69767E-2 8.7728E-2 9.62491E-2 1.01472E-1 1.08334E-1 1.17821E-1 1.31991E-1 1.35019E-1 1.48742E-1 1.64872E-1 1.8166E-1 2.06285E-1 2.29962E-1 2.49153E-1 2.70702E-1 3.15333E-1 3.56773E-1 3.76357E-1 4.09841E-1 4.54898E-1 5.14414E-1 5.64242E-1 5.68839E-1 5.50216E-1 5.83384E-1 5.88738E-1 6.10667E-1 5.3778E-1 4.18516E-1 3.19532E-1 2.77306E-1 2.56341E-1 2.47329E-1 2.66143E-1 2.5507E-1 2.5507E-1 1.93837E-1 1.01348E-1
2.94123E-2 2.95328E-2 2.9057E-2 3.05043E-2 3.63413E-2 5.79174E-2 1.10439E-1 1.41894E-1 1.25526E-1 9.86101E-2 7.55717E-2 6.21773E-2 5.47257E-2 4.65965E-2 4.23334E-2 3.68764E-2 3.22306E-2 3.04314E-2 2.87065E-2 2.66188E-2 2.51765E-2 2.73091E-2 2.99425E-2 3.0767E-2 3.32978E-2 3.63856E-2 3.92967E-2 4.34756E-2 4.82492E-2 5.47257E-2 6.09974E-2 7.00542E-2 7.80058E-2 8.7728E-2 9.86729E-2 1.10437E-1 1.20194E-1 1.40849E-1 1.58263E-1 1.6329E-1 1.6998E-1 1.85379E-1 2.06694E-1 2.38242E-1 2.64789E-1 2.88563E-1 3.0937E-1 3.52865E-1 3.78256E-1 3.89563E-1 4.00701E-1 4.54898E-1 5.25974E-1 5.76093E-1 5.57135E-1 5.28529E-1 5.67026E-1 5.79782E-1 6.12103E-1 6.01265E-1 5.19944E-1 4.15004E-1 3.61731E-1 3.31113E-1 3.02299E-1 3.17689E-1 3.48213E-1 3.72E-1 2.69935E-1 1.31094E-1
3.19043E-2 3.05043E-2 3.35818E-2 3.92867E-2 5.38739E-2 1.0173E-1 2.15714E-1 2.40806E-1 1.48248E-1 8.80021E-2 6.24153E-2 4.92271E-2 4.14376E-2 3.635E-2 3.33337E-2 2.90827E-2 2.40713E-2 2.44731E-2 2.3445E-2 2.39877E-2 2.41257E-2 2.57645E-2 2.83999E-2 3.02808E-2 3.36555E-2 3.63856E-2 4.03066E-2 4.34756E-2 4.79975E-2 5.44288E-2 6.18601E-2 7.10133E-2 7.9045E-2 9.00023E-2 1.02387E-1 1.15454E-1 1.21312E-1 1.4504E-1 1.69792E-1 1.83797E-1 1.90853E-1 2.14444E-1 2.42675E-1 2.84582E-1 3.31204E-1 3.54821E-1 3.61025E-1 3.89563E-1 4.17051E-1 4.15001E-1 3.93235E-1 4.50985E-1 5.2936E-1 5.55047E-1 5.41788E-1 5.35892E-1 5.28529E-1 6.01632E-1 6.11265E-1 6.06596E-1 5.99153E-1 5.23572E-1 4.39719E-1 3.93452E-1 3.29187E-1 2.94345E-1 3.19532E-1 3.34961E-1 2.25857E-1 1.01452E-1
3.34658E-2 3.25283E-2 3.63413E-2 4.4407E-2 6.21956E-2 1.17698E-1 2.46904E-1 2.44866E-1 1.19566E-1 6.86314E-2 4.76768E-2 3.86472E-2 3.49476E-2 3.15377E-2 2.93365E-2 2.66114E-2 2.42949E-2 2.28996E-2 2.32846E-2 2.3445E-2 2.43873E-2 2.60434E-2 2.82473E-2 2.9644E-2 3.39996E-2 3.61908E-2 4.06953E-2 4.52286E-2 5.13609E-2 5.60162E-2 6.36138E-2 7.19823E-2 8.22239E-2 9.30711E-2 1.09268E-1 1.21987E-1 1.27716E-1 1.44715E-1 1.69792E-1 1.90926E-1 2.10955E-1 2.49022E-1 2.9149E-1 3.48356E-1 4.06217E-1 4.39808E-1 4.25931E-1 4.53249E-1 4.67038E-1 4.66096E-1 4.63887E-1 4.9961E-1 5.35225E-1 4.97928E-1 5.10407E-1 5.75227E-1 5.7695E-1 6.02034E-1 6.15011E-1 6.23748E-1 6.17862E-1 5.92071E-1 5.1207E-1 4.3462E-1 3.53999E-1 2.77766E-1 2.83629E-1 2.87545E-1 1.94485E-1 9.84594E-2
3.90431E-2 3.29171E-2 3.73449E-2 4.22556E-2 5.60488E-2 7.93335E-2 1.07786E-1 9.00475E-2 5.55217E-2 4.18525E-2 3.34658E-2 3.0709E-2 2.79346E-2 2.79346E-2 2.72726E-2 2.66114E-2 2.38951E-2 2.31126E-2 2.32846E-2 2.36751E-2 2.46391E-2 2.63118E-2 2.80802E-2 3.04314E-2 3.37945E-2 3.71124E-2 4.16962E-2 4.70193E-2 5.44288E-2 6.09974E-2 6.63159E-2 7.395E-2 8.22239E-2 9.58712E-2 1.13261E-1 1.42761E-1 1.5716E-1 1.69572E-1 1.85567E-1 2.07371E-1 2.37313E-1 2.85483E-1 3.38452E-1 4.02523E-1 4.53249E-1 4.90703E-1 4.954E-1 5.02382E-1 5.17963E-1 5.15E-1 5.34819E-1 5.54426E-1 5.69353E-1 5.44159E-1 5.55533E-1 5.80564E-1 5.99024E-1 6.0562E-1 6.19085E-1 6.16092E-1 6.23748E-1 6.11297E-1 5.30074E-1 4.71344E-1 3.95597E-1 3.24828E-1 3.18948E-1 3.2436E-1 2.84879E-1 1.99564E-1
4.03752E-2 3.39806E-2 3.56297E-2 3.83508E-2 4.20642E-2 4.67634E-2 4.81814E-2 3.7759E-2 2.86585E-2 2.58282E-2 2.54047E-2 2.48337E-2 2.5499E-2 2.57377E-2 2.59644E-2 2.57522E-2 2.41048E-2 2.38951E-2 2.3501E-2 2.44731E-2 2.63118E-2 2.80802E-2 3.07279E-2 3.30465E-2 3.57463E-2 3.98315E-2 4.42928E-2 5.13609E-2 5.76398E-2 6.36138E-2 7.395E-2 8.00944E-2 8.69725E-2 9.38673E-2 1.01139E-1 1.28112E-1 1.6757E-1 1.9264E-1 2.14859E-1 2.37313E-1 2.72249E-1 3.19608E-1 3.69919E-1 4.31428E-1 4.78719E-1 5.1698E-1 5.26484E-1 5.2581E-1 5.33755E-1 5.39569E-1 5.50474E-1 5.71758E-1 5.91829E-1 6.00931E-1 6.08721E-1 6.11624E-1 6.17206E-1 6.13361E-1 6.17149E-1 6.20821E-1 6.22135E-1 6.01776E-1 5.58409E-1 5.25035E-1 4.50761E-1 3.93739E-1 4.01111E-1 4.2477E-1 3.89884E-1 3.11831E-1
4.18804E-2 3.31233E-2 3.38254E-2 3.36537E-2 3.36537E-2 3.26E-2 3.05757E-2 2.59743E-2 2.27318E-2 2.07692E-2 2.04183E-2 2.20889E-2 2.26928E-2 2.36901E-2 2.44917E-2 2.39031E-2 2.37073E-2 2.31126E-2 2.51116E-2 2.65693E-2 2.78989E-2 3.12221E-2 3.35724E-2 3.54973E-2 3.89606E-2 4.20553E-2 4.77216E-2 5.5218E-2 6.36138E-2 7.33037E-2 8.36652E-2 9.03731E-2 9.56647E-2 9.92875E-2 9.83032E-2 1.13374E-1 1.69792E-1 2.18641E-1 2.43518E-1 2.66856E-1 2.98357E-1 3.43635E-1 3.96341E-1 4.40136E-1 4.81763E-1 5.1698E-1 5.1989E-1 5.15865E-1 5.31191E-1 5.42485E-1 5.52981E-1 5.6472E-1 5.8666E-1 6.05364E-1 6.03012E-1 6.01387E-1 6.08223E-1 6.19625E-1 6.26101E-1 6.25468E-1 5.91474E-1 5.99426E-1 5.69547E-1 5.27428E-1 5.0434E-1 4.70408E-1 4.62352E-1 5.13191E-1 4.80391E-1 4.13895E-1
3.77069E-2 3.29383E-2 3.15742E-2 3.08977E-2 2.89646E-2 2.7135E-2 2.48337E-2 2.45755E-2 2.29866E-2 2.09951E-2 2.02923E-2 2.09951E-2 2.26928E-2 2.2911E-2 2.2911E-2 2.35081E-2 2.41048E-2 2.38951E-2 2.47003E-2 2.86167E-2 3.151E-2 3.3864E-2 3.635E-2 4.01752E-2 4.26977E-2 4.74219E-2 5.25585E-2 6.27322E-2 7.42945E-2 8.58598E-2 9.74557E-2 1.05251E-1 1.09407E-1 1.10946E-1 1.1903E-1 1.44049E-1 1.99993E-1 2.4156E-1 2.67328E-1 2.91571E-1 3.18553E-1 3.53572E-1 3.87246E-1 4.31511E-1 4.64632E-1 4.85594E-1 4.86643E-1 4.99272E-1 5.21315E-1 5.40607E-1 5.51185E-1 5.69501E-1 5.88985E-1 6.01426E-1 5.64329E-1 5.65552E-1 6.12626E-1 6.2733E-1 6.30722E-1 6.22754E-1 6.2345E-1 6.13271E-1 5.67559E-1 5.39841E-1 5.36209E-1 5.36209E-1 5.19563E-1 5.28709E-1 5.19063E-1 4.72807E-1
3.63077E-2 3.37934E-2 3.13976E-2 2.87874E-2 2.74139E-2 2.59232E-2 2.50808E-2 2.56697E-2 2.63534E-2 2.61649E-2 2.36235E-2 2.34661E-2 2.34661E-2 2.36901E-2 2.49012E-2 2.57377E-2 2.47101E-2 2.57522E-2 2.66114E-2 3.10114E-2 3.63077E-2 3.92773E-2 4.36988E-2 4.74219E-2 4.74219E-2 5.13609E-2 6.01441E-2 7.23228E-2 8.61816E-2 1.07488E-1 1.18194E-1 1.22718E-1 1.28719E-1 1.30384E-1 1.45483E-1 1.69996E-1 2.09233E-1 2.4182E-1 2.71724E-1 3.04304E-1 3.2214E-1 3.50727E-1 3.77129E-1 4.09888E-1 4.46585E-1 4.74052E-1 4.85347E-1 5.07682E-1 5.24707E-1 5.44109E-1 5.56911E-1 5.79709E-1 5.90628E-1 5.85432E-1 5.35084E-1 5.78837E-1 6.12298E-1 6.2918E-1 6.22026E-1 6.18156E-1 6.24434E-1 6.24114E-1 6.04694E-1 5.57091E-1 5.29681E-1 5.37279E-1 5.2042E-1 5.03564E-1 4.99159E-1 4.93546E-1
3.55004E-2 3.37934E-2 3.15002E-2 3.15002E-2 2.88569E-2 2.74829E-2 2.70374E-2 2.74829E-2 2.81755E-2 2.79346E-2 2.63534E-2 2.5499E-2 2.46684E-2 2.59232E-2 2.65981E-2 2.7232E-2 2.70374E-2 2.8403E-2 3.151E-2 3.84979E-2 4.79975E-2 5.03053E-2 5.33772E-2 5.14572E-2 5.45375E-2 5.84653E-2 6.6644E-2 8.21046E-2 1.04264E-1 1.30175E-1 1.46285E-1 1.5298E-1 1.48439E-1 1.50204E-1 1.66554E-1 1.83823E-1 2.16747E-1 2.4001E-1 2.81853E-1 3.09902E-1 3.34359E-1 3.59732E-1 3.77129E-1 4.04373E-1 4.41005E-1 4.82832E-1 5.02429E-1 5.16235E-1 5.35875E-1 5.6194E-1 5.72672E-1 5.91126E-1 5.96832E-1 5.85772E-1 5.57128E-1 5.72081E-1 6.14211E-1 6.28847E-1 6.20066E-1 6.06523E-1 6.22324E-1 6.3073E-1 6.2696E-1 5.7957E-1 5.33089E-1 4.82633E-1 4.54528E-1 4.66366E-1 4.71328E-1 4.88918E-1
3.80535E-2 3.54303E-2 3.46478E-2 3.20446E-2 3.10377E-2 3.02958E-2 3.05443E-2 3.0779E-2 3.15377E-2 2.93277E-2 2.79346E-2 2.74829E-2 2.83926E-2 2.83926E-2 2.95382E-2 2.90642E-2 2.98049E-2 3.20446E-2 3.54211E-2 4.45569E-2 5.81278E-2 6.73998E-2 6.83337E-2 6.07256E-2 5.98013E-2 6.36138E-2 6.94394E-2 8.39846E-2 1.09407E-1 1.48621E-1 1.80281E-1 1.76797E-1 1.69934E-1 1.71637E-1 1.83797E-1 2.05553E-1 2.32067E-1 2.53678E-1 2.8954E-1 3.20101E-1 3.36392E-1 3.60679E-1 3.7186E-1 4.09888E-1 4.53449E-1 4.954E-1 5.1698E-1 5.24511E-1 5.52535E-1 5.79413E-1 5.93434E-1 6.07741E-1 6.08222E-1 6.13468E-1 6.10761E-1 6.14211E-1 6.23753E-1 6.30524E-1 6.22394E-1 6.03799E-1 6.02386E-1 5.90707E-1 5.63704E-1 5.52626E-1 5.40679E-1 4.98362E-1 4.49108E-1 4.52603E-1 4.4735E-1 4.59507E-1
3.92485E-2 3.92485E-2 3.77846E-2 3.41407E-2 3.35724E-2 3.51922E-2 3.54973E-2 3.46822E-2 3.41407E-2 3.28079E-2 3.22904E-2 3.12761E-2 3.0779E-2 3.0779E-2 3.15002E-2 3.30426E-2 3.15002E-2 3.25582E-2 3.77765E-2 4.91516E-2 6.87363E-2 9.82924E-2 8.18239E-2 6.87363E-2 6.63159E-2 6.75661E-2 7.23228E-2 8.36652E-2 1.05251E-1 1.40655E-1 1.71637E-1 1.80317E-1 1.80317E-1 1.82066E-1 2.00013E-1 2.32191E-1 2.57879E-1 2.92037E-1 3.17357E-1 3.38423E-1 3.50575E-1 3.48729E-1 3.67974E-1 4.22074E-1 4.68041E-1 4.96499E-1 5.18226E-1 5.32094E-1 5.65135E-1 5.93807E-1 6.10667E-1 6.19592E-1 6.11314E-1 6.19011E-1 6.27597E-1 6.23504E-1 6.25468E-1 6.33846E-1 6.24747E-1 6.02708E-1 5.84949E-1 5.72119E-1 5.31131E-1 5.13167E-1 5.32452E-1 5.2164E-1 4.52603E-1 3.90824E-1 3.88871E-1 3.67123E-1
4.36767E-2 4.17313E-2 4.08093E-2 3.89606E-2 3.8036E-2 4.10669E-2 4.07941E-2 3.77765E-2 3.66222E-2 3.635E-2 3.72024E-2 3.49476E-2 3.49476E-2 3.44021E-2 3.46478E-2 3.51971E-2 3.51971E-2 3.66277E-2 4.14208E-2 5.06158E-2 7.42945E-2 8.95542E-2 8.04502E-2 7.13518E-2 7.06919E-2 7.66163E-2 7.9399E-2 8.80957E-2 1.08789E-1 1.36103E-1 1.58099E-1 1.80162E-1 1.83797E-1 2.01827E-1 2.28324E-1 2.63908E-1 2.94437E-1 3.22741E-1 3.55733E-1 3.64649E-1 3.64649E-1 3.6464E-1 3.98809E-1 4.56655E-1 4.96918E-1 5.13087E-1 5.26005E-1 5.45445E-1 5.64265E-1 5.97891E-1 6.2261E-1 6.27603E-1 6.23695E-1 6.25236E-1 6.08786E-1 6.09123E-1 6.25051E-1 6.324E-1 6.24114E-1 5.79666E-1 5.72464E-1 5.7513E-1 5.41453E-1 4.81032E-1 5.03021E-1 4.9066E-1 4.36146E-1 3.79913E-1 3.77065E-1 3.21181E-1
4.73907E-2 4.70826E-2 4.46984E-2 4.64023E-2 4.5348E-2 4.46732E-2 4.33482E-2 4.33482E-2 4.17565E-2 4.08093E-2 4.08093E-2 3.89715E-2 3.89715E-2 3.77846E-2 3.86472E-2 3.80535E-2 3.86472E-2 4.14376E-2 4.64023E-2 5.56867E-2 6.6644E-2 7.26271E-2 6.75661E-2 6.48287E-2 7.58748E-2 8.29015E-2 8.88599E-2 9.30711E-2 1.11033E-1 1.35506E-1 1.6618E-1 1.90654E-1 2.07222E-1 2.36061E-1 2.74016E-1 3.11437E-1 3.38019E-1 3.65449E-1 3.73465E-1 3.91285E-1 3.96194E-1 3.86177E-1 4.38096E-1 5.29299E-1 5.32629E-1 5.11788E-1 5.16549E-1 5.37885E-1 5.65606E-1 5.9699E-1 6.32786E-1 6.26191E-1 6.31357E-1 6.2766E-1 6.0779E-1 6.23568E-1 6.1036E-1 6.09037E-1 5.91054E-1 5.67273E-1 5.67559E-1 5.24441E-1 4.89079E-1 4.31791E-1 4.11991E-1 4.39125E-1 4.0343E-1 3.49762E-1 4.42753E-1 4.22481E-1
5.60314E-2 5.22076E-2 5.06998E-2 5.07093E-2 4.997E-2 4.67223E-2 4.46732E-2 4.50341E-2 4.46984E-2 4.40301E-2 4.33699E-2 4.33699E-2 4.27178E-2 4.27178E-2 4.30202E-2 4.36767E-2 4.56953E-2 4.60598E-2 5.10908E-2 5.77618E-2 6.55613E-2 7.06395E-2 6.9105E-2 7.29612E-2 8.58598E-2 9.30711E-2 9.86101E-2 1.01807E-1 1.1411E-1 1.3616E-1 1.69273E-1 2.04367E-1 2.55318E-1 3.13473E-1 3.48875E-1 3.69594E-1 3.85636E-1 3.93266E-1 3.9797E-1 3.97149E-1 3.96194E-1 4.15066E-1 4.29439E-1 5.57531E-1 5.16755E-1 4.61417E-1 5.06848E-1 5.42848E-1 5.72891E-1 6.15607E-1 6.39553E-1 6.21893E-1 6.19603E-1 6.15161E-1 6.13969E-1 6.03965E-1 5.59255E-1 5.52485E-1 5.3238E-1 5.34975E-1 5.57022E-1 5.28909E-1 4.79131E-1 3.88871E-1 3.53074E-1 3.88871E-1 3.89789E-1 3.35503E-1 4.3648E-1 4.65658E-1
6.0523E-2 6.17752E-2 5.48912E-2 5.63177E-2 5.26062E-2 4.92394E-2 4.64023E-2 4.60598E-2 4.63848E-2 4.70826E-2 4.85037E-2 4.85037E-2 4.85037E-2 4.74546E-2 4.74546E-2 4.85037E-2 5.06998E-2 5.26062E-2 5.73676E-2 6.42346E-2 7.11946E-2 8.29019E-2 9.11551E-2 9.73878E-2 1.0692E-1 1.12204E-1 1.14296E-1 1.14296E-1 1.22655E-1 1.35046E-1 1.64913E-1 2.15141E-1 2.82646E-1 3.79785E-1 4.21848E-1 4.27706E-1 4.33324E-1 4.34485E-1 4.19978E-1 3.94047E-1 4.32061E-1 4.70495E-1 4.63887E-1 4.69182E-1 4.18839E-1 4.50626E-1 5.30663E-1 5.69822E-1 5.94396E-1 6.33126E-1 6.40947E-1 6.2636E-1 6.09003E-1 5.85987E-1 5.75086E-1 5.76121E-1 5.27078E-1 5.02496E-1 5.44356E-1 5.585E-1 4.98362E-1 5.03039E-1 4.43813E-1 3.38123E-1 3.00856E-1 3.03631E-1 2.90023E-1 3.02744E-1 3.77926E-1 4.49218E-1
6.50528E-2 6.57363E-2 6.26345E-2 6.14002E-2 5.4536E-2 5.29748E-2 4.99591E-2 5.17844E-2 5.17844E-2 5.41001E-2 5.489E-2 5.5689E-2 5.61334E-2 5.33772E-2 5.49461E-2 5.49461E-2 5.77675E-2 6.11474E-2 6.69675E-2 7.36888E-2 8.57468E-2 1.00324E-1 1.178E-1 1.3289E-1 1.36716E-1 1.42909E-1 1.37463E-1 1.31408E-1 1.27622E-1 1.3509E-1 1.76264E-1 2.43978E-1 3.27661E-1 4.01362E-1 4.54243E-1 4.81214E-1 4.82319E-1 4.76642E-1 4.55112E-1 4.51282E-1 4.83947E-1 5.2936E-1 5.10325E-1 4.54898E-1 4.57035E-1 4.9471E-1 5.73897E-1 6.0803E-1 6.2484E-1 6.37363E-1 6.41336E-1 6.28141E-1 6.01931E-1 5.34624E-1 4.82727E-1 5.34376E-1 5.28384E-1 5.57842E-1 5.50022E-1 4.97778E-1 5.32452E-1 4.33334E-1 3.55925E-1 2.80945E-1 2.17264E-1 1.60186E-1 1.32432E-1 1.85946E-1 2.9903E-1 3.62558E-1
7.05135E-2 7.26779E-2 6.98776E-2 6.67014E-2 5.94386E-2 5.6835E-2 5.39339E-2 5.47233E-2 5.76569E-2 6.19075E-2 6.36744E-2 6.50944E-2 6.2894E-2 6.3343E-2 6.3343E-2 6.51358E-2 6.78979E-2 7.22109E-2 7.77506E-2 8.41512E-2 9.5656E-2 1.15471E-1 1.43331E-1 1.77038E-1 1.87833E-1 1.7526E-1 1.6484E-1 1.44051E-1 1.29214E-1 1.48848E-1 2.08424E-1 2.844E-1 3.65697E-1 4.33127E-1 4.88237E-1 5.25162E-1 5.28548E-1 5.11908E-1 4.94182E-1 4.93432E-1 4.92733E-1 5.00338E-1 4.89671E-1 4.53712E-1 5.4067E-1 5.61292E-1 5.87934E-1 6.25789E-1 6.38244E-1 6.43453E-1 6.41656E-1 6.32837E-1 6.074E-1 5.45067E-1 4.69643E-1 5.44588E-1 5.54943E-1 5.14156E-1 4.93399E-1 5.18222E-1 4.92511E-1 4.07395E-1 3.63597E-1 2.62218E-1 2.30059E-1 1.18252E-1 7.14155E-2 1.7535E-1 2.5445E-1 2.4838E-1
7.74264E-2 7.74264E-2 7.35921E-2 7.21512E-2 6.69675E-2 6.19075E-2 5.93643E-2 6.02167E-2 6.43369E-2 7.44936E-2 7.81872E-2 7.92359E-2 7.31971E-2 7.12346E-2 7.0231E-2 7.4145E-2 7.77506E-2 8.41512E-2 9.09273E-2 9.68648E-2 1.08225E-1 1.23286E-1 1.57211E-1 2.1785E-1 2.52152E-1 2.16947E-1 1.90394E-1 1.61463E-1 1.60964E-1 2.01587E-1 2.88613E-1 3.39568E-1 4.04908E-1 4.68788E-1 5.25484E-1 5.608E-1 5.68619E-1 5.56709E-1 5.38522E-1 5.12905E-1 4.89482E-1 5.10661E-1 5.20785E-1 5.33448E-1 5.79648E-1 6.00027E-1 5.98959E-1 6.29411E-1 6.30822E-1 6.35402E-1 6.38828E-1 6.36659E-1 6.26166E-1 6.15075E-1 5.85676E-1 5.23617E-1 4.64609E-1 4.24588E-1 4.01443E-1 5.08594E-1 4.22248E-1 3.98483E-1 3.61731E-1 3.44109E-1 2.80306E-1 1.9497E-1 1.7535E-1 2.64519E-1 2.70602E-1 1.78828E-1
8.3603E-2 8.07614E-2 8.17293E-2 7.9045E-2 7.16889E-2 6.80226E-2 6.43856E-2 6.60189E-2 7.548E-2 9.2387E-2 1.02961E-1 9.50217E-2 8.86336E-2 7.87916E-2 7.92645E-2 8.57468E-2 9.20936E-2 1.03069E-1 1.0954E-1 1.14911E-1 1.23286E-1 1.3354E-1 1.51623E-1 2.01795E-1 2.26778E-1 2.25534E-1 2.10518E-1 1.95331E-1 2.09905E-1 3.02983E-1 4.11783E-1 3.88567E-1 4.44653E-1 5.09604E-1 5.55641E-1 5.85623E-1 5.98476E-1 5.99265E-1 5.77978E-1 5.20145E-1 5.08528E-1 5.30509E-1 5.57488E-1 5.8581E-1 6.17948E-1 6.32043E-1 6.37608E-1 6.34469E-1 5.95154E-1 5.99186E-1 6.07019E-1 6.23509E-1 6.26984E-1 6.40746E-1 6.20906E-1 5.40165E-1 4.5434E-1 3.97097E-1 3.68335E-1 4.73576E-1 3.88277E-1 3.70169E-1 3.693E-1 3.77592E-1 3.41624E-1 2.78572E-1 2.36556E-1 2.74673E-1 3.01502E-1 2.76712E-1
9.12465E-2 9.04348E-2 8.66954E-2 8.13839E-2 7.86057E-2 7.472E-2 7.32504E-2 7.82213E-2 8.76239E-2 1.02612E-1 1.13489E-1 1.1156E-1 9.81156E-2 8.36217E-2 8.41512E-2 9.68648E-2 1.12204E-1 1.26163E-1 1.36563E-1 1.38091E-1 1.45882E-1 1.55563E-1 1.54887E-1 1.87031E-1 2.11834E-1 2.22222E-1 2.26732E-1 2.28724E-1 2.60043E-1 3.43199E-1 3.99718E-1 4.30784E-1 4.72476E-1 5.42672E-1 5.84552E-1 6.0765E-1 6.20808E-1 6.25789E-1 5.75544E-1 5.36972E-1 5.3971E-1 5.57694E-1 5.88098E-1 6.13649E-1 6.26424E-1 6.17447E-1 6.18606E-1 5.99459E-1 5.56599E-1 5.71284E-1 5.95026E-1 5.92975E-1 6.09165E-1 6.22154E-1 6.11022E-1 5.61718E-1 4.99994E-1 4.17201E-1 3.57249E-1 4.60718E-1 3.78024E-1 3.32523E-1 3.44544E-1 3.55286E-1 3.66181E-1 3.00194E-1 2.5018E-1 2.58469E-1 3.59391E-1 3.97613E-1
9.69976E-2 9.63457E-2 9.7096E-2 9.18993E-2 8.50858E-2 8.53675E-2 8.47038E-2 8.7877E-2 1.00804E-1 1.11782E-1 1.22404E-1 1.2616E-1 1.1156E-1 9.9349E-2 9.75116E-2 1.12204E-1 1.35046E-1 1.62214E-1 1.72474E-1 1.74216E-1 1.81274E-1 1.84166E-1 1.88856E-1 2.09207E-1 2.33508E-1 2.48967E-1 2.59286E-1 2.71812E-1 2.96558E-1 3.35419E-1 3.9406E-1 4.68889E-1 5.30647E-1 5.91711E-1 6.18364E-1 6.23795E-1 6.32559E-1 6.04482E-1 5.38276E-1 5.69257E-1 5.78083E-1 5.93183E-1 6.1263E-1 6.2335E-1 6.16984E-1 5.97854E-1 5.83987E-1 5.36923E-1 5.0587E-1 5.71437E-1 5.99023E-1 5.61017E-1 5.69768E-1 5.7246E-1 5.48143E-1 5.36196E-1 5.04549E-1 4.336E-1 3.46041E-1 4.40716E-1 3.52165E-1 3.06184E-1 3.05975E-1 2.97352E-1 3.0301E-1 2.66748E-1 2.6817E-1 3.21654E-1 3.83876E-1 3.64193E-1
1.03647E-1 1.04867E-1 1.03004E-1 9.93143E-2 9.67341E-2 9.31406E-2 9.58597E-2 9.95518E-2 1.09518E-1 1.1539E-1 1.23269E-1 1.29094E-1 1.22644E-1 1.14991E-1 1.25526E-1 1.38091E-1 1.67302E-1 1.99515E-1 2.08932E-1 2.10838E-1 2.15916E-1 2.2402E-1 2.35913E-1 2.51788E-1 2.71187E-1 2.84466E-1 3.0362E-1 3.28622E-1 3.53414E-1 3.8374E-1 4.46552E-1 5.19043E-1 5.89778E-1 6.32429E-1 6.39096E-1 6.33615E-1 5.72406E-1 4.5738E-1 5.42393E-1 5.8313E-1 5.97912E-1 6.08533E-1 6.06334E-1 6.09411E-1 6.02029E-1 5.71501E-1 5.51528E-1 4.69773E-1 4.13887E-1 4.22517E-1 5.05916E-1 5.67701E-1 5.53871E-1 5.17701E-1 4.68729E-1 4.73007E-1 4.66058E-1 3.89884E-1 3.04037E-1 3.38125E-1 3.15025E-1 2.73087E-1 2.52561E-1 2.25857E-1 2.25931E-1 2.28143E-1 2.15308E-1 2.36417E-1 2.5343E-1 2.39258E-1
1.05764E-1 1.09635E-1 1.05371E-1 1.06324E-1 1.05528E-1 1.06026E-1 1.09107E-1 1.13135E-1 1.2098E-1 1.22404E-1 1.27622E-1 1.30577E-1 1.32906E-1 1.36716E-1 1.50006E-1 1.65596E-1 1.9212E-1 2.2047E-1 2.3821E-1 2.43571E-1 2.60325E-1 2.69743E-1 2.8222E-1 2.98688E-1 3.1646E-1 3.44309E-1 3.67723E-1 3.95399E-1 4.39977E-1 4.67084E-1 5.49002E-1 5.88416E-1 6.35734E-1 6.23504E-1 6.25916E-1 5.83839E-1 4.62687E-1 5.10553E-1 5.54699E-1 5.71275E-1 6.01839E-1 6.10282E-1 5.99432E-1 5.80746E-1 5.41703E-1 5.22501E-1 5.23534E-1 4.90469E-1 4.29399E-1 3.95664E-1 4.18323E-1 5.03021E-1 5.50619E-1 4.71221E-1 4.19168E-1 4.06947E-1 3.9371E-1 3.13004E-1 2.25108E-1 1.7903E-1 2.00598E-1 2.14899E-1 2.10193E-1 1.81597E-1 1.70775E-1 1.36866E-1 9.5411E-2 1.10303E-1 1.29484E-1 1.39657E-1
1.03647E-1 1.0581E-1 1.08225E-1 1.17039E-1 1.17016E-1 1.19013E-1 1.21839E-1 1.24709E-1 1.32071E-1 1.27622E-1 1.31408E-1 1.35934E-1 1.46067E-1 1.5819E-1 1.71787E-1 1.9143E-1 2.10153E-1 2.37548E-1 2.61168E-1 2.75675E-1 2.9495E-1 3.16206E-1 3.30763E-1 3.5285E-1 3.7827E-1 4.15456E-1 4.44394E-1 4.80302E-1 5.31495E-1 5.65215E-1 6.2078E-1 6.27066E-1 5.93799E-1 5.66323E-1 5.2912E-1 4.43869E-1 3.37237E-1 4.69175E-1 5.62755E-1 5.90487E-1 6.07741E-1 6.10104E-1 5.88222E-1 5.52485E-1 4.97147E-1 4.576E-1 4.55289E-1 4.30158E-1 4.01973E-1 3.94716E-1 4.03867E-1 4.88574E-1 4.56346E-1 4.21087E-1 3.87254E-1 3.8126E-1 3.44234E-1 2.67331E-1 1.7581E-1 8.95833E-2 1.00642E-1 1.74051E-1 1.97827E-1 1.74003E-1 1.27561E-1 6.8203E-2 3.03869E-2 4.06602E-2 6.28404E-2 9.42785E-2
1.03647E-1 1.09711E-1 1.15471E-1 1.21864E-1 1.25526E-1 1.29209E-1 1.34415E-1 1.37463E-1 1.40553E-1 1.29921E-1 1.37463E-1 1.48459E-1 1.64155E-1 1.78038E-1 1.9143E-1 2.08247E-1 2.34788E-1 2.55009E-1 2.81125E-1 2.98167E-1 3.26881E-1 3.47028E-1 3.7406E-1 4.13429E-1 4.49032E-1 4.88767E-1 5.17078E-1 5.54735E-1 5.88134E-1 6.16809E-1 6.29568E-1 6.42821E-1 7.68989E-2 5.44356E-1 4.23739E-1 3.62414E-1 3.89772E-1 4.16873E-1 5.58229E-1 5.96119E-1 6.0026E-1 5.64274E-1 5.29962E-1 4.85132E-1 4.65597E-1 4.32907E-1 3.80649E-1 3.50139E-1 3.61133E-1 4.09521E-1 4.06215E-1 4.49928E-1 3.67936E-1 2.98652E-1 3.40139E-1 3.45697E-1 3.17083E-1 2.30059E-1 1.50402E-1 7.26213E-2 9.29299E-2 1.7077E-1 2.16713E-1 1.9601E-1 1.20615E-1 5.47E-2 2.1596E-2 1.85576E-2 2.8135E-2 5.62692E-2
1.09125E-1 1.12757E-1 1.24375E-1 1.31141E-1 1.38091E-1 1.43639E-1 1.50006E-1 1.55785E-1 1.55785E-1 1.54141E-1 1.59104E-1 1.71022E-1 1.816E-1 1.94337E-1 2.07471E-1 2.19019E-1 2.3994E-1 2.67662E-1 2.93927E-1 3.29016E-1 3.76652E-1 3.99519E-1 4.30698E-1 4.64183E-1 5.0672E-1 5.48475E-1 5.71663E-1 6.00095E-1 6.2539E-1 6.41467E-1 6.47033E-1 6.24115E-1 5.41453E-1 2.63489E-1 4.15125E-1 3.11914E-1 3.8236E-1 3.81825E-1 5.88416E-1 6.26424E-1 6.15994E-1 5.34763E-1 4.67411E-1 4.0612E-1 3.55925E-1 3.51797E-1 3.58669E-1 3.81466E-1 4.20184E-1 4.4735E-1 4.57792E-1 4.35471E-1 3.20586E-1 2.66405E-1 2.92875E-1 3.59642E-1 2.68425E-1 1.80554E-1 1.60186E-1 1.28331E-1 1.47844E-1 2.02365E-1 2.25108E-1 1.97784E-1 1.41164E-1 6.02834E-2 1.9985E-2 1.5148E-2 1.83099E-2 3.29543E-2
