KUENM/Final_Models/M_0.1_F_lq_Set_2_EC/sp1_stddev.asc
ncols         197
nrows         210
xllcorner     56.1666666666667
yllcorner     4.5
cellsize      0.166666666666667
NODATA_value  -9999
[rows 56 to 83 of 210, columns 130 to 194 of 197]
2.57955E-4 3.03941E-7 1.48287E-6 2.37166E-8 6.45303E-7 3.02472E-7 1.17182E-6 6.79074E-8 4.10445E-7 1.29017E-6 9.41772E-7 2.20498E-7 3.22281E-7 3.28735E-7 5.43469E-7 6.41181E-7 3.51172E-6 1.54671E-6 2.80617E-6 1.39387E-8 3.34741E-8 1.19624E-7 1.07032E-6 8.78764E-7 9.15716E-8 6.80049E-8 4.37677E-9 9.37167E-9 9.30574E-9 3.13082E-8 8.59903E-8 1.44921E-7 1.93561E-7 1.0456E-7 2.73948E-8 3.34168E-8 3.67912E-8 4.89448E-9 6.99836E-10 3.37429E-10 1.01612E-9 1.3963E-10 8.20075E-11 9.72583E-11 -9999 -9999 -9999 -9999 -9999 -9999 -9999 -9999 -9999 -9999 -9999 -9999 -9999 -9999 -9999 -9999 -9999 -9999 -9999 -9999 -9999
1.22581E-2 4.96908E-3 7.42535E-5 3.28387E-9 1.8137E-8 1.63485E-6 1.42506E-7 1.64594E-7 3.59968E-6 2.38085E-6 1.89419E-6 9.9598E-7 6.03142E-8 6.52408E-9 5.55178E-9 8.73129E-7 7.06457E-7 6.74082E-6 5.79178E-6 9.73289E-9 2.0535E-7 1.75415E-8 1.98401E-7 4.19118E-6 9.71406E-5 5.95274E-7 1.5805E-7 3.22049E-8 1.35905E-8 4.27965E-9 1.75094E-8 8.42244E-8 1.14315E-7 1.79136E-7 1.24522E-7 3.60965E-8 2.00201E-8 2.45388E-8 5.28851E-9 5.86097E-10 1.54001E-10 4.7206E-10 9.74655E-11 9.29302E-11 4.78249E-10 5.65364E-11 -9999 -9999 -9999 -9999 -9999 -9999 -9999 -9999 -9999 -9999 -9999 -9999 -9999 -9999 -9999 -9999 -9999 -9999 -9999
3.26891E-2 3.2754E-2 3.59363E-3 1.18668E-5 2.77343E-7 3.90126E-7 1.62448E-7 5.43454E-8 2.03199E-6 2.04458E-6 1.25277E-6 1.17182E-6 7.74903E-8 3.11503E-9 2.00665E-9 4.45519E-10 2.07597E-7 1.96264E-6 1.38413E-5 6.45339E-7 1.52438E-5 3.75316E-6 6.52509E-7 3.4484E-4 1.72042E-3 4.72356E-4 5.62544E-7 7.50167E-8 1.28639E-7 2.21618E-9 2.11159E-9 1.41057E-8 8.03458E-8 1.27501E-7 9.03024E-8 7.57036E-8 2.85673E-8 4.63018E-8 1.20894E-8 1.01815E-8 2.74717E-10 7.45696E-10 1.40631E-9 6.89116E-10 3.45724E-10 1.42943E-10 1.04822E-10 4.69968E-10 -9999 -9999 -9999 -9999 -9999 -9999 -9999 -9999 -9999 -9999 -9999 -9999 -9999 -9999 -9999 -9999 -9999
4.85824E-2 4.04472E-2 1.62872E-2 2.2351E-3 5.21406E-5 1.0298E-5 2.39341E-6 4.35899E-7 5.18536E-8 1.89697E-8 8.62317E-7 1.44213E-6 3.3238E-7 7.15135E-8 1.58149E-6 1.41425E-7 5.79035E-7 2.45016E-6 8.88971E-6 6.46715E-5 2.21485E-4 1.91093E-4 5.41687E-5 5.68517E-3 2.91019E-3 9.97194E-4 1.29102E-4 1.17851E-5 6.79046E-7 1.71717E-7 1.62204E-7 2.12147E-8 4.56463E-9 2.85049E-8 3.62616E-8 2.05628E-8 1.86349E-8 1.04017E-7 6.56456E-8 3.12078E-8 1.12228E-8 6.01522E-9 7.11284E-9 3.18746E-9 2.11094E-9 6.47146E-10 9.63489E-10 1.51539E-9 4.75355E-10 3.73625E-10 -9999 -9999 -9999 -9999 -9999 -9999 -9999 -9999 -9999 -9999 -9999 -9999 -9999 -9999 -9999
4.68831E-2 4.77944E-2 3.15937E-2 1.72584E-2 5.1161E-3 1.07466E-3 6.14655E-5 2.21718E-6 2.58846E-9 3.88615E-10 4.40431E-10 5.40934E-8 5.23274E-7 1.38916E-6 4.18334E-7 7.26984E-6 1.01864E-5 5.11625E-6 6.23154E-6 6.09511E-5 2.42541E-4 7.13762E-4 1.92286E-4 4.0076E-3 5.26248E-4 1.46789E-4 2.03698E-5 3.6135E-7 2.11383E-8 3.24623E-8 2.07433E-7 3.80727E-7 6.35143E-8 2.88798E-9 8.1235E-9 1.47071E-9 9.26718E-9 4.75366E-8 8.69989E-9 2.74446E-8 2.33461E-8 7.91045E-9 2.49431E-8 1.51594E-8 9.43518E-9 1.21899E-9 2.38192E-9 2.68668E-9 3.5233E-9 3.23476E-9 3.85084E-9 1.7777E-9 -9999 -9999 -9999 -9999 -9999 -9999 -9999 -9999 -9999 -9999 -9999 -9999 -9999
4.29536E-2 4.64108E-2 4.08745E-2 3.02004E-2 1.92951E-2 8.76429E-3 2.41996E-3 1.77261E-4 8.57426E-7 3.01662E-10 2.64014E-10 2.37581E-8 1.8843E-7 5.60908E-7 6.40514E-7 9.84368E-6 1.58873E-5 1.48666E-5 2.10136E-5 4.90635E-5 1.82592E-4 4.35203E-4 9.76399E-4 9.2607E-4 7.07259E-4 4.57494E-4 2.69333E-4 2.20221E-5 1.23769E-7 7.69414E-8 1.45415E-7 7.97886E-8 4.02549E-8 4.07471E-9 1.09461E-9 4.36344E-10 5.74544E-8 5.39692E-8 3.67576E-9 4.3129E-8 5.88526E-8 3.62748E-8 2.94849E-8 1.50809E-8 1.28353E-8 4.05922E-8 1.08177E-8 2.50429E-8 2.16633E-8 3.67492E-9 4.09376E-9 1.2614E-9 2.97537E-8 -9999 -9999 -9999 -9999 -9999 -9999 -9999 -9999 -9999 -9999 -9999 -9999
4.65164E-2 4.86076E-2 4.64108E-2 4.0809E-2 3.37849E-2 2.67808E-2 1.4056E-2 3.11043E-3 2.65521E-4 1.12007E-5 4.40644E-7 4.91697E-8 3.09591E-8 2.21408E-7 4.12148E-7 5.43389E-7 4.59235E-6 8.62379E-6 1.72133E-5 1.48443E-5 3.52598E-5 2.02384E-4 1.13222E-3 1.09312E-3 7.58949E-5 2.42552E-5 7.89114E-6 2.10387E-5 9.16209E-5 5.8777E-6 4.67091E-6 6.0443E-8 3.38695E-8 3.15427E-8 1.59512E-9 6.97453E-10 4.26687E-6 4.72627E-8 2.75243E-9 7.97162E-9 4.74116E-9 4.08645E-9 2.73927E-9 9.58635E-9 9.47118E-9 1.31963E-8 6.71668E-9 9.43518E-9 1.15724E-8 1.65085E-9 1.51616E-9 1.30347E-9 2.00721E-9 3.56733E-9 8.42165E-9 -9999 -9999 -9999 -9999 -9999 -9999 -9999 -9999 -9999 -9999
5.46924E-2 5.48203E-2 5.45468E-2 5.13856E-2 4.86168E-2 4.6731E-2 3.2556E-2 1.4531E-2 5.93556E-3 3.90259E-3 1.16561E-3 1.1203E-4 2.00217E-5 4.80324E-5 1.57542E-4 6.5515E-6 5.74766E-7 5.96194E-7 4.56318E-7 2.04301E-6 7.51232E-6 3.34865E-5 4.69108E-5 3.91376E-4 6.7493E-4 3.30125E-4 1.01455E-3 1.45878E-4 1.09766E-4 1.42398E-5 5.97147E-5 1.93263E-6 1.65547E-7 3.53035E-8 3.98409E-9 7.66404E-7 9.93216E-7 2.21364E-9 5.51028E-10 2.94049E-10 1.43065E-9 2.63173E-9 9.85827E-10 1.42446E-9 1.90994E-8 7.49384E-9 2.97411E-8 1.47808E-9 1.00071E-9 7.43509E-10 1.60977E-8 3.91778E-8 7.93418E-10 1.92258E-9 2.18871E-9 9.50234E-10 -9999 -9999 -9999 -9999 -9999 -9999 -9999 -9999 -9999
5.68356E-2 5.75446E-2 5.75577E-2 5.83271E-2 5.83271E-2 5.67403E-2 4.71548E-2 3.08044E-2 1.96561E-2 1.41812E-2 9.54387E-3 3.14076E-3 3.96277E-4 1.86848E-4 3.74824E-5 1.6698E-6 4.87001E-7 1.95743E-7 4.43974E-8 8.17023E-8 7.76163E-7 1.02332E-5 9.29598E-6 3.67695E-5 1.46991E-4 3.29367E-5 1.2298E-5 4.26531E-5 9.22311E-5 4.12553E-5 1.31893E-5 3.77107E-8 1.49489E-9 3.92317E-10 1.19007E-7 2.61082E-6 3.42325E-8 6.17472E-9 2.36334E-8 5.9619E-10 3.8104E-9 4.37599E-8 2.24348E-8 2.44321E-9 7.49805E-8 3.43644E-9 4.40627E-8 3.43263E-8 2.42384E-8 6.96229E-9 1.76923E-8 9.39224E-8 6.09726E-9 3.68097E-8 1.26505E-8 2.23568E-8 1.48008E-8 -9999 -9999 -9999 -9999 -9999 -9999 -9999 -9999
5.42616E-2 5.61521E-2 5.56811E-2 5.44432E-2 5.42988E-2 5.75345E-2 5.07102E-2 3.88028E-2 2.93936E-2 2.17442E-2 1.32515E-2 3.2694E-3 8.9066E-4 7.53233E-4 1.70976E-4 9.72044E-6 3.40137E-6 3.21435E-6 5.74171E-7 7.56899E-8 9.9125E-9 3.67838E-8 1.3265E-8 1.02148E-6 9.89196E-6 7.39857E-7 4.6281E-7 1.37249E-6 2.27385E-6 2.12336E-5 8.49639E-5 1.30097E-5 4.92513E-5 1.85949E-5 1.52269E-4 4.152E-6 7.04142E-9 3.53257E-8 1.18013E-7 3.32163E-6 1.1336E-8 3.89723E-7 1.33831E-7 2.10438E-8 6.11871E-8 2.80247E-9 9.2761E-10 3.40643E-9 6.09922E-9 1.04645E-8 1.99423E-9 2.08518E-8 1.84611E-7 5.16889E-8 5.1926E-8 6.5516E-8 3.58521E-8 2.0822E-7 -9999 -9999 -9999 -9999 -9999 -9999 -9999
4.98111E-2 5.43429E-2 5.55265E-2 5.47266E-2 5.40945E-2 5.59338E-2 4.62209E-2 3.959E-2 3.4849E-2 2.5206E-2 1.13707E-2 2.0766E-3 9.90176E-4 1.74327E-3 1.49634E-3 2.96989E-4 1.3684E-4 9.5174E-5 4.96485E-5 9.21498E-6 1.83818E-6 1.06248E-7 3.12554E-9 2.95741E-8 1.97822E-6 5.5403E-5 2.72487E-5 1.74321E-5 2.48849E-6 1.11757E-5 4.10551E-5 8.65632E-6 5.90613E-6 6.46345E-9 4.01547E-12 3.6438E-6 1.59469E-7 3.09897E-5 1.44122E-5 3.88493E-5 1.07158E-7 1.83143E-7 4.3775E-4 7.5358E-8 1.50621E-6 4.55801E-6 2.19061E-9 4.7173E-11 3.08346E-9 2.0866E-8 8.40656E-10 5.29696E-10 2.45494E-8 7.18629E-9 4.47715E-8 8.13244E-8 8.19676E-9 2.05028E-8 1.98867E-7 -9999 -9999 -9999 -9999 -9999 -9999
4.56536E-2 5.13058E-2 5.43851E-2 5.42494E-2 5.41482E-2 5.44778E-2 4.5092E-2 4.20091E-2 3.80635E-2 2.81209E-2 1.52292E-2 2.74577E-3 1.45158E-3 2.21814E-3 3.11855E-3 1.94238E-3 1.4598E-3 1.78995E-3 2.15191E-3 5.50612E-4 1.25868E-4 9.82312E-5 1.24668E-4 5.06651E-5 3.27E-6 1.42762E-5 4.35084E-5 2.35399E-5 5.03318E-6 1.22028E-6 2.88561E-7 2.00911E-8 9.21027E-9 1.15798E-11 1.20628E-15 4.49476E-26 4.24156E-30 6.43485E-28 9.21385E-24 1.35786E-18 1.25613E-6 6.1637E-5 4.24583E-5 4.99629E-5 1.30687E-5 3.68356E-5 2.65932E-8 1.31916E-9 1.44707E-8 1.00494E-8 6.39048E-10 4.14452E-10 8.12777E-10 3.56537E-10 4.53416E-9 2.48902E-9 1.45123E-8 1.47738E-7 5.05813E-10 7.8684E-8 -9999 -9999 -9999 -9999 -9999
4.132E-2 4.76412E-2 5.27983E-2 5.30551E-2 5.2015E-2 5.35008E-2 5.3568E-2 4.91661E-2 4.43435E-2 3.53882E-2 2.48739E-2 1.22532E-2 6.31871E-3 5.27689E-3 7.78294E-3 6.7711E-3 5.64071E-3 6.59913E-3 7.59047E-3 4.08617E-3 2.37438E-3 3.63224E-3 8.25036E-3 7.09989E-3 1.50134E-3 1.82448E-5 8.47365E-6 1.00198E-5 2.5229E-5 5.06472E-5 1.26178E-5 5.62106E-8 1.82366E-8 2.81607E-12 1.34261E-14 4.74515E-20 4.52514E-22 5.7524E-24 4.65463E-22 5.08149E-21 7.33269E-17 4.27781E-13 8.66347E-10 2.08E-6 2.55379E-6 1.1578E-5 3.57322E-6 2.62664E-6 4.41288E-7 8.22479E-8 1.41633E-7 4.02876E-8 2.87566E-10 3.84391E-11 2.35418E-11 4.03829E-10 5.22914E-8 2.59151E-7 4.4065E-9 8.12941E-9 2.22428E-9 -9999 -9999 -9999 -9999
3.49613E-2 4.20473E-2 4.77782E-2 4.62848E-2 4.43449E-2 4.71464E-2 5.18375E-2 5.35338E-2 5.0572E-2 4.56579E-2 3.80721E-2 2.83422E-2 2.07226E-2 2.00418E-2 2.19954E-2 1.40472E-2 1.0486E-2 1.00749E-2 1.09849E-2 9.69439E-3 9.72784E-3 1.31396E-2 1.54406E-2 1.04695E-2 2.24635E-3 7.57352E-5 1.0009E-5 8.08634E-6 2.3031E-5 9.66529E-5 1.48921E-4 9.26906E-6 1.15513E-6 2.31217E-8 1.69962E-9 4.68016E-12 2.16314E-14 1.15432E-15 4.18973E-16 1.65475E-15 1.86577E-14 1.55041E-13 3.74076E-11 2.64269E-10 5.0389E-9 9.31459E-11 1.51487E-13 2.3516E-12 3.0771E-11 2.92575E-6 9.60063E-7 1.15194E-8 5.57915E-9 2.53757E-8 2.30118E-10 7.10693E-10 6.05174E-7 1.07882E-6 5.9234E-8 2.35466E-9 5.12663E-10 -9999 -9999 -9999 -9999
3.33326E-2 3.56929E-2 4.022E-2 4.0977E-2 3.60994E-2 3.8124E-2 4.43487E-2 4.9823E-2 5.30007E-2 5.12538E-2 4.75637E-2 4.15238E-2 3.33046E-2 2.94559E-2 2.60644E-2 1.7657E-2 1.35975E-2 1.49774E-2 1.55517E-2 1.52965E-2 1.59485E-2 1.73064E-2 1.50343E-2 9.02053E-3 2.85738E-3 4.50763E-4 5.9545E-5 1.27766E-5 1.96327E-5 7.87623E-5 1.9867E-4 8.41265E-5 4.56447E-6 4.14106E-8 5.17733E-9 3.37502E-11 5.63112E-12 2.13169E-13 5.96202E-13 6.02603E-12 1.86944E-11 3.38203E-11 1.09926E-11 4.2814E-9 6.54318E-9 2.32605E-10 2.83737E-9 5.91456E-13 5.18725E-16 1.22586E-12 3.61056E-12 8.1095E-7 3.60806E-8 5.55726E-7 4.17854E-9 6.96767E-8 2.24306E-7 4.81141E-13 1.26293E-7 8.90014E-8 3.43901E-8 3.49469E-10 -9999 -9999 -9999
3.20844E-2 3.24467E-2 3.24467E-2 3.41341E-2 3.32027E-2 3.29407E-2 3.78668E-2 4.48245E-2 5.07132E-2 5.24841E-2 5.22292E-2 4.94452E-2 4.08567E-2 3.04186E-2 2.4663E-2 1.82925E-2 1.10292E-2 1.62812E-2 1.90214E-2 1.97672E-2 1.99562E-2 1.92984E-2 1.45242E-2 8.45109E-3 3.53285E-3 1.18521E-3 3.82379E-4 1.59264E-4 1.32093E-4 2.04329E-4 4.86853E-4 3.47635E-4 2.16422E-5 2.22862E-6 8.14805E-8 8.63286E-9 5.20726E-11 1.03886E-12 1.03011E-10 7.66503E-9 6.32913E-9 5.59039E-10 8.69555E-9 3.06378E-11 8.17944E-10 1.30274E-10 6.75006E-7 7.05374E-7 9.39364E-12 6.41363E-11 1.88721E-12 1.48844E-9 2.45411E-8 1.61948E-11 4.2328E-8 3.02747E-11 1.56985E-17 7.70638E-11 4.03882E-7 2.61495E-7 1.71028E-6 4.0646E-9 3.80843E-8 -9999 -9999
2.88919E-2 3.17915E-2 3.09737E-2 3.27936E-2 3.46161E-2 3.50893E-2 3.47063E-2 3.81823E-2 4.45013E-2 5.01369E-2 5.1767E-2 5.24321E-2 4.86998E-2 3.20394E-2 2.58038E-2 2.4663E-2 1.86548E-2 2.26004E-2 2.75928E-2 2.57251E-2 2.45336E-2 2.14845E-2 1.53881E-2 8.99737E-3 4.64822E-3 2.6415E-3 1.50676E-3 9.01386E-4 6.68833E-4 7.66051E-4 1.00371E-3 5.95726E-4 1.29001E-4 8.38871E-5 3.47403E-5 1.42958E-6 9.005E-8 3.48802E-8 1.36408E-7 6.23352E-7 2.85243E-7 8.13894E-9 3.02918E-10 1.94951E-9 2.68177E-7 2.42128E-7 1.70486E-6 1.44327E-5 2.1281E-5 2.21257E-5 7.16342E-8 4.42372E-10 7.41226E-12 2.19823E-12 3.51878E-12 7.20025E-11 6.61977E-9 1.29151E-11 3.2156E-11 7.31036E-12 4.48578E-10 1.98037E-6 7.99217E-9 -9999 -9999
2.50995E-2 3.02157E-2 3.59089E-2 3.88858E-2 3.7655E-2 3.71288E-2 3.5219E-2 3.53909E-2 3.85681E-2 4.57452E-2 5.00316E-2 5.03995E-2 5.08873E-2 5.00735E-2 3.60799E-2 2.95238E-2 2.99705E-2 3.96055E-2 4.02525E-2 3.58388E-2 3.11417E-2 2.60847E-2 1.8464E-2 1.09363E-2 6.04368E-3 5.84133E-3 5.79194E-3 3.59981E-3 2.12881E-3 1.94238E-3 2.00285E-3 7.37001E-4 1.657E-4 1.75407E-4 4.08355E-4 1.01416E-4 1.2061E-5 5.54683E-6 6.72309E-6 3.44819E-5 3.64155E-4 2.74876E-5 1.14693E-8 1.03977E-10 1.93827E-10 6.6026E-11 4.08424E-9 2.14232E-5 3.90173E-4 2.83527E-4 1.44035E-4 2.68444E-5 1.72899E-5 3.14182E-7 5.38591E-11 1.44397E-8 1.58746E-3 5.36927E-10 2.54277E-9 3.47232E-8 2.88645E-12 8.19345E-11 4.72452E-19 8.5322E-21 -9999
2.79912E-2 2.93466E-2 3.33096E-2 3.875E-2 3.8386E-2 3.89317E-2 3.76562E-2 3.656E-2 3.36653E-2 4.28219E-2 4.96312E-2 4.83741E-2 4.69144E-2 5.23147E-2 4.66076E-2 3.60799E-2 3.6525E-2 4.38726E-2 4.50708E-2 4.55982E-2 4.26297E-2 3.4513E-2 2.41863E-2 1.49761E-2 9.38371E-3 1.41361E-2 2.00418E-2 1.06091E-2 5.34805E-3 4.42164E-3 4.0683E-3 1.67274E-3 3.46164E-4 4.44652E-4 1.25695E-3 6.75172E-4 1.93456E-4 1.76015E-4 2.98639E-4 4.05755E-4 1.15328E-3 2.33903E-3 4.17999E-4 3.12522E-6 4.6981E-8 8.90571E-9 4.49849E-8 1.01848E-6 3.30441E-5 2.8206E-4 2.111E-4 6.67482E-4 1.27881E-4 4.52279E-4 1.83258E-6 9.21115E-4 5.15157E-3 1.66976E-5 1.36839E-4 3.2935E-8 4.6674E-12 4.13779E-14 6.48474E-22 3.06697E-24 -9999
3.15641E-2 2.92412E-2 3.05488E-2 3.8386E-2 4.37794E-2 4.3944E-2 4.56733E-2 4.52618E-2 4.01954E-2 4.39893E-2 4.84973E-2 4.73306E-2 4.77337E-2 5.16179E-2 5.0863E-2 4.88339E-2 5.01634E-2 4.83735E-2 4.72405E-2 5.11314E-2 5.14428E-2 4.1834E-2 2.94041E-2 2.07779E-2 1.49761E-2 1.72258E-2 2.70226E-2 1.53899E-2 9.15751E-3 8.6179E-3 9.95649E-3 8.3618E-3 3.11276E-3 2.01858E-3 2.55288E-3 1.89878E-3 7.17028E-4 1.15153E-3 2.84365E-3 3.40014E-3 3.21008E-3 6.64494E-3 3.22264E-3 3.43334E-4 6.17617E-5 3.69827E-5 7.74757E-5 9.30464E-5 6.29577E-5 3.40492E-5 7.13203E-5 1.1322E-3 4.83062E-4 7.84668E-4 6.58309E-4 4.82736E-4 2.68341E-3 2.73566E-3 6.5088E-5 2.07641E-7 1.48778E-11 4.54155E-20 1.17015E-25 9.18498E-29 1.49796E-34
3.46692E-2 3.15498E-2 3.35418E-2 3.9553E-2 4.43737E-2 4.49068E-2 4.83678E-2 4.9005E-2 4.47494E-2 4.57192E-2 4.64548E-2 4.58957E-2 4.70545E-2 5.06532E-2 5.20454E-2 5.19814E-2 5.12947E-2 5.11407E-2 4.86996E-2 5.16463E-2 5.14453E-2 4.3699E-2 3.54219E-2 2.91363E-2 2.17538E-2 1.82839E-2 2.26808E-2 1.81049E-2 1.50685E-2 1.67114E-2 2.10931E-2 2.3158E-2 1.20928E-2 5.95364E-3 6.32343E-3 5.96687E-3 3.94167E-3 5.2931E-3 8.24555E-3 6.237E-3 5.56632E-3 8.20908E-3 5.24539E-3 2.33085E-3 2.16916E-3 1.61874E-3 4.1212E-3 4.67051E-3 2.17959E-3 8.96827E-4 3.05307E-4 1.03036E-4 6.4411E-5 1.65977E-5 1.09802E-7 3.10891E-11 9.63134E-10 1.94002E-8 6.58755E-12 3.32852E-16 2.22356E-17 2.6339E-18 9.33247E-22 2.14022E-33 7.50832E-39
3.96402E-2 4.19001E-2 3.88881E-2 4.23586E-2 4.66184E-2 3.85089E-2 4.05661E-2 4.35547E-2 4.36136E-2 4.19001E-2 4.21359E-2 4.21359E-2 4.19625E-2 4.43413E-2 4.52868E-2 4.49505E-2 4.74229E-2 5.07688E-2 5.15153E-2 5.15838E-2 5.07825E-2 4.56484E-2 4.35126E-2 4.06075E-2 3.15902E-2 2.02037E-2 2.27525E-2 2.69458E-2 3.04706E-2 3.13659E-2 2.87432E-2 2.6355E-2 1.77603E-2 1.13407E-2 1.07879E-2 1.01298E-2 1.20409E-2 1.81049E-2 2.30045E-2 2.05295E-2 1.40472E-2 1.37992E-2 1.26781E-2 9.07755E-3 1.71635E-3 1.04576E-3 5.11961E-3 1.17844E-2 9.11339E-3 1.11348E-2 8.68211E-3 8.2258E-4 1.91476E-4 3.42491E-5 1.31114E-6 1.4699E-8 2.38046E-10 2.79813E-13 1.27776E-17 5.66603E-19 1.75216E-17 1.1785E-16 9.59735E-17 3.45863E-25 1.98838E-33
4.3944E-2 4.66849E-2 4.3944E-2 4.35547E-2 4.75392E-2 3.8978E-2 3.60073E-2 3.96402E-2 4.20073E-2 4.22503E-2 4.2424E-2 4.29913E-2 3.875E-2 4.01954E-2 4.0016E-2 4.24804E-2 4.73593E-2 5.03306E-2 5.06959E-2 5.12835E-2 5.10317E-2 4.96933E-2 4.99177E-2 4.97054E-2 4.45291E-2 3.3415E-2 2.74329E-2 3.25204E-2 3.95592E-2 3.65281E-2 2.98825E-2 2.60167E-2 2.13294E-2 1.52895E-2 1.30178E-2 1.49277E-2 2.50816E-2 4.04366E-2 3.8733E-2 3.10319E-2 1.75808E-2 1.82925E-2 2.42537E-2 1.9736E-2 2.76123E-3 5.01569E-4 5.97002E-3 2.42104E-2 2.62128E-2 2.30628E-2 2.87316E-2 2.32701E-2 8.33481E-3 8.75959E-4 9.57849E-5 3.73391E-6 6.42967E-8 2.199E-10 1.93945E-13 1.56474E-15 1.07181E-15 2.30582E-15 2.49045E-16 1.76191E-20 3.10109E-26
4.91467E-2 5.04862E-2 4.99035E-2 5.00948E-2 4.92853E-2 4.45337E-2 3.76274E-2 4.12935E-2 4.69597E-2 4.81105E-2 4.77431E-2 4.78674E-2 4.47494E-2 4.5568E-2 4.76169E-2 5.09E-2 5.10415E-2 5.12835E-2 5.09871E-2 5.12529E-2 5.12023E-2 5.14399E-2 5.13274E-2 5.09124E-2 4.86357E-2 4.31357E-2 2.94418E-2 2.47131E-2 3.60869E-2 3.47644E-2 2.37247E-2 2.52103E-2 2.47934E-2 1.4854E-2 1.31982E-2 2.43414E-2 4.13241E-2 4.69371E-2 3.84908E-2 2.98019E-2 1.81049E-2 2.08988E-2 2.81209E-2 3.73621E-2 4.09303E-2 1.56202E-2 1.30137E-2 2.1202E-2 2.70508E-2 2.51951E-2 3.4001E-2 3.23758E-2 1.96079E-2 5.45996E-3 1.2107E-3 1.73247E-4 2.04566E-5 4.46284E-7 9.93145E-10 2.01985E-12 9.62477E-14 5.48957E-14 7.19035E-15 4.39171E-17 6.79232E-20
5.3605E-2 5.29077E-2 5.00203E-2 4.75237E-2 5.06027E-2 4.92721E-2 4.55493E-2 4.80579E-2 5.06615E-2 5.09347E-2 5.00229E-2 4.76634E-2 4.68904E-2 4.90965E-2 5.10372E-2 4.50268E-2 4.27582E-2 5.0513E-2 5.07452E-2 5.08187E-2 5.13132E-2 5.12336E-2 5.16349E-2 5.05687E-2 4.81986E-2 4.46087E-2 3.60869E-2 3.2119E-2 4.1125E-2 3.80057E-2 2.0032E-2 2.60517E-2 2.46192E-2 8.10456E-3 1.10562E-2 3.34676E-2 5.10641E-2 5.1221E-2 4.03181E-2 3.14325E-2 3.09574E-2 3.45317E-2 3.71898E-2 4.64149E-2 5.28491E-2 3.60637E-2 2.30867E-2 1.91948E-2 2.44528E-2 4.34272E-2 4.42956E-2 3.38582E-2 2.04245E-2 1.04063E-2 4.82076E-3 1.58726E-3 3.73471E-4 3.87559E-5 4.52092E-7 2.26026E-9 3.02694E-11 1.03519E-11 2.66163E-12 1.40096E-13 7.46876E-15
5.46508E-2 5.1653E-2 4.57544E-2 3.77797E-2 4.95757E-2 5.05277E-2 5.07159E-2 5.08338E-2 5.07038E-2 5.101E-2 4.76634E-2 3.83186E-2 4.02979E-2 4.7943E-2 4.96828E-2 4.9943E-2 4.70588E-2 5.08449E-2 5.06615E-2 5.10304E-2 5.09944E-2 5.08187E-2 5.13097E-2 4.99818E-2 4.66457E-2 4.64925E-2 4.63374E-2 4.56983E-2 4.82939E-2 4.69646E-2 3.62954E-2 3.21513E-2 2.1212E-2 9.1795E-3 1.47613E-2 3.50045E-2 4.97182E-2 4.95519E-2 4.27582E-2 3.73688E-2 3.8845E-2 4.1125E-2 4.09723E-2 4.38839E-2 4.5424E-2 4.20346E-2 3.71871E-2 2.61412E-2 2.91363E-2 4.32908E-2 5.06916E-2 4.23523E-2 2.59397E-2 1.4754E-2 1.03639E-2 4.86635E-3 1.12885E-3 1.80843E-4 1.8673E-5 9.67706E-7 4.89934E-8 7.49625E-9 1.72845E-9 4.0082E-10 1.20033E-10
4.87857E-2 5.0161E-2 5.04111E-2 4.95757E-2 5.03313E-2 5.01829E-2 4.9726E-2 5.03097E-2 5.02551E-2 5.08453E-2 4.50052E-2 2.96546E-2 2.57364E-2 2.90885E-2 3.26121E-2 3.42447E-2 4.73625E-2 4.91973E-2 4.83228E-2 5.04689E-2 5.03753E-2 5.04082E-2 5.13007E-2 4.94972E-2 4.70937E-2 4.76629E-2 4.95923E-2 4.98632E-2 4.97754E-2 4.71373E-2 4.56679E-2 4.06321E-2 2.76017E-2 1.95411E-2 2.30495E-2 4.0038E-2 5.0585E-2 5.06761E-2 4.54515E-2 4.41405E-2 4.56073E-2 4.64273E-2 4.69994E-2 4.35433E-2 4.6375E-2 4.81986E-2 4.84535E-2 4.13241E-2 2.10884E-2 2.83462E-2 5.01206E-2 4.35965E-2 2.86944E-2 1.81049E-2 1.15185E-2 5.46662E-3 1.75287E-3 5.72649E-4 2.96395E-4 8.5829E-5 1.04427E-5 1.63279E-6 4.07668E-7 1.60814E-7 1.17164E-7
4.64911E-2 4.71554E-2 5.00343E-2 5.08259E-2 5.00713E-2 4.91641E-2 5.00118E-2 5.00229E-2 5.10304E-2 5.09944E-2 4.79061E-2 3.32861E-2 2.03608E-2 2.07096E-2 3.31998E-2 3.92169E-2 4.5597E-2 4.57435E-2 3.94672E-2 4.48831E-2 4.7463E-2 4.7826E-2 5.08819E-2 4.97754E-2 4.80453E-2 4.90517E-2 5.06625E-2 5.10837E-2 5.066E-2 4.72731E-2 4.27245E-2 4.08284E-2 3.37198E-2 3.15362E-2 3.35322E-2 4.60401E-2 5.07042E-2 5.06835E-2 4.91512E-2 4.8247E-2 4.94968E-2 5.07246E-2 5.07165E-2 4.7707E-2 5.05823E-2 4.89023E-2 5.09572E-2 4.79201E-2 3.1695E-2 3.19318E-2 4.35433E-2 4.05214E-2 2.99118E-2 1.79366E-2 1.06156E-2 6.00718E-3 3.64551E-3 2.88566E-3 2.24045E-3 1.25695E-3 2.28963E-4 4.35226E-5 1.28789E-5 6.06273E-6 1.18573E-6
