KUENM/Final_Models/M_0.1_F_lq_Set_2_EC/sp1_2.asc
ncols         197
nrows         210
xllcorner     56.1666666666667
yllcorner     4.5
cellsize      0.166666666666667
NODATA_value  -9999
[rows 28 to 55 of 210, columns 65 to 129 of 197]
5.78713E-7 3.43787E-7 1.65787E-7 3.06233E-7 7.57445E-7 1.58563E-6 5.88352E-7 4.09773E-7 2.27344E-6 4.65688E-6 1.95544E-6 4.98991E-7 1.03942E-3 1.93069E-3 5.90827E-4 7.40713E-3 6.65672E-3 1.44971E-3 2.26593E-2 3.22416E-2 1.11243E-2 2.80575E-4 7.04167E-4 2.26516E-2 5.38371E-2 1.27592E-2 7.1943E-2 6.67918E-2 5.60462E-2 1.04609E-2 2.04977E-2 1.68987E-2 3.28076E-3 3.7262E-4 1.96822E-3 1.68488E-3 3.87838E-4 4.00439E-5 1.3198E-5 5.45291E-5 6.01768E-7 5.7485E-6 4.306E-5 4.92589E-5 4.45458E-5 9.4732E-6 5.18705E-6 7.96528E-7 2.23416E-7 4.06585E-8 7.69959E-9 2.60408E-9 4.80056E-9 5.49202E-10 1.01064E-8 1.19483E-7 2.49747E-10 4.52467E-11 3.7318E-11 1.30145E-9 2.26987E-9 2.63991E-9 1.84221E-10 3.92753E-9 9.57757E-13
9.76944E-8 1.11437E-7 1.84E-7 1.00399E-7 1.45353E-7 7.21284E-8 2.97163E-7 8.8002E-7 2.98114E-7 2.81845E-7 9.38131E-7 1.945E-5 6.5296E-4 1.14771E-3 1.17336E-3 5.50646E-3 1.63406E-2 2.41354E-2 3.63466E-2 4.01101E-2 4.62331E-2 5.53558E-2 6.36435E-2 6.27116E-2 2.5955E-2 1.01229E-1 1.25496E-1 6.38525E-2 8.80624E-2 1.13499E-1 1.00934E-1 1.19352E-2 1.36885E-2 2.95187E-3 3.09039E-3 1.14765E-4 2.17244E-4 2.16546E-4 2.15657E-4 3.3001E-5 2.25851E-5 1.8558E-4 9.0092E-5 5.56999E-4 1.8884E-4 6.59141E-6 4.17504E-6 3.68994E-6 1.47611E-6 1.1502E-7 3.3429E-9 5.52324E-9 5.57812E-9 2.69813E-8 2.75189E-7 3.58193E-8 7.34042E-8 3.65125E-8 5.61669E-11 1.55417E-11 1.8307E-11 6.80287E-11 9.5811E-9 1.41141E-7 5.86043E-11
4.42815E-7 2.12592E-7 4.53485E-7 6.88788E-7 1.31308E-6 1.65149E-6 1.15301E-6 1.45194E-6 1.30469E-6 7.49455E-6 5.33579E-5 8.83501E-5 3.98676E-4 6.10761E-4 4.82467E-4 7.07606E-4 4.34489E-3 1.14708E-2 3.15025E-2 4.02828E-2 3.16171E-2 4.10446E-2 6.22213E-2 7.60667E-2 8.19795E-2 1.10623E-1 1.30272E-1 1.51878E-1 2.27088E-1 2.48522E-1 2.25918E-1 1.11799E-1 4.91854E-2 2.68683E-2 5.96326E-3 5.36957E-4 5.89909E-5 7.55373E-6 4.59649E-5 5.26918E-4 1.43319E-3 4.04056E-5 2.8435E-4 3.92809E-3 1.29657E-3 1.68087E-3 3.55738E-5 6.52087E-7 2.19489E-7 8.03565E-8 7.26245E-9 2.24138E-8 4.30202E-8 3.1193E-8 3.96736E-8 4.24684E-8 2.74991E-8 5.36921E-8 7.33366E-8 7.28859E-10 4.1839E-11 9.76359E-12 2.29388E-11 4.07604E-11 1.15525E-8
3.52226E-7 9.15825E-7 1.03761E-6 3.87104E-7 3.95383E-7 1.3888E-6 2.337E-6 6.17694E-6 6.82359E-6 1.08716E-5 2.90039E-5 8.5267E-5 3.68098E-4 3.08097E-4 3.05304E-5 3.55439E-5 1.07243E-3 4.38744E-3 2.57194E-2 4.61971E-2 5.02036E-2 4.99856E-2 5.73771E-2 7.80914E-2 9.96217E-2 1.17876E-1 1.5257E-1 2.12228E-1 2.55405E-1 2.77247E-1 2.83407E-1 2.80282E-1 2.16849E-1 9.02097E-2 1.01862E-2 8.19065E-3 2.35657E-4 1.19724E-4 1.33366E-4 3.72108E-3 6.68528E-4 4.09797E-5 1.01298E-5 7.51879E-4 4.98246E-3 6.85348E-3 1.34188E-3 7.21351E-5 3.36178E-6 9.16884E-7 1.08753E-7 9.61514E-9 9.33654E-10 3.06146E-8 3.99342E-9 1.59286E-9 1.15014E-9 2.70265E-9 8.85926E-9 3.5057E-8 3.85909E-8 1.02272E-7 3.07376E-9 4.87374E-10 2.05193E-10
1.08003E-6 1.93119E-6 5.27499E-7 4.67973E-7 4.97687E-7 1.43914E-6 2.97531E-6 3.51517E-6 1.20661E-5 3.4711E-5 8.39647E-5 1.68684E-4 3.35568E-4 2.01605E-4 5.13094E-6 2.73854E-5 2.25484E-5 1.66755E-6 2.66726E-5 1.20942E-3 8.1046E-3 3.08032E-2 6.02131E-2 5.97072E-2 7.04208E-2 8.82715E-2 1.64962E-1 1.94085E-1 2.50217E-1 2.83196E-1 2.909E-1 2.82927E-1 2.95886E-1 2.88369E-1 1.3667E-1 1.14914E-1 2.07915E-3 5.71834E-4 1.12064E-4 1.64392E-2 4.7002E-3 7.8785E-4 8.05413E-4 4.61123E-5 2.97271E-4 4.41015E-3 6.44249E-3 1.41443E-3 1.1806E-5 2.15328E-6 3.22326E-7 7.96155E-8 1.79765E-9 2.2121E-8 1.62798E-10 3.57737E-10 1.71364E-10 9.15662E-11 4.40108E-11 1.95734E-9 6.14705E-10 2.83593E-8 2.01186E-8 6.47135E-7 7.34387E-9
3.18405E-6 1.65263E-6 4.17912E-7 3.1747E-7 2.79118E-7 1.04097E-6 1.24269E-6 2.1366E-6 8.26859E-6 2.35813E-5 6.17705E-5 2.10151E-4 2.43094E-4 7.78915E-5 1.1401E-5 8.65568E-5 4.2822E-4 1.92127E-3 3.21511E-3 2.44692E-4 4.06776E-5 1.54815E-4 2.35043E-3 1.97031E-2 6.1422E-2 1.0367E-1 1.85518E-1 2.06981E-1 2.27819E-1 1.98832E-1 2.12392E-1 2.77191E-1 3.04984E-1 2.86319E-1 1.83618E-1 1.11332E-1 6.60503E-3 4.54943E-3 3.33548E-3 3.19411E-2 2.50609E-2 2.07583E-3 1.05549E-3 4.34463E-5 9.48349E-7 7.61813E-5 1.82953E-3 6.94425E-3 1.83379E-3 7.73407E-5 7.08655E-7 9.75497E-7 2.99299E-8 2.48584E-9 1.14362E-9 2.9753E-10 2.25226E-10 2.85963E-10 8.45324E-10 3.15645E-9 1.89377E-8 4.08402E-8 1.21674E-9 9.4011E-10 2.60106E-7
7.50981E-7 2.08173E-7 5.82789E-7 1.62379E-7 5.84089E-7 9.96557E-7 1.26904E-6 1.10138E-5 2.85936E-5 2.80461E-5 2.26958E-5 7.37294E-5 4.51896E-5 4.28375E-5 1.12539E-4 1.63775E-4 1.80825E-3 4.35246E-3 1.63293E-2 3.21991E-2 1.64208E-2 3.35936E-3 5.83259E-3 9.10097E-3 4.42076E-2 8.5435E-2 1.29165E-1 1.9086E-1 1.31573E-1 1.79314E-1 2.53166E-1 2.61696E-1 2.83879E-1 2.80207E-1 2.29447E-1 8.61944E-2 2.84389E-2 2.54835E-2 2.8574E-2 5.18749E-2 2.49941E-2 5.15442E-2 4.66231E-2 5.07332E-3 3.56409E-6 1.29559E-6 7.99613E-5 1.91934E-3 7.85097E-3 2.33444E-3 1.21568E-5 4.07723E-6 1.59126E-6 1.99428E-7 1.05914E-9 1.36061E-10 1.32756E-9 7.76402E-10 1.84447E-9 1.87704E-8 1.31208E-10 1.94624E-9 3.57743E-10 5.47953E-11 9.64282E-9
3.36976E-7 1.26797E-6 4.75423E-7 1.21596E-7 9.86419E-7 1.36429E-6 3.60813E-6 1.49875E-5 6.84956E-5 5.28214E-5 4.23621E-5 5.38287E-5 1.23727E-4 1.67529E-4 7.82968E-5 6.21796E-5 2.05717E-3 1.92683E-2 3.50328E-2 5.77142E-2 4.86234E-2 2.44659E-2 4.51258E-2 5.96539E-2 1.33732E-1 1.93643E-1 2.63481E-1 2.30132E-1 2.22128E-1 2.80146E-1 2.74903E-1 2.51107E-1 2.56201E-1 2.64917E-1 2.38569E-1 1.46234E-1 8.2686E-2 6.94838E-2 4.98964E-2 5.34079E-2 7.0452E-2 9.22305E-2 7.55584E-2 1.96646E-2 1.80914E-4 5.9855E-7 2.94766E-6 6.054E-5 2.56638E-4 2.60922E-4 1.79603E-5 4.32298E-6 2.90086E-5 1.1829E-6 2.26902E-8 2.63919E-9 5.70407E-10 5.7438E-10 7.09267E-9 3.21494E-8 2.84406E-9 2.28972E-10 1.25326E-9 7.89657E-11 5.14679E-10
1.56602E-6 8.29115E-7 1.04057E-6 4.12555E-7 8.32718E-7 6.78115E-7 7.05106E-6 4.54357E-5 1.20052E-4 1.44058E-4 1.09438E-4 2.19688E-4 2.46592E-4 5.42041E-5 3.51592E-4 6.05635E-4 8.34917E-3 3.09034E-2 5.27118E-2 5.99486E-2 7.81532E-2 9.66837E-2 1.1645E-1 1.30801E-1 1.74322E-1 2.55405E-1 3.19364E-1 3.12952E-1 2.95141E-1 3.00315E-1 2.86728E-1 2.69713E-1 2.78992E-1 2.71172E-1 2.67133E-1 2.57542E-1 1.85945E-1 1.54384E-1 1.28779E-1 8.47029E-2 5.14242E-2 6.88238E-2 8.60583E-2 5.85154E-2 1.56766E-2 7.94014E-5 2.20378E-4 2.07817E-5 8.82044E-6 4.54529E-5 6.56901E-6 7.22451E-5 4.25438E-4 7.90027E-5 4.58445E-7 5.33008E-7 1.14831E-7 3.7463E-10 3.7293E-10 2.74824E-8 2.9014E-10 1.57288E-9 5.16218E-10 5.19027E-10 2.92361E-10
9.51191E-7 6.93265E-7 2.30043E-6 2.15624E-6 2.72751E-6 1.33388E-5 4.72218E-5 9.60216E-5 1.37294E-4 1.27992E-4 1.89631E-4 2.21833E-4 8.88688E-5 4.0046E-5 3.84379E-4 2.72876E-3 1.5985E-2 2.91353E-2 3.6244E-2 7.23213E-2 1.01768E-1 1.27258E-1 1.33671E-1 1.83467E-1 2.22786E-1 2.47294E-1 2.64554E-1 2.76839E-1 2.99371E-1 2.80984E-1 2.83472E-1 2.93021E-1 2.90304E-1 3.0749E-1 3.34283E-1 3.07456E-1 2.69328E-1 2.58872E-1 2.40933E-1 1.32902E-1 6.30261E-2 5.39871E-2 1.08669E-1 1.09132E-1 8.00888E-2 2.50844E-2 7.73654E-3 8.08426E-4 6.8991E-4 3.70604E-4 2.85296E-5 2.49066E-5 1.9552E-4 3.00186E-5 1.29694E-5 9.63915E-6 4.00418E-8 7.35186E-9 3.07823E-10 1.22036E-9 4.08759E-9 3.35007E-9 4.91548E-9 2.30689E-9 1.54214E-9
1.41383E-6 2.13674E-6 7.52923E-6 6.00976E-6 1.27362E-5 3.76577E-5 7.73838E-5 1.03048E-4 7.34534E-5 6.98477E-5 1.69944E-4 1.52386E-4 6.9467E-5 1.29145E-4 3.19598E-4 1.07471E-3 4.32545E-3 2.38711E-2 5.88736E-2 1.00013E-1 1.29448E-1 1.57705E-1 1.8206E-1 2.15952E-1 2.29097E-1 1.7208E-1 1.73479E-1 2.50312E-1 3.06935E-1 3.0379E-1 3.03066E-1 2.89306E-1 2.96054E-1 3.04056E-1 3.13442E-1 3.0179E-1 3.0306E-1 3.05593E-1 2.97995E-1 2.28674E-1 1.37206E-1 8.41528E-2 9.7648E-2 8.90723E-2 4.7312E-2 2.76337E-2 3.07336E-3 2.06035E-3 7.35119E-4 1.28095E-4 1.05605E-4 1.3308E-4 5.29619E-5 2.5914E-5 1.1919E-5 2.94183E-6 1.46705E-5 8.88263E-8 5.0316E-9 3.30634E-10 5.46365E-10 2.09494E-9 1.14362E-9 2.92413E-9 1.01784E-9
3.81004E-6 2.64484E-5 8.90504E-6 1.42857E-5 3.04426E-5 5.8591E-5 8.49327E-5 7.60054E-5 8.96538E-5 1.78101E-4 1.20625E-4 8.12003E-5 1.72856E-4 4.41276E-4 1.83286E-3 5.4701E-3 1.51742E-2 2.54668E-2 7.26487E-2 1.165E-1 1.46368E-1 1.69988E-1 1.941E-1 2.19614E-1 2.08934E-1 2.61759E-1 2.91192E-1 2.92694E-1 2.89648E-1 2.81669E-1 2.76006E-1 2.58829E-1 2.60608E-1 2.62405E-1 2.60466E-1 2.87605E-1 3.20796E-1 3.61547E-1 3.68094E-1 3.35211E-1 2.66501E-1 1.92375E-1 1.38117E-1 9.13289E-2 3.55845E-2 6.1184E-3 5.5931E-4 1.15095E-4 6.04408E-6 1.18645E-5 1.23284E-5 4.54065E-6 5.52254E-6 5.2231E-6 6.24397E-6 1.73174E-5 1.15556E-5 4.52476E-7 1.87321E-8 1.43049E-8 6.73646E-10 5.86029E-10 1.6015E-9 7.62642E-9 1.28465E-9
1.9901E-5 6.10636E-5 3.64658E-5 5.99574E-5 8.32439E-5 8.42573E-5 1.10886E-4 1.32827E-4 1.88044E-4 1.74423E-4 6.84285E-5 1.73256E-4 2.23257E-4 9.03164E-4 6.07446E-4 1.12507E-3 8.27746E-4 7.2712E-3 3.62049E-2 8.74427E-2 1.42835E-1 1.67313E-1 1.90153E-1 2.07223E-1 2.13906E-1 2.50397E-1 2.72213E-1 2.7601E-1 2.39608E-1 2.63911E-1 2.45343E-1 2.20382E-1 2.06126E-1 1.97697E-1 1.98921E-1 2.24129E-1 2.68058E-1 3.6755E-1 4.12432E-1 4.16033E-1 3.76536E-1 3.3438E-1 2.77094E-1 1.91499E-1 9.12618E-2 2.72591E-2 5.26304E-3 5.6527E-4 8.8437E-6 1.20997E-7 2.74133E-6 3.84583E-7 1.19312E-7 4.8945E-9 6.44329E-10 3.49306E-7 5.64759E-6 1.39141E-6 1.14479E-6 1.16571E-8 1.10573E-8 2.98725E-8 1.28977E-9 6.73646E-10 1.56511E-9
1.50277E-4 6.81416E-5 1.20404E-4 1.0546E-4 8.75331E-5 1.35519E-4 1.65291E-4 1.83641E-4 1.96611E-4 1.59863E-4 2.66733E-4 6.87316E-4 4.11573E-4 7.84017E-4 2.90242E-4 3.77729E-4 1.83789E-3 1.0777E-2 3.34613E-2 5.18404E-2 1.3003E-1 1.62591E-1 1.74664E-1 1.91499E-1 2.05538E-1 2.25833E-1 2.52534E-1 2.60083E-1 2.53676E-1 1.88002E-1 1.60458E-1 1.54633E-1 2.08374E-1 2.4937E-1 2.91864E-1 3.06935E-1 3.48591E-1 3.91738E-1 4.21561E-1 4.36462E-1 4.44958E-1 4.34523E-1 4.12708E-1 3.4852E-1 2.46652E-1 2.11164E-1 9.61429E-2 2.31253E-2 1.90038E-3 1.54399E-5 1.21122E-7 6.67734E-9 4.90103E-10 1.07692E-12 5.25313E-15 2.38361E-10 4.83176E-6 1.08026E-6 3.74053E-7 2.11856E-6 8.47627E-7 9.22261E-8 1.52509E-9 2.37654E-9 9.16685E-10
1.12167E-4 2.37808E-4 1.82667E-4 7.36506E-5 1.33618E-4 1.88662E-4 1.9762E-4 1.65922E-4 1.81732E-4 2.24469E-4 3.72383E-4 1.29627E-3 1.19422E-3 7.10494E-4 1.11216E-3 3.74836E-3 6.93086E-3 2.69819E-2 7.07389E-2 1.02677E-1 1.31636E-1 1.49062E-1 1.59224E-1 1.57298E-1 1.6117E-1 1.90901E-1 2.16026E-1 2.31409E-1 2.40697E-1 2.37325E-1 2.10118E-1 2.66582E-1 3.14037E-1 3.13166E-1 3.04635E-1 2.91203E-1 3.14409E-1 3.4818E-1 3.86445E-1 4.15166E-1 4.32253E-1 4.42218E-1 4.37457E-1 4.32576E-1 3.87196E-1 3.95987E-1 3.27617E-1 1.71582E-1 5.92106E-2 1.16197E-2 4.97885E-4 2.89774E-6 5.15695E-8 2.30634E-13 2.0026E-17 2.07562E-10 7.24636E-10 1.64434E-6 2.27514E-6 1.28253E-6 3.60545E-6 1.27301E-6 5.53323E-9 2.96395E-8 9.02392E-9
5.79297E-4 3.35076E-4 1.55203E-4 2.15321E-4 1.91313E-4 1.59324E-4 1.2663E-4 1.39531E-4 1.5499E-4 1.3856E-4 2.73503E-4 9.78065E-4 3.74834E-3 3.30853E-3 6.81468E-3 1.73136E-2 2.14469E-2 4.21764E-2 7.85841E-2 1.1171E-1 1.25163E-1 1.38246E-1 1.40847E-1 1.46698E-1 1.48766E-1 1.72241E-1 1.80612E-1 1.92672E-1 2.06334E-1 2.28841E-1 2.54592E-1 2.803E-1 3.01242E-1 3.00341E-1 2.88696E-1 2.82382E-1 2.87438E-1 3.14555E-1 3.39437E-1 3.76385E-1 4.00695E-1 4.14507E-1 4.32253E-1 4.35662E-1 4.2901E-1 4.25161E-1 4.04322E-1 3.32227E-1 2.31198E-1 9.9955E-2 1.99157E-2 7.65465E-4 2.17541E-6 4.351E-10 1.63026E-19 2.0959E-22 3.19257E-9 1.39116E-6 4.757E-6 1.09297E-6 2.43608E-6 4.26049E-6 1.27474E-7 2.54846E-8 1.04675E-9
6.09699E-4 2.0624E-4 2.64835E-4 1.99875E-4 1.38051E-4 1.17468E-4 1.29346E-4 2.0419E-4 2.12982E-4 3.57429E-4 6.15915E-4 4.94393E-4 4.91804E-3 1.0509E-2 1.66769E-2 2.84418E-2 4.76304E-2 5.55542E-2 9.19075E-2 1.1E-1 1.20011E-1 1.25664E-1 1.35007E-1 1.37055E-1 1.39812E-1 1.43063E-1 1.50439E-1 1.59263E-1 1.70924E-1 1.88323E-1 2.14671E-1 2.43127E-1 2.73612E-1 2.82913E-1 2.8365E-1 2.64415E-1 2.5922E-1 2.77699E-1 2.94511E-1 3.25653E-1 3.60592E-1 3.9169E-1 4.26418E-1 4.33284E-1 4.28814E-1 4.29148E-1 4.1567E-1 3.94809E-1 3.31937E-1 2.11604E-1 8.63253E-2 1.72905E-2 2.39704E-4 1.25622E-7 7.91743E-12 7.907E-21 1.46014E-25 2.23996E-18 2.61552E-10 7.61879E-7 2.23281E-8 1.3037E-6 3.10377E-6 2.97117E-8 1.82589E-9
3.7585E-4 2.90955E-4 2.24469E-4 3.48598E-4 2.38895E-4 2.08574E-4 2.43663E-4 3.1186E-4 4.81322E-4 6.19213E-4 1.10501E-3 1.06617E-3 2.8064E-3 1.29201E-2 2.36131E-2 2.6996E-2 3.67389E-2 2.5594E-2 8.0546E-2 1.00854E-1 1.124E-1 1.19008E-1 1.22254E-1 1.20011E-1 1.20011E-1 1.2113E-1 1.20949E-1 1.31461E-1 1.42247E-1 1.51686E-1 1.76213E-1 2.09052E-1 2.3422E-1 2.44556E-1 2.46153E-1 2.34337E-1 2.37868E-1 2.40544E-1 2.6447E-1 2.91192E-1 3.31754E-1 3.81371E-1 4.24117E-1 4.3881E-1 4.36975E-1 4.29148E-1 4.08698E-1 3.97E-1 3.63557E-1 2.96172E-1 1.88222E-1 8.39924E-2 3.92091E-3 4.73452E-6 1.23907E-10 9.21463E-12 4.55412E-18 2.48859E-16 6.35286E-13 1.09447E-10 1.80353E-9 1.48546E-8 2.78145E-6 2.91249E-7 3.74749E-8
2.8681E-4 4.51618E-4 7.74587E-4 3.75462E-4 4.40764E-4 4.17942E-4 5.13832E-4 5.51045E-4 7.38193E-4 1.00474E-3 1.62249E-3 1.71521E-3 3.71137E-3 4.7208E-3 1.99608E-2 2.5144E-2 1.85511E-2 1.25948E-2 7.00616E-2 9.59312E-2 1.01887E-1 1.08119E-1 1.08119E-1 1.04981E-1 9.21155E-2 9.40251E-2 9.89104E-2 1.08101E-1 1.14506E-1 1.25664E-1 1.46729E-1 1.72241E-1 1.98107E-1 2.15857E-1 2.16923E-1 2.11528E-1 2.05903E-1 2.25049E-1 2.41375E-1 2.68521E-1 3.09352E-1 3.62768E-1 4.15062E-1 4.46546E-1 4.37601E-1 4.20267E-1 3.96392E-1 3.76915E-1 3.72655E-1 3.40362E-1 2.74134E-1 1.99099E-1 5.00275E-2 1.29957E-4 4.80721E-10 8.58822E-10 1.48887E-8 1.56746E-10 7.28902E-11 2.80658E-8 1.14412E-8 7.49437E-8 6.41168E-8 1.45604E-6 1.25643E-7
1.05303E-3 9.54547E-4 7.33571E-4 6.02155E-4 6.36449E-4 7.19331E-4 7.30283E-4 8.28488E-4 1.0076E-3 1.3028E-3 2.20058E-3 2.57896E-3 3.16744E-3 6.19376E-3 1.41146E-2 2.07446E-2 6.3912E-3 5.70819E-3 5.17984E-2 8.30754E-2 9.87631E-2 9.96424E-2 9.47883E-2 9.09193E-2 8.10283E-2 8.10283E-2 8.54924E-2 9.2016E-2 1.01887E-1 1.10247E-1 1.23385E-1 1.49676E-1 1.72241E-1 1.94027E-1 2.10476E-1 2.04943E-1 2.02148E-1 2.0884E-1 2.18275E-1 2.4546E-1 2.88555E-1 3.48945E-1 4.08848E-1 4.53122E-1 4.46218E-1 4.20817E-1 4.00228E-1 3.83243E-1 3.8995E-1 3.7759E-1 3.46929E-1 2.90655E-1 1.67946E-1 3.85729E-2 1.87209E-3 2.97916E-4 2.08698E-5 5.01435E-5 2.56289E-6 3.5503E-7 3.611E-8 5.96577E-9 3.64493E-8 5.73844E-7 1.6071E-6
1.26255E-3 1.02148E-3 7.87861E-4 5.8029E-4 4.99286E-4 5.95941E-4 7.66507E-4 7.95375E-4 1.23209E-3 1.50533E-3 1.87147E-3 1.73267E-3 2.63295E-3 8.50157E-3 1.95725E-2 1.303E-2 7.5055E-3 1.08102E-2 3.5142E-2 8.06638E-2 9.28406E-2 8.9779E-2 8.95506E-2 8.67093E-2 7.88348E-2 7.71052E-2 7.88348E-2 8.08273E-2 8.71565E-2 9.47883E-2 1.10235E-1 1.25836E-1 1.53459E-1 1.89295E-1 2.10454E-1 2.24398E-1 2.2135E-1 2.11751E-1 2.04943E-1 2.26863E-1 2.65603E-1 3.16629E-1 3.76021E-1 4.16528E-1 4.2386E-1 4.21948E-1 4.10065E-1 4.1142E-1 4.12325E-1 4.09282E-1 3.86868E-1 3.55777E-1 3.12493E-1 2.0986E-1 6.19353E-2 2.29713E-2 4.23727E-3 1.22577E-3 1.69042E-4 1.30578E-6 2.88207E-7 1.01162E-6 3.12998E-6 8.87378E-6 1.08036E-6
9.6702E-4 8.69531E-4 6.94175E-4 6.41235E-4 6.04147E-4 6.53582E-4 8.2439E-4 9.85905E-4 8.38189E-4 1.10501E-3 1.3989E-3 2.16657E-3 4.67315E-3 1.15996E-2 1.18002E-2 7.92906E-3 8.94217E-3 1.46689E-2 2.55653E-2 7.42083E-2 8.65396E-2 8.83254E-2 8.73741E-2 8.18132E-2 7.68208E-2 7.51119E-2 7.09582E-2 7.25994E-2 7.37265E-2 7.88348E-2 9.07349E-2 1.10235E-1 1.4162E-1 1.87409E-1 2.2896E-1 2.52199E-1 2.40264E-1 2.14636E-1 1.99472E-1 2.11861E-1 2.44076E-1 2.76588E-1 3.24322E-1 3.52818E-1 3.73368E-1 3.86624E-1 3.98639E-1 4.02838E-1 4.20947E-1 4.37621E-1 4.25709E-1 4.13386E-1 4.24327E-1 3.71592E-1 2.51343E-1 7.71818E-2 4.3177E-2 5.18288E-3 3.26362E-4 1.1425E-5 7.03765E-5 5.88817E-5 2.03571E-6 4.39313E-7 2.54639E-6
5.14135E-4 5.19184E-4 5.68822E-4 3.82452E-4 5.14135E-4 7.14698E-4 8.76487E-4 8.41499E-4 1.22888E-3 1.89241E-3 2.1767E-3 2.21767E-3 6.04249E-3 1.11902E-2 7.23811E-3 8.53758E-3 9.89227E-3 2.50418E-2 3.36754E-2 7.31603E-2 8.14189E-2 8.54925E-2 8.3312E-2 8.23925E-2 7.87851E-2 6.98111E-2 6.82065E-2 6.66289E-2 6.3904E-2 6.61956E-2 7.42676E-2 9.46263E-2 1.28388E-1 1.82603E-1 2.49585E-1 2.77688E-1 2.46373E-1 2.11857E-1 1.97921E-1 2.00689E-1 2.16026E-1 2.46895E-1 2.68357E-1 2.95552E-1 3.11898E-1 3.58485E-1 4.03524E-1 4.11872E-1 4.18576E-1 4.39757E-1 4.45829E-1 4.5293E-1 4.51684E-1 4.07394E-1 3.15752E-1 2.31452E-1 1.20689E-1 3.90724E-2 1.67054E-3 9.78376E-5 4.26216E-5 7.80075E-6 1.66382E-5 1.00973E-6 3.62583E-6
4.83862E-4 6.09975E-4 5.85793E-4 2.29002E-4 7.00898E-4 1.79446E-3 3.2851E-3 2.76746E-3 2.19379E-3 2.63673E-3 4.23348E-3 5.48909E-3 9.21141E-3 7.77963E-3 7.30662E-3 7.67152E-3 1.66031E-2 2.45761E-2 2.57775E-2 6.21192E-2 7.65381E-2 8.3312E-2 8.16282E-2 7.93035E-2 7.40491E-2 6.78374E-2 6.39378E-2 6.09399E-2 5.80488E-2 5.66428E-2 6.13185E-2 7.94354E-2 1.10071E-1 1.63956E-1 2.60279E-1 2.82806E-1 2.33361E-1 1.99027E-1 1.85172E-1 1.84255E-1 1.96541E-1 2.16081E-1 2.272E-1 2.44854E-1 2.90176E-1 3.65992E-1 4.09705E-1 4.06078E-1 4.10411E-1 4.31465E-1 4.48165E-1 4.63106E-1 4.58776E-1 4.19841E-1 3.78858E-1 3.20433E-1 2.65654E-1 1.24084E-1 1.72905E-2 9.54815E-5 5.45372E-6 4.49992E-6 1.02288E-6 9.70247E-7 3.30974E-7
4.04865E-3 2.43116E-3 7.36527E-4 8.87527E-4 2.17093E-3 2.01443E-3 2.6941E-3 4.56776E-3 4.18183E-3 4.28696E-3 5.30136E-3 5.9835E-3 6.9248E-3 8.41716E-3 1.03268E-2 1.38264E-2 2.39728E-2 3.1444E-2 1.83428E-2 6.65158E-2 7.49068E-2 7.7901E-2 7.66718E-2 7.36326E-2 7.02668E-2 6.7015E-2 6.20226E-2 5.83574E-2 5.55454E-2 5.21777E-2 5.39087E-2 7.61538E-2 9.72028E-2 1.39462E-1 1.99777E-1 2.15149E-1 1.85397E-1 1.66988E-1 1.6566E-1 1.69013E-1 1.75678E-1 1.84255E-1 1.95164E-1 2.13248E-1 2.65603E-1 3.39299E-1 3.71257E-1 3.78397E-1 3.84294E-1 4.139E-1 4.48078E-1 4.71423E-1 4.74208E-1 4.54653E-1 4.59335E-1 4.0924E-1 3.41045E-1 2.50169E-1 9.97959E-2 2.32214E-3 2.57975E-7 3.03097E-8 1.76664E-8 2.0192E-8 1.55231E-10
3.88427E-3 1.95464E-3 9.8652E-4 3.51284E-4 2.55238E-4 7.66207E-4 1.94265E-3 2.42279E-3 2.59785E-3 2.90432E-3 3.64449E-3 6.15514E-3 9.52444E-3 1.31113E-2 1.63846E-2 2.27276E-2 3.3099E-2 4.188E-2 3.9542E-2 7.03531E-2 7.24593E-2 7.66442E-2 6.98165E-2 6.73654E-2 6.41971E-2 6.49786E-2 6.18951E-2 6.03954E-2 5.72169E-2 5.44331E-2 6.08479E-2 7.06883E-2 8.99483E-2 1.13253E-1 1.41983E-1 1.50752E-1 1.48175E-1 1.40381E-1 1.44117E-1 1.53026E-1 1.6566E-1 1.74337E-1 1.81081E-1 1.92419E-1 2.56025E-1 3.12037E-1 3.38073E-1 3.54213E-1 3.56622E-1 3.83942E-1 4.39341E-1 4.78286E-1 4.79204E-1 4.78182E-1 4.79469E-1 4.71E-1 4.21894E-1 3.53635E-1 2.13717E-1 5.28562E-2 2.86089E-4 1.35578E-9 8.07271E-14 1.90451E-13 6.42607E-15
1.43623E-3 1.09284E-3 1.01434E-3 6.15982E-4 1.90652E-4 2.46391E-4 1.14933E-3 2.75133E-3 4.00679E-3 4.99939E-3 7.68467E-3 1.31157E-2 1.67705E-2 1.91786E-2 2.17216E-2 2.45761E-2 2.96998E-2 3.52509E-2 3.68008E-2 6.76758E-2 7.32165E-2 7.15179E-2 6.68863E-2 6.29445E-2 6.21776E-2 6.21776E-2 6.29445E-2 6.44997E-2 6.21776E-2 5.81977E-2 6.15946E-2 6.86267E-2 8.11123E-2 9.38973E-2 1.11949E-1 1.18946E-1 1.16755E-1 1.13465E-1 1.17942E-1 1.31863E-1 1.5432E-1 1.77767E-1 1.87409E-1 1.93447E-1 2.43127E-1 3.0694E-1 3.37877E-1 3.33946E-1 3.05557E-1 3.28652E-1 4.11351E-1 4.65622E-1 4.84469E-1 4.88141E-1 4.8686E-1 4.84767E-1 4.64789E-1 4.16782E-1 2.42477E-1 1.03237E-1 1.60581E-2 8.40438E-5 6.57492E-9 7.03009E-12 1.49844E-11
1.48387E-3 1.68339E-4 1.88352E-3 5.06933E-3 6.51304E-3 3.18586E-3 1.90644E-3 3.61274E-3 7.58017E-3 1.07783E-2 1.27652E-2 1.93892E-2 2.78918E-2 2.72456E-2 2.93436E-2 2.68535E-2 2.39052E-2 4.07272E-2 2.76312E-2 7.81286E-2 7.5703E-2 6.68863E-2 5.94195E-2 6.01644E-2 5.94195E-2 6.01644E-2 6.55784E-2 6.80075E-2 6.63808E-2 6.37185E-2 6.26555E-2 6.65626E-2 7.36326E-2 8.44247E-2 9.25721E-2 9.79605E-2 9.92526E-2 1.0133E-1 1.04685E-1 1.19077E-1 1.43088E-1 1.63519E-1 1.71592E-1 1.86021E-1 2.45151E-1 3.08428E-1 3.42695E-1 3.4534E-1 2.95652E-1 3.08428E-1 3.94289E-1 4.41686E-1 4.66651E-1 4.87391E-1 4.64603E-1 4.84235E-1 4.51125E-1 3.97972E-1 3.10289E-1 1.9286E-1 8.43137E-2 1.64789E-2 4.02218E-5 6.19966E-7 8.28009E-9
