KUENM/Final_Models/M_0.1_F_lq_Set_2_EC/sp1_0.asc
ncols         197
nrows         210
xllcorner     56.1666666666667
yllcorner     4.5
cellsize      0.166666666666667
NODATA_value  -9999
[rows 84 to 111 of 210, columns 130 to 194 of 197]
4.46216E-1 4.56727E-1 4.07161E-1 3.66783E-1 3.75412E-1 4.5463E-1 4.80707E-1 5.13794E-1 4.44238E-1 4.27752E-1 4.55075E-1 5.1237E-1 5.77775E-1 5.46E-1 4.22409E-1 3.37935E-1 4.25005E-1 4.82507E-1 4.93667E-1 4.51589E-1 4.35334E-1 4.24278E-1 3.82633E-1 3.25867E-1 2.96173E-1 3.23521E-1 3.43997E-1 3.32729E-1 3.17282E-1 2.81716E-1 2.3812E-1 2.12494E-1 2.1092E-1 2.40009E-1 2.72048E-1 2.94449E-1 3.56987E-1 4.07724E-1 3.29238E-1 2.96183E-1 2.84075E-1 3.24014E-1 3.58334E-1 3.78802E-1 3.98916E-1 4.53112E-1 3.9498E-1 2.87156E-1 2.70071E-1 3.1607E-1 2.49673E-1 1.83444E-1 9.9506E-2 5.04034E-2 4.41275E-2 2.94318E-2 1.47467E-2 8.62326E-3 1.13277E-2 9.74452E-3 2.90375E-3 5.70266E-4 1.808E-4 1.79534E-4 2.70414E-5
4.00687E-1 4.07003E-1 3.78989E-1 3.81869E-1 4.25034E-1 4.70819E-1 4.55265E-1 4.32407E-1 3.82664E-1 3.72393E-1 3.96902E-1 4.33001E-1 5.04567E-1 4.42196E-1 3.16812E-1 2.78909E-1 4.35196E-1 4.62145E-1 3.18216E-1 3.62986E-1 3.79938E-1 3.55587E-1 3.55587E-1 3.66783E-1 3.88508E-1 3.5493E-1 3.44708E-1 3.31578E-1 2.9885E-1 3.04011E-1 3.16486E-1 2.58238E-1 2.97743E-1 3.25491E-1 3.13565E-1 2.94526E-1 3.27675E-1 3.86404E-1 3.64172E-1 3.06718E-1 2.84123E-1 3.29421E-1 3.8301E-1 3.99867E-1 4.14769E-1 4.24022E-1 3.58711E-1 2.63521E-1 3.11824E-1 4.30432E-1 3.11606E-1 1.67563E-1 6.59437E-2 3.29799E-2 7.45151E-2 6.32161E-2 2.07103E-2 5.29019E-3 1.23956E-2 1.37245E-2 5.89089E-3 1.35987E-3 3.92381E-4 2.78327E-4 4.37443E-5
3.39948E-1 3.42371E-1 3.46577E-1 3.36156E-1 3.5493E-1 3.68426E-1 3.55743E-1 3.19395E-1 2.51923E-1 1.88305E-1 2.31733E-1 3.2784E-1 3.80047E-1 2.94984E-1 2.14073E-1 2.5333E-1 3.63405E-1 3.64093E-1 3.12581E-1 3.5838E-1 3.45697E-1 3.12623E-1 3.109E-1 3.8096E-1 4.67946E-1 4.47636E-1 3.72683E-1 3.28649E-1 2.83037E-1 2.36484E-1 1.95448E-1 2.68373E-1 3.61765E-1 3.87714E-1 3.18789E-1 3.41632E-1 3.32913E-1 3.11993E-1 3.01497E-1 2.82352E-1 2.99668E-1 3.53966E-1 3.66104E-1 3.57442E-1 4.11849E-1 4.52947E-1 3.38146E-1 2.72062E-1 2.92789E-1 3.17193E-1 2.29487E-1 1.53514E-1 1.11873E-1 7.77354E-2 1.14379E-1 1.00582E-1 4.05881E-2 1.35254E-2 1.18584E-2 1.23699E-2 7.68677E-3 3.30083E-3 1.06132E-3 4.35356E-4 9.0545E-5
2.99083E-1 2.90603E-1 2.56885E-1 2.07091E-1 2.25934E-1 2.48125E-1 2.59028E-1 2.61871E-1 2.00634E-1 1.4651E-1 1.44588E-1 2.36204E-1 3.02365E-1 1.73273E-1 9.9506E-2 1.59999E-1 2.30993E-1 2.51492E-1 2.59546E-1 2.85166E-1 2.64907E-1 2.42478E-1 2.42665E-1 3.03967E-1 4.19348E-1 4.27752E-1 3.87618E-1 3.33849E-1 2.84853E-1 2.49391E-1 2.49391E-1 3.25709E-1 4.53395E-1 5.59336E-1 4.60939E-1 2.99473E-1 2.53341E-1 2.2032E-1 2.18272E-1 2.59836E-1 3.08432E-1 3.10187E-1 2.49654E-1 2.37927E-1 3.10242E-1 3.32913E-1 3.06718E-1 3.15446E-1 3.20531E-1 2.68373E-1 1.93803E-1 1.6616E-1 1.92385E-1 1.96647E-1 1.99868E-1 1.49707E-1 7.07794E-2 1.23956E-2 5.53928E-3 5.24615E-3 5.46577E-3 4.49318E-3 2.08974E-3 8.12987E-4 2.85355E-4
2.92202E-1 2.44539E-1 1.68514E-1 1.01604E-1 1.22445E-1 1.60238E-1 2.04805E-1 2.19761E-1 1.98735E-1 1.41134E-1 1.27443E-1 1.75281E-1 1.93399E-1 1.086E-1 7.70294E-2 1.08249E-1 1.75047E-1 2.01013E-1 2.05307E-1 2.02279E-1 1.67534E-1 1.37082E-1 1.63325E-1 2.26789E-1 2.89513E-1 3.07416E-1 3.42741E-1 3.30176E-1 2.89576E-1 2.63845E-1 2.66028E-1 3.13611E-1 4.17155E-1 4.77714E-1 3.68791E-1 2.73299E-1 2.00967E-1 1.62916E-1 1.53022E-1 2.34837E-1 2.89295E-1 2.94517E-1 1.99569E-1 1.79903E-1 2.28428E-1 2.30063E-1 2.56691E-1 3.5323E-1 3.22801E-1 2.42076E-1 1.77527E-1 1.45882E-1 1.84241E-1 2.31907E-1 1.90413E-1 1.2826E-1 4.42601E-2 3.1791E-3 1.78598E-3 5.44189E-3 4.99222E-3 4.16434E-3 2.97261E-3 1.48184E-3 6.94218E-4
3.14527E-1 2.36511E-1 1.46756E-1 8.16158E-2 7.39862E-2 9.65167E-2 1.49353E-1 2.19193E-1 1.79573E-1 1.06059E-1 9.86814E-2 1.1573E-1 1.1432E-1 9.04507E-2 8.81882E-2 1.084E-1 1.84004E-1 1.67534E-1 1.41412E-1 1.25583E-1 9.53348E-2 8.65579E-2 1.12146E-1 1.56779E-1 2.11033E-1 2.69723E-1 3.27832E-1 3.26171E-1 2.91769E-1 2.6409E-1 2.51015E-1 2.62783E-1 2.92929E-1 2.88064E-1 2.26865E-1 2.04544E-1 2.16743E-1 1.67483E-1 8.37192E-2 1.24644E-1 2.04608E-1 2.99746E-1 2.51655E-1 2.17108E-1 2.25298E-1 2.13827E-1 2.34597E-1 2.86525E-1 2.98963E-1 1.81635E-1 1.14194E-1 7.39076E-2 8.77549E-2 1.09833E-1 9.85067E-2 5.05956E-2 7.47003E-3 3.21554E-4 1.90348E-4 2.37549E-3 3.66105E-3 3.1974E-3 3.56173E-3 2.17688E-3 1.09979E-3
3.16191E-1 2.60679E-1 1.56185E-1 7.72711E-2 6.4677E-2 7.31763E-2 1.06749E-1 1.19956E-1 8.31289E-2 4.29855E-2 5.32055E-2 7.29842E-2 1.20742E-1 1.31295E-1 1.31007E-1 1.31482E-1 1.39557E-1 1.73656E-1 1.43321E-1 9.32525E-2 5.49469E-2 5.81009E-2 8.56546E-2 1.19604E-1 1.63416E-1 2.40532E-1 3.12332E-1 2.89264E-1 2.63633E-1 2.435E-1 2.324E-1 2.31394E-1 2.39428E-1 2.41045E-1 2.39428E-1 2.35954E-1 2.16743E-1 1.45657E-1 8.07208E-2 9.07482E-2 1.52498E-1 1.92385E-1 1.80444E-1 1.96647E-1 2.08353E-1 1.87754E-1 1.92129E-1 1.98033E-1 1.76314E-1 1.283E-1 7.86706E-2 5.05936E-2 4.53365E-2 4.31522E-2 4.26596E-2 2.81672E-2 3.4415E-3 1.33402E-4 6.51297E-5 8.34692E-4 2.20865E-3 2.96597E-3 3.82527E-3 2.47028E-3 1.21893E-3
3.2784E-1 2.51406E-1 1.34167E-1 7.64657E-2 5.05936E-2 4.81984E-2 5.56293E-2 3.81047E-2 1.29542E-2 1.39302E-2 5.11355E-2 1.04539E-1 1.30096E-1 1.39185E-1 1.47037E-1 1.3182E-1 1.16765E-1 1.43748E-1 1.17631E-1 8.26033E-2 6.59713E-2 6.99317E-2 8.4758E-2 9.8092E-2 1.33437E-1 1.89248E-1 2.45637E-1 2.38616E-1 2.09964E-1 2.03943E-1 1.92129E-1 1.84004E-1 1.82079E-1 1.53638E-1 1.5435E-1 1.61602E-1 1.55013E-1 9.14895E-2 6.09309E-2 7.46368E-2 9.14895E-2 9.06474E-2 6.87182E-2 9.8092E-2 1.23594E-1 1.17964E-1 1.45009E-1 1.64353E-1 1.53027E-1 1.07694E-1 7.63725E-2 5.24379E-2 4.10076E-2 3.73927E-2 2.85963E-2 2.13897E-2 4.9657E-3 7.2365E-4 4.4342E-4 1.12598E-3 1.9905E-3 3.26247E-3 3.92854E-3 2.56474E-3 1.04399E-3
2.64637E-1 1.83041E-1 8.88659E-2 5.43319E-2 3.95835E-2 4.31907E-2 3.81175E-2 3.31192E-2 1.98629E-2 3.35169E-2 6.2493E-2 9.94203E-2 8.95258E-2 1.22455E-1 1.50878E-1 1.37775E-1 1.07405E-1 1.07561E-1 9.71398E-2 8.7628E-2 8.65579E-2 9.89215E-2 9.28559E-2 9.01415E-2 1.15417E-1 1.35998E-1 1.60608E-1 1.73547E-1 1.83424E-1 1.70308E-1 1.48789E-1 1.22892E-1 1.21637E-1 1.03724E-1 9.47705E-2 9.81288E-2 1.06749E-1 1.18817E-1 1.37659E-1 1.01311E-1 7.78277E-2 5.12161E-2 4.49924E-2 4.64359E-2 3.36113E-2 2.83379E-2 4.69911E-2 8.50009E-2 1.01447E-1 6.17798E-2 5.17115E-2 5.23355E-2 3.56617E-2 3.06808E-2 2.19259E-2 1.40153E-2 6.39851E-3 3.01721E-3 2.35089E-3 2.0087E-3 1.23469E-3 1.62142E-3 3.43855E-3 2.77478E-3 1.04574E-3
1.23612E-1 8.42825E-2 4.87394E-2 3.18178E-2 3.06174E-2 3.31192E-2 3.71651E-2 5.83078E-2 5.36913E-2 2.75134E-2 6.39083E-2 9.71398E-2 7.97897E-2 8.83076E-2 1.05131E-1 9.93951E-2 9.0035E-2 7.61618E-2 7.05385E-2 7.53388E-2 9.0035E-2 1.02406E-1 9.07265E-2 7.40359E-2 7.45165E-2 7.37477E-2 1.02299E-1 9.17381E-2 1.21342E-1 1.07106E-1 8.38386E-2 7.01285E-2 6.66225E-2 5.58182E-2 5.3296E-2 5.20688E-2 6.85424E-2 1.19077E-1 1.43321E-1 7.48147E-2 5.36735E-2 4.16713E-2 4.56713E-2 4.85201E-2 2.36712E-2 1.68139E-2 2.49643E-2 5.09876E-2 5.62987E-2 2.94048E-2 2.33504E-2 3.46909E-2 3.26653E-2 2.70064E-2 1.6785E-2 1.17809E-2 8.62033E-3 7.08853E-3 6.65028E-3 4.88501E-3 1.78902E-3 1.57773E-3 2.705E-3 2.35349E-3 1.13673E-3
6.76622E-2 4.47385E-2 2.86355E-2 2.04244E-2 2.12925E-2 2.34536E-2 3.26932E-2 6.17807E-2 5.62897E-2 2.24773E-2 7.47795E-2 6.97613E-2 4.75484E-2 4.13368E-2 5.13626E-2 4.96895E-2 4.29855E-2 3.62E-2 3.33957E-2 5.13626E-2 7.93582E-2 8.03818E-2 7.4583E-2 5.95393E-2 4.86884E-2 4.6274E-2 4.99281E-2 4.22894E-2 4.36041E-2 5.51E-2 4.64246E-2 3.90163E-2 3.3032E-2 2.83379E-2 3.14899E-2 3.01992E-2 4.02358E-2 4.79401E-2 3.60425E-2 4.03344E-2 4.84034E-2 3.872E-2 4.11208E-2 3.98378E-2 3.52054E-2 3.9536E-2 4.05881E-2 3.34802E-2 3.6917E-2 3.34147E-2 5.42969E-2 3.88752E-2 3.53784E-2 3.08751E-2 1.2366E-2 1.18203E-2 1.26613E-2 1.00849E-2 1.2473E-2 1.30457E-2 5.17658E-3 3.41017E-3 3.35266E-3 2.56788E-3 1.30439E-3
4.20467E-2 2.71764E-2 1.80013E-2 1.39261E-2 1.33388E-2 1.8283E-2 2.90453E-2 3.18178E-2 3.44167E-2 3.95676E-2 4.81984E-2 3.60425E-2 3.34534E-2 2.93882E-2 2.50342E-2 1.81796E-2 1.60686E-2 1.27633E-2 1.62986E-2 3.68773E-2 7.34043E-2 7.6757E-2 5.9774E-2 4.26945E-2 3.05187E-2 2.174E-2 2.00754E-2 1.8272E-2 1.59379E-2 2.24354E-2 1.92456E-2 1.65222E-2 1.40311E-2 1.21569E-2 1.25119E-2 1.49689E-2 1.31965E-2 9.47998E-3 5.85841E-3 6.79818E-3 2.14547E-2 3.07199E-2 2.21437E-2 1.42906E-2 1.26735E-2 1.00602E-2 9.27715E-3 6.94838E-3 1.0142E-2 2.14651E-2 3.27089E-2 4.35572E-2 5.05305E-2 4.71475E-2 2.55612E-2 2.03424E-2 2.55612E-2 9.48217E-3 7.0373E-3 7.73965E-3 6.8163E-3 5.70915E-3 5.17658E-3 3.41017E-3 1.7735E-3
3.26209E-2 2.34421E-2 1.6326E-2 1.43439E-2 1.20341E-2 1.67977E-2 2.40893E-2 2.90453E-2 3.7161E-2 4.26314E-2 3.33245E-2 2.63042E-2 2.19015E-2 1.5639E-2 1.15116E-2 7.17797E-3 5.40212E-3 4.29664E-3 1.16681E-2 3.42594E-2 7.4583E-2 8.67908E-2 5.81948E-2 3.60813E-2 2.58645E-2 2.09841E-2 1.33847E-2 1.04848E-2 8.70743E-3 1.07831E-2 9.83866E-3 8.20802E-3 6.38178E-3 5.31883E-3 5.18022E-3 6.92713E-3 6.64858E-3 7.19634E-3 5.09505E-3 5.3405E-3 1.71719E-2 2.46773E-2 8.79917E-3 4.08762E-3 3.48722E-3 1.69799E-3 3.0942E-3 7.19697E-3 1.02765E-2 1.22625E-2 1.50821E-2 1.98934E-2 3.95475E-2 5.97644E-2 3.85489E-2 2.7213E-2 9.73645E-2 1.86788E-2 8.11398E-3 7.49881E-3 6.8163E-3 7.86267E-3 9.33661E-3 6.09133E-3 3.2403E-3
2.75134E-2 1.84932E-2 2.1199E-2 4.02586E-2 3.65247E-2 3.13665E-2 3.35169E-2 3.26909E-2 3.6162E-2 4.5217E-2 5.10716E-2 3.5743E-2 1.10087E-2 7.18195E-3 3.96609E-3 2.01918E-3 1.44508E-3 1.80165E-3 3.90195E-3 1.45761E-2 3.97998E-2 6.73644E-2 4.61351E-2 2.92196E-2 2.1983E-2 2.13939E-2 1.89541E-2 9.83866E-3 5.75089E-3 5.57702E-3 5.48894E-3 3.90166E-3 2.48283E-3 2.0437E-3 2.40774E-3 3.46065E-3 4.77605E-3 5.4662E-3 5.20816E-3 3.31717E-3 5.17083E-3 7.06768E-3 3.11698E-3 1.27425E-3 1.66327E-3 1.6688E-3 1.23273E-2 2.35569E-2 1.05957E-2 5.24615E-3 8.2769E-3 1.17441E-2 2.55612E-2 5.63255E-2 6.76299E-2 3.05411E-2 6.91941E-2 5.70006E-2 2.61242E-2 1.21037E-2 7.0373E-3 7.0373E-3 1.53494E-2 1.65099E-2 1.0399E-2
1.83767E-2 1.60487E-2 2.05819E-2 3.56612E-2 4.72155E-2 5.60326E-2 6.08317E-2 6.17574E-2 5.96576E-2 7.23481E-2 5.96138E-2 3.21875E-2 1.51898E-2 6.95798E-3 2.32055E-3 6.47095E-4 6.32462E-4 1.1575E-3 2.58857E-3 4.06139E-3 1.01945E-2 1.64544E-2 1.60647E-2 1.79902E-2 1.7492E-2 2.18339E-2 2.68365E-2 1.37335E-2 6.94683E-3 4.16927E-3 3.20234E-3 1.98713E-3 1.02858E-3 7.62853E-4 1.08621E-3 1.52238E-3 2.15232E-3 2.73556E-3 2.06044E-3 1.62731E-3 1.01133E-3 1.44882E-3 1.91925E-3 2.12969E-3 2.75085E-3 4.45128E-3 1.68172E-2 1.8205E-2 8.24233E-3 4.80517E-3 7.41429E-3 1.65099E-2 2.24441E-2 3.98652E-2 5.74287E-2 3.17847E-2 3.91564E-2 7.91614E-2 5.47475E-2 2.95069E-2 1.15679E-2 3.83874E-3 4.24473E-3 8.50452E-3 2.23292E-3
1.28793E-2 1.08164E-2 1.25097E-2 2.25987E-2 4.16966E-2 6.74631E-2 7.8078E-2 8.33715E-2 8.6987E-2 8.50261E-2 6.64611E-2 3.53088E-2 1.87605E-2 5.75089E-3 1.55422E-3 5.47905E-4 6.49227E-4 1.03944E-3 2.52507E-3 5.73762E-3 9.1281E-3 7.02961E-3 2.22182E-3 3.2652E-3 6.63935E-3 1.87305E-2 3.76002E-2 1.98083E-2 8.41376E-3 3.58278E-3 1.91674E-3 1.10727E-3 6.42553E-4 3.59209E-4 3.26309E-4 3.73387E-4 5.47905E-4 9.57607E-4 7.77007E-4 3.39276E-4 1.86602E-4 4.07322E-4 1.4977E-3 3.41359E-3 3.59791E-3 4.37919E-3 6.18017E-3 4.89764E-3 4.28109E-3 4.24473E-3 6.39851E-3 1.28179E-2 1.49057E-2 2.37271E-2 2.65208E-2 2.0363E-2 2.65208E-2 4.42066E-2 4.84775E-2 4.61371E-2 1.31534E-2 1.82126E-3 1.05497E-3 2.6357E-3 3.56822E-4
1.36779E-2 7.18318E-3 5.96531E-3 1.28239E-2 2.48891E-2 3.90724E-2 4.58361E-2 6.59713E-2 6.7787E-2 9.07265E-2 8.0263E-2 4.53412E-2 1.83904E-2 5.40212E-3 1.72713E-3 7.95998E-4 8.09962E-4 1.25615E-3 2.40068E-3 5.08382E-3 7.3626E-3 9.97008E-3 4.00708E-3 1.46055E-3 2.79918E-3 1.14825E-2 2.75163E-2 1.57768E-2 6.52111E-3 2.84432E-3 1.41441E-3 7.38036E-4 5.31524E-4 3.01688E-4 2.34386E-4 3.23128E-4 3.5296E-4 7.09797E-4 8.08709E-4 4.28821E-4 1.99487E-4 3.62385E-4 2.07604E-3 5.53928E-3 5.79722E-3 3.5888E-3 4.42532E-3 5.99367E-3 7.92792E-3 9.41398E-3 1.27659E-2 1.42613E-2 1.07582E-2 1.10533E-2 1.22064E-2 1.03254E-2 1.20237E-2 1.79069E-2 2.0363E-2 1.24861E-2 1.83647E-3 1.07188E-4 1.2879E-5 1.02731E-4 1.39724E-4
1.40153E-2 5.53073E-3 2.38479E-3 1.56104E-3 1.27221E-2 2.68365E-2 1.12E-2 4.49924E-2 5.66093E-2 7.41805E-2 8.8105E-2 4.513E-2 1.62112E-2 4.75287E-3 1.34919E-3 7.90352E-4 6.48925E-4 1.14812E-3 2.82777E-3 6.93299E-3 7.93496E-3 6.17838E-3 4.42399E-3 4.6658E-3 7.04582E-3 8.77456E-3 7.6287E-3 5.62906E-3 1.98714E-3 1.47414E-3 1.02346E-3 9.73116E-4 7.44872E-4 5.56966E-4 5.46416E-4 7.82688E-4 1.7205E-3 3.8761E-3 2.7251E-3 9.03755E-4 4.4381E-4 8.05632E-4 3.35699E-3 5.71238E-3 5.62089E-3 4.85538E-3 4.28109E-3 8.19596E-3 1.30457E-2 1.91718E-2 2.82527E-2 1.6751E-2 1.22037E-2 8.18131E-3 7.98105E-3 5.75163E-3 4.30513E-3 6.28164E-3 8.36696E-3 2.69903E-3 1.86165E-4 1.2879E-5 1.98541E-6 3.85069E-6 -9999
3.55201E-2 1.57396E-2 1.90702E-3 2.25791E-6 3.71761E-3 6.22228E-4 1.94562E-3 3.45825E-2 6.37761E-2 6.99295E-2 6.3005E-2 3.61094E-2 1.23956E-2 3.02196E-3 1.04235E-3 5.52477E-4 5.16563E-4 1.1067E-3 3.34754E-3 7.56667E-3 1.50628E-2 1.94376E-2 2.06166E-2 1.29112E-2 1.00116E-2 1.20222E-2 7.07735E-3 2.67495E-3 5.91893E-4 7.81699E-4 1.02151E-3 1.27913E-3 1.25714E-3 9.61634E-4 8.36284E-4 1.45537E-3 2.74059E-3 3.91635E-3 2.56117E-3 1.3886E-3 9.79351E-4 1.24476E-3 2.2917E-3 2.89433E-3 3.69883E-3 4.72031E-3 3.95282E-3 5.44536E-3 6.91369E-3 9.22862E-3 8.00335E-3 1.06959E-2 1.08956E-2 8.57251E-3 6.33863E-3 3.17471E-3 1.08811E-3 2.28262E-3 6.23718E-3 1.15463E-3 1.9802E-4 7.13358E-5 2.92035E-5 1.10903E-5 -9999
1.05795E-1 5.76253E-2 3.2563E-3 2.38145E-4 3.1984E-5 8.51519E-4 1.58608E-2 6.19019E-2 8.1888E-2 5.28753E-2 2.50342E-2 1.72782E-2 6.3801E-3 1.29013E-3 7.06491E-4 4.06016E-4 4.17435E-4 1.39254E-3 4.30711E-3 1.12E-2 4.37272E-2 5.55451E-2 4.31635E-2 2.91546E-2 2.02899E-2 1.31534E-2 7.86559E-3 3.64936E-3 1.96743E-3 1.47592E-3 1.2559E-3 1.51371E-3 1.52214E-3 1.23469E-3 8.38267E-4 1.22774E-3 2.18606E-3 2.48005E-3 1.60445E-3 9.26779E-4 6.21858E-4 5.98401E-4 7.81699E-4 1.14486E-3 1.78598E-3 2.70201E-3 2.62063E-3 2.24326E-3 2.37359E-3 3.66105E-3 3.20005E-3 2.75866E-3 4.80205E-3 4.30513E-3 2.67155E-3 1.78029E-3 8.69491E-4 1.98152E-3 2.60685E-3 7.14298E-4 1.86165E-4 5.32909E-4 3.86239E-4 -9999 -9999
9.19088E-2 1.11828E-1 2.914E-2 1.35446E-2 1.17163E-2 1.08114E-2 4.58859E-2 9.54292E-2 8.79751E-2 3.55897E-2 9.76342E-3 1.11597E-2 4.51228E-3 6.4021E-4 4.15045E-4 3.92906E-4 3.90518E-4 1.9184E-3 8.01593E-3 2.27391E-2 8.96918E-2 1.00133E-1 7.132E-2 4.75231E-2 3.1178E-2 1.73976E-2 1.22929E-2 8.29184E-3 4.14805E-3 1.80374E-3 1.52395E-3 1.42611E-3 1.09547E-3 4.52259E-4 3.56822E-4 6.28404E-4 1.42713E-3 1.4153E-3 8.20093E-4 4.26396E-4 2.8757E-4 2.20542E-4 2.31865E-4 5.28505E-4 1.18618E-3 1.97904E-3 2.36309E-3 1.97694E-3 1.34171E-3 1.45429E-3 1.02524E-3 9.03347E-4 7.08935E-4 3.99007E-4 4.54492E-4 9.66161E-4 1.48649E-3 1.45974E-3 9.66161E-4 5.21019E-4 5.69487E-4 8.59025E-4 -9999 -9999 -9999
5.51791E-2 3.88896E-2 7.09839E-2 7.41805E-2 8.92212E-2 6.34862E-2 8.1798E-2 1.10735E-1 1.06059E-1 5.35457E-2 1.98747E-2 1.47467E-2 6.94838E-3 8.59855E-4 2.65422E-4 5.3332E-4 1.12341E-3 5.06398E-3 1.83904E-2 5.36675E-2 1.35471E-1 1.35053E-1 8.82487E-2 6.20802E-2 4.59322E-2 2.99556E-2 2.2287E-2 1.75953E-2 1.0493E-2 4.8197E-3 3.81214E-3 2.94969E-3 6.60798E-4 7.37982E-5 8.93235E-5 1.66493E-4 3.68618E-4 5.10985E-4 2.88935E-4 1.75972E-4 1.76818E-4 9.79056E-5 5.78633E-5 2.96995E-4 1.14812E-3 2.05656E-3 2.95358E-3 2.46879E-3 1.43544E-3 7.85575E-4 3.3892E-4 1.86849E-4 1.12236E-4 2.88363E-5 6.41289E-5 2.62161E-4 5.71359E-4 5.04925E-4 2.01108E-4 6.36471E-5 7.03912E-5 7.54537E-5 -9999 -9999 -9999
1.65084E-1 1.68531E-1 1.92277E-1 1.72564E-1 1.86899E-1 1.87658E-1 1.68724E-1 1.2479E-1 1.3173E-1 1.23627E-1 9.23209E-2 5.62755E-2 1.90633E-2 1.45329E-3 1.77156E-4 3.96575E-4 1.56604E-3 8.62326E-3 3.26468E-2 6.88907E-2 1.37575E-1 1.19915E-1 7.79705E-2 6.58903E-2 5.92997E-2 3.86965E-2 2.72063E-2 3.08911E-2 2.78691E-2 1.71048E-2 1.17934E-2 8.93469E-3 1.53875E-3 1.88255E-4 9.30157E-5 8.19666E-5 8.93235E-5 1.00065E-4 9.23452E-5 7.80628E-5 9.44776E-5 7.18067E-5 3.58413E-5 2.58109E-4 1.39483E-3 3.20234E-3 4.96865E-3 3.13748E-3 1.50751E-3 6.73483E-4 2.21301E-4 1.19229E-4 4.98659E-5 2.01658E-5 3.01692E-5 9.94035E-5 2.11036E-4 2.3208E-4 8.6805E-5 8.559E-6 6.07045E-6 -9999 -9999 -9999 -9999
3.13941E-1 2.79974E-1 2.90117E-1 2.83055E-1 2.37579E-1 2.1409E-1 2.23551E-1 1.80319E-1 1.64792E-1 1.4293E-1 1.21413E-1 1.02197E-1 2.80027E-2 3.39932E-3 3.01901E-4 3.5558E-5 4.69071E-4 8.50955E-3 4.04959E-2 8.50983E-2 1.04308E-1 8.41946E-2 5.55126E-2 4.76776E-2 3.99711E-2 2.45692E-2 2.00217E-2 2.93411E-2 3.01409E-2 1.91824E-2 1.18566E-2 7.3191E-3 2.8347E-3 8.42132E-4 2.39909E-4 7.90498E-5 2.83934E-5 2.67395E-5 4.28705E-5 5.97112E-5 9.36338E-5 1.18414E-4 1.36299E-4 4.39331E-4 1.86909E-3 3.59356E-3 4.44495E-3 3.67682E-3 1.38718E-3 5.70755E-4 2.19523E-4 1.12123E-4 4.51211E-5 2.29732E-5 2.59304E-5 6.45889E-5 1.35552E-4 1.70504E-4 1.18571E-4 2.92739E-5 -9999 -9999 -9999 -9999 -9999
3.95289E-1 4.25005E-1 3.62448E-1 3.06718E-1 2.60064E-1 2.33432E-1 2.64719E-1 2.59578E-1 1.67613E-1 8.36149E-2 8.1484E-2 7.38583E-2 1.78933E-2 4.49381E-3 2.56904E-4 3.22793E-5 4.30727E-4 1.09611E-2 6.30893E-2 1.08618E-1 7.88381E-2 5.44801E-2 3.37632E-2 2.54488E-2 2.02175E-2 1.26421E-2 8.47644E-3 1.06469E-2 1.19273E-2 8.29184E-3 5.37444E-3 4.28939E-3 3.78907E-3 2.819E-3 6.92433E-4 1.16865E-4 2.12565E-5 1.6522E-5 3.78772E-5 1.1221E-4 1.31618E-4 1.9802E-4 3.6396E-4 8.21649E-4 1.92115E-3 3.46366E-3 3.65801E-3 2.58466E-3 1.04058E-3 4.984E-4 2.51475E-4 1.0881E-4 5.34416E-5 3.17836E-5 3.10788E-5 5.07538E-5 -9999 -9999 -9999 -9999 -9999 -9999 -9999 -9999 -9999
5.21913E-1 4.60762E-1 3.45254E-1 2.77191E-1 2.33364E-1 2.12507E-1 2.14727E-1 1.69561E-1 1.06328E-1 5.07053E-2 3.53354E-2 2.01901E-2 5.30065E-3 1.18502E-3 1.76378E-4 1.18571E-4 1.83651E-3 1.48628E-2 2.5913E-2 3.48528E-2 4.15042E-2 3.89388E-2 2.09362E-2 1.51429E-2 1.43698E-2 7.71091E-3 3.73696E-3 2.69903E-3 2.59762E-3 2.66006E-3 2.45226E-3 2.75411E-3 4.19156E-3 5.09449E-3 1.43463E-3 2.97705E-4 8.43173E-5 5.18523E-5 8.89673E-5 1.4138E-4 2.71995E-4 5.21019E-4 1.0605E-3 1.92515E-3 2.84294E-3 3.1043E-3 2.63582E-3 1.56604E-3 7.82139E-4 4.45667E-4 2.47882E-4 1.32736E-4 7.68308E-5 5.42176E-5 4.54447E-5 -9999 -9999 -9999 -9999 -9999 -9999 -9999 -9999 -9999 -9999
5.13234E-1 4.36806E-1 3.11574E-1 2.35068E-1 1.83453E-1 1.75755E-1 1.54607E-1 1.07413E-1 6.40133E-2 2.97388E-2 1.47622E-2 6.06243E-3 1.42611E-3 3.54375E-4 1.31739E-4 1.43925E-4 1.56404E-3 6.24189E-3 3.70899E-3 5.61646E-3 2.34295E-2 4.27988E-2 3.48912E-2 1.92374E-2 7.42295E-3 2.6896E-3 1.61568E-3 1.28931E-3 1.10847E-3 9.85913E-4 1.20924E-3 2.0196E-3 3.23565E-3 3.44264E-3 1.76032E-3 6.57389E-4 2.9406E-4 1.9843E-4 2.1387E-4 3.32411E-4 6.83591E-4 1.26915E-3 2.71834E-3 4.43512E-3 4.5259E-3 3.10391E-3 1.53447E-3 8.96883E-4 4.47944E-4 3.04065E-4 2.08153E-4 1.42368E-4 1.00077E-4 8.55699E-5 1.0373E-4 -9999 -9999 -9999 -9999 -9999 -9999 -9999 -9999 -9999 -9999
4.82031E-1 4.24609E-1 3.1979E-1 2.60045E-1 2.29636E-1 1.75372E-1 1.2288E-1 7.18178E-2 3.79678E-2 1.62659E-2 6.6116E-3 2.67592E-3 1.02953E-3 3.38361E-4 1.62344E-4 2.07026E-4 7.46098E-4 1.83647E-3 2.19273E-3 4.49927E-3 1.82932E-2 4.50016E-2 4.58956E-2 2.21582E-2 4.88206E-3 1.83204E-3 1.16684E-3 1.0837E-3 9.48259E-4 6.29191E-4 8.51568E-4 1.64869E-3 2.40965E-3 2.59869E-3 1.89111E-3 1.17892E-3 7.23424E-4 5.38901E-4 5.4947E-4 7.3822E-4 1.22284E-3 2.24772E-3 5.0911E-3 1.03088E-2 6.40183E-3 2.6255E-3 9.19927E-4 2.92082E-4 1.86537E-4 1.75321E-4 1.70421E-4 1.41257E-4 1.2114E-4 1.25511E-4 1.42368E-4 -9999 -9999 -9999 -9999 -9999 -9999 -9999 -9999 -9999 -9999
