KUENM/Final_Models/M_0.1_F_lq_Set_2_EC/sp1_5.asc
ncols         197
nrows         210
xllcorner     56.1666666666667
yllcorner     4.5
cellsize      0.166666666666667
NODATA_value  -9999
[rows 0 to 27 of 210, columns 65 to 129 of 197]
-9999 -9999 -9999 -9999 -9999 -9999 -9999 -9999 -9999 -9999 -9999 -9999 -9999 -9999 -9999 -9999 -9999 -9999 -9999 -9999 -9999 -9999 -9999 -9999 -9999 -9999 -9999 -9999 -9999 1.00676E-12 1.84616E-15 1.2604E-13 4.88573E-16 1.68817E-17 6.95264E-20 7.92158E-23 2.53971E-23 3.74279E-19 1.724E-21 2.5613E-23 -9999 -9999 -9999 -9999 -9999 -9999 -9999 -9999 -9999 -9999 -9999 -9999 -9999 -9999 -9999 -9999 -9999 -9999 -9999 -9999 -9999 -9999 -9999 -9999 -9999
-9999 -9999 -9999 -9999 -9999 -9999 -9999 -9999 -9999 -9999 -9999 -9999 -9999 -9999 -9999 -9999 -9999 -9999 -9999 -9999 -9999 -9999 -9999 2.52075E-10 9.32466E-12 1.67367E-8 7.70714E-9 4.29887E-10 1.59823E-17 8.00795E-21 2.03569E-18 8.54776E-17 3.17513E-18 8.75807E-20 2.19035E-23 8.89272E-26 1.48624E-24 9.3744E-20 2.40282E-19 2.62667E-22 2.90411E-21 1.00314E-17 8.23118E-18 6.65465E-21 4.26672E-21 4.25957E-20 -9999 -9999 -9999 -9999 -9999 -9999 -9999 -9999 -9999 -9999 -9999 -9999 -9999 -9999 -9999 -9999 -9999 -9999 -9999
-9999 -9999 -9999 -9999 -9999 -9999 -9999 -9999 -9999 -9999 -9999 -9999 -9999 -9999 -9999 -9999 -9999 -9999 -9999 2.21611E-7 3.42215E-8 9.53385E-8 1.48996E-7 9.32326E-9 1.09035E-10 1.49945E-12 8.81137E-17 4.12843E-15 1.92464E-15 1.04655E-18 4.84826E-23 1.56652E-17 6.63299E-19 3.45918E-20 8.22766E-24 6.08002E-24 1.78865E-21 3.01049E-20 8.55121E-17 6.31331E-18 8.47275E-24 8.54086E-21 4.04446E-21 7.62702E-18 3.68095E-15 5.69476E-18 1.31714E-23 4.67287E-19 2.16825E-14 1.21686E-10 -9999 -9999 -9999 -9999 -9999 -9999 -9999 -9999 -9999 -9999 -9999 -9999 -9999 -9999 -9999
-9999 -9999 -9999 -9999 -9999 -9999 -9999 -9999 -9999 -9999 -9999 -9999 -9999 -9999 -9999 -9999 4.83023E-11 6.00023E-8 1.60788E-5 9.84755E-9 9.13587E-10 8.88135E-14 1.14116E-12 6.72047E-11 2.87096E-12 5.58038E-17 8.41269E-16 4.29955E-15 9.22582E-22 1.47983E-23 4.50964E-26 8.91323E-20 1.39058E-23 1.87396E-23 8.02563E-21 5.74931E-23 1.00234E-21 3.37953E-18 1.86462E-17 5.67981E-20 1.07907E-22 3.61712E-22 2.95463E-19 3.8578E-18 1.15178E-17 1.40129E-16 1.28763E-18 3.1417E-20 1.52977E-21 5.40859E-14 3.58344E-10 9.1353E-9 2.72745E-7 -9999 -9999 -9999 -9999 -9999 -9999 -9999 -9999 -9999 -9999 -9999 -9999
-9999 -9999 -9999 -9999 -9999 -9999 -9999 -9999 -9999 -9999 -9999 -9999 -9999 -9999 7.5948E-8 1.19434E-8 3.68285E-6 2.44099E-7 1.38449E-9 7.15814E-8 5.56002E-9 3.83904E-9 1.85531E-9 8.63351E-13 2.61183E-15 2.96681E-12 1.34583E-17 5.65843E-17 5.40122E-18 1.20248E-18 2.92073E-18 1.49349E-22 6.43686E-24 5.07789E-21 3.76686E-21 4.18839E-21 2.17653E-19 3.07087E-18 4.06586E-19 1.77554E-20 9.308E-22 1.87047E-20 1.12404E-20 4.44901E-20 2.6513E-21 1.4657E-20 2.99187E-19 6.82629E-15 9.87681E-20 2.57486E-15 4.76692E-14 8.06724E-12 8.04867E-11 7.66682E-9 3.70203E-6 -9999 -9999 -9999 -9999 -9999 -9999 -9999 -9999 -9999 -9999
-9999 -9999 -9999 -9999 -9999 -9999 -9999 -9999 -9999 -9999 -9999 -9999 1.64055E-3 7.10006E-5 1.85032E-6 1.50739E-7 6.64127E-7 3.16901E-6 5.91392E-8 6.91153E-9 3.1893E-10 2.95944E-12 6.97438E-12 4.44534E-12 3.97873E-14 2.57058E-17 2.99223E-19 8.85225E-19 1.52183E-12 7.62725E-14 5.94293E-18 5.9763E-24 4.85433E-28 1.50551E-21 3.70647E-17 1.97E-18 2.6274E-16 4.83721E-21 5.67492E-23 4.17435E-21 2.74413E-20 5.88236E-20 4.54286E-19 7.98491E-19 1.15236E-18 2.78725E-20 2.49229E-20 1.32311E-17 3.07058E-20 3.30815E-26 1.83835E-20 1.00279E-16 2.23449E-17 9.77074E-15 5.87735E-9 6.94048E-7 5.64586E-6 -9999 -9999 -9999 -9999 -9999 -9999 -9999 -9999
-9999 -9999 -9999 -9999 -9999 -9999 -9999 -9999 -9999 -9999 3.97664E-3 1.1806E-3 1.03293E-3 1.06394E-3 1.5577E-4 4.50549E-5 9.47027E-5 1.52212E-5 2.91721E-6 3.23295E-8 2.18212E-11 1.4361E-11 1.99561E-8 4.2879E-8 6.37148E-9 1.92694E-13 1.78481E-13 7.06186E-12 7.26042E-15 2.27408E-15 8.09558E-17 2.96683E-21 1.86992E-18 1.35615E-16 1.61544E-17 6.48663E-19 1.15901E-18 3.58915E-22 1.22127E-23 2.43881E-22 7.63033E-22 4.8738E-19 4.64085E-17 1.2569E-17 2.28414E-17 2.38593E-18 2.89792E-20 9.68592E-20 7.62655E-17 2.01065E-21 3.18014E-21 5.85131E-18 2.8255E-15 1.2485E-13 3.2961E-14 3.8837E-10 1.64169E-8 1.10387E-6 8.03339E-6 -9999 -9999 -9999 -9999 -9999 -9999
-9999 -9999 -9999 -9999 -9999 -9999 -9999 -9999 2.45351E-3 5.94357E-4 2.39455E-3 1.61013E-2 4.58263E-3 4.38764E-4 6.45303E-4 1.61545E-3 5.69406E-4 1.82697E-4 1.14549E-5 1.24707E-8 1.419E-11 7.23307E-8 8.6852E-14 2.41907E-11 2.51171E-16 8.32165E-11 2.52514E-9 1.16129E-13 3.19325E-16 9.36558E-17 6.73277E-18 1.40022E-13 6.77637E-15 6.83336E-16 7.02976E-18 1.01287E-17 8.30335E-19 5.01978E-19 4.48515E-18 1.05675E-19 4.73668E-20 1.9506E-18 3.88257E-16 4.69536E-17 8.83016E-19 4.91513E-20 3.30892E-19 2.09489E-17 5.19732E-26 3.59457E-23 5.76327E-23 4.16269E-19 6.01927E-17 8.09196E-15 3.11665E-15 5.86615E-13 2.16255E-11 6.52834E-8 1.41404E-6 8.72403E-6 1.63362E-5 -9999 -9999 -9999 -9999
-9999 -9999 -9999 -9999 -9999 -9999 -9999 1.49081E-3 3.19377E-3 1.76888E-3 2.16933E-2 1.47693E-2 3.38863E-3 1.01763E-2 7.6966E-3 5.15529E-3 2.67502E-3 1.31622E-3 3.77649E-6 4.915E-7 1.82564E-7 3.28861E-11 2.2449E-16 5.93546E-16 1.92995E-17 2.42283E-11 2.03208E-13 5.65472E-15 4.94962E-15 1.50138E-12 2.38404E-13 1.34037E-15 1.60959E-19 4.20801E-20 1.02987E-20 8.97455E-20 9.00191E-22 7.00309E-21 1.58994E-20 3.10225E-18 2.94603E-17 5.39949E-16 3.0519E-17 6.62352E-16 6.28707E-16 2.32366E-16 2.43791E-19 3.7207E-19 1.4122E-15 7.64706E-19 5.83362E-21 4.93104E-18 1.54175E-14 6.95184E-13 5.47161E-11 1.20562E-9 6.62644E-11 2.0575E-8 1.56685E-7 6.78484E-6 1.24563E-5 1.58755E-5 -9999 -9999 -9999
-9999 -9999 -9999 -9999 -9999 -9999 5.1392E-4 7.10029E-3 3.41561E-4 7.66262E-3 2.49745E-2 1.40605E-2 8.08198E-3 1.37975E-2 5.15646E-3 1.80478E-2 1.95359E-2 4.89476E-4 4.06494E-6 4.70783E-5 1.65051E-11 1.09664E-10 1.52257E-12 3.58957E-16 1.66336E-12 3.80453E-9 3.95528E-11 4.22249E-10 2.0453E-13 1.55187E-14 6.94665E-19 1.36825E-20 1.0901E-21 1.79555E-20 1.27707E-19 1.19751E-18 1.53046E-21 6.60375E-21 5.56725E-20 8.48609E-19 3.90843E-19 3.41888E-18 9.27188E-18 1.25939E-17 4.38939E-18 1.40513E-16 7.46724E-18 1.15763E-20 3.42853E-15 4.75023E-14 9.48552E-17 2.79498E-19 2.35627E-13 7.04803E-15 1.35792E-11 2.34944E-8 7.55616E-9 6.55598E-7 2.22983E-6 5.0366E-6 8.47752E-6 1.58755E-5 1.61045E-5 -9999 -9999
-9999 -9999 -9999 -9999 1.02267E-2 4.08149E-3 2.16054E-3 5.52253E-3 3.07977E-3 1.19235E-2 2.14999E-2 2.03655E-2 1.31766E-2 1.72317E-2 1.69812E-2 2.86757E-2 7.59996E-3 1.10664E-4 5.65482E-7 1.26065E-4 5.63404E-9 4.74114E-12 1.00331E-13 2.12356E-12 1.21921E-10 1.29486E-15 1.96727E-16 8.74077E-11 1.96968E-17 4.57591E-15 1.35496E-15 1.66099E-15 1.16441E-15 1.44307E-16 8.14022E-18 1.10856E-15 3.44896E-16 7.58531E-16 1.5191E-17 9.06128E-18 4.53031E-17 3.41888E-18 7.97539E-19 2.35732E-18 5.27276E-18 1.6261E-17 3.08188E-17 2.11615E-21 8.62853E-20 3.93846E-13 1.43876E-14 1.14577E-14 2.33436E-15 4.01911E-14 1.02425E-14 1.76851E-13 1.83029E-10 6.89509E-8 2.31334E-7 7.33483E-7 9.84289E-7 3.88948E-6 6.6884E-6 8.60001E-6 1.11779E-5
-9999 -9999 -9999 9.01898E-3 8.9788E-3 5.85761E-3 9.66698E-3 7.26134E-3 1.41675E-2 1.94513E-2 2.0544E-2 2.20923E-2 6.85513E-3 9.24352E-3 3.13272E-2 3.57041E-2 1.61248E-2 5.64235E-3 4.09108E-4 1.95682E-4 2.03356E-6 1.38063E-8 4.05324E-12 2.4427E-10 7.00453E-12 7.8526E-16 2.83625E-13 7.27575E-12 5.61521E-12 4.37343E-17 7.62186E-20 2.80615E-20 2.06123E-18 5.4241E-17 5.34256E-20 3.63085E-17 4.30622E-17 1.11637E-18 8.25961E-21 2.34196E-20 2.27116E-19 8.5121E-20 1.05227E-18 3.82976E-18 5.3397E-18 4.98181E-19 1.15079E-17 1.14614E-19 1.86402E-21 2.73261E-17 1.8716E-15 5.55444E-16 6.90588E-18 3.15214E-18 1.01515E-15 2.02969E-15 3.88953E-13 3.13719E-10 9.94649E-9 7.13188E-9 6.46203E-7 1.67936E-6 1.95002E-6 1.50901E-6 1.5309E-6
-9999 -9999 1.02247E-2 9.36402E-3 1.05423E-2 5.37524E-3 1.22921E-2 8.74215E-3 1.49178E-2 2.24418E-2 1.9987E-2 1.84264E-2 9.98706E-3 5.34113E-3 3.68124E-2 3.52536E-2 6.83597E-3 4.98984E-5 2.41283E-5 6.34842E-7 8.69548E-9 6.28539E-9 4.45194E-10 4.5578E-10 1.07466E-11 2.51676E-14 1.68833E-11 1.59033E-10 1.17023E-14 1.17843E-18 7.40356E-18 1.28534E-15 1.41853E-14 2.54484E-17 3.50135E-19 5.09212E-19 8.43786E-18 1.72475E-16 4.17435E-17 9.70568E-18 5.75475E-18 1.33048E-18 2.36195E-19 1.86603E-20 5.85635E-19 1.79458E-18 3.04132E-17 6.62678E-19 2.38085E-21 1.48135E-20 7.05534E-16 3.00153E-20 2.31925E-17 2.00032E-16 1.52452E-16 4.95126E-13 6.04643E-16 3.22398E-11 1.52799E-9 5.81847E-8 1.62739E-8 1.25362E-7 3.6419E-7 4.93042E-7 4.85977E-7
-9999 1.02627E-2 1.0454E-2 1.32574E-2 1.27641E-2 8.00903E-3 1.55304E-2 1.16474E-2 2.28182E-2 2.42288E-2 2.806E-2 3.32246E-2 3.49674E-2 1.51449E-2 3.08991E-2 1.66817E-2 2.46691E-3 1.46994E-5 3.33534E-5 7.45763E-5 1.76498E-4 5.99394E-6 8.98119E-9 2.74551E-9 3.1552E-11 2.34527E-15 2.83676E-12 1.53625E-13 1.29123E-13 4.02511E-14 1.49186E-13 8.63028E-15 3.64967E-17 5.0455E-19 1.72245E-17 3.92473E-16 1.78103E-17 4.02194E-20 3.99751E-22 1.07933E-20 1.06574E-20 2.83641E-21 1.5161E-19 2.53321E-18 2.70091E-20 1.62659E-22 3.17638E-22 1.15604E-22 7.62445E-22 2.13908E-19 3.72338E-15 1.6631E-20 6.77452E-19 1.50631E-13 3.27336E-12 7.69993E-15 1.25308E-17 2.26036E-14 1.28192E-9 1.55029E-9 3.68097E-9 4.36437E-9 5.0957E-9 1.1902E-8 8.42614E-9
1.15378E-2 1.11796E-2 1.2155E-2 1.27412E-2 1.46108E-2 9.76045E-3 1.66546E-2 1.65939E-2 2.02048E-2 2.40527E-2 2.47002E-2 1.83092E-2 2.82524E-2 3.32553E-2 2.95888E-2 1.43899E-2 7.75164E-4 5.0814E-5 8.78447E-4 3.28306E-4 3.85291E-5 1.22273E-4 8.61466E-6 1.11145E-7 5.87088E-10 6.79024E-11 8.51419E-12 1.30604E-15 1.32932E-18 2.85394E-16 4.72314E-19 1.25364E-19 3.50447E-18 4.05285E-16 1.31465E-14 1.80094E-19 1.42481E-21 1.18276E-21 4.6036E-19 4.30463E-18 9.56215E-19 8.89308E-18 9.55165E-19 1.81273E-21 6.66783E-23 1.62659E-22 3.82071E-21 8.4075E-20 1.21471E-20 4.07478E-22 7.09767E-18 8.68292E-20 2.39239E-21 3.37716E-15 1.30694E-17 4.45044E-17 5.96117E-16 6.87267E-14 1.47607E-10 1.17593E-11 5.44184E-12 2.92282E-13 3.74462E-11 4.25658E-12 2.54191E-11
1.32274E-2 1.25555E-2 1.36368E-2 1.37307E-2 1.43329E-2 1.53055E-2 1.70544E-2 1.75036E-2 1.88373E-2 2.26058E-2 2.48628E-2 1.95926E-2 2.30106E-2 1.53766E-2 1.0694E-2 4.54325E-3 5.57377E-3 1.25465E-3 4.17588E-3 1.92356E-4 9.78051E-6 6.48982E-9 2.30235E-7 6.46961E-6 1.58387E-8 1.28614E-15 1.05752E-14 7.06112E-14 8.88318E-21 2.22899E-19 1.21918E-14 3.56215E-12 4.05806E-15 4.31474E-18 2.98752E-17 6.71805E-17 1.14002E-16 2.2207E-18 4.80878E-14 4.70284E-18 2.87562E-19 6.25351E-19 1.0859E-21 8.68653E-22 2.71975E-21 3.80943E-21 2.72599E-20 1.53359E-21 3.80696E-20 3.21579E-22 7.14389E-24 2.28098E-20 6.17795E-22 1.06847E-14 1.02875E-17 5.85616E-20 1.65699E-18 1.2244E-18 9.13934E-15 1.53193E-13 1.25096E-13 8.22231E-17 2.63144E-14 8.80371E-16 1.66373E-16
1.33605E-2 1.31903E-2 8.80423E-3 1.06339E-2 1.21794E-2 1.54466E-2 1.41348E-2 1.73598E-2 1.1255E-2 1.06865E-2 2.63357E-2 3.0611E-2 1.89654E-2 7.98891E-3 1.3765E-2 7.26272E-3 7.77919E-4 4.9713E-5 2.42978E-4 3.21484E-6 7.18987E-8 8.23805E-12 1.75017E-10 6.85793E-7 2.66394E-9 5.89263E-17 3.44996E-15 1.21155E-9 8.68571E-16 4.65443E-12 3.82115E-16 1.56301E-21 2.32028E-21 8.96949E-16 3.14168E-17 2.10563E-15 1.04575E-17 1.08825E-18 2.33151E-17 4.20202E-19 1.02851E-20 1.21998E-19 2.59373E-18 2.07815E-19 4.83909E-19 1.92594E-18 1.65485E-14 6.1797E-17 1.87009E-20 6.10255E-22 1.30088E-23 2.85109E-24 3.3459E-21 1.45316E-21 3.47316E-15 2.47424E-23 2.98457E-23 1.39105E-20 2.41084E-20 1.5663E-18 1.46057E-17 2.44936E-18 4.09763E-18 1.94585E-18 1.11005E-22
3.05226E-3 2.49872E-4 5.25562E-5 2.66828E-4 1.59952E-3 1.64075E-3 3.83947E-3 6.18577E-3 9.3929E-3 6.95618E-3 8.18961E-3 2.31621E-2 1.1951E-2 1.72796E-3 3.64587E-3 6.13712E-4 1.58541E-4 4.93399E-5 5.94263E-10 2.91904E-6 2.4903E-10 2.30936E-15 1.89648E-9 1.1178E-7 1.45353E-12 2.20772E-13 6.47388E-11 2.31708E-16 6.38784E-16 1.52592E-20 3.21498E-23 1.98837E-18 6.89631E-12 6.44197E-14 3.5333E-15 2.28064E-14 1.76912E-16 3.85875E-15 2.52642E-13 3.47176E-17 1.38013E-13 1.31445E-14 2.1126E-14 2.21773E-20 1.67288E-22 3.09437E-19 4.7843E-15 1.73999E-14 8.15902E-20 3.70031E-22 1.0577E-22 1.23477E-24 1.86654E-25 4.25013E-18 4.2492E-16 2.65875E-16 1.32533E-17 6.64377E-25 6.63882E-23 1.18985E-22 6.34437E-22 2.74863E-23 1.06962E-24 1.91182E-24 2.04498E-23
2.23551E-4 1.39983E-7 5.07314E-7 9.15644E-5 7.9472E-4 1.81508E-3 5.30364E-4 6.60943E-4 3.36406E-3 6.05894E-3 7.56915E-3 7.37391E-3 2.00064E-3 1.55238E-3 4.85964E-4 7.46499E-6 1.6147E-10 3.2325E-7 1.35341E-12 3.95199E-13 9.48688E-17 5.42142E-19 2.4831E-9 2.24963E-14 1.14015E-17 7.58788E-15 1.33876E-15 8.40059E-19 1.59023E-22 7.28987E-22 3.49861E-15 1.89114E-12 4.27712E-9 1.87668E-11 2.4486E-14 1.80345E-18 1.5612E-16 2.5307E-12 6.77019E-11 2.84014E-16 2.2024E-13 2.03259E-11 7.95796E-19 6.84373E-14 6.57164E-18 2.87528E-19 3.74336E-18 2.40379E-13 2.76536E-20 5.43841E-19 4.39806E-17 7.72346E-22 1.77749E-22 4.67315E-21 6.86785E-19 1.89905E-22 3.92196E-21 2.09952E-19 4.52501E-18 7.88735E-21 1.16182E-19 9.97841E-21 5.80803E-21 6.21085E-24 1.09025E-21
4.57676E-4 5.03889E-5 1.26765E-5 2.28445E-5 2.48363E-4 5.60894E-4 2.93788E-4 3.06765E-4 8.62715E-4 3.86062E-3 1.00143E-2 4.80271E-3 1.64416E-3 4.35916E-4 6.23181E-10 1.00245E-7 1.10105E-16 4.89238E-9 1.13374E-10 9.09662E-17 1.03729E-22 5.57376E-17 5.60682E-13 6.37687E-21 7.73E-19 2.74634E-18 3.06241E-19 2.52353E-15 8.50384E-17 2.3254E-18 5.49324E-10 1.28713E-7 1.77372E-10 1.11244E-12 1.57775E-15 7.54753E-15 2.00623E-15 9.17397E-13 1.35038E-10 1.33442E-10 1.09917E-7 2.00771E-14 8.25357E-16 1.78671E-10 1.0765E-10 1.14637E-10 4.94062E-11 5.91678E-16 1.41097E-22 1.66377E-26 3.45911E-22 4.7547E-22 4.40392E-22 2.21272E-23 1.79598E-25 3.68792E-20 3.21302E-24 1.66224E-21 6.31424E-21 1.15272E-21 2.04498E-23 4.66445E-24 1.98915E-23 5.80803E-21 6.36853E-23
3.46462E-4 1.00236E-4 7.35504E-6 4.88376E-6 3.24886E-6 8.91713E-7 3.04423E-5 3.55218E-5 5.34293E-5 6.20494E-3 5.40082E-3 2.62347E-3 2.93467E-3 3.57829E-5 5.20486E-8 1.81818E-5 2.95152E-10 5.32354E-16 4.86242E-15 3.95976E-14 2.79314E-20 1.67346E-17 5.7535E-13 7.1691E-16 3.82911E-19 4.09754E-18 2.09234E-15 4.75934E-12 1.33698E-9 2.38857E-10 9.59453E-8 2.59581E-17 1.02825E-13 3.61519E-15 9.10371E-15 8.28606E-15 7.5436E-14 1.30503E-14 8.8074E-15 2.56371E-16 1.30912E-12 4.44189E-9 9.75562E-9 6.78765E-7 4.04467E-15 6.49049E-16 4.75356E-20 5.72196E-21 2.82689E-19 1.01619E-19 1.88718E-22 3.71358E-24 8.9382E-26 2.2437E-24 2.7426E-24 6.27276E-24 3.99264E-19 2.88205E-21 3.00533E-24 2.90409E-23 2.8798E-26 4.72911E-24 1.12898E-23 1.44738E-21 2.54416E-21
6.47891E-6 3.14385E-5 1.08113E-5 4.44089E-8 9.22143E-10 3.81389E-7 9.97837E-6 2.22732E-7 4.51392E-5 7.35962E-3 4.63984E-3 1.1027E-3 8.03273E-5 3.53967E-6 1.83569E-10 4.64744E-7 1.60796E-12 2.29604E-19 1.31689E-18 2.355E-21 3.24536E-17 9.19964E-15 1.84527E-18 3.59994E-15 7.45967E-22 9.31584E-15 1.32552E-14 2.05002E-12 1.83279E-6 9.58276E-8 2.15647E-12 4.7808E-18 5.95259E-17 3.40972E-18 1.74615E-17 3.76916E-17 1.62883E-17 1.40327E-15 4.34162E-14 2.34607E-14 6.21961E-15 2.58785E-15 1.82468E-13 7.08228E-7 1.08903E-5 1.44027E-10 1.28314E-10 3.79283E-20 7.23617E-19 4.85537E-16 2.43996E-16 4.90366E-20 2.73958E-21 9.56405E-21 7.0525E-24 4.43375E-25 2.69753E-26 1.84132E-26 1.23505E-21 9.34757E-24 1.61352E-26 2.8798E-26 3.79428E-23 1.48835E-21 2.0169E-23
1.2845E-7 1.12715E-7 6.27656E-8 6.03264E-9 1.07242E-7 1.0168E-6 3.75651E-9 2.57832E-11 1.00559E-5 7.86487E-4 2.41574E-3 2.039E-4 1.14213E-5 1.38008E-6 1.94017E-8 2.03693E-15 6.11161E-19 1.59403E-19 6.55032E-18 1.90569E-19 3.24163E-21 8.7788E-21 4.12029E-17 1.52112E-20 4.63623E-18 5.45348E-14 1.94447E-12 3.94361E-12 1.29907E-4 1.1986E-10 1.88431E-12 3.63439E-17 1.95451E-15 2.43351E-14 7.51963E-15 1.61396E-13 2.38239E-14 5.56908E-13 1.81469E-9 3.6024E-10 1.54805E-11 5.18571E-10 1.88317E-14 7.87173E-15 4.01203E-12 6.80068E-5 4.86852E-8 6.88964E-15 2.03568E-15 1.03346E-17 9.10988E-14 1.15295E-14 1.6867E-17 2.26599E-16 1.3497E-21 1.31769E-19 4.63719E-22 1.72764E-25 4.2879E-24 9.47525E-24 6.55519E-25 1.5921E-26 2.68934E-28 6.12704E-25 4.95241E-23
4.63537E-12 5.57216E-10 1.14583E-11 3.83538E-10 4.16804E-9 6.9378E-9 4.38188E-12 2.15563E-9 6.34593E-5 5.62058E-4 1.10914E-3 3.27288E-4 1.52406E-5 1.88908E-6 4.7484E-9 1.46129E-13 2.07376E-16 2.5958E-12 4.09649E-17 4.3212E-19 1.26006E-16 1.07587E-19 1.66098E-20 1.18305E-18 5.62763E-17 1.26315E-10 6.97785E-12 3.16404E-10 4.30872E-4 5.41868E-8 3.02451E-12 5.65912E-11 5.19128E-11 5.2188E-10 4.59601E-12 2.61869E-9 5.81466E-12 4.33001E-10 1.73021E-5 5.03272E-4 2.75883E-4 1.60266E-4 2.87745E-7 1.21234E-11 1.12607E-14 4.417E-6 1.24761E-11 9.14676E-14 2.92789E-11 3.56555E-11 1.13347E-13 4.43109E-11 1.1565E-17 1.38668E-19 4.55709E-19 9.91761E-23 3.20942E-20 1.70535E-25 2.59466E-26 2.67205E-25 1.74718E-26 3.12051E-26 8.42476E-27 2.04719E-24 6.56214E-24
9.19031E-12 6.83101E-13 1.90935E-11 5.61414E-11 2.24785E-8 3.96154E-9 4.82252E-8 1.06845E-4 2.85879E-6 2.56842E-9 3.60022E-12 1.6212E-12 5.01175E-14 2.29663E-17 1.69245E-18 2.52241E-14 6.64659E-12 6.79572E-18 7.17624E-16 4.90993E-14 3.61708E-16 9.96918E-18 5.29108E-16 9.11541E-14 9.76802E-16 8.493E-10 1.67695E-5 1.76047E-4 4.45666E-5 2.78987E-9 8.44625E-6 4.55278E-7 6.50233E-11 1.92567E-8 7.12129E-14 4.24224E-7 1.15255E-5 1.77301E-3 7.94847E-9 3.01451E-9 2.36794E-6 3.91699E-4 2.05309E-3 2.70215E-4 1.41003E-5 3.79107E-10 1.23595E-12 3.32364E-13 6.8923E-18 1.45162E-18 5.28648E-11 4.1844E-10 3.01288E-9 1.72775E-18 3.22082E-18 3.80696E-20 1.96259E-17 1.18449E-19 5.86056E-21 5.08645E-25 2.30739E-22 3.58215E-27 4.74795E-27 3.69697E-24 3.69697E-24
4.57007E-12 1.45152E-12 1.89881E-12 4.42668E-8 5.99967E-8 5.35312E-6 1.44458E-6 5.12908E-8 3.73346E-14 4.18029E-16 2.07076E-19 5.81201E-17 2.24294E-13 3.60733E-8 9.37839E-8 1.51499E-11 1.65561E-14 5.41449E-19 4.23796E-13 4.01056E-8 5.07143E-11 2.62476E-16 2.61196E-11 1.75619E-9 5.81923E-11 2.39361E-8 9.53778E-5 3.57652E-4 1.34947E-7 1.01663E-4 6.96238E-6 3.47653E-10 1.06656E-9 4.78944E-6 3.41678E-12 1.95436E-9 7.66394E-6 2.81814E-4 1.16836E-9 1.25813E-12 1.94372E-12 1.08815E-11 3.09663E-9 1.1449E-9 2.57565E-15 1.33626E-20 8.55748E-13 2.84005E-12 9.49261E-17 2.20969E-18 1.49131E-17 2.53691E-10 2.61989E-13 5.71068E-11 7.15273E-14 6.77955E-13 9.5497E-12 6.1333E-13 2.7697E-17 2.42493E-21 7.71466E-23 1.44916E-19 2.708E-25 3.16222E-26 2.30739E-22
3.64773E-13 1.14102E-14 1.72568E-12 4.29491E-10 3.25092E-10 1.64953E-10 2.11068E-10 3.83548E-15 1.91759E-15 4.64013E-15 2.82282E-10 1.33929E-7 5.10284E-6 3.52115E-3 2.8857E-4 4.54885E-8 2.24294E-13 6.03274E-13 2.71206E-12 9.44472E-7 1.14693E-5 2.06293E-8 1.4517E-6 3.63088E-5 8.83457E-10 2.23821E-4 1.34371E-3 5.69724E-6 1.08197E-4 2.04184E-4 2.85176E-4 9.06806E-6 3.13746E-4 2.55845E-5 6.83474E-8 1.26564E-3 3.13782E-4 9.20116E-9 4.10102E-12 7.86261E-14 4.03761E-13 8.13708E-14 3.09352E-14 5.40591E-15 2.29187E-17 1.95051E-17 1.02776E-12 7.08664E-15 4.55518E-15 1.05972E-17 1.56456E-16 5.4165E-17 8.2458E-18 8.79642E-13 6.78626E-13 4.1751E-18 3.44524E-14 1.15079E-17 1.70328E-18 5.40475E-21 2.2818E-23 1.22616E-18 8.0058E-22 5.22349E-25 5.99194E-23
5.13588E-14 3.64773E-13 3.87021E-13 6.47764E-12 1.57995E-12 2.79121E-11 4.40785E-10 3.1492E-11 5.50658E-10 6.50623E-8 1.64209E-7 5.87073E-9 1.34894E-5 5.26066E-3 2.59383E-3 3.02206E-3 1.77334E-5 2.68521E-10 4.32878E-4 1.26264E-5 1.34814E-2 8.76842E-8 2.66423E-5 1.8609E-3 6.14733E-3 1.29576E-2 8.49746E-4 6.62612E-3 7.63092E-3 3.33678E-3 2.66694E-4 4.57841E-4 3.96291E-3 1.46448E-4 3.25076E-4 1.69091E-3 3.46769E-6 1.13696E-9 4.06011E-12 4.21082E-11 5.83495E-11 6.06143E-13 5.02774E-13 2.52653E-11 2.58539E-11 1.8034E-14 3.65752E-15 1.67445E-13 1.55528E-15 7.37933E-16 2.66691E-15 5.93028E-18 8.87518E-20 3.74266E-19 1.3697E-15 2.14769E-13 3.31536E-19 4.88782E-15 2.88459E-14 1.34723E-18 1.50922E-19 1.39581E-21 1.68077E-16 1.43383E-21 3.42238E-26
