KUENM/Final_Models/M_0.1_F_lq_Set_2_EC/sp1_6.asc
ncols         197
nrows         210
xllcorner     56.1666666666667
yllcorner     4.5
cellsize      0.166666666666667
NODATA_value  -9999
[rows 56 to 83 of 210, columns 130 to 194 of 197]
2.22115E-5 1.26334E-9 1.22743E-8 4.01162E-11 5.51347E-9 2.2276E-9 1.7158E-8 3.54711E-10 4.69268E-9 2.32583E-8 1.53595E-8 2.25829E-9 3.83764E-9 4.60458E-9 7.85719E-9 2.06816E-8 1.87653E-7 8.10605E-8 1.86492E-7 5.60091E-11 2.37465E-10 1.85352E-9 4.98431E-8 3.6806E-8 1.1137E-9 6.72451E-10 6.07297E-12 2.28706E-11 2.29216E-11 1.81816E-10 9.73118E-10 2.29987E-9 3.77579E-9 1.53071E-9 1.9563E-10 2.94016E-10 3.71211E-10 1.51705E-11 6.08799E-13 1.8513E-13 1.39616E-12 4.68168E-14 1.98146E-14 2.91809E-14 -9999 -9999 -9999 -9999 -9999 -9999 -9999 -9999 -9999 -9999 -9999 -9999 -9999 -9999 -9999 -9999 -9999 -9999 -9999 -9999 -9999
7.74091E-3 1.86149E-3 3.64087E-6 2.44944E-12 3.33955E-11 2.2106E-8 8.13975E-10 1.07573E-9 8.25826E-8 4.85076E-8 3.55058E-8 1.29113E-8 2.20799E-10 8.60945E-12 6.81262E-12 1.80511E-8 9.39364E-9 4.62963E-7 4.56757E-7 3.29626E-11 4.72007E-9 8.09412E-11 4.19523E-9 3.42052E-7 2.41591E-5 2.10775E-8 2.72668E-9 1.89948E-10 4.32569E-11 6.0433E-12 6.93442E-11 9.54452E-10 1.61999E-9 3.45695E-9 2.10298E-9 3.21536E-10 1.36418E-10 2.04736E-10 1.83381E-11 4.692E-13 4.90134E-14 3.89961E-13 2.57023E-14 2.59888E-14 4.98675E-13 1.21914E-14 -9999 -9999 -9999 -9999 -9999 -9999 -9999 -9999 -9999 -9999 -9999 -9999 -9999 -9999 -9999 -9999 -9999 -9999 -9999
4.23735E-2 4.26874E-2 1.12372E-3 2.52973E-7 1.31265E-9 2.54816E-9 8.64673E-10 2.00936E-10 3.2348E-8 3.63276E-8 2.04961E-8 1.7158E-8 2.93024E-10 2.66048E-12 1.4411E-12 1.36406E-13 1.27866E-9 4.01709E-8 1.24685E-6 2.56478E-8 1.80664E-6 2.89584E-7 2.49178E-8 1.27645E-4 1.05512E-3 1.97523E-4 1.97863E-8 8.10945E-10 1.88454E-9 1.87412E-12 1.79676E-12 4.90213E-11 9.09459E-10 1.9995E-9 1.24186E-9 1.01143E-9 2.34838E-10 5.44293E-10 6.94448E-11 5.67808E-11 1.2952E-13 8.27968E-13 2.6561E-12 8.47226E-13 2.73639E-13 6.18817E-14 3.84204E-14 5.45879E-13 -9999 -9999 -9999 -9999 -9999 -9999 -9999 -9999 -9999 -9999 -9999 -9999 -9999 -9999 -9999 -9999 -9999
9.97118E-2 6.56823E-2 1.23445E-2 5.41855E-4 2.1455E-6 2.10281E-7 2.86982E-8 2.85972E-9 1.63646E-10 4.40517E-11 1.13251E-8 2.56725E-8 2.53094E-9 2.38238E-10 2.50225E-8 6.05041E-10 5.36952E-9 5.21235E-8 3.84836E-7 7.98805E-6 3.93881E-5 5.15179E-5 1.05134E-5 4.41113E-3 2.08127E-3 5.3425E-4 3.54592E-5 1.41418E-6 2.54493E-8 2.96939E-9 2.64122E-9 9.56801E-11 7.44504E-12 1.7582E-10 2.81745E-10 1.22245E-10 1.14646E-10 1.86201E-9 9.73346E-10 3.27161E-10 6.91823E-11 2.68812E-11 3.71501E-11 1.06751E-11 5.73563E-12 8.32864E-13 1.71559E-12 3.71262E-12 5.53092E-13 3.75656E-13 -9999 -9999 -9999 -9999 -9999 -9999 -9999 -9999 -9999 -9999 -9999 -9999 -9999 -9999 -9999
9.25967E-2 9.70601E-2 3.99884E-2 1.35863E-2 1.91651E-3 1.79593E-4 2.70694E-6 2.20738E-8 1.62879E-12 1.62254E-13 2.1904E-13 2.34453E-10 5.02628E-9 2.07298E-8 2.8683E-9 2.02403E-7 3.81415E-7 1.29024E-7 1.67359E-7 6.48544E-6 5.02473E-5 2.17159E-4 5.52714E-5 2.90725E-3 2.28775E-4 4.22974E-5 2.93914E-6 1.02614E-8 9.50812E-11 1.92024E-10 3.91516E-9 1.00309E-8 6.04047E-10 3.52566E-12 2.27407E-11 1.31001E-12 3.47683E-11 5.41961E-10 3.76594E-11 2.61736E-10 2.15419E-10 4.04341E-11 2.56665E-10 1.23379E-10 6.06186E-11 2.25245E-12 7.24658E-12 9.12137E-12 1.42593E-11 1.28739E-11 1.7139E-11 5.13008E-12 -9999 -9999 -9999 -9999 -9999 -9999 -9999 -9999 -9999 -9999 -9999 -9999 -9999
7.71722E-2 9.27835E-2 6.83474E-2 3.68424E-2 1.64474E-2 4.465E-3 6.06482E-4 1.22671E-5 5.13542E-9 5.62678E-14 6.19438E-14 5.71558E-11 1.0913E-9 4.9571E-9 5.09405E-9 3.39783E-7 7.34786E-7 6.02108E-7 8.33585E-7 3.21981E-6 1.97878E-5 1.23389E-4 4.10662E-4 4.3323E-4 3.34434E-4 1.90411E-4 9.45006E-5 3.28409E-6 1.83843E-9 8.14455E-10 2.22517E-9 8.44216E-10 2.82935E-10 6.18613E-12 6.8354E-13 1.4605E-13 6.77837E-10 6.53514E-10 8.3905E-12 5.16636E-10 8.73975E-10 4.31124E-10 3.24605E-10 1.18626E-10 9.43078E-11 5.48873E-10 7.66179E-11 2.72307E-10 2.21505E-10 1.4995E-11 1.77519E-11 2.72372E-12 3.62569E-10 -9999 -9999 -9999 -9999 -9999 -9999 -9999 -9999 -9999 -9999 -9999 -9999
9.61601E-2 1.08069E-1 9.27835E-2 6.87671E-2 4.63107E-2 2.96512E-2 9.62734E-3 8.84969E-4 2.20449E-5 2.11134E-7 1.87475E-9 8.07529E-11 4.47009E-11 7.4067E-10 2.07513E-9 3.57531E-9 1.00569E-7 2.77856E-7 8.76991E-7 4.81653E-7 1.81337E-6 2.51365E-5 3.73609E-4 5.28592E-4 1.67851E-5 3.66642E-6 8.06677E-7 3.05724E-6 2.18218E-5 5.46867E-7 3.97533E-7 5.34773E-10 2.10014E-10 1.95819E-10 1.25393E-12 3.19965E-13 3.70724E-7 5.18404E-10 4.83192E-12 3.24372E-11 1.46281E-11 1.23354E-11 6.68303E-12 5.51254E-11 5.65383E-11 9.75275E-11 3.46995E-11 6.06186E-11 8.31712E-11 3.91269E-12 3.54293E-12 2.83E-12 5.92263E-12 1.50516E-11 5.63941E-11 -9999 -9999 -9999 -9999 -9999 -9999 -9999 -9999 -9999 -9999
1.62515E-1 1.64098E-1 1.55313E-1 1.24153E-1 1.06206E-1 9.73093E-2 4.33058E-2 1.02166E-2 2.40401E-3 1.25149E-3 1.9919E-4 6.12607E-6 4.87477E-7 1.75993E-6 1.01257E-5 9.63147E-8 3.59828E-9 4.59057E-9 2.935E-9 2.19284E-8 1.72077E-7 1.60273E-6 2.70568E-6 7.14337E-5 2.70305E-4 1.07188E-4 4.15287E-4 3.36971E-5 2.42446E-5 1.83042E-6 1.27173E-5 1.12912E-7 2.76869E-9 2.33362E-10 6.04163E-12 3.26704E-8 4.82456E-8 2.81296E-12 2.64287E-13 9.45944E-14 1.72944E-12 5.43947E-12 1.07175E-12 2.1692E-12 1.57745E-10 3.79337E-11 3.28083E-10 2.81271E-12 1.53144E-12 9.76752E-13 1.37021E-10 5.13083E-10 1.23606E-12 5.38332E-12 6.8538E-12 1.77497E-12 -9999 -9999 -9999 -9999 -9999 -9999 -9999 -9999 -9999
2.56341E-1 2.47329E-1 2.66143E-1 2.5507E-1 2.5507E-1 1.93837E-1 1.01348E-1 3.93777E-2 1.72735E-2 9.86401E-3 5.12688E-3 8.9604E-4 3.97015E-5 1.30289E-5 1.22249E-6 1.28539E-8 2.12381E-9 5.62009E-10 6.6581E-11 1.81523E-10 4.66637E-9 2.10797E-7 2.56629E-7 2.15152E-6 1.83333E-5 1.91329E-6 4.53105E-7 3.53441E-6 1.9025E-5 6.96924E-6 1.65035E-6 2.43705E-10 9.39116E-13 9.053E-14 1.77258E-9 1.86101E-7 2.64085E-10 1.58673E-11 1.65217E-10 3.07896E-13 8.73808E-12 5.08639E-10 1.84139E-10 4.99881E-12 1.21097E-9 9.60891E-12 5.63514E-10 3.91234E-10 2.33046E-10 3.47735E-11 1.48893E-10 1.76202E-9 2.97103E-11 4.74427E-10 9.88664E-11 2.36237E-10 1.27239E-10 -9999 -9999 -9999 -9999 -9999 -9999 -9999 -9999
3.31113E-1 3.02299E-1 3.17689E-1 3.48213E-1 3.72E-1 2.69935E-1 1.31094E-1 6.49647E-2 3.67817E-2 2.07786E-2 8.838E-3 9.54051E-4 1.32893E-4 1.03408E-4 1.14331E-5 1.6909E-7 3.63734E-8 3.34522E-8 2.69829E-9 1.39858E-10 7.31484E-12 6.15422E-11 1.60353E-11 1.0648E-8 3.13989E-7 6.16367E-9 3.40432E-9 1.99929E-8 5.02726E-8 1.64729E-6 1.93976E-5 1.65255E-6 9.87214E-6 2.56413E-6 4.41986E-5 3.40027E-7 1.72788E-11 2.86868E-10 2.04253E-9 2.59331E-7 5.09763E-11 1.24609E-8 2.60632E-9 1.5756E-10 8.41117E-10 6.16935E-12 1.00055E-12 9.51246E-12 2.49721E-11 6.11501E-11 4.40597E-12 1.81613E-10 4.57427E-9 7.43504E-10 7.65474E-10 1.0934E-9 4.48186E-10 5.51699E-9 -9999 -9999 -9999 -9999 -9999 -9999 -9999
3.93452E-1 3.29187E-1 2.94345E-1 3.19532E-1 3.34961E-1 2.25857E-1 1.01452E-1 6.98065E-2 5.31663E-2 2.78431E-2 6.9156E-3 4.78435E-4 1.56028E-4 3.65586E-4 2.89983E-4 2.58744E-5 8.22463E-6 4.81428E-6 1.84752E-6 1.56228E-7 1.47918E-8 2.34941E-10 1.67305E-12 4.80618E-11 2.64198E-8 3.87376E-6 1.42735E-6 9.81911E-7 5.61277E-8 6.39638E-7 5.31668E-6 4.71188E-7 2.70034E-7 1.07187E-11 2.20829E-16 1.70861E-7 1.77702E-9 4.56479E-6 1.91995E-6 5.3553E-6 1.70013E-9 4.04106E-9 1.75185E-4 1.08077E-9 8.46307E-8 3.9495E-7 3.73746E-12 4.71591E-15 7.25863E-12 1.62483E-10 8.95128E-13 4.18532E-13 2.20957E-10 3.46022E-11 5.74673E-10 1.3739E-9 4.21638E-11 1.77956E-10 4.93041E-9 -9999 -9999 -9999 -9999 -9999 -9999
4.3462E-1 3.53999E-1 2.77766E-1 2.83629E-1 2.87545E-1 1.94485E-1 9.84594E-2 8.17536E-2 6.54953E-2 3.46533E-2 1.13437E-2 7.34841E-4 2.78059E-4 5.27835E-4 8.88741E-4 4.30736E-4 2.79901E-4 3.81046E-4 5.0403E-4 6.47954E-5 7.27416E-6 5.05362E-6 7.19486E-6 1.98871E-6 4.29646E-8 4.4252E-7 2.52013E-6 1.17416E-6 1.24888E-7 1.61133E-8 2.45547E-9 5.12978E-11 1.54393E-11 1.12231E-15 1.4353E-21 1.02118E-36 1.15747E-42 1.91288E-39 2.14415E-33 7.0556E-26 2.80647E-8 9.60971E-6 4.78084E-6 1.01516E-5 1.67475E-6 6.70376E-6 1.98022E-10 1.48737E-12 7.80375E-11 4.44315E-11 4.86619E-13 2.33298E-13 8.12324E-13 1.96977E-13 1.46172E-11 5.68311E-12 9.37061E-11 2.8509E-9 4.21735E-13 1.21414E-9 -9999 -9999 -9999 -9999 -9999
4.71344E-1 3.95597E-1 3.24828E-1 3.18948E-1 3.2436E-1 2.84879E-1 1.99564E-1 1.31539E-1 9.76455E-2 5.63149E-2 2.73859E-2 7.86649E-3 2.68308E-3 2.0137E-3 3.72369E-3 2.98295E-3 2.23576E-3 2.86376E-3 3.57762E-3 1.34848E-3 5.84132E-4 1.12012E-3 4.05605E-3 3.19283E-3 2.96861E-4 5.08887E-7 1.74469E-7 2.50985E-7 1.1949E-6 3.04898E-6 4.16373E-7 1.85547E-10 3.25989E-11 1.08364E-16 4.24333E-20 5.10555E-28 4.76108E-31 4.92488E-34 2.83251E-31 1.11059E-29 1.68677E-23 5.68586E-18 4.1601E-13 5.41512E-8 7.06428E-8 1.39554E-6 2.7386E-7 1.76217E-7 1.29771E-8 1.0706E-9 2.34765E-9 3.64944E-10 1.12477E-13 3.25769E-15 1.41534E-15 2.26593E-13 5.83744E-10 6.124E-9 1.34511E-11 3.65217E-11 4.49187E-12 -9999 -9999 -9999 -9999
5.25035E-1 4.50761E-1 3.93739E-1 4.01111E-1 4.2477E-1 3.89884E-1 3.11831E-1 2.27811E-1 1.51389E-1 1.06196E-1 6.64357E-2 3.51899E-2 1.94312E-2 1.81807E-2 2.14862E-2 9.83595E-3 6.05413E-3 5.69828E-3 6.53372E-3 5.3046E-3 5.31548E-3 8.68261E-3 1.13874E-2 5.97236E-3 5.36991E-4 3.5651E-6 1.95119E-7 1.47694E-7 7.3319E-7 6.65509E-6 1.28107E-5 2.65964E-7 1.28315E-8 4.37942E-11 9.04413E-13 1.64609E-16 5.59908E-20 6.52345E-22 1.50646E-22 1.28093E-21 4.25135E-20 9.568E-19 3.24128E-15 5.85914E-14 4.03286E-12 1.96495E-14 1.74281E-18 1.2499E-16 6.06226E-15 2.07381E-7 3.78936E-8 4.43621E-11 1.41751E-11 1.62826E-10 6.73726E-14 4.83939E-13 2.05186E-8 4.71582E-8 6.74996E-10 4.29114E-12 3.35714E-13 -9999 -9999 -9999 -9999
5.27428E-1 5.0434E-1 4.70408E-1 4.62352E-1 5.13191E-1 4.80391E-1 4.13895E-1 3.26108E-1 2.28519E-1 1.67862E-1 1.23572E-1 8.19977E-2 4.88324E-2 3.79771E-2 2.96642E-2 1.45488E-2 9.31186E-3 1.09635E-2 1.17572E-2 1.13641E-2 1.22042E-2 1.40505E-2 1.09778E-2 4.72034E-3 7.7713E-4 4.8101E-5 2.4595E-6 2.7598E-7 5.175E-7 3.97038E-6 1.56617E-5 4.4637E-6 6.56205E-8 8.05926E-11 4.40461E-12 3.09335E-15 1.99994E-16 1.60979E-18 6.24424E-18 1.61668E-16 1.09404E-15 2.83933E-15 6.33593E-16 3.66667E-12 8.13405E-12 6.95551E-14 2.14416E-12 1.01498E-17 5.06881E-22 4.52111E-17 2.45274E-16 3.36925E-8 2.52805E-10 2.03955E-8 8.15565E-12 7.0289E-10 5.0142E-9 1.55145E-17 1.89233E-9 1.12085E-9 2.65456E-10 1.49249E-13 -9999 -9999 -9999
5.39841E-1 5.36209E-1 5.36209E-1 5.19563E-1 5.28709E-1 5.19063E-1 4.72807E-1 3.98687E-1 3.08029E-1 2.40628E-1 2.04893E-1 1.42461E-1 7.99717E-2 4.09302E-2 2.69509E-2 1.55734E-2 6.54836E-3 1.26445E-2 1.66822E-2 1.78592E-2 1.81644E-2 1.72354E-2 1.05291E-2 4.26609E-3 1.07944E-3 2.04441E-4 3.76503E-5 1.03079E-5 7.8358E-6 1.49238E-5 5.40858E-5 3.27891E-5 5.4841E-7 1.97432E-8 1.57198E-10 6.14164E-12 3.41779E-15 1.0851E-17 9.09266E-15 5.0243E-12 3.82006E-12 1.32124E-13 9.86332E-12 3.84121E-15 4.55626E-13 3.38502E-14 6.48434E-9 6.58254E-9 7.88461E-16 1.07278E-14 9.17274E-17 1.98211E-12 1.54306E-10 2.59816E-15 3.90407E-10 7.19808E-15 3.01051E-24 2.70752E-14 1.13387E-8 5.06133E-9 9.86664E-8 7.91008E-12 2.97598E-10 -9999 -9999
5.57091E-1 5.29681E-1 5.37279E-1 5.2042E-1 5.03564E-1 4.99159E-1 4.93546E-1 4.61337E-1 3.94343E-1 3.20086E-1 2.79966E-1 2.1782E-1 1.3816E-1 4.60479E-2 2.96212E-2 2.69509E-2 1.61195E-2 2.25735E-2 3.30913E-2 2.91856E-2 2.69188E-2 2.10615E-2 1.16973E-2 4.7656E-3 1.65701E-3 6.90593E-4 2.93613E-4 1.35364E-4 8.6581E-5 1.06051E-4 1.58997E-4 7.28646E-5 7.55225E-6 4.00522E-6 1.09427E-6 1.02324E-8 1.80476E-10 4.59441E-11 3.42751E-10 3.28445E-9 1.09622E-9 6.05519E-12 5.4051E-14 9.47246E-13 1.34181E-9 1.26442E-9 2.52869E-8 5.48047E-7 9.04223E-7 9.42144E-7 2.88735E-10 2.76657E-13 6.42589E-16 8.24079E-17 2.73641E-16 1.02388E-14 6.36476E-12 1.56264E-15 4.31658E-15 5.81177E-16 2.85315E-13 1.16845E-7 2.28322E-11 -9999 -9999
5.7957E-1 5.33089E-1 4.82633E-1 4.54528E-1 4.66366E-1 4.71328E-1 4.88918E-1 4.87358E-1 4.50859E-1 3.78864E-1 3.10954E-1 3.02874E-1 2.90775E-1 1.50152E-1 5.95451E-2 3.85388E-2 3.97198E-2 7.29459E-2 7.5877E-2 5.7913E-2 4.34098E-2 3.05262E-2 1.60567E-2 6.59292E-3 2.51112E-3 2.37023E-3 2.33074E-3 1.1085E-3 4.95095E-4 4.30736E-4 4.51262E-4 1.00135E-4 1.09108E-5 1.18684E-5 4.15245E-5 5.29041E-6 2.31763E-7 7.42897E-8 9.84686E-8 1.08151E-6 3.50302E-5 7.80941E-7 9.29931E-12 9.80951E-15 2.55253E-14 5.28936E-15 2.21413E-12 6.67748E-7 5.47331E-5 3.76311E-5 1.44165E-5 1.28737E-6 6.37823E-7 2.0869E-9 1.03574E-14 2.72553E-11 3.77488E-4 2.69695E-13 2.34041E-12 7.69742E-11 1.35439E-16 2.6541E-14 1.49934E-26 4.55102E-29 -9999
5.52626E-1 5.40679E-1 4.98362E-1 4.49108E-1 4.52603E-1 4.4735E-1 4.59507E-1 4.69643E-1 4.95301E-1 4.0704E-1 3.19034E-1 3.41193E-1 3.63133E-1 2.56204E-1 1.18218E-1 5.95451E-2 6.12174E-2 9.65699E-2 1.06426E-1 1.10266E-1 9.08303E-2 5.39698E-2 2.64424E-2 1.12456E-2 5.13106E-3 9.99614E-3 1.81807E-2 6.17095E-3 2.05642E-3 1.52806E-3 1.3427E-3 3.44573E-4 3.26333E-5 4.73521E-5 2.23776E-4 8.82841E-5 1.37475E-5 1.19548E-5 2.61155E-5 4.11698E-5 1.95975E-4 5.70933E-4 4.2979E-5 3.21913E-8 7.01034E-11 6.19779E-12 6.69854E-11 6.66119E-9 1.1579E-6 2.83515E-5 2.37396E-5 1.20584E-4 1.20315E-5 6.91596E-5 3.28422E-8 2.08122E-4 2.39292E-3 7.12805E-7 1.15457E-5 8.26185E-11 3.34927E-16 3.49543E-19 9.57372E-31 3.22988E-34 -9999
5.13167E-1 5.32452E-1 5.2164E-1 4.52603E-1 3.90824E-1 3.88871E-1 3.67123E-1 3.78042E-1 4.34853E-1 3.93636E-1 3.39185E-1 3.5718E-1 3.51202E-1 2.66748E-1 1.68187E-1 1.39657E-1 1.56745E-1 1.38295E-1 1.26625E-1 1.82074E-1 1.80044E-1 8.63726E-2 3.90306E-2 1.9985E-2 1.12456E-2 1.42161E-2 3.20707E-2 1.15488E-2 4.87871E-3 4.42242E-3 5.58943E-3 4.2337E-3 9.01781E-4 4.64798E-4 6.62169E-4 4.20054E-4 9.68719E-5 1.96603E-4 7.73154E-4 1.01515E-3 9.29148E-4 2.87989E-3 9.33154E-4 3.20851E-5 2.54887E-6 1.19954E-6 3.56279E-6 4.67476E-6 2.64655E-6 1.07283E-6 3.20683E-6 2.02145E-4 7.15562E-5 1.43657E-4 1.11898E-4 6.27719E-5 8.46674E-4 9.75087E-4 4.63474E-6 1.06466E-9 1.02135E-15 5.36537E-28 3.80271E-36 3.9256E-41 0E0
4.81032E-1 5.03021E-1 4.9066E-1 4.36146E-1 3.79913E-1 3.77065E-1 3.21181E-1 3.14467E-1 3.79043E-1 3.72127E-1 3.62201E-1 3.7691E-1 3.61151E-1 2.9682E-1 2.35398E-1 2.45084E-1 2.78723E-1 1.92898E-1 1.45996E-1 2.33907E-1 1.90858E-1 9.90313E-2 5.78733E-2 3.79207E-2 2.17258E-2 1.57817E-2 2.32581E-2 1.55107E-2 1.12844E-2 1.34858E-2 2.03701E-2 2.43807E-2 7.89321E-3 2.50513E-3 2.73936E-3 2.48493E-3 1.29263E-3 2.03815E-3 4.10047E-3 2.62844E-3 2.18962E-3 4.04243E-3 1.9853E-3 5.68381E-4 5.0902E-4 3.26568E-4 1.36138E-3 1.65296E-3 5.1291E-4 1.34411E-4 2.6998E-5 5.44681E-6 2.74781E-6 3.75599E-7 2.41572E-10 1.5659E-15 2.41188E-13 2.10124E-11 1.7929E-16 8.23981E-23 1.52972E-24 7.40601E-26 5.20424E-31 0E0 0E0
4.31791E-1 4.11991E-1 4.39125E-1 4.0343E-1 3.49762E-1 4.42753E-1 4.22481E-1 3.89789E-1 3.92772E-1 4.11991E-1 4.14585E-1 4.14585E-1 4.16457E-1 3.96258E-1 3.84701E-1 3.81965E-1 3.48183E-1 2.81376E-1 2.4949E-1 2.43612E-1 1.82294E-1 1.1293E-1 9.78286E-2 7.99833E-2 4.47132E-2 1.89994E-2 2.35953E-2 3.25043E-2 4.15126E-2 4.40576E-2 3.72886E-2 3.1441E-2 1.53535E-2 7.14468E-3 6.53114E-3 5.8498E-3 7.78269E-3 1.55107E-2 2.36771E-2 1.91075E-2 9.83595E-3 9.49862E-3 8.21022E-3 4.73899E-3 3.57073E-4 1.69167E-4 1.90865E-3 7.21578E-3 4.74724E-3 6.56707E-3 4.39178E-3 1.17997E-4 1.35161E-5 1.07317E-6 9.02716E-9 1.27809E-11 3.08836E-14 1.57219E-18 6.44215E-25 6.47403E-27 1.02545E-24 1.70232E-23 1.26589E-23 4.03864E-36 0E0
3.88871E-1 3.53074E-1 3.88871E-1 3.89789E-1 3.35503E-1 4.3648E-1 4.65658E-1 4.31791E-1 4.07284E-1 4.08188E-1 4.06279E-1 4.0514E-1 4.49108E-1 4.34853E-1 4.36658E-1 4.10823E-1 3.42964E-1 2.93496E-1 2.71823E-1 2.38123E-1 1.89333E-1 1.60326E-1 1.58563E-1 1.55343E-1 1.02676E-1 5.09274E-2 3.39965E-2 4.80605E-2 7.4928E-2 6.20392E-2 4.07604E-2 3.12677E-2 2.15138E-2 1.19242E-2 9.06606E-3 1.13532E-2 2.85885E-2 7.79255E-2 6.91699E-2 4.21809E-2 1.45296E-2 1.55734E-2 2.57053E-2 1.75824E-2 7.39082E-4 5.64407E-5 2.43758E-3 2.52652E-2 2.90981E-2 2.28605E-2 3.44001E-2 2.32341E-2 4.13115E-3 1.2962E-4 4.86298E-6 4.16899E-8 1.10559E-10 2.74419E-14 9.14807E-19 7.66885E-22 4.39853E-22 1.35667E-21 5.13094E-23 3.8487E-29 1.11901E-37
3.38123E-1 3.00856E-1 3.03631E-1 2.90023E-1 3.02744E-1 3.77926E-1 4.49218E-1 4.14927E-1 3.49036E-1 3.30774E-1 3.36875E-1 3.34843E-1 3.79043E-1 3.74102E-1 3.38907E-1 2.63799E-1 2.26737E-1 2.38123E-1 2.59806E-1 2.42026E-1 2.11399E-1 2.05607E-1 2.00118E-1 1.76897E-1 1.4131E-1 9.54536E-2 3.95472E-2 2.80584E-2 6.11267E-2 5.62018E-2 2.62163E-2 2.97055E-2 2.87704E-2 1.14377E-2 9.35188E-3 2.75201E-2 8.62967E-2 1.23806E-1 7.01134E-2 3.96835E-2 1.55107E-2 2.00318E-2 3.46533E-2 6.19548E-2 7.66666E-2 1.17775E-2 8.65186E-3 2.01066E-2 3.15773E-2 2.73919E-2 4.9368E-2 4.46205E-2 1.72849E-2 2.11391E-3 2.10838E-4 1.16518E-5 5.03085E-7 1.86734E-9 2.48494E-13 2.84563E-17 3.27096E-19 1.43311E-19 7.22783E-21 3.97819E-24 2.82347E-28
2.80945E-1 2.17264E-1 1.60186E-1 1.32432E-1 1.85946E-1 2.9903E-1 3.62558E-1 3.23711E-1 2.62141E-1 2.46225E-1 2.84371E-1 3.3346E-1 3.45697E-1 3.06839E-1 2.32529E-1 1.14087E-1 9.75678E-2 1.9136E-1 2.58139E-1 2.54152E-1 2.30375E-1 2.43985E-1 2.22428E-1 1.77098E-1 1.39871E-1 1.05197E-1 6.11267E-2 4.78854E-2 8.52028E-2 7.08078E-2 1.93594E-2 3.16527E-2 2.86472E-2 4.21608E-3 7.00706E-3 5.34793E-2 2.55827E-1 2.65335E-1 8.09271E-2 4.52476E-2 4.33554E-2 5.47E-2 6.37933E-2 1.14083E-1 1.93098E-1 5.87251E-2 2.40326E-2 1.71994E-2 2.65218E-2 9.05702E-2 9.37907E-2 4.9452E-2 1.88041E-2 5.95362E-3 1.74365E-3 3.1723E-4 3.6364E-5 1.28384E-6 1.90206E-9 8.27054E-13 1.50341E-15 3.1217E-16 4.26449E-17 5.67487E-19 7.64307E-21
2.62218E-1 2.30059E-1 1.18252E-1 7.14155E-2 1.7535E-1 2.5445E-1 2.4838E-1 2.22995E-1 1.986E-1 2.19093E-1 3.3346E-1 4.44557E-1 4.23426E-1 3.25767E-1 2.88779E-1 1.80697E-1 1.35164E-1 2.26842E-1 2.62141E-1 2.34471E-1 2.40326E-1 2.54152E-1 2.32304E-1 1.65267E-1 1.23832E-1 1.22434E-1 1.21045E-1 1.15593E-1 1.44468E-1 1.29505E-1 6.34955E-2 4.90261E-2 2.16754E-2 5.19989E-3 1.14984E-2 5.9719E-2 2.92523E-1 2.96608E-1 9.75678E-2 6.79946E-2 7.46937E-2 8.52028E-2 8.31106E-2 1.00244E-1 1.08976E-1 8.74721E-2 6.46473E-2 3.09496E-2 3.79207E-2 9.30719E-2 1.52957E-1 8.6272E-2 2.96507E-2 1.07476E-2 5.93931E-3 1.77414E-3 1.89992E-4 1.24256E-5 4.39843E-7 5.78414E-9 7.40626E-11 4.76995E-12 5.58762E-13 6.593E-14 1.12937E-14
3.44109E-1 2.80306E-1 1.9497E-1 1.7535E-1 2.64519E-1 2.70602E-1 1.78828E-1 1.91355E-1 1.89559E-1 2.30711E-1 3.71942E-1 5.17904E-1 5.44091E-1 5.19182E-1 4.93968E-1 4.80729E-1 3.36737E-1 2.9929E-1 3.17873E-1 2.62374E-1 2.66405E-1 2.72205E-1 2.22714E-1 1.62034E-1 1.28087E-1 1.339E-1 1.58697E-1 1.68695E-1 1.67017E-1 1.33816E-1 1.1952E-1 8.58531E-2 3.61331E-2 1.88277E-2 2.57208E-2 8.34353E-2 2.09684E-1 2.17249E-1 1.19358E-1 1.08643E-1 1.20744E-1 1.26541E-1 1.32341E-1 1.01357E-1 1.23797E-1 1.39871E-1 1.42914E-1 8.62967E-2 2.08861E-2 3.66432E-2 1.61818E-1 9.66274E-2 3.67817E-2 1.55107E-2 7.13963E-3 2.13556E-3 3.69885E-4 6.88802E-5 2.58632E-5 4.14227E-6 1.87857E-7 1.24361E-8 1.63706E-9 4.20663E-10 2.64879E-10
3.77592E-1 3.41624E-1 2.78572E-1 2.36556E-1 2.74673E-1 3.01502E-1 2.76712E-1 2.84371E-1 2.34471E-1 2.40326E-1 3.2937E-1 4.88907E-1 5.80987E-1 5.76394E-1 4.93207E-1 4.36224E-1 3.63481E-1 3.61438E-1 4.31768E-1 3.71196E-1 3.33987E-1 3.27823E-1 2.5018E-1 1.67017E-1 1.41398E-1 1.50689E-1 1.87716E-1 2.03984E-1 1.96779E-1 1.35301E-1 9.85922E-2 8.69598E-2 5.54249E-2 4.7936E-2 5.51831E-2 1.27342E-1 2.26757E-1 2.40476E-1 1.68276E-1 1.53364E-1 1.73624E-1 2.24917E-1 2.22991E-1 1.42751E-1 2.02291E-1 3.07251E-1 2.44254E-1 1.42874E-1 4.70634E-2 4.83136E-2 1.01357E-1 8.19811E-2 4.1278E-2 1.56233E-2 6.31749E-3 2.49869E-3 1.14058E-3 7.90735E-4 5.37078E-4 2.23776E-4 1.76415E-5 1.5278E-6 2.55852E-7 8.50584E-8 7.81978E-9
