KUENM/Final_Models/M_0.1_F_lq_Set_2_EC/sp1_7_se_asia.asc
ncols         320
nrows         243
xllcorner     44.0
yllcorner     -0.666666666666667
cellsize      0.166666666666667
NODATA_value  -9999
[rows 93 to 123 of 243, columns 140 to 209 of 320]
1.66627E-1 1.73961E-1 1.83092E-1 1.90514E-1 2.01611E-1 2.14726E-1 2.34026E-1 2.47702E-1 2.51703E-1 2.55361E-1 2.59393E-1 2.63442E-1 2.67506E-1 2.73062E-1 2.81257E-1 2.94905E-1 3.09406E-1 3.33275E-1 3.6494E-1 4.05126E-1 4.5224E-1 4.67147E-1 5.00582E-1 5.33797E-1 5.68919E-1 5.97649E-1 6.10235E-1 6.30396E-1 6.51145E-1 6.61754E-1 6.53211E-1 5.60557E-1 3.33407E-1 3.19398E-1 4.11625E-1 2.73892E-1 2.49828E-1 4.21488E-1 6.27604E-1 6.57864E-1 6.42886E-1 5.51582E-1 5.0183E-1 4.05175E-1 3.21192E-1 2.91063E-1 3.25261E-1 3.64171E-1 4.15766E-1 4.35329E-1 4.45752E-1 3.84473E-1 2.96113E-1 2.56753E-1 2.76089E-1 2.72954E-1 1.99899E-1 1.43962E-1 1.67075E-1 1.97627E-1 2.15877E-1 2.31647E-1 2.24661E-1 1.94044E-1 1.20616E-1 4.22733E-2 1.73237E-2 9.29987E-3 8.68854E-3 1.07464E-2
1.74448E-1 1.8563E-1 1.93386E-1 2.06719E-1 2.22205E-1 2.43894E-1 2.70103E-1 2.92738E-1 3.15401E-1 3.23737E-1 3.21653E-1 3.12909E-1 3.12909E-1 3.12297E-1 3.06063E-1 3.07331E-1 3.21868E-1 3.43627E-1 3.79168E-1 4.22645E-1 4.5645E-1 4.92479E-1 5.26605E-1 5.6166E-1 5.92874E-1 6.22909E-1 6.30602E-1 6.37407E-1 6.54399E-1 6.61154E-1 6.56969E-1 6.06495E-1 4.55824E-1 4.09882E-1 4.03252E-1 2.72267E-1 4.22744E-1 5.92143E-1 6.50694E-1 6.60192E-1 6.577E-1 6.20057E-1 5.96157E-1 4.67592E-1 2.91063E-1 2.77092E-1 3.21185E-1 3.55709E-1 4.11538E-1 4.63058E-1 4.29782E-1 3.41958E-1 3.00228E-1 2.94569E-1 3.0384E-1 2.86025E-1 1.69789E-1 1.41452E-1 1.81862E-1 2.64538E-1 3.0209E-1 2.62435E-1 2.06709E-1 1.31926E-1 6.96309E-2 2.17597E-2 1.02381E-2 6.41624E-3 7.31782E-3 6.09652E-3
-9999 2.00082E-1 2.13123E-1 2.31051E-1 2.47345E-1 2.76052E-1 3.09355E-1 3.48923E-1 3.81843E-1 3.91745E-1 3.79583E-1 3.62746E-1 3.48278E-1 3.39334E-1 3.38319E-1 3.19775E-1 3.1979E-1 3.65317E-1 4.04527E-1 4.45303E-1 4.94172E-1 5.21099E-1 5.57249E-1 5.8435E-1 6.11213E-1 6.31572E-1 6.43365E-1 6.46848E-1 6.56931E-1 6.59368E-1 6.61754E-1 6.43087E-1 5.45319E-1 4.08367E-1 3.50358E-1 3.54124E-1 4.35329E-1 5.80748E-1 6.59684E-1 6.56234E-1 6.62174E-1 6.4921E-1 5.81152E-1 4.32784E-1 2.9437E-1 2.79768E-1 3.16021E-1 3.53096E-1 4.07684E-1 4.30486E-1 3.23223E-1 2.78532E-1 2.98631E-1 3.11118E-1 2.96633E-1 2.64819E-1 1.73204E-1 1.36347E-1 1.68137E-1 2.68405E-1 3.07939E-1 2.36839E-1 1.07655E-1 3.65179E-2 2.00268E-2 8.61985E-3 4.59684E-3 4.36649E-3 4.93797E-3 5.86911E-3
-9999 -9999 -9999 -9999 2.79774E-1 3.08744E-1 3.42476E-1 -9999 4.44405E-1 4.56893E-1 4.37093E-1 4.09714E-1 3.6686E-1 3.23322E-1 2.85953E-1 2.75106E-1 3.11481E-1 3.68307E-1 4.14346E-1 4.67038E-1 5.12047E-1 5.41287E-1 5.73131E-1 5.96677E-1 6.10243E-1 6.22909E-1 6.30953E-1 6.48029E-1 6.59035E-1 6.6027E-1 6.60857E-1 6.47397E-1 5.88753E-1 4.5268E-1 3.72061E-1 4.31278E-1 4.54644E-1 4.97866E-1 6.16876E-1 6.57566E-1 6.47885E-1 5.92579E-1 4.43365E-1 3.91933E-1 2.68546E-1 2.6718E-1 3.36209E-1 3.84178E-1 3.7774E-1 3.76214E-1 3.21425E-1 3.04495E-1 3.11195E-1 2.87218E-1 2.51831E-1 1.96254E-1 1.49224E-1 1.09786E-1 1.0959E-1 2.0449E-1 2.60303E-1 1.61503E-1 5.15979E-2 1.42376E-2 7.5709E-3 3.9282E-3 2.40779E-3 2.56053E-3 2.96992E-3 4.84327E-3
-9999 -9999 -9999 -9999 -9999 -9999 3.81167E-1 4.31877E-1 4.66673E-1 4.89406E-1 4.87921E-1 4.64862E-1 3.97774E-1 2.92149E-1 2.00697E-1 2.38894E-1 3.1979E-1 3.9172E-1 4.61642E-1 5.15608E-1 5.53263E-1 5.73808E-1 5.87548E-1 6.02394E-1 6.16655E-1 6.25295E-1 6.34546E-1 6.47982E-1 6.57634E-1 6.57165E-1 6.50149E-1 6.35386E-1 6.0556E-1 5.36333E-1 4.58189E-1 4.58189E-1 4.76097E-1 5.26474E-1 6.08801E-1 6.35223E-1 6.15599E-1 4.78883E-1 2.28794E-1 2.39521E-1 2.06333E-1 2.18465E-1 3.30875E-1 3.5167E-1 3.30875E-1 3.31372E-1 3.08552E-1 3.23223E-1 2.82665E-1 2.18402E-1 1.79358E-1 1.55855E-1 1.17181E-1 6.74119E-2 6.50853E-2 1.25041E-1 1.94045E-1 8.44255E-2 1.93679E-2 6.89358E-3 3.65595E-3 1.99854E-3 1.38429E-3 1.31067E-3 2.06551E-3 4.03643E-3
-9999 -9999 -9999 -9999 -9999 -9999 -9999 4.41352E-1 4.75862E-1 5.01914E-1 5.24243E-1 5.1929E-1 4.65946E-1 3.65463E-1 3.00836E-1 3.23737E-1 3.76429E-1 4.4697E-1 5.15231E-1 5.61237E-1 5.75899E-1 5.84884E-1 5.98612E-1 6.11073E-1 6.23936E-1 6.33353E-1 6.43642E-1 6.52442E-1 6.57655E-1 6.4661E-1 6.22725E-1 6.08588E-1 6.09493E-1 5.87603E-1 5.28287E-1 5.12113E-1 5.15732E-1 5.17292E-1 5.42518E-1 5.82048E-1 5.93629E-1 4.63401E-1 2.47451E-1 2.2326E-1 1.75546E-1 1.81632E-1 2.38769E-1 2.68248E-1 2.9437E-1 3.08552E-1 2.97849E-1 2.97849E-1 2.25365E-1 1.34853E-1 1.09133E-1 1.10428E-1 8.42919E-2 3.45583E-2 2.10516E-2 3.60929E-2 5.75165E-2 2.99867E-2 1.08066E-2 4.74091E-3 2.95223E-3 1.75624E-3 1.4521E-3 1.13139E-3 1.83138E-3 3.07385E-3
-9999 -9999 -9999 -9999 -9999 -9999 -9999 -9999 4.79345E-1 5.05147E-1 5.33022E-1 5.35865E-1 5.06903E-1 4.68447E-1 4.59825E-1 4.53224E-1 4.57604E-1 4.97023E-1 5.29829E-1 5.58898E-1 5.78461E-1 5.93711E-1 6.11213E-1 6.19665E-1 6.3278E-1 6.4055E-1 6.43987E-1 6.53759E-1 6.52754E-1 6.30808E-1 5.81942E-1 5.59426E-1 5.94998E-1 5.77684E-1 5.10451E-1 4.83355E-1 5.08934E-1 4.9589E-1 4.31562E-1 3.93269E-1 4.67232E-1 3.98641E-1 1.76239E-1 1.72131E-1 2.16712E-1 2.11466E-1 2.08587E-1 2.34131E-1 3.01882E-1 3.11979E-1 3.0109E-1 2.59304E-1 1.62976E-1 7.82978E-2 7.18345E-2 8.18514E-2 6.02304E-2 1.64601E-2 2.81521E-3 7.12009E-3 1.33501E-2 1.17491E-2 6.41624E-3 3.70129E-3 2.06791E-3 2.49859E-3 6.31246E-3 5.53795E-3 4.47113E-3 4.96867E-3
-9999 -9999 -9999 -9999 -9999 -9999 -9999 -9999 -9999 5.06752E-1 5.27156E-1 5.34255E-1 5.28486E-1 5.15012E-1 5.07319E-1 4.91298E-1 4.85943E-1 5.0771E-1 -9999 5.68963E-1 5.97683E-1 6.14457E-1 6.26587E-1 6.33119E-1 6.40402E-1 6.42755E-1 6.3338E-1 6.51408E-1 6.46632E-1 6.17928E-1 5.9054E-1 5.41998E-1 5.4612E-1 5.2316E-1 4.59468E-1 4.18999E-1 4.33467E-1 3.98364E-1 3.12963E-1 2.91135E-1 3.34395E-1 3.05656E-1 2.21998E-1 2.3889E-1 2.51495E-1 2.52049E-1 2.52603E-1 2.6718E-1 3.35249E-1 3.25212E-1 2.48807E-1 1.62653E-1 7.9239E-2 3.90107E-2 4.70236E-2 7.0389E-2 6.58271E-2 2.43777E-2 4.77497E-3 3.48672E-3 5.13243E-3 4.87323E-3 2.11137E-3 2.01E-3 1.62282E-3 2.30381E-3 5.17277E-3 7.96498E-3 1.04209E-2 1.18179E-2
-9999 -9999 -9999 -9999 -9999 -9999 -9999 -9999 -9999 -9999 -9999 5.28342E-1 5.27804E-1 5.23291E-1 5.16315E-1 5.04296E-1 -9999 -9999 5.53263E-1 5.85235E-1 6.21713E-1 6.38504E-1 6.44816E-1 6.44816E-1 6.46221E-1 6.43727E-1 6.38861E-1 6.54319E-1 6.36267E-1 5.69978E-1 5.76952E-1 5.60192E-1 4.81508E-1 4.40319E-1 4.69024E-1 4.36088E-1 4.01202E-1 3.4122E-1 2.70196E-1 2.84938E-1 3.44143E-1 4.13127E-1 4.23574E-1 4.11162E-1 3.2744E-1 2.64269E-1 2.66257E-1 2.78199E-1 3.42036E-1 3.18773E-1 2.05915E-1 1.17585E-1 5.36465E-2 3.35177E-2 3.78564E-2 5.07831E-2 5.60128E-2 3.50935E-2 1.58064E-2 7.98016E-3 4.87323E-3 1.91679E-3 9.99872E-4 1.17513E-3 8.95792E-4 1.09859E-3 2.62252E-3 6.60047E-3 1.38571E-2 1.75161E-2
-9999 -9999 -9999 -9999 -9999 -9999 -9999 -9999 -9999 -9999 -9999 -9999 -9999 -9999 -9999 -9999 -9999 -9999 5.71811E-1 5.93651E-1 6.38289E-1 6.52383E-1 6.54401E-1 6.52298E-1 6.48192E-1 6.38222E-1 6.45587E-1 6.56134E-1 6.32964E-1 5.3984E-1 5.68785E-1 5.28967E-1 3.80264E-1 3.16113E-1 4.49581E-1 4.6227E-1 3.83181E-1 2.81915E-1 1.75201E-1 1.84088E-1 3.14216E-1 4.47295E-1 4.81209E-1 4.82922E-1 3.63759E-1 2.83068E-1 2.58523E-1 2.5368E-1 2.86993E-1 2.72441E-1 1.74599E-1 1.06403E-1 6.6566E-2 4.01565E-2 4.20691E-2 6.32005E-2 8.59697E-2 6.59411E-2 3.77082E-2 2.50328E-2 1.29053E-2 5.14346E-3 2.78884E-3 1.25208E-3 4.89068E-4 3.76579E-4 1.15859E-3 3.12513E-3 6.25417E-3 8.13397E-3
-9999 -9999 -9999 -9999 -9999 -9999 -9999 -9999 -9999 -9999 -9999 -9999 -9999 -9999 -9999 -9999 -9999 6.13877E-1 6.18348E-1 6.0851E-1 6.52352E-1 6.61579E-1 6.61142E-1 6.59558E-1 6.51576E-1 6.42673E-1 6.49707E-1 6.57875E-1 6.45856E-1 6.21691E-1 6.04504E-1 5.26037E-1 3.69672E-1 3.05771E-1 4.13019E-1 4.07721E-1 3.11127E-1 1.75691E-1 8.26271E-2 9.02653E-2 1.96254E-1 3.23504E-1 4.13993E-1 4.42359E-1 3.9741E-1 3.23202E-1 2.73186E-1 2.42985E-1 2.15731E-1 1.8978E-1 1.35577E-1 1.03397E-1 1.29398E-1 1.2761E-1 1.08303E-1 1.21023E-1 9.24005E-2 6.23394E-2 3.46731E-2 1.9043E-2 9.02764E-3 5.09734E-3 2.40125E-3 1.31969E-3 3.47887E-4 1.04915E-4 5.80526E-5 1.20034E-3 3.64517E-3 1.03451E-3
-9999 -9999 -9999 -9999 -9999 -9999 -9999 -9999 -9999 -9999 -9999 -9999 -9999 -9999 6.24349E-1 6.31271E-1 6.33192E-1 6.34549E-1 6.35015E-1 6.4884E-1 6.62193E-1 6.57247E-1 6.59176E-1 6.6171E-1 6.57697E-1 6.51145E-1 6.51875E-1 6.57841E-1 6.53822E-1 6.47379E-1 6.24156E-1 5.63927E-1 4.44252E-1 3.85861E-1 3.56663E-1 3.132E-1 1.83717E-1 6.64724E-2 3.15176E-2 4.14423E-2 1.0849E-1 2.67594E-1 4.02336E-1 4.71964E-1 5.00126E-1 4.85815E-1 4.56464E-1 3.82448E-1 2.46875E-1 1.80422E-1 1.25269E-1 2.70419E-1 3.42712E-1 3.10022E-1 2.28625E-1 1.34704E-1 8.05132E-2 3.98285E-2 2.03686E-2 8.54129E-3 3.94774E-3 2.54889E-3 3.35546E-3 5.27128E-3 1.6111E-3 7.80744E-5 4.96747E-9 2.06139E-4 1.56999E-5 8.00113E-5
-9999 -9999 -9999 -9999 -9999 -9999 -9999 -9999 -9999 -9999 5.29491E-1 5.39886E-1 5.64748E-1 6.17667E-1 6.45873E-1 6.54478E-1 6.52216E-1 6.47248E-1 6.45752E-1 6.60833E-1 6.50487E-1 6.44009E-1 6.52862E-1 6.58615E-1 6.60587E-1 6.58702E-1 6.59205E-1 6.56992E-1 6.56197E-1 -9999 6.38805E-1 -9999 4.91362E-1 -9999 1.43248E-1 1.37175E-1 9.27167E-2 3.51113E-2 2.47797E-2 2.93976E-2 8.47075E-2 2.43476E-1 4.10343E-1 5.09406E-1 5.62702E-1 5.67287E-1 5.48092E-1 5.59657E-1 5.08044E-1 4.54288E-1 4.42663E-1 4.53818E-1 4.23578E-1 3.6957E-1 2.72802E-1 1.60147E-1 6.23955E-2 1.32596E-2 4.75511E-3 2.42646E-3 2.27123E-3 3.30857E-3 5.89758E-3 2.84609E-2 1.1201E-2 1.70945E-4 3.96114E-6 2.18476E-7 2.4661E-5 1.72432E-3
-9999 -9999 -9999 -9999 -9999 -9999 -9999 -9999 -9999 -9999 -9999 5.61644E-1 5.83562E-1 6.34098E-1 6.50469E-1 6.4596E-1 6.43861E-1 6.50603E-1 6.54801E-1 6.59181E-1 6.53316E-1 6.50142E-1 6.56796E-1 6.57842E-1 6.59944E-1 6.61093E-1 6.60198E-1 6.56351E-1 6.55644E-1 6.56197E-1 -9999 5.96129E-1 5.04274E-1 3.68382E-1 1.39989E-1 8.21638E-2 6.12656E-2 4.2175E-2 4.44162E-2 5.03285E-2 1.17794E-1 2.54038E-1 4.57954E-1 5.5106E-1 6.03931E-1 6.18493E-1 6.10127E-1 6.03022E-1 5.5502E-1 5.08222E-1 4.76428E-1 4.27907E-1 3.91938E-1 3.48941E-1 2.36618E-1 1.37925E-1 4.03978E-2 3.06912E-3 4.49686E-4 4.6591E-4 1.37575E-3 3.75076E-3 1.29934E-2 2.37612E-2 3.19177E-2 4.20982E-3 1.36615E-3 1.10462E-3 9.82996E-4 8.36134E-3
-9999 -9999 -9999 -9999 -9999 -9999 -9999 -9999 -9999 -9999 -9999 -9999 6.2528E-1 6.51394E-1 6.45379E-1 6.39944E-1 6.42527E-1 6.50777E-1 6.55627E-1 6.58615E-1 6.57677E-1 6.58557E-1 6.60243E-1 6.57741E-1 6.58271E-1 6.58686E-1 6.55595E-1 6.54216E-1 6.56316E-1 -9999 -9999 -9999 5.00549E-1 4.03831E-1 1.90331E-1 7.74035E-2 4.37353E-2 4.2175E-2 4.83617E-2 6.14819E-2 1.6216E-1 3.47424E-1 3.77731E-1 4.44324E-1 6.17262E-1 6.27849E-1 6.33925E-1 6.16722E-1 5.81152E-1 5.51061E-1 5.04105E-1 3.92616E-1 3.05656E-1 2.58382E-1 1.84087E-1 9.25614E-2 1.69194E-2 1.01486E-3 1.39229E-4 2.62357E-4 2.45775E-3 1.73628E-2 2.60291E-2 1.10211E-2 6.53918E-3 1.63646E-2 1.74829E-2 2.29662E-2 1.36262E-2 2.01156E-2
-9999 -9999 -9999 -9999 -9999 -9999 -9999 -9999 -9999 -9999 -9999 -9999 -9999 6.52971E-1 6.16758E-1 6.22129E-1 6.22812E-1 6.34509E-1 6.39258E-1 6.47864E-1 6.55768E-1 6.58989E-1 6.57553E-1 6.58761E-1 6.61051E-1 6.59557E-1 6.58924E-1 6.60416E-1 6.60258E-1 -9999 -9999 6.08829E-1 5.1517E-1 3.89611E-1 1.94058E-1 4.34469E-2 8.10168E-3 6.12128E-3 1.12741E-2 3.15087E-2 9.62037E-2 3.15271E-1 5.00269E-1 5.76212E-1 5.90779E-1 5.90779E-1 5.94621E-1 5.72779E-1 5.37538E-1 5.66501E-1 5.01317E-1 4.12547E-1 2.98424E-1 2.44002E-1 1.89438E-1 7.14953E-2 8.42417E-3 5.21047E-4 3.5467E-4 6.43512E-4 3.78287E-3 3.79199E-2 8.50208E-2 6.22683E-2 6.47794E-2 8.10677E-2 6.73759E-2 7.43854E-2 7.20859E-2 6.07712E-2
-9999 -9999 -9999 -9999 -9999 -9999 -9999 -9999 -9999 -9999 -9999 -9999 -9999 -9999 6.27276E-1 6.13129E-1 6.05392E-1 5.76938E-1 5.21565E-1 5.61079E-1 6.35721E-1 6.54355E-1 6.56732E-1 6.60279E-1 6.61688E-1 6.61773E-1 6.61777E-1 6.58526E-1 6.4666E-1 6.45839E-1 -9999 -9999 -9999 3.15304E-1 8.83393E-2 9.51584E-3 1.23575E-3 1.02068E-3 5.27404E-3 5.07378E-2 2.54533E-1 5.07678E-1 6.0877E-1 6.41779E-1 6.40655E-1 5.98973E-1 5.657E-1 5.09518E-1 4.24474E-1 4.57779E-1 3.61121E-1 2.96392E-1 2.40817E-1 2.36862E-1 1.82178E-1 8.05132E-2 1.84262E-2 3.06912E-3 5.87561E-4 3.24564E-5 3.16111E-5 2.18799E-3 6.35492E-2 1.85677E-1 1.52242E-1 1.59432E-1 1.48506E-1 1.07848E-1 8.73256E-2 9.24005E-2
-9999 -9999 -9999 -9999 -9999 -9999 -9999 -9999 -9999 -9999 -9999 -9999 -9999 -9999 -9999 5.96976E-1 5.68771E-1 5.13966E-1 4.23591E-1 5.06001E-1 6.24152E-1 6.48053E-1 6.49873E-1 6.57623E-1 6.61121E-1 6.61179E-1 6.54493E-1 6.50285E-1 6.35858E-1 -9999 -9999 -9999 3.62012E-1 1.23952E-1 8.45841E-3 2.83668E-4 4.19342E-5 8.86713E-5 2.43576E-3 4.80999E-2 3.29793E-1 6.01099E-1 6.47873E-1 6.53417E-1 6.49826E-1 6.19711E-1 5.9114E-1 5.51E-1 4.96525E-1 3.48742E-1 2.20509E-1 3.16671E-1 2.90711E-1 3.43357E-1 3.11495E-1 2.11073E-1 8.26271E-2 1.09373E-2 6.56104E-4 6.52504E-6 6.15531E-5 1.76578E-2 1.99444E-1 2.70554E-1 2.97627E-1 2.18658E-1 1.6141E-1 1.22416E-1 1.01371E-1 1.20648E-1
-9999 -9999 -9999 -9999 -9999 -9999 -9999 -9999 -9999 -9999 -9999 -9999 -9999 -9999 -9999 -9999 5.412E-1 4.94107E-1 4.93941E-1 5.47056E-1 5.99434E-1 6.14546E-1 6.32427E-1 6.44533E-1 6.54706E-1 6.50937E-1 6.41432E-1 6.26456E-1 6.04111E-1 -9999 -9999 -9999 7.15061E-2 3.07037E-3 1.14224E-4 3.09064E-6 5.06812E-7 5.58396E-6 5.09234E-4 2.47208E-2 3.89238E-1 6.34636E-1 6.6217E-1 6.60899E-1 6.54709E-1 6.15573E-1 5.94998E-1 5.50237E-1 5.24494E-1 5.03386E-1 5.041E-1 5.09646E-1 5.22835E-1 5.02873E-1 4.29831E-1 1.80117E-1 8.4707E-2 2.1538E-2 7.31782E-3 3.48846E-2 3.14188E-1 4.50596E-1 4.5636E-1 4.18204E-1 3.28154E-1 1.98366E-1 1.3586E-1 1.02171E-1 8.62217E-2 8.3699E-2
-9999 -9999 -9999 -9999 -9999 -9999 -9999 -9999 -9999 -9999 -9999 -9999 -9999 -9999 -9999 -9999 -9999 5.49778E-1 5.80135E-1 5.97135E-1 6.00866E-1 6.30196E-1 6.36417E-1 6.45102E-1 6.58019E-1 6.59176E-1 6.41997E-1 -9999 -9999 -9999 -9999 -9999 -9999 4.14588E-5 2.25018E-6 8.12097E-8 2.47541E-9 3.83095E-8 3.97831E-5 3.19861E-2 4.97786E-1 6.37949E-1 6.51403E-1 6.59949E-1 6.60631E-1 6.41907E-1 6.247E-1 5.79208E-1 5.40606E-1 5.39206E-1 5.69978E-1 5.77436E-1 6.05186E-1 5.6095E-1 4.7186E-1 5.0132E-1 5.34679E-1 5.29117E-1 5.36121E-1 5.60704E-1 5.56845E-1 5.27641E-1 4.99182E-1 3.99276E-1 2.91436E-1 1.60019E-1 1.01719E-1 6.77571E-2 6.1372E-2 4.75692E-2
-9999 -9999 -9999 -9999 -9999 -9999 -9999 -9999 -9999 -9999 -9999 -9999 -9999 -9999 -9999 -9999 -9999 -9999 6.32648E-1 6.25758E-1 6.09285E-1 6.37297E-1 6.55731E-1 6.58761E-1 6.61116E-1 -9999 -9999 -9999 -9999 -9999 -9999 -9999 -9999 9.36342E-8 2.63562E-10 3.08311E-11 1.09525E-12 5.00315E-11 1.96973E-6 5.42782E-2 5.60553E-1 6.3698E-1 6.39121E-1 6.56787E-1 6.61057E-1 6.43359E-1 6.15539E-1 5.78839E-1 5.2316E-1 4.85824E-1 5.1241E-1 5.44795E-1 5.9054E-1 6.07976E-1 6.02685E-1 6.12157E-1 6.26175E-1 6.07976E-1 5.9709E-1 5.98044E-1 5.61445E-1 5.20076E-1 4.54654E-1 3.545E-1 2.70891E-1 1.5911E-1 1.13267E-1 9.10151E-2 5.80399E-2 3.19281E-2
-9999 -9999 -9999 -9999 -9999 -9999 -9999 -9999 -9999 -9999 -9999 -9999 -9999 -9999 -9999 -9999 -9999 -9999 -9999 -9999 5.56364E-1 6.07874E-1 -9999 -9999 -9999 -9999 -9999 -9999 -9999 -9999 -9999 -9999 -9999 -9999 1.19517E-14 4.50968E-17 1.00578E-17 2.60964E-13 1.0913E-6 4.04259E-2 4.93139E-1 6.16451E-1 6.17925E-1 6.47587E-1 6.60495E-1 6.34799E-1 5.79305E-1 5.07272E-1 4.39852E-1 4.41023E-1 4.63688E-1 4.9589E-1 5.56714E-1 6.02409E-1 6.16346E-1 6.15537E-1 6.2525E-1 5.8893E-1 5.60818E-1 5.45292E-1 5.01094E-1 4.65818E-1 4.40543E-1 3.9047E-1 2.48097E-1 1.466E-1 1.09881E-1 9.27167E-2 4.92049E-2 1.95326E-2
-9999 -9999 -9999 -9999 -9999 -9999 -9999 -9999 -9999 -9999 -9999 -9999 -9999 -9999 -9999 -9999 -9999 -9999 -9999 -9999 -9999 -9999 -9999 -9999 -9999 -9999 -9999 -9999 -9999 -9999 -9999 -9999 -9999 2.61179E-14 1.00292E-17 3.74352E-21 9.16499E-19 1.20773E-11 1.63095E-4 1.71535E-1 5.91775E-1 6.18453E-1 6.28399E-1 6.52914E-1 6.58979E-1 6.20248E-1 5.45534E-1 4.63076E-1 4.18074E-1 4.31746E-1 4.63398E-1 4.91344E-1 5.10523E-1 5.49461E-1 6.05293E-1 6.18091E-1 5.85231E-1 5.32076E-1 4.81508E-1 4.47935E-1 3.9123E-1 3.77793E-1 3.80264E-1 3.48105E-1 2.04792E-1 1.17898E-1 8.79941E-2 6.33365E-2 2.87005E-2 9.17374E-3
-9999 -9999 -9999 -9999 -9999 -9999 -9999 -9999 -9999 -9999 -9999 -9999 -9999 -9999 -9999 -9999 -9999 -9999 -9999 -9999 -9999 -9999 -9999 -9999 -9999 -9999 -9999 -9999 -9999 -9999 -9999 -9999 -9999 4.7858E-15 1.09169E-19 8.90509E-23 2.28599E-18 9.63833E-9 6.07455E-3 2.71118E-1 5.6365E-1 6.20405E-1 6.2936E-1 6.51772E-1 6.56748E-1 6.03144E-1 5.11238E-1 4.384E-1 4.06248E-1 4.16512E-1 4.67391E-1 4.92988E-1 4.37904E-1 4.49693E-1 4.76027E-1 5.12584E-1 5.05011E-1 4.15094E-1 3.545E-1 3.03178E-1 2.78382E-1 2.79096E-1 2.72923E-1 2.2991E-1 9.73054E-2 5.47426E-2 4.18544E-2 3.22814E-2 1.56738E-2 5.31165E-3
-9999 -9999 -9999 -9999 -9999 -9999 -9999 -9999 -9999 -9999 -9999 -9999 -9999 -9999 -9999 -9999 -9999 -9999 -9999 -9999 -9999 -9999 -9999 -9999 -9999 -9999 -9999 -9999 -9999 -9999 -9999 -9999 7.74129E-11 3.62175E-15 9.2637E-22 2.64719E-25 1.7069E-18 1.07402E-7 5.57225E-2 5.31539E-1 6.06458E-1 6.19888E-1 6.23064E-1 6.39362E-1 6.49485E-1 5.58766E-1 4.56448E-1 3.98667E-1 4.18383E-1 4.7682E-1 5.37046E-1 5.51484E-1 5.15512E-1 4.62386E-1 4.38435E-1 3.77096E-1 3.06722E-1 2.60037E-1 1.6641E-1 1.40962E-1 1.77071E-1 2.13734E-1 2.04523E-1 1.62107E-1 7.95941E-2 3.90726E-2 1.97707E-2 1.21106E-2 8.93923E-3 4.33724E-3
-9999 -9999 -9999 -9999 -9999 -9999 -9999 -9999 -9999 -9999 -9999 -9999 -9999 -9999 -9999 -9999 -9999 -9999 -9999 -9999 -9999 -9999 -9999 -9999 -9999 -9999 -9999 -9999 -9999 -9999 -9999 -9999 3.7141E-13 1.66896E-18 8.36653E-28 1.5871E-29 1.02168E-21 1.19983E-8 9.34894E-2 6.02789E-1 6.30402E-1 6.17962E-1 6.24942E-1 6.38206E-1 6.40334E-1 5.75246E-1 4.3305E-1 4.07646E-1 4.57622E-1 5.1515E-1 5.67569E-1 5.94621E-1 5.87759E-1 5.41332E-1 4.53228E-1 4.00348E-1 3.52427E-1 2.31675E-1 8.11376E-2 6.29248E-2 1.07293E-1 1.53266E-1 1.69078E-1 1.23952E-1 7.54036E-2 3.82248E-2 1.53844E-2 7.11901E-3 5.48225E-3 5.41528E-3
-9999 -9999 -9999 -9999 -9999 -9999 -9999 -9999 -9999 -9999 -9999 -9999 -9999 -9999 -9999 -9999 -9999 -9999 -9999 -9999 -9999 -9999 -9999 -9999 -9999 -9999 -9999 -9999 -9999 -9999 -9999 -9999 1.51264E-14 1.2675E-22 2.46099E-33 1.21711E-39 4.72902E-30 6.63771E-15 2.89478E-3 5.40094E-1 6.22436E-1 6.0637E-1 6.16115E-1 6.3991E-1 6.54355E-1 6.17927E-1 5.12533E-1 4.98937E-1 5.36707E-1 5.66359E-1 5.89813E-1 6.09478E-1 6.0103E-1 5.45528E-1 4.87481E-1 4.20937E-1 3.51558E-1 2.21998E-1 9.83099E-2 6.32062E-2 7.94715E-2 1.67394E-1 1.39391E-1 9.83831E-2 6.42085E-2 3.65205E-2 1.72213E-2 8.61604E-3 6.03522E-3 6.81032E-3
-9999 -9999 -9999 -9999 -9999 -9999 -9999 -9999 -9999 -9999 -9999 -9999 -9999 -9999 -9999 -9999 -9999 -9999 -9999 -9999 -9999 -9999 -9999 -9999 -9999 -9999 -9999 -9999 -9999 -9999 -9999 -9999 3.10605E-18 3.43919E-26 3.40472E-38 1.50387E-41 5.44685E-42 1.11191E-32 1.42515E-8 8.53132E-2 6.06638E-1 5.89345E-1 5.99114E-1 6.33954E-1 6.5838E-1 6.46809E-1 6.15593E-1 6.03925E-1 5.98577E-1 5.90964E-1 5.832E-1 5.82296E-1 5.78837E-1 5.30952E-1 4.68307E-1 4.00412E-1 3.20441E-1 1.94712E-1 1.08581E-1 6.23953E-2 5.49982E-2 6.39693E-2 7.7547E-2 6.51865E-2 4.19149E-2 2.99778E-2 2.50227E-2 1.70771E-2 1.14253E-2 9.00686E-3
-9999 -9999 -9999 -9999 -9999 -9999 -9999 -9999 -9999 -9999 -9999 -9999 -9999 -9999 -9999 -9999 -9999 -9999 -9999 -9999 -9999 -9999 -9999 -9999 -9999 -9999 -9999 -9999 -9999 -9999 -9999 -9999 4.9377E-18 3.06167E-28 4.14415E-39 1.4013E-44 3.80564E-39 2.83392E-27 2.80142E-9 6.91401E-2 6.20316E-1 5.89345E-1 5.96432E-1 6.26607E-1 6.51772E-1 6.61128E-1 6.58979E-1 6.37714E-1 6.11516E-1 5.89834E-1 5.61415E-1 5.45556E-1 5.29705E-1 5.0132E-1 4.43132E-1 3.64064E-1 2.66679E-1 1.75201E-1 1.04657E-1 6.9599E-2 5.04193E-2 3.91231E-2 3.05399E-2 4.20678E-2 4.64969E-2 3.96114E-2 3.01161E-2 1.86368E-2 6.71379E-3 5.31919E-3
-9999 -9999 -9999 -9999 -9999 -9999 -9999 -9999 -9999 -9999 -9999 -9999 -9999 -9999 -9999 -9999 -9999 -9999 -9999 -9999 -9999 -9999 -9999 -9999 -9999 -9999 -9999 -9999 -9999 -9999 -9999 -9999 -9999 4.42759E-30 1.88458E-37 7.50676E-42 1.75539E-33 7.84806E-22 7.03634E-9 1.84837E-2 5.47201E-1 6.01117E-1 5.97579E-1 6.22367E-1 6.45156E-1 6.51809E-1 6.6113E-1 6.42326E-1 6.12632E-1 5.91141E-1 5.62702E-1 5.34883E-1 4.99678E-1 4.46877E-1 3.95957E-1 3.30236E-1 2.64091E-1 2.20085E-1 1.51666E-1 9.95246E-2 6.06882E-2 4.10481E-2 4.08244E-2 4.54357E-2 5.26454E-2 5.3404E-2 4.35787E-2 2.25068E-2 8.75019E-3 8.35287E-3
-9999 -9999 -9999 -9999 -9999 -9999 -9999 -9999 -9999 -9999 -9999 -9999 -9999 -9999 -9999 -9999 -9999 -9999 -9999 -9999 -9999 -9999 -9999 -9999 -9999 -9999 -9999 -9999 -9999 -9999 -9999 -9999 -9999 1.65976E-31 1.48391E-34 1.29144E-41 1.12838E-35 1.10674E-22 6.16105E-7 2.19407E-1 5.67679E-1 6.00772E-1 6.04105E-1 6.24009E-1 6.39053E-1 6.49402E-1 6.58858E-1 6.37814E-1 6.14745E-1 5.93035E-1 5.62934E-1 5.2947E-1 4.78883E-1 4.20943E-1 3.7571E-1 3.11902E-1 2.72238E-1 2.88092E-1 2.06852E-1 1.41456E-1 9.53416E-2 5.81957E-2 5.26927E-2 5.64275E-2 6.67677E-2 7.83716E-2 7.1495E-2 5.19859E-2 3.14904E-2 2.96697E-2
