KUENM/Final_Models/M_0.1_F_lq_Set_2_EC/sp1_2.asc
ncols         197
nrows         210
xllcorner     56.1666666666667
yllcorner     4.5
cellsize      0.166666666666667
NODATA_value  -9999
[rows 0 to 27 of 210, columns 65 to 129 of 197]
-9999 -9999 -9999 -9999 -9999 -9999 -9999 -9999 -9999 -9999 -9999 -9999 -9999 -9999 -9999 -9999 -9999 -9999 -9999 -9999 -9999 -9999 -9999 -9999 -9999 -9999 -9999 -9999 -9999 5.4065E-7 5.86656E-8 2.1702E-7 3.31469E-8 9.84831E-9 1.40771E-9 1.31579E-10 8.67167E-11 1.84526E-9 2.83379E-10 6.17039E-11 -9999 -9999 -9999 -9999 -9999 -9999 -9999 -9999 -9999 -9999 -9999 -9999 -9999 -9999 -9999 -9999 -9999 -9999 -9999 -9999 -9999 -9999 -9999 -9999 -9999
-9999 -9999 -9999 -9999 -9999 -9999 -9999 -9999 -9999 -9999 -9999 -9999 -9999 -9999 -9999 -9999 -9999 -9999 -9999 -9999 -9999 -9999 -9999 5.51884E-6 1.49722E-6 2.5092E-5 1.60691E-5 4.83333E-6 8.36486E-9 3.94596E-10 4.3646E-9 1.89305E-8 5.65665E-9 1.54846E-9 8.11544E-11 1.23392E-11 3.29503E-11 1.13662E-9 1.23079E-9 1.21915E-10 2.09811E-10 1.96406E-9 1.52414E-9 1.50982E-10 1.11128E-10 2.02287E-10 -9999 -9999 -9999 -9999 -9999 -9999 -9999 -9999 -9999 -9999 -9999 -9999 -9999 -9999 -9999 -9999 -9999 -9999 -9999
-9999 -9999 -9999 -9999 -9999 -9999 -9999 -9999 -9999 -9999 -9999 -9999 -9999 -9999 -9999 -9999 -9999 -9999 -9999 8.4837E-5 3.79957E-5 6.27808E-5 7.74723E-5 2.40883E-5 3.9697E-6 7.42223E-7 1.5169E-8 7.57977E-8 5.92016E-8 3.01949E-9 5.99957E-11 1.01031E-8 3.09075E-9 1.09504E-9 5.68827E-11 5.39894E-11 3.59613E-10 7.47446E-10 5.91414E-9 2.26756E-9 3.20419E-11 2.10251E-10 1.35938E-10 1.09789E-9 6.83415E-9 7.66535E-10 1.23452E-11 2.79677E-10 1.02569E-8 2.57744E-7 -9999 -9999 -9999 -9999 -9999 -9999 -9999 -9999 -9999 -9999 -9999 -9999 -9999 -9999 -9999
-9999 -9999 -9999 -9999 -9999 -9999 -9999 -9999 -9999 -9999 -9999 -9999 -9999 -9999 -9999 -9999 1.63374E-6 4.25699E-5 5.99133E-4 2.03639E-5 7.63631E-6 1.67585E-7 5.43534E-7 3.21016E-6 9.33405E-7 1.08449E-8 3.79683E-8 7.76213E-8 1.32809E-10 2.65491E-11 3.58336E-12 1.24062E-9 4.86815E-11 6.74409E-11 6.71313E-10 1.17906E-10 2.85812E-10 2.89172E-9 3.47478E-9 5.04968E-10 6.23556E-11 7.11255E-11 4.08629E-10 7.46273E-10 9.30881E-10 1.83501E-9 3.85528E-10 1.08864E-10 3.99238E-11 1.21828E-8 3.3265E-7 1.17119E-6 4.80333E-6 -9999 -9999 -9999 -9999 -9999 -9999 -9999 -9999 -9999 -9999 -9999 -9999
-9999 -9999 -9999 -9999 -9999 -9999 -9999 -9999 -9999 -9999 -9999 -9999 -9999 -9999 4.57295E-5 1.8768E-5 2.85733E-4 8.00844E-5 7.63734E-6 4.60385E-5 1.58754E-5 1.50612E-5 1.21543E-5 5.4607E-7 5.19659E-8 9.66085E-7 6.72767E-9 1.31837E-8 5.06232E-9 2.74219E-9 5.10477E-9 8.69726E-11 3.93303E-11 5.61624E-10 5.0952E-10 5.02865E-10 1.55242E-9 2.50129E-9 1.05281E-9 3.21764E-10 1.05797E-10 1.98124E-10 1.34123E-10 1.66781E-10 6.10618E-11 8.83684E-11 2.04947E-10 5.47864E-9 1.34854E-10 3.67646E-9 1.04933E-8 6.60954E-8 1.58392E-7 9.54036E-7 1.39221E-5 -9999 -9999 -9999 -9999 -9999 -9999 -9999 -9999 -9999 -9999
-9999 -9999 -9999 -9999 -9999 -9999 -9999 -9999 -9999 -9999 -9999 -9999 5.77992E-3 1.2268E-3 2.04707E-4 6.202E-5 1.26091E-4 2.5743E-4 4.0023E-5 1.66405E-5 4.83131E-6 7.54905E-7 1.20423E-6 1.06018E-6 1.62445E-7 8.12522E-9 1.3071E-9 2.4176E-9 6.97926E-7 2.28707E-7 6.44976E-9 3.72316E-11 1.53201E-12 3.61954E-10 1.04202E-8 3.49828E-9 9.95671E-9 3.29788E-10 6.82512E-11 1.8899E-10 2.49937E-10 2.364E-10 3.40539E-10 3.39525E-10 3.37154E-10 9.41594E-11 8.22738E-11 5.78256E-10 8.36785E-11 1.09737E-12 5.71563E-11 1.00592E-9 5.77298E-10 4.80395E-9 7.93039E-7 6.22576E-6 1.59489E-5 -9999 -9999 -9999 -9999 -9999 -9999 -9999 -9999
-9999 -9999 -9999 -9999 -9999 -9999 -9999 -9999 -9999 -9999 8.65749E-3 4.86882E-3 4.56759E-3 4.60454E-3 1.8078E-3 9.81587E-4 1.41233E-3 5.64606E-4 2.51908E-4 3.32884E-5 1.60246E-6 1.45071E-6 3.30623E-5 4.48573E-5 1.95063E-5 3.28678E-7 3.26314E-7 1.26035E-6 9.80213E-8 6.35572E-8 1.85403E-8 4.04598E-10 4.61896E-9 1.69137E-8 7.0576E-9 2.24803E-9 1.98461E-9 1.38956E-10 3.92459E-11 7.60751E-11 8.0863E-11 3.71315E-10 1.11843E-9 6.71704E-10 7.28466E-10 3.34714E-10 7.80678E-11 1.04843E-10 8.90105E-10 2.67554E-11 2.87529E-11 3.34805E-10 2.81622E-9 1.13643E-8 6.80375E-9 2.40416E-7 1.11314E-6 7.20506E-6 1.85764E-5 -9999 -9999 -9999 -9999 -9999 -9999
-9999 -9999 -9999 -9999 -9999 -9999 -9999 -9999 5.66514E-3 3.24334E-3 6.44624E-3 1.51251E-2 8.89969E-3 2.98345E-3 3.60231E-3 5.53594E-3 3.38701E-3 1.95444E-3 5.07307E-4 2.28738E-5 1.34327E-6 5.6298E-5 1.94113E-7 2.14696E-6 2.07291E-8 3.46457E-6 1.03698E-5 2.73606E-7 3.02001E-8 1.93552E-8 7.37904E-9 1.81731E-7 6.22064E-8 2.36862E-8 4.90459E-9 4.48095E-9 1.6372E-9 1.06316E-9 1.44381E-9 3.87399E-10 2.313E-10 5.09628E-10 1.84494E-9 9.22066E-10 2.45005E-10 9.2526E-11 1.47674E-10 5.35046E-10 1.08936E-12 6.72709E-12 7.17708E-12 1.25063E-10 6.74065E-10 3.85275E-9 2.62509E-9 1.80533E-8 7.16238E-8 1.95596E-6 7.93162E-6 1.87955E-5 2.5888E-5 -9999 -9999 -9999 -9999
-9999 -9999 -9999 -9999 -9999 -9999 -9999 3.81894E-3 5.67312E-3 4.85167E-3 1.31442E-2 1.23753E-2 7.33319E-3 1.18786E-2 1.07132E-2 9.00287E-3 6.80826E-3 4.92236E-3 3.08197E-4 1.23797E-4 8.26662E-5 2.14496E-6 1.57169E-8 2.71867E-8 7.23023E-9 2.11595E-6 3.44924E-7 8.9247E-8 8.46459E-8 5.38053E-7 2.48599E-7 4.15784E-8 1.8998E-9 1.11633E-9 6.34946E-10 1.03798E-9 2.01644E-10 2.91175E-10 2.76259E-10 9.03705E-10 1.22113E-9 2.23964E-9 8.35162E-10 1.93083E-9 1.81599E-9 1.22572E-9 1.28238E-10 1.36195E-10 2.19103E-9 1.66147E-10 2.93155E-11 2.73849E-10 4.76944E-9 1.86794E-8 1.00981E-7 3.50622E-7 1.09161E-7 1.14204E-6 2.80378E-6 1.66206E-5 2.2194E-5 2.5043E-5 -9999 -9999 -9999
-9999 -9999 -9999 -9999 -9999 -9999 2.15895E-3 6.10346E-3 2.17078E-3 7.5974E-3 9.881E-3 1.02101E-2 9.60138E-3 1.23008E-2 8.67242E-3 1.43257E-2 1.48131E-2 3.06834E-3 3.22287E-4 9.99038E-4 1.49938E-6 3.64615E-6 6.63167E-7 2.24725E-8 7.67116E-7 1.34405E-5 2.35548E-6 4.64765E-6 3.08581E-7 1.14567E-7 3.29754E-9 8.09928E-10 3.31561E-10 8.23316E-10 1.3497E-9 2.08943E-9 2.23582E-10 2.66956E-10 3.70487E-10 5.83593E-10 3.57982E-10 5.1516E-10 5.7767E-10 5.45362E-10 3.63126E-10 1.00563E-9 3.62297E-10 4.15677E-11 2.93452E-9 7.34181E-9 7.72679E-10 9.72664E-11 1.21101E-8 3.27964E-9 5.62859E-8 1.18515E-6 7.32758E-7 5.27597E-6 9.26831E-6 1.39695E-5 1.8181E-5 2.5043E-5 2.54624E-5 -9999 -9999
-9999 -9999 -9999 -9999 4.2625E-3 3.56066E-3 3.27635E-3 5.0274E-3 4.60045E-3 7.31469E-3 8.04795E-3 9.54363E-3 1.01026E-2 1.18157E-2 1.27442E-2 1.60532E-2 1.00709E-2 1.52102E-3 1.31151E-4 1.56717E-3 1.85071E-5 9.85046E-7 2.15196E-7 8.17973E-7 4.07289E-6 4.70196E-8 2.408E-8 2.66628E-6 1.09356E-8 7.53356E-8 4.45964E-8 4.12563E-8 3.02574E-8 1.27047E-8 4.38459E-9 1.26304E-8 6.94305E-9 6.23812E-9 1.63918E-9 1.08281E-9 1.34083E-9 5.1516E-10 2.70701E-10 3.29939E-10 3.6516E-10 4.87374E-10 5.60996E-10 2.24422E-11 7.30853E-11 1.57868E-8 4.40012E-9 4.03376E-9 2.25316E-9 6.04327E-9 3.54044E-9 1.02553E-8 1.51845E-7 1.8647E-6 3.2095E-6 5.44682E-6 6.30794E-6 1.23313E-5 1.63468E-5 1.84859E-5 2.12363E-5
-9999 -9999 -9999 3.23892E-3 3.60354E-3 3.67616E-3 4.76587E-3 4.92289E-3 6.5688E-3 7.44494E-3 8.01558E-3 9.4089E-3 7.9135E-3 9.44471E-3 1.46307E-2 1.66728E-2 1.29777E-2 8.60203E-3 2.71672E-3 1.87673E-3 2.41493E-4 2.83345E-5 9.99841E-7 5.47626E-6 1.34906E-6 3.89736E-8 3.87144E-7 1.16132E-6 9.02278E-7 1.4639E-8 1.49402E-9 1.03826E-9 4.11039E-9 9.49416E-9 9.30107E-10 5.14535E-9 3.88707E-9 1.0655E-9 2.00969E-10 2.03609E-10 2.94362E-10 1.7985E-10 3.02238E-10 3.82227E-10 3.70647E-10 1.54567E-10 3.98568E-10 8.1825E-11 1.93189E-11 4.87247E-10 2.09543E-9 1.29786E-9 2.6906E-10 1.99596E-10 1.49066E-9 1.9147E-9 1.31952E-8 1.87645E-7 7.90853E-7 6.85308E-7 5.18847E-6 8.02425E-6 8.69737E-6 7.78282E-6 7.91383E-6
-9999 -9999 2.79531E-3 3.05284E-3 3.54464E-3 3.28009E-3 4.819E-3 4.7574E-3 6.22123E-3 7.6363E-3 8.19246E-3 8.85428E-3 8.61883E-3 7.43211E-3 1.52436E-2 1.63447E-2 9.31649E-3 1.04118E-3 7.43597E-4 1.43839E-4 2.24742E-5 2.03386E-5 6.91883E-6 7.01694E-6 1.59431E-6 1.53284E-7 1.72929E-6 3.29263E-6 1.11185E-7 3.9859E-9 7.47636E-9 3.68782E-8 6.12379E-8 7.4531E-9 1.61591E-9 1.46867E-9 2.58613E-9 4.51159E-9 2.33607E-9 1.17877E-9 7.76402E-10 4.01127E-10 1.93612E-10 7.34727E-11 1.87218E-10 2.38777E-10 5.52342E-10 1.40386E-10 2.04171E-11 3.52436E-11 1.41979E-9 4.11853E-11 4.02313E-10 8.47428E-10 7.48968E-10 1.48245E-8 1.18647E-9 7.31307E-8 3.55799E-7 1.71164E-6 9.78799E-7 2.40991E-6 3.98629E-6 4.62656E-6 4.54984E-6
-9999 2.45206E-3 2.62123E-3 3.36324E-3 3.68668E-3 3.50116E-3 4.97164E-3 5.05383E-3 7.04141E-3 8.02233E-3 9.27136E-3 1.10742E-2 1.25556E-2 1.04967E-2 1.43276E-2 1.2345E-2 5.98498E-3 5.92427E-4 8.61033E-4 1.21847E-3 1.74061E-3 3.75001E-4 2.37666E-5 1.43929E-5 2.43084E-6 6.02565E-8 9.1529E-7 2.97559E-7 2.5752E-7 1.56895E-7 2.04894E-7 6.80957E-8 1.00209E-8 2.14989E-9 5.46248E-9 1.04384E-8 3.2652E-9 4.17449E-10 8.15992E-11 1.65357E-10 1.25407E-10 6.63931E-11 1.79552E-10 3.59492E-10 7.17612E-11 1.17862E-11 1.25726E-11 7.8537E-12 1.36237E-11 8.82884E-11 2.68871E-9 3.22409E-11 1.16417E-10 1.00674E-8 3.15518E-8 3.03796E-9 2.93319E-10 4.3858E-9 3.30442E-7 3.61819E-7 5.21921E-7 5.61229E-7 5.93326E-7 8.63664E-7 7.36273E-7
2.59975E-3 2.60865E-3 2.89122E-3 3.20134E-3 3.79697E-3 3.58066E-3 4.92076E-3 5.4152E-3 6.64604E-3 7.94467E-3 9.18199E-3 9.39943E-3 1.17576E-2 1.39828E-2 1.44051E-2 1.17791E-2 3.593E-3 1.04766E-3 3.77887E-3 2.38297E-3 8.8475E-4 1.40035E-3 4.12392E-4 6.44564E-5 7.6975E-6 3.19322E-6 1.39066E-6 5.17134E-8 4.09242E-9 2.81461E-8 2.82639E-9 1.70796E-9 4.74496E-9 1.90118E-8 4.24981E-8 1.09436E-9 1.98114E-10 1.48668E-10 7.21859E-10 1.07745E-9 5.33906E-10 8.46821E-10 3.36396E-10 3.8324E-11 1.09804E-11 1.17862E-11 2.82747E-11 7.08866E-11 3.50059E-11 1.04554E-11 2.77804E-10 5.90703E-11 1.62991E-11 2.39988E-9 3.08038E-10 4.73857E-10 1.16707E-9 6.72897E-9 1.36021E-7 4.7639E-8 3.57757E-8 1.11655E-8 7.52009E-8 3.1384E-8 6.42808E-8
2.95019E-3 2.88399E-3 3.19335E-3 3.36172E-3 3.70682E-3 4.2143E-3 4.834E-3 5.5126E-3 6.38872E-3 7.71075E-3 9.26478E-3 9.66366E-3 1.13893E-2 1.07576E-2 9.69288E-3 7.39642E-3 8.26183E-3 4.42528E-3 7.51002E-3 1.8848E-3 4.84964E-4 2.01699E-5 9.23924E-5 3.4843E-4 2.85811E-5 4.68158E-8 1.11946E-7 2.28531E-7 6.40332E-10 2.18798E-9 9.78573E-8 5.35046E-7 4.93481E-8 4.43613E-9 6.90646E-9 7.15829E-9 6.78867E-9 1.58298E-9 2.69255E-8 1.20477E-9 3.94943E-10 3.99318E-10 4.33735E-11 3.2974E-11 3.84271E-11 3.56533E-11 5.76678E-11 1.93996E-11 5.44416E-11 1.0035E-11 2.68773E-12 3.7318E-11 1.06407E-11 3.71874E-9 2.85193E-10 4.64082E-11 1.42765E-10 1.23602E-10 3.10175E-9 8.6823E-9 8.11552E-9 5.38111E-10 4.39651E-9 1.26347E-9 6.84148E-10
3.11358E-3 3.19843E-3 2.68608E-3 3.07869E-3 3.47594E-3 4.26344E-3 4.40701E-3 5.45412E-3 5.13671E-3 5.83417E-3 9.4751E-3 1.16736E-2 1.06568E-2 8.16504E-3 1.08795E-2 8.90913E-3 3.58018E-3 1.03979E-3 2.13607E-3 2.96496E-4 5.46461E-5 1.11415E-6 4.46931E-6 1.42503E-4 1.4303E-5 1.35644E-8 7.18168E-8 8.5253E-6 4.43926E-8 9.04013E-7 2.99004E-8 3.73951E-10 4.11712E-10 2.70054E-8 7.50593E-9 2.37139E-8 3.48658E-9 1.34566E-9 2.83238E-9 6.40733E-10 1.55387E-10 2.80832E-10 5.75542E-10 2.08746E-10 2.32489E-10 3.22126E-10 7.44169E-9 8.49418E-10 4.63713E-11 1.32744E-11 3.31503E-12 1.92941E-12 1.91925E-11 1.44175E-11 2.47944E-9 3.38138E-12 3.30565E-12 2.61749E-11 3.18882E-11 1.3372E-10 2.86894E-10 1.48827E-10 1.79722E-10 1.3994E-10 4.64039E-12
1.58925E-3 5.92132E-4 3.6059E-4 7.11064E-4 1.51896E-3 1.70044E-3 2.6071E-3 3.44058E-3 4.58733E-3 4.63938E-3 5.83188E-3 1.00551E-2 8.64227E-3 4.42667E-3 6.4004E-3 3.17835E-3 1.76979E-3 1.03695E-3 5.56679E-6 2.81787E-4 4.29667E-6 3.26639E-8 1.18865E-5 6.82886E-5 6.81618E-7 3.39957E-7 3.18567E-6 2.65142E-8 3.97028E-8 8.23288E-10 9.42817E-11 4.55091E-9 7.01736E-7 1.21746E-7 3.90155E-8 5.65584E-8 9.64564E-9 2.06803E-8 6.58603E-8 2.93607E-9 3.76498E-8 1.45963E-8 1.45046E-8 1.15106E-10 2.01788E-11 2.13441E-10 5.23984E-9 7.89688E-9 8.55145E-11 1.18427E-11 7.07086E-12 1.53653E-12 7.72463E-13 2.3015E-10 1.14834E-9 9.74169E-10 3.13088E-10 9.55401E-13 4.09546E-12 5.03132E-12 8.6986E-12 3.00272E-12 1.0088E-12 1.20767E-12 2.70641E-12
5.12808E-4 3.67717E-5 6.16355E-5 4.3452E-4 1.08528E-3 1.65568E-3 1.20902E-3 1.48481E-3 2.96276E-3 4.13882E-3 5.21632E-3 5.91211E-3 4.18697E-3 4.23719E-3 2.79279E-3 4.32551E-4 2.69377E-6 9.74443E-5 3.23552E-7 2.23728E-7 7.10122E-9 1.03919E-9 1.2965E-5 1.0828E-7 5.93965E-9 8.67417E-8 4.80312E-8 3.09794E-9 1.44267E-10 2.71887E-10 7.04189E-8 5.99918E-7 7.49804E-6 9.64794E-7 8.17606E-8 2.91408E-9 1.05984E-8 2.14691E-7 5.2703E-7 6.80158E-9 5.54501E-8 2.34228E-7 5.38459E-10 2.33274E-8 7.30972E-10 2.45695E-10 4.61545E-10 2.46015E-8 7.38132E-11 1.71473E-10 6.96247E-10 1.38324E-11 8.05204E-12 2.25843E-11 1.18292E-10 6.85651E-12 1.83968E-11 6.96276E-11 2.01675E-10 2.11206E-11 5.37392E-11 2.22122E-11 1.85081E-11 1.78219E-12 1.03083E-11
6.33182E-4 2.72895E-4 1.75276E-4 2.3754E-4 6.46636E-4 9.78171E-4 8.97665E-4 1.06558E-3 1.76268E-3 3.29802E-3 4.99559E-3 4.91069E-3 3.92541E-3 2.54025E-3 5.051E-6 5.5857E-5 4.09455E-9 1.28547E-5 2.36434E-6 5.48896E-9 2.86233E-11 6.40651E-9 3.48108E-7 2.58317E-10 1.95704E-9 3.74164E-9 1.83873E-9 6.29904E-8 1.83947E-8 5.02407E-9 5.9609E-6 3.91395E-5 2.95921E-6 4.1988E-7 3.68556E-8 5.38187E-8 2.88792E-8 1.91124E-7 8.94128E-7 7.42478E-7 8.32364E-6 2.46874E-8 6.93082E-9 5.55441E-7 4.11379E-7 3.79343E-7 2.58312E-7 3.0476E-9 1.27371E-11 6.27764E-13 1.39142E-11 1.25412E-11 1.14568E-11 3.78561E-12 7.38154E-13 4.19847E-11 1.72883E-12 1.33978E-11 2.03999E-11 1.09992E-11 2.70641E-12 1.63059E-12 2.62048E-12 1.85081E-11 3.90178E-12
5.26876E-4 3.24499E-4 1.22953E-4 1.18608E-4 1.17501E-4 8.63711E-5 3.54938E-4 4.47451E-4 6.35417E-4 3.69926E-3 4.12122E-3 3.97487E-3 4.80282E-3 8.78493E-4 4.03679E-5 6.52291E-4 3.23878E-6 7.91689E-9 2.65158E-8 6.68462E-8 2.41733E-10 3.75926E-9 3.27135E-7 2.35778E-8 1.41534E-9 4.12046E-9 5.21864E-8 1.14792E-6 1.05872E-5 5.1463E-6 4.82239E-5 1.21012E-8 2.26411E-7 6.14748E-8 7.61967E-8 6.31089E-8 1.17968E-7 5.40089E-8 3.9544E-8 9.62498E-9 1.65039E-7 2.90385E-6 3.70267E-6 1.99916E-5 1.14749E-8 5.14355E-9 1.4208E-10 5.81917E-11 1.91425E-10 1.11013E-10 1.10091E-11 2.63744E-12 7.08595E-13 1.87183E-12 1.84324E-12 2.30638E-12 9.60657E-11 1.61198E-11 1.59862E-12 3.20179E-12 3.15191E-13 1.65699E-12 2.19718E-12 1.14016E-11 1.39393E-11
9.24242E-5 1.83701E-4 1.26035E-4 1.98878E-5 6.32043E-6 5.68916E-5 2.13822E-4 6.75625E-5 5.63425E-4 3.78557E-3 3.91989E-3 2.925E-3 1.19598E-3 3.08458E-4 2.57286E-6 1.10984E-4 2.61228E-7 3.06216E-10 7.23744E-10 7.61089E-11 3.66757E-9 4.47109E-8 1.75702E-9 4.20252E-8 1.27351E-10 7.91636E-8 1.01993E-7 8.01129E-7 2.14395E-4 5.90646E-5 8.41115E-7 6.61949E-9 1.61126E-8 5.52961E-9 9.15337E-9 1.09533E-8 7.18361E-9 2.98323E-8 8.67944E-8 5.88659E-8 3.11091E-8 1.93185E-8 7.95287E-8 2.68619E-5 8.19401E-5 6.91326E-7 5.99015E-7 1.37012E-10 3.01358E-10 2.94049E-9 1.93224E-9 7.34256E-11 2.40951E-11 3.31781E-11 2.64725E-12 9.88291E-13 3.79363E-13 3.15095E-13 1.19207E-11 2.24913E-12 2.69846E-13 3.15191E-13 3.43956E-12 1.17782E-11 2.66314E-12
1.99946E-5 1.95205E-5 1.64956E-5 8.41141E-6 2.49401E-5 6.44179E-5 1.27776E-5 2.2443E-6 3.00129E-4 1.71416E-3 3.15903E-3 1.57224E-3 5.19486E-4 1.98118E-4 2.41267E-5 1.14959E-8 3.75374E-10 2.54719E-10 1.35883E-9 3.83365E-10 9.97258E-11 1.76307E-10 5.5974E-9 3.15593E-10 3.28734E-9 1.49537E-7 6.89326E-7 9.82226E-7 1.56562E-3 4.11977E-6 8.10663E-7 1.38097E-8 5.93522E-8 1.44222E-7 8.80825E-8 2.49464E-7 1.10075E-7 3.12913E-7 5.76523E-6 2.78467E-6 7.26322E-7 2.5705E-6 4.34381E-8 2.68328E-8 2.64274E-7 2.4089E-4 1.01856E-5 1.47301E-8 7.42169E-9 8.16184E-10 2.27096E-8 8.46682E-9 6.25892E-10 1.44894E-9 1.66854E-11 7.73622E-11 9.61188E-12 7.05187E-13 1.89132E-12 2.28509E-12 9.40501E-13 2.65653E-13 7.24361E-14 8.69044E-13 3.69376E-12
6.27088E-7 2.84065E-6 9.45793E-7 3.05652E-6 7.22173E-6 1.03541E-5 1.08443E-6 1.16434E-5 5.33069E-4 1.45852E-3 2.29067E-3 1.84407E-3 5.92882E-4 2.28043E-4 1.18086E-5 7.46756E-8 3.97362E-9 2.71811E-7 2.80919E-9 5.24722E-10 5.75188E-9 4.47236E-10 2.6294E-10 1.54805E-9 8.02132E-9 3.17089E-6 1.05915E-6 5.39414E-6 2.98648E-3 5.01049E-5 9.59986E-7 3.06429E-6 2.92904E-6 7.11351E-6 1.06152E-6 1.19629E-5 1.00542E-6 4.91455E-6 3.68121E-4 1.55929E-3 1.02601E-3 7.50619E-4 4.44261E-5 6.37588E-7 3.44179E-8 1.03584E-4 4.41684E-7 4.93515E-8 4.37395E-7 3.95216E-7 2.95916E-8 2.65784E-7 6.08162E-10 1.02472E-10 1.39132E-10 6.55429E-12 4.45462E-11 6.94488E-13 3.62389E-13 7.04076E-13 2.96252E-13 3.46273E-13 2.134E-13 1.3081E-12 1.90035E-12
6.68223E-7 3.28618E-7 9.90854E-7 1.58333E-6 1.08151E-5 8.17878E-6 2.24749E-5 4.31045E-4 1.57388E-4 1.41577E-5 8.10188E-7 4.43098E-7 4.96334E-8 1.5247E-9 5.45948E-10 4.16511E-8 4.55876E-7 1.24291E-9 9.12527E-9 5.94768E-8 8.89156E-9 2.45219E-9 1.35661E-8 1.19549E-7 2.2271E-8 6.39949E-6 5.51487E-4 1.7357E-3 9.11851E-4 1.33731E-5 4.39361E-4 1.24275E-4 3.23118E-6 3.25632E-5 2.28833E-7 1.14928E-4 4.73387E-4 5.07398E-3 1.754E-5 1.08576E-5 1.7033E-4 1.54745E-3 3.0345E-3 1.12293E-3 2.66153E-4 2.44585E-6 2.31258E-7 1.14908E-7 1.21832E-9 5.60781E-10 4.58753E-7 8.40127E-7 1.55783E-6 2.8305E-10 3.11261E-10 5.44416E-11 4.95531E-10 6.82761E-11 2.34437E-11 8.99964E-13 6.79864E-12 1.73723E-13 1.85171E-13 1.59002E-12 1.59002E-12
4.79484E-7 3.68986E-7 4.33588E-7 7.83943E-6 9.99083E-6 6.47696E-5 5.1703E-5 2.4702E-5 1.66261E-7 2.08468E-8 6.79257E-10 4.74039E-9 1.29073E-7 3.59925E-5 5.32787E-5 7.56755E-7 3.23856E-8 4.94163E-10 1.50095E-7 2.98394E-5 1.34547E-6 8.484E-9 1.08371E-6 7.0543E-6 1.75304E-6 2.38364E-5 1.14211E-3 2.14256E-3 5.71623E-5 9.91881E-4 3.36091E-4 5.74379E-6 9.38448E-6 3.39832E-4 1.01892E-6 1.27046E-5 4.39064E-4 2.37723E-3 9.66251E-6 5.98728E-7 6.5417E-7 1.20958E-6 1.16658E-5 7.17457E-6 3.18577E-8 2.90844E-10 2.73338E-7 3.81169E-7 4.18561E-9 7.47919E-10 1.27704E-9 8.55216E-7 3.90668E-8 3.07669E-7 1.69877E-8 3.5388E-8 9.45069E-8 2.6519E-8 4.94994E-10 1.65587E-11 4.88075E-12 6.95347E-11 7.15189E-13 3.51708E-13 6.79864E-12
2.0753E-7 8.06031E-8 3.73335E-7 1.66824E-6 1.97834E-6 2.06879E-6 3.05498E-6 7.60963E-8 5.29634E-8 6.65447E-8 5.71598E-6 7.36741E-5 3.50851E-4 5.89847E-3 2.24744E-3 3.84997E-5 1.29073E-7 1.83159E-7 3.67323E-7 1.37023E-4 4.65263E-4 2.00081E-5 1.51098E-4 7.41601E-4 5.03664E-6 1.71835E-3 4.51779E-3 2.34047E-4 7.11002E-4 9.29356E-4 1.29309E-3 3.23229E-4 1.78559E-3 5.91046E-4 4.89405E-5 4.58535E-3 2.36746E-3 2.38509E-5 1.08247E-6 2.2587E-7 4.06179E-7 2.03667E-7 1.28011E-7 5.87365E-8 6.24008E-9 4.86891E-9 3.64878E-7 3.73168E-8 2.58183E-8 1.65832E-9 3.98938E-9 2.0683E-9 7.72588E-10 6.87991E-8 5.02143E-8 3.42234E-10 1.02499E-8 3.98568E-10 1.81675E-10 2.13246E-11 3.07575E-12 1.52633E-10 1.1413E-11 9.28464E-13 4.61497E-12
1.12783E-7 2.0753E-7 2.27546E-7 5.04768E-7 4.22945E-7 1.09969E-6 3.03644E-6 1.85122E-6 6.01796E-6 3.75623E-5 6.5969E-5 1.99372E-5 4.91627E-4 5.64912E-3 5.13085E-3 6.15491E-3 6.43895E-4 3.00463E-6 2.99318E-3 4.97538E-4 1.75947E-2 3.90188E-5 6.52668E-4 6.10791E-3 1.1947E-2 1.8258E-2 3.11106E-3 1.07733E-2 1.08688E-2 5.93643E-3 1.10159E-3 1.52899E-3 6.48379E-3 8.85613E-4 1.47822E-3 4.17453E-3 2.24948E-4 9.35442E-6 1.0859E-6 2.71664E-6 3.09956E-6 5.01109E-7 4.48103E-7 2.0839E-6 2.02855E-6 9.22261E-8 4.12506E-8 1.81447E-7 1.99603E-8 1.1789E-8 1.59832E-8 1.0101E-9 1.49475E-10 2.13896E-10 4.58443E-9 3.07218E-8 1.18873E-10 4.45121E-9 8.31001E-9 1.7042E-10 7.29171E-11 1.37534E-11 1.01941E-9 1.41931E-11 3.85925E-13
