KUENM/Final_Models/M_0.1_F_lq_Set_2_EC/sp1_5_se_asia.asc
ncols         320
nrows         243
xllcorner     44.0
yllcorner     -0.666666666666667
cellsize      0.166666666666667
NODATA_value  -9999
[rows 62 to 92 of 243, columns 210 to 279 of 320]
3.85159E-8 5.3334E-12 2.2492E-13 1.97758E-13 1.24796E-10 4.26746E-9 1.58977E-8 4.46744E-9 1.82084E-7 2.28928E-7 1.03198E-7 1.40476E-7 1.74766E-6 1.14158E-5 6.49092E-5 2.81239E-6 7.54542E-4 1.55437E-5 1.29878E-6 2.78083E-8 4.89855E-12 2.97612E-15 8.82291E-15 9.2342E-13 4.07753E-12 6.38663E-14 -9999 -9999 -9999 -9999 -9999 -9999 -9999 -9999 -9999 -9999 -9999 -9999 -9999 -9999 -9999 -9999 -9999 -9999 -9999 -9999 -9999 -9999 -9999 -9999 -9999 -9999 -9999 -9999 -9999 -9999 -9999 -9999 -9999 -9999 -9999 -9999 -9999 -9999 -9999 -9999 -9999 -9999 -9999 -9999
1.35812E-5 1.00101E-8 2.82931E-13 2.57683E-13 6.67292E-11 1.17544E-9 5.6867E-9 8.13062E-9 2.43704E-7 4.12855E-7 4.45495E-7 8.8996E-7 2.48125E-6 1.70055E-5 2.41896E-5 7.5804E-5 5.46827E-5 2.77147E-5 1.18619E-5 4.2637E-6 3.15005E-8 3.02408E-13 8.23101E-14 3.88594E-13 9.2986E-14 1.94932E-14 6.38391E-17 -9999 -9999 1.61534E-13 1.82589E-13 -9999 -9999 -9999 -9999 -9999 -9999 -9999 -9999 -9999 -9999 -9999 -9999 -9999 -9999 -9999 -9999 -9999 -9999 -9999 -9999 -9999 -9999 -9999 -9999 -9999 -9999 -9999 -9999 -9999 -9999 -9999 -9999 -9999 -9999 -9999 -9999 -9999 -9999 -9999
7.69325E-4 2.32346E-5 3.05888E-7 3.90732E-9 2.20822E-10 1.27743E-10 1.68906E-9 4.26915E-9 6.58402E-9 1.02366E-7 2.06565E-7 4.14546E-7 5.67451E-7 1.76706E-6 1.76399E-5 1.51547E-4 7.65747E-5 4.09545E-7 4.24511E-8 4.38707E-9 3.03679E-8 5.68843E-7 1.95134E-9 1.07642E-9 4.5646E-14 1.1948E-14 1.22341E-14 5.85115E-18 8.29148E-19 2.79452E-9 1.19898E-13 -9999 -9999 -9999 -9999 -9999 -9999 -9999 -9999 -9999 -9999 -9999 -9999 -9999 -9999 -9999 -9999 -9999 -9999 -9999 -9999 -9999 -9999 -9999 -9999 -9999 -9999 -9999 -9999 -9999 -9999 -9999 -9999 -9999 -9999 -9999 -9999 -9999 -9999 -9999
8.04354E-3 1.97283E-3 1.05984E-3 1.83626E-4 6.8727E-6 6.48654E-7 2.12978E-6 1.09331E-5 1.47743E-7 6.91445E-9 7.38548E-9 5.23734E-9 3.72867E-8 2.27155E-7 1.70451E-6 2.64503E-6 3.92376E-5 3.44495E-5 8.92693E-6 8.67883E-5 2.43085E-6 1.24538E-6 1.25745E-8 2.1998E-7 1.5989E-10 6.14528E-13 1.55376E-14 6.34532E-17 5.19112E-11 1.09031E-10 3.10947E-17 -9999 -9999 -9999 -9999 -9999 -9999 -9999 -9999 -9999 -9999 -9999 -9999 -9999 -9999 -9999 -9999 -9999 -9999 -9999 -9999 -9999 -9999 -9999 -9999 -9999 -9999 -9999 -9999 -9999 -9999 -9999 -9999 -9999 -9999 -9999 -9999 -9999 -9999 -9999
3.04296E-2 1.32854E-2 7.65865E-3 4.0768E-3 7.59349E-4 3.94702E-5 1.38488E-5 1.51648E-6 2.23842E-8 4.26026E-9 1.26222E-9 1.83532E-10 4.62575E-10 9.19038E-9 3.10694E-7 2.92356E-7 1.63367E-6 9.10881E-6 1.31927E-6 3.48822E-7 1.26209E-6 9.31812E-7 1.6122E-7 1.07058E-8 1.31646E-14 2.60871E-18 7.51264E-20 4.04703E-13 7.18194E-10 2.86785E-14 4.21537E-16 1.91606E-14 1.16387E-18 -9999 -9999 -9999 -9999 -9999 -9999 -9999 -9999 -9999 -9999 -9999 -9999 -9999 -9999 -9999 -9999 -9999 -9999 -9999 -9999 -9999 -9999 -9999 -9999 -9999 -9999 -9999 -9999 -9999 -9999 -9999 -9999 -9999 -9999 -9999 -9999 -9999
4.97849E-2 2.77361E-2 1.58235E-2 6.82473E-3 8.00566E-4 1.23521E-4 9.74193E-5 1.23308E-5 2.4271E-7 5.85062E-8 5.38146E-8 5.27798E-9 3.4815E-10 2.40974E-11 1.68524E-10 4.6204E-11 1.45723E-8 2.79763E-7 9.93714E-9 4.99869E-9 1.61612E-8 2.23177E-8 2.75658E-7 5.20514E-7 9.24642E-9 1.47248E-7 2.50351E-8 1.4112E-6 9.39331E-10 3.67665E-16 3.51117E-14 8.22086E-13 1.09936E-9 3.37645E-15 1.36934E-11 -9999 2.49039E-14 -9999 -9999 -9999 -9999 -9999 -9999 -9999 -9999 -9999 -9999 -9999 -9999 -9999 -9999 -9999 -9999 -9999 -9999 -9999 -9999 -9999 -9999 -9999 -9999 -9999 -9999 -9999 -9999 -9999 -9999 -9999 -9999 -9999
5.26848E-2 3.95312E-2 2.06216E-2 5.28298E-3 4.07775E-4 1.41743E-4 3.205E-4 2.58944E-4 2.63799E-5 8.93644E-6 5.45057E-6 2.21349E-6 2.24139E-7 2.54817E-8 5.79595E-10 6.2565E-12 1.30918E-10 3.68072E-8 2.89755E-6 1.04512E-6 3.52658E-7 2.63407E-8 1.16396E-7 3.89027E-7 6.85318E-8 4.04002E-8 7.26515E-12 4.83599E-16 9.68935E-9 1.36128E-10 1.09457E-7 1.2203E-8 2.73798E-7 5.55303E-13 2.43673E-12 1.14146E-5 -9999 -9999 -9999 -9999 -9999 -9999 -9999 -9999 -9999 -9999 -9999 -9999 -9999 -9999 -9999 -9999 -9999 -9999 -9999 -9999 -9999 -9999 -9999 -9999 -9999 -9999 -9999 -9999 -9999 -9999 -9999 -9999 -9999 -9999
6.1446E-2 4.84478E-2 2.54244E-2 8.49178E-3 6.09037E-4 2.43318E-4 4.5136E-4 7.42406E-4 3.74659E-4 2.46772E-4 3.30903E-4 4.31931E-4 6.22063E-5 8.0717E-6 5.77482E-6 8.08306E-6 2.50521E-6 6.97955E-8 5.41801E-7 2.30072E-6 8.33631E-7 1.02364E-7 1.48909E-8 1.4314E-9 4.01425E-11 1.64863E-11 1.54913E-15 1.71573E-20 4.63593E-34 3.47984E-39 2.27261E-36 5.46105E-31 2.76866E-24 4.97784E-9 6.9585E-7 6.30094E-7 1.47763E-7 9.74534E-9 8.11165E-8 2.46754E-14 -9999 -9999 -9999 -9999 -9999 -9999 -9999 -9999 -9999 -9999 -9999 -9999 -9999 -9999 -9999 -9999 -9999 -9999 -9999 -9999 -9999 -9999 -9999 -9999 -9999 9.88408E-17 7.35721E-18 1.34988E-19 3.8775E-17 -9999
1.00251E-1 7.25216E-2 4.11191E-2 2.00941E-2 5.93667E-3 2.11065E-3 1.61431E-3 2.92143E-3 2.35768E-3 1.78536E-3 2.26667E-3 2.8105E-3 1.10693E-3 5.04508E-4 9.46771E-4 3.24804E-3 2.57662E-3 2.76374E-4 7.00095E-7 2.54881E-7 3.34867E-7 1.03326E-6 2.91843E-6 4.26336E-7 2.40487E-10 6.36409E-11 4.77185E-16 5.02917E-19 3.86107E-26 9.62371E-29 2.44809E-31 7.36252E-29 1.89811E-27 6.13019E-22 5.35629E-17 1.02367E-12 1.22279E-8 1.76052E-8 7.54014E-9 6.71423E-10 3.1501E-10 -9999 2.37882E-13 -9999 -9999 3.81811E-19 -9999 -9999 -9999 -9999 -9999 -9999 -9999 -9999 -9999 -9999 -9999 3.32699E-16 -9999 -9999 -9999 -9999 -9999 4.55557E-14 4.26197E-12 1.74777E-14 1.66426E-13 1.26868E-15 1.81651E-18 -9999
1.8076E-1 1.15436E-1 7.9189E-2 4.86853E-2 2.58193E-2 1.44268E-2 1.36308E-2 1.60819E-2 7.45118E-3 4.64138E-3 4.33721E-3 4.99872E-3 4.11685E-3 4.15879E-3 6.76027E-3 8.81601E-3 4.69391E-3 4.71734E-4 4.31108E-6 2.90369E-7 2.23667E-7 9.77268E-7 7.33172E-6 1.33761E-5 2.80612E-7 1.70514E-8 9.2378E-11 3.04544E-12 1.26315E-15 9.98454E-19 1.88524E-20 5.01846E-21 3.33559E-20 7.94072E-19 1.31296E-17 1.94513E-14 2.5989E-13 1.28457E-11 3.69906E-14 7.94751E-18 1.3139E-16 2.43079E-15 -9999 2.78614E-10 -9999 3.96776E-16 1.38911E-14 1.43139E-19 -9999 -9999 -9999 -9999 -9999 -9999 -9999 6.355E-18 4.2503E-15 1.93473E-14 3.97616E-16 -9999 -9999 -9999 5.86463E-13 2.50284E-11 1.79666E-8 1.18763E-12 2.89799E-10 4.61513E-15 4.40175E-14 3.0022E-13
2.68091E-1 1.79717E-1 1.27845E-1 9.20124E-2 6.04739E-2 3.59234E-2 2.78732E-2 2.19675E-2 1.09412E-2 7.06261E-3 8.28667E-3 8.79524E-3 8.58335E-3 9.20549E-3 1.05724E-2 8.36895E-3 3.67603E-3 6.52992E-4 4.76043E-5 3.01798E-6 4.00693E-7 7.18895E-7 4.81125E-6 1.7429E-5 5.36821E-6 1.05026E-7 2.07544E-10 1.33846E-11 1.70833E-14 1.58095E-15 2.05855E-17 7.34573E-17 1.42579E-15 7.56315E-15 1.70839E-14 3.837E-15 1.01153E-11 1.39167E-11 1.42857E-13 5.54816E-12 7.40264E-17 3.55954E-21 6.91116E-17 1.96073E-16 3.05861E-11 1.96371E-14 1.86742E-11 1.51806E-16 8.06952E-14 2.51767E-11 7.51628E-18 4.08483E-13 2.03205E-13 2.87481E-14 5.37522E-19 6.19679E-18 5.69327E-13 3.29028E-10 2.57175E-11 -9999 -9999 1.75986E-13 2.0434E-13 1.80803E-11 2.22612E-8 4.13913E-8 4.9444E-8 4.4887E-11 6.77055E-10 2.9183E-10
3.41602E-1 2.50679E-1 1.8868E-1 1.57581E-1 1.07089E-1 5.83409E-2 2.9763E-2 1.97761E-2 1.15949E-2 5.05258E-3 9.53148E-3 1.24085E-2 1.32724E-2 1.34965E-2 1.26949E-2 7.82051E-3 3.3044E-3 8.87169E-4 1.83132E-4 3.75466E-5 1.12572E-5 8.75564E-6 1.602E-5 5.38091E-5 3.35759E-5 7.3202E-7 3.38076E-8 3.96069E-10 2.07856E-11 2.24229E-14 1.20798E-16 5.36461E-14 1.70974E-11 1.33594E-11 6.22458E-13 2.64003E-11 8.86743E-15 6.72269E-13 5.04604E-14 7.29155E-9 8.3033E-9 1.34305E-15 2.59889E-14 9.51015E-17 2.46948E-13 3.68177E-12 7.60164E-16 4.4776E-12 1.14664E-15 4.1565E-23 4.52873E-15 6.71853E-11 7.80284E-11 2.291E-10 1.49372E-16 3.0208E-14 3.95877E-11 2.49141E-11 5.1211E-10 -9999 4.14174E-13 3.59691E-10 1.66096E-10 3.99676E-9 3.93057E-11 6.12993E-19 2.7058E-8 1.0993E-7 6.35381E-8 1.97193E-7
4.06975E-1 3.34165E-1 2.62253E-1 2.24318E-1 1.68695E-1 1.0259E-1 3.31847E-2 2.15191E-2 1.97761E-2 1.19956E-2 1.68891E-2 2.45057E-2 2.14112E-2 1.95607E-2 1.53288E-2 8.58628E-3 3.6128E-3 1.32717E-3 5.78739E-4 2.58247E-4 1.24817E-4 8.23626E-5 9.97726E-5 1.47367E-4 7.04409E-5 8.41091E-6 4.64641E-6 1.37646E-6 1.8025E-8 4.42511E-10 1.29402E-10 8.24749E-10 6.64621E-9 2.41986E-9 2.06278E-11 2.7588E-13 3.56198E-12 2.57155E-9 2.1895E-9 2.47037E-8 4.61896E-7 8.5239E-7 9.14699E-7 2.81123E-10 1.00931E-13 6.59201E-16 2.85897E-16 1.13173E-16 4.38581E-14 1.85399E-11 1.0594E-15 8.48631E-15 8.20187E-16 9.9275E-14 4.64913E-10 2.3629E-12 7.30869E-16 2.28395E-20 6.44556E-10 -9999 7.18711E-11 7.33619E-9 1.24068E-8 1.72355E-8 2.11159E-8 1.67151E-17 1.13548E-8 4.05292E-8 1.28304E-9 3.67151E-11
4.36985E-1 3.91934E-1 3.18155E-1 2.51147E-1 2.43506E-1 2.3219E-1 1.13315E-1 4.3089E-2 2.80128E-2 2.88767E-2 5.35938E-2 5.58146E-2 4.23086E-2 3.12643E-2 2.19527E-2 1.17235E-2 4.90442E-3 1.9627E-3 1.87287E-3 1.85836E-3 9.17311E-4 4.27825E-4 3.74659E-4 3.91649E-4 9.38443E-5 1.16461E-5 1.26021E-5 4.08915E-5 5.87057E-6 3.18742E-7 1.1183E-7 1.46132E-7 1.35291E-6 3.53106E-5 1.02227E-6 3.03684E-11 5.90779E-14 1.41155E-13 3.37657E-14 8.2292E-12 8.92259E-7 5.10294E-5 3.12666E-5 1.18979E-5 1.1476E-6 6.74159E-7 2.7137E-9 1.21736E-14 3.5592E-11 3.50362E-4 3.14922E-13 3.09492E-12 1.62215E-10 3.20566E-16 7.38507E-15 7.20827E-25 3.63031E-27 9.06658E-29 7.10659E-16 3.27545E-10 2.78525E-11 8.21839E-9 7.67656E-9 1.95835E-9 4.55599E-9 8.46257E-19 2.81919E-38 3.83582E-14 6.60065E-10 1.11491E-24
4.13082E-1 4.42864E-1 3.44522E-1 2.58856E-1 2.80356E-1 3.02174E-1 2.02612E-1 8.69042E-2 4.3089E-2 4.43256E-2 7.09769E-2 7.77846E-2 8.0742E-2 6.58996E-2 3.89816E-2 1.90225E-2 8.17835E-3 3.84411E-3 7.50242E-3 1.36308E-2 4.72846E-3 1.64725E-3 1.23814E-3 1.09362E-3 2.98343E-4 3.18496E-5 4.52218E-5 1.97975E-4 8.13982E-5 1.42516E-5 1.25011E-5 2.62369E-5 4.02673E-5 1.77241E-4 4.93623E-4 4.25328E-5 5.25633E-8 1.88036E-10 2.05391E-11 1.83438E-10 1.27408E-8 1.51889E-6 3.02099E-5 2.12685E-5 1.08089E-4 1.01806E-5 6.25451E-5 2.08035E-8 1.63813E-4 1.99585E-3 5.21859E-7 1.19357E-5 1.24967E-10 3.35744E-16 6.59816E-19 1.50437E-28 1.41483E-31 6.58601E-31 7.67254E-27 1.16244E-34 8.31458E-24 6.04322E-26 2.5158E-17 6.60076E-12 5.1487E-13 6.85987E-25 0E0 3.03587E-23 5.14675E-30 4.23535E-32
3.14501E-1 3.74316E-1 3.30518E-1 2.78386E-1 2.96201E-1 2.90243E-1 2.10158E-1 1.2685E-1 1.03781E-1 1.17513E-1 1.01635E-1 9.25034E-2 1.3694E-1 1.36646E-1 6.25386E-2 2.77946E-2 1.44064E-2 8.17835E-3 1.03989E-2 2.35266E-2 8.64231E-3 3.73024E-3 3.39149E-3 4.25669E-3 3.22132E-3 7.20803E-4 3.82935E-4 5.41705E-4 3.54207E-4 8.81077E-5 1.73668E-4 6.44672E-4 8.43177E-4 7.74672E-4 2.3152E-3 7.83774E-4 3.22978E-5 3.0281E-6 1.49941E-6 4.16492E-6 5.39914E-6 3.20464E-6 1.38052E-6 3.86679E-6 1.94882E-4 6.84659E-5 1.34507E-4 1.05389E-4 6.40003E-5 7.55043E-4 7.95146E-4 3.88853E-6 1.71019E-9 5.57438E-15 2.92876E-26 1.86342E-33 1.14334E-37 1.4013E-45 0E0 0E0 0E0 0E0 0E0 7.9825E-35 2.51884E-30 0E0 0E0 0E0 0E0 0E0
2.49666E-1 3.12656E-1 3.08503E-1 2.98527E-1 3.16155E-1 3.00182E-1 2.37825E-1 1.82263E-1 1.90781E-1 2.21067E-1 1.44425E-1 1.06582E-1 1.79146E-1 1.44227E-1 7.13644E-2 4.14209E-2 2.72838E-2 1.5649E-2 1.15255E-2 1.6914E-2 1.13305E-2 8.28903E-3 9.87339E-3 1.48303E-2 1.75466E-2 5.72634E-3 1.88343E-3 2.07415E-3 1.90695E-3 1.02722E-3 1.60536E-3 3.18007E-3 2.06917E-3 1.74986E-3 3.18893E-3 1.61755E-3 4.88024E-4 4.42429E-4 2.89915E-4 1.14158E-3 1.3845E-3 4.51533E-4 1.26472E-4 2.78043E-5 6.26175E-6 3.3337E-6 5.22236E-7 5.81473E-10 1.0751E-14 1.06757E-12 6.4385E-11 1.56733E-15 2.96461E-21 8.23397E-23 5.45496E-24 1.31274E-28 4.62428E-44 0E0 0E0 0E0 0E0 0E0 0E0 0E0 0E0 0E0 0E0 0E0 0E0 0E0
3.20628E-1 3.26672E-1 3.46683E-1 3.52505E-1 3.52505E-1 3.54497E-1 3.36165E-1 3.24158E-1 3.18504E-1 2.84631E-1 2.21344E-1 1.92756E-1 1.87596E-1 1.35698E-1 8.19331E-2 7.04573E-2 5.77489E-2 3.22125E-2 1.37033E-2 1.69849E-2 2.33755E-2 2.98862E-2 3.17354E-2 2.65474E-2 2.23749E-2 1.08713E-2 5.14089E-3 4.76162E-3 4.32254E-3 5.70716E-3 1.13305E-2 1.73854E-2 1.41891E-2 7.45118E-3 7.26319E-3 6.35078E-3 3.74922E-3 3.13394E-4 1.54166E-4 1.56876E-3 5.72578E-3 3.83551E-3 5.25862E-3 3.55652E-3 1.11106E-4 1.44269E-5 1.35976E-6 1.61565E-8 3.91822E-11 1.62162E-13 2.08677E-17 3.67203E-23 5.88422E-25 5.50916E-23 6.92005E-22 5.38724E-22 3.51922E-33 4.2039E-44 0E0 0E0 3.08286E-44 0E0 0E0 0E0 0E0 0E0 0E0 0E0 0E0 0E0
3.64563E-1 3.38651E-1 3.42687E-1 3.40687E-1 3.42524E-1 3.89989E-1 3.74316E-1 3.76285E-1 3.48516E-1 2.76885E-1 2.32476E-1 2.10545E-1 1.80928E-1 1.4148E-1 1.17939E-1 1.17772E-1 1.15185E-1 7.49088E-2 3.63682E-2 2.41957E-2 3.4293E-2 5.39821E-2 4.44687E-2 2.87229E-2 2.17674E-2 1.50026E-2 8.38597E-3 6.41328E-3 8.08178E-3 2.03471E-2 5.67984E-2 5.07428E-2 3.0981E-2 1.08291E-2 1.15949E-2 1.92172E-2 1.33023E-2 6.17496E-4 5.42115E-5 1.95607E-3 1.92143E-2 2.2297E-2 1.76693E-2 2.65659E-2 1.79561E-2 3.28201E-3 1.20639E-4 5.53744E-6 6.63719E-8 2.83963E-10 1.44846E-13 1.26521E-17 2.1145E-20 1.27358E-20 3.53416E-20 1.87694E-21 6.05391E-27 1.43666E-34 4.2686E-39 2.05072E-38 1.39992E-36 4.08235E-39 0E0 0E0 0E0 0E0 0E0 5.74532E-44 7.06675E-42 1.37031E-39
3.46647E-1 2.82801E-1 2.65133E-1 2.70995E-1 2.69037E-1 3.12656E-1 3.10501E-1 2.72955E-1 2.03392E-1 1.69349E-1 1.80928E-1 1.99856E-1 1.84301E-1 1.58222E-1 1.55019E-1 1.50426E-1 1.32678E-1 1.04013E-1 6.86695E-2 2.7862E-2 1.97557E-2 4.33314E-2 3.97711E-2 1.82579E-2 2.04434E-2 1.98009E-2 7.95817E-3 6.53508E-3 1.91624E-2 6.11435E-2 9.03147E-2 5.04133E-2 2.85598E-2 1.13305E-2 1.45864E-2 2.54244E-2 4.62012E-2 5.74997E-2 8.88954E-3 6.57301E-3 1.50585E-2 2.35964E-2 2.06519E-2 3.73249E-2 3.36948E-2 1.31889E-2 1.71831E-3 1.89969E-4 1.24712E-5 6.67939E-7 3.76148E-9 1.06246E-12 2.81265E-16 4.93484E-18 2.35858E-18 1.60497E-19 1.88423E-22 3.59014E-26 4.29157E-29 1.14124E-30 9.0763E-33 1.43578E-36 3.42071E-41 2.10195E-44 3.15993E-42 4.79891E-38 8.87091E-36 1.78274E-34 8.99548E-34 4.6867E-32
2.53281E-1 1.9983E-1 1.85976E-1 2.19605E-1 2.65102E-1 2.76853E-1 2.4011E-1 1.74253E-1 8.00897E-2 6.79259E-2 1.40088E-1 1.96323E-1 1.92844E-1 1.74276E-1 1.86E-1 1.6927E-1 1.31459E-1 1.01782E-1 7.60331E-2 4.33314E-2 3.34252E-2 6.03382E-2 4.92651E-2 1.33592E-2 2.17828E-2 1.94832E-2 2.97655E-3 4.87349E-3 3.65319E-2 1.96348E-1 2.06836E-1 5.71999E-2 3.1916E-2 3.08999E-2 3.91081E-2 4.62345E-2 8.45518E-2 1.50443E-1 4.29139E-2 1.74734E-2 1.2546E-2 1.94624E-2 6.77001E-2 7.08663E-2 3.70642E-2 1.40928E-2 4.60554E-3 1.41683E-3 2.80036E-4 3.60873E-5 1.57663E-6 3.80095E-9 3.1568E-12 1.01678E-14 2.46105E-15 4.05622E-16 8.22008E-18 1.68783E-19 2.89431E-21 2.26232E-23 3.67561E-26 2.51863E-29 2.17313E-32 9.10595E-34 3.8112E-32 7.37201E-29 1.83727E-27 7.64663E-28 1.18152E-29 1.65552E-33
1.64377E-1 1.45982E-1 1.62928E-1 2.65102E-1 3.78384E-1 3.52395E-1 2.55207E-1 2.21261E-1 1.3001E-1 9.48264E-2 1.67586E-1 1.9983E-1 1.75903E-1 1.80904E-1 1.92844E-1 1.75927E-1 1.21896E-1 8.93651E-2 8.82928E-2 8.72298E-2 8.30707E-2 1.04231E-1 9.26992E-2 4.40474E-2 3.34434E-2 1.47641E-2 3.60301E-3 7.80879E-3 4.03908E-2 2.26983E-1 2.30707E-1 6.79259E-2 4.72529E-2 5.20548E-2 6.03382E-2 5.94514E-2 7.22804E-2 7.97471E-2 6.33661E-2 4.63834E-2 2.20253E-2 2.72838E-2 6.82955E-2 1.16725E-1 6.37453E-2 2.17519E-2 8.05423E-3 4.55576E-3 1.42915E-3 1.70833E-4 1.30613E-5 5.77837E-7 1.05102E-8 1.91864E-10 1.56181E-11 2.20801E-12 3.15409E-13 6.38531E-14 4.57543E-15 2.60968E-17 5.88994E-20 1.55074E-22 5.00952E-25 1.63362E-26 3.08388E-26 1.02812E-24 7.73687E-25 4.29425E-27 4.22337E-32 2.38649E-32
1.38513E-1 1.37073E-1 1.70828E-1 3.02632E-1 4.62669E-1 4.91291E-1 4.5664E-1 4.23126E-1 4.08013E-1 2.60098E-1 2.28319E-1 2.45261E-1 1.97907E-1 2.01427E-1 2.0872E-1 1.67753E-1 1.18014E-1 9.26384E-2 9.71345E-2 1.16639E-1 1.23312E-1 1.21973E-1 9.49159E-2 8.414E-2 5.87261E-2 2.42813E-2 1.26861E-2 1.70697E-2 5.63078E-2 1.51638E-1 1.57806E-1 8.30341E-2 7.51598E-2 8.40596E-2 8.9411E-2 9.37961E-2 7.1519E-2 8.8351E-2 1.01782E-1 1.04163E-1 6.11435E-2 1.47326E-2 2.58052E-2 1.20397E-1 7.02944E-2 2.64603E-2 1.13305E-2 5.35136E-3 1.69394E-3 3.19157E-4 6.49164E-5 2.58001E-5 4.63505E-6 2.60371E-7 2.1133E-8 3.26424E-9 9.36593E-10 6.12628E-10 1.11625E-10 3.053E-13 9.7828E-16 9.76939E-18 5.14768E-20 5.12218E-22 4.46721E-23 3.44103E-24 2.46007E-29 2.84745E-37 1.05097E-42 2.17315E-36
2.19605E-1 1.75903E-1 1.80904E-1 2.61212E-1 4.28272E-1 5.40043E-1 5.2956E-1 4.18477E-1 3.59262E-1 2.85544E-1 2.8357E-1 3.57923E-1 2.96034E-1 2.62953E-1 2.57138E-1 1.89395E-1 1.21973E-1 1.01848E-1 1.10282E-1 1.38657E-1 1.52041E-1 1.44495E-1 9.60452E-2 6.78599E-2 5.95144E-2 3.69632E-2 3.18913E-2 3.6329E-2 8.68154E-2 1.63728E-1 1.75067E-1 1.17397E-1 1.06086E-1 1.22974E-1 1.64113E-1 1.62523E-1 1.00563E-1 1.47347E-1 2.3803E-1 1.84277E-1 1.01834E-1 3.24689E-2 3.29506E-2 7.1519E-2 5.79722E-2 2.87678E-2 1.10594E-2 4.65813E-3 1.93551E-3 9.19444E-4 6.58676E-4 4.55289E-4 1.97975E-4 1.801E-5 1.81278E-6 3.44072E-7 1.22962E-7 1.35592E-8 2.80484E-10 8.89569E-12 1.95087E-13 4.11365E-15 4.94511E-17 4.53077E-19 4.33508E-21 6.86306E-24 6.98162E-33 0E0 0E0 0E0
3.78384E-1 2.78822E-1 2.61243E-1 2.96687E-1 3.80386E-1 4.82998E-1 4.21938E-1 2.38386E-1 1.52325E-1 2.44742E-1 3.19371E-1 3.3536E-1 2.77661E-1 2.60639E-1 2.47169E-1 2.03197E-1 1.50498E-1 1.27384E-1 1.50518E-1 1.69372E-1 1.56643E-1 1.43017E-1 1.12748E-1 8.30341E-2 6.68666E-2 6.60037E-2 8.1662E-2 1.00971E-1 1.17015E-1 1.69637E-1 2.21644E-1 1.44805E-1 1.18316E-1 1.09411E-1 1.40401E-1 1.73423E-1 1.93676E-1 2.14975E-1 2.79628E-1 2.13635E-1 1.15103E-1 1.02746E-1 1.39963E-1 9.04074E-2 5.27115E-2 1.97978E-2 7.15064E-3 5.96363E-3 3.49556E-3 1.33636E-3 6.35877E-4 9.32522E-4 7.54719E-4 1.38438E-4 1.48453E-5 3.1107E-6 3.0437E-6 2.35485E-7 1.5074E-9 5.41634E-11 4.45815E-12 2.14751E-13 5.67335E-15 6.95504E-17 3.95253E-19 2.22027E-23 3.50133E-29 1.03696E-41 0E0 0E0
2.67084E-1 2.08747E-1 2.03014E-1 2.30322E-1 2.74454E-1 3.72344E-1 2.72716E-1 1.36514E-1 1.05737E-1 2.53609E-1 2.91481E-1 1.39731E-1 1.80465E-1 1.97602E-1 1.75752E-1 1.75752E-1 1.89395E-1 2.12323E-1 1.77562E-1 1.67731E-1 1.53417E-1 1.25885E-1 1.3001E-1 1.38283E-1 9.46612E-2 1.21339E-1 1.43782E-1 1.3184E-1 1.15257E-1 1.41304E-1 1.95851E-1 1.73876E-1 1.24461E-1 1.07736E-1 1.42767E-1 1.92388E-1 2.09983E-1 2.26373E-1 2.40272E-1 1.71261E-1 9.5226E-2 1.30445E-1 2.47866E-1 1.32263E-1 4.59417E-2 1.05262E-2 3.66522E-3 1.24735E-2 1.04777E-2 2.13805E-3 3.21651E-4 1.08418E-3 1.22235E-3 3.64383E-4 4.81405E-5 8.80895E-6 5.45149E-6 4.44881E-7 3.71077E-9 3.67658E-10 7.07256E-11 6.63266E-12 3.2649E-13 7.75273E-15 6.67131E-17 8.74089E-20 7.409E-24 7.55103E-28 3.1572E-31 3.22119E-35
1.48912E-1 9.59963E-2 5.93123E-2 8.73535E-2 1.60714E-1 2.08627E-1 1.24642E-1 6.77382E-2 9.00187E-2 1.85976E-1 1.9424E-1 1.42948E-1 1.8589E-1 1.70998E-1 1.37073E-1 1.35642E-1 2.01427E-1 3.10622E-1 2.86757E-1 1.98098E-1 1.55114E-1 1.15406E-1 8.20179E-2 5.78409E-2 1.01562E-1 1.7672E-1 2.00074E-1 1.36079E-1 1.53261E-1 1.45721E-1 1.26571E-1 1.18573E-1 1.04792E-1 1.15334E-1 1.61857E-1 1.73094E-1 1.65026E-1 2.19918E-1 2.72095E-1 1.50219E-1 9.93925E-2 1.1398E-1 1.32716E-1 8.01015E-2 4.15199E-2 2.27044E-2 1.30961E-2 2.42813E-2 2.10558E-2 5.57994E-3 1.19738E-3 1.01854E-3 1.0426E-3 5.21269E-4 1.61113E-4 3.34007E-5 9.89149E-6 1.17374E-6 6.6844E-8 9.25357E-9 1.6313E-9 1.66144E-10 1.33943E-11 5.82367E-13 1.20444E-14 1.34758E-16 2.95661E-19 4.51453E-22 9.80136E-25 1.57524E-27
1.02968E-1 6.51982E-2 3.95478E-2 3.97605E-2 8.79636E-2 1.34276E-1 4.78613E-2 1.97978E-2 4.50996E-2 8.80022E-2 1.04973E-1 1.11091E-1 1.30248E-1 1.09551E-1 8.8351E-2 9.22946E-2 1.42983E-1 2.47722E-1 2.61243E-1 2.14161E-1 1.64222E-1 1.25118E-1 9.955E-2 9.955E-2 1.62838E-1 3.11979E-1 4.77888E-1 3.04662E-1 1.22671E-1 8.72134E-2 6.79138E-2 6.46072E-2 8.83881E-2 1.21849E-1 1.23181E-1 8.21693E-2 7.53278E-2 1.25214E-1 1.45721E-1 1.24461E-1 1.31317E-1 1.37511E-1 1.01562E-1 5.52132E-2 4.39158E-2 5.7174E-2 6.11851E-2 6.19899E-2 3.92623E-2 1.2429E-2 1.08418E-3 3.38724E-4 3.06156E-4 3.15522E-4 2.4038E-4 8.35168E-5 2.28856E-5 5.49324E-6 1.0801E-6 2.53423E-7 3.12049E-8 2.47908E-9 2.67679E-10 2.05015E-11 1.07457E-12 3.54001E-14 1.77895E-16 4.86944E-19 9.54021E-22 5.54323E-25
7.85169E-2 6.50466E-2 3.77145E-2 3.23997E-2 5.25312E-2 6.03382E-2 2.47739E-2 1.56754E-2 2.62731E-2 5.67085E-2 6.99669E-2 7.06967E-2 6.8907E-2 5.00493E-2 3.64519E-2 4.98795E-2 8.84603E-2 1.38803E-1 1.5861E-1 1.81672E-1 1.65012E-1 1.32327E-1 1.13033E-1 1.16155E-1 1.57278E-1 2.72759E-1 3.65493E-1 2.26145E-1 1.2492E-1 7.1707E-2 4.04664E-2 3.58515E-2 7.48241E-2 1.09671E-1 1.1343E-1 5.61869E-2 4.70269E-2 7.24034E-2 7.33277E-2 9.22009E-2 1.75903E-1 1.51948E-1 8.93651E-2 4.8313E-2 3.70747E-2 5.63503E-2 8.39729E-2 5.87526E-2 3.09746E-2 6.2515E-3 1.60705E-4 7.0872E-5 3.09268E-4 2.70469E-4 2.10344E-4 1.3198E-4 5.13612E-5 1.81926E-5 5.81453E-6 1.66445E-6 1.99193E-7 1.57985E-8 1.69892E-9 2.31504E-10 2.13002E-11 7.46155E-13 8.87727E-15 8.46327E-17 5.62849E-19 3.09897E-22
7.60331E-2 5.47194E-2 2.45057E-2 2.21655E-2 2.81352E-2 2.7947E-2 1.98371E-2 1.86104E-2 2.50347E-2 5.93891E-2 5.00493E-2 3.7323E-2 3.07991E-2 2.01956E-2 1.78522E-2 2.71086E-2 4.77682E-2 7.98965E-2 1.2054E-1 1.66912E-1 1.65312E-1 1.35861E-1 1.10378E-1 1.00715E-1 1.13604E-1 1.45068E-1 1.4222E-1 9.27056E-2 7.48138E-2 7.24367E-2 4.3798E-2 1.44384E-2 2.74185E-2 6.35811E-2 1.19145E-1 8.61621E-2 6.61787E-2 7.29607E-2 6.96996E-2 8.69042E-2 1.26477E-1 1.31459E-1 5.73351E-2 2.64603E-2 1.36459E-2 1.77591E-2 2.4877E-2 2.06736E-2 7.6181E-3 5.07395E-4 6.96322E-6 3.16971E-6 9.68812E-5 1.70887E-4 1.41722E-4 1.66979E-4 8.59076E-5 3.36511E-5 1.13774E-5 2.2125E-6 3.05027E-7 4.31857E-8 6.45256E-9 1.11744E-9 1.28923E-10 4.69663E-12 9.39392E-14 2.25988E-15 2.61222E-17 5.8746E-20
2.82213E-2 1.65563E-2 6.46639E-3 8.97121E-3 1.44369E-2 2.9317E-2 3.35418E-2 3.38727E-2 3.49624E-2 4.08659E-2 5.59535E-2 3.91924E-2 1.97761E-2 8.8479E-3 9.86777E-3 1.75655E-2 2.88767E-2 4.80146E-2 9.45427E-2 1.50443E-1 1.36976E-1 1.17031E-1 9.90906E-2 8.66369E-2 8.48132E-2 9.01104E-2 9.11978E-2 9.01104E-2 8.41523E-2 7.24367E-2 3.80834E-2 1.47559E-2 1.79365E-2 3.86811E-2 5.7174E-2 5.20469E-2 6.11851E-2 7.25216E-2 6.226E-2 6.47523E-2 6.81943E-2 5.59781E-2 3.31818E-2 1.54133E-2 7.72214E-3 6.38723E-3 5.93939E-3 6.0029E-3 3.14725E-3 1.66177E-4 2.00931E-6 7.21813E-7 2.241E-5 8.38194E-5 1.25829E-4 1.78833E-4 9.9286E-5 3.81861E-5 1.16904E-5 1.62152E-6 2.25535E-7 5.06818E-8 1.25657E-8 2.02046E-9 2.07556E-10 1.19702E-11 3.72263E-13 1.01533E-14 3.39856E-16 5.14732E-18
