KUENM/Final_Models/M_0.1_F_lq_Set_2_EC/sp1_9_se_asia.asc
ncols         320
nrows         243
xllcorner     44.0
yllcorner     -0.666666666666667
cellsize      0.166666666666667
NODATA_value  -9999
[rows 31 to 61 of 243, columns 70 to 139 of 320]
2.86646E-3 3.08138E-3 3.03862E-3 3.08138E-3 3.08138E-3 2.82676E-3 2.78752E-3 2.37003E-3 7.95299E-4 3.55853E-4 1.37433E-3 1.71426E-3 1.49182E-3 6.71904E-4 3.89531E-4 2.61583E-4 3.84213E-4 6.41176E-4 9.52665E-4 1.01399E-3 9.66441E-4 9.30544E-4 8.72849E-4 8.07699E-4 6.05312E-4 8.71382E-5 2.37384E-4 9.31323E-5 9.25118E-6 1.49888E-4 5.08921E-4 6.70451E-4 5.01507E-4 5.28922E-4 4.02648E-4 1.42786E-4 5.78529E-5 2.28363E-5 8.14839E-6 2.71012E-7 2.77941E-7 1.26506E-8 4.4263E-9 3.1134E-11 4.52117E-13 1.58002E-12 1.19357E-12 8.67133E-14 9.47254E-15 3.84958E-15 6.8276E-17 1.53173E-16 3.15357E-18 4.34823E-16 2.14784E-15 1.78535E-14 2.88685E-14 9.96568E-14 1.25599E-14 4.40766E-15 1.26814E-14 1.97754E-15 9.60534E-17 1.79985E-17 2.34152E-18 1.20627E-19 1.87786E-20 1.03269E-18 4.10377E-21 5.98967E-21
3.21363E-3 3.21363E-3 3.21363E-3 3.21363E-3 2.95533E-3 2.71442E-3 3.04039E-3 2.59824E-3 1.29996E-3 5.11908E-4 1.68782E-3 1.73538E-3 1.41259E-3 3.03698E-4 1.61862E-5 1.50673E-5 7.16128E-5 2.8604E-4 5.87109E-4 8.43016E-4 8.97415E-4 9.54646E-4 1.09179E-3 4.39139E-4 7.1169E-4 1.10413E-3 6.12464E-4 6.49236E-4 1.31349E-4 8.19219E-5 3.35165E-4 3.92898E-4 2.9296E-4 4.38084E-4 8.14987E-4 5.5744E-4 3.72787E-4 2.19491E-4 1.2239E-4 4.85649E-5 3.25571E-5 4.33053E-6 3.28873E-9 1.19357E-12 7.21623E-10 1.19741E-7 5.69497E-9 9.97333E-12 2.716E-14 1.58033E-13 1.92366E-13 7.58195E-15 4.03071E-15 3.78587E-15 1.58575E-15 1.00867E-14 9.9914E-15 2.81652E-16 4.91416E-16 5.23233E-17 3.90562E-17 6.98185E-18 1.6431E-18 1.24632E-18 2.0917E-19 1.00253E-18 7.56643E-19 4.22494E-19 6.02145E-18 1.72903E-19
3.57585E-3 3.52496E-3 3.52496E-3 3.2033E-3 1.9158E-3 9.53856E-4 1.97166E-3 1.82794E-3 8.37668E-4 8.86283E-4 2.0769E-3 1.82796E-3 1.2282E-3 5.40741E-4 6.41235E-5 8.13568E-6 1.94114E-6 7.16128E-5 2.23812E-4 1.92678E-4 2.53684E-4 7.17945E-4 1.13016E-3 5.05802E-4 2.45732E-4 1.69288E-3 2.05436E-3 1.90048E-3 1.49248E-3 1.06115E-3 5.97118E-4 3.55368E-4 5.93601E-4 5.56233E-4 5.2021E-4 1.94837E-4 6.4273E-5 2.27321E-4 4.03958E-4 2.61005E-4 1.35578E-4 6.89282E-5 1.1686E-5 4.52154E-6 8.13854E-7 1.315E-10 4.73488E-13 1.62312E-12 4.31089E-13 3.20351E-13 1.61292E-14 7.63389E-17 4.14917E-17 9.27322E-17 2.09345E-17 2.83618E-17 2.78656E-17 3.73729E-17 2.69056E-16 6.8177E-17 5.14108E-17 2.20579E-17 1.64968E-16 5.23613E-16 4.25633E-17 2.54381E-17 8.33669E-18 8.30057E-17 1.90224E-18 2.23566E-16
3.84477E-3 3.50209E-3 3.45156E-3 2.89449E-3 1.37508E-3 1.87259E-4 8.87719E-4 1.02304E-3 4.3247E-4 1.44565E-3 2.11748E-3 1.68034E-3 9.5043E-4 5.19145E-4 2.26912E-4 7.42222E-5 1.60387E-6 2.37783E-7 1.10089E-5 2.31975E-5 3.70886E-5 1.54945E-4 5.08997E-4 8.03176E-4 5.48163E-4 1.86128E-3 2.05914E-3 3.04631E-3 3.34919E-3 2.98029E-3 2.87415E-3 2.26333E-3 1.11211E-3 7.82048E-4 2.04715E-4 1.2696E-5 5.62315E-5 1.35266E-4 5.50172E-5 2.10225E-5 2.33688E-6 6.53641E-8 1.1356E-9 4.86587E-11 1.24845E-10 1.1412E-11 7.31558E-13 3.9453E-12 8.41435E-14 7.25928E-15 9.94168E-16 7.06171E-16 1.63502E-16 2.13779E-16 8.86852E-17 8.55317E-17 8.37308E-16 2.71545E-16 1.18344E-16 1.10607E-15 3.32603E-15 9.43835E-17 2.19617E-16 1.71894E-14 4.66236E-15 5.57146E-16 4.58596E-18 1.02511E-18 3.24515E-16 5.77894E-15
3.80728E-3 3.75184E-3 3.47159E-3 2.81113E-3 8.01802E-4 4.58152E-4 1.44387E-3 3.91215E-4 8.67822E-5 7.04218E-4 2.00011E-3 1.65675E-3 9.24311E-4 3.46205E-4 1.70928E-4 1.63787E-4 6.66959E-5 4.01271E-6 1.98928E-6 3.2776E-5 5.12172E-5 2.104E-5 1.34461E-4 4.36101E-4 5.02697E-4 1.28156E-3 8.97415E-4 1.81539E-3 3.36877E-3 3.49841E-3 1.83212E-3 2.2177E-3 1.10413E-3 2.46221E-4 6.73611E-5 6.96365E-5 9.62455E-5 4.46772E-5 5.94263E-6 3.47288E-7 8.28972E-8 1.92754E-9 3.29518E-12 3.34638E-13 5.49825E-13 2.38574E-12 7.87379E-12 6.40443E-13 1.79643E-15 1.00291E-15 3.05286E-16 1.24864E-16 6.9395E-17 6.44876E-16 1.11643E-15 1.88696E-15 1.57724E-16 4.86926E-16 5.18658E-17 1.20493E-16 8.17525E-14 2.071E-15 2.071E-15 2.29153E-13 3.3627E-17 6.14942E-17 1.48417E-17 1.45767E-16 3.82485E-14 2.16734E-15
3.70633E-3 3.76174E-3 2.93606E-3 1.5849E-3 1.20523E-3 2.87532E-3 4.43165E-3 2.2775E-3 9.43108E-5 5.4078E-5 1.20642E-3 1.54304E-3 8.73908E-4 5.2629E-4 2.39042E-4 2.23881E-4 2.06551E-4 1.09841E-4 1.29806E-5 2.31766E-6 2.42906E-5 3.87198E-5 9.83917E-5 2.35394E-4 7.26067E-5 7.53209E-5 9.17352E-4 1.04857E-3 2.7704E-3 3.37964E-3 2.47136E-3 2.63242E-3 1.06533E-3 1.99613E-4 2.57631E-4 3.06153E-4 9.45658E-5 2.57288E-5 3.73257E-6 3.26323E-6 2.16668E-7 6.01288E-9 9.08907E-10 5.9822E-12 5.9272E-12 1.38644E-13 4.28545E-15 7.91293E-16 1.54231E-14 1.68898E-15 3.26351E-14 2.37079E-14 1.0474E-14 2.13779E-16 6.44876E-16 1.10607E-15 2.79103E-16 1.26814E-14 4.96514E-14 6.29672E-13 8.30454E-13 4.01877E-16 8.82909E-14 9.27471E-12 3.85481E-15 8.22308E-13 3.36305E-11 7.7462E-13 4.89444E-17 1.32549E-19
4.17618E-3 3.33294E-3 1.91373E-3 4.01517E-4 4.19678E-4 3.65164E-3 6.02108E-3 4.96922E-3 1.10593E-3 4.92999E-6 2.76734E-4 7.80132E-4 4.15926E-4 3.9371E-4 3.82488E-4 3.26102E-4 2.72754E-4 1.34489E-4 1.79706E-4 3.78124E-5 5.78739E-6 1.60427E-5 2.58521E-5 1.72807E-5 1.24765E-4 1.63464E-4 8.28418E-4 1.81014E-3 2.77836E-3 3.33792E-3 3.0033E-3 2.80623E-3 1.70472E-3 8.97415E-4 6.15511E-4 2.97296E-4 1.19473E-4 3.78782E-5 1.95872E-5 1.13434E-5 8.94304E-7 1.42615E-8 4.28121E-9 1.8599E-9 1.00545E-12 1.69739E-13 4.12917E-12 1.06432E-10 8.18675E-11 1.601E-11 4.09698E-13 1.46124E-13 1.78535E-14 1.76859E-14 2.60271E-15 2.15714E-16 1.35552E-14 2.32655E-14 6.16184E-11 1.06538E-9 3.28771E-11 1.73451E-15 9.42854E-11 4.19969E-9 2.84033E-10 7.32033E-11 6.88371E-15 1.07873E-18 1.13358E-18 5.81911E-16
3.9336E-3 2.31829E-3 1.01884E-3 2.10117E-4 4.01517E-4 2.84989E-3 5.46191E-3 5.93226E-3 2.24416E-3 5.99142E-5 6.07651E-5 4.8205E-4 4.51264E-4 2.52975E-4 3.3678E-4 3.82488E-4 3.70752E-4 2.52324E-4 2.99675E-4 1.97996E-4 5.29481E-5 8.77247E-6 3.21206E-6 9.54197E-7 6.07938E-6 1.01267E-6 1.14215E-5 7.1414E-4 2.77909E-3 3.81656E-3 3.12589E-3 2.24161E-3 1.61705E-3 1.06818E-3 6.57624E-4 3.16265E-4 9.05462E-5 4.82211E-5 7.41035E-5 7.41035E-5 4.03443E-5 8.66791E-6 4.06634E-7 1.5258E-8 5.75617E-9 8.23993E-8 3.91953E-8 1.06538E-9 2.31612E-12 3.12737E-11 9.55878E-12 3.09625E-13 1.16919E-15 2.62708E-15 3.86165E-14 1.10967E-13 3.63652E-12 6.67869E-13 4.04579E-11 1.26304E-10 3.39549E-8 7.41578E-14 4.73383E-10 1.00804E-7 1.9189E-10 6.14984E-12 7.27986E-14 2.05996E-16 1.34896E-15 6.72068E-17
3.54486E-3 2.44036E-3 7.40863E-4 7.02001E-4 8.54143E-4 1.78177E-3 4.94781E-3 6.47122E-3 5.17448E-3 1.53624E-3 1.36521E-4 4.14352E-4 8.63164E-4 6.22634E-4 5.84157E-4 4.58695E-4 3.51E-4 2.61858E-4 2.52324E-4 1.65986E-4 8.58034E-5 1.24969E-5 1.40751E-6 1.42123E-7 5.60075E-7 2.55265E-7 9.65669E-7 1.06086E-5 1.38078E-3 2.73548E-3 2.04341E-3 1.70648E-3 1.45609E-3 9.38762E-4 4.66689E-4 3.50164E-4 1.29539E-4 1.15098E-4 1.47437E-4 1.69704E-4 4.43249E-5 6.44391E-6 1.36629E-6 3.04893E-6 4.35249E-7 1.41412E-6 1.28941E-7 2.98357E-8 1.87229E-7 1.13072E-8 6.58521E-10 1.47742E-11 2.32655E-14 1.33015E-14 5.10983E-14 1.39714E-12 7.94346E-11 2.07822E-11 1.46783E-9 2.79842E-7 2.05169E-8 3.24296E-10 1.13333E-7 3.32632E-9 9.68601E-13 1.14688E-16 6.22928E-16 2.41029E-15 1.19414E-16 2.88748E-17
2.73442E-3 2.81837E-3 1.65341E-3 8.99213E-4 5.18243E-4 6.44766E-4 2.94852E-3 5.30112E-3 6.66727E-3 5.4101E-3 1.56261E-4 2.22886E-4 1.67662E-3 1.62133E-3 1.29609E-3 4.33818E-4 3.72055E-4 1.02226E-4 3.06917E-5 2.81164E-5 4.38317E-5 4.97937E-6 8.35087E-7 9.90974E-7 5.37094E-6 7.33484E-6 1.33116E-5 3.05779E-6 5.46044E-4 2.15659E-3 1.66689E-3 1.81039E-3 1.59611E-3 8.1177E-4 6.10132E-4 2.42024E-4 7.58995E-5 9.64262E-5 2.45196E-4 4.87188E-5 1.93055E-5 4.40078E-5 3.53114E-5 1.21598E-6 4.58636E-7 1.98873E-7 7.11171E-6 3.43522E-7 7.70142E-10 4.09186E-10 1.07253E-12 6.11391E-15 1.36833E-14 6.5496E-13 1.4955E-10 3.2537E-8 5.91543E-8 5.09335E-12 9.46352E-8 6.86836E-6 4.73449E-8 1.21888E-7 5.50099E-9 5.99213E-11 1.06173E-13 6.31504E-14 9.77727E-13 3.68175E-16 6.44071E-16 3.40028E-15
8.46724E-4 3.04605E-3 1.90449E-3 7.40863E-4 2.77301E-4 2.8992E-4 2.05288E-3 3.28356E-3 3.59764E-3 4.96922E-3 2.91801E-3 1.89162E-3 3.1398E-3 2.59739E-3 2.31829E-3 1.61043E-3 1.1465E-3 5.7059E-4 7.12316E-5 1.20866E-4 1.27524E-4 6.24551E-5 3.04098E-5 1.14597E-6 1.57257E-7 1.06171E-5 5.90779E-5 9.65059E-5 5.55556E-4 1.49421E-3 3.12465E-3 2.62634E-3 1.64504E-3 8.75656E-4 8.75656E-4 6.63581E-4 3.96759E-4 3.28023E-4 2.39384E-4 1.56592E-4 2.52428E-4 1.29863E-4 2.35781E-4 2.17024E-4 6.09723E-5 1.24979E-5 8.50774E-6 1.19998E-8 2.01708E-10 2.16083E-12 3.00704E-13 5.55895E-11 2.29419E-11 3.52069E-10 6.64543E-7 5.03017E-7 2.6339E-9 6.28506E-10 1.68752E-5 5.53382E-5 5.4211E-7 1.11118E-9 6.30647E-8 2.57256E-9 1.91617E-10 2.27337E-10 4.9857E-13 1.66538E-17 3.70442E-14 1.15199E-10
9.17154E-4 1.82003E-3 1.32473E-3 8.99213E-4 6.91611E-4 7.74822E-4 1.72942E-3 2.8927E-3 2.93606E-3 3.38298E-3 4.43165E-3 5.19467E-3 4.1095E-3 2.74377E-3 2.78388E-3 2.12399E-3 1.88093E-3 1.16279E-3 5.62716E-4 3.21673E-4 1.21091E-5 1.8983E-6 4.14618E-6 6.37942E-6 7.85089E-7 3.57047E-7 6.24551E-5 1.25831E-4 4.6461E-4 1.85361E-3 3.08369E-3 3.59055E-3 2.59824E-3 1.33698E-3 6.44086E-4 7.73528E-4 9.80602E-4 4.33851E-4 3.12969E-4 1.33698E-3 1.28251E-3 9.32136E-4 7.38732E-4 2.17855E-4 1.79706E-4 7.20992E-5 2.33914E-5 4.81036E-7 1.22262E-7 3.71502E-10 5.91909E-10 1.73956E-9 6.03788E-9 1.38209E-6 1.93828E-5 1.36405E-6 2.87486E-8 2.5335E-8 4.05318E-5 1.42372E-5 2.85862E-7 6.31812E-6 1.44111E-6 1.16012E-7 1.30291E-10 6.77395E-14 4.94454E-15 1.67579E-15 2.26872E-11 1.99788E-9
6.22563E-4 2.11747E-3 1.69703E-3 9.74115E-4 1.28579E-3 7.23191E-4 1.15282E-3 2.30002E-3 1.80846E-3 5.65738E-4 1.21612E-3 4.56439E-3 4.63204E-3 2.89449E-3 2.74377E-3 2.09366E-3 1.31469E-3 1.35259E-3 8.00047E-4 3.41465E-4 1.43115E-4 7.12316E-5 4.55262E-6 2.93768E-6 6.13753E-6 2.97552E-6 4.64354E-5 8.45164E-5 9.36443E-5 1.29996E-3 3.57585E-3 4.40176E-3 2.3518E-3 7.21311E-4 1.02419E-3 1.94355E-3 1.72581E-3 1.57529E-3 1.97604E-3 1.8613E-3 1.46636E-3 9.94458E-4 5.33609E-4 2.42305E-4 4.2696E-5 1.78037E-5 3.33459E-6 3.37659E-6 2.2667E-7 1.01399E-7 8.80117E-8 1.21351E-8 1.07396E-6 1.72213E-5 8.09956E-5 7.31961E-6 3.1707E-6 8.85291E-6 4.40065E-4 3.36392E-5 8.72438E-5 6.23472E-5 1.80171E-6 6.59017E-10 1.93156E-14 1.07167E-10 1.80436E-9 4.87195E-9 2.69403E-8 2.21518E-9
8.89783E-4 2.22824E-3 2.48884E-3 1.53766E-3 1.70375E-3 1.99236E-3 1.2459E-3 2.17874E-3 1.7321E-3 3.74603E-4 1.49725E-4 3.93229E-3 4.98112E-3 3.86343E-3 3.97787E-3 3.18587E-3 1.29609E-3 6.31489E-4 2.60113E-4 1.21281E-4 2.83289E-5 4.84278E-5 7.12316E-5 8.97638E-6 7.6138E-6 2.00629E-5 7.21982E-5 1.09919E-4 5.53909E-5 7.68918E-5 1.82794E-3 4.29357E-3 3.40167E-3 2.0049E-3 2.85255E-3 2.41519E-3 2.31127E-3 1.6565E-3 2.03086E-3 1.55891E-3 1.11165E-3 6.74739E-5 7.7944E-5 2.17222E-4 2.54801E-4 2.94401E-4 6.16347E-5 7.92788E-5 4.67814E-5 7.24339E-6 2.40628E-7 1.56974E-6 2.94928E-5 1.31163E-4 2.8343E-4 3.08948E-4 4.7169E-4 3.83172E-4 7.01762E-6 1.45391E-5 1.84464E-5 1.29691E-6 2.76358E-8 3.5437E-10 3.51162E-10 9.04038E-8 3.34322E-7 2.19416E-7 7.48449E-9 1.23147E-7
1.89356E-4 1.21063E-3 1.24771E-3 1.65341E-3 1.44973E-3 1.15282E-3 1.28349E-3 2.26603E-3 2.75049E-3 1.63233E-3 1.42292E-3 7.21426E-3 7.43139E-3 5.34984E-3 5.82348E-3 4.23144E-3 2.97998E-3 1.9158E-3 1.00978E-3 6.91453E-4 2.60113E-4 5.83368E-5 5.5295E-6 4.86052E-6 3.68814E-5 2.79504E-5 1.10407E-5 9.2912E-5 6.22634E-4 3.422E-4 5.36654E-4 2.72985E-3 3.64306E-3 3.64306E-3 2.65062E-3 3.02448E-3 2.80764E-3 2.59139E-3 2.55289E-3 1.94245E-3 1.81033E-3 1.04926E-3 1.41551E-3 1.72581E-3 1.56523E-3 1.06849E-3 7.52266E-4 6.03032E-4 2.72754E-4 5.68042E-5 2.19536E-5 6.55145E-5 1.42175E-4 3.74473E-4 6.81637E-4 8.53674E-4 5.11996E-4 7.08599E-5 2.33158E-6 9.45287E-7 6.1195E-7 1.27163E-6 4.69356E-7 3.19286E-6 2.31448E-6 6.53065E-6 1.26789E-6 8.71769E-7 1.14185E-6 2.85862E-7
5.644E-5 2.73203E-4 1.22249E-4 7.86439E-4 1.88539E-3 1.80846E-3 2.14666E-3 2.33445E-3 3.48501E-3 2.68999E-3 2.31127E-3 8.93304E-3 8.5475E-3 7.18004E-3 6.48266E-3 5.65496E-3 4.5616E-3 2.93697E-3 1.72581E-3 6.72142E-4 3.37429E-4 6.38854E-5 1.62489E-5 9.51166E-6 6.56589E-5 2.46004E-4 1.80263E-5 2.07961E-5 5.79942E-4 8.38777E-4 1.04926E-3 2.4767E-3 3.70633E-3 4.7523E-3 4.35897E-3 3.65319E-3 3.28805E-3 3.09232E-3 3.04605E-3 2.64405E-3 2.42478E-3 2.03086E-3 2.31127E-3 2.06471E-3 1.83456E-3 1.64478E-3 1.31469E-3 7.31506E-4 4.78141E-4 2.6908E-4 3.19328E-4 5.10762E-4 7.48915E-4 9.02585E-4 1.18967E-3 1.30207E-3 4.6041E-4 1.1202E-4 1.07093E-5 2.80645E-5 4.15544E-5 8.63368E-5 7.05591E-5 5.6707E-5 8.87895E-6 3.5798E-6 8.45275E-6 7.30969E-6 1.19801E-6 4.7911E-8
4.17955E-5 1.09934E-4 7.93466E-5 1.03151E-4 1.17007E-3 1.97154E-3 4.17618E-3 6.47122E-3 6.02108E-3 6.02108E-3 6.02108E-3 1.00143E-2 7.79605E-3 7.91233E-3 8.14939E-3 7.28658E-3 5.65496E-3 3.92029E-3 2.03412E-3 9.40299E-4 2.97028E-4 1.59375E-4 9.98247E-5 2.64788E-5 1.19723E-5 6.04605E-5 6.88995E-5 1.36777E-5 3.09983E-4 3.37053E-4 8.49969E-4 2.49813E-3 4.23027E-3 5.06765E-3 4.34304E-3 4.04343E-3 3.64771E-3 3.38761E-3 3.64771E-3 3.38761E-3 3.13919E-3 2.76594E-3 2.49813E-3 2.44045E-3 2.38011E-3 2.2839E-3 1.9158E-3 1.19411E-3 1.03878E-3 9.94458E-4 1.03704E-3 1.21136E-3 1.45175E-3 1.57478E-3 2.07079E-3 7.08243E-4 2.2597E-4 1.70241E-5 4.29052E-5 1.91476E-4 3.75858E-4 7.61495E-4 6.85204E-4 1.26621E-4 7.80561E-5 8.36322E-5 2.45307E-5 6.02786E-6 2.46008E-7 1.30381E-7
9.1466E-6 5.17743E-7 2.90973E-5 3.3322E-5 3.6387E-4 2.03086E-3 3.32151E-3 5.62692E-3 9.46412E-3 1.10057E-2 1.11706E-2 9.06688E-3 7.07484E-3 8.8049E-3 8.8049E-3 8.93609E-3 7.76767E-3 4.83659E-3 2.4867E-3 9.40299E-4 4.3247E-4 2.35856E-4 2.9287E-4 1.70069E-4 1.33135E-5 6.66782E-6 9.44197E-5 7.2138E-5 2.96995E-4 6.36678E-4 8.72092E-4 1.78177E-3 3.65319E-3 5.37372E-3 4.55742E-3 4.25346E-3 4.02581E-3 4.02581E-3 3.90471E-3 3.53854E-3 3.33657E-3 3.54486E-3 3.43981E-3 3.33294E-3 3.1771E-3 2.68999E-3 2.06471E-3 1.57529E-3 1.62133E-3 1.69256E-3 1.76647E-3 1.96288E-3 2.30459E-3 2.57591E-3 2.66254E-3 1.87169E-3 1.28156E-3 7.16068E-4 5.91207E-4 1.06115E-3 1.50964E-3 1.23384E-3 1.005E-3 6.54739E-4 1.94776E-4 9.46115E-5 1.11168E-4 4.23764E-6 9.83645E-8 4.87709E-7
2.46637E-5 6.66773E-6 2.25508E-6 9.57382E-7 8.55623E-5 8.37698E-4 9.51839E-4 3.056E-4 7.36585E-4 1.10057E-2 1.34915E-2 8.2903E-3 8.8049E-3 9.74939E-3 1.01642E-2 1.01642E-2 9.06688E-3 7.07484E-3 3.99061E-3 2.09503E-3 1.27033E-3 1.86363E-4 8.55125E-5 6.74552E-4 6.08159E-4 1.65355E-4 3.37053E-4 3.91215E-4 9.1121E-4 1.5849E-3 1.20523E-3 1.91373E-3 3.98277E-3 5.48001E-3 5.39685E-3 4.97878E-3 4.97878E-3 4.35288E-3 4.12531E-3 4.55742E-3 4.38509E-3 4.38509E-3 4.21362E-3 3.65319E-3 2.80764E-3 2.17874E-3 1.91872E-3 2.06471E-3 1.94754E-3 2.2525E-3 2.67353E-3 2.75158E-3 3.16824E-3 2.70042E-3 3.33548E-3 3.81656E-3 3.38173E-3 3.06787E-3 3.8168E-3 3.60673E-3 3.24527E-3 3.00651E-3 2.19517E-3 1.34834E-3 1.20828E-3 6.70932E-4 2.08937E-4 1.984E-5 5.6976E-6 4.64443E-6
1.5481E-4 1.40746E-5 2.76247E-5 3.26866E-6 6.86883E-6 1.60752E-4 9.00621E-4 2.0049E-3 3.09431E-3 1.43925E-2 1.57391E-2 1.23985E-2 1.13376E-2 1.11706E-2 1.16022E-2 1.16022E-2 1.05832E-2 8.42126E-3 5.71103E-3 2.77023E-3 2.77023E-3 2.38011E-3 1.04926E-3 8.74978E-4 1.42292E-3 4.42396E-4 3.60782E-4 1.2597E-3 1.34172E-3 1.02781E-3 2.38882E-3 2.40383E-3 3.9229E-3 5.66645E-3 5.49503E-3 5.07515E-3 5.15396E-3 4.9974E-3 5.07515E-3 4.90291E-3 4.97878E-3 4.80311E-3 4.52026E-3 2.90457E-3 2.42478E-3 2.49813E-3 2.53552E-3 2.44045E-3 2.51341E-3 2.85255E-3 3.45156E-3 3.84477E-3 3.16824E-3 1.93241E-3 2.01782E-3 2.96448E-3 3.12766E-3 3.89588E-3 4.77263E-3 5.20331E-3 4.6157E-3 4.80054E-3 2.99365E-3 2.33253E-3 8.96442E-4 8.64078E-4 6.38385E-5 1.09436E-5 9.40159E-6 5.5372E-6
4.17552E-4 2.61368E-4 5.71932E-5 9.26606E-6 3.29003E-8 1.34359E-6 5.29068E-4 1.22391E-3 3.23252E-3 1.25836E-2 1.66741E-2 1.48266E-2 1.32924E-2 1.34915E-2 1.32924E-2 1.30959E-2 1.14307E-2 8.42126E-3 6.76721E-3 5.04341E-3 3.5897E-3 4.11588E-3 3.06955E-3 1.1985E-3 1.53624E-3 4.85465E-4 3.94456E-5 1.49177E-3 2.46122E-3 1.75543E-3 2.05288E-3 3.98277E-3 4.38509E-3 5.66645E-3 5.41103E-3 5.41103E-3 5.24641E-3 5.24641E-3 5.32816E-3 5.58674E-3 5.41103E-3 5.49503E-3 5.39685E-3 4.77032E-3 3.87491E-3 3.38856E-3 3.08388E-3 2.8927E-3 3.06955E-3 3.64306E-3 4.36571E-3 5.05643E-3 3.21363E-3 2.29007E-3 2.07313E-3 2.30734E-3 2.9267E-3 2.86162E-3 3.47603E-3 3.48687E-3 3.52885E-3 5.03131E-3 3.13147E-3 2.43586E-3 2.1842E-3 8.90897E-4 1.28438E-5 5.01021E-6 4.19809E-6 3.02038E-6
5.01263E-5 4.68505E-4 1.89004E-4 3.30851E-5 4.55081E-6 7.51258E-7 4.65047E-5 3.23053E-4 4.2288E-5 5.99631E-3 1.50478E-2 1.59746E-2 1.82717E-2 1.73102E-2 1.63783E-2 1.7054E-2 1.5277E-2 1.01203E-2 7.21426E-3 4.62661E-3 2.83318E-3 3.76174E-3 4.89598E-3 1.94718E-3 1.75784E-3 7.36249E-4 4.58152E-4 1.49177E-3 2.42478E-3 3.28805E-3 3.04605E-3 4.62744E-3 6.03386E-3 5.94201E-3 5.58016E-3 5.24641E-3 5.24641E-3 5.50089E-3 5.76045E-3 5.94177E-3 5.94177E-3 5.76198E-3 5.94201E-3 4.48832E-3 3.23877E-3 3.13919E-3 3.33294E-3 3.54435E-3 3.99568E-3 4.83659E-3 5.65496E-3 5.99631E-3 3.98622E-3 2.54057E-3 1.86013E-3 2.74245E-3 3.12766E-3 3.60221E-3 3.39105E-3 3.88005E-3 3.93056E-3 6.11269E-3 6.33345E-3 8.29585E-3 7.36047E-3 8.05702E-4 1.81774E-6 1.31597E-6 5.50735E-7 5.55797E-7
2.9287E-4 4.40413E-5 2.28166E-4 1.33638E-4 7.58517E-5 4.37925E-6 2.90023E-6 1.22686E-5 1.58341E-5 1.46636E-3 5.99631E-3 1.64547E-2 2.12238E-2 2.15595E-2 2.15482E-2 2.15482E-2 1.9655E-2 1.33333E-2 9.29318E-3 6.56861E-3 4.5584E-3 4.23881E-3 5.30112E-3 3.43366E-3 2.17874E-3 1.24131E-3 1.05846E-3 6.75204E-4 8.4683E-4 2.72478E-3 5.10478E-3 5.84252E-3 6.71256E-3 6.31947E-3 5.94201E-3 5.32816E-3 5.67377E-3 5.94177E-3 6.11898E-3 5.76045E-3 4.06251E-3 3.57996E-3 4.12531E-3 3.38761E-3 3.38761E-3 3.54486E-3 3.9336E-3 4.49106E-3 4.7523E-3 5.71103E-3 7.07484E-3 5.75539E-3 4.31311E-3 2.54057E-3 2.43052E-3 3.45075E-3 3.83653E-3 4.76726E-3 4.65505E-3 4.93409E-3 5.4983E-3 6.04187E-3 9.40934E-3 1.12051E-2 8.06914E-3 3.52532E-5 3.48021E-6 3.77664E-7 4.58441E-7 9.3915E-7
4.77411E-4 3.3215E-4 4.34398E-5 3.83968E-5 8.33896E-5 9.74918E-5 4.19936E-6 4.72191E-7 3.09148E-6 2.88642E-5 3.87797E-4 1.23853E-2 2.05586E-2 2.12238E-2 2.15482E-2 2.18346E-2 2.11868E-2 1.93947E-2 1.3557E-2 1.07665E-2 8.16531E-3 6.79641E-3 4.49106E-3 2.93606E-3 1.89062E-3 1.46996E-3 3.55631E-4 2.53965E-4 2.7639E-4 4.94803E-4 4.84319E-3 6.92131E-3 7.66187E-3 7.01276E-3 6.22313E-3 5.94177E-3 5.76045E-3 6.11898E-3 6.98611E-3 5.85049E-3 3.47164E-3 3.57996E-3 3.32874E-3 3.69124E-3 3.80553E-3 4.21362E-3 4.72983E-3 5.50501E-3 6.06254E-3 7.21426E-3 8.2903E-3 6.87361E-3 4.52978E-3 3.69904E-3 3.74755E-3 4.60496E-3 5.63765E-3 6.34089E-3 6.18255E-3 7.00415E-3 7.91181E-3 9.45954E-3 1.25039E-2 1.10805E-2 7.19823E-4 9.18547E-5 4.59193E-4 3.6922E-4 2.61005E-4 5.95287E-5
5.94778E-4 4.78141E-4 1.70928E-4 3.13096E-6 3.25187E-6 2.08567E-5 6.49716E-5 3.08068E-5 1.07099E-8 4.3154E-7 6.62916E-6 4.9762E-3 2.02535E-2 2.18735E-2 2.09232E-2 1.99887E-2 1.99989E-2 2.13456E-2 1.85033E-2 1.33567E-2 1.21506E-2 8.65114E-3 5.42285E-3 3.38298E-3 1.86288E-3 1.24131E-3 3.96892E-4 2.88599E-4 4.64852E-4 2.46743E-4 2.55289E-3 7.66187E-3 8.3112E-3 7.74351E-3 7.43054E-3 6.21459E-3 6.11898E-3 6.87871E-3 7.1676E-3 7.1676E-3 6.21459E-3 6.49176E-3 4.90291E-3 4.35288E-3 4.95194E-3 5.29261E-3 7.1357E-3 7.35585E-3 8.16531E-3 8.8009E-3 8.8049E-3 5.99631E-3 4.25201E-3 4.89763E-3 5.39768E-3 6.33192E-3 7.14819E-3 7.74885E-3 8.58975E-3 9.74447E-3 1.14764E-2 1.56194E-2 1.80243E-2 9.14021E-3 6.17147E-5 1.45824E-3 1.73741E-3 9.46333E-4 2.30415E-4 3.27123E-5
4.20985E-4 3.80976E-4 3.19328E-4 1.72732E-4 4.07503E-5 2.56703E-6 4.21707E-6 5.5758E-5 1.99724E-5 3.4619E-6 1.59804E-5 5.28091E-3 1.98016E-2 2.24992E-2 2.08692E-2 1.96987E-2 2.1119E-2 2.17257E-2 1.96987E-2 1.60875E-2 1.45726E-2 1.04471E-2 7.35685E-3 3.87854E-3 2.36933E-3 9.1121E-4 1.02663E-4 1.71174E-4 4.64852E-4 4.51535E-4 3.18669E-3 8.56971E-3 9.25018E-3 8.6399E-3 8.50801E-3 7.6252E-3 7.50847E-3 6.59316E-3 6.87871E-3 8.30277E-3 8.60848E-3 7.69448E-3 6.12807E-3 5.58016E-3 6.22313E-3 7.86342E-3 7.45552E-3 5.06765E-3 8.28914E-3 9.57604E-3 8.2903E-3 5.75539E-3 5.75566E-3 6.45842E-3 7.54666E-3 8.66626E-3 9.53057E-3 1.04132E-2 1.24047E-2 1.45422E-2 1.81741E-2 2.20095E-2 2.30158E-2 4.03675E-3 8.14987E-4 1.69756E-3 9.73775E-4 3.17694E-4 1.46317E-5 6.5933E-6
2.8883E-5 5.4338E-5 1.00369E-4 1.15735E-4 8.02624E-5 9.39759E-5 2.07419E-5 5.31769E-5 6.80733E-5 8.77247E-6 5.26098E-8 5.05158E-4 9.20353E-3 1.9303E-2 2.23958E-2 2.13456E-2 2.08012E-2 2.04875E-2 1.96391E-2 1.67774E-2 1.53495E-2 1.29581E-2 7.4683E-3 4.94781E-3 3.27276E-3 3.32269E-4 7.86222E-5 2.36409E-4 4.9251E-4 4.58152E-4 3.9336E-3 9.53762E-3 1.04022E-2 9.74058E-3 9.10931E-3 8.97032E-3 8.56438E-3 7.69448E-3 7.57606E-3 7.57606E-3 8.30277E-3 7.99786E-3 7.69448E-3 7.81452E-3 7.93619E-3 7.86342E-3 6.02336E-3 5.50501E-3 5.97244E-3 7.56792E-3 6.38797E-3 5.05643E-3 6.73253E-3 8.73062E-3 1.05092E-2 1.15892E-2 1.42423E-2 1.55443E-2 1.6237E-2 1.985E-2 2.44145E-2 2.90829E-2 2.86976E-2 1.05123E-2 3.09656E-3 1.68513E-3 1.20294E-4 1.52898E-4 2.06104E-5 1.69646E-8
2.5848E-6 1.17355E-6 3.00847E-6 4.70794E-6 1.07407E-5 7.28467E-6 2.80573E-5 4.13322E-5 3.59153E-5 3.03917E-5 5.56996E-8 9.42834E-7 7.95299E-4 1.12614E-2 2.12227E-2 2.18779E-2 2.09017E-2 1.95707E-2 2.0272E-2 1.95707E-2 1.85033E-2 1.47404E-2 1.04471E-2 7.4683E-3 5.67259E-3 6.64905E-4 5.22613E-5 3.32269E-4 5.90872E-4 1.92685E-4 2.17874E-3 9.18547E-3 1.12891E-2 1.11175E-2 1.11175E-2 1.04356E-2 1.01191E-2 9.33975E-3 8.88014E-3 9.51113E-3 9.9788E-3 8.88014E-3 8.56438E-3 8.56438E-3 9.30168E-3 7.12124E-3 4.6984E-3 4.16717E-3 4.17618E-3 5.04341E-3 5.42891E-3 5.35888E-3 7.89783E-3 9.51585E-3 1.15633E-2 1.39674E-2 1.60744E-2 1.92155E-2 2.10972E-2 2.57586E-2 3.04397E-2 3.3645E-2 2.94466E-2 3.74323E-3 2.27621E-3 1.16733E-3 1.20464E-4 1.98067E-5 3.77371E-6 4.0903E-6
4.97177E-7 5.25003E-8 1.52035E-7 6.83948E-7 3.66906E-6 1.00455E-5 5.51866E-6 6.53965E-6 5.60449E-7 1.18066E-8 7.24998E-7 2.31611E-8 2.77926E-5 4.98112E-3 1.74665E-2 2.18779E-2 2.10156E-2 2.04371E-2 2.02638E-2 2.14365E-2 1.96588E-2 1.77026E-2 1.5253E-2 1.25717E-2 7.02271E-3 1.75632E-3 5.55555E-4 3.82033E-4 7.36585E-4 1.46534E-4 4.99642E-4 5.75803E-3 1.10553E-2 1.23789E-2 1.25486E-2 1.23575E-2 1.21688E-2 1.19424E-2 1.24525E-2 1.27687E-2 1.28747E-2 1.22607E-2 1.11147E-2 9.66004E-3 7.6252E-3 4.87703E-3 3.33797E-3 3.08388E-3 2.53552E-3 2.68999E-3 3.30375E-3 5.20491E-3 7.67277E-3 9.51585E-3 1.12406E-2 1.52177E-2 1.77159E-2 2.00132E-2 2.47075E-2 2.83538E-2 3.32105E-2 3.45224E-2 1.74247E-2 2.16894E-3 2.68925E-3 1.38657E-3 4.2041E-4 6.88715E-5 5.59434E-5 5.79538E-4
2.20865E-5 3.04893E-6 6.28302E-7 6.87439E-8 1.31279E-8 1.87318E-6 5.18206E-6 2.77625E-6 2.01708E-6 5.60449E-7 7.30169E-8 5.34982E-7 8.77247E-6 9.24311E-4 1.46058E-2 2.03929E-2 2.08967E-2 2.14365E-2 2.15061E-2 2.11093E-2 2.06948E-2 1.85363E-2 1.60875E-2 1.4138E-2 7.34559E-3 3.61872E-4 3.51762E-4 1.54992E-4 2.9287E-4 5.21575E-4 1.91677E-4 1.08007E-3 5.46191E-3 1.14373E-2 1.3507E-2 1.40077E-2 1.41285E-2 1.32814E-2 1.37977E-2 1.40131E-2 1.29683E-2 1.19424E-2 9.19599E-3 7.09498E-3 5.39685E-3 3.38761E-3 1.38545E-3 1.68158E-3 1.3818E-3 1.62864E-3 2.35126E-3 3.71062E-3 5.67408E-3 6.83812E-3 9.99975E-3 1.56334E-2 2.00578E-2 2.2562E-2 2.68761E-2 3.13859E-2 3.64262E-2 3.58951E-2 1.91672E-2 5.20331E-3 3.40316E-3 2.54614E-4 2.29596E-4 2.55401E-5 4.14856E-5 3.16668E-3
8.3148E-5 1.82766E-5 1.75404E-6 7.33112E-8 1.36989E-9 2.0945E-8 2.00953E-8 1.64227E-8 4.81818E-8 9.08476E-9 1.72626E-6 1.41693E-5 1.18923E-5 4.15292E-4 5.71103E-3 1.1395E-2 1.79496E-2 1.97782E-2 1.99634E-2 2.04371E-2 2.02638E-2 1.99634E-2 1.79754E-2 1.73642E-2 1.31552E-2 6.62662E-4 4.46465E-5 7.28025E-5 1.14779E-4 9.98247E-5 1.74899E-4 5.02999E-4 2.64844E-4 2.34547E-3 1.06727E-2 1.38695E-2 1.4224E-2 1.29006E-2 1.25096E-2 1.16179E-2 1.16179E-2 8.56438E-3 7.3933E-3 5.58016E-3 4.02581E-3 1.96268E-3 7.25557E-4 7.36249E-4 7.05317E-4 9.26909E-4 1.06792E-3 1.05355E-3 1.16203E-3 2.78752E-3 9.23929E-3 1.79305E-2 2.0885E-2 2.48641E-2 2.9013E-2 3.27574E-2 3.59122E-2 3.6435E-2 3.00661E-2 9.38555E-3 1.88457E-3 1.36626E-4 4.93834E-5 4.57972E-6 5.74932E-5 6.40253E-3
