KUENM/Final_Models/M_0.1_F_lq_Set_2_EC/sp1_se_asia_avg.asc
ncols         320
nrows         243
xllcorner     44.0
yllcorner     -0.666666666666667
cellsize      0.166666666666667
NODATA_value  -9999
[rows 93 to 123 of 243, columns 210 to 279 of 320]
1.68661E-2 4.98098E-3 5.42036E-3 2.38032E-2 5.55995E-2 7.33078E-2 8.04533E-2 8.68457E-2 7.63456E-2 6.61826E-2 8.41057E-2 6.54063E-2 4.25336E-2 3.22107E-2 3.42522E-2 4.3563E-2 5.26187E-2 7.68357E-2 1.20039E-1 1.69226E-1 1.63733E-1 1.38637E-1 1.32331E-1 1.2159E-1 1.14524E-1 1.12058E-1 9.08353E-2 9.06136E-2 9.52168E-2 8.98367E-2 4.74178E-2 2.92968E-2 3.72017E-2 4.74178E-2 4.66757E-2 3.40734E-2 5.26187E-2 7.00303E-2 6.60783E-2 8.50412E-2 9.9007E-2 8.9625E-2 5.76792E-2 3.80834E-2 2.43136E-2 1.79512E-2 1.59441E-2 1.18823E-2 8.43158E-3 1.64293E-3 2.06238E-4 1.2202E-4 3.23483E-4 5.91983E-4 1.01822E-3 1.24674E-3 7.84158E-4 3.02589E-4 9.3176E-5 1.47287E-5 3.0375E-6 1.83054E-6 9.62448E-7 2.55893E-7 3.93562E-8 5.47524E-9 5.52929E-10 4.87806E-11 4.99937E-12 8.34489E-13
1.42747E-2 7.94642E-3 1.43422E-2 2.9804E-2 5.22671E-2 4.70579E-2 6.92258E-2 8.97341E-2 8.02474E-2 5.91707E-2 5.87449E-2 5.12427E-2 4.51808E-2 4.46898E-2 5.2608E-2 4.88686E-2 4.75965E-2 6.38797E-2 7.91811E-2 9.80245E-2 1.07969E-1 1.14485E-1 1.03223E-1 8.68506E-2 6.93101E-2 6.76728E-2 5.59749E-2 5.01035E-2 5.18834E-2 5.67888E-2 6.48625E-2 7.83695E-2 5.37307E-2 3.92873E-2 2.42463E-2 2.09592E-2 2.17863E-2 1.49662E-2 1.23027E-2 2.20926E-2 4.41809E-2 5.35802E-2 2.93989E-2 2.34459E-2 2.37806E-2 1.52567E-2 1.2603E-2 8.62327E-3 5.16436E-3 2.15754E-3 9.41728E-4 7.13642E-4 5.93401E-4 3.51717E-4 4.71147E-4 1.06282E-3 8.47939E-4 2.98924E-4 7.42469E-5 1.15172E-5 2.12341E-6 3.1861E-6 1.65475E-6 3.14695E-7 4.76599E-8 5.97118E-9 8.21747E-10 1.0289E-10 1.90959E-11 5.55451E-12
2.74436E-2 2.47669E-2 1.14229E-2 3.07515E-2 5.12427E-2 4.09205E-2 4.64196E-2 5.72982E-2 5.33032E-2 4.70628E-2 3.82747E-2 3.49004E-2 3.77766E-2 4.70628E-2 5.52947E-2 4.76718E-2 3.77005E-2 3.80811E-2 3.78481E-2 5.57246E-2 4.9179E-2 6.77342E-2 5.80171E-2 4.35808E-2 3.53226E-2 3.31344E-2 2.69695E-2 2.55335E-2 2.48405E-2 3.40815E-2 6.61622E-2 8.31627E-2 3.78615E-2 2.56258E-2 1.91916E-2 2.13951E-2 2.28577E-2 9.99941E-3 6.779E-3 1.06267E-2 2.38991E-2 2.63248E-2 1.23307E-2 9.41915E-3 1.46962E-2 1.34678E-2 1.07464E-2 6.24908E-3 4.19573E-3 2.94145E-3 2.35126E-3 2.19111E-3 1.5602E-3 5.19752E-4 4.54004E-4 8.18798E-4 7.04181E-4 3.24394E-4 9.38121E-5 2.07298E-5 7.44671E-6 5.50275E-6 1.96206E-6 2.91254E-7 3.43043E-8 5.16715E-9 8.76758E-10 1.36876E-10 3.68732E-11 1.92001E-11
2.92582E-2 2.61929E-2 9.1063E-3 3.69595E-2 3.44394E-2 2.22709E-2 1.89807E-2 2.42606E-2 2.32609E-2 1.96228E-2 1.59521E-2 1.46747E-2 2.42606E-2 4.0376E-2 4.14136E-2 3.78353E-2 2.89783E-2 2.30339E-2 2.17682E-2 2.37853E-2 1.9601E-2 2.03024E-2 2.63601E-2 2.1654E-2 1.77099E-2 1.46254E-2 1.23027E-2 1.38132E-2 1.31869E-2 1.82709E-2 2.23004E-2 1.60307E-2 1.82725E-2 2.26229E-2 1.76156E-2 1.87873E-2 1.80105E-2 1.55522E-2 1.76743E-2 1.79994E-2 1.42536E-2 1.57084E-2 1.37398E-2 2.4113E-2 1.62787E-2 1.44903E-2 1.22906E-2 4.36976E-3 4.1542E-3 4.45528E-3 3.45364E-3 4.38094E-3 4.60746E-3 1.65052E-3 1.04541E-3 1.02622E-3 7.73895E-4 3.73026E-4 1.31035E-4 3.83577E-5 1.23301E-5 4.76601E-6 1.36034E-6 1.86291E-7 2.25262E-8 3.95727E-9 1.15053E-9 2.49398E-10 9.70916E-11 3.95386E-11
1.35049E-2 1.48584E-2 1.73916E-2 2.21101E-2 1.60307E-2 1.46593E-2 1.26234E-2 1.05334E-2 7.37189E-3 6.38295E-3 4.91363E-3 6.48612E-3 1.65082E-2 3.68822E-2 3.92774E-2 2.92527E-2 1.97437E-2 1.34166E-2 9.03828E-3 8.25296E-3 7.41478E-3 6.35054E-3 9.4056E-3 7.90675E-3 6.65208E-3 5.53728E-3 4.7081E-3 4.86255E-3 5.95096E-3 5.14225E-3 3.56585E-3 2.08712E-3 2.46605E-3 8.90291E-3 1.35167E-2 9.28389E-3 5.65133E-3 4.92598E-3 3.77687E-3 3.38003E-3 2.41868E-3 3.7155E-3 8.31536E-3 1.32294E-2 1.82235E-2 2.17075E-2 2.014E-2 9.88733E-3 7.56114E-3 9.88733E-3 3.22426E-3 2.31556E-3 2.57285E-3 2.23528E-3 1.83824E-3 1.65052E-3 1.04541E-3 5.18863E-4 1.97001E-4 5.41474E-5 1.54572E-5 4.0406E-6 9.82594E-7 1.47048E-7 1.52208E-8 4.31878E-9 2.03008E-9 8.05316E-10 2.21296E-10 -9999
1.22145E-2 1.6242E-2 1.92254E-2 1.4679E-2 1.12059E-2 8.98496E-3 6.15535E-3 4.37764E-3 2.60906E-3 1.91128E-3 1.49195E-3 4.46694E-3 1.51149E-2 3.78353E-2 4.53139E-2 2.82026E-2 1.62013E-2 1.10776E-2 8.73176E-3 5.22482E-3 3.97344E-3 3.23583E-3 4.1119E-3 3.71666E-3 3.03902E-3 2.30374E-3 1.88372E-3 1.7883E-3 2.46497E-3 2.22157E-3 2.59606E-3 1.74215E-3 1.86203E-3 6.8961E-3 1.05061E-2 3.28212E-3 1.40857E-3 1.18607E-3 5.45909E-4 1.03669E-3 2.52738E-3 3.67085E-3 4.44511E-3 5.50103E-3 7.42419E-3 1.63874E-2 2.64958E-2 1.59053E-2 1.05506E-2 4.78557E-2 6.86176E-3 2.71125E-3 2.48426E-3 2.23528E-3 2.61823E-3 3.16917E-3 1.97429E-3 9.88825E-4 3.31568E-4 6.15411E-5 1.28612E-5 3.40986E-6 8.25381E-7 1.72199E-7 3.43043E-8 1.18648E-8 5.18946E-9 1.70865E-9 2.50705E-10 -9999
1.412E-2 1.59902E-2 2.07517E-2 2.38598E-2 1.57186E-2 4.15207E-3 2.60533E-3 1.36621E-3 6.57875E-4 4.58967E-4 5.79547E-4 1.33102E-3 5.77947E-3 1.82331E-2 3.35764E-2 2.13826E-2 1.26441E-2 9.16419E-3 8.885E-3 7.72876E-3 3.71666E-3 2.05002E-3 1.97933E-3 1.94503E-3 1.34203E-3 8.22093E-4 6.65564E-4 7.77674E-4 1.1349E-3 1.60816E-3 1.89013E-3 1.77713E-3 1.11502E-3 1.8274E-3 2.57801E-3 1.05087E-3 4.00789E-4 5.33701E-4 5.35542E-4 4.62017E-3 9.18795E-3 3.72666E-3 1.79325E-3 2.83091E-3 4.0949E-3 9.88733E-3 2.469E-2 3.05138E-2 1.19667E-2 3.13648E-2 2.50423E-2 1.00666E-2 4.23569E-3 2.31556E-3 2.31556E-3 5.53359E-3 6.00869E-3 3.57392E-3 4.03349E-4 4.183E-5 7.08795E-6 2.26871E-6 8.08319E-7 2.30634E-7 6.81273E-8 2.61367E-8 1.26571E-8 3.08835E-9 2.21034E-10 4.88403E-12
2.90978E-2 2.833E-2 3.55173E-2 2.84284E-2 1.40199E-2 5.97461E-3 2.52092E-3 7.63745E-4 1.94298E-4 1.88824E-4 3.5997E-4 8.5171E-4 1.36376E-3 3.83459E-3 6.62418E-3 6.44446E-3 7.25195E-3 7.02514E-3 9.03527E-3 1.12935E-2 5.31834E-3 2.48286E-3 1.43077E-3 1.08E-3 6.46122E-4 3.19147E-4 2.30888E-4 3.17505E-4 4.58841E-4 6.77184E-4 8.82372E-4 6.68497E-4 5.14686E-4 3.13683E-4 4.60215E-4 6.21822E-4 6.95553E-4 9.1798E-4 1.53679E-3 6.41799E-3 6.8058E-3 2.75891E-3 1.53225E-3 2.50584E-3 6.00869E-3 8.45887E-3 1.64275E-2 2.50923E-2 1.25324E-2 1.59736E-2 3.69061E-2 2.37053E-2 1.15822E-2 4.02614E-3 1.18952E-3 1.32772E-3 2.85657E-3 6.65247E-4 8.48324E-5 1.58491E-5 4.24869E-6 1.54312E-6 6.97773E-7 2.43903E-7 6.83851E-8 2.34728E-8 9.82918E-9 1.9775E-9 8.27704E-11 -9999
4.15331E-2 4.4179E-2 4.33691E-2 3.2738E-2 1.57695E-2 7.60467E-3 2.05002E-3 4.96558E-4 1.63427E-4 1.95747E-4 3.20913E-4 8.32791E-4 2.03601E-3 3.39758E-3 2.53625E-3 7.07219E-4 1.10413E-3 2.39388E-3 7.60931E-3 1.66711E-2 7.84899E-3 3.00438E-3 1.20601E-3 6.19153E-4 3.45505E-4 1.91504E-4 1.04411E-4 9.46862E-5 1.09306E-4 1.63427E-4 2.91776E-4 2.3544E-4 9.8641E-5 5.28712E-5 1.19283E-4 4.75075E-4 1.14764E-3 1.22376E-3 1.50962E-3 2.15686E-3 1.65497E-3 1.39666E-3 1.32772E-3 2.15754E-3 4.58099E-3 5.3534E-3 9.01435E-3 1.0095E-2 7.45953E-3 1.0095E-2 1.82824E-2 2.05259E-2 1.93628E-2 4.61657E-3 5.2985E-4 2.94951E-4 7.90079E-4 9.41994E-5 2.37602E-5 9.85708E-6 3.12668E-6 1.21016E-6 5.71773E-7 1.8405E-7 3.57346E-8 6.58049E-9 1.47161E-9 2.00363E-10 5.38623E-12 -9999
3.22107E-2 3.36321E-2 4.76718E-2 4.1653E-2 2.11848E-2 7.48237E-3 1.91128E-3 5.54462E-4 2.43016E-4 2.47331E-4 3.95264E-4 7.88485E-4 1.7741E-3 2.65487E-3 3.74885E-3 1.36676E-3 4.51791E-4 9.33358E-4 4.39674E-3 1.17035E-2 6.06705E-3 2.25514E-3 9.24338E-4 4.44922E-4 2.23733E-4 1.56198E-4 8.7295E-5 6.68147E-5 9.36701E-5 1.00845E-4 2.14751E-4 2.46622E-4 1.2538E-4 5.6459E-5 1.05487E-4 6.68012E-4 1.92047E-3 2.01031E-3 1.21185E-3 1.44819E-3 1.93942E-3 2.62282E-3 3.17497E-3 4.46403E-3 5.09323E-3 3.79056E-3 3.82621E-3 4.18171E-3 3.46692E-3 4.11149E-3 6.44484E-3 7.45953E-3 4.32204E-3 5.30436E-4 2.65541E-5 2.98766E-6 2.54072E-5 3.52861E-5 1.58976E-5 7.65948E-6 1.75432E-6 6.03241E-7 2.52169E-7 6.3489E-8 6.7952E-9 5.76928E-10 5.27885E-11 5.77569E-12 -9999 3.8638E-16
2.09592E-2 2.75232E-2 3.80705E-2 4.68156E-2 2.10979E-2 6.4878E-3 1.65824E-3 4.26422E-4 2.39831E-4 1.95795E-4 3.59065E-4 9.46186E-4 2.52236E-3 2.88491E-3 2.16375E-3 1.51417E-3 1.63158E-3 2.51276E-3 3.22584E-3 2.79553E-3 1.95468E-3 5.99338E-4 4.59158E-4 3.15688E-4 2.86102E-4 2.17752E-4 1.64239E-4 1.60955E-4 2.31788E-4 5.29371E-4 1.30472E-3 8.73995E-4 2.68774E-4 1.27789E-4 2.41061E-4 1.10136E-3 1.93868E-3 1.90458E-3 1.62194E-3 1.39666E-3 2.81884E-3 4.60746E-3 7.16856E-3 1.11703E-2 6.10809E-3 4.24392E-3 2.71604E-3 2.58185E-3 1.81112E-3 1.30676E-3 1.98033E-3 2.72098E-3 7.9167E-4 4.6817E-5 2.98766E-6 4.44838E-7 8.79683E-7 5.79416E-6 6.07126E-6 3.13375E-6 7.76257E-7 2.04917E-7 4.97549E-8 6.99365E-9 4.80444E-10 1.68506E-11 3.48801E-13 6.0912E-15 1.0775E-16 -9999
1.54974E-2 3.18607E-2 3.54123E-2 3.09974E-2 1.60164E-2 4.74099E-3 9.99026E-4 3.21899E-4 1.64162E-4 1.53773E-4 3.4525E-4 1.13689E-3 2.77616E-3 5.99774E-3 7.96733E-3 8.173E-3 4.88805E-3 3.679E-3 4.32026E-3 2.42656E-3 8.26413E-4 1.58179E-4 2.14266E-4 2.99482E-4 3.59595E-4 3.63941E-4 2.84129E-4 2.50813E-4 4.39852E-4 8.54076E-4 1.28233E-3 8.08414E-4 4.07719E-4 2.80716E-4 3.62663E-4 6.89278E-4 8.93994E-4 1.1754E-3 1.58123E-3 1.30933E-3 1.80656E-3 2.30349E-3 3.19485E-3 2.82789E-3 3.74061E-3 3.70989E-3 2.81742E-3 2.01612E-3 9.36826E-4 2.94931E-4 6.547E-4 1.98051E-3 3.19622E-4 -9999 1.74018E-5 6.98129E-6 2.58666E-6 3.13375E-6 2.46502E-6 1.12797E-6 3.02714E-7 5.70082E-8 7.41176E-9 5.77534E-10 2.05553E-11 2.71768E-13 1.25766E-15 1.16694E-18 5.90269E-21 6.51623E-22
3.07331E-2 4.29501E-2 2.52392E-2 1.05334E-2 6.84063E-3 2.23381E-3 3.88799E-4 2.12935E-4 1.18648E-4 1.22742E-4 4.40736E-4 1.49342E-3 4.29838E-3 1.96369E-2 2.55166E-2 1.85157E-2 1.166E-2 7.64597E-3 4.61657E-3 2.58031E-3 1.12561E-3 5.62167E-4 4.12459E-4 3.52601E-4 4.20266E-4 4.43532E-4 3.51717E-4 2.44108E-4 3.64452E-4 6.68784E-4 7.45261E-4 4.76096E-4 2.60866E-4 1.6805E-4 1.61337E-4 2.14266E-4 3.33904E-4 5.61862E-4 8.74352E-4 8.49566E-4 7.18192E-4 7.52724E-4 1.17E-3 1.02921E-3 8.81009E-4 1.48503E-3 1.30676E-3 7.76504E-4 5.00489E-4 2.32093E-4 5.61813E-4 7.62363E-4 1.89883E-4 4.6817E-5 1.42699E-4 1.02397E-4 1.48585E-5 4.16865E-6 1.47922E-6 4.80326E-7 1.05883E-7 1.46796E-8 1.2334E-9 5.46546E-11 1.07701E-12 5.64536E-15 1.00228E-17 3.26456E-21 1.34292E-23 2.01223E-24
5.11697E-2 4.63354E-2 1.57973E-2 3.6432E-3 4.18646E-3 1.51299E-3 1.79907E-4 1.20034E-4 1.15027E-4 1.13889E-4 6.20735E-4 2.9641E-3 9.551E-3 4.4905E-2 5.04978E-2 3.29723E-2 2.01905E-2 1.21672E-2 6.23725E-3 4.18264E-3 2.67249E-3 1.23407E-3 4.98989E-4 4.19717E-4 3.87423E-4 2.94503E-4 1.15942E-4 9.41994E-5 1.71283E-4 4.04404E-4 4.04001E-4 2.27266E-4 1.17086E-4 7.98162E-5 5.8592E-5 6.03807E-5 1.51427E-4 3.70207E-4 6.38085E-4 7.59691E-4 6.24007E-4 4.1346E-4 4.46617E-4 3.11507E-4 2.64314E-4 1.89976E-4 1.02473E-4 1.186E-4 2.61971E-4 4.12146E-4 4.04176E-4 2.61971E-4 1.37034E-4 1.51841E-4 2.36897E-4 8.84671E-5 1.81891E-5 3.88268E-6 1.02088E-6 2.27471E-7 3.88927E-8 4.0344E-9 2.43E-10 -9999 8.56484E-14 3.57714E-16 5.87336E-19 6.22047E-22 2.70053E-24 -9999
6.08952E-2 5.73177E-2 2.52305E-2 8.07238E-3 5.69899E-3 2.41868E-3 2.40848E-4 7.3386E-5 1.58467E-4 3.49337E-4 1.76499E-3 7.48237E-3 2.5098E-2 7.36402E-2 7.24559E-2 4.21323E-2 2.73442E-2 1.88484E-2 1.14455E-2 8.08321E-3 6.12563E-3 3.39235E-3 1.4188E-3 1.09676E-3 8.28727E-4 1.65607E-4 1.67214E-5 2.11965E-5 4.20157E-5 9.42586E-5 1.34243E-4 7.48407E-5 4.56023E-5 4.9282E-5 2.54878E-5 1.38896E-5 8.21029E-5 3.59065E-4 6.68997E-4 9.6707E-4 7.89323E-4 4.42503E-4 2.37103E-4 9.82227E-5 5.22601E-5 2.9559E-5 6.64664E-6 1.51711E-5 6.58551E-5 1.48504E-4 1.31422E-4 4.98719E-5 1.51919E-5 1.70141E-5 1.86007E-5 1.32701E-5 6.51098E-6 2.58473E-6 5.59148E-7 1.34498E-7 1.68992E-8 1.47606E-9 7.06998E-11 1.00443E-12 1.56493E-14 -9999 7.23826E-20 3.39155E-22 1.29235E-24 -9999
7.01461E-2 7.38046E-2 6.67758E-2 4.59797E-2 2.51595E-2 7.07287E-3 4.1237E-4 4.48306E-5 1.10602E-4 4.93395E-4 3.14221E-3 1.4204E-2 3.24331E-2 7.41734E-2 6.15787E-2 3.59837E-2 2.89512E-2 2.5518E-2 1.52989E-2 1.00863E-2 1.15919E-2 1.0211E-2 5.79238E-3 3.80513E-3 2.78819E-3 4.05756E-4 4.39802E-5 2.14804E-5 1.93861E-5 2.11965E-5 2.42934E-5 2.27442E-5 1.94266E-5 2.50133E-5 1.83604E-5 8.39368E-6 7.08722E-5 4.41893E-4 1.08E-3 1.71767E-3 1.02335E-3 4.64154E-4 2.00786E-4 6.14632E-5 3.25065E-5 1.21183E-5 4.55726E-6 6.96318E-6 2.36885E-5 5.19813E-5 5.79487E-5 2.0768E-5 1.93133E-6 -9999 4.01709E-7 1.71204E-6 2.46321E-6 1.47829E-6 3.91399E-7 7.88563E-8 -9999 7.83498E-10 3.36014E-11 3.48952E-13 -9999 -9999 -9999 -9999 -9999 -9999
1.08598E-1 9.56463E-2 7.83429E-2 6.29579E-2 5.0466E-2 1.07473E-2 1.00931E-3 7.63852E-5 8.40144E-6 1.31198E-4 3.11796E-3 1.769E-2 4.08443E-2 5.17594E-2 3.95079E-2 2.37594E-2 1.9696E-2 1.60093E-2 9.03903E-3 7.09608E-3 1.10901E-2 1.14405E-2 6.758E-3 3.89065E-3 2.27027E-3 8.00511E-4 2.16437E-4 6.05328E-5 1.9018E-5 6.47923E-6 6.20776E-6 1.0539E-5 1.50643E-5 2.46403E-5 3.10531E-5 3.38091E-5 1.19986E-4 5.96616E-4 1.22699E-3 1.5473E-3 1.22691E-3 4.20183E-4 1.64247E-4 6.26246E-5 3.06837E-5 1.05463E-5 5.26084E-6 5.9015E-6 1.51413E-5 3.3024E-5 -9999 -9999 -9999 -9999 -9999 1.40747E-6 -9999 -9999 3.91399E-7 -9999 -9999 -9999 -9999 -9999 -9999 -9999 -9999 -9999 -9999 -9999
1.67494E-1 9.36944E-2 3.94469E-2 3.79637E-2 3.32232E-2 6.34183E-3 1.38076E-3 6.44693E-5 7.46535E-6 1.15773E-4 4.07E-3 2.8646E-2 5.44265E-2 3.64704E-2 2.34021E-2 1.31486E-2 9.48402E-3 7.3433E-3 4.24912E-3 2.71682E-3 3.58781E-3 4.04321E-3 2.67249E-3 1.65389E-3 1.28024E-3 1.127E-3 8.02579E-4 1.77296E-4 2.75093E-5 4.76362E-6 3.78608E-6 9.20146E-6 3.03524E-5 3.41919E-5 4.994E-5 9.21811E-5 2.18503E-4 5.69773E-4 1.11522E-3 1.24603E-3 8.40331E-4 3.05447E-4 1.38041E-4 6.76859E-5 2.76383E-5 1.3231E-5 7.48427E-6 7.11124E-6 -9999 -9999 -9999 -9999 -9999 -9999 -9999 -9999 -9999 -9999 -9999 -9999 -9999 -9999 -9999 -9999 -9999 -9999 -9999 -9999 -9999 -9999
9.38472E-2 5.19226E-2 2.11831E-2 1.37597E-2 7.22028E-3 1.65536E-3 3.25904E-4 4.3863E-5 2.89845E-5 5.46707E-4 5.51719E-3 1.00437E-2 1.39466E-2 1.69778E-2 1.57564E-2 7.58379E-3 5.28997E-3 4.94758E-3 2.44541E-3 1.12837E-3 7.9167E-4 7.46924E-4 7.59974E-4 6.89773E-4 7.89227E-4 1.25868E-3 1.53371E-3 3.86494E-4 7.25602E-5 1.97755E-5 1.24003E-5 2.25963E-5 3.60119E-5 7.02398E-5 1.37034E-4 2.89393E-4 5.39974E-4 8.37632E-4 9.50862E-4 8.29079E-4 4.93395E-4 2.20962E-4 1.16168E-4 6.31873E-5 3.23089E-5 1.81268E-5 1.26315E-5 -9999 -9999 -9999 -9999 -9999 -9999 -9999 -9999 -9999 -9999 -9999 -9999 -9999 -9999 -9999 -9999 -9999 -9999 -9999 -9999 -9999 -9999 -9999
5.25816E-2 2.77611E-2 1.1264E-2 5.02068E-3 1.87349E-3 3.87423E-4 8.80045E-5 3.23455E-5 3.60912E-5 4.53251E-4 2.01305E-3 1.12811E-3 1.77816E-3 8.75631E-3 1.77268E-2 1.37627E-2 6.99179E-3 2.36328E-3 7.75694E-4 4.54612E-4 3.5972E-4 3.00841E-4 2.60797E-4 3.24531E-4 5.58932E-4 9.32646E-4 9.80992E-4 4.77588E-4 1.66231E-4 7.29713E-5 4.87331E-5 5.31918E-5 8.67233E-5 1.94148E-4 3.64983E-4 7.91287E-4 1.32803E-3 1.38042E-3 9.3638E-4 4.37168E-4 2.60723E-4 1.20661E-4 7.62768E-5 5.07675E-5 3.44414E-5 2.36317E-5 2.02719E-5 -9999 -9999 -9999 -9999 -9999 -9999 -9999 -9999 -9999 -9999 -9999 -9999 -9999 -9999 -9999 -9999 -9999 -9999 -9999 -9999 -9999 -9999 -9999
3.18852E-2 1.50751E-2 5.64751E-3 2.04513E-3 7.58376E-4 2.70728E-4 8.45911E-5 4.02228E-5 5.32003E-5 2.05523E-4 5.30436E-4 6.42339E-4 1.40444E-3 6.65231E-3 1.88033E-2 1.9107E-2 8.21481E-3 1.51222E-3 5.20533E-4 3.25895E-4 3.01118E-4 2.56792E-4 1.64501E-4 2.36562E-4 4.52887E-4 6.76776E-4 7.28283E-4 5.16035E-4 3.10228E-4 1.84062E-4 1.35842E-4 1.3867E-4 1.93248E-4 3.45412E-4 6.8458E-4 1.59604E-3 3.40699E-3 1.97344E-3 7.61982E-4 2.46485E-4 7.31177E-5 4.56798E-5 4.28103E-5 4.07903E-5 3.35244E-5 2.88324E-5 3.0199E-5 3.44414E-5 -9999 -9999 -9999 -9999 -9999 -9999 -9999 -9999 -9999 -9999 -9999 -9999 -9999 -9999 -9999 -9999 -9999 -9999 -9999 -9999 -9999 -9999
1.64555E-2 6.03289E-3 1.90734E-3 8.33387E-4 5.26095E-4 3.05052E-4 1.17535E-4 4.47755E-5 4.47929E-5 9.82164E-5 2.46572E-4 4.88577E-4 1.10282E-3 3.28629E-3 6.86176E-3 8.19296E-3 6.54471E-3 1.48314E-3 4.2761E-4 3.12993E-4 4.02443E-4 6.41581E-4 6.42339E-4 5.30659E-4 5.94391E-4 6.51473E-4 6.76776E-4 5.99976E-4 4.77588E-4 3.86494E-4 3.24531E-4 3.58848E-4 3.86494E-4 5.37932E-4 8.57923E-4 1.50958E-3 3.02042E-3 1.68192E-3 5.28749E-4 1.39064E-4 4.288E-5 2.77035E-5 3.37543E-5 3.50229E-5 3.82151E-5 3.66886E-5 4.09942E-5 5.31094E-5 -9999 -9999 -9999 -9999 -9999 -9999 -9999 -9999 -9999 -9999 -9999 -9999 -9999 -9999 -9999 -9999 -9999 -9999 -9999 -9999 -9999 -9999
7.18551E-3 1.3775E-3 3.24531E-4 4.36399E-4 5.37822E-4 4.96459E-4 1.63403E-4 3.0129E-5 1.86102E-5 3.83577E-5 9.5791E-5 2.48131E-4 6.59123E-4 1.46872E-3 2.55005E-3 2.55923E-3 2.05594E-3 1.33585E-3 4.10361E-4 2.70713E-4 3.26582E-4 1.86726E-3 3.12063E-3 1.74723E-3 9.89776E-4 7.18007E-4 7.03006E-4 6.49733E-4 6.4162E-4 6.97654E-4 8.23668E-4 1.00335E-3 9.03234E-4 6.9307E-4 6.1759E-4 6.40431E-4 1.10725E-3 9.48417E-4 3.88672E-4 1.0624E-4 3.56761E-5 3.18534E-5 3.80878E-5 4.25987E-5 4.83394E-5 5.4002E-5 5.89877E-5 -9999 -9999 -9999 -9999 -9999 -9999 -9999 -9999 -9999 -9999 -9999 -9999 -9999 -9999 -9999 -9999 -9999 -9999 -9999 -9999 -9999 -9999 -9999
4.29801E-3 8.0425E-4 2.04357E-4 3.05052E-4 4.80039E-4 4.51832E-4 8.77393E-5 7.42854E-6 3.96323E-6 1.07825E-5 3.09072E-5 9.91882E-5 3.02589E-4 5.82515E-4 1.46281E-3 3.00592E-3 6.35595E-3 2.60207E-3 4.11937E-4 1.91938E-4 2.93213E-4 2.60434E-3 5.73959E-3 3.40837E-3 1.43056E-3 7.89227E-4 7.70844E-4 8.50954E-4 9.33319E-4 9.62956E-4 1.13836E-3 1.51411E-3 1.53106E-3 1.16383E-3 7.63233E-4 4.04176E-4 4.97848E-4 5.39037E-4 2.99058E-4 1.14278E-4 4.19124E-5 4.05629E-5 5.34025E-5 6.09817E-5 7.10379E-5 8.26214E-5 -9999 -9999 -9999 -9999 -9999 -9999 -9999 -9999 -9999 -9999 -9999 -9999 -9999 -9999 -9999 -9999 -9999 -9999 -9999 -9999 -9999 -9999 -9999 -9999
5.00062E-3 1.59034E-3 6.91256E-4 5.80824E-4 5.92072E-4 2.49149E-4 2.80259E-5 1.87062E-6 1.40533E-6 3.52779E-6 9.86756E-6 2.58709E-5 6.00693E-5 8.5331E-5 4.04203E-4 1.65128E-3 3.08217E-3 1.63898E-3 3.45861E-4 1.93055E-4 3.70207E-4 5.36431E-3 9.33511E-3 6.54848E-3 2.44154E-3 1.06252E-3 1.08241E-3 1.16785E-3 9.77893E-4 1.30788E-3 1.22149E-3 1.54574E-3 1.77124E-3 1.66859E-3 1.1754E-3 8.85358E-4 8.68942E-4 7.04511E-4 4.01932E-4 1.99625E-4 8.00382E-5 6.54957E-5 9.47073E-5 1.05562E-4 1.1512E-4 1.17876E-4 -9999 -9999 -9999 -9999 -9999 -9999 -9999 -9999 -9999 -9999 -9999 -9999 -9999 -9999 -9999 -9999 -9999 -9999 -9999 -9999 -9999 -9999 -9999 -9999
8.15525E-3 3.45123E-3 2.31939E-3 2.12515E-3 1.52598E-3 1.91693E-4 2.00896E-5 3.11556E-6 1.63031E-6 1.98268E-6 3.70321E-6 5.91605E-6 4.66899E-6 1.20885E-5 2.81328E-5 7.79966E-5 1.39649E-4 2.88778E-4 3.60973E-4 5.60594E-4 2.78218E-3 1.37362E-2 2.02295E-2 1.12481E-2 5.46343E-3 2.5805E-3 1.84387E-3 1.54723E-3 1.62456E-3 1.36621E-3 1.39844E-3 1.48495E-3 2.20866E-3 2.3567E-3 2.00523E-3 1.77638E-3 1.56802E-3 1.19222E-3 8.17846E-4 4.86937E-4 2.85524E-4 2.0296E-4 2.07869E-4 2.07869E-4 1.9231E-4 -9999 -9999 -9999 -9999 -9999 -9999 -9999 -9999 -9999 -9999 -9999 -9999 -9999 -9999 -9999 -9999 -9999 -9999 -9999 -9999 -9999 -9999 -9999 -9999 -9999
1.24706E-2 6.30606E-3 4.85545E-3 3.44295E-3 9.9945E-4 1.40543E-4 1.96455E-5 4.04883E-6 1.93133E-6 1.88734E-6 3.05283E-6 4.59395E-6 6.22666E-6 1.39789E-5 3.48038E-5 5.97825E-5 1.306E-4 1.88922E-4 2.44617E-4 6.29528E-4 5.81433E-3 2.50923E-2 4.38837E-2 2.0571E-2 8.33846E-3 3.34919E-3 2.19384E-3 1.18362E-3 1.78877E-3 1.27368E-3 1.15548E-3 2.31447E-3 3.75504E-3 3.8414E-3 3.46449E-3 3.19485E-3 2.81884E-3 2.36073E-3 1.80437E-3 1.29843E-3 9.50236E-4 6.89773E-4 4.97848E-4 3.43488E-4 -9999 -9999 -9999 -9999 -9999 -9999 -9999 -9999 -9999 -9999 -9999 -9999 -9999 -9999 -9999 -9999 -9999 -9999 -9999 -9999 -9999 -9999 -9999 -9999 -9999 -9999
1.99412E-2 1.71778E-2 1.3465E-2 4.52139E-3 5.84016E-4 7.83653E-5 1.87856E-5 5.48545E-6 2.5774E-6 2.02752E-6 3.76342E-6 8.59155E-6 1.92806E-5 4.6287E-5 6.41012E-5 1.07869E-4 1.82959E-4 2.29293E-4 2.64681E-4 5.22438E-4 1.55446E-3 6.60465E-3 2.37388E-2 1.50424E-2 4.18376E-3 1.79647E-3 2.33596E-3 2.52738E-3 2.63851E-3 1.61007E-3 1.76837E-3 4.00227E-3 5.73112E-3 6.0358E-3 5.84034E-3 5.32204E-3 5.11081E-3 -9999 -9999 2.71682E-3 -9999 -9999 -9999 -9999 -9999 -9999 -9999 -9999 -9999 -9999 -9999 -9999 -9999 -9999 -9999 -9999 -9999 -9999 -9999 -9999 -9999 -9999 -9999 -9999 -9999 -9999 -9999 -9999 -9999 -9999
1.86636E-2 2.69245E-2 3.31633E-2 1.44902E-2 6.64745E-4 8.05295E-5 2.64571E-5 7.54819E-6 3.2584E-6 2.64021E-6 5.38156E-6 1.34944E-5 3.07954E-5 5.97825E-5 1.12863E-4 1.85324E-4 2.46678E-4 2.30526E-4 2.54461E-4 3.5103E-4 3.75928E-4 1.28545E-3 7.94741E-3 2.31332E-3 4.91894E-4 1.31203E-3 1.12059E-3 3.2759E-3 3.58616E-3 3.01342E-3 3.42074E-3 4.11517E-3 6.26749E-3 8.88707E-3 8.90134E-3 9.33511E-3 8.62241E-3 7.46233E-3 -9999 -9999 -9999 -9999 -9999 -9999 -9999 -9999 -9999 -9999 -9999 -9999 -9999 -9999 -9999 -9999 -9999 -9999 -9999 -9999 -9999 -9999 -9999 -9999 -9999 -9999 -9999 -9999 -9999 -9999 -9999 -9999
4.33157E-2 9.15278E-2 6.70328E-2 3.20722E-2 3.39509E-3 3.92294E-4 6.79681E-5 1.13729E-5 3.62626E-6 2.6162E-6 6.05574E-6 1.77024E-5 3.80639E-5 8.52254E-5 1.66236E-4 2.07331E-4 2.47978E-4 2.68379E-4 2.35466E-4 2.44987E-4 2.5662E-4 3.26609E-4 1.52884E-3 4.34038E-4 2.15412E-4 1.03309E-3 2.17729E-3 2.1107E-3 3.72666E-3 4.01136E-3 3.48128E-3 4.5314E-3 8.77701E-3 1.16024E-2 1.25475E-2 1.35454E-2 1.29384E-2 -9999 -9999 -9999 -9999 -9999 -9999 -9999 -9999 -9999 -9999 -9999 -9999 -9999 -9999 -9999 -9999 -9999 -9999 -9999 -9999 -9999 -9999 -9999 -9999 -9999 -9999 -9999 -9999 -9999 -9999 -9999 -9999 -9999
5.3312E-2 9.17532E-2 8.42549E-2 3.49257E-2 7.03274E-3 1.0346E-3 1.34285E-4 1.61891E-5 3.26058E-6 2.54323E-6 5.39475E-6 2.39348E-5 5.29865E-5 1.00044E-4 2.06604E-4 2.27107E-4 2.3167E-4 2.22628E-4 1.80185E-4 1.59643E-4 1.39657E-4 1.57734E-4 1.69927E-4 1.09028E-4 1.45136E-4 6.10275E-4 2.01981E-3 1.83317E-3 3.89924E-3 5.12861E-3 4.46928E-3 4.51355E-3 1.17965E-2 1.46578E-2 1.61842E-2 -9999 -9999 -9999 -9999 -9999 -9999 -9999 -9999 -9999 -9999 -9999 -9999 -9999 -9999 -9999 -9999 -9999 -9999 -9999 -9999 -9999 -9999 -9999 -9999 -9999 -9999 -9999 -9999 -9999 -9999 -9999 -9999 -9999 -9999 -9999
