KUENM/Final_Models/M_0.1_F_lq_Set_2_EC/sp1_se_asia_stddev.asc
ncols         320
nrows         243
xllcorner     44.0
yllcorner     -0.666666666666667
cellsize      0.166666666666667
NODATA_value  -9999
[rows 31 to 61 of 243, columns 140 to 209 of 320]
6.3136E-8 3.17506E-8 4.67587E-8 2.21163E-8 9.76667E-8 3.18291E-7 9.57024E-8 9.04547E-8 3.27704E-7 1.01405E-5 8.01459E-4 1.66654E-3 1.25865E-3 7.27586E-3 2.40385E-2 3.44326E-2 5.34321E-2 5.83801E-2 5.96999E-2 6.84769E-2 7.07379E-2 6.76753E-2 2.97722E-2 8.98311E-2 9.69592E-2 6.42447E-2 7.72281E-2 8.46038E-2 7.95795E-2 1.63659E-2 1.84402E-2 5.09793E-3 5.36588E-3 2.59319E-4 5.32995E-4 4.40543E-4 3.50644E-4 2.7197E-5 1.53341E-5 1.69978E-4 7.39536E-5 5.53703E-4 1.62777E-4 3.02126E-6 1.72551E-6 1.49185E-6 5.41371E-7 3.70658E-8 1.01474E-9 1.7094E-9 1.75773E-9 9.61043E-9 1.38667E-7 1.56358E-8 3.94265E-8 1.94117E-8 1.72098E-11 4.66774E-12 5.50184E-12 2.08673E-11 5.06088E-9 1.34602E-7 1.78726E-11 2.17103E-13 4.05627E-13 6.89571E-12 -9999 -9999 -9999 -9999
1.96297E-7 3.36101E-7 8.89213E-7 1.07083E-6 4.95864E-7 5.91797E-7 4.86163E-7 3.79371E-6 4.31777E-5 7.12434E-5 4.66253E-4 6.90499E-4 4.37131E-4 6.37702E-4 4.84037E-3 1.3604E-2 4.16109E-2 5.75763E-2 5.63628E-2 6.4727E-2 7.51725E-2 8.04564E-2 8.19682E-2 9.33103E-2 9.82004E-2 1.00833E-1 9.8775E-2 9.44345E-2 9.45026E-2 8.17948E-2 4.94103E-2 3.0914E-2 9.2822E-3 1.25679E-3 2.12118E-4 4.05773E-5 1.68403E-4 8.75842E-4 1.7665E-3 3.52678E-5 2.8815E-4 4.56111E-3 1.45018E-3 1.75651E-3 2.36992E-5 2.20195E-7 7.04777E-8 2.52551E-8 2.20893E-9 7.04935E-9 1.42624E-8 1.06721E-8 1.49435E-8 1.77016E-8 1.21054E-8 2.85336E-8 4.47123E-8 2.5311E-10 1.2728E-11 2.918E-12 6.89571E-12 1.23288E-11 6.31458E-9 1.132E-11 8.12277E-13 4.52023E-11 7.75658E-13 4.44063E-13 1.00821E-12 -9999
5.93845E-7 1.52643E-7 1.49485E-7 7.55529E-7 1.37926E-6 4.57198E-6 4.03968E-6 6.40956E-6 2.02487E-5 7.52076E-5 4.73575E-4 2.97842E-4 1.69486E-5 2.05098E-5 9.95239E-4 4.65553E-3 3.07187E-2 5.66126E-2 6.57276E-2 6.82992E-2 7.5352E-2 8.33262E-2 8.92415E-2 9.38769E-2 9.84591E-2 9.74306E-2 9.47791E-2 9.25642E-2 9.14688E-2 9.07175E-2 9.30317E-2 6.92329E-2 1.43675E-2 1.17449E-2 6.69864E-4 3.5562E-4 3.54937E-4 5.79268E-3 8.35331E-4 4.07385E-5 6.87419E-6 8.12589E-4 5.71663E-3 7.62869E-3 1.36839E-3 6.39446E-5 1.3848E-6 3.18437E-7 3.45475E-8 2.94295E-9 2.80944E-10 1.01071E-8 1.27249E-9 5.1192E-10 3.78759E-10 9.91869E-10 3.85418E-9 1.93595E-8 2.31007E-8 7.65446E-8 1.27027E-9 1.63809E-10 6.51498E-11 2.49541E-10 1.83921E-10 5.09768E-11 4.28271E-12 2.12488E-12 1.13316E-11 3.46908E-12
2.29235E-7 1.92552E-7 1.98867E-7 7.78146E-7 1.88863E-6 1.98297E-6 9.28525E-6 3.35371E-5 9.44654E-5 2.1448E-4 4.6467E-4 1.8485E-4 2.19571E-6 1.50245E-5 1.23308E-5 6.88947E-7 1.65525E-5 1.19828E-3 8.96082E-3 3.55701E-2 6.71448E-2 6.53619E-2 7.36839E-2 8.49572E-2 9.76945E-2 9.73771E-2 9.41822E-2 9.13864E-2 9.04661E-2 9.15707E-2 8.85763E-2 8.62803E-2 7.97553E-2 7.02717E-2 3.90943E-3 1.30281E-3 2.64185E-4 2.01092E-2 5.25978E-3 8.85992E-4 8.60898E-4 4.02826E-5 3.15744E-4 4.8686E-3 7.03214E-3 1.47316E-3 6.66223E-6 8.31031E-7 1.05399E-7 2.52081E-8 5.41236E-10 7.06497E-9 4.86724E-11 1.0867E-10 5.20448E-11 2.78517E-11 1.33018E-11 7.24637E-10 2.09479E-10 1.57115E-8 1.10632E-8 6.93244E-7 3.36616E-9 8.66812E-12 2.96544E-10 1.31907E-10 2.75163E-11 2.81813E-12 -9999 -9999
1.66833E-7 1.18209E-7 9.83206E-8 4.77159E-7 5.55087E-7 1.02453E-6 5.60633E-6 1.9815E-5 6.52492E-5 3.02953E-4 3.13326E-4 5.7879E-5 5.41321E-6 5.70345E-5 3.55991E-4 1.88539E-3 3.41347E-3 2.10869E-4 2.9035E-5 1.37557E-4 2.60433E-3 2.25851E-2 6.60441E-2 9.12871E-2 9.81181E-2 9.69285E-2 9.67182E-2 1.01026E-1 1.00383E-1 9.24925E-2 8.80706E-2 8.85449E-2 8.77273E-2 7.18255E-2 1.00623E-2 7.37877E-3 4.9469E-3 3.68996E-2 2.88414E-2 2.2221E-3 1.13235E-3 4.37087E-5 3.89367E-7 8.2448E-5 2.0506E-3 7.59705E-3 2.02667E-3 8.01354E-5 2.41108E-7 3.42849E-7 9.33345E-9 7.52981E-10 3.45724E-10 8.96312E-11 6.81866E-11 8.78305E-11 2.73492E-10 1.1435E-9 8.76814E-9 2.19958E-8 4.21051E-10 3.21142E-10 2.19399E-7 5.84839E-11 1.19496E-11 7.02763E-11 6.82607E-11 3.93632E-10 1.4143E-12 -9999
2.56022E-7 5.40929E-8 2.39128E-7 4.48255E-7 5.65142E-7 9.42319E-6 3.04648E-5 2.6123E-5 1.71672E-5 7.48277E-5 3.39398E-5 2.82682E-5 8.57239E-5 1.23393E-4 1.82804E-3 4.58894E-3 1.85549E-2 3.68798E-2 1.87167E-2 3.71622E-3 6.61986E-3 1.04477E-2 4.90653E-2 8.25309E-2 9.77692E-2 9.98412E-2 9.8466E-2 1.01665E-1 9.52466E-2 9.44544E-2 9.15591E-2 9.05912E-2 8.96208E-2 6.49814E-2 3.1116E-2 2.7563E-2 3.34647E-2 5.33935E-2 2.87314E-2 5.61656E-2 5.14663E-2 5.62209E-3 2.09588E-6 6.07456E-7 1.02595E-4 2.28457E-3 8.84651E-3 2.79962E-3 7.14971E-6 1.68671E-6 5.89627E-7 6.63861E-8 3.18415E-10 4.06193E-11 4.0904E-10 2.39498E-10 6.00645E-10 7.47295E-9 3.98559E-11 6.72819E-10 1.12483E-10 1.64387E-11 4.15038E-9 4.20161E-9 1.4874E-11 2.17094E-12 1.59588E-11 6.27791E-11 4.40144E-10 -9999
1.95237E-7 3.9446E-8 4.67785E-7 6.66177E-7 2.27432E-6 1.38742E-5 9.2118E-5 6.09823E-5 4.02655E-5 4.98648E-5 1.34131E-4 1.78183E-4 5.64919E-5 3.97462E-5 2.16558E-3 2.34339E-2 4.10158E-2 6.62702E-2 5.50156E-2 2.80032E-2 5.03282E-2 6.364E-2 9.88782E-2 1.00618E-1 9.40288E-2 9.77509E-2 9.84497E-2 9.07788E-2 9.18472E-2 9.56969E-2 9.55592E-2 9.32634E-2 9.06638E-2 7.88836E-2 5.77074E-2 5.18267E-2 4.37194E-2 4.44866E-2 5.95697E-2 7.42842E-2 7.34867E-2 2.2464E-2 1.97654E-4 2.29567E-7 1.77995E-6 7.24629E-5 3.44468E-4 3.91175E-4 1.48688E-5 1.83983E-6 1.78111E-5 4.29349E-7 7.08805E-9 8.03684E-10 1.71638E-10 1.73558E-10 2.3353E-9 1.21164E-8 9.37195E-10 6.95085E-11 4.06751E-10 2.36772E-11 1.61269E-10 3.86198E-11 7.83761E-10 5.95532E-12 1.39675E-12 5.22274E-11 6.95944E-10 -9999
5.1631E-7 1.58311E-7 3.65683E-7 2.72622E-7 5.38997E-6 5.88064E-5 1.88377E-4 2.27752E-4 1.46454E-4 3.21346E-4 3.33207E-4 4.02155E-5 3.64536E-4 6.04548E-4 1.0723E-2 4.05333E-2 6.45155E-2 6.85973E-2 8.12437E-2 8.85375E-2 9.44477E-2 9.83098E-2 1.0175E-1 9.47791E-2 8.51195E-2 8.59988E-2 8.85335E-2 8.73763E-2 9.00346E-2 9.31435E-2 9.22571E-2 9.30045E-2 9.02855E-2 8.40972E-2 8.03509E-2 7.63026E-2 6.96602E-2 5.34939E-2 4.01369E-2 5.32202E-2 7.66636E-2 6.11607E-2 1.85334E-2 7.85926E-5 2.59897E-4 1.88884E-5 7.81493E-6 6.70501E-5 3.9124E-6 8.7266E-5 5.39891E-4 5.83414E-5 1.55427E-7 1.892E-7 3.90892E-8 1.12189E-10 1.11815E-10 9.62248E-9 8.74228E-11 4.93872E-10 1.57636E-10 1.59118E-10 8.87581E-11 1.37986E-10 1.27495E-10 2.03447E-10 1.41258E-11 6.38652E-12 3.26542E-11 -9999
1.44434E-6 1.29143E-6 1.70862E-6 1.37925E-5 6.91973E-5 1.58983E-4 2.31261E-4 1.92717E-4 2.95066E-4 3.23707E-4 8.64461E-5 2.75979E-5 4.10095E-4 3.55966E-3 2.28366E-2 3.91484E-2 4.57937E-2 7.81124E-2 8.97958E-2 9.48892E-2 9.68321E-2 9.93569E-2 9.75E-2 9.54432E-2 9.34067E-2 9.13894E-2 8.74941E-2 9.06861E-2 9.04073E-2 8.92877E-2 9.02978E-2 8.77697E-2 8.25065E-2 8.39402E-2 8.48045E-2 8.26746E-2 7.6605E-2 6.23371E-2 4.13988E-2 4.22418E-2 7.27199E-2 7.38316E-2 6.69902E-2 3.01163E-2 1.10577E-2 1.35674E-3 1.34235E-3 7.8427E-4 4.75903E-5 3.07459E-5 3.18678E-4 2.14177E-5 6.4012E-6 4.46399E-6 1.27096E-8 2.26153E-9 9.19386E-11 3.68684E-10 1.2744E-9 1.05014E-9 1.58089E-9 7.26151E-10 4.81349E-10 1.44935E-10 1.00036E-10 3.79314E-11 2.78771E-10 5.29077E-10 5.18638E-11 1.92601E-9
6.77608E-6 5.03648E-6 1.36856E-5 5.511E-5 1.31433E-4 1.76709E-4 1.02435E-4 8.87199E-5 2.51534E-4 1.93482E-4 6.24613E-5 1.21558E-4 3.30751E-4 1.24275E-3 5.49666E-3 3.2579E-2 6.94862E-2 8.93125E-2 9.55286E-2 9.74085E-2 9.72989E-2 9.5547E-2 9.59513E-2 1.00851E-1 1.00947E-1 9.46704E-2 8.54056E-2 8.61062E-2 8.67607E-2 8.94841E-2 8.89146E-2 8.80893E-2 8.67795E-2 8.82212E-2 8.61289E-2 8.16382E-2 7.38532E-2 6.86561E-2 5.93849E-2 4.77811E-2 5.85034E-2 5.62711E-2 3.79757E-2 2.75535E-2 5.08721E-3 3.8947E-3 1.56081E-3 3.1616E-4 2.76208E-4 3.18782E-4 1.38229E-4 6.23236E-5 6.29403E-6 1.15698E-6 7.3083E-6 2.8701E-8 1.52847E-9 9.86489E-11 1.63385E-10 6.35876E-10 3.45724E-10 9.03863E-10 3.08947E-10 8.4581E-11 1.3572E-11 8.41979E-11 6.92625E-12 3.09695E-10 9.44691E-9 4.12067E-10
8.20281E-6 1.54044E-5 4.19995E-5 9.82375E-5 1.48661E-4 1.16758E-4 1.32464E-4 2.88758E-4 1.57761E-4 8.50333E-5 1.97183E-4 5.56069E-4 2.69364E-3 8.31967E-3 2.29467E-2 3.61157E-2 7.87802E-2 9.32836E-2 9.70671E-2 9.64275E-2 9.51553E-2 9.43199E-2 9.71684E-2 9.07376E-2 8.58003E-2 8.66018E-2 8.78611E-2 8.93383E-2 9.07298E-2 9.34304E-2 9.35197E-2 9.36115E-2 9.43202E-2 9.08301E-2 8.53752E-2 7.59827E-2 6.91049E-2 6.54944E-2 6.61347E-2 6.41264E-2 5.88034E-2 5.04605E-2 2.84862E-2 8.05958E-3 1.25373E-3 3.71051E-4 3.50268E-5 5.81412E-5 4.0073E-5 6.04712E-6 9.34166E-6 8.54069E-6 1.12545E-5 1.51188E-5 5.75884E-6 1.53556E-7 5.73329E-9 4.38222E-9 2.01087E-10 1.7498E-10 4.8172E-10 2.36765E-9 3.87076E-10 1.19892E-10 1.32413E-10 4.10673E-10 4.93045E-11 9.52356E-11 2.61253E-10 5.45221E-9
4.82985E-5 9.48568E-5 1.50296E-4 1.51682E-4 2.01979E-4 2.37561E-4 3.33382E-4 2.77047E-4 7.45023E-5 2.18887E-4 2.72214E-4 1.33405E-3 7.22929E-4 1.34982E-3 8.62682E-4 9.58823E-3 4.87663E-2 8.52867E-2 9.6892E-2 9.5956E-2 9.47155E-2 9.44141E-2 9.55102E-2 9.0136E-2 8.73853E-2 8.82984E-2 9.45908E-2 9.15089E-2 9.43515E-2 9.73379E-2 9.85886E-2 9.95781E-2 9.95813E-2 9.80415E-2 9.3558E-2 7.68623E-2 6.5816E-2 6.03233E-2 6.1262E-2 6.31386E-2 6.50085E-2 6.32239E-2 4.70415E-2 2.21922E-2 6.66177E-3 1.24789E-3 4.70295E-5 1.48106E-6 1.73335E-5 2.69676E-6 7.89625E-7 6.79074E-8 1.79818E-8 1.42937E-6 2.52716E-6 5.03616E-7 4.09353E-7 3.52467E-9 3.35439E-9 9.2637E-9 3.85553E-10 2.01087E-10 4.694E-10 3.25985E-10 2.62667E-10 5.13065E-10 1.35673E-9 2.33233E-9 3.37555E-11 6.185E-9
2.04058E-4 1.79836E-4 1.48182E-4 2.54042E-4 3.18752E-4 3.4487E-4 3.44698E-4 2.4016E-4 4.11584E-4 1.20773E-3 5.69092E-4 1.11752E-3 2.99813E-4 3.74909E-4 2.22157E-3 1.5449E-2 4.65835E-2 6.4341E-2 9.57551E-2 9.62456E-2 9.55467E-2 9.52775E-2 9.4793E-2 9.3049E-2 8.95611E-2 8.91127E-2 9.13076E-2 9.84653E-2 9.8942E-2 9.89486E-2 9.77771E-2 9.37931E-2 8.75932E-2 8.54056E-2 7.89284E-2 7.16483E-2 6.58884E-2 6.16206E-2 5.74927E-2 5.65818E-2 5.69072E-2 6.13162E-2 6.51909E-2 6.34624E-2 4.71124E-2 1.98199E-2 3.22201E-3 7.33604E-5 1.49389E-6 1.42229E-7 1.67697E-8 1.17433E-10 1.51249E-12 5.38358E-9 3.40373E-6 3.8028E-7 1.22446E-7 8.00725E-7 2.9753E-7 2.9047E-8 4.55186E-10 7.10693E-10 2.73502E-10 1.42089E-10 1.74032E-10 1.38726E-10 1.60478E-10 2.51207E-9 1.3818E-10 4.88019E-10
3.17912E-4 1.08167E-4 2.32516E-4 3.61108E-4 3.73833E-4 2.88236E-4 3.00807E-4 3.61669E-4 6.30148E-4 2.6174E-3 2.08487E-3 9.89584E-4 1.51368E-3 5.74838E-3 1.06393E-2 4.15099E-2 7.90598E-2 9.13458E-2 9.54967E-2 9.58074E-2 9.6675E-2 9.73715E-2 9.75132E-2 9.64035E-2 9.28355E-2 9.15937E-2 9.10946E-2 9.28662E-2 9.66393E-2 9.02231E-2 8.24399E-2 8.29277E-2 8.44196E-2 8.64699E-2 8.34595E-2 7.86534E-2 7.225E-2 6.71141E-2 6.35202E-2 6.08027E-2 6.10143E-2 5.88024E-2 6.23446E-2 6.21658E-2 6.23139E-2 6.0777E-2 3.74031E-2 1.26078E-2 1.1504E-3 1.92142E-5 7.47575E-7 3.55145E-11 1.47748E-14 3.95533E-9 1.06891E-8 2.38542E-6 8.75721E-7 4.58948E-7 1.45783E-6 4.57397E-7 1.65525E-9 9.03353E-9 2.71255E-9 1.60182E-8 6.02046E-10 9.67214E-11 1.96547E-10 -9999 -9999 5.91537E-11
2.4724E-4 3.88423E-4 3.4653E-4 2.72447E-4 2.01296E-4 2.16653E-4 2.34597E-4 1.89464E-4 4.08875E-4 1.80721E-3 8.17213E-3 6.32855E-3 1.2935E-2 3.13978E-2 3.61922E-2 6.0206E-2 8.42347E-2 9.38835E-2 9.33612E-2 9.38749E-2 9.62208E-2 9.68629E-2 9.70144E-2 9.44904E-2 9.4704E-2 9.4246E-2 9.34969E-2 9.1441E-2 8.89698E-2 8.60413E-2 8.37754E-2 8.46309E-2 8.67798E-2 8.75461E-2 8.69341E-2 8.30957E-2 7.95919E-2 7.35523E-2 6.94838E-2 6.72414E-2 6.35202E-2 6.19843E-2 6.16847E-2 6.07933E-2 6.03608E-2 6.32316E-2 6.49751E-2 5.04232E-2 1.85858E-2 1.59484E-3 1.51255E-5 1.59006E-8 4.07128E-16 1.61041E-18 2.3418E-8 2.02881E-6 2.82255E-6 3.87945E-7 1.01078E-6 3.85448E-6 3.96936E-8 7.69381E-9 3.12076E-10 9.19556E-9 1.06526E-7 4.83332E-9 5.31547E-10 -9999 -9999 -9999
4.53289E-4 3.31507E-4 2.1491E-4 1.75943E-4 1.94263E-4 3.36865E-4 3.38913E-4 6.11314E-4 1.11511E-3 7.76939E-4 1.124E-2 2.3011E-2 3.31967E-2 4.92094E-2 6.77322E-2 7.25632E-2 9.07043E-2 9.15793E-2 9.1862E-2 9.24418E-2 9.31868E-2 9.38059E-2 9.34755E-2 9.41169E-2 9.43792E-2 9.45357E-2 9.45087E-2 9.40436E-2 9.25557E-2 9.01342E-2 8.72215E-2 8.71597E-2 8.73939E-2 8.9609E-2 9.01704E-2 8.77823E-2 8.5725E-2 8.12021E-2 7.60444E-2 7.1361E-2 6.48293E-2 6.28516E-2 6.30185E-2 6.1779E-2 6.25452E-2 6.21834E-2 6.44078E-2 6.61152E-2 4.73493E-2 1.68101E-2 6.41391E-4 1.524E-6 6.30879E-10 3.81352E-17 5.5751E-21 2.93421E-15 5.8037E-9 1.4393E-6 1.80842E-7 2.57082E-6 1.53895E-6 8.9535E-9 5.44365E-10 1.02177E-8 1.49563E-7 2.32951E-7 6.69362E-8 7.67312E-7 -9999 -9999
3.61669E-4 6.31354E-4 3.98808E-4 3.42279E-4 4.1522E-4 5.52551E-4 9.08371E-4 1.1768E-3 2.28175E-3 2.01863E-3 5.90856E-3 2.84212E-2 4.4736E-2 4.75339E-2 5.77877E-2 4.23705E-2 8.72544E-2 9.00828E-2 9.03326E-2 9.11819E-2 9.21045E-2 9.1862E-2 9.1862E-2 9.1985E-2 9.24792E-2 9.29337E-2 9.35991E-2 9.44113E-2 9.44176E-2 9.29414E-2 9.13437E-2 9.13657E-2 9.1505E-2 9.26071E-2 9.1999E-2 9.17497E-2 8.897E-2 8.58003E-2 8.03361E-2 7.27427E-2 6.51708E-2 6.18495E-2 6.13434E-2 6.1779E-2 6.45402E-2 6.3936E-2 6.45114E-2 6.66898E-2 6.46718E-2 4.61302E-2 5.70831E-3 2.83734E-5 5.77737E-9 7.13251E-10 6.05835E-15 1.49643E-13 7.87185E-11 4.37763E-9 3.77255E-8 1.6459E-7 2.13636E-6 9.39923E-8 1.13101E-8 4.21617E-9 4.17117E-8 1.15073E-8 6.57534E-9 1.99436E-6 -9999 -9999
1.52827E-3 6.66939E-4 8.09711E-4 7.78705E-4 1.00199E-3 1.08115E-3 1.51315E-3 2.13245E-3 3.61303E-3 3.58651E-3 8.11751E-3 9.9376E-3 3.9262E-2 4.54056E-2 3.35445E-2 2.15077E-2 8.29077E-2 8.95754E-2 8.86371E-2 8.9696E-2 8.9696E-2 8.97735E-2 8.72353E-2 8.76622E-2 8.8672E-2 9.02783E-2 9.11945E-2 9.24418E-2 9.4263E-2 9.44904E-2 9.39754E-2 9.31985E-2 9.34444E-2 9.38301E-2 9.44976E-2 9.281E-2 9.13605E-2 8.85152E-2 8.34418E-2 7.57073E-2 6.6901E-2 6.01377E-2 6.08881E-2 6.34084E-2 6.59868E-2 6.74088E-2 6.57627E-2 6.65948E-2 6.70757E-2 6.37084E-2 3.44841E-2 4.03434E-4 1.72276E-8 2.75085E-8 2.74654E-7 6.87265E-9 3.62414E-9 4.46077E-7 1.88197E-7 8.21511E-7 3.21575E-7 7.04561E-7 3.91526E-8 4.52131E-8 2.14488E-8 6.45549E-8 2.01268E-6 5.27401E-6 -9999 -9999
1.39845E-3 1.12469E-3 1.23083E-3 1.44889E-3 1.50146E-3 1.72695E-3 2.189E-3 2.88834E-3 5.10838E-3 5.82295E-3 6.84713E-3 1.35779E-2 2.90469E-2 3.91919E-2 1.09827E-2 8.9508E-3 7.05031E-2 8.84907E-2 8.73903E-2 8.68601E-2 8.65622E-2 8.56814E-2 8.37365E-2 8.37365E-2 8.49843E-2 8.66019E-2 8.86371E-2 9.00213E-2 9.22204E-2 9.38876E-2 9.44904E-2 9.41821E-2 9.32266E-2 9.39355E-2 9.44275E-2 9.40111E-2 9.33432E-2 9.09647E-2 8.61298E-2 7.74332E-2 6.77165E-2 5.87008E-2 5.87965E-2 6.37834E-2 6.63422E-2 6.75301E-2 6.57348E-2 6.41168E-2 6.38077E-2 6.47126E-2 6.12038E-2 2.94851E-2 3.28355E-3 7.80329E-4 9.48676E-5 1.9242E-4 1.74428E-5 3.51861E-6 4.74322E-7 6.85789E-8 2.50765E-7 1.0877E-6 4.75082E-6 1.78994E-5 1.19091E-5 1.10791E-5 1.70376E-5 4.12774E-8 3.79501E-9 -9999
1.47245E-3 1.04134E-3 8.87253E-4 1.11623E-3 1.51677E-3 1.5966E-3 2.71206E-3 3.42838E-3 4.27276E-3 3.61202E-3 5.53226E-3 1.90091E-2 3.88187E-2 2.56501E-2 1.35169E-2 1.88283E-2 5.50651E-2 8.782E-2 8.61283E-2 8.46882E-2 8.38603E-2 8.31349E-2 8.16664E-2 8.11217E-2 8.16664E-2 8.29999E-2 8.47495E-2 8.65622E-2 8.9387E-2 9.19034E-2 9.39861E-2 9.35794E-2 9.28484E-2 9.21871E-2 9.27812E-2 9.34906E-2 9.39355E-2 9.23338E-2 8.85024E-2 8.20847E-2 7.32317E-2 6.66272E-2 6.53645E-2 6.55591E-2 6.75628E-2 6.69405E-2 6.56123E-2 6.22016E-2 6.0856E-2 6.09533E-2 6.19207E-2 6.34064E-2 3.97046E-2 2.10978E-2 6.16832E-3 2.42134E-3 5.07843E-4 9.97793E-6 2.15954E-6 6.0527E-6 1.72974E-5 4.2322E-5 5.01739E-6 6.68812E-7 5.79803E-7 2.73465E-6 4.75826E-8 4.26958E-8 5.30007E-9 -9999
1.24713E-3 1.14829E-3 1.0724E-3 1.19373E-3 1.59838E-3 2.0042E-3 1.65792E-3 2.28175E-3 2.96615E-3 4.72956E-3 1.08634E-2 2.63068E-2 2.5073E-2 1.56829E-2 1.66566E-2 2.64798E-2 4.34894E-2 8.58178E-2 8.58781E-2 8.27273E-2 8.24817E-2 8.0945E-2 8.02446E-2 7.96823E-2 7.82305E-2 7.8819E-2 7.99994E-2 8.16664E-2 8.492E-2 8.9387E-2 9.24672E-2 9.31901E-2 9.10295E-2 8.88237E-2 9.04096E-2 9.29365E-2 9.39016E-2 9.3132E-2 9.04161E-2 8.72333E-2 8.10141E-2 7.72336E-2 7.43968E-2 7.28018E-2 7.07449E-2 6.9881E-2 6.58297E-2 5.98926E-2 5.84755E-2 5.68835E-2 5.49174E-2 5.76884E-2 6.24785E-2 4.50699E-2 3.07546E-2 7.15156E-3 8.60068E-4 5.77011E-5 2.50917E-4 2.07039E-4 1.00489E-5 2.41771E-6 9.91083E-6 1.70889E-5 1.50001E-5 3.49856E-7 2.23427E-8 6.40423E-9 3.37267E-9 6.07893E-9
9.7615E-4 6.11055E-4 8.62123E-4 1.30583E-3 1.67039E-3 1.62217E-3 2.64358E-3 4.50197E-3 5.18133E-3 4.91471E-3 1.45354E-2 2.54411E-2 1.53054E-2 1.70428E-2 1.87448E-2 4.36826E-2 5.38478E-2 8.53752E-2 8.55666E-2 8.19815E-2 8.04939E-2 8.02297E-2 7.91446E-2 7.69676E-2 7.63587E-2 7.57405E-2 7.54636E-2 7.64067E-2 7.93971E-2 8.58152E-2 9.08885E-2 9.28417E-2 8.86724E-2 8.55398E-2 8.94169E-2 9.27531E-2 9.35999E-2 9.345E-2 9.28355E-2 9.01369E-2 8.81909E-2 8.48892E-2 8.30993E-2 7.7087E-2 6.95255E-2 6.79207E-2 6.65407E-2 6.15774E-2 5.91744E-2 5.54318E-2 5.26966E-2 5.42705E-2 5.97849E-2 6.14908E-2 5.36519E-2 2.78784E-2 3.07743E-3 3.29967E-4 1.62922E-4 3.35972E-5 6.21595E-5 4.53533E-6 1.42195E-5 1.47289E-5 5.15813E-5 2.09276E-5 2.17934E-7 1.21115E-8 6.27136E-7 2.15734E-7
9.97371E-4 3.2323E-4 1.22503E-3 3.78824E-3 7.93842E-3 6.92487E-3 5.43705E-3 6.83484E-3 1.12974E-2 1.40811E-2 2.22515E-2 1.76839E-2 1.53999E-2 1.50741E-2 3.13543E-2 4.28693E-2 4.36966E-2 7.9432E-2 8.53519E-2 8.04939E-2 7.80877E-2 7.83691E-2 7.66566E-2 7.53267E-2 7.37519E-2 7.24547E-2 7.11271E-2 7.04527E-2 7.3508E-2 8.10674E-2 8.79415E-2 9.24976E-2 8.71016E-2 8.448E-2 9.02198E-2 9.31241E-2 9.37332E-2 9.41935E-2 9.36711E-2 9.24537E-2 9.19553E-2 9.06923E-2 8.55722E-2 7.52043E-2 6.8151E-2 6.88206E-2 6.8019E-2 6.36805E-2 5.96741E-2 5.42657E-2 5.06908E-2 5.2167E-2 5.49009E-2 5.85916E-2 6.05945E-2 5.22548E-2 1.68101E-2 3.23107E-4 3.10517E-5 2.5919E-5 5.09089E-6 5.36758E-6 2.69048E-6 1.97427E-6 3.32354E-6 9.65189E-6 6.4086E-6 9.3029E-7 3.96608E-7 6.79083E-9
1.30188E-3 1.60449E-3 4.5275E-3 4.2015E-3 6.26122E-3 1.22755E-2 1.19391E-2 1.23213E-2 1.43897E-2 1.53562E-2 1.66455E-2 1.88874E-2 2.18428E-2 2.73296E-2 4.26063E-2 5.13195E-2 3.21196E-2 8.20557E-2 8.54228E-2 7.88663E-2 7.55139E-2 7.55265E-2 7.43233E-2 7.30836E-2 7.19993E-2 7.03447E-2 6.89902E-2 6.72629E-2 6.90844E-2 7.83018E-2 8.47946E-2 9.10477E-2 9.10723E-2 9.07079E-2 9.27578E-2 9.36093E-2 9.3612E-2 9.40845E-2 9.39908E-2 9.41935E-2 9.37397E-2 9.30353E-2 8.85024E-2 7.88635E-2 7.43732E-2 7.32271E-2 7.22626E-2 6.68143E-2 5.99567E-2 5.29003E-2 4.89201E-2 5.06946E-2 4.87528E-2 5.28334E-2 5.74071E-2 6.07574E-2 4.85824E-2 3.86062E-3 2.7139E-6 4.6233E-7 2.75646E-7 2.7284E-7 6.08538E-9 4.66674E-8 6.82313E-9 9.54254E-8 5.84103E-7 3.03276E-6 2.70035E-7 5.48828E-8
1.86349E-3 5.45418E-4 3.69004E-4 1.37334E-3 4.19131E-3 5.69919E-3 6.49909E-3 7.44569E-3 9.36509E-3 1.54134E-2 2.2182E-2 2.83773E-2 3.25111E-2 4.13198E-2 5.33601E-2 6.16317E-2 5.90943E-2 8.41173E-2 8.50107E-2 7.75246E-2 7.31247E-2 7.21913E-2 7.09179E-2 7.12392E-2 6.99426E-2 6.92835E-2 6.88343E-2 6.7469E-2 7.05052E-2 7.54643E-2 8.226E-2 8.76343E-2 9.11969E-2 9.22453E-2 9.21524E-2 9.23999E-2 9.25912E-2 9.29138E-2 9.3612E-2 9.40156E-2 9.38612E-2 9.38692E-2 8.88176E-2 8.23302E-2 7.90427E-2 7.6238E-2 7.58703E-2 7.15527E-2 6.17068E-2 5.19174E-2 4.97941E-2 4.94598E-2 4.99341E-2 4.875E-2 5.06849E-2 5.55961E-2 5.94312E-2 3.33172E-2 7.28584E-4 3.9687E-8 1.50289E-11 2.92054E-11 1.89501E-12 7.41677E-13 2.50743E-12 1.18708E-10 9.21242E-9 2.49308E-7 5.54948E-7 1.91908E-7
1.94799E-3 1.06085E-3 2.60719E-4 3.50338E-4 2.23574E-3 6.35197E-3 1.01634E-2 1.30334E-2 1.9341E-2 2.98317E-2 3.51814E-2 3.77515E-2 4.0253E-2 4.28693E-2 4.84542E-2 5.42422E-2 5.58077E-2 8.14454E-2 8.52695E-2 7.5766E-2 7.09309E-2 6.93256E-2 6.89991E-2 6.89991E-2 6.93256E-2 6.99734E-2 6.89991E-2 6.82821E-2 7.08342E-2 7.37079E-2 7.89185E-2 8.32011E-2 8.66062E-2 8.84035E-2 8.8895E-2 8.91756E-2 8.97678E-2 9.1828E-2 9.29459E-2 9.3472E-2 9.31901E-2 9.34005E-2 9.01342E-2 8.26254E-2 7.82691E-2 7.88431E-2 8.28109E-2 7.96071E-2 6.65283E-2 5.58384E-2 5.07701E-2 4.86392E-2 4.97247E-2 4.70922E-2 4.68117E-2 4.97835E-2 5.91273E-2 4.69148E-2 1.49884E-2 2.6646E-4 1.3811E-7 5.69393E-10 1.05262E-9 1.30886E-12 3.55554E-16 4.71621E-13 1.37282E-9 1.63497E-7 4.03347E-7 3.91543E-6
4.10214E-3 1.14691E-2 1.42825E-2 6.72922E-3 3.95162E-3 8.29993E-3 1.79127E-2 2.51304E-2 2.87887E-2 3.94893E-2 4.98789E-2 4.7774E-2 4.91189E-2 4.4733E-2 3.99106E-2 5.88447E-2 4.42983E-2 8.67036E-2 8.47122E-2 7.09309E-2 6.66849E-2 6.70174E-2 6.66849E-2 6.70174E-2 6.9299E-2 7.02499E-2 6.96179E-2 6.96504E-2 7.02696E-2 7.1876E-2 7.55265E-2 7.88929E-2 8.19715E-2 8.40906E-2 8.52181E-2 8.5628E-2 8.70491E-2 8.99068E-2 9.19235E-2 9.30739E-2 9.30522E-2 9.32393E-2 8.91164E-2 8.2016E-2 7.7135E-2 7.67401E-2 8.37107E-2 8.2016E-2 6.90046E-2 6.06346E-2 5.53337E-2 5.04154E-2 5.59982E-2 5.08565E-2 4.74368E-2 5.12467E-2 5.73189E-2 5.84801E-2 4.29536E-2 1.54437E-2 1.46555E-4 5.27409E-6 1.70433E-7 2.32761E-9 1.11031E-10 3.05127E-13 1.59347E-10 6.89148E-7 8.95666E-5 3.79193E-5
1.29035E-2 5.37477E-2 6.73146E-2 7.69263E-2 4.94535E-2 1.48233E-2 1.95175E-2 4.7824E-2 5.9487E-2 6.29089E-2 6.35736E-2 5.8097E-2 5.64195E-2 3.67904E-2 5.54831E-2 7.10706E-2 5.58637E-2 8.9328E-2 7.96928E-2 6.89783E-2 6.49791E-2 6.56467E-2 6.63509E-2 6.60153E-2 6.76129E-2 6.88901E-2 6.82551E-2 6.70174E-2 6.76777E-2 6.83408E-2 7.15593E-2 7.49309E-2 7.82721E-2 7.96722E-2 8.1002E-2 8.25E-2 8.54247E-2 8.84344E-2 9.08837E-2 9.22864E-2 9.24387E-2 9.23488E-2 9.00288E-2 8.23903E-2 7.8418E-2 7.67963E-2 7.88215E-2 7.19341E-2 6.72355E-2 6.37315E-2 6.06362E-2 5.34943E-2 5.71878E-2 5.94977E-2 4.6095E-2 4.50012E-2 5.09049E-2 5.82692E-2 5.95782E-2 4.56263E-2 6.23259E-3 9.29658E-4 1.29882E-3 2.57955E-4 3.03941E-7 1.48287E-6 2.37166E-8 6.45303E-7 3.02472E-7 1.17182E-6
2.83024E-2 7.30037E-2 8.57368E-2 8.97607E-2 8.99443E-2 6.02551E-2 4.85925E-2 6.01957E-2 6.63843E-2 4.726E-2 4.75292E-2 4.4762E-2 4.81659E-2 7.0922E-2 7.20735E-2 5.9541E-2 8.19853E-2 8.77842E-2 7.78545E-2 6.99574E-2 6.79349E-2 6.59783E-2 6.53136E-2 6.49791E-2 6.59783E-2 6.56467E-2 6.49791E-2 6.46433E-2 6.46595E-2 6.63509E-2 6.86558E-2 7.17945E-2 7.428E-2 7.72014E-2 7.86273E-2 7.99837E-2 8.34284E-2 8.71295E-2 8.94435E-2 9.11241E-2 9.15566E-2 9.1886E-2 9.1668E-2 8.77359E-2 8.26145E-2 7.95871E-2 7.89759E-2 7.37681E-2 6.98286E-2 7.12697E-2 6.88099E-2 6.39E-2 5.99066E-2 5.56632E-2 4.92473E-2 4.57869E-2 4.67429E-2 5.2891E-2 6.01544E-2 5.72385E-2 2.96936E-2 9.94012E-3 8.16826E-3 1.22581E-2 4.96908E-3 7.42535E-5 3.28387E-9 1.8137E-8 1.63485E-6 1.42506E-7
7.24819E-2 7.83332E-2 7.58213E-2 7.17255E-2 8.04939E-2 8.49843E-2 7.46666E-2 6.28407E-2 6.03718E-2 5.81207E-2 6.12717E-2 6.63695E-2 8.01602E-2 8.1034E-2 8.37428E-2 7.13014E-2 9.22344E-2 8.41968E-2 7.91552E-2 7.44789E-2 6.99574E-2 6.63084E-2 6.43061E-2 6.36279E-2 6.26018E-2 6.36279E-2 6.3287E-2 6.26018E-2 6.22576E-2 6.36279E-2 6.63084E-2 6.92048E-2 7.22386E-2 7.49928E-2 7.70705E-2 7.87904E-2 8.18466E-2 8.43711E-2 8.64337E-2 8.79951E-2 8.92056E-2 9.05577E-2 9.12302E-2 9.04974E-2 8.7402E-2 8.41796E-2 8.16259E-2 7.72755E-2 7.53521E-2 7.76998E-2 8.10221E-2 8.12242E-2 6.60179E-2 5.70703E-2 5.41787E-2 5.4658E-2 4.85788E-2 4.97358E-2 5.79399E-2 6.15616E-2 5.55898E-2 3.62335E-2 2.61964E-2 3.26891E-2 3.2754E-2 3.59363E-3 1.18668E-5 2.77343E-7 3.90126E-7 1.62448E-7
6.86756E-2 6.16147E-2 5.13275E-2 5.17037E-2 5.73645E-2 7.44334E-2 8.38012E-2 7.32876E-2 7.01105E-2 7.1119E-2 7.79945E-2 7.44846E-2 8.00807E-2 8.7132E-2 8.5735E-2 8.67451E-2 8.69845E-2 8.24282E-2 8.09588E-2 7.80833E-2 7.31342E-2 6.69639E-2 6.22134E-2 6.11888E-2 6.19123E-2 6.19123E-2 6.08708E-2 6.01556E-2 6.01556E-2 6.22134E-2 6.58769E-2 6.90442E-2 7.14364E-2 7.368E-2 7.60845E-2 7.7596E-2 7.86123E-2 7.92968E-2 8.09114E-2 8.35451E-2 8.5326E-2 8.7252E-2 9.00644E-2 9.04267E-2 8.97773E-2 8.74928E-2 8.36595E-2 8.00296E-2 7.66156E-2 7.74824E-2 8.02373E-2 7.7698E-2 6.16529E-2 5.83272E-2 6.94199E-2 6.81927E-2 5.13727E-2 4.66278E-2 5.4051E-2 5.94924E-2 6.16019E-2 5.68764E-2 5.10032E-2 4.85824E-2 4.04472E-2 1.62872E-2 2.2351E-3 5.21406E-5 1.0298E-5 2.39341E-6
