KUENM/Final_Models/M_0.1_F_lq_Set_2_EC/sp1_1.asc
ncols         197
nrows         210
xllcorner     56.1666666666667
yllcorner     4.5
cellsize      0.166666666666667
NODATA_value  -9999
[rows 84 to 111 of 210, columns 65 to 129 of 197]
2.84048E-1 2.9352E-1 3.17375E-1 3.13325E-1 2.90181E-1 2.58817E-1 2.30767E-1 2.04009E-1 1.85429E-1 1.9766E-1 2.21389E-1 2.51842E-1 2.76543E-1 2.79893E-1 2.68265E-1 2.53011E-1 2.58492E-1 2.76593E-1 2.96575E-1 3.13326E-1 3.25066E-1 3.26742E-1 3.35116E-1 3.45138E-1 3.38915E-1 3.50864E-1 3.50775E-1 3.51426E-1 3.47129E-1 3.48625E-1 3.87059E-1 4.78465E-1 5.18898E-1 5.23533E-1 5.59256E-1 6.01039E-1 6.3111E-1 6.49643E-1 6.61553E-1 6.68403E-1 6.60051E-1 6.34046E-1 6.4872E-1 6.57986E-1 6.68394E-1 6.73577E-1 6.6576E-1 6.41212E-1 6.37938E-1 6.15575E-1 5.79052E-1 5.65338E-1 5.7343E-1 5.71637E-1 5.92262E-1 6.16079E-1 6.16367E-1 5.78628E-1 5.41938E-1 4.97483E-1 4.54796E-1 5.27366E-1 4.70782E-1 4.34945E-1 4.41951E-1
2.85018E-1 3.16831E-1 3.26132E-1 3.18506E-1 3.05743E-1 2.78827E-1 2.40063E-1 2.18458E-1 2.06023E-1 2.15894E-1 2.37725E-1 2.62753E-1 2.80887E-1 2.91062E-1 2.79893E-1 2.69891E-1 2.72557E-1 2.96575E-1 3.23389E-1 3.51798E-1 3.61743E-1 3.63395E-1 3.69982E-1 3.66903E-1 3.52463E-1 3.55898E-1 3.67586E-1 3.63471E-1 3.70802E-1 3.79507E-1 4.04302E-1 4.45138E-1 4.9554E-1 5.57341E-1 6.00596E-1 6.38854E-1 6.53661E-1 6.62463E-1 6.69396E-1 6.686E-1 6.18796E-1 6.53925E-1 6.63824E-1 6.69171E-1 6.70922E-1 6.66509E-1 6.49098E-1 6.22824E-1 6.10641E-1 5.7897E-1 5.50452E-1 5.71185E-1 5.76944E-1 5.37979E-1 5.58077E-1 5.66327E-1 5.62543E-1 5.57752E-1 5.45555E-1 5.05887E-1 4.45506E-1 5.08792E-1 4.48262E-1 4.11818E-1 4.0944E-1
3.05782E-1 3.17136E-1 3.26747E-1 3.30789E-1 3.10571E-1 2.7991E-1 2.55782E-1 2.34229E-1 2.31745E-1 2.36226E-1 2.54054E-1 2.72919E-1 2.87828E-1 2.94298E-1 2.92924E-1 2.89528E-1 3.07319E-1 3.26742E-1 3.56778E-1 3.86293E-1 3.94351E-1 3.95954E-1 3.943E-1 3.88313E-1 3.83978E-1 3.81119E-1 3.8711E-1 3.88103E-1 4.0077E-1 4.25033E-1 4.4851E-1 4.89467E-1 5.38929E-1 5.89299E-1 6.28493E-1 6.64632E-1 6.67303E-1 6.70678E-1 6.42524E-1 5.07907E-1 6.2539E-1 6.63288E-1 6.67841E-1 6.63753E-1 6.52588E-1 6.48863E-1 6.34444E-1 6.10978E-1 5.94272E-1 5.37038E-1 4.92661E-1 4.88141E-1 5.38152E-1 5.62337E-1 5.50876E-1 5.27335E-1 4.99268E-1 5.07523E-1 5.15134E-1 4.71023E-1 4.07777E-1 4.312E-1 4.13894E-1 3.80771E-1 3.63461E-1
3.12743E-1 3.19635E-1 3.17897E-1 3.23111E-1 2.97375E-1 2.84087E-1 2.66923E-1 2.61825E-1 2.59626E-1 2.64319E-1 2.79291E-1 2.80887E-1 2.9268E-1 2.95917E-1 3.04367E-1 3.14264E-1 3.33938E-1 3.55119E-1 3.79798E-1 4.03922E-1 4.18053E-1 4.16221E-1 4.15948E-1 4.15913E-1 4.10171E-1 4.05711E-1 4.09051E-1 4.26501E-1 4.40697E-1 4.73583E-1 5.21697E-1 5.56376E-1 6.23918E-1 6.41721E-1 6.62262E-1 6.61046E-1 6.59424E-1 6.42803E-1 5.24044E-1 5.76829E-1 6.45208E-1 6.6075E-1 6.69657E-1 6.61248E-1 6.42305E-1 6.18918E-1 5.948E-1 5.79149E-1 5.74579E-1 5.41805E-1 4.90062E-1 4.55595E-1 4.81312E-1 5.4023E-1 5.59384E-1 4.96061E-1 4.60463E-1 4.5569E-1 4.54046E-1 4.05345E-1 3.35501E-1 2.92343E-1 3.1312E-1 3.27073E-1 3.23576E-1
2.88155E-1 3.01263E-1 3.03706E-1 3.02392E-1 2.91563E-1 2.97343E-1 2.864E-1 2.82985E-1 2.86213E-1 2.89445E-1 2.97537E-1 2.9268E-1 3.02731E-1 3.07641E-1 3.2417E-1 3.42229E-1 3.55433E-1 3.73414E-1 3.89521E-1 4.11581E-1 4.23112E-1 4.33551E-1 4.33413E-1 4.32857E-1 4.26382E-1 4.31726E-1 4.46966E-1 4.68526E-1 4.93265E-1 5.36448E-1 5.89721E-1 6.27024E-1 6.72675E-1 6.66224E-1 6.36967E-1 6.127E-1 5.88962E-1 5.25958E-1 4.12092E-1 5.34841E-1 6.35779E-1 6.6595E-1 6.70527E-1 6.56888E-1 6.31847E-1 5.9819E-1 5.61083E-1 5.3329E-1 5.25556E-1 5.00431E-1 4.71842E-1 4.58846E-1 4.73349E-1 5.24419E-1 4.99058E-1 4.61965E-1 4.40167E-1 4.35426E-1 4.10285E-1 3.57323E-1 2.81929E-1 1.87988E-1 2.03157E-1 2.87171E-1 3.11403E-1
-9999 2.97826E-1 3.03706E-1 3.07509E-1 3.05564E-1 3.08296E-1 3.07319E-1 3.06008E-1 3.06004E-1 3.09278E-1 3.12552E-1 3.01095E-1 3.09278E-1 3.20735E-1 3.42277E-1 3.55361E-1 3.73414E-1 3.87923E-1 4.03224E-1 4.18578E-1 4.30789E-1 4.28414E-1 4.39725E-1 4.44581E-1 4.44472E-1 4.67371E-1 4.87364E-1 5.17466E-1 5.48368E-1 5.82029E-1 6.16919E-1 6.44618E-1 6.60854E-1 6.64715E-1 1.69059E-1 5.8502E-1 5.04622E-1 4.6061E-1 4.79378E-1 4.96675E-1 6.23702E-1 6.54019E-1 6.52433E-1 6.16144E-1 5.85199E-1 5.49233E-1 5.31228E-1 5.09999E-1 4.68116E-1 4.43207E-1 4.47763E-1 4.77841E-1 4.78443E-1 4.98362E-1 4.33516E-1 3.76918E-1 4.06975E-1 4.15613E-1 3.92233E-1 3.2412E-1 2.51126E-1 1.62752E-1 1.92479E-1 2.83731E-1 3.28818E-1
-9999 3.04704E-1 3.15044E-1 3.15716E-1 3.21138E-1 3.24135E-1 3.26742E-1 3.27291E-1 3.33938E-1 3.34059E-1 3.34059E-1 3.32412E-1 3.37349E-1 3.48831E-1 3.58617E-1 3.69951E-1 3.81177E-1 3.90697E-1 4.00729E-1 4.14428E-1 4.25557E-1 4.41085E-1 4.77967E-1 4.75979E-1 4.85611E-1 4.95695E-1 5.18576E-1 5.56753E-1 5.7602E-1 6.03706E-1 6.32766E-1 6.43335E-1 6.57746E-1 6.38799E-1 5.79043E-1 3.72203E-1 4.82286E-1 4.16732E-1 4.77042E-1 4.72796E-1 6.42758E-1 6.6576E-1 6.52047E-1 5.89111E-1 5.37406E-1 4.90522E-1 4.47965E-1 4.42484E-1 4.43127E-1 4.58657E-1 4.82783E-1 5.04216E-1 5.12443E-1 4.86996E-1 3.9894E-1 3.45673E-1 3.68106E-1 4.0862E-1 3.47406E-1 2.77132E-1 2.59107E-1 2.3356E-1 2.5805E-1 3.14863E-1 3.35501E-1
-9999 3.14032E-1 3.21945E-1 3.26022E-1 3.31427E-1 3.34725E-1 3.40995E-1 3.48471E-1 3.65044E-1 3.7179E-1 3.75036E-1 3.73171E-1 3.76381E-1 3.79581E-1 3.8277E-1 3.82033E-1 3.88313E-1 3.93273E-1 4.03935E-1 4.15431E-1 4.3147E-1 4.58343E-1 4.94923E-1 4.92161E-1 5.0677E-1 5.27483E-1 5.49169E-1 5.73099E-1 5.86797E-1 6.10079E-1 6.31706E-1 6.40243E-1 6.42092E-1 5.87757E-1 4.31612E-1 4.15286E-1 4.77633E-1 3.92671E-1 3.74365E-1 5.14503E-1 6.57751E-1 6.6719E-1 6.54651E-1 5.99867E-1 5.5897E-1 4.91733E-1 4.2794E-1 4.03034E-1 4.25075E-1 4.53378E-1 4.90062E-1 5.09934E-1 5.12443E-1 4.63452E-1 3.90541E-1 3.54327E-1 3.67528E-1 3.61483E-1 2.90465E-1 2.49314E-1 2.76054E-1 3.1518E-1 3.38995E-1 3.54931E-1 3.44417E-1
-9999 -9999 3.33086E-1 3.40914E-1 3.4489E-1 3.53565E-1 3.63422E-1 3.77666E-1 3.98845E-1 4.11808E-1 4.23881E-1 4.29938E-1 4.2843E-1 4.17059E-1 4.17059E-1 4.1142E-1 4.06859E-1 4.02422E-1 4.1294E-1 4.22684E-1 4.41085E-1 4.69811E-1 4.85354E-1 5.01686E-1 5.23015E-1 5.44707E-1 5.63793E-1 5.88116E-1 5.98691E-1 6.08397E-1 6.28092E-1 6.35263E-1 6.4151E-1 6.07776E-1 5.03341E-1 4.61176E-1 4.60275E-1 3.88622E-1 5.08631E-1 6.27902E-1 6.68148E-1 6.59979E-1 6.5439E-1 6.29566E-1 5.95642E-1 5.19251E-1 4.03034E-1 3.91168E-1 4.21784E-1 4.49255E-1 4.89592E-1 5.27965E-1 5.05795E-1 4.33305E-1 3.93922E-1 3.82836E-1 3.86887E-1 3.68709E-1 2.61865E-1 2.38907E-1 2.88433E-1 3.72104E-1 4.13894E-1 3.80063E-1 3.23954E-1
-9999 -9999 3.45194E-1 3.54658E-1 3.66618E-1 3.7884E-1 3.88788E-1 4.07831E-1 4.28832E-1 4.5738E-1 4.75426E-1 4.77199E-1 4.68994E-1 4.52381E-1 4.42335E-1 4.30789E-1 4.4038E-1 4.31883E-1 4.11449E-1 4.43342E-1 4.63927E-1 4.84456E-1 5.21493E-1 5.26059E-1 5.48441E-1 5.65038E-1 5.81228E-1 5.93092E-1 6.05717E-1 6.07501E-1 6.17753E-1 6.29816E-1 6.40243E-1 6.2895E-1 5.57216E-1 4.55773E-1 4.19936E-1 4.40011E-1 5.09934E-1 6.11922E-1 6.6071E-1 6.55505E-1 6.44791E-1 6.25369E-1 5.75198E-1 4.93462E-1 4.01974E-1 3.91656E-1 4.21874E-1 4.49485E-1 4.86685E-1 5.03801E-1 4.23432E-1 3.86441E-1 3.95565E-1 3.96284E-1 3.84526E-1 3.5464E-1 2.65198E-1 2.36063E-1 2.74682E-1 3.72918E-1 4.15249E-1 3.52006E-1 2.15078E-1
-9999 -9999 -9999 3.70962E-1 3.768E-1 3.95507E-1 4.14868E-1 4.36956E-1 4.57267E-1 4.96643E-1 5.25826E-1 5.38038E-1 5.11959E-1 4.89158E-1 4.5521E-1 4.24615E-1 3.96986E-1 3.83607E-1 4.05445E-1 4.3967E-1 4.70385E-1 4.98337E-1 5.2666E-1 5.38589E-1 5.5819E-1 5.72512E-1 5.74243E-1 5.88116E-1 5.92741E-1 6.08083E-1 6.17706E-1 6.23567E-1 6.28224E-1 6.2375E-1 5.76264E-1 4.79526E-1 4.28397E-1 4.77139E-1 5.06176E-1 5.47936E-1 6.2707E-1 6.46291E-1 6.19456E-1 5.74269E-1 4.77325E-1 4.47684E-1 3.75557E-1 3.82614E-1 4.38176E-1 4.68813E-1 4.66365E-1 4.62695E-1 4.19545E-1 4.1038E-1 4.11242E-1 3.80071E-1 3.46902E-1 2.96736E-1 2.47118E-1 2.05825E-1 2.14013E-1 3.15368E-1 3.72885E-1 2.76676E-1 1.33565E-1
-9999 -9999 -9999 -9999 -9999 -9999 -9999 4.61782E-1 4.88376E-1 5.26017E-1 5.55544E-1 5.72989E-1 5.61513E-1 5.29737E-1 4.81233E-1 4.01669E-1 3.22371E-1 3.54904E-1 4.11449E-1 4.61184E-1 5.12306E-1 5.46214E-1 5.69406E-1 5.70744E-1 5.66982E-1 5.69544E-1 5.78045E-1 5.83088E-1 5.94762E-1 6.01811E-1 6.11232E-1 6.13673E-1 6.1157E-1 6.03651E-1 5.8444E-1 5.31489E-1 4.83594E-1 4.83594E-1 5.01503E-1 5.4321E-1 6.05448E-1 6.13306E-1 5.87349E-1 4.88885E-1 3.04927E-1 3.29438E-1 3.17117E-1 3.40122E-1 4.31839E-1 4.46085E-1 4.31839E-1 4.29983E-1 4.1372E-1 4.23432E-1 3.87579E-1 3.23182E-1 2.83282E-1 2.59463E-1 2.16866E-1 1.55712E-1 1.53722E-1 2.36141E-1 3.11674E-1 1.85934E-1 7.00449E-2
-9999 -9999 -9999 -9999 -9999 -9999 -9999 -9999 5.05882E-1 5.32125E-1 5.53996E-1 5.73888E-1 5.94204E-1 5.84499E-1 5.43771E-1 4.68905E-1 4.13131E-1 4.29938E-1 4.56426E-1 5.0292E-1 5.56376E-1 5.93836E-1 5.83177E-1 5.71541E-1 5.7368E-1 5.74738E-1 5.82302E-1 5.87667E-1 5.99665E-1 6.03706E-1 6.09678E-1 6.03037E-1 5.87884E-1 5.76427E-1 5.82453E-1 5.65241E-1 5.20213E-1 5.13453E-1 5.21218E-1 5.22375E-1 5.41175E-1 5.60941E-1 5.75086E-1 4.82553E-1 3.36304E-1 3.18475E-1 2.8466E-1 3.01056E-1 3.53753E-1 3.7979E-1 4.01974E-1 4.1372E-1 4.06892E-1 4.06892E-1 3.41501E-1 2.45651E-1 2.1153E-1 2.13108E-1 1.79623E-1 1.02841E-1 7.40575E-2 1.08399E-1 1.46621E-1 9.59815E-2 4.77172E-2
-9999 -9999 -9999 -9999 -9999 -9999 -9999 -9999 -9999 5.40431E-1 5.56173E-1 5.75871E-1 5.96253E-1 6.09484E-1 5.89568E-1 5.56657E-1 5.43902E-1 5.35703E-1 5.25123E-1 5.39967E-1 5.49484E-1 5.67359E-1 5.73575E-1 5.7072E-1 5.81228E-1 5.79813E-1 5.87347E-1 5.91577E-1 5.9334E-1 6.04132E-1 5.9822E-1 5.83605E-1 5.44107E-1 5.32576E-1 5.60108E-1 5.52184E-1 5.01464E-1 4.86902E-1 5.11096E-1 4.90679E-1 4.43327E-1 4.20426E-1 4.94962E-1 4.44039E-1 2.71362E-1 2.81212E-1 3.15746E-1 3.19445E-1 3.2375E-1 3.53157E-1 4.10244E-1 4.18569E-1 4.1142E-1 3.7573E-1 2.83243E-1 1.78479E-1 1.65217E-1 1.79531E-1 1.47582E-1 6.33862E-2 1.93064E-2 3.70078E-2 5.63383E-2 5.13254E-2 3.40114E-2
-9999 -9999 -9999 -9999 -9999 -9999 -9999 -9999 -9999 5.4732E-1 5.59395E-1 5.76853E-1 5.92723E-1 6.03208E-1 5.99761E-1 5.91659E-1 5.83958E-1 5.63607E-1 5.43023E-1 5.41305E-1 5.6095E-1 5.73501E-1 5.85197E-1 5.89301E-1 5.96391E-1 6.00117E-1 5.97964E-1 5.99206E-1 5.9411E-1 5.96582E-1 5.92021E-1 5.66976E-1 5.50841E-1 5.13522E-1 5.16636E-1 5.0525E-1 4.63843E-1 4.3948E-1 4.44727E-1 4.18854E-1 3.59719E-1 3.52123E-1 4.03539E-1 3.76751E-1 3.13981E-1 3.38734E-1 3.52776E-1 3.56086E-1 3.617E-1 3.82614E-1 4.3928E-1 4.312E-1 3.67991E-1 2.84254E-1 1.82774E-1 1.14794E-1 1.2785E-1 1.65679E-1 1.58747E-1 8.37037E-2 2.81537E-2 2.26797E-2 2.93972E-2 2.79477E-2 1.58247E-2
-9999 -9999 -9999 -9999 -9999 -9999 -9999 -9999 -9999 -9999 -9999 5.73719E-1 5.80443E-1 5.89983E-1 5.85975E-1 5.83236E-1 5.75057E-1 5.59096E-1 5.54462E-1 5.56721E-1 5.69406E-1 5.83371E-1 6.05078E-1 6.14625E-1 6.18025E-1 6.18025E-1 6.18757E-1 6.11818E-1 6.03305E-1 6.04274E-1 5.76655E-1 5.28828E-1 5.34232E-1 5.21305E-1 4.68543E-1 4.38345E-1 4.65215E-1 4.41042E-1 4.15415E-1 3.76196E-1 3.30748E-1 3.47173E-1 4.15107E-1 4.67685E-1 4.71404E-1 4.66213E-1 4.18932E-1 3.76342E-1 3.78067E-1 3.93728E-1 4.46383E-1 4.29102E-1 3.30563E-1 2.34769E-1 1.43203E-1 1.03953E-1 1.12567E-1 1.36973E-1 1.45062E-1 1.07128E-1 6.26833E-2 3.91641E-2 2.79477E-2 1.4907E-2 9.42321E-3
-9999 -9999 -9999 -9999 -9999 -9999 -9999 -9999 -9999 -9999 -9999 -9999 -9999 5.85068E-1 5.81588E-1 5.82498E-1 5.80455E-1 -9999 -9999 5.90847E-1 5.85927E-1 5.93868E-1 6.24964E-1 6.27183E-1 6.33224E-1 6.32258E-1 6.30237E-1 6.19828E-1 6.12789E-1 6.04273E-1 5.73738E-1 4.99603E-1 5.27908E-1 4.97674E-1 3.88521E-1 3.46517E-1 4.45124E-1 4.54418E-1 4.0212E-1 3.35418E-1 2.52994E-1 2.65027E-1 3.95239E-1 5.00734E-1 5.25779E-1 5.2704E-1 4.55541E-1 3.9627E-1 3.76624E-1 3.73725E-1 4.02657E-1 3.92453E-1 3.00726E-1 2.21985E-1 1.64931E-1 1.19205E-1 1.21271E-1 1.54667E-1 1.80068E-1 1.48486E-1 1.01737E-1 7.75011E-2 4.96068E-2 2.72002E-2 1.7595E-2
-9999 -9999 -9999 -9999 -9999 -9999 -9999 -9999 -9999 -9999 -9999 -9999 -9999 5.945E-1 5.96253E-1 -9999 -9999 6.31467E-1 6.34638E-1 6.29152E-1 6.27553E-1 6.12774E-1 6.37123E-1 6.40288E-1 6.40319E-1 6.44641E-1 6.36752E-1 6.2225E-1 6.14847E-1 6.1097E-1 5.91282E-1 5.70104E-1 5.56018E-1 4.9548E-1 3.86509E-1 3.38668E-1 4.24107E-1 4.14487E-1 3.48071E-1 2.41606E-1 1.57871E-1 1.72406E-1 2.96736E-1 4.18595E-1 4.8582E-1 5.07008E-1 4.81413E-1 4.29572E-1 3.90832E-1 3.65313E-1 3.40965E-1 3.16302E-1 2.58595E-1 2.1851E-1 2.45787E-1 2.37354E-1 2.1243E-1 2.1643E-1 1.77522E-1 1.35543E-1 9.20686E-2 6.16243E-2 3.8323E-2 2.62914E-2 1.60824E-2
-9999 -9999 -9999 -9999 -9999 -9999 -9999 -9999 -9999 -9999 -9999 5.90729E-1 5.91659E-1 5.94204E-1 6.23832E-1 6.34298E-1 6.49339E-1 6.53109E-1 6.5414E-1 6.48311E-1 6.41064E-1 6.44289E-1 6.4346E-1 6.41788E-1 6.52054E-1 6.56372E-1 6.48309E-1 6.31706E-1 6.21548E-1 6.11033E-1 5.99435E-1 5.92738E-1 5.66154E-1 5.24169E-1 4.35238E-1 3.98441E-1 3.82428E-1 3.49655E-1 2.44571E-1 1.29867E-1 8.05328E-2 9.48744E-2 1.85446E-1 3.53416E-1 4.63463E-1 5.1526E-1 5.32112E-1 5.25468E-1 5.07523E-1 4.64793E-1 3.66259E-1 3.04052E-1 2.46014E-1 3.74643E-1 4.10023E-1 3.76001E-1 3.12624E-1 2.26004E-1 1.57704E-1 9.93205E-2 6.44844E-2 3.69001E-2 2.20479E-2 1.73753E-2 2.12271E-2
-9999 -9999 -9999 -9999 -9999 -9999 -9999 -9999 -9999 -9999 -9999 5.98884E-1 6.03143E-1 6.0656E-1 6.21215E-1 6.51406E-1 6.68378E-1 6.69323E-1 6.70727E-1 6.6669E-1 6.5752E-1 6.56759E-1 6.39612E-1 6.37982E-1 6.56951E-1 6.63247E-1 6.53138E-1 6.39787E-1 6.29785E-1 6.11378E-1 6.04231E-1 6.02968E-1 5.78935E-1 5.40032E-1 4.63517E-1 3.61488E-1 2.03643E-1 1.97878E-1 1.49485E-1 7.9733E-2 6.29903E-2 7.38403E-2 1.57828E-1 3.32872E-1 4.57252E-1 5.30581E-1 5.56365E-1 5.54828E-1 5.45354E-1 5.49036E-1 5.20403E-1 4.7583E-1 4.62183E-1 4.70408E-1 4.48088E-1 4.07851E-1 3.41784E-1 2.42281E-1 1.31372E-1 4.74095E-2 2.38946E-2 1.57505E-2 1.5864E-2 2.15816E-2 3.25376E-2
-9999 -9999 -9999 -9999 -9999 -9999 -9999 -9999 -9999 -9999 -9999 -9999 6.15391E-1 6.22113E-1 6.34794E-1 6.649E-1 6.72727E-1 6.69347E-1 6.70136E-1 6.72412E-1 6.69377E-1 6.6445E-1 6.53799E-1 6.50882E-1 6.60945E-1 6.66443E-1 6.59974E-1 6.44958E-1 6.29893E-1 6.17597E-1 6.11191E-1 6.04231E-1 5.88889E-1 5.43166E-1 4.73044E-1 3.73894E-1 1.9271E-1 1.34938E-1 1.10838E-1 8.62018E-2 9.13449E-2 1.10052E-1 2.04646E-1 3.57822E-1 4.78535E-1 5.57063E-1 5.78034E-1 5.78958E-1 5.72163E-1 5.71992E-1 5.40295E-1 5.05287E-1 4.81794E-1 4.56336E-1 4.24599E-1 3.92257E-1 3.15674E-1 2.16699E-1 9.6851E-2 1.73515E-2 4.80613E-3 5.44665E-3 1.19216E-2 2.43229E-2 5.64367E-2
-9999 -9999 -9999 -9999 -9999 -9999 -9999 -9999 -9999 -9999 -9999 -9999 -9999 6.42315E-1 6.58066E-1 6.70504E-1 6.68719E-1 6.60855E-1 6.60325E-1 6.6497E-1 6.67006E-1 6.63247E-1 6.58186E-1 6.592E-1 6.62404E-1 6.65352E-1 6.56239E-1 6.44369E-1 6.28595E-1 6.1685E-1 6.11326E-1 6.10667E-1 -9999 5.52725E-1 4.63863E-1 3.87146E-1 2.27438E-1 1.26737E-1 8.62611E-2 8.62018E-2 1.01014E-1 1.34321E-1 2.60424E-1 4.21455E-1 4.75889E-1 5.28785E-1 6.20112E-1 6.32225E-1 6.25512E-1 5.98209E-1 5.75198E-1 5.52425E-1 5.07518E-1 4.34896E-1 3.76751E-1 3.38099E-1 2.68701E-1 1.67233E-1 5.49536E-2 8.47021E-3 2.32432E-3 3.68306E-3 1.77042E-2 6.79897E-2 9.02034E-2
-9999 -9999 -9999 -9999 -9999 -9999 -9999 -9999 -9999 -9999 -9999 -9999 -9999 -9999 6.69823E-1 6.67337E-1 6.46806E-1 6.43546E-1 6.44086E-1 6.44472E-1 6.45041E-1 6.52393E-1 6.59835E-1 6.6391E-1 6.67469E-1 6.65308E-1 6.56744E-1 6.48931E-1 6.39858E-1 6.29877E-1 6.23128E-1 6.13016E-1 -9999 5.53421E-1 4.68068E-1 3.70481E-1 2.25604E-1 8.7948E-2 3.19949E-2 2.79387E-2 4.65073E-2 9.98201E-2 2.09378E-1 4.27508E-1 5.57826E-1 6.05689E-1 6.22104E-1 6.22104E-1 6.13309E-1 5.96864E-1 5.73991E-1 5.73081E-1 5.24607E-1 4.54436E-1 3.78822E-1 3.29701E-1 2.73681E-1 1.43635E-1 3.53929E-2 5.56382E-3 4.13673E-3 6.3567E-3 2.30557E-2 1.13927E-1 1.92479E-1
-9999 -9999 -9999 -9999 -9999 -9999 -9999 -9999 -9999 -9999 -9999 -9999 -9999 -9999 -9999 6.59225E-1 6.41805E-1 6.30685E-1 6.24719E-1 6.03199E-1 5.62241E-1 6.02452E-1 6.5166E-1 6.69238E-1 6.67566E-1 6.62183E-1 6.55613E-1 6.56084E-1 6.51302E-1 6.43101E-1 6.32034E-1 6.12711E-1 5.93492E-1 5.27474E-1 4.34298E-1 3.2313E-1 1.35323E-1 3.19908E-2 8.52658E-3 7.93205E-3 2.73021E-2 1.2364E-1 3.26724E-1 4.93734E-1 5.65368E-1 6.09136E-1 6.31104E-1 6.22824E-1 5.97864E-1 5.646E-1 5.11464E-1 5.24067E-1 4.55771E-1 4.03661E-1 3.51243E-1 3.30554E-1 2.70443E-1 1.57704E-1 5.92603E-2 1.73515E-2 5.9666E-3 8.57708E-4 8.78606E-4 1.66663E-2 1.61286E-1
-9999 -9999 -9999 -9999 -9999 -9999 -9999 -9999 -9999 -9999 -9999 -9999 -9999 -9999 -9999 -9999 6.3195E-1 6.18295E-1 5.97104E-1 5.56659E-1 4.93018E-1 5.59513E-1 6.45149E-1 6.72189E-1 6.71815E-1 6.67434E-1 6.59134E-1 6.54599E-1 6.5119E-1 6.3524E-1 6.13838E-1 6.04239E-1 -9999 4.43248E-1 3.75116E-1 1.77644E-1 2.87827E-2 2.85552E-3 8.23186E-4 1.52426E-3 1.36633E-2 9.85261E-2 3.62256E-1 5.70467E-1 6.04205E-1 5.98965E-1 6.06044E-1 5.90676E-1 5.87427E-1 5.69735E-1 5.43849E-1 4.54502E-1 3.47586E-1 4.2036E-1 3.91766E-1 4.02043E-1 3.63469E-1 2.81304E-1 1.57871E-1 4.49595E-2 6.91239E-3 2.922E-4 1.40001E-3 6.87601E-2 3.1498E-1
-9999 -9999 -9999 -9999 -9999 -9999 -9999 -9999 -9999 -9999 -9999 -9999 -9999 -9999 -9999 -9999 -9999 6.02271E-1 5.7976E-1 5.48084E-1 5.53189E-1 5.98473E-1 6.40994E-1 6.57819E-1 6.71197E-1 6.73729E-1 6.70284E-1 6.61887E-1 6.43344E-1 6.15174E-1 5.88218E-1 -9999 -9999 2.52372E-1 1.31085E-1 1.49945E-2 1.47712E-3 1.19246E-4 3.47158E-5 1.88955E-4 4.29458E-3 6.70538E-2 4.49702E-1 6.50766E-1 6.5224E-1 6.29708E-1 6.05715E-1 5.65031E-1 5.60108E-1 5.25596E-1 5.22654E-1 5.34515E-1 5.30951E-1 5.21589E-1 5.10676E-1 4.90173E-1 4.5776E-1 2.86707E-1 1.81886E-1 7.58794E-2 3.72073E-2 1.00335E-1 3.79293E-1 4.73105E-1 4.82243E-1
-9999 -9999 -9999 -9999 -9999 -9999 -9999 -9999 -9999 -9999 -9999 -9999 -9999 -9999 -9999 -9999 -9999 -9999 5.76703E-1 5.88952E-1 6.16597E-1 6.33809E-1 6.42101E-1 6.6432E-1 6.71796E-1 6.73148E-1 6.65376E-1 6.52054E-1 6.28021E-1 5.9752E-1 5.68465E-1 -9999 -9999 8.81946E-2 1.47344E-2 7.64374E-4 9.79763E-5 9.71622E-6 9.01096E-7 6.30674E-6 8.71555E-4 9.3637E-2 5.6705E-1 6.6956E-1 6.68403E-1 6.49036E-1 6.32256E-1 5.98792E-1 5.7845E-1 5.35988E-1 5.12473E-1 5.11418E-1 5.28828E-1 5.40603E-1 5.62481E-1 5.50016E-1 5.07176E-1 5.10542E-1 5.19529E-1 5.09702E-1 5.2061E-1 5.3355E-1 5.3061E-1 5.08598E-1 4.93114E-1
-9999 -9999 -9999 -9999 -9999 -9999 -9999 -9999 -9999 -9999 -9999 -9999 -9999 -9999 -9999 -9999 -9999 -9999 -9999 6.06529E-1 6.5199E-1 6.49098E-1 6.33538E-1 6.55842E-1 6.67158E-1 6.65308E-1 6.5946E-1 6.4706E-1 -9999 -9999 -9999 -9999 -9999 -9999 1.23235E-3 1.12392E-5 1.86143E-7 4.30152E-8 4.44734E-9 6.90224E-8 1.16902E-4 1.44795E-1 6.16355E-1 6.7289E-1 6.65213E-1 6.55718E-1 6.37299E-1 6.10517E-1 5.82022E-1 5.53076E-1 5.0525E-1 4.83246E-1 4.97246E-1 5.21482E-1 5.50841E-1 5.52725E-1 5.48432E-1 5.56147E-1 5.67871E-1 5.52725E-1 5.43935E-1 5.44699E-1 5.22265E-1 4.91028E-1 4.54662E-1
