KUENM/Final_Models/M_0.1_F_lq_Set_2_EC/sp1_4_se_asia.asc
ncols         320
nrows         243
xllcorner     44.0
yllcorner     -0.666666666666667
cellsize      0.166666666666667
NODATA_value  -9999
[rows 31 to 61 of 243, columns 0 to 69 of 320]
-9999 -9999 -9999 -9999 -9999 -9999 -9999 -9999 -9999 -9999 1.45229E-1 3.38648E-2 1.94091E-4 1.13651E-3 6.23085E-4 1.48988E-3 9.586E-4 8.07013E-4 5.91185E-5 8.72918E-5 3.42236E-4 1.93333E-4 2.11595E-5 3.44066E-4 5.02704E-4 1.0358E-4 2.97762E-5 1.43893E-6 1.95056E-5 7.81598E-5 1.76817E-4 1.20284E-4 4.00691E-5 4.57886E-5 2.78579E-5 5.45506E-6 1.89058E-6 5.35831E-5 3.98417E-4 9.77875E-4 1.89975E-3 2.76722E-3 4.1606E-3 5.02325E-3 5.60141E-3 5.63658E-3 5.33797E-3 5.05273E-3 4.31621E-3 2.19526E-3 2.92437E-3 3.11424E-3 1.7366E-3 3.96619E-3 7.05704E-3 7.56473E-3 8.21509E-3 8.10329E-3 8.32818E-3 8.32818E-3 8.44257E-3 8.32818E-3 7.99063E-3 7.77524E-3 7.77524E-3 7.77524E-3 7.77524E-3 7.15493E-3 7.35901E-3 7.25793E-3
-9999 -9999 -9999 -9999 -9999 -9999 -9999 -9999 -9999 1.82735E-1 1.15532E-1 5.80986E-2 1.1369E-3 4.54959E-4 1.00467E-3 9.66413E-4 1.47042E-3 1.12852E-3 7.15079E-4 4.90073E-5 5.61626E-4 9.06592E-4 3.52286E-4 5.66892E-4 5.42018E-4 1.53651E-4 8.76269E-5 1.79529E-4 9.69786E-5 3.27306E-5 6.4245E-5 3.93295E-5 2.06972E-5 8.95643E-5 8.66913E-5 4.98748E-5 3.30671E-5 4.44456E-5 1.71586E-4 1.0728E-3 5.0225E-4 6.28616E-4 1.58495E-3 5.13064E-3 6.60775E-3 6.63583E-3 6.19839E-3 5.70562E-3 5.47188E-3 4.5355E-3 3.69324E-3 4.16412E-3 4.04623E-3 5.64022E-3 7.44838E-3 7.44838E-3 7.6597E-3 7.97078E-3 7.97078E-3 8.08289E-3 8.08289E-3 7.76725E-3 7.87606E-3 7.87606E-3 7.45892E-3 7.35583E-3 7.15324E-3 7.15324E-3 6.85821E-3 6.66729E-3
-9999 -9999 -9999 -9999 -9999 -9999 -9999 -9999 -9999 1.55454E-1 7.7383E-2 3.4361E-2 4.36023E-3 8.92726E-4 8.69864E-4 4.1227E-4 8.5847E-4 7.31931E-4 4.70103E-4 1.22215E-3 1.10065E-3 2.34997E-4 9.50293E-5 5.09754E-5 2.09956E-4 6.81304E-4 9.65164E-5 7.29634E-5 8.37413E-5 2.94633E-5 1.00814E-5 3.63361E-5 1.02717E-5 5.39236E-5 1.67852E-4 1.46471E-4 8.56381E-5 4.93668E-5 1.90897E-4 3.69033E-4 1.02036E-5 5.19338E-6 1.2953E-4 4.2577E-3 7.41932E-3 6.54634E-3 5.61082E-3 5.54888E-3 4.21274E-3 4.54544E-3 5.64022E-3 5.48238E-3 6.48089E-3 7.32529E-3 7.53535E-3 7.83533E-3 7.72528E-3 7.61653E-3 7.72528E-3 7.72528E-3 7.72528E-3 7.22214E-3 6.29893E-3 6.84371E-3 6.65164E-3 6.29893E-3 5.87648E-3 6.74709E-3 7.01952E-3 7.12022E-3
-9999 -9999 -9999 -9999 -9999 -9999 -9999 -9999 -9999 1.51453E-1 6.83288E-2 2.70123E-2 4.83935E-3 1.49447E-3 1.09104E-3 1.83664E-3 1.20788E-3 4.77743E-4 5.64018E-4 2.71797E-4 4.0316E-4 3.57185E-4 1.64258E-4 1.25199E-4 9.53633E-5 1.52086E-5 7.02648E-5 7.50716E-5 2.15882E-5 2.47945E-5 9.01805E-6 1.12626E-5 2.89886E-5 2.66802E-5 6.48647E-5 1.34664E-4 3.84221E-5 1.29811E-5 9.47125E-5 2.8599E-4 3.91064E-5 2.15948E-6 7.67929E-5 2.04415E-3 7.38915E-3 5.33797E-3 4.78043E-3 2.64831E-3 6.08008E-4 1.64722E-3 2.22691E-3 1.78955E-3 3.05038E-3 5.17193E-3 6.82175E-3 7.36816E-3 7.4747E-3 7.4747E-3 7.36816E-3 7.36816E-3 6.4404E-3 4.74835E-3 3.82198E-3 3.44393E-3 4.41999E-3 3.33814E-3 2.53047E-3 5.69591E-3 7.15897E-3 7.54042E-3
-9999 -9999 -9999 -9999 -9999 -9999 -9999 -9999 -9999 1.45776E-1 9.42461E-2 3.44017E-2 1.03969E-2 3.96977E-3 1.47876E-3 6.67372E-4 2.37062E-3 6.89157E-4 1.87935E-3 7.35006E-4 4.90105E-4 1.43944E-3 2.06467E-4 5.1765E-4 2.35791E-4 1.27413E-4 8.70977E-7 7.99213E-6 3.46691E-4 2.67896E-5 9.46505E-6 7.93117E-6 2.00592E-5 8.14153E-6 4.58749E-6 2.74835E-5 4.33221E-6 5.50116E-6 3.32992E-5 2.00933E-4 1.36318E-4 2.04582E-5 6.01999E-6 2.77322E-4 2.69351E-3 5.16492E-3 5.45763E-3 3.14022E-3 8.22132E-4 5.15578E-4 6.58792E-4 8.10022E-4 7.30731E-4 9.75571E-4 2.24907E-3 5.75859E-3 6.85467E-3 6.56151E-3 6.75573E-3 5.98942E-3 4.28609E-3 1.9792E-3 1.30856E-3 9.90234E-4 1.62602E-3 2.83444E-3 4.86676E-3 6.65801E-3 7.49031E-3 7.38204E-3
-9999 -9999 -9999 -9999 -9999 -9999 -9999 -9999 -9999 -9999 1.31434E-1 4.61695E-2 1.14537E-2 6.34165E-3 1.03819E-3 4.85683E-3 4.07077E-3 2.21662E-3 1.14537E-2 7.96383E-3 6.88957E-3 1.07153E-3 2.81669E-3 7.96602E-4 4.16476E-4 5.44791E-4 8.5585E-5 4.98927E-5 3.85239E-4 5.3405E-4 4.79182E-5 1.861E-5 9.04176E-6 1.00487E-5 4.50005E-6 1.33277E-5 4.96306E-5 6.01728E-5 1.09932E-4 4.05488E-5 1.39913E-5 4.5954E-5 1.13734E-5 1.43251E-6 1.48787E-5 2.86705E-4 2.161E-3 4.52061E-3 4.15336E-3 2.94022E-3 2.56769E-3 2.91918E-3 2.31676E-3 9.61096E-4 1.31941E-3 2.55435E-3 2.25649E-3 4.58774E-3 4.77678E-3 5.12004E-3 5.04468E-3 3.759E-3 2.92753E-3 2.97153E-3 3.81534E-3 4.10016E-3 4.65617E-3 5.78425E-3 6.76016E-3 7.11154E-3
-9999 -9999 -9999 -9999 -9999 -9999 -9999 -9999 -9999 -9999 -9999 1.02744E-1 5.69828E-2 1.43432E-2 2.53087E-3 5.96914E-4 7.80497E-3 9.85549E-3 6.40447E-3 1.9847E-3 2.21662E-3 5.01722E-3 2.79233E-3 1.23727E-2 2.61803E-3 1.93072E-3 1.11986E-3 3.46815E-4 1.06919E-4 4.15193E-4 7.05627E-4 3.96739E-5 4.8302E-5 3.67159E-5 9.11826E-6 1.57192E-5 2.63332E-5 2.50283E-5 5.90381E-5 4.1056E-5 3.35001E-5 1.78912E-5 8.03424E-6 3.49636E-6 9.56816E-7 1.01256E-6 7.56407E-5 9.7693E-4 3.20449E-3 4.41732E-3 4.48534E-3 4.41999E-3 4.29288E-3 3.60391E-3 3.20175E-3 2.25649E-3 1.16042E-3 2.36585E-3 3.34187E-3 4.25844E-3 4.25844E-3 3.59427E-3 3.59427E-3 2.8399E-3 2.44185E-3 3.34187E-3 4.19509E-3 4.82431E-3 5.09164E-3 7.15175E-3
-9999 -9999 -9999 -9999 -9999 -9999 -9999 -9999 -9999 -9999 -9999 -9999 6.29009E-2 5.0659E-2 9.23556E-3 1.52147E-3 1.17154E-3 1.32332E-2 1.10837E-2 1.67851E-2 7.73557E-3 8.19017E-3 1.08872E-2 2.62193E-2 1.07291E-2 9.37637E-3 9.20504E-3 1.14728E-3 9.77627E-5 9.09695E-5 2.02076E-4 2.67896E-5 7.85291E-5 5.69583E-5 1.14058E-5 4.03583E-6 7.0731E-6 2.33382E-5 4.28934E-5 7.46692E-6 3.2794E-6 4.1215E-6 1.78912E-5 3.21824E-5 9.67442E-6 1.20503E-6 1.55556E-6 7.64146E-5 5.10402E-4 1.72059E-3 2.73447E-3 3.65582E-3 3.20022E-3 3.49895E-3 3.81534E-3 2.51636E-3 7.07664E-4 4.80287E-4 8.51859E-4 2.03047E-3 3.3336E-3 1.35746E-3 7.93241E-4 6.10888E-4 6.57708E-4 1.14297E-3 4.90758E-3 6.8701E-3 6.97396E-3 6.97396E-3
-9999 -9999 -9999 -9999 -9999 -9999 -9999 -9999 -9999 -9999 -9999 -9999 -9999 7.63301E-2 2.97351E-2 8.02317E-3 7.74768E-3 2.64611E-3 3.52026E-3 3.92064E-2 2.70178E-2 1.14537E-2 4.32547E-2 2.91204E-2 5.2202E-3 1.13623E-3 1.81862E-4 6.37705E-4 1.46511E-3 2.17559E-3 4.74689E-5 3.36342E-6 8.03348E-7 1.18203E-5 1.19688E-5 3.07215E-6 4.09889E-6 2.26631E-6 3.90867E-6 9.20336E-6 5.69097E-6 1.76772E-5 5.29788E-5 8.89049E-5 8.79607E-5 6.08054E-5 3.09349E-5 2.12699E-5 4.24043E-5 7.59727E-5 3.13234E-4 1.13753E-4 2.64165E-4 5.75737E-4 1.8094E-3 3.06164E-3 2.1248E-3 1.28918E-3 8.38996E-4 1.18689E-3 2.2297E-3 3.00622E-3 3.9885E-3 4.86848E-3 3.83188E-3 1.54857E-3 2.71367E-3 5.85513E-3 6.24974E-3 5.73643E-3
-9999 -9999 -9999 -9999 -9999 -9999 -9999 -9999 -9999 -9999 -9999 -9999 9.5806E-2 9.36365E-2 8.81554E-2 6.06676E-2 3.48068E-2 1.89444E-2 9.7382E-3 5.68564E-3 2.51291E-2 6.00654E-2 8.54132E-2 4.99898E-2 7.08062E-3 3.85617E-3 5.89747E-4 3.09517E-2 1.88248E-2 1.36871E-3 5.48376E-4 4.41412E-5 5.98553E-7 9.11939E-6 6.65862E-6 7.27048E-7 1.85387E-6 1.83728E-6 1.1714E-6 1.83505E-6 9.87682E-6 4.13632E-5 5.93607E-5 1.42169E-4 2.543E-4 2.64918E-4 1.7994E-4 6.34064E-5 3.2901E-5 1.19364E-5 2.93789E-5 3.6238E-5 4.15224E-5 6.80495E-5 3.51265E-4 1.90064E-3 2.67518E-3 3.1463E-3 2.09631E-3 1.40677E-3 1.68321E-3 2.40485E-3 4.72217E-3 5.31734E-3 4.61865E-3 2.12978E-3 1.6524E-3 3.00622E-3 3.00622E-3 2.48057E-3
-9999 -9999 -9999 -9999 -9999 -9999 -9999 -9999 -9999 -9999 -9999 -9999 -9999 -9999 -9999 9.77475E-2 4.95288E-2 4.53297E-2 5.02958E-2 1.28661E-2 2.86638E-2 3.26824E-2 5.36432E-2 9.27074E-2 9.03083E-2 1.90867E-2 1.09588E-2 2.36034E-2 4.56947E-2 1.85402E-2 3.14356E-2 4.97607E-3 1.15599E-4 4.95174E-5 9.58484E-6 9.34237E-7 7.20202E-7 4.84E-6 6.80155E-6 1.24827E-6 2.76752E-6 1.15805E-5 3.40016E-5 6.47829E-5 2.75225E-4 3.93821E-4 4.29506E-4 3.58739E-4 1.54275E-4 3.58287E-5 4.41698E-6 1.37338E-5 5.2531E-5 1.4821E-4 3.39311E-4 1.13352E-3 2.09294E-3 3.28348E-3 3.56889E-3 1.55445E-3 2.40485E-3 4.24714E-3 5.79252E-3 5.79252E-3 4.65046E-3 2.12978E-3 2.40485E-3 1.6524E-3 8.4277E-4 4.57816E-4
-9999 -9999 -9999 -9999 -9999 -9999 -9999 -9999 -9999 -9999 -9999 -9999 -9999 -9999 -9999 -9999 1.09911E-1 1.08836E-1 1.09284E-1 9.0505E-2 5.31291E-2 1.02011E-1 1.51948E-1 1.27204E-1 2.39155E-1 2.16077E-1 2.56501E-1 2.62267E-1 9.65102E-2 3.50055E-3 5.55538E-3 3.55576E-3 5.31133E-4 4.57955E-4 7.28878E-5 1.20415E-6 9.34237E-7 9.34255E-7 1.57169E-5 2.74323E-5 1.77005E-5 2.11691E-5 4.51198E-5 6.00046E-5 1.06571E-4 4.09973E-4 4.92597E-4 5.46743E-4 5.02518E-4 2.90613E-4 1.21877E-4 5.28012E-5 1.66735E-5 4.91468E-5 2.97577E-4 1.01612E-3 1.99514E-3 3.28348E-3 3.83188E-3 2.33419E-3 3.12436E-3 2.65891E-3 3.5281E-3 3.0296E-3 4.92511E-3 5.10236E-3 4.50987E-3 2.59235E-3 2.09631E-3 1.09985E-3
-9999 -9999 -9999 -9999 -9999 -9999 -9999 -9999 -9999 -9999 -9999 -9999 -9999 -9999 -9999 -9999 -9999 -9999 1.21401E-1 1.46811E-1 1.61059E-1 1.72224E-1 1.98685E-1 2.49622E-1 2.75535E-1 3.13248E-1 2.93128E-1 2.77191E-1 1.88833E-1 1.78407E-1 7.34367E-2 7.28775E-3 6.62985E-5 4.5894E-6 2.94633E-5 1.03618E-6 4.91505E-7 3.7612E-6 1.67478E-5 5.50913E-6 1.77808E-5 4.42329E-5 7.30068E-5 1.7354E-4 4.43436E-4 3.59987E-4 4.99373E-4 6.25896E-4 6.83192E-4 6.68962E-4 5.32929E-4 3.76175E-4 1.87061E-4 9.92369E-5 1.33892E-4 7.63044E-4 1.87219E-3 2.7552E-3 3.51494E-3 3.81006E-3 3.63862E-3 2.81728E-3 1.55863E-3 2.39611E-4 1.60746E-3 4.53607E-3 2.36825E-3 1.57845E-3 1.54857E-3 1.44234E-3
-9999 -9999 -9999 -9999 -9999 -9999 -9999 -9999 -9999 -9999 -9999 -9999 -9999 -9999 -9999 -9999 -9999 -9999 -9999 -9999 1.58216E-1 1.85226E-1 2.10761E-1 2.38029E-1 2.87411E-1 3.35305E-1 3.73407E-1 3.8569E-1 3.48869E-1 3.76801E-1 3.94025E-1 1.95586E-1 4.05654E-2 1.98645E-2 1.84737E-3 1.41343E-4 8.16648E-7 4.73122E-6 3.04422E-6 8.07085E-6 3.6682E-5 4.8379E-5 1.05517E-4 2.17282E-4 2.93145E-4 3.71794E-4 2.87224E-4 3.14798E-4 5.70068E-4 7.17931E-4 7.79865E-4 7.72106E-4 6.65884E-4 4.98545E-4 4.01668E-4 7.41717E-4 8.68528E-4 1.3089E-3 2.2988E-3 3.17271E-3 2.70031E-3 1.18225E-3 2.36005E-4 5.06415E-5 4.94964E-4 2.81728E-3 9.51117E-4 1.91038E-3 2.59235E-3 1.93569E-3
-9999 -9999 -9999 -9999 -9999 -9999 -9999 -9999 -9999 -9999 -9999 -9999 -9999 -9999 -9999 -9999 -9999 -9999 -9999 -9999 -9999 1.68648E-1 1.98975E-1 2.25886E-1 2.64844E-1 3.22169E-1 3.6427E-1 4.00767E-1 4.35127E-1 4.48533E-1 4.70309E-1 4.23289E-1 1.79943E-1 1.09687E-1 9.11875E-2 2.06992E-4 2.51871E-5 6.02196E-6 2.36214E-6 3.25554E-5 3.41641E-5 5.77105E-5 1.11462E-5 8.64267E-5 2.7952E-4 2.68719E-4 2.86211E-4 3.41302E-4 5.41762E-4 5.40913E-4 6.73686E-4 8.94032E-4 9.51581E-4 8.72326E-4 3.99218E-4 2.57949E-4 2.43181E-4 8.02971E-5 5.84444E-4 2.40485E-3 2.70031E-3 1.68866E-3 5.82111E-4 1.67731E-4 3.47155E-4 3.10831E-3 4.14849E-3 2.99632E-3 5.67175E-4 5.93199E-4
-9999 -9999 -9999 -9999 -9999 -9999 -9999 -9999 -9999 -9999 -9999 -9999 -9999 -9999 -9999 -9999 -9999 -9999 -9999 -9999 -9999 -9999 1.76472E-1 1.98061E-1 2.43427E-1 2.86489E-1 3.26937E-1 3.71193E-1 4.14453E-1 4.60088E-1 4.869E-1 4.71401E-1 3.72992E-1 2.86438E-1 1.03628E-1 1.8419E-3 3.13043E-4 7.43685E-6 4.36E-5 9.46359E-5 3.63905E-5 4.96854E-5 2.13422E-5 2.96575E-5 3.30399E-5 1.55948E-4 1.54748E-4 2.654E-4 1.8259E-4 4.79168E-4 7.42651E-4 8.48778E-4 1.11566E-3 1.00918E-3 4.29333E-4 8.5786E-5 8.21873E-5 1.33892E-4 3.02035E-4 1.55445E-3 2.26134E-3 2.15867E-3 1.10582E-3 8.57113E-5 6.16489E-5 1.45676E-3 4.57969E-3 3.90248E-3 7.51676E-4 4.01668E-4
-9999 -9999 -9999 -9999 -9999 -9999 -9999 -9999 -9999 -9999 -9999 -9999 -9999 -9999 -9999 -9999 -9999 -9999 -9999 -9999 -9999 -9999 1.59005E-1 1.77907E-1 2.09743E-1 2.45202E-1 2.85975E-1 3.35138E-1 3.81231E-1 4.32497E-1 4.89035E-1 5.32328E-1 4.62165E-1 3.13838E-1 1.70025E-1 9.22493E-2 7.43272E-3 2.27567E-4 5.23744E-6 4.09039E-4 3.837E-5 7.85443E-6 2.08185E-5 2.20354E-5 1.82777E-5 3.47665E-5 1.16884E-4 1.20873E-4 6.8031E-5 4.97772E-4 8.95585E-4 1.08795E-3 1.11297E-3 9.49522E-4 4.68028E-4 1.39135E-4 3.68487E-5 3.2901E-5 5.72675E-5 5.17959E-4 1.43457E-3 1.71508E-3 1.6626E-3 9.95943E-4 2.62274E-4 6.29638E-4 4.11894E-3 4.47981E-3 2.0615E-3 9.22103E-4
-9999 -9999 -9999 -9999 -9999 -9999 -9999 -9999 -9999 -9999 -9999 -9999 -9999 -9999 -9999 -9999 -9999 -9999 -9999 -9999 -9999 -9999 -9999 1.57978E-1 1.79922E-1 2.1021E-1 2.4705E-1 2.79273E-1 3.31803E-1 3.89948E-1 4.48943E-1 4.95167E-1 5.00116E-1 3.14709E-1 1.93006E-1 7.00435E-2 9.6315E-3 1.97375E-3 1.02568E-3 3.96742E-4 3.16851E-4 2.09057E-5 2.47646E-6 2.41085E-5 2.24598E-5 7.48655E-6 1.34257E-5 8.92276E-5 1.09796E-4 1.64268E-4 3.19385E-4 7.7676E-4 8.13768E-4 9.02791E-4 6.59518E-4 3.77858E-4 1.4313E-4 4.12427E-5 4.90306E-6 3.33655E-5 1.08203E-4 5.10226E-4 1.05911E-3 1.60746E-3 1.09199E-3 1.31668E-3 3.32169E-3 4.79484E-3 3.52977E-3 9.78519E-4
-9999 -9999 -9999 -9999 -9999 -9999 -9999 -9999 -9999 -9999 -9999 -9999 -9999 -9999 -9999 -9999 -9999 -9999 -9999 -9999 -9999 -9999 -9999 1.36161E-1 1.57914E-1 1.76289E-1 2.00587E-1 2.2534E-1 2.73527E-1 3.26995E-1 3.95411E-1 4.4291E-1 4.57381E-1 3.89511E-1 2.32383E-1 1.29519E-1 2.65822E-4 3.45655E-3 2.19386E-2 6.06161E-3 3.31582E-3 2.62838E-4 3.07246E-4 8.97183E-5 1.65268E-5 1.38897E-5 4.61976E-6 1.97885E-5 7.48824E-5 7.61452E-5 1.66386E-4 5.62635E-4 5.56453E-4 7.84675E-4 1.01496E-3 8.94032E-4 5.48416E-4 2.94784E-4 2.87347E-5 8.22012E-6 1.52776E-6 6.32511E-5 6.11422E-4 1.22351E-3 1.09985E-3 4.70066E-4 8.34437E-4 3.94979E-3 4.47548E-3 2.51156E-3
-9999 -9999 -9999 -9999 -9999 -9999 -9999 -9999 -9999 -9999 -9999 -9999 -9999 -9999 -9999 -9999 -9999 -9999 -9999 -9999 -9999 -9999 1.02089E-1 1.16162E-1 1.32775E-1 1.49879E-1 1.64759E-1 1.77319E-1 2.13932E-1 2.72201E-1 3.37057E-1 3.89005E-1 4.22628E-1 3.99748E-1 3.41074E-1 1.90178E-1 1.89444E-2 5.72522E-5 3.82034E-4 2.58436E-3 1.05432E-3 5.08335E-5 1.37151E-4 2.56164E-5 8.02741E-6 1.55584E-5 3.72621E-6 1.19604E-5 3.21061E-5 4.15471E-5 7.0673E-5 2.21867E-4 4.43937E-4 5.95634E-4 5.56719E-4 1.12431E-3 1.00501E-3 8.06032E-4 3.88749E-4 1.01558E-4 5.01298E-5 2.06662E-5 1.21231E-4 7.31081E-4 7.98821E-4 9.24167E-4 5.90527E-4 1.78955E-3 3.759E-3 3.70951E-3
-9999 -9999 -9999 -9999 -9999 -9999 -9999 -9999 -9999 -9999 -9999 -9999 -9999 -9999 -9999 -9999 -9999 -9999 -9999 -9999 -9999 -9999 8.72921E-2 1.05758E-1 1.1774E-1 1.28024E-1 1.46026E-1 1.54822E-1 1.82654E-1 2.40875E-1 2.91262E-1 3.42712E-1 3.78859E-1 3.93876E-1 3.64037E-1 1.81307E-1 1.39639E-2 2.06265E-3 4.40348E-3 7.06526E-4 2.97558E-4 1.65031E-4 6.51722E-5 6.24019E-4 1.01489E-4 8.82979E-5 2.80098E-5 9.85041E-6 9.93899E-6 1.21302E-5 6.8531E-5 1.34646E-4 9.60055E-5 5.45922E-4 1.04883E-3 1.27264E-3 1.41985E-3 1.46491E-3 1.1996E-3 4.11335E-4 1.5256E-4 1.53545E-4 1.65526E-4 3.43143E-4 2.94784E-4 9.11538E-4 8.98089E-4 4.09937E-4 1.85655E-3 2.04213E-3
-9999 -9999 -9999 -9999 -9999 -9999 -9999 -9999 -9999 -9999 -9999 -9999 -9999 -9999 -9999 -9999 -9999 -9999 -9999 -9999 -9999 -9999 8.08867E-2 9.38889E-2 1.08328E-1 1.2173E-1 1.36448E-1 1.50511E-1 1.77912E-1 2.17997E-1 2.63285E-1 3.06303E-1 3.37375E-1 3.60079E-1 3.67562E-1 2.53255E-1 3.77203E-2 3.48163E-3 3.51717E-3 2.35338E-2 1.04586E-3 2.31685E-4 1.88945E-4 4.76601E-4 2.19991E-5 1.10334E-4 3.89906E-5 2.0726E-5 3.1359E-5 3.1356E-5 3.73748E-5 5.86555E-5 1.83101E-4 2.45496E-4 9.73883E-4 1.56793E-3 1.75002E-3 1.83259E-3 1.66292E-3 8.20052E-4 1.74874E-4 1.6564E-4 1.61179E-4 3.30036E-4 5.28926E-4 7.12319E-4 1.50065E-3 1.60738E-3 2.51701E-3 1.50473E-3
-9999 -9999 -9999 -9999 -9999 -9999 -9999 -9999 -9999 -9999 -9999 -9999 -9999 -9999 -9999 -9999 -9999 -9999 -9999 -9999 -9999 -9999 -9999 -9999 1.02698E-1 1.15842E-1 1.28536E-1 1.46267E-1 1.70141E-1 2.0263E-1 2.41163E-1 2.74425E-1 3.10548E-1 3.27126E-1 3.41162E-1 3.01858E-1 1.69761E-1 7.69764E-2 1.26965E-1 7.12902E-2 4.494E-3 6.3614E-4 1.31926E-4 1.35711E-3 1.56001E-5 1.24807E-5 3.63312E-5 3.23008E-5 2.15926E-5 4.37649E-5 2.63655E-5 2.21296E-5 9.09649E-5 1.69404E-4 2.00933E-4 8.29204E-4 2.02812E-3 2.10012E-3 2.1047E-3 1.59027E-3 8.48025E-4 5.34411E-4 4.41495E-4 5.05843E-4 6.58752E-4 7.64572E-4 1.48551E-3 2.176E-3 1.80313E-3 2.48206E-3
-9999 -9999 -9999 -9999 -9999 -9999 -9999 -9999 -9999 -9999 -9999 -9999 -9999 -9999 -9999 -9999 -9999 -9999 -9999 -9999 -9999 -9999 -9999 -9999 1.0179E-1 1.13441E-1 1.28666E-1 1.46413E-1 1.67081E-1 1.90896E-1 2.23381E-1 2.52019E-1 2.81893E-1 3.06756E-1 3.24175E-1 3.20471E-1 2.88947E-1 2.20321E-1 1.51699E-1 1.21062E-1 6.09061E-2 7.86622E-4 5.11644E-5 3.49474E-4 1.0036E-3 3.70431E-5 8.92707E-6 4.56302E-5 8.20476E-5 2.27119E-5 3.15758E-5 2.8427E-5 3.1344E-6 1.06728E-5 2.02407E-5 7.8529E-5 1.50386E-4 9.10055E-4 1.67544E-3 1.90485E-3 1.7795E-3 1.18135E-3 7.7676E-4 2.87224E-4 1.2131E-4 2.44344E-4 7.25592E-4 1.48384E-3 2.13091E-3 2.01887E-3
-9999 -9999 -9999 -9999 -9999 -9999 -9999 -9999 -9999 -9999 -9999 -9999 -9999 -9999 -9999 -9999 -9999 -9999 -9999 -9999 -9999 -9999 -9999 -9999 1.03032E-1 1.17263E-1 1.28712E-1 1.43641E-1 1.62585E-1 1.81219E-1 2.04315E-1 2.32219E-1 2.61437E-1 2.78155E-1 3.00659E-1 3.0741E-1 2.82944E-1 2.90798E-1 1.9616E-1 1.37017E-1 4.5084E-2 4.75E-3 9.08339E-4 6.4808E-4 3.43441E-4 5.58234E-4 5.06325E-5 2.73525E-4 2.4602E-4 9.47322E-5 1.72128E-4 3.04082E-5 5.46747E-5 5.63361E-5 1.08074E-4 3.91028E-5 2.48959E-5 1.24106E-4 4.61788E-4 1.10934E-3 1.86265E-3 1.89746E-3 7.18398E-4 1.55542E-4 2.62329E-5 2.91561E-5 1.73327E-4 2.78847E-4 5.04426E-4 2.07757E-3
-9999 -9999 -9999 -9999 -9999 -9999 -9999 -9999 -9999 -9999 -9999 -9999 -9999 -9999 -9999 -9999 -9999 -9999 -9999 -9999 -9999 -9999 -9999 -9999 -9999 1.18491E-1 1.26057E-1 1.36717E-1 1.55125E-1 1.68684E-1 -9999 -9999 2.34E-1 2.5384E-1 2.7405E-1 2.89039E-1 2.88222E-1 2.71287E-1 2.35481E-1 1.65422E-1 6.64058E-2 9.45957E-3 3.08548E-2 2.6646E-2 1.54883E-2 3.95318E-4 1.14822E-4 1.06259E-5 1.98422E-4 2.43322E-4 5.28202E-5 1.25021E-4 4.43263E-5 6.0088E-5 1.28941E-4 1.84518E-4 5.72911E-5 2.31228E-5 1.59685E-4 6.26852E-4 1.54677E-3 2.29571E-3 1.59779E-3 6.41112E-4 2.21342E-4 1.1117E-4 8.61436E-5 2.22623E-5 5.20507E-5 5.53105E-4
-9999 -9999 -9999 -9999 -9999 -9999 -9999 -9999 -9999 -9999 -9999 -9999 -9999 -9999 -9999 -9999 -9999 -9999 -9999 -9999 -9999 -9999 -9999 -9999 -9999 -9999 1.22194E-1 1.34004E-1 1.47855E-1 1.56602E-1 -9999 1.97606E-1 2.12827E-1 2.28466E-1 2.50201E-1 2.64372E-1 2.68179E-1 2.65746E-1 2.30449E-1 1.92625E-1 1.3452E-1 1.20929E-1 8.00064E-2 7.2041E-2 5.25582E-2 1.62452E-2 6.42567E-4 1.01298E-4 1.26351E-4 9.00726E-4 1.07093E-3 2.93012E-4 1.04484E-4 6.4834E-5 2.83581E-4 6.54418E-4 3.648E-4 9.33186E-5 3.6475E-5 9.45335E-5 7.78488E-4 2.61374E-3 2.81993E-3 1.83616E-3 1.05266E-3 5.39164E-4 3.69115E-4 1.03504E-4 9.49833E-5 4.95403E-4
-9999 -9999 -9999 -9999 -9999 -9999 -9999 -9999 -9999 -9999 -9999 -9999 -9999 -9999 -9999 -9999 -9999 -9999 -9999 -9999 -9999 -9999 -9999 -9999 -9999 -9999 -9999 1.27361E-1 1.38086E-1 1.47855E-1 -9999 -9999 -9999 2.05819E-1 -9999 -9999 -9999 2.51152E-1 2.28911E-1 1.71416E-1 1.45886E-1 1.17152E-1 8.43471E-2 4.10276E-2 4.38249E-2 2.35761E-2 2.74768E-3 1.76501E-3 6.4808E-4 5.65008E-4 3.06479E-3 3.48338E-3 1.35137E-3 6.20643E-4 1.07425E-3 7.11258E-4 2.7767E-4 2.80292E-4 1.80971E-4 7.24235E-5 2.67835E-4 1.38737E-3 2.59446E-3 2.64744E-3 2.20797E-3 1.41643E-3 9.82458E-4 7.80773E-4 6.79051E-4 3.82984E-4
-9999 -9999 -9999 -9999 -9999 -9999 -9999 -9999 -9999 -9999 -9999 -9999 -9999 -9999 -9999 -9999 -9999 -9999 -9999 -9999 -9999 -9999 -9999 -9999 -9999 -9999 -9999 -9999 -9999 -9999 -9999 -9999 -9999 -9999 -9999 -9999 -9999 2.25928E-1 2.21917E-1 2.0039E-1 1.67237E-1 1.34156E-1 9.51756E-2 4.48488E-2 4.22373E-2 2.46333E-2 4.54432E-4 8.98854E-4 7.93067E-4 4.03308E-4 2.83739E-3 5.24405E-3 5.07594E-3 3.03771E-3 9.81523E-4 7.59088E-4 1.09972E-3 2.71558E-4 1.90814E-4 2.1277E-4 4.4823E-4 1.16497E-3 2.14389E-3 2.30839E-3 1.96596E-3 1.64915E-3 1.34236E-3 1.00256E-3 9.24735E-4 4.5549E-4
-9999 -9999 -9999 -9999 -9999 -9999 -9999 -9999 -9999 -9999 -9999 -9999 -9999 -9999 -9999 -9999 -9999 -9999 -9999 -9999 -9999 -9999 -9999 -9999 -9999 -9999 -9999 -9999 -9999 -9999 -9999 -9999 -9999 -9999 -9999 -9999 -9999 -9999 1.96611E-1 1.99819E-1 1.82319E-1 1.64572E-1 1.4379E-1 1.18326E-1 7.01896E-2 5.96035E-2 1.24688E-2 2.67731E-4 6.12101E-4 2.98843E-4 1.52344E-3 2.16862E-3 3.17473E-3 5.74286E-3 3.9976E-3 4.61136E-3 4.06884E-3 4.40936E-3 4.24059E-3 2.04356E-3 6.98936E-4 1.50328E-3 2.02316E-3 1.42957E-3 8.07704E-4 1.24321E-3 1.64656E-3 1.82386E-3 1.46888E-3 9.95843E-4
-9999 -9999 -9999 -9999 -9999 -9999 -9999 -9999 -9999 -9999 -9999 -9999 -9999 -9999 -9999 -9999 -9999 -9999 -9999 -9999 -9999 -9999 -9999 -9999 -9999 -9999 -9999 -9999 -9999 -9999 -9999 -9999 -9999 -9999 -9999 -9999 -9999 -9999 -9999 1.88318E-1 1.84624E-1 1.74829E-1 1.68567E-1 1.40578E-1 1.10327E-1 5.4926E-2 5.00294E-2 3.258E-3 1.88244E-4 1.72716E-3 2.77503E-3 7.1849E-3 4.61031E-3 4.33114E-3 5.79175E-3 6.50163E-3 5.93026E-3 3.98318E-3 3.65384E-3 3.13863E-3 4.00653E-3 6.18981E-4 1.2192E-3 4.4278E-4 7.83153E-4 1.06176E-3 1.26299E-3 1.98896E-3 2.06611E-3 1.66703E-3
