KUENM/Final_Models/M_0.1_F_lq_Set_2_EC/sp1_se_asia_stddev.asc
ncols         320
nrows         243
xllcorner     44.0
yllcorner     -0.666666666666667
cellsize      0.166666666666667
NODATA_value  -9999
[rows 0 to 30 of 243, columns 0 to 69 of 320]
-9999 -9999 -9999 9.15591E-4 -9999 -9999 -9999 -9999 -9999 -9999 -9999 -9999 -9999 -9999 -9999 -9999 -9999 -9999 -9999 -9999 -9999 -9999 -9999 -9999 -9999 -9999 -9999 -9999 -9999 -9999 -9999 -9999 -9999 -9999 -9999 -9999 -9999 -9999 -9999 -9999 -9999 -9999 -9999 -9999 -9999 -9999 -9999 -9999 -9999 -9999 -9999 -9999 -9999 -9999 -9999 -9999 -9999 -9999 -9999 -9999 -9999 -9999 -9999 -9999 -9999 -9999 -9999 -9999 -9999 -9999
-9999 -9999 -9999 2.47185E-4 1.06641E-3 -9999 -9999 -9999 -9999 -9999 -9999 -9999 -9999 -9999 -9999 -9999 -9999 -9999 -9999 -9999 -9999 -9999 2.73291E-3 2.06664E-3 2.23019E-3 -9999 -9999 -9999 -9999 -9999 -9999 -9999 -9999 -9999 -9999 -9999 -9999 -9999 -9999 -9999 -9999 -9999 -9999 -9999 -9999 -9999 -9999 -9999 -9999 -9999 -9999 -9999 -9999 -9999 -9999 -9999 -9999 -9999 -9999 -9999 -9999 -9999 -9999 -9999 -9999 -9999 -9999 -9999 -9999 -9999
-9999 -9999 1.68501E-4 1.69663E-4 3.06696E-4 1.42958E-3 -9999 -9999 -9999 -9999 -9999 -9999 -9999 -9999 -9999 -9999 -9999 -9999 -9999 -9999 4.57972E-3 3.45001E-3 2.9163E-3 2.65465E-3 2.84629E-3 3.74748E-3 -9999 -9999 -9999 -9999 -9999 -9999 -9999 -9999 -9999 -9999 -9999 -9999 -9999 -9999 -9999 -9999 -9999 -9999 -9999 -9999 -9999 -9999 -9999 -9999 -9999 -9999 -9999 -9999 -9999 -9999 -9999 -9999 -9999 -9999 -9999 -9999 -9999 -9999 -9999 -9999 -9999 -9999 -9999 -9999
7.06716E-6 1.34499E-5 3.37006E-5 1.56797E-4 9.57832E-4 1.37773E-3 1.89141E-3 -9999 -9999 -9999 -9999 -9999 -9999 -9999 -9999 -9999 -9999 -9999 5.97106E-3 4.16685E-3 3.64087E-3 3.3151E-3 2.19415E-3 2.41368E-3 3.29065E-3 -9999 -9999 -9999 -9999 -9999 -9999 -9999 -9999 -9999 -9999 -9999 -9999 -9999 -9999 -9999 -9999 -9999 -9999 -9999 -9999 -9999 -9999 -9999 -9999 -9999 -9999 -9999 -9999 -9999 -9999 -9999 -9999 -9999 -9999 -9999 -9999 -9999 -9999 -9999 -9999 -9999 -9999 -9999 -9999 -9999
-9999 3.75076E-6 3.72611E-5 3.27513E-5 6.65499E-5 5.04077E-4 1.11511E-3 1.31536E-3 -9999 -9999 -9999 -9999 -9999 -9999 -9999 -9999 -9999 3.65677E-3 1.98602E-3 2.03183E-3 2.55707E-3 3.01926E-3 1.81985E-3 2.02583E-3 2.59941E-3 3.58228E-3 -9999 -9999 -9999 -9999 -9999 -9999 -9999 -9999 -9999 -9999 -9999 -9999 -9999 -9999 -9999 -9999 -9999 -9999 -9999 -9999 -9999 -9999 -9999 -9999 -9999 -9999 -9999 -9999 -9999 -9999 -9999 -9999 -9999 -9999 -9999 -9999 -9999 -9999 -9999 -9999 -9999 -9999 -9999 -9999
-9999 5.65431E-6 9.5014E-6 1.37471E-5 7.86295E-5 3.01145E-4 7.92525E-4 4.98774E-4 4.6161E-4 1.999E-3 2.20883E-3 -9999 -9999 -9999 -9999 -9999 1.17459E-3 4.50693E-4 4.52513E-4 2.66295E-4 1.0186E-3 1.1813E-3 3.97954E-4 2.57633E-4 -9999 -9999 -9999 -9999 -9999 -9999 -9999 -9999 -9999 -9999 -9999 -9999 -9999 -9999 -9999 -9999 -9999 -9999 -9999 -9999 -9999 -9999 -9999 -9999 -9999 -9999 -9999 -9999 -9999 -9999 -9999 -9999 -9999 -9999 -9999 -9999 -9999 -9999 -9999 -9999 -9999 -9999 -9999 -9999 -9999 -9999
-9999 -9999 2.81326E-6 1.79332E-5 2.94588E-5 1.11226E-4 5.7724E-4 1.41735E-3 6.22606E-4 2.73916E-4 5.97769E-5 8.48603E-5 5.52905E-4 1.06554E-3 1.9218E-4 1.54967E-4 4.85087E-5 2.69062E-5 1.44573E-4 1.02433E-4 7.58374E-4 7.14921E-4 2.81739E-4 3.29131E-4 7.44793E-5 -9999 -9999 -9999 -9999 -9999 -9999 -9999 -9999 -9999 -9999 -9999 -9999 -9999 -9999 -9999 -9999 -9999 -9999 -9999 -9999 -9999 -9999 -9999 -9999 -9999 -9999 -9999 -9999 -9999 -9999 -9999 -9999 -9999 -9999 -9999 -9999 -9999 -9999 -9999 -9999 -9999 -9999 -9999 -9999 -9999
-9999 -9999 3.40868E-6 3.62261E-6 1.00203E-4 7.29166E-4 1.01166E-3 1.22503E-3 7.03117E-4 5.80649E-4 3.89531E-4 2.36853E-5 1.49653E-5 2.34294E-4 1.19752E-4 9.67067E-5 8.31672E-5 1.03199E-4 1.0896E-4 1.85637E-4 6.59814E-4 1.58132E-3 1.00788E-3 7.28841E-4 2.45966E-4 9.80034E-5 4.26566E-5 -9999 -9999 -9999 -9999 -9999 -9999 -9999 -9999 -9999 -9999 -9999 -9999 -9999 -9999 -9999 -9999 -9999 -9999 -9999 -9999 -9999 -9999 -9999 -9999 -9999 -9999 -9999 -9999 -9999 -9999 -9999 -9999 -9999 -9999 -9999 -9999 -9999 -9999 -9999 -9999 -9999 -9999 -9999
-9999 -9999 9.59026E-6 1.01075E-5 9.49984E-5 7.05057E-4 3.27746E-4 1.0226E-4 3.0237E-4 2.86062E-4 4.06193E-4 2.85952E-4 9.04441E-5 4.29981E-5 1.94486E-5 4.36862E-5 8.13667E-5 1.86233E-4 1.88259E-4 2.72623E-4 7.61399E-4 7.72741E-4 1.35675E-4 3.13897E-5 1.27626E-4 1.80449E-4 1.62408E-4 -9999 1.74263E-3 -9999 -9999 -9999 -9999 -9999 -9999 -9999 -9999 -9999 -9999 -9999 -9999 -9999 -9999 -9999 -9999 -9999 -9999 -9999 -9999 -9999 -9999 -9999 -9999 -9999 -9999 -9999 -9999 -9999 -9999 -9999 -9999 -9999 -9999 -9999 -9999 -9999 -9999 -9999 -9999 -9999
-9999 -9999 4.33287E-6 3.00695E-5 2.97839E-4 5.62414E-4 6.5482E-4 7.81661E-4 4.6406E-4 7.79661E-5 9.095E-5 5.26191E-4 4.75938E-4 4.01764E-4 1.55753E-4 1.80671E-4 1.47513E-4 3.10611E-4 7.79661E-5 1.93552E-5 1.33798E-5 7.04866E-6 4.25298E-7 7.48334E-7 7.0687E-5 1.92513E-4 2.62738E-4 2.56876E-4 1.80432E-3 -9999 -9999 -9999 -9999 -9999 -9999 -9999 -9999 -9999 -9999 -9999 -9999 -9999 -9999 -9999 -9999 -9999 -9999 -9999 -9999 -9999 -9999 -9999 -9999 -9999 -9999 -9999 -9999 -9999 -9999 -9999 -9999 -9999 -9999 -9999 -9999 -9999 -9999 -9999 -9999 -9999
-9999 -9999 7.73225E-6 8.85177E-5 1.39019E-4 2.38468E-4 4.57275E-4 9.8188E-4 1.04712E-3 9.64486E-4 9.52175E-4 1.01416E-3 9.52175E-4 7.00597E-4 3.23921E-4 2.80768E-4 2.92922E-4 2.91174E-4 2.53595E-4 1.26359E-4 3.9777E-5 2.30344E-5 8.26133E-6 3.46971E-5 1.22713E-4 1.4615E-4 1.71677E-4 2.25378E-5 9.93094E-4 -9999 -9999 -9999 -9999 -9999 -9999 -9999 -9999 -9999 -9999 -9999 -9999 -9999 -9999 -9999 -9999 -9999 -9999 -9999 -9999 -9999 -9999 -9999 -9999 -9999 -9999 -9999 -9999 -9999 -9999 -9999 -9999 -9999 -9999 -9999 -9999 -9999 -9999 -9999 -9999 1.19266E-2
-9999 8.63129E-6 9.32801E-6 3.35236E-5 5.53346E-5 1.6908E-4 1.16762E-3 1.28287E-3 8.74623E-4 9.58021E-4 1.12921E-3 1.05377E-3 4.39758E-4 1.34954E-4 6.55865E-5 5.97664E-5 1.0933E-4 1.57584E-4 1.81558E-4 2.2816E-4 1.90036E-4 1.84164E-4 7.26093E-5 3.92806E-5 7.84749E-5 1.43262E-4 8.79018E-5 1.3783E-5 1.32603E-3 5.1717E-4 -9999 -9999 -9999 -9999 -9999 -9999 -9999 -9999 -9999 -9999 -9999 -9999 -9999 -9999 -9999 -9999 -9999 -9999 -9999 -9999 -9999 -9999 -9999 -9999 -9999 -9999 -9999 -9999 -9999 -9999 -9999 -9999 -9999 -9999 -9999 -9999 -9999 1.62616E-2 1.65314E-2 1.52518E-2
-9999 -9999 -9999 4.3131E-5 1.13655E-4 1.97379E-4 1.11127E-3 1.38157E-3 1.13067E-3 1.10442E-3 1.29465E-3 7.95516E-4 1.2113E-4 7.84348E-6 2.36832E-6 8.7704E-6 8.51659E-5 9.80034E-5 5.5558E-5 7.48277E-5 3.04165E-5 2.49026E-5 2.21488E-5 1.1288E-4 6.64582E-5 3.77047E-4 1.26024E-4 4.14752E-5 2.23638E-3 9.65588E-4 -9999 -9999 -9999 -9999 -9999 -9999 -9999 -9999 -9999 -9999 -9999 -9999 -9999 -9999 -9999 -9999 -9999 -9999 -9999 -9999 -9999 -9999 -9999 -9999 -9999 -9999 -9999 -9999 -9999 -9999 -9999 -9999 -9999 -9999 -9999 1.71916E-2 1.76718E-2 1.49221E-2 1.19204E-2 8.89081E-3
-9999 -9999 -9999 -9999 6.9051E-5 2.83482E-4 1.33518E-3 1.3769E-3 1.49576E-3 1.33572E-3 1.13726E-3 4.26678E-4 6.90979E-5 3.11639E-5 1.61055E-5 2.97671E-5 1.26359E-4 1.68142E-4 1.67114E-4 2.68531E-4 3.15619E-4 4.75397E-4 7.37263E-4 7.57214E-4 3.06257E-4 9.74574E-4 2.02402E-4 1.03577E-4 5.3065E-4 5.31131E-3 2.48716E-4 -9999 -9999 -9999 -9999 -9999 -9999 -9999 -9999 -9999 -9999 -9999 -9999 -9999 -9999 -9999 -9999 -9999 -9999 -9999 -9999 -9999 -9999 -9999 -9999 -9999 -9999 -9999 -9999 -9999 -9999 -9999 -9999 -9999 -9999 2.17322E-2 2.14475E-2 1.68955E-2 1.60858E-2 1.47435E-2
-9999 -9999 -9999 -9999 1.46399E-5 2.25899E-4 5.72782E-4 1.40257E-3 1.52153E-3 1.3623E-3 1.55364E-3 1.39695E-3 7.36753E-4 3.79249E-4 1.53936E-4 1.30987E-4 2.5663E-4 4.01164E-4 4.03522E-4 2.53595E-4 3.79249E-4 1.22165E-3 2.46519E-3 1.0107E-3 4.41889E-4 1.67963E-3 5.55963E-4 2.94031E-5 1.52818E-4 2.74446E-3 1.86508E-3 4.84646E-5 8.69693E-6 1.06804E-5 3.56432E-5 1.01475E-4 -9999 -9999 -9999 -9999 -9999 -9999 -9999 -9999 -9999 -9999 -9999 -9999 -9999 -9999 -9999 -9999 -9999 -9999 -9999 -9999 -9999 -9999 -9999 -9999 -9999 -9999 -9999 2.69223E-2 2.85489E-2 3.03556E-2 3.02889E-2 2.82684E-2 2.70962E-2 1.30541E-2
-9999 -9999 -9999 -9999 -9999 2.9859E-4 1.19627E-4 3.48604E-4 1.45817E-3 1.62415E-3 1.69612E-3 1.64559E-3 1.31276E-3 4.72816E-4 2.96552E-4 2.31172E-4 1.4497E-4 2.28513E-4 2.27187E-4 2.83248E-4 5.32008E-4 8.819E-4 2.09453E-3 1.51383E-3 5.32008E-4 1.16395E-3 3.43649E-3 1.1003E-3 5.19814E-4 3.67772E-4 7.52707E-3 3.25836E-4 7.6604E-5 5.74924E-5 1.03537E-4 1.9507E-4 3.54937E-4 4.36333E-4 -9999 -9999 -9999 -9999 -9999 -9999 -9999 -9999 -9999 -9999 -9999 -9999 -9999 -9999 -9999 -9999 -9999 -9999 -9999 -9999 -9999 -9999 2.49478E-2 2.91552E-2 3.34759E-2 3.67904E-2 3.86013E-2 3.83374E-2 3.9713E-2 3.57301E-2 2.02164E-2 3.55047E-3
-9999 -9999 -9999 -9999 -9999 2.99234E-5 2.16314E-4 3.07009E-4 1.02078E-3 1.70992E-3 1.91605E-3 1.84842E-3 1.78914E-3 9.80917E-4 5.33902E-4 1.34295E-4 6.48127E-5 7.40545E-5 2.17966E-4 3.79181E-4 9.0034E-4 1.72727E-3 3.12577E-3 2.75173E-3 1.32516E-3 3.54257E-4 5.17511E-4 3.02345E-3 7.11286E-3 4.54007E-4 1.43877E-3 9.09557E-3 1.8245E-3 1.46989E-3 1.29695E-3 4.90579E-3 3.59833E-3 1.31194E-3 8.05816E-4 -9999 -9999 -9999 -9999 -9999 -9999 -9999 -9999 -9999 -9999 -9999 -9999 -9999 -9999 -9999 -9999 -9999 -9999 -9999 -9999 -9999 3.77237E-2 4.2987E-2 4.84031E-2 5.01685E-2 4.85894E-2 4.75242E-2 4.1345E-2 1.86191E-2 3.33708E-3 6.1416E-4
-9999 -9999 -9999 -9999 -9999 2.01996E-5 3.67031E-4 6.94998E-4 8.85193E-4 1.29514E-3 2.01662E-3 1.55574E-3 2.1035E-3 1.75106E-3 1.02064E-3 2.84442E-4 9.60173E-5 3.85146E-5 4.00446E-5 7.53312E-5 5.42392E-4 1.42633E-3 1.44585E-3 1.31907E-3 1.73205E-3 1.06048E-3 1.59507E-4 5.93687E-5 5.10913E-3 1.67924E-2 2.32395E-3 9.02198E-4 1.16481E-2 1.14982E-2 4.72635E-3 2.02257E-3 1.39378E-3 4.34616E-3 1.45683E-3 5.83676E-3 -9999 -9999 -9999 -9999 -9999 -9999 -9999 -9999 -9999 -9999 -9999 -9999 -9999 -9999 -9999 -9999 -9999 -9999 -9999 -9999 4.94453E-2 5.56291E-2 6.02135E-2 5.93569E-2 4.15046E-2 2.67572E-2 3.65505E-3 7.76834E-4 9.53755E-4 2.49713E-4
-9999 -9999 -9999 -9999 -9999 -9999 2.73493E-4 1.28652E-3 3.63525E-4 4.34241E-4 8.49126E-4 4.10186E-4 1.63831E-3 1.4283E-3 1.37383E-3 8.03031E-4 8.66157E-5 2.11945E-5 3.0605E-5 1.94596E-5 3.64316E-5 3.30528E-4 6.16812E-4 1.3804E-4 3.46916E-4 1.40414E-3 9.38581E-4 1.88268E-4 1.35348E-4 2.1482E-3 1.63995E-2 1.93147E-2 1.99158E-2 3.0501E-3 1.32055E-3 4.1235E-4 2.50948E-4 2.08485E-4 2.78368E-5 3.17504E-4 8.32753E-3 3.76389E-3 -9999 -9999 -9999 -9999 -9999 -9999 -9999 -9999 -9999 -9999 -9999 3.70955E-2 4.1925E-2 4.49121E-2 4.74513E-2 4.83605E-2 4.30875E-2 4.47307E-2 2.7696E-2 1.6539E-2 9.65848E-3 4.13118E-3 9.5897E-4 2.02205E-4 3.30131E-4 1.67691E-4 4.49846E-4 1.26421E-3
-9999 -9999 -9999 -9999 -9999 -9999 9.33095E-5 1.21447E-3 2.15029E-4 5.94044E-4 6.55203E-4 4.58387E-4 1.55106E-3 1.5414E-3 6.56635E-4 9.94936E-4 2.0187E-4 8.276E-5 2.04615E-4 5.56627E-5 5.42018E-5 5.85144E-4 1.27627E-3 4.98352E-4 2.14751E-4 3.77658E-4 4.44686E-4 6.94736E-4 4.86393E-4 1.76081E-4 2.6999E-4 1.5573E-3 2.07777E-2 1.70905E-2 7.01831E-3 2.86153E-3 2.53552E-3 5.32953E-4 2.20493E-5 6.00515E-6 1.47119E-4 7.46303E-4 4.35993E-3 8.07144E-3 9.92624E-3 1.00521E-2 9.42762E-3 7.72273E-3 1.0655E-2 1.41848E-2 1.85088E-2 2.58233E-2 3.29652E-2 3.69969E-2 3.85054E-2 3.39792E-2 2.50764E-2 1.15493E-2 2.67209E-3 1.15303E-3 2.58921E-4 1.34166E-4 1.90996E-5 1.69174E-5 1.02519E-5 1.24129E-4 8.26975E-4 8.83135E-4 1.99624E-3 3.23414E-3
-9999 -9999 -9999 -9999 -9999 -9999 8.38715E-4 6.93797E-4 1.31951E-3 5.88481E-4 1.02397E-3 1.60664E-3 1.58926E-3 1.00288E-3 1.01468E-3 1.07193E-3 5.41581E-4 3.33737E-4 3.755E-4 4.97098E-5 4.34566E-5 2.74802E-4 5.13248E-4 1.02575E-3 4.60802E-4 9.34236E-4 5.04282E-4 2.43641E-4 4.67205E-4 5.409E-4 1.72E-4 5.26354E-4 1.83935E-3 2.17621E-3 9.31811E-4 6.19937E-4 3.99483E-4 1.01416E-3 1.03156E-3 1.92363E-4 1.60595E-5 1.48184E-6 9.73217E-6 2.11719E-3 2.0998E-3 6.24406E-4 6.70217E-4 3.65084E-3 1.53916E-2 1.88355E-2 2.10736E-2 2.91936E-2 3.2385E-2 3.07553E-2 2.5068E-2 2.14335E-2 1.05007E-2 2.75089E-3 6.31013E-4 1.32878E-4 1.35072E-4 1.21712E-4 2.09567E-5 5.1071E-5 2.47626E-4 9.01792E-4 1.5346E-3 1.12102E-3 1.73066E-3 2.34666E-3
-9999 -9999 -9999 -9999 -9999 -9999 -9999 -9999 2.50999E-3 3.75205E-3 6.92733E-4 9.72378E-4 7.39469E-4 1.0308E-3 1.29336E-3 1.34612E-3 2.97842E-4 1.40809E-4 1.57776E-4 2.60028E-4 2.9147E-4 5.3065E-4 1.12017E-3 1.76145E-3 1.84588E-3 6.10684E-4 5.86251E-4 6.9012E-4 3.59592E-4 1.58884E-4 8.12141E-4 6.3529E-4 6.15538E-4 1.41534E-3 3.60547E-3 4.34723E-3 3.9836E-3 1.78806E-3 3.07727E-4 8.87657E-5 1.43893E-5 1.01342E-5 1.18004E-5 6.17591E-5 6.50575E-6 1.53829E-5 4.49846E-5 2.36039E-5 9.57064E-5 7.12372E-4 1.10275E-2 1.80555E-2 2.78953E-2 2.36608E-2 1.28738E-2 1.33225E-2 7.0311E-3 1.61322E-3 6.37659E-4 1.34486E-4 4.71395E-4 1.30888E-3 2.62478E-3 3.34987E-3 3.52716E-3 2.23962E-3 1.12795E-3 7.08733E-4 5.1845E-4 4.37569E-4
-9999 -9999 -9999 -9999 -9999 -9999 -9999 -9999 2.63771E-3 7.16534E-3 2.56174E-3 6.45569E-4 4.05195E-4 6.56545E-4 8.95397E-4 6.2823E-4 2.20733E-4 2.07702E-4 3.37007E-4 5.07527E-4 6.59478E-4 7.4527E-4 1.31597E-3 1.61093E-3 2.11245E-3 1.64327E-3 4.17292E-4 3.85882E-4 6.13321E-4 2.50515E-4 3.13701E-4 1.31831E-3 1.88719E-3 2.00343E-3 4.97658E-3 5.54763E-3 6.00014E-3 5.75626E-3 3.7425E-3 8.67456E-4 1.60737E-4 3.57915E-5 9.01257E-6 1.51E-5 2.23714E-6 1.02578E-6 4.89682E-6 1.25611E-6 6.97884E-6 5.10149E-4 8.60885E-5 4.59414E-5 3.1899E-4 2.39347E-3 4.797E-3 2.35704E-3 5.78739E-4 2.62707E-4 2.16921E-4 3.76432E-4 2.30579E-3 5.25445E-3 6.27054E-3 6.26475E-3 5.72279E-3 4.62094E-3 3.34496E-3 2.28558E-3 1.05667E-3 8.34901E-4
-9999 -9999 -9999 -9999 -9999 -9999 -9999 -9999 -9999 -9999 2.80891E-3 1.92479E-3 4.13988E-4 6.91235E-4 6.69142E-4 3.70434E-4 2.00724E-4 4.08409E-4 6.02021E-4 7.6607E-4 7.36132E-4 5.23217E-4 9.23009E-4 1.50422E-3 1.47183E-3 1.72727E-3 9.0496E-4 4.12999E-4 7.59849E-4 6.90369E-4 3.33207E-4 3.25529E-4 1.58722E-3 3.46963E-3 4.73216E-3 5.6728E-3 6.05908E-3 6.54954E-3 6.59027E-3 5.37636E-3 3.41943E-3 1.20921E-3 1.602E-4 2.57342E-5 1.19354E-5 3.73877E-5 9.9529E-6 8.08031E-6 2.94547E-6 5.85892E-5 2.31949E-6 4.50315E-6 2.45617E-5 8.91699E-5 2.52577E-4 3.9695E-5 3.22007E-5 1.4021E-4 3.73031E-4 1.6459E-3 3.48264E-3 5.58061E-3 6.8511E-3 6.57226E-3 6.19482E-3 5.83245E-3 5.48503E-3 4.29019E-3 2.3165E-3 2.3165E-3
-9999 -9999 -9999 -9999 -9999 -9999 -9999 -9999 -9999 -9999 -9999 -9999 -9999 -9999 3.49017E-4 1.08731E-4 2.68019E-4 3.3954E-4 4.00253E-4 4.0865E-4 5.99735E-4 5.32415E-4 5.92124E-4 8.33321E-4 8.54127E-4 1.17375E-3 8.91112E-4 6.45903E-4 3.44578E-4 1.67052E-4 5.6182E-4 9.37103E-4 9.18916E-4 6.23231E-4 1.50485E-3 3.61473E-3 4.68499E-3 5.21265E-3 5.14208E-3 4.34235E-3 4.86496E-3 4.59631E-3 2.43319E-3 2.27811E-3 2.93571E-3 1.32409E-3 6.35982E-4 1.70289E-4 4.56654E-5 4.36705E-6 1.85149E-5 1.31587E-4 2.12879E-4 7.88592E-5 3.78037E-5 9.36424E-5 3.53741E-4 4.95382E-4 4.31557E-4 7.09668E-4 1.38212E-3 4.7449E-3 5.89112E-3 6.78119E-3 4.83543E-3 5.38904E-3 3.69813E-3 2.77575E-3 1.63004E-3 2.80237E-3
-9999 -9999 -9999 -9999 -9999 -9999 -9999 -9999 -9999 -9999 -9999 -9999 2.60547E-3 2.88266E-3 1.49106E-3 9.15908E-4 3.24576E-4 2.79734E-4 7.51808E-4 5.21807E-4 4.25209E-4 6.31847E-4 1.01218E-3 7.2555E-4 5.88006E-4 8.09543E-4 6.04147E-4 3.25086E-4 2.50959E-4 1.81512E-4 1.00953E-4 2.00924E-4 2.12111E-4 3.22466E-4 5.39541E-4 5.65368E-4 8.56783E-4 1.47123E-3 1.29026E-3 2.93771E-3 5.14269E-3 6.28319E-3 7.92179E-3 9.00688E-3 8.56421E-3 3.62699E-3 2.47401E-3 6.61275E-4 2.61422E-4 2.892E-4 2.4555E-4 3.19534E-4 4.1851E-5 4.99705E-5 4.41485E-4 2.61029E-3 6.03219E-3 4.91321E-3 1.88961E-3 1.44936E-3 2.10959E-3 4.36392E-3 4.783E-3 4.17067E-3 4.17067E-3 5.76563E-3 4.13148E-3 2.69782E-3 4.77005E-3 7.94623E-3
-9999 -9999 -9999 -9999 -9999 -9999 -9999 -9999 -9999 -9999 -9999 -9999 2.43264E-3 4.42863E-3 9.19383E-4 2.13308E-3 1.02253E-3 1.27012E-3 8.81194E-4 6.14971E-4 8.4512E-4 9.91052E-4 1.09514E-3 5.45558E-4 4.11571E-4 5.22818E-4 7.08755E-4 7.05614E-4 5.95472E-4 3.90873E-4 3.85916E-4 1.58919E-4 8.20443E-5 8.01027E-5 1.45277E-4 3.7672E-4 8.88244E-4 2.26523E-3 2.54821E-3 2.80678E-3 4.31201E-3 6.83391E-3 8.56421E-3 8.53681E-3 8.32882E-3 7.07563E-3 5.04631E-3 3.79094E-3 2.37205E-3 8.63291E-4 7.57163E-4 2.98635E-4 2.64884E-4 8.74212E-4 3.90441E-3 7.69172E-3 1.01376E-2 8.44902E-3 5.9279E-3 3.12502E-3 1.98398E-3 2.69006E-3 1.8518E-3 1.14027E-3 2.15133E-3 8.43658E-3 1.35756E-2 1.08155E-2 1.20218E-2 1.4358E-2
-9999 -9999 -9999 -9999 -9999 -9999 -9999 -9999 -9999 -9999 -9999 -9999 -9999 1.68515E-3 2.68473E-3 1.99366E-3 4.19591E-4 1.57141E-3 1.09687E-3 4.98554E-4 9.10951E-4 9.30668E-4 8.28633E-4 8.67285E-4 3.547E-4 2.66504E-4 5.77131E-4 8.97324E-4 9.49793E-4 7.36628E-4 8.22529E-4 5.44966E-4 3.33269E-4 2.58626E-4 9.17599E-5 2.20285E-4 2.30518E-4 8.75887E-4 2.9602E-3 3.40949E-3 3.67131E-3 3.30095E-3 6.89919E-3 8.23115E-3 9.03784E-3 8.26487E-3 7.1823E-3 6.10228E-3 4.71426E-3 5.5355E-3 6.10842E-3 8.69028E-3 1.02449E-2 1.09888E-2 1.15477E-2 1.19369E-2 1.36923E-2 1.29067E-2 1.238E-2 1.05934E-2 7.99011E-3 7.84248E-3 4.41391E-3 8.4533E-3 1.1791E-2 1.4697E-2 1.59222E-2 1.52405E-2 1.51066E-2 1.48409E-2
-9999 -9999 -9999 -9999 -9999 -9999 -9999 -9999 -9999 -9999 -9999 5.30172E-2 1.6661E-2 7.46565E-3 1.14252E-3 2.27888E-3 1.17958E-3 2.72862E-3 1.0366E-3 5.85417E-4 6.38115E-4 3.32927E-4 1.69838E-4 6.48093E-4 7.18965E-4 3.69111E-4 5.06923E-4 1.06053E-3 1.17711E-3 1.32613E-3 1.27929E-3 1.25125E-3 1.13027E-3 7.07132E-4 5.35343E-4 1.50146E-3 1.62572E-3 2.60465E-3 6.02421E-3 5.39479E-3 6.72262E-3 8.30327E-3 1.01099E-2 9.69473E-3 9.88384E-3 9.35423E-3 8.59817E-3 9.23184E-3 9.1124E-3 9.70405E-3 1.04245E-2 1.12932E-2 1.09806E-2 1.08778E-2 1.36846E-2 1.356E-2 1.20915E-2 1.12807E-2 1.25518E-2 1.15593E-2 1.0229E-2 1.53025E-2 1.48409E-2 1.63384E-2 1.60532E-2 1.61033E-2 1.52173E-2 1.58181E-2 1.55364E-2 1.5258E-2
-9999 -9999 -9999 -9999 -9999 -9999 -9999 -9999 -9999 -9999 -9999 5.44978E-2 1.59805E-2 3.48867E-3 2.4333E-3 7.31382E-4 1.55045E-3 1.17611E-3 1.1836E-3 1.28506E-3 1.39831E-3 9.41694E-4 5.39293E-4 3.51685E-4 4.60372E-4 5.52109E-4 1.12132E-3 1.03629E-3 4.8507E-4 9.99932E-4 1.20209E-3 3.47868E-4 5.0772E-4 9.04349E-4 1.41936E-3 9.13687E-4 2.96084E-3 5.87917E-3 9.97734E-3 1.00766E-2 8.53674E-3 9.97072E-3 1.09061E-2 1.13713E-2 1.0662E-2 1.0229E-2 8.14379E-3 5.76887E-3 9.41762E-3 1.02454E-2 1.16728E-2 1.27424E-2 1.2504E-2 9.72959E-3 9.4465E-3 8.70032E-3 6.8682E-3 9.3535E-3 1.0678E-2 1.37875E-2 1.45769E-2 1.69451E-2 1.67932E-2 1.7098E-2 1.60277E-2 1.57384E-2 1.54526E-2 1.5311E-2 1.51703E-2 1.50305E-2
-9999 -9999 -9999 -9999 -9999 -9999 -9999 -9999 -9999 -9999 9.47372E-2 6.57844E-2 2.42474E-2 4.08885E-3 5.64809E-3 4.60877E-3 2.00114E-3 4.15702E-3 1.16663E-3 5.42184E-4 1.13435E-3 8.77073E-4 6.73651E-4 1.01648E-3 2.43478E-3 2.72032E-4 8.25606E-5 3.42363E-4 3.21936E-4 6.19192E-4 1.38701E-3 6.10053E-4 3.48325E-4 4.68481E-4 2.39032E-4 3.86113E-4 1.78267E-4 8.6741E-4 6.07156E-3 8.64671E-3 8.68507E-3 9.58687E-3 1.04245E-2 1.14517E-2 1.14964E-2 1.15329E-2 1.09931E-2 1.02682E-2 7.84344E-3 4.62447E-3 9.48344E-3 1.13698E-2 1.07098E-2 1.26662E-2 1.3551E-2 1.49009E-2 1.57615E-2 1.65075E-2 1.66616E-2 1.71295E-2 1.69726E-2 1.71295E-2 1.63595E-2 1.63595E-2 1.62086E-2 1.53277E-2 1.53277E-2 1.53277E-2 1.49009E-2 1.49009E-2
