KUENM/Final_Models/M_0.1_F_lq_Set_2_EC/sp1_6.asc
ncols         197
nrows         210
xllcorner     56.1666666666667
yllcorner     4.5
cellsize      0.166666666666667
NODATA_value  -9999
[rows 84 to 111 of 210, columns 65 to 129 of 197]
7.75821E-2 8.1797E-2 9.12465E-2 9.04348E-2 8.66954E-2 8.13839E-2 7.86057E-2 7.472E-2 7.32504E-2 7.82213E-2 8.76239E-2 1.02612E-1 1.13489E-1 1.1156E-1 9.81156E-2 8.36217E-2 8.41512E-2 9.68648E-2 1.12204E-1 1.26163E-1 1.36563E-1 1.38091E-1 1.45882E-1 1.55563E-1 1.54887E-1 1.87031E-1 2.11834E-1 2.22222E-1 2.26732E-1 2.28724E-1 2.60043E-1 3.43199E-1 3.99718E-1 4.30784E-1 4.72476E-1 5.42672E-1 5.84552E-1 6.0765E-1 6.20808E-1 6.25789E-1 5.75544E-1 5.36972E-1 5.3971E-1 5.57694E-1 5.88098E-1 6.13649E-1 6.26424E-1 6.17447E-1 6.18606E-1 5.99459E-1 5.56599E-1 5.71284E-1 5.95026E-1 5.92975E-1 6.09165E-1 6.22154E-1 6.11022E-1 5.61718E-1 4.99994E-1 4.17201E-1 3.57249E-1 4.60718E-1 3.78024E-1 3.32523E-1 3.44544E-1
8.34129E-2 9.27047E-2 9.69976E-2 9.63457E-2 9.7096E-2 9.18993E-2 8.50858E-2 8.53675E-2 8.47038E-2 8.7877E-2 1.00804E-1 1.11782E-1 1.22404E-1 1.2616E-1 1.1156E-1 9.9349E-2 9.75116E-2 1.12204E-1 1.35046E-1 1.62214E-1 1.72474E-1 1.74216E-1 1.81274E-1 1.84166E-1 1.88856E-1 2.09207E-1 2.33508E-1 2.48967E-1 2.59286E-1 2.71812E-1 2.96558E-1 3.35419E-1 3.9406E-1 4.68889E-1 5.30647E-1 5.91711E-1 6.18364E-1 6.23795E-1 6.32559E-1 6.04482E-1 5.38276E-1 5.69257E-1 5.78083E-1 5.93183E-1 6.1263E-1 6.2335E-1 6.16984E-1 5.97854E-1 5.83987E-1 5.36923E-1 5.0587E-1 5.71437E-1 5.99023E-1 5.61017E-1 5.69768E-1 5.7246E-1 5.48143E-1 5.36196E-1 5.04549E-1 4.336E-1 3.46041E-1 4.40716E-1 3.52165E-1 3.06184E-1 3.05975E-1
9.48998E-2 9.87083E-2 1.03647E-1 1.04867E-1 1.03004E-1 9.93143E-2 9.67341E-2 9.31406E-2 9.58597E-2 9.95518E-2 1.09518E-1 1.1539E-1 1.23269E-1 1.29094E-1 1.22644E-1 1.14991E-1 1.25526E-1 1.38091E-1 1.67302E-1 1.99515E-1 2.08932E-1 2.10838E-1 2.15916E-1 2.2402E-1 2.35913E-1 2.51788E-1 2.71187E-1 2.84466E-1 3.0362E-1 3.28622E-1 3.53414E-1 3.8374E-1 4.46552E-1 5.19043E-1 5.89778E-1 6.32429E-1 6.39096E-1 6.33615E-1 5.72406E-1 4.5738E-1 5.42393E-1 5.8313E-1 5.97912E-1 6.08533E-1 6.06334E-1 6.09411E-1 6.02029E-1 5.71501E-1 5.51528E-1 4.69773E-1 4.13887E-1 4.22517E-1 5.05916E-1 5.67701E-1 5.53871E-1 5.17701E-1 4.68729E-1 4.73007E-1 4.66058E-1 3.89884E-1 3.04037E-1 3.38125E-1 3.15025E-1 2.73087E-1 2.52561E-1
9.97044E-2 1.07044E-1 1.05764E-1 1.09635E-1 1.05371E-1 1.06324E-1 1.05528E-1 1.06026E-1 1.09107E-1 1.13135E-1 1.2098E-1 1.22404E-1 1.27622E-1 1.30577E-1 1.32906E-1 1.36716E-1 1.50006E-1 1.65596E-1 1.9212E-1 2.2047E-1 2.3821E-1 2.43571E-1 2.60325E-1 2.69743E-1 2.8222E-1 2.98688E-1 3.1646E-1 3.44309E-1 3.67723E-1 3.95399E-1 4.39977E-1 4.67084E-1 5.49002E-1 5.88416E-1 6.35734E-1 6.23504E-1 6.25916E-1 5.83839E-1 4.62687E-1 5.10553E-1 5.54699E-1 5.71275E-1 6.01839E-1 6.10282E-1 5.99432E-1 5.80746E-1 5.41703E-1 5.22501E-1 5.23534E-1 4.90469E-1 4.29399E-1 3.95664E-1 4.18323E-1 5.03021E-1 5.50619E-1 4.71221E-1 4.19168E-1 4.06947E-1 3.9371E-1 3.13004E-1 2.25108E-1 1.7903E-1 2.00598E-1 2.14899E-1 2.10193E-1
8.75747E-2 9.90047E-2 1.03647E-1 1.0581E-1 1.08225E-1 1.17039E-1 1.17016E-1 1.19013E-1 1.21839E-1 1.24709E-1 1.32071E-1 1.27622E-1 1.31408E-1 1.35934E-1 1.46067E-1 1.5819E-1 1.71787E-1 1.9143E-1 2.10153E-1 2.37548E-1 2.61168E-1 2.75675E-1 2.9495E-1 3.16206E-1 3.30763E-1 3.5285E-1 3.7827E-1 4.15456E-1 4.44394E-1 4.80302E-1 5.31495E-1 5.65215E-1 6.2078E-1 6.27066E-1 5.93799E-1 5.66323E-1 5.2912E-1 4.43869E-1 3.37237E-1 4.69175E-1 5.62755E-1 5.90487E-1 6.07741E-1 6.10104E-1 5.88222E-1 5.52485E-1 4.97147E-1 4.576E-1 4.55289E-1 4.30158E-1 4.01973E-1 3.94716E-1 4.03867E-1 4.88574E-1 4.56346E-1 4.21087E-1 3.87254E-1 3.8126E-1 3.44234E-1 2.67331E-1 1.7581E-1 8.95833E-2 1.00642E-1 1.74051E-1 1.97827E-1
-9999 9.65795E-2 1.03647E-1 1.09711E-1 1.15471E-1 1.21864E-1 1.25526E-1 1.29209E-1 1.34415E-1 1.37463E-1 1.40553E-1 1.29921E-1 1.37463E-1 1.48459E-1 1.64155E-1 1.78038E-1 1.9143E-1 2.08247E-1 2.34788E-1 2.55009E-1 2.81125E-1 2.98167E-1 3.26881E-1 3.47028E-1 3.7406E-1 4.13429E-1 4.49032E-1 4.88767E-1 5.17078E-1 5.54735E-1 5.88134E-1 6.16809E-1 6.29568E-1 6.42821E-1 7.68989E-2 5.44356E-1 4.23739E-1 3.62414E-1 3.89772E-1 4.16873E-1 5.58229E-1 5.96119E-1 6.0026E-1 5.64274E-1 5.29962E-1 4.85132E-1 4.65597E-1 4.32907E-1 3.80649E-1 3.50139E-1 3.61133E-1 4.09521E-1 4.06215E-1 4.49928E-1 3.67936E-1 2.98652E-1 3.40139E-1 3.45697E-1 3.17083E-1 2.30059E-1 1.50402E-1 7.26213E-2 9.29299E-2 1.7077E-1 2.16713E-1
-9999 1.01472E-1 1.09125E-1 1.12757E-1 1.24375E-1 1.31141E-1 1.38091E-1 1.43639E-1 1.50006E-1 1.55785E-1 1.55785E-1 1.54141E-1 1.59104E-1 1.71022E-1 1.816E-1 1.94337E-1 2.07471E-1 2.19019E-1 2.3994E-1 2.67662E-1 2.93927E-1 3.29016E-1 3.76652E-1 3.99519E-1 4.30698E-1 4.64183E-1 5.0672E-1 5.48475E-1 5.71663E-1 6.00095E-1 6.2539E-1 6.41467E-1 6.47033E-1 6.24115E-1 5.41453E-1 2.63489E-1 4.15125E-1 3.11914E-1 3.8236E-1 3.81825E-1 5.88416E-1 6.26424E-1 6.15994E-1 5.34763E-1 4.67411E-1 4.0612E-1 3.55925E-1 3.51797E-1 3.58669E-1 3.81466E-1 4.20184E-1 4.4735E-1 4.57792E-1 4.35471E-1 3.20586E-1 2.66405E-1 2.92875E-1 3.59642E-1 2.68425E-1 1.80554E-1 1.60186E-1 1.28331E-1 1.47844E-1 2.02365E-1 2.25108E-1
-9999 1.05534E-1 1.14437E-1 1.20975E-1 1.29174E-1 1.3616E-1 1.4648E-1 1.58869E-1 1.75967E-1 1.89601E-1 1.93267E-1 1.9805E-1 2.01795E-1 2.05572E-1 2.09378E-1 2.1621E-1 2.2402E-1 2.38982E-1 2.53208E-1 2.79159E-1 3.14072E-1 3.56695E-1 4.05544E-1 4.27814E-1 4.68959E-1 5.076E-1 5.49388E-1 5.81316E-1 5.94044E-1 6.14443E-1 6.38222E-1 6.54743E-1 6.50812E-1 5.67096E-1 3.4809E-1 3.36082E-1 4.29058E-1 2.86599E-1 2.6346E-1 4.28382E-1 6.1406E-1 6.39521E-1 6.3389E-1 5.51026E-1 5.07893E-1 4.15785E-1 3.342E-1 3.04613E-1 3.4012E-1 3.78864E-1 4.29399E-1 4.45961E-1 4.57792E-1 4.0052E-1 3.15034E-1 2.76537E-1 2.97229E-1 2.95297E-1 2.22395E-1 1.58743E-1 1.8243E-1 2.11714E-1 2.28815E-1 2.44491E-1 2.3832E-1
-9999 -9999 1.20194E-1 1.29904E-1 1.37016E-1 1.49062E-1 1.63353E-1 1.83669E-1 2.0763E-1 2.30266E-1 2.5371E-1 2.61904E-1 2.59849E-1 2.52964E-1 2.52964E-1 2.5416E-1 2.48036E-1 2.51161E-1 2.65585E-1 2.89696E-1 3.29016E-1 3.75671E-1 4.15813E-1 4.59653E-1 4.99164E-1 5.40664E-1 5.78575E-1 6.13258E-1 6.20297E-1 6.2653E-1 6.45678E-1 6.55767E-1 6.54544E-1 6.13319E-1 4.73918E-1 4.33481E-1 4.25443E-1 2.85587E-1 4.31187E-1 5.8726E-1 6.33849E-1 6.43779E-1 6.49201E-1 6.19706E-1 6.06282E-1 4.82022E-1 3.04613E-1 2.90791E-1 3.36124E-1 3.69796E-1 4.2435E-1 4.72966E-1 4.40723E-1 3.58209E-1 3.19132E-1 3.15806E-1 3.26381E-1 3.09852E-1 1.90469E-1 1.58251E-1 1.986E-1 2.80727E-1 3.15025E-1 2.75815E-1 2.20994E-1
-9999 -9999 1.30175E-1 1.41933E-1 1.5298E-1 1.69273E-1 1.84637E-1 2.11931E-1 2.44778E-1 2.83717E-1 3.18937E-1 3.31106E-1 3.18427E-1 3.02983E-1 2.88232E-1 2.81125E-1 2.7639E-1 2.56391E-1 2.63512E-1 3.09794E-1 3.5349E-1 4.0056E-1 4.52745E-1 4.89598E-1 5.32227E-1 5.6495E-1 5.98293E-1 6.24634E-1 6.377E-1 6.42722E-1 6.55925E-1 6.5447E-1 6.54743E-1 6.45925E-1 5.6155E-1 4.33778E-1 3.73966E-1 3.7111E-1 4.45961E-1 5.80915E-1 6.46835E-1 6.37097E-1 6.53803E-1 6.53734E-1 5.97043E-1 4.49218E-1 3.09006E-1 2.93949E-1 3.29695E-1 3.6649E-1 4.20678E-1 4.42336E-1 3.38123E-1 2.93972E-1 3.16507E-1 3.32327E-1 3.17873E-1 2.87045E-1 1.94113E-1 1.52002E-1 1.84243E-1 2.8541E-1 3.21764E-1 2.51558E-1 1.18218E-1
-9999 -9999 -9999 1.53226E-1 1.62824E-1 1.86785E-1 2.14245E-1 2.41581E-1 2.758E-1 3.34256E-1 3.81887E-1 3.9392E-1 3.77533E-1 3.50076E-1 3.07211E-1 2.63229E-1 2.26853E-1 2.18153E-1 2.5526E-1 3.15182E-1 3.64057E-1 4.24797E-1 4.76108E-1 5.13274E-1 5.51312E-1 5.80111E-1 6.00238E-1 6.13258E-1 6.2381E-1 6.44471E-1 6.61144E-1 6.60979E-1 6.61254E-1 6.52542E-1 6.05583E-1 4.79887E-1 3.98544E-1 4.53957E-1 4.71294E-1 5.07543E-1 6.17109E-1 6.52975E-1 6.54702E-1 6.10886E-1 4.69097E-1 4.16162E-1 2.84741E-1 2.80945E-1 3.49414E-1 3.98168E-1 3.91079E-1 3.905E-1 3.37175E-1 3.18999E-1 3.27107E-1 3.07251E-1 2.72636E-1 2.15348E-1 1.66582E-1 1.2333E-1 1.21045E-1 2.20535E-1 2.75129E-1 1.74914E-1 5.78078E-2
-9999 -9999 -9999 -9999 -9999 -9999 -9999 2.68046E-1 3.13473E-1 3.65311E-1 4.00622E-1 4.24862E-1 4.26899E-1 4.07997E-1 3.3744E-1 2.32795E-1 1.50071E-1 1.84342E-1 2.63512E-1 3.37443E-1 4.10959E-1 4.72169E-1 5.16328E-1 5.46257E-1 5.68863E-1 5.90384E-1 6.0839E-1 6.1956E-1 6.28623E-1 6.47653E-1 6.61748E-1 6.64411E-1 6.59792E-1 6.47732E-1 6.21856E-1 5.61404E-1 4.85086E-1 4.85086E-1 4.99919E-1 5.44504E-1 6.16993E-1 6.43767E-1 6.32178E-1 5.08708E-1 2.56877E-1 2.62421E-1 2.22428E-1 2.31707E-1 3.44872E-1 3.65877E-1 3.44872E-1 3.46101E-1 3.22993E-1 3.38123E-1 2.98838E-1 2.36417E-1 1.96789E-1 1.72043E-1 1.30731E-1 7.56896E-2 7.28498E-2 1.36672E-1 2.08044E-1 9.30719E-2 2.19587E-2
-9999 -9999 -9999 -9999 -9999 -9999 -9999 -9999 3.40605E-1 3.75516E-1 4.13397E-1 4.41356E-1 4.64681E-1 4.61283E-1 4.03893E-1 3.00428E-1 2.3955E-1 2.61904E-1 3.19167E-1 3.94727E-1 4.67084E-1 5.17071E-1 5.43514E-1 5.6259E-1 5.82511E-1 6.01288E-1 6.17785E-1 6.30255E-1 6.41247E-1 6.54833E-1 6.64784E-1 6.59473E-1 6.39964E-1 6.28524E-1 6.2717E-1 6.08723E-1 5.5634E-1 5.39411E-1 5.40587E-1 5.42012E-1 5.64859E-1 6.03946E-1 6.11782E-1 4.92056E-1 2.70576E-1 2.44442E-1 1.91279E-1 1.94867E-1 2.53505E-1 2.83066E-1 3.09006E-1 3.22993E-1 3.11831E-1 3.11831E-1 2.39959E-1 1.47453E-1 1.21004E-1 1.22396E-1 9.41435E-2 3.89517E-2 2.38517E-2 4.03213E-2 6.37843E-2 3.35756E-2 1.22543E-2
-9999 -9999 -9999 -9999 -9999 -9999 -9999 -9999 -9999 3.89656E-1 4.17283E-1 4.45041E-1 4.76007E-1 4.75858E-1 4.42938E-1 4.02581E-1 3.95655E-1 3.899E-1 3.9997E-1 4.48443E-1 4.91254E-1 5.25612E-1 5.51899E-1 5.76444E-1 5.98293E-1 6.12253E-1 6.29483E-1 6.40179E-1 6.45124E-1 6.57212E-1 6.66085E-1 6.50382E-1 6.10602E-1 5.88725E-1 6.19383E-1 6.02362E-1 5.42419E-1 5.15115E-1 5.365E-1 5.29049E-1 4.68603E-1 4.29294E-1 4.91618E-1 4.26231E-1 1.9629E-1 1.87716E-1 2.36593E-1 2.28452E-1 2.2345E-1 2.4787E-1 3.15806E-1 3.25732E-1 3.14493E-1 2.73098E-1 1.75287E-1 8.6272E-2 7.99537E-2 9.08247E-2 6.72859E-2 1.8624E-2 3.18016E-3 8.01454E-3 1.50164E-2 1.32498E-2 7.24865E-3
-9999 -9999 -9999 -9999 -9999 -9999 -9999 -9999 -9999 4.01613E-1 4.2307E-1 4.46874E-1 4.69162E-1 4.75412E-1 4.68667E-1 4.53054E-1 4.45181E-1 4.30704E-1 4.31573E-1 4.63061E-1 5.00004E-1 5.37692E-1 5.7549E-1 5.99392E-1 6.15016E-1 6.23645E-1 6.36657E-1 6.39976E-1 6.27053E-1 6.56889E-1 6.632E-1 6.42629E-1 6.17904E-1 5.75709E-1 5.79372E-1 5.5636E-1 4.95093E-1 4.54218E-1 4.70423E-1 4.36566E-1 3.49357E-1 3.23157E-1 3.59765E-1 3.32662E-1 2.44298E-1 2.58356E-1 2.70186E-1 2.69813E-1 2.68737E-1 2.80945E-1 3.47903E-1 3.38125E-1 2.62218E-1 1.74684E-1 8.6871E-2 4.3449E-2 5.24545E-2 7.79255E-2 7.29786E-2 2.73541E-2 5.37736E-3 3.92631E-3 5.78844E-3 5.51984E-3 2.38369E-3
-9999 -9999 -9999 -9999 -9999 -9999 -9999 -9999 -9999 -9999 -9999 4.49348E-1 4.61992E-1 4.71785E-1 4.72546E-1 4.67303E-1 4.60769E-1 4.50461E-1 4.52417E-1 4.79509E-1 5.16328E-1 5.57449E-1 6.03123E-1 6.25297E-1 6.34044E-1 6.34044E-1 6.36043E-1 6.35265E-1 6.3142E-1 6.58297E-1 6.58498E-1 6.02724E-1 6.08723E-1 5.94226E-1 5.20651E-1 4.81909E-1 5.06496E-1 4.75355E-1 4.41735E-1 3.8008E-1 3.03486E-1 3.16817E-1 3.67845E-1 4.34933E-1 4.46605E-1 4.33047E-1 3.4499E-1 2.79094E-1 2.81079E-1 2.91465E-1 3.53999E-1 3.30978E-1 2.18531E-1 1.27436E-1 5.92372E-2 3.74056E-2 4.21809E-2 5.62417E-2 6.20247E-2 3.91416E-2 1.77968E-2 9.03288E-3 5.51984E-3 2.15936E-3 1.12589E-3
-9999 -9999 -9999 -9999 -9999 -9999 -9999 -9999 -9999 -9999 -9999 -9999 -9999 4.70806E-1 4.73168E-1 4.74908E-1 4.80601E-1 -9999 -9999 5.2212E-1 5.36151E-1 5.65238E-1 6.20071E-1 6.42527E-1 6.43211E-1 6.39958E-1 6.33887E-1 6.2236E-1 6.3791E-1 6.62691E-1 6.56179E-1 5.78867E-1 6.01693E-1 5.66575E-1 4.26301E-1 3.59317E-1 4.90704E-1 5.02676E-1 4.24112E-1 3.1755E-1 2.01141E-1 2.09385E-1 3.36737E-1 4.64365E-1 4.96166E-1 4.97759E-1 3.77592E-1 2.96711E-1 2.71919E-1 2.6677E-1 2.99806E-1 2.84982E-1 1.86451E-1 1.15588E-1 7.31653E-2 4.45305E-2 4.67306E-2 7.01248E-2 9.63693E-2 7.51095E-2 4.36314E-2 2.91129E-2 1.50852E-2 5.96127E-3 3.24822E-3
-9999 -9999 -9999 -9999 -9999 -9999 -9999 -9999 -9999 -9999 -9999 -9999 -9999 4.726E-1 4.76007E-1 -9999 -9999 5.65293E-1 5.72301E-1 5.80179E-1 5.87666E-1 5.79136E-1 6.37807E-1 6.5422E-1 6.53082E-1 6.47638E-1 6.3664E-1 6.28469E-1 6.43952E-1 6.62835E-1 6.62747E-1 6.45572E-1 6.31838E-1 5.63943E-1 4.13252E-1 3.48708E-1 4.53195E-1 4.50575E-1 3.51875E-1 2.06104E-1 9.71541E-2 1.04397E-1 2.15348E-1 3.40123E-1 4.28823E-1 4.55735E-1 4.09948E-1 3.36164E-1 2.8616E-1 2.55853E-1 2.28327E-1 2.01958E-1 1.46249E-1 1.12439E-1 1.40322E-1 1.39798E-1 1.19667E-1 1.36196E-1 1.06116E-1 7.28164E-2 4.09426E-2 2.26387E-2 1.06334E-2 5.97345E-3 2.78114E-3
-9999 -9999 -9999 -9999 -9999 -9999 -9999 -9999 -9999 -9999 -9999 4.51282E-1 4.53054E-1 4.64681E-1 5.31729E-1 5.5414E-1 5.88381E-1 5.97618E-1 6.0022E-1 6.04281E-1 6.07819E-1 6.2874E-1 6.56533E-1 6.54664E-1 6.5155E-1 6.48932E-1 6.42489E-1 6.38222E-1 6.44401E-1 6.62633E-1 6.6634E-1 6.63623E-1 6.49677E-1 5.9748E-1 4.88263E-1 4.29232E-1 3.97861E-1 3.53994E-1 2.16606E-1 8.05487E-2 3.84464E-2 5.07653E-2 1.27325E-1 2.91165E-1 4.23E-1 4.89064E-1 5.16851E-1 5.01977E-1 4.73007E-1 3.9749E-1 2.60285E-1 1.92739E-1 1.35424E-1 2.87429E-1 3.68E-1 3.38731E-1 2.53774E-1 1.52657E-1 9.4067E-2 4.7266E-2 2.42002E-2 1.00623E-2 4.62627E-3 2.91325E-3 3.82289E-3
-9999 -9999 -9999 -9999 -9999 -9999 -9999 -9999 -9999 -9999 -9999 4.66962E-1 4.69039E-1 4.82032E-1 5.11701E-1 5.77923E-1 6.16754E-1 6.31531E-1 6.27607E-1 6.19044E-1 6.18765E-1 6.45949E-1 6.4917E-1 6.43066E-1 6.43343E-1 6.44426E-1 6.46426E-1 6.48128E-1 6.54129E-1 6.59908E-1 6.62923E-1 6.65506E-1 6.60219E-1 6.24043E-1 5.35028E-1 3.89681E-1 1.72842E-1 1.65902E-1 1.15255E-1 4.43883E-2 3.14944E-2 3.65489E-2 1.00272E-1 2.66491E-1 4.3568E-1 5.28898E-1 5.82847E-1 5.8896E-1 5.69854E-1 5.82232E-1 5.31492E-1 4.83468E-1 4.74608E-1 4.85178E-1 4.56384E-1 4.03868E-1 3.02591E-1 1.83487E-1 7.3926E-2 1.592E-2 5.68363E-3 2.84165E-3 2.60575E-3 3.73826E-3 6.64049E-3
-9999 -9999 -9999 -9999 -9999 -9999 -9999 -9999 -9999 -9999 -9999 -9999 4.93432E-1 5.07189E-1 5.33961E-1 5.9928E-1 6.27607E-1 6.27582E-1 6.24275E-1 6.28625E-1 6.32224E-1 6.43307E-1 6.45443E-1 6.43661E-1 6.44736E-1 6.41052E-1 6.43172E-1 6.50794E-1 6.56353E-1 6.54814E-1 6.56994E-1 6.62923E-1 6.66236E-1 6.27308E-1 5.4686E-1 4.17189E-1 1.72217E-1 1.03647E-1 7.80531E-2 5.42502E-2 5.64661E-2 6.08822E-2 1.35009E-1 2.71823E-1 4.86928E-1 5.68557E-1 6.2255E-1 6.38703E-1 6.31943E-1 6.2391E-1 5.80286E-1 5.38071E-1 5.08661E-1 4.58387E-1 4.25787E-1 3.83437E-1 2.63542E-1 1.60255E-1 4.86752E-2 3.69494E-3 5.25969E-4 5.25126E-4 1.54595E-3 4.21904E-3 1.45633E-2
-9999 -9999 -9999 -9999 -9999 -9999 -9999 -9999 -9999 -9999 -9999 -9999 -9999 5.50458E-1 5.87447E-1 6.26025E-1 6.27491E-1 6.2696E-1 6.30273E-1 6.36367E-1 6.39356E-1 6.44426E-1 6.47115E-1 6.47186E-1 6.44682E-1 6.37804E-1 6.40648E-1 6.46032E-1 6.4762E-1 6.5106E-1 6.58366E-1 6.6357E-1 -9999 6.36986E-1 5.46196E-1 4.57769E-1 2.33675E-1 9.88863E-2 5.68321E-2 5.42502E-2 6.01526E-2 7.18376E-2 1.80379E-1 3.69596E-1 3.87946E-1 4.50144E-1 6.20607E-1 6.27529E-1 6.37322E-1 6.29112E-1 5.97043E-1 5.70493E-1 5.32066E-1 4.22315E-1 3.32662E-1 2.84576E-1 2.08081E-1 1.09252E-1 2.04384E-2 1.19232E-3 1.56032E-4 2.93761E-4 2.77039E-3 1.9446E-2 2.90332E-2
-9999 -9999 -9999 -9999 -9999 -9999 -9999 -9999 -9999 -9999 -9999 -9999 -9999 -9999 6.22478E-1 6.36782E-1 6.07394E-1 6.15556E-1 6.16092E-1 6.29517E-1 6.34622E-1 6.40508E-1 6.44512E-1 6.43963E-1 6.38152E-1 6.40446E-1 6.46523E-1 6.45833E-1 6.48533E-1 6.5692E-1 6.61806E-1 6.64347E-1 -9999 6.37672E-1 5.62262E-1 4.46808E-1 2.40121E-1 5.58494E-2 9.9916E-3 7.36942E-3 1.30429E-2 3.51899E-2 1.04992E-1 3.27259E-1 5.06458E-1 5.78214E-1 5.88362E-1 5.88362E-1 5.9691E-1 5.77914E-1 5.45067E-1 5.80443E-1 5.21451E-1 4.39651E-1 3.22341E-1 2.68348E-1 2.13798E-1 8.44129E-2 1.00599E-2 5.99586E-4 4.11641E-4 7.45364E-4 4.31028E-3 4.2134E-2 9.29299E-2
-9999 -9999 -9999 -9999 -9999 -9999 -9999 -9999 -9999 -9999 -9999 -9999 -9999 -9999 -9999 6.37096E-1 6.22452E-1 6.11073E-1 6.04635E-1 5.80173E-1 5.30562E-1 5.61383E-1 6.27316E-1 6.36168E-1 6.3589E-1 6.45235E-1 6.50445E-1 6.49681E-1 6.53141E-1 6.5515E-1 6.48427E-1 6.55205E-1 6.52053E-1 6.10569E-1 5.08786E-1 3.68841E-1 1.13474E-1 1.23234E-2 1.53549E-3 1.23443E-3 6.14507E-3 5.84194E-2 2.83734E-1 5.42276E-1 6.33045E-1 6.52401E-1 6.42391E-1 5.97854E-1 5.68962E-1 5.14938E-1 4.32318E-1 4.68028E-1 3.74258E-1 3.11005E-1 2.56847E-1 2.58469E-1 2.04814E-1 9.4067E-2 2.2072E-2 3.69494E-3 6.80205E-4 3.56678E-5 3.47923E-5 2.50034E-3 7.0059E-2
-9999 -9999 -9999 -9999 -9999 -9999 -9999 -9999 -9999 -9999 -9999 -9999 -9999 -9999 -9999 -9999 6.12412E-1 5.9751E-1 5.7299E-1 5.23617E-1 4.3796E-1 5.12739E-1 6.1714E-1 6.26652E-1 6.23872E-1 6.384E-1 6.47851E-1 6.51272E-1 6.47888E-1 6.50822E-1 6.44249E-1 6.41749E-1 -9999 4.98648E-1 4.0819E-1 1.53511E-1 1.10826E-2 3.60233E-4 5.03447E-5 1.03082E-4 3.03278E-3 6.04211E-2 3.70867E-1 6.22304E-1 6.60257E-1 6.66261E-1 6.61413E-1 6.35506E-1 6.03791E-1 5.63174E-1 5.07575E-1 3.5974E-1 2.3328E-1 3.30969E-1 3.0769E-1 3.7205E-1 3.45813E-1 2.41278E-1 9.71541E-2 1.2722E-2 7.40972E-4 7.00169E-6 6.78763E-5 1.97739E-2 2.14095E-1
-9999 -9999 -9999 -9999 -9999 -9999 -9999 -9999 -9999 -9999 -9999 -9999 -9999 -9999 -9999 -9999 -9999 5.7419E-1 5.47078E-1 5.02892E-1 5.00636E-1 5.46156E-1 5.89176E-1 5.95773E-1 6.051E-1 6.1811E-1 6.34805E-1 6.38546E-1 6.37837E-1 6.33242E-1 6.18649E-1 -9999 -9999 2.26419E-1 8.8022E-2 3.94066E-3 1.45587E-4 3.78441E-6 5.98526E-7 6.74324E-6 6.49187E-4 3.05213E-2 4.11911E-1 6.26529E-1 6.52195E-1 6.58436E-1 6.65272E-1 6.40766E-1 6.19383E-1 5.80615E-1 5.50697E-1 5.19859E-1 5.22223E-1 5.32963E-1 5.53692E-1 5.37875E-1 4.60227E-1 1.96779E-1 9.42363E-2 2.43202E-2 8.26525E-3 3.97866E-2 3.42922E-1 4.79977E-1 4.83361E-1
-9999 -9999 -9999 -9999 -9999 -9999 -9999 -9999 -9999 -9999 -9999 -9999 -9999 -9999 -9999 -9999 -9999 -9999 5.4333E-1 5.53562E-1 5.78064E-1 5.90377E-1 5.90314E-1 6.12138E-1 6.11265E-1 6.17149E-1 6.38446E-1 6.5155E-1 6.4514E-1 6.21603E-1 5.96801E-1 -9999 -9999 4.73988E-2 3.52343E-3 5.12272E-5 2.7138E-6 9.32383E-8 2.62257E-9 4.17656E-8 4.5889E-5 3.66965E-2 4.99835E-1 6.17212E-1 6.25789E-1 6.46591E-1 6.60452E-1 6.56363E-1 6.45729E-1 6.10652E-1 5.7447E-1 5.73221E-1 6.02724E-1 6.0674E-1 6.30111E-1 5.83376E-1 4.9228E-1 5.2736E-1 5.64384E-1 5.6174E-1 5.6568E-1 5.89847E-1 5.86453E-1 5.60408E-1 5.32082E-1
-9999 -9999 -9999 -9999 -9999 -9999 -9999 -9999 -9999 -9999 -9999 -9999 -9999 -9999 -9999 -9999 -9999 -9999 -9999 5.79198E-1 6.23568E-1 6.16984E-1 6.05178E-1 6.26869E-1 6.39293E-1 6.40446E-1 6.47161E-1 6.53244E-1 -9999 -9999 -9999 -9999 -9999 -9999 9.79537E-5 1.05548E-7 2.70548E-10 3.00417E-11 9.77706E-13 4.64319E-11 2.12039E-6 5.98968E-2 5.53983E-1 6.07456E-1 6.06651E-1 6.38033E-1 6.58916E-1 6.5351E-1 6.34205E-1 6.0336E-1 5.5636E-1 5.19736E-1 5.46597E-1 5.75782E-1 6.17904E-1 6.36986E-1 6.32695E-1 6.40333E-1 6.512E-1 6.36986E-1 6.28103E-1 6.2889E-1 5.9532E-1 5.58569E-1 4.92981E-1
