KUENM/Final_Models/M_0.1_F_lq_Set_2_EC/sp1_4.asc
ncols         197
nrows         210
xllcorner     56.1666666666667
yllcorner     4.5
cellsize      0.166666666666667
NODATA_value  -9999
[rows 84 to 111 of 210, columns 130 to 194 of 197]
3.34623E-1 3.50976E-1 2.90036E-1 2.44368E-1 2.55659E-1 3.51515E-1 3.83963E-1 4.29448E-1 3.36305E-1 3.15002E-1 3.49521E-1 4.26796E-1 5.23638E-1 4.76842E-1 3.11515E-1 2.15561E-1 3.14122E-1 3.88298E-1 4.03438E-1 3.47595E-1 3.26347E-1 3.12625E-1 2.62704E-1 2.01196E-1 1.71805E-1 1.98319E-1 2.19303E-1 2.08169E-1 1.92625E-1 1.59368E-1 1.22013E-1 1.02422E-1 1.01247E-1 1.24223E-1 1.51881E-1 1.72409E-1 2.35825E-1 2.93721E-1 2.06584E-1 1.74046E-1 1.62758E-1 2.01275E-1 2.36774E-1 2.59485E-1 2.82705E-1 3.49556E-1 2.77518E-1 1.64771E-1 1.49357E-1 1.91922E-1 1.3148E-1 8.14362E-2 3.27353E-2 1.24325E-2 1.02957E-2 5.79963E-3 2.2489E-3 1.08836E-3 1.56937E-3 1.28215E-3 2.56164E-4 2.96826E-5 6.52218E-6 6.49255E-6 5.37872E-7
2.77582E-1 2.87166E-1 2.56137E-1 2.61244E-1 3.12938E-1 3.70779E-1 3.49085E-1 3.20772E-1 2.61541E-1 2.48764E-1 2.76652E-1 3.20156E-1 4.15227E-1 3.34362E-1 1.93603E-1 1.58045E-1 3.27374E-1 3.61283E-1 1.94529E-1 2.41318E-1 2.60215E-1 2.32731E-1 2.32731E-1 2.44368E-1 2.68832E-1 2.3147E-1 2.20601E-1 2.0751E-1 1.75262E-1 1.80182E-1 1.92813E-1 1.39079E-1 1.751E-1 2.02302E-1 1.90843E-1 1.72889E-1 2.05447E-1 2.6924E-1 2.44187E-1 1.84569E-1 1.63192E-1 2.07232E-1 2.65345E-1 2.84936E-1 3.02761E-1 3.13496E-1 2.37699E-1 1.44374E-1 1.8913E-1 3.21426E-1 1.88468E-1 7.07387E-2 1.8188E-2 6.99009E-3 2.16985E-2 1.68828E-2 3.57676E-3 5.66479E-4 1.75462E-3 2.03189E-3 6.59964E-4 9.41045E-5 1.82042E-5 1.16252E-5 1.01691E-6
2.09594E-1 2.14661E-1 2.21447E-1 2.11692E-1 2.3147E-1 2.44994E-1 2.30595E-1 1.93684E-1 1.32196E-1 8.33924E-2 1.14346E-1 2.01013E-1 2.57959E-1 1.7116E-1 1.03606E-1 1.35273E-1 2.40661E-1 2.39629E-1 1.86993E-1 2.34031E-1 2.21089E-1 1.88532E-1 1.86847E-1 2.60802E-1 3.66984E-1 3.39968E-1 2.50315E-1 2.03484E-1 1.60134E-1 1.20697E-1 9.00122E-2 1.47862E-1 2.40516E-1 2.70215E-1 1.96028E-1 2.19906E-1 2.10822E-1 1.90151E-1 1.79931E-1 1.61943E-1 1.78565E-1 2.33531E-1 2.46814E-1 2.37301E-1 2.99774E-1 3.5053E-1 2.16254E-1 1.52265E-1 1.71252E-1 1.94879E-1 1.14459E-1 6.13659E-2 3.91905E-2 2.31213E-2 4.02233E-2 3.28961E-2 9.0243E-3 1.99227E-3 1.65308E-3 1.77474E-3 9.45939E-4 3.06507E-4 6.83947E-5 2.10698E-5 2.65992E-6
1.69753E-1 1.64149E-1 1.36356E-1 9.72201E-2 1.11348E-1 1.28651E-1 1.37317E-1 1.40594E-1 9.22644E-2 5.68015E-2 5.52651E-2 1.18638E-1 1.77162E-1 7.46602E-2 3.27353E-2 6.50791E-2 1.13373E-1 1.288E-1 1.35453E-1 1.58168E-1 1.41874E-1 1.24816E-1 1.23802E-1 1.76587E-1 3.05347E-1 3.15002E-1 2.67197E-1 2.07673E-1 1.5943E-1 1.28432E-1 1.28432E-1 1.97718E-1 3.43805E-1 4.92468E-1 3.5713E-1 1.76744E-1 1.35973E-1 1.09229E-1 1.08192E-1 1.42203E-1 1.87058E-1 1.8878E-1 1.33499E-1 1.23773E-1 1.88428E-1 2.10822E-1 1.84569E-1 1.93142E-1 1.9777E-1 1.47862E-1 8.93558E-2 7.02799E-2 8.75936E-2 9.00358E-2 9.26094E-2 5.93025E-2 1.98067E-2 1.75462E-3 6.05161E-4 5.67944E-4 6.05046E-4 4.65995E-4 1.68507E-4 4.82847E-5 1.21203E-5
1.63994E-1 1.24488E-1 7.06387E-2 3.33821E-2 4.40009E-2 6.54578E-2 9.49289E-2 1.05576E-1 9.06111E-2 5.35118E-2 4.5805E-2 7.47339E-2 8.74738E-2 3.63566E-2 2.15843E-2 3.54303E-2 7.28996E-2 9.09021E-2 9.46257E-2 9.24702E-2 6.92634E-2 5.10384E-2 6.58685E-2 1.08929E-1 1.6043E-1 1.75714E-1 2.14417E-1 2.02788E-1 1.62686E-1 1.39556E-1 1.40918E-1 1.8407E-1 2.96372E-1 3.71873E-1 2.3714E-1 1.4612E-1 9.01709E-2 6.8811E-2 6.27994E-2 1.20973E-1 1.68368E-1 1.73274E-1 9.39696E-2 8.01775E-2 1.1556E-1 1.16855E-1 1.38127E-1 2.29646E-1 1.9707E-1 1.24111E-1 7.79272E-2 5.72445E-2 8.09264E-2 1.15633E-1 8.54061E-2 4.6949E-2 1.02169E-2 2.8619E-4 1.34408E-4 6.04014E-4 5.40581E-4 4.24605E-4 2.71217E-4 1.07296E-4 3.93543E-5
1.86137E-1 1.18085E-1 5.71548E-2 2.43525E-2 2.11738E-2 3.08725E-2 5.86765E-2 1.05857E-1 7.75431E-2 3.48378E-2 3.12391E-2 3.95793E-2 3.87114E-2 2.73012E-2 2.6558E-2 3.61135E-2 7.96171E-2 6.92634E-2 5.38737E-2 4.51724E-2 3.00908E-2 2.59665E-2 3.76376E-2 6.14041E-2 9.65265E-2 1.43567E-1 1.9924E-1 1.97582E-1 1.64149E-1 1.40713E-1 1.29763E-1 1.3817E-1 1.62349E-1 1.57383E-1 1.07263E-1 9.23088E-2 1.04683E-1 7.13386E-2 2.5785E-2 4.57761E-2 9.63136E-2 1.77847E-1 1.34547E-1 1.06763E-1 1.12502E-1 1.02814E-1 1.17369E-1 1.60944E-1 1.73943E-1 7.83431E-2 3.92797E-2 2.0893E-2 2.67047E-2 3.71057E-2 3.17976E-2 1.23065E-2 9.06397E-4 1.37988E-5 7.10761E-6 2.01385E-4 3.60514E-4 3.01125E-4 3.46244E-4 1.79359E-4 7.26022E-5
1.87753E-1 1.38716E-1 6.29783E-2 2.23495E-2 1.74355E-2 2.07652E-2 3.57327E-2 4.23825E-2 2.46074E-2 9.55437E-3 1.27985E-2 1.99877E-2 4.24648E-2 4.80591E-2 4.77148E-2 4.75817E-2 5.08721E-2 7.20167E-2 5.45422E-2 2.90277E-2 1.36955E-2 1.46817E-2 2.55783E-2 4.18771E-2 6.66995E-2 1.20854E-1 1.84585E-1 1.60769E-1 1.37884E-1 1.22348E-1 1.15258E-1 1.14856E-1 1.21203E-1 1.22498E-1 1.21203E-1 1.19566E-1 1.04683E-1 5.67195E-2 2.40612E-2 2.83536E-2 6.15735E-2 8.75936E-2 7.91666E-2 9.00358E-2 9.68157E-2 8.18114E-2 8.47662E-2 8.88232E-2 7.42965E-2 4.60748E-2 2.26464E-2 1.2255E-2 1.06062E-2 9.90411E-3 9.66803E-3 5.52924E-3 3.26805E-4 4.41058E-6 1.74643E-6 5.08098E-5 1.84955E-4 2.73531E-4 3.83596E-4 2.13773E-4 8.35175E-5
2.01013E-1 1.3136E-1 5.00037E-2 2.21052E-2 1.2255E-2 1.14056E-2 1.39933E-2 8.19914E-3 1.86189E-3 2.04322E-3 1.23324E-2 3.45286E-2 4.74099E-2 5.20012E-2 5.59867E-2 4.69387E-2 3.84862E-2 5.43458E-2 4.03687E-2 2.40711E-2 1.76365E-2 1.93158E-2 2.51951E-2 3.06974E-2 4.84322E-2 8.21694E-2 1.23603E-1 1.17136E-1 9.53698E-2 9.22535E-2 8.47662E-2 7.96171E-2 7.89231E-2 6.05361E-2 6.14236E-2 6.63006E-2 6.24851E-2 2.83552E-2 1.57663E-2 2.10991E-2 2.83552E-2 2.80918E-2 1.85198E-2 3.06974E-2 4.30471E-2 4.01878E-2 5.50617E-2 6.70241E-2 6.06338E-2 3.60564E-2 2.18915E-2 1.28832E-2 9.26583E-3 8.21976E-3 5.62216E-3 3.81524E-3 5.38863E-4 4.19113E-5 2.20348E-5 7.60453E-5 1.6228E-4 3.11563E-4 3.98862E-4 2.26341E-4 6.83024E-5
1.42538E-1 8.03915E-2 2.75116E-2 1.3649E-2 8.71702E-3 9.83522E-3 8.23902E-3 6.7893E-3 3.37963E-3 6.9605E-3 1.65453E-2 3.21016E-2 2.68997E-2 4.24626E-2 5.81982E-2 5.05777E-2 3.47096E-2 3.52573E-2 3.07927E-2 2.65402E-2 2.59665E-2 3.14829E-2 2.86069E-2 2.70425E-2 3.92575E-2 4.93914E-2 6.31394E-2 7.13507E-2 7.89315E-2 7.10133E-2 5.79116E-2 4.28724E-2 4.27586E-2 3.3584E-2 2.94628E-2 3.12477E-2 3.57327E-2 4.17924E-2 5.17567E-2 3.28605E-2 2.2301E-2 1.20757E-2 9.92852E-3 1.03197E-2 6.56224E-3 5.16276E-3 1.0492E-2 2.49664E-2 3.30547E-2 1.62801E-2 1.2837E-2 1.30537E-2 7.64174E-3 6.28637E-3 3.96083E-3 2.17027E-3 7.58541E-4 2.79826E-4 2.01645E-4 1.64807E-4 8.65042E-5 1.24083E-4 3.36404E-4 2.52149E-4 6.89606E-5
4.46195E-2 2.54989E-2 1.17752E-2 6.48069E-3 6.12198E-3 6.7893E-3 7.95641E-3 1.50087E-2 1.34245E-2 5.31127E-3 1.70063E-2 3.07927E-2 2.2803E-2 2.62534E-2 3.39512E-2 3.14302E-2 2.73622E-2 2.16235E-2 1.93898E-2 2.12915E-2 2.73622E-2 3.28229E-2 2.75445E-2 2.02038E-2 2.02902E-2 1.95809E-2 3.23301E-2 2.70688E-2 4.24331E-2 3.53403E-2 2.43654E-2 1.87046E-2 1.7478E-2 1.34864E-2 1.264E-2 1.22346E-2 1.83685E-2 4.12722E-2 5.45422E-2 2.08015E-2 1.28938E-2 8.87866E-3 1.00297E-2 1.10861E-2 4.06028E-3 2.55179E-3 4.36577E-3 1.21728E-2 1.42884E-2 5.81681E-3 4.26423E-3 7.38557E-3 6.87494E-3 5.31752E-3 2.78799E-3 1.73036E-3 1.14203E-3 8.82033E-4 8.09953E-4 5.36749E-4 1.41818E-4 1.20067E-4 2.4459E-4 2.03335E-4 7.72787E-5
1.8655E-2 1.04537E-2 5.60959E-3 3.50991E-3 3.71395E-3 4.21683E-3 6.66964E-3 1.63455E-2 1.43426E-2 4.01504E-3 2.13305E-2 1.90875E-2 1.08327E-2 8.82679E-3 1.2183E-2 1.1688E-2 9.55437E-3 7.60505E-3 6.71045E-3 1.2183E-2 2.28306E-2 2.2939E-2 2.06138E-2 1.49143E-2 1.1024E-2 1.01018E-2 1.12946E-2 8.75886E-3 9.30026E-3 1.34412E-2 1.04779E-2 8.19103E-3 6.47682E-3 5.16276E-3 6.09699E-3 5.72649E-3 8.63423E-3 1.11184E-2 7.45332E-3 8.7061E-3 1.12149E-2 8.02011E-3 8.85384E-3 8.55819E-3 7.25077E-3 8.58885E-3 9.0243E-3 6.97852E-3 8.07602E-3 7.11692E-3 1.39848E-2 8.79456E-3 7.74877E-3 6.44829E-3 1.85936E-3 1.74992E-3 1.92549E-3 1.41854E-3 1.88706E-3 2.00453E-3 5.81738E-4 3.33804E-4 3.26344E-4 2.28271E-4 9.30256E-5
9.59227E-3 5.20058E-3 2.95773E-3 2.07222E-3 1.93673E-3 2.99329E-3 5.69564E-3 6.48069E-3 7.18842E-3 8.74863E-3 1.14056E-2 7.45332E-3 6.75899E-3 5.65814E-3 4.52257E-3 2.88318E-3 2.46514E-3 1.81603E-3 2.51295E-3 7.65465E-3 2.0338E-2 2.1374E-2 1.48488E-2 9.18248E-3 5.61668E-3 3.40165E-3 3.05222E-3 2.68594E-3 2.23185E-3 3.77432E-3 3.04701E-3 2.47797E-3 1.96391E-3 1.58922E-3 1.65205E-3 2.16839E-3 1.74103E-3 1.1375E-3 5.89424E-4 7.28519E-4 3.34101E-3 5.6337E-3 3.6444E-3 2.02502E-3 1.75201E-3 1.31213E-3 1.21144E-3 8.33559E-4 1.37132E-3 3.87644E-3 6.95711E-3 1.03881E-2 1.27676E-2 1.15597E-2 4.98178E-3 3.66355E-3 4.98178E-3 1.30604E-3 8.76352E-4 9.95186E-4 8.39782E-4 6.62866E-4 5.81738E-4 3.33804E-4 1.39732E-4
6.73374E-3 4.23283E-3 2.55616E-3 2.14632E-3 1.67778E-3 2.6565E-3 4.39277E-3 5.69564E-3 7.98938E-3 9.57607E-3 6.65786E-3 4.79017E-3 3.80646E-3 2.4003E-3 1.58054E-3 8.26012E-4 5.61983E-4 4.07135E-4 1.5931E-3 6.95033E-3 2.06138E-2 2.57251E-2 1.44428E-2 7.31425E-3 4.55649E-3 3.38723E-3 1.77461E-3 1.27725E-3 1.00187E-3 1.40981E-3 1.23952E-3 9.72125E-4 6.86163E-4 5.28184E-4 4.76223E-4 7.0237E-4 6.04066E-4 7.55245E-4 4.58876E-4 5.03262E-4 2.45247E-3 4.17402E-3 1.02925E-3 3.67064E-4 2.99011E-4 1.18574E-4 2.70494E-4 8.69974E-4 1.42465E-3 1.81305E-3 2.42131E-3 3.54349E-3 9.06244E-3 1.61443E-2 8.74826E-3 5.44252E-3 3.23205E-2 3.26367E-3 1.06009E-3 9.53998E-4 8.39782E-4 1.0164E-3 1.27925E-3 7.22715E-4 3.11891E-4
5.31127E-3 3.08115E-3 3.73922E-3 9.13488E-3 7.92813E-3 6.38106E-3 6.9605E-3 6.63963E-3 7.55912E-3 1.02977E-2 1.22564E-2 7.47307E-3 1.49584E-3 8.31039E-4 3.68092E-4 1.48316E-4 9.40165E-5 1.23542E-4 3.38162E-4 2.05518E-3 8.24041E-3 1.77542E-2 1.049E-2 5.53086E-3 3.71154E-3 3.57695E-3 3.0509E-3 1.23952E-3 6.07534E-4 5.86394E-4 5.74067E-4 3.60151E-4 1.96311E-4 1.47936E-4 1.72915E-4 2.71844E-4 4.14484E-4 5.07879E-4 4.68934E-4 2.72418E-4 5.11839E-4 7.77078E-4 2.59183E-4 7.90803E-5 1.13281E-4 1.16562E-4 1.78237E-3 4.41404E-3 1.50071E-3 5.67944E-4 1.07783E-3 1.74034E-3 4.98178E-3 1.48575E-2 1.92684E-2 6.39099E-3 1.9901E-2 1.51074E-2 5.14761E-3 1.81233E-3 8.76352E-4 8.76352E-4 2.49555E-3 2.75355E-3 1.4781E-3
3.09324E-3 2.59568E-3 3.66157E-3 7.78274E-3 1.1433E-2 1.44663E-2 1.6234E-2 1.64004E-2 1.54356E-2 2.03517E-2 1.5355E-2 6.41005E-3 2.29633E-3 7.92332E-4 1.80512E-4 3.18411E-5 3.04774E-5 6.82721E-5 1.95883E-4 3.41649E-4 1.21344E-3 2.40634E-3 2.38562E-3 2.87218E-3 2.76502E-3 3.7353E-3 5.04431E-3 2.01433E-3 8.11094E-4 4.04339E-4 2.80069E-4 1.46928E-4 5.9932E-5 3.93175E-5 5.64908E-5 8.91127E-5 1.44536E-4 2.00336E-4 1.46648E-4 1.05038E-4 5.93336E-5 9.66485E-5 1.41117E-4 1.62003E-4 2.26266E-4 4.41167E-4 2.75441E-3 3.12219E-3 1.08258E-3 5.25094E-4 9.30283E-4 2.75355E-3 4.18657E-3 9.19071E-3 1.53104E-2 6.75012E-3 8.99207E-3 2.40885E-2 1.43196E-2 6.07886E-3 1.70535E-3 3.90704E-4 4.4662E-4 1.12892E-3 1.89633E-4
1.92954E-3 1.53736E-3 1.8758E-3 4.1717E-3 9.623E-3 1.87827E-2 2.30286E-2 2.51986E-2 2.65789E-2 2.55208E-2 1.76646E-2 7.13656E-3 3.04007E-3 6.07534E-4 1.04823E-4 2.58921E-5 3.26081E-5 5.92074E-5 1.92113E-4 5.69441E-4 1.05322E-3 7.37022E-4 1.53103E-4 2.7395E-4 7.44204E-4 3.01796E-3 8.01359E-3 3.3962E-3 1.07218E-3 3.33845E-4 1.42454E-4 6.68959E-5 3.09067E-5 1.4632E-5 1.30602E-5 1.58999E-5 2.58921E-5 5.20273E-5 4.02853E-5 1.37495E-5 6.36848E-6 1.8362E-5 1.02719E-4 3.11465E-4 3.28797E-4 4.31676E-4 7.03578E-4 5.20478E-4 4.42254E-4 4.4662E-4 7.58541E-4 1.94487E-3 2.39875E-3 4.51525E-3 5.28493E-3 3.68996E-3 5.28493E-3 1.06637E-2 1.20863E-2 1.12833E-2 2.03311E-3 1.45214E-4 7.04833E-5 2.3708E-4 1.67824E-5
2.11529E-3 8.91727E-4 6.93329E-4 1.92558E-3 4.68843E-3 8.59773E-3 1.05422E-2 1.76365E-2 1.80824E-2 2.75445E-2 2.25616E-2 9.98273E-3 2.91298E-3 5.61983E-4 1.23392E-4 4.37444E-5 4.50222E-5 7.95338E-5 1.79643E-4 4.7792E-4 7.73223E-4 1.18572E-3 3.47942E-4 8.83994E-5 2.34204E-4 1.5509E-3 5.17086E-3 2.49614E-3 7.65798E-4 2.50374E-4 9.62495E-5 3.81384E-5 2.38829E-5 1.18515E-5 8.85698E-6 1.34515E-5 1.5681E-5 3.80275E-5 4.51862E-5 1.98666E-5 7.16107E-6 1.57367E-5 1.61723E-4 6.05161E-4 6.45996E-4 3.32907E-4 4.622E-4 7.07296E-4 1.0309E-3 1.2975E-3 1.95295E-3 2.26002E-3 1.53168E-3 1.60426E-3 1.84954E-3 1.4773E-3 1.81241E-3 3.10052E-3 3.68996E-3 1.90126E-3 1.47288E-4 3.45208E-6 2.13017E-7 3.2644E-6 4.87761E-6
2.17027E-3 6.17201E-4 1.99039E-4 1.11373E-4 1.85142E-3 5.04431E-3 1.43211E-3 9.92852E-3 1.36136E-2 1.98509E-2 2.55351E-2 9.86474E-3 2.45578E-3 4.7636E-4 8.79442E-5 4.43209E-5 3.31945E-5 7.06052E-5 2.29143E-4 7.52646E-4 8.54818E-4 5.9823E-4 3.91443E-4 4.57049E-4 8.30541E-4 1.10334E-3 8.9128E-4 6.18282E-4 1.60769E-4 1.03738E-4 6.23852E-5 6.15002E-5 4.28256E-5 2.83516E-5 2.76444E-5 4.53134E-5 1.30221E-4 3.74322E-4 2.38644E-4 5.50532E-5 2.13174E-5 4.66353E-5 3.13459E-4 6.44387E-4 6.30657E-4 5.18834E-4 4.42254E-4 1.05997E-3 2.00453E-3 3.35978E-3 5.69305E-3 2.80801E-3 1.83817E-3 1.07522E-3 1.04922E-3 6.75538E-4 4.60537E-4 7.61967E-4 1.11764E-3 2.46913E-4 7.16484E-6 2.13017E-7 1.8337E-8 4.35501E-8 -9999
7.65828E-3 2.4986E-3 1.43765E-4 1.81071E-8 3.45283E-4 3.00314E-5 1.31245E-4 6.59071E-3 1.55758E-2 1.8348E-2 1.6152E-2 7.50851E-3 1.75462E-3 2.67544E-4 6.39132E-5 2.76122E-5 2.47023E-5 6.6443E-5 2.88554E-4 8.40796E-4 2.16134E-3 3.14015E-3 3.60046E-3 1.88857E-3 1.34178E-3 1.77189E-3 8.64631E-4 2.3848E-4 3.29428E-5 4.74189E-5 6.58461E-5 9.12362E-5 8.79822E-5 6.02884E-5 4.89954E-5 1.04765E-4 2.45367E-4 3.89716E-4 2.21638E-4 9.99984E-5 6.30014E-5 8.6523E-5 1.95621E-4 2.65747E-4 3.66825E-4 4.9763E-4 3.91251E-4 6.11658E-4 8.5024E-4 1.24695E-3 1.007E-3 1.52501E-3 1.58322E-3 1.15134E-3 7.6906E-4 3.0717E-4 7.4314E-5 1.98247E-4 7.52675E-4 7.99194E-5 7.77197E-6 2.02011E-6 6.22228E-7 1.74464E-7 -9999
3.55302E-2 1.4822E-2 2.86362E-4 8.56333E-6 5.79487E-7 4.54734E-5 2.30368E-3 1.51054E-2 2.27443E-2 1.25639E-2 4.52257E-3 2.77281E-3 7.34135E-4 8.89396E-5 3.82129E-5 1.83849E-5 1.87529E-5 8.89496E-5 3.96114E-4 1.43211E-3 1.0005E-2 1.41865E-2 1.01294E-2 5.92361E-3 3.62804E-3 2.03311E-3 1.02314E-3 3.65283E-4 1.62337E-4 1.10928E-4 8.90497E-5 1.15029E-4 1.13735E-4 8.65042E-5 5.04914E-5 8.39839E-5 1.81773E-4 2.17968E-4 1.21085E-4 5.89891E-5 3.5051E-5 3.33155E-5 4.74189E-5 7.71664E-5 1.34408E-4 2.33874E-4 2.23534E-4 1.81852E-4 1.98671E-4 3.60514E-4 2.97921E-4 2.43594E-4 5.3114E-4 4.60537E-4 2.44268E-4 1.426E-4 5.5243E-5 1.64342E-4 2.35783E-4 4.24824E-5 7.16484E-6 2.85876E-5 1.86312E-5 -9999 -9999
2.81868E-2 3.79461E-2 5.48182E-3 1.89468E-3 1.55851E-3 1.38247E-3 1.015E-2 2.9227E-2 2.59891E-2 7.32461E-3 1.26687E-3 1.53817E-3 4.66646E-4 3.57863E-5 1.93243E-5 1.74113E-5 1.74643E-5 1.41831E-4 9.25353E-4 3.84404E-3 2.8182E-2 3.3359E-2 2.06522E-2 1.17229E-2 6.59277E-3 2.98189E-3 1.87235E-3 1.10719E-3 4.40629E-4 1.45866E-4 1.16376E-4 1.06866E-4 7.51843E-5 2.33002E-5 1.67824E-5 3.5422E-5 1.05464E-4 1.03979E-4 5.03547E-5 2.09253E-5 1.21913E-5 8.77138E-6 9.4734E-6 2.72162E-5 7.5427E-5 1.50228E-4 1.94854E-4 1.54499E-4 9.20163E-5 1.0332E-4 6.41451E-5 5.57377E-5 4.19373E-5 1.96938E-5 2.33161E-5 6.33245E-5 1.12299E-4 1.0963E-4 6.33245E-5 2.79231E-5 3.13062E-5 5.3715E-5 -9999 -9999 -9999
1.32703E-2 7.8905E-3 1.84432E-2 1.98509E-2 2.66455E-2 1.62466E-2 2.34091E-2 3.67881E-2 3.48378E-2 1.30941E-2 3.32024E-3 2.2489E-3 8.33559E-4 5.34242E-5 1.09687E-5 2.62108E-5 7.01888E-5 5.26598E-4 2.91298E-3 1.32513E-2 5.19297E-2 5.1995E-2 2.81358E-2 1.71256E-2 1.13044E-2 6.27482E-3 4.20393E-3 3.05927E-3 1.52893E-3 5.41871E-4 3.96606E-4 2.82062E-4 3.89235E-5 2.16051E-6 2.74894E-6 6.16476E-6 1.77396E-5 2.72154E-5 1.27474E-5 6.56311E-6 6.24035E-6 2.98608E-6 1.53888E-6 1.27765E-5 7.06052E-5 1.55538E-4 2.6202E-4 2.08398E-4 1.01092E-4 4.44345E-5 1.35511E-5 6.05139E-6 3.55955E-6 6.19802E-7 1.77249E-6 1.1318E-5 3.17228E-5 2.68697E-5 7.98038E-6 1.74974E-6 1.9914E-6 2.16764E-6 -9999 -9999 -9999
6.55394E-2 6.70225E-2 8.13367E-2 6.94894E-2 8.15483E-2 8.37902E-2 7.1015E-2 4.42238E-2 4.86625E-2 4.49353E-2 2.95746E-2 1.47028E-2 3.34466E-3 1.08031E-4 6.6901E-6 1.87893E-5 1.11291E-4 1.08836E-3 6.567E-3 1.9414E-2 5.34407E-2 4.38798E-2 2.36382E-2 1.87202E-2 1.6142E-2 8.94075E-3 5.52852E-3 6.59168E-3 5.73878E-3 2.96411E-3 1.7963E-3 1.23794E-3 1.19282E-4 7.42923E-6 2.92251E-6 2.45497E-6 2.74894E-6 3.17335E-6 2.83716E-6 2.25898E-6 2.81302E-6 1.99374E-6 8.22364E-7 1.06181E-5 8.97094E-5 2.80069E-4 5.18548E-4 2.86512E-4 1.08357E-4 3.64393E-5 7.34736E-6 3.29953E-6 1.25718E-6 3.88559E-7 6.57717E-7 3.16429E-6 8.52791E-6 9.6383E-6 2.6398E-6 1.2539E-7 7.9642E-8 -9999 -9999 -9999 -9999
1.83164E-1 1.51383E-1 1.62643E-1 1.58778E-1 1.20865E-1 1.0391E-1 1.11733E-1 7.88302E-2 6.91949E-2 5.64007E-2 4.45656E-2 3.47615E-2 5.69201E-3 3.36375E-4 1.36327E-5 8.11296E-7 2.35464E-5 1.05892E-3 9.10637E-3 2.65565E-2 3.5807E-2 2.63746E-2 1.46796E-2 1.19051E-2 9.32634E-3 4.79978E-3 3.64377E-3 6.11473E-3 6.34383E-3 3.43843E-3 1.80144E-3 9.43953E-4 2.66955E-4 5.3501E-5 1.00392E-5 2.32698E-6 6.09079E-7 5.59589E-7 1.02335E-6 1.57033E-6 2.7922E-6 3.83563E-6 4.7518E-6 2.18493E-5 1.40698E-4 3.22801E-4 4.28446E-4 3.50584E-4 9.79036E-5 3.01256E-5 7.84109E-6 3.42464E-6 1.11639E-6 4.59786E-7 5.40626E-7 1.79438E-6 4.74634E-6 6.42051E-6 3.96761E-6 6.30295E-7 -9999 -9999 -9999 -9999 -9999
2.74775E-1 3.14122E-1 2.42288E-1 1.84569E-1 1.41017E-1 1.1892E-1 1.46789E-1 1.42298E-1 7.23877E-2 2.6045E-2 2.51703E-2 2.19994E-2 3.11407E-3 4.86232E-4 1.10198E-5 7.18824E-7 2.144E-5 1.51533E-3 1.73162E-2 3.79766E-2 2.40135E-2 1.42613E-2 7.3929E-3 5.02267E-3 3.66428E-3 1.95434E-3 1.14322E-3 1.53933E-3 1.79788E-3 1.10719E-3 6.20517E-4 4.60719E-4 3.89639E-4 2.64369E-4 4.12111E-5 3.9367E-6 4.1755E-7 2.9732E-7 8.72732E-7 3.47947E-6 4.44362E-6 7.77197E-6 1.74943E-5 5.12614E-5 1.54827E-4 3.32318E-4 3.36126E-4 2.18436E-4 6.74767E-5 2.57108E-5 1.03876E-5 3.48475E-6 1.36738E-6 7.00051E-7 6.85876E-7 1.30689E-6 -9999 -9999 -9999 -9999 -9999 -9999 -9999 -9999 -9999
4.4608E-1 3.63348E-1 2.24199E-1 1.56491E-1 1.1854E-1 1.02721E-1 1.05729E-1 7.40106E-2 3.71008E-2 1.29696E-2 7.8895E-3 3.67649E-3 6.05857E-4 8.29581E-5 6.69347E-6 3.96761E-6 1.45343E-4 2.34901E-3 5.07548E-3 7.66011E-3 9.77231E-3 8.94824E-3 3.85215E-3 2.47916E-3 2.31621E-3 1.00726E-3 3.80432E-4 2.46913E-4 2.35974E-4 2.44163E-4 2.19726E-4 2.55688E-4 4.45638E-4 5.80736E-4 1.0798E-4 1.35279E-5 2.55507E-6 1.33217E-6 2.66369E-6 4.93684E-6 1.17713E-5 2.79231E-5 7.16269E-5 1.58604E-4 2.64541E-4 2.93661E-4 2.3119E-4 1.11291E-4 4.68003E-5 2.27205E-5 1.04489E-5 4.61694E-6 2.25462E-6 1.42541E-6 1.13018E-6 -9999 -9999 -9999 -9999 -9999 -9999 -9999 -9999 -9999 -9999
4.3486E-1 3.33528E-1 1.90919E-1 1.20549E-1 8.16874E-2 7.7179E-2 6.42633E-2 3.76518E-2 1.80172E-2 6.22833E-3 2.41382E-3 7.30519E-4 1.06866E-4 1.69801E-5 4.55769E-6 5.08859E-6 1.18301E-4 7.48989E-4 3.75552E-4 6.52552E-4 4.46416E-3 1.0168E-2 7.71415E-3 3.41633E-3 9.54844E-4 2.47128E-4 1.25047E-4 9.24807E-5 7.61589E-5 6.55755E-5 8.59069E-5 1.6986E-4 3.17481E-4 3.46338E-4 1.41919E-4 3.85707E-5 1.32417E-5 7.86311E-6 8.65433E-6 1.53355E-5 3.88734E-5 8.94091E-5 2.49963E-4 4.81667E-4 4.92236E-4 2.955E-4 1.16094E-4 5.54373E-5 2.25781E-5 1.38011E-5 8.39775E-6 5.07765E-6 3.20135E-6 2.59795E-6 3.34681E-6 -9999 -9999 -9999 -9999 -9999 -9999 -9999 -9999 -9999 -9999
3.9204E-1 3.19132E-1 2.00865E-1 1.43593E-1 1.18125E-1 7.78833E-2 4.59315E-2 2.11942E-2 8.68791E-3 2.74458E-3 8.22167E-4 2.46708E-4 6.96124E-5 1.59335E-5 6.00094E-6 8.18736E-6 4.44394E-5 1.47288E-4 1.86315E-4 4.84135E-4 3.18225E-3 1.09E-2 1.12327E-2 4.13821E-3 5.4296E-4 1.477E-4 8.07917E-5 7.32649E-5 6.17778E-5 3.60301E-5 5.29248E-5 1.29492E-4 2.14676E-4 2.37865E-4 1.56057E-4 8.34742E-5 4.37693E-5 2.9597E-5 3.03657E-5 4.462E-5 8.56891E-5 1.89307E-4 5.72483E-4 1.48215E-3 7.87532E-4 2.38695E-4 5.9518E-5 1.30885E-5 7.24822E-6 6.67965E-6 6.46957E-6 5.05268E-6 4.11649E-6 4.30125E-6 5.07765E-6 -9999 -9999 -9999 -9999 -9999 -9999 -9999 -9999 -9999 -9999
