KUENM/Final_Models/M_0.1_F_lq_Set_2_EC/sp1_0.asc
ncols         197
nrows         210
xllcorner     56.1666666666667
yllcorner     4.5
cellsize      0.166666666666667
NODATA_value  -9999
[rows 56 to 83 of 210, columns 65 to 129 of 197]
4.52215E-3 4.83201E-3 2.96905E-2 1.21096E-1 1.61513E-1 1.99704E-1 1.15597E-1 3.52303E-2 4.47054E-2 1.07551E-1 1.35117E-1 1.4551E-1 1.50471E-1 1.39894E-1 1.38273E-1 8.98532E-2 1.3879E-1 1.86103E-1 1.38606E-1 2.23244E-1 1.88909E-1 1.54573E-1 1.41684E-1 1.44242E-1 1.44108E-1 1.4283E-1 1.52075E-1 1.57427E-1 1.54738E-1 1.46685E-1 1.49288E-1 1.49086E-1 1.62443E-1 1.74637E-1 1.92017E-1 1.95975E-1 1.99872E-1 2.05209E-1 2.21207E-1 2.42142E-1 2.74258E-1 2.95688E-1 3.03833E-1 3.29862E-1 3.8658E-1 4.5294E-1 4.83332E-1 4.9271E-1 4.80932E-1 5.18643E-1 5.41191E-1 5.56611E-1 5.69245E-1 5.94071E-1 5.82103E-1 5.73642E-1 6.05428E-1 5.7787E-1 5.2375E-1 4.40143E-1 3.27086E-1 1.9075E-1 1.92456E-2 2.65386E-3 3.74664E-3
1.06649E-2 2.58625E-2 6.07144E-2 1.59958E-1 2.01928E-1 2.2573E-1 2.2755E-1 1.42391E-1 1.1145E-1 1.39938E-1 1.55136E-1 1.08968E-1 1.11242E-1 1.06558E-1 1.17511E-1 1.86122E-1 1.90978E-1 1.51182E-1 2.17759E-1 2.27444E-1 1.93929E-1 1.6579E-1 1.53403E-1 1.45531E-1 1.42959E-1 1.41684E-1 1.45531E-1 1.44242E-1 1.41684E-1 1.40415E-1 1.37783E-1 1.44108E-1 1.53242E-1 1.66834E-1 1.7499E-1 1.86137E-1 1.90059E-1 1.93924E-1 2.11274E-1 2.35255E-1 2.60831E-1 2.79138E-1 2.90564E-1 3.10216E-1 3.50829E-1 4.03849E-1 4.45781E-1 4.65929E-1 4.74959E-1 5.04476E-1 5.24503E-1 5.17371E-1 5.29419E-1 5.51766E-1 5.68349E-1 5.84269E-1 6.04104E-1 6.04805E-1 5.80887E-1 5.16803E-1 4.1833E-1 2.82644E-1 1.08002E-1 3.16501E-2 2.56176E-2
8.91753E-3 4.41449E-2 1.43554E-1 1.66116E-1 1.75636E-1 1.74257E-1 1.93296E-1 2.05208E-1 1.75674E-1 1.46598E-1 1.41689E-1 1.37244E-1 1.47934E-1 1.65171E-1 2.14935E-1 2.22681E-1 2.35382E-1 1.86984E-1 2.5917E-1 2.33669E-1 2.12982E-1 1.88838E-1 1.6579E-1 1.46826E-1 1.39153E-1 1.36649E-1 1.32945E-1 1.36649E-1 1.35408E-1 1.32945E-1 1.31724E-1 1.36649E-1 1.46826E-1 1.58782E-1 1.72666E-1 1.82484E-1 1.89477E-1 1.94988E-1 2.09569E-1 2.22819E-1 2.34588E-1 2.50552E-1 2.576E-1 2.80376E-1 3.1492E-1 3.60593E-1 3.99783E-1 4.28127E-1 4.52623E-1 4.79958E-1 4.90944E-1 4.77456E-1 4.56669E-1 4.55325E-1 5.42393E-1 5.79205E-1 5.89346E-1 5.90543E-1 6.02119E-1 5.57495E-1 4.65415E-1 3.72332E-1 2.60552E-1 1.37805E-1 9.27862E-2
9.58653E-3 5.37042E-2 1.30792E-1 1.37945E-1 1.33645E-1 1.39443E-1 1.51611E-1 1.79586E-1 1.93667E-1 1.71816E-1 1.66122E-1 1.71761E-1 1.94247E-1 1.88906E-1 2.11526E-1 2.39513E-1 2.3867E-1 2.37051E-1 2.55565E-1 2.52021E-1 2.35621E-1 2.11714E-1 1.81476E-1 1.49437E-1 1.34229E-1 1.30557E-1 1.3051E-1 1.3051E-1 1.2691E-1 1.26948E-1 1.26948E-1 1.34229E-1 1.48221E-1 1.6164E-1 1.72831E-1 1.84404E-1 1.93092E-1 1.9244E-1 1.98426E-1 1.97979E-1 2.0348E-1 2.16607E-1 2.30669E-1 2.4985E-1 2.84828E-1 3.24534E-1 3.60665E-1 3.90833E-1 4.25762E-1 4.57609E-1 4.78585E-1 4.73468E-1 4.56253E-1 4.72176E-1 5.57106E-1 5.70648E-1 5.26487E-1 5.36776E-1 5.99755E-1 5.8762E-1 5.02577E-1 4.36053E-1 3.7828E-1 2.7292E-1 2.21069E-1
9.71613E-3 2.40453E-2 1.06412E-1 1.19599E-1 1.16815E-1 1.23243E-1 1.33079E-1 1.54748E-1 1.81699E-1 1.90704E-1 1.74862E-1 1.85811E-1 1.96708E-1 1.96862E-1 2.22131E-1 2.32971E-1 2.39432E-1 2.49707E-1 2.56343E-1 2.60334E-1 2.72508E-1 2.4411E-1 1.88838E-1 1.45616E-1 1.29347E-1 1.25759E-1 1.24544E-1 1.2691E-1 1.23372E-1 1.25759E-1 1.29347E-1 1.36725E-1 1.50899E-1 1.63116E-1 1.80209E-1 1.90482E-1 1.9803E-1 1.94592E-1 1.86872E-1 1.76712E-1 1.73572E-1 1.92017E-1 2.16322E-1 2.39384E-1 2.70341E-1 3.02532E-1 3.39097E-1 3.67097E-1 4.01918E-1 4.40817E-1 4.705E-1 4.89656E-1 5.01728E-1 5.15194E-1 5.59094E-1 5.82177E-1 5.67079E-1 5.69034E-1 6.01159E-1 6.03984E-1 5.19875E-1 4.36113E-1 4.41477E-1 3.42694E-1 2.39288E-1
1.51146E-2 2.04926E-2 1.12918E-1 1.07281E-1 1.05501E-1 1.09417E-1 1.1452E-1 1.30424E-1 1.68546E-1 1.77319E-1 1.75367E-1 1.88842E-1 1.8783E-1 1.97441E-1 2.0741E-1 2.19755E-1 2.30499E-1 2.40509E-1 2.35244E-1 2.47409E-1 2.75894E-1 2.48716E-1 1.80021E-1 1.39222E-1 1.23402E-1 1.22234E-1 1.21073E-1 1.24577E-1 1.24577E-1 1.25748E-1 1.30556E-1 1.39209E-1 1.5626E-1 1.71534E-1 1.87603E-1 2.01259E-1 2.07395E-1 2.02621E-1 1.91821E-1 1.69841E-1 1.66834E-1 1.89477E-1 2.10135E-1 2.38477E-1 2.62919E-1 2.95267E-1 3.27037E-1 3.47351E-1 3.76686E-1 4.15928E-1 4.60501E-1 5.08701E-1 5.40866E-1 5.2833E-1 5.54152E-1 5.94898E-1 6.00989E-1 6.01758E-1 6.10899E-1 6.08103E-1 5.74438E-1 5.28649E-1 4.84352E-1 3.74931E-1 2.28577E-1
9.80871E-3 3.96405E-2 1.12038E-1 9.97633E-2 9.81234E-2 9.87284E-2 1.00338E-1 1.15631E-1 1.49504E-1 1.77478E-1 1.9407E-1 2.01858E-1 1.92769E-1 1.96078E-1 2.02386E-1 2.09926E-1 2.10687E-1 2.01843E-1 2.01206E-1 2.09029E-1 2.16823E-1 1.94995E-1 1.60269E-1 1.34229E-1 1.19919E-1 1.16501E-1 1.17633E-1 1.18773E-1 1.22216E-1 1.25748E-1 1.32959E-1 1.44261E-1 1.5757E-1 1.7433E-1 1.92072E-1 2.04346E-1 2.09029E-1 2.09029E-1 1.96617E-1 1.85877E-1 1.88624E-1 2.01843E-1 2.23127E-1 2.45581E-1 2.73621E-1 2.96233E-1 3.19757E-1 3.42031E-1 3.60209E-1 3.97355E-1 4.48442E-1 4.98943E-1 5.31781E-1 5.14433E-1 5.37892E-1 5.88996E-1 6.07937E-1 6.13675E-1 6.16737E-1 6.11249E-1 5.97558E-1 5.59816E-1 4.99089E-1 3.95345E-1 2.73674E-1
4.67821E-2 7.56754E-2 1.07445E-1 9.60835E-2 9.30802E-2 9.20941E-2 9.46644E-2 1.16242E-1 1.43628E-1 1.85672E-1 1.91706E-1 1.96058E-1 1.93836E-1 1.97385E-1 1.91597E-1 1.87291E-1 1.76055E-1 1.67278E-1 1.65872E-1 1.64473E-1 1.58983E-1 1.4565E-1 1.31774E-1 1.19919E-1 1.15376E-1 1.10946E-1 1.13111E-1 1.16472E-1 1.22153E-1 1.26885E-1 1.35351E-1 1.44137E-1 1.56104E-1 1.7132E-1 1.88952E-1 1.9962E-1 2.07466E-1 2.10597E-1 2.12088E-1 2.13505E-1 2.17997E-1 2.28804E-1 2.42891E-1 2.64296E-1 2.80307E-1 3.07235E-1 3.26476E-1 3.44888E-1 3.66427E-1 4.00487E-1 4.34179E-1 4.68469E-1 4.98943E-1 5.1666E-1 5.49038E-1 5.84486E-1 6.08531E-1 6.20845E-1 6.18755E-1 6.19976E-1 6.17085E-1 5.77782E-1 4.97227E-1 4.04158E-1 3.23649E-1
2.85555E-2 9.44507E-2 9.82689E-2 9.60835E-2 9.81234E-2 9.40738E-2 9.70997E-2 1.18514E-1 1.66684E-1 2.04868E-1 2.16919E-1 2.05707E-1 1.93321E-1 1.7695E-1 1.71818E-1 1.61079E-1 1.45632E-1 1.33782E-1 1.31307E-1 1.27842E-1 1.2322E-1 1.10907E-1 1.0557E-1 1.01398E-1 1.0557E-1 1.06585E-1 1.08731E-1 1.14149E-1 1.1868E-1 1.25589E-1 1.35214E-1 1.44137E-1 1.58681E-1 1.7132E-1 1.82801E-1 1.97926E-1 2.0897E-1 2.15352E-1 2.23199E-1 2.34295E-1 2.5072E-1 2.53679E-1 2.68209E-1 2.85045E-1 3.01294E-1 3.24121E-1 3.44888E-1 3.61485E-1 3.79504E-1 4.14502E-1 4.45919E-1 4.59706E-1 4.8384E-1 5.1552E-1 5.56452E-1 5.90357E-1 5.93484E-1 5.80822E-1 6.02779E-1 6.06432E-1 6.21474E-1 5.72484E-1 4.89909E-1 4.16675E-1 3.82743E-1
4.73443E-2 1.07192E-1 1.01856E-1 1.02294E-1 1.0124E-1 1.04424E-1 1.16686E-1 1.56115E-1 2.30596E-1 2.67116E-1 2.46985E-1 2.13131E-1 1.81077E-1 1.6006E-1 1.47895E-1 1.33782E-1 1.26206E-1 1.15685E-1 1.06003E-1 1.01988E-1 9.80556E-2 9.32301E-2 8.95696E-2 9.43735E-2 1.00317E-1 1.02286E-1 1.0757E-1 1.14032E-1 1.1972E-1 1.27842E-1 1.36468E-1 1.47895E-1 1.5847E-1 1.72562E-1 1.84288E-1 1.97926E-1 2.12126E-1 2.26585E-1 2.37941E-1 2.61032E-1 2.7966E-1 2.8439E-1 2.90713E-1 3.05419E-1 3.25034E-1 3.52682E-1 3.74619E-1 3.94007E-1 4.09864E-1 4.43012E-1 4.61091E-1 4.69296E-1 4.7731E-1 5.1552E-1 5.64332E-1 5.99021E-1 5.86136E-1 5.66691E-1 5.92251E-1 6.00931E-1 6.22473E-1 6.15293E-1 5.61069E-1 4.87429E-1 4.49041E-1
6.40013E-2 1.14442E-1 1.06711E-1 1.04424E-1 1.10999E-1 1.22563E-1 1.49281E-1 2.19875E-1 3.41911E-1 3.63921E-1 2.74086E-1 2.00295E-1 1.62154E-1 1.39732E-1 1.25219E-1 1.15074E-1 1.08718E-1 9.94727E-2 8.79313E-2 8.88735E-2 8.62748E-2 8.73761E-2 8.75165E-2 9.1297E-2 9.71827E-2 1.01251E-1 1.08525E-1 1.14032E-1 1.21894E-1 1.27842E-1 1.36284E-1 1.47672E-1 1.5985E-1 1.74007E-1 1.8578E-1 2.01017E-1 2.16897E-1 2.33089E-1 2.3967E-1 2.66494E-1 2.9196E-1 3.05379E-1 3.11198E-1 3.32662E-1 3.57073E-1 3.90805E-1 4.26695E-1 4.44468E-1 4.48442E-1 4.69296E-1 4.88964E-1 4.86868E-1 4.71305E-1 5.12157E-1 5.6601E-1 5.84718E-1 5.75708E-1 5.717E-1 5.66691E-1 6.15845E-1 6.2189E-1 6.18664E-1 6.14502E-1 5.62879E-1 5.05433E-1
6.2936E-2 1.10758E-1 1.1E-1 1.08777E-1 1.16686E-1 1.32357E-1 1.63122E-1 2.39841E-1 3.69214E-1 3.67451E-1 2.414E-1 1.72459E-1 1.37447E-1 1.20057E-1 1.12452E-1 1.05155E-1 1.00221E-1 9.41591E-2 8.86336E-2 8.51481E-2 8.60687E-2 8.62748E-2 8.8311E-2 9.21224E-2 9.70486E-2 1.00091E-1 1.09449E-1 1.13872E-1 1.22874E-1 1.31307E-1 1.42437E-1 1.5033E-1 1.62629E-1 1.75457E-1 1.90293E-1 2.05486E-1 2.26295E-1 2.41273E-1 2.47951E-1 2.66575E-1 2.9196E-1 3.1227E-1 3.30007E-1 3.63069E-1 3.96942E-1 4.40262E-1 4.81888E-1 5.04994E-1 4.95244E-1 5.14374E-1 5.23297E-1 5.21998E-1 5.21117E-1 5.45703E-1 5.70003E-1 5.45185E-1 5.53717E-1 5.98433E-1 5.99604E-1 6.15529E-1 6.25049E-1 6.32223E-1 6.27723E-1 6.09728E-1 5.55733E-1
9.03678E-2 1.03503E-1 1.18748E-1 1.09417E-1 1.18514E-1 1.28093E-1 1.52741E-1 1.88985E-1 2.27276E-1 2.03727E-1 1.51355E-1 1.26898E-1 1.1E-1 1.03963E-1 9.7504E-2 9.7504E-2 9.58366E-2 9.41591E-2 8.76919E-2 8.58303E-2 8.60687E-2 8.69964E-2 8.908E-2 9.29212E-2 9.68782E-2 1.01988E-1 1.09245E-1 1.15928E-1 1.25008E-1 1.34796E-1 1.47672E-1 1.5847E-1 1.66848E-1 1.78377E-1 1.90293E-1 2.08837E-1 2.31205E-1 2.64868E-1 2.80313E-1 2.92204E-1 3.07101E-1 3.27231E-1 3.52985E-1 3.92122E-1 4.3281E-1 4.79247E-1 5.14374E-1 5.40233E-1 5.42819E-1 5.46958E-1 5.57605E-1 5.54937E-1 5.67805E-1 5.82439E-1 5.9322E-1 5.76082E-1 5.83818E-1 6.01463E-1 6.14059E-1 6.17407E-1 6.29535E-1 6.26919E-1 6.32223E-1 6.23925E-1 5.68557E-1
6.65339E-2 1.02117E-1 1.14813E-1 1.11646E-1 1.15046E-1 1.20315E-1 1.27516E-1 1.36257E-1 1.3882E-1 1.19141E-1 9.9836E-2 9.32422E-2 9.22584E-2 9.0756E-2 9.21395E-2 9.25184E-2 9.28635E-2 9.21971E-2 8.83607E-2 8.76919E-2 8.67575E-2 8.88735E-2 9.29212E-2 9.68782E-2 1.02826E-1 1.07913E-1 1.13428E-1 1.21457E-1 1.29844E-1 1.42437E-1 1.53016E-1 1.62629E-1 1.78377E-1 1.87279E-1 1.96544E-1 2.05833E-1 2.15302E-1 2.47998E-1 2.90631E-1 3.14402E-1 3.34091E-1 3.52985E-1 3.81936E-1 4.1902E-1 4.56245E-1 4.99749E-1 5.31997E-1 5.57573E-1 5.63416E-1 5.62313E-1 5.67079E-1 5.70388E-1 5.75831E-1 5.92981E-1 6.07937E-1 6.14176E-1 6.20128E-1 6.22139E-1 6.26611E-1 6.23394E-1 6.28205E-1 6.3073E-1 6.3183E-1 6.17506E-1 5.87672E-1
9.11196E-2 9.8703E-2 1.19074E-1 1.09476E-1 1.11134E-1 1.10585E-1 1.10585E-1 1.08375E-1 1.04045E-1 9.37476E-2 8.60472E-2 8.10287E-2 8.01404E-2 8.41632E-2 8.54808E-2 8.77169E-2 8.96155E-2 8.8055E-2 8.74198E-2 8.58303E-2 9.05387E-2 9.36927E-2 9.66715E-2 1.03878E-1 1.09002E-1 1.13144E-1 1.20004E-1 1.25922E-1 1.36052E-1 1.48998E-1 1.62629E-1 1.77101E-1 1.91972E-1 2.01165E-1 2.07465E-1 2.12171E-1 2.10519E-1 2.29774E-1 2.9196E-1 3.37517E-1 3.58902E-1 3.78055E-1 4.02994E-1 4.37327E-1 4.76053E-1 5.05857E-1 5.34092E-1 5.57573E-1 5.58275E-1 5.53544E-1 5.62661E-1 5.69693E-1 5.78876E-1 5.85571E-1 6.03787E-1 6.1723E-1 6.15153E-1 6.14728E-1 6.19975E-1 6.28899E-1 6.34386E-1 6.34066E-1 6.11167E-1 6.16525E-1 5.96404E-1
6.11133E-2 7.82431E-2 1.164E-1 1.08896E-1 1.06195E-1 1.04557E-1 1.00337E-1 9.62381E-2 9.0756E-2 9.03131E-2 8.65114E-2 8.14473E-2 7.96729E-2 8.14473E-2 8.54808E-2 8.58475E-2 8.58475E-2 8.71153E-2 8.83607E-2 8.76919E-2 8.95825E-2 9.84508E-2 1.04693E-1 1.09813E-1 1.15074E-1 1.22349E-1 1.27128E-1 1.35771E-1 1.44764E-1 1.61236E-1 1.78562E-1 1.95015E-1 2.10546E-1 2.2014E-1 2.24922E-1 2.26412E-1 2.36149E-1 2.64079E-1 3.20364E-1 3.57213E-1 3.79006E-1 3.98741E-1 4.188E-1 4.44768E-1 4.68875E-1 5.00432E-1 5.22272E-1 5.35445E-1 5.34187E-1 5.40816E-1 5.53821E-1 5.69767E-1 5.7564E-1 5.89502E-1 6.04759E-1 6.13369E-1 5.86377E-1 5.90573E-1 6.24821E-1 6.35297E-1 6.3817E-1 6.32844E-1 6.33313E-1 6.25858E-1 5.95065E-1
8.27656E-2 9.72055E-2 1.14553E-1 1.10484E-1 1.0563E-1 9.97648E-2 9.66949E-2 9.31202E-2 9.11662E-2 9.2706E-2 9.41083E-2 9.35007E-2 8.78865E-2 8.73467E-2 8.73467E-2 8.77169E-2 9.05758E-2 9.25184E-2 8.99565E-2 9.21971E-2 9.41591E-2 1.03634E-1 1.14553E-1 1.20844E-1 1.29231E-1 1.35771E-1 1.35771E-1 1.42437E-1 1.57096E-1 1.75647E-1 1.95108E-1 2.23322E-1 2.36376E-1 2.41323E-1 2.47859E-1 2.49333E-1 2.66086E-1 2.91214E-1 3.28947E-1 3.57978E-1 3.83192E-1 4.09415E-1 4.22737E-1 4.43247E-1 4.62137E-1 4.84506E-1 5.09731E-1 5.26843E-1 5.31937E-1 5.47946E-1 5.59584E-1 5.72157E-1 5.79557E-1 5.9714E-1 6.04656E-1 6.01295E-1 5.65911E-1 6.01434E-1 6.25203E-1 6.37159E-1 6.32354E-1 6.30328E-1 6.33976E-1 6.3376E-1 6.20669E-1
8.53918E-2 1.13242E-1 1.13575E-1 1.10484E-1 1.05468E-1 1.05468E-1 9.95501E-2 9.64921E-2 9.54876E-2 9.64921E-2 9.78556E-2 9.7504E-2 9.41083E-2 9.21395E-2 9.02003E-2 9.31202E-2 9.44905E-2 9.61067E-2 9.54876E-2 9.81712E-2 1.04693E-1 1.18413E-1 1.36284E-1 1.40867E-1 1.46691E-1 1.43129E-1 1.48397E-1 1.5437E-1 1.67049E-1 1.89098E-1 2.18511E-1 2.49524E-1 2.6828E-1 2.75017E-1 2.69723E-1 2.71161E-1 2.88203E-1 3.04913E-1 3.35804E-1 3.56943E-1 3.91472E-1 4.13239E-1 4.3209E-1 4.50546E-1 4.62137E-1 4.8057E-1 5.05191E-1 5.32893E-1 5.45021E-1 5.5578E-1 5.68525E-1 5.86285E-1 5.91673E-1 6.0561E-1 6.09573E-1 6.01523E-1 5.8221E-1 5.9562E-1 6.26492E-1 6.36937E-1 6.31033E-1 6.22485E-1 6.33139E-1 6.38797E-1 6.35673E-1
9.91362E-2 1.12605E-1 1.1889E-1 1.13846E-1 1.12045E-1 1.06227E-1 1.0409E-1 1.02301E-1 1.03032E-1 1.03731E-1 1.05155E-1 1.00584E-1 9.7504E-2 9.64921E-2 9.85234E-2 9.85234E-2 1.01233E-1 1.00193E-1 1.01626E-1 1.06227E-1 1.12554E-1 1.30081E-1 1.54099E-1 1.69122E-1 1.70556E-1 1.58886E-1 1.56828E-1 1.62629E-1 1.7132E-1 1.92072E-1 2.24922E-1 2.69467E-1 3.01937E-1 2.98498E-1 2.9163E-1 2.93346E-1 3.05379E-1 3.26058E-1 3.49476E-1 3.68122E-1 3.97113E-1 4.21164E-1 4.33634E-1 4.50651E-1 4.57668E-1 4.84506E-1 5.13224E-1 5.42819E-1 5.57573E-1 5.62707E-1 5.81779E-1 5.99457E-1 6.07813E-1 6.18877E-1 6.19212E-1 6.23456E-1 6.22322E-1 6.26492E-1 6.32917E-1 6.38045E-1 6.32602E-1 6.20649E-1 6.19697E-1 6.11834E-1 5.93667E-1
1.03545E-1 1.26883E-1 1.21232E-1 1.21232E-1 1.18144E-1 1.10591E-1 1.09002E-1 1.1231E-1 1.13144E-1 1.11701E-1 1.10591E-1 1.08032E-1 1.06946E-1 1.04795E-1 1.03731E-1 1.03731E-1 1.05468E-1 1.08723E-1 1.05468E-1 1.07307E-1 1.17687E-1 1.38585E-1 1.7087E-1 2.11999E-1 1.90062E-1 1.7087E-1 1.66848E-1 1.68467E-1 1.75647E-1 1.91972E-1 2.2014E-1 2.6126E-1 2.93346E-1 3.01484E-1 3.01484E-1 3.03198E-1 3.20888E-1 3.50112E-1 3.72211E-1 3.99677E-1 4.18462E-1 4.35173E-1 4.44317E-1 4.41753E-1 4.54816E-1 4.91879E-1 5.2269E-1 5.44207E-1 5.59675E-1 5.68498E-1 5.91572E-1 6.10494E-1 6.21474E-1 6.28786E-1 6.22492E-1 6.28929E-1 6.3546E-1 6.32749E-1 6.34066E-1 6.40847E-1 6.34186E-1 6.1933E-1 6.0737E-1 5.99328E-1 5.71728E-1
1.10509E-1 1.32254E-1 1.2966E-1 1.26004E-1 1.24021E-1 1.20004E-1 1.17972E-1 1.23817E-1 1.23533E-1 1.17687E-1 1.15401E-1 1.15074E-1 1.1699E-1 1.12452E-1 1.12452E-1 1.11335E-1 1.12045E-1 1.13167E-1 1.13167E-1 1.15844E-1 1.24724E-1 1.41146E-1 1.78562E-1 1.99703E-1 1.8745E-1 1.74198E-1 1.7289E-1 1.8162E-1 1.85954E-1 1.98079E-1 2.2494E-1 2.56213E-1 2.7995E-1 3.02303E-1 3.05379E-1 3.22081E-1 3.47216E-1 3.77262E-1 4.02152E-1 4.23774E-1 4.47576E-1 4.54772E-1 4.54772E-1 4.53579E-1 4.76585E-1 5.15453E-1 5.43217E-1 5.55547E-1 5.64973E-1 5.788E-1 5.92174E-1 6.15035E-1 6.31424E-1 6.35459E-1 6.32714E-1 6.33783E-1 6.20353E-1 6.21846E-1 6.3439E-1 6.39913E-1 6.3376E-1 6.01992E-1 5.98368E-1 6.01353E-1 5.78688E-1
1.28514E-1 1.37697E-1 1.36695E-1 1.359E-1 1.31317E-1 1.34185E-1 1.32023E-1 1.30789E-1 1.28341E-1 1.28341E-1 1.25593E-1 1.24021E-1 1.24021E-1 1.20472E-1 1.20472E-1 1.18144E-1 1.20057E-1 1.1889E-1 1.20057E-1 1.25219E-1 1.34185E-1 1.50057E-1 1.67049E-1 1.75776E-1 1.68467E-1 1.64234E-1 1.8021E-1 1.90562E-1 1.99469E-1 2.05486E-1 2.28094E-1 2.56399E-1 2.88754E-1 3.12985E-1 3.28606E-1 3.54544E-1 3.8775E-1 4.17214E-1 4.36577E-1 4.55946E-1 4.61838E-1 4.74798E-1 4.77751E-1 4.69325E-1 5.03796E-1 5.63384E-1 5.66961E-1 5.54029E-1 5.59147E-1 5.7486E-1 5.94246E-1 6.15555E-1 6.40084E-1 6.35745E-1 6.39217E-1 6.36143E-1 6.20947E-1 6.33977E-1 6.25071E-1 6.23597E-1 6.10279E-1 5.93644E-1 5.95065E-1 5.65997E-1 5.43221E-1
1.42229E-1 1.40214E-1 1.49504E-1 1.4494E-1 1.42322E-1 1.4183E-1 1.40538E-1 1.34514E-1 1.30789E-1 1.31693E-1 1.31317E-1 1.30082E-1 1.28855E-1 1.28855E-1 1.27636E-1 1.27636E-1 1.28434E-1 1.2966E-1 1.33382E-1 1.33807E-1 1.42751E-1 1.53775E-1 1.66272E-1 1.73755E-1 1.71124E-1 1.76914E-1 1.95015E-1 2.05486E-1 2.13131E-1 2.17615E-1 2.32618E-1 2.57964E-1 2.92362E-1 3.27402E-1 3.72646E-1 4.19338E-1 4.4694E-1 4.62333E-1 4.72971E-1 4.77937E-1 4.80192E-1 4.79023E-1 4.77751E-1 4.89432E-1 4.97716E-1 5.82633E-1 5.55482E-1 5.20045E-1 5.52528E-1 5.78229E-1 5.99187E-1 6.288E-1 6.45833E-1 6.32848E-1 6.31876E-1 6.28882E-1 6.28078E-1 6.21336E-1 5.89475E-1 5.84302E-1 5.69479E-1 5.71867E-1 5.89171E-1 5.70822E-1 5.3762E-1
1.52603E-1 1.53899E-1 1.52603E-1 1.57253E-1 1.48723E-1 1.50551E-1 1.4537E-1 1.39253E-1 1.34185E-1 1.33807E-1 1.34638E-1 1.359E-1 1.38447E-1 1.38447E-1 1.38447E-1 1.36326E-1 1.36326E-1 1.38447E-1 1.42322E-1 1.4537E-1 1.53397E-1 1.64482E-1 1.74897E-1 1.9158E-1 2.02571E-1 2.11537E-1 2.24103E-1 2.30662E-1 2.3359E-1 2.3359E-1 2.43614E-1 2.57521E-1 2.90102E-1 3.3921E-1 3.96826E-1 4.70328E-1 5.01039E-1 5.04649E-1 5.08069E-1 5.07798E-1 4.96456E-1 4.77368E-1 5.03242E-1 5.27579E-1 5.21117E-1 5.24133E-1 4.90231E-1 5.13805E-1 5.69358E-1 5.97105E-1 6.14348E-1 6.41867E-1 6.47371E-1 6.36997E-1 6.25295E-1 6.09807E-1 6.02479E-1 6.03175E-1 5.67779E-1 5.49233E-1 5.80045E-1 5.9133E-1 5.49541E-1 5.53317E-1 5.12078E-1
1.62986E-1 1.59526E-1 1.57745E-1 1.59526E-1 1.58603E-1 1.5761E-1 1.48921E-1 1.4626E-1 1.41023E-1 1.4446E-1 1.4446E-1 1.48439E-1 1.49779E-1 1.51127E-1 1.51611E-1 1.46691E-1 1.49352E-1 1.49352E-1 1.54327E-1 1.59843E-1 1.68749E-1 1.78928E-1 1.95879E-1 2.14991E-1 2.36302E-1 2.55472E-1 2.60187E-1 2.67079E-1 2.61413E-1 2.54547E-1 2.5055E-1 2.59117E-1 3.02892E-1 3.65332E-1 4.33376E-1 4.87476E-1 5.24239E-1 5.42332E-1 5.42043E-1 5.37609E-1 5.21076E-1 5.17268E-1 5.38661E-1 5.6601E-1 5.5239E-1 5.1552E-1 5.17637E-1 5.45443E-1 5.99869E-1 6.23628E-1 6.35655E-1 6.44788E-1 6.47629E-1 6.38752E-1 6.21091E-1 5.7526E-1 5.38886E-1 5.73316E-1 5.68661E-1 5.9031E-1 5.84459E-1 5.46665E-1 5.72619E-1 5.0163E-1 4.45408E-1
1.7386E-1 1.7216E-1 1.68491E-1 1.70522E-1 1.68634E-1 1.65875E-1 1.57072E-1 1.53305E-1 1.48658E-1 1.50003E-1 1.54672E-1 1.61612E-1 1.64435E-1 1.66401E-1 1.62642E-1 1.63073E-1 1.63073E-1 1.65898E-1 1.70184E-1 1.77027E-1 1.84881E-1 1.93988E-1 2.09611E-1 2.3427E-1 2.6633E-1 3.02399E-1 3.14739E-1 3.02293E-1 2.91666E-1 2.69873E-1 2.53476E-1 2.75117E-1 3.34334E-1 3.99692E-1 4.62025E-1 5.10008E-1 5.47654E-1 5.72273E-1 5.73537E-1 5.61176E-1 5.47984E-1 5.45752E-1 5.40348E-1 5.42916E-1 5.3889E-1 5.15328E-1 5.76158E-1 5.90742E-1 6.09397E-1 6.36306E-1 6.44898E-1 6.49513E-1 6.4784E-1 6.4192E-1 6.24772E-1 5.82294E-1 5.29922E-1 5.8139E-1 5.88938E-1 5.59651E-1 5.43683E-1 5.6117E-1 5.42436E-1 4.81368E-1 4.51068E-1
1.70184E-1 1.76055E-1 1.78851E-1 1.78851E-1 1.75516E-1 1.74414E-1 1.68749E-1 1.61612E-1 1.58259E-1 1.59656E-1 1.66026E-1 1.81315E-1 1.86437E-1 1.87954E-1 1.78501E-1 1.7556E-1 1.73444E-1 1.79295E-1 1.84881E-1 1.93988E-1 2.03298E-1 2.11202E-1 2.25736E-1 2.43977E-1 2.81658E-1 3.41224E-1 3.7328E-1 3.42618E-1 3.1764E-1 2.89312E-1 2.88411E-1 3.28349E-1 4.03106E-1 4.42953E-1 4.90516E-1 5.34804E-1 5.72995E-1 5.95857E-1 6.00627E-1 5.91537E-1 5.7759E-1 5.54152E-1 5.34091E-1 5.51317E-1 5.60167E-1 5.70648E-1 6.02621E-1 6.17622E-1 6.18E-1 6.39313E-1 6.40561E-1 6.44194E-1 6.46504E-1 6.45577E-1 6.37964E-1 6.30487E-1 6.10714E-1 5.67834E-1 5.26461E-1 4.95498E-1 4.76456E-1 5.54645E-1 4.91189E-1 4.75019E-1 4.49041E-1
1.76559E-1 1.81032E-1 1.87456E-1 1.8468E-1 1.87145E-1 1.8578E-1 1.76539E-1 1.71796E-1 1.67136E-1 1.69467E-1 1.83631E-1 2.06901E-1 2.20478E-1 2.09783E-1 2.0084E-1 1.86385E-1 1.86746E-1 1.95879E-1 2.04868E-1 2.1923E-1 2.27374E-1 2.33967E-1 2.43977E-1 2.55817E-1 2.76141E-1 3.26823E-1 3.51515E-1 3.50825E-1 3.37533E-1 3.23211E-1 3.36553E-1 4.1364E-1 4.92304E-1 4.78754E-1 5.18074E-1 5.61714E-1 5.92373E-1 6.12116E-1 6.20306E-1 6.19809E-1 6.03204E-1 5.53725E-1 5.47162E-1 5.64867E-1 5.85148E-1 6.05635E-1 6.28753E-1 6.39565E-1 6.44454E-1 6.42463E-1 6.17083E-1 6.20869E-1 6.26133E-1 6.37751E-1 6.39576E-1 6.49375E-1 6.34952E-1 5.79568E-1 5.19377E-1 4.74696E-1 4.51874E-1 5.30131E-1 4.6634E-1 4.53214E-1 4.54595E-1
