KUENM/Final_Models/M_0.1_F_lq_Set_2_EC/sp1_stddev.asc
ncols         197
nrows         210
xllcorner     56.1666666666667
yllcorner     4.5
cellsize      0.166666666666667
NODATA_value  -9999
[rows 0 to 27 of 210, columns 65 to 129 of 197]
-9999 -9999 -9999 -9999 -9999 -9999 -9999 -9999 -9999 -9999 -9999 -9999 -9999 -9999 -9999 -9999 -9999 -9999 -9999 -9999 -9999 -9999 -9999 -9999 -9999 -9999 -9999 -9999 -9999 1.83386E-7 1.78306E-8 7.03895E-8 9.99806E-9 2.94204E-9 4.19815E-10 3.93408E-11 2.59381E-11 5.50156E-10 8.46041E-11 1.84514E-11 -9999 -9999 -9999 -9999 -9999 -9999 -9999 -9999 -9999 -9999 -9999 -9999 -9999 -9999 -9999 -9999 -9999 -9999 -9999 -9999 -9999 -9999 -9999 -9999 -9999
-9999 -9999 -9999 -9999 -9999 -9999 -9999 -9999 -9999 -9999 -9999 -9999 -9999 -9999 -9999 -9999 -9999 -9999 -9999 -9999 -9999 -9999 -9999 2.38958E-6 5.50066E-7 1.43728E-5 9.02031E-6 2.25241E-6 2.50581E-9 1.17654E-10 1.30227E-9 5.67406E-9 1.68747E-9 4.6173E-10 2.42715E-11 3.69599E-12 9.86407E-12 3.38894E-10 3.66976E-10 3.64183E-11 6.25913E-11 5.94914E-10 4.63088E-10 4.50137E-11 3.31317E-11 6.0405E-11 -9999 -9999 -9999 -9999 -9999 -9999 -9999 -9999 -9999 -9999 -9999 -9999 -9999 -9999 -9999 -9999 -9999 -9999 -9999
-9999 -9999 -9999 -9999 -9999 -9999 -9999 -9999 -9999 -9999 -9999 -9999 -9999 -9999 -9999 -9999 -9999 -9999 -9999 6.07875E-5 2.40395E-5 4.06032E-5 5.00973E-5 1.28924E-5 1.62203E-6 2.53617E-7 4.57433E-9 2.33067E-8 1.80299E-8 9.00968E-10 1.79177E-11 3.01879E-9 9.21548E-10 3.26593E-10 1.70173E-11 1.61555E-11 1.07387E-10 2.22911E-10 1.80431E-9 6.81548E-10 9.58255E-12 6.26861E-11 4.05305E-11 3.36456E-10 2.59552E-9 2.36516E-10 3.68614E-12 8.47038E-11 4.62063E-9 2.57198E-7 -9999 -9999 -9999 -9999 -9999 -9999 -9999 -9999 -9999 -9999 -9999 -9999 -9999 -9999 -9999
-9999 -9999 -9999 -9999 -9999 -9999 -9999 -9999 -9999 -9999 -9999 -9999 -9999 -9999 -9999 -9999 8.16481E-7 3.01882E-5 5.42681E-4 1.2526E-5 3.97838E-6 5.71668E-8 1.94743E-7 1.30518E-6 3.2953E-7 3.2779E-9 1.15766E-8 2.38613E-8 3.96041E-11 7.92679E-12 1.07223E-12 3.69875E-10 1.45521E-11 2.01658E-11 2.00344E-10 3.52568E-11 8.53674E-11 8.64209E-10 1.04885E-9 1.50558E-10 1.86251E-11 2.12258E-11 1.22463E-10 2.28323E-10 2.90791E-10 6.19011E-10 1.17812E-10 3.25944E-11 1.19058E-11 6.19823E-9 3.96399E-7 1.93049E-6 1.09025E-5 -9999 -9999 -9999 -9999 -9999 -9999 -9999 -9999 -9999 -9999 -9999 -9999
-9999 -9999 -9999 -9999 -9999 -9999 -9999 -9999 -9999 -9999 -9999 -9999 -9999 -9999 3.35325E-5 1.27898E-5 2.49822E-4 6.15375E-5 4.45694E-6 3.29973E-5 9.4341E-6 8.25358E-6 6.02987E-6 1.88588E-7 1.61306E-8 3.37319E-7 2.01919E-9 3.96586E-9 1.51475E-9 8.1898E-10 1.52335E-9 2.59611E-11 1.17613E-11 1.67625E-10 1.5211E-10 1.50117E-10 4.62834E-10 7.47869E-10 3.14164E-10 9.59316E-11 3.15641E-11 5.90827E-11 4.00005E-11 4.98597E-11 1.82078E-11 2.64068E-11 6.21119E-11 2.4027E-9 4.0634E-11 1.5257E-9 5.46385E-9 5.77E-8 1.74701E-7 1.64363E-6 4.29896E-5 -9999 -9999 -9999 -9999 -9999 -9999 -9999 -9999 -9999 -9999
-9999 -9999 -9999 -9999 -9999 -9999 -9999 -9999 -9999 -9999 -9999 -9999 6.21712E-3 1.18006E-3 1.74361E-4 4.74257E-5 1.02536E-4 2.2855E-4 2.92749E-5 1.02809E-5 2.37948E-6 2.84728E-7 4.53842E-7 3.85962E-7 5.20906E-8 2.44685E-9 3.90284E-10 7.21839E-10 2.38034E-7 7.25615E-8 1.92647E-9 1.11335E-11 4.59155E-13 1.0808E-10 3.12078E-9 1.04355E-9 3.05817E-9 9.83954E-11 2.03993E-11 5.63602E-11 7.45355E-11 7.06073E-11 1.02687E-10 1.03207E-10 1.03255E-10 2.82092E-11 2.46641E-11 1.88236E-10 2.51178E-11 3.28272E-13 1.71688E-11 3.58629E-10 1.94754E-10 2.33851E-9 1.37981E-6 1.6636E-5 5.32648E-5 -9999 -9999 -9999 -9999 -9999 -9999 -9999 -9999
-9999 -9999 -9999 -9999 -9999 -9999 -9999 -9999 -9999 -9999 9.7684E-3 5.17297E-3 4.826E-3 4.87358E-3 1.77931E-3 9.29502E-4 1.3732E-3 5.23929E-4 2.2023E-4 2.23799E-5 6.7692E-7 5.85015E-7 1.88474E-5 2.64803E-5 1.01582E-5 1.07275E-7 1.05776E-7 4.53637E-7 3.01698E-8 1.93513E-8 5.55718E-9 1.20743E-10 1.37738E-9 5.08519E-9 2.1111E-9 6.70311E-10 5.92314E-10 4.15046E-11 1.17365E-11 2.27127E-11 2.41211E-11 1.11886E-10 3.68818E-10 2.15246E-10 2.39775E-10 1.04721E-10 2.34432E-11 3.17416E-11 3.14829E-10 7.99241E-12 8.60052E-12 1.09327E-10 1.27502E-9 7.12258E-9 3.79839E-9 3.38071E-7 2.21415E-6 2.08028E-5 6.49769E-5 -9999 -9999 -9999 -9999 -9999 -9999
-9999 -9999 -9999 -9999 -9999 -9999 -9999 -9999 6.71113E-3 3.39109E-3 7.20566E-3 1.94978E-2 1.02723E-2 3.04411E-3 3.73447E-3 5.9936E-3 3.49311E-3 1.93251E-3 4.54607E-4 1.41674E-5 5.55161E-7 3.54507E-5 6.44565E-8 8.28723E-7 6.30556E-9 1.3905E-6 5.36385E-6 8.74654E-8 9.10336E-9 5.80622E-9 2.20275E-9 6.01428E-8 1.93419E-8 7.22048E-9 1.46549E-9 1.34165E-9 4.88589E-10 3.17382E-10 4.35503E-10 1.1565E-10 6.90502E-11 1.55655E-10 6.86605E-10 3.11021E-10 7.54713E-11 2.785E-11 4.5286E-11 1.81299E-10 3.25762E-13 2.00574E-12 2.13978E-12 3.88805E-11 2.43557E-10 1.93808E-9 1.23554E-9 1.3769E-8 7.84474E-8 4.45472E-6 2.36758E-5 6.7402E-5 9.84911E-5 -9999 -9999 -9999 -9999
-9999 -9999 -9999 -9999 -9999 -9999 -9999 4.69926E-3 7.24365E-3 5.62899E-3 2.01862E-2 1.7228E-2 8.48068E-3 1.5016E-2 1.31091E-2 1.06585E-2 7.65239E-3 5.30325E-3 2.57301E-4 9.14228E-5 5.60068E-5 8.83446E-7 4.82808E-9 8.34968E-9 2.17528E-9 8.00344E-7 1.11736E-7 2.74029E-8 2.59307E-8 1.87912E-7 8.26002E-8 1.26441E-8 5.6646E-10 3.3296E-10 1.89466E-10 3.09475E-10 6.021E-11 8.68408E-11 8.23636E-11 2.73896E-10 3.89512E-10 8.35601E-10 2.76216E-10 7.62997E-10 7.22284E-10 4.63961E-10 3.92521E-11 4.20283E-11 9.43006E-10 5.19308E-11 8.79938E-12 9.02652E-11 2.55521E-9 1.46686E-8 1.22267E-7 5.68606E-7 1.34525E-7 2.39438E-6 6.98211E-6 5.80992E-5 8.30213E-5 9.60707E-5 -9999 -9999 -9999
-9999 -9999 -9999 -9999 -9999 -9999 2.54853E-3 9.77953E-3 2.30569E-3 1.10561E-2 1.90506E-2 1.55558E-2 1.25675E-2 1.67999E-2 1.04366E-2 1.96905E-2 2.05227E-2 3.15003E-3 2.67569E-4 9.14146E-4 6.13837E-7 1.57267E-6 2.3506E-7 6.87088E-9 2.6426E-7 6.98394E-6 9.19027E-7 2.1802E-6 1.0009E-7 3.55868E-8 9.8314E-10 2.41658E-10 9.9031E-11 2.45636E-10 4.02416E-10 6.23542E-10 6.67393E-11 7.96138E-11 1.10496E-10 1.75576E-10 1.07691E-10 1.59483E-10 1.84519E-10 1.7799E-10 1.15925E-10 3.72069E-10 1.19185E-10 1.24906E-11 1.35989E-9 4.32831E-9 2.868E-10 3.02396E-11 8.63439E-9 1.69089E-9 6.04252E-8 2.53721E-6 1.41843E-6 1.50571E-5 2.9819E-5 4.81748E-5 6.57326E-5 9.60707E-5 9.72745E-5 -9999 -9999
-9999 -9999 -9999 -9999 9.83837E-3 6.36405E-3 4.8876E-3 8.22071E-3 6.45361E-3 1.2771E-2 1.66835E-2 1.73742E-2 1.51347E-2 1.77904E-2 1.82953E-2 2.42082E-2 1.26383E-2 1.45663E-3 9.80127E-5 1.51108E-3 1.01211E-5 3.70524E-7 7.11829E-8 2.87083E-7 1.66752E-6 1.43473E-8 7.25475E-9 1.11958E-6 3.26894E-9 2.30728E-8 1.35456E-8 1.25923E-8 9.25251E-9 3.83781E-9 1.31165E-9 4.02004E-9 2.1883E-9 2.06734E-9 5.03024E-10 3.33398E-10 4.33929E-10 1.59483E-10 8.2864E-11 1.03268E-10 1.17609E-10 1.63809E-10 1.95212E-10 6.71236E-12 2.23006E-11 1.15011E-8 2.38802E-9 2.14813E-9 1.05166E-9 3.6842E-9 1.92519E-9 7.27725E-9 2.1331E-7 4.41544E-6 8.43405E-6 1.58678E-5 1.87831E-5 4.14437E-5 5.73741E-5 6.65628E-5 7.81165E-5
-9999 -9999 -9999 8.48987E-3 8.78671E-3 7.41771E-3 1.0001E-2 9.03438E-3 1.31183E-2 1.55897E-2 1.63584E-2 1.78379E-2 1.08557E-2 1.30157E-2 2.40567E-2 2.65513E-2 1.81284E-2 1.0659E-2 2.78606E-3 1.8618E-3 1.84731E-4 1.57725E-5 3.65155E-7 2.33822E-6 4.86328E-7 1.18482E-8 1.26111E-7 4.22434E-7 3.31285E-7 4.38002E-9 4.4553E-10 3.09723E-10 1.22591E-9 2.85283E-9 2.77349E-10 1.55425E-9 1.18511E-9 3.1902E-10 5.9918E-11 6.07296E-11 8.83734E-11 5.39144E-11 9.27367E-11 1.20827E-10 1.19306E-10 4.78218E-11 1.33702E-10 2.50221E-11 5.78122E-12 1.7122E-10 9.59263E-10 5.49825E-10 9.1058E-11 6.60361E-11 6.742E-10 9.14424E-10 1.03091E-8 2.78045E-7 1.59766E-6 1.34591E-6 1.48644E-5 2.52575E-5 2.7623E-5 2.39944E-5 2.43031E-5
-9999 -9999 8.54218E-3 8.46038E-3 9.35926E-3 6.8643E-3 1.10886E-2 9.59545E-3 1.31359E-2 1.66671E-2 1.63065E-2 1.62504E-2 1.28162E-2 9.7242E-3 2.59201E-2 2.62232E-2 1.17607E-2 9.57659E-4 6.59319E-4 1.04399E-4 1.25394E-5 1.08085E-5 3.10376E-6 3.10064E-6 5.84724E-7 4.80728E-8 6.46712E-7 1.43915E-6 3.43557E-8 1.18849E-9 2.23131E-9 1.12377E-8 1.95856E-8 2.2335E-9 4.81796E-10 4.38075E-10 7.77892E-10 1.42099E-9 7.25841E-10 3.6235E-10 2.39498E-10 1.22503E-10 5.85532E-11 2.20103E-11 5.7694E-11 7.5443E-11 1.92405E-10 4.40821E-11 6.11508E-12 1.0648E-11 6.11041E-10 1.25317E-11 1.43374E-10 3.40586E-10 2.97782E-10 1.17418E-8 5.22312E-10 8.84383E-8 6.12163E-7 4.01475E-6 2.06142E-6 6.0355E-6 1.08473E-5 1.28686E-5 1.27036E-5
-9999 8.2026E-3 8.44881E-3 1.01603E-2 1.02979E-2 8.28851E-3 1.23653E-2 1.10252E-2 1.63218E-2 1.74877E-2 1.95015E-2 2.21794E-2 2.36581E-2 1.61611E-2 2.37411E-2 1.79297E-2 6.93605E-3 5.13956E-4 7.74947E-4 1.14386E-3 1.72944E-3 3.0574E-4 1.27228E-5 7.08535E-6 9.33916E-7 1.84515E-8 3.18093E-7 9.56592E-8 8.27489E-8 4.94894E-8 6.73476E-8 2.12417E-8 3.0018E-9 6.40997E-10 1.6377E-9 3.23372E-9 9.86189E-10 1.24462E-10 2.43537E-11 4.9303E-11 3.74034E-11 1.97967E-11 5.40892E-11 1.1226E-10 2.15605E-11 3.51412E-12 3.75033E-12 2.34202E-12 4.07102E-12 2.73507E-11 1.29983E-9 9.77664E-12 3.70566E-11 6.91729E-9 2.97535E-8 1.63784E-9 1.03367E-10 2.63659E-9 5.59907E-7 6.20294E-7 9.64093E-7 1.05193E-6 1.13238E-6 1.76286E-6 1.46662E-6
8.80088E-3 8.68902E-3 9.31682E-3 9.82806E-3 1.10226E-2 9.08538E-3 1.26929E-2 1.30856E-2 1.52233E-2 1.73778E-2 1.84755E-2 1.65824E-2 2.1295E-2 2.41624E-2 2.34201E-2 1.66981E-2 3.83783E-3 9.63798E-4 4.0763E-3 2.43333E-3 8.02776E-4 1.38178E-3 3.48679E-4 4.06834E-5 3.44477E-6 1.26847E-6 5.03414E-7 1.56914E-8 1.22037E-9 8.46775E-9 8.42648E-10 5.09282E-10 1.41573E-9 5.77684E-9 1.39463E-8 3.26283E-10 5.91316E-11 4.43643E-11 2.15845E-10 3.26815E-10 1.61065E-10 2.63556E-10 1.02623E-10 1.14315E-11 3.27408E-12 3.51412E-12 8.46646E-12 2.16396E-11 1.05522E-11 3.1222E-12 9.38433E-11 1.81656E-11 4.89383E-12 1.17963E-9 1.08176E-10 1.76376E-10 5.14857E-10 4.47245E-9 1.8921E-7 5.2922E-8 3.65948E-8 8.68709E-9 9.35668E-8 3.18158E-8 7.71432E-8
9.73087E-3 9.44248E-3 1.01153E-2 1.03149E-2 1.08465E-2 1.16343E-2 1.27461E-2 1.34624E-2 1.45914E-2 1.67725E-2 1.85827E-2 1.71988E-2 1.94697E-2 1.64187E-2 1.38283E-2 9.23704E-3 1.03976E-2 4.88989E-3 9.09036E-3 1.8627E-3 4.0657E-4 1.09332E-5 6.11204E-5 2.92554E-4 1.5804E-5 1.42857E-8 3.46506E-8 7.24184E-8 1.91042E-10 6.52338E-10 3.03728E-8 2.03645E-7 1.52718E-8 1.32431E-9 2.07338E-9 2.16526E-9 2.07413E-9 4.74155E-10 1.07778E-8 3.64957E-10 1.18381E-10 1.20508E-10 1.29315E-11 9.83159E-12 1.14705E-11 1.06574E-11 1.73869E-11 5.80007E-12 1.65081E-11 2.99535E-12 8.01421E-13 1.13316E-11 3.1819E-12 2.00623E-9 9.90641E-11 1.42678E-11 4.68934E-11 4.04129E-11 1.72328E-9 6.35582E-9 5.80307E-9 2.11265E-10 2.73598E-9 5.84374E-10 2.8159E-10
9.94414E-3 9.97468E-3 7.89566E-3 8.9676E-3 9.8982E-3 1.17246E-2 1.14121E-2 1.3368E-2 1.09341E-2 1.12197E-2 1.91626E-2 2.18993E-2 1.7649E-2 1.15882E-2 1.5873E-2 1.17122E-2 3.8315E-3 9.5637E-4 2.12994E-3 2.36526E-4 3.51953E-5 4.43201E-7 1.9658E-6 1.01399E-4 7.03525E-6 4.07977E-9 2.2022E-8 4.09961E-6 1.34292E-8 3.2607E-7 9.00961E-9 1.11678E-10 1.22935E-10 8.24367E-9 2.25217E-9 7.44527E-9 1.04662E-9 4.02211E-10 8.6166E-10 1.91665E-10 4.63312E-11 8.40261E-11 1.76135E-10 6.29375E-11 7.07933E-11 1.0025E-10 3.50405E-9 2.96544E-10 1.39761E-11 3.96433E-12 9.88376E-13 5.75437E-13 5.76625E-12 4.31961E-12 1.21291E-9 1.00821E-12 9.85778E-13 7.95733E-12 9.7382E-12 4.40593E-11 1.03066E-10 5.00055E-11 6.14264E-11 4.65666E-11 1.38566E-12
4.16628E-3 1.05681E-3 5.02841E-4 1.17789E-3 3.14308E-3 3.32317E-3 5.49484E-3 7.39806E-3 9.74842E-3 8.68128E-3 1.01187E-2 1.86191E-2 1.36765E-2 5.31085E-3 8.02352E-3 3.36499E-3 1.72351E-3 9.53733E-4 3.01375E-6 2.25927E-4 2.09836E-6 1.05018E-8 6.02543E-6 4.31525E-5 2.38406E-7 1.11718E-7 1.26282E-6 7.98461E-9 1.1994E-8 2.45614E-10 2.8195E-11 1.35713E-9 2.75143E-7 3.98845E-8 1.21489E-8 1.86842E-8 2.94117E-9 6.74501E-9 2.73118E-8 8.99237E-10 1.63295E-8 5.59132E-9 5.94375E-9 3.43965E-11 6.01689E-12 6.46567E-11 2.19304E-9 3.68742E-9 2.59497E-11 3.53403E-12 2.10872E-12 4.58428E-13 2.30631E-13 7.65252E-11 4.80858E-10 3.95134E-10 1.09823E-10 2.85016E-13 1.22205E-12 1.50216E-12 2.60573E-12 8.95499E-13 3.0086E-13 3.60111E-13 8.07041E-13
9.51449E-4 2.88847E-5 5.39106E-5 6.55026E-4 2.09477E-3 3.41832E-3 1.90783E-3 2.26416E-3 5.48612E-3 7.86771E-3 9.39202E-3 9.78403E-3 5.37843E-3 5.03221E-3 2.93718E-3 3.64701E-4 1.45682E-6 7.28222E-5 1.38562E-7 8.65276E-8 2.22342E-9 3.12146E-10 6.78377E-6 3.51365E-8 1.78367E-9 2.70657E-8 1.46529E-8 9.23922E-10 4.3104E-11 8.12031E-11 2.15055E-8 2.10745E-7 4.75121E-6 4.05588E-7 2.62793E-8 8.69508E-10 3.21695E-9 9.54281E-8 3.40885E-7 2.13063E-9 2.34824E-8 1.54998E-7 1.62095E-10 1.02203E-8 2.26989E-10 7.41357E-11 1.44104E-10 1.35143E-8 2.21731E-11 5.29359E-11 2.42538E-10 4.13321E-12 2.40231E-12 6.78985E-12 3.76329E-11 2.04697E-12 5.53893E-12 2.18341E-11 6.84521E-11 6.39722E-12 1.67432E-11 6.74437E-12 5.59813E-12 5.31346E-13 3.09363E-12
1.3547E-3 4.29453E-4 2.26551E-4 3.1582E-4 1.09911E-3 1.76356E-3 1.36128E-3 1.50399E-3 2.68423E-3 6.03937E-3 1.0321E-2 7.73865E-3 4.90589E-3 2.69513E-3 2.90205E-6 3.98028E-5 1.37239E-9 8.22998E-6 1.23981E-6 1.75301E-9 8.53387E-12 1.97954E-9 1.2635E-7 7.70162E-11 5.8486E-10 1.11876E-9 5.48346E-10 1.928E-8 5.51883E-9 1.49854E-9 2.74998E-6 2.94949E-5 1.3481E-6 1.47471E-7 1.12727E-8 1.6911E-8 8.96332E-9 7.49887E-8 5.58151E-7 4.9481E-7 1.13071E-5 9.01002E-9 2.28463E-9 4.44636E-7 3.27485E-7 3.17068E-7 2.0419E-7 1.08787E-9 3.79746E-12 1.87766E-13 4.15011E-12 3.74376E-12 3.42062E-12 1.12865E-12 2.20381E-13 1.28185E-11 5.15524E-13 4.02104E-12 6.16443E-12 3.29984E-12 8.07041E-13 4.86152E-13 7.81429E-13 5.59813E-12 1.16434E-12
1.12826E-3 5.83733E-4 1.60082E-4 1.40403E-4 1.25593E-4 7.5959E-5 4.27346E-4 5.0828E-4 6.93354E-4 7.6093E-3 7.51208E-3 5.71061E-3 6.48843E-3 7.92079E-4 2.82185E-5 5.76473E-4 1.88304E-6 2.76571E-9 9.38029E-9 2.51638E-8 7.23672E-11 1.15221E-9 1.21002E-7 7.35554E-9 4.22756E-10 1.23367E-9 1.60636E-8 4.11256E-7 4.97808E-6 2.1889E-6 3.18807E-5 3.61725E-9 7.25826E-8 1.88375E-8 2.36903E-8 1.97313E-8 3.91306E-8 1.73631E-8 1.27689E-8 2.95823E-9 7.05028E-8 2.66332E-6 3.75503E-6 3.03233E-5 4.0251E-9 1.72236E-9 4.25383E-11 1.73742E-11 5.80595E-11 3.35895E-11 3.28287E-12 7.86731E-13 2.11679E-13 5.58337E-13 5.49725E-13 6.87681E-13 3.02808E-11 4.84863E-12 4.76684E-13 9.54825E-13 9.4145E-14 4.94024E-13 6.55099E-13 3.42516E-12 4.19718E-12
1.32096E-4 3.03256E-4 1.80887E-4 1.50333E-5 3.12527E-6 4.79578E-5 2.37863E-4 4.76763E-5 6.18665E-4 8.22694E-3 6.94791E-3 3.73427E-3 1.14006E-3 2.48991E-4 1.46956E-6 8.65411E-5 1.25376E-7 9.39832E-11 2.23911E-10 2.27333E-11 1.15219E-9 1.53593E-8 5.29583E-10 1.35102E-8 3.79802E-11 2.5177E-8 3.22394E-8 2.81419E-7 1.63182E-4 3.70583E-5 2.8967E-7 1.97502E-9 4.82405E-9 1.6494E-9 2.73527E-9 3.27957E-9 2.14864E-9 9.1625E-9 2.86421E-8 1.94056E-8 1.00578E-8 6.20264E-9 3.02732E-8 3.61121E-5 1.44664E-4 4.81878E-7 4.29152E-7 4.09864E-11 9.17517E-11 1.0351E-9 6.78803E-10 2.21938E-11 7.21184E-12 9.98496E-12 7.89349E-13 2.94942E-13 1.1335E-13 9.41547E-14 3.5748E-12 6.7056E-13 8.06254E-14 9.4145E-14 1.0259E-12 3.5376E-12 7.94143E-13
1.94878E-5 1.85929E-5 1.454E-5 5.52139E-6 2.12992E-5 6.56216E-5 6.70846E-6 8.53944E-7 2.92036E-4 2.56894E-3 4.99481E-3 1.66884E-3 4.3935E-4 1.54362E-4 1.66005E-5 4.38419E-9 1.17728E-10 7.80772E-11 4.29203E-10 1.16192E-10 2.97736E-11 5.26389E-11 1.72586E-9 9.41317E-11 9.88736E-10 4.96862E-8 2.50277E-7 3.59079E-7 1.51598E-3 1.70353E-6 2.78942E-7 4.13178E-9 1.8042E-8 4.4985E-8 2.71257E-8 8.11048E-8 3.46924E-8 1.0768E-7 3.32802E-6 1.46275E-6 3.17224E-7 1.49105E-6 1.45618E-8 8.92077E-9 1.20145E-7 4.44582E-4 1.02405E-5 5.23594E-9 2.604E-9 2.55878E-10 1.05422E-8 3.60906E-9 2.05198E-10 5.29718E-10 4.99097E-12 2.37842E-11 2.87278E-12 2.10532E-13 5.6394E-13 6.8128E-13 2.80569E-13 7.93718E-14 2.1677E-14 2.5924E-13 1.10195E-12
2.39238E-7 1.61828E-6 3.73223E-7 1.58012E-6 4.60966E-6 6.52394E-6 3.82648E-7 5.71728E-6 6.56228E-4 2.1295E-3 3.3065E-3 2.06588E-3 5.09818E-4 1.81029E-4 7.83541E-6 3.42019E-8 1.42742E-9 1.43499E-7 9.17573E-10 1.59894E-10 1.86414E-9 1.34158E-10 7.8492E-11 4.6539E-10 2.45122E-9 1.50147E-6 4.1582E-7 2.51888E-6 3.06502E-3 3.07407E-5 3.38556E-7 1.21342E-6 1.14885E-6 3.16219E-6 3.7604E-7 6.01374E-6 3.64968E-7 2.28383E-6 3.77311E-4 2.12746E-3 1.42786E-3 1.03026E-3 3.84778E-5 2.76681E-7 1.1419E-8 1.26556E-4 2.127E-7 1.89318E-8 2.5076E-7 2.4532E-7 1.32469E-8 2.02149E-7 1.95626E-10 3.12298E-11 4.31471E-11 1.95478E-12 1.35405E-11 2.07336E-13 1.08275E-13 2.10117E-13 8.85204E-14 1.03435E-13 6.37761E-14 3.90068E-13 5.66573E-13
2.751E-7 1.14272E-7 4.15085E-7 6.99916E-7 8.7642E-6 4.95197E-6 1.65584E-5 6.84696E-4 1.45223E-4 6.96066E-6 3.08883E-7 1.77167E-7 2.11647E-8 5.17097E-10 1.7436E-10 1.66056E-8 2.42871E-7 3.96404E-10 3.20605E-9 2.38966E-8 2.94344E-9 7.56537E-10 4.38032E-9 4.38632E-8 7.08417E-9 3.56426E-6 5.39908E-4 1.88177E-3 9.12323E-4 7.12034E-6 3.8815E-4 8.83843E-5 1.29396E-6 1.82917E-5 7.25195E-8 7.93034E-5 4.06742E-4 5.78269E-3 9.66917E-6 5.72356E-6 1.46223E-4 1.96659E-3 4.63611E-3 1.48734E-3 2.95528E-4 1.35153E-6 9.0729E-8 4.3854E-8 3.71315E-10 1.69936E-10 2.95021E-7 7.04092E-7 1.67765E-6 8.83773E-11 9.90624E-11 1.65081E-11 1.68679E-10 2.1041E-11 7.05971E-12 2.68516E-13 2.0309E-12 5.19417E-14 5.53563E-14 4.74079E-13 4.74079E-13
1.92435E-7 1.35428E-7 1.59496E-7 8.58117E-6 1.06843E-5 1.03313E-4 6.32723E-5 1.78409E-5 5.29347E-8 6.42759E-9 2.03643E-10 1.49877E-9 5.33923E-8 2.39399E-5 3.82188E-5 3.9686E-7 1.29451E-8 1.5181E-10 6.66596E-8 2.28102E-5 7.40913E-7 2.76031E-9 5.56363E-7 4.58105E-6 8.89104E-7 1.76016E-5 1.30389E-3 2.63978E-3 4.42454E-5 1.26563E-3 3.31541E-4 2.66586E-6 4.58631E-6 2.90058E-4 3.58682E-7 6.17463E-6 3.64789E-4 2.37707E-3 4.51876E-6 2.04193E-7 2.28045E-7 4.54715E-7 6.06391E-6 3.56267E-6 9.91767E-9 8.67156E-11 9.96296E-8 1.50566E-7 1.29684E-9 2.26538E-10 3.95825E-10 6.29006E-7 1.87925E-8 2.35042E-7 8.22159E-9 2.15062E-8 7.43016E-8 1.75511E-8 1.73748E-10 4.97133E-12 1.45606E-12 2.15343E-11 2.13435E-13 1.0506E-13 2.0309E-12
7.26153E-8 2.51673E-8 1.39344E-7 1.07964E-6 1.13516E-6 1.02401E-6 1.42038E-6 2.33221E-8 1.62415E-8 2.0762E-8 2.51057E-6 4.70926E-5 2.83061E-4 7.61156E-3 2.27773E-3 2.65052E-5 5.33923E-8 8.14333E-8 1.73441E-7 1.19234E-4 4.44111E-4 1.55349E-5 1.42996E-4 7.90535E-4 3.19041E-6 2.05488E-3 5.62452E-3 2.6831E-4 1.13394E-3 1.57457E-3 2.01774E-3 3.57094E-4 2.35803E-3 6.43119E-4 3.33129E-5 5.50773E-3 2.58654E-3 1.29797E-5 3.81135E-7 7.17393E-8 1.33749E-7 6.5057E-8 4.04079E-8 1.81913E-8 1.87186E-9 1.46286E-9 1.2967E-7 1.19729E-8 8.33772E-9 5.04919E-10 1.2614E-9 6.53252E-10 2.41011E-10 3.51499E-8 2.69762E-8 1.0949E-10 5.03599E-9 1.33702E-10 5.84483E-11 6.42636E-12 9.17118E-13 4.89732E-11 3.41517E-12 2.77025E-13 1.37647E-12
3.67213E-8 7.26153E-8 7.9063E-8 2.10456E-7 1.53279E-7 4.76029E-7 1.61555E-6 7.31008E-7 2.77158E-6 2.48028E-5 4.41754E-5 1.04268E-5 4.30349E-4 8.50063E-3 6.46089E-3 7.44379E-3 5.69744E-4 1.76506E-6 3.07153E-3 4.70186E-4 2.02822E-2 3.27543E-5 6.76356E-4 6.96188E-3 1.38502E-2 2.15923E-2 4.16505E-3 1.41539E-2 1.49559E-2 8.82071E-3 1.85061E-3 2.55114E-3 9.6885E-3 1.37504E-3 2.22619E-3 6.01351E-3 2.24025E-4 4.66573E-6 3.85511E-7 1.06615E-6 1.2272E-6 1.66307E-7 1.48257E-7 7.91348E-7 7.73972E-7 2.9047E-8 1.28255E-8 6.07492E-8 6.25843E-9 3.70614E-9 5.2233E-9 3.08738E-10 4.4922E-11 6.49868E-11 1.66991E-9 1.53184E-8 3.67881E-11 1.95135E-9 4.2141E-9 5.44585E-11 2.25585E-11 4.12154E-12 3.84422E-10 4.25267E-12 1.15288E-13
