KUENM/Final_Models/M_0.1_F_lq_Set_2_EC/sp1_3_se_asia.asc
ncols         320
nrows         243
xllcorner     44.0
yllcorner     -0.666666666666667
cellsize      0.166666666666667
NODATA_value  -9999
[rows 31 to 61 of 243, columns 140 to 209 of 320]
1.09734E-12 1.34153E-13 3.40474E-13 3.57182E-14 1.59653E-12 2.57272E-11 1.22629E-12 1.15138E-12 2.41218E-11 3.46709E-8 1.70715E-4 6.1253E-4 3.35259E-4 6.36883E-3 3.92541E-2 6.68516E-2 1.21831E-1 1.36696E-1 1.50433E-1 1.84245E-1 2.01724E-1 1.9278E-1 6.47332E-2 3.08885E-1 3.67762E-1 2.00893E-1 2.73626E-1 3.36105E-1 3.05894E-1 3.58352E-2 4.28358E-2 7.89572E-3 8.66951E-3 1.02029E-4 3.48454E-4 2.08626E-4 1.08194E-4 5.47157E-7 1.45362E-7 1.32408E-5 2.76949E-6 1.04917E-4 1.09705E-5 3.58777E-9 9.42996E-10 6.64562E-10 7.15797E-11 2.32611E-13 1.15262E-16 5.59399E-16 8.76878E-16 5.73405E-14 1.94427E-11 3.22993E-13 2.66242E-12 7.84443E-13 1.68944E-19 5.96872E-21 8.40593E-21 2.43143E-19 7.96764E-14 5.59826E-11 1.50416E-19 7.43331E-25 4.46085E-24 1.26328E-20 -9999 -9999 -9999 -9999
2.32518E-11 8.12417E-11 8.15677E-10 1.04008E-9 1.11569E-10 1.2682E-10 6.29836E-11 5.70623E-9 8.02542E-7 1.89071E-6 6.70417E-5 1.26109E-4 4.90513E-5 9.52398E-5 3.28943E-3 1.75608E-2 9.00639E-2 1.36199E-1 1.03613E-1 1.30157E-1 2.00423E-1 2.4522E-1 2.5809E-1 3.34096E-1 3.78349E-1 4.21604E-1 5.30237E-1 5.51562E-1 5.24228E-1 3.30147E-1 1.61394E-1 8.93443E-2 1.86024E-2 1.26305E-3 1.24963E-4 1.44215E-5 8.87147E-5 4.84484E-4 9.85383E-4 9.31173E-7 3.76274E-5 4.02588E-3 6.13584E-4 7.36021E-4 2.81596E-7 8.89727E-12 6.85566E-13 8.06143E-14 4.78945E-16 9.04726E-15 6.27842E-14 5.11322E-14 1.66822E-13 3.40949E-13 2.15008E-13 1.50416E-12 4.25745E-12 1.01184E-16 7.60235E-20 1.3074E-21 1.26328E-20 5.33116E-20 1.24903E-13 4.13787E-20 2.8133E-23 1.8886E-18 2.67884E-23 5.91324E-24 7.28989E-23 -9999
3.03584E-10 1.08201E-11 8.67136E-12 4.13412E-10 1.35453E-9 1.52377E-8 8.57849E-9 1.88579E-8 1.78833E-7 2.30744E-6 7.38275E-5 2.67425E-5 9.87013E-8 1.52484E-7 2.13957E-4 3.16688E-3 6.09064E-2 1.42721E-1 1.68997E-1 1.64804E-1 1.73485E-1 2.33724E-1 2.96206E-1 3.44389E-1 4.08569E-1 4.77094E-1 5.40463E-1 5.73182E-1 5.80803E-1 5.80136E-1 5.0983E-1 2.72565E-1 3.27791E-2 2.60957E-2 5.93621E-4 2.27628E-4 2.01722E-4 8.47346E-3 3.01166E-4 1.48605E-6 3.94343E-8 2.27116E-4 5.59922E-3 8.18498E-3 4.71142E-4 2.53208E-6 6.6856E-10 2.09406E-11 1.67264E-13 1.00621E-15 7.39929E-18 3.33487E-14 6.15243E-16 1.49642E-16 1.22672E-16 1.46309E-15 2.98413E-14 8.48103E-13 1.3456E-12 1.50411E-11 3.82259E-15 3.67328E-17 3.77445E-18 9.95612E-17 4.77717E-17 2.15443E-18 3.28502E-21 4.66033E-22 5.7189E-20 2.21385E-21
3.06893E-11 1.89662E-11 1.79615E-11 4.29296E-10 2.63738E-9 2.31443E-9 5.40263E-8 6.50079E-7 4.44923E-6 1.97E-5 7.5258E-5 1.12314E-5 1.62422E-9 7.99448E-8 5.89758E-8 2.25601E-10 1.33546E-7 3.59229E-4 1.01624E-2 7.75699E-2 1.87592E-1 1.82709E-1 2.19006E-1 2.75561E-1 3.92603E-1 4.29664E-1 5.15197E-1 5.68417E-1 5.82223E-1 5.8022E-1 5.91838E-1 5.81557E-1 3.67967E-1 3.11985E-1 6.12744E-3 1.29449E-3 1.1055E-4 4.09244E-2 4.70304E-3 2.7967E-4 2.44556E-4 1.15886E-6 4.74213E-5 4.06289E-3 6.86939E-3 5.5269E-4 2.43102E-8 2.12601E-10 1.73785E-12 9.16137E-14 2.37194E-17 1.18258E-14 1.66672E-19 2.67494E-18 7.60871E-19 2.83869E-19 5.78365E-20 9.03416E-16 6.30808E-17 5.99891E-13 3.26341E-13 1.04532E-9 2.78586E-14 1.61303E-20 1.37596E-16 1.92091E-17 4.46747E-19 8.91718E-22 -9999 -9999
1.32402E-11 5.37412E-12 2.84229E-12 1.25781E-10 1.51691E-10 5.24723E-10 1.88665E-8 2.22374E-7 2.22738E-6 3.84189E-5 3.73473E-5 1.19581E-6 9.77371E-9 1.03511E-6 3.28167E-5 6.95882E-4 2.15609E-3 1.66547E-5 4.5575E-7 8.85922E-6 1.53714E-3 4.28418E-2 1.87336E-1 3.1746E-1 4.37328E-1 4.50594E-1 5.00997E-1 4.91663E-1 5.1083E-1 5.69217E-1 5.94875E-1 5.83513E-1 4.53587E-1 3.11594E-1 2.08345E-2 1.3079E-2 6.31342E-3 1.03709E-1 5.77981E-2 1.12051E-3 3.83051E-4 1.70216E-6 8.78278E-11 5.4486E-6 1.07264E-3 7.73078E-3 1.02702E-3 4.83158E-6 1.10146E-11 2.53157E-11 1.22843E-14 6.20605E-17 1.46869E-17 1.16434E-18 1.01693E-18 2.88753E-18 5.68348E-17 1.72514E-15 1.44727E-13 9.97317E-13 2.32774E-16 1.32578E-16 1.07129E-10 1.85861E-18 3.16253E-20 3.54503E-18 3.43399E-18 3.11641E-16 1.04432E-22 -9999
3.83312E-11 6.50625E-13 2.70038E-11 1.07213E-10 1.55092E-10 6.42194E-8 6.20759E-7 4.06478E-7 1.50822E-7 2.6863E-6 4.8162E-7 2.9473E-7 2.43884E-6 4.58288E-6 6.22854E-4 3.13581E-3 3.10751E-2 8.25817E-2 3.20645E-2 2.68222E-3 6.87713E-3 1.39932E-2 1.26308E-1 2.64735E-1 3.75571E-1 4.70638E-1 3.81145E-1 4.64706E-1 5.41455E-1 5.53006E-1 5.7761E-1 5.79993E-1 5.19067E-1 2.57664E-1 9.32578E-2 8.11986E-2 9.40345E-2 1.68678E-1 5.76258E-2 1.52146E-1 1.34805E-1 5.10744E-3 4.14393E-9 2.97586E-10 1.02663E-5 1.40766E-3 1.05037E-2 1.96749E-3 3.02859E-8 9.1877E-10 8.72514E-11 9.21217E-13 8.45745E-18 8.35771E-20 4.33034E-17 1.80686E-17 2.34388E-16 6.62005E-14 4.88355E-19 5.10373E-16 7.93923E-18 4.44594E-20 3.26503E-14 3.314E-14 3.9957E-20 1.96872E-22 5.97685E-20 2.33182E-18 3.54725E-16 -9999
1.92858E-11 2.82116E-13 1.33024E-10 2.62041E-10 3.57866E-9 1.37612E-7 5.08954E-6 2.18965E-6 8.69517E-7 1.2129E-6 7.73146E-6 1.22503E-5 1.10637E-6 5.19104E-7 8.38134E-4 4.02887E-2 9.34217E-2 1.82018E-1 1.42719E-1 5.63007E-2 1.29045E-1 1.80341E-1 3.85741E-1 4.807E-1 5.51367E-1 5.19898E-1 5.11363E-1 5.45408E-1 5.4857E-1 5.42502E-1 5.5653E-1 5.67547E-1 5.3289E-1 3.79211E-1 2.32157E-1 1.9811E-1 1.52491E-1 1.5808E-1 2.20261E-1 2.82888E-1 2.34326E-1 4.17931E-2 2.31556E-5 2.68363E-11 3.3803E-9 5.20063E-6 7.96696E-5 1.15253E-4 2.05827E-7 1.21242E-9 1.46196E-7 4.46864E-11 7.95284E-15 8.97263E-17 3.19628E-18 4.42047E-18 2.6734E-15 1.17149E-13 5.73181E-16 1.21368E-18 1.16023E-16 7.73514E-20 1.36082E-17 3.44222E-19 6.88016E-16 2.34959E-21 4.16689E-23 1.21423E-18 8.61899E-16 -9999
1.76075E-10 1.02492E-11 7.05014E-11 3.16191E-11 2.11602E-8 2.32117E-6 1.88054E-5 2.57469E-5 1.09357E-5 4.27377E-5 4.2853E-5 6.35134E-7 4.01457E-5 9.20487E-5 1.17979E-2 8.69999E-2 1.71078E-1 1.91168E-1 2.51188E-1 2.98611E-1 3.46432E-1 3.79488E-1 4.57534E-1 5.40463E-1 5.77676E-1 5.70069E-1 5.53825E-1 5.48984E-1 5.53834E-1 5.55412E-1 5.71499E-1 5.72497E-1 5.66112E-1 5.39755E-1 4.36024E-1 3.81705E-1 3.26193E-1 2.14356E-1 1.37575E-1 2.0248E-1 2.67994E-1 1.79506E-1 3.43984E-2 4.32503E-6 4.10894E-5 3.60809E-7 8.13055E-8 6.3343E-6 1.17712E-8 7.15722E-6 1.51942E-4 1.51399E-6 4.79186E-12 9.28473E-12 4.5119E-13 9.16094E-19 1.0721E-18 5.11465E-14 1.13369E-18 9.4654E-17 6.3174E-18 7.4224E-18 1.8436E-18 6.36308E-18 5.84133E-18 2.02697E-17 1.94382E-20 2.53076E-21 2.87541E-19 -9999
1.63782E-9 1.24385E-9 2.17284E-9 1.56716E-7 3.43107E-6 1.48396E-5 2.75382E-5 1.89272E-5 3.87831E-5 4.31801E-5 3.27311E-6 2.99937E-7 5.02019E-5 2.01828E-3 3.66949E-2 8.20594E-2 1.049E-1 2.34301E-1 3.04759E-1 3.46015E-1 3.77778E-1 4.54984E-1 5.01516E-1 5.29221E-1 5.44202E-1 5.46193E-1 5.47813E-1 5.46489E-1 5.49685E-1 5.61749E-1 5.72841E-1 5.93556E-1 6.14767E-1 5.96544E-1 5.56106E-1 5.37046E-1 4.91342E-1 2.92503E-1 1.40224E-1 1.48478E-1 3.09854E-1 3.13015E-1 2.49708E-1 7.39424E-2 2.04939E-2 9.7996E-4 1.14096E-3 5.41705E-4 4.33608E-6 1.33868E-6 9.30023E-5 2.7806E-7 1.50907E-8 6.65614E-9 2.92932E-14 7.57345E-16 3.86414E-19 1.57338E-17 4.06601E-16 3.29269E-16 1.02413E-15 1.91256E-16 7.98184E-17 4.25214E-18 1.79381E-18 1.50629E-19 3.81119E-17 2.03551E-16 6.47994E-19 6.27991E-15
3.92588E-8 2.15057E-8 1.6216E-7 2.35113E-6 1.11008E-5 1.80484E-5 6.27556E-6 4.52606E-6 2.88858E-5 1.658E-5 1.7185E-6 5.63952E-6 3.39912E-5 3.41608E-4 4.05887E-3 6.26782E-2 1.92282E-1 3.00447E-1 3.27543E-1 3.51742E-1 3.8924E-1 4.32581E-1 4.89479E-1 4.49871E-1 4.52407E-1 5.24738E-1 5.3251E-1 5.35053E-1 5.46489E-1 5.51881E-1 5.65514E-1 5.8024E-1 5.96025E-1 5.95108E-1 5.95971E-1 5.89234E-1 5.52964E-1 4.32484E-1 2.75576E-1 1.78161E-1 2.47429E-1 2.30918E-1 1.26803E-1 8.16383E-2 8.17962E-3 6.03351E-3 1.58506E-3 1.54809E-4 1.3362E-4 1.51576E-4 4.46118E-5 1.12033E-5 1.84337E-8 3.7444E-10 1.90283E-8 1.54745E-13 2.40557E-16 2.99219E-19 1.36669E-18 5.17701E-17 1.46869E-17 1.82704E-16 1.5164E-17 5.76919E-19 4.73551E-21 7.92192E-19 9.62847E-22 3.70319E-17 1.31217E-13 1.17705E-16
5.60124E-8 1.98897E-7 1.41272E-6 6.84674E-6 1.38447E-5 8.46312E-6 1.00828E-5 3.84608E-5 1.21236E-5 3.45252E-6 1.55367E-5 9.48745E-5 1.32535E-3 7.82536E-3 3.63674E-2 7.17312E-2 2.35803E-1 3.19582E-1 3.30821E-1 3.2329E-1 3.48936E-1 4.07304E-1 4.63114E-1 4.73938E-1 4.77923E-1 5.01239E-1 5.17247E-1 5.19374E-1 5.2933E-1 5.27113E-1 5.34305E-1 5.41319E-1 5.4733E-1 5.73938E-1 6.04408E-1 6.29116E-1 6.18515E-1 5.61616E-1 4.6684E-1 3.57418E-1 2.7194E-1 1.96624E-1 7.71888E-2 1.24532E-2 9.46284E-4 2.16476E-4 1.09006E-5 2.2961E-5 8.07628E-6 1.04407E-7 3.0645E-7 2.5149E-7 4.56948E-7 2.33192E-7 1.33118E-8 4.72658E-12 3.16173E-15 2.05476E-15 1.23112E-18 1.06221E-18 1.79508E-17 1.05587E-15 1.42112E-17 8.36378E-19 1.28374E-18 2.7854E-17 1.21324E-19 1.05995E-18 1.98521E-17 3.68921E-14
1.71078E-6 6.16873E-6 1.43921E-5 1.45781E-5 2.32694E-5 2.98475E-5 5.10718E-5 3.54942E-5 2.88042E-6 2.02659E-5 2.82632E-5 4.3118E-4 1.41015E-4 3.99566E-4 1.73757E-4 9.85999E-3 1.11774E-1 2.73223E-1 3.28869E-1 3.06709E-1 3.29619E-1 3.6886E-1 4.23575E-1 4.16559E-1 4.38327E-1 4.72651E-1 4.89975E-1 5.01757E-1 5.03345E-1 4.93885E-1 4.82958E-1 4.7912E-1 4.81138E-1 5.10951E-1 5.57419E-1 6.25596E-1 6.47887E-1 6.38136E-1 5.95631E-1 5.46916E-1 4.74227E-1 3.49665E-1 1.7232E-1 4.90131E-2 8.33562E-3 9.09699E-4 1.29036E-5 1.72147E-7 4.54026E-6 2.74246E-7 3.55861E-8 1.73132E-9 4.73912E-10 4.93002E-8 2.46797E-9 5.96161E-11 3.82226E-11 7.89892E-16 8.67292E-16 1.06363E-14 5.51137E-18 1.23112E-18 1.27915E-17 6.33515E-18 4.29699E-18 3.0412E-17 4.35263E-16 2.05483E-15 4.14475E-20 3.4425E-14
2.25917E-5 1.84968E-5 1.34522E-5 3.41352E-5 4.96728E-5 5.55413E-5 5.35425E-5 2.70731E-5 6.61632E-5 3.91197E-4 1.04755E-4 3.19161E-4 2.87325E-5 4.05445E-5 9.13804E-4 2.03837E-2 1.03508E-1 1.69462E-1 3.20953E-1 3.05087E-1 3.1218E-1 3.44929E-1 3.73E-1 3.96278E-1 4.1205E-1 4.2971E-1 4.56222E-1 4.4931E-1 4.21418E-1 4.14869E-1 4.75137E-1 5.03901E-1 5.20075E-1 5.3251E-1 5.68529E-1 6.08877E-1 6.39093E-1 6.53227E-1 6.54431E-1 6.43602E-1 6.20875E-1 5.56603E-1 4.32242E-1 3.73408E-1 1.72713E-1 4.12496E-2 3.3227E-3 2.2915E-5 1.50079E-7 7.72906E-9 5.09714E-10 7.38856E-13 2.28286E-15 5.32797E-11 1.35497E-8 3.1728E-11 2.31169E-12 1.67268E-10 1.93427E-11 1.06963E-13 4.76576E-18 1.69879E-17 1.70579E-18 3.72952E-19 7.60666E-19 5.07048E-19 9.6899E-19 1.48653E-15 1.14359E-18 4.52133E-17
4.68506E-5 7.18685E-6 2.83586E-5 6.02951E-5 6.33359E-5 3.99987E-5 4.16179E-5 5.51071E-5 1.37738E-4 1.32905E-3 9.18454E-4 2.59159E-4 5.11375E-4 4.40628E-3 1.14133E-2 8.46441E-2 2.24742E-1 2.76155E-1 2.57824E-1 2.76711E-1 3.11257E-1 3.45996E-1 3.67735E-1 3.75451E-1 3.60976E-1 3.82871E-1 4.03165E-1 4.33186E-1 4.50615E-1 4.80474E-1 4.99023E-1 5.0542E-1 5.02176E-1 4.92365E-1 5.21357E-1 5.61237E-1 5.96513E-1 6.26247E-1 6.43089E-1 6.52522E-1 6.54075E-1 6.48553E-1 6.14104E-1 6.23589E-1 5.31607E-1 3.1152E-1 1.14912E-1 2.22526E-2 8.56296E-4 3.99838E-6 5.51524E-8 1.31863E-13 4.17346E-18 2.57949E-11 9.30456E-11 2.58248E-8 2.25748E-10 4.84373E-11 6.4762E-10 4.8172E-11 7.78877E-17 5.93425E-15 3.29487E-16 2.89158E-14 1.03737E-17 1.06724E-19 8.65367E-19 -9999 -9999 7.51545E-20
2.95706E-5 6.57531E-5 5.49462E-5 3.61978E-5 2.11465E-5 2.34375E-5 2.6199E-5 1.70533E-5 6.41881E-5 7.43314E-4 7.28314E-3 5.07235E-3 1.47362E-2 5.35149E-2 6.72569E-2 1.43573E-1 2.28506E-1 2.31268E-1 2.20059E-1 2.35895E-1 2.79485E-1 3.06064E-1 3.15077E-1 2.89098E-1 3.08435E-1 3.26665E-1 3.46894E-1 3.71921E-1 4.07273E-1 4.41167E-1 4.7555E-1 4.89506E-1 4.89153E-1 4.80992E-1 4.87535E-1 5.14415E-1 5.44113E-1 5.78628E-1 6.04585E-1 6.25584E-1 6.43089E-1 6.52513E-1 6.51852E-1 6.47692E-1 6.25799E-1 5.44324E-1 4.09972E-1 1.96992E-1 3.92731E-2 1.29053E-3 2.76285E-6 3.49406E-10 3.55342E-20 2.89499E-23 1.29728E-10 1.99509E-8 6.86658E-9 3.61052E-11 4.23199E-10 2.65083E-8 1.50075E-13 2.81403E-15 8.5679E-19 5.24625E-15 1.97908E-12 1.48283E-15 6.59935E-18 -9999 -9999 -9999
8.18896E-5 4.87281E-5 2.3174E-5 1.6241E-5 1.91395E-5 4.9844E-5 4.92422E-5 1.31882E-4 3.48262E-4 1.85992E-4 1.14513E-2 3.20196E-2 5.50988E-2 9.82202E-2 1.54793E-1 1.77421E-1 2.05036E-1 1.94598E-1 2.01104E-1 2.10188E-1 2.25064E-1 2.33983E-1 2.32645E-1 2.43591E-1 2.55277E-1 2.69094E-1 2.87087E-1 3.1336E-1 3.51855E-1 3.9171E-1 4.40163E-1 4.74556E-1 4.82639E-1 4.572E-1 4.5016E-1 4.67753E-1 4.89445E-1 5.2056E-1 5.61128E-1 6.02072E-1 6.37416E-1 6.50327E-1 6.52002E-1 6.52017E-1 6.44449E-1 6.22326E-1 5.50922E-1 3.93849E-1 1.74898E-1 3.38525E-2 3.82613E-4 1.34248E-7 4.4853E-12 1.2823E-21 1.3185E-26 6.10821E-19 5.88334E-11 1.66857E-8 4.23048E-9 4.60993E-8 1.59406E-9 3.30146E-15 2.53792E-18 5.08159E-15 3.65264E-12 1.05865E-11 6.47727E-13 1.73603E-10 -9999 -9999
5.51071E-5 1.4229E-4 6.58262E-5 5.09793E-5 7.10107E-5 1.14128E-4 2.5585E-4 3.83972E-4 1.07992E-3 8.85879E-4 4.53233E-3 4.2434E-2 8.17155E-2 9.32199E-2 1.25419E-1 8.41691E-2 2.05322E-1 1.7898E-1 1.83825E-1 1.94323E-1 2.04716E-1 2.01104E-1 2.01104E-1 2.02906E-1 2.07832E-1 2.19438E-1 2.36469E-1 2.5724E-1 2.95144E-1 3.43775E-1 3.86813E-1 4.22899E-1 4.32129E-1 4.15417E-1 4.13498E-1 4.17273E-1 4.42961E-1 4.77923E-1 5.27831E-1 5.84049E-1 6.2848E-1 6.49344E-1 6.53673E-1 6.52017E-1 6.43679E-1 6.31205E-1 5.94528E-1 5.13143E-1 3.57019E-1 1.66514E-1 7.56933E-3 6.48069E-6 8.80177E-11 5.49032E-12 1.16628E-18 8.34242E-17 4.11215E-13 7.59956E-11 1.10609E-9 5.44238E-9 7.4975E-9 1.3558E-12 5.64552E-15 4.50859E-16 1.58153E-13 6.65671E-15 1.7764E-15 1.21039E-9 -9999 -9999
5.80499E-4 1.53942E-4 2.11742E-4 2.00136E-4 3.01009E-4 3.39309E-4 5.7548E-4 9.76343E-4 2.165E-3 2.145E-3 7.20731E-3 9.77369E-3 6.85491E-2 8.67611E-2 5.87061E-2 3.19164E-2 1.9167E-1 1.74879E-1 1.66973E-1 1.76984E-1 1.76984E-1 1.7665E-1 1.55387E-1 1.58562E-1 1.66654E-1 1.81761E-1 1.92198E-1 2.10188E-1 2.49414E-1 2.89098E-1 3.34767E-1 3.6782E-1 3.76372E-1 3.68447E-1 3.66878E-1 3.88166E-1 4.11336E-1 4.48371E-1 5.00726E-1 5.63569E-1 6.19373E-1 6.50252E-1 6.54187E-1 6.4941E-1 6.36965E-1 6.22125E-1 6.11161E-1 5.74303E-1 4.84032E-1 3.61563E-1 1.01784E-1 2.23231E-4 3.95642E-10 7.35179E-10 1.49164E-8 1.37815E-10 6.56761E-11 3.84252E-8 1.06771E-8 6.9447E-8 5.66707E-9 4.18164E-10 1.67535E-13 2.23256E-13 2.9998E-14 4.8389E-13 1.34569E-9 9.50214E-9 -9999 -9999
5.02473E-4 3.56136E-4 4.13501E-4 5.36693E-4 5.68944E-4 7.06445E-4 1.0176E-3 1.54755E-3 3.60985E-3 4.39586E-3 5.62059E-3 1.52112E-2 4.53065E-2 7.04228E-2 1.17861E-2 8.73853E-3 1.66275E-1 1.82843E-1 1.57459E-1 1.54361E-1 1.51167E-1 1.45021E-1 1.33022E-1 1.33022E-1 1.40342E-1 1.50987E-1 1.66973E-1 1.80388E-1 2.06533E-1 2.48062E-1 2.89098E-1 3.28691E-1 3.5294E-1 3.51806E-1 3.54481E-1 3.64468E-1 3.78346E-1 4.17028E-1 4.74548E-1 5.405E-1 6.05984E-1 6.49893E-1 6.5603E-1 6.50072E-1 6.41104E-1 6.29037E-1 6.30035E-1 6.10174E-1 5.68718E-1 4.92157E-1 3.11694E-1 7.99943E-2 3.69318E-3 5.41762E-4 3.67585E-5 1.03384E-4 4.65867E-6 5.66875E-7 3.56898E-8 1.38405E-9 5.79928E-9 1.05797E-8 2.24736E-7 1.0846E-6 1.11951E-7 6.32015E-8 1.21944E-7 1.56163E-13 3.46378E-16 -9999
5.41978E-4 3.11945E-4 2.41661E-4 3.52241E-4 5.74081E-4 6.2285E-4 1.40749E-3 1.99972E-3 2.77562E-3 2.16815E-3 4.10964E-3 2.43476E-2 6.72055E-2 3.89922E-2 1.59164E-2 2.61374E-2 1.20701E-1 1.77816E-1 1.48075E-1 1.39087E-1 1.34645E-1 1.30335E-1 1.2202E-1 1.19312E-1 1.2202E-1 1.28904E-1 1.39026E-1 1.51167E-1 1.75497E-1 2.0509E-1 2.53921E-1 3.07957E-1 3.45797E-1 3.72961E-1 3.75769E-1 3.61832E-1 3.51806E-1 3.83668E-1 4.37105E-1 5.0219E-1 5.70962E-1 6.20859E-1 6.41334E-1 6.45652E-1 6.4591E-1 6.47143E-1 6.47722E-1 6.37709E-1 6.07014E-1 5.65062E-1 5.05602E-1 3.71439E-1 1.29109E-1 4.90938E-2 8.8245E-3 2.71113E-3 3.54587E-4 2.31489E-6 2.08194E-7 8.22376E-7 3.92759E-6 1.35838E-5 4.48445E-7 7.0752E-10 2.81286E-10 5.00996E-9 3.04524E-13 2.0958E-13 7.75E-16 -9999
4.14079E-4 3.63456E-4 3.25555E-4 3.88458E-4 6.2014E-4 8.84497E-4 6.58449E-4 1.07992E-3 1.61022E-3 3.24113E-3 1.08516E-2 3.76773E-2 3.65238E-2 1.93103E-2 2.14443E-2 4.22158E-2 8.58405E-2 1.77703E-1 1.46082E-1 1.28775E-1 1.27369E-1 1.19138E-1 1.15285E-1 1.12677E-1 1.06331E-1 1.0884E-1 1.14015E-1 1.2202E-1 1.40572E-1 1.75497E-1 2.23823E-1 2.98308E-1 3.64659E-1 3.96387E-1 3.8778E-1 3.5897E-1 3.3679E-1 3.54952E-1 4.0049E-1 4.51612E-1 5.11508E-1 5.52324E-1 5.82408E-1 6.10082E-1 6.28784E-1 6.33007E-1 6.44694E-1 6.53951E-1 6.41423E-1 6.21591E-1 6.25957E-1 5.68596E-1 4.1742E-1 1.60369E-1 8.33367E-2 1.0687E-2 7.36934E-4 2.33669E-5 1.61773E-4 1.17268E-4 1.46982E-6 1.71417E-7 1.07321E-6 9.85214E-7 3.40209E-7 1.09837E-10 6.97752E-14 1.70606E-15 2.60223E-16 1.20534E-15
2.77478E-4 1.27545E-4 2.25887E-4 4.47016E-4 6.61758E-4 6.33791E-4 1.35344E-3 2.9867E-3 3.67375E-3 3.42699E-3 1.62493E-2 3.59981E-2 1.82677E-2 2.17125E-2 2.53193E-2 8.50077E-2 1.15827E-1 1.78558E-1 1.45179E-1 1.24586E-1 1.17576E-1 1.16251E-1 1.11048E-1 1.01316E-1 9.89288E-2 9.65809E-2 9.55318E-2 9.90424E-2 1.11388E-1 1.46607E-1 1.98186E-1 2.84468E-1 3.85131E-1 4.2199E-1 3.88536E-1 3.47818E-1 3.27563E-1 3.3162E-1 3.60976E-1 4.04361E-1 4.40768E-1 4.76009E-1 5.03863E-1 5.72885E-1 6.21058E-1 6.295E-1 6.36162E-1 6.50234E-1 6.55735E-1 6.55471E-1 6.46904E-1 6.00683E-1 4.94548E-1 3.82107E-1 2.25414E-1 6.9357E-2 3.7039E-3 2.28332E-4 8.82855E-5 8.48094E-6 1.90596E-5 3.6507E-7 1.9366E-6 1.23967E-6 1.00961E-5 8.11154E-7 5.70307E-11 1.83757E-14 4.23589E-10 3.32235E-11
2.8626E-4 4.20799E-5 3.99395E-4 2.3289E-3 6.83124E-3 5.56147E-3 3.91841E-3 5.41485E-3 1.0989E-2 1.51721E-2 2.91566E-2 2.18623E-2 1.84489E-2 1.8267E-2 5.2438E-2 8.30107E-2 8.65479E-2 1.7381E-1 1.47542E-1 1.17576E-1 1.07831E-1 1.08211E-1 1.00842E-1 9.5235E-2 8.95967E-2 8.52617E-2 8.10812E-2 7.90484E-2 8.86732E-2 1.19272E-1 1.65545E-1 2.508E-1 3.91384E-1 4.20433E-1 3.63182E-1 3.2217E-1 3.01876E-1 3.07278E-1 3.25533E-1 3.53871E-1 3.76934E-1 4.08933E-1 4.69174E-1 5.67168E-1 6.20726E-1 6.17024E-1 6.21443E-1 6.35745E-1 6.51767E-1 6.58764E-1 6.46772E-1 6.06461E-1 5.61579E-1 4.92549E-1 4.21944E-1 2.15884E-1 3.38525E-2 2.14428E-4 1.00968E-5 7.71064E-6 5.00737E-7 6.19964E-7 3.22818E-7 2.20301E-7 4.03493E-7 9.87009E-7 1.72647E-7 2.73344E-9 2.98524E-10 4.92624E-15
4.40902E-4 6.14909E-4 3.04619E-3 2.72263E-3 4.86979E-3 1.23114E-2 1.15723E-2 1.20525E-2 1.52775E-2 1.7108E-2 1.96511E-2 2.40955E-2 3.02396E-2 4.25059E-2 8.13959E-2 1.08112E-1 5.6072E-2 1.7742E-1 1.51619E-1 1.09772E-1 9.76869E-2 9.69441E-2 9.23614E-2 8.79349E-2 8.39667E-2 7.88262E-2 7.48845E-2 7.01675E-2 7.50965E-2 1.07251E-1 1.41865E-1 2.08988E-1 2.94581E-1 3.23088E-1 2.88496E-1 2.68183E-1 2.66197E-1 2.77702E-1 2.87739E-1 3.07278E-1 3.23504E-1 3.56962E-1 4.37105E-1 5.29291E-1 5.73002E-1 5.80821E-1 5.87202E-1 6.11192E-1 6.45109E-1 6.59985E-1 6.54914E-1 6.42585E-1 6.39857E-1 5.95112E-1 5.17614E-1 4.00891E-1 1.83554E-1 4.54209E-3 4.04932E-7 3.99962E-8 1.83411E-8 1.54314E-8 1.24866E-10 1.28586E-9 1.3213E-10 3.64632E-9 4.20552E-8 1.7878E-7 6.12242E-10 9.67725E-12
7.82581E-4 1.04645E-4 5.31362E-5 4.81234E-4 2.7081E-3 4.23337E-3 5.07271E-3 6.14176E-3 8.52771E-3 1.73698E-2 2.95802E-2 4.27445E-2 5.36985E-2 7.71747E-2 1.13905E-1 1.42129E-1 1.35156E-1 1.78204E-1 1.53703E-1 1.04482E-1 8.86352E-2 8.54012E-2 8.12236E-2 8.22536E-2 7.81904E-2 7.62155E-2 7.46114E-2 7.08321E-2 7.95456E-2 9.61262E-2 1.27128E-1 1.65369E-1 2.12664E-1 2.31488E-1 2.27689E-1 2.21944E-1 2.27599E-1 2.40989E-1 2.66197E-1 2.85727E-1 2.95807E-1 3.19446E-1 4.09199E-1 4.88938E-1 5.27853E-1 5.38981E-1 5.41733E-1 5.72179E-1 6.29691E-1 6.59704E-1 6.6009E-1 6.58996E-1 6.60386E-1 6.51664E-1 6.0096E-1 5.24582E-1 3.4217E-1 9.21252E-2 4.39355E-4 1.25782E-9 4.45632E-14 1.1635E-13 3.11902E-15 9.0828E-16 3.92034E-15 6.16748E-13 1.82405E-10 1.14965E-8 2.06882E-8 2.77295E-9
8.40302E-4 3.16859E-4 2.88725E-5 4.82611E-5 1.04063E-3 4.97925E-3 9.61886E-3 1.35378E-2 2.36577E-2 4.418E-2 5.72838E-2 6.53646E-2 7.37537E-2 8.30107E-2 1.01053E-1 1.20542E-1 1.25893E-1 1.9068E-1 1.55256E-1 9.72903E-2 8.1822E-2 7.67909E-2 7.58129E-2 7.58129E-2 7.67909E-2 7.87751E-2 7.58129E-2 7.33232E-2 8.05608E-2 9.01287E-2 1.10747E-1 1.32802E-1 1.58613E-1 1.7365E-1 1.75516E-1 1.75571E-1 1.82387E-1 2.08967E-1 2.42922E-1 2.84183E-1 2.98308E-1 3.14045E-1 3.9171E-1 4.7486E-1 5.12234E-1 5.07588E-1 4.73147E-1 5.01283E-1 5.93881E-1 6.48043E-1 6.58559E-1 6.61665E-1 6.60667E-1 6.57954E-1 6.37754E-1 5.87592E-1 3.75073E-1 1.71507E-1 2.64911E-2 1.06351E-4 4.99694E-9 3.61694E-12 8.67801E-12 1.68613E-15 3.75662E-20 3.78892E-16 1.82575E-11 9.22007E-9 2.43583E-8 4.93363E-7
2.62089E-3 1.18224E-2 1.63542E-2 5.49674E-3 2.48309E-3 7.37046E-3 2.19135E-2 3.49247E-2 4.24899E-2 6.69888E-2 9.61032E-2 9.40705E-2 1.00838E-1 9.01273E-2 7.73068E-2 1.38695E-1 9.08119E-2 1.96461E-1 1.42342E-1 8.1822E-2 6.97088E-2 7.06262E-2 6.97088E-2 7.06262E-2 7.73046E-2 8.03064E-2 7.82958E-2 7.77783E-2 7.9192E-2 8.43424E-2 9.69441E-2 1.11637E-1 1.2679E-1 1.3863E-1 1.44879E-1 1.47931E-1 1.57476E-1 1.84111E-1 2.20159E-1 2.56587E-1 2.68458E-1 2.96285E-1 3.7918E-1 4.68759E-1 5.0994E-1 5.1303E-1 4.52848E-1 4.68759E-1 5.68012E-1 6.17397E-1 6.34505E-1 6.5422E-1 6.39923E-1 6.58349E-1 6.23782E-1 5.6705E-1 4.63879E-1 3.11752E-1 1.43981E-1 2.80422E-2 4.70056E-5 5.93089E-7 7.51209E-9 2.89456E-11 5.22078E-13 2.85477E-16 1.07812E-12 6.76439E-8 4.17313E-5 1.28023E-5
1.36788E-2 1.03092E-1 1.50148E-1 2.00096E-1 9.91087E-2 1.72096E-2 2.51781E-2 8.88936E-2 1.17813E-1 1.29897E-1 1.3754E-1 1.28179E-1 1.27361E-1 6.85432E-2 1.28387E-1 1.90121E-1 1.28109E-1 1.86361E-1 1.1363E-1 7.63227E-2 6.56673E-2 6.74273E-2 6.88006E-2 6.79013E-2 7.29233E-2 7.67703E-2 7.48283E-2 7.06262E-2 7.24882E-2 7.38849E-2 8.39008E-2 9.53654E-2 1.09884E-1 1.15533E-1 1.21285E-1 1.28532E-1 1.464E-1 1.70492E-1 2.05339E-1 2.33396E-1 2.43016E-1 2.74541E-1 3.51403E-1 4.41025E-1 4.8802E-1 5.01057E-1 4.84687E-1 5.37167E-1 5.68574E-1 5.90046E-1 6.07651E-1 6.42621E-1 6.25643E-1 6.13791E-1 6.6202E-1 6.3271E-1 5.71848E-1 4.70058E-1 3.27085E-1 1.6206E-1 7.70034E-3 5.71842E-4 9.29472E-4 1.12634E-4 1.70571E-8 1.31809E-7 7.71309E-10 6.2796E-8 2.05388E-8 1.12212E-7
4.04331E-2 1.33113E-1 1.48393E-1 1.84489E-1 1.91517E-1 1.29152E-1 9.38584E-2 1.24957E-1 1.40335E-1 9.12729E-2 9.41559E-2 8.87025E-2 1.01642E-1 1.9064E-1 1.97955E-1 1.44625E-1 2.19877E-1 1.6066E-1 1.09325E-1 8.11597E-2 7.38712E-2 6.83207E-2 6.65428E-2 6.56673E-2 6.83207E-2 6.74273E-2 6.56673E-2 6.48006E-2 6.4394E-2 6.88006E-2 7.53502E-2 8.54987E-2 9.37314E-2 1.04887E-1 1.10359E-1 1.15937E-1 1.34245E-1 1.60505E-1 1.87332E-1 2.10823E-1 2.23845E-1 2.46827E-1 3.00735E-1 3.69646E-1 4.26239E-1 4.53889E-1 4.71413E-1 5.12412E-1 5.40314E-1 5.30374E-1 5.47167E-1 5.78321E-1 6.01454E-1 6.23743E-1 6.57708E-1 6.61613E-1 6.40038E-1 5.67481E-1 4.46009E-1 2.73679E-1 7.74364E-2 1.51582E-2 1.16205E-2 2.10764E-2 5.95766E-3 2.24981E-5 5.92081E-11 5.56063E-10 2.1156E-7 6.91373E-9
9.19604E-2 1.11783E-1 9.81143E-2 8.74498E-2 1.17576E-1 1.40342E-1 1.58715E-1 1.31967E-1 1.27719E-1 1.23659E-1 1.37227E-1 1.59254E-1 2.21241E-1 2.35693E-1 2.52825E-1 1.91356E-1 2.04199E-1 1.47698E-1 1.20938E-1 9.8699E-2 8.11597E-2 6.92231E-2 6.39427E-2 6.22533E-2 5.97843E-2 6.22533E-2 6.14217E-2 5.97843E-2 5.89785E-2 6.22533E-2 6.92231E-2 7.77553E-2 8.8123E-2 9.77673E-2 1.05579E-1 1.12442E-1 1.2775E-1 1.42727E-1 1.5702E-1 1.73339E-1 1.83863E-1 2.08778E-1 2.48537E-1 3.08771E-1 3.59509E-1 3.97302E-1 4.35601E-1 4.73268E-1 4.88498E-1 4.69805E-1 4.41151E-1 4.39307E-1 5.65254E-1 6.16634E-1 6.30902E-1 6.37572E-1 6.61669E-1 6.16812E-1 5.06892E-1 3.89963E-1 2.48972E-1 1.07591E-1 6.40511E-2 9.19589E-2 9.15549E-2 3.74223E-3 2.03785E-6 1.84435E-8 3.22769E-8 9.45003E-9
8.17028E-2 5.90302E-2 4.39471E-2 4.55992E-2 5.59784E-2 9.54493E-2 1.57965E-1 1.55109E-1 1.52361E-1 1.60625E-1 1.85314E-1 1.85389E-1 2.13988E-1 2.43532E-1 2.49116E-1 2.40121E-1 1.72338E-1 1.53332E-1 1.38252E-1 1.1739E-1 9.2954E-2 7.1055E-2 5.93136E-2 5.69393E-2 5.81811E-2 5.81811E-2 5.58398E-2 5.46402E-2 5.46402E-2 5.93136E-2 6.86835E-2 7.81419E-2 8.63777E-2 9.5223E-2 1.04252E-1 1.08067E-1 1.13159E-1 1.15039E-1 1.22222E-1 1.36798E-1 1.50351E-1 1.69575E-1 2.10251E-1 2.55955E-1 3.04441E-1 3.43041E-1 3.89141E-1 4.37363E-1 4.6622E-1 4.59159E-1 4.35508E-1 4.57378E-1 5.80713E-1 5.99637E-1 5.4308E-1 5.62425E-1 6.50936E-1 6.47551E-1 5.49753E-1 4.69043E-1 3.9776E-1 2.64611E-1 2.02865E-1 1.83554E-1 1.30218E-1 3.15073E-2 1.91707E-3 1.38116E-5 1.7484E-6 3.01709E-7
