KUENM/Final_Models/M_0.1_F_lq_Set_2_EC/sp1_min.asc
ncols         197
nrows         210
xllcorner     56.1666666666667
yllcorner     4.5
cellsize      0.166666666666667
NODATA_value  -9999
[rows 84 to 111 of 210, columns 65 to 129 of 197]
7.75821E-2 8.1797E-2 8.61134E-2 8.82563E-2 8.66954E-2 8.13839E-2 7.15828E-2 6.18219E-2 5.60837E-2 6.13129E-2 7.1932E-2 8.78398E-2 1.01344E-1 1.02012E-1 9.2416E-2 8.13209E-2 8.36423E-2 9.54398E-2 1.09574E-1 1.22362E-1 1.31852E-1 1.33244E-1 1.40333E-1 1.49126E-1 1.45473E-1 1.63555E-1 1.73014E-1 1.77426E-1 1.76984E-1 1.78542E-1 2.12191E-1 3.084E-1 3.65193E-1 3.82028E-1 4.32837E-1 5.06142E-1 5.59301E-1 5.79812E-1 5.83463E-1 5.79679E-1 4.72022E-1 4.14215E-1 4.36717E-1 4.69047E-1 5.06978E-1 5.41934E-1 5.67563E-1 5.77945E-1 5.84008E-1 5.66504E-1 5.07345E-1 5.05854E-1 5.29251E-1 5.26395E-1 5.54064E-1 5.83351E-1 5.75046E-1 5.09987E-1 4.4486E-1 3.72884E-1 3.18288E-1 4.15911E-1 3.38089E-1 2.94552E-1 3.00544E-1
8.34129E-2 9.02163E-2 9.09249E-2 9.63457E-2 9.7096E-2 9.18993E-2 7.71408E-2 7.0167E-2 6.6153E-2 7.03166E-2 8.2226E-2 9.53111E-2 1.06423E-1 1.12086E-1 1.02012E-1 9.35113E-2 9.39549E-2 1.09574E-1 1.3047E-1 1.55157E-1 1.64449E-1 1.66025E-1 1.72408E-1 1.71548E-1 1.651E-1 1.74703E-1 1.90552E-1 1.94459E-1 2.02627E-1 2.12593E-1 2.37391E-1 2.8026E-1 3.42837E-1 4.29459E-1 5.00474E-1 5.6934E-1 5.90362E-1 5.86517E-1 5.87109E-1 5.17953E-1 4.08391E-1 4.59064E-1 4.81556E-1 5.04624E-1 5.34282E-1 5.60013E-1 5.67173E-1 5.62989E-1 5.52134E-1 4.97517E-1 4.55462E-1 5.10313E-1 5.34871E-1 4.79621E-1 4.99571E-1 5.07405E-1 4.88462E-1 4.77459E-1 4.50277E-1 3.8526E-1 3.06514E-1 3.90156E-1 3.08429E-1 2.6571E-1 2.61571E-1
9.48998E-2 9.87083E-2 1.03647E-1 1.04005E-1 1.03004E-1 9.77036E-2 8.70932E-2 7.81683E-2 7.8367E-2 8.12487E-2 9.12361E-2 1.00596E-1 1.09637E-1 1.1457E-1 1.11604E-1 1.07359E-1 1.19211E-1 1.33244E-1 1.59767E-1 1.88886E-1 1.97385E-1 1.99104E-1 1.99778E-1 1.98943E-1 2.0086E-1 2.05437E-1 2.16715E-1 2.22722E-1 2.38176E-1 2.63883E-1 2.90212E-1 3.33607E-1 4.02568E-1 4.83253E-1 5.58652E-1 5.95557E-1 5.98893E-1 5.84404E-1 4.63106E-1 3.19951E-1 4.14732E-1 4.83437E-1 5.06652E-1 5.28711E-1 5.38641E-1 5.51265E-1 5.55996E-1 5.27125E-1 5.1129E-1 4.2956E-1 3.66445E-1 3.6406E-1 4.44563E-1 5.01157E-1 4.83382E-1 4.43163E-1 3.94567E-1 4.0295E-1 4.05622E-1 3.37896E-1 2.59653E-1 2.8711E-1 2.66356E-1 2.29518E-1 2.11687E-1
9.97044E-2 1.07044E-1 1.05764E-1 1.09635E-1 1.05371E-1 1.01927E-1 9.45808E-2 9.28073E-2 9.31331E-2 9.6413E-2 1.0524E-1 1.06423E-1 1.13324E-1 1.15826E-1 1.20465E-1 1.26491E-1 1.41118E-1 1.58222E-1 1.82209E-1 2.07794E-1 2.23798E-1 2.24383E-1 2.30377E-1 2.3397E-1 2.35197E-1 2.39138E-1 2.48623E-1 2.71541E-1 2.91102E-1 3.26469E-1 3.8442E-1 4.27761E-1 5.24184E-1 5.61257E-1 6.0355E-1 5.66153E-1 5.73222E-1 4.97062E-1 3.37624E-1 3.76756E-1 4.37825E-1 4.71037E-1 5.14425E-1 5.35713E-1 5.3876E-1 5.34405E-1 4.88794E-1 4.73567E-1 4.8406E-1 4.40646E-1 3.68392E-1 3.26637E-1 3.56487E-1 4.4482E-1 4.8754E-1 3.93685E-1 3.4135E-1 3.31987E-1 3.24634E-1 2.57733E-1 1.83097E-1 1.44609E-1 1.62473E-1 1.75321E-1 1.72445E-1
8.75747E-2 9.90047E-2 1.03647E-1 1.0581E-1 1.05916E-1 1.11586E-1 1.06736E-1 1.0603E-1 1.08426E-1 1.10857E-1 1.1709E-1 1.13324E-1 1.19173E-1 1.23077E-1 1.34702E-1 1.48419E-1 1.60532E-1 1.78009E-1 1.94655E-1 2.19021E-1 2.35593E-1 2.48381E-1 2.55686E-1 2.63872E-1 2.65667E-1 2.78644E-1 3.00006E-1 3.31893E-1 3.63611E-1 4.1541E-1 4.89176E-1 5.44331E-1 5.61614E-1 5.85423E-1 5.34499E-1 5.13123E-1 4.69315E-1 3.60564E-1 2.48694E-1 3.49277E-1 4.46318E-1 4.9484E-1 5.24861E-1 5.41196E-1 5.30222E-1 5.07101E-1 4.48726E-1 4.08392E-1 4.12779E-1 3.78457E-1 3.42162E-1 3.28675E-1 3.4416E-1 4.24283E-1 3.87927E-1 3.43345E-1 3.11984E-1 3.05994E-1 2.72716E-1 2.08627E-1 1.35748E-1 6.93431E-2 7.89174E-2 1.40242E-1 1.61297E-1
-9999 9.65795E-2 1.03647E-1 1.09711E-1 1.14976E-1 1.1843E-1 1.19211E-1 1.1989E-1 1.21767E-1 1.24396E-1 1.27059E-1 1.17889E-1 1.24396E-1 1.33871E-1 1.50556E-1 1.6271E-1 1.78009E-1 1.9296E-1 2.12409E-1 2.30173E-1 2.48482E-1 2.53542E-1 2.72961E-1 2.84768E-1 2.96445E-1 3.30135E-1 3.61397E-1 4.03883E-1 4.43533E-1 4.92903E-1 5.44949E-1 5.9188E-1 5.97046E-1 6.07523E-1 6.29199E-2 5.07063E-1 3.82925E-1 3.14249E-1 3.13213E-1 3.22562E-1 4.59199E-1 5.10516E-1 5.23939E-1 5.01745E-1 4.79487E-1 4.4388E-1 4.21538E-1 3.90354E-1 3.33419E-1 3.01662E-1 3.07997E-1 3.50145E-1 3.49579E-1 3.84267E-1 2.98645E-1 2.32577E-1 2.68801E-1 2.76853E-1 2.49636E-1 1.75822E-1 1.12387E-1 5.48701E-2 7.20392E-2 1.37374E-1 1.76963E-1
-9999 1.01472E-1 1.09125E-1 1.12757E-1 1.24375E-1 1.29573E-1 1.33244E-1 1.3543E-1 1.41118E-1 1.43224E-1 1.43224E-1 1.41782E-1 1.46132E-1 1.5657E-1 1.65827E-1 1.76974E-1 1.8847E-1 1.98584E-1 2.12705E-1 2.32184E-1 2.49922E-1 2.74784E-1 3.21618E-1 3.30073E-1 3.51432E-1 3.74952E-1 4.13877E-1 4.67055E-1 4.96505E-1 5.38196E-1 5.83052E-1 6.0617E-1 6.18388E-1 5.93304E-1 4.99528E-1 2.2036E-1 3.56119E-1 2.71477E-1 3.25676E-1 3.07398E-1 5.10406E-1 5.67563E-1 5.61209E-1 4.83295E-1 4.2517E-1 3.63449E-1 3.07605E-1 3.00949E-1 3.02929E-1 3.23613E-1 3.58476E-1 3.88041E-1 3.99679E-1 3.68524E-1 2.55436E-1 2.01427E-1 2.24948E-1 2.78885E-1 2.03197E-1 1.34276E-1 1.1908E-1 9.8554E-2 1.16639E-1 1.64051E-1 1.83097E-1
-9999 1.05534E-1 1.14437E-1 1.20975E-1 1.29174E-1 1.3616E-1 1.43788E-1 1.52125E-1 1.67609E-1 1.76382E-1 1.79642E-1 1.80224E-1 1.83502E-1 1.86807E-1 1.9014E-1 1.92204E-1 1.98943E-1 2.07656E-1 2.19803E-1 2.37352E-1 2.6206E-1 2.9857E-1 3.47263E-1 3.55057E-1 3.85745E-1 4.21383E-1 4.61195E-1 4.99436E-1 5.18962E-1 5.52939E-1 5.90565E-1 6.15265E-1 6.32349E-1 5.21166E-1 2.8973E-1 2.72811E-1 3.58366E-1 2.42559E-1 2.29563E-1 3.60581E-1 5.49203E-1 5.99433E-1 5.94786E-1 5.01036E-1 4.65006E-1 3.65669E-1 2.83174E-1 2.54021E-1 2.81824E-1 3.18155E-1 3.68392E-1 3.92898E-1 3.99679E-1 3.34683E-1 2.47722E-1 2.10345E-1 2.26463E-1 2.22282E-1 1.56339E-1 1.14124E-1 1.3436E-1 1.65012E-1 1.86467E-1 2.0249E-1 1.91863E-1
-9999 -9999 1.20194E-1 1.29904E-1 1.37016E-1 1.49062E-1 1.62526E-1 1.78037E-1 2E-1 2.16631E-1 2.33416E-1 2.40721E-1 2.38889E-1 2.28375E-1 2.28375E-1 2.25026E-1 2.19716E-1 2.18053E-1 2.30402E-1 2.46314E-1 2.74784E-1 3.15056E-1 3.44408E-1 3.77314E-1 4.13512E-1 4.52764E-1 4.89908E-1 5.31996E-1 5.46016E-1 5.59133E-1 5.92503E-1 6.10304E-1 6.29702E-1 5.6944E-1 4.00353E-1 3.49433E-1 3.44505E-1 2.3773E-1 3.88425E-1 5.3448E-1 5.823E-1 6.16851E-1 6.25315E-1 5.93617E-1 5.54341E-1 4.16757E-1 2.54021E-1 2.40707E-1 2.77886E-1 3.11621E-1 3.66041E-1 4.20254E-1 3.87068E-1 2.94547E-1 2.51555E-1 2.43359E-1 2.50469E-1 2.32757E-1 1.31317E-1 1.09771E-1 1.45982E-1 2.22906E-1 2.66356E-1 2.28418E-1 1.731E-1
-9999 -9999 1.30175E-1 1.41933E-1 1.5298E-1 1.69273E-1 1.84637E-1 2.07774E-1 2.33977E-1 2.69584E-1 2.96848E-1 3.02767E-1 2.91343E-1 2.72544E-1 2.59476E-1 2.48482E-1 2.53654E-1 2.40207E-1 2.28625E-1 2.68548E-1 3.01302E-1 3.36917E-1 3.89964E-1 4.11193E-1 4.51379E-1 4.83176E-1 5.16592E-1 5.43917E-1 5.64537E-1 5.7001E-1 5.91421E-1 6.02484E-1 6.15265E-1 6.16391E-1 4.93183E-1 3.46211E-1 2.92699E-1 3.04662E-1 3.92898E-1 5.44625E-1 6.16961E-1 6.14081E-1 6.20257E-1 6.19167E-1 5.32077E-1 3.80102E-1 2.53881E-1 2.41647E-1 2.76358E-1 3.10898E-1 3.62078E-1 3.85708E-1 2.79854E-1 2.37374E-1 2.51585E-1 2.58703E-1 2.45261E-1 2.14975E-1 1.34124E-1 1.06353E-1 1.34341E-1 2.25032E-1 2.68542E-1 2.00305E-1 8.69042E-2
-9999 -9999 -9999 1.53226E-1 1.62824E-1 1.86785E-1 2.13774E-1 2.3943E-1 2.66912E-1 3.21039E-1 3.65339E-1 3.82026E-1 3.50399E-1 3.19919E-1 2.76297E-1 2.37408E-1 2.05451E-1 1.9388E-1 2.21558E-1 2.68124E-1 3.10545E-1 3.58486E-1 4.05154E-1 4.33351E-1 4.69814E-1 4.9823E-1 5.11789E-1 5.31996E-1 5.43048E-1 5.71934E-1 5.97806E-1 6.04157E-1 6.11219E-1 6.18304E-1 5.39708E-1 3.88066E-1 3.10432E-1 3.71163E-1 4.01028E-1 4.53859E-1 5.89335E-1 6.33433E-1 6.14445E-1 5.42822E-1 3.80113E-1 3.31527E-1 2.26603E-1 2.31339E-1 2.96077E-1 3.38165E-1 3.33611E-1 3.30163E-1 2.76419E-1 2.6354E-1 2.66628E-1 2.3803E-1 2.0466E-1 1.56251E-1 1.16103E-1 8.49445E-2 8.72298E-2 1.67652E-1 2.21892E-1 1.32391E-1 4.09301E-2
-9999 -9999 -9999 -9999 -9999 -9999 -9999 2.68046E-1 3.06668E-1 3.58453E-1 3.80374E-1 3.97113E-1 4.1334E-1 3.78513E-1 3.08486E-1 2.10661E-1 1.35259E-1 1.64752E-1 2.28625E-1 2.9267E-1 3.63922E-1 4.20341E-1 4.62105E-1 4.78133E-1 4.87041E-1 5.01769E-1 5.20169E-1 5.31802E-1 5.48149E-1 5.68841E-1 5.91966E-1 6.03176E-1 6.06811E-1 5.98624E-1 5.59344E-1 4.75728E-1 3.93818E-1 3.93818E-1 4.14497E-1 4.71637E-1 5.705E-1 6.01302E-1 5.71005E-1 4.12328E-1 1.77702E-1 1.91374E-1 1.6927E-1 1.87517E-1 2.89037E-1 3.07629E-1 2.89037E-1 2.8775E-1 2.67429E-1 2.79854E-1 2.39714E-1 1.77562E-1 1.42889E-1 1.23182E-1 9.1498E-2 5.27716E-2 5.13106E-2 1.01408E-1 1.61835E-1 6.82955E-2 1.54823E-2
-9999 -9999 -9999 -9999 -9999 -9999 -9999 -9999 3.32039E-1 3.67533E-1 4.01281E-1 4.21351E-1 4.32526E-1 4.392E-1 3.91407E-1 2.84886E-1 2.20803E-1 2.40721E-1 2.81828E-1 3.49207E-1 4.27761E-1 4.87357E-1 4.88342E-1 4.87535E-1 5.00633E-1 5.12864E-1 5.29941E-1 5.43132E-1 5.61762E-1 5.76993E-1 5.96229E-1 6.00765E-1 5.79273E-1 5.6027E-1 5.62919E-1 5.35018E-1 4.64927E-1 4.48471E-1 4.54193E-1 4.55932E-1 4.84529E-1 5.28154E-1 5.4414E-1 3.97595E-1 1.9832E-1 1.78381E-1 1.41568E-1 1.51962E-1 2.02067E-1 2.29284E-1 2.53881E-1 2.67429E-1 2.58848E-1 2.58848E-1 1.89877E-1 1.08883E-1 8.62331E-2 8.72874E-2 6.61969E-2 2.74398E-2 1.68066E-2 2.9317E-2 4.66956E-2 2.43926E-2 8.8048E-3
-9999 -9999 -9999 -9999 -9999 -9999 -9999 -9999 -9999 3.8012E-1 4.04749E-1 4.24645E-1 4.47528E-1 4.28471E-1 4.03823E-1 3.82104E-1 3.85463E-1 3.78247E-1 3.71084E-1 4.04325E-1 4.31992E-1 4.64648E-1 4.83635E-1 4.94569E-1 5.16592E-1 5.24171E-1 5.42307E-1 5.53855E-1 5.59297E-1 5.79773E-1 5.92732E-1 5.83605E-1 5.23592E-1 4.97804E-1 5.41331E-1 5.2126E-1 4.43373E-1 4.15478E-1 4.44954E-1 4.27409E-1 3.59948E-1 3.23374E-1 4.05072E-1 3.34869E-1 1.37511E-1 1.38657E-1 1.73826E-1 1.72633E-1 1.73583E-1 2.00557E-1 2.62715E-1 2.72444E-1 2.63655E-1 2.2394E-1 1.3657E-1 6.37453E-2 5.71133E-2 6.51982E-2 4.78099E-2 1.32959E-2 2.41929E-3 6.04565E-3 1.1082E-2 9.70357E-3 5.37878E-3
-9999 -9999 -9999 -9999 -9999 -9999 -9999 -9999 -9999 3.90772E-1 4.09918E-1 4.26285E-1 4.41373E-1 4.3738E-1 4.3134E-1 4.17417E-1 4.15131E-1 4.16742E-1 4.00428E-1 4.11845E-1 4.4655E-1 4.763E-1 5.06908E-1 5.24405E-1 5.405E-1 5.49535E-1 5.56769E-1 5.60374E-1 5.4648E-1 5.72661E-1 5.9127E-1 5.66976E-1 5.34322E-1 4.75944E-1 4.80719E-1 4.55985E-1 3.88633E-1 3.48818E-1 3.61878E-1 3.26884E-1 2.47908E-1 2.30826E-1 2.76006E-1 2.479E-1 1.76183E-1 1.94416E-1 2.06929E-1 2.08747E-1 2.1196E-1 2.31339E-1 2.96986E-1 2.8711E-1 2.15612E-1 1.37287E-1 6.6029E-2 3.19209E-2 3.78693E-2 5.67984E-2 5.30829E-2 1.98759E-2 4.09974E-3 3.02235E-3 4.3633E-3 4.08552E-3 1.83204E-3
-9999 -9999 -9999 -9999 -9999 -9999 -9999 -9999 -9999 -9999 -9999 4.33445E-1 4.44808E-1 4.48643E-1 4.54317E-1 4.4959E-1 4.4519E-1 4.23939E-1 4.19932E-1 4.33381E-1 4.62105E-1 4.95566E-1 5.41287E-1 5.64275E-1 5.73557E-1 5.73557E-1 5.75702E-1 5.68441E-1 5.57783E-1 5.8106E-1 5.76655E-1 5.07592E-1 5.16095E-1 4.95845E-1 4.08849E-1 3.65872E-1 3.97113E-1 3.63037E-1 3.28217E-1 2.72465E-1 2.11127E-1 2.25308E-1 2.86765E-1 3.54446E-1 3.63289E-1 3.52461E-1 2.78854E-1 2.25577E-1 2.27428E-1 2.43377E-1 3.05623E-1 2.84471E-1 1.78612E-1 9.9548E-2 4.49246E-2 2.74517E-2 3.0981E-2 4.18587E-2 4.58219E-2 2.87329E-2 1.29762E-2 6.60028E-3 4.08552E-3 1.68168E-3 8.91394E-4
-9999 -9999 -9999 -9999 -9999 -9999 -9999 -9999 -9999 -9999 -9999 -9999 -9999 4.52748E-1 4.56993E-1 4.58653E-1 4.58314E-1 -9999 -9999 4.8622E-1 4.87486E-1 5.09643E-1 5.71378E-1 5.89037E-1 5.95987E-1 5.92442E-1 5.85918E-1 5.67532E-1 5.71293E-1 5.86479E-1 5.73738E-1 4.70636E-1 5.0615E-1 4.59586E-1 3.05186E-1 2.47016E-1 3.75365E-1 3.88529E-1 3.10712E-1 2.20222E-1 1.32394E-1 1.40454E-1 2.60098E-1 3.93302E-1 4.29404E-1 4.31258E-1 3.19614E-1 2.46386E-1 2.2473E-1 2.21701E-1 2.53486E-1 2.42843E-1 1.52345E-1 9.12611E-2 5.62463E-2 3.39094E-2 3.46832E-2 5.09482E-2 6.70521E-2 5.04943E-2 2.86224E-2 1.90646E-2 9.93724E-3 4.11406E-3 2.25675E-3
-9999 -9999 -9999 -9999 -9999 -9999 -9999 -9999 -9999 -9999 -9999 -9999 -9999 4.44463E-1 4.47528E-1 -9999 -9999 5.39387E-1 5.45975E-1 5.5495E-1 5.56537E-1 5.35947E-1 5.96216E-1 6.14626E-1 6.1326E-1 6.1301E-1 5.94962E-1 5.73953E-1 5.77881E-1 5.93392E-1 5.90961E-1 5.70104E-1 5.50993E-1 4.56268E-1 2.96441E-1 2.37767E-1 3.39871E-1 3.33201E-1 2.43755E-1 1.30396E-1 6.08933E-2 6.7569E-2 1.56251E-1 2.7674E-1 3.646E-1 3.94048E-1 3.5356E-1 2.85141E-1 2.40227E-1 2.13138E-1 1.89041E-1 1.6629E-1 1.18932E-1 8.93297E-2 1.07411E-1 1.0282E-1 8.61761E-2 9.33061E-2 6.96834E-2 4.63753E-2 2.5767E-2 1.42444E-2 6.95664E-3 4.0182E-3 1.96742E-3
-9999 -9999 -9999 -9999 -9999 -9999 -9999 -9999 -9999 -9999 -9999 4.15843E-1 4.17417E-1 4.32526E-1 4.98261E-1 5.19068E-1 5.51515E-1 5.60453E-1 5.62989E-1 5.76532E-1 5.82696E-1 5.98466E-1 6.23951E-1 6.29748E-1 6.31946E-1 6.27244E-1 6.13186E-1 5.90565E-1 5.84788E-1 5.93121E-1 5.92636E-1 5.91549E-1 5.66154E-1 5.00305E-1 3.68451E-1 3.11907E-1 2.8552E-1 2.45617E-1 1.36E-1 4.78268E-2 2.27859E-2 2.97267E-2 8.00286E-2 2.16166E-1 3.4534E-1 4.17493E-1 4.46096E-1 4.32417E-1 4.0295E-1 3.34522E-1 2.13807E-1 1.542E-1 1.08759E-1 2.26885E-1 2.8386E-1 2.50521E-1 1.79694E-1 1.02912E-1 5.9708E-2 2.93739E-2 1.52203E-2 6.59085E-3 3.13595E-3 2.13161E-3 2.8022E-3
-9999 -9999 -9999 -9999 -9999 -9999 -9999 -9999 -9999 -9999 -9999 4.29815E-1 4.26992E-1 4.43326E-1 4.70199E-1 5.31975E-1 5.65811E-1 5.85947E-1 5.77394E-1 5.72603E-1 5.86042E-1 6.23681E-1 6.30187E-1 6.21625E-1 6.11299E-1 6.09981E-1 6.23415E-1 6.07546E-1 6.02084E-1 5.89657E-1 5.8678E-1 5.90403E-1 5.78935E-1 5.33894E-1 4.16548E-1 2.70753E-1 1.03688E-1 9.90555E-2 6.54738E-2 2.46872E-2 1.74662E-2 2.09728E-2 6.20424E-2 1.94833E-1 3.48193E-1 4.5254E-1 5.0812E-1 5.11889E-1 4.90976E-1 5.0282E-1 4.47411E-1 3.8806E-1 3.74398E-1 3.85927E-1 3.54974E-1 3.01943E-1 2.15791E-1 1.21078E-1 4.5779E-2 9.91191E-3 3.67452E-3 1.95814E-3 1.89251E-3 2.82849E-3 5.03319E-3
-9999 -9999 -9999 -9999 -9999 -9999 -9999 -9999 -9999 -9999 -9999 -9999 4.48887E-1 4.61355E-1 4.8591E-1 5.43641E-1 5.69551E-1 5.67388E-1 5.59542E-1 5.70876E-1 5.86729E-1 6.08193E-1 6.18151E-1 6.17276E-1 6.11281E-1 6.01519E-1 6.16157E-1 6.16635E-1 6.04729E-1 5.90121E-1 5.86148E-1 5.8678E-1 5.86856E-1 5.38932E-1 4.30614E-1 2.92605E-1 9.99956E-2 5.74661E-2 4.26136E-2 2.92578E-2 3.10191E-2 3.63634E-2 8.89005E-2 2.10545E-1 3.91884E-1 4.97991E-1 5.55684E-1 5.72157E-1 5.60922E-1 5.53026E-1 4.95719E-1 4.42517E-1 4.08082E-1 3.60948E-1 3.2357E-1 2.82398E-1 1.85458E-1 1.02775E-1 2.93795E-2 2.38678E-3 3.84015E-4 4.21655E-4 1.23081E-3 3.37444E-3 1.11387E-2
-9999 -9999 -9999 -9999 -9999 -9999 -9999 -9999 -9999 -9999 -9999 -9999 -9999 5.01265E-1 5.36523E-1 5.75652E-1 5.6755E-1 5.73835E-1 5.81421E-1 5.90009E-1 5.96006E-1 6.09981E-1 6.18305E-1 6.17977E-1 6.13792E-1 6.01462E-1 6.17837E-1 6.11206E-1 5.94661E-1 5.85811E-1 5.87783E-1 5.94398E-1 -9999 5.52725E-1 4.25161E-1 3.24027E-1 1.37368E-1 5.37216E-2 3.01456E-2 2.92578E-2 3.42358E-2 4.57311E-2 1.26726E-1 2.91481E-1 3.43759E-1 3.98149E-1 5.8557E-1 6.02123E-1 6.04619E-1 5.7562E-1 5.32077E-1 4.96184E-1 4.39635E-1 3.27324E-1 2.479E-1 2.05517E-1 1.41329E-1 6.79447E-2 1.25003E-2 8.38976E-4 1.31769E-4 2.45102E-4 2.13805E-3 1.45686E-2 2.24184E-2
-9999 -9999 -9999 -9999 -9999 -9999 -9999 -9999 -9999 -9999 -9999 -9999 -9999 -9999 5.71825E-1 5.895E-1 5.49792E-1 5.71346E-1 5.71742E-1 5.97208E-1 6.06084E-1 6.09881E-1 6.11474E-1 6.09173E-1 5.9773E-1 6.04533E-1 6.24343E-1 6.169E-1 6.08002E-1 6.05417E-1 6.05313E-1 6.03321E-1 -9999 5.53421E-1 4.4E-1 3.09031E-1 1.39541E-1 3.0142E-2 5.99507E-3 4.66225E-3 8.83642E-3 2.58193E-2 8.43411E-2 2.82888E-1 4.63261E-1 5.44511E-1 5.45408E-1 5.45408E-1 5.62736E-1 5.35802E-1 4.96443E-1 5.18056E-1 4.43618E-1 3.48732E-1 2.4406E-1 1.94116E-1 1.45736E-1 5.25493E-2 6.40863E-3 4.52152E-4 3.08154E-4 5.4959E-4 3.14725E-3 3.15238E-2 7.20392E-2
-9999 -9999 -9999 -9999 -9999 -9999 -9999 -9999 -9999 -9999 -9999 -9999 -9999 -9999 -9999 5.96613E-1 5.86852E-1 5.78321E-1 5.73378E-1 5.43089E-1 4.782E-1 5.19118E-1 5.85035E-1 5.87986E-1 5.95068E-1 6.14519E-1 6.29275E-1 6.28214E-1 6.31904E-1 6.29869E-1 6.22013E-1 6.09223E-1 5.93492E-1 5.13917E-1 3.82087E-1 2.41652E-1 6.11446E-2 6.77388E-3 9.6403E-4 8.19422E-4 4.18422E-3 3.85054E-2 1.99803E-1 4.38753E-1 5.57835E-1 6.07071E-1 6.14518E-1 5.62989E-1 5.31792E-1 4.73632E-1 3.92552E-1 4.1459E-1 3.18881E-1 2.55805E-1 2.01245E-1 1.90224E-1 1.40643E-1 5.9708E-2 1.36916E-2 2.38678E-3 5.03645E-4 3.24564E-5 3.16111E-5 2.11941E-3 5.54447E-2
-9999 -9999 -9999 -9999 -9999 -9999 -9999 -9999 -9999 -9999 -9999 -9999 -9999 -9999 -9999 -9999 5.7934E-1 5.67851E-1 5.33196E-1 4.69636E-1 3.74485E-1 4.67364E-1 5.72512E-1 5.65084E-1 5.69119E-1 5.98031E-1 6.21864E-1 6.30621E-1 6.25086E-1 6.27477E-1 6.02229E-1 5.9243E-1 -9999 3.79744E-1 2.87902E-1 8.79788E-2 5.99685E-3 2.29879E-4 3.81764E-5 8.07617E-5 1.8549E-3 3.3824E-2 2.60653E-1 5.50549E-1 6.01324E-1 5.92697E-1 6.02108E-1 5.76546E-1 5.462E-1 5.03665E-1 4.50237E-1 3.16327E-1 1.99325E-1 2.75248E-1 2.45707E-1 2.81468E-1 2.47865E-1 1.60843E-1 6.08933E-2 8.51479E-3 5.85609E-4 6.52504E-6 6.15531E-5 1.48118E-2 1.65477E-1
-9999 -9999 -9999 -9999 -9999 -9999 -9999 -9999 -9999 -9999 -9999 -9999 -9999 -9999 -9999 -9999 -9999 5.38936E-1 5.02905E-1 4.51892E-1 4.56221E-1 4.92318E-1 5.15975E-1 5.04432E-1 5.21496E-1 5.50791E-1 5.85957E-1 5.97194E-1 6.13619E-1 5.92261E-1 5.59106E-1 -9999 -9999 1.4314E-1 5.08323E-2 2.27191E-3 9.57104E-5 3.09064E-6 5.06812E-7 5.51358E-6 4.02657E-4 1.7787E-2 3.30546E-1 5.84494E-1 6.30474E-1 6.07306E-1 5.98177E-1 5.65031E-1 5.41331E-1 4.86997E-1 4.62301E-1 4.49686E-1 4.48554E-1 4.49181E-1 4.57176E-1 4.33472E-1 3.62901E-1 1.44495E-1 6.70169E-2 1.73211E-2 6.11309E-3 2.70802E-2 2.54339E-1 3.84221E-1 3.91905E-1
-9999 -9999 -9999 -9999 -9999 -9999 -9999 -9999 -9999 -9999 -9999 -9999 -9999 -9999 -9999 -9999 -9999 -9999 4.98099E-1 5.15218E-1 5.32297E-1 5.3188E-1 5.16819E-1 5.36558E-1 5.32311E-1 5.53583E-1 6.02194E-1 6.31946E-1 6.14718E-1 5.68362E-1 5.27231E-1 -9999 -9999 2.72801E-2 2.10904E-3 3.6964E-5 2.25018E-6 8.12097E-8 2.47541E-9 3.83095E-8 3.76474E-5 2.46616E-2 4.416E-1 5.44056E-1 5.79679E-1 6.17754E-1 6.1696E-1 5.98423E-1 5.7845E-1 5.1887E-1 4.74338E-1 4.72727E-1 5.07592E-1 5.18045E-1 5.53117E-1 5.0435E-1 4.13599E-1 4.38274E-1 4.70585E-1 4.62709E-1 4.72232E-1 4.99319E-1 4.94752E-1 4.61037E-1 4.30995E-1
-9999 -9999 -9999 -9999 -9999 -9999 -9999 -9999 -9999 -9999 -9999 -9999 -9999 -9999 -9999 -9999 -9999 -9999 -9999 5.45885E-1 5.77112E-1 5.67173E-1 5.63521E-1 5.79338E-1 5.95871E-1 6.04533E-1 6.20942E-1 6.33484E-1 -9999 -9999 -9999 -9999 -9999 -9999 6.9257E-5 9.36342E-8 2.63562E-10 3.00417E-11 9.77706E-13 4.64319E-11 1.96973E-6 4.58179E-2 4.70017E-1 5.31241E-1 5.55501E-1 6.15062E-1 6.21254E-1 6.07934E-1 5.69493E-1 5.22672E-1 4.55985E-1 4.16532E-1 4.43984E-1 4.80668E-1 5.34322E-1 5.52725E-1 5.47455E-1 5.56147E-1 5.67871E-1 5.52725E-1 5.40173E-1 5.41406E-1 4.97339E-1 4.4956E-1 3.82095E-1
