KUENM/Final_Models/M_0.1_F_lq_Set_2_EC/sp1_2.asc
ncols         197
nrows         210
xllcorner     56.1666666666667
yllcorner     4.5
cellsize      0.166666666666667
NODATA_value  -9999
[rows 56 to 83 of 210, columns 130 to 194 of 197]
7.63362E-5 1.68808E-8 1.21068E-7 7.39044E-10 4.48383E-8 1.99798E-8 1.1481E-7 4.8945E-9 4.28206E-8 1.59718E-7 1.15395E-7 2.67893E-8 4.10926E-8 5.70325E-8 7.24072E-8 4.84844E-7 1.9112E-6 1.95344E-6 3.72964E-6 4.53659E-8 1.0599E-7 3.51E-7 2.49109E-6 2.17323E-6 2.81544E-7 2.13417E-7 1.46282E-8 3.11275E-8 3.08992E-8 1.01591E-7 2.68328E-7 4.37096E-7 5.64693E-7 3.1179E-7 8.61211E-8 1.02126E-7 1.09107E-7 1.57881E-8 2.32883E-9 1.12725E-9 3.33677E-9 4.67398E-10 2.74785E-10 3.25472E-10 -9999 -9999 -9999 -9999 -9999 -9999 -9999 -9999 -9999 -9999 -9999 -9999 -9999 -9999 -9999 -9999 -9999 -9999 -9999 -9999 -9999
1.13185E-2 3.36602E-3 1.58179E-5 6.53104E-11 5.66432E-10 1.43203E-7 8.64456E-9 1.12495E-8 4.30415E-7 2.7813E-7 2.14777E-7 8.92207E-8 2.81205E-9 1.77496E-10 1.45437E-10 1.6984E-7 7.26871E-8 3.80449E-6 5.45866E-6 3.17557E-8 5.30498E-7 5.68349E-8 5.46415E-7 7.90182E-6 1.21176E-4 1.50607E-6 4.64348E-7 1.04347E-7 4.49225E-8 1.4299E-8 5.75248E-8 2.62416E-7 3.47382E-7 5.18968E-7 3.60671E-7 1.10766E-7 6.20959E-8 7.3693E-8 1.68922E-8 1.95116E-9 5.15894E-10 1.56612E-9 3.26534E-10 3.11151E-10 1.56949E-9 1.89402E-10 -9999 -9999 -9999 -9999 -9999 -9999 -9999 -9999 -9999 -9999 -9999 -9999 -9999 -9999 -9999 -9999 -9999 -9999 -9999
4.75365E-2 4.8543E-2 2.23287E-3 1.60308E-6 1.52171E-8 2.38361E-8 8.92199E-9 2.63213E-9 1.94315E-7 2.14403E-7 1.37412E-7 1.1481E-7 3.5566E-9 6.54104E-11 3.86814E-11 5.55017E-12 1.24554E-8 2.45514E-7 8.04474E-6 1.18078E-6 1.65285E-5 6.08721E-6 1.53895E-6 3.59714E-4 1.58764E-3 5.00233E-4 1.39012E-6 2.32855E-7 3.89792E-7 7.42541E-9 7.07396E-9 4.64748E-8 2.49589E-7 3.80685E-7 2.70005E-7 2.23583E-7 8.75093E-8 1.33763E-7 3.7346E-8 3.11939E-8 9.18724E-10 2.46151E-9 4.54748E-9 2.2577E-9 1.14362E-9 4.76733E-10 3.49925E-10 1.5295E-9 -9999 -9999 -9999 -9999 -9999 -9999 -9999 -9999 -9999 -9999 -9999 -9999 -9999 -9999 -9999 -9999 -9999
9.97959E-2 7.05074E-2 1.69852E-2 1.22502E-3 1.02378E-5 1.33592E-6 2.17566E-7 2.70869E-8 2.16713E-9 7.26434E-10 8.14289E-8 1.67924E-7 2.22507E-8 3.03639E-9 1.56243E-7 6.88258E-9 4.215E-8 2.98511E-7 1.72358E-6 2.46902E-5 8.38664E-5 1.58753E-4 6.22983E-5 4.34449E-3 2.59813E-3 1.01156E-3 1.57639E-4 1.94765E-5 1.7054E-6 5.11165E-7 4.90053E-7 6.94364E-8 1.52181E-8 9.1654E-8 1.14376E-7 6.54188E-8 5.86337E-8 2.81148E-7 1.7948E-7 8.87589E-8 3.37931E-8 1.85318E-8 2.13777E-8 9.92359E-9 6.63784E-9 2.1094E-9 3.08626E-9 4.74636E-9 1.54737E-9 1.22138E-9 -9999 -9999 -9999 -9999 -9999 -9999 -9999 -9999 -9999 -9999 -9999 -9999 -9999 -9999 -9999
9.5201E-2 9.90034E-2 4.66714E-2 1.89751E-2 3.66654E-3 4.81819E-4 1.26415E-5 1.99367E-7 4.79657E-11 6.25818E-12 8.64185E-12 3.24169E-9 3.99808E-8 1.33171E-7 2.6088E-8 9.24296E-7 1.58039E-6 6.26173E-7 7.8223E-7 1.90352E-5 1.09173E-4 3.52929E-4 1.83146E-4 3.18428E-3 5.56636E-4 1.79028E-4 2.98372E-5 9.43E-7 6.91191E-8 1.05187E-7 6.15086E-7 1.08142E-6 2.00413E-7 9.64954E-9 2.67834E-8 4.91842E-9 3.00399E-8 1.39625E-7 2.76575E-8 7.9738E-8 6.70027E-8 2.41877E-8 6.83151E-8 4.27106E-8 2.73371E-8 3.92849E-9 7.39416E-9 8.21785E-9 1.05557E-8 9.64234E-9 1.12903E-8 5.44594E-9 -9999 -9999 -9999 -9999 -9999 -9999 -9999 -9999 -9999 -9999 -9999 -9999 -9999
8.43137E-2 9.82263E-2 7.50896E-2 4.42673E-2 2.26095E-2 7.58651E-3 1.38963E-3 5.04344E-5 6.34185E-8 3.18286E-12 2.88325E-12 8.90997E-10 1.08752E-8 3.9557E-8 4.36937E-8 1.42345E-6 2.75992E-6 2.3134E-6 3.25636E-6 9.66878E-6 4.71563E-5 2.39145E-4 6.64301E-4 7.71249E-4 7.15042E-4 4.91537E-4 3.05425E-4 3.26713E-5 3.71253E-7 2.40557E-7 4.418E-7 2.50631E-7 1.29353E-7 1.35931E-8 3.6685E-9 1.46352E-9 1.70974E-7 1.57727E-7 1.20545E-8 1.21904E-7 1.55918E-7 9.91167E-8 8.04983E-8 4.3187E-8 3.68857E-8 1.03021E-7 3.0671E-8 6.58563E-8 5.73116E-8 1.10367E-8 1.2216E-8 3.98938E-9 7.44516E-8 -9999 -9999 -9999 -9999 -9999 -9999 -9999 -9999 -9999 -9999 -9999 -9999
1.04284E-1 1.14857E-1 9.82263E-2 7.66292E-2 5.52146E-2 3.81292E-2 1.46809E-2 1.97343E-3 8.68952E-5 1.63169E-6 2.89876E-8 1.8026E-9 9.9512E-10 1.15634E-8 2.4586E-8 3.50514E-8 5.15264E-7 1.2001E-6 3.25646E-6 2.10747E-6 6.19765E-6 5.51782E-5 5.35361E-4 8.7603E-4 8.84215E-5 3.29464E-5 1.25786E-5 3.01832E-5 1.07829E-4 1.10334E-5 9.77713E-6 1.92142E-7 1.09538E-7 1.01752E-7 5.34283E-9 2.33875E-9 7.30001E-6 1.40647E-7 9.10078E-9 2.54442E-8 1.52814E-8 1.31202E-8 8.85456E-9 2.89525E-8 2.8233E-8 3.80033E-8 2.01198E-8 2.73371E-8 3.2989E-8 5.22826E-9 4.78796E-9 4.12691E-9 6.18415E-9 1.05552E-8 2.33741E-8 -9999 -9999 -9999 -9999 -9999 -9999 -9999 -9999 -9999 -9999
1.63443E-1 1.64763E-1 1.5514E-1 1.26944E-1 1.11526E-1 1.05314E-1 5.30558E-2 1.62032E-2 4.81255E-3 2.73118E-3 5.78613E-4 3.08358E-5 3.60054E-6 1.08871E-5 4.80201E-5 8.37758E-7 3.72533E-8 3.99949E-8 2.84757E-8 1.78529E-7 9.0492E-7 5.76872E-6 8.78867E-6 1.31564E-4 5.16424E-4 2.70242E-4 6.51263E-4 1.06983E-4 9.0966E-5 2.30084E-5 8.11668E-5 4.6279E-6 4.98451E-7 1.13622E-7 1.32889E-8 1.80956E-6 2.18853E-6 7.37673E-9 1.84677E-9 9.86094E-10 4.75267E-9 8.61527E-9 3.27116E-9 4.68467E-9 5.56701E-8 2.28509E-8 8.12658E-8 4.78491E-9 3.25985E-9 2.42949E-9 4.47879E-8 1.01344E-7 2.55911E-9 5.97058E-9 6.70018E-9 3.02227E-9 -9999 -9999 -9999 -9999 -9999 -9999 -9999 -9999 -9999
2.4573E-1 2.35272E-1 2.50243E-1 2.38249E-1 2.38249E-1 1.89251E-1 1.10592E-1 5.06403E-2 2.59732E-2 1.62738E-2 9.24862E-3 2.13106E-3 1.52829E-4 5.94603E-5 7.99143E-6 1.6405E-7 3.54905E-8 1.12657E-8 1.6432E-9 3.32024E-9 5.45958E-8 1.32227E-6 1.19217E-6 6.84517E-6 4.18636E-5 6.16263E-6 1.81903E-6 1.08957E-5 7.5429E-5 4.27125E-5 2.16094E-5 1.21869E-7 5.0123E-9 1.31558E-9 3.58171E-7 5.24985E-6 1.07721E-7 2.03405E-8 7.38413E-8 1.99762E-9 1.25032E-8 1.25862E-7 6.70071E-8 7.98801E-9 1.99723E-7 1.10476E-8 1.20364E-7 9.50747E-8 6.86437E-8 2.11488E-8 5.04827E-8 2.3478E-7 1.83879E-8 9.45265E-8 3.50852E-8 5.80538E-8 4.0081E-8 -9999 -9999 -9999 -9999 -9999 -9999 -9999 -9999
3.08886E-1 2.82337E-1 2.94485E-1 3.1847E-1 3.33105E-1 2.53247E-1 1.40982E-1 7.91161E-2 5.03112E-2 3.08081E-2 1.51033E-2 2.28572E-3 4.24948E-4 3.43681E-4 5.23349E-5 1.46517E-6 3.97133E-7 3.76149E-7 4.42442E-8 3.56683E-9 2.62409E-10 1.23273E-9 3.55417E-10 7.87849E-8 1.34412E-6 5.20295E-8 2.97639E-8 1.28851E-7 2.98469E-7 6.75963E-6 9.6228E-5 2.39108E-5 6.97724E-5 2.61209E-5 1.82705E-4 9.01598E-6 2.32992E-8 1.10375E-7 3.34867E-7 6.58712E-6 3.63327E-8 9.69898E-7 3.64185E-7 6.41169E-8 1.7232E-7 9.1481E-9 3.07634E-9 1.09486E-8 1.91484E-8 3.17571E-8 6.43227E-9 6.02599E-8 4.46009E-7 1.34972E-7 1.32616E-7 1.60131E-7 9.38866E-8 4.85393E-7 -9999 -9999 -9999 -9999 -9999 -9999 -9999
3.62241E-1 3.0736E-1 2.79649E-1 2.99706E-1 3.11931E-1 2.2417E-1 1.15988E-1 8.67334E-2 7.05234E-2 4.1365E-2 1.27404E-2 1.32198E-3 5.03831E-4 1.01706E-3 8.22004E-4 1.06344E-4 4.09545E-5 2.55651E-5 1.1541E-5 1.39326E-6 1.8485E-7 4.95304E-9 5.79047E-11 9.47897E-10 1.75891E-7 1.1285E-5 4.81539E-6 3.72345E-6 3.24495E-7 3.00883E-6 2.27306E-5 2.47255E-6 1.544E-6 2.35231E-10 2.3059E-14 1.41071E-6 2.91045E-8 2.94767E-5 2.65593E-5 2.56975E-5 3.11276E-7 4.9548E-7 4.48168E-4 2.16032E-7 3.37499E-6 9.39705E-6 7.22351E-9 1.58177E-10 1.00407E-8 6.28198E-8 2.78543E-9 1.7622E-9 7.17959E-8 2.21007E-8 1.2249E-7 2.14005E-7 2.51077E-8 5.91762E-8 4.97687E-7 -9999 -9999 -9999 -9999 -9999 -9999
3.99193E-1 3.35107E-1 2.73573E-1 2.78361E-1 2.81552E-1 2.00959E-1 1.16863E-1 1.00372E-1 8.512E-2 5.04403E-2 1.96132E-2 1.93328E-3 8.35794E-4 1.4113E-3 2.19074E-3 1.16819E-3 8.25808E-4 1.07174E-3 1.35736E-3 2.35386E-4 3.56705E-5 2.57597E-5 3.41894E-5 1.0155E-5 3.19564E-7 2.00248E-6 8.08219E-6 4.07469E-6 6.09327E-7 1.071E-7 2.27848E-8 8.50699E-10 2.9776E-10 9.74755E-14 8.18507E-19 9.36287E-32 7.8808E-37 4.38801E-34 6.50035E-29 1.7156E-22 2.24513E-7 3.73822E-5 1.74966E-5 7.26169E-5 2.4408E-5 5.49454E-5 8.27814E-8 4.38741E-9 4.58066E-8 3.20935E-8 2.13154E-9 1.38565E-9 2.69796E-9 1.19135E-9 1.45105E-8 8.06919E-9 4.43145E-8 4.13594E-7 1.67907E-9 2.18912E-7 -9999 -9999 -9999 -9999 -9999
4.32921E-1 3.7261E-1 3.11721E-1 3.06987E-1 3.15358E-1 2.83143E-1 2.11349E-1 1.50425E-1 1.19937E-1 7.65157E-2 4.15278E-2 1.44464E-2 5.75626E-3 4.44183E-3 7.44799E-3 6.18166E-3 4.85058E-3 5.97335E-3 7.20183E-3 3.11353E-3 1.4852E-3 2.52929E-3 7.59752E-3 6.21375E-3 7.36875E-4 2.69625E-6 1.03944E-6 1.28691E-6 4.20522E-6 9.67488E-6 1.75599E-6 2.41081E-9 5.60768E-10 1.18418E-14 1.48659E-17 2.57666E-24 7.06075E-27 2.24253E-29 5.33373E-27 1.16744E-25 2.06564E-20 1.0244E-15 1.34738E-11 3.64941E-7 4.44924E-7 2.0549E-5 7.27127E-6 5.8896E-6 1.22051E-6 2.4747E-7 4.20552E-7 1.24323E-7 9.63537E-10 1.28868E-10 7.88951E-11 1.35E-9 1.56635E-7 7.27291E-7 1.41761E-8 2.5591E-8 7.26009E-9 -9999 -9999 -9999 -9999
4.80393E-1 4.21192E-1 3.71126E-1 3.81475E-1 4.00425E-1 3.72463E-1 3.09195E-1 2.38942E-1 1.71325E-1 1.28419E-1 8.75989E-2 5.10839E-2 3.06986E-2 2.85407E-2 3.27896E-2 1.71047E-2 1.13971E-2 1.10289E-2 1.21486E-2 1.00231E-2 9.8662E-3 1.46271E-2 1.83486E-2 1.06924E-2 1.3376E-3 1.69068E-5 1.30272E-6 9.89651E-7 3.59343E-6 2.12985E-5 3.64407E-5 1.20052E-6 9.19093E-8 7.37362E-10 2.86641E-11 1.91649E-14 2.27686E-17 5.53842E-19 1.56701E-19 9.14744E-19 1.85445E-17 2.61636E-16 2.49017E-13 2.84463E-12 1.07888E-10 1.0209E-12 3.57695E-16 1.66536E-14 5.34472E-13 5.23942E-6 8.46823E-7 3.75205E-8 1.83518E-8 8.07533E-8 7.717E-10 2.37654E-9 1.64255E-6 1.15028E-6 1.78819E-7 7.74852E-9 1.71214E-9 -9999 -9999 -9999 -9999
4.87164E-1 4.68743E-1 4.36869E-1 4.30443E-1 4.70966E-1 4.49606E-1 3.963E-1 3.29286E-1 2.43025E-1 1.89219E-1 1.47627E-1 1.04025E-1 6.69008E-2 5.43974E-2 4.3591E-2 2.37097E-2 1.63398E-2 1.87271E-2 2.02078E-2 1.92964E-2 2.04794E-2 2.30313E-2 1.84208E-2 9.08857E-3 1.95623E-3 1.76784E-4 1.29109E-5 1.772E-6 3.02174E-6 1.70238E-5 5.37634E-5 1.83125E-5 4.8486E-7 1.4435E-9 1.12713E-10 2.2565E-13 2.35646E-14 3.96109E-16 1.36697E-15 2.41623E-14 1.03107E-13 2.20639E-13 5.70242E-14 9.10609E-11 1.68583E-10 2.94338E-12 5.58675E-11 1.59827E-15 3.61176E-19 6.5633E-15 3.11838E-14 1.91425E-6 1.15455E-7 1.23102E-6 1.3845E-8 2.18952E-7 1.83504E-7 3.64972E-15 3.8177E-7 2.72301E-7 1.08238E-7 1.17085E-9 -9999 -9999 -9999
4.97051E-1 4.9416E-1 4.9416E-1 4.80893E-1 4.88185E-1 4.85396E-1 4.48357E-1 3.88644E-1 3.14274E-1 2.57102E-1 2.25746E-1 1.65666E-1 1.03665E-1 5.88823E-2 4.09814E-2 2.55398E-2 1.19581E-2 2.10937E-2 2.70437E-2 2.86207E-2 2.90267E-2 2.82878E-2 1.87657E-2 8.49814E-3 2.62679E-3 6.33198E-4 1.46115E-4 4.71421E-5 3.67547E-5 6.34569E-5 1.88871E-4 1.23625E-4 3.84972E-6 2.24923E-7 3.68827E-9 2.12846E-10 3.75464E-13 2.91411E-15 9.20941E-13 1.90574E-10 1.48595E-10 6.81519E-12 2.16396E-10 2.52528E-13 1.4801E-11 1.66223E-12 4.96961E-8 5.10147E-8 6.97811E-14 5.98794E-13 1.29234E-14 9.05199E-11 5.73808E-9 2.90641E-13 1.61495E-8 8.1278E-13 4.42652E-21 2.38641E-12 3.38229E-7 1.20248E-7 3.06559E-6 1.34636E-8 1.20363E-7 -9999 -9999
5.15712E-1 4.93878E-1 4.99941E-1 4.86481E-1 4.73E-1 4.69475E-1 4.69895E-1 4.44E-1 3.89765E-1 3.24298E-1 2.90729E-1 2.37192E-1 1.64212E-1 6.60227E-2 4.51059E-2 4.09814E-2 2.62827E-2 3.4161E-2 4.77139E-2 4.37718E-2 4.16778E-2 3.40164E-2 2.08633E-2 9.66824E-3 3.83709E-3 1.80217E-3 8.59874E-4 4.39085E-4 2.95723E-4 3.511E-4 4.86259E-4 2.51269E-4 3.62146E-5 2.11498E-5 7.15248E-6 1.37431E-7 4.35718E-9 1.25431E-9 6.6266E-9 4.21689E-8 1.57235E-8 1.90839E-10 3.18214E-12 3.2841E-11 1.47482E-8 1.32095E-8 1.57454E-7 2.15148E-6 3.36339E-6 3.50994E-6 3.54578E-9 1.29789E-11 6.5293E-14 9.50323E-15 4.08996E-14 5.93595E-13 1.53086E-10 1.51043E-13 2.83819E-13 5.60473E-14 1.34854E-11 2.79002E-6 7.22461E-10 -9999 -9999
5.38509E-1 5.01568E-1 4.6113E-1 4.38514E-1 4.4805E-1 4.52042E-1 4.66179E-1 4.64927E-1 4.40442E-1 3.77127E-1 3.2094E-1 3.14153E-1 3.03937E-1 1.72876E-1 8.14929E-2 5.60364E-2 5.74459E-2 9.45531E-2 9.76442E-2 7.82899E-2 6.29021E-2 4.70785E-2 2.71571E-2 1.29242E-2 5.54326E-3 5.18629E-3 5.02338E-3 2.63947E-3 1.31398E-3 1.16819E-3 1.21504E-3 3.40239E-4 5.20418E-5 5.58888E-5 1.61496E-4 2.86648E-5 2.01584E-6 7.53725E-7 9.41348E-7 7.20216E-6 1.35151E-4 5.11335E-6 3.03025E-10 8.56757E-13 1.83226E-12 4.79022E-13 8.10186E-11 3.28303E-6 1.20534E-4 8.12304E-5 3.5403E-5 4.5066E-6 2.56786E-6 1.90715E-8 6.42749E-13 4.73183E-10 7.11335E-4 9.82874E-12 5.94272E-11 1.20871E-9 1.51237E-14 2.01201E-12 4.57993E-23 3.22496E-25 -9999
5.17155E-1 5.0763E-1 4.78735E-1 4.39026E-1 4.41853E-1 4.37603E-1 4.47433E-1 4.55613E-1 4.76274E-1 4.04854E-1 3.27703E-1 3.46132E-1 3.64229E-1 2.70515E-1 1.44771E-1 8.14929E-2 8.33589E-2 1.20853E-1 1.32967E-1 1.36839E-1 1.1694E-1 7.51954E-2 4.18149E-2 2.05647E-2 1.04768E-2 1.76486E-2 2.85407E-2 1.15811E-2 4.521E-3 3.52076E-3 3.15732E-3 1.00187E-3 1.38817E-4 1.90272E-4 6.95607E-4 3.22411E-4 6.55535E-5 5.82322E-5 1.10944E-4 1.63134E-4 6.00432E-4 1.45682E-3 1.63448E-4 3.52074E-7 1.88518E-9 2.35191E-10 1.70243E-9 7.80071E-8 5.68382E-6 8.14879E-5 5.62499E-5 2.3506E-4 3.05093E-5 1.4469E-4 1.99207E-7 3.48428E-4 3.07745E-3 2.66922E-6 3.2809E-5 1.21434E-9 3.81956E-14 1.09731E-16 1.21921E-26 1.38238E-29 -9999
4.90622E-1 5.06074E-1 4.97416E-1 4.41853E-1 3.96364E-1 3.94756E-1 3.7678E-1 3.81102E-1 4.27478E-1 3.93899E-1 3.44469E-1 3.59332E-1 3.54405E-1 2.83451E-1 1.92477E-1 1.65648E-1 1.81833E-1 1.67018E-1 1.55566E-1 2.08389E-1 2.03361E-1 1.1226E-1 5.86836E-2 3.31665E-2 2.05647E-2 2.45421E-2 4.7317E-2 1.99086E-2 9.68288E-3 8.91734E-3 1.08521E-2 8.75458E-3 2.42712E-3 1.38726E-3 1.8361E-3 1.22762E-3 3.55112E-4 6.34694E-4 1.98236E-3 2.45075E-3 2.27446E-3 5.79591E-3 2.24342E-3 1.27602E-4 1.46572E-5 7.73231E-6 1.91509E-5 2.37193E-5 1.41759E-5 6.58901E-6 1.61696E-5 4.87926E-4 1.57682E-4 2.89532E-4 2.32235E-4 1.59698E-4 1.37589E-3 1.36147E-3 1.33883E-5 1.10801E-8 8.39572E-14 2.6567E-24 2.8873E-31 1.90974E-35 6.65617E-43
4.69798E-1 4.92598E-1 4.77561E-1 4.33438E-1 3.92165E-1 3.85014E-1 3.42823E-1 3.32615E-1 3.86649E-1 3.76234E-1 3.68042E-1 3.75529E-1 3.626E-1 3.09049E-1 2.5625E-1 2.64718E-1 2.93697E-1 2.21663E-1 1.77304E-1 2.58689E-1 2.16439E-1 1.27568E-1 8.10267E-2 5.62881E-2 3.55427E-2 2.67698E-2 3.69303E-2 2.63872E-2 2.02476E-2 2.34882E-2 3.3088E-2 3.9101E-2 1.55939E-2 5.95821E-3 6.303E-3 5.69976E-3 3.22774E-3 4.65072E-3 8.22037E-3 5.65752E-3 4.76622E-3 7.84115E-3 4.23843E-3 1.47643E-3 1.32225E-3 9.08829E-4 2.98133E-3 3.45281E-3 1.28677E-3 4.14865E-4 1.06601E-4 2.65676E-5 1.44059E-5 2.66112E-6 5.49222E-9 2.12466E-13 1.45742E-11 5.65306E-10 2.71003E-14 1.15272E-19 3.83102E-21 2.5811E-22 1.14054E-26 1.75919E-41 0E0
4.34858E-1 4.13733E-1 4.40844E-1 4.11603E-1 3.66995E-1 4.43801E-1 4.27245E-1 4.00347E-1 3.97967E-1 4.13733E-1 4.11005E-1 4.11005E-1 4.12529E-1 3.91325E-1 3.81899E-1 3.84328E-1 3.56424E-1 3.00072E-1 2.72427E-1 2.67264E-1 2.11846E-1 1.41847E-1 1.26314E-1 1.05466E-1 6.44483E-2 3.18046E-2 3.80561E-2 4.95798E-2 6.06353E-2 6.36716E-2 5.65229E-2 4.91212E-2 2.76594E-2 1.46226E-2 1.33101E-2 1.1912E-2 1.51254E-2 2.63872E-2 3.6815E-2 3.02733E-2 1.71047E-2 1.63232E-2 1.42006E-2 8.80687E-3 9.97014E-4 5.30196E-4 4.0306E-3 1.21117E-2 8.38493E-3 1.10082E-2 7.85456E-3 3.77837E-4 6.03113E-5 6.91904E-6 1.21477E-7 4.57512E-10 2.65434E-12 5.7925E-16 2.07617E-21 4.14956E-23 3.19418E-21 3.45898E-20 2.5558E-20 5.2747E-31 1.62677E-41
3.94756E-1 3.65092E-1 3.94756E-1 4.00347E-1 3.54977E-1 4.43725E-1 4.62413E-1 4.34858E-1 4.14774E-1 4.1062E-1 4.09056E-1 4.03303E-1 4.39026E-1 4.27478E-1 4.28942E-1 4.07939E-1 3.56641E-1 3.10436E-1 2.95973E-1 2.66282E-1 2.18374E-1 1.91131E-1 1.86454E-1 1.83401E-1 1.29159E-1 7.2986E-2 5.23856E-2 6.96053E-2 1.00012E-1 8.57568E-2 6.19216E-2 5.07332E-2 3.72744E-2 2.28478E-2 1.81845E-2 2.15198E-2 4.54174E-2 1.01499E-1 9.0535E-2 5.93104E-2 2.41067E-2 2.55398E-2 3.80473E-2 2.72778E-2 1.90838E-3 2.13091E-4 5.1256E-3 3.62401E-2 4.00657E-2 3.22491E-2 4.52757E-2 3.26867E-2 7.84841E-3 4.16077E-4 2.53523E-5 4.45947E-7 2.82403E-9 2.4402E-12 3.77312E-16 9.08405E-19 5.7499E-19 1.47835E-18 8.72579E-20 4.95087E-25 2.45766E-32
3.39203E-1 3.12453E-1 3.19051E-1 3.11724E-1 3.27041E-1 3.90515E-1 4.54129E-1 4.21053E-1 3.61721E-1 3.46403E-1 3.51535E-1 3.49827E-1 3.86649E-1 3.77861E-1 3.5324E-1 2.88969E-1 2.59913E-1 2.66282E-1 2.85469E-1 2.6976E-1 2.4216E-1 2.33288E-1 2.28285E-1 2.0361E-1 1.69943E-1 1.23828E-1 6.0406E-2 4.55521E-2 8.62352E-2 8.05275E-2 4.38817E-2 4.9559E-2 4.82724E-2 2.24983E-2 1.90253E-2 4.56725E-2 1.16109E-1 1.52768E-1 9.47495E-2 5.84309E-2 2.63872E-2 3.26316E-2 5.04403E-2 7.99652E-2 9.5228E-2 1.98804E-2 1.53661E-2 3.10316E-2 4.51133E-2 3.9419E-2 6.41474E-2 5.90148E-2 2.64337E-2 4.46839E-3 6.38716E-4 5.40886E-5 3.69818E-6 3.23514E-8 1.65029E-11 7.20521E-15 1.62356E-16 7.89118E-17 6.06134E-18 9.82904E-21 2.76231E-24
2.79905E-1 2.33252E-1 1.87988E-1 1.63955E-1 2.18607E-1 3.28306E-1 3.82512E-1 3.49586E-1 2.91648E-1 2.77495E-1 3.11142E-1 3.53249E-1 3.63577E-1 3.3056E-1 2.6517E-1 1.50445E-1 1.3272E-1 2.27168E-1 2.88106E-1 2.84565E-1 2.59346E-1 2.71501E-1 2.48461E-1 2.06995E-1 1.7131E-1 1.3395E-1 8.62352E-2 7.19459E-2 1.14918E-1 1.00696E-1 3.48153E-2 5.22133E-2 4.90234E-2 9.96804E-3 1.52483E-2 8.16614E-2 2.81972E-1 2.86237E-1 1.1023E-1 6.7453E-2 6.39696E-2 7.73784E-2 8.62137E-2 1.38364E-1 2.08816E-1 7.91878E-2 3.79455E-2 2.87534E-2 4.04408E-2 1.10954E-1 1.12311E-1 6.53264E-2 2.93519E-2 1.10413E-2 3.86616E-3 9.0216E-4 1.44328E-4 8.47428E-6 3.34281E-8 4.67696E-11 2.15976E-13 5.55648E-14 1.01742E-14 2.51049E-16 6.35735E-18
2.60814E-1 2.55271E-1 1.52224E-1 1.05113E-1 2.18813E-1 2.93212E-1 2.83525E-1 2.60388E-1 2.33967E-1 2.52934E-1 3.53249E-1 4.4527E-1 4.33025E-1 3.51345E-1 3.19372E-1 2.20515E-1 1.7517E-1 2.63928E-1 2.91648E-1 2.66926E-1 2.72204E-1 2.84565E-1 2.61077E-1 1.95838E-1 1.55344E-1 1.53932E-1 1.52527E-1 1.46975E-1 1.78701E-1 1.63729E-1 9.21814E-2 7.60858E-2 3.89629E-2 1.21209E-2 2.34992E-2 9.09703E-2 3.18218E-1 3.21751E-1 1.3272E-1 9.7443E-2 1.05145E-1 1.14918E-1 1.10692E-1 1.2883E-1 1.35541E-1 1.13419E-1 8.86858E-2 4.84879E-2 5.62881E-2 1.17283E-1 1.72765E-1 1.08426E-1 4.43475E-2 1.87495E-2 1.12158E-2 3.99258E-3 5.95142E-4 5.91216E-5 3.47324E-6 8.75767E-8 2.14891E-9 2.08029E-10 3.34873E-11 5.42063E-12 1.18436E-12
3.44129E-1 3.076E-1 2.34178E-1 2.18813E-1 3.02284E-1 3.07728E-1 2.22225E-1 2.30738E-1 2.29024E-1 2.67476E-1 3.8554E-1 5.04568E-1 5.30702E-1 5.15931E-1 5.00844E-1 4.90121E-1 3.7028E-1 3.33076E-1 3.49234E-1 2.96065E-1 2.99653E-1 3.00511E-1 2.52443E-1 1.95862E-1 1.5962E-1 1.65414E-1 1.89572E-1 2.02265E-1 2.00656E-1 1.70895E-1 1.56149E-1 1.21898E-1 6.04422E-2 3.53641E-2 4.66342E-2 1.21292E-1 2.51873E-1 2.58987E-1 1.5866E-1 1.47189E-1 1.60127E-1 1.63437E-1 1.6939E-1 1.34496E-1 1.57922E-1 1.7131E-1 1.74295E-1 1.16109E-1 3.56963E-2 5.67408E-2 1.89528E-1 1.22958E-1 5.48934E-2 2.63872E-2 1.35643E-2 4.75074E-3 1.06371E-3 2.56707E-4 1.11987E-4 2.37066E-5 1.71636E-6 1.70864E-7 3.0466E-8 9.58916E-9 6.46913E-9
3.71512E-1 3.60146E-1 3.10415E-1 2.72813E-1 3.11358E-1 3.39647E-1 3.13172E-1 3.11142E-1 2.66926E-1 2.72204E-1 3.49784E-1 4.81219E-1 5.60031E-1 5.61579E-1 5.0551E-1 4.53778E-1 3.9311E-1 3.91377E-1 4.44958E-1 3.94658E-1 3.58358E-1 3.53103E-1 2.81028E-1 2.00656E-1 1.75657E-1 1.81862E-1 2.20265E-1 2.35361E-1 2.32261E-1 1.72406E-1 1.36197E-1 1.23158E-1 8.72445E-2 7.75582E-2 8.85869E-2 1.72855E-1 2.71929E-1 2.84692E-1 2.15297E-1 2.00154E-1 2.17114E-1 2.6614E-1 2.64349E-1 1.82939E-1 2.411E-1 3.35429E-1 2.7573E-1 1.80058E-1 7.22468E-2 7.51842E-2 1.34496E-1 1.1139E-1 6.37194E-2 2.80623E-2 1.27042E-2 5.62167E-3 2.8521E-3 2.02032E-3 1.45756E-3 6.95607E-4 8.0982E-5 1.03538E-5 2.27127E-6 9.07474E-7 1.19364E-7
