KUENM/Final_Models/M_0.1_F_lq_Set_2_EC/sp1_9_se_asia.asc
ncols         320
nrows         243
xllcorner     44.0
yllcorner     -0.666666666666667
cellsize      0.166666666666667
NODATA_value  -9999
[rows 0 to 30 of 243, columns 0 to 69 of 320]
-9999 -9999 -9999 7.84619E-7 -9999 -9999 -9999 -9999 -9999 -9999 -9999 -9999 -9999 -9999 -9999 -9999 -9999 -9999 -9999 -9999 -9999 -9999 -9999 -9999 -9999 -9999 -9999 -9999 -9999 -9999 -9999 -9999 -9999 -9999 -9999 -9999 -9999 -9999 -9999 -9999 -9999 -9999 -9999 -9999 -9999 -9999 -9999 -9999 -9999 -9999 -9999 -9999 -9999 -9999 -9999 -9999 -9999 -9999 -9999 -9999 -9999 -9999 -9999 -9999 -9999 -9999 -9999 -9999 -9999 -9999
-9999 -9999 -9999 1.59298E-8 1.14185E-6 -9999 -9999 -9999 -9999 -9999 -9999 -9999 -9999 -9999 -9999 -9999 -9999 -9999 -9999 -9999 -9999 -9999 4.59914E-6 2.22866E-6 2.69607E-6 -9999 -9999 -9999 -9999 -9999 -9999 -9999 -9999 -9999 -9999 -9999 -9999 -9999 -9999 -9999 -9999 -9999 -9999 -9999 -9999 -9999 -9999 -9999 -9999 -9999 -9999 -9999 -9999 -9999 -9999 -9999 -9999 -9999 -9999 -9999 -9999 -9999 -9999 -9999 -9999 -9999 -9999 -9999 -9999 -9999
-9999 -9999 4.92751E-9 4.96901E-9 2.91461E-8 2.56543E-6 -9999 -9999 -9999 -9999 -9999 -9999 -9999 -9999 -9999 -9999 -9999 -9999 -9999 -9999 1.64513E-5 7.42535E-6 4.5714E-6 3.37069E-6 4.04351E-6 8.26923E-6 -9999 -9999 -9999 -9999 -9999 -9999 -9999 -9999 -9999 -9999 -9999 -9999 -9999 -9999 -9999 -9999 -9999 -9999 -9999 -9999 -9999 -9999 -9999 -9999 -9999 -9999 -9999 -9999 -9999 -9999 -9999 -9999 -9999 -9999 -9999 -9999 -9999 -9999 -9999 -9999 -9999 -9999 -9999 -9999
1.32822E-13 1.21866E-12 2.57585E-11 3.54026E-9 8.31369E-7 2.24818E-6 5.12483E-6 -9999 -9999 -9999 -9999 -9999 -9999 -9999 -9999 -9999 -9999 -9999 3.4864E-5 1.22982E-5 7.96441E-6 5.90421E-6 1.80537E-6 2.24504E-6 4.87024E-6 -9999 -9999 -9999 -9999 -9999 -9999 -9999 -9999 -9999 -9999 -9999 -9999 -9999 -9999 -9999 -9999 -9999 -9999 -9999 -9999 -9999 -9999 -9999 -9999 -9999 -9999 -9999 -9999 -9999 -9999 -9999 -9999 -9999 -9999 -9999 -9999 -9999 -9999 -9999 -9999 -9999 -9999 -9999 -9999 -9999
-9999 1.93172E-14 3.35189E-11 2.49076E-11 2.35385E-10 1.27227E-7 1.20947E-6 1.78402E-6 -9999 -9999 -9999 -9999 -9999 -9999 -9999 -9999 -9999 9.52022E-6 1.59179E-6 1.63838E-6 2.92556E-6 4.3616E-6 1.05863E-6 1.33901E-6 2.46515E-6 5.42853E-6 -9999 -9999 -9999 -9999 -9999 -9999 -9999 -9999 -9999 -9999 -9999 -9999 -9999 -9999 -9999 -9999 -9999 -9999 -9999 -9999 -9999 -9999 -9999 -9999 -9999 -9999 -9999 -9999 -9999 -9999 -9999 -9999 -9999 -9999 -9999 -9999 -9999 -9999 -9999 -9999 -9999 -9999 -9999 -9999
-9999 7.34413E-14 4.28759E-13 1.46527E-12 3.76094E-10 2.54843E-8 4.50089E-7 1.02018E-7 7.49088E-8 4.68931E-6 5.79886E-6 -9999 -9999 -9999 -9999 -9999 4.5091E-7 2.62595E-8 2.63872E-8 5.91789E-9 2.47658E-7 3.68387E-7 2.00541E-8 6.44992E-9 -9999 -9999 -9999 -9999 -9999 -9999 -9999 -9999 -9999 -9999 -9999 -9999 -9999 -9999 -9999 -9999 -9999 -9999 -9999 -9999 -9999 -9999 -9999 -9999 -9999 -9999 -9999 -9999 -9999 -9999 -9999 -9999 -9999 -9999 -9999 -9999 -9999 -9999 -9999 -9999 -9999 -9999 -9999 -9999 -9999 -9999
-9999 -9999 8.18463E-15 3.18701E-12 1.64017E-11 1.09921E-9 1.67051E-7 2.14224E-6 1.83709E-7 1.43402E-8 1.19325E-10 3.14217E-10 8.40853E-8 4.8884E-7 2.7377E-9 1.43448E-9 4.56117E-11 8.0822E-12 1.15762E-9 4.49848E-10 1.24112E-7 1.03291E-7 9.19493E-9 1.4141E-8 2.69161E-10 -9999 -9999 -9999 -9999 -9999 -9999 -9999 -9999 -9999 -9999 -9999 -9999 -9999 -9999 -9999 -9999 -9999 -9999 -9999 -9999 -9999 -9999 -9999 -9999 -9999 -9999 -9999 -9999 -9999 -9999 -9999 -9999 -9999 -9999 -9999 -9999 -9999 -9999 -9999 -9999 -9999 -9999 -9999 -9999 -9999
-9999 -9999 1.45269E-14 1.85967E-14 6.55654E-10 3.02847E-7 8.13854E-7 1.36527E-6 2.61937E-7 1.36968E-7 3.91589E-8 6.97729E-12 1.61512E-12 6.51163E-9 8.10766E-10 4.20325E-10 2.67432E-10 5.19809E-10 6.34199E-10 2.98518E-9 9.36247E-8 8.87851E-7 2.7216E-7 1.18207E-7 7.80417E-9 7.28201E-10 6.95486E-11 -9999 -9999 -9999 -9999 -9999 -9999 -9999 -9999 -9999 -9999 -9999 -9999 -9999 -9999 -9999 -9999 -9999 -9999 -9999 -9999 -9999 -9999 -9999 -9999 -9999 -9999 -9999 -9999 -9999 -9999 -9999 -9999 -9999 -9999 -9999 -9999 -9999 -9999 -9999 -9999 -9999 -9999 -9999
-9999 -9999 3.67253E-13 4.59868E-13 4.71188E-10 2.14751E-7 2.5262E-8 7.66291E-10 2.0409E-8 1.699E-8 4.60915E-8 1.51142E-8 4.44449E-10 4.58277E-11 4.08656E-12 4.66893E-11 2.98958E-10 3.40062E-9 3.44515E-9 9.97962E-9 1.55219E-7 1.58084E-7 1.58739E-9 2.73828E-11 1.67535E-9 4.19841E-9 2.88348E-9 -9999 5.99745E-6 -9999 -9999 -9999 -9999 -9999 -9999 -9999 -9999 -9999 -9999 -9999 -9999 -9999 -9999 -9999 -9999 -9999 -9999 -9999 -9999 -9999 -9999 -9999 -9999 -9999 -9999 -9999 -9999 -9999 -9999 -9999 -9999 -9999 -9999 -9999 -9999 -9999 -9999 -9999 -9999 -9999
-9999 -9999 2.70588E-14 1.07019E-11 1.11065E-8 8.58772E-8 1.59167E-7 2.99351E-7 6.76852E-8 3.25491E-10 5.11432E-10 9.81133E-8 6.98401E-8 4.06803E-8 2.41758E-9 3.71537E-9 1.99469E-9 1.67201E-8 3.25491E-10 5.51634E-12 1.94283E-12 3.04529E-13 4.01782E-17 2.95199E-16 3.78087E-10 5.79615E-9 1.07601E-8 8.22481E-9 7.5926E-7 -9999 -9999 -9999 -9999 -9999 -9999 -9999 -9999 -9999 -9999 -9999 -9999 -9999 -9999 -9999 -9999 -9999 -9999 -9999 -9999 -9999 -9999 -9999 -9999 -9999 -9999 -9999 -9999 -9999 -9999 -9999 -9999 -9999 -9999 -9999 -9999 -9999 -9999 -9999 -9999 -9999
-9999 -9999 1.46673E-13 2.17454E-10 9.67262E-10 5.87847E-9 4.77055E-8 4.86835E-7 6.4146E-7 5.24749E-7 5.16269E-7 6.15901E-7 5.16269E-7 2.13048E-7 2.2208E-8 1.478E-8 1.55654E-8 1.5452E-8 1.03062E-8 1.45726E-9 5.56084E-11 1.22809E-11 5.9198E-13 4.72699E-11 1.8125E-9 2.87399E-9 3.95226E-9 1.3849E-11 1.53638E-7 -9999 -9999 -9999 -9999 -9999 -9999 -9999 -9999 -9999 -9999 -9999 -9999 -9999 -9999 -9999 -9999 -9999 -9999 -9999 -9999 -9999 -9999 -9999 -9999 -9999 -9999 -9999 -9999 -9999 -9999 -9999 -9999 -9999 -9999 -9999 -9999 -9999 -9999 -9999 -9999 5.75089E-4
-9999 1.65246E-13 2.13926E-13 1.03721E-11 5.30814E-11 1.81376E-9 6.05985E-7 9.13857E-7 3.44867E-7 4.71921E-7 7.76825E-7 6.46643E-7 5.67722E-8 1.79205E-9 2.01866E-10 1.57559E-10 9.46024E-10 2.78036E-9 4.2297E-9 8.0398E-9 5.0533E-9 4.86432E-9 3.90478E-10 7.24715E-11 5.57364E-10 2.8052E-9 7.27577E-10 3.18365E-12 3.41409E-7 4.84122E-6 -9999 -9999 -9999 -9999 -9999 -9999 -9999 -9999 -9999 -9999 -9999 -9999 -9999 -9999 -9999 -9999 -9999 -9999 -9999 -9999 -9999 -9999 -9999 -9999 -9999 -9999 -9999 -9999 -9999 -9999 -9999 -9999 -9999 -9999 -9999 -9999 -9999 1.21957E-3 1.18842E-3 9.55807E-4
-9999 -9999 -9999 1.87517E-11 3.84851E-10 2.48235E-9 4.65999E-7 1.00425E-6 6.41897E-7 6.23078E-7 1.01644E-6 2.76702E-7 1.21793E-9 2.92418E-13 6.77943E-15 4.60586E-13 4.72791E-10 7.28201E-10 1.44446E-10 3.54445E-10 2.63811E-11 1.55861E-11 1.17249E-11 1.27203E-9 3.51046E-10 3.00054E-8 1.8719E-9 8.87948E-11 1.3654E-6 1.05603E-5 -9999 -9999 -9999 -9999 -9999 -9999 -9999 -9999 -9999 -9999 -9999 -9999 -9999 -9999 -9999 -9999 -9999 -9999 -9999 -9999 -9999 -9999 -9999 -9999 -9999 -9999 -9999 -9999 -9999 -9999 -9999 -9999 -9999 -9999 -9999 1.45824E-3 1.37647E-3 8.35106E-4 4.62887E-4 2.30415E-4
-9999 -9999 -9999 -9999 7.91461E-11 6.37377E-9 7.17661E-7 9.08132E-7 1.22203E-6 9.62039E-7 6.46644E-7 4.38095E-8 2.14775E-10 2.03003E-11 2.81407E-12 1.92359E-11 1.45726E-9 3.40616E-9 3.38097E-9 1.24437E-8 1.91635E-8 5.59681E-8 1.66021E-7 1.71619E-7 1.84704E-8 2.90178E-7 6.94826E-9 1.14653E-9 5.11021E-8 1.87055E-5 2.81552E-6 -9999 -9999 -9999 -9999 -9999 -9999 -9999 -9999 -9999 -9999 -9999 -9999 -9999 -9999 -9999 -9999 -9999 -9999 -9999 -9999 -9999 -9999 -9999 -9999 -9999 -9999 -9999 -9999 -9999 -9999 -9999 -9999 -9999 -9999 2.16064E-3 1.82979E-3 9.47913E-4 8.37013E-4 6.99535E-4
-9999 -9999 -9999 -9999 6.91163E-13 2.90879E-9 5.60848E-8 8.43108E-7 1.13535E-6 8.95937E-7 1.28265E-6 1.01849E-6 1.84388E-7 3.02204E-8 2.38363E-9 1.52171E-9 1.04565E-8 3.62806E-8 3.65427E-8 1.03062E-8 3.02204E-8 5.80634E-7 3.06569E-6 3.3705E-7 4.57393E-8 1.05838E-6 7.58447E-8 3.37029E-11 2.67903E-9 2.63918E-6 2.40578E-5 5.24713E-7 5.8102E-8 6.50686E-8 2.51299E-7 9.22386E-7 -9999 -9999 -9999 -9999 -9999 -9999 -9999 -9999 -9999 -9999 -9999 -9999 -9999 -9999 -9999 -9999 -9999 -9999 -9999 -9999 -9999 -9999 -9999 -9999 -9999 -9999 -9999 3.12646E-3 3.58525E-3 3.93892E-3 3.56525E-3 2.9083E-3 2.72777E-3 4.98138E-4
-9999 -9999 -9999 -9999 -9999 5.9594E-9 4.69719E-10 1.34231E-8 8.85539E-7 1.2335E-6 1.43436E-6 1.38016E-6 7.7545E-7 4.97056E-8 1.40434E-8 7.23926E-9 1.9534E-9 7.13841E-9 7.08821E-9 1.328E-8 7.18357E-8 2.56222E-7 2.0637E-6 9.28423E-7 7.18357E-8 4.45812E-7 5.64714E-6 3.74701E-7 6.24742E-8 2.30977E-8 5.32998E-5 5.61227E-6 9.26664E-7 4.89255E-7 1.01659E-6 2.23603E-6 4.38547E-6 5.67289E-6 -9999 -9999 -9999 -9999 -9999 -9999 -9999 -9999 -9999 -9999 -9999 -9999 -9999 -9999 -9999 -9999 -9999 -9999 -9999 -9999 -9999 -9999 2.17939E-3 3.04786E-3 4.15819E-3 5.30908E-3 6.00852E-3 5.66385E-3 5.98747E-3 4.59979E-3 1.23118E-3 2.50095E-5
-9999 -9999 -9999 -9999 -9999 5.66007E-12 2.42231E-9 7.9497E-9 2.76477E-7 1.19473E-6 1.67513E-6 1.60028E-6 1.53527E-6 3.24699E-7 6.45626E-8 1.37833E-9 1.73473E-10 2.67336E-10 5.96709E-9 2.69313E-8 2.62917E-7 1.33374E-6 5.47199E-6 3.87178E-6 6.43098E-7 2.47823E-8 5.55315E-8 3.98051E-6 3.20824E-5 4.22295E-8 6.43777E-7 1.10435E-4 3.63504E-5 2.4027E-5 2.05484E-5 5.94802E-5 4.70607E-5 2.08456E-5 1.21947E-5 -9999 -9999 -9999 -9999 -9999 -9999 -9999 -9999 -9999 -9999 -9999 -9999 -9999 -9999 -9999 -9999 -9999 -9999 -9999 -9999 -9999 4.76099E-3 6.4597E-3 8.62659E-3 9.60656E-3 9.11911E-3 8.79674E-3 6.07407E-3 9.27756E-4 2.14405E-5 4.29543E-7
-9999 -9999 -9999 -9999 -9999 1.6152E-12 9.80143E-9 7.08594E-8 1.49921E-7 4.58809E-7 1.62288E-6 8.69856E-7 2.07497E-6 1.35709E-6 3.41194E-7 1.05056E-8 4.77197E-10 3.48472E-11 4.21501E-11 2.72825E-10 6.58266E-8 7.7989E-7 7.93339E-7 6.39389E-7 1.2143E-6 3.57879E-7 2.8214E-9 2.05362E-10 1.47561E-5 3.25173E-4 2.35577E-6 2.92468E-7 1.1757E-4 2.35404E-4 1.11822E-5 1.97373E-6 7.57551E-7 8.37175E-6 4.76506E-7 4.96306E-5 -9999 -9999 -9999 -9999 -9999 -9999 -9999 -9999 -9999 -9999 -9999 -9999 -9999 -9999 -9999 -9999 -9999 -9999 -9999 -9999 8.07156E-3 1.08167E-2 1.29726E-2 1.26676E-2 5.24909E-3 1.96507E-3 2.60051E-5 8.28415E-7 1.39456E-6 5.26098E-8
-9999 -9999 -9999 -9999 -9999 -9999 3.61553E-9 3.29275E-7 9.69338E-9 1.74308E-8 1.27359E-7 1.84261E-8 9.28177E-7 7.06481E-7 6.72869E-7 1.65777E-7 3.21917E-10 5.26485E-12 1.71506E-11 4.76808E-12 3.26432E-11 1.60219E-8 8.61883E-8 1.62067E-9 1.91299E-8 6.91536E-7 2.49172E-7 4.41977E-9 2.0407E-9 2.13133E-6 2.90933E-4 4.49578E-4 5.05049E-4 5.7944E-6 9.48153E-7 5.84535E-8 1.44683E-8 8.11567E-9 4.17689E-11 1.93036E-8 6.58081E-5 7.23941E-5 -9999 -9999 -9999 -9999 -9999 -9999 -9999 -9999 -9999 -9999 -9999 2.95553E-3 3.69869E-3 4.30401E-3 5.21669E-3 5.98965E-3 4.74696E-3 5.59722E-3 1.75596E-3 5.22078E-4 1.57636E-4 2.65775E-5 1.18536E-6 3.29212E-8 1.22262E-7 2.34812E-8 2.88363E-7 3.26699E-6
-9999 -9999 -9999 -9999 -9999 -9999 1.47802E-10 2.4494E-7 1.83102E-9 3.64464E-8 5.21395E-8 2.10273E-8 7.06903E-7 7.77186E-7 8.31973E-8 2.67841E-7 3.29996E-9 2.6589E-10 3.80753E-9 9.52872E-11 9.23486E-11 7.22513E-8 5.54277E-7 4.73308E-8 5.18178E-9 2.38563E-8 3.67203E-8 1.24356E-7 5.75672E-8 4.60608E-9 1.58271E-8 1.41348E-6 5.64485E-4 3.5096E-4 4.6793E-5 5.82044E-6 4.5584E-6 9.96854E-8 2.74732E-11 6.48572E-13 2.89713E-9 1.51421E-7 1.00685E-5 4.47502E-5 1.13815E-4 1.46545E-4 1.70128E-4 2.36906E-4 4.07137E-4 6.24059E-4 9.33232E-4 1.7358E-3 2.70335E-3 3.14157E-3 3.10255E-3 2.01765E-3 9.51015E-4 1.89245E-4 1.02242E-5 1.78396E-6 6.08703E-8 1.29588E-8 5.95363E-11 4.50154E-11 9.48745E-12 1.17598E-8 1.60387E-6 1.74728E-6 1.07958E-5 3.09802E-5
-9999 -9999 -9999 -9999 -9999 -9999 8.71687E-8 4.89156E-8 3.02057E-7 3.17785E-8 1.59224E-7 5.97839E-7 6.56303E-7 2.17897E-7 2.46487E-7 2.93695E-7 4.66788E-8 1.27388E-8 1.86975E-8 6.27365E-11 4.64016E-11 8.92271E-9 4.90647E-8 3.09241E-7 3.83514E-8 2.47742E-7 5.37961E-8 8.70773E-9 5.47816E-8 9.12143E-8 5.05263E-9 1.0911E-7 2.75402E-6 4.43693E-6 6.0811E-7 2.23464E-7 7.72939E-8 6.15901E-7 6.92271E-7 1.04322E-8 1.41828E-11 1.12762E-14 3.28722E-12 2.52202E-6 2.73416E-6 2.25499E-7 2.72229E-7 8.71971E-6 2.49269E-4 5.87479E-4 8.97105E-4 2.03124E-3 2.32191E-3 1.78096E-3 9.02273E-4 6.28769E-4 1.65757E-4 1.14705E-5 4.86703E-7 1.28037E-8 1.45311E-8 1.14746E-8 8.65384E-11 1.13776E-9 8.48814E-8 2.09942E-6 7.61487E-6 3.50521E-6 8.9309E-6 1.64841E-5
-9999 -9999 -9999 -9999 -9999 -9999 -9999 -9999 1.9223E-6 5.75338E-6 4.9034E-8 1.33203E-7 6.7764E-8 2.01699E-7 4.1195E-7 4.8125E-7 7.6688E-9 9.8194E-10 1.46532E-9 6.52183E-9 9.57865E-9 5.11021E-8 3.83146E-7 1.24041E-6 1.45093E-6 8.51368E-8 8.09657E-8 1.3743E-7 2.83102E-8 3.5976E-9 3.14133E-7 1.88422E-7 2.00391E-7 1.79715E-6 1.77372E-5 2.84636E-5 2.35269E-5 3.43388E-6 4.51938E-8 1.76795E-9 1.07919E-11 4.61317E-12 7.37635E-12 6.93851E-10 1.51237E-12 2.04368E-11 4.15796E-10 7.70327E-11 3.11959E-9 3.57215E-7 1.34808E-4 4.05362E-4 1.1845E-3 8.21871E-4 2.51339E-4 2.99906E-4 9.51871E-5 4.86182E-6 6.99702E-7 1.60509E-8 3.6586E-7 3.98606E-6 1.91489E-5 3.46764E-5 4.22648E-5 1.77103E-5 4.09356E-6 1.31188E-6 5.82786E-7 3.62817E-7
-9999 -9999 -9999 -9999 -9999 -9999 -9999 -9999 2.49438E-6 4.22717E-5 2.17773E-6 3.9799E-8 1.09511E-8 4.62723E-8 1.21026E-7 4.96081E-8 2.83124E-9 2.63615E-9 1.13999E-8 3.83966E-8 8.36373E-8 1.21486E-7 5.75923E-7 1.00414E-6 2.08624E-6 1.13615E-6 3.39743E-8 3.08697E-8 1.18712E-7 1.28555E-8 2.68018E-8 1.25256E-6 3.38501E-6 4.33053E-6 3.94351E-5 5.25655E-5 6.26518E-5 5.52735E-5 2.00954E-5 6.68384E-7 1.048E-8 1.89078E-10 4.00638E-12 1.99829E-11 7.90002E-14 7.32047E-15 9.27587E-13 1.52327E-14 2.94382E-12 2.56899E-7 3.07389E-9 6.18344E-10 9.6503E-8 1.10718E-5 4.94268E-5 1.1671E-5 5.66825E-7 9.14941E-8 6.52428E-8 2.51011E-7 1.61016E-5 9.31323E-5 1.41935E-4 1.50233E-4 1.32633E-4 8.80453E-5 4.74039E-5 2.07419E-5 3.4922E-6 1.8983E-6
-9999 -9999 -9999 -9999 -9999 -9999 -9999 -9999 -9999 -9999 3.98441E-6 1.11941E-6 1.11487E-8 4.89408E-8 4.72777E-8 9.90618E-9 1.94304E-9 1.62134E-8 5.3048E-8 1.12385E-7 1.07049E-7 4.47652E-8 2.19323E-7 8.33818E-7 8.11311E-7 1.33374E-6 2.646E-7 3.75996E-8 2.12743E-7 1.88699E-7 3.22924E-8 3.50461E-8 2.27531E-6 1.6851E-5 3.68386E-5 5.80379E-5 6.79499E-5 8.08237E-5 8.15136E-5 5.03712E-5 1.91737E-5 1.89764E-6 1.45191E-8 1.11161E-10 1.30985E-11 3.75587E-10 9.15331E-12 5.37912E-12 2.37911E-13 1.51552E-9 1.53349E-13 1.12465E-12 1.74937E-10 6.279E-9 8.70406E-8 7.41004E-10 4.50985E-10 2.54333E-8 2.95559E-7 9.59881E-6 4.70809E-5 1.28125E-4 2.01565E-4 1.90306E-4 1.75382E-4 1.61404E-4 1.48335E-4 8.94094E-5 2.25197E-5 2.25197E-5
-9999 -9999 -9999 -9999 -9999 -9999 -9999 -9999 -9999 -9999 -9999 -9999 -9999 -9999 7.10755E-9 2.74758E-10 4.04671E-9 8.95232E-9 1.58301E-8 1.83436E-8 5.93059E-8 4.57224E-8 6.54755E-8 1.7353E-7 1.99262E-7 4.99091E-7 2.59563E-7 1.26593E-7 2.68657E-8 4.32035E-9 1.31436E-7 5.57027E-7 5.97403E-7 2.48318E-7 2.5215E-6 2.22142E-5 4.17881E-5 5.53414E-5 5.4324E-5 3.77045E-5 5.0381E-5 4.66397E-5 1.21755E-5 1.19876E-5 2.38096E-5 4.36316E-6 8.24885E-7 3.24883E-8 9.91098E-10 1.08376E-12 8.46148E-11 2.12417E-8 7.69645E-8 5.99861E-9 7.8494E-10 9.18918E-9 3.00787E-7 7.02682E-7 4.99609E-7 1.65721E-6 7.6138E-6 1.08643E-4 1.72977E-4 2.34277E-4 1.17992E-4 1.53039E-4 6.89444E-5 3.68536E-5 1.08488E-5 3.73304E-5
-9999 -9999 -9999 -9999 -9999 -9999 -9999 -9999 -9999 -9999 -9999 -9999 8.33508E-6 4.11721E-6 4.35175E-7 1.10247E-7 6.56078E-9 4.85001E-9 8.74628E-8 3.52796E-8 2.17166E-8 7.08666E-8 2.73599E-7 1.17551E-7 7.26848E-8 1.86456E-7 9.38175E-8 1.98687E-8 1.14571E-8 5.39532E-9 1.26161E-9 9.8073E-9 1.31917E-8 4.7911E-8 2.06902E-7 2.66326E-7 8.61296E-7 3.40352E-6 2.64508E-6 1.93953E-5 7.05591E-5 1.19057E-4 2.20247E-4 3.29441E-4 3.24134E-4 5.28945E-5 2.45965E-5 1.19873E-6 1.31681E-7 1.79093E-7 1.21564E-7 2.42275E-7 1.12294E-9 1.96675E-9 6.05285E-7 4.06087E-5 2.5917E-4 1.58667E-4 1.82709E-5 9.91769E-6 2.25383E-5 1.08481E-4 1.29964E-4 9.64262E-5 9.64262E-5 1.9761E-4 9.51945E-5 3.76835E-5 1.36784E-4 4.19964E-4
-9999 -9999 -9999 -9999 -9999 -9999 -9999 -9999 -9999 -9999 -9999 -9999 3.6557E-6 1.62621E-5 1.09863E-7 1.15799E-6 1.58966E-7 3.24231E-7 1.33193E-7 5.44248E-8 1.41694E-7 2.39438E-7 3.35413E-7 5.28573E-8 2.64864E-8 5.62301E-8 1.42044E-7 1.5721E-7 1.14434E-7 4.39525E-8 4.82912E-8 5.17051E-9 9.80711E-10 1.07925E-9 6.5794E-9 9.76413E-8 9.84769E-7 1.02906E-5 1.49456E-5 2.09489E-5 5.91141E-5 1.79423E-4 3.24134E-4 3.59028E-4 3.6556E-4 2.76471E-4 1.4774E-4 8.46858E-5 3.16964E-5 3.09481E-6 2.25508E-6 2.41942E-7 1.7468E-7 3.37773E-6 1.09919E-4 4.88086E-4 8.65543E-4 5.83349E-4 2.66223E-4 6.15927E-5 2.20873E-5 4.2288E-5 1.77845E-5 5.90306E-6 2.46161E-5 5.03968E-4 1.4338E-3 9.05823E-4 1.15266E-3 1.77044E-3
-9999 -9999 -9999 -9999 -9999 -9999 -9999 -9999 -9999 -9999 -9999 -9999 -9999 6.94746E-7 2.31319E-6 9.5942E-7 1.29963E-8 5.8197E-7 2.43058E-7 2.96381E-8 1.73525E-7 1.98818E-7 1.54509E-7 1.82291E-7 1.74526E-8 8.59864E-9 7.94178E-8 2.90494E-7 3.82569E-7 2.26881E-7 3.52645E-7 1.40306E-7 4.48566E-8 2.63439E-8 1.84124E-9 2.40517E-8 3.15031E-8 1.14807E-6 2.40768E-5 3.78782E-5 5.0568E-5 4.37896E-5 2.53166E-4 3.98706E-4 5.28285E-4 4.66223E-4 3.64939E-4 2.77064E-4 1.75559E-4 2.42305E-4 2.91764E-4 6.06738E-4 8.39128E-4 1.01474E-3 1.18967E-3 1.30241E-3 1.72496E-3 1.51951E-3 1.37174E-3 9.63544E-4 5.14616E-4 4.77891E-4 1.37061E-4 5.56664E-4 1.17255E-3 1.90996E-3 2.32898E-3 2.18583E-3 2.15809E-3 2.10348E-3
-9999 -9999 -9999 -9999 -9999 -9999 -9999 -9999 -9999 -9999 -9999 9.43445E-3 4.68235E-4 4.45093E-5 2.01954E-7 1.39532E-6 2.36945E-7 2.62011E-6 2.03072E-7 4.56007E-8 6.39324E-8 1.12352E-8 1.8234E-9 8.18772E-8 1.16242E-7 2.0627E-8 5.41418E-8 4.39443E-7 6.75472E-7 1.04809E-6 1.09911E-6 1.17141E-6 1.02813E-6 3.53881E-7 2.04867E-7 3.22443E-6 4.54479E-6 1.65107E-5 1.34309E-4 1.22304E-4 2.31481E-4 4.0359E-4 6.81854E-4 6.74417E-4 7.61627E-4 7.04944E-4 6.26528E-4 7.58941E-4 7.79756E-4 8.90583E-4 1.02941E-3 1.20389E-3 1.15702E-3 1.14174E-3 1.87169E-3 1.8473E-3 1.50555E-3 1.30877E-3 1.58783E-3 1.2988E-3 1.00231E-3 2.28889E-3 2.10348E-3 2.61856E-3 2.55233E-3 2.66518E-3 2.36189E-3 2.5969E-3 2.53007E-3 2.46467E-3
-9999 -9999 -9999 -9999 -9999 -9999 -9999 -9999 -9999 -9999 -9999 8.69351E-3 3.30307E-4 4.76691E-6 1.67494E-6 5.91792E-8 5.13606E-7 2.64453E-7 2.97658E-7 4.08701E-7 5.60232E-7 2.01715E-7 4.64398E-8 1.53186E-8 3.41153E-8 6.01108E-8 4.25509E-7 3.85534E-7 6.4093E-8 4.98182E-7 9.246E-7 4.24563E-8 1.28382E-7 6.42795E-7 2.33688E-6 9.3567E-7 1.96002E-5 1.15395E-4 4.70884E-4 5.57001E-4 4.64123E-4 7.35699E-4 9.59544E-4 1.11377E-3 1.01681E-3 1.00231E-3 6.37029E-4 3.28057E-4 9.32136E-4 1.14247E-3 1.49182E-3 1.75936E-3 1.7126E-3 1.0185E-3 9.77176E-4 8.34378E-4 5.02999E-4 9.63724E-4 1.26247E-3 2.12972E-3 2.30734E-3 3.20931E-3 3.16737E-3 3.25172E-3 2.8536E-3 2.77909E-3 2.70621E-3 2.67037E-3 2.63494E-3 2.5999E-3
-9999 -9999 -9999 -9999 -9999 -9999 -9999 -9999 -9999 -9999 6.28164E-2 1.35993E-2 8.67119E-4 7.05572E-6 1.68533E-5 9.89317E-6 1.07427E-6 8.65652E-6 2.92464E-7 3.69362E-8 3.14923E-7 1.65661E-7 8.58361E-8 2.75038E-7 3.0173E-6 8.81435E-9 3.48453E-10 2.11661E-8 2.20412E-8 1.48424E-7 1.33691E-6 1.79069E-7 4.73923E-8 1.16052E-7 2.38877E-8 1.00717E-7 1.65855E-8 1.23308E-6 1.61282E-4 4.4935E-4 5.50964E-4 8.00181E-4 1.02941E-3 1.28168E-3 1.34437E-3 1.40776E-3 1.31539E-3 1.19473E-3 6.91453E-4 2.20006E-4 1.06849E-3 1.55645E-3 1.3749E-3 1.9593E-3 2.23964E-3 2.75889E-3 3.09805E-3 3.42737E-3 3.47411E-3 3.61757E-3 3.56921E-3 3.61757E-3 3.2704E-3 3.2704E-3 3.22657E-3 2.87387E-3 2.87387E-3 2.87387E-3 2.75889E-3 2.75889E-3
