KUENM/Final_Models/M_0.1_F_lq_Set_2_EC/sp1_1_se_asia.asc
ncols         320
nrows         243
xllcorner     44.0
yllcorner     -0.666666666666667
cellsize      0.166666666666667
NODATA_value  -9999
[rows 62 to 92 of 243, columns 210 to 279 of 320]
4.68711E-6 3.17817E-9 1.49371E-11 4.84093E-12 6.31249E-10 5.52063E-8 1.45762E-7 3.02852E-7 2.2032E-6 8.99275E-7 9.34934E-7 1.42335E-6 6.44696E-7 1.90029E-6 1.66195E-5 7.41267E-9 5.00866E-5 4.07935E-8 7.03222E-10 1.93084E-12 1.03399E-18 2.19246E-24 1.17377E-23 2.54609E-20 2.48446E-19 2.14771E-22 -9999 -9999 -9999 -9999 -9999 -9999 -9999 -9999 -9999 -9999 -9999 -9999 -9999 -9999 -9999 -9999 -9999 -9999 -9999 -9999 -9999 -9999 -9999 -9999 -9999 -9999 -9999 -9999 -9999 -9999 -9999 -9999 -9999 -9999 -9999 -9999 -9999 -9999 -9999 -9999 -9999 -9999 -9999 -9999
4.21686E-4 1.94216E-6 6.18869E-10 2.83202E-10 2.36866E-9 3.0077E-8 1.60706E-7 5.93021E-7 1.54068E-6 1.28827E-6 2.92787E-6 1.65729E-5 1.5955E-5 1.31499E-4 2.21075E-6 4.08693E-6 8.89379E-7 1.15788E-7 2.60176E-8 4.97711E-9 2.10239E-12 6.32119E-21 5.41712E-22 5.86976E-21 4.52145E-22 3.02999E-23 2.2068E-27 -9999 -9999 1.1021E-21 1.45839E-21 -9999 -9999 -9999 -9999 -9999 -9999 -9999 -9999 -9999 -9999 -9999 -9999 -9999 -9999 -9999 -9999 -9999 -9999 -9999 -9999 -9999 -9999 -9999 -9999 -9999 -9999 -9999 -9999 -9999 -9999 -9999 -9999 -9999 -9999 -9999 -9999 -9999 -9999 -9999
8.24188E-3 6.4127E-4 2.60354E-5 1.02512E-6 1.11585E-7 6.54365E-8 4.88759E-7 7.8645E-7 7.79976E-7 1.81817E-6 1.4587E-6 8.15298E-7 1.48493E-5 2.37873E-5 7.11716E-5 8.20729E-5 1.76163E-6 2.05326E-10 4.9505E-12 1.19142E-13 2.41731E-12 2.98526E-10 1.66557E-14 3.64704E-15 1.40804E-22 1.36866E-23 1.35394E-23 4.20919E-29 1.69829E-30 1.17081E-14 7.06319E-22 -9999 -9999 -9999 -9999 -9999 -9999 -9999 -9999 -9999 -9999 -9999 -9999 -9999 -9999 -9999 -9999 -9999 -9999 -9999 -9999 -9999 -9999 -9999 -9999 -9999 -9999 -9999 -9999 -9999 -9999 -9999 -9999 -9999 -9999 -9999 -9999 -9999 -9999 -9999
4.46156E-2 1.65201E-2 1.0518E-2 2.94748E-3 2.66684E-4 4.68648E-5 1.13052E-4 3.76712E-4 1.52103E-5 9.80001E-7 5.52314E-7 5.48343E-7 3.71107E-6 8.89128E-6 3.06124E-5 3.52298E-5 6.8055E-5 7.20088E-7 7.6808E-8 6.7198E-6 2.11544E-8 4.76414E-9 4.09862E-13 3.9516E-11 1.1976E-16 9.60589E-21 2.02644E-23 2.18584E-27 1.44912E-17 5.20719E-17 7.49093E-28 -9999 -9999 -9999 -9999 -9999 -9999 -9999 -9999 -9999 -9999 -9999 -9999 -9999 -9999 -9999 -9999 -9999 -9999 -9999 -9999 -9999 -9999 -9999 -9999 -9999 -9999 -9999 -9999 -9999 -9999 -9999 -9999 -9999 -9999 -9999 -9999 -9999 -9999 -9999
1.10445E-1 6.35318E-2 4.34381E-2 2.78095E-2 8.34377E-3 9.66488E-4 4.48168E-4 8.80228E-5 3.89399E-6 1.13975E-6 4.60293E-7 1.03907E-7 1.73613E-7 1.68507E-6 2.10416E-5 6.96651E-6 1.04136E-5 1.43784E-5 6.49963E-6 2.60872E-6 1.03525E-6 3.40176E-9 1.07072E-10 3.09469E-13 1.91491E-23 1.18224E-29 3.09834E-32 4.40514E-21 1.10175E-15 5.73959E-23 5.48862E-26 3.29101E-23 3.43081E-30 -9999 -9999 -9999 -9999 -9999 -9999 -9999 -9999 -9999 -9999 -9999 -9999 -9999 -9999 -9999 -9999 -9999 -9999 -9999 -9999 -9999 -9999 -9999 -9999 -9999 -9999 -9999 -9999 -9999 -9999 -9999 -9999 -9999 -9999 -9999 -9999 -9999
1.5267E-1 1.04642E-1 7.17402E-2 4.01815E-2 8.69779E-3 2.22718E-3 1.87249E-3 4.09829E-4 2.26839E-5 7.9266E-6 7.48196E-6 1.34125E-6 1.78612E-7 2.3686E-8 7.15806E-8 2.0406E-8 6.58662E-7 3.20764E-6 7.49496E-7 2.84012E-7 1.69903E-7 4.92101E-8 3.8167E-8 3.2526E-10 1.1502E-13 1.86927E-11 2.1162E-12 8.62148E-10 1.80405E-15 4.07972E-26 8.19892E-23 1.58445E-20 2.1746E-15 1.9218E-24 1.68503E-18 -9999 5.94491E-23 -9999 -9999 -9999 -9999 -9999 -9999 -9999 -9999 -9999 -9999 -9999 -9999 -9999 -9999 -9999 -9999 -9999 -9999 -9999 -9999 -9999 -9999 -9999 -9999 -9999 -9999 -9999 -9999 -9999 -9999 -9999 -9999 -9999
1.58624E-1 1.32013E-1 8.59901E-2 3.36647E-2 5.35668E-3 2.47696E-3 4.47782E-3 3.82132E-3 7.1925E-4 3.2589E-4 2.25803E-4 1.16691E-4 2.14765E-5 4.28598E-6 2.49031E-7 6.35195E-9 5.17613E-8 1.7327E-6 1.68439E-5 6.22777E-6 3.42726E-7 6.58886E-8 2.2577E-8 5.67971E-9 8.09188E-9 5.49847E-9 7.68624E-11 1.11118E-13 1.43426E-10 7.15792E-12 9.41311E-11 1.35072E-13 1.61434E-9 7.96809E-21 9.70283E-20 3.31169E-8 -9999 -9999 -9999 -9999 -9999 -9999 -9999 -9999 -9999 -9999 -9999 -9999 -9999 -9999 -9999 -9999 -9999 -9999 -9999 -9999 -9999 -9999 -9999 -9999 -9999 -9999 -9999 -9999 -9999 -9999 -9999 -9999 -9999 -9999
1.74767E-1 1.50315E-1 9.88052E-2 4.69053E-2 7.17198E-3 3.67937E-3 5.75705E-3 8.25677E-3 5.0161E-3 3.71121E-3 4.59452E-3 5.57605E-3 1.35316E-3 3.00158E-4 2.33476E-4 2.97248E-4 1.1629E-4 6.05792E-6 1.62271E-5 2.48361E-5 4.64003E-6 9.9199E-7 2.24278E-7 7.69345E-9 5.46946E-10 4.97509E-10 1.19964E-13 2.24806E-16 1.62638E-26 6.69858E-30 6.30308E-28 6.16783E-24 5.48376E-19 1.31996E-9 8.63605E-9 4.07336E-8 1.59189E-11 9.7754E-14 6.52984E-12 4.94858E-23 -9999 -9999 -9999 -9999 -9999 -9999 -9999 -9999 -9999 -9999 -9999 -9999 -9999 -9999 -9999 -9999 -9999 -9999 -9999 -9999 -9999 -9999 -9999 -9999 -9999 1.02522E-26 1.3969E-28 1.77503E-31 2.02588E-27 -9999
2.35838E-1 1.93366E-1 1.35129E-1 8.44469E-2 3.6539E-2 1.7556E-2 1.4476E-2 2.21195E-2 1.8985E-2 1.55603E-2 1.84587E-2 2.15184E-2 1.10171E-2 6.20507E-3 9.74462E-3 2.36725E-2 2.00757E-2 3.78539E-3 3.58117E-5 1.5352E-5 1.37337E-5 9.9732E-6 3.6104E-5 7.1884E-6 1.06055E-8 8.61799E-9 5.71873E-13 6.71806E-15 3.36242E-20 7.87241E-22 1.59563E-23 1.29415E-21 1.28309E-20 1.26181E-16 4.46774E-13 2.68644E-10 5.31919E-9 9.40127E-9 1.21172E-13 2.67972E-15 5.10825E-16 -9999 1.88592E-21 -9999 -9999 6.75211E-31 -9999 -9999 -9999 -9999 -9999 -9999 -9999 -9999 -9999 -9999 -9999 6.50036E-26 -9999 -9999 -9999 -9999 -9999 2.0949E-22 3.07765E-19 4.35792E-23 1.59803E-21 5.52695E-25 1.1741E-29 -9999
3.32606E-1 2.56254E-1 2.04124E-1 1.50577E-1 9.98201E-2 6.75416E-2 6.49742E-2 7.27123E-2 4.28275E-2 3.07312E-2 2.92965E-2 3.23799E-2 2.82125E-2 2.8368E-2 3.98173E-2 4.79007E-2 3.08217E-2 5.85589E-3 1.75589E-4 2.16458E-5 1.68562E-5 4.35938E-5 1.47564E-4 2.14372E-4 5.28253E-6 7.03681E-7 1.55149E-8 1.93352E-9 6.84939E-12 4.48384E-14 2.85439E-15 1.03545E-15 3.63803E-15 4.11963E-14 3.25872E-13 5.86567E-11 3.49076E-10 7.36014E-9 5.35721E-12 1.06921E-14 5.99709E-15 1.16891E-14 -9999 4.53049E-14 -9999 5.17533E-26 1.73797E-23 1.20513E-31 -9999 -9999 -9999 -9999 -9999 -9999 -9999 8.07678E-29 3.41478E-24 3.96107E-23 7.58317E-26 -9999 -9999 -9999 1.16207E-20 4.66206E-18 2.48512E-13 3.6266E-20 2.34917E-16 4.4328E-24 1.69353E-22 3.82069E-21
4.13495E-1 3.30975E-1 2.71701E-1 2.23251E-1 1.72693E-1 1.23991E-1 1.05004E-1 8.97074E-2 5.58851E-2 4.12575E-2 4.61141E-2 4.80619E-2 4.72542E-2 4.96026E-2 5.45805E-2 4.63925E-2 2.60392E-2 7.5245E-3 1.10413E-3 1.39511E-4 2.79374E-5 4.2998E-5 1.74395E-4 4.41229E-4 1.8236E-4 9.24393E-6 6.85868E-8 6.5476E-9 3.91512E-11 9.67054E-12 4.17119E-13 1.34494E-12 1.45514E-11 3.42215E-11 5.13905E-11 1.08131E-11 3.63436E-9 1.36757E-9 2.46794E-11 1.65143E-9 3.1223E-13 1.38292E-17 7.40958E-15 4.8131E-15 2.22391E-17 2.93964E-23 1.92609E-17 1.01347E-26 3.16361E-22 2.52639E-15 7.03348E-17 4.50881E-21 1.4083E-21 5.75425E-23 1.12984E-30 6.42546E-29 8.1725E-21 3.45071E-16 4.23186E-18 -9999 -9999 1.41008E-21 1.91638E-21 2.55061E-18 2.98583E-10 5.42647E-11 2.40131E-12 1.09679E-17 9.44853E-16 2.36836E-16
4.72444E-1 3.98368E-1 3.3954E-1 3.06223E-1 2.44601E-1 1.68497E-1 1.09481E-1 8.35469E-2 5.81626E-2 3.25976E-2 5.08116E-2 6.09328E-2 6.38051E-2 6.45393E-2 6.1846E-2 4.42616E-2 2.41638E-2 9.40695E-3 2.98613E-3 9.31735E-4 3.81395E-4 3.15237E-4 4.91369E-4 1.19479E-3 8.45683E-4 5.06904E-5 5.19292E-6 1.92425E-7 2.03664E-8 1.30047E-10 2.70561E-12 2.56993E-10 1.83529E-8 1.51402E-8 1.196E-9 8.85118E-9 2.15717E-12 4.9987E-11 4.17549E-12 1.93121E-7 3.00946E-7 1.68756E-13 6.94499E-12 4.25714E-15 6.78057E-14 1.91859E-14 1.93755E-15 4.20881E-15 7.59717E-16 7.52208E-19 3.08488E-15 8.45036E-15 9.94786E-14 1.53867E-15 9.97551E-27 6.07727E-23 3.70312E-12 4.29519E-12 1.03616E-15 -9999 5.13198E-21 3.58554E-16 9.55951E-17 2.64675E-14 1.53745E-11 4.99116E-16 1.38131E-10 2.87183E-11 2.92579E-10 5.8454E-11
5.18789E-1 4.65764E-1 4.08481E-1 3.74397E-1 3.18487E-1 2.37791E-1 1.17319E-1 8.82828E-2 8.35469E-2 5.95351E-2 7.51647E-2 9.64885E-2 8.81181E-2 8.28092E-2 7.02264E-2 4.71555E-2 2.57223E-2 1.25862E-2 6.90597E-3 3.83611E-3 2.2517E-3 1.65616E-3 1.90545E-3 2.52302E-3 1.47102E-3 3.07848E-4 1.98964E-4 8.16203E-5 3.33075E-6 2.12546E-7 8.2569E-8 3.16925E-7 1.39308E-6 6.15701E-7 1.82521E-8 6.52586E-10 3.34725E-9 3.36455E-7 2.05437E-7 4.20701E-7 4.37151E-6 1.07808E-5 1.26074E-5 5.94178E-9 3.24657E-13 2.69269E-14 1.93972E-13 6.70881E-16 4.99274E-11 8.02221E-9 1.68928E-14 1.41422E-12 6.81502E-14 2.87365E-13 1.24105E-14 3.60376E-13 2.152E-14 6.57222E-17 2.15757E-15 -9999 2.4746E-17 1.19001E-13 4.57149E-11 4.40189E-11 2.90162E-11 2.12092E-15 5.6263E-11 5.6238E-12 3.27292E-11 1.30395E-11
5.39342E-1 5.06981E-1 4.53378E-1 3.97789E-1 3.90993E-1 3.80723E-1 2.52984E-1 1.38964E-1 1.05196E-1 1.07324E-1 1.60045E-1 1.64202E-1 1.37634E-1 1.12828E-1 8.92655E-2 5.84692E-2 3.18721E-2 1.66665E-2 1.61166E-2 1.60137E-2 9.62063E-3 5.5237E-3 5.0161E-3 5.18038E-3 1.82807E-3 3.95916E-4 4.19542E-4 9.95164E-4 2.39851E-4 2.80132E-5 1.28909E-5 1.56577E-5 8.0921E-5 8.8704E-4 6.44191E-5 2.69956E-8 2.52764E-10 4.55069E-10 1.56759E-10 9.21774E-9 3.97251E-5 4.93887E-4 2.05321E-4 8.28907E-5 1.20424E-5 1.22909E-5 1.11044E-7 6.09451E-13 1.71352E-9 3.2509E-3 1.3785E-11 1.67698E-10 2.72216E-8 8.89314E-14 1.49855E-14 2.25903E-19 3.35204E-21 3.39587E-22 1.01416E-14 6.88443E-13 1.03005E-12 2.48938E-12 5.85824E-12 3.38019E-12 2.83798E-13 1.70565E-16 1.10551E-29 1.2703E-13 6.17966E-12 5.01178E-20
5.21783E-1 5.42059E-1 4.72376E-1 4.0454E-1 4.22842E-1 4.40703E-1 3.53541E-1 2.15078E-1 1.38964E-1 1.41511E-1 1.90428E-1 2.00965E-1 2.05623E-1 1.81354E-1 1.3027E-1 8.1083E-2 4.54787E-2 2.68345E-2 4.30338E-2 6.49742E-2 3.11366E-2 1.46874E-2 1.19628E-2 1.09397E-2 4.26811E-3 8.32647E-4 1.07661E-3 3.16596E-3 1.65555E-3 4.61097E-4 4.18777E-4 7.20536E-4 9.86444E-4 2.9085E-3 6.10767E-3 1.02089E-3 7.28697E-6 1.11416E-7 2.13637E-8 1.06028E-7 2.28945E-6 6.92329E-5 5.70457E-4 1.86654E-4 8.54508E-4 7.78335E-5 5.29988E-4 1.14055E-7 7.56045E-4 8.779E-3 3.28897E-6 1.83622E-4 8.42116E-9 1.33437E-14 1.28164E-16 6.5133E-22 5.89324E-24 7.09877E-24 1.41256E-21 8.47534E-27 7.31399E-20 2.87221E-21 6.08618E-16 3.56553E-13 1.49848E-13 1.13008E-20 3.63436E-38 1.60083E-19 5.44437E-24 2.55208E-25
4.4927E-1 4.94365E-1 4.61725E-1 4.21196E-1 4.35879E-1 4.31019E-1 3.5996E-1 2.69803E-1 2.39445E-1 2.57876E-1 2.35706E-1 2.22672E-1 2.81365E-1 2.81854E-1 1.7552E-1 1.04109E-1 6.71649E-2 4.54787E-2 5.38379E-2 9.38393E-2 4.74808E-2 2.63333E-2 2.46144E-2 2.89113E-2 2.37117E-2 8.08182E-3 5.10862E-3 6.58244E-3 4.83945E-3 1.75422E-3 2.87983E-3 7.46736E-3 9.05255E-3 8.51475E-3 1.86621E-2 8.56551E-3 8.34348E-4 1.459E-4 8.6933E-5 1.83574E-4 2.20918E-4 1.48381E-4 7.97926E-5 1.67433E-4 2.71482E-3 7.33517E-4 1.28352E-3 1.03955E-3 9.8843E-4 5.38173E-3 3.50658E-3 3.11594E-5 1.28403E-7 1.18491E-11 1.15788E-20 8.17285E-26 2.79901E-28 4.95916E-34 7.54123E-41 7.00649E-45 4.24313E-42 4.61027E-43 0E0 1.13666E-27 1.25305E-24 6.86636E-43 0E0 7.85988E-42 0E0 7.75172E-40
3.93873E-1 4.4636E-1 4.44525E-1 4.36531E-1 4.51809E-1 4.39099E-1 3.85869E-1 3.31989E-1 3.4075E-1 3.70374E-1 2.89223E-1 2.41605E-1 3.27622E-1 2.90026E-1 1.89913E-1 1.35086E-1 1.03149E-1 7.10542E-2 5.7789E-2 7.50735E-2 5.7115E-2 4.60158E-2 5.19446E-2 6.86648E-2 7.67836E-2 3.53392E-2 1.60479E-2 1.72524E-2 1.62856E-2 1.04564E-2 1.44304E-2 2.35144E-2 1.73085E-2 1.53379E-2 2.3502E-2 1.44365E-2 6.07757E-3 5.64113E-3 4.14887E-3 1.11523E-2 1.27496E-2 5.6728E-3 2.24524E-3 7.40743E-4 2.44736E-4 1.51493E-4 3.86388E-5 2.59023E-7 7.83675E-11 2.35098E-9 4.39869E-8 1.61515E-11 9.25857E-16 6.33022E-17 7.39215E-18 2.85533E-21 7.14029E-33 2.52591E-38 2.2374E-40 2.23787E-41 4.90454E-44 0E0 0E0 0E0 0E0 0E0 0E0 0E0 1.4013E-45 4.79244E-43
4.50936E-1 4.57301E-1 4.72534E-1 4.78354E-1 4.78354E-1 4.79835E-1 4.67291E-1 4.58058E-1 4.52411E-1 4.2517E-1 3.69464E-1 3.41623E-1 3.36375E-1 2.78854E-1 2.0679E-1 1.88413E-1 1.66956E-1 1.15059E-1 6.49111E-2 7.51123E-2 9.30877E-2 1.09536E-1 1.1394E-1 1.00995E-1 9.01341E-2 5.49855E-2 3.26259E-2 3.10376E-2 2.90842E-2 3.53709E-2 5.7115E-2 7.65989E-2 6.67811E-2 4.28275E-2 4.20359E-2 3.82094E-2 2.62959E-2 4.40539E-3 2.62707E-3 1.40756E-2 3.51835E-2 2.63929E-2 3.29777E-2 2.50176E-2 2.05277E-3 4.59926E-4 8.049E-5 3.05906E-6 3.5123E-8 5.89271E-10 7.38002E-13 3.6772E-17 1.66817E-18 5.0184E-17 3.32739E-16 2.71913E-16 1.10405E-24 6.63561E-33 3.7588E-36 5.2847E-35 5.37323E-33 2.41295E-36 0E0 0E0 0E0 0E0 7.00649E-45 5.04019E-41 2.62455E-38 2.31053E-36
4.84102E-1 4.64788E-1 4.69527E-1 4.68015E-1 4.70869E-1 5.05601E-1 4.94365E-1 4.95789E-1 4.75375E-1 4.17284E-1 3.79803E-1 3.57822E-1 3.28183E-1 2.85759E-1 2.56669E-1 2.57414E-1 2.54037E-1 1.96354E-1 1.24173E-1 9.49623E-2 1.19511E-1 1.59995E-1 1.41399E-1 1.05993E-1 8.77461E-2 6.82384E-2 4.57232E-2 3.79203E-2 4.47794E-2 8.45769E-2 1.65679E-1 1.54594E-1 1.12567E-1 5.54924E-2 5.81626E-2 8.20073E-2 6.38465E-2 7.23804E-3 1.22654E-3 1.65845E-2 8.17978E-2 9.01619E-2 7.68712E-2 1.00984E-1 7.77118E-2 2.39274E-2 2.18911E-3 2.27504E-4 8.70154E-6 1.52171E-7 5.44366E-10 5.12343E-13 4.31388E-15 2.95905E-15 6.33503E-15 6.99427E-16 5.31946E-20 9.98799E-26 3.95092E-29 1.28593E-28 3.09641E-27 3.86674E-29 1.84323E-36 8.19059E-42 1.11445E-41 3.15989E-38 5.71077E-35 8.49894E-33 3.21919E-31 1.69201E-29
4.70821E-1 4.22216E-1 4.07326E-1 4.1232E-1 4.10659E-1 4.4636E-1 4.46111E-1 4.13978E-1 3.5087E-1 3.14467E-1 3.28183E-1 3.47387E-1 3.31679E-1 3.03741E-1 3.01393E-1 2.96169E-1 2.76193E-1 2.39006E-1 1.85428E-1 1.03884E-1 8.25981E-2 1.38564E-1 1.31109E-1 7.796E-2 8.36748E-2 8.18966E-2 4.38393E-2 3.82052E-2 8.05448E-2 1.7174E-1 2.19457E-1 1.532E-1 1.0631E-1 5.7115E-2 6.7894E-2 9.88052E-2 1.45924E-1 1.67638E-1 4.84169E-2 3.9238E-2 6.95371E-2 9.40861E-2 8.59979E-2 1.27083E-1 1.189E-1 6.33702E-2 1.50761E-2 3.05939E-3 4.14965E-4 4.78887E-5 1.04352E-6 2.41797E-9 5.20934E-12 2.54952E-13 1.46501E-13 1.95837E-14 1.25137E-16 2.03229E-19 1.30593E-21 8.58346E-23 2.27642E-24 3.18874E-27 1.06532E-30 3.98655E-33 1.7669E-31 2.43684E-28 1.23232E-26 1.1822E-25 4.01063E-25 7.84781E-24
3.9361E-1 3.45829E-1 3.31899E-1 3.64887E-1 4.05667E-1 4.15613E-1 3.83748E-1 3.19695E-1 2.01063E-1 1.8153E-1 2.81542E-1 3.4235E-1 3.38869E-1 3.21192E-1 3.33426E-1 3.17117E-1 2.73696E-1 2.35003E-1 1.97503E-1 1.38564E-1 1.16571E-1 1.70315E-1 1.49039E-1 6.26947E-2 8.73156E-2 8.05075E-2 2.17779E-2 3.08857E-2 1.22166E-1 3.43901E-1 3.55582E-1 1.6468E-1 1.13603E-1 1.11631E-1 1.30164E-1 1.45386E-1 2.12061E-1 2.9931E-1 1.38897E-1 7.67439E-2 6.1253E-2 8.26539E-2 1.85539E-1 1.90987E-1 1.2661E-1 6.64688E-2 3.05379E-2 1.3159E-2 4.059E-3 9.08051E-4 9.08803E-5 1.05503E-6 5.45041E-9 7.58982E-11 2.62854E-11 6.84646E-12 3.71227E-13 2.0335E-14 9.71065E-16 2.56858E-17 2.08667E-19 8.83161E-22 4.42399E-24 4.06696E-25 6.68704E-24 1.9489E-21 2.17512E-20 1.1388E-20 4.98457E-22 6.37211E-25
3.07459E-1 2.88433E-1 3.07503E-1 4.05667E-1 4.9414E-1 4.73208E-1 3.95291E-1 3.64671E-1 2.67916E-1 2.21643E-1 3.1093E-1 3.45829E-1 3.21438E-1 3.26669E-1 3.38869E-1 3.2294E-1 2.61748E-1 2.17193E-1 2.156E-1 2.14013E-1 2.07713E-1 2.37319E-1 2.21067E-1 1.38717E-1 1.15313E-1 6.67043E-2 2.47598E-2 4.26735E-2 1.29542E-1 3.71773E-1 3.75205E-1 1.8153E-1 1.45116E-1 1.54364E-1 1.70315E-1 1.69445E-1 1.9142E-1 2.04065E-1 1.7697E-1 1.4527E-1 8.91901E-2 1.03149E-1 1.85934E-1 2.57946E-1 1.78479E-1 8.90537E-2 4.52128E-2 3.03303E-2 1.32632E-2 2.83847E-3 4.31782E-4 4.34574E-5 2.24672E-6 1.15411E-7 1.79005E-8 4.1775E-9 9.8126E-10 2.9785E-10 4.17438E-11 8.82694E-13 9.28269E-15 1.08929E-16 1.48329E-18 1.13962E-19 1.82936E-19 2.5243E-18 2.03988E-18 4.13482E-20 7.13667E-24 4.67874E-24
2.78141E-1 2.76431E-1 3.14403E-1 4.36721E-1 5.52085E-1 5.68808E-1 5.44076E-1 5.19131E-1 5.08695E-1 3.95239E-1 3.69237E-1 3.84526E-1 3.42205E-1 3.45673E-1 3.5451E-1 3.14205E-1 2.55642E-1 2.21997E-1 2.28466E-1 2.54982E-1 2.62403E-1 2.60708E-1 2.23089E-1 2.07257E-1 1.64627E-1 9.26711E-2 5.97009E-2 7.25328E-2 1.59164E-1 2.91573E-1 2.9846E-1 2.04338E-1 1.92136E-1 2.05886E-1 2.15114E-1 2.21485E-1 1.88488E-1 2.1469E-1 2.35003E-1 2.38296E-1 1.7174E-1 6.77181E-2 9.87397E-2 2.60804E-1 1.88782E-1 1.01079E-1 5.7115E-2 3.39442E-2 1.49973E-2 4.48273E-3 1.40182E-3 7.12878E-4 2.01898E-4 2.41651E-5 3.77417E-6 9.46228E-7 3.74917E-7 2.73631E-7 7.73109E-8 9.59216E-10 1.32581E-11 4.25327E-13 8.42537E-15 2.67102E-16 4.29919E-17 6.28581E-18 8.60144E-22 9.07132E-28 7.21409E-32 4.21664E-27
3.64887E-1 3.21438E-1 3.26669E-1 4.02326E-1 5.29054E-1 5.9948E-1 5.90913E-1 5.13352E-1 4.73812E-1 4.16605E-1 4.14981E-1 4.75175E-1 4.27443E-1 4.01985E-1 3.96969E-1 3.35385E-1 2.60708E-1 2.34036E-1 2.46595E-1 2.81212E-1 2.96783E-1 2.86707E-1 2.24698E-1 1.8029E-1 1.6602E-1 1.21377E-1 1.10186E-1 1.19032E-1 2.07062E-1 3.02965E-1 3.15025E-1 2.4877E-1 2.34024E-1 2.57574E-1 3.05365E-1 3.03637E-1 2.29692E-1 2.8844E-1 3.80071E-1 3.30156E-1 2.32805E-1 1.13779E-1 1.14196E-1 1.88488E-1 1.66079E-1 1.05623E-1 5.56393E-2 3.06604E-2 1.64872E-2 9.66076E-3 7.58446E-3 5.803E-3 3.16596E-3 5.47574E-4 1.01212E-4 2.97102E-5 1.38923E-5 2.71914E-6 1.53347E-7 1.18056E-8 6.87644E-10 3.87368E-11 1.42926E-12 4.28791E-14 1.32401E-15 1.05843E-17 1.86926E-24 1.99265E-42 0E0 4.18359E-39
4.9414E-1 4.17258E-1 4.03981E-1 4.33596E-1 4.97272E-1 5.63461E-1 5.20678E-1 3.73775E-1 2.88308E-1 3.81845E-1 4.43628E-1 4.55926E-1 4.10089E-1 3.97953E-1 3.86213E-1 3.47406E-1 2.93618E-1 2.67503E-1 2.95047E-1 3.15951E-1 3.00552E-1 2.84984E-1 2.46092E-1 2.04338E-1 1.77394E-1 1.75954E-1 1.99389E-1 2.25321E-1 2.46381E-1 3.07116E-1 3.58528E-1 2.79812E-1 2.48026E-1 2.36582E-1 2.74736E-1 3.13301E-1 3.34003E-1 3.5464E-1 4.11723E-1 3.5552E-1 2.47575E-1 2.31185E-1 2.79853E-1 2.15283E-1 1.53718E-1 8.1381E-2 4.06873E-2 3.60367E-2 2.50865E-2 1.26488E-2 7.39955E-3 9.75985E-3 8.37641E-3 2.44056E-3 4.75479E-4 1.50643E-4 1.48113E-4 2.24318E-5 5.33452E-7 4.51649E-8 7.05463E-9 7.3784E-10 4.91787E-11 1.84183E-12 3.8675E-14 2.5522E-17 1.13702E-21 4.16631E-31 0E0 0E0
4.08994E-1 3.56086E-1 3.52989E-1 3.79003E-1 4.17892E-1 4.92936E-1 4.10285E-1 2.72212E-1 2.31732E-1 3.87188E-1 4.21455E-1 2.77871E-1 3.22674E-1 3.3999E-1 3.19616E-1 3.19616E-1 3.35385E-1 3.57975E-1 3.23182E-1 3.12725E-1 2.95339E-1 2.62836E-1 2.67916E-1 2.76167E-1 2.19948E-1 2.53747E-1 2.80701E-1 2.64641E-1 2.42103E-1 2.73572E-1 3.31409E-1 3.09198E-1 2.53579E-1 2.32398E-1 2.75253E-1 3.27992E-1 3.45051E-1 3.6032E-1 3.7546E-1 3.08832E-1 2.174E-1 2.62967E-1 3.82176E-1 2.67145E-1 1.41697E-1 5.28805E-2 2.48565E-2 5.90121E-2 5.38192E-2 1.77042E-2 4.51188E-3 1.08535E-2 1.18626E-2 4.93589E-3 1.12605E-3 3.23728E-4 2.27064E-4 3.58176E-5 1.03842E-6 1.86939E-7 5.49691E-8 9.46324E-9 1.00621E-9 6.19635E-11 1.78223E-12 1.25138E-14 1.12038E-17 1.14125E-20 3.32283E-23 3.32623E-26
2.9443E-1 2.26842E-1 1.69785E-1 2.16733E-1 3.09723E-1 3.57323E-1 2.62765E-1 1.78839E-1 2.11725E-1 3.31899E-1 3.44251E-1 2.8749E-1 3.34625E-1 3.17698E-1 2.76431E-1 2.74723E-1 3.45673E-1 4.43081E-1 4.25487E-1 3.45644E-1 3.0026E-1 2.50985E-1 2.02794E-1 1.61899E-1 2.29567E-1 3.1675E-1 3.38019E-1 2.69678E-1 2.87073E-1 2.78622E-1 2.5388E-1 2.44074E-1 2.26414E-1 2.37684E-1 2.93973E-1 3.05833E-1 2.97357E-1 3.51631E-1 4.00278E-1 2.83688E-1 2.21252E-1 2.40476E-1 2.6353E-1 2.0217E-1 1.34805E-1 8.71773E-2 6.05345E-2 9.26711E-2 8.62103E-2 3.49002E-2 1.16876E-2 1.03755E-2 1.0578E-2 6.3906E-3 2.7193E-3 8.57708E-4 3.51008E-4 7.30787E-5 8.80653E-6 2.0383E-6 5.63171E-7 1.03389E-7 1.59182E-8 1.5442E-9 8.58354E-11 3.00483E-12 3.09914E-14 2.42828E-16 2.45672E-18 1.97889E-20
2.36648E-1 1.79531E-1 1.3149E-1 1.32418E-1 2.16671E-1 2.77132E-1 1.44522E-1 8.1381E-2 1.42682E-1 2.17982E-1 2.42544E-1 2.5088E-1 2.75634E-1 2.47944E-1 2.1469E-1 2.2309E-1 2.90599E-1 3.90541E-1 4.03981E-1 3.61291E-1 3.12708E-1 2.68273E-1 2.34561E-1 2.34561E-1 3.13306E-1 4.50924E-1 5.68133E-1 4.40011E-1 2.55412E-1 2.04165E-1 1.74673E-1 1.65816E-1 2.01846E-1 2.45744E-1 2.47366E-1 1.92891E-1 1.82681E-1 2.52238E-1 2.78622E-1 2.53579E-1 2.61865E-1 2.71362E-1 2.29567E-1 1.54621E-1 1.35746E-1 1.61861E-1 1.70974E-1 1.71421E-1 1.29451E-1 6.05266E-2 1.08535E-2 4.68471E-3 4.34146E-3 4.41153E-3 3.61898E-3 1.67255E-3 6.47757E-4 2.26981E-4 6.84993E-5 2.34989E-5 4.99568E-6 7.65445E-7 1.46815E-7 2.17691E-8 2.42807E-9 1.91737E-10 3.69712E-12 4.50041E-14 4.25165E-16 1.60271E-18
2.02662E-1 1.79887E-1 1.27787E-1 1.15918E-1 1.57257E-1 1.70315E-1 9.69763E-2 7.11111E-2 1.00799E-1 1.66035E-1 1.89483E-1 1.90342E-1 1.87341E-1 1.53248E-1 1.25173E-1 1.53213E-1 2.18604E-1 2.8545E-1 3.07033E-1 3.33905E-1 3.1518E-1 2.78063E-1 2.53507E-1 2.57609E-1 3.07539E-1 4.1929E-1 4.91183E-1 3.7455E-1 2.68349E-1 1.92215E-1 1.25355E-1 1.14601E-1 1.83824E-1 2.32784E-1 2.37602E-1 1.53347E-1 1.36772E-1 1.81839E-1 1.83289E-1 2.14857E-1 3.21438E-1 2.97909E-1 2.17193E-1 1.43196E-1 1.24079E-1 1.63821E-1 2.09927E-1 1.67484E-1 1.11392E-1 3.77039E-2 2.71916E-3 1.49597E-3 4.32945E-3 3.90717E-3 3.25321E-3 2.31528E-3 1.16677E-3 5.45014E-4 2.35672E-4 9.38177E-5 1.95866E-5 3.00574E-6 5.75945E-7 1.31813E-7 2.23965E-8 1.85073E-9 6.837E-11 2.12316E-12 5.02835E-14 1.83218E-16
1.97503E-1 1.61374E-1 9.64885E-2 9.02414E-2 1.05728E-1 1.05254E-1 8.35706E-2 8.0255E-2 9.77976E-2 1.70971E-1 1.53248E-1 1.26651E-1 1.11723E-1 8.46053E-2 7.80394E-2 1.03158E-1 1.48702E-1 2.04699E-1 2.63122E-1 3.18123E-1 3.1637E-1 2.82526E-1 2.49516E-1 2.36208E-1 2.54238E-1 2.91555E-1 2.87283E-1 2.22712E-1 1.97021E-1 1.89986E-1 1.34421E-1 6.41549E-2 9.97108E-2 1.73078E-1 2.47002E-1 2.0264E-1 1.71847E-1 1.85912E-1 1.84472E-1 2.15078E-1 2.69986E-1 2.73696E-1 1.67007E-1 1.01079E-1 6.48771E-2 7.75895E-2 9.70253E-2 8.54853E-2 4.32875E-2 6.27738E-3 2.72376E-4 1.5143E-4 1.84708E-3 2.7607E-3 2.40822E-3 2.73286E-3 1.69163E-3 8.51521E-4 3.84115E-4 1.15122E-4 2.6695E-5 6.29418E-6 1.54075E-6 4.22128E-7 8.53456E-8 7.27636E-9 3.96782E-10 2.4643E-11 8.82496E-13 9.25534E-15
1.05162E-1 7.4108E-2 3.86948E-2 4.84837E-2 6.72396E-2 1.08399E-1 1.18402E-1 1.19334E-1 1.21897E-1 1.33318E-1 1.6464E-1 1.31193E-1 8.35469E-2 4.82239E-2 5.2044E-2 7.71909E-2 1.07324E-1 1.49251E-1 2.27657E-1 2.9931E-1 2.83635E-1 2.58203E-1 2.343E-1 2.15234E-1 2.11906E-1 2.19871E-1 2.21478E-1 2.19871E-1 2.0839E-1 1.89986E-1 1.27478E-1 6.74721E-2 7.73905E-2 1.25955E-1 1.61861E-1 1.53468E-1 1.70974E-1 1.93366E-1 1.76211E-1 1.80582E-1 1.86493E-1 1.64832E-1 1.1782E-1 7.06499E-2 4.38036E-2 3.81515E-2 3.62568E-2 3.6736E-2 2.30557E-2 2.76495E-3 1.08891E-4 5.04115E-5 6.23975E-4 1.62815E-3 2.19117E-3 2.83223E-3 1.85683E-3 9.28713E-4 3.89538E-4 9.10206E-5 2.12334E-5 7.04343E-6 2.5242E-6 6.54936E-7 1.21549E-7 1.45916E-8 1.1028E-9 7.53118E-11 5.97346E-12 2.61339E-13
