KUENM/Final_Models/M_0.1_F_lq_Set_2_EC/sp1_median.asc
ncols         197
nrows         210
xllcorner     56.1666666666667
yllcorner     4.5
cellsize      0.166666666666667
NODATA_value  -9999
[rows 56 to 83 of 210, columns 130 to 194 of 197]
8.3965E-5 1.68808E-8 1.21068E-7 7.39044E-10 4.48383E-8 1.99798E-8 7.30451E-8 3.54711E-10 4.69268E-9 2.32583E-8 1.53595E-8 2.25829E-9 3.83764E-9 4.60458E-9 7.85719E-9 2.58935E-9 6.94028E-8 4.67954E-9 1.12574E-8 1.59602E-13 9.31382E-13 1.17513E-11 6.84987E-10 4.46376E-10 5.78969E-12 3.06284E-12 9.37332E-15 4.79589E-14 4.90767E-14 6.2695E-13 4.97834E-12 1.47738E-11 2.88538E-11 1.04431E-11 9.40074E-13 1.7047E-12 2.5055E-12 5.48664E-14 1.176E-15 2.92261E-16 3.76231E-15 6.20108E-17 2.29893E-17 3.9202E-17 -9999 -9999 -9999 -9999 -9999 -9999 -9999 -9999 -9999 -9999 -9999 -9999 -9999 -9999 -9999 -9999 -9999 -9999 -9999 -9999 -9999
1.34665E-2 3.91961E-3 1.67291E-5 5.92081E-11 5.56063E-10 1.43203E-7 6.91373E-9 4.86485E-9 3.76498E-7 1.35255E-7 8.95331E-8 8.92207E-8 2.38527E-9 1.29875E-10 1.04988E-10 1.80511E-8 1.24643E-8 1.92037E-7 6.76933E-8 8.76935E-14 4.37048E-11 2.47727E-13 3.36383E-11 9.74553E-9 4.10592E-6 2.32518E-10 1.78889E-11 6.38454E-13 1.04235E-13 9.73483E-15 1.96128E-13 4.95713E-12 9.98059E-12 2.72233E-11 1.64177E-11 1.82658E-12 7.11548E-13 1.28289E-12 7.32164E-14 8.87449E-16 5.98482E-17 8.19733E-16 3.05807E-17 3.31773E-17 1.32108E-15 1.43586E-17 -9999 -9999 -9999 -9999 -9999 -9999 -9999 -9999 -9999 -9999 -9999 -9999 -9999 -9999 -9999 -9999 -9999 -9999 -9999
5.79776E-2 5.93374E-2 2.5983E-3 1.6366E-6 1.52171E-8 2.38361E-8 8.92199E-9 1.94149E-9 1.94315E-7 2.14197E-7 3.6671E-8 7.30451E-8 3.5566E-9 5.37643E-11 2.95639E-11 4.26158E-12 1.24554E-8 4.70137E-8 5.99255E-7 5.09404E-10 2.60658E-7 1.19317E-8 3.13884E-10 4.55168E-5 7.63086E-4 7.34984E-5 2.25878E-10 3.93337E-12 1.08985E-11 2.27874E-15 2.25767E-15 1.31081E-13 4.84454E-12 1.36015E-11 8.33003E-12 7.14828E-12 1.33633E-12 4.12904E-12 3.64089E-13 3.0976E-13 1.89391E-16 1.9994E-15 8.92765E-15 2.3376E-15 6.13648E-16 1.03664E-16 6.08369E-17 1.62928E-15 -9999 -9999 -9999 -9999 -9999 -9999 -9999 -9999 -9999 -9999 -9999 -9999 -9999 -9999 -9999 -9999 -9999
1.22953E-1 8.66418E-2 2.04004E-2 1.42067E-3 1.09193E-5 1.33592E-6 2.17566E-7 2.70869E-8 2.11631E-9 4.78886E-10 4.08663E-8 3.45602E-8 2.22507E-8 3.03639E-9 1.56243E-7 6.88258E-9 4.215E-8 1.05389E-7 3.84836E-7 7.98805E-6 3.93881E-5 2.56868E-5 1.86327E-6 4.34449E-3 1.86844E-3 2.65521E-4 6.79437E-6 7.27067E-8 2.89711E-10 1.90199E-11 1.62199E-11 2.89926E-13 1.37465E-14 6.88648E-13 1.32809E-12 5.28978E-13 5.40892E-13 1.82796E-11 9.03257E-12 2.57973E-12 4.13893E-13 1.39038E-13 2.19662E-13 5.04771E-14 2.49552E-14 2.46684E-15 6.24069E-15 1.63572E-14 1.64699E-15 1.04644E-15 -9999 -9999 -9999 -9999 -9999 -9999 -9999 -9999 -9999 -9999 -9999 -9999 -9999 -9999 -9999
1.17249E-1 1.21956E-1 5.70786E-2 2.2908E-2 4.32502E-3 5.53502E-4 1.36307E-5 1.99424E-7 4.18149E-11 2.6881E-12 2.59222E-12 6.31249E-10 3.99808E-8 1.33171E-7 2.6088E-8 9.24296E-7 8.99275E-7 6.26173E-7 7.8223E-7 6.48544E-6 5.02473E-5 2.17159E-4 2.0689E-5 2.90725E-3 8.76554E-5 8.37552E-6 2.33052E-7 9.98497E-11 2.74733E-13 6.46543E-13 2.63303E-11 8.43618E-11 2.83524E-12 5.7435E-15 6.01516E-14 1.99319E-15 1.21317E-13 3.85274E-12 1.59529E-13 1.89779E-12 1.62278E-12 2.20564E-13 2.25776E-12 9.69679E-13 4.2244E-13 7.80245E-15 3.44422E-14 4.73469E-14 8.2824E-14 7.61478E-14 1.09379E-13 2.5926E-14 -9999 -9999 -9999 -9999 -9999 -9999 -9999 -9999 -9999 -9999 -9999 -9999 -9999
1.0347E-1 1.20649E-1 9.22374E-2 5.41063E-2 2.73736E-2 9.04033E-3 1.62039E-3 5.70731E-5 6.34185E-8 2.79961E-12 2.1091E-12 6.98987E-10 1.08752E-8 3.9557E-8 4.36937E-8 1.42345E-6 1.28827E-6 2.3134E-6 3.25636E-6 9.66878E-6 4.71563E-5 1.23389E-4 4.10662E-4 3.34388E-4 1.54221E-4 6.78131E-5 2.58983E-5 2.56946E-7 1.09155E-11 3.85314E-12 1.31304E-11 4.05048E-12 1.10911E-12 1.10728E-14 8.11121E-16 1.31133E-16 4.58402E-12 4.76776E-12 2.41428E-14 4.22561E-12 8.82129E-12 3.89191E-12 2.90676E-12 8.82011E-13 6.87141E-13 6.05198E-12 5.80008E-13 2.67955E-12 2.12949E-12 8.63175E-14 1.05671E-13 1.11236E-14 4.06097E-12 -9999 -9999 -9999 -9999 -9999 -9999 -9999 -9999 -9999 -9999 -9999 -9999
1.27313E-1 1.40256E-1 1.20649E-1 9.39717E-2 6.74908E-2 4.63913E-2 1.76492E-2 2.31033E-3 9.88955E-5 1.63169E-6 2.89876E-8 1.8026E-9 9.58778E-10 1.15634E-8 2.4586E-8 3.50514E-8 5.15264E-7 1.2001E-6 8.76991E-7 2.10747E-6 6.19765E-6 5.51782E-5 3.73609E-4 4.64186E-4 3.15091E-6 3.63345E-7 4.14739E-8 2.56981E-7 4.19778E-6 1.69614E-8 8.25131E-9 2.30519E-12 7.60032E-13 7.36978E-13 1.62893E-15 3.2998E-16 1.14576E-8 3.47985E-12 1.17125E-14 1.32302E-13 5.32941E-14 4.64867E-14 2.31331E-14 3.22819E-13 3.5145E-13 7.06175E-13 2.07779E-13 4.2244E-13 6.2023E-13 1.59946E-14 1.47434E-14 1.14793E-14 2.9182E-14 9.22698E-14 4.51156E-13 -9999 -9999 -9999 -9999 -9999 -9999 -9999 -9999 -9999 -9999
1.9855E-1 2.00142E-1 1.89338E-1 1.55577E-1 1.36669E-1 1.28574E-1 6.46457E-2 1.9353E-2 5.65276E-3 3.1968E-3 6.66198E-4 3.08358E-5 3.60054E-6 1.08871E-5 4.80201E-5 8.37758E-7 3.72533E-8 3.99949E-8 2.84757E-8 1.78529E-7 9.0492E-7 5.76872E-6 8.78867E-6 7.14337E-5 2.2831E-4 6.42443E-5 4.15287E-4 2.00689E-5 1.04057E-5 1.04183E-7 1.55873E-6 1.65283E-9 1.78361E-11 9.0174E-13 1.09019E-14 4.98024E-10 8.63561E-10 5.28642E-15 3.09846E-16 9.39171E-17 3.61626E-15 1.59403E-14 2.29628E-15 5.76123E-15 1.111E-12 2.09443E-13 2.93198E-12 9.3546E-15 4.6506E-15 2.8111E-15 1.1242E-12 5.39138E-12 4.17281E-15 2.52873E-14 3.50986E-14 6.85625E-15 -9999 -9999 -9999 -9999 -9999 -9999 -9999 -9999 -9999
2.93733E-1 2.83014E-1 3.00611E-1 2.87873E-1 2.87873E-1 2.29575E-1 1.3444E-1 6.11618E-2 3.09166E-2 1.92414E-2 1.09088E-2 2.46734E-3 1.62239E-4 5.94603E-5 7.99143E-6 1.6405E-7 3.54905E-8 1.12657E-8 1.6432E-9 3.25201E-9 5.45958E-8 1.32227E-6 1.19217E-6 6.84517E-6 1.83333E-5 6.16263E-6 1.81903E-6 3.53441E-6 7.991E-6 1.44305E-6 8.90137E-8 8.69582E-13 9.81903E-16 5.82248E-17 1.1549E-11 4.20655E-9 1.2668E-12 4.25797E-14 8.26042E-13 3.77312E-16 2.4928E-14 3.91325E-12 1.17906E-12 1.48973E-14 1.21942E-11 3.55215E-14 5.14103E-12 3.38042E-12 1.84224E-12 1.95162E-13 1.1298E-12 2.10823E-11 1.71692E-13 5.05839E-12 8.09239E-13 2.38566E-12 1.12567E-12 -9999 -9999 -9999 -9999 -9999 -9999 -9999 -9999
3.64868E-1 3.36328E-1 3.50362E-1 3.77923E-1 3.96586E-1 3.04133E-1 1.6949E-1 9.48729E-2 5.95921E-2 3.65208E-2 1.77216E-2 2.634E-3 4.83992E-4 3.85756E-4 5.33444E-5 1.46517E-6 3.97133E-7 3.76149E-7 4.42442E-8 3.56683E-9 2.62409E-10 1.11845E-9 3.37163E-10 7.87849E-8 1.34412E-6 5.20295E-8 2.97639E-8 1.28851E-7 5.02726E-8 1.64729E-6 3.99554E-6 6.28646E-8 1.04194E-6 2.20006E-7 9.1949E-6 6.61627E-9 4.18442E-14 1.45135E-12 1.72212E-11 6.10308E-9 2.02434E-13 1.62427E-10 2.53725E-11 9.12538E-13 7.07857E-12 1.89039E-14 2.17273E-15 3.52336E-14 1.14817E-13 3.5106E-13 1.54254E-14 1.32682E-12 6.13814E-11 7.74267E-12 8.42678E-12 1.34909E-11 4.54405E-12 8.04472E-11 -9999 -9999 -9999 -9999 -9999 -9999 -9999
4.22965E-1 3.63123E-1 3.31277E-1 3.54351E-1 3.68351E-1 2.6677E-1 1.38447E-1 1.0251E-1 8.2424E-2 4.80091E-2 1.46747E-2 1.46928E-3 5.42536E-4 1.16187E-3 9.42178E-4 1.10114E-4 4.09545E-5 2.55651E-5 1.1541E-5 1.39326E-6 1.8485E-7 4.95304E-9 5.18473E-11 9.0849E-10 1.75891E-7 1.1285E-5 4.81539E-6 9.81911E-7 6.58886E-8 6.39638E-7 3.822E-6 4.71188E-7 2.70034E-7 7.68624E-11 6.03532E-15 1.20467E-7 1.77702E-9 1.04389E-6 7.06328E-8 2.68703E-6 1.3052E-11 4.06017E-11 6.94002E-5 8.6183E-12 1.49595E-9 8.73983E-9 9.56089E-15 2.91095E-18 2.30815E-14 9.99252E-13 1.98607E-15 8.0911E-16 1.5535E-12 1.82141E-13 5.22276E-12 1.43572E-11 2.28169E-13 1.30521E-12 6.12627E-11 -9999 -9999 -9999 -9999 -9999 -9999
4.61453E-1 3.89756E-1 3.19824E-1 3.25305E-1 3.28955E-1 2.37793E-1 1.37207E-1 1.17722E-1 9.87044E-2 5.81056E-2 2.25171E-2 2.12884E-3 9.00002E-4 1.60728E-3 2.50698E-3 1.3364E-3 9.20053E-4 1.2157E-3 1.54522E-3 2.48909E-4 3.56705E-5 2.58318E-5 3.60794E-5 1.11952E-5 3.19564E-7 2.00248E-6 8.08219E-6 4.07469E-6 6.09327E-7 1.071E-7 7.69345E-9 4.6771E-10 1.84756E-10 2.08222E-14 1.70142E-19 9.0128E-33 2.60541E-37 9.79808E-35 1.18728E-29 2.37909E-23 2.80647E-8 6.50916E-6 4.78084E-6 1.00312E-6 5.86752E-8 5.79724E-7 1.01912E-12 2.98309E-15 3.48507E-13 1.81796E-13 8.50397E-16 3.52169E-16 1.711E-15 3.07289E-16 5.70253E-14 1.89582E-14 5.28283E-13 2.54312E-11 8.73696E-16 1.07623E-11 -9999 -9999 -9999 -9999 -9999
4.95612E-1 4.28861E-1 3.63309E-1 3.57936E-1 3.64692E-1 3.28198E-1 2.45895E-1 1.75138E-1 1.38055E-1 8.76605E-2 4.77064E-2 1.65118E-2 6.55891E-3 5.0877E-3 8.58841E-3 7.11059E-3 5.56207E-3 6.8679E-3 8.30083E-3 3.57759E-3 1.71271E-3 2.94744E-3 8.93719E-3 7.28975E-3 8.50013E-4 2.69625E-6 1.03944E-6 1.28691E-6 4.20522E-6 9.67488E-6 1.75599E-6 2.33609E-9 5.60768E-10 4.9388E-15 4.53013E-18 5.65602E-25 3.46741E-27 2.02475E-29 5.16499E-27 9.73653E-26 1.19967E-20 4.40256E-16 9.95105E-12 5.41512E-8 7.06428E-8 5.85111E-8 5.99027E-9 2.92921E-9 1.2392E-10 6.94037E-12 1.64423E-11 2.01169E-12 1.35524E-16 1.84996E-18 6.9114E-19 3.4401E-16 3.81444E-12 5.5141E-11 4.98335E-14 1.66613E-13 1.36705E-14 -9999 -9999 -9999 -9999
5.44265E-1 4.79304E-1 4.27209E-1 4.35481E-1 4.56429E-1 4.25491E-1 3.54811E-1 2.75189E-1 1.97544E-1 1.47893E-1 1.00521E-1 5.88573E-2 3.54766E-2 3.32602E-2 3.82884E-2 1.97851E-2 1.31069E-2 1.25574E-2 1.39837E-2 1.16047E-2 1.15072E-2 1.7268E-2 2.1732E-2 1.2567E-2 1.55305E-3 1.87967E-5 1.34613E-6 9.89651E-7 3.59343E-6 2.12985E-5 3.64407E-5 1.20052E-6 9.19093E-8 7.37362E-10 2.43435E-11 1.09954E-14 1.78327E-17 5.32168E-19 1.48358E-19 7.45528E-19 1.57251E-17 2.1432E-16 1.57878E-13 2.03759E-12 9.61107E-11 4.31237E-13 9.05233E-17 1.94692E-15 1.16891E-14 6.26628E-9 3.94832E-9 1.46023E-13 3.90781E-14 7.06418E-13 6.65029E-17 7.30549E-16 2.08565E-10 3.50034E-9 4.26083E-12 1.14586E-14 5.4589E-16 -9999 -9999 -9999 -9999
5.47863E-1 5.27715E-1 4.96527E-1 4.89471E-1 5.33918E-1 5.06802E-1 4.48356E-1 3.70676E-1 2.77146E-1 2.15919E-1 1.68299E-1 1.19589E-1 7.73584E-2 6.27293E-2 5.06299E-2 2.75559E-2 1.8888E-2 2.16903E-2 2.32099E-2 2.23594E-2 2.37508E-2 2.67562E-2 2.1513E-2 1.05086E-2 2.23579E-3 1.95902E-4 1.43691E-5 1.85499E-6 3.17005E-6 1.8012E-5 5.66275E-5 1.89135E-5 4.8486E-7 1.4435E-9 1.03557E-10 1.38588E-13 1.60353E-14 2.98627E-16 1.2507E-15 2.41623E-14 7.65474E-14 1.35214E-13 3.21372E-14 8.45023E-11 1.38429E-10 1.56772E-12 4.92732E-11 6.78378E-16 4.2144E-20 9.66302E-16 3.02403E-15 4.36068E-10 1.04366E-12 2.7817E-10 1.8913E-14 3.41593E-12 4.08609E-10 7.03348E-17 1.20238E-11 6.62248E-12 1.27163E-12 1.83069E-16 -9999 -9999 -9999
5.58705E-1 5.55531E-1 5.55531E-1 5.40999E-1 5.48981E-1 5.41888E-1 5.01521E-1 4.36205E-1 3.53996E-1 2.90089E-1 2.548E-1 1.88978E-1 1.1781E-1 6.72244E-2 4.70697E-2 2.94353E-2 1.38793E-2 2.44738E-2 3.11947E-2 3.30413E-2 3.35169E-2 3.23131E-2 2.13058E-2 9.73339E-3 2.98974E-3 6.92664E-4 1.54633E-4 4.92732E-5 3.89793E-5 6.98659E-5 2.15899E-4 1.40863E-4 3.84972E-6 2.24923E-7 3.68827E-9 2.12846E-10 3.75464E-13 2.91411E-15 9.20941E-13 1.90574E-10 1.48595E-10 6.36012E-12 2.12028E-10 1.01937E-13 7.68106E-12 6.16589E-13 4.96961E-8 5.10147E-8 1.73348E-14 2.86369E-13 1.42046E-15 1.98211E-12 6.59521E-11 2.62102E-15 8.09668E-11 7.19808E-15 4.46648E-22 2.70752E-14 1.03463E-9 1.23935E-9 2.6174E-9 1.84797E-14 1.38119E-12 -9999 -9999
5.75082E-1 5.51146E-1 5.57774E-1 5.43071E-1 5.28375E-1 5.24534E-1 5.2079E-1 4.92645E-1 4.33491E-1 3.65138E-1 3.27749E-1 2.677E-1 1.85162E-1 7.45984E-2 5.12993E-2 4.70697E-2 3.03043E-2 3.9913E-2 5.54879E-2 5.03224E-2 4.73451E-2 3.85243E-2 2.34544E-2 1.0873E-2 4.34985E-3 2.0425E-3 9.6068E-4 4.8467E-4 3.28511E-4 3.94662E-4 5.57063E-4 2.85257E-4 3.71735E-5 2.11498E-5 7.15248E-6 1.37431E-7 4.35718E-9 1.25431E-9 6.6266E-9 4.21689E-8 1.57235E-8 1.90839E-10 2.97292E-12 2.56851E-11 1.47482E-8 1.32095E-8 1.57454E-7 2.15148E-6 3.36339E-6 3.50994E-6 2.92843E-9 3.24657E-13 9.53089E-15 3.2201E-15 6.70881E-16 3.88213E-13 1.44367E-10 1.6296E-14 1.01646E-13 1.11178E-14 2.87365E-13 5.68262E-9 2.28322E-11 -9999 -9999
5.95872E-1 5.55243E-1 5.11267E-1 4.86677E-1 4.97048E-1 5.01389E-1 5.16752E-1 5.15392E-1 4.84432E-1 4.19649E-1 3.57796E-1 3.50289E-1 3.38978E-1 1.97232E-1 9.2343E-2 6.39309E-2 6.55619E-2 1.08593E-1 1.12182E-1 8.97186E-2 7.10233E-2 5.2929E-2 3.06514E-2 1.44274E-2 6.25329E-3 5.90155E-3 5.76277E-3 3.02696E-3 1.50503E-3 1.3364E-3 1.39056E-3 3.69025E-4 5.20418E-5 5.58888E-5 1.66407E-4 2.86648E-5 2.01584E-6 7.53725E-7 9.41348E-7 7.20216E-6 1.47029E-4 5.11335E-6 3.03025E-10 8.56757E-13 1.83226E-12 4.79022E-13 8.10186E-11 3.28303E-6 1.20534E-4 8.12304E-5 3.5403E-5 4.5066E-6 2.56786E-6 1.90715E-8 1.61697E-13 3.70051E-10 7.11335E-4 3.87428E-12 3.47164E-11 1.20871E-9 3.96486E-15 2.6541E-14 7.28128E-24 4.03958E-26 -9999
5.7228E-1 5.61858E-1 5.25949E-1 4.82894E-1 4.85962E-1 4.81351E-1 4.92015E-1 5.00886E-1 5.23282E-1 4.45759E-1 3.65268E-1 3.85591E-1 4.05495E-1 3.05134E-1 1.63084E-1 9.2343E-2 9.44851E-2 1.3756E-1 1.4967E-1 1.5407E-1 1.31451E-1 8.5116E-2 4.69264E-2 2.28283E-2 1.161E-2 2.02304E-2 3.32602E-2 1.33214E-2 5.17953E-3 4.02118E-3 3.60136E-3 1.09241E-3 1.38817E-4 1.90272E-4 7.39622E-4 3.22411E-4 6.55535E-5 5.82322E-5 1.10944E-4 1.63134E-4 6.77211E-4 1.67963E-3 1.74315E-4 3.52074E-7 1.88518E-9 2.35191E-10 1.70243E-9 7.80071E-8 5.68382E-6 8.14879E-5 5.62499E-5 2.3506E-4 3.05093E-5 1.4469E-4 1.14055E-7 3.48428E-4 3.07745E-3 2.66922E-6 3.2809E-5 1.1879E-9 4.93485E-15 9.551E-18 3.46305E-27 7.04891E-30 -9999
5.38841E-1 5.55626E-1 5.46216E-1 4.85962E-1 4.32095E-1 4.30349E-1 4.1082E-1 4.19872E-1 4.70358E-1 4.33828E-1 3.83759E-1 4.00114E-1 3.94696E-1 3.16246E-1 2.17204E-1 1.86792E-1 2.05147E-1 1.86036E-1 1.73166E-1 2.32463E-1 2.29519E-1 1.26131E-1 6.53408E-2 3.70882E-2 2.28283E-2 2.76576E-2 5.44586E-2 2.28613E-2 1.10048E-2 1.01233E-2 1.23533E-2 9.83203E-3 2.43119E-3 1.38726E-3 1.87286E-3 1.26353E-3 3.55112E-4 6.47188E-4 2.24907E-3 2.80813E-3 2.6039E-3 6.75572E-3 2.5847E-3 1.3379E-4 1.46572E-5 7.73231E-6 1.91509E-5 2.44112E-5 1.4974E-5 6.60466E-6 1.8176E-5 5.4042E-4 1.57682E-4 2.89532E-4 2.32235E-4 1.59698E-4 1.37589E-3 1.36147E-3 1.33883E-5 1.10801E-8 4.83916E-14 2.40484E-25 5.11898E-32 1.89188E-35 6.65617E-43
5.11613E-1 5.28355E-1 5.20009E-1 4.7228E-1 4.22913E-1 4.19769E-1 3.69482E-1 3.62707E-1 4.21545E-1 4.14557E-1 4.05607E-1 4.17896E-1 4.03706E-1 3.4464E-1 2.85968E-1 2.95404E-1 3.27623E-1 2.44303E-1 1.95035E-1 2.85324E-1 2.4148E-1 1.41689E-1 9.06512E-2 6.34526E-2 3.97878E-2 3.02077E-2 4.18762E-2 2.97695E-2 2.2752E-2 2.64523E-2 3.74572E-2 4.38356E-2 1.64594E-2 5.95821E-3 6.4935E-3 6.05693E-3 3.42336E-3 5.23473E-3 9.41099E-3 6.44496E-3 5.46411E-3 9.11658E-3 4.92055E-3 1.69318E-3 1.52291E-3 1.04273E-3 3.481E-3 4.05298E-3 1.49341E-3 4.76219E-4 1.17837E-4 2.84223E-5 1.56921E-5 2.66112E-6 5.49222E-9 2.12466E-13 1.45742E-11 5.65306E-10 2.71003E-14 1.15272E-19 3.83102E-21 2.5811E-22 1.14054E-26 1.75919E-41 0E0
4.69035E-1 4.50935E-1 4.75495E-1 4.43923E-1 3.95675E-1 4.78686E-1 4.60816E-1 4.3176E-1 4.33835E-1 4.50935E-1 4.52452E-1 4.52452E-1 4.54111E-1 4.35198E-1 4.24878E-1 4.23391E-1 3.92899E-1 3.31013E-1 3.00512E-1 2.94807E-1 2.33408E-1 1.57743E-1 1.40279E-1 1.18408E-1 7.27945E-2 3.55422E-2 4.26464E-2 5.57848E-2 6.84276E-2 7.19048E-2 6.28986E-2 5.45427E-2 2.92159E-2 1.4779E-2 1.3896E-2 1.28241E-2 1.65524E-2 2.97695E-2 4.22182E-2 3.4978E-2 1.97851E-2 1.903E-2 1.66477E-2 1.03231E-2 1.13874E-3 5.92891E-4 4.70226E-3 1.44059E-2 9.95766E-3 1.31229E-2 9.31942E-3 4.31887E-4 6.20758E-5 6.91904E-6 1.21477E-7 4.57512E-10 2.65434E-12 5.7925E-16 2.07617E-21 4.14956E-23 3.19418E-21 3.45898E-20 2.5558E-20 5.2747E-31 1.62677E-41
4.30349E-1 3.98105E-1 4.30349E-1 4.3176E-1 3.82657E-1 4.71976E-1 4.97795E-1 4.69035E-1 4.47349E-1 4.47561E-1 4.45865E-1 4.44072E-1 4.82894E-1 4.70358E-1 4.71948E-1 4.49118E-1 3.88904E-1 3.42426E-1 3.22653E-1 2.90117E-1 2.40654E-1 2.10402E-1 2.07863E-1 2.04436E-1 1.45341E-1 8.15326E-2 5.82259E-2 7.77017E-2 1.1221E-1 9.60193E-2 6.80525E-2 5.37275E-2 3.8655E-2 2.29017E-2 1.81845E-2 2.23415E-2 5.03679E-2 1.15322E-1 1.03929E-1 6.84746E-2 2.776E-2 2.94353E-2 4.45216E-2 3.20383E-2 2.16424E-3 2.16264E-4 5.92602E-3 4.30576E-2 4.79791E-2 3.87198E-2 5.46068E-2 3.92525E-2 9.18515E-3 4.73202E-4 2.53523E-5 4.45947E-7 2.82403E-9 2.4402E-12 3.77312E-16 9.08405E-19 5.7499E-19 1.47835E-18 8.72579E-20 4.95087E-25 2.45766E-32
3.81671E-1 3.48408E-1 3.51901E-1 3.39885E-1 3.52361E-1 4.21129E-1 4.82296E-1 4.5413E-1 3.94436E-1 3.77748E-1 3.83341E-1 3.8148E-1 4.21545E-1 4.16334E-1 3.85199E-1 3.14984E-1 2.79412E-1 2.90117E-1 3.11151E-1 2.93931E-1 2.63642E-1 2.57194E-1 2.51647E-1 2.27108E-1 1.89323E-1 1.37484E-1 6.63604E-2 4.9758E-2 9.52651E-2 8.88673E-2 4.6018E-2 5.04092E-2 4.90107E-2 2.24983E-2 1.90253E-2 4.80263E-2 1.2702E-1 1.70021E-1 1.06231E-1 6.59043E-2 2.97695E-2 3.69329E-2 5.81056E-2 9.35892E-2 1.1164E-1 2.30462E-2 1.77466E-2 3.62068E-2 5.29143E-2 4.65397E-2 7.62035E-2 7.00387E-2 3.12671E-2 5.19098E-3 7.23464E-4 5.40886E-5 3.69818E-6 3.23514E-8 1.65029E-11 7.20521E-15 1.62356E-16 7.89118E-17 6.06134E-18 9.82904E-21 2.76231E-24
3.24515E-1 2.66063E-1 2.09585E-1 1.80195E-1 2.37763E-1 3.49267E-1 4.07677E-1 3.72204E-1 3.13921E-1 2.98534E-1 3.35101E-1 3.80783E-1 3.91973E-1 3.5618E-1 2.8513E-1 1.587E-1 1.38908E-1 2.43782E-1 3.1007E-1 3.06222E-1 2.82509E-1 2.95841E-1 2.74004E-1 2.28023E-1 1.88371E-1 1.48864E-1 9.52651E-2 7.79604E-2 1.25697E-1 1.07407E-1 3.48153E-2 5.33017E-2 4.90234E-2 9.96804E-3 1.52483E-2 8.27257E-2 3.07319E-1 3.1576E-1 1.20493E-1 7.4233E-2 7.13201E-2 8.65126E-2 9.77631E-2 1.57669E-1 2.40703E-1 9.07604E-2 4.30449E-2 3.24811E-2 4.64398E-2 1.2898E-1 1.31831E-1 7.69829E-2 3.42195E-2 1.28009E-2 4.45408E-3 1.02938E-3 1.47572E-4 8.47428E-6 3.34281E-8 4.67696E-11 2.15976E-13 5.55648E-14 1.01742E-14 2.51049E-16 6.35735E-18
3.05187E-1 2.81543E-1 1.64782E-1 1.05113E-1 2.20711E-1 3.01488E-1 2.99857E-1 2.74201E-1 2.5118E-1 2.71819E-1 3.80783E-1 4.80272E-1 4.61403E-1 3.741E-1 3.39594E-1 2.30056E-1 1.80137E-1 2.78125E-1 3.13921E-1 2.8704E-1 2.9278E-1 3.06222E-1 2.84408E-1 2.15631E-1 1.7062E-1 1.6905E-1 1.67488E-1 1.61316E-1 1.93887E-1 1.77426E-1 9.77718E-2 7.66974E-2 3.89629E-2 1.21209E-2 2.34992E-2 9.09703E-2 3.42785E-1 3.4662E-1 1.38908E-1 1.03721E-1 1.12457E-1 1.25697E-1 1.22721E-1 1.43108E-1 1.52595E-1 1.27448E-1 9.93446E-2 5.38285E-2 6.34526E-2 1.33458E-1 1.99206E-1 1.24698E-1 5.09939E-2 2.15113E-2 1.28954E-2 4.56707E-3 6.48259E-4 5.91216E-5 3.47324E-6 8.75767E-8 2.14891E-9 2.08029E-10 3.34873E-11 5.42063E-12 1.18436E-12
3.87125E-1 3.31253E-1 2.45165E-1 2.20711E-1 3.11383E-1 3.17325E-1 2.24394E-1 2.4136E-1 2.39463E-1 2.8206E-1 4.15748E-1 5.40661E-1 5.60358E-1 5.37249E-1 5.14223E-1 5.03428E-1 3.75357E-1 3.45003E-1 3.62651E-1 3.13764E-1 3.17741E-1 3.23552E-1 2.74932E-1 2.12757E-1 1.75374E-1 1.81816E-1 2.0867E-1 2.19798E-1 2.18029E-1 1.81647E-1 1.6509E-1 1.22282E-1 6.04422E-2 3.53641E-2 4.66342E-2 1.21292E-1 2.56498E-1 2.64224E-1 1.62091E-1 1.49607E-1 1.6369E-1 1.73267E-1 1.79955E-1 1.45311E-1 1.71043E-1 1.88371E-1 1.9169E-1 1.2702E-1 3.83641E-2 6.22708E-2 2.11313E-1 1.38292E-1 6.18574E-2 2.97695E-2 1.53276E-2 5.39991E-3 1.16464E-3 2.56707E-4 1.11987E-4 2.37066E-5 1.71636E-6 1.70864E-7 3.0466E-8 9.58916E-9 6.46913E-9
4.17361E-1 3.88257E-1 3.29671E-1 2.87977E-1 3.21286E-1 3.42303E-1 3.23267E-1 3.35101E-1 2.8704E-1 2.9278E-1 3.77028E-1 5.16767E-1 5.92255E-1 5.85847E-1 5.10326E-1 4.65612E-1 4.00028E-1 3.98154E-1 4.65996E-1 4.12226E-1 3.81657E-1 3.75994E-1 3.02376E-1 2.18029E-1 1.9054E-1 2.00101E-1 2.39586E-1 2.56174E-1 2.49325E-1 1.83346E-1 1.37694E-1 1.23636E-1 8.72445E-2 7.75582E-2 8.85527E-2 1.72855E-1 2.71929E-1 2.84692E-1 2.15297E-1 2.00154E-1 2.18878E-1 2.72001E-1 2.70053E-1 1.88657E-1 2.52828E-1 3.56945E-1 2.96615E-1 1.91958E-1 7.54079E-2 7.57252E-2 1.45311E-1 1.21781E-1 6.85069E-2 2.96708E-2 1.37376E-2 6.19522E-3 3.11154E-3 2.29263E-3 1.63092E-3 7.39622E-4 8.0982E-5 1.03538E-5 2.27127E-6 9.07474E-7 1.19364E-7
