KUENM/Final_Models/M_0.1_F_lq_Set_2_EC/sp1_se_asia_avg.asc
ncols         320
nrows         243
xllcorner     44.0
yllcorner     -0.666666666666667
cellsize      0.166666666666667
NODATA_value  -9999
[rows 31 to 61 of 243, columns 140 to 209 of 320]
3.11471E-8 1.47588E-8 2.21411E-8 9.76941E-9 4.71119E-8 1.6042E-7 4.52725E-8 4.27682E-8 1.63395E-7 5.31032E-6 5.27753E-4 1.19995E-3 8.58505E-4 6.43972E-3 2.70642E-2 4.26723E-2 8.16663E-2 9.61678E-2 9.2886E-2 1.2026E-1 1.1607E-1 1.04689E-1 3.4713E-2 1.75009E-1 2.14835E-1 9.95355E-2 1.41001E-1 1.83122E-1 1.62768E-1 1.82373E-2 2.14956E-2 4.70962E-3 5.10347E-3 1.54888E-4 3.54987E-4 2.75725E-4 2.08155E-4 1.37925E-5 7.81426E-6 9.38854E-5 3.92023E-5 3.3651E-4 8.99986E-5 1.56181E-6 8.90046E-7 7.68354E-7 2.74237E-7 1.75735E-8 4.35585E-10 7.68131E-10 8.11416E-10 4.78302E-9 6.96949E-8 7.88758E-9 1.95255E-8 9.5966E-9 7.56858E-12 1.91516E-12 2.26564E-12 9.2002E-12 2.4925E-9 6.20213E-8 7.76967E-12 7.73023E-14 1.46972E-13 2.84381E-12 -9999 -9999 -9999 -9999
1.00032E-7 1.70461E-7 4.38105E-7 5.31701E-7 2.54072E-7 3.03463E-7 2.46933E-7 1.96414E-6 2.30322E-5 3.88036E-5 2.91041E-4 4.45302E-4 2.65846E-4 3.98974E-4 3.96461E-3 1.34488E-2 5.42914E-2 9.23972E-2 9.58698E-2 1.19049E-1 1.54151E-1 1.63442E-1 1.50122E-1 2.09798E-1 2.34048E-1 2.57811E-1 3.7055E-1 3.90076E-1 3.54748E-1 1.80358E-1 7.99371E-2 4.4546E-2 1.02399E-2 9.73947E-4 1.4283E-4 2.52465E-5 1.08195E-4 5.81757E-4 1.24811E-3 1.79621E-5 1.64981E-4 3.71148E-3 9.88772E-4 1.22376E-3 1.22706E-5 1.08133E-7 3.33356E-8 1.16447E-8 9.54278E-10 3.24933E-9 6.8971E-9 5.24196E-9 7.51922E-9 8.94873E-9 6.09921E-9 1.41302E-8 2.17519E-8 1.24587E-10 5.49489E-12 1.15272E-12 2.84381E-12 5.2239E-12 3.0964E-9 4.76484E-12 3.00086E-13 2.09228E-11 2.86824E-13 1.61457E-13 3.80104E-13 -9999
2.97358E-7 7.76379E-8 7.57319E-8 3.81481E-7 6.94729E-7 2.29446E-6 2.06595E-6 3.30525E-6 1.05901E-5 4.10762E-5 2.98033E-4 1.77029E-4 8.91179E-6 1.07807E-5 6.4958E-4 3.76875E-3 3.61958E-2 8.28183E-2 1.15165E-1 1.30255E-1 1.5477E-1 1.90803E-1 2.19948E-1 2.40001E-1 2.954E-1 3.83073E-1 4.26244E-1 4.40804E-1 4.43744E-1 4.31826E-1 3.3918E-1 1.46553E-1 1.71224E-2 1.45382E-2 5.32401E-4 2.36796E-4 2.27446E-4 5.20092E-3 5.35396E-4 2.0643E-5 3.43318E-6 5.15033E-4 4.82746E-3 6.75162E-3 9.21584E-4 3.34193E-5 7.12458E-7 1.58492E-7 1.61443E-8 1.29283E-9 1.16503E-10 4.8727E-9 5.9486E-10 2.41203E-10 1.81829E-10 4.95326E-10 1.93815E-9 9.51885E-9 1.12294E-8 3.62319E-8 6.38968E-10 7.95318E-11 3.03036E-11 1.22871E-10 8.96113E-11 2.34877E-11 1.71506E-12 8.20529E-13 4.86491E-12 1.38649E-12
1.16896E-7 9.8177E-8 1.01331E-7 3.93281E-7 9.47607E-7 1.00841E-6 4.72414E-6 1.76603E-5 5.25356E-5 1.26658E-4 2.93379E-4 1.06131E-4 1.13492E-6 7.87893E-6 6.42973E-6 3.52295E-7 8.55472E-6 7.93298E-4 8.15651E-3 4.32996E-2 1.05132E-1 9.93403E-2 1.2047E-1 1.59957E-1 3.28055E-1 3.65239E-1 4.26374E-1 4.53921E-1 4.56845E-1 4.4359E-1 4.51147E-1 4.31338E-1 2.17423E-1 1.83266E-1 3.95749E-3 9.99262E-4 1.59165E-4 2.18541E-2 4.36492E-3 5.68154E-4 5.49049E-4 2.06306E-5 1.82083E-4 3.9814E-3 6.11895E-3 1.0024E-3 3.4108E-6 4.24593E-7 5.06611E-8 1.1731E-8 2.25101E-10 3.31464E-9 1.93076E-11 4.67263E-11 2.23617E-11 1.20203E-11 5.62014E-12 3.62251E-10 1.02367E-10 7.71466E-9 5.43077E-9 3.24117E-7 1.68532E-9 3.54632E-12 1.46232E-10 6.30363E-11 1.2244E-11 1.09652E-12 -9999 -9999
8.49403E-8 5.97088E-8 4.90169E-8 2.4378E-7 2.8428E-7 5.25016E-7 2.84808E-6 1.02618E-5 3.54821E-5 1.85116E-4 1.90578E-4 3.12742E-5 2.82027E-6 3.07837E-5 2.11193E-4 1.32604E-3 2.62465E-3 1.18705E-4 1.50087E-5 7.50662E-5 1.92792E-3 2.47295E-2 1.00302E-1 1.95642E-1 3.51702E-1 3.80214E-1 3.99555E-1 3.43971E-1 3.58535E-1 4.44268E-1 4.68581E-1 4.34309E-1 2.87251E-1 1.78802E-1 1.14247E-2 7.33712E-3 4.24498E-3 4.99888E-2 3.33233E-2 1.6024E-3 7.46213E-4 2.22013E-5 1.98353E-7 4.31306E-5 1.467E-3 6.70342E-3 1.44576E-3 4.19395E-5 1.18875E-7 1.71424E-7 4.25161E-9 3.20941E-10 1.46273E-10 3.73639E-11 2.89937E-11 3.8843E-11 1.29576E-10 5.69788E-10 4.39593E-9 1.086E-8 2.07065E-10 1.57129E-10 1.03265E-7 2.62858E-11 4.92488E-12 3.22886E-11 3.13978E-11 1.96501E-10 5.29099E-13 -9999
1.3058E-7 2.629E-8 1.22042E-7 2.29158E-7 2.89504E-7 4.76371E-6 1.59745E-5 1.36234E-5 8.89539E-6 4.0945E-5 1.79814E-5 1.49668E-5 4.7058E-5 6.87865E-5 1.2918E-3 3.70253E-3 1.9476E-2 4.52726E-2 1.96928E-2 2.90741E-3 5.7275E-3 9.83454E-3 6.54813E-2 1.4662E-1 2.36808E-1 3.45697E-1 2.35209E-1 3.15223E-1 4.22206E-1 4.29476E-1 4.48802E-1 4.31154E-1 3.52773E-1 1.40418E-1 4.80758E-2 4.37676E-2 4.5636E-2 8.22294E-2 3.31622E-2 7.87576E-2 6.98301E-2 4.71362E-3 1.04646E-6 3.08129E-7 5.41982E-5 1.67001E-3 8.05489E-3 2.11281E-3 3.64553E-6 8.69733E-7 2.99404E-7 3.22633E-8 1.31432E-10 1.58205E-11 1.82161E-10 1.06881E-10 2.86153E-10 3.76975E-9 1.71328E-11 3.3087E-10 5.17233E-11 6.70018E-12 2.08868E-9 2.11471E-9 6.08337E-12 8.09586E-13 6.63335E-12 2.84157E-11 2.1936E-10 -9999
9.95502E-8 1.88107E-8 2.38392E-7 3.39625E-7 1.14522E-6 7.07261E-6 5.15969E-5 3.31277E-5 2.13729E-5 2.67225E-5 7.60639E-5 1.02803E-4 3.05077E-5 2.12569E-5 1.57127E-3 2.59697E-2 5.20963E-2 1.04561E-1 7.70897E-2 3.2117E-2 6.77902E-2 9.43483E-2 2.37013E-1 3.42891E-1 4.33335E-1 3.94382E-1 3.84392E-1 4.56452E-1 4.49892E-1 4.18059E-1 4.15034E-1 4.14656E-1 3.67187E-1 2.30331E-1 1.33842E-1 1.13475E-1 8.32924E-2 8.86663E-2 1.15394E-1 1.49032E-1 1.19729E-1 2.45495E-2 1.09672E-4 1.16317E-7 8.83268E-7 3.74779E-5 2.01341E-4 2.33308E-4 7.38268E-6 9.48974E-7 9.23812E-6 2.16809E-7 3.2365E-9 3.48251E-10 7.11642E-11 7.32885E-11 1.12228E-9 6.09454E-9 4.50337E-10 2.98231E-11 1.93238E-10 9.61698E-12 7.38212E-11 1.62997E-11 3.86175E-10 2.28739E-12 5.08034E-13 2.31155E-11 3.48084E-10 -9999
2.62298E-7 8.03569E-8 1.86904E-7 1.3915E-7 2.70731E-6 3.20266E-5 1.11673E-4 1.36947E-4 8.44818E-5 1.97452E-4 2.043E-4 2.14414E-5 2.2104E-4 3.80994E-4 1.01627E-2 5.23436E-2 1.03877E-1 1.11558E-1 1.62317E-1 1.99691E-1 2.25526E-1 2.34526E-1 3.06752E-1 4.26244E-1 4.92584E-1 4.87164E-1 4.71141E-1 4.76147E-1 4.62439E-1 4.40729E-1 4.45559E-1 4.26174E-1 4.08721E-1 3.83607E-1 2.84142E-1 2.39395E-1 2.01032E-1 1.33008E-1 8.37188E-2 1.12997E-1 1.3755E-1 8.98619E-2 1.95995E-2 4.1194E-5 1.47432E-4 9.35436E-6 3.77788E-6 3.44383E-5 1.96877E-6 4.56453E-5 3.29534E-4 3.09092E-5 7.64268E-8 9.47212E-8 1.91989E-8 4.51651E-11 4.54117E-11 4.76567E-9 3.64769E-11 2.268E-10 6.87856E-11 7.0092E-11 3.80931E-11 6.11304E-11 5.66612E-11 9.3166E-11 5.58896E-12 2.44848E-12 1.38696E-11 -9999
7.22809E-7 6.48855E-7 8.57307E-7 7.00738E-6 3.82851E-5 9.34448E-5 1.3973E-4 1.1414E-4 1.80765E-4 1.98989E-4 4.76185E-5 1.45743E-5 2.51532E-4 2.81437E-3 2.53689E-2 5.01636E-2 6.13282E-2 1.47511E-1 2.19554E-1 2.6943E-1 2.62738E-1 3.3997E-1 3.91367E-1 4.18759E-1 4.37905E-1 4.52647E-1 4.75288E-1 4.57223E-1 4.59496E-1 4.68014E-1 4.61624E-1 4.73926E-1 4.94035E-1 4.54122E-1 4.01003E-1 3.83102E-1 3.4923E-1 1.95963E-1 9.53148E-2 8.83367E-2 1.75115E-1 1.75966E-1 1.30038E-1 3.64532E-2 1.11485E-2 9.59965E-4 9.75633E-4 5.34171E-4 2.3957E-5 1.51689E-5 1.87325E-4 1.09566E-5 3.32925E-6 2.32192E-6 5.92697E-9 1.00451E-9 3.60484E-11 1.556E-10 5.79576E-10 4.81323E-10 7.45831E-10 3.34608E-10 2.19199E-10 6.22253E-11 4.23243E-11 1.5298E-11 1.28495E-10 2.53155E-10 2.20698E-11 9.68938E-10
3.38358E-6 2.50732E-6 6.9466E-6 3.00921E-5 7.63878E-5 1.04844E-4 5.78745E-5 4.94307E-5 1.51759E-4 1.1341E-4 3.38195E-5 6.81608E-5 1.99035E-4 8.52502E-4 4.63697E-3 3.95371E-2 1.18198E-1 2.16977E-1 2.79344E-1 3.19547E-1 3.50528E-1 3.89876E-1 4.03962E-1 3.11979E-1 3.13394E-1 4.24528E-1 4.80438E-1 4.78269E-1 4.7851E-1 4.65417E-1 4.70646E-1 4.7605E-1 4.80732E-1 4.61346E-1 4.53873E-1 4.45572E-1 4.17934E-1 3.16296E-1 1.93754E-1 1.23113E-1 1.52884E-1 1.40809E-1 7.73651E-2 4.73485E-2 6.07639E-3 3.82271E-3 1.20079E-3 1.96204E-4 1.70465E-4 1.96942E-4 7.88434E-5 3.27255E-5 3.24596E-6 5.9406E-7 3.80852E-6 1.36347E-8 6.57721E-10 3.80238E-11 6.49647E-11 2.72856E-10 1.46273E-10 4.05118E-10 1.32548E-10 3.40816E-11 5.07436E-12 3.4537E-11 2.55099E-12 1.40821E-10 4.76292E-9 1.95674E-10
4.11342E-6 7.85375E-6 2.25271E-5 5.59882E-5 8.72711E-5 6.69137E-5 7.63617E-5 1.77025E-4 9.13365E-5 4.68896E-5 1.14991E-4 3.54443E-4 2.05952E-3 7.55081E-3 2.55677E-2 4.54082E-2 1.56287E-1 2.55254E-1 3.04192E-1 3.27848E-1 3.54686E-1 3.89308E-1 3.81307E-1 4.36204E-1 4.58627E-1 4.64773E-1 4.64911E-1 4.58392E-1 4.53354E-1 4.34827E-1 4.35543E-1 4.35942E-1 4.30734E-1 4.5738E-1 4.84776E-1 5.12651E-1 5.01079E-1 4.45617E-1 3.55947E-1 2.61732E-1 1.93135E-1 1.34228E-1 5.50749E-2 1.07683E-2 1.23667E-3 3.23189E-4 2.56072E-5 3.64346E-5 2.10466E-5 2.78706E-6 4.32487E-6 3.94322E-6 5.24788E-6 7.46444E-6 2.98516E-6 7.55415E-8 2.5194E-9 1.9295E-9 7.82045E-11 6.8335E-11 1.994E-10 1.06983E-9 1.61544E-10 4.77569E-11 5.34662E-11 1.77607E-10 1.92419E-11 3.92479E-11 1.16183E-10 2.74761E-9
2.60504E-5 5.3746E-5 8.84569E-5 8.9313E-5 1.21376E-4 1.44291E-4 2.07647E-4 1.69106E-4 4.08349E-5 1.294E-4 1.63179E-4 9.37294E-4 4.70182E-4 9.37384E-4 5.64208E-4 8.90874E-3 6.81874E-2 1.90559E-1 2.99519E-1 3.21206E-1 3.46099E-1 3.70316E-1 3.86895E-1 4.14805E-1 4.35531E-1 4.46846E-1 4.16485E-1 4.4125E-1 4.22064E-1 3.90472E-1 3.70519E-1 3.55273E-1 3.56537E-1 3.88718E-1 4.37164E-1 5.28315E-1 5.54063E-1 5.41271E-1 4.89431E-1 4.36983E-1 3.65946E-1 2.58075E-1 1.26284E-1 3.98255E-2 8.57435E-3 1.22914E-3 3.5684E-5 9.67336E-7 9.98703E-6 1.31088E-6 3.54076E-7 2.99635E-8 8.50906E-9 6.27463E-7 1.30541E-6 2.54252E-7 2.05878E-7 1.49342E-9 1.43775E-9 4.18168E-9 1.52764E-10 7.82045E-11 1.9105E-10 1.32085E-10 1.0631E-10 2.17847E-10 6.15455E-10 1.1031E-9 1.29266E-11 3.10086E-9
1.22223E-4 1.06795E-4 8.6797E-5 1.55425E-4 1.98589E-4 2.15927E-4 2.15144E-4 1.44527E-4 2.58878E-4 8.44487E-4 3.65783E-4 7.68878E-4 1.79072E-4 2.27094E-4 1.63913E-3 1.57556E-2 6.43289E-2 1.04421E-1 2.81046E-1 3.16714E-1 3.28816E-1 3.51531E-1 3.70037E-1 3.91695E-1 4.14954E-1 4.25066E-1 4.26612E-1 3.5213E-1 3.07067E-1 2.95513E-1 3.77663E-1 4.26575E-1 4.67035E-1 4.80438E-1 5.15673E-1 5.49461E-1 5.69527E-1 5.74575E-1 5.72378E-1 5.54955E-1 5.25725E-1 4.5047E-1 3.27883E-1 2.80304E-1 1.29603E-1 3.41368E-2 3.62524E-3 5.69977E-5 1.00668E-6 9.0068E-8 9.6279E-9 6.48735E-11 7.45265E-13 2.27821E-9 1.66716E-6 1.90255E-7 5.89174E-8 4.0842E-7 1.48644E-7 1.34323E-8 1.7666E-10 2.82722E-10 1.05416E-10 5.38591E-11 6.69767E-11 5.33467E-11 6.2836E-11 1.1537E-9 5.52442E-11 2.137E-10
1.97102E-4 6.15146E-5 1.40799E-4 2.27079E-4 2.35611E-4 1.77344E-4 1.8521E-4 2.2562E-4 4.13182E-4 1.99858E-3 1.54914E-3 6.71363E-4 1.07425E-3 4.90727E-3 1.00913E-2 5.57321E-2 1.68987E-1 2.37735E-1 2.75775E-1 2.9704E-1 3.15182E-1 3.18671E-1 3.24372E-1 3.57876E-1 3.74572E-1 3.91956E-1 4.04326E-1 4.09066E-1 3.84085E-1 4.4115E-1 4.78779E-1 4.79785E-1 4.73368E-1 4.61935E-1 4.84063E-1 5.14296E-1 5.44676E-1 5.65764E-1 5.76244E-1 5.80172E-1 5.73791E-1 5.59403E-1 5.07609E-1 5.19224E-1 4.24796E-1 2.30166E-1 8.47253E-2 1.87945E-2 1.12359E-3 1.40045E-5 4.99411E-7 2.17704E-11 6.52387E-15 1.61541E-9 4.39177E-9 1.0638E-6 4.47546E-7 2.30902E-7 7.50531E-7 2.30415E-7 6.6074E-10 3.92817E-9 1.11955E-9 7.26091E-9 2.36993E-10 3.58744E-11 7.53852E-11 -9999 -9999 2.233E-11
1.49642E-4 2.45069E-4 2.16707E-4 1.66776E-4 1.19995E-4 1.29654E-4 1.40998E-4 1.11402E-4 2.56562E-4 1.32127E-3 7.34692E-3 5.47244E-3 1.27057E-2 3.87861E-2 4.66961E-2 1.01226E-1 1.94632E-1 2.48626E-1 2.58233E-1 2.74691E-1 2.90159E-1 3.01614E-1 3.05321E-1 3.19589E-1 3.32275E-1 3.47059E-1 3.63324E-1 3.8681E-1 4.14861E-1 4.4151E-1 4.64504E-1 4.6755E-1 4.59478E-1 4.53234E-1 4.58241E-1 4.82737E-1 5.05384E-1 5.35496E-1 5.54682E-1 5.65317E-1 5.76244E-1 5.74775E-1 5.6388E-1 5.55479E-1 5.2516E-1 4.34319E-1 3.0844E-1 1.40714E-1 3.10407E-2 1.62089E-3 1.09257E-5 1.0167E-8 2.48436E-16 7.92088E-19 9.2639E-9 9.00682E-7 1.41359E-6 1.94526E-7 5.18449E-7 1.8269E-6 1.80647E-8 3.24172E-9 1.16007E-10 3.95656E-9 5.1609E-8 2.05927E-9 2.0686E-10 -9999 -9999 -9999
2.88963E-4 2.05692E-4 1.28555E-4 1.03501E-4 1.15104E-4 2.09222E-4 2.10178E-4 3.99915E-4 7.7385E-4 5.17786E-4 1.0712E-2 2.61465E-2 4.26443E-2 7.61575E-2 1.2905E-1 1.45564E-1 2.19549E-1 2.35864E-1 2.46813E-1 2.54939E-1 2.68079E-1 2.73043E-1 2.74703E-1 2.81299E-1 2.91252E-1 3.02908E-1 3.17921E-1 3.39554E-1 3.70744E-1 4.02548E-1 4.36965E-1 4.52171E-1 4.54495E-1 4.35E-1 4.29597E-1 4.4694E-1 4.63606E-1 4.91398E-1 5.22314E-1 5.48734E-1 5.7296E-1 5.74619E-1 5.68344E-1 5.64402E-1 5.47788E-1 5.17648E-1 4.37755E-1 2.8903E-1 1.23711E-1 2.72018E-2 5.87293E-4 1.03237E-6 3.96551E-10 2.31272E-17 3.3614E-21 1.50747E-15 2.45748E-9 6.23514E-7 7.75534E-8 1.13136E-6 7.82905E-7 3.74304E-9 2.03181E-10 4.33036E-9 7.2484E-8 1.15128E-7 3.17403E-8 3.93117E-7 -9999 -9999
2.2562E-4 4.15095E-4 2.51245E-4 2.12794E-4 2.62718E-4 3.58768E-4 6.18292E-4 8.21813E-4 1.71323E-3 1.49485E-3 5.04244E-3 3.48784E-2 6.68924E-2 7.21971E-2 9.8368E-2 5.85185E-2 2.02474E-1 2.21821E-1 2.33588E-1 2.43245E-1 2.50055E-1 2.46813E-1 2.46813E-1 2.48432E-1 2.50198E-1 2.63133E-1 2.78026E-1 2.92915E-1 3.2459E-1 3.6424E-1 3.95073E-1 4.1234E-1 4.15739E-1 4.02866E-1 4.0506E-1 4.07985E-1 4.31611E-1 4.58627E-1 4.96964E-1 5.39547E-1 5.71485E-1 5.79233E-1 5.74295E-1 5.64402E-1 5.44334E-1 5.26037E-1 4.81561E-1 3.96519E-1 2.58808E-1 1.19302E-1 7.10767E-3 2.10239E-5 3.67251E-9 4.48813E-10 3.71603E-15 9.2195E-14 4.68167E-11 2.07295E-9 1.73977E-8 7.32972E-8 1.02466E-6 4.46679E-8 4.75995E-9 1.69252E-9 1.89025E-8 4.89616E-9 2.73735E-9 1.03153E-6 -9999 -9999
1.09711E-3 4.40363E-4 5.44827E-4 5.22251E-4 6.88876E-4 7.48915E-4 1.0851E-3 1.58796E-3 2.86903E-3 2.84952E-3 7.28879E-3 9.25986E-3 5.4796E-2 6.74226E-2 4.24783E-2 2.36605E-2 1.82853E-1 2.15719E-1 2.17799E-1 2.27224E-1 2.27224E-1 2.24498E-1 2.0448E-1 2.0751E-1 2.15166E-1 2.2922E-1 2.38764E-1 2.54939E-1 2.8627E-1 3.19589E-1 3.53589E-1 3.76508E-1 3.79723E-1 3.73496E-1 3.68765E-1 3.88966E-1 4.07053E-1 4.358E-1 4.76179E-1 5.24161E-1 5.6524E-1 5.84247E-1 5.73543E-1 5.57161E-1 5.3147E-1 5.08467E-1 4.97787E-1 4.5592E-1 3.68731E-1 2.67766E-1 7.3806E-2 3.54157E-4 1.1015E-8 1.76488E-8 1.80636E-7 4.28708E-9 2.14864E-9 2.64636E-7 9.20889E-8 4.03553E-7 1.34913E-7 3.56662E-7 1.78344E-8 2.06806E-8 9.35466E-9 2.9949E-8 1.03957E-6 2.74524E-6 -9999 -9999
9.94271E-4 7.81623E-4 8.63655E-4 1.03427E-3 1.07582E-3 1.2561E-3 1.63444E-3 2.2287E-3 4.25291E-3 4.94849E-3 5.97721E-3 1.34598E-2 3.55171E-2 5.39563E-2 1.0467E-2 8.22762E-3 1.38324E-1 2.03777E-1 2.10973E-1 2.10202E-1 2.0483E-1 1.98766E-1 1.84689E-1 1.84689E-1 1.91996E-1 2.02449E-1 2.17799E-1 2.30398E-1 2.5168E-1 2.88033E-1 3.19589E-1 3.48694E-1 3.6816E-1 3.63811E-1 3.62487E-1 3.70365E-1 3.81272E-1 4.11483E-1 4.56025E-1 5.10623E-1 5.59787E-1 5.88571E-1 5.78593E-1 5.59254E-1 5.38043E-1 5.17657E-1 5.21666E-1 4.9972E-1 4.56483E-1 3.82815E-1 2.27884E-1 5.83255E-2 3.71167E-3 7.30678E-4 7.45409E-5 1.56299E-4 1.19342E-5 2.27352E-6 2.34599E-7 2.94555E-8 1.07099E-7 4.67684E-7 2.15657E-6 8.54187E-6 5.96994E-6 5.69633E-6 8.87508E-6 1.86782E-8 1.51696E-9 -9999
1.05247E-3 7.17556E-4 6.01678E-4 7.75192E-4 1.08797E-3 1.15159E-3 2.0768E-3 2.70205E-3 3.46886E-3 2.8727E-3 4.67422E-3 2.04521E-2 5.39647E-2 2.9854E-2 1.3405E-2 2.0067E-2 8.9448E-2 1.99576E-1 2.01788E-1 1.9495E-1 1.92504E-1 1.8804E-1 1.77365E-1 1.74515E-1 1.77365E-1 1.82527E-1 1.92785E-1 2.0483E-1 2.28248E-1 2.53023E-1 2.93054E-1 3.38385E-1 3.6587E-1 3.84102E-1 3.82787E-1 3.71767E-1 3.63811E-1 3.89013E-1 4.30825E-1 4.8122E-1 5.33769E-1 5.66276E-1 5.70779E-1 5.68109E-1 5.57208E-1 5.56779E-1 5.53178E-1 5.37775E-1 5.02504E-1 4.59395E-1 4.02448E-1 2.78663E-1 9.12308E-2 3.64989E-2 7.79764E-3 2.61186E-3 4.5299E-4 6.19926E-6 1.0466E-6 3.02833E-6 9.33798E-6 2.43041E-5 2.38352E-6 3.27442E-7 2.93827E-7 1.38861E-6 2.20394E-8 1.95493E-8 2.14044E-9 -9999
8.75361E-4 7.99081E-4 7.4095E-4 8.34342E-4 1.15297E-3 1.48255E-3 1.20074E-3 1.71323E-3 2.29858E-3 3.90038E-3 1.02821E-2 3.14868E-2 2.92028E-2 1.60426E-2 1.72678E-2 3.09038E-2 6.14544E-2 1.90313E-1 1.95508E-1 1.88438E-1 1.86954E-1 1.78173E-1 1.72121E-1 1.69305E-1 1.62376E-1 1.65129E-1 1.68889E-1 1.77365E-1 1.96452E-1 2.28248E-1 2.72536E-1 3.3362E-1 3.84519E-1 4.0988E-1 3.99429E-1 3.72973E-1 3.55217E-1 3.69767E-1 4.05863E-1 4.42102E-1 4.88393E-1 5.15638E-1 5.34246E-1 5.46079E-1 5.54304E-1 5.56879E-1 5.67723E-1 5.70084E-1 5.48828E-1 5.26593E-1 5.3536E-1 4.70193E-1 3.24022E-1 1.12365E-1 6.28563E-2 9.31459E-3 8.06666E-4 3.82142E-5 1.80648E-4 1.35649E-4 5.04779E-6 1.12446E-6 4.80772E-6 8.13323E-6 7.23836E-6 1.7726E-7 1.0167E-8 2.643E-9 1.33622E-9 2.47832E-9
6.67501E-4 3.98522E-4 5.8192E-4 9.21263E-4 1.21069E-3 1.17201E-3 2.01897E-3 3.67748E-3 4.31955E-3 4.07399E-3 1.46567E-2 3.00788E-2 1.55769E-2 1.777E-2 1.99779E-2 6.24289E-2 8.66084E-2 1.8873E-1 1.90374E-1 1.84004E-1 1.78407E-1 1.76958E-1 1.71225E-1 1.58551E-1 1.55851E-1 1.53178E-1 1.50312E-1 1.54274E-1 1.67907E-1 2.02512E-1 2.51967E-1 3.2517E-1 4.04505E-1 4.33875E-1 4.03629E-1 3.67497E-1 3.51125E-1 3.54416E-1 3.74572E-1 4.0891E-1 4.33675E-1 4.61009E-1 4.7859E-1 5.2304E-1 5.57983E-1 5.6362E-1 5.67802E-1 5.79558E-1 5.79376E-1 5.76663E-1 5.66014E-1 5.09135E-1 3.98601E-1 2.9633E-1 1.64721E-1 5.51872E-2 3.44305E-3 2.69117E-4 1.07634E-4 1.82306E-5 3.48194E-5 2.13249E-6 7.0768E-6 7.0583E-6 2.71383E-5 1.01049E-5 1.09754E-7 5.39153E-9 3.14489E-7 1.09553E-7
6.83311E-4 1.98258E-4 8.5775E-4 3.03135E-3 7.08486E-3 6.03402E-3 4.56038E-3 5.93849E-3 1.07937E-2 1.41293E-2 2.5321E-2 1.86793E-2 1.56945E-2 1.52854E-2 3.89419E-2 6.05729E-2 6.18472E-2 1.67469E-1 1.86246E-1 1.78407E-1 1.71298E-1 1.69894E-1 1.61494E-1 1.53307E-1 1.46717E-1 1.41568E-1 1.36532E-1 1.34056E-1 1.44035E-1 1.7639E-1 2.23473E-1 2.99248E-1 4.1313E-1 4.36346E-1 3.86842E-1 3.50065E-1 3.33361E-1 3.34575E-1 3.49476E-1 3.72363E-1 3.87254E-1 4.08842E-1 4.55719E-1 5.26879E-1 5.61999E-1 5.59423E-1 5.62493E-1 5.76227E-1 5.84823E-1 5.86891E-1 5.69183E-1 5.19374E-1 4.6996E-1 4.00161E-1 3.34395E-1 1.63286E-1 2.72018E-2 2.69561E-4 1.89595E-5 1.5192E-5 2.44327E-6 2.62643E-6 1.34931E-6 9.88607E-7 1.65651E-6 4.65627E-6 2.92101E-6 4.27731E-7 1.93384E-7 2.95265E-9
9.17639E-4 1.15726E-3 3.71492E-3 3.41124E-3 5.37723E-3 1.19506E-2 1.1586E-2 1.20533E-2 1.45722E-2 1.5749E-2 1.73601E-2 2.02899E-2 2.43514E-2 3.24957E-2 6.03606E-2 8.00142E-2 3.98198E-2 1.76671E-1 1.85721E-1 1.69808E-1 1.61288E-1 1.58688E-1 1.53259E-1 1.4794E-1 1.41557E-1 1.35259E-1 1.3035E-1 1.24375E-1 1.29189E-1 1.66992E-1 2.02049E-1 2.64591E-1 3.40155E-1 3.60858E-1 3.28579E-1 3.08229E-1 3.06536E-1 3.13205E-1 3.2161E-1 3.34575E-1 3.47826E-1 3.71371E-1 4.30825E-1 5.02046E-1 5.31273E-1 5.37137E-1 5.41895E-1 5.6355E-1 5.86103E-1 5.93823E-1 5.8453E-1 5.6349E-1 5.63435E-1 5.06481E-1 4.24794E-1 3.15697E-1 1.35907E-1 4.4808E-3 1.73208E-6 2.53215E-7 1.37782E-7 1.29834E-7 2.97915E-9 2.10768E-8 3.20373E-9 4.42168E-8 2.81558E-7 1.38673E-6 1.16754E-7 2.68079E-8
1.36731E-3 3.51596E-4 2.29117E-4 9.73775E-4 3.39892E-3 4.82172E-3 5.60436E-3 6.565E-3 8.6083E-3 1.57975E-2 2.50869E-2 3.4692E-2 4.13511E-2 5.79194E-2 8.54823E-2 1.08505E-1 1.00295E-1 1.8394E-1 1.83312E-1 1.65665E-1 1.50403E-1 1.46436E-1 1.41247E-1 1.42533E-1 1.3743E-1 1.34921E-1 1.31435E-1 1.266E-1 1.3764E-1 1.56027E-1 1.88718E-1 2.25666E-1 2.67966E-1 2.82187E-1 2.78793E-1 2.7086E-1 2.75896E-1 2.87713E-1 3.06536E-1 3.1993E-1 3.28329E-1 3.44522E-1 4.16381E-1 4.74879E-1 5.00944E-1 5.13428E-1 5.15534E-1 5.38692E-1 5.80578E-1 5.99978E-1 5.9419E-1 5.91709E-1 5.95009E-1 5.79578E-1 5.16776E-1 4.35407E-1 2.68274E-1 7.24858E-2 6.75341E-4 2.54535E-8 9.06325E-12 1.65897E-11 1.08352E-12 3.7542E-13 1.14231E-12 5.41191E-11 4.24663E-9 1.14801E-7 2.45221E-7 7.95674E-8
1.43661E-3 7.31584E-4 1.56942E-4 2.16382E-4 1.67552E-3 5.46863E-3 9.49215E-3 1.28488E-2 2.11409E-2 3.76701E-2 4.71263E-2 5.15465E-2 5.59208E-2 6.05729E-2 7.22708E-2 8.60437E-2 9.01423E-2 1.77611E-1 1.84679E-1 1.57384E-1 1.43533E-1 1.37126E-1 1.35866E-1 1.35866E-1 1.37126E-1 1.39667E-1 1.35866E-1 1.31212E-1 1.38903E-1 1.50586E-1 1.72746E-1 1.9474E-1 2.21293E-1 2.33769E-1 2.3313E-1 2.30744E-1 2.37209E-1 2.59187E-1 2.89407E-1 3.21778E-1 3.3362E-1 3.43399E-1 4.02548E-1 4.67812E-1 4.96787E-1 4.93196E-1 4.66479E-1 4.88319E-1 5.5894E-1 5.96132E-1 6.04581E-1 6.02512E-1 6.04345E-1 5.92911E-1 5.64362E-1 5.05554E-1 2.99338E-1 1.33457E-1 2.36805E-2 2.25025E-4 8.99241E-8 3.56864E-10 6.62835E-10 7.97657E-13 1.84451E-16 2.06115E-13 6.88509E-10 8.11199E-8 1.90903E-7 1.95492E-6
3.31588E-3 1.09753E-2 1.43164E-2 5.86147E-3 3.1817E-3 7.47304E-3 1.90307E-2 2.97058E-2 3.57111E-2 5.59087E-2 7.89047E-2 7.27085E-2 7.48426E-2 6.38245E-2 5.36218E-2 9.7273E-2 6.20665E-2 1.98115E-1 1.83487E-1 1.43533E-1 1.29276E-1 1.305E-1 1.29276E-1 1.305E-1 1.39274E-1 1.43144E-1 1.40556E-1 1.38393E-1 1.38695E-1 1.45128E-1 1.58688E-1 1.75619E-1 1.90382E-1 2.00851E-1 2.05133E-1 2.08238E-1 2.15546E-1 2.38835E-1 2.72029E-1 3.013E-1 3.11525E-1 3.3193E-1 3.99731E-1 4.66887E-1 4.98912E-1 5.01303E-1 4.54438E-1 4.66887E-1 5.43474E-1 5.80056E-1 5.95813E-1 6.07335E-1 5.95366E-1 6.04553E-1 5.4711E-1 4.83222E-1 3.79771E-1 2.43054E-1 1.11482E-1 2.45722E-2 1.18432E-4 3.67233E-6 1.11497E-7 1.46924E-9 6.93055E-11 1.64228E-13 8.02757E-11 3.79987E-7 6.08413E-5 2.2742E-5
1.26642E-2 8.91366E-2 1.27713E-1 1.62203E-1 7.66929E-2 1.49846E-2 2.11645E-2 7.42826E-2 1.04384E-1 1.14116E-1 1.16108E-1 9.8748E-2 9.21182E-2 4.78627E-2 8.71455E-2 1.34887E-1 8.91445E-2 2.09086E-1 1.74079E-1 1.37998E-1 1.25161E-1 1.27571E-1 1.2806E-1 1.26851E-1 1.34982E-1 1.40071E-1 1.37512E-1 1.305E-1 1.3297E-1 1.33369E-1 1.46147E-1 1.58525E-1 1.75502E-1 1.79997E-1 1.84406E-1 1.90215E-1 2.06683E-1 2.28283E-1 2.61225E-1 2.83886E-1 2.92408E-1 3.19836E-1 3.8077E-1 4.52677E-1 4.85757E-1 4.95903E-1 4.83157E-1 5.23828E-1 5.47832E-1 5.6399E-1 5.76974E-1 6.01014E-1 5.89795E-1 5.81415E-1 6.05247E-1 5.61746E-1 4.88372E-1 3.82123E-1 2.52968E-1 1.23336E-1 7.90675E-3 8.83749E-4 1.28473E-3 2.17728E-4 2.00172E-7 1.00389E-6 1.43648E-8 3.69643E-7 1.50788E-7 5.81731E-7
3.51923E-2 1.40255E-1 1.89158E-1 2.12281E-1 2.13394E-1 1.06169E-1 7.54502E-2 1.06313E-1 1.24482E-1 7.19382E-2 7.1845E-2 6.45263E-2 7.08999E-2 1.33442E-1 1.35762E-1 9.68637E-2 1.84059E-1 2.14074E-1 1.76733E-1 1.47346E-1 1.36243E-1 1.28788E-1 1.26362E-1 1.25161E-1 1.28788E-1 1.27571E-1 1.25161E-1 1.23967E-1 1.22089E-1 1.2806E-1 1.3673E-1 1.49738E-1 1.58258E-1 1.69737E-1 1.74172E-1 1.78526E-1 1.96259E-1 2.20857E-1 2.46941E-1 2.66277E-1 2.78151E-1 2.98718E-1 3.4213E-1 3.99149E-1 4.44683E-1 4.66615E-1 4.76607E-1 5.08593E-1 5.30148E-1 5.22492E-1 5.35409E-1 5.59107E-1 5.76341E-1 5.92367E-1 6.08589E-1 6.03801E-1 5.67292E-1 4.79937E-1 3.56257E-1 2.07616E-1 6.02536E-2 1.3985E-2 1.09678E-2 1.81557E-2 6.02559E-3 5.77131E-5 1.88315E-9 9.40422E-9 9.2272E-7 6.80279E-8
1.31919E-1 1.53845E-1 1.60063E-1 1.55461E-1 1.78407E-1 1.91996E-1 1.50249E-1 1.13966E-1 1.0668E-1 9.99127E-2 1.08384E-1 1.23469E-1 1.75726E-1 1.7789E-1 1.90741E-1 1.35587E-1 2.46975E-1 2.16952E-1 1.94034E-1 1.69553E-1 1.47346E-1 1.30012E-1 1.2278E-1 1.2043E-1 1.1696E-1 1.2043E-1 1.19266E-1 1.1696E-1 1.15819E-1 1.2043E-1 1.30012E-1 1.41361E-1 1.54667E-1 1.64869E-1 1.72369E-1 1.78423E-1 1.93464E-1 2.07288E-1 2.19691E-1 2.35913E-1 2.43626E-1 2.67107E-1 3.03208E-1 3.52191E-1 3.94401E-1 4.25164E-1 4.5213E-1 4.8188E-1 4.93819E-1 4.79159E-1 4.56534E-1 4.55071E-1 5.49219E-1 5.87348E-1 5.97294E-1 5.97822E-1 6.0234E-1 5.35103E-1 4.14166E-1 3.03097E-1 1.86333E-1 8.16434E-2 5.00502E-2 6.88336E-2 6.94107E-2 4.11513E-3 8.49761E-6 1.77715E-7 2.2942E-7 8.20322E-8
1.19598E-1 1.1965E-1 1.07308E-1 1.11424E-1 1.25286E-1 1.62056E-1 1.7845E-1 1.45694E-1 1.36278E-1 1.4011E-1 1.65062E-1 1.52692E-1 1.75577E-1 2.09886E-1 2.03367E-1 2.07547E-1 2.39844E-1 2.32245E-1 2.15725E-1 1.9195E-1 1.6242E-1 1.32482E-1 1.17542E-1 1.14121E-1 1.14685E-1 1.14685E-1 1.11328E-1 1.10768E-1 1.10768E-1 1.17542E-1 1.30667E-1 1.43386E-1 1.5409E-1 1.65252E-1 1.74477E-1 1.75272E-1 1.81154E-1 1.81369E-1 1.87419E-1 2.01063E-1 2.15187E-1 2.34635E-1 2.71207E-1 3.12825E-1 3.51819E-1 3.8429E-1 4.22188E-1 4.57277E-1 4.80141E-1 4.74566E-1 4.558E-1 4.73157E-1 5.64787E-1 5.78874E-1 5.32273E-1 5.4316E-1 6.05768E-1 5.77271E-1 4.61217E-1 3.77705E-1 3.09864E-1 1.98314E-1 1.49977E-1 1.35907E-1 9.76857E-2 2.61915E-2 2.37669E-3 3.97505E-5 7.33664E-6 1.6131E-6
