KUENM/Final_Models/M_0.1_F_lq_Set_2_EC/sp1_se_asia_median.asc
ncols         320
nrows         243
xllcorner     44.0
yllcorner     -0.666666666666667
cellsize      0.166666666666667
NODATA_value  -9999
[rows 62 to 92 of 243, columns 210 to 279 of 320]
1.99424E-7 4.18149E-11 2.6881E-12 2.59222E-12 6.31249E-10 3.99808E-8 1.33171E-7 2.6088E-8 9.24296E-7 8.99275E-7 6.26173E-7 7.8223E-7 6.48544E-6 5.02473E-5 2.17159E-4 2.0689E-5 2.90725E-3 8.76554E-5 8.37552E-6 2.33052E-7 9.98497E-11 2.74733E-13 6.46543E-13 2.63303E-11 8.43618E-11 2.83524E-12 -9999 -9999 -9999 -9999 -9999 -9999 -9999 -9999 -9999 -9999 -9999 -9999 -9999 -9999 -9999 -9999 -9999 -9999 -9999 -9999 -9999 -9999 -9999 -9999 -9999 -9999 -9999 -9999 -9999 -9999 -9999 -9999 -9999 -9999 -9999 -9999 -9999 -9999 -9999 -9999 -9999 -9999 -9999 -9999
5.70731E-5 6.34185E-8 2.79961E-12 2.1091E-12 6.98987E-10 1.08752E-8 3.9557E-8 4.36937E-8 1.42345E-6 1.28827E-6 2.3134E-6 3.25636E-6 9.66878E-6 4.71563E-5 1.23389E-4 4.10662E-4 3.34388E-4 1.54221E-4 6.78131E-5 2.58983E-5 2.56946E-7 1.09155E-11 3.85314E-12 1.31304E-11 4.05048E-12 1.10911E-12 1.10728E-14 -9999 -9999 4.58402E-12 4.76776E-12 -9999 -9999 -9999 -9999 -9999 -9999 -9999 -9999 -9999 -9999 -9999 -9999 -9999 -9999 -9999 -9999 -9999 -9999 -9999 -9999 -9999 -9999 -9999 -9999 -9999 -9999 -9999 -9999 -9999 -9999 -9999 -9999 -9999 -9999 -9999 -9999 -9999 -9999 -9999
2.31033E-3 9.88955E-5 1.63169E-6 2.89876E-8 1.8026E-9 9.58778E-10 1.15634E-8 2.4586E-8 3.50514E-8 5.15264E-7 1.2001E-6 8.76991E-7 2.10747E-6 6.19765E-6 5.51782E-5 3.73609E-4 4.64186E-4 3.15091E-6 3.63345E-7 4.14739E-8 2.56981E-7 4.19778E-6 1.69614E-8 8.25131E-9 2.30519E-12 7.60032E-13 7.36978E-13 1.62893E-15 3.2998E-16 1.14576E-8 3.47985E-12 -9999 -9999 -9999 -9999 -9999 -9999 -9999 -9999 -9999 -9999 -9999 -9999 -9999 -9999 -9999 -9999 -9999 -9999 -9999 -9999 -9999 -9999 -9999 -9999 -9999 -9999 -9999 -9999 -9999 -9999 -9999 -9999 -9999 -9999 -9999 -9999 -9999 -9999 -9999
1.9353E-2 5.65276E-3 3.1968E-3 6.66198E-4 3.08358E-5 3.60054E-6 1.08871E-5 4.80201E-5 8.37758E-7 3.72533E-8 3.99949E-8 2.84757E-8 1.78529E-7 9.0492E-7 5.76872E-6 8.78867E-6 7.14337E-5 2.2831E-4 6.42443E-5 4.15287E-4 2.00689E-5 1.04057E-5 1.04183E-7 1.55873E-6 1.65283E-9 1.78361E-11 9.0174E-13 1.09019E-14 4.98024E-10 8.63561E-10 5.28642E-15 -9999 -9999 -9999 -9999 -9999 -9999 -9999 -9999 -9999 -9999 -9999 -9999 -9999 -9999 -9999 -9999 -9999 -9999 -9999 -9999 -9999 -9999 -9999 -9999 -9999 -9999 -9999 -9999 -9999 -9999 -9999 -9999 -9999 -9999 -9999 -9999 -9999 -9999 -9999
6.11618E-2 3.09166E-2 1.92414E-2 1.09088E-2 2.46734E-3 1.62239E-4 5.94603E-5 7.99143E-6 1.6405E-7 3.54905E-8 1.12657E-8 1.6432E-9 3.25201E-9 5.45958E-8 1.32227E-6 1.19217E-6 6.84517E-6 1.83333E-5 6.16263E-6 1.81903E-6 3.53441E-6 7.991E-6 1.44305E-6 8.90137E-8 8.69582E-13 9.81903E-16 5.82248E-17 1.1549E-11 4.20655E-9 1.2668E-12 4.25797E-14 8.26042E-13 3.77312E-16 -9999 -9999 -9999 -9999 -9999 -9999 -9999 -9999 -9999 -9999 -9999 -9999 -9999 -9999 -9999 -9999 -9999 -9999 -9999 -9999 -9999 -9999 -9999 -9999 -9999 -9999 -9999 -9999 -9999 -9999 -9999 -9999 -9999 -9999 -9999 -9999 -9999
9.48729E-2 5.95921E-2 3.65208E-2 1.77216E-2 2.634E-3 4.83992E-4 3.85756E-4 5.33444E-5 1.46517E-6 3.97133E-7 3.76149E-7 4.42442E-8 3.56683E-9 2.62409E-10 1.11845E-9 3.37163E-10 7.87849E-8 1.34412E-6 5.20295E-8 2.97639E-8 1.28851E-7 5.02726E-8 1.64729E-6 3.99554E-6 6.28646E-8 1.04194E-6 2.20006E-7 9.1949E-6 6.61627E-9 4.18442E-14 1.45135E-12 1.72212E-11 6.10308E-9 2.02434E-13 1.62427E-10 -9999 9.12538E-13 -9999 -9999 -9999 -9999 -9999 -9999 -9999 -9999 -9999 -9999 -9999 -9999 -9999 -9999 -9999 -9999 -9999 -9999 -9999 -9999 -9999 -9999 -9999 -9999 -9999 -9999 -9999 -9999 -9999 -9999 -9999 -9999 -9999
1.0251E-1 8.2424E-2 4.80091E-2 1.46747E-2 1.46928E-3 5.42536E-4 1.16187E-3 9.42178E-4 1.10114E-4 4.09545E-5 2.55651E-5 1.1541E-5 1.39326E-6 1.8485E-7 4.95304E-9 5.18473E-11 9.0849E-10 1.75891E-7 1.1285E-5 4.81539E-6 9.81911E-7 6.58886E-8 6.39638E-7 3.822E-6 4.71188E-7 2.70034E-7 7.68624E-11 6.03532E-15 1.20467E-7 1.77702E-9 1.04389E-6 7.06328E-8 2.68703E-6 1.3052E-11 4.06017E-11 6.94002E-5 -9999 -9999 -9999 -9999 -9999 -9999 -9999 -9999 -9999 -9999 -9999 -9999 -9999 -9999 -9999 -9999 -9999 -9999 -9999 -9999 -9999 -9999 -9999 -9999 -9999 -9999 -9999 -9999 -9999 -9999 -9999 -9999 -9999 -9999
1.17722E-1 9.87044E-2 5.81056E-2 2.25171E-2 2.12884E-3 9.00002E-4 1.60728E-3 2.50698E-3 1.3364E-3 9.20053E-4 1.2157E-3 1.54522E-3 2.48909E-4 3.56705E-5 2.58318E-5 3.60794E-5 1.11952E-5 3.19564E-7 2.00248E-6 8.08219E-6 4.07469E-6 6.09327E-7 1.071E-7 7.69345E-9 4.6771E-10 1.84756E-10 2.08222E-14 1.70142E-19 9.0128E-33 2.60541E-37 9.79808E-35 1.18728E-29 2.37909E-23 2.80647E-8 6.50916E-6 4.78084E-6 1.00312E-6 5.86752E-8 5.79724E-7 1.01912E-12 -9999 -9999 -9999 -9999 -9999 -9999 -9999 -9999 -9999 -9999 -9999 -9999 -9999 -9999 -9999 -9999 -9999 -9999 -9999 -9999 -9999 -9999 -9999 -9999 -9999 8.67783E-15 1.10936E-15 4.85703E-17 4.28877E-15 -9999
1.75138E-1 1.38055E-1 8.76605E-2 4.77064E-2 1.65118E-2 6.55891E-3 5.0877E-3 8.58841E-3 7.11059E-3 5.56207E-3 6.8679E-3 8.30083E-3 3.57759E-3 1.71271E-3 2.94744E-3 8.93719E-3 7.28975E-3 8.50013E-4 2.69625E-6 1.03944E-6 1.28691E-6 4.20522E-6 9.67488E-6 1.75599E-6 2.33609E-9 5.60768E-10 4.9388E-15 4.53013E-18 5.65602E-25 3.46741E-27 2.02475E-29 5.16499E-27 9.73653E-26 1.19967E-20 4.40256E-16 9.95105E-12 5.41512E-8 7.06428E-8 5.85111E-8 5.99027E-9 2.92921E-9 -9999 6.94037E-12 -9999 -9999 1.35524E-16 -9999 -9999 -9999 -9999 -9999 -9999 -9999 -9999 -9999 -9999 -9999 2.46323E-14 -9999 -9999 -9999 -9999 -9999 1.27317E-12 5.42645E-11 5.88505E-13 3.80577E-12 7.41103E-14 3.98695E-16 -9999
2.75189E-1 1.97544E-1 1.47893E-1 1.00521E-1 5.88573E-2 3.54766E-2 3.32602E-2 3.82884E-2 1.97851E-2 1.31069E-2 1.25574E-2 1.39837E-2 1.16047E-2 1.15072E-2 1.7268E-2 2.1732E-2 1.2567E-2 1.55305E-3 1.87967E-5 1.34613E-6 9.89651E-7 3.59343E-6 2.12985E-5 3.64407E-5 1.20052E-6 9.19093E-8 7.37362E-10 2.43435E-11 1.09954E-14 1.78327E-17 5.32168E-19 1.48358E-19 7.45528E-19 1.57251E-17 2.1432E-16 1.57878E-13 2.03759E-12 9.61107E-11 4.31237E-13 9.05233E-17 1.94692E-15 1.16891E-14 -9999 3.94832E-9 -9999 3.90781E-14 7.06418E-13 6.65029E-17 -9999 -9999 -9999 -9999 -9999 -9999 -9999 1.15732E-15 2.14213E-13 7.40806E-13 3.05872E-14 -9999 -9999 -9999 1.10387E-11 2.59482E-10 1.00355E-7 1.9769E-11 2.14796E-9 2.13068E-13 1.34965E-12 6.47862E-12
3.70676E-1 2.77146E-1 2.15919E-1 1.68299E-1 1.19589E-1 7.73584E-2 6.27293E-2 5.06299E-2 2.75559E-2 1.8888E-2 2.16903E-2 2.32099E-2 2.23594E-2 2.37508E-2 2.67562E-2 2.1513E-2 1.05086E-2 2.23579E-3 1.95902E-4 1.43691E-5 1.85499E-6 3.17005E-6 1.8012E-5 5.66275E-5 1.89135E-5 4.8486E-7 1.4435E-9 1.03557E-10 1.38588E-13 1.60353E-14 2.98627E-16 1.2507E-15 2.41623E-14 7.65474E-14 1.35214E-13 3.21372E-14 8.45023E-11 1.38429E-10 1.56772E-12 4.92732E-11 6.78378E-16 4.2144E-20 9.66302E-16 3.02403E-15 4.36068E-10 1.04366E-12 2.7817E-10 1.8913E-14 3.41593E-12 4.08609E-10 7.03348E-17 1.20238E-11 6.62248E-12 1.27163E-12 1.83069E-16 1.26536E-15 1.35505E-11 2.89359E-9 3.18596E-10 -9999 -9999 4.54312E-12 4.92317E-12 2.11632E-10 2.63849E-7 4.42753E-7 3.43722E-7 4.63468E-10 4.67293E-9 2.17493E-9
4.36205E-1 3.53996E-1 2.90089E-1 2.548E-1 1.88978E-1 1.1781E-1 6.72244E-2 4.70697E-2 2.94353E-2 1.38793E-2 2.44738E-2 3.11947E-2 3.30413E-2 3.35169E-2 3.23131E-2 2.13058E-2 9.73339E-3 2.98974E-3 6.92664E-4 1.54633E-4 4.92732E-5 3.89793E-5 6.98659E-5 2.15899E-4 1.40863E-4 3.84972E-6 2.24923E-7 3.68827E-9 2.12846E-10 3.75464E-13 2.91411E-15 9.20941E-13 1.90574E-10 1.48595E-10 6.36012E-12 2.12028E-10 1.01937E-13 7.68106E-12 6.16589E-13 4.96961E-8 5.10147E-8 1.73348E-14 2.86369E-13 1.42046E-15 1.98211E-12 6.59521E-11 2.62102E-15 8.09668E-11 7.19808E-15 4.46648E-22 2.70752E-14 1.03463E-9 1.23935E-9 2.6174E-9 1.84797E-14 1.38119E-12 4.25411E-10 2.09228E-10 4.33035E-9 -9999 9.89091E-12 2.99534E-9 1.55559E-9 2.71086E-8 2.27701E-10 7.7792E-18 3.12991E-7 9.2601E-7 6.91083E-7 1.55863E-6
4.92645E-1 4.33491E-1 3.65138E-1 3.27749E-1 2.677E-1 1.85162E-1 7.45984E-2 5.12993E-2 4.70697E-2 3.03043E-2 3.9913E-2 5.54879E-2 5.03224E-2 4.73451E-2 3.85243E-2 2.34544E-2 1.0873E-2 4.34985E-3 2.0425E-3 9.6068E-4 4.8467E-4 3.28511E-4 3.94662E-4 5.57063E-4 2.85257E-4 3.71735E-5 2.11498E-5 7.15248E-6 1.37431E-7 4.35718E-9 1.25431E-9 6.6266E-9 4.21689E-8 1.57235E-8 1.90839E-10 2.97292E-12 2.56851E-11 1.47482E-8 1.32095E-8 1.57454E-7 2.15148E-6 3.36339E-6 3.50994E-6 2.92843E-9 3.24657E-13 9.53089E-15 3.2201E-15 6.70881E-16 3.88213E-13 1.44367E-10 1.6296E-14 1.01646E-13 1.11178E-14 2.87365E-13 5.68262E-9 2.28322E-11 1.08202E-14 2.70216E-19 5.55064E-9 -9999 8.08624E-10 5.73985E-8 1.50024E-7 2.02107E-7 2.38776E-7 2.36877E-16 1.38787E-7 3.57968E-7 1.7603E-8 2.22286E-10
5.15392E-1 4.84432E-1 4.19649E-1 3.57796E-1 3.50289E-1 3.38978E-1 1.97232E-1 9.2343E-2 6.39309E-2 6.55619E-2 1.08593E-1 1.12182E-1 8.97186E-2 7.10233E-2 5.2929E-2 3.06514E-2 1.44274E-2 6.25329E-3 5.90155E-3 5.76277E-3 3.02696E-3 1.50503E-3 1.3364E-3 1.39056E-3 3.69025E-4 5.20418E-5 5.58888E-5 1.66407E-4 2.86648E-5 2.01584E-6 7.53725E-7 9.41348E-7 7.20216E-6 1.47029E-4 5.11335E-6 3.03025E-10 8.56757E-13 1.83226E-12 4.79022E-13 8.10186E-11 3.28303E-6 1.20534E-4 8.12304E-5 3.5403E-5 4.5066E-6 2.56786E-6 1.90715E-8 1.61697E-13 3.70051E-10 7.11335E-4 3.87428E-12 3.47164E-11 1.20871E-9 3.96486E-15 2.6541E-14 7.28128E-24 4.03958E-26 1.73762E-27 1.01416E-14 4.85194E-9 4.44391E-10 9.26732E-8 9.14201E-8 2.61874E-8 4.76826E-8 1.21597E-17 8.67896E-37 1.2703E-13 9.44018E-9 1.141E-23
5.00886E-1 5.23282E-1 4.45759E-1 3.65268E-1 3.85591E-1 4.05495E-1 3.05134E-1 1.63084E-1 9.2343E-2 9.44851E-2 1.3756E-1 1.4967E-1 1.5407E-1 1.31451E-1 8.5116E-2 4.69264E-2 2.28283E-2 1.161E-2 2.02304E-2 3.32602E-2 1.33214E-2 5.17953E-3 4.02118E-3 3.60136E-3 1.09241E-3 1.38817E-4 1.90272E-4 7.39622E-4 3.22411E-4 6.55535E-5 5.82322E-5 1.10944E-4 1.63134E-4 6.77211E-4 1.67963E-3 1.74315E-4 3.52074E-7 1.88518E-9 2.35191E-10 1.70243E-9 7.80071E-8 5.68382E-6 8.14879E-5 5.62499E-5 2.3506E-4 3.05093E-5 1.4469E-4 1.14055E-7 3.48428E-4 3.07745E-3 2.66922E-6 3.2809E-5 1.1879E-9 4.93485E-15 9.551E-18 3.46305E-27 7.04891E-30 1.41863E-29 7.13203E-26 3.19132E-33 9.90011E-23 6.39965E-25 4.0378E-16 9.68658E-11 3.93287E-12 7.89999E-24 0E0 3.74337E-22 4.24305E-29 4.2362E-31
4.19872E-1 4.70358E-1 4.33828E-1 3.83759E-1 4.00114E-1 3.94696E-1 3.16246E-1 2.17204E-1 1.86792E-1 2.05147E-1 1.86036E-1 1.73166E-1 2.32463E-1 2.29519E-1 1.26131E-1 6.53408E-2 3.70882E-2 2.28283E-2 2.76576E-2 5.44586E-2 2.28613E-2 1.10048E-2 1.01233E-2 1.23533E-2 9.83203E-3 2.43119E-3 1.38726E-3 1.87286E-3 1.26353E-3 3.55112E-4 6.47188E-4 2.24907E-3 2.80813E-3 2.6039E-3 6.75572E-3 2.5847E-3 1.3379E-4 1.46572E-5 7.73231E-6 1.91509E-5 2.44112E-5 1.4974E-5 6.60466E-6 1.8176E-5 5.4042E-4 1.57682E-4 2.89532E-4 2.32235E-4 1.59698E-4 1.37589E-3 1.36147E-3 1.33883E-5 1.10801E-8 4.83916E-14 2.40484E-25 5.11898E-32 1.89188E-35 6.65617E-43 0E0 0E0 0E0 0E0 0E0 6.73495E-34 2.28863E-29 0E0 0E0 0E0 0E0 0E0
3.62707E-1 4.21545E-1 4.14557E-1 4.05607E-1 4.17896E-1 4.03706E-1 3.4464E-1 2.85968E-1 2.95404E-1 3.27623E-1 2.44303E-1 1.95035E-1 2.85324E-1 2.4148E-1 1.41689E-1 9.06512E-2 6.34526E-2 3.97878E-2 3.02077E-2 4.18762E-2 2.97695E-2 2.2752E-2 2.64523E-2 3.74572E-2 4.38356E-2 1.64594E-2 5.95821E-3 6.4935E-3 6.05693E-3 3.42336E-3 5.23473E-3 9.41099E-3 6.44496E-3 5.46411E-3 9.11658E-3 4.92055E-3 1.69318E-3 1.52291E-3 1.04273E-3 3.481E-3 4.05298E-3 1.49341E-3 4.76219E-4 1.17837E-4 2.84223E-5 1.56921E-5 2.66112E-6 5.49222E-9 2.12466E-13 1.45742E-11 5.65306E-10 2.71003E-14 1.15272E-19 3.83102E-21 2.5811E-22 1.14054E-26 1.75919E-41 0E0 0E0 0E0 0E0 0E0 0E0 0E0 0E0 0E0 0E0 0E0 0E0 0E0
4.3176E-1 4.33835E-1 4.50935E-1 4.52452E-1 4.52452E-1 4.54111E-1 4.35198E-1 4.24878E-1 4.23391E-1 3.92899E-1 3.31013E-1 3.00512E-1 2.94807E-1 2.33408E-1 1.57743E-1 1.40279E-1 1.18408E-1 7.27945E-2 3.55422E-2 4.26464E-2 5.57848E-2 6.84276E-2 7.19048E-2 6.28986E-2 5.45427E-2 2.92159E-2 1.4779E-2 1.3896E-2 1.28241E-2 1.65524E-2 2.97695E-2 4.22182E-2 3.4978E-2 1.97851E-2 1.903E-2 1.66477E-2 1.03231E-2 1.13874E-3 5.92891E-4 4.70226E-3 1.44059E-2 9.95766E-3 1.31229E-2 9.31942E-3 4.31887E-4 6.20758E-5 6.91904E-6 1.21477E-7 4.57512E-10 2.65434E-12 5.7925E-16 2.07617E-21 4.14956E-23 3.19418E-21 3.45898E-20 2.5558E-20 5.2747E-31 1.62677E-41 1.4013E-45 3.36312E-44 1.25458E-41 0E0 0E0 0E0 0E0 0E0 0E0 0E0 0E0 0E0
4.69035E-1 4.47349E-1 4.47561E-1 4.45865E-1 4.44072E-1 4.82894E-1 4.70358E-1 4.71948E-1 4.49118E-1 3.88904E-1 3.42426E-1 3.22653E-1 2.90117E-1 2.40654E-1 2.10402E-1 2.07863E-1 2.04436E-1 1.45341E-1 8.15326E-2 5.82259E-2 7.77017E-2 1.1221E-1 9.60193E-2 6.80525E-2 5.37275E-2 3.8655E-2 2.29017E-2 1.81845E-2 2.23415E-2 5.03679E-2 1.15322E-1 1.03929E-1 6.84746E-2 2.776E-2 2.94353E-2 4.45216E-2 3.20383E-2 2.16424E-3 2.16264E-4 5.92602E-3 4.30576E-2 4.79791E-2 3.87198E-2 5.46068E-2 3.92525E-2 9.18515E-3 4.73202E-4 2.53523E-5 4.45947E-7 2.82403E-9 2.4402E-12 3.77312E-16 9.08405E-19 5.7499E-19 1.47835E-18 8.72579E-20 4.95087E-25 2.45766E-32 1.10648E-36 5.00024E-36 2.94731E-34 1.10442E-36 0E0 0E0 0E0 0E0 3.78351E-44 2.25595E-41 2.38797E-39 3.78755E-37
4.5413E-1 3.94436E-1 3.77748E-1 3.83341E-1 3.8148E-1 4.21545E-1 4.16334E-1 3.85199E-1 3.14984E-1 2.79412E-1 2.90117E-1 3.11151E-1 2.93931E-1 2.63642E-1 2.57194E-1 2.51647E-1 2.27108E-1 1.89323E-1 1.37484E-1 6.63604E-2 4.9758E-2 9.52651E-2 8.88673E-2 4.6018E-2 5.04092E-2 4.90107E-2 2.24983E-2 1.90253E-2 4.80263E-2 1.2702E-1 1.70021E-1 1.06231E-1 6.59043E-2 2.97695E-2 3.69329E-2 5.81056E-2 9.35892E-2 1.1164E-1 2.30462E-2 1.77466E-2 3.62068E-2 5.29143E-2 4.65397E-2 7.62035E-2 7.00387E-2 3.12671E-2 5.19098E-3 7.23464E-4 5.40886E-5 3.69818E-6 3.23514E-8 1.65029E-11 7.20521E-15 1.62356E-16 7.89118E-17 6.06134E-18 9.82904E-21 2.76231E-24 4.4763E-27 1.39465E-28 1.36239E-30 3.15024E-34 1.13601E-38 8.91926E-42 1.12379E-39 1.13174E-35 1.69945E-33 3.08458E-32 1.48673E-31 6.70746E-30
3.72204E-1 3.13921E-1 2.98534E-1 3.35101E-1 3.80783E-1 3.91973E-1 3.5618E-1 2.8513E-1 1.587E-1 1.38908E-1 2.43782E-1 3.1007E-1 3.06222E-1 2.82509E-1 2.95841E-1 2.74004E-1 2.28023E-1 1.88371E-1 1.48864E-1 9.52651E-2 7.79604E-2 1.25697E-1 1.07407E-1 3.48153E-2 5.33017E-2 4.90234E-2 9.96804E-3 1.52483E-2 8.27257E-2 3.07319E-1 3.1576E-1 1.20493E-1 7.4233E-2 7.13201E-2 8.65126E-2 9.77631E-2 1.57669E-1 2.40703E-1 9.07604E-2 4.30449E-2 3.24811E-2 4.64398E-2 1.2898E-1 1.31831E-1 7.69829E-2 3.42195E-2 1.28009E-2 4.45408E-3 1.02938E-3 1.47572E-4 8.47428E-6 3.34281E-8 4.67696E-11 2.15976E-13 5.55648E-14 1.01742E-14 2.51049E-16 6.35735E-18 1.34587E-19 1.33911E-21 2.9512E-24 2.80953E-27 3.28458E-30 1.53689E-31 5.38539E-30 7.35216E-27 1.58633E-25 7.16674E-26 1.3327E-27 2.72578E-31
2.74201E-1 2.5118E-1 2.71819E-1 3.80783E-1 4.80272E-1 4.61403E-1 3.741E-1 3.39594E-1 2.30056E-1 1.80137E-1 2.78125E-1 3.13921E-1 2.8704E-1 2.9278E-1 3.06222E-1 2.84408E-1 2.15631E-1 1.7062E-1 1.6905E-1 1.67488E-1 1.61316E-1 1.93887E-1 1.77426E-1 9.77718E-2 7.66974E-2 3.89629E-2 1.21209E-2 2.34992E-2 9.09703E-2 3.42785E-1 3.4662E-1 1.38908E-1 1.03721E-1 1.12457E-1 1.25697E-1 1.22721E-1 1.43108E-1 1.52595E-1 1.27448E-1 9.93446E-2 5.38285E-2 6.34526E-2 1.33458E-1 1.99206E-1 1.24698E-1 5.09939E-2 2.15113E-2 1.28954E-2 4.56707E-3 6.48259E-4 5.91216E-5 3.47324E-6 8.75767E-8 2.14891E-9 2.08029E-10 3.34873E-11 5.42063E-12 1.18436E-12 9.95734E-14 7.64857E-16 2.39898E-18 8.54399E-21 3.64178E-23 1.39308E-24 2.49629E-24 6.90621E-23 5.26768E-23 3.64271E-25 5.70261E-30 3.36851E-30
2.4136E-1 2.39463E-1 2.8206E-1 4.15748E-1 5.40661E-1 5.60358E-1 5.37249E-1 5.14223E-1 5.03428E-1 3.75357E-1 3.45003E-1 3.62651E-1 3.13764E-1 3.17741E-1 3.23552E-1 2.74932E-1 2.12757E-1 1.75374E-1 1.81816E-1 2.0867E-1 2.19798E-1 2.18029E-1 1.81647E-1 1.6509E-1 1.22282E-1 6.04422E-2 3.53641E-2 4.66342E-2 1.21292E-1 2.56498E-1 2.64224E-1 1.62091E-1 1.49607E-1 1.6369E-1 1.73267E-1 1.79955E-1 1.45311E-1 1.71043E-1 1.88371E-1 1.9169E-1 1.2702E-1 3.83641E-2 6.22708E-2 2.11313E-1 1.38292E-1 6.18574E-2 2.97695E-2 1.53276E-2 5.39991E-3 1.16464E-3 2.56707E-4 1.11987E-4 2.37066E-5 1.71636E-6 1.70864E-7 3.0466E-8 9.58916E-9 6.46913E-9 1.33067E-9 5.38638E-12 2.44543E-14 3.1712E-16 2.21429E-18 2.72229E-20 2.67887E-21 2.28233E-22 2.62971E-27 5.91354E-35 3.35739E-40 4.23893E-34
3.35101E-1 2.8704E-1 2.9278E-1 3.77028E-1 5.16767E-1 5.92255E-1 5.85847E-1 5.10326E-1 4.65612E-1 4.00028E-1 3.98154E-1 4.65996E-1 4.12226E-1 3.81657E-1 3.75994E-1 3.02376E-1 2.18029E-1 1.9054E-1 2.00101E-1 2.39586E-1 2.56174E-1 2.49325E-1 1.83346E-1 1.37694E-1 1.23636E-1 8.72445E-2 7.75582E-2 8.85527E-2 1.72855E-1 2.71929E-1 2.84692E-1 2.15297E-1 2.00154E-1 2.18878E-1 2.72001E-1 2.70053E-1 1.88657E-1 2.52828E-1 3.56945E-1 2.96615E-1 1.91958E-1 7.54079E-2 7.57252E-2 1.45311E-1 1.21781E-1 6.85069E-2 2.96708E-2 1.37376E-2 6.19522E-3 3.11154E-3 2.29263E-3 1.63092E-3 7.39622E-4 8.0982E-5 1.03538E-5 2.27127E-6 9.07474E-7 1.19364E-7 3.21172E-9 1.29236E-10 3.62924E-12 9.68603E-14 1.50326E-15 1.78094E-17 2.17171E-19 4.61751E-22 1.05956E-30 0E0 0E0 0E0
4.80272E-1 3.93826E-1 3.74004E-1 4.07208E-1 4.78632E-1 5.54804E-1 5.13014E-1 3.57218E-1 2.64911E-1 3.59889E-1 4.31139E-1 4.4523E-1 3.92508E-1 3.78168E-1 3.64601E-1 3.1973E-1 2.56769E-1 2.25135E-1 2.54316E-1 2.76823E-1 2.6427E-1 2.47473E-1 2.06239E-1 1.62091E-1 1.38355E-1 1.36995E-1 1.6519E-1 1.98171E-1 2.20274E-1 2.85131E-1 3.4071E-1 2.55811E-1 2.22011E-1 2.09959E-1 2.50386E-1 2.82865E-1 3.0488E-1 3.28538E-1 3.94394E-1 3.29206E-1 2.08006E-1 1.90623E-1 2.4326E-1 1.73461E-1 1.1211E-1 4.96741E-2 2.05421E-2 1.70892E-2 1.06342E-2 4.42012E-3 2.2173E-3 3.17881E-3 2.60619E-3 5.31926E-4 7.15505E-5 1.73599E-5 1.74709E-5 1.69011E-6 1.60859E-8 7.32801E-10 7.13868E-11 4.1804E-12 1.37956E-13 2.1832E-15 1.64732E-17 1.44646E-21 4.03127E-27 3.19797E-39 0E0 0E0
3.79615E-1 3.20736E-1 3.0866E-1 3.37088E-1 3.80085E-1 4.68762E-1 3.91032E-1 2.39626E-1 2.04873E-1 3.71726E-1 4.05622E-1 2.41226E-1 2.91616E-1 3.11383E-1 2.87977E-1 2.87977E-1 3.02376E-1 3.27403E-1 2.88952E-1 2.7751E-1 2.60553E-1 2.24473E-1 2.30056E-1 2.39337E-1 1.79496E-1 2.20436E-1 2.48503E-1 2.39626E-1 2.20996E-1 2.56153E-1 3.21084E-1 2.9656E-1 2.33746E-1 2.10287E-1 2.58047E-1 3.17331E-1 3.36067E-1 3.52823E-1 3.59041E-1 2.86979E-1 1.89928E-1 2.37845E-1 3.66307E-1 2.34343E-1 1.00469E-1 2.93514E-2 1.24636E-2 3.48679E-2 2.85065E-2 6.79739E-3 1.16316E-3 3.51218E-3 4.04351E-3 1.29236E-3 2.11987E-4 4.58144E-5 3.04624E-5 3.10744E-6 3.80258E-8 4.46488E-9 9.64733E-10 1.0624E-10 6.35674E-12 1.90018E-13 2.15559E-15 3.94569E-18 5.35789E-22 7.95992E-26 4.56863E-29 6.52087E-33
2.49805E-1 1.80195E-1 1.20947E-1 1.5961E-1 2.58471E-1 3.17667E-1 2.23803E-1 1.39724E-1 1.77537E-1 2.98534E-1 2.99188E-1 2.42476E-1 2.92907E-1 2.78716E-1 2.39463E-1 2.37572E-1 3.17741E-1 4.22913E-1 3.98105E-1 3.09234E-1 2.59902E-1 2.11413E-1 1.605E-1 1.23828E-1 1.89015E-1 2.86521E-1 3.18507E-1 2.4499E-1 2.71404E-1 2.61847E-1 2.38439E-1 2.27399E-1 2.07675E-1 2.2451E-1 2.84092E-1 2.97716E-1 2.87975E-1 3.50603E-1 3.96493E-1 2.67572E-1 1.98076E-1 2.19197E-1 2.44871E-1 1.58645E-1 9.20269E-2 6.01708E-2 3.74281E-2 6.04422E-2 5.25495E-2 1.61443E-2 3.97006E-3 3.32245E-3 3.50182E-3 1.82295E-3 6.42239E-4 1.61091E-4 5.37112E-5 7.74509E-6 5.6173E-7 9.08957E-8 1.82655E-8 2.19384E-9 2.10347E-10 1.12308E-11 2.95418E-13 4.2995E-15 1.32051E-17 2.74014E-20 8.01812E-23 1.69064E-25
1.90027E-1 1.31996E-1 8.61228E-2 8.40634E-2 1.64613E-1 2.31608E-1 1.03976E-1 4.96741E-2 9.7119E-2 1.58391E-1 1.76514E-1 1.84348E-1 2.10841E-1 1.9226E-1 1.71043E-1 1.70805E-1 2.31833E-1 3.63795E-1 3.74004E-1 3.26487E-1 2.65373E-1 2.12471E-1 1.76505E-1 1.76505E-1 2.55092E-1 4.03223E-1 5.37465E-1 4.14413E-1 2.22159E-1 1.79567E-1 1.48312E-1 1.45128E-1 1.84343E-1 2.33667E-1 2.35514E-1 1.74472E-1 1.63313E-1 2.36586E-1 2.61847E-1 2.33746E-1 2.43005E-1 2.46785E-1 1.89015E-1 1.25021E-1 9.99615E-2 1.19603E-1 1.28539E-1 1.28894E-1 8.90691E-2 3.31767E-2 3.51218E-3 1.21107E-3 1.13739E-3 1.23471E-3 9.69519E-4 3.77237E-4 1.17838E-4 3.24166E-5 7.38273E-6 1.96196E-6 2.86622E-7 2.76682E-8 3.51361E-9 3.21668E-10 2.04864E-11 8.13234E-13 5.58669E-15 2.11778E-17 5.5774E-20 4.65876E-23
1.48859E-1 1.30108E-1 8.16891E-2 7.10551E-2 1.09793E-1 1.25697E-1 5.77164E-2 3.56035E-2 5.60153E-2 1.07097E-1 1.30508E-1 1.35318E-1 1.32613E-1 1.02785E-1 7.82915E-2 9.80785E-2 1.52362E-1 2.12229E-1 2.27905E-1 2.72991E-1 2.60555E-1 2.16147E-1 1.89396E-1 1.90728E-1 2.39538E-1 3.56295E-1 4.26871E-1 2.92317E-1 1.95921E-1 1.29165E-1 9.85476E-2 9.02035E-2 1.61168E-1 2.14765E-1 2.20145E-1 1.29077E-1 1.1215E-1 1.55817E-1 1.57343E-1 1.80692E-1 2.8704E-1 2.53493E-1 1.7062E-1 1.10803E-1 8.44794E-2 1.17612E-1 1.60766E-1 1.23078E-1 7.24258E-2 1.79909E-2 6.06301E-4 2.92187E-4 1.24803E-3 1.14057E-3 9.11943E-4 6.01745E-4 2.50966E-4 9.85712E-5 3.51183E-5 1.12661E-5 1.61899E-6 1.56721E-7 1.99072E-8 3.07029E-9 3.33334E-10 1.45627E-11 2.2177E-13 2.77243E-15 2.3639E-17 1.91658E-20
1.48864E-1 1.13432E-1 5.54879E-2 5.02084E-2 6.22606E-2 6.09478E-2 4.42338E-2 4.3331E-2 5.73614E-2 1.16236E-1 1.02785E-1 8.21467E-2 7.01499E-2 4.86351E-2 4.25083E-2 5.94211E-2 9.17386E-2 1.36356E-1 1.93442E-1 2.56658E-1 2.54856E-1 2.17624E-1 1.90954E-1 1.78083E-1 1.87526E-1 2.13051E-1 2.06652E-1 1.48368E-1 1.31521E-1 1.4676E-1 1.02641E-1 4.11467E-2 6.86824E-2 1.30547E-1 2.26428E-1 1.77929E-1 1.4537E-1 1.51851E-1 1.41853E-1 1.63084E-1 2.14192E-1 2.28023E-1 1.14617E-1 6.18574E-2 3.48957E-2 4.36391E-2 5.87601E-2 5.10455E-2 2.14707E-2 1.76049E-3 3.4289E-5 1.9676E-5 4.56408E-4 7.9444E-4 6.71243E-4 7.64675E-4 4.09837E-4 1.76661E-4 6.6404E-5 1.49429E-5 2.43043E-6 4.01997E-7 6.94494E-8 1.34999E-8 1.78193E-9 8.13254E-11 2.03204E-12 6.12424E-14 9.14146E-16 2.85704E-18
6.61707E-2 4.05069E-2 1.69107E-2 2.2062E-2 3.31916E-2 6.63892E-2 7.4195E-2 7.37079E-2 7.33717E-2 7.6695E-2 1.05948E-1 8.30807E-2 4.70697E-2 2.3702E-2 2.52155E-2 4.19299E-2 6.55619E-2 9.94023E-2 1.67418E-1 2.40703E-1 2.13117E-1 1.86394E-1 1.68845E-1 1.60669E-1 1.60048E-1 1.67694E-1 1.69246E-1 1.67694E-1 1.64782E-1 1.4676E-1 8.5786E-2 3.80879E-2 4.56904E-2 8.79041E-2 1.19603E-1 1.11533E-1 1.28539E-1 1.38055E-1 1.18963E-1 1.22737E-1 1.27885E-1 1.09266E-1 7.13784E-2 3.753E-2 2.14012E-2 1.81888E-2 1.70191E-2 1.72035E-2 9.57808E-3 6.97778E-4 1.22992E-5 5.35811E-6 1.26562E-4 4.23259E-4 6.10665E-4 8.38099E-4 4.86997E-4 2.02574E-4 6.91454E-5 1.1398E-5 1.86651E-6 4.72235E-7 1.28614E-7 2.3376E-8 2.77408E-9 1.94755E-10 7.59463E-12 2.58704E-13 1.05742E-14 2.02609E-16
