KUENM/Final_Models/M_0.1_F_lq_Set_2_EC/sp1_9.asc
ncols         197
nrows         210
xllcorner     56.1666666666667
yllcorner     4.5
cellsize      0.166666666666667
NODATA_value  -9999
[rows 56 to 83 of 210, columns 130 to 194 of 197]
8.3965E-5 1.60223E-8 1.2096E-7 4.0324E-10 1.31692E-8 1.36885E-9 4.21414E-9 1.63893E-11 1.98832E-10 1.37448E-9 6.62504E-10 2.03948E-11 3.98429E-11 9.5071E-12 1.12364E-10 6.3798E-14 1.19392E-11 4.22835E-14 1.19315E-13 1.20227E-22 2.83544E-21 2.89316E-19 4.62896E-16 1.72887E-16 5.61826E-20 1.60744E-20 3.24709E-25 6.27256E-24 6.3127E-24 6.4863E-22 2.76974E-20 1.97531E-19 6.7696E-19 1.1571E-19 1.67278E-21 5.53361E-21 1.26729E-20 1.42481E-23 1.50724E-26 1.31459E-27 1.5728E-25 9.5569E-29 1.71765E-29 5.02512E-29 -9999 -9999 -9999 -9999 -9999 -9999 -9999 -9999 -9999 -9999 -9999 -9999 -9999 -9999 -9999 -9999 -9999 -9999 -9999 -9999 -9999
1.34665E-2 3.91961E-3 1.67291E-5 2.67134E-11 9.96519E-11 3.21966E-8 2.89501E-10 2.04571E-10 2.56372E-8 9.43105E-9 6.14025E-9 4.88626E-9 1.52589E-10 1.11984E-11 9.17497E-12 5.47093E-11 8.34431E-10 4.43514E-11 3.02716E-12 4.92466E-23 5.46703E-18 2.54227E-22 2.29989E-18 3.92026E-14 3.88475E-10 6.14346E-17 4.93264E-19 8.22125E-22 2.64E-23 3.26283E-25 7.74846E-23 2.73211E-20 9.80695E-20 6.3083E-19 2.79195E-19 5.95698E-21 1.24283E-21 4.10247E-21 2.61261E-23 9.55152E-27 7.74154E-29 1.04041E-26 2.7426E-29 3.5552E-29 3.29911E-26 8.90511E-30 -9999 -9999 -9999 -9999 -9999 -9999 -9999 -9999 -9999 -9999 -9999 -9999 -9999 -9999 -9999 -9999 -9999 -9999 -9999
5.79776E-2 5.93374E-2 2.5983E-3 1.6366E-6 1.05694E-8 8.93697E-9 8.75579E-10 8.79236E-11 2.69268E-8 1.27295E-8 2.52188E-9 4.21414E-9 3.73431E-10 9.54052E-12 4.63805E-12 2.1738E-12 9.18023E-10 3.76112E-9 1.99762E-10 9.00125E-16 1.32269E-11 7.75542E-14 1.47654E-16 1.77765E-8 1.4516E-6 3.332E-8 6.98863E-17 2.84177E-20 1.62342E-19 2.32381E-26 2.25563E-26 3.71777E-23 2.63355E-20 1.7697E-19 7.91907E-20 6.69474E-20 3.71231E-21 3.2604E-20 4.60448E-22 3.89548E-22 5.98701E-28 5.03459E-26 8.55006E-25 8.21053E-26 7.74372E-27 3.23513E-28 1.32936E-28 5.68939E-26 -9999 -9999 -9999 -9999 -9999 -9999 -9999 -9999 -9999 -9999 -9999 -9999 -9999 -9999 -9999 -9999 -9999
1.22953E-1 8.66418E-2 2.04004E-2 1.42067E-3 1.09193E-5 1.32432E-6 1.70332E-7 1.26649E-8 2.27373E-10 2.22582E-11 2.31818E-9 2.56761E-9 1.64241E-9 6.39128E-10 9.264E-9 2.11953E-9 4.76452E-9 7.84185E-9 1.50545E-8 5.65913E-8 1.23273E-6 1.50796E-8 1.64349E-10 7.73563E-5 6.07855E-6 2.33409E-7 8.19936E-10 8.0348E-13 8.69992E-17 4.37436E-19 2.67388E-19 1.57981E-22 6.25156E-25 7.9398E-22 2.80109E-21 5.90621E-22 6.97258E-22 4.65354E-19 1.479E-19 1.73549E-20 7.07623E-22 1.08661E-22 2.73683E-22 2.08142E-23 6.34261E-24 1.02247E-25 5.93801E-25 3.52339E-24 5.75209E-26 2.60432E-26 -9999 -9999 -9999 -9999 -9999 -9999 -9999 -9999 -9999 -9999 -9999 -9999 -9999 -9999 -9999
1.17249E-1 1.21956E-1 5.70786E-2 2.2908E-2 4.32502E-3 5.53502E-4 1.36307E-5 1.99424E-7 2.51999E-11 1.35198E-13 5.96738E-14 2.49026E-11 2.35885E-9 7.89094E-9 8.89431E-9 1.46461E-7 8.11825E-8 6.23481E-8 9.56491E-8 1.39367E-7 6.03604E-7 5.3143E-6 7.59939E-9 2.6214E-5 4.28268E-8 1.09546E-9 5.24959E-12 1.56215E-17 1.91356E-22 8.30264E-22 6.7994E-19 4.97136E-18 9.91533E-21 1.31347E-25 1.00536E-23 2.23372E-26 4.43642E-23 2.63697E-20 9.25307E-23 9.48609E-21 8.06901E-21 2.36311E-22 1.74624E-20 4.11195E-21 9.7363E-22 7.45228E-25 1.20605E-23 2.27892E-23 6.40534E-23 5.88153E-23 1.15543E-22 9.03961E-24 -9999 -9999 -9999 -9999 -9999 -9999 -9999 -9999 -9999 -9999 -9999 -9999 -9999
1.0347E-1 1.20649E-1 9.22374E-2 5.41063E-2 2.73736E-2 9.04033E-3 1.62039E-3 5.70731E-5 6.83008E-8 2.79961E-12 1.2906E-12 4.82675E-11 9.26822E-10 5.81426E-9 1.87809E-8 1.23611E-7 1.31473E-7 2.48607E-7 1.2427E-6 1.65361E-6 1.66744E-5 8.81826E-7 2.02732E-6 6.02168E-7 1.09007E-7 2.85168E-8 6.37424E-9 5.78009E-12 1.93513E-19 2.3321E-20 1.88477E-19 1.98224E-20 1.80577E-21 4.24348E-25 3.86699E-27 1.48757E-28 3.17148E-20 3.79279E-20 2.79725E-24 3.84305E-20 1.65776E-19 4.06554E-20 2.61186E-20 3.2226E-21 2.15404E-21 1.12569E-19 1.81163E-21 2.77319E-20 1.89975E-20 6.67995E-23 9.56943E-23 1.73108E-24 6.50354E-20 -9999 -9999 -9999 -9999 -9999 -9999 -9999 -9999 -9999 -9999 -9999 -9999
1.27313E-1 1.40256E-1 1.20649E-1 9.39717E-2 6.74908E-2 4.63913E-2 1.76492E-2 2.31033E-3 9.88955E-5 1.81901E-6 3.1953E-8 1.90227E-9 9.58778E-10 1.19647E-8 2.1598E-8 2.28901E-8 1.03752E-7 1.11786E-7 9.46325E-8 9.99765E-7 2.0559E-6 1.0179E-5 2.30764E-5 1.10109E-6 3.2546E-10 1.16237E-11 4.21354E-13 6.32323E-12 4.68978E-10 8.21445E-14 2.2885E-14 7.17463E-21 9.11664E-22 8.6485E-22 1.32414E-26 7.71264E-28 4.50982E-14 2.06114E-20 7.02708E-25 6.54925E-23 1.38241E-23 1.19996E-23 3.65722E-24 4.72053E-22 5.98221E-22 2.21512E-21 2.58557E-22 9.7363E-22 1.93991E-21 2.93736E-24 2.70387E-24 1.78728E-24 1.01916E-23 8.33828E-23 1.40296E-21 -9999 -9999 -9999 -9999 -9999 -9999 -9999 -9999 -9999 -9999
1.9855E-1 2.00142E-1 1.89338E-1 1.55577E-1 1.36669E-1 1.28574E-1 6.46457E-2 1.9353E-2 5.65276E-3 3.1968E-3 6.66198E-4 3.46232E-5 4.00119E-6 1.21055E-5 5.38279E-5 9.3188E-7 2.90461E-8 1.71875E-8 1.55998E-8 1.50557E-7 5.00818E-7 2.52748E-6 3.21913E-6 1.27539E-5 4.47249E-7 5.81066E-8 3.0409E-6 1.50522E-8 4.24151E-9 1.37751E-12 8.25282E-11 1.13689E-15 2.81471E-19 1.24238E-21 4.16403E-25 1.37293E-16 4.00662E-16 1.38749E-25 8.4526E-28 1.04036E-28 9.28473E-26 1.55211E-24 4.92638E-26 2.86539E-25 4.08503E-21 2.24085E-22 2.63512E-20 8.96809E-25 2.7052E-25 1.16784E-25 5.53684E-21 8.68608E-20 2.85114E-25 7.52749E-24 1.4382E-23 7.67975E-25 -9999 -9999 -9999 -9999 -9999 -9999 -9999 -9999 -9999
2.93733E-1 2.83014E-1 3.00611E-1 2.87873E-1 2.87873E-1 2.29575E-1 1.3444E-1 6.11618E-2 3.09166E-2 1.92414E-2 1.09088E-2 2.46734E-3 1.72665E-4 6.67411E-5 8.87293E-6 1.80649E-7 3.89816E-8 1.23977E-8 1.79529E-9 3.25201E-9 5.59418E-8 1.2901E-6 4.31885E-7 1.03063E-6 2.38881E-6 6.66589E-7 2.08947E-7 1.71546E-7 3.03481E-9 1.52478E-10 1.076E-12 1.26857E-21 4.96631E-27 2.80029E-29 1.30228E-19 6.27709E-15 2.65714E-21 5.95197E-24 1.45572E-21 1.22746E-27 2.8928E-24 3.08247E-20 3.75721E-21 1.44698E-24 2.66168E-19 7.78196E-24 6.23927E-20 3.05065E-20 1.06233E-20 2.08432E-22 4.80867E-21 8.11063E-19 1.82825E-22 8.13746E-20 3.41878E-21 2.46338E-20 6.41716E-21 -9999 -9999 -9999 -9999 -9999 -9999 -9999 -9999
3.64868E-1 3.36328E-1 3.50362E-1 3.77923E-1 3.96586E-1 3.04133E-1 1.6949E-1 9.48729E-2 5.95921E-2 3.65208E-2 1.77216E-2 2.634E-3 4.84098E-4 3.90802E-4 5.89502E-5 1.62289E-6 4.38204E-7 4.13254E-7 4.8409E-8 3.8942E-9 2.89315E-10 1.08E-9 2.38673E-10 2.43897E-8 2.27058E-7 2.43619E-8 8.73313E-9 8.88178E-9 4.16965E-9 9.68569E-9 4.85936E-10 4.88238E-13 4.28111E-11 5.43029E-12 1.30308E-9 1.21399E-14 5.06436E-24 3.53032E-21 3.34629E-19 1.17692E-14 1.18863E-22 1.96964E-17 7.51723E-19 2.15403E-21 8.69861E-20 2.16781E-24 4.65285E-26 7.71697E-24 6.57939E-23 5.14587E-22 2.05929E-24 5.67281E-21 4.79937E-18 1.44926E-19 1.81796E-19 4.46791E-19 6.32936E-20 8.27221E-18 -9999 -9999 -9999 -9999 -9999 -9999 -9999
4.22965E-1 3.63123E-1 3.31277E-1 3.54351E-1 3.68351E-1 2.6677E-1 1.38447E-1 1.0251E-1 8.2424E-2 4.80091E-2 1.46747E-2 1.49333E-3 5.68067E-4 1.16187E-3 9.42178E-4 1.19831E-4 4.562E-5 2.85516E-5 1.27685E-5 1.53647E-6 2.03604E-7 5.4508E-9 5.18473E-11 7.36298E-10 7.2618E-8 1.81617E-6 5.95126E-7 4.81547E-8 5.45932E-9 4.79618E-9 3.09109E-9 1.94268E-9 1.20767E-9 1.79885E-12 3.48446E-16 6.09233E-11 1.40289E-12 1.21737E-10 5.60834E-13 1.16077E-9 1.90925E-19 1.61228E-18 3.39501E-8 1.0702E-19 9.20275E-16 1.97573E-14 5.68106E-25 2.39687E-31 3.11889E-24 2.73686E-21 4.24149E-26 8.68541E-27 6.67662E-21 1.6689E-22 6.34176E-20 3.61711E-19 2.44691E-22 5.57766E-21 4.1988E-18 -9999 -9999 -9999 -9999 -9999 -9999
4.61453E-1 3.89756E-1 3.19824E-1 3.25305E-1 3.28955E-1 2.37793E-1 1.37207E-1 1.17722E-1 9.87044E-2 5.81056E-2 2.25171E-2 2.17425E-3 9.3979E-4 1.60728E-3 2.50698E-3 1.3364E-3 9.35394E-4 1.2171E-3 1.54522E-3 2.65391E-4 4.00858E-5 2.89897E-5 3.86278E-5 1.11952E-5 2.76202E-7 1.07069E-6 2.30496E-6 4.39477E-7 6.50038E-8 1.05843E-8 3.78995E-10 1.4041E-11 9.11485E-12 6.10287E-16 6.24261E-20 9.0128E-33 2.60541E-37 9.79808E-35 1.18728E-29 2.37909E-23 1.9508E-10 5.13201E-9 1.40711E-8 3.78958E-11 4.22891E-13 1.69105E-11 2.0981E-21 6.46553E-26 3.2765E-22 1.06106E-22 7.74079E-27 1.59324E-27 3.08626E-26 1.3842E-27 1.72982E-23 2.5451E-24 9.10515E-22 6.61219E-19 1.11055E-26 1.77622E-19 -9999 -9999 -9999 -9999 -9999
4.95612E-1 4.28861E-1 3.63309E-1 3.57936E-1 3.64692E-1 3.28198E-1 2.45895E-1 1.75138E-1 1.38055E-1 8.76605E-2 4.77064E-2 1.65118E-2 6.55891E-3 5.0877E-3 8.58841E-3 7.11059E-3 5.56207E-3 6.8679E-3 8.30083E-3 3.57759E-3 1.71271E-3 2.94744E-3 8.93719E-3 7.28975E-3 8.50013E-4 2.50052E-6 8.81515E-7 8.21982E-7 8.56142E-7 3.38002E-6 4.96324E-7 2.36043E-10 1.24795E-10 1.08954E-15 2.86659E-18 5.65602E-25 3.46741E-27 2.02475E-29 5.16499E-27 9.73653E-26 1.19967E-20 4.08569E-16 1.96637E-12 7.17893E-10 1.22358E-9 4.93E-13 1.64945E-14 4.01627E-15 9.23625E-18 5.68958E-20 2.48119E-19 6.6104E-21 2.53938E-28 1.04328E-31 1.81113E-32 1.55511E-27 2.27302E-20 2.26375E-18 1.28943E-23 1.12518E-22 1.32399E-24 -9999 -9999 -9999 -9999
5.44265E-1 4.79304E-1 4.27209E-1 4.35481E-1 4.56429E-1 4.25491E-1 3.54811E-1 2.75189E-1 1.97544E-1 1.47893E-1 1.00521E-1 5.88573E-2 3.54766E-2 3.32602E-2 3.82884E-2 1.97851E-2 1.31069E-2 1.25574E-2 1.39837E-2 1.16047E-2 1.15072E-2 1.7268E-2 2.1732E-2 1.2567E-2 1.55305E-3 1.87967E-5 1.34613E-6 9.79992E-7 3.20367E-6 1.51972E-5 2.4515E-5 3.38682E-7 2.7047E-8 2.26553E-10 1.39146E-11 1.09954E-14 1.78327E-17 5.32168E-19 1.48358E-19 7.45528E-19 1.57251E-17 2.1432E-16 1.57878E-13 1.55701E-12 6.78892E-11 3.12796E-14 1.21189E-17 2.85411E-17 1.67066E-16 2.5418E-14 7.85421E-14 5.41974E-23 5.42526E-24 9.30214E-22 6.11027E-29 4.74911E-27 2.4098E-17 4.30417E-14 2.5612E-20 8.03483E-25 3.50677E-27 -9999 -9999 -9999 -9999
5.47863E-1 5.27715E-1 4.96527E-1 4.89471E-1 5.33918E-1 5.06802E-1 4.48356E-1 3.70676E-1 2.77146E-1 2.15919E-1 1.68299E-1 1.19589E-1 7.73584E-2 6.27293E-2 5.06299E-2 2.75559E-2 1.8888E-2 2.16903E-2 2.32099E-2 2.23594E-2 2.37508E-2 2.67562E-2 2.1513E-2 1.05086E-2 2.23579E-3 2.00823E-4 1.44958E-5 1.85499E-6 3.17005E-6 1.8012E-5 5.66275E-5 1.89135E-5 4.63548E-7 1.06127E-9 6.14974E-11 1.05805E-13 1.60353E-14 2.98627E-16 1.2507E-15 2.5044E-14 7.65474E-14 1.35214E-13 2.25068E-14 3.39877E-11 1.76499E-11 1.59369E-13 1.46709E-11 3.41622E-16 4.67032E-21 2.44606E-17 2.97798E-17 2.29907E-16 1.65495E-21 1.78372E-16 1.36544E-24 1.39027E-20 4.58501E-15 4.56001E-19 1.37137E-19 4.77919E-20 2.6684E-21 4.11399E-28 -9999 -9999 -9999
5.58705E-1 5.55531E-1 5.55531E-1 5.40999E-1 5.48981E-1 5.41888E-1 5.01521E-1 4.36205E-1 3.53996E-1 2.90089E-1 2.548E-1 1.88978E-1 1.1781E-1 6.72244E-2 4.70697E-2 2.94353E-2 1.38793E-2 2.44738E-2 3.11947E-2 3.30413E-2 3.35169E-2 3.23131E-2 2.13058E-2 9.73339E-3 2.98974E-3 7.15418E-4 1.65024E-4 5.32429E-5 4.1544E-5 7.19718E-5 2.15899E-4 1.40863E-4 4.30278E-6 2.49475E-7 4.06929E-9 2.3148E-10 4.1689E-13 3.28742E-15 1.02261E-12 2.10151E-10 1.63567E-10 6.36012E-12 9.6571E-11 9.16913E-15 4.92586E-13 3.00187E-14 7.30929E-9 1.07986E-8 7.19375E-16 3.24776E-14 1.97557E-17 4.2722E-15 6.79866E-15 3.15362E-17 2.92063E-15 2.14515E-17 9.26687E-23 9.72754E-17 1.48996E-14 7.45424E-14 8.07426E-15 1.33159E-24 2.92842E-21 -9999 -9999
5.75082E-1 5.51146E-1 5.57774E-1 5.43071E-1 5.28375E-1 5.24534E-1 5.2079E-1 4.92645E-1 4.33491E-1 3.65138E-1 3.27749E-1 2.677E-1 1.85162E-1 7.45984E-2 5.12993E-2 4.70697E-2 3.03043E-2 3.9913E-2 5.54879E-2 5.03224E-2 4.73451E-2 3.85243E-2 2.34544E-2 1.0873E-2 4.34985E-3 2.0425E-3 9.74363E-4 4.97647E-4 3.35844E-4 3.9931E-4 5.57063E-4 2.8623E-4 4.08357E-5 2.37758E-5 7.97141E-6 1.50652E-7 4.77716E-9 1.38243E-9 7.24434E-9 4.46278E-8 1.58746E-8 1.94907E-10 2.97292E-12 2.41633E-11 8.37489E-9 5.1807E-9 2.04265E-8 3.42465E-7 8.57223E-7 9.9583E-7 1.64409E-10 7.6059E-15 1.56595E-16 4.09059E-16 6.66182E-18 1.74024E-13 8.03913E-11 1.43954E-16 6.71817E-15 3.16935E-16 6.98343E-15 4.18162E-14 3.42689E-14 -9999 -9999
5.95872E-1 5.55243E-1 5.11267E-1 4.86677E-1 4.97048E-1 5.01389E-1 5.16752E-1 5.15392E-1 4.84432E-1 4.19649E-1 3.57796E-1 3.50289E-1 3.38978E-1 1.97232E-1 9.2343E-2 6.39309E-2 6.55619E-2 1.08593E-1 1.12182E-1 8.97186E-2 7.10233E-2 5.2929E-2 3.06514E-2 1.44274E-2 6.25329E-3 5.90155E-3 5.76277E-3 3.02696E-3 1.50503E-3 1.3364E-3 1.39056E-3 3.84771E-4 5.80549E-5 6.23742E-5 1.81554E-4 3.16638E-5 2.20042E-6 8.25305E-7 1.03682E-6 7.99286E-6 1.5322E-4 5.729E-6 3.29503E-10 9.2617E-13 1.90391E-12 4.99018E-13 8.27877E-11 2.86242E-6 7.14026E-5 2.88653E-5 1.02097E-5 1.02975E-6 8.9004E-7 3.372E-9 4.44469E-15 2.98732E-11 6.59873E-4 1.47516E-13 2.1498E-12 4.30575E-10 2.50919E-16 3.26947E-16 7.28128E-24 4.03958E-26 -9999
5.7228E-1 5.61858E-1 5.25949E-1 4.82894E-1 4.85962E-1 4.81351E-1 4.92015E-1 5.00886E-1 5.23282E-1 4.45759E-1 3.65268E-1 3.85591E-1 4.05495E-1 3.05134E-1 1.63084E-1 9.2343E-2 9.44851E-2 1.3756E-1 1.4967E-1 1.5407E-1 1.31451E-1 8.5116E-2 4.69264E-2 2.28283E-2 1.16605E-2 2.02304E-2 3.32602E-2 1.33214E-2 5.17953E-3 4.02118E-3 3.60136E-3 1.12854E-3 1.52475E-4 2.09478E-4 7.80792E-4 3.56438E-4 7.22394E-5 6.41234E-5 1.23595E-4 1.82244E-4 6.82438E-4 1.67963E-3 1.84755E-4 3.89611E-7 2.07724E-9 2.59543E-10 1.8728E-9 8.33832E-8 5.66937E-6 7.71112E-5 2.39761E-5 1.40169E-4 9.25526E-6 7.96975E-5 7.32943E-9 1.38241E-4 2.31573E-3 2.871E-7 2.06329E-5 1.55795E-10 7.32475E-17 2.13117E-19 3.46305E-27 7.04891E-30 -9999
5.38841E-1 5.55626E-1 5.46216E-1 4.85962E-1 4.32095E-1 4.30349E-1 4.1082E-1 4.19872E-1 4.70358E-1 4.33828E-1 3.83759E-1 4.00114E-1 3.94696E-1 3.16246E-1 2.17204E-1 1.86792E-1 2.05147E-1 1.86036E-1 1.73166E-1 2.32463E-1 2.29519E-1 1.26131E-1 6.53408E-2 3.70882E-2 2.28283E-2 2.76576E-2 5.44586E-2 2.28613E-2 1.10048E-2 1.01233E-2 1.23533E-2 9.83203E-3 2.65178E-3 1.50654E-3 2.02298E-3 1.36105E-3 3.89223E-4 7.05832E-4 2.24907E-3 2.80813E-3 2.6039E-3 6.75572E-3 2.5847E-3 1.43973E-4 1.63914E-5 8.62066E-6 2.15172E-5 2.67423E-5 1.59633E-5 7.39237E-6 1.8176E-5 5.4042E-4 1.10853E-4 2.17521E-4 1.68991E-4 1.51958E-4 1.23117E-3 8.0012E-4 3.2593E-6 3.24455E-9 2.7346E-14 2.31152E-25 5.11898E-32 1.89188E-35 9.0664E-43
5.11613E-1 5.31352E-1 5.20009E-1 4.7228E-1 4.22913E-1 4.19769E-1 3.69482E-1 3.62707E-1 4.21545E-1 4.14557E-1 4.05607E-1 4.17896E-1 4.03706E-1 3.4464E-1 2.85968E-1 2.95404E-1 3.27623E-1 2.44303E-1 1.95035E-1 2.85324E-1 2.4148E-1 1.41689E-1 9.06512E-2 6.34526E-2 3.97878E-2 3.02077E-2 4.18762E-2 2.97695E-2 2.2752E-2 2.64523E-2 3.74572E-2 4.38356E-2 1.70085E-2 6.412E-3 6.88034E-3 6.29195E-3 3.57908E-3 5.23473E-3 9.41099E-3 6.44496E-3 5.46411E-3 9.11658E-3 4.92055E-3 1.69318E-3 1.52291E-3 1.04273E-3 3.481E-3 4.05298E-3 1.49341E-3 4.76219E-4 1.21052E-4 3.00114E-5 1.62117E-5 2.97198E-6 6.04116E-9 2.35474E-13 1.61262E-11 5.90595E-10 2.87385E-14 1.338E-19 4.51772E-21 2.87862E-22 1.44049E-26 2.826E-41 0E0
4.69035E-1 4.50935E-1 4.75495E-1 4.43923E-1 3.95675E-1 4.78686E-1 4.60816E-1 4.3176E-1 4.33835E-1 4.50935E-1 4.52452E-1 4.52452E-1 4.54111E-1 4.35198E-1 4.24878E-1 4.23391E-1 3.92899E-1 3.31013E-1 3.00512E-1 2.94807E-1 2.33408E-1 1.57743E-1 1.40279E-1 1.18408E-1 7.27945E-2 3.55422E-2 4.26464E-2 5.57848E-2 6.84276E-2 7.19048E-2 6.28986E-2 5.45427E-2 3.00025E-2 1.57054E-2 1.44837E-2 1.31171E-2 1.67134E-2 2.97695E-2 4.22182E-2 3.4978E-2 1.97851E-2 1.903E-2 1.66477E-2 1.03231E-2 1.13874E-3 6.01923E-4 4.70226E-3 1.44059E-2 9.95766E-3 1.31229E-2 9.31942E-3 4.31887E-4 6.79962E-5 7.73528E-6 1.3369E-7 5.01578E-10 2.9355E-12 6.5492E-16 2.46698E-21 5.0102E-23 3.7538E-21 4.03924E-20 3.01538E-20 7.16487E-31 2.62351E-41
4.30349E-1 3.98105E-1 4.30349E-1 4.3176E-1 3.82657E-1 4.73568E-1 4.98768E-1 4.69035E-1 4.47349E-1 4.47561E-1 4.45865E-1 4.44072E-1 4.82894E-1 4.70358E-1 4.71948E-1 4.49118E-1 3.88904E-1 3.42426E-1 3.22653E-1 2.90117E-1 2.40654E-1 2.10402E-1 2.07863E-1 2.04436E-1 1.45341E-1 8.15326E-2 5.82259E-2 7.77017E-2 1.1221E-1 9.60193E-2 6.80525E-2 5.47507E-2 4.00166E-2 2.4332E-2 1.92962E-2 2.32502E-2 5.03679E-2 1.15322E-1 1.03929E-1 6.84746E-2 2.776E-2 2.94353E-2 4.45216E-2 3.20383E-2 2.16424E-3 2.38539E-4 5.92602E-3 4.30576E-2 4.79791E-2 3.87198E-2 5.46068E-2 3.92525E-2 9.18515E-3 4.73905E-4 2.84347E-5 4.92213E-7 3.10543E-9 2.69086E-12 4.24243E-16 1.04029E-18 6.5582E-19 1.68949E-18 1.01869E-19 6.17803E-25 3.4067E-32
3.81671E-1 3.48408E-1 3.51901E-1 3.39885E-1 3.52361E-1 4.21129E-1 4.84764E-1 4.5413E-1 3.94436E-1 3.77748E-1 3.83341E-1 3.8148E-1 4.21545E-1 4.16334E-1 3.85199E-1 3.14984E-1 2.79412E-1 2.90117E-1 3.11151E-1 2.93931E-1 2.63642E-1 2.57194E-1 2.51647E-1 2.27108E-1 1.89323E-1 1.37484E-1 6.63604E-2 4.98131E-2 9.52651E-2 8.88673E-2 4.724E-2 5.26166E-2 5.12266E-2 2.35659E-2 1.98745E-2 4.92012E-2 1.2702E-1 1.70021E-1 1.06231E-1 6.59043E-2 2.97695E-2 3.69329E-2 5.81056E-2 9.35892E-2 1.1164E-1 2.30462E-2 1.77466E-2 3.62068E-2 5.29143E-2 4.65397E-2 7.62035E-2 7.00387E-2 3.12671E-2 5.19098E-3 7.26368E-4 6.06752E-5 4.11014E-6 3.5382E-8 1.79785E-11 7.98481E-15 1.81084E-16 8.87773E-17 6.92141E-18 1.15917E-20 3.40763E-24
3.24515E-1 2.66063E-1 2.09585E-1 1.80195E-1 2.37763E-1 3.49267E-1 4.07677E-1 3.72204E-1 3.13921E-1 2.98534E-1 3.35101E-1 3.80783E-1 3.91973E-1 3.5618E-1 2.8513E-1 1.60374E-1 1.41158E-1 2.43782E-1 3.1007E-1 3.06222E-1 2.82509E-1 2.95841E-1 2.74004E-1 2.28023E-1 1.88371E-1 1.48864E-1 9.52651E-2 7.81047E-2 1.25697E-1 1.08267E-1 3.67353E-2 5.54862E-2 5.11651E-2 1.01336E-2 1.56002E-2 8.60568E-2 3.07319E-1 3.1576E-1 1.20493E-1 7.4233E-2 7.13201E-2 8.65126E-2 9.77631E-2 1.57669E-1 2.40703E-1 9.07604E-2 4.30449E-2 3.24811E-2 4.64398E-2 1.2898E-1 1.31831E-1 7.69829E-2 3.42195E-2 1.28009E-2 4.45408E-3 1.02938E-3 1.62118E-4 9.36206E-6 3.63727E-8 5.05787E-11 2.35756E-13 6.12271E-14 1.12636E-14 2.82675E-16 7.25803E-18
3.05187E-1 2.81543E-1 1.64782E-1 1.09443E-1 2.27668E-1 3.0706E-1 3.00983E-1 2.76039E-1 2.5118E-1 2.71819E-1 3.80783E-1 4.80272E-1 4.62053E-1 3.741E-1 3.39635E-1 2.33081E-1 1.84326E-1 2.79855E-1 3.13921E-1 2.8704E-1 2.9278E-1 3.06222E-1 2.84408E-1 2.15631E-1 1.7062E-1 1.6905E-1 1.67488E-1 1.61316E-1 1.93887E-1 1.77426E-1 9.8959E-2 8.00724E-2 4.04947E-2 1.21318E-2 2.3771E-2 9.44324E-2 3.42785E-1 3.4662E-1 1.41158E-1 1.04709E-1 1.13135E-1 1.25697E-1 1.22721E-1 1.43108E-1 1.52595E-1 1.27448E-1 9.93446E-2 5.38285E-2 6.34526E-2 1.33458E-1 1.99206E-1 1.24698E-1 5.09939E-2 2.15113E-2 1.28954E-2 4.56707E-3 6.72036E-4 6.55887E-5 3.79885E-6 9.4838E-8 2.31956E-9 2.24685E-10 3.62281E-11 5.87921E-12 1.29593E-12
3.87125E-1 3.31253E-1 2.47794E-1 2.27668E-1 3.16761E-1 3.22586E-1 2.313E-1 2.44089E-1 2.42243E-1 2.83681E-1 4.15748E-1 5.44295E-1 5.67422E-1 5.45977E-1 5.2407E-1 5.1254E-1 3.84413E-1 3.49714E-1 3.67015E-1 3.14506E-1 3.18374E-1 3.23552E-1 2.74932E-1 2.12757E-1 1.75374E-1 1.81816E-1 2.0867E-1 2.19798E-1 2.18029E-1 1.82578E-1 1.66564E-1 1.27314E-1 6.22209E-2 3.60326E-2 4.68699E-2 1.2447E-1 2.62901E-1 2.70493E-1 1.66619E-1 1.54334E-1 1.6819E-1 1.74477E-1 1.80944E-1 1.45311E-1 1.71043E-1 1.88371E-1 1.9169E-1 1.2702E-1 3.88802E-2 6.22708E-2 2.11313E-1 1.38292E-1 6.18574E-2 2.97695E-2 1.53276E-2 5.39991E-3 1.19892E-3 2.85665E-4 1.2385E-4 2.59689E-5 1.85896E-6 1.8393E-7 3.27064E-8 1.02832E-8 6.93569E-9
4.17361E-1 3.88257E-1 3.29978E-1 2.89434E-1 3.26469E-1 3.51813E-1 3.2841E-1 3.35101E-1 2.8704E-1 2.9278E-1 3.77028E-1 5.19063E-1 5.99544E-1 5.95695E-1 5.23224E-1 4.73569E-1 4.08748E-1 4.06899E-1 4.69626E-1 4.15685E-1 3.81657E-1 3.75994E-1 3.02376E-1 2.18029E-1 1.9054E-1 2.00101E-1 2.39586E-1 2.56174E-1 2.49325E-1 1.84221E-1 1.42578E-1 1.28658E-1 8.88588E-2 7.87875E-2 8.85527E-2 1.75782E-1 2.79985E-1 2.93493E-1 2.20258E-1 2.04358E-1 2.25859E-1 2.78131E-1 2.76218E-1 1.92668E-1 2.55251E-1 3.56945E-1 2.96615E-1 1.92536E-1 7.72233E-2 7.91055E-2 1.45311E-1 1.21781E-1 6.90324E-2 3.04466E-2 1.40024E-2 6.2765E-3 3.19131E-3 2.29263E-3 1.64817E-3 7.80792E-4 8.93641E-5 1.12015E-5 2.44211E-6 9.63903E-7 1.26188E-7
