KUENM/Final_Models/M_0.1_F_lq_Set_2_EC/sp1_4_se_asia.asc
ncols         320
nrows         243
xllcorner     44.0
yllcorner     -0.666666666666667
cellsize      0.166666666666667
NODATA_value  -9999
[rows 31 to 61 of 243, columns 70 to 139 of 320]
6.86463E-3 7.15801E-3 7.05926E-3 7.15801E-3 7.15801E-3 6.7701E-3 6.67666E-3 6.04435E-3 3.10654E-3 1.93594E-3 4.44675E-3 5.16492E-3 4.82453E-3 3.07911E-3 2.31188E-3 1.86652E-3 2.38422E-3 3.32942E-3 4.35339E-3 4.63062E-3 4.59894E-3 4.61615E-3 4.51769E-3 4.36494E-3 3.73896E-3 1.26937E-3 2.25984E-3 1.35542E-3 3.76092E-4 1.84909E-3 3.77487E-3 4.51986E-3 3.89694E-3 4.10593E-3 3.61943E-3 2.06239E-3 1.24912E-3 7.57782E-4 4.28021E-4 6.21842E-5 6.37263E-5 1.11848E-5 6.15859E-6 3.79328E-7 3.58305E-8 7.09985E-8 6.00762E-8 1.38987E-8 4.00596E-9 2.36932E-9 2.57024E-10 3.88335E-10 4.65395E-11 6.56252E-10 1.51175E-9 4.68906E-9 5.96547E-9 1.14088E-8 3.731E-9 2.1383E-9 3.76636E-9 1.39462E-9 2.79305E-10 1.1664E-10 3.97205E-11 8.47973E-12 3.18651E-12 2.6616E-11 1.46849E-12 1.83593E-12
7.04047E-3 7.04047E-3 7.04047E-3 7.04047E-3 6.66729E-3 6.30978E-3 6.85821E-3 6.2256E-3 4.06106E-3 2.34918E-3 4.91499E-3 5.05273E-3 4.56982E-3 1.88751E-3 3.55355E-4 3.51074E-4 8.90754E-4 2.03966E-3 3.18372E-3 4.01736E-3 4.27391E-3 4.54344E-3 4.98177E-3 2.97844E-3 4.02055E-3 5.24567E-3 3.78256E-3 4.00653E-3 1.62356E-3 1.26066E-3 2.88117E-3 3.21264E-3 2.78008E-3 3.57561E-3 5.23669E-3 4.32293E-3 3.52174E-3 2.68837E-3 1.97282E-3 1.17975E-3 9.50784E-4 2.99711E-4 5.03235E-6 6.00762E-8 2.1437E-6 3.8041E-5 6.63207E-6 1.86966E-7 7.05293E-9 1.78968E-8 1.94213E-8 3.22866E-9 2.20441E-9 2.0738E-9 1.26686E-9 3.3813E-9 3.35005E-9 4.85787E-10 6.54631E-10 1.98572E-10 1.69424E-10 6.8274E-11 3.21184E-11 2.80145E-11 1.10387E-11 2.58685E-11 2.24749E-11 1.66681E-11 6.72467E-11 1.04896E-11
7.40293E-3 7.29805E-3 7.29805E-3 6.82175E-3 4.89061E-3 3.20449E-3 5.03268E-3 4.81867E-3 3.03144E-3 3.2067E-3 5.47188E-3 5.1451E-3 4.12177E-3 2.58532E-3 7.57178E-4 2.42435E-4 1.11352E-4 8.90754E-4 1.75659E-3 1.66703E-3 1.98896E-3 3.72409E-3 4.95259E-3 3.13088E-3 2.12099E-3 6.5711E-3 7.38235E-3 7.0941E-3 6.26654E-3 5.25512E-3 3.85645E-3 2.91018E-3 4.00981E-3 3.93545E-3 3.8572E-3 2.27325E-3 1.2376E-3 2.64444E-3 3.80962E-3 3.02713E-3 2.06704E-3 1.40138E-3 5.0349E-4 2.92696E-4 1.08938E-4 7.8363E-7 3.36891E-8 6.5679E-8 3.0755E-8 2.56641E-8 4.76355E-9 2.53002E-10 1.79687E-10 2.699E-10 1.18973E-10 1.40813E-10 1.38414E-10 1.62311E-10 4.64571E-10 2.26652E-10 1.952E-10 1.25179E-10 3.69015E-10 6.96433E-10 1.84192E-10 1.43749E-10 8.1052E-11 2.74409E-10 3.69885E-11 4.38603E-10
7.54042E-3 7.05628E-3 6.95485E-3 6.16646E-3 3.87475E-3 1.16588E-3 2.98293E-3 3.31429E-3 1.98576E-3 4.21274E-3 5.4033E-3 4.73151E-3 3.43777E-3 2.48259E-3 1.54713E-3 8.31182E-4 9.85822E-5 3.49167E-5 3.07888E-4 4.79181E-4 6.43103E-4 1.48201E-3 3.01434E-3 3.99084E-3 3.2439E-3 6.69672E-3 7.13425E-3 9.12908E-3 9.69344E-3 9.24386E-3 9.23349E-3 8.12242E-3 5.50384E-3 4.60727E-3 2.15702E-3 4.53181E-4 1.08537E-3 1.85551E-3 1.12385E-3 6.58086E-4 1.87623E-4 2.46377E-5 2.54419E-6 4.37161E-7 7.45042E-7 1.92778E-7 4.15319E-8 1.02926E-7 1.20888E-8 3.09493E-9 1.02137E-9 8.25713E-10 3.6582E-10 4.1988E-10 2.58416E-10 2.4945E-10 8.63887E-10 4.68766E-10 3.02218E-10 1.00487E-9 1.82742E-9 2.74578E-10 4.31053E-10 4.51838E-9 2.259E-9 7.39836E-10 5.87516E-11 2.64283E-11 5.57645E-10 2.47744E-9
7.27512E-3 7.16952E-3 6.81099E-3 5.98942E-3 2.69484E-3 1.93939E-3 3.93521E-3 1.79675E-3 7.53868E-4 2.64831E-3 5.10502E-3 4.66539E-3 3.34371E-3 1.88367E-3 1.28139E-3 1.28802E-3 7.87386E-4 1.64695E-4 1.14091E-4 5.68882E-4 7.50274E-4 4.61036E-4 1.35378E-3 2.70336E-3 2.97739E-3 5.18529E-3 4.27391E-3 6.53352E-3 9.4328E-3 9.79117E-3 6.84215E-3 7.67648E-3 5.24567E-3 2.23088E-3 1.09771E-3 1.13427E-3 1.40006E-3 9.15907E-4 2.94735E-4 5.88718E-5 2.6567E-5 3.26452E-6 9.57525E-8 2.6777E-8 3.50021E-8 7.75506E-8 1.48548E-7 3.64853E-8 1.43057E-9 1.0301E-9 5.25471E-10 3.18433E-10 2.30594E-10 7.55721E-10 1.01407E-9 1.33215E-9 3.5321E-10 6.48792E-10 1.96882E-10 3.07566E-10 1.05104E-8 1.45895E-9 1.45895E-9 1.84996E-8 1.66137E-10 2.3229E-10 1.09823E-10 3.70126E-10 7.01053E-9 1.52513E-9
6.90433E-3 7.00728E-3 5.91893E-3 4.04805E-3 3.39717E-3 5.95735E-3 7.85474E-3 5.14293E-3 7.79865E-4 5.75677E-4 3.64061E-3 4.34643E-3 3.1621E-3 2.41491E-3 1.55634E-3 1.52656E-3 1.47594E-3 1.05316E-3 3.21348E-4 1.24165E-4 4.7345E-4 6.34651E-4 1.09981E-3 1.84675E-3 9.52221E-4 9.875E-4 4.19357E-3 4.59863E-3 8.03644E-3 9.16023E-3 7.68328E-3 8.17799E-3 4.86244E-3 1.90441E-3 2.22249E-3 2.51217E-3 1.30438E-3 6.32561E-4 2.12553E-4 1.98978E-4 4.301E-5 5.89481E-6 2.04683E-6 1.25802E-7 1.24672E-7 1.57568E-8 2.33986E-9 9.22416E-10 4.5602E-9 1.3472E-9 6.72557E-9 5.51637E-9 3.50819E-9 4.1988E-10 7.55721E-10 1.00487E-9 4.81496E-10 3.76636E-9 8.08006E-9 3.22238E-8 3.79575E-8 6.07816E-10 1.13328E-8 1.42235E-7 2.11062E-9 3.75924E-8 2.75992E-7 3.54522E-8 2.10882E-10 9.27658E-12
7.40309E-3 6.37104E-3 4.45347E-3 1.69995E-3 1.77676E-3 6.80269E-3 9.52549E-3 8.40136E-3 3.33814E-3 1.47248E-4 1.50676E-3 2.82388E-3 1.99075E-3 1.96551E-3 1.99259E-3 1.85385E-3 1.69612E-3 1.16645E-3 1.41251E-3 5.86416E-4 2.08493E-4 3.73637E-4 5.03651E-4 4.02243E-4 1.25693E-3 1.48727E-3 3.7905E-3 6.0577E-3 7.79607E-3 8.76333E-3 8.42054E-3 8.13925E-3 6.13947E-3 4.27391E-3 3.48298E-3 2.32725E-3 1.40374E-3 7.35234E-4 5.12787E-4 3.81257E-4 8.99092E-5 9.0162E-6 4.60433E-6 2.88472E-6 4.57697E-8 1.71917E-8 9.70483E-8 5.79404E-7 4.93218E-7 1.98471E-7 2.62641E-8 1.485E-8 4.68906E-9 4.646E-9 1.61913E-9 4.23584E-10 4.02008E-9 5.41569E-9 4.11212E-7 1.99601E-6 2.98021E-7 1.38256E-9 5.14399E-7 4.1426E-6 9.45153E-7 4.41889E-7 2.93889E-9 2.77534E-11 2.9103E-11 7.71804E-10
6.97396E-3 4.94155E-3 2.97153E-3 1.14451E-3 1.69995E-3 5.7456E-3 8.82985E-3 9.38535E-3 5.06783E-3 6.05686E-4 6.14269E-4 2.12422E-3 2.0718E-3 1.50463E-3 1.83259E-3 1.99259E-3 2.01663E-3 1.6424E-3 1.86265E-3 1.48321E-3 6.95965E-4 2.61275E-4 1.50386E-4 7.76045E-5 2.18928E-4 8.23144E-5 3.1933E-4 3.40816E-3 7.54725E-3 9.12049E-3 8.21192E-3 6.74013E-3 5.61671E-3 4.5019E-3 3.41405E-3 2.25327E-3 1.12405E-3 7.8888E-4 1.02501E-3 1.02501E-3 7.39458E-4 3.11064E-4 5.5126E-5 8.86542E-6 5.18316E-6 2.25811E-5 1.49138E-5 1.99601E-6 6.78538E-8 2.83751E-7 1.46511E-7 2.22634E-8 1.06084E-9 1.63395E-9 7.07654E-9 1.26765E-8 8.5686E-8 3.4139E-8 3.30977E-7 6.22716E-7 1.40358E-5 1.06878E-8 1.29623E-6 2.54796E-5 7.76197E-7 1.16646E-7 1.04964E-8 4.57875E-10 1.21949E-9 2.53136E-10
6.4412E-3 5.05783E-3 2.40158E-3 2.35984E-3 2.67131E-3 4.2746E-3 8.17849E-3 9.82466E-3 8.55226E-3 4.0519E-3 9.7693E-4 1.90277E-3 3.00914E-3 2.53116E-3 2.47121E-3 2.1947E-3 1.90965E-3 1.62866E-3 1.6424E-3 1.30523E-3 9.11808E-4 3.0945E-4 9.27082E-5 2.62949E-5 5.66081E-5 3.74585E-5 7.8529E-5 2.96776E-4 4.80221E-3 7.19447E-3 6.14902E-3 5.51352E-3 5.0621E-3 3.96082E-3 2.64744E-3 2.27456E-3 1.30463E-3 1.22067E-3 1.41079E-3 1.54357E-3 7.25711E-4 2.4709E-4 1.03287E-4 1.62928E-4 5.47981E-5 1.06862E-4 2.78331E-5 1.23559E-5 3.45349E-5 7.17426E-6 1.49167E-6 1.8342E-7 5.41569E-9 3.94647E-9 8.31047E-9 5.106E-8 4.78824E-7 2.31877E-7 2.49966E-6 4.7613E-5 1.09222E-5 1.07664E-6 2.85961E-5 3.91995E-6 4.41297E-8 3.31759E-10 8.24587E-10 1.69138E-9 3.44975E-10 1.62469E-10
5.36743E-3 5.53201E-3 3.96711E-3 2.71509E-3 1.94997E-3 2.24907E-3 5.78706E-3 8.57051E-3 1.01216E-2 8.94061E-3 1.0668E-3 1.32614E-3 4.42109E-3 4.41732E-3 3.91027E-3 2.0761E-3 1.93845E-3 9.32707E-4 4.7652E-4 4.61777E-4 6.08702E-4 1.79571E-4 6.79933E-5 7.51389E-5 1.93595E-4 2.32693E-4 3.29484E-4 1.43217E-4 2.72173E-3 6.06403E-3 5.20028E-3 5.45262E-3 5.15948E-3 3.42855E-3 2.91505E-3 1.72786E-3 8.95338E-4 1.02397E-3 1.75036E-3 7.13943E-4 4.23323E-4 6.81783E-4 6.12535E-4 9.20351E-5 5.36576E-5 3.39896E-5 2.55752E-4 4.66654E-5 1.58814E-6 1.12311E-6 4.38263E-8 2.61774E-9 4.05722E-9 3.34922E-8 6.68133E-7 1.34582E-5 1.90688E-5 1.07488E-7 2.58805E-5 2.98891E-4 1.79609E-5 3.0718E-5 5.40221E-6 4.41043E-7 1.35691E-8 1.02194E-8 4.45361E-8 6.30311E-10 8.51715E-10 2.1008E-9
2.55671E-3 5.8236E-3 4.30205E-3 2.40158E-3 1.32818E-3 1.38859E-3 4.63673E-3 6.27683E-3 6.70234E-3 8.40136E-3 6.04555E-3 4.6798E-3 6.50358E-3 5.86295E-3 5.55763E-3 4.5355E-3 3.71278E-3 2.51292E-3 7.57634E-4 1.04883E-3 1.10634E-3 7.37576E-4 4.99237E-4 8.09807E-5 2.69396E-5 2.79513E-4 7.35743E-4 9.73883E-4 2.65577E-3 4.66469E-3 7.25793E-3 6.48841E-3 4.95758E-3 3.41878E-3 3.41878E-3 2.92037E-3 2.15737E-3 1.94885E-3 1.63172E-3 1.2925E-3 1.72012E-3 1.18345E-3 1.68357E-3 1.62486E-3 8.00721E-4 3.28654E-4 2.69598E-4 6.99517E-6 7.41537E-7 6.33882E-8 2.16347E-8 3.71624E-7 2.31202E-7 1.06317E-6 7.20285E-5 6.32141E-5 3.40199E-6 1.56167E-6 4.99169E-4 1.01021E-3 7.31744E-5 2.27674E-6 2.19818E-5 3.62992E-6 8.52032E-7 9.16663E-7 3.18195E-8 1.22718E-10 7.61035E-9 5.68868E-7
2.67518E-3 4.11145E-3 3.38438E-3 2.71509E-3 2.32495E-3 2.51156E-3 4.14922E-3 5.83171E-3 5.91893E-3 6.46647E-3 7.85474E-3 8.78139E-3 7.65306E-3 6.01505E-3 6.10268E-3 5.25266E-3 4.95779E-3 3.76533E-3 2.47838E-3 1.82878E-3 2.82509E-4 1.01842E-4 1.59546E-4 2.02563E-4 6.39521E-5 4.18683E-5 7.37576E-4 1.09172E-3 2.31788E-3 5.21691E-3 6.95539E-3 7.64228E-3 6.2256E-3 4.1762E-3 2.72368E-3 3.02187E-3 3.417E-3 2.1651E-3 1.7795E-3 4.1762E-3 4.15118E-3 3.50152E-3 3.12182E-3 1.55628E-3 1.41251E-3 8.50788E-4 4.56044E-4 5.23209E-5 2.44547E-5 1.02111E-6 1.34292E-6 2.47082E-6 4.98587E-6 1.04468E-4 4.78193E-4 1.10506E-4 1.29217E-5 1.23808E-5 8.32135E-4 4.76937E-4 5.23855E-5 3.13019E-4 1.34021E-4 3.16134E-5 7.06312E-7 1.09414E-8 2.68831E-9 1.50506E-9 2.52686E-7 2.83184E-6
2.09294E-3 4.514E-3 3.94979E-3 2.84121E-3 3.39237E-3 2.431E-3 3.24968E-3 5.04468E-3 4.3385E-3 2.21225E-3 3.54579E-3 8.0893E-3 8.20881E-3 6.16646E-3 6.01505E-3 5.17793E-3 3.96619E-3 4.08008E-3 3.0074E-3 1.85798E-3 1.12614E-3 7.57634E-4 1.64268E-4 1.28913E-4 1.94925E-4 1.30564E-4 6.10779E-4 8.53453E-4 8.98573E-4 4.06106E-3 7.40293E-3 8.40626E-3 5.63764E-3 2.81867E-3 3.43994E-3 4.96121E-3 4.55038E-3 4.2923E-3 4.88802E-3 4.75197E-3 4.27285E-3 3.46508E-3 2.44835E-3 1.57749E-3 5.93012E-4 3.68431E-4 1.46213E-4 1.48041E-4 3.32992E-5 2.1947E-5 2.06158E-5 7.0731E-6 8.7246E-5 4.25367E-4 1.06118E-3 2.80281E-4 1.80971E-4 3.3818E-4 3.27143E-3 7.77025E-4 1.41603E-3 1.20121E-3 1.55704E-4 1.79253E-6 5.67566E-9 6.42016E-7 3.06037E-6 5.22686E-6 1.31514E-5 3.13443E-6
2.59537E-3 4.61865E-3 5.01872E-3 3.80573E-3 4.08773E-3 4.50025E-3 3.39664E-3 4.92045E-3 4.28609E-3 1.72059E-3 1.02227E-3 7.32407E-3 8.61853E-3 7.38204E-3 7.59992E-3 6.59866E-3 3.91027E-3 2.56703E-3 1.54695E-3 1.0022E-3 4.39986E-4 6.03684E-4 7.57634E-4 2.3654E-4 2.13431E-4 3.69644E-4 7.67872E-4 9.54205E-4 6.54506E-4 7.7676E-4 4.81867E-3 7.9946E-3 6.85467E-3 4.95917E-3 6.07739E-3 5.45298E-3 5.21899E-3 4.23051E-3 4.72548E-3 4.11153E-3 3.47479E-3 7.17817E-4 7.87349E-4 1.41483E-3 1.58495E-3 1.75002E-3 7.27935E-4 8.42821E-4 6.49432E-4 2.29812E-4 3.53306E-5 1.03299E-4 5.42123E-4 1.32085E-3 2.11771E-3 2.3065E-3 3.0554E-3 2.85376E-3 3.0529E-4 4.86887E-4 5.78866E-4 1.29572E-4 1.46289E-5 1.28871E-6 1.27733E-6 2.89204E-5 6.10755E-5 4.69562E-5 6.70765E-6 3.10301E-5
1.03145E-3 3.19424E-3 3.29201E-3 3.96711E-3 3.70338E-3 3.24968E-3 3.49895E-3 4.97028E-3 5.69933E-3 4.16892E-3 3.87824E-3 1.07372E-2 1.10594E-2 9.04283E-3 9.62146E-3 7.87934E-3 6.34795E-3 4.89061E-3 3.39171E-3 2.7024E-3 1.54695E-3 6.53988E-4 1.75708E-4 1.64561E-4 5.1259E-4 4.34131E-4 2.57692E-4 8.48025E-4 2.53116E-3 1.78342E-3 2.27087E-3 5.81676E-3 6.96226E-3 6.96226E-3 5.64838E-3 6.09675E-3 5.66059E-3 5.37032E-3 5.29067E-3 4.52018E-3 4.47923E-3 3.2803E-3 3.98836E-3 4.55038E-3 4.4087E-3 3.58814E-3 2.93915E-3 2.65516E-3 1.69612E-3 7.07577E-4 4.28193E-4 8.15396E-4 1.29491E-3 2.32424E-3 3.39211E-3 4.06765E-3 3.16881E-3 1.09258E-3 1.63454E-4 1.0192E-4 8.24208E-5 1.27095E-4 7.34868E-5 2.22574E-4 1.85863E-4 3.44863E-4 1.35904E-4 1.085E-4 1.22672E-4 5.23855E-5
5.15578E-4 1.30856E-3 8.34876E-4 2.54918E-3 4.38762E-3 4.3385E-3 4.84815E-3 5.12004E-3 6.66101E-3 5.73204E-3 5.21899E-3 1.23592E-2 1.20326E-2 1.08977E-2 1.02534E-2 9.34398E-3 8.28319E-3 6.25664E-3 4.55038E-3 2.62718E-3 1.75863E-3 6.79772E-4 3.17413E-4 2.35871E-4 6.98577E-4 1.4633E-3 3.32267E-4 3.61853E-4 2.35811E-3 2.92437E-3 3.2803E-3 5.43126E-3 6.90433E-3 8.03554E-3 7.54482E-3 6.63771E-3 6.1266E-3 5.91191E-3 5.8236E-3 5.3313E-3 5.16816E-3 4.72548E-3 5.21899E-3 4.95167E-3 4.68392E-3 4.48099E-3 3.96619E-3 2.85836E-3 2.28736E-3 1.67338E-3 1.89746E-3 2.54688E-3 3.29356E-3 3.80933E-3 4.635E-3 5.06883E-3 2.98312E-3 1.38748E-3 3.83273E-4 6.89116E-4 9.02994E-4 1.40156E-3 1.28292E-3 1.15769E-3 4.09904E-4 2.4893E-4 4.16258E-4 3.85014E-4 1.28575E-4 1.96833E-5
4.45084E-4 7.86904E-4 6.56272E-4 7.74309E-4 3.29821E-3 4.58774E-3 7.40309E-3 9.82466E-3 9.52549E-3 9.52549E-3 9.52549E-3 1.3406E-2 1.13823E-2 1.15516E-2 1.18966E-2 1.10589E-2 9.34398E-3 7.49031E-3 5.03119E-3 3.15909E-3 1.61696E-3 1.14003E-3 8.66859E-4 4.11357E-4 2.63236E-4 6.43438E-4 6.96277E-4 2.83401E-4 1.61597E-3 1.68343E-3 2.85638E-3 5.32416E-3 7.32251E-3 8.19379E-3 7.34484E-3 6.99965E-3 6.46789E-3 6.15588E-3 6.46789E-3 6.15588E-3 6.00138E-3 5.57666E-3 5.32416E-3 5.35197E-3 5.37401E-3 5.3126E-3 4.89061E-3 3.73166E-3 3.48875E-3 3.46508E-3 3.61277E-3 4.06557E-3 4.69573E-3 5.09099E-3 6.23074E-3 3.52334E-3 1.95216E-3 4.74027E-4 8.3152E-4 2.01946E-3 3.07543E-3 4.68808E-3 4.61755E-3 1.83337E-3 1.41648E-3 1.51549E-3 7.65374E-4 3.4016E-4 5.25176E-5 3.54453E-5
1.89702E-4 3.93886E-5 3.83271E-4 4.15809E-4 1.67137E-3 4.72548E-3 6.51739E-3 9.09591E-3 1.28762E-2 1.42902E-2 1.45038E-2 1.25439E-2 1.07385E-2 1.2394E-2 1.2394E-2 1.25781E-2 1.15583E-2 8.36925E-3 5.61393E-3 3.15909E-3 1.98576E-3 1.40311E-3 1.59439E-3 1.16083E-3 2.75882E-4 1.87021E-4 8.20052E-4 6.92812E-4 1.54842E-3 2.39492E-3 2.82638E-3 4.2746E-3 6.63771E-3 8.32804E-3 7.36992E-3 7.03243E-3 6.80905E-3 6.80905E-3 6.60441E-3 6.27454E-3 6.06323E-3 6.4412E-3 6.40889E-3 6.37104E-3 6.23473E-3 5.73204E-3 4.95167E-3 4.2923E-3 4.41732E-3 4.61067E-3 4.81118E-3 5.17286E-3 5.87836E-3 6.56618E-3 7.00408E-3 6.04268E-3 5.18529E-3 3.87531E-3 3.65293E-3 5.25512E-3 6.59093E-3 6.09665E-3 5.64867E-3 4.61923E-3 2.39169E-3 1.61895E-3 1.79585E-3 2.74736E-4 3.14074E-5 7.62984E-5
3.43143E-4 1.65526E-4 9.28144E-5 5.90122E-5 7.43292E-4 2.81523E-3 3.08425E-3 1.59318E-3 2.66667E-3 1.42902E-2 1.65975E-2 1.18812E-2 1.2394E-2 1.32633E-2 1.36062E-2 1.36062E-2 1.25439E-2 1.07385E-2 7.43236E-3 5.02418E-3 3.70342E-3 1.21442E-3 7.80687E-4 2.53704E-3 2.37776E-3 1.12873E-3 1.68343E-3 1.79675E-3 2.9529E-3 4.04805E-3 3.39717E-3 4.45347E-3 6.8948E-3 8.32204E-3 8.19587E-3 7.71657E-3 7.71657E-3 7.03943E-3 6.82073E-3 7.36992E-3 7.24981E-3 7.24981E-3 7.1263E-3 6.63771E-3 5.66059E-3 4.92045E-3 4.60244E-3 4.95167E-3 4.81775E-3 5.4005E-3 6.03415E-3 6.2096E-3 6.9415E-3 6.67035E-3 7.97973E-3 9.12049E-3 8.87717E-3 8.88907E-3 1.06698E-2 1.04281E-2 1.00533E-2 9.99678E-3 8.81517E-3 6.93151E-3 6.76751E-3 4.95083E-3 2.56185E-3 6.605E-4 3.21935E-4 2.81373E-4
1.00918E-3 2.59612E-4 3.84266E-4 1.18109E-4 1.81195E-4 1.09739E-3 3.02616E-3 4.95917E-3 6.40967E-3 1.72973E-2 1.8522E-2 1.56509E-2 1.47201E-2 1.45038E-2 1.48495E-2 1.48495E-2 1.39486E-2 1.18554E-2 9.2315E-3 5.90255E-3 5.90255E-3 5.37401E-3 3.2803E-3 2.94022E-3 3.87824E-3 1.94989E-3 1.72746E-3 3.5504E-3 3.6574E-3 3.10281E-3 5.09164E-3 4.98222E-3 6.79131E-3 8.43701E-3 8.18194E-3 7.70763E-3 7.82726E-3 7.5896E-3 7.70763E-3 7.59907E-3 7.71657E-3 7.60175E-3 7.47298E-3 5.70094E-3 5.16816E-3 5.32416E-3 5.40368E-3 5.35197E-3 5.51156E-3 6.07739E-3 6.95485E-3 7.54042E-3 6.9415E-3 5.43743E-3 5.86958E-3 7.79158E-3 8.48434E-3 1.02106E-2 1.20913E-2 1.31655E-2 1.24578E-2 1.33708E-2 1.06929E-2 9.71965E-3 5.74919E-3 5.79622E-3 1.30013E-3 4.72213E-4 4.3349E-4 3.13067E-4
1.8406E-3 1.42327E-3 6.08759E-4 2.16411E-4 9.85099E-6 7.72518E-5 2.23886E-3 3.69324E-3 6.69493E-3 1.5884E-2 1.94338E-2 1.7818E-2 1.63531E-2 1.65975E-2 1.63531E-2 1.61119E-2 1.46305E-2 1.18554E-2 1.02729E-2 8.52644E-3 6.86057E-3 7.47633E-3 6.18737E-3 3.49454E-3 4.0519E-3 2.05478E-3 4.9205E-4 3.93487E-3 5.24566E-3 4.2115E-3 4.63673E-3 6.8948E-3 7.24981E-3 8.43701E-3 8.05694E-3 8.05694E-3 7.8119E-3 7.8119E-3 7.9336E-3 8.16075E-3 8.05694E-3 8.18194E-3 8.19587E-3 7.71378E-3 6.8701E-3 6.31357E-3 6.0522E-3 5.83171E-3 6.18737E-3 6.96226E-3 7.92872E-3 8.95804E-3 7.04047E-3 6.03031E-3 6.02932E-3 6.70484E-3 8.20802E-3 8.58234E-3 1.00555E-2 1.04295E-2 1.09173E-2 1.40014E-2 1.11753E-2 1.01408E-2 9.84996E-3 5.97203E-3 5.18844E-4 3.03025E-4 2.7223E-4 2.25404E-4
5.62201E-4 2.06469E-3 1.23159E-3 4.60007E-4 1.54122E-4 5.70669E-5 5.79803E-4 1.75816E-3 5.56453E-4 9.90593E-3 1.80833E-2 1.87987E-2 2.07641E-2 1.98269E-2 1.89189E-2 1.95337E-2 1.7979E-2 1.33399E-2 1.07372E-2 8.00692E-3 5.87025E-3 7.00728E-3 8.27786E-3 4.67054E-3 4.34966E-3 2.56769E-3 1.93939E-3 3.93487E-3 5.16816E-3 6.1266E-3 5.8236E-3 7.48304E-3 8.81352E-3 8.67946E-3 8.30862E-3 7.8119E-3 7.8119E-3 8.03536E-3 8.25971E-3 8.51967E-3 8.51967E-3 8.41663E-3 8.67946E-3 7.2583E-3 6.03493E-3 6.00138E-3 6.37104E-3 6.60326E-3 7.25857E-3 8.36925E-3 9.34398E-3 9.90593E-3 8.02722E-3 6.47668E-3 5.60141E-3 7.4486E-3 8.48434E-3 9.7562E-3 9.81294E-3 1.12061E-2 1.17341E-2 1.59071E-2 1.69924E-2 2.07962E-2 2.03063E-2 5.65987E-3 1.68237E-4 1.40937E-4 8.59205E-5 8.66913E-5
1.59439E-3 5.49198E-4 1.41985E-3 1.05183E-3 7.66291E-4 1.58045E-4 1.27279E-4 2.86211E-4 3.27876E-4 4.27285E-3 9.90593E-3 1.93626E-2 2.32956E-2 2.35757E-2 2.3489E-2 2.3489E-2 2.16677E-2 1.6209E-2 1.24426E-2 9.97216E-3 7.88917E-3 7.51386E-3 8.57051E-3 6.56312E-3 4.92045E-3 3.49867E-3 3.19517E-3 2.44492E-3 2.74465E-3 5.49381E-3 8.07862E-3 8.69894E-3 9.45318E-3 9.06099E-3 8.67946E-3 7.9336E-3 8.28783E-3 8.51967E-3 8.61752E-3 8.25971E-3 6.71697E-3 6.19819E-3 6.82073E-3 6.15588E-3 6.15588E-3 6.4412E-3 6.97396E-3 7.77292E-3 8.03554E-3 9.2315E-3 1.07385E-2 9.72572E-3 8.45455E-3 6.47668E-3 6.60775E-3 8.5084E-3 9.4502E-3 1.13658E-2 1.17975E-2 1.2889E-2 1.43367E-2 1.57264E-2 2.15356E-2 2.4828E-2 2.15198E-2 9.14031E-4 2.42158E-4 6.88043E-5 7.72574E-5 1.16686E-4
2.19145E-3 1.80749E-3 5.71546E-4 5.33563E-4 8.42124E-4 9.35324E-4 1.6158E-4 4.77913E-5 1.3562E-4 4.73996E-4 2.02014E-3 1.60763E-2 2.26635E-2 2.32956E-2 2.3489E-2 2.37399E-2 2.30355E-2 2.12883E-2 1.62946E-2 1.37819E-2 1.12992E-2 1.01168E-2 7.77292E-3 5.91893E-3 4.53519E-3 3.87746E-3 1.70285E-3 1.38304E-3 1.44119E-3 2.01263E-3 7.83145E-3 9.74692E-3 1.04277E-2 9.70593E-3 8.92293E-3 8.51967E-3 8.25971E-3 8.61752E-3 9.50835E-3 8.38882E-3 6.01075E-3 6.19819E-3 5.90284E-3 6.39069E-3 6.58836E-3 7.1263E-3 7.81887E-3 8.7109E-3 9.39353E-3 1.07372E-2 1.18812E-2 1.08694E-2 8.64956E-3 8.09752E-3 8.44257E-3 1.00641E-2 1.19575E-2 1.34313E-2 1.38565E-2 1.5669E-2 1.76631E-2 2.04667E-2 2.54817E-2 2.45591E-2 5.06893E-3 1.57275E-3 4.11619E-3 3.6622E-3 3.02713E-3 1.28447E-3
2.61898E-3 2.28736E-3 1.28139E-3 1.37341E-4 1.4261E-4 4.06925E-4 7.67139E-4 5.05717E-4 6.25145E-6 4.69811E-5 2.10445E-4 9.03283E-3 2.23273E-2 2.38436E-2 2.28801E-2 2.19404E-2 2.18694E-2 2.31285E-2 2.03982E-2 1.58821E-2 1.49505E-2 1.17723E-2 8.58114E-3 6.46647E-3 4.46879E-3 3.49867E-3 1.82277E-3 1.50473E-3 1.96771E-3 1.34378E-3 5.29067E-3 1.04277E-2 1.09579E-2 1.03699E-2 1.0113E-2 8.75217E-3 8.61752E-3 9.36218E-3 9.59876E-3 9.59876E-3 8.75217E-3 8.98504E-3 7.59907E-3 7.03943E-3 7.83705E-3 8.2025E-3 1.00485E-2 1.03582E-2 1.12992E-2 1.21768E-2 1.2394E-2 9.90593E-3 8.33538E-3 9.59336E-3 1.05658E-2 1.20639E-2 1.36038E-2 1.51152E-2 1.67333E-2 1.89476E-2 2.17008E-2 2.73338E-2 3.07462E-2 2.15454E-2 1.18925E-3 7.8007E-3 8.88281E-3 6.33473E-3 2.81906E-3 9.00726E-4
2.19222E-3 2.07198E-3 1.89746E-3 1.35799E-3 5.97864E-4 1.28586E-4 1.7302E-4 7.32673E-4 4.13016E-4 1.51755E-4 3.50863E-4 9.35401E-3 2.20571E-2 2.44623E-2 2.26901E-2 2.15411E-2 2.29157E-2 2.35141E-2 2.15411E-2 1.81514E-2 1.69872E-2 1.33736E-2 1.05464E-2 7.04629E-3 5.19637E-3 2.9529E-3 8.48778E-4 1.11566E-3 1.96771E-3 1.91143E-3 6.09202E-3 1.12985E-2 1.18428E-2 1.12219E-2 1.10506E-2 1.02115E-2 1.00552E-2 9.12537E-3 9.36218E-3 1.06299E-2 1.08702E-2 1.0145E-2 8.78671E-3 8.30862E-3 8.92293E-3 1.05304E-2 1.03182E-2 8.19379E-3 1.14702E-2 1.28206E-2 1.18812E-2 9.72572E-3 1.01907E-2 1.11615E-2 1.27341E-2 1.4608E-2 1.60512E-2 1.79225E-2 2.08287E-2 2.38367E-2 2.84724E-2 3.30468E-2 3.51969E-2 1.28924E-2 5.23669E-3 8.33779E-3 6.23403E-3 3.32054E-3 5.54026E-4 3.48099E-4
5.01745E-4 7.14126E-4 1.01264E-3 1.10934E-3 8.98424E-4 9.98118E-4 4.28818E-4 7.37617E-4 8.47029E-4 2.61275E-4 1.56884E-5 2.41602E-3 1.29534E-2 2.13845E-2 2.42396E-2 2.31285E-2 2.25708E-2 2.22302E-2 2.13521E-2 1.86893E-2 1.75828E-2 1.55756E-2 1.07059E-2 8.17849E-3 6.42197E-3 1.65959E-3 7.17931E-4 1.34533E-3 2.08453E-3 1.93939E-3 6.97396E-3 1.22105E-2 1.29628E-2 1.22997E-2 1.16625E-2 1.14846E-2 1.09649E-2 1.0145E-2 9.98883E-3 9.98883E-3 1.06299E-2 1.03881E-2 1.0145E-2 1.03032E-2 1.04636E-2 1.05304E-2 8.96789E-3 8.7109E-3 9.25423E-3 1.10501E-2 1.01041E-2 8.95804E-3 1.11166E-2 1.35084E-2 1.56152E-2 1.72083E-2 2.03512E-2 2.25964E-2 2.40321E-2 2.82639E-2 3.35156E-2 3.8597E-2 3.92942E-2 2.20847E-2 1.10532E-2 7.9511E-3 1.74342E-3 2.09245E-3 6.45437E-4 1.16121E-5
1.3835E-4 8.8854E-5 1.50505E-4 1.92989E-4 3.00444E-4 2.45987E-4 5.15928E-4 6.40624E-4 5.89007E-4 5.27779E-4 1.65991E-5 7.66886E-5 3.10654E-3 1.44143E-2 2.29758E-2 2.36862E-2 2.26279E-2 2.12347E-2 2.19458E-2 2.12347E-2 2.03982E-2 1.70283E-2 1.33736E-2 1.07059E-2 8.9755E-3 2.50085E-3 5.86081E-4 1.65959E-3 2.31032E-3 1.1996E-3 4.92045E-3 1.193E-2 1.37259E-2 1.35174E-2 1.35174E-2 1.28416E-2 1.24522E-2 1.1639E-2 1.12133E-2 1.17039E-2 1.21327E-2 1.12133E-2 1.09649E-2 1.09649E-2 1.17456E-2 9.85597E-3 7.59765E-3 7.21349E-3 7.40309E-3 8.52644E-3 9.17603E-3 9.26968E-3 1.22261E-2 1.41473E-2 1.65478E-2 1.92856E-2 2.18127E-2 2.56305E-2 2.81146E-2 3.32621E-2 3.819E-2 4.16347E-2 3.9072E-2 1.15689E-2 8.7963E-3 6.01648E-3 1.65576E-3 5.84442E-4 2.29549E-4 2.48438E-4
5.81158E-5 1.69522E-5 3.03363E-5 6.89916E-5 1.71586E-4 2.98875E-4 2.11918E-4 2.3536E-4 6.08664E-5 7.48655E-6 6.8066E-5 1.04423E-5 4.82916E-4 8.61853E-3 1.95759E-2 2.36862E-2 2.27721E-2 2.21184E-2 2.19373E-2 2.32624E-2 2.12813E-2 1.94303E-2 1.73354E-2 1.51115E-2 1.02558E-2 4.48475E-3 2.25921E-3 1.82897E-3 2.66667E-3 1.04842E-3 2.11465E-3 9.11037E-3 1.37761E-2 1.472E-2 1.47699E-2 1.45449E-2 1.43228E-2 1.39211E-2 1.43848E-2 1.46257E-2 1.4631E-2 1.41631E-2 1.32164E-2 1.18872E-2 1.02115E-2 7.71862E-3 6.21948E-3 6.0522E-3 5.40368E-3 5.73204E-3 6.65801E-3 9.00435E-3 1.18793E-2 1.41473E-2 1.60887E-2 2.03349E-2 2.32919E-2 2.59076E-2 3.10687E-2 3.47368E-2 3.9725E-2 4.12771E-2 2.78834E-2 8.08106E-3 9.2828E-3 6.30679E-3 3.12731E-3 1.12198E-3 1.0211E-3 4.2889E-3
4.83763E-4 1.62928E-4 6.81472E-5 2.04309E-5 8.31093E-6 1.23054E-4 2.1224E-4 1.48498E-4 1.23734E-4 6.08664E-5 2.00422E-5 5.81288E-5 2.61275E-4 3.34371E-3 1.71899E-2 2.20957E-2 2.26231E-2 2.32624E-2 2.33858E-2 2.29071E-2 2.2424E-2 2.02694E-2 1.81514E-2 1.64808E-2 1.07263E-2 1.80705E-3 1.7567E-3 1.10877E-3 1.59439E-3 2.20724E-3 1.24895E-3 3.37635E-3 8.82985E-3 1.40737E-2 1.57455E-2 1.60457E-2 1.6057E-2 1.50936E-2 1.55666E-2 1.58099E-2 1.48545E-2 1.39211E-2 1.14598E-2 9.6565E-3 8.19587E-3 6.15588E-3 3.65494E-3 4.16135E-3 3.76643E-3 4.29495E-3 5.46878E-3 7.4747E-3 1.0047E-2 1.15457E-2 1.51535E-2 2.05714E-2 2.49427E-2 2.76938E-2 3.22095E-2 3.68159E-2 4.19207E-2 4.16713E-2 2.941E-2 1.31655E-2 1.01828E-2 2.19676E-3 2.08201E-3 5.92193E-4 8.04359E-4 1.12983E-2
1.03301E-3 4.51173E-4 1.23444E-4 2.17678E-5 2.55477E-6 1.11462E-5 1.07014E-5 9.53111E-6 1.68694E-5 6.84641E-6 1.13498E-4 3.50556E-4 3.12844E-4 2.16271E-3 9.2315E-3 1.41989E-2 1.97876E-2 2.14292E-2 2.16113E-2 2.21184E-2 2.19373E-2 2.16113E-2 1.973E-2 1.92367E-2 1.58122E-2 2.59024E-3 5.56719E-4 7.35592E-4 9.48654E-4 8.66859E-4 1.1937E-3 2.21625E-3 1.50673E-3 5.29601E-3 1.34758E-2 1.60224E-2 1.62935E-2 1.50385E-2 1.45826E-2 1.36741E-2 1.36741E-2 1.09649E-2 9.90101E-3 8.30862E-3 6.80905E-3 4.43332E-3 2.53047E-3 2.56769E-3 2.55373E-3 3.11424E-3 3.45923E-3 3.53815E-3 3.90081E-3 6.67666E-3 1.42906E-2 2.23116E-2 2.53501E-2 2.95043E-2 3.37391E-2 3.7427E-2 4.06973E-2 4.15952E-2 3.82237E-2 1.82602E-2 6.77953E-3 1.44674E-3 8.07704E-4 2.13681E-4 9.38791E-4 1.66458E-2
