KUENM/Final_Models/M_0.1_F_lq_Set_2_EC/sp1_se_asia_median.asc
ncols         320
nrows         243
xllcorner     44.0
yllcorner     -0.666666666666667
cellsize      0.166666666666667
NODATA_value  -9999
[rows 62 to 92 of 243, columns 70 to 139 of 320]
2.43466E-3 1.5847E-3 8.66567E-4 2.83648E-4 1.07407E-4 3.13221E-5 7.01761E-7 6.71053E-6 8.43211E-6 3.8103E-7 7.63034E-5 5.08596E-4 9.2484E-4 1.58103E-3 2.22945E-3 8.68435E-3 1.40364E-2 1.73354E-2 1.91346E-2 2.0183E-2 2.16113E-2 2.26231E-2 2.22846E-2 2.16801E-2 2.0751E-2 1.07542E-2 1.22725E-3 1.37115E-3 1.18766E-3 5.55713E-4 1.16829E-3 3.38237E-3 3.94876E-3 1.88071E-3 7.42759E-3 1.40182E-2 1.472E-2 1.28997E-2 1.22445E-2 1.18333E-2 1.18333E-2 1.00674E-2 9.6765E-3 9.84223E-3 9.00039E-3 7.26906E-3 3.9964E-3 3.23121E-3 2.04894E-3 2.57411E-3 2.6814E-3 3.2179E-3 9.27541E-3 1.56624E-2 2.17074E-2 2.36401E-2 2.59692E-2 2.98433E-2 3.30041E-2 3.65823E-2 3.91129E-2 4.05202E-2 3.66655E-2 1.37075E-2 2.58909E-3 2.19223E-3 6.98321E-4 6.94214E-4 1.65584E-3 5.45398E-3
2.7016E-3 2.50668E-3 1.665E-3 7.3759E-4 4.42349E-4 3.67088E-4 1.7767E-4 4.0991E-4 2.92463E-4 1.27551E-5 9.74131E-5 5.90328E-5 4.37814E-4 1.93149E-3 7.29186E-3 7.25819E-3 1.32065E-2 1.42551E-2 1.73354E-2 1.973E-2 2.15622E-2 2.24605E-2 2.29758E-2 2.17826E-2 2.04673E-2 1.58539E-2 7.14498E-3 4.19782E-3 3.09111E-3 9.65692E-4 1.04058E-3 9.1965E-4 3.31435E-3 8.68435E-3 3.51088E-3 1.11769E-2 1.31441E-2 1.25545E-2 1.14552E-2 1.1346E-2 1.01813E-2 7.44258E-3 5.54106E-3 8.8466E-3 1.00674E-2 9.14888E-3 7.11969E-3 8.09933E-3 6.21071E-3 6.60169E-3 7.05812E-3 9.95185E-3 1.39898E-2 1.81482E-2 2.10304E-2 2.32711E-2 2.59692E-2 2.80898E-2 3.21162E-2 3.51284E-2 3.6439E-2 3.69179E-2 2.01273E-2 7.32492E-3 1.48939E-3 8.74736E-4 5.44887E-4 4.93031E-4 2.92248E-3 4.40376E-3
2.72324E-3 3.04334E-3 2.12334E-3 1.24646E-3 7.89383E-4 9.1611E-4 1.05564E-3 1.37037E-3 1.05207E-3 1.19001E-4 4.34323E-5 1.40797E-5 6.17135E-4 7.47183E-4 5.97353E-3 1.04126E-2 1.2775E-2 1.44955E-2 1.64306E-2 1.84291E-2 2.11302E-2 2.29758E-2 2.29157E-2 2.16677E-2 2.38436E-2 1.68511E-2 1.88618E-3 6.59629E-3 5.23069E-3 2.10107E-3 1.02749E-3 6.35468E-4 1.62467E-3 1.23056E-2 1.23249E-2 1.26891E-2 1.29892E-2 1.27666E-2 1.21397E-2 1.17369E-2 1.03967E-2 9.60949E-3 5.64075E-3 8.54258E-3 1.22445E-2 1.18794E-2 1.14477E-2 1.1261E-2 1.0451E-2 1.11366E-2 1.2108E-2 1.29378E-2 1.51673E-2 1.78607E-2 2.06201E-2 2.32407E-2 2.49765E-2 2.78432E-2 3.02571E-2 3.0662E-2 3.20506E-2 2.91822E-2 1.70012E-2 1.41784E-3 1.2334E-3 5.45414E-4 9.50649E-5 4.46372E-4 1.67897E-3 1.71642E-2
1.89556E-3 2.42697E-3 8.88928E-4 1.65966E-3 6.68588E-4 1.13169E-3 9.97172E-4 1.60775E-3 2.4041E-3 2.29858E-3 2.42913E-3 1.97732E-3 6.72599E-3 4.09069E-4 5.91009E-4 7.52083E-3 1.33003E-2 1.57846E-2 1.64306E-2 1.95759E-2 2.2202E-2 2.34818E-2 2.28801E-2 2.17387E-2 2.36453E-2 2.17304E-2 1.0173E-2 5.9139E-3 7.29186E-3 2.38383E-3 8.39035E-4 7.36843E-4 2.54371E-3 9.52572E-3 1.4412E-2 1.57752E-2 1.49522E-2 1.51115E-2 1.5229E-2 1.55067E-2 1.43228E-2 1.36741E-2 1.30129E-2 1.48545E-2 1.53297E-2 1.50385E-2 1.32416E-2 1.32599E-2 1.32002E-2 1.43416E-2 1.42878E-2 1.50023E-2 1.66006E-2 1.84303E-2 2.03717E-2 2.22065E-2 2.16555E-2 2.33735E-2 2.59064E-2 3.05786E-2 3.18663E-2 2.08053E-2 3.15871E-3 1.12418E-3 8.91834E-4 2.43461E-4 3.58875E-5 1.02643E-3 2.8048E-2 4.96592E-2
2.94708E-3 3.14971E-3 3.5693E-3 2.84138E-3 2.54757E-4 9.91051E-4 1.05347E-3 5.40842E-4 1.65469E-3 2.4041E-3 2.95854E-3 1.91305E-2 1.98812E-2 1.91792E-3 7.06238E-5 6.55558E-4 9.42092E-3 1.4819E-2 1.66994E-2 2.04792E-2 2.35757E-2 2.39777E-2 2.45663E-2 2.36977E-2 2.40854E-2 2.16097E-2 1.38909E-2 4.59424E-3 7.756E-3 2.72732E-3 8.80162E-4 4.12498E-4 9.09032E-4 2.84888E-3 8.98438E-3 1.53154E-2 1.7122E-2 1.69872E-2 1.86893E-2 1.89455E-2 1.83744E-2 1.81984E-2 1.82989E-2 1.87648E-2 1.83973E-2 1.86132E-2 1.7073E-2 1.62325E-2 1.58122E-2 1.55158E-2 1.60325E-2 1.55611E-2 1.60737E-2 1.69167E-2 1.58702E-2 1.20652E-2 1.42125E-2 2.1395E-2 2.80282E-2 3.13519E-2 3.29514E-2 1.49632E-2 1.82644E-3 1.38947E-3 9.74452E-4 1.76016E-4 6.77467E-4 8.35532E-4 6.96794E-3 5.84432E-2
9.69782E-3 1.4843E-2 1.72778E-2 6.8897E-3 4.42087E-3 5.39441E-3 2.35959E-3 3.24877E-4 1.28158E-3 2.55116E-3 3.66524E-3 2.10488E-2 2.62641E-2 1.93386E-2 2.67593E-3 1.17566E-4 1.69876E-3 1.17811E-2 1.70052E-2 2.04246E-2 2.4358E-2 2.49346E-2 2.50888E-2 2.47716E-2 2.41007E-2 2.20807E-2 1.85651E-2 6.4041E-3 1.00024E-2 6.94626E-3 2.75436E-3 8.49839E-4 1.52376E-4 1.25902E-3 7.88062E-3 1.51272E-2 1.97823E-2 1.98724E-2 2.01613E-2 2.17826E-2 2.10283E-2 2.17808E-2 2.11188E-2 2.17416E-2 2.19373E-2 2.12347E-2 2.08103E-2 1.95318E-2 1.92839E-2 1.66994E-2 1.41803E-2 1.11812E-2 1.14184E-2 1.5141E-2 1.75184E-2 1.92162E-2 2.43931E-2 3.11242E-2 3.2002E-2 3.42854E-2 3.08651E-2 7.83603E-3 2.22896E-3 2.36439E-3 5.62265E-4 1.78906E-4 2.47646E-3 2.60242E-3 2.70225E-2 6.87726E-2
2.31815E-2 2.44145E-2 2.86036E-2 3.2144E-2 3.05256E-2 2.26557E-2 5.44192E-3 3.52138E-3 2.47646E-3 8.68049E-3 2.2197E-2 2.51451E-2 2.95029E-2 2.54745E-2 2.11829E-2 1.10838E-2 1.61093E-3 5.21716E-3 1.61967E-2 1.98446E-2 2.29701E-2 2.3018E-2 2.29701E-2 2.40453E-2 2.30552E-2 2.10304E-2 2.143E-2 1.53169E-2 1.24189E-2 1.1703E-2 9.34107E-3 4.68615E-3 4.64002E-3 7.80635E-3 1.12875E-2 4.50374E-3 1.53723E-2 2.07291E-2 2.29504E-2 2.43409E-2 2.38745E-2 2.31583E-2 2.39873E-2 2.4488E-2 2.43569E-2 2.36862E-2 2.29758E-2 2.26901E-2 2.16677E-2 1.81726E-2 1.63467E-2 1.78482E-2 1.91959E-2 2.07379E-2 2.31556E-2 2.74156E-2 2.90602E-2 3.07465E-2 3.34263E-2 3.39119E-2 2.67483E-2 3.35401E-3 3.46423E-3 2.86815E-3 1.04095E-3 5.3885E-3 6.5243E-3 6.45211E-3 4.25729E-2 7.56513E-2
4.05333E-2 3.93005E-2 3.7194E-2 3.72656E-2 3.00297E-2 3.0127E-2 1.34861E-2 2.77014E-3 1.60907E-2 2.84203E-2 3.02853E-2 3.09442E-2 3.30235E-2 2.94744E-2 2.5693E-2 2.27578E-2 1.96658E-2 1.89316E-2 1.74196E-2 2.00881E-2 2.04082E-2 2.05956E-2 2.143E-2 2.29036E-2 2.26674E-2 1.86414E-2 2.14944E-2 2.1922E-2 1.35805E-2 1.13267E-2 1.26104E-2 1.1703E-2 1.06577E-2 1.20433E-2 1.41739E-2 2.0407E-3 7.92779E-3 1.51923E-2 1.80054E-2 2.27009E-2 2.61372E-2 2.64234E-2 2.65519E-2 2.61521E-2 2.60262E-2 2.53399E-2 2.4413E-2 2.43409E-2 2.44623E-2 2.46527E-2 2.40512E-2 2.41019E-2 2.44552E-2 2.51772E-2 2.78463E-2 2.82462E-2 3.03175E-2 3.11242E-2 3.22501E-2 3.13458E-2 2.25109E-2 5.50964E-3 5.71054E-3 2.90361E-3 3.94792E-3 6.44623E-3 4.6515E-3 1.20397E-2 4.2139E-2 7.13155E-2
4.89852E-2 3.80685E-2 2.8048E-2 3.67975E-2 3.14038E-2 2.40854E-2 1.1877E-2 1.03756E-2 3.41404E-2 3.67569E-2 3.2344E-2 2.9533E-2 3.23609E-2 3.6559E-2 3.38087E-2 3.07731E-2 2.95029E-2 2.82653E-2 2.39393E-2 1.88081E-2 1.95235E-2 2.04408E-2 1.57515E-2 2.28062E-2 2.2964E-2 9.88415E-3 5.20449E-3 2.26729E-2 9.51293E-3 1.14667E-2 1.4173E-2 1.5918E-2 1.49332E-2 1.44836E-2 1.52031E-2 7.98125E-3 1.26642E-3 1.0997E-2 1.3821E-2 1.91075E-2 2.60675E-2 2.7134E-2 2.82031E-2 2.77824E-2 2.68256E-2 2.69148E-2 2.69306E-2 2.62273E-2 2.59633E-2 2.53935E-2 2.5461E-2 2.59154E-2 2.59257E-2 2.70744E-2 2.82462E-2 2.98935E-2 2.936E-2 2.95686E-2 3.02029E-2 2.13245E-2 1.70912E-2 3.8776E-3 6.02168E-3 5.08146E-3 8.02885E-3 1.33311E-2 2.7248E-2 2.74604E-2 6.46399E-2 7.21252E-2
4.92389E-2 3.93159E-2 2.73788E-2 4.79263E-3 6.90679E-3 2.73101E-2 4.05464E-2 4.15234E-2 4.28886E-2 4.51899E-2 3.85959E-2 3.65823E-2 3.89706E-2 4.0331E-2 3.95422E-2 3.8991E-2 3.70748E-2 3.57277E-2 3.45535E-2 3.07867E-2 2.69408E-2 2.74567E-2 2.73194E-2 2.56654E-2 2.57005E-2 2.05976E-2 2.00893E-2 2.79931E-2 1.83867E-2 1.44458E-2 1.81123E-2 1.71734E-2 1.71734E-2 1.36168E-2 1.38135E-2 1.43898E-2 9.51715E-3 9.23468E-3 4.87421E-3 1.45159E-2 2.03717E-2 2.76451E-2 2.98697E-2 3.05082E-2 2.91831E-2 3.05082E-2 2.90035E-2 2.80914E-2 2.68466E-2 2.6153E-2 2.69968E-2 2.82416E-2 2.74621E-2 2.86718E-2 2.94744E-2 2.98446E-2 2.91606E-2 2.82521E-2 2.13294E-2 1.02204E-2 1.70012E-2 6.30844E-3 6.02168E-3 5.88294E-3 9.0823E-3 1.57006E-2 6.493E-3 5.1641E-2 4.52314E-2 7.15E-2
5.4885E-2 4.55413E-2 4.88474E-2 5.30528E-2 5.19884E-2 5.12834E-2 4.8729E-2 4.76366E-2 5.35263E-2 5.21092E-2 4.51194E-2 3.8157E-2 3.67569E-2 4.40211E-2 4.4227E-2 4.32937E-2 4.1753E-2 4.1376E-2 4.15564E-2 4.02222E-2 4.00241E-2 3.92845E-2 3.66809E-2 2.96842E-2 3.12478E-2 3.15268E-2 3.58025E-2 3.89706E-2 3.02029E-2 2.71521E-2 2.55205E-2 2.37754E-2 1.95197E-2 1.14582E-2 1.76986E-2 1.63543E-2 1.71734E-2 1.60228E-2 2.52822E-3 1.3402E-2 1.86438E-2 2.37246E-2 2.8963E-2 2.91985E-2 3.04996E-2 3.07567E-2 2.96211E-2 2.82355E-2 2.87765E-2 2.81355E-2 2.86093E-2 2.86511E-2 2.8672E-2 2.99206E-2 2.80653E-2 2.63826E-2 2.65792E-2 1.9176E-2 6.8074E-3 8.5228E-3 1.42721E-2 1.2453E-2 2.28051E-2 2.88017E-2 1.75979E-2 3.1734E-2 5.63212E-2 5.64827E-2 6.67831E-2 7.01592E-2
6.25239E-2 7.42357E-2 6.5361E-2 6.9615E-2 6.0189E-2 6.62508E-2 5.84058E-2 6.74891E-2 5.68313E-2 5.10838E-2 5.33892E-2 4.67043E-2 4.00812E-2 4.89786E-2 4.83311E-2 4.66618E-2 4.69057E-2 4.5203E-2 4.47494E-2 4.48931E-2 4.42684E-2 4.42684E-2 4.60139E-2 4.53931E-2 4.51306E-2 4.63922E-2 4.83215E-2 4.86713E-2 4.22655E-2 3.75783E-2 3.31471E-2 3.06213E-2 2.52634E-2 1.6269E-2 1.37551E-2 2.34164E-2 2.27461E-2 1.86646E-2 1.81123E-2 1.36114E-2 2.01312E-2 2.41267E-2 2.68087E-2 2.78087E-2 2.82462E-2 2.78605E-2 2.90655E-2 2.90248E-2 2.90655E-2 2.8672E-2 2.78636E-2 2.69739E-2 2.36085E-2 2.33401E-2 2.3887E-2 1.83867E-2 1.21504E-2 9.66657E-3 5.65857E-3 1.13731E-2 1.99008E-2 2.16975E-2 1.89259E-2 3.14755E-2 1.32255E-2 2.3601E-2 5.136E-2 3.37621E-2 3.9853E-2 5.4985E-2
6.30325E-2 7.67204E-2 6.42672E-2 7.01454E-2 9.16638E-2 8.9884E-2 8.59738E-2 8.18367E-2 7.37532E-2 7.12887E-2 5.47323E-2 6.17605E-2 4.89003E-2 5.4494E-2 5.10198E-2 4.99582E-2 4.88757E-2 4.91037E-2 4.71209E-2 4.74639E-2 4.74639E-2 4.89263E-2 4.9029E-2 5.03996E-2 5.18006E-2 5.32325E-2 5.60579E-2 5.51463E-2 5.48812E-2 4.33671E-2 4.93476E-2 4.21624E-2 2.63596E-2 2.01226E-2 1.3831E-2 2.47955E-2 2.74103E-2 2.55861E-2 2.10083E-2 2.41363E-2 1.90844E-2 1.85188E-2 2.50111E-2 2.52731E-2 2.4886E-2 2.46845E-2 2.47809E-2 2.66971E-2 2.51122E-2 2.36504E-2 2.35558E-2 2.27794E-2 2.19205E-2 1.63543E-2 1.1878E-2 1.24137E-2 1.48E-2 8.21373E-3 1.33866E-2 8.12674E-3 2.07994E-2 1.91306E-2 2.35898E-2 2.90003E-2 2.376E-2 9.04745E-3 4.7032E-2 5.85059E-2 5.8003E-2 6.60337E-2
6.96032E-2 8.18468E-2 9.27776E-2 9.82698E-2 9.8318E-2 9.44128E-2 9.16733E-2 8.72634E-2 8.41899E-2 7.76778E-2 7.09551E-2 5.91734E-2 4.9616E-2 4.57575E-2 5.0168E-2 5.19549E-2 5.27266E-2 5.16046E-2 5.04621E-2 4.99809E-2 5.01518E-2 5.02914E-2 5.16867E-2 5.32325E-2 5.47874E-2 5.62876E-2 5.85983E-2 6.26958E-2 6.26958E-2 6.49915E-2 6.49915E-2 5.66835E-2 3.73093E-2 2.68509E-2 2.60861E-2 1.88233E-2 2.62941E-2 3.00998E-2 3.01383E-2 2.71569E-2 2.90862E-2 2.48515E-2 2.05626E-2 1.69684E-2 1.6261E-2 2.17212E-2 2.59606E-2 2.46315E-2 2.26038E-2 2.28609E-2 2.10858E-2 1.74343E-2 1.42427E-2 1.57854E-2 1.7477E-2 1.6269E-2 1.4033E-2 1.85542E-2 1.7409E-2 8.92101E-3 2.13946E-2 2.94987E-2 3.56747E-2 2.67454E-2 2.56679E-2 2.01157E-2 3.88031E-2 5.86806E-2 5.8788E-2 7.01454E-2
7.87652E-2 8.72686E-2 -9999 -9999 -9999 -9999 -9999 9.28005E-2 8.59738E-2 8.26282E-2 7.74464E-2 5.99623E-2 4.13628E-2 4.39475E-2 4.49874E-2 4.53563E-2 5.01038E-2 5.28893E-2 5.16783E-2 5.27266E-2 5.32687E-2 5.20644E-2 5.36808E-2 5.51463E-2 5.66432E-2 5.79575E-2 5.95093E-2 6.13251E-2 6.49915E-2 6.85879E-2 6.46092E-2 4.95012E-2 3.41404E-2 2.89851E-2 2.57363E-2 2.96052E-2 3.05637E-2 3.09877E-2 3.26952E-2 3.32152E-2 3.27654E-2 3.20178E-2 3.26755E-2 3.24949E-2 3.13944E-2 3.0747E-2 2.93768E-2 2.80396E-2 2.53818E-2 2.24022E-2 1.99857E-2 1.98978E-2 2.00893E-2 1.83423E-2 1.57784E-2 1.80223E-2 2.44827E-2 2.57106E-2 2.08142E-2 2.89851E-2 1.26775E-2 3.96443E-2 3.0127E-2 2.90003E-2 3.55656E-2 3.60208E-2 4.48207E-2 5.58939E-2 6.56906E-2 6.85715E-2
-9999 -9999 9.84986E-2 -9999 -9999 -9999 -9999 -9999 9.16733E-2 8.58102E-2 7.9739E-2 5.84058E-2 3.30989E-2 2.41483E-2 3.7804E-2 3.7051E-2 4.27914E-2 4.25207E-2 4.55085E-2 4.8869E-2 5.1714E-2 5.21957E-2 4.89021E-2 5.14339E-2 5.28893E-2 5.39595E-2 5.39595E-2 5.61007E-2 5.21175E-2 4.6543E-2 4.19233E-2 3.78171E-2 2.88851E-2 2.99172E-2 2.78635E-2 2.62245E-2 2.78635E-2 3.06815E-2 3.27873E-2 3.17964E-2 3.27873E-2 3.28284E-2 3.05637E-2 3.01276E-2 3.20506E-2 3.21949E-2 3.15977E-2 3.0747E-2 2.9302E-2 2.71444E-2 2.47631E-2 2.08138E-2 1.99378E-2 1.84902E-2 2.16443E-2 2.3128E-2 2.32779E-2 2.70874E-2 3.3797E-2 2.09894E-2 4.02055E-2 3.56747E-2 3.94317E-2 2.98522E-2 4.20672E-2 4.69491E-2 5.01458E-2 5.72893E-2 6.73897E-2 8.77278E-2
8.03751E-2 9.12658E-2 -9999 -9999 -9999 -9999 -9999 -9999 9.59848E-2 9.15905E-2 8.27131E-2 6.00255E-2 2.01425E-2 3.93159E-2 3.85205E-2 3.32334E-2 3.88199E-2 3.84903E-2 4.13473E-2 4.43548E-2 4.61033E-2 4.36283E-2 4.1418E-2 4.37293E-2 4.49562E-2 4.42576E-2 4.37559E-2 4.37619E-2 4.02055E-2 3.18385E-2 2.86584E-2 3.07688E-2 3.77899E-2 4.12624E-2 4.13473E-2 4.09165E-2 4.10204E-2 4.27034E-2 4.68463E-2 4.15234E-2 3.45997E-2 3.47468E-2 3.81439E-2 3.78171E-2 3.538E-2 3.49868E-2 3.36546E-2 3.40418E-2 3.19845E-2 2.97189E-2 2.8238E-2 2.47955E-2 2.17698E-2 2.0181E-2 2.19475E-2 2.63208E-2 2.89851E-2 2.64769E-2 3.84334E-2 4.15471E-2 4.75966E-2 3.20256E-2 4.66309E-2 3.93479E-2 5.9703E-2 4.37809E-2 5.66122E-2 6.87305E-2 7.29648E-2 9.34714E-2
-9999 -9999 -9999 -9999 -9999 -9999 -9999 -9999 -9999 9.26945E-2 8.33253E-2 6.31444E-2 3.68197E-2 5.02999E-2 4.7721E-2 4.97674E-2 4.76583E-2 4.67776E-2 4.61091E-2 4.50774E-2 4.46428E-2 4.09165E-2 4.03493E-2 4.43548E-2 4.33394E-2 3.67503E-2 3.66819E-2 2.97286E-2 2.86036E-2 3.93408E-2 4.54315E-2 4.14901E-2 3.72656E-2 4.50774E-2 4.10204E-2 4.052E-2 4.71108E-2 5.0079E-2 5.10774E-2 6.30763E-2 5.99623E-2 5.5969E-2 4.76403E-2 4.49118E-2 4.20106E-2 3.92752E-2 3.8556E-2 3.59989E-2 3.48232E-2 3.25252E-2 2.84203E-2 2.62028E-2 2.74669E-2 2.74669E-2 2.77642E-2 3.19093E-2 3.70647E-2 4.11837E-2 4.58642E-2 4.91417E-2 5.89911E-2 5.59946E-2 5.8549E-2 6.73727E-2 9.08319E-2 6.68808E-2 6.56842E-2 7.69717E-2 8.23361E-2 9.72682E-2
-9999 -9999 -9999 -9999 -9999 -9999 -9999 -9999 9.97725E-2 9.63509E-2 8.7404E-2 6.33845E-2 5.44436E-2 5.62013E-2 5.39699E-2 4.83227E-2 5.09155E-2 5.2561E-2 4.98012E-2 5.35492E-2 5.28651E-2 4.91694E-2 5.00663E-2 5.07132E-2 4.61895E-2 4.502E-2 4.62718E-2 4.47968E-2 4.50774E-2 4.46428E-2 4.81889E-2 4.61942E-2 4.75058E-2 5.76699E-2 5.23111E-2 5.69266E-2 6.36617E-2 6.15272E-2 6.68268E-2 7.8868E-2 5.59946E-2 5.3939E-2 5.97247E-2 5.75445E-2 5.61249E-2 5.42139E-2 4.73113E-2 4.40187E-2 3.97903E-2 3.78111E-2 3.71797E-2 3.61083E-2 3.41958E-2 2.95178E-2 2.84806E-2 3.96808E-2 4.59466E-2 5.13667E-2 5.63177E-2 6.46739E-2 7.63982E-2 7.48301E-2 6.38853E-2 1.03915E-1 1.11877E-1 7.67444E-2 7.01592E-2 9.5335E-2 9.7033E-2 9.4648E-2
-9999 -9999 -9999 -9999 -9999 -9999 -9999 -9999 -9999 9.63509E-2 8.8868E-2 6.25056E-2 6.69682E-2 6.07847E-2 6.07122E-2 5.3939E-2 5.77547E-2 5.78014E-2 5.49379E-2 5.72035E-2 6.01621E-2 6.0177E-2 5.86203E-2 5.93873E-2 5.86203E-2 5.35492E-2 5.35492E-2 5.42401E-2 5.05942E-2 5.34653E-2 5.77632E-2 5.61249E-2 6.15527E-2 6.4618E-2 7.27357E-2 7.65352E-2 8.11645E-2 8.84505E-2 9.16437E-2 9.25361E-2 8.24607E-2 7.30383E-2 7.21616E-2 7.33338E-2 7.12785E-2 6.49922E-2 6.15473E-2 5.3534E-2 4.55085E-2 4.23322E-2 3.89356E-2 3.7817E-2 3.538E-2 3.88358E-2 4.21412E-2 4.325E-2 4.49768E-2 5.77547E-2 6.30252E-2 7.244E-2 8.53375E-2 8.2199E-2 8.91486E-2 1.25929E-1 1.3483E-1 1.07578E-1 8.35165E-2 9.56968E-2 1.08829E-1 1.1E-1
-9999 -9999 -9999 -9999 -9999 -9999 -9999 -9999 -9999 9.32281E-2 8.72686E-2 7.84323E-2 7.46E-2 7.27605E-2 6.07122E-2 5.44809E-2 5.66704E-2 6.25754E-2 5.84252E-2 6.1735E-2 6.08244E-2 6.08244E-2 5.90259E-2 6.08244E-2 6.05187E-2 6.0177E-2 5.97996E-2 5.89408E-2 5.99889E-2 6.20578E-2 5.48397E-2 6.0001E-2 6.37142E-2 6.45167E-2 7.32654E-2 8.08182E-2 8.82115E-2 9.93533E-2 1.01695E-1 9.60631E-2 9.38147E-2 9.09889E-2 8.74011E-2 8.79531E-2 8.5191E-2 7.27605E-2 6.66431E-2 5.26932E-2 4.31347E-2 4.24672E-2 4.24672E-2 4.21412E-2 4.47719E-2 4.40187E-2 4.23916E-2 4.41401E-2 5.42139E-2 6.41789E-2 7.04002E-2 6.0918E-2 7.93942E-2 9.27023E-2 9.75318E-2 1.29048E-1 1.42567E-1 1.4092E-1 1.02178E-1 1.13366E-1 1.16834E-1 1.12972E-1
-9999 -9999 -9999 -9999 -9999 -9999 -9999 -9999 -9999 -9999 8.31092E-2 7.88384E-2 7.46E-2 7.3106E-2 7.04816E-2 6.89021E-2 6.85879E-2 6.56664E-2 6.35301E-2 6.415E-2 6.33168E-2 6.13251E-2 6.01795E-2 6.17937E-2 5.93971E-2 6.05187E-2 5.8625E-2 5.97996E-2 6.09447E-2 6.51957E-2 6.43588E-2 6.68381E-2 6.86908E-2 7.03723E-2 7.42774E-2 7.90714E-2 8.28344E-2 8.91026E-2 9.60631E-2 9.38079E-2 9.05611E-2 8.77223E-2 8.40638E-2 8.88128E-2 8.74011E-2 7.74464E-2 6.00306E-2 5.41491E-2 4.55364E-2 4.36283E-2 4.03699E-2 4.1592E-2 4.41401E-2 4.43817E-2 5.07132E-2 5.63177E-2 6.41789E-2 7.05816E-2 7.03488E-2 8.13105E-2 9.32065E-2 9.52606E-2 9.64546E-2 1.33381E-1 1.44075E-1 1.5245E-1 1.42763E-1 1.13431E-1 1.3401E-1 1.31718E-1
-9999 -9999 -9999 -9999 -9999 -9999 -9999 -9999 -9999 -9999 -9999 7.80688E-2 7.52268E-2 7.24894E-2 6.86908E-2 6.96651E-2 6.87448E-2 6.61349E-2 6.61349E-2 6.52137E-2 6.35786E-2 6.27091E-2 6.09824E-2 5.95093E-2 5.84751E-2 5.75019E-2 5.90259E-2 5.9733E-2 6.05187E-2 5.97996E-2 6.35301E-2 6.61229E-2 6.61057E-2 6.87694E-2 7.05484E-2 7.33079E-2 7.67146E-2 8.11147E-2 8.37056E-2 8.31599E-2 8.21237E-2 8.24161E-2 8.07532E-2 8.31599E-2 7.68357E-2 7.23878E-2 6.68381E-2 6.18974E-2 5.62256E-2 5.01454E-2 4.57575E-2 5.21878E-2 5.28651E-2 5.07132E-2 5.63543E-2 6.19803E-2 6.92053E-2 7.40275E-2 7.84137E-2 7.8868E-2 8.57005E-2 9.59563E-2 1.11877E-1 1.25062E-1 1.39579E-1 1.55286E-1 1.46388E-1 1.31348E-1 1.22631E-1 1.34811E-1
-9999 -9999 -9999 -9999 -9999 -9999 -9999 -9999 -9999 -9999 -9999 -9999 -9999 -9999 6.96422E-2 7.04836E-2 -9999 -9999 6.69075E-2 6.52436E-2 6.27091E-2 6.27091E-2 6.10986E-2 5.97322E-2 5.92502E-2 5.92758E-2 5.99184E-2 5.81717E-2 6.05246E-2 5.9733E-2 6.10933E-2 6.2492E-2 6.26134E-2 6.52741E-2 6.61349E-2 6.78086E-2 6.87514E-2 7.42032E-2 7.32597E-2 7.51129E-2 7.29505E-2 7.51559E-2 7.68357E-2 7.32597E-2 6.9645E-2 6.69904E-2 6.26958E-2 5.95093E-2 5.48997E-2 5.30933E-2 5.62256E-2 5.8625E-2 6.17605E-2 5.42401E-2 5.70725E-2 6.41789E-2 6.78137E-2 6.54462E-2 7.2188E-2 8.53375E-2 9.2726E-2 9.76562E-2 1.08945E-1 -9999 -9999 1.24547E-1 1.2918E-1 1.34954E-1 1.29306E-1 1.41015E-1
-9999 -9999 -9999 -9999 -9999 -9999 -9999 -9999 -9999 -9999 -9999 -9999 -9999 -9999 -9999 -9999 -9999 -9999 -9999 -9999 6.1807E-2 -9999 -9999 6.01795E-2 5.93848E-2 5.93848E-2 5.77169E-2 5.6814E-2 5.91301E-2 -9999 5.89479E-2 5.77079E-2 5.77079E-2 6.17937E-2 6.18735E-2 6.26958E-2 6.27393E-2 6.35724E-2 6.78665E-2 6.78086E-2 6.86908E-2 6.6041E-2 6.96422E-2 6.69766E-2 6.4414E-2 6.18735E-2 5.91301E-2 5.56892E-2 5.54534E-2 5.66432E-2 5.835E-2 5.97322E-2 6.29506E-2 6.24307E-2 6.80267E-2 6.97861E-2 7.00756E-2 7.10834E-2 7.9739E-2 8.51637E-2 9.39244E-2 -9999 -9999 -9999 -9999 -9999 1.10608E-1 1.28024E-1 1.41927E-1 1.46771E-1
-9999 -9999 -9999 -9999 -9999 -9999 -9999 -9999 -9999 -9999 -9999 -9999 -9999 -9999 -9999 -9999 -9999 -9999 -9999 -9999 -9999 -9999 -9999 -9999 -9999 -9999 -9999 -9999 -9999 -9999 -9999 5.71935E-2 5.66432E-2 5.835E-2 5.77169E-2 5.77169E-2 5.77169E-2 5.77169E-2 6.09824E-2 6.4414E-2 6.35724E-2 -9999 -9999 6.19147E-2 6.10595E-2 5.69496E-2 5.25557E-2 -9999 -9999 -9999 -9999 -9999 6.21141E-2 -9999 -9999 -9999 -9999 -9999 -9999 -9999 -9999 -9999 -9999 -9999 -9999 -9999 1.19143E-1 1.38188E-1 1.53137E-1 1.58005E-1
-9999 -9999 -9999 -9999 -9999 -9999 -9999 -9999 -9999 -9999 -9999 -9999 -9999 -9999 -9999 -9999 -9999 -9999 -9999 -9999 -9999 -9999 -9999 -9999 -9999 -9999 -9999 -9999 -9999 -9999 -9999 -9999 -9999 -9999 5.58908E-2 -9999 5.2774E-2 -9999 -9999 -9999 -9999 -9999 -9999 -9999 -9999 -9999 -9999 -9999 -9999 -9999 -9999 -9999 -9999 -9999 -9999 -9999 -9999 -9999 -9999 -9999 -9999 -9999 -9999 -9999 -9999 -9999 1.41291E-1 1.5308E-1 1.67864E-1 1.70647E-1
-9999 -9999 -9999 -9999 -9999 -9999 -9999 -9999 -9999 -9999 -9999 -9999 -9999 -9999 -9999 -9999 -9999 -9999 -9999 -9999 -9999 -9999 -9999 -9999 -9999 -9999 -9999 -9999 -9999 -9999 -9999 -9999 -9999 -9999 -9999 -9999 -9999 -9999 -9999 -9999 -9999 -9999 -9999 -9999 -9999 -9999 -9999 -9999 -9999 -9999 -9999 -9999 -9999 -9999 -9999 -9999 -9999 -9999 -9999 -9999 -9999 -9999 -9999 -9999 -9999 -9999 1.59264E-1 1.75894E-1 1.74273E-1 1.85058E-1
-9999 -9999 -9999 -9999 -9999 -9999 -9999 -9999 -9999 -9999 -9999 -9999 -9999 -9999 -9999 -9999 -9999 -9999 -9999 -9999 -9999 -9999 -9999 -9999 -9999 -9999 -9999 -9999 -9999 -9999 -9999 -9999 -9999 -9999 -9999 -9999 -9999 -9999 -9999 -9999 -9999 -9999 -9999 -9999 -9999 -9999 -9999 -9999 -9999 -9999 -9999 -9999 -9999 -9999 -9999 -9999 -9999 -9999 -9999 -9999 -9999 -9999 -9999 -9999 -9999 -9999 -9999 -9999 -9999 -9999
-9999 -9999 -9999 -9999 -9999 -9999 -9999 -9999 -9999 -9999 -9999 -9999 -9999 -9999 -9999 -9999 -9999 -9999 -9999 -9999 -9999 -9999 -9999 -9999 -9999 -9999 -9999 -9999 -9999 -9999 -9999 -9999 -9999 -9999 -9999 -9999 -9999 -9999 -9999 -9999 -9999 -9999 -9999 -9999 -9999 -9999 -9999 -9999 -9999 -9999 -9999 -9999 -9999 -9999 -9999 -9999 -9999 -9999 -9999 -9999 -9999 -9999 -9999 -9999 -9999 -9999 -9999 -9999 -9999 1.73354E-1
-9999 -9999 -9999 -9999 -9999 -9999 -9999 -9999 -9999 -9999 -9999 -9999 -9999 -9999 -9999 -9999 -9999 -9999 -9999 -9999 -9999 -9999 -9999 -9999 -9999 -9999 -9999 -9999 -9999 -9999 -9999 -9999 -9999 -9999 -9999 -9999 -9999 -9999 -9999 -9999 -9999 -9999 -9999 -9999 -9999 -9999 -9999 -9999 -9999 -9999 -9999 -9999 -9999 -9999 -9999 -9999 -9999 -9999 -9999 -9999 -9999 -9999 -9999 -9999 -9999 -9999 -9999 -9999 -9999 -9999
