KUENM/Final_Models/M_0.1_F_lq_Set_2_EC/sp1_3_se_asia.asc
ncols         320
nrows         243
xllcorner     44.0
yllcorner     -0.666666666666667
cellsize      0.166666666666667
NODATA_value  -9999
[rows 31 to 61 of 243, columns 0 to 69 of 320]
-9999 -9999 -9999 -9999 -9999 -9999 -9999 -9999 -9999 -9999 3.40832E-1 1.26709E-1 7.30545E-4 4.78297E-3 2.46589E-3 5.99817E-3 3.66027E-3 2.96366E-3 1.73757E-4 2.6258E-4 1.14387E-3 6.13175E-4 5.34363E-5 1.127E-3 1.67766E-3 3.0174E-4 7.5697E-5 2.47808E-6 4.61024E-5 2.09914E-4 5.04193E-4 3.3116E-4 9.95354E-5 1.14404E-4 6.57995E-5 1.07505E-5 3.26793E-6 1.28563E-4 1.02893E-3 2.42227E-3 4.36285E-3 5.91185E-3 8.47855E-3 9.95472E-3 1.08652E-2 1.07554E-2 1.01234E-2 9.52353E-3 8.13039E-3 4.3635E-3 5.63488E-3 5.94566E-3 3.4666E-3 7.40098E-3 1.24189E-2 1.31727E-2 1.4173E-2 1.39589E-2 1.43898E-2 1.43898E-2 1.46095E-2 1.43898E-2 1.39991E-2 1.35805E-2 1.35805E-2 1.35805E-2 1.35805E-2 1.26104E-2 1.27754E-2 1.25806E-2
-9999 -9999 -9999 -9999 -9999 -9999 -9999 -9999 -9999 3.35055E-1 2.83906E-1 1.8396E-1 4.65863E-3 1.74463E-3 3.95955E-3 3.70702E-3 5.58225E-3 4.13632E-3 2.51803E-3 1.38915E-4 1.9313E-3 3.18586E-3 1.16119E-3 1.91266E-3 1.80808E-3 4.60186E-4 2.46082E-4 5.25498E-4 2.65162E-4 8.0543E-5 1.68351E-4 9.81979E-5 4.82611E-5 2.39208E-4 2.28238E-4 1.23447E-4 7.75991E-5 1.05332E-4 4.32007E-4 2.65541E-3 1.21478E-3 1.4761E-3 3.51404E-3 1.00222E-2 1.23977E-2 1.22387E-2 1.1345E-2 1.03471E-2 9.87721E-3 8.30239E-3 6.83732E-3 7.55079E-3 7.3138E-3 9.85875E-3 1.24781E-2 1.24781E-2 1.28717E-2 1.32038E-2 1.32038E-2 1.34101E-2 1.34101E-2 1.30725E-2 1.3276E-2 1.3276E-2 1.27317E-2 1.25365E-2 1.21537E-2 1.21537E-2 1.15985E-2 1.12407E-2
-9999 -9999 -9999 -9999 -9999 -9999 -9999 -9999 -9999 2.89551E-1 2.08578E-1 1.16538E-1 1.75366E-2 3.44933E-3 3.30787E-3 1.47375E-3 3.12451E-3 2.59625E-3 1.60826E-3 4.36009E-3 3.90163E-3 7.54175E-4 2.80525E-4 1.40358E-4 6.54501E-4 2.27164E-3 2.72934E-4 1.97617E-4 2.25393E-4 7.17993E-5 2.18754E-5 9.02682E-5 2.22128E-5 1.38397E-4 4.69401E-4 3.96866E-4 2.17793E-4 1.17913E-4 4.83148E-4 9.24891E-4 2.08005E-5 9.89665E-6 3.01974E-4 8.55877E-3 1.36114E-2 1.20553E-2 1.03361E-2 1.00318E-2 7.78083E-3 8.17985E-3 9.85875E-3 9.55292E-3 1.08925E-2 1.20225E-2 1.24057E-2 1.27128E-2 1.25148E-2 1.23195E-2 1.25148E-2 1.25148E-2 1.25148E-2 1.18348E-2 1.05536E-2 1.1359E-2 1.10058E-2 1.05536E-2 9.95185E-3 1.11812E-2 1.1467E-2 1.16497E-2
-9999 -9999 -9999 -9999 -9999 -9999 -9999 -9999 -9999 2.62301E-1 1.81646E-1 9.09962E-2 1.8797E-2 5.71327E-3 4.07668E-3 6.87774E-3 4.40322E-3 1.64243E-3 1.94192E-3 8.89199E-4 1.34989E-3 1.18177E-3 5.08685E-4 3.7539E-4 2.76861E-4 3.603E-5 1.93424E-4 2.04431E-4 5.15213E-5 5.96214E-5 1.93286E-5 2.47349E-5 7.04456E-5 6.39332E-5 1.68712E-4 3.63456E-4 9.15327E-5 2.76301E-5 2.31618E-4 7.14943E-4 8.84174E-5 3.7531E-6 1.76344E-4 4.4738E-3 1.37935E-2 1.01234E-2 8.95457E-3 5.21049E-3 1.32394E-3 3.31794E-3 4.29774E-3 3.47735E-3 5.62237E-3 8.795E-3 1.11091E-2 1.1651E-2 1.1838E-2 1.1838E-2 1.1651E-2 1.1651E-2 1.04225E-2 8.14433E-3 6.748E-3 6.22087E-3 7.65665E-3 6.11132E-3 4.79829E-3 9.43878E-3 1.12848E-2 1.17265E-2
-9999 -9999 -9999 -9999 -9999 -9999 -9999 -9999 -9999 2.38547E-1 2.07057E-1 1.05415E-1 3.74643E-2 1.4835E-2 5.45076E-3 2.35981E-3 8.64344E-3 2.40012E-3 6.73382E-3 2.54817E-3 1.65851E-3 5.13346E-3 6.53044E-4 1.74064E-3 7.42848E-4 3.77278E-4 1.40963E-6 1.72951E-5 1.06602E-3 6.53139E-5 2.04569E-5 1.67398E-5 4.68735E-5 1.70533E-5 8.91436E-6 6.43642E-5 8.26253E-6 1.07093E-5 7.59532E-5 4.98535E-4 3.27824E-4 4.3895E-5 1.16162E-5 6.51501E-4 5.73646E-3 9.92712E-3 1.00228E-2 6.09909E-3 1.7607E-3 1.11556E-3 1.39421E-3 1.68702E-3 1.52454E-3 1.99159E-3 4.20974E-3 9.37932E-3 1.07542E-2 1.02455E-2 1.05822E-2 9.61633E-3 7.26974E-3 3.77036E-3 2.6074E-3 2.02485E-3 3.17425E-3 5.18241E-3 8.07388E-3 1.04126E-2 1.14172E-2 1.12345E-2
-9999 -9999 -9999 -9999 -9999 -9999 -9999 -9999 -9999 -9999 2.26305E-1 1.24942E-1 3.93747E-2 2.26974E-2 3.7054E-3 1.74052E-2 1.45925E-2 7.93613E-3 3.93747E-2 2.81505E-2 2.4602E-2 3.7704E-3 1.02742E-2 2.76197E-3 1.37772E-3 1.81964E-3 2.42421E-4 1.32859E-4 1.20999E-3 1.69016E-3 1.23861E-4 4.32621E-5 1.92644E-5 2.15243E-5 8.71904E-6 2.88705E-5 1.1941E-4 1.44686E-4 2.69927E-4 9.26474E-5 2.93101E-5 1.04044E-4 2.32287E-5 2.3742E-6 3.08661E-5 6.62716E-4 4.48775E-3 8.41523E-3 7.65906E-3 5.5777E-3 4.87672E-3 5.35462E-3 4.35056E-3 1.9588E-3 2.59326E-3 4.61751E-3 4.15783E-3 7.56234E-3 7.76563E-3 8.23353E-3 8.09933E-3 6.39766E-3 5.19499E-3 5.28164E-3 6.50405E-3 6.92092E-3 7.68747E-3 9.07973E-3 1.01905E-2 1.05712E-2
-9999 -9999 -9999 -9999 -9999 -9999 -9999 -9999 -9999 -9999 -9999 1.91739E-1 1.37694E-1 4.64762E-2 8.97747E-3 2.04184E-3 2.68804E-2 3.35177E-2 2.2477E-2 7.05739E-3 7.93613E-3 1.81286E-2 1.01609E-2 4.43671E-2 9.58343E-3 6.96873E-3 3.90237E-3 1.0984E-3 3.04782E-4 1.30493E-3 2.25823E-3 1.00078E-4 1.22753E-4 8.99205E-5 1.91395E-5 3.45189E-5 5.98766E-5 5.62177E-5 1.39716E-4 9.39534E-5 7.5174E-5 3.81241E-5 1.59587E-5 6.39288E-6 1.51115E-6 1.61005E-6 1.70847E-4 2.13344E-3 6.13748E-3 7.92423E-3 7.92047E-3 7.65665E-3 7.41276E-3 6.32224E-3 5.64075E-3 4.15783E-3 2.28194E-3 4.31137E-3 5.71474E-3 6.96317E-3 6.96317E-3 6.08765E-3 6.08765E-3 4.93855E-3 4.39258E-3 5.71474E-3 6.84849E-3 7.70821E-3 8.03235E-3 1.04305E-2
-9999 -9999 -9999 -9999 -9999 -9999 -9999 -9999 -9999 -9999 -9999 -9999 1.36931E-1 1.21099E-1 3.04003E-2 5.27821E-3 4.0465E-3 4.30977E-2 3.70556E-2 5.48727E-2 2.7158E-2 2.9147E-2 3.87277E-2 8.77087E-2 3.89948E-2 3.46048E-2 3.37884E-2 3.94276E-3 2.77193E-4 2.54182E-4 5.97569E-4 6.53139E-5 2.09026E-4 1.45034E-4 2.45143E-5 7.66802E-6 1.41982E-5 5.19408E-5 9.93086E-5 1.4892E-5 5.99674E-6 7.70783E-6 3.81241E-5 7.10499E-5 1.94499E-5 1.95649E-6 2.60029E-6 1.71509E-4 1.12966E-3 3.48262E-3 5.14591E-3 6.53476E-3 5.73434E-3 6.11836E-3 6.50405E-3 4.54143E-3 1.45205E-3 1.00637E-3 1.71333E-3 3.69867E-3 5.6004E-3 2.59817E-3 1.60474E-3 1.26585E-3 1.35637E-3 2.24391E-3 7.56828E-3 9.78089E-3 9.94478E-3 9.94478E-3
-9999 -9999 -9999 -9999 -9999 -9999 -9999 -9999 -9999 -9999 -9999 -9999 -9999 1.45023E-1 7.93569E-2 2.62133E-2 2.56198E-2 9.11706E-3 1.21977E-2 1.10371E-1 8.30388E-2 3.93747E-2 1.28697E-1 9.48431E-2 1.9061E-2 3.97423E-3 5.57223E-4 2.13173E-3 5.03803E-3 7.4527E-3 1.23741E-4 6.43129E-6 1.25851E-6 2.58327E-5 2.59124E-5 5.66369E-6 7.78069E-6 4.00146E-6 7.33048E-6 1.87923E-5 1.10621E-5 3.7962E-5 1.22059E-4 2.07782E-4 2.0377E-4 1.37755E-4 6.72035E-5 4.49442E-5 9.27124E-5 1.69116E-4 6.9412E-4 2.52543E-4 5.80445E-4 1.2156E-3 3.41322E-3 5.36771E-3 3.88963E-3 2.49047E-3 1.68466E-3 2.30599E-3 3.97166E-3 5.08236E-3 6.35927E-3 7.36123E-3 6.19482E-3 2.91686E-3 4.69591E-3 8.5234E-3 8.98382E-3 8.49572E-3
-9999 -9999 -9999 -9999 -9999 -9999 -9999 -9999 -9999 -9999 -9999 -9999 1.26749E-1 1.37231E-1 1.45032E-1 1.2682E-1 8.95097E-2 5.61984E-2 3.17637E-2 1.94424E-2 7.63454E-2 1.57582E-1 2.09248E-1 1.45406E-1 2.54579E-2 1.39428E-2 1.97088E-3 9.9638E-2 6.29598E-2 4.63521E-3 1.74473E-3 1.13511E-4 9.01648E-7 1.94572E-5 1.35811E-5 1.11479E-6 3.20906E-6 3.16925E-6 1.90579E-6 3.15343E-6 2.03547E-5 9.53209E-5 1.38713E-4 3.40823E-4 6.08867E-4 6.25148E-4 4.17408E-4 1.42349E-4 7.11572E-5 2.41289E-5 6.27143E-5 7.78145E-5 8.93965E-5 1.48461E-4 7.54273E-4 3.54859E-3 4.70097E-3 5.34535E-3 3.77035E-3 2.66258E-3 3.10148E-3 4.17763E-3 7.11673E-3 7.81131E-3 7.0765E-3 3.77496E-3 3.08642E-3 5.08236E-3 5.08236E-3 4.39645E-3
-9999 -9999 -9999 -9999 -9999 -9999 -9999 -9999 -9999 -9999 -9999 -9999 -9999 -9999 -9999 1.46766E-1 1.09639E-1 1.07211E-1 1.20149E-1 4.08911E-2 8.36923E-2 9.5312E-2 1.44739E-1 2.19604E-1 2.22169E-1 6.40217E-2 3.81411E-2 7.72131E-2 1.341E-1 6.04761E-2 9.49448E-2 1.65675E-2 3.2276E-4 1.26372E-4 2.04939E-5 1.48616E-6 1.10269E-6 9.40846E-6 1.36792E-5 2.04914E-6 5.00103E-6 2.42756E-5 7.73204E-5 1.52019E-4 6.65287E-4 9.35172E-4 9.9764E-4 8.24873E-4 3.51533E-4 7.77903E-5 8.21367E-6 2.79779E-5 1.14594E-4 3.27119E-4 7.34051E-4 2.25552E-3 3.82503E-3 5.50721E-3 5.82962E-3 2.88431E-3 4.17763E-3 6.57081E-3 8.25917E-3 8.25917E-3 6.99721E-3 3.77496E-3 4.17763E-3 3.08642E-3 1.71629E-3 9.77568E-4
-9999 -9999 -9999 -9999 -9999 -9999 -9999 -9999 -9999 -9999 -9999 -9999 -9999 -9999 -9999 -9999 1.44344E-1 1.61615E-1 1.75729E-1 1.7402E-1 1.29994E-1 2.08881E-1 2.72884E-1 2.58082E-1 3.69693E-1 3.69693E-1 4.09943E-1 4.1908E-1 2.33813E-1 1.21145E-2 1.8906E-2 1.19021E-2 1.65562E-3 1.38927E-3 1.9158E-4 1.98924E-6 1.48616E-6 1.48269E-6 3.46918E-5 6.34495E-5 3.9127E-5 4.72302E-5 1.05805E-4 1.41351E-4 2.54659E-4 9.78199E-4 1.1499E-3 1.24849E-3 1.1364E-3 6.59122E-4 2.7506E-4 1.16054E-4 3.44189E-5 1.07139E-4 6.4859E-4 2.055E-3 3.68592E-3 5.50721E-3 6.19482E-3 4.10992E-3 5.12147E-3 4.43637E-3 5.55188E-3 4.94979E-3 7.17619E-3 7.31923E-3 6.76348E-3 4.46391E-3 3.77035E-3 2.1813E-3
-9999 -9999 -9999 -9999 -9999 -9999 -9999 -9999 -9999 -9999 -9999 -9999 -9999 -9999 -9999 -9999 -9999 -9999 1.64367E-1 1.902E-1 2.18998E-1 2.49351E-1 2.8463E-1 3.30652E-1 3.6688E-1 4.05708E-1 4.17972E-1 4.21609E-1 3.52438E-1 3.45E-1 1.88685E-1 2.42695E-2 1.78287E-4 9.15908E-6 7.17993E-5 1.68194E-6 7.15948E-7 7.17662E-6 3.75241E-5 1.09156E-5 3.9746E-5 1.06115E-4 1.78906E-4 4.33834E-4 1.09101E-3 8.63562E-4 1.16758E-3 1.43491E-3 1.54477E-3 1.49068E-3 1.18532E-3 8.41804E-4 4.19892E-4 2.2062E-4 2.9752E-4 1.57872E-3 3.48974E-3 4.77559E-3 5.73211E-3 6.04504E-3 5.74468E-3 4.64825E-3 2.84821E-3 5.15358E-4 2.94721E-3 6.67871E-3 4.10726E-3 2.9337E-3 2.91686E-3 2.77892E-3
-9999 -9999 -9999 -9999 -9999 -9999 -9999 -9999 -9999 -9999 -9999 -9999 -9999 -9999 -9999 -9999 -9999 -9999 -9999 -9999 1.94084E-1 2.2163E-1 2.60576E-1 2.97437E-1 3.39168E-1 3.74395E-1 4.08214E-1 4.44906E-1 4.61046E-1 4.84128E-1 4.99614E-1 3.58679E-1 1.14699E-1 6.04924E-2 5.92941E-3 3.96018E-4 1.28293E-6 9.32201E-6 5.66494E-6 1.67935E-5 8.8539E-5 1.18358E-4 2.67897E-4 5.54363E-4 7.35115E-4 9.04635E-4 6.84329E-4 7.43187E-4 1.30807E-3 1.61281E-3 1.72518E-3 1.68464E-3 1.44688E-3 1.08757E-3 8.75462E-4 1.55002E-3 1.77461E-3 2.53274E-3 4.04093E-3 5.20928E-3 4.5129E-3 2.22922E-3 5.06754E-4 1.09246E-4 1.02782E-3 4.64825E-3 1.88312E-3 3.45704E-3 4.46391E-3 3.56436E-3
-9999 -9999 -9999 -9999 -9999 -9999 -9999 -9999 -9999 -9999 -9999 -9999 -9999 -9999 -9999 -9999 -9999 -9999 -9999 -9999 -9999 1.91521E-1 2.25621E-1 2.59903E-1 2.92661E-1 3.32326E-1 3.69528E-1 3.99256E-1 4.33333E-1 4.79632E-1 5.14563E-1 5.15418E-1 3.41802E-1 2.42855E-1 2.07647E-1 6.00154E-4 6.07336E-5 1.22815E-5 4.27351E-6 7.87955E-5 8.27192E-5 1.44949E-4 2.37572E-5 2.15124E-4 7.10135E-4 6.66542E-4 6.9514E-4 8.13534E-4 1.26452E-3 1.24796E-3 1.52082E-3 1.95815E-3 2.04476E-3 1.85621E-3 8.79491E-4 5.71218E-4 5.34967E-4 1.7711E-4 1.2206E-3 4.17763E-3 4.5129E-3 3.01554E-3 1.18456E-3 3.64836E-4 7.36029E-4 5.00273E-3 6.28368E-3 4.97637E-3 1.19554E-3 1.25662E-3
-9999 -9999 -9999 -9999 -9999 -9999 -9999 -9999 -9999 -9999 -9999 -9999 -9999 -9999 -9999 -9999 -9999 -9999 -9999 -9999 -9999 -9999 1.88937E-1 2.19836E-1 2.55516E-1 2.84183E-1 3.19019E-1 3.50648E-1 3.86963E-1 4.33606E-1 5.04622E-1 5.39127E-1 5.01321E-1 4.35607E-1 2.28813E-1 6.00002E-3 9.32282E-4 1.56265E-5 1.09842E-4 2.52716E-4 8.89966E-5 1.23823E-4 4.87281E-5 6.89497E-5 7.66019E-5 3.87817E-4 3.78047E-4 6.44893E-4 4.35924E-4 1.12739E-3 1.69552E-3 1.89593E-3 2.40852E-3 2.15406E-3 9.53631E-4 1.92152E-4 1.83188E-4 2.9752E-4 6.59399E-4 2.88431E-3 3.90244E-3 3.70679E-3 2.10104E-3 1.87427E-4 1.35006E-4 2.72583E-3 6.87947E-3 6.09489E-3 1.55263E-3 8.75462E-4
-9999 -9999 -9999 -9999 -9999 -9999 -9999 -9999 -9999 -9999 -9999 -9999 -9999 -9999 -9999 -9999 -9999 -9999 -9999 -9999 -9999 -9999 1.56937E-1 1.82495E-1 2.15501E-1 2.36883E-1 2.66495E-1 3.03336E-1 3.41909E-1 3.79161E-1 4.60994E-1 5.30687E-1 5.4278E-1 4.5489E-1 3.17128E-1 2.06268E-1 2.35334E-2 6.63362E-4 1.05583E-5 1.20256E-3 9.46421E-5 1.63582E-5 4.76393E-5 5.02544E-5 4.05849E-5 8.06855E-5 2.87023E-4 2.93407E-4 1.59516E-4 1.18953E-3 2.06424E-3 2.4372E-3 2.43451E-3 2.06689E-3 1.04983E-3 3.16077E-4 8.02661E-5 7.11572E-5 1.26164E-4 1.09437E-3 2.67985E-3 3.06782E-3 2.96405E-3 1.92623E-3 5.69768E-4 1.30905E-3 6.35162E-3 6.84139E-3 3.76138E-3 1.89655E-3
-9999 -9999 -9999 -9999 -9999 -9999 -9999 -9999 -9999 -9999 -9999 -9999 -9999 -9999 -9999 -9999 -9999 -9999 -9999 -9999 -9999 -9999 -9999 1.48743E-1 1.72829E-1 1.97883E-1 2.23845E-1 2.48133E-1 2.874E-1 3.31435E-1 3.90789E-1 4.91724E-1 5.29049E-1 4.49022E-1 3.41796E-1 1.68997E-1 3.02264E-2 6.31478E-3 3.18694E-3 1.17403E-3 9.13594E-4 4.84866E-5 4.47819E-6 5.5714E-5 5.10718E-5 1.52037E-5 2.87069E-5 2.16526E-4 2.65398E-4 3.97461E-4 7.70716E-4 1.80456E-3 1.85479E-3 2.00521E-3 1.46726E-3 8.55353E-4 3.26214E-4 9.04576E-5 9.25433E-6 7.22795E-5 2.42937E-4 1.07624E-3 2.0621E-3 2.94721E-3 2.13319E-3 2.51178E-3 5.4808E-3 7.23807E-3 5.86235E-3 2.02587E-3
-9999 -9999 -9999 -9999 -9999 -9999 -9999 -9999 -9999 -9999 -9999 -9999 -9999 -9999 -9999 -9999 -9999 -9999 -9999 -9999 -9999 -9999 -9999 1.25343E-1 1.41834E-1 1.57459E-1 1.78963E-1 1.96139E-1 2.31465E-1 2.76253E-1 3.37453E-1 3.98452E-1 4.67969E-1 4.71532E-1 3.71497E-1 2.58155E-1 7.97363E-4 1.11295E-2 6.06135E-2 1.82581E-2 9.9711E-3 7.43314E-4 8.63147E-4 2.31559E-4 3.67489E-5 3.01184E-5 8.89053E-6 4.37493E-5 1.80238E-4 1.8108E-4 4.03223E-4 1.34932E-3 1.31779E-3 1.80299E-3 2.25554E-3 1.95815E-3 1.22375E-3 6.69676E-4 6.22339E-5 1.62634E-5 2.55219E-6 1.4095E-4 1.28331E-3 2.38503E-3 2.1813E-3 1.01871E-3 1.7436E-3 6.40629E-3 7.09325E-3 4.60683E-3
-9999 -9999 -9999 -9999 -9999 -9999 -9999 -9999 -9999 -9999 -9999 -9999 -9999 -9999 -9999 -9999 -9999 -9999 -9999 -9999 -9999 -9999 9.23081E-2 1.04434E-1 1.18871E-1 1.30321E-1 1.42067E-1 1.51183E-1 1.80106E-1 2.24946E-1 2.80891E-1 3.37125E-1 3.75028E-1 4.33786E-1 4.22468E-1 3.19582E-1 5.61984E-2 1.5138E-4 1.15048E-3 8.03853E-3 3.20491E-3 1.29188E-4 3.71232E-4 6.0125E-5 1.66089E-5 3.42913E-5 7.02121E-6 2.53972E-5 7.37206E-5 9.63829E-5 1.67668E-4 5.42434E-4 1.06939E-3 1.40591E-3 1.3036E-3 2.49514E-3 2.20187E-3 1.76726E-3 8.82878E-4 2.3197E-4 1.11763E-4 4.39605E-5 2.75771E-4 1.54529E-3 1.68316E-3 1.92719E-3 1.28167E-3 3.47735E-3 6.39766E-3 6.41573E-3
-9999 -9999 -9999 -9999 -9999 -9999 -9999 -9999 -9999 -9999 -9999 -9999 -9999 -9999 -9999 -9999 -9999 -9999 -9999 -9999 -9999 -9999 7.91364E-2 9.37843E-2 1.03507E-1 1.11237E-1 1.23388E-1 1.28918E-1 1.49195E-1 1.98253E-1 2.39101E-1 2.86872E-1 3.32558E-1 3.63126E-1 3.96602E-1 3.04419E-1 4.25474E-2 6.65178E-3 1.38653E-2 2.16994E-3 8.68142E-4 4.60217E-4 1.68181E-4 1.79002E-3 2.64626E-4 2.25554E-4 6.49781E-5 2.06252E-5 2.07478E-5 2.56948E-5 1.64214E-4 3.28649E-4 2.29944E-4 1.31915E-3 2.43196E-3 2.86517E-3 3.10821E-3 3.12992E-3 2.57595E-3 9.40265E-4 3.5339E-4 3.52812E-4 3.80253E-4 7.76622E-4 6.69676E-4 1.92356E-3 1.91728E-3 9.26391E-4 3.67778E-3 4.02655E-3
-9999 -9999 -9999 -9999 -9999 -9999 -9999 -9999 -9999 -9999 -9999 -9999 -9999 -9999 -9999 -9999 -9999 -9999 -9999 -9999 -9999 -9999 7.07903E-2 8.18436E-2 9.40552E-2 1.04948E-1 1.14015E-1 1.24725E-1 1.44611E-1 1.75689E-1 2.10992E-1 2.54572E-1 2.93425E-1 3.24779E-1 3.53163E-1 3.47774E-1 9.97425E-2 1.12247E-2 1.11792E-2 6.32801E-2 3.21702E-3 6.62521E-4 5.27941E-4 1.37245E-3 5.10939E-5 2.88876E-4 9.36943E-5 4.68506E-5 7.3043E-5 7.26045E-5 8.70658E-5 1.39622E-4 4.52967E-4 6.07789E-4 2.32421E-3 3.56882E-3 3.87043E-3 3.96046E-3 3.55398E-3 1.84762E-3 4.11661E-4 3.87423E-4 3.75775E-4 7.59582E-4 1.18928E-3 1.57916E-3 3.08032E-3 3.27678E-3 4.84676E-3 3.13448E-3
-9999 -9999 -9999 -9999 -9999 -9999 -9999 -9999 -9999 -9999 -9999 -9999 -9999 -9999 -9999 -9999 -9999 -9999 -9999 -9999 -9999 -9999 -9999 -9999 8.84676E-2 9.6681E-2 1.06367E-1 1.2062E-1 1.37159E-1 1.60876E-1 1.9394E-1 2.22079E-1 2.53317E-1 2.88392E-1 3.22726E-1 3.45204E-1 2.79502E-1 1.66982E-1 2.26515E-1 1.50938E-1 1.37551E-2 1.91904E-3 3.61654E-4 4.02461E-3 3.52096E-5 2.73493E-5 8.75651E-5 7.64977E-5 4.90992E-5 1.04836E-4 6.02951E-5 4.96728E-5 2.22943E-4 4.22184E-4 4.98535E-4 2.01284E-3 4.56355E-3 4.61076E-3 4.55531E-3 3.47835E-3 1.94218E-3 1.24536E-3 1.0288E-3 1.17124E-3 1.50124E-3 1.70879E-3 3.13436E-3 4.3877E-3 3.72356E-3 4.92482E-3
-9999 -9999 -9999 -9999 -9999 -9999 -9999 -9999 -9999 -9999 -9999 -9999 -9999 -9999 -9999 -9999 -9999 -9999 -9999 -9999 -9999 -9999 -9999 -9999 8.54108E-2 9.43704E-2 1.03862E-1 1.17801E-1 1.34245E-1 1.53466E-1 1.76672E-1 2.04661E-1 2.2959E-1 2.49436E-1 2.91217E-1 3.30295E-1 3.41156E-1 3.0594E-1 2.48696E-1 2.11496E-1 1.29779E-1 2.39813E-3 1.31307E-4 1.01264E-3 2.95109E-3 9.08511E-5 1.8871E-5 1.12245E-4 2.08986E-4 5.20264E-5 7.40675E-5 6.56957E-5 5.77819E-6 2.24058E-5 4.48856E-5 1.90185E-4 3.72248E-4 2.20754E-3 3.84352E-3 4.1947E-3 3.88787E-3 2.67186E-3 1.80456E-3 6.84329E-4 2.876E-4 5.82236E-4 1.67227E-3 3.21982E-3 4.41824E-3 4.22275E-3
-9999 -9999 -9999 -9999 -9999 -9999 -9999 -9999 -9999 -9999 -9999 -9999 -9999 -9999 -9999 -9999 -9999 -9999 -9999 -9999 -9999 -9999 -9999 -9999 8.44578E-2 9.32406E-2 1.01316E-1 1.12334E-1 1.2679E-1 1.44233E-1 1.62488E-1 1.85208E-1 2.09166E-1 2.25823E-1 2.48737E-1 2.9054E-1 3.27293E-1 3.31181E-1 2.75663E-1 2.23505E-1 1.04608E-1 1.444E-2 2.76476E-3 1.93715E-3 9.92355E-4 1.6291E-3 1.27545E-4 7.62618E-4 6.75076E-4 2.44494E-4 4.56686E-4 7.13821E-5 1.33333E-4 1.37018E-4 2.71013E-4 9.1647E-5 5.61803E-5 3.07121E-4 1.154E-3 2.65601E-3 4.20843E-3 4.23631E-3 1.71393E-3 3.77027E-4 5.83497E-5 6.53774E-5 4.18514E-4 6.75113E-4 1.20735E-3 4.42459E-3
-9999 -9999 -9999 -9999 -9999 -9999 -9999 -9999 -9999 -9999 -9999 -9999 -9999 -9999 -9999 -9999 -9999 -9999 -9999 -9999 -9999 -9999 -9999 -9999 -9999 9.20034E-2 9.63921E-2 1.06004E-1 1.19933E-1 1.32451E-1 -9999 -9999 1.86939E-1 2.06473E-1 2.26826E-1 2.64263E-1 2.86195E-1 3.00681E-1 2.83003E-1 2.4349E-1 1.37227E-1 2.76337E-2 7.40926E-2 6.40974E-2 4.01883E-2 1.15571E-3 3.10642E-4 2.31086E-5 5.47802E-4 6.73108E-4 1.31882E-4 3.27846E-4 1.07806E-4 1.4851E-4 3.3124E-4 4.77248E-4 1.38715E-4 5.22163E-5 4.01694E-4 1.57534E-3 3.6601E-3 5.16715E-3 3.69486E-3 1.56198E-3 5.45959E-4 2.69139E-4 2.06579E-4 4.92418E-5 1.21999E-4 1.33862E-3
-9999 -9999 -9999 -9999 -9999 -9999 -9999 -9999 -9999 -9999 -9999 -9999 -9999 -9999 -9999 -9999 -9999 -9999 -9999 -9999 -9999 -9999 -9999 -9999 -9999 -9999 9.29503E-2 1.03542E-1 1.13322E-1 1.21285E-1 -9999 1.56096E-1 1.70675E-1 1.8594E-1 2.02856E-1 2.22036E-1 2.46827E-1 2.60259E-1 2.65746E-1 2.45689E-1 2.07003E-1 1.88363E-1 1.4402E-1 1.31117E-1 1.0447E-1 4.1682E-2 1.91798E-3 2.73573E-4 3.43931E-4 2.63712E-3 3.1026E-3 8.17239E-4 2.73628E-4 1.63222E-4 7.64232E-4 1.76748E-3 9.69323E-4 2.34741E-4 8.57222E-5 2.34625E-4 1.9652E-3 5.97429E-3 6.31564E-3 4.25839E-3 2.53592E-3 1.32986E-3 9.15817E-4 2.52185E-4 2.3063E-4 1.22247E-3
-9999 -9999 -9999 -9999 -9999 -9999 -9999 -9999 -9999 -9999 -9999 -9999 -9999 -9999 -9999 -9999 -9999 -9999 -9999 -9999 -9999 -9999 -9999 -9999 -9999 -9999 -9999 9.75591E-2 1.07251E-1 1.13322E-1 -9999 -9999 -9999 1.67925E-1 -9999 -9999 -9999 2.13419E-1 2.28282E-1 2.2518E-1 2.08848E-1 1.82064E-1 1.49531E-1 9.08778E-2 9.41223E-2 5.79644E-2 8.38223E-3 5.3836E-3 1.93715E-3 1.67145E-3 8.97436E-3 9.95391E-3 3.90352E-3 1.75889E-3 3.00178E-3 1.96509E-3 7.46084E-4 7.46937E-4 4.70936E-4 1.79855E-4 6.96059E-4 3.45783E-3 6.01147E-3 6.06058E-3 5.09031E-3 3.40478E-3 2.40557E-3 1.92635E-3 1.6852E-3 9.64346E-4
-9999 -9999 -9999 -9999 -9999 -9999 -9999 -9999 -9999 -9999 -9999 -9999 -9999 -9999 -9999 -9999 -9999 -9999 -9999 -9999 -9999 -9999 -9999 -9999 -9999 -9999 -9999 -9999 -9999 -9999 -9999 -9999 -9999 -9999 -9999 -9999 -9999 1.92257E-1 1.92593E-1 2.04537E-1 2.06308E-1 1.87025E-1 1.57526E-1 9.8357E-2 9.20933E-2 6.08756E-2 1.3767E-3 2.76691E-3 2.42112E-3 1.19678E-3 8.57434E-3 1.52112E-2 1.4431E-2 8.63354E-3 2.8071E-3 2.14105E-3 3.04601E-3 7.34382E-4 5.04672E-4 5.61188E-4 1.1878E-3 2.98625E-3 5.20812E-3 5.50361E-3 4.72527E-3 3.98561E-3 3.28959E-3 2.4911E-3 2.3024E-3 1.16039E-3
-9999 -9999 -9999 -9999 -9999 -9999 -9999 -9999 -9999 -9999 -9999 -9999 -9999 -9999 -9999 -9999 -9999 -9999 -9999 -9999 -9999 -9999 -9999 -9999 -9999 -9999 -9999 -9999 -9999 -9999 -9999 -9999 -9999 -9999 -9999 -9999 -9999 -9999 1.78888E-1 1.82311E-1 1.87666E-1 1.86351E-1 1.78349E-1 1.63156E-1 1.27474E-1 1.15314E-1 3.4832E-2 7.94175E-4 1.88143E-3 8.82684E-4 4.72811E-3 6.64973E-3 9.48264E-3 1.61153E-2 1.11513E-2 1.23647E-2 1.07287E-2 1.12387E-2 1.05951E-2 5.35209E-3 1.88358E-3 3.8831E-3 5.08309E-3 3.62245E-3 2.0964E-3 3.13446E-3 4.03172E-3 4.40311E-3 3.59313E-3 2.50249E-3
-9999 -9999 -9999 -9999 -9999 -9999 -9999 -9999 -9999 -9999 -9999 -9999 -9999 -9999 -9999 -9999 -9999 -9999 -9999 -9999 -9999 -9999 -9999 -9999 -9999 -9999 -9999 -9999 -9999 -9999 -9999 -9999 -9999 -9999 -9999 -9999 -9999 -9999 -9999 1.62291E-1 1.62343E-1 1.63391E-1 1.6402E-1 1.63159E-1 1.54304E-1 1.0961E-1 1.02826E-1 1.0221E-2 5.49195E-4 5.47747E-3 8.73563E-3 2.15109E-2 1.37357E-2 1.25903E-2 1.60227E-2 1.71727E-2 1.54739E-2 1.04732E-2 9.49869E-3 8.11475E-3 9.93849E-3 1.67749E-3 3.22207E-3 1.1836E-3 2.07147E-3 2.75578E-3 3.23081E-3 4.8532E-3 4.99636E-3 4.08807E-3
