KUENM/Final_Models/M_0.1_F_lq_Set_2_EC/sp1_se_asia_avg.asc
ncols         320
nrows         243
xllcorner     44.0
yllcorner     -0.666666666666667
cellsize      0.166666666666667
NODATA_value  -9999
[rows 31 to 61 of 243, columns 0 to 69 of 320]
-9999 -9999 -9999 -9999 -9999 -9999 -9999 -9999 -9999 -9999 2.13092E-1 6.90366E-2 1.41966E-3 5.09029E-3 3.23262E-3 6.0846E-3 4.29861E-3 3.70821E-3 5.64208E-4 7.26475E-4 1.90823E-3 1.25075E-3 2.63565E-4 1.87658E-3 2.4658E-3 7.6902E-4 3.13569E-4 3.9626E-5 2.1954E-4 5.73123E-4 1.02922E-3 7.68826E-4 3.42845E-4 3.71497E-4 2.54401E-4 7.86438E-5 3.6901E-5 3.71808E-4 1.63762E-3 3.24214E-3 5.47055E-3 7.42091E-3 1.04353E-2 1.22306E-2 1.34111E-2 1.34846E-2 1.28793E-2 1.22964E-2 1.07636E-2 6.08934E-3 7.74776E-3 8.17014E-3 5.00429E-3 1.00237E-2 1.63429E-2 1.73372E-2 1.85936E-2 1.83808E-2 1.88083E-2 1.88083E-2 1.90251E-2 1.88083E-2 1.81539E-2 1.77417E-2 1.77417E-2 1.77417E-2 1.77417E-2 1.65333E-2 1.69403E-2 1.67446E-2
-9999 -9999 -9999 -9999 -9999 -9999 -9999 -9999 -9999 2.49834E-1 1.76627E-1 1.03741E-1 5.03976E-3 2.55797E-3 4.5262E-3 4.33559E-3 5.83E-3 4.7004E-3 3.29866E-3 4.85463E-4 2.73475E-3 3.89248E-3 1.91837E-3 2.70517E-3 2.59511E-3 1.01102E-3 6.60345E-4 1.07817E-3 6.69018E-4 3.04351E-4 4.90973E-4 3.43787E-4 2.16382E-4 6.13204E-4 5.86466E-4 3.8055E-4 2.7142E-4 3.25428E-4 8.60332E-4 3.49253E-3 1.88764E-3 2.23025E-3 4.68158E-3 1.24512E-2 1.54299E-2 1.54914E-2 1.46264E-2 1.36411E-2 1.31693E-2 1.12325E-2 9.44004E-3 1.04538E-2 1.02045E-2 1.35282E-2 1.71388E-2 1.71388E-2 1.75455E-2 1.81551E-2 1.81551E-2 1.83688E-2 1.83688E-2 1.77519E-2 1.79602E-2 1.79602E-2 1.71457E-2 1.69466E-2 1.65542E-2 1.65542E-2 1.59795E-2 1.56057E-2
-9999 -9999 -9999 -9999 -9999 -9999 -9999 -9999 -9999 2.18599E-1 1.27616E-1 6.78483E-2 1.36207E-2 4.11535E-3 4.00199E-3 2.28899E-3 3.8482E-3 3.37271E-3 2.41136E-3 4.88119E-3 4.50323E-3 1.43371E-3 7.45234E-4 4.75291E-4 1.29106E-3 3.04018E-3 7.05587E-4 5.60204E-4 5.98202E-4 2.8317E-4 1.34462E-4 3.27039E-4 1.33488E-4 4.28662E-4 9.68424E-4 8.47874E-4 5.4789E-4 3.51224E-4 9.33564E-4 1.51385E-3 1.04755E-4 6.40169E-5 6.52937E-4 1.06377E-2 1.7027E-2 1.53151E-2 1.34427E-2 1.33251E-2 1.05504E-2 1.12601E-2 1.35282E-2 1.32096E-2 1.52391E-2 1.69153E-2 1.73206E-2 1.79109E-2 1.77002E-2 1.74914E-2 1.77002E-2 1.77002E-2 1.77002E-2 1.67156E-2 1.48797E-2 1.59649E-2 1.55887E-2 1.48797E-2 1.40259E-2 1.57759E-2 1.63222E-2 1.65179E-2
-9999 -9999 -9999 -9999 -9999 -9999 -9999 -9999 -9999 2.12E-1 1.14489E-1 5.53161E-2 1.45188E-2 5.92518E-3 4.64945E-3 6.8061E-3 4.91732E-3 2.44859E-3 2.74574E-3 1.60668E-3 2.13126E-3 1.94332E-3 1.0993E-3 8.94999E-4 7.29492E-4 1.99824E-4 5.64754E-4 5.74641E-4 2.34734E-4 2.53733E-4 1.24849E-4 1.44783E-4 2.79142E-4 2.59484E-4 4.86345E-4 7.99081E-4 3.04026E-4 1.34367E-4 5.50541E-4 1.24489E-3 2.75305E-4 3.50333E-5 4.41166E-4 5.774E-3 1.69617E-2 1.28793E-2 1.17354E-2 7.12776E-3 2.12477E-3 4.78988E-3 6.16049E-3 5.12808E-3 8.03445E-3 1.25903E-2 1.59364E-2 1.70282E-2 1.72337E-2 1.72337E-2 1.70282E-2 1.70282E-2 1.51876E-2 1.1709E-2 9.73476E-3 8.9067E-3 1.10161E-2 8.67106E-3 6.86001E-3 1.36769E-2 1.66233E-2 1.73757E-2
-9999 -9999 -9999 -9999 -9999 -9999 -9999 -9999 -9999 2.03926E-1 1.46326E-1 6.59448E-2 2.57584E-2 1.21969E-2 5.74156E-3 3.1545E-3 8.09805E-3 3.18536E-3 6.72266E-3 3.31913E-3 2.45572E-3 5.4991E-3 1.29945E-3 2.53377E-3 1.40706E-3 8.89135E-4 2.99936E-5 1.24715E-4 1.75897E-3 2.71772E-4 1.3032E-4 1.14236E-4 2.15049E-4 1.11402E-4 7.23858E-5 2.47041E-4 6.44955E-5 7.31339E-5 2.54798E-4 9.5129E-4 6.9675E-4 1.69227E-4 7.03003E-5 1.16903E-3 7.25318E-3 1.2523E-2 1.3133E-2 8.22672E-3 2.7098E-3 1.85589E-3 2.25551E-3 2.66575E-3 2.44986E-3 3.101E-3 6.21337E-3 1.38168E-2 1.60311E-2 1.54565E-2 1.58376E-2 1.42931E-2 1.07461E-2 5.57953E-3 3.95076E-3 3.14003E-3 4.73304E-3 7.55412E-3 1.19771E-2 1.56461E-2 1.72946E-2 1.70859E-2
-9999 -9999 -9999 -9999 -9999 -9999 -9999 -9999 -9999 -9999 1.88326E-1 8.23158E-2 2.7328E-2 1.7238E-2 4.34077E-3 1.39567E-2 1.21508E-2 7.60647E-3 2.7328E-2 2.05753E-2 1.83992E-2 4.3917E-3 9.23425E-3 3.5126E-3 2.15241E-3 2.60737E-3 6.60646E-4 4.43377E-4 1.93383E-3 2.43835E-3 4.09369E-4 2.05769E-4 1.2215E-4 1.27996E-4 7.11838E-5 1.44781E-4 3.57493E-4 4.00393E-4 6.12304E-4 2.86908E-4 1.31021E-4 3.05651E-4 1.10168E-4 2.62247E-5 1.31261E-4 1.18975E-3 6.02083E-3 1.11958E-2 1.04251E-2 7.78424E-3 6.94472E-3 7.74324E-3 6.36995E-3 3.06239E-3 3.97562E-3 6.92283E-3 6.23276E-3 1.13999E-2 1.18047E-2 1.25237E-2 1.23695E-2 9.61806E-3 7.77209E-3 7.86988E-3 9.7386E-3 1.03544E-2 1.1542E-2 1.38978E-2 1.58774E-2 1.65776E-2
-9999 -9999 -9999 -9999 -9999 -9999 -9999 -9999 -9999 -9999 -9999 1.54772E-1 9.67201E-2 3.2175E-2 8.36146E-3 2.83847E-3 2.0001E-2 2.40529E-2 1.72065E-2 6.96668E-3 7.60647E-3 1.43823E-2 9.1596E-3 2.96235E-2 8.75288E-3 6.8939E-3 4.49928E-3 1.81932E-3 7.58117E-4 2.03575E-3 2.99998E-3 3.53432E-4 3.96423E-4 3.17629E-4 1.15104E-4 1.60933E-4 2.23485E-4 2.11011E-4 3.85125E-4 2.89923E-4 2.47138E-4 1.54939E-4 8.69612E-5 4.81847E-5 1.97969E-5 2.03572E-5 4.28936E-4 3.13267E-3 8.36904E-3 1.09928E-2 1.11431E-2 1.10161E-2 1.07499E-2 9.26676E-3 8.38461E-3 6.23276E-3 3.57225E-3 6.48818E-3 8.70723E-3 1.07117E-2 1.07117E-2 9.26402E-3 9.26402E-3 7.58337E-3 6.66641E-3 8.70723E-3 1.05783E-2 1.19165E-2 1.24801E-2 1.66706E-2
-9999 -9999 -9999 -9999 -9999 -9999 -9999 -9999 -9999 -9999 -9999 -9999 1.03999E-1 8.74387E-2 2.24979E-2 5.61325E-3 4.61669E-3 3.0148E-2 2.63017E-2 3.6788E-2 2.0034E-2 2.11124E-2 2.65949E-2 5.3829E-2 2.65236E-2 2.39416E-2 2.35306E-2 4.52871E-3 7.13812E-4 6.68947E-4 1.17793E-3 2.71772E-4 5.65264E-4 4.34098E-4 1.34115E-4 6.33272E-5 8.89394E-5 1.98883E-4 3.04258E-4 8.68801E-5 4.89309E-5 5.62579E-5 1.54939E-4 2.33884E-4 9.75049E-5 2.31127E-5 2.70839E-5 4.29432E-4 1.85157E-3 4.96872E-3 7.32359E-3 9.37106E-3 8.37468E-3 9.04E-3 9.7386E-3 6.83643E-3 2.38071E-3 1.73989E-3 2.76813E-3 5.70521E-3 8.69865E-3 4.06833E-3 2.61124E-3 2.11302E-3 2.24328E-3 3.5272E-3 1.21172E-2 1.6137E-2 1.63394E-2 1.63394E-2
-9999 -9999 -9999 -9999 -9999 -9999 -9999 -9999 -9999 -9999 -9999 -9999 -9999 1.21005E-1 5.65311E-2 1.99857E-2 1.95236E-2 8.49236E-3 1.06361E-2 7.22048E-2 5.38103E-2 2.7328E-2 7.94748E-2 5.82982E-2 1.49221E-2 4.5602E-3 1.1553E-3 2.90972E-3 5.42249E-3 7.28102E-3 4.14579E-4 6.61288E-5 2.50323E-5 1.44308E-4 1.39835E-4 5.35545E-5 6.28048E-5 4.11937E-5 5.78871E-5 1.02012E-4 7.2618E-5 1.57346E-4 3.44328E-4 4.98653E-4 4.9024E-4 3.69094E-4 2.21851E-4 1.67367E-4 2.75753E-4 4.24367E-4 1.25303E-3 5.71293E-4 1.09134E-3 2.01959E-3 5.17513E-3 8.07607E-3 5.92641E-3 3.89737E-3 2.73312E-3 3.63827E-3 6.1779E-3 7.96953E-3 1.01541E-2 1.20517E-2 9.80771E-3 4.54197E-3 7.30028E-3 1.41015E-2 1.49026E-2 1.38481E-2
-9999 -9999 -9999 -9999 -9999 -9999 -9999 -9999 -9999 -9999 -9999 -9999 1.40524E-1 1.3983E-1 1.34732E-1 1.00551E-1 6.42238E-2 3.95155E-2 2.34131E-2 1.54396E-2 5.04586E-2 1.02368E-1 1.36546E-1 8.9392E-2 1.88697E-2 1.1705E-2 2.75529E-3 6.11563E-2 4.08004E-2 5.09631E-3 2.49703E-3 3.88544E-4 2.12769E-5 1.23072E-4 9.56193E-5 2.15143E-5 3.80836E-5 3.68687E-5 2.69071E-5 3.51511E-5 1.08297E-4 2.9508E-4 3.78838E-4 7.16246E-4 1.10574E-3 1.13118E-3 8.32361E-4 3.76047E-4 2.29229E-4 1.093E-4 2.08685E-4 2.42074E-4 2.66703E-4 3.84722E-4 1.3592E-3 5.39393E-3 7.2069E-3 8.27885E-3 5.86302E-3 4.1911E-3 4.87211E-3 6.59238E-3 1.17494E-2 1.30011E-2 1.15197E-2 5.94542E-3 4.79615E-3 7.96953E-3 7.96953E-3 6.75973E-3
-9999 -9999 -9999 -9999 -9999 -9999 -9999 -9999 -9999 -9999 -9999 -9999 -9999 -9999 -9999 1.4525E-1 8.51421E-2 7.94931E-2 8.6901E-2 2.91964E-2 5.58245E-2 6.23649E-2 9.3454E-2 1.45665E-1 1.43252E-1 4.13149E-2 2.64917E-2 4.89329E-2 8.29928E-2 3.99407E-2 6.08699E-2 1.36902E-2 7.67924E-4 4.05177E-4 1.25612E-4 2.6047E-5 2.13359E-5 7.24763E-5 8.93798E-5 2.84274E-5 4.6793E-5 1.2195E-4 2.56147E-4 4.03667E-4 1.1818E-3 1.54544E-3 1.63912E-3 1.41549E-3 7.31976E-4 2.43873E-4 5.43022E-5 1.20123E-4 3.19214E-4 6.96477E-4 1.32488E-3 3.50534E-3 5.85187E-3 8.58918E-3 9.2308E-3 4.557E-3 6.59238E-3 1.07283E-2 1.3991E-2 1.3991E-2 1.16007E-2 5.94542E-3 6.59238E-3 4.79615E-3 2.74699E-3 1.68038E-3
-9999 -9999 -9999 -9999 -9999 -9999 -9999 -9999 -9999 -9999 -9999 -9999 -9999 -9999 -9999 -9999 1.56892E-1 1.58385E-1 1.60443E-1 1.3962E-1 9.12943E-2 1.55234E-1 2.13524E-1 1.86633E-1 3.05196E-1 2.84826E-1 3.25567E-1 3.31737E-1 1.51209E-1 1.05818E-2 1.5119E-2 1.05092E-2 2.39205E-3 2.09689E-3 5.29433E-4 3.16437E-5 2.6047E-5 2.52887E-5 1.63819E-4 2.38598E-4 1.72176E-4 1.91226E-4 3.21359E-4 3.86266E-4 5.8055E-4 1.59863E-3 1.83136E-3 1.97534E-3 1.84024E-3 1.19197E-3 6.08623E-4 3.22986E-4 1.38158E-4 3.04336E-4 1.19597E-3 3.20474E-3 5.61949E-3 8.58918E-3 9.80771E-3 6.42427E-3 8.25008E-3 7.19274E-3 9.1669E-3 8.04071E-3 1.21987E-2 1.25776E-2 1.13081E-2 7.02632E-3 5.86302E-3 3.41789E-3
-9999 -9999 -9999 -9999 -9999 -9999 -9999 -9999 -9999 -9999 -9999 -9999 -9999 -9999 -9999 -9999 -9999 -9999 1.70892E-1 1.97971E-1 2.15312E-1 2.29878E-1 2.58166E-1 3.07323E-1 3.34074E-1 3.69899E-1 3.56875E-1 3.44615E-1 2.5745E-1 2.46599E-1 1.21007E-1 1.86322E-2 5.24764E-4 8.24475E-5 2.8317E-4 2.94596E-5 1.7823E-5 6.54668E-5 1.76331E-4 8.10752E-5 1.78914E-4 3.33096E-4 4.66294E-4 8.61124E-4 1.7263E-3 1.44785E-3 1.85254E-3 2.20513E-3 2.35751E-3 2.30887E-3 1.91984E-3 1.4546E-3 8.41097E-4 5.16162E-4 6.46862E-4 2.53564E-3 5.32618E-3 7.39362E-3 9.11413E-3 9.77373E-3 9.40563E-3 7.55796E-3 4.5686E-3 1.00229E-3 4.68798E-3 1.13776E-2 6.50838E-3 4.6158E-3 4.54197E-3 4.28035E-3
-9999 -9999 -9999 -9999 -9999 -9999 -9999 -9999 -9999 -9999 -9999 -9999 -9999 -9999 -9999 -9999 -9999 -9999 -9999 -9999 2.08235E-1 2.35489E-1 2.63485E-1 2.91879E-1 3.3691E-1 3.78171E-1 4.1194E-1 4.29341E-1 4.07153E-1 4.32118E-1 4.47667E-1 2.64543E-1 7.4392E-2 4.14221E-2 6.14848E-3 8.7198E-4 2.54036E-5 7.80873E-5 5.72522E-5 1.08081E-4 3.06415E-4 3.6501E-4 6.23467E-4 1.03309E-3 1.27119E-3 1.49601E-3 1.21065E-3 1.29339E-3 2.04596E-3 2.45016E-3 2.61146E-3 2.58278E-3 2.28693E-3 1.80977E-3 1.52017E-3 2.48067E-3 2.81712E-3 3.94723E-3 6.34268E-3 8.35651E-3 7.28612E-3 3.62415E-3 9.89728E-4 3.07457E-4 1.78E-3 7.55796E-3 3.02907E-3 5.42136E-3 7.02632E-3 5.47887E-3
-9999 -9999 -9999 -9999 -9999 -9999 -9999 -9999 -9999 -9999 -9999 -9999 -9999 -9999 -9999 -9999 -9999 -9999 -9999 -9999 -9999 2.15828E-1 2.46721E-1 2.74538E-1 3.09936E-1 3.5836E-1 3.95505E-1 4.26742E-1 4.57807E-1 4.79211E-1 5.02488E-1 4.71565E-1 2.47789E-1 1.66454E-1 1.42906E-1 1.16472E-3 2.5729E-4 9.4182E-5 4.96768E-5 2.91327E-4 2.98307E-4 4.24998E-4 1.28905E-4 5.32031E-4 1.23887E-3 1.18103E-3 1.2214E-3 1.38433E-3 1.97569E-3 1.96512E-3 2.32989E-3 2.91432E-3 3.05746E-3 2.84206E-3 1.51757E-3 1.0743E-3 1.02279E-3 4.38435E-4 2.04051E-3 6.59238E-3 7.28612E-3 4.89002E-3 2.02577E-3 7.60815E-4 1.34175E-3 8.22553E-3 1.05346E-2 7.95689E-3 1.99444E-3 2.0707E-3
-9999 -9999 -9999 -9999 -9999 -9999 -9999 -9999 -9999 -9999 -9999 -9999 -9999 -9999 -9999 -9999 -9999 -9999 -9999 -9999 -9999 -9999 2.20946E-1 2.44611E-1 2.85564E-1 3.21778E-1 3.57467E-1 3.94103E-1 4.31299E-1 4.72976E-1 5.10251E-1 5.09575E-1 4.32849E-1 3.54324E-1 1.58606E-1 6.19608E-3 1.58219E-3 1.10678E-4 3.69213E-4 6.33118E-4 3.15172E-4 3.85471E-4 2.05692E-4 2.51104E-4 2.63408E-4 7.93455E-4 7.75241E-4 1.15333E-3 8.58793E-4 1.79712E-3 2.5291E-3 2.80432E-3 3.48818E-3 3.20589E-3 1.61277E-3 4.66251E-4 4.49937E-4 6.46862E-4 1.21089E-3 4.557E-3 6.26191E-3 6.02354E-3 3.42793E-3 4.5708E-4 3.5931E-4 4.31547E-3 1.14536E-2 9.98435E-3 2.50398E-3 1.52017E-3
-9999 -9999 -9999 -9999 -9999 -9999 -9999 -9999 -9999 -9999 -9999 -9999 -9999 -9999 -9999 -9999 -9999 -9999 -9999 -9999 -9999 -9999 1.99279E-1 2.20157E-1 2.51596E-1 2.81239E-1 3.15976E-1 3.57479E-1 3.97264E-1 4.3936E-1 4.98687E-1 5.45767E-1 5.04371E-1 3.79404E-1 2.35688E-1 1.43996E-1 1.85312E-2 1.24726E-3 8.77246E-5 1.87444E-3 3.30091E-4 1.07955E-4 2.05012E-4 2.0776E-4 1.76967E-4 2.71284E-4 6.38816E-4 6.45458E-4 4.16534E-4 1.86433E-3 2.95203E-3 3.43851E-3 3.48838E-3 3.05855E-3 1.73369E-3 6.75535E-4 2.49624E-4 2.29229E-4 3.42903E-4 1.85315E-3 4.26039E-3 4.95387E-3 4.82689E-3 3.1434E-3 1.08058E-3 2.1671E-3 1.04578E-2 1.12305E-2 5.77814E-3 2.962E-3
-9999 -9999 -9999 -9999 -9999 -9999 -9999 -9999 -9999 -9999 -9999 -9999 -9999 -9999 -9999 -9999 -9999 -9999 -9999 -9999 -9999 -9999 -9999 1.95924E-1 2.18575E-1 2.46492E-1 2.78151E-1 3.05838E-1 3.50155E-1 3.98773E-1 4.52715E-1 5.11636E-1 5.25347E-1 3.7909E-1 2.60336E-1 1.15165E-1 2.2862E-2 6.45682E-3 3.84318E-3 1.84761E-3 1.53615E-3 2.13851E-4 4.90333E-5 2.24497E-4 2.07647E-4 9.51635E-5 1.38273E-4 5.23461E-4 6.00485E-4 8.02685E-4 1.32373E-3 2.63579E-3 2.72283E-3 2.94581E-3 2.28145E-3 1.46586E-3 6.91665E-4 2.71746E-4 6.00971E-5 2.31912E-4 5.54641E-4 1.83001E-3 3.30926E-3 4.68798E-3 3.395E-3 3.96576E-3 8.68292E-3 1.18997E-2 9.1351E-3 3.11323E-3
-9999 -9999 -9999 -9999 -9999 -9999 -9999 -9999 -9999 -9999 -9999 -9999 -9999 -9999 -9999 -9999 -9999 -9999 -9999 -9999 -9999 -9999 -9999 1.7301E-1 1.93474E-1 2.10973E-1 2.33969E-1 2.5529E-1 2.96577E-1 3.43481E-1 4.03967E-1 4.51731E-1 4.8152E-1 4.38257E-1 2.99598E-1 1.89096E-1 1.43188E-3 1.00588E-2 4.39828E-2 1.53725E-2 9.40158E-3 1.32127E-3 1.46045E-3 5.78042E-4 1.71068E-4 1.47311E-4 6.81537E-5 1.80569E-4 4.60769E-4 4.57937E-4 8.11386E-4 2.05766E-3 2.02938E-3 2.6492E-3 3.2429E-3 2.91432E-3 1.96653E-3 1.20627E-3 2.10672E-4 8.62439E-5 2.76849E-5 3.72406E-4 2.11897E-3 3.73204E-3 3.41789E-3 1.72285E-3 2.73293E-3 1.00591E-2 1.11928E-2 6.82161E-3
-9999 -9999 -9999 -9999 -9999 -9999 -9999 -9999 -9999 -9999 -9999 -9999 -9999 -9999 -9999 -9999 -9999 -9999 -9999 -9999 -9999 -9999 1.37014E-1 1.51567E-1 1.68362E-1 1.83976E-1 1.97959E-1 2.0929E-1 2.42518E-1 2.93408E-1 3.50875E-1 4.0018E-1 4.32276E-1 4.35725E-1 3.9348E-1 2.55254E-1 3.95155E-2 4.69885E-4 1.83488E-3 7.8385E-3 3.8577E-3 4.07036E-4 8.11892E-4 2.409E-4 1.05263E-4 1.62395E-4 6.04411E-5 1.29612E-4 2.53557E-4 2.99706E-4 4.34336E-4 1.01173E-3 1.70955E-3 2.13999E-3 2.02152E-3 3.5264E-3 3.20831E-3 2.67782E-3 1.50118E-3 5.36593E-4 3.16912E-4 1.66867E-4 6.09706E-4 2.45574E-3 2.63973E-3 2.97219E-3 2.07345E-3 5.12808E-3 9.61806E-3 9.50244E-3
-9999 -9999 -9999 -9999 -9999 -9999 -9999 -9999 -9999 -9999 -9999 -9999 -9999 -9999 -9999 -9999 -9999 -9999 -9999 -9999 -9999 -9999 1.21112E-1 1.40204E-1 1.52309E-1 1.62269E-1 1.78799E-1 1.86563E-1 2.11752E-1 2.65256E-1 3.09577E-1 3.5623E-1 3.92779E-1 4.11563E-1 4.02799E-1 2.45252E-1 3.08289E-2 6.71497E-3 1.20747E-2 2.8913E-3 1.49202E-3 9.54152E-4 4.80065E-4 2.48734E-3 6.34152E-4 5.62478E-4 2.42898E-4 1.15905E-4 1.1465E-4 1.28954E-4 4.32094E-4 7.00892E-4 5.41134E-4 2.01543E-3 3.3627E-3 3.91539E-3 4.26602E-3 4.3644E-3 3.70078E-3 1.57397E-3 7.33994E-4 7.33416E-4 7.76263E-4 1.35784E-3 1.20627E-3 2.94323E-3 2.91238E-3 1.56316E-3 5.29068E-3 5.72986E-3
-9999 -9999 -9999 -9999 -9999 -9999 -9999 -9999 -9999 -9999 -9999 -9999 -9999 -9999 -9999 -9999 -9999 -9999 -9999 -9999 -9999 -9999 1.13028E-1 1.27034E-1 1.42112E-1 1.55582E-1 1.68889E-1 1.82168E-1 2.07049E-1 2.43186E-1 2.83003E-1 3.23848E-1 3.55459E-1 3.79234E-1 3.92685E-1 3.13298E-1 6.90586E-2 1.01237E-2 1.01296E-2 4.64308E-2 3.86905E-3 1.23086E-3 1.04398E-3 2.04756E-3 2.19193E-4 6.72462E-4 3.1265E-4 1.97102E-4 2.5938E-4 2.55554E-4 2.84616E-4 3.87306E-4 8.86384E-4 1.1019E-3 3.19126E-3 4.65996E-3 5.08073E-3 5.26431E-3 4.84958E-3 2.73208E-3 8.22817E-4 7.86272E-4 7.68512E-4 1.32593E-3 1.91421E-3 2.42678E-3 4.43649E-3 4.696E-3 6.82857E-3 4.45164E-3
-9999 -9999 -9999 -9999 -9999 -9999 -9999 -9999 -9999 -9999 -9999 -9999 -9999 -9999 -9999 -9999 -9999 -9999 -9999 -9999 -9999 -9999 -9999 -9999 1.35951E-1 1.48279E-1 1.60636E-1 1.77826E-1 1.99315E-1 2.28278E-1 2.63747E-1 2.93591E-1 3.25794E-1 3.47773E-1 3.67295E-1 3.48353E-1 2.31556E-1 1.23232E-1 1.83726E-1 1.15272E-1 1.21182E-2 2.63583E-3 8.07999E-4 4.60086E-3 1.76177E-4 1.48082E-4 3.0388E-4 2.74554E-4 2.04163E-4 3.3008E-4 2.27079E-4 1.98589E-4 5.37544E-4 8.43723E-4 9.5129E-4 2.81862E-3 5.75689E-3 5.9076E-3 5.90918E-3 4.68568E-3 2.81917E-3 1.9531E-3 1.67749E-3 1.86487E-3 2.29404E-3 2.57562E-3 4.40946E-3 6.04714E-3 5.17311E-3 6.75049E-3
-9999 -9999 -9999 -9999 -9999 -9999 -9999 -9999 -9999 -9999 -9999 -9999 -9999 -9999 -9999 -9999 -9999 -9999 -9999 -9999 -9999 -9999 -9999 -9999 1.34056E-1 1.45711E-1 1.59649E-1 1.76731E-1 1.96259E-1 2.18382E-1 2.46678E-1 2.74137E-1 3.00683E-1 3.22207E-1 3.46988E-1 3.56704E-1 3.38451E-1 2.7964E-1 2.10811E-1 1.76201E-1 1.01034E-1 3.10748E-3 4.17017E-4 1.6531E-3 3.62695E-3 3.20098E-4 1.18027E-4 3.58068E-4 5.35205E-4 2.13239E-4 2.6496E-4 2.42163E-4 5.32456E-5 1.19679E-4 1.8407E-4 4.7967E-4 7.69456E-4 3.03706E-3 4.92944E-3 5.44851E-3 5.1436E-3 3.68615E-3 2.63579E-3 1.21065E-3 6.31738E-4 1.06925E-3 2.48857E-3 4.41945E-3 5.95E-3 5.69044E-3
-9999 -9999 -9999 -9999 -9999 -9999 -9999 -9999 -9999 -9999 -9999 -9999 -9999 -9999 -9999 -9999 -9999 -9999 -9999 -9999 -9999 -9999 -9999 -9999 1.34487E-1 1.47704E-1 1.58551E-1 1.72649E-1 1.90382E-1 2.08858E-1 2.29918E-1 2.5517E-1 2.81245E-1 2.97134E-1 3.18493E-1 3.36707E-1 3.30984E-1 3.37347E-1 2.54596E-1 1.93665E-1 7.89735E-2 1.26396E-2 3.45276E-3 2.64967E-3 1.62812E-3 2.32545E-3 3.98522E-4 1.3355E-3 1.21846E-3 5.97572E-4 9.1611E-4 2.60652E-4 3.88301E-4 3.93047E-4 6.22227E-4 2.95756E-4 2.13071E-4 6.72038E-4 1.79687E-3 3.55055E-3 5.36741E-3 5.44092E-3 2.49635E-3 7.72491E-4 2.11008E-4 2.27792E-4 8.33606E-4 1.19488E-3 1.88532E-3 5.83666E-3
-9999 -9999 -9999 -9999 -9999 -9999 -9999 -9999 -9999 -9999 -9999 -9999 -9999 -9999 -9999 -9999 -9999 -9999 -9999 -9999 -9999 -9999 -9999 -9999 -9999 1.47912E-1 1.54646E-1 1.65594E-1 1.82927E-1 1.96451E-1 -9999 -9999 2.56879E-1 2.75878E-1 2.95171E-1 3.17105E-1 3.23471E-1 3.1638E-1 2.86864E-1 2.22967E-1 1.08384E-1 2.19905E-2 5.74824E-2 5.07732E-2 3.23904E-2 1.81922E-3 7.26591E-4 1.37534E-4 1.06097E-3 1.22079E-3 3.99915E-4 7.29833E-4 3.43744E-4 4.20999E-4 7.23294E-4 9.32283E-4 3.93587E-4 2.06162E-4 8.16757E-4 2.28918E-3 4.64503E-3 6.38247E-3 4.74731E-3 2.29778E-3 1.01691E-3 6.06808E-4 5.03198E-4 1.91103E-4 3.50133E-4 2.03782E-3
-9999 -9999 -9999 -9999 -9999 -9999 -9999 -9999 -9999 -9999 -9999 -9999 -9999 -9999 -9999 -9999 -9999 -9999 -9999 -9999 -9999 -9999 -9999 -9999 -9999 -9999 1.5065E-1 1.62817E-1 1.75624E-1 1.84406E-1 -9999 2.23388E-1 2.38179E-1 2.53301E-1 2.72399E-1 2.87811E-1 2.98718E-1 3.01461E-1 2.79217E-1 2.46317E-1 1.89318E-1 1.73722E-1 1.2531E-1 1.14945E-1 8.88362E-2 3.36638E-2 2.6299E-3 6.71983E-4 7.78065E-4 3.33001E-3 3.77364E-3 1.4016E-3 6.50285E-4 4.55913E-4 1.32063E-3 2.4665E-3 1.56653E-3 5.68002E-4 2.8657E-4 5.61359E-4 2.72275E-3 7.12639E-3 7.57284E-3 5.32798E-3 3.40881E-3 2.01463E-3 1.50461E-3 5.81914E-4 5.4642E-4 1.88547E-3
-9999 -9999 -9999 -9999 -9999 -9999 -9999 -9999 -9999 -9999 -9999 -9999 -9999 -9999 -9999 -9999 -9999 -9999 -9999 -9999 -9999 -9999 -9999 -9999 -9999 -9999 -9999 1.55991E-1 1.66992E-1 1.75624E-1 -9999 -9999 -9999 2.3299E-1 -9999 -9999 -9999 2.7693E-1 2.6811E-1 2.25173E-1 2.00249E-1 1.69203E-1 1.30765E-1 7.26303E-2 7.66172E-2 4.5882E-2 8.14413E-3 5.74396E-3 2.64967E-3 2.37536E-3 8.71751E-3 9.57464E-3 4.51237E-3 2.45317E-3 3.69867E-3 2.66939E-3 1.29697E-3 1.29509E-3 9.26095E-4 4.74615E-4 1.2238E-3 4.31114E-3 7.09699E-3 7.20447E-3 6.20117E-3 4.33846E-3 3.24092E-3 2.70263E-3 2.42434E-3 1.5622E-3
-9999 -9999 -9999 -9999 -9999 -9999 -9999 -9999 -9999 -9999 -9999 -9999 -9999 -9999 -9999 -9999 -9999 -9999 -9999 -9999 -9999 -9999 -9999 -9999 -9999 -9999 -9999 -9999 -9999 -9999 -9999 -9999 -9999 -9999 -9999 -9999 -9999 2.54221E-1 2.5194E-1 2.42071E-1 2.18064E-1 1.86224E-1 1.43606E-1 7.82426E-2 7.43475E-2 4.76498E-2 2.08261E-3 3.45737E-3 3.1299E-3 1.87448E-3 8.31568E-3 1.34598E-2 1.30137E-2 8.54703E-3 3.49856E-3 2.8461E-3 3.74821E-3 1.28505E-3 9.79121E-4 1.05294E-3 1.82404E-3 3.78143E-3 6.11446E-3 6.47365E-3 5.67894E-3 4.92114E-3 4.17504E-3 3.31161E-3 3.10584E-3 1.79809E-3
-9999 -9999 -9999 -9999 -9999 -9999 -9999 -9999 -9999 -9999 -9999 -9999 -9999 -9999 -9999 -9999 -9999 -9999 -9999 -9999 -9999 -9999 -9999 -9999 -9999 -9999 -9999 -9999 -9999 -9999 -9999 -9999 -9999 -9999 -9999 -9999 -9999 -9999 2.31444E-1 2.34655E-1 2.24735E-1 2.1147E-1 1.93117E-1 1.67832E-1 1.12465E-1 9.85433E-2 2.73799E-2 1.41874E-3 2.60884E-3 1.51854E-3 5.18295E-3 6.77085E-3 9.04965E-3 1.43516E-2 1.06236E-2 1.18096E-2 1.05983E-2 1.12372E-2 1.08322E-2 6.00575E-3 2.59121E-3 4.65791E-3 5.88021E-3 4.44165E-3 2.84053E-3 3.95989E-3 4.93168E-3 5.34415E-3 4.49082E-3 3.30792E-3
-9999 -9999 -9999 -9999 -9999 -9999 -9999 -9999 -9999 -9999 -9999 -9999 -9999 -9999 -9999 -9999 -9999 -9999 -9999 -9999 -9999 -9999 -9999 -9999 -9999 -9999 -9999 -9999 -9999 -9999 -9999 -9999 -9999 -9999 -9999 -9999 -9999 -9999 -9999 2.20289E-1 2.18013E-1 2.1209E-1 2.08099E-1 1.87183E-1 1.58866E-1 9.22031E-2 8.54079E-2 9.46507E-3 1.1057E-3 5.79168E-3 8.34776E-3 1.76441E-2 1.2234E-2 1.15141E-2 1.43922E-2 1.56603E-2 1.44624E-2 1.04053E-2 9.65893E-3 8.50613E-3 1.03166E-2 2.3688E-3 3.97253E-3 1.81914E-3 2.80008E-3 3.52904E-3 4.03214E-3 5.75399E-3 5.92468E-3 4.9839E-3
