KUENM/Final_Models/M_0.1_F_lq_Set_2_EC/sp1_se_asia_max.asc
ncols         320
nrows         243
xllcorner     44.0
yllcorner     -0.666666666666667
cellsize      0.166666666666667
NODATA_value  -9999
[rows 62 to 92 of 243, columns 140 to 209 of 320]
1.89617E-1 1.72444E-1 1.6428E-1 1.703E-1 1.85369E-1 2.35665E-1 2.98159E-1 3.00824E-1 2.78903E-1 2.92595E-1 3.05454E-1 3.02325E-1 3.34919E-1 3.47351E-1 3.54365E-1 3.67033E-1 3.7636E-1 3.68228E-1 3.76936E-1 3.47586E-1 2.89865E-1 2.37337E-1 2.16294E-1 2.11547E-1 2.12447E-1 2.15617E-1 2.1087E-1 2.11547E-1 2.16294E-1 2.23106E-1 2.41031E-1 2.5277E-1 2.73036E-1 2.88451E-1 2.97101E-1 2.99669E-1 2.9352E-1 2.81384E-1 2.80144E-1 3.04689E-1 3.32749E-1 3.6062E-1 3.93378E-1 4.27957E-1 4.62895E-1 4.90353E-1 5.20755E-1 5.53082E-1 5.79369E-1 5.95215E-1 6.0481E-1 6.15932E-1 6.45457E-1 6.57308E-1 6.49901E-1 6.50538E-1 6.65289E-1 6.6096E-1 5.6705E-1 4.6484E-1 4.71784E-1 3.47482E-1 2.39288E-1 1.96515E-1 2.02222E-1 1.16367E-1 5.79567E-2 1.56183E-2 3.08095E-3 1.69186E-4
2.11466E-1 1.54207E-1 1.47461E-1 1.53753E-1 1.61508E-1 1.85598E-1 2.85468E-1 2.83837E-1 2.80772E-1 2.97643E-1 2.9449E-1 3.05773E-1 3.18743E-1 3.33731E-1 3.46187E-1 3.71307E-1 3.45136E-1 3.51059E-1 3.80355E-1 3.56104E-1 2.79509E-1 2.29158E-1 2.08406E-1 2.06844E-1 2.05286E-1 2.09974E-1 2.09974E-1 2.08835E-1 2.15131E-1 2.23261E-1 2.44453E-1 2.59269E-1 2.77889E-1 2.93311E-1 3.04009E-1 3.02307E-1 2.9333E-1 2.70288E-1 2.69346E-1 2.99251E-1 3.25728E-1 3.57263E-1 3.83249E-1 4.18586E-1 4.49363E-1 4.70529E-1 4.96963E-1 5.30732E-1 5.6952E-1 6.09184E-1 6.32721E-1 6.24741E-1 6.42113E-1 6.63481E-1 6.66586E-1 6.66475E-1 6.67841E-1 6.61631E-1 6.24648E-1 5.73587E-1 5.22417E-1 3.81281E-1 2.28577E-1 1.76642E-1 1.97679E-1 1.63529E-1 1.10767E-1 6.58678E-2 2.77305E-2 7.13246E-3
1.95376E-1 1.41963E-1 1.38484E-1 1.40687E-1 1.44132E-1 1.66013E-1 2.32824E-1 2.87259E-1 3.14541E-1 3.26794E-1 3.02794E-1 3.06708E-1 3.13941E-1 3.22849E-1 3.23149E-1 3.10976E-1 2.97085E-1 3.01929E-1 3.14421E-1 2.93637E-1 2.5566E-1 2.2269E-1 2.03733E-1 1.99107E-1 2.00644E-1 2.02186E-1 2.04166E-1 2.08835E-1 2.153E-1 2.26361E-1 2.42637E-1 2.58768E-1 2.79017E-1 2.92679E-1 3.01929E-1 3.01929E-1 2.91905E-1 2.86405E-1 2.92711E-1 3.10976E-1 3.37805E-1 3.62276E-1 3.91586E-1 4.17064E-1 4.3994E-1 4.63404E-1 4.80038E-1 5.14967E-1 5.57424E-1 6.00302E-1 6.26359E-1 6.13574E-1 6.30666E-1 6.60611E-1 6.69434E-1 6.69759E-1 6.67097E-1 6.61387E-1 6.47141E-1 6.07265E-1 5.32117E-1 4.03188E-1 2.73674E-1 2.02939E-1 2.17783E-1 1.97679E-1 1.64545E-1 1.28641E-1 9.69527E-2 4.64359E-2
1.78854E-1 1.3598E-1 1.32278E-1 1.31057E-1 1.35653E-1 1.65187E-1 2.03075E-1 2.89241E-1 3.08597E-1 3.15459E-1 3.06921E-1 3.22021E-1 3.14588E-1 3.09391E-1 2.85524E-1 2.54247E-1 2.52578E-1 2.50913E-1 2.47769E-1 2.34456E-1 2.19483E-1 2.03733E-1 1.97576E-1 1.91505E-1 1.91946E-1 1.96488E-1 2.01272E-1 2.07457E-1 2.15214E-1 2.22785E-1 2.37293E-1 2.51343E-1 2.7138E-1 2.83224E-1 2.96109E-1 3.03656E-1 3.09212E-1 3.14485E-1 3.22959E-1 3.38143E-1 3.56496E-1 3.79021E-1 3.98386E-1 4.25093E-1 4.46331E-1 4.63543E-1 4.83137E-1 5.15479E-1 5.43731E-1 5.73441E-1 6.00302E-1 6.14139E-1 6.37395E-1 6.58614E-1 6.6949E-1 6.72203E-1 6.70609E-1 6.69009E-1 6.60115E-1 6.20066E-1 5.2038E-1 4.09165E-1 3.23649E-1 2.78475E-1 2.80078E-1 2.70539E-1 2.36211E-1 2.15032E-1 2.04405E-1 1.23633E-1
1.4156E-1 1.3598E-1 1.38484E-1 1.33505E-1 1.37229E-1 1.64682E-1 2.24105E-1 2.74606E-1 3.10571E-1 3.05782E-1 2.95065E-1 2.78872E-1 2.80331E-1 2.64693E-1 2.31332E-1 2.06518E-1 2.03447E-1 2.02459E-1 1.99692E-1 1.88946E-1 1.84044E-1 1.78181E-1 1.84044E-1 1.83014E-1 1.85968E-1 1.90652E-1 1.96688E-1 2.02757E-1 2.11741E-1 2.22785E-1 2.366E-1 2.51343E-1 2.6022E-1 2.76954E-1 2.93442E-1 3.04704E-1 3.21373E-1 3.37145E-1 3.54529E-1 3.61309E-1 3.79821E-1 3.96872E-1 4.16252E-1 4.41315E-1 4.63543E-1 4.78691E-1 4.94762E-1 5.27379E-1 5.53507E-1 5.67386E-1 5.87982E-1 6.1327E-1 6.42264E-1 6.61145E-1 6.6247E-1 6.56558E-1 6.66892E-1 6.68589E-1 6.71999E-1 6.04635E-1 5.0621E-1 4.20988E-1 3.85689E-1 3.66902E-1 3.59551E-1 3.76658E-1 3.67283E-1 3.67283E-1 3.09025E-1 2.09964E-1
1.44536E-1 1.43573E-1 1.4229E-1 1.46158E-1 1.60854E-1 2.06242E-1 2.8831E-1 3.27782E-1 3.17107E-1 2.85666E-1 2.53897E-1 2.38224E-1 2.23745E-1 2.06518E-1 1.93613E-1 1.80409E-1 1.71082E-1 1.68676E-1 1.66065E-1 1.61876E-1 1.61185E-1 1.68156E-1 1.74294E-1 1.74524E-1 1.81766E-1 1.8765E-1 1.95136E-1 2.02459E-1 2.13305E-1 2.23745E-1 2.32416E-1 2.48659E-1 2.61883E-1 2.76954E-1 2.96859E-1 3.16768E-1 3.33086E-1 3.61247E-1 3.80089E-1 3.88864E-1 3.98958E-1 4.1696E-1 4.39116E-1 4.67908E-1 4.90443E-1 5.07427E-1 5.23465E-1 5.50938E-1 5.68598E-1 5.75699E-1 5.82517E-1 6.1327E-1 6.47203E-1 6.64558E-1 6.58807E-1 6.47856E-1 6.6196E-1 6.6515E-1 6.71359E-1 6.54506E-1 5.85872E-1 5.03045E-1 4.54562E-1 4.30746E-1 4.07507E-1 4.20673E-1 4.48843E-1 4.75217E-1 3.80056E-1 2.46092E-1
1.54988E-1 1.46158E-1 1.54076E-1 1.67792E-1 1.98561E-1 2.74798E-1 3.94009E-1 4.1711E-1 3.34697E-1 2.63271E-1 2.22854E-1 1.9844E-1 1.82484E-1 1.72756E-1 1.68236E-1 1.59449E-1 1.4676E-1 1.48056E-1 1.47072E-1 1.5113E-1 1.53733E-1 1.59135E-1 1.67434E-1 1.73093E-1 1.80306E-1 1.8765E-1 1.94864E-1 2.02459E-1 2.09608E-1 2.19692E-1 2.34024E-1 2.50302E-1 2.63548E-1 2.80326E-1 3.01993E-1 3.19151E-1 3.30572E-1 3.58083E-1 3.87916E-1 4.05332E-1 4.18949E-1 4.42951E-1 4.68829E-1 5.04651E-1 5.37561E-1 5.52194E-1 5.57424E-1 5.75699E-1 5.92213E-1 5.91797E-1 5.78808E-1 6.11841E-1 6.48813E-1 6.58086E-1 6.53198E-1 6.50873E-1 6.47856E-1 6.7182E-1 6.71796E-1 6.72363E-1 6.49489E-1 5.92915E-1 5.21021E-1 4.83421E-1 4.29129E-1 3.99414E-1 4.20988E-1 4.33968E-1 3.39948E-1 2.11459E-1
1.59073E-1 1.5141E-1 1.60854E-1 1.79214E-1 2.14046E-1 2.95262E-1 4.21924E-1 4.20323E-1 3.01846E-1 2.30577E-1 1.92275E-1 1.74566E-1 1.66584E-1 1.60398E-1 1.57343E-1 1.49438E-1 1.44976E-1 1.42912E-1 1.44188E-1 1.47072E-1 1.52455E-1 1.57821E-1 1.64675E-1 1.68864E-1 1.78636E-1 1.84457E-1 1.92859E-1 2.03447E-1 2.13433E-1 2.22848E-1 2.37252E-1 2.51947E-1 2.68559E-1 2.80505E-1 3.02458E-1 3.22884E-1 3.29719E-1 3.53434E-1 3.87916E-1 4.11953E-1 4.36829E-1 4.70885E-1 5.07195E-1 5.46566E-1 5.84874E-1 6.05106E-1 5.97327E-1 6.12393E-1 6.20205E-1 6.20162E-1 6.18592E-1 6.36002E-1 6.51111E-1 6.34789E-1 6.40491E-1 6.64333E-1 6.64777E-1 6.71869E-1 6.72574E-1 6.71899E-1 6.62826E-1 6.44131E-1 5.79271E-1 5.16498E-1 4.46383E-1 3.85013E-1 3.89749E-1 3.92891E-1 3.11963E-1 2.08544E-1
1.99543E-1 1.53753E-1 1.64682E-1 1.76016E-1 2.04423E-1 2.44469E-1 2.84887E-1 2.62525E-1 2.06675E-1 1.78025E-1 1.59073E-1 1.52992E-1 1.47475E-1 1.47475E-1 1.48539E-1 1.49438E-1 1.437E-1 1.41167E-1 1.44188E-1 1.4547E-1 1.50996E-1 1.5632E-1 1.61748E-1 1.68676E-1 1.75332E-1 1.83994E-1 1.92124E-1 2.04182E-1 2.19692E-1 2.32416E-1 2.4212E-1 2.55248E-1 2.68559E-1 2.88787E-1 3.07548E-1 3.4677E-1 3.62027E-1 3.83546E-1 4.06992E-1 4.30312E-1 4.61742E-1 5.03023E-1 5.40186E-1 5.8265E-1 6.12393E-1 6.31369E-1 6.34055E-1 6.37509E-1 6.44246E-1 6.42976E-1 6.50275E-1 6.57665E-1 6.62285E-1 6.54435E-1 6.58303E-1 6.65389E-1 6.71189E-1 6.71134E-1 6.7339E-1 6.73628E-1 6.71899E-1 6.51171E-1 5.90192E-1 5.44515E-1 4.78024E-1 4.22159E-1 4.17518E-1 4.22305E-1 3.91375E-1 3.17856E-1
2.07805E-1 1.56446E-1 1.60535E-1 1.68485E-1 1.77063E-1 1.87342E-1 1.9033E-1 1.67077E-1 1.44947E-1 1.37987E-1 1.36728E-1 1.36106E-1 1.39196E-1 1.41143E-1 1.44701E-1 1.46854E-1 1.41766E-1 1.437E-1 1.4243E-1 1.48056E-1 1.5632E-1 1.61748E-1 1.66885E-1 1.70459E-1 1.77537E-1 1.8769E-1 1.98112E-1 2.13433E-1 2.26021E-1 2.37252E-1 2.55248E-1 2.65216E-1 2.7983E-1 2.9003E-1 3.00281E-1 3.34606E-1 3.7716E-1 4.09568E-1 4.36738E-1 4.61742E-1 4.91052E-1 5.25989E-1 5.61002E-1 5.99561E-1 6.25518E-1 6.43698E-1 6.47712E-1 6.47318E-1 6.49901E-1 6.51174E-1 6.51249E-1 6.6277E-1 6.69434E-1 6.71134E-1 6.72329E-1 6.71635E-1 6.69175E-1 6.67563E-1 6.73148E-1 6.73511E-1 6.59221E-1 6.44021E-1 6.13534E-1 5.85986E-1 5.22248E-1 4.76532E-1 4.80022E-1 4.99159E-1 4.71474E-1 4.13277E-1
2.19442E-1 1.56912E-1 1.57399E-1 1.58275E-1 1.58275E-1 1.55556E-1 1.50198E-1 1.37278E-1 1.27444E-1 1.22169E-1 1.21003E-1 1.27504E-1 1.30465E-1 1.34995E-1 1.37434E-1 1.38436E-1 1.40511E-1 1.41167E-1 1.47549E-1 1.54635E-1 1.58661E-1 1.68278E-1 1.71862E-1 1.73828E-1 1.82392E-1 1.89683E-1 2.05711E-1 2.21268E-1 2.37252E-1 2.57979E-1 2.74754E-1 2.84923E-1 3.00203E-1 3.05383E-1 3.07477E-1 3.24425E-1 3.87916E-1 4.39926E-1 4.63468E-1 4.84265E-1 5.09345E-1 5.41918E-1 5.76484E-1 6.04437E-1 6.27025E-1 6.43698E-1 6.44975E-1 6.42081E-1 6.45186E-1 6.46681E-1 6.54767E-1 6.55576E-1 6.67714E-1 6.71168E-1 6.61659E-1 6.57817E-1 6.59274E-1 6.65842E-1 6.72605E-1 6.64011E-1 6.31973E-1 6.38243E-1 6.14303E-1 5.83739E-1 5.64234E-1 5.39426E-1 5.32411E-1 5.7604E-1 5.43689E-1 4.89239E-1
1.93659E-1 1.57705E-1 1.52864E-1 1.52298E-1 1.46998E-1 1.41807E-1 1.36106E-1 1.34231E-1 1.2932E-1 1.23925E-1 1.21575E-1 1.23925E-1 1.30465E-1 1.32581E-1 1.32581E-1 1.37202E-1 1.41766E-1 1.437E-1 1.46259E-1 1.58101E-1 1.66284E-1 1.69625E-1 1.72756E-1 1.85292E-1 1.91158E-1 2.01626E-1 2.12336E-1 2.35636E-1 2.59645E-1 2.78136E-1 2.9515E-1 3.09871E-1 3.19228E-1 3.2485E-1 3.35279E-1 3.68352E-1 4.23824E-1 4.61938E-1 4.81453E-1 4.98694E-1 5.2277E-1 5.48753E-1 5.72102E-1 5.98579E-1 6.18371E-1 6.29749E-1 6.30246E-1 6.33907E-1 6.37077E-1 6.49258E-1 6.49599E-1 6.58718E-1 6.67398E-1 6.64437E-1 6.4618E-1 6.30775E-1 6.52257E-1 6.68047E-1 6.68398E-1 6.55487E-1 6.56316E-1 6.49152E-1 6.1268E-1 5.94099E-1 5.91077E-1 5.91077E-1 5.77128E-1 5.84812E-1 5.72308E-1 5.32611E-1
1.7897E-1 1.61173E-1 1.5364E-1 1.47672E-1 1.43754E-1 1.40472E-1 1.37928E-1 1.38627E-1 1.41755E-1 1.42393E-1 1.32377E-1 1.32924E-1 1.32924E-1 1.34995E-1 1.38664E-1 1.41143E-1 1.40922E-1 1.46854E-1 1.49438E-1 1.64905E-1 1.7897E-1 1.79828E-1 1.89963E-1 2.01626E-1 2.01626E-1 2.13433E-1 2.30811E-1 2.56315E-1 2.82422E-1 3.0885E-1 3.22586E-1 3.32297E-1 3.43466E-1 3.49156E-1 3.66407E-1 3.95626E-1 4.31924E-1 4.58694E-1 4.81202E-1 5.06016E-1 5.21451E-1 5.45293E-1 5.64354E-1 5.87066E-1 6.08811E-1 6.24384E-1 6.28786E-1 6.3887E-1 6.45338E-1 6.50396E-1 6.51309E-1 6.62758E-1 6.62841E-1 6.5847E-1 6.2667E-1 6.29977E-1 6.48145E-1 6.6437E-1 6.54637E-1 6.4619E-1 6.5752E-1 6.57124E-1 6.38269E-1 6.04087E-1 5.81263E-1 5.87633E-1 5.73457E-1 5.59131E-1 5.55363E-1 5.45964E-1
1.67999E-1 1.61173E-1 1.56319E-1 1.56319E-1 1.50125E-1 1.4618E-1 1.44911E-1 1.4618E-1 1.5113E-1 1.47475E-1 1.41755E-1 1.39196E-1 1.36666E-1 1.40472E-1 1.43648E-1 1.44341E-1 1.44911E-1 1.54682E-1 1.66284E-1 1.90371E-1 2.09608E-1 2.07717E-1 2.08441E-1 2.06406E-1 2.1253E-1 2.27614E-1 2.46398E-1 2.79596E-1 3.12301E-1 3.45194E-1 3.5514E-1 3.66618E-1 3.65835E-1 3.71553E-1 3.88569E-1 4.09013E-1 4.38334E-1 4.53537E-1 4.88451E-1 5.12303E-1 5.30324E-1 5.49767E-1 5.64354E-1 5.83766E-1 6.06459E-1 6.28619E-1 6.37201E-1 6.43486E-1 6.50643E-1 6.59376E-1 6.59474E-1 6.65954E-1 6.63675E-1 6.58693E-1 6.37695E-1 6.32266E-1 6.50138E-1 6.63776E-1 6.52422E-1 6.355E-1 6.50612E-1 6.61E-1 6.60855E-1 6.18176E-1 5.7965E-1 5.38212E-1 5.18896E-1 5.2706E-1 5.30469E-1 5.42503E-1
1.73124E-1 1.65352E-1 1.64606E-1 1.61747E-1 1.59055E-1 1.60029E-1 1.57718E-1 1.55505E-1 1.60398E-1 1.5146E-1 1.47475E-1 1.4618E-1 1.48797E-1 1.48797E-1 1.50927E-1 1.49596E-1 1.52801E-1 1.61747E-1 1.79637E-1 2.01919E-1 2.23269E-1 2.36473E-1 2.38125E-1 2.22784E-1 2.26431E-1 2.37252E-1 2.51343E-1 2.79017E-1 3.19228E-1 3.69839E-1 4.02003E-1 3.98661E-1 3.91944E-1 3.93628E-1 4.05332E-1 4.2503E-1 4.50952E-1 4.6783E-1 4.97287E-1 5.19945E-1 5.31776E-1 5.52048E-1 5.62267E-1 5.87066E-1 6.13641E-1 6.34055E-1 6.43698E-1 6.4685E-1 6.57328E-1 6.65775E-1 6.67988E-1 6.70527E-1 6.7025E-1 6.68392E-1 6.57791E-1 6.50138E-1 6.61396E-1 6.67511E-1 6.55065E-1 6.33346E-1 6.32224E-1 6.22851E-1 6.00701E-1 5.96002E-1 5.86028E-1 5.49541E-1 5.15754E-1 5.18175E-1 5.14535E-1 5.22946E-1
1.76014E-1 1.76014E-1 1.73719E-1 1.67203E-1 1.71862E-1 1.76109E-1 1.73828E-1 1.68583E-1 1.67203E-1 1.60992E-1 1.5961E-1 1.56867E-1 1.55505E-1 1.55505E-1 1.56319E-1 1.60433E-1 1.56319E-1 1.63102E-1 1.79515E-1 2.08786E-1 2.42468E-1 2.92181E-1 2.63806E-1 2.42468E-1 2.4212E-1 2.48043E-1 2.56315E-1 2.74754E-1 3.09871E-1 3.57258E-1 3.93628E-1 4.05684E-1 4.05684E-1 4.0735E-1 4.20153E-1 4.47321E-1 4.67253E-1 4.96426E-1 5.19764E-1 5.33221E-1 5.41724E-1 5.43918E-1 5.59729E-1 5.95877E-1 6.21414E-1 6.34119E-1 6.43444E-1 6.49704E-1 6.61423E-1 6.69747E-1 6.71999E-1 6.72488E-1 6.73156E-1 6.73714E-1 6.69547E-1 6.61046E-1 6.64011E-1 6.68718E-1 6.57911E-1 6.36712E-1 6.22538E-1 6.0766E-1 5.73397E-1 5.59586E-1 5.74515E-1 5.65343E-1 5.18175E-1 4.7524E-1 4.73833E-1 4.58017E-1
1.86318E-1 1.81866E-1 1.81008E-1 1.82392E-1 1.83304E-1 1.90641E-1 1.8675E-1 1.79515E-1 1.7666E-1 1.72756E-1 1.72279E-1 1.66584E-1 1.66584E-1 1.65177E-1 1.64606E-1 1.66009E-1 1.66009E-1 1.70846E-1 1.88214E-1 2.11879E-1 2.59645E-1 2.87544E-1 2.69696E-1 2.54655E-1 2.57097E-1 2.67163E-1 2.68015E-1 2.81526E-1 3.10566E-1 3.52094E-1 3.76071E-1 3.97971E-1 4.05332E-1 4.25451E-1 4.40184E-1 4.71738E-1 4.96165E-1 5.19905E-1 5.47058E-1 5.51289E-1 5.51289E-1 5.54695E-1 5.80396E-1 6.15316E-1 6.35037E-1 6.4168E-1 6.46795E-1 6.54161E-1 6.6052E-1 6.69299E-1 6.72901E-1 6.69931E-1 6.73389E-1 6.73017E-1 6.59629E-1 6.53234E-1 6.58297E-1 6.63789E-1 6.57124E-1 6.30636E-1 6.16679E-1 6.10138E-1 5.82108E-1 5.38328E-1 5.53894E-1 5.44898E-1 5.0734E-1 4.67946E-1 4.65283E-1 4.24097E-1
1.9311E-1 1.93852E-1 1.89952E-1 1.95872E-1 1.97109E-1 1.95613E-1 1.92638E-1 1.92638E-1 1.85587E-1 1.81008E-1 1.81008E-1 1.76616E-1 1.76616E-1 1.73719E-1 1.74566E-1 1.73124E-1 1.74566E-1 1.82484E-1 1.95872E-1 2.18557E-1 2.46398E-1 2.60442E-1 2.48043E-1 2.43118E-1 2.69389E-1 2.77317E-1 2.78639E-1 2.80505E-1 3.09216E-1 3.43178E-1 3.80178E-1 4.03538E-1 4.18243E-1 4.42088E-1 4.69563E-1 5.02068E-1 5.26617E-1 5.49907E-1 5.55231E-1 5.66747E-1 5.71698E-1 5.68687E-1 6.0416E-1 6.47723E-1 6.49903E-1 6.41457E-1 6.42049E-1 6.49635E-1 6.59593E-1 6.68896E-1 6.70907E-1 6.55023E-1 6.61975E-1 6.61874E-1 6.52269E-1 6.5199E-1 6.38509E-1 6.41644E-1 6.35686E-1 6.20716E-1 6.1268E-1 5.76852E-1 5.43221E-1 5.04891E-1 4.90354E-1 5.10014E-1 4.84864E-1 4.45756E-1 5.1254E-1 4.98358E-1
2.32824E-1 2.04631E-1 2.01525E-1 2.04886E-1 2.03372E-1 2.00115E-1 1.95613E-1 1.92907E-1 1.89952E-1 1.88447E-1 1.86948E-1 1.86948E-1 1.85454E-1 1.85454E-1 1.84828E-1 1.86318E-1 1.90822E-1 1.92979E-1 2.03747E-1 2.18725E-1 2.33179E-1 2.45718E-1 2.47019E-1 2.53596E-1 2.78136E-1 2.80505E-1 2.85666E-1 2.88406E-1 3.0654E-1 3.35162E-1 3.7884E-1 4.03933E-1 4.50749E-1 5.00924E-1 5.23962E-1 5.3823E-1 5.54203E-1 5.61557E-1 5.68963E-1 5.70443E-1 5.71698E-1 5.87823E-1 5.99318E-1 6.57243E-1 6.4347E-1 6.16701E-1 6.37625E-1 6.51696E-1 6.62129E-1 6.71111E-1 6.66175E-1 6.50142E-1 6.43384E-1 6.38952E-1 6.3779E-1 6.29113E-1 6.0587E-1 6.04555E-1 5.96216E-1 5.94267E-1 5.95146E-1 5.70822E-1 5.3762E-1 4.73833E-1 4.47636E-1 4.73833E-1 4.75089E-1 4.35034E-1 5.08756E-1 5.28379E-1
2.64974E-1 2.57432E-1 2.16995E-1 2.26934E-1 2.06871E-1 2.01862E-1 1.95872E-1 1.92979E-1 1.92334E-1 1.93852E-1 1.96905E-1 1.96905E-1 1.96905E-1 1.96029E-1 1.96029E-1 1.96905E-1 2.01525E-1 2.06871E-1 2.16362E-1 2.29276E-1 2.43106E-1 2.65466E-1 2.82015E-1 2.83936E-1 2.95345E-1 3.02304E-1 3.03169E-1 3.03169E-1 3.1362E-1 3.30233E-1 3.60579E-1 4.05223E-1 4.64519E-1 5.42147E-1 5.65962E-1 5.72476E-1 5.78637E-1 5.8445E-1 5.8038E-1 5.66491E-1 5.93302E-1 6.19757E-1 6.18592E-1 6.21718E-1 5.93252E-1 6.09213E-1 6.47449E-1 6.61082E-1 6.67757E-1 6.69251E-1 6.59455E-1 6.45899E-1 6.28747E-1 6.09908E-1 6.02479E-1 6.03175E-1 5.79074E-1 5.71192E-1 5.89105E-1 5.9133E-1 5.49541E-1 5.53317E-1 5.12078E-1 4.34629E-1 4.06511E-1 4.09285E-1 3.99075E-1 4.09745E-1 4.66502E-1 5.17615E-1
2.72932E-1 2.75414E-1 2.59125E-1 2.49332E-1 2.09328E-1 2.06191E-1 1.9998E-1 2.02306E-1 2.02306E-1 2.06975E-1 2.08542E-1 2.10113E-1 2.12484E-1 2.08441E-1 2.11595E-1 2.11595E-1 2.1566E-1 2.22066E-1 2.34189E-1 2.45788E-1 2.6674E-1 2.90611E-1 3.17757E-1 3.25828E-1 3.28266E-1 3.35226E-1 3.27083E-1 3.20132E-1 3.1363E-1 3.223E-1 3.65445E-1 4.26754E-1 4.92578E-1 5.46738E-1 5.82215E-1 6.00413E-1 6.06477E-1 6.05913E-1 6.008E-1 6.02507E-1 6.23164E-1 6.48813E-1 6.41004E-1 6.1327E-1 6.13612E-1 6.2984E-1 6.62465E-1 6.70461E-1 6.70809E-1 6.67542E-1 6.60284E-1 6.4299E-1 6.21091E-1 5.7526E-1 5.38886E-1 5.80734E-1 5.80173E-1 5.91199E-1 5.89299E-1 5.62973E-1 5.74515E-1 5.1114E-1 4.47965E-1 3.88205E-1 3.35203E-1 2.81372E-1 2.51923E-1 3.08128E-1 4.07379E-1 4.5583E-1
2.83252E-1 2.88684E-1 2.78492E-1 2.59402E-1 2.18854E-1 2.10795E-1 2.03568E-1 2.05119E-1 2.12371E-1 2.20322E-1 2.23534E-1 2.27706E-1 2.25297E-1 2.27647E-1 2.27647E-1 2.3091E-1 2.35835E-1 2.41695E-1 2.52493E-1 2.62643E-1 2.79767E-1 3.08286E-1 3.41495E-1 3.72618E-1 3.74123E-1 3.6221E-1 3.5193E-1 3.27923E-1 3.08998E-1 3.33095E-1 3.92614E-1 4.55454E-1 5.19651E-1 5.66512E-1 6.01292E-1 6.23359E-1 6.30179E-1 6.26617E-1 6.21778E-1 6.26541E-1 6.33108E-1 6.35848E-1 6.31358E-1 6.11838E-1 6.51629E-1 6.58843E-1 6.66712E-1 6.70675E-1 6.68402E-1 6.64352E-1 6.61068E-1 6.48192E-1 6.24772E-1 5.82294E-1 5.29922E-1 5.8139E-1 5.88938E-1 5.63617E-1 5.59235E-1 5.75997E-1 5.62707E-1 5.00168E-1 4.54248E-1 3.72256E-1 3.48268E-1 2.35954E-1 1.74708E-1 2.99205E-1 3.71489E-1 3.65792E-1
2.94678E-1 2.94678E-1 2.77151E-1 2.66238E-1 2.34189E-1 2.20322E-1 2.10645E-1 2.12213E-1 2.2136E-1 2.40402E-1 2.48139E-1 2.49808E-1 2.43355E-1 2.40038E-1 2.41442E-1 2.48118E-1 2.52493E-1 2.62643E-1 2.7289E-1 2.81491E-1 2.97083E-1 3.16259E-1 3.54611E-1 4.0968E-1 4.28466E-1 3.97529E-1 3.74128E-1 3.41481E-1 3.43378E-1 3.84221E-1 4.58856E-1 4.97645E-1 5.45586E-1 5.87392E-1 6.20699E-1 6.42598E-1 6.48251E-1 6.47438E-1 6.44851E-1 6.42113E-1 6.29851E-1 6.40983E-1 6.45305E-1 6.49346E-1 6.65319E-1 6.69496E-1 6.68125E-1 6.70285E-1 6.45907E-1 6.48031E-1 6.51254E-1 6.49037E-1 6.3959E-1 6.30487E-1 6.10714E-1 5.67834E-1 5.26461E-1 5.03326E-1 4.98655E-1 5.6785E-1 5.17452E-1 4.92047E-1 4.54562E-1 4.39131E-1 3.9181E-1 3.17794E-1 2.99205E-1 3.79938E-1 3.84977E-1 3.02657E-1
3.05134E-1 2.95956E-1 2.90976E-1 2.63548E-1 2.39171E-1 2.27791E-1 2.14246E-1 2.18927E-1 2.36479E-1 2.65903E-1 2.82551E-1 2.73479E-1 2.66013E-1 2.54177E-1 2.56538E-1 2.6674E-1 2.74606E-1 2.90139E-1 2.98822E-1 3.05789E-1 3.16259E-1 3.28486E-1 3.46725E-1 3.93549E-1 4.05747E-1 4.0223E-1 3.87039E-1 3.73695E-1 3.89039E-1 4.77359E-1 5.68216E-1 5.35004E-1 5.7341E-1 6.15499E-1 6.40327E-1 6.54935E-1 6.61327E-1 6.64819E-1 6.62955E-1 6.38688E-1 6.37517E-1 6.48737E-1 6.58919E-1 6.66756E-1 6.73259E-1 6.71392E-1 6.68763E-1 6.55411E-1 6.17083E-1 6.20869E-1 6.26133E-1 6.37751E-1 6.39969E-1 6.52013E-1 6.34952E-1 5.79568E-1 5.19377E-1 4.86766E-1 4.71772E-1 5.42174E-1 4.90368E-1 4.73498E-1 4.60985E-1 4.63842E-1 4.39657E-1 3.90958E-1 3.55587E-1 3.88323E-1 4.10444E-1 3.89991E-1
3.17375E-1 3.13325E-1 2.90181E-1 2.59927E-1 2.47025E-1 2.33341E-1 2.25024E-1 2.34842E-1 2.53022E-1 2.7806E-1 2.96322E-1 2.9584E-1 2.79694E-1 2.60145E-1 2.62643E-1 2.81491E-1 3.02304E-1 3.19753E-1 3.31979E-1 3.33724E-1 3.42443E-1 3.52876E-1 3.50196E-1 3.75667E-1 3.90699E-1 3.96933E-1 3.9804E-1 3.99669E-1 4.29532E-1 5.07371E-1 5.48966E-1 5.6172E-1 5.92604E-1 6.31819E-1 6.54537E-1 6.65617E-1 6.70261E-1 6.70675E-1 6.60051E-1 6.34046E-1 6.49015E-1 6.58069E-1 6.68394E-1 6.73577E-1 6.6576E-1 6.41212E-1 6.37938E-1 6.19428E-1 5.90622E-1 6.03196E-1 6.20128E-1 6.18753E-1 6.29116E-1 6.36838E-1 6.28296E-1 5.94623E-1 5.51249E-1 5.0091E-1 4.6127E-1 5.30983E-1 4.77056E-1 4.41061E-1 4.41951E-1 4.46216E-1 4.56727E-1 4.07161E-1 3.66783E-1 3.75412E-1 4.5463E-1 4.80707E-1
3.26132E-1 3.18506E-1 3.05743E-1 2.78827E-1 2.57057E-1 2.4971E-1 2.4459E-1 2.51319E-1 2.71435E-1 2.90023E-1 3.05299E-1 3.11896E-1 2.9584E-1 2.81413E-1 2.80653E-1 3.02304E-1 3.30233E-1 3.59807E-1 3.70154E-1 3.71872E-1 3.78722E-1 3.79452E-1 3.77363E-1 3.90898E-1 4.08749E-1 4.15774E-1 4.23688E-1 4.33054E-1 4.53554E-1 4.86974E-1 5.3502E-1 5.90589E-1 6.287E-1 6.59106E-1 6.67907E-1 6.7042E-1 6.69396E-1 6.686E-1 6.44335E-1 6.53925E-1 6.63824E-1 6.69171E-1 6.70922E-1 6.66509E-1 6.49098E-1 6.24195E-1 6.1289E-1 5.82876E-1 5.5464E-1 6.02774E-1 6.22808E-1 5.97842E-1 6.02696E-1 6.03985E-1 5.86055E-1 5.77461E-1 5.54341E-1 5.07051E-1 4.5053E-1 5.08944E-1 4.48749E-1 4.11818E-1 4.0944E-1 4.00687E-1 4.07003E-1 3.78989E-1 3.81869E-1 4.25034E-1 4.70819E-1 4.55265E-1
3.26747E-1 3.30789E-1 3.10571E-1 2.84945E-1 2.73998E-1 2.62983E-1 2.64705E-1 2.69749E-1 2.85003E-1 2.96672E-1 3.08431E-1 3.15364E-1 3.09708E-1 3.02165E-1 3.17107E-1 3.33724E-1 3.64989E-1 3.95676E-1 4.04046E-1 4.0571E-1 4.08027E-1 4.10523E-1 4.15629E-1 4.23207E-1 4.35273E-1 4.42266E-1 4.55777E-1 4.7543E-1 4.95829E-1 5.28228E-1 5.74532E-1 6.20304E-1 6.54278E-1 6.6977E-1 6.67303E-1 6.70678E-1 6.58764E-1 6.01896E-1 6.44674E-1 6.63288E-1 6.67841E-1 6.63753E-1 6.54736E-1 6.49783E-1 6.36179E-1 6.15895E-1 5.99491E-1 5.43154E-1 4.93695E-1 4.96572E-1 5.56438E-1 6.00794E-1 5.91517E-1 5.66646E-1 5.32221E-1 5.34588E-1 5.28061E-1 4.71474E-1 4.07777E-1 4.32756E-1 4.14493E-1 3.80771E-1 3.63461E-1 3.39948E-1 3.42371E-1 3.46577E-1 3.36156E-1 3.5493E-1 3.68426E-1 3.55743E-1
3.17897E-1 3.23111E-1 2.97375E-1 2.92749E-1 2.85985E-1 2.84641E-1 2.86597E-1 2.91738E-1 3.03572E-1 3.05299E-1 3.1363E-1 3.17098E-1 3.2187E-1 3.28266E-1 3.44987E-1 3.63263E-1 3.88926E-1 4.13982E-1 4.29378E-1 4.31034E-1 4.39453E-1 4.44221E-1 4.48508E-1 4.55047E-1 4.64568E-1 4.82984E-1 4.97856E-1 5.24315E-1 5.63775E-1 5.89569E-1 6.4409E-1 6.5979E-1 6.6895E-1 6.61046E-1 6.59424E-1 6.54606E-1 6.01377E-1 6.34213E-1 6.45208E-1 6.6075E-1 6.69657E-1 6.61248E-1 6.46038E-1 6.23386E-1 6.03904E-1 5.88007E-1 5.8047E-1 5.4356E-1 5.02017E-1 4.7931E-1 4.94229E-1 5.53894E-1 5.88266E-1 5.34491E-1 4.97759E-1 4.88532E-1 4.77908E-1 4.14804E-1 3.39886E-1 2.96022E-1 3.17103E-1 3.3018E-1 3.25326E-1 2.99083E-1 2.90603E-1 2.56885E-1 2.07091E-1 2.25934E-1 2.48125E-1 2.59028E-1
3.03706E-1 3.02392E-1 2.97083E-1 3.0665E-1 3.02767E-1 3.03236E-1 3.06699E-1 3.10163E-1 3.18832E-1 3.1363E-1 3.20132E-1 3.25346E-1 3.38703E-1 3.53663E-1 3.6747E-1 3.86249E-1 4.03047E-1 4.26013E-1 4.43168E-1 4.55416E-1 4.63913E-1 4.72709E-1 4.76847E-1 4.88469E-1 5.04498E-1 5.28822E-1 5.5098E-1 5.83608E-1 6.23671E-1 6.48995E-1 6.72675E-1 6.70636E-1 6.4172E-1 6.1995E-1 6.01378E-1 5.63367E-1 4.91758E-1 6.0328E-1 6.56084E-1 6.6595E-1 6.70527E-1 6.57352E-1 6.37382E-1 6.04555E-1 5.70754E-1 5.44765E-1 5.30531E-1 5.00688E-1 4.82016E-1 4.78037E-1 4.83367E-1 5.44651E-1 5.22547E-1 4.99112E-1 4.74422E-1 4.70084E-1 4.42196E-1 3.80047E-1 2.9561E-1 1.95694E-1 2.09536E-1 2.9114E-1 3.13941E-1 2.92202E-1 2.44539E-1 1.68514E-1 1.01604E-1 1.22445E-1 1.60238E-1 2.04805E-1
3.03706E-1 3.07509E-1 3.08286E-1 3.14513E-1 3.17107E-1 3.1956E-1 3.23608E-1 3.27083E-1 3.30558E-1 3.18394E-1 3.27083E-1 3.39236E-1 3.57758E-1 3.71506E-1 3.86249E-1 4.01381E-1 4.21616E-1 4.37832E-1 4.56411E-1 4.62691E-1 4.80702E-1 4.91305E-1 5.01795E-1 5.27534E-1 5.49547E-1 5.76785E-1 5.99911E-1 6.25612E-1 6.48798E-1 6.6452E-1 6.6978E-1 6.64715E-1 1.74554E-1 5.89105E-1 5.10898E-1 4.76919E-1 5.20974E-1 5.52949E-1 6.47201E-1 6.60131E-1 6.57044E-1 6.26074E-1 5.94213E-1 5.56397E-1 5.35241E-1 5.14975E-1 4.68116E-1 4.43207E-1 4.50538E-1 4.87387E-1 4.84419E-1 5.17521E-1 4.59204E-1 4.06515E-1 4.39115E-1 4.42716E-1 4.20935E-1 3.48268E-1 2.7063E-1 1.72918E-1 2.00099E-1 2.87888E-1 3.31811E-1 3.14527E-1 2.36511E-1 1.46756E-1 8.16158E-2 7.39862E-2 9.65167E-2 1.49353E-1
3.15044E-1 3.15716E-1 3.2116E-1 3.27518E-1 3.33724E-1 3.38029E-1 3.44987E-1 3.49114E-1 3.49114E-1 3.47382E-1 3.52576E-1 3.64647E-1 3.74924E-1 3.86812E-1 3.98571E-1 4.0853E-1 4.23538E-1 4.42668E-1 4.59368E-1 4.8228E-1 5.19752E-1 5.27E-1 5.42618E-1 5.58533E-1 5.86511E-1 6.1472E-1 6.29911E-1 6.46749E-1 6.60305E-1 6.66016E-1 6.59356E-1 6.38799E-1 5.82108E-1 3.72203E-1 4.91357E-1 4.17015E-1 4.99E-1 5.13664E-1 6.51757E-1 6.6576E-1 6.52047E-1 5.98187E-1 5.45273E-1 4.95E-1 4.47965E-1 4.4299E-1 4.49349E-1 4.66654E-1 4.95541E-1 5.14535E-1 5.21762E-1 5.07464E-1 4.23059E-1 3.8096E-1 4.02488E-1 4.55373E-1 3.82633E-1 3.02365E-1 2.81372E-1 2.44459E-1 2.64869E-1 3.1874E-1 3.39886E-1 3.16191E-1 2.60679E-1 1.56185E-1 7.72711E-2 6.4677E-2 7.31763E-2 1.06749E-1
