KUENM/Final_Models/M_0.1_F_lq_Set_2_EC/sp1_se_asia_max.asc
ncols         320
nrows         243
xllcorner     44.0
yllcorner     -0.666666666666667
cellsize      0.166666666666667
NODATA_value  -9999
[rows 93 to 123 of 243, columns 140 to 209 of 320]
3.21945E-1 3.26022E-1 3.31427E-1 3.35162E-1 3.44983E-1 3.56345E-1 3.73588E-1 3.84553E-1 3.87941E-1 3.90186E-1 3.93549E-1 3.969E-1 4.00238E-1 4.0393E-1 4.10523E-1 4.20467E-1 4.31669E-1 4.4876E-1 4.71091E-1 5.02162E-1 5.38729E-1 5.44939E-1 5.65508E-1 5.87136E-1 6.16574E-1 6.37877E-1 6.4535E-1 6.56222E-1 6.67798E-1 6.7348E-1 6.60901E-1 5.97676E-1 4.4211E-1 4.34296E-1 5.03564E-1 3.92671E-1 3.86614E-1 5.40646E-1 6.57751E-1 6.6719E-1 6.54651E-1 6.07506E-1 5.62824E-1 4.91733E-1 4.29792E-1 4.07025E-1 4.36134E-1 4.65382E-1 5.02017E-1 5.12339E-1 5.21762E-1 4.82192E-1 4.19348E-1 3.89299E-1 4.0651E-1 4.05524E-1 3.45113E-1 2.81335E-1 3.0471E-1 3.30176E-1 3.43152E-1 3.56109E-1 3.52622E-1 3.2784E-1 2.51406E-1 1.34167E-1 7.64657E-2 5.05936E-2 4.81984E-2 5.56293E-2
3.33086E-1 3.40914E-1 3.4489E-1 3.53565E-1 3.64759E-1 3.82969E-1 4.04897E-1 4.22163E-1 4.40047E-1 4.47157E-1 4.45388E-1 4.36043E-1 4.36043E-1 4.34722E-1 4.29954E-1 4.30081E-1 4.4111E-1 4.56361E-1 4.8228E-1 5.15212E-1 5.37435E-1 5.60075E-1 5.82545E-1 6.10293E-1 6.37167E-1 6.59404E-1 6.627E-1 6.65309E-1 6.73485E-1 6.75919E-1 6.63782E-1 6.30891E-1 5.3578E-1 5.08926E-1 5.02739E-1 3.91322E-1 5.13443E-1 6.32691E-1 6.68148E-1 6.65619E-1 6.60983E-1 6.33791E-1 6.26674E-1 5.40181E-1 4.07025E-1 3.96106E-1 4.33119E-1 4.58155E-1 4.97862E-1 5.31593E-1 5.08696E-1 4.50849E-1 4.22518E-1 4.21082E-1 4.29788E-1 4.17548E-1 3.15446E-1 2.82224E-1 3.20717E-1 3.9043E-1 4.14493E-1 3.83429E-1 3.3855E-1 2.64637E-1 1.83041E-1 8.88659E-2 5.43319E-2 3.95835E-2 4.31907E-2 3.81175E-2
-9999 3.54658E-1 3.66618E-1 3.7884E-1 3.88788E-1 4.10592E-1 4.38427E-1 4.71736E-1 4.96168E-1 5.0197E-1 4.92553E-1 4.77359E-1 4.65678E-1 4.56411E-1 4.59374E-1 4.45616E-1 4.39547E-1 4.75489E-1 5.03806E-1 5.31671E-1 5.67744E-1 5.81247E-1 6.03982E-1 6.26445E-1 6.4947E-1 6.66713E-1 6.73435E-1 6.76329E-1 6.8147E-1 6.77485E-1 6.7348E-1 6.55347E-1 5.96668E-1 5.09678E-1 4.65902E-1 4.60939E-1 5.12339E-1 6.14882E-1 6.61022E-1 6.67699E-1 6.70901E-1 6.60738E-1 6.2148E-1 5.17615E-1 4.11695E-1 3.99235E-1 4.27004E-1 4.55109E-1 4.95277E-1 5.10439E-1 4.34629E-1 4.00466E-1 4.1991E-1 4.33767E-1 4.22682E-1 3.98916E-1 3.1894E-1 2.75177E-1 3.06981E-1 3.94794E-1 4.20944E-1 3.65119E-1 2.34597E-1 1.23612E-1 8.42825E-2 4.87394E-2 3.18178E-2 3.06174E-2 3.31192E-2 3.71651E-2
-9999 -9999 -9999 -9999 4.15464E-1 4.41335E-1 4.68203E-1 -9999 5.46419E-1 5.56965E-1 5.3762E-1 5.15604E-1 4.80637E-1 4.44935E-1 4.15102E-1 4.05583E-1 4.33253E-1 4.75832E-1 5.11165E-1 5.47032E-1 5.77522E-1 5.94123E-1 6.16754E-1 6.37043E-1 6.51962E-1 6.59404E-1 6.66193E-1 6.77304E-1 6.82967E-1 6.80903E-1 6.78189E-1 6.59415E-1 6.27698E-1 5.42576E-1 4.84766E-1 5.23158E-1 5.33413E-1 5.56372E-1 6.31858E-1 6.6321E-1 6.62502E-1 6.31736E-1 5.34664E-1 4.96752E-1 3.93672E-1 3.88205E-1 4.41851E-1 4.79297E-1 4.73594E-1 4.73795E-1 4.34522E-1 4.19438E-1 4.26874E-1 4.13852E-1 3.86651E-1 3.37231E-1 2.90832E-1 2.43224E-1 2.38819E-1 3.39802E-1 3.84696E-1 2.95773E-1 1.52188E-1 6.76622E-2 4.47385E-2 2.86355E-2 2.04244E-2 2.12925E-2 2.34536E-2 3.26932E-2
-9999 -9999 -9999 -9999 -9999 -9999 5.00924E-1 5.40723E-1 5.68491E-1 5.85382E-1 5.79943E-1 5.57355E-1 5.06581E-1 4.19993E-1 3.4097E-1 3.7537E-1 4.39547E-1 4.96108E-1 5.49426E-1 5.86019E-1 6.0992E-1 6.18218E-1 6.29199E-1 6.45292E-1 6.57392E-1 6.64673E-1 6.6921E-1 6.80357E-1 6.84871E-1 6.82194E-1 6.75469E-1 6.62627E-1 6.39101E-1 5.98596E-1 5.46124E-1 5.46124E-1 5.55682E-1 5.85227E-1 6.33874E-1 6.53383E-1 6.51568E-1 5.63175E-1 3.76626E-1 3.79253E-1 3.41498E-1 3.46282E-1 4.39084E-1 4.55282E-1 4.39084E-1 4.40623E-1 4.22507E-1 4.34629E-1 4.04918E-1 3.5493E-1 3.19518E-1 2.95414E-1 2.51337E-1 1.80319E-1 1.7581E-1 2.55734E-1 3.2682E-1 2.02813E-1 8.24978E-2 4.20467E-2 2.71764E-2 1.80013E-2 1.39261E-2 1.33388E-2 1.8283E-2 2.90453E-2
-9999 -9999 -9999 -9999 -9999 -9999 -9999 5.47561E-1 5.7175E-1 5.90801E-1 6.08072E-1 6.02112E-1 5.63294E-1 4.85075E-1 4.27625E-1 4.47157E-1 4.86245E-1 5.3903E-1 5.89569E-1 6.22004E-1 6.23491E-1 6.23525E-1 6.38702E-1 6.52667E-1 6.63531E-1 6.71419E-1 6.7679E-1 6.83949E-1 6.86387E-1 6.80594E-1 6.62401E-1 6.54133E-1 6.47895E-1 6.34117E-1 5.95691E-1 5.83851E-1 5.84142E-1 5.85098E-1 6.00416E-1 6.30502E-1 6.32337E-1 5.51384E-1 3.86027E-1 3.63478E-1 3.13259E-1 3.14005E-1 3.66764E-1 3.91134E-1 4.11695E-1 4.22507E-1 4.13277E-1 4.13277E-1 3.55207E-1 2.67969E-1 2.39209E-1 2.40841E-1 2.05821E-1 1.18924E-1 8.70116E-2 1.20742E-1 1.60701E-1 1.07538E-1 5.62897E-2 3.26209E-2 2.34421E-2 1.6326E-2 1.43439E-2 1.20341E-2 1.67977E-2 2.40893E-2
-9999 -9999 -9999 -9999 -9999 -9999 -9999 -9999 5.7413E-1 5.92928E-1 6.12249E-1 6.18986E-1 5.99535E-1 5.69715E-1 5.60648E-1 5.54378E-1 5.52265E-1 5.75647E-1 5.93229E-1 6.11377E-1 6.20926E-1 6.34498E-1 6.4947E-1 6.59933E-1 6.70942E-1 6.77392E-1 6.80217E-1 6.8498E-1 6.94044E-1 6.80008E-1 6.51466E-1 6.29678E-1 6.52667E-1 6.34635E-1 5.88462E-1 5.67997E-1 5.81896E-1 5.77956E-1 5.36876E-1 5.09143E-1 5.50046E-1 5.04928E-1 3.20531E-1 3.09838E-1 3.56149E-1 3.47396E-1 3.41304E-1 3.60808E-1 4.16355E-1 4.23983E-1 4.14714E-1 3.81829E-1 2.94558E-1 1.9331E-1 1.85704E-1 2.00634E-1 1.67119E-1 7.39886E-2 2.27882E-2 4.21078E-2 6.38534E-2 5.89709E-2 3.95835E-2 2.75134E-2 1.84932E-2 2.1199E-2 4.02586E-2 3.65247E-2 3.13665E-2 3.35169E-2
-9999 -9999 -9999 -9999 -9999 -9999 -9999 -9999 -9999 5.9398E-1 6.08555E-1 6.15641E-1 6.12042E-1 6.03496E-1 5.97199E-1 5.82212E-1 5.71873E-1 5.80827E-1 -9999 6.17423E-1 6.31688E-1 6.48962E-1 6.59297E-1 6.64829E-1 6.74102E-1 6.76055E-1 6.68232E-1 6.87114E-1 6.93088E-1 6.79859E-1 6.5686E-1 6.25218E-1 6.28005E-1 6.04857E-1 5.54943E-1 5.26481E-1 5.38124E-1 5.14724E-1 4.51387E-1 4.30493E-1 4.56012E-1 4.36214E-1 3.63873E-1 3.74242E-1 3.83533E-1 3.82664E-1 3.80632E-1 3.88205E-1 4.40089E-1 4.32756E-1 3.72256E-1 2.93422E-1 1.92905E-1 1.26268E-1 1.42677E-1 1.82079E-1 1.74927E-1 9.43631E-2 3.22702E-2 2.61316E-2 3.39851E-2 3.30852E-2 1.8756E-2 1.83767E-2 1.60487E-2 2.05819E-2 3.56612E-2 4.72155E-2 5.60326E-2 6.08317E-2
-9999 -9999 -9999 -9999 -9999 -9999 -9999 -9999 -9999 -9999 -9999 6.07886E-1 6.06062E-1 6.03184E-1 5.97133E-1 5.85941E-1 -9999 -9999 6.0992E-1 6.26875E-1 6.48774E-1 6.63137E-1 6.68482E-1 6.68482E-1 6.69665E-1 6.70637E-1 6.69665E-1 6.85409E-1 6.95564E-1 6.50961E-1 6.55402E-1 6.44631E-1 5.82589E-1 5.51756E-1 5.65722E-1 5.41984E-1 5.18811E-1 4.7454E-1 4.15653E-1 4.25591E-1 4.61419E-1 5.09386E-1 5.18066E-1 5.08069E-1 4.41599E-1 3.87921E-1 3.89529E-1 3.9602E-1 4.46383E-1 4.29102E-1 3.33441E-1 2.42466E-1 1.52171E-1 1.14895E-1 1.23939E-1 1.48016E-1 1.57611E-1 1.18235E-1 7.15023E-2 4.59208E-2 3.30852E-2 1.7498E-2 1.12716E-2 1.28793E-2 1.08164E-2 1.25097E-2 2.25987E-2 4.16966E-2 6.74631E-2 7.8078E-2
-9999 -9999 -9999 -9999 -9999 -9999 -9999 -9999 -9999 -9999 -9999 -9999 -9999 -9999 -9999 -9999 -9999 -9999 6.23004E-1 6.33573E-1 6.56843E-1 6.71812E-1 6.70526E-1 6.68767E-1 6.65302E-1 6.59826E-1 6.72195E-1 6.88353E-1 6.94109E-1 6.38561E-1 6.50196E-1 6.23757E-1 5.11964E-1 4.60259E-1 5.5882E-1 5.68373E-1 5.0649E-1 4.27154E-1 3.27468E-1 3.34702E-1 4.37674E-1 5.28653E-1 5.50393E-1 5.51476E-1 4.63842E-1 4.00807E-1 3.8025E-1 3.75403E-1 4.02657E-1 3.92453E-1 3.02613E-1 2.27759E-1 1.72943E-1 1.27052E-1 1.31869E-1 1.70704E-1 2.09131E-1 1.80511E-1 1.29302E-1 1.00133E-1 6.55104E-2 3.53221E-2 2.35569E-2 1.36779E-2 7.18318E-3 5.96531E-3 1.28239E-2 2.48891E-2 3.90724E-2 4.58361E-2
-9999 -9999 -9999 -9999 -9999 -9999 -9999 -9999 -9999 -9999 -9999 -9999 -9999 -9999 -9999 -9999 -9999 6.52877E-1 6.535E-1 6.45237E-1 6.65865E-1 6.73363E-1 6.73051E-1 6.68945E-1 6.6521E-1 6.63621E-1 6.75625E-1 6.84983E-1 6.92858E-1 6.81896E-1 6.72232E-1 6.2175E-1 4.99305E-1 4.52349E-1 5.26756E-1 5.26262E-1 4.54244E-1 3.3346E-1 2.13126E-1 2.21755E-1 3.37231E-1 4.37346E-1 5.02217E-1 5.20944E-1 4.87071E-1 4.31276E-1 3.91153E-1 3.65713E-1 3.41513E-1 3.17185E-1 2.61042E-1 2.23531E-1 2.58296E-1 2.59657E-1 2.37196E-1 2.58376E-1 2.23551E-1 1.78431E-1 1.24969E-1 8.57492E-2 5.21942E-2 3.55267E-2 2.11671E-2 1.40153E-2 5.53073E-3 2.38479E-3 1.56104E-3 1.27221E-2 2.68365E-2 1.12E-2
-9999 -9999 -9999 -9999 -9999 -9999 -9999 -9999 -9999 -9999 -9999 -9999 -9999 -9999 6.62895E-1 6.65695E-1 6.66408E-1 6.64729E-1 6.6225E-1 6.64863E-1 6.70593E-1 6.63918E-1 6.62801E-1 6.62254E-1 6.64864E-1 6.67798E-1 6.74389E-1 6.84973E-1 6.93902E-1 6.93294E-1 6.89841E-1 6.4706E-1 5.62623E-1 5.10563E-1 4.87861E-1 4.55825E-1 3.43596E-1 1.91319E-1 1.21014E-1 1.44199E-1 2.50718E-1 4.02765E-1 5.00459E-1 5.46126E-1 5.65527E-1 5.54904E-1 5.34588E-1 4.79423E-1 3.70649E-1 3.10316E-1 2.49873E-1 3.96418E-1 4.62083E-1 4.41348E-1 3.72999E-1 2.77219E-1 2.08688E-1 1.36964E-1 8.95042E-2 5.03284E-2 2.99441E-2 2.16893E-2 2.59852E-2 3.55201E-2 1.57396E-2 1.90702E-3 2.25791E-6 3.71761E-3 6.22228E-4 1.94562E-3
-9999 -9999 -9999 -9999 -9999 -9999 -9999 -9999 -9999 -9999 6.13895E-1 6.19119E-1 6.34004E-1 6.61913E-1 6.71131E-1 6.69323E-1 6.70727E-1 6.71089E-1 6.69147E-1 6.646E-1 6.59277E-1 6.54169E-1 6.56951E-1 6.63247E-1 6.64348E-1 6.71142E-1 6.77359E-1 6.84447E-1 6.88616E-1 -9999 6.96607E-1 -9999 6.05138E-1 -9999 3.01972E-1 2.94871E-1 2.38499E-1 1.3332E-1 1.07443E-1 1.17633E-1 2.17548E-1 3.82645E-1 5.11007E-1 5.74732E-1 6.12463E-1 6.17043E-1 6.03762E-1 6.12539E-1 5.77522E-1 5.45537E-1 5.39995E-1 5.47211E-1 5.27473E-1 4.90668E-1 4.13944E-1 3.10043E-1 1.80712E-1 6.84086E-2 3.45868E-2 2.15733E-2 2.01628E-2 2.54104E-2 3.71543E-2 1.05795E-1 5.76253E-2 3.2563E-3 2.38145E-4 3.1984E-5 8.51519E-4 1.58608E-2
-9999 -9999 -9999 -9999 -9999 -9999 -9999 -9999 -9999 -9999 -9999 6.33324E-1 6.45714E-1 6.69356E-1 6.72727E-1 6.69347E-1 6.70136E-1 6.72412E-1 6.69377E-1 6.6445E-1 6.5749E-1 6.55679E-1 6.60945E-1 6.66443E-1 6.66023E-1 6.70148E-1 6.78103E-1 6.81019E-1 6.83443E-1 6.88616E-1 -9999 6.74218E-1 6.14254E-1 5.10202E-1 3.02124E-1 2.24257E-1 1.89173E-1 1.51475E-1 1.55016E-1 1.61039E-1 2.58313E-1 3.84318E-1 5.47895E-1 6.01884E-1 6.44476E-1 6.6671E-1 6.61857E-1 6.50742E-1 6.12408E-1 5.83442E-1 5.6364E-1 5.28344E-1 5.06179E-1 4.7598E-1 3.81731E-1 2.86959E-1 1.39996E-1 2.59695E-2 6.86625E-3 6.73169E-3 1.39133E-2 2.70683E-2 6.19681E-2 9.19088E-2 1.11828E-1 2.914E-2 1.35446E-2 1.17163E-2 1.08114E-2 4.58859E-2
-9999 -9999 -9999 -9999 -9999 -9999 -9999 -9999 -9999 -9999 -9999 -9999 6.65884E-1 6.70504E-1 6.68719E-1 6.60855E-1 6.60325E-1 6.6497E-1 6.67006E-1 6.63247E-1 6.59497E-1 6.59737E-1 6.6318E-1 6.67846E-1 6.67008E-1 6.6824E-1 6.74468E-1 6.79318E-1 6.83953E-1 -9999 -9999 -9999 6.19374E-1 5.55645E-1 3.61059E-1 2.18371E-1 1.56117E-1 1.51475E-1 1.6065E-1 1.76965E-1 3.04669E-1 4.62145E-1 4.78348E-1 5.42114E-1 6.35278E-1 6.40721E-1 6.48249E-1 6.43506E-1 6.2148E-1 6.0369E-1 5.78917E-1 5.02704E-1 4.36214E-1 3.98515E-1 3.33025E-1 2.2897E-1 8.05949E-2 1.19998E-2 2.93876E-3 4.51228E-3 2.07103E-2 7.51928E-2 9.63907E-2 5.51791E-2 3.88896E-2 7.09839E-2 7.41805E-2 8.92212E-2 6.34862E-2 8.1798E-2
-9999 -9999 -9999 -9999 -9999 -9999 -9999 -9999 -9999 -9999 -9999 -9999 -9999 6.67337E-1 6.4828E-1 6.43546E-1 6.44086E-1 6.44472E-1 6.47307E-1 6.52873E-1 6.59835E-1 6.6391E-1 6.67469E-1 6.65942E-1 6.64169E-1 6.66079E-1 6.7132E-1 6.78258E-1 6.80793E-1 -9999 -9999 6.81573E-1 6.3715E-1 5.52694E-1 3.6714E-1 1.54212E-1 5.07053E-2 4.12052E-2 5.93094E-2 1.10537E-1 2.13544E-1 4.27508E-1 5.61602E-1 6.08137E-1 6.25291E-1 6.25291E-1 6.17713E-1 6.04944E-1 5.82294E-1 6.09337E-1 5.69713E-1 5.14313E-1 4.27235E-1 3.84708E-1 3.3829E-1 1.95842E-1 5.05305E-2 7.45863E-3 5.79373E-3 8.67343E-3 2.81672E-2 1.23285E-1 2.00099E-1 1.65084E-1 1.68531E-1 1.92277E-1 1.72564E-1 1.86899E-1 1.87658E-1 1.68724E-1
-9999 -9999 -9999 -9999 -9999 -9999 -9999 -9999 -9999 -9999 -9999 -9999 -9999 -9999 6.41805E-1 6.30685E-1 6.2515E-1 6.05898E-1 5.72521E-1 6.0762E-1 6.5166E-1 6.69238E-1 6.67896E-1 6.62574E-1 6.62669E-1 6.62212E-1 6.64475E-1 6.64503E-1 6.57694E-1 6.67526E-1 -9999 -9999 -9999 4.80485E-1 2.37295E-1 5.87421E-2 1.44601E-2 1.23917E-2 3.61253E-2 1.55025E-1 3.98854E-1 5.93911E-1 6.67876E-1 6.65749E-1 6.52886E-1 6.24195E-1 6.00474E-1 5.68814E-1 5.18554E-1 5.28202E-1 4.6079E-1 4.13251E-1 3.70737E-1 3.75412E-1 3.29513E-1 2.08688E-1 8.45272E-2 2.59695E-2 8.14838E-3 1.06132E-3 1.01E-3 1.86471E-2 1.66842E-1 3.13941E-1 2.79974E-1 2.90117E-1 2.83055E-1 2.37579E-1 2.1409E-1 2.23551E-1
-9999 -9999 -9999 -9999 -9999 -9999 -9999 -9999 -9999 -9999 -9999 -9999 -9999 -9999 -9999 6.19364E-1 6.0107E-1 5.67834E-1 5.08606E-1 5.6241E-1 6.45149E-1 6.72189E-1 6.71815E-1 6.67434E-1 6.62147E-1 6.63071E-1 6.59455E-1 6.59986E-1 6.53708E-1 -9999 -9999 -9999 4.96705E-1 2.82597E-1 5.48849E-2 5.40971E-3 1.39148E-3 2.25244E-3 2.29196E-2 1.61349E-1 4.68299E-1 6.49556E-1 6.8103E-1 6.93977E-1 6.81633E-1 6.53986E-1 6.25508E-1 5.96696E-1 5.56983E-1 4.5596E-1 3.47586E-1 4.28596E-1 4.12467E-1 4.66129E-1 4.48229E-1 3.64218E-1 2.13126E-1 5.84753E-2 8.5168E-3 3.39235E-4 1.60783E-3 7.60127E-2 3.32896E-1 3.95289E-1 4.25005E-1 3.62448E-1 3.06718E-1 2.60064E-1 2.33432E-1 2.64719E-1
-9999 -9999 -9999 -9999 -9999 -9999 -9999 -9999 -9999 -9999 -9999 -9999 -9999 -9999 -9999 -9999 5.83066E-1 5.52619E-1 5.56628E-1 6.07554E-1 6.49009E-1 6.62225E-1 6.71197E-1 6.73729E-1 6.70284E-1 6.61887E-1 6.50129E-1 6.45317E-1 6.3647E-1 -9999 -9999 -9999 2.02472E-1 2.74921E-2 2.91298E-3 2.37087E-4 6.65437E-5 3.5141E-4 8.09188E-3 1.04776E-1 4.93189E-1 6.50766E-1 6.64998E-1 6.78567E-1 6.88286E-1 6.78558E-1 6.52667E-1 6.23505E-1 5.91422E-1 5.67558E-1 5.69698E-1 5.78511E-1 5.97264E-1 5.90473E-1 5.29612E-1 3.18999E-1 2.0555E-1 8.79086E-2 4.31907E-2 1.21291E-1 4.44512E-1 5.43155E-1 5.44947E-1 5.21913E-1 4.60762E-1 3.45254E-1 2.77191E-1 2.33364E-1 2.12507E-1 2.14727E-1
-9999 -9999 -9999 -9999 -9999 -9999 -9999 -9999 -9999 -9999 -9999 -9999 -9999 -9999 -9999 -9999 -9999 5.92259E-1 6.2122E-1 6.39064E-1 6.49858E-1 6.6432E-1 6.71796E-1 6.73148E-1 6.67468E-1 6.62801E-1 6.54618E-1 -9999 -9999 -9999 -9999 -9999 -9999 1.41656E-3 1.88255E-4 1.85153E-5 1.58031E-6 1.05717E-5 1.29197E-3 1.15502E-1 5.80853E-1 6.6956E-1 6.70675E-1 6.66393E-1 6.74825E-1 6.78729E-1 6.76833E-1 6.56825E-1 6.24274E-1 6.23322E-1 6.50961E-1 6.48598E-1 6.65763E-1 6.13305E-1 5.49423E-1 5.7525E-1 6.05566E-1 6.09015E-1 6.06569E-1 6.3053E-1 6.27952E-1 6.07987E-1 5.80346E-1 5.13234E-1 4.36806E-1 3.11574E-1 2.35068E-1 1.83453E-1 1.75755E-1 1.54607E-1
-9999 -9999 -9999 -9999 -9999 -9999 -9999 -9999 -9999 -9999 -9999 -9999 -9999 -9999 -9999 -9999 -9999 -9999 6.5199E-1 6.49098E-1 6.34438E-1 6.55842E-1 6.67158E-1 6.65942E-1 6.62492E-1 -9999 -9999 -9999 -9999 -9999 -9999 -9999 -9999 2.00869E-5 3.3173E-7 7.29657E-8 6.88303E-9 9.70352E-8 1.53846E-4 1.52868E-1 6.35263E-1 6.7289E-1 6.70263E-1 6.67565E-1 6.72265E-1 6.66464E-1 6.58268E-1 6.35389E-1 6.04857E-1 5.71599E-1 5.97278E-1 6.1981E-1 6.5686E-1 6.81091E-1 6.7806E-1 6.83435E-1 6.9086E-1 6.81091E-1 6.74787E-1 6.7535E-1 6.45449E-1 6.17642E-1 5.54928E-1 4.82031E-1 4.24609E-1 3.1979E-1 2.60045E-1 2.29636E-1 1.75372E-1 1.2288E-1
-9999 -9999 -9999 -9999 -9999 -9999 -9999 -9999 -9999 -9999 -9999 -9999 -9999 -9999 -9999 -9999 -9999 -9999 -9999 -9999 5.93668E-1 6.25275E-1 -9999 -9999 -9999 -9999 -9999 -9999 -9999 -9999 -9999 -9999 -9999 -9999 2.921E-10 5.65062E-12 1.91779E-12 2.37242E-9 9.88822E-5 1.25779E-1 6.08221E-1 6.65206E-1 6.6541E-1 6.71067E-1 6.63107E-1 6.51432E-1 6.24074E-1 5.86183E-1 5.44436E-1 5.43054E-1 5.61734E-1 5.77956E-1 6.20687E-1 6.64107E-1 6.72235E-1 6.71777E-1 6.83771E-1 6.62874E-1 6.52309E-1 6.42179E-1 6.12023E-1 5.86653E-1 5.59798E-1 5.28431E-1 4.09965E-1 3.11908E-1 2.62465E-1 2.38499E-1 1.64837E-1 9.32833E-2
-9999 -9999 -9999 -9999 -9999 -9999 -9999 -9999 -9999 -9999 -9999 -9999 -9999 -9999 -9999 -9999 -9999 -9999 -9999 -9999 -9999 -9999 -9999 -9999 -9999 -9999 -9999 -9999 -9999 -9999 -9999 -9999 -9999 4.97728E-10 1.95936E-12 7.27188E-15 3.37034E-13 3.36092E-8 3.14849E-3 3.01494E-1 6.56198E-1 6.6567E-1 6.67596E-1 6.70445E-1 6.62734E-1 6.43678E-1 6.06069E-1 5.57245E-1 5.27968E-1 5.25236E-1 5.45781E-1 5.63485E-1 5.73681E-1 5.99162E-1 6.35355E-1 6.53039E-1 6.53542E-1 6.18447E-1 5.82589E-1 5.65415E-1 5.12025E-1 5.04981E-1 5.11964E-1 5.01207E-1 3.75255E-1 2.78832E-1 2.34962E-1 1.94424E-1 1.19716E-1 5.73548E-2
-9999 -9999 -9999 -9999 -9999 -9999 -9999 -9999 -9999 -9999 -9999 -9999 -9999 -9999 -9999 -9999 -9999 -9999 -9999 -9999 -9999 -9999 -9999 -9999 -9999 -9999 -9999 -9999 -9999 -9999 -9999 -9999 -9999 1.49606E-10 7.96744E-14 5.41179E-16 6.39061E-13 3.58746E-6 3.70301E-2 4.19342E-1 6.46904E-1 6.65881E-1 6.68341E-1 6.70687E-1 6.60576E-1 6.30671E-1 5.77654E-1 5.16968E-1 4.91823E-1 5.00753E-1 5.35411E-1 5.53317E-1 5.15307E-1 5.25713E-1 5.47108E-1 5.76696E-1 5.81464E-1 5.2388E-1 4.82031E-1 4.41851E-1 4.22299E-1 4.26963E-1 4.26274E-1 3.91696E-1 2.41746E-1 1.74299E-1 1.49558E-1 1.29824E-1 8.25559E-2 4.00149E-2
-9999 -9999 -9999 -9999 -9999 -9999 -9999 -9999 -9999 -9999 -9999 -9999 -9999 -9999 -9999 -9999 -9999 -9999 -9999 -9999 -9999 -9999 -9999 -9999 -9999 -9999 -9999 -9999 -9999 -9999 -9999 -9999 1.33703E-7 1.21089E-10 2.69563E-15 1.02569E-17 5.3623E-13 1.93278E-5 1.53486E-1 6.18369E-1 6.61587E-1 6.65954E-1 6.68378E-1 6.72278E-1 6.63695E-1 6.12697E-1 5.37626E-1 4.96624E-1 5.02339E-1 5.4037E-1 5.80543E-1 5.92232E-1 5.71835E-1 5.35347E-1 5.21323E-1 4.81545E-1 4.33612E-1 3.98195E-1 3.11953E-1 2.8582E-1 3.27658E-1 3.70585E-1 3.66049E-1 3.27159E-1 2.18575E-1 1.42311E-1 9.24447E-2 6.81055E-2 5.69059E-2 3.52914E-2
-9999 -9999 -9999 -9999 -9999 -9999 -9999 -9999 -9999 -9999 -9999 -9999 -9999 -9999 -9999 -9999 -9999 -9999 -9999 -9999 -9999 -9999 -9999 -9999 -9999 -9999 -9999 -9999 -9999 -9999 -9999 -9999 3.05925E-9 5.29596E-13 1.86305E-19 1.25429E-20 3.24411E-15 4.14585E-6 2.09411E-1 6.57824E-1 6.7104E-1 6.64809E-1 6.67032E-1 6.72779E-1 6.66509E-1 6.10949E-1 5.14849E-1 4.96935E-1 5.31206E-1 5.69529E-1 6.00357E-1 6.17713E-1 6.16857E-1 5.90859E-1 5.30946E-1 4.99112E-1 4.67386E-1 3.72439E-1 2.06153E-1 1.774E-1 2.46286E-1 3.05953E-1 3.305E-1 2.82597E-1 2.1511E-1 1.43925E-1 8.01337E-2 4.81359E-2 4.01461E-2 4.05315E-2
-9999 -9999 -9999 -9999 -9999 -9999 -9999 -9999 -9999 -9999 -9999 -9999 -9999 -9999 -9999 -9999 -9999 -9999 -9999 -9999 -9999 -9999 -9999 -9999 -9999 -9999 -9999 -9999 -9999 -9999 -9999 -9999 3.26402E-10 6.70077E-16 2.81949E-23 1.38972E-27 5.83332E-21 1.67963E-10 2.26475E-2 6.18437E-1 6.6825E-1 6.60113E-1 6.63383E-1 6.7062E-1 6.69238E-1 6.31246E-1 5.68446E-1 5.55641E-1 5.86028E-1 5.99638E-1 6.16473E-1 6.29314E-1 6.26133E-1 5.93397E-1 5.59307E-1 5.14599E-1 4.65117E-1 3.63873E-1 2.31701E-1 1.79903E-1 2.07108E-1 3.28715E-1 2.99421E-1 2.50254E-1 1.95982E-1 1.3999E-1 8.68743E-2 5.55522E-2 4.27875E-2 4.7168E-2
-9999 -9999 -9999 -9999 -9999 -9999 -9999 -9999 -9999 -9999 -9999 -9999 -9999 -9999 -9999 -9999 -9999 -9999 -9999 -9999 -9999 -9999 -9999 -9999 -9999 -9999 -9999 -9999 -9999 -9999 -9999 -9999 8.26035E-13 2.27771E-18 1.16531E-26 6.08859E-29 3.34875E-29 9.00157E-23 4.69098E-6 1.97773E-1 6.58047E-1 6.53239E-1 6.56234E-1 6.68317E-1 6.66853E-1 6.53629E-1 6.34352E-1 6.27784E-1 6.19988E-1 6.1872E-1 6.19165E-1 6.20372E-1 6.20128E-1 5.8796E-1 5.47158E-1 5.04303E-1 4.49223E-1 3.41761E-1 2.47968E-1 1.79598E-1 1.67613E-1 1.85784E-1 2.15319E-1 1.94665E-1 1.46262E-1 1.18174E-1 1.09003E-1 8.71914E-2 6.73719E-2 5.66709E-2
-9999 -9999 -9999 -9999 -9999 -9999 -9999 -9999 -9999 -9999 -9999 -9999 -9999 -9999 -9999 -9999 -9999 -9999 -9999 -9999 -9999 -9999 -9999 -9999 -9999 -9999 -9999 -9999 -9999 -9999 -9999 -9999 1.16163E-12 8.76913E-20 2.68028E-27 4.73639E-31 2.7533E-27 4.73982E-19 1.50307E-6 1.74452E-1 6.65905E-1 6.53239E-1 6.54924E-1 6.66391E-1 6.70687E-1 6.62414E-1 6.62734E-1 6.50878E-1 6.354E-1 6.23024E-1 6.06315E-1 5.98577E-1 5.88978E-1 5.7525E-1 5.38317E-1 4.82847E-1 4.08945E-1 3.27468E-1 2.41475E-1 1.9277E-1 1.60129E-1 1.38234E-1 1.18672E-1 1.45519E-1 1.55736E-1 1.40284E-1 1.16814E-1 8.76443E-2 4.32114E-2 3.67798E-2
-9999 -9999 -9999 -9999 -9999 -9999 -9999 -9999 -9999 -9999 -9999 -9999 -9999 -9999 -9999 -9999 -9999 -9999 -9999 -9999 -9999 -9999 -9999 -9999 -9999 -9999 -9999 -9999 -9999 -9999 -9999 -9999 -9999 4.642E-21 3.71768E-26 3.39627E-29 1.94139E-23 2.45074E-15 2.85574E-6 7.69596E-2 6.4141E-1 6.58183E-1 6.5699E-1 6.65873E-1 6.70514E-1 6.70401E-1 6.62241E-1 6.54012E-1 6.39473E-1 6.27273E-1 6.12463E-1 5.97721E-1 5.74231E-1 5.40749E-1 5.08924E-1 4.62307E-1 4.10631E-1 3.74436E-1 3.04187E-1 2.40157E-1 1.77757E-1 1.40424E-1 1.42887E-1 1.51404E-1 1.64341E-1 1.62653E-1 1.44704E-1 9.73251E-2 5.21663E-2 4.92893E-2
-9999 -9999 -9999 -9999 -9999 -9999 -9999 -9999 -9999 -9999 -9999 -9999 -9999 -9999 -9999 -9999 -9999 -9999 -9999 -9999 -9999 -9999 -9999 -9999 -9999 -9999 -9999 -9999 -9999 -9999 -9999 -9999 -9999 4.73806E-22 3.46222E-24 4.73339E-29 5.99064E-25 6.45869E-16 6.5029E-5 3.52892E-1 6.50943E-1 6.56335E-1 6.59641E-1 6.669E-1 6.72157E-1 6.72989E-1 6.59829E-1 6.48905E-1 6.3388E-1 6.24875E-1 6.08971E-1 5.92529E-1 5.63175E-1 5.27773E-1 4.94967E-1 4.4656E-1 4.1732E-1 4.32078E-1 3.6218E-1 2.96175E-1 2.37366E-1 1.73371E-1 1.63361E-1 1.72454E-1 1.89298E-1 2.07943E-1 1.94657E-1 1.67753E-1 1.24692E-1 1.14939E-1
