KUENM/Final_Models/M_0.1_F_lq_Set_2_EC/sp1_8_se_asia.asc
ncols         320
nrows         243
xllcorner     44.0
yllcorner     -0.666666666666667
cellsize      0.166666666666667
NODATA_value  -9999
[rows 31 to 61 of 243, columns 140 to 209 of 320]
1.33024E-9 2.75146E-10 5.35862E-10 9.71424E-11 1.55104E-9 1.16153E-8 1.12038E-9 1.01015E-9 9.02811E-9 1.94913E-6 1.28478E-3 3.47739E-3 1.9049E-3 1.7961E-2 7.35876E-2 1.09068E-1 1.88823E-1 2.13107E-1 2.04676E-1 2.48449E-1 2.35767E-1 2.1227E-1 7.75572E-2 3.087E-1 3.52476E-1 1.8838E-1 2.44701E-1 2.93462E-1 2.67167E-1 4.14992E-2 4.78742E-2 1.19183E-2 1.28278E-2 3.82099E-4 9.747E-4 6.78958E-4 4.35884E-4 9.99383E-6 4.02197E-6 1.12473E-4 3.55812E-5 5.39743E-4 1.01682E-4 3.13497E-7 1.28388E-7 1.02751E-7 2.24284E-8 4.19383E-10 2.03551E-12 6.39662E-12 9.02387E-12 1.82322E-10 1.21627E-8 6.64713E-10 3.08923E-9 1.30751E-9 2.25801E-14 2.08474E-15 2.6547E-15 2.91718E-14 2.61713E-10 2.98916E-8 2.06584E-14 3.42602E-18 1.22537E-17 3.5317E-15 -9999 -9999 -9999 -9999
1.28931E-8 3.24121E-8 1.82017E-7 2.12685E-7 3.7529E-8 3.90459E-8 2.17601E-8 6.01798E-7 2.38843E-5 4.30365E-5 6.45025E-4 9.91241E-4 4.35535E-4 6.68785E-4 9.71891E-3 3.41564E-2 1.30892E-1 2.06833E-1 2.06911E-1 2.40432E-1 2.9243E-1 3.05697E-1 2.82857E-1 3.56256E-1 3.78587E-1 3.95656E-1 4.93262E-1 5.01455E-1 4.67493E-1 2.86298E-1 1.47434E-1 8.82856E-2 2.3955E-2 2.70006E-3 4.26888E-4 7.80256E-5 3.23811E-4 1.37331E-3 2.68814E-3 1.46195E-5 2.37942E-4 8.41845E-3 1.9766E-3 2.42491E-3 6.89887E-6 4.74949E-9 8.30079E-10 1.92544E-10 5.42661E-12 4.45397E-11 1.82174E-10 1.63455E-10 3.94836E-10 6.79014E-10 5.01563E-10 2.06433E-9 4.42983E-9 2.16717E-12 1.27652E-14 7.02053E-16 3.5317E-15 9.83642E-15 3.61603E-10 8.20339E-15 4.53006E-17 1.26474E-13 4.38312E-17 1.49824E-17 8.99325E-17 -9999
8.62542E-8 7.19794E-9 5.98363E-9 1.04768E-7 2.4675E-7 1.45375E-6 8.83553E-7 1.50966E-6 7.79082E-6 5.21364E-5 7.22241E-4 3.03015E-4 3.91344E-6 5.1032E-6 1.16925E-3 8.71376E-3 8.63963E-2 1.83187E-1 2.41662E-1 2.60743E-1 2.87615E-1 3.33586E-1 3.68401E-1 3.89694E-1 4.41061E-1 5.10906E-1 5.42002E-1 5.48783E-1 5.48723E-1 5.34752E-1 4.49961E-1 2.3657E-1 3.81608E-2 3.19212E-2 1.49712E-3 6.85227E-4 6.29462E-4 1.2924E-2 1.06379E-3 1.96459E-5 1.45194E-6 9.29693E-4 1.10505E-2 1.56149E-2 1.74258E-3 3.15173E-5 9.40906E-8 8.83555E-9 3.23066E-10 9.2366E-12 2.95435E-13 1.17498E-10 7.17441E-12 2.71352E-12 2.40919E-12 1.43789E-11 1.25442E-10 1.39355E-9 1.96254E-9 1.12603E-8 2.92771E-11 1.04981E-12 2.05998E-13 2.14372E-12 1.2664E-12 1.38211E-13 1.34964E-15 3.3535E-16 1.04239E-14 1.02323E-15
1.56384E-8 1.0878E-8 1.02699E-8 1.07259E-7 4.03634E-7 3.50118E-7 3.57173E-6 2.23851E-5 9.25607E-5 2.79923E-4 7.55062E-4 1.60185E-4 1.86739E-7 3.25829E-6 2.46453E-6 3.81216E-8 4.0632E-6 1.45009E-3 1.90674E-2 9.88421E-2 2.16674E-1 2.04043E-1 2.37227E-1 2.94698E-1 4.65104E-1 4.94725E-1 5.41972E-1 5.60174E-1 5.60116E-1 5.48835E-1 5.49554E-1 5.25678E-1 3.15979E-1 2.70067E-1 9.79676E-3 2.75669E-3 4.02978E-4 4.96126E-2 9.89115E-3 1.06527E-3 9.9308E-4 1.73142E-5 2.76845E-4 8.95114E-3 1.41387E-2 1.93517E-3 1.13874E-6 4.17258E-8 1.59921E-9 2.15074E-10 6.59569E-13 5.511E-11 2.04558E-14 1.52044E-13 6.34142E-14 3.20165E-14 1.0391E-14 1.02946E-11 1.54339E-12 1.09338E-9 7.11512E-10 2.43559E-7 1.21166E-10 4.16331E-15 2.69376E-12 6.57031E-13 4.49059E-14 5.30755E-16 -9999 -9999
8.33522E-9 4.2657E-9 2.61255E-9 4.244E-8 4.74771E-8 1.15741E-7 1.6271E-6 9.95582E-6 5.53023E-5 4.73443E-4 4.44289E-4 2.96613E-5 7.38518E-7 2.29895E-5 2.93202E-4 2.63441E-3 5.67234E-3 1.41937E-4 9.5339E-6 8.38313E-5 4.10517E-3 5.68224E-2 2.03576E-1 3.40156E-1 4.86276E-1 5.06852E-1 5.23336E-1 4.784E-1 4.88226E-1 5.52631E-1 5.6631E-1 5.3279E-1 3.92422E-1 2.68898E-1 2.63192E-2 1.79586E-2 1.04455E-2 1.01495E-1 7.72756E-2 3.30533E-3 1.40921E-3 2.1691E-5 1.81649E-8 5.13851E-5 3.06007E-3 1.55751E-2 2.99179E-3 4.78119E-5 5.60798E-9 1.05305E-8 5.35629E-11 1.31915E-12 4.85485E-13 8.29071E-14 7.69009E-14 1.64289E-13 1.39025E-12 1.60496E-11 3.85827E-10 1.55237E-9 3.87617E-12 2.59834E-12 4.61575E-8 1.22391E-13 6.69503E-15 1.95325E-13 1.91195E-13 4.8737E-12 1.14562E-16 -9999
1.83308E-8 8.93738E-10 1.3801E-8 3.76234E-8 4.81032E-8 4.1995E-6 2.24735E-5 1.58548E-5 7.23957E-6 6.20744E-5 1.60766E-5 1.04789E-5 4.89433E-5 7.31296E-5 2.74271E-3 8.45226E-3 4.56704E-2 1.02008E-1 4.58752E-2 6.3996E-3 1.31744E-2 2.29254E-2 1.39036E-1 2.7268E-1 3.83019E-1 4.82549E-1 3.79348E-1 4.54696E-1 5.38937E-1 5.43372E-1 5.54514E-1 5.33812E-1 4.56587E-1 2.24565E-1 9.19123E-2 8.25078E-2 9.26407E-2 1.55232E-1 7.67916E-2 1.6323E-1 1.47144E-1 1.07105E-2 2.75695E-7 4.16874E-8 7.78189E-5 3.62517E-3 1.87268E-2 4.68562E-3 1.30655E-6 1.24262E-7 2.60475E-8 1.12444E-9 3.21887E-13 1.24053E-14 1.08392E-12 5.92557E-13 3.75154E-12 2.12796E-10 4.65884E-14 6.70645E-12 3.43132E-13 8.41024E-15 1.33202E-10 1.34531E-10 7.83083E-15 1.77362E-16 1.05025E-14 1.44147E-13 5.31731E-12 -9999
1.09891E-8 4.84656E-10 4.49271E-8 7.27077E-8 4.97577E-7 7.3823E-6 1.08716E-4 5.65236E-5 2.72857E-5 3.40842E-5 1.34765E-4 1.84907E-4 2.7446E-5 1.45068E-5 3.53547E-3 6.45406E-2 1.18538E-1 2.18248E-1 1.65287E-1 7.38876E-2 1.44782E-1 1.90908E-1 3.80382E-1 4.79254E-1 5.465E-1 5.19079E-1 5.11761E-1 5.62552E-1 5.58307E-1 5.35647E-1 5.30232E-1 5.23231E-1 4.72079E-1 3.25957E-1 2.06592E-1 1.79642E-1 1.41651E-1 1.47065E-1 1.94307E-1 2.46546E-1 2.23264E-1 5.67585E-2 1.56319E-4 7.75654E-9 2.31822E-7 4.74709E-5 3.69119E-4 4.70243E-4 4.67684E-6 1.45366E-7 4.42341E-6 1.65015E-8 4.0125E-11 1.73632E-12 1.65679E-13 2.11525E-13 2.05462E-11 3.09036E-10 7.05705E-12 8.76449E-14 2.2924E-12 1.23219E-14 4.9769E-13 3.59816E-14 8.28404E-12 1.02821E-15 5.82317E-17 8.9894E-14 9.97497E-12 -9999
5.57336E-8 6.79015E-9 2.78342E-8 1.51553E-8 1.85099E-6 6.12873E-5 2.91849E-4 3.66702E-4 1.87448E-4 5.13775E-4 4.99575E-4 1.92769E-5 4.2066E-4 7.31762E-4 2.75453E-2 1.26432E-1 2.21297E-1 2.30288E-1 3.03816E-1 3.47599E-1 3.74023E-1 3.78908E-1 4.47162E-1 5.42002E-1 5.8585E-1 5.82412E-1 5.72063E-1 5.74869E-1 5.66567E-1 5.5165E-1 5.53236E-1 5.34346E-1 5.11186E-1 4.76131E-1 3.76821E-1 3.29434E-1 2.83965E-1 1.96898E-1 1.33904E-1 1.81937E-1 2.4093E-1 1.77009E-1 4.49756E-2 4.49082E-5 2.34501E-4 6.88776E-6 2.21734E-6 5.11461E-5 6.15848E-7 6.04336E-5 6.22095E-4 2.40845E-5 3.42351E-9 5.80102E-9 7.2191E-10 6.75281E-14 7.60897E-14 1.66497E-10 8.1464E-14 1.92293E-12 2.79826E-13 3.15681E-13 1.17218E-13 2.85086E-13 2.69356E-13 6.57075E-13 4.60281E-15 1.0804E-15 3.19111E-14 -9999
2.88536E-7 2.33969E-7 3.50933E-7 8.39984E-6 8.42872E-5 2.50366E-4 3.9284E-4 2.89237E-4 4.89708E-4 5.17135E-4 6.99727E-5 1.09837E-5 5.00541E-4 7.77577E-3 6.86112E-2 1.22965E-1 1.42988E-1 2.84456E-1 3.68618E-1 4.15931E-1 4.11477E-1 4.7824E-1 5.17485E-1 5.36997E-1 5.50184E-1 5.60112E-1 5.74284E-1 5.63074E-1 5.64605E-1 5.70218E-1 5.65352E-1 5.71291E-1 5.8052E-1 5.43642E-1 4.93923E-1 4.7322E-1 4.30664E-1 2.6443E-1 1.41922E-1 1.41823E-1 2.67166E-1 2.69708E-1 2.18467E-1 7.86309E-2 2.64993E-2 2.36061E-3 2.55784E-3 1.40881E-3 3.6844E-5 1.65896E-5 3.87747E-4 6.45953E-6 9.35394E-7 5.48614E-7 1.00896E-10 7.7447E-12 3.59437E-14 5.07512E-13 5.21477E-12 4.54992E-12 1.03222E-11 3.14291E-12 1.69396E-12 2.09402E-13 1.13502E-13 1.94313E-14 1.02568E-12 3.41679E-12 5.62569E-14 4.08248E-11
3.02302E-6 1.9337E-6 8.71062E-6 6.42768E-5 2.04746E-4 2.91369E-4 1.27819E-4 9.80383E-5 3.8948E-4 2.47393E-4 4.28827E-5 1.00737E-4 3.73874E-4 2.03426E-3 1.26439E-2 1.00324E-1 2.43439E-1 3.65874E-1 4.21118E-1 4.53243E-1 4.79628E-1 5.10695E-1 5.25782E-1 4.53966E-1 4.55021E-1 5.41048E-1 5.75965E-1 5.74996E-1 5.76101E-1 5.68424E-1 5.71907E-1 5.7492E-1 5.76122E-1 5.59133E-1 5.47398E-1 5.31375E-1 4.91979E-1 3.85266E-1 2.55796E-1 1.75095E-1 2.22599E-1 2.08807E-1 1.25049E-1 8.46399E-2 1.31235E-2 9.61327E-3 3.25772E-3 5.18377E-4 4.58118E-4 5.12702E-4 1.96365E-4 6.91757E-5 9.79744E-7 7.11754E-8 1.13433E-6 3.21823E-10 3.37614E-12 2.9325E-14 8.7374E-14 1.17526E-12 4.85485E-13 2.95202E-12 5.0434E-13 4.91451E-14 1.61063E-15 6.24443E-14 5.22808E-16 9.92657E-13 3.52572E-10 2.31443E-12
3.91271E-6 1.00777E-5 4.38675E-5 1.44075E-4 2.42197E-4 1.63381E-4 1.8295E-4 4.93562E-4 2.00102E-4 7.51018E-5 2.25944E-4 8.55892E-4 6.10661E-3 2.26122E-2 7.06185E-2 1.14914E-1 2.96793E-1 4.01446E-1 4.39215E-1 4.53169E-1 4.74938E-1 5.06381E-1 5.08746E-1 5.43822E-1 5.56815E-1 5.63535E-1 5.65565E-1 5.62025E-1 5.59835E-1 5.4799E-1 5.48627E-1 5.48878E-1 5.44883E-1 5.62095E-1 5.77007E-1 5.87493E-1 5.65595E-1 5.0614E-1 4.19147E-1 3.25522E-1 2.53932E-1 1.89451E-1 8.73276E-2 2.00044E-2 2.58939E-3 7.6115E-4 6.87626E-5 1.12149E-4 5.08127E-5 2.31298E-6 4.88283E-6 4.24253E-6 6.49933E-6 5.01629E-6 8.16978E-7 3.404E-9 2.00069E-11 1.50347E-11 7.83068E-14 7.13721E-14 5.41311E-13 9.96495E-12 4.66504E-13 6.25299E-14 8.55244E-14 7.74224E-13 1.60855E-14 7.67649E-14 6.30466E-13 1.40859E-10
4.96652E-5 1.31389E-4 2.51341E-4 2.53462E-4 3.56355E-4 4.24138E-4 6.23306E-4 4.62678E-4 6.71404E-5 2.84909E-4 3.55835E-4 2.71963E-3 1.10365E-3 2.3249E-3 1.17704E-3 2.46338E-2 1.60233E-1 3.37538E-1 4.35671E-1 4.4542E-1 4.65738E-1 4.8819E-1 5.07561E-1 5.22564E-1 5.37796E-1 5.49599E-1 5.33884E-1 5.50155E-1 5.38483E-1 5.16754E-1 5.01987E-1 4.9008E-1 4.91021E-1 5.15227E-1 5.48792E-1 6.05007E-1 6.13056E-1 5.92945E-1 5.4329E-1 4.94235E-1 4.27085E-1 3.20376E-1 1.74636E-1 6.30156E-2 1.53781E-2 2.54185E-3 8.48703E-5 2.66411E-6 3.11168E-5 3.44403E-6 7.26387E-7 6.70224E-8 2.42451E-8 1.00302E-6 2.39203E-7 1.90789E-8 1.42868E-8 7.31488E-12 7.98428E-12 4.77162E-11 2.2492E-13 7.83068E-14 4.18403E-13 2.57087E-13 1.96759E-13 8.04534E-13 5.44842E-12 1.67593E-11 7.46493E-15 1.30869E-10
3.41278E-4 2.96058E-4 2.34875E-4 4.73975E-4 6.26922E-4 6.74224E-4 6.42649E-4 3.73699E-4 7.1704E-4 2.7117E-3 9.56523E-4 2.15658E-3 3.31899E-4 4.12072E-4 4.20861E-3 4.42848E-2 1.53993E-1 2.22933E-1 4.21276E-1 4.42221E-1 4.5138E-1 4.72223E-1 4.88821E-1 5.05814E-1 5.21816E-1 5.3058E-1 5.35797E-1 4.87385E-1 4.51112E-1 4.41082E-1 5.0702E-1 5.41384E-1 5.67081E-1 5.75965E-1 5.98857E-1 6.19669E-1 6.2979E-1 6.28008E-1 6.20189E-1 6.01748E-1 5.73387E-1 5.04978E-1 3.90262E-1 3.41583E-1 1.7689E-1 5.4859E-2 7.10606E-3 1.33894E-4 2.52897E-6 2.40795E-7 2.77207E-8 1.77938E-10 2.00856E-12 4.5367E-9 6.22745E-7 1.15963E-8 1.89779E-9 3.95968E-8 8.99619E-9 2.33584E-10 1.9463E-13 4.85288E-13 9.58088E-14 3.29077E-14 5.52457E-14 4.1852E-14 6.73445E-14 1.28888E-11 7.79339E-14 1.09677E-12
5.82248E-4 1.43249E-4 4.05343E-4 7.19659E-4 7.43067E-4 5.19168E-4 5.25995E-4 6.38134E-4 1.25673E-3 6.94904E-3 5.02944E-3 1.83812E-3 2.96387E-3 1.49167E-2 2.99856E-2 1.39893E-1 3.11156E-1 3.8073E-1 4.04348E-1 4.23061E-1 4.42581E-1 4.51658E-1 4.59094E-1 4.8193E-1 4.89097E-1 5.03412E-1 5.14258E-1 5.22168E-1 5.09363E-1 5.47533E-1 5.70747E-1 5.7222E-1 5.68335E-1 5.60758E-1 5.76667E-1 5.97451E-1 6.16559E-1 6.28686E-1 6.33188E-1 6.32804E-1 6.26313E-1 6.089E-1 5.62567E-1 5.73711E-1 4.81009E-1 2.90075E-1 1.24236E-1 3.26091E-2 2.37754E-3 3.37469E-5 1.19559E-6 5.11644E-11 1.54534E-14 2.66119E-9 7.22912E-9 7.80817E-7 4.46572E-8 1.58641E-8 9.88001E-8 1.65013E-8 1.34773E-12 2.9572E-11 3.83744E-12 9.36713E-11 3.39887E-13 1.33182E-14 5.9849E-14 -9999 -9999 1.09529E-14
4.06117E-4 7.52241E-4 6.61557E-4 4.80693E-4 3.18874E-4 3.40709E-4 3.65938E-4 2.5955E-4 6.93595E-4 4.4031E-3 2.51471E-2 1.82299E-2 4.0183E-2 1.06585E-1 1.22928E-1 2.20957E-1 3.35994E-1 3.7871E-1 3.82416E-1 3.97957E-1 4.19177E-1 4.32631E-1 4.36942E-1 4.40354E-1 4.52668E-1 4.65673E-1 4.79638E-1 4.98317E-1 5.20865E-1 5.41505E-1 5.59558E-1 5.63369E-1 5.58958E-1 5.54354E-1 5.58049E-1 5.75045E-1 5.90853E-1 6.1034E-1 6.22333E-1 6.28456E-1 6.33188E-1 6.28764E-1 6.17135E-1 6.0757E-1 5.77175E-1 4.9174E-1 3.71137E-1 1.93402E-1 5.14421E-2 3.33211E-3 2.57424E-5 2.35286E-8 4.84587E-16 1.86474E-18 1.02524E-8 6.41161E-7 4.05722E-7 1.19682E-8 6.3047E-8 9.32255E-7 2.68311E-10 1.64224E-11 5.37641E-14 2.64052E-11 1.81427E-9 1.1258E-11 2.43801E-13 -9999 -9999 -9999
8.66564E-4 5.89702E-4 3.38241E-4 2.58691E-4 2.91314E-4 5.98348E-4 5.85972E-4 1.22236E-3 2.51879E-3 1.51999E-3 3.60583E-2 7.85386E-2 1.1637E-1 1.79915E-1 2.57434E-1 2.79529E-1 3.50225E-1 3.59228E-1 3.68974E-1 3.77318E-1 3.90538E-1 3.96336E-1 3.9708E-1 4.0441E-1 4.13985E-1 4.24986E-1 4.38837E-1 4.58202E-1 4.84993E-1 5.11075E-1 5.38893E-1 5.52805E-1 5.55286E-1 5.40664E-1 5.36537E-1 5.48898E-1 5.61243E-1 5.80473E-1 6.01688E-1 6.19034E-1 6.3205E-1 6.29958E-1 6.23548E-1 6.17789E-1 6.02272E-1 5.7219E-1 4.9683E-1 3.54778E-1 1.7409E-1 4.56536E-2 1.26508E-3 2.42838E-6 8.40664E-10 4.00031E-17 5.97394E-21 3.77414E-15 4.89921E-9 5.2252E-7 1.40264E-7 1.11507E-6 1.47951E-7 1.7273E-11 1.10349E-13 2.4239E-11 2.60147E-9 5.70006E-9 8.11979E-10 4.54338E-8 -9999 -9999
6.38134E-4 1.31653E-3 7.34086E-4 6.07066E-4 7.80686E-4 1.1142E-3 2.04225E-3 2.74945E-3 6.01588E-3 5.04809E-3 1.74233E-2 9.95841E-2 1.63149E-1 1.73118E-1 2.15413E-1 1.47337E-1 3.37036E-1 3.44124E-1 3.54257E-1 3.64409E-1 3.72318E-1 3.68974E-1 3.68974E-1 3.70647E-1 3.73334E-1 3.85601E-1 4.00332E-1 4.15568E-1 4.44879E-1 4.79511E-1 5.05942E-1 5.22314E-1 5.25804E-1 5.15639E-1 5.16552E-1 5.18875E-1 5.36467E-1 5.56815E-1 5.84376E-1 6.1294E-1 6.31788E-1 6.335E-1 6.27308E-1 6.17789E-1 6.01566E-1 5.82752E-1 5.39996E-1 4.59744E-1 3.23918E-1 1.67928E-1 1.35218E-2 4.98075E-5 8.21933E-9 9.70281E-10 7.14962E-15 1.8691E-13 1.18565E-10 5.90353E-9 4.65714E-8 1.63893E-7 3.79768E-7 1.1036E-9 2.40251E-11 4.13297E-12 2.63539E-10 2.90761E-11 1.16902E-11 1.7024E-7 -9999 -9999
3.76262E-3 1.38474E-3 1.7643E-3 1.70161E-3 2.32332E-3 2.53992E-3 3.78731E-3 5.6404E-3 1.02997E-2 1.00012E-2 2.49832E-2 3.08958E-2 1.41086E-1 1.64676E-1 1.14901E-1 6.8484E-2 3.17294E-1 3.38258E-1 3.37223E-1 3.47458E-1 3.47458E-1 3.45354E-1 3.2321E-1 3.26624E-1 3.35149E-1 3.50441E-1 3.60576E-1 3.77318E-1 4.09213E-1 4.40354E-1 4.71321E-1 4.916E-1 4.95145E-1 4.89974E-1 4.86889E-1 5.02733E-1 5.1729E-1 5.39672E-1 5.69628E-1 6.02916E-1 6.28455E-1 6.36405E-1 6.25877E-1 6.12754E-1 5.909E-1 5.70373E-1 5.57618E-1 5.17846E-1 4.33172E-1 3.30294E-1 1.11238E-1 8.02056E-4 2.5749E-8 4.15469E-8 4.31249E-7 1.08191E-8 5.83542E-9 7.88681E-7 2.72162E-7 1.16654E-6 1.8837E-7 5.30126E-8 2.40684E-10 3.02571E-10 7.61026E-11 5.54668E-10 1.633E-7 7.0103E-7 -9999 -9999
3.34733E-3 2.58771E-3 2.91889E-3 3.57828E-3 3.75964E-3 4.42404E-3 5.86027E-3 8.02954E-3 1.52669E-2 1.74934E-2 2.06556E-2 4.394E-2 1.00655E-1 1.39529E-1 3.24741E-2 2.49034E-2 2.69733E-1 3.31627E-1 3.28872E-1 3.2721E-1 3.21999E-1 3.15125E-1 2.99564E-1 2.99564E-1 3.08116E-1 3.20107E-1 3.37223E-1 3.5086E-1 3.73987E-1 4.10009E-1 4.40354E-1 4.67092E-1 4.83724E-1 4.80947E-1 4.80712E-1 4.87355E-1 4.96424E-1 5.20799E-1 5.54889E-1 5.93149E-1 6.25088E-1 6.39129E-1 6.28215E-1 6.15378E-1 5.97869E-1 5.79532E-1 5.80934E-1 5.57234E-1 5.14395E-1 4.43185E-1 2.88939E-1 9.08886E-2 7.49738E-3 1.61575E-3 1.8553E-4 4.04503E-4 3.41652E-5 6.56919E-6 6.95504E-7 5.75582E-8 1.82253E-7 3.69969E-7 3.37283E-6 1.23014E-5 3.12923E-6 2.322E-6 4.0217E-6 2.50251E-10 3.44442E-12 -9999
3.51259E-3 2.31815E-3 1.91988E-3 2.5696E-3 3.73597E-3 3.98427E-3 7.46979E-3 9.79052E-3 1.24871E-2 1.00694E-2 1.61915E-2 6.38445E-2 1.39455E-1 8.65996E-2 4.15446E-2 5.94148E-2 2.02281E-1 3.26795E-1 3.18562E-1 3.09977E-1 3.06394E-1 3.01219E-1 2.89358E-1 2.85937E-1 2.89358E-1 2.96248E-1 3.08253E-1 3.21999E-1 3.47721E-1 3.74492E-1 4.148E-1 4.5626E-1 4.80889E-1 4.9699E-1 4.96795E-1 4.87646E-1 4.80947E-1 5.01899E-1 5.3503E-1 5.72502E-1 6.08685E-1 6.29027E-1 6.30173E-1 6.2732E-1 6.18917E-1 6.17495E-1 6.11871E-1 5.91954E-1 5.55593E-1 5.13293E-1 4.58311E-1 3.39929E-1 1.34532E-1 6.05165E-2 1.50157E-2 5.64041E-3 1.09548E-3 1.89806E-5 2.77116E-6 8.13618E-6 2.75396E-5 7.32032E-5 5.26262E-6 6.91089E-8 3.97154E-8 3.41783E-7 3.58926E-10 2.82037E-10 5.67062E-12 -9999
2.84837E-3 2.58812E-3 2.38197E-3 2.73508E-3 3.92468E-3 5.17006E-3 4.12837E-3 6.01588E-3 8.13976E-3 1.37785E-2 3.48692E-2 9.18303E-2 8.58864E-2 5.02524E-2 5.28726E-2 8.77878E-2 1.5353E-1 3.19402E-1 3.12966E-1 3.00935E-1 2.99208E-1 2.88867E-1 2.82325E-1 2.78909E-1 2.70402E-1 2.73798E-1 2.79113E-1 2.89358E-1 3.11699E-1 3.47721E-1 3.93175E-1 4.51127E-1 4.9553E-1 5.16032E-1 5.0857E-1 4.87762E-1 4.72721E-1 4.85076E-1 5.14612E-1 5.43642E-1 5.77624E-1 5.97208E-1 6.10007E-1 6.17795E-1 6.21827E-1 6.22893E-1 6.27376E-1 6.20987E-1 5.98042E-1 5.74211E-1 5.80457E-1 5.19612E-1 3.81879E-1 1.61085E-1 9.55876E-2 1.75991E-2 1.93657E-3 1.15787E-4 5.31041E-4 4.04295E-4 1.29651E-5 2.46674E-6 1.0527E-5 1.14767E-5 6.08545E-6 1.96855E-8 1.15059E-10 8.83923E-12 2.42649E-12 7.34717E-12
2.09618E-3 1.16497E-3 1.79128E-3 3.02922E-3 4.09036E-3 3.97951E-3 7.20064E-3 1.33807E-2 1.56106E-2 1.44399E-2 4.8255E-2 8.84965E-2 4.97087E-2 5.52043E-2 6.05307E-2 1.55606E-1 1.97627E-1 3.18385E-1 3.08592E-1 2.95756E-1 2.88427E-1 2.86705E-1 2.79833E-1 2.64967E-1 2.61588E-1 2.58219E-1 2.55235E-1 2.60267E-1 2.77204E-1 3.18593E-1 3.71683E-1 4.42655E-1 5.10838E-1 5.33902E-1 5.11045E-1 4.82263E-1 4.6829E-1 4.71126E-1 4.89097E-1 5.17037E-1 5.37219E-1 5.57785E-1 5.71362E-1 6.0322E-1 6.24447E-1 6.27312E-1 6.29155E-1 6.33398E-1 6.2955E-1 6.21934E-1 6.08092E-1 5.53845E-1 4.51347E-1 3.53303E-1 2.19026E-1 8.38931E-2 7.26919E-3 7.29158E-4 3.24121E-4 5.08896E-5 9.66737E-5 4.52069E-6 1.65122E-5 1.26114E-5 6.18718E-5 1.09918E-5 1.15813E-8 4.27652E-11 5.10446E-8 8.52426E-9
2.13795E-3 5.01436E-4 2.74752E-3 1.06627E-2 2.4973E-2 2.16877E-2 1.66239E-2 2.15465E-2 3.73842E-2 4.71682E-2 7.70961E-2 5.91597E-2 5.00091E-2 4.8025E-2 1.07571E-1 1.52057E-1 1.54252E-1 2.99152E-1 3.06146E-1 2.88427E-1 2.78542E-1 2.77535E-1 2.67284E-1 2.5773E-1 2.49348E-1 2.42699E-1 2.36107E-1 2.32833E-1 2.4652E-1 2.87462E-1 3.40933E-1 4.17932E-1 5.1679E-1 5.34902E-1 4.96523E-1 4.6646E-1 4.51814E-1 4.53804E-1 4.66864E-1 4.86351E-1 4.99576E-1 5.17853E-1 5.53865E-1 6.04715E-1 6.26693E-1 6.25273E-1 6.26961E-1 6.34064E-1 6.3626E-1 6.30892E-1 6.08967E-1 5.61473E-1 5.15803E-1 4.5117E-1 3.88919E-1 2.14463E-1 4.56536E-2 7.07136E-4 5.88433E-5 4.71761E-5 5.67065E-6 6.59445E-6 3.87741E-6 2.87435E-6 4.62744E-6 9.92694E-6 3.13209E-6 1.63137E-7 3.57817E-8 1.62708E-11
2.96392E-3 3.80519E-3 1.29393E-2 1.19109E-2 1.9088E-2 4.09607E-2 4.01501E-2 4.15892E-2 4.87648E-2 5.18485E-2 5.59601E-2 6.34396E-2 7.35863E-2 9.30865E-2 1.51763E-1 1.86792E-1 1.08312E-1 3.08087E-1 3.07162E-1 2.7812E-1 2.6572E-1 2.63162E-1 2.56392E-1 2.49669E-1 2.42077E-1 2.3384E-1 2.2732E-1 2.19265E-1 2.26333E-1 2.74699E-1 3.1651E-1 3.83544E-1 4.54113E-1 4.72948E-1 4.45713E-1 4.2812E-1 4.26551E-1 4.33615E-1 4.41277E-1 4.53804E-1 4.65433E-1 4.86422E-1 5.3503E-1 5.87224E-1 6.07599E-1 6.11397E-1 6.14432E-1 6.27318E-1 6.38627E-1 6.36401E-1 6.22299E-1 6.03337E-1 6.01157E-1 5.49507E-1 4.74087E-1 3.70844E-1 1.85099E-1 8.89235E-3 5.03461E-6 7.85106E-7 4.16106E-7 3.61185E-7 8.75712E-9 5.25198E-8 9.02335E-9 1.17663E-7 7.88999E-7 2.645E-6 4.74535E-8 2.72855E-9
4.60778E-3 9.99655E-4 5.98119E-4 3.17429E-3 1.20128E-2 1.72735E-2 2.02385E-2 2.35917E-2 3.02822E-2 5.18329E-2 7.63204E-2 9.90906E-2 1.13521E-1 1.47161E-1 1.95763E-1 2.31075E-1 2.19228E-1 3.1437E-1 3.05945E-1 2.724E-1 2.52175E-1 2.47146E-1 2.40488E-1 2.42147E-1 2.35532E-1 2.32248E-1 2.28202E-1 2.21732E-1 2.36384E-1 2.60498E-1 3.00517E-1 3.42474E-1 3.86896E-1 4.01692E-1 3.98404E-1 3.91523E-1 3.96471E-1 4.07905E-1 4.26551E-1 4.39754E-1 4.47326E-1 4.62555E-1 5.22062E-1 5.67147E-1 5.86457E-1 5.94388E-1 5.95831E-1 6.11331E-1 6.36639E-1 6.4177E-1 6.33052E-1 6.30138E-1 6.34055E-1 6.17166E-1 5.57194E-1 4.82236E-1 3.22715E-1 1.06234E-1 1.42927E-3 6.18677E-8 2.18235E-11 4.36523E-11 2.72918E-12 1.0022E-12 2.94808E-12 1.43276E-10 1.15314E-8 2.89109E-7 4.79407E-7 1.0802E-7
4.88195E-3 2.31067E-3 3.78326E-4 5.54747E-4 5.7332E-3 1.93583E-2 3.30134E-2 4.34847E-2 6.6525E-2 1.05802E-1 1.25791E-1 1.34786E-1 1.43338E-1 1.52057E-1 1.73369E-1 1.96868E-1 2.0354E-1 3.12562E-1 3.07582E-1 2.62191E-1 2.42844E-1 2.34568E-1 2.32925E-1 2.32925E-1 2.34568E-1 2.37867E-1 2.32925E-1 2.27351E-1 2.38032E-1 2.53025E-1 2.80969E-1 3.07448E-1 3.36953E-1 3.51094E-1 3.51252E-1 3.49554E-1 3.56393E-1 3.79878E-1 4.09525E-1 4.40514E-1 4.51127E-1 4.60661E-1 5.11075E-1 5.61173E-1 5.82059E-1 5.79516E-1 5.60192E-1 5.7604E-1 6.23739E-1 6.43741E-1 6.45445E-1 6.40383E-1 6.43721E-1 6.28756E-1 6.00009E-1 5.4503E-1 3.52101E-1 1.78911E-1 3.89786E-2 4.79732E-4 1.96779E-7 7.30609E-10 1.40549E-9 1.799E-12 4.50347E-16 4.85463E-13 2.01007E-9 2.43812E-7 5.16149E-7 5.42225E-6
1.17661E-2 3.67808E-2 4.64492E-2 2.01317E-2 1.11037E-2 2.59132E-2 6.04555E-2 8.76984E-2 1.01508E-1 1.42828E-1 1.83635E-1 1.74024E-1 1.77956E-1 1.5786E-1 1.37478E-1 2.14832E-1 1.53806E-1 3.3114E-1 3.02057E-1 2.42844E-1 2.23702E-1 2.25324E-1 2.23702E-1 2.25324E-1 2.36791E-1 2.41765E-1 2.38445E-1 2.36216E-1 2.3718E-1 2.45476E-1 2.63162E-1 2.83707E-1 3.01702E-1 3.14388E-1 3.19975E-1 3.2344E-1 3.32309E-1 3.58099E-1 3.91789E-1 4.20764E-1 4.30247E-1 4.49625E-1 5.07003E-1 5.59656E-1 5.82779E-1 5.84466E-1 5.50404E-1 5.59656E-1 6.1323E-1 6.36028E-1 6.44357E-1 6.48501E-1 6.44047E-1 6.45541E-1 5.83609E-1 5.24509E-1 4.28935E-1 2.97214E-1 1.53924E-1 4.05222E-2 2.54283E-4 8.16969E-6 2.58075E-7 3.38924E-9 1.53556E-10 4.23896E-13 2.28506E-10 1.18138E-6 1.8282E-4 7.03897E-5
4.24686E-2 1.988E-1 2.54933E-1 3.00596E-1 1.80846E-1 4.84514E-2 6.58347E-2 1.75561E-1 2.20953E-1 2.35133E-1 2.39302E-1 2.16328E-1 2.06683E-1 1.25634E-1 1.98269E-1 2.69092E-1 2.01829E-1 3.36803E-1 2.83266E-1 2.35141E-1 2.17699E-1 2.20915E-1 2.22085E-1 2.20473E-1 2.3067E-1 2.37256E-1 2.33955E-1 2.25324E-1 2.28579E-1 2.2965E-1 2.4618E-1 2.62317E-1 2.82876E-1 2.88887E-1 2.9477E-1 3.02249E-1 3.21707E-1 3.46098E-1 3.80181E-1 4.03332E-1 4.11478E-1 4.36917E-1 4.90596E-1 5.47325E-1 5.72572E-1 5.7984E-1 5.70695E-1 5.99335E-1 6.15432E-1 6.25833E-1 6.33829E-1 6.46755E-1 6.41209E-1 6.3646E-1 6.4035E-1 5.95541E-1 5.29237E-1 4.32693E-1 3.08559E-1 1.68728E-1 1.43384E-2 1.80784E-3 2.61956E-3 4.8235E-4 4.78468E-7 2.37961E-6 3.94115E-8 1.13312E-6 4.539E-7 1.69672E-6
1.00285E-1 2.61856E-1 3.08775E-1 3.38677E-1 3.41646E-1 2.25908E-1 1.78231E-1 2.25092E-1 2.49012E-1 1.72487E-1 1.72619E-1 1.59452E-1 1.7065E-1 2.67243E-1 2.70408E-1 2.13767E-1 3.24925E-1 3.32306E-1 2.83647E-1 2.45939E-1 2.3231E-1 2.2253E-1 2.19305E-1 2.17699E-1 2.2253E-1 2.20915E-1 2.17699E-1 2.16098E-1 2.14069E-1 2.22085E-1 2.33494E-1 2.50126E-1 2.61352E-1 2.75988E-1 2.81983E-1 2.87857E-1 3.09182E-1 3.3729E-1 3.64815E-1 3.85221E-1 3.96887E-1 4.16524E-1 4.56778E-1 5.04684E-1 5.40368E-1 5.5684E-1 5.65076E-1 5.87987E-1 6.02885E-1 5.97646E-1 6.0645E-1 6.22103E-1 6.32951E-1 6.42352E-1 6.48066E-1 6.38498E-1 6.02837E-1 5.2323E-1 4.09821E-1 2.62675E-1 9.11459E-2 2.44503E-2 1.96456E-2 3.14168E-2 1.1383E-2 1.33584E-4 5.28035E-9 2.83218E-8 2.87746E-6 1.93474E-7
2.37066E-1 2.6538E-1 2.64862E-1 2.56045E-1 2.88427E-1 3.08116E-1 2.79356E-1 2.35527E-1 2.26191E-1 2.17089E-1 2.30179E-1 2.52015E-1 3.17411E-1 3.21564E-1 3.36291E-1 2.70041E-1 3.70007E-1 3.29861E-1 3.0222E-1 2.73124E-1 2.45939E-1 2.24149E-1 2.14502E-1 2.11324E-1 2.06593E-1 2.11324E-1 2.09742E-1 2.06593E-1 2.05027E-1 2.11324E-1 2.24149E-1 2.38912E-1 2.55672E-1 2.68795E-1 2.78469E-1 2.86331E-1 3.04498E-1 3.20822E-1 3.35219E-1 3.52517E-1 3.61395E-1 3.85164E-1 4.19805E-1 4.64583E-1 4.99899E-1 5.24394E-1 5.46011E-1 5.68047E-1 5.76667E-1 5.66064E-1 5.49324E-1 5.48225E-1 6.15658E-1 6.3951E-1 6.45006E-1 6.45331E-1 6.4013E-1 5.74249E-1 4.64219E-1 3.59966E-1 2.40883E-1 1.19087E-1 7.76989E-2 1.03557E-1 1.03792E-1 7.91236E-3 2.01772E-5 4.74664E-7 6.86441E-7 2.49873E-7
2.20607E-1 2.08834E-1 1.87766E-1 1.92857E-1 2.12484E-1 2.65376E-1 3.03437E-1 2.74073E-1 2.6425E-1 2.70217E-1 3.00087E-1 2.88343E-1 3.16003E-1 3.51967E-1 3.47427E-1 3.49333E-1 3.5495E-1 3.42913E-1 3.25401E-1 2.9914E-1 2.64551E-1 2.27401E-1 2.06915E-1 2.02225E-1 2.03465E-1 2.03465E-1 1.98812E-1 1.97583E-1 1.97583E-1 2.06915E-1 2.24491E-1 2.40931E-1 2.54353E-1 2.67973E-1 2.79627E-1 2.81919E-1 2.8884E-1 2.89793E-1 2.97549E-1 3.13863E-1 3.29521E-1 3.50345E-1 3.88325E-1 4.27754E-1 4.63319E-1 4.90678E-1 5.21122E-1 5.48969E-1 5.65891E-1 5.61807E-1 5.47859E-1 5.60771E-1 6.25094E-1 6.3395E-1 6.04329E-1 6.12354E-1 6.48338E-1 6.12613E-1 5.06016E-1 4.30114E-1 3.66599E-1 2.53856E-1 2.01332E-1 1.85099E-1 1.39245E-1 4.36326E-2 4.68141E-3 9.17077E-5 1.76929E-5 4.24105E-6
