KUENM/Final_Models/M_0.1_F_lq_Set_2_EC/sp1_4_se_asia.asc
ncols         320
nrows         243
xllcorner     44.0
yllcorner     -0.666666666666667
cellsize      0.166666666666667
NODATA_value  -9999
[rows 93 to 123 of 243, columns 140 to 209 of 320]
1.96946E-1 2.06465E-1 2.17955E-1 2.2779E-1 2.41541E-1 2.57474E-1 2.77179E-1 2.93691E-1 2.97724E-1 3.04222E-1 3.08286E-1 3.12354E-1 3.16426E-1 3.24949E-1 3.33135E-1 3.49801E-1 3.64102E-1 3.90693E-1 4.24596E-1 4.6249E-1 5.02343E-1 5.23052E-1 5.56686E-1 5.86011E-1 6.16574E-1 6.37877E-1 6.4535E-1 6.56222E-1 6.67798E-1 6.7348E-1 6.5586E-1 5.54329E-1 3.30875E-1 3.22455E-1 4.1581E-1 2.64755E-1 2.3186E-1 3.8727E-1 6.00622E-1 6.47685E-1 6.29795E-1 5.2786E-1 4.8625E-1 3.92249E-1 3.13297E-1 2.85766E-1 3.23363E-1 3.61562E-1 4.11688E-1 4.24723E-1 4.39412E-1 3.85292E-1 3.05347E-1 2.70341E-1 2.91114E-1 2.90525E-1 2.23582E-1 1.58591E-1 1.79895E-1 2.02788E-1 2.1355E-1 2.26441E-1 2.24761E-1 2.01013E-1 1.3136E-1 5.00037E-2 2.21052E-2 1.2255E-2 1.14056E-2 1.39933E-2
2.03094E-1 2.1644E-1 2.26408E-1 2.42161E-1 2.60188E-1 2.8451E-1 3.10522E-1 3.35528E-1 3.60524E-1 3.68568E-1 3.6656E-1 3.6119E-1 3.6119E-1 3.63734E-1 3.57638E-1 3.62064E-1 3.76286E-1 4.00702E-1 4.38111E-1 4.78753E-1 5.13354E-1 5.49466E-1 5.79696E-1 6.10293E-1 6.37167E-1 6.59404E-1 6.627E-1 6.65309E-1 6.73485E-1 6.75919E-1 6.62356E-1 6.08792E-1 4.62593E-1 4.2569E-1 4.16516E-1 2.66743E-1 4.03868E-1 5.68652E-1 6.32791E-1 6.58062E-1 6.54797E-1 6.13115E-1 6.02094E-1 4.67779E-1 2.85766E-1 2.72977E-1 3.19603E-1 3.51419E-1 4.05259E-1 4.52842E-1 4.1961E-1 3.43401E-1 3.09217E-1 3.08706E-1 3.20037E-1 3.05574E-1 1.93142E-1 1.60663E-1 1.96033E-1 2.69157E-1 2.93927E-1 2.57765E-1 2.11325E-1 1.42538E-1 8.03915E-2 2.75116E-2 1.3649E-2 8.71702E-3 9.83522E-3 8.23902E-3
-9999 2.31073E-1 2.4415E-1 2.64268E-1 2.82833E-1 3.13631E-1 3.48728E-1 3.86461E-1 4.2049E-1 4.32942E-1 4.21579E-1 4.08973E-1 3.95231E-1 3.89913E-1 3.82551E-1 3.6171E-1 3.74262E-1 4.18055E-1 4.5839E-1 4.99575E-1 5.40218E-1 5.71258E-1 6.02964E-1 6.26445E-1 6.4947E-1 6.66713E-1 6.73435E-1 6.76329E-1 6.8147E-1 6.77485E-1 6.7348E-1 6.4904E-1 5.54833E-1 4.27306E-1 3.66812E-1 3.5713E-1 4.24723E-1 5.65266E-1 6.54293E-1 6.5766E-1 6.70901E-1 6.60738E-1 5.94299E-1 4.35467E-1 2.92754E-1 2.77326E-1 3.10602E-1 3.46753E-1 4.01705E-1 4.22744E-1 3.21483E-1 2.80148E-1 3.05387E-1 3.24387E-1 3.10665E-1 2.82705E-1 1.96623E-1 1.53892E-1 1.82565E-1 2.7485E-1 3.03193E-1 2.39487E-1 1.17369E-1 4.46195E-2 2.54989E-2 1.17752E-2 6.48069E-3 6.12198E-3 6.7893E-3 7.95641E-3
-9999 -9999 -9999 -9999 3.14569E-1 3.42456E-1 3.77376E-1 -9999 4.71843E-1 4.80097E-1 4.71545E-1 4.49624E-1 4.12862E-1 3.71282E-1 3.3477E-1 3.26996E-1 3.66139E-1 4.24317E-1 4.67517E-1 5.19341E-1 5.59687E-1 5.89019E-1 6.16754E-1 6.37043E-1 6.51962E-1 6.59404E-1 6.66193E-1 6.77304E-1 6.82967E-1 6.80903E-1 6.78189E-1 6.59022E-1 6.04491E-1 4.75123E-1 3.93114E-1 4.45698E-1 4.58596E-1 4.90375E-1 6.10096E-1 6.60121E-1 6.62502E-1 6.11221E-1 4.63206E-1 4.08856E-1 2.729E-1 2.63892E-1 3.29095E-1 3.80023E-1 3.71697E-1 3.72676E-1 3.22051E-1 3.02082E-1 3.12572E-1 2.99313E-1 2.67876E-1 2.13843E-1 1.68602E-1 1.26509E-1 1.21487E-1 2.14368E-1 2.61277E-1 1.69952E-1 6.05717E-2 1.8655E-2 1.04537E-2 5.60959E-3 3.50991E-3 3.71395E-3 4.21683E-3 6.66964E-3
-9999 -9999 -9999 -9999 -9999 -9999 4.10618E-1 4.54273E-1 4.79964E-1 4.97608E-1 5.05118E-1 4.9684E-1 4.38553E-1 3.40882E-1 2.50414E-1 2.90295E-1 3.74262E-1 4.4295E-1 5.03936E-1 5.52476E-1 5.8586E-1 6.10551E-1 6.29199E-1 6.45292E-1 6.57392E-1 6.64673E-1 6.6921E-1 6.80357E-1 6.84871E-1 6.80698E-1 6.70812E-1 6.53916E-1 6.23192E-1 5.59383E-1 4.80264E-1 4.80264E-1 4.93721E-1 5.37345E-1 6.13896E-1 6.47592E-1 6.35639E-1 5.06181E-1 2.59559E-1 2.60537E-1 2.1613E-1 2.17451E-1 3.26344E-1 3.477E-1 3.26344E-1 3.28999E-1 3.05817E-1 3.21483E-1 2.86065E-1 2.3147E-1 1.95339E-1 1.7202E-1 1.32869E-1 7.88302E-2 7.55955E-2 1.34546E-1 1.99413E-1 9.31791E-2 2.47296E-2 9.59227E-3 5.20058E-3 2.95773E-3 2.07222E-3 1.93673E-3 2.99329E-3 5.69564E-3
-9999 -9999 -9999 -9999 -9999 -9999 -9999 4.62913E-1 4.94226E-1 5.14724E-1 5.28976E-1 5.30351E-1 4.8831E-1 4.02033E-1 3.4638E-1 3.68568E-1 4.25195E-1 4.90577E-1 5.45471E-1 5.80041E-1 6.05758E-1 6.23525E-1 6.38702E-1 6.52667E-1 6.63531E-1 6.71419E-1 6.7679E-1 6.83949E-1 6.84531E-1 6.70664E-1 6.45409E-1 6.32432E-1 6.30017E-1 6.09894E-1 5.55331E-1 5.37003E-1 5.37019E-1 5.38464E-1 5.6179E-1 6.04791E-1 6.12189E-1 4.88412E-1 2.68273E-1 2.42394E-1 1.88166E-1 1.86205E-1 2.41284E-1 2.68633E-1 2.92754E-1 3.05817E-1 2.93936E-1 2.93936E-1 2.28789E-1 1.45417E-1 1.22173E-1 1.2349E-1 9.66054E-2 4.20025E-2 2.6691E-2 4.24648E-2 6.50306E-2 3.58392E-2 1.43426E-2 6.73374E-3 4.23283E-3 2.55616E-3 2.14632E-3 1.67778E-3 2.6565E-3 4.39277E-3
-9999 -9999 -9999 -9999 -9999 -9999 -9999 -9999 4.97374E-1 5.17635E-1 5.39745E-1 5.31098E-1 5.07753E-1 4.81569E-1 4.79703E-1 4.76763E-1 4.9025E-1 5.32479E-1 5.68514E-1 5.94153E-1 6.14602E-1 6.34498E-1 6.4947E-1 6.59933E-1 6.70942E-1 6.77392E-1 6.80217E-1 6.8498E-1 6.82929E-1 6.59336E-1 6.14818E-1 5.9081E-1 6.23316E-1 6.04116E-1 5.42315E-1 5.13751E-1 5.34062E-1 5.28848E-1 4.68817E-1 4.29153E-1 4.85469E-1 4.21256E-1 1.9777E-1 1.84836E-1 2.33878E-1 2.2288E-1 2.14768E-1 2.33503E-1 2.97637E-1 3.06897E-1 2.94934E-1 2.56665E-1 1.67252E-1 8.62107E-2 8.19132E-2 9.22644E-2 6.97544E-2 2.10935E-2 4.09075E-3 9.41352E-3 1.69147E-2 1.51865E-2 8.71702E-3 5.31127E-3 3.08115E-3 3.73922E-3 9.13488E-3 7.92813E-3 6.38106E-3 6.9605E-3
-9999 -9999 -9999 -9999 -9999 -9999 -9999 -9999 -9999 5.19078E-1 5.34477E-1 5.35146E-1 5.29959E-1 5.17837E-1 5.13749E-1 5.08163E-1 5.15904E-1 5.45426E-1 -9999 6.02978E-1 6.31274E-1 6.48962E-1 6.59297E-1 6.64829E-1 6.74102E-1 6.76055E-1 6.68232E-1 6.86182E-1 6.77171E-1 6.50936E-1 6.22645E-1 5.78362E-1 5.82134E-1 5.57536E-1 4.94979E-1 4.53524E-1 4.70609E-1 4.37411E-1 3.51663E-1 3.24197E-1 3.54492E-1 3.29788E-1 2.4335E-1 2.53229E-1 2.63137E-1 2.61541E-1 2.57988E-1 2.63892E-1 3.26128E-1 3.16967E-1 2.45302E-1 1.65662E-1 8.49664E-2 4.51821E-2 5.45943E-2 7.89231E-2 7.4238E-2 2.96487E-2 6.52259E-3 4.88643E-3 7.03445E-3 6.83764E-3 3.1406E-3 3.09324E-3 2.59568E-3 3.66157E-3 7.78274E-3 1.1433E-2 1.44663E-2 1.6234E-2
-9999 -9999 -9999 -9999 -9999 -9999 -9999 -9999 -9999 -9999 -9999 5.38479E-1 5.40984E-1 5.36936E-1 5.33723E-1 5.29198E-1 -9999 -9999 5.8586E-1 6.17189E-1 6.48774E-1 6.63137E-1 6.68482E-1 6.68482E-1 6.69665E-1 6.70637E-1 6.69665E-1 6.85409E-1 6.70974E-1 6.07424E-1 6.13761E-1 5.98523E-1 5.22635E-1 4.84172E-1 5.0743E-1 4.76601E-1 4.43596E-1 3.8248E-1 3.06389E-1 3.18107E-1 3.60939E-1 4.25749E-1 4.385E-1 4.23913E-1 3.323E-1 2.6495E-1 2.6679E-1 2.72155E-1 3.30278E-1 3.07195E-1 2.02985E-1 1.21076E-1 5.89502E-2 3.93216E-2 4.39569E-2 5.70129E-2 6.29102E-2 4.10108E-2 1.99339E-2 1.07529E-2 6.83764E-3 2.84639E-3 1.58023E-3 1.92954E-3 1.53736E-3 1.8758E-3 4.1717E-3 9.623E-3 1.87827E-2 2.30286E-2
-9999 -9999 -9999 -9999 -9999 -9999 -9999 -9999 -9999 -9999 -9999 -9999 -9999 -9999 -9999 -9999 -9999 -9999 5.9892E-1 6.21276E-1 6.56843E-1 6.71812E-1 6.70526E-1 6.68767E-1 6.65302E-1 6.59826E-1 6.72195E-1 6.86695E-1 6.67967E-1 5.83594E-1 6.0634E-1 5.70017E-1 4.30688E-1 3.64514E-1 4.92864E-1 5.0473E-1 4.26385E-1 3.20995E-1 2.06925E-1 2.13989E-1 3.29894E-1 4.51767E-1 4.83274E-1 4.84865E-1 3.5883E-1 2.78449E-1 2.5419E-1 2.48077E-1 2.78362E-1 2.61793E-1 1.71842E-1 1.08812E-1 7.12711E-2 4.48398E-2 4.79872E-2 7.15276E-2 9.93304E-2 7.96971E-2 4.84696E-2 3.3359E-2 1.82022E-2 7.65464E-3 4.41404E-3 2.11529E-3 8.91727E-4 6.93329E-4 1.92558E-3 4.68843E-3 8.59773E-3 1.05422E-2
-9999 -9999 -9999 -9999 -9999 -9999 -9999 -9999 -9999 -9999 -9999 -9999 -9999 -9999 -9999 -9999 -9999 6.23586E-1 6.30489E-1 6.27945E-1 6.65865E-1 6.73363E-1 6.73051E-1 6.68945E-1 6.6521E-1 6.63621E-1 6.75625E-1 6.84983E-1 6.76451E-1 6.54353E-1 6.38757E-1 5.67333E-1 4.16897E-1 3.54236E-1 4.5482E-1 4.53357E-1 3.56262E-1 2.14246E-1 1.0451E-1 1.10617E-1 2.13843E-1 3.26272E-1 4.12638E-1 4.38903E-1 3.89799E-1 3.15132E-1 2.65821E-1 2.36743E-1 2.10526E-1 1.85654E-1 1.34163E-1 1.05219E-1 1.35354E-1 1.38282E-1 1.20189E-1 1.39567E-1 1.11733E-1 7.91818E-2 4.64966E-2 2.69257E-2 1.32766E-2 7.7683E-3 3.80357E-3 2.17027E-3 6.17201E-4 1.99039E-4 1.11373E-4 1.85142E-3 5.04431E-3 1.43211E-3
-9999 -9999 -9999 -9999 -9999 -9999 -9999 -9999 -9999 -9999 -9999 -9999 -9999 -9999 6.2141E-1 6.27553E-1 6.29254E-1 6.36028E-1 6.42157E-1 6.5705E-1 6.70593E-1 6.62629E-1 6.58985E-1 6.61944E-1 6.64557E-1 6.67798E-1 6.74389E-1 6.84973E-1 6.83962E-1 6.77865E-1 6.59975E-1 6.01922E-1 4.91525E-1 4.32479E-1 4.00836E-1 3.58312E-1 2.25285E-1 8.91121E-2 4.48081E-2 5.81812E-2 1.34996E-1 2.87815E-1 4.12765E-1 4.77597E-1 5.06746E-1 4.90469E-1 4.60287E-1 3.80889E-1 2.43533E-1 1.8091E-1 1.25568E-1 2.7674E-1 3.62394E-1 3.36813E-1 2.54506E-1 1.56896E-1 1.00923E-1 5.33792E-2 2.86319E-2 1.26196E-2 6.14416E-3 3.888E-3 4.95276E-3 7.65828E-3 2.4986E-3 1.43765E-4 1.81071E-8 3.45283E-4 3.00314E-5 1.31245E-4
-9999 -9999 -9999 -9999 -9999 -9999 -9999 -9999 -9999 -9999 5.28085E-1 5.40208E-1 5.62542E-1 6.09985E-1 6.32362E-1 6.42362E-1 6.37778E-1 6.36219E-1 6.43065E-1 6.61388E-1 6.5323E-1 6.44204E-1 6.44712E-1 6.50644E-1 6.64048E-1 6.71142E-1 6.77359E-1 6.84447E-1 6.8673E-1 -9999 6.73291E-1 -9999 5.39119E-1 -9999 1.83165E-1 1.76312E-1 1.26249E-1 5.21204E-2 3.79999E-2 4.31831E-2 1.08136E-1 2.64398E-1 4.29161E-1 5.21504E-1 5.80432E-1 5.8792E-1 5.6694E-1 5.8089E-1 5.26619E-1 4.79907E-1 4.72377E-1 4.82814E-1 4.54456E-1 4.03239E-1 3.03343E-1 1.8903E-1 8.1133E-2 1.95825E-2 7.5578E-3 3.92996E-3 3.53482E-3 4.74487E-3 7.91835E-3 3.55302E-2 1.4822E-2 2.86362E-4 8.56333E-6 5.79487E-7 4.54734E-5 2.30368E-3
-9999 -9999 -9999 -9999 -9999 -9999 -9999 -9999 -9999 -9999 -9999 5.57001E-1 5.767E-1 6.19356E-1 6.30767E-1 6.23454E-1 6.19172E-1 6.30785E-1 6.42619E-1 6.51377E-1 6.47772E-1 6.44656E-1 6.48688E-1 6.47476E-1 6.57876E-1 6.70148E-1 6.78103E-1 6.81019E-1 6.83443E-1 6.8673E-1 -9999 6.34639E-1 5.51024E-1 4.22834E-1 1.83873E-1 1.14888E-1 8.84244E-2 6.32325E-2 6.53388E-2 6.84766E-2 1.40558E-1 2.63424E-1 4.8333E-1 5.63279E-1 6.24902E-1 6.44784E-1 6.37134E-1 6.2733E-1 5.79949E-1 5.368E-1 5.07311E-1 4.55202E-1 4.24549E-1 3.83444E-1 2.64893E-1 1.6727E-1 5.54203E-2 5.12117E-3 8.45275E-4 7.99008E-4 2.07922E-3 5.00667E-3 1.59291E-2 2.81868E-2 3.79461E-2 5.48182E-3 1.89468E-3 1.55851E-3 1.38247E-3 1.015E-2
-9999 -9999 -9999 -9999 -9999 -9999 -9999 -9999 -9999 -9999 -9999 -9999 6.14116E-1 6.37097E-1 6.22843E-1 6.19612E-1 6.24532E-1 6.35181E-1 6.42627E-1 6.50644E-1 6.52149E-1 6.53066E-1 6.5514E-1 6.50526E-1 6.59356E-1 6.6824E-1 6.74468E-1 6.79318E-1 6.83953E-1 -9999 -9999 -9999 5.51345E-1 4.64546E-1 2.45883E-1 1.1042E-1 6.62627E-2 6.32325E-2 6.86678E-2 7.81953E-2 1.81723E-1 3.61283E-1 3.60703E-1 4.17291E-1 6.1603E-1 6.23254E-1 6.37478E-1 6.30377E-1 5.94299E-1 5.66453E-1 5.2959E-1 4.18715E-1 3.29788E-1 2.83871E-1 2.11825E-1 1.17095E-1 2.47795E-2 1.78572E-3 2.66043E-4 4.66646E-4 3.57676E-3 2.11407E-2 2.96545E-2 1.32703E-2 7.8905E-3 1.84432E-2 1.98509E-2 2.66455E-2 1.62466E-2 2.34091E-2
-9999 -9999 -9999 -9999 -9999 -9999 -9999 -9999 -9999 -9999 -9999 -9999 -9999 6.37463E-1 5.92296E-1 6.04681E-1 6.05338E-1 6.2425E-1 6.31457E-1 6.39794E-1 6.47632E-1 6.51094E-1 6.47523E-1 6.5128E-1 6.61547E-1 6.66079E-1 6.7132E-1 6.78258E-1 6.80793E-1 -9999 -9999 6.46114E-1 5.68549E-1 4.54751E-1 2.52949E-1 6.49477E-2 1.29696E-2 9.64813E-3 1.57209E-2 3.7158E-2 9.7104E-2 3.02172E-1 4.84798E-1 5.63598E-1 5.72229E-1 5.72229E-1 5.86324E-1 5.65781E-1 5.30047E-1 5.745E-1 5.13994E-1 4.34337E-1 3.17461E-1 2.6729E-1 2.17306E-1 9.1738E-2 1.27676E-2 9.34395E-4 6.71557E-4 1.14751E-3 5.52924E-3 4.32585E-2 8.92099E-2 6.55394E-2 6.70225E-2 8.13367E-2 6.94894E-2 8.15483E-2 8.37902E-2 7.1015E-2
-9999 -9999 -9999 -9999 -9999 -9999 -9999 -9999 -9999 -9999 -9999 -9999 -9999 -9999 6.14698E-1 6.01179E-1 5.93826E-1 5.66954E-1 5.15152E-1 5.4165E-1 6.20309E-1 6.39009E-1 6.4693E-1 6.55111E-1 6.61739E-1 6.61919E-1 6.64475E-1 6.63893E-1 6.52432E-1 6.63651E-1 -9999 -9999 -9999 3.77698E-1 1.25834E-1 1.61086E-2 2.34179E-3 1.88737E-3 7.92245E-3 6.34972E-2 2.85282E-1 5.43268E-1 6.39236E-1 6.59859E-1 6.43846E-1 5.85111E-1 5.53709E-1 4.93399E-1 4.03295E-1 4.47959E-1 3.54119E-1 2.94618E-1 2.46929E-1 2.55659E-1 2.07772E-1 1.00923E-1 2.64522E-2 5.12117E-3 1.05549E-3 6.83947E-5 6.02877E-5 2.90242E-3 6.6305E-2 1.83164E-1 1.51383E-1 1.62643E-1 1.58778E-1 1.20865E-1 1.0391E-1 1.11733E-1
-9999 -9999 -9999 -9999 -9999 -9999 -9999 -9999 -9999 -9999 -9999 -9999 -9999 -9999 -9999 5.85852E-1 5.59279E-1 5.08077E-1 4.21525E-1 4.92667E-1 6.0663E-1 6.25809E-1 6.33135E-1 6.47567E-1 6.58542E-1 6.61108E-1 6.51601E-1 6.55892E-1 6.48186E-1 -9999 -9999 -9999 4.13028E-1 1.65257E-1 1.46766E-2 6.32E-4 1.03175E-4 1.92464E-4 4.36687E-3 6.92522E-2 3.74649E-1 6.25568E-1 6.71841E-1 6.83568E-1 6.7367E-1 6.39428E-1 6.00458E-1 5.54045E-1 4.91858E-1 3.32436E-1 2.09568E-1 3.13287E-1 2.95728E-1 3.68827E-1 3.47124E-1 2.46541E-1 1.0451E-1 1.54637E-2 1.09441E-3 1.45815E-5 1.12846E-4 2.14698E-2 2.06129E-1 2.74775E-1 3.14122E-1 2.42288E-1 1.84569E-1 1.41017E-1 1.1892E-1 1.46789E-1
-9999 -9999 -9999 -9999 -9999 -9999 -9999 -9999 -9999 -9999 -9999 -9999 -9999 -9999 -9999 -9999 5.30752E-1 4.84217E-1 4.78922E-1 5.21266E-1 5.66694E-1 5.75719E-1 6.0007E-1 6.2065E-1 6.3955E-1 6.37753E-1 6.36229E-1 6.33384E-1 6.18693E-1 -9999 -9999 -9999 9.75922E-2 5.63308E-3 2.78004E-4 1.00894E-5 1.88991E-6 1.68755E-5 1.08193E-3 3.64031E-2 4.0339E-1 6.19255E-1 6.64998E-1 6.78567E-1 6.81526E-1 6.48798E-1 6.23316E-1 5.82396E-1 5.48451E-1 5.09775E-1 5.13478E-1 5.28104E-1 5.5374E-1 5.3883E-1 4.57008E-1 1.94326E-1 9.61013E-2 2.69842E-2 9.83522E-3 4.36918E-2 3.40833E-1 4.76457E-1 4.78557E-1 4.4608E-1 3.63348E-1 2.24199E-1 1.56491E-1 1.1854E-1 1.02721E-1 1.05729E-1
-9999 -9999 -9999 -9999 -9999 -9999 -9999 -9999 -9999 -9999 -9999 -9999 -9999 -9999 -9999 -9999 -9999 5.36131E-1 5.59652E-1 5.71087E-1 5.68081E-1 5.9901E-1 6.05808E-1 6.23814E-1 6.50741E-1 6.58985E-1 6.48007E-1 -9999 -9999 -9999 -9999 -9999 -9999 1.06436E-4 7.42923E-6 3.5178E-7 1.38777E-8 1.66884E-7 9.21571E-5 4.08025E-2 4.68593E-1 6.08987E-1 6.398E-1 6.66393E-1 6.74825E-1 6.66297E-1 6.53755E-1 6.15809E-1 5.77088E-1 5.75806E-1 6.07424E-1 6.10714E-1 6.35974E-1 5.82082E-1 4.83513E-1 5.23666E-1 5.64646E-1 5.63015E-1 5.65973E-1 5.91979E-1 5.88446E-1 5.61657E-1 5.31896E-1 4.3486E-1 3.33528E-1 1.90919E-1 1.20549E-1 8.16874E-2 7.7179E-2 6.42633E-2
-9999 -9999 -9999 -9999 -9999 -9999 -9999 -9999 -9999 -9999 -9999 -9999 -9999 -9999 -9999 -9999 -9999 -9999 6.14853E-1 6.05738E-1 5.92366E-1 6.19387E-1 6.42745E-1 6.5128E-1 6.58621E-1 -9999 -9999 -9999 -9999 -9999 -9999 -9999 -9999 3.89657E-7 1.80159E-9 2.4795E-10 1.12843E-11 3.52636E-10 5.43622E-6 5.91078E-2 5.21384E-1 6.09147E-1 6.26429E-1 6.58124E-1 6.72265E-1 6.61333E-1 6.38809E-1 6.05175E-1 5.57536E-1 5.19515E-1 5.47633E-1 5.77408E-1 6.22645E-1 6.45343E-1 6.40563E-1 6.49121E-1 6.61804E-1 6.45343E-1 6.35508E-1 6.3637E-1 5.99664E-1 5.61866E-1 4.94015E-1 3.9204E-1 3.19132E-1 2.00865E-1 1.43593E-1 1.18125E-1 7.78833E-2 4.59315E-2
-9999 -9999 -9999 -9999 -9999 -9999 -9999 -9999 -9999 -9999 -9999 -9999 -9999 -9999 -9999 -9999 -9999 -9999 -9999 -9999 5.47647E-1 5.98851E-1 -9999 -9999 -9999 -9999 -9999 -9999 -9999 -9999 -9999 -9999 -9999 -9999 1.83826E-13 1.07087E-15 2.59987E-16 2.73745E-12 2.94588E-6 4.16317E-2 4.46323E-1 5.79201E-1 5.8993E-1 6.3385E-1 6.60358E-1 6.44181E-1 5.98991E-1 5.39378E-1 4.8014E-1 4.77709E-1 5.02455E-1 5.28848E-1 5.8489E-1 6.33447E-1 6.46136E-1 6.454E-1 6.57589E-1 6.24633E-1 6.02674E-1 5.88561E-1 5.48096E-1 5.1542E-1 4.8804E-1 4.44169E-1 3.01964E-1 1.93795E-1 1.46752E-1 1.26249E-1 7.16485E-2 3.10426E-2
-9999 -9999 -9999 -9999 -9999 -9999 -9999 -9999 -9999 -9999 -9999 -9999 -9999 -9999 -9999 -9999 -9999 -9999 -9999 -9999 -9999 -9999 -9999 -9999 -9999 -9999 -9999 -9999 -9999 -9999 -9999 -9999 -9999 3.66363E-13 2.69743E-16 1.83942E-19 2.62829E-17 8.39757E-11 2.72294E-4 1.61113E-1 5.49614E-1 5.90403E-1 6.14277E-1 6.43791E-1 6.58784E-1 6.30586E-1 5.71221E-1 4.98347E-1 4.56096E-1 4.49205E-1 4.78737E-1 5.04731E-1 5.19444E-1 5.58677E-1 6.16679E-1 6.37935E-1 6.17813E-1 5.69272E-1 5.22635E-1 4.94981E-1 4.34087E-1 4.24727E-1 4.30688E-1 4.06683E-1 2.61839E-1 1.62229E-1 1.23728E-1 9.23501E-2 4.46587E-2 1.55783E-2
-9999 -9999 -9999 -9999 -9999 -9999 -9999 -9999 -9999 -9999 -9999 -9999 -9999 -9999 -9999 -9999 -9999 -9999 -9999 -9999 -9999 -9999 -9999 -9999 -9999 -9999 -9999 -9999 -9999 -9999 -9999 -9999 -9999 7.62169E-14 4.15949E-18 5.6873E-21 5.94906E-17 3.70023E-8 7.37371E-3 2.47041E-1 5.17322E-1 5.82419E-1 6.07484E-1 6.42818E-1 6.5384E-1 6.08612E-1 5.26363E-1 4.32611E-1 3.95551E-1 4.02648E-1 4.54326E-1 4.85843E-1 4.29593E-1 4.45695E-1 4.7846E-1 5.24455E-1 5.33829E-1 4.49837E-1 3.9204E-1 3.38982E-1 3.14526E-1 3.21207E-1 3.21197E-1 2.79843E-1 1.285E-1 7.78023E-2 6.19316E-2 5.03903E-2 2.61556E-2 9.44697E-3
-9999 -9999 -9999 -9999 -9999 -9999 -9999 -9999 -9999 -9999 -9999 -9999 -9999 -9999 -9999 -9999 -9999 -9999 -9999 -9999 -9999 -9999 -9999 -9999 -9999 -9999 -9999 -9999 -9999 -9999 -9999 -9999 5.39746E-10 5.75055E-14 5.04831E-20 2.62281E-23 4.41557E-17 3.3565E-7 5.75925E-2 4.92085E-1 5.64216E-1 5.82042E-1 5.92126E-1 6.16312E-1 6.33869E-1 5.34629E-1 4.37048E-1 3.79752E-1 4.04365E-1 4.65582E-1 5.26871E-1 5.45844E-1 5.15157E-1 4.60169E-1 4.40714E-1 3.86382E-1 3.25392E-1 2.82965E-1 1.89691E-1 1.65138E-1 2.06718E-1 2.54466E-1 2.50139E-1 2.09006E-1 1.10223E-1 5.74098E-2 3.05184E-2 1.97932E-2 1.54376E-2 7.96191E-3
-9999 -9999 -9999 -9999 -9999 -9999 -9999 -9999 -9999 -9999 -9999 -9999 -9999 -9999 -9999 -9999 -9999 -9999 -9999 -9999 -9999 -9999 -9999 -9999 -9999 -9999 -9999 -9999 -9999 -9999 -9999 -9999 3.82873E-12 4.82336E-17 1.3833E-25 3.5318E-27 4.75699E-20 4.32365E-8 9.33475E-2 5.64013E-1 6.00993E-1 5.92366E-1 6.0106E-1 6.12762E-1 6.15505E-1 5.60072E-1 4.30283E-1 3.92258E-1 4.42843E-1 5.01183E-1 5.58151E-1 5.86324E-1 5.85454E-1 5.45048E-1 4.54446E-1 4.10908E-1 3.68765E-1 2.52858E-1 9.8274E-2 7.80643E-2 1.30673E-1 1.85755E-1 2.11849E-1 1.65257E-1 1.0788E-1 5.86946E-2 2.49766E-2 1.21762E-2 9.44981E-3 9.6157E-3
-9999 -9999 -9999 -9999 -9999 -9999 -9999 -9999 -9999 -9999 -9999 -9999 -9999 -9999 -9999 -9999 -9999 -9999 -9999 -9999 -9999 -9999 -9999 -9999 -9999 -9999 -9999 -9999 -9999 -9999 -9999 -9999 2.08105E-13 8.04948E-21 1.18927E-30 1.8135E-36 1.05014E-27 7.64325E-14 3.88564E-3 5.03975E-1 5.8918E-1 5.8684E-1 6.00682E-1 6.24506E-1 6.39009E-1 6.08394E-1 5.09534E-1 4.88704E-1 5.21304E-1 5.57016E-1 5.84558E-1 6.05869E-1 6.00768E-1 5.48952E-1 4.98037E-1 4.33044E-1 3.65175E-1 2.4335E-1 1.18159E-1 8.01775E-2 9.97447E-2 2.1E-1 1.80973E-1 1.36564E-1 9.34846E-2 5.63291E-2 2.80821E-2 1.49265E-2 1.03196E-2 1.18617E-2
-9999 -9999 -9999 -9999 -9999 -9999 -9999 -9999 -9999 -9999 -9999 -9999 -9999 -9999 -9999 -9999 -9999 -9999 -9999 -9999 -9999 -9999 -9999 -9999 -9999 -9999 -9999 -9999 -9999 -9999 -9999 -9999 8.63074E-17 4.37618E-24 4.44689E-35 3.56333E-38 1.27496E-38 4.02519E-30 5.1742E-8 8.20965E-2 5.63254E-1 5.64164E-1 5.82822E-1 6.24503E-1 6.51012E-1 6.41416E-1 6.14457E-1 6.03485E-1 5.90058E-1 5.8846E-1 5.90025E-1 5.92244E-1 5.92156E-1 5.415E-1 4.80208E-1 4.19836E-1 3.46857E-1 2.20506E-1 1.32081E-1 8.01754E-2 7.23877E-2 8.5021E-2 1.07692E-1 9.22186E-2 5.95538E-2 4.33768E-2 3.888E-2 2.82792E-2 1.9605E-2 1.5319E-2
-9999 -9999 -9999 -9999 -9999 -9999 -9999 -9999 -9999 -9999 -9999 -9999 -9999 -9999 -9999 -9999 -9999 -9999 -9999 -9999 -9999 -9999 -9999 -9999 -9999 -9999 -9999 -9999 -9999 -9999 -9999 -9999 1.35389E-16 5.771E-26 6.53666E-36 6.15422E-41 5.68106E-36 3.82308E-25 1.08514E-8 6.86251E-2 5.82358E-1 5.64164E-1 5.80404E-1 6.15301E-1 6.42818E-1 6.58611E-1 6.58784E-1 6.41059E-1 6.16434E-1 5.96202E-1 5.69776E-1 5.58177E-1 5.43487E-1 5.23666E-1 4.69476E-1 3.91624E-1 2.97306E-1 2.06925E-1 1.26381E-1 8.9541E-2 6.77375E-2 5.45182E-2 4.35435E-2 5.89754E-2 6.54068E-2 5.58491E-2 4.24464E-2 2.81444E-2 1.02433E-2 8.17427E-3
-9999 -9999 -9999 -9999 -9999 -9999 -9999 -9999 -9999 -9999 -9999 -9999 -9999 -9999 -9999 -9999 -9999 -9999 -9999 -9999 -9999 -9999 -9999 -9999 -9999 -9999 -9999 -9999 -9999 -9999 -9999 -9999 -9999 1.20246E-27 2.16163E-34 2.03241E-38 9.64718E-31 4.5042E-20 2.66759E-8 1.98703E-2 4.98494E-1 5.63412E-1 5.71603E-1 6.06292E-1 6.37078E-1 6.45571E-1 6.58572E-1 6.45432E-1 6.23497E-1 6.03553E-1 5.80432E-1 5.58045E-1 5.22143E-1 4.7298E-1 4.28363E-1 3.65369E-1 3.003E-1 2.58404E-1 1.84033E-1 1.26435E-1 7.91249E-2 5.55346E-2 5.73955E-2 6.24274E-2 7.04365E-2 6.88291E-2 5.79226E-2 3.25614E-2 1.33859E-2 1.22192E-2
-9999 -9999 -9999 -9999 -9999 -9999 -9999 -9999 -9999 -9999 -9999 -9999 -9999 -9999 -9999 -9999 -9999 -9999 -9999 -9999 -9999 -9999 -9999 -9999 -9999 -9999 -9999 -9999 -9999 -9999 -9999 -9999 -9999 6.00163E-29 1.01582E-31 3.43321E-38 9.44656E-33 6.78571E-21 1.55883E-6 2.05113E-1 5.19661E-1 5.58678E-1 5.7283E-1 6.02701E-1 6.16044E-1 6.30023E-1 6.53385E-1 6.35503E-1 6.13659E-1 5.99183E-1 5.74285E-1 5.4973E-1 5.06181E-1 4.55359E-1 4.09103E-1 3.4449E-1 3.08422E-1 3.27133E-1 2.447E-1 1.76961E-1 1.2464E-1 7.61825E-2 6.96367E-2 7.59284E-2 8.72904E-2 1.00838E-1 9.06676E-2 7.32884E-2 4.72289E-2 4.13495E-2
