KUENM/Final_Models/M_0.1_F_lq_Set_2_EC/sp1_1.asc
ncols         197
nrows         210
xllcorner     56.1666666666667
yllcorner     4.5
cellsize      0.166666666666667
NODATA_value  -9999
[rows 56 to 83 of 210, columns 65 to 129 of 197]
1.2202E-5 1.29142E-5 2.74223E-3 1.01104E-1 1.56905E-1 1.93973E-1 6.2994E-2 2.91374E-3 6.5208E-3 7.25991E-2 1.30091E-1 1.43637E-1 1.37408E-1 9.15008E-2 6.99226E-2 1.78329E-2 5.22985E-2 1.17559E-1 5.90028E-2 3.40252E-1 3.06881E-1 2.54055E-1 2.35021E-1 2.38314E-1 2.40679E-1 2.39023E-1 2.48284E-1 2.55E-1 2.51635E-1 2.44001E-1 2.47339E-1 2.49465E-1 2.664E-1 2.83791E-1 3.04689E-1 3.11572E-1 3.18141E-1 3.26132E-1 3.45996E-1 3.70501E-1 4.04458E-1 4.27188E-1 4.35224E-1 4.60228E-1 5.12186E-1 5.67034E-1 5.90695E-1 5.97672E-1 5.88891E-1 6.16363E-1 6.31775E-1 6.41727E-1 6.49379E-1 6.61784E-1 6.56449E-1 6.51898E-1 6.55906E-1 6.13471E-1 5.49256E-1 4.54639E-1 3.3051E-1 1.86239E-1 1.72609E-2 2.30888E-3 3.23973E-3
2.37583E-4 2.65121E-3 2.35379E-2 2.26387E-1 3.26116E-1 3.47473E-1 3.44976E-1 1.16346E-1 6.77694E-2 1.24258E-1 1.62252E-1 5.97792E-2 5.4498E-2 3.88271E-2 3.97195E-2 1.12012E-1 1.08995E-1 6.00027E-2 2.34898E-1 3.56128E-1 3.04492E-1 2.62421E-1 2.49958E-1 2.39966E-1 2.36665E-1 2.35021E-1 2.39966E-1 2.38314E-1 2.35021E-1 2.3338E-1 2.32439E-1 2.40679E-1 2.52371E-1 2.69346E-1 2.81872E-1 2.977E-1 3.0457E-1 3.11133E-1 3.33138E-1 3.61649E-1 3.8915E-1 4.09457E-1 4.21005E-1 4.4038E-1 4.79665E-1 5.26261E-1 5.60736E-1 5.76591E-1 5.84108E-1 6.06091E-1 6.20358E-1 6.15343E-1 6.2377E-1 6.38739E-1 6.49109E-1 6.58104E-1 6.63126E-1 6.54162E-1 6.19581E-1 5.42397E-1 4.30946E-1 2.82915E-1 1.02269E-1 2.86405E-2 2.29717E-2
1.82771E-4 1.55781E-2 2.52369E-1 2.82539E-1 2.87144E-1 2.72644E-1 3.12125E-1 3.31224E-1 2.18961E-1 1.39457E-1 1.207E-1 1.03396E-1 1.10384E-1 1.26863E-1 2.06214E-1 1.91718E-1 2.0806E-1 1.18045E-1 3.91316E-1 3.52024E-1 3.20637E-1 2.89865E-1 2.62421E-1 2.41622E-1 2.31744E-1 2.28483E-1 2.23625E-1 2.28483E-1 2.26859E-1 2.23625E-1 2.22014E-1 2.28483E-1 2.41622E-1 2.56687E-1 2.73715E-1 2.88309E-1 2.99251E-1 3.08189E-1 3.2736E-1 3.44436E-1 3.59334E-1 3.76642E-1 3.85743E-1 4.09367E-1 4.43574E-1 4.87471E-1 5.21812E-1 5.45513E-1 5.66172E-1 5.87359E-1 5.95631E-1 5.85455E-1 5.69361E-1 5.68304E-1 6.32578E-1 6.55383E-1 6.60647E-1 6.6041E-1 6.549E-1 5.91297E-1 4.8404E-1 3.80333E-1 2.59393E-1 1.3203E-1 8.70755E-2
2.67072E-4 3.19385E-2 2.34087E-1 2.2166E-1 1.78761E-1 1.80697E-1 2.07577E-1 2.84842E-1 2.98676E-1 2.09848E-1 1.82844E-1 1.82342E-1 2.25877E-1 1.85174E-1 2.16591E-1 2.80041E-1 2.52957E-1 2.77781E-1 3.77954E-1 3.59575E-1 3.42175E-1 3.1597E-1 2.8123E-1 2.44946E-1 2.2269E-1 2.17886E-1 2.20408E-1 2.20408E-1 2.15617E-1 2.13124E-1 2.13124E-1 2.2269E-1 2.40636E-1 2.57345E-1 2.70934E-1 2.84678E-1 2.97928E-1 3.02744E-1 3.09742E-1 3.11692E-1 3.2034E-1 3.3743E-1 3.53176E-1 3.74022E-1 4.12249E-1 4.51132E-1 4.86203E-1 5.1283E-1 5.42316E-1 5.69203E-1 5.8547E-1 5.81547E-1 5.68135E-1 5.80552E-1 6.41972E-1 6.50432E-1 6.2174E-1 6.28829E-1 6.63333E-1 6.28865E-1 5.25813E-1 4.50815E-1 3.86895E-1 2.72562E-1 2.17575E-1
2.99551E-4 3.48056E-3 1.81321E-1 1.66941E-1 1.51764E-1 1.54516E-1 1.73788E-1 2.35665E-1 2.98159E-1 3.00824E-1 2.23336E-1 2.39669E-1 2.50691E-1 2.22408E-1 2.8138E-1 2.97546E-1 3.03834E-1 3.56199E-1 3.7636E-1 3.68228E-1 3.76936E-1 3.47586E-1 2.89865E-1 2.37337E-1 2.16294E-1 2.11547E-1 2.12447E-1 2.15617E-1 2.1087E-1 2.11547E-1 2.16294E-1 2.23106E-1 2.41031E-1 2.5277E-1 2.73036E-1 2.88451E-1 2.97101E-1 2.99669E-1 2.9352E-1 2.81384E-1 2.80144E-1 3.04689E-1 3.32749E-1 3.6062E-1 3.93378E-1 4.27957E-1 4.62895E-1 4.90353E-1 5.20755E-1 5.53082E-1 5.78098E-1 5.92746E-1 6.01763E-1 6.12639E-1 6.42763E-1 6.56931E-1 6.48254E-1 6.4952E-1 6.65289E-1 6.52234E-1 5.44711E-1 4.50112E-1 4.56139E-1 3.47482E-1 2.3688E-1
1.15986E-3 2.35399E-3 2.11466E-1 1.45041E-1 1.31553E-1 1.3968E-1 1.49242E-1 1.79375E-1 2.85468E-1 2.76612E-1 2.38681E-1 2.62482E-1 2.36436E-1 2.45981E-1 2.72074E-1 2.99732E-1 3.28553E-1 3.71307E-1 3.45136E-1 3.51059E-1 3.80355E-1 3.56104E-1 2.79509E-1 2.29158E-1 2.08406E-1 2.06844E-1 2.05286E-1 2.09974E-1 2.09974E-1 2.08835E-1 2.15131E-1 2.23261E-1 2.44453E-1 2.59269E-1 2.77889E-1 2.93311E-1 3.04009E-1 3.02307E-1 2.9333E-1 2.70288E-1 2.69346E-1 2.99251E-1 3.25728E-1 3.57263E-1 3.83249E-1 4.18586E-1 4.49363E-1 4.70529E-1 4.96963E-1 5.30732E-1 5.68812E-1 6.05553E-1 6.28539E-1 6.21006E-1 6.3872E-1 6.63481E-1 6.66586E-1 6.66475E-1 6.67841E-1 6.55702E-1 6.06886E-1 5.53458E-1 5.0365E-1 3.81281E-1 2.25057E-1
3.02043E-4 1.71642E-2 1.95376E-1 1.29117E-1 1.2364E-1 1.27974E-1 1.33437E-1 1.58439E-1 2.32824E-1 2.87259E-1 3.14541E-1 3.26794E-1 2.87586E-1 2.83455E-1 3.05384E-1 3.22849E-1 3.20912E-1 3.10976E-1 2.97085E-1 3.01929E-1 3.14421E-1 2.93637E-1 2.5566E-1 2.2269E-1 2.03733E-1 1.99107E-1 2.00644E-1 2.02186E-1 2.04166E-1 2.08835E-1 2.153E-1 2.26361E-1 2.42637E-1 2.58768E-1 2.79017E-1 2.92679E-1 3.01929E-1 3.01929E-1 2.91905E-1 2.86405E-1 2.92711E-1 3.10976E-1 3.37805E-1 3.62276E-1 3.91586E-1 4.17064E-1 4.3994E-1 4.63404E-1 4.80038E-1 5.14967E-1 5.57424E-1 5.96658E-1 6.22188E-1 6.09747E-1 6.26473E-1 6.59525E-1 6.69434E-1 6.69759E-1 6.67097E-1 6.56859E-1 6.34773E-1 5.88791E-1 5.17434E-1 4.02578E-1 2.71102E-1
3.14697E-2 1.03532E-1 1.78854E-1 1.21434E-1 1.18172E-1 1.17097E-1 1.23465E-1 1.55169E-1 1.98599E-1 2.89241E-1 3.08597E-1 3.15459E-1 3.06921E-1 3.22021E-1 3.14588E-1 3.09391E-1 2.85524E-1 2.54247E-1 2.52578E-1 2.50913E-1 2.47769E-1 2.34456E-1 2.19483E-1 2.03733E-1 1.97576E-1 1.91505E-1 1.91946E-1 1.96488E-1 2.01272E-1 2.07457E-1 2.15214E-1 2.22785E-1 2.37293E-1 2.51343E-1 2.7138E-1 2.83224E-1 2.96109E-1 3.03656E-1 3.09212E-1 3.14485E-1 3.22959E-1 3.38143E-1 3.56496E-1 3.79021E-1 3.98386E-1 4.25093E-1 4.46331E-1 4.63543E-1 4.83137E-1 5.15479E-1 5.43731E-1 5.71258E-1 5.96658E-1 6.09761E-1 6.32692E-1 6.56894E-1 6.6949E-1 6.72203E-1 6.70609E-1 6.69009E-1 6.58032E-1 6.06161E-1 5.11189E-1 4.09165E-1 3.23237E-1
6.96794E-3 1.67136E-1 1.31098E-1 1.21434E-1 1.2364E-1 1.19253E-1 1.22534E-1 1.49477E-1 2.09559E-1 2.69982E-1 3.10571E-1 3.05782E-1 2.95065E-1 2.78872E-1 2.80331E-1 2.64693E-1 2.31332E-1 2.06518E-1 2.03447E-1 2.02459E-1 1.99692E-1 1.88946E-1 1.84044E-1 1.78181E-1 1.84044E-1 1.83014E-1 1.85968E-1 1.90652E-1 1.96688E-1 2.02757E-1 2.11741E-1 2.22785E-1 2.366E-1 2.51343E-1 2.6022E-1 2.76954E-1 2.93442E-1 3.04704E-1 3.21373E-1 3.37145E-1 3.54529E-1 3.61309E-1 3.79821E-1 3.96872E-1 4.16252E-1 4.41315E-1 4.63543E-1 4.78691E-1 4.94762E-1 5.27379E-1 5.53293E-1 5.66409E-1 5.85209E-1 6.08929E-1 6.37726E-1 6.59223E-1 6.61023E-1 6.53495E-1 6.66892E-1 6.68589E-1 6.71999E-1 5.93948E-1 5.00449E-1 4.20988E-1 3.85689E-1
2.70225E-2 2.02935E-1 1.31421E-1 1.28125E-1 1.26994E-1 1.30404E-1 1.4337E-1 1.83558E-1 2.61188E-1 3.01712E-1 3.07319E-1 2.8371E-1 2.53897E-1 2.38224E-1 2.23745E-1 2.06518E-1 1.93613E-1 1.80409E-1 1.71082E-1 1.68676E-1 1.66065E-1 1.61876E-1 1.61185E-1 1.68156E-1 1.74294E-1 1.74524E-1 1.81766E-1 1.8765E-1 1.95136E-1 2.02459E-1 2.13305E-1 2.23745E-1 2.32416E-1 2.48659E-1 2.61883E-1 2.76954E-1 2.96859E-1 3.16768E-1 3.33086E-1 3.61247E-1 3.80089E-1 3.88864E-1 3.98958E-1 4.1696E-1 4.39116E-1 4.67908E-1 4.90443E-1 5.07427E-1 5.23465E-1 5.50938E-1 5.67505E-1 5.73953E-1 5.80184E-1 6.08929E-1 6.42967E-1 6.6283E-1 6.55271E-1 6.42876E-1 6.60319E-1 6.6511E-1 6.71359E-1 6.50393E-1 5.77085E-1 4.9764E-1 4.54562E-1
5.5522E-2 2.12517E-1 1.48134E-1 1.30404E-1 1.37387E-1 1.49498E-1 1.76739E-1 2.44854E-1 3.53851E-1 3.80484E-1 3.08134E-1 2.4935E-1 2.14565E-1 1.94175E-1 1.81334E-1 1.72756E-1 1.68236E-1 1.59449E-1 1.4676E-1 1.48056E-1 1.47072E-1 1.5113E-1 1.53733E-1 1.59135E-1 1.67434E-1 1.73093E-1 1.80306E-1 1.8765E-1 1.94864E-1 2.02459E-1 2.09608E-1 2.19692E-1 2.34024E-1 2.50302E-1 2.63548E-1 2.80326E-1 3.01993E-1 3.19151E-1 3.30572E-1 3.58083E-1 3.87916E-1 4.05332E-1 4.18949E-1 4.42951E-1 4.68829E-1 5.04651E-1 5.37561E-1 5.52119E-1 5.57424E-1 5.73953E-1 5.89122E-1 5.89229E-1 5.77269E-1 6.08087E-1 6.45407E-1 6.54401E-1 6.48741E-1 6.46156E-1 6.42876E-1 6.7182E-1 6.71796E-1 6.72363E-1 6.45149E-1 5.82347E-1 5.15416E-1
4.52895E-2 1.94535E-1 1.51953E-1 1.35036E-1 1.4337E-1 1.59597E-1 1.90495E-1 2.63326E-1 3.85019E-1 3.8351E-1 2.77696E-1 2.15543E-1 1.82973E-1 1.71367E-1 1.65967E-1 1.60398E-1 1.57343E-1 1.49438E-1 1.44976E-1 1.42912E-1 1.44188E-1 1.47072E-1 1.52455E-1 1.57821E-1 1.64675E-1 1.68864E-1 1.78636E-1 1.84457E-1 1.92859E-1 2.03447E-1 2.13433E-1 2.22848E-1 2.37252E-1 2.51947E-1 2.68559E-1 2.80505E-1 3.02458E-1 3.22884E-1 3.29719E-1 3.53434E-1 3.87916E-1 4.11953E-1 4.36829E-1 4.70885E-1 5.07195E-1 5.46296E-1 5.81699E-1 6.01174E-1 5.93877E-1 6.08091E-1 6.16153E-1 6.16509E-1 6.14586E-1 6.3187E-1 6.47969E-1 6.30041E-1 6.3588E-1 6.625E-1 6.63154E-1 6.71869E-1 6.72574E-1 6.71899E-1 6.62826E-1 6.38323E-1 5.70745E-1
1.13282E-1 1.59703E-1 1.99543E-1 1.3968E-1 1.49477E-1 1.59646E-1 1.8518E-1 2.21335E-1 2.58065E-1 2.41485E-1 1.93454E-1 1.67013E-1 1.51953E-1 1.48534E-1 1.47455E-1 1.47455E-1 1.48539E-1 1.49438E-1 1.437E-1 1.41167E-1 1.44188E-1 1.4547E-1 1.50996E-1 1.5632E-1 1.61748E-1 1.68676E-1 1.75332E-1 1.83994E-1 1.92124E-1 2.04182E-1 2.19692E-1 2.32416E-1 2.4212E-1 2.55248E-1 2.68559E-1 2.88787E-1 3.07548E-1 3.4677E-1 3.62027E-1 3.83546E-1 4.06992E-1 4.30312E-1 4.61742E-1 5.03023E-1 5.40186E-1 5.79659E-1 6.08091E-1 6.26601E-1 6.29888E-1 6.33896E-1 6.41E-1 6.40058E-1 6.487E-1 6.5654E-1 6.61906E-1 6.51791E-1 6.56497E-1 6.65389E-1 6.71189E-1 6.71134E-1 6.7339E-1 6.73628E-1 6.71899E-1 6.50834E-1 5.82699E-1
4.52314E-2 1.54657E-1 2.07805E-1 1.42093E-1 1.45759E-1 1.5559E-1 1.63397E-1 1.72757E-1 1.7548E-1 1.54309E-1 1.36498E-1 1.32231E-1 1.31052E-1 1.32529E-1 1.3748E-1 1.41143E-1 1.44701E-1 1.46854E-1 1.41766E-1 1.437E-1 1.4243E-1 1.48056E-1 1.5632E-1 1.61748E-1 1.66885E-1 1.70459E-1 1.77537E-1 1.8769E-1 1.98112E-1 2.13433E-1 2.26021E-1 2.37252E-1 2.55248E-1 2.65216E-1 2.7983E-1 2.9003E-1 3.00281E-1 3.34606E-1 3.7716E-1 4.09568E-1 4.36738E-1 4.61742E-1 4.91052E-1 5.25989E-1 5.59211E-1 5.95303E-1 6.208E-1 6.39878E-1 6.44781E-1 6.44831E-1 6.48254E-1 6.50325E-1 6.51249E-1 6.6277E-1 6.69434E-1 6.71134E-1 6.72329E-1 6.71635E-1 6.69175E-1 6.67563E-1 6.73148E-1 6.73511E-1 6.59221E-1 6.41286E-1 6.06021E-1
1.03446E-1 1.40228E-1 2.19442E-1 1.47537E-1 1.45504E-1 1.48794E-1 1.48794E-1 1.46286E-1 1.41342E-1 1.29419E-1 1.20339E-1 1.17413E-1 1.1632E-1 1.24364E-1 1.29089E-1 1.34995E-1 1.37434E-1 1.38436E-1 1.40511E-1 1.41167E-1 1.47549E-1 1.54635E-1 1.58661E-1 1.68278E-1 1.71862E-1 1.73828E-1 1.82392E-1 1.89683E-1 2.05711E-1 2.21268E-1 2.37252E-1 2.57979E-1 2.74754E-1 2.84923E-1 3.00203E-1 3.05383E-1 3.07477E-1 3.24425E-1 3.87916E-1 4.39926E-1 4.63468E-1 4.84265E-1 5.09345E-1 5.41189E-1 5.72239E-1 5.99877E-1 6.22285E-1 6.39878E-1 6.42233E-1 6.39794E-1 6.44095E-1 6.46681E-1 6.54767E-1 6.55576E-1 6.67714E-1 6.71168E-1 6.59638E-1 6.53719E-1 6.58424E-1 6.65842E-1 6.72605E-1 6.64011E-1 6.28379E-1 6.35635E-1 6.0932E-1
3.9853E-2 8.13915E-2 1.93659E-1 1.50674E-1 1.43802E-1 1.45618E-1 1.40662E-1 1.35806E-1 1.32529E-1 1.28714E-1 1.24115E-1 1.20963E-1 1.1873E-1 1.20963E-1 1.29089E-1 1.32581E-1 1.32581E-1 1.37202E-1 1.41766E-1 1.437E-1 1.46259E-1 1.58101E-1 1.66284E-1 1.69625E-1 1.72756E-1 1.85292E-1 1.91158E-1 2.01626E-1 2.12336E-1 2.35636E-1 2.59645E-1 2.78136E-1 2.9515E-1 3.09871E-1 3.19228E-1 3.2485E-1 3.35279E-1 3.68352E-1 4.23824E-1 4.61938E-1 4.81453E-1 4.98694E-1 5.2277E-1 5.47271E-1 5.69234E-1 5.93567E-1 6.13835E-1 6.25992E-1 6.27041E-1 6.30603E-1 6.34533E-1 6.49065E-1 6.49599E-1 6.58718E-1 6.67398E-1 6.64437E-1 6.27109E-1 6.19522E-1 6.52257E-1 6.68047E-1 6.68398E-1 6.55487E-1 6.56316E-1 6.49152E-1 6.07639E-1
9.85902E-2 1.51732E-1 1.7897E-1 1.56278E-1 1.46873E-1 1.43495E-1 1.39782E-1 1.38704E-1 1.36261E-1 1.3492E-1 1.39936E-1 1.42393E-1 1.2899E-1 1.31454E-1 1.31454E-1 1.34995E-1 1.38664E-1 1.41143E-1 1.40922E-1 1.46854E-1 1.49438E-1 1.64905E-1 1.7897E-1 1.79828E-1 1.89963E-1 2.01626E-1 2.01626E-1 2.13433E-1 2.30811E-1 2.56315E-1 2.82422E-1 3.0885E-1 3.22586E-1 3.32297E-1 3.43466E-1 3.49156E-1 3.66407E-1 3.95626E-1 4.31924E-1 4.58694E-1 4.81202E-1 5.03929E-1 5.19134E-1 5.43041E-1 5.61252E-1 5.83715E-1 6.0468E-1 6.20928E-1 6.25308E-1 6.36204E-1 6.43575E-1 6.50396E-1 6.51309E-1 6.62758E-1 6.62841E-1 6.47013E-1 6.01891E-1 6.23491E-1 6.48145E-1 6.6437E-1 6.54637E-1 6.4619E-1 6.5752E-1 6.57124E-1 6.36939E-1
1.14636E-1 2.09426E-1 1.67335E-1 1.56278E-1 1.53902E-1 1.53902E-1 1.50025E-1 1.4618E-1 1.44911E-1 1.4618E-1 1.5113E-1 1.47455E-1 1.39936E-1 1.3748E-1 1.3505E-1 1.38704E-1 1.43648E-1 1.42418E-1 1.44911E-1 1.54682E-1 1.66284E-1 1.90371E-1 2.09608E-1 2.07717E-1 2.06366E-1 2.06406E-1 2.1253E-1 2.27614E-1 2.46398E-1 2.79596E-1 3.12301E-1 3.45194E-1 3.5514E-1 3.66618E-1 3.65835E-1 3.71553E-1 3.88569E-1 4.09013E-1 4.38334E-1 4.53537E-1 4.88451E-1 5.11111E-1 5.26951E-1 5.45705E-1 5.61252E-1 5.80682E-1 6.02966E-1 6.25158E-1 6.34324E-1 6.4061E-1 6.49141E-1 6.59376E-1 6.59474E-1 6.65954E-1 6.63675E-1 6.4742E-1 6.19149E-1 6.22908E-1 6.50138E-1 6.63776E-1 6.52422E-1 6.34798E-1 6.50612E-1 6.61E-1 6.60855E-1
1.63288E-1 2.06136E-1 1.69988E-1 1.60232E-1 1.61837E-1 1.61747E-1 1.59055E-1 1.60029E-1 1.57718E-1 1.5524E-1 1.60398E-1 1.51319E-1 1.47455E-1 1.4618E-1 1.48736E-1 1.48736E-1 1.48735E-1 1.47459E-1 1.5262E-1 1.61747E-1 1.79637E-1 2.01919E-1 2.23269E-1 2.36099E-1 2.37701E-1 2.20175E-1 2.26431E-1 2.37252E-1 2.51343E-1 2.79017E-1 3.19228E-1 3.69839E-1 4.02003E-1 3.98661E-1 3.91944E-1 3.93628E-1 4.05332E-1 4.2503E-1 4.50952E-1 4.6783E-1 4.97287E-1 5.17811E-1 5.28233E-1 5.49063E-1 5.60349E-1 5.83715E-1 6.10189E-1 6.29888E-1 6.39878E-1 6.43261E-1 6.55276E-1 6.65775E-1 6.67988E-1 6.70527E-1 6.7025E-1 6.68392E-1 6.57686E-1 6.50138E-1 6.61396E-1 6.67511E-1 6.55065E-1 6.32256E-1 6.30951E-1 6.20446E-1 5.97357E-1
1.77408E-1 2.27053E-1 1.72751E-1 1.72751E-1 1.72866E-1 1.67203E-1 1.71862E-1 1.76109E-1 1.73828E-1 1.68583E-1 1.67203E-1 1.60555E-1 1.59217E-1 1.56559E-1 1.5524E-1 1.5524E-1 1.53902E-1 1.57842E-1 1.53902E-1 1.63102E-1 1.79515E-1 2.08786E-1 2.42468E-1 2.92181E-1 2.63806E-1 2.42468E-1 2.4212E-1 2.48043E-1 2.56315E-1 2.74754E-1 3.09871E-1 3.57258E-1 3.93628E-1 4.05684E-1 4.05684E-1 4.0735E-1 4.20153E-1 4.47321E-1 4.67253E-1 4.95568E-1 5.19157E-1 5.2951E-1 5.37046E-1 5.41818E-1 5.58067E-1 5.93024E-1 6.17995E-1 6.29364E-1 6.38198E-1 6.45688E-1 6.58542E-1 6.69747E-1 6.71999E-1 6.72488E-1 6.73156E-1 6.73714E-1 6.69547E-1 6.61046E-1 6.64011E-1 6.68718E-1 6.57911E-1 6.35076E-1 6.19111E-1 6.04424E-1 5.70681E-1
1.89456E-1 2.31298E-1 1.82599E-1 1.78345E-1 1.79909E-1 1.82392E-1 1.83304E-1 1.90641E-1 1.8675E-1 1.79515E-1 1.7666E-1 1.72756E-1 1.71475E-1 1.65967E-1 1.65967E-1 1.64605E-1 1.61837E-1 1.63181E-1 1.63181E-1 1.70089E-1 1.88214E-1 2.11879E-1 2.59645E-1 2.87544E-1 2.69696E-1 2.54655E-1 2.57097E-1 2.67163E-1 2.68015E-1 2.81526E-1 3.10566E-1 3.52094E-1 3.76071E-1 3.97971E-1 4.05332E-1 4.25451E-1 4.40184E-1 4.71738E-1 4.93477E-1 5.16094E-1 5.43289E-1 5.45568E-1 5.45568E-1 5.5143E-1 5.77595E-1 6.11804E-1 6.31351E-1 6.37116E-1 6.4174E-1 6.48868E-1 6.55188E-1 6.68049E-1 6.72901E-1 6.69931E-1 6.73389E-1 6.73017E-1 6.59161E-1 6.5213E-1 6.58297E-1 6.63789E-1 6.57124E-1 6.24219E-1 6.11798E-1 6.06976E-1 5.79043E-1
2.30952E-1 2.41825E-1 1.86473E-1 1.89795E-1 1.88543E-1 1.95872E-1 1.97109E-1 1.95613E-1 1.92638E-1 1.92638E-1 1.85587E-1 1.79909E-1 1.79909E-1 1.75666E-1 1.75666E-1 1.72866E-1 1.71367E-1 1.69988E-1 1.71367E-1 1.81334E-1 1.95872E-1 2.18557E-1 2.46398E-1 2.60442E-1 2.48043E-1 2.43118E-1 2.69389E-1 2.77317E-1 2.78639E-1 2.80505E-1 3.09216E-1 3.43178E-1 3.80178E-1 4.03538E-1 4.18243E-1 4.42088E-1 4.61192E-1 4.91953E-1 5.18106E-1 5.42662E-1 5.47427E-1 5.57799E-1 5.63945E-1 5.64018E-1 6.00283E-1 6.46088E-1 6.47771E-1 6.37513E-1 6.35857E-1 6.41671E-1 6.51541E-1 6.64076E-1 6.70907E-1 6.55023E-1 6.61975E-1 6.61874E-1 6.50707E-1 6.5199E-1 6.38446E-1 6.41093E-1 6.31312E-1 6.13509E-1 6.07639E-1 5.72228E-1 5.37132E-1
2.52641E-1 2.49738E-1 2.32824E-1 2.00084E-1 1.97119E-1 2.04886E-1 2.03372E-1 2.00115E-1 1.95613E-1 1.92907E-1 1.88543E-1 1.8709E-1 1.85643E-1 1.85643E-1 1.84202E-1 1.84202E-1 1.81176E-1 1.82599E-1 1.86901E-1 1.91463E-1 2.01844E-1 2.18725E-1 2.32906E-1 2.45718E-1 2.47019E-1 2.53596E-1 2.78136E-1 2.80505E-1 2.8371E-1 2.83232E-1 3.03878E-1 3.34725E-1 3.7884E-1 4.0138E-1 4.42277E-1 4.88376E-1 5.0584E-1 5.18502E-1 5.38087E-1 5.47082E-1 5.57976E-1 5.61148E-1 5.63945E-1 5.82621E-1 5.95737E-1 6.57243E-1 6.40925E-1 6.12223E-1 6.31319E-1 6.43903E-1 6.5461E-1 6.68051E-1 6.66175E-1 6.50142E-1 6.43384E-1 6.38952E-1 6.3779E-1 6.28366E-1 6.00676E-1 5.9819E-1 5.87167E-1 5.86683E-1 5.91808E-1 5.6503E-1 5.21339E-1
2.64974E-1 2.66669E-1 2.64974E-1 2.57432E-1 2.16995E-1 2.26934E-1 2.04854E-1 2.01862E-1 1.95872E-1 1.91463E-1 1.88346E-1 1.89795E-1 1.9271E-1 1.9271E-1 1.9271E-1 1.94404E-1 1.94404E-1 1.9271E-1 1.97119E-1 2.04854E-1 2.13994E-1 2.26422E-1 2.42528E-1 2.65466E-1 2.82015E-1 2.82037E-1 2.89894E-1 2.96575E-1 2.94023E-1 2.94023E-1 3.03991E-1 3.23389E-1 3.48842E-1 3.87535E-1 4.4479E-1 5.19093E-1 5.37589E-1 5.46606E-1 5.55138E-1 5.65677E-1 5.66401E-1 5.55735E-1 5.83762E-1 6.1365E-1 6.14586E-1 6.18031E-1 5.90085E-1 6.03563E-1 6.40496E-1 6.53326E-1 6.60772E-1 6.67352E-1 6.59455E-1 6.45899E-1 6.28747E-1 6.08193E-1 5.98875E-1 5.99751E-1 5.74353E-1 5.63073E-1 5.8502E-1 5.85013E-1 5.44487E-1 5.44355E-1 5.01429E-1
2.7961E-1 2.75414E-1 2.72932E-1 2.75414E-1 2.59125E-1 2.49332E-1 2.04566E-1 2.01573E-1 1.95645E-1 1.9516E-1 1.9516E-1 1.99569E-1 2.01049E-1 2.02533E-1 2.07577E-1 2.06366E-1 2.09404E-1 2.09404E-1 2.10606E-1 2.16716E-1 2.31147E-1 2.42298E-1 2.65409E-1 2.90611E-1 3.17757E-1 3.15642E-1 3.14264E-1 3.20869E-1 3.09278E-1 3.02731E-1 2.9268E-1 3.00778E-1 3.41236E-1 4.03801E-1 4.61919E-1 5.13465E-1 5.49451E-1 5.69832E-1 5.81349E-1 5.83401E-1 5.85378E-1 5.90729E-1 6.13533E-1 6.45407E-1 6.37547E-1 6.08929E-1 6.08579E-1 6.21372E-1 6.55027E-1 6.65677E-1 6.68193E-1 6.67542E-1 6.60284E-1 6.4299E-1 6.17789E-1 5.65518E-1 5.32109E-1 5.76905E-1 5.75406E-1 5.88605E-1 5.86042E-1 5.56767E-1 5.71747E-1 5.0814E-1 4.47965E-1
2.77933E-1 2.78418E-1 2.83252E-1 2.88684E-1 2.78492E-1 2.59402E-1 2.13652E-1 2.00273E-1 1.90585E-1 1.92017E-1 2.01746E-1 2.09175E-1 2.12177E-1 2.19147E-1 2.19796E-1 2.24854E-1 2.24854E-1 2.27993E-1 2.3273E-1 2.35427E-1 2.48741E-1 2.58492E-1 2.74938E-1 3.05564E-1 3.37629E-1 3.6036E-1 3.44917E-1 3.33771E-1 3.24176E-1 2.97495E-1 2.75776E-1 3.02259E-1 3.62273E-1 4.26193E-1 4.85646E-1 5.31501E-1 5.67579E-1 5.92372E-1 6.04736E-1 6.05985E-1 6.05476E-1 6.15391E-1 6.29384E-1 6.32915E-1 6.27168E-1 6.06886E-1 6.45E-1 6.51968E-1 6.60669E-1 6.68403E-1 6.68402E-1 6.64352E-1 6.61068E-1 6.48192E-1 6.22756E-1 5.73991E-1 5.21783E-1 5.77728E-1 5.82079E-1 5.60646E-1 5.5328E-1 5.70306E-1 5.55105E-1 4.93182E-1 4.54248E-1
2.89006E-1 2.85524E-1 2.94678E-1 2.94678E-1 2.77151E-1 2.66238E-1 2.31147E-1 2.09175E-1 1.90785E-1 1.92198E-1 2.03787E-1 2.24634E-1 2.35185E-1 2.36747E-1 2.3701E-1 2.33848E-1 2.40916E-1 2.47383E-1 2.48741E-1 2.58492E-1 2.68334E-1 2.76593E-1 2.91563E-1 3.09973E-1 3.46805E-1 3.95887E-1 3.96134E-1 3.62101E-1 3.40257E-1 3.0064E-1 3.0713E-1 3.49662E-1 4.29094E-1 4.62523E-1 5.08828E-1 5.51E-1 5.86707E-1 6.1518E-1 6.23878E-1 6.27518E-1 6.30633E-1 6.3872E-1 6.26187E-1 6.38213E-1 6.41594E-1 6.43565E-1 6.614E-1 6.65164E-1 6.59855E-1 6.66737E-1 6.45907E-1 6.45942E-1 6.5013E-1 6.41981E-1 6.35973E-1 6.25139E-1 5.9883E-1 5.56659E-1 5.17814E-1 5.01187E-1 4.8976E-1 5.62595E-1 5.06481E-1 4.86011E-1 4.54562E-1
2.96723E-1 2.86575E-1 3.05134E-1 2.95956E-1 2.90976E-1 2.63548E-1 2.29973E-1 2.09664E-1 1.8369E-1 1.91333E-1 2.10491E-1 2.44587E-1 2.6373E-1 2.58915E-1 2.55332E-1 2.50359E-1 2.55536E-1 2.65409E-1 2.69982E-1 2.84896E-1 2.93233E-1 2.99921E-1 3.09973E-1 3.21712E-1 3.35598E-1 3.76381E-1 3.69805E-1 3.61504E-1 3.42295E-1 3.30029E-1 3.49235E-1 4.52381E-1 5.48251E-1 4.99308E-1 5.37885E-1 5.84517E-1 6.12731E-1 6.31585E-1 6.41726E-1 6.50181E-1 6.54221E-1 6.36267E-1 6.3467E-1 6.46884E-1 6.57285E-1 6.66388E-1 6.73259E-1 6.71392E-1 6.68763E-1 6.55411E-1 6.07069E-1 6.00487E-1 6.07493E-1 6.17383E-1 6.26334E-1 6.3525E-1 6.25677E-1 5.65618E-1 5.09723E-1 4.83271E-1 4.63922E-1 5.37547E-1 4.80196E-1 4.65426E-1 4.60752E-1
