KUENM/Final_Models/M_0.1_F_lq_Set_2_EC/sp1_se_asia_avg.asc
ncols         320
nrows         243
xllcorner     44.0
yllcorner     -0.666666666666667
cellsize      0.166666666666667
NODATA_value  -9999
[rows 62 to 92 of 243, columns 140 to 209 of 320]
9.41147E-2 9.59275E-2 9.09262E-2 9.5484E-2 1.05855E-1 1.3374E-1 1.66992E-1 1.76456E-1 1.50511E-1 1.61658E-1 1.7185E-1 1.66241E-1 1.9703E-1 2.08579E-1 2.14829E-1 2.33401E-1 2.39952E-1 2.40682E-1 2.52111E-1 2.23306E-1 1.69553E-1 1.28213E-1 1.12996E-1 1.09666E-1 1.09128E-1 1.11328E-1 1.0804E-1 1.09666E-1 1.12996E-1 1.19211E-1 1.32487E-1 1.43262E-1 1.59562E-1 1.70326E-1 1.77666E-1 1.75943E-1 1.69141E-1 1.5927E-1 1.56884E-1 1.75502E-1 1.9956E-1 2.23388E-1 2.54999E-1 2.89079E-1 3.27666E-1 3.58195E-1 3.95783E-1 4.3812E-1 4.70985E-1 4.91882E-1 5.05029E-1 5.19911E-1 5.66866E-1 5.90762E-1 5.75189E-1 5.77044E-1 6.08015E-1 6.02114E-1 4.83222E-1 3.77192E-1 3.8376E-1 2.69753E-1 1.66081E-1 1.28394E-1 1.33274E-1 6.60852E-2 2.83746E-2 6.24275E-3 1.03885E-3 4.72525E-5
1.02643E-1 8.36829E-2 7.97325E-2 8.38243E-2 8.89777E-2 1.05407E-1 1.55262E-1 1.62033E-1 1.53799E-1 1.68263E-1 1.62506E-1 1.71457E-1 1.84055E-1 1.98874E-1 2.12801E-1 2.27909E-1 2.16226E-1 2.26627E-1 2.55579E-1 2.28902E-1 1.61014E-1 1.22209E-1 1.07484E-1 1.06404E-1 1.05332E-1 1.08571E-1 1.08571E-1 1.09033E-1 1.1348E-1 1.20824E-1 1.36784E-1 1.50413E-1 1.65776E-1 1.7898E-1 1.85914E-1 1.8215E-1 1.72454E-1 1.51948E-1 1.49738E-1 1.72369E-1 1.93401E-1 2.21804E-1 2.46678E-1 2.8083E-1 3.14204E-1 3.36458E-1 3.67914E-1 4.10423E-1 4.59623E-1 5.12245E-1 5.47067E-1 5.33861E-1 5.61521E-1 6.03586E-1 6.09174E-1 6.09338E-1 6.16337E-1 6.07092E-1 5.55725E-1 4.94048E-1 4.36897E-1 3.04537E-1 1.55742E-1 1.11482E-1 1.28967E-1 1.01154E-1 6.2088E-2 3.30105E-2 1.19882E-2 2.60349E-3
9.75649E-2 7.58006E-2 7.36714E-2 7.49464E-2 7.70571E-2 9.16412E-2 1.29661E-1 1.61288E-1 1.79622E-1 1.89109E-1 1.75834E-1 1.7763E-1 1.86446E-1 1.95409E-1 1.95696E-1 1.83809E-1 1.79869E-1 1.8655E-1 1.95172E-1 1.7471E-1 1.42081E-1 1.17542E-1 1.04267E-1 1.01118E-1 1.0216E-1 1.0321E-1 1.05777E-1 1.09033E-1 1.15029E-1 1.24775E-1 1.37217E-1 1.52176E-1 1.69126E-1 1.80988E-1 1.8655E-1 1.8655E-1 1.75405E-1 1.66679E-1 1.7012E-1 1.83809E-1 2.05663E-1 2.28267E-1 2.56911E-1 2.81115E-1 3.05779E-1 3.30116E-1 3.49534E-1 3.90251E-1 4.45902E-1 5.01145E-1 5.37276E-1 5.18479E-1 5.43867E-1 5.97698E-1 6.15925E-1 6.19643E-1 6.20162E-1 6.10131E-1 5.87894E-1 5.35351E-1 4.5427E-1 3.27337E-1 1.97238E-1 1.32913E-1 1.45803E-1 1.28967E-1 1.01781E-1 7.45464E-2 5.25267E-2 2.17863E-2
9.10756E-2 7.2006E-2 6.95625E-2 6.87624E-2 7.16029E-2 9.13103E-2 1.18089E-1 1.67248E-1 1.78421E-1 1.82949E-1 1.79913E-1 1.84625E-1 1.78216E-1 1.73958E-1 1.59903E-1 1.46376E-1 1.45045E-1 1.43722E-1 1.39352E-1 1.27553E-1 1.15254E-1 1.04267E-1 1.00084E-1 9.60204E-2 9.74282E-2 1.00502E-1 1.05079E-1 1.09425E-1 1.16522E-1 1.23874E-1 1.35008E-1 1.484E-1 1.65144E-1 1.75387E-1 1.84021E-1 1.88083E-1 1.90515E-1 1.92836E-1 1.98163E-1 2.09774E-1 2.2476E-1 2.46521E-1 2.63806E-1 2.91822E-1 3.12872E-1 3.32415E-1 3.55459E-1 3.92985E-1 4.29678E-1 4.67209E-1 5.01145E-1 5.20464E-1 5.55485E-1 5.93098E-1 6.168E-1 6.26757E-1 6.23962E-1 6.23854E-1 6.1546E-1 5.58076E-1 4.49989E-1 3.36166E-1 2.47314E-1 2.01929E-1 2.03503E-1 1.94632E-1 1.6267E-1 1.43693E-1 1.3417E-1 7.07957E-2
7.53358E-2 7.2006E-2 7.36714E-2 7.03698E-2 7.28351E-2 9.14735E-2 1.35684E-1 1.7591E-1 1.94281E-1 1.85171E-1 1.73914E-1 1.58798E-1 1.5579E-1 1.44836E-1 1.2681E-1 1.13555E-1 1.11298E-1 1.08893E-1 1.05384E-1 9.54164E-2 9.11093E-2 8.73135E-2 9.11093E-2 9.14827E-2 9.34346E-2 9.77678E-2 1.019E-1 1.0755E-1 1.15645E-1 1.23874E-1 1.36545E-1 1.484E-1 1.58275E-1 1.727E-1 1.84434E-1 1.91716E-1 2.01467E-1 2.13468E-1 2.29966E-1 2.33924E-1 2.4965E-1 2.66968E-1 2.84752E-1 3.09577E-1 3.32415E-1 3.50155E-1 3.69536E-1 4.08217E-1 4.42514E-1 4.58223E-1 4.84634E-1 5.19223E-1 5.63422E-1 5.98953E-1 6.0213E-1 5.89131E-1 6.1137E-1 6.14846E-1 6.27066E-1 5.48218E-1 4.39566E-1 3.50098E-1 3.11423E-1 2.91981E-1 2.83552E-1 3.01077E-1 2.90705E-1 2.90705E-1 2.32649E-1 1.38637E-1
7.75312E-2 7.70903E-2 7.62245E-2 7.88443E-2 8.90321E-2 1.22831E-1 1.92201E-1 2.29048E-1 2.15364E-1 1.8504E-1 1.55612E-1 1.37832E-1 1.26525E-1 1.13555E-1 1.05892E-1 9.64431E-2 8.85028E-2 8.5566E-2 8.26557E-2 7.89013E-2 7.66247E-2 8.09523E-2 8.58049E-2 8.70249E-2 9.17958E-2 9.70255E-2 1.02192E-1 1.08893E-1 1.16797E-1 1.26525E-1 1.3544E-1 1.4861E-1 1.59685E-1 1.727E-1 1.87502E-1 2.02753E-1 2.15088E-1 2.39374E-1 2.58373E-1 2.6431E-1 2.71865E-1 2.88138E-1 3.09668E-1 3.39915E-1 3.6427E-1 3.85217E-1 4.0317E-1 4.39333E-1 4.59739E-1 4.68718E-1 4.77489E-1 5.19223E-1 5.71806E-1 6.07531E-1 5.94357E-1 5.73931E-1 6.0088E-1 6.09581E-1 6.2737E-1 6.10222E-1 5.31275E-1 4.36395E-1 3.88279E-1 3.60641E-1 3.34404E-1 3.48468E-1 3.76221E-1 3.97753E-1 3.04591E-1 1.70142E-1
8.40001E-2 7.88443E-2 8.42869E-2 9.39706E-2 1.16863E-1 1.80604E-1 3.00716E-1 3.25587E-1 2.35915E-1 1.67833E-1 1.33809E-1 1.14598E-1 1.02566E-1 9.43976E-2 8.95312E-2 8.207E-2 7.25598E-2 7.33838E-2 7.16643E-2 7.31691E-2 7.38107E-2 7.71759E-2 8.24388E-2 8.6093E-2 9.20484E-2 9.70255E-2 1.03478E-1 1.08893E-1 1.15843E-1 1.25456E-1 1.36723E-1 1.49968E-1 1.61102E-1 1.75669E-1 1.92154E-1 2.08061E-1 2.15721E-1 2.42663E-1 2.69882E-1 2.84946E-1 2.93188E-1 3.16785E-1 3.4372E-1 3.81749E-1 4.21507E-1 4.40926E-1 4.45902E-1 4.68718E-1 4.90239E-1 4.88438E-1 4.71432E-1 5.16005E-1 5.73862E-1 5.92886E-1 5.83465E-1 5.79238E-1 5.73931E-1 6.23645E-1 6.27229E-1 6.25368E-1 6.07145E-1 5.35005E-1 4.58497E-1 4.16939E-1 3.58889E-1 3.27063E-1 3.50098E-1 3.64138E-1 2.63321E-1 1.38762E-1
8.68081E-2 8.24424E-2 8.90321E-2 1.0228E-1 1.28997E-1 1.99438E-1 3.31141E-1 3.2929E-1 2.04044E-1 1.40914E-1 1.10654E-1 9.71729E-2 9.1318E-2 8.56844E-2 8.2066E-2 7.67797E-2 7.25916E-2 7.01304E-2 7.09331E-2 7.16643E-2 7.39957E-2 7.73732E-2 8.17571E-2 8.4475E-2 9.22405E-2 9.62202E-2 1.03641E-1 1.11298E-1 1.2065E-1 1.27906E-1 1.39311E-1 1.51334E-1 1.65398E-1 1.78854E-1 1.99025E-1 2.1498E-1 2.21613E-1 2.41537E-1 2.69882E-1 2.9213E-1 3.12965E-1 3.49179E-1 3.8758E-1 4.35609E-1 4.81913E-1 5.07751E-1 4.97104E-1 5.17975E-1 5.28098E-1 5.27022E-1 5.25735E-1 5.5226E-1 5.78062E-1 5.51347E-1 5.60499E-1 6.06938E-1 6.08117E-1 6.22948E-1 6.30347E-1 6.36075E-1 6.27067E-1 5.99908E-1 5.24021E-1 4.53888E-1 3.81088E-1 3.11527E-1 3.16931E-1 3.20534E-1 2.33223E-1 1.35347E-1
1.02589E-1 8.38243E-2 9.14735E-2 9.96199E-2 1.20996E-1 1.53471E-1 1.89056E-1 1.68391E-1 1.21949E-1 1.00484E-1 8.68081E-2 8.24304E-2 7.83411E-2 7.83411E-2 7.75814E-2 7.67797E-2 7.17732E-2 7.01577E-2 7.09331E-2 7.1743E-2 7.41304E-2 7.75182E-2 8.10218E-2 8.5566E-2 9.13935E-2 9.73796E-2 1.04811E-1 1.13675E-1 1.25456E-1 1.3544E-1 1.43251E-1 1.54088E-1 1.65398E-1 1.83212E-1 2.03831E-1 2.38555E-1 2.54192E-1 2.68925E-1 2.86739E-1 3.08959E-1 3.3839E-1 3.82356E-1 4.27459E-1 4.7902E-1 5.17975E-1 5.46013E-1 5.49165E-1 5.53861E-1 5.65181E-1 5.62482E-1 5.75939E-1 5.91069E-1 6.01959E-1 5.84414E-1 5.92412E-1 6.10106E-1 6.22062E-1 6.23353E-1 6.35835E-1 6.33469E-1 6.36075E-1 6.18159E-1 5.40193E-1 4.86831E-1 4.18386E-1 3.5462E-1 3.49267E-1 3.53946E-1 3.17849E-1 2.37789E-1
1.04006E-1 8.56905E-2 8.85473E-2 9.39072E-2 1.0008E-1 1.0764E-1 1.09872E-1 9.29057E-2 7.74075E-2 7.26122E-2 7.17878E-2 7.12177E-2 7.3067E-2 7.40601E-2 7.50132E-2 7.50761E-2 7.17555E-2 7.17732E-2 7.09619E-2 7.33838E-2 7.75182E-2 8.10218E-2 8.56798E-2 8.95241E-2 9.44281E-2 1.01615E-1 1.09181E-1 1.2065E-1 1.30386E-1 1.39311E-1 1.54088E-1 1.62527E-1 1.72425E-1 1.81391E-1 1.90597E-1 2.22872E-1 2.66043E-1 2.93171E-1 3.16199E-1 3.3839E-1 3.70446E-1 4.11596E-1 4.53115E-1 5.01469E-1 5.37113E-1 5.64931E-1 5.71314E-1 5.70246E-1 5.75189E-1 5.7843E-1 5.82466E-1 6.01216E-1 6.15925E-1 6.21159E-1 6.26344E-1 6.27305E-1 6.29424E-1 6.25776E-1 6.34788E-1 6.36719E-1 6.29169E-1 6.08221E-1 5.66682E-1 5.35532E-1 4.67798E-1 4.16711E-1 4.23007E-1 4.44333E-1 4.12888E-1 3.42226E-1
1.08535E-1 8.55438E-2 8.61127E-2 8.64857E-2 8.64857E-2 8.46096E-2 8.09484E-2 7.23182E-2 6.59375E-2 6.24484E-2 6.17154E-2 6.56868E-2 6.74301E-2 6.99601E-2 7.15786E-2 7.08777E-2 7.09433E-2 7.01577E-2 7.42498E-2 7.76113E-2 8.02346E-2 8.66133E-2 9.04897E-2 9.34454E-2 9.95466E-2 1.04844E-1 1.14818E-1 1.26677E-1 1.39311E-1 1.53864E-1 1.68035E-1 1.76878E-1 1.85023E-1 1.89623E-1 1.88975E-1 2.0697E-1 2.69882E-1 3.19824E-1 3.43682E-1 3.6529E-1 3.93256E-1 4.31599E-1 4.74078E-1 5.08148E-1 5.3938E-1 5.64931E-1 5.66003E-1 5.60798E-1 5.69418E-1 5.75754E-1 5.86628E-1 5.91567E-1 6.11734E-1 6.23253E-1 6.14713E-1 6.11332E-1 6.18105E-1 6.29626E-1 6.38683E-1 6.33475E-1 5.97143E-1 6.05018E-1 5.76004E-1 5.37227E-1 5.16011E-1 4.85588E-1 4.78287E-1 5.2462E-1 4.94184E-1 4.34099E-1
9.98189E-2 8.58645E-2 8.27639E-2 8.21661E-2 7.85882E-2 7.51293E-2 7.12177E-2 7.01604E-2 6.69914E-2 6.34215E-2 6.19457E-2 6.34215E-2 6.74301E-2 6.83701E-2 6.83701E-2 7.0072E-2 7.17555E-2 7.17732E-2 7.34171E-2 8.11718E-2 8.66726E-2 9.04983E-2 9.43976E-2 1.01642E-1 1.05926E-1 1.13724E-1 1.21905E-1 1.38013E-1 1.55249E-1 1.70955E-1 1.85965E-1 1.9641E-1 2.02167E-1 2.04651E-1 2.14337E-1 2.43509E-1 3.01735E-1 3.41876E-1 3.65274E-1 3.86622E-1 4.10467E-1 4.39747E-1 4.66966E-1 5.01574E-1 5.26565E-1 5.41524E-1 5.40498E-1 5.46901E-1 5.58449E-1 5.77086E-1 5.81461E-1 5.96057E-1 6.11913E-1 6.16015E-1 5.75402E-1 5.74914E-1 6.19598E-1 6.36657E-1 6.39617E-1 6.28504E-1 6.29304E-1 6.19245E-1 5.74116E-1 5.4873E-1 5.45356E-1 5.45356E-1 5.29976E-1 5.3841E-1 5.2894E-1 4.86763E-1
9.54317E-2 8.8031E-2 8.30793E-2 7.88474E-2 7.62383E-2 7.3901E-2 7.22403E-2 7.28622E-2 7.47422E-2 7.49017E-2 6.88048E-2 6.90051E-2 6.90051E-2 6.99601E-2 7.23986E-2 7.40601E-2 7.25104E-2 7.50761E-2 7.67797E-2 8.57371E-2 9.54317E-2 9.9507E-2 1.06986E-1 1.13724E-1 1.13724E-1 1.2065E-1 1.34165E-1 1.52487E-1 1.72051E-1 1.98444E-1 2.11314E-1 2.17367E-1 2.25008E-1 2.27553E-1 2.44507E-1 2.71353E-1 3.10767E-1 3.41591E-1 3.68673E-1 3.97102E-1 4.12753E-1 4.37205E-1 4.58797E-1 4.84782E-1 5.12917E-1 5.32482E-1 5.37847E-1 5.54943E-1 5.6707E-1 5.79476E-1 5.85098E-1 6.03661E-1 6.08796E-1 5.97229E-1 5.46908E-1 5.86214E-1 6.18212E-1 6.36595E-1 6.27677E-1 6.22289E-1 6.30455E-1 6.30078E-1 6.09434E-1 5.64236E-1 5.38721E-1 5.45751E-1 5.30187E-1 5.1474E-1 5.10718E-1 5.04978E-1
9.23019E-2 8.8031E-2 8.44822E-2 8.44822E-2 8.01049E-2 7.74702E-2 7.66067E-2 7.74702E-2 7.93301E-2 7.83411E-2 7.47422E-2 7.3067E-2 7.14207E-2 7.3901E-2 7.57506E-2 7.64465E-2 7.66067E-2 8.02744E-2 8.66726E-2 1.00322E-1 1.15843E-1 1.18352E-1 1.2181E-1 1.19515E-1 1.24306E-1 1.31638E-1 1.44381E-1 1.67216E-1 1.95846E-1 2.2668E-1 2.43261E-1 2.51323E-1 2.47102E-1 2.49678E-1 2.67157E-1 2.85573E-1 3.18011E-1 3.39315E-1 3.77623E-1 4.02389E-1 4.22982E-1 4.44257E-1 4.58797E-1 4.80469E-1 5.08425E-1 5.38987E-1 5.52E-1 5.63373E-1 5.76683E-1 5.94691E-1 5.97966E-1 6.1142E-1 6.12768E-1 5.97622E-1 5.67995E-1 5.80775E-1 6.20251E-1 6.36099E-1 6.25491E-1 6.10337E-1 6.26767E-1 6.36636E-1 6.33545E-1 5.84834E-1 5.4121E-1 4.9506E-1 4.69629E-1 4.80326E-1 4.84815E-1 5.00768E-1
9.61504E-2 9.09343E-2 9.01782E-2 8.66221E-2 8.47542E-2 8.38873E-2 8.38315E-2 8.37219E-2 8.56844E-2 8.0998E-2 7.83411E-2 7.74702E-2 7.92193E-2 7.92193E-2 8.08362E-2 7.99434E-2 8.18985E-2 8.66221E-2 9.43522E-2 1.10181E-1 1.30468E-1 1.43383E-1 1.44716E-1 1.32918E-1 1.32985E-1 1.39311E-1 1.484E-1 1.69126E-1 2.02167E-1 2.47951E-1 2.81367E-1 2.77798E-1 2.70692E-1 2.72465E-1 2.84946E-1 3.06584E-1 3.32522E-1 3.52455E-1 3.84856E-1 4.11035E-1 4.24673E-1 4.45325E-1 4.54676E-1 4.84782E-1 5.17517E-1 5.49165E-1 5.64931E-1 5.70375E-1 5.90315E-1 6.08024E-1 6.1433E-1 6.23996E-1 6.24062E-1 6.26304E-1 6.19794E-1 6.20251E-1 6.31173E-1 6.39018E-1 6.28094E-1 6.0761E-1 6.06204E-1 5.94747E-1 5.68985E-1 5.5936E-1 5.48237E-1 5.08664E-1 4.64074E-1 4.67225E-1 4.6249E-1 4.73454E-1
9.82031E-2 9.82031E-2 9.63143E-2 9.04488E-2 9.04897E-2 9.3432E-2 9.34454E-2 9.14245E-2 9.04488E-2 8.74592E-2 8.65135E-2 8.46449E-2 8.37219E-2 8.37219E-2 8.44822E-2 8.72959E-2 8.44822E-2 8.75674E-2 9.74821E-2 1.17128E-1 1.4603E-1 1.86276E-1 1.64113E-1 1.4603E-1 1.43251E-1 1.45713E-1 1.52487E-1 1.68035E-1 1.9641E-1 2.38514E-1 2.72465E-1 2.82003E-1 2.82003E-1 2.83787E-1 3.01152E-1 3.32035E-1 3.55664E-1 3.86517E-1 4.0913E-1 4.26359E-1 4.36385E-1 4.35567E-1 4.51549E-1 4.9391E-1 5.28007E-1 5.50294E-1 5.66455E-1 5.76215E-1 5.99961E-1 6.18794E-1 6.27066E-1 6.33423E-1 6.28947E-1 6.34889E-1 6.37639E-1 6.30856E-1 6.33475E-1 6.42492E-1 6.30825E-1 6.07439E-1 5.90009E-1 5.76933E-1 5.38674E-1 5.22177E-1 5.39892E-1 5.29943E-1 4.67225E-1 4.10957E-1 4.09203E-1 3.89658E-1
1.05634E-1 1.02402E-1 1.01504E-1 9.95466E-2 9.84888E-2 1.03738E-1 1.02702E-1 9.74821E-2 9.54483E-2 9.43976E-2 9.52996E-2 9.1318E-2 9.1318E-2 9.03418E-2 9.01782E-2 9.11543E-2 9.11543E-2 9.42926E-2 1.03769E-1 1.19468E-1 1.55249E-1 1.76489E-1 1.63709E-1 1.51118E-1 1.50811E-1 1.59113E-1 1.6228E-1 1.73903E-1 2.00032E-1 2.33414E-1 2.57541E-1 2.80579E-1 2.84946E-1 3.03539E-1 3.27726E-1 3.61095E-1 3.88009E-1 4.12765E-1 4.40997E-1 4.47869E-1 4.47869E-1 4.48538E-1 4.76102E-1 5.19934E-1 5.49862E-1 5.62455E-1 5.72105E-1 5.86294E-1 5.99798E-1 6.22852E-1 6.36114E-1 6.37862E-1 6.38E-1 6.38511E-1 6.18793E-1 6.16824E-1 6.31188E-1 6.39008E-1 6.30078E-1 5.87019E-1 5.78781E-1 5.79792E-1 5.48215E-1 4.92162E-1 5.11286E-1 5.00892E-1 4.51671E-1 4.00401E-1 3.98596E-1 3.47513E-1
1.10948E-1 1.11177E-1 1.0799E-1 1.11432E-1 1.10335E-1 1.09221E-1 1.07017E-1 1.07017E-1 1.03734E-1 1.01504E-1 1.01504E-1 9.83669E-2 9.83669E-2 9.63143E-2 9.71729E-2 9.61504E-2 9.71729E-2 1.02566E-1 1.11432E-1 1.26752E-1 1.44381E-1 1.53549E-1 1.45713E-1 1.41738E-1 1.58685E-1 1.67675E-1 1.74181E-1 1.78854E-1 2.01981E-1 2.31284E-1 2.65377E-1 2.90446E-1 3.06788E-1 3.34216E-1 3.66932E-1 4.00359E-1 4.24307E-1 4.48048E-1 4.54532E-1 4.68807E-1 4.73157E-1 4.65834E-1 5.06443E-1 5.71225E-1 5.75105E-1 5.6116E-1 5.65391E-1 5.80967E-1 6.00767E-1 6.22561E-1 6.43236E-1 6.31098E-1 6.37486E-1 6.34456E-1 6.15382E-1 6.28137E-1 6.14216E-1 6.13844E-1 5.97484E-1 5.75099E-1 5.74116E-1 5.33888E-1 5.00222E-1 4.46958E-1 4.29965E-1 4.53549E-1 4.21503E-1 3.73302E-1 4.56811E-1 4.38599E-1
1.29661E-1 1.19269E-1 1.16918E-1 1.18337E-1 1.17166E-1 1.12587E-1 1.09221E-1 1.09194E-1 1.0799E-1 1.06889E-1 1.05797E-1 1.05797E-1 1.04712E-1 1.04712E-1 1.04549E-1 1.05634E-1 1.08936E-1 1.10215E-1 1.18249E-1 1.29222E-1 1.40739E-1 1.4873E-1 1.47259E-1 1.52707E-1 1.70955E-1 1.78854E-1 1.8504E-1 1.88127E-1 2.03964E-1 2.30331E-1 2.6782E-1 3.0135E-1 3.49186E-1 4.01177E-1 4.29811E-1 4.46752E-1 4.61582E-1 4.68489E-1 4.73577E-1 4.73465E-1 4.73157E-1 4.88771E-1 4.99805E-1 5.90756E-1 5.63082E-1 5.24145E-1 5.58277E-1 5.84553E-1 6.05914E-1 6.34826E-1 6.46362E-1 6.26297E-1 6.2269E-1 6.18084E-1 6.16863E-1 6.0681E-1 5.6627E-1 5.60538E-1 5.42788E-1 5.44738E-1 5.62714E-1 5.3583E-1 4.8961E-1 4.09203E-1 3.77012E-1 4.09203E-1 4.09265E-1 3.60452E-1 4.503E-1 4.77438E-1
1.39773E-1 1.40556E-1 1.25528E-1 1.28984E-1 1.20615E-1 1.16004E-1 1.11432E-1 1.10215E-1 1.10053E-1 1.11177E-1 1.1345E-1 1.1345E-1 1.1345E-1 1.12471E-1 1.12471E-1 1.1345E-1 1.16918E-1 1.20615E-1 1.27903E-1 1.38058E-1 1.48762E-1 1.65556E-1 1.77164E-1 1.83505E-1 1.94394E-1 2.00762E-1 2.02276E-1 2.02276E-1 2.12057E-1 2.27175E-1 2.5839E-1 3.07245E-1 3.70114E-1 4.5391E-1 4.86153E-1 4.91894E-1 4.97338E-1 5.00093E-1 4.90284E-1 4.70462E-1 5.01238E-1 5.3124E-1 5.25735E-1 5.29329E-1 4.91625E-1 5.16209E-1 5.75741E-1 6.0375E-1 6.20763E-1 6.45399E-1 6.44631E-1 6.28674E-1 6.10792E-1 5.88347E-1 5.77966E-1 5.78946E-1 5.36319E-1 5.15234E-1 5.51651E-1 5.62369E-1 5.08664E-1 5.1215E-1 4.59303E-1 3.65284E-1 3.30918E-1 3.32895E-1 3.19874E-1 3.30795E-1 3.98617E-1 4.61744E-1
1.45651E-1 1.47159E-1 1.41846E-1 1.38823E-1 1.22855E-1 1.20457E-1 1.15754E-1 1.17859E-1 1.17859E-1 1.21421E-1 1.22625E-1 1.23836E-1 1.25286E-1 1.2181E-1 1.24224E-1 1.24224E-1 1.27748E-1 1.32765E-1 1.41993E-1 1.51445E-1 1.68528E-1 1.88027E-1 2.10062E-1 2.23726E-1 2.26921E-1 2.3375E-1 2.26613E-1 2.19863E-1 2.14432E-1 2.22802E-1 2.66433E-1 3.32869E-1 4.05955E-1 4.67402E-1 5.10074E-1 5.31938E-1 5.34949E-1 5.31588E-1 5.1747E-1 5.15623E-1 5.41058E-1 5.73862E-1 5.59649E-1 5.19223E-1 5.21005E-1 5.4927E-1 6.06621E-1 6.29928E-1 6.40581E-1 6.47499E-1 6.45282E-1 6.29304E-1 6.02737E-1 5.40221E-1 4.94458E-1 5.42399E-1 5.37523E-1 5.62653E-1 5.56177E-1 5.105E-1 5.39892E-1 4.52428E-1 3.82831E-1 3.14227E-1 2.54154E-1 1.98126E-1 1.69794E-1 2.22491E-1 3.26686E-1 3.84008E-1
1.54511E-1 1.57473E-1 1.53259E-1 1.46673E-1 1.30241E-1 1.24751E-1 1.19554E-1 1.20748E-1 1.25977E-1 1.32227E-1 1.34781E-1 1.37678E-1 1.35321E-1 1.36761E-1 1.36761E-1 1.39362E-1 1.43321E-1 1.48564E-1 1.57012E-1 1.65583E-1 1.8044E-1 2.05581E-1 2.37359E-1 2.70901E-1 2.76693E-1 2.6408E-1 2.53399E-1 2.30094E-1 2.12492E-1 2.35247E-1 2.96772E-1 3.67534E-1 4.37334E-1 4.92381E-1 5.36037E-1 5.64969E-1 5.69587E-1 5.58953E-1 5.47077E-1 5.47884E-1 5.46788E-1 5.49651E-1 5.4494E-1 5.18488E-1 5.82977E-1 5.97752E-1 6.16387E-1 6.41145E-1 6.47003E-1 6.5003E-1 6.45875E-1 6.34454E-1 6.08114E-1 5.49871E-1 4.82611E-1 5.50311E-1 5.59049E-1 5.23794E-1 5.06501E-1 5.28742E-1 5.06102E-1 4.2967E-1 3.8977E-1 2.97137E-1 2.64975E-1 1.54771E-1 1.03143E-1 2.10592E-1 2.85158E-1 2.80269E-1
1.64203E-1 1.64203E-1 1.57414E-1 1.54012E-1 1.41993E-1 1.32227E-1 1.25862E-1 1.27099E-1 1.33934E-1 1.48991E-1 1.5493E-1 1.56334E-1 1.4993E-1 1.47205E-1 1.47406E-1 1.52876E-1 1.57012E-1 1.65583E-1 1.74413E-1 1.81964E-1 1.95977E-1 2.13789E-1 2.51358E-1 3.11057E-1 3.37429E-1 3.03415E-1 2.77806E-1 2.45708E-1 2.4663E-1 2.88733E-1 3.71201E-1 4.14392E-1 4.68786E-1 5.19907E-1 5.64008E-1 5.92304E-1 5.98941E-1 5.91927E-1 5.80429E-1 5.61521E-1 5.39842E-1 5.58695E-1 5.67685E-1 5.7767E-1 6.10526E-1 6.246E-1 6.23735E-1 6.43305E-1 6.32215E-1 6.35886E-1 6.39857E-1 6.35806E-1 6.25921E-1 6.14596E-1 5.8596E-1 5.30102E-1 4.78061E-1 4.44533E-1 4.24368E-1 5.19905E-1 4.4317E-1 4.21622E-1 3.88279E-1 3.70701E-1 3.10334E-1 2.30077E-1 2.10592E-1 2.94418E-1 2.99994E-1 2.13959E-1
1.72649E-1 1.68312E-1 1.6868E-1 1.61102E-1 1.46976E-1 1.39126E-1 1.30105E-1 1.33392E-1 1.47309E-1 1.71348E-1 1.8552E-1 1.7676E-1 1.69619E-1 1.58422E-1 1.59881E-1 1.68528E-1 1.7591E-1 1.89684E-1 1.97566E-1 2.03984E-1 2.13789E-1 2.25484E-1 2.44312E-1 2.94376E-1 3.12639E-1 3.09926E-1 2.94215E-1 2.79628E-1 2.95207E-1 3.86437E-1 4.81455E-1 4.55778E-1 5.01333E-1 5.53354E-1 5.88538E-1 6.11164E-1 6.21065E-1 6.22874E-1 6.09373E-1 5.59135E-1 5.53517E-1 5.72894E-1 5.93776E-1 6.14108E-1 6.35226E-1 6.43163E-1 6.46907E-1 6.37879E-1 5.9505E-1 5.96542E-1 6.04151E-1 6.19171E-1 6.24104E-1 6.37266E-1 6.19229E-1 5.44385E-1 4.68791E-1 4.2023E-1 3.94437E-1 4.88464E-1 4.12471E-1 3.96097E-1 3.95125E-1 4.00916E-1 3.65972E-1 3.08041E-1 2.6929E-1 3.03718E-1 3.27286E-1 3.05582E-1
1.8279E-1 1.81469E-1 1.7393E-1 1.62735E-1 1.54528E-1 1.45237E-1 1.40002E-1 1.47649E-1 1.61994E-1 1.82846E-1 1.98122E-1 1.96945E-1 1.81634E-1 1.64006E-1 1.65583E-1 1.81964E-1 2.00762E-1 2.17103E-1 2.28872E-1 2.30574E-1 2.39155E-1 2.49602E-1 2.47807E-1 2.77256E-1 2.97042E-1 3.05232E-1 3.07762E-1 3.09602E-1 3.41354E-1 4.20299E-1 4.67436E-1 4.89125E-1 5.24054E-1 5.77937E-1 6.10399E-1 6.28103E-1 6.37812E-1 6.41145E-1 5.99635E-1 5.65122E-1 5.76471E-1 5.92636E-1 6.14435E-1 6.31258E-1 6.34924E-1 6.20443E-1 6.20515E-1 6.00325E-1 5.59627E-1 5.67395E-1 5.86916E-1 5.84958E-1 6.02072E-1 6.17804E-1 6.09346E-1 5.63362E-1 5.09377E-1 4.38159E-1 3.844E-1 4.76807E-1 4.03206E-1 3.61884E-1 3.72837E-1 3.81662E-1 3.89485E-1 3.29151E-1 2.82598E-1 2.88076E-1 3.79364E-1 4.16284E-1
1.90215E-1 1.88648E-1 1.87441E-1 1.77349E-1 1.63059E-1 1.59127E-1 1.55974E-1 1.61156E-1 1.78284E-1 1.93783E-1 2.07305E-1 2.12775E-1 1.96945E-1 1.83167E-1 1.8185E-1 2.00762E-1 2.27175E-1 2.5665E-1 2.67331E-1 2.69123E-1 2.76322E-1 2.7812E-1 2.79071E-1 2.9606E-1 3.17312E-1 3.28038E-1 3.37262E-1 3.48314E-1 3.7153E-1 4.07742E-1 4.58653E-1 5.21313E-1 5.70141E-1 6.16302E-1 6.35365E-1 6.39724E-1 6.44889E-1 6.20572E-1 5.57128E-1 5.9233E-1 6.04112E-1 6.15619E-1 6.27366E-1 6.32802E-1 6.22145E-1 6.00795E-1 5.87377E-1 5.44756E-1 5.15509E-1 5.68883E-1 5.90743E-1 5.53351E-1 5.64558E-1 5.68498E-1 5.49632E-1 5.39703E-1 5.13526E-1 4.52298E-1 3.7424E-1 4.58277E-1 3.79746E-1 3.37944E-1 3.37719E-1 3.29535E-1 3.33805E-1 2.99621E-1 2.99201E-1 3.47181E-1 4.03958E-1 3.87695E-1
1.9755E-1 1.99395E-1 1.94281E-1 1.85032E-1 1.77858E-1 1.70066E-1 1.72261E-1 1.76767E-1 1.89904E-1 1.99199E-1 2.09477E-1 2.16095E-1 2.09901E-1 2.02072E-1 2.15364E-1 2.30574E-1 2.61975E-1 2.94502E-1 3.03669E-1 3.05507E-1 3.09213E-1 3.14356E-1 3.22611E-1 3.33958E-1 3.49527E-1 3.59328E-1 3.75739E-1 3.98591E-1 4.20838E-1 4.50399E-1 5.02803E-1 5.60411E-1 6.13206E-1 6.44998E-1 6.48181E-1 6.44774E-1 5.86891E-1 4.63859E-1 5.62671E-1 6.0556E-1 6.16337E-1 6.20464E-1 6.14787E-1 6.16144E-1 6.0676E-1 5.77862E-1 5.5902E-1 4.85405E-1 4.3488E-1 4.40787E-1 5.12999E-1 5.64043E-1 5.51177E-1 5.19282E-1 4.77301E-1 4.82201E-1 4.78621E-1 4.12888E-1 3.35945E-1 3.66448E-1 3.45691E-1 3.0748E-1 2.88456E-1 2.63321E-1 2.62675E-1 2.63175E-1 2.49992E-1 2.69804E-1 2.86783E-1 2.7408E-1
1.98308E-1 2.03056E-1 1.94274E-1 1.92714E-1 1.88631E-1 1.88112E-1 1.90625E-1 1.95371E-1 2.05671E-1 2.07305E-1 2.14432E-1 2.17764E-1 2.21543E-1 2.26921E-1 2.42571E-1 2.60196E-1 2.87202E-1 3.14716E-1 3.31339E-1 3.3509E-1 3.47679E-1 3.5465E-1 3.62534E-1 3.73352E-1 3.86578E-1 4.09689E-1 4.28746E-1 4.54671E-1 4.94761E-1 5.19933E-1 5.86315E-1 6.1468E-1 6.46741E-1 6.30856E-1 6.32238E-1 5.94649E-1 4.71775E-1 5.219E-1 5.79993E-1 5.98578E-1 6.19945E-1 6.20696E-1 6.06641E-1 5.86717E-1 5.51476E-1 5.33636E-1 5.33634E-1 5.02178E-1 4.46328E-1 4.14535E-1 4.36369E-1 5.11286E-1 5.50747E-1 4.78427E-1 4.3284E-1 4.22894E-1 4.12783E-1 3.42922E-1 2.62516E-1 2.18305E-1 2.39213E-1 2.52913E-1 2.4846E-1 2.2078E-1 2.09528E-1 1.74321E-1 1.30787E-1 1.46764E-1 1.67108E-1 1.77833E-1
1.93717E-1 1.95624E-1 1.95977E-1 2.05513E-1 2.03375E-1 2.04575E-1 2.07837E-1 2.11123E-1 2.19438E-1 2.14432E-1 2.19863E-1 2.24918E-1 2.37194E-1 2.51319E-1 2.65519E-1 2.85382E-1 3.03689E-1 3.29539E-1 3.49785E-1 3.6269E-1 3.76685E-1 3.91666E-1 4.00371E-1 4.16678E-1 4.3723E-1 4.66709E-1 4.91207E-1 5.24148E-1 5.68477E-1 5.97332E-1 6.3738E-1 6.41915E-1 6.0094E-1 5.74193E-1 5.40475E-1 4.61083E-1 3.55088E-1 4.79494E-1 5.7811E-1 6.11119E-1 6.23996E-1 6.19028E-1 5.95393E-1 5.60538E-1 5.10684E-1 4.75098E-1 4.72275E-1 4.48754E-1 4.22305E-1 4.14452E-1 4.24009E-1 4.9725E-1 4.68156E-1 4.34557E-1 4.05263E-1 3.99896E-1 3.67538E-1 2.9964E-1 2.14479E-1 1.25769E-1 1.37909E-1 2.13415E-1 2.36581E-1 2.13245E-1 1.65919E-1 1.0048E-1 5.31714E-2 6.6684E-2 9.41882E-2 1.3008E-1
1.93717E-1 2.00382E-1 2.05581E-1 2.1214E-1 2.15364E-1 2.18499E-1 2.23228E-1 2.26613E-1 2.30019E-1 2.18189E-1 2.26613E-1 2.3862E-1 2.56451E-1 2.70747E-1 2.85382E-1 3.01851E-1 3.25726E-1 3.44239E-1 3.66115E-1 3.77925E-1 4.0063E-1 4.15605E-1 4.33851E-1 4.65118E-1 4.92821E-1 5.25191E-1 5.50233E-1 5.81503E-1 6.09881E-1 6.32981E-1 6.43056E-1 6.49936E-1 1.10405E-1 5.51651E-1 4.44284E-1 3.88649E-1 4.10787E-1 4.33283E-1 5.69781E-1 6.07518E-1 6.10064E-1 5.73253E-1 5.40544E-1 4.99372E-1 4.81227E-1 4.52341E-1 4.05175E-1 3.77593E-1 3.86946E-1 4.29094E-1 4.26687E-1 4.63265E-1 3.89645E-1 3.27074E-1 3.63853E-1 3.69642E-1 3.43804E-1 2.64975E-1 1.88697E-1 1.06466E-1 1.29473E-1 2.10179E-1 2.5464E-1 2.34364E-1 1.58683E-1 8.45975E-2 4.06844E-2 3.61328E-2 5.01635E-2 8.65046E-2
2.01158E-1 2.04832E-1 2.16906E-1 2.23747E-1 2.30574E-1 2.35651E-1 2.42571E-1 2.47635E-1 2.47635E-1 2.45884E-1 2.51149E-1 2.63571E-1 2.74353E-1 2.87062E-1 2.99882E-1 3.10934E-1 3.29164E-1 3.52805E-1 3.74276E-1 4.02413E-1 4.43108E-1 4.57942E-1 4.80576E-1 5.04468E-1 5.36771E-1 5.71835E-1 5.9068E-1 6.14455E-1 6.35995E-1 6.47442E-1 6.49535E-1 6.25041E-1 5.48215E-1 2.98585E-1 4.34135E-1 3.43182E-1 4.06431E-1 4.03585E-1 5.98152E-1 6.34924E-1 6.2218E-1 5.45004E-1 4.83582E-1 4.28374E-1 3.82831E-1 3.78835E-1 3.84321E-1 4.04406E-1 4.38042E-1 4.6249E-1 4.71906E-1 4.50265E-1 3.47671E-1 2.9689E-1 3.21089E-1 3.78593E-1 2.98746E-1 2.17729E-1 1.98126E-1 1.67059E-1 1.87234E-1 2.40913E-1 2.62516E-1 2.36075E-1 1.79365E-1 9.11505E-2 3.84504E-2 3.09027E-2 3.58356E-2 5.67888E-2
