KUENM/Final_Models/M_0.1_F_lq_Set_2_EC/sp1_min.asc
ncols         197
nrows         210
xllcorner     56.1666666666667
yllcorner     4.5
cellsize      0.166666666666667
NODATA_value  -9999
[rows 0 to 27 of 210, columns 65 to 129 of 197]
-9999 -9999 -9999 -9999 -9999 -9999 -9999 -9999 -9999 -9999 -9999 -9999 -9999 -9999 -9999 -9999 -9999 -9999 -9999 -9999 -9999 -9999 -9999 -9999 -9999 -9999 -9999 -9999 -9999 2.00755E-20 7.5462E-25 6.41092E-22 6.79639E-26 2.61597E-28 3.04885E-32 4.29645E-37 5.93605E-38 4.46195E-31 5.80682E-35 5.38755E-38 -9999 -9999 -9999 -9999 -9999 -9999 -9999 -9999 -9999 -9999 -9999 -9999 -9999 -9999 -9999 -9999 -9999 -9999 -9999 -9999 -9999 -9999 -9999 -9999 -9999
-9999 -9999 -9999 -9999 -9999 -9999 -9999 -9999 -9999 -9999 -9999 -9999 -9999 -9999 -9999 -9999 -9999 -9999 -9999 -9999 -9999 -9999 -9999 2.96113E-16 1.27567E-18 1.86563E-13 5.24215E-14 4.51304E-16 7.55599E-28 5.61036E-33 1.81133E-29 4.88082E-27 2.40733E-29 6.4274E-32 7.57555E-38 7.1228E-42 5.66699E-40 4.46501E-32 2.38268E-31 2.72015E-36 1.75649E-34 2.2476E-28 1.90087E-28 1.12485E-33 6.11271E-34 3.40019E-32 -9999 -9999 -9999 -9999 -9999 -9999 -9999 -9999 -9999 -9999 -9999 -9999 -9999 -9999 -9999 -9999 -9999 -9999 -9999
-9999 -9999 -9999 -9999 -9999 -9999 -9999 -9999 -9999 -9999 -9999 -9999 -9999 -9999 -9999 -9999 -9999 -9999 -9999 3.38585E-11 1.5891E-12 6.13004E-12 9.6041E-12 9.538E-14 6.21289E-17 5.43628E-20 1.40163E-26 4.43766E-24 1.00662E-24 8.89484E-30 1.38542E-36 3.3854E-28 2.2353E-30 1.50369E-32 1.58626E-38 6.92319E-39 6.33993E-35 6.79772E-33 6.02396E-27 8.03074E-29 9.69693E-39 1.39426E-33 4.63064E-34 2.20916E-28 9.7147E-24 1.73266E-28 4.76212E-38 3.01463E-30 2.39791E-22 4.48378E-16 -9999 -9999 -9999 -9999 -9999 -9999 -9999 -9999 -9999 -9999 -9999 -9999 -9999 -9999 -9999
-9999 -9999 -9999 -9999 -9999 -9999 -9999 -9999 -9999 -9999 -9999 -9999 -9999 -9999 -9999 -9999 1.17888E-16 6.27806E-12 3.18022E-8 2.92433E-13 5.7615E-15 2.21036E-21 8.84917E-20 3.74399E-17 2.01896E-19 1.02515E-26 4.59526E-25 4.55462E-24 3.15224E-34 4.51835E-37 2.88864E-41 1.50307E-31 1.02112E-37 9.28894E-38 1.02395E-33 2.57533E-37 2.38283E-35 2.03133E-29 4.71937E-28 2.77798E-32 7.66676E-37 7.10625E-36 8.40959E-31 8.12631E-29 5.92743E-28 4.74586E-26 1.69604E-29 3.32117E-32 2.04501E-34 1.30837E-21 3.2557E-15 5.3723E-13 8.26037E-11 -9999 -9999 -9999 -9999 -9999 -9999 -9999 -9999 -9999 -9999 -9999 -9999
-9999 -9999 -9999 -9999 -9999 -9999 -9999 -9999 -9999 -9999 -9999 -9999 -9999 -9999 1.01714E-11 6.56567E-13 3.91494E-9 5.79995E-11 1.88606E-14 8.32124E-12 1.17886E-13 4.515E-14 9.20562E-15 3.83557E-20 4.15934E-24 1.63957E-19 8.65934E-28 6.30051E-27 1.67758E-28 1.6498E-29 3.0021E-29 9.48424E-36 2.47357E-38 5.73247E-34 2.58021E-34 2.70068E-34 1.80316E-31 1.86071E-29 7.13837E-31 4.1376E-33 3.25136E-35 6.79682E-33 3.50984E-33 4.43385E-32 4.09858E-34 8.80174E-33 1.66669E-30 4.29845E-23 2.69846E-31 8.82701E-24 1.18004E-21 6.79028E-18 3.19975E-16 4.41686E-13 4.2543E-9 -9999 -9999 -9999 -9999 -9999 -9999 -9999 -9999 -9999 -9999
-9999 -9999 -9999 -9999 -9999 -9999 -9999 -9999 -9999 -9999 -9999 -9999 2.27994E-5 2.89179E-7 1.38653E-9 3.05822E-11 2.85882E-10 3.53847E-9 7.30186E-12 1.93407E-13 1.113E-15 4.84751E-19 1.31116E-18 5.15259E-19 2.67474E-22 2.86215E-27 2.88722E-30 1.03049E-29 4.23778E-20 3.12151E-22 1.06441E-28 2.35075E-38 2.8026E-45 8.05933E-35 9.00812E-28 6.95154E-30 3.56122E-26 3.49433E-34 2.17666E-37 3.78748E-34 1.18308E-32 5.60196E-32 2.35475E-30 7.33485E-30 1.54761E-29 3.00835E-32 2.74326E-32 1.26483E-27 4.10804E-32 3.10808E-42 2.1362E-32 4.44061E-26 3.68547E-27 1.03113E-22 3.0943E-13 3.58028E-10 8.28063E-9 -9999 -9999 -9999 -9999 -9999 -9999 -9999 -9999
-9999 -9999 -9999 -9999 -9999 -9999 -9999 -9999 -9999 -9999 7.35861E-5 1.3782E-5 1.15158E-5 1.1659E-5 8.25606E-7 1.54175E-7 4.33887E-7 3.51683E-8 2.90286E-9 2.13989E-12 1.44822E-17 5.96785E-18 3.88973E-13 1.06725E-12 4.17459E-14 2.37737E-21 1.79011E-21 5.3455E-19 8.09246E-24 1.11132E-24 4.72921E-27 4.04695E-34 7.36706E-30 7.73346E-27 2.32164E-28 1.11178E-30 3.41749E-30 4.52596E-36 1.70875E-38 3.1606E-36 2.73621E-35 2.49658E-30 8.28834E-27 9.78509E-28 3.03299E-27 6.80156E-29 3.91706E-32 3.33748E-31 2.88257E-26 5.25237E-34 1.23288E-33 4.2176E-28 1.41386E-23 7.91027E-21 8.73528E-22 5.51591E-15 1.46878E-12 7.38847E-10 1.41692E-8 -9999 -9999 -9999 -9999 -9999 -9999
-9999 -9999 -9999 -9999 -9999 -9999 -9999 -9999 2.96646E-5 4.18137E-6 3.2668E-5 5.14858E-4 8.4935E-5 3.30316E-6 5.71895E-6 1.98876E-5 4.77468E-6 1.01654E-6 1.93207E-8 4.0757E-13 7.23945E-18 3.6422E-12 1.40175E-21 6.84515E-18 9.77331E-26 3.40082E-17 8.29203E-15 6.6092E-22 5.42055E-26 6.77118E-27 8.81087E-29 8.19348E-22 5.27474E-24 1.23853E-25 5.97036E-29 1.22556E-28 2.05615E-30 1.06345E-30 5.9881E-29 1.15245E-31 3.71786E-32 2.98079E-29 3.76265E-25 1.03306E-26 1.24325E-29 9.60304E-32 2.84108E-30 3.49641E-27 7.68472E-42 6.29687E-37 1.52685E-36 5.37386E-30 2.37674E-26 8.84437E-23 1.86477E-23 1.18771E-19 4.87703E-17 1.14251E-11 1.07841E-9 1.62922E-8 4.14152E-8 -9999 -9999 -9999 -9999
-9999 -9999 -9999 -9999 -9999 -9999 -9999 1.32243E-5 4.18226E-5 1.82678E-5 7.83496E-4 4.31514E-4 5.17893E-5 2.55451E-4 1.71491E-4 9.62424E-5 3.84361E-5 1.42131E-5 2.98069E-9 1.08253E-10 1.82597E-11 1.91234E-17 1.4617E-25 4.61406E-25 1.83126E-27 4.35691E-18 1.93345E-21 5.39494E-24 3.84056E-24 3.89846E-20 1.8904E-21 3.43643E-25 1.22895E-31 1.21864E-32 1.13156E-33 4.25885E-32 2.0435E-35 7.50014E-34 3.75597E-33 4.38726E-29 3.02366E-27 6.04103E-25 4.75628E-27 1.07068E-24 1.0261E-24 2.01615E-25 1.76553E-30 3.91648E-30 4.43256E-24 1.3807E-29 4.1271E-33 3.66846E-28 2.66155E-22 1.62913E-19 2.3382E-16 3.25907E-14 3.20687E-16 2.12149E-12 4.22089E-11 1.11927E-8 2.79034E-8 4.01213E-8 -9999 -9999 -9999
-9999 -9999 -9999 -9999 -9999 -9999 2.64872E-6 1.40442E-4 1.57247E-6 1.55535E-4 1.06986E-3 3.97711E-4 1.73397E-4 3.90413E-4 9.34544E-5 5.92541E-4 6.69124E-4 3.45278E-6 3.12609E-9 1.08001E-7 8.02626E-18 1.15957E-16 1.07399E-19 2.02343E-25 7.30116E-20 1.62054E-14 8.85169E-18 4.42374E-16 1.46595E-21 2.03027E-23 1.73128E-30 2.59171E-33 3.56812E-35 2.95674E-33 7.35926E-32 3.5234E-30 5.11999E-35 7.11179E-34 3.4039E-32 4.95402E-30 1.66154E-30 9.14298E-29 6.14694E-28 1.21473E-27 2.15943E-28 8.85725E-26 6.38949E-28 1.15752E-32 2.01519E-23 1.71344E-21 5.22584E-26 3.10119E-30 2.75586E-20 7.90527E-23 2.40098E-17 2.60547E-12 4.8969E-13 3.5426E-10 2.1919E-9 7.29498E-9 1.57824E-8 4.01213E-8 4.07637E-8 -9999 -9999
-9999 -9999 -9999 -9999 2.98158E-4 6.33763E-5 2.28246E-5 9.64326E-5 3.87051E-5 3.20113E-4 8.82339E-4 7.50525E-4 3.59097E-4 5.45212E-4 5.334E-4 1.2155E-3 1.62908E-4 4.21798E-7 1.38948E-10 4.4341E-7 6.9722E-14 8.21589E-19 1.54599E-21 1.33501E-19 6.59555E-17 7.81306E-25 3.0765E-26 3.21974E-17 5.12466E-28 2.74956E-24 3.52636E-25 4.95448E-25 2.92845E-25 9.64868E-27 8.25051E-29 4.92091E-25 8.19395E-26 4.35852E-25 6.02846E-28 3.16176E-28 6.58177E-27 9.14298E-29 9.15347E-30 6.73459E-29 3.11822E-28 2.29722E-27 7.32408E-27 6.95772E-34 3.81723E-31 6.00463E-20 2.51615E-22 1.72604E-22 1.21048E-23 1.49593E-21 1.57585E-22 1.81989E-20 1.88541E-15 1.28461E-11 7.66595E-11 4.22924E-10 6.50607E-10 4.96266E-9 1.10163E-8 1.60355E-8 2.35992E-8
-9999 -9999 -9999 2.7159E-4 2.5449E-4 1.16674E-4 2.56085E-4 1.53298E-4 4.47719E-4 7.57995E-4 8.12481E-4 8.71831E-4 1.31914E-4 2.09012E-4 1.42612E-3 1.74326E-3 4.9443E-4 1.03588E-4 2.43002E-6 7.93592E-7 6.87354E-10 2.14048E-13 4.85013E-19 2.35398E-16 6.84334E-19 3.43355E-25 2.98931E-21 5.29057E-19 3.45025E-19 1.42727E-27 4.39603E-32 7.25154E-33 7.44777E-30 1.83868E-27 1.75503E-32 1.27122E-27 2.21608E-27 5.02541E-30 1.35438E-33 1.03389E-32 6.74815E-31 1.51136E-31 1.436E-29 1.55304E-28 3.15054E-28 6.22288E-30 1.39868E-27 6.04883E-31 6.2725E-34 6.64064E-27 8.2982E-24 1.13569E-24 7.44129E-28 2.05016E-28 3.38932E-24 1.08052E-23 7.11465E-20 4.6389E-15 7.48463E-13 4.59311E-13 3.48638E-10 1.44596E-9 1.79571E-9 1.22015E-9 1.23979E-9
-9999 -9999 3.78707E-4 3.01825E-4 3.47649E-4 1.04844E-4 3.95197E-4 2.14224E-4 5.02587E-4 9.79757E-4 7.65717E-4 6.43935E-4 2.33903E-4 9.13004E-5 1.87423E-3 1.71143E-3 1.37248E-4 1.28941E-7 4.09833E-8 1.27545E-10 1.32998E-13 6.21331E-14 7.7647E-16 6.39352E-16 1.38871E-18 7.7361E-23 2.20569E-18 8.70537E-17 1.36145E-23 4.23524E-30 6.93101E-29 3.25206E-25 2.09258E-23 5.15522E-28 4.15824E-31 8.7521E-31 1.27292E-28 3.03706E-26 3.27218E-27 3.34807E-28 1.74778E-28 1.74253E-29 1.09452E-30 1.71278E-32 7.10346E-30 5.3871E-29 7.24543E-27 1.22846E-29 9.7304E-34 2.26183E-32 1.68788E-24 8.08561E-32 5.81142E-27 2.19187E-25 1.43093E-25 1.03502E-19 1.48912E-24 1.10174E-16 4.80226E-14 1.0056E-11 1.54266E-12 3.11859E-11 1.49162E-10 2.3229E-10 2.28603E-10
-9999 4.17453E-4 4.13501E-4 5.63535E-4 4.92341E-4 2.08937E-4 6.0541E-4 3.50004E-4 1.05428E-3 1.10683E-3 1.36661E-3 1.73874E-3 1.81759E-3 4.46938E-4 1.39866E-3 5.1824E-4 3.10061E-5 1.9625E-8 6.632E-8 2.02324E-7 6.52219E-7 3.3573E-9 9.33568E-14 1.16226E-14 8.0399E-18 1.88344E-24 1.24956E-19 9.90303E-22 6.82113E-22 9.6995E-23 8.74525E-22 7.87448E-24 8.84036E-28 7.24041E-31 2.94892E-28 7.49778E-26 4.53493E-28 1.64664E-32 7.75548E-36 2.69201E-33 3.3561E-33 4.3361E-34 4.82574E-31 7.14417E-29 3.69688E-32 7.51098E-36 2.71268E-35 5.67766E-36 1.46798E-34 1.98963E-30 2.62256E-23 3.13975E-32 1.56321E-29 1.33068E-20 2.31865E-18 1.03083E-22 2.30144E-27 6.43032E-22 3.71381E-14 4.87998E-14 1.73204E-13 2.22324E-13 2.80486E-13 9.69114E-13 5.86685E-13
5.08997E-4 4.75735E-4 5.24568E-4 5.37759E-4 6.32254E-4 2.98598E-4 6.97617E-4 6.56316E-4 8.59494E-4 1.09673E-3 1.07942E-3 6.25828E-4 1.2591E-3 1.60071E-3 1.29692E-3 4.1278E-4 5.92517E-6 1.3005E-7 7.02891E-6 1.67786E-6 7.15159E-8 3.58316E-7 5.57081E-9 4.63351E-12 9.11937E-16 2.42375E-17 7.56416E-19 4.73517E-25 6.0605E-30 2.91454E-26 7.61387E-31 7.8234E-32 1.78826E-29 5.2819E-26 2.3431E-23 1.48796E-31 4.77737E-35 4.02212E-35 1.22457E-30 7.17067E-29 6.82644E-30 3.85986E-28 1.06204E-29 2.98911E-34 1.34289E-36 7.51098E-36 1.81752E-33 3.73725E-31 1.52221E-32 5.41683E-35 7.6089E-28 4.824E-31 1.24052E-33 2.4227E-23 2.38144E-27 1.85935E-26 1.47206E-24 4.04834E-21 1.35492E-15 2.13663E-17 5.84246E-18 4.71415E-20 1.46299E-16 4.03941E-18 7.71997E-17
6.15511E-4 5.6175E-4 6.18847E-4 6.05312E-4 6.18011E-4 6.48776E-4 7.38785E-4 7.20397E-4 7.67145E-4 9.88755E-4 1.08856E-3 6.98697E-4 8.84972E-4 4.5711E-4 2.60211E-4 7.32987E-5 1.00098E-4 1.16889E-5 6.64606E-5 7.9348E-7 8.41231E-9 7.64058E-14 1.76528E-11 3.40415E-9 1.88976E-13 7.77843E-25 1.68576E-23 3.01041E-22 1.97574E-33 2.72851E-31 1.33619E-23 1.89326E-19 2.29312E-24 2.58482E-29 7.21006E-28 3.26896E-27 9.45941E-27 1.39646E-29 4.63073E-22 7.72476E-29 8.22037E-31 3.83869E-30 9.53156E-35 7.91762E-35 6.73343E-34 1.42968E-33 4.69879E-32 4.20755E-34 9.81417E-32 3.49847E-35 6.12141E-38 5.12612E-32 1.23661E-34 1.63085E-22 1.58252E-27 2.78397E-31 7.8426E-29 4.92044E-29 1.43671E-22 1.61987E-20 1.14459E-20 5.72933E-26 8.78885E-22 3.01946E-24 1.8875E-25
6.04153E-4 5.77365E-4 2.89385E-4 3.84631E-4 4.65635E-4 6.55941E-4 5.40196E-4 7.13174E-4 3.26525E-4 2.83462E-4 1.20038E-3 1.46019E-3 6.45622E-4 1.66022E-4 3.84151E-4 1.46538E-4 5.91289E-6 1.28709E-7 1.15503E-6 1.71204E-9 4.31082E-12 2.72492E-18 2.34588E-16 9.41263E-11 1.14388E-14 6.47538E-27 3.09051E-24 2.4564E-15 2.18636E-25 2.50606E-19 4.47272E-26 6.02244E-35 1.02472E-34 1.91529E-25 7.56591E-28 1.04318E-24 1.53742E-28 3.96915E-30 8.65994E-28 1.13272E-30 2.58396E-33 2.04055E-31 4.69976E-29 7.85514E-31 3.8816E-30 4.57955E-29 1.92184E-22 1.96905E-26 2.73561E-32 9.60566E-35 1.65776E-37 1.34412E-38 2.06889E-33 5.11989E-34 2.47846E-23 5.96101E-37 8.92301E-37 2.71538E-32 6.76586E-32 7.49232E-29 3.2271E-27 1.67045E-28 3.9218E-28 1.1132E-28 9.00302E-36
5.29674E-5 1.03236E-6 9.27208E-8 1.08403E-6 1.71303E-5 1.71438E-5 6.35669E-5 1.31908E-4 2.47065E-4 1.45046E-4 1.7948E-4 9.27756E-4 3.11205E-4 1.69196E-5 5.19169E-5 4.14265E-6 6.46436E-7 1.28236E-7 4.29157E-15 1.61207E-9 7.79067E-16 9.62057E-24 1.12889E-14 5.65915E-12 8.37904E-20 3.26844E-21 2.36869E-17 3.41702E-26 1.39879E-25 3.73792E-33 1.32E-37 7.54812E-30 5.59681E-19 2.39287E-22 2.00489E-24 5.4973E-23 1.697E-26 3.79766E-24 5.63885E-21 1.84404E-27 2.83142E-21 6.07344E-23 1.6009E-22 1.56597E-32 4.70614E-36 1.71362E-30 2.17353E-23 2.00233E-22 2.89993E-31 3.92346E-35 5.27981E-36 3.13341E-39 1.39851E-40 3.25058E-28 7.45973E-25 3.39028E-25 2.40861E-27 1.45813E-39 3.61277E-36 9.52539E-36 1.61038E-34 8.34513E-37 3.61092E-39 9.70635E-39 5.10511E-37
9.01954E-7 7.47885E-12 6.3773E-11 2.16708E-7 5.86115E-6 2.06111E-5 2.88756E-6 3.93519E-6 4.82934E-5 1.18651E-4 1.61795E-4 1.50253E-4 2.03524E-5 1.44655E-5 2.8714E-6 7.16788E-9 8.36458E-16 7.00888E-11 5.17995E-19 5.23643E-20 1.00887E-25 2.02505E-29 1.95528E-14 1.81725E-22 7.72337E-28 1.73237E-23 7.98588E-25 4.50385E-30 3.12939E-36 2.78797E-35 1.82595E-24 5.68794E-20 2.61015E-14 3.06368E-18 4.91269E-23 6.31884E-30 1.25023E-26 1.95862E-19 6.45841E-17 5.6778E-26 5.02573E-21 1.22513E-17 4.6942E-30 1.09063E-21 2.42203E-28 1.28761E-30 1.22546E-28 1.35053E-20 3.76919E-32 6.68563E-30 1.20893E-26 1.48352E-34 1.3208E-35 3.44407E-33 1.5807E-29 1.78239E-35 2.98623E-33 2.45728E-30 4.25056E-28 1.07111E-32 9.65093E-31 1.64016E-32 6.59876E-33 7.04422E-38 4.0531E-34
2.81891E-6 9.38856E-8 1.13647E-8 2.70253E-8 9.91903E-7 3.37265E-6 1.19003E-6 1.23062E-6 5.83503E-6 5.90088E-5 2.67654E-4 7.71789E-5 1.52431E-5 2.33568E-6 6.35807E-15 1.22867E-11 4.4636E-25 1.52462E-13 4.51933E-16 1.55868E-25 3.85453E-35 3.41605E-26 4.40027E-20 8.20221E-33 1.21446E-29 6.31604E-29 1.33575E-30 1.9748E-24 6.37581E-27 1.50181E-29 6.6465E-16 6.13027E-12 1.10095E-16 2.48012E-20 4.67785E-25 6.89819E-24 8.29553E-25 2.89035E-20 1.59344E-16 1.85094E-16 1.40749E-11 8.64988E-23 4.67758E-25 4.47127E-16 2.13444E-16 2.64048E-16 6.89489E-17 5.31575E-25 5.22499E-36 1.34665E-42 2.90902E-35 6.14418E-35 5.77134E-35 4.23339E-37 1.3552E-40 1.20523E-31 1.91481E-38 7.26134E-34 7.06223E-33 4.24072E-34 5.10511E-37 4.32559E-38 4.99156E-37 6.59876E-33 3.49279E-36
1.88528E-6 2.77366E-7 5.21686E-9 2.73736E-9 1.44664E-9 1.51852E-10 3.92093E-8 4.84853E-8 8.89061E-8 1.28799E-4 9.75726E-5 3.03926E-5 3.607E-5 6.89432E-8 4.84413E-12 2.98842E-8 2.636E-15 5.30809E-24 9.64171E-23 2.38387E-21 3.21409E-31 5.6123E-27 5.52894E-20 1.06653E-24 4.44284E-30 1.38724E-28 2.22586E-24 4.32447E-19 3.36807E-15 1.8473E-16 3.31161E-12 6.00736E-28 4.5982E-22 1.78091E-24 8.34693E-24 7.55394E-24 3.27957E-22 1.93907E-23 1.13682E-23 3.48545E-26 6.6261E-20 6.41458E-14 2.55145E-13 1.99565E-10 7.08864E-24 3.82721E-25 5.89438E-32 1.99908E-33 1.5906E-30 3.47146E-31 1.08486E-35 1.66836E-38 3.46723E-41 8.54914E-39 1.30222E-38 5.50523E-38 6.50173E-30 1.83233E-33 1.81338E-38 8.72684E-37 8.07148E-42 4.37428E-38 1.902E-37 6.4889E-34 1.65577E-33
4.63829E-9 4.93133E-8 9.67059E-9 1.23329E-12 1.60976E-15 3.87528E-11 7.49396E-9 1.3283E-11 6.90708E-8 1.7287E-4 7.65585E-5 8.23132E-6 2.02447E-7 2.11977E-9 1.31718E-15 1.42452E-10 1.29125E-18 2.94704E-29 3.4888E-28 8.90828E-33 2.94341E-26 1.51616E-22 1.30918E-28 1.64748E-23 2.06266E-34 3.99837E-23 5.08198E-23 1.30514E-19 4.56695E-10 3.51483E-12 8.47039E-20 4.0815E-29 2.24633E-27 1.84748E-29 2.6005E-28 9.21425E-28 2.34287E-28 4.15962E-25 1.39939E-22 5.63684E-23 6.94699E-24 1.83075E-24 2.48025E-21 1.9114E-10 1.14701E-8 2.31549E-16 2.10261E-16 3.88242E-32 6.76188E-30 3.68687E-25 1.39095E-25 1.20702E-31 1.09124E-33 9.90319E-33 6.05741E-38 6.22495E-40 5.85322E-42 3.27624E-42 4.4853E-34 1.26631E-37 2.94273E-42 8.07148E-42 1.39298E-36 6.63768E-34 5.04807E-37
1.01721E-11 7.97565E-12 2.83634E-12 4.69134E-14 5.88577E-12 2.42817E-10 1.58697E-14 5.71371E-18 7.3914E-9 5.05764E-6 2.74339E-5 6.96849E-7 1.07338E-8 5.40837E-10 1.2785E-12 6.42252E-23 2.00656E-28 1.77293E-29 4.61984E-27 1.23108E-29 1.12046E-32 3.85581E-32 2.17565E-26 4.38667E-32 3.21398E-28 8.16485E-22 1.94142E-19 4.76325E-19 4.4579E-7 8.15266E-17 7.86675E-20 1.28664E-27 7.77667E-25 4.48764E-23 6.139E-24 9.61772E-22 4.10126E-23 7.99125E-21 5.9712E-15 4.3553E-16 2.57419E-18 9.42253E-16 4.64864E-23 1.24449E-23 4.0932E-19 1.61931E-7 2.61193E-12 1.63473E-23 2.69618E-24 5.41941E-28 2.00752E-21 8.01981E-23 1.91147E-27 1.60815E-25 3.79068E-34 8.51329E-31 7.6783E-35 1.31296E-40 3.12872E-38 1.28036E-37 1.44228E-39 2.9105E-42 2.8026E-45 1.36513E-39 2.21999E-36
2.8321E-19 1.00372E-15 1.22567E-18 4.61023E-16 2.55029E-14 5.32606E-14 2.57151E-19 6.51029E-15 1.15894E-7 3.04652E-6 8.34366E-6 1.37215E-6 1.72198E-8 8.99999E-10 1.76982E-13 4.76216E-20 2.15914E-24 3.94023E-18 8.80463E-26 4.64493E-29 3.11681E-25 2.33528E-30 7.88668E-32 5.8097E-29 2.13517E-26 2.7747E-16 1.98438E-18 7.57425E-16 3.67057E-6 2.13786E-12 2.08597E-19 2.19901E-17 1.67158E-17 6.83855E-16 2.61284E-19 8.79919E-15 3.62133E-19 4.55071E-16 1.66713E-8 2.53772E-6 1.04724E-6 4.68533E-7 2.65814E-11 1.76323E-18 2.04755E-23 2.41275E-9 2.51405E-18 9.56786E-22 1.40654E-17 2.30971E-17 2.4047E-21 5.34916E-17 9.13871E-28 7.06777E-31 5.78593E-30 5.0095E-36 8.53877E-32 1.29912E-40 5.67105E-42 3.17041E-40 3.13891E-42 8.61658E-42 1.01034E-42 1.02616E-38 7.36643E-38
9.97481E-19 1.13589E-20 3.11298E-18 1.80127E-17 5.17725E-13 2.12134E-14 1.32903E-12 2.79687E-7 9.78362E-10 1.12114E-14 6.81808E-19 3.92784E-19 7.99713E-21 7.29971E-26 1.08644E-27 2.13318E-21 1.36422E-17 6.0023E-27 8.2045E-24 5.21076E-21 1.64472E-24 3.8822E-27 1.71862E-24 5.31315E-21 2.65062E-24 7.88096E-15 5.54941E-8 1.79443E-6 2.08549E-7 2.53819E-14 1.19596E-8 7.46457E-11 2.96874E-17 3.15162E-13 3.02354E-22 4.22386E-11 9.01771E-9 1.89302E-5 5.4581E-14 1.11676E-14 6.65405E-10 1.73149E-6 2.12715E-5 1.00143E-6 1.24125E-8 5.29208E-16 4.45395E-20 5.94192E-21 1.63724E-28 1.50256E-29 4.4604E-17 1.70021E-15 5.38125E-14 4.18936E-29 1.34777E-28 9.81417E-32 3.31522E-27 7.80542E-31 5.24786E-33 9.03962E-40 2.66943E-35 2.22806E-43 3.6714E-43 2.773E-38 2.773E-38
3.27553E-19 4.35223E-20 6.55793E-20 2.76262E-12 4.08453E-12 3.85015E-9 4.88794E-10 1.40669E-12 2.03435E-22 3.62074E-25 4.79725E-30 7.11905E-26 4.30904E-20 2.30499E-12 1.17446E-11 3.5736E-17 1.27974E-21 8.90491E-29 1.52287E-19 5.58289E-12 2.13424E-16 8.31142E-25 6.34004E-17 4.46911E-14 1.62078E-16 2.41253E-12 1.02346E-6 8.47348E-6 2.8348E-11 1.76553E-6 1.81234E-8 8.06359E-16 4.39672E-15 4.65952E-9 2.24756E-19 7.81355E-15 6.26157E-9 1.62329E-6 2.50647E-15 2.91827E-20 5.91106E-20 1.02395E-18 1.15519E-14 2.27306E-15 1.25094E-24 2.58059E-33 1.93194E-20 1.54028E-19 9.9065E-27 2.6564E-29 7.3447E-28 5.98557E-16 1.00542E-20 7.76997E-17 1.64523E-21 7.81345E-20 6.57829E-18 8.61208E-20 6.7139E-27 1.25423E-33 4.08215E-36 1.15497E-30 3.20511E-40 8.71047E-42 2.66943E-35
4.55501E-21 1.22308E-23 5.99944E-20 9.3308E-16 4.62526E-16 1.18606E-16 1.49381E-16 3.30344E-24 1.6501E-24 9.83458E-24 3.89736E-16 7.53346E-12 2.61248E-9 4.8346E-5 1.39462E-6 3.7534E-12 4.30904E-20 2.39205E-19 2.27583E-18 6.56278E-10 2.90952E-8 2.55355E-12 1.80078E-9 2.15679E-7 1.6431E-14 3.92026E-6 5.57033E-5 2.58122E-8 4.5335E-6 1.4303E-5 1.66572E-5 4.13059E-8 9.57075E-6 1.49472E-7 5.82455E-12 4.2496E-5 3.95004E-6 1.14672E-13 2.49185E-19 3.15443E-22 4.56757E-21 3.10852E-22 6.25844E-23 3.59104E-24 4.65735E-28 4.01311E-28 2.29263E-20 7.79278E-24 4.38269E-24 2.91095E-28 2.79797E-26 6.1853E-27 3.62603E-28 6.76841E-20 5.46163E-20 2.07281E-28 6.20284E-22 1.39868E-27 6.43497E-29 4.91318E-33 5.58084E-37 3.949E-29 1.94568E-34 9.23754E-40 2.59218E-36
1.63584E-22 4.55501E-21 4.81231E-21 6.20222E-19 4.71499E-20 6.0013E-18 6.05411E-16 5.92493E-18 6.67285E-16 1.77994E-12 8.01869E-12 4.92143E-14 1.14131E-8 8.77692E-5 3.05883E-5 4.00791E-5 2.94245E-8 2.46663E-15 3.68051E-6 3.10424E-8 5.15855E-4 2.45343E-11 1.28278E-7 5.25315E-5 2.97521E-4 1.06044E-3 4.13642E-5 8.11736E-4 1.52853E-3 5.80631E-4 2.04551E-5 4.45002E-5 8.36072E-4 6.28607E-6 1.73899E-5 1.61454E-4 7.50165E-9 5.54081E-15 3.13289E-19 1.48246E-17 2.23824E-17 9.55952E-21 6.64792E-21 4.42295E-18 4.43523E-18 2.64299E-23 2.07143E-24 1.14069E-21 6.60154E-25 2.33967E-25 2.28083E-24 1.44374E-28 1.96594E-31 2.51008E-30 1.94248E-24 8.5329E-21 3.56439E-30 2.69081E-23 5.36481E-22 4.2636E-29 1.19378E-30 4.95475E-34 1.26026E-25 5.06435E-34 9.29061E-42
