KUENM/Final_Models/M_0.1_F_lq_Set_2_EC/sp1_3_se_asia.asc
ncols         320
nrows         243
xllcorner     44.0
yllcorner     -0.666666666666667
cellsize      0.166666666666667
NODATA_value  -9999
[rows 62 to 92 of 243, columns 210 to 279 of 320]
2.24551E-7 4.18149E-11 2.6881E-12 2.59222E-12 1.50655E-9 4.14615E-8 1.4992E-7 3.54811E-8 1.47172E-6 2.02244E-6 8.86342E-7 1.17357E-6 1.54804E-5 8.98453E-5 4.44052E-4 2.0689E-5 3.71695E-3 8.76554E-5 8.37552E-6 2.33052E-7 5.52247E-11 3.37729E-14 9.22361E-14 8.32551E-12 3.17686E-11 4.76394E-13 -9999 -9999 -9999 -9999 -9999 -9999 -9999 -9999 -9999 -9999 -9999 -9999 -9999 -9999 -9999 -9999 -9999 -9999 -9999 -9999 -9999 -9999 -9999 -9999 -9999 -9999 -9999 -9999 -9999 -9999 -9999 -9999 -9999 -9999 -9999 -9999 -9999 -9999 -9999 -9999 -9999 -9999 -9999 -9999
6.16233E-5 5.62208E-8 1.92926E-12 2.1091E-12 6.98987E-10 1.13079E-8 5.0236E-8 6.15174E-8 2.06447E-6 3.59149E-6 3.6352E-6 6.16745E-6 1.82721E-5 1.07116E-4 1.78049E-4 4.90266E-4 3.34388E-4 1.54221E-4 6.78131E-5 2.58983E-5 2.56946E-7 3.31925E-12 8.51715E-13 3.53996E-12 7.84911E-13 1.52348E-13 5.06965E-16 -9999 -9999 7.83134E-13 8.1921E-13 -9999 -9999 -9999 -9999 -9999 -9999 -9999 -9999 -9999 -9999 -9999 -9999 -9999 -9999 -9999 -9999 -9999 -9999 -9999 -9999 -9999 -9999 -9999 -9999 -9999 -9999 -9999 -9999 -9999 -9999 -9999 -9999 -9999 -9999 -9999 -9999 -9999 -9999 -9999
2.8381E-3 1.00832E-4 1.5316E-6 2.12884E-8 1.3184E-9 8.14034E-10 1.00536E-8 2.73324E-8 4.5836E-8 8.18498E-7 1.74855E-6 3.71535E-6 3.84676E-6 1.22237E-5 1.18704E-4 9.58868E-4 4.64186E-4 3.15091E-6 3.63345E-7 4.14739E-8 2.56981E-7 4.19778E-6 1.69614E-8 8.25131E-9 3.97074E-13 9.69776E-14 8.98792E-14 4.67852E-17 6.36066E-18 9.21257E-9 5.59046E-13 -9999 -9999 -9999 -9999 -9999 -9999 -9999 -9999 -9999 -9999 -9999 -9999 -9999 -9999 -9999 -9999 -9999 -9999 -9999 -9999 -9999 -9999 -9999 -9999 -9999 -9999 -9999 -9999 -9999 -9999 -9999 -9999 -9999 -9999 -9999 -9999 -9999 -9999 -9999
2.43798E-2 6.69063E-3 3.773E-3 7.1851E-4 3.03113E-5 3.05581E-6 9.64301E-6 4.70823E-5 7.51416E-7 4.58131E-8 5.59717E-8 3.8083E-8 2.34295E-7 1.53194E-6 1.13358E-5 1.78081E-5 2.64866E-4 2.2831E-4 6.42443E-5 5.63326E-4 2.00689E-5 1.04057E-5 1.04183E-7 1.55873E-6 1.17464E-9 4.59365E-12 1.15902E-13 4.95098E-16 2.2556E-10 4.31807E-10 1.96133E-16 -9999 -9999 -9999 -9999 -9999 -9999 -9999 -9999 -9999 -9999 -9999 -9999 -9999 -9999 -9999 -9999 -9999 -9999 -9999 -9999 -9999 -9999 -9999 -9999 -9999 -9999 -9999 -9999 -9999 -9999 -9999 -9999 -9999 -9999 -9999 -9999 -9999 -9999 -9999
7.8391E-2 3.76772E-2 2.29504E-2 1.29994E-2 2.7121E-3 1.62239E-4 5.91598E-5 6.93014E-6 1.12801E-7 2.19911E-8 6.66893E-9 1.05035E-9 2.88959E-9 5.39426E-8 1.7639E-6 2.10679E-6 1.23654E-5 6.85425E-5 1.03573E-5 2.85217E-6 1.10994E-5 7.991E-6 1.44305E-6 8.90137E-8 1.24115E-13 2.70214E-17 7.76856E-19 2.51776E-12 2.87027E-9 1.65593E-13 2.57349E-15 9.70294E-14 7.45183E-18 -9999 -9999 -9999 -9999 -9999 -9999 -9999 -9999 -9999 -9999 -9999 -9999 -9999 -9999 -9999 -9999 -9999 -9999 -9999 -9999 -9999 -9999 -9999 -9999 -9999 -9999 -9999 -9999 -9999 -9999 -9999 -9999 -9999 -9999 -9999 -9999 -9999
1.16918E-1 7.07843E-2 4.36654E-2 2.04997E-2 2.82661E-3 4.83992E-4 3.85756E-4 5.33444E-5 1.1695E-6 2.90008E-7 2.6481E-7 2.6928E-8 1.82977E-9 1.3607E-10 1.11845E-9 3.37163E-10 1.15022E-7 2.21864E-6 7.37745E-8 4.05374E-8 1.50409E-7 2.30271E-7 2.78663E-6 3.99554E-6 6.28646E-8 1.04194E-6 2.20006E-7 9.1949E-6 5.60855E-9 2.56143E-15 1.94594E-13 3.90839E-12 4.49176E-9 1.73664E-14 5.84262E-11 -9999 1.09648E-13 -9999 -9999 -9999 -9999 -9999 -9999 -9999 -9999 -9999 -9999 -9999 -9999 -9999 -9999 -9999 -9999 -9999 -9999 -9999 -9999 -9999 -9999 -9999 -9999 -9999 -9999 -9999 -9999 -9999 -9999 -9999 -9999 -9999
1.20766E-1 9.43246E-2 5.38471E-2 1.5957E-2 1.46928E-3 5.42536E-4 1.18954E-3 9.79744E-4 1.10114E-4 3.84071E-5 2.4006E-5 9.92409E-6 1.0724E-6 1.2814E-7 3.22633E-9 4.20074E-11 9.0849E-10 2.72672E-7 2.13319E-5 8.18264E-6 3.31054E-6 2.67565E-7 1.22701E-6 3.822E-6 7.51392E-7 4.54211E-7 9.14618E-11 6.03532E-15 1.20467E-7 2.02597E-9 1.04389E-6 7.06328E-8 2.68703E-6 2.80844E-12 1.10052E-11 6.94002E-5 -9999 -9999 -9999 -9999 -9999 -9999 -9999 -9999 -9999 -9999 -9999 -9999 -9999 -9999 -9999 -9999 -9999 -9999 -9999 -9999 -9999 -9999 -9999 -9999 -9999 -9999 -9999 -9999 -9999 -9999 -9999 -9999 -9999 -9999
1.35999E-1 1.11012E-1 6.41251E-2 2.43889E-2 2.12884E-3 9.00002E-4 1.63154E-3 2.6105E-3 1.3794E-3 9.20053E-4 1.2157E-3 1.56498E-3 2.48909E-4 3.54155E-5 2.58318E-5 3.60794E-5 1.24029E-5 4.29774E-7 3.59833E-6 1.60806E-5 6.65636E-6 8.73878E-7 1.3437E-7 1.56693E-8 4.6771E-10 1.84756E-10 2.08222E-14 1.70142E-19 2.68366E-33 1.27004E-38 1.03179E-35 3.32345E-30 2.28224E-23 6.07125E-8 6.50916E-6 6.08946E-6 1.00312E-6 5.86752E-8 5.79724E-7 1.25443E-13 -9999 -9999 -9999 -9999 -9999 -9999 -9999 -9999 -9999 -9999 -9999 -9999 -9999 -9999 -9999 -9999 -9999 -9999 -9999 -9999 -9999 -9999 -9999 -9999 -9999 3.80113E-16 3.00793E-17 6.18407E-19 1.58215E-16 -9999
1.99252E-1 1.53277E-1 9.60233E-2 5.22131E-2 1.76066E-2 6.83273E-3 5.36625E-3 9.32049E-3 7.63862E-3 5.89549E-3 7.36402E-3 8.99197E-3 3.80086E-3 1.8438E-3 3.36572E-3 1.05407E-2 8.50576E-3 1.11364E-3 3.99145E-6 1.53823E-6 2.17E-6 7.71232E-6 1.971E-5 3.14675E-6 2.33609E-9 5.68269E-10 4.9388E-15 4.53013E-18 2.78211E-25 5.38732E-28 1.04143E-30 3.38554E-28 9.73397E-27 4.18678E-21 4.40256E-16 9.95105E-12 1.40596E-7 1.97397E-7 5.85111E-8 5.99027E-9 2.58282E-9 -9999 1.31749E-12 -9999 -9999 2.11783E-18 -9999 -9999 -9999 -9999 -9999 -9999 -9999 -9999 -9999 -9999 -9999 1.3475E-15 -9999 -9999 -9999 -9999 -9999 1.66984E-13 1.55304E-11 6.52993E-14 6.27349E-13 5.17133E-15 8.31531E-18 -9999
3.06966E-1 2.20555E-1 1.64444E-1 1.10623E-1 6.49885E-2 3.92669E-2 3.76357E-2 4.35964E-2 2.18416E-2 1.41691E-2 1.32007E-2 1.51678E-2 1.27959E-2 1.30239E-2 2.04895E-2 2.60704E-2 1.46776E-2 1.7596E-3 2.08262E-5 1.59759E-6 1.26897E-6 5.61099E-6 4.23227E-5 7.65944E-5 2.0961E-6 1.35169E-7 7.83613E-10 2.43435E-11 9.73606E-15 6.76008E-18 1.13737E-19 3.00727E-20 2.16055E-19 5.21966E-18 8.92314E-17 1.47148E-13 2.03759E-12 9.61107E-11 4.31237E-13 9.05233E-17 1.94692E-15 3.98887E-14 -9999 3.94832E-9 -9999 2.3088E-15 8.10337E-14 8.66766E-19 -9999 -9999 -9999 -9999 -9999 -9999 -9999 3.06213E-17 1.87263E-14 8.50606E-14 1.73545E-15 -9999 -9999 -9999 2.27109E-12 1.02299E-10 1.00355E-7 4.59188E-12 1.31571E-9 1.87608E-14 1.77472E-13 1.19068E-12
3.98508E-1 3.03918E-1 2.3671E-1 1.83841E-1 1.32294E-1 8.63122E-2 6.94406E-2 5.6912E-2 3.09117E-2 2.08031E-2 2.40536E-2 2.51768E-2 2.48325E-2 2.64552E-2 2.99729E-2 2.44708E-2 1.15271E-2 2.31297E-3 1.95902E-4 1.43691E-5 2.17E-6 3.8378E-6 2.43354E-5 8.50465E-5 2.74979E-5 6.15689E-7 1.45878E-9 1.03557E-10 1.38588E-13 1.1666E-14 1.44246E-16 4.83067E-16 8.87019E-15 5.46282E-14 1.30351E-13 3.21372E-14 8.45023E-11 1.38429E-10 1.56772E-12 4.92732E-11 6.78378E-16 4.2144E-20 9.66302E-16 3.02403E-15 3.26417E-10 1.35397E-13 2.26642E-10 9.47109E-16 5.97763E-13 4.08609E-10 1.31643E-16 2.69106E-12 1.27805E-12 1.66429E-13 3.06348E-18 3.36526E-17 2.94837E-12 2.1746E-9 1.37073E-10 -9999 -9999 7.72459E-13 8.52166E-13 8.07856E-11 2.63849E-7 4.42753E-7 3.43722E-7 2.09197E-10 3.45635E-9 1.33863E-9
4.6657E-1 3.80934E-1 3.12789E-1 2.74677E-1 2.06849E-1 1.27501E-1 7.28992E-2 5.14861E-2 3.22986E-2 1.54464E-2 2.72999E-2 3.43229E-2 3.64522E-2 3.70013E-2 3.47426E-2 2.24438E-2 1.03585E-2 3.061E-3 6.92664E-4 1.54633E-4 4.92732E-5 3.89793E-5 6.98659E-5 2.24123E-4 1.42487E-4 3.49874E-6 1.73728E-7 2.15464E-9 1.21702E-10 1.28726E-13 6.58783E-16 2.9759E-13 9.67036E-11 7.63215E-11 4.13105E-12 2.12028E-10 1.01937E-13 7.68106E-12 6.16589E-13 6.41013E-8 6.97482E-8 1.73348E-14 2.86369E-13 1.42046E-15 4.24929E-12 6.59521E-11 1.32957E-14 8.09668E-11 2.14592E-14 4.46648E-22 8.21813E-14 1.03463E-9 1.23935E-9 2.6174E-9 9.19613E-16 1.86093E-13 6.06783E-10 3.79803E-10 3.99042E-9 -9999 1.99493E-12 2.15485E-9 9.601E-10 2.71086E-8 5.70348E-10 7.7792E-18 3.12991E-7 9.2601E-7 6.91083E-7 1.55863E-6
5.17957E-1 4.57961E-1 3.92684E-1 3.53095E-1 2.88644E-1 1.98724E-1 7.94006E-2 5.49976E-2 5.14861E-2 3.32979E-2 4.55279E-2 6.26039E-2 5.52031E-2 5.05773E-2 4.07654E-2 2.42227E-2 1.10585E-2 4.42966E-3 2.04624E-3 9.6068E-4 4.8467E-4 3.28511E-4 3.94662E-4 5.77697E-4 2.85257E-4 3.71735E-5 2.09245E-5 6.3618E-6 9.0344E-8 2.34156E-9 7.23124E-10 4.65599E-9 3.82019E-8 1.4589E-8 1.28462E-10 1.83209E-12 2.56851E-11 1.87481E-8 1.71816E-8 2.14489E-7 3.62971E-6 6.24132E-6 6.59532E-6 2.92843E-9 1.55751E-12 9.53089E-15 3.2201E-15 1.94801E-15 3.88213E-13 1.44367E-10 1.6296E-14 1.01646E-13 1.11178E-14 1.54268E-12 5.68262E-9 3.90664E-11 1.08202E-14 2.70216E-19 5.55064E-9 -9999 4.48673E-10 5.73985E-8 1.50024E-7 2.02107E-7 2.38776E-7 2.36877E-16 1.38787E-7 3.57968E-7 1.7603E-8 5.36271E-10
5.40623E-1 5.03978E-1 4.43729E-1 3.79374E-1 3.71486E-1 3.59572E-1 2.16013E-1 9.91071E-2 6.91859E-2 7.10242E-2 1.19795E-1 1.23874E-1 9.8358E-2 7.54429E-2 5.55089E-2 3.20804E-2 1.45291E-2 6.33084E-3 6.11239E-3 6.12013E-3 3.18579E-3 1.56418E-3 1.3794E-3 1.43861E-3 3.69025E-4 4.96132E-5 5.35418E-5 1.66407E-4 2.53496E-5 1.48688E-6 5.37982E-7 7.05448E-7 6.20145E-6 1.47029E-4 4.88712E-6 1.7746E-10 3.55422E-13 8.8089E-13 2.10352E-13 5.14643E-11 5.17622E-6 2.83647E-4 1.91556E-4 7.79651E-5 8.42854E-6 4.77674E-6 2.37764E-8 1.61697E-13 3.70051E-10 1.59628E-3 3.87428E-12 3.47164E-11 1.33583E-9 3.96486E-15 1.24748E-13 5.71206E-24 2.74104E-26 5.92222E-28 1.11122E-14 4.85194E-9 4.44391E-10 9.26732E-8 9.14201E-8 2.61874E-8 4.76826E-8 1.21597E-17 1.30229E-37 6.05216E-13 9.44018E-9 1.141E-23
5.20489E-1 5.42777E-1 4.64775E-1 3.87209E-1 4.08439E-1 4.29109E-1 3.2894E-1 1.7451E-1 9.91071E-2 1.01492E-1 1.49551E-1 1.59785E-1 1.64616E-1 1.39785E-1 9.10702E-2 4.89429E-2 2.29792E-2 1.161E-2 2.17954E-2 3.76357E-2 1.44132E-2 5.46851E-3 4.18624E-3 3.72609E-3 1.09241E-3 1.27488E-4 1.78572E-4 7.39622E-4 3.13767E-4 5.92503E-5 5.22071E-5 1.07656E-4 1.6255E-4 6.77211E-4 1.80617E-3 1.74315E-4 2.63363E-7 1.02025E-9 1.14017E-10 1.03146E-9 7.19122E-8 8.21231E-6 1.52367E-4 1.29431E-4 5.79161E-4 6.67569E-5 3.48764E-4 2.02172E-7 9.0983E-4 8.57884E-3 4.23567E-6 6.96161E-5 1.1879E-9 4.93485E-15 9.551E-18 9.44847E-28 6.94579E-31 4.02336E-30 7.13203E-26 6.14022E-34 9.90011E-23 6.39965E-25 4.0378E-16 1.09573E-10 8.65934E-12 7.89999E-24 0E0 3.74337E-22 4.24305E-29 2.95805E-31
4.38258E-1 4.89773E-1 4.52579E-1 4.06531E-1 4.23534E-1 4.17911E-1 3.3553E-1 2.33772E-1 2.0051E-1 2.20601E-1 1.959E-1 1.81995E-1 2.45971E-1 2.47201E-1 1.33947E-1 6.76111E-2 3.82519E-2 2.29792E-2 2.88007E-2 5.99401E-2 2.47801E-2 1.1488E-2 1.05208E-2 1.29749E-2 9.9458E-3 2.43119E-3 1.33681E-3 1.87286E-3 1.26353E-3 3.35526E-4 6.47188E-4 2.26567E-3 2.94296E-3 2.71727E-3 7.63765E-3 2.77074E-3 1.3379E-4 1.36925E-5 6.91427E-6 1.88185E-5 2.44112E-5 1.4974E-5 6.60466E-6 1.82753E-5 8.38006E-4 3.63143E-4 6.81049E-4 5.43812E-4 3.12737E-4 3.33093E-3 3.80444E-3 2.7157E-5 1.41096E-8 4.83916E-14 2.40484E-25 1.01576E-32 3.48109E-37 2.8026E-45 0E0 0E0 0E0 0E0 0E0 5.34422E-34 2.28863E-29 0E0 0E0 0E0 0E0 0E0
3.73673E-1 4.34375E-1 4.32789E-1 4.23562E-1 4.41922E-1 4.27256E-1 3.65541E-1 3.0332E-1 3.1338E-1 3.47579E-1 2.5424E-1 2.01816E-1 2.9773E-1 2.55668E-1 1.47987E-1 9.51096E-2 6.70806E-2 4.11755E-2 3.15934E-2 4.44851E-2 3.11128E-2 2.34611E-2 2.74847E-2 3.95837E-2 4.55737E-2 1.64594E-2 5.88268E-3 6.4935E-3 6.05693E-3 3.42336E-3 5.24776E-3 9.99735E-3 6.70758E-3 5.786E-3 1.01932E-2 5.46782E-3 1.77172E-3 1.62843E-3 1.09075E-3 4.01209E-3 4.84668E-3 1.68823E-3 5.03507E-4 1.17837E-4 2.84223E-5 1.56921E-5 2.58268E-6 3.09652E-9 5.83406E-14 6.03354E-12 3.91376E-10 9.58066E-15 1.5227E-20 4.02624E-22 2.75728E-23 5.10535E-28 7.56701E-44 0E0 0E0 0E0 0E0 0E0 0E0 0E0 0E0 0E0 0E0 0E0 0E0 0E0
4.39309E-1 4.46957E-1 4.644E-1 4.71597E-1 4.71597E-1 4.73285E-1 4.59711E-1 4.49113E-1 4.41875E-1 4.10423E-1 3.45877E-1 3.13774E-1 3.07751E-1 2.42661E-1 1.65328E-1 1.46464E-1 1.25477E-1 7.7403E-2 3.65816E-2 4.42798E-2 5.86422E-2 7.25727E-2 7.64183E-2 6.49733E-2 5.59759E-2 2.92159E-2 1.4779E-2 1.3896E-2 1.28241E-2 1.65524E-2 3.11128E-2 4.59575E-2 3.869E-2 2.18416E-2 2.15174E-2 1.91982E-2 1.19355E-2 1.16449E-3 5.92891E-4 5.3581E-3 1.78952E-2 1.24895E-2 1.66877E-2 1.16496E-2 4.41158E-4 6.20758E-5 6.34157E-6 8.18385E-8 2.1104E-10 8.92628E-13 1.10332E-16 1.64817E-22 2.45142E-24 2.44237E-22 3.20957E-21 2.55969E-21 1.04707E-32 6.5861E-44 0E0 0E0 4.90454E-44 0E0 0E0 0E0 0E0 0E0 0E0 0E0 0E0 0E0
4.77201E-1 4.55194E-1 4.60964E-1 4.59236E-1 4.63053E-1 5.0243E-1 4.89773E-1 4.91381E-1 4.682E-1 4.00788E-1 3.57844E-1 3.31991E-1 2.9797E-1 2.50363E-1 2.1818E-1 2.19465E-1 2.15768E-1 1.55033E-1 8.5174E-2 5.99363E-2 8.10085E-2 1.18685E-1 1.0097E-1 6.89879E-2 5.37275E-2 3.8655E-2 2.29017E-2 1.7938E-2 2.23415E-2 5.14992E-2 1.24724E-1 1.14495E-1 7.60582E-2 3.03755E-2 3.22986E-2 5.10194E-2 3.71241E-2 2.17542E-3 2.16264E-4 6.47412E-3 5.1823E-2 5.94845E-2 4.88891E-2 6.97623E-2 4.95871E-2 1.05553E-2 4.73202E-4 2.45891E-5 3.28236E-7 1.52196E-9 7.9008E-13 6.54215E-17 1.01528E-19 6.02232E-20 1.70726E-19 8.90394E-21 2.39382E-26 3.97365E-34 9.16078E-39 4.57899E-38 3.43688E-36 8.58897E-39 0E0 0E0 0E0 0E0 0E0 9.10844E-44 1.27182E-41 2.83012E-39
4.62088E-1 4.06497E-1 3.89257E-1 3.95041E-1 3.93117E-1 4.34375E-1 4.34618E-1 3.96961E-1 3.23983E-1 2.8215E-1 2.9797E-1 3.19977E-1 3.01965E-1 2.70209E-1 2.67929E-1 2.62041E-1 2.40206E-1 1.99451E-1 1.43447E-1 6.71948E-2 4.9758E-2 9.80095E-2 9.11603E-2 4.6018E-2 5.04092E-2 4.90107E-2 2.16449E-2 1.80872E-2 4.80263E-2 1.29483E-1 1.78596E-1 1.12137E-1 6.97857E-2 3.11128E-2 3.90035E-2 6.41251E-2 1.0751E-1 1.28824E-1 2.56329E-2 1.9485E-2 4.11254E-2 6.10582E-2 5.47785E-2 9.12202E-2 8.3632E-2 3.71377E-2 5.78527E-3 7.23464E-4 5.34669E-5 3.14442E-6 1.92754E-8 5.68902E-12 1.47359E-15 2.48549E-17 1.19083E-17 7.95911E-19 8.66144E-22 1.45223E-25 1.52984E-28 3.77819E-30 2.70729E-32 3.46192E-36 6.3001E-41 3.08286E-44 5.51411E-42 1.09457E-37 2.29806E-35 4.90957E-34 2.54728E-33 1.43594E-31
3.73021E-1 3.17958E-1 3.02E-1 3.39894E-1 3.87049E-1 3.98558E-1 3.61683E-1 2.88088E-1 1.587E-1 1.38908E-1 2.45141E-1 3.13966E-1 3.09975E-1 2.89998E-1 3.03963E-1 2.8575E-1 2.36933E-1 1.94719E-1 1.55735E-1 9.80095E-2 7.79604E-2 1.28082E-1 1.07407E-1 3.45465E-2 5.33017E-2 4.78974E-2 8.68769E-3 1.36986E-2 8.27257E-2 3.15972E-1 3.29843E-1 1.22571E-1 7.55509E-2 7.40828E-2 9.05969E-2 1.05142E-1 1.71993E-1 2.68829E-1 9.95401E-2 4.57847E-2 3.40915E-2 5.07672E-2 1.46064E-1 1.52621E-1 9.00026E-2 3.87707E-2 1.41869E-2 4.79021E-3 1.04647E-3 1.47572E-4 7.13476E-6 1.93024E-8 1.67176E-11 5.36851E-14 1.30417E-14 2.12975E-15 4.23513E-17 8.37461E-19 1.36819E-20 9.98821E-23 1.4602E-25 8.72038E-29 6.4867E-32 2.5554E-33 1.17329E-31 2.68095E-28 7.10668E-27 2.85603E-27 4.06644E-29 4.70934E-33
2.74201E-1 2.52826E-1 2.74266E-1 3.87049E-1 4.88558E-1 4.64653E-1 3.74965E-1 3.39594E-1 2.30056E-1 1.80137E-1 2.78125E-1 3.17958E-1 2.90071E-1 2.96029E-1 3.09975E-1 2.91989E-1 2.23747E-1 1.75817E-1 1.74146E-1 1.72483E-1 1.65915E-1 1.96921E-1 1.79637E-1 9.77718E-2 7.66974E-2 3.74446E-2 1.02745E-2 2.08958E-2 8.93544E-2 3.47842E-1 3.51807E-1 1.38908E-1 1.03721E-1 1.12457E-1 1.28082E-1 1.27523E-1 1.49518E-1 1.62997E-1 1.35392E-1 1.04604E-1 5.52092E-2 6.70806E-2 1.44971E-1 2.22424E-1 1.38101E-1 5.59714E-2 2.32466E-2 1.39287E-2 4.78839E-3 6.48259E-4 5.49439E-5 2.65877E-6 5.21738E-8 9.95349E-10 8.226E-11 1.17025E-11 1.67492E-12 3.41722E-13 2.43088E-14 1.34491E-16 2.86211E-19 6.97921E-22 2.06234E-24 6.33814E-26 1.22133E-25 4.36294E-24 3.26789E-24 1.67183E-26 1.32757E-31 7.33996E-32
2.4136E-1 2.39463E-1 2.8206E-1 4.22943E-1 5.52512E-1 5.69903E-1 5.43484E-1 5.16381E-1 5.04829E-1 3.75357E-1 3.45003E-1 3.62651E-1 3.13764E-1 3.17741E-1 3.27937E-1 2.82055E-1 2.1675E-1 1.80879E-1 1.87738E-1 2.16336E-1 2.24149E-1 2.22291E-1 1.81647E-1 1.6509E-1 1.22282E-1 5.76116E-2 3.24013E-2 4.18555E-2 1.17127E-1 2.56498E-1 2.64224E-1 1.62091E-1 1.49607E-1 1.6369E-1 1.73267E-1 1.79955E-1 1.4599E-1 1.7294E-1 1.94719E-1 1.98254E-1 1.29483E-1 3.83641E-2 6.28679E-2 2.23186E-1 1.47294E-1 6.53223E-2 3.11128E-2 1.58752E-2 5.56548E-3 1.16464E-3 2.54837E-4 1.05009E-4 1.99843E-5 1.20924E-6 1.02874E-7 1.63143E-8 4.74732E-9 3.11829E-9 5.76204E-10 1.60662E-12 5.0683E-15 4.90457E-17 2.45225E-19 2.32289E-21 1.95624E-22 1.46187E-23 8.67276E-29 6.98093E-37 1.92118E-42 5.54576E-36
3.39894E-1 2.90071E-1 2.96029E-1 3.83182E-1 5.27482E-1 6.00991E-1 5.92222E-1 5.10326E-1 4.65612E-1 4.00028E-1 3.98154E-1 4.66929E-1 4.12226E-1 3.82707E-1 3.76905E-1 3.05986E-1 2.22291E-1 1.93405E-1 2.07212E-1 2.44945E-1 2.6237E-1 2.50898E-1 1.83346E-1 1.37694E-1 1.23636E-1 8.21452E-2 7.23676E-2 8.0238E-2 1.65333E-1 2.69637E-1 2.83273E-1 2.09615E-1 1.93735E-1 2.18878E-1 2.72001E-1 2.70053E-1 1.88657E-1 2.52828E-1 3.57369E-1 3.00009E-1 1.91958E-1 7.54079E-2 7.57252E-2 1.4599E-1 1.23934E-1 6.85069E-2 2.96708E-2 1.37376E-2 6.19522E-3 3.11154E-3 2.31209E-3 1.63092E-3 7.39622E-4 7.42645E-5 7.95911E-6 1.57411E-6 5.69787E-7 6.52805E-8 1.42479E-9 4.61194E-11 1.01724E-12 2.12587E-14 2.4917E-16 2.19002E-18 1.98577E-20 2.89394E-23 2.07038E-32 0E0 0E0 0E0
4.88558E-1 4.00461E-1 3.85382E-1 4.19652E-1 4.92475E-1 5.64293E-1 5.17954E-1 3.51109E-1 2.53694E-1 3.59889E-1 4.31139E-1 4.4523E-1 3.92508E-1 3.78168E-1 3.64601E-1 3.1973E-1 2.58632E-1 2.29759E-1 2.60419E-1 2.84037E-1 2.66424E-1 2.48975E-1 2.06239E-1 1.62091E-1 1.34947E-1 1.3352E-1 1.57418E-1 1.84909E-1 2.07492E-1 2.74844E-1 3.33545E-1 2.44216E-1 2.09275E-1 1.96926E-1 2.3858E-1 2.81319E-1 3.0488E-1 3.28538E-1 3.94394E-1 3.29206E-1 2.08006E-1 1.90403E-1 2.4326E-1 1.73461E-1 1.11795E-1 4.85791E-2 1.96358E-2 1.67842E-2 1.06342E-2 4.42012E-3 2.2173E-3 3.18053E-3 2.60619E-3 5.1678E-4 6.05549E-5 1.33334E-5 1.29387E-5 1.06709E-6 7.39968E-9 2.73397E-10 2.27493E-11 1.09967E-12 2.88261E-14 3.44958E-16 1.87326E-18 9.44611E-23 1.19794E-28 1.95761E-41 0E0 0E0
3.91189E-1 3.29989E-1 3.2748E-1 3.57578E-1 4.027E-1 4.88157E-1 3.92306E-1 2.35291E-1 1.91733E-1 3.66586E-1 4.05622E-1 2.41226E-1 2.91616E-1 3.11383E-1 2.87977E-1 2.87977E-1 3.05986E-1 3.31926E-1 2.92055E-1 2.80176E-1 2.60553E-1 2.24473E-1 2.30056E-1 2.39337E-1 1.78507E-1 2.15024E-1 2.44703E-1 2.27432E-1 2.03476E-1 2.37951E-1 3.03169E-1 2.77901E-1 2.15945E-1 1.93037E-1 2.39817E-1 2.99268E-1 3.18788E-1 3.36336E-1 3.53052E-1 2.76784E-1 1.76544E-1 2.25591E-1 3.60801E-1 2.297E-1 1.00469E-1 2.76379E-2 1.03429E-2 3.19134E-2 2.85065E-2 6.79739E-3 1.16316E-3 3.72751E-3 4.1009E-3 1.28661E-3 1.86311E-4 3.62452E-5 2.25722E-5 1.96988E-6 1.7862E-8 1.81353E-9 3.532E-10 3.34991E-11 1.65689E-12 3.90784E-14 3.27782E-16 4.07569E-19 3.04293E-23 2.69252E-27 9.71246E-31 8.21224E-35
2.60085E-1 1.86012E-1 1.28262E-1 1.77728E-1 2.78655E-1 3.31851E-1 2.24391E-1 1.36384E-1 1.70181E-1 3.02E-1 3.17408E-1 2.523E-1 3.05745E-1 2.86022E-1 2.39463E-1 2.37572E-1 3.17741E-1 4.30273E-1 4.10279E-1 3.17974E-1 2.66283E-1 2.11531E-1 1.605E-1 1.19764E-1 1.88681E-1 2.8523E-1 3.10007E-1 2.32984E-1 2.52992E-1 2.43561E-1 2.17061E-1 2.06375E-1 1.8737E-1 2.0036E-1 2.61589E-1 2.74971E-1 2.65399E-1 3.27262E-1 3.82417E-1 2.49208E-1 1.81171E-1 2.0172E-1 2.26856E-1 1.59945E-1 9.45412E-2 5.33661E-2 3.30399E-2 5.76116E-2 5.26275E-2 1.63548E-2 4.02228E-3 3.51518E-3 3.50182E-3 1.79016E-3 5.86809E-4 1.28803E-4 3.98266E-5 5.03005E-6 3.05032E-7 4.36056E-8 7.85754E-9 8.17385E-10 6.68635E-11 2.92821E-12 6.02481E-14 6.59286E-16 1.3717E-18 1.9522E-21 3.86134E-24 5.59158E-27
1.96483E-1 1.37524E-1 9.2189E-2 9.40638E-2 1.76188E-1 2.40747E-1 1.03123E-1 4.85791E-2 1.02172E-1 1.80008E-1 2.09157E-1 2.18395E-1 2.4465E-1 2.10495E-1 1.7294E-1 1.82983E-1 2.58953E-1 3.69542E-1 3.85382E-1 3.3599E-1 2.81303E-1 2.32896E-1 1.9684E-1 1.9684E-1 2.84792E-1 4.4435E-1 5.73711E-1 4.27057E-1 2.16839E-1 1.63272E-1 1.33307E-1 1.25762E-1 1.62309E-1 2.0911E-1 2.10878E-1 1.5305E-1 1.42629E-1 2.15265E-1 2.43561E-1 2.15945E-1 2.25024E-1 2.34845E-1 1.88681E-1 1.13303E-1 9.51085E-2 1.19603E-1 1.28539E-1 1.28894E-1 8.94389E-2 3.32378E-2 3.72751E-3 1.21107E-3 1.08108E-3 1.09283E-3 8.43875E-4 3.07636E-4 8.8704E-5 2.23348E-5 4.59704E-6 1.11601E-6 1.43013E-7 1.17768E-8 1.30013E-9 1.01226E-10 5.35119E-12 1.77583E-13 8.71911E-16 2.27089E-18 4.1679E-21 2.1633E-24
1.62164E-1 1.38311E-1 8.92544E-2 7.90344E-2 1.16037E-1 1.28082E-1 6.2194E-2 4.36442E-2 6.80676E-2 1.29211E-1 1.51064E-1 1.50168E-1 1.47095E-1 1.13194E-1 8.73904E-2 1.15428E-1 1.84412E-1 2.61036E-1 2.90643E-1 3.09833E-1 2.8581E-1 2.46024E-1 2.1989E-1 2.25899E-1 2.82641E-1 4.12906E-1 5.00264E-1 3.73079E-1 2.41482E-1 1.56217E-1 8.64453E-2 7.7245E-2 1.43069E-1 1.94188E-1 1.99372E-1 1.12994E-1 9.73249E-2 1.4047E-1 1.41929E-1 1.73453E-1 2.90071E-1 2.64E-1 1.75817E-1 1.02199E-1 8.44794E-2 1.2202E-1 1.68595E-1 1.25307E-1 7.36298E-2 1.79909E-2 6.06301E-4 2.72389E-4 1.06267E-3 9.27174E-4 7.29927E-4 4.67997E-4 1.91293E-4 7.04586E-5 2.33874E-5 6.94116E-6 8.73742E-7 7.25351E-8 8.03243E-9 1.12575E-9 1.05151E-10 3.71712E-12 4.43616E-14 4.12743E-16 2.6529E-18 1.33306E-21
1.55735E-1 1.20024E-1 6.26039E-2 5.78171E-2 7.05585E-2 7.07006E-2 5.32941E-2 4.95991E-2 6.32705E-2 1.31316E-1 1.13194E-1 8.77721E-2 7.44769E-2 5.2018E-2 4.74304E-2 6.88662E-2 1.12984E-1 1.72486E-1 2.33724E-1 2.91634E-1 2.8962E-1 2.52441E-1 2.13138E-1 1.98623E-1 2.22135E-1 2.72578E-1 2.70133E-1 1.96106E-1 1.62678E-1 1.47505E-1 9.40832E-2 3.57304E-2 6.34909E-2 1.30547E-1 2.08784E-1 1.61692E-1 1.30506E-1 1.43714E-1 1.41853E-1 1.7451E-1 2.34801E-1 2.36933E-1 1.26642E-1 6.53223E-2 3.67526E-2 4.6446E-2 6.19124E-2 5.22249E-2 2.15443E-2 1.76049E-3 2.96451E-5 1.31011E-5 3.48255E-4 5.88021E-4 4.91876E-4 5.80474E-4 3.10408E-4 1.26269E-4 4.43783E-5 9.07251E-6 1.31378E-6 1.93285E-7 2.9738E-8 5.3072E-9 6.29703E-10 2.33185E-11 4.7203E-13 1.12322E-14 1.26293E-16 2.67748E-19
6.85083E-2 4.40124E-2 1.95167E-2 2.64848E-2 4.05706E-2 7.19571E-2 8.07723E-2 8.20959E-2 8.56517E-2 1.01334E-1 1.27801E-1 9.29271E-2 5.14861E-2 2.51019E-2 2.81675E-2 4.67572E-2 7.10242E-2 1.09352E-1 1.9039E-1 2.68829E-1 2.57018E-1 2.29979E-1 2.00086E-1 1.75337E-1 1.71178E-1 1.7957E-1 1.81272E-1 1.7957E-1 1.66375E-1 1.47505E-1 8.78666E-2 3.80879E-2 4.56904E-2 8.6127E-2 1.19603E-1 1.11533E-1 1.28539E-1 1.53277E-1 1.37463E-1 1.41912E-1 1.47976E-1 1.26022E-1 8.12939E-2 4.16456E-2 2.19995E-2 1.81888E-2 1.70191E-2 1.74859E-2 9.39889E-3 5.93701E-4 8.56505E-6 3.04743E-6 8.38257E-5 2.94978E-4 4.35048E-4 6.08445E-4 3.50078E-4 1.41302E-4 4.51446E-5 6.64491E-6 9.68901E-7 2.24147E-7 5.73675E-8 9.53399E-9 1.01017E-9 5.9241E-11 1.8551E-12 5.03003E-14 1.65725E-15 2.43288E-17
