KUENM/Final_Models/M_0.1_F_lq_Set_2_EC/sp1_5_se_asia.asc
ncols         320
nrows         243
xllcorner     44.0
yllcorner     -0.666666666666667
cellsize      0.166666666666667
NODATA_value  -9999
[rows 93 to 123 of 243, columns 210 to 279 of 320]
5.22239E-3 1.15375E-3 1.29313E-3 8.05423E-3 2.30126E-2 3.30485E-2 3.78565E-2 4.24624E-2 3.68383E-2 3.16718E-2 4.04126E-2 2.92457E-2 1.7035E-2 1.17937E-2 1.2546E-2 1.72828E-2 2.25063E-2 3.6256E-2 6.4705E-2 1.01877E-1 9.90692E-2 8.01118E-2 7.3544E-2 6.47523E-2 5.93891E-2 5.67984E-2 4.39293E-2 4.3089E-2 4.5207E-2 4.15839E-2 1.89433E-2 1.04634E-2 1.40379E-2 1.89433E-2 1.84197E-2 1.28636E-2 2.25063E-2 3.24403E-2 3.01107E-2 4.09941E-2 4.91229E-2 4.24814E-2 2.41162E-2 1.43461E-2 8.1439E-3 5.43319E-3 4.60951E-3 3.26258E-3 2.08966E-3 2.64587E-4 1.87133E-5 9.45467E-6 3.27339E-5 7.04015E-5 1.41302E-4 1.82679E-4 1.01389E-4 3.0433E-5 6.67192E-6 6.05533E-7 7.64245E-8 3.92568E-8 1.69091E-8 2.95569E-9 2.49571E-10 1.83231E-11 8.7991E-13 3.55197E-14 1.73874E-15 1.63139E-16
4.20267E-3 2.01429E-3 4.16317E-3 1.04428E-2 2.12698E-2 1.95235E-2 3.19627E-2 4.42984E-2 3.86535E-2 2.65659E-2 2.56956E-2 2.10751E-2 1.79581E-2 1.78522E-2 2.19675E-2 2.01597E-2 1.99671E-2 2.83743E-2 3.83E-2 5.08947E-2 5.72506E-2 5.98428E-2 5.14439E-2 4.11191E-2 3.17565E-2 3.00645E-2 2.39663E-2 2.081E-2 2.14112E-2 2.34526E-2 2.77946E-2 3.57235E-2 2.22086E-2 1.51613E-2 8.57404E-3 7.30921E-3 7.73623E-3 4.86221E-3 3.83129E-3 7.87347E-3 1.80197E-2 2.19527E-2 1.02642E-2 7.53924E-3 7.67478E-3 4.43009E-3 3.4059E-3 2.13315E-3 1.11272E-3 3.70787E-4 1.28839E-4 8.99306E-5 7.0142E-5 3.59686E-5 5.2263E-5 1.47136E-4 1.11227E-4 2.95834E-5 4.94355E-6 4.3672E-7 4.74994E-8 8.13764E-8 3.45342E-8 3.88463E-9 3.21539E-10 2.05526E-11 1.48685E-12 9.46434E-14 1.0195E-14 1.99153E-15
9.41135E-3 8.20575E-3 3.12891E-3 1.09493E-2 2.10751E-2 1.63493E-2 1.93415E-2 2.50903E-2 2.26979E-2 1.92172E-2 1.46681E-2 1.30516E-2 1.44268E-2 1.92172E-2 2.37848E-2 1.96902E-2 1.50936E-2 1.54101E-2 1.57948E-2 2.46058E-2 2.1672E-2 3.03422E-2 2.48881E-2 1.78514E-2 1.38984E-2 1.27164E-2 9.96298E-3 9.29863E-3 8.98156E-3 1.29698E-2 2.94424E-2 3.91924E-2 1.48163E-2 9.19341E-3 6.59464E-3 7.62303E-3 8.08769E-3 2.92857E-3 1.79618E-3 3.16136E-3 8.2229E-3 8.93067E-3 3.444E-3 2.43777E-3 4.19425E-3 3.67226E-3 2.74601E-3 1.39221E-3 8.44444E-4 5.36241E-4 4.01452E-4 3.67293E-4 2.39226E-4 5.88397E-5 4.95147E-5 1.0566E-4 8.72228E-5 3.26421E-5 6.65214E-6 9.36121E-7 2.46748E-7 1.65958E-7 4.32169E-8 3.50699E-9 2.08073E-10 1.69704E-11 1.61372E-12 1.38082E-13 2.42608E-14 1.02007E-14
1.0122E-2 8.8048E-3 2.37217E-3 1.37033E-2 1.2834E-2 7.76493E-3 6.45155E-3 8.51282E-3 8.00996E-3 6.46639E-3 4.90711E-3 4.52273E-3 8.51282E-3 1.58205E-2 1.67325E-2 1.49215E-2 1.07358E-2 8.29844E-3 7.91878E-3 8.78229E-3 7.11276E-3 7.25315E-3 9.45161E-3 7.49503E-3 5.86585E-3 4.64813E-3 3.83129E-3 4.29168E-3 4.08085E-3 6.00465E-3 7.59574E-3 5.05411E-3 5.95825E-3 7.79542E-3 5.92056E-3 6.26828E-3 5.851E-3 4.82738E-3 5.58187E-3 5.57994E-3 4.09927E-3 4.52422E-3 3.73556E-3 7.50032E-3 4.58234E-3 3.92854E-3 3.17066E-3 8.75234E-4 8.21378E-4 8.89829E-4 6.46326E-4 8.71241E-4 9.28122E-4 2.54991E-4 1.43067E-4 1.39746E-4 9.83501E-5 3.87796E-5 1.01806E-5 2.0862E-6 4.77463E-7 1.38112E-7 2.66795E-8 1.95173E-9 1.19764E-10 1.19702E-11 2.31254E-12 3.04394E-13 8.70448E-14 2.63567E-14
3.86044E-3 4.38568E-3 5.3031E-3 7.28293E-3 5.05411E-3 4.48172E-3 3.71413E-3 2.9817E-3 1.94894E-3 1.60078E-3 1.14279E-3 1.6334E-3 5.28542E-3 1.42194E-2 1.57712E-2 1.10391E-2 6.83429E-3 4.3787E-3 2.80248E-3 2.49988E-3 2.18493E-3 1.79804E-3 2.71162E-3 2.19754E-3 1.76819E-3 1.42669E-3 1.19237E-3 1.24188E-3 1.53688E-3 1.36683E-3 8.39828E-4 4.33926E-4 5.26936E-4 2.74982E-3 4.45657E-3 2.73353E-3 1.45185E-3 1.19195E-3 8.265E-4 6.87042E-4 4.40698E-4 7.68468E-4 2.00709E-3 3.50538E-3 5.14715E-3 6.40863E-3 5.88422E-3 2.41505E-3 1.71238E-3 2.41505E-3 5.92846E-4 3.9085E-4 4.46313E-4 3.73852E-4 2.9214E-4 2.54991E-4 1.43067E-4 5.91095E-5 1.72107E-5 3.26447E-6 6.41572E-7 1.11192E-7 1.74596E-8 1.42751E-9 7.12672E-11 1.34395E-11 4.905E-12 1.4314E-12 2.56463E-13 -9999
3.42943E-3 4.90442E-3 6.15644E-3 4.55996E-3 3.27354E-3 2.40444E-3 1.50601E-3 9.8802E-4 5.26014E-4 3.57445E-4 2.67316E-4 1.02917E-3 4.69391E-3 1.49215E-2 1.86087E-2 1.03743E-2 5.28641E-3 3.35795E-3 2.5307E-3 1.39453E-3 9.87588E-4 7.55623E-4 9.49196E-4 8.42259E-4 6.53185E-4 4.676E-4 3.71443E-4 3.7923E-4 5.69265E-4 5.52048E-4 5.9211E-4 3.73368E-4 3.92201E-4 2.01156E-3 3.24663E-3 7.56347E-4 2.61217E-4 2.08126E-4 7.41329E-5 1.61765E-4 4.69201E-4 7.29826E-4 9.21632E-4 1.1774E-3 1.68736E-3 4.54478E-3 8.2299E-3 4.37801E-3 2.59776E-3 1.73499E-2 1.51652E-3 4.76742E-4 4.27052E-4 3.73852E-4 4.56247E-4 5.8014E-4 3.1968E-4 1.3332E-4 3.33527E-5 3.85396E-6 5.07171E-7 8.94072E-8 1.38731E-8 1.75895E-9 2.08073E-10 5.10213E-11 1.69976E-11 3.87482E-12 3.03443E-13 -9999
4.17754E-3 4.96013E-3 6.88376E-3 8.14182E-3 4.81703E-3 9.17311E-4 5.21027E-4 2.37105E-4 9.48936E-5 6.08334E-5 8.415E-5 2.49473E-4 1.51821E-3 6.28374E-3 1.29312E-2 7.26121E-3 3.80999E-3 2.58275E-3 2.48421E-3 2.06834E-3 8.42259E-4 3.93732E-4 3.73654E-4 3.65465E-4 2.31781E-4 1.25135E-4 9.87466E-5 1.30366E-4 2.18635E-4 3.43294E-4 4.1038E-4 3.8625E-4 1.9916E-4 3.54434E-4 5.48113E-4 1.76895E-4 5.15534E-5 7.38121E-5 7.17586E-5 1.01114E-3 2.25675E-3 7.27547E-4 3.06156E-4 5.14781E-4 8.00458E-4 2.41505E-3 7.53185E-3 9.74171E-3 3.01513E-3 1.00848E-2 7.66703E-3 2.44957E-3 8.35149E-4 3.9085E-4 3.9085E-4 1.16772E-3 1.29468E-3 6.7473E-4 4.2855E-5 2.33491E-6 2.32458E-7 5.23184E-8 1.3433E-8 2.57639E-9 5.13646E-10 1.44551E-10 5.51244E-11 8.48406E-12 2.57681E-13 1.66449E-15
9.9728E-3 9.87339E-3 1.30308E-2 9.99489E-3 4.23746E-3 1.46171E-3 5.03634E-4 1.12998E-4 2.06469E-5 2.0253E-5 4.60869E-5 1.4129E-4 2.7128E-4 9.60629E-4 1.81768E-3 1.69901E-3 1.87957E-3 1.80594E-3 2.47803E-3 3.18007E-3 1.25299E-3 4.75714E-4 2.41889E-4 1.73055E-4 9.12488E-5 3.81468E-5 2.60218E-5 4.44997E-5 7.07142E-5 1.13246E-4 1.57309E-4 1.01895E-4 7.48726E-5 3.66968E-5 5.90864E-5 8.61993E-5 9.94808E-5 1.42902E-4 2.64877E-4 1.4838E-3 1.53745E-3 4.87311E-4 2.33821E-4 4.41444E-4 1.29468E-3 1.97044E-3 4.52015E-3 7.61893E-3 3.19439E-3 4.32687E-3 1.23792E-2 7.09429E-3 2.91922E-3 7.83623E-4 1.68503E-4 1.93657E-4 5.09112E-4 8.11321E-5 5.77223E-6 6.59433E-7 1.18192E-7 3.13507E-8 1.10139E-8 2.76169E-9 5.14018E-10 1.24861E-10 3.92885E-11 4.71932E-12 7.04761E-14 -9999
1.55068E-2 1.70413E-2 1.6914E-2 1.22297E-2 5.06928E-3 1.99525E-3 3.93732E-4 6.61912E-5 1.62291E-5 2.03174E-5 3.97612E-5 1.34917E-4 4.24148E-4 8.17535E-4 5.69934E-4 1.17572E-4 1.89996E-4 4.71734E-4 2.01238E-3 5.18664E-3 1.95374E-3 5.83638E-4 1.91792E-4 8.44129E-5 4.15521E-5 2.08103E-5 9.24452E-6 8.00397E-6 9.40412E-6 1.62291E-5 3.61301E-5 2.6685E-5 8.44032E-6 3.66033E-6 1.01292E-5 6.01291E-5 1.81391E-4 2.01334E-4 2.58944E-4 3.89532E-4 2.74616E-4 2.15394E-4 1.93657E-4 3.70787E-4 9.35821E-4 1.12026E-3 2.13362E-3 2.41664E-3 1.65561E-3 2.41664E-3 5.07814E-3 5.92253E-3 5.5052E-3 9.23074E-4 6.03011E-5 2.85245E-5 1.00272E-4 6.60902E-6 1.1064E-6 3.52634E-7 7.86289E-8 2.2657E-8 8.43156E-9 1.88741E-9 2.16036E-10 2.30975E-11 3.17965E-12 2.27824E-13 1.90588E-15 -9999
1.17937E-2 1.2754E-2 1.96902E-2 1.72655E-2 7.46818E-3 2.00149E-3 3.57445E-4 7.3857E-5 2.59958E-5 2.63848E-5 4.89954E-5 1.25822E-4 3.62463E-4 6.14447E-4 9.25608E-4 2.6029E-4 6.56814E-5 1.43686E-4 1.0167E-3 3.37732E-3 1.41383E-3 4.03387E-4 1.3287E-4 5.44614E-5 2.45551E-5 1.61389E-5 7.14202E-6 4.7749E-6 7.46021E-6 7.8136E-6 2.18233E-5 2.60857E-5 1.06482E-5 3.83567E-6 8.63801E-6 9.03102E-5 3.38724E-4 3.56346E-4 1.944E-4 2.25515E-4 3.12575E-4 4.53764E-4 5.76984E-4 8.84989E-4 1.05244E-3 7.43265E-4 7.35082E-4 8.02234E-4 6.34152E-4 7.85384E-4 1.37892E-3 1.65561E-3 8.43018E-4 5.99728E-5 1.27179E-6 7.30265E-8 1.20076E-6 1.85104E-6 6.55159E-7 2.52207E-7 3.66069E-8 8.97061E-9 2.84919E-9 4.60281E-10 2.39241E-11 9.17335E-13 3.88698E-14 2.08365E-15 -9999 6.44551E-21
7.30921E-3 1.03875E-2 1.57832E-2 2.03553E-2 7.48991E-3 1.67272E-3 2.96206E-4 5.35788E-5 2.47888E-5 1.98297E-5 4.33079E-5 1.53455E-4 5.37657E-4 6.82473E-4 4.86985E-4 3.01715E-4 2.97087E-4 4.79432E-4 6.67158E-4 5.78496E-4 3.46384E-4 7.24779E-5 5.51113E-5 3.53106E-5 2.88653E-5 2.058E-5 1.48858E-5 1.45024E-5 2.25952E-5 6.39255E-5 2.08922E-4 1.22031E-4 2.71586E-5 1.0547E-5 2.40857E-5 1.64914E-4 3.30843E-4 3.23499E-4 2.63972E-4 2.15394E-4 5.15773E-4 9.28122E-4 1.62792E-3 2.83645E-3 1.32156E-3 8.30606E-4 4.74148E-4 4.3437E-4 2.80232E-4 1.84167E-4 3.11125E-4 4.63985E-4 9.83822E-5 2.64211E-6 7.30265E-8 5.95189E-9 1.46859E-8 1.74975E-7 1.86022E-7 7.81193E-8 1.24543E-8 2.15728E-9 3.32152E-10 2.48533E-11 7.17629E-13 8.55727E-15 5.09221E-17 2.43672E-19 1.19477E-21 -9999
5.33691E-3 1.31264E-2 1.4284E-2 1.16888E-2 5.00917E-3 1.08418E-3 1.49834E-4 3.62064E-5 1.51985E-5 1.43978E-5 4.1855E-5 1.92301E-4 6.12114E-4 1.57767E-3 2.16599E-3 2.04012E-3 1.09351E-3 7.64532E-4 8.82635E-4 4.33159E-4 1.09125E-4 1.27363E-5 1.89327E-5 3.04158E-5 3.6515E-5 3.80668E-5 2.87936E-5 2.53475E-5 5.01063E-5 1.14564E-4 1.95971E-4 1.09002E-4 4.43077E-5 2.74657E-5 3.81402E-5 8.54608E-5 1.19778E-4 1.70709E-4 2.57395E-4 2.04026E-4 2.96271E-4 3.94094E-4 5.99446E-4 5.36841E-4 7.25507E-4 6.96044E-4 4.88717E-4 3.20779E-4 1.20879E-4 2.77609E-5 7.67215E-5 3.13657E-4 3.11956E-5 -9999 7.33298E-7 2.23373E-7 6.07147E-8 7.81193E-8 5.69905E-8 2.03761E-8 3.59653E-9 3.97648E-10 2.67436E-11 9.1557E-13 1.10965E-14 3.66254E-17 3.04253E-20 3.07225E-24 2.91726E-27 1.60419E-28
1.23363E-2 1.85434E-2 9.09085E-3 2.9817E-3 1.69394E-3 4.07196E-4 4.30617E-5 2.12644E-5 9.98571E-6 1.06717E-5 5.82397E-5 2.7898E-4 1.05419E-3 6.22511E-3 8.38597E-3 5.42887E-3 3.01724E-3 1.76482E-3 9.23074E-4 4.41079E-4 1.57118E-4 6.36725E-5 4.29111E-5 3.56095E-5 4.36369E-5 4.87046E-5 3.59686E-5 2.35383E-5 3.91266E-5 8.39068E-5 9.37464E-5 5.40222E-5 2.4685E-5 1.38548E-5 1.31469E-5 1.89327E-5 3.45293E-5 7.0872E-5 1.23785E-4 1.20164E-4 9.6985E-5 1.00877E-4 1.70887E-4 1.48214E-4 1.22443E-4 2.18145E-4 1.84167E-4 9.52805E-5 5.45178E-5 2.04282E-5 6.31583E-5 9.37824E-5 1.5899E-5 2.64211E-6 1.12251E-5 7.36116E-6 5.99824E-7 1.13619E-7 2.91149E-8 6.61386E-9 9.01586E-10 6.60691E-11 2.49121E-12 4.04449E-14 2.25178E-16 2.19979E-19 5.21843E-23 1.33721E-27 9.69214E-31 7.9715E-32
2.20706E-2 1.9452E-2 4.96177E-3 7.83774E-4 9.13122E-4 2.45102E-4 1.55993E-5 9.85637E-6 9.73632E-6 9.47002E-6 8.53404E-5 6.48521E-4 2.76442E-3 1.68425E-2 1.90646E-2 1.09303E-2 5.85238E-3 3.05177E-3 1.32358E-3 7.9576E-4 4.49848E-4 1.68588E-4 5.3499E-5 4.32463E-5 3.87581E-5 2.75124E-5 8.37552E-6 6.60902E-6 1.42875E-5 4.24271E-5 4.26593E-5 2.05504E-5 8.96381E-6 5.62565E-6 3.65776E-6 3.73855E-6 1.28833E-5 4.36596E-5 8.64223E-5 1.04193E-4 8.04891E-5 4.78515E-5 5.2116E-5 3.34969E-5 2.60721E-5 1.60143E-5 7.18945E-6 8.73508E-6 2.40204E-5 4.25645E-5 4.15174E-5 2.40204E-5 1.05217E-5 1.20835E-5 2.15369E-5 6.09395E-6 7.81004E-7 1.03501E-7 1.79468E-8 2.47631E-9 2.39804E-10 1.19568E-11 2.91164E-13 -9999 7.97409E-18 5.79918E-21 1.24402E-24 1.50906E-28 1.17405E-31 -9999
2.6904E-2 2.45057E-2 8.73524E-3 2.11782E-3 1.33636E-3 4.40698E-4 2.22808E-5 5.04501E-6 1.46283E-5 4.0523E-5 3.13394E-4 2.00149E-3 8.54264E-3 3.08664E-2 2.97123E-2 1.46335E-2 8.41114E-3 5.17985E-3 2.77698E-3 1.78213E-3 1.24873E-3 5.90751E-4 1.95851E-4 1.41558E-4 9.93425E-5 1.27778E-5 6.65062E-7 9.27545E-7 2.30919E-6 6.45486E-6 1.02466E-5 4.87968E-6 2.61207E-6 3.12443E-6 1.25256E-6 5.43539E-7 5.80008E-6 4.33079E-5 9.39172E-5 1.41729E-4 1.07905E-4 5.18489E-5 2.40744E-5 8.54031E-6 3.86356E-6 1.5281E-6 2.05278E-7 6.03338E-7 4.06173E-6 1.15168E-5 9.90648E-6 2.83417E-6 6.07713E-7 7.08269E-7 8.04131E-7 5.17491E-7 2.0387E-7 6.09393E-8 8.11609E-9 1.23684E-9 7.96009E-11 3.17023E-12 5.6851E-14 2.05352E-16 8.46097E-19 -9999 7.90114E-26 6.79118E-29 4.45119E-32 -9999
3.17353E-2 3.28024E-2 2.79208E-2 1.70697E-2 7.91142E-3 1.588E-3 4.34972E-5 2.51197E-6 8.47904E-6 6.12867E-5 6.35877E-4 4.27421E-3 1.10718E-2 3.062E-2 2.37004E-2 1.1882E-2 8.87033E-3 7.57047E-3 3.95299E-3 2.32736E-3 2.74163E-3 2.31691E-3 1.1307E-3 6.68953E-4 4.5328E-4 3.97983E-5 2.31669E-6 9.26947E-7 8.25781E-7 9.27545E-7 1.12027E-6 1.03954E-6 8.55541E-7 1.24324E-6 8.11913E-7 2.80008E-7 4.79288E-6 5.79456E-5 1.73055E-4 2.98343E-4 1.50201E-4 5.47512E-5 1.92933E-5 4.95113E-6 2.11935E-6 4.596E-7 1.24597E-7 2.18162E-7 1.07186E-6 2.97225E-6 3.44225E-6 9.08359E-7 4.07832E-8 -9999 5.22455E-9 3.54505E-8 5.72014E-8 2.92226E-8 5.06959E-9 6.10673E-10 -9999 1.37091E-12 2.12538E-14 5.08241E-17 -9999 -9999 -9999 -9999 -9999 -9999
5.27716E-2 4.39968E-2 3.31386E-2 2.46001E-2 1.83945E-2 2.61336E-3 1.32843E-4 4.92024E-6 2.81789E-7 1.05089E-5 6.39109E-4 5.33412E-3 1.43212E-2 1.89955E-2 1.3369E-2 6.98709E-3 5.47294E-3 4.22332E-3 2.04902E-3 1.50051E-3 2.64503E-3 2.74977E-3 1.41177E-3 7.01327E-4 3.56998E-4 9.59078E-5 1.81437E-5 3.66426E-6 8.14471E-7 1.97507E-7 1.88681E-7 3.86851E-7 6.23626E-7 1.21209E-6 1.62034E-6 1.73151E-6 9.19651E-6 7.81582E-5 2.0681E-4 2.77737E-4 1.91845E-4 4.7565E-5 1.43081E-5 4.60004E-6 1.68486E-6 3.75378E-7 1.51146E-7 1.74785E-7 5.98465E-7 1.66034E-6 -9999 -9999 -9999 -9999 -9999 2.73937E-8 -9999 -9999 5.06959E-9 -9999 -9999 -9999 -9999 -9999 -9999 -9999 -9999 -9999 -9999 -9999
8.67545E-2 4.03073E-2 1.34646E-2 1.27127E-2 1.05465E-2 1.32811E-3 1.98982E-4 3.95152E-6 2.3897E-7 8.67736E-6 8.68304E-4 9.23543E-3 2.02489E-2 1.20851E-2 6.91852E-3 3.30235E-3 2.19588E-3 1.60942E-3 7.9763E-4 4.55317E-4 6.62022E-4 7.62661E-4 4.49848E-4 2.45946E-4 1.76591E-4 1.51544E-4 9.70308E-5 1.41587E-5 1.28631E-6 1.31354E-7 9.86979E-8 3.22264E-7 1.6294E-6 1.81643E-6 2.87288E-6 6.23206E-6 1.89081E-5 6.70518E-5 1.63013E-4 2.06006E-4 1.19337E-4 3.11956E-5 1.10868E-5 4.43608E-6 1.36187E-6 5.20867E-7 2.42234E-7 2.23079E-7 -9999 -9999 -9999 -9999 -9999 -9999 -9999 -9999 -9999 -9999 -9999 -9999 -9999 -9999 -9999 -9999 -9999 -9999 -9999 -9999 -9999 -9999
3.9651E-2 1.85475E-2 5.99507E-3 3.46257E-3 1.54775E-3 2.50186E-4 3.17632E-5 2.41389E-6 1.40948E-6 6.40337E-5 1.20898E-3 2.46295E-3 3.65137E-3 4.62884E-3 4.2161E-3 1.66075E-3 1.06787E-3 9.73588E-4 3.98944E-4 1.54157E-4 9.83822E-5 9.00076E-5 9.12866E-5 8.00806E-5 9.5764E-5 1.74257E-4 2.19913E-4 3.83434E-5 4.4861E-6 8.42551E-7 4.68728E-7 1.05314E-6 1.91125E-6 4.49509E-6 1.05217E-5 2.7285E-5 5.96044E-5 1.05685E-4 1.27758E-4 1.11808E-4 6.12867E-5 2.0197E-5 8.50494E-6 3.8967E-6 1.6138E-6 7.56626E-7 4.72492E-7 -9999 -9999 -9999 -9999 -9999 -9999 -9999 -9999 -9999 -9999 -9999 -9999 -9999 -9999 -9999 -9999 -9999 -9999 -9999 -9999 -9999 -9999 -9999
1.88472E-2 8.33432E-3 2.69693E-3 9.73874E-4 2.85377E-4 3.87581E-5 5.7934E-6 1.6255E-6 1.89551E-6 4.97418E-5 3.25159E-4 1.55275E-4 2.75949E-4 2.02296E-3 4.92917E-3 3.52829E-3 1.52682E-3 3.85446E-4 9.44277E-5 4.85816E-5 3.62842E-5 2.84743E-5 2.33811E-5 3.09179E-5 6.13148E-5 1.17351E-4 1.22957E-4 4.97989E-5 1.29388E-5 4.57962E-6 2.73397E-6 3.08091E-6 5.90392E-6 1.73133E-5 3.796E-5 9.75878E-5 1.84952E-4 1.97375E-4 1.23528E-4 4.68641E-5 2.54561E-5 9.15306E-6 4.88051E-6 2.86481E-6 1.74314E-6 1.06227E-6 8.75236E-7 -9999 -9999 -9999 -9999 -9999 -9999 -9999 -9999 -9999 -9999 -9999 -9999 -9999 -9999 -9999 -9999 -9999 -9999 -9999 -9999 -9999 -9999 -9999
9.91875E-3 3.91759E-3 1.1386E-3 3.15908E-4 9.03099E-5 2.43427E-5 5.54201E-6 2.15726E-6 3.15449E-6 1.80602E-5 5.99728E-5 7.65268E-5 2.06398E-4 1.44681E-3 5.30672E-3 5.36643E-3 1.86779E-3 2.23201E-4 5.77308E-5 3.21971E-5 2.90982E-5 2.34138E-5 1.31351E-5 2.16357E-5 4.72886E-5 7.81715E-5 8.50814E-5 5.49497E-5 2.8743E-5 1.47441E-5 1.00591E-5 1.03289E-5 1.60412E-5 3.49155E-5 8.58664E-5 2.40775E-4 6.10117E-4 3.02046E-4 9.30251E-5 2.20648E-5 4.62099E-6 2.51414E-6 2.31139E-6 2.14423E-6 1.66271E-6 1.37561E-6 1.46963E-6 1.74314E-6 -9999 -9999 -9999 -9999 -9999 -9999 -9999 -9999 -9999 -9999 -9999 -9999 -9999 -9999 -9999 -9999 -9999 -9999 -9999 -9999 -9999 -9999
4.24558E-3 1.23654E-3 2.91881E-4 1.01772E-4 5.63145E-5 2.83526E-5 8.35106E-6 2.46463E-6 2.52349E-6 6.97536E-6 2.26717E-5 5.51088E-5 1.54192E-4 6.02517E-4 1.51652E-3 1.89326E-3 1.41758E-3 2.21124E-4 4.61762E-5 3.07778E-5 4.30135E-5 7.69457E-5 7.65268E-5 5.91647E-5 6.73446E-5 7.44821E-5 7.81715E-5 6.59804E-5 4.97989E-5 3.83434E-5 3.09179E-5 3.54122E-5 3.83434E-5 6.23101E-5 1.14444E-4 2.36045E-4 5.28995E-4 2.49131E-4 5.75901E-5 1.04407E-5 2.3302E-6 1.32149E-6 1.70817E-6 1.75975E-6 1.97045E-6 1.88071E-6 2.18507E-6 3.05603E-6 -9999 -9999 -9999 -9999 -9999 -9999 -9999 -9999 -9999 -9999 -9999 -9999 -9999 -9999 -9999 -9999 -9999 -9999 -9999 -9999 -9999 -9999
1.49471E-3 1.93687E-4 3.09179E-5 4.54487E-5 5.83873E-5 5.2314E-5 1.27517E-5 1.45648E-6 7.96102E-7 2.0862E-6 6.83411E-6 2.35894E-5 8.18187E-5 2.2481E-4 4.51282E-4 4.50017E-4 3.46396E-4 2.00774E-4 4.40984E-5 2.60513E-5 3.58407E-5 3.00177E-4 5.64601E-4 2.67826E-4 1.2859E-4 8.49416E-5 8.20341E-5 7.36202E-5 7.42157E-5 8.7961E-5 1.11629E-4 1.48534E-4 1.23015E-4 8.42958E-5 7.33015E-5 7.72986E-5 1.59341E-4 1.28231E-4 3.94963E-5 7.38431E-6 1.79092E-6 1.53605E-6 1.94937E-6 2.26819E-6 2.65416E-6 3.08335E-6 3.47876E-6 -9999 -9999 -9999 -9999 -9999 -9999 -9999 -9999 -9999 -9999 -9999 -9999 -9999 -9999 -9999 -9999 -9999 -9999 -9999 -9999 -9999 -9999 -9999
7.86757E-4 9.80802E-5 1.69858E-5 2.83526E-5 5.09269E-5 4.67826E-5 5.7314E-6 2.34918E-7 1.04282E-7 3.98582E-7 1.56664E-6 7.23396E-6 3.0433E-5 7.08208E-5 2.25243E-4 5.63345E-4 1.45488E-3 4.73059E-4 4.54786E-5 1.7273E-5 3.23509E-5 4.60033E-4 1.20278E-3 6.15624E-4 2.04823E-4 9.5764E-5 9.1429E-5 1.05352E-4 1.24774E-4 1.42977E-4 1.83626E-4 2.61896E-4 2.6166E-4 1.70914E-4 9.9286E-5 4.15174E-5 5.29265E-5 5.90188E-5 2.76431E-5 7.9369E-6 2.16117E-6 2.0403E-6 2.97753E-6 3.5595E-6 4.365E-6 5.3405E-6 -9999 -9999 -9999 -9999 -9999 -9999 -9999 -9999 -9999 -9999 -9999 -9999 -9999 -9999 -9999 -9999 -9999 -9999 -9999 -9999 -9999 -9999 -9999 -9999
9.50643E-4 2.30192E-4 8.09468E-5 6.43817E-5 6.59693E-5 2.17225E-5 1.30951E-6 3.85502E-8 2.68494E-8 9.17001E-8 3.51334E-7 1.24955E-6 3.75629E-6 6.21158E-6 4.526E-5 2.70035E-4 5.98435E-4 2.69364E-4 3.70612E-5 1.76234E-5 4.36596E-5 1.11417E-3 2.17232E-3 1.36998E-3 3.94676E-4 1.38383E-4 1.41665E-4 1.64624E-4 1.49044E-4 2.15798E-4 2.10699E-4 2.79617E-4 3.17173E-4 2.75544E-4 1.70709E-4 1.15052E-4 1.12351E-4 8.29213E-5 4.03055E-5 1.63596E-5 5.01887E-6 3.81709E-6 6.23341E-6 7.22074E-6 8.13104E-6 8.44139E-6 -9999 -9999 -9999 -9999 -9999 -9999 -9999 -9999 -9999 -9999 -9999 -9999 -9999 -9999 -9999 -9999 -9999 -9999 -9999 -9999 -9999 -9999 -9999 -9999
1.73254E-3 6.0362E-4 3.73284E-4 3.37253E-4 2.14663E-4 1.55318E-5 8.49687E-7 7.56809E-8 3.27901E-8 4.26073E-8 9.68042E-8 1.81594E-7 1.33772E-7 4.92006E-7 1.57004E-6 5.75436E-6 1.23308E-5 3.10317E-5 4.02028E-5 6.87841E-5 5.03645E-4 3.58261E-3 5.81559E-3 2.7905E-3 1.09239E-3 4.30483E-4 2.86635E-4 2.46939E-4 2.72049E-4 2.37105E-4 2.54468E-4 2.79344E-4 4.1329E-4 3.9962E-4 3.28437E-4 2.77704E-4 2.33647E-4 1.66527E-4 9.93747E-5 5.10417E-5 2.56473E-5 1.65802E-5 1.72296E-5 1.72296E-5 1.57136E-5 -9999 -9999 -9999 -9999 -9999 -9999 -9999 -9999 -9999 -9999 -9999 -9999 -9999 -9999 -9999 -9999 -9999 -9999 -9999 -9999 -9999 -9999 -9999 -9999 -9999
2.94208E-3 1.27E-3 9.33964E-4 5.96111E-4 1.25887E-4 1.03525E-5 8.25345E-7 1.06706E-7 4.07832E-8 3.97508E-8 7.61979E-8 1.33622E-7 1.99193E-7 5.91498E-7 2.01315E-6 4.10202E-6 1.12254E-5 1.82222E-5 2.5428E-5 8.19622E-5 1.24242E-3 7.61893E-3 1.52679E-2 5.83293E-3 1.91931E-3 6.40822E-4 3.86828E-4 1.97552E-4 3.16402E-4 2.2788E-4 2.12105E-4 4.59146E-4 7.45473E-4 7.21238E-4 6.38748E-4 5.99446E-4 5.15773E-4 3.97445E-4 2.69857E-4 1.76723E-4 1.20158E-4 8.00806E-5 5.29265E-5 3.29889E-5 -9999 -9999 -9999 -9999 -9999 -9999 -9999 -9999 -9999 -9999 -9999 -9999 -9999 -9999 -9999 -9999 -9999 -9999 -9999 -9999 -9999 -9999 -9999 -9999 -9999 -9999
5.39787E-3 4.43389E-3 3.23748E-3 8.38199E-4 6.26353E-5 4.8841E-6 7.78664E-7 1.58001E-7 5.92985E-8 4.34733E-8 1.01282E-7 3.1444E-7 9.30659E-7 2.84188E-6 4.42847E-6 8.70149E-6 1.72327E-5 2.32235E-5 2.81457E-5 6.59448E-5 2.5544E-4 1.5152E-3 7.04358E-3 4.01367E-3 8.79452E-4 3.205E-4 4.27803E-4 4.69201E-4 4.98976E-4 3.04358E-4 3.48697E-4 8.5014E-4 1.21042E-3 1.27031E-3 1.21904E-3 1.12955E-3 1.0401E-3 -9999 -9999 4.55317E-4 -9999 -9999 -9999 -9999 -9999 -9999 -9999 -9999 -9999 -9999 -9999 -9999 -9999 -9999 -9999 -9999 -9999 -9999 -9999 -9999 -9999 -9999 -9999 -9999 -9999 -9999 -9999 -9999 -9999 -9999
5.39388E-3 8.3238E-3 1.0215E-2 3.50955E-3 7.31031E-5 4.94078E-6 1.19099E-6 2.37202E-7 7.98586E-8 6.12027E-8 1.65359E-7 5.83322E-7 1.72821E-6 4.10202E-6 9.10082E-6 1.73982E-5 2.53341E-5 2.35562E-5 2.67539E-5 3.98844E-5 4.41957E-5 2.02119E-4 1.80741E-3 4.25611E-4 6.76217E-5 2.18308E-4 1.85741E-4 6.27797E-4 6.98384E-4 6.12167E-4 7.35015E-4 9.35296E-4 1.47277E-3 2.0785E-3 2.04694E-3 2.17232E-3 1.9671E-3 1.62759E-3 -9999 -9999 -9999 -9999 -9999 -9999 -9999 -9999 -9999 -9999 -9999 -9999 -9999 -9999 -9999 -9999 -9999 -9999 -9999 -9999 -9999 -9999 -9999 -9999 -9999 -9999 -9999 -9999 -9999 -9999 -9999 -9999
1.50182E-2 3.69032E-2 2.46872E-2 9.48439E-3 5.62016E-4 3.70918E-5 3.97167E-6 4.02577E-7 9.0404E-8 5.95738E-8 1.87236E-7 8.21141E-7 2.32965E-6 6.36676E-6 1.46248E-5 1.99695E-5 2.51509E-5 2.78454E-5 2.36925E-5 2.49337E-5 2.66567E-5 3.66186E-5 2.41541E-4 5.43806E-5 2.42216E-5 1.59844E-4 3.85867E-4 3.8453E-4 7.27547E-4 8.40183E-4 7.69325E-4 1.0815E-3 2.2143E-3 2.90082E-3 3.17147E-3 3.48982E-3 3.29546E-3 -9999 -9999 -9999 -9999 -9999 -9999 -9999 -9999 -9999 -9999 -9999 -9999 -9999 -9999 -9999 -9999 -9999 -9999 -9999 -9999 -9999 -9999 -9999 -9999 -9999 -9999 -9999 -9999 -9999 -9999 -9999 -9999 -9999
2.02514E-2 3.77718E-2 3.24512E-2 1.01939E-2 1.36121E-3 1.25211E-4 9.68818E-6 6.29327E-7 7.774E-8 5.71026E-8 1.56995E-7 1.17374E-6 3.53154E-6 7.94829E-6 1.91112E-5 2.2305E-5 2.28841E-5 2.17399E-5 1.66626E-5 1.42516E-5 1.20716E-5 1.41285E-5 1.57765E-5 9.69317E-6 1.45444E-5 8.41564E-5 3.38726E-4 3.21651E-4 7.46855E-4 1.08656E-3 1.04607E-3 1.12116E-3 3.20842E-3 4.0182E-3 4.43651E-3 -9999 -9999 -9999 -9999 -9999 -9999 -9999 -9999 -9999 -9999 -9999 -9999 -9999 -9999 -9999 -9999 -9999 -9999 -9999 -9999 -9999 -9999 -9999 -9999 -9999 -9999 -9999 -9999 -9999 -9999 -9999 -9999 -9999 -9999 -9999
