KUENM/Final_Models/M_0.1_F_lq_Set_2_EC/sp1_7_se_asia.asc
ncols         320
nrows         243
xllcorner     44.0
yllcorner     -0.666666666666667
cellsize      0.166666666666667
NODATA_value  -9999
[rows 31 to 61 of 243, columns 70 to 139 of 320]
5.39333E-3 5.6645E-3 5.57849E-3 5.6645E-3 5.6645E-3 5.31158E-3 5.2309E-3 4.65679E-3 2.10456E-3 1.17638E-3 3.21867E-3 3.83455E-3 3.52109E-3 2.02559E-3 1.40504E-3 1.06815E-3 1.44017E-3 2.15549E-3 2.96651E-3 3.17539E-3 3.12732E-3 3.11541E-3 3.01745E-3 2.88077E-3 2.36457E-3 5.91749E-4 1.23566E-3 6.36127E-4 1.186E-4 9.32018E-4 2.29797E-3 2.85992E-3 2.35555E-3 2.49539E-3 2.10156E-3 1.01081E-3 5.25719E-4 2.70624E-4 1.27195E-4 9.91039E-6 1.01823E-5 9.89999E-7 4.44871E-7 1.02313E-8 4.06727E-10 1.04621E-9 8.37978E-10 1.1289E-10 2.05768E-11 1.01436E-11 4.67805E-13 8.4681E-13 4.40544E-14 1.80988E-12 5.91577E-12 2.89098E-11 4.09245E-11 1.02265E-10 2.15565E-11 9.86168E-12 2.1782E-11 5.41196E-12 5.62158E-13 1.62104E-13 3.52182E-14 3.87241E-15 9.60526E-16 1.95197E-14 3.12481E-16 4.2225E-16
5.59105E-3 5.59105E-3 5.59105E-3 5.59105E-3 5.25262E-3 4.9299E-3 5.41848E-3 4.84311E-3 2.92797E-3 1.50376E-3 3.64792E-3 3.76066E-3 3.31691E-3 1.1135E-3 1.31544E-4 1.27799E-4 4.16768E-4 1.17777E-3 2.03449E-3 2.69434E-3 2.88458E-3 3.08574E-3 3.44185E-3 1.80538E-3 2.60847E-3 3.61557E-3 2.395E-3 2.55185E-3 8.07478E-4 5.79298E-4 1.65211E-3 1.88339E-3 1.55289E-3 2.11951E-3 3.39704E-3 2.64138E-3 2.01604E-3 1.40864E-3 9.36484E-4 4.78603E-4 3.59444E-4 7.95012E-5 3.45757E-7 8.37978E-10 1.09265E-7 5.23071E-6 5.11122E-7 4.07455E-9 4.5376E-11 1.68086E-10 1.91316E-10 1.62124E-11 9.77424E-12 9.13689E-12 4.66128E-12 1.85507E-11 1.83616E-11 1.24167E-12 1.88701E-12 3.51759E-13 2.81804E-13 7.77709E-14 2.65158E-14 2.1702E-14 5.7398E-15 1.8914E-14 1.54062E-14 1.00166E-14 7.28947E-14 5.15678E-15
5.93363E-3 5.84113E-3 5.84113E-3 5.41211E-3 3.68813E-3 2.23178E-3 3.80624E-3 3.61492E-3 2.07494E-3 2.20736E-3 4.15799E-3 3.85365E-3 2.94444E-3 1.65806E-3 3.52994E-4 7.96951E-5 2.829E-5 4.16768E-4 9.7857E-4 9.03906E-4 1.12208E-3 2.43869E-3 3.44515E-3 1.94436E-3 1.1786E-3 4.80434E-3 5.5316E-3 5.26136E-3 4.49787E-3 3.59421E-3 2.42372E-3 1.68878E-3 2.50595E-3 2.43057E-3 2.35334E-3 1.18537E-3 5.3616E-4 1.40073E-3 2.19881E-3 1.62622E-3 9.99683E-4 6.05955E-4 1.60738E-4 7.89727E-5 2.15785E-5 2.88053E-8 3.94756E-10 9.96164E-10 3.56955E-10 2.81277E-10 2.8228E-11 4.81376E-13 3.00716E-13 5.41292E-13 1.73682E-13 2.19263E-13 2.15142E-13 2.68769E-13 1.18195E-12 4.26317E-13 3.45169E-13 1.83715E-13 8.37547E-13 2.02045E-12 3.09056E-13 2.14051E-13 9.40111E-14 5.26572E-13 3.0997E-14 1.06043E-12
6.07443E-3 5.63813E-3 5.54897E-3 4.8426E-3 2.82033E-3 6.55272E-4 2.06255E-3 2.32887E-3 1.24982E-3 3.07841E-3 4.11596E-3 3.51398E-3 2.38308E-3 1.58567E-3 8.77486E-4 3.96085E-4 2.4267E-5 6.02134E-6 1.05409E-4 1.85628E-4 2.68275E-4 7.76207E-4 1.882E-3 2.65356E-3 2.04054E-3 4.96787E-3 5.35857E-3 7.18319E-3 7.71028E-3 7.24721E-3 7.20105E-3 6.14631E-3 3.7823E-3 3.00441E-3 1.14646E-3 1.50864E-4 4.63885E-4 9.11574E-4 4.74946E-4 2.35526E-4 4.55561E-5 3.08098E-6 1.44633E-7 1.3247E-8 2.72427E-8 4.36545E-9 5.36719E-10 1.89364E-9 1.00694E-10 1.54724E-11 3.36789E-12 2.54858E-12 8.29544E-13 1.01057E-12 5.15922E-13 4.96197E-13 2.79947E-12 1.19374E-12 6.41972E-13 3.45581E-12 7.94652E-12 5.51662E-13 1.0403E-12 2.77509E-11 1.04777E-11 2.15993E-12 5.98306E-14 1.93674E-14 1.44597E-12 1.21026E-11
5.84668E-3 5.75332E-3 5.43074E-3 4.68978E-3 1.84445E-3 1.23593E-3 2.88102E-3 1.11957E-3 3.77367E-4 1.77706E-3 3.86652E-3 3.45996E-3 2.3114E-3 1.14146E-3 6.98772E-4 6.95393E-4 3.68526E-4 4.77568E-5 2.90572E-5 2.34389E-4 3.31545E-4 1.75208E-4 6.94369E-4 1.65392E-3 1.85659E-3 3.67558E-3 2.88458E-3 4.83457E-3 7.51507E-3 7.83051E-3 5.05567E-3 5.80939E-3 3.61557E-3 1.23221E-3 4.90444E-4 5.0848E-4 6.59262E-4 3.78998E-4 8.58466E-5 1.02343E-5 3.51945E-6 2.08232E-7 1.68627E-9 2.94777E-10 4.27795E-10 1.28822E-9 3.16056E-9 4.65182E-10 5.33066E-12 3.39973E-12 1.35412E-12 6.80104E-13 4.34512E-13 2.31119E-12 3.49072E-12 5.14506E-12 7.98035E-13 1.86844E-12 3.48454E-13 6.54523E-13 8.9789E-11 5.68814E-12 5.68814E-12 1.95996E-10 2.63213E-13 4.18299E-13 1.44665E-13 8.0304E-13 5.0928E-11 5.97361E-12
5.52489E-3 5.61564E-3 4.64629E-3 2.99519E-3 2.44024E-3 4.67139E-3 6.37535E-3 3.94696E-3 3.96066E-4 2.67676E-4 2.60909E-3 3.20047E-3 2.17359E-3 1.55014E-3 8.91915E-4 8.64654E-4 8.24839E-4 5.32867E-4 1.14123E-4 3.25071E-5 1.85957E-4 2.68192E-4 5.39122E-4 1.03403E-3 4.4275E-4 4.6085E-4 2.84672E-3 3.17477E-3 6.27054E-3 7.30641E-3 5.9104E-3 6.33133E-3 3.35108E-3 1.02323E-3 1.24091E-3 1.43597E-3 6.18012E-4 2.40623E-4 5.76637E-5 5.25997E-5 6.91413E-6 4.74767E-7 1.13766E-7 2.53905E-9 2.5139E-9 1.46034E-10 1.04396E-11 2.88014E-12 2.69006E-11 4.98868E-12 4.67147E-11 3.60369E-11 1.93203E-11 1.01057E-12 2.31119E-12 3.45581E-12 1.22957E-12 2.1782E-11 6.20166E-11 4.21245E-10 5.23987E-10 1.66295E-12 9.75698E-11 3.23255E-9 9.31612E-12 5.18431E-10 8.24808E-9 4.85977E-10 3.5891E-13 4.27767E-15
5.97298E-3 5.05208E-3 3.3595E-3 1.06914E-3 1.1224E-3 5.43543E-3 7.87249E-3 6.86681E-3 2.37155E-3 4.60429E-5 8.92815E-4 1.91912E-3 1.24357E-3 1.21643E-3 1.22471E-3 1.1118E-3 9.89857E-4 6.10048E-4 7.69727E-4 2.49312E-4 6.41384E-5 1.36869E-4 1.99059E-4 1.48449E-4 6.39859E-4 7.88249E-4 2.54675E-3 4.49996E-3 6.09109E-3 6.98563E-3 6.63102E-3 6.35902E-3 4.51414E-3 2.88458E-3 2.22674E-3 1.3341E-3 6.96628E-4 3.01953E-4 1.87908E-4 1.26855E-4 1.90278E-5 8.69872E-7 3.51503E-7 1.87084E-7 6.4416E-10 1.67217E-10 1.83976E-9 2.13245E-8 1.7281E-8 5.00392E-9 3.11578E-10 1.42268E-10 2.89098E-11 2.8617E-11 6.66177E-12 1.02041E-12 2.34065E-11 3.53117E-11 1.36835E-8 1.17501E-7 8.67954E-9 5.13346E-12 1.87021E-8 3.21797E-7 4.29045E-8 1.5309E-8 1.46134E-11 2.04451E-14 2.15489E-14 2.26323E-12
5.593E-3 3.79512E-3 2.09655E-3 6.59761E-4 1.06914E-3 4.49675E-3 7.24753E-3 7.74506E-3 3.88357E-3 2.86504E-4 2.90973E-4 1.35622E-3 1.30955E-3 8.75676E-4 1.10744E-3 1.22471E-3 1.23046E-3 9.46351E-4 1.09736E-3 8.20839E-4 3.13513E-4 8.65385E-5 4.16673E-5 1.72191E-5 6.76812E-5 1.83733E-5 1.09731E-4 2.24782E-3 5.9019E-3 7.37571E-3 6.50277E-3 5.14127E-3 4.11681E-3 3.12367E-3 2.21594E-3 1.31435E-3 5.38466E-4 3.40793E-4 4.73857E-4 4.73857E-4 3.08369E-4 9.96482E-5 1.01812E-5 8.76937E-7 4.23628E-7 3.08996E-6 1.77123E-6 1.17501E-7 1.15307E-9 8.22236E-9 3.33987E-9 2.49883E-10 3.66886E-12 6.72907E-12 5.14574E-11 1.14868E-10 1.60366E-9 4.48942E-10 1.00772E-8 2.38492E-8 1.61503E-6 8.78911E-11 6.46715E-8 3.61628E-6 3.24191E-8 2.42056E-9 8.61559E-11 1.06296E-12 4.27913E-12 4.59986E-13
5.12211E-3 3.90128E-3 1.63387E-3 1.59382E-3 1.84656E-3 3.2017E-3 6.66469E-3 8.12637E-3 7.00078E-3 2.98711E-3 5.23802E-4 1.19247E-3 2.07055E-3 1.66843E-3 1.61363E-3 1.38449E-3 1.15881E-3 9.46612E-4 9.46351E-4 7.05624E-4 4.43997E-4 1.09481E-4 2.2241E-5 4.11509E-6 1.14306E-5 6.50573E-6 1.74451E-5 1.01229E-4 3.46416E-3 5.62083E-3 4.64673E-3 4.07883E-3 3.67124E-3 2.71265E-3 1.64596E-3 1.35447E-3 6.66654E-4 6.12174E-4 7.35226E-4 8.21174E-4 3.10862E-4 7.59854E-5 2.40736E-5 4.38439E-5 1.03393E-5 2.4993E-5 4.18073E-6 1.40337E-6 5.5561E-6 6.76185E-7 8.0259E-8 4.58715E-9 3.53117E-11 2.2934E-11 6.39706E-11 7.82928E-10 1.67258E-8 6.1483E-9 1.55117E-7 8.09888E-6 1.13325E-6 4.95306E-8 4.10671E-6 2.86113E-7 6.18737E-10 6.79883E-13 2.43482E-12 6.69657E-12 7.09885E-13 2.45076E-13
4.17834E-3 4.31954E-3 2.9492E-3 1.88935E-3 1.26892E-3 1.503E-3 4.53921E-3 7.01352E-3 8.39719E-3 7.35157E-3 5.82881E-4 7.62078E-4 3.288E-3 3.27182E-3 2.82258E-3 1.30237E-3 1.18814E-3 4.71598E-4 1.98405E-4 1.88985E-4 2.66958E-4 5.44162E-5 1.48865E-5 1.69585E-5 5.91119E-5 7.49085E-5 1.17308E-4 3.94862E-5 1.74067E-3 4.61819E-3 3.84431E-3 4.07046E-3 3.79127E-3 2.31398E-3 1.89236E-3 9.81106E-4 4.24516E-4 5.04483E-4 9.95185E-4 3.13912E-4 1.59494E-4 2.94299E-4 2.54267E-4 2.12019E-5 1.03247E-5 5.58656E-6 8.03178E-5 8.4739E-6 8.86363E-8 5.52177E-8 6.37411E-10 1.2861E-11 2.36452E-11 4.39569E-10 2.66166E-8 1.54194E-6 2.44168E-6 2.13442E-9 3.5911E-6 9.04286E-5 2.17407E-6 4.44388E-6 4.31204E-7 1.43006E-8 1.19025E-10 8.03693E-11 6.25027E-10 1.65551E-12 2.52348E-12 8.88109E-12
1.76846E-3 4.57642E-3 3.24292E-3 1.63387E-3 7.96722E-4 8.36664E-4 3.5216E-3 4.96992E-3 5.34723E-3 6.86681E-3 4.74758E-3 3.52581E-3 5.14501E-3 4.55935E-3 4.27417E-3 3.35406E-3 2.63888E-3 1.63174E-3 3.62113E-4 5.42698E-4 5.75537E-4 3.4295E-4 2.05925E-4 1.87886E-5 4.32487E-6 9.63231E-5 3.37666E-4 4.83159E-4 1.70787E-3 3.41061E-3 5.75165E-3 5.05243E-3 3.66537E-3 2.33861E-3 2.33861E-3 1.92528E-3 1.32532E-3 1.16413E-3 9.30445E-4 6.90573E-4 9.86089E-4 6.12896E-4 9.53451E-4 9.07549E-4 3.65839E-4 1.15122E-4 8.80876E-5 6.75438E-7 3.182E-8 1.06966E-9 2.4211E-10 1.22386E-8 6.34153E-9 5.0394E-8 1.45904E-5 1.21018E-5 2.37811E-7 8.18908E-8 1.76559E-4 4.34914E-4 1.39113E-5 1.3185E-7 2.78569E-6 2.48167E-7 3.48022E-8 3.89461E-8 3.85056E-10 1.63566E-13 5.35435E-11 2.15858E-8
1.86771E-3 3.08519E-3 2.45955E-3 1.88935E-3 1.56791E-3 1.71637E-3 3.09851E-3 4.57099E-3 4.64629E-3 5.13544E-3 6.37535E-3 7.20957E-3 6.18796E-3 4.70138E-3 4.77683E-3 4.00373E-3 3.72998E-3 2.68004E-3 1.60707E-3 1.09526E-3 1.00616E-4 2.61358E-5 4.69446E-5 6.43053E-5 1.39155E-5 7.85674E-6 3.4295E-4 5.67173E-4 1.45853E-3 3.91292E-3 5.50309E-3 6.13316E-3 4.84311E-3 3.01949E-3 1.796E-3 2.0415E-3 2.38148E-3 1.35306E-3 1.06282E-3 3.01949E-3 2.98391E-3 2.41664E-3 2.08708E-3 8.74398E-4 7.69727E-4 4.01321E-4 1.78445E-4 1.02604E-5 3.71164E-6 4.97177E-8 7.14846E-8 1.62395E-7 4.17298E-7 2.4377E-5 1.76791E-4 2.54143E-5 1.43693E-6 1.33569E-6 3.40964E-4 1.62367E-4 8.79464E-6 9.1738E-5 3.01712E-5 4.47757E-6 2.65319E-8 8.66627E-11 1.21701E-11 5.39911E-12 6.75965E-9 1.88733E-7
1.39669E-3 3.43541E-3 2.94387E-3 1.99562E-3 2.45669E-3 1.64677E-3 2.32392E-3 3.87368E-3 3.25441E-3 1.44841E-3 2.54647E-3 6.58526E-3 6.69245E-3 4.8426E-3 4.70138E-3 3.94107E-3 2.86704E-3 2.9578E-3 2.044E-3 1.12434E-3 5.99832E-4 3.62113E-4 4.9335E-5 3.58177E-5 6.16418E-5 3.63228E-5 2.71548E-4 4.17824E-4 4.47444E-4 2.92797E-3 5.93363E-3 6.85513E-3 4.34196E-3 1.89092E-3 2.41292E-3 3.74678E-3 3.39399E-3 3.17004E-3 3.69886E-3 3.57321E-3 3.12679E-3 2.41839E-3 1.57378E-3 9.05267E-4 2.59395E-4 1.38992E-4 4.11423E-5 4.17091E-5 5.71494E-6 3.2181E-6 2.93322E-6 6.83732E-7 1.95891E-5 1.55405E-4 4.98866E-4 8.73023E-5 4.82964E-5 1.07371E-4 1.96231E-3 3.06636E-4 6.49435E-4 5.18791E-4 3.63389E-5 9.24708E-8 3.42548E-11 2.3115E-8 1.93911E-7 4.04265E-7 1.42763E-6 2.11083E-7
1.80651E-3 3.53019E-3 3.87484E-3 2.80832E-3 3.04802E-3 3.4077E-3 2.45024E-3 3.75945E-3 3.20076E-3 1.06747E-3 5.56172E-4 5.89575E-3 7.06271E-3 5.94136E-3 6.13471E-3 5.22788E-3 2.82258E-3 1.69448E-3 9.02815E-4 5.2194E-4 1.81733E-4 2.71602E-4 3.62113E-4 8.01574E-5 7.04249E-5 1.43725E-4 3.67502E-4 4.89067E-4 3.00693E-4 3.76698E-4 3.61492E-3 6.4927E-3 5.46103E-3 3.75817E-3 4.76566E-3 4.20966E-3 4.01126E-3 3.1441E-3 3.58599E-3 3.03552E-3 2.46622E-3 3.41229E-4 3.82352E-4 8.03077E-4 9.18688E-4 1.03408E-3 3.38019E-4 4.07166E-4 2.86684E-4 7.38882E-5 6.09998E-6 2.5054E-5 2.19075E-4 6.75789E-4 1.21502E-3 1.33489E-3 1.87495E-3 1.68794E-3 9.25646E-5 1.66105E-4 2.04451E-4 2.84686E-5 1.56416E-6 5.85355E-8 5.7965E-8 3.86493E-6 1.0417E-5 7.44103E-6 5.62932E-7 4.49368E-6
5.88449E-4 2.29929E-3 2.37684E-3 2.9492E-3 2.71579E-3 2.32392E-3 2.53157E-3 3.81086E-3 4.44919E-3 3.09376E-3 2.83515E-3 8.9476E-3 9.24377E-3 7.44627E-3 7.97033E-3 6.3897E-3 4.99974E-3 3.68813E-3 2.37571E-3 1.80525E-3 9.02815E-4 3.04227E-4 5.49885E-5 5.02961E-5 2.20958E-4 1.79073E-4 9.09344E-5 4.24703E-4 1.66843E-3 1.08399E-3 1.47026E-3 4.54117E-3 5.5705E-3 5.5705E-3 4.39669E-3 4.80016E-3 4.42358E-3 4.16734E-3 4.09937E-3 3.41491E-3 3.35985E-3 2.31474E-3 2.91148E-3 3.39399E-3 3.25097E-3 2.5276E-3 1.98008E-3 1.7337E-3 9.89857E-4 3.23465E-4 1.66486E-4 3.7812E-4 6.76741E-4 1.40031E-3 2.2184E-3 2.73154E-3 1.97033E-3 4.94763E-4 4.07252E-5 2.13906E-5 1.58618E-5 2.78689E-5 1.33688E-5 5.72429E-5 4.50846E-5 1.00206E-4 2.93819E-5 2.19557E-5 2.62416E-5 8.79464E-6
2.45679E-4 7.83785E-4 4.45121E-4 1.74467E-3 3.30488E-3 3.25441E-3 3.69871E-3 3.93742E-3 5.30576E-3 4.46842E-3 4.01126E-3 1.03575E-2 1.00819E-2 9.10895E-3 8.53744E-3 7.7176E-3 6.75608E-3 4.92063E-3 3.39399E-3 1.75002E-3 1.06743E-3 3.21382E-4 1.19756E-4 8.12031E-5 3.31178E-4 8.49243E-4 1.27818E-4 1.42456E-4 1.54334E-3 2.00645E-3 2.31474E-3 4.20163E-3 5.52489E-3 6.53837E-3 6.10035E-3 5.29436E-3 4.84391E-3 4.65285E-3 4.57642E-3 4.14122E-3 3.98708E-3 3.58599E-3 4.01126E-3 3.76409E-3 3.51692E-3 3.32377E-3 2.86704E-3 1.92025E-3 1.44896E-3 9.75258E-4 1.13038E-3 1.61794E-3 2.19789E-3 2.59858E-3 3.26996E-3 3.60879E-3 1.82613E-3 6.79057E-4 1.25421E-4 2.64444E-4 3.67503E-4 6.42119E-4 5.66069E-4 4.90753E-4 1.25808E-4 6.47671E-5 1.25643E-4 1.13158E-4 2.76384E-5 2.34486E-6
2.01704E-4 4.12892E-4 3.27602E-4 4.01462E-4 2.36214E-3 3.47113E-3 5.97298E-3 8.12637E-3 7.87249E-3 7.87249E-3 7.87249E-3 1.12623E-2 9.52445E-3 9.68056E-3 9.99948E-3 9.25743E-3 7.7176E-3 6.03736E-3 3.8183E-3 2.197E-3 9.64921E-4 6.20782E-4 4.40039E-4 1.68765E-4 9.4551E-5 3.02535E-4 3.33983E-4 1.04134E-4 9.72539E-4 1.02577E-3 1.96647E-3 4.11974E-3 5.90279E-3 6.6749E-3 5.92247E-3 5.61696E-3 5.14795E-3 4.87296E-3 5.14795E-3 4.87296E-3 4.73041E-3 4.35145E-3 4.11974E-3 4.13417E-3 4.14259E-3 4.07934E-3 3.68813E-3 2.66762E-3 2.45064E-3 2.41839E-3 2.53211E-3 2.90026E-3 3.4177E-3 3.73587E-3 4.71482E-3 2.31315E-3 1.07564E-3 1.69549E-4 3.45811E-4 1.06611E-3 1.79485E-3 3.03473E-3 2.92822E-3 8.87642E-4 6.31437E-4 6.80331E-4 2.78246E-4 9.68618E-5 8.41916E-6 5.07985E-6
6.6964E-5 8.33194E-6 1.62629E-4 1.80222E-4 1.03393E-3 3.58599E-3 5.17361E-3 7.48833E-3 1.08056E-2 1.20014E-2 1.21992E-2 1.05281E-2 8.96254E-3 1.04159E-2 1.04159E-2 1.05864E-2 9.70401E-3 6.83812E-3 4.34663E-3 2.197E-3 1.24982E-3 8.10885E-4 9.5011E-4 6.39651E-4 1.01099E-4 6.08983E-5 4.1397E-4 3.36103E-4 9.27902E-4 1.59088E-3 1.95451E-3 3.2017E-3 5.29436E-3 6.78315E-3 5.94E-3 5.64426E-3 5.44873E-3 5.44873E-3 5.26879E-3 4.97884E-3 4.79232E-3 5.12211E-3 5.09012E-3 5.05208E-3 4.92716E-3 4.46842E-3 3.76409E-3 3.17004E-3 3.27182E-3 3.42982E-3 3.59438E-3 3.90851E-3 4.51616E-3 5.10145E-3 5.45717E-3 4.51219E-3 3.67558E-3 2.52663E-3 2.30465E-3 3.59421E-3 4.72149E-3 4.23418E-3 3.79556E-3 2.90066E-3 1.23801E-3 7.4233E-4 8.4416E-4 7.3641E-5 4.23329E-6 1.39342E-5
1.42094E-4 5.50018E-5 2.54085E-5 1.37969E-5 3.71547E-4 1.93532E-3 2.15161E-3 9.57457E-4 1.80188E-3 1.20014E-2 1.39208E-2 9.96499E-3 1.04159E-2 1.1164E-2 1.14476E-2 1.14476E-2 1.05281E-2 8.96254E-3 5.99179E-3 3.8248E-3 2.67133E-3 6.78836E-4 3.87749E-4 1.69507E-3 1.56808E-3 6.20219E-4 1.02577E-3 1.11957E-3 2.05099E-3 2.99519E-3 2.44024E-3 3.3595E-3 5.52442E-3 6.76914E-3 6.65626E-3 6.23702E-3 6.23702E-3 5.64751E-3 5.45755E-3 5.94E-3 5.83658E-3 5.83658E-3 5.7288E-3 5.29436E-3 4.42358E-3 3.75945E-3 3.47295E-3 3.76409E-3 3.64037E-3 4.14133E-3 4.70613E-3 4.857E-3 5.50457E-3 5.20868E-3 6.36596E-3 7.37571E-3 7.08571E-3 7.00784E-3 8.60893E-3 8.35728E-3 7.95034E-3 7.81833E-3 6.59975E-3 4.83914E-3 4.63374E-3 3.10001E-3 1.33561E-3 2.32535E-4 9.11498E-5 7.70797E-5
5.5375E-4 9.74336E-5 1.60932E-4 3.43181E-5 5.9784E-5 6.01299E-4 2.09548E-3 3.75817E-3 5.06329E-3 1.44274E-2 1.53911E-2 1.31635E-2 1.23997E-2 1.21992E-2 1.24728E-2 1.24728E-2 1.1727E-2 9.91843E-3 7.61132E-3 4.61495E-3 4.61495E-3 4.14259E-3 2.31474E-3 2.03008E-3 2.83515E-3 1.23426E-3 1.06384E-3 2.56163E-3 2.658E-3 2.18823E-3 3.92217E-3 3.83714E-3 5.43322E-3 6.86167E-3 6.63368E-3 6.22114E-3 6.3275E-3 6.11637E-3 6.22114E-3 6.13257E-3 6.23702E-3 6.14124E-3 6.03464E-3 4.46492E-3 3.98708E-3 4.11974E-3 4.18751E-3 4.13417E-3 4.27006E-3 4.76566E-3 5.54897E-3 6.07443E-3 5.50457E-3 4.09545E-3 4.43548E-3 6.13695E-3 6.71443E-3 8.26769E-3 9.99868E-3 1.09829E-2 1.02559E-2 1.10427E-2 8.32527E-3 7.30123E-3 3.76598E-3 3.76383E-3 5.57803E-4 1.49752E-4 1.33821E-4 8.83831E-5
1.15837E-3 8.38542E-4 2.84645E-4 7.50432E-5 1.20939E-6 1.8918E-5 1.44747E-3 2.65063E-3 5.31191E-3 1.33797E-2 1.61357E-2 1.49069E-2 1.3695E-2 1.39208E-2 1.3695E-2 1.34725E-2 1.22702E-2 9.91843E-3 8.53553E-3 6.97945E-3 5.481E-3 6.0352E-3 4.87875E-3 2.506E-3 2.98711E-3 1.31707E-3 2.16886E-4 2.8923E-3 4.05293E-3 3.14973E-3 3.5216E-3 5.52442E-3 5.83658E-3 6.86167E-3 6.52221E-3 6.52221E-3 6.30422E-3 6.30422E-3 6.4124E-3 6.60304E-3 6.52221E-3 6.63368E-3 6.65626E-3 6.24576E-3 5.50138E-3 5.00686E-3 4.76863E-3 4.57099E-3 4.87875E-3 5.5705E-3 6.43844E-3 7.36806E-3 5.59105E-3 4.62762E-3 4.56864E-3 5.13568E-3 6.44678E-3 6.71029E-3 8.02847E-3 8.3198E-3 8.70749E-3 1.1619E-2 8.74092E-3 7.6515E-3 7.30361E-3 3.89017E-3 1.69138E-4 8.36511E-5 7.28999E-5 5.69083E-5
2.57596E-4 1.31445E-3 6.89399E-4 1.96152E-4 4.67969E-5 1.25281E-5 2.59803E-4 1.05805E-3 2.45092E-4 8.23022E-3 1.51518E-2 1.56448E-2 1.70362E-2 1.62953E-2 1.55712E-2 1.60297E-2 1.48943E-2 1.11644E-2 8.9476E-3 6.51291E-3 4.59627E-3 5.61564E-3 6.75577E-3 3.52955E-3 3.25304E-3 1.73886E-3 1.23593E-3 2.8923E-3 3.98708E-3 4.84391E-3 4.57642E-3 6.04043E-3 7.18672E-3 7.06648E-3 6.74683E-3 6.30422E-3 6.30422E-3 6.49146E-3 6.6777E-3 6.9094E-3 6.9094E-3 6.83129E-3 7.06648E-3 5.84106E-3 4.7642E-3 4.73041E-3 5.05208E-3 5.26029E-3 5.84197E-3 6.83812E-3 7.7176E-3 8.23022E-3 6.4981E-3 5.02492E-3 4.19298E-3 5.81695E-3 6.71443E-3 7.83222E-3 7.81518E-3 9.04771E-3 9.47521E-3 1.34835E-2 1.44471E-2 1.81922E-2 1.75184E-2 3.63035E-3 3.87736E-5 3.05851E-5 1.58858E-5 1.60432E-5
9.5011E-4 2.44754E-4 8.13939E-4 5.56422E-4 3.71115E-4 4.72825E-5 3.53185E-5 1.02068E-4 1.22251E-4 3.12679E-3 8.23022E-3 1.61631E-2 1.85082E-2 1.86007E-2 1.83691E-2 1.83691E-2 1.72221E-2 1.34976E-2 1.03741E-2 8.26081E-3 6.40755E-3 6.07143E-3 7.01352E-3 5.21999E-3 3.75945E-3 2.52059E-3 2.26001E-3 1.63771E-3 1.89241E-3 4.28036E-3 6.5666E-3 7.09654E-3 7.72965E-3 7.39418E-3 7.06648E-3 6.4124E-3 6.71631E-3 6.9094E-3 6.9809E-3 6.6777E-3 5.36625E-3 4.91336E-3 5.45755E-3 4.87296E-3 4.87296E-3 5.12211E-3 5.593E-3 6.30368E-3 6.53837E-3 7.61132E-3 8.96254E-3 8.06778E-3 6.89014E-3 5.02492E-3 5.09777E-3 6.81037E-3 7.6457E-3 9.40074E-3 9.73107E-3 1.06897E-2 1.20221E-2 1.33145E-2 1.90831E-2 2.23867E-2 1.87545E-2 3.55431E-4 6.28253E-5 1.18809E-5 1.38129E-5 2.37909E-5
1.39301E-3 1.09076E-3 2.52417E-4 2.30926E-4 4.11725E-4 4.67625E-4 4.76036E-5 9.48688E-6 3.78741E-5 1.94496E-4 1.24336E-3 1.36644E-2 1.8098E-2 1.85082E-2 1.83691E-2 1.84247E-2 1.78217E-2 1.67552E-2 1.35083E-2 1.14884E-2 9.38343E-3 8.37997E-3 6.30368E-3 4.64629E-3 3.41715E-3 2.84589E-3 1.04718E-3 8.12498E-4 8.57458E-4 1.29646E-3 6.35071E-3 7.9945E-3 8.56583E-3 7.93741E-3 7.27025E-3 6.9094E-3 6.6777E-3 6.9809E-3 7.73819E-3 6.79268E-3 4.7501E-3 4.91336E-3 4.65525E-3 5.08155E-3 5.2548E-3 5.7288E-3 6.34281E-3 7.13455E-3 7.74451E-3 8.9476E-3 9.96499E-3 9.10402E-3 7.07395E-3 6.52229E-3 6.81234E-3 8.28753E-3 1.00435E-2 1.14164E-2 1.17617E-2 1.34696E-2 1.53729E-2 1.81297E-2 2.31828E-2 2.21191E-2 3.21401E-3 7.1898E-4 2.4223E-3 2.08084E-3 1.62622E-3 5.42169E-4
1.70771E-3 1.44896E-3 6.98772E-4 3.84033E-5 4.00279E-5 1.57408E-4 3.58109E-4 2.08868E-4 5.9678E-7 9.11364E-6 6.70644E-5 7.43236E-3 1.78018E-2 1.86757E-2 1.79954E-2 1.73228E-2 1.71195E-2 1.75787E-2 1.61116E-2 1.30629E-2 1.24063E-2 9.78981E-3 7.01764E-3 5.13544E-3 3.36213E-3 2.52059E-3 1.13742E-3 8.99143E-4 1.25579E-3 7.87161E-4 4.09937E-3 8.56583E-3 8.98982E-3 8.48785E-3 8.28169E-3 7.10106E-3 6.9809E-3 7.60733E-3 7.7956E-3 7.7956E-3 7.10106E-3 7.29088E-3 6.13257E-3 5.64751E-3 6.35079E-3 6.67068E-3 8.26729E-3 8.54821E-3 9.38343E-3 1.01893E-2 1.04159E-2 8.23022E-3 6.78327E-3 7.91907E-3 8.80778E-3 1.02056E-2 1.16502E-2 1.30695E-2 1.46204E-2 1.67682E-2 1.94975E-2 2.51991E-2 2.86954E-2 1.90386E-2 5.13094E-4 5.46789E-3 6.36461E-3 4.15206E-3 1.48446E-3 3.44156E-4
1.36044E-3 1.26768E-3 1.13038E-3 7.37086E-4 2.58211E-4 3.44247E-5 5.04206E-5 3.31763E-4 1.57614E-4 4.28621E-5 1.29715E-4 7.7275E-3 1.78332E-2 1.90454E-2 1.75266E-2 1.68359E-2 1.75611E-2 1.75629E-2 1.68359E-2 1.45887E-2 1.39107E-2 1.11141E-2 8.73932E-3 5.65417E-3 4.00207E-3 2.05099E-3 4.34733E-4 6.18352E-4 1.25579E-3 1.21634E-3 4.80909E-3 9.29803E-3 9.72121E-3 9.1961E-3 9.04168E-3 8.34522E-3 8.20471E-3 7.41633E-3 7.60733E-3 8.6307E-3 8.81022E-3 8.25828E-3 7.14817E-3 6.74683E-3 7.27025E-3 8.63262E-3 8.49045E-3 6.6749E-3 9.53999E-3 1.07218E-2 9.96499E-3 8.06778E-3 8.49207E-3 9.38933E-3 1.08563E-2 1.26293E-2 1.40111E-2 1.58232E-2 1.86734E-2 2.16613E-2 2.63146E-2 3.09409E-2 3.32123E-2 1.04086E-2 3.39704E-3 5.9825E-3 4.11833E-3 1.84557E-3 1.85059E-4 1.01244E-4
2.04125E-4 3.22529E-4 5.04367E-4 5.64241E-4 4.31497E-4 4.90477E-4 1.64265E-4 3.2982E-4 3.943E-4 8.65385E-5 2.01869E-6 1.53893E-3 1.09349E-2 1.71054E-2 1.81631E-2 1.75787E-2 1.72692E-2 1.69815E-2 1.63885E-2 1.48532E-2 1.42733E-2 1.28528E-2 8.88495E-3 6.66469E-3 5.09029E-3 1.0098E-3 3.536E-4 7.81255E-4 1.33807E-3 1.23593E-3 5.593E-3 1.00542E-2 1.06499E-2 1.00944E-2 9.55836E-3 9.39791E-3 8.93069E-3 8.25828E-3 8.11844E-3 8.11844E-3 8.6307E-3 8.44657E-3 8.25828E-3 8.40024E-3 8.54435E-3 8.63262E-3 7.33844E-3 7.13455E-3 7.61817E-3 9.21878E-3 8.40067E-3 7.36806E-3 9.34461E-3 1.15548E-2 1.35171E-2 1.50446E-2 1.8031E-2 2.02774E-2 2.17415E-2 2.59003E-2 3.11066E-2 3.61393E-2 3.70729E-2 1.97596E-2 8.63553E-3 5.72142E-3 8.39712E-4 1.04086E-3 2.30536E-4 1.11949E-6
3.66185E-5 2.03963E-5 4.09378E-5 5.68633E-5 1.02607E-4 7.82878E-5 2.07449E-4 2.74799E-4 2.47035E-4 2.15814E-4 2.14812E-6 1.69955E-5 2.10456E-3 1.20706E-2 1.7286E-2 1.75296E-2 1.6997E-2 1.61434E-2 1.64316E-2 1.61434E-2 1.61116E-2 1.38643E-2 1.11141E-2 8.88495E-3 7.37351E-3 1.66848E-3 2.69659E-4 1.0098E-3 1.51921E-3 6.7615E-4 3.75945E-3 9.83722E-3 1.12377E-2 1.10497E-2 1.10497E-2 1.04927E-2 1.01427E-2 9.4583E-3 9.11697E-3 9.47343E-3 9.80949E-3 9.11697E-3 8.93069E-3 8.93069E-3 9.59476E-3 8.07261E-3 6.14234E-3 5.80612E-3 5.97298E-3 6.97945E-3 7.56713E-3 7.65246E-3 1.03525E-2 1.2124E-2 1.43545E-2 1.69114E-2 1.93165E-2 2.30068E-2 2.54781E-2 3.04635E-2 3.5208E-2 3.85665E-2 3.66304E-2 9.28279E-3 6.62786E-3 4.139E-3 8.03934E-4 2.10088E-4 6.1577E-5 6.71886E-5
1.12734E-5 2.14477E-6 4.70608E-6 1.4213E-5 4.81789E-5 1.00345E-4 6.41643E-5 7.32949E-5 1.21204E-5 7.08691E-7 1.43005E-5 1.13626E-6 1.95709E-4 7.06271E-3 1.57461E-2 1.75296E-2 1.66125E-2 1.64141E-2 1.61042E-2 1.68315E-2 1.58826E-2 1.51484E-2 1.3961E-2 1.24314E-2 8.49175E-3 3.35267E-3 1.47226E-3 1.13283E-3 1.80188E-3 5.66122E-4 1.35935E-3 7.49559E-3 1.13883E-2 1.20135E-2 1.19921E-2 1.17909E-2 1.15927E-2 1.11702E-2 1.15115E-2 1.16509E-2 1.15798E-2 1.13162E-2 1.06686E-2 9.637E-3 8.34522E-3 6.24524E-3 4.92479E-3 4.76863E-3 4.18751E-3 4.46842E-3 5.2888E-3 7.41162E-3 1.00295E-2 1.2124E-2 1.39162E-2 1.78249E-2 2.06356E-2 2.31242E-2 2.80375E-2 3.14376E-2 3.61073E-2 3.76682E-2 2.57361E-2 6.07436E-3 7.16402E-3 4.4643E-3 1.86719E-3 5.02411E-4 4.40082E-4 2.64567E-3
1.84742E-4 4.38439E-5 1.37267E-5 2.70047E-6 7.95168E-7 3.03786E-5 6.31399E-5 3.95871E-5 3.11658E-5 1.21204E-5 2.70943E-6 1.15214E-5 8.65385E-5 2.3114E-3 1.41752E-2 1.67132E-2 1.66617E-2 1.68315E-2 1.67498E-2 1.65473E-2 1.63319E-2 1.57419E-2 1.45887E-2 1.34542E-2 8.9217E-3 1.10895E-3 1.075E-3 6.02077E-4 9.5011E-4 1.42499E-3 7.00104E-4 2.38944E-3 7.24753E-3 1.16071E-2 1.2794E-2 1.29039E-2 1.28302E-2 1.19842E-2 1.23152E-2 1.25277E-2 1.1852E-2 1.11702E-2 9.29804E-3 7.87103E-3 6.65626E-3 4.87296E-3 2.6667E-3 3.0984E-3 2.74533E-3 3.18489E-3 4.21155E-3 6.00732E-3 8.36029E-3 9.74553E-3 1.30976E-2 1.79946E-2 2.19116E-2 2.44823E-2 2.86445E-2 3.28486E-2 3.74794E-2 3.74531E-2 2.72429E-2 1.09829E-2 8.10296E-3 1.22509E-3 1.14189E-3 2.27296E-4 3.33383E-4 8.8473E-3
4.9063E-4 1.6582E-4 2.98887E-5 2.89585E-6 1.54255E-7 1.15891E-6 1.10803E-6 9.4979E-7 2.08063E-6 6.08356E-7 2.77909E-5 1.25593E-4 1.0904E-4 1.34029E-3 7.61132E-3 1.1774E-2 1.55801E-2 1.61571E-2 1.61551E-2 1.64141E-2 1.61042E-2 1.61551E-2 1.54065E-2 1.52195E-2 1.30682E-2 1.72296E-3 2.48445E-4 3.5479E-4 4.91336E-4 4.40039E-4 6.59608E-4 1.42102E-3 8.8498E-4 4.07646E-3 1.11627E-2 1.29642E-2 1.31238E-2 1.21624E-2 1.17566E-2 1.10155E-2 1.10155E-2 8.93069E-3 8.06628E-3 6.74683E-3 5.44873E-3 3.35197E-3 1.71115E-3 1.73886E-3 1.71808E-3 2.1627E-3 2.44121E-3 2.48886E-3 2.77112E-3 5.2309E-3 1.22941E-2 1.93766E-2 2.21018E-2 2.58657E-2 2.96614E-2 3.28629E-2 3.5821E-2 3.69306E-2 3.53823E-2 1.60985E-2 5.03565E-3 7.38175E-4 3.49761E-4 6.13482E-5 4.12795E-4 1.41764E-2
