KUENM/Final_Models/M_0.1_F_lq_Set_2_EC/sp1_0_se_asia.asc
ncols         320
nrows         243
xllcorner     44.0
yllcorner     -0.666666666666667
cellsize      0.166666666666667
NODATA_value  -9999
[rows 31 to 61 of 243, columns 70 to 139 of 320]
2.5379E-2 2.59506E-2 2.56607E-2 2.59506E-2 2.59506E-2 2.50959E-2 2.48153E-2 2.34408E-2 1.59078E-2 1.21104E-2 1.99321E-2 2.19408E-2 2.12963E-2 1.66936E-2 1.44219E-2 1.28718E-2 1.50154E-2 1.85791E-2 2.21359E-2 2.32773E-2 2.34829E-2 2.38999E-2 2.38318E-2 2.35199E-2 2.16934E-2 1.18628E-2 1.65987E-2 1.2524E-2 6.01093E-3 1.53405E-2 2.32917E-2 2.6142E-2 2.43014E-2 2.53661E-2 2.40471E-2 1.77326E-2 1.33629E-2 1.0148E-2 7.30533E-3 2.30281E-3 2.35141E-3 8.22091E-4 5.70062E-4 1.03574E-4 2.44234E-5 3.68605E-5 3.30642E-5 1.34334E-5 6.20488E-6 4.42724E-6 1.13631E-6 1.43679E-6 3.94327E-7 1.92684E-6 3.13182E-6 6.13644E-6 7.01589E-6 1.02269E-5 5.23847E-6 3.76929E-6 5.28037E-6 2.92478E-6 1.12741E-6 6.77902E-7 3.58844E-7 1.46079E-7 8.21257E-8 2.88811E-7 5.30008E-8 6.14697E-8
2.50305E-2 2.50305E-2 2.50305E-2 2.50305E-2 2.42239E-2 2.34337E-2 2.47834E-2 2.34499E-2 1.8281E-2 1.33891E-2 2.08131E-2 2.1285E-2 2.03789E-2 1.24043E-2 4.7121E-3 4.75296E-3 8.40162E-3 1.38417E-2 1.81792E-2 2.10333E-2 2.21216E-2 2.32518E-2 2.47046E-2 1.85795E-2 2.2327E-2 2.61393E-2 2.19001E-2 2.29547E-2 1.37784E-2 1.2012E-2 1.96007E-2 2.10829E-2 1.96846E-2 2.30205E-2 2.90241E-2 2.64614E-2 2.39176E-2 2.09059E-2 1.77467E-2 1.32618E-2 1.1773E-2 5.92046E-3 4.93832E-4 3.30642E-5 2.93361E-4 1.6818E-3 5.73085E-4 6.44433E-5 8.68773E-6 1.49799E-5 1.55097E-5 5.15844E-6 4.01042E-6 3.80755E-6 2.79631E-6 4.99267E-6 4.95362E-6 1.54941E-6 1.85172E-6 9.1123E-7 8.27693E-7 4.84025E-7 3.11786E-7 2.89166E-7 1.67886E-7 2.81779E-7 2.6059E-7 2.19625E-7 4.97829E-7 1.68009E-7
2.54956E-2 2.52033E-2 2.52033E-2 2.41295E-2 1.97448E-2 1.54723E-2 2.02084E-2 1.97436E-2 1.51819E-2 1.58922E-2 2.18863E-2 2.1334E-2 1.89848E-2 1.46836E-2 7.22654E-3 3.77735E-3 2.42401E-3 8.40162E-3 1.26403E-2 1.2506E-2 1.39957E-2 2.03574E-2 2.4239E-2 1.87628E-2 1.52401E-2 2.92509E-2 3.12844E-2 3.07031E-2 2.89392E-2 2.65629E-2 2.25978E-2 1.94387E-2 2.37009E-2 2.37154E-2 2.37075E-2 1.78741E-2 1.27518E-2 2.02542E-2 2.55178E-2 2.26507E-2 1.8102E-2 1.44217E-2 7.84035E-3 5.67168E-3 3.11106E-3 1.5401E-4 2.23585E-5 3.33154E-5 2.06855E-5 1.83509E-5 6.44352E-6 1.07736E-6 8.70251E-7 1.09501E-6 6.62562E-7 7.35323E-7 7.24648E-7 7.98025E-7 1.49182E-6 9.80987E-7 8.98042E-7 6.91895E-7 1.32327E-6 1.95163E-6 8.88847E-7 7.78744E-7 5.60791E-7 1.15484E-6 3.52128E-7 1.47537E-6
2.53242E-2 2.42613E-2 2.39791E-2 2.22372E-2 1.69499E-2 8.36623E-3 1.45967E-2 1.56982E-2 1.16745E-2 1.83658E-2 2.14061E-2 1.99324E-2 1.68175E-2 1.42059E-2 1.08689E-2 7.67133E-3 2.23742E-3 1.22787E-3 4.51445E-3 5.91985E-3 7.14294E-3 1.17339E-2 1.79145E-2 2.12257E-2 1.9022E-2 2.89071E-2 3.00252E-2 3.47983E-2 3.60672E-2 3.56041E-2 3.60355E-2 3.38023E-2 2.75826E-2 2.53375E-2 1.65284E-2 6.73786E-3 1.14336E-2 1.59483E-2 1.19983E-2 8.83028E-3 4.17476E-3 1.2257E-3 3.10425E-4 1.06146E-4 1.47522E-4 6.40216E-5 2.4953E-5 4.2759E-5 1.15024E-5 4.97582E-6 2.5078E-6 2.17262E-6 1.31352E-6 1.42167E-6 1.05528E-6 1.02411E-6 2.17538E-6 1.50323E-6 1.16017E-6 2.38347E-6 3.42051E-6 1.11115E-6 1.45375E-6 5.94697E-6 3.94867E-6 2.05462E-6 4.62122E-7 2.87047E-7 1.74236E-6 4.1196E-6
2.43426E-2 2.40567E-2 2.33257E-2 2.17193E-2 1.34395E-2 1.11381E-2 1.69561E-2 1.07601E-2 6.52481E-3 1.37833E-2 2.04435E-2 1.97062E-2 1.64423E-2 1.18427E-2 9.60872E-3 9.80239E-3 7.46262E-3 3.02702E-3 2.47332E-3 6.45569E-3 7.68643E-3 5.84194E-3 1.10759E-2 1.664E-2 1.77348E-2 2.44664E-2 2.21216E-2 2.83344E-2 3.4844E-2 3.5909E-2 2.98156E-2 3.18613E-2 2.61393E-2 1.61507E-2 1.09103E-2 1.12102E-2 1.28642E-2 1.01217E-2 5.22412E-3 1.99032E-3 1.24094E-3 3.51749E-4 4.15554E-5 1.90266E-5 2.23176E-5 3.58996E-5 5.29804E-5 2.23494E-5 3.10072E-6 2.52606E-6 1.65635E-6 1.21287E-6 9.95484E-7 2.01526E-6 2.40192E-6 2.81347E-6 1.27496E-6 1.8377E-6 9.04622E-7 1.17759E-6 9.87055E-6 3.03875E-6 3.03875E-6 1.39068E-5 8.46825E-7 1.0418E-6 6.70498E-7 1.37892E-6 7.76837E-6 3.15535E-6
2.30924E-2 2.33702E-2 2.10474E-2 1.69384E-2 1.52332E-2 2.13887E-2 2.51069E-2 1.96338E-2 6.60298E-3 5.58142E-3 1.65184E-2 1.8606E-2 1.57121E-2 1.36938E-2 1.07559E-2 1.07505E-2 1.06208E-2 8.864E-3 4.50204E-3 2.59859E-3 5.7542E-3 6.93896E-3 9.65675E-3 1.31698E-2 9.03127E-3 9.30602E-3 2.14718E-2 2.28195E-2 3.09968E-2 3.36115E-2 3.06581E-2 3.22459E-2 2.42218E-2 1.44196E-2 1.58365E-2 1.72277E-2 1.19163E-2 7.88698E-3 4.1495E-3 4.01256E-3 1.60437E-3 4.90538E-4 2.58186E-4 4.75167E-5 4.71548E-5 1.344E-5 4.21933E-6 2.3875E-6 6.20898E-6 2.94624E-6 7.76525E-6 6.79886E-6 5.15079E-6 1.42167E-6 2.01526E-6 2.38347E-6 1.53779E-6 5.28037E-6 8.46262E-6 1.94663E-5 2.16328E-5 1.80506E-6 1.05192E-5 4.7959E-5 3.86489E-6 2.14572E-5 6.98126E-5 2.04232E-5 9.98075E-7 1.58017E-7
2.39347E-2 2.18673E-2 1.76728E-2 1.0004E-2 1.03709E-2 2.28173E-2 2.79303E-2 2.5983E-2 1.53947E-2 2.50409E-3 9.86908E-3 1.43306E-2 1.18648E-2 1.19107E-2 1.22195E-2 1.18627E-2 1.1366E-2 9.33049E-3 1.05721E-2 6.38649E-3 3.53562E-3 5.00376E-3 6.05544E-3 5.31814E-3 1.04205E-2 1.15756E-2 1.97749E-2 2.59513E-2 2.98702E-2 3.20377E-2 3.17904E-2 3.13171E-2 2.69399E-2 2.21216E-2 1.98574E-2 1.59198E-2 1.20089E-2 8.27813E-3 6.75599E-3 5.71708E-3 2.41173E-3 6.14006E-4 4.09325E-4 3.08125E-4 2.53405E-5 1.39826E-5 3.93881E-5 1.15682E-4 1.04043E-4 5.97002E-5 1.74936E-5 1.23522E-5 6.13644E-6 6.08873E-6 3.20076E-6 1.43231E-6 5.57964E-6 6.69369E-6 9.19677E-5 2.38954E-4 7.67354E-5 3.01189E-6 1.04658E-4 3.64701E-4 1.50985E-4 9.48574E-5 4.76159E-6 2.99484E-7 3.12108E-7 2.13002E-6
2.28077E-2 1.85884E-2 1.38331E-2 7.88461E-3 1.0004E-2 2.05473E-2 2.65255E-2 2.75986E-2 1.94013E-2 5.72415E-3 5.79055E-3 1.21628E-2 1.20853E-2 1.01525E-2 1.15798E-2 1.22195E-2 1.2521E-2 1.124E-2 1.22705E-2 1.08314E-2 6.97735E-3 4.0183E-3 2.92325E-3 1.99719E-3 3.68142E-3 2.09734E-3 4.65275E-3 1.83946E-2 2.87409E-2 3.19291E-2 3.03988E-2 2.72243E-2 2.47311E-2 2.21151E-2 1.89636E-2 1.50182E-2 1.01751E-2 8.30312E-3 9.76671E-3 9.76671E-3 8.16429E-3 4.92591E-3 1.75557E-3 5.89889E-4 4.28561E-4 1.03023E-3 8.03476E-4 2.38954E-4 3.10378E-5 7.36288E-5 4.91699E-5 1.5728E-5 2.49552E-6 3.22555E-6 7.83015E-6 1.11777E-5 3.54598E-5 2.04378E-5 8.13305E-5 1.19354E-4 7.83039E-4 1.03598E-5 1.8599E-4 1.11242E-3 1.35526E-4 4.31842E-5 1.02024E-5 1.59081E-6 2.80937E-6 1.12151E-6
2.16081E-2 1.8735E-2 1.20814E-2 1.20641E-2 1.30073E-2 1.72932E-2 2.51775E-2 2.81053E-2 2.61019E-2 1.71548E-2 7.57725E-3 1.12751E-2 1.48936E-2 1.36485E-2 1.35696E-2 1.28472E-2 1.19759E-2 1.0995E-2 1.124E-2 9.90952E-3 8.13989E-3 4.364E-3 2.17139E-3 1.03895E-3 1.64064E-3 1.30173E-3 2.01692E-3 4.37934E-3 2.17772E-2 2.73153E-2 2.52732E-2 2.37329E-2 2.27295E-2 1.99264E-2 1.58713E-2 1.46709E-2 1.07444E-2 1.03448E-2 1.12687E-2 1.19341E-2 7.75037E-3 4.15178E-3 2.47867E-3 3.25562E-3 1.70744E-3 2.54985E-3 1.14159E-3 7.03792E-4 1.30382E-3 5.06943E-4 1.97826E-4 5.58648E-5 6.69369E-6 5.49307E-6 8.66613E-6 2.60381E-5 1.01481E-4 6.6008E-5 2.80803E-4 1.66563E-3 6.84852E-4 1.68463E-4 1.22528E-3 3.67338E-4 2.45694E-5 1.30599E-6 2.25378E-6 3.44567E-6 1.3505E-6 8.65153E-7
1.92388E-2 1.97148E-2 1.62775E-2 1.30158E-2 1.07431E-2 1.17528E-2 2.04469E-2 2.58953E-2 2.87877E-2 2.70538E-2 8.01897E-3 9.15718E-3 1.84121E-2 1.86229E-2 1.75052E-2 1.22781E-2 1.19477E-2 7.89383E-3 5.38383E-3 5.33996E-3 6.35856E-3 3.12496E-3 1.78972E-3 1.9032E-3 3.32534E-3 3.72285E-3 4.59595E-3 2.80739E-3 1.55341E-2 2.43732E-2 2.23442E-2 2.29269E-2 2.24887E-2 1.77174E-2 1.61937E-2 1.20834E-2 8.2939E-3 8.95375E-3 1.22121E-2 7.37847E-3 5.44429E-3 7.23057E-3 6.86161E-3 2.25205E-3 1.64041E-3 1.25698E-3 4.18733E-3 1.52785E-3 2.02794E-4 1.64897E-4 2.36419E-5 4.31625E-6 5.62323E-6 2.01105E-5 1.22992E-4 7.55957E-4 9.39248E-4 4.15954E-5 1.15487E-3 5.06704E-3 9.39023E-4 1.30109E-3 4.55762E-4 1.00534E-4 1.22543E-5 1.03267E-5 2.47608E-5 1.93464E-6 2.31704E-6 3.99411E-6
1.23953E-2 2.03349E-2 1.69899E-2 1.20814E-2 8.52907E-3 8.84412E-3 1.80532E-2 2.16055E-2 2.25449E-2 2.5983E-2 2.16445E-2 1.88286E-2 2.29614E-2 2.1831E-2 2.13913E-2 1.926E-2 1.72155E-2 1.39481E-2 6.99166E-3 8.5519E-3 8.93442E-3 7.07249E-3 5.69405E-3 1.98252E-3 1.03597E-3 4.08904E-3 7.17919E-3 8.45062E-3 1.50091E-2 2.04579E-2 2.62431E-2 2.45331E-2 2.12235E-2 1.71975E-2 1.71975E-2 1.57652E-2 1.32302E-2 1.25426E-2 1.13528E-2 9.98782E-3 1.18537E-2 9.59609E-3 1.18292E-2 1.16717E-2 7.83046E-3 4.67428E-3 4.20482E-3 4.8384E-4 1.26739E-4 2.9307E-5 1.53523E-5 8.44679E-5 6.38752E-5 1.61989E-4 2.04985E-3 1.92358E-3 3.35071E-4 2.11461E-4 6.87216E-3 1.05706E-2 2.22506E-3 2.74534E-4 1.08506E-3 3.63729E-4 1.50961E-4 1.55909E-4 2.05799E-5 7.37848E-7 8.62446E-6 1.10615E-4
1.27014E-2 1.63772E-2 1.46481E-2 1.30158E-2 1.19188E-2 1.25294E-2 1.68808E-2 2.07961E-2 2.10474E-2 2.21316E-2 2.51069E-2 2.69271E-2 2.5095E-2 2.20384E-2 2.22978E-2 2.06755E-2 2.02044E-2 1.74132E-2 1.37917E-2 1.17315E-2 3.97315E-3 2.20544E-3 2.89052E-3 3.31994E-3 1.70111E-3 1.33488E-3 7.07249E-3 8.83754E-3 1.36261E-2 2.15751E-2 2.50669E-2 2.64492E-2 2.34499E-2 1.87008E-2 1.46888E-2 1.5554E-2 1.65154E-2 1.28887E-2 1.14726E-2 1.87008E-2 1.88493E-2 1.73002E-2 1.64154E-2 1.10917E-2 1.05721E-2 7.95308E-3 5.57913E-3 1.57101E-3 1.00107E-3 1.52256E-4 1.81153E-4 2.63283E-4 4.04082E-4 2.50223E-3 6.25386E-3 2.67991E-3 7.49289E-4 7.41552E-4 9.34712E-3 6.88857E-3 1.84825E-3 5.49394E-3 3.29349E-3 1.36628E-3 1.36747E-4 1.09448E-5 4.75081E-6 3.36327E-6 7.09733E-5 2.95163E-4
1.09419E-2 1.72748E-2 1.60345E-2 1.33382E-2 1.48518E-2 1.23592E-2 1.4694E-2 1.91132E-2 1.75024E-2 1.20661E-2 1.59677E-2 2.57103E-2 2.60165E-2 2.22372E-2 2.20384E-2 2.04369E-2 1.77083E-2 1.812E-2 1.52861E-2 1.17106E-2 8.78116E-3 6.99166E-3 2.90331E-3 2.52203E-3 3.21626E-3 2.54869E-3 6.26717E-3 7.58297E-3 7.7816E-3 1.8281E-2 2.54956E-2 2.73555E-2 2.16403E-2 1.46971E-2 1.63903E-2 1.99755E-2 1.88475E-2 1.81942E-2 1.95047E-2 1.92899E-2 1.85782E-2 1.67041E-2 1.38482E-2 1.08753E-2 6.22346E-3 4.76584E-3 2.79874E-3 2.82767E-3 1.18042E-3 9.36523E-4 9.10162E-4 4.88336E-4 2.20125E-3 5.67626E-3 9.87453E-3 4.6097E-3 3.62855E-3 5.38875E-3 2.07123E-2 9.17663E-3 1.34728E-2 1.24391E-2 3.65124E-3 2.44509E-4 7.48218E-6 1.30001E-4 3.3305E-4 4.55467E-4 7.80141E-4 3.21438E-4
1.23926E-2 1.74065E-2 1.84169E-2 1.59226E-2 1.66777E-2 1.76215E-2 1.5047E-2 1.8943E-2 1.75339E-2 1.03868E-2 7.74421E-3 2.42201E-2 2.67883E-2 2.46312E-2 2.52167E-2 2.32324E-2 1.75052E-2 1.38059E-2 1.03852E-2 8.1086E-3 5.04201E-3 6.10208E-3 6.99166E-3 3.56299E-3 3.33595E-3 4.60811E-3 7.0691E-3 7.91422E-3 6.41136E-3 7.01926E-3 1.97436E-2 2.59954E-2 2.36995E-2 1.97345E-2 2.1977E-2 2.05868E-2 1.98686E-2 1.7555E-2 1.85425E-2 1.73593E-2 1.61065E-2 6.6887E-3 7.09765E-3 9.94917E-3 1.07532E-2 1.14866E-2 6.99644E-3 7.63069E-3 6.70651E-3 3.68471E-3 1.23995E-3 2.37518E-3 6.31788E-3 1.0854E-2 1.45011E-2 1.55524E-2 1.86779E-2 1.8518E-2 5.15732E-3 7.0082E-3 7.93304E-3 3.27583E-3 8.75914E-4 2.01942E-4 2.00427E-4 1.33307E-3 2.10325E-3 1.76993E-3 5.3237E-4 1.31218E-3
7.24289E-3 1.41437E-2 1.44941E-2 1.62775E-2 1.57588E-2 1.4694E-2 1.54138E-2 1.88846E-2 2.06361E-2 1.73475E-2 1.67567E-2 2.99151E-2 3.0636E-2 2.75718E-2 2.87029E-2 2.56924E-2 2.27651E-2 1.97448E-2 1.62032E-2 1.42016E-2 1.03852E-2 6.30055E-3 2.95231E-3 2.85148E-3 5.5208E-3 4.98678E-3 3.68329E-3 7.30135E-3 1.36485E-2 1.11619E-2 1.26663E-2 2.12113E-2 2.34933E-2 2.34933E-2 2.0713E-2 2.15573E-2 2.0301E-2 1.96666E-2 1.94302E-2 1.7887E-2 1.81718E-2 1.53701E-2 1.73522E-2 1.88475E-2 1.8822E-2 1.6962E-2 1.52065E-2 1.45883E-2 1.1366E-2 6.95249E-3 5.29662E-3 7.81238E-3 1.03316E-2 1.47058E-2 1.85905E-2 2.12477E-2 1.89484E-2 1.06712E-2 3.55616E-3 2.74027E-3 2.45888E-3 3.22311E-3 2.34169E-3 4.60636E-3 4.14177E-3 6.0898E-3 3.49074E-3 3.02683E-3 3.202E-3 1.84825E-3
4.85752E-3 8.42616E-3 6.56271E-3 1.26818E-2 1.74607E-2 1.75024E-2 1.87172E-2 1.93441E-2 2.26683E-2 2.09609E-2 1.98686E-2 3.23411E-2 3.19257E-2 3.05528E-2 2.96379E-2 2.80337E-2 2.64752E-2 2.24999E-2 1.88475E-2 1.38789E-2 1.10351E-2 6.39645E-3 4.13913E-3 3.48865E-3 6.54125E-3 9.92401E-3 4.22113E-3 4.44771E-3 1.28836E-2 1.45514E-2 1.53701E-2 2.02907E-2 2.30924E-2 2.50662E-2 2.40607E-2 2.21394E-2 2.09661E-2 2.0584E-2 2.03349E-2 1.934E-2 1.92756E-2 1.85425E-2 1.98686E-2 1.94817E-2 1.90657E-2 1.88403E-2 1.77083E-2 1.48654E-2 1.3288E-2 1.12412E-2 1.22716E-2 1.47149E-2 1.73881E-2 1.93037E-2 2.20285E-2 2.36905E-2 1.83156E-2 1.21031E-2 5.85968E-3 8.46859E-3 1.01975E-2 1.33585E-2 1.28896E-2 1.22984E-2 6.74057E-3 5.06129E-3 6.97889E-3 6.68109E-3 3.33131E-3 1.04053E-3
4.5205E-3 6.34879E-3 5.73341E-3 6.36266E-3 1.48719E-2 1.81033E-2 2.39347E-2 2.81053E-2 2.79303E-2 2.79303E-2 2.79303E-2 3.39493E-2 3.10728E-2 3.14442E-2 3.21978E-2 3.09161E-2 2.80337E-2 2.49225E-2 1.99664E-2 1.52938E-2 1.04546E-2 8.59739E-3 7.31554E-3 4.77071E-3 3.67994E-3 6.11465E-3 6.41702E-3 3.83959E-3 1.02987E-2 1.04963E-2 1.40911E-2 1.97453E-2 2.34866E-2 2.4973E-2 2.33119E-2 2.26466E-2 2.14608E-2 2.08311E-2 2.14608E-2 2.08311E-2 2.08355E-2 2.00571E-2 1.97453E-2 2.00505E-2 2.03451E-2 2.03877E-2 1.97448E-2 1.70672E-2 1.65791E-2 1.67041E-2 1.72807E-2 1.87742E-2 2.08336E-2 2.22461E-2 2.55451E-2 1.91751E-2 1.42367E-2 6.45437E-3 9.16628E-3 1.5655E-2 2.03406E-2 2.61004E-2 2.66037E-2 1.60828E-2 1.39959E-2 1.48055E-2 1.00206E-2 6.15454E-3 1.94528E-3 1.50459E-3
2.76049E-3 1.11602E-3 4.27476E-3 4.49361E-3 1.01438E-2 1.85425E-2 2.25096E-2 2.71681E-2 3.31421E-2 3.51588E-2 3.55804E-2 3.27293E-2 3.01929E-2 3.26949E-2 3.26949E-2 3.3085E-2 3.17436E-2 2.61614E-2 2.10774E-2 1.52938E-2 1.16745E-2 9.58919E-3 1.03353E-2 8.59255E-3 3.75557E-3 2.99185E-3 6.99035E-3 6.28749E-3 9.94595E-3 1.26999E-2 1.37921E-2 1.72932E-2 2.21394E-2 2.4828E-2 2.29258E-2 2.22885E-2 2.19285E-2 2.19285E-2 2.13945E-2 2.09408E-2 2.05773E-2 2.16081E-2 2.17437E-2 2.18673E-2 2.17169E-2 2.09609E-2 1.94817E-2 1.81942E-2 1.86229E-2 1.92813E-2 1.99585E-2 2.0912E-2 2.29182E-2 2.5066E-2 2.6729E-2 2.55641E-2 2.44664E-2 2.13435E-2 2.12844E-2 2.65629E-2 3.05809E-2 2.99788E-2 2.94691E-2 2.7042E-2 1.89768E-2 1.53448E-2 1.64118E-2 5.37686E-3 1.42936E-3 2.41701E-3
3.97108E-3 2.6067E-3 1.88564E-3 1.46406E-3 6.44975E-3 1.39258E-2 1.48067E-2 1.018E-2 1.3678E-2 3.51588E-2 3.84352E-2 3.18799E-2 3.26949E-2 3.3941E-2 3.43562E-2 3.43562E-2 3.27293E-2 3.01929E-2 2.45089E-2 1.97125E-2 1.65417E-2 8.78105E-3 6.82272E-3 1.33101E-2 1.27962E-2 8.39774E-3 1.04963E-2 1.07601E-2 1.4292E-2 1.69384E-2 1.52332E-2 1.76728E-2 2.23722E-2 2.45846E-2 2.42835E-2 2.33463E-2 2.33463E-2 2.2092E-2 2.1745E-2 2.29258E-2 2.28432E-2 2.28432E-2 2.27501E-2 2.21394E-2 2.0301E-2 1.8943E-2 1.83606E-2 1.94817E-2 1.92772E-2 2.09002E-2 2.23454E-2 2.28697E-2 2.47456E-2 2.50883E-2 2.8663E-2 3.19291E-2 3.23734E-2 3.36295E-2 3.84875E-2 3.82582E-2 3.81024E-2 3.89321E-2 3.76406E-2 3.378E-2 3.41496E-2 2.90932E-2 2.00877E-2 9.04298E-3 5.87579E-3 5.36446E-3
7.54782E-3 3.44619E-3 4.35752E-3 2.2118E-3 2.86065E-3 8.20656E-3 1.47685E-2 1.97345E-2 2.26929E-2 3.91472E-2 4.07699E-2 3.72303E-2 3.60061E-2 3.55804E-2 3.59723E-2 3.59723E-2 3.47623E-2 3.15467E-2 2.74942E-2 2.1464E-2 2.1464E-2 2.03451E-2 1.53701E-2 1.44265E-2 1.67567E-2 1.13428E-2 1.05683E-2 1.57888E-2 1.5978E-2 1.4507E-2 1.90443E-2 1.8508E-2 2.21005E-2 2.46321E-2 2.40296E-2 2.31093E-2 2.33984E-2 2.28233E-2 2.31093E-2 2.3059E-2 2.33463E-2 2.32833E-2 2.34093E-2 2.02004E-2 1.92756E-2 1.97453E-2 1.99837E-2 2.00505E-2 2.05331E-2 2.1977E-2 2.39791E-2 2.53242E-2 2.47456E-2 2.23115E-2 2.40345E-2 2.91347E-2 3.15933E-2 3.62449E-2 4.1038E-2 4.39476E-2 4.307E-2 4.61608E-2 4.22238E-2 4.13203E-2 3.13273E-2 3.20455E-2 1.35469E-2 7.42888E-3 7.0649E-3 5.73938E-3
1.08218E-2 9.42029E-3 5.84306E-3 3.19021E-3 5.29023E-4 1.79143E-3 1.25206E-2 1.6712E-2 2.35061E-2 3.76749E-2 4.20788E-2 4.00902E-2 3.79802E-2 3.84352E-2 3.79802E-2 3.75296E-2 3.55454E-2 3.15467E-2 2.91339E-2 2.62947E-2 2.32156E-2 2.43729E-2 2.18161E-2 1.57801E-2 1.71548E-2 1.16752E-2 5.15911E-3 1.67517E-2 1.95093E-2 1.70859E-2 1.80532E-2 2.23722E-2 2.28432E-2 2.46321E-2 2.3733E-2 2.3733E-2 2.31488E-2 2.31488E-2 2.34394E-2 2.37643E-2 2.3733E-2 2.40296E-2 2.42835E-2 2.37855E-2 2.25329E-2 2.14819E-2 2.12013E-2 2.07961E-2 2.18161E-2 2.34933E-2 2.55569E-2 2.7916E-2 2.50305E-2 2.36787E-2 2.45632E-2 2.67698E-2 3.11402E-2 3.31038E-2 3.71509E-2 3.87498E-2 4.07247E-2 4.79042E-2 4.37561E-2 4.27648E-2 4.29913E-2 3.2839E-2 7.86931E-3 5.70975E-3 5.33551E-3 4.76228E-3
5.5654E-3 1.18842E-2 8.88238E-3 5.05109E-3 2.70145E-3 1.51558E-3 5.90311E-3 1.11943E-2 5.80534E-3 2.93849E-2 4.05685E-2 4.12578E-2 4.34909E-2 4.2186E-2 4.09022E-2 4.16849E-2 3.98081E-2 3.35373E-2 2.99151E-2 2.52435E-2 2.11354E-2 2.33702E-2 2.56744E-2 1.85805E-2 1.77444E-2 1.30905E-2 1.11381E-2 1.67517E-2 1.92756E-2 2.09661E-2 2.03349E-2 2.32095E-2 2.5286E-2 2.49754E-2 2.43293E-2 2.31488E-2 2.31488E-2 2.34693E-2 2.37844E-2 2.43864E-2 2.43864E-2 2.43636E-2 2.49754E-2 2.2645E-2 2.07121E-2 2.08355E-2 2.18673E-2 2.22752E-2 2.37979E-2 2.61614E-2 2.80337E-2 2.93849E-2 2.69241E-2 2.47891E-2 2.34329E-2 2.84367E-2 3.15933E-2 3.53663E-2 3.64258E-2 4.05445E-2 4.26145E-2 5.17837E-2 5.52726E-2 6.34098E-2 6.45469E-2 3.19403E-2 3.988E-3 3.59957E-3 2.67209E-3 2.69235E-3
1.03353E-2 5.64602E-3 9.82839E-3 8.30372E-3 6.94157E-3 2.81221E-3 2.49559E-3 4.01601E-3 4.3292E-3 1.85782E-2 2.93849E-2 4.22475E-2 4.59704E-2 4.61494E-2 4.57578E-2 4.57578E-2 4.363E-2 3.74308E-2 3.19731E-2 2.84448E-2 2.49434E-2 2.42234E-2 2.58953E-2 2.23987E-2 1.8943E-2 1.56017E-2 1.48568E-2 1.27451E-2 1.3467E-2 1.98157E-2 2.44552E-2 2.52471E-2 2.62878E-2 2.56284E-2 2.49754E-2 2.34394E-2 2.40624E-2 2.43864E-2 2.43976E-2 2.37844E-2 2.14774E-2 2.05272E-2 2.1745E-2 2.08311E-2 2.08311E-2 2.16081E-2 2.28077E-2 2.46463E-2 2.50662E-2 2.74942E-2 3.01929E-2 2.92386E-2 2.77753E-2 2.47891E-2 2.58096E-2 3.05437E-2 3.32455E-2 3.81295E-2 4.02331E-2 4.37281E-2 4.76365E-2 5.1311E-2 6.2936E-2 6.96921E-2 6.67762E-2 1.09314E-2 4.94505E-3 2.32599E-3 2.50301E-3 3.2186E-3
1.26514E-2 1.14501E-2 5.93441E-3 5.70577E-3 7.50028E-3 8.04171E-3 2.92093E-3 1.42567E-3 2.63E-3 5.45599E-3 1.23572E-2 3.8647E-2 4.52301E-2 4.59704E-2 4.57578E-2 4.58985E-2 4.48036E-2 4.27665E-2 3.73148E-2 3.38786E-2 3.00893E-2 2.85148E-2 2.46463E-2 2.10474E-2 1.81429E-2 1.65531E-2 1.04453E-2 9.20228E-3 9.38012E-3 1.13238E-2 2.40779E-2 2.69442E-2 2.79675E-2 2.66223E-2 2.53131E-2 2.43864E-2 2.37844E-2 2.43976E-2 2.59632E-2 2.40839E-2 2.0024E-2 2.05272E-2 1.99321E-2 2.1041E-2 2.15654E-2 2.27501E-2 2.42802E-2 2.59879E-2 2.73595E-2 2.99151E-2 3.18799E-2 3.10639E-2 2.79927E-2 2.80257E-2 2.93156E-2 3.34003E-2 3.79493E-2 4.16681E-2 4.36986E-2 4.82322E-2 5.30943E-2 5.90629E-2 6.87999E-2 6.909E-2 2.91809E-2 1.49797E-2 2.67333E-2 2.51346E-2 2.26507E-2 1.3678E-2
1.44261E-2 1.3288E-2 9.60872E-3 2.65756E-3 2.74158E-3 5.0788E-3 7.30457E-3 5.75484E-3 4.40534E-4 1.43671E-3 3.42625E-3 2.8392E-2 4.46916E-2 4.63106E-2 4.50548E-2 4.38139E-2 4.34519E-2 4.44779E-2 4.15675E-2 3.62918E-2 3.53408E-2 3.08364E-2 2.56752E-2 2.21316E-2 1.79273E-2 1.56017E-2 1.0887E-2 9.71633E-3 1.12704E-2 8.98845E-3 1.94302E-2 2.79675E-2 2.86281E-2 2.76107E-2 2.72857E-2 2.47046E-2 2.43976E-2 2.56411E-2 2.59441E-2 2.59441E-2 2.47046E-2 2.50166E-2 2.3059E-2 2.2092E-2 2.38633E-2 2.45256E-2 2.7614E-2 2.82975E-2 3.00893E-2 3.19565E-2 3.26949E-2 2.93849E-2 2.74589E-2 3.07562E-2 3.32451E-2 3.65999E-2 4.03119E-2 4.434E-2 4.81087E-2 5.31438E-2 5.86064E-2 6.82957E-2 7.4243E-2 6.36965E-2 1.2336E-2 3.77584E-2 4.13352E-2 3.44627E-2 2.17443E-2 1.10203E-2
1.32099E-2 1.28009E-2 1.22716E-2 1.02365E-2 6.37558E-3 2.62063E-3 3.15308E-3 7.27866E-3 5.23659E-3 2.88622E-3 4.66292E-3 2.89069E-2 4.47921E-2 4.70146E-2 4.42641E-2 4.2928E-2 4.43797E-2 4.46214E-2 4.2928E-2 3.87924E-2 3.7772E-2 3.30694E-2 2.89634E-2 2.32341E-2 1.95772E-2 1.4292E-2 7.07696E-3 8.19275E-3 1.12704E-2 1.10071E-2 2.10896E-2 2.93424E-2 2.99885E-2 2.89464E-2 2.85902E-2 2.72705E-2 2.69337E-2 2.53312E-2 2.56411E-2 2.74901E-2 2.77704E-2 2.69047E-2 2.5001E-2 2.43293E-2 2.53131E-2 2.79544E-2 2.79674E-2 2.4973E-2 3.04555E-2 3.2752E-2 3.18799E-2 2.92386E-2 3.09735E-2 3.29948E-2 3.63239E-2 4.05606E-2 4.37465E-2 4.82668E-2 5.38972E-2 5.94439E-2 6.71903E-2 7.42501E-2 7.87789E-2 4.71777E-2 2.90241E-2 3.86751E-2 3.34717E-2 2.35936E-2 8.1394E-3 6.13779E-3
5.82086E-3 7.12675E-3 8.72573E-3 9.25023E-3 8.17762E-3 8.76759E-3 5.40134E-3 7.4474E-3 8.06082E-3 4.0183E-3 7.78759E-4 1.38945E-2 3.38766E-2 4.34294E-2 4.5722E-2 4.44779E-2 4.38431E-2 4.33118E-2 4.21581E-2 3.9218E-2 3.83097E-2 3.59866E-2 2.93156E-2 2.51775E-2 2.22428E-2 1.03749E-2 6.37001E-3 9.12941E-3 1.18127E-2 1.11381E-2 2.28077E-2 3.07357E-2 3.17517E-2 3.06744E-2 2.96205E-2 2.92563E-2 2.81857E-2 2.69047E-2 2.65706E-2 2.65706E-2 2.74901E-2 2.72014E-2 2.69047E-2 2.72424E-2 2.75835E-2 2.79544E-2 2.58747E-2 2.59879E-2 2.70319E-2 3.03406E-2 2.92897E-2 2.7916E-2 3.22448E-2 3.66534E-2 4.04272E-2 4.37039E-2 4.9105E-2 5.38666E-2 5.70937E-2 6.38323E-2 7.1856E-2 7.90537E-2 8.15269E-2 6.20649E-2 4.33695E-2 3.66639E-2 1.5426E-2 1.76179E-2 8.68814E-3 7.80638E-4
2.84237E-3 2.18721E-3 2.98565E-3 3.45153E-3 4.42402E-3 3.9749E-3 6.06496E-3 6.86893E-3 6.52492E-3 6.06865E-3 8.16267E-4 1.9776E-3 1.59078E-2 3.51226E-2 4.40179E-2 4.46666E-2 4.34826E-2 4.1749E-2 4.24279E-2 4.1749E-2 4.15675E-2 3.75879E-2 3.30694E-2 2.93156E-2 2.66227E-2 1.31553E-2 5.75857E-3 1.03749E-2 1.24999E-2 8.56343E-3 1.8943E-2 3.04079E-2 3.27494E-2 3.23487E-2 3.23487E-2 3.12743E-2 3.05089E-2 2.91153E-2 2.84742E-2 2.90246E-2 2.9655E-2 2.84742E-2 2.81857E-2 2.81857E-2 2.95574E-2 2.69535E-2 2.3496E-2 2.32038E-2 2.39347E-2 2.62947E-2 2.78989E-2 2.84091E-2 3.38287E-2 3.73461E-2 4.16032E-2 4.62272E-2 5.05858E-2 5.70683E-2 6.14399E-2 6.91166E-2 7.59456E-2 8.07202E-2 7.98246E-2 4.26745E-2 3.70555E-2 3.0101E-2 1.45135E-2 7.83635E-3 4.52215E-3 4.83201E-3
1.75309E-3 8.51207E-4 1.19798E-3 1.93391E-3 3.26087E-3 4.49086E-3 3.65558E-3 3.90875E-3 1.78157E-3 5.2535E-4 1.87063E-3 6.26923E-4 5.64029E-3 2.67883E-2 4.09572E-2 4.46666E-2 4.3075E-2 4.24842E-2 4.20011E-2 4.36167E-2 4.1394E-2 3.97451E-2 3.76281E-2 3.51225E-2 2.85714E-2 1.84058E-2 1.24417E-2 1.10722E-2 1.3678E-2 8.02788E-3 1.19516E-2 2.69448E-2 3.33441E-2 3.41423E-2 3.39936E-2 3.35767E-2 3.3164E-2 3.2189E-2 3.28232E-2 3.30418E-2 3.28344E-2 3.24159E-2 3.1309E-2 2.93899E-2 2.72705E-2 2.35718E-2 2.12227E-2 2.12013E-2 1.99837E-2 2.09609E-2 2.31484E-2 2.77515E-2 3.30544E-2 3.73461E-2 4.06745E-2 4.7427E-2 5.24372E-2 5.66332E-2 6.4445E-2 6.93762E-2 7.60715E-2 7.84239E-2 6.67114E-2 3.41226E-2 3.71586E-2 2.99308E-2 1.99611E-2 1.11096E-2 1.06649E-2 2.58625E-2
6.07895E-3 3.25562E-3 1.95734E-3 9.70913E-4 5.7342E-4 2.74673E-3 3.73454E-3 3.01431E-3 2.70146E-3 1.78157E-3 9.32494E-4 1.71465E-3 4.0183E-3 1.64423E-2 3.83997E-2 4.28777E-2 4.30513E-2 4.36167E-2 4.36068E-2 4.30814E-2 4.2546E-2 4.08828E-2 3.87924E-2 3.68652E-2 2.96225E-2 1.11211E-2 1.08676E-2 8.404E-3 1.03353E-2 1.23763E-2 8.98467E-3 1.57348E-2 2.65255E-2 3.36654E-2 3.55381E-2 3.55962E-2 3.53827E-2 3.36665E-2 3.42895E-2 3.47196E-2 3.34567E-2 3.2189E-2 2.87539E-2 2.62888E-2 2.42835E-2 2.08311E-2 1.57781E-2 1.7119E-2 1.63635E-2 1.79849E-2 2.08717E-2 2.54172E-2 3.06211E-2 3.35707E-2 3.98273E-2 4.74767E-2 5.36706E-2 5.79108E-2 6.43757E-2 7.06044E-2 7.72323E-2 7.73847E-2 6.83037E-2 4.39476E-2 3.80082E-2 1.56858E-2 1.52596E-2 7.32424E-3 8.91753E-3 4.41449E-2
9.49132E-3 5.95981E-3 2.81367E-3 1.02382E-3 2.94128E-4 6.96628E-4 6.73213E-4 6.26818E-4 8.68897E-4 5.13475E-4 2.56828E-3 4.8374E-3 4.48768E-3 1.30646E-2 2.74942E-2 3.41644E-2 4.05662E-2 4.18369E-2 4.19083E-2 4.24842E-2 4.20011E-2 4.19083E-2 4.02363E-2 3.98942E-2 3.6425E-2 1.37198E-2 5.70943E-3 6.71266E-3 7.75196E-3 7.31554E-3 8.79103E-3 1.25906E-2 1.00146E-2 2.01057E-2 3.30124E-2 3.5794E-2 3.60372E-2 3.42503E-2 3.34132E-2 3.19508E-2 3.19508E-2 2.81857E-2 2.66004E-2 2.43293E-2 2.19285E-2 1.74088E-2 1.29359E-2 1.30905E-2 1.32048E-2 1.5117E-2 1.62539E-2 1.67696E-2 1.81537E-2 2.48153E-2 3.83494E-2 4.90924E-2 5.35621E-2 5.95976E-2 6.54113E-2 7.01041E-2 7.44548E-2 7.62508E-2 7.65889E-2 5.1595E-2 2.91967E-2 1.18962E-2 8.46637E-3 3.91244E-3 9.58653E-3 5.37042E-2
