KUENM/Final_Models/M_0.1_F_lq_Set_2_EC/sp1_stddev.asc
ncols         197
nrows         210
xllcorner     56.1666666666667
yllcorner     4.5
cellsize      0.166666666666667
NODATA_value  -9999
[rows 84 to 111 of 210, columns 130 to 194 of 197]
4.95277E-2 4.61648E-2 4.96793E-2 5.08819E-2 5.0467E-2 4.58882E-2 4.28778E-2 3.83186E-2 4.67553E-2 4.83459E-2 4.59699E-2 3.88117E-2 2.66599E-2 3.29163E-2 4.87121E-2 5.06687E-2 4.82872E-2 4.28728E-2 4.1459E-2 4.61726E-2 4.74002E-2 4.82147E-2 5.03247E-2 5.08192E-2 5.01116E-2 5.10474E-2 5.13078E-2 5.09359E-2 5.06137E-2 4.88353E-2 4.54515E-2 4.25311E-2 4.23469E-2 4.52785E-2 4.78429E-2 4.9214E-2 5.07891E-2 4.952E-2 5.05078E-2 4.93027E-2 4.86306E-2 5.03796E-2 5.06944E-2 5.03903E-2 4.97181E-2 4.60313E-2 4.98185E-2 4.89709E-2 4.7902E-2 5.03617E-2 4.65022E-2 3.90238E-2 2.48264E-2 1.39343E-2 1.24541E-2 8.83379E-3 4.68556E-3 2.82784E-3 3.66742E-3 3.1778E-3 9.86079E-4 2.00969E-4 6.47998E-5 6.4055E-5 9.83044E-6
5.38596E-2 5.15372E-2 5.16179E-2 5.0517E-2 4.81709E-2 4.40499E-2 4.63105E-2 4.79899E-2 5.07506E-2 5.17849E-2 5.09609E-2 4.87385E-2 4.03745E-2 4.68198E-2 5.01592E-2 4.83068E-2 4.7845E-2 4.51478E-2 5.02751E-2 5.06593E-2 5.03313E-2 5.08259E-2 5.08259E-2 5.08819E-2 5.02895E-2 5.10211E-2 5.10376E-2 5.07111E-2 4.97249E-2 4.9943E-2 5.02245E-2 4.70185E-2 4.94089E-2 5.03967E-2 5.00526E-2 4.92598E-2 5.05886E-2 5.06188E-2 5.09649E-2 4.98555E-2 4.86546E-2 5.06328E-2 5.07003E-2 5.0193E-2 4.95292E-2 4.86111E-2 5.07842E-2 4.7213E-2 4.99891E-2 4.81859E-2 4.99854E-2 3.69348E-2 1.75341E-2 9.30985E-3 1.93565E-2 1.73571E-2 6.41217E-3 1.76938E-3 4.0295E-3 4.39945E-3 1.94352E-3 4.68758E-4 1.3848E-4 9.82368E-5 1.57618E-5
5.59338E-2 5.35207E-2 5.16524E-2 5.09783E-2 5.10211E-2 5.14569E-2 5.20275E-2 5.12847E-2 4.75237E-2 4.10204E-2 4.70665E-2 5.23002E-2 5.1173E-2 4.97742E-2 4.27138E-2 4.64737E-2 5.09347E-2 5.19379E-2 5.10875E-2 5.16015E-2 5.13122E-2 5.02551E-2 5.01979E-2 5.03753E-2 4.43737E-2 4.66849E-2 5.10268E-2 5.11483E-2 4.91451E-2 4.52938E-2 4.04345E-2 4.77824E-2 5.06699E-2 5.03003E-2 5.02278E-2 5.08691E-2 5.07135E-2 5.02431E-2 4.97556E-2 4.86355E-2 4.98842E-2 5.12714E-2 5.12878E-2 5.12892E-2 5.01797E-2 4.68917E-2 5.08148E-2 4.78428E-2 4.91649E-2 5.02683E-2 4.51045E-2 3.54271E-2 2.68085E-2 1.99429E-2 2.76017E-2 2.55524E-2 1.1848E-2 4.33904E-3 3.8635E-3 3.96778E-3 2.4953E-3 1.10532E-3 3.64003E-4 1.51813E-4 3.22283E-5
5.44259E-2 5.18541E-2 4.7935E-2 4.28735E-2 4.50307E-2 4.7536E-2 4.88339E-2 4.83272E-2 4.2366E-2 3.47375E-2 3.48997E-2 4.67696E-2 5.07138E-2 3.75698E-2 2.48264E-2 3.67482E-2 4.73832E-2 5.03321E-2 5.107E-2 5.25232E-2 4.97032E-2 4.6375E-2 4.7399E-2 5.25163E-2 4.86928E-2 4.83459E-2 5.05791E-2 5.19576E-2 5.10605E-2 4.88176E-2 4.88176E-2 5.32497E-2 4.89026E-2 3.45484E-2 4.53708E-2 4.94898E-2 4.63519E-2 4.30551E-2 4.28175E-2 4.70571E-2 5.03379E-2 5.04213E-2 4.61378E-2 4.49824E-2 5.01681E-2 5.07135E-2 4.98555E-2 5.02059E-2 5.0281E-2 4.77824E-2 3.991E-2 3.63103E-2 4.02361E-2 4.12774E-2 4.14345E-2 3.45497E-2 1.91449E-2 4.0295E-3 1.84097E-3 1.72921E-3 1.77829E-3 1.47238E-3 7.01137E-4 2.78766E-4 9.95873E-5
5.34799E-2 4.83629E-2 3.78271E-2 2.57639E-2 2.96921E-2 3.65249E-2 4.32137E-2 4.53626E-2 4.24325E-2 3.4032E-2 3.17119E-2 3.9134E-2 4.1125E-2 2.77539E-2 2.15986E-2 2.85867E-2 4.09074E-2 4.40934E-2 4.39553E-2 4.35618E-2 3.85133E-2 3.35325E-2 3.86864E-2 4.81315E-2 5.44055E-2 5.6653E-2 5.4097E-2 5.28265E-2 5.22862E-2 5.09646E-2 5.16229E-2 5.45451E-2 5.38712E-2 5.13795E-2 5.91234E-2 5.32187E-2 4.48009E-2 3.53758E-2 3.37155E-2 4.46048E-2 4.90759E-2 4.93816E-2 4.05053E-2 3.78248E-2 4.39422E-2 4.41149E-2 4.67527E-2 5.10304E-2 5.13676E-2 4.66457E-2 3.78154E-2 3.36768E-2 4.01525E-2 4.59814E-2 4.07237E-2 3.09886E-2 1.27329E-2 1.08609E-3 6.1458E-4 1.75999E-3 1.60952E-3 1.35132E-3 9.75215E-4 4.98524E-4 2.37347E-4
5.34545E-2 4.75665E-2 3.45317E-2 2.14776E-2 1.9756E-2 2.48717E-2 3.49773E-2 4.46087E-2 3.97706E-2 2.75928E-2 2.61769E-2 2.95995E-2 2.95044E-2 2.46341E-2 2.38351E-2 2.79001E-2 4.13456E-2 3.85133E-2 3.38387E-2 3.09178E-2 2.49541E-2 2.33203E-2 2.90535E-2 3.81066E-2 4.69244E-2 5.24197E-2 5.38477E-2 5.38074E-2 5.29243E-2 5.0071E-2 4.89652E-2 5.13507E-2 5.57643E-2 5.59893E-2 4.97975E-2 4.56611E-2 4.37231E-2 3.63381E-2 2.11114E-2 2.93563E-2 4.17925E-2 4.95299E-2 4.62041E-2 4.26899E-2 4.37941E-2 4.31242E-2 4.66076E-2 5.11583E-2 5.05687E-2 4.06798E-2 2.86944E-2 2.01315E-2 2.3291E-2 2.7816E-2 2.52922E-2 1.43533E-2 2.44096E-3 1.15302E-4 6.67966E-5 7.84468E-4 1.17749E-3 1.03286E-3 1.15429E-3 7.20629E-4 3.70208E-4
5.35125E-2 4.89659E-2 3.58674E-2 2.07779E-2 1.77063E-2 1.97014E-2 2.70001E-2 2.96252E-2 2.23966E-2 1.28197E-2 1.56032E-2 2.06143E-2 3.01944E-2 3.22212E-2 3.23937E-2 3.29347E-2 3.56077E-2 4.06831E-2 3.4672E-2 2.4663E-2 1.56364E-2 1.66185E-2 2.31149E-2 2.99705E-2 3.78507E-2 4.83837E-2 5.28491E-2 5.38401E-2 5.24011E-2 4.95445E-2 4.67521E-2 4.62781E-2 4.7088E-2 4.72445E-2 4.7088E-2 4.57544E-2 4.37231E-2 3.40996E-2 2.11354E-2 2.34757E-2 3.43534E-2 4.02361E-2 3.88267E-2 4.12774E-2 4.43435E-2 4.22222E-2 4.28555E-2 4.36853E-2 4.04931E-2 3.20975E-2 2.15049E-2 1.44425E-2 1.29285E-2 1.23669E-2 1.23933E-2 8.32738E-3 1.1379E-3 4.75296E-5 2.28565E-5 2.78924E-4 7.16381E-4 9.53796E-4 1.22014E-3 8.04191E-4 4.06738E-4
5.23002E-2 4.78235E-2 3.22968E-2 2.04571E-2 1.44425E-2 1.39135E-2 1.57123E-2 1.13178E-2 4.20155E-3 4.51799E-3 1.4754E-2 2.67296E-2 3.19952E-2 3.41605E-2 3.60953E-2 3.38607E-2 3.13999E-2 3.52448E-2 3.01843E-2 2.26844E-2 1.84731E-2 1.91948E-2 2.29105E-2 2.63617E-2 3.35359E-2 4.3108E-2 5.02091E-2 5.03503E-2 4.71548E-2 4.52129E-2 4.28555E-2 4.13456E-2 4.04366E-2 3.64889E-2 3.60799E-2 3.67432E-2 3.54281E-2 2.41162E-2 1.72315E-2 2.04307E-2 2.41162E-2 2.37726E-2 1.93602E-2 2.63617E-2 3.17954E-2 3.06394E-2 3.54757E-2 3.82867E-2 3.58568E-2 2.73798E-2 2.07055E-2 1.49103E-2 1.17347E-2 1.06514E-2 8.4983E-3 6.41007E-3 1.59084E-3 2.4411E-4 1.49895E-4 3.68787E-4 6.38457E-4 1.0388E-3 1.2433E-3 8.22623E-4 3.47243E-4
4.88892E-2 3.97025E-2 2.30693E-2 1.51932E-2 1.15821E-2 1.25324E-2 1.12579E-2 9.90238E-3 6.16658E-3 9.89335E-3 1.72957E-2 2.5658E-2 2.44218E-2 3.15635E-2 3.67919E-2 3.45975E-2 2.87316E-2 2.82667E-2 2.55112E-2 2.34141E-2 2.33203E-2 2.60644E-2 2.48877E-2 2.46981E-2 2.97306E-2 3.44764E-2 3.93178E-2 4.12654E-2 4.15802E-2 3.89521E-2 3.53882E-2 3.14518E-2 3.058E-2 2.72709E-2 2.53144E-2 2.57251E-2 2.70001E-2 2.94041E-2 3.31638E-2 2.62328E-2 2.13078E-2 1.51458E-2 1.36198E-2 1.4056E-2 1.04764E-2 8.95721E-3 1.42085E-2 2.33735E-2 2.60847E-2 1.71229E-2 1.4351E-2 1.45047E-2 1.03378E-2 8.83106E-3 6.51625E-3 4.2541E-3 2.01627E-3 9.69764E-4 7.55915E-4 6.39586E-4 3.97883E-4 5.19131E-4 1.07774E-3 8.81707E-4 3.43061E-4
2.99118E-2 2.2068E-2 1.37045E-2 9.43301E-3 9.16066E-3 9.90238E-3 1.10017E-2 1.62752E-2 1.50344E-2 8.25199E-3 1.775E-2 2.55112E-2 2.21458E-2 2.42729E-2 2.79123E-2 2.64947E-2 2.42537E-2 2.09167E-2 1.95792E-2 2.07226E-2 2.42537E-2 2.71543E-2 2.45559E-2 2.10689E-2 2.12783E-2 2.13838E-2 2.76009E-2 2.56621E-2 3.07302E-2 2.78137E-2 2.32254E-2 2.0096E-2 1.91284E-2 1.64872E-2 1.58184E-2 1.5491E-2 1.942E-2 3.02768E-2 3.4672E-2 2.0953E-2 1.5795E-2 1.27361E-2 1.38803E-2 1.45367E-2 7.56016E-3 5.47962E-3 7.94583E-3 1.48759E-2 1.57797E-2 8.7736E-3 7.045E-3 1.00149E-2 9.29054E-3 7.74708E-3 4.97311E-3 3.56043E-3 2.62682E-3 2.16348E-3 2.03509E-3 1.51282E-3 5.67315E-4 5.01895E-4 8.54122E-4 7.46121E-4 3.69617E-4
1.82923E-2 1.26925E-2 8.56195E-3 6.32943E-3 6.58029E-3 7.23919E-3 9.78559E-3 1.70122E-2 1.56761E-2 6.88209E-3 2.02037E-2 1.93922E-2 1.42224E-2 1.26083E-2 1.51188E-2 1.46086E-2 1.28197E-2 1.08586E-2 1.02268E-2 1.51188E-2 2.17956E-2 2.24042E-2 2.10049E-2 1.73229E-2 1.46729E-2 1.4104E-2 1.50848E-2 1.30325E-2 1.33582E-2 1.60979E-2 1.39183E-2 1.19238E-2 1.02622E-2 8.95721E-3 9.79147E-3 9.44577E-3 1.21767E-2 1.41459E-2 1.09679E-2 1.2154E-2 1.43346E-2 1.19079E-2 1.24671E-2 1.20178E-2 1.06881E-2 1.17663E-2 1.1848E-2 9.82189E-3 1.05282E-2 9.42209E-3 1.45017E-2 1.07445E-2 9.79813E-3 8.5945E-3 3.67687E-3 3.52289E-3 3.73459E-3 3.00888E-3 3.68193E-3 3.84185E-3 1.58853E-3 1.06161E-3 1.04427E-3 8.1206E-4 4.19816E-4
1.20029E-2 8.2074E-3 5.62345E-3 4.46056E-3 4.31968E-3 5.76474E-3 8.72688E-3 9.43301E-3 1.01974E-2 1.15073E-2 1.39135E-2 1.09679E-2 1.01994E-2 9.05226E-3 7.83432E-3 5.86358E-3 5.18888E-3 4.15848E-3 5.25893E-3 1.12451E-2 2.05E-2 2.16388E-2 1.7525E-2 1.30213E-2 9.62547E-3 6.97518E-3 6.46731E-3 5.91371E-3 5.19164E-3 7.18971E-3 6.23259E-3 5.39608E-3 4.62642E-3 4.03074E-3 4.14312E-3 4.91419E-3 4.34259E-3 3.17649E-3 1.99207E-3 2.3069E-3 6.88834E-3 9.68822E-3 7.12403E-3 4.70603E-3 4.18484E-3 3.32701E-3 3.00254E-3 2.23919E-3 3.25102E-3 6.30285E-3 9.11955E-3 1.16944E-2 1.33657E-2 1.26315E-2 7.21867E-3 5.79848E-3 7.21867E-3 2.83731E-3 2.13363E-3 2.33713E-3 2.06936E-3 1.74549E-3 1.58853E-3 1.06161E-3 5.66541E-4
9.59096E-3 7.1971E-3 5.20652E-3 4.60784E-3 3.93258E-3 5.34805E-3 7.38164E-3 8.72688E-3 1.09363E-2 1.25304E-2 1.0247E-2 8.26183E-3 6.85844E-3 5.02087E-3 3.7701E-3 2.42119E-3 1.84531E-3 1.48385E-3 3.84305E-3 1.04695E-2 2.10049E-2 2.37902E-2 1.69754E-2 1.11317E-2 8.22563E-3 6.77229E-3 4.4018E-3 3.48367E-3 2.91937E-3 3.588E-3 3.2916E-3 2.76717E-3 2.17515E-3 1.8222E-3 1.73526E-3 2.30032E-3 2.13043E-3 2.40783E-3 1.696E-3 1.79871E-3 5.56443E-3 7.89146E-3 2.95714E-3 1.40822E-3 1.20881E-3 6.01364E-4 1.07166E-3 2.32964E-3 3.19186E-3 3.74925E-3 4.46622E-3 5.71528E-3 1.07772E-2 1.55163E-2 1.05296E-2 7.60227E-3 2.35993E-2 5.35309E-3 2.44513E-3 2.26748E-3 2.06936E-3 2.37266E-3 2.79577E-3 1.85765E-3 1.01036E-3
8.25199E-3 5.73539E-3 6.4388E-3 1.13127E-2 1.04961E-2 9.2524E-3 9.89335E-3 9.83919E-3 1.09025E-2 1.33549E-2 1.48195E-2 1.07333E-2 3.59981E-3 2.41665E-3 1.37226E-3 7.12258E-4 5.13128E-4 6.33958E-4 1.33746E-3 4.79721E-3 1.22645E-2 1.93151E-2 1.37279E-2 9.10822E-3 7.02625E-3 6.84963E-3 6.09835E-3 3.2916E-3 1.96307E-3 1.9029E-3 1.87391E-3 1.35065E-3 8.71148E-4 7.19276E-4 8.25331E-4 1.15923E-3 1.58142E-3 1.82217E-3 1.72662E-3 1.14209E-3 1.77455E-3 2.39909E-3 1.08523E-3 4.53159E-4 5.88792E-4 5.90985E-4 3.91301E-3 6.82592E-3 3.21952E-3 1.72921E-3 2.54442E-3 3.47758E-3 7.21867E-3 1.47234E-2 1.72142E-2 8.40772E-3 1.75614E-2 1.48798E-2 7.32002E-3 3.57851E-3 2.13363E-3 2.13363E-3 4.47983E-3 4.79813E-3 3.09798E-3
5.59851E-3 4.86595E-3 6.06067E-3 9.99882E-3 1.29708E-2 1.52035E-2 1.63426E-2 1.68947E-2 1.67114E-2 1.96385E-2 1.68035E-2 9.84412E-3 4.90343E-3 2.34987E-3 8.15207E-4 2.32179E-4 2.25929E-4 4.10192E-4 8.96909E-4 1.36489E-3 3.37697E-3 5.38126E-3 5.25453E-3 5.77167E-3 5.62111E-3 6.92138E-3 8.24555E-3 4.44062E-3 2.30912E-3 1.42693E-3 1.11246E-3 7.00803E-4 3.67755E-4 2.72369E-4 3.6624E-4 5.12571E-4 7.28604E-4 9.24808E-4 7.21326E-4 5.68174E-4 3.62126E-4 5.14717E-4 6.76827E-4 7.49105E-4 9.62012E-4 1.52014E-3 5.1184E-3 5.33045E-3 2.48209E-3 1.48898E-3 2.29028E-3 4.79813E-3 6.35618E-3 1.07923E-2 1.49044E-2 8.72266E-3 1.05588E-2 1.97315E-2 1.42839E-2 8.19264E-3 3.42805E-3 1.19043E-3 1.31185E-3 2.55748E-3 7.08935E-4
3.95404E-3 3.30592E-3 3.7688E-3 6.56745E-3 1.15994E-2 1.7884E-2 2.04096E-2 2.17201E-2 2.28143E-2 2.26808E-2 1.88046E-2 1.08807E-2 6.00376E-3 1.96307E-3 5.51587E-4 1.97797E-4 2.34026E-4 3.69102E-4 8.79676E-4 1.94842E-3 3.04321E-3 2.36005E-3 7.57429E-4 1.13393E-3 2.24635E-3 6.01382E-3 1.1241E-2 6.08059E-3 2.7051E-3 1.22417E-3 6.73919E-4 3.95776E-4 2.28828E-4 1.30001E-4 1.18676E-4 1.35918E-4 1.97797E-4 3.37754E-4 2.77337E-4 1.23328E-4 6.85285E-5 1.47566E-4 5.29666E-4 1.17214E-3 1.24326E-3 1.49634E-3 2.03516E-3 1.60939E-3 1.37883E-3 1.31185E-3 2.01627E-3 3.83017E-3 4.35759E-3 6.694E-3 7.33696E-3 5.73393E-3 7.33696E-3 1.17295E-2 1.28104E-2 1.22521E-2 3.84621E-3 5.77274E-4 3.3873E-4 8.2699E-4 1.17717E-4
4.10084E-3 2.22189E-3 1.8722E-3 3.91153E-3 7.37922E-3 1.13767E-2 1.34498E-2 1.84731E-2 1.92332E-2 2.45559E-2 2.26939E-2 1.37546E-2 5.94182E-3 1.84531E-3 6.09826E-4 2.86196E-4 2.90898E-4 4.47833E-4 8.37382E-4 1.72463E-3 2.45477E-3 3.31273E-3 1.36883E-3 5.04067E-4 9.76157E-4 3.79459E-3 8.5177E-3 4.91157E-3 2.10699E-3 9.61779E-4 4.98561E-4 2.64739E-4 1.89239E-4 1.09977E-4 8.5566E-5 1.17634E-4 1.25895E-4 2.55228E-4 2.9011E-4 1.54565E-4 7.29722E-5 1.31512E-4 7.20492E-4 1.84097E-3 1.9138E-3 1.2304E-3 1.42363E-3 1.82903E-3 2.3752E-3 2.79882E-3 3.73881E-3 4.17953E-3 3.26643E-3 3.28306E-3 3.53757E-3 3.01689E-3 3.48723E-3 5.08207E-3 5.73393E-3 3.63733E-3 5.77849E-4 3.56711E-5 4.36618E-6 3.4204E-5 4.66907E-5
4.2541E-3 1.78762E-3 8.06279E-4 5.43572E-4 4.05377E-3 8.24555E-3 3.72979E-3 1.36198E-2 1.68071E-2 2.14284E-2 2.47904E-2 1.37304E-2 5.27517E-3 1.62765E-3 4.80067E-4 2.8262E-4 2.34234E-4 4.10074E-4 9.88082E-4 2.35341E-3 2.63895E-3 2.05226E-3 1.4982E-3 1.60596E-3 2.33054E-3 2.89954E-3 2.57213E-3 1.86968E-3 6.46387E-4 5.11907E-4 3.64155E-4 3.30478E-4 2.57303E-4 1.98717E-4 1.95015E-4 2.72949E-4 5.80174E-4 1.31046E-3 9.12786E-4 3.12685E-4 1.57059E-4 2.83366E-4 1.12353E-3 1.84404E-3 1.81563E-3 1.57698E-3 1.37883E-3 2.53813E-3 3.84185E-3 5.55763E-3 7.97024E-3 4.86402E-3 3.58253E-3 2.44776E-3 2.34402E-3 1.72243E-3 1.29408E-3 1.86274E-3 2.45245E-3 8.28721E-4 6.11011E-5 4.36618E-6 6.80509E-7 1.3248E-6 -9999
1.0165E-2 4.87109E-3 6.65493E-4 8.3678E-7 1.28044E-3 2.22896E-4 6.72396E-4 1.08208E-2 1.89552E-2 2.02786E-2 1.82117E-2 1.0939E-2 4.0295E-3 1.03398E-3 3.70738E-4 1.98803E-4 1.87091E-4 3.95427E-4 1.16492E-3 2.55766E-3 4.94912E-3 6.25972E-3 6.27362E-3 4.11083E-3 3.22869E-3 3.65458E-3 2.23586E-3 8.62888E-4 1.90855E-4 2.52545E-4 3.44406E-4 4.06033E-4 4.10726E-4 3.28618E-4 2.93936E-4 4.89829E-4 8.89486E-4 1.28159E-3 8.49298E-4 4.55778E-4 3.23975E-4 4.09608E-4 7.32243E-4 9.25005E-4 1.18113E-3 1.54409E-3 1.30866E-3 1.72685E-3 2.12711E-3 2.82287E-3 2.5636E-3 3.22606E-3 3.19572E-3 2.52596E-3 1.89117E-3 9.63591E-4 3.39402E-4 6.99394E-4 1.86207E-3 3.64758E-4 6.49397E-5 2.38427E-5 9.91121E-6 3.79092E-6 -9999
2.64418E-2 1.60036E-2 1.13066E-3 8.68084E-5 1.16114E-5 3.03457E-4 5.19807E-3 1.83896E-2 2.34364E-2 1.5648E-2 7.83432E-3 5.46662E-3 2.09835E-3 4.38059E-4 2.53149E-4 1.46814E-4 1.51575E-4 4.94319E-4 1.48379E-3 3.72979E-3 1.26726E-2 1.52895E-2 1.1888E-2 8.25847E-3 5.86024E-3 3.84621E-3 2.34155E-3 1.13359E-3 6.0935E-4 4.60397E-4 3.98826E-4 4.68656E-4 4.91585E-4 3.97883E-4 2.85551E-4 4.12268E-4 7.14116E-4 7.85073E-4 5.24786E-4 3.02676E-4 2.0178E-4 1.94305E-4 2.52545E-4 3.80026E-4 6.1458E-4 9.15032E-4 8.92592E-4 7.6737E-4 7.98198E-4 1.17749E-3 1.05407E-3 9.18353E-4 1.44755E-3 1.29408E-3 8.14988E-4 5.4902E-4 2.72472E-4 6.09414E-4 8.01217E-4 2.26275E-4 6.11011E-5 1.73397E-4 1.27262E-4 -9999 -9999
2.46756E-2 2.84141E-2 9.11339E-3 4.46904E-3 3.89273E-3 3.60821E-3 1.39047E-2 2.60477E-2 2.43208E-2 1.08417E-2 3.22264E-3 3.6157E-3 1.4871E-3 2.15032E-4 1.48258E-4 1.42637E-4 1.41292E-4 6.75648E-4 2.70876E-3 7.28092E-3 2.27867E-2 2.4505E-2 1.8204E-2 1.265E-2 8.52232E-3 4.94593E-3 3.53981E-3 2.41664E-3 1.23271E-3 5.48754E-4 4.68576E-4 4.36284E-4 3.39327E-4 1.43415E-4 1.17717E-4 2.05331E-4 4.51857E-4 4.51409E-4 2.66599E-4 1.44234E-4 1.00914E-4 7.53371E-5 7.75283E-5 1.837E-4 4.21638E-4 6.92022E-4 8.07214E-4 6.75261E-4 4.64863E-4 4.97964E-4 3.58878E-4 3.07256E-4 2.26207E-4 1.27683E-4 1.4617E-4 3.04231E-4 4.60428E-4 4.52333E-4 3.04231E-4 1.67178E-4 1.83757E-4 2.77004E-4 -9999 -9999 -9999
1.63182E-2 1.20416E-2 2.07312E-2 2.14284E-2 2.4485E-2 1.84134E-2 2.28564E-2 2.89412E-2 2.75928E-2 1.54578E-2 6.29026E-3 4.68556E-3 2.23919E-3 2.81252E-4 9.32479E-5 1.924E-4 3.99776E-4 1.71635E-3 5.94182E-3 1.5313E-2 3.11306E-2 3.07879E-2 2.16476E-2 1.58986E-2 1.20422E-2 8.13253E-3 6.14399E-3 4.89547E-3 2.97955E-3 1.40171E-3 1.11668E-3 8.70342E-4 2.0146E-4 2.33047E-5 2.89388E-5 5.51188E-5 1.18106E-4 1.64014E-4 9.4941E-5 5.9472E-5 6.41319E-5 3.42148E-5 1.92398E-5 1.0359E-4 4.10074E-4 7.23062E-4 1.00249E-3 8.33871E-4 4.94189E-4 2.79468E-4 1.22752E-4 6.76078E-5 3.94038E-5 9.50804E-6 2.0996E-5 8.44232E-5 1.80463E-4 1.60951E-4 6.4997E-5 2.09908E-5 2.33605E-5 2.53866E-5 -9999 -9999 -9999
4.03801E-2 4.15281E-2 4.61899E-2 4.22432E-2 4.177E-2 4.00789E-2 3.75962E-2 3.14126E-2 3.18499E-2 2.9523E-2 2.30495E-2 1.49684E-2 5.4917E-3 4.59942E-4 5.86029E-5 1.36905E-4 5.47299E-4 2.82784E-3 9.92741E-3 1.80924E-2 3.12259E-2 2.78743E-2 1.94031E-2 1.66463E-2 1.51578E-2 1.02599E-2 7.37516E-3 8.27665E-3 7.49745E-3 4.71356E-3 3.30481E-3 2.53167E-3 4.58796E-4 5.84631E-5 2.95007E-5 2.65791E-5 2.89388E-5 3.28475E-5 3.07819E-5 2.64431E-5 3.3613E-5 2.50163E-5 1.18824E-5 9.02065E-5 4.95658E-4 1.11246E-3 1.67274E-3 1.05228E-3 5.15745E-4 2.39494E-4 7.87847E-5 4.30339E-5 1.68452E-5 6.61956E-6 9.94389E-6 3.21677E-5 6.76792E-5 7.4863E-5 2.83333E-5 2.86729E-6 2.05286E-6 -9999 -9999 -9999 -9999
5.57523E-2 5.42711E-2 5.28276E-2 5.01206E-2 4.59124E-2 4.25491E-2 4.34145E-2 3.90528E-2 3.62964E-2 3.22651E-2 2.82358E-2 2.44757E-2 7.71653E-3 1.02961E-3 9.70226E-5 1.18751E-5 1.60494E-4 2.81576E-3 1.16023E-2 2.11755E-2 2.48919E-2 2.07268E-2 1.43378E-2 1.24566E-2 1.06086E-2 6.7316E-3 5.53063E-3 7.94357E-3 8.14459E-3 5.31167E-3 3.34873E-3 2.10863E-3 8.41992E-4 2.57182E-4 7.79098E-5 2.60141E-5 9.29593E-6 8.88621E-6 1.47087E-5 2.07041E-5 3.31313E-5 4.12945E-5 4.49079E-5 1.47532E-4 6.50407E-4 1.24712E-3 1.53238E-3 1.23953E-3 4.70223E-4 1.98121E-4 8.04185E-5 4.08789E-5 1.48212E-5 7.58832E-6 8.49563E-6 2.0994E-5 4.40254E-5 5.52228E-5 3.88487E-5 9.72141E-6 -9999 -9999 -9999 -9999 -9999
5.10322E-2 4.82872E-2 5.09733E-2 4.98555E-2 4.70235E-2 4.4636E-2 4.76707E-2 4.72205E-2 3.59459E-2 2.06779E-2 2.01537E-2 1.84058E-2 5.02201E-3 1.35777E-3 8.2754E-5 1.06335E-5 1.42683E-4 3.51936E-3 1.64521E-2 2.57324E-2 1.95893E-2 1.41564E-2 9.08429E-3 6.98825E-3 5.66352E-3 3.59483E-3 2.45394E-3 3.1063E-3 3.43965E-3 2.41664E-3 1.59293E-3 1.27333E-3 1.13635E-3 8.4239E-4 2.13583E-4 3.72261E-5 6.9252E-6 5.51061E-6 1.29186E-5 4.04407E-5 4.52544E-5 6.49397E-5 1.15815E-4 2.57768E-4 6.16792E-4 1.13088E-3 1.26338E-3 8.8468E-4 3.50696E-4 1.6815E-4 8.63151E-5 3.69859E-5 1.82987E-5 1.06246E-5 1.01677E-5 1.65346E-5 -9999 -9999 -9999 -9999 -9999 -9999 -9999 -9999 -9999
4.39226E-2 5.15012E-2 5.11811E-2 4.81943E-2 4.4787E-2 4.23653E-2 4.24688E-2 3.63495E-2 2.51435E-2 1.317E-2 9.43634E-3 5.59921E-3 1.59219E-3 3.71517E-4 5.75125E-5 3.88487E-5 5.94485E-4 4.49632E-3 7.31072E-3 9.49313E-3 1.10766E-2 1.0451E-2 5.8216E-3 4.31348E-3 4.0817E-3 2.24097E-3 1.13606E-3 8.28721E-4 7.87842E-4 8.01096E-4 7.3559E-4 8.28617E-4 1.25297E-3 1.49488E-3 4.36036E-4 9.30853E-5 2.71406E-5 1.72589E-5 3.05177E-5 4.75751E-5 8.94531E-5 1.67178E-4 3.33281E-4 5.88562E-4 8.71588E-4 9.76125E-4 8.67841E-4 5.47299E-4 2.59927E-4 1.43379E-4 8.10441E-5 4.31214E-5 2.49302E-5 1.76522E-5 1.48197E-5 -9999 -9999 -9999 -9999 -9999 -9999 -9999 -9999 -9999 -9999
4.87597E-2 5.5827E-2 5.13004E-2 4.46894E-2 3.88245E-2 3.73027E-2 3.38841E-2 2.5357E-2 1.61876E-2 8.04358E-3 4.14507E-3 1.77823E-3 4.36284E-4 1.11263E-4 4.31104E-5 4.77331E-5 5.01208E-4 1.88865E-3 1.13555E-3 1.69476E-3 6.53757E-3 1.14477E-2 9.40562E-3 5.43614E-3 2.17327E-3 8.14942E-4 5.02897E-4 4.06295E-4 3.45615E-4 3.04028E-4 3.71299E-4 6.08857E-4 9.63105E-4 1.01143E-3 5.29254E-4 2.01674E-4 9.32177E-5 6.36878E-5 6.90653E-5 1.08998E-4 2.30847E-4 4.11647E-4 8.28851E-4 1.31515E-3 1.35813E-3 9.62332E-4 4.84999E-4 3.0321E-4 1.4829E-4 9.7018E-5 6.62997E-5 4.58838E-5 3.21553E-5 2.77352E-5 3.35523E-5 -9999 -9999 -9999 -9999 -9999 -9999 -9999 -9999 -9999 -9999
5.16295E-2 5.95559E-2 5.58054E-2 4.82962E-2 4.49228E-2 3.72524E-2 2.83403E-2 1.79247E-2 1.01203E-2 4.56617E-3 1.92216E-3 8.00789E-4 3.15148E-4 1.0704E-4 5.29915E-5 6.88371E-5 2.42997E-4 5.77849E-4 6.86712E-4 1.37805E-3 5.21647E-3 1.19796E-2 1.21344E-2 6.20573E-3 1.47081E-3 5.68459E-4 3.71159E-4 3.45272E-4 2.9871E-4 1.98387E-4 2.76621E-4 5.02675E-4 7.23146E-4 7.73708E-4 5.67605E-4 3.57629E-4 2.21552E-4 1.66957E-4 1.70175E-4 2.30482E-4 3.91348E-4 7.28697E-4 1.54183E-3 2.976E-3 1.86339E-3 8.01337E-4 2.8795E-4 9.32491E-5 5.99186E-5 5.63603E-5 5.40457E-5 4.48982E-5 3.88408E-5 4.05105E-5 4.58838E-5 -9999 -9999 -9999 -9999 -9999 -9999 -9999 -9999 -9999 -9999
